app/static/ascii/HP60.asc
ncols 200
nrows 200
xllcorner 460000
yllcorner 1200000
cellsize 50
[rows 38 to 75 of 200, columns 0 to 84 of 200]
24.9 15.5 14.7 13.9 13.9 15.2 18.1 18.7 20.7 22.6 25.4 28.5 31.5 35.1 40.2 46.2 51.9 56.1 58.4 57.7 56 52.5 48.9 44 39.4 36.8 34 31.8 29.7 27.3 24.6 22.5 20.7 19.3 19.8 20.9 19.2 18.7 17.2 16.1 15.2 14.3 13.4 12.4 11.1 10.2 10.2 7.8 6.7 7.4 8.2 9 9.2 9.6 10.4 9.2 7.5 6.8 6.5 6.2 6 6.1 6.2 5.5 5 4.7 4.1 3.5 3 2.2 2.2 3.1 4.5 6.1 7.4 8.9 10 13.3 17.7 20.8 23 24.9 24.8 24.7 23.2
26.7 16.3 15.2 15.1 15 15.7 19.9 20.7 20.8 23 25.9 29.2 32.7 36.5 41.3 47.3 54.2 59.3 60.9 60.9 58.9 55.4 50.5 45.9 41.4 38.2 35.5 31.5 29.8 27.2 24.5 22.5 20.8 19.8 20.1 20.4 20.9 20 18.2 17.1 16.2 15.4 14 12.7 11.4 10.2 9.9 8.4 7.9 8.4 9.3 9.9 10.1 10.3 10.4 10.2 9.6 9 8.3 7.9 7.8 7.8 7.6 6.6 6.1 5.7 5.3 4.8 4 3.2 3.7 4.6 7.2 10 8.8 10.3 13.2 16.2 19.9 22.4 24.6 26.5 27.1 26.7 25.6
22.8 17.2 16.2 16 16.2 19.1 23.4 21.9 21.8 24.4 27 30.1 33.7 37.5 42 48.8 56 61.3 62.5 62.5 60.9 57.6 52.9 48.2 43.6 39.5 35.6 31.8 29 26.6 24.5 23.3 22 21.5 21.4 21.1 20.8 19.6 19.2 18.2 16.9 15.6 14.3 13 11.7 10.5 9.8 9.3 9.2 9.4 10.2 10.6 11.1 11.3 11.4 11.2 10.7 10.3 10.4 9.2 9.6 9.4 8.9 7.7 7.3 6.8 6.5 6 5.3 4.3 4.8 6.2 8.1 10.1 11.8 13.3 16 18.5 21.6 24 26.6 27.9 29 28.6 27.2
20.1 16 16.5 17.2 17.5 22.5 25.3 21.2 23.3 25.9 28.5 30.5 34.7 38.5 44.5 51 58 62.8 64.7 63.8 62.5 59.1 53.9 49.1 44.2 39.6 35.7 31.9 28.5 26.6 25.5 24.3 23.8 23.3 23 22.8 22.6 21.2 19.4 18.5 17.2 15.9 14.6 13.2 11.9 11.1 10.8 10.5 10.2 10.3 11.3 11.8 12.2 12.3 12.4 12 11.5 11 10.5 10.8 11.1 10.9 9.9 8.9 8.4 8 8.1 7.9 6.7 5.9 6.1 7.3 8.9 10.7 13.1 15.4 18 20.8 23.7 26.5 28.4 29.4 30.4 30.1 28.1
17.4 16.7 17.3 18 18.7 24 26.6 22 24.4 27 29.7 33.5 36.7 41.1 47.1 53.6 61.1 64.7 67.1 66.7 64.5 60.2 54.5 49.5 44 39.9 35.6 31.7 28.3 27 26.1 25.5 25.4 25.7 25.2 24.7 24.5 22.9 21.4 20.3 18.8 17.3 15.7 14.2 12.6 12.6 12.4 12.5 10.8 11.1 12.6 12.9 13.2 13.4 13.4 12.8 12.3 11.9 11.5 11.4 11.7 11.3 11.3 10.6 9.7 9.4 10.5 9.7 8.1 9 9.1 8.6 9.8 12.2 14.6 17 19.6 23 26.2 28.7 30 31 31 30.4 28.4
16.9 17.5 18.1 18.8 22.2 25.4 26.4 23.4 25.5 28.1 31.5 35.3 39.1 43.8 49.7 56.8 62.8 66.9 69 69.2 66.2 60.7 55.3 49.9 44 39.1 35.1 31.4 28.7 28.1 27.5 26.9 26.9 27.3 27.6 27.2 26.9 25.5 24.2 21.7 19.6 18.1 16.6 15 13.3 14.2 14 13.4 12.5 12.3 13.9 14 14.3 14.4 14.2 13.7 13.3 12.9 12.6 12.3 12.3 12.2 11.7 11.1 10.5 10.3 10.9 10.7 9.3 9 9 9.2 11.9 14.3 16.7 19.4 21.6 25.3 28.4 30.7 31.3 31 30.6 29.9 28.1
17.6 18.1 18.8 20.1 25.8 26.8 24.1 24.8 26.8 29.6 33.1 36.3 40.1 45.8 52.4 59.1 63.9 68.2 70.5 70.3 66.9 61.6 56.2 50.8 44.4 38.8 35 31.8 29.5 28.9 28.8 28.2 28.4 29.5 29.7 29.8 29.7 28.3 26 23.4 20.8 18.9 17.3 15.7 14.5 15.6 15.5 15 14.5 14.3 15.3 15.3 15.3 15.4 15 14.6 14.3 13.9 13.6 13.3 13.1 12.6 12.3 12.1 11.6 11.5 11.3 11.2 10 9.6 9 11.2 14 16.5 19 21.9 23.9 26.4 28.8 31.5 31.7 31.4 31 29.8 26.8
18 18.9 20.2 21.4 24.7 25.7 24.1 25.9 28 30.5 33.7 37 41.2 47.4 53.9 60.2 64.6 68.4 69 69.1 67.8 62.5 57.2 51.7 45.3 39.2 35.7 32.8 30.7 28.9 28.9 29 30.2 30.7 31.3 31.9 31.9 30.9 27.8 25.2 22.7 20 18.5 16.9 17 16.6 16.7 16.6 16 16.6 16.5 16.3 16.4 16.3 16 15.6 15.3 15 14.7 14.4 14.2 14.1 13.9 13.7 13.4 12.6 12.4 11.6 10.7 10.4 10.9 13 16 18.6 21.3 24.2 26.6 28.6 31.1 31.6 31.7 31.4 30.3 28.6 25.4
17.9 20 21.3 22.1 23.3 24.2 24.9 27 29.2 31.4 34.4 37.7 41.9 47.5 53.8 59.8 64.9 69.2 69.1 70.6 68.1 63.1 58 51.5 45.1 39.9 36.7 34 31.9 29.5 30.2 30.2 32.2 33.2 33.8 34.3 34 32.2 29.9 27.3 24.8 21.8 20 19.7 18.6 17.3 17.5 17.9 17.6 17.8 17.7 17.4 17.1 17.5 16.6 16.6 16.3 16.1 15.9 15.7 15.5 15.7 15.5 15.2 15.1 14.3 13.5 12.4 12.4 12.3 13.5 15.1 17.9 20.7 23.1 26.1 28.6 30.5 31.3 31.6 31.7 30.3 28.8 27.3 24.1
17.4 20.6 20.7 21.2 22.6 24.4 26.3 28.3 30.5 33 35.7 38.4 42.5 47.7 52.7 58.7 64.9 69.4 70.8 71.1 68.9 63.7 58.8 52.6 46.5 41.4 37.9 35.3 33 31 32.2 32.4 34.6 35.9 36.2 36.5 36 34.1 31.7 29.4 26.8 23.7 21.8 20.5 19.2 18 18.3 18.9 19.6 19.4 19 18.5 18.3 18.5 17.5 17.5 17.3 17.3 17.1 16.9 16.7 16.5 17.1 17.2 16.9 16.1 15.1 14.1 14.5 14.8 15 17.3 19.6 21.7 24.9 27.8 30.2 31 31.3 31.6 31.3 29.7 28.1 26.7 23.6
18.6 19.5 20.3 21.4 24.2 26 27.8 28.9 32.1 34.5 37.1 39.8 42.9 47.2 52.2 58.2 64 69.2 71.1 71.1 69.9 65.2 59.8 54 48.3 43 39.2 36.5 34.4 32.8 34 34.9 36.3 38.6 38.8 38.5 38.2 36.2 33.9 31.6 28.4 25.1 22.5 21.2 19.9 18.7 19.3 20 21 21.6 21.2 20.5 19.7 18.9 18.9 18.7 18.3 18.2 18.3 18.1 17.9 17.8 18.6 19.1 18.6 17.8 16.7 15.9 16.3 16.9 17.3 18.9 19 22.6 25.7 28 30.3 31 31.3 31.6 31.4 30 28.7 27.2 23.6
19.2 19.7 21.7 23.7 27.1 29.3 30.2 31.3 34 36.1 38.3 40.9 43.9 48.2 52.5 57.7 63.1 69.7 72.1 71.6 70.8 66.9 61.2 56.7 50.9 45.3 39.8 37.8 36.1 34.9 36.1 37.4 37.9 41 40.9 40.2 39.9 39.3 36.7 33.2 29.5 26.4 23.8 21.9 20.5 20 21 22.2 22.9 23.7 23.3 22.3 21.5 20.6 20.3 19.2 18.9 18.9 19 18.9 18.9 18.9 18.9 20.8 20.4 19 18.3 17.6 18 18.8 19.3 19 19.1 23.3 25.9 28.3 30.6 31.1 31.4 31.6 31.7 30.7 29.3 27.3 24.3
19.6 20.1 22.9 28.1 32.4 35.9 37.1 33.6 35.9 38.1 40.1 42.2 45.2 49.1 53.4 58.4 64.8 70.7 73.1 72.3 71.2 68.6 63.5 58.4 52.6 47.1 41.9 39.2 37.8 37 38.2 39.3 39.3 41.6 42.6 42.8 42.3 40.7 38.5 34.1 30.4 27.5 25.2 23 21.9 22 23.2 24.4 24.8 25.8 25.4 24.3 23.3 22.4 22.6 21.8 20.7 19.9 19.6 18.7 18.5 18.4 19 19.8 20.6 20.8 20 19.2 19.6 20.7 19 19 19.4 24 25 27.8 30.3 31.1 31.4 31.7 31.9 31.2 29.7 27.6 25.1
20.1 22.4 26.4 31.4 37.5 41.8 38 36.9 38.6 40.5 42.1 44 46.5 49.4 55.1 60 66.8 70.9 74.2 73.6 72.2 69.2 64.6 59.5 54.5 49.6 44.6 40.7 38.8 38.2 38.6 39 41.2 43.6 45 44.9 44.5 41.7 38.6 34.8 31 28.1 26.8 24.6 24.2 24.4 25.4 26.4 26.7 27.8 27.3 26.1 25.1 24.2 24.2 24.1 23.4 22.8 21.7 20.5 19.3 18.9 20.3 22 22.7 23.1 22.3 21.4 20.9 21.9 21.7 20.6 21.1 24.3 26.5 28.2 29.8 31.1 31.4 31.7 32 31.4 30.3 29.1 26.9
23.2 25.6 29.2 36.3 43.4 45.8 38.7 40.6 41.2 42.6 44.2 46.1 49.3 52.1 57.6 63.2 68.8 72.2 75.2 74.6 72.9 69.9 65.6 60.4 54.3 49.4 45.1 41.6 39.8 38.6 38.9 40.2 42.7 45.6 47.4 47.4 47 44.4 40 36.1 32.1 29.1 28.4 26.7 26.4 26.8 27.8 28.4 28.7 29.7 28.9 27.9 26.8 26.3 25.9 25.8 26.1 24.9 23.8 22.7 22 21.9 22.8 24.2 25 25.4 24.6 23.1 22.9 23.1 23.5 23.4 24.7 25 26.5 28.3 29.4 29.7 31.4 31.8 32.1 31.5 31.1 30.4 28.5
24.4 29.1 33.8 41.1 48.7 44.9 41.9 43.6 44.2 45.5 46.6 48.9 52.6 57.6 63.4 68.2 71.5 74 76.6 76.3 74.4 71 66.6 61.4 55.3 49.5 45.6 42.8 40.8 39.4 39.9 41.3 44.2 47.3 49.7 50.3 49.6 46.9 41.6 37.6 33.9 30.1 29.4 29 28.9 28.5 28.9 30.7 30.2 31.4 30.8 29.9 29.3 28.9 28 28.5 29 27.4 26.1 26 26.6 26.1 26.2 26.4 27.2 27.7 26.6 24.8 24.9 23.5 24.2 23.8 24.2 25.9 27.2 28.6 29.6 30.3 31.1 31.5 32.2 31.9 31.5 31.1 29
26.4 30.9 37.3 46.1 50.8 44.5 44.6 46 47.6 49.2 51.2 53.7 59.1 64.5 70.4 73.1 74.9 77.4 78.5 78.3 76.3 72.5 68.4 62.6 55.9 49.1 45.3 42.3 40.7 39.9 40.2 42.7 46.4 48.7 50.5 51.1 51.1 48 41.8 37.9 34.8 32 30.7 29.9 30.8 30.9 29.4 31 31.8 33 32.9 31.7 31.7 31.6 32.1 32.7 33.1 30.7 30.6 31.5 31.9 31.8 31.3 30.5 29.6 30 28.3 26.6 25.5 24 22.4 23.3 25 26.9 28.1 29.3 29.4 30.6 31.3 31.8 32.3 32 31.4 31 29.1
28.9 33.8 39.7 47.3 48.2 46.1 48 50.2 51.8 54 56.3 61.9 67.5 72.6 76.4 77.8 79 80.6 80.9 80.6 78.2 74.8 70 63.3 56.5 48.9 44.8 43.3 42.7 42.3 42.9 44.8 48.7 49.9 51.1 51.1 51.1 48.9 43.5 39.6 36.7 33.9 32.7 32 31.8 32.7 32.2 33.6 34.6 35 35.2 35.1 35.1 36.3 37.9 38 39.8 39.1 38.9 39.8 40 38.4 37.6 36.9 35.2 33 30.7 27.9 25.4 23.8 23.2 24 25.9 27.9 29.1 29.1 29.4 30.6 31.4 32 32.6 31.9 31.2 31 29.7
30.2 37 42.1 46.1 48.7 49.1 51.5 54.5 57.2 60.1 63.5 70.6 75.5 79.3 81.7 82.9 83.7 83.4 83.9 83.8 80.7 77.5 71.9 65.5 57.3 50.1 46.5 45.2 44.9 44.6 44.3 47.5 49.9 51.1 51.1 51.1 51.1 49.5 45 40.2 37.9 35.8 34.9 34.6 34.4 34.4 35.8 36.8 37.5 38.1 38.2 38.5 39.1 41.3 43.5 44.6 46.3 45 47 48.3 48.2 47.3 45.2 42.7 40.5 37.4 33.6 29.2 26.5 25 24.6 25.7 26.6 28.4 29.1 30.8 30.4 31.1 32 32.9 32.8 32.1 31.7 31.6 31.5
32.8 40 44.2 47.3 50.7 53.6 56.3 60.4 63.9 67.1 73.4 80.8 83.1 85.9 87.2 87.2 87.5 87.7 86.9 87 83.9 79.7 73.4 65.9 58.8 51.9 47.8 46.8 46.7 46.6 46.5 49.3 49.4 51.1 51.1 51.1 51.1 48.5 44.6 41.2 38.8 37.9 37.4 37.5 37.4 38 39.5 40.9 41.1 41.6 42 41.3 44.4 46.7 49 52 53.3 55.2 56.9 56.5 56.1 54 51.2 48.4 46.2 41.2 35.4 30.8 28.8 27.3 27.8 28 26.9 27.9 29.9 30.5 30.9 31.7 32.5 33.2 33 32.6 32.5 32.3 32.5
37.3 42.7 47 50.4 54.2 57.7 61.4 66.2 69.6 77.2 83 86.2 89 91.4 92 90.9 91.3 92.1 90.9 90.2 86.3 81.6 75 67.6 60.3 53.8 49.5 48.1 48.1 47.8 47.5 48.3 49.6 50.6 51.1 51.1 51.1 50.1 46.5 44 42 40.3 39.8 40 40.4 42.1 44 45.9 45.9 46 46.4 46.2 49 52.7 54.9 57.6 61.3 63.5 64.4 63.8 62.7 59.7 56.2 54.4 52 45.1 38 32.7 29.4 28.2 28.1 28.5 28.6 28.7 29.4 30.8 31.7 32.3 32.9 33.2 33.3 33.9 34.2 34.5 34.8
39.1 44.7 50.7 54.3 58 63.8 70.1 73.6 80.6 85 88.3 91 93.8 95.9 95.6 94.8 94.4 95.8 95.3 93.2 87.9 82.8 75.2 67.2 60.1 54.6 51.5 49.4 49 48.7 48.4 49.5 50.2 51.2 52 51.6 51.2 50.8 49.7 47.7 46 44.5 43.9 43.7 45.7 47.2 49.6 51.2 51.7 52.5 51.6 51.2 54.2 59.2 61.4 63.5 67.9 69.8 70.7 70 69 65 62 60.3 56.9 50 42.9 36.4 32.1 28.6 28.3 28.7 30 29.3 30.6 31.6 32.4 33.1 35.1 34.7 33.8 36.6 36.6 36.8 37.1
41.1 47.6 54.8 60.4 62.8 68.7 74 79.6 85.4 89.2 92.2 95.7 98 99.8 99.1 98.8 98.4 98.4 98.9 96.1 90.3 84 76.4 67.8 58.9 55 52.4 50.1 49.2 49.1 49.7 50.4 51.8 52.9 53.6 53.9 53.5 53.2 52.6 51.3 50 49 48.4 47.8 50.7 53.1 55.7 57.1 57.9 58.9 59 58.6 60.2 63.8 68.5 70.6 74.7 75.6 76.4 75.8 74.2 71 67.8 65.7 61 55.2 49.2 42.2 34.5 29.7 28.7 28.9 30.2 30.2 31.1 32.3 33.5 34.8 35.8 35.6 34.6 38.6 38.9 38.6 37.4
43.2 50 58.4 63.5 67 70.7 75.8 80.8 87.3 92.4 95 98.3 101 102.4 102.9 102.9 102.5 102.1 101.5 97.5 91.5 85.1 77.7 68.7 60 55.7 52.9 50.8 49 49.9 50.6 52.1 53.7 54.6 55.3 56.1 55.9 55.7 55.2 54.2 53.9 53.4 52.7 51.6 54.9 58.4 61.5 63.2 64.1 65.1 66.1 66.6 64.5 69.4 74 77.8 80.9 81.5 82.2 81.2 78.9 76.5 73.9 70 64.3 58.7 53.2 45.7 38 31.1 28.9 30.7 30.7 31.6 32.5 32.2 34 35.2 35.6 35.6 35.8 38 38.7 37.6 36.5
45 52.3 59.7 66.6 71.1 74.7 78.1 84.3 90.4 94.6 97.6 100.8 103.5 106 106.3 106.4 106.5 105.8 104.3 99.4 92.7 86.2 78.3 70.3 61.4 56.2 53.4 51.5 50.5 51.3 52.1 53.7 55.3 56.5 57.5 58.4 58.6 58.1 57.3 58 58 57.7 57.5 58.2 59.7 62.6 65.5 68 70.1 71.3 72.4 73.5 71.8 74.8 79.3 83.4 86 87.7 87.9 86 83.7 81.2 78.8 73.9 67.9 62.6 55.3 47.3 40.2 34.2 29.8 30.2 32.2 33.9 34.8 33.1 34.2 35.3 35.3 35.6 36.1 37.1 38.7 38.1 36.9
45.1 52.8 61 68.1 73.4 76.1 82.7 88.8 93.3 96.9 100 103.3 106 108.2 108.7 108.8 109.8 109.2 105.9 102 94.4 86.8 78.9 70.9 62.9 57.2 54.2 53.1 52.1 53.3 54.7 55.9 57.4 59.3 60.2 60.9 61.4 59.6 60.3 61.3 61.8 62.2 62.5 62.8 63.7 66.5 69.4 71.9 74.4 76.8 78.1 79.3 79.2 81.2 84.3 88.4 91.4 92 91.7 90.1 88.1 85.9 83.2 78.4 70.9 65 57.2 49.7 42 35.6 31.8 30.8 32.7 33.4 34.2 35 35 35.5 36 36.3 37.6 39.4 39.8 39.6 38
44.6 53.1 63.1 69.4 74 79.4 84.9 90.5 94.9 98.4 101.6 104.6 107.4 110.2 110.8 111.4 112.2 110.8 108.4 102.6 95 87 78.9 71 63 58.9 55.9 54.7 54.6 56.3 57.7 59.1 59.9 60.6 62.2 63.6 63.7 62.5 63.4 64.5 65 65.7 66.4 67.5 68 70.5 73.2 75.7 78.2 80.7 83.3 84.6 85.6 87.8 89.8 92.4 94.5 95.5 94.4 93 91.2 89.4 85.1 79.8 73.6 66.5 58.5 51.5 43.5 36.8 31.5 31.8 33 32.8 33.7 34.6 34.8 35.4 36.1 36.8 39.3 40.4 40.6 41.5 39.9
43.8 54 65.4 72.7 79.1 83.7 88.7 92.6 96.7 99.4 102.4 104.9 107.7 110.4 111.5 113.8 113.8 111.8 108.4 103.1 95.8 86.9 79.1 71 65 59.4 58 57.3 57.4 59.1 60.6 61.6 62.9 63.7 65.8 66.1 66.3 65.6 66.3 67.5 68.3 69.1 69.8 70.5 71.1 73.2 76.5 79.4 82 84.5 87.2 89.4 90.8 92.4 94.1 95.8 97.4 98.4 97.3 95.9 93.3 89.9 85.5 80.1 73.4 65.4 57.1 50.6 43.6 37.2 31.8 32.6 33.3 32.9 33.4 34 34.9 35.9 37 38.1 40.6 40.6 41.8 42.3 39.1
43.6 57.4 68.3 76.7 83.1 88 91.1 94.5 98.4 100.8 103.2 105.6 107.9 110.1 112.3 115.5 115.3 112.8 108.4 103.3 96.1 87.8 80.3 73.1 65.7 60.5 59 58.6 58.9 62.3 64.3 65.8 67.3 68.2 69.2 69.3 69.2 68.7 69.1 70.6 71.8 72.6 73.3 74.1 74.8 76.4 79.5 82.6 85.5 88.2 90.6 91.4 91.9 93.3 94.7 97.1 99.1 99.5 99 97.2 94.1 91 84.3 78.5 71.4 63.7 55.7 48.8 42.6 36.5 32.3 32.3 33.2 33.5 33.7 34.6 36.2 37.2 38.4 39.8 41 41.3 43.2 41.5 39.9
46.3 60.1 71.9 79.4 86.2 91.3 94.4 97.1 99.5 102 104.5 106.8 109 109.8 111.6 114.1 114.3 111.5 106.9 102.6 97 89.2 81.7 74.4 67.3 60.8 59.5 60.7 62.5 66.3 68.8 70.1 71.5 72.2 72.5 72.8 72.2 70.1 71.7 74.1 75.2 76 76.8 77.6 78.3 79.8 82.8 85.8 88.7 90.8 91.4 92.1 91.9 93.3 95.1 97.6 99.5 99.6 99.2 96 92.7 90.1 82.5 75 69 61.6 54.1 47.8 42.1 35.5 33.4 33.3 33.5 33.7 33.7 35.2 37.1 38.4 39.7 40.2 40.5 40.7 40.8 39.7 40.7
47.1 61.8 72.8 80.7 87.4 93 96.2 97.8 100.2 102.3 104.9 107.1 108.3 109.2 110.4 112.2 112 110.1 105.7 101.3 96.2 89.4 83 75.6 68.5 64.3 63.6 66.7 67.5 71.2 74.2 75.6 75.5 75.5 75.9 76.2 75.2 73.7 75.5 77.7 79 80 81 81.8 82.4 82.9 86 89 90.8 91.7 92.5 92.8 92.3 93.4 95.7 96.9 97.6 99.4 98.1 94.8 91.6 85.9 78.5 70.8 65.6 60.3 51.7 47 41.6 35.3 33.8 32.9 32.9 32.8 33.7 34.9 36.5 37.5 37.9 38.6 39 39.8 39.5 39.7 40.8
48.3 61.1 72.4 81.1 87.6 92.3 95.8 98.4 100.6 102.1 104.1 105.8 106.9 107.8 109.5 110.8 109.5 108.3 103.9 99.4 94 88.6 82.6 76.7 69 68.1 68.9 71.7 72.9 76.7 79.6 80.9 80.3 79.2 79.4 79.9 78.5 78.9 80.1 82.1 83.7 84.5 85.4 85.9 86.6 86.7 88.4 90.3 91.5 93.1 93.6 93.4 92.9 93.5 94.1 94.7 95.5 97 96.6 92.3 87 80.9 77.3 68.8 63.5 58.5 52.2 45.8 40.5 35.2 33.9 32.8 32 32.5 33.7 34.6 35.1 35.6 36 36.6 37.5 39.1 40.1 39.7 40.2
52.7 62.8 73 81.3 86.8 91.4 95.5 98.5 100.5 101.1 102.7 104.2 104.6 105.9 106.5 106.4 105.3 103.7 100.8 97.4 92.4 87.6 83.5 78 72.6 72.1 73.1 76.5 78.8 80.2 84.5 85.8 85.5 84.5 83.9 83.7 83.2 83.8 83.9 85.9 88.3 88.8 88.7 89 89.4 89.9 90.3 91.3 92.3 93.4 94.7 94 92.7 90.9 90.4 91.1 92.7 93.3 93.1 89.4 83.5 77.2 72.3 67 61.5 55.3 49.7 44.4 40 35.9 33.1 31.7 30.9 31.4 32.2 33.1 33.1 33.2 33.9 34.6 36.3 38.3 38.8 38.4 34.7
55.5 62.4 72.9 81.4 86.3 90.9 94.4 97.4 100.4 101 101.1 102.3 102.5 102 102.3 102.1 101.7 99.1 97.9 95.4 92.1 89.3 84.6 80.8 77.9 78.9 78.7 81.7 84.9 86.5 89.5 90.6 90.8 90 89.2 87.9 87.5 88.6 88.5 89.1 90.7 91.4 91.3 91.4 91.8 92.1 92.4 93.3 93.3 93.5 94.2 93.3 91.5 88.8 85.4 86.5 90.1 90.6 87.9 83 79.3 73.6 68.7 64 58.5 51.7 47.3 42.8 38 34.1 31.9 30.1 30.1 30.3 30.7 31.5 31.2 30.7 31.6 32.4 34.6 35.9 36.1 34.3 30.8
54.1 63.5 72.7 80.5 85.8 89.3 92.8 96.1 98 99.2 99.4 99.4 99.8 99.7 100.1 100.4 98.4 96.6 95.6 93.9 92 91 87.2 84 83.5 83.8 83.7 86.2 89.5 92.3 94.3 95.5 96 95.2 94.4 93.2 91.9 92.5 92.9 92.2 93.6 93.8 93.7 93.7 93.6 94 93.5 93.7 93.6 93.9 93.3 91.7 89.3 84.6 78.6 79.6 80.2 81.6 80.2 76.9 73.2 70.6 66.8 60.4 53.7 47.6 44.2 41.2 36.4 30.6 29.4 29.5 30.2 30.9 30.4 30.5 30.2 29 30.3 31.1 31.4 31.7 31.9 31.3 29.2
54.7 63.9 71.9 79 84.2 87.9 91.2 94.2 95.3 95.7 95.9 95.9 96.4 96.1 96.4 96.1 95.9 94.6 93.2 92.9 92 89.6 90.5 88.6 87.7 88 88.5 90.4 93.7 96.7 98.2 100.3 100.4 100.1 99.2 98.2 97 97.1 96.4 95.5 95.7 95 94.9 94.8 95.4 94.3 93 92.9 92.9 92.3 91.7 89.6 84.7 79.9 72.2 72.4 73 73.5 72.7 70.4 66.3 63 59.3 54.7 49.8 43.5 41.1 38.9 33.9 27.8 28.9 29 29.2 30.2 30.3 30.9 30.9 29.9 28.4 26.3 27.6 26.1 24.6 23.1 21.5
53.7 62.7 70.4 77 82.6 86.1 89.2 92.3 91.3 91.8 92.2 92.4 92.5 92.8 92.5 92.4 92.4 92.3 92.1 91.4 90.9 90.2 90.1 90.8 89.2 91 91.9 94.1 98 100.3 102 103.1 104 103.8 102.8 101.8 100.6 100.2 99.7 98.3 97.1 95.9 95.6 95.7 95.2 93.6 92.5 91.6 90.8 89.9 88.2 84.8 80 74 67.5 65 65.8 65.4 64.8 62.9 59.9 55.8 52.7 49.6 46.5 41 37.2 36.9 32.1 30.7 28.7 27.9 28.7 29.2 30.1 31 28.3 26.3 24.3 23.8 22.3 19.1 2.5 12.7 -0.9
52 61.2 68.4 75 80 83.7 86.9 90.1 89.4 88.8 89.6 90.1 89.3 90.8 89.5 89.3 89.2 90 90.4 90.9 90.8 90.5 90.3 90.7 90.8 92.6 95.4 97.6 100.8 103.2 105.8 106.7 107.3 106.7 105.7 104.5 103.2 101.5 100.9 99.3 97.9 95.9 95.4 94.8 94.8 93.3 91.5 89.5 88 85.1 82.2 78.3 73.4 67.5 63 59.3 59.4 57.9 56.8 55.9 51.5 50.1 47.8 44.8 42.8 39.4 34.6 34 31.8 30.9 29.1 26.9 28.4 29.9 29.5 29.7 26.9 25.5 24.4 21.4 16.4 -0.9 -0.9 -0.9 -0.9
