app/static/ascii/HP61.asc
ncols 200
nrows 200
xllcorner 460000
yllcorner 1210000
cellsize 50
[rows 37 to 73 of 200, columns 0 to 83 of 200]
-0.8 -0.8 55.9 62.7 69.9 79.6 90.8 108.7 123.3 134.9 144.2 150.8 155.5 157.9 158.5 158 158.5 157.4 155.3 151.4 146.5 140.5 132.5 123.3 114.6 107.2 98.5 81.1 73 59.3 -0.8 -0.8 -0.8 -0.8 -0.8 -0.8 -0.8 -0.8 -0.8 -0.8 -0.8 -0.8 -0.8 -0.8 -0.8 -0.8 -0.8 -0.8 -0.8 -0.8 -0.8 -0.8 -0.8 -0.8 -0.8 -0.8 -0.8 -0.8 -0.8 -0.8 -0.8 -0.8 -0.8 -0.8 -0.8 -0.8 -0.8 -0.8 -0.8 31.3 -0.8 -0.8 -0.8 -0.8 -0.8 -0.8 -0.8 -0.8 -0.8 -0.8 -0.8 -0.8 -0.8 -0.8
-0.8 -0.8 66.4 75 83.4 95.5 108.9 120.9 133 143.3 149.8 155.8 160.2 163.8 163.5 163.2 162.8 161.2 158.9 154.7 149.3 142.9 135.2 126.9 117.6 109.5 101.7 92.9 83.3 66.3 30.3 -0.8 -0.8 -0.8 -0.8 -0.8 -0.8 -0.8 -0.8 -0.8 -0.8 -0.8 -0.8 -0.8 -0.8 -0.8 -0.8 -0.8 -0.8 -0.8 -0.8 -0.8 -0.8 -0.8 -0.8 -0.8 -0.8 -0.8 -0.8 -0.8 -0.8 -0.8 -0.8 -0.8 -0.8 -0.8 84.8 53.4 26.1 23.8 -0.8 -0.8 -0.8 -0.8 -0.8 -0.8 -0.8 -0.8 -0.8 -0.8 -0.8 -0.8 -0.8 -0.8
-0.8 -0.8 79.5 90.4 100.5 110.8 120.5 130.9 140.9 149.9 155.7 161.1 164.5 167 168.1 167.8 166.4 164.8 161.4 156.5 151.1 144.6 136.7 128.5 119.4 111.3 103.5 95.7 86.9 72.3 42.7 -0.8 -0.8 -0.8 -0.8 -0.8 -0.8 -0.8 -0.8 -0.8 -0.8 -0.8 -0.8 -0.8 -0.8 -0.8 -0.8 -0.8 -0.8 -0.8 -0.8 -0.8 -0.8 -0.8 -0.8 -0.8 -0.8 -0.8 -0.8 -0.8 -0.8 -0.8 -0.8 -0.8 -0.8 -0.8 69.7 40.4 64.9 47 -0.8 -0.8 -0.8 -0.8 -0.8 -0.8 -0.8 -0.8 -0.8 -0.8 -0.8 -0.8 -0.8 -0.8
-0.8 53.5 89.5 100.1 110.7 120.1 130.4 141 149.2 156.3 161.8 166.5 169.3 170.1 171.6 171.4 170.5 167.5 163.5 158.7 153 146.1 138.2 129.5 120.4 112.3 104.5 96.8 88.1 74.9 43.4 -0.8 -0.8 -0.8 -0.8 -0.8 -0.8 -0.8 -0.8 -0.8 -0.8 -0.8 -0.8 -0.8 -0.8 -0.8 -0.8 -0.8 -0.8 -0.8 -0.8 -0.8 -0.8 -0.8 -0.8 -0.8 -0.8 -0.8 -0.8 -0.8 -0.8 -0.8 1.1 -0.8 -0.8 -0.8 29.5 103.6 72.2 34.6 -0.8 -0.8 -0.8 -0.8 -0.8 -0.8 -0.8 -0.8 -0.8 -0.8 -0.8 -0.8 -0.8 -0.8
-0.8 68.2 96.5 106.1 118.2 130.1 141.3 150.4 157.2 161.9 167 170.1 172.2 174.5 175.5 175.3 173 169.4 165.1 160.7 155 147.4 139.2 129.9 120.7 112.2 104.1 96 87.6 74.4 -0.8 -0.8 -0.8 -0.8 -0.8 -0.8 -0.8 -0.8 -0.8 -0.8 -0.8 -0.8 -0.8 -0.8 -0.8 -0.8 -0.8 -0.8 -0.8 -0.8 -0.8 -0.8 -0.8 -0.8 -0.8 -0.8 -0.8 -0.8 -0.8 -0.8 -0.8 -0.8 41 -0.8 -0.8 -0.8 51.2 104.9 74.6 42 -0.8 -0.8 -0.8 -0.8 -0.8 -0.8 -0.8 -0.8 -0.8 -0.8 -0.8 -0.8 -0.8 -0.8
-0.8 71.4 101 112.1 124.2 136.8 147.8 157.2 163.1 167.3 171.9 175.1 176.1 177.8 179.4 179.3 176.7 171.5 166.7 162 156.6 149.2 140.8 130.8 120.7 111.9 103.5 94.9 86.7 58.1 -0.8 -0.8 -0.8 -0.8 -0.8 -0.8 -0.8 -0.8 -0.8 -0.8 -0.8 -0.8 -0.8 -0.8 -0.8 -0.8 -0.8 -0.8 -0.8 -0.8 -0.8 -0.8 -0.8 -0.8 -0.8 -0.8 -0.8 -0.8 -0.8 -0.8 -0.8 55 93.9 63 30.6 3.9 34.7 91.7 66.9 30 -0.8 -0.8 -0.8 -0.8 -0.8 -0.8 -0.8 -0.8 -0.8 -0.8 -0.8 -0.8 -0.8 -0.8
52.7 94.4 103.9 115.1 127.8 141.4 153.8 161.1 166.6 172.2 175.7 178 180.4 182.7 183.8 182.4 178.4 174 168.4 162.8 157.3 150.3 142.1 131.5 121.3 112.3 103.2 94.7 83 37 -0.8 -0.8 -0.8 -0.8 -0.8 -0.8 -0.8 -0.8 -0.8 -0.8 -0.8 -0.8 -0.8 -0.8 -0.8 -0.8 -0.8 -0.8 -0.8 -0.8 -0.8 -0.8 -0.8 -0.8 -0.8 -0.8 -0.8 -0.8 -0.8 -0.8 -0.8 76.6 114 89.7 51 24 64.2 96.4 62.8 26.8 -0.8 -0.8 -0.8 -0.8 -0.8 -0.8 -0.8 -0.8 -0.8 -0.8 -0.8 -0.8 -0.8 -0.8
51.5 95.4 105.9 117.4 129.1 142.2 153 162.1 168.9 175.3 178.8 182.3 185.7 187 188 186 181.8 176.6 170.7 163.7 157.5 150.4 141.8 131.6 121.8 113 104.3 95.4 85.7 47.5 -0.8 -0.8 -0.8 -0.8 -0.8 -0.8 -0.8 -0.8 -0.8 -0.8 -0.8 -0.8 -0.8 -0.8 -0.8 -0.8 -0.8 -0.8 -0.8 -0.8 -0.8 -0.8 -0.8 -0.8 -0.8 67.3 92.1 116.4 105.5 -0.8 -0.8 124.2 136.2 109.4 76.7 53.7 101.4 88.6 66.7 42.4 -0.8 -0.8 -0.8 -0.8 -0.8 -0.8 -0.8 -0.8 -0.8 -0.8 -0.8 -0.8 -0.8 -0.8
27.4 88.4 106.3 116.4 127.7 140.2 151.5 161 169.5 177 182.3 186.9 191.5 192 192.3 189.9 186.2 180.1 173.3 165.6 157.8 149.7 140.7 131.6 121.9 113.3 104.5 95.7 81.5 40.8 50 45.2 -0.8 -0.8 -0.8 -0.8 -0.8 -0.8 -0.8 -0.8 -0.8 -0.8 -0.8 -0.8 -0.8 -0.8 -0.8 -0.8 -0.8 -0.8 -0.8 -0.8 -0.8 -0.8 -0.8 90 131.2 143.6 148.7 137.9 127.3 144.1 139.4 130.9 100.1 91 103.1 85.2 59.6 -0.8 -0.8 -0.8 -0.8 -0.8 -0.8 -0.8 -0.8 -0.8 -0.8 -0.8 -0.8 -0.8 -0.8 -0.8
17.9 84 104.4 114.2 125.4 137.3 148.8 158.8 168 177.2 184 190.6 195.8 196.2 195.8 193.2 189 183 176 168.6 159.8 150.3 141.3 131.9 122.4 114.5 106.5 96.9 84 81.7 73.9 29.5 -0.8 -0.8 -0.8 -0.8 -0.8 -0.8 -0.8 -0.8 -0.8 -0.8 -0.8 -0.8 -0.8 -0.8 -0.8 -0.8 -0.8 -0.8 -0.8 -0.8 -0.8 -0.8 -0.8 108.7 140.4 148.9 151.3 151 149 145.3 140.7 134.3 125 125.6 105 79.5 46.6 -0.8 -0.8 -0.8 -0.8 -0.8 -0.8 -0.8 -0.8 -0.8 -0.8 -0.8 -0.8 -0.8 -0.8 -0.8
40 90.2 101.4 110.9 122.3 134.1 145.1 154.8 164.4 176 185 192.7 197.6 198.7 198.1 195.8 190.9 185.6 179.1 171.6 162.3 152.5 142.8 133.3 123.2 115.4 107.7 99.9 92.4 85.6 77.4 62.9 -0.8 -0.8 -0.8 -0.8 -0.8 -0.8 -0.8 -0.8 -0.8 -0.8 -0.8 -0.8 -0.8 -0.8 -0.8 -0.8 -0.8 -0.8 -0.8 -0.8 -0.8 -0.8 -0.8 -0.8 101.7 151 152.4 152 149.3 145.3 140.7 135 130.9 128.2 117 84.4 53.5 19.3 -0.8 -0.8 -0.8 -0.8 -0.8 -0.8 -0.8 -0.8 -0.8 -0.8 -0.8 -0.8 -0.8 -0.8
70 89.6 98.5 109.4 120 130.6 140.3 149.4 160.1 173.1 184.1 193.4 198.4 199 198.6 197 192.2 187.1 181.3 173.5 165.7 155.5 145.5 135.4 125.2 116.5 108.8 101.9 95 88.8 80.8 64.6 32.6 -0.8 -0.8 -0.8 -0.8 -0.8 -0.8 -0.8 -0.8 -0.8 -0.8 -0.8 -0.8 -0.8 -0.8 -0.8 -0.8 -0.8 -0.8 -0.8 -0.8 -0.8 -0.8 -0.8 92.4 151 152.9 151.4 148.6 144.7 140.4 136.4 133.8 132.9 122.4 95.2 62.2 40.8 -0.8 -0.8 -0.8 -0.8 -0.8 -0.8 -0.8 -0.8 -0.8 -0.8 -0.8 -0.8 -0.8 -0.8
-0.8 77.3 96.2 107.4 117.6 127.1 136.3 144.8 155.8 168.4 183 192 197.2 198.7 198.3 195.8 192.7 189.2 183.3 175.5 168.1 158.8 148.1 137.5 127.5 118.6 110.2 103.3 97.2 90.5 81.9 60.8 1.1 -0.8 -0.8 -0.8 -0.8 -0.8 -0.8 -0.8 -0.8 -0.8 -0.8 -0.8 -0.8 -0.8 -0.8 -0.8 -0.8 -0.8 -0.8 -0.8 -0.8 16.2 -0.8 -0.8 -0.8 145 151 150 147.8 144.4 140.7 139.6 137.6 135.9 133.1 126.6 100.5 64.3 5.4 -0.8 -0.8 -0.8 -0.8 -0.8 -0.8 -0.8 -0.8 -0.8 -0.8 -0.8 -0.8 -0.8
-0.8 69.1 93 104.6 114.5 123.2 131.5 141.2 152.6 164.9 180.9 190.2 195.6 197.9 198.5 195.5 192.8 189.6 184 177.9 171 161.8 151 140.2 129.5 120.1 111.7 104.7 98.3 91.4 81.9 64.1 48.1 -0.8 -0.8 -0.8 -0.8 -0.8 -0.8 -0.8 -0.8 -0.8 -0.8 -0.8 -0.8 -0.8 -0.8 -0.8 -0.8 -0.8 -0.8 -0.8 -0.8 59.6 -0.8 -0.8 -0.8 101 146.4 148.7 147.6 146.1 143.6 142 140.6 139.8 135.4 113.2 76.8 35.6 1.1 -0.8 -0.8 -0.8 -0.8 -0.8 -0.8 -0.8 -0.8 -0.8 -0.8 -0.8 -0.8 -0.8
-0.8 79.3 90.6 101.6 110.9 119.3 127.9 136.9 149 163 177.5 188.6 194.5 197 196.1 194.3 191.2 188.5 184.2 178.8 173.5 162.6 153.2 142.2 131.6 121.7 112.7 104.7 97.7 90.7 81.1 68.9 40.4 1.4 -0.8 -0.8 -0.8 -0.8 -0.8 -0.8 -0.8 -0.8 -0.8 -0.8 -0.8 -0.8 -0.8 -0.8 -0.8 -0.8 -0.8 -0.8 -0.8 -0.8 43.4 -0.8 -0.8 89.1 140.1 149.2 148.7 147.8 146.7 145.1 144.3 145 141.9 105.5 72.4 46.8 32 -0.8 -0.8 -0.8 -0.8 -0.8 -0.8 -0.8 -0.8 -0.8 -0.8 -0.8 -0.8 -0.8
-0.8 72 89.5 98.4 107.6 115.7 124.2 132.2 144.1 159.6 172.6 184.9 191.4 195.2 193.3 192.1 189.3 187 183.1 178.6 173.7 163.9 153.4 143.1 132.6 123.1 113.7 105.2 96.9 89.5 79.2 66.3 52.3 -0.8 -0.8 -0.8 -0.8 -0.8 -0.8 -0.8 -0.8 -0.8 -0.8 -0.8 -0.8 -0.8 -0.8 -0.8 -0.8 -0.8 -0.8 -0.8 -0.8 -0.8 33.2 26.4 61 108.7 146.9 151.3 151.2 150.3 149.8 150.3 152.7 153.6 145.5 126.3 96.6 79.7 53.9 23.1 -0.8 -0.8 -0.8 -0.8 -0.8 -0.8 -0.8 -0.8 -0.8 -0.8 -0.8 -0.8
-0.8 -0.8 87.4 95.7 104.6 113.2 120.9 128.8 140.4 155.3 168.1 180.3 188 191.2 190.9 189.2 186.2 184.1 180.4 176.4 171 163.7 152.2 141.8 131.5 122.8 113.7 105.1 96 87.7 76.3 63.8 50.9 -0.8 -0.8 -0.8 -0.8 -0.8 -0.8 -0.8 -0.8 -0.8 -0.8 -0.8 -0.8 -0.8 -0.8 -0.8 -0.8 -0.8 -0.8 -0.8 -0.8 -0.8 -0.8 1.1 45.8 128.6 150.6 153 154.1 154 155.2 158.2 161.7 163.5 165.6 151.8 126.5 89.3 56.3 20.9 -0.8 -0.8 -0.8 -0.8 -0.8 -0.8 -0.8 -0.8 -0.8 -0.8 -0.8 -0.8
-0.8 -0.8 84.3 92.6 101.3 110.7 118.4 125.7 135.3 150.4 163.3 175.1 183.2 185.9 186.4 185.1 182.3 179.4 176.3 172.1 166.9 160.5 148.6 139.7 130 122 112.7 103.5 94.9 85.4 74.2 61.8 48.6 35.5 8.6 -0.8 -0.8 -0.8 -0.8 -0.8 -0.8 -0.8 -0.8 -0.8 -0.8 -0.8 -0.8 -0.8 -0.8 -0.8 -0.8 -0.8 -0.8 -0.8 -0.8 39.3 70 130.6 153.7 155.4 156.5 157.6 161.9 168.3 172.4 173.9 175.7 165 130 94.6 69.2 51.5 28 -0.8 -0.8 -0.8 -0.8 -0.8 -0.8 -0.8 -0.8 -0.8 -0.8 -0.8
-0.8 -0.8 80.2 89.5 98.6 108.3 115.8 123.1 131.4 145.1 156.8 167.9 175.7 179.1 180.3 178.9 177.3 173.9 170.4 166.4 161.4 154.7 145.3 136.3 127.3 119.3 110.7 101.9 92.6 82.5 71.6 58.2 42.8 -0.8 -0.8 -0.8 -0.8 -0.8 -0.8 -0.8 -0.8 -0.8 -0.8 -0.8 -0.8 -0.8 -0.8 -0.8 -0.8 -0.8 -0.8 -0.8 -0.8 -0.8 -0.8 -0.8 97.8 141.3 156.6 157.7 159.9 164.4 170.2 176.8 180.4 183.3 184.8 160.5 126.2 98 76.7 60.8 35.6 21.4 -0.8 -0.8 -0.8 -0.8 -0.8 -0.8 -0.8 -0.8 -0.8 40.3
-0.8 -0.8 -0.8 87.1 95.1 103.9 112.4 119.2 126.7 139.9 151 160.5 167.8 171.9 173.6 173 171.4 168.3 163.7 159.3 154.3 147.8 139.9 132 122.8 115.3 107.7 98.3 88.7 78.6 67.6 54.1 -0.8 -0.8 -0.8 -0.8 -0.8 -0.8 -0.8 -0.8 -0.8 -0.8 -0.8 -0.8 -0.8 -0.8 -0.8 -0.8 -0.8 -0.8 -0.8 -0.8 -0.8 -0.8 -0.8 66.8 111.7 154.7 159.7 162.4 165.2 170.9 178.1 185.6 190.7 194.3 193.5 167.2 137.9 118.8 99.8 84.1 68.1 47.4 21.7 -0.8 -0.8 -0.8 -0.8 -0.8 -0.8 -0.8 -0.8 63.7
-0.8 -0.8 -0.8 80.4 90.9 99.3 107.1 114.9 121.5 133.1 143.8 152.3 160 164.6 166.5 166.8 165 161.8 156.8 152.1 146.9 140.3 134 126.3 118.6 110.3 102.2 93.2 84.3 73.6 61.7 46.9 -0.8 -0.8 -0.8 -0.8 -0.8 -0.8 -0.8 -0.8 -0.8 -0.8 -0.8 -0.8 -0.8 -0.8 -0.8 -0.8 -0.8 -0.8 7.9 -0.8 -0.8 -0.8 -0.8 83.8 114.1 158.1 164.8 169 173.2 181.4 190 196 201.8 203.7 200.2 184.7 172.2 156.6 135.2 115 94.1 72.2 47.1 19.8 -0.8 -0.8 -0.8 -0.8 -0.8 -0.8 3 101.1
-0.8 -0.8 -0.8 40.8 88.1 95 102.4 109.9 116.9 125.3 136.3 145.8 152.8 158 160.1 160.2 158.3 155.3 150.6 144.7 138.8 133.7 127.7 120.6 113.2 105.4 97 88.4 79.8 69.1 55.9 -0.8 -0.8 -0.8 -0.8 -0.8 -0.8 -0.8 -0.8 -0.8 -0.8 -0.8 -0.8 -0.8 -0.8 -0.8 -0.8 -0.8 -0.8 -0.8 37.1 -0.8 -0.8 39.9 62.1 110.8 124.9 162.6 170.2 177.2 186.3 194.3 201.5 207.6 211.5 213.7 210.7 205.2 194.6 176.5 155.5 132.1 114.3 93.7 68.8 41.5 16.6 -0.8 -0.8 -0.8 -0.8 12.7 53.4 113.4
-0.8 -0.8 -0.8 -0.8 84.2 91 98.4 106.1 112.2 119.4 128.3 137.6 145.6 150.9 153.5 154 152 149 144.1 138.7 132.9 127.5 122 115.7 109.2 102.1 93.6 84.5 74 61.4 49 18.3 -0.8 -0.8 -0.8 -0.8 -0.8 -0.8 -0.8 -0.8 -0.8 -0.8 -0.8 -0.8 -0.8 -0.8 -0.8 -0.8 -0.8 -0.8 60 57.9 53.2 77.4 102.3 125.2 139.1 170.7 180.9 190.5 200.1 207 215.8 219.5 222.4 223.7 221.8 214 202.3 186.5 168.3 150.7 132.5 111.3 90.1 65.5 36.9 15.7 1 -0.8 26.2 49.5 64.1 114.7
-0.8 -0.8 -0.8 55 79.5 85.7 93.5 102.4 107.8 114.1 120.1 129 138.5 143.5 147.3 147.7 145.5 141.9 138.2 133 127.2 121.8 117.5 111.8 106.3 98.4 89.4 77.7 59.3 49.2 31.1 -0.8 -0.8 -0.8 -0.8 -0.8 -0.8 -0.8 -0.8 -0.8 -0.8 -0.8 -0.8 -0.8 -0.8 -0.8 -0.8 -0.8 -0.8 -0.8 80.5 109.5 112.1 113 132.4 157.4 156.3 180.5 191.1 202 210.6 222.6 227.2 233 234.1 233.9 231.3 225.5 217.9 206.1 192.1 174.2 150.7 129.2 109 86 60.3 42.7 28.2 21.2 73.3 79.5 101.2 115.8
-0.8 -0.8 -0.8 -0.8 55 90.4 91.7 97.2 103.5 109.6 115.4 122.2 131.4 137.6 140.8 141.8 139.8 136.7 133.2 128.3 123.5 118 112.8 107.9 103 96.2 83.9 78.9 69.7 58.5 41.3 -0.8 -0.8 -0.8 -0.8 -0.8 -0.8 -0.8 -0.8 -0.8 -0.8 -0.8 -0.8 -0.8 -0.8 -0.8 -0.8 -0.8 -0.8 -0.8 57.9 135.2 153.7 153.6 163.1 175 181.6 190.3 201.1 212.4 225.5 234 240.4 246.5 245.9 242.9 239.6 234.1 226.7 217.1 204.2 185.4 169.5 149.3 129.6 108.1 87.2 73.4 63.5 65.3 111.3 118 119 116.4
-0.8 -0.8 -0.8 -0.8 52.3 91.1 98.8 98.4 100.6 105.9 111.5 117.9 125.3 132.1 135.4 136.7 135.4 132.8 130.2 125.5 119.8 115.1 110.5 106.6 100.9 97.1 90.4 82.8 71.6 58.1 38.5 -0.8 -0.8 -0.8 -0.8 -0.8 -0.8 -0.8 -0.8 -0.8 -0.8 -0.8 -0.8 -0.8 -0.8 -0.8 -0.8 -0.8 -0.8 -0.8 1.1 140.4 164.9 172.6 178.9 185.3 191.8 199 207.8 221.1 236.8 246.5 254.7 258.1 256.1 251.2 246 240 233 222.7 212.4 199.2 182 161.9 141.7 124.2 108.8 101 96 101.8 126.8 122.5 119.8 116.4
-0.8 -0.8 -0.8 41.3 83 90.8 99.5 102.9 100.9 102.9 108.9 115.5 123.8 129.4 132.2 133.1 132.9 130.9 127.7 123.7 118.4 113.6 110.3 107.3 103.5 98.6 91.4 83.1 72 58.4 24.3 -0.8 -0.8 -0.8 -0.8 -0.8 -0.8 -0.8 -0.8 -0.8 -0.8 -0.8 -0.8 -0.8 -0.8 -0.8 -0.8 -0.8 -0.8 -0.8 19.4 117.5 171.6 181.1 187.6 194.3 199.9 206.6 216.3 233.1 247.4 256.6 265.9 266.4 264.7 258.7 251.4 244.9 237.2 227.2 216.9 204.2 193 179.9 168.3 152.4 145.4 133 121.3 126.8 129.6 124.2 119.9 117.1
-0.8 12.6 53.7 80.4 89.6 93 100.3 104.2 104.4 105.2 107.4 114 121 127.5 129.9 131.9 131.5 129 126.5 123.3 117.5 113.5 111.2 109.1 103.2 97.4 91 82.9 72.1 55.9 22.4 -0.8 -0.8 -0.8 -0.8 -0.8 -0.8 -0.8 -0.8 -0.8 -0.8 -0.8 -0.8 -0.8 -0.8 -0.8 -0.8 -0.8 -0.8 -0.8 39.9 99.8 163.4 188.5 195.8 201.1 206.6 213.1 222 238.2 254.6 268.5 274.9 275.6 272.2 265.3 255.8 248.4 239.4 229.7 218.8 206.6 194.6 183.8 174.2 165 155 145.9 137.3 135.9 130.6 125.7 120.7 116.9
-0.8 57.3 89.3 103 99 93.5 102.8 107.5 109.5 111.1 114.1 117.9 120.8 127.3 129.3 130.6 129.1 128.8 126 123.4 118.9 114.1 110.7 106.6 101.9 98.3 92.1 84.7 72.7 53.9 31.3 13 4 -0.8 -0.8 -0.8 -0.8 -0.8 -0.8 -0.8 -0.8 -0.8 -0.8 -0.8 -0.8 -0.8 -0.8 -0.8 -0.8 50.7 82.6 102 174.4 192.9 201.3 208.1 213.7 219.1 226.9 239.7 258.5 275.4 278.7 282.8 277.2 269.7 259.9 250.4 240.9 231.1 219.1 207.1 196 187 178.6 168.6 160.4 152.5 144.5 138.6 132.1 126.2 120.8 117.3
68.5 94 124.5 113.2 106.8 95 106.5 113.9 116.4 117.9 122.9 125.2 126.2 127.7 129.4 128.9 128.3 128 126 123.3 120.5 114.4 111.4 106.4 102.8 99.3 93.6 83.6 69.4 47.1 28 17.3 -0.8 -0.8 -0.8 -0.8 -0.8 -0.8 -0.8 -0.8 -0.8 -0.8 -0.8 -0.8 -0.8 -0.8 -0.8 -0.8 19.3 26.1 126.2 132.4 178.2 194.8 204.6 212.8 218.6 224.3 230.5 241.8 258.5 280.3 284.7 284 279.1 271.8 261.4 251.4 241.1 230.5 218.7 206.4 196.3 187.8 179.7 171 162.8 155.1 147.9 140.7 134 127.9 121.7 117.5
115.8 134.7 132.3 122.7 112.5 102.5 108.3 117.7 122.2 124.3 126.6 127.3 126 126.5 127.5 127.9 127.3 126.4 125 123.4 118.6 113.9 111.3 107.6 104.3 99.3 91.1 80.2 64 42 29.3 17.5 -0.8 -0.8 -0.8 -0.8 -0.8 -0.8 -0.8 -0.8 -0.8 -0.8 -0.8 -0.8 -0.8 -0.8 -0.8 -0.8 55.8 45.2 137.9 162.9 181.9 195.2 205.7 214.9 222.3 227.8 231.9 239.9 257.3 275.2 285.2 284 278.9 271.2 262 251.2 240.8 229.1 216.8 204.5 194.7 187.2 179.3 171 164.7 155.8 149.3 143.2 136.2 129.9 123.8 117.9
144.8 142.6 136.7 126.9 115.9 107.6 107.6 119.6 124.7 127.8 128.8 128.4 127 126.2 126.4 125.4 123.7 123.3 123 120 116.4 113.5 109.7 106.6 102.8 97.6 87.9 74.5 57.7 39.6 30 -0.8 -0.8 -0.8 -0.8 -0.8 -0.8 -0.8 -0.8 -0.8 -0.8 -0.8 -0.8 -0.8 -0.8 -0.8 -0.8 -0.8 -0.8 89.4 102.5 167.3 182.7 194 205.8 214.6 223.3 229 231.5 241.1 253.2 267.4 274.6 277.5 274.5 269.7 260.2 249 239.3 227.1 215.3 203.1 193.8 186.3 178.9 171.9 164.4 158.1 150.5 144.3 138.8 132.4 125.7 118.5
148.3 145.1 138.7 130.1 122.1 113.4 106.9 120.1 124.9 127.7 128.3 127.9 127.3 126.7 125.2 123.5 121.7 120.8 118.9 116.9 113.5 110.6 108.1 104.8 99.6 93.2 83.4 65.3 51.4 37.6 28 -0.8 -0.8 -0.8 -0.8 -0.8 -0.8 -0.8 -0.8 -0.8 -0.8 -0.8 -0.8 -0.8 -0.8 -0.8 -0.8 -0.8 -0.8 55.2 136.3 165.1 180.4 193 204.7 213.8 221.6 227.4 231.7 238.9 247.4 261.2 266.4 268.7 268.3 264.8 257.2 245.8 235.2 224.1 215.3 203.8 194.6 186.3 179.7 173.3 166 159.6 152.6 145.8 140.8 134.5 127.9 118.9
149.5 147.6 141.8 133.4 126 115.9 107.6 120.6 124.4 127.7 129.1 128.7 126.9 125.7 123.7 121.3 119.7 116.9 115.5 113.2 111.6 107.4 104.7 102.4 98 89.9 76.4 60 56.5 43.2 30.5 3.3 -0.8 -0.8 -0.8 -0.8 -0.8 -0.8 -0.8 -0.8 -0.8 -0.8 -0.8 -0.8 -0.8 -0.8 -0.8 -0.8 -0.8 61.7 118.2 162 177.1 190.2 201.7 210.8 217.4 223.5 229.1 235.7 240.5 254.1 260.8 262 260.9 258.5 253.2 243.5 232.7 223.7 216 204.4 195.5 188.1 181.8 176.1 167.2 160.4 153.9 146.9 141.4 135.4 128.3 120.9
149.9 149 144.8 137.2 127.6 120.5 111.1 121.2 124.9 127.8 128.7 128.7 126.5 124.6 122.7 119.8 116.4 113.2 110.3 108.1 105.6 102.4 100 97.1 94.3 87.6 72.1 68.9 57.2 40.4 15.3 7.5 -0.8 -0.8 -0.8 -0.8 -0.8 -0.8 -0.8 -0.8 -0.8 -0.8 -0.8 -0.8 -0.8 -0.8 -0.8 -0.8 -0.8 83.7 140.9 158.9 172.9 185.8 197.4 206.3 212.5 217.5 222.2 227.6 233.8 245.4 252.9 255.4 255.1 253.8 249.7 242.9 232.9 224.1 216.2 206.5 197.1 189.5 183.4 175.6 167.6 161.4 154.8 148.2 142.4 136.3 128.6 122
147.6 149 147.2 143.4 134.7 125 118.6 120.6 124.5 127 128.5 129.3 126.8 124.7 122.6 119.4 114.1 108.5 104.3 100.2 97.8 95.4 92 87.5 81.8 73.7 63.7 56.6 43.2 38.8 30.1 14.5 -0.8 -0.8 -0.8 -0.8 -0.8 -0.8 -0.8 -0.8 -0.8 -0.8 -0.8 -0.8 -0.8 -0.8 -0.8 -0.8 -0.8 72.2 138.3 155.4 168.9 180.3 190.8 199.3 205.7 210.5 215.8 220.9 226.2 235.1 244.9 248 249 248.7 246.8 242.4 235.3 226.4 217.9 207.9 197.9 189.5 182.5 175.2 167.1 161 154.7 148.3 142.2 135.5 129.6 123
145.1 147.4 148.2 144.4 141.3 132.3 123 117.5 124.4 127.6 128.5 127.4 126.4 123.6 121.4 117.4 112.1 104.9 99.1 94.3 89 86.2 82.7 77.6 71.3 60.5 55.2 59.3 57.6 44 29.6 8.3 -0.8 -0.8 -0.8 -0.8 -0.8 -0.8 -0.8 -0.8 -0.8 -0.8 -0.8 -0.8 -0.8 -0.8 -0.8 15.2 103.3 101.5 124.7 151.8 164.6 174.6 183.6 191.1 198 202.9 208.9 213.1 218.8 225.3 236.2 241.8 243.8 244.3 243.6 240.3 235.2 226.8 219.1 208.3 198.9 190.5 182.2 174.1 166.7 160.4 154.3 147.3 141.2 135.4 128.7 122.1
