app/static/ascii/HU16.asc
ncols 200
nrows 200
xllcorner 410000
yllcorner 1160000
cellsize 50
[rows 152 to 189 of 200, columns 84 to 167 of 200]
-0.7 -0.7 -0.7 -0.7 -0.7 -0.7 -0.7 -0.7 -0.7 -0.7 -0.7 -0.7 -0.7 -0.7 -0.7 36.9 44.3 45.8 47.4 51.3 56.1 -0.7 -0.7 -0.7 -0.7 -0.7 -0.7 -0.7 -0.7 14 -0.7 -0.7 -0.7 -0.7 -0.7 -0.7 -0.7 -0.7 -0.7 -0.7 -0.7 -0.7 -0.7 -0.7 -0.7 -0.7 -0.7 -0.7 -0.7 -0.7 -0.7 -0.7 -0.7 -0.7 -0.7 -0.7 -0.7 -0.7 -0.7 -0.7 -0.7 -0.7 -0.7 -0.7 -0.7 -0.7 -0.7 -0.7 -0.7 -0.7 -0.7 -0.7 -0.7 -0.7 -0.7 -0.7 -0.7 -0.7 -0.7 -0.7 -0.7 -0.7 -0.7 -0.7
-0.7 -0.7 -0.7 -0.7 -0.7 -0.7 -0.7 -0.7 -0.7 -0.7 -0.7 -0.7 -0.7 -0.7 -0.7 37.2 52 55.7 54.8 57.1 59.7 -0.7 -0.7 -0.7 -0.7 -0.7 -0.7 -0.7 -0.7 20.6 15.4 14.7 14.4 -0.7 -0.7 -0.7 -0.7 -0.7 -0.7 -0.7 -0.7 -0.7 -0.7 -0.7 -0.7 -0.7 -0.7 -0.7 -0.7 -0.7 -0.7 -0.7 -0.7 -0.7 -0.7 -0.7 -0.7 -0.7 -0.7 -0.7 -0.7 -0.7 -0.7 -0.7 -0.7 -0.7 -0.7 -0.7 -0.7 -0.7 -0.7 -0.7 -0.7 -0.7 -0.7 -0.7 -0.7 -0.7 -0.7 -0.7 -0.7 -0.7 -0.7 -0.7
-0.7 -0.7 -0.7 -0.7 -0.7 -0.7 -0.7 -0.7 -0.7 -0.7 -0.7 -0.7 -0.7 -0.7 -0.7 37 52.8 61.5 61.6 62.9 64.9 65.1 -0.7 -0.7 -0.7 -0.7 -0.7 -0.7 -0.7 16.7 20.3 19.2 21.7 -0.7 -0.7 -0.7 -0.7 -0.7 -0.7 -0.7 -0.7 -0.7 -0.7 -0.7 -0.7 -0.7 -0.7 -0.7 -0.7 9.3 -0.7 -0.7 -0.7 -0.7 -0.7 -0.7 -0.7 -0.7 -0.7 -0.7 -0.7 -0.7 -0.7 -0.7 -0.7 -0.7 -0.7 -0.7 -0.7 -0.7 -0.7 -0.7 -0.7 -0.7 -0.7 -0.7 -0.7 -0.7 -0.7 -0.7 -0.7 -0.7 -0.7 -0.7
-0.7 -0.7 -0.7 -0.7 -0.7 -0.7 -0.7 -0.7 -0.7 -0.7 -0.7 -0.7 -0.7 -0.7 -0.7 33.3 50.8 64 68.1 69.1 70.5 68.6 59.7 -0.7 -0.7 -0.7 -0.7 -0.7 8.8 25.9 22.3 19.8 20.8 24.3 21.5 14.5 -0.7 -0.7 -0.7 -0.7 -0.7 -0.7 -0.7 -0.7 -0.7 -0.7 -0.7 11 11.8 -0.7 -0.7 -0.7 -0.7 -0.7 -0.7 -0.7 -0.7 -0.7 -0.7 -0.7 -0.7 -0.7 -0.7 -0.7 -0.7 -0.7 -0.7 -0.7 -0.7 -0.7 -0.7 -0.7 -0.7 -0.7 -0.7 -0.7 -0.7 -0.7 -0.7 -0.7 -0.7 -0.7 -0.7 -0.7
-0.7 -0.7 -0.7 -0.7 -0.7 -0.7 -0.7 -0.7 -0.7 -0.7 -0.7 -0.7 -0.7 -0.7 21.1 34.2 50.9 66.4 72.1 72 69.5 68.7 61.2 55 48 45 42.6 41.6 43.1 36.3 29.7 25.7 25.2 26.1 24.3 18.5 -0.7 -0.7 -0.7 -0.7 -0.7 -0.7 -0.7 -0.7 -0.7 -0.7 -0.7 -0.7 11.4 11.3 2 -0.7 -0.7 -0.7 -0.7 -0.7 -0.7 -0.7 -0.7 -0.7 -0.7 -0.7 -0.7 -0.7 -0.7 -0.7 -0.7 -0.7 -0.7 -0.7 -0.7 -0.7 -0.7 -0.7 -0.7 -0.7 -0.7 -0.7 -0.7 -0.7 -0.7 -0.7 -0.7 -0.7
-0.7 -0.7 -0.7 -0.7 -0.7 -0.7 -0.7 -0.7 -0.7 -0.7 -0.7 -0.7 -0.7 -0.7 34.6 39.1 49.1 65.6 76.3 78.9 75.7 71.4 66.9 60.9 55.4 49.8 47.4 47.9 47.6 45.6 36.8 31.5 27.4 26.4 22 17.1 -0.7 -0.7 -0.7 -0.7 -0.7 -0.7 -0.7 -0.7 -0.7 -0.7 -0.7 -0.7 14.9 14.2 -0.7 -0.7 -0.7 -0.7 -0.7 -0.7 -0.7 -0.7 -0.7 -0.7 -0.7 -0.7 -0.7 -0.7 -0.7 -0.7 -0.7 -0.7 -0.7 0.4 -0.7 -0.7 -0.7 -0.7 -0.7 -0.7 -0.7 -0.7 -0.7 -0.7 -0.7 -0.7 -0.7 -0.7
-0.7 -0.7 -0.7 -0.7 -0.7 -0.7 -0.7 -0.7 -0.7 -0.7 -0.7 -0.7 -0.7 -0.7 43.8 40.7 49.9 64.1 74.6 81.4 80 74.3 69.1 65.5 61.3 56.7 53.5 53.4 51.8 50.9 44.1 36.9 31.4 27.9 25 25.1 22.7 -0.7 -0.7 -0.7 -0.7 -0.7 -0.7 -0.7 -0.7 -0.7 -0.7 -0.7 -0.7 -0.7 -0.7 -0.7 -0.7 -0.7 -0.7 -0.7 -0.7 -0.7 -0.7 -0.7 -0.7 -0.7 -0.7 -0.7 -0.7 -0.7 -0.7 -0.7 -0.7 9.5 -0.7 -0.7 -0.7 -0.7 6.8 -0.7 -0.7 -0.7 -0.7 -0.7 -0.7 -0.7 5.6 7.3
-0.7 -0.7 -0.7 -0.7 -0.7 -0.7 -0.7 -0.7 -0.7 -0.7 -0.7 -0.7 -0.7 -0.7 -0.7 44.8 49.2 61 68.7 78.4 81.7 76.7 69.9 67.8 64.7 61.6 58.3 57.4 56.1 54.2 50.3 43 33.8 30.9 30.9 29.9 27.9 24 -0.7 -0.7 -0.7 -0.7 -0.7 -0.7 -0.7 -0.7 20.7 27 -0.7 -0.7 -0.7 -0.7 -0.7 -0.7 -0.7 -0.7 -0.7 11 11 -0.7 -0.7 -0.7 -0.7 -0.7 -0.7 -0.7 -0.7 -0.7 -0.7 11.1 -0.7 -0.7 -0.7 8.8 8 -0.7 -0.7 -0.7 -0.7 -0.7 -0.7 -0.7 -0.7 13
-0.7 -0.7 -0.7 -0.7 -0.7 -0.7 -0.7 -0.7 -0.7 -0.7 -0.7 -0.7 -0.7 -0.7 -0.7 43.2 47.1 51.2 61.8 76.7 82.7 80.2 71.8 69.9 66.6 63.2 60.6 59.5 58.2 56.4 53.1 49.3 37.9 35.5 38 37.4 32 26.5 -0.7 -0.7 -0.7 -0.7 -0.7 11.1 -0.7 -0.7 27 31.2 24.4 -0.7 -0.7 -0.7 -0.7 -0.7 -0.7 -0.7 -0.7 11 11 -0.7 -0.7 -0.7 -0.7 -0.7 -0.7 -0.7 -0.7 -0.7 -0.7 6.7 12 -0.7 -0.7 11.1 10.3 8 -0.7 -0.7 -0.7 8 -0.7 -0.7 -0.7 17.4
-0.7 -0.7 -0.7 -0.7 -0.7 -0.7 -0.7 -0.7 -0.7 -0.7 -0.7 -0.7 -0.7 -0.7 -0.7 -0.7 -0.7 47.4 51.9 68.8 80.3 80 72.5 69.5 67.1 65.1 62.6 61.5 60.3 58.4 55.9 52.1 42.1 39 40.5 37.9 29.4 21.1 -0.7 -0.7 -0.7 -0.7 12.6 20.8 16.9 21.6 28.3 31 27.5 19 -0.7 -0.7 -0.7 -0.7 -0.7 -0.7 3.8 11.3 11 -0.7 -0.7 -0.7 -0.7 -0.7 -0.7 -0.7 -0.7 -0.7 -0.7 1.5 8.2 -0.7 -0.7 10.6 10.6 11.8 11.6 2.3 11.8 11.8 11.5 -0.7 21.6 19.3
-0.7 -0.7 -0.7 -0.7 -0.7 -0.7 -0.7 -0.7 -0.7 -0.7 -0.7 -0.7 -0.7 -0.7 -0.7 -0.7 -0.7 -0.7 47.3 55.8 60.9 70.6 69.8 67.4 64.9 63.3 63.4 62.9 61.9 60.1 56.4 52.2 47.1 42.1 39.7 33.4 25.3 5.8 -0.7 -0.7 -0.7 13.1 17.8 21.1 24.6 28.3 31.3 30 25.5 16.6 -0.7 -0.7 -0.7 -0.7 -0.7 -0.7 7.8 12.6 13.6 -0.7 -0.7 -0.7 -0.7 -0.7 -0.7 -0.7 -0.7 -0.7 -0.1 0.8 0.8 -0.7 -0.7 3 9.9 11.2 12.4 13.8 18.3 16.7 17.2 20.1 26.7 30.1
-0.7 -0.7 -0.7 -0.7 -0.7 -0.7 -0.7 -0.7 -0.7 -0.7 -0.7 49.2 -0.7 -0.7 -0.7 -0.7 -0.7 -0.7 21.9 47.2 56.5 60.5 63.9 64.9 62.7 62.4 63.9 63.9 62.3 60.7 57.3 53.8 49.8 45 39 31.5 22.2 11.3 11.6 19.5 20.9 18 19.2 22.1 25.2 28.5 30 26.4 20.3 14.4 9.7 -0.7 -0.7 -0.7 -0.7 1.4 9.4 11.6 11.2 1.3 -0.7 -0.7 -0.7 -0.7 -0.7 -0.7 -0.7 -0.7 0.3 1.2 5.2 -0.7 -0.7 2.6 8.3 12.2 14.8 19.2 21.5 20.3 19.4 23 30.2 29.5
-0.7 -0.7 -0.7 -0.7 -0.7 -0.7 -0.7 -0.7 -0.7 -0.7 46.1 47.1 45.7 45.8 47.4 -0.7 -0.7 -0.7 9 41.9 51.7 55.7 59 60.5 60.2 62.8 64.3 63.8 62.6 60.4 57.3 54.3 51.4 47.1 40.1 30.5 20.5 16.4 18.5 21 19.5 18.2 16.4 21 21.3 22.5 25.1 21.6 16.6 10 -0.7 -0.7 -0.7 -0.7 -0.7 4.3 9.9 10.1 9.3 3.5 -0.7 -0.7 -0.7 -0.7 -0.7 -0.7 -0.7 -0.7 -0.7 2.9 6.6 9.8 3.9 2.5 8.9 11.9 16 20.8 26.3 29 24.8 28.6 30 29.6
-0.7 -0.7 -0.7 -0.7 -0.7 -0.7 -0.7 -0.7 -0.7 -0.7 -0.7 45.5 44.6 43.5 45.2 44.8 41.8 30 33.2 32.8 43.5 49.5 52.7 56.2 59.7 61.2 62 62.3 61.6 58.4 54.8 52.3 50.6 46.3 42 33 23.7 20.8 19.9 20.1 17 18.2 15.4 19.7 19.6 17.8 16.5 13.7 11.9 7 -0.7 -0.7 -0.7 -0.7 -0.7 6.4 10.1 11 8.2 4.3 -0.7 -0.7 -0.7 -0.7 -0.7 -0.7 -0.7 -0.7 -0.7 2.7 6.8 11 7.6 2.4 5.6 10.9 15.1 22.1 28.9 30.8 30.1 30 29.8 26.7
-0.7 -0.7 -0.7 -0.7 -0.7 -0.7 -0.7 -0.7 -0.7 -0.7 -0.7 -0.7 47.5 45.8 48 48.7 47.2 40.6 36.9 38 40.3 45.2 48.5 51 53.9 54.3 55.3 57.1 55 51.3 50.4 49 49.9 46.2 42 35.8 26.4 20.6 22 20 18.2 18.2 18.2 16.6 11 10.6 8.4 6.1 8.8 5.2 -0.7 -0.7 -0.7 -0.7 3.4 7.7 9.6 10.5 7.2 2.6 -0.7 -0.7 -0.7 -0.7 -0.7 -0.7 -0.7 0.5 2.2 6.1 8.8 11 9.1 0.3 1 11 13.4 21.6 26.5 28.5 29.6 29.7 27.4 23.2
-0.7 -0.7 -0.7 -0.7 -0.7 -0.7 -0.7 -0.7 -0.7 -0.7 -0.7 -0.7 4.4 49.5 52 51 50.1 44.3 38.9 38.6 40.2 43.1 45.7 47.2 48.9 49.7 47.1 48.6 48.8 48.4 48.1 49.4 49.8 46.8 42.6 37.4 28.2 19 19 19.6 18.8 17.9 18.2 11.6 10.5 9.4 7.4 3.3 0.8 -0.7 -0.7 -0.7 -0.7 -0.7 3.2 7.4 10 9.8 7.3 6 -0.7 -0.7 -0.7 -0.7 -0.7 -0.7 -0.7 1.5 5.3 8.2 10.3 11 11.1 1.7 0.8 1.3 8.7 17.2 19.8 20.4 24.4 22.7 21.5 21.4
-0.7 -0.7 -0.7 -0.7 -0.7 -0.7 -0.7 -0.7 -0.7 -0.7 -0.7 -0.7 53.1 52.1 51.3 51.1 49.5 44.2 39.8 39 39.2 41.3 43.4 43.7 43.1 40.9 41.6 42.6 44.1 44.6 46.9 49.4 49.8 47.8 43.4 39.4 30.4 22.1 19 19 20.8 18.6 18.2 12.4 11 10 9.4 6.8 2.3 -0.7 -0.7 -0.7 -0.7 -0.7 0.6 4.8 9.7 11 9.1 10 -0.7 -0.7 -0.7 -0.7 -0.7 -0.7 -0.7 3 6.2 8.1 10.8 11 11 1.7 -0.7 0.2 4.9 9.8 14.2 17.5 19.4 18.6 19.9 19
-0.7 -0.7 -0.7 -0.7 -0.7 -0.7 -0.7 -0.7 -0.7 55 55 54.3 52.9 50.5 51.5 50.9 48 43.7 40.6 38 38 39.7 40 39.7 39.2 39 39.3 38 39.1 41.5 43.4 46.8 48.3 45.8 42.7 41 33.5 26.1 22 19 19.8 20.9 15.1 13.6 11.5 11.4 10.2 11 6.9 0.8 -0.7 -0.7 -0.7 -0.7 -0.7 -0.7 11 10.1 9 11 6.7 -0.7 -0.7 -0.7 -0.7 -0.7 -0.7 2.8 4.9 7.8 10.7 10.6 8.1 -0.7 -0.7 0.2 1.7 9.4 11.7 13.8 16.1 18.3 19.5 19.1
-0.7 -0.7 -0.7 -0.7 -0.7 -0.7 -0.7 -0.7 55 54.8 54 51.7 50.5 49.1 50.7 49.1 45.7 41.5 39.1 36 35.9 35.1 34.2 33.9 34.7 34.5 35 34.1 35.5 38.2 39.6 41.6 43.8 43.1 41.8 41.2 36.7 29.8 25.7 22.3 23.7 25.1 20.3 16.2 14.3 11.5 11 11 10.2 3.3 -0.7 -0.7 -0.7 -0.7 -0.7 -0.7 5 9.5 9.2 11.1 11.3 11 -0.7 -0.7 -0.7 -0.7 -0.7 -0.7 2.4 5.8 4.5 2 -0.7 -0.7 -0.7 0.6 5.2 10.4 11.4 12.2 13.5 13.6 18.7 19.1
-0.7 -0.7 -0.7 -0.7 -0.7 -0.7 -0.7 6.6 55 51.9 50.2 49.6 49.1 45.1 46.3 45.2 43.3 39.2 35.8 32.9 31 30.1 29.2 28.6 31.1 30.7 30.9 29.7 31 33.7 34.2 35.4 38.6 39.1 40.9 40.7 41 35.9 29.3 26.4 28.2 30.2 27.2 18.9 15 10.9 10.8 11 10.2 -0.7 -0.7 1 -0.7 -0.7 -0.7 -0.7 2 5.7 9.1 11 14.2 12.9 -0.7 -0.7 -0.7 -0.7 -0.7 -0.7 -0.7 -0.7 -0.7 -0.7 -0.7 -0.7 -0.7 1.4 5 10 11.6 11.8 12.4 15.4 17.9 19.4
19.9 -0.7 -0.7 -0.7 -0.7 -0.7 -0.7 -0.7 49.2 49.9 47.4 45.1 43.2 39.6 38.5 39.6 40.5 36.3 32.5 28.6 26.4 25.8 25.5 26.3 27.3 28.4 28.9 28.6 28.1 29 29.4 29.7 31.5 34.4 37.9 39.7 40.5 39.3 34.7 29.9 29.5 31.1 31.2 19.9 15.2 11.3 11 11 8 -0.7 -0.7 3.6 5.1 -0.7 -0.7 1.9 5 7.6 9.5 10.5 15.8 13.6 -0.7 -0.7 -0.7 -0.7 -0.7 -0.7 -0.7 -0.7 -0.7 -0.7 -0.7 -0.3 -0.7 -0.7 4.3 9.5 11.7 12 12 12.8 15.7 19.6
-0.7 -0.7 -0.7 -0.7 -0.7 -0.7 -0.7 -0.7 26.3 47.1 40.9 40.5 36.7 35 33.2 33.3 33.5 31.1 27.3 23.7 20.4 20.8 21.3 22.9 24.2 25.5 26.4 25.8 25.2 24.6 24.5 24.8 26.8 30.2 33.7 37.6 41 41.1 41 34.9 30.7 31.8 31.7 29.4 15.7 9.8 10.1 10.8 5.6 -0.7 -0.7 3.3 8.7 3.5 2.6 3.4 7 9.4 10 8.5 12.8 13.6 -0.7 -0.7 -0.7 -0.7 -0.7 -0.7 -0.7 -0.7 -0.7 -0.7 -0.7 0.6 0.3 1 8.8 12.8 12.7 12.5 12.6 12.1 13.8 16.2
-0.7 -0.7 34.8 34.4 -0.7 -0.7 -0.7 -0.7 2.6 42.2 37.9 30.8 29.1 30.2 31 26.9 25 24.7 24.8 21.8 18.5 18.4 20 20.4 22 23.7 23.6 22.9 22.2 21.4 21.1 20.6 23.1 26.8 30.4 36.8 40.8 40.7 40.5 39.8 34.6 32.5 32.2 29.8 16.9 10.7 10.2 6.4 1.3 -0.7 -0.7 6.4 11 9.3 5.4 5.1 6.7 12.3 7.9 7.6 11.4 11.1 -0.7 -0.7 -0.7 -0.7 -0.7 -0.7 -0.7 -0.7 -0.7 -0.7 -0.7 6.3 3.6 4.6 10.9 18 18.8 17.4 17.3 15.2 12.8 12
-0.7 -0.7 -0.7 6.1 -0.7 -0.7 -0.7 -0.7 -0.7 -0.7 9 13.9 24.8 24.7 26.2 21.7 18.9 19 19 19.2 17.9 18.1 19 19.3 20.4 21.6 21.1 20.9 20.3 19.6 21 19.6 20.2 23.6 26.7 33.1 37.1 37.5 39.6 40.3 35.3 31.5 31.7 29.3 19 16.7 9 5 1.7 1.9 3.7 9.3 10.5 9.2 11 7.1 7.2 9 7.3 1.3 -0.7 -0.7 -0.7 -0.7 -0.7 -0.7 -0.7 -0.7 -0.7 -0.7 -0.7 -0.7 8.3 10.6 7.6 3.7 8.2 20.1 19.7 20 19.6 16.9 14 14.5
-0.7 -0.7 -0.7 -0.7 -0.7 -0.7 -0.7 -0.7 -0.7 -0.7 -0.7 -0.7 21 22.1 21.8 18.2 18.2 19 19.2 18.2 18.1 17.7 18.1 20.4 21 21 21 20.7 19.4 19.9 21 19.9 18.7 19.5 23.4 27.7 30.8 30.9 34.1 36.9 32.6 29.3 31 28.6 22 20.9 9.7 7.4 5 5.6 8.1 10.7 11 11 11 9 9 8 6.6 1.5 -0.7 -0.7 -0.7 -0.7 -0.7 -0.7 -0.7 -0.7 -0.7 4.9 10.7 8.8 11.8 13.4 10.1 5.6 6.9 13.3 21 19.2 18 16.1 13.9 13.8
-0.7 -0.7 -0.7 -0.7 -0.7 -0.7 -0.7 -0.7 -0.7 -0.7 -0.7 -0.7 20.4 19.2 16.1 14.2 16.7 19.1 20.3 19 18.1 18.1 19.1 20.2 21 21 21 21 19 19 19.1 19 15.4 11.7 14.3 21.5 24.2 24.5 27.2 28.3 27.8 28.1 29.8 27.5 23.5 20.8 16.2 8.7 8.3 9.1 9 11 11 11 9.4 10.8 10.4 9 9.4 5.1 -0.7 -0.7 -0.7 -0.7 -0.7 -0.7 -0.7 -0.7 7 8.2 10.3 13 16.7 17.5 12.9 9 5.4 9.8 20.9 18.8 16 12.5 10.4 11.6
-0.7 -0.7 -0.7 -0.7 -0.7 -0.7 -0.7 -0.7 -0.7 -0.7 -0.7 -0.7 22 14.8 10 10.5 13.9 18.6 21 20.6 19.8 19.2 20 20 21 21 21 20.3 19 19 18.9 18.2 14.4 11 9.2 9.9 12.8 16.5 19 20.7 23.2 22.7 24.5 23.5 22.2 19.1 18.4 12 13.3 11.8 10.1 10.3 8.9 8.3 8.6 13.2 17.2 14.2 16.1 12.2 -0.7 -0.7 -0.7 -0.7 -0.7 -0.7 -0.7 9.9 11.1 10.4 12.1 15 18.5 21 17.1 13.6 10.1 9.5 15.1 17.6 13.7 9.2 9.8 10.9
-0.7 -0.7 -0.7 -0.7 -0.7 -0.7 -0.7 -0.7 -0.7 -0.7 -0.7 -0.7 -0.7 -0.7 6.5 9.6 14.2 20.2 21 21.5 22 19.5 19.7 19 19.4 21 21 19.5 19 19 19 18.9 16.5 13 10 9.8 9.1 9 12.7 16.1 18.5 18.8 20.5 18.9 20.8 19.1 19.1 19.2 19.4 16.1 11.6 10.9 8.6 9 9 15.1 21 20.1 21 21 9.3 -0.7 -0.7 -0.7 -0.7 -0.7 -0.7 11.1 11.2 12 15.1 18.2 19.8 20.9 20 19.7 16.1 9.7 10.6 14.2 11.7 9.2 8.4 9.6
-0.7 -0.7 -0.7 -0.7 -0.7 -0.7 -0.7 -0.7 -0.7 0.8 -0.7 -0.7 -0.7 -0.7 1.6 8.3 15.1 20.4 22.6 24.5 24.7 21.4 19.1 19.2 20.6 20.4 20.9 19.6 19.2 20.1 21.2 20.2 18.8 15.5 12.4 9 9.3 9.2 9.3 11 11.4 13.6 15.4 16.7 18.1 19 19 19 19.6 17.6 13.3 8.4 9 9 7.9 16.8 21 20.6 20.4 23.1 12 -0.7 -0.7 -0.7 -0.7 -0.7 -0.7 -0.7 10.9 14 17.6 20.3 19.7 19.1 19.3 18.3 17.6 12 10.4 11.3 8.7 -0.7 -0.7 -0.7
-0.7 -0.7 -0.7 -0.7 -0.7 -0.7 -0.7 -0.7 -0.7 -0.7 -0.7 -0.7 -0.7 -0.7 -0.7 8.2 15.9 21.6 27.5 26.9 26.6 22.9 21.2 20.1 20.5 20.9 21.1 20.5 20.7 21.7 22.2 22 21.6 18.4 15.3 11.3 9.3 9.3 9.4 10.1 9.1 10.3 12.6 14.8 16.4 18.9 18.9 18.9 19 19.7 15.3 9 9 9 9.5 17.3 21 21 21 20.4 12.5 -0.7 -0.7 -0.7 -0.7 -0.7 -0.7 -0.7 11.7 16.1 19.7 21 21 19.7 18.3 15.5 15.5 11.9 9.8 8 -0.7 -0.7 -0.7 -0.7
-0.7 -0.7 -0.7 -0.7 -0.7 -0.7 -0.7 -0.7 -0.7 -0.7 -0.7 -0.7 -0.7 -0.7 -0.7 8.4 15.4 21.7 29.6 29.6 28.8 25.1 22.4 22.1 21.9 22.2 22.5 21.6 22.3 23.4 24.5 25.3 24.5 21.4 18.3 13.8 9.9 9.3 9.8 9.3 9.3 9.7 10.2 12.5 14.8 17.8 18.9 18.9 19 19.6 15.5 9 9 9 10.9 18 20.9 21.7 22.8 18.8 8.5 11 -0.7 -0.7 -0.7 -0.7 -0.7 3.1 8.6 16.2 20.8 20.4 21 18.5 15.2 12.7 12.5 11.5 -0.7 -0.7 -0.7 -0.7 -0.7 -0.7
-0.7 -0.7 -0.7 -0.7 -0.7 -0.7 -0.7 -0.7 -0.7 -0.7 -0.7 -0.7 -0.7 -0.7 -0.7 10.4 16.7 22.1 31 33.7 30.4 26.4 23.5 23.3 23 23.1 24 23.6 24.5 25.6 27 28.4 27.6 25.3 22.4 18.1 13 9.3 9.3 9.3 9.3 9.3 10 10.5 13.7 16.9 19.4 20.2 19.8 19.2 17.1 9 9 9 12.2 18.8 23.2 29.2 29.6 19.1 11.2 10.1 10.4 7.8 5.5 4.6 3.3 5.3 9 15.7 20.5 19.4 18.8 16.6 12.9 9.9 10.7 11.6 -0.7 -0.7 -0.7 -0.7 -0.7 -0.7
-0.7 -0.7 -0.7 -0.7 -0.7 -0.7 -0.7 -0.7 -0.7 -0.7 -0.7 -0.7 -0.7 -0.7 1.3 9.9 17.1 22.5 31.6 36.3 32.5 26.1 23.8 23.5 23.6 23.6 24.1 25.1 26.4 27.7 29.5 31.2 32.2 30.9 28.3 23 16.4 11.4 9.3 9.3 9.3 9.3 9.4 10.2 11.7 16.3 19.8 21.3 20.1 19.6 19.5 9 9 9 13 19.5 26.1 31 28.9 21.1 16.4 15 16.1 13.1 10.1 8.1 6.3 7.5 9 15.5 19 19.6 18.4 14.6 10.9 9.6 10.8 -0.7 -0.7 -0.7 -0.7 -0.7 -0.7 -0.7
-0.7 -0.7 -0.7 -0.7 -0.7 -0.7 -0.7 -0.7 -0.7 -0.7 -0.7 -0.7 -0.7 -0.7 -0.7 3.3 17.1 23.9 32.8 38.3 33.1 26.6 24.2 24.3 24.2 24.2 24.5 26.1 27.6 29.4 31.9 34.1 35 35.1 33.2 29.6 22 14.5 9.9 9.3 9.3 9 8.4 10.8 9 13.1 20.7 21.7 21.5 21.2 19.9 12.8 9 9 13.1 19.4 30.5 31 28.3 21.4 19.2 19.2 21.8 18.6 15.4 11.6 9.5 9.2 9 13.7 19.8 20.3 16.8 13.2 9.7 8.8 9.4 -0.7 -0.7 -0.7 -0.7 -0.7 -0.7 -0.7
-0.7 -0.7 -0.7 -0.7 -0.7 -0.7 -0.7 -0.7 -0.7 -0.7 -0.7 -0.7 -0.7 -0.7 -0.7 4.1 7.7 13.3 34.3 36.2 31.8 27.4 24.9 25 25.2 25.2 26.5 27.9 29.1 31.4 33.9 37 37.7 39.3 38.2 34.4 28.6 18.8 13.1 9.3 9.3 8.1 5.1 5.8 5 10.7 21 21.9 22.5 21.9 21.5 18.7 10.2 9 12.7 20.1 30.3 30.6 28.4 23.4 20.3 21.3 29.1 25.5 20 15.5 13.2 11.3 9.4 14.3 20.5 21 16.1 11 6.1 3 0.9 -0.7 -0.7 -0.7 -0.7 -0.7 -0.7 -0.7
-0.7 -0.7 -0.7 -0.7 -0.7 -0.7 -0.7 -0.7 -0.7 -0.7 -0.7 -0.7 -0.7 -0.7 -0.7 -0.7 -0.7 -0.7 -0.7 -0.7 -0.7 10.5 25.6 25.7 26.9 25.2 26.3 27.5 30.8 30.5 36.2 39.8 40.3 40.5 41.4 38.2 32.9 25.7 16.5 11.3 9.8 9.3 1.7 0.9 2.7 9.5 16.7 19.7 21.6 23.1 22.2 21.1 16.2 9 11.7 19.6 28.6 31 29.2 29.3 27.7 28 30.3 30.9 24.2 19.2 17 13.6 10.7 13.2 21 21 16.6 10.1 4.3 -0.7 -0.7 -0.7 -0.7 -0.7 -0.7 -0.7 -0.7 -0.7
-0.7 -0.7 -0.7 -0.7 -0.7 -0.7 -0.7 -0.7 -0.7 -0.7 -0.7 -0.7 -0.7 -0.7 -0.7 -0.7 -0.7 -0.7 -0.7 -0.7 -0.7 28.9 26.9 25 25.1 24.5 23.9 28.2 30.2 34.4 38.5 40.9 42.1 43.2 44.9 42.5 38.2 31.8 25.7 15.7 9.5 10.4 2 0.9 0.8 2.8 10.4 14.6 19.2 22 22.1 21.8 20.4 13.5 15.2 20.8 26.7 30.9 30.3 29.5 30.2 29.6 29.6 31 25.8 20.7 20.9 17.4 11.9 9.2 17.3 20.5 16.8 10.3 5.5 -0.7 -0.7 -0.7 -0.7 -0.7 -0.7 -0.7 -0.7 -0.7
-0.7 -0.7 -0.7 -0.7 -0.7 -0.7 -0.7 -0.7 -0.7 -0.7 -0.7 -0.7 -0.7 -0.7 -0.7 -0.7 -0.7 -0.7 -0.7 -0.7 -0.7 29.2 26.2 22.8 -0.7 21.3 22.3 25.2 28.5 32.3 38.4 41.1 42.9 45.7 48 48.2 45.3 35.9 31.3 20.4 12.4 9.8 2.7 0.8 -0.7 -0.7 -0.7 4.6 12.3 17.7 22.2 26.4 25.4 19.2 18.8 19.7 24 29.7 30.7 30.3 29.2 31 31 30.5 26.3 23.6 21.6 20.2 15.7 10 12 16.9 13.4 10.4 5.9 -0.7 -0.7 -0.7 -0.7 -0.7 -0.7 -0.7 -0.7 -0.7
