app/static/ascii/HU24.asc
ncols 200
nrows 200
xllcorner 420000
yllcorner 1140000
cellsize 50
[rows 0 to 37 of 200, columns 0 to 85 of 200]
26.3 25 30 27.5 23 20.2 19.1 17.5 15.5 15.5 14.5 11.9 8.8 7.4 8.6 9.4 11 8 7.3 11.8 20.6 29.3 37.4 43.8 46.8 49.5 51.3 51 50.5 49.4 48.3 46.9 44.9 42.2 39.3 36.5 34 31.7 29.7 28 26.5 25.3 24.7 24.4 25.7 25.6 26 29.5 30.8 31.8 31.6 29 29.2 28.2 26.9 26.2 22.8 24 28.7 32.8 36 37.7 38.6 36.3 35.2 28.6 21.7 18.4 14.7 9.2 7.4 6.8 7.1 8 8 5.4 4.5 4.8 8.2 13.7 16.7 18.5 15.8 13.8 13.8 13.9
25.1 26.6 27.8 29.2 27.2 22 17.6 15.5 13 11.9 10.5 8.2 6.2 6.7 6.6 6.3 6.4 6.4 8.3 11.7 21.6 30.8 39.2 48.2 52.1 52.8 54.6 54.3 53 51.2 49.7 48 45.8 42.8 40 37.2 34.4 31.5 29.2 28.1 26.6 24.9 22.9 22 23.1 25.2 24.7 26.5 29.4 34.4 31.9 28.2 29.1 27.7 24.5 23.1 22.1 27.7 30.8 39 40.7 40.5 42.8 41.6 37.4 30.2 24.8 17.4 13.4 11 8.2 5.3 6.1 3.1 4.7 4.4 5 6.1 7.3 11.5 15.7 19.4 16.4 14 13.8 13.2
21.5 19.7 19.7 18.7 18.2 15.6 12.6 10.8 9.7 7.3 6.2 5.1 4.8 8.1 8.2 6.3 5.9 8.2 10.8 17.3 27.7 35.8 45 49.5 53.4 55.5 57.7 55.7 53.5 51.2 49.2 47.2 45 42.8 40.2 37.8 34.8 31.8 28.7 27.5 26.2 23.8 22.3 22.4 22 22.9 23.2 23 24.7 26 29 28.7 26.8 26.8 23.9 21.4 22.4 28.6 31 41.6 47.9 47.5 48.1 44.7 36.8 30 25 18.4 14.6 10.1 6.7 3.8 8 8 7.5 4.4 3.7 5 6.2 9.9 14 15.8 15.2 13 11.8 11.1
18.8 13.9 12.2 11.9 11.3 10.8 9.7 8 6.1 4.7 4.2 3.9 4.1 4.5 6.5 6.4 5.6 8.7 17.2 25.7 35.7 41.6 50.2 56.4 60.1 61.3 59.5 55.7 52.6 50.5 48.4 46.4 45 43.1 40 38.2 35.4 32.1 28.5 26.7 25.4 24.1 24.3 22.1 22.7 21.9 22 22.3 22.3 26.2 29.6 30.3 26.5 24 21.3 20.6 23.8 27.2 32 42.9 51 52.4 51.3 44.1 36.9 31.8 25.4 19.6 14.8 9.7 5.9 5.6 8 8 8 8 8 8 5.1 7.9 11.3 13.4 14.2 12 11.3 11.2
11.9 10.2 9.2 7.8 7.2 7.3 5.6 3.7 3.5 4 3.7 3.4 3.6 4.1 4.2 4.7 6.9 13.1 25.3 33.8 45.3 51.6 55.5 58.5 61.2 60.9 58.1 54.9 52.3 49.9 47.6 46.2 45 42.9 40.7 38.2 35.5 32.6 28.9 26.1 24.4 24.3 24.4 24.4 24.4 24.4 20.8 22.5 27.3 30.8 30.4 29.4 22.1 19.5 18.9 21.3 22.4 25.9 32.8 40.6 47.7 49.2 47.7 42.3 37.6 32.1 25.2 22.1 15.1 10.2 8.6 7.3 7.2 8 8 8 8 8 6 6.1 9.4 11.1 11 9.8 10.9 13.5
10.1 8.5 6.5 4.6 4.6 5.4 3.6 3.4 3.2 3.3 3.2 3.4 3.5 3.7 4.7 8.5 9.7 14.3 26.5 40.2 48.1 55.4 58.1 59.7 62.2 60.5 57.6 55.2 53.1 51.7 48.6 46.1 44.6 42.9 40.6 37.8 35 32.5 29.2 25.7 24.4 24.3 24.4 24.4 24.4 24.4 20.8 24.1 29.4 32.3 30.6 26.1 20.5 17.1 18.2 19.7 21.9 26.5 33.6 37.8 40.6 42 41.6 39.1 35.5 30.8 25.3 19.9 14.3 10.6 8.5 5.7 7 8 8 8 8 8 8 7.8 7 10.4 10 9.5 11 10.4
8.4 7.1 6 3.8 3.3 2.8 3.4 3.8 3 3.2 4.7 4.6 5.1 7.7 8.6 12.9 13.5 24.7 32.6 42.7 51.5 57.2 59.5 62.5 61.5 60 57.5 55.4 53.7 52.3 49.9 47.2 45.7 43.8 41 38.1 35.6 32.9 29.5 25.4 24.4 24.4 24.4 24.3 21.7 21.3 21.1 23.5 25.4 26.6 25.8 21.7 19.5 15.2 17.1 20.9 20.5 26.7 34.7 44.5 42.5 40.3 39.4 36.1 34.4 29.9 26.4 22.2 16.7 13.4 11.7 7.8 7 6.6 8 8 8 8 8 6.5 5.6 7.1 9.6 11.5 11.6 10.2
6.1 4.9 6 4.2 2.8 2.6 3 5.3 7.7 8.2 8.9 6.8 7.8 11.4 15.1 20.4 23.3 34.3 40.4 47.9 53.5 59.8 61.8 61 60 59 58.1 55.8 55.4 54 52.3 50.3 47.5 44.8 42 39.1 36.2 33.3 29.9 25.9 24.4 24.4 24.4 24.4 20.9 21.2 20.7 22.3 24.7 24.3 22.2 19.1 15.6 19 19 17.5 22.2 28.7 33.2 40.2 39 38.9 37.5 35.6 34.2 29.7 25.5 23.3 22 19.1 16.4 13.8 10.8 6.8 7.8 8 8 8 8 3.7 4 5.9 7.7 10.9 12.5 8.2
2.9 -0.6 -0.6 1.6 2.7 4 5.4 7.7 12.3 15.6 14.8 14.4 15 20.2 26.3 31 31.7 42.3 47.2 54.8 58.6 59.5 59 58.3 56.8 55.4 54.4 56.2 56.1 58.1 54.7 51.7 48.9 45.7 42.9 40 37.1 34.6 30.7 26.8 23.6 24.3 24.4 24.4 24.4 20 21.5 24.5 24.7 23.6 19.3 18.9 19 19 19 19 22.3 24.1 26.3 30.2 32.4 35.8 33.8 32.2 29.2 28.3 28.7 28.5 25.3 25.9 25.6 24 20.9 16.7 10.2 9.4 8 8 8 7.5 6.1 4.9 6.4 7.3 6.6 5.2
3 -0.6 -0.6 -0.6 4.6 12.5 16.6 21.9 30 32.3 28.6 28.6 29.7 30.8 32.2 35.3 41.4 45.8 53.9 57.3 58.1 57.6 56.9 55.8 54.3 52.7 54 53.6 52.7 54.1 52 50.1 49.2 47.1 43.7 40.8 38 35.2 32.1 28 21.5 24.4 23.5 22.4 20.1 19.3 21.2 22.7 22.2 20.7 18.1 18.8 19 19 19 17.3 19.7 21.9 23.5 23.6 25.7 28.6 30.8 28.2 29.7 29.9 30.2 35.2 34.4 36.5 33.2 30.8 27.8 23.8 19.7 14 8.5 6.1 7.5 8 8 6.6 6.9 4.8 3.3 2.8
-0.6 -0.6 -0.6 -0.6 8.7 16.7 26.8 33 40.4 36.7 39.2 39.6 39.5 43 45.2 45.1 49.2 55.2 57.9 59.2 57.8 56.7 55.4 55.4 52.9 51.1 50.6 48.5 47 47.9 47.8 46.9 47.3 45.8 43.2 40.8 38.3 35.1 31.9 28.7 24.8 22.4 21.6 20.9 19.9 19 19.4 19.8 20.4 19.3 17.7 17.6 19 19 19 19 18.3 20.3 20 20 24.1 28.5 27.1 28.4 34.9 36.5 36.8 38.1 40.9 42.8 40.3 35.4 31.4 27.9 23.2 18.2 13.7 9.7 6 4.2 8 6 3.8 2.1 -0.6 -0.6
-0.6 -0.6 -0.6 -0.6 13.3 20.2 28 36.6 36.7 35.1 42.3 48.1 52.1 51.7 53.2 54 59.4 62.8 62.2 60.3 57.4 54.7 54.2 55.3 53 49.9 47 45 43.8 43.7 43.5 44.7 45.1 43.7 41.7 40 37.3 34.8 32.2 29.2 26 24.5 23 21.1 19.3 18.8 19 18.9 18.5 17.3 15.9 15.9 15.6 19 19 18.2 18.5 19.8 19.4 19.8 19.9 22.9 28.4 28.8 34.8 38.4 40.4 44 43.6 43.9 42.2 41.6 39.3 33 26.1 22.6 18.4 12.4 9 6.6 3.4 -0.6 -0.6 -0.6 -0.6 -0.6
-0.6 -0.6 -0.6 3.3 9.1 18.1 27.4 31.7 31.3 34.4 40.2 47.8 52.5 56.6 60.4 60.8 63.9 64.4 62.2 59.6 56.9 54 52.8 52.8 49.3 46.7 43.3 42.5 41.2 39.7 40.8 42.5 42.3 41.6 41 37.9 35.9 34.9 33.1 30 26.7 25.1 23.5 21.3 19.4 18.8 18.6 19 18.1 16.2 15.6 16 18.6 20.3 19.7 20 20.7 20.6 20.5 19.7 20 26.9 28.8 30.8 36.1 44.6 44.3 45.7 45.3 46 44.7 39.8 37.3 35.8 31.6 27.8 23 15.2 9.8 6.2 4.7 4 -0.6 -0.6 -0.6 2.2
-0.6 -0.6 -0.6 -0.6 6.9 14 18.8 24.4 31.8 37.5 40.8 44.7 50.9 55.9 60.2 64 65.4 64.7 61.6 59.3 56.9 54.1 51.9 48.7 45.1 42.9 40.8 39.4 36.8 36.2 39 40.7 39.7 39.3 39.8 36.4 34.3 34.1 35.1 34.6 31.1 28.1 24.8 20.6 20.2 16.8 18.9 21 16.7 15.6 15.7 16.5 18.2 23.2 27.2 26.9 27 25.2 22.9 20.9 23.2 30.1 31.7 33.3 43.1 49 51.6 49.6 47.1 50.1 46.1 42.4 40 40.1 40.3 34.3 27.3 19.2 12.8 5.4 4.5 2.7 -0.6 -0.6 -0.6 -0.6
-0.6 -0.6 -0.6 -0.6 7.3 7.7 11.5 16.4 28.9 34.1 35.2 41.8 49.2 54 59.5 63.8 65.7 65.5 61.8 59.3 57.4 55.3 50.9 47.1 43.2 40.3 38.1 35.6 34.4 34.8 36.2 35.9 37 38.1 37.6 37 34.8 35.9 36.1 36.1 34.2 31.4 24.3 21.4 22 17.5 13.5 14.6 15.2 14.9 15.2 16.7 18.1 22.6 26 30.1 28.9 28.1 24.9 22.3 26.6 34.2 39.8 36.6 42.9 48.4 54.3 55.3 50 50.5 46.3 45.2 46 40.9 41.6 36.2 29.8 19.7 12.9 4.9 2.8 2.3 -0.6 -0.6 -0.6 -0.6
-0.6 10 9.6 10.3 7.6 7.7 11.8 12 17.6 22.8 27.1 36.1 43.9 51.6 61 67.6 65.6 63.5 61.3 59.4 57.1 54.8 51.4 47.1 42.8 39.5 36.6 34.1 32.1 32.5 31.9 32 34.9 36 39.2 39.8 45.6 44.4 42.5 39.6 33.2 29.8 24.7 22.5 22 20.6 10.2 10.7 12 14.7 15.1 16.3 17.3 19.6 23.6 25.2 26.8 26.3 24.1 25.1 27 30.3 32.5 37.3 41.2 46.3 50.1 53.7 52.7 47.7 44.3 43.4 46.3 44.6 40.2 34.8 28.3 18.4 11.7 3.5 -0.6 -0.6 -0.6 -0.6 -0.6 -0.6
-0.6 3.4 9.2 8.9 7.5 15.3 25.7 22.6 24.5 28.6 32.9 35.8 43.2 53 58.3 62.6 65.9 63.3 61 59.4 59.5 57.1 51.6 47.4 43.4 39.1 35.9 33.6 30.3 29.3 29.1 29.8 33.2 37.6 41.4 48.4 52.7 50 47.9 41.1 33.3 30.3 26.6 27.5 24.1 19.6 13.3 8.6 9.6 12 14.4 16.1 17.2 17.4 19.2 20 21.7 22.6 23 24.2 25.8 28.5 31.8 39.9 44.9 43.7 44.9 51.1 56.2 46.4 42.1 40.7 41.6 43.4 41.6 35 24.9 16.1 8.7 -0.6 -0.6 -0.6 -0.6 -0.6 -0.6 -0.6
-0.6 6.6 13.3 13.1 10.3 22.4 37.4 38.5 34.1 38.7 34.7 34 44 52.7 52.6 63.6 66.5 65 62.4 60.7 58.9 54.8 50.2 46.7 42.9 38.1 35.2 33.2 29.1 27.7 27.7 28.2 33.9 39.1 42.3 51.3 54.9 52.6 50.1 42.7 35 31.8 28.3 25.8 22.1 16 12.7 7 6.6 8.5 10.7 12.5 14.1 17.4 19.4 19.3 19.8 20 20.9 23.7 25.3 29.7 33.6 40.1 45.5 43.7 43.7 46.4 48.7 48 42.7 40.6 39.5 41 39.3 32.9 24.3 15.3 7.8 -0.6 -0.6 -0.6 -0.6 -0.6 -0.6 -0.6
4.9 6.5 12.3 13 14.1 25.6 36.6 37.6 37.2 33.6 34.5 38 38.7 42.1 43.9 54.7 57.9 60.7 65.5 64.5 61.6 54.1 49.2 45.5 41.1 36.5 35 31.5 27.7 28.4 27.8 27.8 33.5 39 47 50 53.3 55.8 49.7 42.3 36.5 32.2 28.3 24.6 20.1 15 10.8 5.7 4.3 6 7.7 10.3 12.7 14.7 16 17.9 23.4 23.4 21.2 21.3 25.7 26.7 29.3 34 43.9 48.5 46.7 47.2 48.1 48.3 44.4 40.8 39.3 36.5 35.3 29.9 22 13.8 6.7 -0.6 -0.6 -0.6 -0.6 -0.6 -0.6 -0.6
0.9 4.9 9.6 14.3 21.4 38.2 42.1 35.3 34.5 33.6 40.4 44.9 49.9 41.2 37.6 41.1 48 50 58.5 63.8 60.5 52.2 46.2 42.6 38.5 35.8 35.9 31.7 26.8 31.2 28.1 29.3 36.1 42.8 50 52.8 54.5 55 47.8 39.8 35.2 31.1 25.7 21.8 17.9 13.9 9.2 6 3.8 4.7 5.7 8.2 11.4 12.9 12.1 15.3 19.2 24.9 24.8 25.9 22.5 30.2 29.4 32.5 36 40.6 47.9 50.4 46.6 43.5 41.2 40.9 38.7 33.5 29.2 25.1 17.6 11.1 5.1 -0.6 -0.6 -0.6 -0.6 -0.6 -0.6 -0.6
6 5.9 8.5 15.8 30.5 39.6 34.5 29.6 30.2 42 43.5 50.1 53.6 44.4 38.1 34.1 38.7 42.2 43 53.1 51.8 46.1 40.8 38.5 35.3 34 36.2 33 26.1 29.5 29.3 39.8 42.9 44 50.1 56.2 59.6 56 48.3 41.5 33.9 29.1 25 20.9 16.6 12.5 7.5 6 4.3 3.8 4.2 6.8 8.4 9.9 10.5 14.5 21.3 25.1 30.7 26.8 21.2 25.9 28.5 29.3 31.3 34.9 40.2 41.3 42.5 43.1 43.6 42.7 38.6 32.3 26.9 21.3 15.3 10.1 4.7 -0.6 -0.6 -0.6 -0.6 -0.6 -0.6 -0.6
14.3 17.1 13.6 18 23.7 26.3 30.9 27.9 28.9 40.1 41.6 49.8 51.4 44.8 37.1 31.5 30.7 32.8 34.2 41.2 42.2 41.1 37.6 36.7 36 32.9 32.3 30.3 24.1 26.1 28.8 37.8 43.8 49.1 53.7 53.8 53.4 50.4 45.8 41.1 33.1 28.5 24 19.6 15.3 9.4 5.5 4.9 4 2.7 3.8 3 4 7.2 9.1 12.4 18.2 24.2 28.8 28.3 18.3 19.1 23.5 27.8 29.1 27.9 26.8 29.5 33.9 35.3 36.4 37.9 35.5 31.2 25.3 16.6 12.3 8.5 4.1 -0.6 -0.6 -0.6 -0.6 -0.6 -0.6 -0.6
27 22.8 19.1 20.3 22.6 21.7 24.2 27.3 27.5 30.7 35.1 36.3 37.1 37.5 36.9 31.1 22.8 22.2 25 32.4 41.4 38.9 42 40.9 38.5 31.8 28.5 26.2 22 22.5 24.7 31.1 43.4 48.2 49.9 55.1 50 46.2 42.9 37.5 31.6 26.8 23.8 18.7 13.1 7.6 4.6 4.5 4.4 3.8 2.1 2 1.3 3.5 6.9 7.1 13.2 17.8 18.3 18.9 19.8 17.4 18.4 19.5 21.7 23 24.1 26.8 32.3 34.6 35.7 33.5 30.8 27.1 22.7 10.6 6.4 5.3 -0.6 -0.6 -0.6 -0.6 -0.6 -0.6 -0.6 -0.6
35.9 30 24.4 21.1 21.5 21.8 24.3 26 28.6 28.6 29.5 30.6 36.2 36 32.8 30.3 22 19.2 22.7 29.2 33.6 34.3 38.7 36.9 32.8 27.4 24.6 24.1 23.4 18.5 20.2 23 32.4 41.5 47.6 54.1 48.9 46.6 41.6 36.9 32 27 23.2 17.7 11.9 5.7 4.6 4.5 4.5 6.6 3.8 1 0.5 -0.6 -0.6 3.7 7.8 9.6 13.7 16 15.4 15 14.3 14.5 18.5 21.9 27.7 28.8 34.2 36.1 31.2 29.7 26.4 22 15.5 6.4 -0.6 -0.6 -0.6 -0.6 -0.6 -0.6 -0.6 -0.6 -0.6 3.1
39.7 34.5 29.9 26.5 23.9 23.1 23.7 27.8 28.8 31.6 29.9 31.5 40.2 37.6 33.6 29 24.4 17.7 16.7 17.2 20.1 24 25.8 26 23.8 22.3 22.7 25.3 28.3 19.3 16.6 23.3 23.2 33.8 43.4 51.4 48.2 41.5 38.2 37 34.1 27.4 22.2 16.3 8.8 5.1 4.6 4.3 7.3 11.2 9.2 5 1.8 -0.6 -0.6 -0.6 3.1 6.1 8.3 10.6 10.7 11.2 12.7 15.5 17.7 22.2 24.5 27.4 31.5 35.6 28.5 25.3 22.2 18.3 15 6.9 -0.6 -0.6 -0.6 -0.6 -0.6 -0.6 -0.6 -0.6 -0.6 -0.6
45.1 39.4 34.7 30.9 27.6 25.9 27.3 32.2 30.3 34.2 34.8 37.1 43.2 38.7 34.8 30.6 26.4 20.8 14.4 9.6 9.8 15.1 20.9 25 21.9 20.8 23.5 24.2 25.4 20.3 12.7 21.5 20.4 26.2 34.3 40.9 43.7 38.2 35.2 33.2 30.2 25.2 19.1 11.7 7.1 6.1 6 8 17.1 19.3 14.4 8.2 3.5 3 -0.6 -0.6 -0.6 2.3 4.5 4.7 4.7 6.1 8.2 12.3 15.2 19.2 23.8 21.6 25.1 28.8 23.4 18.6 19.4 19.6 15.2 8.7 -0.6 -0.6 -0.6 -0.6 -0.6 -0.6 -0.6 -0.6 -0.6 -0.6
49.8 43.5 39.6 36.7 32.7 31.8 33.4 36.3 38.9 45.6 43.8 42.7 45.2 41.5 38.4 35.2 30.4 23.7 17.5 9.8 8.5 10.6 15 19.6 23.7 20.7 22.1 26.6 20.2 22.2 12.5 14.7 15 22.4 29.3 38.7 42.7 39.3 35.2 30.4 27.4 21.1 11.7 6.1 7.4 14.6 16.7 11.6 11.3 19.1 22.4 13.5 6 6.2 -0.6 -0.6 -0.6 -0.6 -0.6 -0.6 -0.6 -0.6 3.3 7.4 12 16.6 19 20.3 18.2 17.3 14.8 15 17.5 17.6 12.9 5.6 -0.6 -0.6 -0.6 -0.6 -0.6 -0.6 -0.6 -0.6 -0.6 -0.6
51.9 47.5 44.4 42.5 39.3 36.9 37.1 38.1 42.4 46.9 48.3 50.9 53.2 52.6 48.1 40.3 34.2 27.5 19.5 11.2 8 8.1 11.7 12.2 16.4 18.3 18.6 25.6 15.7 21.3 12.1 10.6 14.4 17.2 23.3 29.3 36.3 37 34.5 27.9 22.1 11.8 5 5.9 9.9 17.9 22.9 19.6 14.8 14.7 21 14.8 11.2 17.9 13 5 -0.6 4.9 -0.6 -0.6 -0.6 -0.6 -0.6 -0.6 7.4 11.9 15.9 17.2 15.4 13.2 13.6 15.5 16.9 18.2 9.7 -0.6 -0.6 -0.6 -0.6 -0.6 -0.6 -0.6 -0.6 -0.6 -0.6 -0.6
49.4 47.3 45.2 43.9 44.1 47.4 45.6 42.7 45.5 48.2 55.1 60.8 61.5 55.7 48.1 43.2 37.4 29.8 20.4 13.3 8.2 7 8.4 9.5 10.5 10.2 11.2 13.1 11.7 11 7.4 11.5 14.8 13.9 19.3 19 27.2 29.6 28.4 21.5 11.3 4.5 -0.6 4.6 9.9 14.2 17.8 22.1 24.1 20.8 12.6 15.3 17.1 14.6 16.4 10.8 4.9 1.5 -0.6 -0.6 -0.6 -0.6 -0.6 -0.6 -0.6 5.5 8.2 8.8 14 15.1 14.5 18 11.8 10.6 -0.6 -0.6 -0.6 -0.6 -0.6 -0.6 -0.6 -0.6 -0.6 -0.6 -0.6 -0.6
53.9 50.7 47 47.8 49.6 51.3 52.5 53.9 53.3 53 60.7 64.1 63.1 53.6 49.8 46.4 41.2 30.1 21.2 14.4 7.9 6.3 5.9 6.6 8 8.5 8.9 8.4 5.4 5.5 7.2 4.8 9.9 10.4 15.5 15.1 22.5 26.8 17.9 15.6 6.7 -0.6 -0.6 -0.6 -0.6 9.1 12.3 16.1 22.5 19.9 15.9 11.1 14.5 14.5 13.6 16.1 12.6 4 -0.6 -0.6 -0.6 -0.6 -0.6 -0.6 -0.6 -0.6 -0.6 7 12.2 13.3 17.8 22.8 8.1 -0.6 -0.6 -0.6 -0.6 -0.6 -0.6 -0.6 -0.6 -0.6 -0.6 -0.6 -0.6 -0.6
62 55.6 50.1 47.6 48.2 52.5 58 60.7 59.4 59.6 65.8 62.8 58 53.3 54.5 46.3 38.3 29.4 21.9 17 10.7 5.9 6 8.9 8.9 7.3 8.9 8.9 11.6 5.5 6.6 1.6 -0.6 4 6.3 8.9 13 20 15.4 6.1 -0.6 -0.6 -0.6 -0.6 -0.6 -0.6 -0.6 5.9 6.8 8.5 11.9 11 10.2 10.9 14.8 12.3 11.4 5 -0.6 -0.6 -0.6 -0.6 -0.6 -0.6 -0.6 -0.6 -0.6 -0.6 4.7 10.9 13 9.1 2.7 -0.6 -0.6 -0.6 -0.6 -0.6 -0.6 -0.6 -0.6 -0.6 -0.6 -0.6 -0.6 -0.6
62.2 60.1 55.5 52.3 54.8 53.2 62.5 60.8 63.7 65.9 67 61 59 55.3 53.7 46.1 41.7 36.3 29.1 22.6 15.3 9.9 6.4 6.8 8.9 8.9 8.9 8.9 7.6 6.2 4.8 5.3 -0.6 -0.6 -0.6 -0.6 8.7 12.5 14.6 6.2 -0.6 -0.6 -0.6 -0.6 -0.6 -0.6 -0.6 -0.6 -0.6 -0.6 -0.6 5.1 6.7 12.4 8.6 10.7 7.7 5.8 -0.6 -0.6 -0.6 -0.6 -0.6 -0.6 -0.6 -0.6 -0.6 -0.6 -0.6 -0.6 7.2 -0.6 5.5 5.4 -0.6 -0.6 -0.6 -0.6 -0.6 -0.6 -0.6 -0.6 -0.6 -0.6 -0.6 -0.6
58.5 58.1 58.7 59.4 67 56.7 59 61.9 59 62.9 67.3 59.5 56.1 56.3 52.3 44.9 43 36.4 28.7 19.5 15.2 12.8 9.9 7.5 8.9 8.9 8.9 8.9 7.8 9.5 5.5 9.9 -0.6 -0.6 -0.6 -0.6 -0.6 -0.6 8.5 12.5 -0.6 -0.6 -0.6 -0.6 -0.6 -0.6 -0.6 -0.6 -0.6 -0.6 -0.6 -0.6 -0.6 -0.6 -0.6 -0.6 -0.6 -0.6 -0.6 -0.6 -0.6 -0.6 -0.6 -0.6 -0.6 -0.6 -0.6 -0.6 -0.6 -0.6 -0.6 -0.6 -0.6 -0.6 -0.6 -0.6 -0.6 -0.6 -0.6 -0.6 -0.6 -0.6 -0.6 -0.6 -0.6 -0.6
56.4 59 62.4 65.7 68.2 60.1 54.7 55.6 54.4 55.7 59.4 56.1 54.6 53.9 49.4 43 37.4 32.5 26.8 20 17.5 16.3 15.4 16.4 16.9 12.3 8.3 8.2 6.2 8.5 8.2 7 1.8 -0.6 -0.6 -0.1 -0.6 -0.6 0.5 2.4 -0.6 -0.6 -0.6 -0.6 -0.6 -0.6 -0.6 -0.6 -0.6 -0.6 -0.6 -0.6 -0.6 -0.6 -0.6 -0.6 -0.6 -0.6 -0.6 -0.6 -0.6 -0.6 -0.6 -0.6 -0.6 -0.6 -0.6 -0.6 -0.6 -0.6 -0.6 -0.6 -0.6 -0.6 -0.6 -0.6 -0.6 -0.6 -0.6 -0.6 -0.6 -0.6 -0.6 -0.6 -0.6 -0.6
55.8 57.3 65.8 68.9 66.6 62.3 58.2 52.3 59 59 55.4 57.9 56.7 52.9 48.6 43.8 39.3 33.5 26.9 22.5 24.2 23.9 22.3 27.2 27.3 16.4 13 13 14.2 13.3 7.5 6.8 3.2 -0.6 -0.6 4.7 4.5 -0.6 -0.6 -0.6 -0.6 -0.6 -0.6 -0.6 -0.6 -0.6 -0.6 -0.6 -0.6 -0.6 -0.6 -0.6 -0.6 -0.6 -0.6 -0.6 -0.6 -0.6 -0.6 -0.6 -0.6 -0.6 -0.6 -0.6 -0.6 -0.6 -0.6 -0.6 -0.6 -0.6 -0.6 -0.6 -0.6 -0.6 -0.6 -0.6 -0.6 4.5 -0.6 -0.6 -0.6 -0.6 -0.6 -0.6 -0.6 -0.6
57.3 63.8 70.4 72.1 71.1 69.3 67.8 54.5 59 59 59 59.6 60.9 58 55.1 50 44.8 39.8 32.2 25 24.1 27.3 26 27.7 28.6 23.6 23.6 26.2 28.7 25 17.8 14.9 11.9 8.4 6.2 5.7 4.3 -0.6 -0.6 -0.6 -0.6 -0.6 -0.6 -0.6 -0.6 -0.6 -0.6 -0.6 -0.6 -0.6 -0.6 -0.6 -0.6 -0.6 -0.6 -0.6 -0.6 -0.6 -0.6 -0.6 -0.6 -0.6 -0.6 -0.6 -0.6 -0.6 -0.6 -0.6 -0.6 -0.6 -0.6 -0.6 -0.6 -0.6 -0.6 -0.6 -0.6 3.8 8.2 9.8 10.3 -0.6 -0.6 -0.6 -0.6 -0.6
62.7 63.8 61 64.5 73.5 73.6 69.8 57.7 59 59 59 57.6 65.6 67.9 66.6 60.2 51.8 43.3 36 28.4 25.1 29.3 33.3 30 27.7 31 33.8 31.2 32.3 28.5 27.6 23.7 20.3 18.6 15.5 8.3 7.5 3.9 4.6 -0.6 -0.6 -0.6 -0.6 -0.6 -0.6 -0.6 -0.6 -0.6 -0.6 -0.6 -0.6 -0.6 -0.6 -0.6 -0.6 -0.6 -0.6 -0.6 -0.6 -0.6 -0.6 -0.6 -0.6 -0.6 -0.6 -0.6 -0.6 -0.6 -0.6 -0.6 -0.6 -0.6 -0.6 -0.6 6.2 7.9 6.6 4.7 8.5 8.4 5.8 -0.6 -0.6 -0.6 -0.6 -0.6
59.7 57.9 55.8 59.3 64.5 70.4 69.3 59.9 57.6 58.3 59 56.5 58.5 62.4 65.5 66.1 57.6 47.2 40.8 34.6 28.8 29.2 32.6 30.6 30.2 34.3 37.9 34.7 28.9 28.6 28.4 30.1 25.5 25.3 21.5 17.2 8.8 8.1 11.8 6.5 -0.6 -0.6 -0.6 -0.6 -0.6 -0.6 -0.6 -0.6 -0.6 -0.6 -0.6 -0.6 -0.6 -0.6 -0.6 -0.6 -0.6 -0.6 -0.6 -0.6 -0.6 -0.6 -0.6 -0.6 -0.6 -0.6 -0.6 -0.6 -0.6 -0.6 -0.6 -0.6 -0.6 4.5 7 6.8 6.2 6.9 6.2 5.5 5.9 2.1 -0.6 -0.6 -0.6 -0.6
