app/static/ascii/HU27.asc
ncols 200
nrows 200
xllcorner 420000
yllcorner 1170000
cellsize 50
[rows 0 to 36 of 200, columns 0 to 84 of 200]
-0.9 -0.9 -0.9 -0.9 -0.9 -0.9 -0.9 -0.9 -0.9 -0.9 -0.9 -0.9 -0.9 -0.9 -0.9 -0.9 -0.9 -0.9 -0.9 -0.9 -0.9 -0.9 -0.9 -0.9 -0.9 25.2 25.3 21.6 17.5 13.3 11.2 11.2 11.2 11.8 15.8 28 40.3 44.2 45.7 47 45.8 40.1 38.6 37.4 35.1 35.6 36.8 37.6 38.4 38.7 39.1 37.8 33.1 25.6 23.5 30.3 36.7 32.5 26.8 24.5 23.3 25.6 27.8 27.1 24.7 19.5 9.8 -0.9 -0.9 -0.9 -0.9 -0.9 -0.9 -0.9 -0.9 -0.9 -0.9 -0.9 -0.9 2.8 15 24 28.4 28.8 28.5
-0.9 -0.9 -0.9 -0.9 -0.9 -0.9 -0.9 -0.9 -0.9 -0.9 -0.9 -0.9 -0.9 -0.9 -0.9 -0.9 -0.9 -0.9 -0.9 -0.9 -0.9 -0.9 -0.9 -0.9 -0.9 -0.9 22.8 18.1 14.1 12.7 11.2 13.8 13.7 13.5 17.9 27.2 39.5 44.3 45.9 48 46.9 41.1 40.4 38.9 37.4 39.5 40 42.7 43.1 42.3 41.4 41.3 35.8 28.7 26.7 33.9 40.3 36.2 28.3 24.6 24.1 24.8 29 31.5 29.1 24.8 15.7 -0.9 -0.9 -0.9 -0.9 -0.9 -0.9 -0.9 -0.9 -0.9 -0.9 -0.9 -0.9 11.5 17.8 27.4 31.6 31.7 29.7
-0.9 -0.9 -0.9 -0.9 -0.9 -0.9 -0.9 -0.9 -0.9 -0.9 -0.9 -0.9 -0.9 -0.9 -0.9 -0.9 -0.9 -0.9 -0.9 -0.9 -0.9 -0.9 -0.9 -0.9 -0.9 -0.9 21.3 18 13.4 11.6 14.1 16.8 18 13.1 18.1 27.3 37.3 42 44.7 47 45.6 41.4 42.1 40.5 41 43.5 45 46.3 48 46.3 43.6 43.4 38 31.4 31.3 37.5 41.4 39.7 33.8 29.3 25.3 26.2 31.4 34.7 32.3 30.2 23.7 9.9 -0.9 -0.9 -0.9 -0.9 -0.9 -0.9 -0.9 -0.9 -0.9 -0.9 5.4 11.8 20.4 27.5 34.3 34 32.3
-0.9 -0.9 -0.9 -0.9 -0.9 -0.9 -0.9 -0.9 -0.9 -0.9 -0.9 -0.9 -0.9 -0.9 -0.9 -0.9 -0.9 -0.9 -0.9 -0.9 -0.9 -0.9 -0.9 -0.9 28.4 26.4 20.6 18.6 14 13 15.1 18.9 22.8 21.7 16 27.7 34.8 38.7 41.9 43.2 43.1 42.2 42.9 44.9 45.9 48.6 49 49.7 51.4 50.5 45.5 44.7 39.2 34.2 35.9 41 43 44.5 40.4 38.5 34.9 31 32 34.6 34.2 32.6 29.7 17.2 -0.9 -0.9 -0.9 -0.9 -0.9 -0.9 -0.9 -0.9 2.6 7.1 7.9 13.6 20.2 28.5 33.4 34.9 32.7
-0.9 -0.9 -0.9 -0.9 -0.9 -0.9 -0.9 -0.9 -0.9 -0.9 -0.9 -0.9 -0.9 -0.9 -0.9 -0.9 -0.9 -0.9 -0.9 -0.9 -0.9 -0.9 -0.9 -0.9 11.7 28.1 22.3 18.9 15.4 17 17.2 21 26.5 22.2 20.2 27.6 32.5 36.6 38.7 41.7 41.9 43.7 45.3 48.1 50.7 53.6 55 53.8 52.9 50.4 46.2 43.4 38.6 37.2 39.6 44.3 45.9 45.4 47.7 44.7 42.5 36.8 34 35.3 35.1 33.9 30.6 21.5 -0.9 -0.9 -0.9 -0.9 -0.9 -0.9 -0.9 -0.9 -0.9 7.3 8.4 14 17.1 22.5 30.2 33.6 32.6
-0.9 -0.9 -0.9 -0.9 -0.9 -0.9 -0.9 -0.9 -0.9 -0.9 -0.9 -0.9 -0.9 -0.9 -0.9 -0.9 -0.9 -0.9 -0.9 -0.9 -0.9 -0.9 -0.9 -0.9 -0.9 27.1 22.6 16 17.1 20.3 20.8 23.8 24.7 23.5 21.4 27.1 30.7 34.7 37.2 40.2 42 45.2 49.3 51.8 55.5 57.6 58.8 57.5 54 51 45.7 43.9 39.7 40.8 42.1 46.4 49.2 48.6 50.9 50 48.1 43.5 37.5 37.5 37.7 34 29.1 22.9 10.1 2 -0.9 2.2 4.2 7.6 12 -0.9 5.9 11.3 12.2 13 17.6 20.6 27.7 32.7 31.6
-0.9 -0.9 -0.9 -0.9 -0.9 -0.9 -0.9 -0.9 -0.9 -0.9 -0.9 -0.9 -0.9 -0.9 -0.9 -0.9 -0.9 -0.9 -0.9 -0.9 -0.9 -0.9 4.6 -0.9 -0.9 22 21.9 16.5 18.3 21.4 26.9 24.7 24.5 23.6 22.2 24.9 31 33.4 34.5 37.2 41.7 45 49.6 54 56.4 59 60.2 58.7 55.8 53.3 47.1 43.4 40.9 43.3 45.4 48.3 52.3 50.9 52.9 55.5 54.6 50.4 42.9 40.9 40.1 36.9 29.7 22 11.9 4.4 -0.9 5.9 9.1 10 12.7 8.5 12.7 16 16.7 17.1 22 25.8 29.6 31.4 30.3
-0.9 -0.9 -0.9 -0.9 -0.9 -0.9 -0.9 -0.9 -0.9 -0.9 -0.9 -0.9 -0.9 -0.9 -0.9 -0.9 -0.9 -0.9 -0.9 -0.9 -0.9 -0.9 -0.6 -0.9 2.1 26.6 18.6 17.2 17.5 21.8 30 28.4 28.1 27.2 25.8 26.5 29 31.4 33 37 41.1 44.7 49.2 51.9 54.2 57.4 59.9 57.3 55.5 52.8 48.9 43 41.4 42.9 48 49.9 51.5 51.5 54.3 57.4 58.8 54.2 48.1 43.8 42.7 39.5 32.5 22.6 14.8 7 5.6 8 10.7 14.5 14.3 12.2 18.5 22.1 26.1 25.6 26.3 31 33.1 32.2 32.3
-0.9 -0.9 -0.9 -0.9 -0.9 -0.9 -0.9 -0.9 -0.9 -0.9 -0.9 -0.9 -0.9 -0.9 -0.9 -0.9 -0.9 -0.9 -0.9 -0.9 -0.9 -0.9 -0.9 -0.9 29 24.7 18.5 17.4 18.2 23.6 28.2 30.3 30.1 32.4 31.4 31 29.8 30.6 32.8 37.3 40 43.6 47.1 50.2 51.4 53.6 55.5 56.2 53.8 53.5 48.6 43.7 41.7 43.4 48.7 48.8 47.4 50.4 54.2 56 58.3 56.9 51.9 45.5 43.9 40.9 34.5 24.3 15.7 9.3 6.3 11.3 12.6 16.2 16.2 15.9 22.5 28.6 33.7 35 33.3 34.9 36.2 33.7 33.4
-0.9 -0.9 -0.9 -0.9 -0.9 -0.9 -0.9 -0.9 -0.9 -0.9 -0.9 -0.9 -0.9 -0.9 -0.9 -0.9 -0.9 -0.9 -0.9 -0.9 -0.9 -0.9 -0.9 22.8 29.3 25 21.2 17.6 17.6 26.3 27 28.9 32.7 38.7 35.5 34.3 33.3 31.1 32.5 35.8 37.6 39.4 44 48.5 49.9 50.3 52.1 53.2 52.7 52.1 48.9 43.3 41.8 44.3 46.9 46.1 46.2 49.7 52.2 53.2 55.1 55.7 51.8 46.6 44 39.4 33.6 25.9 16.7 10.4 6.9 10.6 14.4 15.1 19.9 17.9 25.4 34.8 37.2 38 37.9 38 37.1 34.8 34.4
-0.9 -0.9 -0.9 -0.9 -0.9 -0.9 -0.9 -0.9 -0.9 -0.9 -0.9 -0.9 -0.9 -0.9 -0.9 -0.9 -0.9 -0.9 -0.9 -0.9 -0.9 -0.9 -0.9 18.1 29 24.9 20.5 19 18.5 23.3 29.4 31 34.1 40.6 39.4 36.6 34.8 31.6 31.9 35.7 36.6 41.2 46.1 51.3 51 50.8 49.5 51.7 51.4 49.4 47.9 44.3 43.3 46.4 46.8 46.1 46.3 49.7 50.2 51.1 52.4 53.9 52 47 43.2 38.2 32.3 24.8 17.3 10.3 9.1 9.8 14.6 15.5 18.5 18.7 27.8 36 37.8 39.3 40.2 38.6 37.7 37.4 34.2
-0.9 -0.9 -0.9 -0.9 -0.9 -0.9 -0.9 -0.9 -0.9 -0.9 -0.9 -0.9 -0.9 -0.9 -0.9 -0.9 -0.9 -0.9 -0.9 -0.9 -0.9 -0.9 -0.9 30.3 28.1 -0.9 23.2 23.1 23.9 23 32 34.9 35.1 36.8 37.2 36.3 34.4 31 31.6 34.6 37.8 43.6 48.4 52.8 54.2 54.7 50.8 51.7 50.4 48 46.4 45.7 45.1 47.1 46.1 46.8 47 47.6 48.2 49.2 50.5 51.5 50.6 46.3 41.5 36.7 31.4 25 17.8 11.3 10.2 10.2 12.1 14.6 19.6 23.3 26.5 38.4 38.6 38.5 39.2 38 37.8 37.2 36
-0.9 -0.9 -0.9 -0.9 -0.9 -0.9 -0.9 -0.9 -0.9 -0.9 -0.9 -0.9 -0.9 -0.9 -0.9 -0.9 -0.9 -0.9 -0.9 -0.9 -0.9 -0.9 -0.9 31.1 30.3 -0.9 20.3 22.7 26.8 25.9 28.7 34.5 34.7 35.4 35.4 35.5 35.7 30.4 31.2 36 40.5 46.7 49.7 53.4 56.6 55.5 54.6 51 50.6 48.1 45 43.5 44 47.2 46.1 46.8 47.3 46.3 46.3 47 48 48.4 47.4 44 38.9 33.7 28.9 24.1 18.8 12.2 11.3 11.3 11.5 13.5 17.2 27 25.4 35.8 39.9 39.5 40.6 38.1 37.2 35.7 32.1
-0.9 -0.9 -0.9 -0.9 -0.9 -0.9 -0.9 -0.9 -0.9 -0.9 -0.9 -0.9 -0.9 -0.9 -0.9 -0.9 -0.9 -0.9 -0.9 -0.9 -0.9 32.4 33.4 33 32.4 28 20.6 22.9 26.5 27.8 23.8 29.2 33 35 32.7 31 29.1 29.5 29.9 37.2 44.3 46.5 48.8 52.2 56.4 55.2 53.2 51.1 50.6 47.6 44.6 43 43.1 45.6 46.2 46.4 46.9 44.7 44.9 45.2 44.8 45 44.8 41.7 37 31 25.5 21.1 15.8 13 12.4 11.9 11.6 12.8 17.2 23 27.4 29.2 36.8 38.7 43.4 42.6 35.6 32.4 30.3
-0.9 -0.9 -0.9 -0.9 -0.9 -0.9 -0.9 -0.9 -0.9 -0.9 -0.9 -0.9 -0.9 -0.9 -0.9 -0.9 -0.9 -0.9 -0.9 -0.9 30.2 32.2 33.7 34.1 35.3 30.9 25.6 23.9 23.9 23.9 24.2 23.9 30 33.9 31.8 29.2 28.9 28.9 32.6 39 46.1 48 49 50.8 51.3 52.1 50.5 49.2 48.9 47.4 43.3 42.9 43.2 44 44.1 43.9 43.7 42 42.2 44 43.1 42.5 42.5 40.6 34.6 30.2 23 18.1 14.7 13.7 14.5 13.2 12.3 12.9 18.5 22 25 28.5 36 39.5 43.3 42.5 36.3 30.7 29.8
-0.9 -0.9 -0.9 -0.9 -0.9 -0.9 -0.9 -0.9 -0.9 -0.9 -0.9 -0.9 -0.9 -0.9 -0.9 -0.9 -0.9 8.2 -0.9 -0.9 -0.9 13.9 34.8 36.1 35.3 34.7 28.5 23.9 23.9 23.9 23.9 23.9 28.1 30.1 30.2 28.8 28.6 30 37.2 43.9 47.6 49.6 51.7 49.2 48.5 49.6 47.6 46.2 46.1 46.6 43.6 41 43.7 43.2 40.3 39.1 38.9 39.5 39.9 41.4 40.8 39.6 38.5 39.2 33.9 26.6 19.8 16.2 15.6 15.5 15.9 16 13.1 13.9 20.1 24 27.2 27.7 36 40.7 44 39.2 36.4 32.5 30.6
-0.9 -0.9 -0.9 -0.9 -0.9 -0.9 -0.9 -0.9 -0.9 -0.9 -0.9 -0.9 -0.9 -0.9 -0.9 -0.9 -0.9 -0.9 -0.9 -0.9 -0.9 31 33.8 34 33.6 33 26.1 24 23.9 23.9 23.9 23.9 25.9 30.2 29.6 28.7 28.3 34.3 41 48 50.4 50 54 49.7 46.7 48.3 46.8 47.9 45.3 46.7 41.5 38.4 42 42 37.6 34.3 34.5 35.9 37.8 36.8 35.8 33.9 33.1 33 31.4 24.2 18 16.7 17.6 18.4 18.1 18.6 14.6 15.6 19.7 23.6 26 26.5 33.3 41.1 44.7 39.7 36.1 35.2 32.6
-0.9 -0.9 -0.9 -0.9 -0.9 -0.9 -0.9 -0.9 -0.9 -0.9 -0.9 -0.9 -0.9 -0.9 -0.9 -0.9 -0.9 -0.9 -0.9 -0.9 25.6 29 31.4 32.7 30.6 27.8 23.9 23.7 23.9 23.9 23.9 23.9 24.8 30.4 32.4 28.8 28.6 38 44.7 51 52.9 49.8 51.4 49.9 47.2 46.5 46.2 46.1 45 44.7 40.1 36.3 37.2 37.9 35.1 32.7 32.5 34.5 36.6 35.1 32.6 29.9 28.3 27.5 29 22.9 17.2 17.9 20.1 21 21 20.2 16.1 17.8 19.9 24.2 27.1 27.8 27.7 38.8 44.2 40.5 37 34.6 33.1
-0.9 -0.9 -0.9 -0.9 -0.9 -0.9 -0.9 -0.9 -0.9 -0.9 -0.9 -0.9 -0.9 -0.9 -0.9 -0.9 -0.9 -0.9 -0.9 24.7 23.6 26.7 30.9 31.1 28.7 24.3 23.9 27.9 23.9 23.9 23.9 24 26 27.1 32.4 31 30 39.4 48.1 52.1 51.6 53.3 50.4 52.5 51.8 46.6 44.5 43.9 43.5 41.3 36.8 34.6 32.2 32.8 33.1 32.2 32 32.4 34.9 34.6 31.2 27.3 24.7 23.7 24.6 21.4 18.1 19.7 22 23.5 24.2 21 18.4 19.8 23.8 26.4 31.4 31.9 29.6 34.6 38.8 36.2 37 34.4 33.5
-0.9 -0.9 -0.9 -0.9 -0.9 -0.9 -0.9 -0.9 -0.9 -0.9 -0.9 -0.9 -0.9 -0.9 -0.9 -0.9 -0.9 -0.9 -0.9 -0.9 23.6 23.6 27.9 29.4 27.7 23.9 23.9 24.4 24.5 23.9 23.9 23.9 23.9 23.9 24.9 25.2 31 40.9 43.8 47.2 51.7 52.2 52.7 53.3 52.2 46.4 43 41.2 40.5 38.5 32.4 31.6 31.5 31.3 32.4 32.3 31.6 30.9 32.9 33.1 30.4 25.3 22.2 20.9 22.3 21.5 19.7 21.8 23.9 26 26.4 25 19.6 21.6 25.8 30.7 33.9 37.3 37.1 34.9 32.2 30.6 32.4 34.1 32.7
-0.9 -0.9 -0.9 -0.9 -0.9 -0.9 -0.9 -0.9 -0.9 -0.9 -0.9 -0.9 -0.9 -0.9 -0.9 -0.9 -0.9 -0.9 -0.9 -0.9 29 23.6 23.6 28.5 29 27.7 23.9 23.9 23.9 23.9 23.9 23.9 23.9 23.9 26 28.5 33.1 39.2 43.6 48 52 50.5 52.2 54.8 50.3 45.8 41.2 38.7 37 34.2 31.3 30.9 31.8 31.3 31.2 33.9 30.7 30.2 30.8 30.2 27.7 23.9 19.1 19.1 21.1 22.4 21.5 23.5 25.6 28.1 28.3 27.7 19.9 20.9 27.4 30.9 35.6 40.5 41.8 39.5 37 29.9 29.9 32.5 31.5
-0.9 -0.9 -0.9 -0.9 -0.9 -0.9 -0.9 -0.9 -0.9 -0.9 -0.9 -0.9 -0.9 -0.9 -0.9 -0.9 28.1 23.8 33.1 28.6 29.6 27.5 26.4 28.4 28.9 28.3 26.3 23.9 23.8 26.2 28.1 28.3 26 23.9 28.2 32.1 34.8 39.5 45.8 51 56.1 57.1 52.4 55.3 51.3 45.4 40.7 36.5 33.8 31 29.2 30 31 30.2 29.2 32.2 28.4 29.2 29.3 30.6 25.7 21.4 17.5 17.6 20.8 23.4 22.6 25 27.7 29.8 28.9 25.1 20.2 22 29 32.6 37.3 40.9 43.1 40.5 37.7 32.7 29.9 31.5 31.3
-0.9 -0.9 -0.9 -0.9 -0.9 -0.9 -0.9 -0.9 -0.9 -0.9 -0.9 -0.9 -0.9 -0.9 -0.9 -0.9 28.5 38.4 35.3 28.6 28.6 29.8 30.3 29.3 31 28.7 28.1 28.9 27.7 29.1 31.5 31.7 31.3 27.7 27.2 34.1 36.7 40.1 46.3 51.3 55.2 57 52.4 54.3 51.1 45.6 40.3 35.1 32.2 28.3 28.2 28.2 29.6 28.9 28.3 28.2 27.1 27.9 29 29.6 25.1 20.2 17.2 16.7 20.6 22.7 23.1 26.5 28.7 31 28.4 23.5 21 23.7 31.3 34.5 38.9 40.1 41 39.1 35.3 32.6 29.9 29.9 32.6
-0.9 -0.9 -0.9 -0.9 -0.9 -0.9 -0.9 -0.9 -0.9 -0.9 -0.9 -0.9 -0.9 -0.9 -0.9 -0.9 -0.9 45.7 41.2 33.1 31.4 33.6 31.4 30.2 34.3 34.3 29.8 30.2 31.3 32.1 34.3 34.2 36.1 31.9 28 33.8 38.8 40.3 45.2 49 52.3 53.7 49.3 52.1 50.7 46.3 41.4 35.2 31.1 28.3 28.2 28.2 30.4 29 28 28.2 27.5 26.8 30.1 27 24.4 19.1 16.6 16.5 18.1 23.4 22.7 27.1 29.9 29.1 27.5 24.3 22 25.9 34.4 36.8 39.3 38.5 37.4 35.2 34.3 31.5 30 29.7 30.2
-0.9 -0.9 -0.9 -0.9 -0.9 -0.9 -0.9 -0.9 -0.9 -0.9 -0.9 -0.9 -0.9 -0.9 -0.9 -0.9 -0.9 44.8 41.1 37.3 35.3 36.5 36.1 32.3 36.2 40.5 37.9 32.8 32.5 33.9 33.7 34 34.4 33.7 27.9 32.5 37.5 38.6 41.2 44.2 48.4 49.3 47.3 47.5 48.6 45.5 41.5 35.8 31 28.2 28.2 28.2 28.2 30.2 28.2 28.2 28.1 27.3 28.1 26.5 23 18.4 16.3 16.4 16.6 18.2 22 27.7 28.2 27.6 27.2 26.1 23.7 26.4 34.2 38.6 36.3 37.3 36.2 33.6 32.8 31.4 30.3 28.7 28.4
-0.9 -0.9 -0.9 -0.9 -0.9 -0.9 -0.9 -0.9 -0.9 -0.9 -0.9 -0.9 -0.9 -0.9 -0.9 -0.9 47.7 44.7 40.4 38.5 38.6 40.5 39.4 37.4 37.4 44.2 44.7 36.4 34.8 33.1 28 31.6 32.7 30 27.6 30.9 37.5 37.9 38.8 42.1 45.1 46.6 45.9 44.6 45.9 43.5 40.5 37.2 32.9 29.8 28.2 28.2 28.2 30.5 29.3 28.2 28.2 27.9 26.7 25 21.5 17.2 16.5 16.2 16.4 19.3 20.4 26.1 25.4 26.3 27.5 26.2 25.5 27.9 34.6 36.7 37.4 39.5 36.3 30.7 30.1 31.8 29.2 27 26.4
-0.9 -0.9 -0.9 -0.9 -0.9 -0.9 -0.9 -0.9 -0.9 -0.9 -0.9 -0.9 -0.9 -0.9 -0.9 54.8 50.9 -0.9 43.8 42.2 40.8 42.2 41.5 38.7 39.9 44.9 46.2 41 37 37 27.9 26 29.1 28.2 27.8 29.7 36.7 39.6 40.8 42.7 45.6 47 45.2 42.8 42.5 41.7 39.6 37.3 34.2 31.6 29.4 28.2 28.2 29.7 30.5 29.3 28.2 28.6 27 23.7 21.5 17.2 15.3 15.5 15.8 20.3 22.7 22.5 23.7 25.9 27.2 26.1 28.8 29.8 34.1 37.6 37.9 38.8 35.6 30.6 26.7 29.5 27.9 26.2 25.6
-0.9 -0.9 -0.9 -0.9 -0.9 -0.9 -0.9 -0.9 -0.9 -0.9 -0.9 -0.9 -0.9 -0.9 -0.9 -0.9 -0.9 -0.9 -0.9 0.9 27.8 44.3 43.3 41.7 43.3 43.6 41.8 39.5 35.7 33.6 26.8 23.9 25.8 26.7 29.7 30.8 35.5 40.5 42.5 43.7 45.1 46.4 44.4 41.7 41 40.6 39.4 38.1 35.3 32.8 30.7 28.9 28.2 28.2 29.6 28.6 28.3 28.2 26.7 22.8 19.2 16.3 15.2 15 15.2 19 26.1 23.6 24.3 25.8 27.7 26.3 27.4 31 36.3 37.2 38.2 38.2 30.9 26.2 25.7 26 26 26 26
-0.9 -0.9 -0.9 -0.9 -0.9 -0.9 -0.9 -0.9 -0.9 -0.9 -0.9 -0.9 -0.9 -0.9 -0.9 51.1 48.9 45.4 44.8 47.1 49.1 47.4 47.1 45.9 44.6 43.4 39.1 35.3 29.8 26.5 24.2 23.5 25.7 28.2 32.7 33.2 35.6 39.6 43 44.2 45.4 44.9 43.1 41 40 39.3 39.5 38.3 36.4 34.2 32.6 31.2 28.9 28.2 28.3 27.5 27.7 28.8 25.3 21.6 18 16 14.3 14.4 15.2 16.4 24.2 24.7 26.1 26.7 26.9 27 26.6 30.3 37 39.4 35.6 32.2 26.2 25.3 26.6 26.4 26 26 25.6
-0.9 -0.9 -0.9 -0.9 -0.9 -0.9 -0.9 -0.9 -0.9 -0.9 -0.9 44.6 48 50 49.7 50.1 47.6 40.8 40.8 40.8 46.7 47.5 47.4 46.2 42.2 41.1 36.9 30.9 26 22 22 22.7 27.2 31.4 32.3 33.9 35.9 39.4 42.1 44.3 43.2 42.5 40.5 39.7 39.6 39.4 39.4 38.8 37.2 35.4 33.4 32.4 31 28.2 28.2 27.1 27.3 27.1 24.3 20.7 17.3 15.4 14.2 14.4 15.4 17.3 22.3 24 27.1 28.8 27.3 28.9 30.5 29.2 36.1 39.6 33.7 27.4 23.2 25.3 27.7 29.7 28.5 26.1 25.7
-0.9 -0.9 -0.9 -0.9 -0.9 -0.9 -0.9 -0.9 -0.9 -0.9 47 50.3 51.4 50.3 51 49.2 43 40.8 40.8 40.8 40.8 42.6 46.3 45.6 42 39.7 37 27.5 23.7 21.3 22 23.2 27.7 33.4 35.7 35.2 36 40.4 42 43.7 43.1 40.1 38.4 38.5 38.6 39.6 39.6 39.2 37.7 36 33.9 31.9 31.3 29.5 28.5 27.3 26.7 25.3 23.4 20.4 16.9 15.3 13.8 14.3 14.9 19.5 20.2 23.1 28.4 28.9 29.4 29.6 29.6 27.6 32.8 33.1 28.7 24.6 22.3 25.1 28 31.2 31.9 28.1 26.5
-0.9 -0.9 -0.9 -0.9 -0.9 -0.9 -0.9 -0.9 -0.9 -0.9 47.6 51.1 51.9 52.3 52.2 49.7 40.8 40.8 40.8 40.8 40.8 40.8 44.6 45.4 42.5 38.6 35.6 28.2 21.8 21.3 23.1 24.8 28.6 34.2 37.8 37.7 36.9 39.4 43.1 41.8 41.2 39 38.3 37.7 38.5 39.4 39.7 39.2 37.7 36.5 34.5 31.6 29.9 30.1 28.4 27.7 25.8 25.2 23.3 20.7 17.2 15.3 13.6 14 15.6 19.3 20.8 22.1 29.1 29.9 29.6 30.6 28 27.8 31.6 28.5 26.5 23.3 22 24.2 27.6 30.8 33.5 31.3 27.9
-0.9 -0.9 -0.9 -0.9 -0.9 -0.9 -0.9 -0.9 -0.9 42.7 46 47.9 48.7 50.1 51.9 50.6 40.8 40.8 40.8 41.9 43.7 46.3 45.1 43.8 41.3 36 34.1 29.4 20.8 21.3 25.1 27.5 29.6 33.2 36.2 37.8 36.9 38.4 42.2 40.3 39.9 39.2 38.5 37.7 37.7 38.2 38.7 38.9 37.7 36.3 35.5 33.3 29.4 28.2 28.2 27.4 26.2 24.9 23.9 21.4 17.4 14.7 13.3 14.5 17 20 21.7 22.3 26.8 28.6 28.9 29.4 27.2 28.4 29.1 24.7 24.9 22.9 21.3 22.7 26.4 30 31.9 29.8 27.8
-0.9 -0.9 -0.9 -0.9 -0.9 -0.9 -0.9 -0.9 -0.9 40.7 44.5 44.7 44.9 46.2 47.7 48 42.2 45.5 46.8 49.1 47.7 47 46 43.5 38.2 33.7 30.7 26.2 19.5 22.4 26.5 28.7 29.5 32.4 34.3 35.8 37.4 38.9 40.5 40.7 40.2 40 38.8 36.8 36.8 37.3 37.6 38 38.5 36.2 35.9 33.8 28.8 26 26.7 26.8 26.2 24.4 22.9 21.2 17.8 13.4 13.7 13.7 16.9 20.9 22.8 23.5 26.1 28 29.2 27.3 26.3 28 27.5 22.5 22.9 23.1 20.2 20.6 25.5 29.1 30.2 26.5 24
-0.9 -0.9 -0.9 -0.9 -0.9 -0.9 -0.9 -0.9 -0.9 39.5 41.5 42.2 42.4 43 43.4 42.8 41 45.9 50.7 51 49 44.2 43.8 43.9 38.1 30.4 26.1 20.9 17.5 22.7 27.8 29.5 28.1 31.1 33 33.6 36.4 39 40.4 41.2 40.9 40.8 38.3 36.2 35.6 37.3 34.9 35.5 37.7 36.9 34.1 32.5 30 25 23.6 25 24.6 23.6 21.6 20 17 12.5 10.3 12.7 16.8 21.8 24.6 25.1 25.8 27 28.4 26.9 25.8 26.6 23.3 21.2 22.5 23.1 21.4 18.1 24.1 28.1 26.6 22.1 -0.9
-0.9 -0.9 -0.9 -0.9 -0.9 -0.9 -0.9 -0.9 40.2 40.8 40.4 40.1 40.4 38.3 38.6 36.5 39 47.2 51 52.1 50.6 44.9 43.4 42.5 38.9 26.1 20.3 17.4 16.3 20.8 27.5 26.9 24.9 27.5 30.3 31.3 33.7 37.9 39.5 39 38.8 39.9 37.9 35.8 33.7 35.2 32.2 33.3 35 34.1 31.7 30 27.7 25.1 22.8 22 21.4 20.7 19.4 17.8 15.8 10.7 9.5 12.3 16.3 22.4 25.9 26.1 25.4 26.2 27.2 26 25.8 24.8 21.9 20.3 21.1 21.8 22.2 16 20.3 25 19.3 18 -0.9
-0.9 -0.9 -0.9 -0.9 -0.9 -0.9 -0.9 41.4 42.7 40.2 38 36.1 34.1 32.9 31.6 29.3 36.8 43.5 46.5 48.7 49.1 47.5 43.4 41.9 37 23.3 16.7 15.7 15.2 17 23.7 24.4 21.7 24.8 27.2 29.1 31 35.3 36.5 37.3 37.7 38.4 38.5 34 31.7 31.4 29.5 30.2 31.2 33.9 29.9 28.2 27.9 25.7 22.8 20.2 18.5 16.3 17 15.1 11.5 8.9 8.4 10.4 17.9 19.8 24.8 25.9 25 25 24.2 23 25.2 25.1 20.7 19.6 19.7 19.8 20.5 14.6 17.1 15.5 15.2 14.5 -0.9
