app/static/ascii/HU28.asc
ncols 200
nrows 200
xllcorner 420000
yllcorner 1180000
cellsize 50
[rows 148 to 184 of 200, columns 84 to 167 of 200]
37.5 37.5 39.8 39.8 41.5 45 48.5 49.2 47 45.2 42.3 39.9 39.6 40 40.1 40.5 43.3 46 50.1 52.5 51.2 53.4 56.4 57.7 58.8 61.2 58.8 58.8 59.2 58.4 58.9 58.9 61.4 62.1 62.3 63.8 65.7 68.6 73 77.3 83.1 90.2 97.1 103.2 106.6 110.2 112.9 111.7 108.7 103.3 98.8 97.1 95.5 100.1 102.3 98.8 98.4 98.4 98.3 97 89.3 60.7 51.9 -0.9 -0.9 -0.9 -0.9 -0.9 -0.9 -0.9 -0.9 -0.9 -0.9 -0.9 -0.9 -0.9 -0.9 -0.9 -0.9 -0.9 -0.9 -0.9 -0.9 -0.9
37.5 38.3 41.7 40.7 40.5 43.5 46.6 48.9 48.3 45.3 45.5 42.2 40.2 41.4 43.3 44.5 46.3 48.2 51.5 51.2 51.2 54.9 56.6 58.1 61.5 63.3 61.7 60.1 60 59.1 60 61.1 62.7 63.3 62.7 64.7 66.9 69.7 74.9 79.7 85.3 92.6 98.6 103.4 107.2 112.4 115 115.1 113.6 109.9 104.6 101.4 100.7 105.3 108.7 105.8 103.5 103.1 103.2 101.2 95.5 83.4 76.4 74.5 11.5 -0.9 -0.9 -0.9 -0.9 -0.9 -0.9 -0.9 -0.9 -0.9 -0.9 -0.9 -0.9 -0.9 -0.9 -0.9 -0.9 -0.9 -0.9 -0.9
37.5 37.2 41.6 36.6 38.9 42.9 45.4 47.4 47.8 47.3 47.2 46.6 42 40.9 43.1 45.4 50.5 53.5 51.8 50.8 53.2 55.3 57 60.9 65.8 68.5 65.3 61.3 61.1 60.6 61 63.4 64 64.4 64.8 65.2 65.9 69.2 74.4 80.9 87.5 95.2 101 106.4 111.7 115.3 117 118.4 117.3 116.2 110.3 105.7 105.4 111.6 115.5 112.1 109.3 108.2 107.1 105.4 100.4 90 84.7 86.6 66.5 1.8 -0.9 -0.9 -0.9 -0.9 -0.9 -0.9 -0.9 -0.9 -0.9 -0.9 -0.9 -0.9 -0.9 -0.9 -0.9 -0.9 -0.9 -0.9
39.4 39.4 39.5 36.2 39.4 41.1 45.9 48 49.8 50.7 49.9 50.4 44.1 43.5 42.9 44.7 48.3 53.5 51.4 52.1 54.8 57.5 61.1 66.7 70.4 70.9 66.9 62.9 62.4 61.9 62.9 63.9 64.4 64.3 64.8 65.6 66.9 67.7 73.2 80.2 87.8 97.3 103.2 107.4 116.7 119.3 120.5 120 119.6 117.5 113.4 108.9 109.8 117.1 121 118.4 113.1 111.3 110.6 109 105.4 93.9 87.1 88 79.8 48.6 65.6 22.5 -0.9 -0.9 -0.9 -0.9 -0.9 -0.9 -0.9 -0.9 -0.9 -0.9 -0.9 -0.9 -0.9 -0.9 -0.9 -0.9
42.3 40.2 37.2 40.4 39.3 42.4 46.7 48.1 50.2 52.6 51.8 51.2 46.2 43.9 41.2 43.3 47.2 48.9 50.5 55.6 59.8 63.9 67.6 70.3 70.9 70.4 65.6 63.5 62.1 63.4 64.3 64.6 64.9 65.2 65.1 66.4 67 67.6 70.8 77.8 84.8 94.6 101.8 106 114 119.9 123.4 121.1 118 117.1 114.8 112.3 113.3 120.3 124.8 124.9 122.6 117.6 116.8 115.5 110.6 100.5 89.8 88.6 86.3 88.6 85.3 91.7 38.7 24.9 15.9 -0.9 -0.9 -0.9 -0.9 -0.9 -0.9 -0.9 -0.9 -0.9 -0.9 -0.9 -0.9 -0.9
41.4 38.9 34.9 39.7 42.1 46.1 50.3 50.3 50.8 54.2 51.8 50.8 47.6 45.2 44.2 41.8 44.6 47.6 49.8 57.4 61.6 65.4 68.3 70.8 70.4 68.5 64.9 61.4 61.5 63.9 64.4 64.9 65.2 65.2 66.7 66.6 66.9 68.6 71.6 76.8 82 87.2 96 102.3 110.4 117.2 121.8 120.7 115.7 117.1 117 114.9 115.7 122.1 128.6 133.3 133.7 128.7 123.9 124 118.7 107.5 93.9 89 87.5 93.9 87.4 94.4 101.6 89.9 73.9 19.6 -0.9 -0.9 -0.9 -0.9 -0.9 -0.9 -0.9 -0.9 -0.9 -0.9 -0.9 -0.9
38.3 32.4 33.6 39.2 45.8 51.5 55.4 54.8 52.9 51.3 49.9 48.4 47.8 46.8 46.1 42.3 44.5 46 49.8 56.8 63.5 64.9 67.7 69.9 70.5 67.5 64.4 61 62.3 62.8 64.2 64.9 65.3 65.2 66.7 66.8 67.8 70.3 72.5 78.1 82.5 86.7 93.2 99.7 105.7 110.4 114 113.9 114.3 117.2 118.8 117 117.6 124.2 132.4 137.9 142.2 138.2 131.2 131.7 124.9 112.8 99.2 93.4 92.4 93.2 87.5 89.9 98.9 91.2 85.2 74.3 35.4 -0.9 -0.9 -0.9 -0.9 -0.9 -0.9 -0.9 -0.9 -0.9 -0.9 -0.9
29.7 32.6 36.5 42 48.7 54.7 58.4 56.1 54 54 52.3 48.9 48.2 46.8 46 45.7 43.9 47 51.6 57.8 64 67.5 68.1 70.8 70.8 68.1 64.4 62 62.3 62.3 63 64.2 64.4 65.2 66.1 66.5 68.8 70.9 75.2 79.7 84.6 87.5 92.8 100.6 102.1 105.7 108.8 110.2 115.4 119.4 120.3 118.8 118.5 124.6 135 141.8 147.4 144.7 138.5 134.8 128.4 117.4 108 100.9 95.8 91.4 90.3 90.3 95.5 93.8 84.8 78.8 68.1 59.7 14.6 -0.9 -0.9 -0.9 -0.9 -0.9 -0.9 -0.9 -0.9 -0.9
33.7 34.7 40.8 45 50.6 56.4 59.6 57.6 56.1 55.4 54.3 51 49.7 47 46.5 46.3 45.5 47.9 52 59.5 65.2 66.5 66.6 69.1 69.9 69 65.2 60.9 62.3 62.3 62.3 65.2 65.8 65.9 67.2 67.3 69.8 72.6 75.8 80.2 86.4 90.5 91.4 96.7 100.5 104.1 107.3 110.9 117.1 121.8 122.5 121 120.5 127.5 135.9 142.8 148.6 149.3 144 137.5 132.4 127.4 123.5 110 100.7 95.4 102.6 100.3 95.1 96 88.1 82 76.4 71.5 46.8 39.3 36 -0.9 -0.9 -0.9 -0.9 -0.9 -0.9 -0.9
32.9 34.3 39 45.2 50.5 57.3 60.2 57.7 56.7 54.2 53.8 50.1 51.6 49 47.9 46.9 45.2 47.6 50.8 59.3 63.9 64.3 65.2 67.3 68.7 67.7 66 64.9 62.9 61.8 62.8 65.6 66.6 67.2 68.3 70 71.2 74.1 77 79.4 85 93.7 94.1 92.9 96.6 100.9 105.7 113.1 119 123 124 124.1 123.3 128.8 136.5 144.5 150.8 150 145.6 141.6 139.1 134.1 131.5 122 114.4 105.9 110.6 105.4 100.9 99.5 93 85.4 82.3 73.4 60.2 48.9 35.5 -0.9 -0.9 -0.9 -0.9 -0.9 -0.9 -0.9
34.1 34.4 39.4 45.5 50.6 57.7 58.4 57.3 56.4 52.6 50.3 52 53.6 51.9 49.7 49.2 47 47.3 47.9 57.2 61.7 63 64.5 66.2 67.3 67.6 66 64.8 64.1 63.1 64.3 65.6 66.8 68 69.6 71.1 71.8 74.8 78.1 80.8 81.6 88 92.5 91.2 93.5 98 103.8 112.2 120.3 123 123.6 123.9 124 127.9 134.8 141.6 149.4 148.7 145 143.2 144.1 140.3 135.4 135.5 127.5 119.2 120.1 120.5 110.7 104.8 98 87.6 83.1 74.6 63.5 50 41.3 24.4 22 -0.9 -0.9 -0.9 -0.9 -0.9
38.3 40.2 43.3 46.7 47.6 57.2 58.7 58.9 55.2 51.1 50.8 52.9 53.2 52.8 52.4 50.1 50.3 51.9 52.6 50.7 57.4 59.8 63.4 64.6 66.4 66.5 66.9 64.3 64.2 65.3 65.6 65.7 66.7 67.7 69.5 71.5 73 74.2 77.2 79.9 81.1 82.4 86 88.7 90.7 95.7 100.7 107.7 116.9 120.6 121.8 121.6 121.9 122.3 128.7 135.5 140.3 143.4 142.9 142.5 144.5 144.5 139.8 139.8 134.5 131.5 132.2 130.4 119.5 114.7 107.2 93.5 85.5 74.5 63.1 52.7 43.8 34.5 38.3 33.3 22.5 -0.9 -0.9 -0.9
39.3 44.4 48.5 48 47.6 55 57 58.1 53.2 50.8 50.8 51.1 53 52.5 52.4 51.7 52.3 54.5 57.9 58.9 57.6 55.7 59.1 62.3 63.2 63.8 64.8 64.1 64.1 64.7 65.1 65.5 66.5 67.3 69.6 70.7 72.9 74.2 75.5 77.9 80.4 80.8 82.8 85.5 88.4 92.5 97 102.3 109.3 113.5 116.2 116.9 117.2 118.1 120.8 127.3 131.9 137.2 140.2 140.8 142.3 145.2 143.8 144.4 143.7 142.3 142.2 139.8 128.2 119 112.4 102.1 89.2 75.4 63.8 56.5 48.5 40.4 44.1 40.9 31.7 -0.9 -0.9 -0.9
39.6 45.8 49.6 48.2 49.5 52.6 55.8 55.3 54.7 52.1 51 50.4 51.5 52.3 51.2 53.1 52.5 55.4 59.3 62.4 64 63 59.6 58.4 60.6 62.2 63.5 63.9 64.4 63.8 64.9 65.8 67.6 68.5 68 70.4 71.8 73.5 74.7 75.6 77.9 79.2 80.2 83.1 85.8 90.1 92.9 98.2 103.4 107 109.6 112.1 112.8 113.8 114.8 119.8 125.2 132 137.1 139.1 140.7 144 145.9 149.2 150.1 151.8 149.5 147.4 133.9 123.9 117.9 105.6 94 79.3 66.4 58.5 48.6 46.9 46.2 43.7 41.5 30.3 -0.9 -0.9
39.6 43.6 49.4 49 52.9 55.9 55.2 53.3 53.4 53.6 52.6 54.1 50.3 52.6 52.2 53.6 54.4 56.9 58.5 62.1 65.2 66.1 62.1 60.6 57.9 61.2 62.5 62.7 62.9 63.9 64 65 65.8 66.5 68.3 69.1 70.7 71.9 73.2 74.3 75.1 76.9 77.4 78.7 81.8 85.9 88.6 92.7 96.3 100.1 103 105.7 108.3 108.6 109.5 113.9 120.8 127.9 134.3 137.7 139 142.4 144.3 151 153.3 155.1 155.5 154.4 142.6 133.2 122.1 109.6 99.6 84.8 73.8 64 54.4 51.5 46 44 43.8 36.9 23.6 0.4
40.7 44 50.2 53.7 53.1 56.6 56.5 53.4 53.4 54.2 57.6 57.8 55.1 53.3 54.4 56 55.9 57.5 57.6 61.5 64.2 65.4 63.3 62.4 60.9 59.5 61.6 62.2 63 63.8 64.6 64.7 65.6 65.9 68.6 70.1 70.5 71.2 72 73.1 74 75 76.3 77.2 79.6 81.5 84.3 87.7 90.1 93.8 97.3 101 104.3 105 106.2 110.4 117 122.8 130.4 134.2 136.3 140 143.1 151.3 156 154.5 156.4 156.4 149.7 142.6 131.6 118.1 108.4 94.6 81.6 74.6 61.4 55 47.9 43.6 40.7 37.2 25.8 17
41.5 45.1 48.1 53 53.9 53.9 53.4 53.4 54.8 57.7 59.9 61.1 60.3 58.7 57.9 56.7 58.2 59.5 57.9 61.7 64.2 64.4 64.5 63.6 62.3 60.4 60.9 62.5 63.1 63.6 64.2 64.3 65.5 66.6 68 69.3 69.8 71.1 72 71.6 73.6 73.7 75.2 76.3 78.3 80.5 81.9 85.4 88 90 93.5 97.5 100.6 101.4 103.3 107.3 113.2 118.7 125 130.9 133.4 136.9 142.1 148.7 154.1 152 152.9 154.7 150.6 146.4 139.3 131.8 118.2 105.7 90.8 81.6 68.8 65.8 57.8 49.1 43.9 40.9 33.2 23.7
43.2 44.5 41.2 45.4 48.7 50.8 54.1 59 61.9 64.5 66.6 65 63.4 63.3 61.3 60.7 58.6 59 58.9 61 65 65.1 65.7 64.5 64.2 63 61.4 60.1 61.2 62.7 64 64.7 65.3 66.5 67.5 69.1 69.3 71.3 71 72.4 73.2 73 74.1 76.1 77.7 78.7 80.8 82.4 85.2 87.2 90.9 94.7 96.9 99.2 100.1 103.8 109.8 115.6 119.9 126.3 129.9 133.4 140 148.3 150.7 149.9 148.5 150.5 149.2 148.4 147.1 144.6 130.5 119.7 105.5 87.6 80.6 81.1 75.7 62.6 54.3 46.8 37.5 28.4
36.9 37.6 38.9 42.5 50.9 54.1 56.9 58.8 63.7 67.3 70.5 70.4 65.5 65.1 66.5 63.6 60.2 59.7 59.7 61.2 63.6 65.6 67.2 66.1 66.1 65 62.4 62 59.7 61.8 63.9 64.6 65.3 66.7 67.4 68.9 70 71.3 68.8 70.5 71.1 72.5 73.3 74.9 77.3 78.9 80.8 82.3 84.2 86.2 89 91.9 95.4 97.3 98.7 101.8 106.9 113.2 119.2 123 127.2 131.9 140 148.2 153.7 152 150.9 151.5 154.6 159.4 158.7 156.6 144.8 129.7 119.1 97.7 92.7 103.4 95.5 78.8 65.4 55.1 45.7 34.7
40 37.6 40.6 41.3 46.8 50.3 52.5 55.1 62 66.9 70.4 70.6 66.6 66.7 66.9 65.7 63.2 60.3 60.7 63.5 65.5 67.8 68.7 67.5 67.2 65.3 63.1 62.2 60.3 62.1 61.9 64.9 65.1 65.6 66.5 68.7 67.2 71 72.1 72.9 73.5 73.8 74.5 75.2 75.7 77.7 79.5 82.1 83.8 85.3 87.5 90.1 93.1 95.5 97.8 99.8 105.2 111.2 117.6 122.8 125.3 131.9 140.3 148.1 156.5 158.8 156.5 155.5 160.5 164.1 164.2 161.7 154.5 139.5 128.7 110.8 100 111.6 105.9 92.7 73.4 61.6 52.6 44.2
42.3 39.4 44.9 44.6 44.2 48.3 51.2 55.6 60.3 65.4 68.5 69 66.1 63.7 68.4 69.6 66.5 60.9 61.5 66.3 69.4 71.2 71.3 68.2 66.8 64.8 62.7 63 63.3 63 61.7 65.1 66.6 66.9 67.8 68.1 69.4 71 72.6 73.2 73.8 74 74.4 75.9 76.8 78.3 79.8 82.3 84.9 87.4 88.6 90.1 91.5 94.8 97.9 99.9 103.2 107.9 113.3 119.5 124.2 128 138.1 147.3 156.5 162.6 159.7 158.9 162 164.6 163.9 163 157.9 148.6 135.9 118.2 106.5 105.1 106.9 98.6 83.4 70.8 61.9 51.2
42.9 45.9 47.9 49.1 50.1 51.4 52.3 55.3 57.8 62.6 66.2 67.9 66.5 64.8 66.6 68.3 67.4 61.8 63 68.3 71.5 73.1 72.7 68.4 66.9 65 63.3 63.3 63.3 63.3 63.3 64.5 65.5 67.1 68.2 69.1 69.9 70.9 71.9 73.3 74.1 74 75.1 76.8 78.2 78 80.2 82.9 87 89.5 91.1 92.1 93.4 95 97.5 99.7 102.1 105.9 112 117.1 121.7 125.5 135 144.6 154.5 161.4 162 159.1 159.1 159.1 159.8 161.7 157.6 151.8 139.7 124.9 115.1 113.7 106.8 101.4 89 79.8 68.7 57.3
40.6 42 45.9 52.1 52.9 56.2 49.5 53 56.3 60.2 65.6 70 72 66.8 67.2 67.1 67.4 63.1 63.8 68.1 72.2 73 71.8 68.4 65.2 63.9 63.3 63.3 63.3 63.3 63.3 62.5 64.9 65.9 67.3 68.6 70.5 71 72 73 73.9 75.4 76.1 77 78.7 80.2 80.6 83.4 86.8 91.2 94.6 96.1 96.6 96.8 98.7 100.3 103 105.5 110.3 116.5 120.3 125.1 132.9 141.8 152.1 159.8 160.7 159.1 159.1 159.1 159.1 161.6 159.5 153.4 143.3 130.9 122.3 129 118.8 108.5 99 87.8 78.1 68.3
39.2 43 45.1 52.8 55.3 54.7 51 51.1 55.7 57.4 64.6 70.4 72.4 68.2 67 68.5 66.2 64.4 66.3 69.4 71.9 73.2 71.5 68.1 64.8 63.5 63.3 63.3 63.3 63.3 63.3 63.1 64.8 66.6 68.2 69.7 70.6 70.9 71.1 72.5 73.4 75 76.6 78.4 80.1 81.2 83 83.6 86.8 91.2 96.2 99.8 100.5 100.8 100.9 101.1 102.9 106.2 108.8 116 120.1 124.3 131.3 139.1 148.9 157.3 160.8 159.1 159.1 159.2 160.6 162.4 160.1 154.7 144.5 132 127.5 135.6 130.7 117.8 107.7 98.2 86.9 76.2
39.9 38.9 47.3 52.4 57.8 55.3 48.9 48.9 52.1 55 62.2 68.8 69 65.3 65.2 68 66.2 66.4 67.8 70.7 72.7 72.8 70.1 66.4 64.9 63.2 63.3 63.3 63.3 63.3 63.3 63.3 64.1 66.5 68.1 69.5 70.6 70.9 71 71.8 74 75.9 78 80 81.9 83.2 84.2 85.5 87.3 90.9 96.4 101.5 103.9 104.1 102.7 102.9 103.3 106.4 109.8 113.2 117 121.2 128.3 138.8 147.5 155.1 160.2 159.1 159.1 160.8 165.4 164.2 159.2 153.6 143.9 133.7 128.3 135 134 126.5 117.3 108.4 102.6 90.7
45.5 42.7 43 52.7 55.2 54.2 51.3 48.9 51.9 55.2 55.7 62.5 63.7 61.7 61.6 66.2 66.6 67.4 68 71 73 73.3 70.2 66.1 63.3 63.3 63.3 63.3 63.3 63.3 63.3 63.3 64.2 66.9 68.2 69.3 69.9 70.2 70.7 71.5 73.1 75.9 79.3 81.7 83.8 85.5 87 87.9 88.5 89.7 95 100.4 103.8 106.2 104.9 104.1 103.7 106 109.3 112.7 114.9 118.6 126.2 136.9 149.8 157.1 160.6 159.5 161 163.5 166.3 162.9 157.1 150.2 142.6 133.6 128.6 131.4 130.5 126.5 123.4 118.9 114.5 104.7
46.8 46.3 42.6 50.7 53 53.6 50.9 48.9 53.1 55.9 53.9 56.1 60.3 61.1 61 63.2 67 68.7 69.6 70.9 73.8 74.3 70.6 65.4 63.3 63.3 63.3 63.3 63.3 63.3 63.3 63.3 63.7 66.2 67.9 68.6 69.7 70.7 71.1 71.7 72.9 76.2 80.2 82.9 85.8 87.9 89.2 89.7 90.6 91.7 93.7 97.9 101.2 104.3 105.8 105.6 104.5 105.1 106.8 110.9 114.1 117.4 124.1 135.4 146.3 155.9 160.7 162.2 164.1 165.3 164.1 160.3 154.1 146.7 138.9 133.6 130 128.3 127.7 126.1 124.8 119.9 118.2 111.4
42.8 41.4 38.9 48.1 52.4 57.2 60 49.6 53.9 57.8 54.8 54.8 58.1 58.7 59.8 62.1 65.3 68.8 68.6 70.4 73.4 73.8 70.4 65.8 63.3 63.3 63.3 63.3 63.3 63.3 63.3 63.3 62.5 64.9 67.5 68.9 70.1 71.2 71.9 73.2 73.6 75.3 80.3 84.9 88.3 91.3 91.6 92.9 93 93.4 94.1 96.2 98.6 101.5 104.9 105.6 104.9 104.9 105.3 108.2 111.8 116.3 122.6 131.2 141.4 151.5 158.1 160.4 162.3 163.1 161.5 157.3 150.6 143.8 137.3 136.3 130.8 128.1 126.5 125.3 124.4 121.4 118.8 114.7
32.8 32.4 40.7 47.1 54.3 58.8 60.9 54.9 54.4 55.1 54.8 55.1 61.1 59.9 60.9 62.2 64.4 65.3 66.9 70.5 72.7 73.1 68.7 63.4 63.3 63.3 63.3 63.3 63.3 63.3 63.3 64.5 65.2 65.5 67.8 70.3 71.5 72.1 73.1 75.4 76.6 80 83.4 87.3 91.6 94.9 95.5 95.6 95.6 95.1 95.3 95.2 97.7 99.3 102 103.9 104.4 104.2 104.7 106.2 110.3 115.6 124.6 132.3 137.9 146.2 153 156.8 158.4 158.3 156.2 153.4 148.1 141.7 136.7 134.1 131.5 129.8 128.3 125.5 124.4 122.5 120.2 119.2
33.1 34.7 39.4 50 58.7 58.9 56.8 50.9 53.3 55.3 56.8 59.5 57.4 62.3 64.6 63.9 62.5 65.4 67.8 70.9 71.7 70.1 66.7 63.2 63.3 63.3 63.3 63.3 63.3 63.3 64.1 66.9 69.2 70.5 71.1 72.8 73.8 73.9 75.2 78.5 81.8 84.9 89.4 92.6 96.1 98.5 100.1 99.7 98.3 98.1 96.6 97.2 97 99 100.7 103.3 103.5 103.3 104 105.1 109 114 124.4 134 144.4 148.8 151.1 152.9 154.3 154.3 152.4 148.6 145.1 140.2 136.3 135.2 132.5 128.5 126.7 125 124 127.2 125.4 125.7
37.4 36.3 41.2 52.5 60.6 60.3 56.8 50.4 53.8 57.5 58.2 59.6 57.8 61.2 66 65.3 61.4 64.1 68.4 71.5 72.3 69.7 65.1 63.3 63.3 63.3 63.3 63.3 63.3 63.8 66.8 69.8 73.7 76.2 78 79.2 81 81.5 81.8 83.8 87.3 91.6 96.2 99.8 101.8 103.5 104.4 103.4 102 101.2 99.9 99.3 98.8 99.7 100.3 102.3 102.8 102.7 104.2 105.1 109.3 113.6 121.9 133 146.8 154.2 157.4 156.1 152.7 151.2 149.7 145.3 142.4 139.5 137.9 135.8 132.4 128 124.1 123.2 123.2 127 127.3 126.5
36.7 40.7 41.6 52.1 59.3 59.3 53.8 50.2 55.3 62.1 61.1 59.7 57.8 59.9 63 60.1 59.7 63.9 67.4 70 72.3 70.9 64 63.3 63.3 63.3 63.3 63.3 62.6 65.9 70 74 77.7 82 85.6 86.7 87.6 89.6 90.2 91 93.4 97.5 100.9 105.9 109.1 108.4 108.6 108.1 106.2 104.8 103.5 102 101.3 100.8 101.6 102.6 102.6 102.6 103.9 105.4 108.3 114.1 121.6 131.6 141.4 150.7 154.6 154.6 152.6 150.1 147.2 143.4 142.7 140.7 138.2 137.2 133.7 128.5 126.2 123.2 123.2 124.2 127.5 128.5
38.2 45 46 51.4 59.8 56.5 50.3 53.9 59.6 61.1 62.5 58.3 56.3 57.2 56.4 58 59.4 64 66 67.8 69.4 68.5 64.5 63.3 63.3 63.3 63.3 63.3 64.3 69.2 73.4 78 83.2 87.5 92.1 94.3 94.7 96.8 99.2 99.7 100.6 103.2 106.4 109.3 113.4 114.5 114 112.8 110.3 108.5 106.5 104.8 103.9 103.4 102.9 103.4 103.7 103.7 104.3 105.7 107.2 113.2 122.2 134.3 139.7 145.9 151.6 153.2 152.3 150.8 147 146.2 144.2 141.7 139.7 138.1 135.6 131.6 127.8 125.8 123.2 125.4 130.6 135.9
34.4 45.3 48.5 48 54.9 50.3 50.2 57.2 61.4 57.5 60.3 54.9 52.8 54.9 54.4 56.1 59 62 67.3 68.3 68 66 65.8 63.3 63.3 63.3 63.3 65.5 68.6 72.3 77.1 82.1 88.2 93.9 96.9 100.4 101.5 101.8 105.1 106.5 107.8 108.3 111.3 114.3 116.4 118.3 119.2 117.7 114.6 112.5 110.1 108.2 106.9 105.9 104.9 104.9 105.6 106.2 105.6 106.9 109 113.6 122.7 135.3 147.1 151.5 154.5 157.4 156.1 153.4 151.6 147.8 149.8 145 142.3 139 136.8 133.1 128.5 127.5 123.2 128.6 134.9 141.3
41.8 46.7 43.5 44.4 47.3 47 52.5 57.5 58.2 55.4 53.5 49.9 50.8 52.9 55 55.7 59.4 61 66 67.9 68.3 65.6 61.3 63.3 63.3 63.3 63.2 67.8 72.6 75.9 80 85.3 92.5 99 101.9 105.2 106.6 106.3 108.1 109.7 111.4 113.1 114.3 117.9 119.6 121.5 122.5 121.8 118.9 116.5 114.2 111.8 110.1 109 108.3 107.3 107.8 109.1 110 110.6 112.6 115.8 124.1 136.1 148.7 157.7 160 162.1 161.3 157.1 153.8 150.1 149.8 148.2 145.2 141.7 137.5 134 129.2 126.3 123.2 131 136.5 141.9
44.5 49.5 48.2 43.3 44.1 49 55.5 57.7 55.4 53.1 50.4 48.2 51.2 53.3 55.5 55.9 58.6 62.2 64 66.6 68.8 65.8 63.3 63.3 63.3 63.3 64 69.7 74.7 79.8 83.5 88.1 94.7 101 104.6 107.3 109.5 109.2 109.3 110.9 112.3 114.1 116.6 118.6 120.9 123.4 124.8 124.6 122.1 119.6 116.9 114.9 113.7 112.8 111.2 110 110.1 112 114.1 116.7 116.6 118.4 125.5 138.4 150.8 161.9 166.5 166.9 165.3 161.9 156.9 152.8 150.8 148.6 146.1 142.8 139.4 134.5 127.9 124 123.2 126.5 132.7 138
45.3 47.9 49.2 44.7 45.7 50.9 58.3 58.4 54.6 50.7 48.1 47.2 50.1 55.7 56 58.3 58.9 62.5 64 66.2 68 63.4 63.3 63.3 63.3 62.8 65.6 71.6 76.9 81.9 86.7 90.1 96.2 102.2 106.4 108.3 109.4 108.8 107.7 109 110.1 112.1 114.5 117.5 120.4 122.8 124.6 125 123.1 121 118.7 117.9 116.5 116.3 115 112.7 112.3 114.5 116.8 118.2 118.9 120.2 128.2 140.4 153.6 163.9 169.8 171.4 169.6 165.9 160.6 155.3 152.3 150 147.4 143.9 139.9 136 129.1 124.3 122.2 122 127.8 131.3
