app/static/ascii/HU31.asc
ncols 200
nrows 200
xllcorner 430000
yllcorner 1110000
cellsize 50
[rows 114 to 151 of 200, columns 85 to 169 of 200]
164.8 181.3 171.8 167.9 173.5 182.8 190.8 196.1 197.3 194.4 189.4 181.9 173.1 162 147.3 132.6 126.7 123.3 122 119.3 114.9 111.3 110.7 107.2 102 92.3 81.5 75 68.6 66.8 63.5 58.6 55.6 53 52.1 49.6 46.9 42.7 41.6 42.8 46.2 49.1 52.5 55 60.2 61.7 61.1 61.4 62.2 62.1 61.7 57 51.5 49.7 48.3 45.1 40.7 35.4 29.4 25.4 24.5 22.1 18.1 13.3 11.5 10.8 11.2 15.6 20 23.8 27.3 29.8 29.6 28.6 26.7 23.1 22.1 23.3 24.7 26.2 27.8 28.9 30 37.4 41.2
134.4 166.5 176.3 170 174.9 184.5 193.2 197.7 198.9 197 193.5 188 180.5 171.4 159.1 143.8 131.9 119.4 114 112.1 107.9 103.8 100.7 99.9 97.5 89.8 79.3 72.1 67.3 66 63.5 59.1 55.9 54.3 52.2 50.1 46.7 43.1 42.6 44.5 47.3 49.3 52.2 56.1 59.7 60 60.6 62.7 63.8 63.8 66.3 64 58.8 58.4 55.9 51 43.7 38.1 31.4 25.8 24.7 22.9 18.8 14.6 11.2 10.6 10.3 11.7 16 20.2 22.5 24.5 25.5 23.8 22.6 20.7 21.6 22.9 24.8 26.1 27.3 27.5 28.4 34.4 39.8
98.8 148.5 180.2 176.4 177.4 185.7 194.4 198.5 199.3 198.5 195.7 191.5 184.7 175.6 165.2 152.1 140.1 127.5 114.8 105.9 101 96.4 92.2 88.6 84 79.7 73.9 69.2 66.2 62.2 61.6 59.7 55.3 52 48.9 47 44.6 43.8 42.9 45.6 47.6 50.4 53 57.2 57.7 58.9 60.8 63.3 64.5 66.7 68.2 66.8 66 65.2 61.7 54.8 46 38.2 31.1 25.9 24.2 22.2 19.3 15.5 11.7 10.7 9.7 9.8 10.9 14.3 16.2 18 19.1 18 18.9 19.5 20.1 22.4 23.9 24.3 24.4 27.4 28.3 32.6 38.5
62.6 144.2 181.7 182 181.1 186.3 195.4 199.4 201.3 200.9 197.8 193.1 187.3 180 170 157.7 144.3 132.7 123.1 113.5 105.1 98 92.9 87.8 83.7 80.2 73.2 70.3 67.8 65.6 62.4 59.7 53.6 48.9 47.3 46.5 45.1 46.4 43.8 46.5 49.8 51.9 54.1 55.4 55.8 57.6 60.7 63.2 64.9 68.1 69.6 68.8 69 68.8 64.5 57 47.6 38 31.6 27 25.1 23 19.2 16.5 12.3 10.8 9.4 9.2 9.7 11.6 11.6 13.6 12.1 13.3 15.1 17.2 18.7 20.5 21.8 21.3 24.7 27.4 29.1 31.7 36.6
95 163.4 186.9 186.7 183.9 190.6 197.2 200.7 204.3 203.8 200.7 196 190.6 184.3 175.8 165.5 153.1 140.5 133.3 127 120.2 116.4 108.2 100.7 90.6 83.1 73.4 72.1 70.6 67.4 64.4 62.3 58 50.5 48.5 47.1 47.8 48.7 46.6 45.8 50.2 51.9 53.2 53.6 55.4 57 59.5 61.4 64.3 67.6 70.3 70.6 71.4 70.1 66.1 59 49.5 40.7 33.1 28.8 26.6 23.4 20.9 17.3 13.5 10.7 9.2 8.3 8.9 10.6 11 11.2 11.4 12.3 14.6 15.7 17.3 20.4 19.5 21.9 22.9 27.1 28.7 31.1 36.9
95.9 137.3 178.3 189.3 188.4 195.3 201.7 206.1 210.6 209.9 208 202.9 197.1 190.3 183.6 174.3 163.7 154 145.3 136.9 130.3 124.5 117.6 109.6 101.8 90.8 79.6 74.8 72.5 69.3 66.3 61.8 57.3 51.5 50.2 49.9 50.6 51.6 50.2 46.7 48.5 49.3 52 53.7 54.9 56.5 58 60 64.1 66.8 70.6 71 73.9 71.5 66.5 59.6 49.9 41.8 35 30.5 28.4 25.2 22.2 18.8 15 10.4 8.9 8.2 8.2 9.5 11.1 10.8 11.8 11.5 12.9 14.6 16.7 17 17.8 20.5 22.8 26 29.4 31.7 37.1
52.2 103.5 173.6 194.6 194.9 200.8 209.7 214.8 221.3 221.4 219.4 213.4 207 199.7 191.7 182.3 172.8 163.3 153.7 144.9 138 130.8 122.3 113.6 105 94.8 84 77.2 73.5 70.9 68.2 65 61.4 56.6 54.5 53.3 53.2 52.7 50.8 49.4 47.8 48 51.2 53.3 54.1 55 56.9 59.6 63.6 67 69.5 71.5 74.6 70.4 65.2 57.2 49.5 42 36.2 33.1 31.3 28.3 24.4 20.1 15.4 10.1 8.2 8.2 8.2 8.4 10.2 10.7 11.1 12 12.8 14 15.9 16.5 18.5 18.9 22.8 25.7 29.7 33.7 38.3
39.4 89.3 141.3 190.3 201.6 210 218.6 225.6 234.1 234.2 230.2 223.2 214.9 205.9 197.1 188.4 178.7 168.9 159.3 150.6 142.2 133.7 123.7 114.6 105.6 96 86.5 76.8 75.5 73.4 70.5 68.5 66.2 63.1 59.2 57.8 55.6 54.5 52.7 49.9 48.9 50.5 50.3 52.1 52.6 54.4 56.7 59.5 63.7 67.1 70 74.3 74.9 71 63.6 55.2 47.6 42.8 38.6 35.7 33.1 29.4 24.5 19.8 14.7 10.4 8.3 8.2 8.2 8.7 10.8 10.1 10.5 11.2 12.5 14 15 16.2 18.1 18.6 21.6 25.6 29.5 33.4 38
9.5 57.2 102.1 163.2 195.5 220.6 227.6 237 246.5 244.2 239.1 231.5 221.8 210.9 200.6 192 182 172.1 162.4 152.9 144.5 135.3 124.8 113.9 104.4 94.1 84.9 79.8 77.4 75.6 74.9 73.6 72.7 70.9 67.9 64.2 60.3 56.9 54.7 52.7 53.2 52.9 51.5 51 52.3 54 56.8 60.3 65.5 68 72 76.4 76.2 70.9 62.8 53.7 47.1 43.5 40.3 37.2 33.9 30.2 24.7 19.5 15.1 11.7 9.3 8.5 8.7 11.1 12.1 10.6 10.7 10.6 11.4 12.2 13.8 14.8 17.2 18.8 20.3 24.1 26.5 30.2 35.4
-0.3 50.7 101 155.5 198.5 228.8 238.1 252.8 256.4 252.6 246 237.2 226.6 215.4 204.5 193.6 183.9 174.5 163.8 154.1 145.6 134.4 122.4 109.4 98.1 89.6 84.2 80.8 78.8 77.1 76.7 77.8 78.7 79.2 76.4 71.7 66.5 61.6 57.7 56.6 55.1 55.4 54 52.5 52.2 53.5 57.6 64.4 67 69.5 74.4 76.5 75.6 68.9 61.2 51.5 47.3 43.5 40.8 38.1 33.9 29.7 24.2 19.4 15.3 12.4 11 11.1 11.1 12.4 11.1 9.8 9.9 10.2 10.9 11.8 12.8 14.3 16.1 17.7 19.5 20.9 23.8 28.7 33.3
-0.3 63.4 133.3 180.9 216.4 241.4 252.6 266 264.6 259.6 252.1 242.1 231 219.4 207 196 185.7 175.9 165.8 155.9 145.7 133.9 124.5 114 106 96.4 84.5 79 76.5 75 76.1 79.2 82 84.2 82.4 77.3 70.9 66.6 62.6 63.3 64 63 59.5 55.8 52.9 53.6 59.6 63.9 65.9 67.9 73 74.7 73.5 67.6 58.6 50.9 47.4 43.3 40.7 37.4 32.6 29.4 24.2 19.7 14.2 10.4 11 10 11.9 10.6 10.1 9.7 9.8 10.1 10.3 11.7 12.1 13 15.8 17.6 17.3 20.3 23.3 27.1 31.6
-0.3 75.4 136.7 183.6 225 253.6 271 273.4 270.6 264.8 256 247 236.9 225.1 212.3 199.4 189.3 179.6 168.3 157.7 148.4 138.4 129.3 119.8 110.1 100.4 88.1 77 73.4 72.1 72.5 78.1 83.1 83.3 81.6 78.3 71.9 68.3 69 71.5 72.4 71 69 63.9 57.9 53.9 57.5 63.4 65 67 71.1 72.7 71.9 65.6 57.5 49.8 46.3 43.2 40.8 36.9 31.6 28.1 24.4 19.9 13.3 9.7 9.5 9.9 10.7 10.7 10.3 9.7 9.5 9.5 10.1 9.9 10.4 11.7 13.8 15 16.4 18.4 21.9 24 28.4
-0.3 74.3 138.8 186.4 221.1 257 277.2 277.9 275.2 269.3 261.2 252 242.3 231.3 218.5 205.5 194.1 183.7 173.6 162.3 152.7 143.4 133.9 124.1 115.3 104.9 92.7 79.5 72.5 68 68.6 73.9 78.3 77.7 75.4 72.7 68.3 69.8 73.1 76.7 75.8 76.6 75 70.6 63.8 56.9 52.6 59.5 62.2 64.7 69.2 71 68.5 62.7 56.2 49.6 45.3 42.7 39.9 36.7 30.5 27.4 23.8 18.5 13.8 10.7 10 9.8 10.1 10.8 11 10.6 9.6 9.5 9.6 9.6 10.7 10.5 11.7 14.3 15.5 17.3 19.4 21.9 24.3
20.7 67.9 135.2 196.6 229 251 268 281.8 277.8 272.4 265.3 256.7 248 237 225.1 212.8 200.6 189.2 178.1 167.5 158 148.4 139.5 129.3 118.6 107.2 91.5 82.8 74 67.5 63.2 69.2 71.2 70.6 68.7 67 66.5 67.8 71.7 74.3 76.3 76.8 76.2 73.8 68.4 60.1 50.1 53.1 57.8 62.6 65.7 66.2 63.5 60.1 55.3 49.6 43.7 40.1 37.8 35.2 30.1 25.9 21.8 17.2 13.7 10 9.7 9.5 9.6 9.9 10.3 10 10.2 9.4 9.5 9.7 9.9 10.4 11.5 11.6 11.8 12 15.2 19.7 21.7
19.9 66.3 115.8 163.7 200.3 214 253.4 283.1 280.4 274.8 268.2 260.4 251.9 242.6 231.7 220.2 208.2 195.7 184.7 173.7 163.6 153.7 143.9 135.1 123.1 111.6 102.7 90.7 80.6 68.6 60.8 66 69 68.3 67.6 67.2 66.7 68.7 70.5 71.9 72.9 74.8 74 72.6 69 61.7 51.7 46 52.4 58.4 60.4 60.1 58.6 56.8 53.5 48.4 41.4 35.6 34.1 31.8 29.3 25.5 21.5 17 13.4 9.7 8.2 9.4 9.6 9.7 9.6 10.4 9.8 9.1 9 9.5 10 10.5 11.4 11.9 11.2 11.7 12.5 15.2 19.8
-0.3 39.1 73.8 128.3 153.2 191.7 233.6 278.1 280.6 276.2 269.7 262.8 254.6 246.8 237.2 226 214.3 202.6 190.8 179.3 168.1 158.4 148.1 140.4 132 121.9 111 97.2 83.7 70.3 59.6 63.4 73.4 72.1 69.6 67.9 67.3 65.8 67.1 66.7 68.2 70.2 69.3 68.1 63.8 56.8 50.7 45.1 43.7 49.1 53.2 52.5 51.9 51.3 50.1 44.6 35.3 31.2 29 26.9 27.7 25.6 23.1 17.4 14.1 9.7 7.5 9.2 9.5 9.5 9.1 9.3 9.5 8.8 8.9 9.2 9.2 9.9 10.9 11.9 11.7 11.7 13.5 18.7 23.7
-0.3 -0.3 27.9 90.7 137.6 175.3 210.9 257.6 280 276.1 270.7 264.4 257.3 250.2 240.7 230.2 219.1 207.7 195.9 183.1 172 161.9 153.1 144.3 139.3 130 117.9 103.3 87.2 71.1 58.8 57.8 69 73.3 70.8 69.2 69.3 63.1 58.4 58.4 60.4 61.7 62.5 61.4 57.9 52.6 48 44.6 35.3 37 41.1 43.6 44.1 44.2 43 38.5 30 26.7 24.7 23.7 26.5 26.4 24.3 19.4 14.9 9.4 6.7 8.7 9.4 9.2 9.4 9.5 9.2 9.1 9.3 9.2 9.4 9.9 11 11.8 11.4 11.5 15.7 20.8 26.6
-0.3 -0.3 -0.3 64.5 115.6 154.2 196.3 246.9 279.6 276.9 271.4 265.4 259.7 252.6 243.9 234 223.2 212.3 200.2 188.4 176.2 167.1 158.1 150.9 145.1 136.2 123.5 108.6 92.1 75.4 58 53.1 57.5 64.8 67.2 68.2 65.2 57.4 47.4 49.3 51.4 52.3 55.1 53.9 52 48 43.7 39.1 30.3 28.8 29.8 33 34 35.1 34.8 29.5 23.7 21.7 20.2 21.2 24.5 25 22.9 19.3 13.6 7.2 7.5 8.7 8.2 8.2 9.6 9.1 8.9 8.8 8.4 9.5 9 9.5 10.6 10.4 10.4 13.4 16.8 23.4 28.1
-0.3 -0.3 -0.3 32.5 92.9 140.9 189.4 221.7 272.6 276.6 273.1 267.5 261.4 254.4 246.6 237.1 227.2 216.1 204 192.8 180.9 171.4 163.1 156.3 148.8 140.1 127.3 111.5 93.3 72.8 58.9 54.7 50.1 52.9 58.4 62.2 60 52.9 43.9 39.9 37.9 37.7 43 42.1 41.1 38.8 35.5 32.2 26.4 23.5 23.1 24.1 23.9 24.1 25.1 22.6 18.3 16.3 15.8 16.8 20 22.2 19.5 15.7 10 6.1 6.7 7.9 8.9 8.5 8.9 8.8 8.7 8.5 8.1 8.7 9.4 8.8 9.7 10.6 10.3 13.4 19.1 24.6 30
-0.3 -0.3 -0.3 -0.3 81.3 122.2 163.2 196.8 236.3 276.7 273.4 268.4 263.7 258.3 250.3 241.1 230.8 220 208.7 197.3 186.1 175.7 167.8 160 151.9 142.4 130.7 115.5 95.6 72.7 60.4 55.4 49.9 48.6 45.7 47.1 48 45.2 41 36.8 35.5 34.2 33 33.1 31.1 30.1 27.7 25.5 22.3 22.9 20.6 19.2 17.8 16.3 14 15.1 13.9 12.8 12.9 12.3 15.1 17.5 15.7 10.8 6.8 5.7 6.3 7.1 7.9 8 8 8.1 8.1 8.2 7.8 7.6 8.8 8.8 8.7 9.2 10.5 13 18.7 26.7 31.5
-0.3 -0.3 -0.3 -0.3 59.6 105.7 150.3 191.9 236.6 272.8 274.4 270.1 265.7 261.4 255 245.9 235.5 224.6 213.8 202.5 191.4 181.4 171.5 163.5 154.6 144.7 133.5 119.8 102.3 80 61.4 55.6 51.4 46.7 44.7 42.8 41.5 39.7 38.1 36.8 35.5 35.7 35.1 32.2 28.8 26.9 25.5 23.9 24 24.1 23.8 24.2 26.1 26.9 22.4 16.8 9.6 9.4 10.9 10 10.5 12.7 11.4 7.2 5.8 5.2 5.7 6.5 7.2 7.3 7.3 7.3 7.4 7.6 7.1 7 8.5 7.8 9.3 8.9 11.6 11.9 18.3 25 31.5
-0.3 -0.3 -0.3 -0.3 40 97.3 142.6 186.1 223.7 266.6 273.2 270.3 267.1 263.7 257.8 249.1 239.6 228.3 217.4 205.8 195.2 184.4 174.3 165.6 156.6 146.5 136.2 123.3 108 90.4 71.8 58.9 53.3 49.9 46.5 43.7 41.8 40.7 40.1 40.9 43.2 40.9 37.6 32.9 30.7 29 27.4 25.7 25.5 25.8 27.2 29.1 30.1 30.6 25 19.7 13.7 9.1 7.3 8.3 7.8 8.8 6.6 5.3 5.8 5.1 5.2 5.8 6.5 6.5 6.6 6.8 6.8 6.7 6.6 6.6 7.1 8 8.7 8.6 12.3 11.6 17.4 25.8 33.7
-0.3 -0.3 -0.3 -0.3 -0.3 80 134.4 179.1 224.2 268.9 272.4 270.6 267.6 264.9 259.5 251 240.8 230.3 220.1 208.8 197.4 186 175.3 166.2 157.3 147.2 137.2 124.9 111.4 96.9 84.6 68.7 58.7 53.8 48.5 46.1 45.2 45.5 45.6 46.7 46.2 42.7 37.9 38.6 38.3 37.6 35.6 37.3 34.3 32.2 35.4 37.5 36.1 32.2 26.8 21.9 16.7 13 7.5 6.5 6.7 5.5 5.1 5.3 6.6 5.1 5.4 5.8 6.2 6 6.1 6.2 6.6 6 6.1 6.7 7 6.5 8.6 7.8 9 11.5 17.4 27.4 35.7
-0.3 -0.3 -0.3 -0.3 -0.3 69.2 149.8 192.2 230.9 270.1 272 270.1 268.1 265.7 260.3 251.6 241.6 231.7 221.1 209.9 198.1 186.2 174.8 164.9 155.9 146.4 135.8 124.5 112.3 98.3 89.2 77.3 65.5 56.8 51.2 48.4 49.4 53.4 54.3 52.6 50.8 48 44.5 42 40.7 42.4 44.3 46.4 48.2 47.9 46.9 48.8 48.7 42.3 34 25.4 18.1 15.3 8.4 5.9 7.8 5.1 4.6 4.9 5.3 4.7 4.6 5.3 5.3 5.6 5.6 5.7 6.3 6.3 6 5.7 5.7 6.7 7.4 8.4 11.1 14.6 19.4 27.6 37.3
-0.3 -0.3 -0.3 -0.3 -0.3 33 134 177.2 215 256.9 271.7 270 268.6 266.5 261.8 252.5 242.3 232.2 221.4 209 197 184.4 173.3 163.3 154.4 144.5 133 121.9 111 98.8 88.7 80.8 69.7 64.7 55.7 52.6 53.8 57.6 58.7 58.7 56.4 54 54.3 56.2 53.5 51.7 52.4 55.6 59.4 62 66.1 60.7 52.6 43 34 23.3 15.1 8.5 7.2 6.1 6.2 4.6 4.3 4.9 5.1 4 4.5 4.7 4.7 4.9 5.3 5.8 6 5.5 5.6 5.9 5 6.7 7.5 9.9 13.6 16.4 22.2 29.9 35.6
-0.3 -0.3 -0.3 -0.3 -0.3 39 112.1 156.4 193.9 233.3 269.9 269.1 269.5 267.8 263 253.6 243.1 232.5 221.2 208.4 194.5 182.9 172 162 151.5 141.4 129.9 119.4 108.4 97.6 87.4 80.1 73.2 71.4 63.7 64.2 67.4 68.6 70.7 71.6 70.5 69.1 72.1 73.5 76.1 72.1 67.9 68.5 73 74.8 70.1 62 49.2 38.1 29.1 20.3 12.3 8.1 4.8 5.5 5.2 4 4.2 4.8 4.2 3.7 4 4.4 4.9 4.4 5 4.8 5.1 4.5 5.3 4.8 5.5 6.7 9.6 15.1 15.6 19 24.4 31.2 36.8
-0.3 -0.3 -0.3 -0.3 -0.3 36.1 99.6 142.5 186 223.9 265.7 266.8 269.4 268.3 263.4 254.6 243.4 232.1 220.9 206.7 193 181 170.8 159.3 148.4 138.1 127.6 117.3 107.1 94.3 83.8 78.9 75.7 66.6 64.6 70.2 76.4 84 85 86.3 86.5 86.7 89.9 90.5 90.1 89.5 83 81.3 79.9 75 67.3 57.4 47.2 35.8 26.1 17.1 10.6 5.9 4.1 4.3 4.9 4.2 4.3 4.5 3.6 3.7 3.9 3.8 4.1 4.5 4.1 4.2 5.3 4.7 4.9 4.2 7 6.5 10.4 12.8 14 17.6 26.7 32.5 37.4
-0.3 -0.3 -0.3 -0.3 -0.3 45.1 121.1 175.4 210.3 248.2 262.2 264.5 267.6 267.5 263.6 255.2 244.3 232.7 220.4 205.4 191.9 179.9 169.5 157.6 146.5 134.7 123.6 114 104.3 92.4 79.8 76.7 70.9 60.9 65 70.9 74.7 85.3 92.6 95.1 97.3 98.6 98.4 98.1 96.1 95 92.2 88.4 82.6 74.7 66.3 56.5 42.5 32.1 22.5 13.5 6.7 3.9 4.4 4.2 4.7 5.1 4.8 5.4 3.4 5 5.1 5.7 4.6 4.5 4.7 4.9 4.8 5.1 4.3 4.9 5.1 5.6 2.8 7.1 16 25.3 24.9 29.5 38
-0.3 -0.3 -0.3 -0.3 -0.3 30.9 107 169.8 234.8 251.7 256.3 261.4 264.5 265.9 262.6 255.8 245.3 233.7 220.4 204.9 190.8 179 167.6 157 144.2 130.8 119.8 111.7 101.8 88.6 74.8 67.9 62.2 57.8 63.1 68.8 74 80.1 92.9 97.5 100.1 102.4 106 106.1 103.7 99.5 93.9 89.5 83.8 76.4 65.3 51 36.8 28.2 18 11.4 5.7 4.4 5.7 6.5 7.2 5.1 4.2 3.7 2.4 6.1 9.1 10.3 10.2 8.6 8.9 3.2 3.3 3.2 4 3.3 3 4.2 4.4 13.1 21.3 26.4 31.5 36 38.8
-0.3 -0.3 -0.3 -0.3 -0.3 54.5 132.5 178.2 224.7 244.4 250.4 256.2 260.6 263.1 260.2 254.9 245.4 233.7 220.5 205.5 191.4 179.7 168.9 158.2 145 134.4 122.2 110.3 101.5 94.2 82.6 72.3 61.8 56.1 59.4 65 71.2 75.4 87 95.3 100 104.5 105.5 104.9 102.2 98.1 92.4 86.6 80.6 70 57.6 43.3 29.6 21 11.5 5.3 1.5 0.6 0.5 0.3 0.3 0.2 0.2 0.2 0.2 0.3 0.3 0.4 0.5 0.6 1.9 5.2 11.7 7.1 6.3 4.9 2.9 3.7 4.6 15.3 21 26.9 32.7 38.1 42
-0.3 -0.3 -0.3 -0.3 -0.3 23.4 109.4 162.8 206.9 237.4 244.2 249.7 255.7 257.8 258.2 253.4 245.4 235.2 222.1 207.1 194.5 183.8 173.6 163.6 152.8 142.8 130.5 120.6 114.3 104.7 92.3 76.9 66.3 52.8 53.1 59.1 63.6 69.9 74 86.8 93 96.9 98.8 98.4 94.9 90.3 84.7 77.3 68.9 57.4 45.6 33 20.2 11.5 1 0.4 0.1 -0.3 -0.3 -0.3 -0.3 -0.3 -0.3 -0.3 -0.3 -0.3 -0.3 -0.3 -0.3 0 0.2 0.3 0.5 0.7 1.7 6.1 10.9 8.5 7.1 13.3 20.3 28.2 34 40.9 46
-0.3 -0.3 -0.3 -0.3 -0.3 -0.3 86.1 149.2 194.9 214.8 234.5 245.1 251.1 252.8 253.1 250.3 244.3 236.3 224.6 211.9 198.7 187.1 177.3 167.7 158.7 149.1 140.2 131.9 122.9 113.2 99.3 80.4 68.9 55.9 44.1 49.1 53.5 60.8 64.2 72.4 78.7 82.1 84.1 82.1 81.5 78.1 71.9 66.2 57.1 45.2 33.6 21.2 11.6 0.5 -0.3 -0.3 -0.3 -0.3 -0.3 -0.3 -0.3 -0.3 -0.3 -0.3 -0.3 -0.3 -0.3 -0.3 -0.3 -0.3 -0.3 -0.3 -0.3 0 0.1 0.3 0.5 0.7 5.5 9.5 20.3 28.7 35.4 41.3 48.2
-0.3 -0.3 -0.3 -0.3 -0.3 -0.3 60.1 120.1 160.2 177.3 200.3 240 246.3 248.5 249.5 248 243.9 237.1 228 216.7 203.9 191.4 181.8 172.9 164 154.9 146.8 139.2 129.5 118.7 103.2 82.8 69.2 57.2 44.2 40.7 44.4 47.1 51.3 55.8 65.1 70.1 67.1 68.6 65.8 61.9 55.6 50.2 43.9 31.2 20.6 12.2 -0.3 -0.3 -0.3 -0.3 -0.3 -0.3 -0.3 -0.3 -0.3 -0.3 -0.3 -0.3 -0.3 -0.3 -0.3 -0.3 -0.3 -0.3 -0.3 -0.3 -0.3 -0.3 -0.3 -0.3 -0.3 0.2 0.4 4.9 19.2 28 34.5 41 48.3
-0.3 -0.3 -0.3 -0.3 -0.3 -0.3 36.2 76.5 117.1 151.5 171.4 185.6 220.5 244.8 246 246.5 242.9 237.4 229.9 220.2 208 195.9 185.4 176.8 168.6 160.5 152.5 144.5 134.7 122.9 106.1 83.9 70 54.6 41.6 35.1 37.4 39.9 43.7 46.6 52.7 59.2 56.2 55.5 51.4 44.3 40.4 36.2 31.2 21.2 10.6 -0.3 -0.3 -0.3 -0.3 -0.3 -0.3 -0.3 -0.3 -0.3 -0.3 -0.3 -0.3 -0.3 -0.3 -0.3 -0.3 -0.3 -0.3 -0.3 -0.3 -0.3 -0.3 -0.3 -0.3 -0.3 -0.3 -0.3 -0.3 0.6 16.6 25.7 33.3 42.8 50.2
-0.3 -0.3 -0.3 -0.3 -0.3 -0.3 -0.3 58.7 103 130.6 149.8 161.6 188.4 209.9 239.1 243.4 240.9 236.1 230.5 222.7 212.1 200.1 189.7 180.6 172.3 164.2 156.3 148.2 138 125.9 108.9 86.3 69.5 52.5 38.3 33.1 32.4 34.1 37.8 40.7 46.2 48.8 49.3 44.3 39.6 34.2 28.8 25.7 22 15.4 -0.3 -0.3 -0.3 -0.3 -0.3 -0.3 -0.3 -0.3 -0.3 -0.3 -0.3 -0.3 -0.3 -0.3 -0.3 -0.3 -0.3 -0.3 -0.3 -0.3 -0.3 -0.3 -0.3 -0.3 -0.3 -0.3 -0.3 -0.3 -0.3 -0.3 13.8 23.8 33.5 42.4 51.7
-0.3 -0.3 -0.3 -0.3 -0.3 -0.3 -0.3 17.8 65.4 98.1 126.4 151.1 172.5 191.9 227.5 241.5 238.8 234.5 229.6 222.9 214.2 203.2 193.6 184.5 175.7 167.1 158.8 150.1 140 128 111 88.1 68.5 49.4 38.5 31.6 28.5 29.3 32.4 32.7 34.7 34.4 38.7 38.1 30.3 26.2 22.5 18.8 17.2 12.2 -0.3 -0.3 -0.3 -0.3 -0.3 -0.3 -0.3 -0.3 -0.3 -0.3 -0.3 -0.3 -0.3 -0.3 -0.3 -0.3 -0.3 -0.3 -0.3 -0.3 -0.3 -0.3 -0.3 -0.3 -0.3 -0.3 -0.3 -0.3 -0.3 -0.3 9.7 25.2 33.6 41.9 52.2
-0.3 -0.3 -0.3 -0.3 -0.3 -0.3 -0.3 -0.3 -0.3 63.1 95.1 128.3 146.9 181 220.4 238 235.6 231.7 227.4 221.9 214.3 204.3 195.3 186.2 177.1 168.5 159.6 150.4 140 128.5 112.6 88.9 69.9 50.9 40.9 32.4 29.1 25.5 26.5 25.9 26.3 25.3 25.4 27.5 22.2 20.8 15.9 15.1 13.1 4.5 -0.3 -0.3 -0.3 -0.3 -0.3 -0.3 -0.3 -0.3 -0.3 -0.3 -0.3 -0.3 -0.3 -0.3 -0.3 -0.3 -0.3 -0.3 -0.3 -0.3 -0.3 -0.3 -0.3 -0.3 -0.3 -0.3 -0.3 -0.3 -0.3 -0.3 18.8 24.7 33.5 41.8 51.1
-0.3 -0.3 -0.3 -0.3 -0.3 -0.3 -0.3 -0.3 -0.3 -0.3 57.5 90.5 124.6 155.6 175.9 203.1 232.4 228.4 224.8 220.4 213.8 205 195.8 186.8 177.9 168.7 158.5 148.9 138.6 127.2 112 90.1 72.9 51.4 42.5 31.4 29 23.9 24 23.9 22.6 21.2 19.6 18.8 16.5 13.8 11.3 10.9 8.8 -0.3 -0.3 -0.3 -0.3 -0.3 -0.3 -0.3 -0.3 -0.3 -0.3 -0.3 -0.3 -0.3 -0.3 -0.3 -0.3 -0.3 -0.3 -0.3 -0.3 -0.3 -0.3 -0.3 -0.3 -0.3 -0.3 -0.3 -0.3 -0.3 -0.3 -0.3 13.6 25.8 32.2 39.2 48.8
