app/static/ascii/HU34.asc
ncols 200
nrows 200
xllcorner 430000
yllcorner 1140000
cellsize 50
[rows 38 to 75 of 200, columns 0 to 84 of 200]
59.7 59.9 57.3 56.1 56.5 59.4 60 59.3 59 57.2 59.7 61.9 62.4 60.1 57.7 55.9 53.7 54.1 54.8 55.2 56.6 59.7 62 64.2 65.7 67.7 68.2 67.9 68.5 70.2 73.1 75.3 78.1 81.9 86.2 90.4 93.1 95.5 97.7 101.3 103.4 103.5 102.6 103.5 97.9 90.5 84.1 81.4 83.3 87.2 91.4 96.6 99.8 101.4 102.6 103.5 98.5 94.6 90.7 85.4 77.9 65.3 49 42.3 34.4 24.5 16.3 -0.5 -0.5 -0.5 -0.5 -0.5 -0.5 10.9 21.4 29.4 35.8 40.3 43.6 45.3 45.4 49.8 56.6 66 73.6
58.8 59.8 60.1 58.9 59.4 61.5 63.3 62 62.4 60.4 61.7 64.6 63.9 62.8 60.4 58.7 57.2 55 55.2 55.7 55.9 57.6 59.1 60.9 63.3 64.5 65.1 65 65.8 66.6 67.3 68.7 70.8 74.3 78.7 82 84.4 86.9 90.4 94 95.9 97.8 100.7 100.2 94.1 86.7 81.2 76.4 78.6 83.7 88.4 91.6 95.6 97.8 100.2 99.1 94.7 89.6 85.9 78.6 72 57.5 43 37.1 28.5 21 15.6 -0.5 -0.5 -0.5 -0.5 -0.5 -0.5 10.7 21 29.8 36.6 42.2 44.9 46.9 46.4 50 55.7 64.8 69.7
58.8 59.7 60.5 60.4 60.2 61.8 63.4 63.9 65.5 64.2 63.8 65.1 67.1 67.5 64.6 61.2 59.8 57.6 55.7 56.1 56.4 58 59.3 61.1 62.4 63.4 64.1 64.3 64.2 64.6 64.4 64.4 64.7 68.1 71.9 74.1 77.2 79.7 83.4 86.9 90.9 96.5 98.2 96.9 91.1 84.6 79 74 74.7 79.3 84.4 88.5 91.7 96.2 97.6 93.6 89.8 84.3 79.9 72.5 63.5 49.4 40.7 34.4 23.8 18.1 13.3 -0.5 -0.5 -0.5 -0.5 -0.5 -0.5 11.1 21.4 30.1 37.2 43.2 46 48.2 48 50.5 55.6 62.6 66.4
59.6 60.3 60.8 61.3 61.5 64.8 65.6 68.4 68.8 68.5 66.5 66.7 68.3 69.5 68.3 64.9 62.1 58.9 57.1 57.4 58.1 59.3 60.7 62.6 63.8 64 64.2 63.7 63.6 63.1 60.7 60.7 61.9 64.9 65.8 69.1 71.5 74 77.6 81.6 89.2 94.2 95.5 93.6 89 82.8 76.4 72 71.9 75.2 82 83.5 88.8 94.5 92.7 88.3 84.8 78.8 72.7 65.3 55.7 45.4 39.5 28 21.8 17.2 11.9 -0.5 -0.5 -0.5 -0.5 -0.5 1.7 10.1 21.6 30.3 37 42.7 46.8 48.8 49.1 50.7 55.8 60.8 63.7
62.1 61.1 61 61.5 63.2 64.8 67.5 69.9 72.2 73.1 68.6 67.9 68.3 68.1 66.9 66.6 62.9 60.5 58.8 59.3 61.4 63.3 64.4 65 65.6 65.5 64.5 63.7 63.1 61.5 60.7 60.7 60.7 61.9 63.9 65.6 67.2 70.2 74.1 80.1 87.2 91.9 92.9 90.7 85 77.7 73.4 70.3 69 72.3 75.6 80.1 85.6 89 87.2 85.6 80.1 74.8 65 58 48.6 46.2 41 29.4 22 16.1 8.5 -0.5 -0.5 -0.5 -0.5 -0.5 -0.5 11.3 21.9 30.3 36.9 43.6 47.3 49.3 49.7 50.4 54.2 58.6 60.5
65.4 62.6 62.6 62.2 64.6 65.9 68.6 70.6 71.9 73.1 71.4 69.7 68.6 66.8 65.1 64 62.1 61.9 62.5 63.6 65.4 67.4 68.9 69 68.4 67.6 67.5 64.6 63.6 62.4 60.7 60.7 60.7 60.7 60.7 63.1 65 67.6 72.2 78.6 84.1 88.7 89.4 86 80.8 74.5 71.9 67.9 66.3 67.9 71.9 76.8 81.6 82.7 81.4 80.5 74.4 69.6 59.1 50.7 48 45.9 40.4 30.1 21.4 13 5.8 -0.5 -0.5 -0.5 -0.5 -0.5 -0.5 10.8 21.2 29.3 37 43.8 47.3 48.4 49.6 51.3 53.8 56.6 58.6
68.3 65.9 64.2 65.4 65.5 67.6 70 71.9 74.2 74.5 72.6 69.7 68.5 66.4 63.1 61.4 61.5 62.7 65.7 68.5 70.6 74.3 71.9 71.6 72.3 72.9 71 68 65.6 64 61.9 60.7 60.7 60.7 60.7 60.7 62.6 65.9 71.7 77.4 83.6 85.8 84.4 81.5 76.3 70.6 68.3 66 64.1 64.6 67 72.1 75.6 76.4 74.2 74.6 72.2 61.7 54.3 48.6 46.9 43.9 35.6 28.3 22.1 10.5 2.2 -0.5 -0.5 -0.5 -0.5 -0.5 -0.5 9.9 20.1 28.9 36.9 43.7 46.6 48.7 50.7 52.3 52.2 54.9 55.5
69.3 70.1 69 69.5 70.7 71.7 74.3 75.3 76.5 75.3 74.2 69.9 67.6 65.9 62 59.7 59.4 63.7 67.6 71.9 73.4 74.9 74.7 75.4 77.5 77.3 76.1 72.9 69.3 66.1 62.9 60.7 60.7 60.7 60.7 60.7 60.7 64.9 69.8 74.7 78.5 80.3 79.2 76.3 71.2 67.8 64.2 62.3 62.8 63.6 65.7 67.7 69.3 69.1 70.1 70.4 66.7 57.2 50.3 45.5 43.1 39.4 33.6 24.9 20.1 11.8 0.9 -0.5 -0.5 -0.5 -0.5 -0.5 -0.5 9.6 18.6 28.2 36.5 42.9 45.8 48.6 51.5 51.7 51.3 52.2 52
72.2 72.2 72.7 73 75.2 76.1 77.6 78.4 78.5 77.1 73.4 69.1 66.1 65.2 60.9 57.2 59.9 64.4 66.7 70 72.9 75.9 76.6 78.6 80.7 81.4 81.6 80.1 76.1 69.7 65.5 61.8 60.7 60.7 60.7 60.7 60.7 64.4 68.5 72.5 74.4 75.1 74.6 71 66.6 63.7 62.4 60.3 61.5 64.8 65.2 64.6 66 65.2 66.1 66.1 60.9 54.2 47 43.1 41.1 38.3 33.2 21.8 12 5.4 -0.5 -0.5 -0.5 -0.5 -0.5 -0.5 -0.5 8.9 18.1 26.6 35.8 41.6 45 47.8 50.2 50.4 49.2 50.3 49
74.7 75.4 75 76.1 77.1 78 80.1 81.4 81.5 78.6 74.1 68.1 64.7 61.5 56.8 56.8 59.6 62.2 65.9 68.9 71.2 73.3 75.7 77.4 80.3 83.5 84.6 84.3 81.3 74.9 67.9 64 61 60.7 60.7 60.7 61.3 64.6 67.2 69.8 71.7 72.2 70.6 66.8 62.1 60 59.2 59 60.7 61.3 62.5 61.8 61.8 62.3 61.9 60.7 57.8 52 45.5 41.3 39.6 37.6 33.9 23.1 -0.5 -0.5 -0.5 -0.5 -0.5 -0.5 -0.5 -0.5 -0.5 8.5 17.4 26 33.9 40.4 44.1 46.8 48.2 49.2 48.4 48.8 47
75.4 76.7 76 75.1 76.6 77.9 80.1 82 81 78 73.9 70.2 63.4 58.7 56.8 57.9 58.9 61.9 65.2 68.5 70.3 71.8 75.3 77.4 82.4 85.8 87.2 86.5 83.7 78.5 70.4 65.2 63.4 61.4 60.7 60.7 63.1 64.3 65.7 68.1 70.1 69.5 66.9 62.2 57.8 55.7 57.2 58.4 58.5 57.5 59.9 59.7 60 60.2 60 58.8 55.4 51 44.8 39.3 37.2 36 33.4 22.2 -0.5 -0.5 -0.5 -0.5 -0.5 -0.5 -0.5 -0.5 -0.5 8.9 17 23.9 32.2 39 43.2 45.7 47.1 48.2 48.3 47.9 44.6
73 74.6 74 73.3 75.2 76.2 76.9 77.6 77.7 75.4 71.6 69.6 64.5 57.7 58.1 58.5 60.1 61.4 63.3 65.7 68.5 70.1 73.3 77.1 81.5 85.8 88.6 87.8 85.1 80 72.3 67.4 64.7 62.8 60.7 60.7 62.6 63 63.6 65.5 65.6 66.3 63.2 58.2 55.1 54.8 54.9 55.5 56.3 54.8 57 57.7 58.1 58.6 58.5 57 53.4 49.5 44.6 38.8 35 33.9 31.8 22.3 -0.5 -0.5 -0.5 -0.5 -0.5 -0.5 -0.5 -0.5 -0.5 -0.5 15.3 23.3 30.5 37.1 41.9 44.4 45.9 47.1 48.4 45.2 42.3
69.9 69.9 70 71.1 71.8 72.3 72.9 73.4 72.9 71.6 68.7 65 60.8 57.8 58.9 59.2 60.2 62.3 63.5 63.4 65.7 68 71.8 75.2 79.2 82.9 86.5 88.1 86.2 81.2 74.8 69.5 65.9 63.3 60.7 60.7 60.7 61.9 61.5 62 61.6 60.6 57.5 54 50.8 53.1 53.3 53.5 52.8 53.6 54.4 55.8 56.6 57.5 57.6 55.9 52.7 49.1 45.1 39.1 33.1 29.6 26.5 17.6 -0.5 -0.5 -0.5 -0.5 -0.5 -0.5 -0.5 -0.5 -0.5 -0.5 14.9 23.7 30.1 36.5 40.8 44 45.5 46.8 46.4 43.5 40.8
66.3 65.7 65.6 67.5 67.4 67.5 67.2 67.5 67.2 64.9 62.6 59 56.8 60 61.1 62.1 63.1 61.5 62.8 63.7 65 67.6 70.9 74.4 77.1 80.7 83.9 86.1 86.8 82.6 76.2 70.5 66.7 63.7 62.2 60.7 61.6 60.5 60.1 59.6 58.5 57.1 53.8 51.4 50.5 51.3 51.9 52.3 51.5 51.6 53.5 55.9 57 59.2 58 56.6 53.7 49.8 46.3 41.7 32.3 28 21.3 11.1 -0.5 -0.5 -0.5 -0.5 -0.5 -0.5 -0.5 -0.5 -0.5 6.3 14.8 23.6 30.3 34.9 38.9 42.9 45.1 46.4 45.6 42.9 39.5
62.3 62.2 61.9 63.3 63 62.4 61.8 61.1 58.8 57.1 52.8 55.3 60.8 64.7 66.7 67.3 65 64.5 64.4 65 65.9 66.4 69.2 72.3 76.1 78.3 81.4 84.2 85 82 77.3 71 67 63.5 62.3 61.6 61.6 60.1 58.6 57.6 57.1 55.6 52.5 49.9 49.3 49 50.6 52.3 51.2 51.2 52.6 56.4 59.8 61.8 60.9 58.8 56.4 53.4 49.7 44.6 36 30 25 15 -0.5 -0.5 -0.5 -0.5 -0.5 -0.5 -0.5 -0.5 -0.5 7.3 15.5 24 30.2 35.4 39 42.5 45.1 45.9 45.8 42.6 39.6
58.3 58.4 58.4 58.4 57.7 57.3 57 54.4 51.1 47.9 53.1 62.8 65.6 68.9 70.4 69.8 68.9 68.9 68.5 67.6 66.6 67.2 69 71 74.5 76.4 79.3 82.9 82.7 81 77.1 73 68.3 63.9 62.2 60.9 60.4 59.6 58 55.8 55 53.5 51.3 48.7 46.7 50.2 52.3 53.6 52.1 52.1 54.3 57.8 61.8 63.4 62.4 61.1 59.7 57.1 53.5 48.6 40.5 33.2 27.2 14 -0.5 -0.5 -0.5 -0.5 -0.5 -0.5 -0.5 -0.5 -0.5 7.5 17 24.2 30 35.7 39.7 43.1 46.2 47.4 46.5 43 39.7
54.6 54.8 54.4 53.4 52.5 52.1 51 47.8 44.4 47 53.3 59.2 63.7 67.7 70.4 71.2 71.5 72.5 72.9 72 70.4 69.9 70 71.7 73 75.3 77.9 80.4 81.5 80.6 77.9 73.8 69 65.1 62 60.2 59.5 58.6 57 54.8 52.2 51.2 49.2 46.4 45.8 49.1 51.5 52.6 53 54 56.4 59 62.1 63 63.5 64.3 63.1 61.2 58.1 53.4 46.7 35.7 28.1 16.6 -0.5 -0.5 -0.5 -0.5 -0.5 -0.5 -0.5 -0.5 -0.5 9.1 17.2 24.3 29.9 35.5 40.1 44 47.5 49.1 47.9 44.3 39.9
51.5 51.4 50.7 50.2 46.8 47 44.4 41.4 41.3 46.4 53.1 57 61.5 67.9 70.5 69.8 71.7 75.5 76.1 76.5 75.3 75 74 74.3 74.7 76.4 78.9 80.3 81.6 80.3 79.2 76.2 71.6 67.2 64 61.6 59.5 57.3 55.6 54.3 51.4 48 46.2 44.3 44.7 47.6 50.4 51.8 54.1 55.6 58.3 61.4 64.3 64.8 66.2 67.4 66.3 65.6 62.6 58.2 51.6 40.4 33.1 15.5 -0.5 -0.5 -0.5 -0.5 -0.5 -0.5 -0.5 -0.5 -0.5 10.4 18.2 24.6 30.8 36.2 40.3 45.6 48.8 50.5 49.5 45.6 40.2
47.3 47.2 46 44.9 42.3 40.5 39 38.9 41.4 46.7 51.8 55.8 59.6 63.5 66.1 68.3 72.6 76.7 79.8 80.1 80.5 80.8 79.1 79.8 79.5 81.3 81.8 82.8 83.4 81.8 80.6 78.2 73.2 70 65.9 62.9 61.7 58.2 55.2 54.1 51.1 47.6 44.8 41.7 44.6 46.7 50.5 53.6 55.8 57 60.5 63.8 65.7 66.3 68.8 70.7 70.5 68.9 67.2 62.1 55.9 43.8 31.5 16.7 -0.5 -0.5 -0.5 -0.5 -0.5 -0.5 -0.5 -0.5 7.8 14.3 20.3 26.6 32.2 36.8 41 46.1 49.2 51.4 50.3 47 41.5
43 42.4 40.9 39.4 37.4 35.9 35.1 36.8 41.9 45.2 49.6 53.2 57.6 60.4 63.2 67.3 72.6 76.7 82.8 85.1 84 83.2 84.1 85.9 87.6 88.7 88.5 87.6 86.8 85.5 84.4 81.7 77.4 72.2 68.3 64.9 62.8 60.3 57.4 55.2 52.4 48.3 44.5 41.4 42.9 46.7 48.9 52.7 56.3 58.5 64.8 65.8 65.3 67.3 71.3 73.9 73.9 72.1 70.9 68.4 58.8 46.6 32.5 18.4 -0.5 -0.5 -0.5 -0.5 -0.5 -0.5 -0.5 -0.5 10.4 18.1 23.2 28.5 33 37.9 42.3 46.3 51.5 52.2 51.3 48.1 42.4
38.5 36.8 36.3 35.2 33.9 33.8 34.8 37.9 40.4 44.2 47.8 51.7 55 58.2 61.9 66.9 72.8 77.3 82.5 87.7 82.9 81.9 86.1 92.3 94.1 94.4 94 91.6 90.3 90.4 89.5 86.6 80.9 76.3 71.8 67.3 64.2 61.9 59.5 57.1 53.6 48.8 44.8 41.3 40.8 43.5 47.3 50.3 53.5 58.1 64.4 63.9 63.9 69.8 73.9 77.5 78.1 76.7 75.2 71.8 61.2 48.8 38 19.9 -0.5 -0.5 -0.5 -0.5 -0.5 -0.5 -0.5 -0.5 13.1 20.1 25.7 30.4 34.5 39.1 43.7 46.7 51.8 52.6 52.1 48.3 42.9
34.8 33.6 32.4 32.6 30.8 31.4 35.5 38 41.1 44.5 47.1 49.4 52.5 55.4 60 65 72.1 76.3 78 80.2 79.4 80.6 88.1 94.9 97.2 98.2 98.2 94.8 94.3 94.2 93.4 90.4 86.1 81.8 75.9 69.9 65.6 62.8 59.7 57.5 53.5 49.1 45.1 42.1 39.2 41.4 43.8 48 50.4 55.1 59.3 60 64.7 73 79 82 81.8 82.2 79.7 74.8 66 53.4 39.1 20.8 -0.5 -0.5 -0.5 -0.5 -0.5 -0.5 -0.5 -0.5 13.9 20.6 27.6 32.3 35.5 39.7 43.7 46.5 50.8 53.3 54 48.9 43.4
30.1 29.9 29.6 29.2 30 32.6 34.7 37.1 40.8 44.1 46.6 48.4 51.8 55 59.1 64.5 69.9 73.9 74.6 75.2 76.2 79 86.2 92.4 95.8 99.3 99.1 96.9 97.2 97.5 96.4 93.2 90.2 85.7 81 74.4 69.7 65.2 60.8 57.7 54.4 51 46 42.1 39.8 40 40.4 43.9 47.9 51.4 53.9 56.5 65.2 74.2 85.3 88.9 87.6 85.3 83.1 78.6 67.9 55.4 42.3 20.8 -0.5 -0.5 -0.5 -0.5 -0.5 -0.5 -0.5 8.7 15.2 20.4 29.9 33.1 35.6 39.5 42.7 46 48 53.2 52.2 49.2 43.1
27.3 27.8 27.3 28.6 30.4 31.3 34.4 37.7 39.1 42.6 45.5 47.5 51.8 53.9 57.3 63 67.7 71.7 71.9 71.9 73.4 76.5 82.6 87.4 90.6 95.1 94.8 97.7 101.2 100.7 98.3 96 93.1 89.8 85.4 79.9 72.3 67.6 63 60.2 58.8 54.4 48 42.5 39.4 37.3 39.1 41.9 44.1 47.4 50.3 55.5 66.7 77.7 87.5 95.1 92.4 89.8 84.4 79.4 70.8 61.4 47.1 20.6 -0.5 -0.5 -0.5 -0.5 -0.5 -0.5 -0.5 -0.5 15.3 19.7 30.8 33.2 34.7 38 40.9 44.2 45.9 52.1 50.1 47.8 42.9
25 25.1 27.5 28.6 29.5 32.3 34.6 38.6 41.7 44.8 48.1 49.9 50.6 54.1 56.7 60.9 65.2 67.5 68.9 69.4 72.5 75.1 77.4 81.5 85.8 89.5 92.5 99.3 105.4 102.6 100.7 98.9 96.5 93.6 88.6 82.6 74.8 70.6 65.2 62.6 59.7 56.1 49.9 43.2 37.9 36.2 37.1 39.2 41.1 44 49.1 56.3 66.9 77.9 89.9 99.1 96.8 92.8 90.6 82.3 75 63.5 47.2 23.7 -0.5 -0.5 -0.5 -0.5 -0.5 -0.5 -0.5 -0.5 14.4 18.5 26.1 30.5 33.6 35.3 38.5 41.3 43.1 47.1 47.6 45.3 41.1
25.8 26.3 26.9 27.7 29.1 31.1 35 39.1 43.5 46.7 49.1 51.3 52.4 53.8 56.7 59.4 62.3 65.1 65.3 67.6 69.8 72.6 74.5 76.6 80.8 84.7 93.1 100.8 102.7 103.4 102.1 99.6 99.5 96.2 91.6 84.5 76.8 70.2 67.5 64.5 59.8 54.3 48.9 42.2 36.6 32.2 36.8 37.8 39.2 44.5 51 58.4 68.2 80.6 91.3 98.1 97 95.5 89.8 82.9 76.7 66.1 48.5 32.2 -0.5 -0.5 -0.5 -0.5 -0.5 -0.5 -0.5 -0.5 -0.5 15.8 23.3 26.7 30.6 33.1 35.3 37.6 39.6 40.7 43.2 41.3 37.5
26.3 26.8 27.3 28 28.9 32.1 35.9 40 45.2 48.6 51.2 53.5 54.4 55.5 57.2 58.2 60.8 62.8 64.1 65.1 67.1 70.3 72.1 74.9 76.8 83.3 91.1 97.9 101 101.8 101.5 101.1 101.3 98.9 93.2 84.5 76.6 72 68.7 65 60 53.7 47.1 41.9 35.7 34.8 35 38.1 40.3 45 51.9 59.8 67.1 78.5 88.9 92.4 92.9 92.4 88.7 84.7 78.9 67 52.5 37 -0.5 -0.5 -0.5 -0.5 -0.5 -0.5 -0.5 -0.5 -0.5 10.6 21.4 24.1 27.2 29.7 31.7 33.6 35.4 35.9 36.6 36.7 33.3
27 27.5 27.9 28.4 30 33 36.8 41.2 46.1 50.1 53.4 55 56.4 57.5 58.4 59.3 60.4 61.4 62.9 64.3 65.6 68 70.9 73.1 74.6 81.1 89.1 94.9 99.7 100.9 102.3 103 102.7 99.3 92.3 82.5 75.6 71.6 69.1 64.6 57.4 51.5 44.7 38.3 34.2 31.7 37.6 40.9 42.3 45.2 51.8 59.9 65.5 73.4 81.8 86 88.7 90.7 87.4 88.4 75.9 62.6 53.7 39.6 -0.5 -0.5 -0.5 -0.5 -0.5 -0.5 -0.5 -0.5 -0.5 -0.5 19 21.4 23.9 26.1 28.4 30.1 31 31.6 31.3 31.2 29.7
26.7 27.8 28.3 29.3 31.2 34 38.7 42.4 46.8 51.6 55.9 57.1 58.5 59.9 61.5 61.9 61.9 62.4 63.3 64.4 66.1 68.6 70.1 71.6 74.1 80.2 86.4 91.7 95.4 100.3 100.4 102.7 103.1 98.8 90.8 79.3 73.8 70 68.2 65.6 55.9 48.4 40.5 34.2 31 36.7 43.5 46.8 47.8 49.1 53.9 61.5 66.1 70.5 75.6 80.2 84.3 87.8 87.7 86.8 75.4 62.8 54.5 41.7 -0.5 -0.5 -0.5 -0.5 -0.5 -0.5 -0.5 -0.5 -0.5 -0.5 16.6 19.5 20.8 21.6 23.1 24.9 26.4 27.2 26.2 26.1 25.6
27.3 28.7 29.2 30.5 33.9 37.9 41.3 45 48.8 52.3 56.1 59.2 61.5 63 64 64.7 64.1 63.6 64.1 65 66.5 68.7 70.6 71.7 74.6 77.8 83.5 87.7 93 96 97.1 97.8 99.2 96.6 86.7 74.6 69.5 67.3 66.2 64.1 53.4 43.9 36.4 31.5 34.5 40.6 47.9 51.5 53.6 55.3 56.5 62.2 65.8 68 70.8 73.9 78.9 82.5 87.6 82.8 69.7 62.1 57.4 41 24.6 -0.5 -0.5 -0.5 -0.5 -0.5 -0.5 -0.5 -0.5 2.5 15.4 17.7 17.6 17.8 18.2 19.5 20.8 22.8 22.3 14.3 20.5
28.7 28.8 29.1 31.1 34.8 39.6 43.2 47.1 52.6 55.5 57.9 61.9 63.9 64.9 65.4 66.2 66.9 67.7 68.3 67.9 68.3 70.2 71.6 73.3 75.2 77.3 80.1 85.4 90.4 90.5 92.7 93.6 96.9 93.1 79.1 69.9 66.3 64.4 62.9 59 49.7 39.5 31.8 32.4 37.7 42.9 49.6 53.7 57 59.2 60.8 63 64.5 65.8 67.5 70.3 74.5 77.9 80.5 73.4 62.5 59.9 59.5 39.3 24.5 -0.5 -0.5 -0.5 -0.5 -0.5 -0.5 -0.5 -0.5 10.1 13.5 14.9 15 13.1 -0.5 -0.5 -0.5 -0.5 11.7 -0.5 -0.5
28.7 28.9 29.6 31.1 33.8 37.6 42.5 48.1 54 58.9 59.3 61.3 63.8 65.3 66.7 67.7 69.1 70.9 71.3 72.2 71.8 72.4 75 75.6 76.2 77.2 78.5 81.6 83.8 85.7 87.6 89 88.8 85 72.5 65.4 62.5 61.5 61.8 54.8 45.1 32.4 27.6 34.2 38.8 44.6 51.9 56.7 59.9 61.8 63.6 65.7 65.6 64.6 66.1 70.3 76.7 74.5 73.5 67.7 57.3 57.6 54.7 34.1 20.8 -0.5 -0.5 -0.5 -0.5 -0.5 -0.5 -0.5 -0.5 -0.5 10.7 11.9 2.2 -0.5 -0.5 -0.5 -0.5 -0.5 -0.5 -0.5 -0.5
28.9 28 28.2 30.5 33 36.1 41.1 46.7 51.8 55.8 58.1 59.5 62.3 63.7 65.7 69.3 70.8 71.8 73.9 74.2 73.9 75.5 78.8 77 75.8 75.9 76.8 77.4 79.6 81.4 83.2 83.2 81.5 78 64.8 61.4 58.1 59.5 58.8 49.1 37.6 26.3 32 36.6 42.9 49.5 55.5 60.2 64 66.5 68 69.4 69.2 68.3 66.2 68.9 71.9 69 65.2 59.7 52.8 53.4 44.7 29.2 -0.5 -0.5 -0.5 -0.5 -0.5 -0.5 -0.5 -0.5 -0.5 7.9 7.3 -0.5 -0.5 -0.5 -0.5 -0.5 -0.5 -0.5 -0.5 -0.5 -0.5
29.5 27.1 26.9 28.5 32.5 35.5 40.2 44.5 48.7 54.2 57.2 58.2 59.3 60.9 65.4 69.4 71.3 71.1 71.9 72.6 72.8 77.4 80.8 78 76.3 75.1 74.2 74.8 76.3 78.4 80.1 80.5 78.1 72.5 58.5 55.7 53.2 54.6 52.1 42.7 28 27 34.9 40.5 47.5 55.4 61.1 65.3 68.7 71 72.5 71.4 71.9 71.8 69.6 64.3 64.4 61.8 58.2 51.9 48.3 44.5 33 21.6 -0.5 -0.5 -0.5 -0.5 -0.5 -0.5 -0.5 -0.5 -0.5 0.8 -0.5 -0.5 -0.5 -0.5 -0.5 -0.5 -0.5 -0.5 -0.5 -0.5 -0.5
29.4 26.5 25.5 26.6 30.2 34.4 37.4 41.7 45.4 53.5 56.1 55.5 55.3 57.1 62.8 68.5 70.2 69.2 67.2 68.7 70 74.8 76.6 76.3 76 74.9 73 71.9 71.9 74.4 77.3 75 72.8 66.3 52.4 48.7 48.6 47 44.5 31.8 24.2 32.1 38.5 44.7 52 60.9 66.7 70.8 73.4 75.4 76.9 75.2 72.5 72.2 69.8 64.3 58.3 54.4 49.9 45.4 43.4 36 25.5 18.1 16.7 -0.5 -0.5 -0.5 -0.5 -0.5 -0.5 -0.5 -0.5 0.4 -0.5 -0.5 -0.5 -0.5 -0.5 -0.5 -0.5 -0.5 -0.5 -0.5 -0.5
28.4 24.3 24.3 24.3 26.7 29.9 33.4 38.7 41.9 48.8 51.1 52.1 51.7 53.5 60.5 64.3 65.8 65.9 62.8 63.8 68.2 72 72.8 72.2 74.8 72.6 70.2 70.2 70.1 70.4 71.9 70.4 66.9 60.8 47.8 43.9 40.6 36 35.3 26 28.2 34.6 40.4 49.2 57.3 65.8 71.5 75.7 78.8 79.7 79.7 77.7 73.7 71 69.7 64.6 59.1 55.3 51.5 46.8 36.5 25.7 19.4 14 15.2 -0.5 -0.5 -0.5 -0.5 -0.5 -0.5 -0.5 -0.5 -0.5 -0.5 -0.5 -0.5 -0.5 -0.5 -0.5 -0.5 -0.5 -0.5 -0.5 -0.5
27.2 24.3 24.3 24.3 24.3 24.4 28.7 34 37.5 40.9 45.4 49.6 47.6 49 54.5 59.3 59.2 60.3 58 58.9 65 69.7 67.4 68.1 70.4 68.9 69.5 69.3 69 69 68.7 66.9 64.9 56.5 42.9 38.8 34 29.7 25.6 24 30.2 36.4 44 54 63.8 70.9 76 80 82.8 83.6 82.2 80.1 75.4 71.6 68.8 63.8 58 54.1 51.7 45.8 35.4 25.6 17.9 10.3 -0.5 -0.5 -0.5 -0.5 -0.5 -0.5 -0.5 -0.5 -0.5 -0.5 -0.5 -0.5 -0.5 -0.5 -0.5 -0.5 -0.5 -0.5 -0.5 -0.5 -0.5
25.7 24.3 24.3 24.3 24.3 24.3 25.4 30.8 33.1 35.8 39.4 41.5 42.5 44.3 48.6 52.4 55.5 55.1 53.5 55.1 59.8 61.7 61.6 62.9 65.2 65.5 67.8 67.8 69 68.1 67.5 65.6 62.3 54.4 40.4 34.1 28.7 24.8 23 27.5 30.4 39.1 52.8 62.5 69.5 75.6 81.2 83 84.6 86.1 84 82.3 75.7 72.9 67.9 61.9 55.7 51.1 48.8 41.9 33.2 23.9 14.8 10 -0.5 -0.5 -0.5 -0.5 -0.5 -0.5 -0.5 -0.5 -0.5 -0.5 -0.5 -0.5 -0.5 -0.5 -0.5 -0.5 -0.5 -0.5 -0.5 -0.5 -0.5
