app/static/ascii/HU35.asc
ncols 200
nrows 200
xllcorner 430000
yllcorner 1150000
cellsize 50
[rows 74 to 110 of 200, columns 0 to 83 of 200]
11.4 12.8 15.6 16.1 18.5 18.3 15.3 14.1 17.3 18.3 18 19.5 23.5 23.1 24.7 29.5 31.5 32.8 36.2 35.3 33.4 34.1 34.3 30 29 28.7 29.5 30.2 30.8 32.5 35.4 40.9 44.7 40.9 39.7 36 30 22.7 18.9 15.9 15.7 17.4 19.6 21.3 21.6 21.1 16.5 18 20 24.1 25 21.3 18.1 15 12.4 10.9 12.7 16.4 17.5 19.8 23.7 29.8 37 47.2 44.8 46.5 50.7 62.9 72.3 73.9 77 82.4 87.4 90.3 87.5 83 75.4 65.2 54 44.6 36.8 31.1 26.9 22.9
9.7 11.9 15.6 20.1 19.9 19 15.9 17.4 17.6 21.6 20.3 19.3 18.8 18.4 16.9 16.9 18.9 21.7 24.7 25 24.3 25 24.8 25.3 26.3 28.2 29.4 30.4 31.4 32 35.8 38.9 42.5 39.2 37.6 36.1 32.1 26.5 23.6 20.8 17.1 19.7 20.8 22.8 24.1 22.5 21.2 20.2 21.7 23.7 25.4 23.4 21.7 19 14.8 12.7 9.7 14.3 19.1 20.4 24.8 30.5 37.1 41.3 41.4 42.5 48.7 61.6 73.7 76.9 77.9 80.8 84.2 86.6 85.2 81.3 74.2 64.2 53 44.4 37.2 32 27.5 23.4
5.8 8.8 12.5 18.4 19.2 16 15.7 17.7 19.2 20.7 24 24.9 19 16.9 16.9 16.9 16.9 16.9 16.9 16.9 16.9 16.9 19 21.1 25.4 30.1 32.7 35.5 36.4 37.1 38.4 40.7 42.3 43.5 43.7 42.1 36.1 31.3 26.5 23.5 19.7 20.5 22.6 25.8 25.9 23.1 22.6 23.4 24.4 25 25 24.1 23.5 21.6 18.1 14.9 15.5 14.2 17.8 23 23.9 27.7 32.3 34 35.6 39 47.3 58.7 67.8 74.3 77.9 80 81.7 83 81.8 78 71.2 62.1 52.3 42.7 36.3 31.4 27 23.1
10.9 10.3 12 15.9 17.4 15.7 18.7 19.3 18.2 19.2 24.8 28.7 19.5 16.9 16.9 16.9 16.9 16.9 16.9 16.9 16.9 16.9 16.9 19.6 26.6 33.4 38.6 42.6 44.7 46.3 48.3 45.9 46.2 49.5 47 43.3 37.9 33.4 29.8 26.5 23.4 22 24.7 27.3 30.3 29 28.3 26.5 27.5 29.1 27.3 26.1 25.3 23.9 22.1 18.4 16 13.7 16.6 21.3 22.6 24.3 26.1 28.8 32.1 36.8 46 55 66.2 69.2 73.5 75.6 79 80.6 78.3 75.1 68.1 60.2 50.6 41 35 30.2 25.8 21.7
14.7 16.2 14.1 14.7 22.8 22.1 17.8 18.1 17.8 19.6 18.8 28.3 18.4 16.9 16.9 16.9 16.9 16.9 16.9 16.9 16.9 16.9 16.9 16.9 25.3 33.8 41.3 48.2 53.9 56.2 55.7 53.7 51.8 51.2 49.4 46.4 43 38.3 33.2 29.7 27 23.8 24.1 27.2 31.6 33.4 32.7 30.9 29.7 30.9 29.2 28.4 27 25.4 23.8 21 17.3 17.4 16.4 19 22.4 22.4 24 26.4 28.9 35.2 43.2 53 60.3 64 67.3 70.5 74.3 77.2 75.4 72.1 65.3 57.6 48.4 40.7 33.8 29.1 24.7 20.3
18.1 22.3 21.1 15.7 15.8 22.3 18.1 16.9 16.9 18.5 17.3 20.7 16.9 16.9 16.9 16.9 16.9 16.9 16.9 16.9 16.9 16.9 16.9 16.9 24 32.6 38.7 45 53.3 57.1 58.7 58.3 56.5 56.3 54.9 51 47.9 43.2 38.9 33 31.8 30.5 24.2 25.8 30 34.2 35.7 34 32.2 31.5 31.3 30.2 29 28 25.3 22.8 20.2 19.5 16.6 19 20.1 22.8 23.4 24.8 29.6 34 40.2 50 57.8 59.8 63.6 67.3 70.4 72.6 72.8 69.9 63 54.5 46.2 37.9 31.9 27.9 23.8 18.7
25 25.8 28.9 23.5 20.6 19.6 19.3 18.8 17.5 16.9 16.9 16.9 16.9 16.9 16.9 16.9 16.9 16.9 16.9 16.9 16.9 16.9 16.9 16.9 16.9 31.7 34 38.4 50.6 54 53.5 56.4 56.4 57 56.5 54 51 46.3 40.8 37.2 34.9 32.7 27.1 26.1 31.1 33.9 37 34.9 32.5 32.9 33.4 34.1 31.4 29.4 26.9 24.3 21.8 20.2 17.8 20.2 19.9 21.5 23.1 25.5 28.5 32.1 39.4 44.5 49.7 54 58.7 62.3 66.7 68.4 68.5 65.7 59.8 52.4 44.3 36.1 30.3 26.4 22.7 18.1
30.9 32.9 33.5 29.2 27.9 25.3 22.8 20.6 21.4 20.1 16.9 16.9 16.9 16.9 16.9 16.9 16.9 16.9 16.9 16.9 16.9 16.9 16.9 16.9 16.9 16.9 28.1 30.6 34.9 43.3 48.2 50.1 52.7 53.3 51.9 52.1 49 45.8 41.1 37.6 34.5 31.6 27.4 26.9 31.8 34.9 36 35.6 33.5 35.6 35.6 36.1 35 30.9 28.3 26.3 24.4 21.2 19 20 23.7 22.7 24.5 26.7 29.2 32 36.5 40.7 44.9 48.5 51.9 56.1 60.7 62.8 63.8 61 55.7 49.6 42.3 33.7 28.6 24.7 21.2 17.8
36.9 40.3 40 37.9 33.5 31 28.3 26.5 23.9 23.5 19.2 16.9 16.9 16.9 16.9 16.9 16.9 16.9 16.9 16.9 16.9 16.9 16.9 16.9 16.9 16.9 16.9 24.1 26.7 30.4 36.9 40.2 43.4 45.5 45.1 45 44.4 44.2 40.9 36.5 33.3 30.2 25.6 26.6 30.8 34.5 35.6 35.1 34.7 37.7 38 37.5 36.6 33.7 32.4 28.5 25.3 21.3 20.4 23.1 23.6 24.3 27.7 30.1 32.5 35.2 36.4 38.1 40.7 43.7 47.4 51.3 53.7 56.3 57.4 56 52.3 46.7 39.5 32.7 26.9 23 20 16.7
45 44.1 48.3 48.3 40.3 37.2 35.4 33.2 30.3 25.9 23.4 16.9 16.9 16.9 16.9 16.9 16.9 16.9 16.9 16.9 16.9 16.9 16.9 16.9 16.9 16.9 16.9 19.3 22.5 24.7 25.6 29.6 34.3 37.2 39.6 40.2 41 42.4 40.1 36.5 33.3 29 25.6 25.6 30.6 33.5 35.4 35.8 36.1 37.9 39.7 39.1 38.2 35.9 35.1 31.2 26.8 23.3 23.4 22 23 25.4 28.7 30.7 34.4 37.9 39.9 39.6 40.3 41.4 44.1 47.8 50.1 52.1 52.5 51.3 48.9 43.9 37.1 30.4 24.7 20.8 18.2 15.6
48.1 46.5 50 54.5 48 45.2 42 39.6 36.8 31.4 27 22.6 16.1 16.9 16.9 16.9 16.9 16.9 16.9 16.9 16.9 16.9 16.9 16.9 16.9 16.9 19.1 22.1 23.2 24.4 25.4 27 31 33.4 34.8 36.8 38.4 41 39.1 37.2 34.3 29 25.6 25.6 29.4 32.4 35.5 37.5 37.7 37.2 39 40.8 38.5 36.4 34.8 31.8 31.1 24.2 23.6 22.7 24.7 26 28.5 32.1 37.5 40.5 44.4 42.3 42.1 42.3 44.5 46.8 48.7 49.4 49.3 48.3 45.5 41 34 28.2 22.8 19.2 16.6 14.6
56.1 49.6 50.6 52.6 52.6 53 50 47.9 44.6 38.3 31.4 26.2 20.4 16.9 16.9 16.9 16.9 16.9 16.9 16.9 16.9 16.9 16.9 16.9 16.9 16.9 21.5 26.5 26.9 31.2 29.4 31 32.8 33.6 33.3 33.7 34 35.8 36.4 34.2 32.3 28.3 25.6 25.6 25.7 31.9 35.3 38.3 38 36.2 35.4 36.9 35.7 33.9 31.7 30.5 29.4 24.9 25.2 22.8 24.9 26.9 28.7 32.8 39 45.1 45.5 44.9 44.6 44.3 46.4 48.4 49.8 49.4 47.7 46.4 42.9 38.2 31.9 26.5 21.3 18 16 14.1
60.1 52.3 53.6 51.6 54.8 58.9 58 52.5 50.5 42.9 38.7 34.2 29.9 18.1 16.9 16.9 16.9 16.9 16.9 16.9 16.9 16.9 16.9 16.9 16.9 16.9 19.5 30.2 35.4 39.1 33.5 36.9 39.3 36.6 33.7 33.2 33.2 33.1 32.9 31.7 31.4 29 25.5 25.6 25.6 31.6 35.7 39.2 37 35.4 34.1 33.4 32.3 31.7 31.7 30.9 28.6 24.9 24 25.2 25.8 27.9 30.1 31.3 37.1 45.7 51.2 47.7 46.9 46.7 49.7 50.6 50.7 50 48.3 45.4 41.6 35.7 29.9 25.2 20 17.5 16.2 14.3
56.6 54.9 54.8 53.6 53.4 62 62.1 60.2 52.2 46.2 45.4 44 36.7 30.5 21.4 16.9 16.9 16.9 16.9 16.9 16.9 20.3 19.5 19.3 16.9 16.9 16.9 26.4 37.6 43.2 38.7 38.5 44.6 44.6 35.4 33.6 33.3 32.5 31.8 30.6 28.8 28.6 25.7 25.6 25.6 30 34.6 37.4 35.7 34.5 33.4 31.6 30.4 31.5 32.8 31.1 28.2 24.8 25 26.6 27.8 29 32 31.6 36.2 43.2 49.6 50.6 49.4 49.8 53.5 53.2 53 52.5 50.2 45.7 41.5 34.9 28.3 22.9 19.9 17.1 16.1 14
51.7 59.1 56.3 57.1 53.1 57 61 60.7 54.7 48.9 44.5 41.5 39.6 37.1 28.7 21.3 20.7 19.5 21.8 22 22.6 25.1 26.7 23.2 22.6 19 20.9 26.5 31.9 35.6 37 37.8 46.6 48.3 42.3 34.6 33.7 33.2 31.5 29.4 28 27.8 26.7 25.6 25.6 27.3 33.2 35.3 32.9 31.4 30.1 29.3 28.9 30.6 31.5 29.3 27.4 26.5 26.2 27.5 28.5 29.2 30.4 32.1 35.1 40.8 44.3 49.4 52.3 52.2 55.9 56.6 56.1 55.1 52.2 47.8 42.7 36 27.4 22.3 19.1 16.6 15.1 13.7
45.4 49.8 53.5 53.5 50.7 54.7 61.9 59.9 58.6 59.2 51.5 45.7 41.6 36.9 32 26.3 23.7 21.9 22.5 24.6 27.4 29.3 30.2 29.4 26.2 25.8 27.7 30.3 30.1 31.1 32 36.6 45.2 48.3 44.6 37.5 34.1 33.6 32 29.6 28.6 28.1 25.6 25.6 25.6 25.6 29.4 30.2 28 28 27.5 25.6 25.9 27.5 28.1 26.9 27.5 27.3 26.4 28.6 28.6 29.2 30.1 31.3 35.1 39.6 42.7 46.8 52.2 54 58.1 61.9 59.9 58.2 54.7 50 44.7 37.7 27.8 22.6 18.9 16.4 14.3 12.5
40.3 40.4 44.2 45.3 44.1 51.9 61 64.2 64 64.4 64.5 53.5 50 44.9 38.7 33.6 30.6 24.6 23 25.6 31.5 34.8 37.6 40.5 40.4 42.9 36.6 34.1 32.2 32.3 34.4 38.2 44 45.5 44.4 39.5 35.4 34.7 34.2 32.1 31.9 33.4 29.4 25.6 25.6 25.6 25.9 25.7 25.6 25.6 25.6 25.6 27.1 27.2 27.6 26.9 27.8 29 28.8 27.6 28 29.1 30.5 32.2 35.2 38.1 41.9 46.5 51.8 55 59.9 65.7 65.6 62.5 57.8 52.5 46.9 41.9 29.5 22.4 19.1 16.6 14.1 12
37.3 36.2 35.3 36.2 37.5 46.4 61.4 65.4 68.5 67.1 68.1 62.8 56.2 51 48.2 40.5 34.2 29.9 25.8 30.5 34 38.4 42.6 45.9 48.6 48.2 42.9 40.1 38.8 40.3 43.3 45.6 46.4 44.3 42.3 41.1 37.2 36 35 33.9 35.8 37.9 33.5 27.8 25.6 25.6 25.6 25.6 25.6 25.6 25.6 25.6 26.7 27.7 27.3 27.7 29.1 30.3 30.5 28.9 29.9 29.9 31.2 33.6 36.8 37.9 43.1 48.4 53.6 57.2 63 68.5 70.2 69.1 62.8 55.7 48.1 40 30.6 23.3 19.7 17.4 13.9 11.5
32.4 32.5 29.5 33.4 35.6 39.1 52.9 64.3 67.3 69.9 66.5 64.4 60.2 56.1 52.7 46.7 39.5 34.6 31.6 34.7 37.6 40.7 43.4 47.3 54 55.9 53.8 53.6 52.2 53.2 55.1 57.8 55.7 46.3 44.1 42.5 38.7 37.5 36.4 36.6 40.4 43.3 39.2 32.9 30.6 27.9 25.6 25.6 25.6 25.6 25.6 25.6 27 29.1 27.5 28.8 29.2 30.4 31.1 31.7 31.5 33.3 31.8 34.7 36.7 38.4 43.6 48.7 54.9 59.5 64.9 71.8 73.8 74.8 68.2 59.2 49.7 41 31.7 24.3 20 17.9 14.2 11.5
21.4 24.8 23.8 25.3 29.2 33.6 45.1 50.6 59.7 64.9 66.3 64.7 63.2 59.2 56 50.1 43.9 38.7 35.1 38 40.5 44.4 48.2 51.4 56.6 65.6 62.1 62 62.9 62.9 63.4 64.2 62.1 49.2 46.4 44.1 39.7 38.9 39.2 41.5 43.5 45.2 45 37.5 34.8 32.7 27.7 25.6 25.6 25.6 25.6 25.6 26 28.3 27.4 30 31 30.2 30.6 31.8 31.9 35 35.7 35.2 37.2 39.5 43.9 48.8 54.7 58.3 64.2 72.2 76.6 75.6 71.3 61.8 52.6 43.1 32.9 24.7 20.9 18 14.8 9
18.8 21.4 22 21.5 25.8 27.6 37.2 47.3 53.7 59.2 63.7 66.4 67.4 64.3 59.6 55.9 51 43.9 42.5 45 46.8 49.8 54.5 56.5 60.2 63.3 64.9 67.1 69.3 70.6 71.7 69.5 58.6 50.9 48.3 51.2 47.3 43.7 42.9 44.9 45.6 47.9 47.8 41.7 37.7 35.4 29.2 25.6 25.6 25.6 25.6 25.6 25.6 25.6 28 30.7 34 31.9 31.7 32.9 33.7 35.6 36.3 37.7 38.5 41.3 45.4 48.4 53.7 57.7 63.8 67.6 73.9 75.4 71 62.4 53.7 43.3 34.8 27.1 21.6 17.6 14.2 9
20.2 18.4 20.3 22.4 23.7 25.4 27.3 35.5 44.4 51.7 60.9 68.1 68.6 67.5 62.9 58.9 54.2 49.5 47.6 48.9 50.8 53.7 59.1 64.4 63.3 64 66 68.1 73.9 74.2 70.2 61.7 54.3 50.9 51 57.1 56 50.4 48.4 48.2 49.1 48.9 46.9 43.1 42.1 37.1 31.7 25.6 25.6 25.6 25.6 25.6 25.6 25.6 28.9 30.4 35.8 36.9 35.7 35.7 35.6 35.8 37.2 41.5 42 45.4 48.6 49.5 52.1 55.4 61 65.3 68.4 71.4 68.4 61.8 53.3 43.4 35.2 28.3 22.4 18.2 14.8 10.4
18.2 18.2 21.7 23.7 27.6 28.1 28.9 30.2 35.5 40 48.4 61.1 64.6 65.1 62.6 59.9 56.6 52.2 49.9 52.4 55 57 60.7 67.7 69.1 65.3 65.9 65.9 67.2 68.2 65.6 58.7 53.6 53.2 55 57.5 59.8 56.6 54.9 52.8 51.8 50 47.9 48.9 46 40.1 32.2 25.6 25.6 25.6 25.6 25.6 25.6 25.6 25.6 30.5 34.8 39.9 39.4 39.2 39.4 39.2 39 42 45.5 48.1 51.9 53.3 55.1 55.9 59.4 62.6 64.6 66.1 64.6 59.4 52.3 43.1 35.7 29.4 23.2 18.9 16.3 9.7
18.2 18.2 23.9 26.7 29 30.1 31.2 32.6 35.1 35.8 37.8 43.9 55 60.9 60.8 59.6 57.3 53.4 52.1 55.2 59.8 60.2 61.3 63.9 66.8 64.9 63.3 62.3 61.9 61.4 59.9 59.2 59.3 59.7 62.6 62.3 64.7 64.3 57.8 57 58.6 56.4 55.1 53.3 49.3 42.3 35.1 26.3 25.6 25.6 25.6 25.6 25.6 25.6 25.8 30.5 34.6 39.4 41.6 43.8 43.4 41.8 41.4 45 45.5 50.2 54.6 58.5 58.5 59.8 59.7 61.4 63 63.9 61.7 56.9 50.8 42.9 36.6 30.3 24.1 19.7 15.8 11.2
18.2 18.4 23.8 29.1 30.5 32.8 36.1 38.2 39.4 36.6 38 42.6 49.7 54.5 57.7 56.9 56.6 54.7 52.7 55.1 59.3 62.4 61.7 65.1 64.9 62 62 61.3 60.5 59.6 58.5 58.7 61.8 65.7 67.7 68.7 67.8 65.7 63 62.8 64 65.4 60.7 58.2 54.1 46.1 37.2 29.5 25.6 25.6 25.6 25.6 25.6 27.7 29.1 31.6 35.4 39.9 43.5 47.3 48.7 45.6 45.5 47.5 47.3 51 56.3 58.9 60.6 63.4 61.6 62.1 64.6 65.1 62 56.5 49.8 42.1 36.6 31.4 25.5 20.7 16 12.7
18.2 19.5 24.6 29.7 32.8 36.7 41.6 42.6 44.3 45.4 45.6 49.1 50.3 53.8 54.8 54.3 54.6 53.4 51.8 52 55.1 57.9 58.5 59.3 60 59.5 61.8 62.5 59.7 58.3 56.8 56.1 57.9 60.4 65.3 72.2 72.7 68 69.2 67.6 66.8 67.9 64.8 60.3 56.4 47.6 36.6 29.5 25.6 25.6 25.6 25.6 29.2 29.7 28.9 33 36.4 39.7 44.9 47.6 49.7 47.9 49.1 50.7 48.6 50.6 55.6 58.3 60 61.6 62.4 63.6 65.5 66.2 63.3 57.5 50.7 42.8 38.1 33.1 27.6 22.6 16.7 12.6
18.2 19.8 26 30.3 34.5 40.3 44.4 47.1 48.9 53.9 55.5 53.6 55.7 53.9 54 52.3 51.6 51 50.1 49.7 50.4 51.8 52.7 53.8 54 56.2 59.8 64.6 58.9 57.1 55.2 55.4 54.4 56.6 61.5 68.9 72.7 70.3 68.2 68.7 69 68.7 65.7 61 55.2 47.9 38.7 30.6 25.6 25.6 25.6 25.6 29.5 31.7 31.8 33.9 36.7 40.5 45.3 47.8 50 49.9 53.7 53.4 51.9 53.4 55 57.8 59.5 61 61.8 64.3 66.4 65.6 63.2 58 52 44.2 39.6 34.8 29.2 23.5 17.7 14.5
18.2 18.2 28.6 32.5 35.5 41.1 49 51.8 52.6 56.1 58 57.5 57.3 55 52.9 51.1 49.6 50.6 46.2 45.1 47.4 48.8 48.3 50.3 50.8 49.5 48.4 49.2 50.4 50.2 50.7 52.9 49.2 52.2 55.1 58.5 61.7 65.1 66.3 65.9 67.5 68 64.4 58.9 52.4 47 40.5 32.3 25.6 25.6 25.6 25.6 30.9 33.9 33.1 34.7 38.1 43 47.6 49.6 50.7 52.9 55.2 56.2 56 56.5 57.6 59.4 59.7 62 61.9 65.1 68.6 67.2 64.3 59.6 53.1 46.2 40.4 36 31.3 25.5 19.3 16
18.2 18.2 27.7 34.2 37.9 41.3 47.4 54 56.1 58.6 58.8 60 58.8 57 53.7 51.5 51.4 51.3 49.5 46.1 42.8 42.8 44.8 47.7 48.3 46.3 44.7 42.9 41.4 41 39 41.1 40.9 44.6 47.9 49.4 52.5 57.3 60.9 63.4 64.1 64.8 62.3 56.4 50.9 45.2 39.1 33.2 25.6 25.6 26.7 28.2 30.7 33.4 33.3 33.7 39.6 44.2 50.1 53 53.1 53.7 56.1 58.7 59 59.9 60.4 61.6 61.9 62.4 63.2 66.3 69.5 69 66.2 62.5 53.7 47.2 41.7 37.4 33 26.7 20.6 17.3
18.2 22.3 27.2 33.3 41.5 45.3 48 51.4 56.1 60.6 60.6 60.5 57.2 55 51.7 50.9 51.5 53.9 54.3 54.3 43.1 42.8 42.8 45.6 47.4 47 43.1 38.2 33.6 33.6 33.6 33.6 33.6 34.2 37.3 41.7 44.9 48.2 54.3 59.7 61.5 60.9 59.1 53.7 47.4 42.6 38.8 33.4 28.2 25.6 28.6 31.1 29.8 31.4 31.5 35.2 40 45.2 50.9 54.7 57.1 58.5 59.4 61.2 61.5 62.5 64.6 63.7 63.8 63.5 63.7 65.3 69.2 69.4 67.3 60.4 54 47.6 42.9 39.4 35 28.5 22.4 18.4
18.2 24.3 28.8 33.5 42.6 51.4 51.1 50.8 54.4 58.6 60.6 61.4 57.2 53.5 51.6 51.1 51.9 56.4 62.6 57.3 58.5 45.8 42.8 44.3 44.2 44.5 42.7 36.4 33.6 33.6 33.6 33.6 33.6 33.6 33.5 35.5 39.3 43.2 49.6 53.9 56 55.1 53.7 49.5 45 40.3 38.2 34.1 28.2 25.6 28.4 31.6 30.9 31 32.5 35.1 41.9 47.2 51.1 56.5 62 61.9 62.7 66.4 64.8 65.9 67.6 66.4 64.8 64.4 64.5 64.6 67 69.1 67.1 62.3 54.8 48.4 43.8 39.8 35.9 30 24 19.6
18.2 23.5 30.6 36.4 43.4 49.9 51.5 50.9 53.7 58.8 62.7 63.7 59.7 53.8 51.9 51.4 52 54.3 60.3 58.5 60.5 52.5 46 43.8 43 39 38 34.9 33.6 33.6 33.6 33.6 33.6 33.6 34.4 35.4 36.7 39.5 44.8 49.1 48.6 47.7 46.5 43.1 39.9 38.2 36.1 33.4 28.7 25.6 26 29.4 31.8 34 36.2 39.9 44.7 50 54.4 57.6 64.8 66.6 66.8 69.6 69.1 68.7 69.7 68.9 66.8 66 65.5 65.2 67.2 70.6 68.1 63.3 56 49.3 44.6 40 35.9 30.8 24.8 21.1
18.9 25.8 32.2 38.2 45.3 48.5 49.8 51.3 53.7 58.6 62.4 64.4 60.3 54.6 52.6 52.1 52.4 53.6 56.8 59.9 61.8 56.5 51.5 45.6 45.2 41.2 36.1 33.6 33.6 33.6 33.6 33.6 33.6 36.4 38.5 39.4 37.9 38.7 40.9 43.2 42.5 40.5 38.1 37.1 35.7 34.7 34 32 28.8 25.6 26.9 28.4 32.7 36.6 41.1 44.8 48.5 52.6 57.5 62.1 64 68.5 69.5 71.4 71.3 70.6 71 70.6 69.4 67.1 66.5 65.8 66.9 70.2 68.8 63.4 56.6 50 45.1 40.7 36 30.4 25.1 22.1
22.5 26.2 31.7 40.1 48.2 49.9 53 56.2 54.7 58.2 60.4 62.6 60.8 55.8 53.3 53 53.4 57.8 60.7 61.8 63.1 57.6 52.5 48.3 46.7 44.4 38.5 33.6 33.6 33.6 33.6 33.6 33.6 38.6 45.1 46.1 42.2 39.9 39 39.2 38.9 37.2 33.9 33 32.2 31.3 31.6 30 27.8 25.6 26.8 29.8 32.1 38.2 43.4 46.4 51.8 56.3 58.8 63.1 67.3 68.7 71.8 72.8 72 72.1 72.8 72 70.8 68 66.9 67.7 67.7 69.2 67.7 62.9 57.4 49 44.9 41.4 36.6 31 26.3 22.9
25.1 26.3 31.1 39.3 50.2 54.4 55.1 54.8 55.2 58.8 62.3 59.8 60.9 61.2 61 55.2 54.4 58.7 65.6 62.3 60.9 58.8 53.3 49.3 46.6 44.7 40.5 34.7 33.6 33.6 33.6 33.6 33.6 38.9 46.7 49.8 46.9 44.3 40 37.6 35.5 34.5 31.1 28.6 28.3 28.3 28.9 28.9 27.7 25 27.4 29 33.2 38.2 42.4 50 56.1 58.7 60.3 62.3 68 71.2 72.7 73.5 73.2 73.4 74.2 73.5 72.2 69.9 68.8 68.4 68 68.3 66.6 61.8 55.7 48.9 45.3 41.7 37.4 32.6 27.7 23.7
29.6 27.8 28.2 33.3 44.9 57.6 57.5 55.1 55 55 57.4 57.3 61.4 69.1 67.8 64 57.5 58.3 64.1 66.7 63.7 60.6 54.2 49.5 47.1 46.4 42.8 37.5 33.6 33.6 33.6 33.6 33.6 39.1 47.2 50.7 49.8 47.7 43.7 39.3 34.1 31.8 29.2 27.6 26.3 26.4 27 27.7 26.7 25.4 26.8 29.7 33.3 41.6 43.8 51.9 61.3 62.6 62.6 62 67.8 71.7 74.4 74.4 73.3 74 74.2 74.7 73.9 73.7 70.6 70.2 70.5 69 65.8 61 54.3 49.3 45.4 41.9 38.3 35.3 31.9 26.2
35 33 30.4 31.4 36.6 45.8 54.8 52.2 50.8 49 54 56.8 59.9 69.5 70.6 68.5 64.2 60.7 62.8 65.8 67 61.3 52.9 48.4 46.6 44.9 45.5 40.6 34.3 33.6 33.6 33.6 33.6 38 46.2 51.8 49.7 48.1 44.3 39.8 34.7 30.8 28.3 26.6 25.2 24.1 24.1 26.3 25.3 23.6 25 27.9 33.7 38.4 45.1 50.8 59.3 65.1 62.7 62.9 68 70.9 73.7 74 74.3 76.3 77 76.7 76.4 76.8 73.8 73.5 73.4 72 66.3 60.4 53.5 50.2 46 41.7 39 37.1 36.3 30.6
