app/static/ascii/HU36.asc
ncols 200
nrows 200
xllcorner 430000
yllcorner 1160000
cellsize 50
[rows 148 to 184 of 200, columns 84 to 167 of 200]
-0.9 -0.9 -0.9 -0.9 -0.9 -0.9 -0.9 -0.9 -0.9 -0.9 -0.9 -0.9 -0.9 -0.9 -0.9 -0.9 -0.9 -0.9 -0.9 -0.9 -0.9 -0.9 -0.9 -0.9 -0.9 -0.9 -0.9 -0.9 -0.9 -0.9 -0.9 -0.9 -0.5 -0.9 -0.9 -0.9 -0.9 -0.9 -0.9 -0.9 -0.9 -0.9 -0.9 -0.9 -0.9 -0.9 -0.9 -0.9 -0.9 18.5 35.4 48.5 64.2 82.8 96.4 102.4 103.5 104.1 104.1 104.8 102.8 99.6 100.6 100.6 102.4 106.8 108.4 111.2 111.6 111.1 112.1 121.2 129.1 133.4 132.7 132.7 135.8 142.8 148.8 147.9 146.4 148 149.6 145.1
-0.9 -0.9 -0.9 -0.9 -0.9 -0.9 -0.9 -0.9 -0.9 -0.9 -0.9 -0.9 -0.9 -0.9 -0.9 -0.9 -0.9 -0.9 -0.9 -0.9 -0.9 -0.9 -0.9 -0.9 -0.9 -0.9 -0.9 -0.9 -0.9 -0.9 -0.9 -0.9 21.2 17.9 15 -0.9 -0.9 -0.9 -0.9 -0.9 -0.9 -0.9 -0.9 -0.9 -0.9 -0.9 -0.9 -0.9 -0.9 20.2 36 53.1 71.4 85.2 95.2 100.3 102.4 102.5 101.8 101.6 99.6 96.5 98.3 99.2 99.7 99.9 105.1 109.6 112.3 110.9 107.8 119.7 129.2 133.9 133.3 133.4 137.7 146.8 153.1 149.7 147 145.3 140.6 132.4
-0.9 -0.9 -0.9 -0.9 -0.9 -0.9 -0.9 -0.9 -0.9 -0.9 -0.9 -0.9 -0.9 -0.9 -0.9 -0.9 -0.9 -0.9 -0.9 -0.9 -0.9 -0.9 -0.9 -0.9 -0.9 -0.9 -0.9 -0.9 -0.9 19.4 29.2 33.4 36 34.6 29.2 16.7 9 -0.9 -0.9 -0.9 -0.9 -0.9 -0.9 -0.9 -0.9 -0.9 -0.9 -0.9 -0.9 18.7 35.8 55.9 75.3 87.7 97.4 98.5 99.1 99.6 99.4 98.7 96.4 95.3 97 98.3 97.8 98.1 100.7 103.4 105.8 108.6 103.8 115.1 125.9 130.1 132.9 138.1 140.5 144 148 145.8 143.7 138.7 133.8 127.5
-0.9 -0.9 -0.9 -0.9 -0.9 -0.9 -0.9 -0.9 -0.9 -0.9 -0.9 -0.9 -0.9 -0.9 -0.9 -0.9 -0.9 -0.9 -0.9 -0.9 -0.9 -0.9 -0.9 -0.9 -0.9 -0.9 -0.9 -0.9 18.5 29.4 38.4 43.2 41.7 39.9 35 24.1 14.8 7.7 -0.9 -0.9 -0.9 -0.9 -0.9 -0.9 -0.9 -0.9 -0.9 -0.9 -0.9 17.9 33.4 52.4 75.3 86.2 96.2 95.4 96 96.2 96.8 94.9 92.6 91.9 94.1 95.7 97.1 96.8 98.8 103.4 102.8 100.1 99.8 110.4 123.8 131.9 141.3 150 148.5 146.3 145.7 141 138 133.6 132.5 125.5
-0.9 -0.9 -0.9 -0.9 -0.9 -0.9 -0.9 -0.9 -0.9 -0.9 -0.9 -0.9 -0.9 -0.9 -0.9 -0.9 -0.9 -0.9 -0.9 -0.9 -0.9 -0.9 -0.9 -0.9 -0.9 -0.9 -0.9 16.1 28.6 39.5 49.8 51 46 41.3 37.3 28.1 18.3 10.4 -0.9 -0.9 -0.9 -0.9 -0.9 -0.9 -0.9 -0.9 -0.9 -0.9 -0.9 15.3 32.8 51.7 73.7 85 94.2 95.5 95 94.2 93.8 91.2 89.2 89.5 92.4 95.1 96.4 96.6 96.8 99.3 99.6 96.3 96.9 102.4 118.8 130.2 140.8 149.4 151.5 148.9 141.7 137 135.6 130.8 127.9 125.5
-0.9 -0.9 -0.9 -0.9 -0.9 -0.9 -0.9 -0.9 -0.9 -0.9 -0.9 -0.9 -0.9 -0.9 -0.9 -0.9 -0.9 -0.9 -0.9 -0.9 -0.9 -0.9 -0.9 -0.9 -0.9 -0.9 -0.9 24.6 39.5 51.4 56.5 56.4 47.9 41.7 37.5 28.7 20.4 13.5 -0.9 -0.9 -0.9 -0.9 -0.9 -0.9 -0.9 -0.9 -0.9 -0.9 -0.9 15.3 33.1 49.8 65.7 82.4 92.6 96 94.7 93.5 91.9 88.1 87.5 87.8 92 96.7 99.7 100.6 102.9 102.1 97.2 95.5 94.2 97.2 109.4 120.7 130 136 138.3 142.2 138.2 134.3 132.3 127.5 125.5 125.5
-0.9 -0.9 -0.9 -0.9 -0.9 -0.9 -0.9 -0.9 -0.9 -0.9 -0.9 -0.9 -0.9 -0.9 -0.9 -0.9 -0.9 -0.9 -0.9 -0.9 -0.9 -0.9 -0.9 -0.9 -0.9 -0.9 21.7 37.7 48.2 56.6 62.3 59 48.5 42 36.1 27.7 20 14.3 7.1 -0.9 -0.9 -0.9 -0.9 -0.9 -0.9 -0.9 -0.9 -0.9 -0.9 15 30.8 48.9 63.2 77 87.4 91.2 92.6 92.2 91 87.5 85.7 86.3 90.4 95.5 99.5 102.4 105.8 107.7 104.1 96.5 93.1 92.2 100.3 107.3 112.4 119.4 123 131.7 135.1 131 129.1 125.1 125.5 125.5
-0.9 -0.9 -0.9 -0.9 -0.9 -0.9 -0.9 -0.9 -0.9 -0.9 -0.9 -0.9 -0.9 -0.9 -0.9 -0.9 -0.9 -0.9 -0.9 -0.9 -0.9 -0.9 -0.9 -0.9 -0.9 19.7 32.9 45.4 57.2 62.8 64.8 58.5 46.9 39.2 33.9 27.2 20.1 13.4 6.2 -0.9 -0.9 -0.9 -0.9 -0.9 -0.9 -0.9 -0.9 -0.9 -0.9 11.3 26.5 45.5 60.7 73.9 85.3 87.9 89 87.7 86.3 86.8 84.4 84.9 86.6 90 95.4 102 107.6 106.3 103 96.9 92.5 89 89 97.1 99.7 107.7 115.3 124.3 129.5 127.1 126.6 127.3 125.5 125.5
-0.9 -0.9 -0.9 -0.9 -0.9 -0.9 -0.9 -0.9 -0.9 -0.9 -0.9 -0.9 -0.9 -0.9 -0.9 -0.9 -0.9 -0.9 -0.9 -0.9 -0.9 -0.9 -0.9 -0.9 -0.9 40.3 47.8 57.1 65.2 69.6 66.1 57.8 44.7 36 30.4 25.9 19.6 13 5.6 -0.9 -0.9 -0.9 -0.9 -0.9 -0.9 -0.9 -0.9 -0.9 -0.9 -0.9 20.7 39.1 53.9 69.5 79.7 82 82.5 82.4 81.2 83.1 83.3 80.8 83.1 85 86.1 90.1 96.3 98.2 95.8 90.6 87.8 82.6 83.3 92.2 95.7 103.6 110.8 120.3 126.3 125.4 127 124.9 125.5 125.5
-0.9 -0.9 -0.9 -0.9 -0.9 -0.9 -0.9 -0.9 -0.9 -0.9 -0.9 -0.9 -0.9 -0.9 -0.9 -0.9 -0.9 -0.9 -0.9 -0.9 -0.9 -0.9 -0.9 -0.9 26.9 52.1 63 70.4 72.9 70.8 64.9 54.8 41.4 34.1 28.7 23.7 19 12.2 6 -0.9 -0.9 -0.9 -0.9 -0.9 -0.9 -0.9 -0.9 -0.9 -0.9 -0.9 14.4 28.6 43.7 56.5 69 74.9 75.9 76.6 75.9 78.9 80.4 80.6 78.3 79.3 81 82.5 86 85.8 84.6 82.1 80.3 76.6 81.4 89.4 93.1 96 103.8 111.7 116.8 123 128.7 127 125.4 130.3
-0.9 -0.9 -0.9 -0.9 -0.9 -0.9 -0.9 -0.9 -0.9 -0.9 -0.9 -0.9 -0.9 -0.9 -0.9 -0.9 -0.9 -0.9 -0.9 -0.9 20.1 27.9 36.1 41.3 49.8 60.4 68.3 75 74.2 69.6 62.7 52.1 39 32.3 28.5 24.3 18.5 12.3 6.8 -0.9 -0.9 -0.9 -0.9 -0.9 -0.9 -0.9 -0.9 -0.9 -0.9 -0.9 10 20.4 33.3 46.8 59.9 67.2 69.2 69.3 71.3 75.3 77.2 76.5 71.9 74.6 77 79.6 82 78.9 78.4 75.4 73.1 74.2 81.5 86.9 89.3 92.2 99.3 104.3 107.1 111.5 124.1 125.4 125.9 129.3
16 10.9 -0.9 -0.9 -0.9 -0.9 -0.9 -0.9 -0.9 -0.9 -0.9 -0.9 -0.9 -0.9 -0.9 -0.9 -0.9 -0.9 -0.9 16.2 27.8 41.2 53.2 61.1 66.1 69.3 73.7 74.3 71.2 67.5 60.2 50.2 38.9 30.1 26.8 22.9 19 12.4 7.5 -0.9 -0.9 -0.9 -0.9 -0.9 -0.9 -0.9 -0.9 -0.9 -0.9 -0.9 -0.9 19.2 29.6 39 51 59 61.8 61 65.1 69.1 71.5 70.5 61 66.6 68.5 73.6 76.3 73.5 73 72.2 69.7 71.2 78.1 85 86.7 88.4 93.4 103.2 104.1 105.7 112.4 118.4 122.3 131
22 15.9 8.8 -0.9 -0.9 -0.9 -0.9 -0.9 -0.9 -0.9 -0.9 -0.9 -0.9 -0.9 -0.9 -0.9 -0.9 -0.9 13.5 23 36.2 48.2 60.3 70.4 78 83.2 80.6 75 69.3 64.5 56.8 48.5 39.9 28.8 24.1 20.4 17.5 12.3 6.2 -0.9 -0.9 -0.9 -0.9 -0.9 -0.9 -0.9 -0.9 -0.9 -0.9 -0.9 -0.9 12.7 21.4 30 41.4 50.3 52.4 52.5 56.7 58.9 59.6 60.5 49.3 58 59.5 59.9 61 63.5 64.3 67.6 67.8 69.8 75.5 82.3 78.9 83.2 89.7 103.7 107 105.3 116.6 115.2 123.2 126.6
29.4 22.1 14.8 5.5 -0.9 -0.9 -0.9 -0.9 -0.9 -0.9 -0.9 -0.9 -0.9 -0.9 -0.9 -0.9 -0.9 -0.9 17.3 28 41.5 52.3 65.9 76.1 82.8 86.9 82.8 76.9 70 62.4 54.2 46 37.2 29.8 24 19.8 16.6 13 8 -0.9 -0.9 -0.9 -0.9 -0.9 -0.9 -0.9 -0.9 -0.9 -0.9 -0.9 -0.9 -0.9 14.3 22.8 28.5 33 38.7 43.2 45.6 46.2 47.1 48.6 46.3 47.4 50 51.7 58.7 63.1 62.6 63.4 65.1 67.8 69 70.7 72.3 77.8 87.2 96.7 99.4 100 102.9 109.7 120.6 130.5
35.3 27.1 20.2 8.6 -0.9 -0.9 -0.9 -0.9 -0.9 -0.9 -0.9 -0.9 -0.9 -0.9 -0.9 -0.9 -0.9 -0.9 23.5 36.5 46.8 55.3 67.9 79.7 85.9 86.9 82.2 75.7 69.3 61.5 53.7 46.5 37.2 29.7 24.1 20.5 17.8 13.1 8 -0.9 -0.9 -0.9 -0.9 -0.9 -0.9 -0.9 -0.9 -0.9 -0.9 -0.9 -0.9 -0.9 6.4 17 21.7 21.5 27.3 31.2 34.1 34.9 37 34.2 37 38.1 43.8 54.4 62 70 67.9 68.8 66.3 67.4 69.4 72.2 77.6 84.4 85.4 92 96.1 98.9 105.5 115.2 128.4 142.2
37.7 30.8 17.7 19 13.2 -0.9 -0.9 -0.9 -0.9 -0.9 -0.9 -0.9 -0.9 -0.9 -0.9 -0.9 -0.9 11.9 25.5 40.1 53.8 64.5 70.2 78.6 84.3 84.7 80.1 74.9 68 60.6 53.8 45.6 37.8 31.9 25.4 21.6 17.8 14.3 9.8 -0.9 -0.9 -0.9 -0.9 -0.9 -0.9 -0.9 -0.9 -0.9 -0.9 -0.9 -0.9 -0.9 -0.9 9.8 10 11.2 13.9 19.5 20.3 25 28.1 29.4 30.1 37 45.5 56.2 63.3 68.8 71.4 72.3 68.1 68.3 72.5 77.4 84.2 95.2 97.2 100.7 105.5 102 109.3 120.5 138.4 156.7
36.4 34 28.6 23.4 17.4 -0.9 -0.9 -0.9 -0.9 -0.9 -0.9 -0.9 -0.9 -0.9 -0.9 -0.9 -0.9 16.7 28.7 41.8 54.2 68.2 75.1 79.7 83.2 81.6 77.3 72.5 66.2 60.1 53.3 46.7 38.9 33.5 27 23 20 15 11.2 3.8 -0.9 -0.9 -0.9 -0.9 -0.9 -0.9 -0.9 -0.9 -0.9 -0.9 -0.9 -0.9 -0.9 -0.9 -0.9 -0.9 4.3 12.7 17.3 23.1 22.8 24.9 28.5 32 43.7 53.8 62.3 62.9 65.3 68.8 70.5 70.6 74.5 84.7 94.6 104.6 107.3 107.6 114.8 111 114 125.2 145.9 162.6
44.5 40.2 34.3 26.8 20.1 13.4 -0.9 -0.9 -0.9 -0.9 -0.9 -0.9 -0.9 -0.9 -0.9 -0.9 -0.9 21.4 33.6 47.1 58.3 69.2 76.6 80.3 81.6 78.8 75.2 70.6 64.5 59.2 53.8 47 39.5 34.1 28.7 25.1 22.1 18.2 13.9 7.2 -0.9 -0.9 -0.9 -0.9 -0.9 -0.9 -0.9 -0.9 -0.9 -0.9 -0.9 -0.9 -0.9 -0.9 -0.9 -0.9 1 5.9 14.4 19.4 23.4 26.2 26 28.4 36 47.6 53.6 60.4 64.9 74.2 79.2 80.4 79.5 86.1 101.5 112.6 121.1 122.2 120.6 119.9 116.7 125.7 142 159.8
51.9 46.1 39.1 31.9 23.7 15.8 8.6 -0.9 -0.9 -0.9 -0.9 -0.9 -0.9 -0.9 -0.9 -0.9 13.8 23.1 36.7 49.7 61.5 72.3 79.4 80.5 80 77.4 73.7 69.4 63.3 58.4 54 46.6 40.9 35.8 30.9 27.1 23.6 20 16.1 10.6 4 -0.9 -0.9 -0.9 -0.9 -0.9 -0.9 -0.9 -0.9 -0.9 -0.9 -0.9 -0.9 -0.9 -0.9 -0.9 -0.9 5.6 13.7 19.1 21.6 23.5 26 29.9 38.3 41 53.8 70.1 71.9 82.8 94.5 100.3 97.3 94.1 108 116.2 121.2 127.4 130.3 131.2 124.2 126 142.8 156.6
55.7 50.2 42.6 35.5 26.1 16.7 10.2 -0.9 -0.9 -0.9 -0.9 -0.9 -0.9 -0.9 -0.9 -0.9 14.9 24.2 36.3 50.5 62.4 72.8 80.2 79.8 78 75.9 72 68.1 63.4 58.6 53.3 48.4 43.3 38.4 35.2 31.6 27.5 23.6 18.1 11.9 10.3 7.3 -0.9 -0.9 -0.9 -0.9 -0.9 -0.9 -0.9 -0.9 -0.9 -0.9 -0.9 -0.9 -0.9 -0.9 -0.9 8.9 17.2 21.8 23.4 25.4 27.6 33.9 41.5 46.6 54.3 65.3 78.2 89.9 103 111.6 112.9 111.6 107.6 121.6 128 136.3 136.4 133.1 130 134.6 138.5 143.8
56.7 50.7 43.9 35.7 26.5 17.7 10.9 -0.9 -0.9 -0.9 -0.9 -0.9 -0.9 -0.9 6.7 11 16.3 23.4 34.8 50.2 62.4 74 76.9 77.5 75.4 74.4 70.6 66.5 63.1 58.5 54.3 50.1 45.4 40.8 38.9 36.7 32.4 26.9 21.7 18.1 15.9 11.8 -0.9 -0.9 -0.9 -0.9 -0.9 -0.9 -0.9 -0.9 -0.9 -0.9 7.3 3.5 1.9 5.1 9.5 17 21.8 25.2 25.2 28.5 33.4 43.2 48.1 54.6 60.5 68.5 73.5 91.8 106.6 118.3 120 118.9 121.5 124.3 134.9 135.6 133.7 132.8 130 132.6 133.8 138.7
51.1 46.1 40.4 33.1 24.6 16.6 10.7 -0.9 -0.9 -0.9 -0.9 -0.9 -0.9 -0.9 7.1 11.4 16.6 23.3 30.9 43.8 59.4 72 74.3 74.5 71.4 71.3 69.8 66.2 62.8 59.3 55.9 52.6 48.7 44.3 41.9 39.9 36.3 32.3 27.1 22.6 20.7 14.9 8.7 -0.9 -0.9 -0.9 -0.9 -0.9 -0.9 -0.9 -0.9 6.4 8.5 8.9 8.4 14.1 17 24.8 29.4 27.9 27.3 30.4 38.5 47.1 58.7 71.5 74 73.3 77.9 90.6 102.2 116 124.5 126.2 128.3 133.4 134.6 136.5 133.2 133.4 133.2 132 135 141.2
45.4 39.1 33.4 27.5 20.5 13.7 8.3 -0.9 -0.9 -0.9 -0.9 -0.9 -0.9 -0.9 -0.9 9.1 14.9 19.8 26.4 40.2 51.5 63.9 69.1 69.5 67.1 66.1 66.4 65.5 62.8 58.8 57.2 56.6 53.9 48.8 45.9 44.6 40.5 37 32.6 28.3 24.2 18.2 14.3 6.7 -0.9 -0.9 -0.9 -0.9 -0.9 -0.9 -0.9 8.1 11.9 15.1 17.8 23.6 23.6 30.3 35.6 32.8 30.3 33.4 42.7 53.6 64.9 76.1 82.8 84.1 86.9 98.9 111.5 120.7 127.1 132.3 135.3 140.1 141.1 140.4 136.3 134 134.7 136.4 141.4 141.8
39.8 32 26.9 21.4 15.7 10.4 7.1 2.5 -0.9 -0.9 -0.9 -0.9 -0.9 -0.9 -0.9 -0.9 10.6 18 26.6 36.3 45.4 53.3 59.9 60.1 60.5 61.6 63.5 63.1 61.6 58.5 58.7 59 58.7 56 50.5 48.6 45.7 43 39.2 34.4 30.5 24.2 18.8 11.6 11.8 -0.9 -0.9 -0.9 -0.9 -0.9 -0.9 10.6 14.1 21.5 29.2 33 35.1 37 41.3 40.3 38 37.5 45.9 57.2 70.4 82.9 89.8 90.4 94.5 109.8 121.4 130.6 139.1 143.1 144.4 145.9 147.9 145.2 140.2 136.6 133.5 136.1 134.8 138.6
37.6 28.4 21.9 17.3 11.6 7.2 3.4 -0.9 -0.9 -0.9 -0.9 -0.9 -0.9 -0.9 -0.9 -0.9 9.4 15.1 25.4 34.2 43.4 47.8 54.4 59.1 56.9 57.9 59.7 60.6 60 58.4 59.1 60.1 61 58.9 57.7 54.7 52.4 49.6 46.4 41.7 36.2 30.6 23.4 18.4 15.4 9.5 0.8 -0.9 -0.9 -0.9 3.1 11.1 17.7 27.1 37 42.8 48.2 49.6 49 47.5 45.8 43 45.9 56.9 74.9 89 95.3 96 102 112.8 130.9 136.9 142.8 148.9 153.6 151.3 151.2 149.7 145.8 140 135.6 139.6 134.8 134.8
35 26.1 18.2 12.2 -0.9 -0.9 -0.9 -0.9 -0.9 -0.9 -0.9 -0.9 -0.9 -0.9 -0.9 -0.9 7.1 13.3 21.9 33.2 40 46.2 53 59.1 55.5 56.6 57 57.1 56.9 57.7 59 60.8 62.5 63.5 61.2 59.8 58.6 56.9 52.1 48.5 40.9 36.6 29.9 24 18.3 16.7 6.3 -0.9 -0.9 -0.9 3.6 14.7 22 31.1 39.4 45.9 56.3 60.5 56.8 57.9 57.3 51.6 50.7 63.4 77.2 85.8 97.1 102.5 109.3 120.2 132.3 142.6 148.4 156.5 162.6 156.9 154.3 151.6 148.7 143.1 136.4 138 135 134.8
30.2 22.8 14.8 9.2 -0.9 -0.9 -0.9 -0.9 -0.9 -0.9 -0.9 -0.9 -0.9 -0.9 -0.9 -0.9 -0.9 14 16.3 27.8 37 45.8 53.5 56.2 53.9 55.4 55.8 54.8 55.2 57.2 59.6 63.8 67 69.4 69.9 66.7 64.7 63.3 60 55.9 48.3 42.7 38 29.4 22.3 19.9 10.7 2.9 -0.9 -0.9 4.8 18.3 25.2 32.8 39.3 47.3 55.9 60.5 61.4 62 62.5 57.4 61.2 64.9 77.1 89.2 106.6 113.6 116.3 124.5 138.2 149.6 154.8 157.2 161.1 158.4 154.5 153.2 150.7 145.1 137.5 137 136.5 136.1
26 18.1 11.5 -0.9 -0.9 -0.9 -0.9 -0.9 -0.9 -0.9 -0.9 -0.9 -0.9 -0.9 -0.9 -0.9 -0.9 8.4 12.7 23.5 32.1 42.9 50.9 55.9 53.2 52.2 53.3 55.2 54 56.6 61.6 66.6 71.5 75.9 77.5 75.9 72.2 69.3 66 61.8 56.7 49.5 43.8 35.9 29 25.3 17.7 9.4 3.6 5.1 7.3 17 25.2 34.9 41.3 49.2 57.8 60.5 64.6 65.9 68.7 66.4 68 74.1 77.7 87.8 98.5 113.9 123.6 129.7 139 154.3 160.4 161.1 159.8 157 155.4 153.6 149.1 144.2 138.1 139.8 142.7 141.9
21.7 13.8 -0.9 -0.9 -0.9 -0.9 -0.9 -0.9 -0.9 -0.9 -0.9 -0.9 -0.9 -0.9 -0.9 -0.9 -0.9 8.4 14.1 20.6 27.5 35.5 45.6 51.5 51.9 49.7 48.4 50.9 52.9 56.2 62.1 68.3 73.9 78 82.2 82.5 79.9 76.4 72.5 67.7 62.1 54.6 49 42.2 38.8 28.8 21.5 13.5 6.8 7 8.6 17.4 29.9 37.5 44.9 51.1 58.1 64.3 68.2 72 73 71.9 70.8 78.2 80.7 84 96.7 108.5 121.1 132.2 150.8 159.6 165 165 161.8 160 157.7 154.1 149.9 144.9 142 138.2 143.3 146.1
15.1 9.6 -0.9 -0.9 -0.9 -0.9 -0.9 -0.9 -0.9 -0.9 -0.9 -0.9 -0.9 -0.9 -0.9 -0.9 5.6 11.8 16.2 21.3 28.9 32.1 37.7 43.7 46.6 47.8 47 49.6 52.7 54.1 62.1 70.1 75.9 79.2 83.1 86.6 85.7 81.8 76.6 72.2 66.4 59.7 53.4 47.8 42.4 34 27.6 20.2 11.6 5.8 14.4 17.8 29.7 38.6 44.7 53.5 58.1 66.6 71.2 73.6 76.2 77.6 75 75.6 77.4 80.8 89.8 112.4 126.4 135.1 157.3 168.9 170 168.4 166.8 161.8 160.1 155.4 151.4 146.1 142.6 138.2 138.2 138.2
8.5 -0.9 -0.9 -0.9 -0.9 -0.9 -0.9 -0.9 -0.9 -0.9 -0.9 -0.9 -0.9 -0.9 -0.9 -0.9 6 12.3 18.1 24 28.3 33.5 39.8 41.7 44 50.6 46.3 49.3 55.1 53.9 60.3 68.3 76.3 81.9 83.2 87.8 89 85.2 81.4 75.1 69.5 63.2 57 51.3 46.5 38.8 32.1 23.3 17.8 9.8 9.4 19.9 28.7 41.2 50.6 57.4 63 69 74.2 74.4 77.4 77.7 77.8 77 76.5 81.2 94.1 119.1 130.3 139.3 157.8 170.4 172 169.7 168.8 166.6 160.8 156.6 150.9 145.6 141.7 138.2 138.2 138.2
-0.9 -0.9 -0.9 -0.9 -0.9 -0.9 -0.9 -0.9 -0.9 -0.9 -0.9 -0.9 -0.9 -0.9 -0.9 -0.9 8 14.3 21.1 26.2 30.5 35.1 39.7 42.2 43 43.3 44.6 48.8 52.2 53.9 58.9 67 74.1 82 86 88.5 91.5 87.7 83.8 80.8 73.9 65.8 59.3 54 48.8 43 35.1 27.8 24.6 14.5 16.3 21.4 28.9 42.2 52.3 61.7 71.2 74.4 75.6 75.5 77.3 76.2 77.9 74.5 76.8 84.2 99.1 119.7 135.8 143.7 159.7 174.6 174.8 171 169.3 168.1 162 156.2 149.7 142.9 138.2 138.2 138.2 138.2
-0.9 -0.9 -0.9 -0.9 -0.9 -0.9 -0.9 -0.9 -0.9 -0.9 -0.9 -0.9 -0.9 -0.9 -0.9 -0.9 7 14.6 21.6 28.3 33.4 37.3 40.2 43.1 44.3 44.4 43.6 46.7 49.8 53.1 58.9 65.2 73.3 81.1 86.6 89.8 92.5 89.8 85.5 82 76.8 69.9 63.1 56.1 50.9 45.6 37.7 30.9 27.6 20.4 24.7 20.1 26.5 38.9 48.4 66 74.9 80.5 78.3 75.7 77.7 76.1 78.3 73.5 76.9 81.7 102.3 126.7 135.2 146.3 161.8 175.1 175.2 170.6 168.9 165.8 160.7 155 150.6 144.2 138.2 138.2 138.2 138.2
-0.9 -0.9 -0.9 -0.9 -0.9 -0.9 -0.9 -0.9 -0.9 -0.9 -0.9 -0.9 -0.9 -0.9 -0.9 2.5 7.7 11.7 18.3 26.3 35.9 42.1 42 41.3 43.7 42.7 43 45.2 48.7 52.9 57.8 64.3 72.9 80.2 88.2 92.7 93.4 90.9 86.9 83.9 79.1 72.7 66.3 59.3 52 45.3 39.8 33.9 30.6 25 27.2 24.7 26 36.1 48 63.9 73.4 77.4 78.9 75.6 77 76 74.3 72.3 76.7 82.5 108.8 122.3 135.7 148.2 160.4 172.3 172.5 169.3 165.7 162.3 158.2 153.5 149.8 144.6 138.3 138.2 138.2 138.2
-0.9 -0.9 -0.9 -0.9 -0.9 -0.9 -0.9 -0.9 -0.9 -0.9 -0.9 -0.9 -0.9 -0.9 -0.9 2.6 8.4 9.9 15.8 22.3 33 42.5 42.9 41.1 40.3 40.9 42.4 45.1 48.8 52.1 57.2 63.1 71.4 80.2 88.1 93.5 96.2 94.9 89.4 86.3 82.7 75.3 68.9 62.3 53.8 47.9 39.1 35.2 31.8 30 28.2 25.5 27.6 36.1 47.2 59 65.2 72.5 74.1 70.9 75 73.3 71.5 69.6 75.8 79.3 107.6 122.4 129.4 142.4 156 168.4 169.9 164.3 160.9 158.2 156.7 151.5 148.9 142.3 138.2 138.2 138.2 138.2
-0.9 -0.9 -0.9 -0.9 -0.9 -0.9 -0.9 -0.9 -0.9 -0.9 -0.9 -0.9 -0.9 -0.9 -0.9 -0.9 4.4 6.9 12.7 15.9 23.4 35.9 39.5 38.4 38.3 39.7 42.9 46 50.9 55.6 60.6 64.9 69.4 77 86.6 94.5 97.4 98.3 93.3 88.6 84.6 77.7 71.4 64.3 55.3 48.4 41.8 36.6 33.4 31.9 29 32.4 30.6 32 41 48.1 56.4 60.8 63 64.9 67.1 69 67 65.1 73.6 80.8 98.4 115.3 128.2 139.5 154.1 163.1 166.2 160.1 156.4 155.8 155.7 149 144.4 139.3 138.2 138.2 138.2 138.2
-0.9 -0.9 -0.9 -0.9 -0.9 -0.9 -0.9 -0.9 -0.9 -0.9 -0.9 -0.9 -0.9 -0.9 -0.9 -0.9 -0.9 4.2 8.3 12.4 18.1 24.5 30 35.6 36.8 37.5 40.8 44.7 50.4 57.6 62.7 67.8 71.5 75.5 82.9 91.3 98.8 100.1 99 91.2 85.8 80 72.8 64.6 55.7 48.5 42.2 37.5 39.1 34.9 35.6 39.1 38 38 38.8 39.7 47.9 52.4 57.6 59.6 59.7 61 61.1 60.3 71.2 77.3 85.8 104.7 118.5 132.1 147.8 157 157.8 153.3 150.3 150.2 148.7 145.6 141.9 140.7 138.2 138.1 138.2 138.2
