app/static/ascii/HU37.asc
ncols 200
nrows 200
xllcorner 430000
yllcorner 1170000
cellsize 50
[rows 123 to 163 of 200, columns 0 to 91 of 200]
-1 -1 -1 -1 1.3 -1 -1 -1 -1 -1 -1 -1 -1 -1 5.7 7.5 7.5 -1 -1 -1 -1 -1 -1 3.4 7.6 15.5 21.5 25.4 25.5 32.8 34.4 39 55.1 62.1 66.5 66.3 68 58.8 58.3 57.7 65.8 74.9 71.5 67.5 63.6 49.6 45.2 52.2 61.3 72.3 81.7 96.5 94.4 84.8 82.4 78.6 86.1 85.3 83.1 92.8 89.4 82.3 80.1 73.6 72 60.9 56.3 50.9 51.2 61.8 69.7 75.7 79.1 78.2 78.7 81.1 80.1 75.3 69.6 66.5 66.7 71 74.6 76.6 75.7 71.4 66.4 62.7 64.2 66.6 63.3 58.5
-1 -1 12.2 9 8.9 -1 -1 -1 -1 -1 -1 -1 -1 -1 3.7 5.3 7.7 -1 -1 -1 -1 -1 -1 4.5 12.4 19.6 30.8 34.5 31 38.5 36.5 39.7 47.4 54.1 61.9 67.9 65.4 64.2 65.1 65 81.8 84.8 82.2 75.7 69.7 57.9 48.2 60.3 67 76.6 80.7 92 91.2 83.2 79.2 79.5 84.8 80.3 81.7 89.7 88.5 82.5 81.2 72.5 66.4 60.6 55.5 52.8 52.3 64 71.6 78.4 81.8 83.3 85.5 86.7 84 79.4 73.2 68.5 69.3 72.7 75.8 77.3 75.7 71.4 69.4 65.3 64.2 67.1 61.7 56.4
1.9 17 15.9 9.3 -1 -1 -1 -1 -1 -1 -1 -1 6.4 11.7 9.8 14.1 9.3 6.7 5.7 -1 -1 -1 13.2 20 19.5 27 35.5 37.7 34.3 38.1 40.6 47.6 51.4 53.6 59.4 63.9 69.6 71.9 71.8 80.1 88.5 92.9 85.4 77.7 75.3 69.5 52.3 67 77.9 83.6 84.5 81.8 77.7 76.4 73.6 74.4 80.9 79.3 79 84.4 84 81.5 78.3 72.1 64.6 57.3 54.4 55.3 55 68.9 75.7 78.1 82.7 85.2 90.3 91.3 87.3 82.4 76.2 70.8 70.6 74.8 77.1 78.8 77.1 72.8 69.1 63.9 63.5 65.6 58.9 54.4
15 24.7 22.9 12.9 -1 -1 -1 -1 -1 -1 -1 -1 17.6 23.1 20.4 15.3 11 21.4 21.7 21.2 20.7 17.9 27.7 27.7 28 31.1 40.3 42.9 44.2 40.1 41.1 52.6 52.2 58 60.8 70.1 78.1 80.4 77.8 81.9 85.6 85.2 81.3 80.4 82.7 79.3 67.5 58.6 77.6 82 83.2 77.9 70.8 69.3 69.5 68.7 76 80 75.8 78.6 83.7 83.5 77.5 73.5 63.4 54.1 51.7 53.6 60.7 74 80.4 81.2 82 86.9 92.2 93.2 89.3 85.2 79.6 73.8 72.7 77.2 80.3 80.9 79 74 70.3 63.5 59.8 59.1 55.1 50.4
-1 -1 8 10.8 -1 -1 -1 -1 -1 -1 -1 -1 23.1 22.9 20.8 21.7 20 31.5 29 30.7 33.7 30.5 38 38.1 34.3 39.5 47.7 48.4 51.3 44.7 43.6 56.6 55.8 62 66.9 71.7 81.9 89.3 85.7 86.1 89.5 83.8 81 90.2 89.7 87.9 80.6 66.7 64.2 75.7 79 75.6 68.4 64.9 67 65.1 68 75.3 73.1 77.1 82.1 83.2 76.2 71.3 58.5 49 53.7 54.4 61.6 71.4 76.6 78 85 88.9 92.6 93.2 89.7 85.6 81.2 75.8 75.5 79 82.3 84.1 81.6 75.8 70.6 62.9 58.5 55.1 53.3 46.3
-1 -1 -0.4 -1 -1 -1 -1 -1 -1 -1 -1 10.6 16.6 17.1 23 25.3 19.4 32.3 35.6 40.1 40.5 36.2 46.8 47.9 44.8 50.9 53.8 51.2 51 46.6 44.5 55 56.2 63.3 74.7 80.1 81.7 85.6 87.6 88.1 84.1 82.2 86 93.7 95.3 94.6 90.2 85.1 65.5 65.9 70.3 69 64.9 64.9 65.6 64.9 64.9 67.4 70 74.7 77 77.6 71.9 62.4 52.3 49 49.5 57.9 61 69.7 76.6 83.6 91.9 92.5 92.5 92.2 89.1 87.3 83.2 77.9 79 81.4 84.4 85.8 83.2 77.2 70.8 62.2 58.1 52.8 49.3 44.7
-1 -1 -1 -1 -1 -1 -1 -1 -1 -1 11 15.8 16.2 17 20.9 20.4 27.3 41 42.5 48.5 48.2 41.5 46.8 52.1 53.4 59.1 57.2 53.4 50.9 44.4 44.1 48.2 60.4 68 81.1 91.2 90.5 88.2 93.3 94.5 86.2 91.7 94.9 99 100.6 97.5 94.4 91.9 83.2 73.8 68.1 65.2 64.9 64.9 64.9 64.9 64.9 68.2 73.5 75.5 75.3 74.5 69.2 58.1 49 49 49 56.4 62.9 70.2 77.3 84.6 90.1 91.7 91 89.4 89.5 89.9 86.6 81.8 81.8 84.3 87.6 89.9 85 76.8 69.6 60.9 55.4 51 48.1 43.2
-1 -1 -1 -1 -1 -1 -1 -1 -1 11.8 18.2 18.3 15.7 15.6 19.1 22.4 29 38.8 45.6 50.6 51.2 47.4 50.1 50.7 56.5 61 60.3 56 51.7 44.3 44.1 50.9 61.4 74.9 89.1 97.2 94 91.7 93.8 94.2 93.2 99.7 101.4 104.5 105.7 102.5 95 92.2 92.1 88.9 82.4 75 68.6 64.9 64.9 64.9 64.9 67.5 72.6 77.9 76.9 73.4 63.3 53.2 49 49 49 56.2 62.8 69 76.7 82.1 87.8 90.2 88.9 88.7 90.6 90.2 86.6 83.2 86.7 91.1 91.3 91.8 85.9 76.3 68.5 59.9 54.3 49.7 47 42.8
-1 -1 -1 -1 -1 -1 -1 -1 5.5 17.4 21.8 24.3 15.2 19.9 32.3 40.7 44.4 46.6 47.8 48.8 55.1 54.7 53.6 52 53.6 57 61 57.4 53.2 48 44.6 55.7 65.5 83.4 98.8 100.4 101.1 96.2 94.4 95.2 99.1 100.1 102.7 104.6 105 105.1 99.2 93 95.7 97.2 90.6 85.7 77.8 70.4 64.9 64.9 64.9 67.5 70.8 80.5 76.2 68.8 59.2 49.5 49 49 49 56.5 62.2 68.8 75.1 81.2 84.5 88.1 86.8 86.4 86.9 86.3 84.1 89.6 98.2 96.7 95.5 92 84.4 74.6 65.5 58.2 52.6 48.3 44.4 42.9
5.8 7.4 -1 -1 -1 -1 -1 -1 15.9 20.6 18.1 15.9 16.5 28.7 32.2 39.7 50.6 55.5 51.5 53.2 58.5 55.6 55.1 54.1 53.7 55.7 58 55.3 50.1 50.9 50.4 56.7 74.1 88 100.3 104.2 108.4 98.6 100.3 102.9 102.2 103.7 103.9 107.5 108.1 106.8 100 95.6 97.8 99.9 96.5 90.5 85.2 78.8 71.7 66.8 65.6 67.1 70 77.8 75.2 65.4 55.4 49.1 49 49 49 55.7 62.6 71.4 75.8 81.4 88.1 91 86.8 86.2 85.2 84.3 83.9 89.5 98.1 100.6 97.5 91.6 81.6 71.7 63.1 55.6 51.6 46.9 45.9 43.4
6.1 0.9 10 -1 -1 -1 -1 -1 13.3 13.4 11 11.8 11.2 14.2 25.7 36.6 52.9 57.6 61.1 60 59.8 57.8 54.9 53.8 52.1 51.7 51.6 50.8 51 57.2 60.1 64.5 78.1 93.1 101.8 108.4 110.6 103.7 106.4 111.9 109.8 105.5 104.7 104.7 107.5 106.6 100.1 97.6 99 101.3 101.9 94.9 91 86.2 80.5 72.8 69.9 68.9 70.1 72.4 70.7 62.4 53.5 49 49 49 49 54.8 64.2 73.4 81.5 89.1 88.8 91.4 88.8 86.4 85.6 84.1 83.6 88.4 95.8 96.9 99.7 89.2 78.3 69 59.3 54.4 50.5 47.5 46.2 45.4
9.6 15.2 16.6 6.3 -1 -1 -1 -1 9.7 10.2 7.5 7.1 7.2 9.6 20.7 38.4 57.9 65.9 65.9 64.3 61.8 57.9 53.7 53.3 53.2 54.2 57.1 52.9 59.9 67.8 67.3 70.5 76.1 89.8 104.8 119.2 112.8 106.2 111.2 116.4 116 111.3 107.8 105.4 104.5 104.2 100.1 100.8 104 101.1 100.6 96.8 90.7 89.2 85 79.7 73.6 70.2 70.1 69.1 64.5 59.3 49 49 49 49.3 49 55.1 67 77.7 85.6 87.1 94.7 96.6 92.8 89.9 88.5 84.9 83.1 81.8 89.6 92.7 96.4 87.8 75.8 66.1 56.8 53.9 50.7 47.4 45.5 43.4
18.3 16.3 12.7 -1 -1 -1 -1 -1 0.9 5.8 5.8 6.1 6.6 11.6 25 40.7 58.4 69.7 68.8 69.2 65.3 56.7 57.5 57.5 61.7 66.6 68.5 66.2 71.3 75.9 73.7 74.1 77.3 95 115.5 128.5 117.8 112.9 113.9 120.8 122.7 116 109.8 107.8 105 103.5 98.8 96.9 97.4 97.4 96 94.5 90.8 88.4 86.1 82.2 77.8 73.7 72.2 68.7 58.5 54.7 49.5 49 49 52.5 54.7 60.2 70.2 78.2 82.2 89.9 99.2 99.2 94.4 92 91.5 86.7 83.9 82.3 85.5 89 92.4 85.4 75.2 64.8 56.2 53.6 51.6 49 46.3 41.6
21.4 20.2 10.9 -1 -1 -1 -1 -1 -1 3.5 5.1 10.6 10.7 17.6 30.5 40.7 54.9 63 65.9 64.9 64 55.9 58.2 64.8 73.3 73.3 73.4 72.7 74.3 77.5 77.7 82.5 87.1 100.5 119.8 131.7 121.1 120.3 118.5 120.4 123.2 117.2 111.6 108.6 107.7 103.8 98.6 95.7 96.3 95 93.9 94.5 91.3 89.2 85.6 82.7 79.5 77.6 75.7 72.5 63.4 55.5 49.7 49 49 54.5 55.8 63.6 81.2 79 81.4 88.7 95.7 96.7 96.2 94.2 92.4 89.6 86 81.6 83.5 87.2 90.1 86.3 76.4 66.1 56.9 53.6 51.7 49 45.3 41.2
22.6 20 19.5 13.2 6.3 -1 -1 -1 -1 6.4 7.4 13.4 21 30 37.8 43.6 62.8 66.2 60.9 57 55.8 55.8 58.9 65.2 78.9 81.2 83.5 83.9 82.6 85.9 89.2 95.1 98.2 107.2 121.9 129.2 126 123.5 121.5 120.9 121.2 119.6 114.8 113.3 112.4 104.8 101.3 94.1 94.7 93.1 96.6 97.2 93.1 88.5 87.4 84 80.9 79 78.1 75.5 67.4 56.8 52 49.9 49 56.5 63 78.4 88.9 87.8 89.6 90.3 93.9 95.8 95.2 94.1 92.6 90.5 87.8 82.5 82.5 85.8 89.2 86.7 77.8 66.7 57.7 54 52 49.6 45.1 42.4
29.5 29 18.9 13 8.1 -1 -1 -1 -1 6.9 10.8 20.4 26.2 31.9 35.7 40.1 43.7 50.3 58.5 56.6 55.8 55.8 61.9 67.2 75.5 86.8 88.5 89.3 88.3 90.1 99 104.4 101.8 106.7 122.9 122.7 124.8 123.8 117.5 118.2 120.8 119.8 115.9 111.8 108.3 102.7 98 96.9 93.8 93.1 95.5 97.7 93.1 89.4 86.5 84 80.9 81.1 81.4 77.9 66.2 58.7 56.1 50.2 49.7 60.3 71.5 87 91.1 94.5 98 99.1 98 97.4 95.2 94.4 92.4 89.2 85.3 78.1 80.5 84.4 87.5 87.2 79.2 68.3 60.3 55.9 52.5 47.8 44.5 40.9
28 23.1 19.3 13 12.3 12 -1 -1 3.9 10 22.8 25.4 32 35.1 36.8 40.2 46.4 50.2 57.5 58.1 55.8 55.8 58.1 63.3 69.8 85 94.5 97.3 89.8 90.5 99.3 103.6 101.4 98 104.8 109.5 116.8 115.4 116.9 113.2 121.5 124.4 113.8 108.8 107.1 106.6 99 96.2 93.9 92.6 92.1 92.8 91.5 86.6 80.2 81.3 79.6 85.2 86.9 78.3 67.2 59.8 60.1 49.2 50.4 61.7 70.4 80.9 92.8 99.4 102.9 103.9 102.7 99.8 93.8 91.5 89.3 85.9 80.4 75.8 78.7 84.2 87.2 89.4 80.7 70.5 64.2 58.7 53.3 48.6 45.7 40.7
15.8 17.8 13.9 12.2 15.6 15.7 -1 -1 4.1 19.3 32.4 37.1 37 38.5 40.7 43.9 52.3 60.4 64.2 67.7 65.1 59.8 59.3 63.3 69.1 75.4 90.2 94.6 89.3 89.3 100 106.9 105 99 97.2 103.3 104.3 107.7 112.5 113 116 119.8 111.2 105.6 105.2 105.7 102.9 100.6 95.2 91.9 90.6 91 91.2 85.7 79.8 79.8 86.1 91.7 93.1 82.5 68.7 60 58.1 47.7 52.3 61.1 70.1 82.1 93.8 104.7 105.4 108.1 105.2 99.5 92.7 88.3 84.9 79.8 74.5 76 81.2 82.8 85.7 88.5 82.7 72.1 66.3 60.7 54.8 49.1 44.8 40.1
18.6 16.6 16.4 14.8 15.4 -1 -1 -1 9.6 21.9 30.7 37.2 41.3 46.8 52.3 53 56.7 64 71 73.5 68.8 62.2 62.9 65.1 69.5 72 80.7 90.3 93.7 94.2 105.9 116.7 108.2 97.2 97.2 97.2 104 108.9 106.8 112.8 114.6 110.6 106.9 105.2 105.2 106.2 109.8 102.7 97.7 92.3 87.4 88.3 83.9 79.8 79.8 79.8 88.6 97.5 95.1 81.2 70.1 60.9 54.5 47.7 47.8 59.5 73.4 84.8 99.2 102.2 104.4 106.6 104.3 97.1 92 87.3 80.6 73.5 70.3 70.8 80.7 81.7 84.2 86.6 83.2 73.4 66.7 60.9 54.8 49.1 44.2 39.6
22.3 18.9 15.7 15.2 -1 -1 -1 -1 5.7 21.5 38.6 45.2 47.4 58.2 65.6 61.9 62.2 66 72.1 70.3 65.8 66.7 69.2 71.8 78.2 82 86.1 90 92.4 98.9 106.6 114.7 110.9 97.2 97.2 97.2 104.1 103.2 104.2 109.8 110.3 107.5 106.4 105.2 105.2 110.7 113.4 105.4 100.3 95.9 88.8 85.4 83.5 79.8 79.8 79.8 88.3 94.8 93.1 83.8 74.5 64 54.4 47.7 47.7 54.5 69.4 82.4 91.3 97 103.5 104.7 100.2 93.8 90.7 86.3 77.7 70.9 68.3 71.7 77.7 80.9 83.3 85.9 82.8 71.6 64.9 58.1 51.8 48.1 43.7 38.6
-1 13 7.6 -1 -1 -1 -1 8.2 25.2 32.2 44.1 50.9 55 65.6 71 66.7 66.8 64.4 64.7 71.9 69.8 69.8 78.5 87.8 91.8 98.6 103.1 106.3 102 99.8 104.5 107.2 106.2 97.2 97.2 97.2 97.2 100.7 104.1 105.4 105.7 107.5 105.2 105.2 105.2 110.6 113 109.5 102.1 94.4 88.5 86.6 84.7 79.8 79.8 79.8 86.6 89.4 91.5 84.6 74.3 63.6 56.3 47.7 47.7 51.4 61.2 75.1 85.5 91.4 97 97.1 92.7 88.6 86.5 83.2 75 69.5 67.5 68.2 68.7 77.8 83.7 82.6 76.8 65.9 59.3 53.6 48.8 45.4 42.2 37.7
-1 -1 -1 -1 -1 -1 -1 19.8 28.6 37.1 45.2 51.7 52.5 60.5 65.7 62.9 62.6 62.4 66.5 71.7 74 77.5 77.1 88 95.3 103.1 110.5 115.2 106.8 100.1 105.4 106.9 103 97.2 97.2 97.2 97.2 99.2 102.1 100.9 103.7 105.3 105.2 105.2 112.9 113.6 110 108.1 99.7 93.4 88.8 90.1 87.3 84.6 81.6 87.9 89.4 92.6 90.1 84.4 78 63.9 56.7 49.6 47.7 51.2 56.8 67.3 78.6 85 88.1 87.9 87 84.2 81.1 78.2 73.7 70.3 67.9 66.7 65.9 68.5 71.5 70.6 64.7 59.8 55.8 51 45.6 42.4 40.9 37.5
-1 -1 -1 -1 -1 -1 -1 23.7 35.5 41.6 46.5 51.4 51.3 53.9 61.8 61.7 62.4 63.4 65.4 72.6 78.1 82 82.4 93.9 101.7 100.9 104.2 106.6 104.7 104 102.9 103.2 98.3 98.2 107.2 97.2 97.2 97.2 97.2 97.2 102.9 106.2 105.2 105.5 113.9 115 108.8 101.4 93.9 91.8 88.6 89.7 93.8 93.4 94.9 93.1 92.5 97.1 91.9 86.5 80 69.3 57.7 52.2 47.7 49.5 56.7 62.7 73.4 78.7 79.6 83.2 81.9 79.4 76.9 74 73.2 72.4 71.4 70.2 67.5 65.5 66.4 63.3 60.5 57 53.9 48 43.6 41.1 39.8 38.4
-1 -1 -1 -1 -1 -1 -1 20.2 32.5 33.2 39 43.8 47.6 55.7 63.4 64.9 66.3 67.9 66.1 73.3 79.3 82.9 83.7 88.9 92.8 98.4 103.3 108.7 108.8 108.7 104.8 103.5 97 97.7 104.4 100.4 97.2 97.2 97.2 97.2 103.4 107.2 111.2 108.2 111.3 111.5 101.3 95.2 90.8 88.6 88.6 93 98.7 101.5 97.4 94.1 96.8 98 95.1 88.4 83.1 73.4 60.9 55.1 47.7 50.6 58 62.6 64.3 68.4 72.2 74.7 73.3 73.4 71.5 74 74.7 73.1 73.6 74.1 70.3 69.8 66.2 62.6 58.6 54.4 50.7 45.4 41.7 40.8 40.5 40.2
-1 -1 -1 -1 -1 -1 -1 -1 8.6 23.2 35.7 43.9 49.6 54.9 59.1 60.5 63.7 64.3 72.2 80.7 85.7 87.2 82.1 83.3 87.3 95.4 100.9 104.3 108.1 109.2 111.3 105.8 92.9 94.4 100.8 97.3 97.2 97.2 97.2 97.2 104.5 110.1 110.2 109.1 108.9 106.4 100.5 95.2 89.7 88.6 88.6 96.6 101.9 106.8 102.6 98.8 103.3 103 99 90.5 84.6 74.7 62.5 54.1 48.1 50 57.9 63 61.3 61.7 65.1 66 66 67.2 70.1 73.1 74.5 74 74.6 74.1 70.6 68.6 65.2 60.4 56 53.9 49.2 41.9 40.1 41.4 43 39.6
-1 -1 -1 -1 -1 -1 -1 -1 23.8 38.6 46.4 50.1 54.4 59.4 57.8 54.9 61.8 73.9 84.7 83.8 86.6 90.1 87.9 83.4 84.6 93.8 98.6 104.1 106.7 111.8 110 101.8 94.2 92.9 92.9 97.7 99.7 102 98.6 97.2 104.4 113 111.8 119.3 115.6 106.1 98.2 91.6 88.6 88.6 88.6 99.3 107.4 107.5 104.3 101.7 104 105.4 101.4 93.6 86.1 76 62.6 53.6 48.2 50 57.8 59.8 60 60.1 60.2 61.4 64.6 67.3 73.5 77.3 77.2 75.1 73.4 73.4 70.5 66.3 62.2 59.5 56.2 49.1 44 38.6 41.3 44.3 44.7 38.8
-1 -1 -1 -1 -1 -1 -1 -1 29.1 36.1 44.7 49.8 54.6 56.6 52.9 52.9 63.2 79.7 83.1 83.8 85.3 89.8 88.9 87.7 88.3 93 102.9 105.6 107.9 106.1 103.5 96.8 94.7 92.9 92.9 93 96.5 97.9 97.2 103.3 101.8 105.4 115.8 124.8 120.6 109.5 97.7 92.3 88.6 88.6 90.3 93.8 102.1 104.4 108.2 105.4 104.9 104.2 100.3 92.7 84.1 74 63.1 54.5 47.5 52.7 58.9 60.8 59.4 57.7 56.7 59.6 67.7 71.5 74.8 77.3 77.9 77.1 74.3 72.4 72.1 65.9 61.1 59.3 53.3 45 38.9 35.4 39.9 42.6 42.1 38.2
-1 -1 -1 -1 -1 -1 -1 28.6 36.7 41.3 44.8 44.5 46.9 51.8 51.8 50.9 63.7 81.7 85.7 83.8 87.5 89.6 91.4 90.1 94.5 102.3 106.9 105.8 101.1 98.9 97.8 93.1 94.6 92.9 95.5 95.3 96.2 98.9 99 99.7 96.1 96.1 109.8 116.6 116.7 110.6 101.1 94.2 88.6 88.6 91.1 93.1 98.4 103.9 109.1 110.3 106.8 99.7 91.9 84.7 78 70.9 61.3 53.6 48.1 52.5 58.7 59.1 55.7 53.8 52.1 57 66.6 69.5 73.6 75 76 75.1 73.3 74.7 73.2 67.9 59 54.2 46.6 41.4 35.4 33.4 33.8 36.5 38.4 38.2
-1 -1 -1 -1 -1 -1 -1 26.9 43.7 45.2 45 43.6 44.1 46.4 48.6 54.7 73.9 87.9 88.6 83.8 91.2 95.1 96.1 95.8 91.8 92.6 91.2 90.2 92.2 95.9 90 89.5 91.3 93.8 92.9 100.7 103.2 102.4 100.1 102.1 100.2 96.1 102.8 109.3 106.5 107.6 105.1 97 89.6 90.8 93.6 97.3 99.1 101.7 105 106.6 101 91.6 84.9 80.7 74.7 66.7 58.1 49.8 48.9 54.2 55.3 57.3 52.7 49.6 47.2 54.8 63.2 69.1 74.6 74.5 74.1 73.8 72.2 70.8 69.3 63.5 54.2 47.9 43.7 35.2 32.1 32 32.4 37.8 40.8 40.4
-1 13.1 18 3.5 -1 -1 2.6 24.9 39.4 48.5 45.5 42 43.3 44.5 53.8 74 90.4 92.2 85.9 85.1 94.1 102.3 103.8 99.8 92.3 90.4 86.8 81.3 81.3 85.4 89.3 88.3 91 92.3 94.3 96.9 107.5 100.9 100.3 106 111.2 103.1 96.1 97.5 102 108.6 106.2 98.5 93.2 96.4 98.1 97.4 101.7 103.1 102.6 103.3 95 84.6 81 77.7 71.8 61 53.3 47.7 48.6 51.8 52.1 50.8 46.5 44.6 44.6 53.6 62.8 70.5 74 70.1 72.1 74.5 73.7 71.8 66.6 57.3 46.5 42.6 39.1 33.5 31.2 31.3 31.2 35.2 40.3 42.7
-1 13.2 18.2 22.8 -1 3.4 6.8 25.6 35.3 40.5 35.9 39 43.5 54.2 71.2 84.8 92.4 83.6 82.6 88.4 96.6 106.3 110.7 103 95.7 90.9 87.9 81.3 81.3 81.8 86.3 88.1 94.4 96.6 92.4 90 94.6 94.8 97.1 101.8 99.8 100.2 96.7 97.2 99.1 100.9 104 102.2 97.3 101 101.5 106.5 110.9 107 102.4 97.8 88.2 78.7 76.2 74.9 68.9 59.3 50.5 45.8 48.4 48.2 47.7 45.5 44.6 44.6 44.6 49.3 58.2 63.7 68.4 63.6 69 71.2 70.1 64.7 58.6 47.7 37.9 37.8 36.2 32 30.1 30.7 30.3 35.4 41.2 43.1
-1 13.3 27.5 29 19.6 10.1 6.7 15.4 22.4 24.9 31.6 37.4 47.1 59.6 73.9 85.8 89 79.2 80.8 93.5 99.9 101.1 102.5 98.2 96.3 91.8 86 82.4 80.6 81.3 81.9 86.5 94.5 97.3 93.8 89.2 89.2 88.7 92.6 93.6 98 98.8 94 97.6 95.6 101.6 110 111.2 105.6 103.3 111.2 115.1 113.1 105.6 101.7 92.5 81 73.7 70.1 66.2 62 54.3 46.1 44 46.7 48.5 46.7 44.6 44.6 44.6 44.6 44.6 48.4 55.5 56.8 57.6 59.7 59.7 57.2 54.6 51.7 38.5 32.5 31.6 30.7 28.7 28.6 30.1 29.8 31.4 36.4 39.4
0.9 21 33.3 32.7 25.8 15.5 8.3 10.9 16 19.6 22.5 31.9 50.8 65.6 78 90 83.7 79.2 81 91.8 96.5 93.9 96.8 97.5 97.2 89.6 83.9 84.1 85.8 81.3 81.3 81.3 89.2 95.1 94.7 89.4 86.7 86.2 90.5 91.4 94.6 94 88.7 92.1 95 103.1 109.8 111.8 105.4 106.3 111.8 111.4 108 101.7 98.5 87.2 75.1 68.6 65.6 63.2 56.9 50.1 44.7 43.1 47.7 53.1 47.3 44.6 47.3 49.2 45.2 44.6 44.6 49.2 48.4 50.5 51.4 51.2 51 52 48.2 39.3 30.9 27 28.3 27.4 28.5 30.3 28.7 30.5 35.5 39.3
23.5 30.1 35.3 32.9 28.7 22.2 14.2 21.7 24.5 20 20.3 31.5 49.4 59 67.2 74.1 78 79.9 84.6 91.9 98.4 99.4 95.8 94.4 91.5 86.3 85.2 86.2 90.1 86.7 81.3 81.3 81.7 87.1 87.6 82.3 82.3 85.7 89.2 91.7 89.8 88.5 86.8 92.1 97.1 99.5 103.8 107.9 105.4 105.4 106.7 103.5 99.7 96.7 88.6 75.3 68.3 64.8 60.8 58.8 53.3 49.5 44.1 43.2 47.6 52.4 49.4 44.6 52.4 55.1 50.2 45.4 46.8 45.3 45.3 47 48.6 49.5 53.3 53.5 50.4 41.4 31.4 25.7 25.2 25.8 27.2 28.9 27.6 29.2 35.5 40.9
-1 34.6 43.7 41.8 37.9 28.8 16.8 22.2 30.3 31 26.8 30.9 41.4 53.3 58.3 66.4 76.6 80.7 85.5 95.4 103.7 101.8 102.2 90.6 89.4 88.1 87.6 90 87.9 81.3 80.7 81.3 81.3 82.8 83.3 82.9 82.3 82.8 83.7 83.7 86.3 89.7 89.3 95.3 102 103.2 104.8 109.7 110.9 112.7 107.2 99.7 94.9 87.3 71.5 69.2 62.1 60.7 59.6 59.1 52.6 51.5 47.4 42.5 40.7 43.8 43.6 48.9 52.7 56.9 51.7 46.1 45.1 45.2 49.1 46.6 48 54.6 56.2 58.5 56.5 51.6 41.7 29.8 24.4 24.4 25 25.1 26.5 28.8 34.2 38.8
-1 49.8 51.1 50.6 47 41.3 28.7 21.9 30.9 33.9 33 32.4 41 45.8 58.8 66.8 80.9 84.6 89.6 97.6 101.4 105.7 100 88.7 86.7 90.3 92.7 92.5 85 82.4 84.9 81.3 81.5 79.8 84.5 85.8 92 93.1 87.7 84.3 87.8 96.2 97.4 95.7 101.1 100.6 103 106.9 111.5 110.4 105.4 99.5 92.8 75.2 62.3 60.1 59.4 56.9 56.6 54.8 58.7 60.6 58.3 47.5 40.5 41 45.7 51 55.8 54.6 48.2 45.6 43.8 43.8 46.8 46.2 50 50.9 54.6 58 57.7 55.2 49.7 38.4 26.2 22.7 22.3 22.8 23.3 27.4 32.6 37.9
55.9 57.5 57.2 57.2 53.9 51.5 42.8 33.6 28.3 30.8 34.3 36.4 38.8 42.6 60.6 72.7 82.6 84.3 87.3 90.2 95.4 93.4 88.5 81.1 79.2 83.4 87.8 87.8 82 82.1 83.2 79.8 79.6 82.1 89.9 93.7 92.5 92.7 91.2 93.6 90.8 97.1 101.8 100.8 101.1 98.7 99.6 104 105.5 106 102.6 95.7 83 69.8 58.9 52.7 52.7 53.4 58.7 63.7 67.2 69.6 59.1 50.5 41.2 42.2 50.7 54 49 49.6 50 48.9 45.7 43.8 43.8 45.4 50.4 52.1 55.4 60.4 60.3 59.4 54.6 47 36.4 25.7 20.7 21.3 22.2 26.9 31.9 37.4
59.3 62.1 62.5 61.9 59.7 57.9 54.8 51.2 42.4 33.4 38.4 41.2 44.7 45.3 46.8 64.4 78 86.7 84.7 83.8 84.7 80.8 74.5 75.8 75.8 75.8 80.3 79.6 82.7 84.9 79.6 79.6 79.6 80.9 89.9 93.1 88 88.8 89.3 92.5 91.9 92.2 93.1 100.4 100.3 97.5 95.1 99.2 99.4 105.3 105.3 91.6 73.2 62.6 52.7 52.7 52.7 52.7 59.7 66.1 74.1 73.1 57.4 50.8 41.6 41.5 46 50 48.4 51.4 56.5 56 49.5 43.8 43.8 43.8 49.3 54.4 56.4 58.2 61.3 63.5 62 54.4 44.2 31.4 19.6 19.2 24 26.2 31.5 34.1
59.1 60.1 62.4 65.8 65.3 66.3 63.3 64.3 67.5 51.8 43.2 47.2 45.1 45 48.4 59.6 76.5 79.9 78.1 74.1 70.2 68.9 73.6 76.2 76.1 78.7 74.7 78.8 85.6 86.5 79.6 79.6 79.6 79.6 79.6 83 80 86.5 89.3 89.4 91.6 92.8 88.6 91.5 95.8 91 89.8 91.9 98 101.9 95.7 76.9 70.3 55.6 52.7 52.7 52.7 53.2 61 68 73.3 68.6 56.1 49.8 42.1 40 43.5 46.5 48.7 51 51.6 50.4 45.2 43.8 43.8 43.8 47.4 55.5 58.4 59.2 62.4 62.5 64 57.2 48 35.9 23.7 19.2 22.8 25.3 27.3 27.7
-1 52.9 61.3 67.6 67.7 71.5 75.3 75.7 80.2 74.4 54.2 48 46.9 45.2 45.2 49.3 64 67.5 67.6 73.6 71.5 67.1 71.5 76.2 75.9 71.3 73.8 79.4 86.5 85.2 80.7 79.6 79.6 79.6 79.6 79.6 79.7 86.5 89.8 96.1 97.4 98.3 93.3 87.6 86 86.8 88 87.7 92.8 94.2 84.8 69.4 62.1 60.7 52.7 52.7 52.7 60.9 62.1 65.1 68.1 59 56.1 49.7 42.1 38.6 44 45.7 44.1 47.5 46.4 44.6 43.8 43.8 43.8 43.8 44.2 53.6 60.6 67.3 66.9 66.4 66.8 61.9 51.9 39.2 28.8 19.2 21.7 26.2 23.3 21.8
-1 -1 69.9 66.4 67.8 81.2 89.5 86 89.6 85.9 69.3 51.9 45.2 45.2 45.2 46.2 54.4 62.5 63 65.9 65.2 68.1 70.3 73.1 70.9 69.4 72.9 77.3 80.1 79.6 79.6 79.6 79.6 79.6 79.6 79.6 79.6 86.1 89.7 98.5 102.4 103.3 95.2 90.3 84.8 82.6 85.9 84.6 86.1 84.6 71.7 66.7 57.2 56.8 56.2 62.6 64.8 67.5 64.9 66.8 62.8 58.5 57.2 52.7 46.5 38.2 38.1 43 39.9 42 45.7 44.6 43.8 43.8 43.8 43.8 46.5 58.8 66.9 73.2 76.5 74 68.8 60.3 52.9 40.2 29.3 21.3 21.9 24.8 20 20
