app/static/ascii/HU38.asc
ncols 200
nrows 200
xllcorner 430000
yllcorner 1180000
cellsize 50
[rows 36 to 71 of 200, columns 0 to 81 of 200]
-0.9 -0.9 -0.9 -0.9 -0.9 -0.9 -0.9 -0.9 -0.9 -0.9 -0.9 -0.9 -0.9 -0.9 -0.9 -0.9 -0.9 -0.9 -0.9 -0.9 -0.9 -0.9 67.2 67.7 71.3 76.9 90.6 107.2 115.4 128.4 137.4 141.1 140.4 141.6 143.8 146.3 148.5 149.1 141.1 139.1 139.1 141.3 143.6 146.4 148.2 147.9 145.5 147.4 150.4 150.5 145.4 141.5 141.3 141.3 141.3 141.3 141.3 141.3 141.3 146.5 151.1 152.5 152.3 151.4 151 148.8 147.3 145.1 142.9 141.7 141.7 140.3 138.7 137.2 134.7 134.7 134.7 134.7 134.2 136.8 135.6 135.4
-0.9 -0.9 -0.9 -0.9 -0.9 -0.9 -0.9 -0.9 -0.9 -0.9 -0.9 -0.9 -0.9 -0.9 -0.9 -0.9 -0.9 -0.9 -0.9 -0.9 -0.9 -0.9 67 69.2 74.2 78.8 88.6 101.3 115.6 128.4 137.4 137.6 137.1 137.1 139 141.2 141.5 145.6 141 139.1 139.1 141.9 144.7 145.8 146.8 146 147.9 150.4 150.7 150.5 147.8 143 141.3 141.3 141.3 141.3 141.3 141.3 141.3 146.1 149.5 151.3 151.6 150.6 150.8 147.9 146.4 145.5 144.3 143.3 142.4 140.6 139.3 137.4 135.7 135.2 134.9 134.7 134.7 134.7 134.6 135.5
-0.9 -0.9 -0.9 -0.9 -0.9 -0.9 -0.9 -0.9 -0.9 -0.9 -0.9 -0.9 -0.9 -0.9 -0.9 -0.9 -0.9 -0.9 -0.9 -0.9 -0.9 -0.9 -0.9 70.2 74.9 80.6 90.8 103.5 117.6 132 133 137.3 139.1 141.4 141.2 140.1 142.9 145.6 142.4 140.8 139.1 139.2 146.3 148.2 146.2 145.6 148 148.5 149.9 149.4 147.1 145.5 141.3 141.3 141.3 143.4 141.3 141.3 143.4 149.7 149.8 149.8 149.4 150.1 148 146.3 146.7 144.5 144.1 144 142.4 142.1 139.1 138.1 137.5 136.6 138.3 136.3 134.7 134.7 134.6 134.4
-0.9 -0.9 -0.9 -0.9 -0.9 -0.9 -0.9 -0.9 -0.9 -0.9 -0.9 -0.9 -0.9 -0.9 -0.9 -0.9 -0.9 -0.9 -0.9 -0.9 -0.9 -0.9 -0.9 68.6 77.3 85.7 92.8 105.4 121.4 130.1 136.4 133.7 135.3 136.3 133.4 137.1 140.8 141.1 145.9 140.8 139.1 142.1 145.9 146.2 144.6 143.5 145 146.9 149.5 148.4 147 145.2 141.3 141.3 144.8 145.7 146.3 145 145.6 149.1 151.4 147.7 148.5 147 146.7 147 145.5 145.2 144.4 143.7 142 141.9 140.5 138.3 138.4 138.6 138.3 137.9 134.6 136.9 135.6 134.8
-0.9 -0.9 -0.9 -0.9 -0.9 -0.9 -0.9 -0.9 -0.9 -0.9 -0.9 -0.9 -0.9 -0.9 -0.9 -0.9 -0.9 -0.9 -0.9 -0.9 -0.9 -0.9 31.8 76.6 81.5 91.3 100.7 114.1 130.6 133.7 140.7 141.2 133.8 129.5 131.2 133.5 136.2 142.3 145.1 139.1 140.9 143.6 145.5 148.2 144.9 143.3 143.4 148.1 149.8 146.6 145.5 141.5 141.3 141.3 141.8 146.3 146.1 147.3 148.8 149.3 148.2 147.9 146.4 145.5 145 145 144.7 143.6 143.1 142.4 142.2 140.9 140.7 140.4 140.2 142.3 141.4 139.2 137.2 138.1 136.5 134.7
-0.9 -0.9 -0.9 -0.9 -0.9 -0.9 -0.9 -0.9 -0.9 -0.9 -0.9 -0.9 -0.9 -0.9 -0.9 -0.9 -0.9 -0.9 -0.9 -0.9 -0.9 -0.9 77.8 86.6 93.6 103.3 118.3 126.4 137.5 133.9 136.3 135.6 128.5 129.4 132.3 134.4 135.3 142.1 146.1 139.1 139.6 142.5 145.8 148.1 143.6 141.8 140.9 144.2 144.5 143.9 144.7 141.9 141.3 141.3 141.3 146.4 146.4 147.6 147.7 148.4 146.1 144.5 144.9 143.6 142.9 143 142.8 142.4 142 141.7 141.4 141.4 141.5 141.1 142.7 142.9 141.5 141.1 140.3 139.2 136.8 136.1
-0.9 -0.9 -0.9 -0.9 -0.9 -0.9 -0.9 -0.9 -0.9 -0.9 -0.9 -0.9 -0.9 -0.9 -0.9 -0.9 -0.9 -0.9 -0.9 -0.9 -0.9 37.3 96.5 97.5 100.1 118.3 127.2 130.4 131.3 132.2 129.1 126.3 129.9 132 131.6 130.3 133.8 140.3 144.4 139.1 140.2 143.1 144.6 142.6 140.9 142.6 137.9 137.9 140.3 142.6 145.9 142.1 141.4 141.3 141.3 145.4 146.7 148.6 147.3 148.4 145.1 141.7 141.7 140.9 141.1 141.1 141.7 140.3 140.8 140.4 141 140.5 141.4 142.1 143.5 143.3 143.6 143.1 143.1 141.4 137.4 136.1
-0.9 -0.9 -0.9 -0.9 -0.9 -0.9 -0.9 -0.9 -0.9 -0.9 -0.9 -0.9 -0.9 -0.9 65.2 -0.9 -0.9 -0.9 -0.9 -0.9 102 98.6 98.5 97.7 101.1 116.5 124.7 129.8 126.9 120.8 119.9 121.3 129 130 129.8 130.7 136.4 135.7 138.7 137.7 143.2 142.7 142.5 139.1 137.9 137.8 135.2 135.4 140.4 143.9 146.9 141.3 141.3 141.3 141.3 144.7 146 145.5 145.6 144.5 142.5 140.6 139.3 137.9 138.6 138.7 139.4 138.8 138.4 139.4 140.1 139.6 141.3 142.6 144.4 144.9 145.1 144.4 142.9 141.7 137.7 134.5
-0.9 -0.9 -0.9 -0.9 -0.9 -0.9 -0.9 -0.9 -0.9 -0.9 -0.9 -0.9 -0.9 26.7 90.1 100.7 110 97.9 96.7 99.3 97.5 97.5 97.5 97.5 97.6 109.2 115.6 120.7 115.1 115.7 116.5 118.3 130.2 129.2 130 133.5 132.5 130 130.7 135.1 138.2 137.3 137.2 139.3 138.6 136.8 136 141.2 140.2 144.4 149.3 141.3 141.3 141.3 142.7 146 145.8 144.5 142.7 143.2 142.9 140.7 138 135.7 136.8 136 136.5 136.5 136.9 138.5 138.4 140 141.8 143.3 144.7 146.3 146.7 146 143.5 141.8 137.9 136.2
-0.9 -0.9 -0.9 -0.9 -0.9 3.4 -0.9 -0.9 -0.9 -0.9 14.2 71.3 99.7 97.8 103.2 117.1 110.8 104.2 99.6 100.8 104.8 101.9 97.5 97.5 97.5 100.7 102.8 108.1 110.7 112 114.5 116.2 129.4 127.7 123.7 124.6 126.3 128.2 131.7 134.5 136.8 138.8 136.4 137.2 139.5 135.3 134 137 142.2 144.2 146.3 141.3 141.3 141.7 143.6 146.2 145.4 142 140.5 141.9 142.3 140.4 136.6 134.7 133.5 133.5 133.9 134.5 136.1 136.9 138 139.2 142 144.5 145.8 147.8 147.8 146.6 145 142.7 139.1 138.7
-0.9 -0.9 -0.9 -0.9 -0.9 7.7 -0.9 -0.9 39.3 82.2 80.2 97.9 101 111.3 113.9 108.3 110 112.8 104.6 101.3 104.6 104.9 103.9 99.5 97.5 97.5 97.5 100.7 104.6 107.8 112.2 118 129.4 124.8 123.2 123.2 123.3 127 129.1 132.7 137.1 137.8 137.8 137.9 136.9 131.2 131.8 134.3 139.5 145 145.3 141.3 142.9 143.2 146 143.4 141.5 141.5 139.2 140.7 141.8 137.8 136.1 133.6 133.5 133.5 133.5 133.5 135.1 137 137.8 139.2 142.7 144 146.8 147.6 147.8 146.2 144.3 142.8 139.1 139.8
-0.9 -0.9 -0.9 -0.9 -0.9 50.2 79.8 118.3 91.5 112 109.3 107.5 104 108.5 109.7 109.7 109.7 112.8 105.4 104.2 107.2 102.7 103 105.4 98.7 99.7 100.3 100.3 106.2 117.6 121 123 128.3 124.2 123.2 123.2 127.8 127.1 127.2 132.4 140.1 143.2 138.4 138 136.8 130.1 129.5 133.5 138.6 143.2 143.4 144.1 143.3 142.4 142.5 139.1 138.5 138.3 138.4 137.9 139.3 137.6 133.7 133.5 133.5 133.5 133.5 133.5 134.1 137 137.5 140.6 141.6 143.8 147 147.7 147 145.9 144 141.7 140.3 140.4
-0.9 -0.9 -0.9 -0.9 -0.9 48.3 96.4 127.5 125.7 123.7 117.4 112.3 113.2 110 109.7 109.7 109.7 114.3 111.7 114.2 107.2 105.1 113.7 119.4 106.8 106.5 111.7 111 109.4 117.4 123.4 133.5 129.3 123.2 123.2 123.4 128.7 124.8 130.1 134.7 140.6 140.8 141.8 140.3 136.8 127.3 127.9 133.6 139.2 143.1 144.5 149.2 145.4 138.6 139.6 139.1 138 137.3 137.2 136.7 136.1 135.6 133.5 133.5 133.5 133.5 134.1 133.5 133.5 136.7 138.1 142.4 144.1 144.4 146.7 147.6 146.8 145.6 143.8 142.1 141.1 141.2
-0.9 -0.9 -0.9 -0.9 0.7 17.7 108 125.2 129.1 131.1 129.8 122.6 118.8 112 110.9 114.5 112.5 113.9 109.7 109.7 119.3 118 109.3 116.2 118.9 128.4 130 127.4 122.7 129.1 119.1 126.2 125.1 123.2 123.2 123.2 124.9 130.3 132.2 131.5 135.5 136.1 138.4 138.4 135.7 127.3 129.6 137.4 139.5 142 145.7 145.3 143.5 137.7 137.7 139.2 137.9 136.4 134.8 135.5 135 133.5 133.5 133.5 133.5 134 134.5 131.4 134.3 138 139.2 141.5 143.4 144.4 146.4 146.9 146.7 144.9 142.4 143 141.6 139.9
-0.9 -0.9 -0.9 2.6 75 88.9 124.1 130.1 139.8 142.3 134.9 126.5 128.3 124.9 122.8 112.1 109.5 109.7 112.8 109.7 114.8 117.6 111.6 113.5 120.7 130.8 133 137.4 125.9 126.4 129 129 123.2 123.2 123.2 123.2 123.2 129.3 132.2 129 137.8 136 137.8 136.1 132.6 127.3 127.3 136.4 141.1 142.8 143.1 142.8 144 139.1 141.6 139.3 136.5 136.5 133.7 135.5 135.1 133.5 132.1 133.5 133.5 135 135 134.3 136.1 138.9 141 142.5 144.3 145.4 147.4 146.3 145.4 145.5 142.9 142.7 141 140
-0.9 -0.9 43.4 87.7 120 130.3 132 146.4 147.4 146.7 135.9 138 137.7 130 126.2 120.4 117.3 111.2 119.1 128.8 123.8 119.7 121.6 113.4 114.5 117.4 127 127.2 130.2 126.1 129.8 123.2 123.2 123.2 123.2 123.2 123.2 128.8 125.4 125.4 125.4 131.4 135.4 133.9 130.9 127.3 127.3 137.2 140.4 142.2 140.5 139.6 137.9 137.4 140.3 136 133.5 133.7 133.5 133.5 133.5 133.5 133.7 133.6 133.5 133.5 134.7 135.9 138.1 140.2 142.8 143.5 145.9 146.7 147.1 146.6 144.8 143.4 142.4 142.6 140.4 142.1
-0.9 34.1 76.5 103.2 135.9 140.9 144.4 150.1 146.6 138.7 142.6 140.7 132.5 134.7 128.5 130.3 129.1 119.4 118.6 121.1 120.8 120.8 121.8 127.2 120.3 123.3 118.6 120.4 121.2 126.8 123.2 123.2 123.2 123.2 123.2 123.2 123.6 127.8 132.2 130.2 127.2 129.9 134.5 131 127.2 127.3 129.4 136.6 139.4 139.1 135.2 132.9 134.7 134.2 135.1 134 133.5 134.4 133.5 133.5 134.4 133.5 136.1 134.9 133.5 133.5 134.6 136.9 139.8 142.6 144.1 145 146.2 146.9 146.8 145 143.9 143.5 143.2 142.9 141 143.4
-0.9 75.8 107.1 125.3 145.7 146 145.3 146.2 147.9 148.8 152.4 150.5 146.3 138.8 134.7 142.3 134 124.6 119.8 126.9 127.1 122.5 125.3 131.6 129.8 121.7 121.9 121.9 128.5 128.4 123.2 123.2 123.2 123.2 123.2 123.2 125.2 135 130.1 130.1 132.5 131.8 128.6 127.6 126.8 129.6 130.6 132.5 137.2 137 133 131.7 129.4 129.5 131.1 134.3 135.6 136.2 133.5 133.8 135.3 133.3 135.3 134.6 133.5 133.5 133.5 137.6 141.7 144.5 145.6 145.2 146.1 146.9 146.8 146.1 142.7 142.5 142.3 142.4 142.5 143.3
8.9 73.4 120.9 152.5 148.5 151.3 149.9 151.9 147 152.9 160.2 159.1 149.9 149.5 147 148.6 136.9 126 129.1 134.4 135.4 131.4 131.9 130.1 126.6 125.5 129.6 128.4 127.2 123.2 123.2 123.2 123.2 123.2 123.2 123.2 127.1 131.1 136.4 135.2 135.6 133.2 128.3 126.5 126 133 133.2 129.7 133.9 132.6 130.7 130.1 126.5 128.9 127.8 130 134.8 137.4 133.3 135.8 134.7 135.7 134.2 133.6 133.5 133.5 133.5 137.9 144.1 146.8 146.9 146 147.1 146.8 147.4 142.3 142.3 142.3 142.3 143 143.5 144.9
23 73.9 115.5 155.7 153.8 151.9 150.8 149.6 148.7 158.6 160.8 157.6 153.8 153.7 149.5 143.6 142 135.6 142.8 136.4 138.2 143.1 137 132.2 130.8 128.8 129.4 135.1 126.9 123.2 123.2 123.2 123.2 123.2 123.2 123.2 126.1 132.6 140.2 137.7 142.6 135.7 130.2 127.3 124.9 132.8 127.7 131.2 128.1 128.1 128.4 127.4 126.6 126.8 126.3 131.4 130.8 130.9 131.4 134.4 135.8 134.7 133.9 133.5 133.6 133.5 138.1 139.8 145 148.6 148.4 148.2 148.4 146.6 145.9 142.3 143.1 142.5 142.9 143.5 145.6 146.4
46 90.8 134 159 157.6 152.8 151.4 149 152.1 160.1 159.6 159.2 157.1 151.4 145.2 143.2 139.8 144.4 146.8 142.7 145.4 144.4 137.5 136.5 132.2 131.3 133 126.6 137.1 134.3 125.2 123.2 126.2 132.3 124.5 127.7 133 133.3 134.4 137.5 138.6 138.2 134 125.3 124.5 125.2 123.6 127 125.9 128.1 127.2 124.2 126.5 125.3 124.3 128.9 131.2 126.5 127.4 131.9 131.3 132 132.4 132.8 134.5 134.9 138.5 142.3 145.7 148.5 148.5 149 148.5 146.7 144.2 142.3 143.4 143.4 144.4 145 147.1 148.2
62.2 105.2 142.1 162.8 157.6 151.1 150.3 151 151.5 158.9 161.5 162.1 156.5 153.4 144.2 143.2 141.3 142.6 145.3 145.5 143.1 142.2 142 137.8 134 133.7 137.8 132.4 137.2 135.7 139.6 128.9 137 132.2 131.7 131.6 135.7 134.6 131.1 133.3 134.5 134.6 129 123.9 124.2 122.3 120.5 122.4 122.7 129.6 124.9 120.7 124.5 124.2 120.6 122.5 121.9 122.9 124.2 127.9 127.7 128.4 129.9 130.9 134.9 134.5 139 142.8 146.2 147.9 148.5 148.8 148.3 146.8 142.8 142.3 143.1 143.2 145 145.2 147.3 148
82 115.6 155.9 160.3 154.6 150.4 150.3 152.4 150.9 159.4 160.3 159.7 156.9 153.4 147.2 143 140 143.6 142.7 143.8 142.8 141.7 141.4 139.3 137.1 140.3 136.8 136.8 141.9 139.1 140.1 140 136.6 138.9 141.1 143 138.4 133.7 130.3 135.1 135.1 125.2 123.3 122.8 128.8 120.5 118.5 116.7 116 120 119.9 114.4 117.2 120.5 114.4 114.7 122 123.6 122.9 122.7 121.2 123.4 124.8 128.1 131.9 135.7 137.4 143.2 145.6 146.9 148.4 148 147.8 145.7 142.8 142.1 142.7 143.1 143.3 144.8 146.3 147.5
86.4 135.5 153.8 154.1 152.9 151 150.3 150.9 151.1 154.5 159.4 159 157.2 150.8 147.8 147.9 143 142.8 141.3 142.8 141.9 142.5 136.1 141.6 137.5 135.1 135.8 146.4 138.9 138.7 137.4 136.6 137.6 142.3 138.6 139.2 136.7 130.8 132 128.8 125.1 122.8 124.3 121.9 122.3 117.4 115.2 114.4 114.4 114.4 114.4 114.4 116.4 114.4 114.4 118.8 117.2 117.1 118.5 117.4 118.2 120.5 122.1 124.4 126 131.2 135.9 141.7 144.5 145.3 145.6 147.2 146.3 143.9 143 142.7 141.8 141.9 141.2 142.7 143.5 145.3
108.2 150.9 153.5 154.6 154 151.5 150.3 152.9 152.4 158.4 161.1 159.6 156.4 151.7 149.7 146.5 146.6 146.5 145.4 141.5 144.6 138.4 136.9 140.8 138.9 135.8 140.1 142.1 139 136.6 136.6 140.8 137.2 138.1 138.1 133.9 129.3 125.5 125.5 126 128.5 122.1 121.4 124.9 118.8 116.8 115.7 114.7 114.4 114.4 114.4 114.4 114.4 114.4 114 114.4 115 114.1 116 112.7 115.1 118.2 119 120 121.3 125.1 132.7 140.5 143 143.6 143.5 144.8 145.2 143 142.2 141.9 141.6 140.3 139.6 139.4 141.3 143.4
151.1 155.9 156.2 156 157.6 155.8 151.5 156.3 157.2 159.5 160.4 161.3 156.5 154.9 153.6 152.1 154.4 154.7 148.4 143.2 144.5 145 147.2 148.1 143.5 135.8 138.1 136.6 136.6 136.9 136.6 134 132.5 132.5 132.5 130.4 125.5 126.5 130.2 132.1 130.4 122.5 122.9 123.4 122.5 118.8 115.1 114.9 114.4 114.4 114.4 114.4 114.4 115.1 114.4 114.9 115 113.6 110.2 109.3 109.3 113.2 115.1 119.2 119.3 124.7 126.9 133.2 138.3 140.8 141.5 142.6 141.7 140.3 139 139.2 138.5 138.7 138.1 138.1 138.9 141.9
161.8 158.2 156.3 156.1 157.2 155 152.8 154.9 159 160.7 163.2 157.6 156.9 158.6 157.6 157.8 160.5 159 151.2 150.9 149 151.1 151.1 144.5 141.2 136.5 136.6 137.5 136.5 137.1 132.5 132.5 133.2 139.1 135.5 131.6 125.7 131.9 131.5 136.6 128.5 128 125.5 125.2 124.4 122.2 116 117.5 117.7 114.4 114.4 114.4 114.4 115.7 114.6 114.4 112.3 110.2 109.7 109.3 109.3 109.3 111.3 114.7 117.8 122.4 125.2 126.6 129 133.9 137.9 138.8 137.5 136.9 137.5 137.9 137.1 136.8 136.7 137.4 138.1 139.9
161.8 158.1 156 154.5 153.2 153.9 152.9 156.5 160.1 161.4 159.6 157.6 160 159.1 159.1 160.4 160.5 158.4 155.2 154 151.1 152.5 152 145.8 140.3 135.3 136.3 136.4 134.6 133.3 132.5 133.6 132.5 138.2 138.5 129.1 137.8 137.6 138.1 133.1 133.5 140.5 131.4 128.9 125.1 125.5 120.3 120 118.9 122 116.9 117.4 121 120.5 115.8 117.8 111.7 111.4 111.3 112.5 109.3 109.3 109.3 109.3 112.2 113.6 119.3 121.9 124.9 127.5 131 132.6 132.8 133.5 135.1 135 135.9 136.2 136.7 137.3 137.7 138.6
161.8 157.8 154.3 153 154.2 155.9 152 160.2 156.7 156.2 158.4 159.7 164.4 160.9 159.7 158.8 158.6 158 155.2 152.7 147.8 147.4 149.9 144.2 138.9 139.8 137.9 134.7 132.7 133.4 134.7 137.5 138.7 146.6 138.9 132.5 140.5 142.2 139.4 135.2 138.9 144.8 144.2 135.1 131.7 127.1 128.3 125.7 125.7 122 119.6 122.2 125.6 121.8 120.3 119.7 111.9 111 110.4 109.3 109.5 109.3 109.3 109.3 109.3 109.3 109.3 115.5 121.5 125.7 127.7 127.6 128.5 129.9 132.7 132.9 133.4 133.9 135.5 135.7 137.4 136.9
162.7 157.3 154.1 153 154 154.6 151.6 153.1 153.9 156 158.9 158.5 160.4 161.3 160.8 158.2 157.6 155.3 151.5 146.1 146.1 146.1 147.3 143.7 138.9 139.4 138.4 135.8 135.6 137.1 137.9 142.2 145.7 141.9 141.2 138.4 144.1 144.7 142.4 139 142.8 145.9 145.7 136.8 137.7 131.4 130.2 127.5 130.7 129.5 126.8 125.9 126.9 124.5 119.4 118.6 111.8 112.1 108.4 111.2 109.4 109.3 109.3 109.3 109.3 109.3 109.3 111.8 113.3 119.8 122.4 124 123 124.6 126.9 129.4 130.9 131.6 133.3 132.9 133.7 133.8
162.6 159.3 158.1 156.8 155.2 153.1 151.6 151.6 151.6 153.6 156 155.9 159 156.9 156.6 155.4 154.6 153.9 151 148.8 147.2 147.5 147.5 142.2 142.5 142.6 140.4 139.5 143.9 142.4 140 140.7 141.9 143.6 147.7 149.3 148.6 146.3 144.5 146.7 144.5 143.3 141.4 140.4 139.6 135.4 133.2 134.5 135.3 134.2 128.8 129.3 129.7 126.5 123.2 120.8 113.1 111.5 108.4 111.2 111.3 109.3 109.3 108.5 109.3 109.3 109.3 109.4 112.9 119.2 117.8 117.2 118.7 119.5 121.6 126.4 127.6 128.1 130.1 130 130 130.3
163.4 161.2 161.1 161.9 156.9 151.7 151.6 151.6 151.6 151.6 151.6 151.6 151.6 151.6 154.9 153.2 152.1 150.9 150.3 149 146.9 149 147.6 144.5 141.8 144.2 142.9 143 144.7 146.2 144.3 145.1 151.9 154.8 157.1 154.4 153.3 149.6 147.6 152 146.4 144 143.8 142.7 136.6 138.3 134.4 140.1 136.1 133.2 134.4 132.7 132.7 129.1 127 121.3 118.7 116.1 111.4 115.2 111.4 109.3 109.3 109.3 109.3 110.1 111.7 111.2 113 115.9 116.6 113 116.3 117.5 118.7 121.3 123.3 124.4 125.7 126.7 126.5 126.1
163.7 162.4 161 160.1 155.6 152.3 151.6 151.6 151.6 151.6 151.6 151.6 151.6 151.6 152 152.8 151.7 150.5 149.1 146 145.1 146.5 148.2 144.4 148.9 144.5 144.3 146.1 145 147.7 144.1 152.4 160.5 161.2 158.4 155.7 158 151.8 150.8 152.9 149.2 152.7 151.7 145.5 140 137.8 140 140.4 136.3 139.8 135.7 135.8 135.9 134.1 126.7 124.6 120.3 120.7 121.7 119.4 112.3 112.4 111.6 108.3 109.3 111.1 110.7 109.5 111.2 109.2 109.3 111.4 114 112.6 113.1 115.4 120.2 120.9 121.7 122.8 122.4 122.6
163.5 163.3 162 159.1 154.8 151.6 151.6 151.6 151.6 151.6 151.6 151.6 151.6 151.6 155.7 151.5 150.6 148.3 146.1 144.8 144.8 144.8 145.4 142.8 148.9 144.9 147.8 144.5 144.3 146 147.6 155.7 160.5 161.3 159.7 160.8 159.3 157.5 153.3 157.3 155.7 159.6 157.1 152 146.2 144.8 147.9 145.4 139 138.5 140.5 141.4 136 132.8 130.2 127.7 124.3 126.8 122.9 118.2 115.1 114.5 114 112 112.7 113.2 111.6 109.3 109.3 109.3 110.2 110.2 109.4 109.3 111.9 114 116.2 117.4 118.1 119.3 119.8 120.1
164.1 164.4 163.4 161.6 155.4 151.6 151.6 151.6 151.6 151.6 151.6 151.6 151.6 152.5 151.6 151.4 150.7 147.2 146.2 146.4 144.8 144.8 144.8 144.7 146.4 148.9 148.9 148.9 146.6 144.8 151.5 158 160.8 161.2 165.3 165.7 164.7 163.2 158.3 159.3 161.5 165.1 161.6 159.2 153.2 151.7 148.8 148.8 147.3 144 145.8 145.8 138.7 135.6 132.1 129.4 130.1 127 123.4 118.6 116.6 116.6 115.5 115 114.3 114.7 114.9 109.3 109.3 109.3 109.3 109.3 109.3 109.3 111.4 113.2 114.3 113.2 115.6 116.2 117.5 118.1
165.5 166 165.8 163.3 157.8 152.8 152.4 151.6 151.6 151.6 151.6 151.6 151.6 151.6 151.6 153.1 153.8 148.7 150.6 150.6 144.8 144.8 146.2 148.9 148.9 146.3 144.2 148.9 146.7 145.1 150.6 158.7 159.7 162.4 166.5 167.7 167.6 167.7 162.8 163.1 166.3 166.5 165.8 162.3 161.4 159.2 156.4 156 153.4 151.9 153 146.9 142.9 140.3 135 134 130.6 127.3 123.5 120.2 119.7 116.2 114.2 117.2 116.3 113.6 111.2 109.3 109.3 109.3 109.3 109.3 109.3 109.3 109.3 109.3 112.5 111.1 112.9 114.4 115.2 116.6
