app/static/ascii/HU39.asc
ncols 200
nrows 200
xllcorner 430000
yllcorner 1190000
cellsize 50
[rows 152 to 189 of 200, columns 0 to 83 of 200]
-0.9 -0.9 -0.9 -0.9 -0.9 -0.9 -0.9 -0.9 -0.9 -0.9 -0.9 -0.9 -0.9 -0.9 -0.9 -0.9 -0.9 -0.9 -0.9 -0.9 -0.9 -0.9 -0.9 -0.9 -0.9 -0.9 -0.9 -0.9 -0.9 -0.9 -0.9 -0.9 -0.9 -0.9 -0.9 -0.9 -0.9 -0.9 27.2 30.9 28.7 26.4 23.4 21.5 18.7 17.2 19 21.2 23.8 27 31.5 36.1 34.9 34.3 -0.9 -0.9 -0.9 -0.9 -0.9 -0.9 -0.9 -0.9 -0.9 -0.9 -0.9 -0.9 -0.9 -0.9 -0.9 -0.9 -0.9 -0.9 -0.9 -0.9 -0.9 -0.9 -0.9 -0.9 -0.9 -0.9 -0.9 -0.9 -0.9 -0.9
-0.9 -0.9 -0.9 -0.9 -0.9 -0.9 -0.9 -0.9 -0.9 -0.9 -0.9 -0.9 -0.9 -0.9 -0.9 -0.9 -0.9 -0.9 -0.9 -0.9 -0.9 -0.9 -0.9 -0.9 -0.9 -0.9 -0.9 -0.9 -0.9 -0.9 -0.9 -0.9 -0.9 -0.9 -0.9 23.6 -0.9 -0.1 8.7 31.4 29.5 27.3 24.2 21.9 20 18.4 20 22.9 27.9 33.6 41.1 44 46.7 45.5 42.3 -0.9 -0.9 -0.9 -0.9 -0.9 -0.9 -0.9 -0.9 -0.9 -0.9 -0.9 -0.9 -0.9 -0.9 -0.9 -0.9 -0.9 -0.9 -0.9 -0.9 -0.9 -0.9 -0.9 -0.9 -0.9 -0.9 -0.9 -0.9 -0.9
-0.9 -0.9 -0.9 -0.9 -0.9 -0.9 -0.9 -0.9 -0.9 -0.9 -0.9 -0.9 -0.9 -0.9 -0.9 -0.9 -0.9 -0.9 -0.9 -0.9 -0.9 -0.9 -0.9 -0.9 -0.9 -0.9 -0.9 -0.9 -0.9 -0.9 -0.9 -0.9 -0.9 -0.9 -0.9 -0.9 -0.9 29.8 32 30.8 29 27 24.1 22.2 20.7 20.7 23.2 26.5 33.4 40.7 47.8 53.3 54.1 54.5 34.8 -0.9 -0.9 -0.9 -0.9 -0.9 -0.9 -0.9 -0.9 -0.9 -0.9 -0.9 -0.9 -0.9 8.7 -0.9 -0.9 -0.9 -0.9 -0.9 -0.9 -0.9 -0.9 -0.9 -0.9 -0.9 -0.9 -0.9 -0.9 -0.9
-0.9 -0.9 -0.9 -0.9 -0.9 -0.9 -0.9 -0.9 -0.9 -0.9 -0.9 -0.9 -0.9 -0.9 -0.9 -0.9 -0.9 -0.9 -0.9 -0.9 -0.9 -0.9 -0.9 -0.9 -0.9 -0.9 -0.9 -0.9 -0.9 -0.9 -0.9 -0.9 -0.9 -0.9 -0.9 -0.9 -0.9 -0.9 31.1 29.6 28.1 26.3 24 22.9 23.1 24.8 27.5 33.2 38.5 46.1 54.1 59.9 61.6 59.6 -0.9 -0.9 -0.9 -0.9 -0.9 -0.9 0.9 -0.9 -0.9 -0.9 -0.9 -0.9 -0.9 -0.9 37.1 -0.9 -0.9 -0.9 -0.9 -0.9 -0.9 -0.9 -0.9 -0.9 -0.9 -0.9 -0.9 -0.9 -0.9 -0.9
-0.9 -0.9 -0.9 -0.9 -0.9 -0.9 -0.9 -0.9 -0.9 -0.9 -0.9 -0.9 -0.9 -0.9 -0.9 -0.9 -0.9 -0.9 -0.9 -0.9 -0.9 -0.9 -0.9 -0.9 -0.9 -0.9 -0.9 -0.9 -0.9 -0.9 -0.9 -0.9 -0.9 -0.9 -0.9 0.9 -0.9 -0.9 14.2 27.8 27.4 25.8 24.8 25.4 26.9 29.1 33.4 37.9 43.6 52.8 59.6 64.8 65.7 62.6 41.3 -0.9 -0.9 -0.9 -0.9 -0.9 20.7 -0.9 -0.9 -0.9 -0.9 22.1 26.8 47.5 51.9 -0.9 -0.9 -0.9 -0.9 -0.9 -0.9 -0.9 -0.9 -0.9 -0.9 -0.9 -0.9 -0.9 -0.9 -0.9
-0.9 -0.9 -0.9 -0.9 -0.9 -0.9 -0.9 -0.9 -0.9 -0.9 -0.9 -0.9 -0.9 -0.9 -0.9 -0.9 -0.9 -0.9 -0.9 -0.9 -0.9 -0.9 -0.9 -0.9 -0.9 -0.9 -0.9 -0.9 -0.9 -0.9 -0.9 -0.9 -0.9 -0.9 -0.9 -0.9 -0.9 -0.9 25.5 25.7 25.6 25.7 26.7 28 30.5 33.2 37.8 42.6 50.1 58 63.7 66.7 66.9 63.8 39.7 -0.9 -0.9 -0.9 -0.9 33.4 29.3 -0.9 -0.9 -0.9 30.4 41 44.6 58.2 59 53.8 -0.9 -0.9 -0.9 -0.9 -0.9 -0.9 -0.9 -0.9 -0.9 -0.9 -0.9 -0.9 -0.9 -0.9
-0.9 -0.9 -0.9 -0.9 -0.9 -0.9 -0.9 -0.9 -0.9 -0.9 -0.9 -0.9 -0.9 -0.9 -0.9 -0.9 -0.9 -0.9 -0.9 -0.9 -0.9 -0.9 -0.9 -0.9 -0.9 -0.9 -0.9 -0.9 -0.9 -0.9 -0.9 -0.9 -0.9 -0.9 -0.9 10.5 25.1 25.3 25.3 24 23.6 24.5 26.6 29.8 33.8 37.4 41.3 45.5 50.7 57.7 63 65.5 64.9 62.1 58.4 53.6 50.6 46.1 41.4 36.5 33.9 -0.9 35.3 39.3 48.7 51.2 59.1 69.8 67 59 -0.9 -0.9 -0.9 -0.9 -0.9 -0.9 -0.9 -0.9 -0.9 -0.9 -0.9 -0.9 -0.9 -0.9
-0.9 -0.9 -0.9 -0.9 -0.9 -0.9 -0.9 -0.9 -0.9 -0.9 -0.9 -0.9 -0.9 -0.9 -0.9 -0.9 -0.9 -0.9 -0.9 -0.9 -0.9 -0.9 -0.9 -0.9 -0.9 -0.9 -0.9 -0.9 -0.9 -0.9 -0.9 -0.9 -0.9 -0.9 -0.9 22 21.5 23.2 22.8 23 23.4 24.3 26 28.7 33.7 37.4 41.9 47.2 51.7 56.7 60 61.6 60.9 58.2 54.2 50.6 48.9 45.7 43.2 40.6 36.6 41.9 50.7 57.1 60.5 64.2 71.2 76.2 71.6 63.4 56.7 47.6 -0.9 -0.9 -0.9 -0.9 -0.9 -0.9 -0.9 -0.9 -0.9 -0.9 -0.9 -0.9
-0.9 -0.9 -0.9 -0.9 -0.9 -0.9 -0.9 -0.9 -0.9 -0.9 -0.9 -0.9 -0.9 -0.9 -0.9 -0.9 -0.9 -0.9 -0.9 -0.9 -0.9 -0.9 -0.9 -0.9 -0.9 -0.9 -0.9 -0.9 -0.9 -0.9 -0.9 -0.9 -0.9 -0.9 -0.9 22 20 21.6 22.6 23.1 24.3 25.3 26.4 27.9 31 35.4 40.4 45.1 49.3 53.6 56.2 57 55.7 51.8 48.6 46.3 45.9 42.9 44.7 47.5 51.9 55.9 63.3 68.3 71.1 76.5 80.8 79.7 73.5 66.2 58.2 49.9 -0.9 -0.9 -0.9 -0.9 -0.9 -0.9 -0.9 -0.9 -0.9 -0.9 -0.9 -0.9
-0.9 -0.9 -0.9 -0.9 -0.9 -0.9 -0.9 -0.9 -0.9 -0.9 -0.9 -0.9 -0.9 -0.9 -0.9 -0.9 -0.9 -0.9 -0.9 -0.9 -0.9 -0.9 -0.9 -0.9 -0.9 -0.9 -0.9 -0.9 -0.9 -0.9 -0.9 -0.9 -0.9 5.4 17.2 17.9 19.9 21.7 22.9 24.1 25.1 26.3 27.6 29.6 31.9 35.4 40.2 44.3 47.6 49.8 51.3 51.7 50 47 43 41.8 41.1 42.9 48 53.8 60.9 67.2 75.2 79.2 82.4 85.2 84 81.7 75.3 67 58.8 51.6 43.6 33.5 -0.9 -0.9 -0.9 -0.9 -0.9 -0.9 -0.9 -0.9 -0.9 -0.9
-0.9 -0.9 -0.9 -0.9 -0.9 -0.9 -0.9 -0.9 -0.9 -0.9 -0.9 -0.9 -0.9 -0.9 -0.9 -0.9 -0.9 -0.9 -0.9 -0.9 -0.9 -0.9 -0.9 -0.9 -0.9 -0.9 -0.9 -0.9 -0.9 -0.9 -0.9 -0.9 -0.9 6 18.1 15.1 19.2 20.7 24 27.3 28.4 29.9 30.6 31.6 33.4 35.7 39.1 41.4 42.3 43.8 45.4 44.9 43.3 40.9 37.4 37.2 39.3 43 49.8 58.1 67.5 79.3 89.7 97.7 93.5 87.3 86 83.1 76.2 68.9 62.2 55.6 48.3 38.8 28.7 -0.9 -0.9 -0.9 -0.9 23.2 27.2 -0.9 -0.9 -0.9
-0.9 -0.9 -0.9 -0.9 -0.9 -0.9 -0.9 -0.9 -0.9 -0.9 -0.9 -0.9 -0.9 -0.9 -0.9 -0.9 -0.9 -0.9 -0.9 -0.9 -0.9 -0.9 -0.9 -0.9 -0.9 -0.9 -0.9 -0.9 -0.9 -0.9 -0.9 -0.9 -0.9 22.4 21.7 18.9 18.9 20 22.2 25.1 28 30.6 32.2 33.4 35 36.2 37.9 37.3 38.1 39.1 39.5 38.5 37.1 35.4 34.6 34.7 37.2 43.6 51.4 62.1 76 91.7 102.2 106.6 96.8 88.6 87.7 84.8 77.7 70.6 64.8 60.2 54.4 45 35.6 -0.9 -0.9 -0.9 26.7 35.4 43.4 48.6 -0.9 -0.9
-0.9 -0.9 -0.9 -0.9 -0.9 -0.9 -0.9 -0.9 -0.9 -0.9 -0.9 -0.9 -0.9 -0.9 -0.9 -0.9 -0.9 -0.9 -0.9 -0.9 -0.9 -0.9 -0.9 -0.9 -0.9 -0.9 -0.9 -0.9 -0.9 -0.9 -0.9 -0.9 20.6 22.2 20.9 19.2 19.9 20.3 22.3 24.4 26.9 28.8 31.7 34.4 35 35 34.5 33.9 34.4 35.1 33.6 33.1 33 32.9 33.3 34.1 37.1 44.1 54.2 68 84.7 98.6 107.2 103.8 93.7 90.2 88.6 86.6 81.1 73.9 68.7 64.5 60.1 50.8 42 -0.9 -0.9 29.4 40.6 47.9 56.6 57.8 53.2 50.1
-0.9 -0.9 -0.9 -0.9 -0.9 -0.9 -0.9 -0.9 -0.9 -0.9 -0.9 -0.9 -0.9 -0.9 -0.9 -0.9 -0.9 -0.9 -0.9 -0.9 -0.9 -0.9 -0.9 -0.9 -0.9 -0.9 -0.9 -0.9 -0.9 -0.9 -0.9 11.4 20.1 20.6 18.3 18.1 18.3 20.4 22.7 24.2 25.9 28 29.4 29.5 29.1 28.8 29.4 29.5 29.6 30.1 30.5 29.7 30.9 32.1 33 34.3 37.9 46.4 57.1 76.8 92.2 102.3 103.5 98.5 93.6 92.4 91.8 90.3 85.2 78 73.3 68.6 64.1 55.5 48.4 -0.9 -0.9 40.1 51.5 58.6 68.6 69.7 62.7 56.5
-0.9 -0.9 -0.9 -0.9 -0.9 -0.9 -0.9 -0.9 -0.9 -0.9 -0.9 -0.9 -0.9 -0.9 -0.9 -0.9 -0.9 -0.9 -0.9 -0.9 -0.9 -0.9 -0.9 -0.9 -0.9 -0.9 -0.9 -0.9 7.8 6.1 -0.9 12.7 17.6 16.7 15.1 15.5 16.5 18.9 20.3 22.2 24.5 25.8 25.6 25.8 26.4 26.3 26.8 27.1 27.8 28 27.2 29 30.6 31.6 32.5 34.3 41.2 51.5 68.5 84.5 96.4 101.8 100.7 98.5 96.1 94.8 95.8 96.3 90.9 82.2 77.1 72.6 68.8 61.3 56 44.6 42.5 46.2 56 63.1 70.5 70.7 66.3 59.2
-0.9 -0.9 -0.9 -0.9 -0.9 -0.9 -0.9 -0.9 -0.9 -0.9 -0.9 -0.9 -0.9 -0.9 -0.9 -0.9 -0.9 -0.9 -0.9 -0.9 -0.9 -0.9 -0.9 -0.9 -0.9 -0.9 -0.9 -0.9 11.8 14.3 -0.9 14.3 17.1 12.6 13.8 15.3 16.7 18.4 21.2 21.9 23.8 24 24.1 24.7 24.6 25.2 25.7 24.8 24.9 27.6 28.3 30.1 31.9 32.4 33.1 36 45.4 58.1 75.1 90.3 100.7 102.6 101.3 100.8 98.6 97.2 101.8 103.7 95.8 85.8 81 76 73.4 66.9 61.4 50.6 47.9 48.6 56.3 63.9 64.5 63.2 61.2 55.9
-0.9 -0.9 -0.9 -0.9 -0.9 -0.9 -0.9 -0.9 -0.9 -0.9 -0.9 -0.9 -0.9 -0.9 -0.9 -0.9 -0.9 -0.9 -0.9 -0.9 -0.9 -0.9 -0.9 -0.9 -0.9 -0.9 -0.9 -0.9 15.5 16 14.9 9.7 13.5 13.5 15.4 16 16.8 18.3 20.3 22.2 23.2 23.8 23.2 23.1 23.2 23.6 23 23.1 25.9 28.1 30.3 31.9 33.6 34.3 35.3 43 50.7 64.9 81 93.6 102.9 104.2 102.4 101 100.6 99.8 104.4 105.9 98 89.4 85 81.1 76.2 72.5 64.8 56.8 51.4 54.4 58.6 61.1 60.3 59.7 58.7 58.2
-0.9 -0.9 -0.9 -0.9 -0.9 -0.9 -0.9 -0.9 -0.9 -0.9 -0.9 -0.9 -0.9 -0.9 -0.9 -0.9 -0.9 -0.9 -0.9 -0.9 -0.9 -0.9 -0.9 -0.9 -0.9 10.9 16.8 19.9 19.4 19.7 20.2 19.9 18.7 19.4 18.8 18.8 19.3 19.2 20.3 22.1 22.5 23.1 22.3 22.5 22.6 22.2 21 22.4 25.3 29.1 32.3 33.8 35.6 37 38.6 48 56.7 71.8 87.2 100.1 103.5 101.5 101.1 100.7 100.7 101.8 104.3 104.2 98.1 92.8 88.1 83.7 83.4 76.7 66.7 60.3 57 61.6 61.9 61.4 61 60.5 63.3 66
-0.9 -0.9 -0.9 -0.9 -0.9 -0.9 -0.9 -0.9 -0.9 -0.9 -0.9 -0.9 -0.9 -0.9 -0.9 -0.9 -0.9 -0.9 -0.9 -0.9 -0.9 -0.9 -0.9 -0.9 -0.9 13 20.2 22.3 23.1 23.8 24.9 25.4 25.4 25.6 24.3 22 21.7 21.2 20.9 21.5 21.6 21.2 22 22.3 21.9 20.3 20.7 21.7 23.5 30 35.2 38.7 40.4 41.4 42.3 51.8 63.4 77.9 91.1 101.9 103.4 103.9 103 103 103.8 105.7 106.1 105.6 102.5 96.7 90.9 87.6 86.6 78.4 69.7 63.1 62.9 63.8 63 62.5 63.5 69.7 74.3 71.9
-0.9 -0.9 -0.9 -0.9 -0.9 -0.9 -0.9 -0.9 -0.9 -0.9 -0.9 -0.9 -0.9 -0.9 -0.9 -0.9 -0.9 -0.9 -0.9 -0.9 -0.9 -0.9 -0.9 -0.9 12.1 18.6 22.3 24.3 26.1 27.7 28.1 29.1 30.1 30 28.8 26.1 24.7 22.1 21.2 20.9 20.6 19.7 20.6 19.2 19.2 19 18.6 21.2 24.8 30.3 37.5 43 48.3 50.5 45.4 54.8 67.8 82.6 100.2 104.1 102.2 104.5 107 106.6 108.4 109.2 110.1 107.9 104.9 98.4 95.9 91.9 86.6 78.9 73.4 67 65.8 65.9 65.9 65.4 69.1 77.7 83.4 75
-0.9 -0.9 -0.9 -0.9 -0.9 -0.9 -0.9 -0.9 -0.9 -0.9 -0.9 -0.9 -0.9 -0.9 -0.9 -0.9 -0.9 -0.9 -0.9 -0.9 -0.9 -0.9 -0.9 -0.9 11.2 17.8 21 23.8 26.7 28.8 30 31.1 31.7 31.8 30.9 28 26.3 23.9 22.2 19.5 15.3 16.7 16.8 17 17.7 18.8 18.3 22 26.6 31.9 38.6 47.6 56.6 60.2 49.7 57.8 69.2 87.1 101.7 102 100.7 103.2 107.5 110.2 111.9 112.4 113.2 108.8 105 103.4 101.1 97.3 88.8 80.9 76.2 69.8 69.4 70.5 68.9 70.5 74.8 81.9 85 76.5
-0.9 -0.9 -0.9 -0.9 -0.9 -0.9 -0.9 -0.9 -0.9 -0.9 -0.9 -0.9 -0.9 -0.9 -0.9 -0.9 -0.9 -0.9 -0.9 -0.9 -0.9 -0.9 9.5 4.2 13.7 16.8 19.3 22.4 25.1 27 28.3 29.6 30.5 29.5 28.9 27.1 25.1 23.3 18.5 14.7 16.6 13.5 14.9 14.9 16.8 18.4 20.4 23.4 28.9 36.3 43.3 52.2 60.5 63.7 54.3 64.2 72.2 86.4 93.7 96.2 99.3 103.3 107.3 111.5 113.9 112.9 112.3 109.3 107.4 107.6 105.6 101.8 92.8 83.9 79.1 76.2 75.5 74.3 72.9 74.1 79.9 83.7 83 75.8
-0.9 -0.9 -0.9 -0.9 -0.9 -0.9 -0.9 -0.9 -0.9 -0.9 -0.9 -0.9 -0.9 -0.9 -0.9 -0.9 -0.9 -0.9 -0.9 -0.9 -0.9 -0.9 11.4 13 15.1 16.4 17.4 19.2 21.5 24.3 25.4 26.4 27.6 26.8 -0.9 -0.9 -0.9 -0.9 -0.9 21 20.4 18.6 18.3 18.4 19.1 20.6 23.6 27.6 32.7 41.3 49.4 57.7 65.1 69.1 62.8 66.4 77.9 89 99.9 98.4 101 105.3 108.1 109.6 111.9 114.3 114 112.7 111 109.7 107.8 103.6 95.2 88.6 84.5 82.7 82.7 78.9 77.1 77.8 83.6 86.1 82.1 76.4
-0.9 -0.9 -0.9 -0.9 -0.9 -0.9 -0.9 -0.9 -0.9 -0.9 -0.9 -0.9 -0.9 -0.9 -0.9 -0.9 -0.9 -0.9 -0.9 -0.9 -0.9 -0.9 -0.9 -0.9 8.3 16 15.7 -0.9 16.4 17.6 18.3 -0.9 -0.9 -0.9 -0.9 -0.9 -0.9 -0.9 -0.9 19.6 21.6 21.4 21.8 22.5 23.7 26.5 28.7 32 40 48.4 56.9 64.5 72.5 72.7 65 71.3 83.4 92.8 103 101 103 105 106.9 110.1 113.5 116.1 116.5 115.5 114.7 112.7 109.8 104.9 97.9 91.6 88.1 89.6 86.5 80.9 80.3 80.6 84.1 84.4 80.3 76
-0.9 -0.9 -0.9 -0.9 -0.9 -0.9 -0.9 -0.9 -0.9 -0.9 -0.9 -0.9 -0.9 -0.9 -0.9 -0.9 -0.9 -0.9 -0.9 -0.9 -0.9 -0.9 -0.9 -0.9 -0.9 -0.9 0.9 -0.9 0.9 14 7.2 -0.9 -0.9 -0.9 -0.9 -0.9 -0.9 -0.9 -0.9 9 18.9 23.6 25.7 26.6 29.7 32.2 34.4 39.3 47.9 56.5 64 73.1 77.3 78.3 73.8 73.7 87.4 96.6 102.9 100.8 102.6 105.1 108.4 114.5 117.8 119 118.1 117.3 116.6 115.7 111.8 107.2 100.8 96.3 92.7 92 87 85.3 83.9 83.2 83.5 82.5 79.2 75.4
-0.9 -0.9 -0.9 -0.9 -0.9 -0.9 -0.9 -0.9 -0.9 -0.9 -0.9 -0.9 -0.9 -0.9 -0.9 -0.9 -0.9 -0.9 -0.9 -0.9 -0.9 -0.9 -0.9 -0.9 0.9 -0.9 -0.9 0.9 3.3 -0.9 -0.9 -0.9 -0.9 -0.9 -0.9 -0.9 -0.9 -0.9 -0.9 16.1 18.3 25.6 28.8 32.2 35.2 40.1 43.1 48.1 56.5 63.7 71.3 79.3 83.7 85.2 81.5 75.5 83.7 94 99.2 99.9 101.4 107.6 114.3 119 122.3 122.1 120.1 118.6 118.2 117.3 114.5 110.1 105.3 102.4 97.9 92 88.2 88.7 88.6 87 84 81.6 77.7 73.8
-0.9 -0.9 -0.9 -0.9 -0.9 -0.9 -0.9 -0.9 -0.9 -0.9 -0.9 -0.9 -0.9 -0.9 -0.9 -0.9 -0.9 -0.9 -0.9 -0.9 -0.9 -0.9 -0.9 -0.9 -0.9 -0.9 -0.9 -0.9 -0.9 -0.9 -0.9 -0.9 -0.9 -0.9 -0.9 -0.9 -0.9 -0.9 14.7 20.6 22.9 22.3 32.1 36.9 41.1 45.6 52.3 58.2 67 70.1 77.5 83.8 88.4 90.8 87.7 86.1 82.6 92.9 96.8 98.6 102.1 109.1 116.7 121.5 124.2 124.3 122.6 121.6 120.3 118.2 115.4 112.3 110 107.8 103.5 97.6 96.8 96.6 94.9 90.8 86.8 81.7 77.4 73.1
-0.9 -0.9 -0.9 -0.9 -0.9 -0.9 -0.9 -0.9 -0.9 -0.9 -0.9 -0.9 -0.9 -0.9 -0.9 -0.9 -0.9 -0.9 -0.9 -0.9 -0.9 -0.9 -0.9 -0.9 -0.9 -0.9 -0.9 -0.9 -0.9 -0.9 -0.9 -0.9 -0.9 -0.9 -0.9 -0.9 -0.9 -0.9 25.8 27.3 27.6 28.1 30.7 38.9 44.8 51 57.9 66.5 72.8 76.2 81.9 87 92.6 92.5 90.2 89 87.4 91.1 99.3 99.6 102 107.7 115.2 121.6 125.1 127.1 125.1 124.1 123.6 119.4 116.7 114.4 113.2 110.5 107.9 103.7 103.7 105.1 101.5 95.9 89.5 83.6 78.1 72.6
-0.9 -0.9 -0.9 -0.9 -0.9 -0.9 -0.9 -0.9 -0.9 -0.9 -0.9 -0.9 -0.9 -0.9 -0.9 -0.9 -0.9 -0.9 -0.9 -0.9 -0.9 -0.9 -0.9 -0.9 -0.9 -0.9 -0.9 -0.9 -0.9 -0.9 -0.9 -0.9 -0.9 -0.9 -0.9 -0.9 22.1 27.8 30.2 32.2 34.5 38.4 35.6 38.2 45.9 53.3 63.3 72.7 78.8 80.2 84.9 88.6 92.3 92.1 92.7 93.4 92.8 94.8 95.1 99.2 102.5 107.1 112 118.1 124.3 126.4 126.8 125.5 124.4 121.7 118.8 117.3 116.5 114.8 112.3 108.8 109.5 111.1 107.9 101.5 93.3 86 80.3 73.6
-0.9 -0.9 -0.9 -0.9 -0.9 -0.9 -0.9 -0.9 -0.9 -0.9 -0.9 -0.9 -0.9 -0.9 -0.9 -0.9 -0.9 -0.9 -0.9 -0.9 -0.9 -0.9 -0.9 -0.9 -0.9 -0.9 -0.9 -0.9 -0.9 -0.9 -0.9 -0.9 -0.9 -0.9 -0.9 19.5 26 31.2 35.3 40.1 42.7 44.1 42.7 41.1 46.5 55.4 66 74.7 79.2 82.4 84.9 88.7 91.7 93.4 95.4 97.7 98 98.4 99.4 100.4 103.7 107 110.8 116 122.5 125.5 126.8 126.8 124.8 121.9 118.9 117.8 117.3 117.3 114.9 113.3 114.2 115.4 112.7 104.8 95.9 88.2 80.6 70.5
-0.9 -0.9 -0.9 -0.9 -0.9 -0.9 -0.9 -0.9 -0.9 -0.9 -0.9 -0.9 -0.9 -0.9 -0.9 -0.9 -0.9 -0.9 -0.9 -0.9 -0.9 -0.9 -0.9 -0.9 -0.9 -0.9 -0.9 -0.9 -0.9 -0.9 -0.9 -0.9 -0.9 18.1 22.5 26.1 31.6 40.8 47 52.4 50.1 50.8 49.6 46.9 48 58.5 66.4 73.9 79.7 83.6 86.6 88 90.5 93.8 97.1 101.9 103.6 103.6 102.7 103.5 105.1 109 112.9 118.1 123.1 125 125.8 125.4 124 120.9 119.2 119.2 119.4 119.2 118.9 117 116.7 117.2 113.9 105.6 98.1 90.1 79.8 69.9
-0.9 -0.9 -0.9 -0.9 -0.9 -0.9 -0.9 -0.9 -0.9 -0.9 -0.9 -0.9 -0.9 -0.9 -0.9 -0.9 -0.9 -0.9 -0.9 -0.9 -0.9 -0.9 -0.9 -0.9 -0.9 -0.9 -0.9 -0.9 -0.9 -0.9 -0.9 -0.9 19.2 25.8 30 36.8 45.5 51.9 60.6 59.9 56.2 57.6 57 56.6 52.9 55.7 64.7 71.7 79.3 84.4 88.4 90.4 91.5 94.3 99.7 105.3 110.9 113.9 110.1 108.3 108.7 110.3 115.5 120.8 123.4 124.5 124.3 123.6 121.1 119 118.7 119.1 120.4 120.9 121.4 120.3 119.4 119.5 113.5 105.2 98 90.3 78.8 68.5
-0.9 -0.9 -0.9 -0.9 -0.9 -0.9 -0.9 -0.9 -0.9 -0.9 -0.9 -0.9 -0.9 -0.9 -0.9 -0.9 -0.9 -0.9 -0.9 -0.9 -0.9 -0.9 -0.9 -0.9 -0.9 -0.9 -0.9 -0.9 -0.9 -0.9 15.5 24.2 28.1 32.8 42.5 53.6 61.7 66.9 69.8 65 62.5 62.5 64.5 65.5 65.4 63.1 67.3 69.9 77.6 82.5 86 89.9 91.7 96.2 103.7 109.1 115.5 121.6 117.7 115.4 115.2 114.9 113.7 118.7 120.7 121.7 121.7 119.5 118.2 118.5 118.4 118.7 120.1 122 123.4 122.9 121.5 118.6 112.6 105.2 99 88.5 77.6 70.2
-0.9 -0.9 -0.9 -0.9 -0.9 -0.9 -0.9 -0.9 -0.9 -0.9 -0.9 -0.9 -0.9 -0.9 -0.9 -0.9 -0.9 -0.9 -0.9 -0.9 -0.9 -0.9 -0.9 -0.9 -0.9 -0.9 -0.9 -0.9 -0.9 36.3 33.7 35.6 40.4 48.1 60.5 69.4 75.3 78.2 77.6 70.5 68.6 70.6 72.7 73.9 75.5 70 69.6 75.3 77.9 80.6 84.8 88.1 91.4 97.9 103.7 109.5 115.1 120.8 121.5 120.8 119.9 116.9 114.1 113.2 113.2 113.2 113.2 113.2 114.8 115.5 117.5 119.3 120.9 121.9 122.9 123.4 121.4 118.4 112 104.3 98.1 87.7 75.3 77.3
-0.9 -0.9 -0.9 -0.9 -0.9 -0.9 -0.9 -0.9 -0.9 -0.9 -0.9 -0.9 -0.9 -0.9 -0.9 -0.9 -0.9 -0.9 -0.9 -0.9 -0.9 -0.9 -0.9 -0.9 -0.9 -0.9 -0.9 -0.9 -0.9 46.8 47.3 49.6 58.5 69.2 78.8 84.5 86.1 88.3 83.9 76.8 76.4 77.8 79 79.4 81.9 76.1 73.1 77.4 80.8 80.8 82.3 85.7 90.3 95.2 102.2 107.6 114.6 119.5 121 121.3 121.7 120.3 115.7 113.2 113.2 113.2 113.2 113.2 115.1 116.4 117.7 119.3 121 122 122.1 121.6 120.6 116 109.8 102.9 96.3 86.4 79.8 85.9
-0.9 -0.9 -0.9 -0.9 -0.9 -0.9 -0.9 -0.9 -0.9 -0.9 -0.9 -0.9 -0.9 -0.9 -0.9 -0.9 -0.9 -0.9 -0.9 -0.9 -0.9 -0.9 -0.9 -0.9 -0.9 -0.9 -0.9 -0.9 51.5 53.6 59.2 69.1 78.6 87.3 92.8 93.7 95.3 95.8 88.9 84.9 84.3 85.3 83.3 82.9 81.7 77.4 79.2 79.5 85.3 86.4 83.5 86.2 90.6 97.2 101 105.7 111.4 115.5 117.6 118.4 120 121.1 119.4 113.2 113.2 113.2 113.2 116.9 119.3 120.1 119.2 119.8 120.8 121 121.3 120.7 118.7 113.9 108.6 102.2 94.8 85.1 88.4 91.7
-0.9 -0.9 -0.9 -0.9 -0.9 -0.9 -0.9 -0.9 -0.9 -0.9 -0.9 -0.9 -0.9 -0.9 -0.9 -0.9 -0.9 -0.9 -0.9 -0.9 -0.9 -0.9 -0.9 -0.9 -0.9 -0.9 -0.9 55.6 56.2 62.9 75.5 84.2 89.1 95.9 99.6 99.5 100.8 99.6 92.9 90.2 91.7 91.3 87 83.5 80.3 79.9 85.3 85.4 85.8 91.9 86.7 87.3 88.8 93.6 101.2 105.4 108.9 113 114.5 116.2 117.9 121.1 121.7 117.5 113.2 115.8 118.3 121.1 124.8 122 120.9 121.1 121.9 121.5 121.4 120.1 118.1 113.1 107.6 101.5 94.1 86.1 87.6 94.9
-0.9 -0.9 -0.9 -0.9 -0.9 -0.9 -0.9 -0.9 -0.9 -0.9 -0.9 -0.9 -0.9 -0.9 -0.9 -0.9 -0.9 -0.9 -0.9 -0.9 -0.9 -0.9 -0.9 -0.9 -0.9 49.3 57.2 59 62.5 74.5 88.2 95.6 99 102.3 104.4 103.3 105.4 102 100.5 99.1 98.2 95.7 90.2 90.8 88.5 85.5 89.6 88.4 88.7 90.8 90.7 92.5 94.7 97.3 94.6 102 106.9 111.4 114.4 117.7 118.3 120.3 122.1 120.8 118.5 119.7 122 124.3 126.4 123.6 123.2 123.4 123.8 123 121.2 119.1 116.7 111.7 105.5 99.4 93.3 85.7 88.7 97.1
