app/static/ascii/HU42.asc
ncols 200
nrows 200
xllcorner 440000
yllcorner 1120000
cellsize 50
[rows 38 to 75 of 200, columns 0 to 84 of 200]
203.5 199.4 189.9 181.6 190.9 195.1 195.5 196 195.6 196.8 199.6 202.4 206.7 207.5 208.2 208 208.7 205.2 200.6 197.9 193.5 187.7 183.4 179.2 175.9 172 167.6 166 162.9 158.1 151.2 144.8 139.2 144.1 148.4 153.6 161.7 167.9 176 181.3 186.5 184.7 185.4 175.5 137.1 104.1 80.8 65.5 49.9 37.2 32.7 27.4 21.4 19.1 16.5 9.2 6.1 3.8 4.7 8.1 8.6 8.9 9.1 7.6 5.3 3.8 3.6 6.9 6.5 5.8 8.6 11.4 10.1 7.9 4.7 6.3 7.5 7.9 7.9 -0.3 -0.3 -0.3 -0.3 -0.3 -0.3
197 192.4 184.2 179 185.2 187.7 188.4 187.4 188.1 189.1 191 196.5 200.1 203.2 207.2 211.4 211.4 209.5 207.6 206 202.8 198.5 193.5 189.4 182.8 175.8 171.6 169.2 164.7 160.6 155.4 148.5 146.1 151.1 155.3 164.5 169.8 181.9 190.8 196.9 197.6 196 198.9 192.5 150 109 88.7 70.1 46.6 39.9 36.4 30 23.3 22.8 18.5 9.7 4.9 3.2 5.1 7.8 7.7 8.8 8.4 8.2 6.2 4.3 3 6.4 5.6 5 7.4 11.3 10.3 7.1 4.4 5.9 7 3.3 -0.3 -0.3 -0.3 -0.3 -0.3 -0.3 -0.3
191.9 184.8 178 174.3 179.6 180.7 180.4 179.8 182.1 184.1 185.8 189.3 194 200.1 207.7 213.2 213.8 213.7 216.3 214.5 212.5 208.7 203.4 197.9 191.7 183 175.7 171.7 169.5 163.9 157.9 149.2 152.5 159.7 164.1 170.9 183.2 194.1 202 207.8 209.1 210.4 210.1 192.8 156.6 121 110.9 86.2 57.7 56 40 32 27.5 24.5 19.8 10.8 5.4 4.7 6.4 7.8 7.6 6.9 8 8 7.3 5.3 3.2 3.5 3.6 3.4 5.2 9.6 8.3 6.2 2.4 3.5 5.6 -0.3 -0.3 -0.3 -0.3 -0.3 -0.3 -0.3 -0.3
185 177.9 172.2 170.1 174.3 174.2 174.7 173.9 177.2 177.7 180.8 184.9 190.8 199 207.1 214.9 218.7 220.8 224.4 223.7 222.2 217.2 212.1 207.3 200.5 189.5 182.1 177 172 166.9 160.5 149.4 156.8 166.3 173.4 184.3 193.6 203.3 211.2 217 219.3 218.9 220 191.6 155.6 128.9 119.4 97.4 74.3 62.3 49.3 39.6 34.6 27.5 21.7 14.4 6.6 2.1 1.4 -0.3 -0.3 -0.3 -0.3 0.7 8.2 7 -0.3 -0.3 -0.3 -0.3 -0.3 7.2 6.1 3.1 -0.3 -0.3 -0.3 -0.3 -0.3 -0.3 -0.3 -0.3 -0.3 -0.3 -0.3
177 171.9 167.5 166.7 170.5 169.3 169.4 170.7 172.3 173.7 179.4 184.6 190.8 198 206.6 217 222.5 228.1 231.9 231.8 228.7 225.7 222.4 215.1 206.7 196.1 187.2 181.4 176.1 173.5 163.7 152.2 163.6 172.7 186 194.9 202.4 211.1 218.5 225.9 226.9 226.2 223.1 193.1 160.5 138 121.8 106.1 89.5 70.5 64.1 51 39.4 37.1 25.5 18.3 4.2 -0.3 -0.3 -0.3 -0.3 -0.3 -0.3 -0.3 -0.3 3 -0.3 -0.3 -0.3 -0.3 -0.3 5.6 5.4 -0.3 -0.3 -0.3 -0.3 -0.3 -0.3 -0.3 -0.3 -0.3 -0.3 -0.3 -0.3
170.4 166.4 164.1 165.2 167.1 165.7 166.8 167.8 168.4 173 177.3 183 191 197.8 206.8 218.3 227.7 234.5 236 238.4 237.8 234.7 231.5 224.5 214.6 205.3 197.4 193 187.1 179.6 166.8 157.9 173.8 184.5 196.1 203.1 209.5 216.3 225.3 230.8 234.3 233.5 223.8 192.3 164.3 147.4 128.9 113.1 101 81.2 66.8 57.7 50.8 42 27.9 18.5 0.7 -0.3 -0.3 -0.3 -0.3 -0.3 -0.3 -0.3 -0.3 -0.3 -0.3 -0.3 -0.3 -0.3 -0.3 -0.3 3.9 -0.3 -0.3 -0.3 -0.3 -0.3 -0.3 -0.3 -0.3 -0.3 -0.3 -0.3 -0.3
165.6 162.8 159.6 162.7 163.3 162.4 162.6 164.7 167.1 172 175.8 183.1 189.5 197.8 208.1 220.8 232.3 237.4 243.3 246.7 246.1 243.1 240.4 233.9 225.7 217.8 210.6 205 196.8 182.6 172.1 162.7 180.6 192.7 202.7 209.4 214.9 221.4 228.6 234 236.8 233.4 210.2 187.2 168.8 152.1 137.5 123.7 107.6 91.7 79 68.5 66.3 56 31.7 16.9 -0.3 -0.3 -0.3 -0.3 -0.3 -0.3 -0.3 -0.3 -0.3 -0.3 -0.3 -0.3 -0.3 -0.3 -0.3 -0.3 -0.3 -0.3 -0.3 -0.3 -0.3 -0.3 -0.3 -0.3 -0.3 -0.3 -0.3 -0.3 -0.3
163.7 161.1 156.2 159.1 158.6 159 160.7 162.2 165.6 169.6 174.2 182.9 189.3 199.9 209.9 224.7 235.1 242.5 250.2 255.1 256.2 255 249.8 243.4 234.1 225.9 216.3 209.5 202.3 188.3 176.6 169.5 187.1 198.1 208.2 213.9 218.8 225 231.2 237.7 239.9 226.8 199.9 184.2 170.3 158.1 147.5 135.7 117 99 84.3 78.2 76 53.8 34.7 17.3 -0.3 -0.3 -0.3 -0.3 -0.3 -0.3 -0.3 -0.3 -0.3 -0.3 -0.3 -0.3 -0.3 -0.3 -0.3 -0.3 -0.3 -0.3 -0.3 -0.3 -0.3 -0.3 -0.3 -0.3 -0.3 -0.3 -0.3 -0.3 -0.3
159.5 158 154.9 155.4 155.2 155.8 160.6 163.7 165.7 168.4 172.7 181.2 188.6 199.6 212.8 229.5 240.7 249.9 257.4 263.9 264.3 262.5 257.5 250.5 239.8 230.3 221.3 213.7 205.1 192.1 180.9 176.8 192.9 203.2 211.1 217.6 222.8 228.2 234.8 240.5 241.2 219.9 193 181.3 172.6 164 156.3 147 126.3 110 96.6 86.7 81.2 57.2 32.5 14.8 -0.3 -0.3 -0.3 -0.3 -0.3 -0.3 -0.3 -0.3 -0.3 -0.3 -0.3 -0.3 -0.3 -0.3 -0.3 -0.3 -0.3 -0.3 -0.3 -0.3 -0.3 -0.3 -0.3 -0.3 -0.3 -0.3 -0.3 -0.3 -0.3
154.6 155.3 152.9 152.3 152.7 156.3 159.1 161 163.3 166.6 172 179 187.4 199.7 214.9 232.4 246 254.3 264.3 271 271.4 267.9 263.2 255.2 244.3 234.9 224.7 216.5 205.3 194.6 183 184.9 199.5 208.2 215 221 226.5 233 239.9 243.8 240.9 213.2 193.8 182.4 175 169.4 164.1 146.7 129.3 118 105.4 100.3 81.8 61.8 31.9 11.7 -0.3 -0.3 -0.3 -0.3 -0.3 -0.3 -0.3 -0.3 -0.3 -0.3 -0.3 -0.3 -0.3 -0.3 -0.3 -0.3 -0.3 -0.3 -0.3 -0.3 -0.3 -0.3 -0.3 -0.3 -0.3 -0.3 -0.3 -0.3 -0.3
151.7 151.8 150.2 149.5 152.8 155.2 157.1 157.9 160.3 165.4 172.7 178.3 187 200.3 218.6 237.5 249.2 258.4 268.6 275.8 275.6 271.7 267 258.7 248.3 238.8 227.2 215.8 207 195.9 185.9 190.4 206.5 212.7 219.5 224.7 229.8 237.6 244.2 244.8 240.3 211.5 195.6 186.6 183.9 176.5 165.9 151.2 133.5 114.8 103.4 91.7 75.2 59.7 35.3 4.8 -0.3 -0.3 -0.3 -0.3 -0.3 -0.3 -0.3 -0.3 -0.3 -0.3 -0.3 -0.3 -0.3 -0.3 -0.3 -0.3 -0.3 -0.3 -0.3 -0.3 -0.3 -0.3 -0.3 -0.3 -0.3 -0.3 -0.3 -0.3 -0.3
151.3 147.6 147.4 147.9 149.9 153 153.7 155.9 159.8 165 170.2 178.6 185.1 201.7 222.5 239.6 253.7 263.6 273.8 276.7 277.1 274 268.1 260.7 251.9 240.2 226.6 216.9 207.2 193.4 193.8 201.3 210.5 215.2 221.3 226.5 233.2 239.2 242.8 241.3 231.2 210.6 198.2 192.3 193.4 188.7 170.6 147.1 128.3 109.3 96.1 81.5 67.8 51.4 24.6 12 -0.3 -0.3 -0.3 -0.3 -0.3 -0.3 -0.3 -0.3 -0.3 -0.3 -0.3 -0.3 -0.3 -0.3 -0.3 -0.3 -0.3 -0.3 -0.3 -0.3 -0.3 -0.3 -0.3 -0.3 -0.3 -0.3 -0.3 -0.3 -0.3
149.9 146.2 144.1 146 147.8 149.9 150.2 153.3 158.2 164 170.3 176.9 185.2 205.3 226 242.8 254.8 265.6 274.4 277.3 276.9 273.8 269.4 262.7 254.3 241.9 227.7 218 207.2 197 203.2 211.4 215.1 218.7 222.6 226.7 232.1 238.6 240 236.2 222.1 213.4 207.6 202.6 195.1 178.7 161.2 144.7 128.8 105.4 92.4 75.6 65.4 42.3 23.9 14.8 -0.3 -0.3 -0.3 -0.3 -0.3 -0.3 -0.3 -0.3 -0.3 -0.3 -0.3 -0.3 -0.3 -0.3 -0.3 -0.3 -0.3 -0.3 -0.3 -0.3 -0.3 -0.3 -0.3 -0.3 -0.3 -0.3 -0.3 -0.3 -0.3
147.7 145.7 142.1 143.3 145.9 146.1 147.8 150.9 157.7 162.6 168.9 174.2 186 206.8 225.6 244.2 257.3 266.7 273.4 276 275.8 273.6 269.4 264.1 255.4 244 230.7 220.6 210.2 203 213.2 218.1 219.2 220.6 222.9 225.9 232 236.9 237.4 233.3 224.1 213.8 210.1 197.6 181 162.1 148.8 138.1 118.7 96.8 80.8 66.6 47.8 37.9 23.4 10.9 -0.3 -0.3 -0.3 -0.3 -0.3 -0.3 -0.3 -0.3 -0.3 -0.3 -0.3 -0.3 -0.3 -0.3 -0.3 -0.3 -0.3 -0.3 -0.3 -0.3 -0.3 -0.3 -0.3 -0.3 -0.3 -0.3 -0.3 -0.3 -0.3
145.6 143.2 141 141.3 143.9 143.4 145.6 152.7 157.4 163.8 166.2 175.8 188.5 208.4 226.4 244.9 256.8 267 272.2 272.9 273.7 271.7 268.4 263.9 255.4 244.3 232.6 222.8 212.8 213 220.3 222.3 222.9 223.8 224.1 224.2 229.2 233.3 232.4 229.8 224.3 213.6 205.4 191.1 176.4 155.1 140.4 130.4 112.5 85.2 68.3 54.8 42.7 30.8 17.9 10.1 -0.3 -0.3 -0.3 -0.3 -0.3 -0.3 -0.3 -0.3 -0.3 -0.3 -0.3 -0.3 -0.3 -0.3 -0.3 -0.3 -0.3 -0.3 -0.3 -0.3 -0.3 -0.3 -0.3 -0.3 -0.3 -0.3 -0.3 -0.3 -0.3
141.9 140.7 140.4 136.8 141.4 143.3 146.7 150.2 153.3 161 167.6 177.6 189 208.5 230.1 246.5 256.1 264.8 271.3 273.2 271.7 269.3 265.8 261.8 253.7 244.5 235.7 227.3 219.1 220.3 225 225.8 225.3 225 223.7 222.8 225.5 227.7 226.1 224.3 219.2 209.7 200.9 187.7 180.3 151.9 132.2 118.5 93.3 80.8 62.3 50.9 42 29.9 22.6 13.8 -0.3 -0.3 -0.3 -0.3 -0.3 -0.3 -0.3 -0.3 -0.3 -0.3 -0.3 -0.3 -0.3 -0.3 -0.3 -0.3 -0.3 -0.3 -0.3 -0.3 -0.3 -0.3 -0.3 -0.3 -0.3 -0.3 -0.3 -0.3 -0.3
139.2 138.7 135.7 137.8 141.6 144.4 147.2 150 152 162.8 170.2 181.7 191.9 211.8 231.7 245.6 256.3 264.1 269.3 270.9 269.2 266.2 263.2 259.7 252 246.2 239.3 231.8 226 225.2 229.1 229.4 228 227 224 221 221.3 222.5 219.4 217.7 209.2 199.9 192.7 185.4 177.8 154 122.3 101.9 87.5 74 60.9 53 36.7 29 20.6 17.8 -0.3 -0.3 -0.3 -0.3 -0.3 -0.3 -0.3 -0.3 -0.3 -0.3 -0.3 -0.3 -0.3 -0.3 -0.3 -0.3 -0.3 -0.3 -0.3 -0.3 -0.3 -0.3 -0.3 -0.3 -0.3 -0.3 -0.3 -0.3 -0.3
136.9 131.5 138.3 139.5 142.3 147.5 151 150.5 155.4 161 174.4 184.9 194.1 216.8 233.4 243.2 256.4 263.5 267.3 267.3 266.7 263.6 260.9 257.1 251.2 247 241.7 235.5 231.8 232 234.4 233.2 231.2 229.9 224.6 219.8 217.4 214.8 214.5 211.8 200.7 182.2 179 176.2 172.2 146.4 116.8 93.6 83.4 82.7 63.9 45.8 35.7 29.1 21.7 -0.3 -0.3 -0.3 -0.3 -0.3 -0.3 -0.3 -0.3 -0.3 -0.3 -0.3 -0.3 -0.3 -0.3 -0.3 -0.3 -0.3 -0.3 -0.3 -0.3 -0.3 -0.3 -0.3 -0.3 -0.3 -0.3 -0.3 -0.3 -0.3 -0.3
133.8 135.3 137.9 139.3 142.5 147.7 149.7 153.3 159.4 166.1 179.5 188 199 220.6 231.9 244 255 261 264.3 265.2 264 261.3 258.7 254.8 249.8 245.8 242.6 239.6 234.6 237.3 237.6 236.9 236.3 233.4 227.1 219.2 214.8 210.9 210 201.6 180.9 168.7 160.3 153.7 146.5 131 110 92.7 85.9 76.2 60 49.1 37.6 29.8 23.4 -0.3 -0.3 -0.3 -0.3 -0.3 -0.3 -0.3 -0.3 -0.3 -0.3 -0.3 -0.3 -0.3 -0.3 -0.3 -0.3 -0.3 -0.3 -0.3 -0.3 -0.3 -0.3 -0.3 -0.3 -0.3 -0.3 -0.3 -0.3 -0.3 -0.3
129.9 133.8 136.6 139.4 140.9 144.1 146.4 154.9 160.6 169.8 182.8 192.5 206.1 219.5 229.7 242.8 252.4 258 258.8 261.4 260.3 257.5 254.4 251.1 247.4 245.2 242.7 238.6 239.3 241.5 240.3 240.5 240.4 237.5 231.8 223.2 215.4 208.7 202.7 187.2 166.2 151.3 141.5 136 127.9 121.7 106 95.6 79.7 69.7 61.9 47.1 35.8 28.9 21.6 15.4 15.6 -0.3 -0.3 -0.3 -0.3 -0.3 -0.3 -0.3 -0.3 -0.3 -0.3 -0.3 -0.3 -0.3 -0.3 -0.3 -0.3 -0.3 -0.3 -0.3 -0.3 -0.3 -0.3 -0.3 -0.3 -0.3 -0.3 -0.3 -0.3
128.9 133.7 136.6 137.8 138.7 141.4 144.2 156.8 160.9 174.5 184 195.4 209.3 220.8 230.3 243 250.9 253.7 255.5 259.7 257.4 254.5 251.7 249.2 245.5 243.7 242.2 242.4 243.5 245.8 244.4 243.8 242.7 240.2 235.9 226.4 221.2 215 207.8 189 161.1 148.2 137.3 129.9 123 111.8 101.6 89.7 72.2 63.7 57.3 45.4 41.2 32.1 25.5 20.2 18 -0.3 -0.3 -0.3 -0.3 -0.3 -0.3 -0.3 -0.3 -0.3 -0.3 -0.3 -0.3 -0.3 -0.3 -0.3 -0.3 -0.3 -0.3 -0.3 -0.3 -0.3 -0.3 -0.3 -0.3 -0.3 -0.3 -0.3 -0.3
126.8 132.9 135.4 135.6 137.8 139.3 142.9 153.2 164.1 174.9 186.1 197.4 211.2 220 229.8 242 248.3 250.5 254.9 256.5 254.9 250.6 247.1 245.6 243.2 242.8 244 245.9 247.3 247.3 247.5 245.5 244.9 241 237.8 230.7 222.8 220.7 217.6 206.3 169.7 154.1 140.6 128.7 121.2 111.8 99.7 85 77.6 72.6 63 49.1 43.2 33.8 28 22.7 16 -0.3 -0.3 -0.3 -0.3 -0.3 -0.3 -0.3 -0.3 -0.3 -0.3 -0.3 -0.3 -0.3 -0.3 -0.3 -0.3 -0.3 -0.3 -0.3 -0.3 -0.3 -0.3 -0.3 -0.3 -0.3 -0.3 -0.3 -0.3
124.3 131.3 131.1 131.5 135.9 139.6 143.5 153.5 164.3 173.4 187.6 200.5 210.1 217.6 229.2 239.5 244.5 246 249 251.1 248.8 245.1 242.6 241.7 240.2 238.9 244.3 247.8 249.9 248.8 249.3 247.6 247 242.4 239.6 233.9 226.6 226.1 222.5 214.5 183.4 163.3 151.6 131.2 123.8 117.4 102.8 92.3 83.4 77.9 69.9 59 45.6 35.9 32.3 26.9 23.1 18.4 -0.3 -0.3 -0.3 -0.3 -0.3 -0.3 -0.3 -0.3 -0.3 -0.3 -0.3 -0.3 -0.3 -0.3 -0.3 -0.3 -0.3 -0.3 -0.3 -0.3 -0.3 -0.3 -0.3 -0.3 -0.3 -0.3 -0.3
122.1 126.5 128 130.1 134.3 138.7 145.2 154.5 163.3 173.7 188.2 199.5 207.6 217.5 227.3 234.9 239 243.1 244 243.6 242.2 239.1 234.8 233.5 234.9 240.3 246.3 250.2 252.3 251.8 248 249.1 246.5 243 240 236.1 229.8 228 223.9 222 209.1 181 160 139.4 130 122.1 106.4 100.1 91.7 84 75.9 67.5 56.5 44.9 38.9 30.8 25.2 19.9 13.3 -0.3 -0.3 -0.3 -0.3 -0.3 -0.3 -0.3 -0.3 -0.3 -0.3 -0.3 -0.3 -0.3 -0.3 -0.3 -0.3 -0.3 -0.3 -0.3 -0.3 -0.3 -0.3 -0.3 -0.3 -0.3 -0.3
120.6 124.5 126 128.4 132.7 136.7 142.7 152.2 161.6 173.4 186.6 196.7 206.9 215.8 225.5 231.3 234.8 237.6 237.9 238.6 236.3 232.1 228.9 229.2 234.4 243.5 249.2 253 252.3 250 246.9 247.1 245.4 242.8 239.1 236.7 229.9 228.1 224.6 225.1 216.8 202 184.9 157.8 135.4 124.5 112.9 105.8 97.9 90.1 83.2 75.9 63.9 53.9 46.4 36.9 29.5 24.1 24.2 -0.3 -0.3 -0.3 -0.3 -0.3 -0.3 -0.3 -0.3 -0.3 -0.3 -0.3 -0.3 -0.3 -0.3 -0.3 -0.3 -0.3 -0.3 -0.3 -0.3 -0.3 -0.3 -0.3 -0.3 -0.3 -0.3
118.1 123.1 122.9 126.2 131 136.5 143.4 154 162.8 170.9 184.3 196.9 206.7 214 222.5 227 230.3 231.3 232.7 233.5 232.3 226.4 226.9 228.4 237.1 246 250.6 252.5 251.8 249.4 246.1 245.1 243.5 241.9 238.6 235.3 227.7 225.8 224.8 224 218.3 216.4 204.9 173.6 153.6 139.2 124.4 117.2 104.4 95.9 89.2 82.8 72.1 54.5 52.5 44.4 36.2 34.8 22.2 -0.3 -0.3 -0.3 -0.3 -0.3 -0.3 -0.3 -0.3 -0.3 -0.3 -0.3 -0.3 -0.3 -0.3 -0.3 -0.3 -0.3 -0.3 -0.3 -0.3 -0.3 -0.3 -0.3 -0.3 -0.3 -0.3
117.4 119.6 121.8 127.2 131.2 138.7 149 156.4 164.5 175.3 182.7 195.2 205.1 212.1 218.9 222.8 226 228.5 230.1 230.9 227.6 225.5 225.8 228.4 239.3 248 251.8 254.3 252.7 248.7 243.8 242.3 239.6 238.4 234 230.2 224.3 222.9 223.9 221.2 217.7 217.8 210.4 194.3 168.6 163.6 150.4 137.7 118.7 104.8 96.4 86.4 72.8 60.4 55.2 47.3 39.3 31.4 22.3 -0.3 -0.3 -0.3 -0.3 -0.3 -0.3 -0.3 -0.3 -0.3 -0.3 -0.3 -0.3 -0.3 -0.3 -0.3 -0.3 -0.3 -0.3 -0.3 -0.3 -0.3 -0.3 -0.3 -0.3 -0.3 -0.3
119.8 117 120.9 124.6 129.3 136.3 146.6 155.3 165.8 175.9 184.1 193.5 204 208 211 216 222.8 225.3 226.2 226.4 224.3 223.2 225.5 230.4 239.4 250.1 252.8 254.9 253.8 245 239.9 238.4 236 233.7 228.2 225.5 220.1 218.2 220 218.8 216.8 216.8 209.8 200.8 189.3 173.6 168.4 164.2 144.7 118.4 106.3 95.3 80.2 65.9 57.5 50.9 43.7 34.4 18.6 -0.3 -0.3 -0.3 -0.3 -0.3 -0.3 -0.3 -0.3 -0.3 -0.3 -0.3 -0.3 -0.3 -0.3 -0.3 -0.3 -0.3 -0.3 -0.3 -0.3 -0.3 -0.3 -0.3 -0.3 -0.3 -0.3
119.4 114.4 118.5 120.7 127.4 136.7 145.3 156.1 165.4 175.8 187.5 195.1 201.7 205 207.3 211.2 219.3 222.9 222.6 222.6 220.6 222.9 225.9 234.5 243.1 249.1 252.1 254.5 251.2 240.6 235.3 233 230.2 226.4 223.5 220.6 217.7 213.1 215.3 217.2 214.7 210.9 204.8 199.6 191.6 176.9 172.9 171.7 158.3 140.6 116 103.4 90.1 72.5 60.7 53.5 44.2 35.6 15.4 -0.3 -0.3 -0.3 -0.3 -0.3 -0.3 -0.3 -0.3 -0.3 -0.3 -0.3 -0.3 -0.3 -0.3 -0.3 -0.3 -0.3 -0.3 -0.3 -0.3 -0.3 -0.3 -0.3 -0.3 -0.3 -0.3
119.1 112.8 117.2 120.7 126.3 134.4 144.3 155.8 165.6 175.6 184.6 192.1 196.7 201.1 205.2 208.8 215.6 218.2 219 218 219.6 224.7 227.6 236.3 243.9 249.6 251.1 252.5 249.1 236.8 231.3 227.9 224.9 221.4 219.3 216.7 213.4 207.5 208.2 211.3 209 205.1 202.4 197.6 191.7 176.7 173.5 170.8 158.2 142.8 123.8 113.4 102.5 84.1 68.3 58.3 48.7 37.8 17.1 -0.3 -0.3 -0.3 -0.3 -0.3 -0.3 -0.3 -0.3 -0.3 -0.3 -0.3 -0.3 -0.3 -0.3 -0.3 -0.3 -0.3 -0.3 -0.3 -0.3 -0.3 -0.3 -0.3 -0.3 -0.3 -0.3
117.7 112.9 114.2 119.9 125.7 132.9 141.9 153.3 162.1 171 179.2 187.5 192.9 196.6 201.5 207.4 211.1 214.1 214.2 214.8 220.2 225.6 230.1 236.1 244 249.4 250.7 250.4 245.8 234.2 229.2 223.7 219.7 216.9 214.9 213.6 209 202.9 201.6 204.7 201.4 198 196.1 191.7 188.7 179.3 174.3 170.6 161.8 146.2 130.8 121.6 111 97.3 83.7 66.7 53.3 40.8 25.1 -0.3 -0.3 -0.3 -0.3 -0.3 -0.3 -0.3 -0.3 -0.3 -0.3 -0.3 -0.3 -0.3 -0.3 -0.3 -0.3 -0.3 -0.3 -0.3 -0.3 -0.3 -0.3 -0.3 -0.3 -0.3 -0.3
115.7 112.4 114.4 119.8 125.7 132.3 140.7 149.7 159.7 168.4 176.5 183.5 187.7 191.5 198.7 205 206.8 208.6 212.8 218.5 224.4 228.9 231.5 235.5 242.2 248 249.6 249.6 243.4 230.3 224.5 220.3 216.4 212.5 210.7 209.5 206.4 199.5 196.3 197 194.5 192.4 191.7 187.1 184.8 181.9 177 171 166.6 150.9 136.2 128.3 118.4 107.5 97.6 87.1 62.1 45.4 27.7 -0.3 -0.3 -0.3 -0.3 -0.3 -0.3 -0.3 -0.3 -0.3 -0.3 -0.3 -0.3 -0.3 -0.3 -0.3 -0.3 -0.3 -0.3 -0.3 -0.3 -0.3 -0.3 -0.3 -0.3 -0.3 -0.3
115.9 110.4 111.5 117.9 123.1 129.6 139.5 146.6 153.8 161.3 169.5 174.9 184.7 187.9 191.6 198.3 201.9 207.3 214.8 218.9 225.3 229.1 230.1 237.2 241.1 247.1 247.7 245.8 236.3 226.4 220.7 215.8 211.1 209.2 206.7 206.7 203.9 198.2 191.9 190.5 188.9 187.6 186.4 183.1 181.5 179.9 178.5 172.3 165.9 154 143.2 135.1 126.3 118.4 110.5 103.7 82 55.8 37.3 19.4 -0.3 -0.3 -0.3 -0.3 -0.3 -0.3 -0.3 -0.3 -0.3 -0.3 -0.3 -0.3 -0.3 -0.3 -0.3 -0.3 -0.3 -0.3 -0.3 -0.3 -0.3 -0.3 -0.3 -0.3 -0.3
115.2 110 110.9 115.2 119.9 126.5 135.9 142.2 149.2 157 164.3 169.6 175.1 180.2 187.5 195.4 201 207.2 213.8 219.8 225.9 227.8 230.1 235.1 240.7 245.5 244.4 239.3 229.8 219.7 215.6 210.4 206.3 203.7 203 202.6 200.3 196 188.7 186.5 184.7 184.2 182.4 180 178.9 176.5 174.5 170 160.9 153.8 149.1 142.1 134.1 129.1 121.6 114.7 98.4 66.7 47.7 34.3 -0.3 -0.3 -0.3 -0.3 -0.3 -0.3 -0.3 -0.3 -0.3 -0.3 -0.3 -0.3 -0.3 -0.3 -0.3 -0.3 -0.3 -0.3 -0.3 -0.3 -0.3 -0.3 -0.3 -0.3 -0.3
115.5 111.8 109 113.9 115.2 121.9 130.6 139.4 146.1 153.1 158.7 166.9 168.5 174.9 183.3 192.2 199.5 205.8 211.4 218.3 222.8 223.6 227.7 234 235.9 242.4 241.4 230.2 218.6 212.7 207.6 203.2 199.9 197.8 197.4 199.4 197.3 192.8 187.3 184.2 181.3 181 180.8 179.1 177.7 175.3 173.1 167.9 159.4 154.3 153.3 148.5 139.3 134 128.5 119.7 108.4 88.1 65.9 49.7 35.4 21.5 -0.3 -0.3 -0.3 -0.3 -0.3 -0.3 -0.3 -0.3 -0.3 -0.3 -0.3 -0.3 -0.3 -0.3 -0.3 -0.3 -0.3 -0.3 -0.3 -0.3 -0.3 -0.3 -0.3
118.2 109.7 105.7 111.5 112.8 115.7 123.6 131.5 139.5 147.4 152.6 158.2 160.9 169.3 175.9 185.7 193.8 200.3 208.9 215.8 217.3 220.7 224.1 229.5 234.2 238 233.8 219 211.6 206.7 201.6 196.4 194.9 191 192.3 195.3 194.4 190.6 184.5 181.2 179.3 178.4 177.5 176.3 174.3 173.7 169.1 165.5 157.8 155.7 154 150 142.8 136.8 134.6 127.9 116.6 95.5 69.8 58 44.2 30.2 19 -0.3 -0.3 -0.3 -0.3 -0.3 -0.3 -0.3 -0.3 -0.3 -0.3 -0.3 -0.3 -0.3 -0.3 -0.3 -0.3 -0.3 -0.3 -0.3 -0.3 -0.3 -0.3
120.3 112.4 105.1 110.1 111.6 114.1 117.3 123.5 129.7 136.8 143.1 148.6 154.6 160.7 168.9 178.9 186.8 194.7 203.2 209.7 212 214.9 218.4 223.9 232.3 230.4 222.5 211.2 207.2 202.6 196.3 191.7 188.9 184.2 187.9 189.8 189.4 186.2 181.6 177.5 177 176.9 174.5 172.8 172.9 169.7 165.9 163 156.6 155 152.4 148.6 142.9 134.1 130 127.4 118.8 99.3 82.4 68.5 52.6 39.7 21.1 -0.3 -0.3 -0.3 -0.3 -0.3 -0.3 -0.3 -0.3 -0.3 -0.3 -0.3 -0.3 -0.3 -0.3 -0.3 -0.3 -0.3 -0.3 -0.3 -0.3 -0.3 -0.3
125.3 114.8 108.8 105.1 110.6 113.4 115.2 119.9 124.6 129.8 133.7 142.9 150.3 155 163.3 174.1 181.3 190.4 198.5 200.3 203.8 208.5 212.7 219.7 226.4 222.6 213.8 205.9 201.9 198.6 192.5 187.3 183.6 176.7 183.1 185.2 184.5 181.8 177.2 174.7 174.8 176.8 175.2 172.8 171.2 165.6 162.7 159.7 156.3 154.8 152.3 148.7 140.7 129.3 119.6 117.9 115.9 102 85.7 71.3 58.3 41.7 26.3 -0.3 -0.3 -0.3 -0.3 -0.3 -0.3 -0.3 -0.3 -0.3 -0.3 -0.3 -0.3 -0.3 -0.3 -0.3 -0.3 -0.3 -0.3 -0.3 -0.3 -0.3 -0.3
