app/static/ascii/HU43.asc
ncols 200
nrows 200
xllcorner 440000
yllcorner 1130000
cellsize 50
[rows 76 to 113 of 200, columns 0 to 84 of 200]
-0.4 -0.4 -0.4 -0.4 -0.4 -0.4 -0.4 19.6 35.4 55.2 78.4 108.4 123.8 121.9 117.3 111.6 108.6 104.9 101 98.8 98.5 98.4 99.4 101.9 103.2 112.4 126 141.1 158.3 169.7 179.1 187 194.4 201.9 207.6 214.4 205.4 191.9 179.7 169.5 160.6 157.4 159.2 159.7 158.7 160.9 150.6 136.7 120.6 106.3 93.8 83.2 75.4 73.9 75.2 70.7 59 63.1 65.5 68.5 72.9 78.5 81.9 91.4 99.7 93.2 78.1 65.4 66.9 63.7 58.9 54.7 43.7 37.4 34.5 28.5 25.1 23.8 21.9 21.5 26.6 31.3 26.9 23.4 17.6
-0.4 -0.4 -0.4 -0.4 -0.4 -0.4 -0.4 23.6 40.5 59 80 111.1 123.8 121.6 116 114.2 111.4 107.1 102.6 100.4 101.9 101.2 102.5 104.7 107.4 113.6 127.4 142 158.9 170.3 180.9 187.5 194.8 200.3 207.2 213.5 203.5 186.4 175.5 165.2 157.3 152.1 155.2 157.6 154.5 154.3 145.1 131.7 116.7 102.2 89.2 79.6 71.1 68.8 71.7 70.2 64.4 50.3 59.8 63.6 66.4 70.6 76.8 85.4 93.7 89.1 74.9 63.6 64.3 65.1 61.3 57.1 50.3 40.5 40.4 33.9 28.3 26.2 24.5 23.3 26.2 29.4 31.2 28.4 23.8
-0.4 -0.4 -0.4 -0.4 -0.4 -0.4 -0.4 23.8 43 62.4 86.6 111.4 124.5 121.8 118.4 117.5 113.5 110.6 105.7 102.7 104.5 103.7 104.9 106.9 112.8 118.6 131.7 144.8 161.8 173.4 182.3 188.2 195.5 201.2 207.3 210.1 200.8 180.7 169.1 159.9 153.5 149.1 149.3 152.9 147.6 146.6 135.8 123.2 109.9 97.4 83.3 75.3 67.6 63 63.3 63.3 60.1 54.9 51.3 56.9 59.8 65.4 70.5 78.8 89.3 84.2 76.2 63 60.8 61.7 62.5 63.5 54.7 44.4 43 39 33.4 33.5 29.5 25.9 26.9 27.7 34.9 31.6 26.4
-0.4 -0.4 -0.4 -0.4 -0.4 -0.4 -0.4 20 41.5 63.4 86.4 114.2 128.1 127.5 125.8 122.1 117.6 113 108.4 105.8 107.7 108.3 105.9 108.3 116.5 122.2 136.7 149.4 162.3 175.1 184.3 189.5 196.5 201.2 206.9 209.9 199.7 177.7 165.4 154.2 146.2 143.6 140.9 146.1 137 134.4 126 115 101.7 88.1 76.4 70.3 64.2 56.6 55.6 54.9 53.5 50.5 42.4 51 53.2 59.4 64.8 70.1 82.9 77.8 72.3 65.7 58.8 61.2 65.4 68.6 61.9 53.9 47.8 44.3 38.7 40.9 35.5 26.6 25.9 24.2 28.2 30.4 26.4
-0.4 -0.4 -0.4 -0.4 -0.4 -0.4 -0.4 17 38.4 60.5 86.9 116.9 133.3 134.3 131.5 126.8 122.8 117.8 111.7 108.4 108.1 109.9 108.3 110.7 117.3 125.7 141 155.2 167 177.8 184.7 189.9 196.2 199.8 204.3 208.8 200.9 175.8 160.1 146.6 139.7 136.5 131.5 134.5 124.1 119.4 115.4 102.2 91.2 80 70.9 64.7 57.9 52 48.3 49 50.2 45.5 42.6 43.7 45 52.6 57 61.3 70.4 75.1 69.4 66.8 58.8 59.2 66 69.2 65.9 60.3 54 47.4 43.4 47.7 46.1 31.2 24.7 22.5 17.4 20.2 24.7
-0.4 -0.4 -0.4 -0.4 -0.4 -0.4 -0.4 17.1 37.7 61.9 90.7 125.7 137.8 138.3 135 130.4 126.1 119.1 113.9 109.6 107.5 109.4 110.1 114 117.8 129.2 143.4 159.6 172.2 181.4 188.5 192.6 197 201.5 203.8 207.5 197.1 173 153.7 140 130.6 127.1 118.8 119.9 113.2 101.5 99.5 90.7 82.1 71.5 63.8 59.7 53.2 47.1 44.9 45.5 45.7 41.3 39.3 37.6 40.2 46.1 48.9 54.3 63.4 69.9 66.7 66.5 58.8 62.1 66.4 69.7 64.5 60.2 55.1 48.6 46.8 50 51.9 31.9 21.5 18.3 7.7 6.5 8.8
-0.4 -0.4 -0.4 -0.4 -0.4 -0.4 -0.4 22.1 41 62.6 88.7 128.2 140.5 139.6 134.7 131.7 126.8 118.9 114.8 110.8 107.8 109 110.8 116.4 119.1 130.8 144.6 162.3 176.3 185.2 192 196 200.3 203.5 204.5 205.3 192.4 165.3 144.8 131.6 116.2 114.7 109 106.4 100.2 88.5 84.9 80.1 73.4 64.6 57.5 54 48.2 42.9 41.5 41 38.3 35.1 34.7 28.2 40.7 41.5 43.9 49 56.7 66.7 61.8 60.8 60.1 64.4 72.4 72.5 66.9 61.8 53.2 49.6 48.4 46.8 45.8 34.5 22.3 13.8 3.5 -0.4 -0.4
-0.4 -0.4 -0.4 -0.4 -0.4 -0.4 -0.4 19.9 43.8 67.4 91.7 124.2 140.4 139 135.6 131.5 125.9 118.4 114.5 108.5 107.5 109.4 112.5 115.1 119.5 128.4 145.3 162.4 177.6 188.8 194.7 199.5 201.8 204.8 205.3 205.5 184.5 156.7 136.5 123.7 105.5 104.5 97.5 93.8 89.9 79.8 75.4 71.5 65.8 59.6 54.2 48.9 43.8 40.3 38.5 38.3 33.8 28.7 27.5 24.2 33.6 37.7 40.5 44.1 47 56.4 58 56.2 61.5 70.3 74.7 69 65.8 56.2 51.3 50.8 47.9 44.9 38.3 31 20.4 -0.4 -0.4 -0.4 -0.4
-0.4 -0.4 -0.4 -0.4 -0.4 -0.4 12.3 23.3 48.3 70.2 93.2 120.8 139.7 137.9 136 130.5 124.1 117.3 111.2 107.6 106.9 108.9 111.2 114.7 120.6 127.9 146.4 163.3 177.5 190.4 196.1 199.9 202.8 207.6 207.8 203.6 176.1 149.3 127.2 112.3 96.4 91.8 90.2 84.1 80.2 71.7 69.9 66.3 62.3 55.3 50.5 43.6 39.6 37.8 36.1 34.2 32.3 26.9 28.5 25.5 28.4 34.5 37 40.4 43.9 49 55.6 59.1 60.8 66.7 69.2 63.8 54.7 47.2 46.9 46 42.9 38.9 36 29.1 17.3 -0.4 -0.4 -0.4 -0.4
-0.4 -0.4 -0.4 -0.4 -0.4 -0.4 14.6 26.3 47.6 69 92.8 119.5 138.2 138 136.5 129.9 122.9 115.8 109.6 106.6 105.6 107.6 108.8 112.7 120.6 128.8 144.1 165.7 179.5 190.4 196.1 200.5 206.3 208.9 209 197.5 166.8 137.7 118.9 101.8 91.7 82.5 81.3 78.4 73.9 68.8 64.6 65.3 62.3 57.5 49.4 43.5 38.7 34.4 32.4 31 29.2 26.6 22.9 17.1 21.8 30.6 33.1 36.8 41.4 46.5 53 56.6 60.4 61.7 63.4 60.4 48.5 33.9 35.8 37.5 34.9 33.3 31.7 30.2 14.5 -0.4 -0.4 -0.4 -0.4
-0.4 -0.4 -0.4 -0.4 -0.4 -0.4 15.7 28.2 46.8 64.8 90.6 116.6 136.4 140.3 136.5 129.9 122.4 115.1 107.8 104.4 102.6 104.9 106.5 110.7 116.6 129.3 143.7 165.2 179 187.6 194.3 199.9 206.2 207.5 204 184.8 156 127.4 111.8 94 84.1 77.4 75.3 72.6 69.4 65.8 58.2 59.4 58.7 53.9 48.3 43.5 39.7 34.3 31.6 27.6 24.3 21.7 19.5 16.8 17.2 22.8 28.8 34 37.4 44.6 51.8 53.7 59.5 57.7 51.8 53 42.9 27.7 28 28.1 28.5 31.4 25.3 24.8 13.5 -0.4 -0.4 -0.4 -0.4
-0.4 -0.4 -0.4 -0.4 -0.4 -0.4 16.2 27 43.9 58 85.4 108.9 131.6 138.4 133.3 126.4 120.2 113 105.5 102.4 99.3 101.5 104.1 108.2 116.4 128.9 142.2 162.2 175.8 183.6 190.1 197 204.1 206.4 196.5 168.1 141.8 116.7 102.9 86.7 78.9 73.2 69.4 66.1 64 61.2 56.8 55.3 56.1 51.3 45.3 40.8 37.3 33.7 34.1 26.5 20.1 16.3 12.7 12.9 13 15.7 20.8 30.6 32.9 37.6 49.2 50.9 51.6 55.4 43.2 32.9 28 19.5 20.4 22.7 19.9 18.5 16.4 19.6 -0.4 -0.4 -0.4 -0.4 -0.4
-0.4 -0.4 -0.4 -0.4 -0.4 -0.4 13.5 26 40.7 55.5 80.8 100.1 124.4 134.5 129.4 123 116.9 110.1 101.7 99.5 98.1 98.6 100.6 105.1 111.7 124 139.3 157.4 170.9 179.8 185.3 192.3 201 200 177.9 150.7 126.1 103.9 91.2 83.1 71.9 66 63.2 61.4 60.2 57.4 51.8 51.1 55 50.3 44.6 39.2 36 34.7 26.3 25.7 17.3 11.9 9.7 10.6 10.9 11.2 15.2 20.8 28.3 29.8 39.8 44.3 40.8 46.1 37.6 19.3 13.6 14.3 15.6 14.5 8.1 8.5 5.1 -0.4 -0.4 -0.4 -0.4 -0.4 -0.4
-0.4 -0.4 -0.4 -0.4 -0.4 -0.4 12.6 24.5 37.4 56.3 76 96.5 115.1 130.3 126 120.2 114.1 106.9 98.1 95 93.8 93.9 96.2 101.5 107.1 120.4 135.3 153.7 164.2 174.4 178.2 186.4 192.1 181.9 157.4 132.7 112.5 92.2 84 76 67.3 61.7 58 57.7 55.1 53.6 49.7 46.1 51 47.6 44.5 39.4 35.4 34.2 23.7 24.1 17.5 12.5 8 9.9 9.6 8.9 11.5 15.7 23.8 22.5 32.8 39.1 33.8 30.5 22.7 17.9 8.3 8.4 15.3 14 -0.4 -0.4 -0.4 -0.4 -0.4 -0.4 -0.4 -0.4 -0.4
-0.4 -0.4 -0.4 -0.4 -0.4 6.7 14.9 24.6 34.3 55.7 68.6 89.5 107.3 125.4 122.1 115.9 109.8 101.6 93 91.9 89.8 88.7 92.2 94.7 104 118.5 129.8 147.4 157.8 168.6 169.7 175.7 176.1 159.9 135.2 114.2 96.2 83 73.8 67 59.9 55 52.8 51.5 50.4 50 48.4 42.7 44.7 44 46 49 35.5 29.6 27.6 20.4 17.1 12.8 8.1 7.2 7.3 7.7 7.5 11.3 17.3 15.4 16.1 22 27.3 20.4 25.3 17.3 4.6 -0.4 -0.4 -0.4 -0.4 -0.4 -0.4 -0.4 -0.4 -0.4 -0.4 -0.4 -0.4
-0.4 -0.4 -0.4 -0.4 -0.4 5.1 15.4 19.8 32.6 51 62.8 80.1 102.8 113 113.5 109.7 104.2 96 87 86.8 84.1 83.7 86.6 88.3 100.2 114.4 122.2 135.9 148.5 159.8 153.9 152.3 144.5 129 110.9 93.3 79 70.6 65.6 58.8 52.9 49.3 48 46.3 44.5 44.7 44.5 40.7 39.8 40.7 44.1 44.4 32.8 26 21.8 17 16.3 12.3 8.1 5.4 5.1 4.9 5 6.5 10.7 9.3 4.6 12.5 10.9 14.8 16.1 9.7 4.1 -0.4 -0.4 -0.4 -0.4 -0.4 -0.4 -0.4 -0.4 -0.4 -0.4 -0.4 -0.4
-0.4 -0.4 -0.4 -0.4 -0.4 -0.4 12.8 18.3 31.4 47.8 59.2 70 92.7 99 98.6 102.7 96.5 89.6 81.3 78.9 76.5 77.1 78.2 82 95 109.5 114.5 121.1 130.5 137.1 128.8 122.6 113.8 101 89.8 79 66.4 60.4 57.4 53.3 48.2 44 42.4 41.4 40.4 40.1 39.7 38.4 37.4 38.6 40.6 41.2 29.4 22.6 20.7 16.8 14.1 9.9 6.7 5 4.7 4.2 3.9 4.9 6.2 1.3 -0.4 -0.4 -0.4 -0.4 -0.4 -0.4 -0.4 -0.4 -0.4 -0.4 -0.4 -0.4 -0.4 -0.4 -0.4 -0.4 -0.4 -0.4 -0.4
-0.4 -0.4 -0.4 -0.4 -0.4 -0.4 9.1 13 24.9 46.7 57.3 62.7 81.5 86.5 82.6 89.2 87.5 81 72.7 68.6 67.4 70.5 70.6 73.4 85.9 98.6 103.8 102.8 105.5 108 103.9 94.9 86.7 76.6 69.9 64.1 56.4 51 48.2 44.9 43 39.2 36.7 35.4 36.1 36.6 36.8 36.8 36.2 35.8 37.2 35.7 26.7 21.8 19 13.8 11.4 9 5.6 5 5.1 3.8 3.6 0 -0.4 -0.4 -0.4 -0.4 -0.4 -0.4 -0.4 -0.4 -0.4 -0.4 -0.4 -0.4 -0.4 -0.4 -0.4 -0.4 -0.4 -0.4 -0.4 -0.4 -0.4
-0.4 -0.4 -0.4 -0.4 -0.4 -0.4 5.9 7.6 15.2 45.6 54.8 55.1 63 72.2 68.5 70.9 74.1 69.1 63.1 58.6 57.5 62.3 62.7 62.9 73.9 86.9 89.8 85.1 80.8 78.7 76.3 71.1 66.7 60.1 57.2 51.3 44.3 40.2 38 36.5 35.7 33.9 32.6 33.3 34.2 35.4 35.2 35.5 35.7 34.7 33.9 30.8 25.1 22.3 18.4 14.6 10.5 7.8 6.2 5 5 4.8 3.8 0.8 -0.4 -0.4 -0.4 -0.4 -0.4 -0.4 -0.4 -0.4 -0.4 -0.4 -0.4 -0.4 -0.4 -0.4 -0.4 -0.4 -0.4 -0.4 -0.4 -0.4 -0.4
-0.4 -0.4 -0.4 -0.4 -0.4 -0.4 -0.4 -0.4 5.5 32.3 45 45.4 55.2 52.9 53.9 56.9 58.1 54.7 51.3 48.5 48.7 52.4 53.9 53.2 60.7 67.7 67.9 67.3 60.8 56.1 51.8 50.7 49.8 47.4 45.5 41.7 36.7 33.8 32.2 31.7 31.8 31.5 31.3 32.1 33 33.5 34.4 34.9 35 35.2 36.6 34.4 28.7 24.7 21.8 18.1 13.4 10.2 7.5 5.9 4.8 4.6 6.6 5.2 4.8 -0.3 -0.4 -0.4 -0.4 -0.4 -0.4 -0.4 -0.4 -0.4 -0.4 -0.4 -0.4 -0.4 -0.4 -0.4 -0.4 -0.4 -0.4 -0.4 -0.4
-0.4 -0.4 -0.4 -0.4 -0.4 -0.4 -0.4 -0.4 -0.4 22.3 29.9 29.7 34.3 35.4 34.9 44.9 46.7 42.6 41.6 41.2 43.2 45.9 46.1 45.7 45.7 48.4 49.3 51.5 47.5 43.8 41.3 38.7 38 35 33.4 32.5 31 30.5 30.3 31.2 30.9 30.3 31.1 31.2 31.9 32 33.8 34.4 35.3 36.7 39.7 38.4 35.3 28.1 24.9 24.3 18.4 13 10.5 7.5 5.6 7 7 6 3.1 -0.4 -0.4 -0.4 -0.4 -0.4 -0.4 -0.4 -0.4 -0.4 -0.4 -0.4 -0.4 -0.4 -0.4 -0.4 -0.4 -0.4 -0.4 -0.4 -0.4
-0.4 -0.4 -0.4 -0.4 -0.4 -0.4 -0.4 -0.4 -0.4 -0.4 14.1 16.6 14.1 19.6 16.6 31.1 35.2 32.8 33.6 34.1 36.3 39.7 41.4 40.2 39.1 40.2 42.8 41.7 37.8 35 32.8 29.8 28.6 27.7 28.3 27.8 27.6 28.6 29.3 29.3 28.6 29.7 30.9 31.2 32 33 33.7 34.8 35.9 37.2 41.7 42.1 36.6 29.4 26.2 24.9 19.5 15.2 10.7 9.1 8.4 9.3 9 7.8 4 -0.4 -0.4 -0.4 -0.4 -0.4 -0.4 -0.4 -0.4 -0.4 -0.4 -0.4 -0.4 -0.4 -0.4 -0.4 -0.4 -0.4 -0.4 -0.4 -0.4
-0.4 -0.4 -0.4 -0.4 -0.4 -0.4 -0.4 -0.4 -0.4 -0.4 3.4 -0.4 3.3 7.8 9.5 15.4 25.7 21.9 23.4 25 29.1 29.5 31.7 31.5 30.5 34.1 37.1 35.5 31.9 27.5 26.8 26.1 26.3 25.7 26.3 26.4 28.1 27.9 29.2 29.8 29.5 30.5 31 31.9 32.6 33.5 35.1 36.6 37.2 38.6 44.3 43.1 37.8 30.4 27.8 27.5 21 15.2 12.7 12.4 12.2 14.9 13 11 6 -0.4 -0.4 -0.4 -0.4 -0.4 -0.4 -0.4 -0.4 -0.4 -0.4 -0.4 -0.4 -0.4 -0.4 -0.4 -0.4 -0.4 -0.4 -0.4 -0.4
-0.4 -0.4 -0.4 -0.4 0 -0.4 -0.3 -0.4 -0.4 -0.4 0.7 -0.4 2 2.9 4.9 7.8 13.1 15.4 16.6 17.7 21.8 21.8 24 24.2 24.9 26.9 32.1 31.5 26 24.4 24 24.1 24.9 26.5 26.6 27.6 28.4 28.7 29.6 30 30.2 31.2 31.6 32.5 33.4 35.1 38 38.4 38.7 41 49 46.2 39.7 30.9 28 24.8 20.4 16.6 15.5 14.2 15.8 19.1 16.4 14.2 8.9 5.5 -0.4 -0.4 -0.4 -0.4 -0.4 -0.4 -0.4 -0.4 -0.4 -0.4 -0.4 -0.4 -0.4 -0.4 -0.4 -0.4 -0.4 -0.4 -0.4
-0.4 -0.4 -0.4 5.3 5.4 5.2 5.2 -0.4 -0.4 -0.4 8 4.3 2.8 4.5 4 5.1 6.8 9.5 11.8 12.3 14.3 15.3 16.4 19 21.3 22.6 25.5 26.8 23.9 23.9 25.9 26.3 26.5 28.1 28.4 29 29.7 31.4 33.8 32.9 33.5 33.3 33.4 34.6 35.7 38.5 42 42.2 41 43.9 48.9 46.1 38.7 31.3 29.9 25.9 21.8 20.6 20.1 20.2 20 25.3 23.7 23.7 15.2 8.8 6.8 3.5 5 -0.4 -0.4 -0.4 -0.4 -0.4 -0.4 -0.4 -0.4 -0.4 -0.4 -0.4 -0.4 -0.4 -0.4 -0.4 -0.4
-0.4 -0.4 7 10.4 12.1 11.8 11.4 10.3 6.8 9.6 10.6 8 8 10 8.9 6.1 6.8 8.6 9.3 10.3 11.4 11 13.1 14.5 17.2 19.4 20.7 22.6 25.1 26.7 26.9 27.3 28.7 31.3 32.3 33 35.1 39 41.9 41.1 39.9 39.4 39.7 40.1 39.4 41.9 46.3 46.7 44.2 47.5 49.4 49.2 43 35.4 33.1 29.5 27.8 28.4 26.9 26.9 26.4 28.3 31.3 28.8 19.8 13.1 7.8 5.1 7.9 6.7 -0.4 -0.4 -0.4 -0.4 -0.4 -0.4 -0.4 -0.4 -0.4 -0.4 -0.4 -0.4 -0.4 -0.4 -0.4
-0.4 8.3 9.8 15.7 17.7 17.2 17.4 15.8 13.6 17.3 16.6 13.4 15 15.4 14.8 9.3 10 11 12.1 12.9 12.6 14.4 15.2 17.5 22.4 24 27.1 26.3 29.3 29.2 29 28.4 34.8 38.2 40.4 43 46.2 48.9 51 50.1 49.2 49.4 48.6 46.8 46.4 47.2 50.6 49.7 47.8 50.2 54.3 52 46.1 38.4 35.2 33.7 34.6 36.7 33.5 33.1 33.9 34.3 34.2 30.5 22.1 16.5 12.8 7.8 10.6 12.4 -0.4 -0.4 -0.4 -0.4 -0.4 -0.4 -0.4 -0.4 -0.4 -0.4 -0.4 -0.4 -0.4 -0.4 -0.4
-0.4 6.6 14.6 22 24.2 23.9 24.4 22.2 20.1 24 23 21.6 20.5 23.3 21.4 14.6 13.7 14.4 15 16 16.5 15.6 20.3 26.6 30.6 34.2 38.3 34.2 34.6 34 36 42.3 46.5 47.7 50.6 55.2 57 60.3 64.2 62.5 61.3 61.8 60.2 56.5 55.4 54.6 56.6 55.2 53.2 52.5 57.1 54.4 48.1 38.6 40.3 37.8 38 37.8 37.1 39.3 41.3 39.7 36.3 32 25.4 25.1 18 13.4 13.1 13.6 10.2 -0.4 -0.4 -0.4 -0.4 -0.4 -0.4 -0.4 -0.4 -0.4 -0.4 -0.4 -0.4 -0.4 -0.4
-0.4 -0.4 17.1 28.7 30.8 31.4 31.4 30 31.7 31.6 30.8 30 28.9 30.2 29.1 22.2 20.1 20.5 21.4 20.8 21.6 22.8 28.5 34.1 40.6 41.9 45.8 44.9 41 43.1 48.2 54.8 57.5 59.4 60.2 65.2 69.6 72.9 78.9 79.4 78.7 75 71.3 67.7 65.2 63.5 62 61 58.5 55.2 53.9 50.4 48.2 46.8 46.7 43.3 39.6 39.4 40.7 43.6 48.6 44.9 39.6 33.5 32.4 33.3 24 18.8 18.3 15.4 11.9 -0.4 -0.4 -0.4 -0.4 -0.4 -0.4 -0.4 -0.4 -0.4 -0.4 -0.4 -0.4 -0.4 -0.4
-0.4 -0.4 -0.4 27.2 38.2 42 41.4 40.7 41.6 39.8 38.2 38.2 37.4 39.1 36.7 29.4 30 30.5 31.7 29.4 26.1 30.2 39.5 43.1 48.2 50.3 53.5 53.5 51.7 54.3 58.3 65.3 69 71.4 71.7 75.3 81.5 88.2 97.6 98.1 98.5 92.5 84.8 79.7 73.7 71.1 68.9 66.9 63.8 58.5 55.8 56.5 53.8 55.5 56.2 49.1 44.9 45.5 45.4 46.3 49.8 50.1 43.1 38 38.3 36.5 27.3 23.5 25.5 18.6 17.3 -0.4 -0.4 -0.4 -0.4 -0.4 -0.4 -0.4 -0.4 -0.4 -0.4 -0.4 -0.4 -0.4 -0.4
-0.4 -0.4 -0.4 30.3 47.2 53.3 55.6 50.9 51.1 49.6 50.2 48.2 47.6 47.6 44.7 39.7 39.2 38.3 40 38 32.7 38.6 48.4 52.2 56 59.5 60.6 62.5 62.8 63.3 68 75.6 81.1 83.9 84.1 90.2 99.2 103 113.1 117 117.8 106.3 97.8 90.2 81.3 77.9 75 71.2 68.6 63.4 58.6 58 58.5 61.3 65 56.1 49.4 45.5 49 51.2 51.9 50.7 46.2 41.8 42 39.6 32.2 29.8 28.1 23.8 21.3 9.9 -0.4 -0.4 -0.4 -0.4 -0.4 -0.4 -0.4 -0.4 -0.4 -0.4 -0.4 -0.4 -0.4
-0.4 -0.4 -0.4 35.2 52.3 65 69.7 63.1 61.7 61.7 59.8 58.5 56.4 56.2 53.5 50 46.9 47.1 48.5 46.7 41.9 47.1 54.6 60.8 63.4 67.7 69.6 72.2 73.4 74.8 78.5 85.4 92.1 96.7 97.9 103.8 109.9 117 126.4 132.8 132.2 117.4 108.9 97.6 90 82.3 78.6 74.6 70.6 65.8 61.2 58.9 59.7 64.4 66.8 62 53.3 49.7 51.5 53.1 52.9 50.3 47 47.8 45.9 42.3 40.6 37.1 30.8 27.2 26.2 18.7 11.2 -0.4 -0.4 -0.4 -0.4 -0.4 -0.4 -0.4 -0.4 -0.4 -0.4 -0.4 -0.4
-0.4 -0.4 -0.4 30.4 52 71.5 83.2 75.5 73.1 71.8 70 66.9 65.8 66.1 62.3 60.4 56.6 56.4 57.7 53.8 49.8 55.3 61 67.5 70.8 73.8 78.3 80.3 84.7 85.9 87.8 94.8 101.3 107.9 109.8 118 121.3 130.1 140.4 151.3 149.7 131.2 118.7 105.8 96.8 88.4 82.3 78.8 74 68.6 63.9 61.6 61.5 62.7 66.4 64 56.2 53.2 49.7 52 51.9 48.8 48.9 51.2 49 45.5 45.8 41.1 35.2 30.4 29.1 23.6 21.7 12.6 -0.4 -0.4 7.8 2.5 -0.4 -0.4 -0.4 -0.4 -0.4 -0.4 -0.4
-0.4 -0.4 -0.4 32.2 53.7 79.2 96.4 92.6 90.7 84.6 81.8 79 75.7 75.2 72.6 70.2 65.3 65.1 66.1 65.5 57.1 64.9 67 73 76.8 83.3 87.2 89 92.2 96.6 97.9 103.1 110.4 115 121.3 129.4 133 140.1 155.4 161.8 159 142.7 126.4 110.5 100.9 93.7 88.8 83.2 78 73.2 67.5 64.8 64.4 64.1 66.9 68 62.2 54.6 52 52.9 50.5 49.8 51.4 52.9 52.2 49.1 49.4 45.9 38.3 32.8 30.2 27.7 28 20.4 13.8 16 13.9 10.3 11.5 -0.4 -0.4 -0.4 -0.4 -0.4 -0.4
-0.4 -0.4 12.8 39.7 60.5 81.9 107.5 109.2 108.8 98.9 95 89.8 87.2 86.8 83.2 78.9 76.7 74.4 74.6 73.7 69.4 71.4 74.8 81 84.6 91.5 96.2 98.4 102.8 106.4 109.6 112.4 119.5 125.8 132.9 139 144 150.8 165.5 169.3 163.3 148.3 135.8 122.9 112.8 103.7 93.3 86.5 81.7 76.2 71.7 69.1 68.3 66.7 67.8 71.1 62.8 56.6 54.3 54.7 53 51.1 51.5 53.6 55.6 53.9 52.8 51.6 43.8 37.4 31.9 30.3 33.4 26 21.5 22.5 20.7 17.3 10.3 -0.4 -0.4 -0.4 -0.4 -0.4 -0.4
-0.4 -0.4 21.7 45.1 65.8 93.1 116.5 124.4 121 117.2 110.7 103.6 100.5 99 94.9 90.8 88.4 86.2 85.4 83 78.9 80 82.9 87.4 92.4 98.6 103.5 107.3 111.9 116.1 119.5 123.7 128.9 135.8 143.4 151.1 155.1 161.9 174.6 175.4 169.6 162.4 151.4 134.6 123.4 114.3 102.7 90.4 84.3 81.4 76.7 74.7 71.9 70.8 69.6 67.4 63.3 59.5 56.6 56.2 55.6 53.2 53.3 54.9 56.1 57.4 56.5 58 50.7 43.3 35.7 32.6 35.5 33.9 29.2 27.2 29.2 24.1 14.7 -0.4 -0.4 -0.4 -0.4 -0.4 -0.4
-0.4 -0.4 28.5 55.3 77 106.6 121.6 126.4 129.1 129.6 127.1 122.1 118.2 113.3 107.7 103.7 100 97.9 95.4 91.1 85.7 86.3 89.2 93.7 100 104.8 110.2 115.5 121 126.7 128.9 133.3 139.1 145.1 152.3 160.6 166.2 172.5 182.2 181.1 175.8 171 159.2 143.1 131.8 121.5 111.9 96.3 86.9 82.5 81.3 79 76.4 75.8 74.3 72.1 68.9 63.9 59.8 57.9 57.6 55.5 55.6 54.7 58.3 58.8 58.1 59.4 55.8 49.2 40.5 36.7 35.6 37.7 35.8 32.6 31.1 26.7 22.1 20.9 -0.4 -0.4 -0.4 -0.4 -0.4
-0.4 19.7 36.6 65.6 89.6 117.5 127.1 130.9 137.4 139.6 138.6 138.4 132.8 126.7 119.2 115 112 108.8 105.4 98.8 92.3 92.1 94.7 99.1 106.2 112.1 117.5 123.8 130.1 136.3 139.8 144.1 150.7 156 162.6 169.8 175.8 182.1 187.2 185.3 182 178.3 166.2 153 139.3 126.9 116.5 101.8 91.7 86.6 87.1 88 85 82.2 81.7 79.9 75.7 71.7 65.8 60.5 61.3 57.7 56.8 56.8 59.6 62.1 61.4 59 56.9 51.9 44.8 39.5 37.5 38 40 41 43.8 39.3 30 29.9 23 -0.4 -0.4 -0.4 -0.4
