app/static/ascii/HU44.asc
ncols 200
nrows 200
xllcorner 440000
yllcorner 1140000
cellsize 50
[rows 0 to 37 of 200, columns 0 to 84 of 200]
18.3 13.7 13.1 12.5 11.9 7.1 4.1 -0.7 -0.7 -0.7 -0.7 -0.7 -0.7 -0.7 6.1 15.3 25.6 35.2 47.4 61 74.8 91.5 104.9 112.7 109.4 100 93.7 90.4 84.1 78.8 77.5 76.9 75.8 70.5 71.4 72.4 66.4 60.7 59.1 55.4 51.8 50.8 49.9 49.9 48 46.1 45.7 42.3 39.7 37 32.1 27.1 21 14.9 9.7 -0.7 -0.7 -0.7 -0.7 -0.7 -0.7 -0.7 -0.7 -0.7 -0.7 -0.7 -0.7 -0.7 -0.7 -0.7 -0.7 -0.7 -0.7 -0.7 -0.7 -0.7 -0.7 -0.7 -0.7 -0.7 -0.7 -0.7 -0.7 -0.7 -0.7
17.7 13.8 13.5 12.8 11.8 6.9 3.5 -0.7 -0.7 -0.7 -0.7 -0.7 -0.7 -0.7 11.3 20.3 29.2 39.2 51.5 65.3 79.9 96.2 111.2 118 110.8 102.2 95.9 88.8 83.6 80.3 77.3 76.1 73.9 73.6 77.7 75.1 67.6 63.1 63.2 58.7 55.3 54.6 54.2 53.7 50.3 47.9 46.4 42.4 38.2 34.9 29.4 23.4 17.9 12.3 7.4 -0.7 -0.7 -0.7 -0.7 -0.7 -0.7 -0.7 -0.7 -0.7 -0.7 -0.7 -0.7 -0.7 -0.7 -0.7 -0.7 -0.7 -0.7 -0.7 -0.7 -0.7 -0.7 -0.7 -0.7 -0.7 -0.7 -0.7 -0.7 -0.7 -0.7
16.7 14.2 13.7 13.4 11.5 7.3 -0.7 -0.7 -0.7 -0.7 -0.7 -0.7 -0.7 7.2 14 23.4 32.1 41.9 53.2 68.4 86.7 101 118.3 122.2 113.3 104.4 97.3 91.2 85.6 83 79 76.7 75.5 75.2 75.4 72.1 68.1 65.6 64.7 62.2 60.3 57.1 55.7 55.3 51.2 49.1 47.2 43.1 35.9 30.1 25.2 19.2 13.5 9.7 3.8 -0.7 -0.7 -0.7 -0.7 -0.7 -0.7 -0.7 -0.7 -0.7 -0.7 -0.7 -0.7 -0.7 -0.7 -0.7 -0.7 -0.7 -0.7 -0.7 -0.7 -0.7 -0.7 -0.7 -0.7 -0.7 -0.7 -0.7 -0.7 -0.7 9.9
16.3 14.1 13.5 13.1 11.1 6.5 -0.7 -0.7 -0.7 -0.7 -0.7 -0.7 -0.7 8.9 17.5 25.9 34.8 44.5 55.7 72.6 92.2 106.4 125.3 125.9 117.3 107.1 98.2 90.7 86.8 85.2 80.3 77.6 76.6 76.2 75.8 73.3 69.4 67.4 66.3 64.5 62.6 59.7 57.1 54.7 52.2 49.9 46.3 40.8 32.7 26.5 21.4 15.7 10.5 5.6 -0.7 -0.7 -0.7 -0.7 -0.7 -0.7 -0.7 -0.7 -0.7 -0.7 -0.7 -0.7 -0.7 -0.7 -0.7 -0.7 -0.7 -0.7 -0.7 -0.7 -0.7 -0.7 -0.7 -0.7 -0.7 -0.7 -0.7 -0.7 -0.7 10.1 14.1
16 14.3 12.9 12.3 9.5 5.2 -0.7 -0.7 -0.7 -0.7 -0.7 -0.7 -0.7 9.7 19.5 28.7 38.6 47.9 60.3 77.8 96.6 110.7 130 128.4 119.6 110.4 99.8 92.2 88.7 88.2 82.3 80.2 78.5 79.4 79.2 76.5 72 71.4 69.2 66.3 65.6 63.8 58.4 55.3 53 49 46.4 38.4 30.6 22.9 18 10.9 7.4 1.1 -0.7 -0.7 -0.7 -0.7 -0.7 -0.7 -0.7 -0.7 -0.7 -0.7 -0.7 -0.7 -0.7 -0.7 -0.7 -0.7 -0.7 -0.7 -0.7 -0.7 -0.7 -0.7 -0.7 -0.7 -0.7 -0.7 -0.7 -0.7 11.2 15.5 18.5
16.2 15 13.5 11.7 7.2 -0.7 -0.7 -0.7 -0.7 -0.7 -0.7 -0.7 5.5 10.2 19.6 30.9 40.2 51.7 66.1 82.6 99.6 120.1 133.4 130.4 121.2 113 101.1 93.5 90 86.8 84.3 83.5 84.9 85.8 84.3 80.4 76.4 75 72.7 68.3 68 68.6 61 56.4 53.3 48.5 45.2 39.9 31.3 21.3 14.9 9.2 5.3 1.8 0.1 -0.7 -0.7 -0.7 -0.7 -0.7 -0.7 -0.7 -0.7 -0.7 -0.7 -0.7 -0.7 -0.7 -0.7 -0.7 -0.7 -0.7 -0.7 -0.7 -0.7 -0.7 -0.7 -0.7 -0.7 -0.7 -0.7 9.6 15.4 20.8 24
15.1 14 13.1 11.3 5.6 -0.7 -0.7 -0.7 -0.7 -0.7 -0.7 -0.7 8 11.6 21.8 32.7 41.7 54.1 70 88.1 104.4 120.7 131.8 132.1 123 115.1 102.7 96.7 91.9 89.7 86.9 88.7 91 92.1 95.3 86.5 79.6 77.8 76 72.8 68.6 68.3 63.5 59 54.3 49 45.5 38.2 29.5 21.1 14.9 10.1 4.8 2.5 0.8 0.8 0.9 0.9 -0.7 -0.7 -0.7 -0.7 -0.7 -0.7 -0.7 -0.7 -0.7 -0.7 -0.7 -0.7 -0.6 -0.7 -0.7 -0.7 -0.7 -0.7 -0.7 -0.7 -0.7 -0.7 8.7 13.9 19.1 22.9 26.2
14.9 13.8 12.8 10 3.9 -0.7 -0.7 -0.7 -0.7 -0.7 -0.7 -0.7 -0.7 13.2 22.8 33.8 43.4 58.1 76.5 94.7 110.9 124.1 130.8 131.1 125.7 117.4 105.9 99.8 94.6 91.5 90 92.6 94.5 95.2 94.9 88.6 83.3 79.7 78 73.1 69.8 68.5 66.1 61 55.5 49.9 46 37.7 31.6 24 16.1 11.3 5.9 4.7 3.4 5 7.7 6.8 4.5 -0.7 -0.7 4.1 4 -0.7 -0.7 -0.7 -0.7 -0.7 -0.7 -0.7 5.8 4.8 -0.7 -0.7 -0.7 -0.7 -0.7 -0.7 -0.7 10.2 15.4 19.4 22.3 25 27.4
15.4 13.9 11.7 8.5 -0.7 -0.7 -0.7 -0.7 -0.7 -0.7 -0.7 -0.7 -0.7 13.1 24.1 32.9 43.9 63.3 80.6 99.5 117.2 135.6 139.7 133.9 128.2 119.4 107.9 101 97.1 93.5 92.4 93.1 96.9 96.9 94.4 91.4 91.6 84.5 79.9 73.8 70.6 69.7 66.3 62.7 57.3 50.7 48 42.1 31.2 25.1 21.1 14.6 11.1 8.1 5.3 7.3 10.5 10.1 7.4 1.3 3.6 6.6 6.8 6.8 6.5 4.9 3.6 2.6 5.2 7 8.2 9.7 8.7 6.9 -0.7 -0.7 -0.7 3.8 11.4 17.8 22.8 27.3 28.2 28.4 28.7
16.5 16.5 10.8 6 -0.7 -0.7 -0.7 -0.7 -0.7 -0.7 -0.7 -0.7 -0.7 13.7 23.1 33.1 48 66.2 83.8 103.2 125.4 140 143.4 137.2 130.6 121.3 109.9 102.9 98.8 95.8 94.5 95.1 95.6 95.6 94 94.9 93.6 86.3 81.4 74.7 71.2 68.3 67.1 63.2 56.9 52.7 51.3 44.5 36.5 31.8 24.1 18.1 12.4 8.5 8 9 13.8 13.1 10 3.7 5.2 8.1 8.7 9.2 9.3 8.8 8.2 6.2 8.2 8.1 10.6 13.4 12.6 11.4 9.1 8.2 8.1 9.6 16.7 23.3 29 34.2 33.5 30.5 28.6
17 16.9 10.9 5.7 -0.7 -0.7 -0.7 -0.7 -0.7 -0.7 -0.7 -0.7 -0.7 15.1 23.9 34.4 49.4 72 88.6 105.1 128.3 147.9 148.8 139.2 132.4 120.8 112.3 105.7 100.7 99.5 100.7 100.8 96.5 96.3 94.6 93.1 90 84.6 79.6 73.9 71.2 69.5 65.3 63.8 58.8 55.5 55.3 47.1 39.7 33.9 26.1 20.6 16.3 9.3 8.2 9.5 13.1 13.1 10.8 7 5.9 9.6 11.5 12.5 11.9 10.9 10.9 10 11.1 11.4 12.6 15 15 14.1 12.4 11.8 11.3 14.2 20.5 26.9 31.9 37.8 38 34.5 30.4
17.2 15.4 11.3 5.4 -0.7 -0.7 -0.7 -0.7 -0.7 -0.7 -0.7 -0.7 6.3 15.5 25.1 37.2 52.1 73.5 93.7 108.3 128.2 148.3 150.5 142.4 134.8 125.9 115.6 110.6 104.5 103.1 103.2 101.5 100.1 98.2 97.9 92.9 87.6 83.7 78.1 74.3 72.1 68.7 65.7 63.5 60.6 58.2 56.5 48.1 42.9 36.4 29 23.7 17.6 10.1 8.2 8.7 12.4 13 10.8 8.4 6.6 11.4 14.7 16.8 15.6 13.9 13.7 13.8 14.5 13.7 13.4 13.7 15.3 15.9 14.9 16.2 17.8 22.8 22.5 28.1 34.3 38.6 39.4 38.1 33.4
18.3 14.9 9.8 -0.7 -0.7 -0.7 -0.7 -0.7 -0.7 -0.7 -0.7 -0.7 7.3 16 26.8 40.1 54.9 76.7 97.6 111.9 129.3 149.1 154.3 144.8 136.7 130.8 120.1 112.2 108.1 106.8 104.7 104.6 105.3 100.1 97.3 92.8 87.7 84.3 79.9 76.8 75 71.3 70.2 68.2 63.6 60.4 57.4 50.7 44.4 37.8 31.2 24.1 18.1 10.6 8.2 8.9 12.8 12.1 10.9 9.5 6.8 9.5 14.1 17.9 18.4 18.5 16.7 15.9 15.8 15.2 14.9 15.6 16.3 16.8 21.1 23.1 26.8 29 26.2 26 31 34.8 37.7 35.6 32.2
16.3 13.3 8.8 -0.7 -0.7 -0.7 -0.7 -0.7 -0.7 -0.7 -0.7 -0.7 8.9 18.3 27.6 43.2 58.5 78.8 98.2 115.3 135 151.8 151.1 145.9 138.3 131.1 119.6 115.9 115.8 114.5 107.8 105.9 104.7 101.3 99.1 93.3 88.2 86.7 81.3 79.7 78.5 74.2 72 71.8 67.4 61.5 57 50.8 44.5 39.3 31.9 24.6 20.6 13.1 8.2 8.2 11.9 11.2 10.5 9.1 6.7 9.8 13 14.9 17.5 19.5 19.9 19.4 19.1 17.4 17.7 19 20.2 23.8 27.7 29.6 34.2 34.1 31.1 28.2 28.1 31.1 33.8 30.9 29.1
14.2 11.3 6.9 -0.7 -0.7 -0.7 -0.7 -0.7 -0.7 -0.7 -0.7 -0.7 8.9 19.8 30.7 44.7 60.9 83.2 101.5 116.8 137.4 150 148.8 143 137.9 130.3 122.5 118.1 115.2 113.6 109.2 105.8 104.7 102.5 99 96.2 91.6 87.1 82.7 81.1 79.6 75.6 73.1 73 70 65.7 58 53 45.7 41.7 33.5 26.5 18.6 12 8.5 8.2 10.6 10.9 10.4 8 7.1 11.3 13.7 14.6 17.8 20.8 22.1 22.9 21.9 21.5 22.6 26.3 30.5 34.1 35.9 35.4 35.2 35.7 32.7 30.9 28.5 30.7 30.8 30 26.2
12.9 8.6 5.7 -0.7 -0.7 -0.7 -0.7 -0.7 -0.7 -0.7 -0.7 -0.7 13.1 22.6 33 46.8 66 88.2 103.7 123.7 146 152.1 144.9 141.5 136.2 128.4 125 120 113.8 110.9 107.6 104.4 103.5 105.9 102 96.2 93.5 88.8 83.4 81 80.6 76.9 75.2 74.7 72.6 69.4 62.1 56.2 47.6 42.3 34.2 26.6 18.5 15 9.8 8.2 11.5 10.5 10.2 8.1 9.1 12.5 14.2 16.6 20.5 24 26 27.1 27.4 28.1 31.4 36.6 40.5 43.6 44.9 44.1 40.4 38.4 37.2 33.5 31.1 28.9 27.5 26.6 25.2
11.9 7.8 4 -0.7 -0.7 -0.7 -0.7 -0.7 -0.7 -0.7 -0.7 -0.7 15.7 24.6 36.5 50.9 69.2 91.5 106.5 128.7 148.7 150.2 145.6 140.4 134.7 126.9 123.8 117.7 113.3 110.8 108 105.6 105.1 105.5 102.1 96.2 91.5 87.2 84.5 82.5 78.9 78.1 78 77.2 74.3 72.6 66.5 59.7 51.9 44.2 37.3 30.7 22.1 15.5 9.4 8.2 8.2 8.4 8.8 8.8 11.6 13.7 17 21.6 25.1 27.9 30.3 32.2 34.1 37.9 45.9 49.2 51.6 54.5 54.5 50.4 45.3 42.7 43.3 36.9 33.4 30.3 27.2 25.2 22.8
10.6 7.1 -0.7 -0.7 -0.7 -0.7 -0.7 -0.7 -0.7 -0.7 -0.7 8.8 18.1 27.4 39.2 54.4 73.2 94 109.9 131.2 146.3 149 146.8 139.8 130.5 123.2 121 116.1 114.2 115.9 111.7 106.9 104.8 106.5 102 95.4 90.9 85.5 84.6 81.1 79.1 78.6 80.6 78.3 76.3 74.2 69 63.2 55.5 47.9 40.3 32.9 22.8 15.5 10.8 8.2 8.2 8.3 8.9 10 13.7 15.2 20.6 25.2 29.3 33.2 35.9 38 42.3 48.8 55.9 59.7 60.3 61.8 60.1 55.2 50.9 47.4 42.4 37.9 35.7 35.2 30.7 26.4 21.3
9.9 5.2 -0.7 -0.7 -0.7 -0.7 -0.7 -0.7 -0.7 -0.7 -0.7 10.1 19.8 29.6 42 58.3 76.4 95.5 113.9 133.8 147 145.9 145.1 137.6 128.6 122.6 120.5 115.6 116.5 115.7 111.3 108.8 105 102.5 99.1 94.6 91.4 91.7 88 84.9 81.6 81.1 81.1 79.1 77.7 74.3 71 64.7 57.5 48.9 42 33.7 25.1 18.5 13.1 10.1 8.2 7.9 8.6 10.1 15.9 19 23.8 28.6 33.4 37.2 41.2 45 48.9 58.5 64.4 65.6 65.3 65.6 64.4 59.6 56.6 49.9 42.5 37.9 37.5 40.1 35.2 31.2 26
9.4 -0.7 -0.7 -0.7 -0.7 -0.7 -0.7 -0.7 -0.7 -0.7 -0.7 11.3 21.5 33.1 45.3 64.8 84.4 102.1 119.3 136 145.9 144.9 142.1 133.2 126.6 124.8 120.1 116.2 114.5 113.8 112.8 107.7 105 99.9 97.7 93.2 90.4 92 88.6 85.8 83.6 82.2 81.5 81.5 79.9 78.1 75.3 67.2 58 50.9 42 36.8 28.1 20.3 14.6 12.1 10.8 8.5 8.6 11.8 17.2 22.5 27.1 32.5 37.2 41.6 46.1 51.1 58.9 64.2 68.6 69.6 69.4 68.8 67.9 61.9 58.9 48.3 42.5 39.2 40.5 38.5 34.4 30.5 25.9
8.7 -0.7 -0.7 -0.7 -0.7 -0.7 -0.7 -0.7 -0.7 -0.7 -0.7 13 24.7 37.5 51.4 73.8 93.3 111.3 125.6 137.8 143.2 143.2 139.6 131 126.7 123.3 118.1 114.6 113 111.2 109.5 106.6 105.8 101.9 97.1 93.1 92.7 92.4 88.2 85.9 86.3 85.5 83.9 81.6 81 79.6 76.8 68.7 59.9 52.4 41.6 37.8 31.6 25.3 17.6 14 11.8 9.6 9.5 10.8 16.4 23.6 29.7 35.7 41.1 46.4 50.5 59.3 64.8 70.1 73 74.7 73.4 73.5 68.8 64.1 57.2 48.4 42.2 42 40.4 36.5 34.3 30.7 26.4
6.4 -0.7 -0.7 -0.7 -0.7 -0.7 -0.7 -0.7 -0.7 -0.7 -0.7 17.5 30.9 44.4 60.4 82.6 100.2 119.5 133.5 143.6 143.9 143.2 137.7 132.2 126.8 122.3 117.7 114.3 112.4 112.6 111 106.5 107 103.5 98.9 93 93.6 97.1 91.2 89.8 90.1 87 84.3 83.2 82 81.7 78.2 68.8 59.9 53.1 41.1 38.2 32.8 26.5 20.9 17.9 17.6 14.4 10.3 9.7 16.4 23.8 31.2 37.5 44.2 49.2 56.3 65.5 69.5 73.5 75.5 78.4 81.7 78 71.8 68.3 59.7 50.1 43 41.5 38.3 34.9 32 29.1 26.3
6.9 -0.7 -0.7 -0.7 -0.7 -0.7 -0.7 -0.7 -0.7 -0.7 10.7 24.4 37.7 52.4 68.9 92.2 110.9 128.3 140.8 146.2 142.9 142.4 136.4 131 129.1 121.1 117.6 115.1 116 118.2 113.4 110.2 110 105.4 100.4 94 93.5 94.3 94.2 94.2 90.2 88 85.9 83.2 82.1 81 76 67.7 60.6 57.3 40.7 37.8 31.3 26.5 22.8 23.5 19.5 14.9 11.1 10.5 15 24.1 32.1 39 46.2 50.8 60.3 69.1 73.3 74.6 77.1 81.1 83.2 75.7 69.8 64.9 58.1 50.3 46.1 40.5 35.6 33.5 33 33.9 29.8
6.7 -0.7 -0.7 -0.7 -0.7 -0.7 -0.7 -0.7 -0.7 -0.7 16.8 30.9 44.4 59.9 79 100.9 120.1 134.6 143.7 145.1 142.2 139.5 134.1 129.7 126.7 121.4 117.3 116.2 116.3 118.1 111.3 111.3 111.2 108.9 103.2 95.5 93.9 94.1 96.6 94.5 89.9 86.9 84.6 83.1 82.3 80.1 75.2 67.3 59.8 53.4 40.4 37.6 31.2 26.2 25.6 27 21.5 17.8 12.7 11.4 14.7 23.2 32.4 40.3 48.1 54 62.4 70.2 72.9 74.2 78.5 82.9 84.2 74.3 65.4 60.2 53.9 49.4 44.7 39.5 40.8 38.4 37.7 39.1 32.1
5.6 -0.7 -0.7 -0.7 -0.7 -0.7 -0.7 -0.7 -0.7 11.6 24.5 37.3 53.5 69.5 89.6 109.9 129.4 141.7 144.1 141.7 140.1 137.5 131.4 127.8 124.4 122.4 117.9 116.2 116.8 114 109.8 107.7 107.3 109.8 104 96.1 95.2 95.1 96.3 95.5 91.1 87.6 84.8 83 82.1 79.7 74.8 68 58.2 49.8 40.1 37.8 29.8 26.2 25.6 26.8 23.6 19.3 15.2 13.4 16.9 23.6 32.8 41.3 49.5 56.5 64.4 69 69.8 71.7 71.6 75.9 80.8 67.8 60.5 58.3 55.8 52.3 45.7 45.9 46.8 42.4 41.1 37.2 31.6
4.7 -0.7 -0.7 -0.7 -0.7 -0.7 -0.7 4.3 8.8 16.1 30.4 45.7 61.5 78.9 98.2 121.3 138.9 143.6 142 140.5 139.4 135.4 129.2 125 123.8 121.1 120.1 116.7 115.6 113.1 110.8 109.3 107.3 109.9 104.9 98.9 100.5 101.4 98.3 98.2 94.4 89 85.3 84.2 83.7 82 75.2 68.4 58.3 50.2 40 35.8 29.9 25.3 22.4 22.9 21.9 20 16.2 12.2 16.6 23.9 33.3 42.8 50.1 57.8 64.7 68.8 68.9 65.6 66 66.9 65.7 59.6 56.7 58 59.3 52.8 49.1 50.8 50.2 45.7 43.8 36.2 29.9
4.6 -0.7 -0.7 -0.7 -0.7 -0.7 -0.7 6.7 14.6 21.5 35.7 49.4 65.8 87.1 107.8 130.8 144.4 144 142.3 141 138.6 134.7 128.7 125.1 124.2 121.1 120.4 118 116.7 113.8 112.7 110.5 108.6 109.3 106.5 104.8 105.3 106 101.4 100.8 96.9 92.8 88.9 85.7 85.6 84.5 79.9 69.6 57.9 49.2 40.7 35.6 29.8 24.5 21.7 18.6 20.4 17.7 16.7 14.1 16 23.6 32.6 45.5 50.2 57.1 63.9 69.5 67.7 64.1 63.2 61.3 57.7 53.7 54.2 57.8 57.3 53.2 51.8 53 48.1 45.9 43 34.7 28.5
-0.7 -0.7 -0.7 -0.7 -0.7 -0.7 -0.7 13.7 20.1 27 41.5 55.2 73 94.8 119.4 138.5 145.7 144.8 141.6 140.3 138.1 134.8 130.4 125.1 125.3 122.7 122.4 119.2 119 116.5 115.7 112.7 110.6 109.7 107.5 107.6 108.1 108.2 102.4 99.4 96.4 95.7 91.2 87.2 87.2 85.7 81.5 70.9 60.8 51.6 41.1 35.8 30 23.5 19.8 17.9 17.8 17.2 16.1 13.8 15.9 23.1 31.4 41.9 48.9 55.5 60.6 63.8 63.5 63.3 60.3 55.2 54.1 50.7 52.4 56.9 55.8 54.4 54.8 52 48.2 44.7 38.9 33 26.4
-0.7 -0.7 -0.7 -0.7 -0.7 -0.7 -0.7 18.2 19.4 31.9 47.9 63.6 83.1 102.8 126.1 142.5 147.8 145.3 140.9 139.7 137.6 133.5 131.7 126 124.9 122.9 123.8 123 119.2 118.7 118.2 114.5 111.9 110.2 109 108.4 106.7 104.8 101.4 97.8 94.9 96.3 94.1 89.6 88.5 86.3 82.8 73.3 63.9 52.9 41.3 35.9 29.6 21.2 15.8 16.9 18.5 17.4 15 13.8 16.7 22.9 30.2 38 45.5 52.4 57.9 61.3 60.8 59 55.3 51.4 52.5 48.7 52.9 53.7 55.3 55.9 52.4 47.4 43.9 39.2 34.1 27.7 22.4
-0.7 -0.7 -0.7 -0.7 -0.7 -0.7 10.4 15.8 22.1 38.4 53.9 73.9 93 110 134 147.5 150.3 144 140.6 138.5 135.3 130.3 127.8 126.2 125.6 121.6 124.3 123.9 122.8 119.8 119.9 115.5 111.7 110.6 108.5 108.2 104.7 102.3 104.5 99.9 96 93.1 92.2 93.2 96 93.1 82.6 71.3 61.6 53.5 42.5 36 28.8 20.1 13.4 14.1 15.8 14.8 13.8 13.8 18.8 22.7 28.9 35.4 42.3 49.4 55.8 58.4 61.1 58.1 53.8 46.9 46 46.7 49.8 52 52 50.3 45.9 41.6 38.5 37.1 30.2 23.7 19.1
-0.7 -0.7 -0.7 -0.7 -0.7 -0.7 12.5 17.5 27.7 43.3 62.9 81.7 100.9 122.6 140.9 151.1 151.6 143.7 139.9 136.2 132.2 128.3 126.8 126.2 125 122.9 125 124.3 124 122.9 121.3 115.7 113.2 111.6 109 108.8 104.2 102 100.5 95.6 93.1 89 91.2 92.3 96.4 100.8 89.2 77.6 66.1 53.7 43 36.1 29.2 19.6 14.2 13.8 13.8 13.8 13.8 13.8 16.3 21.6 27.9 33.7 43.1 47.7 55.5 57.3 57.1 56.9 52.1 45.9 45.2 46.1 47.6 47.3 46.1 43.9 41.1 36.9 36.4 33 25.8 21 18
-0.7 -0.7 -0.7 -0.7 -0.7 8.9 16 21.5 35.5 50.7 70.1 91.4 111 130 145.7 152.4 148.6 142.7 137.9 133 129.1 126.5 125.7 125.4 122.3 122.3 126.9 128.7 126.2 125.4 121.1 116.8 114.3 110.8 109.1 106.5 100.7 99.7 96.4 90.5 86.6 85.8 88.6 89.5 95.3 99.9 87.3 77.5 66.9 55.4 42.8 34.7 27.8 19 13.8 13.8 13.8 13.8 13.8 13.8 16 22 28.7 34.6 42.2 46.1 51.1 54.6 54.1 53.2 49.8 44.1 43 45.7 46.2 46 43.7 42.2 38 34.3 32.3 30.1 24 21.2 18.9
-0.7 -0.7 -0.7 -0.7 -0.7 14.2 18.2 26.3 39.3 58 79.3 100.7 115.3 136 147.4 149.8 145.9 140.8 136.3 131.8 127.9 126.1 125.3 124.5 122.5 123.4 130.5 133.2 127.6 125.4 121.1 117.1 113.7 108.9 107.7 102 97 99.3 96.2 86.9 82.6 81.4 82.8 85.7 91.5 93.6 84.8 74.6 63.6 54.5 43 34.5 28.4 19.3 13.2 13.8 13.8 13.8 13.8 13.8 16.6 21.3 28.6 35.4 38.9 42.5 46.1 48.6 51.8 50.2 46.5 43.3 42.4 43.1 44.1 42.8 40.4 37.7 34.8 31.7 29.8 27.1 25.3 23.1 21
-0.7 -0.7 -0.7 -0.7 -0.7 15.7 21.5 31 44.3 64.6 85.3 103.4 121.2 142.1 147.2 147.4 143.3 139.7 135.1 131.4 126.4 125.3 124.3 122.7 124.1 124 128.7 132.2 126.7 127 120 115.9 111.3 106.1 102.1 97.1 94.3 96.7 90.9 82.4 79.3 76.8 77.2 82.6 88.8 89.6 82.9 72.4 61.2 51.1 41.9 34.6 26.9 18.1 15.3 13.8 13.8 13.8 13.8 13.8 15.4 19.7 25.8 31.4 35.4 40.3 45.3 47.3 48.9 47.3 44.3 42.3 42.4 41.8 41.8 40.1 37.4 35 33.5 30.8 28.9 27.5 25.2 21.8 16.4
-0.7 -0.7 -0.7 6 11.9 17.1 26.8 36.5 51.8 68.6 84.4 104.2 132.7 146.5 148.6 146.5 142.8 139.4 135.4 129.6 125.7 124.3 123.2 118.5 122.4 123.3 129 132.7 125.8 122.6 119.3 114.8 109.5 102.9 98.8 94.2 89.9 90.7 82.7 76.4 75 75.5 75.9 82 87.3 87.7 80.6 70.4 60.7 50.7 42.8 33.6 25.8 17.8 14.2 16.1 16.8 13.8 13.8 13.8 17.7 19 25 29.1 34 43.3 46.5 44.9 43.9 42.5 41.4 43.7 43.1 41.2 40.2 37.6 34.9 33.2 32 29.5 28.5 25.8 22.3 18 14.7
-0.7 -0.7 -0.7 10.2 16.4 19.8 33.3 42.7 55.5 70.4 85.4 109.3 133.6 151.2 150.1 144.9 141.5 138.4 133.4 128.5 124.8 123 120.7 117.4 117.4 122.7 128.4 129.8 123.5 120.9 117.5 113.3 105.8 101 95.5 89.7 85.6 81.5 74.9 71.8 72.9 74.2 75 82.6 86.6 86 79.1 70.2 59.4 50.9 43.2 32.7 25.8 18.5 14.9 17.9 18.6 15.8 15.7 13.8 14.7 18 24.6 28.3 34.9 39.8 44.3 42.9 42.4 41.4 41.4 43.4 41.6 40 39.3 36.8 34 32.1 29.9 27.6 24.7 20.7 18.1 14.9 12.8
-0.7 -0.7 -0.7 11.8 19.4 24.2 36.4 48.8 60.7 71.7 87.9 114.3 137.8 150 148.6 144.3 140.8 136.7 133.6 127.9 124.6 121.7 120.3 117.4 117.4 119.2 125.7 126.3 122.6 120 115.4 109.3 101.8 96.9 91.9 87.6 82.3 77.1 69.8 68.7 72 73.3 74.4 82.3 86.3 86 80 72.4 62.2 51.6 41.7 32.5 26.5 19.7 18.6 20.8 18.7 16.4 13.9 13.8 13.8 16.9 21.1 27.4 35.8 42.5 42.6 42.4 42.4 42.5 42.8 43.1 40.8 39.4 38.1 36.2 35.5 33 29.9 26.2 22.1 17.2 14.4 12.2 10.5
-0.7 -0.7 7.1 12.8 22.8 30 41.3 55.9 65.9 77 92 114.6 140.1 148.2 147.3 142.2 137.3 132.3 130.4 128.5 123.1 120.3 121.4 118.4 123 119.4 121.8 121 120.9 117.5 112.4 105.6 98.2 93.6 90.1 86.9 80.6 73.5 65.5 66.3 69.9 70.7 73.9 81.9 86.6 85.3 80.6 73.1 61.8 50.6 40 31.1 25.3 20.1 21.3 22.9 20.3 16.9 15.7 13.9 14.7 16.5 21.1 29.4 38.4 43.9 43.9 42.8 42.6 44.7 43.7 42.3 40.7 39.7 38.6 38.6 38 33.6 29.7 26.4 21.8 18.3 13.4 9.9 7.3
