app/static/ascii/HU45.asc
ncols 200
nrows 200
xllcorner 440000
yllcorner 1150000
cellsize 50
[rows 78 to 116 of 200, columns 0 to 85 of 200]
78.9 72.5 76.8 78.7 69.5 60.9 49.3 42.2 54.2 59.8 66.9 73.4 75 80.6 89 95.4 102.6 114.1 127.5 132.1 120.7 104.4 85.9 70.3 58.6 48.7 47.9 46.9 45.9 45.1 44.3 41.9 42.7 43.2 48.1 52.7 53.9 53.5 54.3 55.8 60.8 67.5 79.8 93.9 107.9 121.3 132.1 131.8 128.8 130.5 126.1 121.5 123.7 121.7 120 122.3 131.2 136.3 140.4 144.9 148.8 151 149 144.4 139.4 134 132.7 132.2 130.1 127.5 128 127.8 132.2 133.1 128 121.5 112.3 98.5 85.1 80.9 77.2 74.7 81.1 84.1 89.9 94.4
73.8 70.1 75.8 77.3 66.9 58.3 47 43.2 54.4 58.7 67.2 72.6 73.7 80.3 87.5 94.6 102.9 113.6 125.4 131.6 116.3 99 84.9 70.7 58.3 49.1 48 47 46 45.1 44 41.8 41.3 43.1 46 49.9 52.5 52 53.9 57.5 61.9 69 82.1 95.9 108.6 123.8 133.2 131.4 128.1 128.6 124.6 120.2 125.5 127.4 120.6 124.9 131.4 135.7 140.5 144.9 149.2 149.3 146.4 141.4 137 131.9 126.8 125.2 123 119.5 122.4 122.8 127.3 126.2 120.3 112.2 106.1 92.5 80.8 76.1 73.3 72.3 77.2 80.8 87.1 92.2
70.5 68.2 73.7 76.2 68.3 57 43.5 45.7 52 57.4 65.8 70.6 72.3 79.7 86 92.8 101.9 113.4 124.8 129.3 116.2 98.9 85.8 71.3 58.2 49.2 48.1 47.1 46.1 45.4 44.3 43.1 42.7 42.4 45.8 47 50.4 54.1 56.7 59.8 64.7 70.7 84.8 97.2 110.7 124.4 131.7 130 128 124.5 120.9 123.4 126.6 124.9 124.1 125.7 130.5 136.2 138.7 143.6 148.8 145.8 145.5 141.8 135.5 128.3 124.6 119.8 116.5 114.6 116.5 116.4 118.3 117.6 114 106.2 98.2 88.8 78.6 71.8 69.1 69.8 73.7 77.7 83.8 88.4
67.9 67 71.5 75.1 68.1 56.5 46.3 43.2 50.9 56.9 64.3 69.1 71.8 77.6 83.5 90.8 99.9 111.5 121.6 125.9 113.5 99.9 85.9 72.1 56.9 49.5 48.2 47.2 46.3 45.6 44.6 43.1 42 43.4 44.6 48.2 52.3 56.8 59.4 62.5 66.8 71.2 86.2 99.3 112.1 125.1 130.8 128.4 128 122.9 117.8 123.4 126 125.3 125.2 127 129.6 135.3 138.9 144.7 148.8 142.2 141.2 140.8 133.3 125.9 120.6 117.3 113.3 111.7 111.7 114.8 113.3 110.4 105.3 97.1 89.2 82.2 75 63.4 66.2 67 69.4 74.7 78.8 84.8
66 65.2 68.3 71.9 66.4 54.8 42.5 42.9 48.9 54 60.5 68.7 71.7 77.4 80.4 87.6 97.6 109.8 120.5 123.1 113.9 101.8 87.2 71.9 56.2 49.8 48.5 47.2 46.5 45.9 44.9 43.7 43 41.9 44.1 47.6 51.3 56.4 60.8 63.5 68.2 77.6 89 103.6 114.6 125.1 127.7 127.7 131.5 123.2 118 121.9 123.9 127.9 124.8 125.2 129.6 135.3 139.2 145.2 145.3 140 137.2 136.4 129.1 123.6 117.8 114.9 111 109.6 110 110.8 109 103.5 97.5 89 81.3 75.6 68 60.8 62.4 64.7 66.1 70.1 74.3 78.6
64.5 64.3 67.8 67 63.7 53.3 37.5 43.8 47.9 52.3 57.5 65.6 70 75.7 78.7 85.1 94.9 105.6 116.6 121.2 115.7 103.8 88.1 71.9 58 51.6 48.7 47.1 46.7 46 44.5 43.3 42.5 41 44.1 48.3 52.2 55.9 61.8 67.4 73.2 82.7 94.4 106 117.7 126.6 131.1 127.8 130.3 122.8 119.2 120.7 122.5 123 124.4 123.8 128.7 134.2 137.5 143.5 140.9 139 134.5 131.3 126 119 114 109.7 106.8 108 107.2 107.9 105 98.1 90.9 83.1 78.9 71.1 62.4 59.6 61.3 62.6 62.8 65.5 69.1 74.1
61.5 68.7 74.9 67.7 61.7 52.1 35.5 41.6 47.4 51.9 59.7 65.8 68.3 75 79.3 83.8 93 102.4 112.1 117.8 117.7 103.1 86.4 72.2 60.2 54.4 49.5 47.1 46.4 45.9 44.7 43.1 42.2 42.7 44.2 47.5 52.7 57.5 62.8 67.6 72.8 79.9 95.7 107.3 120.7 127.9 132.3 127 127.7 120.6 116.4 120.5 118.3 120.8 122.4 122.7 124.7 130.5 135.9 139.3 137.9 140 135.2 129.1 123.9 118.3 113.3 108.1 104.2 104.2 105.2 105.6 101.1 95.4 87.3 79.9 74.8 67.3 57.3 58.8 59.9 60.9 60.5 61.2 65.3 68.5
59.9 68.7 75.7 68.6 62.5 52.2 38.7 38.9 45.6 52.2 60.3 65.3 68.9 75 79.2 84.6 93.4 101.7 109.7 115.5 116.1 98.9 84.5 70.1 60.5 55.9 49.8 47.1 46.2 45.8 44.8 43.4 40.9 43.2 44.5 47 53 59.3 63.1 67.1 74.2 82.9 94.6 107.4 120.1 130.5 130.4 123.7 124.8 118.3 117.4 120.5 120.4 121.2 123.7 121.3 122.4 128.7 133.2 136.5 134.8 137.6 132.7 124.1 120.3 115.3 111.2 104.3 100.2 100.1 102.1 101.2 98.3 92.2 83.3 76.1 69.3 63.5 56.2 57.7 60.4 59.7 59.2 58.1 61.6 62.6
56.4 64.9 70.7 66.5 62.3 51.9 38 38.5 45.1 51.5 58.7 62.5 68.5 75.2 79.5 87.8 94.1 101.3 109.9 114.4 113.1 97.6 80.8 69 60.2 54.7 49.3 47.2 45.9 45.6 44.8 42.5 40.9 42.8 45.2 48 54.9 58.6 62.5 69.1 74.9 83.4 93.6 105.7 118.7 129.8 130.1 122.1 120.6 116.2 116.7 118.5 117.6 118.9 120.1 117.5 120.6 127.1 130.6 131.1 130.4 129.4 123.3 117.1 114.5 111.1 106.9 99.2 95.8 98.9 99.8 99.1 97 91.2 82.5 73.4 64.3 57.9 55.3 57.7 59.6 58.4 58 56.6 56.2 57.5
54.4 62.5 65.6 63.2 60 50.5 33.6 41.3 45.5 49.9 58.3 61.6 67.7 76.3 81.9 90.1 95.4 102.9 111.4 115.8 108.3 95.1 78.3 65.7 56.7 52.8 49.2 46.9 45.5 45.1 44.2 42.2 42.4 43.3 45.8 48.5 53.1 57.9 63 68.6 74.7 83.7 94.2 105.2 116.4 127.9 125.1 119 117.6 113.2 117.2 116 116.6 117.3 115.3 114.5 118.4 125.2 128.8 127.2 125.1 125.4 118.5 110.9 109.1 106.7 99.3 93.6 94.6 96.7 97.7 98.9 94.9 89.6 81 71.9 62.2 53.9 53.9 55.6 58.9 57.4 57.3 56.5 55.4 54
53.2 58.8 60.1 58.5 57.9 48.9 37.7 39.2 42.3 48.9 56.6 62.5 68.1 77.1 82.8 91.7 98.4 105.4 115.5 119 107.1 89.1 75.4 63.7 54.9 50.5 48.7 46.4 45.3 45.5 44.3 41.3 41.2 43.9 46.7 49.5 52.3 56.7 62.4 68 74.9 83 93.7 105.3 116 122.8 120.9 117.1 115.7 114.2 116.8 115.4 114.4 114 111.9 112.5 118.2 123.3 125.7 122.5 121.2 121.4 113.7 107.7 105.4 102.5 93.6 90.2 92.2 95.1 97.4 96.1 91.9 85 79.2 68.9 59.1 54.9 53.4 54.1 56.7 56.4 56.2 55.7 54.9 52.8
54.8 57.1 56.2 57.1 54.4 45.9 37.7 36.5 41.8 48.9 56.1 63.2 69.1 76.7 81.8 92.1 100 107.9 117.5 119.4 104.9 87 73.5 61.3 50.5 47.9 47.6 45.9 44.9 45.1 43.5 41.9 41 43.9 46.9 49.2 51.9 55.8 61.3 67.6 76.2 84.6 95.4 105.1 115.3 121.9 118.5 117.4 113.1 117.2 117.3 114.7 110.9 110.6 110.4 111.2 116.6 121 120.6 116.7 117.9 116.9 111.1 105.7 103.8 97.3 90.2 89.7 91.4 92.9 94.7 93.3 89.6 83.9 76.7 65.6 57.4 54.4 51.4 53.5 55.3 55.6 55.7 55.3 55.3 54.5
52.4 54.9 53.2 54.6 50.3 41.7 33 37.1 39.7 48.8 56.1 63.8 70.5 76.8 81.1 91.6 99.9 109.3 117.6 117.1 102.8 87.4 71.7 58.6 46.9 46.5 46 45.2 44.9 43.8 42 41.4 38.8 43.7 45.8 48.7 51.6 55.7 60.1 68.1 77.7 86.5 96.6 106.2 114.9 119.9 117.2 115 109.8 112.4 111.5 110.2 109.1 109.4 108.9 112.6 117 118 115.9 112.1 113.4 116 110.5 105.9 103.1 93.9 88.4 87.5 91.3 91.4 91.5 92.5 87 80.9 72.2 63.6 55.8 52.2 49.3 52.2 54.4 54.4 55.2 55.5 55.3 53.5
45.5 50.5 48.6 48.4 43 33 32.3 36 40.4 49.6 57.5 62.8 68.6 76 81.5 90.2 98.7 106.2 114 110.9 100.2 85.3 70.7 56.1 46.3 45.8 46.2 46 44.7 43.4 41.5 40.7 38.8 42.2 45.5 47 50.5 54.9 61.6 69 78.1 86.9 97 106.4 116.8 119.6 118.3 114.1 108.5 109.7 109.4 108.3 106.4 107.2 107.4 111.2 115.1 116.7 112.5 110.2 109.3 109.3 107.9 103.9 100.4 94.3 86.1 86.1 88.5 89.3 89.7 87.9 82.2 76.7 68.6 60 54.6 51 48.9 51.3 52.7 53.7 54.5 54.9 55 53.9
42.7 47 44.8 43.7 35.7 30 36.3 40.8 47.4 53.7 58.2 60.7 66.8 74.1 80.7 88.5 96.2 103.3 106.8 104.6 95.4 82.2 67.3 52.9 45.7 44.8 45.5 46.2 44.8 42.6 40.7 40.3 38.5 41.6 44.6 46.6 50.4 55.7 60.3 69.1 78.3 87 98.7 107.7 115.9 119.5 117 111.7 106.2 104.2 108.3 104.3 102.8 103.6 105.6 109.5 113.7 112.7 109 107.6 108.1 105.7 103.6 102.4 99.4 92.1 84 83.7 85.2 86.2 86.3 85.9 79.9 72.7 64.4 56.3 52.1 49.4 48.3 50.6 51.9 52.5 53.6 54.6 55.6 53.9
40.5 46.8 43.4 39.8 28.3 32.3 40.6 46 56 61.6 59.5 61 66 71.7 78.4 87.2 94.3 100.5 102.2 99.3 90.1 78.5 65.1 50.1 45.4 43.7 44.4 45 43.8 41.9 37.9 38.5 39.7 41.5 44.6 46.6 50.9 56.8 61.6 69.9 78.3 86.9 98.9 111 116.2 119.1 113.7 108.1 102 102.2 103.5 103.5 98.6 99.6 104.5 108.6 111.5 110.6 106.6 106.9 107.5 105.6 102 104 97.6 88.5 81.3 81.9 81.4 81.1 81.8 80.9 75.7 68.5 59.8 53.3 49.7 45.7 49.1 50 51.1 52.1 53.5 54.9 55.9 55.6
40.1 42.7 41.3 34.7 25.6 32.5 41 48.1 58.6 63.6 60.9 61.6 66.4 70.8 76.8 85.7 93.2 97 96.9 94.2 85.3 74.3 62.7 47.4 43.6 42.7 43.1 43.4 42.7 41.4 38.6 41 40.7 44.2 46.1 47.4 51.1 56.4 62.2 70.2 77.7 86 98.6 108.4 114.8 116.5 109.6 105.4 103 99.4 104.3 102.2 94.6 98.1 102.1 106.6 109.1 107.7 105 106.1 106.7 102 100.9 100.2 93 83.1 79 80.4 80.1 78.1 77.1 77.3 71.8 63.3 55.9 50.7 47.7 44.3 48.2 49.7 51.3 52.5 54.1 55.3 55.7 54.7
42.2 39.3 37.9 28.7 27 31.5 39.4 46.7 55.3 61.1 60.8 63.1 65.9 69.6 75.6 83.8 90.6 92 89.8 86.4 80.1 70.7 58.9 44.9 42.3 41.8 42 41.5 41.7 39.5 38.3 41.1 42.8 48.1 49 49.3 52.5 56 62.3 69.1 76.8 86.2 96.8 106.4 110.9 109.3 104.6 101.5 100.3 93.1 96.9 96.1 90.1 96.1 100.7 105.7 108.8 104.5 101.7 104.3 103.3 99.4 99.1 96.9 88.7 79.3 78 79.2 77.5 73.5 73.2 73.3 67.8 60.1 52.8 47.2 44.6 45.6 46.4 49.5 51.5 52.6 54.2 55 55 54.3
39.2 36.7 34.4 27.2 28.2 32.7 37.3 44.2 52.2 56.6 60.2 61.5 64.9 68.1 73.7 80.7 86.4 87.2 83.7 79.8 74.2 66.4 57.4 44 42.1 40.6 39.4 38 38 38.1 38.7 41.2 44.2 48.1 51.7 50.2 50.4 54.6 60.5 68.4 76.5 86.9 97.2 106.4 107.7 103.3 100.3 97.2 95.4 91.1 91.4 90.4 87.2 92.6 98.6 104.8 105 100.7 101.7 102.4 100.5 97.9 97.5 90.9 84.7 76.7 77.3 77.9 77.4 71 69.1 67.9 63.4 56 50.4 45.8 44.6 43.8 45.1 48.3 51 52.8 54.6 55 54.6 53.2
34.5 35 32 22.9 26 30 35.9 42.7 47.5 53.4 58.9 60.6 63.5 66.9 72.5 78.3 82.6 83.6 80.7 75.5 70.6 64.3 56.3 44.2 41.2 38.7 38 38 38 38 38 40.2 44.4 46.7 48.9 50.2 49.1 53 58.7 67.1 75.6 86.2 96.5 106.1 104.9 101.1 97.6 92.5 90.5 88.2 85.2 85.6 86.2 91.2 96.3 99.4 99.1 98.1 102.6 98.9 96.4 94.5 92.9 87.1 81 74.9 73.9 73.4 74.6 69 65.4 63.1 56.9 50.5 47.8 43.7 42.2 43.5 45.4 48.9 51 53.3 55.7 57 55.6 53.5
31.9 32 28.9 25.6 27.9 32.2 36.7 44.7 51 53.3 57.9 60.6 62 66.2 71.9 77.2 78.6 79 77.7 72.9 68.9 62.9 55.1 44.8 39.9 38 38 38 38 38 38 40.2 44.9 45 45.6 46.6 47.5 49 55.9 64.9 74.4 84.8 94.7 102.1 99 97.9 92 87.2 88.2 85.2 82.3 81.4 84.9 89.3 93.9 96.7 95.3 96.1 97.8 96.2 94.8 92.2 90.2 83.1 76.6 73 71.1 69.2 69.3 66.1 62.6 56.8 51.5 46.8 44.1 41.9 39.8 43.9 45.2 50.2 51.5 54.5 57.7 59 57 53.3
29.7 31.3 26.3 24.5 27.5 32.1 38.3 48.5 54.6 57.1 58.8 60.7 63.3 68.4 72.5 76.3 76.1 74.9 73 69.6 67.5 62.1 53.7 48.4 43.1 38 38 38 38 38 38 39.8 44.1 43.3 43.4 44.3 45.7 47.1 53.4 62.1 72.6 81.7 91.6 95.5 94.9 94.2 90.4 84.4 84.9 84.2 79.3 76.9 82.3 86 90.6 93.2 94.3 95.6 99.2 98.5 93.2 91.2 87.1 80.2 76.6 72.6 72 64.8 64.6 62.6 59.2 51.2 46.1 43.7 41.3 38.6 41.8 44.6 45.7 49.5 52.7 57.2 60.6 61.8 59.3 55.3
28.3 28.9 22.9 24.7 28 33 39.9 50.1 54.6 57.8 60.3 62.6 65.8 70.9 75.8 76.2 76.1 73.1 70.2 67.7 65.5 60.6 54.4 45.9 41.2 38 38 38 38 38 38 42.6 43 41.9 42.9 42.9 43.5 45.5 50.1 59.8 69.9 80.6 86.5 89 89.8 90.8 86.2 80.7 81.7 81.8 76.2 72.7 79.3 83.4 87.5 91.2 91.9 95 98.9 98.5 92.5 87.9 84.4 77.3 72.4 71.4 70.5 62.7 57.2 57.8 54.6 48 40.7 40.9 39 39 42.5 45.4 47.9 51.3 54.4 60 63.6 64 61.5 57.1
27.2 26.6 22.7 24.6 29 33.1 41.1 48.1 53.6 56.9 61.3 64.4 67.7 73.8 77.5 77.5 76.3 73.3 70.6 67 64.3 58.7 53.5 46.4 42.6 38 38 38 38 38 38 43.2 45 40 38.2 38 38 42.9 47.5 55.8 66.8 75.5 79.6 81.2 82.4 84.1 80.8 76.6 76.2 76.1 72.6 72.4 76 79.4 83.7 87.6 89.4 93.4 97.3 95.5 92.3 86.3 82.9 76.7 71.8 72.3 68.8 62.5 53.4 53 49.1 41.2 37 37.5 35.9 38.8 43.5 46.2 49.3 52.2 56.1 61.9 67.9 65.7 62.8 56.8
24.4 24.7 23 24.6 28.7 33.3 41.4 46.7 52.7 57.1 61.4 65.2 69 75.2 78.9 80 77.6 75.1 70.8 67.6 63.2 58.1 50.5 45.5 43.6 41.8 41.1 38.5 38 38 38 38 39 38 38 38 38 39.5 45.8 51.2 62.4 70.1 71.8 73.5 75.3 77.1 74.7 72 70.2 70.3 68.8 71.3 72.7 77.4 80 85.7 88.5 93.1 94.5 93.7 90.7 87.5 82.3 75.7 71.3 71.1 67.4 59.3 50.2 48 42.4 34.9 33.9 33.6 30.9 38.7 43.5 46.3 49.6 52.3 56.9 63 65.9 64.6 64.4 56.7
25.9 23.7 22.8 23.9 28.3 33.8 40.7 46.1 51.8 57.8 63.6 68.4 73.9 79.3 83.6 83.1 81.4 78.3 73.3 67.7 63.5 57.9 51.3 46.5 45.3 44.3 43.8 42.7 38 38 38 38 38 38 38 38 38 38 41.8 48.5 58.2 66.4 69 67.4 69.1 70.2 68.8 67.6 67.3 65.3 60.1 68.3 69 73.3 76.3 81.3 86.8 90.8 92.7 91.8 91.9 88.5 84.8 76 70.9 71.3 67.6 57.8 48.9 41.6 35.5 30.6 32.2 31.7 28.6 36.8 42.1 47.3 50.2 52.6 56.9 62.7 65.9 62.6 60.2 53.7
25.8 23 23.6 24.8 28 34.1 40.9 46.6 52.1 57.8 65.3 71 78.1 84.3 89.5 90 85.5 81.2 76.7 69.1 64 58.9 52.4 48.5 46.7 45.3 44.2 43.5 38.1 38 38 38 38 38 38 38 38 38 38 45.1 51.2 62.6 64.1 62.1 63.9 66.3 63.2 63 61.1 60.6 61.5 64.7 65.8 70.1 73.7 79.6 83.3 87.9 89.5 91.3 90.6 88.3 84.1 75.5 69.8 70.8 65.8 56.2 46.6 39 31.9 27.2 28 28 28.9 34.9 40.8 47 50.5 52.4 58.2 63.5 65.4 61.2 56.9 50.7
24.7 23 21.3 23.9 26.7 33.6 38.7 45.6 51.5 57.6 66.3 72.6 81.3 88.5 94.6 95 89.5 85.3 80.1 71.6 64.9 59.5 53.9 49.3 47.1 46.7 46.4 47.1 42.9 38 38 38 38 38 38 38 38 38 38 38 48 55.5 58 57.2 59 60.3 59.2 56.2 54.5 54.5 57.5 58.9 63.7 66.8 71.7 77 79.8 83.2 86.8 89.6 89.4 86.3 81.5 74.7 69.5 68.9 64.2 54.4 43.5 35.3 27.5 25.1 24.4 23.3 26.4 33.1 39.6 46.5 49.7 52.4 59.5 65.9 67.1 63.6 60.8 50
24.6 23 21.8 22.1 27.2 31.6 37.4 43.7 49.6 57.8 68.3 76.8 85.4 94 98.6 100.2 93.7 89 82.2 73.7 65.9 59.2 55.2 50.3 48.7 50 50.9 49.7 44.2 38 38 38 38 38 38 38 38 38 38 38 41.5 49.6 51.6 52.6 55.2 56 53.4 51.7 49 47.5 52.7 56.1 59.6 63.3 68.2 72.1 75.8 78.6 83.1 86.6 85.2 84.5 82.8 73.2 70.3 69.2 64.6 52.2 39.8 32.1 24.9 22.2 21.6 21.5 26.1 31.5 38.1 45.7 48.6 52.6 59.8 66.7 66.6 65.3 58.9 50.9
24.5 23.9 21.9 21.2 26.4 29.6 35.6 41.3 47.3 57.3 69.2 79.6 90.1 98.3 103.1 103.7 98.1 91.6 83.7 75.3 66.8 60.1 54.5 50.9 50.6 53.5 59 53.6 44.5 38 38 38 38 38 40.7 38 38 38 38 38 39.3 45.9 46.6 48.8 50.6 51 49 46 43.7 43 45.1 49.8 55.1 59.6 62.9 68.3 72.2 74.9 77.6 80.8 82.1 80.5 76.6 70.9 67.8 62.6 59.7 49.3 37.3 28.7 22.9 20.4 20.2 20.2 23.7 30.1 36.7 42.7 47.2 51.5 59.5 65 64.6 63.9 60.7 51.1
23.7 25 20.6 21.7 25.8 28.1 32 39.9 45.1 57.2 70.2 81.9 92.7 102.4 105.8 107.7 102.6 92.3 83.7 74.9 67.7 61 54.7 52.1 52.5 55.5 60.5 55.8 43.3 38 38 38 38 38.9 44.2 41.4 38 38 38 38 41.7 42.8 45.5 46.2 45.9 45.3 44.4 42.4 38.5 40 37.5 43.8 49.6 53.9 58.4 63.7 66.9 69.2 71.6 74.5 75 75.2 68.8 69.9 64.4 58 55.4 46.2 34.8 26.9 20.8 19.6 19.4 19.2 21 26.8 35.2 40.4 44.8 51.5 58.3 63.4 63.3 60.9 56.6 47.9
22.8 23.9 23.4 21.5 24.3 25.8 29.1 36.8 41.4 56.8 69.9 80.6 92.6 101.7 105.1 107.2 101.7 92.6 82.3 73.9 66.7 60.6 54.6 53.4 53.3 57.7 60.9 55.5 47.8 38.4 38 38 38 38 38 38 42 40.8 40.1 42.6 43.8 43.8 43.8 44.5 42.2 40.9 39.1 37.3 35.8 36.9 34.4 38.8 44.4 49.8 54.8 58.8 62.2 62.9 65.6 68.7 69.8 67.5 64.5 67 60.4 55.1 49.4 41.4 31.8 24.4 19.3 18.6 18.3 18.2 19.5 26.2 32.7 37.6 44.3 50.8 58.1 64.8 63.5 60.4 52.9 43
22.6 22.9 22.1 22 23.8 25.3 29.5 33.3 39.6 55.9 67.9 78.3 89.2 97.8 102.6 104.2 98 89.8 79.9 71 65.3 59.6 53.5 52.3 52 55.8 58.4 53.1 48.7 43.3 38 38 38 38 38 38 38 41.2 42.1 43.2 46.1 45.3 44.6 43.3 43.2 40.1 36.2 34.5 33.7 34.4 32.3 34.6 40.8 45 49.3 53.3 56.3 57.9 59.7 62.5 61.9 59.9 58.2 57.1 51.6 48.1 44.7 38.4 28.4 21.6 18.4 17.9 17.5 17.9 18.8 23.4 30.5 36.4 42.9 49.7 57 61.8 63.2 59.8 51.2 39.5
22.5 21.3 20.2 22.3 22.4 24.5 28.3 32.4 40.4 54.3 65.9 75.3 85.1 93.9 97.2 99.1 93.8 85.4 78.3 69.6 62.5 56.4 51.6 50.8 50.3 51.2 54 53.8 49.6 43 38 38 38 38 38 38 38 41.7 43.4 47.5 50.9 54.7 54.2 50.2 47 41.4 36.1 33.4 32.6 32.5 30.1 32.7 34.5 39.5 44.5 49.4 51.8 53.3 55.1 55.8 55.7 52.1 50.4 48.6 45.7 41.8 38.5 32.5 25.3 18.4 17.6 17.2 16.8 17.3 20.1 22.9 28.5 35.2 41.9 48.6 55.3 57.8 57.9 55.2 46.5 35.6
22.1 21.2 19.4 21.1 22.3 24.5 28 30.6 40.3 54 63.4 72 81.6 88.7 89.6 90.9 86.6 81.5 75.4 67.5 61.1 53.7 50 50 49.3 49.7 53 53.3 48.4 43.1 38 38 38 38 38 38 38.7 43 45.4 51.9 58.4 64.8 63.7 61.6 54.1 47.4 39.3 33.4 32.3 31.2 29.4 30.9 30.4 33.1 40.7 45.7 48.3 50.7 50.9 51.7 50 45.5 43.3 42.5 39.9 37.5 33.7 26 19 17.3 16.7 16.4 16 19 21.5 24 29 34.3 40.6 47.4 52.2 53.4 52.7 48.5 40.7 30.5
22.1 21.6 20 21.6 22.2 24.4 26.4 31.2 40.7 52.3 60.9 69.5 75.1 81.8 83.8 83.6 79.8 74.6 70.5 64.7 58.1 51.2 48.6 47.9 48.5 49 50.8 51.2 47.5 44.4 38.6 38 38 38 38 38 44.4 46.9 51 58.5 64.7 70 69.4 67.5 62.2 52.1 42.2 37.3 33.4 30.8 28.4 29.2 29.3 30.5 35 41 45 46.9 46.9 43.3 41.6 38.5 39.1 39 35.5 32.8 28.5 21.5 17.1 16.6 16.6 15.8 15.5 17.7 22.3 24 27.9 32.8 38.7 44.9 50.7 49.8 49.2 42.5 34.8 24.2
22.2 22.5 20.5 21.4 22.2 23.8 27.4 32.2 41.8 51.2 59.9 66.7 72 75.6 77.4 78.7 74.8 68.7 64.5 60.2 55.4 48.8 46.3 46.4 47.3 48.2 50.2 48.2 45.7 43.4 41.8 38 38 38 38 38 44.5 51.2 58.4 66 70.2 73.3 72.5 71 65.7 56.6 46.8 40.3 36.3 32 30.1 27.5 27.1 27.7 28.8 34 38.9 41.4 39.6 37.2 36.1 33.1 33.7 33.5 30.9 27.4 23.3 18.3 15.7 15.6 15.7 15.8 16.2 18.6 24.3 27.4 25.9 30 36.1 41.4 44.8 45.4 44 37.3 29.2 20
20.4 21.9 20 20.4 24.3 26.1 27.8 32.3 43.4 50.3 57.2 62.5 67.3 70.6 72.3 71.3 68.5 63.8 59.2 56.3 51.7 47.4 45.7 44.9 46.2 47.8 50.3 48.4 45.2 43.2 41.5 38 38 38 38 38.2 49.6 58.5 66.3 72.5 76.1 77.5 75.7 72.7 68.2 58.9 51.1 44.4 38 32.8 30 27.9 27 25.7 27.4 28.6 32.8 35.8 33.9 32.1 30.1 30.8 30.5 27.6 25.4 22.1 19.4 17.7 15.2 15.2 14.8 14.5 15.4 18.7 23.1 24.8 24.6 28.2 33 36.9 39.6 40.8 40 33.3 24.8 17.1
18.2 19.6 19.8 22.7 26.1 28 30 33.6 42.8 51.9 58 61.4 62.7 65.6 67.3 64.7 63.2 59.8 54.7 52.4 50.2 45.7 44.4 44 45.1 47.9 52.1 50.2 45.5 43.8 42.6 39.8 38.2 38 38 46.8 55.4 63.5 71.3 76.9 80.6 81.8 78.6 74.9 70.9 60.4 52.9 45.6 38.8 35.5 29.6 28.1 27.1 25.2 26.2 26.3 27.2 30.5 29.9 27 25.8 27 26.5 24.5 21.6 19.1 17.1 16.3 14.9 14.5 14.1 13.8 15.8 17.5 20.5 21.9 20 26 29 33.2 35.1 37.7 37.3 29.5 22.3 13.7
