app/static/ascii/HU54.asc
ncols 200
nrows 200
xllcorner 450000
yllcorner 1140000
cellsize 50
[rows 148 to 184 of 200, columns 0 to 84 of 200]
55.6 57.4 57.8 57.5 57.2 55.3 54.9 54.5 53.6 52.7 49.9 46.6 42.9 37.7 33.8 30 25.4 20.8 19.3 18.8 25.9 29.9 25.8 20 13 6.7 -0.6 -0.6 -0.6 -0.6 -0.6 -0.6 -0.6 -0.6 -0.6 -0.6 -0.6 -0.6 -0.6 -0.6 -0.6 -0.6 -0.6 -0.6 -0.6 -0.6 -0.6 -0.6 -0.6 -0.6 -0.6 14.7 16.3 16.6 17.1 21.9 27.5 28 -0.6 -0.6 -0.6 -0.6 -0.6 -0.6 -0.6 -0.6 -0.6 -0.6 -0.6 -0.6 -0.6 -0.6 -0.6 -0.6 -0.6 -0.6 -0.6 -0.6 -0.6 -0.6 -0.6 -0.6 -0.6 -0.6 -0.6
60 61.8 63.4 61.9 60.5 59.1 59.1 57.8 58.1 57.8 54.5 51.5 49.8 45.6 41.1 35.6 30.9 26.6 23.1 23.3 31.1 38.7 33.4 24.6 16.1 7.6 -0.6 -0.6 -0.6 -0.6 -0.6 -0.6 -0.6 -0.6 -0.6 -0.6 -0.6 -0.6 -0.6 -0.6 -0.6 -0.6 -0.6 -0.6 -0.6 -0.6 -0.6 -0.6 -0.6 -0.6 -0.6 18.4 17.6 15.5 15.6 21.6 28.1 29.6 -0.6 -0.6 -0.6 -0.6 -0.6 -0.6 -0.6 -0.6 -0.6 -0.6 -0.6 -0.6 -0.6 -0.6 -0.6 -0.6 -0.6 -0.6 -0.6 -0.6 -0.6 -0.6 -0.6 -0.6 -0.6 -0.6 -0.6
64.7 66.3 66.7 65.6 64.7 65 63.8 61.9 61.6 62.2 61.2 59.6 56 52.2 48.8 43.7 38.2 33 28.2 27.5 34.2 39.8 37.2 29.7 20.8 11.4 1.6 -0.6 -0.6 -0.6 -0.6 -0.6 -0.6 -0.6 -0.6 -0.6 -0.6 -0.6 -0.6 -0.6 -0.6 -0.6 -0.6 -0.6 -0.6 -0.6 -0.6 -0.6 -0.6 -0.6 9.3 19.6 16.5 14.5 14.6 25.4 30.8 28.7 -0.6 -0.6 -0.6 -0.6 -0.6 -0.6 -0.6 -0.6 -0.6 -0.6 -0.6 -0.6 -0.6 -0.6 -0.6 -0.6 -0.6 -0.6 -0.6 -0.6 -0.6 -0.6 -0.6 -0.6 -0.6 -0.6 -0.6
68.3 69 68.8 68.8 70.3 69.8 67.5 67.1 68.3 67 68.3 66.7 64.8 61.7 56.9 51.2 45.2 39.3 33.2 31.2 36.7 41.7 45.5 38.6 27.2 15.8 4.8 -0.6 -0.6 -0.6 -0.6 -0.6 -0.6 -0.6 -0.6 -0.6 -0.6 -0.6 -0.6 -0.6 -0.6 -0.6 -0.6 -0.6 -0.6 -0.6 -0.6 -0.6 -0.6 -0.6 11.7 16.7 14 14 14.3 23.1 25.5 -0.6 -0.6 -0.6 -0.6 -0.6 -0.6 -0.6 -0.6 -0.6 -0.6 -0.6 -0.6 -0.6 -0.6 -0.6 -0.6 -0.6 -0.6 -0.6 -0.6 -0.6 -0.6 -0.6 -0.6 -0.6 -0.6 -0.6 -0.6
69.3 69.5 69 71.4 73.7 71.9 72.7 73.5 72.8 71.9 74.8 75.1 72 68.4 63.5 57.9 53 46 39 35.9 38.7 42.4 43.7 42.3 31.5 20.3 11 -0.6 -0.6 -0.6 -0.6 -0.6 -0.6 -0.6 -0.6 -0.6 -0.6 -0.6 -0.6 -0.6 -0.6 -0.6 4.4 4.9 -0.6 -0.6 -0.6 -0.6 -0.6 -0.6 8.4 12.9 14 15.3 17.1 17.3 16.4 -0.6 -0.6 -0.6 -0.6 -0.6 -0.6 -0.6 -0.6 -0.6 -0.6 -0.6 -0.6 -0.6 -0.6 -0.6 -0.6 -0.6 -0.6 -0.6 -0.6 -0.6 -0.6 -0.6 -0.6 -0.6 -0.6 -0.6 -0.6
68.9 69.3 69.5 72.1 73.7 74.1 75.8 76.4 76.1 77.3 79.5 80 77.5 73.1 69.2 65.4 59.6 51.8 46.7 42 42 44.2 43.8 41.6 36 25 14.4 0.9 -0.6 -0.6 -0.6 -0.6 -0.6 -0.6 -0.6 -0.6 -0.6 -0.6 -0.6 -0.6 -0.6 6 8.6 7.3 5.6 -0.6 -0.6 -0.6 -0.6 -0.6 13.4 15.8 17.2 22.8 25.6 20 9.6 -0.6 -0.6 -0.6 -0.6 -0.6 -0.6 -0.6 -0.6 -0.6 -0.6 -0.6 -0.6 -0.6 -0.6 -0.6 -0.6 -0.6 -0.6 -0.6 -0.6 -0.6 -0.6 -0.6 -0.6 -0.6 -0.6 -0.6 -0.6
68.8 69.3 70.9 73.2 73.6 74.8 77.7 79.9 81 81.8 82.2 83.2 81.3 78.8 75.8 70.2 64.4 58.3 52.4 46.9 42.9 42.8 41.3 37.8 35.9 28.6 18 10.1 -0.6 -0.6 -0.6 -0.6 -0.6 -0.6 -0.6 -0.6 -0.6 -0.6 -0.6 -0.6 -0.6 9.4 9.8 9.1 6.1 -0.6 -0.6 -0.6 -0.6 10 15.5 18.1 21.7 31.8 32.6 25.7 -0.6 -0.6 -0.6 -0.6 -0.6 -0.6 -0.6 -0.6 -0.6 -0.6 -0.6 -0.6 -0.6 -0.6 -0.6 -0.6 -0.6 -0.6 -0.6 -0.6 -0.6 -0.6 -0.6 -0.6 -0.6 -0.6 -0.6 -0.6 -0.6
68.8 70.5 72.2 74 73.8 76 80.6 84.7 86.7 86.6 84.8 83.2 81.4 80.1 78 72.6 67.1 61.4 55.1 49.5 44.2 42.6 39.9 35.7 34.6 27 19.9 15.1 7.8 -0.6 -0.6 -0.6 -0.6 -0.6 -0.6 -0.6 -0.6 -0.6 -0.6 -0.6 -0.6 9.6 8.8 8.1 5.6 5.1 7 7.4 6.9 11.8 19.4 22.4 28.7 37.8 35.5 28.5 -0.6 -0.6 -0.6 -0.6 -0.6 -0.6 -0.6 -0.6 -0.6 -0.6 -0.6 -0.6 -0.6 -0.6 -0.6 -0.6 -0.6 -0.6 -0.6 -0.6 -0.6 -0.6 -0.6 -0.6 -0.6 -0.6 -0.6 -0.6 -0.6
70.6 70.5 72.6 73.5 73.5 76.6 81.6 85.6 88.4 88.3 86 85.4 83.2 83.4 80.2 74 69.6 64.1 58.1 51.5 46.4 43.4 39.8 35.3 31.6 25.6 23.9 22.3 13.2 -0.6 -0.6 -0.6 -0.6 -0.6 -0.6 -0.6 -0.6 -0.6 -0.6 -0.6 3.2 6.5 7.1 6.8 5.9 9.1 10 9.7 11.3 18.1 24.1 28 38 43.1 38 31.5 -0.6 -0.6 -0.6 -0.6 -0.6 -0.6 -0.6 -0.6 -0.6 -0.6 -0.6 -0.6 -0.6 -0.6 -0.6 -0.6 -0.6 -0.6 -0.6 -0.6 -0.6 -0.6 -0.6 -0.6 -0.6 -0.6 -0.6 -0.6 -0.6
68.9 69.3 71.6 71.5 73.1 76.9 82.1 85.1 87.7 88.7 88.1 87.3 85.1 83.8 79.4 73.5 68.2 63.9 58.7 51.1 46 43.2 39.1 35.6 33.3 26.7 29.2 27.7 21.3 10.9 -0.6 -0.6 -0.6 -0.6 -0.6 -0.6 -0.6 -0.6 -0.6 -0.6 1 3.8 6 7.3 8.1 11.3 11.4 12.8 17.6 24.3 30.2 35.4 44.2 47.5 40.3 32.6 -0.6 -0.6 -0.6 -0.6 -0.6 -0.6 -0.6 -0.6 -0.6 -0.6 -0.6 -0.6 -0.6 -0.6 -0.6 -0.6 -0.6 -0.6 -0.6 -0.6 -0.6 -0.6 -0.6 -0.6 -0.6 -0.6 -0.6 -0.6 -0.6
64.9 66.3 68.1 69.3 72.3 77.1 81.8 84.1 85.4 85.9 85.8 85.4 84 83.1 78.4 71.6 66.5 62 57.3 49.2 44.8 41.4 37.5 34.3 30.5 28.9 38.4 36.4 28.6 16.6 -0.6 -0.6 -0.6 -0.6 -0.6 -0.6 -0.6 -0.6 -0.6 -0.6 1.3 3.9 6.8 8.1 10.1 11.9 14.2 18 23.4 30 38.9 45.6 52.9 53.4 44.6 34.2 -0.6 -0.6 -0.6 -0.6 -0.6 -0.6 -0.6 -0.6 -0.6 -0.6 -0.6 -0.6 -0.6 -0.6 -0.6 -0.6 -0.6 -0.6 -0.6 -0.6 -0.6 -0.6 -0.6 -0.6 -0.6 -0.6 -0.6 -0.6 -0.6
64.4 64.4 65.9 69.4 74.9 78.9 82.9 83.3 83.8 84.4 82.8 82.5 80.5 79.2 74.4 67.7 63.7 59.5 54.1 46.2 42.1 38.8 35.2 31.5 28 27.2 33.2 36.2 32.2 20.4 8.6 -0.6 -0.6 -0.6 -0.6 -0.6 -0.6 -0.6 -0.6 -0.6 4.3 6.5 10.4 13.6 15.9 21.8 24.7 27.3 31.6 37.8 46.6 55.2 62.3 58.8 48.7 35.8 -0.6 -0.6 -0.6 -0.6 -0.6 -0.6 -0.6 -0.6 -0.6 -0.6 -0.6 -0.6 -0.6 -0.6 -0.6 -0.6 -0.6 -0.6 -0.6 -0.6 -0.6 -0.6 -0.6 -0.6 -0.6 -0.6 -0.6 -0.6 -0.6
66 65.1 67.5 70.7 73 77.5 80.7 82.1 82.7 82.7 79.4 78.4 76.1 73.2 69.6 62.9 59.8 54.3 49.8 44 39.4 36.3 33.4 30.7 25.3 24.2 25.8 32.7 32.7 22.6 10.9 -0.6 -0.6 -0.6 -0.6 -0.6 -0.6 -0.6 -0.6 7.1 9.6 12.7 17.3 21.2 26.5 33 37.4 44.9 46.8 49.1 54.9 66.1 71.2 65.9 53.4 36.8 -0.6 -0.6 -0.6 -0.6 -0.6 -0.6 -0.6 -0.6 -0.6 -0.6 -0.6 -0.6 -0.6 -0.6 -0.6 -0.6 -0.6 -0.6 -0.6 -0.6 -0.6 -0.6 -0.6 -0.6 -0.6 -0.6 -0.6 -0.6 -0.6
68.5 69.4 70.2 70.4 69.7 72.7 76.8 80.7 81.2 79.7 75.6 75.3 71.9 66.6 63.1 57.8 53 48.6 44.1 39.4 36.9 34.3 31.1 28.9 23.7 21.5 22 27.2 30 24.9 14.7 -0.6 -0.6 -0.6 -0.6 -0.6 2.5 4.8 9.7 12.8 15.6 19.7 24.9 29.7 36.4 43.5 52.7 57 61.4 65.8 68.5 77.2 78 72 56.9 34.7 -0.6 -0.6 -0.6 -0.6 -0.6 -0.6 -0.6 -0.6 -0.6 -0.6 -0.6 -0.6 -0.6 -0.6 -0.6 -0.6 -0.6 -0.6 -0.6 -0.6 -0.6 -0.6 -0.6 -0.6 -0.6 -0.6 -0.6 -0.6 -0.6
72.1 73.3 70.6 69.3 69 67.6 71.7 74.6 76.4 74.9 71 69.5 67 60.6 56.5 52 47.1 43 38.6 35.3 33.5 30.6 27.1 26.1 21.8 18.7 18.7 21.6 24.7 22.4 16.3 10.6 -0.6 -0.6 4.6 4.2 4.1 9.1 14.9 18.6 22.4 27.3 32.2 37.8 44.9 53.9 61.6 64.6 74.3 81.1 85.5 90.7 85.4 76.7 57.2 32.8 -0.6 -0.6 -0.6 -0.6 -0.6 -0.6 -0.6 -0.6 -0.6 -0.6 -0.6 -0.6 -0.6 -0.6 -0.6 -0.6 -0.6 -0.6 -0.6 -0.6 -0.6 -0.6 -0.6 -0.6 -0.6 -0.6 -0.6 -0.6 -0.6
73.5 73.2 70.5 70 67.8 65.4 66.7 69.2 72.8 69.6 65.4 61.9 58.5 53.4 50 46.5 41.4 37.3 34.1 31.7 29.5 26.4 23.4 22.6 19.4 15.6 15.4 17.5 19 19.1 17.5 12.1 6.4 10.1 9.5 8 8.8 15.6 21 23.7 27.3 32.3 37.8 45.3 53.6 59.3 65.4 74.5 87 94.9 100.8 98.8 91.9 79.5 57.5 28.8 -0.6 -0.6 -0.6 -0.6 -0.6 -0.6 -0.6 -0.6 -0.6 -0.6 -0.6 -0.6 -0.6 -0.6 -0.6 -0.6 -0.6 -0.6 -0.6 -0.6 -0.6 -0.6 -0.6 -0.6 -0.6 -0.6 -0.6 -0.6 -0.6
72.5 72.2 70 69.9 67.2 64.8 64.9 64.9 66.2 62.4 58.7 54.5 50.4 45.8 42.2 39.8 35.8 32.6 29 28 25.6 23.3 20.8 18.9 17.3 14.3 14.3 15.4 16 16.2 15.2 9.6 12.5 15.1 14.5 13 15.7 22 26.4 29.3 31.8 35.6 43.9 53.9 60.5 64.9 71.8 87.1 98.5 106.7 111.7 105.7 96.4 80.1 57 24.4 -0.6 -0.6 -0.6 -0.6 -0.6 -0.6 -0.6 -0.6 -0.6 -0.6 -0.6 -0.6 -0.6 -0.6 -0.6 -0.6 -0.6 -0.6 -0.6 -0.6 -0.6 -0.6 -0.6 -0.6 -0.6 -0.6 -0.6 -0.6 -0.6
68.5 69.3 69.4 69.3 66.5 65 64 61.9 57.8 54 51.1 47.8 43.8 40 36.4 33.7 30.7 27.5 23.9 23.4 22 20.2 18.4 16.7 15.2 14.3 14.3 14.3 14.4 14.3 13.6 15.6 16.7 18.1 18.6 18.9 21.1 26.1 31.4 34.9 37.3 40.8 49.1 58.9 64.9 72.4 80.3 97.5 108.1 117.3 118 108.6 96 78.4 54.6 -0.6 -0.6 -0.6 -0.6 -0.6 -0.6 -0.6 -0.6 -0.6 -0.6 -0.6 -0.6 -0.6 -0.6 -0.6 -0.6 -0.6 -0.6 -0.6 -0.6 -0.6 -0.6 -0.6 -0.6 -0.6 -0.6 -0.6 -0.6 -0.6 -0.6
59.9 64.3 66.7 67.3 66.5 66.6 66.4 64.1 58.7 52.4 46.9 42.3 38.3 35.7 32.3 28.7 26.4 23.7 21.3 19.6 18.8 18 16.2 14.9 14.3 14.3 14.3 14.3 14.3 14.3 15.4 19.3 22.4 23.2 23.6 24.2 26 30.5 35.9 41.2 43.8 47.1 54.5 64.8 72.2 81.1 91.6 109.3 117.9 127.5 120.6 106.3 94.3 73.8 47 -0.6 -0.6 -0.6 -0.6 -0.6 -0.6 -0.6 -0.6 -0.6 -0.6 -0.6 -0.6 -0.6 -0.6 -0.6 -0.6 -0.6 -0.6 -0.6 -0.6 -0.6 -0.6 -0.6 -0.6 -0.6 -0.6 -0.6 -0.6 -0.6 -0.6
54.9 57.2 61.4 64.4 66.1 67.2 68.1 64.5 58.4 52.2 45.5 40 35.4 32.6 29.9 27 24.7 22.3 19.7 18.5 17.5 17.2 16.2 14.6 14.3 14.3 14.3 14.3 14.3 14.3 16.4 21.1 23.4 26.4 29.3 29.8 30.6 35.3 41.6 47 50.5 54 61.5 71.1 79.7 89.8 104.1 120.7 127.8 133.8 120 103.5 91.9 71.5 44.1 -0.6 -0.6 -0.6 -0.6 -0.6 -0.6 -0.6 -0.6 -0.6 -0.6 -0.6 -0.6 -0.6 -0.6 -0.6 -0.6 -0.6 -0.6 -0.6 -0.6 -0.6 -0.6 -0.6 -0.6 -0.6 -0.6 -0.6 -0.6 -0.6 -0.6
53.8 54 55.9 60.6 63.9 65 64.1 62.4 57.2 51.9 45.9 39.6 34.9 31.7 29.5 26.4 23.7 21.9 19.8 18.7 18 17.6 17.5 16.2 14.9 14.3 14.3 14.3 14.3 14.6 16.7 19.4 22.7 27 31.2 33.7 35.4 40.3 46.8 51.8 55.9 60.4 67.8 76.5 87.6 98 118.5 131.3 138.9 131 115.1 101.2 86.7 64.1 39.8 15.3 -0.6 -0.6 -0.6 -0.6 -0.6 -0.6 -0.6 -0.6 -0.6 -0.6 -0.6 -0.6 -0.6 -0.6 -0.6 -0.6 -0.6 -0.6 -0.6 -0.6 -0.6 -0.6 -0.6 -0.6 -0.6 -0.6 -0.6 -0.6 -0.6
53.9 56.3 58.4 59.7 61 62.2 61.5 59.8 56.1 52.6 47 41.9 36.2 31.3 28.4 25.8 23.8 22.4 20.3 19.4 18.6 19.5 19.7 18.6 17.1 13.7 14.3 14.3 14.4 15.6 17.1 19.8 23.2 28.1 32.5 36.9 39.7 44.1 49.3 54.2 59.4 65.6 73.4 81.8 93.1 106.6 130.1 139.4 140.4 126.9 109.8 98.3 85.8 62.3 36.8 16.4 -0.6 -0.6 -0.6 -0.6 -0.6 -0.6 -0.6 -0.6 -0.6 -0.6 -0.6 -0.6 -0.6 -0.6 -0.6 -0.6 1 -0.6 -0.6 -0.6 -0.6 -0.6 -0.6 -0.6 -0.6 -0.6 -0.6 -0.6 -0.6
56.7 60.2 61.1 62.7 64.1 63.6 60.7 59.1 55.5 51.7 47.7 42.9 37.1 32.6 29 26.1 23.8 22.5 21.6 21.1 20.9 21.9 23.3 22.5 19.7 16.6 14.4 14.4 15 16.2 17.8 20.1 24.9 30.5 35.2 38.4 42.1 47.5 53 57.6 62.1 68.7 78.1 85.4 97.5 114.8 135.3 140 133.5 119.9 105.6 95.9 81.5 59.3 35.1 18.1 8.6 -0.6 -0.6 -0.6 -0.6 -0.6 -0.6 -0.6 -0.6 -0.6 -0.6 -0.6 -0.6 0.9 -0.6 9.8 -0.6 -0.6 -0.6 -0.6 -0.6 -0.6 -0.6 -0.6 -0.6 -0.6 -0.6 -0.6 -0.6
59 62.8 66.8 65.5 63.1 62.3 61 59.3 55.5 51.7 48.4 44 38.7 34.8 31.2 27.3 24.6 23.3 22.6 23.1 23.5 26.1 26.3 24.7 22.7 19.1 15.7 15.6 16.4 17.5 18.7 21 26 32.9 37.8 39.9 41.9 50 55.9 60.6 64.5 71.3 82.2 87.6 99.4 118.8 134.6 134.6 124 112.6 102.3 92.2 80.8 60.8 37.8 21.5 13.2 -0.6 -0.6 -0.6 -0.6 -0.6 -0.6 -0.6 -0.6 -0.6 -0.6 -0.6 -0.6 9.1 11.3 12.7 14.9 16 -0.6 -0.6 -0.6 -0.6 -0.6 -0.6 -0.6 -0.6 -0.6 -0.6 -0.6
57.3 63.1 67.2 65.5 62.5 60.9 61.2 59.9 56.1 52.9 49.6 45.2 42.4 37.7 34.5 30.1 26.1 24.4 24.4 25.2 26.8 29.3 27.9 26.7 25.8 21.3 17.6 17.2 18.4 18.8 19.4 21.4 26.8 34.3 40.3 42.3 43.4 50.5 58 63.2 67.6 73 82.9 89.4 100.4 113.6 131 131.4 120.9 106.5 97.3 88.3 78.3 59.4 38.9 23.5 16.8 12.1 -0.6 -0.6 -0.6 -0.6 -0.6 -0.6 -0.6 -0.6 -0.6 -0.6 7.7 11.4 13 15 20.5 23.7 -0.6 -0.6 -0.6 -0.6 -0.6 -0.6 -0.6 -0.6 -0.6 -0.6 -0.6
53.3 59.7 63.8 62.9 59.5 59.6 58.6 58 55.9 55 51.8 48.2 45 41.2 36.6 33.1 29.5 26.9 26.1 27 28.6 31.1 29.5 27.7 27.1 23.7 18.9 18.6 18.9 19.2 19.7 22.5 27.6 34.4 40.4 44.3 46.3 48.4 59.7 65.7 70.2 76.2 83.4 90.1 98 108.6 124.2 132.9 121.1 104.3 91.6 85 77.6 60.2 42.6 25.9 24.3 14.2 -0.6 -0.6 -0.6 -0.6 -0.6 -0.6 -0.6 -0.6 0.8 6.8 10.3 13.2 15.1 18.2 22.7 -0.6 -0.6 -0.6 -0.6 -0.6 -0.6 -0.6 -0.6 -0.6 -0.6 -0.6 -0.6
49.2 54.9 59.1 58.7 57.6 58.6 57.5 57.4 57.4 57.1 54.6 52.4 48.3 43.7 39.3 35.4 31.9 29.5 27.3 26.9 28.2 30.8 29.9 28.2 27.3 24.7 20.8 19.2 19.3 19.5 20.5 23.8 29.1 34.9 41.2 45.9 49 49.2 58 67.7 72.1 77.3 84.1 89.6 94.8 105 121 130.8 114.2 99.2 86.3 79.8 75.6 60.6 43.9 26.9 24.6 13.9 -0.6 -0.6 -0.6 -0.6 -0.6 -0.6 -0.6 -0.6 4.2 9.2 12.5 16.4 18.1 22.9 25.6 -0.6 -0.6 -0.6 -0.6 -0.6 -0.6 -0.6 -0.6 -0.6 -0.6 -0.6 -0.6
45.6 50.5 55.5 56.3 55.4 57.1 56.8 58.1 58.3 57.5 56.9 54.9 51.5 46.1 42 38.6 36.3 33.5 29.9 28.1 27.9 29.1 29.3 27.4 26.4 25.2 22.4 20.1 20 20 21 24.1 29.4 35 41.3 46.5 50.2 50.2 51.6 61.5 70.9 78.2 84.6 89.9 93.2 103 116 126.8 112.1 95.9 82.1 75.4 68 53.7 36.2 25.6 19.7 11.2 -0.6 -0.6 -0.6 -0.6 0.5 -0.6 -0.6 -0.6 7.5 11.8 14.3 16.9 20.9 24.2 26.6 -0.6 -0.6 30.6 -0.6 0.1 -0.6 -0.6 -0.6 -0.6 -0.6 -0.6 -0.6
42.7 48.1 51.9 54.3 53.4 54.5 56.1 58.3 57.7 57.5 58 56.6 53 47.5 43.4 40.4 38.3 35.1 30.9 29.7 27.6 27.3 27.5 26.8 26.7 26.1 23.3 21.2 20.4 20.6 21.7 23.8 29.1 33.4 40.1 45.6 50 51.3 51 54.8 67.4 78.4 85.6 89.1 91.2 102.5 107.4 117.8 111.2 94.4 80.1 73.4 64.5 49.5 34.8 24 15.7 8.8 -0.6 -0.6 -0.6 -0.6 0.9 -0.6 -0.6 3.3 8.4 12.1 15.4 17.7 19.5 23.1 25.5 12.4 34.6 33.1 -0.6 4 -0.6 -0.6 -0.6 -0.6 -0.6 -0.6 -0.6
39.7 44.7 48.8 51.2 51.4 52.6 55 56.9 57.6 56.6 57.4 56.7 53.4 49.6 45.7 42.5 39.6 35 33 32.6 29.1 26.3 25.5 28.3 29 27.3 24 21.6 20.9 21.2 22.4 24 27.1 31.8 38.3 44.7 49.4 51.8 50.9 51.4 61.9 76.1 81.6 82.8 86.1 97.3 99.1 103.3 108.5 95.8 79.4 69.5 59.5 47.3 33.4 20.3 13.7 7 -0.6 -0.6 -0.6 -0.6 1.2 5.4 5.3 7.3 8.5 12.7 17.3 21 21.6 22 24.3 29.1 33 32.1 19.1 11 10 4.2 -0.6 -0.6 9.3 18.6 24.1
35.9 40.2 45.5 48.4 49.6 51.7 53.6 55.9 57.9 56.8 56.2 54.9 53.1 50.4 47.7 44.2 40 35.1 33.4 32.5 29.4 26.5 25 25.3 26.9 26.4 24.4 22.4 21.9 22.2 23.3 25.1 27 30.8 36.3 43.9 49.2 51 51.4 51.8 57.8 70.5 75.1 74 76.8 87.7 91.2 93.5 94.2 90.6 78.3 66.1 55.2 41.6 28.1 17.9 14.2 -0.6 -0.6 -0.6 -0.6 -0.6 5.6 5.4 5.6 6.9 8.5 13.4 18.2 23.1 23.8 24.1 26.2 31.5 31.1 29.2 18.1 12.1 11.7 10.4 12.9 15.6 20.4 25.2 24.7
33.6 36.4 40.1 44.3 48.8 52 53.4 55.9 57.5 56.8 55.6 53.7 52.2 49.4 46.9 41.8 38.2 35.8 33.6 32.4 29.6 27.1 25.8 25.8 25.8 24 25.8 24.6 23.3 23.5 24.5 25.9 27.9 30.4 36.3 43.8 48.9 51.9 52.6 53.2 55.9 65.4 69.9 68.6 68.6 73.5 82.8 83.1 84.6 80.2 72.3 61.5 49.7 35.2 21.8 13.5 9.4 -0.6 -0.6 -0.6 -0.6 7.4 6 5.3 4.8 5.7 9 13.7 18.6 23.7 26.5 25.5 31.4 29 27.7 27.1 19.4 12.9 11.8 12.7 14.9 18.2 23.1 27.1 26
30.7 33.7 37.2 41.7 47.8 51.7 53.2 53.7 54.8 54.3 53.6 50.5 48.9 48.1 46 44.4 41.2 39.5 36.6 34.1 31.7 29.2 24.6 25.8 25.8 25.8 25.8 25.7 25.6 26 26.9 27.7 29.2 31.1 36.7 44.1 50.3 53.7 53.7 53.8 54.7 61 66.2 64.5 62.9 64.2 73.5 74.4 73.4 70.6 67 57.6 39.3 23.8 14.7 7.9 6 -0.6 -0.6 -0.6 -0.6 6.9 -0.6 -0.6 0.8 5.4 8.4 12.8 18.1 23.5 28 29.9 28.9 24.2 25.2 30.7 20.4 13.5 12.5 13.2 15 19.2 26 27.7 27
29.3 32.4 35.4 39.4 44.2 47.2 48.9 49.8 50.1 50.3 50.2 50.5 50.1 49.5 50.9 46.6 45.6 43.3 41.1 38.5 34.7 29.8 25.1 25.8 25.8 25.8 25.8 26.8 27.9 28.9 29.8 30.3 32 33.8 37.8 44.1 50.7 55.3 55.4 54.5 54.7 56.6 61.1 60.6 60.2 58.5 61.5 66.7 63.1 60.5 59.4 53 32.9 17.9 9.8 -0.6 -0.6 -0.6 -0.6 -0.6 0.7 5.1 -0.6 -0.6 -0.6 -0.6 6.3 12.4 18.5 23.2 26.3 29.8 24.2 21.8 23.1 22.8 18 13.2 12.8 13.6 15.3 19.6 25.5 28.4 27.9
28.6 31.6 34.2 36.5 40.1 43.8 48.6 51.2 51.6 52.1 53.2 53.8 52.4 50.6 50.1 49.8 50 47.5 45.4 42.3 36.5 30.4 25.5 25.8 25.8 25.8 25.8 27.5 30.5 31.7 33.3 34 35 36.4 40.1 45.3 49.8 54.5 56.1 55.5 56.1 56.1 56.1 57.7 58.1 56.6 53.4 57.9 57.9 52.7 49.8 45.3 27.7 12.6 7.1 -0.6 -0.6 -0.6 -0.6 -0.6 6 7 -0.6 -0.6 -0.6 -0.6 7.6 13.6 19.9 24.4 27.2 26.9 19.7 16.2 16.5 17.5 16.3 13.6 12.9 14 15.7 19.4 23.7 27.6 29.6
28 30.4 34.1 38.3 41.8 45.4 49.1 53.4 54.4 55.9 56.7 57.2 56 55.3 53.2 51.9 53.5 52.2 50.1 44.6 37.8 32 27.1 25.8 25.8 25.8 25.8 26.2 32.5 35.1 37 37.9 38.7 39.8 42.3 46.5 50.7 54.5 56.4 57.1 55.4 56.1 56.1 54.9 57.5 58.6 54.1 50.8 51.1 46.2 39.8 35.9 24.4 9.5 4.5 -0.6 -0.6 -0.6 -0.6 -0.6 3.1 -0.6 -0.6 -0.6 -0.6 -0.6 8.9 13.8 19.4 21.8 27 22.4 16.4 10.5 11.3 13.9 15 13.4 13.1 14.3 16 20 24.1 27.1 29.7
29.7 34.5 38.9 43.6 47.1 49.8 51.7 54.3 56.5 59.7 61 61.8 60 60 57.4 54.6 55.7 56.9 54.1 47 39.8 33.8 28.1 25.6 25.8 25.8 25.8 25.8 29.9 36.5 40.1 40.7 41.9 43.2 45.6 48.3 52.4 56.1 57.8 58.7 58.3 55.7 56.1 55.2 56.8 58.2 54.8 49.5 45 42.6 36.6 29.2 21.8 8.7 3.2 -0.6 -0.6 -0.6 -0.6 -0.6 -0.6 -0.6 -0.6 -0.6 -0.6 3.4 9.9 15 20 19.6 20.5 17.4 12.5 0.9 4.9 11 13 13.2 12.7 13.4 16.7 20.9 24.5 27.3 30
