app/static/ascii/HU56.asc
ncols 200
nrows 200
xllcorner 450000
yllcorner 1160000
cellsize 50
[rows 76 to 113 of 200, columns 86 to 171 of 200]
-0.8 -0.8 -0.8 -0.8 -0.8 -0.8 -0.8 -0.8 -0.8 -0.8 -0.8 -0.8 -0.8 -0.8 -0.8 -0.8 -0.8 -0.8 -0.8 -0.8 -0.8 -0.8 -0.8 -0.8 -0.8 -0.8 -0.8 -0.8 -0.8 -0.8 -0.8 -0.8 -0.8 -0.8 -0.8 -0.8 -0.8 -0.8 -0.8 -0.8 -0.8 -0.8 -0.8 -0.8 -0.8 -0.8 -0.8 -0.8 -0.8 -0.8 -0.8 -0.8 -0.8 1.8 3.6 5.2 8.4 12.3 13.6 14.2 14.9 16.4 16.3 16.7 17.4 16.1 17.5 17.7 20.4 18.7 18 18 18 18.7 19.6 21.9 24 23.8 23.2 22.9 22.6 22.4 23 20.5 20.5 17.7
-0.8 -0.8 -0.8 -0.8 -0.8 -0.8 -0.8 -0.8 -0.8 -0.8 -0.8 -0.8 -0.8 -0.8 -0.8 -0.8 -0.8 -0.8 -0.8 -0.8 -0.8 -0.8 -0.8 -0.8 -0.8 -0.8 -0.8 -0.8 -0.8 -0.8 -0.8 -0.8 -0.8 -0.8 -0.8 -0.8 -0.8 -0.8 -0.8 -0.8 -0.8 -0.8 -0.8 -0.8 -0.8 -0.8 -0.8 -0.8 -0.8 -0.8 -0.8 -0.8 2.9 3.7 4.1 5 8.1 9 10.6 13.3 15.5 16.8 18.4 19.3 18.2 16.8 17.4 19.2 22.1 20 18 18 18 18 18 19.7 19.9 21 21.9 22.4 22.9 22.6 23.4 24.7 23 20.2
-0.8 -0.8 -0.8 -0.8 -0.8 -0.8 -0.8 -0.8 -0.8 -0.8 -0.8 -0.8 -0.8 -0.8 -0.8 -0.8 -0.8 -0.8 -0.8 -0.8 -0.8 -0.8 -0.8 -0.8 -0.8 -0.8 -0.8 -0.8 -0.8 -0.8 -0.8 -0.8 -0.8 -0.8 -0.8 -0.8 -0.8 -0.8 -0.8 -0.8 -0.8 -0.8 -0.8 -0.8 -0.8 -0.8 -0.8 -0.8 -0.8 -0.8 -0.8 5.6 7.9 6.9 5.9 6.2 8 8.5 9.1 12 15.7 20.4 20.5 20.9 19.4 18.4 18 18.8 20.8 19 19.3 20.2 20.4 18 18 18.3 18 18 18.5 20.7 23.2 24.8 26.1 26.8 25.3 23.2
-0.8 -0.8 -0.8 -0.8 -0.8 -0.8 -0.8 -0.8 -0.8 -0.8 -0.8 -0.8 -0.8 -0.8 -0.8 -0.8 -0.8 -0.8 -0.8 -0.8 -0.8 -0.8 -0.8 -0.8 -0.8 -0.8 -0.8 -0.8 -0.8 -0.8 -0.8 -0.8 -0.8 -0.8 -0.8 -0.8 -0.8 -0.8 -0.8 -0.8 -0.8 -0.8 -0.8 -0.8 -0.8 -0.8 -0.8 -0.8 -0.8 -0.8 -0.8 8.9 10.4 7.2 7.4 7.7 7.7 8.7 10.5 12.6 16.5 22 22.9 22.2 21.1 20 19.3 18.7 19.2 20.9 22 21.5 19.9 18.6 18 18 18 18 20.7 24.6 27.2 27.8 28.4 28.5 28.2 27.4
-0.8 -0.8 -0.8 -0.8 -0.8 -0.8 -0.8 -0.8 -0.8 -0.8 -0.8 -0.8 -0.8 -0.8 -0.8 -0.8 -0.8 -0.8 -0.8 -0.8 -0.8 -0.8 -0.8 -0.8 -0.8 -0.8 -0.8 -0.8 -0.8 -0.8 -0.8 -0.8 -0.8 -0.8 -0.8 -0.8 -0.8 -0.8 -0.8 -0.8 -0.8 -0.8 -0.8 -0.8 -0.8 -0.8 -0.8 -0.8 -0.8 -0.8 -0.8 4.8 7.7 7.7 7.9 8.2 7.9 10.1 11.6 13 17.5 21.7 23.3 23 22.3 21.7 21 20.8 21.8 23.3 24.2 23.6 22.4 21.2 19.7 18 21.9 25.3 28.2 30 29.6 29.8 29.9 30 29.9 33
-0.8 -0.8 -0.8 -0.8 -0.8 -0.8 -0.8 -0.8 -0.8 -0.8 -0.8 -0.8 -0.8 -0.8 -0.8 -0.8 -0.8 -0.8 -0.8 -0.8 -0.8 -0.8 -0.8 -0.8 -0.8 -0.8 -0.8 -0.8 -0.8 -0.8 -0.8 -0.8 -0.8 -0.8 -0.8 -0.8 -0.8 -0.8 -0.8 -0.8 -0.8 -0.8 -0.8 -0.8 -0.8 -0.8 -0.8 -0.8 -0.8 -0.8 -0.8 -0.8 6.7 8.5 8.3 8.6 8.4 10.1 11.5 12.5 17.1 20.1 20.9 21.4 21.7 21.2 20.7 23.2 24.4 24.9 24.7 24.4 24.1 23.6 22.6 23.1 27.9 30.6 32.3 32.6 31.9 32.7 31.8 30.9 30.5 38.6
-0.8 -0.8 -0.8 -0.8 -0.8 -0.8 -0.8 -0.8 -0.8 -0.8 -0.8 -0.8 -0.8 -0.8 -0.8 -0.8 -0.8 -0.8 -0.8 -0.8 -0.8 -0.8 -0.8 -0.8 -0.8 -0.8 -0.8 -0.8 -0.8 -0.8 -0.8 -0.8 -0.8 -0.8 -0.8 -0.8 -0.8 -0.8 -0.8 -0.8 -0.8 -0.8 -0.8 -0.8 -0.8 -0.8 -0.8 -0.8 -0.8 -0.8 -0.8 -0.8 8.2 9.1 8.1 8.2 8.6 8.9 9.9 12 16.7 18.7 19.6 20.6 21.1 20.8 20.9 24.8 25.3 25.4 25.2 24.9 24.6 24.2 23.6 28 32.7 34.9 36.3 37 36.7 36.4 34.7 33.5 32.7 36.7
-0.8 -0.8 -0.8 -0.8 -0.8 -0.8 -0.8 -0.8 -0.8 -0.8 -0.8 -0.8 -0.8 -0.8 -0.8 -0.8 -0.8 -0.8 -0.8 -0.8 -0.8 -0.8 -0.8 -0.8 -0.8 -0.8 -0.8 -0.8 -0.8 -0.8 -0.8 -0.8 -0.8 -0.8 -0.8 -0.8 -0.8 -0.8 -0.8 -0.8 -0.8 -0.8 -0.8 -0.8 -0.8 -0.8 -0.8 -0.8 -0.8 -0.8 5.2 7.8 10.8 9.5 8.2 8.2 8.2 7.6 8.2 9.7 14.3 17.2 18.7 19.7 20.3 19.9 20.4 23.4 25.7 25.9 25.6 25.3 25 25 27 32.6 38 38.2 38.6 39.5 40.2 39.2 38.2 36.5 34.6 38.3
-0.8 -0.8 -0.8 -0.8 -0.8 -0.8 -0.8 -0.8 -0.8 -0.8 -0.8 -0.8 -0.8 -0.8 -0.8 -0.8 -0.8 -0.8 -0.8 -0.8 -0.8 -0.8 -0.8 -0.8 -0.8 -0.8 -0.8 -0.8 -0.8 -0.8 -0.8 -0.8 -0.8 -0.8 -0.8 -0.8 -0.8 -0.8 -0.8 -0.8 -0.8 -0.8 -0.8 -0.8 -0.8 -0.8 -0.8 -0.8 -0.8 6 7.1 7.8 9.3 9.3 8.2 8.2 8.2 8.2 8.2 8.2 10 13.9 16.2 18.3 19.3 19 20 22 24.3 26.4 26.6 26.7 26.8 27.4 31.7 36 37.2 38.5 39.3 40.5 41.7 41.4 39.7 39 41 44.2
-0.8 -0.8 -0.8 -0.8 -0.8 -0.8 -0.8 -0.8 -0.8 -0.8 -0.8 -0.8 -0.8 -0.8 -0.8 -0.8 -0.8 -0.8 -0.8 -0.8 -0.8 -0.8 -0.8 -0.8 -0.8 -0.8 -0.8 -0.8 -0.8 -0.8 -0.8 -0.8 -0.8 -0.8 -0.8 -0.8 -0.8 -0.8 -0.8 -0.8 -0.8 -0.8 -0.8 -0.8 -0.8 -0.8 -0.8 -0.8 -0.8 6 7.6 8.2 8.2 7.4 8.2 8.2 8.2 8.2 8.2 8.4 11.1 14.1 15.6 17.2 19.4 21.2 22 22.2 25.2 26.6 27.3 27.7 28.4 30.9 34.9 37.5 38.4 41.5 42 43.3 44.2 43.6 42.2 40.4 45.2 48.7
-0.8 -0.8 -0.8 -0.8 -0.8 -0.8 -0.8 -0.8 -0.8 -0.8 -0.8 -0.8 -0.8 -0.8 -0.8 -0.8 -0.8 -0.8 -0.8 -0.8 -0.8 -0.8 -0.8 -0.8 0 0.4 -0.6 -0.8 -0.8 -0.8 -0.8 -0.8 -0.8 -0.8 -0.8 -0.8 -0.8 -0.8 -0.8 -0.8 -0.8 -0.8 -0.8 -0.8 -0.8 -0.8 -0.8 -0.8 4.7 6.4 7.8 8.2 8.2 8.2 8.2 8.2 8.2 8.2 8.2 9.1 12.4 15.9 18.1 18.4 20.4 23.4 24.3 24.9 26 28 29.9 31.1 33.5 35.6 37.9 40.9 44.8 45.9 46.2 46.9 47.5 45.7 44.6 43.1 48.8 52.9
-0.8 -0.8 -0.8 -0.8 -0.8 -0.8 -0.8 -0.8 -0.8 -0.8 -0.8 -0.8 -0.8 -0.8 -0.8 -0.8 -0.8 -0.8 -0.8 -0.8 -0.8 -0.8 -0.8 -0.8 5.7 5.3 2.6 -0.8 -0.8 -0.8 -0.8 -0.8 -0.8 -0.8 -0.8 -0.8 -0.8 -0.8 -0.8 -0.8 -0.8 -0.8 -0.8 -0.8 -0.8 -0.8 4.2 3.8 5.2 7.8 8.8 8.8 8.2 8.2 7.3 8.2 8.2 8.2 8.9 11.5 14.2 17.3 21.1 20.9 24.4 25.5 26.5 27 30.7 32.4 34.8 37.7 40 42.2 43.8 47.4 49.3 49.3 49.9 50.5 49.6 47.8 46.1 45.6 49.4 54
-0.8 -0.8 -0.8 -0.8 -0.8 -0.8 -0.8 -0.8 -0.8 -0.8 -0.8 -0.8 -0.8 -0.8 -0.8 -0.8 -0.8 -0.8 -0.8 -0.8 -0.8 -0.8 -0.8 5.1 6.7 5.7 4.3 -0.8 -0.8 -0.8 -0.8 -0.8 -0.8 -0.8 -0.8 -0.8 -0.8 -0.8 -0.8 -0.8 -0.8 -0.8 -0.8 -0.8 5.9 6.5 7.6 8.6 9.3 9.4 9.3 9.5 8.5 8.2 8 8.2 8.4 8.9 11.5 15.7 18.2 20.3 22.3 24.2 26.5 27.4 28.2 29 32 34 38.5 43.4 47.6 48.4 50.1 51.5 52.6 52.2 52.3 52.5 50.2 48.5 47.9 47.6 49.1 50.7
-0.8 -0.8 -0.8 -0.8 -0.8 -0.8 -0.8 -0.8 -0.8 -0.8 -0.8 -0.8 -0.8 -0.8 -0.8 -0.8 -0.8 -0.8 -0.8 -0.8 -0.8 -0.8 -0.8 7.2 7 6.2 -0.8 -0.8 -0.8 -0.8 -0.8 -0.8 -0.8 -0.8 -0.8 -0.8 -0.8 -0.8 -0.8 -0.8 7.5 6.1 5.2 7.5 10.6 9.6 9.9 9.6 9.5 9.3 9 8.8 9 8.5 8.5 8.7 12.5 15.8 18.8 21.3 23.6 24.9 26.3 27.7 28.7 29.6 30.4 31.5 34.6 38.5 42.4 47.6 51.4 52.3 53.7 54.9 56 55.5 55 53.8 51.8 53.9 52.5 48.6 48.8 48.3
-0.8 -0.8 -0.8 -0.8 -0.8 -0.8 -0.8 -0.8 -0.8 -0.8 -0.8 -0.8 -0.8 -0.8 -0.8 -0.8 -0.8 -0.8 -0.8 -0.8 -0.8 -0.8 -0.8 4.9 -0.8 -0.8 -0.8 -0.8 -0.8 -0.8 -0.8 -0.8 -0.8 -0.8 -0.8 -0.8 -0.8 -0.8 -0.8 -0.8 5.8 8.4 9.5 10.9 11.9 11.3 10.5 9.5 9.4 9.1 8.8 8.5 8.3 8.9 9 10.2 14.8 19.2 22.6 24.8 26.2 27.8 29 30 31.7 32.8 33.4 35.6 39.6 44.7 47.8 49.5 53.2 54.9 55.9 58.3 59.4 58.9 58 58.1 58.9 60.2 57.1 51.4 49.1 45.4
-0.8 -0.8 -0.8 -0.8 -0.8 -0.8 -0.8 -0.8 -0.8 -0.8 -0.8 -0.8 -0.8 -0.8 -0.8 -0.8 -0.8 4.6 -0.8 -0.8 1 -0.8 -0.8 -0.8 -0.8 -0.8 -0.8 -0.8 -0.1 0.9 -0.6 -0.8 -0.8 -0.8 -0.8 -0.8 -0.8 -0.8 -0.8 3.1 5.4 8.6 9.9 10.9 10.1 9.7 9.8 9.5 9.3 9 8.7 8.6 8.7 8.9 9.1 11.1 18.8 22.3 26.1 28.7 29.6 30.2 30.9 32.5 34.2 35.8 37 40.6 45.7 52.3 53.7 54.1 55.9 57 58.1 60.7 62.8 62.5 63.6 65 66.1 65.2 58.4 52.3 48.7 44.3
-0.8 -0.8 -0.8 -0.8 -0.8 -0.8 -0.8 -0.8 -0.8 -0.8 -0.8 -0.8 -0.8 -0.8 -0.8 -0.8 5.6 2.4 1.1 -0.8 -0.8 -0.8 -0.8 -0.8 -0.8 -0.8 -0.8 -0.8 7.2 7.3 7.3 -0.8 4.2 2.3 3.3 -0.8 -0.8 -0.8 2.7 2.6 5 7.1 7.2 7.2 7.5 8.3 9.2 9.5 9.2 9 8.9 8.9 9.1 9.6 10.9 13.4 24.3 26.3 28.4 30.3 30.7 32 33.1 34.9 36.7 38.3 42.4 46.5 51.7 56.8 58.1 59.1 58.7 59.2 59.7 61 65.3 65.9 67.8 70.5 70.5 66.2 60.3 57.4 50.6 45.7
-0.8 -0.8 -0.8 -0.8 -0.8 -0.8 -0.8 -0.8 -0.8 -0.8 -0.8 -0.8 -0.8 -0.8 -0.8 -0.8 -0.8 -0.8 -0.8 1.9 -0.8 -0.8 -0.8 -0.8 4.2 6.7 10.6 12.2 13.5 13.2 13.1 11.9 10 9 9.1 5.9 2.5 3.9 3.9 4.2 4.5 5.2 6.2 7.1 7.5 7.9 9 10.5 9.5 9.3 9.2 9.2 10.1 11.5 12.8 16.1 27.2 28.4 29.4 30.7 31.8 33.2 35.8 37.6 39.3 43.2 47.8 52.2 56.4 59.9 61.3 62.1 62 62.5 63 64.2 65.5 68.2 69.8 72.1 72.5 69.1 67.8 63.1 53.8 47.2
-0.8 -0.8 -0.8 -0.8 -0.8 -0.8 -0.8 -0.8 -0.8 -0.8 -0.8 -0.8 -0.8 -0.8 -0.8 -0.8 -0.8 -0.8 -0.8 2.7 2.5 2.9 3.9 8.2 9.4 13.2 17.1 18.5 19.4 19 18.5 17.1 15.1 13.3 9.7 6.2 4.6 4.6 4.9 5.2 5.4 7.5 9 9.9 10.5 9.9 11.4 11.8 10.9 10.1 9.4 10.7 12.1 13.4 14.7 19.6 27.8 29.1 30.2 31.5 32.8 36.4 39.3 40.8 42.3 45.8 50.4 54 57.5 61 63.7 65.1 65.2 65.8 67 68.2 69.3 70.3 72.1 74.6 74.5 74.3 71.7 64.7 53.9 46.5
-0.8 -0.8 -0.8 -0.8 -0.8 -0.8 -0.8 -0.8 -0.8 -0.8 -0.8 -0.8 -0.8 -0.8 -0.8 -0.8 -0.8 -0.8 3.4 4.8 5.4 5.7 9.9 13.9 16.5 21.6 24.8 22.8 22.8 25.9 25.8 21.4 18.3 14.1 9.4 8.7 8.4 6.1 6 6.6 7.1 11.3 11 10.8 10.3 11.2 11.7 12.3 12.2 11.3 10.3 11.3 13.2 15.2 16.9 21.8 27.7 30.8 31.9 33.1 34.3 39.4 41.9 43.5 45.2 47.8 51.4 55 58.5 61.9 64.5 67.3 68.5 69.9 71.1 72.3 73.6 75 76.9 76.4 74.9 69.7 64.6 57.3 50.3 44.9
-0.8 -0.8 -0.8 -0.8 -0.8 -0.8 -0.8 -0.8 -0.8 -0.8 -0.8 -0.8 -0.8 -0.8 -0.8 -0.8 -0.8 5 4.9 6.4 8.1 10.5 14.7 18.9 24.1 29.7 29.2 27.6 27.4 33.1 31.8 25.7 19.4 15 11.7 11.4 11.5 7.6 8.2 8.8 8.8 12.1 12.7 11.5 11.2 11.6 12.1 12.6 12.9 12.6 11.5 12.4 14.4 17.4 21.9 24.4 29.1 32.7 34.3 35.6 37.5 41.1 42.9 44.4 46 48.1 52.2 56 59.5 62.8 63.8 67.2 70.4 71.9 73.4 74.8 76.3 79.7 80.4 77.3 71.1 65.2 59.3 54.1 50.8 43.9
-0.8 -0.8 -0.8 -0.8 -0.8 -0.8 -0.8 -0.8 -0.8 -0.8 -0.8 -0.8 -0.8 -0.8 -0.8 -0.8 6.1 5 8.7 9.7 11.7 16.4 20 24.2 30.9 38.2 30.5 30.6 31.1 38 31.8 28.1 20.7 16.4 14 14 11 10.2 10.8 10 9.3 11.6 13.3 12.2 12.8 12.4 12.5 12.9 13.2 13.5 13.1 14.8 17.3 20.1 23.5 26.9 30.6 34.7 36.2 37.7 39.1 41.2 43.2 45.2 46.8 48.4 52.2 56 59.3 62.3 63 66.2 70.4 73.5 75 76.5 78.5 82.8 81.6 78.2 72.1 66.5 60.9 58.5 50.7 43.2
-0.8 -0.8 -0.8 -0.8 -0.8 -0.8 -0.8 -0.8 -0.8 -0.8 -0.8 -0.8 -0.8 -0.8 -0.8 3.7 4.6 8.2 10.4 11.5 15.6 21.7 26.5 30.7 35.1 34.9 31.2 29.8 32.5 34.5 32.4 26.5 22.1 18.6 16.4 15.4 13.1 12.3 13.3 13.1 12.2 11.9 13.8 15.1 15.6 14.8 14.4 13.7 15.2 16.2 16.5 18.3 21 23.8 26.7 29.5 32.9 36.6 38.1 38.3 39.5 41.2 43.3 45.4 47.6 49.2 52.2 55.8 59.1 61.2 62.6 65.1 69.3 72.6 75.6 78.1 80.8 82.6 81.8 79.9 73.6 67.1 63.8 61 54.5 45.3
-0.8 -0.8 -0.8 -0.8 -0.8 -0.8 -0.8 -0.8 -0.8 -0.8 -0.8 -0.8 -0.8 -0.8 -0.8 5 9.1 12 11.4 13.4 20.5 26.3 29 35 35.3 34.9 32.5 29.5 32.8 31 27.6 24.7 21.5 20.2 17.7 17.4 14.7 14.8 15.7 16.2 14.9 14.5 17.4 18.7 18.3 16.2 15.1 15.4 17.5 19.8 19.8 22 25 27.9 30.7 33.6 36 38.5 39 38.9 40.1 41.7 43.4 45.4 47.6 49.8 52.2 55.6 58.9 60.6 62.2 64.1 67.8 70.8 74 77 79.5 81.7 80.4 78.4 74.4 69.9 66.4 62.1 53.7 44.5
-0.8 -0.8 -0.8 -0.8 -0.8 -0.8 -0.8 -0.8 -0.8 -0.8 -0.8 -0.8 -0.8 -0.8 5 9.4 12.8 13.4 12.6 17.5 25.2 29 32.3 35.5 37.6 37.5 34.9 29 28 27.5 24.4 21.8 21 20.3 19 17.5 14.7 17.2 17.5 17.9 17.5 19.1 22.3 22.3 20.6 18.9 16.9 17.8 20.8 24 22.9 26.7 29.3 31 32.8 35.2 38.4 39.1 39.7 39.5 40.6 42.3 44 45.6 47.5 49.8 53.7 57.5 59.3 60.1 61.7 63.3 66.2 69.1 71.9 74.5 77 79 78.5 75.8 72.8 71.1 68.7 60.8 52.8 43.5
-0.8 -0.8 -0.8 -0.8 -0.8 -0.8 -0.8 -0.8 -0.8 -0.8 -0.8 -0.8 -0.8 -0.8 7.1 12.7 13.1 11.4 13.1 18 26.8 28.8 35.8 39.9 40.9 39.6 35.1 28.3 26.9 26.9 23.3 21.7 21.2 20.2 18.6 16.5 17.6 18.6 18.5 18.9 22.6 24.3 26.2 24.5 22.8 21.1 19.4 20.5 25.1 25.1 27.1 29.5 31.3 33 34.8 36.6 38.4 39.1 39.9 40.2 41.2 42.8 44.5 46.2 47.8 50.8 57 60 59.9 59.8 60.8 62.4 68.8 69.5 70 72.4 74 76.1 76.2 73.6 71.1 66.9 65.7 59.9 52.4 42.6
-0.8 -0.8 -0.8 -0.8 -0.8 -0.8 -0.8 -0.8 -0.8 -0.8 4.5 4.6 6 4.9 8.9 9.5 9.8 10.5 11.3 17.1 25.5 31.8 35.4 40.5 44.5 40 29.8 27.4 26.9 26.9 24.2 22.1 22.2 20.7 19.7 18.6 19.9 20.6 20.8 24.7 29.9 31.2 28.7 26.7 24.8 22.8 21.5 22.1 26.1 26.7 28.8 31.3 33.2 35 36.7 38.1 38.5 39.2 39.9 40.6 41.7 43.1 44.2 45.3 46.7 51.2 59.2 60.9 60.7 60.4 60.3 61.4 66.4 67.9 68.2 69.1 69 71.8 73.6 71.5 69.4 64.4 60.6 57.7 51.2 44.4
-0.8 -0.8 -0.8 -0.8 -0.8 -0.8 -0.8 -0.8 -0.8 9.6 10.5 8.5 7.7 7.1 6.7 7.3 7.9 8.5 10.3 15.3 22.1 28.8 33.9 37 38.9 33.6 29.4 28.3 28 26.9 25.2 24 22.8 21.6 21.1 20.2 21.5 23.6 26 31.1 34.6 33.7 29.3 27.8 25.9 25.1 24.1 23.4 26.9 28 30.5 33 35.2 36.9 38.7 39 39.3 39.6 40.3 40.9 40.4 41.2 42.3 43.4 47.5 52.1 57.7 60.6 60.9 60.8 60.8 60.8 63.4 65.3 64.4 63.8 63.9 66.8 69 68.4 66.3 62.8 58.5 52.3 47.1 -0.8
-0.8 -0.8 -0.8 -0.8 -0.8 -0.8 -0.8 -0.8 10.1 14.8 13.1 11.2 10.1 8.6 6.9 8 8.5 9.6 11.7 14.3 17.6 23.7 30.8 33 34.1 31.4 32 32 30.2 29.2 27.7 26.3 24.3 22.3 21.5 21.9 26.6 29.2 25.8 34.2 34.8 34.7 30.8 28.9 28.5 27.4 26.7 26.1 27.2 29.7 32.1 34.6 37.1 38.9 39.5 39.8 40.1 40.4 40.7 40.6 40.1 39.6 40.4 43.8 48.4 52.9 57.5 59.9 60.6 60.9 60.8 60.9 61 60.3 59.8 59 58.8 61.8 63.3 65 64 62.4 56.6 49.3 -0.8 -0.8
-0.8 -0.8 -0.8 -0.8 -0.8 -0.8 -0.8 -0.8 10.2 15.5 12.1 10.9 10.6 9.8 8.8 10.2 11.5 14.4 14.8 14.8 16.5 23.5 28.8 32.8 35.3 34.8 36.6 35.9 33.6 33 30.3 28.6 26.6 24.6 23.2 28.9 34.1 36.6 27.3 37.5 36.8 37.2 34.5 33.4 32.2 30 29.2 28.5 30 32.2 34.3 36.5 38.8 40.1 40.4 40.6 40.7 40.7 40.8 40.1 39.6 39.2 39 42.8 46.9 51.1 56.9 60.2 60.4 60.7 60.6 59.2 57.9 56 55.2 54.7 54.4 56 58.2 60.4 61.3 59 54 50.2 33.5 -0.8
-0.8 -0.8 -0.8 -0.8 -0.8 -0.8 -0.8 -0.8 5.4 12.6 12.3 12.3 11.9 12 14.1 16.4 18.1 17.2 16.7 16.4 19.1 20.9 27 33.2 36.3 40 38.9 37.5 37.8 37.2 33.8 31.1 29.6 27.8 28.1 34.5 40.4 41.6 41.3 40.4 40.3 40.1 39.8 39.3 37.6 33.5 31.3 31.7 33.9 36.6 39 41.2 43.3 43.3 43.1 41.1 40.6 40.6 40.7 39.9 39.1 38.6 38.7 39.8 44.9 50.8 56 59.7 60.1 58.9 57.3 55.9 54.5 52.5 50.7 50.1 50.2 51.8 53.7 55.9 56.8 56.3 53.5 49 40 -0.8
-0.8 -0.8 -0.8 -0.8 -0.8 -0.8 7.8 8.1 9.3 11.6 15.5 16 14.3 16.8 20.2 23.4 22.7 19.4 16.7 19.6 22.4 23.1 26.7 33.7 39.6 43 39.4 39.7 43 42 35.6 32.6 31.3 31 34.9 42.3 46.3 47.8 47 45.6 45.2 45 46.8 45.3 42 37.7 33.6 35.6 37.9 40.6 43.3 45.9 46.6 46.7 45.3 43.4 40.9 40.5 40.5 39.7 38.9 38.1 37.1 37.4 42.1 48.1 51.9 55.1 55.3 55.7 54.1 52.6 51 49 47 45.7 46.6 47.8 49.5 51.3 52.4 51.8 48.2 40.3 32.1 -0.8
-0.8 -0.8 -0.8 -0.8 7 10.6 15.1 15.9 16.9 17.2 17.1 16.4 15.3 18.4 24.5 29.1 25 19.8 22.5 23 25.6 25.9 27.2 33.7 42.6 41.9 38.3 38 39.7 39.5 34.5 35 35.6 36 42.4 49.7 52.9 53.7 52.7 51.4 50.1 51.1 54.8 51.8 46.4 40.7 36.1 37.4 40.6 45.1 47.8 49.9 49.9 48.9 47.4 45.7 43.2 40.7 40.3 39.5 37.2 34.7 32.9 35.3 39.3 43.8 46.7 48.5 51.2 52 50.9 49.3 46.8 44.5 41.6 42 42.7 44 45.3 47.6 49.3 44 37.1 29.7 23.4 -0.8
-0.8 -0.8 -0.8 -0.8 13.2 16.4 20.6 22.9 23.3 21.1 19.8 17.9 15.8 19.8 25.8 26.8 25.2 28.2 30.2 28.9 28.8 28.8 30.5 36.2 39.5 38.8 36.7 35 35.3 36.5 37.1 38.7 40.3 41.9 49.5 56.1 59 59.3 58.5 57.3 55.1 57.7 59.9 56.2 50.8 45.2 38.6 38.8 42.6 47.4 50.8 51.3 51.7 50.7 49.4 47.5 43.9 41.4 38.6 36.1 33.6 33.1 28.8 29.8 31.3 36.2 38.4 43.3 48.3 49.2 47.6 45.9 42.8 40.2 37.6 38.2 37.7 39.2 40.6 45.1 43.1 36.6 28.9 23.1 17.5 -0.8
-0.8 -0.8 -0.8 15.4 19.4 21.9 25.9 28.1 27.7 25.4 23.2 20 18.4 24.2 26.9 27.9 28.2 33.3 34.5 32.3 32.8 30.7 34.9 36.9 36.2 36 35 35 36.2 38.4 39.7 40.3 41.8 47.7 56.2 60.3 63.1 63.2 62.5 61.1 60.5 60.9 61.3 58.7 54.4 43.6 40.1 39.9 43.5 47.6 50.4 50.9 51 51.1 48.6 45.2 41.5 38.3 35.6 32.4 29.9 31.8 31.8 31.8 31.8 29.2 32.9 39.7 44.1 46 44.3 42.5 39.8 36.7 35.1 35.3 34.5 33.7 34.3 35.8 31.7 27 21.2 15.9 15.6 -0.8
-0.8 -0.8 15.2 22.9 25.7 27.9 32.8 33.8 31.1 27.6 23.7 21.6 25.9 30.3 30.1 31.3 36.2 40 37.4 36.3 37.2 34.9 37.9 36.8 35.3 35 35 35 35.7 39.7 41.3 42.6 43.3 48.8 57 62.4 65.1 64.8 64.3 63.4 62.1 62.8 62.6 57.7 52.7 48.2 43.4 40.5 43.1 47.3 49.9 50.3 50.3 49.4 46.4 42.8 39.2 35.8 32.7 29.1 31.8 31.8 31.8 31.8 31.8 31.8 31.8 34 40.6 40.3 37.9 37.7 36.4 33.6 33.7 33.7 32.1 30.7 29.5 28.3 25.8 20.1 17.7 14.1 13 -0.8
-0.8 -0.8 21.5 28.6 31.7 34.1 37.4 37.4 32.7 27.6 20.8 20.9 32.6 34.3 34.9 38.7 42.6 42.2 37.7 38.7 35.6 39.7 39.2 38 35.1 35 35 35 35 39.7 41.3 42.1 43.6 48.2 55.7 61.6 64.7 64.6 64.5 63.9 63.3 64.4 61.4 56.3 51.5 47.3 43.1 41.7 44 47.9 46.7 47.7 47.1 47.4 44 40.4 36.9 34 32.4 29.6 31.8 31.8 31.8 31.8 31.8 31.8 31.8 31.8 29.8 29.7 30.8 32 32.7 32.4 33.3 33 30.9 27.9 24.9 22.1 19.6 17.2 14.5 9.9 -0.8 -0.8
-0.8 15.5 27.7 34.2 34.8 40.1 40.8 40.1 35.6 28.4 24.8 27.5 33.6 36.4 38 43.9 46.7 44.2 38.5 36.4 36.7 44.1 44.5 40.4 35 35 35 35 35 39.6 40.6 40.8 42.9 46.5 54.7 61.7 64.2 64.9 64.7 64.9 64.2 62 59.8 54.7 51.5 46.7 42.9 43 44.8 44.7 43.7 44 45 45.5 41.5 38.7 37.1 36.1 33.8 31.7 29.6 31.8 31.8 31.8 31.8 31.8 31.8 31.8 31.8 31.8 31.8 31.8 29.7 30.8 32 31.9 28.6 25.6 23.3 20.9 18.5 16.1 13.7 -0.8 -0.8 -0.8
