app/static/ascii/HU58.asc
ncols 200
nrows 200
xllcorner 450000
yllcorner 1180000
cellsize 50
[rows 148 to 184 of 200, columns 0 to 82 of 200]
66.8 69.2 71.7 75.7 79.8 80.6 82.1 84.9 86.2 86.3 87.9 90.8 93.1 98.2 102.8 106.1 108.1 111.9 117.8 120.5 122.6 115.1 98.3 81.5 73 66.7 61.2 58.5 54.7 50.7 48.4 46.4 44.5 42.6 43.1 44.3 45.2 48.3 51.4 55.9 60.5 66.1 69.5 70.1 69.8 67 64.9 62.6 61.7 59.2 55 53.4 53.8 46.3 40.5 36.2 35.6 30.3 29 28.4 24.3 20 17.9 19.7 22.8 18.8 13.2 8.2 7.3 -0.8 -0.8 -0.8 -0.8 -0.8 -0.8 -0.8 -0.8 -0.8 -0.8 -0.8 -0.8 -0.8 -0.8
68.1 70.1 73 76.9 80.4 81.7 82.8 86 85.5 86.8 88.5 90.2 95.4 100.5 104.4 108.1 110.8 115.7 121 122.2 121.6 109.5 93.2 79.9 73.4 66.8 60.5 55.8 51 49.4 47.7 45.8 44 42.9 44.6 46.5 48.7 51.4 54.2 58.9 64.2 69.9 70.6 71 71 69.9 67.7 64.5 62.4 60 55.8 53.9 51.4 45.1 39.8 36.2 35.3 29.5 31.3 32 28.8 21.7 18.4 19 18.9 15.3 11.3 11.1 12.4 13 -0.8 -0.8 -0.8 -0.8 -0.8 -0.8 -0.8 -0.8 -0.8 -0.8 -0.8 -0.8 -0.8
69.7 71.8 74.2 77.8 80.2 81.8 83 84.2 86.1 87.6 89.8 94.4 99 102.8 106.4 109.9 115 119.7 121.3 121.9 116.4 100.7 90.9 81.7 75.5 67.2 59.5 54.2 49.4 49.9 47.4 45.5 43.7 43.8 44.9 47.6 51.6 54.8 57.6 61.9 67.7 70.8 70.2 69.6 70.2 70.1 66.3 65.3 63.5 60.7 56.5 51.6 47.8 42.9 38.8 35 32.8 31.7 34 36 28.8 23 20.2 18.9 15.3 12 11 11.9 13.2 16.7 -0.8 -0.8 -0.8 -0.8 -0.8 -0.8 -0.8 -0.8 -0.8 -0.8 -0.8 -0.8 -0.8
71.4 74.2 76.4 78.5 80.2 82 84 86 87 89 91 97.1 101.7 105.5 109 113 117.5 120.8 120.9 117.9 109.3 100.4 91.8 84.4 77 67.6 59.1 54 50.4 50 47.4 45.1 44.5 44.7 45.4 48.9 53.7 56.9 60.5 64.7 69.1 70.7 70.1 69.2 66.7 68.1 66.3 66.4 64.3 61.2 58.8 53.2 47.8 42.3 37.9 35.9 34 32.4 34.3 34.8 27.6 24 20.3 18.6 15.3 13.8 14 12.3 15 18.6 -0.8 1 -0.8 -0.8 -0.8 -0.8 -0.8 -0.8 -0.8 -0.8 -0.8 -0.8 -0.8
73.4 76.3 78.8 80.9 82.4 83.9 85.9 87.8 88.2 90.3 95.4 100 103.4 106.8 110.4 115 119.5 121 118.1 113.9 106.6 100.6 93.8 86.7 76.5 66.6 59.2 54.7 51 49.3 46.9 45.5 45.5 46.2 48.1 50.8 55.9 58.2 62.6 67.1 71 73.5 71.4 68.2 64.1 63.8 64.9 65 64 61.6 57.9 53.6 48.4 41.8 37.6 35.5 34.2 32.8 32.6 31 28.1 24.3 20.5 18.6 17 15.8 14.7 14.9 18.5 22.6 -0.8 21.7 -0.8 -0.8 -0.8 -0.8 -0.8 -0.8 -0.8 -0.8 -0.8 -0.8 -0.8
75.3 78.4 80.5 81.3 82.8 85.2 87.2 90 90.7 93.3 98.1 102.1 105.6 108.8 111 113.6 114 115 111.8 108.1 103.2 97.5 93.6 88.8 78.9 69.1 60.3 55.9 51.1 48.9 47.3 47.4 47.4 47.4 50.1 54.4 58.9 59.5 64 68.6 73.8 78.8 73.9 67.8 63.2 62.5 63.5 63.1 62.1 60.3 57.4 53.1 47.9 41.1 37.4 35 33.7 32.6 32.1 30.7 26.9 24.1 20.6 17.9 15.3 14.5 14.8 17.9 21.8 25.7 30.3 26.6 -0.8 -0.8 -0.8 -0.8 -0.8 -0.8 -0.8 -0.8 -0.8 -0.8 -0.8
76.8 80.2 79.5 81.3 83.8 86.1 87.8 90.2 94.1 96.8 100.7 104.3 107.6 110 111 107.8 107.5 105.4 105.2 101.9 98.9 94 90.1 87.1 78.8 72.8 66.7 59.5 53.1 49.2 49.2 49.1 49.1 49 52.4 56 60.1 61.6 65.6 69.8 79.5 81 76.8 68.3 63.8 62.9 62.1 61.2 60.3 60.7 58.4 50.9 46.5 39.9 37.4 34.5 34.9 33.2 29.7 29.4 28.1 25.7 22 17.8 15.3 14.7 17.6 20.9 26.9 31.7 35.3 25.8 -0.8 -0.8 -0.8 -0.8 -0.8 -0.8 -0.8 -0.8 -0.8 -0.8 -0.8
77.2 80.2 79.9 82.5 85.1 87 88.8 91.5 96 100.5 102.2 105.9 109 110.6 108.7 102.2 99.7 99.2 98.6 97.1 95.1 91.8 89.3 89.1 86 81.9 74.5 66.7 57.5 49.5 49.2 49.1 49.1 49 51 55.6 61.4 65 69.3 72.9 79.7 80.3 78.2 68.5 64.3 63 61.9 61.1 60.2 59.5 53.7 47.7 42.6 38.2 35.9 37.6 36.9 33.7 30.4 30.4 31.1 25.2 20 17.8 15.5 16.1 18.7 24 30.6 38.6 40.1 29.1 -0.8 -0.8 -0.8 -0.8 -0.8 -0.8 -0.8 -0.8 -0.8 -0.8 -0.8
77.8 78.6 80.9 83.7 86.3 88.1 90.1 93.5 97.6 100.3 102.3 105.7 107.3 107.5 103.7 98.5 96.1 95.5 95.2 94.4 92.5 90.4 90 90 92 88.7 81.4 70.9 60.1 51.2 49.1 49.1 49 48.9 51.9 56.5 63.6 68.1 71.9 76.3 82.1 82.3 78.7 69.6 65.5 63.1 62.3 61.5 60.1 54.8 49.1 45.7 42.2 40 39 39.1 37.6 34.2 30.7 29.4 27.6 22 19.1 14.6 14.6 16.8 19.5 27.3 33.4 41.2 43.6 36.6 -0.8 -0.8 -0.8 -0.8 -0.8 -0.8 -0.8 -0.8 -0.8 -0.8 -0.8
76.8 79.3 81.4 84.8 87.2 89.3 91.9 95.4 99 100.7 104.4 107.4 107.1 102.5 99.4 95.5 93.4 93.4 93.3 92.3 90.4 93.9 94 96.3 97.1 92.6 86.1 75.1 64.6 55.5 49 49 49 49.6 54.3 58.5 66 71.2 76 79.4 86.1 83.8 78.1 71.2 67.6 67.4 66.4 63.9 61 54.7 51 47.7 44.7 42.6 40.9 41.3 38.2 34.7 31.2 29.8 25.7 20.2 17.8 14.6 14.6 19.1 -0.8 30.1 36 41 41.4 34.1 -0.8 -0.8 -0.8 -0.8 -0.8 -0.8 -0.8 -0.8 -0.8 -0.8 -0.8
77.9 79.9 83 86.8 89 90.9 94.1 97.4 101.1 104 105 105.1 100.2 97.1 94.6 93.3 90.6 90.9 91.5 90.3 91.3 93.6 97 99.4 100 95.2 90.1 77.9 67.6 58.6 51.5 49.8 50.2 53.5 58 62.5 69.6 74.7 79.4 85.6 88.5 84.5 77.8 72.6 71.3 71.7 69.1 65.6 61.5 57.9 54.1 50.6 47.8 46 46.1 46.8 39.8 36.3 32.3 30.6 23.8 18.5 16.6 14.6 15.9 20.3 -0.8 32.7 33.2 40.3 40.9 -0.8 -0.8 -0.8 -0.8 -0.8 -0.8 -0.8 -0.8 -0.8 -0.8 -0.8 -0.8
80.1 82.1 85.2 88.7 91.4 93.7 95.8 99.3 100.6 107.1 103.5 99.8 91.9 91 91.2 89.7 88.4 88.9 90.8 90.4 91.2 92.2 95.7 98.3 98.1 93.1 90.9 80.2 70.3 61.5 55.8 53.3 54.5 58 61.9 67.1 72.8 76.9 81.1 89.1 90.3 85.3 77.9 73.6 73.9 75.1 71.2 67.6 63.3 60.3 56.7 51.6 49.7 50.1 49.9 46 41.2 36.1 31.7 28.1 20.2 14.6 14.6 14.6 15.3 19.8 -0.8 -0.8 4.7 7.2 1.1 -0.8 -0.8 -0.8 -0.8 -0.8 -0.8 -0.8 -0.8 -0.8 -0.8 -0.8 -0.8
83.2 84.8 86.9 90 94.2 96.1 98.4 99.2 104 105.6 101.6 94.5 86.3 85.5 85.1 85.2 84.3 86 88 88.7 89.4 91 92 95 94.7 90.8 87.7 79.7 70.9 63.2 59.3 57.5 59.1 62.8 65.9 71.4 76.1 79.6 82.3 91.1 92 85.2 77.9 73.8 75.8 75.1 70.7 67.5 64.8 61.5 57.8 54.5 53.6 52.7 52.2 50.2 44.4 37.7 31.4 25.1 19.2 14.6 14.6 14.6 19.8 22.7 -0.8 -0.8 -0.8 -0.8 -0.8 -0.8 -0.8 -0.8 -0.8 -0.8 -0.8 -0.8 -0.8 -0.8 -0.8 -0.8 -0.8
86.6 89.9 91.8 93.5 97.3 98.3 100.6 99.6 101.1 102.5 100.1 89 82.2 80.4 80.6 80.7 81.9 84 85.5 86.2 88.1 89.4 90.6 91 90.6 88.5 83.1 77.7 71.2 65.1 61.3 62.4 64.4 67.1 68.5 73.7 78.8 80.9 84.9 95.2 93.9 85.1 76.3 71.8 77.2 75 70.9 68.3 65.4 61.9 57.2 54 53.9 54.7 55 52 45.6 39.5 33.7 25.7 20.4 16.9 14.6 15.3 20.9 22 -0.8 -0.8 -0.8 -0.8 -0.8 -0.8 -0.8 -0.8 -0.8 -0.8 -0.8 -0.8 -0.8 -0.8 -0.8 -0.8 -0.8
92.4 94.8 96.6 98.4 100.4 101.2 102.8 100.8 102.5 102.4 95 85.8 79.8 77.6 77.3 78.9 79.7 81.8 83.4 84.6 85.9 86.9 88.3 88.8 88.4 84.4 80.2 75.9 70.5 68 66.4 68.1 70.1 70.4 69.2 74.6 80.5 81.5 87.5 96.1 93 83.3 73.6 71.8 71.8 74.2 74.3 69.7 64.6 60.1 56 53 55.1 55.6 55.4 50.8 45.4 41.2 36.6 27.8 21 19.9 17.8 16.4 17 20.6 -0.8 -0.8 -0.8 -0.8 -0.8 -0.8 -0.8 -0.8 -0.8 -0.8 -0.8 -0.8 -0.8 -0.8 -0.8 -0.8 -0.8
99 100.4 100.7 102.7 105.2 107.3 105.8 103.5 103.6 99 88.6 80.7 77.1 74.8 74.1 75.2 77.5 79.9 81 82.5 84 84.5 85.3 85.7 83.9 81.5 78 74.5 70.8 69.1 69.2 70.6 71.7 71.5 71.2 75.6 78.9 82.3 90.8 94.5 90.5 80.3 73.1 71.8 72.9 71.7 71.7 67.1 61.3 57.8 54.9 53.9 59.4 56.8 53.8 49.4 45.2 40.6 32.2 27.4 22.6 21 18.7 17.1 16.4 17.3 -0.8 -0.8 -0.8 -0.8 -0.8 -0.8 -0.8 -0.8 -0.8 -0.8 -0.8 -0.8 -0.8 -0.8 -0.8 -0.8 -0.8
103.3 107.5 108.2 109.2 110.3 110.9 108.1 104 100 90.8 81.1 77 74.1 71.9 70.7 72.7 74.1 76.6 79.1 80.4 82.1 82.2 82.3 81.5 79.9 78.9 76.7 73.4 71.2 71.2 72.1 72.8 73.4 71.5 73.6 76.2 78.3 84.9 91.6 92 88.1 79.6 73.6 71.9 73 70.6 67.5 63.4 59.9 55.1 52 53.5 56.1 54.4 51.1 49.2 45.3 40.5 35.6 32.6 29 26.2 19.9 17.8 15.5 9.6 -0.8 -0.8 -0.8 -0.8 -0.8 -0.8 -0.8 -0.8 -0.8 -0.8 -0.8 -0.8 -0.8 -0.8 -0.8 -0.8 -0.8
107.9 111.2 114 115 112.9 109.3 106.8 103 94.9 84.4 77.8 74.6 71.5 69.7 68.2 73.2 73.5 76 78.5 78.4 80 79.2 78.5 77.8 76.9 75.7 73.8 72 70.9 71.4 73.2 74.8 74.9 72.3 73.5 75.8 78.8 83.7 89.4 90 83.1 77.1 74.3 73.4 70.4 69.8 66.7 61.5 58.9 54.6 52 52 53 51.6 49.8 49 46.3 42.7 42 42.1 36.6 29 23.2 20.4 16.2 1.1 -0.8 -0.8 -0.8 -0.8 -0.8 -0.8 -0.8 -0.8 -0.8 -0.8 -0.8 -0.8 -0.8 -0.8 -0.8 -0.8 -0.8
111.5 116.1 119.8 119.2 115 110.2 104.3 96.8 87 79.2 74.2 71.4 70.7 66.6 65.7 71.9 74.2 75.5 76.3 75.4 75.4 74.6 73.8 73.1 72.9 73.1 71.9 70.9 71 71.6 73.4 74.4 74.3 73 73 75.6 78.7 84.2 87 87.1 80 79.2 79.9 78.3 75.8 70 64.7 61 57.4 53.6 52 52 53.6 54.3 53.1 50.6 47.8 46.1 45 44.9 37.4 29.5 25.1 23.6 20.1 6 -0.8 -0.8 -0.8 -0.8 -0.8 -0.8 -0.8 -0.8 -0.8 -0.8 -0.8 -0.8 -0.8 -0.8 -0.8 -0.8 -0.8
111.7 117.2 118.5 117.7 113.7 106.5 95.9 85.7 76.4 72.1 69.6 69 68.8 65.7 65.7 69.3 74.8 74.5 74 72 70.9 70 69.3 69.3 71.4 70.5 69.2 69.1 69.4 70.8 71.1 72 71.8 71.4 71.1 75.6 80.1 83.3 84.7 82.7 79.6 79.8 81.9 82.4 80.1 71.3 61.7 56.6 54 52 52 52 54.1 55.3 54 51.9 50.5 49.2 47.5 44.3 37.9 30.1 26.8 24.6 23.5 -0.8 -0.8 -0.8 -0.8 -0.8 -0.8 -0.8 -0.8 -0.8 -0.8 -0.8 -0.8 -0.8 -0.8 -0.8 -0.8 -0.8 -0.8
108.7 114.1 116.1 113.8 107.3 95.7 85.3 75 68.9 65.7 65.9 65.8 67.2 65.7 65.7 68.9 72 73.4 72.2 69.3 68 66.4 65.7 66.6 67.5 67.3 66.9 66.7 68 68.6 69.6 70.5 69.8 69.2 70.6 74.6 79.7 82.5 81.5 81.6 81.7 81.9 82.8 80.4 73.4 66.5 57.9 54.8 52 52 52 53.3 54.8 57.5 57.5 56 54.4 52.8 50.4 45.2 39.9 34.3 29.3 26.1 24.9 3.8 -0.8 -0.8 -0.8 -0.8 -0.8 -0.8 -0.8 -0.8 -0.8 -0.8 -0.8 -0.8 -0.8 -0.8 -0.8 -0.8 -0.8
99.8 107.1 107.7 102.1 92.5 84.7 77.2 69.5 64.9 62.7 64.1 64.6 65.3 67 67.4 70.5 70.4 72.9 69.6 66.5 63.7 62.4 62.1 62.5 64 64.4 64.6 64.4 63.9 65.4 66.6 67.4 66.5 66.6 68.7 74.1 80.2 82 81.8 81.3 81.2 84.1 84.7 80.5 73.9 64.5 56.1 53.2 52 52.2 54 55.6 57.2 59.8 60.2 60.3 58.6 57.1 53.9 49.4 44.2 37.9 33 29.7 28.3 26.2 24.6 -0.8 -0.8 -0.8 -0.8 -0.8 -0.8 -0.8 -0.8 -0.8 -0.8 -0.8 -0.8 -0.8 -0.8 -0.8 -0.8
85.1 90.7 89.5 85.4 80.7 75.5 69.4 63.4 60.3 61.5 62.4 64.1 65.8 67.9 68.9 69.8 69.7 69.5 66.8 63 59.9 59.7 58.9 59.3 60.6 61.1 61.2 61.7 61.9 62.2 63.5 63.7 63 64.6 66.3 72.8 78.3 80.9 80.9 79.2 79.9 83 84.6 82.4 74.8 64.8 57.1 53.7 52 54.7 56.4 57.3 59.4 61.2 63.1 64.2 62.7 62.5 56.1 51 46.2 39.9 36.7 34.4 33.1 32.7 34.8 -0.8 -0.8 -0.8 -0.8 -0.8 -0.8 -0.8 -0.8 -0.8 -0.8 -0.8 -0.8 -0.8 -0.8 -0.8 -0.8
74.4 77.6 77.6 75.9 71.6 66.2 63.7 59.8 59.6 60.9 60.9 63 65.1 68 69.5 70.7 69.8 67.7 64.4 60.2 58.6 57.3 56 56.8 57.9 57.8 57.7 59.7 61 61.4 60.7 61.3 59.8 60.5 63.6 70.7 72.3 77.6 79.9 79.7 79.2 81.3 82.7 80.6 73.2 64.4 58.3 56.3 56.3 58.3 59.1 59.1 59.8 60.5 62.1 62.7 62.4 59.7 54.4 50.3 45.3 40.4 40.2 40.3 39.2 41.8 44.7 -0.8 -0.8 -0.8 -0.8 -0.8 -0.8 -0.8 -0.8 -0.8 -0.8 -0.8 -0.8 -0.8 -0.8 -0.8 -0.8
66.6 68.2 68.6 66.5 63.7 60.6 58.6 57.6 58.9 59.9 60.1 62.4 65.3 68.2 69.7 69.3 70.8 67.5 62.4 59.2 57 55 53.7 54.1 55.3 55.2 55.3 56.2 59 58 57 56.7 56.9 57.9 60.5 67.4 70.8 75.2 76.7 76.2 79.2 80.8 81.1 76.6 69.8 60.5 59.6 58.9 60.9 62.6 63.4 62.3 60.6 60.7 59 60 59.4 56 52.7 49.8 46.5 43 46.4 48.7 47.1 49.8 52.6 -0.8 -0.8 -0.8 -0.8 -0.8 -0.8 -0.8 -0.8 -0.8 -0.8 -0.8 -0.8 -0.8 -0.8 -0.8 -0.8
62.4 63.9 63.7 61.4 58.4 56 54.2 54.8 56.6 58.4 60.7 63.5 66.4 68.7 69.6 70.9 70.6 67.7 61.2 57.3 55.2 53 51.5 51.5 52.7 52.2 53.4 54.3 53.8 53 52.1 51.7 52.8 54 58.5 64.3 69.4 71.9 72.4 73.1 75.2 76.6 74.2 69.8 63 61.2 61 63.1 65 66.7 67.5 66.1 63.1 61.8 58.6 55.4 49.9 50.1 51.5 49.4 46.7 47.4 49.8 51.1 53.4 57 58.7 -0.8 -0.8 -0.8 -0.8 -0.8 -0.8 -0.8 -0.8 -0.8 -0.8 -0.8 -0.8 -0.8 -0.8 -0.8 -0.8
60.2 61.1 59.4 56.1 53.4 51 50.6 52.7 55.2 58.2 61.3 64.3 67.2 70 71 71 70.8 65.1 59.4 55.5 53.3 51.2 49.2 50.8 50.4 50 51.3 51.1 49.9 48.8 49.8 49.3 49 50.6 55.1 60.6 65.6 67.9 69 71 72.5 71.1 67 63.1 62.1 61.6 63.9 66.5 68.7 70.2 70.1 69.3 65.7 61.8 59.9 54.9 50.8 46.9 47.2 47.5 48.9 50.9 53.8 54.4 58.1 61.5 62.8 65.2 -0.8 -0.8 -0.8 -0.8 -0.8 -0.8 -0.8 -0.8 -0.8 -0.8 -0.8 -0.8 -0.8 -0.8 -0.8
60.4 59.5 54.4 51.4 51.1 49.3 49.8 51.6 53.9 56.9 60 63 66.6 69.8 71 71 68.1 61.7 56.8 53.1 51.2 50.1 49.1 48.9 48.3 47.6 48.4 48.1 47.2 46.2 46.4 46.9 47.5 49.7 51 55.8 62.2 64 66.8 69.5 71 67.2 62.3 61.2 62.4 63.4 66.3 69.3 71.8 74.3 75.8 74.5 69.4 64 61.2 58.3 53.8 48.2 42.2 44.9 50 54.4 55.3 -0.8 60.1 61.2 -0.8 59 29.3 63.2 -0.8 -0.8 -0.8 -0.8 -0.8 -0.8 -0.8 -0.8 -0.8 -0.8 -0.8 -0.8 -0.8
56.1 53.6 50.4 49.4 50.5 49 49 50.4 52.7 56.2 59.5 61.7 64.1 67 69.6 66.9 64.1 58.6 53.9 50 48.9 47.7 47.6 47.3 46.4 45.2 44.8 44.8 44.2 43.6 43.5 44.2 45.4 47.7 49.3 52.2 59.5 62.1 64.6 65.3 66.4 64 61.2 61.2 63.3 65.5 68.3 70.6 75.4 77.9 79.8 80.9 76.6 68.9 64.5 60.7 53.7 48.1 43.4 38.5 21.8 -0.8 -0.8 -0.8 -0.8 45.4 -0.8 -0.8 0.9 1.1 54.1 1.1 -0.8 -0.8 -0.8 -0.8 -0.8 -0.8 -0.8 -0.8 -0.8 -0.8 -0.8
52.1 50 48.4 48.3 49 48.7 49.2 49.3 51.7 55.4 59.2 60.7 63.7 68.3 68.5 65.6 60.6 55.7 51.2 48.6 47.3 47 47.9 45.5 44.7 44 43.3 42 41.8 41.1 42.3 43.1 44 46.4 48.1 51.2 57.1 59.3 62 63.4 63.6 62.5 62.5 61.7 64.2 67.6 69.8 73 77.9 79.7 80.7 80.9 77.3 71.6 66.5 61.8 56.8 49.7 46.3 42.3 -0.8 -0.8 -0.8 -0.8 -0.8 13 -0.8 -0.8 -0.8 -0.8 47 1.1 -0.8 -0.8 -0.8 -0.8 -0.8 -0.8 -0.8 -0.8 -0.8 -0.8 -0.8
49.3 48.7 47.6 47.4 47.8 48 48.8 49.2 51.8 55.8 59.3 60.5 63.6 64.5 64.8 61.9 57.9 53 48.9 46.9 48.2 47.6 47.3 45.6 44.2 43.2 41.1 38.3 38.8 38.3 40 42.8 43.5 45.2 48.1 51.9 57.2 59.3 61.8 62.4 62.7 62.7 62.4 62.9 63.8 67.8 69.6 74.2 78.1 80.3 80.4 79.5 76.7 70.4 66.8 63.4 57.9 52.6 51 49.7 42.1 31.7 -0.8 -0.8 -0.8 -0.8 -0.8 -0.8 -0.8 -0.8 0.6 0 -0.8 -0.8 -0.8 -0.8 -0.8 -0.8 -0.8 -0.8 -0.8 -0.8 -0.8
48 48.2 46.4 46.2 46.6 47.3 48.1 49 52.3 56.9 59.3 61.2 61.2 61.1 59.9 59.3 55 50.3 48.5 48.4 47.6 46.9 46.6 44.9 43.3 42.5 40.6 38.3 38.3 38.3 38.3 42.1 43.7 44.9 48.3 52.6 58 61.6 65.5 68.7 67.4 64.8 63.6 64.1 64.6 67.3 71.5 73.3 77.6 79.3 80.7 79.5 76.5 71.4 67.6 63 58.2 55.2 54.2 57.4 49.2 38.6 -0.8 -0.8 -0.8 -0.8 -0.8 -0.8 -0.8 -0.8 -0.8 -0.8 -0.8 -0.8 -0.8 -0.8 -0.8 -0.8 -0.8 -0.8 -0.8 -0.8 -0.8
45.8 47 45.2 45.1 45.7 46.6 48 50.4 54.9 58.2 60.9 63.8 64.5 64.6 61.6 58.5 53.6 49.6 48.7 48 47.1 46.3 45.9 44.2 42.1 41.2 38.3 38.3 38.3 38.3 38.3 40.7 42 44.9 48.8 53.2 59 63.3 68.1 70.8 70.7 67 64 64.1 64.3 67.8 73.3 76.2 77.8 79.7 81.9 83.7 79.3 75.6 71 69.5 66.1 60.7 56.5 59.4 51.5 39.5 23.4 -0.8 -0.8 -0.8 -0.8 -0.8 -0.8 -0.8 -0.8 -0.8 -0.8 -0.8 -0.8 -0.8 -0.8 -0.8 -0.8 -0.8 -0.8 -0.8 -0.8
44.8 45.3 44.3 45 46 47.5 49.3 53.1 57.7 60.5 62.6 65.8 68.3 68.4 66.2 60.1 55.7 50.6 49 47.6 46.6 45.7 45.3 43.4 41.4 38.6 38.3 38.3 38.3 38.3 38.3 38.3 41.1 44.9 48.6 53.8 59.5 65 69.7 70.9 70.3 67.4 64 64.1 68.2 72.6 75.7 77.2 78.1 79.7 81.6 84 81.8 80 79.8 79.4 76.2 68.5 62.2 54.2 35.6 22.1 -0.8 -0.8 -0.8 -0.8 -0.8 -0.8 -0.8 -0.8 -0.8 -0.8 -0.8 -0.8 -0.8 -0.8 -0.8 -0.8 -0.8 -0.8 -0.8 -0.8 -0.8
43.5 43.6 43.3 45 46.6 48.1 50.7 55 59 61.7 64.1 67.5 69.9 70.5 70.2 63.9 58 53.4 49.2 45.9 45 44.3 43.1 41.5 38.3 38.3 38.3 38.3 38.3 38.3 39.9 39.3 40.2 43.3 47.8 54.1 59.7 64.6 70.4 70.9 71 67.2 64.4 64.9 69.5 71.5 74.2 75.9 76.7 78.4 80.9 81.7 82.9 83.9 85.9 86 83.4 76.4 71.4 67.2 45.5 28.1 -0.8 -0.8 -0.8 -0.8 -0.8 -0.8 -0.8 -0.8 -0.8 -0.8 -0.8 -0.8 -0.8 -0.8 -0.8 -0.8 -0.8 -0.8 -0.8 -0.8 -0.8
42.1 41.1 42.8 45.1 46.7 48.9 51.7 56.2 59.8 62.6 65.7 68.9 69.7 70.9 68.3 61.5 56.8 52.5 48.7 45.5 42.8 41.7 41 38.3 38.3 38.3 38.3 38.3 38.3 40.2 42.1 40.9 38.6 43.3 48.5 54.6 60.3 65.7 70.9 71 71 69.1 66.9 65.5 69.7 70.4 73 72.2 71.1 73.1 77.2 80 84 87.4 90.1 91 88.3 82.8 81.5 79.9 71.3 45.4 -0.8 -0.8 -0.8 -0.8 -0.8 -0.8 -0.8 -0.8 -0.8 -0.8 -0.8 -0.8 -0.8 -0.8 -0.8 -0.8 -0.8 -0.8 -0.8 -0.8 -0.8
41.4 41.6 43.3 45.2 47.5 50 52.8 56.8 60.4 64.2 67.3 70.3 70.7 71 68.9 59.9 55.8 50 48.9 47 44 42.2 40 38.3 38.3 38.3 38.3 38.3 38.3 41.5 42.8 40.1 37.5 43.4 49.3 55.1 61.4 67.5 70.9 70.9 71 71.5 70.1 68.5 66.8 69.9 71.2 69.3 66.5 67.3 72 76.5 82.7 87.8 90.6 91 90.3 88.6 88.4 89.8 88.9 71.2 38.3 -0.8 -0.8 -0.8 -0.8 -0.8 -0.8 -0.8 -0.8 -0.8 -0.8 -0.8 -0.8 -0.8 -0.8 -0.8 -0.8 -0.8 -0.8 -0.8 -0.8
