app/static/ascii/HU59.asc
ncols 200
nrows 200
xllcorner 450000
yllcorner 1190000
cellsize 50
[rows 148 to 184 of 200, columns 0 to 84 of 200]
116.8 120.4 120.7 115.1 108.8 101.5 96.8 93.4 88 82 75.5 66.1 55.2 46.6 37.2 26.2 18.4 15.1 13.9 11.2 11.7 17.4 24.2 30.1 34.2 37.3 41.1 44.9 48.1 50.6 51.4 52.7 51.8 50.6 48.8 45.9 43.5 42 39.8 37.6 38.2 37.7 38.6 41.7 48.3 51.9 52.8 52.1 54.3 55.5 56.5 58.7 60.2 58.5 58.2 56.4 54.4 53.2 52.3 51.4 48.9 49.1 49.4 48.9 46.8 42.2 42.4 42.8 39.7 33.1 24 17.2 -0.9 -0.9 -0.9 -0.9 -0.9 -0.9 -0.9 -0.9 -0.9 -0.9 -0.9 -0.9 -0.9
116 118.1 118.4 114.1 108.6 101.7 95 91.3 86.4 81.4 75.9 66.7 57.4 49.4 40.3 27.9 18.3 13 12.1 11.1 10.7 14.8 21.2 28.3 31.6 34.7 37.5 41.3 44.8 46.4 49 50.1 49.5 47.6 45.9 44 43 41.4 39.2 35.9 36.3 36 36.4 39 45.3 49.3 50.4 48.8 49.8 51.9 52.4 54.6 56.2 54.2 53.5 53.2 53.3 53.1 52.3 51.4 51.3 51.4 51.3 50.5 48.1 44.4 38.9 34 32.2 26.4 20.6 -0.9 -0.9 -0.9 -0.9 -0.9 -0.9 -0.9 -0.9 -0.9 -0.9 -0.9 -0.9 -0.9 -0.9
111.9 114 112.6 110.4 106.3 100.2 92.7 86.4 82.4 78.2 73.9 67.2 59.4 51.8 44.1 29.9 18.8 12 9.6 9 7.9 11.3 17.2 25.6 28.7 32.3 33.7 37.6 40.6 42.6 44.7 46.1 47.8 46.2 43.5 42.7 41.6 40.4 37.9 34.6 34.6 34.8 34.3 35.2 41.6 46.5 48 45.3 45.3 47.6 47.1 49.5 53.2 51.3 51.3 51.6 52 52.8 52.8 52.6 52.4 52.9 52.9 52.4 50.2 45.6 38.2 33.3 27.1 20.4 14.9 -0.9 -0.9 -0.9 -0.9 -0.9 -0.9 -0.9 -0.9 -0.9 -0.9 -0.9 -0.9 -0.9 -0.9
108.7 108.5 107.8 104.8 102.2 96.7 90.1 83.4 77.4 73 68.9 63.7 58.3 53 45.4 32.2 19.6 11.8 8.2 7.2 5.2 9 12.7 19.9 23.4 26.8 28.8 32.1 35 38.9 39.9 41.1 42.3 43 41.2 40.3 39 38.3 35.7 33.5 32 32.5 32.4 31.2 35.4 41.2 43.9 41.4 40.1 42.7 42.9 47.5 50.6 49.8 50.4 51 52.9 54.2 53.4 53.6 53.8 54.5 55.2 55.1 52.4 46.5 38.9 33.3 27 18.1 6.6 -0.9 -0.9 -0.9 -0.9 -0.9 -0.9 -0.9 -0.9 -0.9 -0.9 -0.9 -0.9 -0.9 -0.9
104.5 103.2 101 99.1 96.9 91.5 85.4 78.1 72.6 66.7 62.1 56.9 55.5 51 42.1 31.6 19.9 12 7.1 4.8 -0.9 6.4 9.3 14.7 18.7 22 25.5 26.8 29.9 33.1 36.9 38.2 38.2 39.6 38.9 38.8 36.2 36.3 34.3 32.2 30.8 30.1 30.3 28.8 29.5 34.6 38.3 37.2 34.8 36.9 41.3 43.7 46.4 48.6 49.4 51.2 53.3 53.4 54.7 55.1 55.1 56.6 57.5 57.7 54.7 48.4 39.2 31.4 23.6 14.3 5.8 -0.9 -0.9 -0.9 -0.9 -0.9 -0.9 -0.9 -0.9 -0.9 -0.9 -0.9 -0.9 -0.9 -0.9
98.2 97 94.3 91.6 89.5 86.6 82 74.2 66.4 61.4 55.6 52.5 50.8 46.7 39.5 28.3 18.8 11.5 6.2 2.5 -0.9 3.9 6.8 10.6 14.2 18 20.9 22.1 24.4 27.2 29.2 33.2 35.1 36.6 35.3 35 34.5 34.4 32.9 30.8 29.2 28.4 28.6 26 24.4 26.8 30.9 32.6 31.3 32.3 38.1 41.5 44.9 48.1 49.1 51.9 53.2 54.8 56.2 55.9 57.4 58.8 60.8 60 56.7 49.9 39.4 30.8 21.3 12.2 -0.9 -0.9 -0.9 -0.9 -0.9 -0.9 -0.9 -0.9 -0.9 -0.9 -0.9 -0.9 -0.9 -0.9 -0.9
89.6 90.5 89.7 88.6 85.4 84.7 79.7 71 62.4 57.3 52.5 48.6 45.4 40.4 33.9 23.5 16.6 11.1 5.5 -0.9 -0.9 -0.9 3.2 6.9 10.8 14.8 16 17.7 19.6 22.4 25.1 27.6 28.4 30.7 31.8 31.1 30.9 31.4 30.8 29.1 27.4 26.5 27.3 23.9 20.9 21.3 24.6 26 27.3 28.1 34.2 38.2 42.4 45 47.2 49.8 52.6 54.3 56.4 56.4 57.9 61.1 63.3 62.6 58.2 50 41.1 30.2 19.9 10.8 -0.9 -0.9 -0.9 -0.9 -0.9 -0.9 -0.9 -0.9 -0.9 -0.9 -0.9 -0.9 -0.9 -0.9 -0.9
85.3 85.9 85.3 83 79.7 79 74.8 67.7 59.9 53.4 48.1 42.3 39 33.6 27.3 17.6 14.2 8 -0.9 -0.9 -0.9 -0.9 -0.9 -0.9 5.7 8.3 10.6 13.9 15.4 17.7 19.9 20.6 22.4 24 24.5 26.9 27.3 28.6 28.1 26.5 25.3 25.1 26.1 23.7 19.3 18.1 18 20.6 23.4 25.9 29.9 34 38.5 43.3 44.4 48.1 50.6 52.1 55.5 58.4 59.2 63.2 64.9 63.7 57.5 49 40.3 30.1 19.4 8.4 -0.9 -0.9 -0.9 -0.9 -0.9 -0.9 -0.9 -0.9 -0.9 -0.9 -0.9 -0.9 -0.9 -0.9 -0.9
77.9 76.6 75.8 73.1 72 70.4 68 62.3 55.2 50.5 42.6 35.7 32.5 26.9 21.4 14.4 10.9 6.2 -0.9 -0.9 -0.9 -0.9 -0.9 -0.9 -0.9 -0.9 -0.9 8.7 10.7 12.9 14.8 15.6 17.1 19.1 20.4 20.3 24.5 27.1 24.9 23.8 23.1 24.8 25.8 23.7 19.2 16.7 15.8 16.8 18.8 22 25.4 29.6 34.9 39.6 42.6 45.8 48.5 50.3 53.7 59 60.8 65.3 65.8 62.6 56.7 46.9 39.4 30 16.3 -0.9 -0.9 -0.9 -0.9 -0.9 -0.9 -0.9 -0.9 -0.9 -0.9 -0.9 -0.9 -0.9 -0.9 -0.9 -0.9
67.7 65.1 63.6 62.1 59.9 59.3 59.8 55.3 48.9 44 36.7 29.4 25.6 20.3 15.7 10.8 6.7 -0.9 -0.9 -0.9 -0.9 -0.9 -0.9 -0.9 -0.9 -0.9 -0.9 -0.9 5.7 8.2 10.5 11.4 13.8 14.6 15.5 16 18.5 20.3 21.4 21.2 22.6 25.2 26.2 25 20.9 16.6 14.4 14.3 14.3 16 21.1 25.7 31.2 35.3 39.6 44.1 46 47.8 51.2 57.7 60.9 63.2 63.3 61.1 53.8 45.9 38.8 26.7 13.6 -0.9 -0.9 -0.9 -0.9 -0.9 -0.9 -0.9 -0.9 -0.9 -0.9 -0.9 -0.9 -0.9 -0.9 -0.9 -0.9
60.9 57.7 54.8 51.5 49.5 48.3 47.5 44.7 39.4 35.5 27.8 22.2 18.5 15 11.2 7.9 -0.9 -0.9 -0.9 -0.9 -0.9 -0.9 -0.9 -0.9 -0.9 -0.9 -0.9 -0.9 -0.9 -0.9 5.8 7.3 9.2 10 10.6 12.9 15.4 16.8 18.3 19.5 22.6 24.9 27.3 26.2 22.3 16.4 13.3 12.3 12.3 13.1 15.5 20.5 25.2 31.4 36.5 40.3 44.3 46.6 49.6 55.1 59.7 60.2 61.1 59.4 52.1 43.7 33.5 22.7 -0.9 -0.9 -0.9 -0.9 -0.9 -0.9 -0.9 -0.9 -0.9 -0.9 -0.9 -0.9 -0.9 -0.9 -0.9 -0.9 -0.9
52.5 47.1 43.5 41.3 38.1 35.4 33.2 29.4 26.1 22.8 17.3 15.4 12.4 10.9 5.9 -0.9 -0.9 -0.9 -0.9 -0.9 -0.9 -0.9 -0.9 -0.9 -0.9 -0.9 -0.9 -0.9 -0.9 -0.9 -0.9 -0.9 -0.9 -0.9 6.6 9.4 11.6 12.7 14.3 19.1 21.7 23.5 25.4 27 24.4 16.7 13.2 11.9 9.7 11.3 12.2 15.1 19.1 25.6 31.5 35.8 40.5 44.1 47.4 52.6 56.4 57.7 59.7 55 48.1 39.3 27.8 17.7 -0.9 -0.9 -0.9 -0.9 -0.9 -0.9 -0.9 -0.9 -0.9 -0.9 -0.9 -0.9 -0.9 -0.9 -0.9 -0.9 -0.9
41.3 36.4 33.1 29.7 26.6 23.1 19.9 16.3 14.3 12.7 9.9 8.1 7.3 2.6 -0.9 -0.9 -0.9 -0.9 -0.9 -0.9 -0.9 -0.9 -0.9 -0.9 -0.9 -0.9 -0.9 -0.9 -0.9 -0.9 -0.9 -0.9 -0.9 -0.9 -0.9 6.5 -0.9 10.9 15.7 18.6 21.8 23.6 25.5 28.6 25.4 18.2 13.4 11 10.4 9.3 10.3 11.3 14.2 19.6 23.3 29.5 36.5 41.9 46.2 50.6 54 56 56.3 52.3 46.1 36.9 24.2 14.5 -0.9 -0.9 -0.9 -0.9 -0.9 -0.9 -0.9 -0.9 -0.9 -0.9 -0.9 -0.9 -0.9 -0.9 -0.9 -0.9 -0.9
32.5 27.2 24 21.3 18.9 15.7 12.6 11.4 8.8 6.7 4.3 -0.9 -0.9 -0.9 -0.9 -0.9 -0.9 -0.9 -0.9 -0.9 -0.9 -0.9 -0.9 -0.9 -0.9 -0.9 -0.9 -0.9 -0.9 -0.9 -0.9 -0.9 -0.9 -0.9 -0.9 -0.9 -0.9 9.4 13.6 17.6 20.9 23.1 25.8 28.4 24.2 19.1 14.5 10.4 9.9 8.8 7.5 8.3 10.8 13.8 17 24.6 33.3 39 44.6 47.5 51.6 53.8 51.7 48.2 42.9 32.1 23.2 -0.9 -0.9 -0.9 -0.9 -0.9 -0.9 -0.9 -0.9 -0.9 -0.9 -0.9 -0.9 -0.9 -0.9 -0.9 -0.9 -0.9 -0.9
26.1 22.3 17.2 14.6 12.5 11 8.1 5.6 3.6 -0.9 -0.9 -0.9 -0.9 -0.9 -0.9 -0.9 -0.9 -0.9 -0.9 -0.9 -0.9 -0.9 -0.9 -0.9 -0.9 -0.9 -0.9 -0.9 -0.9 -0.9 -0.9 -0.9 -0.9 -0.9 -0.9 -0.9 -0.9 6.6 12.7 17 21.3 25.1 28.7 29.5 26 21.6 15.5 11.3 9.1 8.3 5.9 7.1 8.9 11.1 13.4 22.4 30.6 36.6 41.7 44.2 47.3 48.4 46.2 41.8 35.1 27.6 19.7 -0.9 -0.9 -0.9 -0.9 -0.9 -0.9 -0.9 -0.9 -0.9 -0.9 -0.9 -0.9 -0.9 -0.9 -0.9 -0.9 -0.9 -0.9
19.7 13.6 12.4 8.2 6.2 3.5 -0.9 -0.9 -0.9 -0.9 -0.9 -0.9 -0.9 -0.9 -0.9 -0.9 -0.9 -0.9 -0.9 -0.9 -0.9 -0.9 -0.9 -0.9 -0.9 -0.9 -0.9 -0.9 -0.9 -0.9 -0.9 -0.9 -0.9 -0.9 -0.9 -0.9 -0.9 -0.9 10.6 16.6 23.6 29.6 32.7 32.8 30.6 26.1 18.2 12 9.2 8.4 7.7 4.8 6.4 7.1 11.5 20.4 27.5 32.5 38.4 40.6 41.3 41.3 37.9 34 28.6 23.3 13.8 -0.9 -0.9 -0.9 -0.9 -0.9 -0.9 -0.9 -0.9 -0.9 -0.9 -0.9 -0.9 -0.9 -0.9 -0.9 -0.9 -0.9 -0.9
11.7 10.2 5.7 -0.9 -0.9 -0.9 -0.9 -0.9 -0.9 -0.9 -0.2 -0.6 -0.9 -0.9 -0.9 -0.9 -0.9 -0.9 -0.9 -0.9 -0.9 -0.9 -0.9 -0.9 -0.9 -0.9 -0.9 -0.9 -0.9 -0.9 -0.9 -0.9 -0.9 -0.9 -0.9 -0.9 -0.9 -0.9 8.8 16.7 24.7 32.7 36.3 37.7 35.9 32.5 24 13.4 9.7 8.9 7.4 5.4 3.4 5.1 9.2 14.9 21.7 27.9 36.1 36.2 34.7 32.7 30.4 26.3 21.8 17.5 -0.9 -0.9 -0.9 -0.9 -0.9 -0.9 -0.9 -0.9 -0.9 -0.9 -0.9 -0.9 -0.9 -0.9 -0.9 -0.9 -0.9 -0.9 -0.9
7 3.3 1 -0.9 -0.9 -0.9 -0.9 -0.9 3.5 6.1 6.5 3.6 -0.9 -0.9 -0.9 -0.9 -0.9 -0.9 -0.9 -0.9 -0.9 -0.9 -0.9 -0.9 -0.9 -0.9 -0.9 -0.9 -0.9 -0.9 -0.9 -0.9 -0.9 -0.9 -0.9 -0.9 -0.9 -0.9 6.6 16 26.2 35.3 41 42.3 42.6 38.4 31.2 17 11.6 9.3 8.7 4.9 3.8 2.8 5.1 9.4 13.8 20.8 29.9 29.2 26.3 24.3 21.4 17.8 12.4 -0.9 -0.9 -0.9 -0.9 -0.9 -0.9 -0.9 -0.9 -0.9 -0.9 -0.9 -0.9 -0.9 -0.9 -0.9 -0.9 -0.9 -0.9 -0.9 -0.9
1 1 1 1 -0.9 -0.9 -0.9 1 8.3 10.8 9.7 8.3 6.5 4.5 -0.9 -0.9 -0.9 -0.9 -0.9 -0.9 -0.9 -0.9 -0.9 -0.9 -0.9 -0.9 -0.9 -0.9 -0.9 -0.9 -0.9 -0.9 -0.9 -0.9 -0.9 -0.9 -0.9 -0.9 -0.9 15.1 28.5 39.1 45.1 48 49.7 44.6 36.9 24.2 17.8 12.6 7.5 4.8 4 -0.9 -0.9 1.3 6.7 12.3 18.6 19.4 16 14.7 -0.9 -0.9 -0.9 -0.9 -0.9 -0.9 -0.9 -0.9 -0.9 -0.9 -0.9 -0.9 -0.9 -0.9 -0.9 -0.9 -0.9 -0.9 -0.9 -0.9 -0.9 -0.9 -0.9
2.5 4.3 2.2 3.4 -0.9 -0.9 -0.9 5.4 12.3 15.9 15.5 14.4 10.2 11 9 7 -0.9 -0.9 -0.9 -0.9 -0.9 -0.9 -0.9 -0.9 -0.9 -0.9 -0.9 -0.9 -0.9 -0.9 -0.9 -0.9 -0.9 -0.9 -0.9 -0.9 -0.9 -0.9 -0.9 14.1 28 41.6 48.3 51.3 54 50.1 40.7 27.8 19.3 13.1 8.1 5.8 -0.9 -0.9 -0.9 -0.9 -0.9 -0.9 7.7 7.6 -0.9 -0.9 -0.9 -0.9 -0.9 -0.9 -0.9 -0.9 -0.9 -0.9 -0.9 -0.9 -0.9 -0.9 -0.9 -0.9 -0.9 -0.9 -0.9 -0.9 -0.9 -0.9 -0.9 -0.9 7.9
5.2 6.6 4.5 6.4 -0.9 -0.9 -0.9 5.8 14.8 21.6 22.8 22.2 18.5 20 18.2 14.7 10.5 8.3 -0.9 -0.9 -0.9 -0.9 -0.9 -0.9 -0.9 -0.9 -0.9 -0.9 -0.9 -0.9 -0.9 -0.9 -0.9 -0.9 -0.9 -0.9 -0.9 -0.9 -0.9 12 27.1 43.9 50.3 54.6 57.4 53.9 42.4 30.7 20.6 15.8 10.4 -0.9 -0.9 -0.9 -0.9 -0.9 -0.9 -0.9 -0.9 -0.9 -0.9 -0.9 -0.9 -0.9 -0.9 -0.9 -0.9 -0.9 -0.9 -0.9 -0.9 -0.9 -0.9 -0.9 -0.9 -0.9 -0.9 -0.9 -0.9 -0.9 -0.9 -0.9 -0.9 7.5 11.2
8.3 9.5 9.9 7.6 5.3 -0.9 -0.9 6 16.3 24.1 31 29.1 29.6 30.9 29.2 25.1 19.8 15.2 7.3 5.5 6.1 3.5 1.9 3.3 -0.9 -0.9 -0.9 -0.9 -0.9 -0.9 -0.9 -0.9 -0.9 -0.9 -0.9 -0.9 -0.9 -0.9 -0.9 -0.9 24.8 42.9 52.1 57.7 62.8 56.5 43.6 29.8 21.2 17.3 11.9 -0.9 -0.9 -0.9 -0.9 -0.9 -0.9 -0.9 -0.9 -0.9 -0.9 -0.9 -0.9 -0.9 -0.9 -0.9 -0.9 -0.9 -0.9 -0.9 -0.9 -0.9 -0.9 -0.9 -0.9 -0.9 -0.9 -0.9 -0.9 -0.9 -0.9 -0.9 -0.9 9 15.3
12 13.1 13.6 11.6 7.9 -0.9 -0.9 5.7 15 26.2 32.2 37.9 39.5 39.5 37.2 33.8 28.8 21.6 14.4 10.6 9 9.1 7.3 6.8 6.7 6.9 -0.9 -0.9 -0.9 -0.9 -0.9 -0.9 -0.9 -0.9 -0.9 -0.9 -0.9 -0.9 -0.9 -0.9 19 39.2 51.8 59.1 63.8 58.5 42.9 30.8 20.3 17.7 12 -0.9 -0.9 -0.9 -0.9 3.2 -0.9 -0.9 -0.9 -0.9 -0.9 -0.9 -0.9 -0.9 -0.9 -0.9 -0.9 -0.9 -0.9 -0.9 -0.9 -0.9 -0.9 -0.9 -0.9 -0.9 -0.9 -0.9 -0.9 -0.9 -0.9 -0.9 6.8 10.1 15.3
15.1 14.5 14.7 13.9 10 -0.9 -0.9 2 12.8 26.4 35 39.5 42.5 46.3 44.9 42.1 35.7 28 20.7 16.6 14.6 13.6 11.9 11 12.3 9.4 3.6 -0.9 -0.9 -0.9 -0.9 -0.9 -0.9 -0.9 -0.9 -0.9 -0.9 -0.9 -0.9 -0.9 13.3 31.3 48.3 56.9 62.8 56.1 43.4 29.5 21.6 16.6 -0.9 -0.9 -0.9 -0.9 -0.9 8.8 9 2.8 -0.9 -0.9 -0.9 -0.9 -0.9 -0.9 -0.9 -0.9 -0.9 -0.9 -0.9 -0.9 -0.9 -0.9 -0.9 -0.9 -0.9 -0.9 -0.9 -0.9 -0.9 -0.9 -0.9 -0.9 9.5 12.1 17
19.5 16.7 18.3 16.5 13.2 8.1 4.2 3.9 11.8 23.9 33.4 42.4 48.3 50.8 50.8 48.6 41.3 35.3 28.1 23.8 21.6 20.5 17.5 15.6 15.7 11.7 6.6 -0.9 -0.9 -0.9 -0.9 -0.9 -0.9 -0.9 -0.9 -0.9 -0.9 -0.9 -0.9 -0.9 -0.9 23.8 40.5 53.2 59 49.2 39.6 27.7 20.8 13 -0.9 -0.9 -0.9 -0.9 -0.9 10.5 12.2 6.3 -0.9 -0.9 -0.9 -0.9 -0.9 -0.9 -0.9 -0.9 -0.9 -0.9 -0.9 -0.9 -0.9 -0.9 -0.9 -0.9 -0.9 -0.9 -0.9 -0.9 -0.9 -0.9 -0.9 -0.9 12.5 14.1 18.2
25.2 24.5 23.5 21.5 17.1 9.4 6.3 4.4 9.1 20.4 33 44.2 50.9 54.9 56.1 52.7 46.1 39.7 34.6 29.6 27.5 26 22.3 21.9 19.5 14.9 9.3 -0.9 -0.9 -0.9 -0.9 -0.9 -0.9 -0.9 -0.9 -0.9 -0.9 -0.9 -0.9 -0.9 -0.9 13.7 29 47.8 52.8 43.8 32.8 23.5 17 -0.9 -0.9 -0.9 -0.9 -0.9 -0.9 9.2 12.2 7.5 -0.9 -0.9 -0.9 -0.9 -0.9 -0.9 -0.9 -0.9 -0.9 -0.9 -0.9 -0.9 -0.9 -0.9 -0.9 -0.9 -0.9 -0.9 -0.9 -0.9 -0.9 -0.9 -0.9 -0.9 14.7 16.9 19.6
32.7 31.7 27.3 24.2 20.7 12.6 7.2 5.6 8.3 18.5 32.9 44.4 51.8 55.6 58.2 54.7 47.8 43.4 39.1 34.3 31.7 29.3 27 27.7 23.3 18.3 10.5 -0.9 -0.9 -0.9 -0.9 -0.9 -0.9 -0.9 -0.9 -0.9 -0.9 -0.9 -0.9 -0.9 -0.9 -0.9 17.2 37.1 45.2 38.6 26.1 18.8 -0.9 -0.9 -0.9 -0.9 -0.9 -0.9 -0.9 -0.9 -0.9 1.6 -0.9 -0.9 -0.9 -0.9 -0.9 -0.9 -0.9 -0.9 -0.9 -0.9 -0.9 -0.9 -0.9 -0.9 -0.9 -0.9 -0.9 -0.9 -0.9 -0.9 -0.9 -0.9 -0.9 -0.9 16.5 19.8 22.1
40 38.5 32.3 29.7 24.8 18.5 11.4 4.5 9.5 18.4 32.1 42.4 47.8 55.3 58.2 54.4 48.2 44.6 41.3 36.8 34.4 32.5 31 28.5 24.7 19.7 12.9 7.8 -0.9 -0.9 -0.9 -0.9 -0.9 -0.9 -0.9 -0.9 -0.9 -0.9 -0.9 -0.9 -0.9 -0.9 -0.9 21.6 33.9 30.1 21.1 -0.9 -0.9 -0.9 -0.9 -0.9 -0.9 -0.9 -0.9 -0.9 -0.9 -0.9 -0.9 -0.9 -0.9 -0.9 -0.9 -0.9 -0.9 -0.9 -0.9 -0.9 -0.9 -0.9 -0.9 -0.9 -0.9 -0.9 -0.9 -0.9 -0.9 -0.9 -0.9 -0.9 -0.9 -0.9 -0.9 22.4 24.3
47.9 46.4 39.8 35.5 29 21.2 16 8.5 9.4 18.3 29.4 39.9 45.5 50.4 51.9 49.3 45.7 42.6 39.9 36.8 35.2 33.8 32.1 28.7 25.6 21.3 14.9 8.8 -0.9 -0.9 -0.9 -0.9 -0.9 -0.9 -0.9 -0.9 -0.9 -0.9 -0.9 -0.9 -0.9 -0.9 -0.9 -0.9 -0.9 14.6 -0.9 -0.9 -0.9 -0.9 -0.9 -0.9 -0.9 -0.9 -0.9 -0.9 -0.9 -0.9 -0.9 -0.9 -0.9 -0.9 -0.9 -0.9 -0.9 -0.9 -0.9 -0.9 -0.9 -0.9 -0.9 -0.9 -0.9 -0.9 -0.9 -0.9 -0.9 -0.9 -0.9 -0.9 -0.9 -0.9 -0.9 21.4 24.4
56.7 52.2 46 40.4 33.1 24.9 18.4 11.9 6.8 14.6 26.4 36.7 41.7 44.5 44.4 42 40.1 38 35.7 34.5 34.2 33 31.6 29.6 26.8 22.2 15.9 10.1 6.6 -0.9 -0.9 -0.9 -0.9 -0.9 -0.9 -0.9 -0.9 -0.9 -0.9 -0.9 -0.9 -0.9 -0.9 -0.9 -0.9 -0.9 -0.9 -0.9 -0.9 -0.9 -0.9 -0.9 -0.9 -0.9 -0.9 -0.9 -0.9 -0.9 -0.9 -0.9 -0.9 -0.9 -0.9 -0.9 -0.9 -0.9 -0.9 -0.9 -0.9 -0.9 -0.9 -0.9 -0.9 -0.9 -0.9 -0.9 -0.9 -0.9 -0.9 -0.9 -0.9 -0.9 -0.9 -0.9 19.2
62 58.1 50.1 44.3 36.8 26.9 20.6 13.8 8.4 14.7 23.4 32.8 37.6 40.1 39.6 38.7 36.8 34.7 32.7 31 31.3 31.6 30.1 29.7 28 22.5 15.7 7.7 7.6 -0.9 -0.9 -0.9 -0.9 -0.9 -0.9 -0.9 -0.9 -0.9 -0.9 -0.9 -0.9 -0.9 -0.9 -0.9 -0.9 -0.9 -0.9 -0.9 -0.9 -0.9 -0.9 -0.9 -0.9 -0.9 -0.9 -0.9 -0.9 -0.9 -0.9 -0.9 -0.9 -0.9 -0.9 -0.9 -0.9 -0.9 -0.9 -0.9 -0.9 -0.9 -0.9 -0.9 -0.9 -0.9 -0.9 -0.9 -0.9 -0.9 -0.9 -0.9 -0.9 -0.9 -0.9 -0.9 16.4
64.6 61.4 54.1 47.1 40.3 30.9 23.7 15.1 10.2 14.6 23 31.8 36.8 39.6 38.9 37.9 36 34 31.9 29.6 28.2 27.8 28.4 29.2 27.5 21.1 14.8 7.6 7.5 -0.9 -0.9 -0.9 -0.9 -0.9 -0.9 -0.9 -0.9 -0.9 -0.9 -0.9 -0.9 -0.9 -0.9 -0.9 -0.9 -0.9 -0.9 -0.9 -0.9 -0.9 -0.9 -0.9 -0.9 -0.9 -0.9 -0.9 -0.9 -0.9 -0.9 -0.9 -0.9 -0.9 -0.9 -0.9 -0.9 -0.9 -0.9 -0.9 -0.9 -0.9 -0.9 -0.9 -0.9 -0.9 -0.9 -0.9 -0.9 -0.9 -0.9 -0.9 -0.9 -0.9 -0.9 -0.9 10.7
67.5 63 55.3 49.6 43 34.5 25.2 16.5 9 16.2 23.4 33.6 38.9 42.3 41.5 38.8 36.3 33.7 31.5 27.9 26.5 25.6 24.6 25 24 19.3 12.4 7.6 5.8 -0.9 -0.9 -0.9 -0.9 -0.9 -0.9 -0.9 -0.9 -0.9 -0.9 -0.9 -0.9 -0.9 -0.9 -0.9 -0.9 -0.9 -0.9 -0.9 -0.9 -0.9 -0.9 -0.9 -0.9 -0.9 -0.9 -0.9 -0.9 -0.9 -0.9 -0.9 -0.9 -0.9 -0.9 -0.9 -0.9 -0.9 -0.9 -0.9 -0.9 -0.9 -0.9 -0.9 -0.9 -0.9 -0.9 -0.9 -0.9 -0.9 -0.9 -0.9 -0.9 -0.9 -0.9 -0.9 -0.9
68.6 64.8 58.6 53 45.4 35.4 25.3 16 9.6 16.8 25.8 35.3 42.3 44.5 47.5 43.1 37.7 33.8 30.1 27.6 26 24.1 22 20.8 18 15.5 10.8 6.6 4 -0.9 -0.9 -0.9 -0.9 -0.9 -0.9 -0.9 -0.9 8.2 9.5 6.1 -0.9 -0.9 -0.9 -0.9 -0.9 -0.9 -0.9 -0.9 -0.9 -0.9 -0.9 -0.9 -0.9 -0.9 -0.9 -0.9 -0.9 -0.9 -0.9 -0.9 -0.9 -0.9 -0.9 -0.9 -0.9 -0.9 -0.9 -0.9 -0.9 -0.9 -0.9 -0.9 -0.9 -0.9 -0.9 -0.9 -0.9 -0.9 -0.9 -0.9 -0.9 -0.9 -0.9 -0.9 -0.9
69.5 65.8 59.3 54 46.9 36.1 26.3 14.3 11.7 17.8 28.2 36.4 43.1 49.1 50.6 45.2 40.8 32.9 29.6 27 24.9 23 20.6 18.4 15 11.5 8.3 5.2 2.7 2.5 -0.9 -0.9 -0.9 -0.9 -0.9 -0.9 8.8 13.2 13.8 11.8 3.7 -0.9 -0.9 -0.9 -0.9 -0.9 -0.9 -0.9 -0.9 -0.9 -0.9 -0.9 -0.9 -0.9 -0.9 -0.9 -0.9 -0.9 -0.9 -0.9 -0.9 -0.9 -0.9 -0.9 -0.9 -0.9 -0.9 -0.9 -0.9 -0.9 -0.9 -0.9 -0.9 -0.9 -0.9 -0.9 -0.9 -0.9 -0.9 -0.9 -0.9 -0.9 -0.9 -0.9 -0.9
70 66.6 61.3 55.2 46.1 35.9 26.6 15.1 11.5 19.2 30.4 38.7 46.9 53.2 52.9 46 40.9 32.7 29.6 26.6 24 21.9 19.9 17.2 14 11.4 7.2 5.3 2.8 2.3 3.4 4.2 3.8 3.7 2.7 8.4 13.1 18.3 18.9 16.7 12 2.2 -0.9 -0.9 -0.9 -0.9 -0.9 -0.9 -0.9 -0.9 -0.9 -0.9 -0.9 -0.9 -0.9 -0.6 -0.6 -0.9 -0.9 -0.9 -0.9 -0.7 0.8 -0.7 -0.9 -0.9 -0.9 -0.9 -0.9 -0.9 -0.9 -0.9 -0.9 -0.9 -0.9 -0.9 -0.9 -0.9 -0.9 -0.9 -0.9 -0.9 -0.9 -0.9 -0.9
69.1 65.6 59.3 53.5 45.3 35.4 25.8 15.4 13 21.8 34.2 41.5 48.6 56.4 54.7 46.5 41 34.1 29.6 26.3 23.6 21.6 19.6 16.9 14 13.3 8.1 6.3 3.5 2.8 5.1 6.1 5.7 5.9 6.9 10.6 17.2 22.8 24.4 21.7 17.6 11.5 -0.9 -0.9 -0.9 -0.9 -0.9 -0.9 -0.9 -0.9 -0.9 -0.9 -0.9 -0.9 -0.9 12.4 5 3.5 8.2 6.5 7.2 9.8 15.8 -0.9 -0.9 -0.9 -0.9 -0.9 -0.9 -0.9 -0.9 -0.9 -0.9 -0.9 -0.9 -0.9 -0.9 -0.9 -0.9 -0.9 -0.9 -0.9 -0.9 -0.9 -0.9
