app/static/ascii/NA91.asc
ncols 200
nrows 200
xllcorner 90000
yllcorner 910000
cellsize 50
[rows 88 to 131 of 200, columns 96 to 191 of 200]
-2 -2 -2 -2 1.5 0.1 -1.3 -2 10.4 19 36.8 52.6 71.6 97.5 104.7 116.2 131.4 127.7 117.1 119.8 137.1 159.6 157.5 168.8 179.7 184.5 189.5 202.4 209.6 214.3 234.4 252.7 266 269.7 278.1 279.6 284 290.9 292.4 296.1 297.3 294.3 290.5 290.6 285.2 275.8 259.4 253.1 249.6 246.6 242.3 237.2 231.3 221.7 211.8 204.3 199.3 193.1 185.8 178.6 169.3 162.7 155.2 144.2 134.1 117.3 96.9 84.4 74.4 66.4 53.6 49.5 43 38.9 37.4 28.5 15.1 -2 -2 -2 -2 -2 -2 -2 -2 -2 -2 -2 -2 -2 -2 -2 -2 -2 -2 -2
-2 -2 -2 -2 0.7 0.5 -2 -2 9.8 23.6 39.6 51.6 79.5 101.3 106.6 114.9 125.3 118 113.6 129 145.1 164 164.4 169.2 177.5 178.4 183.8 192.6 198.6 203.9 219 235.5 249.8 260.8 266.9 270.4 276.1 281.3 282.7 288.3 289.8 284.4 281 279.1 276.5 267.7 251.5 246.6 244.1 243.4 238.2 233 224.5 212.3 202.9 197 190.5 181.1 174.2 167.2 156.6 152.2 144.1 130 120.6 108.6 90 78.8 72.6 57.5 48.1 42.8 39.1 36.5 32.7 20.4 12.1 -2 -2 -2 -2 -2 -2 -2 -2 -2 -2 -2 -2 1.9 -2 -2 -2 -2 -2 -2
-2 -2 -2 -2 -2 -2 -2 0.6 15.4 29.7 41.2 50.5 75.6 97.6 105.4 111.4 119.6 109.5 119.4 138.6 147.1 164.7 162.2 170 176.4 177.7 183.6 187.5 189.9 197.8 212.3 224.5 234.6 247.7 263.2 274.6 280 275.6 272.8 276.8 280 275.6 273.2 273.3 267.5 256.9 249.6 241.1 239.4 234 230.5 228.3 219.2 207.8 194.7 188.9 181.8 173.9 165.4 155.5 145.4 139 129.5 118.7 104.6 91 76.9 67.8 61.4 54.5 44.5 35.5 34.8 29.4 21.9 16.2 9.7 -2 -2 -2 -2 -2 -2 -2 -2 -2 -2 -2 -2 4 0.6 1.8 -2 -2 -2 -2
-2 -2 -2 -2 -2 -2 -2 -2 17.8 27.9 40.3 48.8 71.8 93.1 99.2 101.1 106.5 104.1 121.8 134.6 140.2 151.7 152.5 161.3 170.1 172.9 183.6 188 189.5 195.7 207.1 221.6 234.5 250.7 261.4 268.1 275.1 271 266.9 269.6 274.1 274 269.6 267.4 262.4 255.6 251.5 239 231.8 225.8 221.6 221.1 213.1 201.9 189.7 181.3 172.2 160.8 152.9 142.6 133.1 124.4 115 101.6 88.8 80.2 66.4 60.2 56 48.8 43.1 34.7 27.7 23.9 20.7 16.3 12.4 -2 -2 -2 -2 -2 -2 -2 -2 -2 -2 -2 -2 -2 -2 5.2 -2 -2 -2 -2
-2 -2 -2 -2 -2 -2 -2 -2 31.4 32.6 39.7 48.6 69.7 84.5 87.5 87.5 95.8 103.4 116.9 127.1 131.3 143.8 147.2 152.7 163.2 176.1 188.2 193.7 194.9 203.1 214.4 222.3 234.7 246.7 252.5 255 260.4 255.6 257.3 262.8 268.5 271.7 266.9 266.1 259.6 263 253.8 240.2 227.8 221.2 217.9 213.6 206.1 195.7 182.2 169.7 159.4 148.8 137.8 126.9 117.9 113.7 105 93.9 87.7 79.3 66.9 59.5 52.6 46.9 42.2 36.7 31.1 27 23.7 20.1 15.6 3.5 -2 -2 -2 -2 -2 -2 -2 -2 -2 -2 -2 -2 -2 7 5.4 -2 -2 0.6
-2 -2 -2 -2 -2 -2 -2 -2 39.1 38.4 42.2 51.9 63.3 78.4 84.8 84.7 90.5 104.8 113 117.9 121.9 132.3 141.3 148.5 160.6 178.6 191.5 198.2 196.9 198 215.5 223.6 229.7 234.3 235.5 241.7 240.7 238.5 242.4 254.1 258.3 259.6 260.9 257.5 254.9 259.3 255.1 239.8 228.2 221 217.6 216.1 205.9 189.6 180.8 166.3 156.4 144.5 130.1 120.3 108.5 105.2 99.6 87.4 74.4 70.8 66.7 58.7 51 44.6 36.3 35.6 35.6 35.2 25.8 21.5 16.5 7.8 -2 -2 -2 -2 -2 -2 -2 -2 -2 -2 -2 -2 -2 9.7 11.2 7.2 6.7 5.2
-2 -2 -2 -2 -2 -2 -2 27 35.3 34.6 44.4 53.3 67.2 76.8 82.7 84.7 94.8 104.7 107.1 111.2 120.1 128.9 137.1 144 155.3 174.7 186.7 193.5 195.5 193.3 207.7 215.4 220.5 223.9 222.1 223.7 223.8 224.9 231.9 243.4 246.2 245.1 245.3 245.7 249.4 250.6 249.3 246.9 237.9 229.5 223.1 224.1 212.3 195.3 178.8 165.3 153.2 140.3 127.3 111.8 100.1 93.7 84.6 76.6 60.1 55.2 52 49.3 45.5 41.9 39.2 39.5 41 35.7 26 22.1 19.6 13.7 -2 -2 -2 -2 -2 -2 -2 -2 -2 -2 -2 -2 -2 11.7 13.9 9.7 10.4 8.8
-2 -2 -2 -2 -2 -2 -2 19.3 32.5 35.2 49.5 60.1 75.6 84.7 88.6 84.4 95.3 103.5 103 107 114.7 125.2 132.3 135.8 150.4 172.2 185.1 188 187.5 179.4 190 197 204.5 208.3 210.1 208.1 210.6 216.3 221.5 232.7 236.2 231.6 224.6 234.3 252.9 257.1 252 249.7 240.7 232.8 226.1 222.4 211.1 194.1 178.3 165.4 147.5 135.3 119.9 103.8 91.2 82.2 74.3 64.5 53.5 51.2 49.8 50.4 45.4 42.7 41.9 44.4 47.3 40.5 27.6 24.7 22.5 15.3 -2 -2 -2 -2 -2 -2 -2 -2 -2 -2 -2 -2 5.8 15 16.4 11.2 11.2 8.9
-2 -2 -2 -2 -2 -2 -2 18.1 26.2 37.7 52.3 66.7 83 88.6 91.9 85.1 96.9 99.9 99.8 105.5 113 125.4 135.2 133.8 137.7 169.3 180.8 181.8 177.8 170.9 178.9 185.6 189.3 193.1 195.4 198 201.2 206.3 209.4 216.2 219.1 217.7 215.3 226.6 245.8 248.8 248.2 248.3 242.3 230.4 220.5 214.5 200.7 185 173.6 165.6 145.1 133.2 113.2 100 85.3 78 69.5 61.3 51.5 49 48.4 46.9 44.7 43.1 43.5 51.7 52.7 44.1 33.4 28 25 17.2 -2 -2 -2 -2 -2 -2 -2 -2 -2 -2 -2 -2 8.2 13.8 14.4 8.2 8.5 7.7
-2 -2 -2 -2 -2 -2 6.1 13.2 18.6 28.9 49.7 69.6 81.5 87.7 90 83.2 97.1 97.3 99.2 106.7 114.4 123.5 135.6 137.6 139.3 158.1 171.1 173.5 171.1 163.7 173.7 179.4 180 182.7 182.3 186.4 189.3 191.2 195 202 207.4 204.2 212.5 215.7 226.2 233 241.8 243.2 239.8 222.7 208.7 196.7 186.3 171.1 159.2 155.1 142.9 130.5 110.6 92.5 79.5 74 66.2 56.7 50.2 49.5 48.7 47.1 45.9 45.3 45.5 50 52 45.2 39.4 32.3 24.6 16.8 -2 -2 -2 -2 -2 -2 -2 -2 -2 -2 -2 -2 -2 15 14.1 7.4 7.1 7
-2 -2 -2 -2 -2 -2 -1.3 4.2 10.6 22.2 44.6 62.1 76.8 81 76.1 78.4 87.5 92.7 98.9 109 116.3 124.1 135.5 138.7 138.2 147.4 159.8 164.9 162.9 158.2 168.3 172.3 173 174.1 165.6 170.4 175.3 179.9 175.4 182.5 183.4 195.2 209.7 202.2 212.7 228 244 235.8 228.8 207.4 191.3 175.6 167.2 153.7 141.6 136.9 131 119.9 106.1 92.1 77.4 70.8 70.4 58.5 53.3 52.3 51.6 49.8 48.4 46.4 46.7 49.7 50.9 43.5 38.6 30.2 23.6 13.3 -2 -2 -2 -2 -2 -2 -2 -2 -2 -2 -2 -2 -2 -2 7.9 6.6 4.1 0.9
-2 -2 -2 -2 -2 -2 -2 -2 -2 12.5 31.7 47.7 66 69.3 67.6 79 85.2 83.3 101.7 112.6 117.7 125 136 138.3 134 137.2 153 157.9 156.9 149.4 161.2 165 159.7 156.1 149.6 154.4 159.7 164.7 167.8 167.8 169 184.6 198.8 198.4 207.1 216.6 217.2 215.7 206.3 188.5 171.9 158.3 152.9 137 129.5 128.7 120.1 112.6 100.3 88 76.5 72 68.5 62.4 56.7 55.3 53.6 51.2 50.1 50.4 48.3 51.6 49.2 43.8 36.1 28.7 22.2 9.9 -2 -2 -2 -2 -2 -2 -2 -2 -2 -2 -2 -2 -2 -2 0 1.9 2.6 -2
-2 -2 -2 -2 -2 -2 -2 -2 -2 -2 26.1 37.5 48.9 54.3 57.3 69.9 78.9 81.9 99.6 116.2 123.1 127.1 134.9 137.5 132.9 134.9 144.9 149.5 151.4 141.5 149.2 151.5 146 143.8 141.5 141.1 145.5 151 155.7 158.1 165 170.6 185.3 188 188.9 199 194.6 191.1 177.1 167.5 153.7 142.5 137.8 119.3 115 115.8 113.9 104.1 100.3 87 78.2 73.4 69.9 64.8 61.1 61.4 59.2 54.2 52.5 55.1 49.5 48.6 47.4 42 32.1 29.1 25.1 13.5 -2 -2 -2 -2 -2 -2 -2 -2 -2 -2 -2 -2 -2 -2 -2 -2 -2 -2
-2 -2 -2 -2 -2 -2 -2 -2 -2 -2 21.6 32.5 39.6 49 47.8 53.1 62.1 81.8 99.3 111.7 125.7 132 137.5 138.4 133.6 132 134.5 137.4 135.8 129.6 136.9 139.1 133.6 135.3 132.8 133.3 138.2 141.3 140.9 147.4 159.5 166.4 174 174.9 175.8 178.4 178.3 166.8 158.5 149.5 139.4 128.6 114.1 101.3 102.5 99 104.3 103.5 97.1 82.7 74.9 71.3 68.4 64.6 64.2 66.8 65.4 58.7 59.9 62.1 54.4 47.9 43.2 36.7 35.1 31.9 25.5 14.6 -2 -2 -2 -2 -2 -2 -2 -2 -2 -2 -2 -2 -2 -2 -2 -2 -2 -2
-2 -2 -2 -2 -2 -2 -2 -2 -2 -2 22.3 31.1 34.1 39.9 32 43.6 55.1 66.5 88 105 120.5 133.3 137.3 134.3 133.2 136.2 131.8 125.5 122.2 118.9 120.2 124.3 121.1 124.5 126.7 126.7 131 134.6 133.1 142.5 152.5 156.4 159.9 157.6 159.9 162 157.4 154.8 151.6 141 123.8 112.5 98.1 89.9 88.4 89.7 92 92.8 81.1 73.3 71.9 69.3 67 66.3 67.3 72.1 71.1 67.4 68 66.3 57.6 53.7 51 43.4 40.2 34.3 27.8 19.1 5.5 -2 -2 -2 -2 -2 -2 -2 -2 -2 -2 -2 -2 -2 -2 -2 -2 -2
-2 -2 -2 -2 -2 -2 -2 -2 -2 -2 -2 20.5 26.2 31.1 24.3 42.8 54.5 63.8 74.6 89.8 100.5 117.3 122.3 121.4 130.6 139.4 130.4 121.9 110.7 108.8 114.2 112.7 114.3 112.1 115.9 118.1 122.2 123.8 121.6 133.9 141.1 143.9 144 137.4 143.8 146.1 146.8 142.1 138.9 126.6 111.3 100.9 86.6 79 77.5 77.7 78.8 72.1 67.4 66.5 62.1 61.1 59.7 61.8 64.8 69.2 71.9 78.6 90 85.6 71.5 61.4 58.8 50.1 45 38.1 33.3 22.5 8 -2 -2 -2 -2 -2 -2 -2 -2 -2 -2 -2 -2 -2 -2 -2 -2 -2
-2 -2 -2 -2 -2 -2 -2 -2 -2 -2 -2 -2 -2 -2 -2 38.3 51.7 63.2 72.6 81.6 91.1 99.2 107 112.6 122.4 129.2 120.9 111.3 104.3 94.9 101.4 101.9 106 107.9 108 111.9 112.7 112.5 116.4 124 125.2 127.6 126.6 129.8 132.2 134.9 135.5 131.2 119.9 108.8 95.4 84.4 76.5 67.3 65.1 66.7 64.4 57.6 56.1 54.1 55.9 55.4 55.4 55.4 55.4 71.8 84.5 96.9 98.8 96.3 94.1 72.5 64.8 52.9 47.9 40.8 35.5 23.3 8.8 -2 -2 -2 -2 -2 -2 -2 -2 -2 -2 -2 -2 -2 -2 -2 -2 -2
-2 -2 -2 -2 -2 -2 -2 -2 -2 -2 -2 -2 -2 -2 -2 38.9 51.4 61.8 69.1 80.1 84.6 90.2 96.6 100.4 107.1 108.8 103.8 97.2 98.1 91.7 94.9 100.2 102.8 105.3 102.3 103.8 104.7 105.2 110.3 117 124.9 122.7 118 119.1 123.5 130.3 127.5 119.4 103.9 94.9 87.1 73 65.8 61.4 55.1 52.6 55.4 51.7 53.2 52.5 54.5 58.7 55.9 55.4 59.6 75.4 97.5 107.5 110.6 106.4 97.6 84.7 68.5 55.4 47.4 38.4 33.4 23.2 14.6 -2 -2 -2 -2 -2 -2 -2 -2 -2 -2 -2 -2 -2 -2 -2 -2 -2
-2 -2 -2 -2 -2 -2 -2 -2 -2 -2 -2 -2 -2 -2 -2 37.5 52.4 63.1 70.5 75.1 81.9 86.5 87.7 91.5 95.6 95.1 89.6 85.2 86.5 83.4 86.9 91.1 96.2 97.3 94.6 95.3 100.6 107.2 115.3 120.2 120.9 118.2 115.2 115.5 116.9 120.2 119 112.5 103.8 85.6 78.6 60.2 57.2 56.4 49.7 48.8 48.8 47.2 49.7 48.6 50.7 52.9 55.1 56.8 66.4 85.4 106.8 111.9 112.5 107.7 97.7 85.6 67.7 56.9 51.8 40.8 31.9 21.3 15.8 12.2 -2 -2 -2 -2 -2 -2 -2 -2 -2 -2 -2 -2 -2 -2 -2 -2
-2 -2 -2 -2 -2 -2 -2 -2 -2 -2 -2 -2 -2 -2 -2 35.1 50.2 60.8 68.8 71.8 78.8 86 86.7 86.3 90.3 87.5 80.1 75.9 74.8 75.1 77.5 82.3 84.8 86.3 87.1 89.2 96.1 102.4 109.9 114.3 116.9 119.5 116.1 115.9 109.3 109.8 106.9 102.7 92.9 84.5 68.4 57.2 55.7 54.9 50.2 46.4 47.1 46.7 41 41.1 48.3 51 55.8 61.8 70.4 88.6 101.8 108.6 112.2 101.1 93.9 89.9 72.4 62.1 51.6 43.5 33.4 21.9 13 11.3 -2 -2 -2 -2 -2 -2 -2 -2 -2 -2 -2 -2 -2 -2 -2 -2
-2 -2 -2 -2 -2 -2 -2 -2 -2 -2 -2 -2 -2 -2 -2 24.9 47.2 59.7 68.7 74.6 78.4 82.9 84.7 77.8 82.3 79.8 73.3 68.1 62.8 63.1 69.4 72.7 74.2 72.1 77.2 78.7 84.4 93.4 99.6 103.6 105.5 112.5 114.6 111.9 101.7 100.3 95.4 90.7 85.1 73.8 62.8 57.5 59.1 55.3 47.8 43.1 42.9 43.7 43.1 41 41 54.9 64.1 65 76 92.5 105.1 114.1 118.1 112.2 109.2 107 85.3 63 58.1 50.7 36.3 19.5 11.1 3.4 -2 -2 -2 -2 -2 -2 -2 -2 -2 -2 -2 -2 -2 -2 -2 -2
-2 -2 -2 -2 -2 -2 -2 -2 -2 -2 -2 -2 -2 -2 -2 24.6 31.2 45.2 61.9 73.8 78.7 79.3 79.9 72.5 73.8 72.8 66.5 58.9 51.9 52.3 59.9 61.9 61.4 65.3 70 72.5 76.5 87.3 93.8 93.7 98.7 107.7 109.9 104.3 99.9 100.2 96.3 85.2 74.9 70.2 56.7 57.5 58.7 47 41 41 41 41 41 41 43.5 57.2 65.5 71.8 79.3 92.7 102.5 112.6 117.9 123.2 122.3 113.4 95.2 65.5 61 55.1 39.3 23.3 9 1 -2 -2 -2 -2 -2 -2 -2 -2 -2 -2 -2 -2 -2 -2 -2 -2
-2 -2 -2 -2 -2 -2 -2 -2 -2 -2 -2 -2 -2 9.4 -2 27.1 33.7 36.7 43.2 59.8 68.2 69.2 71 66.3 67.8 70.1 63.8 51.5 41.2 41.3 43.2 47.7 54 65 64.1 61 71.9 85.7 91.5 91.1 101 104.8 105.4 99.8 94 90.6 86.3 79.6 70.7 61.7 52.6 52.1 52.5 44.8 41 41 41 41 41 41 45.7 58.6 72.9 78 82.3 92.3 105.3 115.1 136 133.5 125.5 116.4 98.3 73.8 61.6 56 40.8 23 11.3 1 -1.4 -2 -2 -2 -2 -2 -2 -2 -2 -2 -2 -2 -2 -2 -2 -2
-2 -2 -2 -2 -2 -2 -2 -2 -2 -2 -2 -2 -2 -2 -2 34.2 40.6 46.7 49.5 54.3 64.8 65.8 64.2 61.2 64 64.3 55.3 43.2 37.9 36.4 36.5 42.2 47.5 54 51.5 65.2 73.5 79.9 81.9 86.9 90.4 93 87.7 85.4 82 78.7 77.5 75.3 67.5 59.8 47.6 44.9 43.6 41 41 41.4 41 41 41 46.9 52.3 63.7 79.6 86.2 88.3 101.5 115 140.6 150.3 139.2 127.5 118.4 98.9 82.7 65.9 56.3 41 28.8 18.3 0.6 -2 -2 -2 -2 -2 -2 -2 -2 -2 -2 -2 -2 -2 -2 -2 -2
-2 -2 -2 -2 -2 -2 -2 -2 -2 -2 -2 -2 -2 -2 -2 36.4 45.2 53.8 58.1 62.6 64.2 64.8 61.2 60.1 58.1 55.1 48.7 42 35.4 32.6 29.7 35.4 36 40.4 46.5 63.3 68.3 70.3 76 83.6 82 81.6 77.1 77.8 78.3 76 76.6 70.5 61.9 54.8 49.8 49.2 51.5 49.9 41 42.5 41.4 41 42 46.1 57.2 73.2 81.9 91.5 98.8 120.7 146.8 160.6 160.7 145.7 131.3 122.1 101.3 83 64.6 54.6 38.6 30.1 16.1 -2 -2 -2 -2 -2 -2 -2 -2 -2 -2 -2 -2 -2 -2 -2 -2 -1.5
-2 -2 -2 -2 -2 -2 -2 -2 -2 -2 -2 -2 -2 -2 -2 38 48.7 57.9 63 63 57.8 55.8 54.4 58.7 58.6 51.3 46.2 40.3 30.8 27.3 27.6 32.3 33.1 40.8 44.1 55.4 58.3 63.2 76.4 79.2 75.7 74.6 71.2 73 73.4 69 69.1 65.7 60.1 49.1 52.5 57.3 57.5 55.3 42.1 41 41 42.5 44.2 43.9 62 75.9 94.7 108.2 119 139.6 157 167.5 164.4 149.2 130.1 119.4 103 77.6 64.4 56 36.3 29.1 16.5 -2 -2 -2 -2 -2 -2 -2 -2 -2 -2 -2 -2 -2 -2 -2 -2 -1.3
-2 -2 -2 -2 -2 -2 -2 -2 -2 -2 -2 -2 -2 -2 -2 38.6 44.6 50 51.4 49.7 46.4 51.8 54.4 54.5 57.8 50 43.8 39.7 29.5 28.4 27.1 28.5 34.1 37.9 40.8 41.5 49.1 55.9 64.3 66.2 65.6 65.7 64.3 64 64 59.8 60.8 61.6 53.8 46.7 53.4 56.7 56.3 54.9 44.7 41 43.3 44.9 45.1 48.2 66.9 87.4 104.4 117 127.6 146.9 163.2 169.5 161.9 145.1 125.8 115.7 101.2 85.7 65.2 55.3 32 23.7 11.3 -2 -2 -2 -2 -2 -2 -2 -2 -2 -2 -2 -2 -2 -2 -2 -2 -1.2
-2 -2 -2 -2 -2 -2 -2 -2 -2 -2 -2 -2 -2 -2 -2 -2 30.1 28.6 28.9 36 43.9 53.5 59.1 51.5 53.2 53.1 42.1 35.4 31.2 27.9 25.4 29.2 27.8 27 31 37.3 44 48.1 52 55.9 58.3 60.3 60.7 55.7 54.9 52.8 54.6 50.7 42.8 43.6 49.2 50.7 51.8 52.2 46.4 41 41 47.2 52.5 61.6 70.3 87.1 104.4 122.4 138 154.2 168 174.9 160.9 141.7 124.8 111 103.4 87 67.6 52.3 33.7 21.5 9.8 -2 -2 -2 -2 -2 -2 -2 -2 -2 -2 -2 -2 -2 -2 -2 -2 -1.1
-2 -2 -2 -2 -2 -2 -2 -2 -2 -2 -2 -2 -2 -2 -2 -2 -2 17.4 30.6 37.2 49.2 56.8 61.2 51.7 50.4 50 47.5 36.6 30.9 24.6 20 23.2 22 22.8 25.3 30.8 37.8 39.8 44 48.4 51.4 53.3 53.4 48.2 47.6 46.4 44.1 39.3 35.4 42.2 43.9 41.8 45.2 46.5 42.7 41 45.6 49.2 53.1 63.9 72.4 82.2 109.8 126.7 140.9 154.2 165 167.5 154.4 133.6 114.9 108.6 99.8 80 61.8 47 32.5 18.4 7.4 -2 -2 -2 -2 -2 -2 -2 -2 -2 -2 -2 -2 -2 -2 -2 -2 -0.7
-2 -2 -2 -2 -2 -2 -2 -2 -2 -2 -2 -2 -2 -2 -2 -2 -2 -2 25.3 35.4 47.3 55.6 62.2 53.6 48 43 38.1 32.7 27.8 20 10.2 11.5 15.8 17.9 21.8 28.9 35.2 36.1 39 41.6 43.2 46 42.8 40.9 39.1 37.9 32.9 32.6 35.8 38.7 39.2 41.3 46.9 52.2 47 41.1 44.4 49.1 55.6 65.8 75.7 83.4 106.2 121.2 135.1 145.9 154.2 155 140.3 127.2 120.2 105.2 96.4 81.3 59.3 44.6 33.6 22.7 14.1 -2 -2 -2 -2 -2 -2 -2 -2 -2 -2 -2 -2 -2 -2 -2 -1 0
-2 -2 -2 -2 -2 -2 -2 -2 -2 -2 -2 -2 -2 -2 -2 -2 -2 -2 13 29.4 41.4 50.2 57.6 51 50.2 41.6 34.1 25.7 23.7 21.2 5.5 8 12 15 19.5 27.4 31.4 31.2 32.5 32.5 32 34.7 32.2 30.3 29 24.9 30.6 32.5 34.3 35.1 38.5 44.3 49.4 53 49.6 39.5 42.4 48.3 52.9 65.3 74.8 81.9 92.1 110 121.6 130.6 142.9 147.4 137.8 123.7 119.6 102.4 92.3 76.6 57.6 43.8 33.3 25.8 12.3 -2 -2 -2 -2 -2 -2 -2 -2 -2 -2 -2 -2 -2 -2 -2 -0.5 0.5
-2 -2 -2 -2 -2 -2 -2 -2 -2 -2 -2 -2 -2 -2 -2 -2 -2 -2 -2 -2 29.9 43 52.9 45.4 44.9 38.8 26.7 17.4 16.3 16.1 -2 9.3 9.6 10.8 5.8 21.3 26.7 20.9 20.6 25.2 25.8 24.1 20.2 14.5 19.9 22.9 27.8 32.7 31.5 34 38.3 43.3 48.1 51.3 47.8 40.4 41 48.9 55 67.1 75.9 84.2 90.9 96.2 109.5 123.2 135 136.3 130.8 117.9 110.3 96.9 88 78.2 63.1 41.1 32.3 23.6 11 -2 -2 -2 -2 -2 -2 -2 -2 -2 -2 -2 -2 -2 -2 -2 0.1 1.1
-2 -2 -2 -2 -2 -2 -2 -2 -2 -2 -2 -2 -2 -2 -2 -2 -2 -2 -2 -2 15.5 35.1 39.7 33 35.1 32.1 -2 -2 11.7 -2 -2 -2 -2 -2 -2 -2 16.7 17.2 13 18.6 19.4 -2 -2 13 20 24.6 28.5 26.9 28.8 30.4 34.8 38.3 45 44.1 42.1 39.5 46.2 55.3 59 64.4 76.3 90.4 91.3 92.3 106.2 128.1 132.6 133 125.3 110.7 98 91.4 88 83.7 64 41.5 27.7 18 9.1 1.3 -2 -2 -2 -2 -2 -2 -2 -2 -2 -2 -2 -2 -2 -0.2 1.1 9.5
-2 -2 -2 -2 -2 -2 -2 -2 -2 -2 -2 -2 -2 -2 -2 -2 -2 -2 -2 1.3 8.4 16.1 22.9 26.1 27.1 23.1 -2 -2 -2 -2 -2 -2 -2 -2 -2 -2 13.1 12.5 -2 -2 -2 -2 -2 16.4 19.5 17.8 19.8 25 24.3 24.2 25.9 30.1 34.4 35.3 39.3 43.8 42.5 54.6 57.1 70.2 87.3 95.7 91 90.5 107.2 123.2 127.9 128.2 120.2 110 101.3 99.1 94.3 87.6 63.9 41.6 28.8 22 16.5 7.5 4.6 -2 -2 -2 -2 -2 -2 -2 -2 -2 -2 -2 -2 1.3 10.4 11.8
-2 -2 -2 -2 -2 -2 -2 -2 -2 -2 -2 -2 -2 -2 -2 -2 -2 -2 -2 1.8 11.4 10.6 12.3 20.7 15.4 -2 -2 -2 -2 -2 -2 -2 -2 -2 -2 -2 -2 -2 -2 -2 -2 -2 4.8 13.9 12.1 13.2 16.1 17.8 21.2 22 16.7 19.8 25.7 32.4 38.2 44.7 40.1 51.4 58 71 84.5 88.1 87.1 83.2 100.8 111 118.4 120.9 120 110.3 107.7 103.4 96.1 81.5 62.8 41.5 33.7 22.7 16.1 12.4 8.6 7 3.2 -2 -2 -2 -2 -2 -2 -2 -2 -2 -2 11 10.6 10.7
-2 -2 -2 -2 -2 -2 -2 -2 -2 -2 -2 -2 -2 -2 -2 -2 -2 -2 -2 3.3 8 9.6 5.7 -2 -2 -2 -2 -2 -2 -2 -2 -2 -2 -2 -2 -2 -2 -2 -2 -2 -2 -2 1.8 -2 1.8 11.7 12.4 14.2 18 10.2 6.7 11.8 21.6 26.8 30.3 34.2 41.2 51.1 55.5 65.5 75.4 77.8 76.6 76.6 86.8 99.6 109.3 116.5 113 112.4 106.1 102.8 101 89.6 69.4 41 31.5 22.3 17.8 11.9 10.4 5.8 2.7 -2 -2 -2 -2 -2 -2 -2 -2 -2 6.4 13.6 12.9 21.3
-2 -2 -2 -2 -2 -2 -2 -2 -2 -2 -2 -2 -2 -2 -2 -2 -2 -2 -2 -2 -2 3.3 -0.2 -2 -2 -2 -2 -2 -2 -2 -2 -2 -2 -2 -2 -2 -2 -2 -2 -2 -2 -2 -2 -2 1.1 8.2 3.9 -2 8.8 6.1 3.8 4.8 9.1 15.3 23.4 36 40.3 38.8 45.5 53.6 60.1 66.4 69.6 72 82.5 95.3 101.7 110 119.6 121.6 117.2 111.1 106 89.7 70 39.4 26.2 20.2 19.1 12.9 11 5.4 -2 -2 -2 -2 -2 -2 -2 -2 -2 2.2 6.9 14.7 18.7 25.5
-2 -2 -2 -2 -2 -2 -2 -2 -2 -2 -2 -2 -2 -2 -2 -2 -2 -2 -2 -2 -2 -2 -2 -2 -2 -2 -2 -2 -2 -2 -2 -2 -2 -2 -2 -2 -2 -2 -2 -2 -2 -2 -2 -2 -2 1.8 -2 -2 2.8 1.8 1.8 0.8 1.2 7.3 16.7 22.9 28.6 27.4 37.6 46.9 48.7 55.9 61 66 75.6 96.4 106 114.4 123.9 128.3 120.6 111.8 103.9 88.2 70 43.3 28.9 18 14.7 9.5 12.4 4.8 -2 -2 -2 -2 -2 -2 -2 -2 -0.2 3 6.6 14.2 20.7 33.2
-2 -2 -2 -2 -2 -2 -2 -2 -2 -2 -2 -2 -2 -2 -2 -2 -2 -2 -2 -2 -2 -2 -2 -2 -2 -2 -2 -2 -2 -2 -2 -2 -2 -2 -2 -2 -2 -2 -2 -2 -2 -2 -2 -2 -2 -2 -2 -2 1.1 1.8 -2 -2 -2 0.6 5.7 14.7 15.9 16.8 26.4 32.2 40 47.8 54.6 65.4 75 87.6 96.7 101.4 117.4 121 118.2 111.6 101.8 85.3 68 45.1 39.2 26.1 18.3 8.1 7.2 8.1 -2 -2 -2 -2 -2 -2 -2 -2 -0.3 2.6 7.2 19.7 27.5 38.2
-2 -2 -2 -2 -2 -2 -2 -2 -2 -2 -2 -2 -2 -2 -2 -2 -2 -2 -2 -2 -2 -2 -2 -2 -2 -2 -2 -2 -2 -2 -2 -2 -2 -2 -2 -2 -2 -2 -2 -2 -2 -2 -2 -2 -2 -2 -2 -2 7.2 7.8 -2 -2 -2 -2 1.7 9.6 13.6 15.6 19.1 28.6 39.5 49.7 64.3 70.8 74.9 75.3 81.3 94.9 105 113.2 115.4 108 96.5 81.8 63.6 39.5 34.4 28 15.4 11.5 13.6 9.4 -2 -2 -2 -2 -2 -2 -2 -2 -2 2.2 9.3 22.8 33.7 41.1
-2 -2 -2 -2 -2 -2 -2 -2 -2 -2 -2 -2 -2 -2 -2 -2 -2 -2 -2 -2 -2 -2 -2 -2 -2 -2 -2 -2 -2 -2 -2 -2 -2 -2 -2 -2 -2 -2 -2 -2 -2 -2 -2 -2 -2 -2 -2 -2 2.6 -2 -2 -2 -2 -2 9.6 15.6 20.9 17.8 23.1 28.9 39.4 54 66.7 68.8 74.1 71.8 80.7 96 101.8 111.6 116 110.4 95.9 81.6 65.6 42 30.7 30.5 15.6 12.6 12.5 8.2 -2 -2 -2 -2 -2 -2 -2 -2 -2 3.5 12.8 28.2 41.8 49
-2 -2 -2 -2 -2 -2 -2 -2 -2 -2 -2 -2 -2 -2 -2 -2 -2 -2 -2 -2 -2 -2 -2 -2 -2 -2 -2 -2 -2 -2 -2 -2 -2 -2 -2 -2 -2 -2 -2 -2 -2 -2 -2 -2 -2 -2 -2 -2 -2 -2 -2 -2 -2 -2 -2 -2 22.8 18.1 18 28.7 42.7 56.2 62.4 66 74.2 71.5 78.5 92.6 101.4 110.4 113.5 102.7 93.2 79.2 65.2 46.5 31.2 27.6 22 11.2 11.5 5.6 -2 -2 -2 -2 -2 -2 -2 -2 -2 1.6 13.5 27.2 37.8 48.6
-2 -2 -2 -2 -2 -2 -2 -2 -2 -2 -2 -2 -2 -2 -2 -2 -2 -2 -2 -2 -2 -2 -2 -2 -2 -2 -2 -2 -2 -2 -2 -2 -2 -2 -2 -2 -2 -2 -2 -2 -2 -2 -2 -2 -2 -2 -2 -2 -2 -2 -2 -2 -2 -2 -2 -2 23.5 17.3 17.6 30 42.3 54.9 58.8 62.5 68.9 69.5 77 90.3 102.6 108.2 100.4 91.8 83.1 74.9 62.8 47.5 26.9 22.5 17.4 12.2 9 1.3 -2 -2 -2 -2 -2 -2 -2 -2 -2 -2 11.7 26.3 37.6 47.2
-2 -2 -2 -2 -2 -2 -2 -2 -2 -2 -2 -2 -2 -2 -2 -2 -2 -2 -2 -2 -2 -2 -2 -2 -2 -2 -2 -2 -2 -2 -2 -2 -2 -2 -2 -2 -2 -2 -2 -2 -2 -2 -2 -2 -2 -2 -2 -2 -2 -2 -2 -2 -2 -2 -2 -2 -2 18.9 16.5 28.3 39.8 52.6 55.5 60.4 63.6 67 69.2 88.2 96.3 96.6 86.9 78.3 72.1 65.5 54.6 40.7 17.4 14.1 15.3 10.3 3.2 -2 -2 -2 -2 -2 -2 -2 -2 -2 -2 -2 1.5 26.3 40 52.5
