app/static/ascii/NB00.asc
ncols 200
nrows 200
xllcorner 100000
yllcorner 900000
cellsize 50
[rows 148 to 184 of 200, columns 0 to 84 of 200]
-2.1 -2.1 -2.1 -2.1 -2.1 -2.1 -2.1 -2.1 -2.1 -2.1 -2.1 -2.1 -2.1 -2.1 -2.1 -2.1 -2.1 -2.1 -2.1 -2.1 -2.1 -2.1 -2.1 -2.1 -2.1 -2.1 -2.1 -2.1 -2.1 -2.1 -2.1 -2.1 7.6 12.3 13.2 6.6 8.6 11.3 -2.1 8.3 11.5 -2.1 9.1 6.7 16 21.4 32.2 36.5 35.1 43.4 54.5 64.7 77.8 85.2 76.2 69.3 74.8 87.7 94 101.3 103.8 106.8 112.7 117.3 114.1 107.9 125.4 148.8 158.7 141.1 134.2 146.6 151.2 149 146.5 140.8 135.5 128.2 120 115.2 106 96.5 84.9 74.2 57.7
-2.1 -2.1 -2.1 -2.1 -2.1 -2.1 -2.1 -2.1 -2.1 -2.1 -2.1 -2.1 -2.1 -2.1 -2.1 -2.1 -2.1 -2.1 -2.1 -2.1 -2.1 -2.1 -2.1 -2.1 -2.1 -2.1 -2.1 -2.1 -2.1 -2.1 -2.1 -2.1 7.1 13.3 19.8 16.4 14.3 19.8 18.7 14.8 15.3 7.5 9.9 11.1 19.3 27.3 35.2 39.9 41.5 44.5 55.7 65.3 76.3 88.7 85.3 77.1 82.9 93.9 100.8 108.2 111.3 112.5 120.1 128.2 127.2 125 134.9 154.7 163.5 163.9 149 151.3 157.2 156.9 152.3 147.5 140.3 130.7 120.8 116.3 108.6 100.5 88.8 76 60.2
-2.1 -2.1 -2.1 -2.1 -2.1 -2.1 -2.1 -2.1 -2.1 -2.1 -2.1 -2.1 -2.1 -2.1 -2.1 -2.1 -2.1 -2.1 -2.1 -2.1 -2.1 -2.1 -2.1 -2.1 -2.1 -2.1 -2.1 -2.1 -2.1 -2.1 -2.1 11.4 16.4 21.8 26.4 28.7 24.7 27.4 25.8 19.2 15.9 13.7 13.2 11.2 22.3 36.6 41.4 40.7 46.8 56 66.1 67 74.8 83.4 86.3 88.6 88.4 98.5 104.3 112.2 117 124.3 131.9 140.9 145.3 144.6 148.9 157.1 169.3 171.2 164.2 156 159.9 161.9 158.4 150.3 141.4 131.3 128.2 119.2 110.4 100.4 87.5 75.9 62.7
-2.1 -2.1 -2.1 -2.1 -2.1 -2.1 -2.1 -2.1 -2.1 -2.1 -2.1 -2.1 -2.1 -2.1 -2.1 -2.1 -2.1 -2.1 -2.1 -2.1 -2.1 -2.1 -2.1 -2.1 -2.1 -2.1 -2.1 -2.1 -2.1 -2.1 1.8 17.3 16 25.7 32.1 37 33.9 30.4 28.2 28.5 26.8 24 23.1 16.4 25.3 35.8 40.8 43 55.4 64.2 72.7 70.6 74.6 81.4 89.4 96.4 98.9 102.1 111.2 115.9 123.1 130.1 143.2 152.1 157.5 162 170.3 166.1 168.8 174.2 177.9 162.5 159.9 162.5 158 148.9 141.6 136.2 132.6 124.3 112.5 100.4 88.8 77.6 64.5
-2.1 -2.1 -2.1 -2.1 -2.1 -2.1 -2.1 -2.1 -2.1 -2.1 -2.1 -2.1 -2.1 -2.1 -2.1 -2.1 -2.1 -2.1 -2.1 -2.1 -2.1 -2.1 -2.1 -2.1 -2.1 -2.1 -2.1 -2.1 -2.1 -2.1 2.5 19.2 26.2 28.4 32.9 40.2 39.3 42.1 36.8 37 35.8 30.6 28 24.5 26.1 37 42.9 48.6 57.3 68.7 74 71.4 78.7 86.4 90.3 99.4 102.2 106.9 117.4 122.7 130.7 141.9 152.5 164.1 170.4 173.9 181.1 184 174.6 176 173.6 162.2 159.3 155.5 153.3 150.3 148.6 139.1 131.2 121 112.6 102 91.9 80.5 67.9
-2.1 -2.1 -2.1 -2.1 -2.1 -2.1 -2.1 -2.1 -2.1 -2.1 -2.1 -2.1 -2.1 -2.1 -2.1 -2.1 -2.1 -2.1 -2.1 -2.1 -2.1 -2.1 -2.1 -2.1 -2.1 -2.1 -2.1 -2.1 -2.1 -2.1 11.9 18.5 28.5 36.5 43.1 46.9 46.7 47.6 45.2 46.1 49.3 44.4 35.7 33.4 31.9 43.5 48.7 51.3 59.5 68.4 72.6 73.2 80.5 88.3 95.2 102 108.3 114.2 124.6 133.2 141.1 152.6 162.6 174.3 182.8 182.3 191 193.5 189 183 179.7 171.5 160.6 158.1 159.5 158.5 150.7 142.6 129.8 120.1 112.7 102.5 93.7 84.1 73.8
-2.1 -2.1 -2.1 -2.1 -2.1 -2.1 -2.1 -2.1 -2.1 -2.1 -2.1 -2.1 -2.1 -2.1 -2.1 -2.1 -2.1 -2.1 -2.1 -2.1 -2.1 -2.1 -2.1 -2.1 -2.1 -2.1 -2.1 -2.1 -2.1 1.2 13.6 23.3 31.1 38.4 46.1 51.6 53.1 51.9 56 61 66.2 61.4 59.8 46.7 42 51.4 59.5 61.6 63.4 69.2 77.1 78.3 85.5 93.4 99.7 107.3 113.6 121 133.6 143.6 153.7 165.2 176.4 187.9 193.6 195.3 197.6 202.9 205.3 197.2 192 187.6 176.8 165.1 164.5 162 153.5 143.6 129.8 118.9 110.4 101.5 95.1 87.3 77
-2.1 -2.1 -2.1 -2.1 -2.1 -2.1 -2.1 -2.1 -2.1 -2.1 -2.1 -2.1 -2.1 -2.1 -2.1 -2.1 -2.1 -2.1 -2.1 -2.1 -2.1 -2.1 -2.1 -2.1 -2.1 -2.1 -2.1 -2.1 -2.1 -2.1 16.6 27.8 35.8 38.3 47 56.6 61 63.1 70.2 74.2 76.7 75.3 70.4 61.1 57.7 63.3 69.5 74.4 73.6 72.9 79.1 86.6 92.1 95.7 101.9 113.5 120.9 129.4 139.1 149.3 163 178.2 187.8 199.8 203.9 202.5 211.6 218.9 224.2 217.3 206.2 196.3 194.7 181.6 170.4 162.4 151 140.4 128.4 117.9 109.8 101 95.5 89.6 78.6
-2.1 -2.1 -2.1 -2.1 -2.1 -2.1 -2.1 -2.1 -2.1 -2.1 -2.1 -2.1 -2.1 -2.1 -2.1 -2.1 -2.1 -2.1 -2.1 -2.1 -2.1 -2.1 -2.1 -2.1 -2.1 -2.1 -2.1 -2.1 -2.1 8.6 15.4 26.7 34.6 40.2 48.3 59.3 66.4 70.8 75.6 85.4 86.6 85.8 79.7 72.2 66.1 70.7 73.7 77.7 82.9 80.4 84.9 91.6 97 102.1 104.3 114.6 122.6 133.1 146 155.2 171 188.3 197.1 208.6 215.8 218.9 221.7 230.6 238.1 232.4 216.7 205.1 196.7 187.8 174.3 166.4 153.9 139.9 128.8 117.7 109.5 102.7 95.9 89.3 81.9
-2.1 -2.1 -2.1 -2.1 -2.1 -2.1 -2.1 -2.1 -2.1 -2.1 -2.1 -2.1 -2.1 -2.1 -2.1 -2.1 -2.1 -2.1 -2.1 -2.1 -2.1 -2.1 -2.1 -2.1 -2.1 -2.1 -2.1 -2.1 -2.1 14.1 22.5 29.9 37.2 42.6 49.8 63 70.1 79.6 85.7 96 95.1 95.2 90.7 82.1 80.9 78.1 79.3 84.1 90.2 91.4 96.1 98 103 106.8 108.1 116.9 123.5 136.6 151.1 166.4 176.5 189.1 204.2 219.9 225.3 226.8 232.5 235 243.5 242.8 233.7 219.5 208.7 194.7 182.6 170.9 157.3 144.4 129.6 120 112.3 105.2 97.4 92 83.6
-2.1 -2.1 -2.1 -2.1 -2.1 -2.1 -2.1 -2.1 -2.1 -2.1 -2.1 -2.1 -2.1 -2.1 -2.1 -2.1 -2.1 -2.1 -2.1 -2.1 -2.1 -2.1 -2.1 -2.1 -2.1 -2.1 -2.1 6.7 11.1 19 25.4 32.4 42.2 50.9 56.4 65.3 78.4 91 98.8 102.4 108.1 109.1 102.5 95.5 93.1 92 87 90.4 93.7 100.1 105 105.5 108.8 113.2 114.1 120.5 126.2 137.4 153.2 170 185.9 197.1 206.8 222.4 229.5 230 235 241.4 244.9 246.7 242.1 229.8 217.9 204.2 188.5 174.9 160.3 146.5 131.2 121.7 114 105.9 98 89.8 82.5
-2.1 -2.1 -2.1 -2.1 -2.1 -2.1 -2.1 -2.1 -2.1 -2.1 -2.1 -2.1 -2.1 -2.1 -2.1 -2.1 -2.1 -2.1 -2.1 -2.1 -2.1 -2.1 -2.1 -2.1 -2.1 -2.1 -2.1 9.7 21.6 29.1 34.9 39.1 45.3 57.6 65.4 70 84.6 100.2 108.4 109.2 117.2 119.7 114.4 105.2 106.8 108.2 101.1 98.1 98 103 107.6 112 114.2 115.1 117.5 125.2 131.6 142.6 152.8 165.4 185.6 201.3 207.6 223.5 233.3 236.6 240.8 250.9 249.8 251.3 248.3 238.5 224.4 209.2 193 177.8 164.1 148.8 138.2 128.9 116.4 105 96 87.2 79.3
-2.1 -2.1 -2.1 -2.1 -2.1 -2.1 -2.1 -2.1 -2.1 -2.1 -2.1 -2.1 -2.1 -2.1 -2.1 -2.1 -2.1 -2.1 -2.1 -2.1 -2.1 -2.1 -2.1 -2.1 -2.1 -2.1 5.7 18.5 29.5 33.2 42.7 50.5 53.5 57.5 69.3 75.5 84.3 97.4 106.4 113.9 118.8 123.9 124.1 115.2 115.1 115.7 112.3 108.9 104.9 104.7 107.7 115.7 117.9 119.6 121.5 131.6 138.4 144.8 156.3 168.2 181.8 197.4 210.4 220.7 232.5 239.5 248 255.6 258.6 257 254.7 244.8 229.5 213.2 195.8 178.3 166.2 152 138.2 128.5 114.8 103.4 94.3 86.7 78.7
-2.1 -2.1 -2.1 -2.1 -2.1 -2.1 -2.1 -2.1 -2.1 -2.1 -2.1 -2.1 -2.1 1.8 -2.1 -2.1 -2.1 -2.1 -2.1 -2.1 -2.1 -2.1 -2.1 -2.1 -2.1 10.9 21.4 21.6 31.4 36.4 46.6 56.2 62.8 64 68.3 77.3 86 96.5 104.5 116.9 122.1 128 128.6 124 123.4 124.5 123.4 120.5 118.7 111.6 111.2 117.8 118.5 121.5 124.6 135.7 144.3 149.1 162.8 172.1 182.3 195.8 210.7 221.6 229.3 239.1 248.9 258.6 266 264.5 258.4 249.2 232.8 213.7 197.7 180.1 164.4 151.1 138.4 127.1 115.8 103 93.5 85.5 76.8
-2.1 -2.1 -2.1 -2.1 -2.1 -2.1 -2.1 -2.1 -2.1 -2.1 -2.1 -2.1 -2.1 -1.3 -2.1 -2.1 -2.1 -2.1 -2.1 -2.1 -2.1 -2.1 -2.1 -2.1 -2.1 -2.1 23.3 29.3 37.5 41.8 49.5 59.8 67.6 69.7 70.4 73.2 82.4 94.7 101.8 114 128.1 132 134.2 132.3 127.4 135.2 137.2 133 128.6 123.4 115.2 116.6 120 123.7 128.7 137 143.2 150.7 167.4 177.8 185.8 196.3 209.4 223.3 229.7 238.1 247.2 253.4 258.7 263.7 259.3 250.5 235.5 218.5 198.3 179.3 163 148.6 135.8 124.5 114.3 104.9 92.6 83.1 74.3
-2.1 -2.1 -2.1 -2.1 -2.1 -2.1 -2.1 -2.1 -2.1 -2.1 -2.1 -2.1 -2.1 -2.1 -2.1 -2.1 -2.1 -2.1 -2.1 -2.1 -2.1 -2.1 -2.1 -2.1 -2.1 16.4 30.3 39 42.8 50.1 54.8 60.8 68.1 75.3 76.8 77.5 82 89.2 101.8 113.7 128.6 136.1 137.4 137.4 132.3 135 136.9 135.8 132.1 127.7 121.1 114.6 121.2 128 128.1 135.2 142.6 150.1 164.7 178.5 185.6 195.1 208.7 223.2 229 234.6 246.2 253.2 257.6 256 252.8 246.5 233.3 217.1 198.7 181.5 163.7 147.7 133.1 121.8 112.4 101.4 91.5 81.6 73.2
-2.1 -2.1 -2.1 -2.1 -2.1 -2.1 -2.1 -2.1 -2.1 -2.1 -2.1 -2.1 -2.1 -2.1 -2.1 -2.1 -2.1 -2.1 -2.1 -2.1 -2.1 -2.1 -2.1 -2.1 8.5 28.1 40.9 49.8 47.8 53.4 61.7 69.3 75.3 82 85.4 87.7 90 90.8 100.7 117.4 129.3 135.2 136.7 131.1 127.4 127.8 131.9 132.8 130.7 128.6 121.8 115.6 114.8 121.5 125.2 132.7 140.5 150 163.1 178.3 190.1 197.7 209 219.1 224.5 229.9 239.6 251.2 259.7 253.5 247.4 240.5 228.5 215.5 197.9 182.9 166.7 150.1 133.3 120.8 109.6 99 90.9 82.2 72.1
-2.1 -2.1 -2.1 -2.1 -2.1 -2.1 -2.1 -2.1 -2.1 -2.1 -2.1 -2.1 -2.1 -2.1 -2.1 -2.1 -2.1 -2.1 -2.1 -2.1 -2.1 -2.1 -2.1 1.8 20.1 35.9 49.7 55.6 51.6 54.2 63.7 74.6 81.5 87.1 93.4 98.8 98.7 97 98.1 107.7 118.8 127.5 130.6 128.2 121.5 119.1 123 125.8 123.7 122.2 125.3 119.2 115.4 117.8 123.2 132.1 139 144.4 159.9 178.3 190.1 200.8 213.9 216.9 220.7 226.8 233.3 243.9 252.6 253.6 248.6 238.1 224.7 212.8 196.4 180 166.9 151.8 134.2 122.6 109.1 98.7 88 78.3 69.8
-2.1 -2.1 -2.1 -2.1 -2.1 -2.1 -2.1 -2.1 -2.1 -2.1 -2.1 -2.1 -2.1 -2.1 -2.1 -2.1 -2.1 -2.1 -2.1 -2.1 -2.1 -2.1 -2.1 1.8 21 37.8 52.6 60.3 55.4 55.4 64.3 73.6 82.1 92 102.7 109.9 111.2 104 97.7 102.4 112.5 114.2 114.3 118.1 115.3 108.3 114 118.4 118.6 119.7 121.8 120.8 117 113.4 120.7 131 139.1 143 149.8 170.7 184.7 204.3 211.3 214 216 221.7 228.3 238.2 243.9 246.1 246.6 235.1 228.1 217.1 200.7 182.6 165.4 152.2 135.9 122.2 109.3 97.8 87.2 76.4 66.5
-2.1 -2.1 -2.1 -2.1 -2.1 -2.1 -2.1 -2.1 -2.1 -2.1 -2.1 -2.1 -2.1 -2.1 -2.1 -2.1 -2.1 -2.1 -2.1 -2.1 -2.1 -2.1 -2.1 7.2 18.3 34.9 50.3 55 59.7 63.2 63.8 76.3 88.5 96.8 105.1 107.5 104.8 98.1 94.1 93.6 97.8 100.3 100.2 105.3 107.3 102.7 109.8 113.3 114.8 115.5 117.4 118.1 114.5 111.1 116 126.6 135.9 141.2 143.7 160.3 177.4 194.5 204.8 206.2 210.5 216.2 222.1 230.8 232.8 234.5 236 232.3 224.4 222.2 207.8 189.6 167 152.3 136.8 122.1 109.2 97.3 87.2 77 66
-2.1 -2.1 -2.1 -2.1 -2.1 -2.1 -2.1 -2.1 -2.1 -2.1 -2.1 -2.1 -2.1 -2.1 -2.1 -2.1 -2.1 -2.1 -2.1 -2.1 -2.1 -2.1 -2.1 6.8 20.7 34.7 49.8 57.2 62.3 67.2 70.9 73.4 84.8 90.7 96.9 103.6 103.9 97.6 88.8 86.2 86.8 89.2 92.9 98.2 100.2 96.3 99.7 107.6 108.8 108.5 111.3 114.2 109.8 108.4 109.7 113.2 123.6 135.3 140.5 150.7 167.1 186.1 198.1 204.5 206 211 217.6 223.9 226.2 227.7 226.2 225.1 218.2 211.5 202.5 184.9 167.6 151.9 137.7 121.8 107.7 95.5 85.5 75.6 64.5
-2.1 -2.1 -2.1 -2.1 -2.1 -2.1 -2.1 -2.1 -2.1 -2.1 -2.1 -2.1 -2.1 -2.1 -2.1 -2.1 -2.1 -2.1 -2.1 -2.1 -2.1 -2.1 -2.1 10.6 23.4 35.3 50.5 66.5 68.5 73 72.8 76.2 80 85.4 92.5 95.7 94.8 85.8 85.1 80.5 77.9 79.9 83.5 90.8 91.3 89.3 94.1 99.4 106.6 106.2 107.3 107.5 102.6 106.7 104.9 103.7 111.4 123 137.7 143.7 158.9 178.1 192.1 203.9 208.3 205.5 212.9 220.1 224 224.6 220.5 216.3 211.6 202.6 193.6 182.9 169.1 151.7 136.8 121.2 106.9 95.2 83.6 74.2 64.6
-2.1 -2.1 -2.1 -2.1 -2.1 -2.1 -2.1 -2.1 -2.1 -2.1 -2.1 -2.1 -2.1 -2.1 -2.1 -2.1 -2.1 -2.1 -2.1 -2.1 -2.1 -2.1 -2.1 1.8 25.4 34.2 45.9 61.7 70.1 76.6 75.3 80.4 82.9 79.5 85.1 87.2 86.1 83.7 77.9 73.1 70.6 72.5 77.1 82.3 85.1 86.2 88.8 94.5 98.2 101.3 103.2 101.8 96.4 98.6 97.3 99.1 105.1 117.1 129.8 140.3 152.5 172.2 189.8 196.7 201.9 202.6 208.1 217.3 220.6 219.9 217.4 212.9 204 200.1 194 185.6 170.2 155.8 140.9 123.1 109.1 95.5 84.3 75.2 65.6
-2.1 -2.1 -2.1 -2.1 -2.1 -2.1 -2.1 -2.1 -2.1 -2.1 -2.1 -2.1 -2.1 -2.1 -2.1 -2.1 -2.1 -2.1 -2.1 -2.1 -2.1 -2.1 -2.1 11.8 25.7 31.3 45.3 60.9 71.6 78.4 80.6 86.2 86.4 81.6 81 82.8 79.3 78.5 71.5 70.6 70.6 70.6 70.6 74.3 78.8 78.4 76.7 87.6 92.1 95.7 94.5 91.3 88.3 91 94.3 96.8 103.8 113.1 128.7 140.4 148.5 166 184.4 195 198.6 198.6 203.3 210.6 213.6 212.8 210.5 206.8 197.2 193.3 190.1 180.8 170.1 154.1 139.5 123.6 110.2 96.7 83.5 74.2 64.6
-2.1 -2.1 -2.1 -2.1 -2.1 -2.1 -2.1 -2.1 -2.1 -2.1 -2.1 -2.1 -2.1 -2.1 -2.1 -2.1 -2.1 -2.1 -2.1 -2.1 -2.1 -2.1 -2.1 11 23.5 31 39.7 52 63.5 73.6 80 87.6 91.5 86.4 82.1 76.5 73.4 71.2 70.6 70.6 70.6 70.6 70.6 70.6 75.1 75.5 70.7 72.5 81.8 83 81.3 79.6 81.8 85.3 90.3 95.9 106.7 109.3 121.8 139.4 147.3 162.9 183.7 195.1 196.8 196.1 198.4 204.3 206.9 206.8 206 202.3 189.9 186.2 185.2 176.1 165 151.8 138.7 124.4 110 95.4 82.6 73.8 63.1
-2.1 -2.1 -2.1 -2.1 -2.1 -2.1 -2.1 -2.1 -2.1 -2.1 -2.1 -2.1 -2.1 -2.1 -2.1 -2.1 -2.1 -2.1 -2.1 -2.1 -2.1 -2.1 -2.1 1.8 18.7 29.1 37.8 51.8 59.4 70.3 74.8 77.2 81.7 85.2 87.7 76.2 71.4 75.5 70.6 70.6 70.6 70.6 70.6 70.6 70.6 72.8 68.4 65.5 70.7 72.9 71.8 72.4 78.1 83.6 89.4 98.2 108.1 111.3 119.9 135 146.4 160.5 181.8 195.7 203.8 199.2 195.5 198 199.3 200.3 198.6 193.7 184.5 178.6 177.9 170.5 160.7 152 139.8 121.2 108 96.4 83.5 72.5 62.7
-2.1 -2.1 -2.1 -2.1 -2.1 -2.1 -2.1 -2.1 -2.1 -2.1 -2.1 -2.1 -2.1 -2.1 -2.1 -2.1 -2.1 -2.1 -2.1 -2.1 -2.1 -2.1 -2.1 6.1 15.3 22.7 32.5 42.2 49.1 56.7 65 72.2 73.5 76.9 79.9 75.8 71.6 73.2 70.6 71.4 73.3 70.6 70.6 70.6 71.1 70.9 66 62.9 64.4 65.7 67 70.2 78.8 84.8 88.3 96.4 106.7 117.7 126.6 133.9 142.8 156.4 173.7 189.7 200.3 201.7 194.6 192 193 192.2 186.1 180.3 174 171.1 171.5 168.6 161.5 151.3 138.9 120 108.8 96 82.7 71.2 61.6
-2.1 -2.1 -2.1 -2.1 -2.1 -2.1 -2.1 -2.1 -2.1 -2.1 -2.1 -2.1 -2.1 -2.1 -2.1 -2.1 -2.1 -2.1 -2.1 -2.1 -2.1 -2.1 3.9 12.7 20.1 24.6 30.6 34.1 43.2 50.9 60 67.7 73.1 77.2 77.4 79 83.3 76.8 70.6 72 75.1 72.4 70.6 70.6 73 69.2 65.4 62.9 62.9 63.3 64.7 67.8 78.2 88.2 90.6 94.2 105.4 118.4 127.4 135.6 141.4 150 166.3 182.9 191.3 197.3 190.8 187 186.6 181.8 173.6 168.8 166.1 162.9 166 164.5 161.1 155 140.4 124.9 109.7 93.7 79.4 68.1 58
-2.1 -2.1 -2.1 -2.1 -2.1 -2.1 -2.1 -2.1 -2.1 -2.1 -2.1 -2.1 -2.1 -2.1 -2.1 -2.1 -2.1 -2.1 -2.1 -2.1 -2.1 -2.1 5.6 12.1 22.2 29.5 35.2 38.6 43.5 53.2 62.8 68.8 75.7 81.5 82.2 81.7 86.5 89 81.3 78.9 77.8 76.2 70.8 70.9 71 69.7 67.8 62.9 62.9 62.9 64.3 67.2 75.1 85.5 90.3 95.2 107.1 118.3 129 137.4 142.2 144 158.1 175.7 182.7 187.6 182.5 179.5 174.3 169.6 164.3 161.5 161.5 158.4 161.6 162.9 159 151.4 139.9 123.8 106.3 90.1 76.9 65.9 54.2
-2.1 -2.1 -2.1 -2.1 -2.1 -2.1 -2.1 -2.1 -2.1 -2.1 -2.1 1 4.3 6.8 -2.1 -2.1 -2.1 -2.1 -2.1 -2.1 -2.1 -2.1 3.7 13.4 21.8 29.2 37.1 43.2 48.1 57.9 67.6 73.9 77.8 84.4 90.5 88.3 85.6 90.1 89.3 86.6 83.4 81.1 76.3 73.4 74.4 72.2 71.3 66.9 62.9 66.1 68.1 73.4 78.6 85.7 92.7 97.3 106.3 116.8 128.4 138.3 147.8 140.7 146.5 164.7 172.1 175.8 174.7 169.7 163 156.8 153.3 150.9 153.4 155.1 159.3 160.9 155.3 144.9 134 121 102.8 84.5 71.7 62.1 50.1
-2.1 -2.1 -2.1 -2.1 -2.1 -2.1 -2.1 -2.1 -2.1 -2.1 1.8 6.2 7 6.4 4.2 -2.1 -2.1 -2.1 -2.1 -2.1 -2.1 3.4 5.9 14 22.5 28.4 34.8 44.1 45.4 61.2 75.8 79.7 85.2 85.9 93.1 94.1 90.1 91.9 98.2 98.1 93.9 92.5 85.9 77.7 77.2 76.5 76.4 67.4 63.5 65.7 70.2 76.8 82.6 88.2 89 95 104.7 115.5 126.2 138.7 144.3 146.2 138.8 148.8 158.1 165.5 162.8 160.7 153.9 147.3 143.5 144 148.6 151 154.4 155.1 148.9 135.2 125.4 112.9 98.6 81.4 68.4 54.9 43.2
-2.1 -2.1 -2.1 -2.1 -2.1 -2.1 -2.1 -2.1 -2.1 -2.1 4.3 8.5 11.2 9.5 12.4 9.1 -2.1 -2.1 -2.1 -2.1 -2.1 9.1 14.4 14.9 19.7 26.3 29.5 36.1 43.3 50.8 63.9 78.2 87.9 97.5 96.4 99.9 97.4 97.9 104 105.4 102 96.4 91.5 83.4 77.1 75.1 74.3 70.1 61.9 63.4 68.3 74.3 80.7 92 88.6 95.7 103.7 111.7 122.8 136.2 146.3 147.2 139.7 139.6 147.6 152.4 153.4 152.4 142.5 141.5 138.2 140.5 143.8 144.8 149.3 146.2 137.1 125.7 113.1 102 89.9 73.6 63 51.8 37.4
-2.1 -2.1 -2.1 -2.1 -2.1 -2.1 -2.1 -2.1 -2.1 8.1 8.3 12.2 15.9 10.9 10.9 3.6 -2.1 -2.1 -2.1 -2.1 -2.1 6 13.9 12.8 17.2 22.1 26.4 30.5 38.7 46.3 57.1 71.3 86.5 96.9 103.7 106.6 107.2 105.6 109.8 108.9 109.2 100.3 94.9 87.3 81.9 77.7 72.6 68 62.5 64.1 68.2 72.1 76.9 89 90.8 94.3 101.7 107.9 117.7 131.7 143.5 142.7 139.9 133.9 136.6 143.8 142.5 139.8 132.1 130.5 129 138.6 141 144.2 142.5 135.2 123.3 114.8 106.3 93.2 78.9 65.9 57.2 43.9 32.2
-2.1 -2.1 -2.1 -2.1 1.1 3.3 18.8 21.5 -2.1 14.4 14.5 18.4 19.6 10.5 8.8 1.9 -2.1 -2.1 -2.1 2.4 4.1 7.7 13 10.9 13.7 19.3 23.7 28.3 35.7 45.7 51.2 62.5 81.7 93.7 102.4 108.3 108.8 107.3 111.3 111.3 109.7 105.6 97.3 91.9 85.8 78.9 71.6 66.2 61.2 60.7 64.8 68.7 71.1 77.9 86.9 91.1 96.5 102.4 112.7 126.2 133.7 137.2 133.1 132 125.6 131.4 128.3 125.6 122.7 120.2 121 125.7 129.6 131 128.3 120.1 111.4 101.7 93 83.3 70.5 59.3 49.5 37.4 24.6
-2.1 -2.1 -2.1 -2.1 7.5 15.5 20.1 21.1 11.9 15.4 18.2 22.4 23.8 13.7 7.6 5.3 4.1 5.8 5.7 10.7 11.8 8.3 8.8 8.6 11.9 16.8 20.8 22.7 28.2 41.1 48.1 54.9 66.2 87.4 100.7 108.5 111 105.3 107.2 109.3 107.4 105.8 100 94.1 85.9 76.3 69.7 64.2 60 55.2 61.1 65 68.7 71.8 81.6 87.9 92.6 94.8 103 113.8 122.4 129.8 127.7 129.5 119.7 109.9 117.4 116.1 110.8 109.3 109.7 110 116.9 119.1 115.7 106.7 98.6 90.7 83 72.8 64.7 53.3 41.3 31.1 18.1
-2.1 -2.1 -2.1 -2.1 13.3 19.5 24.8 25.8 21.8 22.6 20.4 22.6 24 17.5 7.3 6.3 8.3 11 14.4 13.5 15.9 14.8 9.9 7.1 10.4 15.3 17.3 18.7 21.8 29 37 46.2 56.6 74.1 93.9 100.8 102 102.5 103.7 105.9 106 104.2 102.5 97 87.8 78.7 70.8 62.7 59.1 55.4 56.7 60 64 66.1 78.8 80.6 85.7 87.9 95.1 101.5 112.1 123.1 118.5 118.4 115.5 100.8 102.5 107.3 101.8 97.5 97.3 100.6 105.3 108.5 105.3 96.4 88.5 79.5 70.2 64.2 56.2 45 34.3 23.1 13.1
22.6 23.4 25.6 -2.1 19.4 21.9 25.6 29.8 30.5 24.4 22.6 20.7 23.7 19.2 8.8 6.5 6.6 10.5 7.9 11.2 11.9 12.6 14.4 9 9.1 11 14.5 13.2 17.1 23.8 31 39.2 50.1 65 81.2 91.4 94.5 103 105.7 110.5 111.4 106.2 103.5 99.4 87.7 80 69.3 59.5 56.8 52.1 49.4 53.8 58.3 64 67 73.1 79.7 84.7 86.9 91.6 102.1 113.7 108 106.5 107.7 98 88.3 92.1 90.3 87.4 90 94.2 97.3 100.6 97.2 88.4 81.1 71.1 61.2 56.6 52 39.8 28.6 19.1 10.8
