app/static/ascii/NB01.asc
ncols 200
nrows 200
xllcorner 100000
yllcorner 910000
cellsize 50
[rows 108 to 143 of 200, columns 0 to 80 of 200]
29 30.5 31.9 27.2 24 16.1 13.9 10.1 -1.9 -1.9 -1.9 -1.9 -1.9 -1.9 -1.9 -1.9 -1.9 -1.9 -1.9 -1.9 -1.9 -1.9 -1.9 -1.9 -1.9 -1.9 -1.9 -1.9 -1.9 -1.9 -1.9 -1.9 -1.9 -1.9 -1.9 -1.9 -1.9 -1.9 -1.9 16.2 29.1 52.8 72.3 100.5 135.9 166.2 202.8 229.2 272.5 290 293 293.3 297.4 288.6 279.2 271.1 271.2 278.8 295.7 318.7 322.4 319.4 310.5 293.3 292.1 287 276.6 258.9 241.2 222.9 218.3 221.6 221.2 206.8 191.2 181.3 169.5 167.9 171.1 168.7 158.5
38.4 42 49.2 45.7 36.6 27.8 20.8 19 12.3 -1.9 -1.9 -1.9 -1.9 -1.9 -1.9 -1.9 -1.9 -1.9 -1.9 -1.9 -1.9 -1.9 -1.9 -1.9 -1.9 -1.9 -1.9 -1.9 -1.9 -1.9 -1.9 -1.9 -1.9 -1.9 -1.9 -1.9 -1.9 -1.9 -1.9 17.1 33.3 53.9 70.5 106.5 135.9 174.1 217.5 252.9 283.8 296.6 301.6 307.9 305.7 300.2 288.7 283.6 283.7 291.8 320.9 337.3 342.3 334.6 325.5 310.3 301.1 294.6 285.2 270.3 248.6 239 227.3 226.2 224.4 208.6 195.9 190.8 174.7 169.2 176.8 178.7 165.8
46 52.3 55.3 49.9 46.4 39 32.5 32.7 17.1 13.8 4.2 -1.9 -1.9 -1.9 -1.9 -1.9 -1.9 -1.9 -1.9 -1.9 -1.9 -1.9 -1.9 -1.9 -1.9 -1.9 -1.9 -1.9 -1.9 -1.9 -1.9 -1.9 -1.9 -1.9 -1.9 -1.9 -1.9 -1.9 10.5 25.7 37.7 55.7 77.4 105.4 138 187.6 232.7 261.2 286.7 307.7 312.8 320.4 313.8 311.8 299.6 298.9 295.9 313.8 327.9 341.9 351.5 344.8 336.1 323.1 305.4 300.7 290.2 277.8 257 243.1 233.1 230.7 223.8 218.8 200 194.7 186.4 178.5 180.8 181.6 181.6
50.4 56.1 60.7 59.5 59.2 50.5 39.7 36.9 26.5 20.5 16 17.8 10.6 1.8 -1.9 -1.9 -1.9 -1.9 -1.9 -1.9 -1.9 -1.9 -1.9 -1.9 -1.9 -1.9 -1.9 -1.9 -1.9 -1.9 -1.9 -1.9 -1.9 -1.9 -1.9 -1.9 -1.9 -1.9 18.9 39.9 53.6 64.1 87.4 112 143.4 208.4 246 265.8 286.8 308.3 321 321.5 320.5 319.5 308 303.4 305.3 325.9 340.9 356.7 361.3 350.9 339.7 329.6 312.4 303.8 296.3 281.5 264.2 252.4 238.7 231.9 230.1 222.5 205.6 200.6 195.3 181.5 180.8 190.6 191.8
49.4 56.7 62.5 66 67.3 69.9 49.9 40.6 43.3 36.3 24.7 21 20.8 15.4 -1.9 -1.9 -1.9 -1.9 -1.9 -1.9 -1.9 -1.9 -1.9 -1.9 -1.9 -1.9 -1.9 -1.9 -1.9 -1.9 -1.9 -1.9 -1.9 -1.9 -1.9 -1.9 -1.9 6.2 23.3 34.2 50.8 75.6 104 125.1 153.6 208.2 238.4 266.5 289.6 303.3 313.1 328.4 330 325.4 318.1 309.4 312.5 328.4 343.3 362 360.6 353.4 345.1 336.9 323.9 307.4 301.2 283.3 269.7 262.2 248.8 242.2 228.8 222.5 208.5 200.2 192.3 184.3 185.3 191.3 194
46.8 55.6 62.2 68 70.6 72 64.8 47.3 49.9 45.5 30.1 21.4 17.3 12.7 0.7 -1.9 -1.9 -1.9 -1.9 -1.9 -1.9 -1.9 -1.9 -1.9 -1.9 -1.9 -1.9 -1.9 -1.9 -1.9 -1.9 -1.9 -1.9 -1.9 -1.9 -1.9 5.8 22.5 27.3 39.1 54.3 76.9 106.1 133 161.2 201 238 269 286.5 297.8 315.5 330.5 333 329 323.8 317 316.5 329.2 341.4 350.7 354.2 352.8 352.4 345.6 331.5 305.3 298.8 286 274.4 264 256.4 250.2 235.8 225.2 209.3 203.2 201.3 192.7 190.9 194.3 192.7
43 51.1 58.5 63.8 69.7 76.9 66.7 56.6 49.9 47.3 36.2 26.9 20.6 14.7 6.2 -1.9 -1.9 -1.9 -1.9 -1.9 -1.9 -1.9 -1.9 -1.9 -1.9 -1.9 -1.9 -1.9 -1.9 -1.9 -1.9 -1.9 -1.9 -1.9 -1.9 -1.9 5.6 23.1 33.2 44.7 66.1 87.1 122.4 151.5 179.8 210.7 244.8 263.5 280.1 302 322.9 331.2 340 332.9 324.8 325.1 326.6 329 336.1 341.5 349.7 354.6 356.3 350.3 338.7 313.5 301.3 286.7 278.6 274.5 266.8 254.4 246.9 228.6 218.5 218.6 210.3 202.2 200 201.1 196.6
39.3 45.8 48.8 56.6 67.5 72.3 60.8 58.8 54 47.5 42.7 34.5 23.8 16.6 10.2 1.5 -1.9 -1.9 -1.9 -1.9 -1.9 -1.9 -1.9 -1.9 -1.9 -1.9 -1.9 -1.9 -1.9 -1.9 -1.9 -1.9 -1.9 -1.9 -1.9 -1.9 29.5 39.6 51.2 64.1 83.3 112.4 137.6 160.3 191.1 214 242.6 266 278.4 295.4 313.5 329.6 334.2 331.8 323.3 325.3 331.2 329 332.5 340.8 349.5 358.1 360.8 355.9 346.5 323.7 304 293.5 285.8 278.3 271.5 258.4 251.2 234.6 230.7 225.4 218.4 207.5 204.7 201.9 195.5
42.3 48.5 48.8 52.1 58 61.6 58.8 59 55.5 48.1 43 34.7 26.2 20.9 12.4 1.3 -1.9 -1.9 -1.9 -1.9 -1.9 -1.9 -1.9 -1.9 -1.9 -1.9 -1.9 -1.9 -1.9 -1.9 -1.9 -1.9 -1.9 -1.9 -1.9 16.9 31.9 49.5 59.9 75.1 105.9 126 156.6 179.5 202.4 220.2 244.7 269.5 286.5 305 310.9 325 331.9 331.2 323.3 326.2 328.9 329.8 333 341 351.3 360.2 361.3 357.9 349.6 331.6 305.7 298.5 291.7 281.4 269.9 260 248.3 241.8 238.7 232 220.8 214.9 209.9 205.1 200
49.4 51 48.8 48.8 52.1 58 57.9 57.8 53.9 46.8 41.4 36.1 30 21.7 13.9 5.1 1.4 -0.2 -1.9 -1.9 -1.9 -1.9 -1.9 -1.9 -1.9 -1.9 -1.9 -1.9 -1.9 -1.9 -1.9 -1.9 -1.9 -1.9 -1.9 21.4 29.1 47.9 63.6 81.1 114.2 135.5 157.8 179.7 201.9 228.4 250.5 271.1 298.5 311.2 313.9 319.2 328.4 328.4 320.3 327.5 329.3 330.1 334.7 341.4 349.9 358.4 357.4 349.4 350.3 335.2 310.9 303.1 294.8 285.7 275.7 264.2 253.7 247.4 241.1 235.3 228.2 222.5 215.2 210.8 204.7
49.4 49.9 51 48.8 48.8 49.4 52.6 53.2 50.3 44 41 37.3 28.8 18.6 12.4 5.1 3.4 2.3 1.1 -1.9 -1.9 -1.9 -1.9 -1.9 -1.9 -1.9 -1.9 -1.9 -1.9 -1.9 -1.9 -1.9 -1.9 -1.9 -1.9 16.6 34.4 42.9 61.8 80.4 121.9 142 155.7 174.5 195.9 221.6 243.3 264 292.2 311.9 315.8 318.5 319 319 319 320.4 328.8 330.5 336.9 343 349.4 358.7 360.7 349.8 347.2 338.3 321.7 309.3 298.8 290.9 281.1 267.3 259.7 252.2 246 242.3 237.5 230 221.1 218.4 210.9
42.2 51 50.2 49.9 45.7 46.4 50.8 49.8 46.5 42.1 37.8 30.7 25 18.1 10.4 6.7 5.3 5 3.2 0.6 -1.9 -1.9 -1.9 -1.9 -1.9 -1.9 -1.9 -1.9 -1.9 -1.9 -1.9 -1.9 -1.9 -1.9 -1.9 14.9 32.2 42.7 58.9 79.9 112.6 135.3 150.7 166.5 184.3 208 230.3 254.8 280.7 300 311.5 312.4 316 321.2 320.1 324.9 331.3 338.9 342 349.2 355.5 356 355.7 349.5 342.7 338 321.9 311 303 292.6 283.3 275.7 268.8 256.7 251.1 247.8 241.3 233.1 224 224.9 221.1
39.8 45.1 49.9 43.5 39.9 42.4 46.9 43.5 41.6 39.2 34.1 30.7 24.8 18.6 11.4 8 8.3 7.1 5.1 1.3 -1.9 -1.9 -1.9 -1.9 -1.9 -1.9 -1.9 -1.9 -1.9 -1.9 -1.9 -1.9 -1.9 -1.9 -1.9 15.5 27.1 42.2 57.1 80.5 108.7 117.7 138.5 151.8 168.9 194.1 218.5 247.8 271.5 293.1 306.5 308.6 309.6 317.3 319 324.2 330.8 342.1 351.7 360.6 366.7 368.5 367.8 361.3 347.4 336.4 323.3 313 303.9 294.5 287 279 269.4 260.7 255.5 254 250.5 238.6 236.4 233 233
24.7 29.6 34.1 34.4 35.2 35.3 35.8 37.5 41 34.4 27.7 26.9 18.1 20.3 15.1 9.6 11.2 9.7 7.7 3 -0.1 -1.9 -1.9 -1.9 -1.9 -1.9 -1.9 -1.9 -1.9 -1.9 -1.9 -1.9 -1.9 0.2 1.1 11 29 42.2 55.3 78.5 99.3 107.7 123.9 142.4 160 182.7 208.4 236 259.5 279.8 299.6 303.7 308.2 312.3 320.4 328.9 339.2 346.4 356.8 362.3 371.1 372.8 375.5 368.4 351.1 343.5 328.1 316.4 306.5 297.5 288.7 279.7 271.6 265.2 261.5 257.1 252.6 251 245.6 245.4 242.7
15.1 16 18.4 24.2 27.8 27.5 21.8 25.3 27.1 25.1 13.9 10 6.6 14.2 14.3 13.7 11.8 10.4 10.3 6.2 0.9 -1.1 -1.9 -1.9 -1.9 -1.9 -1.9 -1.9 -1.9 -1.9 -1.9 -1.9 -1.9 2.8 2.7 7.5 20.8 41.7 58.1 66.8 89.8 104.8 120.6 132.4 150.7 171.7 198.2 224.7 249 269.4 286.9 299.8 303.5 308.3 323.4 335.7 344.6 351.5 359.2 362.8 369.5 374.4 377.3 370.4 361.1 348 335.8 323.8 312.2 301.7 292.3 283.9 276.8 269.6 265.3 261.4 260.5 256.5 257.1 256.9 257.4
10.7 9.8 12 14.5 15 16.6 14.2 13.3 13.3 12.9 6.6 6.6 6.6 11 14 15.1 12.4 10.8 10.8 7.8 0.9 -1.9 -1.9 -1.9 -1.9 -1.9 -1.9 -1.9 -1.9 -1.9 -1.9 -1.9 -1.9 0.5 2.3 3.7 12.9 34.3 52.6 58.2 75.3 94 108.1 119.2 136 157.9 186 211.2 235.4 255.2 275 287.3 296.3 311.5 320.7 337.1 351.1 361.8 366.1 372.1 379.3 383.6 383.9 381 370.1 353.5 342.5 331.3 319.8 308.1 297.4 288.3 281.7 274.2 270.1 266.4 264.8 263 264.6 267.9 271
7.8 6.6 6.6 6.6 6.6 6.6 6.6 6.6 6.6 6.6 6.6 6.6 6.6 8.2 10.8 13.6 11 6.9 6.6 10 1.2 -1.9 -1.9 -1.9 -1.9 -1.9 -1.9 -1.9 -1.9 -1.9 -1.9 -1.9 -1.9 -1.9 2.2 7.5 8.8 23.8 43.1 53.9 62.7 77.9 92.6 107 132.7 150.9 176.2 201.2 221.6 246.4 269.2 284.5 297 310.4 318.6 340.3 355.3 363.4 370 378.7 389.8 395 393.2 392.8 380.8 369.6 356.5 340.5 327.1 314.9 304.6 295.2 287.2 280.5 274.8 271.5 271.8 272.6 277 281.2 281.9
6.6 6.6 6.6 6.6 6.6 6.6 6.6 6.6 6.6 6.6 6.6 6.6 6.6 6.6 6.6 9.7 10.1 6.6 6.6 8.9 3.2 -1.9 -1.9 -1.9 -1.9 -1.9 -1.9 -1.9 -1.9 -1.9 -1.9 -1.9 -1.9 -1.9 1.6 11 11.1 16.6 30.9 48.6 58.9 68.9 89.4 101.1 121.1 145.1 166.1 186.5 211.5 235.5 263.2 278.3 296.2 305.3 320.9 344.1 355.3 366.1 374.3 385.6 394.5 400.6 401.2 402.2 396.4 383.9 368.4 351.7 337.7 322.3 310.1 302 293.8 287.5 282.1 279.8 281.4 284 286 288.9 296.1
9.9 6.6 6.6 6.6 6.6 6.6 6.6 6.6 6.6 6.6 6.6 6.6 6.6 6.6 6.6 6.6 6.6 6.6 7.6 9.2 5.3 -1.9 -1.9 -1.9 -1.9 -1.9 -1.9 -1.9 -1.9 -1.9 -1.9 -1.9 -1.9 -1.9 1.8 9.2 12 14.9 20.8 40.7 49.7 57.9 80.8 96.7 114.4 132.2 155.3 176.9 196.2 221.6 246.6 263.9 286.5 300.2 318.2 339.3 351 364.8 377.1 389.6 400 404.6 409.9 409.3 402.8 392.2 377 361.9 344.8 331 316.9 307.2 299.3 293.1 286.1 285.8 290.1 293.4 296.8 300.6 304.1
15.4 6.6 6.6 6.6 6.6 6.6 6.6 6.6 6.6 6.6 6.6 6.6 6.6 6.6 6.6 6.6 6.6 6.6 9.9 11 8.8 6 0.5 -1.9 -1.9 -1.9 -1.9 -1.9 -1.9 -1.9 -1.9 -1.9 -1.9 -1.9 -1.9 5.6 9 10.7 14.4 23.5 40.8 51.1 70.5 77.3 97.9 119.8 141.2 162 188.6 212.4 230.5 251.8 277.7 296.2 314.4 336.4 346.3 356.9 370.6 392.1 403.4 411.3 414.5 412.1 407.4 399.2 384.3 367.9 352.6 337.1 323.1 313.7 305.6 299.3 289.8 294.7 299.5 303.3 311 310.1 313.8
23.6 9.2 6.6 6.6 6.6 6.6 6.6 6.6 6.6 6.6 6.6 6.6 6.6 6.6 6.6 6.6 6.6 6.6 8.6 11 11.4 11 5.3 0.4 -1.9 -1.9 -1.9 -1.9 -1.9 -1.9 -1.9 -1.9 -1.9 -1.9 -1.9 -1.9 -1.9 4.6 8.8 15.3 27.6 40.3 53.5 65.6 83.4 106.5 134.7 160 176.8 197.1 220.2 238.8 266.4 286.4 308.2 326.1 339.7 352.2 366.2 387.6 405.6 418.5 419.7 415.5 409.3 403 387.1 371.4 356.6 342.1 329 318.5 310.6 303.5 299.6 301 307 311.9 321.7 326.5 325.1
30.1 16 6.6 6.6 6.6 6.6 6.6 6.6 6.6 6.6 6.6 6.6 6.6 6.6 6.6 6.6 6.6 7.3 9.9 9.1 15.2 16.9 10.3 3.6 -1.9 -1.9 -1.9 -1.9 -1.9 -1.9 -1.9 -0.4 -1.9 -1.9 -1.9 -1.9 -1.9 -0.9 7.6 9.2 16.3 29.4 39.6 54.8 70.8 93 123.1 148.9 178.4 188.5 208.5 226.9 252.9 270.7 293.8 314.8 329 343.1 357.8 380.9 399.9 416.7 423.2 417.4 408.7 403.1 390 375 358.9 345.2 332.7 322.2 314.5 307.3 305 309.2 315.6 322.5 329.1 336.7 337.7
38.1 21.6 9.3 6.6 6.6 6.6 6.6 6.6 6.6 6.6 6.6 6.6 6.6 6.6 6.6 6.6 6.7 12.2 16.2 17.3 18.4 21.1 16.3 10.5 0 -1.9 -1.9 -1.9 -1.9 -1.9 -1.9 1.1 -1.9 -1.9 -1.9 -1.9 0.3 -0.9 -0.9 2.2 7.3 13.8 31.3 46.7 59.8 82.3 108.8 127.8 155.6 171.3 195.6 223.6 239.9 253.7 277.9 299.2 314.4 332.7 346.3 374.9 395.8 412.3 419.3 415.7 408.2 400.1 390.6 376.7 359.5 346.4 336 326.1 318.1 311.8 312.4 316.9 321.7 328.4 337.7 344.6 349.8
39.7 26.7 17.4 13.2 7.5 6.6 6.6 6.6 6.6 6.6 6.6 6.6 6.6 6.6 6.6 6.7 14.1 22.9 24.9 24.7 23.5 23.1 19.5 16.1 1.5 -1.9 -1.9 -1.9 -0.9 -0.6 0.7 1.8 1.9 1.8 2.2 2.9 2.1 1.3 2.7 -0.9 2.2 4.9 17.3 32.6 45.7 66.8 86.6 103.9 123.1 141.8 182.3 208.2 224.1 245.5 267.4 286 301.8 316.6 341.2 368.8 390.4 408.5 417.5 418 409 396.7 389.6 374.9 360.6 346.7 336.3 327.1 320.7 314.7 316.9 322 326.5 334 344.1 350.9 358.2
51.1 38.3 29.9 22.7 25.8 32.8 36.2 27 22.5 13.5 8.8 9.6 8.3 7.9 10 10.8 20.9 29.9 33.1 29.6 28.2 26.9 22.8 19.4 7.2 1.4 0.9 1 1.3 1.6 3.8 3.8 5.1 4.8 4.8 4.9 5 4.4 7.2 3.5 -0.9 -0.9 1.5 18.1 33.1 47.9 63.3 77.7 102 117.8 157.3 185.7 209.5 234.5 254.5 272.5 287.2 304.2 330.4 360.7 383.2 403.2 415.7 418.1 408.2 397.9 386.3 372.2 359.8 346.6 336.1 327.4 321.5 319 321.7 327 331.4 339.1 348.4 355.5 361.5
57.9 56.8 58.6 67.5 83.6 103.9 103.7 57.2 42.1 32.1 28.3 26.2 22.2 15.1 14.5 17.8 24.8 33 39.3 41.3 39 38.6 28 24.6 13.2 6.5 4 5.7 4.2 4.8 9.1 7.2 8.3 7.8 7.4 6.7 7.4 8 7.7 -0.9 -0.9 -0.9 -0.9 3.6 18.2 32 47.9 59.2 82.4 104.4 138 161 188.1 214.7 242.5 262.9 276.8 293.5 323.3 352.8 379.5 399.2 413 413.7 408.6 398.8 383.8 371.7 359 345.7 335.7 327.4 322.7 321.6 324.7 329.8 335.7 344.1 352.7 361.7 367.8
98.3 82 89.8 119 132.6 157.4 161.1 118.9 89.1 76.2 62 45.3 37.6 28 23.4 26.9 30.2 39.8 50.1 50.3 50.6 46 36.9 30.6 19.9 12 8.6 10.5 8.4 9.3 14.2 12.5 11.5 8.8 10.2 8.5 8.3 8.1 8.8 4 -0.9 -0.9 -0.9 -0.9 3.6 17.3 31.1 46.7 67.7 92.5 124.7 143.9 169.2 199.3 222.1 243.1 258.9 281.3 312.3 343.9 372.2 395.2 412.6 412.7 407.5 397.2 384.7 371 360.2 347.1 336 328.1 327.9 326.2 327.5 332.1 339.2 348.8 358.1 366.8 374.5
124.2 113 110.9 145 172.8 200.3 200.3 185.6 150.2 136.5 110.4 64 55.8 49.3 38.6 39.6 38.8 45.7 59.4 59.9 54.5 49.6 43.8 34 25.4 21.7 11.3 12.8 13.4 15.3 21.4 20.6 19 21 17.8 11.3 1.3 3.9 5.8 -0.9 -0.9 -0.9 -0.9 -0.9 -0.9 2.5 16.1 33.7 50.8 67 101.8 127.4 151.7 177.1 201.2 224.8 242.1 267.2 292.4 327.5 359.4 390.4 408.1 413.3 406.6 395.3 382.8 368.7 360.9 347.5 335.8 328.3 327.9 327.9 328.7 333.3 342.3 352.6 363.3 373 381.6
141.7 147.7 139.5 172.2 208.8 218.1 220.3 218.6 198.6 181.2 133.5 102.9 90.5 70.1 59.2 52.4 52.2 50.8 55.8 59.1 54.5 53.1 49.3 40.5 31.8 23.4 20.8 20.8 26.3 28.8 31.6 27.4 29 25.7 23.1 16.3 8.9 -0.9 -0.9 -0.9 -0.9 -0.9 -0.9 -0.9 -0.9 -0.9 7.5 22.3 38.6 56.8 90.4 111.7 131.6 158.5 183 205.4 228.2 251.6 274.2 305.9 338.9 370.1 394.3 406.6 400.7 389.2 380.4 367.8 359.4 346.6 335.1 327.9 327.9 327.9 328.5 335.4 347.4 357.2 369.2 380.2 389.5
166.6 178 186.2 194.8 225.8 231.7 232 228.2 217.1 194.3 163.2 131.5 113.3 83.6 82.4 68.3 66.4 59.7 59.1 58.1 55 54.5 51.3 45.3 38.8 29.2 30.3 29 30.5 39 40.8 39.7 37.5 37 32 24.8 15.3 3.3 -0.9 -0.9 -0.9 -0.9 -0.9 -0.9 -0.9 -0.9 4 15.2 32.1 47.2 68.5 90.7 115.2 136.1 157.8 178.4 215.3 236.8 260.7 286.4 314.7 345.9 369.1 386.8 390.4 383.3 375 364.5 355.8 346.2 333.6 327.9 327.9 328 330 338.2 350.9 361.4 374.6 387.4 395.5
195.2 220.3 235.5 240.7 236 242.3 241.5 235.5 229.1 202.8 175.5 146.1 128.5 112.3 104.8 86.3 76.2 66.4 63.2 61.8 56.7 53 51.8 45.6 38 33.3 33.6 35.5 37.6 43.3 51.4 53.5 46.3 45.7 40.2 32 22.9 11.8 -0.9 -0.9 -0.9 -0.9 -0.9 -0.9 -0.9 -0.9 -0.9 4.7 21 37.5 50.8 65.9 88 112.2 134 159.1 195.2 221.2 245.4 268.2 291.5 314.2 339.4 357.2 371.5 371.1 367.3 361.1 353.7 344.7 332.8 327.9 328.4 328.8 332.9 341.5 353.3 366.1 379.9 394.4 404.7
220.8 239.5 252 256.9 254 252.3 249.4 248.9 239.8 215.7 182.1 153.9 133.5 128 120.5 108.5 100 87.5 79.6 71.9 64.1 60.6 57.7 49.2 45.1 39.8 39 44.1 47.2 51.1 55.7 64.4 58.7 57.9 54.1 41.9 30.2 15.3 4.2 -0.9 -0.9 -0.9 -0.9 -0.9 -0.9 -0.9 -0.9 -0.9 10.5 26.2 39.9 52.2 69.9 93.6 113.7 140.5 170.1 202.5 227.4 253 271.2 293 315.7 335.7 350 356.3 356.8 353.1 350 344 333.8 328.4 328.5 329.8 336.1 343.2 355.7 374.1 390.2 402.6 416.4
235.5 248.9 259.6 267.4 269.7 263.9 258.8 261.1 251.1 230.5 202.5 164.6 146.9 147.8 142.4 142.6 128.7 118.4 100.7 88.3 84.6 85.3 85.7 67.9 57.2 51.9 51 63.4 67.2 65.8 65.7 73 71.6 63.7 64 53.5 38 25.3 11.3 1.3 -0.9 -0.9 -0.9 -0.9 -0.9 -0.9 -0.9 -0.9 -0.9 12 26.6 38.8 53.7 72.1 92.1 118.3 159.7 184.9 205.3 228.4 255 274.4 292.3 310.9 329.4 340.2 347.2 349.3 345 341.8 334.4 328.2 328.1 332.2 339.1 350 363.9 379.7 395.8 415.3 430.7
245.3 258 267.7 274.1 276 273.6 270.2 266 253.9 238.8 210.3 174.1 168.9 169.7 166.1 171.1 163.2 146.7 126.7 113.9 120.7 128.2 98.1 80.4 67.7 62.3 63.1 76.8 81.2 80.8 76.1 82.1 81.2 70.1 68.9 62 48.7 34.6 21 10.3 3.5 -0.9 -0.9 -0.9 -0.9 -0.9 -0.9 -0.9 -0.9 -0.9 15 27.3 42.7 58.9 75.6 101.4 132 151.5 174.8 214.2 236 254.7 274.2 293 305.9 327.4 337.8 338.7 340 338.9 331.9 331.1 333.3 338.5 345.7 359.2 374.2 392.9 409.1 429.2 443.8
250.8 264.4 279.1 281.3 282.9 283.6 277.2 271.9 259.5 242.1 216 188.5 186 195.4 209.2 221.5 194.8 167.8 171.9 171.3 145.9 137.6 108.1 89.5 79.2 80.1 84.1 91.6 90.5 90.9 88.5 89.7 91 83.5 83.9 73.4 58.9 43.9 29.7 19 8.2 -0.9 -0.9 -0.9 -0.9 -0.9 -0.9 -0.9 -0.9 -0.9 4.3 15.1 30.4 45.3 61.4 82.1 106.8 126.3 150.2 183.4 200.8 235.3 257.1 277 289.8 312.9 326.2 327.6 330.2 331.8 334.1 335 340.1 346.1 355.2 371.9 391 408.6 425.9 448.9 467.4
260.3 273 287.1 290.5 289.8 293.3 286.1 269.7 254.9 239.6 215.1 193.7 209.6 223.8 228.9 238.9 212.8 194.9 211.3 199.7 163.3 135 118.3 103.1 94.2 102.9 117.8 121.8 113.9 106.6 102 100.5 100.2 103.1 96.6 84.4 70.2 52.8 38.4 27.3 15.7 2.2 -0.9 -0.9 -0.9 -0.9 -0.9 -0.9 -0.9 -0.9 -0.9 1.4 17.8 31.8 49.1 66.3 86 114.4 131.1 158.4 178.6 202.7 231.6 254.8 271.1 295.3 306.7 316.2 323.8 330.5 333.9 341.1 346.9 354.9 367.6 383 402.5 422.9 443.6 464.4 487.3
