app/static/ascii/NB10.asc
ncols 200
nrows 200
xllcorner 110000
yllcorner 900000
cellsize 50
[rows 72 to 107 of 200, columns 0 to 79 of 200]
8.4 5.6 3.7 4.8 6.3 7.8 8.9 12.1 17.8 23.2 33.7 47.7 68.2 88.1 117 144.1 169.4 183.2 188.4 195 200.5 205.1 213.5 223.6 232.8 233.9 237.4 243.8 250 251.9 250.5 248.8 252.4 255.2 256 251.1 251 252.6 252.7 249.9 245.8 247 252.3 261.4 266.1 260.5 254.3 242.3 233.8 224 216.5 205.8 193.7 184.1 178.7 171.5 167.2 163.8 159.8 156.9 152 144.2 138 130.9 127.9 126.7 126.9 129.6 127.3 133.8 142.1 147.5 163 167.9 173.7 200.3 236.6 266.5 284 298.2
5 3.9 2.5 3.3 5.1 7.8 10 13.7 20.2 27.6 37.9 53 73.8 94.2 124.2 152.6 179.8 195.4 194.7 196.7 201.5 204.5 207.6 211.3 216.3 221 222.5 227.8 237 241.7 244 243.9 245.7 246.5 250 244.4 247.5 249.8 249.5 246.8 242.2 242.4 247.7 257.4 261.6 262.3 257.3 245.6 232.7 221.9 213.5 205.6 198.2 188.3 180.3 173.3 165.9 161.3 157.7 152.2 149.8 142.3 136.4 129.5 125.2 122.6 122.9 120.9 122.2 125.2 135.1 139.7 150.2 156.3 169.7 213.6 223.6 245.3 261.7 283.3
3.9 -2.1 -2.1 4.3 5.8 7.7 11.5 16.2 26.3 35.5 45.6 61.4 85.4 105.4 129.9 156.3 184.1 199.6 202.6 198.9 201 201.8 200.9 204.8 209 209.9 209.9 211 221.6 232.2 234.7 236.8 237.7 240.2 242.3 237 238.1 238.8 239.1 238.5 238.2 240.9 249 255.9 259.6 260.8 255.3 246.8 235.5 221.7 210.7 201.2 193.8 186.9 180.2 170.8 164.5 158.3 153.2 148 143.6 140.5 135.6 127.5 119.8 115.6 115 112.6 116.4 122.8 125.6 130 140 145.9 162.7 197.6 207.9 236 255.7 261.3
-2.1 -2.1 -2.1 4 6.8 11.7 17.3 20.8 29.8 43.8 56.8 70.3 97.2 116.3 140.7 165.7 188.4 207.2 206.1 200.5 200.9 198.9 196.9 197.2 200.3 200.1 199.6 199.8 207.3 224.7 228.7 232.6 232.6 232.3 232.7 226.9 225.8 229 229.9 229.3 231.1 237.5 252.7 256.4 255 255.7 256.1 247.6 236.1 225.2 211.5 197.5 190 184 179.4 169.9 163.7 157.1 152.2 147.4 140.1 135 131.5 124.7 116.2 106.4 103.5 104.8 111.5 113.6 115.2 121.7 130.6 133.4 136.7 170.9 192.7 216.3 249.9 253.5
-2.1 -2.1 3.3 5.1 7.8 15.6 23.5 29.1 40.6 56.3 66.2 80.6 109.3 124.9 147 170.5 196.3 211.6 212.4 204.1 198.2 195.8 194.1 192.1 191.7 191.5 192.4 193.9 195.2 211.5 220 225.5 226 222.9 221.2 213.9 213.8 220 222.6 226.2 229.5 238.8 250.6 254.9 253 250 247.5 242.5 236 226 211.1 197.4 186.3 178.5 173.3 168.4 164 155.9 149.1 144.4 140.2 132.8 125.7 118.1 113.6 106.7 101 97.9 102.7 105 107.2 112.5 119.1 119.7 118 146.7 170.8 204.2 231.3 237.8
-2.1 2.1 3.1 5.8 9.3 17.1 29.4 39.1 54.7 69.7 79.6 94.5 115.6 133.2 154.1 178.1 196.5 208 214.3 205.2 197.1 193.1 190.9 188.7 186.2 185 184.2 186.8 187.4 192.8 204.3 211.3 215.5 211.6 209 202.7 204.4 214.5 219.2 217.6 229.5 233.6 246.2 251.4 252.9 248 243.6 245.3 241.5 225.8 212.3 199 189 176.1 168.5 165 159.9 154.8 146.8 141.3 136.9 131 123.6 114.2 107.2 100.6 98.1 97.5 96.2 99.9 99.9 103.5 107.5 107.7 115.5 134 157.3 188.5 208.1 217.9
-2.1 0.6 2.8 6 13.4 20.7 32.5 46.7 64.2 80.3 91 104.4 118.8 137.4 159.5 177.7 192.8 202.4 210.6 204.9 198.4 191 188 184.5 180.5 178.6 178.8 180.2 181.9 182.8 192.5 200 197.9 195.8 196 194.4 200.2 207.4 210.1 213.3 225.8 227.3 238.9 247.2 249.5 246.4 244.9 246.8 242.3 228.2 211.7 198.5 188.6 178.1 168.5 161.1 156.1 151.5 145.6 138.8 132.6 126.5 120.3 112.6 103.4 95.8 94.2 92.8 93.8 93.8 94 96.2 97 98.7 111.6 123.2 144.2 166.5 195.9 207.4
-2.1 -0.2 2.8 7.3 16.4 25.7 44.4 61.1 75.6 84.6 94.9 113.7 126.1 145.9 167 181.1 193.5 195.8 201.8 202.4 194.2 186.8 183.2 180.1 172.7 172.7 174.6 176.6 176.9 177 185.4 196 189.3 187.1 188.8 191.7 201.8 203.3 200.5 204.4 212.9 221.2 234.7 241.5 246.3 246.4 245.6 242 236.7 227.1 213 197 187.3 177.3 169.5 161.2 156 150.8 143.8 137.2 132.9 125.4 118 107.9 103.7 97.5 92.5 89.9 90 91.6 90.2 90.5 90.9 92.5 100 113.8 130.2 149.2 174.9 193.8
-2.1 -2.1 1.8 5 17.6 28.1 52.6 72.9 83.6 90.4 98.2 117.9 136.7 166.4 177.7 186.6 193.1 195.9 197 196.7 189.2 182.7 178.3 174.5 168.2 167.8 169.4 169.9 168 167.4 173.6 182 181.1 181 185.6 193.3 198.4 200.2 194.6 196.7 201.6 213 228.5 236.3 245.6 245.4 246.6 244.1 231 221.7 209.3 195.8 184.5 176.3 168.1 162 154.4 148.1 142.8 134.7 129.3 122.7 116.1 107 103.1 97.8 93.8 88.7 86.4 88.2 85.5 85.2 85.8 86.9 92.8 105 122.2 141.1 158.6 175.4
-2.1 -2.1 1.5 5.7 15.5 29.9 49.4 64.4 82 99.4 111.9 129.2 154.7 172.9 184.9 190 192.8 194.3 192.5 190.2 184 179.2 174.7 168.3 164 162 162.8 162.7 158.9 157.8 160.6 160.8 168.1 170.7 186.9 191.6 194.3 196.1 192.3 190.6 191.4 202 218 230.8 233.8 237 242.3 244.8 236.6 220.9 208.5 193.1 182.1 174.1 166.2 160.8 154.9 147.2 140.6 131.2 123.1 117.3 112.3 102.8 99.8 94.7 89.9 86 83.8 85.5 85.2 83.8 82.4 84.2 87.1 98.2 115.4 134.3 149.2 163.6
-2.1 -2.1 3.9 9.9 17.2 33.1 52 67.5 90.2 115 134.2 142.7 155.7 170.1 183.6 189.8 189.9 191.3 188.7 185.6 178.7 172.5 165.1 159.5 156.6 155.4 155.3 156 153.8 152.4 152 149.9 154.2 159.2 175.1 183.3 187.1 187.5 190.4 186.7 184 192 207.8 222.4 225.6 232.7 239.1 237.3 230.7 219.6 203.9 190.5 179.5 170.8 163.9 158.7 154.5 144.9 136.1 126.5 118.5 111.1 105 100.6 95.1 88.7 86.3 84.3 81.2 84.6 87 82.9 80.2 83.3 87.9 94.2 108.6 122.5 141.5 159.1
-2.1 -2.1 7.7 13.7 19.4 31.2 47.4 67.5 95.7 128.5 148 151.8 157.3 169.4 178.8 185.4 186 185.2 183.6 180.7 176.3 168.6 160.1 154 150.9 148.3 148.1 148.3 148.6 146.8 141.8 138.5 138.1 151.4 166.1 176.5 181.3 183.3 185.6 182.2 180 186.7 202.2 215 219 231.5 232.3 230.3 223.7 213.6 200 188.6 178.5 169.5 162 156.9 150.9 138.1 130.2 123.1 115.4 106.8 100.9 96.7 92.4 88.5 84.7 81.6 81 83.9 86 80.8 79.5 84.2 90.8 97.6 114.5 136.4 146.9 159.7
-2.1 -2.1 10.6 14.3 22.5 34.6 52.9 71.9 95 126.9 143.1 154.8 158.5 167.3 174.6 179.8 182.7 181.6 179.5 177.5 171.7 165.8 158.7 150.1 145.6 141.7 141.1 141.1 139.4 138.3 135.7 134.6 132.2 144.1 160.9 169.4 175.5 179.9 179.7 177.2 174.2 181.6 198.5 210.2 217.2 226.3 226.4 222.4 217.2 210.2 198.2 185.3 176.9 168.4 159.8 155.3 146 135 122.6 116.7 111.4 102.8 97.8 93.9 91 87.3 84.1 80.8 80.1 81.2 81.6 78.1 82.4 87.7 94.6 104.5 121.6 141.4 156.6 165.6
-2.1 3.5 9.6 15.4 24.6 38.2 58 80.1 105.5 127.8 147.3 158 161.4 169 176 180 179.5 179.4 178.4 176.7 172 163.3 153 144.5 138.6 138.5 137.5 136.5 133.5 131.3 132.5 129.4 129.3 137 153.3 159.2 169.8 174.7 174.1 170 168.2 171.8 194.2 204.6 221.2 228.7 226.7 219.4 212.8 203.6 194 186.6 177.7 166.5 155.3 149.7 142.8 135.5 123.4 113.9 106.6 101.6 95.5 91.6 88.8 85.4 83.1 80.2 78.3 79.3 79.9 77.5 81.8 89.9 98 110.8 130.6 148.3 160.2 168.8
-2.1 5 13.9 21.6 29.2 44.8 64.4 92.6 116 133.8 153.1 164 164.4 168.6 177.2 180.9 180.7 178.8 177.7 175.8 170.4 161.9 149.7 140.5 133.6 130.9 130.1 129.9 126.9 123.8 125 122.4 123.7 128.1 140 149.5 156.8 165.3 165.9 160.9 162.1 166.3 181.6 202.3 218.7 224.8 224.3 217.3 208.7 201.7 191.8 184.9 175.1 164.4 153.6 146 138.3 131.7 124.2 115.3 106 102.4 96.4 92 87.1 82.8 80.7 78.4 77.1 80 78.1 78.1 86.8 99.4 107.3 123 141.3 154.1 166.3 172
6.7 12.7 21.2 34.5 40.7 61.2 80.5 109.6 129.4 144.3 159 170.9 168.5 169.5 176.2 182.1 182.3 178.5 176.4 174.3 168.5 158.5 146.4 138.7 130.2 124.8 122.2 120.4 118.2 117.5 118.6 113.8 118.4 121.2 125.2 138.7 148.7 154.7 152.5 151.7 153.2 158.2 167.2 191.7 217 222.1 223.3 215.9 205.2 198.9 190.3 182.3 173.1 160.8 154.6 144.9 137 128.5 119.1 114.3 105.3 98.2 95.4 92.5 87.6 82.3 80.2 77.6 76.1 79.6 77.5 79.9 91.9 103.1 114.9 130.6 139.4 150.3 169.6 174.5
13.1 19.8 30.9 46 58.5 79 100.8 119.6 137.3 149.2 164.1 173.6 174.8 172.2 175.5 182.6 185.6 180.9 175.1 171.3 167.7 157.8 146.3 133.8 124 119.6 116.8 113.6 111.5 110.3 110.8 107 113.5 115.4 113.8 126 136.4 136.2 139 147.2 149.2 154.6 167.2 183.2 212.9 224 222.6 213.2 203.5 198.2 192 182.2 169.5 158.9 152 142.3 134.1 125.4 114.4 106.8 101.7 96.5 92.9 88.2 86.2 79.1 77.2 78.9 76.8 75.1 75.8 80.4 88.7 103.5 129 140.4 151.8 159.5 171.7 174.2
25.8 31.9 44.3 59.1 71.1 91.5 109.8 120.5 134.4 152.1 170.1 179.8 179.4 175.5 176.6 182.9 188.4 182.9 174.1 169.2 164.1 156.2 144.1 131.1 118.8 112.5 110.8 109.2 106.7 104 103.2 98.7 105.8 108.8 107.5 112.8 118.3 122.4 130.4 139.1 146.2 149.8 160.5 175.3 200.2 220.4 222.6 216.8 206.8 200.3 192.1 182.6 170.9 160.7 152 141.8 132.2 123.9 115.1 106.8 99.5 93.4 88.8 84.1 80.1 74.9 74.6 74.6 74.6 75.4 76.4 80.8 87.1 100.5 127.5 142.9 156.1 166.5 176.4 186.9
37 42.3 56.4 72.2 84.6 98.6 110.2 121 135 156.1 170 179.5 180.8 174.9 175.3 181 187.9 184.3 170.8 164.1 159.7 153.7 144.3 131.1 115.5 107.8 105.9 103.7 101.9 98.8 96.4 93.3 94.1 97.2 98.3 98.7 100.7 110.4 123.7 131.5 141.1 143.7 150.2 169.4 188.2 213.6 225.2 221.3 211.9 202.6 196.1 184.2 169.8 160.7 151.9 142.1 131 121.4 112.3 106.7 98 88.3 88.3 81.8 76.6 76.3 74.9 74.6 74.6 76.4 79.2 80.7 87 99.5 123.5 142 158.8 176.3 187.5 196.8
41.8 50.5 63.3 75.7 90.3 108.1 119.4 129.8 144.3 159.2 168.6 176.9 180.4 173.8 171.1 176.1 179.7 176.9 167.8 157.3 152.1 146 139.4 131.1 116.7 104.7 99.9 97.3 95.2 93.9 90.8 88.6 89.8 88.4 89.2 91.8 94.7 97.4 110.1 125.9 136 140 143.3 156.4 180.7 203.6 218.3 217 213.9 205.2 196.8 183.1 171.7 162.7 151.9 142.3 130.9 119.9 109.9 104.5 93.4 83.1 81 79.5 74.9 75.2 76.6 76.3 74.9 76.4 82.2 81.2 87.1 99 117 144.4 169.3 183.9 196.4 198.8
51.4 59 77 100.1 101.8 112.1 127.1 139.6 150.3 162.2 170.3 175.7 176 171.9 167.5 171.1 173.1 171.6 163.9 154 145.1 137.6 132.1 127.5 114 104.3 98.8 92.3 89.9 86.7 83.5 84.3 86.5 85.1 85.1 89 90.8 93 102.7 119.5 128.1 135.3 135.9 147 173.2 195.5 204.5 207 208 206.2 196.8 183.1 173.1 163.4 151.9 140.6 127.7 115.6 104.8 97.6 87.5 79.1 75.3 73.7 74.1 75 77.3 77 76.2 77.5 80.2 83.6 88.5 96.6 115.2 150.8 177.7 187.8 195.7 200.1
74.6 77.7 94.4 103.8 107.4 117.2 133.9 149.2 154.7 164.8 172.5 173.5 173.4 168.9 163.9 162.1 164.3 164.4 157.6 150.3 141.9 133.4 124.8 120.4 115.5 104.7 101.5 94.8 85.9 82 78.7 81.6 82.3 80.4 82.1 86.2 86 87 92.7 105.6 117 123.1 125.7 139.7 162.4 182.7 193.9 198.7 205.1 204 193.2 181.6 169.3 161.6 149.7 137.2 125.2 112.8 102.8 93.1 83.6 78.5 73.3 73.8 76.2 76.1 79.8 79.1 79.5 83.2 88.1 92.6 94.1 100.4 115.1 162.5 182.7 193.4 201 203.4
96.4 87.5 95.7 104.3 109.6 120.5 145.5 156.1 163.5 165.2 169.4 172.9 175.3 171.6 160.9 156.6 155.3 158.2 151.7 143.7 137.5 128.9 120.6 116 110.2 103.2 100.8 95.3 83.4 76.6 74.2 77.1 75.5 75.2 76.6 78.2 80.4 81.5 88.4 96.5 106.6 111.4 116.4 128.4 148.6 175.8 191.7 196.6 202.8 197.7 188.3 180 169.6 158.7 146.9 135.6 122.7 105.4 94.4 89.1 81.3 73.8 70.3 75.9 79.9 80.6 83.7 85.4 86.8 90.9 97.9 99.9 99 109 130.8 164.4 187.1 202 205.1 206.1
104.5 97.4 103.7 109.1 110 122.2 147 158.2 163.7 164.5 164.8 172.2 173.5 170.9 158.5 152.6 147.8 147.7 141 137.4 131 127.6 120.1 112 104.6 97.2 95.5 93.4 86.3 74 70.9 69.4 68.8 68.3 69.2 70.8 73.8 77.4 84.4 88.4 90.9 100.7 110.1 122.6 143.8 172.8 188.2 194.1 201.4 197.1 187.4 181.3 170.4 157.4 144.9 132.1 116.9 103.3 90.7 78.7 71.5 72 69.9 75.3 80.6 87.8 90.9 92.4 96.7 98.3 100.8 103.6 106.2 116.7 141 170.9 194.6 204.2 206.6 201.2
103.4 98.8 105.6 113.5 113.8 119.8 144.3 154.9 161.2 159.9 160.6 165.3 168.5 166.3 157.1 150.1 145.4 137.9 132.7 128.7 123.7 121.9 115.1 105.3 99.4 91.1 88.9 85.3 79.3 72.5 70.8 66.9 63.2 63.3 64.4 66.4 69 70.4 76.4 82.7 87.8 96.5 105 118.4 140.3 166 183.3 190.7 195.9 195 191 179.7 167.7 157.3 143.6 127.8 108.9 96.2 85.3 72 66.5 68 72 79.7 87 96.6 97.8 100.2 100.4 101.5 102.5 105.8 111.6 123 149.9 179.1 195.8 202.1 202.3 192
103.8 97.7 104.8 113.6 120.2 121.5 137.5 147.3 154.2 157.8 156.4 158.4 159.7 160 152 147.7 141 135.2 124.2 119 116.4 111.6 107.4 99.8 93.6 87.5 80.1 75.8 70.6 71.7 70.3 67.7 61.9 58.3 59.6 62.9 62.4 63.4 67.9 75.3 82.1 92.1 100.9 112 134.7 158.4 179.2 187.8 194.6 195.1 192.4 182.4 167.9 153.9 139.7 120.9 102.8 88.6 77.3 67.1 64.3 68.2 75.1 86.4 96.1 102.8 104.8 105.7 103.6 103.5 104.1 106.3 116.1 132.1 164 183.3 187.3 192.3 193.4 186.1
98.1 97.2 107.6 116.9 125.4 120.9 128.7 141 147.2 155.8 154.6 152.4 154.9 155.6 147.9 139 133.4 126.9 118.7 110.3 105.6 102.1 99.4 94.8 88.7 82.5 74 68.4 68.2 66.6 66.5 63.4 58.8 55.9 55.7 58.4 55.1 55.4 59.3 66.1 73.4 83.8 97.1 110.3 130.5 152.2 171.5 183.8 195.8 200.7 191.7 177.5 165.7 149.8 134.5 114.9 95 82.2 72.1 62.3 64 69.7 79.6 91.3 100.6 106.8 111.1 109.7 107.5 106.7 108.2 109.2 119.9 136.5 166.8 175.6 177.3 178.6 178.5 182.8
93.2 98.7 109.9 117.1 120.7 118.2 123.5 135.4 145.6 152.5 151.3 146.8 149.7 149.5 142.1 136 129 119.4 109.9 101.5 96.7 93.6 92.3 89.9 84.3 78.7 67 63.3 62.5 60.2 58.8 58.2 52.9 50.4 49.1 50.3 49.1 47.1 50.1 54.1 60.2 70.9 85 103.8 124.5 145.2 163.9 174 192.1 196.8 189 177.5 162.1 144.2 128.1 106.9 85.4 71.7 61.3 60.8 67.4 71.6 81.8 93.1 106.6 117.2 117.1 113.6 110.3 109.4 108.1 110.2 126.7 143.2 163.2 165.9 166.3 165.8 170.5 184
93.2 96.6 109.1 113.9 114.5 114.8 118.4 129.2 140.3 146.5 147.9 144.7 142 142.1 137.6 128.8 123 113.5 102.5 93.1 89.9 88.1 86.4 84.6 80.9 73.1 63.6 60.4 60.4 57.7 51 49.2 46.7 47.7 45 44.9 45.1 43 44 47 51 57.4 75.6 99.1 122.5 134.9 155.9 169.8 187.1 188.8 182.5 173 159.9 139.2 117.2 96.4 78.2 64.2 56.1 61 68.1 75.5 82.1 95.7 113.1 117.4 118.4 116.2 113.3 109.9 106.6 108.6 124.1 141.6 151.7 153.2 155.4 161.3 178.8 185.6
99.7 102 114.6 114 110.3 112.8 117 126.4 136.7 138.8 142.1 141.9 136.5 134.9 130.2 118 112.9 107.4 95.8 84.8 83.4 82.9 81.1 78.3 72.8 69 59.7 57.6 58.8 52.4 43.6 42.5 43.4 43.2 43.9 42.3 42 40.3 40.2 41.8 44.4 48.5 61.8 89.8 116.1 130 143.8 165.9 174.5 175.5 170.6 163.9 150.6 129.4 105.2 86.8 70.3 57.5 54.8 60.2 65.9 76 84.8 101.2 114 114.9 114.7 111.9 111.9 107.7 103.1 104.8 121.8 133.3 141.5 147 157.9 166.1 173.4 179.5
98.9 103.6 124.5 123.6 113.7 108.2 113.9 125.7 131.4 133.8 136.1 136.2 132.3 123.9 118.1 106.5 103.6 97.3 90.3 80.8 78 74.9 72.8 71.3 68.6 62.8 56.6 55.9 55.5 45.9 39.8 38.8 40.8 41 39.8 38.8 39 38 37.7 40.2 42.5 45.6 55.9 79 107.2 123.7 138.1 161 164.9 155.8 147.6 149.6 131.4 112 92.9 78.9 64.7 55.4 52.8 59 68.4 79.4 89.1 107.4 117.3 118.1 111.1 108 107.2 104.8 102.1 103.9 111 124.2 135.2 144.7 154.3 159.8 172.1 187.4
90.5 99.2 120 121.5 116 110.2 105 113.7 118.6 123.6 126.8 127.2 122.5 113.9 104.1 94.9 91.8 87.8 81.5 77.1 69.9 65.7 65.1 63.9 61.3 54.3 51.7 50.1 47.5 40.8 38 37.7 38.3 38.5 35.9 34.4 35 35.9 36 39.5 45.2 47.8 55.2 73 101.4 123.8 138.4 149 152.6 144 138 126.4 114.8 103.9 90.4 74.6 61.8 53.9 51 58.3 67.4 81.1 94.4 106.3 117.4 116.7 108.3 102.2 96.6 97.4 98.6 100.1 103.7 114 123.9 136.4 144.7 161.9 182 195.5
78.9 91.5 108.2 106.3 109.7 114.4 104.4 101.2 103.2 111.3 114.2 117.6 112.1 104.9 92 85.5 82.7 79.4 73.8 70.7 61.3 58.4 58.6 56.1 54.3 46 48 44.1 40.5 39.7 37.2 36.5 35.5 35.4 33.5 30.5 31.2 32.8 34.7 41.8 47.5 53.6 61.8 75.8 103.2 126.3 142.5 147.9 147.9 139.4 131.1 122.7 109.7 98.2 89.6 73 61.7 51.6 51 57.4 68.1 81.2 96 109.2 114.2 112.3 101.2 91.4 87.8 90.2 92 94.5 97.3 104.4 113.3 130.8 155.6 177.8 187.3 195.6
66 74.2 82.3 92.1 101.5 103.7 96.9 93.2 95.1 100.4 106.3 105.6 100.4 93.4 82.4 78.1 75.1 70.8 66.8 62.1 52.7 53 51.6 50 45.2 40.7 41.7 38.9 37.2 36.4 35.6 34.1 36.1 33.3 28.7 27 27.6 30.2 36.3 43.9 49.3 57.6 66.7 78.6 106.2 127.3 137.2 142.4 142.4 133 121.8 112 102.6 90.1 80 69.1 58.4 48.2 51.6 55.2 66 81.6 96.3 110.1 107.8 97.9 88.5 86.7 82.4 81.6 82 86.3 90.7 101.6 124.9 146.2 175.3 190.7 189.3 196.6
49.7 50.1 57.6 78.8 87.7 89.7 84.3 79.9 85.8 87.6 95.2 97.1 91 82.4 74.9 74.2 67.2 63.4 58.8 53.5 46.9 42.2 42 42.5 38.8 35.2 36.2 35.1 34.4 33.6 33.5 31.5 32.2 29.7 25.8 24.7 26.2 29.8 35.4 43.1 53.5 63.6 68.9 79.9 108.9 122.3 131.4 137.1 134.5 124.4 113.2 104.7 95.1 87.7 77 65.8 54.7 44 47 51.2 59.8 76.5 93.8 99.7 97.2 85.5 77.2 76.4 77.2 73.7 75.8 81.4 96.5 119.8 141 167 196.2 194.6 188.1 188.1
36.2 33.7 33.4 54.7 58.6 67.8 70.1 67.6 73.7 75.8 77.9 79.6 80.5 70.8 63.7 66.8 55.6 51.8 48 47 40 32.6 35 34.2 32.3 32.5 32.2 32.4 32.5 32.8 33.4 29 27.5 26.1 24 23.6 26.4 31.3 34.2 43.2 54.4 62.6 69.2 79.1 105.4 112.2 115.8 119.9 119 112.4 106.3 98 90.9 82.7 73.7 63.2 52.5 42.2 43.5 51.8 54.7 71.3 82.1 85.5 82.9 75.8 67.9 65.7 67.6 70.7 79.8 91.1 107.1 128.8 145.9 177.3 198 194.8 186.8 182.3
