app/static/ascii/NB11.asc
ncols 200
nrows 200
xllcorner 110000
yllcorner 910000
cellsize 50
[rows 35 to 69 of 200, columns 80 to 159 of 200]
185.6 187.9 193.9 195 191.9 183.6 176.9 171.3 166.9 161.5 158.1 156.9 156.8 154.2 152.8 152.1 154.5 159.2 161.3 164.8 167.9 170.7 170.9 170.7 170.6 163.2 150 135.5 124.9 109.9 95.9 79 58.9 53.2 47.7 38.4 34.8 35.6 36.8 38.9 43.3 47.7 48.7 50.2 52.3 53.3 52.5 53.4 54.4 54.6 52.1 48.2 44.7 40.4 38.3 33.2 27.8 35.9 33.1 36.3 39.9 41.6 38.9 27.8 27.8 27.8 27.8 27.8 27.8 27.8 27.8 27.8 29.8 36.5 38.8 43.1 51.6 66.1 77.3 89.8
181.3 184.6 190.4 190.2 185.2 177.3 171.2 167.2 163 157.1 153.2 152 151.7 148.4 147 146 145.7 150 152.8 155 159.8 159.9 159.2 160.3 159.5 153.2 140.8 128.7 119.5 104.9 89.6 75 54.9 46.8 42.9 35.7 27.8 27.8 27.8 36.7 36.7 43.4 44 45.3 47.9 49.1 50.1 51.5 52.4 52.6 51.8 48.2 44.1 40.7 38.3 30.8 27.8 29.5 34.3 37.5 38.7 42.8 36.9 27.8 27.8 27.8 27.8 27.8 27.8 27.8 27.8 27.8 37 40.5 42 47.5 55.8 72.4 80.3 91.6
176.9 178.4 182.3 180.4 177.7 172 167.2 163 159.3 154.5 149.9 146.3 145.6 142.6 141 140.1 138.6 142.9 145.9 146.6 148.3 149.3 150.7 150.3 146.6 140.9 130.6 118 104.5 92.6 80.7 68.5 51.9 44.4 37.8 36.2 27.8 27.8 27.8 28.5 27.8 37.3 39.6 41.5 45.2 47.3 47.1 48.4 49.8 50.4 50.2 48.4 44.3 40.9 38.5 36.3 27.8 27.8 36.4 34.6 36.8 35.3 27.8 27.8 27.8 27.8 27.8 27.8 27.8 27.8 27.8 39.3 39.2 45 44.7 51.2 61 71.9 81 92.3
172.4 172.2 170.8 172.4 171.5 167.5 162.8 158.5 154.6 150.4 145.6 141.9 138.6 135.7 134.7 133.8 132.7 134.1 137.8 138.6 140.2 140.3 141.5 139.5 136.3 129.7 118.6 104.4 92.1 83.7 71 59.8 49.7 42 30.7 27.8 27.8 27.8 27.8 27.8 27.8 27.8 36.6 39 42 44.4 45.3 46 47 48.3 50.2 48.2 44.1 40.9 39.1 38.6 36.4 35.2 27.8 27.8 27.8 27.8 27.8 27.8 27.8 27.8 27.8 27.8 27.8 27.8 27.8 42 41.5 43 44.4 52 59.7 68.5 80.3 98.5
166.5 163.5 161.4 163.5 164.1 161 157 152.9 149.3 145 139.7 136 131.7 128.3 128 127 125.4 125.7 128.5 131.3 131.3 131.3 131.3 130.1 127.8 118.7 106.2 92.8 81.1 72.4 63.7 54.8 46.1 39.5 27.8 27.8 27.8 27.8 27.8 27.8 27.8 27.8 36 35.9 40.4 42.2 43.4 44 45.4 46.8 48.3 47.8 43.6 41 39.9 38.9 37.2 35.8 27.8 27.8 35.4 27.8 27.8 27.8 27.8 27.8 27.8 27.8 27.8 27.8 27.8 40.7 43.3 42.7 46.4 50.7 58.5 67.6 81.4 97.5
157.3 154.9 153.9 156.1 156.9 154.7 151.5 147.4 143.3 138 133.6 129.3 125.2 120.8 120.4 119.9 118.6 118.6 121.2 121.5 121.3 121.8 120.7 119.4 115.3 105.7 95.9 83.9 75.5 65.5 56.2 47.9 41.9 30.6 27.8 27.8 27.8 27.8 27.8 27.8 27.8 27.8 36 35.3 37.5 39.9 42.4 41.9 43.8 45 46.4 44.9 42 39.4 40 38.3 37.4 35.1 33.8 27.8 27.8 27.8 27.8 27.8 27.8 27.8 27.8 27.8 27.8 27.8 27.8 38.9 40.4 42.7 47.4 51.8 58.7 68.9 80.5 95.2
146.6 147.3 146.4 147.4 147 144.9 141.7 139 134.9 130.7 126.3 122.4 118.1 113.4 112.1 111.5 111.4 110.6 111.3 111.7 110.6 110.4 109.2 105 102 94.8 86.2 78.1 66.1 55.5 47.5 40.2 36.4 27.8 27.8 27.8 27.8 27.8 27.8 27.8 27.8 27.8 27.8 27.8 31.9 38.2 40.1 40 40.5 41.6 42.3 41.3 39.8 38.8 38.5 38.3 37 35.9 36.7 27.8 27.8 27.8 27.8 27.8 27.8 27.8 27.8 27.8 27.8 27.8 27.8 40.4 41 42.8 49.1 52.2 59.1 69.2 81.8 92.6
135.5 137.4 136.6 137.1 136.2 133.5 131.5 128.9 125.2 121.5 118.3 115 110.2 106.3 104.1 103.2 102.9 102.4 101.3 100.2 98.2 98 97.8 94.3 89.7 81.4 74.4 66.9 57.2 48.7 42 38 34.1 29.7 27.8 27.8 27.8 27.8 27.8 27.8 27.8 27.8 27.8 27.8 27.8 36.4 37.2 37.7 38.2 38.9 40.2 40 39.3 38 39.2 37.7 34.7 27.8 27.8 27.8 27.8 27.8 27.8 27.8 27.8 27.8 27.8 27.8 27.8 27.8 27.8 31.3 37.9 42.3 46.8 49.6 57.3 69.3 78.1 88.9
125.3 127 127 127.3 125.5 123.2 121.2 119.2 116.1 113.7 111.3 106.6 102.8 99.3 96 95.1 92.8 95.1 92 89.9 90.2 87.4 85.2 83.6 77 74 66.7 59.9 53.2 45.1 42.2 39 36.7 35 27.8 27.8 27.8 27.8 27.8 27.8 27.8 27.8 27.8 27.8 27.8 37 35.6 36.1 36.6 37.3 39 39.9 38.5 38 39.1 37.6 35.2 27.8 27.8 27.8 27.8 27.8 27.8 27.8 27.8 27.8 27.8 27.8 27.8 27.8 27.8 27.8 37.4 42.6 46.2 50 56 65.2 73.5 83.4
118.8 119.4 117.6 117.2 115.3 113 111 110.2 108.1 105.7 102.6 99.2 96.2 92.7 88.9 86.7 83.7 83.7 83 82 80 76.1 74.3 72.8 68 63.2 57.8 51.7 45 41.1 39.2 38.4 37.5 35.5 27.8 27.8 27.8 27.8 27.8 27.8 27.8 27.8 27.8 27.8 27.8 27.8 35.1 34.6 35.7 37.1 38.6 38.4 37.2 37.6 37.1 36.3 27.8 27.8 27.8 27.8 27.8 27.8 27.8 27.8 27.8 27.8 27.8 27.8 27.8 27.8 27.8 27.8 39.3 42 45.6 50 55.6 62 69.2 78.5
111.6 110.4 109.4 107.8 107.1 105.6 104.8 103.5 102 99.7 96.9 92.7 89.4 86.3 83.8 78.6 76.7 75.8 73.8 71.3 69.2 65.9 63.5 59.7 56 54 47 43.2 40.8 37.9 35.6 33.9 34 30 27.8 32.9 27.8 27.8 27.8 27.8 27.8 27.8 27.8 27.8 27.8 27.8 27.8 33.1 35.7 36.7 37.8 37.8 38.8 31.4 32.2 31 27.8 27.8 27.8 27.8 27.8 27.8 27.8 27.8 27.8 27.8 27.8 27.8 27.8 27.8 27.8 27.8 39.5 43 45.5 49.6 53.8 59.2 65.5 73
106.9 103.9 102.9 102.7 101.7 100.3 99.1 97.6 96.1 93.8 91 86.7 83.4 80.4 78.2 71 72.2 69.7 67.8 64.9 60.3 57.4 55.8 52.4 47.2 43.2 42 39.4 37.8 35 34.2 33.1 32.5 29.7 33.6 27.8 27.8 27.8 27.8 27.8 27.8 27.8 27.8 27.8 27.8 27.8 27.8 27.8 35.8 36 37 37.3 36 27.8 27.8 27.8 27.8 27.8 27.8 27.8 27.8 27.8 27.8 27.8 27.8 27.8 27.8 27.8 27.8 27.8 27.8 27.8 37.9 42.5 45.7 47.7 51.8 55.9 61.7 67.5
101.7 98.9 97.7 98.1 96.3 94.8 93 91.4 90.1 87.7 84.5 80.3 77.6 74.5 70.9 65.8 65.1 63.9 58.6 56.9 54.3 56.3 51.5 43 42.2 42.6 40.3 35.2 34.3 32.8 33.9 32.8 32 28.8 28.4 27.8 27.8 27.8 27.8 27.8 27.8 27.8 27.8 27.8 27.8 27.8 27.8 27.8 27.8 28.6 32.3 28.8 27.8 27.8 27.8 27.8 27.8 27.8 27.8 27.8 27.8 27.8 27.8 27.8 27.8 27.8 27.8 27.8 27.8 27.8 27.8 34.3 37.6 41.1 43 47.1 50.4 53.5 58.8 65
96.5 95 92.1 90.5 89.8 89.4 86.8 83.7 81.3 79.8 77.2 72.8 70 68.4 63.2 57.6 56.1 51.4 50.1 47.1 47.6 47.1 40.2 37.9 37 36 34.5 33.9 33.1 33.2 32.3 33.4 34.1 34.1 32.2 27.8 27.8 27.8 27.8 27.8 27.8 27.8 27.8 27.8 27.8 27.8 27.8 27.8 27.8 27.8 30.6 34.7 30.5 27.8 27.8 27.8 27.8 27.8 27.8 27.8 27.8 27.8 27.8 27.8 27.8 27.8 27.8 27.8 27.8 27.8 27.8 35.5 36.3 38.7 42.9 46.9 51.9 53.2 56.2 60
100 97.8 94.6 90.7 89.7 86.3 84.6 80.8 79.3 76.2 70.9 73 67.8 59.6 58.4 65.1 52.4 58.1 47.7 42.4 40.5 39.6 38.2 36.8 36.7 35.9 35.4 34.5 33.5 35.4 34.7 35.6 35.2 34.7 27.8 27.8 27.8 27.8 27.8 27.8 27.8 27.8 27.8 27.8 27.8 27.8 27.8 27.8 27.8 27.8 34.2 34.4 33.5 32.3 27.8 27.8 27.8 27.8 27.8 27.8 27.8 27.8 27.8 27.8 27.8 27.8 27.8 27.8 27.8 27.8 27.8 32.4 37.8 40.7 44.5 45.8 49 52.9 55.1 57.1
102.2 99.3 95.6 91.6 90.3 87.4 86.3 84.6 83 80.5 77.5 78.1 73.1 65.8 66.4 66 63.8 55.2 51.8 52.6 50 41.4 40.8 38.9 37.6 36.8 36.3 36.1 35.2 36.4 37.4 35.9 35.8 36.5 27.8 27.8 27.8 27.8 27.8 27.8 27.8 27.8 27.8 27.8 27.8 27.8 27.8 27.8 27.8 30.9 35.3 32.2 37.6 39.7 27.8 27.8 27.8 27.8 27.8 27.8 27.8 27.8 27.8 27.8 27.8 27.8 27.8 27.8 27.8 27.8 27.8 33.6 34.6 35.9 40.1 43.1 48.7 47.9 51.6 49.3
104.3 99.9 97.4 92.9 91.6 89.2 87.4 86 85.1 83.2 79.9 77.6 74.6 68.7 67.1 66.5 61.3 54.1 50.1 48.3 46.6 44.7 40.6 40 40.1 39.9 38.8 40 39.8 37.7 37 36.1 36.2 36.2 27.8 27.8 27.8 27.8 27.8 27.8 27.8 27.8 27.8 27.8 27.8 27.8 27.8 27.8 27.8 34 32.2 34.4 39.5 36.2 27.8 27.8 27.8 27.8 27.8 27.8 27.8 27.8 27.8 27.8 27.8 27.8 27.8 27.8 27.8 27.8 27.8 34.2 36.8 39.4 42.8 42.4 42.8 43.4 47.8 56.3
104.7 100.1 96.6 94.5 92.5 90.2 88.9 87.6 87.2 86.1 82.4 78.7 76 70.6 67.8 64.4 63.9 54.8 50.4 47.8 46.1 44.1 42 43.2 42.9 43.2 43.8 47.3 45.9 42.6 37.7 35 36.9 35.7 27.8 27.8 27.8 27.8 27.8 27.8 27.8 27.8 27.8 27.8 27.8 27.8 27.8 27.8 27.8 27.8 32.2 33.3 36.2 27.8 27.8 27.8 27.8 27.8 27.8 27.8 27.8 27.8 27.8 27.8 27.8 27.8 27.8 27.8 27.8 27.8 33.4 35.3 38.7 41.4 47.3 49.4 51.1 50.6 58.5 54.5
109.6 102.9 98.4 96.8 93.2 91.7 90.4 88.9 89.4 86.9 83.8 78.7 75.5 70.1 68.4 64.2 61.2 58.6 50.5 48.2 45.9 43.4 44.3 44 46.4 48.6 49.6 53.4 52 46.5 39.3 35.9 34 27.8 27.8 27.8 27.8 27.8 27.8 27.8 27.8 27.8 27.8 27.8 27.8 27.8 27.8 27.8 27.8 27.8 28.8 35.9 27.8 27.8 27.8 27.8 27.8 27.8 27.8 27.8 27.8 27.8 27.8 27.8 27.8 27.8 27.8 27.8 27.8 27.8 34.8 35.3 38.8 44.7 45.1 45.6 48.1 52.9 59.8 59.8
115.6 106.4 100.4 97.9 96.1 93.1 91.9 90.5 89.5 90 83.3 79.8 74.6 70.2 68.2 66.7 59.8 57.8 51.5 47.6 46.8 47 47.2 47.5 53.1 54.3 53.4 56 53.6 50.6 41.5 38.2 34 27.8 27.8 27.8 27.8 27.8 27.8 27.8 27.8 27.8 27.8 27.8 27.8 27.8 27.8 27.8 27.8 27.8 27.8 27.8 27.8 27.8 27.8 27.8 27.8 27.8 27.8 27.8 27.8 27.8 27.8 27.8 27.8 27.8 27.8 27.8 27.8 35.8 37.3 37.6 38.6 41.9 43 46.4 48.7 52.9 59.2 60.7
117.8 112.8 105.1 101.9 97.8 95.3 95.1 94.7 92.2 89.6 84.8 81.3 74.3 69.7 68.1 59.8 58.4 57.8 50.9 49.3 48.9 52.7 50.7 50.9 58.9 60.2 56.8 54.7 52.7 48.9 42.4 38.5 35.7 33.3 27.8 27.8 27.8 27.8 27.8 27.8 27.8 27.8 27.8 27.8 27.8 27.8 27.8 27.8 27.8 27.8 27.8 27.8 27.8 27.8 27.8 27.8 27.8 27.8 27.8 27.8 27.8 27.8 27.8 27.8 27.8 27.8 27.8 27.8 27.8 34.2 36.7 39.2 41 45.1 46.7 47.2 55.5 54.1 61 63.3
122.2 115.9 110.1 103.8 100.4 98.7 97.1 97.9 94.3 92.8 86.6 81.4 73.9 71.8 64.5 63.3 56.8 55 54.8 52.4 52 55.2 57.1 58 60 65.7 59.7 56.2 51.4 47 41.3 37.9 35.5 27.8 27.8 27.8 27.8 27.8 27.8 27.8 27.8 27.8 27.8 27.8 27.8 27.8 27.8 27.8 27.8 27.8 27.8 27.8 27.8 27.8 27.8 27.8 27.8 27.8 27.8 27.8 27.8 27.8 27.8 27.8 27.8 27.8 27.8 27.8 27.8 35.8 39.2 41.4 43.8 47.1 51.1 54.8 56.8 59.2 67.3 70.1
129.2 119.8 113.2 108.7 107.2 106 100.5 98.3 94.7 90.6 86.9 77.1 75 74.6 72.1 66.3 65.7 61.1 59.2 58.2 58.6 64.6 72.3 71.1 64.7 69.8 64.3 58.3 53.4 48.3 41.7 39.9 38.4 27.8 27.8 27.8 27.8 27.8 27.8 27.8 27.8 27.8 27.8 27.8 27.8 27.8 27.8 27.8 27.8 27.8 27.8 36.2 27.8 27.8 27.8 27.8 27.8 27.8 27.8 27.8 27.8 27.8 27.8 27.8 27.8 27.8 27.8 27.8 27.8 36.8 39.9 43.2 46 59.3 69 70.1 64.1 62.2 67.1 68.5
134.9 126.1 118.7 113.9 112.9 110.5 103.2 98.4 93.5 85.9 79.2 77.6 77.3 76.9 75.7 73.6 71.6 69 69.8 70.2 72.2 76.3 84.4 82.6 78 70.1 67.2 66.4 55.9 48.6 40.9 39.6 36.3 27.8 27.8 27.8 27.8 27.8 27.8 27.8 27.8 27.8 27.8 27.8 27.8 27.8 27.8 27.8 27.8 27.8 35.7 38.1 32.6 27.8 36 40.5 38 27.8 27.8 37.8 36.9 27.8 27.8 27.8 27.8 27.8 27.8 27.8 35.1 36.8 40.5 45.3 53.2 64.1 74.1 71.3 67.8 71.3 81 82.3
140 130.7 123.5 118.7 115.7 111.5 106.2 99.1 95.3 85.3 86 82 81.8 83.2 82.5 84.4 81.4 76.1 77.3 83.5 91.8 94.7 94.6 98.2 92.4 82.6 70 66.4 60.3 49.4 42.3 38.3 35.6 27.8 27.8 27.8 27.8 27.8 27.8 27.8 27.8 27.8 27.8 27.8 27.8 27.8 27.8 27.8 27.8 27.8 37.1 40.1 36 34.7 36.8 42.3 40.9 35.6 31.8 42 41.4 34.5 28.9 27.8 27.8 27.8 27.8 27.8 35.4 38.7 42.5 51.9 59 66.7 73.6 79.2 89.6 93.2 97.8 103.7
143.7 136.5 128.7 122.8 118.4 116.8 109.3 102.5 94.1 94.4 92.7 90.3 90.8 91.9 92.9 97.9 97.2 85.1 84.9 95.3 108.7 110.4 111.3 108.2 99.2 94.1 75.9 67.2 61.5 52.5 44.1 39.8 37 36.9 27.8 27.8 27.8 27.8 27.8 27.8 27.8 27.8 27.8 27.8 27.8 27.8 27.8 27.8 27.8 27.8 34.9 34.7 37.6 27.8 35.1 39.2 36.8 34.2 34.1 41.8 37.6 36.5 40.3 27.8 27.8 27.8 27.8 27.8 37.7 40.9 43.8 50.3 61 68.6 76.1 90.8 101.8 104.8 108 115.5
145.8 140.1 134.3 127.9 123.5 118 110.8 103.6 100.4 100.5 100 100.3 106.3 108.9 115.1 115.9 110.1 94.6 94.9 104.1 116 120.5 121.7 118.1 107.4 111.8 90.2 68.9 64 53.7 44.2 40.5 39 36.3 27.8 27.8 27.8 27.8 27.8 27.8 27.8 27.8 27.8 27.8 27.8 27.8 27.8 27.8 27.8 27.8 27.8 27.8 27.8 27.8 27.8 40.4 35.1 33.2 33 37.1 36.6 39.9 44.4 33 27.8 27.8 27.8 27.8 40.1 42.8 52.1 58.1 66.8 77 86.9 98.7 105.9 113.3 120.3 129.2
150.6 144 136.2 132.4 126.1 120.8 112.6 102.8 109.1 107.4 106.9 113.2 122.7 127.2 133.9 136.1 127.2 103.1 104.9 111.2 118.4 126.3 126.4 122 116.3 112 94.9 70 62.1 54.2 46.7 41 37.5 34.1 27.8 27.8 27.8 27.8 27.8 27.8 27.8 27.8 27.8 27.8 27.8 27.8 27.8 27.8 27.8 35.9 27.8 27.8 27.8 27.8 27.8 27.8 37.2 35.1 36.5 37.5 37.3 47.6 47.3 38.9 33.6 35.9 31.3 29.5 39.9 50.8 56.4 65.8 72.5 83.3 90.2 102.3 112 119.7 130.1 143.4
154.2 147.6 143 136.9 128.1 121.4 112.3 113.6 114.3 116.1 114.9 120.9 132 141.7 148.5 148.9 141.1 117.7 114.5 117.6 122.8 129.8 135.4 127.2 121.2 116.4 100.7 79.7 59 52 46 40.1 34 27.8 27.8 27.8 27.8 27.8 27.8 27.8 27.8 27.8 27.8 27.8 27.8 27.8 27.8 27.8 27.8 37.3 38 33.9 30.1 27.8 27.8 27.8 30.2 37.2 39.6 42.9 38.8 44.6 46.8 43.6 37.3 36.2 35 34.7 40.6 52.1 60.5 68 78.2 87.6 97.5 109 122.3 131.4 141.8 158.3
157.8 150.9 145 138.7 129.3 122.6 120.2 119.9 122 126.8 128.5 124.5 139.2 152.2 159.4 159.4 150.5 132.3 121.1 125 126 131 139.7 136.3 131.3 125.2 102.9 78.8 60.4 49.1 41.9 39 36 27.8 27.8 27.8 27.8 27.8 27.8 27.8 27.8 27.8 27.8 27.8 27.8 27.8 27.8 27.8 27.8 27.8 35.6 37.9 35.7 27.8 27.8 27.8 27.8 36.4 42.3 43.6 43.8 49.5 46.6 42.4 39.1 37.1 40.3 40.1 42.4 54.4 64.7 69.7 80.6 91.4 105.3 117.8 131.7 142.6 154.7 165.9
160.6 152.9 146.6 140.2 133.5 125.6 130.3 129.5 130.1 133.9 137.7 136.2 142.6 169.8 170.2 165.9 159.7 144.5 124.4 129.7 130 131.9 137.8 139.9 133.6 124.4 98.9 70.8 58.2 47.7 40.6 36.5 36.7 30.8 27.8 27.8 27.8 27.8 27.8 27.8 27.8 27.8 27.8 27.8 27.8 27.8 27.8 27.8 27.8 27.8 37.3 39.4 42.2 34.9 27.8 35.6 34.6 36.4 43.4 48.4 48.7 48.5 50.2 45.1 42.3 39.7 42.1 43 44.2 55.7 62.2 74.5 87.3 101.9 111.4 125.5 139.6 152.4 161.7 174.2
162.3 155.5 150.8 143.4 134 136.7 138.7 138.9 143.8 146.2 148.6 155.1 154.8 169.1 175.4 172.2 164.2 150.1 135.8 132.8 134.9 135.2 135.7 137.2 135.1 119.2 91.6 69.6 59.5 49.4 42.9 37.9 35.9 27.8 27.8 27.8 27.8 27.8 27.8 27.8 27.8 27.8 27.8 27.8 27.8 27.8 27.8 27.8 31 31.1 36 42.3 45 41.5 41.5 42 39.6 38.5 46.7 50.6 50.9 49.8 49 49.3 45.4 41.6 43 47.1 46.7 59.2 71.4 74.9 92.4 109.2 119 129.3 144.6 156.2 167.5 179.7
164.9 158.9 152 141.6 146.1 148.7 150.6 153.5 157.4 160.9 165.4 171 172 167.1 176.7 175 165.8 152.6 142.5 134.1 134.1 134.6 133.1 131.4 128.9 109.2 90 71.8 59.9 52.4 45.2 38.9 31.7 27.8 27.8 27.8 27.8 27.8 27.8 27.8 27.8 27.8 27.8 27.8 27.8 27.8 27.8 27.8 35.6 32.9 27.8 40.6 48 46.2 48.7 51.3 46.9 42.2 46.5 48.9 51.8 52.7 49.2 46 44.2 43.8 44.1 49.1 50 58.1 68.9 82.7 97.5 106.6 121.5 135.9 146.8 159.2 171.5 185.7
167.1 159.4 151.5 153.8 154.9 159.8 163.6 169.6 171 174.4 179.9 187.7 185.5 179.4 176.9 175.2 168.3 154.3 144.2 136.7 133.5 133 132.3 127.5 119.9 104.5 86.8 72.6 62.5 54.4 45.7 39.4 33.1 27.8 27.8 27.8 27.8 27.8 27.8 27.8 27.8 27.8 27.8 34.6 27.8 27.8 27.8 33.8 35.4 34.9 27.8 37.1 40.3 43.7 54.2 59.5 53.4 43.1 41.9 50.8 51.2 47.4 46.4 45.9 45.3 45.3 47.8 51.2 53.5 59.3 68.7 81.4 97.2 110.8 123.9 135.3 149.2 160.9 174.9 190.2
168.4 158.7 161.4 162.9 163 164.6 170.2 174.9 179.6 186.8 199.7 212.3 207.2 188.2 177.5 172.6 163.9 155.1 146.1 137.9 130.2 129.5 127.8 122.1 112.2 100 82.6 69.2 60.3 55.3 50.4 40.7 31.6 27.8 27.8 27.8 27.8 27.8 27.8 27.8 27.8 27.8 27.8 36.2 33.2 35.7 27.8 27.8 27.8 27.8 27.8 27.8 29 40.7 53.1 63.9 61.4 49.7 41.1 45.5 46 42.9 43.9 44.5 45.3 45.6 48.2 50.5 55.3 62.4 74.2 79.2 96.7 112.8 125.7 135 152 165.4 178.3 192.3
