app/static/ascii/NB12.asc
ncols 200
nrows 200
xllcorner 110000
yllcorner 920000
cellsize 50
[rows 111 to 147 of 200, columns 83 to 165 of 200]
51.9 71 75.9 69.9 73.3 77.4 88.2 98.6 108.8 118.7 132.9 149.4 145.9 150.5 143.5 140 162.7 159.1 162.1 170.5 160.2 156.4 159.3 152 147.1 140.5 131 119.9 109.4 102.5 90 83.8 79.5 75.3 67.1 63.4 56.7 51.6 45.4 42.7 45.5 48.7 53 55.8 58 59.7 62.3 67 71.8 80.6 97.6 109.8 116.8 118.3 120.9 122.3 121.5 122.8 120.7 116.2 112.5 110.2 114.3 118.4 122.9 123.2 119.5 124 127.2 133.2 147.2 159 164.1 164.7 157 146.5 133.1 122.6 112.7 102 89.1 84.8 78.1
52.8 74.1 78.7 76 76.7 80.9 87.5 103.7 117.4 122.8 144.6 154.2 163.7 161.3 159.2 158.6 171.3 169.8 170.8 178.3 165 164.9 162.4 157.6 150.3 141.9 133.4 122.7 109.4 102.6 91.3 86.1 83.1 79.8 72.4 67.1 63.1 57.4 50 44.7 42.7 45.8 50.5 55.8 57.3 58.7 60.1 64.4 69.9 78.5 90.5 104 112.2 115.2 118.7 124.7 122.8 122.1 120.7 116.7 113.1 113.1 115.5 120.8 124.1 131 129.6 132.6 137.2 146 151.7 166.5 174.7 177.9 163.3 153.1 142.2 129.1 118.8 109.2 94.8 85.6 80.4
57.8 69.6 80.2 88.1 85.9 86.2 91 105.6 123.3 130.3 150.7 166.4 180.5 170 169.8 174.2 179.8 178.3 181 184 173.2 169.8 161.3 156.5 150.4 143.4 136.9 121.5 111 98.4 89.5 86.7 85.7 82.6 77.8 74.1 67 61.7 55.4 48.2 44.3 43.9 46.9 55 56 56.8 58.3 61.6 67.6 77.7 85.1 98 104.6 112.4 117.9 122 122.6 121.4 118.4 115.4 114.4 114.2 116 121.7 128.9 136.1 137 142.1 149.6 158.1 159.4 175.8 180.8 183.5 172.2 157.6 151.5 134.1 128.8 109.9 98.6 88 83.6
56.3 83.3 95.4 96.6 100.4 95.5 100 108.4 128.9 138.5 165.8 178.6 191.6 182.6 179.6 185.8 193.1 189.9 190.2 185.4 177.8 170.2 159.5 154.6 149.1 141.1 134.5 123.1 115.3 99.7 93.3 92.3 91.9 88 84.6 77.8 71.1 67.1 58.4 51.9 48 43.9 43.9 48.4 52.1 54.9 57 60 65.8 73.8 83.7 95.1 100.5 106.5 112 117.6 118.3 118.1 117.4 116.1 115.4 115.4 117.1 124.4 130.1 138.7 145 159.8 163.5 167.9 170.9 184 190.8 189.3 180 163.8 150.2 139.6 134.4 121.3 99.9 90.1 86.8
54.6 82.6 98.3 102.5 105.2 102.9 106.8 109 127.8 140.5 168.5 179.7 195 197.4 199.5 206 208.1 206.7 199.3 188.4 176.4 168.3 157.6 151.8 145.8 138.7 132 124.5 116 102.1 99.6 98.9 92.7 89.5 83.7 79.9 73.8 68.2 64.5 56.8 51.8 46.5 43.9 43.9 43.9 51.2 54.9 60.3 64.1 71 80.8 90.9 97.5 101.4 107.6 113 114.1 115.3 116.6 116.5 116.7 117.2 118.9 125.2 133 141.6 152.1 172.7 173.3 182.4 185.5 189.4 194.7 193.9 182.9 176.6 153.9 144.4 132.4 126.2 109 93.5 91.8
63.2 85.4 97.9 110.2 115 110.2 111.8 120.5 126.2 141.9 164.6 181.3 194.3 206.9 208.9 213.2 213.2 211.6 201.1 184.2 173.5 162.8 153.9 146.6 141 136 129.6 122.7 115.4 105.6 98.2 93.9 92.1 90.5 87.5 84.4 79.3 71.3 65.1 58.5 54.9 48 44.8 43.9 43.9 45.9 51.4 60.2 65.2 68.4 77.4 86.9 94 101.4 106 108.8 111.5 114.3 116.3 118.9 119.1 119.4 120.7 128.1 136.7 145.2 165.2 171.9 180.4 192.7 194.9 195 196.8 196 185.3 180.4 156.4 144.8 134.8 127.2 111.3 96.9 97.5
68.7 83.3 100.1 116.9 123 119.6 117.1 123.7 125.9 139 156.7 180.9 193.1 207.7 215 218.1 211.6 207.9 197.3 179.2 168.1 159.2 151.3 143.1 137.9 134.3 128.7 124 115.7 108.2 99.7 96 93.4 92.5 90.1 86.3 81.1 73.5 67.6 60.1 55.7 51.7 47.9 43.9 43.9 43.9 46.5 58.2 64.5 67.2 74.8 84.9 93.3 100.6 103.6 106.5 110.7 112.9 116.3 119.7 121.2 122.9 125.7 132.9 142.1 151.7 164.4 176.1 182.7 196.2 199.7 197.9 198.3 195.3 188 181.5 170.3 151.7 137.4 129.4 116.6 101 104.3
73.3 92.8 99.3 114.2 121.4 128.5 120.8 123.3 128 136.4 152 177 188.5 202.5 209 211.8 202.9 198.9 189.1 173.1 164.6 154.9 146.3 138.2 134.8 132.4 129.7 124.6 118.7 113.6 104.9 100.7 95.6 95.5 93.5 91 84.9 76.3 69.9 64.5 61.9 55.4 50.7 46.6 44 43.9 43.9 51.9 58.2 64.2 72.8 83.6 91 98.3 101.7 108.1 110.6 112.2 117.8 122.1 126.7 130.3 133.4 137.5 148.2 159.6 172.7 185.6 187.3 198.4 203.4 201.2 194.8 191.6 187.8 178.8 171.8 160 142.9 130.8 125.6 106.2 111.3
74.7 100.4 106.6 114.1 122.1 129 124.8 122.8 128.8 134.3 154.4 170.1 182.6 194.2 199.4 195.2 188.8 188.1 179.2 164.2 157.7 149 140.7 136.2 133 132.5 127 124.2 123.3 120.1 114.7 106.5 98 98 99.3 99.6 96.6 82 73.5 73 68 61.5 57 52.3 49.8 47.3 47.7 49.2 55 60.5 68.1 79.3 86.5 93.2 99.9 105.7 108.2 111.8 118.9 127.7 134.6 138.9 144.7 143.1 154.1 165.1 181 191.4 192.2 198 203.1 198 188.5 186.1 184.9 175.7 169.3 154.2 138.1 124.7 123.2 110 120.6
77.6 102.2 106.7 116.3 125.2 124.5 123.5 121.8 124.1 133.1 148.8 164.2 173.3 184 189.7 187 179.9 174.9 166.8 155.6 149.8 143.8 138.5 134.3 130.4 128.2 127.3 123.4 121.5 117.5 110.2 102.1 103.6 107.6 115.6 112.5 95.3 83 81.2 83.6 77.9 68.5 63.6 59.8 55.5 52.6 51.7 50.5 53.2 57.6 60.8 73.3 83.9 91.5 98 102.3 106.6 111.8 120.4 132.4 139.2 145.5 154.3 149.8 154.3 165.5 183.6 188.2 194.2 203 196.9 193.3 181.1 177.9 176.6 172.9 164.6 149.6 134.8 121.6 113.5 111.4 118.9
84.6 96.9 105.1 113.7 118.1 120.3 120.3 119.7 120.9 129.1 136.7 152.7 162.9 174.1 174.7 172.8 171.2 163.7 158 152.1 146.8 141.1 136.3 131.7 128.3 125 123 118.7 116.4 114.4 117.8 118 122.5 120.5 116.4 109.7 92 89.1 92.4 94 83.6 74.5 70.2 66.9 60.3 58.2 55 53.1 54.2 56.4 58.8 66.7 81.4 89 95 101 105 110.4 120.9 132.9 141.7 148.4 152.7 155.7 155.6 167.7 179.8 186 193.7 200 196.3 185 174.4 170.7 166.8 164.3 158.4 143.7 130.3 119.4 112.7 110.5 117.7
76.6 91 99.9 107.6 113.5 115.6 115.6 115.7 117.3 123.1 132 139.6 152.4 163.5 165.1 165.7 164.6 162.5 157 149.4 143.8 138.2 133.9 130.9 128.8 124.7 122.8 121 116.9 119.7 125.7 133.9 133.9 121.9 111.1 103.8 96.4 96.1 101.1 98.7 90.6 80.5 75.5 72.3 64.8 62.8 58.8 56.2 58.1 60.4 61.3 63.9 75.1 82.8 91.8 98.5 102.8 108.3 117.8 128 136.9 144.3 152.7 156.8 156.4 163.9 174.4 179.8 188.4 192.1 194.6 187.5 171.9 163.8 158.4 154.3 150.1 139.1 126.9 122.2 113.7 109.2 114
69 84.2 95.7 102 108 110.2 111 111.5 113.4 116.8 125.8 133.3 141.3 153.8 159.9 162.8 162.5 156.4 150.5 145.2 140.7 136.1 133.6 131.7 129.6 124.8 123.6 122.9 123 128.8 134.8 132.6 121.7 112.8 108.8 106.4 103.7 104.4 105.2 102.5 98.4 85.5 79.6 75.2 71.6 67.9 61.9 60 62.5 65.7 64.7 64.5 71.4 78.7 83.2 91.9 97.4 106.2 113.5 122 134.5 142.8 151.2 152.3 154.2 158.4 166.4 173.7 181.2 188.3 190.4 187.5 175 158.5 149.4 144.6 141.1 132.9 126.7 125.9 111.4 106.5 109.5
65 78.8 89.8 95.9 102 104.9 106 107.3 109.5 112.1 116.6 129.3 138 148.8 159.3 160.4 156 150.6 143.9 139.5 136.7 134.6 132.4 130.9 127.9 123.8 123.7 126.1 129.4 132.2 131.6 124.9 120.9 119.7 121.3 117.8 115 115.2 108.9 106.1 105.6 89.8 84.7 80.9 76.8 75.7 65.4 64.8 68.9 73.7 70 68.1 70.8 78 82.9 87.6 94.8 102.1 109.7 118.5 134.3 137.9 145.3 147.2 153.8 154.5 157.9 167.9 174.7 182.6 183.8 182.9 173 154.7 143.3 140.6 134 125.4 116.4 110.5 106 101.2 103.2
59.2 69.1 84 90.9 96.6 100.2 103.5 104.9 106.2 108.8 113.3 123.2 129.4 141.2 150.3 152.1 151.7 148.4 142 136.7 133.4 132.1 130.7 128.4 125.1 122.3 123.6 127.4 132.1 131.4 126.2 125.9 125.5 136.4 137.1 126.6 126 120.6 113.9 108.9 105.2 94.5 94.1 90.3 85.9 79.2 71.7 69.5 77 79.5 74.7 72.5 72.3 75.7 83.8 89.9 95.1 99.5 106.9 114.2 122.6 132.3 136.4 142.1 148.6 149 151.3 157.9 165.1 174.5 177.9 175.8 166.3 154.2 140.1 130.9 126 118.4 111.9 104.6 103 96.9 97.3
54.7 70.3 78.5 84.6 91.2 95.4 100.4 102.8 104.1 105.1 108.9 115.2 122.2 132 140 144.7 147.4 146 140.4 134.6 130.4 130.6 129.2 127.6 122.9 121 121 125.8 129.9 125.9 126.7 125.3 130.4 137.8 137.4 129.7 129.8 123.5 118.6 110.4 104.4 101.9 100 98.3 97.3 83.3 77.6 75.1 79.8 85.3 79.4 77.6 75.3 74.4 82.5 90.3 94.9 98.8 104.5 109.6 113.8 123.1 129 136.8 140.1 142.1 142.9 148.6 156.1 166.2 171.3 171.5 158.9 150.6 139.7 128.2 117.9 110.9 103.9 99.5 98.8 93.9 90.8
53.6 70.2 74.2 80.2 86 89.9 96.4 100.5 102.1 103.3 103.9 109.6 116.4 121.2 132.6 138.2 140.9 142.5 136.2 131.2 127.5 129.2 128.2 127 121.9 121 121 123.2 124.3 125.2 128.2 125.3 127 132 131.4 131.7 133.3 132.2 122.5 113.5 107.3 105.2 105.8 106 105.6 93.6 82.6 79.3 81.8 80.5 79.9 80.9 80 75.3 75.4 83 90.8 97.4 101.6 105.7 109.6 111.5 119.4 126 131.7 134.2 134.7 139.3 146.9 154.3 163.7 163.9 155.3 146.8 136.7 127.8 115.8 105.9 96.3 92.7 90.1 88.4 85.4
54.4 66 72 77.6 82.6 87 92.1 98 100.2 101.8 100.8 104.3 109.5 115.1 122.7 130.2 134.2 133.1 130.7 126.5 124.5 126.7 126.8 124.2 121.5 121 123.8 122.7 121.1 124.2 125.8 125.3 128.3 131.3 131.4 133.3 135 128.8 121.3 116.8 111.1 109.4 111.2 110.7 109.2 102.4 88 81.7 80.3 79.3 81.4 76.5 80.9 76.3 72.7 76.5 83.8 91.5 95.2 98.2 104.3 105.5 107.9 116.3 123.3 125.3 127 133.4 138 144.6 153.7 153.2 151.2 138.5 131.5 126.3 117.3 106.9 96.3 90.2 85.6 84 80.5
50.2 63.7 69.7 76.6 81.8 84.4 87.3 92.4 95.5 98.7 97.3 100.2 105.4 110.3 112.6 123.7 126.7 129.1 126 123.5 122.3 121.6 122.1 122.8 121 119.8 119.4 116.4 115.4 116.5 121.5 124.2 127.2 130.9 133.8 133.2 129.2 126.3 122.2 120.8 115.9 116 116.5 111.8 118.2 108.7 93.3 81.3 77.5 75.4 74.1 74.6 75.9 76.2 72 73.1 78.1 84.1 86.7 90.9 97.6 99.9 101.6 106.9 116.1 119.6 124 129.3 132.1 136.3 142.5 145.1 143.5 138.1 130.1 123.5 116.2 108.6 98.9 89.6 83.7 77.9 75.9
41.3 57.5 64.7 72.8 79 81.4 83.5 87.7 90.7 93.2 95.2 97.3 103 106.2 109.4 115.2 118.2 120.5 120.3 119.5 120 116.8 114.6 115.8 116.7 114 111.6 110.1 109.8 112.8 116.3 118.6 127.7 136.5 141.9 131.9 127 126.3 123.4 122.2 121.2 116.8 112.7 115.1 116.7 109 97 80.4 74 70.7 71.2 72.7 76.6 74.8 72.7 68.7 72.2 76.6 79.7 82.5 91.3 94.6 98 102.5 103.7 110.8 120.2 125 127.6 130 132.6 136.5 137 136 129.8 123.5 117 111.4 100.7 90.8 84.2 77.5 72.5
35.5 50.7 60.7 67.8 73.3 77 79.6 83.2 86.1 87.5 89 91 96.5 101.7 106.4 108.6 111.1 114.5 115.7 116.6 116.2 114.5 111.3 107.6 105.1 104.5 103.2 101.7 104.1 107.2 107.9 111.7 122.9 134 134.6 130.1 125.3 124.8 126.5 123 120.1 112.7 110.6 106 104.9 101.5 89.6 78.4 70.7 66.8 65.5 70.1 71.4 72.1 71.2 67.6 67.4 70.2 71.1 75.6 80.8 87.9 92.6 95 97 99.7 110.4 117.9 123.8 123.5 125.1 128.5 130.5 131.1 130.8 124.3 118.1 113.4 101.8 93.2 86.9 79.2 71.9
29.3 44 53.3 61.3 66 71.5 75.8 79.3 81.3 82.8 85.1 89 93.6 99.1 103.2 104.5 108.4 111 113.1 114 113.6 112.8 108.7 104.2 101.5 100 99.1 99.5 100.2 101.6 103.7 105 111 120.1 123.8 122.5 118.5 116.8 116.8 118.9 112.4 104.7 100.8 99.8 96.2 90.3 82.7 75 68.6 63.6 61.7 64.3 67.2 70.2 70.8 68.4 64.5 64.8 67.9 71.1 75.5 81.3 88 92.2 94.3 94.7 99.9 109.8 117.1 118.7 121.1 121.3 123.9 132.6 132.5 125.9 119.1 114.7 101 97 88.6 82.8 73.3
26.2 38 46.2 53.8 61 67.9 72.3 75 77.7 80.6 84.1 87.2 90.8 96.3 99.2 101 103.3 108.4 110.2 110.8 111.2 110.6 106.6 101.5 98.2 97.3 97.3 98 98.8 99.6 101.3 103.2 105.4 108.8 114 114.3 113.8 114.8 112.9 114.5 113.3 107.7 100.5 94.4 89.4 83.7 79.8 72.4 65.6 60.9 60.9 60.9 62.9 64.7 66.6 68.2 64.2 60.9 61.8 68 73 77.3 84.2 91.1 92.2 92 96.3 101.6 108.2 115.6 118.2 116.3 116.8 122.2 126.5 123.3 116.4 106.1 101.8 96.4 90.9 86.5 74.3
23.6 34 43.4 51 58.5 64.9 69.1 72.5 76.4 79.5 82.4 85 88 93.1 96.1 98.7 101.2 104.4 106.7 107.1 107.4 106.5 102.4 98 96.4 95.7 96 96.7 97.4 98.4 101.1 103.1 105.6 108.6 111.4 112.6 113.4 115 114.7 117.9 116.8 109.4 99.8 92.9 84.9 80 74.2 67.8 63.3 60.9 60.9 60.9 60.9 60.9 60.9 66.9 60.9 60.9 62.7 68.3 70 74.6 80.1 87 87.8 89.5 91.5 96.3 101.6 110 112.7 112 112.3 117.5 117.2 116.6 111.2 104.6 99.8 94.6 90.3 85.1 74.2
21.7 30.2 38.3 46.4 55.5 60.4 65.3 69.6 74.1 77.8 80 82 84.9 89.6 93.9 97.4 99.1 101.8 103.3 103.9 102.4 100.3 97.4 95.3 94.6 93.9 93.7 95.7 97 98.5 104.4 105 106.7 109 110.5 112.3 113.8 118.3 121.4 126 124.1 108.5 96.2 88 83 78.7 76.6 71.2 64.6 60.9 60.9 60.9 60.9 60.9 60.9 60.9 60.9 62.2 64.3 65.5 66 70.5 73.7 83 84.7 88.7 90.2 91.2 96.4 99.3 104.7 108.3 107.5 109 111.9 108.3 104.3 104 100.1 94 89.8 84 75
12.4 26.8 35.9 43.2 51.2 57.8 62.8 66.8 70.9 74.6 76.9 79.7 82.6 86.2 90.3 95.4 97.2 98.8 99.8 100.7 97.8 95.9 94.1 93.2 94.2 96.7 96.6 97.2 98.8 100.7 107.6 107.1 109 110.2 112.4 115.1 121.4 130.9 133.8 131.1 128.8 106.4 94.5 89.6 87.5 86.4 84.6 74.9 67 60.9 60.9 60.9 60.9 60.9 60.9 60.9 61 60.9 64.8 64.6 65.7 66.9 70.5 73.7 79.6 88.8 88.9 89.9 92.5 95.1 97.2 100.1 99.6 100.5 102.9 100.5 99.2 97.4 98 96.1 92.2 84.4 76.9
7.5 25.5 32 39.9 46.7 54.2 60.2 64.2 68.1 71.7 75.2 78.2 80.9 83.4 88.2 92.7 95.1 95.8 96.4 97.3 94.3 92.7 92.7 94.5 96.1 98.4 99 99.7 101.4 103.3 106.1 109.6 112.4 115 120.9 127.1 135 136.2 135.4 131.7 123.5 114.5 106.1 101.9 98.6 95 89.8 77.7 70.2 65.9 60.9 60.9 60.9 60.9 60.9 60.9 60.9 60.9 63.7 65.4 66.4 67 68.1 71 75.2 85.8 86.9 86.9 89.7 88.9 90.3 91.6 91.5 93 95.6 94.9 93.4 93.8 97 98.4 96.7 84.8 78.9
7.6 23.8 29 36 43.1 52 57.3 61.5 65.1 68.7 73 76.6 79.4 82.3 85.6 90 92.6 92.9 93.5 93.4 92.2 94.4 95.8 97.9 98.7 99.7 101.4 105.6 106.1 107.3 110.8 114.6 120.4 131.9 135.6 141.2 149 152.1 144.9 143.9 140.4 122.9 117.5 107 98.8 92.5 87.9 80.1 73.9 69.5 61.8 60.9 60.9 60.9 60.9 60.9 60.9 60.9 60.9 65 66.2 68.1 69 69.9 71.9 76.5 79.2 81.4 83 81.6 82.6 85.6 86.1 86.6 88.7 89.6 88.3 90.1 97.1 98.2 99.7 87 79.2
12.6 18.6 27.3 32.1 39.1 47.1 53.7 58.4 62.2 65.9 70.7 74.9 77.4 80.5 84.4 87.9 91.2 90.9 91 92 94.2 97.3 101 102.2 103.5 103 105.8 112.2 114.2 117.2 120.2 124.4 138.8 145.5 151.3 156.8 166.6 170.7 164.4 154.4 144 125.8 117.1 104.5 96.8 91.8 89.4 81.9 77.8 68.8 63.7 64.1 60.9 60.9 60.9 60.9 60.9 60.9 60.9 62.3 67.1 71 73 71.7 71.7 73.1 76.4 77.6 77 77.4 78.4 80.4 80.7 81 81.9 85 84.1 83.5 88 95.8 98.3 87.3 78.3
15.8 9.2 25.5 30 35.9 44.1 50.4 55 59.3 63.4 67.7 72.4 75.6 79.5 83.6 87 90.4 89.5 91.4 94.1 96.9 102.3 106.4 106.8 108.1 114.1 120 124.2 128.6 130 142.2 141.3 151.1 159.4 164.1 177.9 191.2 191.4 178.5 161.2 146.9 133.4 116.7 104.9 94.8 89.7 85.3 81.5 77.1 71 67.5 64.1 64.4 60.9 60.9 60.9 60.9 60.9 62.7 64.2 68.3 73 76.8 73.4 72.6 71.4 72.8 73.4 74.6 73.6 73.9 75.2 75.7 75.7 75.9 76.7 78.3 77.4 80.6 86.4 88.4 75.2 65.5
16.2 8.2 23.5 28.2 34.5 41.8 47.1 54.1 57 61.9 66.9 71.5 74.8 78.6 82.6 86.1 89.4 89.3 92.4 95.9 100.3 108.9 111.9 113.8 120.4 131 139.2 150.2 152.6 157.2 165.1 161.3 163 171.5 187.5 206.3 211.7 205.2 192.6 164.3 153 144.2 119.8 110.5 97.5 92.7 89.3 85.3 79.1 72.6 66.8 64.3 64.2 63.9 60.9 60.9 60.9 60.9 65.3 67.8 70 74 74.3 74.3 73.1 71.3 70.4 70.6 70.1 70.6 70.9 72.9 73 72.7 72 71.3 70.8 70.9 74.6 75.3 73.5 63.4 56.6
19.9 10.9 22.4 26.3 33.2 39.9 44 51.6 54.7 59.6 65.4 70.3 73.9 77.5 81.5 83.1 84.1 89.7 93.2 99.8 107.5 115 117.6 124.9 133.6 143.7 158.3 174.9 172.9 178.6 186.8 184.2 190.3 194 207.6 216.5 219.7 209 196.4 179.2 161.9 149.1 124.4 115.6 103.9 97.3 92.9 88.2 78.6 73.5 68.3 64.3 65.9 64.8 60.9 60.9 60.9 60.9 66.2 68.8 70.7 74.1 75.9 75.7 72.6 70.8 68.8 68.3 67.9 68.5 68.8 71.4 70.2 69.3 69.7 68.8 67.9 65.2 67.9 67.5 64.2 56.8 53.2
20.5 12.9 21.9 25.1 30.1 36.5 40.5 47.6 52.7 57.3 63.1 69 73.1 76.4 79.4 81.1 82.9 90 94.7 104.6 113.7 122.4 126.1 136.8 146.7 160 174.9 193.8 194.1 196.6 196.9 202 203.5 217.3 221.6 222.4 221.8 210.5 196.3 183.8 166.5 148.8 127.7 119.4 109.6 102.7 94.2 89.3 81.7 75.1 70.2 65.4 67 66.7 61.9 60.9 60.9 61.3 67.3 66.7 70.1 74.4 77.1 77.5 74.5 70.5 67.2 66.3 66.8 65.5 66.5 69.8 68.1 64.2 67.8 65.9 65.1 61.4 60.8 61.5 57 54.1 51.9
21.7 14.8 20.8 22.1 27.4 34.1 37.9 42.5 49.3 54.8 60.2 65.5 69.9 74.2 76.6 80.2 84.7 91.6 96.4 108.7 119.5 129.5 134.7 145.8 159.6 175.4 188 206.8 211.7 216.4 214.1 214.2 213.4 221.9 223.1 219.9 216.1 207 194.7 175.5 163.7 150.1 132.2 118.3 110.4 102.9 95.1 91.3 86.7 76.5 69.9 67.1 67.1 66.9 64.3 63.4 60.9 63.7 67.3 67.4 70.4 74.7 77.9 79.1 76.2 72.4 67.7 62.1 62.2 63.2 64.1 65.4 63.9 60.9 59.5 58.6 58.2 57.4 55.5 54.5 50.7 52.2 51.9
25.5 17.7 9.7 19.2 26.2 31.5 36.3 40.9 46.6 53 58.4 63.6 68.5 71.8 74.6 79 84.1 91.2 99.1 113 126 137.9 142.4 150.5 167.5 187.7 200.3 213.9 221.7 223.7 220.4 219.4 217.5 216 212.8 211.6 205.8 201.4 187.9 173.8 161.1 147.2 130.1 116.1 109.8 103 96.6 91.4 86.7 74 68.4 66.6 66.5 69.6 65.6 64.5 60.9 62.4 66.9 68.2 68.7 74.6 78.4 78.7 77.9 73.8 67.8 61.6 58.5 60.7 61.6 61.1 60.4 57.2 53.6 52.1 52.8 53.1 50.8 45.7 45.4 47.2 49.7
24.3 24.2 10.2 18.3 24.3 28.5 35.4 38.6 44.4 50.5 56 61.7 65.1 65.7 72.7 77.3 82.8 91 102.4 115.2 129.6 143.6 150.8 155.5 173 190.8 207.5 214.8 221.2 222 217.4 216.3 212.2 207.3 203.8 197.1 191.1 188.8 179.6 166 153.9 144 129.7 114.1 110.1 102.5 94.1 87.9 80.7 71.2 67.5 67 65 65.9 65 66.1 62 61.3 70.8 69.1 68.4 71.7 73.7 76.2 79.3 74.1 68 61.3 58.1 56.6 57.6 56.9 54.9 55.3 52.3 48.8 47.5 49.1 45.7 42.6 43.1 43.8 45.4
26.4 22.9 12.2 17.3 22.6 27.2 32.2 36.5 42.6 48.1 53.2 58.8 60.4 64.6 69.7 74.8 80.7 90 99.7 112.9 129.4 144.8 153.8 159.4 172.3 190.3 201.7 205.3 213.6 215.2 210.3 206.8 204.1 199 193.8 187.7 182.8 181.3 172 161.7 151.6 141.8 128.5 117.1 111.4 102.4 92.4 87.1 78.9 71 66.8 65.8 65.1 64.9 64.9 65.7 63.5 61.3 72 70.2 69.2 69.5 71.8 74.2 81 74.3 63.3 58.9 57.3 56.1 55 53.9 52.4 53.7 50 46.8 45.2 43.9 42.6 42.2 41.5 41.7 41.8
