app/static/ascii/NB13.asc
ncols 200
nrows 200
xllcorner 110000
yllcorner 930000
cellsize 50
[rows 152 to 189 of 200, columns 0 to 86 of 200]
16.5 10.4 7.4 3.4 8.9 24.4 47.3 85.2 105.6 115.1 108.8 98.4 90.3 80.3 71.6 58.6 48.3 45 37.5 24.4 19.3 20.2 14.5 -1.7 -1.7 6.4 5 6 6.5 6.1 4 -1.7 -1.7 -1.7 -1.7 -1.7 12.2 18.5 31.7 39.9 58.6 64.6 65.5 78.3 75.5 68.6 60.8 62.1 49.7 36.4 -1.7 -1.7 -1.7 -1.7 -1.7 -1.7 -1.7 -1.7 -1.7 -1.7 -1.7 -1.7 -1.7 -1.7 -1.7 -1.7 -1.7 -1.7 6.9 9.8 22 20.5 22 15.2 -1.7 -1.7 -1.7 -1.7 -1.7 -1.7 -1.7 -1.7 -1.7 -1.7 7.3 10.4 7.4
10.9 8 6 5.5 6.6 21.1 45 75.7 97.7 109.2 113.2 99.5 90.7 82.2 73.5 57.8 47.5 43.9 37 27.1 26.8 27.4 21.9 13.3 -1.7 -1.7 3.1 6.4 6.4 6.2 6.1 4.2 -1.7 -1.7 -1.7 10.2 24.1 32.9 43.1 56 72.6 72.6 77.1 87.5 85.5 78.9 65.3 61.8 50.6 34.6 -1.7 -1.7 -1.7 -1.7 -1.7 -1.7 -1.7 0.3 -1.7 -1.7 -1.7 -1.7 -1.7 -1.7 -1.7 -1.7 -1.7 -1.7 10.2 10.8 18.7 20.8 19.1 14.5 -1.7 -1.7 -1.7 -1.7 -1.7 -1.7 -1.7 -1.7 -1.7 -1.7 4.4 7.8 10.9
12.1 8.9 7 6.9 5.4 17.8 39.2 69.5 90.5 100.1 110.4 98.6 88.3 78.6 71.1 61.9 48.7 42.7 36.1 32.8 31.8 34.6 29.3 24.6 6.9 -1.7 -1.7 7 7.5 7.2 8.5 7.9 5.7 5.4 8 20.3 30.8 46.7 60.6 72.3 83.2 81.9 84.4 94.8 93.1 85.3 66.7 56 49.5 37.7 22.2 -1.7 -1.7 -1.7 -1.7 -1.7 -1.7 7 -1.7 -1.7 -1.7 -1.7 -1.7 -1.7 -1.7 -1.7 -1.7 -1.7 -1.7 10.8 16.1 12.7 10.2 8.9 -1.7 -1.7 -1.7 -1.7 -1.7 -1.7 -1.7 -1.7 -1.7 -1.7 -1.7 4.9 8.5
19.7 12.8 10.1 9.7 8.2 14.8 32.5 57.9 86.3 90.8 101.5 96.5 85 84.6 77.9 63.8 51.1 42.3 39.1 36.4 38.1 43 38.6 33.9 18.5 -1.7 -1.7 7.5 9.1 8.9 11.3 10.7 9.1 10.7 17.4 28.1 44.9 54.3 73.3 77.3 85.1 86 95.8 100.9 97.1 85.1 66.5 51.7 48.2 37.1 26.4 -1.7 -1.7 -1.7 -1.7 -1.7 16.8 2 -1.7 -1.7 -1.7 -1.7 -1.7 -1.7 -1.7 -1.7 -1.7 -1.7 -1.7 12.1 11.2 8.5 7.4 4.2 3.9 -1.7 -1.7 -1.7 -1.7 -1.7 -1.7 -1.7 -1.7 -1.7 -1.7 2.6 4.1
27.4 18 13.7 10.2 9 9.4 26.9 49 74.5 85.2 88.9 91.5 80.7 79.4 74.3 62.7 52.6 43.6 41.6 46.1 47.1 51.3 44.8 41.5 34.4 8 -1.7 6.2 8.8 9.7 12.2 11.5 13.1 15.7 25.7 37.8 48 61.3 83.2 77.2 81.4 91 108.2 103.1 89.9 84.2 69.7 47 39.5 30.1 18.8 -1.7 -1.7 -1.7 -1.7 -1.7 18.5 -1.7 -1.7 -1.7 -1.7 -1.7 -1.7 -1.7 -1.7 -1.7 2.7 0.5 1.6 9.3 7 10.2 7.1 7.4 3 -1.7 -1.7 -1.7 -1.7 -1.7 -1.7 -1.7 -1.7 -1.7 -1.7 -1.7 -1.7
31.1 21.1 15.1 10.7 11 6.2 19.3 40.6 60.6 75.2 78.2 82.8 73 73 65 62.9 52.2 46.4 49.9 55.3 50.9 54.3 46.6 48.1 40.2 15.4 5.1 5.3 8 8.8 12.7 14.4 16.2 21 32.4 43.9 49.6 63.4 76.7 79.2 83.6 94.8 96.6 91 84.2 75 65.5 49.8 29.3 23.2 8.5 -1.7 -1.7 -1.7 -1.7 11.6 17.9 -1.7 -1.7 -1.7 -1.7 -1.7 -1.7 -1.7 -1.7 -1.7 -1.7 2 2.6 7.4 5.2 4.3 2.2 3.4 1 -1.7 -1.7 -1.7 -1.7 -1.7 -1.7 -1.7 -1.7 -1.7 -1.7 -1.7 -1.7
41.7 29.7 21 11.1 8.4 7.2 12 32.3 51 64.1 67.7 74.4 67.9 66.2 63.2 62.1 57.7 53.6 57.1 59.1 53.5 55.7 53.6 48.2 38.5 22.9 7.4 5.1 6.3 6.6 11.1 16.3 18.8 23.1 35.3 49.4 56.7 61.8 77.2 85.2 87.1 94.3 92.2 82.1 73.7 64.5 57 39.8 21.8 13.1 -1.7 -1.7 -1.7 -1.7 -1.7 9 13.7 -1.7 -1.7 -1.7 -1.7 -1.7 -1.7 -1.7 -1.7 -1.7 -1.7 -1.7 -1.7 5.9 4.4 2 2 2 2 -1.7 -1.7 -1.7 -1.7 -1.7 -1.7 -1.7 -1.7 -1.7 -1.7 -1.7 -1.7
54.6 40 27.7 17.4 14.3 9.6 6.5 24.3 42.7 57.7 63.9 65.8 65.8 65.3 63.7 63.9 65.8 65.4 64.5 63.4 56 58.4 55.3 44.6 37.9 24.4 7.3 3 4 4.8 10.2 17.3 22.5 27.4 31.5 54.9 58.8 63.5 74 78.7 86.5 90 84.5 75.3 59.6 47 34.2 26.4 15.6 10.6 -1.7 -1.7 -1.7 -1.7 -1.7 -1.7 -1.7 -1.7 -1.7 -1.7 -1.7 -1.7 -1.7 -1.7 -1.7 -1.7 -1.7 -1.7 -1.7 3.9 3.5 2 2 4.5 6.1 2 12 -1.7 -1.7 -1.7 -1.7 -1.7 -1.7 -1.7 -1.7 -1.7 -1.7
67.3 54.4 36.7 26 19.2 11.4 7.9 15.5 35.2 52 60.6 64.3 64.9 64.5 66.3 68.7 73.8 74.2 67 64.2 57.1 58.5 55.4 45.8 38.5 20.2 9 2.8 2.8 2.8 8.7 16.9 24.6 30.2 34.9 49.2 55 58.3 65.1 72 75.6 73.6 74.6 67.6 55.6 34.9 23.7 15.9 10.7 5.2 -1.7 -1.7 -1.7 -1.7 -1.7 -1.7 -1.7 -1.7 -1.7 -1.7 -1.7 -1.7 -1.7 -1.7 -1.7 -1.7 -1.7 -1.7 2 4.1 7.3 7.4 8.2 10.3 9.4 7.5 13.1 6.9 -1.7 -1.7 -1.7 -1.7 -1.7 -1.7 -1.7 -1.7 -1.7
79.3 62.4 41.7 35 19.5 13.9 9.8 7.8 27 46 56.9 62.7 63.6 66.1 68.3 71.1 74.8 73 69.1 64.2 58.3 55.3 52.8 47.1 34.2 21.2 9.4 2.8 2.8 2.8 8.2 15.8 25.9 32.3 36.7 41.7 46.4 52.8 60.2 68.6 70.7 73.1 78 67.5 52.7 31.6 16.5 10.6 18.8 9.2 5.9 -1.7 -1.7 -1.7 -1.7 -1.7 -1.7 -1.7 -1.7 -1.7 -1.7 -1.7 -1.7 -1.7 -1.7 -1.7 1.7 5 9.2 11 11.9 14 15 14.1 11.5 9.2 12.2 11.9 6.1 -1.7 6.1 -1.7 -1.7 -1.7 -1.7 -1.7 -1.7
84.6 60.5 46.6 38.2 21.8 14.1 10.4 7.9 17.3 36.8 50.3 61.7 63.5 65.5 70 73.9 82.4 76.4 70.1 63.7 60.8 56.6 56.3 44.3 29.5 19.8 12.8 2.9 2.8 2.8 2.8 12.4 23.3 30.8 32.9 36.5 39.8 48 59.1 74 74.4 77.8 75 61 40.5 23.4 16.3 16 25.2 15.9 17.8 -1.7 -1.7 -1.7 -1.7 -1.7 -1.7 -1.7 -1.7 -1.7 -1.7 -1.7 -1.7 -1.7 -1.7 -1.7 3.9 7 9.5 12.6 15 15.1 16.4 13.2 10.3 8.9 17.9 17.3 11.4 4.3 13.5 -1.7 -1.7 -1.7 -1.7 -1.7 -1.7
86.6 57.5 45.9 37.3 22.9 12.5 9.5 8.4 9.7 26.4 42 59 62.4 63.4 72.4 72.4 86.7 82.7 74 63.1 61.1 55 49.5 43.5 34.4 25.6 13.5 3.2 2.8 2.8 2.8 9.6 18 27.1 31.5 35.5 40 45.4 54.2 70.7 75.9 73.6 66.8 50 33.7 20.2 24.4 24.4 22.8 24.4 14.2 -1.7 -1.7 -1.7 -1.7 -1.7 -1.7 -1.7 -1.7 -1.7 -1.7 -1.7 -1.7 -1.7 -1.7 -1.7 6.2 9 10.4 16.5 17.1 16.4 15.1 11.5 9 8.5 22.7 20.7 17.1 14.4 19.8 14.3 -1.7 -1.7 -1.7 -1.7 -1.7
84 58.5 45.5 37.9 21.7 12.8 10.4 9.5 8.7 15.9 33.9 49.2 60.8 61.6 69 69.4 80 82 67.9 59.6 56.9 53.9 48.4 44.3 39.9 28 12.3 5.1 2.8 2.8 2.8 4.4 16.7 25.3 34.3 38.2 41.9 45.1 48.9 58.4 67.9 64.2 56 42.5 25.6 19.4 17.8 21.5 18.6 23.3 11.5 -1.7 -1.7 -1.7 -1.7 -1.7 -1.7 -1.7 -1.7 -1.7 -1.7 -1.7 -1.7 -1.7 -1.7 -1.7 9.5 10 13.2 18.4 19.6 18.4 16.8 12 9.4 8.9 17.9 22.8 22.5 21.6 35 31.8 11.2 2 6.6 -1.7 -1.7
90.8 66.3 51.2 39.5 25.2 15.9 15 11.3 8.9 9.5 23.7 42.3 56.2 60.2 66 66.5 70.5 73.3 66.5 58.4 58.4 57.1 51.7 46.8 39.5 28 12.8 3.5 2.8 2.8 2.8 2.8 14.1 25.9 36.3 41.1 45.5 48.7 50.8 56.1 55.5 52.6 43.7 35.7 22.3 19.1 18.8 20.1 30.9 42.8 26.2 11 -1.7 -1.7 -1.7 -1.7 -1.7 -1.7 -1.7 -1.7 -1.7 -1.7 -1.7 -1.7 -1.7 -1.7 7.6 9.3 13.4 18.5 20 19.5 17.2 11.2 10.8 11.7 21.5 23.7 20.7 23.7 47 39.1 18.3 10.4 4.3 1.4 -1.7
96.9 71.7 55.3 41.8 28.7 18 18 14.7 12.2 8.7 12.1 32.5 46.2 55.3 63.6 65.7 64.8 69.9 63 58.7 56.7 55.3 52.4 48.3 38.7 27.4 14.2 2.8 2.8 2.8 2.8 2.8 9.6 24.8 36.4 42.9 47.8 52.5 52.7 53.2 49.2 38 32.6 29.5 28 29.1 32.3 42.3 49 55.8 40.4 22.1 6.2 -1.7 -1.7 -1.7 -1.7 4.9 8.1 9.6 -1.7 -1.7 -1.7 -1.7 -1.7 -1.7 -1.7 3.3 8.5 14.3 19.3 17.3 17.4 14.3 13 14.7 21.5 24.9 26.9 41.9 60.2 40.9 26.2 24.3 11.4 5.8 -1.7
94.1 73 59.2 45.7 29.4 19.6 20.3 18.6 16.2 16.5 10.4 22 35.7 50.7 58.9 66.9 64.3 61 57.5 56 53.1 52.2 50.6 45.6 35.8 27.8 11.5 3.3 2.8 2.8 2.8 3.9 9.1 21.4 36 42.8 47 52.5 47.9 47.3 40 33.7 32.2 34.1 40.1 45.2 46.5 51.1 63.3 66.8 55.2 30.7 14.4 -1.7 -1.7 -1.7 -1.7 7 8.5 14.8 6.4 2 -1.7 -1.7 -1.7 -1.7 -1.7 1.7 5.2 10.6 15.6 20 21.1 21 17.2 17.4 24.2 30.8 36.2 50.6 67.5 49.2 33.7 36.3 30.1 12 5.5
101.3 80.9 63.9 52.3 33.5 21.2 24.8 19.6 18.7 19.9 11.8 14.9 30.2 45.6 54.4 63.7 62.3 58.3 55.7 53.6 51.7 51.5 47.3 41.2 35.6 27.2 17.4 2.8 2.8 2.8 3.2 5 9 17.1 33.6 38.9 39.9 44.1 46.7 47.6 46.8 40.8 37.1 37.7 46.2 56.2 59.8 63.9 77.4 79.7 61.6 35.8 21.6 -1.7 -1.7 -1.7 3.8 10.2 11 24.6 10.9 -1.7 -1.7 -1.7 -1.7 -1.7 -1.7 -1.7 5.1 8.7 17.8 24.9 29.3 24 17.2 18 27.6 40.6 48.3 54.6 71.9 57.1 39.7 43.5 44.4 23 13.6
114 88.6 71.8 60.6 36.3 22 21.8 22.7 22.5 24.2 22.5 12 26.6 41.8 51.5 57.2 59.5 56.6 54.3 52.7 50.9 48.4 45.4 44.8 40.6 30.6 19.1 4.8 3.2 3.2 4.9 5.9 9.2 16.1 26 34.2 37.1 42.1 46.5 55.4 52.2 47.4 45.9 46.4 58.8 64.8 69 72 92.4 92.4 69.1 48 24.1 11 -1.7 -1.7 -1.7 12.7 13.4 12.8 8.3 -1.7 -1.7 -1.7 -1.7 -1.7 -1.7 -1.7 4.5 8.7 16.7 23.3 24.7 23.6 17.2 19.6 31.8 51.8 59.4 69 77.6 69.9 53.9 54.3 56.3 34.8 22.2
119.1 102.7 88.6 71.7 44.4 25.7 24.3 25.8 27.2 26.9 26.9 10.3 24.1 38.9 47.3 52.3 55.1 54.9 54.4 52.9 50.8 49.2 46.7 44.5 40.8 29.7 14.6 4.6 4.1 4.8 5.5 6.3 9.6 16.5 21.3 30.2 35.7 42.2 45.9 49.8 48.7 45.8 45.5 54.9 71.8 68.1 72.9 88.1 102.2 98.6 81.3 51 33.6 16.7 -1.7 -1.7 -1.7 14.4 18 15.3 7.9 -1.7 -1.7 -1.7 -1.7 -1.7 -1.7 -1.7 -1.7 6.2 12.4 22.4 22 17.9 17.8 21.7 29.4 59.5 69.7 72.1 83.9 77.8 66.3 61.2 65.7 45.2 23.7
127.4 110.4 96.6 77.9 47.7 30.1 27.9 28.8 32 26.3 24.9 18.4 18.2 32.8 42.6 48.1 52.4 53.2 54 53 50.9 49.9 47.9 43.2 35.8 29.7 16.2 5.9 5.3 6.4 6.4 6.1 9.1 17.7 21.4 27.1 34.5 43 47.5 48.8 48.2 45.5 45.5 51.8 76.7 84.4 93.8 105.2 108.5 105.1 87.2 66.8 44.3 22.1 9.9 -1.7 -1.7 13.4 18.6 22 16.5 9.8 -1.7 -1.7 -1.7 -1.7 -1.7 -1.7 -1.7 -1.7 8.7 17.1 16.7 16.4 20.7 19.1 27.9 59.6 72.2 78.7 93.9 92.4 83 68.8 65.6 51.6 26.8
125.6 108.2 91.6 75.3 43.6 34.1 28.4 30.1 32.6 28 23.7 19.5 12.5 28.7 37.5 44.5 50.7 52.2 53.2 52.8 51.6 49 46 42 33.8 24.9 13.8 8 6.6 8.1 8.5 8.9 11.1 18.5 23.8 26.6 34 43.3 52.3 54.8 49.9 45.5 45.5 45.5 74.9 99.8 110.4 114 114 111 90.7 70 47.9 24.3 11.8 -1.7 -1.7 -1.7 18 23.2 21.4 13.1 6.2 -1.7 -1.7 -1.7 -1.7 -1.7 -1.7 -1.7 3.5 7 11.7 19.2 21.6 17.8 31.1 51.2 74 85.3 93.2 103.4 94.1 74.8 67.8 53.4 38.8
129 107.9 84.8 73.9 47.6 36.4 30.1 31.1 30.3 26.5 23.6 20.8 14.4 19.6 33 39.6 47.2 51.1 52.3 52.2 51.7 48.2 44.8 38.5 32.7 23.8 13.6 10.2 8.9 10.6 10.7 11 13 20.8 26.5 26.7 33.5 43.3 56 55.8 51.7 46.6 45.5 51.8 73 104.9 121.5 122.5 118 109.1 93.3 73.6 52.5 29.2 11.7 -1.7 -1.7 -1.7 13.2 24.1 21.2 13.2 9.2 -1.7 -1.7 -1.7 -1.7 -1.7 -1.7 -1.7 1.9 2.9 17.6 25.2 22.9 17.2 30.9 53.9 72 92.7 95.4 110 101.1 81.3 72.3 62.2 43.4
120.5 97.9 88.3 77 51.4 40.1 34.4 31.2 32.2 26.7 23.5 21.1 20.2 12.9 26.4 35.7 43.7 48.6 51.9 52.1 51.4 47.9 45.1 41.9 32.8 24.1 16.6 12.7 12.2 13.1 13.2 13.8 16 22.7 28.6 27.7 31.2 46.5 51.7 54.3 51.7 51.2 51.9 57.5 80 97.2 120.2 124.5 118.2 107.2 94.5 77.8 53 28.6 14.4 -1.7 -1.7 -1.7 -1.7 22.9 20 7.2 6.6 3.8 -1.7 -1.7 -1.7 -1.7 -1.7 -1.7 -1.7 -1.7 15.5 20 24.6 17.7 27.9 50.9 69.5 97 103.5 110.3 104.3 86.2 76.9 69.7 45.4
116 100.8 92 78.1 56.8 45.3 35.8 30.8 30.1 28 23.9 24.7 22.8 14.9 20.1 31.6 39.9 47.4 51 51.7 51.1 48.1 45.3 42.4 37.2 29.9 20 16.4 15.6 16.9 17.7 16.8 17.8 26.9 32.7 30.2 26.9 44.5 47.5 51 52.1 52.4 55.4 63.5 79.8 103 116.7 124.8 118.8 104.5 85.5 66.6 46.9 29.7 12.4 -1.7 -1.7 -1.7 -1.7 19.5 20.8 4.7 1.5 -1.7 -1.7 -1.7 -1.7 -1.7 -1.7 -1.7 -1.7 -1.7 5.8 12.9 19.4 16.6 24 48.8 73.1 95.8 102.8 107.4 108.5 89.6 77.2 68.8 52.4
119 106.6 93 79.9 59.4 43.6 34.9 30.2 29.6 30.3 25.4 23.9 22.7 18.8 16.2 27.1 36.1 43.4 50.7 52.6 51.8 50.3 47.5 43.5 38.2 29.4 23.8 19.9 18.8 21.4 20.8 19.8 19.4 24.6 31.5 30.1 26.9 38 46 51.8 57.8 56.8 61.4 69.2 88.1 110.9 118.9 119 114.9 100.4 81.3 64.9 45.5 26.2 9.8 -1.7 -1.7 -1.7 -1.7 16.7 16.1 -1.7 -1.7 -1.7 -1.7 -1.7 -1.7 -1.7 -1.7 -1.7 -1.7 -1.7 -1.7 8.2 12.3 15.4 22.8 47.1 75.2 94 100.9 101.9 110.2 91.4 80 73.9 64.6
115.3 112.7 91.3 76 57.6 43.8 35.1 30.9 29.8 29.2 25.5 24.7 24.6 22.8 15.7 23.7 32.3 40.5 49.9 53.2 52.8 50.4 49.3 44.7 39.4 30.4 25.9 22.6 23.1 25.9 24.9 23.6 21.9 23.5 27.5 28.3 27 32.5 42.7 52.2 57.1 59.2 65.1 77.7 88.2 107.3 114.2 113.9 109.8 101.3 81.5 67.2 46.3 20.5 7.4 -1.7 -1.7 -1.7 -1.7 10.9 11.6 -1.7 -1.7 -1.7 -1.7 -1.7 -1.7 -1.7 -1.7 -1.7 -1.7 -1.7 -1.7 3.5 9.4 14.1 22.2 44.7 71.4 87.3 98.6 105.1 109.9 95.4 85.1 69.2 72.1
110.8 102.2 91.6 74.8 58.8 47.8 36.7 32.1 30.5 28.6 26 25.5 27 25.5 20.3 21.8 29.7 37 44.7 52.9 53.3 50.3 49.1 46.7 42.3 33.9 27.7 26.7 28 30.7 29.7 28.2 25.2 26.4 27.7 28.3 27.4 26.9 38.8 46.8 52 59.6 65.5 77.1 93.5 102.1 108.2 110.7 105.4 98.4 80.1 63 46.1 19.3 8.6 -1.7 -1.7 -1.7 -1.7 5.5 3.5 -1.7 -1.7 -1.7 -1.7 -1.7 -1.7 -1.7 -1.7 -1.7 -1.7 -1.7 -1.7 -1.7 4.6 12.3 26.2 42.3 74.6 87.1 92.9 102.9 108.6 97.4 83.4 71.8 76
106.4 101.5 89.2 73.1 63.8 50.3 39.8 34.4 33.8 32.4 31.1 32 33.3 29.7 20.6 20.2 27.6 34 40.1 49.7 54.5 49.9 48.9 48.9 45.3 34.4 30 33.2 33.6 36.6 35.3 32 29 28.7 29.4 30.1 28.2 27.1 34.8 42.6 52.7 63.5 68.1 76.2 96.8 101.5 106 110.1 105.7 95.8 88.4 63.4 45.6 21.5 6.7 -1.7 -1.7 -1.7 -1.7 -1.7 -1.7 -1.7 -1.7 -1.7 -1.7 -1.7 -1.7 -1.7 -1.7 -1.7 -1.7 -1.7 -1.7 -1.7 -1.7 -1.7 27.4 39 73.2 84.8 88.3 97 104.1 95.4 88.8 77.4 83.9
102.6 99.1 85.6 75.2 63.9 51 41.5 40.9 42.9 42 39.9 40.2 45.4 37.3 21.4 18.7 24.3 31.8 37.4 44.8 50.7 48.7 48.9 50.8 45.9 38.5 34.8 39.9 40.1 43.7 42 36.3 33.2 33.4 35.3 34.9 30.8 28.6 33.2 39.8 50.2 71.5 75.5 77.3 93.6 108.1 110.7 103.3 99.6 93.5 83.7 65.6 38.2 21.7 5.6 -1.7 -1.7 -1.7 -1.7 -1.7 2 -1.7 -1.7 -1.7 -1.7 -1.7 -1.7 -1.7 -1.7 -1.7 -1.7 -1.7 -1.7 -1.7 -1.7 -1.7 14.7 32.3 66.2 85.4 86.6 93.4 99 100.1 95 85.1 89.9
100.8 97.6 87.8 74.4 66.6 61 56.9 52.3 54.9 52.3 49.2 47.2 43.7 34.3 24.2 21.1 20.7 29.1 35.5 40.7 45.3 47.2 47.4 48.7 47.9 40.7 39.4 46.8 45.1 46.7 47.7 42.8 38.2 37.6 40.4 40.7 33.9 31.4 33.2 37.5 49.9 69.5 78.4 77.9 91.5 107.3 114.2 102.8 96.2 98.2 79.2 62.2 41.1 24.2 8.9 -1.7 -1.7 -1.7 -1.7 -1.7 2.4 -0.2 -1.7 -1.7 -1.7 -1.7 -1.7 3 -1.7 -1.7 -1.7 -1.7 -1.7 -1.7 -1.7 -1.7 -1.7 30.4 55.2 79.1 88.5 95.7 99.3 102.9 92.5 93.3 95.2
95 90.5 88.7 81.1 76.7 72.6 68.4 64.2 67.9 64.9 58.7 50.3 38.4 34.5 35.2 27.1 22.6 25.2 33.3 37.7 41.8 47.4 46.7 46.4 47.6 44.5 43.3 50.8 51.3 51.1 51.8 50.5 46 43.2 47.3 48.5 36.9 31.5 33 37.5 46.4 60 68.6 75.5 88.8 99.7 101.1 97.8 92.8 89.1 77.8 57.5 38.9 23.8 8.9 -1.7 -1.7 -1.7 -1.7 -1.7 -1.7 1.2 -1.7 -1.7 -1.7 -1.7 2 3.7 -1.7 -1.7 -1.7 -1.7 -1.7 -1.7 -1.7 -1.7 -1.7 22.5 47.3 78.7 91.5 96.1 96.6 97.1 96.6 99.6 104.8
89.8 87.5 85.8 86.5 82.1 79.6 76.4 74 79 78.9 68.5 54.8 46.9 47.1 46.1 39 30.4 23.8 30.5 36 39.5 44.2 45.8 46.1 48.3 46.3 47 57.1 59.2 60.2 61.5 59.5 54.2 52 56.2 60.9 43.9 31.9 32.3 36 42.3 60.1 62.4 70.3 89.2 97.3 103.4 98.3 98.2 91.7 72.8 53.2 33.4 17.3 7.5 -1.7 -1.7 -1.7 -1.7 -1.7 -1.7 2 -1.7 -1.7 -1.7 -1.7 2 2 -1.7 -1.7 -1.7 -1.7 -1.7 -1.7 -1.7 -1.7 -1.7 20.9 54.1 76.8 96.4 95.4 94.8 87.1 93.1 103.6 107.5
91.9 88.8 85.3 83.5 86.2 86.3 82.8 81 92.6 83.4 71.2 64.6 63.9 69.6 66.9 56 40.6 25.2 27.2 33.7 37.8 40.4 42 45.4 48.7 47.7 49.2 65.4 68.9 68.2 70 68.8 64.2 61.2 66.1 65.9 50.4 31 31.1 34.3 39.3 51.2 60.9 69.6 93.3 102.3 102.7 104.9 104.8 93.5 71.2 43.3 27.7 17.6 7.9 -1.7 -1.7 -1.7 -1.7 -1.7 -1.7 4.1 -1.7 -1.7 -1.7 -1.7 2.1 -1.7 -1.7 -1.7 -1.7 -1.7 -1.7 -1.7 -1.7 -1.7 3.3 25 52.8 76.1 89.6 90.9 83.5 84.4 94.4 103.9 110.2
95.9 90.4 87.7 85.8 94.8 95.8 89.7 92 87.8 80.5 74.3 81.2 83.3 90.1 82.1 66.9 51.8 34.2 25.8 28.2 33.5 37 39.3 44.4 46.1 46.7 49.1 67.2 77.4 76.4 77.1 80.5 74.6 70.4 71 62.9 47.1 32.1 29.9 31.6 36.8 48.2 66.9 70.5 80.3 96.7 100.8 103.2 102.7 100.3 79 49.7 38.3 23.2 11.4 -1.7 -1.7 -1.7 -1.7 -1.7 -1.7 10.5 4.9 2.1 5.4 7 6.7 -1.7 -1.7 -1.7 -1.7 -1.7 -1.7 -1.7 -1.7 -1.7 5.3 20.7 48.1 67.6 82.5 82.9 77.7 89.4 101.8 102.8 111.9
96.9 91.6 90.6 88.5 97.6 106.3 101.4 94.1 91.6 86.3 87.7 105.5 102.9 108 97.4 84.5 60.8 42.5 34.7 32.4 30.8 32.9 37.2 43.6 44.8 47.8 51.5 62.2 73.5 78.9 87 92.7 86.4 83 69.4 65.3 48.2 30.7 28.1 29.1 31.7 45.9 64.9 74.4 78.6 91.6 99.9 103.9 103.5 100.3 81.4 58.5 44.8 29.4 13.2 -1.7 -1.7 -1.7 -1.7 -1.7 -1.7 12.5 8.8 5.7 10.6 13.6 11.9 6.5 -1.7 -1.7 -1.7 -1.7 -1.7 -1.7 -1.7 2.8 6.1 13.3 35.5 53.3 70.7 71.5 76 100.9 113.2 103.6 112.8
94.9 92.5 92.8 91.7 96.7 99.7 98.6 98.2 95.2 91.9 107.2 128.9 121 120 115.6 91.5 69.7 53.5 40.2 35 32.2 31.7 35.3 40.6 44.5 49.2 58.9 64.1 73.2 86.9 102.9 113.1 102.3 100 83.7 67.6 48.7 29.8 26.4 26.5 28.9 37.5 62 74.6 77.6 89.9 101.2 102.4 106.3 97.4 79.6 63.2 43 33.7 19.3 1.9 -1.7 -1.7 -1.7 3.9 -1.7 14.3 12.5 11 15 14.7 14.1 9.9 4.7 -1.7 -1.7 -1.7 -1.7 2 2.3 3.1 8.1 13.3 26.3 46.7 60 68.5 84.6 98.3 112 109.5 111.8
89.8 92.6 93.2 92 94.4 97.7 103.8 103.1 102 100 134.6 156 142.3 133 124.3 104.1 78.7 62.9 45 38.4 32.7 31.7 34.3 37.4 44.2 49.7 69.1 68.8 74.4 95.1 114.1 123.3 115.9 112.1 100.9 74.4 50.3 29.8 24.7 24.6 26 28.6 54.4 69.4 74.7 85.5 97.9 103.4 106.4 92.8 81.3 61.8 42.6 29.1 19.3 -1.7 -1.7 -1.7 -1.7 9.5 7.9 23.6 19 15.4 17.8 18.2 13 11.7 10.2 2 3 2 4 3.9 2.6 4.2 11.9 24.5 24.2 42.5 55.1 78.9 87.5 93.5 106.1 107.5 106.7
88.7 90.6 90.9 91.4 93.3 112.2 110.1 110 109.3 123.8 158 163.8 156.2 144 133.7 111.6 92.6 71.7 49.8 40.4 33.1 31.9 33.4 36.2 44.1 50.3 67.9 73.1 78.6 102.9 117.4 133.4 125.8 119.6 103.7 82.4 56.8 31.2 23.9 23.3 23.5 25.1 40.9 64.3 70.5 82.4 95.4 104.1 102.5 97.7 92.5 72.8 48 28.7 14.9 -1.7 -1.7 -1.7 -1.7 17.3 12.8 23.6 22.3 21.6 18.9 22.7 20.5 14.6 10.9 3.2 3.5 6.3 4.9 3.3 3.6 7.4 18.6 28.5 31.6 40.6 55.8 81 88.8 92.6 98.5 98.9 97.3
