app/static/ascii/NB21.asc
ncols 200
nrows 200
xllcorner 120000
yllcorner 910000
cellsize 50
[rows 37 to 73 of 200, columns 83 to 165 of 200]
26.3 23.6 23.6 25.2 25.4 23.8 23.9 24.8 23 21.9 25.1 25 24.2 23.2 21.8 19.2 19.9 26.6 25.3 22.4 22.6 24.3 28.8 30.6 32.9 33.2 35.6 35.6 32.5 28.7 22.3 19.8 19.8 19.8 19.8 21.3 26.6 26.7 25.5 24.3 27.8 42.2 53.3 68.8 75.8 71.1 67.2 67.9 79.8 72.9 64.6 56.3 51.1 46.7 40.1 35.2 32.6 37.9 38.7 42.9 48 57.6 60 60.1 62.4 56.9 48.5 43.7 43.6 43.2 39.1 37.8 39.3 29.7 25.1 29.9 32.6 36 39.6 31.3 27.2 26.4 25.8
28.4 26.3 30.5 30.8 27.6 27.7 31.5 28.8 25.1 26.1 27.4 24.8 25.3 22.3 20.8 19.3 23.3 26 23.7 23.2 23.6 31.8 33.5 35.7 38.9 37.6 34.6 35 30.7 26.1 19.8 19.8 19.8 19.8 20.6 26.4 28.5 27.5 26.6 25.3 27.8 44.9 59.2 68.6 71.3 68 65.4 64.7 74.3 69.6 59.3 52.3 46.5 43.2 35.2 32.6 32.6 37.6 38.1 38.7 45 51.8 51.1 48.5 49.9 50.6 42.6 38.7 38.8 40.2 38.7 36.7 35 28.8 24.6 30.7 33.1 36.8 36.7 31 25.3 24.6 23.9
31.1 31 34.5 31.3 30 31 33.8 31 27 31.6 29.1 23.3 21.7 21.7 21.2 20.2 22.3 25.8 25.8 25.5 26.1 31.7 36.4 38.6 43.1 40.2 38.2 34.4 30.3 25 19.8 19.8 19.8 19.8 19.8 30.7 30.1 28.8 28.3 27.8 28.1 44.9 58.7 66.8 71.3 66.7 62.9 62.4 67.4 63.2 55.3 48.4 43.2 39 32.6 32.6 32.6 36 36.6 37.5 38.8 45 43.9 37.2 37.3 39.2 37.1 34.7 34.7 36.9 38 33.6 29.4 26 24.8 29.8 33.6 37.1 34.3 29.7 25.7 24.4 23.7
32.6 32 33.5 32.8 32.8 34.5 36.2 30.2 27.4 28.4 26.4 24.1 20.5 21 23.2 21.6 26.2 28.8 27.5 26.9 28 32.3 36.6 39.2 43.7 43.2 39 37.5 29.5 23 19.8 19.8 19.8 19.8 25.5 30.5 30.5 31.7 32.7 32.1 31.7 41.3 57 66.2 71.8 60.1 56.8 57.1 60.7 58 51 44.6 41.8 37.1 32.6 32.6 32.6 32.6 32.6 36.9 36.3 37.5 37.2 34.3 31.7 37.8 35.4 31.7 31.7 36.7 35.6 32.1 32.7 29.5 26.9 34.4 34.6 35.8 34.6 30.7 26.3 24.4 23
33.5 31.5 34 33.9 35.6 35.6 36.4 29.4 26.5 27.9 25.5 23.2 21.3 24.4 25.4 23.8 27.3 29.7 30.1 30.7 29.5 32.7 34.9 38.1 42.6 42.3 37.6 36.5 27.8 23.1 19.8 19.8 19.8 19.8 26.2 30.8 34.1 33.7 36.4 34.8 36 39.4 53.8 58.2 61 54.6 49.6 51.9 54.5 51.2 48.4 43.7 41.1 36.7 32.6 32.6 32.6 32.6 32.6 32.6 34.6 35.8 35.4 35.2 31.7 31.7 31.7 31.7 31.7 36.2 33.3 33.7 32.6 29.2 27.4 34.5 35.2 38.6 36.2 32.5 27.7 25.8 25.4
33.6 30.3 30.3 35.5 36.6 36.2 34.8 27.4 24.5 24.6 22.4 21.5 28.3 26.5 28.4 26.8 31 31.5 34.4 30.7 33.3 36.7 37.2 35.5 37.9 40.3 34.4 32.1 28.1 23.4 19.8 19.8 24.2 23.6 35 36.8 36 36.8 38.2 37.9 39.2 40 45.8 55.1 51.8 50 45.8 44.8 48.6 49.3 47.2 43.7 41.6 38.9 32.6 32.6 32.6 32.6 32.6 32.6 33.8 34.1 33.8 34.5 32 31.7 31.7 31.7 31.7 31.7 31.8 34.4 33.5 30.5 27.8 34.6 34.9 37.4 34.9 33.4 28.8 28.3 28.9
34.2 31.6 30.3 34.9 37.5 34.3 32.5 28 24.6 22.4 22.8 24.1 29 32 33.1 31.4 38.1 35 32.9 32.1 32.9 36.5 34.9 32.6 35.1 37.8 34.4 31.2 27.6 22.4 19.8 28.5 28.5 24.8 31.7 34.4 37 39.1 39.4 40.4 40.6 41.1 41.8 51.6 47.3 46.1 43.9 41.2 43.6 48.9 47 45.5 43.9 40.6 35.5 32.6 32.6 32.6 38.8 36.8 34.8 32.4 32.5 33.6 35.3 31.7 31.7 31.7 31.7 31.7 32.2 35 34.7 30.1 26.8 28.1 33.5 33.4 29.7 31.8 31.9 33.2 30.5
34.1 30.9 30.5 32.6 32.7 33.9 33.6 28.4 24.5 22.8 26.4 26.6 27.9 32.3 33.2 35.9 40.1 38.6 33.8 32.7 32.6 32.6 32.4 31 33.6 37.3 35.7 32 25.9 22.6 32.2 34.2 30.4 27.1 32 34 35.8 39.2 39.8 42.2 42.3 41.3 43.3 43.7 43.4 43.5 44.1 40.2 41.3 45.9 48 46.4 45.4 43 37.7 33.5 32.6 36.6 42.3 38.8 36.3 33.8 31.7 31.7 34.7 31.7 31.7 31.7 36 35 34.5 36.9 36.1 32.9 25.6 25.6 30.7 27.4 27.4 30.7 33.9 35.1 32
36.5 31.2 29.7 29.4 29.1 33.1 30.1 29.3 27.6 28.3 28.4 26.6 28.6 33.5 35.2 39.9 43.5 38.1 33.8 32 32.4 31.5 29.9 29.6 35.2 40.2 34.9 30.8 26.8 26.7 34.3 31 31.1 30.1 29.8 31.7 32.9 34.3 38.5 43.4 41.5 46.3 49.7 41.5 38.4 41.1 41.4 39.6 40.1 43.8 48.8 48 47.1 45 40.5 37 36.7 45.4 43.8 40.3 36.6 35.8 33.2 31.7 34.5 31.7 31.7 35.6 36.9 36.4 36.1 38.8 37.7 34.6 25.6 25.6 28.1 27.4 27.4 28.3 35.3 35.6 31.2
36.2 35.5 33.9 33.2 28.3 28 27.7 31.2 33.6 34.3 31.4 30 30.6 35.3 36.3 39 39.9 37.9 34.3 33.7 31.2 28.9 28.9 28.9 31.3 38.8 34.6 30.4 26.7 27.5 31.4 33 33.9 32.7 30.3 30.7 31.6 32.8 38.8 43.2 41.7 50.5 49.9 38.9 33.4 37.4 40.1 38.3 39.5 43.2 51 49.9 47.8 45.4 42.9 39.9 44 51.2 45.7 39.7 37.5 40.1 36.5 31.7 31.7 31.7 31.7 35.8 37.4 37.2 37.1 40.1 39.3 32.9 25.6 25.6 31.6 28.6 27.4 27.4 33.6 34.6 30
36.2 34.7 40.8 35.8 29.5 26 26 35.4 36.7 36.8 32.2 30.3 31.8 35 33.3 35.1 33.4 30.7 29.8 29.1 27.8 28.1 28.2 28.2 28 37.8 33.7 29.1 26.7 27 29.8 36.3 36.8 35 33.1 32.2 32.2 32.7 40 41.9 41.8 47.7 46.3 39 30 32.9 38.3 37.9 39.8 42.9 52.4 50.4 48.7 46.7 44 42.5 46.2 51.6 46.4 40.8 43.9 45.1 41.9 37.4 31.7 31.7 31.7 34.5 39 38.3 38.4 42.1 39.2 33.2 27.3 26.2 35.7 30 27.4 27.4 29.6 30.2 29.1
35.7 37.1 40.9 34.9 26.3 24.6 26.5 34.8 38.1 34 30.4 30.5 31.3 29.7 28.2 27.4 25.7 24.9 26.8 26.8 26.9 27.1 26.3 25.5 24.9 34.7 29 27.8 26.9 26.9 29.2 35.2 39.1 38.4 35.9 34.5 34.6 34.6 40.8 41 42.3 43.6 43.1 38.1 30.1 26.6 36 39.1 40.9 42.1 44.9 50.5 48.4 46.2 45 44.8 45.4 50.2 43.9 43.6 51.1 49 44.2 38.3 31.7 31.7 31.7 37.8 39.9 39.6 43.6 44 36.9 32.5 27.2 28 34.2 29.9 28.5 28 27.4 27.9 28.3
35.6 38.4 36.4 29.9 25.2 24.7 25.9 31.7 31.1 28.1 26.5 24.7 25.5 25.7 25 24.6 24.1 24.5 25.6 27.9 26.9 26.1 24.4 23 22.2 26.5 27.5 27.3 26.7 26.9 28.9 35 40.6 39.5 36.8 36.3 36.3 35.8 37.2 38.9 42.6 42.4 40.1 35.6 28.4 26.6 30.5 40 42.7 41.2 42.2 43.9 47 45.8 44.5 44 45.1 45.9 44 45.6 51.5 50.5 42.7 38.2 31.7 31.7 31.7 37.2 41 42.8 46.8 42 34.6 30.8 28.4 29 29.8 29.3 28.8 30 33.1 30 27.3
32.9 31.5 26.7 22.8 23 22.9 23 24.1 22.9 23.3 23.2 24.7 24.9 23.2 22 21.3 23.1 26.3 29.2 28.3 26.9 25.6 24.2 22.2 20.4 21.8 24.4 25 24.6 25.6 28.4 33.6 38 37.6 36.9 37.6 40.2 35.2 35 36.1 39.7 41.8 36 32.6 28.8 26.6 27.5 33.1 36.5 36.3 36.9 40.8 44.7 45.3 44 43.2 43.5 42.2 42.5 45.6 48 47.1 40.4 38.2 31.7 31.7 31.7 37.1 41.8 44.2 45.4 40.3 33.8 30.6 30.6 31.1 30.3 28.9 28.5 31.8 36.8 29 26.2
24.9 22.1 20.3 20.1 20 19.6 19.5 19.7 20.8 21.4 21.8 24 23.4 20.4 19.1 21.2 26.6 27.8 28.4 29 25 23.5 22.1 19.9 19.2 20.5 21 21.1 20.8 23.8 25.9 30 32.9 36.2 36.2 36.6 36.3 33.3 33.7 34.9 37.4 37.5 33.6 31.2 28.5 26.8 27.6 29.8 31.6 34.2 36.7 40.6 43.2 46.5 44.8 41.9 41.2 41 41 43.6 46.6 46 39.3 36.6 34.3 31.7 31.7 35.6 41.5 43.1 43.4 37.9 32.9 33.4 33.6 32.8 30.7 29.9 29.3 33.4 35 27.7 25.5
20.2 19.2 19.7 19.5 18 17.3 18.9 17.3 17.6 18.3 18.9 21.3 19.9 17 18.9 19.7 21.9 24.4 25.2 25.5 21.6 20.8 18.3 18.4 18.7 19.9 19.4 17.8 17.3 19.1 19.7 24 27 28.7 30 31.1 30.3 30.7 33.5 34.9 35.8 34.5 31.9 30.4 27.9 28.1 29.2 29.8 31.6 34.9 37.9 38.5 40.3 42.3 43.3 40.8 40.1 40.1 40.1 41.1 43.4 41.2 38.1 36.3 34.2 35 38.3 38.1 40.2 46.1 42 37.2 36.3 37.4 40 33.5 36 32.1 29.5 31.8 34.4 27.3 26.6
18 19.8 18.8 15.7 13 15.7 15.2 14.2 14 14.7 15.9 17.1 15.9 15.9 16 17.3 16.9 17.7 19.3 19.1 19.1 17.8 16.8 16.7 17.1 20.7 19.3 16.3 13.8 12.7 13.9 17.8 21.7 22.2 24.1 26.4 30.8 33.4 35.8 35.2 35.2 33.1 30.3 29.6 27.3 29.5 30.4 31 34.1 40.2 38.5 38.1 38.6 38.6 40.2 39.7 37.7 38.4 40 41 41 39.8 38.8 36.9 38.8 42.4 44.8 39.2 38.5 42.7 40.4 40.5 43.9 42.4 42.7 37.3 36 32.3 29.9 30.9 33.8 26.8 26.6
17.7 20.9 17.8 12.1 10.2 12.1 11.1 9.8 10.3 11.1 11.2 11.3 12.1 11.5 11.1 14.9 14.9 14.9 16.6 15.4 16 16.2 15.6 14.9 16 19.1 19.1 15.8 14.7 11.9 13.6 16.2 17.7 17.6 24.3 30.4 34.3 42.5 41.3 35.4 32.1 30 29.5 24.7 27.1 28 29.4 30.5 34.2 40.5 39.3 37.7 36.7 35.5 38.1 38 35.8 37.9 40 43.7 42.4 41 39.6 39.3 41.3 48.4 46.2 39.5 39.2 40.2 42.8 45.7 49.1 49.4 46.1 41.1 34.5 31.8 31.4 29.6 31.1 27.5 26.7
19.7 18.2 10.9 8.1 6.8 4.2 8 5.7 6.4 7.4 6.9 8.3 8.5 5.3 8.7 13.9 13.9 12.9 12.9 11.4 11.2 12.6 12.4 12 11 14.7 17.8 15.7 12.7 11.9 16 17.3 15.3 17.9 33.3 39.2 47.9 46.8 39.2 31 28.7 28 27.5 21.9 23.4 21.6 24.8 27.6 30 34.4 34.1 34.5 32.4 31.1 34.6 35.2 33 39.1 43.1 48.4 41.8 41.6 41 42 45.2 48.4 44.5 40.1 39.7 41.2 46.6 51.3 55.2 52.3 49.9 44.3 35.4 34.8 34.4 31.8 31.2 28.1 27.4
14.2 10.5 -2.1 -2.1 -2.1 -2.1 -2.1 -2.1 -2.1 -2.1 2.6 -2.1 -2.1 -2.1 -2.1 7.1 9.2 8.4 8.3 7.6 5.9 8.6 8.5 7.5 7.2 9.2 13.9 13.4 10 10.4 15.3 14.1 14.9 18.7 28.5 35.8 42.5 39.3 35.7 23.7 22.1 20.7 19.2 19.1 19.6 18.7 19.1 25.2 27.9 29.8 30.7 30.6 30 28.1 28.7 31.6 33 37.6 38.3 39.4 40.1 41.1 43.4 45.2 48.2 48.8 44.7 41 40.6 44.6 52.5 58.6 55.8 63.5 55.3 47.4 37.8 36.8 38.1 32.7 30.7 28.3 27.9
-2.1 -2.1 -2.1 -2.1 -2.1 -2.1 -2.1 -2.1 -2.1 -2.1 -2.1 -2.1 -2.1 -2.1 -2.1 -2.1 -2.1 2.6 4 -2.1 -2.1 -2.1 -2.1 -2.1 -2.1 -2.1 -2.1 8.3 8.7 5.3 12.3 11 11.4 18.4 20 24 29.9 29.2 24.3 18.8 16.2 17.3 15.5 16.9 16.7 15.5 14.7 22 24.1 26.7 27.7 26.1 25.4 25.5 26.4 26.1 30 33.6 35.7 37 38.7 40.8 43.1 51.2 50 48.5 44.8 42.7 44.6 51.2 59.5 63.9 72.1 68.4 61.1 50.5 40.3 38.6 35.8 33 31.3 29.1 30.5
-2.1 -2.1 -2.1 -2.1 -2.1 -2.1 -2.1 -2.1 -2.1 -2.1 -2.1 -2.1 -2.1 -2.1 -2.1 -2.1 -2.1 -2.1 -2.1 -2.1 -2.1 -2.1 -2.1 -2.1 -2.1 -2.1 -2.1 -2.1 -2.1 -2.1 -2.1 -2.1 5.6 10.4 12.6 14 16.2 18.9 19.7 13.1 7.7 8.2 9.6 10.5 12.3 11.5 10 12.7 16.5 18.8 22.6 20.6 20.5 20.7 20.8 23.9 26.3 31 33.1 38.3 39.4 40.5 44.4 49.6 50.7 49.6 46 44.5 47.4 56.3 68.2 73.4 77.1 70.5 62.7 48.2 42.6 39.7 36.5 33.5 31.9 31.7 33.4
-2.1 -2.1 -2.1 -2.1 -2.1 -2.1 -2.1 -2.1 -2.1 -2.1 -2.1 -2.1 -2.1 -2.1 -2.1 -2.1 -2.1 -2.1 -2.1 -2.1 -2.1 -2.1 -2.1 -2.1 -2.1 -2.1 -2.1 -2.1 -2.1 -2.1 -2.1 -2.1 -2.1 -2.1 -2.1 -2.1 -2.1 -2.1 -2.1 -2.1 -2.1 -2.1 -2.1 -2.1 -2.1 -2.1 -2.1 -2.1 -2.1 -2.1 12.6 18 15.8 16.5 18.3 22.4 25.1 25.8 34.2 37.9 39.8 40.3 45.7 48.6 51 50.9 47.2 47 54.8 64.6 69.2 81.2 77.3 69.2 59.3 48.7 48.8 39.8 36.5 34.2 33.4 34.3 36.6
-2.1 -2.1 -2.1 -2.1 -2.1 -2.1 -2.1 -2.1 -2.1 -2.1 -2.1 -2.1 -2.1 -2.1 -2.1 -2.1 -2.1 -2.1 -2.1 -2.1 -2.1 -2.1 -2.1 -2.1 -2.1 -2.1 -2.1 -2.1 -2.1 -2.1 -2.1 -2.1 -2.1 -2.1 -2.1 -2.1 -2.1 -2.1 -2.1 -2.1 -2.1 -2.1 -2.1 -2.1 -2.1 -2.1 -2.1 -2.1 -2.1 -2.1 -2.1 -2.1 11 14.7 13.3 18.2 20.6 22.6 30 34.7 38.5 38.5 41.7 44.2 46.8 48.4 48 50.6 59.6 69.7 68.1 80 76.9 65.7 56 51.9 49.5 40.3 36.9 35.2 34.1 36.4 38.8
-2.1 -2.1 -2.1 -2.1 -2.1 -2.1 -2.1 -2.1 -2.1 -2.1 -2.1 -2.1 -2.1 -2.1 -2.1 -2.1 -2.1 -2.1 -2.1 -2.1 -2.1 -2.1 -2.1 -2.1 -2.1 -2.1 -2.1 -2.1 -2.1 -2.1 -2.1 -2.1 -2.1 -2.1 -2.1 -2.1 -2.1 -2.1 -2.1 -2.1 -2.1 -2.1 -2.1 -2.1 -2.1 -2.1 -2.1 -2.1 -2.1 -2.1 -2.1 -2.1 -2.1 5.8 11 13.5 13.4 17.1 23.4 28.9 35 37.7 36.8 39.6 43.5 46.7 47.7 51.5 58.9 64.9 65.1 75.5 73.9 62.7 52.8 49.4 45.4 41.2 40.3 34.9 34.5 36.6 40.1
4.7 -2.1 -2.1 -2.1 -2.1 -2.1 -2.1 -2.1 -2.1 -2.1 -2.1 -2.1 -2.1 -2.1 -2.1 -2.1 -2.1 -2.1 -2.1 -2.1 -2.1 -2.1 -2.1 -2.1 -2.1 -2.1 -2.1 -2.1 -2.1 -2.1 -2.1 -2.1 -2.1 -2.1 -2.1 -2.1 -2.1 -2.1 -2.1 -2.1 -2.1 -2.1 -2.1 -2.1 -2.1 -2.1 -2.1 -2.1 -2.1 -2.1 -2.1 -2.1 -2.1 -2.1 -2.1 3.9 6.9 11.6 16.5 20.7 25 29.8 30.5 34.7 39.7 43.7 43.1 46.6 52.3 56.8 59.5 61 60.6 57.7 49.9 44.8 43.3 37.9 40.7 32.7 34.8 37.7 41.1
12.5 8.4 8.2 6.4 -2.1 -2.1 -2.1 -2.1 -2.1 -2.1 -2.1 -2.1 -2.1 -2.1 -2.1 -2.1 -2.1 -2.1 -2.1 -2.1 -2.1 -2.1 -2.1 -2.1 -1.7 -2.1 -2.1 -2.1 -2.1 -2.1 -2.1 -2.1 -2.1 -2.1 5.2 2.1 1 -2.1 -2.1 -2.1 -2.1 -2.1 -2.1 -2.1 -2.1 -2.1 -2.1 -2.1 -2.1 -2.1 -2.1 -2.1 -2.1 -2.1 -2.1 -2.1 -2.1 -2.1 9.2 11.6 14.9 19.7 25.3 30.1 34.1 39.1 38.8 40.9 46.2 51.7 54.1 50.3 48.8 50.7 44.6 36.8 35.6 36.3 36.8 28.5 33.7 36 43.9
16.8 12.6 10.2 3.7 -2.1 -2.1 -2.1 -2.1 -2.1 -2.1 -2.1 -2.1 -2.1 -2.1 -2.1 -2.1 -2.1 -2.1 -2.1 -2.1 -2.1 4.9 7.2 4.5 1.9 -2.1 -2.1 -2.1 -2.1 -2.1 -2.1 0.5 1.6 9.6 9.6 5.7 5.9 4.9 -2.1 -2.1 -2.1 -2.1 -2.1 -2.1 -2.1 -2.1 -2.1 -2.1 -2.1 -2.1 -2.1 -2.1 -2.1 -2.1 -2.1 -2.1 -2.1 -2.1 -2.1 -2.1 -2.1 -2.1 -2.1 17 26.5 30.6 33.6 35.7 40.1 42.8 48.8 40.6 38.3 37.7 33.2 29 30.7 29.1 26.2 21.3 23.9 32 41.3
18.6 14.4 10.5 6.4 1.9 1.9 -2.1 -2.1 -2.1 -2.1 -2.1 -2.1 -2.1 -2.1 -2.1 -2.1 -2.1 -2.1 -2.1 1.9 7.6 11.7 10.9 9.5 7.2 6.9 6.5 6.6 7.3 7.3 8.4 8.5 13.8 10.3 9.6 10.8 10.5 8.8 5.5 2.4 -2.1 -2.1 -2.1 -2.1 -2.1 -2.1 -2.1 -2.1 -2.1 -1.9 -2.1 -2.1 -2.1 -2.1 -2.1 -2.1 -2.1 -2.1 -2.1 -2.1 -2.1 -2.1 -2.1 -2.1 -2.1 13.7 14.5 19.8 22.3 23.5 25.8 25 19.6 17.6 19.6 20.5 20.3 20.5 20.4 11.3 16.1 23.5 36.3
21.2 16.1 11.7 7.3 8.2 7 7 5.4 -2.1 -2.1 -2.1 -2.1 -2.1 -2.1 -2.1 -2.1 -2.1 -2.1 7.6 8.3 8.5 12 12.9 12.6 15.7 13.4 12.2 12.4 12 11.9 12.7 16.2 15.6 13.9 14.8 13.7 15.4 10.8 6.3 1.9 1.9 5.4 4.1 -2.1 -2.1 -2.1 -2.1 5 6 9.2 5.3 -2.1 -2.1 -2.1 -2.1 -2.1 -2.1 -2.1 -2.1 -2.1 -2.1 -2.1 -2.1 -2.1 -2.1 -2.1 3 4.8 10.4 8.4 8.7 10.8 14.5 14.8 13.1 11.7 7.8 8.2 8.9 8.5 11.1 15.2 27.6
22.1 18.1 14 10 10.8 10.2 9.3 7.4 -2.1 -2.1 -2.1 -2.1 -2.1 -2.1 -2.1 1.4 5.9 11.9 10.4 9.9 11 12.9 16.9 17 20.1 20.1 27.4 33.1 31 20.6 24.3 23.8 23.7 19.8 17.7 16.8 15.6 9.6 8.2 7.3 5.3 8.8 8.7 -2.1 6.7 7.2 8.9 10.1 10.6 18.1 13.3 8.4 9.8 6.2 -2.1 -2.1 -2.1 -2.1 -2.1 -2.1 -2.1 -2.1 -2.1 -2.1 -2.1 -2.1 3.5 1.6 -2.1 -2.1 -2.1 -2.1 5.7 3.7 5.4 4.3 1.4 2.2 1.9 6.8 8.1 16.4 25.8
23.5 20.1 15.4 11.2 12.6 11.6 11.3 8.8 6.1 -2.1 -2.1 -2.1 -2.1 -2.1 -2.1 6.4 10.2 15.2 11.5 11.9 13.8 16.7 22.8 24.8 30.8 38.4 45.2 45 43.2 39.7 32.9 29.9 23.3 21.7 18.8 17.1 13.7 13 13.2 12.9 11.7 11.6 9.5 10.8 15.3 14.1 15 18 17.2 21.2 16.9 13.5 16.1 11.9 7.9 -2.1 -2.1 -2.1 -2.1 -2.1 -2.1 -2.1 -2.1 -2.1 -2.1 -2.1 -2.1 -2.1 -2.1 -2.1 -2.1 -2.1 -2.1 -2.1 -2.1 -2.1 -2.1 -2.1 -2.1 -2.1 -2.1 7.9 15.1
22.3 19.4 16 13.5 14.9 12.1 11.8 9.4 1.8 -2.1 -2.1 -2.1 -2.1 -2.1 6.1 8.9 13.2 13.8 11.8 14.1 18.6 25.5 34.7 37.8 43.1 48.3 53.9 55.2 57.5 51 43 35.3 28.1 22.6 19.4 17.6 17.5 20.6 20.9 22.8 16.7 13.2 16.5 16.7 19.8 22.6 32.4 36.9 28 22.9 20.5 16.2 17.2 16.1 12.5 8.3 1.6 -2.1 -2.1 -2.1 -2.1 -2.1 -2.1 -2.1 -2.1 -2.1 -2.1 -2.1 -2.1 -2.1 -2.1 -2.1 -2.1 -2.1 -2.1 -2.1 -2.1 -2.1 -2.1 -2.1 -2.1 -2.1 6.6
22.3 19.8 18.2 18.1 17.2 12.5 12.1 9.4 1.8 -2.1 -2.1 -2.1 -2.1 -2.1 7.8 11.5 15.9 14.4 14 17.4 29.2 37 43 45.5 48.8 56.6 62.3 65 65.2 62.1 54.7 45 32.8 25.2 21.7 20.6 23.3 21.3 20.7 19.1 16.8 16.9 23.3 25.7 32.3 45.8 45.9 41 35.6 30.4 27.4 29.2 25.8 21.2 16 11.8 5.2 -2.1 -2.1 -2.1 -2.1 -2.1 -2.1 -2.1 -2.1 -2.1 -2.1 -2.1 -2.1 -2.1 -2.1 -2.1 -2.1 -2.1 -2.1 -2.1 -2.1 -2.1 -2.1 -2.1 -2.1 -2.1 -2.1
24.6 21.7 21.9 21.9 18.2 12.8 12.6 11.6 3.5 -2.1 -2.1 -2.1 -2.1 -2.1 7.9 13.7 16.9 15.7 16.5 23.2 34 41 47.2 60.1 56.2 60.6 65.7 69.4 70.6 65.1 55.8 48.7 35.9 27.6 24.8 24.5 24.8 23.1 18.4 19.4 18.7 24.4 34.8 52.5 63.9 55.2 49.1 41.9 40.3 36.7 31.8 30.5 26 20.8 17 13.1 8.1 -2.1 -2.1 -2.1 -2.1 -2.1 -2.1 -2.1 -2.1 -2.1 -2.1 -2.1 -2.1 -2.1 -2.1 -2.1 -2.1 -2.1 -2.1 -2.1 -2.1 -2.1 -2.1 -2.1 -2.1 -2.1 -2.1
26.5 24.1 26.1 24.6 20.3 15 11.4 8.9 -2.1 -2.1 -2.1 -2.1 -2.1 -2.1 7.4 16 19.2 17.9 20.8 30.7 39.1 46.4 54.3 64.1 59.8 62.3 67.4 71.5 69.6 59.9 52.8 44.2 35.2 31.4 28.4 26.2 23.5 24.8 24.6 24.5 26.4 36.9 52.1 65.8 67 50.9 47.4 43.9 40.5 38.4 33.6 29.5 25.7 22 17.4 12.9 9.7 5.1 -2.1 -2.1 -2.1 -2.1 -2.1 -2.1 -2.1 -2.1 -2.1 -2.1 -2.1 -2.1 -2.1 -2.1 -2.1 -2.1 -2.1 -2.1 -2.1 -2.1 -2.1 -2.1 -2.1 -2.1 -2.1
26.2 26.2 29.9 25.6 21.5 13.9 8.7 6.3 3.2 -2.1 -2.1 -2.1 -2.1 2.8 7.5 14.9 22.2 22.4 25.7 34 42.9 50.3 64.4 70.8 67.2 69.1 64.7 63.7 63 58.2 48.6 40.2 35.5 34.2 31.4 26.4 27.8 28.1 28.2 29.5 37.5 49.9 61.8 66 62.2 55.3 50.1 46.8 43.6 37.4 31.3 27.8 25.6 23.4 16.9 15.8 17.7 11 2.5 -2.1 -2.1 -2.1 -2.1 -2.1 -2.1 -2.1 -2.1 -2.1 -2.1 -2.1 -2.1 -2.1 -2.1 -2.1 -2.1 -2.1 -2.1 -2.1 -2.1 -2.1 -2.1 -2.1 -2.1
