app/static/ascii/NB23.asc
ncols 200
nrows 200
xllcorner 120000
yllcorner 930000
cellsize 50
[rows 152 to 189 of 200, columns 86 to 171 of 200]
45.8 46.8 47.5 48.1 49.5 57.3 62.1 58.3 55.7 53.8 53.2 53.4 51.9 52.1 51.9 50.5 51.5 51.6 49.2 46.7 45.2 43.8 42.3 33.3 25 25 25 25 25 25 25 40 41.9 42.9 46.9 51.1 50.9 50.4 51.3 50.9 49.9 48.9 49.9 51.4 52.6 53.5 54.4 55.3 56.1 57.6 59.2 60.3 62.6 64.6 64.4 63 61.5 60.2 58.6 57.1 56.9 60.4 62.6 69 70.4 71.4 72.2 72.6 72.9 73.1 73.2 73.4 74.1 75.7 77.2 78.4 79.5 80.5 81.6 84.8 88.1 87.7 88.2 88.3 85.3 84.7
43.7 46.8 45.9 46.2 47.6 51.4 59.1 55.4 53.3 51.6 50.8 50.7 50.2 50.5 51.1 50.8 51 50.6 46.2 45.6 44.5 43.1 41.6 41 37.3 25 25 25 25 25 38.9 38.5 40.5 41.4 44 48 47.8 48.9 50 49.4 48.4 48.4 50.1 51.9 53.3 54.1 54.9 55.7 56.5 57.4 59 60.3 64 64.7 63.3 61.6 60.1 59.1 57.6 56 56.2 56.5 62.7 67 69.5 70.7 71.8 71.9 72 72.2 72.3 72.5 72.8 74.3 76 77.4 78.3 78.9 80.1 85.7 87.4 86.1 87.2 83.4 86.9 86
42 42.7 43.1 43.9 45.5 48.8 51.9 52.8 49.7 49.1 48.5 48.3 49.4 49.9 50.3 49.5 48.8 46.5 44.6 44.3 43.8 42.4 41.5 40.9 33.4 25 25 25 25 25 39.8 25 25 41 43.4 45.4 46.3 47.6 48.7 47.8 46.8 48.8 50.8 52.6 53.5 54.3 55.1 56 56.8 57.7 59 60.4 64.7 62.3 61.5 60.2 58.8 57.7 56.5 54.9 55.8 57.2 60.5 65.5 68.7 70 71.1 71 71.1 71.2 71.4 71.6 71.7 72.9 74.5 75.8 76.1 76.7 78.4 80 82.4 84.2 81.1 87.1 88.6 89
40.4 41.1 41.2 41.6 43.7 47.9 48.7 47.7 46.3 46.3 46.5 46.4 46.9 49.5 49.5 47.1 46.3 44.4 43.6 43.1 43 41.9 40.7 39.6 25 25 25 25 25 25 25 25 37.6 40.9 43.3 44.2 44.4 45 45.5 45.8 47.7 49.7 51.7 52.8 53.6 54.4 55.3 56.1 57.4 58.6 58.8 59.4 62.2 60 59.6 58.8 57.5 56.4 55.3 54.3 55.8 58.2 60.7 64.6 67.9 69.6 70.4 70.2 70.2 70.3 70.5 70.7 70.8 71.6 73.1 73.8 74.6 75.9 76.5 78.2 79.5 79.4 84.6 88.9 89.8 89.4
39.5 40.3 40.6 40.7 42.8 47.1 47.5 44.7 43.8 44 44.2 44.4 44.9 45.6 46.2 44.8 44.3 43.5 42.9 43.1 43.4 42.5 40.4 39.7 36.5 32.7 40.5 39.5 25 25 25 25 39.3 41.5 42.2 43 43.5 43 44.5 46.1 48.2 50.4 52 52.9 53.7 54.6 55.8 57.1 58.4 59.3 59.5 60.7 59.8 58.9 58 57.2 56.2 55.1 54 54.4 56.8 59.3 61.7 64.1 67.1 69.3 70.1 70.1 69.2 69.4 69.6 69.7 69.9 70.5 71.4 72.7 74.1 75.4 76.3 75.4 78.4 84.6 90 90.5 90.1 89.6
38.6 39.4 39.9 40.2 42.1 44.5 43.5 42.1 42 42.2 42.3 42.5 42.7 43.1 43.5 43.5 43 42.9 42.9 42.5 41.8 41.2 40.3 40.8 41.1 43.6 42.8 41.5 30.5 25 25 25 39.9 40.9 38.1 41.3 41.2 41.4 44.2 46.3 48.4 50.5 51.7 52.5 53.9 55.6 57 58.2 59.4 60 60.1 60 59.1 58.3 57.4 56.7 55.2 53.6 53.6 54 56.1 58.6 61.1 63.6 66.5 68.7 68.5 67.7 67.8 68.3 68.5 68.8 69 69.8 71.3 72.2 73.5 74.9 75.2 77.2 83.2 88.3 90.4 90.3 89.9 89.6
37.7 38.6 39.2 39.1 39.4 40.9 41.4 40.3 40.3 40.5 40.6 40.7 40.8 41.4 42.2 42.9 42.9 42.9 42.8 42.3 41.7 41.8 41.8 42.1 42.7 47 45.8 44.6 39.7 25 25 25 39.1 35.7 27.9 39.4 28.7 40.5 44 46.4 48.6 50.3 51.5 53.2 54.9 56.6 58.3 59.6 60.6 60.7 60.5 59.4 58.5 57.6 56.8 56.2 54.7 53.7 52.8 53.5 54.7 57.2 59.7 62.4 65.9 66.5 65.9 66.2 66.3 66.4 66.8 67.4 68.6 69.7 71.5 72 73 72.3 74.8 79.8 86 88.8 89.9 89.9 89.7 89.3
36.8 37.7 38.2 37.5 37.5 38.9 39.9 38.5 38.6 38.8 38.9 39.7 41.6 42.2 42.5 42.9 42.9 43.1 42.4 41.8 41.6 42.5 43.7 44.5 45.4 45.6 44.6 49.2 39.9 25 25 25 25 25 25 25 38.5 38.7 42.4 44.9 48.7 50.1 52.1 54.2 55.9 57.6 59.4 61 61.6 61.9 60.7 59.4 58.2 57 56.7 55.7 54.8 53.8 52.1 52.9 54.1 55.7 58.2 61.3 65.4 64.1 64.4 64.7 64.8 64.8 64.9 66.5 69.3 69.2 69.6 69.6 71.1 73.1 75.2 81.6 86 89.1 89.4 89.4 89.4 89
36 36.8 37.1 36.4 35.9 35.9 38 36.6 36.9 37.5 39.4 41.3 43.2 43.3 43.3 43.1 43 43.2 42.3 41.6 42 44.6 46.1 47.1 48.2 46.8 47 43.1 41.3 39.6 31.6 25 25 25 25 25 39.1 39.8 42.6 45.8 48.9 49.8 51.6 53.9 56.2 58.6 60.4 62.7 63.2 62.1 60.9 59.7 58.6 57.6 56.9 55.6 54.7 53.8 52.8 52.3 53.5 54.7 57.1 60.1 61.2 62.1 62.7 63.2 63.4 63.2 64.9 67.6 67 70.8 70.8 70.3 72 74.1 76.8 81.1 85.6 88.3 89.2 89.1 89 88.5
34.8 36.5 36 36.2 35.9 35.9 35.9 35.9 36.7 39 41 42.9 44.1 43.7 43.5 43.3 43.1 43.2 42.3 42.2 43.6 45.9 50.6 50.8 49.3 49.9 46.4 45.6 42.3 39.2 25 25 25 25 25 25 39.7 40.4 43.2 45.2 48.5 49.5 51.2 53.5 55.7 58.1 63.4 63.9 63.6 62.5 61.3 60.2 59 58.3 57.1 55.6 54.1 52.7 51.7 50 51.2 52.3 56.3 57.2 58.2 59.9 60.5 61.2 61.3 61.7 62.5 67.3 69.5 71.3 71.5 71.3 71.9 73.8 75.9 80.3 83.6 85.4 88.5 88.7 87.6 86.6
34.2 35.8 36.2 36.6 35.9 35.9 35.9 35.9 35.9 38 39.8 41.5 44.2 43.7 43.6 43.5 43.4 43.2 43 43.8 45.4 47.5 51 53.1 50.6 47.7 46.1 46.4 45.4 34.1 25 25 25 25 25 25 25 40.2 44.3 46.7 48 48.3 50.6 52.7 54.9 60.8 64.1 64.7 63.9 62.9 61.7 60.6 59.7 58.5 57.2 55.8 54.3 52.8 51.3 50.9 49.9 49.9 50.2 51.2 54.3 57.4 58.1 59.5 59.9 60.1 64.6 69 70.8 71.5 71.8 72 71.9 73.8 75.7 77.6 80.6 82.1 84.9 85.9 85.6 84.7
32.3 34.1 35.4 35.5 36.8 35.9 35.9 35.9 35.9 38.2 40.1 41.2 43.1 43.7 43.6 43.4 43.1 43.5 43.9 45.8 47.7 49.6 52.8 51.8 49.2 47.7 46.7 46.9 45.1 25 25 25 25 25 25 25 25 31.8 45.5 44.6 48.3 48.5 50.3 52.1 55 59.7 65.4 64.9 64.2 63.3 62.2 61.1 60 58.7 57.4 56 54.5 53 51.9 52.6 50 49.9 49.9 49.9 51.8 54.9 58 58.8 58.6 63 66.9 69 70.6 71.6 71.9 72.1 72.1 73.8 75.7 77.6 77.7 78.8 80.8 83.2 82.6 81.9
31.6 33 35 36.3 37.6 35.9 35.9 35.9 36.1 37.2 38.9 40.5 43.6 42.7 42.5 42.3 42.6 43.5 45.1 47.6 49.9 51.8 53 52.9 49.3 48 47.3 47.8 34.6 25 25 25 25 25 25 25 25 31.9 41.7 43.3 46.3 50.2 51.4 51.7 55.8 60.6 65.9 64.6 64.2 63.6 62.6 61.5 60.2 58.9 57.6 56.2 54.7 53.8 54 53.4 52.1 49.9 49.9 49.9 53.6 56.7 57.4 56.6 61.6 64.2 66.2 68.2 70.3 71.7 71.6 71.5 71.7 73.6 75.4 75.5 75.6 75.6 76.2 78.5 79.1 80
31 32.5 35.3 36.4 36.9 36.1 36.2 36.4 36.9 37 38.3 39.4 40.6 41 41.4 41.5 42.7 44.1 46.5 48.9 50.9 52.6 52.9 49.8 48.2 46.3 44.1 44.1 25 25 25 25 25 25 25 25.7 38.3 33.7 43.1 43.1 44.4 48.6 49.3 52.5 58.8 62 63.9 64.3 63.9 63.6 62.9 61.6 60.4 59.1 57.8 56.6 55.8 55.5 54.5 53.4 52.2 49.9 49.9 54.1 55.6 54.9 54.8 58.4 63.8 64.1 65.8 67.9 69.9 70.9 70.9 70.8 71.5 73.2 73.3 73.4 73.6 73.7 73.7 75.2 76.7 78
30.8 32.2 34.4 35.7 35.9 36.6 36.8 37.2 37.2 36.8 37.5 38.5 40.1 40.3 40.4 41.3 42.6 45 47.5 49.1 50.5 52.9 50.8 49.2 47.8 46 44 41.9 34.3 39.1 38.9 40.1 39.7 25 25 25.1 33.5 39 46.4 42.3 43.9 47.1 47.3 55.4 59.4 62 63.6 64.8 64.7 63.7 62.2 60.8 59.5 58.1 57.8 57.5 56.9 55.4 54.3 53.1 49.9 49.9 49.9 55 54.8 54 54.5 60.4 64.6 65.1 65.5 67.5 69.5 69.9 70 70 71 71.1 71.2 71.4 71.5 71.7 73.6 73.7 75 75.5
29.3 30.7 33.2 35.6 37.4 36.9 36.9 36.1 36.1 36 36.3 38.2 39.4 39.5 39.7 40.7 42.4 45.1 47.7 49 50.2 51.8 49.9 48.5 47.2 45.7 43.7 41.7 40.2 40.4 39.9 40.3 39.9 39 34.9 36.6 33.2 47 43.3 44.6 44.7 46.2 47.3 51.9 58.7 62.9 65.2 65.7 64.3 62.8 61.7 61.2 60.1 59.1 58.8 58.3 56.8 55.5 53.8 50.5 49.9 49.9 49.9 49.9 51.4 52.5 54.9 60.2 63.9 65.3 66.4 67.2 68.8 68.9 69 68.8 69 69.2 69.3 69.5 69.6 69.8 70.7 72.1 72.8 73.6
28.2 30.7 33.8 35.4 36.4 36.6 36.1 35.2 34.4 35.2 35.7 38.2 38.7 38.8 38.9 40.5 42 44.7 47 49.1 50.3 50.3 49.2 47.9 46.5 45.2 43.4 41.2 41.2 41.6 40.9 40.5 40.1 38.6 37 29.7 27.1 43.1 39 40.9 42.5 46 49 51.8 56.5 61.7 66.4 64.8 63.4 62.9 62.5 62 61 60.3 59.9 58.3 56.8 55.4 54.1 49.9 49.9 49.9 49.9 49.9 49.9 50.2 53.8 59.1 61.7 64.2 66 67.2 67.6 67.3 67 67.3 67.5 67.6 67.7 67.8 67.9 68.1 69.7 72 71.2 71.9
27.3 30.6 32.9 34.7 34.6 34.7 36 32.4 32.2 33.4 36.3 37.8 37.9 38.1 38.4 39.8 41.7 44.3 46.7 49.2 49.9 49.1 48.1 47.1 45.9 44 41.8 41 41.8 42.6 41.9 41.1 39.9 38.3 36.7 25 36.4 38 40 41 43.5 46.8 48.9 52.4 55.8 59.8 64.6 63.6 63.5 63.4 63.2 62.7 62 61.7 60.2 58.6 56.8 54.4 51.5 49.9 49.9 49.9 49.9 49.9 49.9 49.9 50.3 56.5 58.8 60.5 64.1 67.5 66.3 65.1 64.8 65.8 66.3 66 66.1 66.1 65.7 66.9 71.8 70.6 70.5 70.2
25.8 28.8 28.7 29.9 30.5 30.4 29.6 30 30.2 32.3 36.2 36.7 37.1 36.5 37.5 38.8 40.7 43.1 46.8 48.9 48.8 47.8 46.8 45.8 44.9 42.4 41 42.7 43.5 43 42.3 40.6 39.2 38 27.9 35 37.8 38.6 40.6 44.8 44 46.6 49.7 52.7 55.7 59.2 61.6 62.5 62.4 62.3 62.2 62.1 62.6 61.6 59.8 58 56.2 54.3 50.2 49.9 49.9 49.9 49.9 49.9 49.9 49.9 52.6 55.2 57.5 61.9 63.9 65.1 64.6 63.6 62.8 64.3 65.2 64.3 63.7 63.4 63.2 65.9 68.2 68.6 68.5 68.2
25.7 25.7 26.1 26.3 26.6 26.8 27.3 28 28.7 30.7 33.9 34.3 34 35.3 36.6 38.4 41 42.7 47.1 47.5 47.6 46.6 45.6 44.7 43.9 42.6 42.6 44.2 43.8 43.3 41.4 39.5 38 35.5 25 36.4 37.1 38.6 40.2 40.8 43.2 45.9 51.5 53.7 56.7 59.3 60.6 61.4 61.3 61.2 61.1 61.6 62.1 60.7 59 57.2 55.5 53.8 49.9 49.9 49.9 49.9 49.9 49.9 49.9 49.9 49.9 56 60 59.8 60.5 60.4 59.9 60.3 60.2 61.5 62.7 61.9 63.5 64.8 66 66.1 66.2 66.5 69.9 73.3
26.1 26.2 25.9 25.8 25.7 26.2 26.4 26.8 27.4 28.6 30.8 32.6 33.3 35.4 37.2 38.7 41.1 41.6 43.6 46.2 46.4 45.4 44.4 43.4 42.4 42.1 43.2 44.1 43.5 41.2 36.2 34.7 35 26.5 31 36.4 37.2 38.6 40.1 41.1 43.3 46 50.5 54.8 56.6 58.1 59.6 60.3 60.2 60 59.8 59.5 59.7 59 57.8 56.2 54.5 50.6 49.9 49.9 49.9 49.9 49.9 49.9 49.9 49.9 49.9 53.1 53.2 54.9 55.3 55.8 57 59.5 60.9 61.7 61 62.1 64.5 65.8 67.1 68.6 68.7 70.6 73.2 76.9
26.6 26.8 26.4 26.2 25.1 25.5 25.8 26 26.3 27 28.8 31.1 33.1 35.2 37.3 39.1 40.3 41.5 41.4 41.9 43.8 43.9 43 41.6 41 41.2 42.7 43.5 41.3 39 36.4 30.5 26.2 28.6 34.9 36.4 37.7 38.5 40 41.6 43.7 45.9 52.8 55.4 56.2 57.1 58.4 59.1 58.7 58.1 57.6 58.3 58.2 57.2 56 54.9 52.4 49.9 49.9 49.9 49.9 49.9 49.9 49.9 49.9 49.9 49.9 50.1 51.4 52.1 53.9 59 59.5 60.8 62.4 63.1 63 63.5 64.5 66.4 68 69.2 69.9 72.3 76.1 80.8
27.2 27.5 26.9 26.4 24.9 24.8 25.1 25.3 25.3 26.1 27.3 30.1 32.8 34.9 36.9 38.7 40.2 40 39.8 40 40.5 42.9 40.2 39.1 39.7 40.4 42.7 42.1 39.6 37.1 34.6 31.1 30.7 31.6 35.5 39.2 38.6 38.4 39.5 41.9 44 46.1 51.3 54 54.9 56.1 57.3 57.5 56.9 56.3 55.8 55.9 56.1 54.8 53.6 52.7 49.9 49.9 49.9 49.9 49.9 49.9 49.9 49.9 49.9 51.4 54.6 56.6 57.5 58.2 59.1 60 60.7 62.1 62.4 62.7 62.7 63.1 64.2 65.1 67.7 69.3 70.2 75.2 79.7 81.5
27.8 27.8 27.3 26.3 24.7 24 24 24.1 24.2 25.2 26.5 29.3 31.8 34.3 36.3 37.9 38.8 38.4 38.4 38.7 39.2 38.5 37.3 37.5 38.5 40.2 41 39 37.5 35.2 32.8 30.3 27.3 33.7 33.8 35.3 37 36.9 39.2 41.7 44 46.5 49.5 52.3 53.7 55 56 55.7 55.4 54.9 54.4 54.2 54.1 52.7 51.3 49.9 49.9 49.9 49.9 49.9 49.9 49.9 49.9 51.3 54.2 55 56.5 58 58.5 58.7 59.7 60.8 61.3 61.6 61.9 62.2 62.3 62.8 63.9 64.8 65.7 67.4 70.8 76.6 79.8 81.8
28.4 28 26.7 25.3 23.9 23.4 22.9 23 23.3 24.2 25.6 28.7 31.4 32.4 33.8 36.2 37.3 37.1 37.3 37.5 37 36.5 35.7 36.5 38.1 37.3 37.4 36.7 33.4 32.2 29.9 28 30.6 32.6 34.1 34.1 36.1 37.3 40.5 42.1 44.5 47 50.5 51.8 53.1 54.4 54.9 54.9 54.5 53.9 53.2 52.6 52.2 49.9 49.4 50.8 50.4 50.2 51.1 49.9 49.9 51.8 53.1 55.5 56.3 57 58.4 59.2 59.1 59.2 60.3 60.4 60.8 61.1 61.4 61.7 61.9 62.5 63.5 64.6 65.5 69.1 73.5 77.7 80.1 83.4
28.3 27 25.7 24.4 23.5 22.9 22.4 21.8 22.4 23.3 24.7 27.4 28.7 30.2 31.9 33.1 34.7 36 36.2 36 35 34.4 34.2 35.3 35.2 34.1 33 31.5 31.6 30.6 29.5 25 32.7 30.7 35.7 36.5 37.7 38.4 40.4 42.8 45.2 47.6 50 51.3 52.7 53.9 54.1 54.1 53.6 53.1 52.3 51.4 50.6 48.3 50.5 52.4 53.1 53 53.2 53.4 54.8 55.2 56.4 57.5 58.3 59.1 59.8 59.7 59.7 59.7 60.7 59.9 60.4 60.7 60.9 61.2 61.5 62.2 63 65.1 68.1 71.6 76.1 78.2 81.8 85
28 26.4 24.8 23.6 23.1 22.4 21.7 21.8 22.4 23.1 24.8 25.2 27.2 29.1 30.7 32.3 33.7 34.3 35 34.4 33.4 32.4 32.7 32.7 32.1 31.6 31.2 30.7 30.5 29.8 29 25 28.1 31.4 34.5 39.2 36.8 38.1 40.5 44 46.3 48.6 50.1 51 52.3 53 53.2 53.2 52.3 51.2 51.1 49.3 48 50.1 52.4 53.1 53.7 54.4 54.9 55.2 55.3 55.5 56.4 57.3 57.5 58.3 59.4 60.1 60.2 60.2 59.8 59.3 59.9 60.2 60.5 60.8 61.4 62.1 62.9 65.4 68.5 71.8 75.7 79.2 83.9 86.6
26.8 25.2 23.7 22.8 22.1 21.4 20.7 22.5 23 23.4 24.8 25.9 26.3 27.4 29.1 30.8 33.7 34 33.9 32.7 31.7 31.2 31.3 31.6 31.1 30.6 30.1 29.8 29.5 29.3 28.8 25 26.3 28.6 29.7 33.9 38.2 38.3 41.1 44.8 47.4 49.5 51.1 51.7 52.1 52 52.2 51.5 50.1 49 48.9 48.8 49.3 52.1 53.1 53.7 54.4 54.6 55 55.4 55.8 56 56.4 57.3 57 57.4 58.7 60.3 59 58.7 58.9 59.8 59.8 59.9 60.3 60.9 61.8 62 62.8 65.2 70.2 73.1 78 83 86.1 88.2
25.5 23.8 22.8 22.3 21.1 20.4 21 23 23.6 24 24.9 24.8 25.1 25.4 26.6 29.4 33.9 31.7 31.4 30.9 30.5 30.1 29.9 30.1 30 29.6 29.1 28.8 28.7 28.5 27.6 26.5 26.6 28 29 31.4 34.7 38.8 42.6 46.6 48.3 49.6 50.7 51.2 51.4 50.9 51.1 50.1 49.1 47.8 47.4 49.5 50.9 52.3 53.8 54.1 54.3 54.5 55.2 55.6 55.9 56.4 56.7 57.2 56.9 56.4 58 59.4 57.5 59.8 61.1 61 61 61 61.1 61.3 62.1 62.2 62.9 64.4 70.3 76.3 81.2 85.5 88.8 89.7
23.9 22.5 22 21.6 20.4 19.4 21.9 23.6 24.2 24.7 24.4 24.1 24.1 24.4 25.4 27.8 27.9 28.2 29.9 29.9 29.5 28.8 28.8 28.7 28.9 28.5 28.1 27.9 27.8 27.7 26 25.1 25.6 27.3 28.3 31.6 34.1 39.1 45.3 46.9 48.2 49.5 50.1 50.6 50.7 50 49.8 48.6 46.3 46.7 49.4 50.4 51.8 52.7 53.1 53.7 54.2 54.5 55.4 55.8 56.1 56.4 56.9 56.3 54.9 52.4 51 55.6 59.5 61.5 62.2 62.2 62.2 62.2 62.3 62.3 62.5 63 63.8 65.1 71.7 78.6 82.9 87.2 90.3 91
22.3 22.1 21.6 20.6 18.6 20.8 23 24.1 24.5 24.4 24 23.6 23.3 23.4 24.3 25.8 25.6 26.2 27.3 28.4 27.8 27.5 28 27.9 27.5 27.5 27.2 27.1 27 26.9 26.1 24.7 25.3 26.8 28.5 30.8 34.4 38.2 46.6 47 47.8 48.9 49.4 50 49.9 49.3 46.7 46.1 47.8 48.8 49.9 51.1 51.5 51.8 52.1 52.6 53.4 54.5 55.5 56 56.3 56.6 55.6 53.8 52 48.7 53.9 59.7 61.1 62.7 63 63.2 63.4 63 62.6 62.1 63.1 64.4 64.9 66.1 71.7 79.2 84.7 89.3 91.6 92.2
21.7 21.6 20.6 18 19.5 22.6 23.5 24.2 24.6 24.6 23.8 23.2 22.8 22.5 23.5 23.5 23.8 24.9 25.4 26.4 26.1 26.6 27 27.2 26.9 26.6 26.3 26.1 26 25.9 25.3 23.8 25.8 28 29.7 31.8 35.3 38.4 42.4 45 47.4 48.4 48.9 48.9 48.1 47.3 42.7 47.5 48.3 49.1 49.8 50.2 50.5 50.8 51.1 51.5 52.3 53.8 54.5 55 55.5 54.2 52.8 51.1 48.3 53.4 56.9 60.5 62.2 63 63 63.1 63 62.5 62.1 62.3 63.6 65 66.2 67.1 72.3 79.1 84.7 89.5 92.5 93.7
21.4 20.8 18.4 19.5 22.3 23.1 23.8 24.4 25 25.6 25.3 24.5 23.6 22.8 21.7 22 22.3 23.9 24.5 23.7 24.7 25.4 26.1 26.6 26.3 25.8 25.4 25.2 25 23.8 24.6 25.8 27.7 29.6 30.9 32.4 35.1 37.8 41.4 45.2 46.8 47.5 47.4 47.4 46.4 44.2 44.6 46.5 47.1 47.9 48 49 49.5 49.8 50.2 50.5 51.2 53.1 53.3 53.6 52.3 50.9 49.6 49 47.4 50.5 56.1 59.7 62.2 62.4 62.6 62.6 62.5 62 61.6 62.8 64.1 65.5 66.8 68.2 73.6 78.4 83.6 88.3 93 96.2
21.2 18.4 16.1 21.5 22.8 23.7 24.6 25.3 26 26 26.6 26 25.1 24.2 21.8 20.9 20.9 22.4 21.8 22 23.5 24.7 25.9 26 25.2 25 24.5 24.3 22.5 24.7 26 26.9 28.2 29.6 30.9 31.9 34.7 37.3 40 44.1 45.8 46.2 46.5 46.1 45.6 42.6 44.5 46.1 45.9 46 46.3 47.7 48.2 48.7 49.2 49.5 50.1 52.1 51.7 50.4 49 47.8 47.7 47.4 46.5 49.5 53.5 58.5 60.5 61.4 62 62.1 62 61.5 62 63.3 64.6 65.9 66.7 68.5 73.7 78 82.4 87.7 93.8 97.8
18.6 14.2 17.6 20.5 22.5 23.9 24.9 27.3 27.1 27.1 27.2 27.4 26.6 24.8 22.5 20.9 20.9 20.9 20.9 20.9 23.2 25.8 25.7 25.5 24 23.4 23 25.1 25 24.9 26.1 27 28.2 29.5 30.7 31.7 34.2 36.2 38.9 43.4 44.2 44.3 45.4 44.9 42.2 39.3 44.1 45 44.7 44.2 44.5 46.1 46.9 47.4 47.9 48.4 49.2 50 47.9 46.6 46.5 46.2 46 46.1 46.1 48 50 53.9 56.9 59 59.8 61.4 61.4 61.1 62.5 63.6 64.4 65.1 66.4 68.8 73.3 76.3 80.6 88.2 95.1 102.8
14 14.7 18.8 20.3 22.1 24.1 27.1 28.9 29.4 28.9 28.7 28.5 27.6 25.1 22.4 20.9 20.9 20.9 20.9 20.9 23.5 25.2 25.1 25 23.5 22.2 22.9 25.3 25.5 25.8 26.2 27.2 28.1 29.5 30.5 31.5 33.6 36.1 38.3 40.2 41.7 42.9 44.5 43.2 36.9 41.9 43.3 42.6 43.1 42.8 43.3 44.2 45.6 46.1 46.7 46.8 46.8 46.1 45 44.7 45 45.2 44.6 44.9 46.2 48.1 50 52.6 55.4 57.2 58.9 60.6 60.8 61.3 62.1 62.8 63.6 64.3 66.7 69.1 73 75.9 81.4 88.1 92.6 97.2
12.4 15.6 18.3 20.4 23.8 26.4 27.6 30.5 31.8 31.3 30.8 30.3 27.3 25 22.3 20.9 20.9 20.9 20.9 20.9 21.5 24.7 24.7 24.8 23.4 22 24.1 25.1 25.3 25.4 25.5 26.8 28.2 29.3 30.2 30.5 31.9 34.2 36.3 38.2 40.8 41.7 41.7 38.7 42.3 41.4 41.2 40 40.2 41.7 43.3 45.3 46 46 45.1 44.8 44.6 43.6 43 42.6 42.6 42.5 44.6 45.5 46.8 48.5 50.2 52.4 54.9 56.5 58.1 59.7 59.4 60.5 61.3 62 62.8 64.5 67 69.4 72.6 76 82.5 85.8 90 94.6
12.6 15 17.7 20.1 23.3 26.2 29.5 30.9 33.5 33.8 32 29.5 26.8 25.2 23 20.9 20.9 20.9 20.9 20.9 23 24.5 24.6 24.5 22.9 21.5 22.5 23.7 24.5 24.8 24.9 25.8 27.3 27.8 28 28.1 29.6 32.5 34.6 37.4 39.5 38.2 37.8 35.9 36 38.5 37.8 38.6 41 42.8 44.6 46.7 46.6 46.3 45.7 44.1 43.1 42.2 41.4 40.6 41.6 44.1 45.2 46.3 47.6 48.9 50.4 52.6 54 55.6 57.2 58.1 58.1 59.4 60.5 61.3 62.4 64.8 67.3 69.7 72.2 77.1 80.5 83.8 87.8 92
