app/static/ascii/NB30.asc
ncols 200
nrows 200
xllcorner 130000
yllcorner 900000
cellsize 50
[rows 0 to 35 of 200, columns 0 to 82 of 200]
142.2 137.7 133 121.8 112 111.5 115.4 116 113.4 117.7 124.2 134.4 141 140.7 146.3 154.6 172.7 184.2 182.1 163.3 161.3 158.8 159.3 145.8 137.1 143.9 151 140.5 147.1 151.6 148.2 150.2 142 137.7 125.9 112.6 103.2 81.2 74.3 64.9 57.5 55.6 59.3 48.6 37 35.1 51.6 62.3 54.2 38.4 34 33.1 33.9 30.8 28.7 17.6 9.3 7.4 10.7 9.1 8.5 3 -2.1 -2.1 -2.1 -2.1 6 10.7 19.6 19.7 17.6 20.2 18.4 7.6 0.5 -2.1 0.7 15.3 24.2 26.3 15.9 35.7 38.7
141.8 138.8 133.5 125.9 117.6 114.8 119 122.1 123.4 128.9 132 140.7 144.9 147.1 154 166.8 175.1 191.2 200.1 177.7 163.3 160.6 161.3 156.4 148.3 147.1 150.1 152 160 159.1 163 158.5 154.9 150.1 140.7 130.8 116.4 112.7 94.7 79.2 64.2 59.7 55.7 45.2 36.8 45.1 57.3 67.4 71.7 57.6 41.1 36.9 32.2 29.1 27.3 21.3 17.7 14.4 17.3 13.7 12.1 9.5 6.5 7.6 10.7 8 10.6 16.3 21 22.4 22.4 23.1 22.1 18.3 4 -2.1 8.2 34.3 37.9 38.2 25.9 36.4 43.9
141.5 139.3 132.4 129.3 125.7 122 119.4 125.4 128.2 130.6 135.3 144.6 149.3 154.3 158.7 169.7 181.1 192.1 200.8 184.4 165.7 159.1 158.2 156.8 153.1 149.6 155.3 159.9 171.2 168.3 170.9 166.9 160.1 158.6 152.9 143.4 121.5 115.6 106.5 89.2 71.4 59.8 52 46.8 45.1 51.4 60.9 71.3 72.8 58.9 49.9 42.6 32.9 31.5 31.9 29.8 24.3 22.4 24.6 21 20.2 16.6 11.3 14.4 17.8 19.6 20.3 22 22.4 22 24.5 24.7 24.8 20.7 12.7 -2.1 21.5 39.5 46.7 46.1 40.2 31.4 45.7
145.8 139.4 134 130 129.7 127.5 123 127.1 127.9 133 140.4 149.4 154.4 160.5 166.1 173.9 190.5 198.3 200 188.7 166.5 158.2 158.2 157.6 160.2 155.8 160.1 165.3 170.8 175.1 176 178.1 170.5 164.9 156.2 147.2 123.5 114.3 110.2 96.3 81.9 65.5 68.7 62.8 57.4 55.9 61.8 69.7 64.8 51.5 45.1 39.3 43.7 45.2 43.8 39.7 28.9 33.7 32.1 31.7 29.3 25.8 22.6 28.5 38.1 38.4 35.6 32.1 25.9 25.7 25.1 24.4 24.9 21.1 12.3 18.2 28.8 43.7 59.2 55.9 47.4 36.3 44.8
148.9 140 136.2 134 134.7 134.6 128.5 127.4 128.6 133.9 140.5 150.7 160.3 163.2 170.3 176.5 187.5 195.9 199.6 194.2 177.1 158.2 158.2 160.5 161.6 161 163.3 169.3 181.3 183.3 180.3 180.1 178.2 167.2 155.3 151.2 131.1 116.5 108.5 93.9 80.7 69.3 72.1 68 63.2 67 69.1 68.3 61.3 51.7 44.9 50.9 55.9 60.4 55.8 47.2 42.1 50.5 52.5 54.4 46.6 39.2 38.6 49.8 55.5 62.2 69 51.8 35.1 26 24.1 23.1 23.6 20.5 16.8 22.4 32.7 61.1 66.2 64.6 48.1 40.1 43.1
150.7 140.9 140.3 139 139.6 139.6 131.2 124.9 128.1 135.1 144 153 160.8 160 168.6 176.8 186.7 190.8 190.8 189.8 170.9 158.7 158.2 160.3 166.8 168.8 170.5 175.5 187.6 185.6 180.2 179.2 177.7 166.8 154.8 138 124.7 114.5 103.8 90.1 79.8 75.5 71.1 66.8 70 76.8 81 76.3 62.2 55.9 48.9 53.6 58.9 60.9 60.8 55.1 59.2 80.1 76.5 76.8 67.9 50.6 51.2 62.7 74.1 75.9 76.2 64.5 57.2 35.7 25.5 23.3 23.4 20.8 17.1 21.8 39.7 61 60.8 57.1 51.7 45 46.2
149.8 144.4 143.2 144.3 143.6 140.8 135 129.9 127.1 132.1 142 151.4 158 158.9 167.7 174.9 181.4 185.7 181.7 177.5 168.7 161.7 158.2 163.5 171.2 172.7 175 180.5 186.6 189.6 183.3 178 173.1 166.7 148.4 131.1 121.8 111.3 101.1 90.7 83.3 77.9 77.7 72 74.2 76.6 78.1 70.9 63.7 59.5 58.4 68.8 69.3 70.9 61.2 68.4 74.6 90.2 90.9 78.6 69.2 62.4 65.4 67.9 81.4 85.7 79.7 71.8 69.9 50.8 33.4 26.5 30.7 25.2 19.9 22.9 43.6 57 59.9 61.2 66.6 54.4 49.2
152.1 149.4 149.8 150.6 149 143.7 139.3 136.4 128.3 132.1 136.8 145.9 153.6 156 162.8 169.9 175.2 179.1 175.2 171.3 168 162.2 161 168.1 174.3 178.7 184.5 189.7 186.9 190.4 188.4 176.3 168.2 158.2 144.7 134.1 122.6 113.3 103.3 95.8 87.6 81 77.7 77.9 77.6 79.3 80.2 75.7 64.8 57.9 70.2 80.8 79.5 69.7 69.1 73.5 79 84.8 92.3 85.4 71.6 69.2 71.8 76.9 84.7 89.2 84.2 77.5 71.6 62.2 49.3 38.4 36.3 30.1 21.2 27.5 44.7 57.5 60.7 67.8 69.9 64 57.8
156.7 155.9 156.6 159.1 159.1 150 145 139.4 131.3 132.7 127.7 134.6 142.8 149.7 157 162.7 167.1 170.9 172.1 169.3 168.3 163.7 165 173 179 184.6 194.7 189.7 189.3 190.7 189 176.7 167.3 162 152.3 139.7 127.9 115.3 107.4 102.8 91.1 84.2 80.3 82.3 82.5 83.5 83.1 79.4 66.5 61.5 71.4 74 73 70.8 68.1 77.6 82.1 84.3 89.9 88.1 75 75.5 79.6 82.3 88.9 96.6 102.2 88.8 80.6 77.5 60.7 49.8 41.2 33.7 24.9 29 45.9 56.8 59 61.8 66.9 69.7 61
162.6 162.9 160.7 160.7 157.3 152.8 151 143 133.8 134.1 127.2 135.4 142.5 147.8 153.2 156.1 160.1 164.7 167.2 165.5 167.6 164.6 167.1 174.4 181.4 187.9 194.6 193.6 192.9 190.7 187.5 189.5 178 178.6 164.6 147 141.2 131.5 120.9 109.5 95.8 87.3 87.1 86.5 85 85 83.7 79.8 71.9 64.6 71 71.8 72.4 70.8 70.7 80 81 81.6 83.6 80 78.5 80.6 82.3 86.9 91.2 93 94.2 89 82.1 73.6 65.5 58.6 46.5 40.2 25.6 35 54.2 58.7 60.7 59.6 60.2 69.1 63.6
169.6 167.4 164.2 160.9 157.9 154.1 151.2 146.5 135 128.4 127.2 128.3 142.1 150.2 151.3 154.1 156.4 159.4 161.1 161.5 162.5 168.2 170.6 178 185.5 198.4 195.3 199.2 200.4 193.7 194.2 193 190.3 188.4 181.6 167.3 156.5 151.6 143 117.2 99.7 90.7 90.1 88.8 87.3 88 86.2 80.8 74.4 71 68.5 69.4 71.6 72.8 72.5 76.9 76.9 78.7 79.1 76.7 78.8 81.2 85.6 89.7 91.2 92.4 90.7 88.9 84.6 77.6 71.5 67.4 59 46.3 28.9 39 52.1 59.5 63.4 63.2 63.4 69.7 68.4
171.3 169.3 165.4 160.9 156.8 152.6 150.8 146.2 135.6 127.8 127.2 127.2 133.3 145.8 149.4 151.4 153.9 157.1 160.7 162.5 166.4 175.9 177.1 180.7 191.3 196.4 197.5 200.2 203 207.3 203.1 203.2 199.5 198.6 188.4 179 164.5 159.6 146.7 122.1 105.5 98.6 95.1 90.4 93 95.5 91.9 87.8 79.3 73.1 70.8 71.2 71.2 73.5 75.3 74.7 74.3 73.8 76.2 78.7 78.9 81.5 87.2 90.6 95.8 96.8 95.1 90.6 80.8 78.7 73.5 69.6 64.4 50.5 31.4 46.2 54.5 59.7 71.3 74.7 74.3 75.5 74.4
175.3 171.1 166.2 160.7 156.5 150.9 148.5 145.5 136.2 127.2 127.2 127.2 132.2 140.9 146.5 149.3 153.8 159 164.5 165.9 176.4 181.8 181.7 184.2 190.8 198.2 200.5 203.5 208.6 211.9 210.4 209.8 214.3 209.1 190.6 180.1 166.5 154.4 142.4 124.2 110.5 105 100.3 98.3 102.9 105.5 100.6 90.4 88.8 81.1 76.9 76.9 73.9 77.9 81.5 83.2 81.4 79.6 81.9 85.5 87.4 84 86.6 90.7 98.1 100.1 91.7 85 78.2 77.9 76.3 74.2 70.1 54.3 37.8 54.8 61.8 68.7 74.9 83.7 84.9 84.5 83.6
177.3 174.2 170.9 162.1 156.1 150.5 148 143 137.6 130 127.2 127.2 134.3 144 148 150.3 156.1 163.3 170.8 170.4 179 184 185.7 187.4 194.3 203.7 209.8 211 216.3 219.9 222.2 224 230.3 212.4 191 182.2 167.7 157.5 140.8 128.8 121.3 112.7 104.5 104.3 110.8 109.4 106.3 102.9 108 94.4 88.8 83.5 78 82.7 86.9 90.2 92.5 93.3 92.2 91.2 90.7 87.2 86.5 90.9 95.9 93.8 88.5 84.4 80.5 78.4 79.6 78.8 71.1 51 47.6 60.1 71.1 75.6 81 86.4 89 89.9 94.2
182.7 178.2 175.2 164.9 159.8 152 149.4 145.5 139.8 136.4 127.2 127.2 133.4 146 150.5 152.8 156.3 162.5 172 174.4 179.7 185.8 189.1 194.9 201.3 209.1 214.4 220.3 225.5 228.1 229.4 232.2 229.6 215 195.9 182.8 174.2 160 148.1 139.1 129.2 118.9 110.8 108.3 110.7 112 110.1 110.8 109.2 101 95.4 86.1 80.4 80.7 90.9 98.9 104.7 103.1 98.6 93.6 89.8 86.9 87.8 90.9 95.5 96.4 96 89.9 85.2 81.8 80.7 81.9 67.3 48.9 55.4 65.1 72.2 77 81.5 88.8 94 98.7 104.8
201.2 185.8 180.5 169 158.8 155.8 154.1 148.9 142 137.5 131.5 127.2 134 146.3 152 154.6 159.3 162.7 169.5 175.1 183.1 194.9 201.4 206.9 210.2 217.3 222.2 228.9 232.6 234.9 237.2 244.4 235.3 218.9 206.1 192.3 178 162.3 153.7 142.8 135.9 124.3 113.5 109.1 110.7 113.1 111.2 110.8 105.9 99.2 93 88.3 83.2 84.9 94.3 106.2 110.5 104.4 99.8 94.6 91.4 90.7 89.5 95.4 99.7 101 99.5 98.3 93.7 86.7 81.9 77.3 62 46.9 61.7 71.9 76.7 77.9 83.9 91.6 98.1 101.7 109.6
206 195.6 188.7 175.8 163.4 160.5 157.9 151.9 144.1 140.5 136.9 133.7 137.9 150.1 153.4 156.4 160.5 166.3 175.1 181.5 190.1 206.3 212.3 215.3 222.6 227.9 235.7 239.9 241.8 242 247.9 250.8 246.1 237 215.9 211.3 180.8 165.1 154.2 145.6 137.3 124.7 116.3 110.3 112.3 113.7 110.9 108.9 103.6 97.2 91.3 89.2 84 91.4 99.3 107.5 109.9 102.4 99 96.7 96 96.3 95 97.4 100.4 101 100.5 96.6 89.2 86.5 78.8 70.5 59.7 50.6 73.3 83.2 82.5 79.4 85.2 93.8 100 101.9 104.4
214.3 203.8 191 183.2 177.2 170.9 158.8 151.9 146 142.6 139.8 137.5 142.6 153 158.1 161.5 166.1 172.1 181.4 189.5 200.3 215.8 221.7 226.6 235.5 243.1 256.9 251.7 250 251.4 255.6 250.3 244.9 238.2 220 212.2 187.5 169.8 159.9 149.6 135.4 131 119.6 112.1 113.3 113.9 111.1 106.5 102.5 98 91.9 87.6 91.3 94.1 101.7 109 109.5 104.5 101.2 100.3 101.1 101.1 99.3 99.6 101 101 99.5 93.9 89.4 83.8 79.3 71.5 58.8 63.2 79.4 88 90.7 88.3 89.3 94.9 100.8 101.2 106.8
220.2 208.8 201.3 195.5 184.8 173.4 161.7 156.7 149.9 146.4 144.4 144.4 149.4 156 161.6 168.7 173.3 180.4 189.8 200.6 211 223.3 232.9 242.3 260 263.3 265.5 260.7 261.5 260.6 261.1 255.1 245.2 238 223 214 189.1 176.6 166.6 152.7 137.1 130.4 121.6 112.5 113.1 115.2 109.7 105 102.1 98 92.1 92.9 95.5 98.2 102.8 106.8 109.3 107.9 105.8 104.6 105.1 103.6 101.8 100.8 101 101 100.1 93.9 88.9 83 77.3 71.2 53.2 71.5 85.4 92.5 99.8 97.2 97.3 98.9 99.9 103.3 107.9
240.1 226.3 221.1 215.4 205.3 183.2 173.5 162.8 155.3 149.6 149.9 151.3 153.8 159.1 165 173.6 181 188.8 197.7 209.5 220.5 231.6 243.6 257 268.3 274.9 270.4 270.7 266.9 264.3 262.3 256.9 247.2 241.3 234.9 218.2 188.6 181.6 170.5 147.1 130.6 123.6 117.5 112.1 111.5 116.2 115.4 110.6 102.4 94.8 97.9 104.9 104.5 100.9 103.5 107 110.8 111 110.4 109 108.8 106.4 104.1 101.9 99.9 95.2 89 86.7 83.3 80.7 77.1 70 61.9 79.7 89.5 97.1 101.4 102.8 107.6 107.6 102.6 105 109.4
259.7 258 249 238.1 228.1 211.1 191.2 169.8 160.1 154.2 155.6 157.3 157.7 165.4 170.7 178 186.7 196.5 205.3 217 229.2 241.4 253 266.1 275.7 288.7 280.2 275.2 269.2 266 262.2 257.7 250.2 246.2 239.6 224.7 195.5 181 159.4 139.3 125.6 117.2 111.9 108.7 107.8 112 110.3 105.4 97.3 99.2 109.1 111.2 109 104.5 106.1 112.4 114.7 115.8 116.1 114.1 111.3 108.1 105.1 101.3 94.8 88.8 82.2 80.9 78.1 77.4 74.5 69.6 70 85 93.9 98.5 104.5 106.2 107.4 108.4 107.3 109.5 110.8
275.8 269.2 264.6 259.1 242.6 220.1 193.6 174.2 163.5 158.9 160.8 161.4 164.5 172.7 179.6 184.7 193.3 202.6 213 224.4 236.6 246.6 256.9 270.6 280.2 286 281.6 276 272 267.8 263 256.6 252.1 243 237.8 216 192.5 174.8 153.5 137.8 124.5 116.3 111.9 109 106.3 106.2 105.9 102.2 103.1 107.5 111.1 112.4 111.5 111.1 111.5 117.4 119.2 119.9 120.6 119 113.3 109.3 104.4 97.5 91.5 84.4 77.8 78.6 79.7 81.4 82.8 76.5 71.6 85.7 91.7 98.8 107.9 106.1 107 109.7 109.6 111.6 113.9
279.7 274.9 267.4 259.4 245.1 216.6 195.6 180.5 168.7 164.8 167.2 169.6 171.7 178.7 184.6 190.4 201.3 208.3 215.5 227.7 239.1 250.9 261.2 273.4 278.6 282.8 281.6 279.1 276.3 269.1 263.5 256.6 250 242.4 232 216.8 199.8 178.9 165.6 146.2 129.6 119.2 113 109.4 108.6 108.6 108.3 111.3 112.6 113.2 114.2 116.4 117.2 116.7 118 121.9 124.1 124.8 123.1 119 112.4 106.8 100 91 85.8 80.9 79.5 82.3 84.2 84.6 82.9 81 81 83.3 89.6 96 100.3 103.3 107.1 108.7 111.7 114 118.3
279.4 273.9 267.5 255.2 239 223.4 198 185.7 175.9 168.8 170.9 174.8 178 183 188.1 196.2 205.2 214 221 230.2 242.5 254.3 262.4 273.8 280.5 286.7 288.9 285.7 280.4 272.6 263.4 254.6 246.8 240.2 232.8 231.2 217.5 203.1 175.1 144.6 131.1 119.8 114.2 109.5 116.3 119.4 113.8 115.1 117.8 118.3 119.4 121.5 122.3 123 125.2 126.8 128.7 129.8 126.6 117.4 109.2 102.8 97.7 91.2 88.6 84.7 82.4 83.3 83.8 82.2 80 79.6 80.6 82.4 88.6 89 97.7 101.5 103.9 108.6 110.4 113.5 120.3
286.8 279.5 272.4 254.3 237.4 218.7 201.9 187.5 178.4 172.6 175 179.2 182.4 187.3 192.4 199.7 207.3 216.5 224.2 232.8 244.3 256.9 269.8 275.6 283.3 289 289.4 290 285.1 273.8 261.3 252.9 242.6 235.3 230.4 221.7 203.9 185.6 163.3 141.4 129.7 121.1 116.3 110.5 115.5 119.5 119.1 119.6 121.5 123 125.8 127.4 128.4 130.4 132.8 134.9 135.7 136.1 132.2 120.6 110.9 103.9 100 94.1 89.5 88.7 88.9 82.2 81.1 79.1 79.9 79.6 82.5 85.8 90.4 92.2 100 103.5 105.6 109.2 109.7 116.5 120.3
300.1 295.1 281.9 260.4 241.5 226.5 206.2 188.7 182.6 176.8 178 179.2 181.2 188.2 194.7 202.6 210.2 219 227.2 235.5 246.5 258.9 269 278.4 287.8 296.5 289.2 290.6 287.2 272.5 255.6 244.6 235.2 224.6 217.4 204.9 187.4 174 152.1 136.4 127.1 120.9 117.8 113.2 119.1 122.8 124 124.8 128.4 131.5 134.6 136.5 137.2 138.4 142.1 144.5 145.5 147.2 151.2 135.4 115.3 106.5 104.1 100.2 97.4 90.2 90.6 84.4 79.5 78.7 78.9 80.1 80.5 86.3 89.2 95.1 100.2 103.9 108.7 109.3 116.4 120 119.6
298.4 293.7 281.7 269.9 248.7 228 210.7 198.4 186.2 179.8 178.6 179.4 182.5 188.2 194.3 202 211.5 221.3 230.1 238.2 246.1 256.8 268.1 276.6 285.2 289.9 286.2 281.8 279.8 269.5 246.2 233.5 221.8 210.2 201.3 186.6 172.8 164.5 152 137 127.8 120.5 116.3 115.5 120.7 125.9 130.1 130.9 135.1 140.4 143.7 146 146.9 148.3 151.6 155.5 156.9 161.1 158.4 144 127.4 116.8 110.8 105.3 99.6 92.2 90.9 86.7 80.6 78.2 79.7 81.6 82.5 86.5 89.7 95.1 101.3 106.2 110.7 113.2 119.9 120.4 123.1
293.8 290.3 280.4 264.6 249.8 228.1 212.8 202 190.4 184 181.6 180.3 181.9 187.8 193.7 203.3 212.8 222.3 232.2 240.5 248.3 256.6 263.1 266.8 274.7 279.2 276.7 271.5 267.4 250.2 233.7 219.4 210.6 201.5 190.5 177.9 168.1 161.3 152.5 142.9 132.6 123.4 117.4 119.8 126.6 130.6 133.9 136 141.8 147.2 150 151.5 153.2 156.4 161 165.7 169.5 170.9 164.2 155.8 138.1 122.1 109.1 101.7 100.1 93.6 89.4 83.7 80.1 80.2 84.6 89 90.2 90.7 89 93.4 100.5 108.8 113.4 118.1 120.5 123.2 126.3
298.7 297.9 291 278.8 262.2 236.1 220.1 206.8 196.1 191.2 187.2 184.4 183.9 188 194.5 203.7 213.3 222.1 233.2 241.1 246.9 257.8 258.9 258 264.1 263.6 263.2 258.1 245.9 233.8 226.7 213.3 199.5 190.4 178.4 169.9 160.9 151.4 148.8 141.7 132 123.9 117.4 122.2 130.3 134.4 139.1 140.3 147 150.8 153.7 156.1 158.8 166.7 173.5 181.9 183.9 179.9 171.7 154.6 136.1 122.3 110.5 100.4 97.5 93 90 86.7 82.8 85.7 90.5 100.2 95.3 90.4 89 95.7 101.2 108.4 115.7 120 122.5 126.3 129.5
313 311.7 311.7 300.6 281 254.4 230.7 217.5 205.4 198.3 189.3 185.2 184.8 187.7 194.6 203.3 212.4 221.6 233.2 236.8 243.2 250.8 249.6 250.7 252.3 251.1 250.1 242.9 233.9 217.6 214.1 200.2 180.4 179.1 167.7 158.5 152.4 149.3 144.8 138.9 132.3 126 119.5 124.9 133.2 137.9 142.5 145.5 150.6 153.8 156.9 159.4 165 173.1 182.2 191.4 192.7 191.9 178.6 161.6 144.1 125.6 110.7 104.5 97.4 94.5 90.6 89.7 87.8 88.8 99.5 99.8 96.4 90.7 89 95.9 103.2 111.6 120.4 122.4 125.4 129.3 134.6
324.6 324.9 319.9 314.1 307.8 279.3 254.2 234.9 223.5 217.4 202 190.7 188.2 188.7 194.7 203.8 210.9 220.3 226.9 230.6 237.2 240 242.3 244.8 241.2 243.1 242.1 230.8 220.5 205.1 195.3 184.1 168.5 166.1 160.1 155.3 151.1 147.9 140.7 138.6 132.8 126.6 123.3 130.3 136 142.1 147.1 149.1 154.1 156.7 160.1 163.1 171.2 179.3 188.9 199.5 201 196.7 189.2 173.4 154 137.2 115.6 112.3 99 97 91.2 89.6 89.4 96.4 101 100.8 98.1 92.5 93.8 100.5 106.1 113.1 120.6 123.6 127.7 133.4 140.4
330.9 329.9 325.2 318.9 312.7 298.5 262.9 243.3 228.3 218.5 208 198.3 192.3 190.8 200.6 204 209.8 218.6 223.9 228.3 229.7 237.6 241.1 241.3 235 232.6 230.7 220 209.6 188.4 181.3 173.5 167.5 159 156.8 150.5 147.3 144.2 141 140.3 133.5 125.5 126.5 133.5 140.9 145.9 150.5 154 157.4 160.3 160.8 165.7 173.2 181.9 191.8 199.5 201.7 201.3 192.4 177.8 165.1 152.7 129.5 114.8 103.7 101 95.7 93.2 93 101.7 105.6 106.6 102.7 100.2 99.8 104.2 109.5 118.5 120.9 124.4 127.8 135.5 143.9
330.1 329.6 327.2 322.3 316.4 298.5 268.3 250.2 234.1 223.8 215 206.5 200.8 197.3 199.6 203.2 209.5 216.7 221.6 225.6 230.5 232.8 236 230.7 227.5 228.1 222.6 215.8 204.6 184.7 176.2 163.3 165.4 155.8 149.6 146.1 142.3 139.9 139 138.3 130.7 127.5 131.2 135.1 142.6 150.2 155 159.1 160 161.8 167.2 170.8 175.9 184.5 193.2 198.6 201.4 202.5 199.5 186.8 172 149 133.8 120.1 110.8 105.4 101.7 100.3 101.9 108.2 109.4 109.9 106.2 104 105.3 108.5 115.1 120.6 123 126.3 130.3 138.1 146.1
324.7 326.6 325.4 322.9 320.7 308.6 290.9 264.6 248.9 233.6 224.3 218.1 209.9 200.1 200.4 205.4 210.2 214 219.3 224.4 229.9 231.1 231 220.4 219.6 218.3 212.9 208.9 194.1 182.4 169.7 159.6 151.9 148.3 144 140.8 140.2 137 133.6 132.2 128.4 132 136 138.3 145.3 152.7 159.3 161.6 164.3 166.5 169.7 173.9 179.5 185 192.4 198.7 201.4 202.8 200.2 185.6 170.6 149.6 133 121.1 112.9 110.1 110.7 107.4 110.4 115 115.3 110.8 110.4 109 109.1 112 119.7 124.7 129.6 132 136.8 140.5 149
317.8 318.6 320.3 321.5 316.6 319.9 306.7 291.8 269.7 250.4 240.8 236.6 221.6 200.4 201.7 211.1 211.1 214.1 217.9 221 229 228 223.1 217.9 210.4 209.8 205.3 200.5 189.7 181 162.8 152.9 145.9 142 140.1 139 137.9 134.5 130.6 129.2 130.2 136.2 140.7 143.7 149.8 157.8 162 166 168.8 171.3 173 178.3 183.9 189 194.2 201 202.6 202.2 197.9 184.9 169.7 152.8 139.5 125.2 119.1 116.4 112.8 113.8 119.1 120.6 119.4 114.8 111.6 113.4 114.7 120.2 123.3 130.4 132.5 136.8 140.6 145.7 149.9
306.5 307.1 305 305.7 308.1 307.2 297.4 283.7 268.9 262.3 255.6 251.2 225.5 201.3 202 208.8 209.5 210.9 214.2 218.1 221.2 221.4 216.2 208.6 201.4 195.7 196.9 191.6 183 172.6 159.2 149 140.4 137.6 137.2 136.3 135.9 135 130.7 130.5 134.2 139.9 144.7 150.6 155.9 161.6 166.2 170.7 174 176.4 178.5 182.5 188 193.3 198.5 204 206.5 203.4 195.9 186.7 173.4 160.3 143.3 132.4 127.7 123.1 120.2 121.9 122.5 122.1 122.4 119.9 119.5 117.3 119.1 124.6 130.3 137.1 139.5 143.9 148.7 150.2 150
