app/static/ascii/NB31.asc
ncols 200
nrows 200
xllcorner 130000
yllcorner 910000
cellsize 50
[rows 0 to 36 of 200, columns 85 to 169 of 200]
21.9 21.6 28.1 26.8 29.2 38.6 39.9 37.6 36.3 36.7 36 47.3 41.7 36.3 32 42.2 45 42.1 40.5 40.3 36.2 33.1 32.9 35.6 37.2 47.4 47.9 41.1 38.9 32.6 41.3 56.4 58.2 56 50.1 44.3 38.6 34.4 24.6 16.3 11 9.6 10.9 2.5 3.5 22.9 35.5 35.5 34.2 49.5 55.8 63.9 62.4 60.6 61.5 57.1 56.2 57.5 54.9 48.1 39.1 35.9 34.5 35.5 32.4 28.2 28.7 36.8 46 47.7 47.5 50.5 47 39 40.8 43.5 40 47.8 59.3 61.8 56.8 59.8 64.1 61.7 55.3
27.8 23.2 24.1 27.4 35.6 41.8 47.8 53.2 43.2 38.9 39.4 46.9 42.9 32.9 32.9 43.8 46 44.8 40.8 38.8 36.4 33.1 32.9 32.9 33.3 46.2 51.6 42.5 37.4 34.7 37.2 56.1 57 56.4 51.9 45.4 39.3 32.3 23.9 32.4 25.9 21.7 17 11.4 2 23.3 30.5 36.8 37.2 47 56.7 63.1 65.1 60.8 61.5 62.2 56.9 57.1 61.8 53.9 42.9 36 34.8 33 29.1 33.6 36.4 40.2 46.6 48 47.5 50.4 49 45 39.9 39.2 39.5 45 52.8 54.4 52.3 54.2 64.5 64.8 62.3
28.9 25.9 35.6 38.6 41.3 44.4 55 55.4 48 43.3 42.4 43.2 37.4 32.9 32.9 43.8 49.6 45.4 41.7 37.9 36.7 35.9 34.3 32.9 32.9 42.8 46.1 40.3 39.7 37.8 35.9 41 56.8 59.7 53.4 46.6 40.2 32.3 24.3 25.3 31.1 26.5 22.5 18.2 2.1 15 27.7 36.9 40.5 46.8 60.9 66.5 66.2 65.7 64.5 65.7 57.9 54.2 53.4 47.3 40.7 36.4 34 33.3 35.1 42.1 42.6 43.6 47.7 49.9 53.8 57.8 55.4 52 45.4 41 41.5 51 50.8 51.5 54.3 47.8 56.2 65.1 59.4
27.7 28.4 41.4 42.6 43.8 46.9 49.1 53.8 48.1 45.1 43.7 37.1 32.9 32.9 32.9 32.9 44.3 42.8 46.1 42.8 39.7 38.3 36.2 40.1 35.9 43.6 44.6 41.9 42.1 40.9 36.9 37.8 40.5 52.9 49.3 41.4 37.9 31.5 25.3 25.3 29.6 24.5 19.6 17.6 8.5 20 28.6 35.6 42.2 47.6 58.7 65.7 63.8 63.8 65.5 64.3 57.8 54 45.2 39.1 37.5 36.2 35.7 37.1 50 51.6 47.1 46.3 51.4 50.7 56.6 58.6 58.3 56.7 51.6 44.8 46 53.6 54.4 51.4 48.1 46.1 43.3 47.8 56
27.1 29.6 40.2 42.6 42.8 47.8 50.3 47.8 48 48.5 44.4 36.5 32.9 32.9 32.9 32.9 32.9 37.1 44.7 43.3 42.7 40.3 38.8 40.6 39.6 42.9 46.9 44 49.7 44.9 40.6 37.3 37.8 38.5 38.8 35.6 32.6 29.6 26.2 26.4 29.4 25.9 23.7 25.2 22.4 25.4 32.4 39.1 42.5 45.9 52.4 56.6 60.5 61.4 64.1 67.4 57.8 48.9 39.9 37.3 35.6 35.6 40.6 50.3 53.8 56.8 51.2 51.4 52.1 51.5 51.1 59.8 63.2 61.2 54.3 49.3 52.1 62.1 55.7 50.7 54.7 48.2 42.2 43.4 45.3
30 24.7 33.9 43.2 43.7 44.5 44.4 44.5 44.1 52.2 46.2 38.9 32.9 32.9 32.9 32.9 32.9 32.9 41.3 43.6 43.9 44.1 44.7 42.4 40.7 41.3 45.7 47.2 51.7 49.3 43.6 39.8 37 36.8 36 33.4 30.5 27.7 26.6 26.8 32.4 30.1 27.1 29.8 27.8 19.8 31.2 39 43.3 43.9 45.1 48 55.2 58 57.4 55.5 48.1 44.8 43.2 35.6 35.6 40 46.2 51.4 59.7 59 55 53.4 52.8 52.5 55.3 60.5 63.9 66.1 57.6 52.7 47.8 52.5 47 53.9 64.1 63.5 47.3 41.5 46.2
25.8 24.7 28.9 47.1 45.6 42 40.3 40.8 42 42.8 44.2 40 35.2 32.9 39.1 34.4 32.9 32.9 34.1 40.9 45.5 46.4 46.3 46.6 42.1 38.6 43 50.5 54.7 51.6 46.6 41.6 36.7 35.3 36.8 35.5 30.8 28.3 27.5 28.4 36.9 40.6 29.8 34.4 31.3 26 30.3 40.1 41.8 40.5 39.8 41.8 45.5 51.5 52.7 50.6 42 44 39.9 35.6 35.6 39.8 50.4 58.1 58.3 61.7 57.9 59 54.5 53.8 58 62.4 62.2 66.1 59 54.6 49.1 47 47 53.8 66.4 69.9 56.9 42.5 44.3
24.7 24.7 25.9 44.7 43 41 38.9 43.9 46.4 46.9 44.1 41.9 39.1 36 40.1 40.2 34.4 33.7 33.4 33.4 42.2 47.3 46.1 46 41.2 34.5 37.7 47.8 52.8 48.8 44.4 39.5 34.7 31.8 38.7 34.9 31.9 32.5 29.5 30.1 32.5 40.2 23.6 36.2 33.7 33 22.5 36.7 45.2 43.4 38.9 39.8 41.9 48.9 48.1 46.6 43 41.6 40.6 37.7 35.6 39.4 47.7 60.4 58.3 53.2 51.9 55.5 50.7 52.5 61.4 61.6 57.4 63.7 56.3 49.7 49 47 47 50.8 64.4 66.8 59.3 44.5 40.5
24.7 24.7 24.7 35.6 38 39.2 41 44.9 47.6 50.3 47.5 44.3 42 38 37 35.6 33.7 33.7 34.7 37.6 38.5 41 48.2 46.8 40.9 34.5 34.5 45.6 44.8 43.6 41.8 37.3 33.9 32.9 37.6 37.9 33.2 42.4 38.9 33 32.1 32.8 23.5 40.5 36.1 33.7 25.3 29.7 38.9 39.6 39.3 37.5 40.1 48.3 48.5 45.1 44.5 44.2 42.4 38.9 35.6 41.3 53.3 61.8 55 51.5 45.5 45.5 46.4 59.7 59.2 59.3 54.2 50 45.5 45.5 50.4 47 47 52.8 62.6 65.3 61.5 50.8 39.9
25.4 30.7 25.5 28.3 33.7 39.3 41 48 50.3 51.8 51.2 46 42.7 40.2 38.6 33.7 33.7 33.7 37.4 34.5 34.5 34.5 43 39.5 34.5 34.5 36.7 46.4 44.5 43.3 42.2 37.6 34.5 33.3 38.5 43.7 37.6 45.6 46.3 39.3 40.4 27.9 23.8 30.4 36.9 35.9 34.2 26.4 32 35.2 35.4 36 36.3 43.1 45 44.2 49 49.6 46 38.8 35.8 37.7 45.1 58.7 53.5 51.3 45.5 45.5 45.5 45.5 48.4 52.3 50 45.5 45.5 45.5 45.5 46.6 46.5 47.8 54.1 62.2 57.4 56.1 45.4
24.7 24.7 24.7 26.6 36 42 46.8 49.8 53.6 53.6 51.1 45.8 43.4 44.4 43.1 37.2 34 37 34.6 34.4 34.5 34.5 35.2 34.7 34.5 34.5 35.8 42.8 44.9 42.5 41.4 37.4 35 31 34.7 40.4 39.3 45.5 49.2 42.4 40.1 32.3 25.6 24.9 24.9 45.5 43.9 39.2 33.2 30.2 32.7 35.3 31.1 38.4 41.4 44.8 48.8 48.8 47.1 44.3 42.3 41.3 45.6 57.8 52 48.1 45.5 45.5 45.5 45.5 45.5 45.5 45.5 45.5 45.5 45.5 45.5 45.8 51.6 47.2 44.8 52.5 52 56.5 46.9
24.7 24.7 24.7 24.7 36.9 43.8 48.5 44.3 47.1 50.8 50.2 47.6 44.9 49.1 48.8 43.4 40.8 38.2 37 34.7 34.5 34.5 34.5 34.5 34.5 34.5 34.5 41.1 40.2 41.8 39.4 37.5 35.6 31.7 29.5 38.3 39.9 45.2 48.3 45.7 42.8 34.1 24.6 25.2 44.1 51.5 47.4 44.1 38 32.9 28.6 28.4 28.3 39.2 42.3 43.2 48.7 48.9 51.3 52.8 60.7 55.3 46.7 53.4 50.3 45.5 45.5 45.5 45.5 45.5 45.5 45.5 45.5 45.5 45.5 45.5 49.5 52.6 52.8 52.7 46.3 44.9 44.8 55 45.2
24.7 24.7 25.8 29.6 26.6 37.2 40.1 40.6 42.4 45.3 47.5 46.4 45.6 46.4 48.1 43.1 41.9 40.8 36.9 36.4 34.5 34.5 34.5 34.5 35.4 34.5 34.5 41.8 37.8 39.1 36.9 38.1 33.1 30.3 29.5 36.9 40 44.9 47.4 49 44.4 38.9 27.9 25.4 33.5 43.3 40.9 38.5 33.9 33.1 31.4 28.3 28.3 32.2 42 42.7 46.5 50.6 52.5 57.8 59.7 56.5 48.6 50.7 50.5 47.3 45.5 45.5 45.5 45.5 45.5 45.5 45.5 45.5 45.5 45.5 45.5 55.8 53 50.1 47 44.9 47.2 50 42
24.8 24.8 34.3 32.5 28.5 27.4 27.2 34.1 38.9 46 52.7 47 46.3 45.8 44.8 40.2 36.7 36.7 40.7 43.2 40.9 37.7 36 37.3 39.5 35.5 34.5 36.1 36.6 33.2 33.2 34.2 33.6 34.7 30.3 30.7 38.6 39.7 41.8 46.5 45.4 42 36.7 27.9 25.9 41.4 44.5 42.1 35.9 35.6 34.4 29.1 28.3 28.3 31.7 39.3 44.9 49.1 52.6 55.7 58.1 56.8 56.1 51.5 50.7 52.1 47.9 45.5 45.5 45.5 45.5 45.5 46.7 47.4 45.5 45.5 46.4 56.9 55.5 49.4 48.8 46.8 46.6 36.7 29.5
27.3 29.6 37.2 36.7 34 33.1 33.6 31.6 35.9 44.1 53.6 46.5 47.5 46.3 43.4 36.7 36.7 36.7 42.2 46.4 45.5 35.4 36.9 36.5 36.2 34.5 34.5 34.5 33.9 33.2 33.2 34.7 34.7 34.1 32.9 29.3 34.6 36.4 39.7 49 50.9 45.8 35.5 31 23.6 35.2 41.5 40.8 40 34.5 30.2 28.3 28.3 29.9 36.3 42.1 46.2 53.6 52.9 54.4 55.9 55.1 57.8 49.4 51.1 52.8 53.8 60.7 57.7 51.9 47.9 50.8 51.4 50.4 49.6 53 47 54.2 55.3 51.4 45.6 44.2 39.3 35.6 25.6
34 33.5 38.3 39.9 37.7 36.7 37.3 35.4 34.5 40.1 44.2 43 46.6 47.4 41.3 36.7 36.7 41.2 42 39.8 38 34.5 34.5 34.5 34.5 34.5 34.5 36.8 35.4 34.5 33.2 37.7 39.8 37.5 34 28.9 29 34.7 39.8 47.7 49.7 46.9 39.6 30.9 25.5 26.1 38.1 41.9 43.9 40.1 31 29.7 28.7 32.9 39.7 45.1 53.2 66.9 62.2 54.4 55.2 54.3 46.9 45.9 53.6 57.1 62.4 59 55.9 51.7 52.2 56.1 59 58.4 56.9 60.2 59.5 59.3 57.3 52.2 48.2 45.3 39.3 34.2 28.3
36.6 31.5 42.5 44.7 41.9 39 41.2 40.3 38.1 38.4 40.5 41.4 48.1 42.8 40.7 36.7 36.7 41.7 42.8 40.4 35.9 34.5 34.5 34.5 34.5 34.5 36.6 41.1 37.8 37 37.3 33.1 35.9 37.2 36.6 33.1 28.4 30.2 35.6 44.8 48.1 47.1 45.5 34.1 27.7 23.7 28.6 44.6 45.4 40.1 31.3 27.4 28.5 30.1 34.5 47.8 54.9 57.6 56.2 51.3 40.1 45.9 45 40.1 54.5 56.3 61.7 58.4 55.8 54.3 58.2 62.9 65.7 64.2 61.8 63.6 63.6 67.2 62.3 56.5 51.7 47.5 43.5 41.3 30.3
39 33.3 44 52.5 47 42.2 41.5 41.7 39.6 38.5 38.5 39.8 42.5 42.5 41.3 37.5 36.7 43.7 43.3 40.8 37.1 34.5 34.5 34.5 38.7 34.5 44.2 47 41.8 38.4 37.9 35.5 33 33.8 35.3 34.1 28.4 28.4 35.7 39.9 42.9 46.1 44.9 42.6 31.7 25.8 24.9 31.3 32.1 28 27.2 28.7 31.6 31.8 35.5 36 48.3 53.8 58.8 55.4 45 40.1 40.1 40.1 49.2 53.8 59.5 58.5 54.8 54.3 58.8 61 64.3 70.1 66.2 61.7 69.1 73.1 70.5 63.5 58.5 50.9 46.8 40.9 33.2
48.2 38.7 40.9 53.4 50 43 43.9 42.3 42.3 42 41 39 41.4 42.8 42.7 40.3 36.9 38.8 42.6 40.3 35.2 34.5 40.4 41.1 45.9 37.4 38.9 47.6 43 41.4 37.4 35.1 33.2 32.3 32 32.8 29.7 28.4 31 36.5 40.7 42.1 42.7 42.6 37 32.9 24.5 25.8 27.7 27.7 27.2 28.8 34.2 30.4 33 34.9 38.5 41.9 45 45.4 43.8 41.6 40.1 40.1 41.9 50.1 51.5 52.1 53.4 53.4 54.6 58.1 60.6 62.4 62 61.5 68.8 74.5 73.1 70.4 67.3 56.7 52.3 44.9 33.4
50.6 41.7 41.3 52.6 53.6 46.4 42.5 46.1 47.3 48.3 44.6 42.5 42.8 45.7 44.3 41.5 39.9 37.2 39.2 41.4 39.8 41.3 48.6 45.5 47.5 42.6 38.4 48.5 46 45.5 41.3 38.2 36.1 33.4 32.4 29.6 28.6 28.4 29.2 34 37.5 39.3 40 40 39.5 37 28.3 24 26.6 29.3 28.1 27.5 28.8 29.7 31.4 34.5 38.9 41.7 42.7 42.9 41.7 43.6 40 42.8 51.6 52 49.8 45.7 44.4 44.2 50.7 54.8 58.7 61.3 61.8 62.8 69 73.1 74.6 74.6 71.5 64.5 60.9 53.6 42
49.4 43.3 40.6 50.2 50.1 44.5 44 51.9 48 48.8 46.8 44.3 41.8 42.2 44.3 45.6 42.5 38.7 40.3 46.4 46.6 48.4 52.4 49.3 48.4 47.3 39.1 44.2 48.5 53.9 48.5 44 39.5 37.3 35.7 30 28.4 28.4 28.4 35.9 37.1 38.8 39.7 40.1 40.9 37.6 34.5 29 23.6 23.6 27 26.5 25.6 25.7 29.8 32.8 37.7 43.2 46 42.4 40.2 40 40.3 42.8 41.9 41.9 41.9 41.9 41.9 41.9 48.8 52.2 58 63.9 67.3 66.8 71.4 76.5 77.4 80.2 78.4 63.6 53.4 45.3 35.4
47.3 43.8 39.8 42 45.3 45.3 45.6 53.2 51 48.4 46.5 44.3 41.9 41 43.2 45.3 42.5 38.8 42.1 48.7 52.6 54.4 51.3 50 50 46.6 40.4 43.8 57 55.6 47.5 44.3 40.8 40.2 38.2 29.4 28.4 28.4 28.4 28.9 37.9 44.5 41.8 39.5 38.7 39.2 36.3 32.1 25.3 23.6 23.8 25.6 25 27.3 30 31.4 35 41.4 42.5 41.3 40.6 41.4 42.4 44 49.1 43.5 41.9 41.9 41.9 43.7 50.2 50.9 57.1 62.8 68.9 70.4 68.9 77.2 78 74 69.2 63.4 47.9 45.3 30.8
46.9 44.2 39.5 43.6 47 47.1 48.9 47.9 49.9 49.2 45.8 43.9 41.6 41 45.8 47.4 44.4 40.4 43.9 57.2 58.2 55.2 50.3 48 48.2 47.7 40.4 45.2 57.6 51.2 47.4 44.6 42.7 41.4 38.3 35 30.8 28.4 28.4 28.4 33.6 37.9 38.8 37.7 35.3 38.7 37 34.4 29.4 23.6 25.8 27.6 26.3 27.5 32.6 37 34.2 36 38.3 39.8 40 42.2 45.4 45.9 48.5 43 41.9 41.9 41.9 44.4 48.2 49.3 50.5 54.5 59.1 60.6 62.2 67 68.8 69 63.9 58.9 49.2 38.5 28.1
45.9 44.2 41.4 44.8 48.7 48.1 47.9 50.2 50.3 50.6 45.9 43.3 41.7 41 44.7 51.3 47.2 43.1 42.3 51.9 59.2 57.9 53.7 48.3 49.5 48.9 42 44.5 53.5 56.2 48.5 47.7 48.3 44.4 44.2 41.3 37.8 34.2 28.4 30.3 28.4 28.4 30.2 31.2 33 38.3 34.7 31.4 31.8 24.9 24 29.7 27.8 26.4 29.3 33.6 37.2 38 41.4 43.6 43.5 45.4 48.4 49.8 49.8 52.3 49.1 43.2 44 41.9 44.8 47.3 49.2 51.2 52.4 58.7 58.2 58 69.2 68.3 64.4 59.4 51.6 40.5 27.1
47.8 47.6 43.5 40.8 46.1 48 48.4 54.4 51.8 53.7 49.1 44.5 42 42.2 45.5 49.5 47.6 46.8 42.8 43.1 56.7 57.2 56.1 50.7 51 47.8 42.5 49.6 60 58.9 53 50.3 52.2 48.4 48.7 46.9 40.5 36.2 32.4 28.4 33.2 31.6 28.7 32 32.5 34.7 34.1 28.1 28.9 29.3 23 29.7 34 33.3 28.6 33.1 36 37.7 41.2 44.4 44.3 45.8 50.5 52.4 53.5 52.6 50.3 49 47.2 41.9 41.9 43.2 46.8 51.1 50.2 50.6 52.1 52.5 57.1 62.2 68 60.4 52.9 46.8 33.8
53.3 51 48.9 42.5 43.7 53.3 52.1 54.6 55.5 53.4 50.7 47.7 43.4 46.3 51 51.7 49.5 50.3 43.7 42.8 49.3 56.4 57.7 54.8 49.8 46.6 44.6 44.9 63.1 58 54.7 51 54.6 49.6 49.9 49.4 47.1 39.6 37.6 35.3 30.3 31.6 30.1 28.7 31.3 32.5 31.2 25.8 23.7 25.8 24.5 28.7 39.1 39.5 34.5 33.3 36.5 40.5 41.9 44.8 50.6 52.9 55.4 55.6 55 53.7 53.7 53.7 51.3 47 41.9 46.7 47.3 52 50.2 48.7 49.4 48 49.3 52.1 50.9 52.7 50 45.3 38.1
49.7 47.6 53.4 45.7 47.2 54.6 55.6 56.2 57.1 52.7 49.7 47.6 43.8 50.6 55.5 54.6 52.6 52.1 47.9 43.5 43 52.7 55 58.1 51.7 47 44.4 44.3 60 58.2 55.9 50.7 49.9 49.6 49 48.6 47.8 43.4 40.1 34.9 30.9 32.2 33.5 32 30.6 28.2 27.5 29.1 27.6 25 23.4 29.8 33.9 38.6 37.3 36.6 39.5 43.1 43.1 53.1 56.4 57.2 59.6 59.1 56.8 56.1 58 60.7 54.5 52.3 45.9 47.4 47.2 47.9 49.6 50.1 46.6 44.8 42.5 42.3 43.9 45.8 47.3 47.6 42.1
43.5 44.4 50.1 46.3 53.2 62.6 58.4 57.5 58.2 54.2 48.5 46.1 45.2 54 58.4 58 55.7 52.6 48.9 45.7 43.8 48.4 51.5 52.5 47.2 44.4 43.1 42.4 53.5 54.3 52.4 50.1 49.7 49.4 48 49.4 49.1 48.1 47.1 45.8 40.8 38.4 39.9 37.2 34.7 31.6 30.1 30.5 28.1 25.9 24.7 31.6 31.7 33.3 35.7 35.8 42.4 44.4 47 52.5 57.2 58.4 58.9 58 57.5 58.5 60.9 64.8 62.3 59.3 53.2 48.8 46.6 45.7 47.9 46 44.4 43.7 42.8 41.2 41.2 41.5 40.9 40.2 37.5
37.5 37.5 38.1 43.2 48.3 60.8 58.3 55.3 54.5 52 48.1 46 46.4 52.2 56.1 59.2 57.8 54.1 54.1 54 46 46.9 50.4 49.3 46.3 45.1 43.9 44 52.2 56 51.3 50.6 49.8 48.9 48 49 50.3 49.5 50.9 53.1 52 46.2 44.2 42.4 40.4 38.2 36.1 36.1 31.2 27.1 24.1 25.9 30.9 31.3 34 36.7 46.4 46.8 46.9 48.6 58.8 59.3 59.2 58.7 59.1 60 60.9 62.9 66 61.6 55 49.3 45.8 44.4 44.2 43.8 43 47 43.2 40.4 39.4 38.5 36.9 36.3 35.1
37.5 37.5 37.5 37.5 40.6 53.2 54.3 51.6 50.7 51 52.8 49 48.9 50.4 54 57.4 62.4 60 59.5 59.2 53.8 48.6 50.1 48.7 47.5 46.6 44.8 45.2 52 58.1 52.8 50.1 48.7 47.7 48 48.8 51.5 51.6 55.3 59.1 54.7 50.7 47.1 44.8 43.8 42.3 40.6 38.3 34.9 30.3 25.5 26 31.7 32 33.1 35.9 44.3 44.7 45.8 48 54 56.7 59.6 59.3 61 62.8 60.8 61.7 61.5 63 57.6 50.2 45.3 44.3 43.8 43.1 42.3 41.5 41.7 40.5 39.1 38 40 40 41.6
37.5 37.5 37.5 37.5 37.5 42.5 48.9 47.6 48.6 51 57.2 52.4 50.3 51.8 53.3 56.9 65.2 70.2 65.3 60.8 57.6 56.3 51.1 50.7 49.9 47.5 45.8 46.6 48.1 54.4 52.1 48.7 46.9 48.1 48.6 49.5 51.5 55.8 59 63.9 59.3 53.6 49.2 46.2 43.5 43.5 40 37.2 35.7 31.9 26.8 26.6 29.6 31.9 32.9 34.3 37.2 40.9 44.7 48.7 51.5 57.7 59 60.9 62.9 64 62.5 62.1 61.5 58.4 56.7 50.5 45.1 43.9 43.2 42.4 41.7 40.5 39.6 39.7 38.5 40.3 40.5 44.7 44.8
37.5 37.5 37.5 37.5 37.5 38.6 44.8 45.6 46.8 48.7 52 52 52.1 53.9 56.1 59 63.8 67 63.5 60.9 59.8 58.4 54.3 55.3 58 53.8 49.4 46.6 48.2 54.3 51.9 47 45.8 48.6 49.5 50.3 52.1 59.5 60.9 60.2 60.2 56.3 51.5 47.6 43.8 41.9 39.1 36.1 34 32.8 29.3 25.4 27.8 30.1 32.3 33.7 35.8 39 43.9 47.5 51.8 60.2 65 65.5 63.5 62.6 63.2 60.3 58.5 56.7 53.5 50 44 42.9 45.6 43.4 41.3 39.3 39.3 39.7 41.6 42.3 41.2 44.6 43.6
37.5 37.5 37.5 37.5 37.5 38.5 42.3 44 46.4 47.6 50.1 51.4 52.3 54.2 57.9 62.1 65.6 64.9 63.2 63 63.2 65.3 57.9 61.8 62.9 56.1 51.5 48.6 43.3 43.9 44 43.3 48.4 53.8 55.5 51.2 52 57.9 59.7 56.3 52.8 50.3 50.2 48.7 46.1 41.2 38.2 35.2 32.1 30.7 30.2 28.1 26.5 28.6 30.6 32.7 34.9 37.9 41.4 46.3 49.4 53.4 59.8 64 62.6 61.1 60.5 57.8 55.2 53.1 52.1 52.1 44.8 40.5 45.1 46.3 43.5 40.6 45 44.3 42.5 42.8 42.6 44.7 52.3
37.5 37.5 37.5 40.2 43.6 43 44.8 46.2 48.7 53 52.8 52.6 52.9 54.7 61.3 71.4 76.5 75.6 67.1 65.1 65.6 65.4 61.1 60.5 59.3 53.7 46.1 47.4 43.3 43.3 43.3 43.3 54 56.9 58.7 56.5 53.3 57.1 57 53.7 49.8 49.8 49.4 48.5 46.6 41.7 38.5 35.6 32.7 31.2 29.7 28.1 26.9 29.4 31.5 32 33.4 36.7 38.3 44.9 45.3 49.8 55.8 58.7 58.7 61.1 61.5 59.3 56.2 51.7 49.9 49.9 42.1 39.2 42.3 47 39.9 42 43.7 44.8 44.6 43.2 43.3 49.5 55.4
37.5 37.5 37.5 47.7 51.4 49.5 49.8 49.6 53.1 60.5 64.2 59.7 58.6 57.7 66.7 74.8 78 77.4 71 69 67.4 63.3 59.5 55.9 54.1 49.4 43.3 43.3 43.3 43.3 44.3 50.1 57.2 58.9 59.5 56.4 52.8 56.2 56.6 53.2 49.8 49.8 49.3 48.1 46.9 43.1 38.7 36.6 34.8 31.3 29.3 27.3 25.3 25.8 31 30.7 31 36.1 40.5 46.2 47.5 47.9 53.2 56.4 59.2 62.8 62 59.3 55.6 51.4 48.9 45.3 39.6 39.2 42.5 41.8 39.9 43.3 45.5 46.2 47.9 47.8 47.2 53 58.1
37.5 37.5 40.2 48.2 56.1 55.3 53.9 54.7 52.3 59.8 65.1 62.8 62.7 62.2 72.7 75 76.8 75.7 75.3 68.7 66.2 61.2 55.7 53.6 51.5 47.1 43.3 43.3 43.3 43.3 44.4 50.1 59.5 60.8 59.7 56.6 52.8 54.7 56.9 54.8 50.9 51.3 51.4 49.6 48.4 47.1 39.5 37.5 36.1 33 29.8 27.8 25.3 25.3 25.3 28.9 30.3 36.3 41.8 49.1 49.9 48.3 52.4 54.3 58.5 60.4 60.1 55.9 53.6 52.2 49.3 47.2 43.2 39.2 39.2 39.7 41.8 45.8 46.6 47.3 52.6 56.7 54 55.7 59.3
42.4 37.5 39.5 49.5 55.7 56.8 55.6 55.9 52.2 52.6 64.5 62.7 61.6 63.6 74 75.3 75.2 75.4 75.7 75.2 67.5 61.6 54.8 51 51.1 59.3 50 43.3 45.8 43.3 43.3 49.4 55.8 57.4 54.4 53.5 52.8 52.8 57.1 54.9 52.9 52.7 51.4 49.6 47.3 42.9 39 38.4 36.2 33.6 30.4 27.9 25.6 25.3 25.3 28.9 34.4 36.7 41.6 45.4 48.9 49.9 50.9 53.6 54.4 55.2 57.5 53.6 52.3 48.2 49 47.3 44 40.6 39.2 42.1 47.3 48.2 47.9 49.8 52.5 58.5 56.4 56.7 60.7
