app/static/ascii/NB41.asc
ncols 200
nrows 200
xllcorner 140000
yllcorner 910000
cellsize 50
[rows 38 to 75 of 200, columns 0 to 83 of 200]
80.6 72.7 86.5 78.7 74.5 69.4 71.3 83.9 104.9 94 94.6 93.9 97.9 107.7 112.5 116.1 125.7 120.4 117 106.4 68.8 50.9 44 44 47 56.1 51 42.8 41 41.9 53.1 38.5 39.4 37.8 35.9 38.1 54.2 54.2 62 59 52.8 61.6 63.1 64 69 57.9 54.9 52.8 40.4 21 -2.1 -2.1 -2.1 -2.1 -2.1 -2.1 -2.1 -2.1 -2.1 -2.1 -2.1 -2.1 -2.1 -2.1 -2.1 -2.1 -2.1 -2.1 -2.1 -2.1 -2.1 -2.1 -2.1 -2.1 -2.1 -2.1 -2.1 -2.1 -2.1 -2.1 -2.1 -2.1 -2.1 -2.1
67.7 65.8 82 77.8 75.1 75.1 77.3 98.4 114.1 106.1 100 102.8 107.3 116.2 115.8 119.6 131.2 128.4 123.7 110 81 58.1 44 44 44 48 48.2 43.5 45.8 46.1 46.8 46 51.9 47.8 36.5 36.7 51.8 56.6 65.6 74.6 64.7 66.1 63.5 64.3 64.1 61.1 60.4 58.3 45.1 29.8 -2.1 -2.1 -2.1 -2.1 -2.1 -2.1 -2.1 -2.1 -2.1 -2.1 -2.1 -2.1 -2.1 -2.1 -2.1 -2.1 -2.1 -2.1 -2.1 -2.1 -2.1 -2.1 -2.1 -2.1 -2.1 -2.1 -2.1 -2.1 -2.1 -2.1 -2.1 -2.1 -2.1 -2.1
64.6 64.6 72.1 71.4 73.2 80.1 87.9 103.2 114.8 110.4 107.8 109.1 115.7 119.1 116.2 117.3 129.5 130.8 130.5 121.1 89.1 64.5 44 44 44 44 44 52.2 54.2 57.3 54 54.9 58.4 53.2 40.4 37.6 41.7 53.3 67.7 79.3 71.2 67.4 65.3 68.4 62 59 57.2 57.3 47.2 27.6 -2.1 -2.1 -2.1 -2.1 -2.1 -2.1 -2.1 -2.1 -2.1 -2.1 -2.1 -2.1 -2.1 -2.1 -2.1 -2.1 -2.1 -2.1 -2.1 -2.1 -2.1 -2.1 -2.1 -2.1 -2.1 -2.1 -2.1 -2.1 -2.1 -2.1 -2.1 -2.1 -2.1 -2.1
64.6 64.6 64.6 69.1 71.4 84.6 92.4 108.5 115.5 113.9 116.9 127.5 124.5 123.9 120.6 126.7 125.6 124 123.2 112.8 87.7 67.9 55.6 44 44 44 48.5 56.8 62.6 69.6 71.3 80.8 79.3 63.3 60.6 50.7 43.2 47.1 61.6 73.7 77.3 66.9 65.5 67.4 55.9 53.6 48.3 45.6 -2.1 -2.1 -2.1 -2.1 -2.1 -2.1 -2.1 -2.1 -2.1 -2.1 -2.1 -2.1 -2.1 -2.1 -2.1 -2.1 -2.1 -2.1 -2.1 -2.1 -2.1 -2.1 -2.1 -2.1 -2.1 -2.1 -2.1 -2.1 -2.1 -2.1 -2.1 -2.1 -2.1 -2.1 -2.1 -2.1
64.6 64.6 64.6 70.8 72.1 87.6 101.1 109.7 113.3 115.6 127.7 128.7 129.2 128.8 131 131 124.3 114.3 113.4 106.7 90.2 73.2 54.5 44 44 48.3 51.1 65.4 73.5 78.8 80.7 90.6 80.2 72.9 75.1 57.1 46.5 50.2 61.8 70.6 81.5 71.3 65.2 59.2 50.6 47.1 -2.1 -2.1 -2.1 -2.1 -2.1 -2.1 -2.1 -2.1 -2.1 -2.1 -2.1 -2.1 -2.1 -2.1 -2.1 -2.1 -2.1 -2.1 -2.1 -2.1 -2.1 -2.1 -2.1 -2.1 -2.1 -2.1 -2.1 -2.1 -2.1 -2.1 -2.1 -2.1 -2.1 -2.1 -2.1 -2.1 -2.1 -2.1
64.6 64.6 64.6 76.9 79.3 78.1 99 108.2 105 107.7 130 136.6 137.9 141.2 136.5 128.7 115.2 113.5 109.1 100.4 93.3 75.7 62.5 44 44 49 57.6 71.2 77.3 80 86.1 87.8 82.3 86.8 83.5 70.4 51.1 54.9 62.5 71.1 84.1 79.2 67.9 58.8 52.9 54 33.1 -2.1 -2.1 -2.1 -2.1 -2.1 -2.1 -2.1 -2.1 -2.1 -2.1 -2.1 -2.1 -2.1 -2.1 -2.1 -2.1 -2.1 -2.1 -2.1 -2.1 -2.1 -2.1 -2.1 -2.1 -2.1 -2.1 -2.1 -2.1 -2.1 -2.1 -2.1 -2.1 -2.1 -2.1 -2.1 -2.1 -2.1
67.1 72.1 67.8 79.2 83.4 79.4 89.6 100.2 98.3 118.5 131.9 132.3 138.5 140.6 132.9 127.2 112.2 112.4 110.5 102 93.1 83 77.4 68.7 44.1 51.6 67.4 72.6 73 84.1 92.3 81.4 81.4 94.5 94.7 81 61.7 62.5 66.8 72.2 85.3 84.3 71.5 59.7 51.1 34.7 18.1 -2.1 -2.1 -2.1 -2.1 -2.1 -2.1 -2.1 -2.1 -2.1 -2.1 -2.1 -2.1 -2.1 -2.1 -2.1 -2.1 -2.1 -2.1 -2.1 -2.1 -2.1 -2.1 -2.1 -2.1 -2.1 -2.1 -2.1 -2.1 -2.1 -2.1 -2.1 -2.1 -2.1 -2.1 -2.1 -2.1 -2.1
75.7 74.9 71.5 80.8 84.3 81.2 86.7 92.6 92.3 107.8 125.9 131.2 131.1 131.2 127 126.2 113.1 111 106.4 100.9 89.7 87.5 88.8 76.3 56.9 53.4 71.9 75.5 77.2 92.9 91.5 81.4 81.4 96.9 98.4 88.7 71.8 66.4 70.6 69.7 81.4 83.5 72.3 47.6 4.2 -2.1 -2.1 -2.1 -2.1 -2.1 -2.1 -2.1 -2.1 -2.1 -2.1 -2.1 -2.1 -2.1 -2.1 -2.1 -2.1 -2.1 -2.1 -2.1 -2.1 -2.1 -2.1 -2.1 -2.1 -2.1 -2.1 -2.1 -2.1 -2.1 -2.1 -2.1 -2.1 -2.1 -2.1 -2.1 -2.1 -2.1 -2.1 -2.1
65.5 69.7 69.5 79.6 85.1 82 86.9 89.9 92.6 116.4 130.6 136 124.6 130.1 125.5 115.4 110.2 107 101.6 102.9 88.3 91.9 93.6 85.3 64.5 54.4 68 72.9 83.1 101.5 92.4 87.7 86.8 91.1 97.4 94.1 83.9 67.7 67.5 68.9 80.5 78.9 55.3 26.7 -2.1 -2.1 -2.1 -2.1 -2.1 -2.1 -2.1 -2.1 -2.1 -2.1 -2.1 -2.1 -2.1 -2.1 -2.1 -2.1 -2.1 -2.1 -2.1 -2.1 -2.1 -2.1 -2.1 -2.1 -2.1 -2.1 -2.1 -2.1 -2.1 -2.1 -2.1 -2.1 -2.1 -2.1 -2.1 -2.1 -2.1 -2.1 -2.1 -2.1
61.8 67.5 68.3 62.4 74.3 77 83.9 91.4 98.1 117.2 136.4 134.4 115.5 119.9 120.4 121.2 111.8 103.9 92.4 89.3 87 93.4 94.9 89.3 58.4 55.6 63.3 69.9 80.4 90.5 83.7 88.9 89.4 94.5 100.9 91.6 86.1 60.8 63 61.6 66.9 75 50.6 -2.1 -2.1 -2.1 -2.1 -2.1 -2.1 -2.1 -2.1 -2.1 -2.1 -2.1 -2.1 -2.1 -2.1 -2.1 -2.1 -2.1 -2.1 -2.1 -2.1 -2.1 -2.1 -2.1 -2.1 -2.1 -2.1 -2.1 -2.1 -2.1 -2.1 -2.1 -2.1 -2.1 -2.1 -2.1 -2.1 -2.1 -2.1 -2.1 -2.1 -2.1
61.8 61.8 65.7 61.7 68.4 69.7 76.8 79.7 94.7 119.4 129.1 117.9 108.1 110.6 119.4 115.1 106.3 99.6 88 87.7 88.1 94 97.3 92.5 80.5 54.9 58.7 71.3 79.4 85.6 78.4 78.9 75 79.5 89.5 88.9 86.1 61.3 48 52.7 48.4 50.7 49.7 -2.1 -2.1 -2.1 -2.1 -2.1 -2.1 -2.1 -2.1 -2.1 -2.1 -2.1 -2.1 -2.1 -2.1 -2.1 -2.1 -2.1 -2.1 -2.1 -2.1 -2.1 -2.1 -2.1 -2.1 -2.1 -2.1 -2.1 -2.1 -2.1 -2.1 -2.1 -2.1 -2.1 -2.1 -2.1 -2.1 -2.1 -2.1 -2.1 -2.1 -2.1
61.8 63.2 61.7 61.7 64.8 69.7 76.3 80 91.3 106.9 106.2 111.4 102.7 105.5 122.7 114.2 104.3 94.3 88 87 90.4 97.7 95.2 92.3 84.1 53.2 58.5 68.3 82.9 87.6 77.6 77.3 71.5 72.1 78.1 78.9 72.1 49.2 25.1 21.6 22.3 -2.1 -2.1 -2.1 -2.1 -2.1 -2.1 -2.1 -2.1 -2.1 -2.1 -2.1 -2.1 -2.1 -2.1 -2.1 -2.1 -2.1 -2.1 -2.1 -2.1 -2.1 -2.1 -2.1 -2.1 -2.1 -2.1 -2.1 -2.1 -2.1 -2.1 -2.1 -2.1 -2.1 -2.1 -2.1 -2.1 -2.1 -2.1 -2.1 -2.1 -2.1 -2.1 -2.1
65.7 63.7 61.7 61.7 61.7 71.3 80.5 88.7 93.6 98 98.2 100.1 99.6 100.1 106.8 97.3 95.3 88.7 88.2 87.2 91.4 93.5 92 87 77.2 50 54.7 60.7 76.3 83.1 75.9 77.5 67.6 65.2 67.6 68.3 51.1 31.6 10.3 2.8 -2.1 -2.1 -2.1 -2.1 -2.1 -2.1 -2.1 -2.1 -2.1 -2.1 -2.1 -2.1 -2.1 -2.1 -2.1 -2.1 -2.1 -2.1 -2.1 -2.1 -2.1 -2.1 -2.1 -2.1 -2.1 -2.1 -2.1 -2.1 -2.1 -2.1 -2.1 -2.1 -2.1 -2.1 -2.1 -2.1 -2.1 -2.1 -2.1 -2.1 -2.1 -2.1 -2.1 -2.1
66.7 68 67 61.7 61.7 66.6 82.5 88.9 96 94.1 95.4 95.9 94.7 90.8 95.3 91.4 90.1 88.1 89.8 91.3 93.1 95.4 92.9 81.3 64.4 42 45.9 44.6 55.1 68.2 72.7 74 65.4 58.3 64.2 61.2 50.2 31.3 4.3 -2.1 -2.1 -2.1 -2.1 -2.1 -2.1 -2.1 -2.1 -2.1 -2.1 -2.1 -2.1 -2.1 -2.1 -2.1 -2.1 -2.1 -2.1 -2.1 -2.1 -2.1 -2.1 -2.1 -2.1 -2.1 -2.1 -2.1 -2.1 -2.1 -2.1 -2.1 -2.1 -2.1 -2.1 -2.1 -2.1 -2.1 -2.1 -2.1 -2.1 -2.1 -2.1 -2.1 -2.1 -2.1
71.4 68.9 62.8 61.7 61.7 61.7 77.6 90.4 88.4 89.2 88.4 90.4 91.4 85.8 88.7 89.5 89.6 90.2 87.9 86 88.2 86.7 82.3 74.6 58.3 39.2 42.9 38.4 37 56.2 58 57.8 50.1 44.8 48.9 52.4 45.9 22.4 4.5 -2.1 -2.1 -2.1 -2.1 -2.1 -2.1 -2.1 -2.1 -2.1 -2.1 -2.1 -2.1 -2.1 -2.1 -2.1 -2.1 -2.1 -2.1 -2.1 -2.1 -2.1 -2.1 -2.1 -2.1 -2.1 -2.1 -2.1 -2.1 -2.1 -2.1 -2.1 -2.1 -2.1 -2.1 -2.1 -2.1 -2.1 -2.1 -2.1 -2.1 -2.1 -2.1 -2.1 -2.1 -2.1
82.2 71.7 64.8 61.7 61.7 61.7 69.9 79.8 81.6 80.8 86.8 93.9 93.2 84.1 82 82.4 91.6 95.8 81.1 74.9 78.9 78.9 75.8 74.3 61.1 36 32.1 31.4 26.3 32.6 41.5 37.3 34.9 31.5 35 45.3 23.5 -2.1 -2.1 -2.1 -2.1 -2.1 -2.1 -2.1 -2.1 -2.1 -2.1 -2.1 -2.1 -2.1 -2.1 -2.1 -2.1 -2.1 -2.1 -2.1 -2.1 -2.1 -2.1 -2.1 -2.1 -2.1 -2.1 -2.1 -2.1 -2.1 -2.1 -2.1 -2.1 -2.1 -2.1 -2.1 -2.1 -2.1 -2.1 -2.1 -2.1 -2.1 -2.1 -2.1 -2.1 -2.1 -2.1 -2.1
85.4 71 63 66.2 61.7 61.7 66.3 70 69.3 76.3 86.5 87.3 85 80.7 79.4 81 83.5 77.9 67.7 64.6 70.4 77.7 76.2 79.2 70.5 36.1 23.2 26.2 18.9 17.8 19.4 19.9 20.1 22.1 23.8 22.1 -2.1 -2.1 -2.1 -2.1 -2.1 -2.1 -2.1 -2.1 -2.1 -2.1 -2.1 -2.1 -2.1 -2.1 -2.1 -2.1 -2.1 -2.1 -2.1 -2.1 -2.1 -2.1 -2.1 -2.1 -2.1 -2.1 -2.1 -2.1 -2.1 -2.1 -2.1 -2.1 -2.1 -2.1 -2.1 -2.1 -2.1 -2.1 -2.1 -2.1 -2.1 -2.1 -2.1 -2.1 -2.1 -2.1 -2.1 -2.1
81.2 68.8 68.7 69.3 65.4 61.7 61.7 64.2 60.8 67.9 81.9 85.5 79.1 79.1 74.7 76.6 73.9 63.4 57.6 59 64.3 68.1 63.6 67.1 48.4 30.5 17.7 27.3 19.5 8.5 2.3 3.4 6 12.7 13.6 -2.1 -2.1 -2.1 -2.1 -2.1 -2.1 -2.1 -2.1 -2.1 -2.1 -2.1 -2.1 -2.1 -2.1 -2.1 -2.1 -2.1 -2.1 -2.1 -2.1 -2.1 -2.1 -2.1 -2.1 -2.1 -2.1 -2.1 -2.1 -2.1 -2.1 -2.1 -2.1 -2.1 -2.1 -2.1 -2.1 -2.1 -2.1 -2.1 -2.1 -2.1 -2.1 -2.1 -2.1 -2.1 -2.1 -2.1 -2.1 -2.1
78.6 72.1 78.4 73.2 67.2 61.7 61.7 68.2 57.1 56 68.4 74.9 71.4 68.7 59.7 67.9 53.2 47.2 49.1 44.2 53.1 64.2 57.9 58.4 37 23.8 12.5 13.3 9.8 2.8 2 2 2 3.1 8.2 -2.1 -2.1 -2.1 -2.1 -2.1 -2.1 -2.1 -2.1 -2.1 -2.1 -2.1 -2.1 -2.1 -2.1 -2.1 -2.1 -2.1 -2.1 -2.1 -2.1 -2.1 -2.1 -2.1 -2.1 -2.1 -2.1 -2.1 -2.1 -2.1 -2.1 -2.1 -2.1 -2.1 -2.1 -2.1 -2.1 -2.1 -2.1 -2.1 -2.1 -2.1 -2.1 -2.1 -2.1 -2.1 -2.1 -2.1 -2.1 -2.1
76.6 84.5 82.5 75.6 66.6 65 76 77.7 60.9 53.9 65.7 65.4 59.5 51 46.7 48.6 34.5 32.7 39.8 47.1 46.8 46.3 46.7 50.6 34.1 18.4 10.1 11 7.8 2 2 2 2.2 4 6 -2.1 -2.1 -2.1 -2.1 -2.1 -2.1 -2.1 -2.1 -2.1 -2.1 -2.1 -2.1 -2.1 -2.1 -2.1 -2.1 -2.1 -2.1 -2.1 -2.1 -2.1 -2.1 -2.1 -2.1 -2.1 -2.1 -2.1 -2.1 -2.1 -2.1 -2.1 -2.1 -2.1 -2.1 -2.1 -2.1 -2.1 -2.1 -2.1 -2.1 -2.1 -2.1 -2.1 -2.1 -2.1 -2.1 -2.1 -2.1 -2.1
81.2 90.9 85.1 75.7 68.8 71.3 80.9 75.6 63.5 51.8 51.3 56.9 46.4 39.7 36.1 33.7 32.2 32 32.6 34.5 34.6 36.5 36.8 34.8 25.7 14.6 8.2 8.6 7.5 4.1 2 2 9 12.1 10.9 -2.1 -2.1 -2.1 -2.1 -2.1 -2.1 -2.1 -2.1 -2.1 -2.1 -2.1 -2.1 -2.1 -2.1 -2.1 -2.1 -2.1 -2.1 -2.1 -2.1 -2.1 -2.1 -2.1 -2.1 -2.1 -2.1 -2.1 -2.1 -2.1 -2.1 -2.1 -2.1 -2.1 -2.1 -2.1 -2.1 -2.1 -2.1 -2.1 -2.1 -2.1 -2.1 -2.1 -2.1 -2.1 -2.1 -2.1 -2.1 -2.1
82.6 85.6 88 78.7 72 74.3 75.2 71.4 61.6 54.6 49.9 50.9 52.3 45.8 30.5 27.6 27.9 27.3 26.6 27.5 25.9 23.3 30.8 31.2 26.2 18.6 8.3 9.2 12.3 12.9 7.1 2 4.5 13.7 12.6 -2.1 -2.1 -2.1 -2.1 -2.1 -2.1 -2.1 -2.1 -2.1 -2.1 -2.1 -2.1 -2.1 -2.1 -2.1 -2.1 -2.1 -2.1 -2.1 -2.1 -2.1 -2.1 -2.1 -2.1 -2.1 -2.1 -2.1 -2.1 -2.1 -2.1 -2.1 -2.1 -2.1 -2.1 -2.1 -2.1 -2.1 -2.1 -2.1 -2.1 -2.1 -2.1 -2.1 -2.1 -2.1 -2.1 -2.1 -2.1 -2.1
83.6 85.3 85.7 78.8 72.6 70.7 73.4 76.3 87.7 75.1 61.5 56.6 55.9 52.1 39.1 32.5 24.1 23.3 23.3 23.2 23.3 23.3 26.1 34.3 22.2 8.8 8.6 9.5 15.8 14.2 12.8 5.1 4.5 13.5 16.1 17.7 20.1 17.5 29.3 36.3 42.9 44.4 33.2 -2.1 -2.1 -2.1 -2.1 -2.1 -2.1 -2.1 -2.1 -2.1 -2.1 -2.1 -2.1 -2.1 -2.1 -2.1 -2.1 -2.1 -2.1 -2.1 -2.1 -2.1 -2.1 -2.1 -2.1 -2.1 -2.1 -2.1 -2.1 -2.1 -2.1 -2.1 -2.1 -2.1 -2.1 -2.1 -2.1 -2.1 -2.1 -2.1 -2.1 -2.1
93.4 85.1 81.7 83.3 71.9 71.7 82.4 82.7 84.1 66.4 61.7 67.7 64.8 58 37 25.1 23.3 25.2 23.3 23.3 23.3 23.3 26.8 31.2 36.7 9.2 8.9 10.1 24 26 27.3 18.3 13.4 14.3 28 41.7 44.5 44.5 45 45.8 61.1 63 57.3 -2.1 -2.1 -2.1 -2.1 -2.1 -2.1 -2.1 -2.1 -2.1 -2.1 -2.1 -2.1 -2.1 -2.1 -2.1 -2.1 -2.1 -2.1 -2.1 -2.1 -2.1 -2.1 -2.1 -2.1 -2.1 -2.1 -2.1 -2.1 -2.1 -2.1 -2.1 -2.1 -2.1 -2.1 -2.1 -2.1 -2.1 -2.1 -2.1 -2.1 -2.1
87.4 79.7 75.4 75 72.5 77.6 93.6 90.7 76.9 62.4 62.1 74.7 68.7 54.8 43.1 31.5 32.1 36.1 28.5 28.9 31.1 24.4 24.3 28.3 27.3 12.8 8.5 9.8 27.9 28.6 30 22.4 16.8 14.2 33.9 50.8 48.5 45.5 47.7 54.4 71.3 74.8 68 49.9 35.6 27.5 -2.1 -2.1 -2.1 -2.1 -2.1 -2.1 -2.1 -2.1 -2.1 -2.1 -2.1 -2.1 -2.1 -2.1 -2.1 -2.1 -2.1 -2.1 -2.1 -2.1 -2.1 -2.1 -2.1 -2.1 -2.1 -2.1 -2.1 -2.1 -2.1 -2.1 -2.1 -2.1 -2.1 -2.1 -2.1 -2.1 -2.1 -2.1
82.4 78.1 72.2 71.5 71.5 80.6 96.4 79 73.2 61.2 61.2 71.9 62.4 55.7 52.7 53.3 47.8 60.4 62.3 55.5 43.1 37.3 28.3 22.6 20.6 15.2 9.5 10.3 34.7 37.4 40.2 31.5 13.5 15.2 23.4 36.6 40.1 48.5 52.2 57.7 64.9 70.4 64.8 62.8 51.2 54.5 51.1 -2.1 -2.1 -2.1 -2.1 -2.1 -2.1 -2.1 -2.1 -2.1 -2.1 -2.1 -2.1 -2.1 -2.1 -2.1 -2.1 -2.1 -2.1 -2.1 -2.1 -2.1 -2.1 -2.1 -2.1 -2.1 -2.1 -2.1 -2.1 -2.1 -2.1 -2.1 -2.1 -2.1 -2.1 -2.1 -2.1 -2.1
80.5 72.5 71.5 71.5 73 81.6 83.3 74 69.5 61.6 64.8 67.2 66.5 59.4 65.6 69.7 70.6 78.5 66.1 56.6 50.1 43 46.7 37.9 35 16.4 11 21.5 39.6 40.9 36.5 26.4 15.2 17.3 25.9 25.7 40.1 52.1 58.7 61.9 63.6 63.1 64.6 61.1 57.9 61.8 69 55 40.5 -2.1 -2.1 -2.1 -2.1 -2.1 -2.1 -2.1 -2.1 -2.1 -2.1 -2.1 -2.1 -2.1 -2.1 -2.1 -2.1 -2.1 -2.1 -2.1 -2.1 -2.1 -2.1 -2.1 -2.1 -2.1 -2.1 -2.1 -2.1 -2.1 -2.1 -2.1 -2.1 -2.1 -2.1 -2.1
75.7 71.5 71.5 71.5 75.8 80.4 76 79.4 65.3 65.3 71.4 74 83.3 76.2 72.4 78.7 77.3 70.5 66.5 65 62.2 54.3 54.2 50.8 38.5 16.1 22.3 29.7 48.1 48.8 43.3 34.5 16.5 15.8 17 21.2 30 45.5 56.1 59.3 58 60.7 66.9 66.1 74.6 71.8 66.6 61.3 48.2 -2.1 -2.1 -2.1 -2.1 -2.1 -2.1 -2.1 -2.1 -2.1 -2.1 -2.1 -2.1 -2.1 -2.1 -2.1 -2.1 -2.1 -2.1 -2.1 -2.1 -2.1 -2.1 -2.1 -2.1 -2.1 -2.1 -2.1 -2.1 -2.1 -2.1 -2.1 -2.1 -2.1 -2.1 -2.1
81.2 76.1 86.9 86.9 80.7 81.7 81.6 72.1 65.1 72.2 72.9 76.6 76.6 76.1 73.1 71.7 71.4 70.1 75.6 74.4 65.1 61.6 57.9 44 34.1 30.4 36.6 43.4 45.4 56.2 55.8 42.9 24.3 27.7 16.7 18.3 21 45.7 47.1 55.8 57.6 62.8 69.2 71.9 79.2 77.7 65.4 52.6 47.8 -2.1 -2.1 -2.1 -2.1 -2.1 -2.1 -2.1 -2.1 -2.1 -2.1 -2.1 -2.1 -2.1 -2.1 -2.1 -2.1 -2.1 -2.1 -2.1 -2.1 -2.1 -2.1 -2.1 -2.1 -2.1 -2.1 -2.1 -2.1 -2.1 -2.1 -2.1 -2.1 -2.1 -2.1 -2.1
90.7 92.3 93 101.5 100.3 98.1 84.5 71.1 66.8 69.9 73.2 77.5 70.9 74 75.2 76 73.9 65.2 68.9 58.6 56.6 49.6 48.3 54.3 38 50.3 54.8 53.1 63.6 70.1 64.6 44.3 40.2 34.6 22.6 18.6 20.5 41.2 52.2 52.3 50.7 56 64.6 66.1 74.3 69.2 63.1 52.1 41 -2.1 -2.1 -2.1 -2.1 -2.1 -2.1 -2.1 -2.1 -2.1 -2.1 -2.1 -2.1 -2.1 -2.1 -2.1 -2.1 -2.1 -2.1 -2.1 -2.1 -2.1 -2.1 -2.1 -2.1 -2.1 -2.1 -2.1 -2.1 -2.1 -2.1 -2.1 -2.1 -2.1 -2.1 -2.1
108.3 99.8 109.4 119.1 119.9 108.2 85.8 73.5 66.8 71 77.2 81.2 76.4 70.9 72.3 77.6 77.1 66.8 59.2 58.2 61.8 61.9 65.3 53.6 44.6 62.3 73.4 61.7 69 71 69 65 44.4 33.5 28.3 24.3 29.1 43.5 54 45 44.2 47.7 60.2 63.9 70.1 66.3 59.8 42.2 -2.1 -2.1 -2.1 -2.1 -2.1 -2.1 -2.1 -2.1 -2.1 -2.1 -2.1 -2.1 -2.1 -2.1 -2.1 -2.1 -2.1 -2.1 -2.1 -2.1 -2.1 -2.1 -2.1 -2.1 -2.1 -2.1 -2.1 -2.1 -2.1 -2.1 -2.1 -2.1 -2.1 -2.1 -2.1 -2.1
114.6 105.5 113.1 116.5 116.6 101.7 83.1 75.2 67.9 76.9 83.8 88.2 87.5 70.9 74.2 68.7 67.8 70.4 81.6 84.4 79.4 68.8 70 53.8 64.7 63 70.8 68.7 79 76.2 75.3 64.9 58 46.5 42.8 29.8 31.6 40 47.9 45 42.1 38.6 46.1 58.1 68.5 66.5 60.3 40.5 -2.1 -2.1 -2.1 -2.1 -2.1 -2.1 -2.1 -2.1 -2.1 -2.1 -2.1 -2.1 -2.1 -2.1 -2.1 -2.1 -2.1 -2.1 -2.1 -2.1 -2.1 -2.1 -2.1 -2.1 -2.1 -2.1 -2.1 -2.1 -2.1 -2.1 -2.1 -2.1 -2.1 -2.1 -2.1 -2.1
109.5 123.1 122.3 117.2 116.5 106.9 89.3 74.4 72.2 89.7 81.2 75.9 68.1 67.4 67.4 71.7 79.6 81.4 92.2 97.7 85.4 72.3 65.9 60.5 69.5 73.7 73.3 69 89 96.6 85.1 73.7 67.3 45.5 44.6 45.2 33 39.7 39.4 39.9 38.6 38.6 43.1 62.2 67.1 61.5 57.3 40.5 -2.1 -2.1 -2.1 -2.1 -2.1 -2.1 -2.1 -2.1 -2.1 -2.1 -2.1 -2.1 -2.1 -2.1 -2.1 -2.1 -2.1 -2.1 -2.1 -2.1 -2.1 -2.1 -2.1 -2.1 -2.1 -2.1 -2.1 -2.1 -2.1 -2.1 -2.1 -2.1 -2.1 -2.1 -2.1 -2.1
105.4 110.2 113.8 117.2 119 108.3 88.4 71.2 69.9 76 77.2 76.3 70.3 67.6 73.5 75 84.7 96 113.2 109.5 92 80.1 61.7 66.9 66 70.6 72.2 70.2 96.3 99.3 90.2 78.2 71.4 49.1 44 54.7 42.2 49.2 39.7 41.8 45.4 38.6 48.4 64.4 67 67.2 66.1 -2.1 -2.1 -2.1 -2.1 -2.1 -2.1 -2.1 -2.1 -2.1 -2.1 -2.1 -2.1 -2.1 -2.1 -2.1 -2.1 -2.1 -2.1 -2.1 -2.1 -2.1 -2.1 -2.1 -2.1 -2.1 -2.1 -2.1 -2.1 -2.1 -2.1 -2.1 -2.1 -2.1 -2.1 -2.1 -2.1 -2.1
101 103 108.3 115.6 108 98.4 87.5 72.5 72.6 82.3 87.1 81 84.7 80.9 77.8 79.1 84.6 99.8 110.7 106.5 87.7 80.6 67.6 72.1 67.3 67 66.6 73.8 96.1 105.7 95.6 83.8 70 58 42.6 49.6 41.9 49.1 43.1 40.9 47.9 38.7 47.5 65.6 76.9 77.1 70.2 -2.1 -2.1 -2.1 -2.1 -2.1 -2.1 -2.1 -2.1 -2.1 -2.1 -2.1 -2.1 -2.1 -2.1 -2.1 -2.1 -2.1 -2.1 -2.1 -2.1 -2.1 -2.1 -2.1 -2.1 -2.1 -2.1 -2.1 -2.1 -2.1 -2.1 -2.1 -2.1 -2.1 -2.1 -2.1 -2.1 -2.1
101 106.7 108.5 110.5 104.8 105.8 96.7 79.1 71.4 77.5 89.7 87.6 97.6 97.2 88.4 81.9 81.4 96.6 110.7 109.6 86.2 74.4 74.9 76.5 69.1 67.6 68.5 78.7 98.9 102.7 97.4 85.2 71 66.6 43.7 49.1 43.2 44.5 46.1 39.1 38.2 39.3 52.5 71.3 83.9 74.5 62.8 43.6 20.3 -2.1 -2.1 -2.1 -2.1 -2.1 -2.1 -2.1 -2.1 -2.1 -2.1 -2.1 -2.1 -2.1 -2.1 -2.1 -2.1 -2.1 -2.1 -2.1 -2.1 -2.1 -2.1 -2.1 -2.1 -2.1 -2.1 -2.1 -2.1 -2.1 -2.1 -2.1 -2.1 -2.1 -2.1 -2.1
107 113 119.9 124.5 120 111.9 94.7 75.8 72 76.1 82.1 86.9 85.6 97.6 94.3 82.7 80.9 83 93.5 94.1 82.5 81.6 89.8 94.5 85.2 71.7 68.6 84.7 99.9 103 95.6 92.4 79.8 71.4 51.4 51.3 49.9 54.4 56.9 44.5 37.9 41.4 47.3 66.8 79.9 71.4 60.9 51.5 30.6 -2.1 -2.1 -2.1 -2.1 -2.1 -2.1 -2.1 -2.1 -2.1 -2.1 -2.1 -2.1 -2.1 -2.1 -2.1 -2.1 -2.1 -2.1 -2.1 -2.1 -2.1 -2.1 -2.1 -2.1 -2.1 -2.1 -2.1 -2.1 -2.1 -2.1 -2.1 -2.1 -2.1 -2.1 -2.1
113.9 132.9 125.3 135.2 123 108.6 84.6 89.9 72.3 73 77.3 87.8 80.8 78.6 80.8 74.2 80.3 81.7 83.9 84 75.4 81.9 88 94 92 79.3 72.1 91.4 98.4 101.2 102.9 91.8 80.1 61.8 56.2 54 55.9 59.3 67.3 52.7 38.7 41.3 43.3 58.7 69.5 68.2 63 40 22.5 -2.1 -2.1 -2.1 -2.1 -2.1 -2.1 -2.1 -2.1 -2.1 -2.1 -2.1 -2.1 -2.1 -2.1 -2.1 -2.1 -2.1 -2.1 -2.1 -2.1 -2.1 -2.1 -2.1 -2.1 -2.1 -2.1 -2.1 -2.1 -2.1 -2.1 -2.1 -2.1 -2.1 -2.1 -2.1
