app/static/ascii/NB54.asc
ncols 200
nrows 200
xllcorner 150000
yllcorner 940000
cellsize 50
[rows 38 to 75 of 200, columns 0 to 84 of 200]
113.5 112.5 111.5 110.5 109.4 108.6 108.3 107.8 107 106.7 106.6 106 105.2 104.5 104.1 104.1 104.2 104.6 104.8 104.2 103.5 101.9 100.2 97.7 94.1 94 94 94 94 94 94.8 94 94.1 99.5 102.5 105.2 107.7 109.2 109.1 109.6 109.6 108.4 106.1 102.5 99.6 102.2 106.4 106 98 91.6 89.4 89.7 95.4 94.9 97.2 96.3 96.4 94.7 94.5 93.7 97.4 95 95.3 93.9 84 73.8 70.6 67.3 66.3 67 68.8 73.9 73.6 72.5 68.1 64.9 60.4 57 54 49.6 45 43.1 38.2 35 30.4
113.3 112.3 111.3 110.3 109.3 108.3 107.9 107.9 107.4 104.9 103.7 105.1 104.4 104.1 103.8 103.8 104 104.2 104.3 103.7 102.3 100 97.7 94 94 94 94 94 94 94 94 94 94 96.9 100.8 104.1 106.6 108.5 109.3 109.6 108.9 107.4 105.2 101.6 100.4 104.1 106.7 100.9 93.2 89 87.7 91.9 97.1 96.6 97.7 96.2 94.2 93.5 91.2 89 86.3 85.3 83.5 82.3 78.1 74.1 70.4 69.3 70.7 73.5 73.4 74 75.8 72.7 72.6 69.2 65 60.3 56.4 51.8 49.4 47.6 41.8 37.7 31.5
113.2 112 111 110 109.1 108.1 108 107.6 107 106.2 105.2 104.3 103.3 103.6 103.6 103.3 103.7 103.8 103.8 102.6 100.3 98.3 97 94.6 94 94 94 94 95 97.4 96.6 94 94 94 96.6 101.9 105.4 107.4 108.1 108.2 107.2 105.1 104.4 104 106.4 107.9 110.1 102.5 93.3 89.8 92 94 99.1 96.8 97.4 95.4 91.8 91.2 89 86.9 85.1 85.5 84 80.8 77.2 74.2 72 71.9 73.4 74.9 75.8 74.1 76.4 75.8 72.3 67.4 63.6 59.2 55.1 52.4 50.1 47.9 44.6 39.5 31
113.1 111.6 110.6 109.7 108.8 108 108 107 106.2 105.4 104.7 104.1 103.6 103.5 103.5 102.3 101.2 102.9 103 101 98.8 96.7 95.6 95.5 94 94.4 95.8 96.2 97.9 99.7 99.8 97.7 94 94 95.9 101.1 104.9 106.8 106 106.4 106.7 106.7 106.8 104.9 104.5 102.4 100.6 94.7 90.6 90.7 93 94.9 96.4 96.3 96.2 102.4 102.8 99 95.3 95.1 90.5 86.3 85.6 80.6 77.5 74.7 72.5 71.7 70.4 70.2 70 70.1 70.5 68.9 65.7 61.8 59.2 55.1 51.5 48.4 48.1 47.5 45.8 34.8 30.3
113 111.1 109.9 108.8 108.1 107.2 107.3 106.8 105.5 105 104.5 103.7 103.7 103.8 103.8 102.9 102 100.9 99.3 98.4 96.9 95.7 95.2 95.6 94.9 96 97.1 98.3 100.8 102.2 102 100.8 97.9 97.9 99.8 103.4 106.5 107.4 108.5 108.7 108.8 109.2 108.9 107.6 106 103 99.8 94.4 91 91.2 92.5 93.1 95.1 96.8 97.2 99.8 100.5 98.6 98 98.1 94.9 91.9 86.4 80.4 80.3 82.7 81 76.1 72.5 69.1 67.1 64.8 61.2 61.2 59.6 58.8 57.1 51.6 48 46.1 44.8 43.2 39 44.3 42.6
112.6 110.9 109.3 107.9 106.5 105.4 104.9 105.8 105.5 104.8 104.3 103.8 103.8 103.6 103.2 102.5 101.9 101.1 98.9 95.5 95.9 95 94.8 94.1 96.3 97.2 98.2 100.2 102.6 102.6 102.6 102.3 100.6 99.2 101.9 105.4 108.1 109 109.5 110.4 110.8 112 111.6 108.9 105.3 104.2 104.1 98.3 91.2 95.1 97.4 96.3 97.5 98.1 98.7 102.1 100.1 99.1 98.9 101.2 94.4 94.7 87.6 86.4 86.5 85.6 84.2 79 77 75.6 69 64.8 61.1 57.6 54.8 50.9 50.6 48.3 46.5 45.6 44.3 44.8 44.2 45.4 46.1
112.4 110.8 109.3 107.9 106.3 105.3 105.2 106.1 105.3 104 103.6 103.2 102.8 102.5 101.9 101 100.4 99.3 98.2 96.1 93.9 92.9 94.9 96.2 97.2 97.8 98.8 101.2 102.5 103.2 103.1 102.6 101.4 100.7 101.9 104.6 107.8 109.9 110.6 111.6 112.5 112.8 110.7 106.7 100.5 100.6 98.5 92.3 95.2 103 101.4 100.9 100.4 101.9 103.8 104.3 103.8 101.3 101.4 103.4 101.8 97.5 95.4 91.9 86.8 85.1 84.9 84.6 83.9 81.3 74.9 72.5 65.8 60.9 56.1 53.7 51.1 49.3 48 47.2 47 49.6 51.1 51 51.2
111.7 110.7 109.2 107.6 105.9 105.5 105.9 106.3 106.6 104.4 101.6 101.6 100.5 100.7 99.4 99.5 98.3 96.2 96.1 95.6 94.3 94.3 95.1 95.1 96.8 98.5 99.8 101.1 102.3 103.6 103.7 102.9 101.7 100.8 100.8 103.7 106.5 108.6 109.5 110.2 110.9 110.2 109 102 94.9 91.4 91.3 94.2 97.7 105.4 104.3 104.1 105.1 108 106.7 106.5 107.9 107.1 104.6 103.9 102.2 101 98.3 95.1 89.4 87.2 86.4 87.1 86.3 82.4 76.9 72.8 70.1 67.4 61.6 58 54.1 51.4 51.4 50.7 53.1 55.1 57.1 57.8 57.7
110.1 109.1 108.4 107.2 105.6 105.5 106.7 107.1 107 104.5 104.2 102 98.8 96.5 95.7 95.5 93.7 94.2 94.5 94.3 93.5 94.3 90.8 93.7 96.2 98.7 100.2 101.1 102.2 103.5 104.2 103.2 102.5 101.9 100.8 102.1 104.9 106.4 107.3 108 108.2 107.1 105.2 98.8 91.3 91.3 93.2 99.1 104 105.5 105.7 105.5 109.8 110.7 108.1 107.8 108.9 109.9 108.3 104.6 103.5 103.1 102.1 99.3 92.9 89.6 88 88.8 87.9 85.2 80.5 75.3 74.3 73.6 70.4 65.9 61.4 55.9 55.3 56.6 61.2 63.2 62.6 62 60.9
107.8 107.1 106.5 105.8 105.5 105.5 106.2 108.8 107.9 106.1 104.3 102.2 98.5 94.9 93 90.8 90.8 90.8 90.8 90.8 90.8 90.8 90.8 90.8 96.6 99.6 101.1 102 102.9 103.8 104.7 104.1 103.4 101.9 100.7 101.3 103.2 104.1 105 105.9 105 103.8 100 94.7 91.3 91.3 99.1 104.3 109.5 107.9 106.1 108.8 111.9 111.4 108.9 109.4 109.5 109.9 109.1 106.3 104.9 104.5 103 98.8 93.9 90.7 90.3 91.8 89.8 87.1 84.9 80.8 79.4 82.1 81.4 73.8 66.5 59.4 62.8 62.5 63.1 66.7 66.1 65.9 64.6
108 107.1 106.4 105.8 105.5 105.5 105.5 105.5 108 106.2 104.3 101.9 99.1 94.7 94.7 92.6 90.8 90.8 90.8 90.8 90.8 90.8 90.8 91.7 97.3 100.6 102 102.9 103.8 104.6 105.1 104.6 104 102.8 100.3 100.2 101.1 101.3 103 104.2 102.1 100.4 95.4 91.3 91.3 97.3 103 109.3 109.8 108.3 107.1 106.4 107 110.6 108.4 107.9 109.3 111.6 109.3 106.8 106.2 105.8 103 99.1 94.9 93.2 92.1 92.2 89.3 88.6 87.7 85.9 88.5 86.2 84.9 79.2 69.6 65.7 67.3 67.5 69.7 70.4 70.3 70.1 68.3
108.7 107.8 106.8 105.9 105.5 105.5 105.5 105.5 106.4 107.3 105.2 101.7 99.7 99.3 99.1 98.2 96.2 96.6 95.4 91.2 90.8 90.8 90.8 95.1 98.3 101.6 102.8 103.8 104.4 104.9 105.4 104.9 104.6 103.9 101.4 98.9 99.2 100.9 102.5 103.2 102.3 96.6 91.3 91.3 94.5 99.1 103.6 107.8 111.2 111.1 108.1 105.5 105.5 105.5 105.5 108.9 112 112.9 108.6 107.4 108.6 106.3 103 99.6 96.5 93.4 91.5 89.6 89.8 89.5 88.2 89.1 89.1 87.8 84.3 78.3 71.9 71.2 71.4 73.3 74 74.2 74.5 74.3 72.3
109.6 108.7 108 107.7 107.3 105.5 105.5 105.5 107.4 105.5 103.7 102.6 102.6 101.7 101.3 100.7 99.9 98.6 96.9 95.8 92.3 90.8 93.4 95.8 99.2 102.5 103.7 104.3 104.8 105.3 105.8 105.3 104.7 103.6 101.9 99.5 98.1 99.6 100 100.1 99.1 91.6 91.3 91.3 94.8 99.8 102.8 107.4 110.7 110.8 107.7 105.5 105.5 105.5 105.5 111.4 113 113.4 110.7 109.8 109.4 105.9 103.2 100.6 98.4 94.3 91.3 89.1 87.5 87 88.1 89.4 88.5 85 82.2 78.8 77.8 78.7 79.9 80.5 77.3 76.7 77.5 78.4 77.2
110.9 108.6 109 108.4 108.3 108.4 108.5 108.9 108.1 106.5 104.8 103.6 103.6 103.5 102.4 101.2 100.1 99.8 98.9 96.6 94.4 93.7 96.3 98.7 101.1 103.6 103.9 104.2 104.5 104.8 105 104.9 103.7 101.8 100.1 99.1 97.4 97.9 97.4 96.6 94.1 91.3 91.3 92.2 96.5 100.1 104 108.4 109.8 109 106.3 105.5 105.5 105.5 105.5 111.5 113.9 114.1 114.1 111.7 109.1 106.5 103.8 101.2 98.8 95.2 92 88.1 86.4 85.6 85.3 88.5 88.1 84.1 81.9 79 79.7 81.8 83.1 82.8 82.5 82.7 81.8 82.1 82.1
111.3 109.3 110.2 110.8 111.3 111.7 112.4 110.1 108.9 107.5 105.8 104.6 104.5 103.5 102 100.9 99.8 99 97.7 94.9 93.7 95.6 97.7 99.6 102 103.4 103.5 102.5 103 103.5 103.3 102.8 101.5 99.7 99.9 99.2 97.2 95.2 94.7 91.6 91.3 91.3 91.3 92 96.2 100.7 104.7 107.3 108.7 109.5 108.1 105.7 105.5 105.5 105.5 112.7 114.5 115.7 115.7 112.2 109.6 107 104.4 101.8 99.3 97.1 92.7 88.6 86.1 85.2 83.9 83 85.6 82.4 81.9 80.8 82 84.9 85.8 85.1 85.3 86.4 86.9 85.5 84.5
111.8 109.6 110.7 112 113.3 114.6 113.9 112.1 110.2 108.4 106.8 105.6 104.8 103.1 101.7 100.6 99.6 98.6 96.8 93.9 94.4 96 98.7 100.7 102.3 103.1 103.8 103.2 102 101.1 100.9 100.6 99.5 100.1 100.8 99.5 97.6 93.6 91.9 91.3 91.3 91.3 91.3 93.5 96.6 101.1 103.8 106.7 108.8 110.7 109.2 106.4 105.5 105.5 107.4 111.7 114 117.1 115.8 112 110.2 108.3 106 103.4 100.5 98.8 94.3 91 87.2 86.3 83.4 82.3 82.3 82.1 82.6 85.5 87.1 88.4 88.5 88 88.4 87.9 87.6 86.3 85
112.5 109.6 111.1 112.6 114.3 115.9 114.4 112.5 110.7 108.9 106.8 105.6 104.1 102 100.6 99.8 98.7 97.7 95.4 94.7 93.5 95.5 98.2 100.7 101.9 102.6 103.1 102.6 101.4 100.6 100 99.1 98.1 98.2 99.3 98.7 98.3 96.9 95.3 95 92.3 91.3 95.4 95.5 97.9 100.6 103.1 107.1 109.4 110.7 109.2 107.1 106.6 107.1 109.2 111.7 114.1 116.9 114 111.6 110 108 106 104.1 101.3 99.4 96.9 94.3 90.3 86.5 83 82.1 82 82.5 85.6 88.5 90.6 89.6 90.6 91.5 91.6 89.6 88 86.2 84.5
110 110.5 112.5 113.4 114.9 115.6 114.1 112.1 110.3 107.8 104.7 103.1 102.1 99.7 98.7 98.2 97.6 96.6 94.1 91.2 93.1 94 96 98.5 100.9 101.6 102 101.2 100.3 98.9 98.1 97.5 96.7 97 97.4 98.5 99.9 100.3 100.2 99.1 95.9 92.9 92.9 92.9 94.2 99.8 103.3 108.6 111 110.2 108.8 107.5 107.5 108.3 109.5 112 113.6 114.4 112.3 111.1 109.8 107.9 105.9 104.3 100.9 99.7 97.2 94.7 91.1 88 83.5 82 82.5 84.4 87.3 90.5 91.4 90.8 91.4 91.9 91 89.9 87.6 85.6 83.6
114.2 114 113.3 114.2 115.4 115.2 113.8 111.8 109.9 106.6 103.2 101.3 99.6 98.1 97.3 96.6 96 95.4 93.1 90.5 91.6 92.5 93.7 96.2 98.7 101.1 100.4 99.6 98 95.9 96.5 96.5 95.3 97 99 100.7 102.1 103 102.8 101 96.5 92.9 92.9 92.9 96.1 102.3 106.9 110.8 112.3 111.3 109 107.5 107.6 108.6 109.8 112.2 112.8 112.6 112.6 111.2 110.1 109.2 108.2 104.8 100.5 99.4 95.7 93.3 90.6 86.7 85.4 84.1 84.8 86.8 89.8 92.5 92.3 92 91.7 91.9 91 89.5 87.2 84.9 82.6
117.3 116.8 116.5 116.4 115.6 114.4 113 111 109.1 107.1 104.8 101.1 99.1 99.3 98.6 97.4 96.7 96 93 89.5 90.6 91.2 92 94.1 96.7 97.7 97.7 97.2 95.9 94.4 95.4 96.4 96.9 98.6 101 102.6 103.9 104.5 103.3 101.8 98.8 92.9 92.9 92.9 98.2 104.1 108.5 111.1 112 111.4 108.6 107 108.7 110 110 110.3 110.1 109.9 111.2 110.9 109.9 109.1 107.6 105.2 101.1 98.8 94.8 91.9 89 87.7 85.7 85.1 88.3 88.8 90.8 91.6 92.2 92.2 91.9 91.1 90 88 85.6 83.8 81.2
118.6 118.1 117.1 115.9 114.6 113.3 112 110.1 108.2 106.4 105.2 102.4 100.4 100.6 100.3 99 97.6 96.7 93.4 89.5 87.6 90.1 90.8 92.4 93.4 94.4 95.3 94.7 93.7 93.9 94.9 95.9 97.9 100.5 102.8 104.5 105.7 105.6 103.9 102.3 99.2 95 92.9 92.9 99.3 106 108.7 110.6 110.1 108.4 106.9 106.2 107.2 110.1 110 109.2 107.8 108.3 111 110.1 110.3 108.4 106.3 105.4 100.9 98.1 95.1 91.2 89.1 88 86.7 88.5 89.3 89.8 90 90.8 90.6 90.7 90.8 89.4 87.9 86.3 84.1 81.9 78.5
118 116.9 115.9 114.9 113.6 112.3 111 109.8 108.7 107.5 106.3 104.9 103.2 102.1 102 100.6 99.3 97.6 95.2 91.8 89.8 88.2 86.9 88.9 90.4 91.8 93.3 91.9 92.2 93.4 95.3 97.7 100.1 102.5 104.7 105.9 106.7 106.1 104.9 103.3 102.1 98.7 92.9 92.9 98.8 103.9 108.7 108.6 108.9 107.7 106.1 106.1 106.1 108.4 107.9 106.1 106.1 108.1 110.2 110.4 110 107.7 105.5 104.3 100.5 97.2 93.6 93.6 90.5 89.4 88.8 88.5 91.3 89.5 88.1 87.5 87.3 87.4 87.1 85.3 84.1 83.6 81.4 78.4 75
116.2 115.6 114.6 115.2 113.9 112.4 110.4 110.1 109.9 109.3 108.2 106.7 105 104.3 103.3 101.7 100 98.2 96.4 94 92.5 90.5 87.1 86.9 88.2 89.6 90.9 90.2 92.7 94.5 96.8 99.2 101.6 103.5 104.9 106.2 106.8 106.4 105.4 104.2 103.7 100.7 95.9 93.6 96.1 100.4 104.8 107.3 108.1 108 106.1 106.1 106.1 106.1 106.1 106.1 106.1 110.6 110.7 109.3 109.3 107.7 105.5 103.2 100.5 98.2 94.2 92.2 91.8 89.2 87.6 87.5 87.1 84.7 84.3 84.1 83.9 84.2 83.6 80.8 79.6 79 76.7 74.6 71.4
113.2 111.4 111.4 115 113.7 111.7 110 109.9 109.8 109.5 109.1 107.9 106.4 105.4 104 102.4 100.8 98.9 96.3 93.1 90.5 88 84.3 85.4 86.5 87.7 88.7 91.3 94 95.6 98 100.4 102 103.5 105 106.4 106.9 106.7 105.2 103.4 103.2 100 96.3 92.8 92.8 95.5 103.1 106.5 109.4 110.2 108.4 106.1 106.1 106.5 106.1 106.1 106.2 109.7 110.9 109.4 108.3 106.9 105.4 101.6 98.8 96.3 93.2 93.4 93.1 91.2 89.2 85.1 83.5 82.2 81.4 80.6 80.8 81.2 80.5 77.2 76.2 75.1 73.4 72.2 68.4
112.9 111.4 111.4 111.4 112.9 110.9 109.8 109.6 109.5 109.4 109.1 108.4 107.3 105.9 104.5 103.1 100.7 97.5 94.4 91.2 88.9 86.2 84.1 85.4 86.2 86.4 89.4 92 94.5 96.8 99.1 100.6 102.1 103.6 105.1 106.5 106.9 106.5 106.2 104.6 99.1 92.8 92.8 92.8 92.8 92.8 101.7 106.5 109.5 110.3 110.3 109.8 107.5 107.9 108.7 106.3 106.7 110 111 109.4 107.8 105.1 103.2 99.2 96 94.2 93.8 93.5 93.6 92.3 88.8 85.2 82.6 81.9 81.2 80.4 78.8 78.3 77.6 75.7 74.9 74.2 72.1 69.7 66.1
111.4 111.4 111.4 111.4 111.4 110.1 109.5 109.4 109.2 108.8 108.4 107.1 107.1 106.2 104.9 101.9 99.6 96.5 93.3 91 87.9 86.5 83.7 86.3 84.8 87 89.7 92.4 95 97.6 99.2 100.7 102.2 103.7 105.2 106.7 106.7 106.3 106 104.6 99.5 92.8 92.8 92.8 92.8 92.8 101.2 106.7 108.9 109.5 110 109.1 109.4 110.2 110.9 108.4 108.8 111.6 110.6 109 107.2 103.1 100.4 98 95.7 93 93.3 94.2 91.5 89.1 86.6 83.8 81.8 81.5 81 80.3 78.7 76.8 75.6 74.4 74 73.4 73.5 71.9 71.4
114 111.5 112.6 113.1 112.5 110.8 108.7 108.1 107.7 107.1 106.9 106.2 106.2 105.7 103.5 100.1 98.5 95.4 93.1 90.7 88.2 84.3 83.6 83.6 84.1 87.4 90 92.6 95.2 97.7 99.7 101.1 102.6 104 105.4 106.8 106.7 106.5 106.2 103.9 99.9 92.8 92.8 92.8 92.8 97.3 103.8 106.9 108.1 108.7 108.6 109.4 110.1 110.4 110.5 108.8 109.2 110.5 110.3 109.2 106.9 101.2 98.1 95.9 92.9 93 92 90.8 89.7 87.9 85.6 83.7 81.7 79.9 79.8 79.7 78.7 76.8 74.9 74 73.9 73.4 72.7 72.4 73.8
112.6 112.3 112.3 112.3 112.1 110.8 109.2 108.2 107.3 106.1 105.4 105.3 105.3 105.3 102.7 100.1 97.5 95.2 92.9 90.5 88.2 84.2 83.6 83.6 83.6 87.7 90.2 92.7 95.3 97.9 100.2 101.6 103 104.1 105.3 106.4 106.8 106.7 106.4 103.3 99.3 97.8 92.8 92.8 93.8 98.8 103.7 105.4 106.4 107.5 108.3 109.1 109.9 110.6 110.7 109.9 109.5 109.8 109.7 107.8 105.5 100.5 98.4 93.2 92.9 92.8 92.9 92.9 90.9 89.7 88 83.8 81.5 79.5 78.2 78.1 77.8 76.4 74.9 73.4 72.7 71.9 71 70.3 73.4
111 111.4 111.8 111.9 111.8 110.5 109.6 108.9 108 106.9 105.5 105.6 105.6 104.7 102.1 99.9 97.3 94.6 91.4 88.9 86.6 83.6 83.6 83.6 83.6 88.1 90.5 92.9 95.2 97.8 100.5 101.5 102.6 103.8 104.9 106.1 106.6 106.7 106.7 104.7 103.5 102.2 98.2 97 98.6 97.9 102 103.7 105.1 106.8 108.1 108.9 109.4 109.8 109.8 109.8 109 109.4 108.9 107.1 104.4 100.5 96.3 93.2 93.1 94 93.9 94.6 94 90 88 83.9 80.9 78.9 76.6 76.6 76.7 75.3 73.9 72.1 69.6 68.1 65 61.3 61.8
110.9 109.6 110.5 110.9 111.3 110.6 109.6 108.7 107.9 106.6 104.7 105.7 105.2 103.9 101.3 98.7 96.4 94.3 91.5 88.1 83.6 83.6 83.6 83.6 83.6 86.1 89.5 92.7 95.8 99 100.5 101.1 102.3 103.4 104.6 105.8 106.4 106 105.4 104.7 103.6 102.5 101.8 101.4 101.7 101 100.6 102.6 104.3 106 107.6 108.2 108.6 108.8 108.8 108.8 108.8 108.8 107.8 104.9 101.2 97.3 93.7 94.5 94.6 95.9 99.3 100.2 95.5 89.9 87.3 84 80.1 77.3 75.1 75.2 75.2 74.1 72.3 70.5 68.5 64.3 58.4 59.5 59.9
110.7 109.1 109 109.7 109.8 109.2 108.6 108 107.4 106.4 104.3 104.7 104.8 103 100.5 97.9 95.3 92.9 89.8 86.2 83.6 83.6 83.6 83.6 83.6 83.6 90.1 93.6 97 100.1 100.5 101.1 101.9 103.1 104.3 105.7 105.1 104.5 103.9 103.2 102.5 101.4 101.2 101.6 102.7 102.8 101.9 101.8 103.2 104.8 106.3 107.4 107.8 107.8 107.8 107.8 107.8 107.8 105.3 103.2 100 96.1 93.8 94.2 95.5 98 102.5 104 97.9 89.9 85.9 83 78.5 74.6 73.7 73.6 73.5 73.1 70.7 68.9 67.3 65.6 55 57.9 58.5
110.8 109.3 108.1 108.5 108.2 107.7 107.1 106.5 105.8 104.6 104.1 104.3 104.3 102.2 99.6 97.1 94.5 92 89.3 86 83.8 83.6 83.6 83.6 83.6 83.6 88.9 94 97.5 99.7 100.2 100.7 102.1 103.2 104.5 103.6 103.3 102.9 102.4 101.9 101.4 101 101.2 101.9 103.2 103.9 103 102.5 103.2 104.1 105.1 106.3 107.1 107.4 107.7 108.1 108.4 107.9 106.2 104.4 100.3 95.7 93 93.6 95.8 102.1 106.6 106.2 99.9 89 83.8 78.3 74.3 72.1 72 72 71.9 71.8 70.1 64.5 63.9 62.2 46.3 42.2 47.8
110.7 108.9 108.3 107.3 106.7 106.8 105.6 104.8 103.6 102.6 101.8 102.7 103.8 102.1 99.9 97.7 95.5 93.4 91.2 86.7 83.6 83.6 83.6 83.6 83.6 83.6 86.9 93 95.5 97.4 98.2 99.6 103.1 103.4 102.2 101.9 101.8 102.1 101.4 101.6 100.4 100.9 101.3 102.3 103.7 104.9 104.3 103.7 103.4 104.2 105 106.3 108.5 108.7 108.8 108.9 109 107.7 105 102.7 99.2 92.4 92 92.1 95.7 101.1 106.1 104.1 99.7 89.6 80.2 74 70.8 70.1 70.3 70.3 70.2 70.1 68.4 58.1 54.3 51.4 38.8 37.6 34.2
109.6 108.7 106.5 105.7 106.7 105.9 104.4 102.8 101.7 101 100.3 102.1 104.2 102.9 100.8 98.8 97 95.2 94.2 91.1 86.6 83.6 83.6 85.5 84.4 86 83.5 87.8 90.8 94.9 96.2 97.8 100.5 100.5 100.8 100.9 101.1 100.8 99.9 98.4 99.3 100 100.9 103 104.3 105.6 105.3 104.7 104.1 104.4 105.2 107.5 110 110.3 110.4 110.5 108.8 104.6 102.1 99.9 95.6 91.6 90.8 91.7 94.5 97.7 99.6 94.7 92.4 86.7 76.6 70.9 68.8 68.1 68.5 68.6 68.6 68.5 62.9 57.4 55.9 54.5 50.4 27.9 20.7
108 107.6 108.3 109.6 110.2 108.5 106.9 104.6 100 99.5 100.4 102.4 104.2 104.2 102.6 100.8 99 97.3 96.7 97 95 90.2 89 90.1 88.3 87 82.2 83.1 87.2 91.3 94.3 95.4 96.3 97.8 99.7 100.1 100.6 99.3 97.6 96.9 97.9 99.8 100.7 103.5 105.1 105.9 106.7 106.1 105.3 104.7 106.7 108.9 110.2 111.1 112.1 110.5 107 102.9 99.2 96 92.7 89.8 89.6 90.4 89.9 89.4 89.8 87.4 86 80.5 73 69 67.2 66.1 66.6 66.7 66.7 67 66.7 54.5 53 55.2 54.4 35.3 3
109.4 109 108.4 109.7 111 110.5 109.4 106.9 102.8 98.7 99.8 101.5 103.3 104.2 103.9 102.2 101.3 99.8 98.9 99.2 99.4 98.9 97.4 94.8 90.3 88.8 86.4 79.6 83.5 87.6 89.7 91.3 93.3 97 98 98.5 98.3 96.7 95 96.2 98.2 100.1 101.6 104 105.3 106.1 107 107.8 107 106.4 107.7 109.8 110.9 110.7 111.1 109.1 105.1 101.2 97.9 94.8 90.2 87.8 86.9 84.7 84.3 83 81.8 80 76.7 72.4 69.7 69.3 67.6 66.1 63.6 64.5 65.7 65.9 65.7 61.8 50 47.5 50.5 49.7 2
111.3 110.7 110.1 109.6 110.8 110.6 109 106.6 102.5 98.4 98.8 100.6 102.4 103.7 103.7 104 103.3 102.3 101.1 101.3 101.6 101.6 101.3 100.2 95.1 90.7 88.5 84.8 80.5 82.5 85.1 86.7 88.8 93.5 94.4 94.9 95 92.9 91.9 94.2 98.6 100.5 102.3 103.4 104.8 106.3 107.2 108 108.7 108.6 110 109.6 109.2 108.9 109.9 107.8 102.7 100.7 97.6 93.2 89 87.2 84.5 81.1 79.5 78.3 76.3 74.1 73.1 72.7 72.5 71 69 67.2 64.7 62.7 65.2 65.3 64.3 61.7 51 37.4 32.5 13.1 1.1
112.3 112.1 111.8 111.1 110.5 110.4 108.6 105.4 102.2 98.3 96.8 99.2 101.2 103.9 104.7 104.9 104.8 104.4 103.3 103.5 103.8 103.9 102.8 101.7 99.6 97.1 93.6 90.3 87.2 79 81.6 82.4 82.8 85.9 89.3 89.5 89.1 87.6 92.9 95.8 98.4 100.6 101.7 102.9 104.2 105.9 107.3 108.2 109.1 108.4 107.5 107.4 108.1 107.6 108.3 103.8 99.6 98.8 97.3 92.2 88.8 87.9 86.8 84.3 81.2 80.2 79.3 77.5 77.6 76.8 76.9 72.8 70.8 68 65.2 63.1 60.4 62.4 62.2 57.5 51.3 38.2 12 0.8 -1.9
