app/static/ascii/NB91.asc
ncols 200
nrows 200
xllcorner 190000
yllcorner 910000
cellsize 50
[rows 90 to 134 of 200, columns 96 to 191 of 200]
-2 -2 -2 -2 -2 -2 -2 -2 -2 -2 -2 -2 -2 -2 -2 -2 -2 -2 -2 -2 -2 -2 -2 -2 -2 -2 -2 -2 -2 -2 -2 -2 -2 -2 -2 -2 -2 -2 -2 -2 10 15.1 15.9 16.2 25.4 34.3 42.3 49.2 51.5 54.5 56.9 57.2 56.3 55.4 53.4 50.8 47.1 44.5 41.5 38.4 35.6 32.9 30.9 28.9 28 26.1 26.6 27 27.3 27.1 27.6 28.1 29.7 30.3 31 32.5 34 35.9 37.2 38.4 39.7 40.8 41 37.7 37.7 37.7 37.7 39.2 42.9 44.7 46.6 48.3 51.4 56.4 66 72.1
-2 -2 -2 -2 -2 -2 -2 -2 -2 -2 -2 -2 -2 -2 -2 -2 -2 -2 -2 -2 -2 -2 -2 -2 -2 -2 -2 -2 -2 -2 -2 -2 -2 -2 -2 12.1 14.3 -2 -2 -2 1.6 11.9 11.8 14 25.4 33.4 42.9 48.3 50.7 53.2 54.8 54.9 54.4 53.2 51.9 49.9 48.1 45.4 43 40 37.1 34.7 32.6 30.8 29.7 28.6 28.2 28.3 28.6 28.9 29 29.8 31 31.5 32 32.6 34.1 35.8 37.1 38.4 39.6 40.7 41.3 38.4 37.7 37.7 37.7 37.7 37.7 42.2 44.5 46.6 48.4 51.3 55.1 64.2
-2 -2 -2 -2 -2 -2 -2 -2 -2 -2 -2 -2 -2 -2 -2 -2 -2 -2 -2 -2 -2 -2 -2 -2 -2 -2 -2 -2 -2 -2 -2 -2 -2 -2 -2 1.4 -2 -2 -2 -2 -2 1.7 11.7 19.7 30.6 38.1 45.2 49.6 52.5 53.5 54.8 54.4 53.6 51.8 50.6 49.1 47.6 46.5 44.5 41.5 39.1 36.8 34.6 32.7 31.6 30.3 29.6 29.6 29.8 30.3 31 31.6 32.3 32.7 33.2 33.6 34.1 35.6 37.1 38.4 39.7 40.6 40.8 40.8 37.7 37.7 37.7 37.7 37.7 39.1 42.2 44.8 46.6 48.8 51.5 55.3
-2 -2 -2 -2 -2 -2 -2 -2 -2 -2 -2 -2 -2 -2 -2 -2 -2 -2 -2 -2 -2 -2 -2 -2 -2 -2 -2 -2 -2 -2 -2 -2 -2 -2 -2 -2 -2 -2 -2 -2 -2 1.4 20.4 33.6 38.8 45.5 52.2 53 53.8 54.3 54.9 54.4 53.3 52.1 50.6 49.3 48.3 47.1 45.6 43.5 41.2 38.8 36.5 34.6 33.3 32.1 31.1 30.8 31.1 31.7 32.8 32.5 33.5 33.8 34.2 34.5 35.3 36.3 37.3 38.6 39.8 40.6 41 41.2 41.8 37.7 37.7 37.7 37.7 39.3 41.9 44.2 45.2 46.9 49 51.4
-2 -2 -2 -2 -2 -2 -2 -2 -2 -2 -2 -2 -2 -2 -2 -2 -2 -2 -2 -2 -2 -2 -2 -2 -2 -2 -2 -2 -2 -2 -2 -2 -2 -2 -2 -2 -2 -2 -2 -2 -2 11.2 24.7 36.4 42.1 49.4 52.7 53.2 54.3 55.6 56.1 55.7 54.6 53 51.5 50.2 49.6 49 47.5 45.5 43.5 41.3 39.3 37.2 35.7 34.9 34.3 33.1 32.7 34.1 34.1 34.4 34.8 35 35.2 35.5 36.4 37.2 37.7 38.9 39.7 40.5 41.3 41.6 41.9 42.3 42.2 39.9 40.4 41.1 42.8 43.5 43.9 44.9 46.8 48.4
-2 -2 -2 -2 -2 -2 -2 -2 -2 -2 -2 -2 -2 -2 -2 -2 -2 -2 -2 -2 -2 -2 -2 -2 -2 -2 -2 -2 -2 -2 -2 -2 -2 -2 -2 -2 -2 -2 -2 -2 1.9 17.2 26.9 34.1 38.4 42.7 45.5 50.1 53.4 56 57.3 57.2 56.4 55.1 53.8 52.6 51.9 51.3 50.1 48.2 46.5 44.7 43 41.2 39.3 37.5 36.9 36.5 35.8 35.4 35.4 35.7 35.5 36.2 36.5 36.4 37 37.5 38.5 39.1 39.9 40.7 41.4 41.8 42.1 42.3 42.1 42.4 43 43.1 43.4 43.4 43.4 44 45 46.7
-2 -2 -2 -2 -2 -2 -2 -2 -2 -2 -2 -2 -2 -2 -2 -2 -2 -2 -2 -2 -2 -2 -2 -2 -2 -2 -2 -2 -2 -2 -2 -2 -2 -2 -2 -2 -2 -2 -2 13.6 15.8 21.7 24 28 31.8 36.4 44.6 53.6 53.4 55.4 57.1 57.7 57.4 56.6 56 54.9 53.9 53.4 53.3 53.2 52.4 50.4 48.5 46.2 43.9 42 39.7 38.6 38.3 37.3 36.9 36.5 36.5 37.1 37.6 37.5 37.4 37.7 38.9 39.5 40.2 40.8 41.4 41.9 42.2 42.2 42.4 42.7 43.1 40.4 41.3 43.3 43.4 43.6 44.2 45.1
-2 -2 -2 -2 -2 -2 -2 -2 -2 -2 -2 -2 -2 -2 -2 -2 -2 -2 -2 -2 -2 -2 -2 -2 -2 -2 -2 -2 -2 -2 -2 -2 -2 -2 -2 1.2 0.3 0.5 4.2 10.6 14.5 24.9 28.9 30.2 37 50.2 58 61.3 58 55.8 56.4 57.5 58.1 57.4 56.8 56.2 55.2 55.1 55.5 55.8 56.1 55.5 54.2 51.9 49.5 47.3 44.7 41.6 40.6 39.2 38.5 37.9 37.7 38 38.1 37.9 37.8 38 38.9 39.6 40.3 40.9 41.5 42 42.3 42.5 42.8 43.1 43.4 40.4 40.4 40.4 43 43.3 43.9 44.6
-2 -2 -2 -2 -2 -2 -2 -2 -2 -2 -2 -2 -2 -2 -2 -2 -2 -2 -2 -2 -2 -2 -2 -2 -2 -2 -2 -2 -2 -2 -2 -2 20.9 23.7 18 11.3 6.2 7.6 9.9 12.5 21.4 31 35.9 52.3 57.5 60 63.4 68.4 62.8 56.5 56.6 58.3 60.6 58.8 56.4 56.1 55.1 55.2 56.7 57.4 58.6 58.4 58 56.8 55.1 52.4 49.3 45.9 43.4 42.2 40.8 39.7 39.4 38.9 38.7 38.6 38.5 38.3 39 39.7 40.3 41 41.6 42.1 42.4 42.8 43.1 43.3 42.4 40.4 40.4 40.9 40.4 43 43.5 44.1
-2 -2 -2 -2 -2 -2 -2 -2 -2 -2 -2 -2 -2 -2 -2 -2 -2 -2 -2 -2 -2 -2 -2 -2 -2 -2 -2 -2 -2 16 19.8 21.1 21.4 27.8 16.8 -2 -2 -2 15.2 20 27.5 29.6 44 57.9 62.2 60.4 65.5 67.1 68.6 64.1 57.9 55.9 57.7 58.3 55.8 55.8 56.2 57.2 58.6 59.3 60.8 61.1 61 60.1 58.4 56.4 53.7 50.6 47.6 44.7 43.3 41.9 40.6 39.9 39.6 39.5 39.3 38.8 39.1 39.8 40.7 41.4 42 42.5 42.8 42.7 42.9 43.4 41.5 40.4 40.4 40.4 40.4 40.4 40.4 43.4
-2 -2 -2 -2 -2 -2 -2 -2 -2 -2 -2 -2 -2 -2 -2 -2 -2 -2 -2 -2 -2 -2 -2 -2 -2 -2 -2 -2 2.4 17.2 17.4 20.3 22.4 15.7 -2 -2 -2 8.3 19.3 25.5 28.8 34.8 40 53.4 56.5 59.6 64.4 60.4 58 56.2 58.6 61.3 60.3 61.8 57.6 58.1 62.6 63.5 61.8 60.9 62.4 62.8 62.4 61.9 61.2 59.3 57 54.5 51 48.3 45.6 43.9 42.5 41 40.5 40.3 40.1 39.9 39.9 40.7 41.3 41.8 42.4 42.9 43.1 43.1 43 43 41.1 40.4 40.4 40.4 40.4 40.4 40.4 42.7
-2 -2 -2 -2 -2 -2 -2 -2 -2 -2 -2 -2 -2 -2 -2 -2 -2 -2 -2 -2 -2 -2 -2 -2 -2 -2 -2 -2 -2 9.7 16.4 15.9 17.7 12.8 -2 -2 -2 11.9 30.7 35.7 38.5 43.6 48.2 53.1 57.8 63.5 61 60.9 56.3 57.3 65.5 65.8 63.9 65 65.3 64.4 68.2 71 74.7 72.6 70.1 66.7 63.7 63.1 62.3 61.3 59.7 57.3 53.8 51.3 48.4 45.8 44.2 42.9 42.1 41.9 41.2 41.1 41.1 41.2 41.7 42.2 42.8 43.2 43.4 43.5 43.4 43.4 43.1 42.6 43 40.4 40.4 40.4 40.4 40.4
-2 -2 -2 -2 -2 -2 -2 -2 -2 -2 -2 -2 -2 -2 -2 -2 -2 -2 -2 -2 -2 -2 -2 -2 -2 -2 -2 -2 -2 6.3 11.5 10.8 12.7 14.2 -2 -2 -2 14.1 28.5 33.1 40.1 45.7 47 53.8 53.7 55.5 56.8 58.6 53.2 56.3 63.3 65.1 71.3 71.6 71 76.1 77.2 80.6 81.9 80.8 77.4 74.1 67.9 63.4 62.9 62 61.1 59.8 57.6 54.4 51.5 48.5 46.2 44.6 43.8 43.3 42.5 41.9 41.9 42.1 42.3 42.7 43.1 43.5 43.7 43.9 43.8 43.8 44.1 44.1 44.1 43.7 40.4 40.4 40.4 40.4
-2 -2 -2 -2 -2 -2 -2 -2 -2 -2 -2 -2 -2 -2 -2 -2 -2 -2 -2 -2 -2 -2 -2 -2 -2 -2 -2 -2 -2 3 6.3 8 -2 -2 -2 -2 -2 24.4 37 36.6 37 38.4 45.4 56.4 57.3 53.9 52.9 50.7 47.8 58.1 69.7 73.2 75.2 74.3 76.6 80.6 87.1 87.9 88.5 87.7 85.7 80.8 73.6 65.7 62.9 62 61.5 60.8 59.3 57.4 54.7 51.2 48 46.6 45.5 44.7 43.8 43.2 43 43 43.1 43.5 44 44.1 44.3 44.3 44 44.6 45.2 45.2 45.6 45.4 44.2 41.5 40.4 40.4
-2 -2 -2 -2 -2 -2 -2 -2 -2 -2 -2 -2 -2 -2 -2 -2 -2 -2 -2 -2 -2 -2 -2 -2 -2 -2 -2 -2 -2 1.4 3.6 -2 -2 -2 -2 -2 15.8 34.9 37.6 38.5 38.7 40 45.2 49.5 47.3 48.8 48.4 47.8 47.8 60.4 68.7 70.7 74.1 74.8 82.3 89 91.5 92.2 90.7 89.5 88.9 84.4 73.7 67.5 63 62.1 61.4 60.8 60.1 58.7 56.8 54.4 50.7 48.9 47.7 46.5 45.4 44.8 44.5 44.4 44.3 44.7 45.1 45.2 45.1 44.9 44.7 45.4 46.1 46.3 46.2 45.6 44.8 45 44.2 41.7
-2 -2 -2 -2 -2 -2 -2 -2 -2 -2 -2 -2 -2 -2 -2 -2 -2 -2 -2 -2 -2 -2 -2 -2 -2 -2 -2 1.7 6.3 7.9 7.6 -2 -2 -2 -2 -2 21.5 34.8 38.1 37.9 36.2 36.6 38.5 42.6 46 48 49 47.8 47.8 58.9 65.2 68.4 71.8 76.8 84.5 90 92.1 89.9 88.9 91.8 85.5 79.5 72.5 66.7 63.8 63.2 62.4 60.9 59.8 59.6 57.5 55 52.6 51.2 50 48.3 46.9 46.3 46.1 45.8 45.8 46.3 46.6 46.4 46.2 45.9 45.7 46.2 46.9 47.1 46.2 45.9 45.5 45.6 44.8 45.1
-2 -2 -2 -2 -2 -2 -2 -2 -2 -2 -2 -2 -2 -2 -2 -2 -2 -2 -2 -2 -2 -2 -2 -2 -2 -2 -2 0.8 6.8 9.9 5.2 4.3 1.7 -2 -2 -2 17 27.6 35.3 35.2 35.8 35.8 38.1 39.7 46.1 52.1 47.8 47.8 48.6 60.2 66.8 68.2 66.8 71 81.5 85.5 85.6 87.3 90.1 90.2 86.2 81.4 73.9 66 65.1 68.8 67.1 64.2 62.3 60.6 59.1 57.3 55.2 53.6 52.1 50.3 48.7 48.1 48.2 47.4 47.4 47.9 48 48 47.4 46.7 46.6 46.7 47.1 46.8 46.4 46.1 45.7 45.4 45.1 45.3
-2 -2 -2 -2 -2 -2 -2 -2 -2 -2 -2 -2 -2 -2 -2 -2 -2 -2 -2 -2 -2 -2 -2 -2 -2 -2 -2 -2 2.4 8.4 6.7 4.6 0.9 -2 -2 -2 18.7 28.8 34.3 33.3 37.3 35.7 35.7 39.1 51.4 53.1 47.8 47.8 49 59.5 66.5 68.1 67.9 70 77.6 79.6 82.8 87.2 84.2 83.5 81.1 77.8 69.5 67.5 67.1 69.5 68.3 66.4 64.8 63.3 61.5 59.9 58.7 57 54.8 53.3 51.1 50.8 50.4 49.5 48.9 49.4 49.5 49.6 49 47.7 47.3 47.1 47.5 47 46.8 46.2 45.9 45.4 45.1 44.5
-2 -2 -2 -2 -2 -2 -2 -2 -2 -2 -2 -2 -2 -2 -2 -2 -2 -2 -2 -2 -2 -2 -2 -2 -2 -2 -2 -2 1.2 5.1 8.1 8.5 -2 -2 -2 11.2 18.6 26.3 32.6 32.8 36.9 36.3 36 40.1 50 50.7 47.8 47.8 53.5 65.3 68.5 71.6 73.3 68.5 77.1 77.1 76.3 78.3 74.1 73.6 73.6 73.9 68.7 74.8 74.5 74.2 69.2 66.7 65.1 64 62.5 61.4 60.5 59.3 57.9 56 53.4 52.7 51.7 51 50.6 50.9 51 51.1 50.8 50 48.6 47.8 47.6 47.4 47.2 46.6 46 45.5 45 44.2
-2 -2 -2 -2 -2 -2 -2 -2 -2 -2 -2 -2 -2 -2 -2 -2 -2 -2 -2 -2 -2 -2 -2 -2 -2 -2 -2 -2 1.3 6.2 9.1 -2 -2 -2 -2 11.1 18.5 25.8 30.5 28.4 33.1 41.1 48 50.9 52.1 51.4 52.4 52.1 59.7 62.6 66 67.5 65.5 62.8 59.9 58.5 59.9 59.9 64.3 75.8 80.8 72.1 68.4 75.4 75.9 77.5 73.7 65.7 64 63.2 62.5 61.8 60.9 59.9 58.6 58 55.6 54.1 53.2 52.5 52.3 52.4 52.5 52.6 52.6 52.2 51 50.4 48.9 47.9 47.7 47 46.4 45.9 45.1 44.3
-2 -2 -2 -2 -2 -2 -2 -2 -2 -2 -2 -2 -2 -2 -2 -2 -2 -2 -2 -2 -2 -2 -2 -2 -2 -2 -2 -2 -2 6 8.1 6.9 -2 5.7 7.9 12.6 17.2 15.7 19.7 26.2 34.5 40.4 45.7 51.3 50.5 53.1 53.2 55.2 56.3 60.4 63 57.7 55.8 57.2 57.5 60.9 61.8 64.9 71 75.3 79.2 76.4 75.2 70.1 73.1 71.6 67.5 65 64.1 63.4 62.7 61.9 61.1 60.4 59.3 57.9 56.6 55.3 54.1 53.6 53.8 53.9 53.9 54 54.1 53.9 53.4 52.5 51.1 49.8 48.5 47.6 46.7 46.1 45.2 44.3
-2 -2 -2 -2 -2 -2 -2 -2 -2 -2 -2 -2 -2 -2 -2 -2 -2 -2 -2 -2 -2 -2 -2 -2 -2 -2 -2 -2 -0.5 2.1 7 6.4 -2 -2 7.7 12.5 13.6 15 19.5 26.4 36.2 41.5 47.6 49.2 54.6 56.4 52.4 52.4 51.6 51.6 51.6 56 62.4 68.5 72.8 68.8 71.4 81.5 82.2 79.3 86.1 82.9 76.5 70.9 72.4 69.7 65.6 65.2 64.9 65.8 64.5 63.9 62.9 62.1 60.6 59.3 58.2 56.7 55.7 55.4 55.3 55.3 55.4 55.2 55 54.8 54.4 54.1 53.5 52.8 51.7 50.3 48.4 46.3 45.2 44.2
-2 -2 -2 -2 -2 -2 -2 -2 -2 -2 -2 -2 -2 -2 -2 -2 -2 -2 -2 -2 -2 -2 -2 -2 -2 -2 -2 -2 -2 2.6 5.5 6 -2 -2 2.8 5.5 11 18 21 23 27.1 37.2 42.8 45.1 49.4 55.1 52.9 51.6 51.6 53.5 57.7 59.8 64.9 67.6 65.1 64.6 75.3 75.4 73.8 75.8 79.6 77 72.6 67.4 67.4 66.8 65.8 65.6 67 68 65.5 64.8 64.1 63.3 61.9 60.9 59.9 58.3 57.4 56.8 56.7 56.4 56.2 56 55.8 55.5 55.1 54.7 54.2 53.5 52.8 52.3 51.6 49.7 47.7 44.9
-2 -2 -2 -2 -2 -2 -2 -2 -2 -2 -2 -2 -2 -2 -2 -2 -2 -2 -2 -2 -2 -2 -2 -2 -2 -2 -2 -2 -2 1.6 4.2 4.7 -2 -2 -2 2 5.8 13.2 15.1 18.6 26.1 34.5 41.2 47.1 51.8 57.4 62.9 59.7 57.3 60.9 61 56 56.5 60 57.2 62.8 72.5 73.4 71.4 77.1 73.9 77.9 72 63.4 65.2 68.7 71.2 70.9 69.1 65.4 64.6 64.2 63.9 63.5 62.6 61.9 61.3 60.1 59 58.3 58.1 57.4 56.9 56.7 56.5 56.1 55.8 55.4 54.9 54.3 53.6 53.3 52.6 52.1 51.4 48.2
-2 -2 -2 -2 -2 -2 -2 -2 -2 -2 -2 -2 -2 -2 -2 -2 -2 -2 -2 -2 -2 -2 -2 -2 -2 -2 -2 -2 -2 1.7 2.5 1.8 -2 -2 -2 -2 3.6 11.1 17.4 27.3 30.3 37.1 45.5 51.7 57.2 59.3 58.6 60 58.2 57.4 52.9 56 56.7 53.9 53.9 60.8 61.1 61.4 63 68.3 65.8 63.5 63.4 63.4 74.9 82.5 81.6 75 70.8 65.7 64.9 64.6 64 63.8 63.5 62.4 61.7 61 60.4 59.8 59.1 58.4 57.7 57.4 57.2 56.8 56.6 56.6 55.7 55 54.7 54.3 53.6 53 52.4 51.1
-2 -2 -2 -2 -2 -2 -2 -2 -2 -2 -2 -2 -2 -2 -2 -2 -2 -2 -2 -2 -2 -2 -2 -2 -2 -2 -2 -2 -2 -2 1.8 -2 -2 -2 -2 -2 4.6 12.4 20.7 27.6 31 38.4 43.9 47.3 52.2 55.1 57.3 57.1 54.9 51.4 54.4 53.5 53.7 53.7 55.3 58 62.4 69.3 71.4 74.2 73.1 69.1 63.4 68.7 79.8 86.9 85.1 81.7 73.8 67.9 67.3 68.2 66.9 68.6 67.4 63.3 62.7 62.3 61.7 61.1 60.3 59.4 58.7 58.2 57.9 57.7 57.7 58.1 57.9 57.1 56.5 55.4 54.7 53.8 53.1 52.1
-2 -2 -2 -2 -2 -2 -2 -2 -2 -2 -2 -2 -2 -2 -2 -2 -2 -2 -2 -2 -2 -2 -2 -2 -2 -2 -2 -2 -2 -2 -2 -2 -2 -2 -2 -2 5.4 13.1 19.3 26.8 30.3 34.7 41.3 45.8 45.7 47.5 48.4 48.5 47.7 47.8 48.4 48.9 49.6 50.9 54 58.1 66.3 74.9 78.3 78.6 76.8 72.4 67.7 74.1 82.6 83.6 83.6 83.6 81.1 85 87.1 78.5 74.4 76.5 74.7 67 63.9 63.5 62.9 62.4 61.6 60.6 59.8 59.6 59.7 59.8 60.1 59.7 59.7 59.4 59 57.8 56.2 54.6 53.8 52.9
-2 -2 -2 -2 -2 -2 -2 -2 -2 -2 -2 -2 -2 -2 -2 -2 -2 -2 -2 -2 -2 -2 -2 -2 -2 -2 -2 -2 -2 -2 -2 -2 -2 -2 -2 -2 -2 11.5 18.6 24.4 27.5 29.8 36.5 39 39.5 40 40.5 40.4 41.1 41.6 43.2 46.8 53.2 63.2 66.3 66.6 73.4 74.1 75.4 76.4 75.7 72.9 68.1 72 77.8 77.1 75.5 76.9 82.2 87.4 91.2 82.3 84.6 86 81.8 70.8 65.3 64.8 64.3 63.7 63.6 63 63.1 63.2 62.3 62.6 62.9 63 62.5 61.8 61.1 60 58.6 56.1 54.5 53.6
-2 -2 -2 -2 -2 -2 -2 -2 -2 -2 -2 -2 -2 -2 -2 -2 -2 -2 -2 -2 -2 -2 -2 -2 -2 -2 -2 -2 -2 -2 -2 -2 -2 -2 -2 -2 -2 2.4 5 19.1 23.2 27 31.7 35.9 39 42.3 39.6 39.4 40.5 41.5 45.2 50.6 53.9 61.6 63.2 65.4 69.6 70.9 73.1 77.4 78.3 70.1 68.1 71.1 70.7 71.8 75.9 76.4 77.7 82.4 85.8 86.6 89.1 87.9 89.4 84.3 72.7 66.1 65.3 65.1 65.4 65.8 66.1 66.3 65.4 65.3 65.6 65.8 67 65 62.8 61.2 59.8 57.8 55.9 54.3
-2 -2 -2 -2 -2 -2 -2 -2 -2 -2 -2 -2 -2 -2 -2 -2 -2 -2 -2 -2 -2 -2 -2 -2 -2 -2 -2 -2 -2 -2 -2 -2 -2 -2 -2 -2 -2 2.6 18.6 24.5 30.5 33.7 37.7 39.7 40.6 40.2 38.1 39.5 41.8 41.6 43.2 49.8 54.1 57.2 59.6 63.9 68 70.6 77.4 76 70 68.1 68.1 68.1 68.4 69.6 73.2 75.8 77 79.9 84.1 89.7 96.5 96.8 93.4 85.1 76.2 68.2 67 66.7 66.4 66.5 66.9 67.1 67.3 67.6 67.7 67.6 67.6 67.1 65.7 63.2 61.1 59.4 57.5 55.7
-2 -2 -2 -2 -2 -2 -2 -2 -2 -2 -2 -2 -2 -2 -2 -2 -2 -2 -2 -2 -2 -2 -2 -2 -2 -2 -2 -2 -2 -2 -2 -2 -2 -2 -2 -2 -2 -2 18.9 25.2 30.8 34.3 37 38.8 39.5 37.7 37.7 38.5 40.1 40.8 41.5 44.5 49.1 53 56.8 60.9 68 75.3 76.1 73.1 70.5 68.1 71.7 73.4 71.3 70.8 72.9 73.6 76.1 84.7 94.6 99.4 103 100.3 94.6 87.7 73.7 69.1 68.4 67.5 67.2 67.4 67.5 67.7 68.2 68.5 69.1 69.6 69.1 68.2 67.3 65.8 63.7 61.5 59.4 57.3
-2 -2 -2 -2 -2 -2 -2 -2 -2 -2 -2 -2 -2 -2 -2 -2 -2 -2 -2 -2 -2 -2 -2 -2 -2 -2 -2 -2 -2 -2 -2 -2 -2 -2 -2 -2 -2 -2 14.8 23.8 27.1 29.3 31.7 34.8 35.9 36.4 37.8 40.2 40.3 40.5 41.6 44 48.1 55.2 64.1 68.5 78 84.2 84.6 82 74.8 71.6 75.6 78.7 73.7 72.9 73.5 70 71.4 84.3 97.1 99.1 103 97.5 91.7 87.1 72.9 69.3 70 69.9 70.8 71.4 72.1 68.9 69.3 69.4 70 69.9 69.2 68.7 67.9 67 65.9 63.7 62.3 59.8
-2 -2 -2 -2 -2 -2 -2 -2 -2 -2 -2 -2 -2 -2 -2 -2 -2 -2 -2 -2 -2 -2 -2 -2 -2 -2 -2 -2 -2 -2 -2 -2 -2 -2 -2 -2 -2 -2 -2 22.6 27 28.7 28.1 32.1 33 34 37.7 41.4 40.8 41.3 47.3 52.1 55.1 58.5 67.8 73.3 79 85 88.2 86.1 76.8 73.9 76.6 79.7 75.5 75 66.8 65.8 68 78.7 89.1 94.7 93.7 89.7 88.9 77.5 72.9 67.9 69.2 70.5 71.8 73.7 76.7 74.2 70.3 70.3 70.3 70.6 69.5 69 68.5 67.4 66.9 66 64.3 61.8
-2 -2 -2 -2 -2 -2 -2 -2 -2 -2 -2 -2 -2 -2 -2 -2 -2 -2 -2 -2 -2 -2 -2 -2 -2 -2 -2 -2 -2 -2 -2 -2 -2 -2 -2 -2 -2 -2 -2 -2 9.7 7.3 20.2 27.6 34.2 37.6 40 42.5 46 45.1 49.6 51.9 55.3 62.5 71.2 75.5 80.1 81.5 83.9 82 79.1 75.2 75.7 74.7 75.5 71.4 67.6 63.5 71.6 80.1 85.8 83.9 82.3 80.7 79.6 82.4 85.1 73.3 67.9 67.9 67.9 69 75.9 74.8 70.7 68.9 70.5 70.8 71 70.2 69.8 68.7 66.9 65.7 64.6 63.1
-2 -2 -2 -2 -2 -2 -2 -2 -2 -2 -2 -2 -2 -2 -2 -2 -2 -2 -2 -2 -2 -2 -2 -2 -2 -2 -2 -2 -2 -2 -2 -2 -2 -2 -2 -2 -2 -2 -2 -2 2.1 12.3 21.4 30.7 37.6 48.1 51.1 50.8 50.2 51.1 52.1 55.4 61.3 68.6 74.2 78.5 82.3 83.4 81.4 79.7 77.7 75 72.5 70.3 67.8 65.5 62.1 60.5 65.6 75.7 76.2 78.5 82.6 91.6 90.8 88.3 84.3 72.4 70.2 69.2 67.9 67.9 67.9 67.9 67.9 67.9 71.4 74 73.3 71.3 70.8 71 67.7 65.6 64.7 63.8
-2 -2 -2 -2 -2 -2 -2 -2 -2 -2 -2 -2 -2 -2 -2 -2 -2 -2 -2 -2 -2 -2 -2 -2 -2 -2 -2 -2 -2 -2 -2 -2 -2 -2 -2 -2 -2 -2 -2 -2 5.4 18.4 22 34 43 47.9 49.7 54.7 54 54.8 59.3 61.1 65.3 75 78 83.8 84.6 86.2 81.4 78.5 76.8 74 70.8 68.2 65.4 62.9 59.9 58.5 60.1 66.6 74.3 79.8 86.9 91.8 90.6 88.3 76.8 73.1 72.2 74.5 78.8 75.5 67.9 67.9 67.9 69.8 72.3 75.4 73.5 71.8 70.9 69.3 67.3 65.8 64.7 63.5
-2 -2 -2 -2 -2 -2 -2 -2 -2 -2 -2 -2 -2 -2 -2 -2 -2 -2 -2 -2 -2 -2 -2 -2 -2 -2 -2 -2 -2 -2 -2 -2 -2 -2 -2 -2 -2 -2 -2 -2 20.6 14.3 25.6 34.6 45.1 50.8 57.3 60.7 59.8 59.4 64 65.5 74.5 79.1 81.7 86.3 83.4 81.5 78.3 76.4 74.2 71.2 67.9 64.7 62.4 60.2 57.4 57.1 65 74.6 82.5 85.6 86.8 90.1 86.6 82.4 79.5 76.8 77.4 82.7 82.8 76.1 74.2 72.6 67.9 67.9 73 75 74.4 72.8 71.4 69.8 67.9 66.4 65.5 63.9
-2 -2 -2 -2 -2 -2 -2 -2 -2 -2 -2 -2 -2 -2 -2 -2 -2 -2 -2 -2 -2 -2 -2 -2 -2 -2 -2 -2 -2 -2 -2 -2 -2 -2 -2 -2 -2 -2 -2 -2 16.9 8.1 25.2 35.8 48.2 52.1 58.2 62.8 64.2 73 73.9 77.9 79.5 81 84.6 87.1 83.3 81.4 77.5 71.9 68.6 64.6 61.2 59.4 57.4 56.6 56.6 57.9 68.7 78.2 83.6 85.9 87.4 88.4 83.6 81.4 80.9 85.5 91.3 90.6 82.8 78.6 81.9 77.1 74 71.9 73 74.2 74.4 74.3 73.5 70.8 69.2 67.6 65.7 64.3
-2 -2 -2 -2 -2 -2 -2 -2 -2 -2 -2 -2 -2 -2 -2 -2 -2 -2 -2 -2 -2 -2 -2 -2 -2 -2 -2 -2 -2 -2 -2 -2 -2 -2 -2 -2 -2 -2 -2 -2 -2 22 29.8 35.7 45.8 52.2 60.5 65.4 72.9 80 81.7 80.5 82 84.4 88.8 87.9 84.4 83.3 76.3 67.9 63.5 60.3 59.1 57.9 56.6 56.6 57.7 69.5 81.3 89.4 86.2 86.5 86.9 87 85 83.2 86.3 93.6 96.7 91.6 90.2 93.3 87.4 81.3 76.6 75.2 74.5 74.8 73.8 73.2 72.8 70.8 68.9 67.3 66 64.7
-2 -2 -2 -2 -2 -2 -2 -2 -2 -2 -2 -2 -2 -2 -2 -2 -2 -2 -2 -2 -2 -2 -2 -2 -2 -2 -2 -2 -2 -2 -2 -2 -2 -2 -2 -2 -2 -2 -2 -2 -2 15.3 29 32.8 44 52.1 60.8 67.5 74.3 79.6 82.7 83.4 82.5 85.6 90 86.6 85.5 81.2 72.7 67.6 63.9 61.3 60.2 58.2 56.9 57.7 66.7 77.4 88.8 94.5 93.2 89.9 86.8 86.8 84.8 83.3 84.2 88.9 90.1 94.2 104.5 103.7 96.7 87.9 82.3 82.4 83.1 75.7 74.1 72.6 70.9 69.9 68.3 66.8 66 64.7
-2 -2 -2 -2 -2 -2 -2 -2 -2 -2 -2 -2 -2 -2 -2 -2 -2 -2 -2 -2 -2 -2 -2 -2 -2 -2 -2 -2 -2 -2 -2 -2 -2 -2 -2 -2 -2 -2 -2 -2 -2 -2 29.2 33 33 39.1 54.2 65 70.6 76.5 79 80.1 81.6 84 83.8 83.4 83.3 81.7 77.1 74.2 71.2 66.6 63.9 61.6 58.8 56.6 64.4 74.9 85.9 93.1 99.2 90.5 85.5 84.4 83.9 82.7 83.9 86 90.1 98.8 102.9 104.2 102.7 95 90.5 86 83.9 79.6 74.7 73.3 73.1 69.3 67.7 66.4 65.7 65
-2 -2 -2 -2 -2 -2 -2 -2 -2 -2 -2 -2 -2 -2 -2 -2 -2 -2 -2 -2 -2 -2 -2 -2 -2 -2 -2 -2 -2 -2 -2 -2 -2 -2 -2 -2 -2 -2 -2 -2 -2 -2 21.5 28.9 30.3 34.7 44.4 57.5 65.7 69.9 69.1 74.1 79.8 79.9 80.9 81.9 83.5 84.2 77.5 72.8 69.3 65.8 62.4 60.9 58.4 57.4 61.9 71 80.8 88.9 96.5 86.4 81.7 81.2 81.8 82.5 90.2 89.2 95.8 102.1 103.5 105.7 105 98.9 93.5 86 81.8 77.6 75.6 74.8 74.5 67.8 67.3 66.6 66.3 65.2
-2 -2 -2 -2 -2 -2 -2 -2 -2 -2 -2 -2 -2 -2 -2 -2 -2 -2 -2 -2 -2 -2 -2 -2 -2 -2 -2 -2 -2 -2 -2 -2 -2 -2 -2 -2 -2 -2 -2 -2 -2 -2 8.5 21.2 24.9 31.4 39.4 46.6 55.7 59.5 62.8 67.9 75.5 81.1 79 79.1 78.3 75.3 71 67.8 65.2 62.2 60.2 58.7 57.6 57.4 63.3 72.7 80.6 89.2 86.9 80 79.1 80.8 82 84.1 92.4 95.8 101.8 104.4 105.8 107.8 106.5 102.2 99.7 95.7 84.1 78.7 77.4 74.7 70.4 68.1 67.9 67.7 67.5 68.5
-2 -2 -2 -2 -2 -2 -2 -2 -2 -2 -2 -2 -2 -2 -2 -2 -2 -2 -2 -2 -2 -2 -2 -2 -2 -2 -2 -2 -2 -2 -2 -2 -2 -2 -2 -2 -2 -2 -2 -2 -2 -2 -2 7.2 16.8 24.1 32.3 38 44.8 47 55.4 63.4 72.6 77.2 74.2 74.1 73 70.9 67.7 64.5 61.6 60 58.8 57.4 56.4 57.2 63.4 70.4 78.1 87.8 80 76.4 79.4 88.5 82.7 84.2 94.9 96.3 101 104.1 106.6 107.1 105.3 103 99.8 93.7 83.1 78.6 77.6 78.2 72.5 68.7 68.8 69.4 70.4 70.5
-2 -2 -2 -2 -2 -2 -2 -2 -2 -2 -2 -2 -2 -2 -2 -2 -2 -2 -2 -2 -2 -2 -2 -2 -2 -2 -2 -2 -2 -2 -2 -2 -2 -2 -2 -2 -2 -2 -2 -2 -2 -2 -2 -2 2.4 11.5 15.3 29.1 34.2 40 50.3 58.6 66.7 69 67.6 67.5 67 65.3 64.2 61.6 59.4 59 58.7 56.9 55.2 56.7 61.7 63.9 67.8 71.9 73.1 72.8 78.7 84.3 80.4 83.4 93.9 97.7 102.1 106.1 107.1 105.3 104 101.1 94.9 87.8 81.6 77.4 75.2 73.5 71.3 69.2 69.3 69.6 71.4 74.7
