app/static/ascii/NC00.asc
ncols 200
nrows 200
xllcorner 200000
yllcorner 900000
cellsize 50
[rows 0 to 39 of 200, columns 0 to 88 of 200]
57.4 63.8 69.5 76.3 65.8 60.2 61.1 59.2 57.2 54.7 53.5 53.2 51.4 49.6 48.8 49.4 47.1 43 40.8 34.2 21.6 10.7 7.2 7.8 8.8 11 15.5 19.6 22.3 25.9 27.4 30.1 32.2 32.5 31.6 29.9 27 24.4 22 19.4 18.9 19.3 20.1 21.7 24.4 26.1 27.9 29.6 31.8 34.3 40.6 46.9 49.9 53.5 59.2 63.5 67.8 72.2 76.7 81.4 86.1 91 97.1 102.9 108.2 112.7 116.4 120 123.3 126.4 129.6 133 134.9 135.8 136.6 137.2 137.8 138.2 137.1 139.1 140.2 141.4 142.6 143.4 143.9 146.3 147.3 147.1 144.1
48.4 53.8 59.1 64.1 60.6 54.8 53.1 51.6 49.5 48.8 48.9 49.2 48.1 46.2 46 46.3 44 40.3 36.9 31.3 16.6 8.7 7.1 7 7.3 9.6 14.5 18.1 21.3 24 26.3 29.2 30.2 30.5 30.9 29.6 27.3 24.9 22.7 20.9 20 19.7 20.5 22.3 24.7 27 28.4 30.4 32.9 35.3 41.2 44.8 49 53.6 58.1 63 67.5 71.9 76.1 80.7 84.8 88.9 95.2 101.2 106.6 111.3 115 118.9 122.2 125.3 128.8 132 135.1 136.8 137.7 138.4 139 139.6 139.4 139.3 140.2 141.5 142.4 142.8 143.3 143.1 143.8 141.4 138
45.5 51.6 55.7 58.7 55.4 51.1 49.5 48 47.2 45.8 44.1 44.2 44.8 43.5 43.5 42.5 40.4 38.2 35.7 27.4 12.3 6.9 6.4 6.4 6.7 8.5 13.5 17.1 20.8 23.5 26 27.4 28.3 29.3 29.4 28.8 27 25.1 23.1 22 21 20 21.1 22.9 25.2 27.5 28.9 31.1 33.9 37 40.7 45 49.5 52.2 56.5 60 64.9 70.2 74.4 78.9 83.1 87.3 93.3 99.5 105.2 109.7 113.6 117.7 121.1 124.2 127.7 130.8 134.1 137.6 138.5 139.7 140.3 140.9 140.7 140.9 141 141.4 141.9 142.4 141.9 141.4 138 138 138
47 53.1 57.4 58.5 53.8 49 47.3 45.8 44.8 43.1 41.4 39.7 39.7 40 39.1 39.7 37.6 35.3 33.1 27.1 10.8 5.8 5.7 6 6.4 7.1 12.7 17.3 20.5 22.6 24.7 26 27.3 28 27.8 28.1 27 25.4 23.9 22.7 21.7 20.8 21.6 23.6 25.8 28 29.8 32.8 34.8 37.5 40.6 45 48.4 52.1 56.8 61.2 65.2 68.8 73.9 77.3 81.6 85.8 89.9 96.1 101.5 108.3 112.4 116.6 120 123.3 126.5 129.7 133.1 136.5 139.4 140.5 141.6 142.2 142.1 142.5 142.6 142.2 141.7 141.9 140.1 140.8 142.6 141.6 138
50.2 52.8 58.8 60.4 53.4 47.1 45.2 43.7 41.9 40.1 38.3 36.5 35.1 34.8 36.1 37.7 35.9 32.5 29.1 22 8.3 4.9 5.5 5.7 6.1 7.6 11.4 17.5 20.1 21.5 23.3 24.7 26.5 27.2 27.8 28 27.5 26.6 25 23.3 22.4 21.6 22.6 24.6 26.6 29 31.9 33.8 35.4 37.9 41 44.9 48.1 51.9 56.9 60.2 63.2 67.7 73.9 76.8 80.2 84.2 87.9 92.8 98.4 104.7 110.4 115.4 118.9 122.1 125.3 128.6 132.1 135.5 139 141.1 142.8 143.5 143.7 144.1 143.9 143.4 142.9 142.7 143.1 143.9 144.4 143.9 143.8
54.7 54.7 52.9 54.2 50.8 45.6 42.8 40.3 37.8 35.7 34.1 32.6 32.3 32 31.6 33.8 33.2 30.6 21.6 11.7 5.5 5.6 4.8 5.6 6 6.9 10.4 16.1 19.7 21.1 22.8 24.5 26.2 27.4 28.3 27.9 27.4 27 26.3 24.6 23.4 23 23.8 25.6 27.5 30.2 31.9 33.7 35.6 38.4 41.8 44.2 48.2 51.8 55.3 58.9 62.2 67.7 72.7 76.4 79.5 82.8 87.4 92.2 97.8 103.4 108.1 111.5 117.4 121 124.2 127.6 131 134.5 137.9 141.4 143.3 144.8 145.2 145.7 145.2 144.8 144.4 144.8 145.5 145.7 145.9 145.8 145.7
47.7 50.8 54.7 50.2 47.1 44.1 40.9 38.5 35.9 32.3 30.1 29.5 29.4 29.3 28.6 28.1 27.9 25.1 14.7 8.1 2.4 2.8 4.5 5.4 5.9 6.2 10.3 14.4 18.3 21.2 23 24.8 26.7 28 28.3 27.8 27.4 26.9 26.4 25.9 25.1 24.5 24.2 26.4 28.3 30.2 32.2 34.2 36.1 38.7 42.1 44.4 47.6 52.8 55.3 58.8 63.2 67.7 72 76.3 79.2 82.3 86.6 91.6 97.2 102.1 106.9 111.3 114.2 119.9 123.1 126.5 130 133.5 136.9 140.3 143.6 145.1 145.8 146.5 146.7 146.3 146.3 146.9 146.8 147 147.3 147.6 148.1
38.6 45.2 49.7 49.4 44.6 41.2 38.3 37.3 33.7 28.8 25.9 25 25.1 25.4 26.5 23.5 23.3 15.5 6.9 1.4 -2 -2 0 1.1 2.3 4.3 7.3 11.9 17.1 20.4 22.7 25.2 27.1 28.5 28.2 27.7 27.2 26.8 26.3 25.9 25.8 25.2 25.5 26.6 28.8 30.8 32.8 34.7 36.6 39.3 42.5 44.7 47.4 52.5 55.5 59.2 62.8 66.9 71.9 76.7 79.4 82.5 86.5 91 96 100.8 105.6 110.2 113.4 117.1 122 125.4 128.8 132.2 135.6 138.9 142 145 146.4 147.2 148.1 147.8 148.1 148.1 148.2 149.2 149.9 151 151
26.6 35.1 39.5 40.7 38.4 35.4 30.1 31.8 31.9 25.3 20.5 18.4 19.8 20.4 22.1 21.8 13.2 -2 -2 -2 -2 -2 -2 -2 -2 0.5 2.9 9.2 14.8 19.6 21.1 26.2 28.7 28.6 28 27.6 27.1 26.6 26.2 26 26.3 25.8 26.6 27.5 29.3 31.4 33.3 35.2 37.1 39.7 41.8 44.1 46.4 50.4 54.4 58.3 62.4 67.5 72.3 76.8 80.5 83.7 87.8 90.8 94.9 99.5 104.2 108.8 112.5 116.1 120.5 124 127.4 130.8 134.2 137.4 140.5 143.5 146.5 147.9 148.9 149.6 149.8 150.1 150.3 151.7 153.2 154.9 155.5
13.2 24.7 28.3 30.1 28.4 26.4 23.3 21.4 21.4 16.2 7.5 6.3 8 11.8 13.2 11.5 -2 -2 -2 -2 -2 -2 -2 -2 -2 -2 -2 3.8 12.4 18.8 20.5 23.4 26.9 28.6 27.9 27.4 26.9 26.5 26.1 26.1 26.7 27.1 27.8 28.5 29.5 31.2 32.8 34.7 36.6 38.3 40.8 45.3 49 51.5 54.7 59.1 63.3 68 72.4 76.4 80.4 84.3 86.8 90.4 94 97.6 102.1 106.9 110.7 114.5 118.8 122.6 126.1 129.5 132.7 135.9 139 142 145.3 148.3 149.7 151.7 152.6 152.6 153.2 153.7 155.2 157.8 160
-2 7.8 11.9 17.4 14.4 15.5 11.4 11.8 9.9 -2 -2 -2 -2 -2 -2 -2 -2 -2 -2 -2 -2 -2 -2 -2 -2 -2 -2 0.7 5.4 12.7 18.8 21 25.6 27.7 28.6 27.2 26.8 26.4 26 26.2 27 27.3 28 28.6 29.7 30.8 32.3 33.7 35.8 38 42.5 46 48.9 51.7 54.9 59.4 63.8 68 72 76.1 78.6 81 84.6 89 92 95.8 99.7 103.9 108.2 112.8 117.1 120.9 124.6 128 131.2 134.4 137.4 140.6 144.1 147.7 149.9 151.8 153.6 155.9 156.2 156.6 157.1 159.5 161.7
-2 -2 -2 -2 -2 -2 -2 -2 -2 -2 -2 -2 -2 -2 -2 -2 -2 -2 -2 -2 -2 -2 -2 -2 -2 -2 -2 -2 0.5 2.7 11.1 20.3 24 26.3 27.9 27.9 27.4 26.8 25.5 26.1 27.4 27.7 28 29 29.9 30.8 32.5 33.9 35.4 38 42.1 45.4 48.7 51.9 55.2 59.6 63.9 68 72 75.8 79.6 81.3 86.1 89.2 91.7 95 98.7 102.9 107.3 112 114.1 119.1 122.6 124.9 128.6 132.7 136 139.4 143.1 146.8 149 151 154.2 156.9 159 160 160.6 162.2 163.6
-2 -2 -2 -2 -2 -2 -2 -2 -2 -2 -2 -2 -2 -2 -2 -2 -2 -2 -2 -2 -2 -2 -2 -2 -2 -2 -2 -2 -2 -2 1.7 11.3 23.2 24.3 26.6 26.7 26.5 25.3 25.1 25.3 26.5 27.4 28.1 29 29.9 30.8 32.7 34.3 35.5 37.8 41.4 45 48.6 52 55.4 59.8 63.9 67.4 71.1 75 78.9 82.8 85.9 88.8 91.7 95 98.1 102.2 105.6 108 112 116.9 121.6 123.5 127.3 130.8 133.7 138 142 145.9 147.4 149.8 153.4 156.7 160.3 163 164.9 165.6 167.1
-2 -2 -2 -2 -2 -2 -2 -2 -2 -2 -2 -2 -2 -2 -2 -2 -2 -2 -2 -2 -2 -2 -2 -2 -2 -2 -2 -2 -2 -2 -2 1.7 18.7 22.7 25.1 25.5 25.4 24.7 24.8 24.8 25.3 26.3 27.5 29 29.9 30.8 32.8 34.6 35.9 37.1 39.9 43.9 48.1 52 55.6 59.6 62.9 66.2 70 73.8 77.6 81.5 84.8 88.2 91.2 94.6 97.7 100 104.3 108.2 112.1 115.9 118.7 122.4 126.2 129.1 131.6 135.9 140.2 144.5 146.4 148.5 151 154 158.4 163 166.6 168.9 170.4
-2 -2 -2 -2 -2 -2 -2 -2 -2 -2 -2 -2 -2 -2 -2 -2 -2 -2 -2 -2 -2 -2 -2 -2 -2 -2 -2 -2 -2 -2 -2 -2 1.9 17.7 19.4 24.9 25 24.7 24.8 24.3 24.6 25.6 26.7 28.4 29.9 30.8 33 35 35.6 37 38.4 42.3 46.4 51.1 55.1 58.4 61.7 65 68.8 72.6 76.3 79.7 83.2 86.8 90.4 93.8 96.6 99.1 102.4 106.2 110 114 117.7 121.3 124.8 128.7 131.5 134.4 138.7 143.3 145.7 147.8 149.9 152.4 156.5 160.6 165.2 169.4 172.4
-2 -2 -2 -2 -2 -2 -2 -2 -2 -2 -2 -2 -2 -2 -2 -2 -2 -2 -2 -2 -2 -2 -2 -2 -2 -2 -2 -2 -2 -2 -2 -2 -0.1 2.4 15.8 21.1 24.5 24.7 23.8 23 23.8 24.8 25.9 27.6 29.3 30.8 33.6 34.8 35.2 36.6 37.9 40.3 44.2 48.6 54.5 57.6 60.7 63.8 67.4 70.9 74.4 77.8 81.2 84.8 88.4 92.5 95.5 98 100.5 104.1 107.9 112.2 115.9 118.8 124 128 131.4 134 137.8 142.3 145.1 147.2 149.3 151.4 154.1 158.3 162.9 167.5 172
-2 -2 -2 -2 -2 -2 -2 -2 -2 -2 -2 -2 -2 -2 -2 -2 -2 -2 -2 -2 -2 -2 -2 -2 -2 -2 -2 -2 -2 -2 -2 -2 -2 0.1 2 15.7 20.2 21.5 22.5 21.7 23 24.1 25.1 26.8 28.6 30.9 33.3 34.6 34.7 35.9 37.4 38.7 42.2 46.2 51.7 55.9 59.7 62.3 65.5 69 72.4 75.8 79.1 82.8 86.1 89.5 94 96.9 99.4 101.9 105.9 110.1 113.6 117.5 123 126.7 129.6 133.1 137.4 141.2 144.2 146.6 148.7 150.9 153.1 156 160.6 164.7 168.7
-2 -2 -2 -2 -2 -2 -2 -2 -2 -2 -2 -2 -2 -2 -2 -2 -2 -2 -2 -2 -2 -2 -2 -2 -2 -2 -2 -2 -2 -2 -2 -2 -2 -2 0.2 3.5 14.9 18.4 19.5 20.7 22.6 23.3 24.3 26.6 28.9 31.2 32.8 32.9 34.2 35.2 36.3 37.8 40.5 43.9 48.8 52.7 56.5 61 64.1 67.1 70.3 73.6 76.7 79.6 82.8 86.9 91.7 95.2 98.2 100.8 104 107.7 111.2 115.7 120.6 124.8 129 132.4 137.1 140.2 143.2 146 148.1 150.5 153.4 156 158.9 162.3 165.8
-2 -2 -2 -2 -2 -2 -2 -2 -2 -2 -2 -2 -2 -2 -2 -2 -2 -2 -2 -2 -2 -2 -2 -2 -2 -2 -2 -2 -2 -2 -2 -2 -2 -2 -2 0.5 -2 6 12.3 18.2 22.9 22.9 23.9 26.7 29.2 30.1 30.9 32.2 33.7 34.7 35.5 36.8 38.9 41.9 46 49.6 53.2 58.5 62.4 66 67.7 70.3 73.2 76 79.5 84.2 89 93.3 96.4 99.6 102.8 106.1 109.4 113.1 117.5 121.9 127.5 132.3 136.1 139.5 142.3 145.1 147.8 150.4 153 155.6 158.3 161.7 165.1
-2 -2 -2 -2 -2 -2 -2 -2 -2 -2 -2 -2 -2 -2 -2 -2 -2 -2 -2 -2 -2 -2 -2 -2 -2 -2 -2 -2 -2 -2 -2 -2 -2 -2 -2 -2 -2 13.2 15.7 19.8 23.2 24.6 23.9 25.4 29.3 29.7 29.8 31.1 32.4 33.3 34.1 34.7 37.3 40 43 46.8 51 54.3 60.5 64.7 66.5 68.6 69.3 72 76.8 81.6 86.4 91.2 94.5 97.7 100.9 104.2 107.6 111.1 114.6 119.5 124.6 131.1 135 138.4 142.1 144.8 147.4 149.9 152.5 155.2 157.8 161.1 164
-2 -2 -2 -2 -2 -2 -2 -2 -2 -2 -2 -2 -2 -2 -2 -2 -2 -2 -2 -2 -2 -2 -2 -2 -2 -2 -2 -2 -2 -2 -2 -2 -2 -2 -2 -2 0.4 6.9 16.8 20.2 23.4 25.4 25.5 24.8 28.1 28.3 28.9 29.5 30.7 31.5 31.2 34.8 36.7 38.9 42.1 45.4 48.5 51.3 56.4 62 65.1 68.1 67.9 69.1 74.1 79 83.6 88.1 92.1 95.5 98.8 102.5 106.2 109.9 114 117.7 122.1 128.4 132.9 137.7 141.4 144.4 147 149.6 152.1 154.7 157.3 160.5 162.6
-2 -2 -2 -2 -2 -2 -2 -2 -2 -2 -2 -2 -2 -2 -2 -2 -2 -2 -2 -2 -2 -2 -2 -2 -2 -2 -2 -2 -2 -2 -2 -2 -2 -2 -2 -2 -2 1.4 11 18.1 22.6 25.2 26.9 26.6 25.6 27.1 28.1 28.8 29.3 29.8 31.3 36 38.2 40 45.9 47.9 47.5 48.8 52.5 57.9 61.4 67.6 68.6 65.9 71.1 77 81.3 84.8 88.9 92.5 96.8 100.2 105.2 108.9 113.2 117.2 121.2 125.8 130.4 135.7 140.6 143.5 146.5 149.1 151.7 154.3 156.9 159.6 162.3
-2 -2 -2 -2 -2 -2 -2 -2 -2 -2 -2 -2 -2 -2 -2 -2 -2 -2 -2 -2 -2 -2 -2 -2 -2 -2 -2 -2 -2 -2 -2 -2 -2 -2 -2 -2 -2 -2 2.2 17.1 22 25.2 27.3 28.2 28 28.4 31.1 30 29.9 30.6 32.3 37.3 39 43.4 48.4 49.9 50.5 49.3 51.7 55.4 56.6 63.3 62.3 66.2 69.6 73.9 77.9 81.4 85 90.9 94.9 98.3 102.8 108 112 115.5 119.5 123.2 128.3 133.6 138.9 141.7 145.1 148.3 151 153.6 156.2 158.9 162
-2 -2 -2 -2 -2 -2 -2 -2 -2 -2 -2 -2 -2 -2 -2 -2 -2 -2 -2 -2 -2 -2 -2 -2 -2 -2 -2 -2 -2 -2 -2 -2 -2 -2 -2 -2 -2 -2 1.6 13.5 19.3 25.1 27 28.4 29 31.2 32.5 31.8 30.8 31.6 32.9 36.5 38.2 42.9 49.8 52.2 52.3 51 52.2 54.1 54.9 57.5 61.3 67.6 66.1 69.1 74.6 77.3 80.7 86.4 92.4 96.1 100.3 105.1 108.8 113.8 117.6 121.5 126 130.9 135.9 140.2 142.7 146.7 150.1 152.8 155.7 156.8 161.5
-2 -2 -2 -2 -2 -2 -2 -2 -2 -2 -2 -2 -2 -2 -2 -2 -2 -2 -2 -2 -2 -2 -2 -2 -2 -2 -2 -2 -2 -2 -2 -2 -2 -2 -2 -2 -2 -2 1.3 9.2 14.7 22.9 23.5 25.3 26.4 31.9 32.9 32.3 31.9 30.9 32.2 35.3 37.4 42.4 47.4 51 53.5 54.4 54.9 55.2 53.8 57.2 60.2 64.7 63.2 65.6 71.1 74.2 77.6 81.4 86.5 91 96.4 100 102.4 106.8 111.4 115.7 121.3 127.4 132.4 137 140.6 144.8 148.6 153 153.9 154.8 159.8
-2 -2 -2 -2 -2 -2 -2 -2 -2 -2 -2 -2 -2 -2 -2 -2 -2 -2 -2 -2 -2 -2 -2 -2 -2 -2 -2 -2 -2 -2 -2 -2 -2 -2 -2 -2 -2 -2 -2 3.4 11.5 16 20 22.1 23.8 29.2 32.7 33.2 34 32.7 31.6 33.2 36.1 41.1 44.7 49.2 56.5 58.2 57.3 57 58.7 60.6 61 61.7 63.7 64.9 67.4 69.9 72.8 77.2 81.5 86.7 92 93.5 95.2 100.7 104.5 110.1 115.7 121.3 127.1 132.5 137.1 143.2 148.5 151.2 150.1 153.1 160.9
-2 -2 -2 -2 -2 -2 -2 -2 -2 -2 -2 -2 -2 -2 -2 -2 -2 -2 -2 -2 -2 -2 -2 -2 -2 -2 -2 -2 -2 -2 -2 -2 -2 -2 -2 -2 -2 -2 -2 1.1 6.7 12.1 15.9 18.6 20.4 24.4 29.4 35.1 34.4 34.5 31.5 32.4 34.3 38.8 43.1 48.6 53.5 59 59.9 60.2 62.2 63.9 64.7 66.5 67.9 68.8 70.6 71.8 75.1 74.1 78 82.9 89.7 91 93.8 95.8 101.6 105.1 110.1 116 122.6 128.9 134.9 140.4 146.2 147.1 154.1 158 159.6
-2 -2 -2 -2 -2 -2 -2 -2 -2 -2 -2 -2 -2 -2 -2 -2 -2 -2 -2 -2 -2 -2 -2 -2 -2 -2 -2 -2 -2 -2 -2 -2 -2 -2 -2 -2 -2 -2 -2 -0.3 2.4 8.5 12 15.3 18.7 21.2 24.1 31.8 33.6 34.4 33.5 32.5 33.5 35.7 41.4 47.7 53.8 59.7 65 66.2 64.8 68.1 69.1 71.3 72.4 72.9 74.4 76 77.1 76.6 76.1 80.1 86.7 92.4 95.6 98 100.3 102.2 106.6 112.2 117 124.4 132.7 137.4 141.1 144.6 153 158.6 160.9
-2 -2 -2 -2 -2 -2 -2 -2 -2 -2 -2 -2 -2 -2 -2 -2 -2 -2 -2 -2 -2 -2 -2 -2 -2 -2 -2 -2 -2 -2 -2 -2 -2 -2 -2 -2 -2 -2 -2 -2 0.2 3.8 8.5 12 15.1 17.6 19.3 26.3 29.8 30.5 33.6 33.9 35.2 36.7 37.4 46.2 53.3 58 64.9 69.2 67.7 70.4 73.5 75.1 77.7 76.6 78.9 82.1 81.3 79.7 78.6 80.2 85.9 91.1 96.7 100.4 101.8 102.1 104.9 108.3 112.7 119.8 127.2 132.3 135.9 144.9 151.4 159.8 163.5
-2 -2 -2 -2 -2 -2 -2 -2 -2 -2 -2 -2 -2 -2 -2 -2 -2 -2 -2 -2 -2 -2 -2 -2 -2 -2 -2 -2 -2 -2 -2 -2 -2 -2 -2 -2 -2 -2 -2 -2 -2 0.7 3.5 8.3 11 13.8 16.7 20.8 24.9 28.7 31.1 35.3 37.7 38.4 40.8 47 56.1 62 69.2 74.5 73.3 75.3 78.3 77.9 82.6 80.8 83 85.6 85.2 83.5 84.9 82.2 87 91.4 96.9 97.7 101.2 100.8 104.4 103.8 106.5 112.3 121.8 131.1 136.6 144.4 150.5 157.6 163.1
-2 -2 -2 -2 -2 -2 -2 -2 -2 -2 -2 -2 -2 -2 -2 -2 -2 -2 -2 -2 -2 -2 -2 -2 -2 -2 -2 -2 -2 -2 -2 -2 -2 -2 -2 -2 -2 -2 -2 -2 -2 -2 0.4 3 6.1 10.7 14.2 16.8 21.1 25.3 27.8 31.3 36.7 38.8 43.4 48.8 56.7 63 72.8 79.9 81.8 81.4 81.7 81 82.6 87 90.8 91.6 92.9 93.2 91.5 86.4 86.1 91.3 94.2 94.7 97 98.3 101.4 103.4 106.3 111.5 119.3 127.7 137.5 142.8 148.4 156.8 162.2
-2 -2 -2 -2 -2 -2 -2 -2 -2 -2 -2 -2 -2 -2 -2 -2 -2 -2 -2 -2 -2 -2 -2 -2 -2 -2 -2 -2 -2 -2 -2 -2 -2 -2 -2 -2 -2 -2 -2 -2 -2 -2 -2 -2 3.9 9.8 12.4 14.5 17.1 25.7 30.5 32.6 34.9 41.3 41.8 45.7 56 65.2 71.8 81.3 88.4 90.9 90.4 89.9 92.3 96.5 99 100.5 98 97.8 98.2 93 89.7 90.8 95.1 97.9 103.1 104.8 103.7 102.6 105.7 110.4 115.7 122.9 132.1 140.7 146.4 153.7 159.5
-2 -2 -2 -2 -2 -2 -2 -2 -2 -2 -2 -2 -2 -2 -2 -2 -2 -2 -2 -2 -2 -2 -2 -2 -2 -2 -2 -2 -2 -2 -2 -2 -2 -2 -2 -2 -2 -2 -2 -2 -2 -2 -2 -2 1 6.5 11.4 14 17.8 24.5 30.8 34.8 38.5 43.6 46.7 48.1 52.7 66.1 74.5 82.2 90.1 94.5 96.4 97.4 100.9 105.2 107 106.7 104 102.9 100.7 97.6 95.1 92.6 94.3 99.1 108.1 103.6 103.9 105.2 108 110.4 114.2 118.5 127 136.7 145.1 149 154
-2 -2 -2 -2 -2 -2 -2 -2 -2 -2 -2 -2 -2 -2 -2 -2 -2 -2 -2 -2 -2 -2 -2 -2 -2 -2 -2 -2 -2 -2 -2 -2 -2 -2 -2 -2 -2 -2 -2 -2 -2 -2 -2 -2 1 6.4 10.4 13.6 16.6 22.1 29.8 34.7 39.5 43.1 49 49.4 52.5 59.5 75.2 80.4 88.9 94.7 101.1 106.2 106 109.4 115.9 117.5 115.2 114 111.1 105.8 100.4 95.5 95.1 97.3 105.9 105.7 104.7 107.8 112.8 112.4 113.7 116.5 122.5 131.2 141.5 147.7 150.3
-2 -2 -2 -2 -2 -2 -2 -2 -2 -2 -2 -2 -2 -2 -2 -2 -2 -2 -2 -2 -2 -2 -2 -2 -2 -2 -2 -2 -2 -2 -2 -2 -2 -2 -2 -2 -2 -2 -2 -2 -2 -2 -2 -2 1.4 8.2 10.1 13.4 15.8 21.6 27 34.4 42.1 43.8 47 49.6 52.6 56.5 65 73.5 80.3 90.5 99.6 106.6 107.6 110.7 120.6 123.6 123.7 124.3 120.6 113.8 109.6 101.3 97.6 97.9 103.7 104.3 105.5 107.8 112.7 116.1 117 118 119.5 126.1 132.4 144.1 148.5
-2 -2 -2 -2 -2 -2 -2 -2 -2 -2 -2 -2 -2 -2 -2 -2 -2 -2 -2 -2 -2 -2 -2 -2 -2 -2 -2 -2 -2 -2 -2 -2 -2 -2 -2 -2 -2 -2 -2 -2 -2 -2 -2 -2 3.1 9.1 11.2 13.1 16.1 19.5 25.6 32.1 41.2 44.8 47.3 49.5 52.4 57.4 64.9 70.6 76.4 83.5 92.7 103.5 108.1 110.5 115.8 121.1 124 123.1 118.8 115.5 110.8 108.5 103.1 101.3 103.1 104.4 106.2 109.1 120.1 121.4 120.1 119.9 121.9 124.2 129.7 138.7 146
-2 -2 -2 -2 -2 -2 -2 -2 -2 -2 -2 -2 -2 -2 -2 -2 -2 -2 -2 -2 -2 -2 -2 -2 -2 -2 -2 -2 -2 -2 -2 -2 -2 -2 -2 -2 -2 -2 -2 -2 -2 -2 -2 -2 9.4 11.4 12.2 13.8 16.5 20.6 24.9 30.2 37.6 44.3 49.2 51 52.5 57.7 64 71.1 78.5 82 90 101.9 109.1 112.2 114.7 117.9 120.6 120.6 120.3 118.7 114.3 110.1 106.7 105.6 104.6 105 107.5 110.6 119.6 121 120.1 121 122.8 122.8 126.8 131 142
-2 -2 -2 -2 -2 -2 -2 -2 -2 -2 -2 -2 -2 -2 -2 -2 -2 -2 -2 -2 -2 -2 -2 -2 -2 -2 -2 -2 -2 -2 -2 -2 -2 -2 -2 -2 -2 -2 -2 -2 -2 -2 -2 -2 11.7 13.7 14.3 14.8 17.1 20.9 23.4 27.1 35.6 40.6 47.5 52.7 53.9 58.1 64 71.6 79.8 82.4 86.2 97.9 109.5 115.4 117 117.6 119.8 120.7 119.6 119.2 114.8 110.5 109.7 108.4 107.2 108.5 112.1 116 119.3 119.3 119.9 121.3 122.3 121.8 123.8 128.9 137.9
-2 -2 -2 -2 -2 -2 -2 -2 -2 -2 -2 -2 -2 -2 -2 -2 -2 -2 -2 -2 -2 -2 -2 -2 -2 -2 -2 -2 -2 -2 -2 -2 -2 -2 -2 -2 -2 -2 -2 -2 -2 -2 -2 -2 12.5 15.1 15 15.9 18.3 21.2 24 26.3 33.3 39.2 46.1 51 55.4 57.4 63.6 70.5 78.2 84.7 85.2 91 107.6 119.5 118.6 118.6 118.9 119.9 120.7 118.3 115 113.5 115 113 110.8 110.7 112.9 114.5 116.6 118.6 121.3 121.2 120.2 120.8 124.3 131.2 134
-2 -2 -2 -2 -2 -2 -2 -2 -2 -2 -2 -2 -2 -2 -2 -2 -2 -2 -2 -2 -2 -2 -2 -2 -2 -2 -2 -2 -2 -2 -2 -2 -2 -2 -2 -2 -2 -2 -2 -2 -2 -2 -2 -2 10.3 12.9 15.8 16.9 18.3 21.2 24.9 26.8 30.1 39 44.5 49.4 53.8 58.8 62.3 69.2 75.7 81.4 85.3 90.3 99.7 118.6 119.7 119.8 119.2 119.1 120.5 119.2 116.6 116 117.6 115.9 115.4 113.3 111.8 113.1 115.2 123.4 122.9 121.3 119 119.1 122.4 127.3 130.5
