app/static/ascii/NC01.asc
ncols 200
nrows 200
xllcorner 200000
yllcorner 910000
cellsize 50
[rows 114 to 151 of 200, columns 84 to 167 of 200]
-1.9 -1.9 -1.9 -1.9 -1.9 -1.9 -1.9 -1.9 -1.9 -1.9 -1.9 -1.9 -1.9 -1.9 -1.9 -1.9 -1.9 -1.9 -1.9 -1.9 -1.9 -1.9 -1.9 -1.9 -1.9 -1.9 -1.9 -1.9 -1.9 -1.9 -1.9 -1.9 -1.9 -1.9 -1.9 -1.9 -1.9 -1.9 -1.9 -1.9 -1.9 -1.9 -1.9 -1.9 -1.9 -1.9 -1.9 1.9 38.4 47.6 42.5 40.2 34.5 23 16.8 14.7 12.9 13.3 12.7 15.7 27.6 42.7 57.9 88.5 105.3 116.6 121.2 134.6 139.4 143.4 136.1 129.3 118.7 109.8 106.3 107.8 124.7 141.8 144.7 126.4 104.9 97.5 95.7 106.8
-1.9 -1.9 -1.9 -1.9 -1.9 -1.9 -1.9 -1.9 -1.9 -1.9 -1.9 -1.9 -1.9 -1.9 -1.9 -1.9 -1.9 -1.9 -1.9 -1.9 -1.9 -1.9 -1.9 -1.9 -1.9 -1.9 -1.9 -1.9 -1.9 -1.9 -1.9 -1.9 -1.9 -1.9 -1.9 -1.9 -1.9 -1.9 -1.9 -1.9 -1.9 -1.9 -1.9 -1.9 -1.9 -1.9 -1.9 2.1 33.8 32.2 36 30.4 26.8 16.4 12 9 7.3 8 9 11 21.8 30 45.5 71.6 109.2 119.9 124.5 126.7 140.8 145.3 142.7 136.2 117.8 108.9 107 112 138 145.1 139 113 100.5 97.8 99.1 106.6
-1.9 -1.9 -1.9 -1.9 -1.9 -1.9 -1.9 -1.9 -1.9 -1.9 -1.9 -1.9 -1.9 -1.9 -1.9 -1.9 -1.9 -1.9 -1.9 -1.9 -1.9 -1.9 -1.9 -1.9 -1.9 -1.9 -1.9 -1.9 -1.9 -1.9 -1.9 -1.9 -1.9 -1.9 -1.9 -1.9 -1.9 -1.9 -1.9 -1.9 -1.9 -1.9 -1.9 -1.9 -1.9 -1.9 -1.9 0.9 14 22.5 19.5 18.9 16.9 10.4 7.1 6.1 6.3 6.4 7.4 10.1 14.4 20.3 30.6 53.9 98.5 121.5 130 136 135.2 144.6 145.6 148.7 126.6 109 108.3 128.9 137 135.9 115.3 102.9 108.6 118.2 111.4 108.1
-1.9 -1.9 -1.9 -1.9 -1.9 -1.9 -1.9 -1.9 -1.9 -1.9 -1.9 -1.9 -1.9 -1.9 -1.9 -1.9 -1.9 -1.9 -1.9 -1.9 -1.9 -1.9 -1.9 -1.9 -1.9 -1.9 -1.9 -1.9 -1.9 -1.9 -1.9 -1.9 -1.9 -1.9 19.8 19 11.7 16.2 -1.9 -1.9 -1.9 -1.9 -1.9 -1.9 -1.9 -1.9 -1.9 0.1 2.5 8.2 5.9 6.2 10.5 4.5 4.2 4.6 5.3 5.2 6.3 7.9 11.3 14.5 22.8 50.3 83.8 117.8 128.4 134.5 144.3 142.3 142.8 139.4 120.5 117.5 110.6 126.5 132.4 112.9 104.6 109 125.1 119.3 115.4 111.2
-1.9 -1.9 -1.9 -1.9 -1.9 -1.9 -1.9 -1.9 -1.9 -1.9 -1.9 -1.9 -1.9 -1.9 -1.9 -1.9 -1.9 -1.9 -1.9 -1.9 -1.9 -1.9 -1.9 -1.9 -1.9 -1.9 -1.9 -1.9 -1.9 -1.9 -1.9 -1.9 -1.9 18.7 25.4 35.9 33.5 33.6 27.2 19.6 -1.9 -1.9 -1.9 -1.9 -0.3 1 0.2 1.4 4.6 6.9 4.1 4.4 4.3 4.5 4.7 4.9 5 5.8 4.7 5.4 7.1 11.5 21.5 43 74.8 104.7 127.2 147.4 151.6 146.3 141.4 140.3 130.5 119.8 111.5 114.4 114.2 108.8 119 123.4 125.6 114.1 110.2 103
-1.9 -1.9 -1.9 -1.9 -1.9 -1.9 -1.9 -1.9 -1.9 -1.9 -1.9 -1.9 -1.9 -1.9 -1.9 -1.9 -1.9 -1.9 -1.9 -1.9 -1.9 -1.9 -1.9 -1.9 -1.9 -1.9 -1.9 -1.9 -1.9 -1.9 -1.9 -1.9 -1.9 22.4 36.8 53.2 51.5 43.8 45.4 57.5 33.7 -1.9 -1.9 6.6 3.8 5.6 14.2 12.2 11.5 5.6 5.3 2.8 7.6 12.4 8 5.6 6 5.7 5.3 4.7 6.3 8.8 13.8 39.8 72.6 94.7 122.7 147.8 160.9 149 142.2 136.2 137.8 124.8 112.2 112.3 113.8 116.7 126.5 128.3 119.2 113.6 103.8 102.1
-1.9 -1.9 -1.9 -1.9 -1.9 -1.9 -1.9 -1.9 -1.9 -1.9 -1.9 -1.9 -1.9 -1.9 -1.9 -1.9 -1.9 -1.9 -1.9 -1.9 -1.9 -1.9 -1.9 -1.9 -1.9 -1.9 -1.9 -1.9 -1.9 -1.9 -1.9 -1.9 -1.9 28.9 50.5 57.8 59.3 62.9 65.3 61.2 50 26.5 2.4 10.7 14.3 14.1 18.3 25.3 21.5 16.9 6.7 5.7 13.6 22.2 21.3 22.5 24.1 7.4 5.5 4.7 6 7.4 12.3 38.1 67.4 95.8 128 152.7 157.4 152.3 135.3 136.1 131.5 120.2 116.9 115.1 115.6 120 121.4 122.7 113.1 110.4 100.5 100.9
-1.9 -1.9 -1.9 -1.9 -1.9 -1.9 -1.9 -1.9 -1.9 -1.9 -1.9 -1.9 -1.9 -1.9 -1.9 -1.9 -1.9 -1.9 -1.9 -1.9 -1.9 -1.9 -1.9 -1.9 -1.9 -1.9 -1.9 -1.9 -1.9 -1.9 -1.9 -1.9 -1.9 17.4 38.4 51.4 60.5 68.4 76.2 69.1 52.8 40.1 17.2 20.8 16.6 15.6 18 26 29.8 25.3 20.2 6.8 11.9 20.8 16.8 14.8 10.2 7.3 6.2 5 5.7 7.1 10.8 37.9 69.2 99.8 129 150.7 154.4 138.1 126.3 124.6 122.7 127.5 130.6 133.1 118.2 123.4 122.5 120 113.7 109.2 97.2 98.8
-1.9 -1.9 -1.9 -1.9 -1.9 -0.6 0.2 -1.9 -1.9 -1.9 -1.9 -1.9 -1.9 -1.9 -1.9 -1.9 -1.9 -1.9 -1.9 -1.9 -1.9 -1.9 -1.9 -1.9 -1.9 -1.9 -1.9 -1.9 -1.9 -1.9 -1.9 -1.9 -1.9 24.2 33.5 34.6 48.3 61.6 70.7 66.1 57 41.2 33.7 39 31.2 17.4 19.4 27.2 31.2 29.8 27.6 20.6 8.4 9.7 12.7 12.4 7.8 6.5 6.1 5.6 6.4 8 14.6 42.6 67.9 88 125.5 140.7 129.7 114.1 127.3 128 127.6 129.4 135.1 139.4 130.9 125.1 122.2 121.2 115.5 108 94.2 94.5
-1.9 -1.9 -1.9 1.1 3.1 2.2 2.2 -1.9 -1.9 -1.9 -1.9 -1.9 -1.9 -1.9 -1.9 -1.9 -1.9 -1.9 -1.9 -1.9 -1.9 -1.9 -1.9 -1.9 -1.9 -1.9 -1.9 -1.9 -1.9 -1.9 -1.9 -1.9 -1.9 -1.9 33.5 53.8 58.1 50.1 51.5 52.6 52.1 41.8 38 38.8 50.7 34 27.2 28.9 34.5 32 31.6 26.1 16.8 8.2 8.5 8.3 7.5 6.4 5.5 4.8 6.1 7.7 15.7 25.1 36.6 58.7 82.6 82.6 87.4 105.1 119.2 123.8 141.2 138 135.9 135.5 124.2 116.1 113.7 115.7 114.3 110.2 99.1 84.7
-1.9 2 7.7 8.9 12.8 13.6 12 11.1 9.4 -1.9 -1.9 -1.9 -1.9 -1.9 -1.9 -1.9 -1.9 -1.9 -1.9 -1.9 -1.9 -1.9 -1.9 -1.9 -1.9 -1.9 -1.9 -1.9 9.9 6.4 -1.9 -1.9 -1.9 -1.9 28.2 41.6 55.8 59 60.4 52.5 53.8 49.6 45.2 35.4 49.7 42 38.1 38.3 37.5 35 29.9 25.5 18.4 10.6 8.6 8.2 7.7 7.3 4.9 4.8 6 6.2 7.8 10.2 20.3 35.4 55.1 68.9 79.1 87.2 97.7 111.1 137.2 142.2 137.2 134.9 129.9 105.6 108.6 106.4 109.6 108.6 94.8 77
3.6 12.9 15.1 15.2 14.9 15.6 12.3 11.7 10.6 1.9 -1.9 -1.9 -1.9 -1.9 -1.9 -1.9 -1.9 -1.9 -1.9 -1.9 -1.9 -1.9 -1.9 -1.9 -1.9 -1.9 4.7 32.9 21.3 20 2.1 -1.9 24.9 44.2 51.9 57.6 63 57.2 62.2 65.8 62.5 54.2 48.5 39.6 40.5 43.7 39.4 39.3 38.9 41.1 37.5 29.1 23.5 16.7 9.6 8.4 8 7.3 5.9 4.8 4.8 5 6.8 10.6 21.8 45.9 80.8 93.2 96.5 93.2 89.7 106.2 129 130.9 136.3 128.6 120.3 117 96.2 91.8 90.5 84.8 75 68.7
13.9 15.1 15.2 15.2 14.9 14.5 13 12.3 11.4 6.6 2.5 2.4 9.6 8.3 5.6 4.4 -1.9 -1.9 -1.9 -1.9 -1.9 -1.9 -1.9 -1.9 -1.9 5.7 33 57.4 56.5 35 27.9 23.2 32.8 53.3 69.9 81.6 81.6 72.1 66 63.8 66.5 59.4 50.7 47.9 42 38.1 40 40.1 40.2 45 43.6 39.9 36.8 22.7 13.8 8.5 8.3 8 7.1 6.3 5 5.4 6 10.6 20.2 45.8 85.4 105.5 96.2 89.3 80.4 87.6 96.5 106.5 100.4 106.8 101 94.6 82.3 75.1 68 67.8 63.8 61
14.8 15.7 15.7 15.6 16 17.3 20.1 13 12.8 12.7 11.8 14 14 11.3 12.2 13.9 1.1 -1.9 -1.9 -1.9 -1.9 -1.9 -1.9 -1.9 -1.9 -1.9 47.7 85.4 81.5 65.7 40 52.3 57.2 57.5 75.1 81.1 89.6 93.6 75.7 67.1 64.6 63.6 63.5 51.4 49.5 39.2 40 40.6 41.5 45.3 50.8 52.2 44.2 32.5 20.9 10.7 8.4 8.1 7.4 6.9 5.9 6.5 7.3 8.2 10.2 18.4 46.6 62.3 69.3 65.4 63.5 67.4 73.4 76.2 79.6 84.8 84.9 77.4 62.7 62.3 63.4 59.5 59.3 55.4
16 16.2 16.3 18.1 20.3 23.1 24.2 18.7 13.2 12.9 13.4 13.9 13.1 9.4 9.8 9.7 0.4 -1.9 -1.9 -1.9 -1.9 -1.9 -1.9 -1.9 -1.9 -1.9 52.6 98.8 93.1 79 59.8 68.2 88.5 81.7 77.9 90.5 101.9 96.3 72.8 70.6 77.4 69.8 69.1 62.7 53.4 42.3 39.9 42.3 48.2 56.8 59.9 56.7 46.7 36.8 26.1 18 10.1 8.4 7.9 7.4 6.9 5.9 7.6 9 9.4 10.8 17.2 29.4 40.1 54.5 64 78.1 82.1 79.9 87.3 88.6 74.3 56 60.6 62.7 62 57.9 50 50
18.6 17.7 18.3 21.3 23.6 25.2 24.4 20 15.1 14.2 14 11.9 10 3.3 4.8 2 -1.9 -1.9 -1.9 -1.9 -1.9 -1.9 -1.9 -1.9 -1.9 -1.9 50.9 98.6 97.2 86.9 89.5 107.7 103.6 104.6 102.9 88.8 84.3 78.2 72.2 70.7 72.3 77.4 79.9 82.7 75.1 61 44.7 46.5 50.3 56.7 59.6 59.8 55.9 48.2 32.3 22.7 15.9 9.3 8.3 7.8 7.3 6 7.7 9.9 10.8 11.7 15.5 22.6 31.3 43.6 52.8 56.6 63.5 66 76.4 74.4 54.3 49.3 69.9 75.7 62.1 57.9 50 50
20.5 19.5 19.5 19.8 25.9 26.2 23.1 18.6 16.6 14.6 13.9 12.3 8.6 2.4 -1.9 -1.9 -1.9 -1.9 -1.9 -1.9 -1.9 -1.9 -1.9 -1.9 -1.9 10.5 38.1 73.9 90.4 86.5 107.4 114.9 110.6 111.6 106.7 96 88.1 80.4 89 87.5 88.3 80 85 90.8 87.5 75.8 63.4 45.7 47.1 51.1 65.7 68.4 70.5 59.6 44.2 32 18.2 12.1 9.2 8.2 7.7 8 6.5 9.1 10.7 11.7 13.2 17.1 23.8 34.1 37 39.8 45.3 45.3 47.4 42.8 40.6 56.1 77 87.5 72.5 67.7 58.7 50
21.1 20.7 20 19.8 19.7 19.9 19.2 17.3 15.6 14.7 14.3 12.6 10.4 1.3 -1.9 -1.9 -1.9 -1.9 -1.9 -1.9 -1.9 -1.9 -1.9 -1.9 -1.9 18.3 38.4 54.4 57.2 77 102.4 111.9 110.1 109.5 110.4 109.9 95.4 86.3 94.9 100.5 100.6 85.2 82.1 84.3 83.9 75.4 62.5 49.7 49 48.3 62 74.7 73.5 69.1 51 37 25.3 16.4 11.6 9.7 9.5 6.4 8.6 9.1 9.7 11.4 15.8 18.6 24.4 26.1 28.6 29.3 32.3 42.5 54.2 57.4 61.1 62.1 82.9 96.7 89.7 74.8 58.9 50
20.6 22.5 20.6 20 19.5 18.9 18 16.6 15.5 14.6 14.2 12.7 8.8 1.7 -0.4 -1.9 -1.9 -1.9 -1.9 -1.9 -1.9 -1.9 -1.9 -1.9 -1.9 21.3 42.3 48.4 58.9 79.1 103.4 115.2 118.3 118.7 117.7 110.1 108.5 106.2 95.3 94.6 87 83.5 84.1 90.7 89.1 83 65.8 53.3 50.8 48.7 53.2 67 79.4 82.9 64.2 45 31.4 22.9 19.5 16.2 9.8 9.5 9.9 9.3 10.2 10.8 15.3 23.4 26 27.5 31.5 43.1 57.7 72 74.3 73.3 70.4 72.4 84.3 99.2 103.3 84.1 62.5 58.3
17.9 23.8 22.4 21.4 20.2 19.4 18.3 17.3 15.9 14.7 14 10.6 9.7 5.9 1.3 0.6 -1.9 -1.9 0 -1.9 -1.9 -1.9 -1.9 -1.9 -1.9 25.1 42 45.7 57.2 77.8 98.7 106.9 119.9 125.6 116.3 113.8 114.6 105.9 98 98 88.6 89.7 99.8 98 89 74.9 66.8 63.4 59 51.4 54 60.1 75.7 86.5 71.3 53.9 42.1 30.3 22.9 24 16.9 10.7 10.3 10.6 10.8 11.1 11.5 22.2 33.2 40.5 46.6 59.5 73.1 78.1 77.3 76.2 73.9 76.7 83.8 104.1 98.1 81.7 71.2 62.4
18 18.8 19.3 23.9 23.5 22.4 21.7 19.3 18.2 13.9 12.4 11.1 10.9 9.9 8.7 6.5 2.1 1.8 5.6 5.4 -1.9 -1.9 -1.9 -1.9 -1.9 23.5 34.2 53.8 68.6 83.8 93.7 110.2 123.5 123.4 116.5 107.8 107.8 107.4 109.6 95.6 93.2 106.1 108.3 103.9 85.8 69.6 67.6 72.1 66.8 60.1 54 58.1 59.8 81.7 71.4 54.5 43.5 35.3 30.2 25.6 22.1 22.9 11.2 9.7 11 10.9 12.4 19.7 33.3 40 49.5 55.8 66.6 75.8 75.4 74.8 70.7 68.5 68.8 76.2 80.2 69.4 63 56.4
18.1 18.9 19.2 19.5 24.3 24.2 25.3 23.2 16.9 14.6 13.4 12.4 12.4 13.1 14.7 14.7 12.9 11.3 10.7 7.1 6.9 -1.9 -1.9 -1.9 -1.9 31.5 36.7 52.7 75.9 91.1 95.8 101.4 107.7 110.2 108.3 108.2 113.8 104 102.1 105.3 106.2 116.9 114 102.9 97.8 87.6 78.6 78.3 77.9 71.9 62.2 58.8 57.5 54.7 63.3 52 42.9 44.4 43.1 33.6 30.3 32.2 22.1 11 9.8 10.2 10.9 13.5 27.7 40.8 54.6 56.4 66.3 76.1 82.5 79.4 75.1 66 60.8 58.7 55.4 55.4 55.3 53.3
18.4 18.8 19.3 19.8 20.4 21.4 22.7 20.9 16.6 15.5 15.7 19 19.1 19.9 23.2 23.6 22.3 21.6 21.3 12.9 7.8 2.1 -1.9 -1.9 20 27.2 37.4 47.4 70.5 89.3 97.8 96.2 104 106.6 107.6 109.4 112.5 104.3 106.1 113.1 120.7 120.7 120.1 125.5 123.8 108.3 87.7 90.4 94.8 86.8 73.1 65.2 63.7 54.8 50.1 48.2 48.6 49.6 49.6 49.4 40.1 45.5 37.5 23.3 13.8 10.2 11.4 12.4 14.7 36.6 52.6 62.7 71.4 83.9 93.1 90.3 81.9 71.5 64 57.6 55.4 52.5 50.9 53.4
19.8 19.5 20 20.5 21.3 21.9 21.7 22 20.1 19.6 20.3 22.8 24.6 27.4 30 30.9 32.6 32.3 23.8 19.7 17 7 1.5 1.7 22.8 24 42.5 54 70.6 81.1 84.4 88.6 90.1 98 109.2 112.5 113.1 112.4 106.2 115.6 127.4 124.7 127.7 132.8 124.7 113.5 101.4 99.1 102.7 91.7 82.2 74 78.1 72.7 60.1 51.6 52.3 56.3 51.3 49.8 51.4 57.7 63.6 55.3 29.4 13.3 11.4 11.9 12.5 32.5 51.8 76.4 74.5 86.6 100 97 86.1 74.5 68.1 62.5 59.7 55.9 44.3 50.5
22.8 22.1 21.8 22.2 22.5 23 24.9 26.5 26.5 26.4 26.5 26.1 27.5 29.8 31.9 38.2 37.8 34 27.5 26.6 22.3 16.5 7.3 10.9 16.3 29.9 41.9 59.1 68.7 72.5 77.1 99.2 104.5 94.5 106.4 117.9 108.7 108.3 108.8 114.3 137.6 140.9 132.2 125.8 123.6 121.7 111.8 111.2 112.1 98.1 88.2 76.4 81.7 83 72.1 67.4 55.2 51.8 51.2 50.1 55.6 58.2 66.2 62.9 49.1 26.9 12.9 11.6 12.2 18.3 41.1 64.9 77.6 82.7 103.6 99.9 92 79.8 65.1 58.9 54.9 45.4 43.3 50.1
25.6 25.2 24.5 24.5 24.4 24.2 25.2 26.8 30.6 32.7 32.6 31.7 30.8 31.2 32.2 35.3 38.7 36.1 34.7 33.4 33 29.9 14.8 14.9 25.6 38.7 58 64 75.5 82.9 90 96.7 100.4 104.7 102.5 106.8 106.9 112.5 111.5 122.9 138.9 143 133.8 126.6 128.8 134.4 127.8 123.7 118.3 104.9 84.2 82.7 82.2 87.3 69 74.3 71 56.4 50.8 50.5 54.5 58.9 59.5 63.7 52.9 35.2 17.8 13.6 13.2 15 33.6 54.3 62.7 73.8 97.1 92 87.8 68.7 55.8 47.3 40.9 37.4 43.1 52.9
26.8 27.5 27.4 27 26.5 26.3 26.5 27.8 29.3 35.1 38.8 35 33.8 34 34.5 35.9 36.8 37.1 36.8 37.3 37.1 33.8 27 17.4 33.4 47.5 59.1 70.1 89.9 104.5 98.3 99.2 107.9 111.4 109.4 107.4 106 107.1 120.5 131.6 149.6 151.7 148.3 140.3 142.3 144.8 140.7 132.8 117.9 95.6 93.7 100.7 94.6 97.9 79.5 78.1 81.8 77.5 71.7 51.2 50 53.2 63.3 63.9 52.4 39.7 25.4 14.5 13.2 14.5 28.1 42.3 51.4 71.5 90 80.6 73.1 59.7 49.8 42.4 36.5 38.9 46.4 52.3
28 28.6 29.1 29.2 28.9 28.6 28.9 29.6 30.8 31.8 33.8 36.2 37.8 37.7 37.8 37.5 37.4 37.4 37.4 37.2 35.2 32.3 28 21.4 35.8 45.5 60.9 71.2 88.4 103.7 104.1 105.9 107.3 109.5 106.8 106.3 121 125.6 125.5 144.1 150.4 158.2 157.1 151.7 147.5 148.9 140.3 131.4 116.3 103.4 109.7 114.1 117 100.6 90.4 89.6 93.4 90.1 83.8 53.3 49.9 50.2 60.5 58.3 48.4 39 30.6 18 13.4 13.6 17.8 29.5 46.3 63.2 75.4 67.9 57.3 48.1 41.4 38.8 37.1 46.4 61.9 58.4
28.7 29.6 30 30.3 30.5 30.7 30.9 31.3 32.2 33.1 34.4 36.5 37.6 39.4 39.7 40.4 40 38.1 37.9 36.7 30.6 26.2 24.1 24.6 35.1 51.7 69.2 71.1 81.9 94.7 107.3 108.2 107.4 109.4 108.1 110.2 132 143.9 146.9 146 154.9 159.2 160.7 155.8 147.9 151.9 144.2 139.1 126 110.5 117.1 128.5 122.4 112.5 103.8 100.6 99.5 95.7 83.5 65.8 53.5 49.4 48 47.5 45.8 40.5 28.6 21 14.2 14.9 14.3 19.5 33.3 49.1 52.7 46.8 40.9 35.8 38.5 36.5 37.1 52.9 66.9 58.8
29.5 30.2 30.8 31 31.4 31.7 31.9 32.5 33.4 34.4 35.8 37.7 41.1 43.3 43.9 45.8 46.6 44.4 41.5 40.2 31.8 26.3 25 33.1 43.1 59.3 68.9 73.7 74.4 89.9 103.9 106.1 115.7 123.2 132.9 145.1 151.2 154.8 160.3 156.2 153.2 158.7 162.4 148.5 146.4 150.9 149.3 139.9 124.6 112 115.8 126.4 119.7 115.8 111.3 107.2 106.6 100.1 80.6 65.4 53.3 50.4 49.7 49.9 50.3 48.1 39.6 25.1 17 14.9 14.6 15.1 22.8 28.9 28.8 27.4 28.3 31.6 39.9 34.6 41.1 59.3 74.6 69.7
28.2 30.7 31.4 31.8 32.3 32.8 33 33.7 34.5 35.6 36.7 38 40.9 44.9 48.4 50.6 51.6 52.4 47.5 43.9 40 36.4 29.8 33.8 48.6 58.8 69.9 73.6 74.1 86.7 106.7 111.8 124.5 144.9 147.4 153.6 154.8 157.7 165.9 164.2 155.9 153.9 150.7 145.2 143.7 136.8 133.2 124.6 118.5 112.5 117.4 129.6 126.4 114.9 110.4 109.2 105 94.6 80.5 67.6 57.1 52.7 56.6 63.3 58.4 57.3 48.2 31.5 25.1 14.8 14.8 16.1 17 17 20.6 20.4 20.6 29.7 35 38.6 54.7 68.9 79 83.2
25.2 27.7 31 32.3 32.7 33 33.8 34.5 35.5 36.3 37.3 38.6 40.3 42.9 48.3 52.6 56.7 58.8 57.7 54.3 50.6 47.8 37.1 35.3 48.8 69.2 84.4 82.1 88.3 94.5 111.3 113.3 132.9 148.8 148.8 155 153.3 154 154.6 156.3 155.9 155.6 161 150.8 141 134.6 123.1 123.6 120.9 123.8 125.9 130.1 133.4 125.3 111.3 102.9 94.6 86.5 77 70.1 62.6 56.7 56.4 63.2 64 54.2 49.6 39.2 27.9 23.1 15.6 16.4 16.4 17.7 18.9 18.5 20.3 26.9 35.6 51.9 57.8 73.6 84.1 92.2
24.1 24.1 27.4 30 32.6 32.8 33.8 34.7 36 36.8 38 39.1 40.7 42.7 45.1 50.4 56.5 61.8 63.8 61.6 58.5 52.3 43.9 40.8 47.8 66.8 80.4 89.6 92.7 102 113 120.5 135.4 148.7 147.2 149.2 148 151 148.5 158.9 159.6 162 164.4 151.3 146.7 139.1 124.9 127.2 134.8 131.6 133.2 130.3 133.9 132.5 114.7 107.9 102 87.5 73.5 73 64.6 61.6 59.5 62.3 63.7 58.8 51.3 43.9 35.8 32.3 20 15.3 16.4 17 18.2 19 20.5 24.7 35.8 43.7 61.6 80.8 92.1 86.6
24.1 24.1 24.1 26.1 29.5 30.6 32.6 34.1 36 37.4 38.5 39.7 41 42.9 44.8 48 52.3 58.7 63.7 60.4 57.9 53.1 46.9 49.3 52.9 65.7 75.4 86.2 97.3 106.7 111.5 128.9 137.5 144.1 145.4 138.9 149.1 149.1 148.5 163.1 168.3 165.2 173.4 157.9 144.8 139.2 136 137.2 138 137.6 133.9 131.1 131.1 132.2 134.3 123.3 111.6 94.5 75.4 78 75.7 70.7 64.4 64.4 67.7 64.2 58.2 53.7 49.3 41.6 34.1 20 18.8 17.7 19.5 19.8 21.1 24.9 35.2 39.7 59 73.6 82.7 85.9
24.1 24.1 24.1 24.1 25 28.6 30.6 32.2 34.2 36.3 38.4 39.8 41.3 43 45.1 47.6 50.7 53.7 57.9 59.9 58.8 59.5 51.3 55.8 61.3 69.4 78.2 88.2 101.9 110.4 112.2 127.6 136.3 141.2 145.4 138.6 152.8 153.8 157.2 162 173.2 163.2 169.5 153.8 150.8 143.3 141.6 140.7 138.2 139.1 146.4 137.9 131.2 129.4 144.8 129.4 116.6 96.8 76.8 85 83.9 72.3 67.1 69.7 69.1 69.4 61.9 59.2 55.6 48.2 46.1 36.7 27.9 20.6 24 24.7 23.5 22 26.1 35.4 51.8 69.9 89.2 82.8
24.1 24.1 24.1 24.1 24.1 24.1 27.4 30.2 32.2 34.2 36.1 38.9 41.2 42.7 44.8 47.1 49.7 52.3 54.8 57 59.2 61.6 58.1 58.2 72.7 80.7 83.2 93.5 108.9 122.4 123.4 129.2 134 136.8 134.3 141 152.4 154.1 155.5 161.2 164.5 157.9 157.6 156 155 146.7 142 140.7 137.9 133.5 137.8 133 128.8 123.6 128.4 121.7 111.3 94.7 79.6 85.9 85.4 85.3 73.6 73.9 76.7 74.8 67.1 67.5 64.1 52.8 47.7 43.9 36.5 29.7 28 32.9 32.6 27.6 29.9 40.4 53.4 72.5 84.5 75.6
24.1 24.1 24.1 24.1 24.1 24.1 24.1 26.1 30 31.7 33.9 36.2 39.2 42.5 44.5 46.9 49.5 52.2 54.7 56.7 58.6 60.3 59.4 61.2 70.4 87.3 90.3 94.3 111.2 125.3 127.6 129.3 131.8 137.2 135.8 145.4 155.3 153.7 154.4 153.3 156.4 156 157.6 156.2 152.8 151.8 146.2 137.5 135.5 132.3 130.6 129.6 129.9 122.7 125.6 121.4 113.9 100.2 88 89.8 88 88.2 83.5 74.6 75.2 75.4 67 66 66.9 63.2 52.7 50.9 50 43.2 32.6 36.6 39.5 33.5 29.3 38.1 49.3 61.6 64.7 64.9
24.1 24.1 24.1 24.1 24.1 24.1 24.1 24.1 24.9 29 30.6 33.1 36.1 39.4 43 46.6 49.3 52 54.5 56.6 58.5 60.7 62.2 64 69.3 77.1 83.6 99.2 112.2 120.5 127.9 132.1 135.1 136.8 140.1 146.6 146.1 148 152.6 154.6 159.4 155.6 154.2 158.2 160.4 157.6 148.9 137.6 134.6 136.3 131 130.2 122.2 117 123 117.6 108.7 93.9 91 90.8 90.5 86.1 83.2 77.2 73.7 72.9 66.3 65.6 66.7 65 66.5 63 51.7 47.9 41.4 37.5 45.1 42.4 28.9 40.9 51 53.3 53.4 53.4
