app/static/ascii/NC02.asc
ncols 200
nrows 200
xllcorner 200000
yllcorner 920000
cellsize 50
[rows 38 to 75 of 200, columns 86 to 171 of 200]
16.7 17.4 26 29.9 31.3 30.6 28.7 34 31.8 32.2 35.8 47.1 49.2 49.2 48.3 48.4 48.6 50.3 48.2 47.2 49.8 49.1 50.3 49.8 49.1 50.5 56.7 70.1 77.7 80.2 84.8 89.2 99.4 108.7 108.9 103.6 107.2 113.5 111.7 103.2 92.2 85.9 78.5 80.6 83 86.9 94.9 104.3 128.9 140.3 144.4 142.5 141.9 138.5 133.2 131.8 132.5 135.3 129.8 123.3 124 125.9 130.7 122.3 120.5 121.3 120.8 121.1 125.4 129.8 124.9 122.3 122.8 125.8 126.5 123.4 124.8 125.7 123.6 123.6 131.3 134.6 134.1 135.3 131.6 123.5
18.3 21.8 27.1 33.3 31.4 27.8 35.6 40.1 38.6 41.1 48.8 49.6 47.2 46.2 46.2 46.2 46.2 46.2 46.2 46.2 46.2 46.2 47 46.2 46.2 46.6 62.3 72.9 82.1 95.3 102 109.7 115.7 119.2 129.6 127.8 118 108.4 99.2 94.9 82.8 78.8 77.1 76.3 88.4 92.9 95.3 134.4 154.3 161.6 165.3 159.8 152.6 147.2 143.7 140.8 136 129.2 127.1 127.6 125 123 124.3 120.1 119.3 119.3 125.3 128.7 127.2 122.9 121.6 121.6 121.6 121.6 123.8 121.6 137.7 136.4 130 135.2 136 137.1 136.4 135.3 134.1 120.5
23.4 21.4 21.4 25.8 26.9 28.4 36.8 38.1 37.9 46.4 48.4 46.2 47.6 48.9 46.2 46.2 46.2 46.2 46.2 46.2 46.9 46.2 46.2 46.2 46.2 63.7 85.2 91.5 96.6 99.2 106 112.7 123.7 136.2 133.8 123 109.4 96.7 90.9 85.7 78.1 71 70.7 76.5 85.3 88.8 116.4 164.3 174.6 173.5 170 160.2 156.7 155.8 156.4 152.5 142.2 132.4 127 124.8 123 122.9 120.4 119.3 119.3 127.7 130.9 131.7 130.9 128 123.6 121.9 121.8 131.3 121.6 125.1 124.4 125.9 144.6 157.2 153.3 144.1 143.8 138.4 124 117.9
25.6 29.4 27.2 35.4 33 36.8 36.5 37.7 47.8 56.5 59.2 55.3 52.7 53.2 49.5 49.9 46.2 46.2 46.2 46.2 46.2 46.2 46.2 46.2 46.2 62.6 74.6 82.6 90.1 95 103.4 118.5 125.2 121.7 117.4 114 101.8 94.4 88.8 78.2 73.1 69.6 69.6 71.5 75.5 88.1 141.2 156 163.8 163.2 161.7 160.4 160.3 159.5 158 156.5 149.4 135.1 123.7 122.7 122.5 122.6 121.7 120.6 128.6 138.7 138.9 137.2 136.7 135.2 134.1 131.2 131.3 128.9 125.8 121.7 121.6 121.6 136.9 152 160.9 162.8 153.3 141.8 126 119.4
22.4 21.3 41.4 39.4 39.5 39.5 49.2 58.5 66.6 69.1 66.5 62.2 54.1 57.6 67.3 59.4 54.2 55.8 51.4 46.3 46.2 46.2 46.2 50.4 75.7 77.6 78.1 85.3 92.4 94.9 101.5 107 109 105.6 113.1 106.5 95.3 85.4 79.3 74 70.1 68.7 68.9 70.6 73.7 94.6 134.2 148.6 157.1 159.3 163.2 162.8 163 157.6 156.5 153.6 139.3 124.9 122.6 122.6 123.7 126 124.3 127.3 135.2 142.2 146.4 142.9 142.4 136.9 131.5 130.7 129.8 130.6 141.1 134.5 126.2 127.3 126.7 139.3 165.1 169.2 158.1 141.4 128.2 121.2
14.7 34.8 49.1 48.6 52.3 66.4 69.1 66.9 65.5 71.1 69.7 61.3 59.9 68.9 67.4 62.3 61.2 61.3 58.2 59.6 59.4 57.8 58.4 77.7 85.3 88.5 86.6 89.3 93.9 91.7 97.7 93.5 93.1 95.7 100.8 92.1 86.6 82.9 77 71.1 68.8 68.4 71.7 71.3 72.9 97.9 125.3 139.6 146 157.6 162.5 168.8 165.8 159.7 157.8 144.3 130 123.4 124.3 128.8 127.3 128.4 126.3 135.9 139.6 145 147.1 147 146.7 143.6 149.6 153.8 152.5 147 154 155.5 148.3 135.2 134.3 143.4 161.4 164 148.9 135.6 127.8 131.3
17.3 33.5 42.1 50 64 74.8 78 75.1 70 66.7 66.2 67 71.1 71.9 83.6 69.5 70.8 69.3 63.4 61.3 64.4 75.6 79.7 88.1 95.5 92.8 91.8 90.8 89.5 87.5 85.9 83.5 76.4 82.3 79.4 79.5 76.6 71.2 74.6 68.2 70.4 69.7 72.6 72.8 73.6 97.9 123.4 139.9 154.6 158 166.9 171.8 165.8 157.1 153.6 146.4 134.6 134.3 130.4 131.4 128.2 122.9 130.3 141.8 146.8 146.8 146.3 145.1 143.6 156.7 169.3 169.7 164.1 165.4 166.9 168.5 166.8 158.7 152.8 151.3 152.8 155.7 148.1 135 134.5 143.3
21.1 25 36.1 47.2 65.7 72.5 75.5 73.9 75.5 70.4 74 81.1 78.8 81.7 79.2 75 75.4 69.6 67.9 66.7 81.8 86 89 91.3 89 89 89.9 93.1 90.4 83.2 79 72.4 65.3 66.4 67.7 69.6 63.7 66.2 68 70.6 70 71.9 75.9 74.4 80.1 102.8 134.4 148.6 153.8 159.2 161.8 161.8 156.3 156.3 155.8 151.3 145.7 151.8 148.7 143.8 134 129.1 135.1 145.6 148.9 143.6 143.6 143.6 166.7 176.8 178 173 169.7 172.3 173.3 170.5 168.4 165.9 163.3 164.9 158.2 150 140.6 139.1 140 137
20.5 27.4 33.9 40.6 53.5 63.4 73.2 70.5 69.5 67.6 69.9 74.5 76.7 80.4 94.8 87.7 77.8 72 74.5 77.6 89.9 96.8 93.7 98.8 92.3 88.2 88.1 86.5 86.8 79.6 68.9 58.6 61.1 64 67.7 61.5 69.4 72.7 72.9 76.4 72.1 69.3 68.7 84.5 99.1 119.3 141 157.2 154.8 155.1 156.6 162.8 159.8 154.9 151.3 147.1 147.7 159.8 155.1 151.5 146.3 143.9 145.8 148.5 148 145.4 150.5 159.8 176.6 183.3 180.9 175.4 170.3 172.9 173.6 173.2 173.6 171.3 167 161.1 153 147.6 146.8 151.6 151.2 152.7
17.7 20.7 27.8 33.6 43.1 46.5 56.9 64.2 66.2 67.3 68.3 71.4 73.4 75.1 81.5 81.3 81 77.2 78.9 87.7 92.1 96.9 102.2 99.2 93.6 86.9 83.8 77.9 72.3 64.7 56.5 56.3 59.2 66.3 62.3 60.9 81.4 82 78.7 84.3 69.3 65.3 66.4 81.7 114.2 134 140.7 136.3 132.5 142.2 155.8 156.9 153 151.8 152.2 145.7 142.5 142.7 154 151.6 153.4 150.1 147.8 148.6 149.6 174.6 172.7 173.2 188 186.6 181.4 179.1 171.1 169.7 175.2 177.3 174.2 168.9 161.1 156 154.5 152.9 156.2 155.7 153.7 153.1
13.8 18.5 21.6 25.8 32.7 35.1 45.1 58.4 66 70.1 72.2 73.4 74.2 77.6 89.7 82 84.2 87.2 86.8 90.9 95.5 100.1 93.5 89.1 85.3 81.6 75.6 71.6 65.9 57.9 56.3 56.3 60.9 60.2 60.7 81.8 90.3 85.4 81.2 77.4 65.4 61.3 68.1 98.5 113.9 115.8 115 108 118.4 128.3 145.5 143.6 140 144.4 134.2 122.8 132.9 142.6 146.4 145.2 150.7 144 140.5 167 178.4 184.1 180.3 179.9 191 184.3 179.5 180.5 171.4 170.4 176.8 177.4 175.3 168.2 161.6 157.2 151.9 150.8 151.2 152.6 152.8 152.3
13.2 18.4 21.4 25.4 31 55.2 61.6 66.7 68 65 69.2 74.2 82.5 89.2 82.8 82.8 86.1 87.3 93.6 96.7 97.7 90.5 84.9 85.3 88 77.4 72.1 65.1 57.1 56.3 56.3 56.6 57.9 66.5 79.2 80.6 80 84.5 75.7 71.4 62.1 61.3 84.6 99.3 99.1 103.8 104.8 108.6 109.1 121.2 133.4 127.6 120.3 114.3 108.4 115.4 131.9 131.6 141.2 142.7 141.4 133.2 160.1 176.5 184.4 194 195.8 195 195.9 187.5 183.6 177.1 171.4 170.8 170.7 172.4 174 173.4 166.1 158.3 152.2 149.9 148.6 150.8 151.1 152
18.2 23.6 30.3 33 34.6 48.4 55.4 59.1 63.2 64 67.6 86 98.8 95 90.5 85.2 92.6 88.4 87.9 93.5 89.4 82.5 81.3 87.2 79.5 75.6 67.7 56.4 56.3 56.3 58.5 57.7 65.2 70.4 78.8 76.7 74.3 74.1 72.6 64.7 61.8 63 88.7 91.1 104.7 111 111.5 106.3 102.7 113.8 112.3 109.2 103.4 98.3 93.7 110 116 133.5 142.8 128 122.3 120.6 157.4 180 192.2 196.6 198.5 196.1 191.1 189.3 189.5 181.6 176 171 173.5 175.3 174.8 176.9 165.8 155.1 152.5 150 149.5 149.3 151 148
22.4 34.1 45.6 35.8 39.1 42.6 47.7 52.7 56.6 64.2 70.9 86.2 95.8 88.8 90.7 92.3 86.5 90.9 89.6 87.1 84.1 77.4 74.1 74.2 72.8 66 60.6 56.3 56.3 57.6 59.8 66.2 70.5 72.8 73.8 73 69.8 67.2 63.7 62.2 62.6 66.8 90 109.8 117.7 117.1 112.7 101.6 91.8 88.9 91 93.1 89.7 85.4 85.9 101 110.9 125.8 131.1 115.2 110.4 111.2 153.2 186.5 190.4 194.3 194.7 194.5 195.9 193.3 191.1 186.5 176.9 168.8 174.5 172.4 168.6 164.5 155.5 150.9 145.2 144.4 145.1 144.6 141 140.3
27 43.3 48.7 40 44.5 52.1 57.6 51.4 54.4 62.8 66.2 65.2 76.7 83.1 91.8 84.9 85 85.5 82.3 80.1 85.6 77.8 66.2 66.1 62.6 57.3 58.1 58.6 66 66.1 69.3 72.4 72.7 70.7 68.9 64.8 61.7 60.9 61.3 61.9 62.4 90 117.2 124.5 117.2 108.7 98.7 92.1 84.8 81.9 82.8 83.8 81.3 82.2 85.1 98.1 117.1 124.4 116.3 105.7 100.9 112.7 150 171.8 183.1 191.7 189.8 201.3 203.3 196 193.6 185.2 177.7 163.3 156.9 153.3 149.4 146.1 144.3 141.5 139.8 143.6 143.2 141.3 139.9 138
27.1 38.6 45.3 47.8 53.5 56.8 56.4 53.3 55.9 58.3 55.7 55.8 61 68.5 74.4 82.4 85 83.4 79.6 77.9 75.7 67.3 61.9 58.8 56.2 60.1 64.3 69.1 76.4 67.6 66.1 76.8 73.8 68.8 64.2 60.4 60.6 61.5 62.4 63.3 67.5 90.4 103.7 104 110 105.2 90.8 81.4 78.8 80 79.1 79.5 81.1 83.5 104.7 112.3 99.7 106 100.4 98 96.1 110.5 136.2 165.6 189.9 187.5 190.3 193.7 198.9 191.2 185.6 180.1 170.8 160.5 146.2 141.5 141.2 138.5 136.4 137.3 138.9 140.5 139.8 138.2 137.7 137.4
21.7 34.1 49.7 47.7 49.8 52.5 54.1 53.7 55.7 58.9 53.9 56.9 61.3 60.4 67.3 90.5 88.6 79.8 79.2 75.1 72.8 65.6 58.7 55.7 62.2 63.4 64.1 69.8 67.7 63.3 55.9 64.4 70.4 61.8 56.9 58.7 63.6 67.7 61.8 60.4 78.3 88 85.3 94.1 89.6 83.1 79.9 74.9 76.1 76.8 79.1 79.7 80.3 87.1 112 101.7 92.7 93.2 95.6 95.9 93.6 93.7 117.3 156.3 168.6 166.2 179.5 190.6 173.9 178.4 176 172.5 165.1 159.7 142.7 138 138.3 136.7 136.2 134.8 134.5 135.3 135.5 135.9 137.4 136.1
22.4 39 53.5 51.3 56.5 54.9 53.1 52.9 53.1 53.6 54.1 54.3 54.8 58.4 79 81.9 83.5 78.5 78.3 74.5 66.8 57.6 57.1 55.5 59.4 54.6 52.8 57.1 58.4 54.1 53.1 54.5 54.9 55 56.1 56.2 56.4 56.1 56.6 56.1 74.9 73.1 74.3 73.6 71.6 70.4 73.4 69 73.6 78.2 78.9 75.9 74.8 87.7 90.5 88.8 88.6 90.8 94.1 94.9 94.7 93.1 99.6 136.4 141.2 151.9 169.6 170.5 161.4 171 167.3 160.6 160.4 154 142.9 134.7 134.7 132.2 131 134.5 134.1 133.3 137.5 143 136.2 131.3
25.5 46.7 53.9 55.1 59 58.5 56.7 58.7 61 55.1 53.2 53.1 56.8 65.1 68.8 71.2 76.2 76 67.4 64.7 60.3 56.1 52 53.6 51.1 49.6 56.1 54 50.7 50.9 51.7 54.6 55.1 60.5 58 56.4 56 54.7 52.8 52.8 60.1 65.9 70.5 67.4 62.4 62 63.2 70 74.9 74.2 73.1 71.5 79 88 98.4 91.1 90.4 94.8 91.3 93.1 95.9 94.1 99.7 108.6 120.9 137.6 155 154.6 156.6 160.6 153.6 152.5 143.4 140.3 133.4 133.2 130.6 132.5 130.6 141 141.4 143.1 147.6 144.3 130.8 129.7
22.1 42.3 55.3 64.4 60.9 55.6 59 58.1 62.1 57.6 55.5 54 57.8 64.6 68.5 72.2 73.6 63.8 58.3 55.6 50.4 46.4 44.1 44.3 49.5 53.8 52.1 49.3 50.5 50.5 52.3 58.3 61.7 60.6 57.4 55.1 56.1 57.1 52.8 52.8 67.1 64.7 61.1 59.7 59.3 62.6 65.1 73.7 70.7 72 70.5 71.7 94 97.2 95.1 95.2 102 103.7 100.8 94.3 98.2 97.5 95.5 101.9 117.2 126 132.8 138.2 147.9 147.8 142.5 141 137 128.3 131.2 133.8 136.4 133.4 132.5 136.2 137.1 139.9 139.3 133.8 130.5 141.3
28.6 35.9 44.7 50.7 48.2 53.5 61.5 67.6 65.3 60 57.5 56.3 61.8 62.6 64.6 65.3 61.1 58 55.4 53.5 51.8 52.5 48 42 46.4 46 54.7 52.1 53.6 55.9 59.6 61.1 64 62.8 58.1 58 52.8 52.8 52.8 57.2 69.9 60.3 54.4 56.3 71.4 74.4 73.1 69.6 69.9 77.6 73.4 74.2 99.6 103.1 103.6 106.3 112 108 97.5 96.1 100.2 103.7 95.2 104.9 118.8 121.9 131.5 138.7 140.8 139.5 137 136.1 127.7 128.4 128.6 128.8 134.1 133 135.6 139.3 137.5 141.3 133.7 128.6 130.9 143.4
52.4 44.8 39 39.8 46.9 52 61.7 71.5 67.6 64.5 57.3 56.4 60.3 64.5 72 70.1 58.4 55.7 59.2 54.2 49.5 46.4 45 41.4 42.5 51.7 53.6 59.5 57.9 66.5 66.9 69.3 69.7 63 59.1 54 52.8 57 52.8 52.8 62.8 53.6 58.7 75.3 79.8 83.1 78.3 70.3 69.6 70.7 68.9 71.4 97.5 105.9 107 106 106.6 105.7 97.5 97.3 113.4 108.2 98.1 97.4 118 127.3 129.7 129.7 126.2 124.1 127.4 127.4 131.3 137.4 134.5 130.5 128.6 133.1 137.1 136.2 133.8 128.6 128.6 128.6 143.2 163.5
51.6 45.2 43.5 38.4 41.3 52 56.4 62.9 66.3 61.4 54.2 58.7 60.7 64.2 63 65.1 59.1 55.7 49.6 42.5 39.7 42.5 42.1 41.1 44.3 55.1 60.9 58.6 60 65.8 67.7 65.9 59.9 57.6 55.3 52.8 56.2 55 54.2 52.8 52.8 56.4 61.9 72.6 80.1 78.6 79.4 76.2 70.1 71.8 68.9 68.9 89.8 95.1 101 105.4 105.5 102.4 100.3 113.2 124.3 122.4 110.5 107.1 117.7 130.8 125.9 116.2 121.4 127.9 134.6 139.2 141.7 137.5 143.7 139.2 130.6 128.6 128.7 128.7 129 130.5 141.7 160.7 179.7 187.8
52.4 40.7 38.7 37 46.3 65.3 66.5 59.2 56 49.8 51 70 75.1 71.1 64.4 54.8 53.3 49.8 41.5 39.7 39.7 39.7 42.5 43.6 46.3 61.9 59.4 60.2 59.9 71.7 64.3 59.6 56.4 59.4 59.4 54 63.6 55.3 52.8 52.8 52.8 53.2 66.9 73.2 82.8 78.7 75.4 74.5 79.1 75.2 68.9 68.9 77.2 81.5 89.3 102.8 110.2 114.5 106.5 125.6 134.7 131.9 125.8 115.7 122.6 123.3 116.2 116.2 134.2 137.5 140.2 142.6 137.3 133.4 141.8 139.5 131.3 128.6 128.6 128.6 139 155.8 173 189.7 201.2 201.7
43.1 33.7 31.7 32.8 43.8 62.8 62.8 57.1 51.4 48.1 54.4 68.9 73.8 68.7 60.6 49.9 41.4 39.7 39.7 39.7 47.6 42.9 39.7 42.8 58.8 60 61.1 62.6 66.9 68.4 67.7 58.6 59.3 56.6 59.5 70.9 61.4 52.8 52.8 52.8 56.5 52.8 62.3 75.9 80.8 75.9 71.9 75.6 73.4 68.9 68.9 68.9 77.3 78.3 103.1 118.8 122.3 118.1 115.3 129.6 134.6 141.6 131.1 119.1 117.4 116.2 116.2 138.1 142.9 141.3 134.5 133.4 130.5 134.2 144.2 129.6 128.6 128.6 128.6 128.7 160.1 178.6 192.2 196.1 199.9 198.8
22.1 23.8 36 38.8 41.4 49.3 48.4 48.6 39.7 39.7 39.7 54.7 57.5 54.7 65.2 64.3 47.7 39.7 39.7 39.7 42.3 39.7 47.6 58.7 61.3 61.3 63.3 66.4 69.7 65.9 63.3 65.8 58 51 60.6 58.3 60.9 53.3 63.6 71.1 67.1 56.6 52.8 70.5 83.9 81 71.9 72.3 76.3 68.9 69.8 68.9 75.9 76.4 114.5 132.3 129.1 117.3 115.2 128.1 135.5 142.1 131.2 121.5 119.7 124.4 135 144.3 145.3 139.9 130.5 130.5 133 139.9 140.1 135.6 128.6 129.5 131.9 160.8 170.3 179.4 186.5 188.6 190.2 176.6
31.4 47.8 43.6 49.6 48.3 43.8 47.5 46.7 39.7 39.7 39.7 42.3 41.1 49 64.1 59.8 47.5 39.7 39.7 39.7 39.7 41.9 44.1 50.4 61.4 64.5 60.8 57.2 58 60.5 64.6 68.1 53.8 50.2 54.2 58.1 61.8 66.4 74.7 83.1 76.8 72.5 63.5 76.7 75 74.4 72.5 80.8 83.8 70.2 70.6 68.9 70.1 95.3 123.9 134 128.7 117.8 110.1 121.8 125.2 139.2 139.9 131.8 135.8 134 142.4 141.8 136.3 133.3 132.6 134.8 135.9 142.3 150.8 146.5 146 141.9 156.6 163.1 170 176.3 175.3 175.3 169.7 162.4
40.1 52.4 49.4 51.6 60.4 65 55.3 47.5 44 40.2 39.7 39.7 39.7 39.7 50.3 52.3 39.7 41.2 51 47.2 48.3 57 42.3 45.3 57.8 61.3 62.2 56.2 59.3 67.2 66.8 63.4 50.1 55.8 59.8 61.7 69.8 76.8 79.4 85.5 78.1 78 74.6 78.7 77.2 74.8 72.7 71.9 73.7 72.6 73.2 74 76.4 107.2 117.7 118.2 115.4 105.5 101.8 122.1 140.5 148.2 142.6 130.5 132.6 133.5 133.5 133.1 129.2 126.3 131.5 147.8 151 157.6 156.6 144.7 143.9 162.9 165.2 169.1 170.8 171.4 162.9 155.2 155.4 160
48.6 45.4 52.1 55.6 56.9 55.2 56.6 57.8 51.9 45.5 41.3 41.3 39.7 39.7 39.7 39.7 39.7 39.7 39.7 39.7 39.7 39.7 39.7 40.7 44.3 46.2 45.9 46.9 58.7 59.7 62.2 48.9 57.3 80.1 73.3 74.5 80.7 88.9 90.3 91.3 85 84.7 79.2 88.2 90.8 85.4 82.6 94.1 78.6 73.4 73.5 74.8 76.6 80.3 103.7 107.8 103.1 99 101.2 139.1 148.2 148 141.5 129.7 122.5 119 116.9 116.6 128.8 129.2 129.3 149.6 162.5 157.6 150.6 141.2 144.2 159.7 161.1 161.7 157.5 152.5 146.2 142.6 162.4 150.8
45 35.5 43.5 57.4 58.8 53.5 39 46.8 46.9 35.7 41.6 46.2 48.4 44.9 41.7 42.1 47.9 53.8 51 45.9 39.7 39.7 39.7 39.7 39.7 39.7 39.7 44.1 42.7 53.5 51.1 47.5 76.8 81.9 84.7 88.1 91 94.9 95.5 92.8 93.1 89.7 78.2 75.7 73.7 94.1 100 98.2 87 82.2 77.1 76.8 79.1 96.1 92.8 91.8 98.9 98.9 119.1 139.9 143.7 143.9 139.9 131.5 127.4 122.7 112.7 116.2 116.5 118.4 130.4 151 148 147.7 133.4 140.8 149.3 152.7 144.5 145.8 142.8 134.2 136.6 147.7 144.9 144.6
25.7 25.7 32.9 43.4 53.8 46.8 33 29.1 33.5 48.9 53.6 59.9 58.2 54.5 58.3 60.8 61.7 53.7 48.9 39.7 39.7 39.7 39.7 43.8 48.8 48.4 53.9 49.3 41 40.5 42.9 73.9 87.2 89 90 85.5 90.2 93.5 89.6 88.1 90.2 83.6 79.6 73.6 78 86.4 98.2 93.3 85.1 84.4 85 91.4 89.9 100.3 102 106.4 105.5 113 120.2 129.9 132.9 144.1 142.4 132 125.9 110.2 111.6 118.9 117.8 118 126.2 134.3 131.6 130.8 124.4 135.8 146.3 139.6 124.8 124.2 119.9 120.5 140.5 145.3 144.6 144.6
16.6 31 40.5 45.4 41.6 37.1 32.2 26.7 26 43.9 47.8 69.7 80.3 85 91.2 86.7 78 61.9 49.7 39.7 39.7 44.3 52.2 50.5 54.1 55.2 51 53.6 40.5 43.3 86.4 95.1 93.9 96.4 87.6 81.4 88.8 81.4 78.9 79 84.6 81.7 77.5 73.6 78 85.5 100.4 96.4 87.6 91.7 86.1 115.8 118.2 117.5 121.1 116.4 120 118.1 113.4 113.7 121.7 135.1 133 123.1 114.7 104 117.6 124.3 119 116.1 115.1 115.4 112.8 110.4 122.1 127.6 120 114 112.3 110.1 120.6 134.5 153.1 161.4 164.2 171.8
19.9 33.2 42.9 54.9 59.5 49.4 38.6 32.9 26.8 24.5 41 72 78.8 86.7 90.1 97.1 91.2 74.9 64.2 54.3 51.9 49.4 53.8 50.1 45.7 41.7 40.5 40.5 52.2 60.4 85.6 93.9 93.7 83.8 77.2 86.1 85.8 83.5 73.5 77.5 75.5 76.5 73.6 75.2 87.5 109.7 116.1 101.3 96.4 87.7 86 111.2 117.5 110.9 113.5 122.5 126.6 130.1 126.9 116.3 114.2 113.4 118.9 114.6 100.9 104 115.3 117.3 117.7 112.7 110.9 109.9 102.6 106.5 106.7 105.3 109.3 109 109.1 112.9 128.6 146.7 167.1 173 169.8 170.2
22.1 46 45 41.7 48.7 54.6 38.9 26.3 19 25.3 52.9 67.7 73 79.5 87 88.7 75.5 69.2 58.9 53.5 49.6 53.1 60.6 58.6 50.3 47 40.5 40.5 51 61.9 80 91.4 87.9 81.1 73.5 78.9 72.6 72.6 87 90.6 95.5 98.5 99.1 86.8 97.9 109 105.2 93.6 88.6 80.7 93.7 102.1 107.2 115.4 111.7 114.8 118.6 122.8 125.3 123.9 118.8 112.1 111.1 106 100 99.3 103.1 103.4 113.4 108.6 110.7 104.8 100.9 94.7 101.9 109 107.7 111.5 127.9 139.4 148.4 152.2 160.7 168 169.7 168
13.7 28.9 31.5 44.1 52.3 52.1 43.4 32.6 16.2 14.6 33.7 52.7 70.2 66.7 68.4 70.7 53.9 43.1 60.6 68.2 60.3 51.7 47.9 51.7 52.6 40.8 43.3 59.7 61.6 69.7 81.5 87.2 85.9 76.3 72.6 72.6 83.5 88.4 92.1 104.5 107.8 110.5 112.3 102.6 108.4 109.3 99.3 94.5 80.7 80.7 96.3 103 110.4 112 111 115.8 115.5 111.5 116.2 113.7 106.5 104.8 104.9 103.2 103.8 103.5 101.5 95.6 90.9 98.7 103.3 99.9 88 88 101.5 115.8 121.5 137.5 152.7 161.3 156.7 147.6 147.9 151.5 141.6 139.4
16.1 38.4 35.9 40.1 43.3 43 32.1 27 28.1 5.4 17.3 49.3 50.6 51.2 41.7 31.5 22 25.7 47.8 54.4 61.6 70.2 59.4 40 38.3 47.4 55.2 65.6 60.9 67.6 82.6 77.3 73 72.6 72.6 72.6 97.3 97.5 90.4 107 104.3 106.3 109 104.6 102.8 101 91.1 84.1 80.7 89.6 101.2 103.2 113.1 112.3 108.6 112.2 110 103.4 97.8 93.7 88.7 87.2 105.7 114.4 111.7 105.4 98.2 95.1 87.3 87.1 92.1 88 88 88 93.6 122 129.4 134.6 147 154.2 150.3 138.1 138.3 140.2 143.4 150.5
32.7 37.2 41.9 42.4 32.8 26.7 2.3 15.8 10.2 -1.9 19.5 27 36.6 31.9 21.5 11.5 7.6 11.4 36.1 52.3 58.1 68.5 55.3 40.7 57.2 43.8 42 53.6 56.2 53.7 70 77.3 81.7 82.6 82.9 95.7 94.1 90.4 79.9 96.8 98.1 100.3 103.8 99 98.4 95.1 88.5 82.5 80.7 96.5 103.2 105.7 114 109.6 105 109.8 105.9 95.4 87.7 79.2 78.2 89.6 105.1 102.9 96.4 93.8 84.3 76.4 86.2 98.1 105.6 88 88 88 88 113.5 126.7 127.5 131.8 128.1 126.5 142.9 154.9 153.7 146.4 134.7
26.4 24.1 31 29.9 19.3 -1.9 -1.9 -1.9 -1.9 -1.9 -1.9 10.1 11.3 5.9 1.5 2 2.3 10.5 17.4 31.2 36.1 36.6 28.4 44 54.8 55.6 51.9 40.2 43 47.3 75.6 87.5 97.5 99.9 95.3 89.9 85.9 75.5 82.7 87.1 88.1 96.3 98.4 102.2 97.4 90.3 81.1 83.1 80.7 99.7 103.6 109.7 116.5 109.3 100.3 94.1 90.1 79.3 77.7 74.8 80.8 87.6 85.8 80.7 71.1 66.8 67.6 78.8 86.3 94.2 112.6 111.8 101.6 93.1 92.4 100.2 115.5 123.4 137.2 129.9 125.1 131.4 141.4 139.8 131.8 131.8
