app/static/ascii/NC03.asc
ncols 200
nrows 200
xllcorner 200000
yllcorner 930000
cellsize 50
[rows 114 to 151 of 200, columns 0 to 83 of 200]
-1.9 -1.9 -1.9 -1.9 -1.9 -1.9 -1.9 -1.9 -1.9 -1.9 -1.9 -1.9 -1.9 -1.9 -1.9 -1.9 -1.9 -1.9 29.8 79.5 90.6 98.5 106.4 116 119.8 120.2 121.2 122.3 122.3 122.7 118.9 118 120.3 123.9 123.7 117.2 114.5 112.9 109.8 104.2 100.2 98.3 97.4 96.6 96.7 96.4 78.4 11.7 1.1 -1.9 -1.9 -1.9 -1.9 -1.9 -1.9 -1.9 -1.9 -1.9 -1.9 -1.9 -1.9 -1.9 -1.9 -1.9 -1.9 -1.9 -1.9 -1.9 -1.9 -1.9 -1.9 -1.9 -1.9 -1.9 -1.9 -1.9 -1.9 -1.9 -1.9 -1.9 -1.9 -1.9 -1.9 -1.9
-1.9 -1.9 -1.9 -1.9 -1.9 -1.9 -1.9 -1.9 -1.9 -1.9 -1.9 -1.9 -1.9 -1.9 -1.9 9.5 30.2 6.2 72.1 82.1 96.1 108.7 115.9 119.4 122.1 122.9 124.2 125.1 125.6 122 115.9 114.6 117.6 122 116.9 112.8 111.8 111.3 110 107.3 100.2 98.5 98.2 97.9 96.8 94.6 90.5 69.1 2.3 0.2 -1.9 -1.9 -1.9 -0.9 -1.9 -1.9 -1.9 1 5 30.6 -1.9 -1.9 -1.9 -1.9 -1.9 -1.9 -1.9 -1.9 -1.9 -1.9 -1.9 -1.9 -1.9 -1.9 -1.9 -1.9 -1.9 -1.9 -1.9 -1.9 -1.9 -1.9 -1.9 -1.9
-1.9 -1.9 -1.9 -1.9 -1.9 -1.9 -1.9 -1.9 -1.9 -1.9 -1.9 -1.9 -1.9 -1.9 -1.9 7.5 38.6 59.6 71.8 87.8 101.9 112.5 117.2 122.4 123.7 124.2 127.7 130 129.4 122.2 113.8 113 112.5 113.7 113.4 112 111.7 111.3 110.4 109.3 101 98.6 97.3 95.6 94.4 91.5 85.8 69.4 16.1 1 -0.5 -0.3 0.4 1.3 1.6 2.1 3.5 19 62.5 71 53 15.6 48.1 9.6 -1.9 -1.9 -1.9 -1.9 -1.9 -1.9 -1.9 -1.9 -1.9 -1.9 -1.9 -1.9 -1.9 -1.9 -1.9 -1.9 -1.9 -1.9 -1.9 -1.9
-1.9 -1.9 -1.9 -1.9 -1.9 -1.9 -1.9 -1.9 -1.9 -1.9 -1.9 -1.9 -1.9 -1.9 -1.9 11.8 42.5 59 70.6 85.6 100.4 111.3 116.7 122.8 126.1 126.4 131.5 132.3 130.6 122.9 114.5 112.5 111.6 111.5 111.5 111.5 111.7 111.5 112.8 110.5 103.3 99.8 97.6 94.2 90.4 85.6 80.2 70.1 25.6 2.3 1.6 1.6 3.4 17.6 43.5 40.9 69.2 68 71.1 73.7 75.1 76.8 69.6 52.7 27.8 -1.9 -1.9 -1.9 -1.9 -1.9 -1.9 -1.9 -1.9 -1.9 -1.9 -1.9 -1.9 -1.9 -1.9 -1.9 -1.9 -1.9 -1.9 0.7
-1.9 -1.9 -1.9 -1.9 -1.9 -1.9 -1.9 -1.9 -1.9 -1.9 -1.9 -1.9 -1.9 -1.9 -1.9 4.4 44.3 63 72.5 84.8 96.8 106 113.5 120.9 125.8 125 131.5 132.5 130.5 121.8 114 112.1 111.5 111.3 111.5 111.7 113.8 116.3 116.9 113.5 106.3 101 98.6 93.2 86.2 80.5 77.7 67.9 66.9 61.1 48.7 57.8 59.8 65.5 69.8 72.7 71.4 70.9 74.1 75.6 75.2 75.4 70.1 62.7 58.9 2.1 -1.9 -1.9 -1.9 -1.9 -1.9 -1.9 2.3 2.2 -1.9 -1.9 -1.9 -1.9 -1.9 -1.9 -1.9 -1.9 2.8 2.3
-1.9 -1.9 -1.9 -1.9 -1.9 -1.9 -1.9 -1.9 -1.9 -1.9 -1.9 -1.9 -1.9 -1.9 -1.9 5.8 49.2 64.7 73.1 85.7 97.9 106.6 109.5 113.2 116.5 126.5 130.3 132.2 129.3 119.7 114 111.9 111.3 111.2 112.1 114.6 115.1 116.5 116.5 113.1 106.9 100.1 93.7 87.8 83 77.6 75.5 75 76.7 76.3 74.7 72.1 66.2 63.6 66.2 69.1 69.7 69.9 74.1 75.7 74.4 71.5 67.2 62.4 58.9 51.4 10.7 1.6 -1.9 -1.9 -1.9 -1.9 5.4 6.2 -1.9 -1.9 -1.9 -1.9 -1.9 -1.9 -1.9 0.5 3.4 9.7
-1.9 -1.9 -1.9 -1.9 -1.9 -1.9 -1.9 -1.9 -1.9 -1.9 -1.9 -1.9 -1.9 -1.9 -1.9 5 35.6 63.3 73.2 86.3 98.3 105.3 107.9 112.2 119.3 125.2 129.9 131.2 129.6 118.3 115.1 112.1 111.1 108.6 109.9 112.6 111 110.3 110.8 107.5 103.5 95.1 87.4 81.1 77 75.1 72.2 75.2 75.7 74.6 74.8 71.4 64.3 61.6 62.6 65.1 65.8 68.7 70.8 74.5 73.3 69 63.4 59.1 55.5 48.2 43 30.3 8.7 -1.9 -1.9 15.5 15 25.1 21.4 19.5 -1.9 -1.9 -1.9 -1.9 -1.9 5.2 11.5 9.2
-1.9 -1.9 -1.9 -1.9 -1.9 -1.9 -1.9 -1.9 -1.9 -1.9 -1.9 -1.9 -1.9 -1.9 -1.9 -0.9 12 57.6 74 85.8 96.8 100.5 106.9 111.6 119.3 126.2 127.6 126.2 122.3 116.8 114.9 112.3 109.3 106.8 104.6 104.7 103.9 101.1 99.3 97.3 92.6 85.6 78.6 75.4 73.2 71 71.7 74.4 74.1 72 70.9 67.9 61.5 59.4 59.1 59.4 62.4 64.6 67.8 69.1 66.2 64.1 61.1 57.9 53.9 47.9 43.9 41.4 38.5 31.4 28.3 25.7 24.3 28.1 30.4 31.8 30.8 29.4 25.7 19.4 18.8 17.2 15.9 15.2
-1.9 -1.9 -1.9 -1.9 -1.9 -1.9 -1.9 -1.9 -1.9 -1.9 -1.9 -1.9 -1.9 -1.9 -1.9 -1.9 1.8 28.9 69 83.1 93 102.5 107.2 111.1 116.1 121.9 124.5 123.3 119.7 114.1 113.4 113.3 110.8 108.3 102.1 98 97.3 93.8 92.3 89.8 85.1 78.3 73.9 71.9 69.8 68.8 69.5 70.7 69.9 67.7 65.4 63 59 57.3 55.3 55.5 57.5 60.1 61.8 61.9 61.5 59.3 59.1 58.3 55.3 48.6 44.6 40.6 37.5 33.6 34.1 32.9 30.7 35.9 36 34.9 34.7 29.9 25.8 21.1 17.8 15.2 12 -1.9
-1.9 -1.9 -1.9 -1.9 -1.9 -1.9 -1.9 -1.9 -1.9 -1.9 -1.9 -1.9 -1.9 -1.9 -1.9 -1.9 0.7 29.8 71.6 85.8 94.4 104 109.1 113.9 118.4 117.1 118.5 115.7 111 109.7 110.1 108.7 108.5 105.6 99.4 90.3 88.6 86.1 85.6 83.2 79.1 75.2 72.2 69.7 68.3 66.5 67.2 67.8 66.6 65 63 59.7 57 55.4 54.5 54.3 54.1 55.3 57.8 60.3 58.1 56.6 59.9 61.7 58.2 50.9 44 40.1 37.4 34.6 35.4 37.3 41.4 41.1 39 33.7 30.3 26.7 22 18.7 15.6 9 0.8 -1.9
-1.9 -1.9 -1.9 -1.9 -1.9 -1.9 -1.9 -1.9 -1.9 -1.9 -1.9 -1.9 -1.9 -1.9 -1.9 -1.9 4.2 48 77.7 88.8 93.7 99 106.1 112.7 115.8 118.3 112.6 107.6 101.3 100.7 101.8 101.9 100 98.4 91.4 87.5 85.9 84.9 83.3 81.4 79.5 75.9 71.3 67.9 65.9 64.8 65 65.6 64.8 63.6 61.9 59 56.3 54.8 53.8 53.6 54.1 53.7 54.5 57.2 56.8 55.2 59.8 58.8 55.1 47.9 43.7 40.5 37.7 35.3 36.5 40.7 44 41.6 38.5 30.8 26.2 21.2 18.7 15.7 12.2 4.1 1.7 -1.9
-1.9 -1.9 -1.9 -1.9 -1.9 -1.9 -1.9 -1.9 -1.9 -1.9 -1.9 -1.9 -1.9 -1.9 -1.9 -1.9 55.7 71.1 78.2 85.1 89.6 94 99.3 105 105.8 108.8 100.7 97.5 93.2 92.6 94.1 95 95.5 91.2 88.6 86.2 85.3 84.3 84.5 82.4 79.7 76.3 71 65.8 63.7 62.8 63.4 62.5 61.6 60.4 59.1 57.6 56.8 55.5 53.4 53.6 54.8 54.8 56.1 56.1 54.9 53.2 55.1 53.9 51.5 46.6 43.6 40.8 36.4 36.9 39.2 43.2 39.2 34.2 28.3 23.5 20.2 17 14 11 9.9 2.2 -1.9 -1.9
-1.9 -1.9 -1.9 -1.9 -1.9 -1.9 -1.9 -1.9 -1.9 -1.9 -1.9 -1.9 -1.9 -1.9 -1.9 27.1 62.3 73 75.5 78.6 82.8 91.2 97.1 93.3 95.1 92.7 91 90.9 90.9 90.9 91.3 91.4 90.1 88.4 87.4 86.4 85.4 84.5 83.3 82.1 78.6 73.2 67.6 63.4 61.4 60.9 60.1 59.4 58.5 58.5 58.4 57.7 56.6 55.4 54.1 52.6 54.8 54.4 55.3 53.7 52.6 51.7 51.6 52.4 48.9 44.9 39.7 37 36.1 35.4 38.1 37 32.4 27.2 22.8 19.4 16.3 13.5 11 9.5 6.2 0.4 -1.9 -1.9
-1.9 -1.9 -1.9 -1.9 -1.9 -1.9 -1.9 -1.9 -1.9 -1.9 -1.9 -1.9 -1.9 -1.9 2 29.6 64.1 73.4 73.3 75.2 77.9 83.5 90.4 88 94.5 97.3 96.5 94.3 94.7 93 91 90.4 90.4 88.8 88.3 86.4 85.5 84.5 83.3 82.1 76.7 70.4 65.5 61 58.7 58.6 57.6 57.6 58 58.5 58.6 57.8 58 55.9 53.3 52.1 51.6 52.9 52.4 52.3 51.3 50.6 49.9 49.4 47.5 41.2 37.5 36.5 35.4 34.7 34 32.3 28.9 25.4 21.4 17.5 14.3 12 10.4 8.7 3.9 0.4 -1.9 -1.9
-1.9 -1.9 -1.9 -1.9 -1.9 -1.9 -1.9 -1.9 -1.9 -1.9 -1.9 -1.9 -1.9 -1.9 -1.9 28.1 61.8 71.2 71.1 69.7 68.7 74.6 86.8 90.7 90.5 96.6 99.4 101.8 98.6 95.1 92.6 91.4 90.4 89.8 88.1 87.1 86.3 85.4 84.3 80.9 72.8 67.5 62.3 57.7 56.4 56.6 56.7 57.1 57.5 58.5 57.9 58.4 59.7 57.7 53 52.5 52.8 52.3 52.4 52.3 51.7 50.2 50.4 50.5 46.2 39.7 36.8 35.8 34.8 34.4 32.9 31.6 26.9 22 18.4 14.6 12.4 11.1 9.7 8.7 2 0.2 -1.9 -1.9
-1.9 -1.9 -1.9 -1.9 -1.9 -1.9 -1.9 -1.9 -1.9 -1.9 -1.9 -1.9 -1.9 -1.9 1.7 33.3 57.5 64.4 54.9 66.1 72.6 81 84.2 86.6 93.5 100.1 106.8 104.8 103.8 100.6 98.5 96.6 92.5 92.3 91.1 89.5 88.3 89 84.8 79.5 71.1 65.1 60.8 55.8 54.8 54.8 55.5 56.5 57.4 60.6 60 60.2 59.2 57.3 53.6 53.5 53.8 52.2 52.5 52.4 51.8 51.9 51 49.9 44.7 38.3 36.9 36.1 35.3 33.7 32.3 29 24.1 19 15.2 12.7 12 10.7 9.3 8.8 1.7 0.2 -1.9 -1.9
-1.9 -1.9 -1.9 -1.9 -1.9 -1.9 -1.9 -1.9 -1.9 -1.9 -1.9 -1.9 -1.9 -1.9 -1.9 1.7 34.8 61.8 68.6 69.2 76.7 86.4 85.8 88.7 90.4 93.8 101.4 106.1 105.9 105 101.3 100.5 100.1 97 94.8 91.9 89.9 89.2 85.3 79.9 74 66.9 58.1 54.8 54.8 54.8 54.8 55.8 57.3 59.9 61.5 62.5 60.7 60.4 59.4 58.6 57.1 55 55.7 54.7 52.5 52.2 50.2 48.4 43.4 38.3 36.4 35.2 34.1 33.1 31 26 20.5 16 12.8 11.7 10.9 10.7 9.4 5.4 1.4 0 -1.9 -1.9
-1.9 -1.9 -1.9 -1.9 -1.9 -1.9 -1.9 -1.9 -1.9 -1.9 -1.9 -1.9 -1.9 -1.9 -1.9 1.4 36.8 69.8 72.9 71.9 74.9 87 90.3 90 90.7 90.4 95.1 100.3 105.7 109.6 115.1 107.5 104.9 101.3 97.9 93.9 90.6 88.9 86.7 82.6 78.6 70.5 61.2 54.8 54.8 54.8 54.8 54.8 55.4 58.8 61.4 63.9 64.2 64.5 65.2 65.3 66.2 62.2 58.2 56.6 55.3 54.6 51 47.5 45.5 39.1 36 34.6 33.2 32 29.2 23.6 17.9 13.2 11.6 10.5 9.9 10.1 9.4 2.2 0.9 -0.4 -1.9 -1.9
-1.9 -1.9 -1.9 -1.9 -1.9 -1.9 -1.9 -1.9 -1.9 -1.9 -1.9 -1.9 -1.9 -1.9 -1.9 18 69.5 72.5 73.6 74.5 83.2 87.3 91.9 90.6 91.5 91 93.4 95.6 100.1 109.4 119.3 117 107.2 102.6 99.5 96 92.5 90.9 89 85.9 80.4 73.6 63.6 55.6 54.8 54.8 54.8 54.8 54.8 57.3 62.4 65.7 66.3 67.4 70 71.1 70.8 66.8 63.1 58.5 57.3 56 52.4 47.7 46.8 41 36 34.5 32.8 30 26.3 21 15.8 12.8 11 9.4 8.8 8.5 7.2 1.8 0.4 -0.9 -1.9 -1.9
-1.9 -1.9 -1.9 -1.9 -1.9 -1.9 -1.9 -1.9 -1.9 -1.9 -1.9 -1.9 0.9 -1.9 18.9 68.3 73.1 73.6 74.7 78.5 84.2 91.4 90.1 90.5 92.9 93.2 93.3 94.2 97.1 103.6 108.3 112.2 106.7 105.2 101.5 99.6 95.6 93.3 90.5 86.7 81.6 75.8 66.8 60.3 54.8 54.8 54.8 54.8 54.8 56.2 59.8 63.2 66 68.2 71 75.1 73.2 70.6 67.8 62.3 60.5 57.6 54.3 48.7 47.1 42.5 38.6 35.7 32.5 28.3 23.8 19.3 15.9 13.8 10.6 9 8.1 7 6.1 1.4 -0.1 -1.9 -1.9 -1.9
-1.9 -1.9 -1.9 -1.9 -1.9 -1.9 -1.9 -1.9 -1.9 -1.9 -1.9 -1.9 -1.9 14.6 66.3 73.6 75.4 76.4 76.1 81.8 87.3 91.6 89.8 91.3 94.9 96 94.1 93.5 94.3 98.3 102.1 105.5 107.2 107.9 103.1 99.8 96.6 94.5 90.7 86.8 83.3 77.6 71.3 64.1 55 54.8 54.8 54.8 54.8 56.2 59 62.8 65.4 67.3 72 75 73.4 73.6 69.3 67.5 65.5 62.2 58.7 52.6 47.8 45.4 38.6 34 29.8 25.8 21.5 18.1 15.1 12.7 11.1 9.1 7 -1.1 1.6 -0.1 -1.9 -1.9 -1.9 -1.9
-1.9 -1.9 -1.9 -1.9 -1.9 -1.9 -1.9 -1.9 -1.9 -1.9 -1.9 -1.9 2.3 43 70.5 73.6 76.5 79.5 77.6 82.2 86.6 90.5 89.4 90.4 95.4 94.7 92.4 91.5 92.4 94.4 98.7 103.5 107.6 108.2 103.1 99.1 95.8 93.4 89.8 84.8 83.4 81.5 76.7 69.7 60.7 54.8 54.8 54.8 54.8 53.9 57 59.4 61.6 65.5 71.8 70.3 71 72.4 67.6 67.3 66.6 64 59.4 55.2 50 42.4 35.9 31.7 28 24.1 20.3 17.1 14.4 12.1 10.9 7.2 4.4 0.1 -0.8 -1.9 -1.9 -1.9 -1.9 -1.9
-1.9 -1.9 -1.9 -1.9 -1.9 -1.9 -1.9 -1.9 -1.9 -1.9 -1.9 2.8 52.9 73.6 72.5 74.7 77.2 78.7 79.2 84.2 86.3 88.2 88.9 88.4 90.6 90.5 87.9 89.2 91.1 95.2 99.6 103.5 108.7 112.2 107.8 98.7 94.2 92.1 87.5 83.2 81.7 80.1 75.5 70.7 65.4 54.8 54.8 54.8 54.8 54.8 56.2 57.8 60.3 63 65.2 66.4 67.9 67.1 65.7 66.1 66.5 62.7 59.7 53.6 46.8 41.3 35.2 31.7 28.7 24.2 19.4 16.9 15 13.5 14.8 9.8 3.4 1.1 -0.2 -1.9 -1.9 -1.9 -1.9 -1.9
-1.9 -1.9 -1.9 -1.9 -1.9 -1.9 -1.9 -1.9 -1.9 -1.9 -1.9 3.1 60.4 72.9 72.2 73.9 77.2 81 81.9 83.9 86.5 87.1 87.6 87.3 83.4 82.5 80.7 81.8 87.2 95.6 99 102.6 104.6 109.5 106.5 94.6 90.1 87.7 83.5 81.3 80.4 78.4 75.6 72.2 67.6 59.5 54.8 54.8 54.8 54.8 54.8 55.3 58.2 61.4 62.9 64.6 67.7 66.2 63.9 63.1 62.5 60.5 57.4 51.2 46.6 41.5 35.2 32 29.2 24.6 20 17.1 15.6 14.4 14.4 12.8 6.2 1.4 0 -1.9 -1.9 -1.9 -1.9 -1.9
-1.9 -1.9 -1.9 -1.9 -1.9 -1.9 2 -1.9 -1.9 -1.9 -1.9 11.9 69.5 70.5 72.4 73.7 76 80.1 81.6 84.5 87.6 85.9 85.4 84 79.8 77.3 76.6 77.7 82.7 90.3 94.9 97.7 101.6 105.9 97.9 90.9 86.5 84.5 83.2 81.9 81.4 81.8 78.3 73.7 70.2 63.9 54.8 54.8 54.8 54.8 54.8 54.8 56.7 59.7 59.6 61 64.6 63 62.1 61.7 61.9 62.2 58.1 49.9 49.8 42.3 34.7 31.5 27.8 23.1 19.7 17.6 16.6 17.2 15.9 15.5 12.4 2.3 1.7 1.3 1.7 2.1 3.8 3.9
-1.9 -1.9 -1.9 -1.9 -1.9 1.9 2.3 47 1.6 0.8 4.3 54.1 65.5 69.2 71.8 74.1 77.6 79.8 81.3 84.1 85.7 84.2 84.1 80.9 78.4 76.3 76.4 76.7 78.4 83.6 88.5 91.6 97.3 98 89.5 84.5 82.3 83.3 81.7 80.9 81.4 81.8 76.1 73.5 71.1 64.9 54.8 54.8 54.8 54.8 54.8 54.8 56.2 57.6 57.2 58.6 61.7 62.3 62.4 61.9 62.8 63.9 60.6 54.7 53.5 45.5 39.8 36.7 31.7 25.1 20.1 18 17.3 17.3 18.7 21.5 25.4 24.3 11.3 10.4 13.9 16.4 18.4 16.2
-1.9 -1.9 -1.9 -1.9 -1.9 4 39.7 51.5 36.8 10 42.4 56 62.1 67 71.3 76.6 81.5 79.3 79 83.2 84.5 83.3 83.6 79.4 77.6 76 76.3 76.5 77.9 79.5 82.8 83.9 85.4 84.3 81.4 79.3 79.1 80.7 81.1 80 79.5 77 74.6 72.9 69.1 64.5 57.5 54.8 54.8 54.8 54.8 54.8 54.8 54.8 56.3 58.5 59.7 60.1 61.9 65.2 65.4 67.2 64.2 60.4 55.4 50.6 44.6 40.5 36.9 29.6 24.4 18.9 16.8 16.6 16.5 15.2 14.8 15.2 13.5 14.8 20.6 22.6 23.3 17.3
-1.9 -1.9 -1.9 -1.9 -1.9 1.6 37.9 48.8 33.9 30.3 46.7 54.5 60.7 65.6 69.2 77.7 77.7 74.4 75.6 79 81.3 82.3 80.5 77.7 73.4 72.5 72.2 75.1 76.9 77.8 77.6 76.8 77.7 77 76.6 75.9 76.8 80.3 80.5 78.5 77.5 76 74.9 70.9 71.2 65.1 58.3 54.8 54.8 54.8 54.8 54.8 54.8 54.8 54.8 57.1 58.6 59.8 63.2 66.3 67 67.6 65.5 63.2 59.1 55.1 49.3 44.2 40.4 33.3 25.4 19.7 17.5 16 14.8 14 13.4 13.4 12.3 15.9 20.9 25.4 26.6 20.3
-1.9 -1.9 -1.9 -1.9 -1.9 -1.9 28.5 48 33 32.8 47.1 53.4 59.8 64.6 69.5 75 72.2 72.3 73.5 75.5 75.9 77 77 72.4 70.9 70.3 69.9 70.4 67.9 66.9 67.6 69.3 71.3 72 72.4 73.3 76.1 78.9 79.7 77.6 75.2 73.5 71.6 68.3 64.5 60.7 57.4 54.8 54.8 54.8 54.8 54.8 54.8 54.8 54.8 57.1 57.3 60.1 63.5 68.1 69.3 68.6 66.4 64.5 62.9 58.2 56.9 52 47.9 41.2 34.4 25.4 18.2 16.8 16 15.2 14.4 14.1 15.3 16.9 23.2 27.8 24.3 19.3
-1.9 -1.9 -1.9 -1.9 -1.9 -1.9 -1.9 35.5 31.5 34.1 45 51.3 57.6 61.7 68.3 68.9 67.2 68.4 70.4 71.5 73.2 75.3 73.6 71.2 70 68.9 68.1 68 66.6 63.6 64.1 65.3 66.7 69.2 69.7 70.9 73.3 77.3 77.8 76.4 74.7 71.9 68.8 65.5 61.5 58.9 56.3 54.8 54.8 54.8 54.8 54.8 54.8 54.8 54.8 54.7 57.2 60.6 63.9 68.7 69.3 68 67.7 66.9 64.6 61.5 59 56.9 53.2 48 41.4 30.1 19.8 18.7 18.9 19.2 16.7 16 18 20.1 20.8 20.1 19.4 20.6
-1.9 -1.9 -1.9 -1.9 -1.9 -1.9 -1.9 19.3 30 35.7 41.8 48.4 54.5 58.5 62.4 63.6 64.2 66.2 69.2 69.8 72.4 72.9 71.7 70.7 68.9 67.8 65.9 63.8 62.3 62.5 63.7 61.8 63.7 66.5 67.8 68.5 70.6 72.8 73.8 74.1 74.6 72 68.8 64.1 60.5 58.5 54.8 54.8 54.8 54.8 54.8 54.8 54.8 54.8 54.8 54.8 57.3 60.6 62.7 65.7 67.9 70.1 71.2 70.6 68.8 64.7 62.1 58.9 57.6 52.5 43.9 33.8 25 24.4 23.7 21.3 18 18.1 21.6 25.1 21.2 19.9 20 26.2
-1.9 -1.9 -1.9 -1.9 -1.9 -1.9 -1.9 2.2 26.4 36 41.4 44.6 50.2 54.4 59.2 61.5 63 65.6 68.5 69.7 71.4 72.2 71.6 70.2 68.1 65.7 64.5 64.2 61.8 60.5 59.6 59.3 60.1 62.7 64.8 66.4 67.7 68.7 70.7 74 73.6 72.3 68.2 62.3 58.8 56.5 54.8 54.8 54.8 54.8 54.8 54.8 54.8 54.8 54.8 54.7 57.3 58.9 62.3 66.9 69.5 73.1 74.4 73.3 69.4 61.8 61.4 61.6 59.2 56.8 49.4 41.7 36 29.7 24 21.7 21.3 22 21.8 22.7 21.2 23.2 28.2 35.6
-1.9 -1.9 -1.9 -1.9 -1.9 -1.9 4.4 4.4 27.2 34.3 44 45.9 49.5 54 56.4 60.1 63.8 67.9 70.3 72.6 72.7 72.7 72.6 70.8 67.6 64.8 63 61.9 59.4 58.1 57 56.6 57.1 59.1 61.4 62.8 65.8 68.1 69.2 70.9 71 69.9 66.7 58.6 57.3 55.2 54.8 54.8 54.8 54.8 54.8 54.8 54.8 54.8 54.8 54.8 56.7 58.7 62.9 67.2 70.1 73.3 75 74.4 70.3 64.7 64.6 62.9 57.1 57.8 52.7 48 40.8 32.7 25.9 24.6 25.2 22.9 22.3 21.6 21.5 25 36.6 41.2
-1.9 -1.9 -1.9 -1.9 -1.9 -1.9 20.2 26.2 29.1 31.8 41.3 46.3 48.3 52.8 56.7 62.4 64.9 69.6 73 76.3 75.9 74.2 73.5 70.4 67.4 65.4 62.5 60.6 58.3 56.8 54.7 54.2 54.3 56.2 57.1 60.1 62.8 65.3 66.9 67.8 68 66.9 62.1 55.3 54.6 54.8 54.8 54.8 54.8 54.8 54.8 54.8 54.8 54.8 54.8 53.9 56.6 58.7 62.3 66.5 70.2 74.5 77.7 79 75.1 71.2 69 67 59.4 54.5 51.1 47.1 39.7 34 27.2 25.2 25.1 23.8 23 22.6 23 34.8 38.9 43.8
-1.9 -1.9 -1.9 -1.9 -1.9 8.7 24.5 26 29.8 30.8 36.6 42.3 46.1 52.1 57.6 61.5 65.9 72.4 74.3 74.6 77.9 75.7 73 69.5 66.1 64.7 61.3 58 56.1 55.1 52.8 52.3 51.8 52.6 53.9 55.5 58.1 61.1 63.3 61.5 63.1 62.5 57 53 56.7 54.8 54.8 54.8 54.8 54.8 54.8 54.8 54.8 54.8 54.8 54.8 56.4 60.3 63.8 66.7 70.9 74.2 76 76.8 75.7 73.3 70.3 65.4 58.4 54.1 50.2 44 39.4 37.1 31.3 27.8 26.6 26.8 25.4 26.7 30.9 37.5 43.7 48.4
-1.9 -1.9 -1.9 -1.9 -1.9 6.7 23 20.2 26.3 28.2 34.2 38 40.5 49.5 57.1 64.3 67.9 70.4 71.5 74.3 76.4 74.8 71.2 65.5 62.7 62 58.8 55.8 54.9 52.8 50.8 50.3 49.8 50.5 51.9 52.6 53.8 56.5 58.2 59.4 59.6 57.8 50.9 55.6 56.1 54.8 55.3 54.8 54.8 54.8 54.8 55.2 55.4 56.4 57.4 56.7 59.3 61.7 64.7 68.7 72.2 74.7 76.5 77.1 77.3 76.4 70.4 64.9 60.1 55.6 49.8 44.5 41.4 39.7 41.5 34.5 29.8 35.2 42.4 40.6 38.7 45.8 49.6 50.9
-1.9 -1.9 -1.9 -1.9 -1.9 6.9 2.7 1.8 14 24.6 26.7 32.4 34.8 44.8 54.1 59.7 61.7 64.5 66.3 70.2 73.1 70.7 65.7 59.4 59.3 56.9 53.6 52.3 51.8 49.3 48.4 48 48 49.5 50.4 50.7 51.6 53.4 54.7 56.1 54.7 49.8 53.3 57.1 56.5 58.7 56.5 54.8 54.8 55.3 56.8 57.5 58.4 59 59.1 59.5 61.3 63 66.8 71.9 75 78.6 79.5 81 81.7 80.7 72 63.8 60.6 56.5 56.4 48.6 46.9 42.6 44.6 39.2 37.1 38.8 42.6 46.9 49.6 46.8 49.5 58.5
-1.9 -1.9 -1.9 -1.9 -1.9 -1.9 -1.9 -1.9 2.5 20.1 20.6 22.7 24.5 32.2 43 53.5 58.3 59.4 55.1 58.4 60.1 57.7 55.2 48.5 51.2 49.3 47.5 48.5 48 45.8 46.1 45.7 47.5 49 49.8 50.7 50.5 50.9 52.1 52.5 49.8 47.6 52.9 57.5 59.3 57.5 57 56.9 59.4 62.5 62.4 60.5 60.3 61 61.4 63.1 65.5 68.6 73.7 76.3 79.5 82.7 83.7 86.7 87 83.9 71.3 63.4 59.4 55.1 53.2 48.7 46.7 46.6 46.7 44 41.9 41.4 48.5 56.7 54.8 54.2 59.7 65.2
