app/static/ascii/NC10.asc
ncols 200
nrows 200
xllcorner 210000
yllcorner 900000
cellsize 50
[rows 105 to 139 of 200, columns 79 to 157 of 200]
198.9 196.8 191.9 182 174.5 163.5 148.8 145.2 142.4 134.4 124.7 115.8 108.1 100 92.8 88 83.4 80.1 80.5 79.8 78 75.3 73.5 75 77.3 77.9 77 77 79.7 82.4 82.3 84 84.2 81.7 83 84.5 87.3 89.8 91.7 91.9 92.8 94.1 98.1 114.7 120.2 120.6 122.7 132.9 134.5 132.9 131.1 138.8 142.3 144 145.8 147.1 144.8 144.1 145.1 146.1 147.7 148.4 149.7 162.5 174 180.2 185.8 193.1 198.6 203.3 203.9 203.4 209.5 219 223.5 226.2 228.3 235.5 240.7
194.6 189.6 184.2 174.3 165.4 153.6 148.4 145 139.8 131.7 119.6 112.6 105.3 96.6 91.5 86.3 84.5 80.7 79.7 78.6 76.5 73.7 72.8 72.4 75.1 76.4 76.3 76.3 79.7 83.2 84.6 86.1 83.8 78.1 83.3 85.2 88 90.2 91 90.2 93.4 94.2 107.6 119.5 120.3 120.4 122.7 127.8 132.6 132.7 134.9 143.4 145.3 147.3 150.6 150.3 150 149.4 152.9 151.1 150.4 153 162.5 177 179.4 184.3 193.5 197.1 201.7 207.3 204.1 206.6 219.8 225.5 227.5 230.4 234.9 241.3 246.7
188.4 181.5 175.1 166.4 156.4 146.7 144.7 140.1 134.6 125.9 115.7 109.2 100 92.6 88.5 84.2 81.3 79.8 78.5 75.9 74.2 71.3 71.8 71.3 71.8 73.4 74.2 76.8 81 84 84 83.2 81.6 78.8 83.7 85.5 87.9 89.8 89.9 89.2 93.9 100 115.7 122 120.1 120.8 125.8 133.7 138.1 132.4 137.7 143.8 147.5 150.5 152.8 156.1 156.9 162.5 160.5 156.9 154.2 157.7 167.5 174.9 182 191.9 197.9 203.3 209.8 210.8 214.6 219.9 223.8 227 228.9 232.6 237.9 245.4 248.8
182.9 176.9 169.5 159.6 150.6 144.8 139.4 131.3 126.5 116.5 110.1 102.9 95.6 90.5 83.6 81.8 79.5 78.5 76.6 73.8 71.8 69.7 70.2 72.2 73.9 74.9 76.2 78 80.9 82.9 83.3 81.8 80.4 78.2 84 85.7 87.9 88.8 88.8 87.9 94.2 107.9 117.2 120.1 119.2 122.6 134 135.2 136.5 133 144 147.9 148.4 150.9 155.5 157.9 163.6 167.9 161.5 157.3 156.5 158.8 167.5 173.8 190.8 199.4 205 209.6 212.2 216 222.9 225 227 229.8 232.3 235.7 240.9 246.4 250
179.4 172.7 164.8 154.2 146.8 141 133.8 126.5 119.3 110.9 105.4 100.6 94.3 87.1 83.7 81.1 79.6 77.6 74.9 72.8 71.6 70.2 68.8 72.6 74.7 75.7 77.6 79.1 80.3 81 80.6 79.2 78.3 81.2 83.3 85.5 86.3 87.6 87.5 88 99.1 114.3 116.1 117.3 118 129.7 136.1 139.1 132.5 139.8 147.7 151.7 153 154.4 156.1 160.2 165.4 166.6 164.6 166.9 170.7 177.4 179.9 181.8 196.8 202.9 204.9 207.5 212.3 220 226.4 226.6 228.6 232.3 236.8 240.5 246.5 247.9 250.2
176.3 168.7 160 149.8 143.1 136.9 132 123.7 113.2 109.7 103.8 97.4 90.7 86 82.9 79.1 76.8 75.2 73.3 71.6 71 70.8 68.8 72.1 75.6 76.4 77.1 78.1 79.4 79.3 76.6 78.7 80 84.4 84 83.6 85.7 87.4 87.4 97.5 103.3 113.4 118.6 118.7 122.1 137.2 141.4 135.8 134.4 142.6 149 150.5 156.5 159.4 158.7 163.6 169.9 171 175.9 181.7 183.4 185.1 190.5 199.9 202.5 204 204.7 207.9 219.1 227.5 227.4 227.6 231.8 238.8 242.2 242.3 245.4 247.7 249.7
170 159.4 152.5 147.5 141.6 134.3 127.6 119.2 111.9 106.6 101.8 95.2 89.3 82.6 79.3 79 75.4 75.6 74.6 73.8 72.6 68.6 75.2 75.8 75.3 76 76.3 77.4 78 73.3 77.6 81.2 82.3 83.4 82.2 82.8 86.4 88.2 89.7 96.1 112.2 119.5 120.4 121.3 133.2 141.1 142.3 135.5 134.9 141.6 146.4 151.8 159.4 161.1 164.2 174.8 175.3 177 186.4 188.3 188 191.6 197.3 205.7 208.6 205.5 205.3 213.3 221 226.7 226.5 229.9 238.3 241 241.2 242.4 244.7 248.1 251.3
159.4 154.4 149.6 142.3 134 127.2 120.9 115.9 109.7 103.9 95 92.4 89.6 86.1 82 78.9 77.3 76.2 76.4 74.1 71.9 71.4 73.6 73.5 75 75.3 74.9 71.6 76.4 78.5 79.6 81.9 82.9 82.1 80.6 82.3 86.8 88.6 92.1 108.9 116.1 119 120.3 125.5 140.2 143.4 141 136.7 137.5 148.2 152.1 157.4 160 163.5 173.4 180.6 180.7 196.3 197.2 193.2 192.3 195.3 201.8 207.2 209.4 206 206.7 216.3 221.6 223 225.3 230.7 236.1 240 240.9 241.6 247.5 247.8 247.8
158.2 148 146.7 138.2 126.7 122.1 112.5 107.8 108 104.8 99 93.2 89.3 82 81.2 79.3 77 75.3 74.4 73 70.9 71.4 71.7 71.6 72.9 71.2 74.5 76 77.4 78.5 79.5 80.5 81.2 80.3 78.7 80.7 84.8 87.9 102.3 119 118.7 115.9 121 136.3 143 145.4 140.2 138.3 146.3 152 161.3 164.7 164.2 170.5 181.4 185.2 192.4 201.1 202.2 200.3 197.5 198.1 202.5 204.8 205.6 206.6 218.4 219.9 222.6 225.3 228 232.4 237.8 240.7 241.2 243.1 246.7 248.6 247.9
158.6 151.5 147.2 132.7 126.1 124.1 120.8 116.5 110.7 105.6 97.4 92.9 87.7 83 79.5 77.3 75.5 73.4 72.1 70.4 66.8 71.1 69.6 73.4 70.5 73.5 73.9 75.3 76.8 77.9 78.1 78.6 77.8 78.2 81.1 83.2 84.2 95 113.8 121.5 115.9 115.9 127.5 140.3 143.9 145.1 144.3 145.5 155 162.1 165.8 166.8 168 178.9 186.7 192.4 201.1 202.9 204.9 205.5 207.2 204.3 202.6 204 205.6 212.1 217.6 220.8 223 231.5 232 234.6 241.9 242.9 244.4 245.8 248.7 249.4 247.8
149.3 144.1 144 138.9 132.7 126 121.4 115.7 109.7 102.9 96.9 91.5 87.7 81.6 77.8 74.1 73.4 72.4 70.8 70.7 66.8 68 70.3 70.8 73.2 73.2 73.4 75 76.1 76.4 76.3 75.9 75.2 81.1 85.1 84.8 89.4 106.7 116.5 115.9 115.9 118.5 133.5 139.9 143.8 145 148.9 154.3 162.1 165.3 168.3 169.8 177.4 182.7 193.3 197.2 202.1 206.7 211.5 212.1 214.3 211.4 206.5 204.9 205.8 213.2 217 221.1 228.3 232 232.6 235.6 237.1 236.8 239.1 242.3 246.9 250.4 248.7
160.9 157.1 153.3 143.7 133 125.9 121.3 116.4 108.2 102.5 97.3 89.4 83.4 78 72.7 71.5 70.1 69.6 68.3 67 68.9 70.3 71.8 73 73.3 73.5 73.6 74 74.5 74 72.7 72.5 76.7 81.9 85.1 85.9 106 121 117.5 115.9 115.9 121.3 134.9 143.3 141.8 146.5 155.6 161.6 166.7 169.6 174.7 181.7 185.5 187.7 194.3 200.9 208 214.1 217.2 221.6 214.3 210.5 209 209 212.9 217.9 220 225.8 231.9 232.2 232.1 232.2 231 232 231 235 239.9 243.8 242.5
167.3 162.6 155.3 147.5 136 127.8 120.9 111.1 100.4 94.7 89.6 86.5 79.9 79 77.7 75.8 73.8 70.7 68.8 67.8 70.3 71.9 73.1 73.5 73.3 73.4 72.8 71.5 71.9 71.3 71 77.6 78.9 85.8 86.3 100.9 118.2 119.9 115.9 115.9 115.9 125.9 134.1 138.5 143.8 149.5 158.7 166 168.3 171 175.2 183.2 187.7 191.9 201.5 203.2 206.8 216.8 219.9 214.9 212.5 212.3 216.2 220.2 220.1 219.7 225.5 231.8 233.9 234 236.3 232.2 228.1 226.5 225.6 226.5 226.4 220.9 219.6
171.6 166.5 156.8 147.5 135.2 128.1 120.8 112.9 102.2 92.3 87.4 83.4 79.7 78.4 75.4 73.8 71.6 68 65.4 69.7 73 73.8 74.1 73.5 71.9 70.3 70 67.6 69.8 70.7 74.2 79.3 86.9 90 96.2 113.4 118.6 115.9 115.9 115.9 121.6 126.3 129.5 134 140.3 147.9 153.6 159.1 169.8 174.4 183.4 191 195.3 197.8 205.1 207.9 211.9 215.6 214.2 211.7 217.5 220 221.6 222.2 223 228.6 231.5 235 233.7 233.7 233.8 230.8 227.1 224.3 221.5 219 217.8 214.3 210.1
175.8 166.5 155.2 144.3 134 130.5 121.9 111.5 102.1 90.4 83.8 79.6 77.6 75.7 72.1 69.5 65.4 70.6 70.7 72.2 73.1 74 74 71.6 69.5 68.4 67.2 66.3 67.9 70.5 74.6 82.3 87.6 95.8 107 120.5 122.3 120.6 118.9 119.2 126 139 135.6 135.3 139.6 147.3 151.2 162.4 173.3 179.8 185.1 193.3 196.7 203.2 208.4 213.8 215.3 215.5 208.9 210 214.3 218 221.5 222.7 225.3 231.1 233.5 234.4 232.2 229.6 225.2 221.6 219.1 219.3 218.5 216.5 215.8 212.6 208
177.6 165.1 154 142.3 136.9 127.3 118.4 108.3 97.8 87.4 80.3 75.6 74.3 71.2 67.7 65.4 68.4 69.7 71 71.8 72.1 72.4 71.4 70 67.4 66.3 65.2 65.2 68.5 68.6 76.2 83.1 88.6 99.2 113.7 117.3 115.2 118 123.8 125.9 140.5 140.8 140.8 140.5 150.2 152.1 153.6 165.7 178.1 185 192.1 194.3 197.5 206.3 211.2 214.2 213.3 207.7 207.5 209.3 211.5 219.4 221.9 223.3 227 230.8 233.9 230 227.4 227.3 223.1 218.9 214 212.8 213.7 215.5 215.1 211.2 207.1
172.5 163 154.6 145 135.8 126.4 118.1 100.8 89.6 81.1 79 75.1 72.1 70.2 68.6 66.1 67.4 68.6 69.4 69.1 70.5 70.3 69.5 67.5 65.4 64.9 65.1 66.4 68.8 68.7 76.8 80.6 93.6 96.2 106.7 115.3 115.5 121.9 124.5 131.9 138.6 139.8 139.1 141.8 148 152.9 163.8 171.1 179 187.3 194.5 198.6 200 206.3 211.3 212 205.1 204.3 207.1 210.2 211.2 213.5 217.5 223.3 226.2 225.9 224.2 221.3 219.3 223 221.7 218.2 213.8 212.9 214.5 214.4 211.8 209.4 203.7
172.5 164.6 154.6 142.4 131.2 121.8 110.5 98.7 87.8 81.9 79.1 76.5 72.9 70.7 68.7 67.6 66.6 65.8 67.2 68.2 69.1 69.6 68.2 66.7 65 65.8 65.7 67.5 68.1 69.2 74.4 83.6 92.2 105.3 117.4 118.5 117.1 120.3 127.5 136.9 136.5 137.5 139.2 143.7 149.7 158.6 168.3 172.9 182.7 191.8 195.5 197.8 200.6 206.2 208 206.4 201.2 200.6 203.1 205.8 211.4 214.6 215.4 221.9 222.6 220.1 215.6 212.1 214.3 215.8 214.6 214.4 212 211.4 210.6 208 204.7 200.8 195.2
171.9 164.4 152.2 138.2 126.6 114.8 102.4 92.7 89.1 84.7 79.7 74.8 72.3 69.7 68.6 67 65.5 64.9 67 67.8 68 69 66.8 64.7 64.9 66.2 66.5 68.2 71.4 72.3 82.7 84.9 97.6 111.4 119.6 119 118.7 121 134.7 138.6 140.1 143.3 149.6 153.6 154.9 163.4 170.5 177.2 188.9 194.5 195.4 196.7 200.2 203.6 204.7 200.9 198.3 195.6 198 200.2 207.1 209.8 212.4 212.9 212.3 210 206 204.3 209.5 210.2 210.5 206.8 203.9 203.2 202 198.6 196.3 192.3 186.5
166.2 156 143.4 131.9 120.1 106 94.6 92.1 88.7 83.5 79.5 72.3 70.1 67.9 67.8 66.4 64 63.7 65.6 66.5 66.5 65.8 64.9 63.3 65.2 65 65.8 67.9 71.2 76 86.6 95.4 101.3 115.3 117.8 117.9 119.6 128.4 139.5 140.1 148.8 157.7 158 158.4 163.3 172.1 176.1 183.1 189.6 195.2 196.9 198.2 199.7 203.7 202.6 201.6 197 194.4 196.9 198.9 202.3 204.7 208.8 213.1 208 205.7 203.4 203.2 205.6 206 203.8 195.7 193.5 194 192.8 190.9 188.6 183.5 179.8
161.1 149.6 137.1 123.6 109.6 100.6 94 87.6 84.8 80.4 75.6 70.6 68.4 67.8 66.9 65.3 63.9 62 64.9 65.4 65.2 64.2 63.4 63.8 63.9 63 63.4 67.5 70.1 79.3 92 96.1 108.3 112.7 115.9 117.5 121.2 136.2 140.1 144 159.9 167.2 169.8 170.2 173.3 176.5 179.9 186.7 191.6 198.3 200.1 197.3 196.2 197.2 199.2 200.7 196.2 193.6 196 197.5 198.9 201.7 207.2 208.1 206 204.5 202.5 200.5 202.9 201.6 195.5 190.1 190.4 191.5 190.4 188.1 183.3 178 169.8
155.3 141.9 128 118.7 108.3 97.5 89.6 83.2 79.3 76.5 71.6 68.3 67.5 66.5 64.9 63.4 62.1 59.3 62.7 61.3 60.7 62.8 60.9 62.9 62.7 61.9 63.2 68.6 71.8 85.1 94.5 101 112.8 114.1 115.9 118.5 128.5 137.5 142.1 154 165 172.6 176.3 180.5 180.5 180.1 189.3 193.4 200.2 200.8 199 196.2 196.2 196.2 196.2 197 193.8 192.4 196.1 196.3 195.9 202 207.8 206.9 203.7 202.3 199.2 197 196.1 192 187.1 186.5 188.9 189.5 188.9 184.6 177.6 169 157.8
159.4 146.9 130 116.1 102.9 94.3 88.2 81.2 78.2 72.3 68.4 66.8 65.3 64.6 63.4 63.3 62 63.8 64.1 60.7 57.7 60.2 59.8 61.8 60.5 60 63 68.9 74.5 88.7 101.7 114.6 115.7 116.4 117.4 120.5 134.3 138.4 148.2 162.9 168.9 173.2 179.1 182.6 184 187.5 195.2 198.8 201.7 202.1 200.5 197.4 203.1 199.6 201.5 191.6 190.1 191.3 191.9 192.6 193.7 206.5 204.5 198.9 196.2 193.7 194.5 192.8 190.1 187.4 185.6 184.8 187.8 187 183.2 173.3 164.9 158.7 150.9
158 145.3 127.6 110.8 98.2 89.9 87.7 79.5 73.7 69.4 67.5 66.6 66.3 65 63.2 62.5 62.5 62.5 60.6 58 58.1 58.6 60.3 60.2 58.4 59.2 62.2 66.7 75.9 91.2 102 115 118.1 116.9 118.3 125.4 132.4 143.8 152.4 161.4 167 175.1 180 183 186 190.3 195.2 200.6 201.7 200.9 202.1 204.3 207 203.9 194.8 187.1 186.4 189.8 185.8 183.7 190.9 197.1 198 195.5 190.4 186.7 186.2 186.5 185.6 185.5 187.1 184.9 184.4 176.9 168.4 160 157.7 152.2 134.9
151.3 135.7 117.5 103.3 91.2 84.1 80 75.2 71.4 69.8 68.4 67.4 64.7 63.1 61.5 59.8 59.4 59.3 57.9 57.5 59 59.3 59 57.7 57.3 59.4 60.7 65.4 78 91.4 102.4 114.7 116.8 114.6 117.8 126.1 134.6 142.9 150.8 157 163.7 171.8 175.4 180.3 184.5 196.4 196.6 194.8 194 195.8 197.3 203.1 205.8 200.7 189.1 182.7 182.1 178.4 174.6 174.1 182.2 181.3 183.2 183.6 182.2 183.3 183.6 182.6 181.4 183.9 185.2 181.8 182.3 174.9 166.6 156 152.7 149.4 136.2
141 122.9 105.6 93.3 82.6 80.3 78.2 75.4 70.9 68.8 67.1 65.1 63.7 62.1 59.4 57.2 57.6 57.5 54.5 57.6 58.5 57.9 57 55.6 56.9 58.5 59.4 66.8 77.9 89.3 102 113.5 112.9 114.8 117.8 130.2 135.2 142.3 149.4 154.5 161.3 166.6 169.8 177.8 184.4 187.5 186.5 185.1 186.8 190.2 194.3 196.8 196.8 189.2 178.8 172.7 173.3 169.7 169.2 164.9 165.3 171 178.8 177.7 178.6 183.8 179.7 181.4 180.1 177 175.2 178 173.9 164.8 156.5 153 146.8 144.8 137.6
127.4 110.2 94.7 84.8 78.4 77.4 76.4 72.8 69.6 67.3 65 63.2 61.4 60 58.4 56.7 56.6 55.9 55.4 57.2 57.7 56.7 55.9 55.5 56.8 58.7 58.3 71.6 84.2 92.3 108.5 114.7 109.2 109.8 120.9 127 135.5 144.4 150.1 154.5 158.3 161.8 165.9 173.3 179 183.1 181.8 180.3 179.6 179.6 181.4 184.1 183 175.2 164.8 163.4 165 165.4 158.9 155.8 160.3 168.5 167.2 168.3 172.5 168.6 174.5 176.5 180.3 174.3 168.9 165 156.6 150.7 145.7 143 136.9 132.7 129.1
111.7 97.1 85.6 77.9 75.8 76.4 74.2 70.2 67.5 66 64.1 61.4 59.9 57.1 57.6 56.8 55.6 55.2 55.9 56.7 56.5 55.8 55 55.4 57.4 57 59.7 81.5 83.4 94.7 110.3 110.5 104.3 112.2 118.6 124.2 134.1 141.4 148.2 150.1 154.2 158.8 164.8 174.6 179.1 178.9 176.4 175.4 175.1 174.2 177 173.5 169.3 156.1 151.7 155.7 161.5 155.5 150.9 145.7 152.2 154.4 152.9 156.8 168.1 172.9 167.7 162.4 158.6 158.5 154 144.7 143.2 138.8 133.3 128 126.1 121.2 124.8
98.1 88 79.5 75.4 73.8 72.4 70 67.2 65.5 63.9 62.2 60.9 59.1 56.3 56.3 56 55.6 52.8 55.9 56.2 55.9 55.2 55 56.8 58.2 56.5 65.7 80.8 83.1 101.3 107 104.2 100.4 109.2 116.3 120.2 129 135.3 144.4 144.8 147.4 154 159 164.1 166.7 165.6 164.4 163.1 162.4 163 161.1 156.5 145.9 136.5 126.5 135.6 137.4 139.5 135 140.8 145.1 139.5 142.9 147.9 154 160.7 160 155.6 151.7 146.8 143.3 138.3 134.4 135.5 128 123.3 122.2 112.2 130.2
90.2 80.3 73.8 72.2 72 69.9 67.2 65.6 63.5 62.1 61.2 59.9 56.9 55 55.2 54.9 53.9 53.9 55.6 55.6 55.2 54.8 55.4 56.7 55.6 56.3 65.5 75.8 84.3 99.1 101.1 96.1 99 106.4 111.8 116.3 124.5 127.5 128.7 130.8 136.5 144.9 148.4 155.3 158.7 157.1 152.6 148.9 149.1 150.5 151.4 149.2 136 122.6 115.1 119.9 122.5 128.1 133.6 139.5 133.9 141 145.4 146.1 149.9 150.6 147.9 146.4 144.6 141.5 132.1 129.1 129 129.6 126.3 126 123.7 105.4 108
81.3 73.5 69.6 70.7 68.2 66.3 64.6 62.8 61.9 61 60 58.9 56.8 55.1 53.9 54.1 54.9 54.9 55.2 55 54.6 54.7 54.9 55.4 55.8 62.3 67.9 77.8 88.1 95.5 100.5 91.6 98.1 101.9 108.2 113.3 121.8 123.9 124 124.4 128.6 135.2 143.6 149.9 152.9 149.8 142.2 134 130 133.7 131.6 131.3 122.8 110.1 108.1 108.4 116.8 123.5 127.7 126 130 131.8 129.9 128.5 127.1 127.6 128.9 131.6 131.1 128 127.7 126 127.8 129.1 127.6 125.9 118.1 83.2 113.9
73 69.9 68.1 66.5 63.7 63.3 62 60.9 60.4 60 58.8 57.7 55.9 53.7 53.7 53.8 54.2 54.9 54.9 54.6 55.2 54.6 54.9 55.5 58.5 62.4 66.8 77.8 88.6 92.7 93.2 89.9 95.2 99.6 106.5 111.9 116.7 118.9 119.1 120.9 125.5 134.7 145.6 150.9 146 141.8 139.5 133.4 125.1 115.4 110.6 106 105.6 103.8 103.5 104.7 107.5 110.6 112 114.4 114.9 109.6 108.2 111.3 112.1 111.7 112.7 110.4 108.6 110.5 119 128.7 137.5 135.5 128.3 119.9 110.9 76.1 118.1
70.4 68.6 67 65.1 62.3 60.8 59.1 59.6 59.2 58.9 58.5 57 54.2 53.1 52.6 52.7 54 54.1 54.5 54.9 54 54.5 55.1 55.7 62.3 62.5 66.3 76.4 83.8 88.2 85.6 88.9 93.5 98.6 103.7 109.1 116.7 113.6 113.8 116.7 123.3 129.2 130.6 130.5 135.8 142.9 144.2 137.6 122.9 113.2 100.1 94.9 98.2 107.2 102.8 107.1 111.4 112.7 116 115.9 109.5 103.8 97.7 95.8 94.9 95.2 92 89.2 88 95.5 110 115.3 123 127.2 123.7 115.6 88.9 90.6 107.8
69.3 66.4 64.2 63.2 60.2 57.2 54.9 57.6 57.6 57.1 54.7 52.4 54 53.5 53.3 53 53.4 54.1 54.1 53.3 53.9 54.5 55 55.8 57.2 62.1 65.1 72.3 78.8 79.2 84.8 87.9 93.7 99.1 105.3 106.4 106.4 105.6 105.3 108.2 107.8 114.1 122.1 129.4 131.4 126.8 124.7 117.6 108.5 99.8 90.2 92.9 101.4 98.2 101.2 103.5 101.9 101 101.6 104.4 106.5 102.3 92.2 86.2 82 80.4 74.5 66.9 72.5 86.6 101.7 108.5 111.3 114.5 111 89.2 52.7 74.2 123.8
64.9 63.2 61.2 58.5 55.5 56.4 57.3 56.2 55.8 54.3 52.5 53.2 52.1 53.1 52.4 52.6 52.8 53.2 53.2 53.9 54.1 54.5 54.8 55.6 57.1 59.8 63 66.2 81 88.6 87.9 88.8 93.8 100.5 104.4 105.3 103.4 102.3 102.3 102.3 105.1 109.4 113 114.4 115.5 116.2 111.6 106.5 100.7 94.6 81.6 88.2 86 89.9 93.1 92.6 91 92.9 96.4 96.9 93.5 94.8 92.9 87.1 78.9 72.2 69 61.2 67.8 73.7 81.4 89.3 100 101.9 90.7 53.1 81.4 115.4 140.2
