app/static/ascii/NC11.asc
ncols 200
nrows 200
xllcorner 210000
yllcorner 910000
cellsize 50
[rows 108 to 143 of 200, columns 80 to 159 of 200]
169.2 174.3 173.5 171.1 175.1 164.5 164.7 183.4 188.2 179.2 184.3 187.6 183.5 183.6 179.9 180.1 179.4 185.7 174.1 163.6 153.7 148.5 148.7 141.1 138 109.6 109.6 109.6 109.6 109.6 130.7 140.6 140.3 134.2 158.6 158.7 163 145.2 127.1 111.5 109.6 109.6 109.6 109.6 109.6 109.6 109.6 109.6 109.6 122.8 134 133.7 110.7 109.6 109.6 109.6 109.6 109.6 109.6 109.6 109.6 109.6 109.6 109.6 109.6 109.6 109.6 109.6 109.6 117.6 118.2 120.3 118.4 120.3 126.4 136.4 133.1 135.3 145.1 144.7
161 167.8 162.3 157.4 160 159 156.6 172.5 180.6 190.7 178.4 165.7 162.4 164.3 167.5 157.2 161.3 166.5 168.1 165.7 156.3 152.3 155 152.3 141 111.5 109.6 109.6 109.6 109.6 118.4 141 147.9 138.8 143.8 136.7 132.5 136 120.7 109.6 109.6 109.6 109.6 109.6 109.6 109.6 112.2 109.6 109.6 126.6 133.7 138.6 126.2 115.2 110.5 109.6 109.6 109.6 109.6 109.6 109.6 109.6 109.6 109.6 109.6 109.6 109.6 109.6 109.6 109.6 116.8 120.7 117.7 114.2 117.1 120.9 130.2 135 136.9 133.7
135.5 158.2 154.1 143.6 143.1 148.1 149.7 159.3 172 170 170.3 169.5 152.5 145 155.4 151.8 164.7 179.6 179.3 175.1 167.1 155.7 149.3 140 139.7 133.3 109.6 109.6 109.6 109.6 124.2 121.5 123.8 122 109.6 109.6 111.8 121.5 112 109.6 109.6 109.6 109.6 127.8 128.1 116.6 113.1 117.2 127.2 126.8 143.3 149.9 145 133.4 116.1 118.8 118.1 109.6 109.6 109.6 109.6 109.6 109.6 109.6 109.6 109.6 109.6 109.6 109.6 109.6 116.4 116.3 110.6 109.6 112.6 116.3 125.2 134.3 133 134.4
123.3 123 121.1 116.6 119.9 124.7 137.4 152.7 168.3 171.3 171.9 173.8 164.2 152.6 145 147.3 154.2 172.1 179 173.3 168.7 152.5 139.9 140.6 143.2 147.2 122.8 109.6 109.6 109.6 109.6 109.6 109.6 109.6 109.6 109.6 109.6 109.6 109.6 112.9 125.5 120.3 121.9 140.8 148 146.2 135.3 125.8 121 141.5 145.2 156.2 162.9 163 138.5 121.9 121.3 109.6 109.6 109.6 109.6 109.6 109.6 109.6 109.6 109.6 109.6 109.6 109.6 109.6 109.6 109.6 109.6 109.6 109.6 115.6 122.2 131.3 134.2 141.5
107.8 109 112.1 113.4 119.1 128.7 144.9 167.5 179.3 180.5 179.5 178.9 162.5 150.8 148.6 145 148.1 172.7 171 155.3 146.3 132.9 135.1 147.4 149.3 148.9 125.9 109.6 109.6 109.6 109.6 109.6 109.6 109.6 112.5 109.6 109.6 109.6 114.5 135.3 155.6 145.9 136.8 143.8 145.5 146.3 153.8 151.7 134.5 137.6 148.7 156.7 170.4 176.2 161.5 138.8 123.6 120.5 109.6 109.6 109.6 109.6 109.6 109.6 109.6 109.6 109.6 109.6 109.6 109.6 109.6 109.6 109.6 109.6 109.9 113.9 119.5 126.3 134.6 143.9
119.1 118 130.6 137.2 126 132 152.3 162.2 173.5 173.5 172 160.4 158.2 149.3 148.6 148.4 150.1 148.3 132.7 123.2 122.9 126.3 135.6 148.4 143.9 129.1 111.6 109.6 109.6 109.6 109.6 109.6 121.1 142.9 160.3 150.5 127.4 114.9 122.6 137.6 154.1 150.8 140.9 142.3 145.6 146.6 147.2 146.7 150.4 146.3 155.7 162.8 176 173.4 167 150.9 133.3 126.5 124 114.7 109.6 109.6 109.6 109.6 109.6 109.6 109.6 109.6 109.6 109.6 109.6 109.6 109.6 109.6 109.6 115.1 117.1 122.2 126.4 132.7
128.2 125.9 138.8 144.8 140.5 135.8 148.2 160.9 167.7 162.3 147.9 149.9 148.1 147.3 145.4 135.4 144.2 124.2 122.8 122.4 126.7 126.4 124.8 130.3 118.6 109.6 109.6 109.6 109.6 109.6 109.6 109.6 129.8 159.9 171.2 169 148.7 125 119.7 121.6 129.3 135.8 133 130.8 132.5 136.8 140.9 141 147.8 160.6 161.9 163.4 167.4 166.3 162 151.4 138.9 138.1 137.6 126.4 117.7 109.6 109.6 109.6 109.6 109.6 109.6 109.6 109.6 109.6 109.6 109.6 109.6 110.8 113.1 115 117.6 121 124.3 129.2
130.5 133.7 132.3 140.6 137.8 146.2 144.3 150.4 142.5 139.6 148.9 138.6 139.8 142.5 127 115.8 115 116.1 122.5 125.1 127.1 122.1 117.4 109.6 109.6 109.6 109.6 109.6 109.6 119.9 131.3 125.9 139.8 167.2 179.9 174 158.4 148.7 137.8 142.5 136.4 132 129 130.8 125.8 127.1 127.8 129.3 132.3 138.3 144.4 147.7 148.1 142.6 137.4 141.2 140 139.1 145.3 132.5 121.4 112.3 109.6 109.6 109.6 109.6 109.6 109.6 109.6 109.6 109.6 123.3 119.2 115.6 112.8 113.2 117.8 127.3 133.5 134.1
134.6 131.5 130.6 133.1 135.2 150.5 148.4 131.5 119.7 129.8 133.5 125.8 120.6 111.5 112.9 115.8 114.6 121.4 133 128.6 127.3 124.4 111.4 109.6 109.6 109.6 109.6 109.6 120.4 144.4 163 161 161 174.8 185.2 180.7 164 160.3 153.9 150.1 140.4 133.7 130.2 130 128.5 129.9 130 133.4 143.5 149.7 151 151.5 150.8 140.1 133.4 132.2 131.9 132.3 132 125.7 124.2 116.3 112.3 109.6 109.6 109.6 109.6 109.6 109.6 109.6 111 124.7 121.9 117.3 115 113.3 116.6 126.5 139.3 141.6
144.5 140.5 134.7 133.3 139.7 146.2 133.3 113.9 105.8 106.3 104.9 107.2 105.4 107.2 114.4 117.4 125.9 135 133.5 132.2 123.2 120.3 117.8 116.6 114.7 117.2 129.7 135.2 141.5 159.4 173.5 188.7 191.4 184 173.3 181.3 167.2 163.1 154.8 148.8 143.4 133.6 131.3 130.1 128 131 132.6 137.8 151.7 157.1 159.2 159.7 155.9 150.9 142.8 134.7 131.8 131.9 132.3 132.9 127.8 121.4 118.2 111 109.6 109.6 109.6 109.6 109.6 109.6 109.6 125.9 117.4 115.7 117 115.1 115.3 123.6 135.6 142.4
142.8 146.9 146.9 125.5 111.6 112.5 103.5 102.8 103.3 110.3 112.6 130.6 134 125.4 122.7 132.7 142.9 149.2 139.8 138.7 151.1 144.5 135 139.4 133.8 141 157.6 188.5 183.5 176.1 187.7 196.5 203.3 198.2 189.6 172.6 165.1 161.7 158.1 151.1 142.8 136.2 131.1 128.9 128.5 130.2 132.8 136.4 145.9 156.2 165.1 168.3 163.5 158.1 149.9 140 132.8 133 133.8 137.6 132.5 125.7 123.1 117 118.7 112 109.6 109.6 109.6 109.6 109.6 114 109.6 111.5 109.6 109.6 109.6 116.4 129.8 137.3
132.2 139.5 125.2 113 100.7 103.3 102.8 102.7 106.3 118 139.8 146 157.6 158.9 144.7 141.5 146.8 146.2 149.3 168.2 187.1 191.3 188 170.2 158.1 171.8 203 206.3 212.3 203 188.7 197.6 198.9 198.4 190.3 180.2 167.3 165.3 162.3 154.7 146.9 140.9 130.7 129.5 128.3 132.3 137.2 138 142.1 148.9 161.7 162.9 160 161.9 161.2 156.6 140.4 135.9 134.3 137.6 147.3 130.5 134.7 122.2 109.6 109.6 109.6 109.6 109.6 109.6 109.6 109.6 109.6 109.6 109.6 109.6 109.6 109.6 121.1 125.5
113.6 117.8 114.7 100.2 103.6 113.6 115.5 122.1 118.6 126.1 144.2 151.4 156 157.2 151.5 148.4 155.1 164.3 174.7 190 210.7 217.5 218.8 212 195.2 203.5 217.8 222.8 219.9 221.4 216.3 199.1 199.1 194 191.9 180.1 181.4 176.1 168.5 159.4 150.6 143.6 135.8 133 128.7 130.7 138.2 140.1 142.2 146.2 150.9 156.8 168.7 174.1 171.5 160.9 146.7 139.3 134.8 135.7 140.5 141.2 137.4 124.1 109.6 109.6 109.6 109.6 109.6 109.6 109.6 109.6 109.6 109.6 109.6 109.6 109.6 109.6 109.6 114.3
102.9 103 99.7 99.1 124.4 150.2 151 156.4 152 141.8 147.5 162.9 163.6 167 163.3 176.9 179.5 180 190.7 207.9 227.1 234.9 239.9 234.5 222.9 220.9 225.6 226.9 229.4 233 226.7 221 205 197.7 190.3 190.9 194.6 188.4 174.2 163.3 154.8 147.4 143.8 135.9 133.7 134.3 134.9 137.6 143.9 148 156 165.2 169.6 178.3 178.9 166.7 152.7 148.8 147.2 149.9 140.6 139.4 138.5 135 124.9 116.5 109.6 109.6 109.6 109.6 109.6 109.6 109.6 109.6 109.6 109.6 109.6 109.6 109.6 109.6
93.8 102.4 108.7 110.9 135.5 160.8 162.4 173.2 169.9 166.1 164.6 171.1 190.7 191.2 193 190.7 192.5 192.2 200.5 215.1 232.7 248.2 245.3 240.3 237.4 246.2 231.8 234.2 239.5 244.6 243.1 236.1 225.5 212.3 193.2 198.2 196.2 186.9 176.1 168.4 161.7 158.4 152.5 145.2 143.2 143.9 137.4 143.9 151.7 152.4 161.7 169.9 178 173.1 177.5 168.7 156.4 153.5 155 160.7 160.7 152.4 153.2 157.6 155.2 148.6 140.4 128.8 122 116.2 109.6 109.6 109.6 109.6 109.6 109.6 109.6 109.6 109.6 109.6
101.3 104.1 112.6 113.1 133.4 146.9 152.2 169.2 180.9 181.9 187.3 205.1 201 203.2 207.1 216.4 206.8 203.1 205.8 220.8 240.9 256.3 256.6 253 248.3 260.3 258.7 248.1 253.4 252.5 256.3 254 246.3 231.5 208.7 201.3 201.7 190.9 178.8 171 166.1 164.1 154.7 152.8 151.5 149.5 145.1 152.1 154 157.9 162.2 160.7 167.5 176.3 175.3 168.4 156 153.7 152.2 158.5 156.6 155.5 155.1 154.4 157 150.7 144.3 138.8 132.3 129.3 124.9 118.8 109.6 109.6 109.6 109.6 109.6 109.6 109.6 109.6
111.4 107.1 103.9 115.6 138.5 158.4 161.6 167.6 187.8 216.9 216.7 220.9 224.6 213.4 212 231.2 231.3 232.5 229.2 231.3 244.8 253.1 255 255.8 261.2 267.3 267.7 266.7 274.2 271.8 261.5 266.5 266.1 247 227.6 210.7 202.9 193.5 185.7 178.6 171.3 167.3 162.1 158.8 151.6 149 147.5 151.8 154.6 157.1 154.6 154.6 156 160.6 164.6 164.7 156.7 167.6 169.4 164.4 161 155.3 153.1 151.8 150.5 149.2 146.9 144.9 138.8 132.3 127.6 128.6 119.7 114.6 109.6 109.6 109.6 109.6 109.6 109.6
115.3 118.9 120.4 117.1 131.5 161.8 170 179.1 211.8 232.7 234.6 236.6 235.2 233.5 224.4 227.9 233.7 247.7 256.6 249.8 257.9 255.4 258.4 257.7 274.2 271.7 274.2 280.7 278.9 280.2 278.8 273.2 267.5 257 243.4 229 209.7 198.3 192.6 184.7 180 172.2 164.1 161 153.2 147.5 149.2 149.7 150.2 150.7 152.8 159.9 171.8 183 184.4 184.3 178.3 176.8 172.3 168 162.7 158 155.1 154.8 154.7 153 151.7 146.6 142 135.9 132.3 123.8 119.6 114.5 110.5 109.6 109.6 109.6 109.6 109.6
112 124.2 124.5 121.6 139.5 158.9 166.3 194.9 222 229.7 229.3 235 238.9 236.4 229 224 229.5 248.9 267.8 269.7 270.6 271.1 273 266.5 267 279.3 280.9 286.9 291.8 286.6 282.7 285.8 276.5 270.8 255.9 236 218.3 205.3 199.8 191.8 184.3 180.4 175.4 166.1 167.3 161.7 154.4 157.6 153.9 151.3 162.6 172.8 178.9 181.8 187.2 186.1 181.3 182.1 176.7 170.4 164.4 160.9 162.1 162.4 160.2 158.6 156 148.3 142 133.2 132.2 128.3 119.1 113.3 116 109.6 109.6 109.6 109.6 109.6
110.8 121.6 126.5 131.2 137.5 156.9 181.1 197.9 224.5 233.6 234.4 230.3 233.4 229.6 223.2 219.9 226.2 240.9 261.5 276.9 283.4 282.7 275.6 274.5 274.9 273.9 275.4 284.7 293.3 291.1 288.2 295.3 287.3 274.1 262.6 245.6 229.3 218.5 205.3 197.1 191.8 187.1 181.3 171 172.9 168.9 165.4 166.6 165 161.7 176 175.1 176.1 177.7 180 179.6 178.3 178.7 178.5 173.4 170.7 167.7 165.4 165.4 163.7 160.3 156.5 152.8 147.3 132.3 131 131.3 125.4 116.2 117 110.8 109.6 109.6 109.6 109.6
124 132.6 136.1 137.7 148 166.4 190 209.9 219.4 222.5 228.9 228.3 228.9 223.4 218.1 218.1 223 229.4 253 278.1 284.8 288.1 277.3 279.4 280.4 272.6 272 280.8 292.1 293.4 293.3 298.8 290.9 279.8 267.4 256 244.1 226.8 218 201.5 196.5 187.9 180.8 177.3 179.7 179.9 179.5 180.3 169.5 179.4 187.3 191.2 187.8 182.4 183 178.5 177.4 176.2 174.5 171.6 167.4 165.9 165.4 166.6 168.2 164.6 158.3 151.4 148.2 141.7 134.8 130.6 130.3 124.3 118.2 119.4 118.3 109.6 109.6 109.6
145.3 143.4 143.8 154.8 175.9 189.8 200.1 207.8 214.8 217.3 214.8 218.3 234.5 228.6 222.6 218.1 226.4 223.3 231.3 256.7 276.4 280.4 278.8 278.9 273.3 268.5 265.9 272.4 291.5 294.6 301.1 297.8 294.9 289.5 275.9 262.1 247.4 235.5 224.6 217.9 200.7 192.5 190.1 182.7 187.8 187.9 188.4 189.5 188.9 193.1 198.4 199.3 195.4 188.9 183.8 178.9 176 174.7 172 170.7 168.5 167.7 169.4 170.1 170.5 167 164.3 159.1 152.6 147.3 142.1 142.1 139.4 128.8 122.6 123 121.7 118.2 109.6 109.6
161.1 157.9 162.8 178.2 196.8 211.9 213.7 217.5 222.8 219.3 219.1 220.8 234.7 232.9 232.2 220.7 220.8 226 228.1 243 255 253.7 271.1 268.8 264.7 263.3 261.7 264.6 279.4 291.4 292.7 286 282.1 282.1 275.3 263.5 247.6 242.7 231.1 226.5 213.6 199.7 192.6 190.9 194.8 201.8 196.2 192 196.7 200.3 201.5 197.1 193.8 190.5 186 179.6 175.2 179.1 182.7 182.9 183.3 185.9 184.8 184.5 182.7 175.5 167.6 160.9 157.4 153.9 153.1 153.3 146.7 140.2 130.2 130.9 121.3 119.5 115.8 109.6
160.1 171.9 180.4 190.7 197.5 215.9 231.9 231 229.3 224.3 222.9 232.9 241.3 233.4 233.3 225.6 219.7 229.7 233.4 234.1 231 232.3 257.8 265.2 260.2 261.6 259.9 268.8 279.6 277.7 279 269.4 258.5 266 263.4 256.5 247.9 245.9 238.6 238.7 218.9 208.4 204.9 199.3 198.3 202.1 201.2 199.4 203.5 207.9 202.6 197.2 198.4 197.5 192 188.1 185.6 190.6 192.7 194.7 192.2 195.1 195 199.3 199.8 197.8 187.1 177.6 175.3 175.2 172.1 163.6 162.4 157.8 144.7 150.2 137.4 122.1 119.3 114.1
157.7 170.1 183.1 199.9 206.5 226.2 235.1 239.1 236 231.1 230.1 234.2 236.5 236 227.7 219.7 217 214.2 226.5 227 222.2 222.3 236.2 246.2 249.3 249.6 269.3 276.7 278.5 275.8 264.7 245.7 248.3 250.3 243.1 244.1 240.2 239.4 232.2 227.1 230.4 225.6 215.9 210.2 207.1 209.3 207.4 201.1 202.9 203.4 197.6 196.8 198.5 199.7 200 203.2 205.2 212.1 215 213.7 212.3 211 207.1 206.7 208.3 210.9 207.7 204.3 201.1 200.8 192.4 182.7 169.9 169.3 176.1 167.9 155.2 140.4 133.2 116.7
166.1 175.4 182.9 194.6 207.2 220 225.6 235.4 238.5 236.2 232.3 227.6 224.3 218.8 218 213.5 205.2 203.3 212 216.6 213.2 217.2 225.1 230 245.5 248.7 258.4 261.5 262 255.1 245.5 227.1 234 227.1 227.1 227.1 227.1 227.1 227.1 227.1 231 246.2 233.3 232.6 224.8 222.2 206.4 204.3 203.1 197.2 196.8 198.1 199.2 204.1 205.8 214.3 218.2 222.2 221.6 219.4 221.3 221.9 216.5 216.3 216.2 221.4 220.4 221.4 217.7 219.4 212 207.9 197.5 184.7 188.6 179.1 172.8 165.5 153.6 134.2
166 171.1 173.4 185.6 195.4 199.5 205.8 224 231.4 231.5 227.2 221.8 216.4 209.3 203.5 199.4 195.1 207.1 205.2 201.3 204.4 209.3 221.2 223.9 230 231.4 235.7 240.8 243.1 234.5 231.6 227.1 227.1 227.1 227.1 227.1 227.1 227.1 227.1 227.1 227.1 235.4 245.6 245.5 240.1 227 216 214.7 225 225.8 225.1 218.7 216.5 212.9 211.2 216.4 226.9 230 229.8 229 225 221.7 220.8 221 222.9 224.2 225.6 227.9 233.4 234.9 223 220.8 214.3 209.3 205.1 192.2 182.2 181 168.8 149.6
153.2 155.2 163.1 171 183.8 186.7 191.9 205.1 210.5 215.1 218.3 211 204.1 198.8 194.1 192.5 194.4 204.4 199.8 199 202.1 204.3 214.4 219.7 222.4 229.8 239.6 244.4 246 241.8 237 236.1 227.1 227.1 227.1 227.1 227.8 227.1 227.1 227.1 227.1 233.4 236.4 237.8 240.2 238.7 222.2 219.9 232.5 232.7 232.6 232.9 235.6 237.2 233 228.5 230 229.3 230.1 229.3 230.1 226 222.3 221.5 221.8 223.8 229.2 230.4 232.6 235.1 230.6 225.3 224 223.9 213.9 204.6 199.7 195.3 176.6 150.5
145.7 150 153.9 158.6 172.8 179.9 183.3 188.4 192.2 200.8 202.3 191.3 190.4 191 191.3 191.5 192.5 194.4 196.6 199.3 204.2 210.5 218.3 225.3 232.5 252.2 262.3 261.8 264 268.1 262.3 254.6 250.2 239.4 242.3 245.8 247.4 246.9 245.4 247.8 255.4 257.2 249.3 241.3 236.5 233.7 229.7 241.9 252.6 243.1 236.8 235.8 236.4 236.8 239.2 239.2 238.7 237.2 232.3 229.3 232.6 227.9 227.4 223.6 224 225.5 226.1 231 233.5 236.1 234.3 229.2 226 225.5 220.4 214.6 206.8 191.5 178.2 155.7
160.2 163.3 164.1 164.3 173.2 175.3 179.5 185.9 189.2 188.8 189.9 195.8 197.5 195.8 200.9 203.9 207.3 207.3 205.6 208.4 214.4 224.7 233.3 238.2 260.3 278 288.1 295.4 291.2 296.6 293 287.5 279.7 278.1 287.8 291.7 282 282.4 288 286.4 290.9 284.6 283.9 279.9 259.7 249.8 263.8 269.2 266.5 259.5 250.9 245.2 241.5 241.5 241.3 241 243.2 242.2 245.7 246.4 241.1 233.2 228.7 225.8 227.2 229.6 228 226.5 228.6 234 234.6 231.2 227.7 226.5 224.5 219 208.3 194.9 188.6 167.7
178.2 180 180.4 182.6 177.9 177.5 186.5 201.4 199.3 201.9 200.7 200.1 198.8 201.5 204.9 210.1 213.1 213.8 216.8 223.2 228.3 235.4 244.5 253.8 281.3 298.2 303.1 310.3 312.7 312.2 312.4 308.4 317.6 321.3 322.6 321.8 317.4 318.6 317.9 314.8 310.7 305.3 303.8 300 296.1 290.4 300.3 292.7 282.8 273.2 268.2 260.7 256.8 255.2 254.2 252.5 252.1 250 249.6 248.4 244.6 239.6 235.9 234.4 228.1 225.2 225.2 228 228.1 229.1 230.4 232 226.7 224 221.8 214.7 208.6 197 195.7 182.7
180.3 195 195 191.3 190.6 193.7 201.6 205.2 211.6 219.3 220 219.6 224.9 229.8 227.2 230 234.1 236.5 238.5 245.6 247.9 248.8 258.2 269.9 301.2 303.9 323.6 326.6 332 333.4 331.4 329.8 338.8 339.7 336.6 337 336.7 338.4 335.1 332.7 327.9 325 322.6 320.6 318 316.2 312.4 306.5 300.7 290.3 282.9 278.1 270.4 265.4 266.5 268.9 264.3 263.4 254.9 249.7 246.7 242.9 239 238 234.6 231 225.2 228.6 231.3 230.1 226.9 226.5 225 226.2 219.1 216.4 211.8 212 210.2 208.1
191.5 193.8 200.6 207.6 217.6 219.1 227.5 234 229.3 228.4 229.3 235.7 242.8 244.4 247.2 267.6 286.9 283 282.9 301 300.1 301.7 300.3 312.7 319.2 327.7 337.5 346.5 354.1 353.2 354.2 351.6 353.7 351.4 348.1 347.6 348.1 343.6 341 341.1 339.7 337.6 336.2 333.4 332.6 334.8 333.3 328.1 322 314.8 305.1 297.1 291 283.8 279.3 278.7 275.7 274.4 269.4 265 259.5 253.2 250.9 249.2 243 239.9 238.9 237 233.9 233.6 227.6 228.7 226.2 223 223.7 226.6 222.3 224.6 223.9 224.6
192.1 206.7 212.7 228.6 240.6 246.8 256.5 263.6 258.9 253.9 254.3 260.5 280.2 282.5 275.5 297.4 304.9 306.2 313.4 322.6 328.9 331.1 341.7 344.7 352.6 356.8 363.2 371.8 380.2 386.4 379.6 380.5 387.5 390.5 392.3 385.2 390.5 391.5 381.7 377.7 374.7 368.8 363.9 360.3 356.9 353 352.1 345.8 342.9 332.8 325.7 317 309 304.1 299.8 295.4 290.6 287.2 282.2 278.6 274.9 265.7 257.4 254.2 250.9 248.1 239.7 237.6 237.3 239.1 235.8 231.9 226.8 223.9 228.3 229.4 228.2 232.1 234.7 233.9
204.1 215.7 240.4 255.5 260 265.9 276.5 278.9 280.9 290.7 299.9 302.7 310.1 308 319 325.9 327.2 323.4 334.5 338.8 346.4 356.5 366.9 371.2 379.9 383.1 387.7 408.6 417.9 420.4 410.9 427.5 433.3 434.5 425.1 422.5 419.4 414 409.4 407.8 404.7 397.3 390.5 385.8 384.4 382.9 381.2 373.1 362.7 353.9 345.2 339.1 334 325 316.9 312.8 306.6 299.8 295.1 288.8 283.4 274.2 265.2 260.1 254 250.4 245.9 239.2 237.7 243.9 238.1 234.7 235.9 235 244.1 236.7 234.3 238.9 243.2 245.8
212 238.7 274 275.5 285.1 284.9 290.8 289.9 303.5 309.7 309.7 317.4 322.7 334.9 339.9 340.7 340 342 348.8 355.6 364 375.3 388.2 403 413.8 413.8 428.1 446.9 467.3 468.4 456.5 470.7 465.2 451.8 443.7 433.6 428.3 424.9 423.2 419.3 414.9 411.3 406.7 404.3 401.4 401.4 398.9 393.3 388.1 381.9 369.9 360.7 356.9 355.1 347.7 345 342.3 343.6 338.9 331.1 327.4 312 296.5 273.1 260.6 257.2 249.8 241.3 238.2 240.5 241.7 249.2 259.3 250.2 259.1 248.5 247 254 254.7 255.1
