app/static/ascii/NC12.asc
ncols 200
nrows 200
xllcorner 210000
yllcorner 920000
cellsize 50
[rows 148 to 184 of 200, columns 0 to 82 of 200]
89.3 91.9 95.9 99.5 100.9 91.2 85.5 91 96.4 93.2 93.5 88.3 88.3 89.7 100.1 88.4 88.3 88.3 88.3 99.5 107.8 99.9 107.4 107.7 116.2 131.2 136.1 135.3 133.1 130.7 136.4 140.7 134.2 132.2 132.7 133.6 131.3 128.6 131.7 129.6 126.3 115 119.9 128.1 123.7 114.6 116.2 125.9 125.7 130.1 126.7 126.9 127.9 135.3 137.3 137.4 137.5 134.3 140.1 142.6 145.2 145.9 157 156.5 155.4 153.4 150.2 146.1 149.1 147.8 151.5 151.6 148.9 144.3 142.1 137.7 133.9 130 128.6 127.3 124.1 119.7 113.2
74.1 85.3 91.2 92.2 94.9 91.3 86.4 95.1 95.8 99.5 99.5 91.6 110.6 122.7 117.1 109.3 90.1 88.3 88.3 88.7 95.4 93.6 92.5 94.6 114 126.7 129.7 124.4 123.6 129.5 133.5 138.1 138.3 136.7 133.3 131.1 129.9 133.1 135.9 132.8 128.8 126.4 136.1 147.6 138.1 133.5 128.1 120.7 123.6 132.5 128.2 129.2 139.3 142.9 143 144.9 141.6 137.8 139.1 140.4 142.1 144.3 153.4 155.7 157.1 154.3 147.9 145.4 145.4 151.1 152.4 152.7 148.6 144.6 141.5 143.3 140.4 134.1 130.9 128.3 126 122 116.9
58 62.1 69.3 80.8 95.8 93.6 87.9 82.1 87.3 90.9 92.5 110.3 125.6 126.2 118.8 113.8 104.3 95.1 92.3 93.1 96.1 90.2 82.1 81.3 93.2 105.8 112.1 114.1 121.1 123.1 126.9 131.9 130.4 129.3 125.7 127.5 122.4 123.4 126.6 128.6 134.2 130.9 134.5 143.8 149.2 147.3 140.6 133.8 127.5 129.7 130.7 135.2 140.9 146.2 151.5 146.7 143.8 140.3 139.7 139.7 142 143.9 148.7 152.8 152.8 152.1 149.1 145.4 145.4 148.6 149.6 146.7 148.3 148.5 147.8 150 148.4 139.6 134.5 132 132.1 126.3 117.7
43.2 48.8 58 80 84.8 86.2 73.6 68.6 71.3 74.5 93.3 117.7 130.2 132.9 128.9 124.1 114.9 113.8 96.8 101.9 97.2 81.5 81.3 81.3 99.2 105 107.7 113.6 120.6 117.9 116.3 116 118.2 111.7 109.2 112.9 116.6 121 123.8 124.1 125.2 126.2 133.1 134.8 136.2 139 148.2 145.8 139.4 138.5 138.6 140.5 141.4 144 146.4 144.4 143.3 141.9 142.3 138.8 141.3 143.6 149.3 152.6 150 150 148.9 147.7 149.5 150.4 149.5 151.7 151.4 151.1 150.1 151.4 146.2 141.5 140.8 137.5 132.8 124.7 121.2
36.2 43 53.4 61.6 65.4 67.5 58 54.2 58.2 73.5 92.3 115.4 128.4 128 128 125.3 118.2 112.2 108.4 107.3 97.2 81.3 81.3 95.1 107.2 107.3 108.1 116.2 111.8 106.8 102.7 97.8 100.6 101.4 97.9 114.3 121.5 125.8 122.9 120.9 117.9 122.3 125.1 130 131.5 135.7 141.2 149.7 148.4 144.7 146.2 145.9 146.8 145.6 145.1 144.2 143.7 142.7 141.4 139.3 142.2 144.7 147.4 149.6 150 150 150.5 151.4 152.8 152.2 153.5 153.2 152.8 152.5 152 152.3 146.9 146.3 147.6 146.7 133.4 131.4 131.3
36.6 44.9 43.4 47 51.5 58.6 46.1 50.6 59.6 73.2 96.7 110.8 115.4 124.1 128.8 124.5 117.9 118.5 115.9 106.5 102.6 86.6 82.2 98.5 106.2 109.7 108.3 102.9 98.7 91.8 84.3 81.6 87.7 80.4 92.3 106.7 113.1 113.9 112.7 112.2 110.9 117.8 124.1 127.8 128.3 135.3 137.5 141.8 145.8 145.8 149.2 150.5 151.6 150.4 149.7 148.3 146.1 143.6 142.2 138.9 141.5 146.6 145.6 145.1 148.4 150.3 152.5 152.5 153.7 155.5 156.6 155.6 154.5 153.2 152.1 150.7 149.3 148.6 147.6 138.1 140.6 141.1 141.6
47.4 44.3 42.5 38.5 41.1 43.3 45 60.1 75.5 79.5 102.6 104.4 108.5 115 117.4 115.9 108.6 112 109.4 104.3 99.8 90.4 82.4 95.5 100.2 101.6 101.6 95.1 90.9 81.9 72.3 69.8 63.5 61 79.6 88.4 99.7 97.8 98.5 102 107.4 111.9 117.8 124 129.7 132.4 135.3 138.6 141 142.2 149 153.7 153.8 152.5 151.7 151.5 151.8 146.1 145.4 142.7 141.3 140 141 141.1 143.4 147.6 150.7 152.3 156.2 158.2 163.7 160.3 153.6 152.6 152.3 152.1 151.1 147.4 145.3 147.5 146 143 142
54.1 46 38.1 34.5 33 42.2 48.9 60.2 79.2 81.5 97.6 105.5 104.3 100.7 105.9 103.2 100.7 95.1 97.2 105.1 99.7 77.4 76.7 81.9 87.1 98.6 93.8 91.7 90.3 79.2 68.3 61.4 56.8 52.7 62.2 70.9 80 82.1 91.3 93 95.8 106.6 112.4 117.2 126.6 132 135.1 139.9 141.3 142 143.6 148.2 152 154.4 153.3 151.5 149 145.6 144.6 144.2 144 142.8 142.1 141.9 136.3 136.3 138.9 137.3 142.9 148.2 149.4 149.8 151.7 151.2 149.8 149.9 148.8 148.1 147.8 146.1 145.5 144.1 144.6
57.5 48.7 38.9 31.5 38.4 44.9 50.1 62.6 72.4 68 80.8 88.4 91.7 88.7 92.7 91.5 85.1 89.5 94.4 92.1 81 69.4 70.6 71 86.6 99.7 97.1 87.3 79 75.3 68.7 56.6 49.9 50.8 55 62.1 60.3 68.3 82.8 87 86.4 102.1 109.7 114.6 125.2 128.7 133.1 141.6 145.3 141.3 143.1 143.7 147.7 150.9 153.6 151.7 148.4 145 144.4 144.9 144.9 144.3 143.7 142.7 140.7 139.1 136.3 136.3 138.5 139.7 141.5 141.8 142.5 143.2 144.2 145.8 146.8 147.8 147.6 146.4 145.7 144.5 146.3
45.2 40.1 32 32.5 42.7 43.7 49.8 53.3 54.4 57 64.4 75 78.5 76.8 73.3 73.2 74.3 88.4 82.2 80.7 65.6 66.2 64.7 71.1 93.9 95.6 90.8 86.4 74.9 64.4 53.8 46.6 48.1 49.8 53.5 56.3 59.1 62.2 74.9 75.9 82.9 103 106.4 117.1 122.5 125.1 126 136.6 138.7 138.7 143.7 142.1 143.6 146 151.6 151.8 147.7 144.5 142.6 141.2 144.4 144.7 144.1 142.5 139.3 140.1 136.6 139.3 143.3 144.2 146.8 146.5 144.5 144.4 146.7 148.1 148.3 148.7 149.3 146.4 143.3 145.7 146.1
33.1 28.6 28.3 35.9 42.1 44.2 48.7 52.4 53.7 52.6 54.1 60.7 65.7 63.2 64.7 63.3 83.3 83.7 74 64 59.5 56.4 59.8 63.4 72 71.9 74.4 70 63.6 54.4 44.8 44.4 46.7 46.6 47.5 49.2 51.7 55.9 60.6 61.1 70.4 95.4 103.6 114.2 114.1 112 115.5 123.9 124.2 131.1 137.5 137 137.9 140.4 145.2 147.9 137.9 137.5 138.4 139.4 143.5 145.2 144.9 145.1 143.5 143.4 144.8 147.1 147.8 148 148.8 148 149.1 150.2 150.7 151.6 151.5 152.8 152.1 151 146.8 144.1 141.4
27.1 28.6 31.7 38.1 41.7 43.8 46 49.3 51.7 51.6 51.6 52.4 54.4 54.5 57.3 67.8 74.1 68.5 61.4 53.5 51.4 49.3 53.7 53.1 53.2 50.5 55.7 56 50.3 45.8 41.2 41.2 42.7 41.2 41.2 41.2 41.2 46 53.2 51.5 56.7 73.2 91.5 100.1 101.3 102.5 105.1 115.5 112.8 121.2 128.8 130.2 129.9 131.1 133.4 134.2 129.7 130 141.5 142.1 142.9 143.7 142 143.3 143.4 143.3 144.3 146.7 147.8 148.2 148.1 148.5 150.7 154.9 155.8 155.4 157.6 155.9 157.2 156.6 151.7 149.1 147.8
27 29.7 34.1 38.6 44.8 52.9 59 57.2 60.7 52.2 53 55.4 55.8 54.3 52.3 56.8 57 57.9 50.5 49.3 47.6 44.2 50.9 47.1 45.8 45.3 45.8 45.3 41.2 41.2 41.2 41.2 41.4 41.2 41.2 41.2 41.2 41.2 45.8 46.5 49.2 61.4 70.2 76.2 84.6 89.6 93.9 96.1 107.1 117 118.3 118.4 121.1 122.9 124.5 122.6 122 128.8 138.5 143.3 138.5 134.3 135.9 138 139.8 141.9 144.1 146.1 147.7 147.7 147.8 149.3 153 156.7 155.4 155.4 155.4 156.2 159.6 159.5 159.9 155.6 153.2
26.5 28.1 30 33 38.3 45.8 57 67.4 70.1 59 58.1 65.8 66.6 60.8 51.1 47.1 46.8 48.5 47.3 47.8 43 41.2 49.1 43.7 42.3 41.2 41.2 43.1 41.2 41.2 41.2 41.2 41.2 41.2 41.2 41.2 41.2 41.2 43.4 43.8 47.7 53.1 55.7 59.3 67.3 71 73.1 78.2 106 113.4 109.6 100.2 102.6 106.9 109.3 109.1 123.2 126.3 128.4 127.8 125.2 124.4 123.3 134 139.7 142.3 144.7 143.9 146.1 147 150 151.3 157 160.3 158.9 158.6 159.8 160.2 161.5 161.8 162.5 161.5 158.7
24.6 26.8 29.4 29.7 35.5 41.7 47.9 56.7 65.3 64.3 76 82.2 70.2 56.3 49.9 45.7 44.8 45.2 47 46.9 46.6 41.2 41.2 41.2 41.4 41.2 41.2 41.2 41.2 41.2 41.2 41.2 41.2 41.2 41.2 41.2 41.4 41.2 42 42.8 49.7 57.8 58.9 56.3 54.7 52.5 55 72.7 89.3 94.2 90.5 87.2 89.9 88.9 94.5 110.7 120.2 124.5 127.4 122.6 118.1 120.9 126.2 131.2 138.6 142.4 141.1 140.5 142.7 145.4 149.3 154.2 158.5 162.3 164.4 167.8 164.8 165.9 163.3 162.1 161.8 161.4 160.4
24.3 27.4 27.9 32.3 34.9 40.4 44.3 49.5 58.5 59.2 69.4 76.5 64.8 52.8 45.8 44.3 43.4 43.2 44.3 42.1 42.1 41.2 41.2 41.2 41.3 41.2 41.2 41.2 41.2 41.2 41.2 41.2 41.2 43.5 45.2 47.8 46.5 43.3 42.4 42 46.6 51.7 56.9 54.4 48.2 47.2 48.9 58.9 66 73 71.4 71.6 74.1 74 87.2 93.2 99.7 107.4 112.2 110.5 127.3 132.5 127.1 124.1 126.6 133.5 138.2 142.6 145 147.6 153.5 158.8 161.1 161.3 162.9 162.5 163.5 164.9 162.8 163.7 162.3 161.5 159.8
23.7 25.6 26.1 26.7 26.4 30.9 34.1 39.1 45.4 52.7 63.2 65.9 54.8 45.5 41.3 42.5 42.2 42.2 41.9 41.2 41.2 41.2 41.2 41.2 41.2 41.2 41.2 41.2 41.2 41.2 41.2 41.2 41.2 46.1 48 50.2 46.7 44.4 43.7 42.2 46.2 50.6 51.3 49.3 48.7 46.1 50.1 60.8 60.9 63.3 60.4 62.4 59.4 75.5 78.8 84 88.3 95.1 104.7 120 135.4 136.1 132.6 121.9 119.9 127.8 134.3 139.2 141 146.4 161.3 166.3 166.2 160.5 157.3 157.3 157.5 159.6 160.8 160.8 159.6 160 160.4
21.7 21.7 21.8 30.6 31.8 32.9 33.9 40.6 48.3 41 48.9 45 43.8 41.5 41.7 42.7 42.6 41.2 41.2 41.2 41.2 41.2 41.2 41.2 41.2 41.2 41.2 41.2 41.2 41.2 41.2 41.2 44.4 48.3 48.6 48.7 47.2 45.8 44.7 41.8 44.6 50.2 47.9 44.4 44.6 45.5 48.7 60.6 59.8 58.7 52.7 50.7 59.7 75.3 82.6 83.6 84.4 89.8 103 116.7 124.1 128.9 133.1 129.5 118.2 120 126.4 138.6 138.8 134.5 146.8 156.1 159 153.6 152.1 155.2 160.8 160.1 161.3 161.4 161.3 171 173.8
25.4 29.4 28.4 29.6 32.3 34.3 37.7 47.4 59 51.4 41.8 41.1 41.6 42.8 43.5 44.3 44.6 42.3 41.2 41.2 41.2 41.2 41.2 41.2 41.2 41.2 41.2 41.2 41.2 41.2 41.2 44.6 49.2 47 48.7 48.9 47.8 46.7 45.7 41.4 45.6 47.2 45.3 44.3 44.4 44.8 45.4 46.6 47.6 50.6 48.3 53.5 66.7 78.4 87.3 91.5 86.8 89.7 99.7 110 117.9 120.5 126.9 124 113 107.7 108.2 117.5 120.9 118.7 126.1 135.2 139.5 149.7 159.3 167.5 166.6 161.7 160.7 160.8 162.6 163.1 168.4
27.8 30 31.2 32.3 37.9 45.8 46.6 54.2 66.5 61.4 48.1 49.8 45 47 47.7 42.5 41.5 41.2 41.2 41.2 41.2 41.2 41.2 41.2 41.2 41.2 41.2 41.2 41.2 41.2 42.6 55.3 52 52.7 51.6 52.1 49.2 48 47.3 43.1 46.9 53.2 46.3 44.1 44.2 44.5 45.3 45.9 47.2 47.2 49 66.7 73.3 79.3 86.5 91.6 79.5 79.6 83.6 98.9 109.6 116.3 114.1 108.5 96 98.4 105.9 109.9 108.2 108.7 122.8 136 152.9 155.3 157 157.8 155.9 159.2 162.8 157.1 154.2 155 154.3
29 30.3 32.6 42.7 47.8 52.9 54.8 63.2 68.9 66.9 62.9 63.4 58.5 61.9 58.6 56.6 57.6 45.3 44.6 46.1 45.1 41.2 41.2 41.2 41.2 41.2 41.2 41.2 41.5 44.5 65.7 64.7 60.3 61 66.3 59.3 53 49.8 47.7 42.7 51.2 54.7 45.8 44 44 45.1 45.8 48.7 50.3 48.6 54.9 73.5 80.9 94 94.3 84.1 79.2 68.7 71.5 77.1 85 87.5 87.1 79.3 77.7 85.9 102.4 108 104.9 114 130.6 135 141.3 148.8 151.7 157.1 146.6 146.4 158 150.4 148.5 146.3 143.4
31.4 39.9 48.2 55.1 59.9 66.3 77.3 78.5 76.9 71.9 71.6 71.2 80.5 92.3 81.2 90.6 84.7 63.5 62.8 68.5 59 45.6 41.2 41.2 41.2 42.1 41.2 46.4 52.9 54.4 67.3 70.1 69.4 69.5 67.7 62.5 57.8 53.6 48.5 43.6 44.2 45.6 45.1 44 43.7 44.3 45.7 47.4 50.4 50.5 68 81.2 81.4 85.1 79 75 71.5 68.2 69.1 69.7 72.4 72.9 74.9 76.2 74.7 87.1 100.5 102.7 99.4 112.9 140.4 144.5 142.1 136.1 141.1 147.6 138.8 139.1 140.1 144.6 148.4 149 147.2
30.1 36.3 45.9 57.9 66 83.1 91.4 84.9 84.4 83.2 80.8 97.7 114.1 116.1 109.1 114.7 101.8 85.2 89 89.3 66.5 48.8 41.2 41.2 42.9 45.9 49.9 53.1 70.5 75.2 79.3 77.6 75.8 74.2 69 62.9 58.4 52.8 46.3 46 41.6 47.7 43 43.3 43.5 43.9 44.7 44.3 44.9 56.9 64.2 71.8 74.1 70.4 68.7 67.6 68.7 70.8 69.9 69.1 69.1 70.2 73.4 74.1 72.9 82 95.6 85.1 91 113.7 141 141.8 144.2 139.9 136.5 132.8 133.1 139.6 147.2 149.4 149 149.5 154.4
32.4 37.3 44.4 55.8 67.3 84.5 84.7 85.6 87 91.8 104.2 121.2 142.9 136.5 134.4 135.1 119.4 111.6 102.3 92.6 72.9 55.3 45.3 42.6 43.7 45.2 58.7 67.7 77.6 88.4 95 94.1 83 85.7 73.5 64.9 58.9 51.9 48.3 48.7 42 43.5 44.8 43.1 43 44.2 44.5 44.5 44.9 46.7 51.3 62 66.6 68.7 66.9 65.9 68.1 71.5 72.7 72.8 73 68.8 69.1 69.1 69.1 69.1 71.9 74.2 84.6 98.4 118 120.8 119.9 121.2 141 130.2 129 130.6 142.6 148.5 153.9 154.7 147.4
31.2 35.5 42 51.3 62.6 70.8 68.9 80.9 86.8 97.5 105.6 127.7 145.7 152.4 157.1 153.4 140.1 126.2 106.2 87.5 71 59.5 47.8 44.8 46.8 58.2 71.7 82.1 92.4 93.1 97 95.5 93 90.8 79.3 68.9 64.2 61.9 60.3 66 47.5 47.2 45.8 44.5 45.6 44.1 43.5 43.8 49.1 58.6 63.7 61.9 63.3 59.2 66.7 69.8 71.1 71.9 72.7 72.2 71.1 72.3 73.2 69.1 69.1 69.1 69.2 69.1 70.2 78.5 86.5 89 87.9 100.8 111.3 124.9 140.6 121.4 122.5 133.2 141.5 146.2 141
41.2 39.6 40.4 47.4 55.4 59.4 63.2 80.2 96.6 100.1 106.4 123.8 144.1 152.3 163.9 163.7 150.8 133.4 110.5 88.5 77.5 68.7 52 49.5 54.1 69.7 84.6 98.8 106.6 106.2 100.3 96.4 94.5 86.5 78.9 75 69.5 67.2 70.9 73.9 62.3 52.5 47.7 44.1 42.7 43.4 43.6 48.1 58.6 64.4 73.9 84.6 91.7 85.2 74.2 72.7 75.8 79.5 79.3 75 73.3 77.1 79.4 75.7 69.1 69.1 69.1 69.1 69.1 73.9 80.4 81.7 81.9 86.9 92.7 109 118.3 117.2 116.9 119.3 123.8 126.9 127.9
55.4 47.7 50.7 54.2 52.4 58.6 72.8 89.6 103.8 100.9 112.3 120.9 134.2 140.9 157.3 165.7 154.9 133.7 113.9 94.4 81.4 71.9 57.1 58.1 67.8 83.7 106.7 113.7 123.1 116.3 105.7 103.6 99 84.5 81.9 82.4 81.3 78.5 73 71.9 64.1 56.1 51.1 44.7 43.5 44.8 46.3 51.3 63.4 67.9 76.2 84.3 87 92.6 88.2 80.7 84 87.2 87.5 85 87.5 89 92.8 84.4 76.3 69.1 69.1 69.1 71.2 72.7 79.4 79.7 79.7 84 90.6 100.3 101.9 96.5 105 119.5 122 114.9 116.4
74.6 63 61.2 64.6 63.1 64.6 89.1 106.4 106.2 115.3 121.8 118.9 128.3 137.2 150.8 153.9 152.8 127.9 121.3 97.9 86.1 71 65.5 70.9 81.1 98.5 114.4 124.2 129.2 126.5 111.1 105.2 96.6 91.6 93.4 96 96.6 92 81.1 74 64 57.3 52.9 44.8 44.7 46.1 48.1 54.9 67.4 75.1 78.9 84.2 89.6 92.1 94.4 103.2 107.2 101.4 98.7 96 97.2 101.5 101.4 93.5 81.7 72.9 69.4 70.7 71.2 71.7 71.8 73.5 76.3 81.7 82.3 88 86.7 87.3 89.3 101.6 107.4 103.7 101.4
84.5 72.5 66.4 65.5 68.6 70.2 76.5 86.2 101.5 115.9 115.1 121.4 134 137.2 140.8 139.4 132.9 112.8 108.9 93.9 84.2 71 79.3 76.5 90.6 104.5 116.8 131.8 139.1 130.8 115.1 108 103.6 103.2 101.9 104.6 103.3 99.3 91.9 84.5 74.4 60.6 52.9 46.8 46.2 47.9 50.7 58.4 70.4 77.3 84 90.6 93 97 105.1 118.7 118.3 117.4 106.4 109.5 115.4 115.4 106.1 91.8 84 75.6 71.5 70.4 70.3 71.2 72.7 70.9 71.8 73.8 78.7 82.3 87.3 93.4 90.3 90.3 92.5 94.6 97.3
88 84.5 71.2 71.8 67.4 68.2 69.6 77.8 94.7 106.2 113 118.3 127.8 129.9 136.5 124.6 118.8 106.4 98.5 86.1 78.2 89.2 103 90.3 100.4 121.4 133.8 138.5 142.7 141.4 122.9 113.7 114.4 114 114.9 116.1 109.8 108 103.1 96.6 85.8 72.9 59.7 54 54 52.5 52.5 69.7 76.1 82.5 87.3 90.4 93.2 103.8 108.7 110.2 114.9 115.6 114 110.9 117.5 120.1 113.5 105.3 92.1 82.1 75.8 71 70.3 72.7 74.5 74.2 73.4 76.6 82.6 79.8 90.1 102.2 97.1 92.7 93.3 94.5 97.5
106.4 99.9 90.7 79.3 68.1 68.1 70.2 83.1 86.5 95.7 101.7 111.2 121.4 118.1 110.4 108 108.8 95.5 90.7 83 89.7 114.2 112.2 101.4 118.9 132.5 143.2 141.7 142.7 141.7 133.8 124.1 130.9 125.8 126.5 122.2 116.8 113.7 105.7 100.9 91 78.2 68.9 60.6 56.5 57.4 56.7 71 76.9 82.8 86.5 89.5 103 112.1 110.2 107.3 106.3 109.7 110.1 111 113.3 113.8 113.3 108.1 96.7 90 83.6 72.5 74.5 75.6 75.5 75.7 75.7 78.1 77.3 88.9 97.5 118.9 112.9 102.1 96.2 95 104.1
119.1 112.8 108 100.1 84.4 71.9 73.5 85.2 98.5 104.3 104 99.6 109.6 105.5 94.7 91 94.6 87.2 84.6 88.4 106.9 123.5 129.3 122.3 131.1 132.7 138.2 141.5 142.5 140.2 148.7 147.9 137.5 135.6 133.2 128 124.4 119.6 109.1 101 92.4 84.8 73.4 62.3 59.6 61.7 63.8 72.3 77.3 81 84.1 90 100.2 106.8 107.2 106.3 106.3 107.2 108.9 109.7 109.4 113 116.5 116.9 107.7 94.4 86.6 80.2 79.1 78.6 77.4 77.4 78 77.9 79 88.3 103.4 121.3 117.6 105.9 100.9 100 110.7
120.8 118.8 119.5 111.3 107 95.7 89.4 85.7 92.2 103.9 104.8 103.7 89.9 88 89.8 86.4 85.9 85.3 85.3 91.2 100.2 112.5 122.9 128 137.8 137.4 134.9 147.3 147.3 147.3 151.2 146.1 141.3 139.8 138 137.5 134.9 127.2 111.6 101.2 92.6 88.5 75.2 64.1 64.7 64.3 71.3 79.1 82.6 86.5 92.9 99.4 105 113.9 114.4 114.4 111.3 111.4 109.2 102.1 102.1 102.1 115.9 124.8 121.6 104.3 94.3 85 88.5 87.4 81.3 80.8 79.3 76.7 77.4 82.1 95 103.6 102.4 101.4 102.8 107.9 116.1
125.6 121.6 122.6 118.5 120.4 112.1 103.6 99.2 103.3 108.9 100.2 99.5 88.3 86.6 86.3 86 85.8 85.9 89.1 100.9 101.7 113 121.2 125.3 134.8 131.1 131.8 138.5 143.1 143.7 147 142.2 148 146.6 143.9 138 136.2 128.7 115 101.2 102.6 97 81.2 69.9 68 69.3 85.8 93.8 99.2 97.5 109.3 105.8 109.3 114.2 117.9 123.6 122 118.5 115.7 109.3 102.1 102.1 104.4 111.5 120.1 105.9 95 92.6 92.4 87.8 82.2 79.6 77.9 75.4 76.3 78.7 81.3 82.7 92.1 100.3 110.8 116.4 123.5
137.6 133.9 128.4 126.8 129.5 129.7 121.3 109.4 104.2 101.2 100.4 97.5 88.9 87 86.6 86.2 85.9 86.6 90.9 100.2 111.1 120.1 133.9 123.1 122.2 129 137.4 141.3 144.1 147.5 139.8 140.9 145.1 139.2 138.1 137.1 125.1 116.7 112 112.1 117.1 112.7 92.5 80.9 73.7 75.4 98.6 108.1 117.5 120.6 128.6 122.3 121.5 122.1 128.6 135.9 134.6 131.1 126.2 115.1 105.8 111.9 102.1 106.5 110.2 102.7 98 104.5 103.3 99.8 89.2 82.1 78.6 76.4 76 77 79.8 80.3 94.3 104.6 113.8 123.6 157.7
139.7 138.5 137.8 130.5 134.4 137.5 136.4 127.9 110.8 107.3 104.3 98.6 93.6 87.3 86.8 86.5 86.2 86.5 87.4 95.8 110.5 118.7 126.9 116 118.4 126.2 133.8 136.9 145.7 142 138.1 142.9 146.7 136.8 134.6 136.8 134.6 129.3 127.8 130.8 138.6 117.6 96.9 88.5 88.9 85.8 108.9 122.5 132.3 146 155.5 143.6 139 127.3 138.9 146.9 147.2 144.7 139.4 125.6 112.6 108.9 108.9 108.4 105.6 99.5 101.8 107.5 108.7 106.9 96.4 88.7 83.6 79.1 79.7 82 80.2 78.1 89.7 101.2 117.4 131.9 162.5
143.4 138.5 137.7 136.9 137.3 134.6 131.8 129.2 128.5 116.7 105.8 96.7 89.6 88.7 88.2 86.8 86.7 86.5 86.9 93.2 103.5 110.7 112.2 113.4 124.9 127.3 132.5 127.9 136.1 140.5 136.4 144.2 140.8 135.4 135.1 136 139.8 140.6 139 156 145.6 128.9 111.3 108.1 101.7 93.5 115.2 140.7 163.7 167.5 166.5 156 145.8 143.2 151.7 159.8 159.6 149 140 129.9 122 113.6 114 112.1 108.1 103.3 106.5 107.7 108.9 105.2 99.3 92.7 84.8 80.3 82.5 86 78.4 80.3 84.8 92.9 107.5 146.9 154.2
