app/static/ascii/NC20.asc
ncols 200
nrows 200
xllcorner 220000
yllcorner 900000
cellsize 50
[rows 140 to 174 of 200, columns 78 to 155 of 200]
303.2 309.5 316.4 321.6 329 331.2 332.9 337.3 341.3 344.6 350 356.8 363 366.4 372.6 380.9 386.8 389.6 391.9 391.3 394.2 398.1 400.2 402.1 403.4 405.8 407.3 412.5 417.2 420.9 424.2 427.7 429.1 430.4 431.6 433.3 433.5 433.1 430.3 425.2 418.5 412 405.2 397.6 388.1 379.3 375.2 370.7 366.8 367.1 365.4 364.2 361.4 358.3 358 358.5 360.1 358.1 361.1 362.1 365.1 367.8 372.1 376.8 381.4 387.8 394.4 400.2 406 412.5 417.9 424.8 430.3 432.8 435.1 436 436.9 436.5
303 308.2 312.6 320.7 325.4 327.8 329.8 334.4 338.7 342.3 347 352.8 360.5 365.7 376.3 381.8 383.4 384.9 386.6 388 392.9 398.2 401 403.9 407.1 410.9 411.5 413.3 418 422.5 426.3 431.9 435.9 438.3 439.3 439.9 441.3 440.8 437.2 431.2 423 415 407.1 399.6 390.5 381.7 379.3 376.1 374 376.1 369.3 369.5 366.9 365.1 363.4 361.8 363.7 364.8 365.2 368.6 373.4 375.5 379.7 383.3 388.8 394.6 400.3 406 410.5 416 426.2 434.6 440 442.9 445.6 447 447.3 446.2
302.4 304.8 310.1 319.3 322.9 324.2 327 332.3 337.1 340.1 344.5 349.7 358.3 365 373.3 376.6 378.9 380.9 382.9 385.3 389.5 394.4 398 402.1 406.6 410.8 413.5 417.2 422.5 429.1 434.8 438.3 441 443.6 445.2 446.3 446.2 445.5 441.7 435.1 427.3 418.8 410.5 402.1 392.9 386.2 382.3 381.4 378.4 378.7 375.2 373.6 375 370.5 371.6 370.6 372.7 372 376.4 375.6 380.9 384.1 387.7 390.7 395.2 400.5 405.9 412.2 418.3 426.6 435.2 443.1 448.6 451.2 454 455.6 456.1 455.8
298.4 302.4 308.9 316.8 320.1 319.1 320.4 327.2 332.4 336.8 341.6 348.3 356.6 362.2 370.4 373.5 375.4 378.4 381.8 383.2 386.5 391 396 402.7 408.1 412.4 415.5 422.5 428.7 434.3 439.4 443 445.3 448.2 450.8 451.7 451.7 449.8 445.9 438.7 431.8 424.1 415.2 406.9 399.3 393.6 388.3 386.6 382 381.1 380.5 378.2 377.3 377.9 378.2 378.4 380.4 381.2 385.1 386 388.5 391.9 395.3 399.1 403.4 407.8 413.7 420 427.6 437.6 444.8 449.9 454.4 458.7 461.6 463.9 465.6 466.4
291.8 295.2 303.3 311.2 314.9 314.4 318.1 324.2 330.2 334.7 340.1 345.2 353.3 359.5 365.7 369.1 371.2 373.7 377.7 382.3 386.2 391.5 398.2 404.1 409.2 413.9 417.6 423.8 432.3 439.4 445.2 447.1 449.1 452.9 455.2 456.1 455.1 453 449.1 441.9 436.1 430.3 423 414.9 408.3 403.3 397.9 394.4 391.7 387.1 387.9 387.1 385.7 385.2 386.8 388.8 390.1 393 394.9 395.5 396.4 400 403.2 407.5 411.8 415.7 420.9 428.5 437.4 444.3 450.4 455.9 461.1 465.4 469.4 472.4 475.2 476.4
287.5 290.7 296 302.1 306.3 311 317.3 324.1 328.3 333.7 339.2 343.5 350.7 357.6 361.2 363.9 366 371.5 376.7 381 385 391.7 399.2 404.6 410.2 414.2 418.5 425.9 433.7 441.4 446.7 451 454.1 455.9 457.4 458.1 457.4 455.5 452 447 443.1 437.5 430.7 423.3 416.6 412.6 409.9 404.9 399.9 397.4 396.6 395.4 394.9 395.3 395.8 398.6 400.4 401.7 404.2 404.9 405.8 408.3 411.2 414.9 418.8 422.5 426.8 433.5 440.9 448.2 454.6 460.9 467.6 472.8 477.2 481.2 483.9 487.1
287.2 290.1 296.4 300.8 303.7 309.4 313.7 319.4 324.7 330.2 335.9 341.7 348.1 351.7 355.7 358.2 364.4 370.1 374.2 378.2 383.1 389.9 396.6 402.4 407.2 413.2 421 428.3 437 445.8 450.4 455.6 459.2 461.9 462.2 461.7 460.1 457.9 455.4 451.2 448 443.6 437.7 431.2 425.5 421.7 418.6 415.5 411.5 408.1 405.1 403.3 402.6 403.8 405.1 406.8 408.8 410.7 412.8 413.4 415.2 417.3 419.6 422.2 424.9 428.4 431.2 436.9 443.8 450.9 459.4 466.8 474.6 481.6 486.7 490.7 494.7 499.2
284.7 288 295.9 298.4 300.3 306.4 312.6 318 320.7 325.4 331.7 337.5 343.1 347 351 355.3 362.9 369.2 372.6 375.4 379.9 385.7 392.8 399.1 406.4 416.2 422.3 430.7 440.4 448.3 454.9 459.4 464.4 467.7 468.2 465.8 463.5 461.5 458.6 455.6 452.3 448.5 444.2 439.6 434.6 430.3 427.7 424.9 420.8 416.3 413.5 412.2 412.9 413.5 413.9 415.4 418.4 420.5 421.6 421.8 424.4 426 428 430.2 433.3 436.3 438.9 442.9 449.4 455.7 464 474.1 484 490.2 495.8 501.2 506.7 513
283.1 284.2 291.9 295.6 300 303.4 308.7 313.4 316.8 322.2 328.9 334.7 340.3 344.6 348.5 354 359.2 364.5 368.8 372.6 377.4 384.8 390.2 396.2 404.8 413.4 423.6 431 442.7 450.3 456.8 462.3 467.4 471.6 471 469.1 467.4 465.7 462.5 459.2 455.9 452.6 449.8 446.3 441.8 437.1 434.6 431 426.7 424.2 421.8 422 422.6 423.2 423.9 426.1 428.7 430.2 431.3 431.4 433.4 435.4 436.4 439.2 442.1 444.7 447.6 449.6 455.9 462.4 471 482.9 492 499.1 506.1 512.8 518.7 524.1
274.4 278.7 285.7 288.8 293.7 298.5 304.7 308.8 313.6 319.1 325.4 331.2 337 342.5 346.1 351 356.3 361 365.3 369.1 374 379.3 383.8 390.8 401.4 411.9 420.8 428 440.1 449.3 456.8 461.2 464.9 468.9 469.1 468.7 467.6 466 464.1 462 459.4 457 454.2 451.2 446.7 443.3 441.1 434.9 432.1 432.2 431.1 431.7 433.1 433.1 434.3 435.6 437.9 438.7 439.7 440 441.3 443.4 445.2 446.8 448.9 451.8 455.5 458.4 462.4 470.2 480.8 492 500.6 509.2 516.3 523 529 535.4
269.5 274.2 281.3 284.7 287.7 292.5 299.6 302.9 310.3 316.2 322.4 327.9 333.6 338.3 342.7 350.6 355 358.3 360.7 363.6 368.3 373.5 379.5 386.3 398.3 410.2 416 424.8 435 445.2 452.4 457.4 459.4 461.9 463.6 464.1 464.3 463.8 462.5 461.7 460.4 459.4 456.6 453.6 451.4 448.1 445.3 443.1 441.1 441 440.2 440.3 440.5 441.6 442.5 443.1 444.1 445 446.4 446.3 447.7 449.6 451.8 454 456.6 460 463.3 466.6 470.8 480.1 491 501.2 509.4 517.9 525.5 532.9 539.9 547.6
269.1 274 278.2 281.4 283.7 288 293 297.4 304.4 311.7 319.2 325.7 331.2 334.7 339.5 345.5 349.5 351.6 353.8 356.7 363.9 370.5 377.4 384.6 396.5 404.5 410.3 420 429.9 440.2 446.6 451.1 452.3 454 456.6 458.1 458.8 460 461 461.5 461.2 458.9 455.8 454 453.9 453.6 452.7 451.6 450.5 449.6 449 448.5 447.9 447.6 448.3 448.7 448.9 449.6 451 451.5 452.4 453.9 456.7 459.7 462.8 465.9 469.8 473.8 480.3 489.4 500 509.3 518.1 526.3 535 543.5 548.8 559.1
265.7 271.6 275.2 279 282.8 286.7 290.5 294.5 300.9 306.7 313.5 320.8 326.9 330 333.8 338.5 342.7 344.7 347.7 352.5 360.1 366 372.9 378.7 387.7 396.8 404 414 423 431.8 438.3 443.5 444.5 445.7 448.6 450.3 452.8 456 457.9 461.9 457.7 454.4 454.4 454.1 455.9 455.8 456 456.9 457 456 456 455.5 454.6 453 451.4 450.6 450.4 451.1 452.7 453.6 454 456.7 460 463.2 465.7 469.4 474.4 480.3 488.2 497.5 507.5 516.8 524.9 533 541.2 548.5 555.1 561
260.7 266.5 270.9 275.2 280.3 284.2 287.8 292.4 297.3 304.6 311 316.9 321.2 325.3 329.4 332.2 334.6 338.2 343.1 348.7 354.8 361.6 367.3 372.7 381.9 391.2 397.3 406.8 415.1 423.6 430.3 435.3 437.1 437.3 439.7 443.4 447.7 451.8 455.1 452.4 450.1 450.9 452.7 453.4 454.9 455.2 455.7 456.7 458.5 458.8 458.2 457.3 455.8 453.4 452.2 451.1 450.2 450.4 451.7 453.5 454.3 456.9 459.8 463.6 466.6 471.6 478 485.7 494.2 504 513.5 522.7 531.2 539 544.5 549.6 554.5 558.9
256.2 262.3 267.8 270.5 275.1 278.4 282.4 287.6 290.5 298.3 304.4 308.9 314 318.8 323.9 327 329.8 333.9 338.7 343.9 348.8 355.4 360.8 367.4 375.7 383.9 391.3 400.1 406.7 413.5 418.5 423.8 427.9 430.1 431.3 433.7 439.3 444.6 443.4 440.9 443.7 447.4 449.8 451.4 454.6 455.1 455 456.2 457.1 457.6 456.8 455.7 453.3 452.4 451 448.9 448.9 448.9 449.4 451.3 453.5 456.7 459.3 462.8 466.4 473 480.6 489.3 498.7 508 516.4 525.6 533.6 538.9 543.8 546.9 549.4 553.6
254.3 258.9 261 268.2 272.8 275.6 278.3 283.5 287.4 292.6 300.1 304.9 308 312.6 316.8 320.5 325.8 330.8 336.8 342.2 345.4 348.9 352.4 357.7 365.4 374.3 383.5 391.8 399 404.7 409.8 415.6 420.8 423.6 424.4 426.6 430.8 431.6 431.7 435.5 441.5 446.3 447.8 450.2 453.1 455.3 456.1 457.1 457.1 456.2 455.5 453.8 451.4 450.6 448.4 445.4 445 445.3 445.7 447.7 450.9 452.6 456.4 459.9 465.7 473.3 481.5 490.3 499.5 506.9 514.5 522.3 529.5 535 538.9 542 544 547
251.3 253.6 257.1 264.2 268.8 273.5 278 279.3 284.4 293.2 299.6 305.2 308.9 312.9 316.2 320.1 325.3 331.2 335.8 340.1 344.3 346.5 349.4 353.3 359.5 368.3 375.5 382.3 389.9 397.9 401.9 409.2 415.5 417.2 417.8 420.7 422.8 426.5 433.2 440.9 445.1 445.7 449.2 452.7 454.1 457.7 458.5 458.2 458.3 457.4 453.2 450 447.9 446.4 443.7 441.9 439.9 440.2 441.8 443.9 445.7 448.2 451.9 455.9 462.6 471 478.9 486.5 494.6 501.1 507.3 514 520.9 526.1 530.3 533.5 536.9 539.8
244.5 245.4 253.2 259.7 264.5 269.7 272.1 278.4 282.5 289.1 295.9 300.2 305.7 309.4 313 317.1 322.4 328.1 332.1 335.9 340.3 343.9 349.3 353.6 359.1 367 373.5 377.7 382.8 390.5 394.9 402.9 408.6 410.2 414.3 415.1 418.6 427 434.8 439.2 443.5 448.8 453.5 458.2 462 462.6 462.2 460.4 457.4 455.4 451.1 446.5 443.2 440.9 438.7 436.5 435 434.7 436.4 438.3 440.7 442.9 445.3 449.3 455.8 462.7 469.7 476.1 482.5 488.8 495.3 502.2 507.5 513.1 518.4 522.8 526.3 529.2
237 241.8 247.3 252 254.6 258.1 261.5 271 277.3 282 287.2 295.3 302.8 306.6 309.6 313.9 318.6 323.5 330 333.8 337.5 341.5 347.5 352.8 357.5 364.7 368.8 372.9 378.4 384.3 389.4 395.4 400.6 407.4 412.4 410.7 416.4 423.5 433.5 443.9 447.7 452.4 457.6 462 464.3 465.2 462.7 459.8 456.1 453 449.4 443.5 438.6 435.4 431.3 428.3 428.6 427.2 430.1 431.3 433.2 435.6 438.1 441.7 447.2 453.3 457.7 462.4 468.4 475.7 482 488.3 493.2 497.8 502.9 508.4 512.5 516.1
233.2 236.5 240.9 246.4 248.3 253.4 260.5 267.2 273.9 279.8 289.7 297.8 303.8 308.4 311.7 315.6 319.3 323.4 329.4 330.5 333.7 338 343.6 349.2 353 358 362.7 367.2 375.3 380.7 387.8 393.2 399.7 401.9 405.4 411.9 421.3 428.6 436.6 445.4 452.3 458.6 461.9 464.2 465.7 464.5 462.2 458.7 454.9 450.8 445.6 439.3 434.1 429.9 425.4 421.1 421.3 420.9 422.6 423.1 424.6 426.5 429.8 433.7 438 442.4 446.3 449.5 453.8 460.8 466.3 471.5 477.9 482 487 492.6 498.2 502.2
230 231.6 232.1 238.2 245.2 253.7 263 267.1 273.2 279.7 288.4 295.3 300.6 305.4 308.8 312.3 315.6 320.3 325.1 326.9 330.5 335.3 340.6 344.4 348.7 352.4 356.8 363.2 371 376.3 380.4 386.9 392.4 393.3 407 419.3 428.5 434.2 442.2 450.8 455.3 461.6 463.4 464.8 464.5 462.4 460.9 456.2 452.4 447.2 441 435 429.1 424.4 420.7 416.5 414.5 414.9 416.1 415.7 416.1 418 419.8 423.5 426.8 429 432.3 436.4 440.7 445.3 450.2 455.3 461.3 465.7 471 476.5 482 487.5
221.5 222.6 228.7 234.9 240.5 251.1 259.2 265.2 269.3 276.3 282.9 287.8 293 299.2 304.7 308.8 311.8 313.5 316.8 320.4 324 328.4 334.2 339.8 343.3 347.4 351.2 356.7 362.9 368 375.5 379.9 389.9 406.5 416.5 425.2 434.1 443.5 451.6 456 461.2 461.6 460.8 462.3 461.6 459.5 456.5 452.7 449.2 443.8 437.3 430.6 424.4 419.5 415.6 413.7 410.1 408.5 408.3 406.8 408 409.4 410.7 412.4 414.6 417.1 418.8 422.9 426.5 431.7 435.7 439.2 444.2 448.1 453.3 460.1 465.5 471.2
214.5 217 219.7 223.3 227.9 245.1 255.2 262 265.4 271.2 276 281.1 286.4 292.3 297.4 300.4 303.3 307.6 310.5 314.6 317.9 321.2 325.1 329.4 334.7 339.6 344.9 352.8 358.1 363.5 375.8 388.5 397.9 408.3 418.7 430 443.9 453.9 456.6 457.2 458.1 458.2 458.3 458.7 458.2 455.5 451.5 447.4 443.6 438.1 431.3 425.2 419.5 413.5 410.1 408.1 405.5 403.7 403.1 400.3 400.5 401.3 402.8 404.3 404.2 405.7 407.8 410.4 415.1 418.3 421.4 425.4 427.8 431.9 436.8 443 449.1 455
208.7 213.2 214 214 227.5 238.1 248.3 251.2 255.9 263.1 268.5 275.4 281.6 290.7 296 298.4 301.8 301.9 303.9 306.2 310.6 315.9 320.7 325.8 332.6 338.8 343.4 349.3 357.2 368.8 382.3 390.8 401.3 411.1 422.3 436.1 449 452.6 452.9 453.4 453.6 453.8 453.9 454.4 453.6 450.4 446.6 441.7 436.7 430.8 425.4 420.1 414.5 408.9 404.5 400.8 398.6 397.9 395.4 393.8 393.2 392.1 393.6 393.2 393.7 395.5 397.1 399.2 402.7 405.3 407.4 410.5 414.6 416.9 421.4 426.5 431.7 437.5
209.9 210.3 207.6 217.1 230.2 239.3 243.8 249.9 253.6 256.4 260.8 268.4 276 283.5 291.1 296.4 298.9 300 301 302.6 307 312.5 318.2 324.8 332.1 338.6 341.4 350.3 361.8 372.1 381.5 390.4 400.9 407.7 416.5 425.7 434.6 442.4 447.9 449.1 448.8 448.6 448.2 446.9 446.4 444 441 434.9 429.4 424.1 419.3 414.6 409.2 403.5 398.6 396 393 392.8 389.9 386.1 384.8 384.2 384 384.7 386.4 387.3 388.9 390.3 392.1 393.8 396.2 398.6 400.6 403.7 407.2 410.3 414.2 419.7
200.6 201.2 203.5 211.1 229.1 237.9 241.2 250.6 254.1 257 262.1 268.6 273.1 277.6 283.5 291.4 296.2 296.9 297.7 301.7 307.1 311.1 316.6 323 330.3 336.9 342.1 350.6 361.2 367.8 375 384.6 394.4 399 406.6 415.5 426 434.5 441.1 442.7 441.5 441.7 441.5 440.3 438.8 436.2 433 427.9 422.4 417.4 413.2 408.1 403.1 398.1 393.3 391.1 388.9 387.7 384 380.3 378.5 377.5 377.2 377.2 377.6 378.4 380.5 381.2 382.3 383.6 386.5 387.4 389.6 391.8 393.8 398.1 401.3 404
196 198.1 199.7 202.8 220.3 230.1 237.3 245.5 251 254.7 261 266.6 274.2 277 278.6 280 283.2 286.6 289.7 297.7 305.5 306.9 311.6 315.6 320.9 327.3 339.3 349.4 357.3 361.3 364.9 372.8 381.4 388.9 399.1 411.9 422.2 429.4 436 436.7 435.8 434.1 433.1 432.6 430.9 427.6 424.4 420 415.2 410.2 406 401.1 396.1 390.8 387 386.1 383.1 381.6 379.5 376.3 372.8 372 370.4 369.7 369.7 370.6 373 373.5 373.7 376.1 376.8 377 378.7 381.6 383.9 386.5 393.5 394.5
195.4 199.4 199 201.3 214.1 227.4 235 242 245.9 251.2 257.7 265.1 270.1 273 275.9 278.3 279.7 283.2 286.4 289.7 296.1 299.8 303.1 305.4 315.8 325.5 335.8 345.7 352.9 358.6 365 373.6 380.2 388.5 397.2 406.4 417.8 423.7 427.8 430.4 430.1 428.4 426 423.9 422 418.5 415.1 410.9 406.4 402.5 398.7 394.1 389.3 384.6 380.6 379 377 375 373.6 370.3 366.8 366.7 365.1 363.5 362.8 363.3 363.6 365.2 366 369.1 367.5 366.9 368.9 370.9 374.4 377.9 384 384.8
197.4 198 200.4 205.6 216.7 228.4 236.7 241.7 243.9 251 255.3 259.6 265.3 267.9 269.9 273.1 274.3 279.7 284.2 286.4 289.7 293.8 297.3 305.6 316.1 325.8 333.1 341.6 348.2 352.9 359.4 367.8 376.7 386.4 394.5 405.3 411.8 418.4 421.5 421.4 421.2 419.4 417.3 415.9 412.8 408.8 405.5 401.2 395.9 392.8 392 388.4 384.8 379.5 375.7 374 369.3 367.9 367 364.4 361 359.7 357.6 356.3 355.5 355 354.4 355.1 355.7 359.5 358.7 358.7 361.7 363.3 365.6 366.3 379.3 389.4
200.1 199.9 201.1 203.6 206 220.7 228 226.2 237.8 244 248.3 248.4 253.7 260.3 264.9 267.6 271.2 275.3 279.7 281.7 282.5 285.4 291 296.9 306.7 315.2 321.4 331.2 338.1 340.8 350.2 356.3 361.1 369.3 377 386 396.3 403.1 408 410.6 409 407.2 406.5 405.9 403.8 400.5 397.3 391.2 387.3 384.7 383.6 381.3 378.5 374.3 370 368.3 365.2 362.6 362 359.6 357.4 354.6 351.7 350.4 350.4 350.9 349.3 348.1 348.5 349.7 350.2 351.6 354.1 355.9 359.6 369.2 377.4 383.5
203.5 205.3 205 203.2 210.4 224.1 233 234 236.1 238.7 242.1 243.3 242.1 249.4 254.4 258.6 263.8 269.8 273.6 276 281.7 289.9 293.6 298 303.7 310.5 316.5 323.8 332 339.5 347.2 351.1 357.6 361.7 366.1 373.5 380.3 388.1 395.2 398.9 400.8 400.3 398.6 396.6 395.3 391.6 387.2 382.9 380.4 377.9 375.2 372.9 370.3 367.1 365.4 362 360.1 357.8 356.4 355 352.4 349 347.2 344.9 344.9 346.9 348 344.6 345.2 346.7 344.8 346 347.9 346 361.6 367.1 372.8 375.5
204 207 206.8 201.8 207.7 217 225.2 230.2 234.4 241.4 245.2 247.7 248.5 253.2 254.4 254.6 253.8 255.9 260.1 267.9 276.1 285 288.4 294 300.7 306.6 312.4 315.8 320 327 336 343.8 351.1 355 360.9 365.3 370.7 377 382.2 386.8 390.4 390.8 389.6 387.5 386 383.7 381.2 377 372.9 370 366.4 364.3 361.7 360.2 358.6 357.1 356 354.7 352.4 351.7 348.2 344 341.9 341.2 340.1 339.5 340.7 339.9 345.8 341.8 337.7 341.3 349 349.8 356 361.7 365.9 368.5
202.2 204.9 202.4 201.4 207.4 213.6 218.1 222.1 227.2 231.4 236.2 240.9 244.4 249.9 254.3 256.4 258.1 255.8 263.7 265.4 271.1 279.1 281.8 288 295.2 303.6 308.7 314.3 320.2 324.5 326.1 328.1 332 339 347.6 354 357.2 363.7 369.4 373.3 376.8 379.9 380 379.4 378.9 376.8 373.9 370.2 367.7 364.9 361.9 359.2 356.7 354.6 352.4 351.9 351.7 350.8 349.2 348 346.4 342.1 338.5 337.3 335.9 335.3 334.7 334 337.7 335.7 338.4 344.3 349.5 347.1 351.1 357.4 362.7 365.2
202.4 204.7 202.6 201.8 211.9 213.8 216.5 219.3 223.8 227.5 232.4 236.9 239.8 242.7 243.8 248.1 248.7 253.1 257.8 260.1 264 270 271.8 279.5 286.7 292.7 302.2 306.7 310.6 315.7 319.9 323.5 328 334.1 337.7 339.2 342 351 356.5 360 364.2 367.4 368.9 369.4 370.5 369.1 367 364.6 361.3 359.1 356.2 354.5 352.2 348.9 347 345.6 345.3 346.1 346.3 343.7 341.5 339.4 336.7 335.3 332.3 330.5 330.2 329.7 330.4 333.5 335.8 338.4 345.1 342.6 349.2 354.9 359 362.6
198.5 201.4 199.5 202.5 209.4 212.1 214 216.4 221.2 225.9 230.2 232.3 235.5 235.7 235.9 240.6 243.2 246.3 249.5 254.3 263.7 265.4 264.7 270.3 277.6 283.8 291.3 297.6 301.9 305.8 310.4 314.4 318.3 323.8 328.3 332.2 334.2 338.3 342.2 345.6 351 357.4 359.2 359.9 361.2 360.8 360 358.2 355.9 353.3 350.4 348.6 346.9 343.2 340.9 339.8 339.7 341.1 341.2 338.8 337.5 335.9 335.2 334.1 332.1 328 326.4 326.8 330.2 331.2 333.3 330.2 333.8 339.9 346.8 351.6 355.3 358.3
