app/static/ascii/NC21.asc
ncols 200
nrows 200
xllcorner 220000
yllcorner 910000
cellsize 50
[rows 0 to 34 of 200, columns 0 to 77 of 200]
459.8 454.6 447.5 444.8 451.3 453.7 449.3 442.7 431.2 412 403.3 395.7 393.1 388.8 381 373.1 362.9 355.6 357.1 351.7 349.3 346.9 343.6 346.5 351.4 357.5 367 368.2 375.1 378.3 379.8 380.3 378 380.5 380.5 380.7 378 380 370.9 371.8 371.6 367.8 367.8 367.8 367.8 367.8 367.8 374.5 393.6 400.3 398.2 397.1 397.5 393.2 388.5 379.3 366.4 352.7 339.2 324 311.9 302.8 292.1 281.3 269.9 258.1 243.9 234 217.9 207.7 203.1 194.5 195.3 196.6 202.7 201.1 191.9 184.5
455.5 450.5 445.5 444.1 446.1 451 447.2 443.4 430.7 418.9 414.8 409.5 408.1 406.1 401.7 391.2 377.5 369.6 364.8 361 354.7 346.6 355 365.1 379.5 383.3 382 386.7 395.8 394.1 393.4 391.1 389.9 390 386.3 386.7 382.3 383.5 375.2 374.7 374.8 367.8 367.8 367.8 367.8 367.8 367.8 372.2 388.5 394.6 397.1 397.6 397.3 395.9 396.7 391.9 383.1 365 347.3 330.8 318.7 306.9 295.7 282.8 271.7 262.7 250.7 235.7 229.4 233.1 228.9 217.7 219.8 219 214.5 206.5 194.3 186.5
455.6 451.9 448.3 444.1 441 442.1 445.3 438.4 430.7 426.7 423.4 418.1 419.1 423.5 419.6 408.5 401.4 393.9 377.9 366.1 357 362.1 375.8 395.3 395.2 402.2 399.5 402.8 411.5 410.9 406 408.7 405.7 403 398.6 392.4 387.1 382.4 379.5 380 381.2 377.4 375 375.7 367.8 367.8 367.8 375.3 387.1 395.9 397.8 403.2 400.6 398.3 403.7 404 396.2 383.4 356.3 334.9 320.8 309.9 295.7 286.1 279.9 271.4 257.3 249.8 248.7 246.6 241.5 234.2 229.8 225.8 216.5 209.2 198.6 189.8
459.1 453.5 447.3 444.6 441.8 437.9 438.9 433.7 429.9 427.4 426 425 425.2 424.5 426.9 421.8 413.2 402.9 383.3 383.7 373.2 387 402.1 408.7 415.4 415.3 411.3 411.1 424.4 422.9 417.8 419.3 417.2 413.8 407.7 403.3 394.6 390.3 392.7 387.7 385.5 384.9 380.5 376.5 374.8 371.2 373.8 377.8 389.8 395.4 403.8 402.9 400.6 400.6 403.5 407.5 403.7 390.8 360.7 338.6 323.9 311.1 301.8 294.5 284.1 273.6 265.1 269.4 262.5 253.8 247.5 239.5 234.3 226.7 219.5 210.1 200.5 192.1
457.4 454.7 449.9 446.8 442.9 440.6 435.2 432.6 430.6 429.7 428 427.1 426.5 424.3 425.1 421.9 415.8 411.8 404.6 402.6 398.3 407.1 415.9 423.2 424.3 420.2 419.1 421 420.7 423.6 423.8 423.9 423 421.4 415.1 411.2 405.7 401.3 400 397.4 392.2 391.6 387.7 381.3 377.8 374.5 378.1 380.5 384 397.5 400.4 400.5 398.4 400.3 401 402.5 396.1 379.5 356.5 341.3 330.9 318 308.5 299 288.5 277.8 277.7 275.6 265.7 258.9 251.4 243.8 237.8 229.3 223.7 213.2 202.8 193.8
451.7 451.2 449.5 447.2 444.9 439.8 437.1 435.2 433.4 433 433.7 431.4 428.5 426.6 426.4 427.5 423.7 418 414.9 410.2 408.2 416.8 424.5 424.6 423.1 421.7 422.1 421.6 421.3 422.6 423.4 423.1 423.5 422.7 421.1 417.7 414.4 411 407.7 409.4 408.1 402.3 398 386.1 382.3 380.3 383.2 387.9 389.5 396.1 398 400.6 397.3 396.5 397.7 397.7 387.1 371.2 353.1 342.2 331.4 323 310.7 304 293.3 289.1 291.7 288.3 274.2 262.9 255 247.9 240.1 233.4 225.1 214.5 204.3 195.4
451.1 449.3 453.2 453.8 444.1 441.6 442 439 436.1 434.8 434.1 434 431.4 431.4 433.2 431.7 431 428.3 422.5 410.5 413.5 419.2 423.4 424.7 423.7 423.2 421.7 419.1 420.4 421.2 421 421 421.9 423.3 423.9 421.8 418.6 420.9 417.4 417.9 413.1 409.4 404.5 393.2 385.8 385.5 388.5 393.3 395.8 395.6 398.9 398.8 394.4 392.1 388.8 386.5 378.5 364.5 353.8 344.2 334.6 324.2 316.7 307.4 302.5 303 307.6 295.5 279.4 268.9 258.1 250 241.9 234.4 225.2 215.2 206 194.3
452.9 449.9 449.9 448.9 445.2 442.1 442.3 438.9 438.4 441 441.1 437.2 434.9 435.1 434.1 433.5 436.9 430.9 423.9 425 424.6 420.9 420.5 421.7 418.7 418.5 421.3 417.7 417.7 420.3 421 421.9 422 422.8 424.2 425.4 422.8 425.7 426.1 423.3 419.5 414.2 410.4 403.4 391.8 389.3 394.3 395.5 401.2 401.7 399.9 397 390.3 386.9 384.3 377.6 368.5 359.7 352.6 344.9 334.9 328.7 319 315 311.1 314.7 314 302.7 283.7 271.4 259.5 250.4 241.7 233.6 224.7 213.7 203.3 192.8
449.1 446.1 444 444.6 440.6 441.3 439.5 440.9 439.2 441.4 444.1 440.6 436.4 435.2 434.3 437.1 433.6 429.4 432.2 433.6 431 426.9 421.4 418.7 417.7 417.7 417.7 417.7 417.7 417.7 417.7 422.1 421.9 423.3 423.2 427.5 429 431 431.3 429.8 423.5 421.6 417.8 411.2 399.6 400.2 396.1 399.1 404.1 406 401.2 396.3 388.6 383.5 379.5 375 366.2 358.5 352.6 345.1 338.7 332 325.8 321.7 320.4 318.2 316.5 308.5 290.9 275.8 262.1 251.1 239.6 229.9 223 211.7 200.8 187.8
448.4 448.9 447.5 440.9 440.2 438.3 438.2 438.5 438.1 438.7 438.8 440.8 438.6 435.1 433.9 434 431.1 431.5 433.5 432.3 432.4 429.5 423.2 424.3 424.4 425.3 417.7 417.7 417.7 417.7 417.7 421.7 424.8 424.7 423.1 429.4 435.1 438.6 437.5 433.3 428.6 426.8 423.7 416.5 405.3 402.7 401 402.2 405.1 405 398.9 392.7 386.5 381.6 374.5 368.6 362.7 356.4 351.3 345.5 339.7 334.8 329.4 325.3 321.8 319.5 313 306.2 291.2 279.5 264.3 250.7 237.8 227.4 222.5 212.6 198 185.5
450.2 449.8 443.4 442.9 442 441.8 440.3 439.7 438.3 439.5 439.9 439.9 441.1 436 431.8 430.8 432.9 433 434.5 433 432.9 427.8 427 431.1 435.6 435.8 433.7 425.1 422 417.7 417.7 417.7 417.7 422.3 426.3 431.9 437.1 441.4 438.1 435.4 433.2 431.2 428.4 420.1 409.4 409.2 404.4 405.2 406.2 403.2 395.2 389.3 384.2 380.9 374.7 367.4 360.2 355.3 349.7 345.5 340.7 333.9 328.1 324.9 322.3 318.9 312.2 301.8 291.5 281.5 265.9 246.9 234.8 225.1 219.6 207.4 188 180.4
451.6 449.3 446.2 445.8 448.7 444.3 443.9 445.7 442.3 436.8 436.5 436.8 435.7 433.8 433.4 433.3 434.5 437 435.5 436 435.9 433 433.9 435.1 439.5 444.1 443.5 434.9 430.2 426.3 422.7 417.7 420.9 424 424.7 429.1 436.9 439.9 438 436 434.9 435.2 430 421.9 418.2 409.5 407.1 402.4 402.3 398.1 390.7 383.3 381.3 380.6 377.6 364.7 360.7 355.3 349.8 346.9 342.3 336.8 329.7 326.1 320.8 316.7 312 303.7 293.7 278.8 267.2 252.3 236.4 234.6 226.3 212.9 201.1 188.6
457.2 452.2 452 451.6 450.5 450.1 449.8 447.2 443.9 439.3 437.2 437.2 431.1 431.1 431.1 438.9 440.6 438.9 438.3 437.2 437.3 439.1 439.8 435.7 437.7 442.6 446 439.5 436 434.3 437.3 438 435.7 429.2 431.4 435.6 439.2 438.1 440.4 438.6 440 437.4 430.6 422.9 417.3 410.8 407 403.4 396 390 394.6 389.9 385.8 380.7 378.7 375 369.1 361.7 354.5 349.1 344.7 338.8 331.1 328.3 322.8 314.9 310.3 304.9 294 282.6 268.3 256.6 258.9 261 237.9 213.2 200 190.2
470.2 462.7 459.4 459 456.6 457.9 456.4 452.6 447.2 440.6 439.1 438.1 433.2 431.1 431.1 440.3 446.2 444.2 441.7 440.3 438.8 439.5 439.8 438.8 441.9 444.8 441.2 438.3 438.5 441.8 448.5 457.6 454.4 446.7 442 442.7 444.9 448.8 443.6 441.3 440.6 438.2 430.6 427.3 419.9 414.1 406.2 400 396.4 399.1 399.5 403.3 397.4 387.2 382.8 381.2 376.2 368.8 363.6 355.4 350.3 341.6 333.4 329.8 324.2 318.6 312.6 306.4 297.6 285.9 274.9 266.1 270.5 267.2 250.8 218.7 201.7 189.5
485.5 481.1 474 469 469.2 469.5 464.4 459.1 453.8 449.2 446.8 441.4 437.4 436.4 436.4 437.6 443.2 445.5 444.6 444.1 441.3 441.7 440.2 438 438 438 438 438 440.6 447.9 452.4 457.2 459.1 455.6 448.8 454.8 455 452.5 448.6 447 444.1 442.8 435.5 429 422.4 414.2 405.4 403 400.3 403.7 405.1 404.4 400.2 395.3 390.4 386.6 382.3 377.2 370 364.2 357.8 349.9 340.5 333 327.4 320.7 315 308.4 300.5 290.6 278.6 270.5 268.5 262.8 253.7 224.9 207.5 193.8
506.4 497.6 492.5 488.1 485.6 479.9 473.6 470.1 464.5 456.6 454 448.4 443.8 441.1 438.5 438.4 442.2 444.2 446 448.7 448.2 448.3 443.4 438.7 438 438 438 438 438 443.2 448 452.3 456.1 459.1 459.3 457.5 456.5 459.3 459.6 451.9 447.5 443.4 437.2 429.9 422.5 412.9 407.7 409.1 408 410.1 410.8 410.8 405.2 402.6 396.9 391.9 388.8 382.8 378 375.3 369 358.7 349.6 341 332.7 324.4 317.4 310.9 303.6 296 284.9 277.1 272.4 266.4 252.1 231.6 213 196.9
532.9 525.3 519.4 512.8 508.2 500.8 496.8 490.7 485.5 480.1 471.8 461.2 453 446.6 443.6 442.8 442.9 443.1 445.7 446.8 449.6 450.1 445.1 439.3 438 438 438 438 438 440.6 445.8 450.7 455.3 458.4 461.2 460.6 460 460.2 461.3 459.5 453.4 445.6 438 430.3 420.2 413.5 409 415.5 415.7 415.2 415.4 414.2 412.9 409.1 403.1 399.3 393.6 392.3 392.7 390.8 383.5 371.4 356.8 345.8 335.1 329.2 321.3 312.9 306.5 301 292.1 285.5 277.3 268.7 255.6 238.4 218.6 200.3
566.8 561.9 554 542.8 535.3 530.1 524.8 520.3 519.4 509.9 497.9 480.4 466.1 455.5 448.8 447.6 446.3 445.2 444.8 446.7 446.7 446.8 444.5 442.9 442 438 438 438 438 439.8 442.9 450 453.9 456.2 457.7 462.3 459.5 458.4 456.2 454.4 451.6 445.8 438.8 431.3 419.9 416 411.5 418 422.2 424.4 420.4 419.1 418.7 414 410.7 408.1 404.9 404 407.3 405.6 401.3 388.7 371.9 354.1 342 333 323.6 314.5 308.8 304.7 299.1 291.5 282.5 272.9 260.6 243.9 227 208
607.2 599.5 592.9 583.4 575.9 573.9 569.1 563.9 553.8 542.7 535.5 516.9 493.4 473.1 461.6 457.7 451.4 450.1 447.6 446.9 446.8 448.6 446.1 447.1 445.9 443.1 438 438 440.2 440.9 443.8 448.3 452.1 453 454.9 457.7 455.3 454.5 452 451 447.4 444.1 438 430.3 422.5 414.9 419.9 429.9 432.4 432 430.4 425.8 425.5 424.9 422.6 421 419.3 420 423.7 424.1 417.9 404.6 388.3 365.3 345.5 333.4 324.8 318.2 312 308.4 302.2 293.8 283.1 273.5 264.4 249.1 232.1 216.2
648 642.3 635.9 625 617.4 620.2 612.3 604.1 593.7 582.5 567.2 547.9 528.2 510.8 486.8 471.7 458.2 453.7 451 450 450 449.2 448.4 449.5 449.5 454.9 456.5 450.9 446.4 448.4 446.5 446.7 450.6 454.6 456.5 456.2 454 451.3 448.8 446.9 444.6 441.5 436.9 431.1 422.7 425 428.4 437.1 443.9 442.4 440.7 440.6 438.6 439.7 439.4 438.3 438 438.9 442.6 438.7 429.7 416.2 400.1 373.6 351.9 336.1 330.3 322.9 313.8 311 303.6 294.9 284.1 274.6 265 251.2 236.8 220.7
686 680.6 672.3 663.9 659.6 672.1 662.8 648.6 633.8 621.7 606 586.2 565.7 542.7 517 489.2 473.9 465.3 463.1 461.2 460.6 457.3 455.6 453.7 453.6 455.7 467.2 474.9 472.4 461.7 454.2 456.6 455.8 456 454.7 453.4 448.1 447.4 446.3 443.1 440.7 437.1 434 430.2 430.6 437 438.2 442.6 454.6 452 452.3 452.6 454.6 454.7 459.5 460.3 457.8 456.6 456.9 453.3 444.5 423 404 379 355.6 340.5 332.1 324.9 319.3 315.3 307.1 296.8 286.2 275.6 264.3 251.8 239.4 223.5
722.7 717.9 708.2 697.7 693.5 706 698.1 685.6 671 659.5 644.9 628 606.1 570.2 551.7 523 501.1 480.7 470.8 466.5 465.7 467.9 464.8 462.5 458.3 459.4 464.3 477.8 491.1 488.9 481.9 473.7 465.2 459.5 453.8 446.8 446.1 443.9 443.1 440.6 436.3 433.1 431 431 438.9 445.1 446.7 452.8 464.3 467.1 462.6 462.3 466.3 471.1 473.1 477.7 478.1 470.1 467.5 457.3 444.4 430.4 403.7 385 363.7 344.1 331 327.3 320.8 315.2 309 300.5 287.3 276.2 262.4 252.6 242.2 225.4
760.1 768.5 755.8 736.2 727.9 747.5 734.8 723.3 705.3 692.3 680.4 667.4 631.8 624.1 601.1 562.9 534.6 505.7 487.7 475.3 467.2 468.1 470.3 468.9 467.8 466.6 465 477.3 486.2 498.4 495.5 482.8 472.2 465 453.9 447.3 441.6 441.3 439.6 436.6 434.7 433.3 432.4 436.3 443.5 451.9 459.7 469.7 474 479.4 472.9 470.1 474.9 483.5 487.4 489 483.3 475.8 467.2 456.4 442.7 427.6 406.7 385.8 371 359.4 346.7 337 326.9 318.2 312.4 305.8 292.9 280 267.4 256.2 243.6 228
768.1 790.8 809.4 803.2 765.7 780.4 791.6 770 746.1 733.3 721.7 699.7 675.2 660.1 638.3 598 558.5 527.7 504.8 484.1 473.6 471 471.6 471.2 471.1 471.8 471.5 475.9 481.3 486.5 490 482.9 473.7 465.4 458.5 453.6 442.8 442.1 438.1 437 437.2 433.4 434.4 437.5 447.1 461.6 472.2 479.3 481.8 484.3 478.5 474.9 476.7 485.3 488.9 485.7 480.5 472.7 462.5 452.5 441.3 426.1 405.8 384.8 372.1 362 352.9 341.8 332.5 324.5 316.6 315 304.3 285.4 269.2 256.7 245.6 230.9
747 781 807.2 813.7 802.6 817.1 838.3 805.2 776.3 772.8 755.8 725.6 712.4 685 657 627.7 580.4 544.8 513.7 492.6 484 475 475.6 474.2 474.5 473.6 473.5 474.3 477.5 482.9 485 482.2 473.6 467 460.3 453.8 446.5 441.5 439.5 439.8 438.3 435.6 436.7 443.9 453.5 473.4 483 489.9 488.5 482.9 477.6 475.4 476.6 483 489.5 485.3 478.8 471.1 458.8 447.6 435.9 423.5 403.2 385.1 372.2 362.1 353 344.5 336.6 328.8 327.1 321.7 308.7 294 276.4 259.4 247.3 233.2
725.6 758 786.7 803.9 822.7 844.4 840.7 826 810.9 804.9 780.2 764.3 735 705.4 669.1 639.1 601.7 556.1 523 498.5 489.3 482.9 480.5 480.2 477.7 475.7 475.1 473.9 473.6 476.1 477.3 475.4 472.2 469.6 460.9 456.6 451.3 446.3 444.7 442 437.7 440.6 443.3 448.3 463.8 482.8 493 491.7 488.6 483.7 475.6 474 474.1 478 484.1 481.6 477.3 467.7 458 445.7 429.4 415.1 399.9 384.5 372.8 362.2 352.8 345.5 336.9 333.7 329.1 321.1 312.5 303.3 296.4 277.7 260.9 247.1
704.8 734.4 759.7 785 810.4 835.7 838.1 836.2 833.2 822.3 804.6 784.3 747.9 714.2 670.3 640.9 609 565.9 531.4 506 493.6 489.2 484.1 482.4 481.5 476.5 475.5 473.7 472.4 471.7 470.8 469.8 468.3 466.5 463.5 456.1 450.7 447.8 448.4 444.4 443.4 444.9 452.3 458.3 481.8 493.7 494.4 487.7 484.6 481.2 475.6 471.3 471 475.7 480.3 480.9 473.8 464 451.5 440.1 425.7 410.2 395.8 383.1 371.6 361.9 352.5 344.2 342.2 336.6 327.5 319.6 311.7 303.6 297.5 291.1 277.5 263.4
679.3 705.5 737.7 761.3 797.5 829.7 833 832.8 828.6 822.2 811 783.3 749.1 711 671.1 641.2 609.1 571.7 537.4 514.7 505.6 492.6 489.7 486.5 482.9 480.3 477.9 475.1 472.2 470.1 468.8 469 468.2 463.3 460.7 455.8 450.7 450.4 453.4 452.4 451.5 454.1 457.9 469.4 487.9 492.5 488.1 483.6 478.2 479.4 474 469.1 467.4 471.8 478.8 479.8 473.4 461.6 448.4 436.9 426.5 411.1 393.2 381.2 370.7 359.4 350.4 344.1 343.4 335.6 327 318.1 310.5 305.2 297.9 288.9 280.6 273.1
650.6 677.9 708.4 748.1 787.4 817.1 824.6 823.7 812.3 809.5 798.2 780.3 747.6 709.1 672 640.8 612.1 582.5 545.9 518.2 510.2 506.8 493.6 489.8 486.2 482.8 480.1 475.9 470.6 469.4 469.4 469.4 467.7 462.9 459.4 456.5 456.2 459.3 457.2 457.4 458.7 462.8 470.5 479.6 486.2 486.5 482.2 474.2 470.7 473.5 470.8 465.5 464.5 469.6 476.1 479.6 473 462.4 449.3 437 425.9 415.8 398.7 379.7 369.6 360.5 350.1 342.8 340.4 333.3 324.9 317.1 311.9 305.6 297.4 289.9 281.9 273.5
616.4 653.8 689.3 729.2 766.7 783.9 808.3 811.1 805.7 801.9 785.5 774.8 747.4 711.9 677.9 648.4 627.7 601.6 558.3 531 517.1 511.8 501.2 494.4 489.6 486.2 485.1 482.7 473.4 470 469.6 469.4 467.2 463.3 458 457.1 457.9 458.5 459.8 461.6 464 469.6 478 484.8 482.4 477.1 471.3 467.5 464.7 464.4 467.7 462.2 458.3 464.4 471.3 478.5 472.1 463.4 450.2 438.2 426.1 414.8 402.4 382.6 367.1 357.5 348.5 341.3 336.9 329.6 322.8 317.7 309.6 302.3 295.2 288.4 280.7 273.2
597.1 637.4 672 700.2 730.9 757.3 790.5 798.8 794.7 788.7 773.5 764.4 752.9 723.3 691.3 659.5 637 603.9 569.8 546.2 528.7 515.9 508.6 501.2 494.4 491.7 489.2 485.7 481.2 475.1 475.5 472.6 465.7 462.7 458.6 458.3 457.1 457.8 460.6 464 467.4 473 479.9 480.6 475.5 470.4 464 456 455 454.4 458.4 456.1 454.9 459.2 465.9 472.8 471.7 464.2 453.4 441.8 429.9 416.7 402.4 381.8 366.8 356.2 347.9 340.1 334.9 327.4 319 315.8 309.2 302.4 294 286.1 278.3 271.2
583.5 615.6 645.1 670.9 702.4 738.9 769.5 780 773.7 766.7 754.9 747.2 740.9 731.9 705.3 674.7 642.6 610.2 580.5 558.9 537.6 521.7 512.4 507.6 504 499.4 494.8 490.4 484.5 479.3 477.2 473.8 465.8 463.3 459.8 461.1 461.3 458.4 460 462.5 467.8 474.4 476.6 473.3 467.7 461.1 453.7 447.5 445.4 445.7 447.4 447.6 447.2 450.8 457.5 462.3 464.8 460.7 453.2 444.5 431.8 419.2 406.3 389.7 369.6 360.1 352.7 342.4 332.3 323 316.7 310.4 304.6 297.9 290.7 282.2 275.5 268.8
562.6 591.3 615.7 656.4 683.7 712.1 747.8 761.4 750.5 747.5 740.4 734.2 730.2 722.3 712.7 688.7 657.6 628.4 596.9 578.9 553.6 531 522 516 513.8 508.7 502.6 497.9 489.9 483.1 479.7 477.4 472.5 468.2 464 463.7 460.5 458.8 456.7 457.9 463 467.5 467.5 461.3 455.1 451.4 443.5 438.7 436.5 436.1 439.5 441.6 440.3 442.4 448.7 456.7 460.1 457.7 453.2 444.1 433.3 420.6 406.4 395.7 381.9 362.9 350.1 338.4 329.3 323.3 317.6 308.8 303.5 296.7 290.7 282.4 272.9 261.6
536.9 571.9 596 631.3 660.3 691.2 724 743.9 749.7 741.2 730.7 722.1 713 706.4 697.9 690.4 673.2 646 620.6 598.7 570.9 549.1 537.2 529.4 526 517.7 511.2 506.2 498.7 490 485.4 482.8 478.8 473.7 468.3 465.3 461.1 457.9 455.7 456.9 458 461.6 458.1 452.7 448.1 440.8 435.1 430.3 428.7 429.9 434.2 433 433.7 435.3 441.9 453.3 461.7 459.7 451.4 442.8 431.8 420.7 407.2 393.6 381.1 363.7 350.2 338.6 331.6 326.8 319.9 311.1 305 301.6 294 281.5 271.8 264.2
518.7 545.6 571 604.9 643.1 665.5 697.9 738.2 750.5 741.9 722.8 707.6 697.8 690 683 676.3 672.9 659.4 631.5 608.8 590 574 558 544.3 536.5 528.5 523.1 516.6 507.9 499.9 492.9 490.1 487.2 479.8 473.1 470.2 463.2 455.7 457.4 457.4 452.6 455.5 452.9 449.2 442.6 434.8 428 425.8 422.4 424.2 429.5 428.4 428 432 436.9 447 457.5 460.8 453.8 443.6 434.7 424.5 409.9 394 379 365.9 350.3 339.5 332.3 327.1 321.3 312 304.2 298 292.6 282.9 274.1 264.7
