app/static/ascii/NC22.asc
ncols 200
nrows 200
xllcorner 220000
yllcorner 920000
cellsize 50
[rows 72 to 107 of 200, columns 0 to 79 of 200]
107.8 111.8 111.7 114.5 115 115.3 114 114.9 115 115.3 111.6 124.9 143 158.4 174.1 181.5 184.5 194.7 230.6 266.9 280.8 300.6 307.5 310.3 314.8 309.7 306.8 305.6 304.8 302.3 301.9 306.6 310.2 311.5 311 307.6 307.7 304.1 300.6 291.9 288.9 289.3 305.5 315.8 313.2 308.7 303.1 296.3 287.9 278.5 269.1 260.9 252 247.2 242.4 237.4 229.9 225.2 229.6 233.1 238 240.7 243.5 246.1 256.1 278.8 288.1 295.8 292.5 290.7 283.9 278.5 276.8 278.2 280.7 283.8 286.6 290.9 295.5 301
105.7 107.5 109.6 110.4 112 107 108.7 106.6 104 105.1 109.4 111.6 124.4 137.8 164.2 177.8 180.6 188.3 210.7 255.8 273.5 278.4 289.7 288.7 289 286 287.1 286.1 285.4 281 280.3 286.9 297.2 301.1 302.3 299.9 303.5 296.6 290.1 286 282.6 281.8 283.9 300.3 303.2 300.3 297 293 283.6 273.6 263.1 256.5 248.7 238.2 234.2 229.4 224.7 222.1 227.3 229.7 235.5 238.5 240.9 244 257.2 280.8 288.7 291.2 293.1 285.3 282.8 279.7 276.7 275.3 277.2 279.6 282.7 286.1 289.7 294.9
102.7 103.5 102.6 104.8 104.2 99.7 107.2 105 102.2 102.6 112.1 111.1 111.7 126.6 144.6 167.8 176.6 180.4 195 237.2 256.3 262.3 265.8 264.5 266.8 270 269 266.5 262.4 260.9 263 269.1 275.8 283.7 289.1 287.7 287 287.3 281.8 276 277.7 275.9 278.4 298.4 298.2 294.2 290.7 285.6 275.3 266.9 260.2 253.5 243.4 234.7 226.2 221.6 218.1 214.7 221.4 224.4 231.7 234.9 236.1 240.7 260.2 279.7 286.7 289.9 287.2 287.5 282.5 278.9 277.4 272.3 273.1 274.3 276.8 280.8 284.1 288.4
94.3 96 91.9 99.2 97.5 92.4 99 103.2 100.6 97.6 112.3 114 113.3 115 128.9 155.1 171.8 176.4 181.4 218.8 232.7 236.7 244.2 249.2 248.5 248.2 250.9 252.7 249.3 250.9 251.6 255.6 262.8 266.3 268.8 269.8 272.1 270.9 273 269.1 268.9 268.4 274.7 296.9 297.1 293 286.3 278.5 269.8 261.4 255.5 249 239.7 230.1 222.5 217.8 213.1 210.8 214.5 219.1 225.8 229.8 230.5 234.4 254.4 277 285.2 284.8 288.2 282.3 279.3 277.7 275.1 271.2 268.2 270 272.6 275.5 279.7 283.3
79.8 82.1 87.2 90.6 89.8 89.8 93.7 96.9 95.4 100 110.3 116.1 121.3 109.8 121.2 137.3 163.6 170.5 175.9 195.8 219.2 221.4 226.8 225.8 223.2 223 229.6 235 233.8 233.8 236.1 239 245.4 246.8 248.5 249 250.5 251.7 251.9 252.2 255.1 254.2 261.6 284.5 290.8 286.9 281.3 272.7 262.7 253.6 248.5 243.2 234.6 225.9 218.1 214 210.8 207.8 207.7 211.2 219.5 223 224.9 227.5 243.1 267.7 278.7 284.1 280.7 278.5 275.1 273.1 273.4 267.8 263.9 266.2 268.9 271.9 275.5 278.5
78.1 76.8 79.8 82.4 84.1 84.9 85.4 84.7 91.4 94.8 102 107.6 115.6 109.5 114.6 127.4 148 158.3 164.9 177.1 198.1 204.4 211.3 210.1 209.9 208.3 212.3 216.8 215.6 215.4 220.3 219.3 224.3 226.2 225.6 229.8 229.3 228.5 228.9 232.2 237.7 241.1 246.9 264.5 272.8 273.8 269.6 261.7 254.3 245.6 241.8 235.2 227.7 220 212.8 207.7 206.4 204 203.7 205.3 211.6 216 218.8 219.1 224.8 248.5 265.4 274.1 274.9 270.4 270.2 270.3 268.7 267.4 262.7 261.8 264.6 267.7 270.8 273.9
74.4 74.2 74.4 76.9 77.7 80.7 83.6 78.8 86.4 90.1 93.4 99.2 102.2 104.9 104.8 117.8 132 142 154.2 161 168.8 176.1 181 187.4 199.5 201.4 199.9 201.4 203.5 204.3 205.5 205.9 212.7 213.2 215.3 218.3 218.8 220.3 222.2 225.6 228.5 234.4 239.6 242.4 250.2 255.8 263.1 257.7 249.7 239.5 231.9 227.5 222 215.5 210.2 202.5 200.7 198.1 197.2 199.3 203.5 209.4 212.3 211.6 209.9 221.6 237.4 250.4 263.7 263.1 265.9 265.1 264.6 264.9 261.4 257.4 259.9 262.9 265.8 269.2
69.5 65.4 65.4 70.9 72.1 75.5 76.5 79.5 85 87 84.1 86.3 95.4 98.6 101.4 102.1 119.4 129.5 133.9 146.7 158 163.1 165.4 168.5 186.5 193.6 190.4 197 200.8 203.8 205.8 208.4 212.3 214 214.6 217 218.9 218.6 219.4 222.2 222.4 224.3 229.1 239.7 241.9 248 254.2 256.2 249.5 247.9 243.5 235.1 226.2 219.6 210.6 201.5 195.1 194.4 189.8 191.4 197.1 201.9 206.1 206.2 202 204.1 210.7 229 245.9 254.6 259.5 261.4 257.2 259.3 258.6 252.7 254.5 258.5 261.3 264.8
68.5 65.4 66.1 66.9 68.3 69.4 68.8 71.5 75.9 76.7 81.9 83.2 83.5 91.1 95.4 98.4 107.2 111.7 121.3 134.6 139.1 146.9 157.3 163.4 170.7 174.1 187.5 193.3 200.9 204.4 207 209.7 211.7 210.5 208.9 208.9 208.9 212.3 212 215.2 214.4 214 217.3 225.4 236.8 239.8 246.8 248.7 247.2 247.8 240.5 233 226.5 218 209.7 204 196.5 192.5 188.1 187.3 190.6 194.4 200.4 200.7 195.5 195.6 199.8 215.9 232.1 245.4 253.1 253.7 252.8 254.6 253.1 251.7 249.5 254.7 258.1 260.4
65.4 65.4 65.4 65.4 65.4 70.9 69.8 71.3 72.8 73.3 75.4 76.8 79.5 81.7 84.8 90.9 95.3 99.5 105.1 119 130.1 133.1 141.2 146 147.4 165.5 177.5 181.5 191.6 198.7 202.6 205.1 207.4 209.6 212 209.2 210.2 209.5 209.4 209.3 210.6 209.2 211.1 238.1 239 234.2 235.7 237.3 241.5 243.8 238.6 229.5 221.4 215.4 206.7 198.4 195.6 189.9 187.2 181.9 185.2 189.5 193 196.6 193.5 188.3 194.6 208.4 217.8 231.7 246.9 243.9 247 248.7 248.1 245 248.6 253.2 255 255.8
65.4 65.4 65.4 65.4 65.4 67.8 69.7 72.3 75.1 73.4 73.9 73.7 75.3 74.6 84.1 87.8 85 89.2 97.9 106.4 116.1 130.5 138.7 136 143.1 158.4 165.2 173.5 180.9 185 191.2 193.1 195.8 200.6 203.2 204.7 207 207.6 207.8 208.2 207.9 209.3 222 239.7 235.8 231.6 232.2 235.5 239.7 237.8 235.9 229 221.8 213.1 204.9 201 194.1 190.2 186.9 183.6 180.6 182.9 186.5 190.3 189.7 182.5 186.5 193.8 199.8 215 231.6 237.9 242.2 243.4 241.7 239.1 246.7 249.5 251.2 252.5
65.4 65.4 69 67.5 67.3 72.3 70.5 66.1 71.5 72.9 70.4 70.2 70.8 72.8 75.8 79.2 90.7 97.4 104.8 108.4 109.2 117.1 132.1 137.7 140.6 155.9 161.2 166.5 172.5 179.8 182.6 184.9 187.4 190 192.1 196.9 202 201.5 201.6 203.1 204.2 207.2 232 242.5 247.1 233.5 239.2 243.8 239.7 234.7 231.7 226.8 217.8 210.3 202.6 193.4 191.4 187.4 182.1 181.7 176 177.1 179.8 183.3 184.9 181.3 179.1 182.2 184.6 205.8 218.2 228.6 233.7 237 233.3 238.8 242 245.8 249.7 251.6
65.4 69.6 72.1 68.9 68.2 70.4 80.8 76.3 67.1 70.2 69.6 74.7 70.5 72.5 74.4 82.1 91.6 95.9 106.1 109.6 109.8 109 107.8 111.1 126.2 139.2 148.6 158.7 163.5 171.2 181 183.4 185.6 188.7 189.2 187.8 187.5 192.1 195.6 198.3 203.9 207.4 237.7 247.8 246.5 237.2 245.6 247.5 240.4 236.3 227.5 218.4 213.3 206.4 199.6 193.4 189.1 183.9 177.9 173.6 173.3 171.4 172.9 176.4 177.2 176.9 174.4 173.8 177.6 196.3 212.9 223.8 227.9 227.7 231.3 236.2 240.2 246.4 248.4 250.2
68.7 71.3 71.9 68.4 65.4 65.4 78.3 80.9 75.1 71.8 68.9 69.7 73.1 73.1 74.8 79.6 91.2 93.2 94.8 106.1 112.3 112.5 110.4 110.7 109.3 118.4 127.9 131.2 139.8 153.6 172.1 179.1 183.9 185.9 186.1 184.8 181.6 184.3 187.1 191 198.8 206.9 215.8 231.9 241.1 239.9 253.3 257.4 251.5 240.2 228.3 214.1 207.8 201.6 193.6 187.5 181.3 176.9 170.3 169.3 164.9 165.5 168.9 171.5 172.5 172.8 170.1 169.9 172.2 193.2 203.6 216.3 217.9 226.9 230.6 232.2 235.2 244.7 247.3 247.1
74.9 77.7 76.4 71.1 65.4 65.4 76.9 81.9 77.2 73.8 70.7 71 71.6 73.4 75.9 79 88.4 91 85.9 91.1 112.5 116.3 116 116.2 116.7 117.7 117.8 127.4 134.1 143.8 148.7 166 173.4 175.1 178.6 176 180.6 183.9 184.1 185.5 187.3 187.2 191.3 204.2 218.6 231 242.1 249.8 248.6 240.4 224.9 214.7 205.4 192.6 183.7 181.3 174.8 166.3 161.5 158.3 158.3 157.1 161.8 167.2 167.2 167.4 164.8 163 165.3 180.8 197.7 204.3 212.6 222.2 229.1 227.7 229.5 238.4 244.1 243.9
74.9 75.6 69 65.4 65.4 66.7 81.2 82.3 80.2 77.2 72.5 74.9 79 79.7 78.7 79.8 83.7 83.9 78.2 88.6 118.5 122.9 123.7 122.7 119.3 121.8 125.3 139.1 142 141.9 147.6 153.8 159 163 166.6 167.6 171.2 175.3 176.1 177.5 179.8 176.1 181 186 192.8 205.7 215.5 231.1 231.8 231 219.3 209.3 198.1 190.7 181 173 169.1 162.1 156.1 151.3 151.2 153.8 156.2 160.5 161.6 160.8 158.4 154.9 156.8 179.1 194.6 206.6 213.8 217.2 223.3 220.9 223.9 231.7 240.4 238.9
65.4 65.4 65.4 65.4 65.4 65.4 76.7 81.7 79.2 78 79.5 82.8 81.1 80.6 80.3 79.6 78.4 77.3 79.4 86.9 111.8 120.8 124.5 125.5 124.6 124 126 139.8 144 146.2 151.9 154.9 157 157.6 160.8 165.5 166.2 165.5 167.3 165.8 166.4 165.1 170.3 176.7 180.3 182.5 191.1 195.9 206.2 208.4 209.3 205.1 196.9 187.3 176.7 168.9 160.4 156 152.3 147.1 146.5 148 151.9 155.9 156.9 155.7 152.2 146.4 155.5 176.9 193.6 204.8 213.8 216.1 214.8 214.2 219.7 224.3 231.9 236.3
65.4 65.4 65.4 65.4 65.4 65.4 71.9 80.8 74.2 75.4 81.8 83.9 83.1 81.3 81.2 81.9 80.1 77.4 78.4 80.3 95.2 109.2 118.2 127.7 129.8 129.2 129.7 136.9 144.9 152.9 153.1 152.7 156.5 158.9 161.4 157.4 157.4 157.4 157.4 157.4 157.4 157.5 164.2 165.5 168.2 169.5 174.4 178.4 184.1 189.7 186.7 187.5 187.3 183.3 172.9 165.6 160.1 152.9 144.8 143.5 141.2 141.4 145.4 149.1 150.3 150.6 147.3 144.2 159.5 179.9 191.2 201.2 208 208.7 207.5 211.3 214.7 217.7 221.1 229.5
65.4 65.4 65.4 65.4 65.4 65.4 65.4 65.7 70.7 76.7 80.5 80.7 81.1 82.3 82.1 83 81.4 77.6 75.1 76.2 78.2 88 106 121.5 129 131.4 131.2 130.2 133.6 148.7 151.1 150.6 154.6 159.5 161.7 161 157.4 157.4 160.4 167.2 159.2 163.3 165 165.3 164.8 163.3 162.5 160.4 162.1 165.6 168.4 169.3 170.2 170.2 172.1 163.8 154.2 151.1 144.2 135.7 136.4 133.9 139.8 139.5 142.3 143.8 143.6 138.3 157.8 179.8 193.6 199.4 199.8 204.5 200.9 204.8 208.8 213.9 215.5 217
65.4 65.4 65.4 65.4 65.4 65.4 65.4 65.4 67.1 78.1 81.9 81.5 82.1 81.5 81.4 82 75.3 74.3 75.9 75.2 74.4 78.8 85.2 112 120.2 124.8 129.2 128.4 127.6 133 143.1 148 151.7 158.8 161.1 164.2 166.9 179.3 183.1 179.5 176.9 168.2 166.8 166.8 165.6 165.3 164.8 162.3 155.9 151.3 149.1 146.3 147.3 151.5 150.5 150.3 151.7 143 137.7 134.8 130.7 127.3 129.7 132.1 135.8 134.8 130.9 136.6 156.9 174.7 189.4 195.4 199.4 198.2 198.4 200.1 202.8 207.7 207 209.4
65.4 65.4 65.4 65.4 65.4 65.4 65.4 65.4 67.6 73.9 78.2 80.8 82.9 82 79.5 71.8 65.7 71.1 75.7 76.6 75.3 76 79.9 88.2 108.1 118 125.4 127.4 126.1 125.6 131.8 143.5 150.7 156.2 159.5 161.9 164.2 174.6 183.9 182.3 180.3 175.9 173.7 172.8 171.9 172 172.2 167.9 160.9 156.1 148.9 142.9 135.1 134.7 134.6 133.6 132.3 133.5 135.3 134 128.1 124.9 119.4 126.5 128.6 125.3 121.6 137.7 154.1 169.5 182.8 191.5 189.8 190.6 193.1 196.4 197.7 199.7 201.3 198.9
65.4 65.4 65.4 65.4 65.4 65.4 65.4 65.4 65.4 65.4 71.5 79.4 88.8 84.2 65.4 65.4 65.4 66.6 73.8 74.8 73.4 77.3 76.9 81.3 86.2 103.1 122 125.7 124.2 120.8 127.3 138.4 147.9 152.9 157.8 160.4 161.6 163.4 172.8 181.4 180.1 179.6 178.4 176.8 174.9 175.1 175.6 168.4 160.3 153.6 146.8 139.5 130.8 125 124.4 123.4 120.7 125 126.4 131 132.2 125.2 121.8 116.3 121 123.1 120.2 133.1 151 163.5 175.5 181.3 182.4 181.1 188.6 192.5 194.2 194.2 193 189.8
65.4 65.4 65.4 65.4 65.4 65.4 65.4 65.4 65.4 65.4 65.4 76 83.5 80.1 66.1 65.4 65.4 65.4 70.8 74 72.6 76.1 76.1 76.6 81.2 87.7 107.5 116 120 116.9 117.1 126.6 138.2 148.6 151.6 155.2 153.5 157.7 163.2 169.2 177.9 179.7 178.4 177 176.4 174.7 175.6 168.1 159 152.3 145.5 136.9 131.2 120.3 117.3 118 113 116.6 113 118 119.3 119.2 118.9 117.5 114.3 120.6 116.8 130 143.4 156.7 165.7 172 174.9 175.4 181.2 185.1 189 189.5 189.3 187.3
65.4 65.4 65.4 65.4 65.4 65.4 65.4 65.4 65.4 65.4 65.4 69.9 83.2 69.9 65.4 65.4 65.4 65.4 70.2 68.2 72.1 73.2 73.9 74.4 78.5 82.2 89.7 105.6 105.3 101.4 108.2 107.8 121.4 131.7 137.4 142.4 141.8 147.8 155 160.9 164.5 166.5 169 175.7 167.5 168 166.2 165.4 160.2 152.1 147.6 141.3 135.1 122 116.5 113.7 113 113 113 113.4 113 116.7 117.6 116.2 114.5 114.1 117.8 125.1 129.2 143.2 153.2 159.3 166.3 168.6 173.6 180.2 183.1 184.8 183.9 184.1
65.4 65.4 65.4 65.4 65.4 65.4 65.4 65.4 65.4 65.4 65.4 65.4 66.2 65.4 65.4 65.4 65.4 65.4 65.4 65.4 65.4 66 71.1 74.6 77.2 77.8 76.3 82.2 83 89.9 88.4 84.6 95.5 108 115.2 123.8 131.4 140.9 145.4 148.6 154.1 155.7 156.4 157 159.9 160.2 157.5 158.2 156.7 150.5 145.5 142.1 134 124.3 118.8 113 113 113 113 113 119.2 121.5 117.2 116.3 110.7 112.6 119.5 122.6 124.4 125.2 135.2 143.2 154.2 159.3 168.3 170.1 175 176.6 177.6 177
65.4 65.4 65.4 65.4 65.4 65.4 65.4 65.4 65.4 65.4 65.4 65.4 65.4 65.4 65.4 65.4 65.4 65.4 65.4 65.4 65.4 65.4 65.4 67.3 71.5 75.9 73.1 71.7 73.9 71.5 67.6 69.5 68.6 94.8 103.8 112.6 119.6 125.5 128.4 134.1 141.7 147.8 149.4 148.4 143.8 143.8 143.9 144.4 145.9 146.2 144.8 143 132 123.5 115.4 113 117.8 113 113 115.8 122.7 126.9 120.2 114.6 109.7 112.3 118.7 120.9 122.4 121.1 125.1 129.5 137.6 146.9 152.3 157.7 161.3 166.8 168.4 169.8
65.4 65.4 65.4 65.4 65.4 65.4 65.4 65.4 65.4 65.4 65.4 65.4 65.4 65.4 65.4 65.4 65.4 65.7 65.4 65.4 68 73.8 70.6 65.5 69.8 65.6 65.4 68.8 70.3 69.7 65.4 65.4 65.4 68.5 79.6 91.2 107.1 112.7 111.9 119.1 123.5 132.6 133.5 128 132.1 134.7 134 135.4 136.7 136.5 134.3 130.2 126 120.5 121 114.2 119.3 114.2 113 123.2 126.4 128.1 117.4 111.3 108.4 105.2 114.1 116.6 117.9 116.2 116.6 117.8 122.7 131.5 137.8 146.2 150.8 154 157.4 159.7
65.4 65.4 65.4 65.4 65.4 65.4 65.4 65.4 65.4 65.4 65.4 65.4 65.4 65.4 65.4 65.4 65.4 65.4 65.4 65.4 65.4 65.4 65.4 65.4 66.3 65.4 65.4 65.4 65.4 65.4 66.5 65.4 65.4 65.4 65.7 69.5 81.6 98.9 103.2 106.7 107.3 107.4 109.6 117.8 118.3 121 125.2 124.6 126.4 124.7 122.2 122 118.8 114.2 114.7 112.9 117.1 120.8 122.5 128.3 131.9 129.4 125.1 112.1 106.8 104.7 106.7 108.9 112.6 113.1 112.9 113.8 118.6 125.2 131.3 135.7 143.6 147.8 149.5 153.1
65.4 65.4 65.4 65.4 65.4 65.4 65.4 65.4 65.4 65.4 65.4 65.4 65.4 65.4 65.4 65.4 65.4 65.4 65.4 65.4 65.4 65.4 65.4 65.4 66.3 65.4 65.4 65.4 65.4 65.4 65.4 65.4 65.4 65.4 65.4 65.4 66.3 71.6 85.6 96.4 93.8 90.4 96.1 101.1 103 102.7 105.3 107.4 113.4 112.9 113.4 110.8 108.9 108.1 106.7 116.1 121.3 132.1 136.5 140 136.9 130 125.9 119.4 109.3 102.3 103.3 103.4 103.8 109.7 113.2 113.4 121.1 130 132.5 133.2 136.9 142.4 142.6 144.9
65.4 65.4 65.4 65.4 65.4 65.4 65.4 65.4 65.4 65.4 65.4 65.4 65.4 65.4 65.4 65.4 65.4 65.4 65.4 65.4 65.4 65.4 65.4 65.4 65.4 65.4 65.4 65.4 65.4 65.4 65.4 65.4 65.4 65.4 65.4 65.4 65.4 65.4 65.4 71.6 79 83 83.2 84.7 85.5 88.5 89.4 93.1 103.1 104.7 105.8 105.6 102.6 100.2 97.1 104 112.6 129.5 135.6 146 139.7 128.8 120.1 115.5 109 103 99.4 101.4 103.6 110.7 114.6 117.5 133.6 134.7 136 136 137 138.5 138.7 139.3
65.4 65.4 65.4 65.4 65.4 65.4 65.4 65.4 65.4 65.4 65.4 65.4 65.4 65.4 65.4 65.4 65.4 65.4 65.4 65.4 65.4 65.4 65.4 65.4 65.4 65.4 65.4 65.4 65.4 65.4 65.4 65.4 65.4 65.4 65.4 65.4 65.4 65.4 65.4 65.4 65.4 65.4 65.4 65.4 73.2 80.6 81.2 82.5 89.7 97.7 98.6 98.3 94.8 91.9 88.4 87.1 98.5 114.1 124.1 141.8 139.8 131.4 122.5 109.9 105.6 102.7 103.8 105.3 108 114.6 117.7 124.5 136.2 134.7 136 138.8 139.8 137.5 137.1 137.4
65.4 65.4 65.4 65.4 65.4 65.4 65.4 65.4 65.4 65.4 65.4 65.4 65.4 65.4 65.4 65.4 65.4 65.4 65.4 65.4 65.4 65.4 65.4 65.4 65.4 65.4 65.4 65.4 65.4 65.4 65.4 65.4 65.4 65.4 65.4 65.4 65.4 65.4 65.4 65.4 65.4 65.4 65.4 65.4 65.4 70.3 74.6 77.7 81.6 88.4 91 91.8 89.8 88.2 84.5 81.7 77.4 93.4 105.4 135.2 136.7 128 119.4 111.4 103.7 99.7 96.2 101 105.8 111.5 112 122.9 133.7 131.1 134 138 143.6 148 146.1 140.9
65.4 65.4 65.4 65.4 65.4 65.4 65.4 65.4 65.4 65.4 65.4 65.4 65.4 65.4 65.4 65.4 65.4 65.4 65.4 65.4 65.4 65.4 65.4 65.4 65.4 65.4 65.4 65.4 65.4 65.4 65.4 65.4 65.4 65.4 65.4 65.4 65.4 65.4 65.4 65.4 65.4 65.4 65.4 65.4 65.4 65.4 65.4 73.3 74.9 78.7 86 87.9 86.5 83.2 80 78 74 72.8 90.9 117.4 129 124.3 115.6 107 100.3 95.2 90.5 94.2 97 101.9 104.8 111.9 121.1 121.1 126.9 130.9 140.5 152.4 143 136
65.4 65.4 65.4 65.4 65.4 65.4 65.4 65.4 65.4 65.4 65.4 65.4 65.4 65.4 65.4 65.4 65.4 65.4 65.4 65.4 65.4 65.4 65.4 65.4 65.4 65.4 65.4 65.4 65.4 65.4 65.4 65.4 65.4 65.4 65.4 65.4 65.4 65.4 65.4 65.4 65.4 65.4 65.4 65.4 65.4 65.4 65.4 71 74.4 76.5 79.1 80.5 81 80 77.4 75.6 73.9 73.3 77 91.6 115.7 118.7 111.1 106.9 101.5 94.4 87.3 86.4 92.1 96.1 104.3 111.9 116.9 121.9 122.4 124.7 130 144.3 142.7 135.6
65.4 65.4 65.4 65.4 65.4 65.4 65.4 65.4 65.4 65.4 65.4 65.4 65.4 65.4 65.4 65.4 65.4 65.4 65.4 65.4 65.4 65.4 65.4 65.4 65.4 65.4 65.4 65.4 65.4 65.4 65.4 65.4 65.4 65.4 65.4 65.4 65.4 65.4 65.4 65.4 65.4 65.4 65.4 65.4 65.4 65.4 65.4 65.4 65.4 72.4 78 78.8 76.5 76.1 74.9 72.9 71.1 70.2 73.8 74 85.8 104.8 108.3 104 99.3 93.4 86 82 81.7 91.3 95.8 110.3 118.9 126.9 129.4 125 126.1 128.7 136.1 130.6
65.6 65.4 65.4 65.4 65.4 65.4 65.4 65.4 65.4 68.8 65.4 65.4 65.4 65.4 65.4 65.4 65.4 65.4 65.4 65.4 65.4 65.4 65.4 65.4 65.4 65.4 65.4 65.4 65.4 65.4 65.4 65.4 65.4 65.4 65.4 65.4 65.4 65.4 65.4 65.4 65.4 65.4 65.4 65.4 65.4 65.4 65.4 65.4 65.4 65.4 73.5 75.2 75 73.8 72.6 71.2 65.4 65.4 65.4 66.1 79.6 98.6 106.8 102 93.8 89 83.8 78.1 74.6 84 88.4 110.6 122 127 135.1 126.7 129.6 133.1 132.3 126
