app/static/ascii/NC23.asc
ncols 200
nrows 200
xllcorner 220000
yllcorner 930000
cellsize 50
[rows 144 to 179 of 200, columns 80 to 159 of 200]
-1.8 -1.8 -1.8 -1.8 -1.8 -1.8 -1.8 -1.8 -1.8 -1.8 45 58.8 69.6 75.6 83 88.2 101.8 118.1 118 107.6 110.9 125.5 137.8 141 151.1 153.3 143.9 135.9 134.1 129 127.6 130.6 131.7 129.4 125.6 117.4 112.9 103.9 107.1 117.8 124.3 136.4 161.1 168.7 166.1 164.4 161.7 161 157.7 154.6 153.9 156.1 159.6 165.2 173.7 198.4 205.4 233.9 230.7 238.8 239.8 258.1 279.1 296.3 342.5 359.9 371.5 373.4 373.2 373.7 388.8 401.5 412.1 421.2 422.4 416.7 420 417.4 405 397.2
-1.8 -1.8 -1.8 -1.8 -1.8 -1.8 -1.8 -1.8 -1.8 -1.8 -1.8 41.6 47.9 59.5 76.9 89.2 102.7 113.2 119.6 120.8 120 130.6 140.6 146.9 155.2 160.7 160.2 160.5 154.7 148 139.7 136.5 138.3 132 125.2 121.1 119.7 115.7 127 136.4 148.9 170.3 173.7 172.9 169.6 166.3 165.8 163.7 163.7 165.6 168.1 172.4 187.1 206.5 221.1 237.9 267.3 302.7 317.8 312.7 311.6 311.1 343.3 360.5 372.7 376.5 383 387.5 386.5 390.4 408.6 415.6 423.1 426.4 431 422.7 426.6 430.8 417.9 404.6
-1.8 -1.8 -1.8 -1.8 -1.8 -1.8 -1.8 -1.8 -1.8 -1.8 -1.8 16.9 33.7 53.3 71.1 83.1 94.7 105.7 117.2 124.6 136 139.2 144.1 149.9 154.4 160.9 164.6 169.2 168.4 165.1 158.5 151.5 148.1 143.1 140.1 139.5 143.2 145.5 154.1 172.4 179.1 186.8 182.2 178.4 175.4 178.1 173.2 174 175.2 181.2 191.5 208.7 230.1 243.1 252.8 272.9 319.7 341.1 346.3 345.1 345.4 361.2 372.6 383.3 385.7 390.3 395.7 399.8 401.8 401.6 419.6 424.1 426.7 432.3 431.8 431.5 434.5 436.8 427.6 422.6
-1.8 -1.8 -1.8 -1.8 -1.8 -1.8 -1.8 -1.8 -1.8 -1.8 -1.8 9.1 31.5 44.9 59.1 75.8 87.7 99 109 127.1 138.6 144.1 146 158.6 157.9 160.5 167.8 174.9 173.7 170.1 166.6 160.8 160.8 163.2 171.5 177.8 178.6 185.1 206.8 202.4 197.5 193.6 190.1 190.4 189.8 191.4 189.6 187.9 192.5 199.4 220.2 242 253.1 270.6 293.9 311.6 325.6 339.4 354.1 354.3 373.7 385.1 394.5 401.3 402.1 404.8 406.9 409.3 410.6 426 426 429.8 428.6 431 432.3 428.5 436.7 435.2 432.2 426.6
-1.8 -1.8 -1.8 -1.8 -1.8 -1.8 -1.8 -1.8 -1.8 -1.8 -1.8 12.7 29.5 37.1 46.5 72.2 79.5 89.4 95.4 121.1 137 145.6 148.1 160 162.3 160.1 165 173.6 177.5 178.7 177.5 179.9 186.9 191.8 206.4 212.5 209.2 206.2 208.8 205.9 207.1 209.4 207.2 206.8 208.6 211.8 219.6 228.9 235.1 246 252.3 264.5 277.6 300.1 317.4 325.2 336.3 352.1 367.7 389.2 399.8 406.5 412.6 417 422.8 426.7 427.9 429.8 427.9 430.7 437.7 432.4 430.7 426 428.8 426 431.2 432.8 435.6 427.3
-1.8 -1.8 -1.8 -1.8 -1.8 -1.8 -1.8 -1.8 -1.8 -1.8 -1.8 -1.8 16.1 22.4 33.7 50.1 74.2 78.9 94.7 109.9 128.2 138.8 143 148.7 157 161.3 158.2 161.8 167.9 182.2 197.5 207.1 212.9 215.9 217 211.7 208.2 206.8 206.2 206.9 211.5 213.5 218.7 226.9 239.3 279.3 296.7 294.7 280.7 278.2 276.4 284.6 296.7 314.1 325.4 336.9 350.9 378.2 399.1 407.2 416.5 422 429.4 428.9 434 437.1 436.2 436.4 434.5 438.3 437.1 433.4 428.3 426 426 429 439.2 440.1 441.1 435.7
-1.8 -1.8 -1.8 -1.8 -1.8 -1.8 -1.8 -1.8 -1.8 -1.8 -1.8 -1.8 -1.8 4.1 16.3 36.1 49.8 69.3 86.6 94.3 112.1 125.5 132.6 133 140.6 155.5 156.3 153.4 159.3 168.5 201.4 218.2 224.7 218.9 214 209 207.2 205.9 205.5 209.4 209 214.4 232.5 270.7 294 308 303.8 299.5 291.7 286.2 284.3 295.1 306 319.5 333.3 346.1 386.7 403.7 413.2 421.3 429.5 433.4 439.2 443.3 443.1 441.9 436.3 434.6 434.6 436.9 432.2 429 426 426 432.2 437.6 443.5 444.2 438.7 435.6
-1.8 -1.8 -1.8 -1.8 -1.8 -1.8 -1.8 -1.8 -1.8 -1.8 -1.8 -1.8 -1.8 -1.8 -1.8 26.3 35 62.3 78 91 98.3 113.6 121.4 124.4 129.9 140.9 150.7 141.7 146.7 155.3 187.8 208.2 221.8 218.3 213.2 206.4 204.2 202.8 204.2 206.4 209.8 215.1 227.9 269 291.7 303.7 299.1 295.3 296.3 298.3 296.4 301.4 315.8 325.3 340.2 367 396.3 413 424.5 437.7 440.9 445.4 453.1 447.8 453.9 449.4 436.4 436.8 429.7 434.5 430.5 431.7 426 434.5 442.5 444.8 446.6 445.1 435.1 433.6
-1.8 -1.8 -1.8 -1.8 -1.8 -1.8 -1.8 -1.8 -1.8 -1.8 -1.8 -1.8 -1.8 -1.8 -1.8 -1.8 25.2 38.7 60.1 73.4 85.5 91.9 103.5 114.2 121.3 129.1 130 127.3 137.5 139.3 176.7 192.3 207.4 212.1 208.5 205.9 201.8 200.6 202.3 204.5 207 210.5 223 259 278.7 289.6 292.8 298.8 308.9 309.7 307.1 313.2 325.7 328 348.1 376.6 398.3 421.3 435.1 442.8 450.6 455.5 460.5 461.4 456.5 449.2 440 429.6 429.6 429.6 429.6 440.4 436.5 440.5 444 448.4 447.5 440.8 433.6 433.6
-1.8 -1.8 -1.8 -1.8 -1.8 -1.8 -1.8 -1.8 -1.8 -1.8 -1.8 -1.8 -1.8 -1.8 -1.8 -1.8 -1.8 27.7 30.1 48.6 62.5 64.4 76 95.8 102.8 112.2 115.5 116.3 124 123.7 135.2 178.2 188.6 202.1 200.8 200.2 199.4 199.3 202 202.8 204.8 203.6 207.7 229.4 256.1 269.6 287 308.9 316 311.2 309 317.9 326 334.5 355 381.1 397.8 420.7 440 448.9 457.7 467.7 468.9 468.9 461.9 453.4 440 429.6 429.6 429.6 429.6 438.4 444 438.4 440.1 449.9 448.9 441.9 437.6 437.4
-1.8 -1.8 -1.8 -1.8 -1.8 -1.8 -1.8 -1.8 -1.8 -1.8 -1.8 -1.8 -1.8 -1.8 -1.8 -1.8 -1.8 -1.8 21.1 29.4 35.7 49.7 58.3 67.1 81.1 90.4 98.7 104.1 103.7 113.8 119.7 138.3 170 194.9 195.1 193.1 194.7 195.5 200 202.9 201.6 198.5 198.2 212.9 237.2 259.5 276.7 311.7 316.3 315.2 310.7 316.3 323 336.5 362.2 378.5 390.4 428.1 445.7 456.3 465.5 473.6 475 474.8 465.9 448.6 439.3 429.6 429.6 429.6 442.3 452.2 452.8 439.4 439.8 448.4 446.3 443.2 441.5 440.7
-1.8 -1.8 -1.8 -1.8 -1.8 -1.8 -1.8 -1.8 -1.8 -1.8 -1.8 -1.8 -1.8 -1.8 -1.8 -1.8 -1.8 -1.8 -1.8 -1.8 23 21 35.8 44.9 56.3 63.8 78.2 83 87.3 105.6 105.1 114.2 138.8 182.5 190.9 189.3 188.9 189 193.1 199.5 198.1 194.1 194 208.8 233.4 251.5 277.5 300.1 310 322.9 325.9 325 323.8 338.8 364.3 376.5 388.5 425.2 449.6 463.8 469.6 471.5 473.1 474.1 463.5 451.5 448.5 442.9 456.5 453.3 454.4 462.8 471.7 455 447.7 446.3 443.7 441.8 442.6 455.4
-1.8 -1.8 -1.8 -1.8 -1.8 -1.8 -1.8 -1.8 -1.8 -1.8 -1.8 -1.8 -1.8 -1.8 -1.8 -1.8 -1.8 -1.8 -1.8 -1.8 -1.8 -1.8 14.4 16.6 23.2 40 51.2 62.1 71.4 82.2 89.3 96.7 111.2 160 185.4 187.3 186.1 182 186.2 190.4 191.5 187.5 188 211.8 237.3 258 277.6 296.4 318.3 334.6 346 346.1 339.6 343.2 358.3 370.7 387.5 420.1 449.4 465.7 472.6 476.3 472.7 470.4 472.5 476.3 477.3 470.4 472.5 472.6 475.4 481.3 479.6 474.3 462 452.8 449.5 445.2 446.8 457
-1.8 -1.8 -1.8 -1.8 -1.8 -1.8 -1.8 -1.8 -1.8 -1.8 -1.8 -1.8 -1.8 -1.8 -1.8 -1.8 -1.8 -1.8 -1.8 -1.8 -1.8 -1.8 -1.8 -1.8 6.7 16.3 30.2 41.9 49.7 61 70.3 78.5 93.5 129.7 168.1 177.2 178.5 176.3 178.6 180.4 179 179.6 181.4 200.1 222.9 249.3 273.3 294.3 322.8 333.8 343.5 350.8 348.1 347.5 359.1 366.6 393.7 431.2 459 470.6 477 477.7 472.2 468.2 468.2 476.4 481.6 486.8 487.1 484.1 485.9 489 487.8 475.5 475.4 468.2 463.6 460.2 456.8 481.4
-1.8 -1.8 -1.8 -1.8 -1.8 -1.8 -1.8 -1.8 -1.8 -1.8 -1.8 -1.8 -1.8 -1.8 -1.8 -1.8 -1.8 -1.8 -1.8 -1.8 -1.8 -1.8 -1.8 -1.8 -1.8 10.1 13.9 19.8 32.6 44.2 53.4 63.1 77 104.7 129.3 163.4 166.8 166.1 168.1 169.4 162.7 168 173.4 179.6 204.2 228.1 262.6 288.3 316.5 327.5 330.1 337.4 348.1 354.7 357.4 371.6 403.4 427.5 456.4 470.8 484.3 477.7 473.4 468.2 468.2 474.6 482.6 486.7 490.6 488.2 485 486.5 481.9 480 491.4 493.5 481.3 476.6 478.2 494.6
-1.8 -1.8 -1.8 -1.8 -1.8 -1.8 -1.8 -1.8 -1.8 -1.8 -1.8 -1.8 -1.8 -1.8 -1.8 -1.8 -1.8 -1.8 -1.8 -1.8 -1.8 -1.8 -1.8 -1.8 -1.8 -1.8 -1.8 3.6 13.2 23.4 37.7 53.7 63.1 74.3 95.8 124.5 154.4 156.5 149.8 149.6 150.9 154.1 162.1 168.1 186.3 210.1 239.7 278.6 295.9 313.4 324.7 339 351.3 356.4 356.6 371.3 397.8 422.3 443.2 461.4 476.2 466.9 471.2 468.2 468.2 481.3 484.3 489.7 493.2 489.6 484.9 484.4 485.4 486.8 506.9 507.7 494.2 491.2 504.1 505.1
-1.8 -1.8 -1.8 -1.8 -1.8 -1.8 -1.8 -1.8 -1.8 -1.8 -1.8 -1.8 -1.8 -1.8 -1.8 -1.8 -1.8 -1.8 -1.8 -1.8 -1.8 -1.8 -1.8 -1.8 -1.8 -1.8 -1.8 -1.8 -1.8 14.4 24.7 38.8 48.1 57.7 69.2 91.4 129.8 144 139.9 132.2 132.4 141.5 151.3 155.1 170.1 193.4 222.3 260 290.7 301.3 316.9 327.1 338.1 345.1 349 358.6 388 411.4 424.1 450.6 465 458.3 462.7 467.4 477.4 477.6 478.1 485 492.1 493.4 489.1 493.7 496.7 495.9 495.5 495.9 496.7 500.6 507.6 509.4
-1.8 -1.8 -1.8 -1.8 -1.8 -1.8 -1.8 -1.8 -1.8 -1.8 -1.8 -1.8 -1.8 -1.8 -1.8 -1.8 -1.8 -1.8 -1.8 -1.8 -1.8 -1.8 -1.8 -1.8 -1.8 -1.8 -1.8 -1.8 -1.8 -1.8 -1.8 22.1 29.5 40 47.6 63.4 98.8 130.3 134.9 126.1 119.3 126.9 133.5 140.4 161.1 189.7 221.5 265 287 296 309 318.4 323.4 332.3 340.9 349.7 373.8 395.9 410.9 433.8 455.7 454.2 461.7 470.8 482.1 486.6 476.2 483.2 481.8 484.2 490.8 499.4 499.8 500.6 488.9 486.3 486.3 502.9 510.4 506.8
-1.8 -1.8 -1.8 2 -1.8 -1.8 -1.8 -1.8 -1.8 -1.8 -1.8 -1.8 -1.8 -1.8 -1.8 -1.8 -1.8 -1.8 -1.8 -1.8 -1.8 -1.8 -1.8 -1.8 -1.8 -1.8 -1.8 -1.8 -1.8 -1.8 -1.8 12.3 19.1 27.5 37.1 36.9 58.7 88.9 117.9 120.2 113.1 112.5 119.6 130 155.2 187.7 227 251.4 278.8 293.7 302.1 306.7 312.9 320.9 329 345.6 364.5 389.1 409.9 421.7 444 440.9 454.7 475.7 484.9 487.2 484 482.3 481.7 480 482.2 488.4 499.9 501.7 495.2 486.3 490.6 506.3 511.1 511.4
-1.8 -1.8 -1.8 -1.8 -1.8 -1.8 -1.8 -1.8 -1.8 -1.8 -1.8 -1.8 -1.8 -1.8 -1.8 -1.8 -1.8 -1.8 -1.8 -1.8 -1.8 -1.8 -1.8 -1.8 -1.8 -1.8 -1.8 -1.8 -1.8 -1.8 -1.8 -1.8 -1.8 -1.8 25.9 30.1 39.5 58.2 93.6 110.4 107.8 109.7 115.9 124.5 144.7 176.6 216.1 241.1 264.9 287.6 299.2 300.5 307.6 311.7 319.3 337.6 355.4 374.9 395.6 413.3 426.5 429.4 443.4 457 473.9 482.4 477 480.6 479.5 479.5 484 486.4 486 486.2 487.9 485.1 506.6 519.3 521.8 518.3
1.6 -0.8 -1.8 -1.8 -1.8 -1.8 -1.8 -1.8 -1.8 -1.8 -1.8 -1.8 -1.8 -1.8 -1.8 -1.8 -1.8 -1.8 -1.8 -1.8 -1.8 -1.8 -1.8 -1.8 -1.8 -1.8 -1.8 -1.8 -1.8 -1.8 -1.8 -1.8 -1.8 -1.8 15.9 21.7 21 35.5 59.7 101.7 102.2 101.7 106.3 119.2 134.5 160.2 203.5 226 256.6 276.3 292.6 295.8 298 302.9 309.6 325.3 342.9 362.2 381.8 397.6 413.9 418.2 426.8 442.2 456.3 470 472.9 477.2 488.2 495.9 494.2 482.8 490.4 491.5 486.6 481.7 508.9 523.3 525.5 523.8
7.3 0.7 -1.8 2.5 -1.8 -1.8 1.6 -1.8 -1.8 -1.8 -1.8 -1.8 -1.8 -1.8 -1.8 -1.8 -1.8 -1.8 -1.8 -1.8 -1.8 -1.8 -1.8 -1.8 -1.8 -1.8 -1.8 -1.8 -1.8 -1.8 -1.8 -1.8 -1.8 -1.8 -1.8 -1.8 -1.8 10.8 34.9 74.2 95.2 92.6 98.7 105 120 147.5 179.6 209.8 248.3 262.3 271.3 283.8 287.5 298.5 305.5 314.7 340.7 351.7 370.2 385.1 399.7 397.2 412.5 416.7 435.8 455.2 464.5 473.7 487.6 492.9 486.2 473.1 473.1 475.1 477.8 481.3 505.6 518.2 521.7 515.7
16.8 9.1 2.3 2.6 9.1 6.2 5.7 -1.8 -1.8 -1.8 -1.8 -1.8 -1.8 -1.8 -1.8 -1.8 -1.8 -1.8 -1.8 -1.8 -1.8 -1.8 -1.8 -1.8 -1.8 -1.8 -1.8 -1.8 -1.8 -1.8 -1.8 -1.8 -1.8 -1.8 -1.8 -1.8 -1.8 -1.8 -1.8 21.5 84.4 85 85.1 91.7 106 137 174.9 197.9 223.1 244.5 252.9 267.3 274.7 290.5 302.2 309.3 331.4 340.8 354.8 370.3 380.3 376.6 384.7 398.2 413.7 441.4 453.1 463.5 476.3 479 479 475.3 475.9 470.2 471.2 471.4 499.4 516.2 512.5 506.3
26.6 19.6 14.4 6.3 8.8 13.7 14.8 13.9 11.3 -1.8 -1.8 -1.8 -1.8 -1.8 -1.8 -1.8 -1.8 -1.8 -1.8 -1.8 -1.8 -1.8 -1.8 -1.8 -1.8 -1.8 -1.8 -1.8 -1.8 -1.8 -1.8 -1.8 -1.8 -1.8 -1.8 -1.8 -1.8 -1.8 -1.8 -1.8 21.8 67.2 69.5 76.7 92.1 122.9 172.9 183 204.2 229.2 242.2 244.8 253.9 275.9 294.1 301.7 318.6 325.8 339.7 354.6 362.2 363.5 369.8 383.8 395.9 409.9 439.2 461.3 466.9 472 470.8 469.6 463.5 461.4 460.6 463.3 490.1 501.1 504.3 502.9
40.1 28.3 26.8 20.2 12.7 18.3 24.7 30.6 23.5 16.8 11.6 -1.8 -1.8 -1.8 -1.8 -1.8 -1.8 -1.8 -1.8 -1.8 -1.8 -1.8 -1.8 -1.8 -1.8 -1.8 -1.8 -1.8 -1.8 -1.8 -1.8 -1.8 -1.8 -1.8 -1.8 -1.8 -1.8 -1.8 -1.8 -1.8 -1.8 -1.8 42.3 63.8 75.1 97.5 141.7 160.3 181.4 208.6 224 220 235.2 255.2 273.1 292.3 301.2 312 321 333.6 345.3 353 360.1 370 385.7 399 425.7 439.9 455.4 464.6 467.4 464 458.7 460.4 456.2 456.6 469.4 483.7 504.7 507.4
44.5 42.4 40.7 33.9 34.1 33.7 29.6 31.3 30.9 26.2 24.1 -1.8 -1.8 -1.8 -1.8 -1.8 -1.8 -1.8 -1.8 -1.8 -1.8 -1.8 -1.8 -1.8 -1.8 -1.8 -1.8 -1.8 -1.8 -1.8 -1.8 -1.8 -1.8 -1.8 -1.8 -1.8 -1.8 -1.8 -1.8 -1.8 -1.8 -1.8 -1.8 52.7 58 71.9 94.4 125.7 161.8 186.2 206.5 210 218.6 231.5 248.5 268.1 284 295.9 308.4 318.2 327.1 336.9 348.2 359.3 376.5 394.6 414.2 423.5 442.3 460.2 468.9 461 457.8 461.7 454 446.7 457 486.9 503.5 509.3
53.1 53.8 50 49.4 54.6 47.5 41.2 41.4 43.8 44.3 30.8 15.4 -1.8 -1.8 -1.8 -1.8 -1.8 -1.8 -1.8 -1.8 -1.8 -1.8 -1.8 -1.8 -1.8 -1.8 -1.8 -1.8 -1.8 -1.8 -1.8 -1.8 -1.8 -1.8 -1.8 -1.8 -1.8 -1.8 -1.8 -1.8 -1.8 -1.8 -1.8 -1.8 43.7 52.4 69.8 97.1 134.2 161.2 186.8 195.6 204.4 215.9 227.5 251 274.1 278.9 289.4 303 311.8 324.5 334.3 344.3 362.4 378.6 393.4 414.9 434 442.6 450.2 445.1 446.7 452.5 446 440.6 447.2 465.6 491.5 498.3
65.5 65.6 62.9 70.9 74.2 62.5 50.7 47.7 51.8 62.3 47.5 22.4 10.1 -1.8 -1.8 -1.8 -1.8 -1.8 -1.8 -1.8 -1.8 -1.8 -1.8 -1.8 -1.8 -1.8 -1.8 -1.8 -1.8 -1.8 -1.8 -1.8 -1.8 -1.8 -1.8 -1.8 -1.8 -1.8 -1.8 -1.8 -1.8 -1.8 -1.8 -1.8 31.1 39.2 54.4 73.6 101.4 130 170.2 180.8 194 199.3 206.9 227.7 252.1 258.9 269.9 283.6 297.1 312.9 320.3 331.2 349 368.9 377 401 414.1 420.2 427.1 427.7 437.9 438.5 435.9 435.9 443 457.2 477.1 477
74.5 75.1 76.7 86.2 85.9 75.4 60 50.8 51.5 57.4 67.3 38.9 23.9 -1.8 -1.8 -1.8 -1.8 -1.8 3.7 -1.8 -1.8 -1.8 -1.8 -1.8 -1.8 -1.8 -1.8 -1.8 -1.8 -1.8 -1.8 -1.8 -1.8 -1.8 -1.8 -1.8 -1.8 -1.8 -1.8 -1.8 -1.8 -1.8 -1.8 -1.8 -1.8 25.3 37.3 48.6 64.8 103.4 134.4 154 174.2 180.5 189.8 205.3 220.6 242.2 257.3 267.1 286.7 298.5 306.5 314.4 333.2 352.5 362.1 371.2 387.1 398.4 405.9 407.1 414.5 423 424.8 426 439.1 452.7 461 467.9
86 89 87.6 87.1 87.1 81.2 64.8 54.5 50.7 49.8 51.1 46.1 28.6 8.7 -1.8 -1.8 -1.8 -1.8 -1.8 -1.8 -1.8 -1.8 -1.8 -1.8 -1.8 -1.8 -1.8 -1.8 -1.8 -1.8 -1.8 -1.8 -1.8 -1.8 -1.8 -1.8 -1.8 -1.8 -1.8 -1.8 -1.8 -1.8 -1.8 -1.8 -1.8 -1.8 14.5 28 41.6 83.3 112.1 130.9 152 161.3 170.8 179.1 198.4 224.6 232.4 246.2 263.9 280.6 289.8 298.9 313.3 330.1 338.2 348 361.4 372.7 383 386.8 394.5 405 415 418.3 432.3 443.8 455 457.9
89.9 92.2 91.1 92 90.4 76.9 63.3 57.6 52.1 50.7 47.1 45.7 32.1 8.9 -1.8 -1.8 -1.8 -1.8 -1.8 -1.8 -1.8 -1.8 -1.8 -1.8 -1.8 -1.8 -1.8 -1.8 -1.8 -1.8 -1.8 -1.8 -1.8 -1.8 -1.8 -1.8 -1.8 -1.8 -1.8 -1.8 -1.8 -1.8 -1.8 -1.8 -1.8 -1.8 5.7 9.3 24.6 57 94.1 115.7 130.2 151.1 166.1 173.5 188 211.4 221.9 231.6 239.6 252.4 265.4 278 292.2 306.4 318 330.8 342.1 358 364.4 366 373 379.8 391.1 413.9 424.3 436 446.3 453.5
94.6 95.8 93.9 91.8 82.3 73 64.9 61.2 55.1 51.8 50.6 49.9 36.2 19.5 -1.8 -1.8 -1.8 -1.8 -1.8 -1.8 -1.8 -1.8 -1.8 -1.8 -1.8 -1.8 -1.8 -1.8 -1.8 -1.8 -1.8 -1.8 -1.8 -1.8 -1.8 -1.8 -1.8 -1.8 -1.8 -1.8 -1.8 -1.8 -1.8 -1.8 -1.8 -1.8 -1.8 -1.8 -1.8 23.3 51.2 86.3 105.5 129.5 155.3 173.8 184.5 194.7 206.3 214.9 226.8 234.1 244.7 265.7 275.6 287.7 298.7 310.5 326.9 336 341.9 351.3 361.6 369 378.8 400.2 407.6 427.1 437.2 448.5
105.6 105.8 98.6 93.6 82.5 73.9 67.4 64.8 59.5 61.6 60.5 57.3 43.9 29 13.8 -1.8 -1.8 -1.8 -1.8 -1.8 -1.8 -1.8 -1.8 -1.8 -1.8 -1.8 -1.8 -1.8 -1.8 -1.8 -1.8 -1.8 -1.8 -1.8 -1.8 -1.8 -1.8 -1.8 -1.8 -1.8 -1.8 -1.8 -1.8 -1.8 -1.8 -1.8 -1.8 -1.8 -1.8 -1.8 14.9 47.6 74.9 103.6 132.5 149.7 162.9 174.7 188.9 197.9 209.1 224.6 235.1 258 277.6 283.5 285.1 293 306.8 317.1 324.9 333.6 345.9 353.8 367.1 383.3 394.7 416.2 436.7 436.5
117.1 113.7 114.3 100.1 86.5 75.3 67.9 66.3 75.3 76 71.2 69.6 49 36.5 23.6 9.5 8.2 -1.8 -1.8 -1.8 -1.8 -1.8 -1.8 -1.8 -1.8 -1.8 -1.8 -1.8 -1.8 -1.8 -1.8 -1.8 -1.8 -1.8 -1.8 -1.8 -1.8 -1.8 -1.8 -1.8 -1.8 -1.8 -1.8 -1.8 -1.8 -1.8 -1.8 -1.8 -1.8 -1.8 -1.8 -1.8 32 78.1 101.5 138.1 152.6 165.7 175.4 183.1 198.7 210.9 223.4 234.4 261.7 274.6 281 279.5 286.7 294.6 307.2 321.8 332.7 340.3 359 378.8 394.5 409.9 421.4 422.6
130.3 121.8 119.8 105 91.7 82.4 79.8 79.8 84.2 91.4 91.2 67.9 54.6 43.2 31.5 17.3 13.1 12.1 -1.8 -1.8 -1.8 -1.8 -1.8 -1.8 -1.8 -1.8 -1.8 -1.8 -1.8 -1.8 -1.8 -1.8 -1.8 -1.8 -1.8 -1.8 -1.8 -1.8 -1.8 -1.8 -1.8 -1.8 -1.8 -1.8 -1.8 -1.8 -1.8 -1.8 -1.8 -1.8 -1.8 -1.8 -1.8 31 72 109.5 136.1 155.7 156.7 165.3 179.3 196 205.4 221.3 238.8 248.8 260.5 267.4 271.5 280.7 294.8 302.8 310.7 336.2 355.1 368.2 387.7 396.4 411.2 405.2
137.7 129.6 123.6 110.9 99.7 90.3 81.6 88.5 97.6 99.1 97 73.9 59.4 48.6 37.5 22.2 19.8 16.7 3.8 -1.8 -1.8 -1.8 -1.8 -1.8 -1.8 -1.8 -1.8 -1.8 -1.8 -1.8 -1.8 -1.8 -1.8 -1.8 -1.8 -1.8 -1.8 -1.8 -1.8 -1.8 -1.8 -1.8 -1.8 -1.8 -1.8 -1.8 -1.8 -1.8 -1.8 -1.8 -1.8 -1.8 -1.8 -1.8 34.9 69.7 111.3 123.6 129.3 139.3 155.5 173.4 187.6 198.2 215 233.3 240 245.9 255 270.1 286.9 290.2 299.7 333.4 346.9 354.4 365.4 374.8 377.9 382.1
