app/static/ascii/NC24.asc
ncols 200
nrows 200
xllcorner 220000
yllcorner 940000
cellsize 50
[rows 0 to 35 of 200, columns 81 to 161 of 200]
39.9 41 41.5 45.2 53.2 70 82.7 88.1 86.2 99.1 102.8 94.5 81.8 77.1 80.9 92.2 102.1 108.7 104.5 98.9 82.3 88.3 60.8 42.7 37 37 37 37 37 37 37 48 62.9 71.6 72.7 73.4 77.6 84.1 87.5 87 85.6 87.1 89.3 91.6 87.7 81.9 75.5 72.5 79.2 77.9 74 61.9 45.1 45.1 46.4 47.7 50.3 51.9 55.5 55.2 56.2 66.6 79.4 90.3 88.5 84.9 82.9 90.6 92.5 97.1 107.2 110.3 110.6 112.7 117.7 124.9 126.3 128.2 133.9 137.3 138.5
42.6 47.6 51.7 61.7 70.2 84.3 92.5 94 95.5 99.9 102.7 95.8 85.3 79.7 81.3 91.3 101 108.6 108.4 105.7 100 83.2 64.5 49.1 38.4 37 37 37 37 37 37 37 41.9 56.2 58.6 60.9 66.3 70.7 73.8 77.6 78.9 83.9 86.9 86.2 82.6 77.2 76.6 79.4 81.7 78.8 74.5 66.8 51.7 45.1 45.1 45.8 48.5 50.7 51.9 55.8 57.7 62.5 67.7 75.6 74.6 71.4 73.4 76.9 89.6 97.1 106.4 110.6 110.1 115 117.4 116.9 123.1 129.6 137.2 143.8 140.7
47 53.1 73 106.1 110.7 105.7 109.4 109.3 98.5 96.6 93.8 88.7 84.3 82.7 91.9 96.1 102.1 104.8 111.3 111.3 104.8 95.2 70.6 48.4 40.4 37 38.9 37 37 37 37 37 37 45.3 49 49.1 52.5 57.8 61.7 65.9 70.9 76 79.9 78.4 76 74 75.1 78.1 76.8 73.7 70 65.9 55.7 45.1 45.1 45.5 47 48.6 50.7 52.3 50.9 51.7 58.2 62.6 64.8 66.2 63.8 73.4 82.5 90.7 98.5 103.1 105.7 109.1 111.3 119.4 126.6 130.9 135.7 142.4 141.1
53.7 84.1 109 111.8 110.7 105 110.7 107.2 96.9 88.1 86.9 85.3 82.8 83.5 89.2 96.4 107.1 112.5 118.3 112 104.5 98.6 75.4 55.6 43.4 46.6 46.1 40.2 40.8 37.4 37 37 37 37 37 38.9 39.1 48.9 55.9 55.3 58.9 64.9 69.6 70.7 69.2 69.8 70 71.1 71.3 68.4 64.9 63.1 57.9 47.3 45.1 45.9 46.8 47.4 50.4 49.7 51.2 52.4 52.6 56.1 59.6 62.8 64.8 69.3 75.6 81.8 87.1 97.1 102.6 107.3 113.8 124.7 131.5 129.3 129.1 132.1 137.4
60.9 89.1 97.2 103.9 103 101.6 99.7 94.3 91 90.5 83.9 85.4 85.8 88.7 96.8 104.4 110.4 114.9 111.4 103.9 98 91.2 73.6 56.9 54.3 66 52.1 59.8 65.4 62.7 37 37 37 37 37 37 37 37 46.1 46.2 48.3 53.8 59.8 63.6 66.6 68.2 68.2 70.9 71.8 66.5 62.9 60.6 54.8 48.8 45.1 45.1 46.3 48.2 52.7 57 54.7 53.7 55.3 56.1 56.5 59.1 63.9 68.4 73.1 79.1 88.7 96.2 102.7 107.4 113 120.4 125.6 124 122.1 123.5 132.7
63.8 73.9 83.2 89.9 92.9 100.8 94.3 89.2 87 86.1 86.6 91.5 94.3 99.9 100.2 103.3 106.5 108.5 106 99 90.8 83.1 71.7 69.7 69.7 69.5 58.8 66.6 71 78.1 71.2 39.9 37 37 37 37 38.6 42.9 40.9 41.7 43.1 51.4 54.6 59.6 66.3 68.6 69.3 80.9 79.7 72.4 67.8 60.3 55.2 50.9 45.1 45.1 45.1 45.7 50 58.4 56.4 56.4 56.1 56.1 57.9 59.9 63.5 67.2 71.9 79 87 95.1 107.1 111.7 118.3 121.8 123.2 122 120.7 120.5 131.4
63 67.1 83.6 88.3 88.3 89.8 89.5 88 86.7 86.5 101.2 102 105.9 109.4 109.7 105.3 115.9 111.7 97.6 92.4 87.3 78.4 71.2 70.2 76.9 70.5 72.2 92.4 101 112.4 102 62.3 39.9 37 37 39.6 43.7 42.5 41.4 41.7 44.2 45.8 52 57.6 75.1 91.6 91.3 86.6 88 75.4 67 62.4 59.3 53.6 47.5 45.1 45.1 45.1 48.9 55.2 57.2 57.1 57 58.5 61.4 62.9 61.6 68.4 76.6 80.3 84.7 89.4 99.5 105.3 112.5 116.7 117.4 119.4 124 136.5 142.1
78.5 81.1 94.8 106.1 107.4 102.9 93.5 89.2 96.1 97.8 117.6 122 123.2 122.9 123.6 116.7 126.8 116.2 96.9 87.4 80.2 75 73.5 84.7 100.4 88.6 96.7 114.3 117.3 116.2 107 88.9 67 43.2 40.3 44.4 52 42.8 41.7 43.7 45.4 47.3 48.3 58.7 79.3 92 94.4 91.6 86.8 76.2 68.6 66 68.8 57.8 50.6 45.1 45.1 45.1 50.5 56.6 58.6 59.4 60.3 63.7 65.1 68.4 71.1 74.2 74.7 78.7 83 86.3 94.2 99.6 106.1 109.7 114.7 119.9 124.2 130.1 136.8
75.4 92.6 108.5 111.7 110.2 111.2 119.9 123.6 128 128.8 137.2 129.7 134.6 136.1 129.3 122 128.8 124 113.7 96.7 92.7 76.9 89.5 107.5 116.9 108.6 107.8 112.8 115.9 131.2 118.9 119.5 102.5 56 49 50.8 50.8 44.1 50.4 47.4 49.3 51.1 50.6 59 81.6 87.5 88.3 93.8 86 79.1 71.9 77.6 76.9 72.3 60.8 52.5 46.1 45.1 47.6 52.3 59.7 64.1 64.2 65.1 71.6 80.6 80.7 81 82.7 82 87.5 91.8 96.8 99.6 105.7 110.1 113.4 122 125.6 127.4 131
76.1 96 100.4 106.9 118.8 125.8 137.4 134.2 137.1 136.4 141.4 144.7 145.1 137.6 130.2 127.7 128.1 119.6 123.5 107.8 115 88.2 96.6 111.5 115 104.2 104.2 114.8 126.5 135.4 127.8 126.6 118 85.3 61 62.9 50.5 45.1 49 49 50.9 53.8 58.5 57.3 68.5 78.8 89.5 91.6 91.7 93.7 96.4 84.4 78.4 74.3 67.5 61.2 49.9 45.5 47.3 52 60.5 66.7 69.9 74.4 88 94.5 83.8 99.9 90.3 89.1 92.4 100.8 103.9 101.9 102.4 105.9 111.7 118.9 125 126.1 130.1
73.1 94.1 112.9 122 123.5 127.1 134.9 134.7 134.7 139 142.1 147.7 151.8 139.2 131.3 135.1 129.5 123.3 119.1 113.4 104.8 97.4 100.8 107.4 105.2 104.2 104.2 120.7 133.7 138.6 135.3 129.9 122.1 110.2 75.7 77.8 62.2 47 46.3 49.4 51 54.5 56 59.2 63.6 69.4 80.2 98.7 114.1 129.7 125.7 119.8 108.8 91.3 71.3 63.8 57.2 47.8 46 49.9 59.3 69.7 76.8 82.4 96.6 95.6 91.6 109 115.2 109.9 104.7 101.7 108.2 109 107.4 109.6 110.4 116.3 118.2 129.7 132.4
77.8 96 110 117.5 117.7 122.2 128.8 128.5 133 137.7 140.1 142.1 142.9 138.8 136.6 141.7 131.3 130.6 125 109.1 100.6 98.3 99.2 101.6 110.6 106.1 108 121.7 134.1 131.3 128 127.8 120.1 112.4 95.8 92.5 77.2 52.6 47.8 46.9 50.9 53.9 55.2 58.5 63.3 68.5 87.7 108.6 126.2 131.6 129.7 123.9 110.6 100.1 82.2 67.7 64.4 55.6 49.5 48 55.9 73.8 78.1 82.6 90 90.5 105.7 119 129.2 126.3 119 111.5 108.4 111.1 131.4 128.6 130 135.5 130 140.7 138.5
81.9 91.7 101.9 109.5 108.4 117.9 123.4 123.5 133.4 135.2 135.3 134.4 131.5 130.8 135.9 135.9 132.5 134.7 115.1 103.5 100.6 100.3 106.5 111.6 113.5 111 116.2 123.3 128.5 127.4 128.1 123.4 117.6 106.3 93.4 84.6 70.9 58.8 49.1 47.6 50.2 57.1 58.5 62.3 64.3 72 95.5 105.5 129.4 134.1 130.1 120.1 110.9 104.5 98.4 89 71.7 63.9 53.3 49.2 52.1 73.7 83 84.2 92.2 94.8 121.4 126.6 127.8 125.2 124.9 116.5 111.3 122.7 131.2 131.6 134.2 136.4 130.2 141.8 139.9
104.8 97.5 94.2 98.6 99.8 107.9 111.4 119.7 128 134 132.2 130.2 128.6 127.9 128.3 126.5 129.9 122.3 102.7 99.5 99.9 104.2 107.4 114.4 114.4 114.5 121.2 123 121.1 121.7 124.3 119 114.1 100.1 91.1 82.7 69.8 56.9 50.2 47.4 53 70.7 89.9 72.2 73 77 88 103.4 121.3 131.8 127.4 120.2 111.1 107.2 103.3 101.6 87 71.7 61 53.4 50.4 64.5 83.1 86 90.3 115.6 138.5 138.2 132.4 122.7 119.4 111 109.6 116 124.7 124.6 134.6 133.4 129.9 138.1 140.3
104.8 114.1 109.2 96.2 95.9 101.2 110 116.6 121.6 124.9 127.7 128.3 127.3 126.2 123.9 115.4 118.3 105.1 98 96.6 96.6 98.4 110.7 113.1 115.2 113.8 113.3 113.5 113.3 126.4 127.3 119.9 119.8 97.8 88.6 78.5 67.9 66 61.6 53.1 65.6 85.4 102.6 103 87.2 83.5 87.4 96.2 106.7 122.8 125.7 121.6 118.7 114.8 109.9 104.6 98.5 84.4 70.1 57.6 50.8 59.7 81 85.5 98.3 121.3 130.4 128.9 122.2 120.4 118.1 108.8 108.4 111.5 122 120.6 129.7 140.6 134.7 143.7 142.4
115 120.1 110.8 106.1 96.9 96.8 98.1 113 123.7 124.7 126.4 126.1 126.8 127.5 124.1 116.6 110.2 98.2 92.6 92.3 92.3 92.3 104.2 106.2 112.3 129.9 126.4 119.7 119 128.8 126.2 116.3 110.5 98 85 82.5 98.3 104.9 92.8 70.3 83.3 93.7 102 124.9 107.1 91 91.4 92.2 97.8 104.7 113.8 114.2 118.7 117.8 112.2 111.4 107.5 100.9 76.5 62.1 55.4 51.6 64.1 84.6 96.4 114.3 121.7 128.2 123.2 116.1 110.9 108.4 108.4 108.4 108.4 117.9 120 124.1 132.6 139.4 142
121.5 120.3 118.6 117.6 115.8 108.2 102.8 104 113.4 122.1 123.9 123.6 123 124.4 113.5 106.8 97.7 93.6 92.3 92.3 92.3 100.2 101.1 121.1 128.3 131.8 129.4 122.8 118.9 125.3 122.4 106.2 99.6 93.9 101.9 106.1 121.3 114.5 94.8 85 90.1 99.4 107.3 117.5 109.5 95.4 95.6 93.1 95.1 98.9 103.5 109.8 112.4 114.4 112.4 112.8 110.7 105.1 88.1 69.6 56.5 53.6 57.9 73.6 94.9 114.2 120.1 125.1 125.2 124.2 120.3 108.4 108.4 108.4 120.3 127.4 131.3 127.3 136.7 138.8 142.7
120.6 120.9 130 126.8 120.5 123.3 116.2 103.5 108.5 122.6 125.2 123.4 123.1 114.5 105.1 95.2 92.3 94.6 92.3 92.3 93.1 105.2 112.6 119.2 126.6 128.3 123.9 114.9 109.7 111.2 103.6 106.4 102.3 108.5 115.6 111.8 115.9 109.4 93.3 85.8 88.7 100.8 105.3 112.3 104.9 96.9 95.8 95.5 94.2 97.2 99.4 106.5 110.3 113.7 117.5 126.7 123 116.5 100.4 77.7 57.2 52.6 54.4 75.1 91.3 101.8 123.4 132.6 134.5 122.6 120.6 116.4 121 132.9 128.4 137.2 137.7 133.5 132.8 135.7 147.4
117.7 126.1 126.1 124.6 116.1 118.3 124.2 115.6 103.5 113.6 123.3 126.9 116.9 108 102.6 92.3 92.3 92.3 92.3 93.4 97.7 114.1 122.6 131 128.8 125.5 119.2 113.7 103.4 103.4 103.4 103.8 114.1 113.3 113.4 107.9 106.6 102 91.3 87.6 85.1 91.1 96.5 100.4 101 103.8 106.4 101.1 96.8 96.3 99.8 104.8 119.8 127 131.5 131.7 128.9 126 112.6 86.8 61.3 52.6 52.6 63.9 82.2 97.9 121.9 125.6 129.6 129.2 108.4 128.2 130.2 135.3 134.9 137.9 142.4 141.7 132.9 135.1 143.4
113.4 117.9 122.3 123 116.9 114.6 121.4 126.7 119.1 110.3 115.2 123.9 113.6 108.7 98 92.3 92.3 92.3 92.3 99.5 108.7 129.3 128.6 126.8 125.5 123.3 111.1 106.6 105.2 109.6 117.4 119 122.7 118 114.4 108.2 105.2 97.6 88.2 86.2 85.4 86.4 89.3 110.1 106.8 109.3 113.1 112.8 114.6 123.1 118.7 112.4 110.7 128.5 135 141.6 137.7 125.7 111.6 95.2 70.3 54.7 52.6 55.4 74.3 92 108.7 114.1 116.9 118.4 118.7 135.6 135.9 130.9 136.2 134.8 139.3 143.2 137.5 132.8 137.5
118.1 120.1 117.2 115.9 117.3 114.9 119.4 124.7 129.5 123.9 109.5 111.5 115 111.2 92.3 92.3 94.9 93.8 106.3 105.5 109 115.5 117.7 119.4 117.4 112.9 109 108.5 108.6 116.4 119 120.5 118.3 117.1 116.1 115.5 114.2 105.6 88.8 97 102.4 100.8 106.1 125 114.2 112.4 114.6 119.6 137.2 140.7 131.5 121.7 118 124.9 129.4 145.3 143.6 129.3 119.2 101.9 79.9 56.3 52.6 52.6 69.1 88.5 95.3 98.2 100.1 106.3 122.1 130.1 131.7 128.5 128.1 131.9 132.6 134.2 134.6 134.9 135.5
111.8 110 113.5 115.1 115 119.7 126.7 124.3 130.1 132.9 116.3 101.9 106.3 105.2 92.3 92.3 92.3 98.5 106.5 110.4 115.4 127.1 132.1 125 116.1 121.1 121.8 114.5 107.9 111 111.5 114.9 116.2 118.6 122.3 123.6 115.7 104.9 94.5 104.9 108.2 119.3 125.1 129 117.9 115.7 117.5 121.8 134.9 137.9 134.2 128.2 135.3 139.4 131.5 130.6 129.4 128.4 122.6 106 88.2 61.6 52.6 52.6 62 82.5 85.6 88.2 92.1 100.1 115.5 123.1 130 121.9 124 125.6 126.7 130.7 132.4 134 135.7
109.1 108.4 110.2 116.8 124.5 124.5 128.4 127.4 124.9 131.8 127.5 109.2 96.5 102.4 92.3 92.3 94.8 97.9 119.5 132.9 133 130.8 126.2 120.6 130.9 134.5 130.8 126 111.7 113.7 120.9 114.7 119 123.5 130.5 118.3 112.5 105.6 96.7 98 104.2 120.7 131.4 128.6 122.3 121 125.2 130.8 136.6 139.5 143.4 143.4 143.9 145.7 141.5 135.1 127.3 124.4 121.7 110.2 95.6 69 52.6 52.6 56.8 75.6 81 79.8 87.7 98.9 104.4 111.8 118.9 117.3 119.2 122.6 125.8 130.8 133.3 135.2 135.3
116.5 115 112.2 115.1 124 125.9 120.6 120 120 123.3 124.8 120.9 103.6 93 92.3 92.3 94.9 112.5 133.8 131.3 130.1 122.4 123.2 134.7 139.8 132.1 128.4 129.6 117.9 118.6 115.1 116.1 127.4 128.7 127.4 124.5 121.4 114.7 111.4 106 104 110.9 125.8 130.3 133.3 128.6 128.2 142 146 144.6 147 147.9 150.3 150.7 147.2 144 138 126.9 123.5 113.6 100.1 73.8 57.5 52.6 52.6 62.2 69.6 71 75 84.3 97.8 104.2 110 113.5 121.9 124.1 126.7 131.9 137.8 136.2 135.4
115.8 117.5 118.4 123.6 119.8 120.4 120 120 120 120 125.6 125.2 109.9 92.3 92.3 92.3 103 116.7 125 116.9 115.7 121.9 123.5 131.9 130.7 128.6 124.9 126.4 124.5 122.6 116.1 119.5 125.3 125.9 124.5 128.6 132 123.4 128.2 126.9 116.6 109 117.3 122.8 124.7 135.7 132.8 133.6 143.6 149.4 152.3 154.7 153.5 154.9 154.8 155.2 148.6 128.9 123.5 112.8 92.2 73.8 57.1 52.6 52.6 52.6 57 62.2 73.5 102.7 119.4 123 117.6 117.7 119.1 121.5 126.8 130.6 133.4 137.6 134.1
111.3 116.3 120.3 119.4 124.1 123.4 128.9 127.3 124.5 120 128.8 124.3 110 92.3 92.3 92.3 94.5 99.4 105.2 110.3 112.5 117.3 124.9 130.9 125.1 128.2 124.5 124.7 130.4 126.9 129.9 115.5 118.8 121.5 123.4 131.8 126 125.6 131.1 130.6 126.9 117.3 111.2 111.3 119.3 130.3 133.4 129.9 135 144.7 151.4 153.3 152.8 155.2 155.7 155 152.1 138.7 118.7 105.7 92 77 57.2 52.6 52.6 52.6 57.2 67.9 87.1 112.4 124.2 129.3 132.5 127.5 123.5 122.5 125.5 127.9 129.6 128.2 132.1
102.2 105 112.9 116.5 118.7 121.8 125.9 127.2 127.2 130.1 129.4 122.3 103.5 92.3 92.3 92.3 92.5 93.6 99.3 103.8 110.4 125.7 122.9 125.5 127.5 128.7 122.8 127.7 127.3 127.7 126.5 121.4 112.5 116.2 124.5 128.6 125.1 127.2 129.8 126.9 125 124.6 123.8 112.2 116.9 128.7 133.9 129.9 135.1 140.6 149.6 153.2 154.5 154.9 156.7 158.7 154 145.2 133 107.8 89.8 77.6 63.1 52.6 52.6 52.6 52.6 69.9 85.3 102.5 111.6 119.7 121.8 121.7 122 122.8 128.3 134.7 135.3 128.2 128.2
108.7 105.1 109.1 111 111.3 115.3 120.9 122.1 119.9 131.3 129.8 118.1 99 92.3 92.3 98.9 116.3 99.8 97.1 99.8 109 119.5 119.5 122.9 124.7 122.2 117.8 119.7 122.8 127.1 120 121.1 113.2 112.5 121.7 120.2 124.6 125.1 124 123.4 127.4 131 130.2 122.1 121.5 121.9 129.5 134.9 143.1 146.9 148.5 150.6 154.4 155.9 155.1 157.8 155.9 150.1 141.3 118.8 88.7 76.6 63.5 52.6 52.6 52.6 52.6 65.7 78.1 86.1 97.9 109.6 115.3 116.2 118.3 123.1 130.8 140.1 148.6 146.1 128.4
111.1 109.1 108.3 112 111.2 113 116.4 114.8 119.3 129.3 128.6 114.4 94.7 92.3 94.6 108.1 133.3 143 106.8 98.9 111.1 113.8 125.6 126.8 127.7 121.4 116.4 117.4 122.4 120.2 125.3 127.6 125.7 114.2 112.5 118.4 121.7 121.6 120.3 126.4 133.9 136.9 141.5 134.6 136.3 131 126.8 134 141.9 147.1 151.1 151.1 153.3 152.6 149.9 153 155.8 151.6 142.9 126.5 90.7 76.2 62.8 52.6 52.6 52.6 52.6 60.5 73.5 83 87.6 94.2 103.2 110.3 121.5 124.6 138.1 140.1 145.2 145 136.5
105.4 108.7 110.4 109.6 111.3 117.4 113.2 114.1 128.9 129.2 121.1 105.4 92.4 107.7 106.2 114.7 133.3 140.6 134.5 113.8 106.1 109.7 123.5 127.6 129.6 121.9 115.7 116.4 122.2 130.1 131.6 129.8 128.9 128 112.5 112.5 115.4 117.7 118.1 128 135.9 146.1 143.9 140.5 141.6 139.2 129.9 129 138.1 145.9 151.5 158 157.3 152.7 148.9 152.1 155.2 153.7 146.3 130.3 96.7 90.8 77.1 52.6 52.6 52.6 52.6 54.2 69.9 75.1 79.9 82.1 93 108.8 122.3 123.9 136.7 144.2 143.4 144.4 138.4
95.9 103.5 112.1 113.5 111.5 113.4 117.4 110.9 128.3 125.9 108.8 94.3 97.9 107 111.7 120.2 124.7 127.4 125.4 123.3 105 104.5 114.9 127.8 125.2 121.4 112.6 115.6 123.7 132.1 134 131.6 137.6 131.9 112.5 114.7 112.5 112.5 114.8 123.7 133.8 145.5 145.1 141.6 142.1 141.2 137.9 132.4 130 140.1 148.9 155.4 156.8 155 148.9 154.6 157.2 153.6 144 131.7 103.6 96.3 93.5 64.9 52.6 52.6 52.6 52.6 56.6 72.6 79.4 86.8 94.2 102 113.6 120.2 137.8 140.6 141.9 142.1 136.2
94.7 94.7 101.3 108.4 113.6 111.1 106.1 110.8 119.2 119.5 98.8 89.5 96.3 101.2 109.6 114.1 116.1 116.1 115.4 116.5 117.8 104.5 107.2 116.5 116.9 118.8 111.4 119.4 125.4 128.2 131.4 131.1 138.1 135.8 119 116.1 117.7 116.3 112.5 119.5 136.7 141.7 141.2 140.9 146.3 143.5 145 146.2 135.2 130.5 140.7 146.9 150.6 149.2 147.8 148.9 150.4 149.8 143.7 130.4 109.8 98.4 88.7 72.7 59.4 52.6 52.6 52.6 52.6 65.1 88.9 94.4 102.4 102 113.4 117.3 130.5 138.7 138.8 135.7 135.7
94.7 94.7 94.7 95.3 104.4 100.5 96.7 114.7 118.6 112.5 94.3 89.1 90.8 95.3 100.5 98.6 99.8 101 111.8 122.9 128.5 109.1 104.5 104.5 110.2 118.8 111.5 114.4 124 129.6 129.2 130.2 139.5 136.2 118.3 118.3 120.7 122.3 112.5 123.8 134.8 138.6 139.7 144.1 148.5 143.9 142.1 141.1 135.2 130.3 131.1 134.7 135.4 138.2 138.2 139.1 143.8 141.8 140.2 133.7 119.4 100.1 90.6 75.5 67.9 56.1 52.6 52.6 52.6 56.8 76.9 88.9 98.5 100.3 110.8 117.3 133.6 137.3 135.2 133 134.7
101.1 94.7 95 94.7 94.7 94.9 110.2 119.1 119.4 111 90.3 89.6 91.2 93.1 95.1 100.5 97.2 104.9 115.5 128.1 129.6 114.1 104.5 104.5 104.8 110.5 113.7 112.2 119.1 129.4 131.8 135.1 135.3 134.9 120.1 118.5 123.6 117.9 112.5 125.2 137.1 144.4 146.1 148.4 146.8 139.2 134.6 134.1 133.2 133.3 136.4 136.8 143.9 151 149.6 149.3 144.1 147 146.3 135.5 122 102.5 97 81 70.4 63 52.6 52.6 52.6 52.6 68.3 74.4 82.2 90.9 99.2 108.6 122.3 127.5 126.2 133.6 133.1
104.3 100.5 97.3 94.6 95.5 102.4 121.5 123.3 120.6 110.7 88.7 92 95.5 90 91.6 96.9 94.6 101.1 111.8 124 127.3 118.9 120.1 115.1 104.5 104.3 109.3 109.5 120.8 128.6 127.6 137.1 132.1 127.3 125.7 117.2 117.5 112.5 112.5 123.9 138.1 140.7 143.4 140.5 138.2 135.8 134.9 138.1 140.4 140.9 146.6 146.5 149.8 152.6 154.3 153.8 154.3 154.3 144.7 138.6 128 112.3 99.6 92.3 76.4 64.8 52.6 52.6 52.6 52.6 62.2 71.8 79.8 86 95.2 103.9 109.6 113.6 118.9 131.7 133.6
107.5 102.6 99.1 96 94.5 111.1 117.2 120.5 121.2 107.6 88.7 94.2 94.6 91.3 90.3 91.5 92.9 100.7 106.2 112.2 117.9 122.4 126.6 124.6 121.7 104.5 104.6 108.1 114.5 121.5 123.9 126.5 125 121.2 121.8 116.7 112.5 112.6 112.5 125.7 132.6 134.4 137.1 135.5 137.4 138.8 141.6 143 144.8 145.6 149.3 150.8 153.1 147.9 148.6 148.3 147.5 145.7 143.1 140.6 134.5 112.7 96.8 89.4 86.2 73.4 58.9 52.6 52.6 52.6 58.5 64.6 77 84.2 91 96.2 99.9 101.3 107.6 121.7 131.6
