app/static/ascii/NC26.asc
ncols 200
nrows 200
xllcorner 220000
yllcorner 960000
cellsize 50
[rows 108 to 143 of 200, columns 0 to 80 of 200]
1.1 15.9 60.4 73.8 78.5 80.4 81.8 85 88.7 90.6 90.4 89.2 89.2 89.2 94.1 98.5 107 111.5 109.4 98.6 98.9 93.4 105.9 115.7 119.9 131 132.5 131.3 124.1 125.9 133 134.4 119.4 97.3 79.8 45 30.4 32.5 35.1 33.3 29.2 23.8 14 4.9 3.6 3.6 3.6 3.6 3.6 3.6 3.6 3.6 3.6 3.6 3.6 3.6 3.6 3.6 3.6 12.4 19.3 23.4 25.7 28.8 32 36.6 40.4 49.6 57.7 63.2 71.2 82.5 106.7 131.2 142.9 145.3 142.1 140.6 143.1 148.8 155.3
2.4 28.5 68.6 73.2 74.9 76.3 80.1 85.9 85.2 85.9 90 89.2 92.7 96.7 95.3 101.7 116.7 121.1 122.6 118.7 107.7 106.3 108.6 115.7 124.3 131.8 136.5 138.1 133.5 132.5 134.7 139.3 130.8 99.6 91.1 72.3 46.8 35.4 40.3 45.2 50.6 36.8 24.7 6.8 4.9 3.6 3.6 3.6 3.6 3.6 3.6 3.6 3.6 3.6 3.6 3.6 3.6 3.6 3.6 11.7 15.1 21.3 21.9 27.3 31 35.3 37.9 43.3 52.8 59.8 73.3 87.5 108.4 130.6 141.5 148.6 149.4 147.5 145.7 150.7 156.8
33.3 48.5 67 67.5 69.3 74.9 77.8 83.3 85.2 86.2 93 98.6 95.8 102.4 99.9 99.2 110.8 124.5 128.1 128.2 114.9 112 112.8 120.5 126.2 131.9 135.7 139.1 136 137.4 139.7 137.4 129.5 105.2 92.7 84.1 65 45.4 49.9 61.2 68 57.1 38.9 10.3 4.9 3.6 3.6 3.6 3.6 3.6 3.6 3.6 3.6 3.6 3.6 3.6 3.6 3.6 3.6 3.6 10.4 16.8 22.5 26.4 29.9 34.5 37.4 40.4 47.5 56.3 73.1 92.2 108.9 126 137.6 145.9 150.1 152.9 148.9 151 155.2
54.1 62.7 65.3 68.6 73 79.6 84.8 85.6 86.3 88.9 94.6 99.8 99.3 103.9 106.3 101.5 102.2 118.3 129.4 132.9 127.3 115.5 119.7 124.6 126.3 131.1 135.7 138.8 140.7 137.4 137.9 130.3 119.9 109.5 95.4 82.2 68.2 53.7 53.4 66.6 67.9 59.9 41.8 19.8 5.8 3.6 3.6 3.6 3.6 3.6 3.6 3.6 3.6 3.6 3.6 3.6 3.6 3.6 3.6 3.6 3.6 13.2 19.7 24.6 28.3 33.1 36.7 39.8 42.7 53.6 73.2 95.7 115.1 123.5 133.2 139.9 145.4 148.5 150.6 152.2 155.1
60.9 62.5 68.9 71.1 75.6 80.8 86.1 88.6 89.2 91.7 97 101 103.6 106.9 110.3 107.9 104.2 110.5 126.7 134.7 135.6 133.3 140.5 142.5 139.9 137 135.8 137.8 141.1 136.6 130.9 121.9 116.4 109.6 95.3 81.7 70.3 58.7 56 62.8 62.9 53.1 35.8 20.6 9.8 5.3 3.6 3.6 3.6 3.6 3.6 3.6 3.6 3.6 3.6 3.6 3.6 3.6 3.6 3.6 3.6 9 15.2 22.2 26.7 32.1 35.6 38.4 40.5 54.5 77 101.8 121.2 128.3 133.3 137.5 140.8 143.6 146.3 151.2 159.5
67.6 69.6 71.5 73.9 77.9 82.9 89.3 91 91 95.8 101.3 106 108.8 110.1 112 115.1 112.7 112.9 117.5 129.8 135.2 136 142.5 146.9 148.6 144.7 140 137.1 139.7 133.8 128.8 121.8 115.8 105.3 94.3 83.9 72.3 60.4 55.6 57.1 56.5 45.7 33.6 20.3 14.9 15 5.8 8 4.7 5.6 3.6 3.6 3.6 3.6 3.6 3.6 3.6 3.6 3.6 3.6 3.6 3.6 11.8 19.1 25.8 31.5 36 38.7 42.9 58 79.1 106.3 119.7 129.6 136.1 139.7 141.1 143.5 147.8 153.3 162.4
74.6 77.2 80.1 78.8 80.2 85.4 90.9 91.8 93.6 98.9 104.3 108.4 111.5 113.6 113.7 117 120.7 120.8 121 123.2 132.6 135.7 143.3 149 150.3 149.4 142.9 137.3 134.4 131.9 128.8 123.5 112.1 99.7 92.8 85.3 75.2 61.9 53.7 52 48.2 41.4 30.5 21.6 16.8 15.7 10.6 8.9 5.5 7 12.6 3.6 3.6 3.6 3.6 3.6 3.6 3.6 3.6 3.6 3.6 3.6 8.9 17 24.1 31 36.5 40.9 46 61.2 83.9 106.7 119.1 130.2 139.6 147.3 150.4 148.9 150.9 157.1 164.9
83.9 83.7 86.2 85.4 84.2 87.9 91.2 93.1 96.7 102.7 107.8 110.8 112.9 114.6 115.6 117.8 121.3 126.4 130.1 127.6 131.2 134.4 142.8 147.7 148.9 151.8 145.3 139.9 129.2 128.2 124.4 117 102.4 96.7 91 84.1 75.9 64.8 52.8 48.4 43.3 39.6 34.1 24.2 16.8 13.8 11.3 9 9.9 8.4 15.9 10.4 3.6 3.6 3.6 3.6 3.6 3.6 3.6 3.6 3.6 3.6 4.1 14.4 21.9 29.5 36.2 43.3 49 65.9 84.7 106.6 121.8 131.2 145.6 154.8 156.9 154.6 153.4 157.5 168
90 92.1 91 90 89 90.6 92.9 95.3 101.2 106.1 111 114.1 115.6 116 116.9 118.5 121.7 126.8 133.1 134.8 130.6 129.5 137.1 143 146.3 149 141.6 129.1 120.8 110 103.4 99.1 95.8 91.1 87.7 80.8 74.9 66.9 55.4 48.9 45.4 41 36.4 30.2 17.9 14.7 12.1 10.9 13.8 9.8 11 9.3 3.6 3.6 3.6 3.6 3.6 3.6 3.6 3.6 3.6 3.6 3.6 10.5 19.3 28.5 35.7 43.5 52.2 69.6 93.9 123.7 131.9 137.7 150 156.9 159.4 160.7 156.9 157.2 168.2
96.7 99.7 97.9 95.4 95.4 93.5 94.7 98.1 102.9 109.5 113.6 115.8 117.2 118.1 118.5 119.6 122.5 126 131.1 131.7 129.7 129.2 128.6 136.1 136.3 127.6 120.4 111.7 100.4 96.1 92.8 89.6 89.6 86.6 83.8 77.6 72.7 66.3 58.9 54.4 51.3 44.8 39.2 30.9 21.2 14.6 12.6 12 13 15.9 9.2 8.1 3.6 3.6 3.6 3.6 3.6 3.6 3.6 3.6 3.6 3.6 3.6 7.6 16.3 25.5 33.4 42.7 52.9 71.8 114.9 130.4 140.4 145.6 151.3 157 161.2 165.1 164.7 161 165.8
102.2 105.3 107.4 101 97.9 96.4 97.5 100.9 105.7 112.1 116.7 120.1 121.3 120.8 121.5 121.5 124 127.2 126.1 126.1 123.5 118.9 114.9 114.2 115.2 112.7 108.5 100.9 91.9 87 84.5 82.1 80.5 81.3 77.9 73.7 68.9 64.1 60.2 56.6 53.7 56.9 42.3 33.8 23 17.1 13.1 12.5 16 21.2 11.2 10.9 8.5 3.6 3.6 3.6 3.6 3.6 3.6 3.6 3.6 3.6 3.6 3.6 13 21.6 30.3 40.1 55.2 75.7 110.1 132.7 142.9 147.8 152.2 157.1 161.7 166.5 169.4 169.4 170.5
106.3 110.8 113.7 110.9 102.7 100.9 101.4 107.2 111.1 115.5 118.7 121.6 126.2 124.8 122.9 123.4 122.9 125.1 117.7 113.5 111.2 110.7 108.6 104.8 101.1 95.9 90.8 85.7 84.3 82.7 81.2 80.7 79.1 76.3 73.8 72.3 67.6 63.3 59.8 57.3 57.2 61.7 46.3 37.5 25.4 24.5 13.5 12.6 13.5 18.6 12.4 11.4 5.5 3.6 3.6 3.6 3.6 3.6 3.6 3.6 3.6 3.6 3.6 3.6 8.8 17.3 25.8 35 55.3 77.7 119.2 136.4 143 147.7 152.1 157.1 161.2 165.8 169.9 172.5 174.3
111.1 114.8 118.2 120.5 114.3 104.4 105.4 108.4 116.6 122.9 123.7 123.6 123.9 121.7 115.9 114 112.6 110 109.3 108.4 106.7 104.3 102.5 98.6 93.5 89.1 83.2 80.8 80.8 80.8 80.7 79.9 78.6 75 74 72.5 70.8 65.9 63.1 61 61.1 60.4 47.8 43.4 27.9 30.3 19.9 13.9 11.8 16.1 14.6 3.6 3.6 3.6 3.6 3.6 3.6 3.6 3.6 3.6 3.6 3.6 3.6 3.6 4.6 12.8 21.8 30.2 49.5 83.4 115.7 132.2 140.4 146.9 151.7 157 161.7 165.7 169.9 171.4 173.5
115.3 120.2 123 123.3 125.1 118 110.6 112 118.1 125.8 123.6 118.3 109.9 102.6 103.8 104.3 103.9 104.1 103.6 103 101.3 99 96.8 91 87.4 82.9 80.8 80.8 80.8 80.8 80.9 80.4 79.4 78 74.8 74.1 75.1 74.5 75.4 69 64.2 60.5 49 40.7 30.9 28.8 26.8 18.7 11.5 9.8 7 3.6 3.6 3.6 3.6 3.6 3.6 3.6 3.6 3.6 3.6 3.6 3.6 3.6 3.6 9.3 16.8 24.2 39.6 77.8 108.9 125.4 133.7 143.6 150.8 155.7 160.7 164.3 167.9 169.2 171.9
118.9 122.2 126.5 130.7 126.6 122.9 118 119.5 119.3 114.7 107.3 103.9 101.4 98.2 96.1 97.4 98.6 99.1 98.8 98.3 97.2 95.2 93.1 88 83.7 80.8 80.8 80.8 80.8 80.8 80.8 87 84.6 82.8 80.3 76.7 79.2 79.7 81.3 82.4 74.9 67.1 53.5 42.9 32.3 31.2 28 23.6 18.1 13.4 9.9 3.6 3.6 3.6 3.6 3.6 3.6 3.6 3.6 3.6 3.6 3.6 3.6 3.6 3.6 4.3 12.7 21.7 31 54.6 99.2 113.4 126.9 137.7 148 155 160 162.7 165 166.5 168.4
126.8 126.7 127.7 127.3 124.9 122.9 122.8 117.1 105.8 101.1 100.2 98.5 96 94.8 93.9 94.1 94 94.3 94.1 93.6 92.4 90.7 87.7 83.6 81.8 80.8 80.8 80.8 80.8 81.7 88.3 89.3 90.2 91.5 89.6 83.8 82 85.2 85.4 83.8 79.4 76.8 64.2 55.1 40.7 35.8 33.6 31 26.1 24 22.6 6.1 3.6 3.6 3.6 3.6 3.6 3.6 3.6 3.6 3.6 3.6 3.6 3.6 3.6 3.6 8.8 17.2 26.1 45.7 72.8 96.9 117.3 132.6 144.3 153.9 159.4 162 162.9 164.5 166.3
125.1 125.7 126.1 121.2 120.4 116.7 108.5 101.5 98.3 95.5 93.4 92.8 92.3 92 91.7 91.8 91.8 91.2 89.6 88.8 87.2 85.1 82.6 81 80.2 80.9 81.1 83 82 86.3 89.6 91.8 92.5 93.5 94.4 92.1 88.2 86.1 86.2 85.7 83.4 81.8 76 74.8 57.8 43.3 41.9 40.8 38.1 33 13 19.6 3.6 3.6 3.6 3.6 3.6 3.6 3.6 3.6 3.6 3.6 3.6 3.6 3.6 3.6 6.7 14 22.2 34.3 58.2 86.7 105.9 124.1 140.5 150.7 157.9 160.7 162.3 163.4 165.1
117.7 117.8 118.1 114.4 109.5 105.8 101.3 98.3 96.3 93.7 92 91.5 90.9 90.9 89.7 89.6 89.6 88.7 86.7 84.2 81.9 80.2 79.5 78.9 79.9 80.8 82.5 84.3 85.4 88.7 92 93.4 94.7 97.4 97.3 100.7 102.1 93.1 89.8 86.7 87.6 82.8 83.3 79.6 66.4 56.9 50 53.7 50.5 48.1 27.2 6 14.1 6.4 6.3 3.6 3.6 3.6 3.6 3.6 3.6 3.6 3.6 3.6 3.6 3.6 3.6 10.1 18.3 27.6 44.9 66.3 93.5 115.5 134.9 145.3 154.1 159.6 161.5 162.5 164
107.2 106.2 104.7 102.6 100.6 98.4 96.1 94.8 94.1 93 91.4 90.6 90.1 89.8 88.7 87.3 87.4 86 83.6 80.6 79.1 78.4 77.9 78.5 80 81.2 83.6 87.9 88.8 91.4 93.5 94.9 97.7 98.5 98.9 99.9 101.1 101.1 91.6 87.2 86.9 83.8 87.5 83 73.9 71.1 60 63.8 58.6 50.7 35 10.6 20.6 14.1 9.1 3.6 3.6 3.6 3.6 3.6 3.6 3.6 3.6 3.6 3.6 3.6 3.6 9.1 13.9 23.1 38.2 63.8 89.2 114.5 128.8 137.8 146.1 154.2 158.9 161 163.2
93.1 94.2 93.8 92.5 91.8 91.5 90.2 89.8 91.2 90.4 90 89.7 89.1 88.7 87.7 86.2 85.1 83.3 80.3 78 77.3 76.8 77.6 79 81.7 84.2 87.3 92.1 97.6 95.4 96.1 96.5 98.2 99 99.7 98.1 99 97.6 92.4 87.7 86.9 86.6 88 83.9 78.8 73.8 66.7 67.3 61.8 53.3 39.7 11.9 27.2 23.5 18.5 3.6 3.6 3.6 3.6 3.6 3.6 3.6 3.6 3.6 3.6 3.6 3.6 4 11.1 17 29.7 64.9 87 108 121.1 130.1 138 148.9 154.8 158.8 162.6
83.4 82.7 83.5 83.5 84.5 84.8 84.6 84 84.2 85.3 85.4 86.3 87.2 86.4 85.7 84.3 82.9 80.2 77.4 74.5 74 74.7 77.3 78.7 83.9 90.7 91.6 95.7 99.2 98.3 98.3 98 97.5 97.6 97.4 96.1 95.2 95.1 91.6 87.7 86.8 85.6 85.8 83.9 80.6 76.2 71.1 67.9 63.2 55.8 40.7 20.4 38.1 33.7 23.3 19.4 3.6 3.6 3.6 3.6 3.6 3.6 3.6 3.6 3.6 3.6 3.6 3.6 8.4 13.5 23 54.4 78.6 99.2 107.9 124.6 133.1 143.1 152.7 157.7 164.1
73.8 76 77.1 78.9 79.1 78.6 78.6 78.5 79.6 80.3 81.3 82.5 83.7 83.6 83.1 81.8 80.5 78.1 75.7 74 74 74 74.9 79.2 83.8 90.3 97.4 97.2 99.2 99.4 99.3 98.6 97.6 96.7 96 94.9 94.1 93 90.2 88.8 86.5 85.4 84.4 82.1 81 78.6 74.8 69.6 64.6 57.5 45.6 24.8 43.6 46.1 34 18 3.6 3.6 3.6 3.6 3.6 3.6 3.6 3.6 3.6 3.6 3.6 3.6 6.1 10.5 17.7 36.4 61.9 76.4 98.5 115.2 126.9 137.6 148.1 156 163.8
66.5 68.3 69.9 71.5 73.6 74.3 74.8 74.7 75.8 76.7 77.8 78.9 80.1 80.7 80.4 79.2 77.8 75.8 73.8 74 74 74 75 79.6 84.8 90.8 97 98.5 98.9 99 99.2 98.4 97.1 96.4 95.7 94.8 93.6 92.4 91 87.7 86 85 83.4 81.5 80.1 78.6 76.6 70.6 63.8 59.3 36 46.1 45.2 42.1 35 33.8 20.1 3.6 3.6 3.6 3.6 3.6 3.6 3.6 3.6 3.6 3.7 4.1 5.1 9.4 13.3 26.4 42.8 66.7 93 107.1 118.7 131.7 140.6 149.6 165
57.6 60 63.7 65.9 67.8 68.9 70 71 72.2 73.4 74.5 75.7 76.4 77.5 77.3 76 74.4 73.4 73.6 74.4 74.6 74 76.7 80.7 86.4 93 97.1 98.9 99.1 98.5 98.7 98 96.7 96.1 95.4 94.6 93.4 92.2 90.4 87.3 85.6 84 82.4 80.8 78.9 77.4 76.1 70.8 64.7 50.8 42 49 43.2 40.1 38.5 49.7 39.5 15.4 3.6 3.6 3.6 3.6 3.6 3.6 3.6 4 4.5 5.1 5.2 8.1 11.9 18.7 35 60.8 80 94.8 111.4 120 132 147.4 159.9
52.6 52.8 57.3 61.5 63.6 63.3 67 69.6 70.1 70.5 71.6 72.6 72.5 73 72.2 72.2 71.5 71.3 73.9 76 77.2 78.5 80.5 82.6 86.1 92.2 97.5 99.8 99.7 99.2 98.6 97.6 96.2 95.7 95.1 94.4 93.3 92.1 90.3 88 84.5 83 81.4 79.9 77.9 75.5 72.4 68.4 68.4 50.6 49.7 50.4 50.8 47.4 47.3 51.7 53.5 29.9 4.8 3.6 3.6 3.6 3.9 4.1 4.2 4.7 5.3 4.6 5.5 6.4 9.9 13.5 25.3 43.3 62.4 84.4 98.7 116.9 129.8 146 155.3
55.9 55.3 55.5 56.6 58.5 61.4 62.5 66.2 66.9 67.8 68.7 69.1 68.8 68.9 69.3 69.5 69.1 70.1 73.4 75.5 79 82.6 83.8 86.5 89.2 91.9 96.6 99.4 99.8 99.5 99.2 97.8 96.2 95 94.8 94.2 93.2 92.5 92 86.9 83.9 82.1 80.2 78.4 76.8 74 70.1 66.7 61.2 42.1 56 55 54.6 62.8 54.5 57.6 49.4 43.9 12.9 3.6 3.7 3.6 4.7 5 4.8 5 4.4 4.4 5.3 6.5 8.3 10.7 17.7 30.8 48.1 68.6 88.2 108.1 130.9 140.5 150.4
59.2 58.5 58.6 60.5 60.7 61 61 61.7 63.2 64.5 65.6 66 66.5 66.3 66.7 66.7 65.2 67.7 71 75.3 79.1 82.8 86.1 90.4 92.4 93.6 96.1 98.7 100.4 100.3 99.5 98.1 97 95.8 95.2 95 94.2 93 92.7 85.5 82.2 80.3 78.5 76.4 74.4 72.4 69.1 56.4 59.1 64.7 68.1 70.3 60.6 67.2 67 62.4 55.1 42.1 21.3 6.6 5.6 5.2 4.5 4.4 4.9 5.4 4.2 4.3 4.7 6.6 8.2 11.3 15.9 23.3 37.4 57.6 80.9 99.6 118.2 132.2 145
66.5 64.1 61.5 62 62.1 63.4 63.4 62.7 62.1 61.3 61.9 62.2 63.3 64.1 64.1 63.4 63.8 67 68.5 73.1 77.8 82.4 87.3 93.1 96.6 96.2 96.8 98.8 100.3 101 99.8 99 97.9 96.9 95.9 94.7 93.9 92.7 90.3 85.8 81.3 78.6 76.7 74.7 72.7 70.7 63.8 67.2 69.7 71.2 76.9 75.3 70.7 76.4 71.6 65.3 59.7 47.5 36.1 10.8 5.8 5.5 3.6 3.6 5.2 4.2 4.4 4.3 4.3 4.8 6.7 10 14.3 19.1 30 49 68.8 84.7 103 124.7 137.7
71.7 68.9 65.8 63.2 63.4 64 64.1 62.8 62.4 62.1 61.3 61.3 61.3 61.4 62.6 62.1 65 66.4 68.1 70.8 75.4 81 87.9 93.8 97.3 98.5 98.7 99.4 100.2 100.9 100.6 99.8 98.9 97.6 95.7 94.5 94 92.6 88.6 84.8 80.8 76.9 75 72.9 70.9 69.9 58.1 66.2 72 76.8 78 78.2 76.5 78.4 76.8 69.3 66.4 49.1 39.7 17.3 6.7 6.9 6.4 4.6 5.1 3.9 4.4 4.3 4.3 4.3 6.1 8.5 12.1 16.6 24.2 37.5 56.4 74.8 89.3 106.5 128
78.3 74.9 70.4 67.3 66.1 64.4 61.3 61.3 62.8 63 61.3 61.3 61.3 61.3 61.3 62 63.7 65.9 67.6 70.4 73.5 79.6 87.6 93.6 97.1 98.8 99.1 99.1 99.6 100.4 100.9 100.2 99.3 97.5 95.6 93.8 92.8 90 86.7 83.6 79.9 76 73.2 71.2 68.8 63.9 63.7 66.1 71.6 76.6 79 79.5 79.2 80.3 82.8 75.4 65.6 54.6 40.2 24.2 9 11.7 7.9 6.5 5 5 4.3 4.3 4.2 4.2 6.2 7.7 10.2 14.6 19.9 28.1 44.9 61.8 76.9 93.8 107.9
86.6 81.7 77.2 72.1 69.3 67 62.2 61.3 61.3 61.3 62.7 61.3 61.3 61.3 61.3 61.3 64.3 66.4 68.2 70.8 73.2 78.6 87 92.8 96.8 98.8 99.1 98.9 99 99.7 100.5 100.2 99.3 97.8 95.9 93.5 91.7 88.9 85 81.6 78.3 74.6 71.1 68.5 64.3 63.6 65 66.2 69.5 74.9 80.5 80.6 80.6 81.1 83.3 78 68.6 54.7 42 27.2 17.2 12.1 13.6 8.6 5.7 5.3 4.7 4.7 4.7 4.9 5.9 7.4 9 12.6 17.7 23.5 33.7 50.3 66 81.7 97.4
94.4 88.7 84.3 79.1 73.8 71.2 67.4 61.3 61.3 61.3 61.3 61.3 61.3 61.3 61.3 61.3 64.4 67.1 69.4 72.7 75.4 79.4 84.3 90.1 94.4 97 98.4 98.8 98.4 99.1 99.7 99.7 99.3 98 96.1 93.4 90.9 87.6 83.7 79.8 76.4 72.4 68.8 66.6 63.4 65.7 66.5 67.3 68.7 73.2 78.5 81.2 81.9 83.5 82.9 77.6 71.7 56.6 47.6 39 27.9 15.2 13.5 12 9 3.6 5.6 5.2 5.1 5.1 5.9 7.1 8.5 11.3 15.4 20.1 26.9 40.2 55.9 69.1 85.5
95.9 92.3 90.4 87.4 82.7 77.1 70.8 63.4 61.3 61.3 61.3 61.3 61.3 61.3 61.3 63 65.1 68.1 70.9 75.1 79.5 82.1 85.2 87.5 90.8 94.4 96.1 96.9 97.3 98.5 99 99.7 99.4 98 95.7 92.8 90.3 86.4 82.4 78.5 74.1 70.1 67.2 65.2 66.3 66.8 67.6 68.6 70.4 72.2 77.7 82.3 83.5 84.2 83 74.8 73.6 60.7 58.4 42.9 43.1 24.2 15.9 14 11.1 8 5.8 5.7 5.5 5.4 6 7.1 8.2 10.5 14.8 18.9 22.8 31 48.1 62.6 74.8
97.9 96.2 94.2 91.3 88 85 77.6 69.7 63.4 61.3 61.5 65.3 63.1 61.3 63 64.2 65.9 69.1 71.7 76.1 80.8 83.7 86 87.2 88.5 90.5 93.2 94.7 95.3 96.6 97.3 98.3 99.2 97.4 94.9 92.3 89 85 80.4 76 72 68.7 66.8 66.8 67.5 67.8 68.7 69.9 71.3 73 79.3 84.5 84.8 85.3 82.6 71.1 68.3 62 56.5 50.1 55.3 40 21.6 16.4 13.8 9.9 4.4 3.6 6 5.8 6 7.1 8.1 10 13.6 19.4 22.1 26.5 38.5 56.1 69.9
103 101.4 99.4 96.2 91.4 88.4 85.3 76.5 70 64.2 64.5 67.9 72.8 73 66.8 66.2 67.9 70.2 72.6 76.4 81.3 84.4 86.2 87.6 89.2 90.9 91.2 92.4 93.4 94.2 94.9 96.3 97.9 96.3 93.7 90.2 86.7 81.8 76.9 73.4 70 68.2 66.1 68.4 68.6 68.8 69.9 71.3 72.5 74.1 80.6 86.7 85.4 86 74.8 67.2 64.1 60.6 55.4 59.6 54.2 45.9 34 22.6 19.6 13.5 9.1 5.8 6 5.7 6 7 8 9.8 13.6 17.8 21.7 25.2 31 44.4 62.3
104.7 103.8 103.3 100.2 96.6 91.4 87.8 82.1 75.8 69.2 69.2 72.9 80.9 87.3 72.5 69.4 69.3 71.4 73.9 76.7 81.1 85.1 86.8 88.4 90 90.6 90.7 91.1 91.3 92.1 92.5 92.2 92.6 93.1 90.1 86.5 82.2 78 74.1 71.3 69.7 68.2 68.5 69.5 69.9 70.6 72.5 73.1 74.4 75.9 80.2 85.9 87.2 82.4 69.6 64.2 63.1 61.4 58.1 57.8 54.9 49.8 44 30.6 26 23.7 15.9 6.6 3.6 5.4 6 6.6 7.6 9.1 12.1 16.3 23.7 26.2 28.3 34.2 52.5
