app/static/ascii/NC30.asc
ncols 200
nrows 200
xllcorner 230000
yllcorner 900000
cellsize 50
[rows 140 to 174 of 200, columns 79 to 157 of 200]
139.2 133.1 127.9 121.8 115.9 111.4 107.9 104.1 97.6 91.7 85.3 80.5 75.8 72.2 70.1 66.3 63.2 61 58.4 58.3 58.3 57.1 58.3 58.4 58 57.9 57.9 57.5 60.6 62.9 70.1 73.7 78.9 85.1 93.2 98.8 103.4 107.5 112 115.8 119.9 123.8 128.4 132.2 135.4 138.2 141 144.6 149.9 156.5 164.2 172.9 181.9 190.7 200.2 209.5 212.5 208.5 207.5 205.9 202.8 199 192.1 189.8 188.1 188.1 189.6 192.7 193.5 193.3 191.8 191.8 191.8 196.1 201.8 204.6 208 210.9 213.2
142.7 137.4 131.4 125.3 118.8 114.6 111.3 106.1 101.1 96.4 92 88.2 84.7 80.1 75.4 70.2 65.9 63.3 57.8 58.5 58.4 57.9 57.2 57.4 57.8 57.7 57.9 57.4 58.7 62.6 66.9 71.8 76.7 82.8 87 92.4 98.2 103.7 109.7 114 118.1 121.9 126.2 130.1 133.3 136.2 141.4 149.1 150.2 155.6 161.5 169.4 176.1 185.1 194.6 205.8 215.4 213.5 207.5 205.3 206.2 205.7 203 200.9 194.7 189.3 188.1 189.9 193.3 194.1 191.8 191.8 191.8 193.6 198 202 205.3 207.7 209.3
148 143.2 137.3 131.4 125.6 119.8 114.8 109.7 104.9 101.2 98.1 97.8 96.9 92.8 84 75 70 67.6 64 59.7 58.4 58.1 55.7 58 57.6 57.6 57.6 56.8 59.3 63.9 67.5 71.6 77.2 83.6 88.3 93.7 98.1 101.4 105.9 110.7 115 119.7 125 129.6 133.6 137.9 140.7 144.8 149.4 154.5 160.3 167.3 172.8 179.2 187.1 195.9 206.3 207.7 205 203.9 201.8 207.6 213.3 210.7 203.1 197.9 195.8 192.8 190.4 191.1 192.5 192.1 191.8 192.6 196.7 200.3 203 205.2 207
154.7 150.1 144.7 138.3 131.9 126.3 121.3 115.7 110.7 105.8 103.6 100.6 98.3 95.6 89.2 79.8 75.4 71 68.3 63 58.8 57.8 58 55.7 57.7 57.5 57.3 56.9 58.4 62.6 68.4 72.5 77.8 81.2 88.6 96.2 100 103.4 107 111.9 117.1 121.5 125.6 129.7 134.8 138.7 141.5 145.7 150.9 155.3 159.2 165.2 169.9 174.4 179.9 187.5 197.4 199.6 198.7 201.6 196.3 198.3 206.4 212.2 212.5 207.6 201.5 199 196.5 192.8 191.8 192.8 193.3 195.2 197 198.4 200.7 202.7 204.5
160.3 156.2 152.2 146 140.3 134.4 128.8 123 117.7 112.1 106.8 101.3 97 94.2 89.8 84.6 79.8 75.9 72.2 66.7 62.3 59 57 55.2 55.2 57.3 57.1 57 57 61.1 67.2 71.8 77.6 84.2 89.1 93.3 96.6 102.7 107.6 112.6 116.7 120.4 124.4 128.6 133 136.8 141.8 147 151 155.4 160.8 165.7 170.7 173.9 177.6 181.6 186.6 190.8 191.4 189.3 189.5 193.5 196 201.2 206.6 208.9 207 203.2 199.8 196.7 193.7 193 193.6 196.6 198.2 199.1 200.1 201.8 203.4
166.3 162.3 158.8 154.1 149 143.1 137.1 130.9 124.5 118.2 112.7 106.7 101.2 96.3 89.8 86.2 80.8 76.9 73.9 70.5 65.2 61.7 60.2 59.1 58.3 58.3 55.2 55.7 57.3 57 63.6 69 75 81.9 86.7 91.4 96.5 101.2 105.8 111.4 116.2 120.2 124.9 129.2 134 138.6 143.1 148.1 152.1 156.3 162.1 167.3 172.3 176.7 180.7 185.8 185.7 184.5 183 180.8 182.3 187.9 192.9 194.3 195.7 199.3 200.5 201.2 199.7 197 194.1 193 193 193.5 197.3 199.6 200.8 202.2 203.5
170.8 168.5 164.9 162 157.3 152.3 146.6 140.7 133.4 125.6 119.1 112.8 106.4 101.8 95.5 87.9 82 78.2 74.9 72.2 68.7 64.6 60.8 57.7 57.4 57.6 57.5 57.6 56.7 55.2 59.9 66 73.6 80.1 85.8 92.1 97.9 104.8 108.9 113.5 117 120.7 125.5 130.4 136 140.9 145.1 150.2 154.6 158.5 164.1 169.8 175 178.3 180.9 185.8 188.7 183.4 180.1 177.6 177 183.2 189.8 191.3 193.9 193.8 192 191.6 192.3 193.3 192.9 190.8 191.4 192.3 192.3 195.3 200 202 203.3
175.9 173.6 171.7 168.9 164.9 160.8 156.2 151.9 145 138.2 130.3 122.6 114 107.8 100.9 93.8 86.5 81.2 75.9 72.1 68.5 65 61.5 58.7 56.9 57.1 57 57.2 56.8 56.7 57.3 60.9 69.4 77.9 84.2 91 97.1 103.1 109.3 116.1 121.6 126.6 131.3 134.6 139 144 148.4 153.7 158.2 163 167.4 170.8 175 181 182.4 182.8 184.4 183.2 178.4 176.5 175.6 177 183.2 186.8 186.3 186.4 187 185.9 184.6 183.4 184.4 185.8 188.8 188.6 189.4 193 197.2 200.8 203.1
178 178.4 177.5 175.5 172.6 168.9 164.9 161.7 157.8 150.9 143.5 134.8 124.8 115.2 106 98 90.8 85.7 80 74.7 70.5 66.8 63.7 60.3 57.8 56.6 56.7 56.8 55.3 56.7 55.3 57.4 64.7 73.1 80.3 87.7 95 102.1 109.2 117.7 124.1 129.2 133.5 138.5 142.8 147.7 153.1 158.5 163.1 166.9 170.9 173.9 176.4 178.9 181.7 182.4 182.3 180.2 176.7 173.9 174.4 172.7 175 177.2 177.5 177.1 177.2 179.2 179.1 179.3 180.1 180.8 183.2 186.3 188.2 191.2 195.1 198.8 202.3
179.6 181.2 181.6 182.3 180.1 177.4 174.2 171.2 168.2 163.9 157.1 148.5 138.1 127.2 116.1 105.5 96.6 89.8 84.2 81.4 76.7 71.5 65.9 63.8 61.1 58.4 58 57.2 57.2 56.7 55.3 56.8 60.6 68.9 77.5 85.4 93 100.3 108.5 116.6 124.1 130.4 136.8 143.6 148.8 154.3 158.9 163.9 167.8 171.2 173.5 176.9 180.4 181.8 182.7 182 181.3 179.4 175.2 172.6 172.7 170.3 168.8 171.4 170.6 169.9 170 171.9 173.2 175.4 179.4 181 181.1 183.7 187.6 195.6 202.9 200.9 202.1
178.2 181.2 184.9 187 187.7 186.2 183.2 180 177.5 174.4 168.9 162.4 154.1 143.6 130.7 117.1 105.4 95.2 89.6 84.8 78.9 73.4 69.2 64.7 62 58.8 56.5 56.6 56.7 56.8 56.9 55.3 57.8 65.5 72.8 81.6 90.1 98.8 109.2 116.4 124.4 131.5 139.5 146.7 152.8 159.2 164 168.6 172.7 175.9 178.6 180.6 182.3 182.5 183.1 182.3 181 180.5 175.3 171.8 170.3 167 164.2 162 161.7 163.6 165.3 166.8 170.1 172.6 179.8 183.7 182.1 185.9 190.2 198.7 210.3 208.5 204.1
177 181 184.9 188.9 192.5 192.4 189.2 187.8 186.4 184.3 179.2 174.9 169.2 161.5 146.2 130.8 116.4 103.8 94.7 88.3 85 77.5 70.8 66.2 62.2 58.9 56.3 56.2 56.4 56.6 56.8 56.6 55.3 62 69.5 78.4 87.4 100.4 109.8 116 124.3 132.6 141.2 149.5 157.3 163.9 169.3 174.7 180.2 184.2 188.1 191.2 193.4 191.6 187.5 182.9 179.6 177.9 174.3 171.4 167.5 166.2 162.2 161.3 160.8 160.8 161.7 162.3 165.8 169 175.8 182.1 183.4 186.1 192.5 197.3 203.5 207.3 206.6
174.6 179.1 183.8 187.5 190.5 191.7 191.2 192 191.3 190.4 189.2 187.1 182.7 175.4 162.9 147.8 132 116.6 103.5 94.6 89.2 84.3 77 70.9 64.3 59.6 56.9 56 56.1 56.3 56.5 55.4 55.3 57.4 63.2 73.6 86.3 97.6 103.8 114.1 122.7 132.6 142.9 151.3 159.3 167.1 174.3 181.1 187.2 191.7 195.4 198.6 200 201.7 199.5 190.6 181.9 177.4 174.2 171.3 168.9 165.9 163.5 162.5 162.2 160.9 160.1 160.8 163.4 167.6 171.5 175.8 179.7 183.6 188.3 192.6 196.3 204.9 206.6
169 175.4 179.6 185.2 188.3 190.3 191.9 195.1 196.8 195.7 195 194.2 190.3 182.1 176.1 171.3 158.4 136.2 115.9 100.9 92.3 86.3 81.3 74.7 68.5 63.4 57.8 55.9 55.9 56 56.4 56.5 56.6 56.3 56.6 67 79.3 87 100.3 108.9 120.1 130.7 140.9 150.5 158.8 168.3 178.1 187 193.5 199 202.6 206.2 207.7 205.6 201.3 196 189 181.5 176.4 172.7 171 169.8 165.7 163.8 165 162.3 160.5 159.4 160.9 166.2 168.2 171.6 174.9 178.8 184 187.8 191.7 200 201.8
160.6 166.8 174.1 180.5 185.2 189.9 193.4 197.5 200.3 202.2 201.2 195.4 190.8 184 180.9 178.8 173.4 153.7 127 106.6 96.8 90.2 82.3 76.7 71.5 66.5 60.4 56.4 56.2 55.7 56.1 56.4 56.6 55.7 55.5 60.4 70.9 80.2 91.3 102.8 113.3 125 137.4 147.1 157.6 168.9 178.7 187.1 195 203.5 210.9 215.8 218.4 219.7 217.5 208.6 199 188.5 179.5 174.6 171.8 170.8 168.2 166.9 166.7 162 160.9 159.5 160.2 163.3 166.2 168.9 172.9 177.3 180.7 182.8 187.3 189.5 191.8
146.9 155.4 164.6 171.7 178.7 184.7 190.2 195.7 199.7 202.8 202.1 197.2 190.1 182.1 179.6 179.2 178.1 168.4 142.4 115.3 103.5 94 85.3 78.5 74.1 68.9 62.4 57.6 56.8 57.6 55.6 55.3 56.3 55.3 56.2 55.3 63.4 74.8 87.1 96.4 107 118.8 131.6 144.1 156.6 166.4 174.4 183.1 193.3 202.3 211.2 218.7 224.1 227 225.1 219.3 209.3 197.6 185.7 176.5 173.5 170.6 168.5 167.1 166.8 163.9 162.3 159.9 159.7 162 163.9 165.9 168.9 173.4 177.4 179.8 182 184.4 185.8
131.8 139.4 147.3 156 165.4 173.4 179.4 183.4 188.4 194.5 197.2 197.3 190.4 182.5 176.6 173.8 173.7 172.5 149 124.2 105.7 96.7 89.7 82.9 77.2 70.8 64.3 60.5 57.5 57.7 57.4 57.8 56.7 55.4 55.3 55.3 59.4 69.5 77.6 88.3 99.6 113.1 124.9 137.4 149 158.9 169 179.5 190.4 200.7 210.8 218.1 223.7 227.8 231.5 230.8 227 215.9 197.8 184.9 176.1 171.1 167.6 166.4 164.8 162.6 160.2 157.3 156.7 159.4 160.9 162.8 165.2 167.6 171.5 176 177.6 179.5 181.2
116.2 122.2 126.9 134.7 144.3 154.3 161.8 167 172.8 180.7 186.7 189.8 188.4 182.6 176.4 169.8 167.9 165.6 152.9 131.3 114 101.7 94 86.8 79.9 73.6 66.9 62.2 58.3 58 57.9 58.1 57.9 58.5 56.6 56.2 55.3 60.5 70.2 80.1 91.6 104.2 116.4 128.2 139.4 150.8 162.9 174.3 185.4 197.5 206.6 212.6 218.4 223.8 228.4 231.2 230.7 227.1 220.9 203.2 182.7 173.7 167.7 165.1 162.6 159.9 157.3 154 152.8 157.5 157.1 159.5 161.4 163.6 166.5 170.6 173.5 175.2 179.7
100.1 103.9 109.2 114.7 123.4 132.8 140.3 148.8 157.1 165 171.2 174.7 176.2 174.6 169.6 164.8 163.4 161 152.1 137.7 125.6 109.4 98.2 91.7 83.6 76.3 70 63.1 58.9 58.7 58.4 58.2 56.9 56 57 56.4 55.9 55.3 60 69.8 81 91.5 103.5 115.6 127.4 140.6 153.2 164.1 175.4 187.4 197.1 204.6 213.2 219.7 223.2 226.3 228.5 227.7 224.8 218.7 204.2 185.6 170.5 165.3 161 158 154.8 151.2 146.4 147.2 150 153.4 157.5 159.5 163.5 167.1 170.6 173.6 177.9
92.6 93.8 95.7 101.3 107.7 116.5 124.2 132.8 141.3 149.2 155 160.9 161.3 162.6 161 156.1 153.5 153.3 149.2 138.1 127.3 113.2 103.2 96.1 86.5 80.5 74.1 67.9 61.6 59.3 58.7 57.9 57.6 57.1 56.9 56.5 55.4 56 55.2 58.5 68.1 78.7 89.7 100.7 109.9 125.1 138.4 149.7 161.5 173 182.4 190.7 199 208.2 215.2 218.8 222.9 224.9 222.9 219 211.2 201 183 167.2 160 156 152.8 148.9 146.2 141.6 141.7 144.9 151.1 155.1 159.4 163.4 167.1 170.8 173.4
92.5 92.9 92.7 92.6 93.2 99.6 109.6 115.6 124.1 131.9 137.4 142.7 146.2 147.6 147.4 142.5 139.5 137.9 135.7 130.4 119.9 109.2 100.8 94.7 87.5 82.5 79.6 72 62.5 60 57.9 57.9 57.5 57.2 56.9 56.5 56.3 56.2 56.1 54.7 56.1 65.5 74.6 83.6 96 109.1 120.3 134.8 145.1 154.7 163 171.1 179.8 189.9 199.6 206.2 212.4 216.9 220.8 221.7 215.9 207.7 191.5 174 162.1 155.8 153 149.5 146.3 141.8 138.4 137 142.8 147.6 154 159.4 162.9 166.1 169.4
92.1 92 91.6 91.7 90.9 90.2 97.9 101.9 106.8 112.4 119.9 128.3 132.4 133.5 129.9 128.3 125.1 120.5 117.5 113.4 107.3 99 93.7 89.4 83.8 79.5 73.9 69.6 61.9 60.4 57.3 57.8 57.4 57 56.7 56.6 56.7 56.2 56 55.9 54.5 55.2 62.6 70.7 85.2 95 104.3 115.4 125.5 135.7 144.8 153.8 162.6 170.9 181.3 189.2 196.7 201.8 208 211.7 213 207.8 199.1 185.8 167.4 156.8 153.8 153.5 149.9 144.7 141.9 136.3 135.3 139.3 141.9 148 153.9 158.3 162.3
95.8 94.7 93.4 92.6 92.4 92.7 92.2 88.8 89.6 93.9 100.6 109.1 119.4 121.1 118 116.4 113.8 109.9 103.4 98.9 94.6 90.6 88.4 84.3 79.8 75.1 70.9 67.8 61.6 60.5 58.5 58.1 57.1 56.8 56.4 56.5 56.7 56.2 56.1 55.1 54.9 55.4 54.5 64.7 73.5 82.4 91.4 101.4 111.4 121.8 130.5 138.7 147.4 155 162.8 169.6 176.7 184 190 195.4 197.2 197.4 192.6 184.6 173.5 159.4 152.5 152.9 150.1 145.7 140.8 135.6 129.7 127.9 129.4 134.5 141.1 147.2 152.6
104.5 103.8 100.7 99.8 99.7 99 98.4 99.3 96 89.9 87.7 84.9 96.1 106.7 109.2 111.1 109.1 105.8 99.8 93.9 89.8 86 81.1 79 76.6 73.6 69.6 66.2 62.2 59.9 59.1 58.7 56.8 56.5 56.2 56.7 56.6 56.3 55.8 55.9 54.5 54.8 54.4 54.4 61.1 71.7 80.5 89.1 98.1 108.1 118.9 126.6 134.1 141.2 147.9 150 155.6 161.2 167.5 175 180 183.6 182.9 179 169.6 160.3 150.5 145.3 145.9 147.4 142.5 136.2 128.5 117.9 116.9 119.9 127.3 134.6 141.2
109.2 107.4 107.2 106.9 106.8 106.3 106.2 107.3 107.7 105.9 101 94.5 90.9 86.2 95.8 98.8 98.2 96 93.4 89.2 85.3 81.8 79.1 76.3 73.9 71.4 68.9 63.2 61.9 58.6 61.9 61.3 61.3 57.4 64.6 61.6 57.1 55.9 55.6 55.5 55.6 54.5 54.5 54.1 54.3 59.7 69.1 78.5 84 91.4 100.6 108.6 115.3 121 127.1 134.1 142.2 147.2 148.8 152.7 157.3 162 165.8 166 161.7 154.8 147.2 141.5 137.3 137.3 133.9 130.6 124.4 113.5 105.1 106.4 111.6 116.7 125
114.8 114.5 114.7 112.9 115.1 115.7 120.1 119.4 118.4 116.6 112.8 108.3 105.4 103.4 93.3 81.9 88.5 90.9 88.8 85.7 83.6 81.1 78.8 75.3 66.3 63.8 66.5 67.4 67.5 70.6 70.7 64 58.9 59 57.2 57.6 56.3 55.5 56 55.3 55.5 54.5 54.6 53.7 54.2 53.7 56 64.9 72.9 79.3 85.5 91 96.1 100.9 106.4 114 120.8 126 131.3 134.7 138.1 140.8 142 141.5 137.5 134 131.9 128.3 126.2 121.8 118.2 113.9 109.9 102.6 100.5 94.5 96.1 100.6 108.8
117.9 118.3 119.4 124.1 125.4 127.5 130.6 129.4 127.9 125.6 122.9 120 117.8 113.7 112.5 108.5 91.3 77.3 84.9 77.8 71.4 75.1 69.7 74.2 75 76.1 77.3 76.5 78.3 76.6 75.2 64.3 63.4 61.6 63.5 61.2 60.3 59 56.3 55.7 56.4 55.9 53.7 53.7 54.1 53.9 53.9 52.7 57.9 64.9 72.2 78.3 84 88.6 91.6 95.4 100.9 104.9 110 114.1 116 119.3 121.3 121.3 117.8 112 105.8 105.9 106.1 105.9 105.7 104.3 95.5 91.8 91.6 86.9 89.8 91.9 94.6
123.6 123.3 127.4 129.7 134.7 136 137.5 137.8 137.2 135.3 134.1 130.3 126.9 125.1 121.6 120.1 104.4 102.6 98.4 93.3 90.9 88.6 88 85.4 83.5 83.3 83.2 83.7 81.9 79.8 73.5 74.2 71.8 68.9 72.8 68.9 67.9 67.2 65.1 62.5 60.6 57 55.9 56.2 54 54 54 53.6 53.4 54.6 61.4 66.5 74 75.8 79.8 84 88.8 93.6 96.3 99.2 100.4 101.5 102.3 99.5 96.7 95.5 94.2 93.8 91.7 88.1 89.4 89.3 85.5 80 80.2 77.7 78.6 81.4 83.1
136.2 132.8 134.7 136.3 140.4 142.7 143.4 144.9 144.9 144.2 142.3 139.5 136.4 134 129.7 126.9 120.9 116.9 110.5 103.9 99.5 96.8 93.8 89.5 89 90.5 90.3 88.3 86.1 83.9 81.5 80.3 78.2 77.6 75.5 72.4 69.8 68.2 66.6 62.7 61 59.9 58 61.3 63 59.1 57.1 61.2 53.9 52.7 53.5 56.1 59.9 61.9 65.8 70.7 77 83.1 86.8 88.4 89.5 90.7 91.3 87.1 82.4 83.4 84.9 87 84.3 83 82.3 81.3 79.3 71.4 68 68.4 70.2 73.3 73.9
148 142.7 144.5 144.8 146.1 147.8 150.6 151.5 152.2 152.9 151.2 148.9 144.7 141.4 135.6 131.4 125.2 120.6 116.9 113.2 109.7 105.9 102 98.2 96.5 97.8 96.8 94.1 91.2 87.8 85.7 84.4 83 81.6 78.7 74.9 72.1 69.5 66.3 63.8 63.5 60.5 59.6 63.7 65.4 65 63.1 63.5 64.8 60.5 55.6 55.1 52.2 54.3 55.3 56.1 62.1 71.5 77.1 79.8 82.5 80.1 79.2 77.2 75.7 75.2 75.9 76.3 75.1 76.6 76.2 77.9 75 65.9 65.2 61 61.5 64.7 67.6
152.7 154.4 155.2 156.7 155.4 154.4 155.2 155.9 156.4 157.6 157.6 156.1 152.4 148.8 142.2 139 134.1 129.8 126 122.6 119.6 115.2 111.9 107.4 104.4 103.9 101.3 98.5 96 93.7 90.4 88.5 86.7 84.7 81.7 77.5 74.2 71.4 68 64.6 63.1 61.5 62.3 65 65.8 65.7 65.9 64.3 62.3 61.4 59 55.4 53.8 54 51.8 53.3 54.4 57 61 68.3 72.1 71.6 70.4 69.7 68.3 68.5 69.7 69.7 70.2 69.7 69.5 68.3 64.3 59.6 57.2 56.3 53 55.8 58.3
159.6 159.2 160.2 163.4 163.6 162.4 159.7 159.7 160.9 162 162.6 161.7 160.4 156.2 150.8 146.9 141.1 135.2 131.1 127.7 124.4 122.7 118.2 112.8 110.8 109.4 106.3 102.9 100.3 97.7 95.1 92.4 90.1 88 84.7 80.2 77.2 74.3 70.8 67.8 66.9 65.6 66.7 71.6 69.3 68.8 66.2 65.1 66.9 67 65.7 62.9 58.4 57.1 55.9 55.3 53.9 53.6 51.4 55.7 59 61.3 63.8 62.9 62.4 64.5 62.8 65.9 66.1 65.2 62.5 59.1 56.4 54 52.7 51.3 49.4 46.1 46.8
163.8 163.5 162.9 165 165.7 165.2 164.5 165.4 165.6 165.9 167 166.8 165.8 162.2 159.3 155 149.2 142.5 135 130.9 127.7 124.7 123.4 121.3 118.5 114.8 111.4 107.6 104.5 101.7 99.4 96.1 93.6 92.3 90 85 81 76.7 75.3 75.1 71.5 70.1 71.5 73 73.1 70.4 67.7 68.2 68 67.8 65.9 64.4 66.3 65.1 63.4 58.3 55.5 56.1 54.9 51.9 50.6 50.6 55.7 57.1 57.5 59.3 57.7 60.3 61.3 59.2 57.1 54 51 49.7 49.4 47.9 49.1 49.5 48.6
166.8 165.7 165.3 165.8 167.4 167.2 166.2 165.7 165.2 164.9 166.1 167.5 168 166.5 162.8 158.9 153.9 148.3 140.8 135.3 131.8 128.3 126.3 124.7 122.3 119.7 116.2 112.3 108.5 105.5 103.7 102.1 99.9 98.6 96.2 93.1 88.4 86 85.7 86.8 85 80 78 78.8 76.6 72.1 68.4 68.8 69.5 68.8 67 66.5 68.1 66.8 66.8 67.3 67.4 62 59.4 56.8 60.7 60.2 57.7 47.8 51.5 53.2 53 53.6 55 57.3 52 50.4 49.9 49.6 49.5 47.4 51.3 54.6 51.4
171.2 170.4 170.5 171.4 171.1 170.2 168.9 167.5 166 162.9 161.6 161.7 163.2 163.9 162.7 160 156.3 151.4 145.1 140.4 134.9 131.9 128.6 126.9 123.8 121 118.4 114.5 109.9 109.3 108.7 107.8 106.3 105.1 102.4 99.4 96.1 94.4 93.8 93.2 93 91.4 87.5 83.6 77.9 73.5 72.2 71.7 71 70.7 70.5 72.1 70 67.1 66.2 66.1 65.8 64.9 65.7 64.5 62.4 61.7 59.9 57.1 53.3 47.5 47.4 51.5 51.4 51 50.4 50.1 50 49.5 49.2 52.7 59.5 63.8 64
