app/static/ascii/NC31.asc
ncols 200
nrows 200
xllcorner 230000
yllcorner 910000
cellsize 50
[rows 70 to 104 of 200, columns 78 to 155 of 200]
614.6 596 578.5 564 544.4 519 495.5 473.3 447 431.4 421.9 411.2 401.2 386.3 373.2 369.3 365.1 360.8 361 359.2 356.1 354.2 351.7 350.6 349 348.2 348.1 344.2 340.7 337.2 332.3 330.7 328.7 325 322.5 320.6 317.1 316 313.3 312.1 309.1 305.2 302.8 301 297.7 293.7 291.7 288.7 286.7 285.7 282.7 281.8 281.6 281.1 279.8 278.6 278.6 278.3 278.2 277 276.2 277.1 277.3 277.5 278.5 279.6 279.8 278.8 277 277.3 276.4 274.6 273.6 270.9 270.3 269.2 267.9 263.6
651.1 629.4 606.6 587.6 561 533.7 507.9 483.7 461.3 440.5 419.7 409.6 399.1 393.1 386.7 378.9 373.2 369.4 365.7 362.9 360.8 360.8 357.4 356.9 355.8 353.6 352.9 346.8 342.4 338.9 336.8 334.9 332.4 330 327 323.6 320.7 317.9 315.8 314.3 311.4 307.4 305.3 302.5 299.2 294.9 293.2 292.2 289.3 286.1 284.3 284.1 283 282.7 281.4 281.7 281.7 281.6 280.5 278.7 278.3 278.7 279.6 280.1 278.8 279.4 279.9 278.5 279.1 278.6 277 276.3 275 273.4 273.2 272.7 269.9 268.6
669.6 656.4 639.1 610.8 578.9 546.1 513.5 485.9 468 454.9 436.4 416.5 409.6 402.6 395.2 388.4 380 374.5 371.4 369.6 365.6 363.1 363.3 362.5 361.5 359.2 353.9 349.3 346.2 344.1 341.2 338.1 335.8 333.9 331.8 328.2 324.4 320.3 317.9 314.6 313.1 310.1 307.6 304.4 300.7 297.8 296 293.7 291.1 286.8 286.2 285.1 283.9 282.7 283.9 284.8 284.7 284.5 282.2 281.5 281 280.7 280.9 281.4 281 280.9 279.8 280.1 280.1 278.3 277.7 278.5 277 276.8 275.9 274.5 272.1 271.7
675.2 662.3 650.1 636 601.8 556.6 525 500.8 484.7 457.3 445.7 437 425.6 414.3 406.6 398.1 388.1 379.6 375.8 373.1 371.3 368.4 367.3 368 365.6 360.7 357 353.1 351.1 348 345.1 341.9 339.3 337.5 335.1 330.7 327.6 324.4 320.1 316.9 314.7 311.1 308.5 305.8 301 300.4 298.9 294 291.5 289.8 287.8 286.6 285.5 285.1 286.4 287.2 288 287.5 285.6 284.2 282.5 282.6 282.7 283 283.2 282.5 282.5 281.6 280.4 279.7 280.1 278.4 279.3 279.4 278.6 277.5 274.9 274
683.5 668.1 648.5 634.4 611.8 579.7 534.9 497.2 480.8 470.3 461.7 452.2 439.3 429.2 421.1 411 400.5 387.6 380.5 375.1 373.3 372.1 370.8 370.8 368.3 364.2 360.4 356.6 353.8 351.2 348.3 346.2 342.8 339.4 336.7 333.8 331.2 327.4 325.6 319.1 315.3 311.7 309.5 305.5 302.6 301.8 300.9 296 293.3 292.1 289.6 289 287.3 287.8 288.3 288.7 288.8 288.7 287.4 285.9 286.3 284.7 284.2 284.8 284.2 283.1 283.6 282.8 282 282.3 280.9 280.1 281.1 281.1 280.6 279 277.8 275.5
685.9 678 657.2 635.4 609.9 581 556 511.5 493.8 482.1 471 460.2 451.7 441.4 435.3 425.4 417.2 404.3 389.6 378.5 374.5 372.8 371 370.4 369 367.3 365 361.1 357.2 353.5 350.8 348.7 346.1 343.1 338.9 336.8 333.2 329 326.6 321.7 318.3 313.8 310.6 308.3 305.1 302.2 300.2 298.1 295.6 293.8 291.8 290.7 289.6 289.6 291 289.9 291 290 288.6 289.1 288.6 287.1 286.3 286 284.9 285.9 285.2 284.6 283.1 282 282.6 281.6 282.7 282.9 282.7 281.3 280.4 279
678.6 675.3 663.1 642.8 617.2 586.3 555.5 523.8 502.7 490.2 479.4 470.7 460.9 451.8 445 433.5 427 415 401 391.4 383.1 375.9 370.3 368.7 368.1 367.3 365.5 363.6 359.4 355.3 352 350.2 348.9 346.5 342.6 339.8 334.7 331.3 327.8 322.7 318.9 317.2 313.1 309.4 306.7 303.7 303.1 300.1 297.6 296.6 295.1 293.6 292.3 291 292.2 292.1 292.6 291.5 290.2 290.9 290.1 289.6 289.6 288.6 286.9 286.8 285.9 285 283.9 282.9 284.6 283 283.3 283.2 283.8 282.4 282.2 281.3
658.8 665 662.9 652.2 632.2 598.9 569 544.5 526.7 512.2 498.9 490.4 477.6 467 453.6 445.4 432.4 419.3 408.3 398.7 390 383 373.1 368.1 365.8 366.7 365.4 362.1 358.8 356.4 352.9 349.9 348.8 345.9 343.9 340.4 336.8 332.6 329.1 325.1 321 319.6 316.4 313.4 309.7 307 305.3 303.9 301.7 299 298.1 297 295.4 294.8 295.1 294.5 293.8 292.5 291.6 293 292.9 292.1 290.8 289.6 288.7 288.1 286.7 285.5 284.5 283.6 283.7 284.5 284.2 285.5 284.9 284.7 284 282.1
642.6 648.5 655 650.3 641.6 619.3 597.2 575.8 559.2 542.7 526.7 512.2 497.5 479.3 465.2 453.3 440.8 426.1 417.2 406.7 397.9 391.8 379.7 369.8 365.4 364.1 362.6 360.8 357.8 356.7 353 350.9 347.8 345.8 343.3 340.4 336.6 332.8 329.2 326.4 322.9 320.6 318.9 314.8 312.9 310.1 308.4 307.1 305.3 303 301.8 301.1 299.9 298.4 297.6 296.6 295.1 293.1 292.6 294.6 295 294.2 293 291.1 290.2 289.5 288.1 287.1 286.5 286.2 285.8 285.3 286.2 286.7 287.1 286.5 285.6 285.5
621.4 629.9 639.3 639.6 633.9 625.9 615.9 598.6 574.7 552.6 542.6 525.6 503.9 489.3 472.9 460.8 445.2 430.3 422.8 412.8 403 396.6 386.9 376.1 367.2 363.2 359.9 356.6 356.1 354.7 354 351.5 348.7 345.1 343.9 340.9 337.5 334.1 330.7 327.5 325.5 323.4 321.2 319.4 316.3 314.3 311.9 310.2 308.9 307.6 306.6 305.8 304.9 302.6 300.9 299 296.1 295.5 295.1 295 295.9 295.4 294 293 291.8 290.5 289.6 288.8 288.1 288 287.1 286.3 287.1 288.3 288.5 287.9 286.9 287.3
594.4 607.6 614.2 623.2 622.8 616.5 613.6 601.9 578.3 564.9 549.4 529.1 510.6 494.7 475.7 465.6 451.2 432.1 425.6 415.6 406.3 400.2 386.1 376.6 368 362.9 359.9 357.4 353.2 353.2 352 349.6 347.2 345.1 343.3 340.4 338 335.3 332 329.5 328.4 325.7 322.9 321.6 319.4 317.2 315.5 314.4 312.8 311.3 310.4 309.2 307.5 305.9 304.8 302.2 299.6 299.6 298.1 296.9 297.6 297 295.1 294.9 294 291.4 291.4 290.7 290.5 289.5 288.9 287.5 287.8 289 288.9 288.3 287.5 289
566.5 580.7 590.2 603.7 606.8 607 603 599.2 584.3 572.4 550.3 531.1 515 493.9 478.3 464.1 452.7 437 426.7 416.6 405.2 398.4 384.8 376 366.1 360.4 358.5 356 352.9 349.1 349.3 347.6 346.1 344.2 341.8 339.6 337.3 336.8 334.5 331 329.9 327.7 326.2 323.9 321.6 320 318.8 317.5 316 314.6 313.3 312.1 310.3 309 307.2 305 303.1 302.9 300.5 299.2 299.7 297.9 297.2 296.3 295.7 294.4 294.2 293.3 293.5 292.3 291.7 290.5 289.6 290.7 290.8 290.6 290.6 290.6
539.2 554.5 567.7 583.3 587.5 591.2 593.6 591.4 580.6 567.3 549.4 525 512.9 494.6 479.9 463.5 446.8 435.3 425.7 416.3 402.6 392.1 383.7 373.4 365.5 358.6 357.3 353 350.7 347.7 345.5 345.7 344.7 343 340.7 339.2 337.8 336.2 334.4 332.2 330.6 329.2 328.1 325.8 324.6 323 321.1 319.5 318.1 317 315.7 314.8 313.3 311.4 309.3 306.6 305.5 305.6 303.2 302.2 302 301.2 299.7 299.5 298.7 297.7 297.9 297.3 295.8 296.1 295.3 293.4 293 293.5 292.8 292.6 292.9 292.4
515.1 534.3 545.7 557.5 569.1 577.3 578.8 575.8 568 559.9 544 526.4 510.6 495.7 480.9 463.2 446.6 434.6 425.6 416.2 402.9 386.9 380.9 372.4 366.1 359.2 356.7 352.1 348.8 344.4 343 342.4 342.9 342.2 341.1 339 337.4 335.7 334.2 331.7 329.2 328.8 328.4 327.8 326.9 325.2 323.2 321.9 320.4 318.8 317.8 317 315.5 313.3 311 308.8 308 307 305.7 305.3 304.3 304.2 302.7 302.8 302.2 301.8 301.6 300.9 299.6 299.1 298.6 296 295.4 295.7 295.6 295 294.8 294.1
487.7 508 519.9 531.6 549.4 555.5 556.9 559 554.5 548.4 537.3 524.2 507.9 496 478.8 461.7 448.1 432.6 422.3 414 403.5 385.7 380.6 373.3 364.1 357.2 356.7 347.8 345.4 342.3 341.5 339.4 339.6 339.6 339.7 338.8 336.9 335.5 334 332.3 331.2 329.4 328.4 327.1 327.4 326.3 326.3 324.8 323.7 321.8 319.5 319 318 316.3 313.9 312.6 311.4 310.5 308.6 308 308.1 308.1 305.9 305.4 304.8 304.2 303.9 302.9 301.5 301.4 300.5 299.2 298.5 299.3 297.9 296.9 296.3 296.9
467.6 480.6 493.3 508.6 523.7 534.6 538.8 539.6 539.2 534.2 524.7 517 503.6 493.6 478.2 460.8 446.9 430.5 418.3 410.3 398.9 387.4 381 374.8 361.4 352.4 350.4 343.6 341.3 339.3 338.3 335.2 334.5 335.3 336.9 336.8 336 335.3 333.9 332.5 331.2 330 328.4 326.8 326.2 325.9 326.4 327.1 327.2 326.9 324.3 321.4 319.8 318.6 317.2 316.4 314.7 313.7 312.1 311.3 311.1 310.3 309.8 308.1 307 306 305.4 305.1 303.6 303.2 302.8 302.3 301.6 301.8 300.9 300 299.4 299.8
451.2 460.5 469.8 489.7 501.3 512.5 520 524.4 521.4 518.6 511.6 505.7 495.9 486.6 475.3 457.6 443.5 429.5 415.7 406.4 396.8 389 380.2 371.7 360.4 349.8 344.2 341 338.4 336.1 334 332.2 330.8 330.6 331.6 334.2 334.6 334 333.2 331.2 329.9 328.9 328.5 327.2 327.2 325.7 326.9 327.9 328.8 329.9 328.2 324.9 322.2 320.5 319.4 318.8 318.2 317.1 316.1 315 313.8 313.3 312.3 310.8 309.1 308.6 307.5 307.4 306.8 306 305 304.3 303.7 304 303.7 302.7 302.8 303.2
429.2 440.5 453 469.5 481.9 490.3 499.2 503.3 505.3 504.4 500.2 493.6 484.6 476.7 466.4 454.5 442.8 427.3 414.2 404.9 397.1 390.7 382.9 369.8 360.6 350.8 343.2 338.6 333.4 332.9 330.4 327.8 328.7 327.8 327.5 329.1 330.5 331.5 330.5 329.9 328.8 328.4 328.1 327.7 327.4 326.8 327.5 327.8 328.1 328.1 326.7 325.3 324.1 322.3 321.1 320.5 319.8 318.9 318.2 317.1 316.5 315.5 314.5 313.5 311.7 311.3 311.1 309.7 308.7 307.2 306.6 306.5 305.9 305.6 306.5 306.6 307.4 307.4
416.5 425.7 439 452.7 460.6 469.3 477.1 483.5 487 486.1 483.6 482.3 475.6 467.7 457.3 447.3 437.8 425.6 413.6 405.4 397.5 390 381.4 369.1 358 349.5 341.5 336.6 332 328.7 326.3 324.9 324.9 323.9 323.8 325.6 326.3 327.9 329.3 328.9 328.4 328 327.6 327.3 326.9 327.3 327.5 327.4 327.4 327.7 326.5 325.3 324.6 323.7 322.7 321.3 321 320.7 320 320 319.6 318.2 316.6 315.4 313.9 313.8 313.6 312.8 311.3 308.7 308.1 308.1 307.9 307.3 308 308.8 310.1 310.2
403.5 414.6 425 433.2 442 447.8 454 459.3 463.5 468.5 467.5 466.8 462.2 457.6 450.2 441.1 431.4 421 411.2 403.6 395.6 388.3 381 371.1 357.8 347.3 339.7 334.1 330.7 328 324.5 320.7 320 320.2 321.2 321.9 322.5 324.4 326 327 328.7 327.6 327.3 326.8 326.4 326.7 325.7 326.5 326.7 326.4 327.1 325.7 325.3 324.1 323.2 322 321.6 320 319.7 319.7 320.5 320.2 318.8 316.5 315.4 314.4 314.4 313.9 312.4 310.2 309.3 308.9 307.9 309.6 310.5 310.6 312.6 313.6
387.4 399.3 406.7 413.3 421.1 427.5 431.2 436.4 443.1 448.7 452.5 453 449.2 445.7 441 435.2 426.6 416.7 407.7 401.1 392.3 386.4 383.8 378.4 360.1 344.3 337.5 331.4 328.5 327 323.4 320.4 318.9 317.7 319.2 319.7 320.4 321.1 322.4 323.8 326.1 326.9 326.6 325.1 326.1 326.8 326.7 326.4 326.2 326.6 326.4 326.7 327.9 326.2 323.3 321.9 321.6 319.7 319.6 320.7 320.9 319.8 320 317.7 315.7 314.7 313.6 312.6 311.3 309.8 309.3 308.7 308.9 310.5 312 313.7 315.2 317.5
370.3 381.8 389.6 395.9 400.2 405 412.1 418.2 425.4 431.3 434.8 436.9 436.8 434.3 431.2 428.4 423.4 413 404.4 397.5 389.6 383.4 376.9 377.7 358.4 342.5 335.5 331.3 325.8 322.7 321.7 318.9 316.2 313.9 315.8 316.4 318 319.1 320.4 321.5 323.6 325.8 325.6 326 325.1 325.5 324.8 324.8 325 325.2 325.9 326.6 328.6 327.4 324.4 321.6 320.9 320.8 317.8 318.7 318.9 319 319.6 317.5 315.5 313 311.7 310.7 309.4 308.9 308.7 309 310.3 311.3 312.6 314.9 317.6 321
356.5 364.7 374 378.8 385 385.6 391.5 400.2 411 416.6 422 425.9 425.5 423.3 421 421.1 418.2 410.7 403 391.5 385.2 374.9 368.8 368.8 357.2 340.1 331 329.9 325.1 320.7 318.7 316.2 313.9 313.1 314.4 314.5 315.5 316.8 318 319.7 321.7 324 325.2 325.6 325 325.8 326.6 325.8 324.1 322.8 323.3 324.1 325 325.7 322.8 320.9 319.9 318.6 316.1 315.6 316 316 315.7 314.2 312.1 311.1 309.8 308.8 308.2 307.8 307.6 308.3 309.5 311.2 313.5 315.6 318.6 321.5
349.4 353.6 359.9 365.2 369.1 371.2 375.2 382.2 391.1 401.1 406.5 409.7 411.2 412.7 411.4 412.2 411.8 406.7 399.1 388.5 380 371.5 359.4 357.7 350.6 339.4 329.4 329 323.9 320.1 314.5 312.8 312 310.3 311.9 312.2 313.3 315 316.5 319.1 320.3 322.6 324.7 324.4 324.8 325.2 325.4 324.7 323.9 322.8 320.7 321.3 321.8 321.6 319.4 317.9 317.1 316.3 314.1 313 312.2 312.1 311 310 309 307.9 308 307.9 307.1 306.7 307 307.3 308.5 310.4 312.7 314.5 318.6 322.5
342 345.5 351.7 356.5 358.5 361.7 365.6 371.8 377 385.3 390.9 393.4 395.2 397.1 401.6 402.5 404.9 399.6 393.2 387 376.3 363.8 353.9 350.7 342.7 337.3 327.6 326.8 322 316.6 312.2 307.2 307.1 308.3 309.1 309.1 311.2 312.6 314.3 317.1 318.8 320.7 322.7 323.7 323.7 323.7 323.6 323 322.1 321.2 319.9 317.9 318.6 318.6 316.9 315.3 314 311.9 311.1 309.5 309.1 308.5 307 306.5 306 305.3 305.6 307.1 306.3 305.5 305.4 306 307.4 309.1 311.2 314.4 319.1 321.4
335.6 339.6 345.6 349.2 350.8 353 359.3 360.6 364.9 371.7 377.3 380.8 384.3 387 390.8 393.4 394.9 393.9 384.7 375 367.8 358.7 351.1 345.1 337.7 337 327.9 322.7 317.7 312.5 308.2 303.4 304.3 304.5 305.8 306.2 308.6 310.8 312.7 314.5 314.8 316.8 319.2 320.3 320.5 320.1 319.8 319.6 319.1 319.2 318.5 316.6 314.6 314.7 313.7 312.8 311.4 308.9 307.2 306.6 306.2 305 303.9 303.6 302.2 302.7 302.7 303.3 304 303.7 303.2 304.6 306.1 307.6 308.8 312.1 315.9 317.5
328.4 332.2 336.1 339.4 343.2 345.6 349.4 350.1 352.1 358.4 366.2 369.8 373.4 377.9 381.8 384.5 383.5 382.4 377.8 367.9 358.4 352.4 343.6 337.3 329.9 328.1 324.9 317.8 311.7 307.9 301.6 301.2 301.4 301.6 301.5 302.7 305.8 307.9 310.5 311.6 311.4 311.5 314.7 316.3 316.7 316.3 316.9 316.9 317.2 317.2 315.7 315.1 314.7 312.1 310.4 309.2 308.8 306.9 305.2 304.6 304 302.4 301.1 299.1 298.6 298.9 299.6 300.6 301.1 300.6 301.5 303.5 304.9 305.9 307 308 310.6 312.3
318.7 322.7 325 325.9 335.5 341 340.4 341.1 342.7 345.9 350.5 357.9 363.4 369 372.6 377 379.5 377.2 369 357.7 353 347.2 339 329.6 322.5 319 315.9 313.2 307.4 303 299.4 299 299.2 296.1 297.4 299.2 303.1 305.9 308.1 308.4 309 310.7 311.1 311.4 313.3 313.5 313.8 314.6 315.3 315.4 315.5 314.8 314 312.5 309.5 304.4 302.6 302.7 301.7 300.5 301.5 300.3 298.8 297 296.2 295.8 296.8 297.5 298.3 298.8 299.9 302 303.6 304 304.1 304.7 306.8 307.9
308.6 313.1 314.8 317.3 323 331.6 333.1 336.3 333.9 334.5 334.9 342.1 349.3 356.3 362.2 365.9 369.4 370.5 363.5 350.6 349 345.4 332.5 318.4 315.5 312.6 309.8 306.4 304.3 302.6 299.7 297 296.1 296.2 294.2 294.4 297.7 302.9 303.9 303.9 305.8 307.1 308.2 308.3 308.9 310 311.7 312.3 312.7 313.5 314.3 314.6 313.2 311.4 308.5 305.6 302.5 296.1 297.7 296.5 297.6 297.7 296.2 294.9 294.2 293.9 294.6 295.1 295.6 296.8 298.4 299.9 300.8 301.1 301.3 301.8 302.9 304
301.1 305.7 307.8 306.7 311.6 319.2 324.3 325.8 324.2 324 323.9 326.9 334.8 343.8 349.8 356.2 360.5 359.7 351.5 340.9 343.4 338.7 324.1 306.4 302.9 303.1 303.8 298.8 298.8 296.8 298.5 295.9 292.7 289.9 290.1 291.7 295.2 297 298.5 299.3 301.6 303 304.9 304.8 304.9 307.2 309.1 309.9 310.1 309.6 311.7 311.6 310.6 308.6 307 304.5 301.4 297.7 291.2 292.5 293.2 293.9 294 292.2 291.2 291.6 292.1 292.5 293.6 293.8 295.4 296.8 297.7 298.1 298 298.4 298.8 298.9
294.7 299.2 301.7 297.6 300.6 305.8 310.4 311.9 309.1 309 314.4 317.5 321.6 329.9 341.2 347.3 354.3 352 344 332 328.2 324.4 313.2 303.2 295.4 293.1 299.4 295.6 293.7 290.6 292.3 292 289.4 285.3 284.8 285.1 289.4 289.4 291.1 293.1 296.9 299.4 300.9 300.7 300.8 302.1 303.9 306.8 305.9 306.3 307.7 308 307.4 305.5 304.4 302.8 300.4 297.2 294 289.6 287.1 289.8 290.5 288.9 287.9 288.1 288.9 289.1 290 292.1 292.5 294.3 295.2 295.6 294.7 294.3 295.4 294
288.5 292.3 295.5 292.4 290.4 292.9 295.7 299.3 297.6 299.7 304.9 307.2 311 316.4 326.1 340 346.6 348.3 342.9 327.2 319 311.8 306.2 298.7 289.5 288.3 291.6 291.7 295.1 291.9 285.2 286.2 284.7 280.4 279.4 279.4 280 282.3 285.7 285.9 289.4 292.7 295.6 297.4 297 296.1 298.8 301.5 301.4 301.1 301.8 303.8 304.5 303.4 302.3 300.7 299 296.5 293.6 290.9 286.6 282.8 284.7 284.4 283.6 284.5 283.8 285.5 284.5 289.9 291.2 292.3 292.3 291.6 291.2 290.8 290.5 289.2
283.2 287 287.7 286.7 280.9 282.2 286 287.9 288.6 290.6 295.1 298.4 303 306.5 313.4 324.4 337 347.4 342.3 329.4 319.7 307.9 300.9 294.6 287.7 280.8 283.4 286.5 289.5 287.9 284.9 280.7 279.8 276.1 273.3 275.3 275.1 277.6 279.5 282.9 282.4 283.3 288.5 291.9 293.3 292.8 292 293.4 295.5 296.1 296.6 298.4 300.5 301.1 300.9 299.6 297.7 294.9 293 288.5 284.6 281.4 278.4 278.9 279.7 281.7 280.2 281.1 281.1 285.8 287.9 289.6 290.1 289.2 287.3 286.5 287.3 286.3
275.5 280.6 283.7 280.9 276.1 276 277.2 279.9 280 282.3 285.7 290.3 295.1 298.6 304.9 311.8 322.2 336.9 342.9 329.9 320 307.9 298.4 290.6 284 280.7 276.9 282.2 285.7 284.4 283.8 280.3 275.4 272 268.7 270.9 270.7 271.7 274.1 279.3 276.4 278.2 282.8 288.2 288.9 289.8 288.7 288.7 289.2 291 291.3 292.6 293.9 295.8 296.7 296.5 294.3 293 291.2 287.9 283.6 280.1 278 274 275.8 277.2 275.7 276.4 276.1 279.6 281.9 284.7 287.7 286.2 285.8 283.9 284.3 283
273.1 277.9 276.6 276.2 271.5 269.4 270.2 271.7 272.7 274.9 278.1 281.1 285.3 288.6 293 299.7 310.8 324.6 339.5 324.4 316.2 303.3 292.9 284.8 280.1 276.4 275.5 278.4 281.2 285.2 280.1 278.4 275 270.1 264.7 264.2 267.4 267.9 267.3 271.7 271.7 273.7 275.8 280.9 282.5 283.5 284.1 284.5 285.4 286 285.1 287 288.6 289.7 291.5 291.6 291 288.6 287.8 285 282.3 279.6 276.3 273.9 272.1 273.8 272.5 271.6 271.8 274 276.3 277.5 279.5 280.1 278.3 278.4 279.8 280.1
