app/static/ascii/NC32.asc
ncols 200
nrows 200
xllcorner 230000
yllcorner 920000
cellsize 50
[rows 35 to 69 of 200, columns 0 to 78 of 200]
324.8 339.3 341 355.3 383.5 414.3 418.7 411.9 380.1 408.4 418.9 426.3 428.8 436.2 443.9 449.6 466.4 489.7 530.3 550.6 571.1 578.7 576.1 569 561.8 563.2 572.9 582 588.1 588.7 591.3 589.5 586 584.6 574.8 567.1 568.9 572.3 576.4 575.6 571.3 564.7 563.5 564.5 562.9 557.6 557.9 557.8 556.7 558.6 564 565.3 565.9 569.4 571.3 573.8 569 554 539.9 522.6 509.5 499 491.6 486.1 482.2 483.6 486 494.4 497.5 501.3 506 510.8 516.9 519.2 521.2 526.8 532.7 537.1 539.8
339 328.7 327.5 333.3 360.8 390.6 406.1 398.8 370.6 400.9 414.9 420.3 421.4 426.2 438.1 446.4 460.7 477.2 509.1 538.9 558.5 573.7 570.5 566.9 561.2 560.5 568.7 570.9 570 570.2 570.4 564.6 564.3 564.4 560.6 555.6 555.1 558.4 562 564.4 561.2 558.1 560.4 560.9 557.2 554.2 554.4 555 554 560.1 562.3 563.1 563.6 563.3 563.5 560.8 552.1 537.4 524.1 514 507.2 498.3 489.5 484.3 483.1 481.4 485.4 491.3 496.9 500.1 505.1 508 513.2 517.7 521.3 525.1 529.3 533.2 536.4
368.5 349.7 338.4 331.7 335.5 358.1 384.2 379.9 361 387.2 416.6 412.2 411.7 415.6 428.8 444 459.1 468.6 484.9 518.2 542.4 556.1 564.2 565.8 563.2 560.8 553.1 542.7 545.3 546.1 544 541.5 540.8 539.4 541.9 542.5 544.7 548.2 553.7 556.6 556.1 560.7 561.6 557.8 555.2 554 555 550.4 553.6 565 564 558.2 554.3 554.6 549 545.5 542.6 532.4 516.6 509.3 502.2 494.5 489.2 484.8 479.5 483.1 485.1 488.4 493.8 498.4 503.3 506.1 509.7 515 520.8 525.2 528.3 530.6 533.5
373.9 361 349.5 343.3 338.2 338 352.8 361 357 360.6 393.8 395.9 400.2 401.9 412.6 441.6 456.4 465.9 474.3 484.7 513.2 535.6 553.1 563.5 562.3 548.9 540.4 530.7 524 520.7 517.5 516.8 518.2 520.4 525.1 531.5 535.8 543 548 554.7 561.2 561.7 558 553.2 552 550.3 550.8 549.2 557.8 563 562.9 558.2 548.7 543.7 539 536.3 532.3 527.6 516.3 504.1 495.1 491.5 489.1 483.4 478.5 479.5 484 487.8 491.8 495.7 499.5 503.1 507.8 512.2 517.5 523.7 526 527.1 529.3
393.3 374.1 362.8 354.6 354.8 342.4 340.4 344.8 347.9 347 360.2 375.1 379.4 383.3 401.7 440.2 454.6 463.6 465.5 473.1 493.7 516.9 536.6 545.4 543.3 534.8 526.6 517.7 511.5 508.6 504.7 503.5 503.7 505.4 513.6 520.3 532.5 539.1 545.3 556.3 553.8 552.7 550.1 546.4 544.4 545 546 548.1 558.8 560 558.7 554.9 547.7 540 534.2 529.2 522.6 515.7 510.4 504.6 497 491.5 488.3 484.2 476.6 476 481.4 486.7 490.5 493.9 497.3 501.5 505.5 509.2 513.3 518.9 523.5 524.1 526.6
404.9 394 390.5 373.8 368.1 360.6 347.3 348.7 345.3 343.4 343.4 352.3 360 375.8 385.7 416.7 438.2 452.6 462.1 468.9 481.1 497.9 509.5 513.1 518.8 517.2 513.8 508.9 505.1 505 501.9 501.9 503.2 503.7 509.6 519.4 525.6 537.7 549.2 550.1 550.9 546.3 540.1 540.8 540.1 542 544.3 548.9 552.4 552.3 552.4 548.3 541.5 533.3 529.5 524.7 515.1 506.5 501.9 499.2 493.7 489.1 484.8 480.7 474.1 470.8 477.8 484.2 488.5 491.7 496.1 499.5 503.6 505.9 509.4 513.5 518.9 523.4 526.8
416.8 413.4 401.8 389.1 376.4 371.3 361.9 352.3 343.4 343.4 343.4 343.4 344.2 365.2 380.4 392.5 411.8 427.2 450.3 461.2 473.6 474.4 482.8 492 503.4 504.4 502.6 505.2 502.1 501.9 501.9 501.9 505.8 506.8 515.1 520.9 528.8 538.4 542.1 540.3 539.9 536.7 532.4 533.1 534.3 537.1 538 544.2 542.8 540 539.4 536.4 533 529.5 526.7 519.1 508.9 501.5 498.4 491.7 488.7 483.8 481.1 478.3 472.4 466.9 472.2 479.3 485.9 488.9 494.5 495.9 498.5 501.2 503.9 506.9 512 517.9 524.1
425.9 416.6 410.5 400.5 388.4 375.9 369.8 358.7 349.1 343.4 343.4 343.4 343.4 349.4 363.6 373.3 390.1 401.4 421 447.4 460.4 468.2 473 479.8 492.1 496.1 497.7 504.4 508.9 507.7 501.9 501.9 504.7 502.2 513.8 520.1 525.8 526.8 517.8 514.6 520.3 522 520.8 523.2 524.6 525.7 530.1 536.9 532.6 525.1 521.3 523 526.7 528.8 524.6 513.4 503.4 498.2 494.1 486 480.6 476.5 473.5 471.7 466.8 462.4 470.7 476.2 481.9 486.4 491.6 494.5 494.9 497.5 498.9 501.2 507.1 511.7 520
420.1 417.2 412.9 404.9 395.2 381.8 371 360 351.9 343.4 343.4 343.4 343.4 343.4 348.7 360.4 374.6 392.2 405.7 426.7 439.4 452.3 467.5 469.2 479.5 493.8 502.6 506.7 510 508.4 501.8 501.9 501.9 501.9 505.9 512.5 511.9 509.1 509.7 507.2 496.6 501.1 510.9 514.2 514.5 516.1 524.2 525.6 521.7 513.8 504.8 511.8 522.2 520.4 516.9 508.4 499.5 493.2 486.7 478.6 471.9 466.7 462.2 462.3 462.3 459.4 468.1 472.7 479 485.7 493.1 494.2 495.9 496.3 497.4 498.3 500.7 506.3 512.7
427.6 418.3 415.4 406.8 394 385.1 372.3 363.5 355.4 348.9 343.4 343.4 343.4 343.4 343.4 349.2 361.4 377.1 398.2 409.6 434 457 473.5 474.7 488.2 496.7 501.1 509.9 513.1 509.2 506.3 501.9 503.4 504.8 505.3 511.1 509.7 505.1 504 499.3 492.2 486.8 496 497.5 497.9 501.4 502.9 511.5 508.7 501.7 492.8 490.9 501.5 509.5 505.9 503.5 496 482.9 474.4 468.3 466 458.4 457.1 458 454.3 451.5 457.6 465.3 473.6 483.7 491 493.3 496.3 495.3 496.6 497.7 499.5 501.7 508.2
432.2 426.3 422.3 415.1 404.4 389.2 375.8 365 358.3 348.2 343.4 343.4 343.4 343.4 343.4 343.4 348.3 361.2 387.2 401 417.2 447.9 468.5 481.7 492.5 502.7 506.4 507.1 508.3 508.3 509.4 509.5 506.5 507.5 506.6 506.9 507.7 502.2 496.1 494.5 490.5 480.9 481.1 483.9 485.8 483.5 491.2 498.2 495.8 490.7 484.5 477.5 479.5 488.7 495.8 500.1 488.4 474.8 466.7 460.9 458 454.7 450.5 450.4 448.7 450.4 451.6 455.9 466.8 480.8 489.8 492.4 493.2 492 493.2 497.7 503.5 502.5 502.1
438.4 430.3 425.8 418.7 410.1 397.6 384.4 368.9 358.7 350.8 343.4 343.4 343.4 343.4 343.4 343.4 343.4 350 374.7 395.2 418.4 434.9 458 474.2 487.8 504 510.1 504.8 505.7 506.3 509.8 513.8 511 508 504.3 501 500.4 497.2 492.2 490.7 486.5 481.1 481.1 481.1 481.1 481.1 484.7 492 487.5 483.5 477.2 468.8 468.4 473 473 471.4 473.4 464.6 460.3 453.1 450.5 451.1 448.1 440.7 444.9 447.6 447.5 450.4 458.9 476.8 488.7 487.5 487.7 486.2 487.9 500.3 505.1 507.5 504
440.1 431.2 427.6 424.3 414.5 400.3 390.9 379.2 364.5 357.6 351.9 343.4 343.4 343.4 343.4 343.4 343.4 343.4 359.5 389.7 414.2 431.9 445.1 461 478.7 492.2 505.5 500.6 499.1 500.6 504.4 510.5 512.5 511.5 510 505.9 500.6 494.3 491 485.6 483.5 481.1 481.1 481.1 481.1 481.1 482.4 485.6 478.4 475.5 472.1 462.1 460.3 463 463 456.6 458 451.5 448.1 447.7 444.5 443.3 443 433.9 442.2 443.3 444.9 449.2 453.6 466.6 479.9 484.9 478 479.1 481.5 490.9 502.3 505.5 505.4
443 432.3 422.6 422.6 416.4 407.6 394.1 383.4 373.8 362.9 356.7 346.3 343.4 343.4 343.4 343.4 343.4 343.4 343.4 371.6 406.5 424.3 437.7 449.5 463.7 481.1 485.3 490.8 493 493.2 501.2 507.8 508.4 510 512.8 514.3 510.1 500.4 494.1 487.1 481.1 481.1 481.1 481.1 481.1 481.1 485.5 480.8 475.2 469.7 465.7 458.2 453.3 452 450.7 450.1 445.7 443.3 439.8 441 440.9 438.9 438.5 427.4 435.5 440.9 437.3 440.6 449.1 456.2 471.3 474.2 470.3 470.8 475.9 480 488.2 495.3 500.9
433.5 427.8 420 414.5 411 408.5 402.1 390 377.8 368.9 358.4 351.2 343.4 343.4 343.4 343.4 343.4 343.4 343.4 348.8 380 425.5 439.6 449.4 468.9 478.9 480.8 478.2 480.6 483.5 489.2 494.1 501.6 507.1 510.9 514.9 513.8 508.8 499.5 490.9 481.9 481.1 481.1 481.1 481.1 483.2 483.9 476.2 471.8 467.3 462.9 455.4 449.1 446.6 442.7 439.5 436.9 438.2 433.5 432.2 433.6 433.6 431.3 425.2 427.7 429 430.4 435.4 436.3 440.5 452.2 459.1 462.3 464.9 469.4 474.7 477.4 480.7 489
415.6 416.8 416.6 412.8 408.9 403.5 399.8 394.6 383.3 372.6 363.9 353.1 343.4 343.4 343.4 343.4 343.4 343.4 343.4 343.4 362.1 411.8 443.4 451.8 463 479.4 483.2 479.3 478.5 479 484.2 489.9 498.3 505.2 508.5 511.6 514.5 509.9 504.6 496.9 487.6 481.5 481.1 481.1 481.1 483.1 477.8 474.1 468.4 461 459 453.6 449.6 443.9 437.9 431.4 429.9 429.2 426.8 428 428.2 427.7 428 424.2 420.8 423.3 426.5 428.8 429.6 430.6 442.8 449.7 452.2 460 465.6 469.8 472.6 474.9 476.6
412.9 413.7 415 412.6 408.7 400.9 395.9 393 386.4 376.9 366.9 361.8 350 343.4 343.4 343.4 343.4 343.4 343.4 343.4 349.3 375.3 419.9 446.9 460.2 472.1 478.9 479 478.3 477 480.4 491.1 502 503.8 504.3 513.7 522.2 516.8 506.7 501.1 495.3 489.1 486.1 485.1 481.5 478.1 476.7 473.1 470.6 465.1 458.5 455.1 446 442.7 439.1 433.2 428.6 424.4 419.8 420 422.9 422.2 421.9 420.2 416.8 421.5 424.5 425.1 425.5 426 434.5 442.5 445.4 454.1 460.7 468.4 468.3 468.7 469.8
416.9 421.9 422.5 417.8 410.7 407 399.3 392.3 386.1 379.3 373.3 362.8 356.9 346.8 343.4 343.4 343.4 343.4 343.4 343.4 343.4 356.7 380.9 426.5 449.2 463.8 470.9 468.5 472.1 480.4 477.5 477 492.8 498.6 498.3 506.8 519.2 523.6 521.3 514.1 506.2 495.8 491.3 489.4 483.7 478.4 476.3 474.7 471.9 466.6 461.7 454.1 447.2 439.7 434 432.4 429.4 423.8 418.4 417.3 418.1 417.1 416 417.6 415 417.6 421.7 423.1 421.2 424.8 430.9 435.5 441.6 447.7 454.5 461.4 465.2 463.5 464.3
424.8 425.2 423.2 419.7 415.4 408.9 402.7 395.4 388.1 380.5 374.9 367.5 357 348.8 343.4 343.4 343.4 343.4 343.4 343.4 343.4 349.4 364.6 380.3 417.5 443.6 456.3 456.5 462.1 474 478.8 475.8 471.8 483.2 486.6 493.6 500.7 511.7 523.7 521 513.4 502.4 495.8 491.6 486.1 482.3 478.6 476.6 472.6 466.4 461.2 457 447.7 440.7 437 431.2 427.7 420.7 420.7 417.2 414.8 413.5 413.1 413 411.9 415.2 417.2 417.4 420.8 425.3 428 434.9 446.2 446.4 449.9 453.2 459.2 462.5 462.6
431.3 433.8 430.3 425.3 418.5 412.1 405.6 397.9 390.9 383.6 375.6 372 367.3 358.8 346 343.4 343.4 344.1 347.7 344.7 345.8 350.2 354.9 366.3 376.9 399.8 424.6 437.5 446.7 464.7 468 467 468.9 468.3 481.3 488.5 492.1 495.9 502.7 507.6 509.1 501.7 495.6 490 484.8 482.3 482.6 478.7 474.9 469.8 465.8 460.3 451.1 442.4 435.9 428.4 423.1 416.5 420.5 417.1 413.1 411.1 410.6 411.8 407.2 410.6 409.9 412.8 421.2 422 427.5 433.3 441.5 446.8 448.6 448.5 449.3 454.1 460.1
439.4 438.5 432.7 427.3 421.9 415.5 408.6 400.5 392.1 388.4 380.3 373.8 371.9 365.3 359 345.9 343.4 343.4 351.2 359.9 359.2 357.5 360.8 365.2 369.8 377.1 394 404.1 427.3 446.6 464.2 458.9 458.6 459 465.7 485.5 487.6 486.8 488.4 490.6 493.3 492.4 488.8 483.2 480.3 480.3 481.5 478.4 475.8 475.1 470.6 462.4 454 444.4 434.5 426.8 419.8 417.7 412.8 412 410.3 407.3 408 408.8 403.7 406.5 411.6 412.2 417.3 418.8 424.8 432.5 439.7 442.7 444.3 445.4 444.9 450.8 456.6
438.6 445.5 443.2 444.7 442.1 424.2 413.9 406.2 398.5 390.1 384.7 380.5 375.5 369.8 364.5 357 343.4 343.4 355.7 355.3 366.2 366.9 365.8 370.8 375.7 373.9 378.2 390.9 398.9 419.4 440.5 453.4 453 451.9 457 458.3 473.9 473.7 472.7 473.1 476.9 481 477.9 475.9 478.7 481.7 480.3 477.4 474.4 472.6 471.6 465.9 458.7 446.5 434.5 425.9 418.2 413.3 410.3 404.3 403 403.3 401.9 403.8 401.1 401.9 405.2 408.6 411.5 414.5 421.3 430.5 438.1 442.1 441.9 442 443.1 448.1 458.3
432.5 445.7 450.8 452.5 447.1 446.3 440 426.3 411.9 400.3 392.6 381.1 374.9 370.3 366.2 359.7 349.2 343.4 348.4 354.2 359.7 365.8 372 373.3 377 381.9 377.8 377.9 385.9 393.3 407.5 431.3 444.9 445.2 449.8 449.5 450.9 455.4 456.8 456.5 459 466.5 463.3 463.8 470.3 471.6 471 470.7 468.5 466 466.7 465.3 460.1 452.5 442.2 428.3 419.5 414.3 409.1 404.4 399.9 399.3 398.8 399.3 402.5 399.5 397.5 401.8 407.6 410.4 416.5 426.7 433.5 439.6 441.7 442.4 444.8 447.5 454.4
427 445.9 456 459.6 450.5 441.8 439.2 433.4 422.5 415.7 403.3 389.5 379.4 376.2 374.1 367.1 362.7 346.6 343.4 353.8 360.4 366.8 372.5 373.9 378 381.4 381.6 381.5 379.6 377.5 381.5 392.8 422.3 428 438.5 446.1 444.7 440.4 444.3 446.4 452.6 453.2 451.4 447.7 454.5 456.7 458.5 463 460.9 462.5 462.1 460 458.3 453 444.3 433.4 421.6 410.2 404.5 402.8 399.4 395.3 396.4 396.2 397.4 396.8 397.3 395.5 397.7 401.7 415.7 424 428.8 434.8 440.6 446 449.6 450 455
415.6 436.9 471 472.1 468.1 463.8 451.1 436.6 426.2 421.4 414.3 408.1 394.6 380.2 376.9 375.6 366.9 359.2 347.1 349.2 361.1 371.8 381.9 381 378.5 378.1 377.8 380.9 379.2 375.4 371.4 373.5 384.9 400.3 419.8 436.3 438.4 436 436.1 432.6 442.2 443.2 440.7 437.2 441.4 446.5 445.3 450.6 456.9 460.4 467.4 465.3 458.6 450.7 439.9 428.1 419.3 411.3 402.8 400.1 398.5 394.8 391.8 395.2 396.2 396.2 395.6 391.7 392.6 402.5 415.6 424.4 429.4 432.9 439.6 443.7 446.4 449.1 452.6
409 418.4 449.1 486.1 479.8 478.2 471.6 460.3 446.9 434 424.3 414.8 411.6 403.8 389.7 380 374.5 367.6 355 347.1 359.1 367.3 384.3 385.8 381.9 380.7 380.8 375.7 374.2 372.2 368.8 367.2 369.7 382.4 400 412 420.3 430.5 431.8 425.8 418.8 428.4 431.8 430.3 431.1 435.5 437.4 440 447.7 463.3 467.4 470.3 463.6 450.9 436.6 423.1 414.7 406.7 400.4 396.6 395.1 392.3 392.3 389.1 390.5 388.1 387.3 388.1 390.7 399.5 408.4 418.1 430.7 431.4 435.1 444.2 442.9 443.3 446.7
402.4 406.7 423.6 477.2 486.6 485.6 481.4 476 464.5 453 442 432.7 419.1 407.9 404.9 395.1 383.8 375.2 365.1 352.5 352.5 364.6 372.8 380.8 385.1 382.6 379.5 379.1 375.7 377 368.5 364 363.3 365.4 377.1 392.8 409.3 415.3 415.2 416.7 408.5 407.2 414.1 419.5 421.2 427.6 426.6 429.7 437.7 454.4 466.5 471.1 466.7 453.2 435.4 418.7 409.5 399.6 393.9 392 391.1 387.5 389 384.9 383 382 382.2 387.8 389.5 396.5 408.2 417.5 420.5 426.3 433.3 434 437.7 442 446.9
394.8 397.7 410 436.1 474.3 475.5 479.7 478.4 471.7 463.2 452.1 443.1 432.6 424.3 414.2 404.3 395.1 384.7 374.1 363.4 350.6 353.1 363.2 369.7 376.7 381 378.2 376.5 375 374.7 370.8 367.3 362.1 360.1 361.6 368.8 383.7 401.6 409.8 404.3 401.5 396.9 396.7 400.4 407.2 418.6 418.6 419.3 428.1 436.1 442.7 453.5 448.3 437.5 419.9 410.3 402.1 395.1 390.1 388.1 387.2 385.5 382.5 383.2 380.8 378.6 381.5 382.6 387.6 393 397.5 406.2 419.6 424.1 425.2 431 432.1 433.7 434.8
386.9 390.3 401.8 426.3 445.5 466.6 466.3 465.3 464.1 461.8 456.1 447.8 439.2 431.7 424.7 417.4 410 401.6 389.9 374 362 359.1 354 362.4 368.5 370.4 372.3 370.8 371.1 372 368.2 364.1 360.4 365.8 360.3 359.4 365.9 378.1 395.3 393.5 391.4 387.1 386 391 392.1 394.1 400.9 412.2 416.2 421 428.5 431.9 424.3 413.6 405.5 399.4 393.2 390 386.3 383.3 380.8 379.9 379.8 378.3 376.4 380.7 381.5 382.6 387.8 391.3 395.9 398.3 401.2 405 414.7 420.7 422.9 421.5 415.7
379.2 381.9 395 409.2 436.1 458.3 471.3 468.6 464.4 458.4 451.7 444.5 440.7 434.3 426.1 418.8 413.1 405.1 398.7 390.7 376.1 362.5 356.6 353 357.8 360.9 362.7 360.9 360.2 360.9 363.8 358.9 358 358 359.7 357.7 362.9 369.2 377.9 378.7 380.5 377.8 377.8 377 380.2 377.9 378.7 386.4 395.7 406.3 411.7 409.6 402.2 396 391.5 387.1 384.9 383.4 379.3 376 376.6 376.5 375.3 374.2 373.2 376.9 378.2 379.7 387.7 390.4 396 397.5 398 398 399.8 402.9 401.4 401.8 403.4
375.8 376.1 386.2 392.6 422.1 447.5 473.7 476 471.1 465.7 455.4 450.8 444 438.4 431.1 424 415.2 408.3 403 393.7 382.6 366.6 358.6 356 354.5 353.8 356.3 354.2 353.6 355.3 354.1 353.2 352.4 350.9 353.2 354.9 359.2 363.1 364.7 366.1 369.3 367.9 367.3 368.1 367.2 368.9 360.8 366.2 374.7 378.3 384.6 389.7 386.6 381.4 381 376.2 377.1 376.3 373.5 372.2 370.5 372.1 372.7 369 372.5 373.4 374.8 381.3 384.4 387.2 391.7 397.3 398.8 399 400.1 397.9 394.1 391.7 391.3
379.8 375.4 379.7 385.3 409.7 437.5 463.2 479.4 480.5 474.9 466.6 460 451.4 445.7 438.5 430.9 425 414.9 405.6 397.2 387.8 375.6 361.6 357.3 355.4 355 351.6 349.9 349.7 347.7 347 345.4 345.6 349.3 347.2 348.5 349.9 352.8 355.8 356.3 355.5 357.6 358.4 357.6 357.4 353.6 351.8 352.8 357 362.6 367.9 367.7 368.9 369.3 366.1 364.2 367.8 367.1 365.7 364.1 366 366.7 368.2 367.3 370.2 371.9 375.7 380 383.7 387.1 391.2 397.1 401.7 401.8 401.4 400.1 395.7 391.6 389.6
385.2 376.6 375.8 384.1 405 434.9 451.8 468.2 478.9 480.9 475.6 466.6 459.5 450.4 444 436 429.4 422.8 413.5 402.9 395.4 386.5 373.9 360.1 356.3 351.2 350.1 348.2 347 346.1 345.8 345.5 345.4 345.4 345.7 344.8 345.9 344.1 345.9 348.7 348.8 346.4 345.7 347.7 347.1 347 342.1 339.5 340 346.1 348.5 353.3 352.5 352.4 352.8 353 358.7 359.9 359.2 359.3 360 362.6 364.6 369.5 371.8 374 380 383.8 385.4 389.5 396.7 404.4 410.8 409.8 406.4 401.4 397.5 395.2 392.5
387.1 378 375 384.9 399 420.5 441.3 461.9 471.7 479.2 474.6 468.5 460.6 454.2 445.8 439.1 431.9 425.5 418.7 410 403.2 395.3 384.6 372.3 359.6 357 350.3 347.7 347.6 345.9 346 345.7 345.4 346.4 348.2 347.5 347.1 344 338.1 332.3 333.6 337.3 337.2 336.7 334.6 332.6 336.2 334.3 331.5 329.6 336.5 336.3 336.8 339 342.7 343.5 348 351.3 351.5 352.5 354.4 356.3 364.4 367.5 373.4 376.8 384.8 392.6 390.7 392.9 400.8 411 417.4 418.5 416.5 409 403.2 397.7 394.7
391.6 377.5 375.4 382.5 398.5 414.1 428.9 443.7 458.7 471.2 472 466.4 461.1 453.1 445.8 440.6 433.4 429.6 422.9 417.5 412 404.9 395.5 379.3 364.7 355.6 353.2 349.8 349.7 346.8 345.8 345.8 350.1 351.5 353.2 351.4 347.8 344.1 340.6 336.2 333.5 329.5 327 326.6 327.8 326.4 330.5 327.3 327.3 326.2 323.4 324 328.1 326.3 328.7 334.8 337.7 340.7 343.9 344.9 351.9 361.8 366.4 370.1 371.7 380.8 388.1 395.9 399.2 400.5 408.6 415.9 423.4 424.6 420.3 417.6 411.6 402.7 397.9
