app/static/ascii/NC34.asc
ncols 200
nrows 200
xllcorner 230000
yllcorner 940000
cellsize 50
[rows 140 to 174 of 200, columns 78 to 155 of 200]
469.4 471.5 472.4 469.1 462 456.4 447.3 435.3 423.1 415.7 406.9 388 375 360 349.4 338 329.5 319.8 316.1 322.4 327 326.7 324 321.1 316.6 313.1 315.4 320.5 334.7 367.2 412.4 445.8 492.7 531.2 556.8 568.7 569.8 567.3 555.6 542.1 527 510.3 491 468.2 458.5 461.1 462.2 460.2 455.9 447.3 443.8 447.3 452.3 464.6 477.3 508.8 525.4 542.8 559.5 584.9 609.6 639.8 668.7 691.3 706.9 718.5 726 728 725.7 722.6 720.9 716.8 711.7 707.8 704.4 699.5 693.1 685
452.2 452.5 453.2 450.3 449.7 443.7 435.6 426.5 416.8 409.7 401.1 382.5 366 351.6 340.7 327.8 320.6 309.6 302.3 310.6 316.6 319.2 316.5 312.5 306.8 303.2 313.2 321.2 342 373.9 417.9 458 507.2 546.5 561 567.5 566.8 561.7 548.8 534.3 519.5 508.4 489 463.4 461.3 461.1 460.3 457.3 449.4 445.7 446.2 446 444.5 449.5 466.7 505.5 516.8 534.5 550.1 578.6 604.3 633.5 664.3 688.8 705.8 718.7 725.8 729.1 729.5 727.9 725.8 721.9 717.2 713.1 708.8 703.5 696.6 687.9
423.2 426.7 431.2 431.2 430.9 431.9 426.8 418.1 410.7 408.7 394.4 375 355.9 341.9 330.3 322.1 313 305.8 293.1 295.4 301.7 306.9 305.8 301.2 295.4 299 308.9 327.5 350.6 380.7 422.8 464.8 510.4 547.7 560.3 566.6 562.7 554.6 545.2 529.3 514.3 500.3 484.6 467.6 458.9 457.7 454.5 450.6 445.2 439.4 442.8 442.2 437.4 435.5 463.8 495.8 513.5 527.6 542.9 571.9 604.5 632.2 662 686.9 705.7 717.5 723.8 727.2 728.3 727.2 724.9 721.1 716.6 712.4 707.7 701.7 694.8 686.3
382.3 389.7 392.2 411.4 420.5 423.5 421.6 409.9 405.4 392.5 377.2 359.8 343.7 330 320.9 312.2 304.8 299.1 284.5 289.1 292.6 293.4 292.5 288.2 281.3 287.9 306.6 332.8 360.2 389.9 425.5 472.5 506.9 539.4 558.5 560 558.7 549.2 539.6 522.7 507.4 492.6 476.8 462.8 454.9 452 448.8 444.6 439.7 436.6 438.5 436.1 435.2 433.7 459 489.7 506 522.4 539 572.1 605.4 634.9 660.6 685.3 701.8 712.6 718.3 719.9 721.1 721 718.6 715.5 711.6 707.6 702.6 696.3 688.6 679.9
356.6 351.4 352.8 369.1 394 402.1 404.5 396.6 388.2 375.4 362.7 346 330.9 316.9 308.9 301.5 294.9 291.4 286 280.8 282.2 281.9 276.4 272.9 271.4 284.8 312.8 335.3 362.9 388.5 417.2 469.8 507.8 534.4 550.9 553 548.6 540.2 531.7 512.1 498.7 483.5 465.2 453.9 447.6 444.3 441.7 438.8 435.7 424.7 431.4 426.3 429 431.1 460.6 481.3 499.8 520.2 541.5 578.6 603.8 636.7 662.7 682.7 695.8 705.9 709.8 710.3 710.4 709.7 707.6 704.9 701.9 698.2 693.2 686.6 679.2 672.8
336.2 332.2 331.5 333.7 344.9 353.2 366.4 378.2 372.5 361.1 345.1 330.2 315.8 301 294.8 288.4 283.5 281 276.8 272.7 273.3 271.7 267.4 263.1 263.3 280.9 310 328.9 354.3 369.4 400.7 452.8 489.3 515.2 530.3 533.6 530.5 525.3 517.5 502 487.5 470.6 453.6 443.2 438.9 435.8 433 430.5 428.1 417.4 419 415.3 421.6 424.1 457.6 477.6 501.4 522 553.2 579.6 610.3 642.2 665.4 677.7 689.7 696.9 698.4 697.8 696.8 695.5 693.5 692.5 689.4 685.9 680.7 674 667.6 662.6
319.4 322.9 319.6 316.6 318.5 319.1 326.3 339.3 339.9 329.6 318.3 305.7 294.1 288.7 281.1 275.5 272 270.6 266.4 263.3 263.4 260 259 255 265.4 287.5 303.2 315.1 324.7 340.7 361.6 411.4 446.6 478.8 502 507.8 505.4 499.6 495.3 484.6 472.5 455.9 441.4 433 429.2 427 423.3 420.3 418.9 413.5 410.3 406.5 416.9 426.1 455.9 474.3 502.5 530.5 563.6 590.2 617.8 647.2 663.1 673.8 681.9 686.3 686.2 683.9 681.4 679.1 678 676.7 674.4 671.4 667 661.6 656.1 652.9
307.5 309.4 304.6 297.2 292.8 294.2 296.3 298.8 295.3 292.6 287.2 284.5 278.8 275.9 270.2 267 262.9 261.4 254.8 252 249.8 250.9 249.4 262.5 274.9 284.3 289.7 293.1 296.8 313.6 337.6 368 402.9 427.8 458.7 464 474.8 475.8 468.9 465.4 457.7 440.7 427.8 422.1 419.5 417.2 413.8 413 411.6 404.7 401 404.6 419.7 436.8 455.4 481.3 508.4 536.4 568.5 599.2 626.5 647.4 660.9 668.9 674.2 676.6 674.1 670.8 666.8 665 663.9 662.2 661 656.4 652.9 648.7 645.1 641.9
301 294.8 290.8 287.7 286.6 287.1 282.3 280.2 279.2 278.4 275.8 271.4 265.1 262.9 260.7 256.5 251.1 249.7 245.1 238.4 241.3 246.6 253.6 263.9 269.9 272.4 277.8 275.2 277.4 297.4 319 356.3 375.3 390.1 403.3 427.7 441.3 440.1 441.5 442.3 436.9 424.3 415.9 411.6 408.8 406.6 403.3 402.8 401.8 396.2 393.2 400.8 424.7 446 469.1 495.2 517.8 540.2 573.8 605.4 631 648.5 659 663.8 666.3 664.6 661.4 655.4 651.9 651 649.5 647.7 644.2 641.8 638.8 636.2 633.2 630.2
292.5 288 282.9 278 274.8 275.2 274.4 272.6 270.1 265.7 263.4 259.4 254.4 254.2 249.8 243.1 241.5 242 233.9 234.2 244.7 248.5 252.4 256.6 259.5 263.2 269.4 265.4 266.8 285.8 302.9 333 345.9 358.6 369.9 377.1 397.4 407.1 409.4 412 415.4 411.6 403.1 399.1 398 395.6 394.1 392.7 392.7 389.1 386.7 396.4 423.8 444.4 470.5 498.9 523.8 547.3 581.7 609.3 634.2 648.5 655.8 658 657.1 653.6 647 638.8 635.8 634.4 634.1 632.2 630.4 627.7 625.7 622.8 621.2 619.4
277.8 276 272.2 268.7 265.8 261 261.3 262.2 259.1 254.7 250.4 248.7 246.4 240.2 241.2 234.7 233 231.3 229 240.2 242.6 245.7 244.8 244.7 248.5 256.1 256.6 257.2 255.7 269.1 287.4 305 318.5 339.2 348.4 356.4 374.2 374 370.5 370.4 385.5 388.4 387.7 384.5 384 383.4 384.5 383.5 383.8 379.3 383.2 397.5 416.7 440.6 467.3 498.6 518.8 552 585.4 611.1 636.7 649 653.2 652.8 649 637.9 630.9 624.5 620.5 619.5 619 617.9 614.6 613.9 612 610.7 609.7 608.6
264.8 259.4 257.8 257.3 255.6 254.1 251.6 250.8 247.4 241.9 239.4 240.4 238.3 233.6 233.3 229.2 226.9 227.8 233.7 237.2 239 239.6 237.9 239.4 240.7 246.9 247.6 248.7 253 263.1 277.2 289.9 315.1 329.2 337.5 336.3 337.4 342.1 344.3 345.4 344.4 347.2 363.9 366 368.7 369.2 371.9 371.3 369.6 371.7 376.3 388.1 404 429.3 465.5 493.8 514.7 555.5 582.7 609.5 631.1 645.5 652.3 648.1 641.4 630.9 619.3 612.8 608.5 606.6 604.5 602.4 601.6 601 599.4 599.2 599.6 598.6
250.4 248.7 247.9 247.2 246.7 245.2 243.1 241 235.7 234.6 233.4 229.9 229.9 227.6 228.1 225.3 224.6 225.5 231.6 235 236.8 238.2 238.2 239 236 238.6 243.1 244.9 246.2 255.1 267.8 278.2 291.6 317.1 321.9 322.2 322.7 325.6 326.4 329.1 332 335.8 343.5 348.4 351.4 352.3 357.6 360.6 362.6 367.3 371.3 379 395.7 421 456.1 488.5 509.7 543.8 576.6 606.6 623.3 637.4 648.1 641.5 636.7 628.6 617.1 605.7 598.7 593.8 591.3 588.7 586.3 586 587.1 587.9 588.9 588.7
240.4 240.7 239.8 238.8 238.1 236.9 234.3 230.8 227.5 227.8 229.8 229.9 227.8 226.5 227.1 225.5 222.8 224.1 228.6 232.7 235.4 237.4 237.7 237.1 236 236.1 238.9 243.4 246.4 251.5 260.4 265.3 274.6 284.3 299.2 301.2 305.5 309.5 313.7 319.8 324.2 329.7 332.4 334.1 336 338.8 344.7 351 352.6 361.9 366.4 371.8 394.1 417.7 448.8 477.3 494.6 525.7 564.5 594.7 611.3 628.4 637.7 634.9 631.1 625.2 614.3 599.8 587.8 582 578.7 575.2 573.2 572.5 573.8 577.2 578.6 578.9
232.6 233.5 232.2 231.5 231.8 230.5 227.8 222.8 219.1 222.2 226.9 228.8 228 226.9 226.1 225.1 220.1 221.6 224.2 229.6 232.3 234.5 237 239.1 237 235.5 235.9 242.5 246.4 251.4 259.1 263.3 268.9 274.9 280.5 285.3 290.3 297.5 306.6 310.7 312.8 318.2 321.9 321.8 325.9 329.3 337.3 340.4 345.7 352.6 356.7 366.3 386.4 410.2 438.3 462.9 478.7 504.2 543.3 560.7 584.8 604.8 618.7 622.8 622.7 615 605.5 592.7 579.4 571.9 567 562.7 559.2 558.2 560.5 563.8 566.9 568.3
226.3 227.1 226.2 225.3 225.4 224.3 220.6 215.6 211.1 217.4 219.8 222.8 224 223.6 222.6 222.5 223.4 219.1 221.3 227.9 229.8 232.9 234.8 237.4 235 234.6 237.3 241.3 242.9 248.8 259 263.7 263.1 265.6 273.3 274.8 280.8 286.7 290.4 297.4 299.4 303.7 307.5 312.1 316.9 320.1 328.5 331.2 337.8 344.5 350.5 360.2 376.4 397.8 426.5 445.9 461.1 481.6 503.7 531.2 557.1 582 595.2 605.6 607 602 593.2 582.7 571.6 563.8 556.7 550.4 546.2 545.6 547 550.8 554.3 555.4
222.1 220.7 220.3 218 218.2 216.9 214.2 209.4 207.6 211.4 211.9 210 211.5 214.8 217.7 220 221.5 220.6 215.4 223.9 226 229 229.2 228.7 227.9 228.1 234.4 238.5 242.2 249.7 255.9 258.8 257.9 258.5 260 265 270.4 274.9 280.6 286.4 290.2 292.5 299.2 302.7 309.2 315.4 322.1 325.6 331.4 337.6 345.1 353.3 371.1 392.4 415.9 430.7 438.3 456.2 484.6 505.3 528.2 550 570.2 583.1 585.6 581.9 571.7 564.7 556.2 551.8 545.6 537.7 533.4 532.2 533.9 539.6 542.4 542.9
217.9 216.5 212.2 212.1 212.4 210.9 208.9 206.7 205.8 206.7 207.6 207.8 207.9 211.6 215.2 218.4 219.7 221.3 214.5 218.6 219.5 225 223.8 222.7 222.5 225.4 230 232.7 234 240.1 246 245.8 248.1 250.7 251.2 255.6 262.9 264.8 269.8 273.9 280.2 285 291.4 295 304.5 310.4 318 317.8 327.3 332.2 338.7 350.6 368.1 389.7 406.7 421.4 423 436.5 465.4 484.4 505.6 524.9 543.1 555.9 555.6 552.7 549.4 544.8 539.1 535 528.6 520.6 517.8 516.8 518.9 523.5 528.7 530.3
211.5 209.1 205.7 207.4 207.1 205.8 205.5 205.1 204.2 205.1 205.9 206.2 209.2 213.6 216 217.5 219.5 218.4 211.4 216.5 217.8 220.3 221.2 222 222.1 223 224.9 226.7 226.5 229 230.3 235.1 238.2 239.5 241.3 251.7 253.5 253.5 256.2 264.2 269.3 277.4 280.6 288.3 296.3 304.8 313.1 317.6 326.4 333.6 338.5 348 364.9 381.3 395.3 409.3 414.6 430 445.6 459.2 483.2 502.7 516.4 521.8 521.8 520.4 520.9 518.2 516.6 515 507.2 502.2 499.4 498 500.1 505.4 511.2 511.7
204.8 202.8 202.4 204 204 201.2 202.4 202.7 202.7 204.6 204.9 205.9 209.6 213.4 216.8 216.5 214.6 213.3 212.7 213.3 213.9 216 219 222.2 221.5 218.9 221.9 223 223.4 225.6 227 230 229.8 232.1 237.5 239.9 242.8 246.5 250.7 256.6 262.1 263.8 273.5 284.2 287.7 296.4 311.2 318.3 326.1 334.3 340.3 346.9 358.7 372 382.7 398.7 415.3 428.5 437 441.2 453.1 467.1 481.1 494.3 498.2 498.5 496.4 494.2 496.2 495.9 486.4 486.6 481.7 476.1 479.8 484.7 489.3 491.1
200.6 199.6 199.8 199.7 199.3 200 201.3 201.4 202.1 203.7 205.3 206.2 210 211.3 214.8 213.6 211.6 209.1 211.2 212 214.2 217.2 218.4 220.4 217.4 219.1 223.2 225.3 228.7 232 232.7 233.5 237.5 243.6 253.3 245.6 247.2 248.2 254.6 256.3 261.7 268.3 278.4 284.2 293.3 300.8 308.1 316.9 323.7 333.6 339.5 346.3 356.8 370.5 380.3 394.2 414.8 422.4 422.6 430.6 441.6 440.5 456.1 470.5 477.6 477.9 477.7 477.7 478.1 473.7 468.9 469.3 465.1 460.4 463.1 465.6 468.4 469.1
198.7 194.2 195.4 196.6 197.1 198.6 198.5 198.3 199.8 201 202.7 206 208.7 205.9 205.3 205.6 207.9 209.5 212.6 214.7 215.3 215.9 217 216.8 220.2 223.9 226.4 232.6 238.5 242.9 245.9 248.9 255.8 269 272.7 263.4 260.2 261.8 258.7 263.3 270.8 274.7 280.3 284 295.5 302.6 309.1 318.9 328.6 336.7 344.5 352.9 361.2 369 380 393.5 402.7 407.1 407.5 418 434.2 437.4 451.7 457 460.2 461.5 462.5 461.6 461.8 458.5 456.2 453.4 452.5 450 448.3 452.4 452.9 451.9
193.3 196 196.4 195.2 195.8 196.9 201.4 199.8 199.6 200.8 200.6 202.5 205.9 207.1 208.4 212.3 212.5 213.8 213.6 220.9 222.3 222.7 227.7 231.5 233.2 239.3 244.1 254 259 263.7 269.8 275.2 280.1 285.9 288.6 285.1 281 280.8 278.9 275.4 282.5 286.3 291 295.8 298.7 304.3 312.9 321 329.3 336.7 344.9 352 363.8 371 381.1 396.2 399.3 399.4 402.1 412.1 417 423.5 433.5 443.2 449.2 451.7 452 450.9 451.5 447.9 446.3 445.7 444.7 443.5 439.1 439.4 440.9 440.9
198.7 197.1 198.2 199.4 200 202.1 203.4 202.9 203 205.4 207.4 209.6 212.5 215.4 217.1 224.3 224.8 224.7 224.8 231.4 237.5 238.7 241.6 246.6 247.9 259.9 282.8 287.7 287.3 291 297.6 300.3 301.2 302.8 302.7 305.2 302.6 304.4 300.4 296.7 296.9 300.1 300.7 305.3 305.1 310.3 318.8 327.6 335.7 341.2 347.4 358.5 364 371.4 382 392.7 395 398.2 407 419.3 416.4 423.2 431.8 441 447.4 451.4 451.2 450.2 447.7 443.6 442.2 441.2 440.7 442.6 437.2 431.7 431 430.1
204.7 205.3 204.1 204.6 205 207.1 208.1 209.4 212.2 214.8 219.3 220.5 223 225.8 230.5 229 232.5 234.2 235.7 243.6 253 254.8 258.5 264.9 270.2 280.3 294.7 301.1 306.2 311.3 314.6 316.5 320.2 320.2 320.1 320.7 321.5 322.3 318.7 314.4 313.8 314.4 314.2 314.2 318.5 324.2 330.7 336.5 343.2 349 353.7 361.4 370.3 376.9 390.1 398.8 398.4 402.1 414.2 423.3 425 433.4 448.1 456.4 458.1 459.1 460.1 459.4 455 447.4 443.8 443.5 441.5 435.1 432.4 424.9 419.8 420
210.6 216.8 213.7 214.1 212.8 215.4 215.8 218.8 223.8 223.8 227.7 230.9 232.2 233 234.6 235.4 239.4 241.6 250.6 260.9 267.7 271.1 274.4 280.9 285.4 295.7 303.3 312 318.4 329.2 328 330.5 336.8 333.8 333.8 336.6 337.6 337.1 330.5 331.5 331.8 332.2 331 330.9 331.7 334.3 340.7 347.2 348.6 354.7 361.3 371.1 377.9 385.9 399.9 410.8 408.8 411.3 422.8 431.3 432.1 443 456.2 467.1 474.4 474.7 476.4 467.5 462.7 455.7 448.7 451.3 447.2 441.8 437.4 433.3 430 424
215.8 219 218.8 218.7 220.5 221.4 223.6 229.4 233.6 232.3 236.6 237.7 237.4 236.9 243.8 251 255.5 259 265.6 273.7 284.9 286 292.2 293.8 304.2 311.1 313.7 321.7 331.3 338.6 340.8 345.5 346.8 349.8 349.1 349.4 350.9 349.9 340.9 345.7 350.8 346.2 346.4 347.4 347.8 344.6 346 350 357.3 364.7 372 382.9 390.7 398.6 410.9 418.9 421.7 424.9 435.1 444.5 444.6 447.5 460.6 471.2 476.6 476.9 479.8 472 465.8 458.2 453.4 454.4 450.3 445.3 440.2 431.9 427.2 424.9
217.5 220.3 221.2 223.1 227 228.5 232 234.3 236.8 241.7 243 243.6 245.8 248.1 255.2 261.8 268.2 276.5 282.1 290.2 299.8 309.4 309.2 311.7 323.8 329.8 331.7 337.5 344.1 350.4 352.2 355.6 363.6 361.2 359.2 361.8 362.6 362.5 347.7 360 360.1 359.4 365.4 362.7 360.1 354.8 353 357.4 364.7 370 381.9 396.3 405.3 412.9 420.5 426 432.7 444.5 459.5 459.2 454.4 462.1 473.8 479 480.4 486 482 467.7 461.1 457.6 454 449.6 446.1 442.1 436.6 430.9 427.9 423
219 222.7 227.7 229.6 232.9 233.3 236.9 240.5 243.3 252.8 251 247.7 255.7 260 264 269.6 278.1 288.7 296.8 303.6 312.6 323.1 326.2 327.3 342.8 346 349.4 354.4 369.9 376.4 375.2 376.3 373 372.3 367.6 368.7 369.4 368.4 365.7 367.4 366.2 368.5 374.7 374 371.9 368.2 365 376.7 380.6 383.8 396.3 410.9 420.1 424.4 430 441.9 454.8 468.4 481.2 482.2 479 485.4 491 494.1 491 493.3 487.8 470 453.6 450.4 446.1 443.3 439.4 434.7 427.3 426.8 423.4 417.2
224 227.4 229.8 236.9 238.2 238.7 241.3 246.6 249.7 255.5 257 254.9 261.8 267.7 273.2 281.1 295.2 305.7 313.2 319.5 324.5 332.9 340.2 352.4 359.8 363.5 365.9 371.6 377.8 384.8 384.2 386.3 382.6 381 377.8 378.2 375.5 372.2 370.5 371.9 370.3 378.9 383.4 383 383.8 380 380.6 387.8 387.2 395.3 410.4 428.4 433.9 440.2 452 467.8 482.8 481.8 494.8 503.3 501.5 500.6 501.7 502.9 501.3 497.3 485.4 470.1 459.1 451 445.8 438.5 431.8 426.4 420.3 416.6 411.1 403.3
226.3 229 232.7 242.4 246.8 245.4 247.2 249.4 252.9 257.5 264.6 268.4 272.5 280.3 287.2 299.8 312.3 321.3 333.2 338.6 346.4 347.6 349.2 357.2 364.1 373.6 373.4 381.1 386.2 394.7 398.9 395.6 391.2 386.7 387.8 386.1 382.6 377.4 375.9 375.4 375.6 386.9 388.3 391.1 391.2 387.8 394.1 395.4 398.9 401.5 421.3 439.9 454.3 457.1 469.8 482.3 491.1 499 509.6 521.4 518.4 515 510 509 507.6 496.9 485.6 474.5 460 452.9 446 437.6 430.7 421.6 416 406.2 385.9 377.7
225.5 228.3 234.1 239.8 246.1 246.7 247.9 252.4 257.9 265.5 271.9 280.8 295.7 313.1 322.2 325.5 338.4 343.3 348.7 353.7 358 359.4 366.2 370.1 378.3 381.1 384.9 385.1 393.3 404.3 406.5 403.3 402.6 396.5 391.5 390.4 387.6 383.4 383 380.6 381.3 391.6 393.4 395.1 394.5 393.3 395.3 395.6 399.1 402.4 424.3 449.2 472.3 475.2 487.6 501 508.4 511.8 518.9 526.1 528 523.1 516.5 511.5 508.2 495.5 486 478.1 462.6 449.7 440.7 435 424.8 414.5 407.7 400.2 385.6 362.5
224 229.1 240 243.6 247.1 249.2 251 256.5 262.4 272.4 285.8 307.1 328.9 347.7 368 371.9 372.8 375.4 377.6 374.4 372.4 375.4 382.5 392.6 392.9 389.7 391.3 398 403.3 405.3 407.6 405.3 404.6 400 393.4 391.2 387.8 382.9 385.7 386.1 385.4 388.7 391.7 394.6 393.7 392.9 392.7 393.6 393.6 401.7 431.4 455.1 470.6 481 499.2 513.2 524 529 534.8 540.2 534.9 527.7 520 512.5 501.7 491.9 483.1 475.5 459.6 449.9 442.5 437 419.5 406.8 399 381.7 366.9 349.3
226.6 232.1 239.4 248.1 250.6 253.2 255.4 263.2 270 284.6 313.6 345.4 369 381.6 389.6 397.2 396.2 394.6 392.2 390.4 391.3 394.8 403.4 410.4 410.9 414.6 417.8 417.2 411.2 418 415.6 411.3 403.3 402.9 397.2 390.3 387.8 385.7 383.6 382.6 388 388.5 388.5 391 391.2 391.8 391.9 391.7 392.6 407.4 428.9 446.4 462.2 478 504 516.2 531.6 545.4 551.1 552.4 544.5 534 523.9 515.1 504.6 490.5 480.9 470 459 451.3 443.6 435 419.3 406.5 388.4 370.9 355.9 334.7
227 232.7 241.4 252.1 259.6 256.6 262.3 272.3 286.8 308.5 342 369.4 389.1 403 411.8 415.5 413.9 411.8 409.3 410.3 410.2 411.4 422.6 426 437.9 440.2 445 441.1 438.3 438.3 429.9 417.4 414.1 401.4 396.3 391.3 388 385.8 384.8 386.5 386 388 387.3 387.3 389.3 390.9 390.5 391.3 394.1 406.7 423.2 436.8 454 474.7 489.2 504.4 523.1 543.1 552.4 559.1 552.3 543.7 532.5 523.4 512.4 500.4 488.5 473.5 463.4 453.3 446.2 434.4 423.9 406 379.5 366.5 342.3 319.2
