app/static/ascii/NC36.asc
ncols 200
nrows 200
xllcorner 230000
yllcorner 960000
cellsize 50
[rows 144 to 179 of 200, columns 81 to 161 of 200]
67 66.3 66.4 66.9 67.2 64.8 63.2 62.6 58.6 51.3 48.6 42 36.7 36.1 30.4 29.7 28.2 25.8 22 19.4 17 16.5 14.6 9.9 6.7 5.2 4.5 3.2 3 3 3.6 8.2 14.5 17.1 21.3 30.1 36.1 36.4 36.3 39.8 37.1 26.2 14.5 8.8 2.8 1.4 -1.7 -1.7 -1.7 -1.1 0 1.2 2.1 6.1 2.5 6 8.4 8.6 8.7 9.8 9.4 9.1 9 6.4 5.5 8.1 15.8 20.8 27 37.5 43.5 46.7 51.5 60.5 66.4 67.6 66 62.6 60.5 60.6 62.5
71.2 68.7 68 67.4 65.9 63.9 61.5 58.8 53.5 51.1 49.9 46.8 42.4 34.4 36.6 36.4 32.8 29.4 26.6 24.8 22.7 18.3 15.9 11.3 7.5 5.7 4.7 3.8 3.1 2.9 7.6 14.3 18.5 20.6 27.7 32.9 39 36.3 38.3 39.1 30.5 23.8 15.9 13.2 8.5 3.6 -1.7 -1.7 -1.7 -1.7 0.2 1.4 5.4 5.9 3.4 4.3 8.5 8.7 6.6 8.2 8.4 8.6 9.3 9.7 11.4 9.7 8 12.7 27.2 33.9 37.3 41.8 46.3 53.9 63.5 63.7 62.1 60 59.4 60.2 63.4
74.3 73.7 71.1 68.9 67.5 65.3 61.4 59 58 57.1 56.9 54.4 50.6 45.8 43.8 41.5 37.9 33.8 31.2 29.8 27.3 23.1 16.2 12.2 8.5 6.3 5.4 4.1 4.2 7.8 13.4 17.9 21.8 24.1 33.4 35.4 36.8 39 37.5 33.4 28.9 22.9 22.7 19.5 14.4 9.2 -1.7 -1.7 -1.7 -1.7 1.2 5.3 6.6 5.4 5.5 7.7 5.6 4.8 6.3 6.6 7.6 7.7 9.1 11.2 15.2 19.5 20.3 19.1 27.5 33 35.4 40.5 45.9 50.2 59.3 60.6 59.2 58.5 58.4 59.6 64.8
80.8 80.7 76.8 74.1 72 68.7 66.4 65.3 64.8 64.4 63.4 61.2 57.1 53.4 52.6 48.8 44.4 41.6 38.9 35.4 32.1 26.8 19.9 13.8 11.1 6.7 5.6 5.4 7.6 14 16.7 23.1 25.5 29.4 38.1 38.2 37.1 38.6 40.4 37.9 32 32 27.2 22 17.9 11.9 -1.7 -1.7 -1.7 -1.7 5.7 6.5 6.1 5.5 7.2 9 8.8 9.1 9.7 12.1 11.4 9 10.1 15.9 19.7 24.9 24 26.7 30.3 33.8 36.7 38.6 46 49.1 54.7 57.4 57.4 56.9 57.8 58.9 65.4
86.4 86.2 83.5 80.6 77.5 73.3 71.9 70.7 70.8 69.5 68.4 69.5 65.9 66.3 60.8 57.3 51 49.1 45.7 41.2 36.8 31 23.1 16 15.5 7.6 6.1 7.8 14.8 17.6 21.9 29 29.8 36 39 39.3 39.7 40.4 40.6 38 39.7 37.8 32.1 27.2 21.7 14.2 2 -1.7 -1.7 7.8 5.7 6.3 6.1 6.6 8.5 8.6 9.4 10.3 12 13 13.6 11.7 16 20.5 23 29 24.9 25.8 32.1 36.8 37.4 38.7 44.7 49.3 54.3 55.5 54.9 56.1 58 62.3 66.1
90.1 89.4 87 84.2 81.4 79 78.6 79.4 78.9 77.6 77.4 79 84.5 75.5 69.8 63.8 58.4 55.4 53.5 46.5 39.9 32.7 27.2 20.7 15.1 8.9 6.9 14.2 20.1 22.7 27.2 31 35.1 38.3 40.9 41.5 42.7 42.3 39.5 45.6 47.2 42.8 36 33.2 26.1 17.5 9.1 2.4 -1.7 4.7 6.4 6.7 6.5 8.3 8.9 10.1 9.8 11.5 15.4 15.5 15.5 18.4 22 24.3 25.5 27.7 24.5 26.6 30.5 36.2 38.5 42.9 40.7 46.8 53.5 53.6 54.1 56.7 59 63.8 68.2
94 93 91.5 88.1 86.9 87.6 87.3 88.1 86.6 86.6 86.7 88.2 88.9 83.8 80.1 67.1 64.4 63.9 59.1 51.2 42.9 36.1 31.9 23.6 16 9.1 10.5 20.1 25 26.5 31.5 36.1 40.2 41.8 42.1 44.3 45.2 43.8 47.4 49.7 51.5 46.5 40.8 35.3 25.9 16.5 6 4.4 -1.7 5.2 6.4 6.2 6 8.9 9.9 10 12.1 16.2 18.8 19 18.4 22.2 24.5 26.9 29.4 27.7 24.8 24.2 30 35 39.3 42.9 41.6 43.3 48.8 50.5 53.1 57 60.5 65.6 69.5
97.9 97.5 97.2 95.7 95.6 97.1 98.3 98.4 98.4 96.7 97.8 96.3 93 89.1 80.6 70.8 70.9 71.1 65.2 55.5 46.4 39.2 34.2 25.6 16.5 10.1 16.8 24 28.5 32.8 35.7 39.7 43.6 44.1 45.3 46.6 45.3 45.6 50.9 52.1 54 51.5 47.9 37.7 23.6 11.9 5 2.3 -1.7 6.1 6.7 6.6 8.5 9.4 10.9 11.3 14.1 17.1 22.1 21.8 21.6 24.9 28.9 29.1 29.5 26.8 26 27.9 29.9 35.1 40.6 41.9 43.3 45.3 44.9 48.4 53.3 57.5 61.4 66.9 72.2
104.7 104.8 103.7 104.3 105.3 106.5 108.3 108.3 108.8 108.4 109.4 104 99.2 91.7 83.4 80.1 77.3 74.8 70 58.9 48.5 41.1 34.5 25.9 18.3 13.5 21 27.9 31.5 36.6 40 43.6 47.2 47.4 49 48.3 47.1 50.9 54.6 53.7 56 56 51.3 38.5 20.5 7.7 5.3 0.9 -1.7 5.5 7.5 7.7 10.1 8.8 12 12.4 15.7 20 23 23.2 24 28.6 31.6 31.9 30.1 27.9 28.3 29.1 30.7 35 39.8 41.7 45.6 48.5 47 48.7 53.8 58 63.2 68.1 73.7
110.2 112.9 112.3 112.6 114.8 117.2 118 119 123.9 132.3 118.4 111.5 104.4 99.8 96.1 91.4 86.8 84.9 74.7 60.6 49.5 41.5 34.1 25 20.1 19.4 25.7 31 35.1 40.5 44.3 48.1 49.9 50.3 50.9 50.5 49.4 56.2 58.6 57.8 62.3 58.9 49.3 34.1 17.6 7.8 6.2 2.1 -1.7 -1.7 7.8 9 10.9 11.2 12.3 13.9 18.1 21.2 24 25.7 28.4 31.3 33.4 33.4 27.9 28.1 28.3 29.4 30.8 34.7 39.4 42.2 45.6 47.5 47.8 49.6 54.7 60.1 63.5 67.4 72.3
117.9 119.4 120.8 122.8 125.3 128 128.4 133.3 135.2 132.5 128.4 121.5 114.3 114.9 107.9 100.1 98.9 94.1 75.3 60.8 49 40.2 32.8 25.2 21.7 24.3 28.8 33.2 38.5 43.7 48.5 50.8 52 52.5 52.8 53.1 53 59.6 61.6 63.1 66.2 60.4 46.7 27.7 17.7 7.5 5.6 -1.7 -1.7 6.6 6.2 10.4 11.3 12 13.3 15.7 19.5 22.8 26 28.7 31.5 34.8 38.3 34.9 31.4 29.9 27.5 29.6 30.8 35.1 40 41.3 45.5 47.6 48.9 50.8 55.3 59.3 64.7 68.8 71.2
126.7 127.4 130 132.9 137.3 139.5 143.3 145.6 147.1 146.1 138.1 132.6 132.3 125.2 115 112.8 106.2 93 75.7 59.2 47.3 37.5 32.4 25.8 23.7 26.8 31.7 35.3 41.5 47.5 51.5 53.9 55.2 55 54.6 55.4 57.5 62 64.3 66.6 68.8 63.3 44.7 30.7 16 7.4 5.7 -1.7 -1.7 6.8 6.9 10.5 12 11.8 14.4 17.7 21.6 24.8 29.3 33.7 35.8 43.1 41.9 36.6 32.2 29.9 28.8 30.4 31.5 34 39 41.1 45.1 47.9 49.5 52.1 55.2 60.7 65.7 69.5 74.3
134.6 137.7 144.3 146.2 152.8 154.4 156.4 160.7 158.4 155.9 149.2 152.7 143.7 130.4 120.4 118.8 111.2 87.7 72.1 55.1 44.2 34.4 29.3 26.9 24.1 29.4 33.9 39.4 44.6 50.2 53.4 56.3 57 56.6 56.5 58.2 61.2 64.8 67.3 69.8 69.6 56.4 40.8 27.1 14.2 7 -1.7 -1.7 -1.7 6.7 9.2 11.6 13 13.3 16.2 21.1 24.1 27.8 31.8 37.3 47.1 52.3 43.6 42.1 35.1 32.3 30 30.5 32.6 34.2 38.4 41.4 45.2 48.1 49.4 54.2 56.9 62.1 66.9 71.2 79.8
148.4 154.2 157 161.4 164.9 169.6 174.6 169.6 166.4 161.3 154.2 152.7 144 128 123.5 117 109 85.6 63.3 52.1 41.1 31.7 29 26.4 26.5 30.9 36 40.8 47.5 53 55.9 58.1 59 59 59.3 62.1 64.8 67.4 69.4 70 66.6 52.2 36.8 22.9 13.8 9.5 -1.7 -1.7 -1.7 7 11.8 12.8 12.7 14.4 19 24.9 28.5 30.8 34.8 43.9 55.3 50.6 48.6 45.9 41 35.8 32.4 29.9 32.9 34.3 37.5 41.3 45 47.9 50.2 55.2 58.4 63.8 69 74.6 84.6
163.1 170.8 172.1 177 179.7 183.1 181.5 177.9 178.8 172.9 156.8 150.3 137.8 131.2 122.6 110.4 96.5 74 56.8 47 36.3 30.8 28.3 26.7 27.4 32 38.2 43 49.2 54 56.8 59.2 60 61.1 63.5 62.8 67.2 71.1 71.7 66.9 59.7 48.7 35.5 22.9 14.5 10 -1.7 -1.7 -1.7 10.3 12.7 13.2 14 17.2 21.1 26.8 30.2 35.3 46.2 52.7 55.7 55.1 52.8 48.7 45.8 42.4 38.6 31.6 32 32.7 35.7 38.2 41.4 46 50.4 55.2 59.8 64.7 70.6 76.7 86.4
185.3 187.3 190.1 187.5 190.4 192.3 189.2 190.7 184.4 165.2 153.2 141.4 136.2 127.1 117.1 102.1 84 64 51.6 41.3 34.3 31.1 28.6 28.6 29.7 33.7 40.5 45.1 50.2 55.1 58.6 60.4 61.6 63.6 64.3 64.4 68.3 69.9 69.9 64.8 57.5 45.3 34.4 23.8 15.3 13 6.6 -1.7 -1.7 11.2 12.9 14.2 15.4 20.9 23.4 30.9 41.6 51 52.8 57.7 59 60.4 56.2 52.2 47.9 45.9 42.2 36.2 33.9 35.7 35.2 38.9 39.2 41.2 46.7 56.1 63.4 69.5 72.1 79.6 87.3
205.7 202.8 204.9 199.1 199.8 199.3 199.6 190.3 173.3 157.6 147.5 138.6 132 121.2 109.8 92.4 74.1 56.1 46.1 38 33.8 31.5 29.4 30.9 31.8 36.1 42.6 46.5 52.4 56.8 60.8 62.3 63.6 64.5 64.8 64.1 66.8 67.4 66.2 60.8 52.3 44.7 34.8 23.4 19.3 14.3 7.8 -1.7 -1.7 11.5 13.3 14.2 16.6 23.8 28.3 37.7 48.3 52.9 55.2 60.6 69.1 65.4 59.3 54.6 51.4 48.9 41.2 36 35.2 36.6 38.6 41.7 46.3 49 45.2 56.4 65.5 71.8 74.4 81 88.1
217.8 213.2 210.9 205.4 203.7 202.6 196.8 183 165 151.8 143.7 134.3 126.4 114.6 102.8 81.8 66.5 51.8 43.3 37.1 33.9 32.2 30.6 32.9 33.7 37.2 43.1 48.5 53.3 57.4 61.1 63.7 65.5 64.8 63.2 62.6 64.4 63 61.2 55.1 49.4 40.4 31.4 27.6 23.1 13.8 8.2 -1.7 -1.7 11.7 12.8 15 19 26.9 37.1 43.8 49.4 55.3 59 64.1 71.5 68.4 61.4 57.8 54.5 47.5 42 34.9 34.7 36.9 41 44.3 48.6 53.2 55.4 47.3 61.8 70.8 76.8 81.6 87.4
223.6 217.1 212.6 205.5 201.4 196.8 188.4 172.5 158.2 148.5 140 132.6 120.4 106.5 90.4 73.1 59.4 49.4 40.2 34.9 33.6 32 32 33.9 35.3 38.5 44.1 48.8 53.7 58 61.3 64 66.2 63.9 62 60.7 61.6 60.6 57.4 51 45.5 37.6 31.3 29 21.5 14.7 9.1 6.1 -1.7 10.1 14.4 17 25.5 30.9 40.1 47.4 53.7 57.7 62.4 69.1 70.9 67.6 63.2 61.4 54.6 48.4 40.2 34.7 36.3 38.3 42.9 46.9 52.3 57.8 58.9 63.7 53.8 67.7 79.1 82.7 87.9
223.8 215.9 210 203.9 196.3 186.5 180.7 163.7 153.8 143.6 134.7 124 109.7 93.8 80.4 67.4 55.5 46.6 37.1 34.9 34 34 33.8 34.5 36.5 39.7 44.5 48.9 53.7 57.8 61.1 63.3 63.8 62.7 61.5 59.7 57.9 55.7 52.1 46.2 40.2 32.3 29.7 26.1 21.2 17.1 9.2 -1.7 -1.7 11.7 14.4 19.4 28.7 35.5 44 50.7 56.2 60.5 66.3 70.6 70.7 66.9 66.6 62.2 56.2 48.8 38.7 35.4 37 40.4 44.4 49.6 54.4 58.8 63 68.3 75.1 67 82.6 88.7 88.8
221.6 213.2 208.4 201.4 189.1 179.3 168.2 158.9 146.4 136 127.3 116.5 99 86.9 73.6 60.7 52.7 44.9 36.8 35.7 35 34.9 34.7 35.2 36.7 40.7 44.8 49 53.8 57 60.3 62.1 62.4 60.6 59.2 58.1 55.6 52.5 48.3 41.7 35.3 29.8 28.3 25.3 23 19.3 11.9 -1.7 -1.7 12.9 17.4 23.4 32.4 39.7 47.8 54.4 58.9 63.5 68.9 71.7 71 68.8 69.8 62.6 56.3 48 38 36.1 38.1 41.8 47.5 53 57.3 60.8 65.6 74.9 79.4 79.2 75.5 90.6 91.9
218.1 210.9 203.2 191.2 185.1 171.8 161.8 151.2 139.8 130.6 119.4 105.2 91.9 79.4 66.6 57.4 49 42.6 37.6 36 35.1 34.9 35.7 35.4 37.1 40.2 43.1 48.5 53.4 56.4 58.8 60 59.5 58.1 56.8 55.8 53.9 49.3 44.3 37.5 29.6 27.4 25.7 26.4 23.5 21.5 11.9 -1.7 -1.7 14.1 20 26.7 36.3 43.3 51.5 57 61.2 65.7 70.2 72.1 72.2 71.8 69 62.1 55.6 45 37.8 37.9 41.4 46.9 49.2 55.5 61.2 63.7 67.8 78.1 81.7 84.8 74.7 91.1 94.4
217.5 206.9 196.1 185.5 176.1 165.6 152.7 143.6 135.3 125.1 111.2 98.1 85 71.9 63.3 55 46.5 40.6 37.2 35.5 34.3 34.8 35.2 35.4 36.1 38 39.9 47.8 52.2 54.3 56.2 56.7 56.5 55.9 54.7 53.2 50.6 45.4 39.3 31.7 27.2 22 20.3 25.5 24.8 19.2 -1.7 -1.7 13.4 17.2 23.3 30.1 38.8 47.1 54.3 59 63.1 68.1 71.3 72.8 71.7 69.6 65.3 59.8 51.2 39.9 38.3 42.3 47.5 51.9 54.4 60 64.1 67 69.7 79.6 84.1 87 82.7 91.9 99.5
212.9 201 188.9 180.6 167.7 156.2 147.4 137.8 130.6 117.3 103.5 89.1 76.6 66.9 59.7 50 43.9 38.6 37 35.7 34.5 34.3 34.3 34.5 35.7 37 40 45.9 49.8 52.5 53.5 53.9 53.6 53.2 52.8 51 47.2 41.1 34.2 28.7 24.7 19.8 19.3 26.8 24.1 -1.7 -1.7 -1.7 15.2 19.3 25.7 32.9 42.4 49.9 55.1 60 64.4 68.2 70.4 71 69 65 59.8 53.4 43.5 39.2 42.7 46.4 52.7 55.6 59.3 63.6 68.4 70 73.4 83 86.9 91.3 91.8 94.7 102.2
204.8 193.8 181.6 172.7 159.8 151.4 141.7 133.4 124.2 110.4 94.3 82.5 74.2 63.3 54.5 49.1 41.6 37.5 35.9 35 33.9 32.7 32.3 33.1 34.7 36.5 39.5 43 47.4 49.1 50.6 51.3 51.3 51.4 50.6 47.5 42.9 36.5 29.8 25.5 21.4 17.5 17.7 20.3 -1.7 -1.7 -1.7 14.1 16.8 22.2 27.1 36.1 45.8 52.2 56.7 61.2 65.1 68 68.8 68.1 65 60.2 54.7 47.2 41.2 40.6 46.1 51.6 57.2 58.9 63 67.6 70.2 72.9 78.2 84.7 89.2 93.8 97.3 90.9 103.2
199.4 187.1 175 165.8 154.1 145 135.5 127 114.8 101 88.1 79.2 70.5 59.9 54.6 44.2 38.5 35.7 34.9 33.9 33.1 31.4 31.4 31.7 33.5 36.1 39.1 41.3 45.1 46.6 47.9 48.2 48.8 48.4 47.5 43.4 37.5 31.6 26.9 22.5 18.6 14.1 14.3 5.8 -1.7 -1.7 12.4 15.1 18.4 24.9 29 41.1 49.3 53.5 58.1 61.7 64.5 66 66.6 65.4 61.5 56.1 48.7 42.6 40.9 46.4 51.4 56.8 59.1 62.1 66.9 70.9 75.3 76.7 82.8 87.1 91.6 98.2 100.8 90.4 106.2
189.4 178.5 168.2 159.7 149.5 139 129.5 118.2 106.8 93.3 81.7 73.7 65.3 57.7 52.6 43.1 36.4 34.7 33.2 32.5 32 31 30.9 31.7 34.2 36.9 37.8 40.3 42.2 44.2 45.2 45.6 45.5 45.1 43 37.8 31.7 27.3 24.1 20.4 17.2 14 4.5 1.9 5 11.5 13.9 16.7 20.1 26.5 30.8 44.3 50.2 54.9 58.6 61.8 63.2 62.9 62.1 60.3 56.1 50.8 44 42.3 44 53.7 56.2 63.6 62.8 65.9 70.4 74.9 79.3 80 88.3 91.4 96.4 101.5 104.8 106.3 105.7
182 170.9 161.7 152.7 143.3 132.2 123.3 112.5 98.7 86 77.6 71.3 66.1 60.5 47.8 38.4 36.6 34.9 33.7 31.1 31.4 30.7 30.9 32.1 35.1 35.6 37.2 38.8 40.1 41.5 42.5 42.7 41.9 40.3 37.8 32.3 27.5 25 22.2 18.5 14.4 5.1 4.1 2.1 4.3 11.4 14.4 19.2 22.2 28.4 34.8 46.1 51.9 56 58.6 60 61 59.4 57 54.6 51.4 44.5 42.8 45 49.8 56.8 62 64.7 65.4 69.8 73.7 79.1 80.4 85.1 91.6 95.2 102.1 105.5 108.6 111.8 114.4
175.5 164.6 155.3 147.1 136.9 126.6 116.4 102.5 91.8 82.8 78.3 70.2 61.5 54.2 41.8 37.3 36.5 35.2 33.1 30.1 30.5 30.2 30.4 33 34.5 35.4 36.4 37.4 38.2 38.9 39.6 38.9 37.3 35 31.5 27.5 24.5 22.7 19.7 15.2 12 5.4 5.8 2.5 3.2 8.5 13.7 19.7 23.5 32.9 38.8 46 52 54.9 56 56.2 55.7 53.9 51 47.9 45.5 44.1 45 48.2 54.5 60.9 66.1 69.4 71 74.3 80 84 81.8 89.6 95.8 100.6 106.2 110.6 113 116.2 118.3
166.7 157.5 150.7 141.3 129.3 120 109.6 98.3 89.4 85.3 76.9 63.7 55.3 45.4 38.6 36.7 36 35.3 31.2 30.6 29.3 30.1 30.8 31.9 33.7 34.6 35.6 35.9 36.2 37 37 34.7 32.6 29.6 26.7 24.6 22.9 20.3 16.4 13.5 9.4 6 6.5 4.3 4.1 9.7 14.6 19.5 25.6 34.8 42.2 47.6 51.2 52.4 53.5 52.3 50.8 48.6 46.9 45.2 45.5 46.6 48.4 54.5 58.4 65.5 69.9 74.1 77.3 80.5 83.6 86 89.4 93.8 99.9 105.7 111.4 114.6 117.7 119.5 121.4
161.5 155.7 145.8 134.8 124.6 115.4 106.9 97.7 92.2 83.2 71.9 58.3 45.9 41.4 38 36.8 36.2 34.7 32.5 30.7 29.5 30.4 30.9 31.9 32.6 33.3 34.7 34.5 34.3 35.2 33.5 31.3 28 24.9 22.9 21.9 21 18.3 14.7 11.4 8.6 6.6 6.5 3.8 3.5 11.5 14.2 20 28 33.9 42.3 47.1 48.9 50.4 51.7 49.1 47.6 46.8 45.7 46.1 47.6 48.9 53.2 62 64.9 71 75.6 80.4 83.3 85.8 88.8 92.5 96.6 98.8 105 113.3 116.3 119.6 122.3 123.4 125.2
156.4 151.4 139.4 129 119.2 114.8 105 95.1 82.6 73.3 63.6 50.6 43.7 39.8 39.1 38.1 36.9 35 32.9 30.9 29.9 29 30.9 31.3 31.3 31.8 32.6 32.3 33.6 32.8 30.2 27.9 23.9 21.6 20.3 19.9 20.1 17.7 13.9 10.9 8.9 6.8 5.3 3.8 9.1 10.8 14.8 23 28.1 34.4 40.9 45.2 45.5 48.6 50 47.3 46.5 45.8 46.7 47.7 49.8 52.2 59.8 65.2 73.9 78.4 83 85.4 90.2 93.2 95.1 98.3 101.1 105.6 110.8 116.2 120.6 125.6 126.9 127.3 129.1
144.8 142.9 131 120.6 115.2 111.1 91.9 79.5 69.2 61.5 54.6 44.7 41.2 40.2 39.5 38.6 37.2 35.4 33.2 31 30.3 29 30 30.2 30.2 31 31.5 31.6 31.4 30.8 27.8 24.5 21.5 19.7 15.9 18.2 20.8 16.7 11.6 8.6 6.2 4.5 3.7 4.4 10.5 11.8 15.6 22.8 28.7 37.9 40.2 40.8 43.8 45.7 48.2 46.8 45.9 46.3 49 49.8 52.4 59.7 63.9 69.7 77.7 82.4 88.2 90.8 95.5 97.8 98.9 102.9 106 112.6 116 122.6 126.6 129.9 132.3 132.1 133.3
143.7 135 117.6 105.7 109.1 92.7 81.5 72.4 63.1 56.2 47.8 43.5 41.7 40.6 39.4 38.2 36.6 34.4 32.6 30.7 30.3 29.1 29.6 29.5 29.4 30.6 30.6 29.8 29.1 27.7 25.4 23.2 21.2 17.4 13.2 11.9 13.1 11.2 9.2 6.4 7.3 3.7 5.9 7.4 10 12.8 16.9 24.5 33.5 38.9 41.7 43.2 44.3 46.2 46.9 46.9 47.1 47.7 50.9 52.8 57 64.5 68.8 73.8 81.9 88.1 94.2 101.4 101.1 102.3 104.2 105.9 111.6 117.2 123 128.1 131.9 135.5 137.5 137.4 139.6
135.1 122.9 111.1 99.3 96.3 85.4 72.3 64.9 57.4 51 45.2 43.8 42.6 41.3 39.8 37.6 35.6 33.5 31.8 30.9 30 29.1 28.7 29.2 28.5 30.1 29.5 27.4 26.3 25.7 26 22.4 19.9 15 17.8 17.4 14.1 11 11.4 10.3 7.2 7 8 6.9 9.4 13.8 20.1 25.3 31.9 38.8 43.4 43.1 46.1 47.5 47.5 47.3 47.5 48.9 53.6 58.9 63.9 68 75.1 80.7 85.8 94.4 100.5 106.1 106.4 109.1 109.1 112.3 118.1 122.9 130.3 133.4 137.5 140.7 141.3 143.3 146.4
120.4 108.4 100.6 94.3 86.1 74.7 68.3 58.5 51.1 46.9 45.2 44 43.1 41.7 39.9 37.2 34.1 32.9 31.6 30.3 29.4 28.7 28.1 28.6 28.1 30.7 28.6 26.9 25.7 25.1 23.7 21.1 17 20.3 22.4 19 15.8 14.7 14.8 10 5.8 8.8 8.9 7.1 10.2 17.1 24.3 29 33.1 40.3 43.7 43.6 44.8 46.8 44.7 45.9 50.4 57.9 60.8 64.5 70 74.3 78.6 83.7 91.1 98.2 104.5 109.6 112.7 114.2 113.6 118.8 123.9 130.9 134.9 139.4 142.2 144.9 147.8 149.7 151.6
