app/static/ascii/NC37.asc
ncols 200
nrows 200
xllcorner 230000
yllcorner 970000
cellsize 50
[rows 152 to 189 of 200, columns 0 to 83 of 200]
67.7 80 90 99.1 106.9 118.2 128.3 134.5 139.1 143.1 146.7 149.7 152.8 156.3 159.7 164.6 169.8 172.6 175.3 179.9 185 189.5 193.8 195.7 197.5 199.4 203.8 205.3 205.8 208.1 207.9 209.9 214.9 227.4 247.5 262 271.2 277.7 280.4 281.1 281.2 279.9 278.2 275.3 274.2 274.4 274.4 274.9 280.4 286.8 288.6 287.8 289.5 283.8 271.6 254 233.1 218.9 210 191 167.5 133.8 107.9 87.4 81.8 82.9 84 83.8 75.3 68 2.4 -1.7 -1.7 -1.7 -1.7 -1.7 -1.7 -1.7 -1.7 -1.7 -1.7 -1.7 -1.7 -1.7
60.3 72.5 84.6 94.4 104.7 116 126.4 132 136.1 139.5 142.9 146.6 150.3 152.6 156.1 160.6 165.1 168.6 171.2 175.4 181.8 186.2 190.1 191 193.8 196.5 200 201.3 202.9 203.9 205.1 207.6 212.5 221.8 235.7 255.5 264.8 272.3 276 277.6 278.2 278.4 277.5 277.3 278.4 279 281.2 284.5 289.5 294.4 294.8 296.5 294.7 291.6 288.1 280.3 260.3 241.1 228.9 215.5 199.7 168 127.6 110.8 105.1 89.2 85.6 78.3 72.1 65.4 21.4 10.2 9.8 -1.7 -1.7 4.7 -1.7 -1.7 -1.7 -1.7 -1.7 -1.7 -1.7 -1.7
55.2 66.4 79.2 90.4 102.8 114.6 124.6 129.9 134.4 138 141.7 144.5 147.9 150.8 152.7 156.5 160.9 165 167.7 171.5 176.6 180.7 184.1 186.9 189.5 192.6 195.9 197.4 199 200.3 202.6 205.1 210.5 218.2 231.6 249.8 258.7 266.6 271.3 274.2 276.4 277.6 278.2 280.3 282.5 284.9 289.2 294.3 300 300.3 301.8 301.1 298.3 299.7 294.6 287.7 279.1 265.2 243.1 226.9 214.6 186.6 149.7 132.5 114 94.4 89.4 81.2 74.5 30.1 63 63.4 63.1 62.7 61.6 59.5 18.1 -1.7 -1.7 -1.7 -1.7 -1.7 -1.7 -1.7
42.9 56.9 75.7 88 101.3 113.3 123.7 129.4 134.9 138.5 141.5 143.8 146 148.7 150.6 152.7 156.8 160.6 164.1 167.8 171.5 175.3 178.5 181.6 184.9 188.3 191.8 194 195.6 197.6 200.1 204.2 209.5 216.7 227 240.1 251.4 259.3 265.7 270.7 274.7 277.7 280.6 284.9 289.7 294.3 302.4 310 312.6 311.8 310.3 309.6 308.2 304.2 297.8 289.8 281.7 273.7 257.8 241.1 218.9 191 159.4 133.6 116 99.7 97.1 85.6 67.9 70.1 68.1 68 66.7 67.5 67 64.5 54.4 30.4 0.2 -1.7 -1.7 -1.7 -1.7 -1.7
58 60.4 74 86.6 98.6 111.9 123.7 130.2 136.2 139 142 143.5 144.1 146.1 148.2 150.1 153.5 157.1 160.9 164.6 167.8 170.7 174 177.4 180.5 183.9 187.5 190.2 193.4 195.8 199 203.6 208.6 215 224.7 234.6 245.3 254.1 260.8 267 272.5 277.9 283.3 288.4 294.4 299.8 308.7 314.4 318.2 319.1 319.4 317.7 314.2 307.3 300.2 292.2 282.2 274.3 259.3 246.4 217 187.5 155.4 133.9 117.4 106.9 96.3 85.7 83.8 79 72.4 72.9 72.4 74.3 73.8 69.7 63.6 54.1 49.6 -1.7 -1.7 -1.7 -1.7 -1.7
60.4 56.4 72 83.8 95 106.3 120.2 127.5 135 137.6 139.8 140.9 141.6 143.5 145.6 147.6 150.4 154 157.7 161.4 165.1 167.5 170 173.2 176.6 180.4 184.6 188.3 191.8 194.9 198.4 203.2 207.9 213.5 221.4 230.4 239.8 251 259.6 265.9 272.8 278.5 284.6 290.5 298.5 307.2 320.5 325.2 326.7 326.4 324.8 322 318.6 311.7 302.8 293.4 282.4 273.6 255.4 235.2 209.7 176.3 151.1 136.3 118.8 104 95.4 89.6 88.6 85.7 79.1 78.4 78.4 76.7 73.8 70.8 65.6 60.1 54.2 47.6 -1.7 -1.7 -1.7 -1.7
64.5 68.4 66 81.4 92.6 102.2 112.6 123.3 130.2 133.7 136.6 138.4 139.1 140.9 143 145.1 147.7 150.9 154.7 158.5 162 164.7 167.3 169.7 172.8 176.5 182.2 187.9 191.6 195.4 199.2 202.7 207.3 212.7 220.2 228.1 236.9 249.3 258.4 266.4 273.4 280.5 287.8 295.3 305.8 321 328.2 331.1 331.9 331 329.2 326.4 322.5 315.4 303.3 293.3 280.5 267.7 244.1 224 196.7 169.1 149.4 130.7 114.9 106.1 100.1 97 96.6 92.5 85 80.2 77.2 75.3 72.7 71 67.7 62.1 57.7 51.1 42.9 23.2 -1.7 -1.7
71.8 72.7 76.9 75.2 89.7 99.1 107.4 116 122.8 127.6 131.3 134.5 136.6 138.3 140.6 143.3 145.8 148.6 152 155.7 158.9 161.8 164.9 167.5 172.1 177.2 183 188 192.2 196.4 200.1 203.9 207.7 213.1 220.1 227.9 236.5 247 258.1 266.5 275.4 283.9 292.9 302.7 320.1 330.7 333.2 335.1 336 334.3 331.6 327.7 323.3 315.7 302.7 288.8 274.2 252.5 234.9 211.5 183.5 166.7 148.3 125.9 116.6 114 102.4 104.5 104.2 96.7 89.3 80.7 78.5 75.7 72.5 71.8 69 65.5 59.4 54.7 47.9 42.1 2.2 -1.7
79.3 79.8 80.3 82.1 79.4 94.4 102.7 111.6 117.6 123.1 127.7 130.9 133.7 135.2 136.9 140.1 143 146 149.3 152.7 156 159.2 163.3 167.8 172.8 177.7 183.3 188.3 193.6 197.3 201.1 205 209.3 214.2 220.8 227.9 236.1 246.7 258.6 268.3 278.6 288.5 298.6 313.6 331.4 336 338.1 339.6 338.5 335.9 332 327.8 322.5 312.7 300.7 280.3 258.1 241.4 229.2 199.3 175.9 160.5 150.3 132.5 120.2 113.6 109.1 109.9 108.6 103.9 97 89.2 84.4 78.1 73 73 72.3 68.9 62.2 58.8 51.9 43.5 31.3 -1.7
87.7 88.5 89.9 89.7 88.3 82.9 97.1 107 113.6 119.4 123.5 127.4 130 132 133.5 136.5 139.6 142.9 146 151.3 155.7 160 164 168.5 173.5 178.5 183.4 189.1 194 198.1 202.3 206.4 210.5 215.7 222.1 229.3 238.2 248.5 260.5 270.8 281.4 292.9 307.4 328.3 337.7 341 343 342.2 339.2 335.8 331.4 326.9 321.6 308.5 291.8 266.5 247.4 234.3 219.7 194.5 175.7 164 152.1 137.3 121.1 116.3 118.2 117.9 114.5 111.7 109.4 96.6 90.1 82.8 77.2 75.7 76.2 69.4 63.7 62 56.3 47.2 40.1 -1.7
90.6 94.7 98.5 98.3 96.6 94.3 96.1 98.8 107.3 112.9 117.9 123.1 126.4 128.2 129.6 131.2 138.3 143.2 146.7 151 155.5 160.1 165.1 169.3 174.1 179.1 184 189.4 194.1 198.9 203 207.2 211.8 217.4 224.4 231.7 240.7 250.6 262.8 274.1 285.4 297.9 316.9 334.5 341.3 344.4 343.9 341.9 338.8 335.3 330.7 326.1 320.7 301.5 277.1 257.2 239.5 225.4 208.3 193.4 179.7 169.9 157.5 128.6 127.4 126.5 127.3 125.5 121.4 119.3 118.5 104.2 96.9 89.9 80.8 79.2 79.6 70.4 63.6 61 58.3 51.3 45.6 14.9
95.2 101.7 105 103.6 103.5 101.4 102.2 104.3 107.2 103.7 104.5 113.8 118.9 125.2 130.7 136.4 140.1 143.7 147.3 150.8 155.4 160.2 165.3 170.2 174.7 179.6 184.4 189.4 194.2 199.1 203.7 208.2 213.4 219.3 226.1 233.7 243.1 254.3 266.2 277.5 289.6 304.4 324.9 338.9 343 344 343 341.3 338.6 335.7 331.3 326.5 319.6 291.2 267.7 247.9 232.6 217.8 206.2 194.7 187.3 178.9 152.6 143.5 136.6 136.6 138.3 132.8 127.3 122.9 118.2 110 101 91 84.9 82.5 79.9 71.7 63.5 62.3 59.2 53.8 48.8 39.3
96.9 103.1 106.7 108.4 108.6 107.2 106.1 108.4 111.3 113.7 116.9 119.3 122.5 124.6 131.3 136.1 140.2 143.9 147.7 151.3 155.3 160.4 165.7 170.5 175.2 179.9 184.7 189.4 194.3 199.2 204.1 209.6 214.9 221.4 227.8 235.7 245.9 257.9 270.5 281.9 296.4 316.2 332.8 341.2 343.7 343.7 343.6 341.7 339 336.1 332 327.2 319.9 290 264.7 248.8 230 217.9 207.6 196.5 188.7 179.8 167.2 159.2 154.3 150.3 147.8 142.4 131.1 127.5 122.8 112.1 104 94.5 89.1 85.9 81.5 70.2 65.2 63.7 62.4 57 50.6 41.7
99.4 102.3 107.2 110.6 112.3 111.7 109.9 111.5 114.1 118.1 120.4 122.3 125.3 128.3 127 134.3 139.8 143.5 147.2 151.2 155.4 160.2 165.5 170.9 176 179.6 184.4 188.9 193.8 199.1 204.3 210.1 216.7 223.8 231.6 240 250.2 261.9 274.1 286.7 301.4 321.6 336.1 342.3 345.6 346.3 346.1 343.8 340.3 337.1 332.9 326.9 318.3 287 265.7 248.8 227.9 216.8 208.8 205.6 204.2 195.9 188.5 184 176 166.1 155.5 147.5 137.9 132.9 125.4 114.5 106.5 99.8 91.5 87.4 81.3 73.8 69.2 67.6 66.2 57.6 48 41.2
101.8 102.5 106.1 110.2 113.6 113 113.4 114.8 117.5 121.4 123.9 125.3 128.5 131.5 134.2 137.4 140 142.1 147.2 151 155.5 160.3 165.3 170.4 175 179.5 184.1 188.6 193.3 199 204.7 211.3 218 226.4 235 245.3 255.5 265.1 276.6 291.2 312.5 331.1 340.8 345.5 348.2 349.2 348.5 345.8 342.3 338.8 331.4 325.2 308.7 283.1 265.1 247.9 227.4 215.9 218.1 221.6 221.4 217.5 213.2 210.2 204.2 186.4 166.1 153.5 145.5 138 127.1 118 110.2 102.6 92.9 88.7 83.9 78.2 72.6 72 64.2 54.9 47.9 41.3
103.7 104.2 106 110.3 114.5 115 115.4 117.6 121 124.6 128 128.3 130.6 133.8 137.4 140.1 142.7 145.8 149.2 152.3 156.3 160.7 166 171.1 175.1 180 184.4 188.8 193.6 199.4 205.3 212.9 221.2 229.4 239.3 249.7 259.4 269.9 282.2 299.3 320 338 345.4 349.9 352.1 352.3 350.6 347.4 343.8 339.8 330.1 319.5 298.7 281.2 265.2 247.9 233.7 234.9 236.7 234.8 231 227 223.2 221.2 219.7 205.3 177.3 161 151.7 141 129 120.7 114.2 102.8 93.4 90.1 87.2 81.4 75.8 68.3 60.2 54.7 49.8 46.4
104.7 105.7 106.6 109.3 113.1 115.5 117.7 120.1 123 126.7 130.2 131.2 132.6 135.5 139 143.4 145.9 148.9 152 154.5 158.5 162.6 166.9 171.2 175.6 180.4 184.7 189 193.8 199.8 206.6 215.7 224.2 233.3 243.7 253.7 264.5 277.4 290.9 306.2 325.8 344.6 350.8 353.3 354.9 354 352 348.8 343.3 339.4 324.9 309.1 293.5 279.2 263.2 244.5 251.8 249.9 244.1 238.3 238.5 236.6 231.3 226.6 220.8 208.8 183.5 167 154.5 138.8 130.1 122.3 112.2 100.5 94.8 92.8 89.1 84 76.8 69.3 63.6 58.3 53.6 54.4
105.7 106.8 107.8 109.8 111.7 114.8 116.5 119.8 123.1 126.7 130.4 132.2 134.2 137.3 140.7 145 149 151.9 154.2 156.7 159.9 164.1 168.2 172.4 176.6 181.1 185.6 190.1 195.1 200.3 207.9 217.4 227.6 237.6 248.4 260.6 273.1 289.2 303.6 320.2 338.9 352.5 355 357.1 357.1 355.5 352.1 347.9 342.6 337.1 319.8 302.9 290.4 271.5 270.9 266.5 260.9 255.2 251.4 250.4 252.7 247.1 236.5 227.6 221.3 208.5 185.7 169.5 152.2 141.1 132.6 119.7 109.5 98.8 96.8 94.3 89.6 85.7 83.2 75.5 70 64.1 61.1 61.7
106 107 108.4 110.9 113.1 115.9 117.6 119.5 123.3 126.7 130.5 132.7 135.5 138.7 142.5 146.4 149.9 153.9 156.7 159.3 162.3 166 170.1 174.3 177.9 182.3 186.9 191.5 196.9 202.4 211.4 222.4 234.8 244.8 254.1 267 282.9 301.7 317.7 336.3 354.5 357.2 358.9 359.1 357.8 355.2 351.4 347.4 341.8 333.8 320.1 304 292.3 290.1 283.9 277 270.1 267 265.6 263.2 259.7 250.8 238.2 227.3 221.4 207.4 182 167.5 154.7 142.8 126.4 116.1 106.6 99.9 99 93.7 92.1 89.9 86.7 81 74.1 69.7 72.1 66.2
106.3 107.5 110.1 112.7 114.7 118.3 121.7 119.7 123.1 127.1 130.7 133.5 136.4 139.6 143.2 147.1 150.8 154.7 158.7 161.9 164.9 168.1 172.2 176 179.2 183.6 188.3 193.5 198.9 205.4 214.4 227.8 242.3 252.3 261.3 277.4 296 316.3 337.4 356.5 362.9 362.3 361.5 360.7 358.1 354.3 350.3 346.3 340.8 332.6 319.9 305.4 297.3 293.2 286.9 281.7 278 273.3 270 264.3 259.2 249.6 237 229.4 219.9 200.2 178.3 164 151.7 128.2 118.4 113.2 104.3 101.3 102 97.9 94.6 92.4 89.4 85.9 78.1 75.1 74.8 68.1
106.9 109.1 111.7 114.4 116.6 120.8 124.7 124.1 122.7 127.6 131.2 134 136.6 140 143.4 147.3 151.4 155.7 160 163.8 167.2 170.4 174 177.4 180.9 185.3 189.9 195.6 201.3 208.5 217.8 228.5 244.1 257.7 268.4 289.3 313.4 339.9 362.4 369.4 367.7 365.5 362.6 359.8 356.9 353.3 349.3 345.2 340.1 330.7 319.9 309.2 304 297.7 290.6 286.4 280.6 274.1 270.7 263.1 256.7 243.7 235.4 230.2 214.2 191.2 174.8 161 134.9 120.9 116.4 111.1 105.1 105.8 105 100.5 97.4 94.5 91.4 86.6 78.7 77.2 74.4 67.3
109 110.8 113.4 116.2 119.4 124.9 126.6 127.5 127 128.3 131.6 134.7 137.2 140.5 143.9 147.8 152.1 157.7 161.9 166.2 170.9 174.1 176.3 179.6 183 187 192.1 198 204.4 211.7 220.1 228.8 240 253.6 269.1 291.6 324.6 357.3 368.1 367.5 365.8 363 359.5 357.2 355.1 352 348.5 344.1 339 332.2 322.1 312.1 304.2 298.7 293.9 288.1 281.4 274.7 268.9 262.1 253.3 240.8 236.9 226 205.2 186.7 168.5 145.6 127.2 120.4 116.9 110.6 110.4 109.4 106 101.6 98 94.1 89 82 79.5 77.5 74.1 64.7
111.3 113.2 116.4 118.9 123.5 128.2 130.1 131.5 129.7 128.1 131.7 134.8 137.8 141.3 144.9 148.4 153 158.6 163.7 168.1 173.8 179.2 179.6 182.2 185.7 189.5 194.5 200.3 206 212.9 220.2 228.3 238.9 250.9 267.7 292.2 325.3 348.7 358.7 359.7 358.5 355.8 354 354.4 352.5 350.5 347.4 343.1 338 332.4 325.7 316 307 299.5 294.1 287.3 280.2 273.9 268.2 263.2 250.6 242.5 232.3 216.9 198.3 184.1 163.5 144.1 128.4 123.9 122 115.5 115.1 111.7 106.6 101.2 96.4 94 83.4 81.8 79.7 77.4 67.9 56.4
113.4 115.8 120.6 124.6 128.4 131.9 132.9 132.9 131.8 128 131.7 134.8 138.1 142.5 146 149.9 153.8 159.2 164.8 170.1 176.8 183.5 183.9 184.6 188.3 192 196.6 202.1 208 213.9 221 228.5 237.4 251.1 266.8 293.9 330.3 334.6 341.1 345.1 346 347.4 348.5 348.8 349.2 348.4 346 342.9 338.4 333.1 325.5 315.9 308.5 300.9 293.6 286.1 279.4 273.7 268.8 261 248.3 240.6 227 209.9 194.6 178.8 159.6 145.9 135.3 130.8 126.9 120 117.4 113.7 105.1 99.2 95.3 86.1 81.4 81.1 79.6 68.9 58.7 49.4
115.1 118.5 123 127.8 132.7 135.3 135.9 135.6 133.2 128.8 131.8 134.5 138.5 143.6 147.7 151 155 159.8 165.9 171.8 177.8 186.4 187.7 186.7 190.2 194.1 198.5 204.1 210 216 222.2 229.4 236.8 250.9 270.9 292.7 310.3 317.6 321.9 326.7 331.5 338 342.4 344.6 345.9 346.4 345.6 343 339.1 331.7 323.9 315.8 308.6 301 292.4 284.7 278.6 273 266.1 257.4 248.6 233.7 218.8 204.2 191.6 175.2 162.2 151.9 142.5 135.7 125.8 123.7 117.1 109.2 100.9 95.5 87.5 80.5 79.3 77.7 69.2 59.9 51.2 42.5
115.7 119.5 125.6 131 133.9 137.1 138.4 138 136.5 133.1 132.6 133.9 138.3 143 149 152.3 156.1 160.2 165.7 172.1 177.7 183.4 185.2 188.4 192.5 197.1 201.3 206 212 218 224.8 230.7 237.4 250.5 270 280.2 289.4 298.3 304.3 309.1 315 325.3 335.8 340.7 343.5 344.9 344.7 342.2 337.6 330.6 322.5 314.9 308.3 300.1 291.7 283.8 277.7 271 262.5 255.5 241.5 226 212.5 201.3 189.3 174.5 165.8 153.4 141.3 130.5 126.5 119.5 110.8 101.8 95.9 87.6 80.3 77.3 75.1 69.2 58.4 49.4 40.7 36.1
117.7 119.9 125.6 132.5 134.1 136.8 139.3 140.4 140.1 136 135.6 136.1 136.6 141.6 148.2 152.9 156.8 160.6 165.2 170 175.1 179.2 183.5 188.7 193.8 199.5 204.9 209.3 214 219.1 225.2 231.5 238.2 246.8 257.8 267.1 276.3 285.7 292.2 297.1 304.9 318.5 331.2 336.3 340.4 343 343.5 340.4 335.9 328.7 320.4 313.1 306.4 298.8 290.2 281.7 275.2 268.5 261.1 249.2 233.2 220.2 206.4 197.6 184.1 176.2 161.8 149.3 137.2 127.8 121.7 112.8 102.9 96.5 90 81.6 76.4 73.2 66.4 57.3 46.6 39.4 36.9 34.8
119.8 120.1 124.2 129.3 133 135.7 138.5 140.1 141.7 138 137.9 138.7 139.3 142 147.8 152.8 156.4 160.3 164.7 169.4 173.5 177.8 182.6 188.2 194.2 200.9 206.7 212 215.4 218.2 223.4 229.6 235.1 240 245.9 255.4 266.4 276.4 282.4 286.3 293.8 306.8 319.8 329.8 335.6 339.2 339.7 336.6 330.9 325 318.8 312.6 306.3 297 286.7 278.8 272.1 266.5 255.3 239.8 226.8 209.9 196.4 184.8 177.4 166.5 151.6 139.5 129.8 125.4 117.7 104.5 97 92 85.7 76.9 72.3 66.3 58.1 46.4 40.4 42.7 41.1 36.5
122 122.1 123.9 127.3 130.7 133.6 136.5 138.4 139.7 138.8 139.2 139.7 143.7 145.3 148.6 152.3 155.9 159.8 164.2 169.1 172.8 176.8 182.2 188.2 194.6 200.5 206.3 212.6 216 218.4 220.3 225.2 229.3 233.3 238.1 245.4 254.8 265 271.3 275.8 282.8 294.1 303.9 316.6 328 332.4 333 330.1 326.6 322.8 317.9 312.4 304 293.4 283.8 276.8 270.2 259.5 244.2 229.4 211.6 193.1 178.7 169.4 161.3 148.4 139 130.6 124.2 119 106.6 98.3 93.9 88.6 78.3 71.3 63.8 57.7 47.2 45.2 46.8 50 45.2 42.8
124.2 124.7 124.8 125.6 128.4 131.3 133.7 135.6 137.5 137.9 138.8 139.7 142.7 145.7 148.5 151.7 155.4 159.3 163.4 168.4 172.2 176.5 182.1 187.9 194.2 199.9 205.7 211.2 214.2 216 216.8 218.6 222.2 226.2 230.4 235.8 243.6 252.7 257.4 266.5 274.7 283.9 290.6 301 313.8 322.5 325.7 326.4 323.9 320.4 316.2 310.6 299.3 288.5 279.7 272.5 262.1 249.5 232.7 215.5 193.6 178.2 164.2 155 144.5 136.8 129.7 122.7 116.1 107.7 100.5 96.4 88.9 79 68.6 59.2 51.4 52.1 49.2 52.6 57.2 57.6 49.8 52.6
127.7 129.1 128.4 126.3 126.8 130 132.3 134.1 135.8 136.9 137.8 138.7 140.5 144.3 148.2 152.4 154.8 157.7 161.9 166.6 171.8 176.3 182.4 188.1 193.6 199 204.2 208.6 211.2 212.3 212.8 213.7 216.5 219.5 223.4 228.2 234.7 242.1 248.4 257.5 266.2 274.3 281.4 289.9 304.3 313.8 320.1 323.6 322.9 319 313.7 307.7 293.8 282.8 272.5 262.3 253.4 239.3 222 197.1 178.5 164 152.7 143.6 135 127.7 119.6 110.6 104.1 101.7 100.6 89.3 78.4 67.2 57.5 56.3 58.3 56.7 56.4 62.1 73.7 64.6 57.4 57.2
130.1 131.8 131.4 130.6 129.5 128.1 130.7 132.7 134.3 135.4 136.6 137.8 139.3 144 148.4 154.2 154.5 156.6 160.7 164.9 171 176.3 182.8 188.5 193.6 197.5 202.6 205.6 208.1 208.7 209.2 210.1 212.4 214.4 218 222.6 228.1 234 241.3 248.2 257.3 266.2 272.9 280 292.8 307.8 317.6 321.5 321 316.3 311 300.6 285.1 273.4 262.8 254.3 243.2 228.3 205.6 183.3 166.6 156.9 144.2 134.4 125.2 115.3 104.5 100.3 99.5 100.8 90.7 77.1 64 57 56.8 61.3 63.5 61.2 64.6 72.2 75.4 67.1 63.2 60
131.7 132.6 132.7 132.3 131.4 131.4 132.5 132.6 132.8 134.3 135.1 136.2 138.1 142.1 146.5 149 150.7 155.8 159.8 164.1 170.6 176.4 183.5 189 193.4 197.3 200 202.3 204.3 205.1 205.7 207.3 209 211.1 213.8 218 222 227.5 233 240 247.4 256.5 264.3 272.9 284.8 301.4 315.1 318.5 316.9 312 303.5 288.8 276.9 266.2 258.5 246.7 231.8 211.9 190.8 174.9 163.9 148 137.2 125.9 115.3 102.9 96.6 95.8 96.9 91.8 74 63.8 57.5 58.9 63 70.7 68.8 67.8 74 82.3 78.4 68.5 66.8 64.2
133 134.1 134.2 134.2 133.3 133.6 136 136.1 134.8 133 134.5 135.6 137.2 138.6 140.9 143.8 148.1 155.8 159.5 164.2 170.9 177.9 184.3 189.4 193.3 196.1 198.2 200.4 201.9 202.6 203.5 204.9 206.3 208.6 211 213.7 217.7 221 225.9 231.3 239 248.2 255.2 263.4 277.4 293.6 308.1 311.7 310 302.4 290.7 277.1 268.9 259.4 247.9 233 215.1 195.2 178.7 168.8 154.7 142.5 130.8 117.8 105.9 95.3 91.4 89.1 82.9 72.2 62.1 61 64.1 68.9 81.7 81.7 77.5 77.8 87.1 87.9 76.6 69.3 68.1 66.4
135.5 136 136.2 136.1 136.4 136.6 138.4 138 136.5 135 134.9 136.4 137.5 138.4 138.4 143.2 147.9 155.7 160.2 165 172.1 179.1 185.2 189.1 192.4 194.6 196.5 198.6 200 201.1 202.2 203.3 204.8 206.5 208.3 211.1 213.6 216 218.9 224.7 232 239.4 246.1 252.4 265.5 278.7 291.1 296.1 294.5 286.9 276.9 266.6 257.4 248.1 232.6 215.1 197.6 183.2 171.9 161.5 148.3 137.2 126.2 110.4 98.2 89.9 86.3 76.3 66.7 63.6 66.3 70.3 76.8 85.1 92.6 93.4 94.7 91.4 95.5 86.5 71.2 68.2 66.9 85.8
137.4 137.9 138.2 138 138.1 139 140 140.6 138.9 137.2 136 136.1 138.1 139 139.7 144.3 149.3 158.1 161.9 165.9 172.8 179.2 184.1 187.1 190 192.8 195 196.5 197.8 198.9 200.1 201.2 202.2 203.6 204.9 206.8 209.8 211 213.9 218.8 225.5 232.2 238.4 243.8 251.7 261.4 269.5 272.9 273.6 270.2 263.2 252.8 243.5 231.9 213.1 197 186.2 175.4 165.1 152.9 142.8 135.3 122.6 102.9 95.4 88.4 77 65.5 64.3 71.3 78.9 85.4 96 99.3 100.4 102.3 105.1 101 90.8 77.9 70.3 68.3 75.3 97.1
138.2 139.3 139.5 139.5 140.1 140.9 141.6 142 141.7 139.9 137.9 137.4 137.2 140.5 141.8 144.7 149.9 156.9 160.3 165.5 171.9 177.2 181.5 184.6 187.4 190 192 193.5 194.9 195.9 196.8 198 199 200.2 201 203.1 205.5 205.7 209.6 214.1 219.6 224 228.2 235 239.5 245.1 249.1 250.8 250.8 248.2 242.2 233.7 226.4 213.5 196.6 185.4 175.6 166.2 156.5 146.4 139 131.7 113.2 102.2 93.8 78.8 65.7 65.8 75.3 87.6 92.7 100.2 106.8 112.4 116.6 109 102.6 95.1 86 78 71 74.6 89.8 97.3
139 140 140.5 140.7 141.5 142.3 142.9 143.6 143.1 142.1 140.4 139.5 138 140.6 142.5 144.7 149.9 155.1 159.2 164.7 169.5 174 178.2 181.8 184.6 187.1 188.9 190.3 191.2 192.1 193.1 194.2 195.3 196.3 196.7 198 199.4 200.7 204.7 209.1 214.5 218.3 220.7 224.2 228.8 231.2 233.5 235 231.3 228 222.7 217.7 210.8 201.6 189.9 176.6 166.2 158.1 149 141.4 135.2 123 110.7 98 81.2 65 67 80.4 88.8 100.7 112.2 113.2 118.4 127.2 129.8 118.6 105 96.8 85.9 78.4 78.9 87.7 93.8 99.8
