app/static/ascii/NC40.asc
ncols 200
nrows 200
xllcorner 240000
yllcorner 900000
cellsize 50
[rows 140 to 174 of 200, columns 0 to 78 of 200]
138.9 144.6 150.1 155.3 158.8 163 167.3 171.6 174.7 177.1 179.9 183.9 188.2 191.3 194 196.3 198.7 201.1 202.8 202.5 202.6 202.3 200.7 198.5 195.4 195.1 197 194.7 194.7 197.3 194.5 191.2 189.7 185 185.9 186.2 185 184.2 180.6 176.4 174.2 173.3 171.5 169.4 168.5 165.5 163.2 160.2 157.2 154.9 152.5 150.3 148.2 145.1 143.2 143.5 145.4 148.5 147.2 147.8 149.5 152.9 157.7 161 165.4 164.1 164.9 167 168.2 169.2 170.1 172.4 174.7 177.9 180.6 182.4 183.7 185.7 185.3
132.7 138 143.2 148.1 152.9 157.8 162.2 166.7 170.2 173.2 176 179.5 181.9 185 188.5 191.9 195 198.1 200.8 201.1 200.8 202.8 201.9 200.6 197.3 195.4 194.2 191.5 190.1 189.7 191.2 191.4 186.9 181.9 179.1 178.8 178.5 177.9 175.3 171 170.6 170.7 169.9 168.4 167.4 167.9 167.9 163.9 159.5 156.5 153.6 151.3 148.2 145.2 142.5 141.2 142.2 144.7 144.9 147 148.4 150.9 156.7 158.3 160.3 166.4 166 166.7 167.4 168.8 169.9 171.6 173.5 176.2 179.4 182.3 182.6 185.3 184.4
126.4 131.6 137.5 142.7 147.8 152.7 157.4 161.9 165.3 168.3 172.3 176.4 179.2 181.4 184.3 187.3 190.5 193.3 195.7 197.3 199 202 204 204.6 202.6 198.7 195.6 191.2 187.7 186.1 186.5 187.3 184.7 180.1 178.1 176.9 176 175.6 173.8 171.8 170.2 168.4 165.5 164.3 163.8 165.6 166.1 163.9 159.8 158.3 155.7 152 148.3 145.3 142.8 139.3 140.2 140.8 141.6 146.3 147.7 148.4 152.7 156 157.5 163.9 165.3 164.1 167 169.1 170.3 171.5 174 175 177.4 184.2 182.4 183.9 182.5
120 126.1 132.7 138 143.1 147.8 152.6 157.2 160.3 164 168 172.2 175.8 178.3 181.4 184.8 187.9 190.1 192 194.1 196.5 198.2 200.5 201.5 201.1 200.9 197.8 194 190.7 187.1 184.2 182.4 180.6 179.3 177.4 175.9 174.7 173.7 172.5 171.1 169.1 166.7 164 162 161.6 159.8 159.4 158.1 156.4 155.9 153.5 150.4 147 145.2 142.6 139.3 138.2 138.4 139.7 139 141.6 144.3 146.6 150.6 155.5 160.7 161.3 161.9 163.9 168 169.7 171.7 173.4 175.5 176.6 182.6 181 181 181.5
115.5 121.3 127.4 133.4 138.2 142.9 147.7 152.3 155.8 159.6 163.6 168.2 171.5 174.1 177.2 180.4 183.5 185.6 187.7 189.9 191.9 194 196.9 197.8 197.9 197.8 198 195.7 192.4 188.9 186.2 182.8 180.8 179 176.6 174.8 174 173.4 172.7 171 169.2 166.7 163.3 160.4 159.5 157.8 156.2 155 153.6 151.4 150.5 147.7 145.9 143.5 140.9 138.3 137.2 137.2 137.7 137.1 138 140.3 143.6 146.7 152 158.1 155.6 159.2 162.8 168.3 171.7 170.8 174.1 175.9 177.6 178.9 179.5 179.8 180.3
112.3 117.4 122.7 127.6 132.5 137.4 142.4 147.2 151.3 155.3 159.4 164.3 167 169.4 172.5 176.2 179.1 181.5 183.9 186.3 188.6 190.4 193.2 194.4 194.9 195 195.8 195.6 192.7 189.7 187.5 185 182.6 179.5 177.2 175.4 174.5 173.8 173 170.8 168.7 166.4 162.8 159.3 157.5 156 154.1 152.7 151.1 148.8 146.6 145 144 142.8 140.2 137.4 136.1 132.7 134.1 134.2 134.6 135.5 137.9 143 148.4 154.9 152.3 155.1 162.2 166.7 170 166 168.9 171.7 174.6 177.5 180.2 181.3 178
110.2 111.7 116.9 121.5 126.5 131.5 136.3 140.9 145.4 151.9 156.4 159.9 162.5 165.5 168.9 172.8 176 178 180.6 183.2 185.6 187.8 189.8 191.5 191.8 192.5 193.2 192.8 192 189 187.6 186.2 183.7 180.4 177.8 176.3 175.5 174.5 173.8 171.4 169.2 166.6 163 159.5 157.2 154.8 152.9 150.6 148.7 146.7 145.1 144.3 143.2 141.9 139.5 136.5 134.5 130.9 132.3 132.6 132.4 134.2 135.2 136.2 140.7 148.6 148.6 152.8 157.3 161.2 166 165.9 166.9 170.6 174.4 178.5 176.2 175.7 177
109.6 109.1 110.8 115.5 120.7 125.6 130.1 134.7 139.6 146.8 153.6 157.1 160 163 166 169.6 173.2 175.2 177.1 179.3 182 184.4 186.2 188 188.6 190.8 190.7 190.1 189.3 188.7 187.6 186.4 184.8 181.5 178.7 177.5 176.2 174.2 173.8 172.2 169.6 166.7 162.6 159.8 157.5 155.1 152.7 149.9 147.4 145.8 144.2 143.5 142.6 140.9 138.7 136 133.5 131.5 131.1 131.3 131 130.5 133.2 133.8 140.8 143.6 145.3 148.5 154.1 157.8 164.2 167.2 165.5 168.7 173.4 171.2 172.1 174.1 175.9
109.3 107.2 106.3 110.2 115.4 119.9 124.9 128.9 134 141 147.9 153.7 157.6 160.1 162.7 166.3 169.9 172.4 174.3 176.2 178.1 180.3 182.8 184.7 185.4 187.1 188.2 187.8 186.9 186.3 186.8 185 184.2 181.8 179.8 178.2 176.6 174.4 172.6 172.3 169.1 165.4 162.2 160.1 157.8 156.6 155.5 151.9 148.9 145.3 143.4 142.5 141.7 140.2 138.7 136.4 134.1 133.2 130.6 130.9 129.3 128.5 128.5 131.9 134.3 140.1 141 145.7 152.3 155.5 160.8 162.7 160.1 164.6 168.4 168.8 170.2 172 174.1
110 107.9 107.4 107.8 111.2 116.3 120.2 124 128.8 136.1 143.5 147.7 153.6 156.1 160.1 163.1 166.7 169.6 171.5 173.5 175.5 177.5 179.8 181.5 182.1 183.2 184.8 185.4 184.7 184 183.7 183 182.5 180.9 180 178.5 177 174.9 172.6 171 167.8 164.2 161.6 159.7 157.9 157.1 156.2 154.3 151.5 148.2 145 141.9 140.7 139.2 138 138 137.1 136.3 133.9 130 129 128.8 127.6 129.9 133.4 135.5 136.6 141.1 146.6 149.6 153.9 159.1 158.2 163.4 167.3 166.5 167.8 170.3 172.4
113.5 109.8 107.1 106.3 108 111.5 115.5 119.8 124.8 131.9 139.1 142.5 145.8 150.2 156.1 160.6 163.8 166.8 169.3 171.1 172.8 174.9 176.9 178.2 179.1 180.1 181.3 181.3 180.6 180.7 180.3 180.7 180.7 180.2 179.2 178.5 177.3 175.7 173.1 170.5 168.1 164.8 162.3 160.3 159.2 158.3 157.4 156.1 154.2 152 149.2 145.9 142.6 140.9 140.1 141 140.3 139.4 137.2 132.4 128.7 128 127 130.7 132.3 132.1 133.7 135.7 140.8 144.4 148.2 151.9 156.4 157.6 160.7 162.1 164.2 165.1 170.2
117.2 111.8 107.8 106.2 106.9 109 113.2 117.4 122.2 128.7 135.7 139 141.1 144.2 149.4 155.2 159.6 162.3 166 168.1 169.6 171.7 173.8 175.4 176.3 177.3 178.1 178.5 178.4 178.7 178.9 179.2 179.2 178.9 178.2 177.6 177 176.2 174 172.6 170.7 167.8 166.1 163.5 161.1 159.4 158.4 157.8 156.7 154.2 151.8 148.5 145.2 142.7 141.6 142.3 142.2 141.4 137.8 134.2 130.1 126.2 125.1 127.1 128.4 129.3 130.8 134.9 139 139.3 142.2 147.3 152.2 152.7 155.2 157.3 159.3 160.5 162.7
120.9 115.3 110 106.8 106.2 107.6 110.8 115.6 120.7 127.4 132.8 136 135.2 139.2 143.7 149.3 155.6 159.8 163.1 165.3 166.1 168.1 169.6 171.1 172.7 174.3 174.8 175.7 177.4 177.9 177.9 178.1 178.1 178 177.6 177 176.4 175.6 174.6 173.4 172.2 170.9 168.9 166.8 164.4 162.5 161.1 160.4 157.6 155.3 152.9 150.6 147.9 144.3 142.7 142.7 141.8 139.7 136.4 133.6 131 126.6 123.7 122.1 124 126.6 129.4 134 133 134 137.9 141.4 146.6 149.4 152 153.3 154.2 156 157.6
124.2 118.8 111.8 107.7 105.9 106.5 108.5 114.2 120.1 127.4 134.6 131.5 134 137.6 140.5 144.8 148.3 153.4 158.6 160.5 162.3 163.9 165.3 166.9 168.7 170.7 171.7 173.5 175.7 177.2 177.6 178 177.9 177.8 177.3 176.7 175.8 174.8 173.7 172.6 171.4 170.6 169.8 168.1 166.6 165.2 163.9 161.4 158.7 156.3 154 151.5 148.8 145.3 143.3 141.8 140.8 138 135.1 132.7 130.4 126.8 123.4 120.2 118.1 121.9 124.6 128.7 128.7 131.5 132.5 135 139.8 142.9 144.4 146.1 147.7 149.6 151.4
124.3 120.2 118.2 112.4 107.6 105.3 106.6 109.6 118 127.4 133.4 129.9 138.9 142.8 143.7 144 145.3 148.2 152.3 153.8 157 159.8 161.4 163 165 167.1 168.6 170.7 172.7 175 177.4 177.8 178.2 177.3 176.8 175.9 175 174 172.9 171.7 170.8 170.1 169.3 168.5 167.2 165.8 164.1 162.2 159.7 157.1 154.5 151.8 148.9 146.2 143.4 141.1 140 137.5 134.3 131.7 129 126.1 123.2 120.4 118.6 116.8 119.4 122.4 122.9 127.1 126 127.1 130.7 134.6 136.4 138.2 140.9 143 144.8
125.7 122.1 119 113.3 109.6 106.1 103.9 106.1 113.4 125.6 130.2 128.9 135.4 143.6 143.4 142.6 144.4 147.2 149.6 150.4 149.9 150.8 157.2 159.4 161.5 163.6 165.7 167.7 169.6 171.9 174 175.7 176.5 176.2 175.5 175 174.1 173.2 172.1 171.1 170.3 169.5 168.7 167.9 167.1 166 164.3 161.9 160.1 157.6 154.8 152 149.1 146.4 143.4 140.4 139.3 136.9 134.5 131.5 128.1 125 122 119.6 118.1 115.2 110.7 117 117.6 119.7 122.3 122.6 124.3 127.3 130 130.9 133.4 136.1 139.7
128.4 124 120.8 117.2 114 108.4 101.5 101.8 113.2 119.6 123.8 129.3 134.7 138.4 141.7 142.2 143.9 146.3 148.8 149.7 149.4 149.2 151.1 155.4 158.5 160.6 162.7 164.6 166.4 168.3 170.4 172.2 173.9 174.6 174.2 173.7 173.2 172.4 171.3 170.5 169.7 168.9 168.1 167.4 167.2 166.3 163.7 161.1 159.5 157.3 154.8 152.2 149.5 146.5 143.5 140.5 137.5 134.6 132.7 130.7 127.4 123.8 120.5 119.2 117.3 115.3 112.8 105.8 113.8 114.5 115.7 119.7 121 121 122.5 125 128.3 129.2 131.5
130.4 127 125.1 119.3 112 106.3 98.7 99.4 105.2 113.2 121.4 130.8 141 140.9 139.7 140.8 142.5 145.5 148.1 148.8 148.8 148.8 149.7 151.9 155.4 157.9 159.6 161.4 163 164.7 166.9 168.6 170.3 172.4 171.7 171.6 171.6 171.5 170.7 169.9 169.1 168.3 167.8 167.1 166.1 165 163.4 160.5 158.4 155.9 153.8 151 148.9 145.9 142.9 139.8 136.1 132.3 130 128 125.2 121.4 118.2 118.5 116.4 113.3 109.4 97.5 107.1 108.5 109.3 113.8 115.8 117.3 118.6 119.4 122 123.5 125.9
133.4 128.1 125.9 120.5 109.4 103.2 96.4 95.4 100.8 109.9 117.5 125.5 133 138.5 138.6 137.4 138.8 141.4 143.5 145.6 147.1 147.2 147.3 149.1 151.5 153.6 155.9 157.9 159.5 161.1 163.3 165.4 167.9 169.6 169.3 168.8 168.8 169.5 168.6 168.6 168.2 167.6 166.6 165.6 164.5 163.1 161.5 159.3 157.3 155 152.7 149.9 147.8 145.1 142.1 139 135.1 131.1 127.8 125.3 122.1 118.6 115.1 114.3 113.5 110.6 108.2 104.6 99 101.5 104.1 105.5 109.5 113 114.4 115 116.9 120.1 121.6
136.7 130.8 124.7 118.5 108.8 101.5 96.4 92.7 92.4 100.7 110.6 117.7 125.1 130.8 131.6 131 132.9 135.5 137 139.3 141.2 142.7 142.9 144.4 146.4 148.5 150.8 152.8 154.5 156.6 160 161.5 162.9 164.8 165.4 166 167.4 167.2 166.2 165.8 165.6 165.6 165.6 164.8 163.4 161.5 159.7 157.5 155.7 153.7 151.1 149.3 146.9 144.6 141.2 138.1 134.1 130.1 126.1 122.7 118.7 115.6 112.3 108.1 108.3 107.2 104.1 101.6 96.8 95.7 98.5 101.4 102.3 106.7 109.3 105.6 110.6 115.4 117.9
138.8 135.7 128.2 122.5 112 103 96 90.6 87.3 93.5 101 107.5 114.8 121.6 121.5 120.8 124.1 126.8 130.3 133.2 135.2 137.2 137.9 139.8 141.6 143.5 145.5 147.5 149.1 151.4 154.3 156.6 157.3 159.3 159.5 161.7 164.3 164.7 163.8 163.2 163.3 163.4 163.5 163.5 161.8 159.9 158 156.1 153.8 151.2 148.6 146.3 144.7 143.2 139.8 136.6 132.7 128.5 124.3 119.5 115.6 112 107.8 103.4 103.9 103.1 100.1 98.7 95.1 92 96.8 98.7 99.3 102.1 100.7 97.3 105.7 108.5 111.1
140.3 136.9 132.4 125.6 116.8 107 96.8 89.7 86.9 90.8 95 99.8 103.8 109.4 110.3 111.4 117 120.5 123.9 127.6 129.5 131.6 133.2 135.1 137 138.8 140.9 142.4 143.6 145.9 148.7 151.6 155.3 158.8 159.5 159.5 160.3 161.1 161.5 161.8 161.9 162 161.8 161.5 160.2 158.3 156.4 154 151.3 148.7 146.1 143.5 141.7 139.5 135.7 132.3 129.1 125.9 121.6 116.6 113 109.6 104.3 100.1 98.4 97.5 97 96.1 94.7 92.4 77.3 86.5 91.2 98.1 87.8 89.5 96.2 100.1 101.6
140.9 138.1 133.1 126.1 117.9 109.4 99.5 90.2 83.5 87.6 90.5 96.8 99.6 102.8 102.7 106.4 114.9 119.4 121.8 124.6 126.4 128.4 129.6 130.4 132.4 134.6 136.8 138.4 139.9 142.3 143.9 146.2 149.8 153.3 155.9 158.7 160.4 160.1 159.3 160.1 160.5 160.2 159.9 159.6 158.4 156.6 154.6 151.8 149 146.3 143.7 141.1 138.2 135.6 132.4 128.9 126.7 123.3 118.7 114.3 110.8 106.8 101 97 94.5 91.7 91.2 90.8 91.2 88.5 85.2 79.6 79.3 70.4 82.4 80.4 89.5 89.7 91.7
141 136.8 131.7 125.1 116.8 108.9 100.7 89.1 79.6 80.7 83 90.5 94.8 96.4 99.4 106.5 115.3 120.6 120.9 122.1 123.8 126.9 128.3 128.9 129.7 130.9 132.6 134.5 137.8 140.2 141.2 142.4 144.5 147.5 151 152.9 155.6 155.3 154.7 155.4 156.6 157.2 157.8 157.7 156.6 154.3 151.8 149.2 146.6 144 141.2 138.8 136.7 131.8 128.8 126.8 124.9 120 115.2 111 106.9 103 99 95.9 91.4 87.8 85.3 82.5 82.2 84.2 79.5 75.6 69.3 48.9 80 72.9 75.8 81.2 82.5
138.2 134.9 130.6 124 115.5 107.9 103.7 88 79.3 74.4 78.2 82.4 85.5 88.1 96.5 103.3 112.1 114.6 115.6 117.1 120 122.1 124 126.1 127.3 128.6 130.7 132.7 136 137.7 138.5 139.1 140.4 143.2 145.9 147.9 149.2 149.8 150 149.8 152.4 153 153.6 154.2 153.7 151.3 148.8 146.2 143.6 141 138.4 136.5 135.1 130.9 125 124.2 119.6 116 111.8 106.8 102.1 98.6 94.1 90.6 87.3 83.4 78.9 76.1 72.9 72.1 68.7 65.4 50.7 64.4 66.8 66.5 68.9 71.1 71.8
138.8 134.5 127.7 115.7 113.8 113.9 103.4 97.4 81.6 73.1 74.7 74.2 76.3 83.9 91.1 97.9 99.9 106.2 107.1 109.2 111.2 113.8 115.5 118.1 121 123.5 126.6 131.5 136.1 136.1 135.9 135.6 136.3 138.5 140.6 141.8 144.3 144.7 143.8 145.3 148.1 148.8 149.4 150 149.6 147.8 145.8 143.2 140.6 138 135.4 133.5 129.9 125.3 121 116 113 109.5 105 100.5 97.3 94 89.2 84.7 81.1 77.7 73.2 70.3 67.2 62.9 58.2 55.2 37.7 56.9 57.5 57.3 64.3 65.7 63.7
139.6 133.8 130.4 128.3 124 121.1 112 102.4 90 77.2 70.6 67 67 71.4 77.8 82.9 85.9 90.6 94.2 99.4 100 102.1 102.7 104.3 107.1 109.6 113.5 119.5 124.7 129.3 128.5 128.4 129 131.5 133.9 134.5 137.7 136.9 137.3 141.4 143.9 144.6 145.2 145.8 145.3 143.8 141.9 140.1 137.6 135 132.3 129.4 125.7 122.1 118.3 113.2 108.8 104.2 99.9 96.2 93 89.2 84.9 81.5 75.8 71.3 67.9 63.9 60.1 57 51.8 38.4 44 43.5 45.4 51.5 54 54.4 56.9
140.1 135.5 132.3 130.3 128.1 124.7 116.9 106.6 96.9 83.1 78.4 74.8 68.1 63.6 70 75.2 76.9 80.4 84.7 87.4 89.3 90.4 91.4 91.5 93.4 94.9 98.8 104.2 109.8 114.1 117 120.6 121.5 124.9 127.6 128.9 129.9 130.7 131.1 136.2 138.5 139.5 140.4 141.3 140.9 139.7 138 136.3 132.5 129.3 126.6 123.9 120.2 117 114.3 110.5 106.4 103.1 100.4 96.3 91.6 84.5 80 76.3 71.8 65.8 61.6 56.4 52.2 48.9 44.7 37.5 30.9 35 46.9 43.2 40.4 44.2 46.1
139.7 136.3 133.5 131.6 129.4 124.6 118.2 109.9 99.5 87.4 80.8 76.9 72.2 62.5 64.9 69 73.6 76.6 80.4 83.4 84.4 84.7 84 83 81.8 83.4 89.3 94.8 102.1 105.8 107.2 110.4 116 121.7 121.5 123.3 123.6 123.7 125.8 130.7 131.8 133.2 134.1 134 133.3 132.5 131.6 130.4 127.2 123.1 120.1 117.7 114.3 112.4 109.6 105.7 102.3 99.1 96.2 95.2 90.6 80.8 75.3 72.1 68.4 61.4 55.9 50.6 44.6 40.8 35.9 31.3 24.2 22.1 28.8 28.6 28.9 30.4 35
138.3 137.3 134.8 132.4 128 123.8 117.3 111.8 100.2 88.7 83.4 77.4 69.6 64.4 55 62.2 66.3 73.5 76.6 78.7 78.8 78.2 77.2 75.8 74.4 75.6 81.4 89.1 94.6 98.7 100.5 102.9 114.4 123.9 118.4 118.7 117.7 117.1 120.3 123.6 125.5 126.9 126.7 126.4 125.7 124.9 124 122.9 120.3 117.8 114.9 112.1 108.3 104.6 102.2 98.1 94.6 91.6 90.1 89 84.5 77.8 71.5 67.2 62.6 56.8 51.7 45.2 35 29.5 26 25.1 18.6 12.2 12 13.4 16.2 20.4 26.6
135.3 134.1 132.6 130.6 126.1 122.6 118.7 113.3 103.9 94.5 85.9 78.8 69 61.7 56.2 52.6 55.3 59.5 64.4 71 72.7 70.4 69.6 68 66.4 65.2 72.3 78.4 82.9 86.2 88.9 93.1 101.4 112.5 110.9 106.9 107.2 106.3 108.4 113 116.1 116.8 118.9 118.4 116.8 115.8 114.9 113.9 111.9 109.3 106.5 104.8 101.9 98.8 95.5 91.8 87.2 83.8 81.3 79.6 75.5 70 65.2 59.9 53.1 47.8 40.7 31.1 23.9 22.4 17.4 14.2 9.3 5.3 8 7.8 8.6 15.6 18.5
131 129.3 128.1 127 124.6 121.8 119.1 114.5 105.8 97.7 89.7 80.9 71.9 62.2 56.7 50.2 46.3 46.2 43.5 45.9 53.3 53.2 55 55 57.2 56.4 60.5 68.1 70.9 73.4 75.5 81 89.1 94.1 95.3 94.2 93.9 92.3 99 102 104.8 107.2 108.5 108.8 107.6 106.7 105.9 104.8 102.2 98.6 97.9 96.5 92.6 90.2 88.3 86.2 81.1 77.5 74.7 72.4 66.6 61.4 55.5 51.8 45.3 37.7 29.8 20.1 10.4 9.7 8.2 8.4 7.3 7 6.2 7.2 7.2 8 7.9
125.6 124.5 123.4 121.9 119.9 117.3 114.5 110.1 104.5 97.9 89.3 80.8 72.5 64.4 58.9 53.8 48.6 41.3 33.4 32 36.8 37.7 39.6 41.4 44.9 48.6 43.6 50 52.9 55.7 57.9 64.9 71.7 76.1 77.4 76.2 73.9 76.1 85.3 92.2 95.3 97.8 98.3 98.2 97.9 97.5 96.8 95.6 94.1 91.6 90.2 89.4 86.6 84.6 80.6 79 74.1 70.2 67.8 65.3 62.2 56.8 51.3 46.1 41.1 32.4 17.1 8.7 7.7 7.4 8 7.9 7.1 6.9 6 5.8 5.6 5.6 5.6
117.8 117.9 116.6 115.8 113.7 111.8 109.9 109 105.1 97.7 88.9 80.8 73.5 66.4 59.8 55.3 49.4 42.9 36.9 29.7 27.2 29.9 30.6 32.4 32.3 31 30.7 33.2 35.7 38.3 39.6 41.6 45.9 50.9 55 56.1 55 60 68.6 77.8 84.5 87.5 87.8 88 88.1 88.8 88.9 89 88.3 85.5 82.8 80.9 80.5 79.8 76.4 71.8 68.5 64.1 61.7 58 54.5 50.5 45 40.2 30.6 22.8 8.4 7.9 7.6 7.7 7.8 7.6 6.1 6.4 5.7 6 7.9 7.3 7.4
111 109.3 107.3 106.5 106.2 104.9 102.7 100.1 97.5 94.3 87.7 80.7 73.9 67.1 60.2 52.5 47 41.3 35.4 29.5 20 22 24.6 26.2 23.3 17.8 14.7 18.3 19.2 21.9 22 23.9 26.9 32.2 35 37.7 39 44.3 51.5 59.4 67.7 73.4 75.2 77.6 79.8 80.7 82.6 82.5 80.7 78.2 75.8 72.7 71.9 71.8 70.6 67 61.2 57 54.1 50.7 49.4 43.5 37.6 29.3 19 11.1 8.5 8.2 7.8 7.7 7.8 6 6.2 7.4 7.7 7.4 7.1 6.9 7.1
