app/static/ascii/NC41.asc
ncols 200
nrows 200
xllcorner 240000
yllcorner 910000
cellsize 50
[rows 70 to 104 of 200, columns 0 to 77 of 200]
294.2 303 307 312.5 314.1 314.3 314.7 314.6 315.4 316 316.6 316.2 313.1 308 301.2 294.4 291 288.3 286.6 284 284.1 284.2 287 287.4 288 288.2 288.9 289.9 292.4 297.4 301.6 309.2 314.5 322.1 328.4 334.1 341.1 349.2 359.4 365.4 373.5 374.7 377.7 377.7 376.5 372.7 367.6 360.1 351.8 344.2 335.4 326 322.5 315.2 308.9 305 299.9 296.3 295.1 295.8 295.8 295.2 293.2 290.8 288.5 291.2 290.2 290 289.3 292.8 293.8 293.1 293.1 294.1 294.8 296.6 299.5 302.3
296.3 306.4 307.8 309.2 311.5 316.1 319 318.3 319 319 318.8 318 313.7 307.7 300.9 294.2 288.3 284.5 282.9 281.7 283.9 286.2 287.5 287.8 287.8 287.6 287.8 288.7 290.9 298.4 301.8 305.2 314.1 318.1 324.4 332.4 339.5 346.2 354.7 363 366.5 373.4 376.8 379.6 377.6 372.1 366.3 357.7 352 343.4 334.5 329.4 325.4 318.1 308.6 303.7 298.9 296.5 297.9 300.1 299.9 299.1 296 293.5 291.5 293.8 294.8 293.9 293.8 295.1 296.1 297.9 299.6 301.3 303.7 307.6 310.3 313.2
296.5 302.5 305.3 306.3 310 319 322.8 322.6 324.5 325.5 319.9 317.4 312.6 305.9 299.6 293.5 286.6 281.2 279.8 280.2 284.4 286.5 287.5 287.9 287.6 287.1 287.2 287.3 289 295.2 300.1 302.9 309.2 315.8 322.7 330.5 337.5 342.4 349.1 355.4 360.1 367.3 373.1 374.8 374.4 372.1 365 354.8 353.4 348 339.4 331.3 324.8 316.6 309.2 304.7 303.2 305 309.9 308.8 305.8 304.2 301.3 297.7 296.5 296.3 297.6 299.6 300.3 301.7 302.9 305.7 308.2 311.5 314.3 317.6 320 322.1
289.2 296.6 300.5 304 310.7 318.1 322.1 324.4 325.7 327.8 324.3 321.8 313.3 306 299.2 292.1 284.9 280.1 278.5 278.8 283.5 286.3 288.1 288.2 287.3 286.6 286.7 286.2 288.1 292 296.4 300.5 307.7 316.4 322.3 327.2 331.5 336.4 340.9 347.2 352 359 366.2 369.2 370.7 367.9 362.8 356.5 351 345.3 336.7 329.6 323.5 320.6 316.5 314.5 312.9 311.5 312.3 311.3 307.1 307.4 306.1 302.7 299.1 300.8 302.4 304.3 306.5 308.5 310 312 316.6 319.8 322.2 324.9 327.8 329.4
286.2 293.7 300.2 303 307.2 313.3 317.3 320.6 322.5 326.6 324.4 320.2 313.3 306.2 299.2 290.5 283.1 278.2 276.2 274.7 280.3 285.7 289.8 287.8 286.7 285.6 284.5 283.4 288.9 291.9 295.2 303.4 311.3 318.1 320.9 326.9 328.3 329.9 334.3 339.3 345.3 350.3 354.8 360 363.2 364.7 359.4 353.8 350.3 343.4 335.4 330.2 329.9 325.6 322.7 321.8 320.1 317.4 317 315.7 311.7 310.1 310.2 311 312.9 312.3 311.3 309.7 312.6 314.3 316.3 317.7 319.9 324.5 327.7 330.4 332.3 334
284.3 292 297.9 303.1 308.3 313.4 313.9 314.2 319.9 321.7 319.1 317.1 309.7 303 295.3 285.7 279.3 275.1 271.8 270 273.6 283.5 283.6 282.9 282.3 281.8 282.2 281.8 286.9 288.4 295 306.3 310.7 313.1 316.3 320.4 322.5 325.7 331 334.3 339.5 346 349.3 352.8 355.9 356.9 356 353.4 351.9 347.9 341.8 337.6 336.4 332.9 329.6 329.1 327.3 325.7 325.5 328.4 326.5 329.2 325.7 324 320.7 319.3 319.6 318 319 324.1 322.9 322.6 322.6 325.6 330.2 334 335.6 337.3
283.3 292.4 299.5 305.5 311.7 312.2 310.5 307.9 306.8 313.8 311.9 306.1 301.5 295 288.2 282.2 276.3 271.8 269.5 266.9 267.6 272.3 275.3 275.7 275 277.9 279.1 280.1 281.3 284.7 291.3 303.5 306.9 308.6 314.5 318.1 319.4 322.9 327.9 332.6 338.4 347.1 349.8 350.2 351.7 352.1 353.9 352.9 353.4 351.9 346.8 344.8 344 342 341.1 342 342.1 342.5 342.3 344.1 342.1 338.4 333.7 330.7 328 326.7 327.1 324.5 323.5 326.3 326.8 329.3 327.2 328.4 330.4 334.1 337.4 339.9
282.4 292.5 298.9 304.6 306.4 307.9 308 305.1 299.7 298 295.1 293.3 290.1 285 281.1 277.3 273.3 270.7 268.3 265.7 264.9 265.4 268.7 269.1 270.2 272.9 276.8 278.4 279.8 285 293.4 300.7 304.2 305.6 312.5 315.2 316.8 320.4 324.7 331.9 337.2 342.6 346.5 347.8 349.1 350.6 351.8 355.4 354.9 351.7 351 353.6 354.8 354.1 352.4 354.2 355.3 356 354.6 352.7 351.5 346.4 342 338.7 339.7 336.2 332.2 332.7 330.1 332.9 332.6 332.3 331.6 336.7 336.2 334.9 338 341.1
279.6 290.3 297.6 304.1 303.9 303.8 303.7 299.8 295.6 292.3 290.2 285.8 282 278 275.4 275 271.8 268.8 265.8 264.2 261.9 260.8 263.3 263.5 265.7 269.4 273.7 276 278.5 283.7 291.6 297.5 300.1 302.1 306.5 309.8 315.5 320.1 325.7 331.4 337 340.1 341.8 344.7 347.6 351.8 356.7 359.9 359.1 360.1 367.6 365.1 368.1 365.2 361.1 364.5 365.8 365.9 365 365.5 363.2 361 355.8 351 349.3 344.7 340.1 337.5 334.6 336.2 337.3 340.3 337.1 342.9 340 339.4 340.8 341.5
274.4 283.7 292 302.2 306.4 302.1 298.1 294.2 290.7 287.3 286.6 283.7 279.7 275.4 273.5 273.3 271.1 267 263.4 261 258.6 256.8 258.3 259.5 262.5 265.9 270.7 274.9 277.8 282 287.3 291.9 295.6 299.3 304.3 311 316.5 321.7 326.9 332.7 337.3 340.1 343.4 347.2 351.6 361 367.8 369.4 367.8 371 376.6 374.3 375.7 371.9 368.8 372 374.6 373.9 374.5 376.8 377.5 371.7 367.6 361 359.4 352.4 348.2 342.3 337.3 338.8 340.4 340.5 339.6 342.9 340.3 341.6 347.4 345.6
268.2 275.4 280.8 289.4 296.3 296.1 293.3 290.8 286.7 282.3 279.4 279.6 277.6 273.2 272.2 271.3 268.6 265.2 261.9 258.7 256.5 254.3 255.5 258 261.1 264.6 269.1 272.7 277 282.3 286.6 291.1 294.8 298.6 304.4 310.7 316.7 322.6 328.8 334.4 341.2 343.8 348.3 357 364 369 371.6 373.1 374.2 376.3 380.9 380.8 379.4 381.4 378.6 381.1 383.7 381.9 380.4 380.6 383 380 374.3 367.9 365.3 358.3 353.7 349.4 344.3 343.9 342.4 340.9 340.8 341.8 342.3 348 349.8 347.1
263.7 271.6 275.8 276.9 277.2 278.3 279.4 280.3 279.1 275.8 271.9 269 267.7 268.8 267.7 269.3 265.6 262.3 259.2 257.2 255.2 253.3 254.6 257.6 261.4 265 268.1 272.3 277.3 282.3 286.2 291.5 295.3 299.1 303.7 310.3 317.2 325.3 332.4 339 344.7 353 359.5 365.1 371.6 375.3 380.3 378.9 383.1 382.7 383.2 383.4 386.5 387.8 386.6 389.6 391.7 389.1 388.9 391.6 391.4 385.4 380.1 375.9 368.6 362.9 359.4 357.7 350.3 348.6 346.3 345 342.8 343.9 345.5 354.8 354.1 352.1
255.7 262.4 266.5 268.1 267.3 271.2 274.5 272.5 272 270.6 266.8 263.4 260.4 263 262 261.3 259.9 257.5 255.8 254.1 252.7 252.5 253.4 257.2 260.3 263.6 267.1 271 275.9 281 285.5 290.6 294.6 299.4 304.3 310.7 320 327 334 342 351.8 360.1 365.3 372 377.9 383.2 386.1 387.4 388.2 387.6 388 387.2 391 390.6 390.5 392 395.1 394 393.7 398.2 399.7 397.2 388.8 383.1 376.4 370.4 367.1 362.6 356.8 351.9 351 349.7 348.6 347.8 349.2 353.4 362.5 361.7
251.3 257.3 260.3 261.1 264.6 269 267.7 265.8 265.4 265 262.6 259.3 257.2 256.2 254.8 255.7 255 252.6 252.1 250.7 250.1 249.7 252.2 255 258.4 261.3 265.1 269.3 274.5 279.2 284.2 289.9 296 300.8 306.1 313.7 322.3 329.4 338.1 346.9 355.5 363.1 370 377.4 384.4 391.5 393.6 393 390 391.2 391.6 391 394.5 393.9 393.2 393.6 395.8 393.3 394.4 398 397 394.9 392.3 386.3 381.2 374.6 371.1 367.3 361.1 357.2 358.2 355.2 351.9 349.8 352.5 356.4 360.8 370.2
248.4 251.2 254.5 257 259.9 267 264.4 261.8 258.6 256.4 255.5 253.5 251.3 250.3 251.6 252.8 252.2 250.5 249.2 248.2 249 250.2 252.9 255.3 257.7 260.5 265.1 269.6 273.7 278.7 284 290 297.1 303.1 308.1 315.6 325.3 334.6 343.9 352.3 360.1 367.6 375.2 383.3 390 393.1 395.9 396.6 394.8 396.1 397.5 394.5 396 394.4 393.4 393 391.5 389.9 387.7 391.8 392.8 389.7 393 388.6 382.7 378.4 380.6 374.6 371.2 366.8 362.8 360.4 357.3 351.9 355.3 360.6 364.9 373.9
242.3 247 249.5 251.5 253.3 255.6 256.7 255.7 253.5 251.8 250.7 248.9 245.4 245.6 252.2 253.9 251.7 249.8 248.8 246.5 248.7 251.2 253.4 255.7 258.2 261.7 265.9 272.3 278.1 282.3 285.8 291.3 297.5 303.8 309.6 316.7 327.1 338 347.5 356.3 363.9 371.3 378.5 385.7 390.4 394.9 400 402.4 402.4 402.2 401.3 399.3 399 395.8 394.1 396.3 394.4 388.9 382 382.5 384.5 385 387.2 385.6 385.3 385.8 383.2 381.3 379.9 374.1 367.7 362.9 360 356 362.1 363.8 365.3 367.6
238.1 242.9 246.1 247 248.3 248.6 248.9 247.4 246.4 244.8 243.8 243.1 242.1 242 250.7 250.8 250 249.2 247.8 246.1 247.5 250.8 253.3 256.4 260.3 264.7 268.9 274 278.2 283.4 288.5 292.1 296.9 303.3 309.3 317.9 329.6 340.6 349.5 358.3 366.7 373.7 380.2 387.6 396.1 402.6 406.3 410.6 408.7 405.2 403.4 401.9 404.8 401.2 395.5 389.8 382.6 378.5 373.7 375.3 372.9 372 376.1 378.4 379.1 380.6 378.2 376.6 376.9 375.1 370.2 361.7 359.4 359.9 360.9 360.9 363.9 368.1
233.4 238.2 242.9 244 245.4 245.8 244.2 243.9 242.4 240.3 239.3 238.3 237.4 237.6 239.3 241.7 244.4 245.6 245.2 244.6 247.4 249.9 253.2 257 262.9 268.2 271.2 274.3 278 282.1 288.9 293.3 298.3 303.3 309.2 319.3 331.2 342.3 351.8 361.1 370 377.3 383.5 390.7 398.9 408 411 413.9 412.1 406.4 404.4 400.8 399.2 398.7 392.7 385.2 375.4 372.8 365.6 361 361.1 366.2 369.4 367.5 367.8 367.4 367.2 365.2 364.8 366.5 364.2 359.9 368.1 366.3 364.6 366.2 369.1 372.8
230.9 235.8 239.8 242.1 242.1 242.4 242 240.8 239.5 238.9 238.5 237.5 235.6 235.9 239.3 246 244.4 243.1 244.2 244.8 246.8 248.8 251.3 255.2 262.4 267.7 271 274.1 277.2 280.9 287.1 292.8 297.7 303.4 309.3 321 332.1 343.4 353.8 363.4 371.5 378.5 384.1 389.5 396.6 406.6 411 416.1 411.3 405.9 404.2 398.8 392.5 386.7 381.8 376.7 371.9 369.8 364.1 360 357.1 356.4 357 355.4 351.7 351.3 356.8 359.2 357.4 357.2 358.6 366.1 372.8 373.6 375.8 377.2 376.8 379
226 231.8 238.8 239.7 240.7 240.6 241 239.8 238.7 238.6 240 237.8 236.1 236.1 241.5 247.8 246.7 246.1 245.3 245.8 246.9 248.5 250.3 253.8 261.1 266.1 269.5 273 276 279.6 285.4 290.6 296.8 302.3 309.4 320.4 331.4 343.2 353.6 363.9 372.4 379.3 384.8 389 393.4 400.9 407.4 407.7 407 403.4 398.6 392.8 387.2 379.8 370.4 364.1 360.5 357.5 355.4 345 348.7 347.7 348.4 348.9 347 347 348.3 350.2 350.6 354.5 360.3 372.6 374.5 378.3 380.8 382.6 384.1 382
221.3 226.7 234.7 237.6 238.8 240.2 239.9 238.7 237.1 238.2 239.3 238.2 236.6 234 241.6 242.7 243.3 243.5 243.9 244.9 246.6 247.8 250 253.9 259.1 264.6 268.1 271.5 275.2 277.5 283 289.2 294.9 301.9 310.8 320.9 330.9 341.9 352.5 361.8 371 379 386.5 392.9 396.5 401.4 404.4 401.9 399.1 394.6 390.2 387.5 379 370.5 364.7 357 348.8 341.4 334.3 337.2 339.9 339.6 340.8 346.6 348.3 347.9 347.6 346 347.5 351.7 358.7 369.7 375.2 377.6 382.2 387.2 389.3 390.2
217.5 222.5 226.9 230.6 234.9 236.8 238.7 237 235.5 235.3 236.2 236.2 233.5 231.9 234.2 237 238.8 239.8 241.2 242.3 244.4 246.6 249.6 253.3 258.7 264.8 267 270 274.1 277.1 281.6 287.2 293.2 300.3 309.9 320.7 331.6 341.9 351 359.7 368.1 377.4 385.3 391 395.1 397.9 397 394.2 390 385.6 384.2 379.2 369.6 362.9 360.8 350.7 342.2 335.4 331.8 331.1 331 333.8 345.6 359 358.7 358.4 354.9 348.9 353.5 353.8 356.7 363.8 371.6 375 378.8 386.9 389.4 389
212.6 219 220.1 224.8 227.1 229.1 231.4 232.1 232.2 231.9 231.2 231.5 230.1 229.9 230.4 233.2 235.2 237.8 238.8 239.7 241.9 245.6 248.5 252.7 259.6 264.8 266.7 268.9 272.4 275.4 280.1 285.8 292.6 300.2 309.7 320 330.5 340.2 349.3 357.7 366.3 375.2 382.8 388.8 392.4 394 391 387 384.2 381.2 375.9 368.2 359.2 361.2 355.5 346.5 338.5 331.1 329 327.5 327.4 328.1 334.4 348.4 359.1 366.5 363.8 356.8 353.9 355 353.9 357.7 368.1 372.5 373.6 379.6 383.2 385.9
207.3 212.6 217.3 220.9 223 223.5 224.4 225.6 226.8 226.4 227.3 227 226.6 225.7 226.7 229.7 232 234.1 236.3 237.7 240.5 243.5 246.4 250.8 257.8 263 265 266.9 269.7 274 278.3 284.5 292.4 299.9 309.6 319.2 328.7 338.6 346.9 354.7 363.2 371.4 378.5 384.9 389.1 389.1 387.9 383.3 380.5 376.6 372.3 365.3 352.5 348.4 344.6 339.4 330.7 324.7 321.9 321.3 320.7 320.9 325.6 334.4 342.7 351 351.1 350.7 349.3 347.1 347.6 357.1 362 365.5 367.8 375.1 379.8 384.6
204.2 208.6 214.4 218.2 219.3 219.7 220.6 220.6 220.7 220.9 222.3 223.5 224.2 223.5 225.4 226.7 228.1 230.5 233.3 235.7 238.1 241.1 243.7 248.3 253.1 257 260.1 263.7 267 271.5 276.3 282.1 289.1 297.8 308.5 317.4 327 335.7 343.8 351.6 360.3 367.7 374.1 380.4 385.7 388.5 384.5 381.3 374.8 369.7 365.1 358.8 350.9 346.4 340.4 338.2 333.1 325.5 322.8 324.7 323.6 320.5 319.5 319.8 326 334 335.8 338.8 341.9 340.4 345.3 354.1 359.4 362.9 364.8 369.4 381.7 391
200.5 206.4 211.9 216.3 217.6 217.9 217.9 217.6 217.7 218.4 219.3 219.2 220.5 216.8 222.9 224.3 225.3 227.8 230.1 232.7 235.4 239.1 241.6 246 250.2 253.3 256 261.3 265.6 269.2 274.6 280 285.2 293.3 304.4 314.7 324 332.9 340.6 347.5 355.6 363.2 370.2 375.4 379.5 381.4 378.9 375.5 370.2 364 361.2 358.6 354.5 353.1 345.9 335.9 330.6 328.1 323.7 324 322.3 320.2 319.1 318.8 318.7 322.7 326 328.7 332.9 336 343.9 352 359.1 363.3 366.1 375.2 381.2 387.2
195.2 201.3 207.8 213 215.1 216.3 216.2 216 215.7 216.2 216.4 215.8 216.1 217.3 218.8 221.1 221.8 226.4 227.6 230.3 233 236.3 239.6 242.3 245.5 249.7 254.5 259.5 264.3 268.2 273.2 278.5 284.7 291.9 303.1 310.4 319.9 328.8 337.1 344.1 350.7 357.2 362.8 368.4 373.9 376 376.5 374 367.7 358.3 352.9 347.8 344.8 341.2 336.3 330.9 324.6 315.7 315.9 315 316.3 317.6 317.1 316.3 317.9 320.3 322.2 325 327.2 334.6 344.9 353.4 362.2 366.6 371.6 380.6 384.1 394
189.5 195.1 201.6 206.8 210.8 213.4 214.3 214.6 214.2 214 214.1 211.2 214.3 216 216.7 217.9 219 223 225.5 228 230.6 233.2 236.5 239.7 243.9 247.2 251.6 256.1 262.7 267.2 272.2 278.1 285 291.9 300.5 308.1 317.1 325.5 332.9 339.6 346 351.7 357.1 362.5 369 371 373.4 369.6 362.8 355.1 355 348.4 338.2 329.1 322.5 317.2 314 310.7 305.8 305.8 307.5 314.5 312.8 314.8 317.3 318.6 320.7 324.6 329.5 334.7 347.2 355.7 363.2 370.5 375.8 384.7 392.8 402.5
185.4 191.3 196.4 202.1 207 210.7 211.7 212.1 212.3 211.9 209.3 211.7 212 213.2 214.5 215.9 216.6 219.5 222.5 225.2 228.2 231 234.5 238.5 243.8 246.7 249.6 253.2 259.6 264.9 271.6 277.1 284 290.5 298.5 306 313.7 321.1 328.3 334.6 340.5 346.2 351.4 354.2 358.5 362.3 364.9 361.5 357.3 349.8 348.1 343.6 332.8 324.3 318.5 313 311.3 308.6 305.8 305.8 305.8 305.8 305.8 305.8 309.7 313.8 319.3 326.5 331.4 338.9 347.2 354.9 361.7 372.4 376 387.2 399.6 408.6
182.9 189 193.3 198.5 202.3 205.6 208.1 209.5 209.2 209.4 210.3 210.4 210.9 211.8 213 214.1 215.5 218.1 220.8 223.4 226.2 228.8 232.2 237 241.1 244.6 248.3 251.8 255.9 262.8 270.8 277.1 282 288.9 296.6 301.8 309.3 316.8 323.2 328.8 334.7 339.9 345.7 349.9 352.6 351.8 352.1 351.7 349 343.5 338.5 330.5 323.4 318.6 316.2 310.9 307.6 309.6 310.3 306 305.8 305.8 305.8 305.8 307.3 308.9 313.7 323 331.7 340.2 352 355.5 360.7 370.7 378.8 389.5 400.2 407.5
179.8 186.6 191.5 196.1 199.4 202.4 204.2 205.3 208.1 206.5 207.8 208.7 209.6 210.8 211.7 212.6 214.6 216.3 219.7 222.4 225.2 227.4 230.8 235.8 240.1 243.2 246.4 250.2 255.7 262.9 269.5 275.7 280.8 287.5 296.3 300.6 307.5 313.5 319 323.5 328.6 334.3 339.9 345.2 348.2 346.1 342.5 339 336.1 332.2 331 323.5 317.9 310.5 309.7 305.6 302.9 307.9 310.8 308.5 308.2 305.8 305.8 306.4 308.8 309.6 311.3 323 331.8 337.5 346.7 358 361.1 369.1 379.6 391.7 399.4 408
176 183.8 189.3 194.3 197.7 200.5 201.6 202.8 204 205.3 205.6 207.1 208.3 209.2 209.7 210.9 213 215.1 217.8 220.6 224.2 228.1 232.2 235.7 239 242.8 246 249.5 254.9 261.1 267.9 273.5 278.8 285.5 293.4 297.8 305 311.7 317 321.1 325.1 329.8 335.1 341.6 344.4 342.9 337.7 332.9 327.8 322.5 317.7 311.8 306.6 304.3 299.1 295.9 295.9 300.1 302.7 305.1 304.4 304.9 310.1 309.7 308.7 309.6 313.4 325 333 337 342.3 351.7 361.1 369.2 380.8 391 393.5 393.8
172.8 180.5 186.9 192.5 195.9 198.7 199.5 200.2 199.1 202.9 205.6 204.6 207.3 207.4 208 209.1 211.3 213.7 216.2 218.9 222 225.4 229.7 233.7 238 242 245.8 249.8 255 260.4 265.6 270.9 277.4 283.9 292.2 296.1 301.4 308.4 314 319.1 323.1 326.9 330.7 333.8 336.5 337.2 334.9 330.1 323.7 318.6 313.9 308.8 303.7 298.3 295 294.2 294.9 298.8 298.7 298.5 298.9 299.4 301.8 302 304.8 310.7 314.2 323.7 331.2 335.1 346.8 353.6 361.3 368.8 376 383.7 387.2 393.6
168.8 177.1 183.4 189.2 193.6 196.9 198.7 200 198.8 200.3 202.6 204.4 205.7 205.9 207.2 207.5 209.9 212.1 214.4 217.5 220.5 223.4 227.3 231.5 235.4 240.3 244.7 249.3 254.1 259.7 265.5 272.2 278.2 284.2 289.5 292.7 298 303.2 309.9 315.5 320.7 323.3 326.8 328.8 330.6 330.6 329.5 326 320.2 313.9 312.8 313.9 313.5 309.4 301.5 295.2 293.8 293.7 293.4 292.4 292.4 298.9 298.5 298.3 300.4 308.7 317.8 327.4 332.7 337.1 347.5 354.9 361 368.3 374.4 382.2 389.9 396.4
164.7 172.3 179.4 184.8 189.7 194.1 195.2 193.8 201.1 202.4 204 204.6 204.7 204.6 205.4 206.7 208.6 210.7 212.8 215.5 218.4 221.8 225.5 230.3 234 239 243.6 248.3 253.2 259 263.9 270 276.6 283.4 290.1 293.3 297.8 301.8 305.8 311.4 315.4 318.6 321 322.4 322.7 323.1 322.8 319.3 316 313.4 310.1 312.1 309.7 305.7 302.7 299.7 296.9 294.1 293.2 290.1 291.5 295.7 295.6 294.9 298.9 306.2 318.9 328.6 332.1 338.6 346 355.6 362.6 371.7 375.9 381.1 385.6 397.4
