app/static/ascii/NC42.asc
ncols 200
nrows 200
xllcorner 240000
yllcorner 920000
cellsize 50
[rows 35 to 69 of 200, columns 0 to 77 of 200]
234.2 245.9 257.7 270.9 283 296.5 309.4 320.8 328.3 335.1 342 342.3 338.3 333.8 326.7 321.2 318.2 310.9 301 291.8 287.2 291.4 289.9 289.5 285.1 281.4 277.9 274.3 270.4 269.7 267.6 267.3 267 267 272.2 273.6 276.5 278.8 281.2 285.7 291.1 296.5 298 300.8 303.7 309.4 312.9 316 319.3 321.9 327.8 332.2 336.9 340.9 344.3 348.8 352.5 356 359 361.1 362.3 363 363.7 364.3 364.7 365.9 366.6 368.2 369.8 372.4 374.4 374.6 374.3 375.3 373 368.2 361.5 352.4
232.6 244.8 258.4 270.9 283 295.5 308.2 319.8 327.1 334.1 338.6 340 337.7 332.2 324.5 319.8 315.6 309.2 300 291.7 283.9 288.3 290.8 288 283.3 279.7 275.7 272 268.2 265.8 264.4 264.2 263.6 263.9 265.2 269.7 271.1 274.4 276.3 281 287 289.4 292.2 295.4 301.7 305 307.8 311.4 314.6 318 321.8 327.2 331.2 335.3 338 341.8 346.1 349.4 352.5 355.7 357.4 357.7 357.4 357.3 357.6 358.1 359.7 360.5 361.8 364.7 368.8 369 369.1 369.6 366.6 361.6 355.8 350.4
235.3 246.5 258.6 270.7 283 294.1 305.1 316.5 326.6 335.2 339.6 339.6 336.6 332 323.8 316.8 312.4 306.4 298.6 290.7 282.8 282.4 287 289.5 284.1 278.3 274.6 271.6 271.1 267.7 265.4 261.2 260.3 260.6 261.6 265 266.7 269.6 271.9 278.3 283.2 283.9 286.4 289.7 294.2 298.6 301.4 305.7 308.3 313.7 318.1 321.2 326.3 330.2 332.7 336.6 339.4 342 344.9 348.7 351.2 352.3 351.3 350 349.9 350.5 352.1 353.8 355.2 359.5 361.8 361.7 361.2 360.4 358.3 355.6 351.7 349.2
239 248.9 260 271.6 282.4 292 303 314.3 325.1 332.6 337.9 339.1 337.6 333.1 324.7 318.3 311.9 308 300.1 291 283.1 277 278.8 284.8 284 280 275.3 272.9 271.5 268.9 264.6 262.9 261.1 260.1 257.9 259.9 263.8 265.9 267.5 272.9 275.7 278.3 282 284.6 287.4 295.2 296.4 298.8 304.1 307.2 313.4 316.7 319.7 323.1 327.6 329.8 333.2 334.3 336.7 340 343.2 345.2 343.5 342.6 343.6 343.4 343.9 345.7 347.3 350.1 353.9 353.9 352.8 352.3 350.4 349.1 347.2 344.5
240.1 251.2 261.3 272.2 282.3 291.9 302.6 313.3 322.9 330.8 335.6 338.4 338.5 336.6 327.9 319.1 312.4 309.6 300.1 289.8 283 277.8 275.3 274.7 278.8 280.7 280.2 274.7 273.4 267.4 264.9 263.7 262 260.8 259.4 257 260.5 262.4 264.3 266.1 269.7 273 277.6 280.2 283.7 287.9 290.3 295 299.8 303.6 305.9 310.8 314.8 317.5 321.4 324.3 326.1 327.8 330.1 330.4 333.9 335.2 336.9 337 337.7 337.9 337.7 338.4 339.3 341.4 344.3 346.5 344.6 344.8 344.4 344.2 341.6 339.8
243.1 253.4 262.2 270.6 280.9 291.2 301.2 310 319.1 326.4 332.3 336 337.3 335.3 327.3 320.9 312.8 307.9 299.3 290.3 284 278.3 275.3 273.8 273.8 278.5 279.5 277.3 272.7 269.6 265.4 263.5 262.8 262.1 259.2 257.1 259.1 259 260.6 263.4 265.3 268.2 273.6 277.9 280.4 283.4 285.3 289.7 295.3 299.7 299.6 304.5 308.9 311.8 315.3 320.6 320.1 321.6 323.4 325.6 327 326.7 329.9 330.1 331.3 332.9 332.2 331.4 332 333.8 335.6 336.1 336.8 339.3 338.6 338.6 337 335.4
244.6 254.2 261.9 270 280 291.2 300.7 309.2 315.4 322.7 328.2 333.8 335.4 331.6 327.1 322.3 313.4 306 297.8 289.8 284.1 278.5 274.9 273.8 273.8 272.8 278.4 277.8 274 271.7 266.3 264.2 263.2 261.5 258.8 256.4 256.7 257.7 259.9 261.6 263.2 266.1 270.7 273.4 275.4 278 283 285.8 290 292.6 296 301.6 304.4 307.2 310.6 312.6 314.3 316.1 317.1 321.4 322.6 322.7 323.9 323.2 323.8 324.9 326.7 326.2 326.5 326.9 327.8 328 329.1 331.7 334.4 334.9 334.1 332.7
243.6 253.3 262.6 270.2 279.3 290.6 301 307.6 314.3 320.7 326.3 331.4 335.5 331.7 326.3 320.7 313.7 304.9 295.6 287.6 283.9 279.3 275.3 273.3 272.7 273 273.4 273.6 273.2 269.9 267.4 264.7 263.3 261.4 258.7 257.3 255.5 256.7 258.9 259.2 261.8 263.5 264.6 269 271.6 272.1 277.4 281.2 283.7 285.8 291.4 297.5 298.5 303.7 306.5 307 309.5 312.3 313 316.9 316.7 318.6 318.4 318.4 316.9 318.8 321.5 321.8 322 322.4 322 323 324.8 326.8 328.4 330.7 331.3 331.9
245.9 255.3 263.3 271.3 277.5 286.9 297.9 306.2 313.7 319.7 325.1 330.4 333.9 331.2 327.1 320.5 315 306.2 298.5 293.3 288.5 283.7 279.9 278.7 275.1 276.4 270.7 272 270.5 269 267.5 265.2 262.8 261.2 258.9 258.9 258.1 254.5 256.5 256.2 259.8 260.7 263.2 267.4 269.3 269.6 274.4 277.4 278.6 283.3 287.7 293.8 294 297.9 298.9 304.1 306.4 307.9 309.4 313.1 312.2 313.3 313 312.3 311.8 314.9 315.8 317 318.1 318.8 319.1 320.5 323 324.2 326.1 327.3 328.8 330.7
248.2 256.6 262.8 268.2 276.3 287.1 297.1 303.9 310.8 317.7 323.4 328.7 331.9 330.5 327.3 321.7 317.7 315.3 305 299.5 294.8 291.5 288.5 285.4 282 277.6 272.8 269.5 268.1 266.2 266.4 262.3 260.3 258.8 256.1 257.5 258.4 256.2 253.9 255.1 261.7 259.5 260 265.2 267 267.1 270.3 272.3 275.5 278.6 283 290.2 289.9 295.1 294.9 299.9 302.4 302.6 306 306.1 306.5 308.2 309.7 308.9 308.5 310.6 311.1 313.1 314.8 314.9 317.5 319.3 321.2 322.2 324 325.7 327.4 329
249.7 256.1 264.1 269.3 275.4 282.5 290.3 296.3 302.6 312.9 320.2 325.3 328.4 329.1 328 325.1 320.2 315.3 309.2 303.9 301.6 299.2 298.4 295 288.6 282.9 277.4 270.3 268.8 268.9 265.3 263.3 262.6 259.8 256 253.7 255.7 255.7 255.7 255.5 259.6 258.5 258.8 260.9 264.5 265 266.7 270 272.3 275.7 281.5 285.6 287.4 289.9 295.4 296.8 297.7 298.3 301 301.3 302.3 304.3 303.9 305.7 305.8 308.2 308.6 310.4 311.4 311.4 315.4 316.7 318.6 320.4 322.1 323.5 325.5 326.5
250.9 257.9 267.6 271.6 275.7 281.1 287 290 294.8 305.8 317.4 324.1 327.3 328.3 331 328.2 324.4 318.1 311.8 308.7 306.4 306.2 304.9 301.6 294.1 287.6 281 274.2 274.1 273.1 270.2 266.6 265.1 259.7 257.3 255 253 253.4 253 253.7 256.2 256.2 257.7 258.7 264.5 263.5 264.3 265.8 268.9 273.1 279.6 281.9 282.5 284.6 290.2 291.6 293.4 294.3 296.5 296.6 298.8 300 300.9 302.9 303.2 303.8 305.1 307.2 307.9 309.6 312 313.3 316.1 318.5 319.7 321.3 323.2 324.2
256.2 260.7 268 271.1 275.3 280.7 283.8 286.8 290.7 296.4 307.3 319.6 323.8 328.2 333 332.8 327.9 322.6 316 313.4 311.8 310.5 307.2 305.5 298 291.6 283.5 277.8 278.6 277.6 275.4 271.4 265.7 262.1 259 255.9 254.3 251.9 251.8 250.5 253.8 254.1 255.1 256.8 258.5 260.1 261.9 262.9 263.7 269.6 273.5 277.7 279.7 281.1 286.4 288 291.1 291.8 293 292.8 293.6 297.6 298.6 298 300 301.7 302.9 304 304.8 307.8 309.1 311.5 314.3 316 318 319.8 320.6 321.1
260.7 264.8 265.9 269.4 275.6 281.1 283.5 285.3 288.6 292.4 298 311.2 320.7 329.9 333.6 337.2 334.2 327.2 320.8 318.4 315.5 313.8 310.1 305.5 299.2 292.2 285 281.2 280.5 281.4 278.3 272.9 267.8 264.4 263.1 259.4 255.9 253.5 251.4 251.5 252 251.7 252.8 253.8 257.1 256.5 259.4 261.8 263.5 267.9 270.8 273.3 273.6 277.7 281.7 283.4 288 288 288.4 289.9 289.6 294.3 294.7 297.5 297.6 298.6 300.2 301.8 301.9 305.8 306.7 309.1 312.1 313.9 315.9 317.8 318.3 318.7
257.4 261.4 266.1 270.2 281.6 286.3 286.3 288.9 287.7 289.4 295 305.9 318.5 327.7 333.9 337.8 336.5 331.7 325.4 322.1 317.5 314 310.8 305.8 298 294.1 289.5 285.6 283.3 281.5 279.2 275.3 270 265.6 262.6 260.5 258.5 256.3 252.1 251.3 251.2 251 250.9 251.8 252.4 253.8 257.3 257.6 261.8 266.2 268.2 266.8 270.6 273.5 276.3 280.2 282.6 284.7 286.1 286 287.8 286.7 291.5 294.5 295.3 296.5 297.5 299.8 300.5 304.1 306.3 308.4 310.1 312.7 314 315.3 316.2 316.9
263.8 264.3 265.4 270.1 279.3 283.7 285.7 288 289.7 289.4 294.9 307 319.4 330.6 338.6 342.2 341.8 337.3 330.8 325.9 320.2 315.7 311.3 307.2 300.8 297 292.2 288.7 287.5 282.1 277.4 274.7 270.8 266.2 262.8 260.4 257.7 255.4 253.3 251.3 250.3 250.4 252 251 251.7 252.8 253.3 255.2 256.1 259.9 261.9 265.9 271.9 272.3 273.3 276.2 277.2 280.4 283.7 283.2 284.8 285.2 287.6 288.8 293 294.6 295.5 295.9 300.3 302.4 304.3 307.1 308.8 311.4 313.3 314.7 315.1 315.6
270.3 268.4 267 271 277.9 280.7 284.3 287.2 291 292.6 293.9 306.9 321.1 334.2 345.6 352.6 349.4 344.1 336.8 330.3 324.2 317.7 313.9 311 306.5 299 294.8 291.6 291.3 285 279.9 276.5 271.5 265.3 261 259.3 257.3 255.9 253.5 252.2 250.9 249.3 250.8 250.7 250.9 252.9 252.5 253.4 255 258.5 262.4 264.7 267.7 270.8 270.6 273.3 273.5 276.2 279 281 280.8 283.4 284.6 285.6 289.5 291 293.1 295.3 297.5 300.6 302.7 305.6 309.2 310.9 312.9 314.4 315.3 315.9
274.1 275.1 271 272.7 280.8 282.1 283 286.6 291.2 294.8 297 306.2 320.9 334 347.2 355.4 352.4 346.6 340.6 334.2 327.2 320.5 317.2 314.8 311.2 302.4 295.6 293.9 296 288.2 283.9 280.1 275.4 265.4 260.3 261.6 259.7 256.2 254 252.2 250.4 249.5 251.1 251.9 250.8 251.6 252.5 252.7 255.4 259.4 261.2 263.3 264.4 267.1 269.5 270.6 272.2 273.3 275.4 278.1 278.6 280.6 281.3 283.2 285.1 289.1 292 293.9 295.3 298.7 302 305.2 308.5 310.6 312.3 313.8 315.5 315.3
279.1 278.8 277.5 274.6 280 284.8 287.5 290.4 293.6 296.5 299.1 308.4 322 332.9 343.3 352.5 352.6 349 342.9 336.7 331.5 322.7 319.5 316.3 311.6 304.9 295.9 293.9 296.7 291.1 285.4 280.6 277.2 266.5 262.8 263.1 261.4 256.6 253.7 252.2 251 248.8 251.8 251.8 250.4 253.5 251.6 252.8 254.4 256.9 259.5 262.7 262.9 263.2 264.2 263.3 270.1 272.2 273.3 275.6 277.2 276.1 280.3 280.9 282.2 286.1 289.8 290.8 294.8 297.4 301.5 304.1 307.7 310 312.2 314.1 315.6 316
283.7 281 275.8 276.3 280.7 287.5 293 294.5 295 299 302.8 311.5 323.3 334.5 341.8 349.3 352.4 350.9 345.5 339.7 333.9 326.4 319.9 317.7 311.5 304.6 296.5 290.2 291.2 289.2 284.3 278.3 272.9 269.3 264.1 263.2 260.3 259.1 254.4 252.1 250.1 249.6 253.9 251 251.1 253.1 250.3 252.7 253.5 255.7 258.5 261.3 260.8 258.6 260.5 264.1 268.7 269.5 270.6 271.9 272.2 275.4 277.5 278.5 281.7 283.8 287.3 291.2 293.7 297.1 300.4 303.4 306.7 309.7 312 313.7 315.2 316.3
278 276.1 275.6 282.1 286.2 291.5 296.5 298.7 299.1 300.2 304.7 315.5 324.8 332.7 342.8 351.1 356.5 353.8 348.1 341.7 335.6 327.7 321.7 317.7 310.5 303.8 295.9 288.9 285.1 283.8 281.7 277.1 272.5 267.9 265.4 261.9 259.7 259.1 254.5 251.8 250.3 247.6 249.7 250.4 250.4 249.9 249.8 252.4 252.7 254.2 257.8 259.3 256.1 258.4 261.7 265.1 266.7 267.7 268.6 269.5 271.1 273 274.6 276.9 280.3 282.6 285.2 288.2 292.6 295.3 300.3 302.7 306 308.9 310.9 313.9 315.1 315
275.8 274.3 280 286.5 289.3 298.2 301.4 301.9 302.3 305 309.4 321.2 333.9 337.1 343 349.1 350.1 349.9 347.3 343.8 336.4 328.4 324.2 320.4 313.3 305.7 298.5 291.6 287.7 283.5 276.8 274 270.2 267.1 263.4 259.8 258 257.5 255 252.2 250.1 249 248.5 248.8 249.3 248.3 249.1 251.1 251.8 252.6 256.4 254.9 257.9 259 262.3 264.6 265.6 265.1 266 268.9 270.2 271 272.2 274.8 278.4 282.3 285 287.3 291.3 294.8 299 302.1 305.2 307.9 310.4 312.9 314.8 314.9
275.9 276 282.9 288.5 294.5 304.3 306.2 304.5 305.5 307.7 314.6 328.6 340.3 345.1 348.9 352.1 352.9 345.5 341.1 339.6 335.4 331.9 329.6 324.1 315.5 307.3 299.3 296.1 291.3 284.5 278.8 271.5 266.4 265 263.7 260.7 259.7 257.7 254.8 252.7 251.4 250.9 250.2 247.1 248.1 248.3 249.5 250.1 251 251 253.1 257 257.4 258.5 260.5 262.7 262.7 263.6 266.2 267.9 269.1 270 272.1 274.5 277.1 280.8 283.9 286.5 290.8 294.1 297.4 301.4 303.8 306.8 310.1 312.5 314 314.9
280.2 282.5 288.1 292.9 304.7 310.6 316.6 314.7 319 319.1 321.4 337.3 347.7 356.7 358.3 355.8 349.9 344.3 337.8 333.7 333.1 335.6 331.9 326.1 317.6 308.1 301 298.7 294.8 287.1 281.6 274.4 272.4 265.5 261.9 259.7 259.7 257 255.1 253 252.1 250.8 248.9 247.4 246.5 247.6 248.4 249.9 248.5 249.7 252.5 256.5 256.8 256.7 258.4 260.7 261.6 264 265.2 265.9 267.2 269.7 272.4 274.6 277.2 280 283.1 286.2 290.2 293 295.8 299.6 302.8 305 308.1 311 312.9 314.2
285.1 286.9 294.3 303.6 313.9 320.8 327.9 327.8 331 329.9 330 341.4 348.4 352.9 357.2 353 350 346.2 342.1 334.2 329.1 330.1 330.2 325.2 316.6 308.4 305.6 302.4 296.7 290.5 285 280.6 274 269.2 266.2 261.5 258.5 256 254.6 253.1 251.7 250.1 249 247.6 246.9 248.1 246.8 247.1 248.1 251.3 252.4 254.1 255.7 255.9 256 258.4 260.6 262.5 263.3 264.9 266.2 268.1 271.7 274.3 276.8 279.6 282.9 285.9 289.7 292.8 295.5 298.7 302 304.4 306.4 308.9 310.8 312.4
291.7 296.3 301.7 313.2 321.2 324.9 328.5 336.5 338.3 338.9 340.4 340.5 344.6 346.4 348.5 347.7 347.3 346.9 344.7 337.1 330.3 325.1 322.5 321.2 315 310.6 310.3 305.5 299.1 293.6 288.9 283.2 278.3 274 268.9 265.8 261.4 256.5 253.2 252.3 251.1 248.1 247.5 247.8 248.9 248.9 249.3 247.3 249.3 251.6 252.1 252.8 254.8 254.5 256 257.2 259.5 260.8 262.9 263.9 264.8 267.1 270.6 273.3 275.9 278.3 281 284.7 289.3 291.8 293.9 297 299.7 303 305.8 307.6 310 311.3
290.5 296.9 303.4 317.1 326.3 329 329.5 339.1 347.6 348.8 347.1 344 347.7 347.4 347.4 346.6 347.1 348.3 345.4 338.7 332.7 327.9 324.1 318.3 312 311 313.8 308 302.3 296.5 292.8 287.7 282.2 279.2 274.8 269.6 263.9 259.8 258.2 255.5 252.5 249.8 246.9 246.5 248.9 248.9 248.9 248.9 249 249.2 248.7 252.1 254.1 255.3 255.6 255.8 258.3 259.7 261.2 261.9 263.9 266.2 268.6 271 274.2 276.9 279.6 283.9 287.1 290.3 292.4 294.7 297.1 300.4 303.3 306.6 308.5 310.6
287.7 292.8 304.6 316.2 324.3 327.9 339.2 350.2 355.9 355.9 350.6 347 350.1 348.8 348.1 346.3 347.1 345.5 341.6 339.4 333.1 329.2 326.2 319.8 313.9 313.4 313.6 312 305.7 299.9 296.4 290.8 288.1 281.7 278.3 271 267.9 265.8 261 258.2 254.2 249.1 249.6 248.4 248.9 248.9 248.9 248.2 247.1 248.9 247.9 251.8 254 255.8 255.5 255 256.6 257.7 259 260.6 262.3 264.4 266.8 268.9 272.5 275.3 277.9 281.4 284.2 287.5 289.7 292.3 294.5 297.9 300.2 302.8 305.9 308.3
272.3 280.1 297.5 314.3 327.2 338.9 344.4 348.9 355.6 356.5 353.2 350.5 352 350.3 350.4 347.8 346.9 342.5 340.4 337.5 331.9 329.5 327 321.7 316.1 315.3 315.6 314.9 310.5 305.2 300.9 294.5 289.6 285.6 282.8 277.4 277.2 270.4 262.7 258.6 253.8 254 252.7 251.1 249.2 246.5 248.9 248.9 248.9 248.8 246.4 251.1 253.3 254.9 254.2 253.2 254 254.8 257.2 258.8 260.4 262.1 264.7 266.9 270 273.6 276.1 279 282 284.5 287.5 290.4 293 294.5 296.6 299.7 301.6 303.7
262.7 274.7 291.3 309.8 325.4 339.3 343.3 344.1 357.6 357.4 352.5 348.9 350.8 352.4 348.4 350.2 347.2 341.3 338.9 336.2 333.5 330.6 326.9 321.5 318.1 319.4 319.1 316.1 313.9 309 303.4 298.9 293.4 289 285.8 283.8 278.7 271.3 264.9 260.6 258.1 257.3 255.4 252.9 249.8 248.6 248.9 248.6 248.9 249.2 247.2 250.9 252.7 252.2 251 251.4 252.5 253.4 255.4 256.6 258.2 260.2 262.8 265.4 268.6 271.6 274.4 276.5 279.4 282 284.4 287.1 290.3 292.1 294.1 295.2 297.9 299.8
263.4 275 288.8 312.7 327.3 332.9 337.1 343 357.8 354.5 351.1 350.2 352.6 354.6 355.2 356.1 351.4 344.4 340.4 336.6 334.1 329.6 325.4 323.7 323 324 321.6 318.7 315.1 310.8 305.2 302.1 298 293.5 288.9 285.5 280.2 272.3 267.3 264.6 261.3 259.4 255.2 253.7 250.5 250.7 250 249.9 249.6 248.9 246.6 249.8 250 249.6 250.7 250.7 250.6 251.5 253 254.2 256.1 258.4 261 263.7 266.7 269.2 271.6 273.2 276.4 278.8 281.4 283.6 286.9 289.3 290.4 292.3 293.7 295.4
267.7 275.7 286.5 305.9 319.3 326.3 330.3 340.5 353.5 347.5 349.2 351.6 356.2 359.6 362.9 360.7 355.9 347.1 340.8 337.5 334 331.4 326.7 326 328.8 328.7 324.5 320.6 317.7 312.1 307.7 303.7 300.8 297.5 291.7 286.8 281.9 276.7 271.5 271.4 263.7 261.2 257.6 254.8 251.2 251.3 251.8 251.4 251.9 250.1 244.7 248.8 248.4 248.7 249.2 250 248.8 249.1 250.1 251.9 253.8 256.3 258.7 260.9 264 266.8 268.1 270.4 272.8 275.4 278 280.5 283.8 286.2 287.8 289 290 292
268.1 279.1 288.4 300.4 309.6 313.8 322 329.3 342.2 343.2 346.6 354 359.1 365.1 368 365.9 359.6 352 342.9 336.5 333.5 329 326.6 329.5 332.1 332.2 327.9 323.8 320 315.5 310.5 306 302 298.8 295.4 290.7 284 277.6 274 271.7 266.3 264.3 260.1 256.3 254.3 253.2 252 251.8 251.2 248.9 245.8 248 248.2 246.4 246.4 246.8 246.8 247.7 248.8 250.2 250.6 253.9 256.2 258.4 260.6 263.9 264.4 266.3 269.3 271.6 273.7 275.9 279.1 282.4 283.8 285.9 287.3 289
273.2 280.5 291.3 296.2 301 309.6 316.9 321.8 329.6 338.3 343.6 353.3 361.5 370.8 372.2 369.7 363 356.8 346.9 339.4 336.1 330.6 323.9 327.2 333.4 333.7 330.2 324.7 321.4 318.5 314.4 309.9 305.7 300.6 297.9 293.6 286.8 279.7 276.7 273.5 268.8 266.2 263.6 258.4 256.8 254 252.8 251.9 250.9 247.8 243.9 247.8 246.9 246.2 245.7 245.4 245.7 246.4 246.6 246.6 249.4 251.5 253.2 255.2 258.1 260.3 261.6 262.6 264.8 267.4 269.3 272 274.7 277.5 279.8 282.1 283.5 285.2
273.5 279.2 286.3 295.9 300.5 312.7 317.4 319.7 325.2 334.9 341.7 350.3 360.5 369.3 372.8 370.7 365.8 361.8 350.9 344 339.5 332.5 323.5 323.6 330.9 331.6 329.6 325.6 323.4 321.4 319.1 315.7 309.8 304.7 299.2 296.5 289.8 282.6 278.6 274.4 270.8 267.7 263.8 260.1 258.4 254.5 253 250.6 249.4 247.2 243.4 247.1 245.7 244.9 244.6 243.4 243.2 243.6 245 244 246 248.2 249.3 251.1 253.8 255.9 258 259 261.1 263 265.4 267.6 269.9 273 275.4 277.8 279.6 281.5
