app/static/ascii/NC43.asc
ncols 200
nrows 200
xllcorner 240000
yllcorner 930000
cellsize 50
[rows 105 to 139 of 200, columns 78 to 155 of 200]
760.6 745.6 730.9 710.6 695.2 685.5 674.6 658.3 637.7 614.3 587 563.7 543.4 523.2 496.1 443.6 401.3 387.9 387.9 387.9 388.6 394.4 398.9 404.6 409.2 414.9 420 422.6 425.6 433.7 438.8 431.2 425.3 419.3 408.1 403.8 399.8 391.7 384.9 376.6 366.1 360.8 356.2 349.2 345.5 336.5 333.8 329.4 327.3 327.6 328.1 329.3 329.1 321.6 318.1 324.4 327.9 330.1 334.4 337.2 338.8 341.3 343 344.2 345.3 345.9 345.1 342.6 343.2 340.1 339 337.3 338.2 339.2 340 339.9 341.1 341.1
752.4 742.7 733.2 717.9 706.8 695.9 685 668 653.8 631.9 605.3 570.5 549.6 524.9 497.7 448.5 406.7 387.9 387.9 387.9 389.3 395.2 398.2 403.1 408.6 413.3 419.2 421 424.1 435.9 437.1 430.5 425.4 418.3 409.2 406 402.4 395.9 388.3 382.3 371.6 361.1 351.1 345.3 340.8 335.5 331.3 334.5 339 334.7 337.3 335.6 332.3 329.9 326.2 329.8 335 336.5 338.2 341.7 344.1 347.4 347.9 349.4 350.6 351.2 349.9 348.6 349.6 347 346.3 344.5 345.3 345.4 343.1 344 346.3 348.4
742.9 736.3 732.5 725.6 726.6 706.5 694.2 678.9 662.3 647 626.8 579.5 545 521.8 491.4 446.8 405.1 387.9 387.9 387.9 390.6 395.3 397.2 402.1 406.2 413.1 416.7 423.2 426.6 434.8 437.7 431.2 425.2 417.2 409.8 406.9 401.5 396.9 389.2 382.7 375.1 361.8 351.8 344 338 333.6 332.2 334.8 340.4 341.9 342.5 338.5 337.1 336.5 332.4 336.1 340.5 341.1 341 343.4 347 350.3 350.9 351.3 353.3 352.7 353.5 353.3 354.4 352.4 351.8 349.5 349.1 350 349 350.6 349.3 352.6
733.9 729.7 727.5 728.3 730.2 713 698 683 670.7 655.7 644.9 601.2 560.1 523.1 487 444.1 409.7 388.8 387.9 387.9 389.7 396 397.8 400.3 406.1 413.2 418.6 426.4 431.1 434.9 436.9 434.8 428.4 417.4 411.4 407.2 402.6 395.4 388.7 380.9 374.5 362.7 351.2 343.5 338.2 336.3 333.3 333.8 337.2 345.2 344.7 340.4 342.1 341.6 333.4 341.4 344.4 343.9 343.5 345.3 347.8 351.2 352.9 353.3 354 355 356.3 357.1 357.9 356.4 354.6 353.3 353.8 353.5 352.4 352.1 352.8 352.9
724.2 725.8 724.1 726.9 727.9 712.6 696.4 684.6 673.6 661.8 650 630.8 586.6 539.8 481 443 410.8 392.8 387.9 385.2 389.3 393.2 396.4 398.9 404.6 411.8 419.8 426.7 431.1 432.4 435.7 435.5 428.6 418.4 414.1 411.4 406.5 399 388.8 381.2 370.6 358.8 349.7 344.6 338.4 336.4 334.9 334.2 336.9 345.1 342.6 340.8 339.6 343.1 340.4 341.9 345.1 343.5 345.5 347.1 348.8 351.8 354.3 354.5 356 357.7 358.1 359.2 359.7 357.3 354.3 353.8 354.8 352.8 352.8 352.8 353 353.1
710.1 715.2 717.5 721.3 719.3 708.9 691.8 682.1 672.9 661.8 647.4 628.5 601.4 549.6 485.3 439.5 412.7 392.3 387.9 384.8 386.8 390.2 392.8 394.8 401.2 410.3 421.7 424.7 430.7 430.6 435.4 435.7 429.6 419.9 417.6 413.7 409.1 403.6 395.5 386.1 373 365.4 353.2 345.7 340.8 341.2 337.8 335.4 337.6 339.6 340.8 340.6 340.2 341.4 340.8 339.9 343.7 345.1 345.9 347.4 349.5 352.9 354.9 355.8 358.1 359.7 359.8 359.4 359.4 356.8 354.1 353.9 353.6 352.8 352.8 352.9 353.2 352.9
689.3 698.4 705.6 706.9 704.3 698.2 685.8 679 670.2 657.4 644.9 623.7 599 557.4 483.5 444 409.8 391 385.9 387.9 384.4 387.8 388.8 393.3 397.6 407.5 418.3 420.9 426.8 429.4 434 435.1 429.2 424.8 422.5 418.8 416.2 414.6 409.1 395.6 386.8 373.4 365.3 359.2 353.8 350.1 343.1 339.3 343.4 342 339.6 339.9 340.3 339.7 338.2 337.9 342.4 346.2 347.4 349.8 352 353.6 354.6 356.1 358.4 359.5 358.6 357 357.6 355.3 353.7 352.2 352.5 353.7 352.9 352.5 353.6 353.5
652.7 676.5 688.1 692.7 689.6 682.7 677.5 669 663.2 652 636.1 612.5 592.7 557.7 490.6 450.3 414.2 393.6 387.5 385.3 385.5 386.1 384.2 389.4 394.6 403.7 411.4 417.3 424.7 426.7 431.4 432.3 431.3 434.1 433.9 432.8 426.9 422.7 419.4 407.9 395.7 382.6 377.6 377.2 371.3 362.4 355.5 350 354.2 351.7 343.1 339.2 338.6 336.5 334.5 336.3 342.4 346.4 349.5 353.9 353.6 354.3 354.9 355.7 357.3 358.3 356.7 356.1 354.1 351.9 351.7 350.4 349.9 349.2 349 348.9 351.6 352.4
612.3 637.5 663.6 670.2 673.2 670.6 668.6 662 655.2 645.2 630.8 609.6 588.4 564.3 504.2 454.4 418.5 393.8 386.4 385.4 383.9 387.8 387.9 381.6 393.6 401.9 407.3 415.8 421.5 425 429.3 432.9 436.6 440.6 444.8 447.8 438.6 433.4 426.7 419.3 404.1 395 390.2 390.8 384.6 373.9 367.7 364.1 364.7 360.8 349 340.9 335 333.4 333.5 335.4 338.8 345.9 350 356 355.7 354.1 355 356 357.7 354.6 353.2 352.7 349.5 349.5 350 348.3 345.5 343.6 342.9 345.3 348.9 351.1
579.1 590.9 603.8 622.8 635.1 648.6 653.2 648.2 638.5 631.6 619 600.5 581.4 564.3 521.3 460.5 419.9 394.8 387.7 386.5 384.5 384.7 387.9 387.9 390.8 400.4 405.2 412.1 418.9 424.6 429.5 437.8 441.9 446.6 452.4 452.7 447.3 439.5 432.1 422.2 413.9 410.4 407.3 403 399 389.2 379.9 376.9 374.7 365.1 352.6 340.5 333.3 332.5 332.9 333.9 336 344.2 349.1 353.9 354.8 353.9 354 355.3 355.2 353.7 352 350 349.5 350.1 348.4 344.2 338.7 339.5 338 340.9 346.3 352.1
560.5 565.1 573.4 581.7 592 604.7 616.3 627.5 624.5 618.4 608.2 590.3 569.6 557.3 520.3 470.6 424.3 395.4 386.5 382.9 384 383.1 387.9 387.9 388.7 398.6 405.1 412 418.9 424.6 432.5 442.5 448.1 454.2 457.1 455.4 451.8 445.2 436.4 428.6 424.9 427.8 423.9 416.9 410 401.8 393.9 392.3 388.7 372.9 349.6 338.6 332.6 332.6 331.9 332.8 334.5 341.3 348.2 352.6 353.7 353.4 352 352.8 353.2 351.6 350.6 351.6 350 348.7 344.4 336.4 331.6 331.3 333 338.5 343.6 351.4
543.9 548.6 554.2 559.1 565.5 572.6 579.1 585.6 593.2 595 590.8 577.2 557.8 544.6 513.6 460.4 425.9 396.8 385 380.8 381.3 383 383.3 384.7 387.7 397.2 406 412.4 419 427.1 435.9 445.3 453.7 461.7 461.3 459.9 457 447.3 442.9 437.7 438.1 437 432.4 424.8 423.4 421.7 414 407.9 403.9 383.1 357 340.4 333.3 332.3 334.9 333.9 333.6 338.9 344.1 350.2 353.1 352.4 350.7 350 350.8 350.1 349.4 349.9 348.7 347.2 343.6 333 326.2 323.9 328.6 336.1 342.9 349.8
529 532.6 538.5 544.4 549.6 553.1 557.3 560.4 566.4 570.3 570.1 562 546.6 532.9 510.1 450.1 417.9 393.2 383.8 380.6 379.8 381.6 380.9 384.4 388.2 398.7 408.1 413.7 421.5 430.5 438.5 447.1 458.1 467.8 466.2 464.4 463.8 454.2 448.7 448.9 448 444 441.4 442.9 442.3 438.6 431.1 417.5 408.7 388.3 359.9 348.1 336.3 332.1 332.2 333.7 334.5 338.1 341.4 345.9 349.5 350 348.2 346.3 346.9 345.7 346.4 347.6 346.4 343.4 336.7 329.5 325.2 321.1 324.7 334 339.5 341.7
518.3 520.4 524.4 530.5 535.4 539.2 542.4 545 546.4 549 549.4 544.3 531.9 517.3 499.8 445.3 405.5 389.5 381.9 379.2 378.3 380.1 384.8 386.6 391 402.9 409.5 416.5 424.8 434.3 441.6 450.3 462.6 471.4 472.8 476.4 468.2 463.2 458.7 456.2 457.4 463.2 463.2 462.4 457.9 451.6 437 420.9 405.8 387.7 366.5 353.8 339.3 331.8 332.1 335.1 334.3 335.5 338.9 343.6 344.5 345.3 344 342.7 341.3 339.5 339.9 343.6 343.2 339.9 333.1 328.8 323.5 319.1 319.7 327 331.1 331.5
506.9 508.2 510.5 515.7 520.5 525.2 527.7 530.4 531.2 530.5 529.1 524.3 515.3 501.2 483.6 444.3 398.7 381.9 376.8 373.7 377 381.3 384.5 387.6 394.6 404.3 411.1 419.4 427.8 439.7 446.8 453.6 464.9 474.3 482.2 482 476.5 469.2 468.9 467.1 474.8 477.2 478.2 477.7 469.3 451.8 438.7 421 401.8 381.3 368.4 358 342.4 332.4 331.3 333.3 331.8 332.4 335.3 337.4 339.6 340.6 340.9 338.7 334.8 331.9 329.7 335.4 337 334.8 329.5 325.2 320.8 317 315.4 318 320.8 322
490 492.2 496.1 499.8 504.3 508.1 512.2 513.1 513.3 511.9 509.2 504.2 495.8 483.7 466.7 431.4 388.8 375.9 372.9 371.2 374.9 379.6 385 389 397.4 405.1 414.7 423.3 433 442.1 450 457.5 467.7 477.4 484.9 484.7 480.5 480.4 483.2 482.7 487.5 490.9 492.4 488.2 473 455.1 441.8 423.2 400.3 385.1 371.9 358.5 342.8 332.2 328.8 329.8 329.3 329.2 329.9 333.1 335.2 335.7 337.2 337 332.9 327 319.1 321.4 328.3 328.9 325.9 321.7 317.2 313.6 311 310.3 310.1 312.9
468 472.7 477.3 481.5 485.9 490.6 494.3 494.9 493.8 492.2 487.1 481.8 473.8 462.5 431.9 398.4 382 374.3 370.1 368.3 374.3 379.8 385.9 390.6 400.3 406.7 418.2 426.6 437.6 445.1 453.2 460.6 472 477.8 484 485.5 495.8 498.7 502.6 504.7 509.7 506.2 503.5 491.1 474.7 455.6 441 423.6 403.7 391 373.1 359.5 346.6 331.6 326.9 326.7 327.1 325.7 325.2 327.6 330.5 330.6 332.5 331.4 328.2 324.1 316.5 311.4 318.3 321.5 320.5 317.8 314 310.2 305.9 304.2 302 300.4
439.9 447.6 454.9 458.5 462.9 467.3 470.7 471.7 471.3 469.9 465.6 460.4 451.9 434 411.5 390.7 377.6 372.6 365.3 369.5 374.2 380.1 388.3 394.4 402.4 411.2 421.9 430 441.2 449.3 456 463.2 473.8 480.9 484.8 498.2 510.9 515.1 522.8 525.5 526.7 517.7 509.1 494 476.2 459.5 444.9 429.2 410 397.1 379.8 361.6 348 333.5 327.6 324.8 325.7 322.9 321.8 323.4 324.1 323.4 324.3 322.2 320.1 316.5 312.9 307.9 308.2 312.2 310.5 310.2 308.2 305.4 301.1 295.5 293.9 290.6
414.6 419.8 428.7 436.7 442.2 446.1 447.6 446.6 445.8 447 446.3 441.9 430.1 410.9 394.6 378.3 371.8 368.2 366.9 369.9 375.3 384.9 391.4 397.7 406.4 416.3 425.2 433.7 444.4 452 459.4 467.2 476.1 485.6 492 512.6 527.7 530 537.6 537.4 533.3 522.1 512.1 499.8 479.4 463.2 450.9 437.3 418.5 400 381 365.2 346.9 335.6 329.3 326.6 322.7 318.8 317.2 316.4 316.3 316.2 314.7 312.3 309.7 307.1 306.6 303.8 301.4 303.8 300.3 299.2 299.3 298 294.5 289.7 283.9 280.6
396.6 398.8 402.9 409.9 420.4 428 430.5 430.4 429.5 429.1 428.9 423.1 408.2 392.9 383.4 375.5 368.8 363.9 364.5 370.6 377.1 388 393.6 398.5 409.7 419.7 428.9 438.4 447.4 454.6 463.3 471.6 479.9 489.1 505.6 526.5 537 541.6 543.4 543.1 538.7 534.7 520.4 504.6 486.7 476.8 465.5 455.3 433.9 410.3 391.5 374.1 356.4 341.3 334.5 327.6 322 311.8 310.6 309.6 308.6 309.2 308.3 306.7 304.6 300.3 299.7 298.1 293.7 291.3 289.6 289.1 290.2 288.1 284.4 280.1 274.5 271
388.3 385 387.3 391 397.6 406.7 413.8 414.3 413.7 412.6 409 402 391.5 380.7 375.6 368.8 364.7 363.8 362.2 368.9 378.9 388.6 396.3 401.1 412.9 423.4 433 442.9 451.1 457 465.9 477 486.4 506.6 519.3 532.7 542 545.5 548.5 549.8 549.4 539.8 531.8 517.8 504.8 491.6 482.2 467.7 456.1 434.1 418.4 389.3 366.8 349.7 343.8 337.5 325.6 315 309.3 305.2 304.2 304 304.7 304.3 301 296 291.9 291 289.7 283 278.5 279.6 277.4 275.7 273.2 270.4 266.5 259.1
397 380.7 375.7 379.2 383.3 387.7 393.6 396.4 396.3 393.7 390.8 382.4 374.5 369.6 366.8 362 361.7 363.5 364.5 371.3 381.6 391 399.8 405.5 414.7 425.2 435.8 444.3 453.6 460.2 470.2 484.1 495.7 515 531.1 535.7 542.2 546.9 549.9 553.4 547.9 538.3 529.5 522.1 512.1 499.3 493.1 478.4 467.6 453.3 437.9 415.3 388 362.1 351.4 345.1 335.6 321.5 313.5 307.4 303.9 300.2 301.7 300.2 295.9 291 285.8 282.1 281.6 277.7 270.3 264.6 265.2 265.3 261.8 259.2 256.1 251.6
431.6 393.3 370.9 370.6 371.2 372.3 375.2 377.7 377.8 378.2 374.3 370.5 366.5 362.2 358.8 357.5 358.8 362.8 365.2 374.1 380.6 390.3 399.4 408.9 416 427.3 437.3 446 456.4 464.1 475.9 489 504.3 522.7 534.2 537.8 541.8 545.2 547.6 549.7 542.8 533.1 525.9 519.8 512.1 504.8 497.4 486.3 475.8 465.3 449.1 427.8 401.6 376.3 360 349 336.5 332.4 320.7 306.7 301.4 298.7 297.2 293.8 288.8 283.5 278.9 274.7 272.7 267 262 256.8 252.5 251.7 250.9 248.2 244.9 241
445.4 415.1 368.9 355.6 359.8 360.8 361.1 362.1 362.9 363.7 363.3 362.6 359.9 355.8 354.8 354.4 357.6 362.6 368 376.2 386.5 394.8 400.8 409.3 418.3 429 439 449.3 458.3 469.4 482 493.8 510.3 526.9 534.2 537.4 539.6 542.2 542.2 540 534.5 527.4 521.9 516.4 511.9 505.4 498.8 490.5 481.5 471.3 459.2 433.7 408.4 386.9 370.8 355.4 339.2 340.5 323.5 303.9 296.8 294.3 283.5 285.4 280.4 275.9 271.7 266.5 262.9 257.9 251.5 248.3 244.4 241.9 240.5 238 233.6 229.4
445.4 416.8 363.6 352.8 346.8 348.1 349.5 351 354.1 353.4 352.1 354.1 353.6 352.8 351.2 356 361 365.5 375.8 383.7 391.5 399.3 403.7 410.4 420.7 430.5 441 451.6 461.6 475.5 487.1 501.8 513.5 526.7 534.4 538.1 536.4 538.4 535.7 531.5 523.8 521.1 515.6 513.6 511.2 504.1 498.9 490 482.9 475.8 459.5 436.1 414 395.4 372.6 359.7 343.6 326 315.8 296.7 290.3 287.3 279.9 259 272 267.8 264 258.6 251.3 248.1 243.1 240.4 236.9 235.5 232 230.4 225.9 222.2
439.1 397.1 346.9 343.9 341.6 339.9 339.1 341.9 346.2 345.8 345.6 347.2 349.1 349.3 351.5 358.5 364.5 367.6 376.6 386.1 393.6 399.9 406.3 414.1 422.8 431.9 441.9 452.6 464.9 479.7 494.6 505.8 517.1 525.8 534 536.2 534.2 533.6 531 522.1 515.1 512 508.8 508.5 506.2 499.6 495.7 487 479.3 474.8 457 434.5 414.5 397.4 376 356.1 336.5 315.4 303.3 288.7 281.6 277.2 269.3 257.2 264.2 257.9 249.1 248 243.3 240.7 236.6 230.2 229.7 227.3 225.8 223.3 219.2 216.7
413.3 366.7 337.3 335.5 336.7 334.5 332.4 335.7 340 340.7 340.6 343.5 345 345.3 352.3 360.4 365.5 373.9 380.6 387.9 394.3 400 407.6 416.6 424.1 432.5 443.1 453.6 467.7 482.9 498.1 509.5 518.1 524.3 531.5 537.7 536.2 526.2 523.7 514.8 510.8 505.6 503 499.6 495.1 492.6 488.8 481.1 473.6 466 453.4 431.4 411.3 390.4 375.6 354.6 330.9 304.7 289.7 277.8 269.5 265.8 255.3 246.4 248.7 240.8 236.2 234.5 229.8 228.2 222.8 220.2 221.1 220.4 217.2 215.6 214.7 211.2
376.9 346.1 336.8 336.8 336.8 336.8 336.8 336.8 335.9 336.4 336.1 338.4 342.3 349 355 362.2 369.8 377.1 381.7 389 395.9 402.8 408.8 418.2 425.2 432.4 442.6 455.1 468.1 484.5 499.5 511.5 518.3 524.9 529.8 537.2 532.6 522.5 516.8 511.9 509.7 505.6 501.8 495.5 486.4 480.2 477.8 472.3 464.7 456.1 443.1 425 403.1 380.1 362.1 340.5 317.1 292.7 280.5 267.8 258.5 254 245.1 238.4 238.1 228.4 221.2 221.4 219.6 218.6 214.9 213.3 212.7 211.7 209.8 208.4 207.7 206.3
352 336.8 336.8 336.8 336.8 336.8 336.8 336.8 336.8 334.5 340.8 341.9 345.9 349.5 357.6 365.4 371.5 378.9 384.2 388.7 395.5 404.1 411.1 417.3 423.9 431.6 442.4 454.7 468 484.7 499.6 511.9 519.6 525 528.7 532.1 528.1 522.4 515.5 514.3 514.5 505.8 501.1 494.1 485.6 469.8 464.5 461 453.2 443.8 430.3 411.3 386.7 362.5 331.4 311.8 292 275.6 266.6 257.7 251.1 243.8 235.6 231.6 224.9 223.3 217.4 214.9 214.6 213.2 208.9 208.6 208.4 206.9 206.4 203.2 201.7 200.3
336.8 336.8 336.8 336.8 336.8 336.8 336.8 336.8 336.8 334.9 339.6 345 348.3 354.1 359 367.7 374 381.6 385.8 390.4 396.1 402.6 409.3 415.7 422.3 431.8 442.9 454.5 467.7 483.7 498.7 511 519.8 523.7 526.2 528.5 526.5 522.7 515 518.2 514.6 507.8 500.6 492.6 480.9 465.4 450 445.8 435.6 425 408.7 389.5 367.2 341.5 318.7 295.9 276.8 263.6 252.7 248.4 242.8 233 226 217.5 217 218.6 216.9 210 212 204.4 202.8 201.3 203.5 201.5 200.9 199.8 198.6 196.9
336.8 336.8 336.8 336.8 336.8 336.8 336.8 336.8 336.8 336.8 339 345.4 349.2 355.7 362.5 369.7 375.6 382.8 387.3 391.5 396.7 401.9 407 414.6 421.4 432.3 443.5 454.2 466.8 481.2 496.3 508.7 517.7 520.4 523.4 526.5 524.2 522.7 515.6 515.1 514 508.9 500 489.8 479.7 461.5 446.1 432.4 423 408.4 389.4 368.6 350 327.3 304.2 284.4 268.5 257.8 246.1 239.4 232.9 222 212.6 210.8 210.6 215.8 211.6 203.9 199.7 198.4 196.7 196.8 196 197.7 194.9 196.5 193.8 194.4
336.8 336.8 336.8 336.8 336.8 336.8 336.8 336.8 336.8 336.8 338.6 346 350 356.2 364.3 370.5 376.4 382.8 387.4 391.1 395.8 401.1 407.1 413.7 422.6 433.7 445.3 455.1 466 478.2 492.2 504.5 511.7 515.5 520.5 524.1 518.9 516.5 511.5 509.8 510.3 508.7 498 488.5 476.9 459.9 443.6 426.5 414.2 399 377.3 349 323 302.9 291.5 271.4 260.4 251.2 239.5 231.1 225.3 219.5 210 208.2 205 204.9 202.1 200.3 199.2 197.6 197.2 197 194.7 192.6 191.8 191.6 192.2 192.9
336.8 336.8 336.8 336.8 336.8 336.8 336.8 336.8 336.8 335 339 345.9 351.9 357.9 364.6 370.5 376.5 381.5 385.5 389.7 394.5 400 406.7 414.8 424.3 435.9 446.3 454.6 464.2 476.7 488 498.6 506.4 512 515.6 516 514.4 512.5 506.8 507.7 505.9 504.7 496.4 486.7 475 459.8 444.1 426 406.5 390.5 362.3 337.3 308.9 293.4 279.3 267.9 253.5 244.3 236.7 231.3 224.2 216.8 208.4 204.5 203.3 201.4 199.1 199.2 196.4 196.2 194.3 192.7 190 192.2 189.9 189.5 189.8 188
336.8 336.8 336.8 336.8 336.8 336.8 336.8 336.8 336.8 335.5 337.8 343.6 352.5 358.5 364.2 370.3 376.4 381.6 383.6 386.5 392.4 399.2 407.5 415.5 426.3 437.7 445.7 452.9 462.5 473.5 483.7 493.8 501.1 507.6 508.9 508.6 506.8 506.3 503.1 506.1 503.6 500.9 491.5 482.1 473.5 460.2 444.1 426.2 398.7 378.3 352.7 323 302.8 290.3 275.2 265.8 255.2 244.6 238.2 230.4 223.5 217.7 209.1 205.5 204.5 203.7 203.2 199.8 197.5 200.1 202.2 198.6 196.8 191.5 187.3 188.8 186.7 186
336.8 336.8 336.8 336.8 336.8 336.8 336.8 336.8 336.8 336 340.4 344.6 352.2 358 363.5 370 375.8 381.1 383.3 385.4 391 399.1 408.1 418 427.2 436.7 444 451.1 460.7 470.6 480 489.1 496.6 501.7 501.8 501.6 498.7 497 498.2 500.2 501.3 495.9 486.6 480.2 472.8 459.4 447.2 425.3 392.4 364.8 343.2 320.4 303.7 287.5 275.3 264.5 256 245.7 236 230.9 223.2 216.6 213.7 211.9 211.4 210.2 207.1 204.2 204.9 212.3 212.3 208.7 202.4 196.9 191.3 188 182.4 182.4
