app/static/ascii/NC44.asc
ncols 200
nrows 200
xllcorner 240000
yllcorner 940000
cellsize 50
[rows 70 to 104 of 200, columns 0 to 78 of 200]
253.9 249 247.3 241.8 243 243.2 240.2 240.3 238.9 238.1 234.2 228.5 237.3 240.2 244.3 249.9 256.4 260.4 261.7 265.5 272 275.2 285.3 290.2 297.2 305.9 309.2 309.5 312.7 316.5 319.2 330.7 342.6 351.7 356.6 361.8 364.7 364.2 362.4 360.4 357.8 355.7 354.2 345.8 336.8 330.6 319.5 308.6 293.8 277.5 262.8 255.3 253.1 253.8 253.4 256.6 264.2 278.2 280.1 297.7 308 318.1 329.1 344 353.4 361.8 371.2 389.5 399.6 406.7 425.6 443.8 442.6 441.9 437.5 433.2 433 430.7 424.6
246.1 244.5 244.4 238 244.9 242.7 235.9 235.6 236.4 235.8 233.7 227.3 235.5 237.8 244.3 249.9 254.4 258.2 258.8 266.2 269.7 273.1 278.6 288.8 300 304.4 307.9 310.1 312.7 316.8 320.4 327.6 335.3 344.3 349.3 354.1 348.2 353.9 355.9 352.8 349.1 344.4 344 331.7 325.2 317.5 307.6 294 283.2 264.9 254.4 251.7 252.1 253.1 252.8 261.1 270.5 281 290.5 302.9 320.5 331.2 345.5 358.6 369.1 382.8 392.6 406.8 415.4 422.3 441.7 453 446 444.1 437.1 434.9 428.5 427.7 422
234.9 241.3 239.3 234.9 240.7 238.3 234 232.5 234.2 235 227 226.9 235.1 238.5 243.6 249.1 250.5 253.2 259.4 264.5 270.9 275.2 285.5 295 302.1 306.6 309.9 312.9 315.3 317.9 322.1 326.9 330.9 336.4 341.9 343.3 334.8 338.4 346.6 345.7 343.9 338 332 321.7 311.4 307.3 296.8 285.4 270.5 256.1 251.5 250.4 251.1 252.2 259.3 268.3 278.7 286.6 300.1 309.9 327.9 350.2 363.2 375.9 385.7 402 419.2 430.3 435.8 439.2 451.7 459.7 447.9 446 435.5 433 427.9 424.9 414.6
231.6 241.7 234.9 227.7 232.3 233.6 229.3 230.7 233.5 229.7 218.2 230.3 235.4 237.7 243.4 246.6 250.3 253.1 257.9 263.4 269.7 276.8 285.8 296.2 302.9 306.6 312.2 315.2 318.1 321.3 327.5 334.2 334.6 337.9 340.2 340.8 334.8 327.6 329 334.7 330.9 323.9 318.1 310.3 303.5 298 286.5 273.8 261.3 251.2 250.1 249.4 249.6 261.4 264.1 270.7 283 291 306.6 318.8 336.4 362.6 375.5 389.3 401.3 416.2 437.1 453.3 454.4 452 457.8 455.1 447.2 438.2 438.2 427.7 424.9 418.5 407.2
233.2 231 231 224.4 233.8 230.4 227.9 229.8 229.4 222.5 223.5 229.8 233.3 236.1 244.5 246 250.5 251.6 254.8 264.7 270.3 276.9 284.7 292.6 303.2 307.2 313.6 315.9 321.6 328.9 332.4 336.1 335.7 339.1 339.1 340.1 334.8 327.3 324 324.9 317.4 311.6 305.1 299.9 296.8 289.5 278 265.9 254.4 248.8 249 251.8 257.5 262.1 271.6 277 286.5 300.6 319.6 337.3 351.9 373.3 388.6 403.9 416.8 427.6 445.8 461.5 461.7 459.6 458.9 446.4 442.6 434 427 420 415.8 407.2 395.3
225.6 227.7 227.7 221.7 230.1 227.8 223.9 227.6 227.4 218 223.6 230.4 234.9 239.7 243.5 247.8 249.3 251.7 258.1 264.3 272 276.8 282.7 289.5 298.4 308.5 313.8 318.2 324.4 329.5 335.6 338.1 337.1 341 339.1 339.8 335 328.3 323.3 317.9 311.9 302.3 292.5 290.1 288.8 282.3 269.8 256.1 251.5 247.6 248.2 252.6 258.5 264.7 273.5 283.5 298.2 311.5 334.2 357.7 374.7 382.6 403.9 409.9 416.2 426.4 441.7 455.2 454.1 448.5 439.8 436.3 426.7 419.8 415.4 416 405.7 396.7 386.2
218.6 222.9 221.4 218 226.5 225.7 223.5 227 227 215.7 218.1 232.2 233.2 239.1 239.7 247.6 251.2 250.9 257.9 266.2 270.7 274.9 281.6 289.8 299.7 311.2 319.3 323.1 326.3 328.8 335 336.9 338.1 339 338.6 342.9 334.1 327.7 322.5 314.9 310.5 293.5 285.5 284.8 277 270.9 264.7 254.4 247.4 251.2 252.2 258.7 261 268.9 282.1 290.7 307.8 332.9 357.9 373.2 388.2 395 400.8 407.4 408.5 418.1 429.2 435 440.6 434.8 430.7 429.7 411.7 410.9 406.9 405.8 397.5 383.9 376.6
207.8 214.4 214.4 223.4 223 220.2 219.9 222.8 223 210.4 224.6 230.7 232.4 236.4 238.8 246.6 251.1 249.9 257.7 265.3 269.9 273.9 281.5 291.9 302.7 312.8 319.8 323.7 326.7 331.7 334.2 338.2 338.7 337.9 338.1 341.2 330.7 323 319.7 313.2 297.8 288.6 281.9 273.5 267.9 264.6 256.9 245.4 247.5 252.4 259.4 262.1 267.6 275.6 288.6 304.8 328.2 354.2 370.6 386 395.1 396.6 394.9 400.9 405.7 407.3 414.3 415.8 422.1 423.7 419.9 420.4 405.5 405.4 402.6 392.3 387.1 376.2 367.7
201.6 205.7 210.7 214.9 218.2 212.1 216.6 219.1 215.8 206.1 226.2 227.6 235.7 236.1 240.8 246 248.9 248.1 255.3 262.1 269.7 273.4 281.6 291.9 305 314.2 320.3 325.5 328.9 332.8 333.6 338 335.5 333.8 332.7 335.4 326.3 322.9 319.9 307.2 292.3 280.9 278.8 269.5 262.4 255.7 251.2 245.4 253.7 259.4 263 269.7 277.1 288.1 301.5 324.5 350.8 371.5 383.7 391.8 396.1 388.4 387.7 391.5 398.6 400.6 405 404.4 408.8 410.5 410.5 403.8 402.6 400.3 396.3 384.9 376.1 365.8 362.8
197.1 204 205.7 207.5 213.3 211.5 214.6 221.3 206.2 215.2 223.4 224.6 232.3 234 239.2 243.5 245.5 248 253.7 262.1 267.7 273.5 280.5 292.3 301.9 312.9 321 326.9 330.3 333.2 332.4 332.4 333.2 332.3 326.9 326.2 321.4 322.9 312.7 303.2 287.1 277.4 266.6 263.1 255.7 249.3 241.3 251.8 261.4 264.7 270.6 276.1 287.9 303.3 319.3 354 368.9 378.8 387.5 391.5 387.8 378.1 378.4 382 392.1 397.9 401.3 401.1 400.3 400.7 401.7 395.9 399.2 393.2 390.3 378.3 366.9 357.3 351.8
196 199.8 207 204.5 209.6 204.9 208.7 210.7 203.1 209.7 217.7 223.3 232.3 233.9 237.3 241.8 245.5 248.3 255.3 261.7 267.9 273.7 281.5 291.1 299 311.6 321.9 326 330.2 332.2 332.6 332.6 333.9 331.6 328.5 325.4 317 314.4 303.7 296.4 284.2 272.4 261.3 257.8 251.9 242.1 245.7 255.3 265.6 269.9 277.4 286.4 299 317.6 337.5 363 370.8 379.7 382.5 381.7 377.4 370.1 368.6 372.9 386.7 393.6 395.7 397.7 394 393.7 393.4 390.9 390.4 388.6 384.9 375.9 362.7 347.2 338.1
192.2 196.5 198.5 202.8 202.9 203.7 205.7 208.2 202.7 209.6 216.1 219.6 228.5 229.6 234.2 238.3 245.1 248.9 253.4 259.2 266.8 274.2 282.5 289.4 296.6 310.1 320.9 325.9 329.8 331.6 332.6 332.6 332 329.2 321 317.9 313 307.9 297.4 284.1 272.9 263.1 258.4 248.9 244.4 239.2 243.3 255.2 269.7 278.1 286.7 300.8 315.7 335.8 353.4 366 366.4 372.6 372.6 368.7 365 361.7 358.4 368.5 380.4 390.7 391.8 394.6 389.6 390.8 392.2 389.8 382.7 380.9 375.3 371.7 359.8 340.4 332.2
197.8 194.2 197.3 201.8 202.1 206.6 210 207.5 206.8 200.4 217.1 224.4 219.4 225.8 228.1 232.7 240.2 244.6 250.4 257.2 265.1 273.3 283.3 288.3 296.1 309.1 317.9 326.1 334.1 335.3 335.5 336.1 332.4 324 318.2 314.9 311.1 305.3 295.3 284.3 271.8 258.9 252.9 250.2 242.8 238.4 247.6 260.7 272.4 286 296 310.4 330.3 349.3 356.7 359 358.9 363.7 360.4 357.3 355.3 353.2 352.8 364.4 376.9 387.6 388.3 388.1 385.4 386.1 389.5 384.9 378.9 372.9 364.8 361.8 352.3 336.8 326.6
197.8 197.8 194.2 196.7 198.7 203.7 205.6 209.7 205 201.7 202.9 219.4 215.2 221.3 227.2 232.1 238.8 240.7 247.6 254.9 264.1 274.8 282.6 289.7 299 307.4 315.8 324.1 331.9 333.9 331.6 328.9 328.4 325.5 319.9 313.5 309.2 296.9 286.8 275.3 265.3 253.6 250.1 244.5 238.7 237.8 249.8 268.4 281.4 293.8 303.5 321.1 338 349.8 353.4 351.3 351.3 352 350.3 347.7 346.4 346.5 346.3 359.8 374.9 381.4 382.5 385.7 382.4 384.6 386.3 377.4 374.4 370.8 360.1 353.1 347.2 332.3 324.8
195.6 196.3 197.8 197.8 198.1 196.6 197.7 205 203.1 199.8 200.2 208.9 215.9 220.7 223.7 229.6 235.1 238.5 244.9 252.9 261.5 273.6 280.8 289.7 300.5 307.2 314.8 321.9 323.9 326 328.9 328.2 328.6 327.6 324.2 314 305.6 292.3 282 273.2 258.4 252.2 249.3 240.4 238.2 236 249 268 284.7 293.6 306.1 323.9 337.6 344.5 346.1 345.1 344.5 342.9 340.2 338.5 338.5 337.6 341.4 356.9 370.4 371.9 383.8 383.3 379.7 386.3 384.4 372.7 370.5 361.9 356 343.9 336.9 323.8 322.8
200.4 194.2 193.3 197.8 195.8 191.9 192.7 195 199.8 200.9 195.6 204.6 212.4 218.9 220.8 224.8 230 235.5 243.4 251.6 261.3 271.2 281 291.2 301.2 307.4 312.3 315.1 319.6 321.7 326.9 327.9 331.9 329.9 328.2 315.2 303.8 287.9 275.2 267.3 258.9 252.4 245.9 239.1 234.3 243.2 257.6 277.9 285.5 295 302.7 322 333.6 337.7 338.6 339 335.2 330.9 332 332.8 334.2 330.7 341.5 354 361 376.2 381.2 379.1 377.1 385.4 378.1 368.4 362.5 354.2 346 337.7 327.3 318.3 316.9
199.2 196.2 194.1 193.7 191.9 192.9 192.5 190.9 196.4 200 194.5 200.8 204.3 213.2 218.5 220.8 227.4 233.1 241 249 261.4 269.9 282.4 292 299.6 305.7 310 311.7 317.6 319.5 323.5 327.5 331.8 331.2 330.1 318.6 297.1 285.1 273.8 263.9 251.4 250.2 242 242.6 233.8 246.6 265.4 278.4 289.2 298 302.5 315.5 325.4 329.9 331.4 329.1 324 323.9 326 327 327.2 332 338 348.4 362.9 374.1 378.3 375.6 376 381.5 372.2 363.7 353.8 345.9 337.9 332.3 320.5 313 312.2
194.9 194.8 192.6 196.1 197.2 189.1 189 193 196.5 198.6 194.1 197.5 203.4 206.7 213.8 215.2 223.3 231.2 238.5 246.6 258.1 269.2 281.4 289.9 297.9 303.7 306.9 309.6 313.3 318.9 319.7 326.9 332.7 329.9 324.5 313.3 293.1 279.3 268.9 260.7 250.5 244.6 240.3 238.3 235.9 248 258.7 274.7 286.8 293.1 301 311.7 317.5 320 320.1 317.3 314.2 316.4 319.1 320.5 322.6 329.3 336.9 348.1 362.3 371.9 375.3 373.1 373.7 375.9 368.3 359.6 352.9 342.4 334.9 321.5 314 307.4 306.4
202 193.7 195.9 195.3 193.8 188.3 189.6 191.2 192.8 189.7 194.2 194.8 199.7 204.5 209.8 211.2 220.4 226.2 232.9 245.9 256.6 267 279.5 287.9 294.4 302.2 308.4 309.5 311.3 316 320.6 325.3 332.1 324.7 317.9 302 289.4 279.1 269.6 260 253.3 243.5 234.2 233.5 234.2 245.1 255.6 269 277.4 286.4 296.1 305.7 309.1 310.9 309.7 303.3 307 307.3 312 313.9 321.4 327.2 332.3 348.8 361.9 368.4 371.2 372.2 372.2 373.4 365.4 358.8 351.7 337.6 329.1 319.1 314.5 309.6 303.4
208.5 200.5 194.5 193.8 191 188.8 190.1 191.3 190.4 189.7 192.7 194 195.4 201.1 206.5 207.4 215.4 225.2 233.3 242.6 256 265.3 277 286.1 291.8 298.4 303.7 305.4 309.3 314.3 321.3 327.5 328 318.3 312.9 297.8 285.1 275.7 271.4 258.4 245.5 238.7 231 231.9 234.6 242.7 253.6 261 270 278.7 291.4 295.6 299 301.9 295.3 298.4 299.3 300.9 303.5 314 320.5 327.2 332.7 342.7 359.5 366.9 369.7 370.2 369.6 370.3 363.6 356.2 345.3 336 323 314.4 313.3 308.6 298.6
213.2 204.4 204.3 197.5 193 188.5 190.4 190.3 189.4 188.2 191.2 196.6 199.3 196.6 199.1 201.8 206.7 218.4 231 242.7 253.7 263.8 272.9 281.9 291.5 297.4 302.2 302.4 308.2 313.5 320.8 326.9 329.1 315.1 306 295.9 286.3 270.3 267.3 253.9 243.1 234.6 229.1 235.1 235.5 238 243.7 250.8 263.4 272.3 279.6 286.1 287.3 288.2 285.5 288.9 286.8 297.4 305.9 310.4 317.9 324.8 328.8 344.8 356.6 363.9 367.4 366.4 368.6 366.2 363 354.6 345.5 336.2 324.6 315.7 310.1 304.2 295.7
239.8 215.3 204 197.8 199.1 190 188 189.6 186.8 186.7 189.9 195.5 195.4 193.8 194.9 198.5 200.2 211.4 223.1 240 250.2 260.8 271 280 287.9 294.7 299.8 301.6 307.8 311.6 318.1 320.4 319.4 312.5 303.4 295.5 285.5 273.2 264.9 257.4 247.3 238.8 230.9 231.5 234.6 236 238 249.2 256.7 263 268.2 273.4 277.3 278.3 277.8 275.6 290.6 297.2 299.8 308.9 314.7 318.9 326.4 340.8 352.4 358.3 363.9 366.2 367.6 365.6 359.4 351.4 338.7 329.9 318.7 314.5 310.2 302.8 291.1
246.8 231.1 217.1 204.6 197.6 189 186.9 186.4 185.9 187.4 187.5 193.2 191.6 192.3 195.1 200.1 199 209.1 216 233.4 242.3 256.1 266.3 277.4 282.9 289.4 296.7 298.6 306.3 310.8 314.6 316.4 314 309.5 299.8 294.3 287.3 276.2 271.3 263.6 253.7 239.6 234.3 225.2 230.7 232.7 233.3 243.1 251.6 255.5 260.2 266.4 269.5 273.5 261.2 279.9 283.4 297.2 303.8 309.9 316.4 324.6 328.2 335.6 348.3 358.3 360.8 364 364.1 362.2 358.8 349.2 336 327 311.6 308 303.9 299.1 288.5
249.2 233.7 219.2 208.6 201.3 189.8 191.5 189.8 185.3 184.8 187 191.5 188.6 194.1 198.6 200.3 198.3 207.2 214.6 229.9 237 249.6 262.8 271.7 280.6 285.1 293.4 296.8 302.4 310.6 312.8 312.5 311.8 309 298.9 295.7 287.9 281 275.5 265 251.2 242.3 238.6 230.3 225 229.2 227.2 232 239.7 245.8 252.2 259.5 261.5 256.4 265.8 279.5 290.4 296.4 300.5 310.8 319.9 326.5 328.6 337.6 347.3 356 356.2 359.9 362.2 360.9 356.4 345.5 331.5 325.5 307 301.7 301.4 298.2 293.3
245.1 233.5 221.4 213 204.9 196.7 196.5 192 184.8 183.9 184.5 187.9 188.4 192 196.4 197.5 198.8 205.2 214.2 226.1 236.1 247.4 258.7 268.9 277 280.7 287.3 295.3 303.4 309.5 310.5 313 312.2 309 302.5 299.6 294.6 286 279.4 268.6 255.6 247.3 241.2 231.2 226.3 225.4 224.8 225.9 231.4 234.6 242.8 252.4 245.5 263 277.7 284.9 289.3 297.7 306.5 314.5 322.2 326.6 329.1 335.5 347.1 350.9 356.3 360.7 359.1 357.4 353.3 340.6 326.5 318.8 307.1 303.2 297.3 293.2 299
240.8 229.8 219.7 211.7 206.3 200 191.9 189.6 186 183.3 183.6 187 186.1 185.3 189.1 195.8 202.6 211.3 216.9 227.1 235.1 243 251.3 264 272.4 276.7 284.9 293.4 301.4 307.5 310.8 311.8 311.9 307.9 304.2 302.9 298.3 291.4 281.4 273 259.9 251.7 240.6 232.2 228.9 226.6 223.5 219.4 226 229.1 231.9 240.5 253.8 270.8 283.1 289.3 295.2 301.4 302.9 312.7 320.8 323.5 329.8 334 338.2 347.1 354.1 359.8 359.5 357.2 351.2 338.9 323.4 311.9 307.2 302.7 293.4 293 287.1
230.9 222.8 215.7 210.6 206.7 202.7 200 195 185.5 182.1 185.8 186.7 186 184.2 187.2 190 198.9 208.1 218.2 224.1 230.1 238 245.8 254.1 262 272.7 282.8 291.5 298.1 303.8 309.5 310.7 310.9 309.2 307.6 307.8 303.6 292.4 283.7 269.9 260.7 252.4 241.2 230.9 227.6 230.8 226.1 220.2 217.8 227 237.8 244.5 257 267.6 276.9 287.2 296.1 304.2 309.3 314.3 321.1 326.5 330.5 335.9 342.9 348.2 356.1 359.9 361.1 357.5 349.8 335.5 320.2 310.1 307.4 295.4 297.8 295.8 286.9
221.7 217.4 215.2 211.3 209.2 203.5 200.9 197 187.9 180.8 187.1 186.3 184.8 182.2 185.7 187.7 193.1 201 210.4 219.4 224.9 235.2 241.8 244.5 254.1 268.8 275.8 286.7 293.6 300.5 308.5 308.6 309.5 311.2 313.5 318.4 308.5 292 283.8 272.7 261.4 254.3 241.3 234.4 228.3 225.7 220.5 214.6 212 225.9 238 246.6 258.3 272.4 281.2 287.7 295.5 303.5 310.3 315.5 323.6 328.3 332.8 339 348.1 354.3 359.7 360.9 357.8 357.4 347.7 333 319.1 308.3 299.9 296.9 301.5 295.7 294.4
219 213 215.2 208 204.7 202.5 196.9 190.7 188.9 188.8 181.1 182.5 182.3 182.9 186.6 190.6 196.6 202 209.9 216.2 221.9 228.4 234.9 239.5 244.1 258 267.6 279.6 288.6 296.4 305.1 307.8 309.9 314.4 322 319.7 306.6 293.8 279.7 268.8 262.6 256.6 243.3 227.6 221.2 214.8 207.7 209.6 211.8 224.9 235.6 247.9 260.6 275.3 286 291 296 303.6 312.4 318.9 325.8 330.2 338.1 343.3 350.9 353.7 357 361.3 357.4 354.5 345.3 332 320.7 303.7 296.6 300.7 301.3 300.5 296
223.3 215 210.2 208.7 198.8 195.2 196.7 192.8 190.2 191.5 182.1 177.8 181.8 183.7 187 192.5 195.8 200.2 204.7 210.3 216.3 222.6 232.9 235.8 237.2 243 253.7 269.8 281.7 291.3 298.6 302.6 309.1 317.8 324.1 314.1 300.6 291.3 273.7 267.5 260.5 254.7 243.4 223.9 215.4 204.7 206.4 210.2 214.8 223 234.8 250.8 263.4 280.9 291.9 292.8 299.3 306.4 312.9 321.7 327.5 332.8 339.7 347.9 352.3 357 360.3 363.1 358.1 350.4 342.3 324.2 315.1 301.7 302.5 302.2 302.9 302.6 295.4
235.7 224.3 211.6 199.9 198.1 191.7 197.5 195.5 194 191.9 189.4 179.3 181.3 183.7 187.6 191.1 192.3 195.7 200.5 207.1 218.1 219.1 225.6 234.8 239.2 240 240.8 256.2 271.4 280.3 289.9 298.4 304.3 313 317.5 308.5 295 283.1 272.4 264.1 255.3 250.1 241.9 224.9 211.6 203.7 206.5 211 213.3 220.9 235.3 249 269.3 284.1 289.4 292.7 301.6 310.8 318.2 323.4 331 334.6 340.5 347.7 353.2 361.8 359.3 360.8 351.5 342.2 333.8 317.1 306.4 298.4 298.8 299.9 304.4 302 290.5
234.8 217.7 209.7 205.8 204.4 193.5 191.3 192.4 185.9 186.8 182.1 176.9 178.8 180.4 185.5 190.8 192.1 190.4 196.4 198.9 203.9 210.4 218.1 225.9 235.2 237.2 238 241.5 255.1 268.2 280.7 291.1 298.3 305.4 307 302.3 291.1 278.9 267.6 259 247.9 241.5 235 224.4 214.7 203.5 205.9 209 213.5 221.6 233.8 251.9 270.1 279.6 285.7 294.4 304.4 313.3 320.1 325.5 336.2 336.4 343.1 347.3 351.6 362.9 357.9 354 345.2 334.6 324.5 312.9 302.8 298.8 298.8 302.4 299.1 297.7 289.9
229.4 223.4 218.4 215 202.4 200.7 184.2 182.7 180.2 181.7 184.1 174.7 177.7 177.7 178.9 188.3 187.5 186.9 191 193.7 195.1 203.9 212.2 219.2 226.3 236 234.8 237.1 240.8 250.2 265.6 275.6 284.1 290.5 293.9 292.9 284.4 277.1 267.7 256.5 241.6 233.7 226.3 218.1 205.2 201.7 208.8 210.5 217.7 223.4 234.5 253.4 269 278.1 287.6 298.6 307.8 316.7 322.9 326.7 339.3 338.4 341.7 346.9 352.5 361.6 358.6 350.8 338.8 331.5 323.1 311.9 302.8 298.8 298.8 308.6 296.7 292.5 285.1
243 230.6 223.8 216.1 209.6 202.3 193.1 189.4 180.8 176.8 177.6 174.6 175.8 176.9 173.5 180.1 184.9 182.3 186.3 189.6 191.3 199.8 208.8 210.8 220.1 228 227.2 236.9 241.9 238.4 250.9 261 271 279.5 282.6 283.5 281.1 275.5 266.2 253.4 237.9 227.6 217.3 207.8 201.3 200.9 208.2 210.7 217.7 225.5 242 257.6 271.8 279.6 292.5 302 310.5 319.6 326.2 331 339.3 337.7 340.4 346 351 357.4 355 346.7 334.7 330 325.2 310.1 299.4 298.8 298.8 297.5 294.2 287.5 278.9
242.4 238.4 231.9 223.1 215.3 203.3 198.7 193.9 187.2 180.8 176.2 174.4 173.4 174.9 173.9 173.1 176.5 180.7 182.5 184.9 190.7 195.9 203.5 206.7 213.7 217.8 220.4 226.9 234.9 236.6 241.5 246.2 257.8 269.1 273.7 274.6 274.4 268.6 261.2 247.6 234.3 226.7 214.8 202.7 200.2 198.8 207.8 212.7 219.4 229.7 244.8 262.8 273.1 284.2 294.6 305.9 312.7 317.8 325.4 333 337.8 339.7 339.8 343.3 349.7 353.6 351.3 344.2 333.5 325.3 318.7 307.2 299.1 298.8 301.7 295.3 291.8 284.5 277.6
