app/static/ascii/NC45.asc
ncols 200
nrows 200
xllcorner 240000
yllcorner 950000
cellsize 50
[rows 108 to 143 of 200, columns 82 to 163 of 200]
167.7 167.6 165.8 157.2 148.3 142.8 136.9 129.7 126.4 115.5 109.4 102.9 98.7 96.7 91.9 90.1 88.7 79.6 63.4 57.1 49.1 39.4 31.4 23.7 17.8 13.1 7.1 5.3 4 3.4 3.4 3.4 3.4 3.4 3.4 3.4 3.4 3.4 3.4 3.4 3.4 3.4 3.4 3.4 3.4 3.4 3.4 3.4 3.4 3.4 3.4 3.4 3.4 3.4 3.4 3.4 3.4 12.4 18.3 25.5 33.6 42.2 52.3 62.4 75 88 102.6 117.4 132.2 143.8 158.1 161.5 164.7 173.2 181.4 186.7 193 197.3 200.6 203.5 205.1 208.8
165.2 166.9 165.9 157.5 147.8 142.6 136 128.3 121.3 113.7 109.1 100.6 92.6 93.4 90.2 85.5 85.1 73.3 64.9 58.4 46 34.9 28.9 21 15.1 10.8 4.7 3.4 3.4 3.4 3.4 3.4 3.4 3.4 3.4 3.4 3.4 3.4 3.4 3.4 3.4 3.4 3.4 3.4 3.4 3.4 3.4 3.4 3.4 3.4 3.4 3.4 3.4 3.4 3.4 3.4 10.1 14.8 22.1 26.7 35.9 46.3 58.4 65.4 77.7 89.4 103.4 119.5 134 146.2 157 161 164.6 170.2 178.8 186 192 197.3 201.7 203.7 205.7 208.9
163.2 165.4 163.1 155.7 147.8 142.6 135.5 127.5 121.7 115 110.7 94.6 88.5 86.4 87.2 82.3 79 70.5 59.8 54.9 44.6 32.9 25 18.3 13.3 7 3.4 3.4 3.4 3.4 3.4 3.4 3.4 3.4 3.4 3.4 3.4 3.4 3.4 3.4 3.4 3.4 3.4 3.4 3.4 3.4 3.4 3.4 3.4 3.4 3.4 3.4 3.4 3.4 3.4 3.4 17.6 24.2 25.4 27.6 36.5 44.8 61.5 70 80.1 92.8 108.1 121.8 136.4 147.5 154.2 158 161.6 167.4 176.2 183 190.3 194.8 200.7 204.4 207.2 209.5
160.8 162.7 160.5 153.4 145.9 141.3 134.2 125.7 120.4 115.2 101.6 91.9 85.2 79.6 83.1 80.7 74.6 65.7 55.9 50.4 38.5 29.6 23.4 16.7 11.7 3.6 3.4 3.4 3.4 3.4 3.4 3.4 3.4 3.4 3.4 3.4 3.4 3.4 3.4 3.4 3.4 3.4 3.4 3.4 3.4 3.4 3.4 3.4 3.4 3.4 3.4 3.4 3.4 3.4 3.4 6.3 21.7 28.9 32.1 34.5 43.7 51.8 67 68.3 86.9 97.9 110.9 125.4 136 144.2 150 153.7 160.5 165.3 173.6 182.8 189.7 195.3 201.2 205.1 207.8 209
159.4 160 159.2 152.3 145.3 139 131.2 122.2 117.9 110.1 96.3 87.8 81.3 70.9 75.4 78.3 72.7 60.3 56.9 47.1 34.5 25.8 20.3 15.3 8.9 3.4 3.4 3.4 3.4 3.4 3.4 3.4 3.4 3.4 3.4 3.4 3.4 3.4 3.4 3.4 3.4 3.4 3.4 3.4 3.4 3.4 3.4 3.4 3.4 3.4 3.4 3.4 3.4 3.4 3.4 12.6 25.3 31 35.5 40.2 49.1 58.4 68.6 76.8 87.2 99.4 111.6 123.8 133.5 142.1 148.6 155.3 161.9 167.9 179 191.5 193 197.5 201.7 205.4 207.7 209.9
159.1 155 157.7 150.9 144.4 135.6 126.7 120.2 115 104.8 92.2 85.1 77.9 68.8 69.2 71.9 68.1 56.4 54.5 43.8 32.6 25.7 20.4 13.2 6.7 3.4 3.4 3.4 3.4 3.4 3.4 3.4 3.4 3.4 3.4 3.4 3.4 3.4 3.4 3.4 3.4 3.4 3.4 3.4 3.4 3.4 3.4 3.4 3.4 3.4 3.4 3.4 3.4 3.4 11.5 21.5 33.8 33.9 40.1 44.3 52.4 62.5 71.1 79.2 91.4 102.2 112.6 124.2 133.4 141.1 148.9 157.7 168.8 182.7 190.2 194.6 195.4 197.3 201.5 204.4 206.7 209.2
155.4 149.9 154.9 149.5 142.2 136.1 127.5 119.6 114.7 103.2 91.1 83.7 76.8 70.5 65.1 64.4 60.3 55.7 47.7 38.2 25.9 23.6 18.8 11.6 3.4 3.4 3.4 3.4 3.4 3.4 3.4 3.4 3.4 3.4 3.4 3.4 3.4 3.4 3.4 3.4 3.4 3.4 3.4 3.4 3.4 3.4 3.4 3.4 3.4 3.4 3.4 3.4 3.4 6 17.3 25.3 32.9 39.1 43.5 47.6 57.7 65.6 72.9 85 94.9 104.3 114.2 124.3 132.3 141.8 153.7 166.4 176.1 184.1 191.1 195.9 197.2 199 202.6 205.2 207.2 208.8
155 147.2 148.5 145.1 138.2 133.9 125.3 118.9 111.4 102.8 91.7 82.3 75.2 69.4 62.1 50.1 50.8 46.7 42.5 33 25.8 21.4 15.5 9.9 3.4 3.4 3.4 3.4 3.4 3.4 3.4 3.4 3.4 3.4 3.4 3.4 3.4 3.4 3.4 3.4 3.4 3.4 3.4 3.4 3.4 3.4 3.4 3.4 3.4 3.4 3.4 3.4 3.4 8.8 15.6 22 32.4 38.4 47.4 53.1 61 69.1 76.6 88.4 97.8 106.6 114.1 123.1 132.8 146.2 158.4 170.5 179 184.8 190.8 194.4 197.3 201.7 204 205.8 207.6 210.5
154.3 145.2 143.1 142.8 136.2 128.4 120.6 116 108.5 100.6 92.1 81.7 73.6 67.7 60 55.2 47.2 37.7 33.8 27.1 21.8 18.5 13.2 8.8 3.4 3.4 3.4 3.4 3.4 3.4 3.4 3.4 3.4 3.4 3.4 3.4 3.4 3.4 3.4 3.4 3.4 3.4 3.4 3.4 3.4 3.4 3.4 3.4 3.4 3.4 3.4 3.4 3.4 9.5 20.1 28.5 35.2 40.3 47.6 56.2 61.6 69.2 79.7 89.7 99.3 107 113.3 123.2 136.2 149.3 161.2 172.5 178.7 185.7 191.3 194 198.1 202.1 204.5 206.3 208.6 215.1
154.4 143.7 141.5 143.2 134.6 123.7 114.7 107.6 101.7 95.7 88.8 80.3 71.2 63.6 53.3 49.3 44 38.7 30.1 22.3 13.7 13.4 11.6 7.7 3.4 3.4 3.4 3.4 3.4 3.4 3.4 3.4 3.4 3.4 3.4 3.4 3.4 3.4 3.4 3.4 3.4 3.4 3.4 3.4 3.4 3.4 3.4 3.4 3.4 3.4 3.4 3.4 3.7 15 28.5 37.8 48.8 54.9 61.8 63.1 68.9 75.8 80.9 86.7 95.8 106.1 111.4 123.9 139.1 151.9 164.1 174.3 180.3 186 191.1 195.8 199.5 202.6 205.7 209.8 213.7 217.1
155.6 143.4 138.5 139.7 135.4 130.4 119.3 108.6 101.4 95.5 85.6 79.7 72.7 66.3 57.9 49.3 41.9 33.2 28 22.1 19.1 13 5.9 4.5 3.4 3.4 3.4 3.4 3.4 3.4 3.4 3.4 3.4 3.4 3.4 3.4 3.4 3.4 3.4 3.4 3.4 3.4 3.4 3.4 3.4 3.4 3.4 3.4 3.4 3.4 3.4 3.9 10.3 22.6 38.4 62.6 68.4 72.1 73.6 72.5 76.2 86.7 89.8 91.9 96.5 99.5 108.3 125.7 141.8 155.4 165.6 174.2 180.5 186.6 192.4 196.8 200.1 203.9 208.1 212 216.5 217.9
154.3 145 138.6 134.3 133.6 127.8 119.7 109.5 98.6 92.7 85.7 79.1 71.5 64.9 57 48.9 40.8 33.2 26.6 20 15.8 13.1 8.2 3.4 3.4 3.4 3.4 3.4 3.4 3.4 3.4 3.4 3.4 3.4 3.4 3.4 3.4 3.4 3.4 3.4 3.4 3.4 3.4 3.4 3.4 3.4 3.4 3.4 3.4 3.4 3.7 9.6 20.8 44.3 71.2 76.8 79.7 81.3 81.2 80.7 90.5 97.7 97.3 99.6 104.9 114.6 127 133.2 147.2 159.3 166.7 173.9 181.3 186.8 193.4 197.8 200.5 203.8 208.8 214 215.7 216
153.5 144.5 136.4 134.2 126.4 119.1 116.3 109.3 100.1 93.3 85 77.5 70.2 63.3 56.4 45.5 39 31 23.9 17.9 13.9 10.2 5.6 3.4 3.4 3.4 3.4 3.4 3.4 3.4 3.4 3.4 3.4 3.4 3.4 3.4 3.4 3.4 3.4 3.4 3.4 3.4 3.4 3.4 3.4 3.4 3.4 3.4 3.6 7.1 12.6 29 42.1 61.3 72 82.9 82.7 83 83.6 96.5 106.9 113.9 120.1 120.4 116 134.8 143.1 146.2 157.7 163.5 168 174.5 181.3 187.9 194.3 198.5 201.4 204.3 208.4 210.6 210.3 209.4
155.7 142.6 133.5 130.1 123.8 113.4 109.2 105.7 97.4 91.2 83.2 74.5 67.3 62.7 55.6 39.6 31.2 26.9 21 16.8 12.9 8.2 3.4 3.4 3.4 3.4 3.4 3.4 3.4 3.4 3.4 3.4 3.4 3.4 3.4 3.4 3.4 3.4 3.4 3.4 3.4 3.4 3.4 3.4 3.4 3.4 3.4 3.4 5 8.5 29 44.3 57.1 64 73.5 80.5 83.6 85.9 102.8 114.1 121 147.2 145.5 136.3 138.2 143.1 150.8 158.2 164.9 169.2 173.6 177.9 183.6 190 195.6 199.1 201.7 203.4 205.3 206.4 206.3 205
148.3 140 131.8 128.6 121.7 111.7 101.2 90.8 83.8 84.8 79.6 72.4 66.4 60.1 47.5 39.2 29.7 22.8 15.2 15.2 10.1 7.2 3.4 3.4 3.4 3.4 3.4 3.4 3.4 3.4 3.4 3.4 3.4 3.4 3.4 3.4 3.4 3.4 3.4 3.4 3.4 3.4 3.4 3.4 3.4 3.4 3.4 3.4 8.2 25.7 41.9 54.3 64 69.8 75 83.5 96.9 99.2 112.1 119.8 130 142.5 149.5 152 149.3 147.1 154.9 162.2 168.7 173.9 177.3 182.1 186.7 190.2 194.5 197.3 199.7 202 203.9 206.5 206.3 205.2
140.2 134.4 130.2 125.3 120.8 111.7 103.1 96.3 89.1 81.8 72.8 66.3 62.1 52.3 50.1 37.2 29 23.8 17.1 13.3 9.7 6.6 3.4 3.4 3.4 3.4 3.4 3.4 3.4 3.4 3.4 3.4 3.4 3.4 3.4 3.4 3.4 3.4 3.4 3.4 3.4 3.4 3.4 3.4 3.4 3.4 3.8 12.1 28.6 42.3 51.4 60.5 74.5 79.6 89.2 109.8 107.2 123.8 141.2 155.5 155 166.6 168.7 163.8 153.8 154.2 156.8 164.9 171.4 175.9 180.3 183.5 186.6 189.2 191.9 195.1 197.6 200.1 202.5 205.1 206.6 205.3
135.4 131.1 128.8 124.2 119.1 112.7 106.9 100.8 92.3 83.6 75.3 66.2 60.3 56.6 45.3 34.5 27.8 22.2 15.7 7.5 7.2 5.9 4.1 3.4 3.4 3.4 3.4 3.4 3.4 3.4 3.4 3.4 3.4 3.4 3.4 3.4 3.4 3.4 3.4 3.4 3.4 3.4 3.4 3.4 3.4 5.1 13.6 22.3 40 44.8 54.2 68.5 83 92.9 104.2 120.1 148.1 155.3 180.9 183.2 182.8 186.2 178.9 171.4 165.2 163.9 165.1 169.1 172.8 177.1 180 183.5 185.3 188.3 191.4 194.1 195.9 198 200.4 202.6 202.1 200.9
131.6 130.1 127.1 123 118.4 113.5 106.5 99 90.8 82.3 74 65.2 61.3 55.9 43.6 32.9 24.8 16.5 9.2 10.2 9 7.7 4.6 3.4 3.4 3.4 3.4 3.4 3.4 3.4 3.4 3.4 3.4 3.4 3.4 3.4 3.4 3.4 3.4 3.4 3.4 3.4 3.4 3.4 10.5 12.7 18.7 26.2 38.8 48.6 65.1 78.5 89.6 104.2 124.1 165.5 178.2 181.4 183.9 185.1 187.6 188.5 179.5 171.9 169.5 168.9 170.1 173.6 176.3 177.4 179.5 182.5 185.2 187.5 189.8 192.5 193.5 193.7 195.5 200.2 197.2 195.9
130.8 129.2 125.7 121.7 117.4 111.3 104.3 96.7 88.2 80.8 72 63.9 59.5 51.4 40.9 33.3 20.7 12.9 13.4 11.1 9.8 7.7 5.7 3.4 3.4 3.4 3.4 3.4 3.4 3.4 3.4 3.4 3.4 3.4 3.4 3.4 3.4 3.4 3.4 3.4 3.4 3.4 3.4 3.4 13 16.5 26.9 30.3 43.8 58.5 71.1 87.3 112.9 152.9 176.6 177.1 179.4 181.2 182 185.4 189.7 187.6 177.2 173.5 172.4 172 172.4 172.8 172.7 174.7 176.7 181.2 186 187.8 188.9 190.1 191.3 191.7 192 192.2 191.9 193.2
129.5 126.8 122.9 117.4 113.1 107.7 101.1 95.4 86.8 78.7 71 62.5 57.5 50.7 39.9 27.1 16.2 15.8 14.5 12.4 10.7 9.9 9.5 4.7 3.4 3.4 3.4 3.4 3.4 3.4 3.4 3.4 3.4 3.4 3.4 3.4 3.4 3.4 3.4 3.4 3.4 3.4 3.4 7.5 12.1 16.4 24.9 32.9 49.1 64.9 82.7 119.6 149.2 164.7 171.5 176.9 176.5 177 178 186.9 190 185.5 177.4 174.6 173.5 173 172.7 172.9 172.8 174 176.4 181.6 188.3 188.4 188.7 188.7 189.5 190.2 191.1 191.1 192.6 194.9
129.3 123.6 115.2 107 103 95.3 85.2 82.9 85.7 77 70.1 62 57 52.3 42.4 28.9 20.5 17.3 15.4 13.2 14 22.5 24.2 16.6 6.4 3.4 3.4 3.4 3.4 3.4 3.4 3.4 3.4 3.4 3.4 3.4 3.4 3.4 3.4 3.4 3.4 3.4 3.6 10.7 12.6 19 30.3 41.3 55.3 75.8 128.4 149.7 156.8 163.8 167.6 169 168.3 170.2 174.6 182.5 187.3 183.9 178.8 175.5 174.3 173.4 173 173 173.4 174.2 179 180.9 182.6 184.7 185.2 186.1 189.5 191 191.8 192.9 194.4 196.8
126.6 119.3 114.1 119.1 110.4 98.5 89.2 83.9 79.5 72 63.4 54.7 57.1 42 41.6 27.4 23.2 19.5 16.8 20.2 23.6 35.7 39.1 31.1 13.5 7.6 3.4 3.4 3.4 3.4 3.4 3.4 3.4 3.4 3.4 3.4 3.4 3.4 3.4 3.4 3.4 3.5 10.6 14 13.9 22.8 35.8 53.4 79.2 107.8 137.9 142.6 148.4 154.3 170.2 168.4 165.9 165.9 171.2 173.7 179.3 184.5 180.1 176.3 173.8 172.6 172.2 172.4 172.9 174 177.9 179.9 180.7 181.6 185.7 188.3 190.4 192.2 193.4 194.9 196.8 199.2
119.4 124.2 124.9 120.8 113.5 100.5 91.7 85.4 79.3 71.1 66.7 57.7 52.3 49.7 41.5 35.8 25.7 24.2 27.7 33.1 37.3 48.4 43 31.1 21.2 15.5 3.4 3.4 3.4 3.4 3.4 3.4 3.4 3.4 3.4 3.4 3.4 3.4 3.4 3.4 6.8 14.1 19.3 20.1 17.6 23.1 38.4 64.5 97.5 119.1 123.3 129.7 136.7 157 168.2 169.6 166.9 167 170.3 172.5 175.8 178.7 177.9 174.3 173.1 171.9 171.2 171.1 172.4 175.3 176.5 177.9 178.7 183.8 187.3 188.9 190.6 192.5 194.3 196.1 198.5 202
123.2 128 125.5 120.9 116.2 109.1 101.7 91.8 83.7 78.3 68.8 59.7 55.6 51.5 41 37.3 29.7 30.8 36.4 45.9 51.2 58.9 47.4 30.2 25.5 18 3.6 3.4 3.4 3.4 3.4 3.4 3.4 3.4 3.4 3.4 3.4 3.4 3.4 3.4 4.2 9.3 20 20.4 20.2 29.9 48.7 73.6 101.7 114.5 120.5 123.8 131.4 150.4 162.6 167.9 164.2 165.7 169.9 172.1 176.2 177.1 175.1 173.3 172.4 169.5 171.8 172.4 173.9 177.4 179 180.3 182.8 185.3 188.2 190 191.1 193 195.2 199.2 201.6 206.1
124.6 128.7 126.2 122.3 118.4 112.1 105.8 97.4 87.1 80 72.2 61 55 50.9 40.2 40.4 31.1 37.9 45.6 57.1 65.7 72.4 52.6 35.4 29.8 22.9 15.3 3.4 3.4 3.4 3.4 3.4 3.4 3.4 3.4 3.4 3.4 3.4 3.4 3.4 3.4 6.9 13.8 21.1 27.1 41.7 59.1 77.1 98.5 110.8 116.8 118.6 126.4 139.9 147.5 157 159.3 164.6 166.8 172.1 173.7 174.1 173.4 172.3 171.4 170.2 171.9 172.8 176.2 177.1 178.4 180.8 183.2 186.7 189.2 191 192.3 194.1 198.5 202 204 207
126.7 129.1 126.9 123.5 120.2 114.2 107.4 99.3 89.7 81.8 72.4 62.1 56.1 49.1 42.6 42 35 43.2 56.8 64.5 73.5 81.1 59.1 42.7 36 31.8 21.9 11.6 3.4 3.4 3.4 3.4 3.4 3.4 3.4 3.4 3.4 3.4 3.4 3.4 3.4 4 10.4 25.8 35.4 49.2 61.2 73.1 86.5 99.5 106.2 110 118.2 130.7 133.7 148.6 155.1 158.6 167.7 169.7 171.1 171.9 171.7 170.9 169.4 170.8 172.5 174.3 175.3 174.8 177.2 179.7 181.5 186.5 189.6 192.1 193.9 196.6 200.2 203 205.1 208.3
127.3 128.9 127.4 124.9 122.2 115.8 108.5 101.8 91.1 83 73.5 64.2 57 49.4 44.3 40.1 44.9 47.3 62 74.2 81.1 82.3 57.9 47.5 37 32.8 31.8 32.6 30.8 3.4 3.4 3.4 3.4 3.4 3.4 3.4 3.4 3.4 3.4 3.4 3.4 3.4 12.9 36.6 49.6 59.6 62.8 74 84.8 94.6 96.9 100.4 118.8 133.3 139.3 145.9 149.5 154.9 162.4 165.2 167.7 170.1 170.1 168.3 169 171.5 172.9 173.7 170.7 175.7 179.9 182.1 183.6 185.1 189.9 192.6 195.3 198.5 200.8 203.3 207.1 211.2
129.4 130.2 128.9 127.1 124.4 117.3 110.4 103.3 93.5 85.5 74.2 66.7 60.1 53.3 44 44.8 53.7 58.8 78.3 86.9 85.4 79.2 63.4 51.6 37 35.4 36.7 41.8 42.2 16.8 3.4 3.4 3.4 3.4 3.4 3.4 3.4 3.4 3.4 3.4 3.4 3.4 25.6 48.9 55.4 61.9 67.7 75.2 81.4 88 94.4 92.4 115.2 132.8 137.6 138.2 148.7 155.7 159.1 159 163.6 167 165.8 166.8 169.3 170.8 171.3 168.6 171.5 177.1 180.6 183.8 186.5 186.9 190.4 193.6 197.3 200.2 202 205 209.5 212.5
132.6 131.2 131.7 129.7 127.3 119.1 113.3 106.3 96.6 88.2 76.7 67.9 63.1 57 46.3 51.9 57.8 71.7 86 88 82.6 76.1 61.5 50.1 37.5 39.4 46.9 51.9 45.2 17.6 3.4 3.4 3.4 3.4 3.4 3.4 3.4 3.4 3.4 3.4 3.4 9 39.5 45.1 54.6 59.9 62.7 69.3 74.4 80.4 83.3 88.6 108 125.2 128.1 134.2 148.6 148.3 152.6 159.5 160.7 161.1 159.9 165.9 167.2 166.1 163.5 169.9 174.6 177.7 180.7 182.6 187.6 191 192.6 197.2 199.8 201.1 204.4 205.9 207.8 210.5
135.5 131.7 134.5 132.8 129.4 122 115.3 110.5 99.7 91.4 81 71.3 66.8 62.2 53.8 62.2 68.7 83.6 100.3 89.4 80.8 71.2 58.7 50.1 41.5 45.8 49.1 52.9 41.4 13 3.4 3.4 3.4 3.4 3.4 3.4 3.4 3.4 3.4 3.4 8.6 13.1 31.5 39.8 50.6 58 59.4 63.5 67.1 69 71.9 87.4 107.5 120.7 125.4 133.7 138.4 143.3 149 155.6 155.2 159 161.7 162.2 162.5 159.8 166.3 171.8 176.2 180.4 184.2 187.7 188.8 193.8 198 196.8 198.7 201 203.1 204.5 207.6 210.9
138.5 133 137.7 135 129.9 129.9 121 115.9 103.9 96.2 85.2 76.2 72 65.4 62.5 68.5 74.7 101.6 109.8 93.9 79.3 77.6 63.6 52 43.6 45.7 47.9 48.3 39.7 5.9 3.4 3.4 3.4 3.4 3.4 3.4 3.4 3.4 3.4 3.4 12.2 14.8 27 37.7 44.2 47 50.8 58.4 62.2 57.2 73.9 97.2 104.7 114.5 129.1 136.1 141.7 148.8 147.8 149.8 152.4 158.5 157.5 158.1 155.4 161.8 168.1 173.3 178.2 182.4 186.5 190.4 193.6 195.6 198.4 199.8 200.6 202 203.3 205.7 208.3 211.3
138.8 136.8 140.6 138.5 136.1 134.9 128.6 120.5 109.4 100.8 90.5 81.8 77.4 67.7 70.9 75.9 83.5 106.7 107.8 93.4 79.8 78.6 65.4 53.1 43.8 42.3 42.7 38.9 26.2 3.4 3.4 3.4 3.4 3.4 3.4 3.4 3.4 3.4 3.4 6.9 14.5 19.3 28.1 36.5 35.1 37 42.7 52.2 54.2 54.7 81.1 98 102.5 114.8 125.9 134.4 143.6 143.9 141.8 145.3 154.9 153.9 153.1 153.3 157.4 164.3 170.2 174.7 179.5 184.5 188.5 192.4 195.3 198.6 200.2 201.3 201 202.6 204.4 206.4 208.8 211.9
142 142.8 142.7 142.6 143.8 140.5 135.1 126.1 114.4 105.2 94.9 86.3 82 74.4 79.2 80.8 92.1 100.9 98.4 87.5 79.1 73.8 65.4 52.9 41.4 40.1 35 30.8 13.6 3.4 3.4 3.4 3.4 3.4 3.4 3.4 3.4 3.4 3.4 4.1 11.8 16.6 27 27 24.9 35.6 39.1 41 43.9 59.8 82.5 91.6 100.3 113.5 127.8 134.7 137 138.7 131.2 145 150.2 148.7 153.6 155.9 160.8 166.7 171.2 175.7 181.4 186.2 190.4 193.3 197.3 200.3 201.4 201.7 202.4 202.8 205.9 209 209.3 215.8
145.5 146.2 147.7 146.6 148.2 145.2 139.1 130 119.6 109.2 99.4 88.1 82.1 82 87.4 86.7 93.4 97.5 95.1 87.5 77.8 71.5 60.1 45.5 39.6 37.6 26.1 19.2 3.4 3.4 3.4 3.4 3.4 3.4 3.4 3.4 3.4 3.4 3.4 4.2 7.5 11.9 16 20.5 27.9 32.5 37.3 37.3 42.7 61.3 79.9 82.5 94.1 114.3 121.5 129 128.8 125.3 125.7 135.2 141.8 147.5 152.6 158.3 163.4 168.2 171.4 177.1 183 188 192 195.8 198.9 201.8 202.6 201.3 203.2 209.2 213.6 214.6 217.9 222.6
151.3 152.1 151.6 150.5 154.5 150.5 142.9 134.7 122.1 110.9 99.7 88.6 89.1 91.3 93.6 89.7 92.9 100.3 97.6 85.1 78.4 68.7 52.5 45 35.8 32.6 22.9 9.5 3.4 3.4 3.4 3.4 3.4 3.4 3.4 3.4 3.4 3.4 3.4 3.6 6.6 15.5 20 24.5 29.5 34.5 35.8 37 49.4 69.2 75.5 84 94.4 111.1 116.1 117.1 110.6 118.9 136.3 142 142.4 147.2 149.4 155.6 161.3 166.2 170.7 177.6 184.9 190.6 195.1 198.7 201.3 203.3 203.9 206.4 211.5 218 220.7 223.5 227.1 232.4
157 157.7 154.7 153.4 154.1 155.6 149.1 138.1 121.3 107.6 98.9 91.2 99.7 98.3 93.1 92.2 93.2 101 95.9 85.6 75.8 59.1 50.2 41.7 34.9 29.2 17.2 3.9 3.4 3.4 3.4 3.4 3.4 3.4 3.4 3.4 3.4 3.4 3.4 5.6 6.9 14.1 18.8 25.9 30.6 37.5 37.9 40.6 55.1 63.6 74.2 84.4 92.6 104.8 102.5 95.6 113.6 128 134.9 139.5 142.9 146.4 152.4 159.1 160.8 167.7 172.8 178.1 186.3 192.8 198 202.8 205.4 209.7 210.4 214.5 225.9 226.6 228.4 230 236.2 237.6
