app/static/ascii/NC46.asc
ncols 200
nrows 200
xllcorner 240000
yllcorner 960000
cellsize 50
[rows 111 to 147 of 200, columns 0 to 82 of 200]
68 68 68 68 69.4 71.5 75 85.2 92.7 101.4 108 113.1 115.5 122.5 131.5 133.4 130 127.1 128 130.9 129.7 132.8 134.9 131.4 130.8 131 132.2 121.7 138.2 148.6 157.3 160.1 160.6 162.6 166.1 176.3 184.8 200.5 214.5 236 266.3 299.9 331.8 359.2 368.4 363.3 364.1 355.9 355.4 354.6 345.2 335.7 332.7 321 306.9 289.7 285.1 282.6 276.2 261.3 248.6 245 233.7 206.8 187.3 169.2 161.3 162.1 166.1 162.1 155.5 150.2 138.3 131.7 126.9 123.7 118.2 109.8 103.9 98.2 98.5 98.5 92.5
68 68 68 68.8 73 74.4 79.3 87.5 95.3 102.9 110.5 114.3 116.8 122.6 131.1 133.5 128.7 129.1 125.3 138.7 136.2 138.5 139.8 140.1 136.7 132.8 132.5 134.8 133.9 145.2 155.5 157.9 158.7 160 165.4 169.3 177.3 190.8 208.7 228.5 267.4 303.4 325.8 348.1 353.6 362.2 354.1 349.3 344.8 334.7 329.9 322.4 315.3 302.1 289.4 285.7 284.8 278.5 267.5 253.7 254.1 248.2 233.8 204.1 177.9 166.6 169.6 167.6 168.5 166.3 157.8 145.6 136.5 129.6 123.5 118.4 112.9 107.6 104.4 101.8 102 99.6 94.8
68 68 71 71 75.1 76.7 80.5 90.7 98 105.9 113.9 116.8 119.8 124.5 132.1 130.5 131.2 130 130.7 140.1 139.9 142.1 142.7 140.6 140.7 135.9 140.6 140.5 141.3 137.1 147.8 153.9 157.4 160.2 161.4 164 174.8 187.9 198.1 224.8 259.9 289.9 312 324.3 338 341.6 331.4 325.8 326.8 323.9 321.5 316.1 307.2 295.3 288 280.9 278.8 274.7 271.6 259.5 248.1 236 207.7 188.7 174.9 173.6 173.2 175.1 176.5 169.9 157.9 149.4 137.7 130.2 126 117.6 107.6 107.4 107.9 105 99.3 96.1 91.7
68 73 75.4 75.9 78.4 81.9 88.5 95.8 103 109.5 116.8 121.7 124 127.5 129.1 131.8 132.2 131.7 138.5 141.7 147.7 148.1 145.9 143.5 141.1 140.8 143.8 150.1 150.3 149.9 147 152.2 152 154.2 159.5 165.5 173.1 182.5 194.6 220.7 242.7 260.2 285.8 304.7 308 304.1 311.9 326.6 316.9 314.1 315.2 316.1 310.9 302.7 289.6 285.9 280.5 264.5 253.3 241.3 238.2 226.6 205.1 184.9 181.3 184.1 183.4 195.4 189.9 179.3 161.7 152.3 141.6 133.1 123.9 111 108.1 108.4 114.1 106.4 99 91.9 83.3
71.2 76.8 76.4 78.9 84.6 87.9 92.5 102 108.8 117.2 122.8 127.3 129.2 132.7 135 138.9 134.8 141.4 143.1 145.1 148.6 149.9 152.9 150.2 144.2 150.1 147.2 157.3 160.3 160.3 152.1 152.4 156.9 155.1 157.6 161.9 168.5 183.2 191.4 205.5 225.7 253.8 272.1 276.3 287.7 297.9 305.3 314.2 317.1 310.9 314.4 312.6 307.7 301.7 289.2 275.9 266.2 257.6 253.4 248.2 244.3 229.5 199 193.3 190.4 190.1 199.3 201.5 196.2 185.6 166.7 154.1 148.6 137.2 126.4 113.2 108.3 108.5 111.1 104 96 83.8 71.1
72.8 79.3 81.9 87.3 90.8 94.1 98 105.2 115.1 123.4 130.7 134.6 133.2 136.3 139.6 143 141 140.3 143.5 149.2 152.2 153.6 156.8 156.7 156 148.3 155.9 157.8 166.8 167.8 161.8 156.1 157 157.4 157.3 160.8 163 174.9 188 199.6 229 245.4 254.5 267.7 276.4 284.6 298.4 310.3 305.9 307.4 308 306.9 302.6 300.4 290 282.8 269.6 263.7 259.7 256.5 243.9 216.4 207.6 207.3 204 199.3 200.9 200.4 195 183.4 165 160.3 149.6 139.1 128.5 114.1 109.1 107.5 108 100.5 87 73.7 62.8
82.9 85.2 89.2 92.6 97.7 99.7 104.9 107.6 121.7 126.4 135 140 139.4 139.3 143.4 149.8 148.2 145.2 146.2 154.9 158.6 160.9 158.8 162.4 160.6 161 161.1 162.9 168.2 174.1 170.9 161.4 158.2 160.3 160.1 160.3 164.3 165.9 177.3 194.7 221.3 238.4 253.9 263.2 274 286 287.3 292.9 298.6 303.5 302.8 301.7 298.4 296.8 294.3 276.2 272 266 261 250.8 234.6 217.5 218.2 217.8 211.8 200.9 199.4 198.2 193 179.7 174.2 168 153.5 139.7 129.8 116.7 109.9 104 101 90.5 73.4 66.4 67.6
90.3 94.1 100.5 101.4 103.9 107.2 109 111 119.5 127.2 139.6 145 146.1 144.9 150.9 154.9 153.3 147.8 147.9 155.1 164.3 169.6 167.2 164.6 165.1 168.4 170.4 172.4 172.2 182.5 183.7 172.9 164.2 162 162.8 163.7 169.2 167.8 183.5 195.7 205.8 231.3 244.6 260.8 274.1 280.7 287.7 289.8 291.2 293.7 296.1 299.9 300.5 294.4 290.9 283.5 272.3 266.1 255.7 237.2 220.6 219 219.7 215.5 209.8 199.5 197.4 198.7 192.2 184.6 177.1 168.3 153.7 142.4 129.3 117.5 105.8 101.2 93.9 82.4 70.1 70.2 70.1
95.1 102.3 108.3 107.7 111.6 116.5 112.5 114.2 120.5 127 144.3 151.6 153.3 157.5 158.1 158.9 157.5 153.8 153.5 153.4 164.7 170.6 175.6 174.6 170.3 174.7 177.7 175.5 181.4 188.6 189.1 181.7 170.9 167.2 165.4 167 171.4 181.2 179.1 191.1 203.7 225.5 248.2 270.5 279.2 285.4 290.9 289.1 288.9 292.5 293.5 293 294.4 292.5 287.4 283 276.7 260.9 230.7 221.9 219.1 219.8 215.5 210.8 203.5 194.8 191.3 193.9 189.7 183.4 176.4 168.9 157.9 148.8 131.9 117.1 106.8 93.3 84.6 81.3 81.9 79.2 74
102 109.6 110.7 113.2 121.5 123.8 117 117.7 122.7 127.8 146.3 157 160.5 164.7 165.6 164.9 164.5 162.8 161.2 157.7 165.2 169.6 175.9 177.8 178.1 176 179.7 186.5 193.6 197.6 198.8 196.6 180.2 174.5 170.6 168.5 174.1 187.4 196.7 199.2 206.4 212.6 238.7 260.6 275.6 283.9 284.7 283.7 283.6 281.7 285.3 286.5 286.9 288.9 288.4 281.7 275.7 234.4 222 219.1 219.1 219 214.1 208.7 195.6 186.2 185.1 183.4 184.1 184.4 178.4 170.5 164.2 151.9 130.8 121.2 109.7 96.1 90.3 88.5 85.8 83.3 79.9
109.7 112.2 117.1 119.5 129.5 127.8 118.6 121.9 126.1 132.2 144.6 158.9 166 170 172.9 171.4 170.1 171 170.9 169.4 171.7 171.4 172.9 175.9 181.3 180.5 182.8 192 200.7 206.6 207.9 203.9 190.9 181.6 178.1 174.3 173.1 186.1 205.7 217.8 218.6 223.3 241.8 257.3 273 277.2 274 269.3 269.1 272.2 277.7 279.1 279.2 281.4 278.9 273.7 240.3 220.7 219.1 219.1 219.1 220.4 212.8 203.7 192 184.4 183.2 181.9 183 182.1 175.4 167 159.9 149.7 130.4 120.9 110.8 99 91.6 91.8 89.4 87.9 70.5
114.8 118 123.7 125.4 133.9 128.5 125.6 126.4 130.4 140.5 150.5 159.4 169.3 174.9 178.5 177.5 177.3 180.3 178.9 176 176.6 178.4 178.2 175.8 177 180.3 185.1 192.1 199.4 209.3 216.2 210.6 203.1 195.3 184 182.6 179.6 180.6 200.6 215.7 231.9 234.7 241.4 248.7 258.4 262.4 264.8 264.2 265.7 267.2 270.7 272.6 274.6 270.8 263.6 248.9 226.6 220.4 219.1 221.7 225.5 220.4 213.2 204.4 197.4 195.7 190 184.8 179.6 177.8 172.8 163.1 153.5 141.7 129.1 120.4 111.4 100.8 93.4 91.7 92.2 80.5 63.2
118.9 123.2 130.3 131.7 133.1 131.9 130.4 132.7 138.9 148.6 156.3 159.9 170.6 176 180.9 181.6 185.3 191.2 190.1 182.6 184.9 180 182.5 183.8 185.7 189.5 193.9 196.6 201.5 208.2 221.6 222.5 218.4 206.2 192.3 187.9 185.6 182.3 191.6 206.9 221.4 230.3 236.2 246.3 249.8 250.7 253.9 259.4 262.9 266.2 268.8 269.4 267.6 260.5 254.3 239.4 227.7 221 226.1 233.5 235.3 229.3 223.6 215.9 211.6 205.7 199.8 189 180 176.1 170.7 159.9 147.9 132.8 124.2 118.9 114.1 101.3 94.1 87.1 74.7 69 65.4
120.9 128.2 134.3 135.7 136.5 135.8 134.5 140.4 147.6 157.7 164.8 165.9 171.5 176.4 181.8 185.2 194.5 199.2 197.8 192.8 188.5 184.4 184 187.7 194.6 199 204.2 208.7 213.6 212.7 216.8 225.7 221.7 211.6 201 193.2 190.1 189.8 188.4 203.7 209.8 220.5 239.7 249.6 246.8 247.1 252.1 258.8 264.7 269.7 267.4 263.6 259.9 247.4 237.9 231.7 224.4 226.7 231.8 233.9 234.5 227.6 219.5 214.9 210.3 205.3 199 191.7 183.3 172.5 165.9 156.7 145.5 131.2 122.6 118 108.3 100.1 82.1 79.3 76.6 74.7 75.2
121.6 131.8 136.1 138.1 139.1 138.3 141.3 148.9 155.5 166.3 175.7 172.2 175.6 176.9 183.4 188.5 196.7 206.5 209.6 201.2 194 192 185.7 194.4 200.1 207.9 211.9 217.2 223.2 226.4 230.4 231.8 222.5 222.2 214.8 200.5 192.9 195.9 193.5 197.1 217.4 238.8 256.5 268.4 265.5 255.3 253 256.5 262.9 267.9 267.4 258.7 250 234.9 228.8 225.5 224.8 231.5 235.1 233.1 227 223.8 214.6 212.2 208.6 200.8 195.5 190.1 181.5 171.7 160.9 152.9 143.4 130.2 121 115.7 101.2 86 83.8 87.9 88.6 81 72.6
124.3 133 138.1 141.5 143.2 144.7 150.4 157.7 166.3 174 182.6 179.9 183.5 183.7 187.5 192.5 198.1 209.2 215.6 204.9 199.5 197 194.3 194.5 206.5 217.6 223.3 222.9 230.2 234.7 235.8 241.1 237.1 229.4 221.2 210.5 197.8 198.8 199.9 199.6 207.9 224.4 250.4 271 271.9 265.8 262.3 258 255.9 259.4 256.3 244.3 232.5 226.9 225.3 224.1 223.8 227.1 228.2 226.2 223.1 217.6 211.8 209.5 207.2 199 193.2 184.2 177.3 168.6 158.6 148.6 137.9 128.7 119.3 107.9 93.7 89.7 92.9 94 89 79.3 70.5
127.2 135.2 141.6 146.5 147.6 152.9 161.2 170.8 175 178.5 183.9 190.6 194.5 194.1 194.5 198.7 199.6 209 217.4 212.5 206.5 207.2 206.2 198.2 204 219.3 229.8 235.1 232.9 237.6 239.4 243.8 241.9 239 234 211.4 201.4 201.1 203.1 203.2 213.5 227.5 250.6 268.9 278.6 274.7 267.1 260.6 253.5 246.2 237.7 228.4 225.7 225.4 224.9 221.6 220.6 220.1 220.7 221 221.4 216.4 209.5 205.6 201.8 195.2 185.6 179.5 172.6 165.3 154.3 142.3 133.5 121.5 115 100.9 95.3 96.4 97 90.9 86.2 76.1 67.8
131.6 137.3 144.1 149.4 155.3 162.8 173.9 179.7 182.2 181.8 189.9 200.8 206.1 206.4 205.8 208.1 207.9 207.4 214.1 216 212.9 213.7 209.6 205.2 206.7 222.1 236.5 239 243.9 241.3 241.8 251.7 251.2 243.9 233 225.5 206.5 204.5 204.1 207.4 215.8 227.8 245.4 262.2 272.8 277.2 270.9 258.9 247.3 241.3 231 225.3 223.8 223.5 223.7 220 217.6 215.8 216.1 214.6 211 208.7 204.4 198.1 193.4 186.8 180.3 174.5 166.1 159.4 149.2 139 128.6 116.6 109.2 97.9 97.7 100.5 94.5 87 77.5 71.5 65
132.4 140.5 149.8 153.8 163.2 173.2 180.9 187.7 187.9 193.9 204 211.9 214.8 218.5 216.8 219.8 222.7 215.5 218.4 219.1 224.3 221.7 223.5 224.2 215.3 226.2 234.7 245.4 259.3 268.1 269.1 263.5 260.2 254.7 242.5 224.8 217.5 209.1 208.5 207.7 216.4 227.6 240.1 255.7 270.9 270.4 264.8 252.8 245.1 238.1 226.9 224.5 223.4 223 220.3 218 216 211.4 208.3 205.1 204.2 202.4 198.8 192.8 187.3 182.1 176.7 168.7 161.7 152.3 140.9 133.7 122.3 113 103.3 97.7 102.2 99.1 94.3 83.7 74.6 66 63.1
134.2 144.7 152.5 163.7 173 180.4 188.5 193.8 194.8 207.6 216.3 221.2 222.8 227 229.4 231.9 238.8 229.3 234 233.6 227.2 228.2 240.1 246.7 238.8 233.2 243.6 267.4 286.7 295.9 290.1 281.8 267.5 257.5 245.3 234 226.5 218.4 213.9 208.1 214.9 232.2 246.8 254.8 263 262.8 257.3 249.7 245.2 232.9 224.9 224.4 224.4 226.3 221 214.8 210.8 207.3 203.1 198.4 197.5 196.6 192.4 184.2 179.5 175.2 170.8 162 154.7 147 135.7 127.1 119.4 110.7 100.5 101.5 103.8 98 94 80.5 70.9 63.3 57.9
138.6 148.2 158.3 172.9 181 189.4 196.2 199.2 207.2 217.2 227 233.5 231.6 234.4 239.2 248.3 249.7 246.1 251.7 251.7 253.4 238.8 239.7 260.3 255.9 247.5 262.5 274.9 303.8 310.2 307.4 290.9 282.7 273.5 262 243.6 234.2 221.1 217.1 210.5 217 231.9 244.6 252.4 253 255.5 253.6 250.3 245.1 228.2 225.2 225.4 228.4 224.8 219.5 213.8 207.9 201.9 198.9 194.9 191.9 187.7 181.1 172 168.7 167.7 163.9 157.1 148.4 137.4 132.4 122.4 115.9 106.2 101 102.6 101.1 101.4 90.8 77.5 70.1 62.9 48.3
140 150.2 164.8 177.8 185.2 193.7 201.2 206.5 218.1 226.2 235 237.6 240.1 245.6 255.9 263.2 270.5 268.1 265.2 272 277.6 269.1 252.8 254.6 261.3 268.1 273.1 291.4 301.8 320.8 322.8 312.9 304.8 299.8 280 266.7 246 231.7 217.7 213.2 216.8 228.3 238.7 244.3 247.2 252.3 256.1 251.5 238 227.1 225.7 230.3 230.1 224.7 215.7 210.3 204.2 198.7 193.3 192.2 183.7 175.3 168.3 163.4 160.9 160.6 156.2 147.9 139.8 133.7 128.1 120.5 113.8 105.2 102.7 102.5 101.7 100.3 85.3 74.3 67 58.1 48.7
149.8 162.7 168.3 187.9 186.5 194.3 205.9 215 227.8 236.4 242.4 245.8 249.3 259.3 273.1 280.2 286.2 283 291.1 302.8 296.2 291.8 284.4 275.1 279.2 279.2 287.5 300.5 310.7 314.5 328.6 322.8 316.3 310.2 293.1 274.4 261.1 241.3 227.8 219.7 217.7 227.5 237.2 243.3 250.3 253.3 255.6 247.4 234 227.9 228.1 229.5 227.9 221.2 213.3 208 201.6 195.5 186 183.3 175.3 169.3 163 159.1 156.1 151.6 145.1 138.9 135.4 129.1 123.9 117.8 111 101.3 102.5 101.7 102.9 93 80.4 70.2 62.2 52.4 44.7
159.3 173.4 181.4 191.6 192.2 198 207.9 219.5 232.4 241.2 247.1 256.3 263.7 272.7 283.8 298.4 303.1 304.5 316.3 318.1 325 332 314.3 300.7 306.9 311.1 295.2 301.9 319.4 324.1 324.3 330.2 323.3 316.7 306.3 282.6 265.9 253 234.7 226.8 221.6 230.3 235.9 241.2 251.2 253.1 252 242.3 234.3 230.9 229.3 228.3 225.3 218.2 211 205.6 200.1 190.9 183.3 177.6 171.9 167 160.7 154.8 149.8 143 137.8 133.2 128.7 124.8 120.1 114.4 108.6 98.9 102.6 101.2 98.8 89.7 76.5 69 53.6 49 44.1
172.1 190.4 192.4 188.5 200.4 208.2 214.9 221.4 230.8 240.3 254.9 265 272.2 283 297.8 311.9 318.2 330.3 334.5 338.3 354.7 369.9 362.2 335.2 349.5 337.6 323.9 307.3 306.7 322.4 320.6 328.7 323 314.8 299.4 288.1 273.3 257.2 241.3 230.3 221.7 233.1 237 240.3 245.5 252.5 247.7 240 237.1 234.3 230.4 225.1 221.9 215.3 209.8 203.9 199.4 187.9 179 173 168.2 161.5 157 150.7 143.9 138.2 133 128.1 123.7 120.5 115.5 109.4 99.4 98.2 99.9 99.2 92.6 82 73.8 62.7 51.7 43.4 41.7
185.9 200.9 200.6 190.6 198.7 218.6 222.9 227.7 236.8 244.6 253.6 272 279.7 296.3 305 320.2 329.6 338.6 353.4 359.8 382.6 393.8 396.8 377.3 361.1 356.5 341.6 323.6 308.1 305.8 312.3 313.6 315.4 314.2 303.1 288.3 284.4 262.6 248.1 232.2 222.6 236.7 240 240 240.9 246.2 244.6 236.6 238.2 233.9 230.5 224.8 217.6 211.9 207.2 202.5 199.6 184.7 176.9 169 164.7 159.4 151.8 147 140.7 132.6 128.4 125.5 120.8 116.5 112.6 103.1 93.9 94.7 97.2 97.8 89.1 76.8 70.1 56.5 50.1 40.5 34.5
200.4 205.9 204.5 193.1 198.7 215.1 229.7 234.3 241.6 257.2 274.4 279.5 294 300.9 309.8 328.7 337.7 347.6 364.7 387.6 402.6 407.9 404.5 394.7 377.7 364.5 347.9 336.9 326.1 311.7 305.6 303.7 306.3 307.4 304.2 294.1 284.9 272 257.9 242.1 224 240.4 244.3 243.3 241.2 240.7 238.7 234.2 233.4 229.7 229.2 223.4 216.1 211.3 205.6 203.8 198 181.1 173.5 165.9 160.1 154.7 148.8 142.5 136.3 130.1 125.5 121.3 118.4 115.1 106.9 98 92.1 94.1 97.6 91.3 80.9 72.6 58.5 51.7 46.9 36.6 29.7
211.7 209.7 201.8 195.6 198.1 212.1 230.9 237.3 255.7 274.8 284.5 291.4 300.9 303.9 313.6 332.5 345.7 354.8 378.3 400.8 408.9 406.3 400.6 396.5 383.8 372.4 358.3 342.9 333 326.7 312.3 302.1 301.4 299.5 300.1 294.1 288.5 277.4 266.4 251.8 231.6 243.7 249.9 249.7 244.7 238.8 233.9 231.6 229.4 225.2 222.1 218.8 212.1 207.5 202.7 202.4 187.8 178.1 171.3 163.5 157.1 151.4 145.8 139.1 132.9 126.4 122.8 118.6 115.7 112.2 105 97.7 89.5 92.9 91.4 82.6 74.9 64.3 58.2 48 40.5 34.4 31.5
219.5 217 200.3 201.5 204.5 215.3 235.2 241 263.7 286.2 304.5 299.4 304.6 312.7 322.7 331.7 348.8 367.7 383.1 401.1 406.5 404 400.2 394.3 386.9 378.5 364.8 347.5 333.9 332.3 317.4 306.9 297.3 295.2 294.1 292.8 288.5 279.5 266.7 254.8 246.9 248.2 251.2 251.1 246.3 237.1 232.2 230 227.7 223.6 216.5 213.3 210.2 203.5 198.7 194.4 182.8 175.1 168.2 161.7 154.9 148.4 142.8 135.8 129.7 124.6 120.4 116.7 113 107.8 101.4 95 85.8 84.3 82.4 75.8 68.4 62.5 51.1 44.6 37.7 35.4 25.8
236.2 227.8 214.2 219.5 223.5 237.5 244.4 240.9 257.1 290.3 304.2 317.4 320.1 322.1 332 344.5 354.2 368.6 387.2 397.3 404.4 403.4 399.9 391.6 384.7 375.9 362.3 349.9 328.6 321.6 317.3 307.4 299 290.8 288.5 286.9 283.8 275.8 264.3 259.9 253.3 250.6 251.5 253.1 245.8 233 230.7 229 227.6 223 213.5 208.8 206.2 200.4 195 187.8 180.1 172.9 166.9 160.3 153.3 146.5 140.2 132.4 126.4 121.8 118.5 113.9 108 104.1 99.6 92.1 80.2 75.8 74.8 68.7 64.4 56.5 46.6 39.6 38.5 30.2 24.9
245.4 232.5 238.2 249.2 247.1 265.1 264.1 251 253.3 275.7 305.6 325.8 338.6 337.5 343.4 358.6 365.8 369.8 382.3 397.6 401.1 400.8 395 388.3 380.8 371.5 355.6 345 327.4 316.7 311 305 299.3 289.9 285 276.7 272.6 269.7 265.4 263.2 254.8 249.9 248.6 251.6 244.7 231.3 229.2 228.4 223 218.6 211.1 205.6 201 196 190.6 185.2 177.4 170.8 164.3 157.9 150.8 143.8 136.8 129.6 123.5 118.8 114.6 109 103.9 101.3 94.7 84.2 76.6 71.5 63.8 61.6 58.1 51.9 40.4 33.2 33.1 26.2 23.4
248.6 246.1 266.4 272.1 264.4 279.4 282.1 267.5 261.1 274.4 300 327.3 342.1 347.1 354.5 372.1 383.2 380.5 385.1 399.1 409.9 404 392.5 385.5 378 365.7 357.7 344.5 328.9 313.2 308.4 301 297.6 287.2 281.2 274.1 266.9 264.7 265.5 260.8 253.3 248.5 246 245 234 230.1 228 225.6 219.7 214.7 210.1 203.6 197.2 191.4 186.2 181.7 174.4 168.9 161.5 153.7 146.6 141.2 134.4 125.9 119.9 114.7 110 105.9 101.7 95.3 86.3 79.3 73.2 66.7 59.8 58.6 54.5 47.3 34.8 33.4 28.3 25.7 22.8
251.1 271.1 287.1 292 283 291.3 293.3 280.9 268 281.6 296.6 319.7 343.4 354.4 368.7 387.8 394.1 389.3 388.2 407.3 418.2 412.5 399.6 380.4 371.7 363.5 352 342 327.9 312 307.4 297.6 293.4 284.9 276.1 271.6 267.2 262.6 258.3 256.4 251.6 246.6 241 236.1 230 229.1 225.5 220.5 215.6 213.1 207.9 201.4 194.4 187.4 181.3 174.3 170.4 164.1 157.2 150.4 143.7 136.7 130.8 123.4 115.7 111.1 106.4 101.3 95 89.5 83.2 75.7 65.6 59.2 57.5 54.2 52.3 41.8 37.2 27.9 28.1 32.2 27.2
257.2 292.7 308.1 306.6 294.6 299.6 303.7 292.2 276.8 291.6 303.6 315.9 339.5 363.9 376.6 393.4 396.3 395.1 393.1 412.9 418.3 410.9 402.3 383.5 368 358.2 348.2 336 324.4 310.7 302 292.3 283.6 277.5 273 268.8 264.5 260.5 253.8 251.2 248.4 243.3 237.1 226.7 226.8 227.6 220.9 215.9 214.2 210.2 204.1 197.3 191.6 182.1 174.1 168.7 165.2 160.4 153.9 146.8 139.4 134.9 127.2 120.6 111.2 105.2 100.1 95.1 88.6 84.1 77.9 70.1 63.5 57.7 56.4 53.4 46.4 40 35.2 34.2 34.4 27.9 23.1
264.5 297.6 319.4 311.6 308.7 312.1 316.8 304.2 286.2 302.1 310.8 319.1 335.8 356.3 382.1 400.5 399.6 397.5 394.7 406.1 413 406.4 398.1 383.4 368 353.7 342.6 330.9 323.8 311.1 301 291.5 278.6 273.9 269.7 267.1 260.3 254.2 249.7 247.1 243.8 238.6 230.4 221.3 224.1 221 216 211.3 208.2 206.3 198.5 192.2 184.4 177.7 169.7 165.2 159.7 153.6 147.2 142.6 136 130.1 122.8 115.6 107.4 101.7 96.2 89.7 84.5 77.9 70.5 63.9 57 56.5 53.6 52.3 46.9 41.4 31.9 35.2 34.5 27.8 33
266.1 301.6 319.6 312.7 323.1 322.1 320.6 319.9 297.8 312.9 317.6 328.2 337 353.4 374.8 395.7 397.1 397.3 394.8 395.2 407.9 401 394.9 382.5 371.6 357.3 336 329 321.6 312.9 300.7 291.5 276.8 268.8 267 262 258.7 249.5 246.8 243.4 239.4 233.4 223.3 217.3 218.3 214.3 210.6 207.2 203.4 199.4 194.2 187.4 180.6 172.9 165.6 160.6 154.8 149.3 141.9 136 131.6 125 118.6 110.9 103.1 98.5 92.5 86.5 81.4 74.6 67.5 59.3 56.6 56.2 55.9 55.6 42.5 34.3 42.9 44.2 34.2 32.5 39.4
271.8 295.4 311.2 323.7 332.5 328 323.2 321.8 307.1 317.9 322.2 333.2 351.7 365 375 387.4 390.8 390.8 390.2 393.6 402.1 399.4 396.7 386.7 369.6 353.9 334.8 325.3 316.9 309.2 300.8 288.3 275.1 267.6 260.4 257.4 253.2 246.1 242.3 239.2 234.7 227.4 217.3 214 210.7 208.4 206.7 204.6 200.5 197 191.1 183.4 177.2 169.5 161.9 155.9 150.4 143.8 136.8 129.7 124.7 116.7 113.2 105.5 99.6 94.8 88.9 83.4 78.3 71.4 63.8 57.9 61.4 56.9 58.2 46.5 43 39.3 47.1 46 39.8 43.4 40.1
