app/static/ascii/NC51.asc
ncols 200
nrows 200
xllcorner 250000
yllcorner 910000
cellsize 50
[rows 144 to 179 of 200, columns 80 to 159 of 200]
90.2 90.2 90.2 90.2 90.2 90.2 95.5 98 100.9 103.4 105.4 107.9 109.9 111.3 114.4 116 117.8 121.9 122.8 123.2 126.3 126.9 128.6 129.2 130 132 133.5 135.9 136.7 138 142.9 144.1 145.5 146.4 147.6 150.2 151.1 151 149 147.1 145.4 143.4 141.7 140.9 139.4 137.7 135.6 134.4 133.8 133.2 132.6 132.2 131.5 131.6 131.8 131.8 130.4 129.2 128.9 128.6 128.3 128.2 128 127.8 127.6 127.3 126.9 126.6 125.6 124.3 121.6 122.6 122.7 122.9 124.4 126.8 128.8 129.7 130.2 131
90.2 90.2 90.2 90.2 90.2 90.2 90.2 97.1 99.2 101.5 103.6 105.3 106.9 110 112.2 114.6 115.7 117.7 120.7 120.3 122.8 125.3 125.9 126.8 127.3 128.5 131.6 133.8 133.6 134.5 138.5 140.4 142.1 143.4 143.2 146.5 147.4 148.3 147.3 147.1 145.7 143.9 140.9 139.6 138.9 137 135 134.2 133.6 132.5 131.4 131.2 130.6 130.6 131.1 131 130.4 129.1 128.8 128.5 128.2 128.1 127.9 127.8 127.6 127.2 126.8 126.4 125.8 124.1 123.6 121.6 121.8 123 123.8 124.8 127.1 128.1 129 129.3
90.2 90.2 90.2 90.2 90.2 90.2 90.2 96 97.7 100.5 102.6 104.2 105.9 109.8 110.9 112.8 114.6 114.7 116.4 118.3 119.6 123.1 122.8 125.9 125.5 126.1 127.2 131.6 131.8 131.9 132.3 137.8 139 139.6 140.2 142.5 144.5 145.2 145.9 145.8 145.5 143.4 140.8 139.3 137.4 136.5 134.7 133.7 133.1 132 130.6 130.1 129.7 130.1 130.4 130.4 129.9 128.7 128.7 128.4 128.1 128.1 127.9 127.7 127.5 127.1 126.7 126.3 125.9 124.9 123 121 123 124 125.4 124.8 123.5 125.8 126.6 127.5
90.2 90.2 90.2 90.2 90.2 90.2 90.2 95.2 96.1 98.5 101.1 103.1 104.9 108.3 109.9 111.3 112.1 113.7 114.4 117.1 117.8 121.1 121.3 122.8 124.3 124 125.3 127.7 129.7 129.9 130.7 132.6 136.5 136.5 138 139 142.9 142.7 142.7 143.7 144 142.9 140.5 138.9 137.9 135.7 134.2 133.5 131.7 130.2 130.7 129.9 129 128.7 128.9 129.7 129.3 128.6 128.3 128.2 127.9 127.9 127.9 127.7 127.4 127 126.6 126.3 126 124.5 120.5 122.4 124.9 125.1 126.7 125.1 124.6 124.3 124.3 125.4
90.2 90.2 90.2 90.2 90.2 90.2 90.2 90.2 95.3 98.1 100.6 102.1 103.4 106.1 108.3 108.7 110.7 112.3 114 116.2 116.3 118.3 120.2 121.3 122.2 122.9 122.7 124 127.8 127.5 127.9 129.2 133.2 134.8 136 136.4 138.5 141.5 141.2 141.2 141.3 141.6 140.5 138.2 137.4 135.6 133.2 132.4 130.8 129.8 131.1 129.4 128.4 127.4 127.6 127.9 128.3 128.3 127.9 127.9 127.8 127.8 127.8 127.6 127.3 126.9 126.7 126.4 126.1 124.8 120.3 122.1 123.9 126 125.6 125.9 125.6 125.6 125.2 124.4
90.2 90.2 90.2 90.2 90.2 90.2 90.2 90.2 95.7 100.8 103.2 103.8 103.7 104 107.1 108.4 109.4 111.2 112.6 114.7 116.3 116.9 118.9 120.2 121.2 121.7 121.9 122.4 125.2 125.3 126.9 126.7 129.8 132.8 133.3 134.7 135.6 138.4 139.2 139.9 139.7 139.1 139.2 137.6 137.1 135.6 133.1 130.8 131.5 129.2 129.4 128.6 127.6 127.1 126.9 127 127.1 127.4 127.5 127.4 127.3 127.8 127.7 127.6 127.4 127.2 127 126.8 126.6 126 124.6 119.7 121.7 126.1 126 126.2 126.8 126.7 126 125.1
90.2 90.2 90.2 90.2 90.2 90.2 90.2 90.2 91.2 99 102.7 100.8 101.6 104.5 106.2 108.4 108 110.9 112.1 113.1 115.1 117.1 119.4 119.6 120.5 120.8 121 121.3 123.3 123 124.9 124.7 126.1 129.3 131.1 133.1 134.5 134.6 137.2 137.3 138.5 136.7 136.6 136.6 136.7 134.6 131.8 130.5 131.1 128.6 128.2 127.6 127.2 126.5 126.3 126.3 126.7 127.1 127.3 127.2 127.3 127.4 127.1 127.2 127.2 127.3 127.4 127.4 127.1 126.8 126.3 124.5 121.5 122.6 124.7 127.1 127.2 127.3 126.7 126.2
90.2 90.2 90.2 90.2 90.2 90.2 90.2 90.2 90.2 90.2 97.7 99.3 103.3 105.9 106.6 107.8 107.3 108.9 110.6 111.9 113.7 115.3 121.5 121 121 120.6 120.5 120.8 121.4 122.3 122.3 123.6 123.4 124.5 127.9 130.5 132.4 133.8 137 134.7 136 134.9 134.6 135.1 134.7 133.6 132.3 129.2 129.2 127.9 127.6 128 126.6 125.9 125.6 125.9 126.3 126.5 126.5 126.7 126.6 126.7 126.7 126.8 126.8 126.8 127 127.3 127.4 127 126.5 126.1 122 119 126 126.5 126.8 127 127.3 127.7
90.2 90.2 90.2 90.2 90.2 90.2 90.2 90.2 90.2 90.2 99 100.4 101.9 103.7 104.5 106.6 107 108.3 110.1 111.6 112.5 114.5 118.4 123.2 121.1 120.9 120.1 120.5 120.5 120.8 121.3 121.6 121.8 122.2 122.7 126.8 129.4 132.9 135.2 135.4 133.8 133.2 132.6 133.2 132.5 133.2 131.8 129.2 127.7 128.1 127.1 127.1 126 125.3 125 125.2 125.4 125.4 125.3 125.4 125.2 126.1 126.2 126.2 126.2 126.3 126.8 127.2 127.5 127.3 127 126.7 122.9 119.2 125 125.8 126.1 126.8 127.5 128.3
90.2 90.2 90.2 90.2 90.2 90.2 90.2 90.2 90.2 90.2 92.1 98.6 102.7 103.1 103.4 104.1 105 107.5 113.4 113.7 112.5 113.9 116.9 120 120.3 120.2 120 120.1 119.9 119.8 120.2 120.1 120.8 120.4 120.9 122.6 126.4 131.1 133.5 134.2 133 131.4 131.5 130.8 131.6 129.5 129.7 128 126.8 127.2 126.3 127.1 125.4 124.6 124.1 124.2 124.3 124.2 124.1 124.8 124.5 125 125.3 125.6 125.7 125.7 126.7 127 127.5 127.5 127.5 127 124.7 120.6 122.1 125.2 126 126.6 127.3 127.9
90.2 90.2 90.2 90.2 90.2 90.2 90.2 90.2 90.2 90.2 90.2 93.4 99.8 103.3 103.8 104.3 107.6 110.1 113.4 114.1 112 112.8 114.9 117.2 118.4 119.6 118.9 119.4 119.4 119.3 119.3 119.6 119.5 119.4 119.6 120.3 123.4 126.5 130.2 132.1 133 130.9 129.4 128 129.6 128.9 128.5 126.6 125.8 126.9 125.7 125.5 124.7 123.9 123.5 123.2 123.2 123.2 123.2 123.8 123.9 123.7 124.2 124.5 124.8 125.1 126.1 127.4 127.5 127.5 127.5 127.1 124.8 123.1 118.1 123.2 125.2 126.5 127.5 128.2
90.2 90.2 90.2 90.2 90.2 90.2 90.2 90.2 90.2 90.2 90.2 92.8 97.4 100.5 105.2 105.3 108.2 109.8 109.5 110.1 111.2 113.9 113.3 116.3 117.5 117.8 118.6 118.9 118.9 118.9 118.9 118.9 118.8 118.7 118.7 118.8 119.1 122.3 125.1 128.6 129.9 129.9 128.9 126.9 126.6 127.5 126.4 125.6 124.5 126.5 125.3 124 124.2 123.2 123.1 122.6 122.3 122.3 122.2 122.7 122.8 122.9 123.1 123.5 123.9 124.4 125.6 126.8 127.2 127.5 127.6 126.6 125.5 122.6 120.8 119.7 123.7 125.3 127.3 129.1
90.2 90.2 90.2 90.2 90.2 90.2 90.2 90.2 90.2 90.2 90.2 90.2 95.5 97.7 101.2 105.6 107.1 108.7 109.2 110.2 110.9 111.6 112.6 114 117.6 117.9 118.1 118.5 118.5 118.5 118.6 118.7 118.5 118.3 118 118 118.1 119.6 121.8 124.7 126.3 128.1 128.1 126.8 125.2 124.9 125.2 125.4 123.5 124.1 123.5 123.2 122.3 122.5 122.4 122.1 121.6 121.5 121.5 122 122.1 122.2 122.3 122.8 123.3 123.8 125.3 126.3 126.8 127.2 127.5 126.6 125.6 124 122.8 117.2 122 125.6 130.6 134.8
90.2 90.2 90.2 90.2 90.2 90.2 90.2 90.2 90.2 90.2 90.2 90.2 90.2 95.6 97.9 103.3 105.5 108.2 109.2 110 110.8 112 112.5 113.2 117.7 118.2 118 118 118.1 118.2 118.3 118.4 118.2 118 117.7 117.4 117.4 117.3 118.6 121.4 123.1 125.5 124.1 125.9 124.3 124.7 123.6 123.5 122.2 121.6 122.1 121.9 121.6 121.1 121.6 121.3 121.1 120.7 121.1 121.4 121.4 121.4 121.6 121.8 122.3 122.8 124.3 125.9 126.5 126.6 127.3 126.6 125.8 124.4 122.6 118.7 121.5 131.3 137.9 134.7
90.2 90.2 90.2 90.2 90.2 90.2 90.2 90.2 90.2 90.2 90.2 90.2 90.2 90.4 94.4 98.1 102.3 106.2 109 110.1 111.2 111.7 112.1 113.2 114.8 117.2 118.2 117.6 117.6 117.7 119.1 119.1 117.9 117.6 117.4 117.1 116.8 116.9 117.2 118.2 120.3 121.5 122.7 123.7 124 124.2 122.6 121.7 121.4 120.6 120.8 120.1 120.2 120.2 120.8 120.5 120.3 120 120.6 120.7 120.7 120.8 121 121.2 121.3 121.9 122.6 124.9 125.8 126.1 127.3 126.7 125.7 124.7 123.3 118.6 120.2 132 135.7 131.8
90.2 90.2 90.2 90.2 90.2 90.2 90.2 90.2 90.2 90.2 90.2 90.2 90.2 90.2 94.2 94.8 98.2 103.2 107.6 109.5 110.8 111.2 111.7 112.7 113.8 115.4 118.2 118.1 117 116.8 117.6 119.3 118.1 117.3 117 116.7 116.8 116.1 115.8 116.5 116.9 118.8 120.9 120.7 121.7 122.7 122.8 121.1 120.3 119.7 119.5 119.1 119.5 119.2 119.8 119.5 119.6 119.7 119.8 119.9 119.9 120.1 120.3 120.5 120.6 121.2 121.5 122.8 124.8 126 127.3 126.7 126 125.1 123.2 118.6 119.7 130.9 134.5 131.6
90.2 90.2 90.2 90.2 90.2 90.2 90.2 90.2 90.2 90.2 90.2 90.2 90.2 90.2 90.2 92 96.4 99.2 103.8 107.3 110.3 110.9 111.7 112.9 113.8 114.7 115.7 116.2 117 117.3 117.5 117.8 119.2 117.6 117 116.4 116.8 115.7 115.1 115.4 115.6 115.9 118.5 119.4 118.6 120.7 122.1 121.4 119.5 118.9 118.1 118.5 118 117.9 118.7 118.8 118.5 118.4 118.7 119.1 119.3 119.4 119.5 119.6 120 120.7 121.3 122 123.4 124.2 126.9 126.3 126 125.1 123.3 116.1 120.6 126.1 131.7 131.8
90.2 90.2 90.2 90.2 90.2 90.2 90.2 90.2 90.2 90.2 90.2 90.2 90.2 90.2 90.2 90.2 93.4 97.6 101.7 103.4 107.7 111 112.2 113.5 114.1 114.7 115.9 116.2 117.1 117.4 117.5 117.7 117.7 118.1 117 116.4 115.8 115.3 115 114.7 115.1 115.2 116.5 117.2 116.2 117.4 120.3 121 119.6 118 117.3 117.3 116.7 116.9 117.2 117.7 118 117.8 118.2 118.4 118.4 118.5 118.7 119 119.3 120.1 120.5 120.7 121.3 122.6 124.7 125.9 125.7 124.9 123.7 117 126.7 133 132.2 131.9
90.2 90.2 90.2 90.2 90.2 90.2 90.2 90.2 90.2 90.2 90.2 90.2 90.2 90.2 90.2 90.2 90.2 93.8 97 101.2 105.5 109.7 112 113 114.8 115.2 115.8 116.2 117 117.5 117.7 117.7 117.5 117.4 117 116.3 115.7 115.3 114.7 114 113.8 114.1 114.6 115.6 114.5 115.3 117.2 118.3 119.2 117.6 116.5 116.1 116.1 116.1 116.3 116.6 117.1 117.3 117.5 117.7 117.7 117.7 118 118.3 118.8 119.3 119.7 119.9 120.1 120.9 123 123.9 125.1 123.7 116.7 120.4 130.2 135.2 132.5 132.9
90.2 90.2 90.2 90.2 90.2 90.2 90.2 90.2 90.2 90.2 90.2 90.2 90.2 90.2 90.2 90.2 90.2 90.2 94.5 100.6 104 108.5 110.5 112.7 114.9 116.2 116.3 116.5 116.9 117.6 117.6 117.6 117.5 117.3 117.1 116.4 115.9 115.3 114.5 113.9 113.5 113.2 113.6 114.5 113.7 113.8 115.1 115.7 116.6 117 115.6 115 115.1 114.9 115.1 115.5 116.7 116.3 116.7 116.9 116.8 116.6 116.7 117.1 117.5 118.3 118.9 118.7 118.7 119.7 120.9 122.6 123.5 122.6 114.8 125 132.2 134.5 132.4 137
90.2 90.2 90.2 90.2 90.2 90.2 90.2 90.2 90.2 90.2 90.2 90.2 90.2 90.2 90.2 90.2 90.2 90.2 90.2 98.1 101 104.8 107.3 111.3 114.2 116.1 116.7 117.1 117.5 117.7 117.6 117.6 117.4 117.2 117 116.8 116.5 115 114.4 113.9 113.5 112.2 112.6 113.1 112.9 112.7 113.3 113.2 113.8 114.9 114.2 114.5 115.4 114 114.1 114.5 116.6 115.7 115.8 115.8 115.6 115.5 115.3 115.6 116.3 116.9 117.2 117.1 117.9 119 120 121.3 121.9 114.5 119 125.4 132.8 132.4 132.9 137.2
90.2 90.2 90.2 90.2 90.2 90.2 90.2 90.2 90.2 90.2 90.2 90.2 90.2 90.2 90.2 90.2 90.2 90.2 90.2 93.1 97.8 102 106.5 109 111.7 115.4 116.3 117.7 117.6 117.8 117.6 117.5 117.3 117.2 116.7 116.6 115.7 114.7 114.1 113.6 113 112.6 111.9 112.2 112.3 112 111.4 111 111.4 112.3 112.8 113.2 113.3 113.7 113.8 113.7 113.8 115.3 116.4 114.8 114.6 115.3 114.9 114.4 115.6 116.1 115.1 116.3 117 117.8 118.8 120.1 122.5 115.2 121.2 125.9 132 130.6 134 137.6
90.2 90.2 90.2 90.2 90.2 90.2 90.2 90.2 90.2 90.2 90.2 90.2 90.2 90.2 90.2 90.2 90.2 90.2 90.2 90.2 92.6 99.2 103 106.3 108.8 112.8 116.3 117.4 118.4 118 117.6 117.5 117.3 117 116.4 115.5 115.1 114.2 113.7 113 112.5 112 111.4 111.3 111.3 110.7 110.8 110.3 110.3 111.4 111.5 111.8 112.6 112.7 113.4 113 112.8 113.8 114.6 114.7 113.9 114.6 114.5 114 115 115.6 115 114.9 116.5 117.3 118.1 119.7 118.9 115.4 121.8 124.7 127.7 129.6 134.8 136.7
90.2 90.2 90.2 90.2 90.2 90.2 90.2 90.2 90.2 90.2 90.2 90.2 90.2 90.2 90.2 90.2 90.2 90.2 90.2 90.2 90.2 97 99.5 103.2 106.7 109.6 113.4 117 118.7 118.2 117.9 117.5 117.2 116.8 116.4 115.3 114.3 113.9 113.2 112.3 111.8 111.3 111 110.2 110.1 109.6 109.8 109.9 109.5 110.5 110.3 110.6 111.7 111.9 113 111.7 113.1 113.6 114.2 113.4 113.3 114 113.9 113.6 113.6 114.9 114.6 113.4 115.3 116.4 117.4 116.8 112.3 117.8 121.8 124.3 126.5 129.1 134.8 135.7
90.2 90.2 90.2 90.2 90.2 90.2 90.2 90.2 90.2 90.2 90.2 90.2 90.2 90.2 90.2 90.2 90.2 90.2 90.2 90.2 90.2 93.1 98.1 99.9 104 107.4 110 112.8 116.4 118.4 118.1 118.1 118.4 117.5 116.7 115.8 114.8 113.5 112.4 111.7 111.4 111 110.7 110.3 108 109 109.2 108.7 108.8 109.5 109.3 109.5 110 110.4 111.3 110.9 112.5 112.9 113.3 112.9 112.8 113.2 113.4 113.3 113.2 113.1 113.5 112.8 114.4 114.9 114.8 110.9 115.1 118.9 121 123.5 125.1 127.7 132.1 136.8
90.2 90.2 90.2 90.2 90.2 90.2 90.2 90.2 90.2 90.2 90.2 90.2 90.2 90.2 90.2 90.2 90.2 90.2 90.2 90.2 90.2 90.2 92.7 97.3 101.5 104.7 107.2 110.3 114.7 117.2 119.5 117.9 117.9 117.1 116.4 116.1 115.6 113.4 112 111.5 111.2 110.8 110.4 110 108.8 109.6 108.5 108.2 108.3 108.7 108.6 108.7 108.9 109.4 110 110.3 111.2 111.5 111.7 111.8 112.2 112.7 113.1 112.5 112.4 111.1 110.8 112.1 112.4 110.7 111.7 113.5 116.3 118.4 119.5 122.2 124.2 126.5 130.3 136.6
90.2 90.2 90.2 90.2 90.2 90.2 90.2 90.2 90.2 90.2 90.2 90.2 90.2 90.2 90.2 90.2 90.2 90.2 90.2 90.2 90.2 90.2 90.2 90.4 98.1 100.4 104.8 108.3 112.2 115 118.6 119 117.7 117.2 117 116.6 116.1 115.1 112.5 111.2 110.8 110.4 110 109.4 108.6 110.4 108.1 107.7 107.8 107.9 108 108 108.2 108.3 108.8 109.9 111.4 111.6 111.6 111.7 111.8 112 112.8 111.8 111.5 109.7 110.5 109.9 109.8 112.6 113.4 114.5 116.2 118.4 119.6 120.9 123.2 125.4 128.7 135.3
90.2 90.2 90.2 90.2 90.2 90.2 90.2 90.2 90.2 90.2 90.2 90.2 90.2 90.2 90.2 90.2 90.2 90.2 90.2 90.2 90.2 90.2 90.2 90.2 90.2 99.3 102.9 108.1 111.6 114 115.5 117.7 118.6 118.6 117.5 117.2 116.5 115.6 113.5 111.4 110.6 109.9 109.5 108.8 108.3 109.5 107 107 107.3 107.7 107.2 107.4 107.7 107.8 107.8 108.1 109.2 111.4 111.7 111.9 112.1 111 110.6 110.2 107.3 108.6 110.2 112.4 112.6 112 112.5 113.2 115.4 118.5 120 121 122.6 124.3 127 133.6
90.2 90.2 90.2 90.2 90.2 90.2 90.2 90.2 90.2 90.2 90.2 90.2 90.2 90.2 90.2 90.2 90.2 90.2 90.2 90.2 90.2 90.2 90.2 90.2 90.2 90.2 100.2 104.2 109.3 111.4 114 115.8 119.1 119.3 119.4 117.8 116.6 115.7 114.4 111.8 110.7 110 109.1 108.3 107.8 107 107.4 107.7 107.7 108.5 106.9 106.9 107.2 107.3 107.4 107.4 108.5 110.1 109.8 111.6 112.4 110.8 110 107 108.7 109.5 111.1 111.7 111.9 112.2 112.1 112.5 114.9 117 118 119.1 121.8 123.9 126.9 130.7
90.2 90.2 90.2 90.2 90.2 90.2 90.2 90.2 90.2 90.2 90.2 90.2 90.2 90.2 90.2 90.2 90.2 90.2 90.2 90.2 90.2 90.2 90.2 90.2 90.2 90.2 93.3 101.4 105.9 109.7 112.1 112.9 116.3 117.9 118.9 119.8 118 116.1 117.6 112.5 110.9 110.1 109.2 108.3 107.4 107.2 106.1 106.1 107.4 108.2 106.5 106.4 106.7 106.8 106.9 106.9 107.2 109 108.5 110.7 112 111.4 108.9 107.9 108.8 109.2 110.6 110.9 111.1 111.4 111.7 111.9 114.1 115.7 116.5 118.1 120.8 123.3 125.4 127.8
90.2 90.2 90.2 90.2 90.2 90.2 90.2 90.2 90.2 90.2 90.2 90.2 90.2 90.2 90.2 90.2 90.2 90.2 90.2 90.2 90.2 90.2 90.2 90.2 90.2 90.2 90.2 94.1 101 108.1 110.5 112.1 114.3 115.4 117.2 118.8 119.8 117.5 121 114.1 111.3 110.4 109.5 107.8 107.1 106.3 106.2 105.6 105.4 106.8 106.2 106 106.2 106.4 106.4 106.4 106.8 108.6 107.9 108.9 110.9 110.9 109.4 105.6 108.2 108.8 109.8 110.2 110.5 110.8 111.1 111.3 113.7 114.5 115.6 117 119.4 121.5 124.1 126.2
90.2 90.2 90.2 90.2 90.2 90.2 90.2 90.2 90.2 90.2 90.2 90.2 90.2 90.2 90.2 90.2 90.2 90.2 90.2 90.2 90.2 90.2 90.2 90.2 90.2 90.2 90.2 90.2 97.4 103.5 108.9 112.1 113.9 114.1 115.2 116.7 119.1 119.1 118.5 115.9 113 110.6 109.3 108.1 107 106.1 105.8 104.3 104.7 107 105.4 105.9 106.1 105.7 105.8 106 106.6 106.9 107.3 108.3 109.3 109.6 109.9 107.2 107.5 108.6 109.1 109.4 109.9 110.2 110.4 111.3 113.4 114 114.9 115.8 117.8 120.4 121.7 123.9
90.2 90.2 90.2 90.2 90.2 90.2 90.2 90.2 90.2 90.2 90.2 90.2 90.2 90.2 90.2 90.2 90.2 90.2 90.2 90.2 90.2 90.2 90.2 90.2 90.2 90.2 90.2 90.2 90.2 97.2 105.6 112.2 112.8 113.7 114.2 114.8 118 121.4 118.9 116.7 114.5 112.2 109.8 108.7 107.6 106.3 105.2 104.7 104.3 105.7 104.7 104.2 105.7 105.1 105.3 105.8 106.5 107 107 108 107.9 107.6 108.7 106.8 104.4 108.8 108.6 108.9 109.3 109.7 110.4 111.4 113.2 113.3 114 114.9 116.7 118.4 120.2 122.7
90.2 90.2 90.2 90.2 90.2 90.2 90.2 90.2 90.2 90.2 90.2 90.2 90.2 90.2 90.2 90.2 90.2 90.2 90.2 90.2 90.2 90.2 90.2 90.2 90.2 90.2 90.2 90.2 90.2 91.2 100.7 106.8 115.2 114 114.1 114.3 114.8 118.2 122 119.3 115.5 112.5 111.3 109.1 108.4 106.3 105.2 104.4 103.3 104.9 104.2 103.7 105.4 104.4 104.9 105.4 105.6 106.6 106.4 107.3 107.1 106.6 108.1 106.3 104.3 107.5 107.7 108.5 109 109.5 110.1 111.7 112.3 112.7 113.2 114.5 116.1 116.8 118.9 121.3
94.6 90.2 90.2 90.2 90.2 90.2 90.2 90.2 90.2 90.2 90.2 90.2 90.2 90.2 90.2 90.2 90.2 90.2 90.2 90.2 90.2 90.2 90.2 90.2 90.2 90.2 90.2 90.2 90.2 90.2 98.8 103.1 111.2 116.4 114 113.8 114.1 115.1 119.2 120.5 117 114.2 112.1 110.1 108.2 106.5 105.5 104 103.4 103.7 103 103 103.8 103.5 104.6 105.4 106 106.2 106.2 106.7 106.4 106.3 106.8 105.6 103.5 106 107.1 108.4 108.9 109.4 109.9 111.9 111 112 112.9 113.8 115.7 116.9 118.3 120.3
100.6 99 97.2 94.4 90.2 90.2 90.2 90.2 90.2 90.2 90.2 90.2 90.2 90.2 90.2 90.2 90.2 90.2 90.2 90.2 90.2 90.2 90.2 90.2 90.2 90.2 90.2 90.2 90.2 90.2 93.6 100 106.1 114.8 114.2 113.3 113.4 113.7 115.8 116.9 117.2 115.1 113.5 111.5 108 106.7 105.9 104.4 103.6 102.5 102.6 102.6 103.3 102.8 103.9 104.3 105.5 106 105.5 106.2 105.8 106 105.6 104.9 103.1 105.5 106.8 108 108.4 109 109.9 110.8 110.6 111.1 112 112.9 114.5 115.9 117.6 119.2
