app/static/ascii/NC52.asc
ncols 200
nrows 200
xllcorner 250000
yllcorner 920000
cellsize 50
[rows 35 to 69 of 200, columns 0 to 77 of 200]
303.4 302.6 301.3 300.4 299.5 297.5 296 292.3 293.2 290.2 285.3 284 282.4 279.4 276.7 274.5 269 271.1 273.1 270.6 270.3 270.5 270 271.1 272.4 273.5 274.7 274.2 273.5 273 272.3 272.3 271 268.6 267.9 268.6 267 266.4 269.9 269.8 269.7 273.4 277.4 282.8 286 289.1 291.7 292.9 293.5 293.2 293.3 292.4 289.7 284.9 280.7 276.2 271.9 264.8 258.1 251 244.1 236.8 231.1 221.6 216.6 209.5 201.4 194.1 191.2 188 184 184.4 185.4 187.7 190.3 198 200.1 204.7
300.7 299.8 298.5 297.9 297.2 294.5 292.4 288.1 289.7 286.8 284.6 279.9 278.7 277 274.4 271.4 268.2 267.2 270.1 272.6 268.8 267.3 267.6 268.1 271 272.9 273.4 272.9 272.1 271.7 271.9 271 269.6 268.5 266.2 265.8 266 264.3 266.2 266.8 268.4 273.6 276.4 281.2 285.9 288.8 289.1 290.2 291 290.7 290 288.9 285.8 281.7 277.5 273.1 267.2 259.1 252.8 246.7 240.1 234.5 225.1 218.5 214.7 206.9 200 195.4 190.6 186.7 186.7 185 187.6 189.3 195.3 195.2 201.4 207.1
297.2 296.8 295.4 294.4 294.3 291.7 289.4 286.2 285.2 282 280.9 277.3 274.2 274.1 271.8 268.6 265.3 263.8 268 268.5 265.2 263 267 268.7 269.7 270.1 270.4 270.5 270.7 270.7 271.1 269.6 269.2 267.5 267.7 265.1 265.2 265.2 263.3 266.3 268.2 273.9 276.4 279.2 283.6 287.5 287.9 288.3 288.6 288.2 287.3 285.4 282.2 278.1 274 269.9 262 255.5 246.4 242.5 235.9 227.1 220.9 216.4 211 204.7 200.5 194.3 190 186.7 187.4 185.3 189.3 190.8 195.5 203.2 203.9 205.6
293.7 293 292.6 291.5 289.7 287.6 285.9 283.7 281.3 278.3 276.4 274.9 271.7 270.1 269 266.6 263.2 260.7 263.1 263.9 263.1 261.8 267.7 268.5 268.9 269.1 269.5 269.6 269.6 270 269.9 268.7 268.1 264.6 265 264 264 265.6 261.9 265.2 267.4 273.2 277.4 281.2 282.9 284.9 284.9 287.3 286.4 285.9 284.7 281.8 278.9 274.7 270.7 265 257.8 249.8 246.3 237 230.2 224.8 219 211.9 207.3 203.8 198.2 194.3 190.1 188.2 187.6 186.2 189.3 190.9 198.9 205.8 208.6 212.1
290.2 288.7 288.1 287.6 284.4 283.3 282 279.6 276.1 275.8 273.6 272.6 269.7 266.3 266.2 264.4 261.8 258.5 260.6 262.4 261.4 263.1 268.3 268.6 269.1 268.9 268.4 268.6 268.9 269.3 269.8 267.1 265.6 262.6 262.9 261.6 261.3 264.3 261.3 264.6 267.7 273.3 278.5 282.8 284.6 283.2 283.2 283.1 283.6 283 281.2 279.2 275.6 271.4 266.6 260.5 254.7 246.7 241.2 233.2 227.5 221.8 215.7 209.2 205.2 199.5 198.3 196 189.1 188.6 185.8 186.2 188.6 195.6 200.7 208.9 216.9 217.1
287.3 285.8 284.9 283.3 279.9 279.1 278.6 277.2 275 271.3 271.5 270.1 267.4 264.4 263.6 262.8 264 256.9 258.8 259.3 258.4 261.3 265.3 266.8 267.6 268 267.5 267.1 267.2 269.1 267.4 265.5 264 260.7 262.3 260 258.9 263 262.1 264.5 269.2 273.3 279.4 283.1 283.4 282.2 282.1 282 282.1 279.7 278.4 277.8 272.2 268.2 262.9 256.2 250.6 245 239.4 233.7 226.1 220.4 212.8 206.1 203.2 199.7 196.6 193 190.1 188.1 187.6 185.6 192.7 198.4 207 210.9 218.5 223
284.9 283.4 282.2 280.3 277.2 276.4 276 274.1 272.9 268.9 270.2 266.9 264.1 262.3 261.5 260.7 262.2 258 255.1 257.1 256.3 259.5 262.2 264.3 266.2 266.9 266.7 266.2 265.4 266.7 265.6 264.1 261.3 259 263 259.3 257.7 259.2 260.9 264 269.6 273.9 277.8 282.4 281.4 281.2 281.2 280.3 278.9 277.8 276.7 273.9 269.7 263.3 258.1 253.9 249 243.6 238.9 231.7 225.4 219.9 213.3 208.5 206.9 204.3 201.4 195.6 191 186.6 186.9 186.4 193.7 200 210.9 214.4 222.4 226.5
283.1 281.4 279.5 277.6 274.7 273.5 273.8 271.1 267.6 264.9 266 264.3 262.2 260.3 259.3 258.9 258.8 261 255.7 255 254.1 258.1 261.1 262.7 266.5 266.2 265.2 264.3 263.9 263.8 263.3 262.2 259 258 263.7 260.1 256.6 255.4 260.2 263.9 269 273 274.7 277.6 280 280.3 279.4 278.5 278.1 276.4 275.2 270.1 266.8 261.1 254.7 251.2 247.4 242 238.6 231.6 226.2 222.1 216.1 210.6 209.7 210 206.2 199.2 192.9 186.9 187.8 190.6 196 202.8 211.9 217.5 227.1 229.6
280.9 278.9 276.9 275.6 272.8 268.8 270.4 269.9 265.5 263.3 261.6 261.2 260.6 259.1 258 257.6 256.9 259.3 258.4 253.2 253.3 255.8 259.3 261.1 263.7 263.8 262.9 261.1 261.5 267.2 263 260.1 256.6 254.8 258.5 256.5 253.5 257.4 259.5 263.8 267.7 271.6 273.7 274.8 276.2 277.4 276.9 277.1 277.1 275.9 274.9 269.6 264.2 260 255.4 250.9 245.9 239.9 236.2 230.3 227.8 221.2 214.5 211.2 211.6 208.2 203.4 197.3 192.1 187.8 190.1 192.9 200.3 205.3 213.5 220.1 228.2 232.2
279.8 277.1 274.4 273.7 271.7 267.6 265.7 265.1 263.5 262.2 259.4 259.7 259.1 258.2 257.2 256.2 255.5 255 258.9 253.9 252.3 252.8 257.8 260.3 263.7 262.9 260.7 258.7 258.9 265.2 264.6 259.4 253.7 252.8 254.4 250.6 256.3 257.1 259.5 262.1 266.6 270.4 272.5 273.2 274.3 275.1 275.6 275.9 275.6 275.5 273.6 268.1 263.7 261.2 253.9 250 244.4 240.1 236.3 231.4 223 217.4 212 208.2 206 202.9 197.8 193.4 189.8 188 191.7 195.7 203.8 209.1 216.7 219.2 225.3 232
278.9 277.1 274.2 271.7 270.7 268.7 263.2 262.3 261.4 260.6 258.4 257.3 256.9 256.5 255.2 254.5 253.5 252.8 253.2 254.3 253.9 255.7 256.6 258 262.1 260 258 256.4 256.8 260.6 260.7 255.6 253.5 251.5 252.5 249.4 254 255.3 258.7 262.4 265.3 268.6 270.9 271.9 272.7 273.5 274.3 274.4 274.2 273.5 270.8 267.2 263.1 259.2 254.9 248.9 242.8 240.9 234.3 229.3 223.2 218.3 212.1 206.1 205.1 203.5 197.5 191.8 189.5 189.3 193.2 199.1 206.6 211.1 216.7 218.5 222.5 229.7
277.9 276.1 274.1 270.5 267.9 267.2 264.1 261.5 260.3 259 257.2 254.9 254.6 254.2 253.1 253 251.3 250.2 249.8 250.3 249.7 255 255.8 255.9 258.7 257.1 254.6 254.8 254.9 256.3 262.1 255.6 254.4 253.8 250.8 248.8 252.6 254 258.3 261.1 264.7 266.6 268.7 270.5 271.9 272.4 273 272.3 272.2 271.3 269.5 266.9 263 258.5 254.2 247.7 242.6 241.2 237 231 225.6 220.1 214.5 208.8 207.1 206.2 197.8 193 190.1 190.4 193.1 200.4 204 207.5 211.9 220.6 221 223.6
276.8 275 273.1 270.1 266.6 264.5 262.9 260.4 258.5 256.6 254.3 253.2 252 253.1 252.2 251 249.8 248.8 248.5 248.3 247.4 252.1 253.7 253.6 254.7 254.3 252.9 252.1 253.1 253.4 254.3 254.8 252.3 254.7 252 247.3 251.1 253.2 256.4 258.9 262.2 264.9 267.3 269.2 270 270.6 270.4 269.5 268.7 268.5 268.1 266 261.3 258.4 253.3 248 243 239.5 234.6 229 223.8 222.7 218.5 212.3 211.1 209.2 201.2 193.5 190.2 191.1 193.3 196.7 199.5 204.9 210.7 222.5 223.5 227.1
276.6 274.5 271.9 269.2 266.1 263.6 260.7 260.2 257.3 255 251.9 250.4 251 253.1 251.4 249.5 249.1 247.1 246.2 246.3 248.6 249.4 251.4 251.3 253.7 253 251.4 249.9 251.2 251.9 250.8 248.4 247.3 249.6 251.4 246 248.3 251.4 253.6 257.3 260.3 263.1 266 267.9 268.1 267.9 267.7 266.3 265.4 265.1 263.1 262.7 259.6 256.8 252.3 248.6 245 234.1 228.9 226.5 222.5 221.6 219.7 218.2 218 212.2 202.5 194.2 190.4 192.9 193.2 198.9 204.5 210.3 213.2 221.2 225 228.2
276 274.2 271.2 268.3 264.9 262.4 260.1 259.5 257.5 253.9 251.5 249 247.3 249.2 250.4 247.8 248.1 245.6 243.8 243 248.3 248.5 248.9 249.8 251.6 250.6 248 247.6 249.5 249.3 248.7 246.7 246.2 246.1 250.5 248.1 245.9 248.8 251.6 255 258.9 260.7 263.6 266.1 266 265.5 265 263.6 263 262.2 260.5 258.8 257.7 255.3 252.4 249 247.2 238.7 228.2 222.7 220.6 219.1 217.8 218.4 221.9 215.1 203.5 195.1 192.9 193.8 196 205.1 212.1 220.2 220.6 221.7 227.3 230.8
275.9 273.8 271.1 267.3 263.7 260.6 257.9 257.6 254.8 252 249.9 248.2 246.5 247.5 247.5 244.6 249.5 243.7 242.6 243.8 246 247.8 247.9 247.9 248.2 248.3 245.8 245.3 246.4 247.6 247.6 247 245.2 244.8 245.5 246.5 243.7 247 249.4 252.7 255.9 258.8 261.8 263.9 263.8 263.7 262.6 261.8 260.7 259.9 258.7 256.4 254.5 253.6 253.4 250.7 246 241 231.3 221.3 218.3 215.4 214.4 213.2 214 212.9 203.2 194.6 190.8 195.3 198.4 204.9 211.9 220.8 222 224.6 228.6 232.7
275.6 273.3 270.1 265.7 262.9 260.2 257.9 256.2 255.3 250.4 249.1 247.7 246.5 245.5 245.9 242.3 248.5 241.9 240.9 240.9 243.5 247.4 245.9 246.7 247.6 245.5 243.7 243.6 244.5 244.5 245.1 244.8 244.6 242.6 241.7 246.8 238.9 244.4 247 250.5 253.5 256.5 259.5 261 260.7 260.4 259.7 258.4 257.7 256.6 255.5 253.7 252.4 251.4 251.1 250.5 244.1 237.6 231.4 221.9 217.4 213.6 209.4 207 203 200.1 199.4 192.9 192.7 195.5 198.9 205 211.6 216.6 218.5 225.1 230.2 232.9
274.9 272.7 268.7 264.4 261.9 259.4 256.4 254.9 253.9 249.3 248.5 247.7 246.1 244.2 243.3 241.4 246.9 244.5 239.6 241.5 242.1 243.4 244.6 245 245.1 243.6 242.1 242.6 243.3 242.7 241.3 240 239.8 241 238.9 239.6 237.3 241.7 244 247.3 251.2 254.1 256.5 258.1 257.9 257.8 256.6 255.2 254.6 253.7 252.8 250.9 250.1 248.9 247.4 243 241 236.8 229.1 222.4 217.5 215.4 210.4 204 198.2 197 195.4 191.4 195.5 197.4 201.2 206.4 208.2 212.9 217.9 223.7 231 234.2
274.2 271.5 267.4 262.5 260.3 258 255 253 253.5 250.7 248.2 246.9 245.4 244.1 243.8 241.1 244.1 247 239.1 241 241.9 242 242.5 242.4 242.5 242.1 240.7 242.2 242.7 242.8 238.3 236.7 237.9 239.5 235 234.6 237.2 239.9 241.4 243.3 248.8 251.2 253.6 254.4 254.1 253.5 253.8 252.2 251.4 250.3 248.7 247 246.4 246.2 244.6 240.5 236 233.5 229.4 218.3 212.4 210.5 207.2 202.4 199.2 197.5 196 192.1 198.4 200.5 206.4 210.4 211.9 213.6 218.2 223.6 233.4 237
274.1 270.2 265.8 261 257 255.8 253.2 250.4 250.4 249 247.3 245.6 245.2 246 246.6 240.7 241.8 245.4 243 237.5 240.7 241.3 241.5 241.4 241.2 240.1 237.3 238.1 237.6 238.3 236 233.8 238.1 238.2 236 236.6 238.7 237.7 239.2 241.7 245.3 248.3 249.4 250.1 249.8 249.2 250.2 249.3 247.6 246.7 245.2 243.9 243.4 243 239.9 236.5 233.4 234.1 234.4 224.3 215.5 209.9 204.4 201.6 199.1 197.1 196.3 193.7 199.9 204.5 210.7 213.9 216 217.9 219.1 225.8 233 236.2
273.3 269.1 264.2 259.8 256.5 253.2 251 249.4 249.9 247.7 247.8 244 244.8 244.5 243 241.4 239.3 240.9 243 236.1 239 240.6 240.8 240.2 239.6 237.3 234.3 236 234.5 234 233.4 232.1 232.3 236.8 237.4 230.1 233.6 235.8 237.1 240 242 246.1 246.4 247.1 245.4 246.1 245.8 245.4 243.3 242.6 242 241.3 241 238.2 235.2 232.2 231.4 230.5 230.7 225.6 221.5 210.1 205 202.2 199.5 194.3 196.5 197 200.5 207 212.7 219.3 220.7 221.7 222.2 224 230.1 235.2
272.4 267.1 262.4 257.9 256.9 256 251.5 248.7 247 245.8 244.6 243.4 244.2 245.1 242.2 240.9 239.8 238.6 242.1 236 237.5 239.8 239.4 239 238.1 235.3 233.7 233.6 233.3 233.1 232.5 231 230.4 230.3 231.1 234.4 229 233.4 234.9 238.3 239.1 244.1 244.6 243.1 241.1 241.8 243.1 242.9 240.2 239 238.7 238.8 238.4 233.9 230.3 229.8 228.6 226.7 224.4 222.9 219.8 212 203 202 197.4 196.5 199.2 202.6 204.1 207.8 215.9 220.9 223.2 225.7 226.4 225.4 229.8 236.3
270.7 266.3 261.5 256.7 252.8 252.5 252.4 248.9 246.6 245.1 243.9 243.4 243.6 247 242.8 240.5 239.5 238.6 242.2 237.1 237.4 238.4 237.9 237.3 236.2 235 234.8 234 232.1 232 231.2 228.8 228.7 228.8 229.5 234.2 228.3 231.1 230.9 235.4 238.6 238 239.4 239.8 237.5 236.2 236.2 235.9 236.4 236.7 234.2 234 232.2 228.6 225.2 225.3 224.9 219.7 220.8 217.2 210.7 206.8 201.7 199.6 195.7 200.5 202.1 206.2 209.7 213.1 215.7 221.1 223.9 225.6 227.9 227.1 231.9 238.8
270 265.2 260.4 256.2 252.4 251.4 250.8 249.4 246 244.4 243.8 243.2 242.3 243.5 241.8 239.8 239 238 240.3 239.6 234.4 236.1 235.9 235.5 234.3 233.9 237.9 238 231.1 229.4 227.5 225.3 225.1 225.9 226.4 225.1 231.6 224.7 227.1 230.3 237.5 234.2 233.8 235.1 234.1 233.1 231.8 231.2 231.7 234.5 231.7 228.1 224.3 222.1 220 218.7 220.6 217 215 210.5 205.4 204.7 201.7 198.5 200.9 204.3 206.1 211.2 214.9 216.4 217.7 220.4 222.9 224.8 227.3 230.5 233.4 239.7
268.5 263.9 259.3 255.4 252.1 250 248.9 247.8 245.3 243.8 243.3 242.5 241.2 242.1 241.2 238.9 238.2 237.3 239.2 242.4 240.1 233 233.4 233.6 232.3 231 233.8 233.1 229.9 228 226.7 223.5 223.8 222.3 223.5 224.1 227.5 222.6 224.7 226.3 232 230.3 229.3 231.8 234 232.9 229.7 227.2 226.9 229 227.6 226.1 222.3 218.9 214.1 212.9 213.2 208.1 206.5 204.6 203.7 203.8 201.4 203.3 205.8 209.6 211.6 213.8 217.7 221.5 222.6 221 221.4 224.1 227 232.1 235 241.2
267.7 263 258.5 255.3 252.1 249.3 247.9 247 245 243.7 243.1 242 240.8 241.7 241.1 238.5 237 235.9 236.2 238.3 239.5 234.4 233.1 231.7 230.3 229.9 229.4 228.9 228.2 226.7 224.5 223.8 221.7 221.6 222.7 222.3 221.6 226.8 220.8 222.5 227.1 226.2 225.2 224.7 227.8 226.9 225 226 219.8 220.8 220.5 220.5 215.2 214.2 213.4 206.7 206.7 205.7 204.2 202.4 202.1 202.4 204.6 206 211 217 221.8 222.9 224 227 226.1 224.6 222.1 227.6 227.7 230.2 234.6 239.9
267.6 262.9 258.4 255.3 252.1 250.5 247.4 246.4 245 244.3 243.9 241.8 240.7 242.2 241.9 238.2 236.6 234.8 235.2 235.5 235.4 234.7 232.2 231.2 228.6 227.5 228.5 227.6 227 225.5 223.4 222.7 220.9 220.2 221.2 221.1 219.5 221.4 222.1 219.1 221.9 223 221.3 219.1 217.9 216.6 215.8 218.4 220.7 213.3 212.2 212.2 209.2 208 207.7 204.9 203.4 204.2 203 204.5 206.7 208.9 207.8 212.3 217.4 221.2 224 229.6 229.9 234 232.7 228.4 226.6 229.8 231.4 230.7 234.3 241.8
267.4 262.9 258 255.1 251.8 249.9 248.4 246.7 245.8 245 244.2 243.4 240.7 241.4 240.5 237.7 236.5 235.7 233.3 234.4 235.6 235.4 233.6 231.7 230.1 228.5 225 226.2 225.9 224.9 222.9 221.9 219.9 219.5 219.8 219.2 218.5 217.9 218.8 219.6 218 219.8 218.7 216.6 215.2 213.6 212.7 212.3 211.8 210.4 207.4 206.5 205.4 204.1 203.3 204.5 205.4 205.7 208.9 208.2 210.6 210.5 214 219 221.2 223.7 227 231.9 232.5 232.4 231.1 231.6 231.7 232.1 235.4 237.2 240.4 241.6
267.2 262.5 258.2 255.1 252.2 250 248.6 247.2 246.3 245.4 244.4 243.9 242.1 240 238.3 236.1 235.8 234.2 234 234 235.8 234.6 232.6 231.6 230.1 228.6 227 223.8 223.5 224.1 222.1 221.5 220.5 217.8 219.6 217.2 217.6 217.3 217.2 216.4 215.8 217 215.8 214.4 213.6 212.4 210.9 210.8 210.3 209.5 208.3 209 208.8 208.2 208.7 208.3 208.2 210.1 211.5 212 215.5 216.9 219.6 222.1 225.3 228.3 233.2 235.3 234.7 233.6 232.2 233.2 236.2 233.9 236.2 241 247.4 251.4
267 261.9 257.5 254.2 251.9 250.1 248.6 247.1 246.1 245.4 243.9 243.9 244 241.9 239.2 237.6 239 237 235.3 233.7 235.8 233.3 231.7 230.7 229.6 228 224.5 222.9 222.7 222.2 220.4 220.1 219.6 218 215.5 215.4 215.8 216.3 216.3 215.6 215.1 214.3 212.7 212.6 212.2 212.2 213.7 214.9 214.4 214.8 213.8 210.7 210.1 212.2 212.2 212 213 215.3 218.3 216.3 219.4 220.4 222.6 225.8 228.9 232.1 241.9 240.2 238.4 234.7 235.4 235.6 236.6 238.7 238.8 244.7 251.5 255
266.4 261.8 257.4 254 251.5 250 248.5 247 245.7 245.3 244.4 244.1 244.3 243.7 238.7 236.1 239.2 240.4 235.4 230.2 237.1 233.5 231.2 230 228.8 226.9 223.3 223.3 223.3 221.9 219.2 217.8 217.7 217.8 215.6 214.9 215.3 216 214.4 215.2 214.3 214.1 215.2 215.8 215 215.2 216.8 217.6 217.9 217.6 217.3 214.4 215.6 217.4 216.2 217.2 219.4 221.2 223.2 222.6 226 224.2 226 230 233.3 237.7 242.7 242.3 240.5 239.3 238.4 237.1 239.4 240.9 242.4 246.2 254.6 259.1
265.6 261.4 257.4 253.8 251.3 249.8 248.3 247 246 245.1 244.2 243.2 243.5 243 238.6 235.3 234.9 234.2 232.7 230 233.2 234.1 231.1 229.2 227.8 225.8 223.1 223 223 222.6 221.5 219.5 218.1 216.9 215.3 216.4 215.5 214.9 218 217 214.8 216.2 217.8 218.2 218.2 216.8 218.3 220.3 220.5 221.5 220.4 219.6 220.5 221.4 221.6 222.2 225.2 228.7 227.7 227.4 228.2 227.7 229.6 235.6 237.5 240.5 243.5 244.2 243.1 242.2 240.9 241.6 242.5 246.2 251.1 254.3 257.8 263.5
265.8 261.3 256.6 253 251.3 249.9 248.4 247 245.7 245 244.2 243.8 243 241.5 238 235.5 236.1 233.6 232.2 229.6 230.9 231.8 230.4 228.5 227.3 225 223.2 223 222.9 222.4 220.8 219.1 218.1 216.9 215.8 220.1 216.8 216.5 218 218.8 218.6 218.9 219 220 220.7 219.6 218.9 221.3 224.9 225.2 224.9 224.5 227 228 227.5 229.8 230.7 232.8 231.4 230.5 230.1 229.2 233.4 239.2 241 243.9 247.1 248.8 247.2 244.7 243.5 244.8 248.2 251.9 257.7 262.5 266 266.3
265.3 261 255.7 252.7 250.7 249.5 248 246.5 245.4 244.7 244.5 243.7 242.8 240.6 236.9 235.3 236.1 234.3 232.2 231.6 230.5 230.5 230.3 228.5 226.9 224.5 224.1 223.1 222.6 222.2 220.6 219 218 217.2 215.9 217.1 219.1 217 218 219.1 221.1 222.3 222.1 223.1 223.4 222.6 221 224.5 228.9 229.8 229.9 232.8 234.2 234.4 234.9 235 235.2 236.2 234 232 233 232.6 233.9 236.2 239.3 247.8 253.2 254.3 251.5 248.1 247.3 249.9 253.8 258.2 264 269.4 273.6 271.3
264.5 260.1 255.2 252.7 250.7 249.2 247.1 246 245.1 244.1 243.4 242.9 242.2 240.3 236 233.9 233.2 232.8 232.5 233.1 231.7 227.7 229.8 229.4 226.6 225.2 223.1 222.3 221.7 221.4 220.3 219.3 218.3 217 216 216.7 218.6 219.3 218.8 219.9 222.7 223.6 224.6 226.4 226.2 226.4 226.9 231.2 235.4 236.5 239.2 241.5 242.2 241.3 241.2 239.3 238.9 238.9 236.2 233.3 235.1 236.8 239.3 243.1 245.6 254.4 259.7 257.6 254.6 250.9 253.3 256.4 259.7 265.1 270.4 274 279 277.5
