app/static/ascii/NC53.asc
ncols 200
nrows 200
xllcorner 250000
yllcorner 930000
cellsize 50
[rows 72 to 107 of 200, columns 0 to 80 of 200]
195.5 188.8 185.1 178.9 174.6 171 165.4 163.2 161.1 154.5 151.9 149.8 144.8 142.7 141 138 136.8 133.9 131.7 128.9 127 123.8 121.7 120.1 119.5 118.2 113.4 112.3 112.1 112.3 112 111.6 111.1 110.7 110.5 110.7 110.6 110.3 108 106.7 110 106.4 104.9 103.6 102.7 101.8 98.5 105.9 103.1 104.4 106.6 111.6 115.6 119.3 121.8 126.4 129.9 131 135.1 137.6 139 142.6 147.7 155.1 157.3 161.2 158.4 159.5 160.3 159.1 159.9 161.1 159.4 158.5 157.6 154.2 149.9 143.2 137.5 131.4 127.2
189 182.1 179.1 172.2 169.1 164.6 159.4 157.5 154.9 148.3 147.3 145.9 142.5 142.6 139 137.4 135.7 132.7 129.4 128.2 127 123.3 122.2 120 119.2 117.4 114.1 112.8 112.6 113.6 114.9 112.9 112 111.5 111.4 111.4 112.3 110.2 109 110.9 110.5 109.1 105.5 104 102.9 101.4 98.2 100.8 101.4 102.8 105.1 111.1 114.1 118.4 119.5 123.4 127.5 130.6 132.8 134.5 136.6 140 144.1 149.7 151.6 153.4 153 153.9 154.4 155 156.9 158 156.4 154.7 153.6 150.3 145 138.4 133.9 127 122.2
182.1 176.3 173.3 166.9 161 157.1 155.8 154.2 144.9 144.2 143.1 141.7 140.5 142.3 138.3 136.6 134.4 130.9 129.1 127.6 126 123.5 122.4 118.4 117.9 115.3 114.3 112.7 113.5 113.1 113.3 112.6 112.6 112.5 111.3 112 112.8 110.1 110.2 110.4 110.5 110 106 104.9 105.1 101.2 99.5 98.9 100.7 103.4 106.6 108.9 112.3 116.6 118.4 121.1 125.4 128.1 129.6 131.9 134.9 137.8 141.4 144.2 143.8 145.3 147.1 147.8 150.4 151.4 153.4 155 152.7 150.9 149 145.7 138.8 133.1 128.8 122.5 119.1
177.7 171.4 167.4 162.1 157.8 153.8 152.3 146 142 140.1 138.4 138 137.9 137.6 137 135.9 132.6 129.5 129.5 128.4 125.2 123.7 122 115.9 115.2 114.7 112.3 112.4 114.2 112.3 112.2 111.6 112.3 111.9 111.1 110.4 109.6 109.8 110 110 109.6 108.2 105.9 106.2 106.6 103.9 99.7 99.2 103.7 105.6 109.1 108 110 113.1 115.7 118.6 122.7 124.7 127.1 128.9 132.5 133.9 136.7 138.9 138.7 139.6 140.4 142.8 145.2 147.1 147.7 148.8 147.6 146 143 138.5 132.6 127.6 123.8 118.9 115.8
170 166.7 160.2 154.9 151.5 150.8 147.9 142.3 139.6 138 136.7 136.5 136.7 137.4 135.5 134.4 129.9 128.4 129.6 125.7 125.3 122.1 119.5 114.3 114.9 112.7 111.8 111.8 113.3 111.5 110.6 109.9 111.4 110.3 108.3 108.3 108.2 108.9 109.1 109 108.5 106.4 105.3 105.3 105.6 102.4 100.9 96.6 102.1 103.3 105.1 107.3 111.1 112.6 113.8 115.9 119.3 121.4 122.5 123.9 128.2 129.7 131.1 132.7 134.2 134.1 135 137.4 138.5 138.8 140.1 141.4 141.3 139.6 136.1 132.5 127.6 122 118.3 114.3 111
163.5 160.4 154.8 149.6 147.6 146.7 144.5 140.7 138.1 135.5 135.1 136.3 136.3 134.6 133.1 132.2 128.8 127.3 125.6 124.8 123.7 118.3 113.4 114.6 114.2 111.6 110.8 111 111.8 110.4 109.3 108.4 108.6 109.4 107.4 106.9 106.7 107.4 108.4 108.2 106.1 104.8 105.2 103.6 103.2 103.5 100.3 97.9 98.5 99.6 103.8 107.1 108.3 109.3 111.6 112.6 115.1 116.8 117.4 118.8 122.1 123.7 124 125.8 127.5 128.5 129.6 131.7 133.1 131.7 131.6 132.5 131.6 131 128.5 124.9 121 116.1 112.3 110 107.7
160.1 155.6 151.8 147.9 146.1 143.1 142.4 138.2 134.8 132.9 134.1 135.2 136 133.7 131.6 128.5 127.2 126.3 124.3 123.6 121 114.5 113.3 114.1 112.9 110.5 109.6 110.3 111 110.1 109 107.5 107.8 107.9 107.2 106.2 106 106.3 108.2 107.1 104.9 103.1 102.4 101.6 102.1 102 100.8 96.1 96.9 94.1 101.9 108.3 105.7 107.1 107.4 108.7 110.8 112.4 112.1 112.5 115.5 116.7 118.2 120.1 120.6 122.2 123.2 124.5 126.1 125.2 125.1 124.9 123.6 119.9 116.3 113.6 111.7 109.3 105.7 104.6 103.1
158.2 154.2 151.6 147.3 144.6 142.2 139.2 134.6 132.9 132 133.6 134.4 135.5 132.5 128.7 127.4 127.1 125.7 123.3 120.8 114.9 114 114.1 113.6 111 107.8 108.1 108.9 110.3 109.7 108.8 107.4 106.7 106.1 107.2 105.6 104.7 105.3 106.3 102.8 102.7 101.9 101 101.6 100.9 102.1 101.7 99.4 99 97.3 97.8 102.1 102 103.3 103.8 105.7 108.8 108.9 107.3 107.7 109.6 110.9 110.9 113.5 114 115 116.4 118.1 119.5 119 118.1 117 115.9 112.7 107.6 104.3 102.8 101.4 100.7 100.3 97.6
151.2 151 148.2 144.7 143.6 141.6 135.6 133.7 131.9 131.2 131.2 132.8 134.5 131.5 127.5 126.9 126.6 126.3 120.7 116.6 113.9 113.1 113.9 110.8 107.4 106.8 107.3 109 108.4 109 108.7 106.5 104.3 104.9 105.2 104 103.1 101.6 100.2 99.7 101.7 100.9 100.6 98.5 98.8 95.3 97.5 98.2 97.5 97.3 97.2 99.9 100.5 100.5 101.9 104.1 105.9 104.5 102.9 102.3 104.1 104.6 105.3 108.2 108.2 109.6 110.3 112.8 113.2 112.3 111.7 111.4 107.3 105.3 98.4 96.3 97.1 95.6 95.2 94.8 92.9
154.9 150 145.6 140.7 139.6 138.8 134.2 132.4 130.4 129.1 127.9 132 131.8 127.2 126.4 125.5 125.3 124.1 119.7 113.9 112.5 112.3 110.2 107.4 106.9 105.8 106 107.9 107 108.7 108.4 106.3 103 102.4 103.3 102.5 101.6 99.7 99.1 99.5 101.6 97.3 98 95.2 93.9 93.8 94.2 95.9 98 92.4 97.5 97.2 98.4 98.6 100.6 101.3 102.5 101.7 98.6 98.1 99.1 100.3 101.1 102.4 103.2 104.7 105.2 106.2 106.4 106.2 105.2 104.4 99.6 97.7 92.8 88.5 88.3 89.8 88.7 85.6 85.4
156.3 151.8 150.3 141 138.7 135.5 131.7 128.6 128.4 125.7 124.5 129 129.7 126.3 124.8 123.9 121.8 120.4 117 113 112.2 113.4 108.7 107.9 107.2 105.8 104.6 105.8 106.2 109 107.6 104.8 102.7 102.2 103.9 101.9 100.5 99.1 98.7 97.3 96.7 95.5 93.4 92.5 92.8 92.9 94.7 95 95.2 87.7 95.1 94.9 95 95.8 97.8 98.7 100 98 95.2 95.2 95.4 96.6 96.3 96.6 99.7 99.4 100.1 100.2 100.9 99.8 99.3 97.4 92.7 93.4 89.8 85.1 80.9 83.9 83.1 79.2 78.3
154.6 151.6 148.6 141.2 134.7 132.4 138.1 133 131.6 129.6 126.5 127.7 126.5 125.5 122.9 121.1 118.7 115.9 113.8 112.3 111.1 108.8 108.4 110 107.5 105 104.5 105.8 106.8 107.7 106.9 104.2 102.4 102 104.1 101.3 99.9 99.1 97.9 96.7 95.2 93.8 91.9 91.4 91.5 93.5 94.8 94.7 94.5 88.7 95.4 93.2 93.5 93.3 93.7 94.5 95.6 93.4 93.7 91.8 91.9 92.7 93.5 94.9 96.6 94.7 94.3 95.6 96.6 95 93.8 90.1 84.4 84.3 83.6 82.4 78.4 78.9 80.8 78.3 77.8
152.3 150.8 145.8 137.5 138.7 141.3 138.6 135.3 133.1 130.3 127.3 124.8 124 121.3 115.4 117.2 115.5 114.9 114.3 111.9 108.1 107.1 106.8 106.3 105.2 104.1 105.8 106.5 107 107.5 107.4 105.2 102.4 102.2 104.4 101.2 99.8 99 97.1 95.2 93.5 92.6 91 90.7 91.2 91.9 90.8 93.1 93 87 89.2 90.1 92.7 91.8 90.3 91.4 91.7 89 88.3 87.9 87.2 88.5 91 90.2 92.2 91.2 89 91 91 90 88 85.1 80 79.8 79.8 82.2 78.2 78.3 77.4 77.2 76.1
153.3 151.8 146.5 147.8 142.9 141.7 140.4 139.3 135.8 132.7 130.3 130.6 129 125.7 118.2 115.3 114.6 114.7 115.2 113.6 110.7 107.4 105.7 104.8 104.1 104.7 106.3 106.9 108.1 110.7 106.7 104 101.6 102.7 101.1 99.8 99.6 99.4 97.8 94.3 92.7 90.2 87.3 90 87.7 88 88.3 88.8 88.1 85 86.1 87.4 89.7 87.6 86.5 87.2 88.7 87.2 83.9 83.6 83.4 83.3 83.2 83.7 85.6 86.1 84.3 84.6 85.2 87.9 85.2 83.2 79.8 79 79 77.1 78.7 78.2 78.1 77.7 77.7
155.7 153.6 149.9 150.1 145.4 142.5 141 138.9 137.2 135 132.7 132.6 128.4 121.5 118.3 114 113.1 114 116 116.4 111.8 109.6 106.3 104.9 103.6 105.2 106.3 107.3 108.5 109 108.3 104.3 101.5 100.6 98.7 98.9 98.9 98.5 96 92.1 89.8 87.4 85.5 86.5 86.3 86 86.1 86.3 85.4 85.1 85 86.2 85.5 85.4 84.5 84.5 86.6 85.9 81.4 81.8 84.5 81.6 80.3 80.6 80.8 81.1 81 80.6 79.8 79.8 78.9 79.4 78.8 78.5 78.7 78.6 78.5 78.3 78.1 76.4 78.2
158.7 155.2 151.9 151.2 147.5 143.5 140.7 139.5 139.1 137.9 132.7 131.7 126.5 120.3 116.9 114.3 111.9 113.9 128 115.1 111.4 108.3 106.9 106.8 104.1 104 105.7 105.8 107 108.3 108 105.1 101.4 96.6 96.3 96.8 97.7 97.4 94.1 90.8 87.9 86.9 85.1 84.5 84.6 84.4 84 84.5 83.9 84.5 84 85.4 84.6 82.9 84 83.9 83.1 83.4 80.8 80.8 82.1 82.9 79.5 80.2 79.9 79.8 79.2 79.2 79 78.7 78.5 78.5 78.5 78.5 78.7 78.6 78.4 78.4 78.3 76.2 78
160.2 157.6 156.4 154 150.2 146.2 142.6 140.6 139.4 136.3 131.4 130.7 126.2 119.5 117.8 113.9 108.1 113 117.1 110.7 110.3 108.3 106.9 105.9 104.6 102 105.5 104.3 104.8 105.9 104.5 101.6 100 97.8 95.8 95.4 95.9 96.9 96 91.6 87.7 86.5 86.2 85.8 85.7 85.2 85.5 85.1 84.2 82.9 83 83.3 83.2 82.5 83.2 83.6 82.5 81.9 80.8 80.4 79.8 79.7 79.7 79.7 79.9 79.7 79.5 79.1 78.9 78.7 78.6 78.7 78.7 78.6 78.6 78.6 78.4 77.6 77.5 77.7 78.2
164 162.7 160.2 156.4 153.5 148 144.7 141.7 137.7 133 129.7 131.1 124.2 120.2 116.5 112.8 107.2 110.2 114.3 107.6 108.2 110 106.4 105.4 103.8 103.5 102 100.2 103.2 103.9 101.7 101 101.3 101.5 98.8 95.5 94.2 96 95.3 94.2 89.2 87.6 87.3 87.1 86.4 86.2 85.7 85.4 84.9 82.9 83.5 83.4 82.8 81.9 82.2 81 82 81.7 81.6 80.7 80.3 80.1 80.3 79.9 79.9 79.5 79.5 79.1 78.9 78.7 78.8 79 78.9 78.6 78.6 78.5 77.9 76.2 78.5 78.5 78.4
168.4 167.5 163.7 160.1 155.1 151.1 146.2 140.9 134.3 129 127.5 130.9 123.9 121 114.7 110.4 108.3 107.3 106 105.7 105 106 105.7 105.2 104.7 105.8 110.7 102 97.4 100.1 97.4 96.7 98.3 99.9 97.8 96.7 95.2 94 96 94.9 92.1 88.5 87.7 87.5 87.4 86.8 86.1 86.1 87.8 83.7 82.2 82.6 82.9 82.7 82.3 81.8 79.9 81.6 81.2 80.7 81.3 80.7 80.4 80.1 79.9 79.6 79.2 79.5 79 79.5 78.5 78.5 78.5 78.4 78.4 78.4 77.6 78.2 78.5 78.6 78.8
172.5 172.8 167.6 164.3 156.4 154.2 146 141.1 135.5 129.8 126.1 128.6 123.4 118.7 116.9 112.3 108.4 107.8 106.2 104.7 103.6 101.6 105.2 105.4 104.8 104 108.1 104 96.4 93.9 94.8 94.2 89 102.3 98.5 97 96.1 92.4 94.5 93 93.2 91.2 88.4 87.5 87.2 86.7 86.1 85.6 86.8 83.8 83.1 82.8 83.2 83 82.5 81.7 81.5 81.4 81.4 81.2 80.8 79.2 80.6 80.4 79.9 80.1 79.6 79.5 79 79.5 79 78.7 78.2 79.2 78.6 78.7 77.8 78.5 78.6 78.7 79
179.3 176.3 172.4 164.7 158.2 153.3 147.8 142.4 138.6 131.6 126.5 123.7 121.5 120.1 116.6 113.7 112.6 110 106.1 104 102.7 102.7 105.3 105.8 102.5 102.4 100.6 98.4 94.8 92.8 97.1 95.9 93.3 93.1 96.2 96.3 96.2 94.9 91.9 90.1 96.3 92.7 88.3 87.2 86.9 86.5 85.7 85.5 85.6 87.6 83.9 83.5 83.9 85.3 82.5 82.2 82 81.6 81.5 81.1 79.6 80.9 79.9 78.8 79.9 80.3 80 79.6 79 78.5 78.6 79 76.6 77.2 76.3 79.3 79.4 79.4 78.7 79.2 79.6
186.2 181.3 176.4 168.5 158.8 152.2 149.3 143.4 139 131 126.7 125.5 122.9 122 116.7 115.2 112.8 108.7 106.1 104.9 102.8 102 101.4 100.4 99.3 97.7 95.8 95.4 95.2 95.5 96.7 96.2 94.6 91.7 92.7 94.1 95.1 97.2 91 91.1 90 95.7 87.1 86.7 86.4 86.1 85.7 85.6 85.2 84.6 84 84 84.4 83.3 82.8 82.5 82.2 81.1 80.3 81.2 81.3 80.7 79.8 79.7 80 79.6 79.9 79.5 77.3 78.8 78.5 80 79.3 78.5 78.3 80.7 80.9 80.7 79.3 80.1 80.6
191.2 186.7 178.6 169.3 161.4 152.5 147.4 143.6 137.1 128.2 127.4 125.1 123.9 121.8 117.5 111.8 111.2 107.5 106.3 107.9 103.7 103.6 100.6 96.8 96.3 97.8 97 97.7 96.6 96.1 100 96.8 95.8 95.3 88.2 91.7 93.6 98.6 90.9 90.1 90.3 88.7 89.8 87.2 86.8 86.3 85.5 85.7 85.1 84.8 84.5 84.4 84.1 83.4 81.7 81.9 82.4 81.9 81.7 81.1 80.7 80.9 80.2 79.9 78.2 79.9 77.7 81.1 79.5 79.2 79.4 80.8 79.5 78.9 78.9 80 81.3 79.6 79.3 81 82.8
196.2 190.2 179.5 171.3 162.7 153.2 147.7 144.2 136.7 127.8 128.1 125.3 124 122.1 113.4 109.9 109.1 108.6 108.3 106.8 103.6 103.2 102.8 102.1 102.1 103 100.5 97.1 97 97.1 98.9 101.4 97.4 101.1 94.5 88.2 90.8 91.4 90.1 89.5 88.4 87.5 86.8 86.1 85 85.6 83.8 84.5 85.1 84.3 84.7 84.1 83.2 83 84.2 84.6 82.7 83.2 82 81.5 81.3 81.1 80.4 80.4 79.4 79.7 80.2 84.9 81.4 78.7 83 79.9 79.7 78.8 79.4 82.4 82.1 81.6 80.7 84.5 83.2
201 191.4 180.5 173.5 164.7 155.5 149.2 145.1 136.9 127.7 127.8 127 124.8 122.1 113.1 111.1 111.2 109.7 109.4 106.9 104 103.7 103.2 101.7 100 99.1 98.6 98.4 98.1 97.5 105.1 101.3 98.5 97.1 98.7 91.7 88.1 89.6 89.5 89.7 88.4 88 87.7 86.2 85.7 84.4 85.5 85.5 85.1 85.5 82.6 83.6 83.6 86.1 88 85.5 84.1 84.3 83.9 82.4 82.9 83 82.1 79.7 79.1 78.8 82.7 85 86.7 81.7 84.3 84 80.5 80 79.6 83.5 84.8 87 82.8 83.6 84.5
202.1 190.8 183.3 177 166.4 156.6 148.9 145.7 136.3 128.1 129.2 128.1 124.5 118.6 114.7 113.9 112.6 110.3 109.2 107.9 104.3 101.9 100.8 100.2 100.1 99.2 98.6 98.7 99.2 100 106.8 109.6 100.1 101.6 94.4 92.1 90.9 87.3 88.8 88.7 88.3 87.7 85.6 87.3 86.9 86.3 86.5 87.4 88.6 86.7 86.2 86.6 88.9 89.3 89.8 86.5 88.5 87.4 86.3 85.4 84.2 84.1 87.5 80.6 80.3 79.7 81.7 85.8 86.4 85.4 83.6 83.8 85.5 82.6 83.3 87.1 88.7 89.6 87.2 83.5 87.2
203.3 192.1 185.9 177.8 167.6 158.3 147.6 144.2 135 130.7 130.7 129.4 125.2 117.7 116 114.5 112.8 110.5 110 108.6 104.6 102.9 101.7 100.7 99.8 99.8 99.8 99.9 99.5 99 98.5 100.5 101.2 99 92.8 92.4 91.8 90 89.7 86.5 86.2 86 90 91.5 89.6 89.1 88.7 88.5 92.7 89.1 89.8 93 94.7 91.7 89 88.6 90.4 92 90.2 87.2 86 85.9 83.1 81.6 81.1 82.9 86.4 87.2 88.3 85.4 85.2 86.8 87.8 87.4 92 91.9 89.9 89.4 85.7 85.7 87.9
203.6 193.8 186.7 176.4 170.3 156.3 148.5 145.6 135.7 132.3 132.2 130.5 125.4 118.4 116.9 115.8 113.8 111.2 109.1 108.2 106.5 102.5 102.1 101.4 101.1 102.2 101 100.5 99.7 98.3 97.6 97.3 95.9 96.7 93.4 92.8 92.2 91.5 90.7 90.3 92.3 92.4 93 95.8 93 92 92.1 93.8 93.3 94.2 93.8 96.9 98.3 93.7 90.8 91 90.8 93.9 92.1 90.5 89 88.2 85 86.5 82.2 88.6 90.5 90.1 88.6 87 89 89.4 87.1 88.6 91.3 90.3 95.4 92.9 89.8 91.1 95.8
203.3 196 186.5 179.3 168.6 156.3 149.1 144.5 136.8 132.9 133.1 131.3 124.9 120.1 118.4 117.4 116.6 112.3 109.2 107.9 103.2 102.7 103 102.9 104.8 102.5 101.1 100.1 99.1 98.1 97.2 96.5 95.7 95.2 93.7 92.4 91.8 91.6 92.9 91.8 93.4 94.5 95.2 95.6 96.1 96.7 96.4 94.9 95.1 96.1 99.2 99.7 98.1 96.7 96.5 94.5 92.8 96.5 94.4 94.9 89.9 87.8 87.9 90.7 86.6 90.6 94.6 93.5 89.2 88.5 91.7 89.2 88 88.6 90.8 96.1 98.1 97.2 95.2 94.4 97.8
204.3 198.5 185.9 177.4 167 159.2 149.7 143.5 134.3 137.5 134.7 131.2 126 121.4 119.7 117.8 115.8 111.4 109.1 104.3 103.7 103.7 109.7 105 107.4 104.3 101.6 104.1 98.9 97.9 96.7 96.3 95.6 95.2 93.6 94.5 96.9 95.4 96.6 95.5 93.7 95.4 97.3 98.5 98.5 99.3 99.7 97.1 98.1 98.3 105 103.5 103.5 102.7 101.3 99.3 96.4 99.4 95.4 95.4 91.8 91.4 95.6 92.2 92.3 96.2 96.5 94.7 92.7 92 94.8 90.4 89 91.9 93.6 99 99.5 98.3 99.4 97.7 97
206.5 195.5 183.8 172.9 167.1 161.4 148.3 141.2 134.7 141.1 134.9 131.6 124.6 120.2 117.9 116.7 113.5 109.7 108.2 105.7 104.7 112.5 111.1 109.3 105.7 104.2 102.2 101.7 99.1 97.5 96.3 95.8 95.3 95.4 97.5 99 102.6 100.4 99.5 97.2 96.5 98.2 102.2 101.2 101.2 101 100.6 101.9 103.2 103.3 106 105 105.1 103.7 103 102 103.6 100.3 97 95 93.2 98.2 97.4 95.5 96.1 97.7 99.9 98.5 97.8 97.2 95.6 92.3 97.7 95.7 99.8 101.2 99.4 102.3 104.4 102.4 107.6
206.1 191.6 183.5 173.3 168.3 161 147.1 141.8 137.1 140.7 134.5 131.8 123.6 122.9 117 114.8 111.6 109.4 107.7 106.1 105.8 106.8 107.5 105.8 104.6 102.8 102.1 100.3 99.2 98.3 97.3 98.3 97.7 97 99.1 102.2 103.7 102.8 102.9 100.7 100.7 100.6 105 103.8 103.2 104.3 106.2 107.4 106.6 107.8 109.2 109.7 111.6 109.3 108.2 109 103.9 100.2 97.7 96.5 95.4 96.9 99.5 99.1 98.8 100.9 102.7 99.9 102.3 101.5 99.4 97.5 98.7 98.3 102.3 102.1 104.5 107.4 107.9 107.9 109.6
201.4 190.8 182.5 174.7 167 158.9 144.5 140.7 141.8 140 134.9 131.9 123.3 118.4 114.6 113.1 111.7 109.5 108.5 107.7 106.1 107.8 111.5 106.6 104.6 104.3 103 100 99.9 99.1 97.3 98.1 98.1 98.5 101.5 102.8 104.1 104.9 104.9 104.9 105.4 104.7 106.7 109.5 108.6 110.4 112.1 110.2 113.1 113.8 115.1 115.3 114.5 113.8 113.6 114.8 111.4 106.5 101.9 101.2 102 103.1 105.7 102.3 104.4 107.4 104.8 101.8 102.6 103.1 102.6 99.3 100 101.3 106.2 104.6 109.2 111.3 110.7 112 116.2
199.4 189 181.3 174.2 163.5 156 144.3 140 139.7 140.2 132.6 129.9 124.1 116.1 113.6 112.8 111.2 110.7 112.2 109.3 107.5 108.8 107.9 106.5 106 102 99.9 98.8 99 98.6 98.3 99 100.7 100.8 103.5 103.8 106.4 107.1 107.2 108 110.2 111.4 111.6 114.3 114 115.8 115 114.9 117 118.9 119.6 119.3 119.4 120.4 121.5 119.3 117.2 108.4 109.4 106.8 103.6 109.4 108.5 104.8 106.5 109.9 107.6 107 106.7 104.9 103.9 102 102.6 106.4 109.4 112.7 114.8 115.5 114.3 118.9 122.7
198.3 187.3 178 169.6 161.3 152.5 140.5 138.2 137.6 135.8 132.3 128.9 123.5 117.6 116.1 114.5 112.8 112.5 117.8 110.6 108.3 109.2 109 107.5 103.8 114.7 104.7 101.4 98 103.8 103.9 102.5 106.3 105.8 106 106.4 107.2 111.8 110.6 113.4 115.3 118.9 120.1 121.8 122.7 120.1 118.6 118.7 122.6 126.9 128.7 129.1 125.5 126.3 124.7 120.9 115.2 112.5 112.1 109 108.4 112.1 112.8 105.4 109.9 111.8 107.7 108.5 108.2 106.6 105.7 107.2 106.4 110.8 116.1 116.3 121.8 119.3 120.6 124.9 126.2
193.2 183.5 174.4 166.5 160.5 150 138.3 136.7 135.9 135.1 131.5 128 123.8 119.8 115.9 113.9 114.1 113.7 117 111.1 109.7 110.7 109.8 109.4 107.3 114.8 109.5 109.4 102.7 105.4 110.2 112.6 111.2 109.7 112.1 109.5 110.8 119.1 116.6 120.3 126.2 126.3 126.5 128 126.8 122.8 122.5 124.3 132.1 137.7 137.8 138.1 135.3 133.3 129.6 122.8 121 120.8 118.2 115 114.5 113.9 110.6 108.7 113 115.5 110.1 112.4 111 109.7 109.7 114 113 116.6 120 123.9 126.3 125.4 127.5 131.1 130.4
