app/static/ascii/NC54.asc
ncols 200
nrows 200
xllcorner 250000
yllcorner 940000
cellsize 50
[rows 105 to 139 of 200, columns 78 to 155 of 200]
244.2 242.4 236.9 231.8 232.4 234.2 223.5 213.6 202.8 200.5 204.1 204.1 202.3 201 202 199.4 201.8 201.9 194.3 194.3 198 207.8 205.5 204.9 213.8 212.2 210.5 206.5 201.6 197.1 199.1 199.1 196.6 198.1 196.9 190.7 193.7 193.9 195.5 195.5 198.4 199.4 195.2 193.9 192.5 191.3 190.9 190.6 191.1 192.6 196.4 207 214.1 211.1 207 204.8 206.9 211.1 216.7 219.1 222.1 228.2 233 237.9 237.5 238.8 238.6 237.6 236.6 240.4 246.7 251.4 253.6 255.7 257.4 258.3 259.7 259.8
244.6 243.4 237.8 234.5 230.8 227 218.4 205.9 200 198.6 199.7 207.3 199.8 199.1 197.1 198.7 202 198.9 196 195.1 197.1 202.2 202.9 203.8 212.7 210.3 208.3 203.8 201.7 197 199.1 199.1 197.5 197.9 196.1 191.4 194.7 194.2 195.5 192.8 198.1 196.4 195.5 194.6 192.9 193.3 189.8 189.4 190.8 192.3 197.1 203.3 212.5 211.7 208.4 204.5 205.5 208.5 213.2 216.1 218.5 224.8 231.1 237.1 236.8 237.4 237.2 235.9 233.6 235 240 245.4 248.7 251.2 251.7 251.8 251.9 253.3
245.2 244.9 243.1 233.2 225.3 218.3 211 202.2 198.4 197.9 196 201.9 198.6 198.6 197.1 203 200.3 197.2 199 199 199.8 200.6 201.5 204.8 211.5 209.5 206.6 202.2 199.6 195.3 199.1 197.6 199.8 198.4 195.9 192.2 195.4 195.5 196.9 196.4 200.7 197.4 195.5 196.1 194 191.9 189.9 189.1 190.8 191.2 196 200.7 207.6 209.8 206.8 202.8 203.8 206.4 209.1 211.6 215 221.1 228.3 233 234.7 236.4 235.7 234.5 230.4 231.1 232.8 238.8 243.4 245.5 245.7 246.1 246.5 246.6
247.1 248.2 242 228 217.3 211.9 208.4 201.5 200.6 196.7 193.5 198.9 196.1 197.9 197.6 199.6 198.7 195.8 199 199 202.1 200.8 201.1 211.2 211.6 207.9 204.8 199.2 197.5 199.1 199.1 200.7 201.3 198.4 195.7 192.7 195.6 195.4 196.1 198.9 202.3 196.5 195.5 195.2 193.6 191.8 189.5 188.5 188.9 189.1 192 196.7 201.3 203.9 204.9 202.1 201.4 203.9 205.7 207.7 211.2 216 223 227.7 231.4 234.6 234.7 232.2 229.8 227.5 228.1 231.7 236.7 239.2 239.7 238.9 239.1 238.8
250.4 242.2 231 221.3 211.1 209.4 207.5 202.6 200.6 197.4 193.7 195.3 193.2 197.4 198.8 198.1 198.5 199 199 196 200.4 201.1 201.4 209.5 210.2 206.3 201.4 194.8 199.1 199.1 195.9 202.3 202.4 197.5 193.3 199.1 194.8 198.5 196.4 199.2 201.5 196.1 195.3 194.6 193.5 192.4 189.6 187.9 187.4 187.7 189.9 193.6 198.7 201.2 205.3 203.9 200 201.5 202.7 203.8 206.2 210.5 216.7 222 226.4 232.9 233.2 230.3 227.3 223.4 225 225.8 229.6 233.2 234 232.7 232.8 232.6
244.9 235.2 227.1 219.2 209.8 206.7 206.2 202.7 198.3 194.1 192.2 192.1 193.1 194.5 197.8 195.2 197.2 199 199 193.9 200.3 200.5 202.7 208.3 206.7 203.2 203.1 196.2 199.1 199.1 201.8 203.6 202.5 196.5 199.1 197.1 199.1 199.1 197 199.7 200.6 195.3 194.5 194 193.6 192.4 190.2 188.4 186.7 187.2 189.6 192.5 200.3 199.4 200.2 202 199.4 198.8 199.6 201.2 203.4 206 212.5 217 221.9 228.3 229.6 227.7 225 222.6 222.1 221.6 223 226.1 227.6 226.5 226 225
239.8 233.2 224.3 218.1 213.5 208.4 206.6 205.3 200.2 192.5 192.2 191.9 193.6 193 193.8 199 199 199 199 195.3 197.7 198.2 209.2 207.5 203.2 203.2 203.1 202.5 199.9 198 202.9 203 199.2 199.1 199.1 199.1 199.1 195.4 197.5 199.6 197.5 194 193.5 193.1 192.8 191.4 189.1 187.9 186.7 187 188.9 191.6 193.4 197 198 201.1 199.1 199.4 197.4 197.9 200.8 202.5 205.4 211.2 216.8 220.4 223.7 222.9 221.4 219.9 218.5 217.5 216.6 217.6 219 218.2 219.3 217.8
234.5 229.7 221 216.5 211.8 209.2 207.5 202.6 199.2 192.8 192.2 192.8 193.1 191.3 199 199 199 199 199 194.8 195.3 202.3 209.5 205.1 203.2 203.2 203.8 201.6 201.7 202.7 202.8 203.7 197.6 194.9 199.1 199.1 199.1 194.8 196.9 196 193.9 192.7 192.3 192.1 191.1 189 188 187 185.7 186.4 188.2 191.7 192.4 193.1 193.1 194.9 194.2 193 193.4 193.6 196.2 197.9 201.2 205.5 210.1 213.6 216 215.8 216.4 215.3 214.6 213.8 213.3 211.8 212.4 212.6 212.5 211.3
231.2 224.3 219.7 215.9 212.7 210.2 205.3 199 199.2 199.7 198.5 194.1 193.4 193.9 193.9 198.9 192.9 199 199 199 194.3 211.5 210 203.2 203.2 203.2 202.9 201 200.8 202.8 203 199.9 197.3 194 199.1 199.1 199.1 199.1 194.6 193.1 192.3 191.2 190.8 188.9 187.9 187.3 186.8 186 184.8 184 187.3 190.3 191.7 192.3 191.2 189.9 191.2 190 185.8 190.1 191.2 192.8 196.8 199.9 204 206.1 208.4 209.6 210.3 209.5 209.8 210.3 208.3 207.4 206.5 207.1 206.2 205.5
228.2 222 218.5 215.5 212 209.6 208.8 201.9 201.1 203.1 199.3 199.4 197.6 199.9 199.9 194.2 199 199 199 199 211.2 212.2 208.7 203.2 203.2 203.2 204.1 201.1 202.1 202.3 200.4 198.4 196.7 199.1 199.1 199.1 199.1 198.1 194.4 191.7 190.3 188.8 187.9 186 185.1 184.4 184.2 183.6 182.2 184.6 186.6 188.3 189.8 189.6 190.6 186.7 185.4 184.9 180.1 185.6 188.7 188.8 192.6 195.4 198.2 201.2 203.4 206 205.9 204.7 204.6 203.9 203.5 202.5 201.5 201.8 200.7 200
224.6 219.9 218 214.9 211.9 210.1 204.9 203.3 203 200.7 200.2 199 197.9 197.3 196.4 199 199 199 199 198.9 211.7 211.2 207.2 204.7 204.6 205 204.4 203.6 202.5 201.5 198.8 197.9 195.6 199.1 199.1 195.4 196.9 196.1 193.5 190.8 188.7 186.8 185.3 184.1 182.9 182.3 182.3 181.4 181.4 183.8 184.1 184 184.2 184.1 185.4 181 180.9 179.4 178.2 181.1 183.2 185.3 187.5 189.7 192.7 193.8 197.6 198.6 200.7 199.1 199.2 199.1 199.2 197.3 197 194.9 195.5 193.9
222.8 220.2 218.6 215.6 212.3 211.8 208.4 204.9 204.5 199.2 200.1 198.8 197.8 195.6 198.6 199 199 199 199 210.3 212.4 210.1 207.1 206.2 206.3 205.8 204.9 204.1 202.5 200 197.7 196.2 199.1 194.3 195.4 196.7 196.5 195.7 192.4 190.2 187 185.2 183.5 182.2 180.9 180.5 180.1 179.7 179.5 180.8 181.1 181.8 179.1 178.4 176.4 176 178.7 177.8 173.2 179.9 179.2 180.8 183.4 185.7 191 191.5 191.5 193.7 195.5 194.8 194.9 193.7 191.8 192.1 191.7 190.4 189.8 188.1
222.5 220.6 218.7 216.1 213.7 211.4 209.9 206.5 203.7 201.4 200.9 199.5 194.2 192.9 199 199 199 199 196.6 209.2 211 209 207.9 207 206.4 206.1 205.2 204.3 202.4 199 196.8 195.6 193.4 196.1 197 197 195.9 194.4 191.6 187.9 185.5 183.6 181.8 180.2 179.2 178.3 177.9 177.3 177.5 179.4 179.5 179.3 176.8 172.9 173.5 171.4 175.2 170.9 171.1 173.6 175.6 176.2 174.3 176.4 182.8 183.6 186.7 187.6 188 188 189.1 190.4 187.2 187.7 187.1 185.2 183.7 183
222 221.2 219.1 217.3 216.1 211.2 208.6 205.7 203.4 203 203.2 201.9 199.4 193.4 199 199 199 199 203.6 209.4 209.8 209.1 208.2 207.8 206.6 206.3 205.5 204.4 202.1 198.2 196.3 193.5 196.7 196.9 197.4 197 194.6 192.8 190.1 185.7 183.8 181.7 179.8 178.6 177.8 176.6 175.8 175.5 175.6 176.2 176.9 177.7 172.7 167.7 165.8 167.7 167.9 166.2 163 169.4 167.8 171.3 173.6 173.9 177.9 180.7 180.3 181.7 182.8 180.9 183.1 183.9 182.2 182.6 181.6 179.9 177.1 178.2
221.3 220 219.6 218.4 216.3 211.5 208.5 206.8 205 206 205.6 204 200.2 196.8 199.6 198.4 198.3 200.7 206.4 209.7 209.5 208.9 208.9 208.9 208.9 207.1 205.9 204.1 200.1 197.7 196.6 197.8 198.4 198 197.4 195.8 193.2 191 188.2 184.1 182.5 180.4 178.5 177 176 175.3 173.9 172.8 172.5 171.2 172.1 171.7 171 164.2 158.2 163.2 166.8 162.2 160.7 161.4 163 165.7 171 171.5 170.7 172.5 175.5 176.9 176.6 176.9 177.2 177.1 176.4 177.3 175.3 175.3 171.9 171.7
220.4 219.8 219.8 220.2 217.6 212.4 208.6 206.9 209.2 209.2 207.7 205.8 201.5 201.7 201.9 202.1 201.5 203.9 207.2 209.8 209.2 208.9 207.2 207.1 206.6 207.4 206.1 203.9 199.6 197.6 196.4 199.2 198.7 198.1 196.6 195.2 191.9 189.5 184.5 183.1 181.2 177.5 175.9 174.5 173.4 171.9 170.5 169.2 170.6 170.4 167.5 163.8 163.9 159.4 155.8 158.6 156.8 157.3 157.6 157.8 159.1 160.7 160.6 162.9 163.7 165.7 167.8 173.5 172.1 167.9 173.4 170.6 170.4 171.2 172.4 170.5 167.1 167
220.9 220 219.4 221 217.4 211.4 210 212 213 212.4 210.3 208.3 205.3 204.8 204.3 204.7 205.4 205.8 209.5 210.5 209.4 208.9 207.2 207.6 206.9 207.9 206.8 203 200 196.9 197.8 201.1 199.1 197.3 194.9 192.4 189.6 186.2 182.9 182 178.2 175.1 174 172.8 171.6 170.5 169.3 166 166.5 166.9 164.2 162.3 160.8 158.7 153.8 155.9 152.3 154.2 152.6 155.9 155.9 157.7 159.9 161.6 163.1 162.9 167.6 165.4 164.2 162.2 165.5 166.1 164.1 162.9 168.4 163.5 164.2 161.1
221.2 220.2 219.4 217 214.7 210.7 213.1 216.8 215.8 215.2 212.9 210.8 209.1 209.5 208 207.2 208 208.5 211.8 211.2 209.3 208.9 207.7 207.2 206.6 206.4 207 203.2 200.6 197.7 198.8 199.3 198.3 194.7 191.1 188.4 186.3 182 181.2 179.5 174.9 173.7 171.8 170.8 170 169 168.2 166.2 161.6 161.4 162.9 159.2 158.8 155 153.5 153.5 151.8 149.1 148.4 149.4 152.3 153.7 154.5 155.4 159.5 160.7 159.8 161.1 161.3 159.2 159.2 159.9 158.3 157.4 159.9 159.1 157.1 156.3
221.5 219.9 218.6 216.7 213.3 212.7 217.7 219 220.2 219.3 215.9 213.3 212.5 212.4 212 210.5 210.6 210.9 213.4 211.5 209 208.9 208.1 206.9 205.6 205.5 205 201.6 199.9 198.1 198.1 198.4 194.4 189.6 184.7 183.2 179.8 178.4 178.5 176.3 172.9 171.4 169.7 168.3 167.4 167.4 166.3 165.2 161.9 158.1 157.8 155.9 153.9 149.4 154.2 148.2 147.2 144.6 147.4 148 151.3 151.9 153.9 155.2 153.5 153.6 157.6 156 156.1 154.5 156.8 155.2 153.4 154 155 154.6 151.6 150.3
221.7 219.6 217.9 215.4 214.3 217.1 222.5 222.4 223 221.3 218.8 216.4 215.5 215.3 215 213 212.7 213.6 215.7 213.5 210.3 208.2 208.4 207.4 206.1 205.1 204.7 204 202 199.5 198 194.8 190.4 183.7 180.9 179.7 176.3 175.9 174.8 173.6 170.7 169.8 168.2 167.5 166.2 164.7 162.9 162 161.3 156.3 153.1 155.6 148.2 146.6 145.6 145.2 144.9 147 144.1 145.3 144.4 145.1 149.3 150.4 152.3 151.3 152.5 152.6 152.9 152.3 150.5 150.8 150.3 152 152.4 152.2 148.3 146.5
221.7 220.4 217.7 215.8 217.9 222 226.1 226 225.1 223.6 220.9 219.5 218.5 218.4 218.3 215.2 215 216.3 218.2 215.3 211.2 209.1 208.5 208.1 207 204.4 204.1 204.9 203 198.5 196.1 191.7 186.4 180.4 178.5 176.6 174.8 172.8 171.7 170.5 168.9 168.1 167.1 166.4 165.1 162.3 159.8 158.1 155.7 151.7 148.1 146.6 143.1 140.7 137 139.3 141.9 136.5 137.5 142.9 142.8 141.4 144.7 149.9 150 151.3 147 148.9 150 147.7 140.4 146.4 147.1 148.6 148.2 147.3 144.6 141.2
221.5 220.5 217.8 218.9 221.7 226.8 231 230 227.5 226 224.6 223.1 222.2 220.7 218.7 217.3 217.2 217.9 219.4 215.6 211.6 209.4 208.9 208.3 207.5 205.9 206.1 207.9 201.9 196.8 193 188.4 183.8 179 177 175.4 173.2 171 170 168.3 167.5 166.6 165.5 164.5 162.6 160 157.7 156.6 154.9 152.5 148.4 144 141.6 139.6 134 133.2 131.8 133.1 134.4 138 135.3 135.2 137.2 140.6 143.7 145.4 143.5 144.4 144.9 144.9 143 141.1 143.6 144.4 143.3 141.5 138.9 131.5
221 220.2 216.9 221.6 226.6 239.6 239.2 233.4 229.5 227.6 227 226.7 225.8 221.8 220.1 218.4 218.5 219.2 220.9 216.7 211.5 209.9 209.3 208.6 207.8 206.9 206.2 206.3 201.1 195 190 185.5 180.7 177.8 176.7 174.8 171.4 169.2 167.8 166.8 166.1 164.9 163.8 162.1 159.8 157.6 155.5 154.9 153.6 150.8 147.5 144.3 143.6 140.7 137.2 135.1 133.7 130.7 131.9 131.6 133.7 133.2 133.1 136.4 138.6 140.5 139.8 139.5 141 139.7 138.2 132 140.5 140.8 137.2 132.2 126.7 126.9
219.7 218.9 219 226.7 233.9 249.3 244.7 236.4 232.2 229.4 229.1 230 227.8 223.7 220.9 219.5 219.3 220.7 221.6 216.8 211.8 210.4 209.8 209.1 207.7 206.4 206.2 204.8 201.4 192.2 186.6 182.3 179.3 176.6 175.7 173.3 169.5 167.1 166.6 165.7 164.4 163.2 162 161 157.6 156 154 150.9 147 143.9 141.9 142 142.3 136.1 135.3 131.3 129.4 128.6 129.4 129.1 134.4 135.1 131.8 133.7 137.6 139 137.5 136.2 137.3 136.1 134.5 129.1 130.4 127.4 125.1 123.9 122.2 127.1
220.7 219.5 219.8 229.6 239.5 253.9 247.2 238.7 235 232.2 232.6 233.7 232.1 226.6 222.4 220.5 220.1 225.9 222.1 215.9 212.3 210.9 210.3 209.6 208.7 208.7 206.6 204.1 201.5 191.2 183.2 180 177.7 175.2 174.8 171.6 168.3 165.4 165 163 162.6 161.5 160.1 158.5 156.5 155 152.2 149.6 145.4 140.2 138.7 139 137.5 135 130.9 128.7 128.1 127.4 127.2 128.7 127.3 127.7 129.3 131.7 131.9 131.6 132.3 130.4 132 131.3 129.3 124.8 126.4 123.1 124.9 120.8 119.1 117.7
223.9 221.6 222.1 230.3 246.5 254.3 248.7 241.9 236.8 235.4 236 237.9 234.7 228.3 223.7 222.1 222 228.4 222.2 216.3 212.8 211.2 210.6 210 209.8 209.3 208.4 204.1 201.5 188.3 184.1 178 176 174.5 173.1 169.1 165.1 163.8 163.1 161.9 161.1 159.9 158.5 156.6 155.3 153.8 151.6 148.1 144.2 138 136.1 136.9 135.5 134.7 133.2 130.9 133.1 132.3 126 126.2 125.7 125.2 125.8 125.9 126.7 126.2 125.7 123 120.7 120 120.6 121.7 121 120.1 119.5 118.9 118.9 118.9
228.3 225 225.2 233.7 248.9 254.1 250.2 242.8 238.7 238.2 239.3 240.9 236.6 229.3 224.1 222.6 224 229.7 222.6 216.5 213 211.7 210.8 210.3 209.9 210 208.3 203.3 197.5 187.3 183.8 178.5 174.6 172.7 171.3 165.5 163.4 162.2 161.3 160.5 159.3 157.9 156.5 154.5 153.5 151.5 148.1 146.3 144.9 137.1 134 136.3 131.5 129.7 129.5 131.1 132 127.8 123.4 122.8 122.9 123.9 128.3 124 126.1 125.3 120.9 119.5 119.4 119.3 119.6 119.9 119 118.9 118.9 118.9 118.9 118.9
232.7 229.2 229.7 236.5 247.6 253.5 250.4 242.6 239.8 239.5 243 243.3 237.5 228.9 224 222.5 224.9 229.2 222.1 216.2 213.4 212.5 211.6 210.9 210.3 209.9 208 202.8 195.2 186.8 183.1 176.8 172 171.1 167.8 164.3 162.2 161.1 160 159 157.1 155.5 154 151.5 149.2 147.5 143.8 142.2 142 133 132.5 133.6 127.8 125.3 124.1 125.8 124.4 122.2 122.4 122 121.8 123.4 123.2 122.2 122 120.4 119.7 118.8 118.6 118.4 118.6 118.7 118.6 118.9 118.9 118.9 118.9 118.9
240.8 233.6 234.2 238.3 245.5 250.6 249.7 241.4 240.7 240.7 245.1 245.5 237.6 229.8 223.5 222.2 224 226.5 220.3 216 214 213.1 212.4 211.7 211 210.7 206.7 201.1 193.3 185.5 181.7 175 170 169.8 165.6 163.2 161 159.8 158.3 157.1 155.6 153.7 151.3 148.1 144.7 142.5 139.2 137.1 136.7 133.3 131.1 134.6 130.6 124.2 121.9 121.6 121.5 121.6 121.6 121.3 121.1 120.9 121.8 120.6 119.8 119.1 118.6 118.7 118.3 118.5 118.1 117.8 117.8 118.9 118.9 118.9 118.9 120.2
244.6 238.5 236.9 239.3 244.3 251.5 246.6 241.2 240.7 241.1 243.8 243.9 237.6 229.5 224 221.9 222.4 223.6 218.5 216.4 214.8 214.1 213.1 212.6 212.2 211.5 206.3 201.5 192.9 184.3 180.5 173.3 169.7 168.3 164.3 161.4 159.2 158.4 156.7 155 153.4 151.1 148.1 142.7 140.9 138 134.6 134.1 130.1 129.8 130.6 128.3 126.7 122.4 121.5 121.1 121.5 121.1 120.5 120.3 120.4 120.3 120.6 120.1 118.6 118.5 118.3 119.2 119.3 119.2 118.9 118.9 118.9 118.9 118.9 122.5 125.8 127.6
251.2 242.9 240.3 240.7 243.7 248.2 244.1 241 240.7 241.3 242.5 241.8 238 229.5 224.6 222.2 221.2 220.2 218.2 216.7 216.2 215.5 214.4 213.5 213.9 212.3 207.5 201.3 193.5 184.2 180.1 173.1 166.8 165.4 162.5 159.9 158 156.4 155.1 153 150.9 147.5 144.5 140.5 137.2 134.2 132.5 129.7 126.7 124.5 124.1 122.5 121.8 121.4 121.2 120.9 121.3 120.5 120.1 119.6 119 119.4 119.5 119.2 119.8 119.6 119.3 119 119 118.8 119 118.9 119.8 122.3 125.8 128.2 131.4 133.4
254.7 245.8 243.3 241.3 242.6 246.3 243.4 240.9 240.8 241.8 244.1 242.7 238.4 229.8 224.8 222 220.6 219.1 218.1 217.1 216.8 216 215.2 214.6 214.9 213.9 208.7 200 194.1 184.8 179.4 173.1 167.2 162.6 160.1 158.6 156.2 154.3 152.8 149.6 147.2 142.3 141.5 139.3 133.4 131.3 130 128.1 125.1 122.5 122 121.8 121.6 121.2 121 120.8 121.1 120.5 119.1 122.2 121.2 120.7 120.2 119.2 120.4 123.5 120.7 119.9 121.4 121.4 123.5 124 126.8 130.3 132.9 135.5 137.7 139.4
258.3 251 247.2 241.4 240.7 245.8 244.5 241 239.8 240.3 247.3 244 237.2 228.6 225.3 221.7 219.8 218.5 217.6 216.9 217 216.2 215.3 215.1 215.1 213.5 209.1 200.1 193.5 184.1 178.8 171.6 166.6 162.2 158.7 156 154.6 152.5 150.2 146.6 141.7 137.5 136.4 134.3 130.9 128.2 127.2 126 123.1 122.1 121.8 121.5 121.3 121.1 120.8 120.6 120.3 120.4 120.7 122 122.4 122.4 122.1 121.4 122.9 122.2 123 124.4 125.9 127 129.6 130.3 130.8 132.8 135.7 139.1 141.9 141.9
263.1 255.5 252.4 243.9 239.7 244.4 245.5 243 237.7 239.2 246.2 246.4 240.2 229.6 225.2 222.8 219.4 218.1 217.1 216.7 216.3 215.7 215.3 214.9 214.2 213.2 210 199.3 191.8 182.6 177 170 165.4 162 159.5 154.7 152.5 149.2 147 143.7 139.5 135 132.6 130.7 128.5 125.8 125.4 123.3 122.4 121.8 121.5 121.2 121 120.4 120.2 120.2 119.5 122.1 122.7 124.1 125.6 125.5 125.1 123.9 124.6 125.4 125.7 126.8 127.4 130.7 134 135.1 133.4 134.7 139.5 141.8 143.5 144.8
265.7 258.2 253.1 243.4 239.9 239.5 241.7 241.9 236.2 237.1 244.2 244.4 239.3 232.1 225.7 223.5 220.2 217.9 216.9 216.1 215.4 214.5 214.7 214.4 213.8 212.4 208.2 198.1 189.9 180.4 173.9 168.2 163.9 160.7 158.3 153.1 149 146.5 144.3 141.3 138.1 135.5 131.7 129.2 125.3 124.3 123.1 122.4 122 121.6 121.3 121.1 120.9 120.9 120.5 121 122.4 124 125.1 125.6 126.9 127 126.7 126.6 126.4 127.9 128.4 128.7 131.4 131.7 134.3 136.8 138.7 138.4 141.9 145.3 146.5 148.4
