app/static/ascii/NC55.asc
ncols 200
nrows 200
xllcorner 250000
yllcorner 950000
cellsize 50
[rows 72 to 107 of 200, columns 82 to 163 of 200]
166.7 157.9 151.7 147.3 145.8 141.3 140 136.3 131.3 129.4 122.9 116.5 113.6 112.2 110.9 109.7 109.3 106.2 99.6 91.8 87 82 80.8 78.1 76.4 70.5 69 69 68.4 69 73.9 89.3 91.5 84.6 76.5 72.8 71.9 70.2 62.5 55.3 45.5 30.7 25.8 25.9 21.4 11.7 4.5 1.7 0.7 0.1 -0.5 -1 -1.5 -1.6 -1.6 -1.6 -1.6 -1.6 -1.6 -1.6 -1.6 -1.6 -1.6 -1.6 -1.6 -1.6 -1.7 -1.6 -1.6 -1.6 -1.6 -1.6 16.8 63.1 73.9 91.3 99.3 102.6 103.7 97.3 94.2 90.4
161.6 156.6 152.9 151 148.3 142.9 138.6 133.5 129.7 126 120.4 115.2 112.5 111.7 110.9 110.1 109 105.1 100.2 89.9 85.9 82 79.4 77 78.7 74.5 69 69 69 68.3 72.6 83.2 88.2 83.2 76.3 71.6 71.7 70.2 62.8 54 45.2 30.4 25.1 24 18.6 12.7 5.3 1.6 1.1 0.6 0 -0.5 -1 -1.5 -1.6 -1.6 -1.6 -1.6 -1.6 -1.6 -1.6 -1.6 -1.6 -1.6 -1.6 -1.6 -1.6 -1.6 -1.6 -1.6 -1.6 -1.6 28.1 66.8 86.9 97.1 104.1 106.8 109.3 97.6 95.1 92
161.3 156.7 155.8 154.1 151.1 142.9 138.9 136.8 128.3 127.6 118.5 113.1 111.7 111.1 110.5 109.7 109 105.6 100.1 89.2 88 82.8 77.5 75.3 75.9 73.6 68.8 69 69 70.2 71.8 80 87.1 82.9 77.2 69.6 70.5 66.8 59.6 51.7 45.2 32.1 24.7 22.7 18.6 13.2 4.5 2 1.6 1 0.5 0 -0.5 -1 -1.6 -1.6 -1.6 -1.6 -1.6 -1.6 -1.6 -1.6 -1.6 -1.7 -1.6 -1.6 -1.6 -1.6 -1.6 -1.6 -1.6 12 43.2 65.6 86.5 98.1 103.9 110.9 110.6 98.9 96.8 94.1
161.6 158.8 158.6 156.9 152.8 145.1 140.9 136 131.2 124.6 117.1 111.8 110.5 110.2 109.7 109.2 107.7 105.1 100.2 87.9 86.3 83.3 75.4 74 72 74.6 71.7 69 69 71.3 71.6 77.6 86.2 81.1 73.9 67.2 65.1 59.6 56.9 48.9 40.6 32.3 24.6 21.2 15.2 7 2.2 1.9 1.6 1.3 1 0.5 0 -0.5 -1.1 -1.6 -1.6 -1.6 -1.6 -1.6 -1.6 -1.6 -1.6 -1.6 -1.6 -1.6 -1.6 -1.6 -1.6 -1.6 -1.6 19.5 40.9 61.9 81 98.5 102.4 107.7 106.7 101.6 98.8 93.6
161.8 159.6 159.8 158.6 157.5 150.3 142.6 137 130.2 122.3 115.4 111.2 108.9 108.7 108.6 108 107.3 104.1 98.3 86.4 83.4 81.1 75 72.3 71.6 77.7 70.7 69 69 68.8 71.3 76.2 82.6 79.6 70 66 63.1 59.2 56.3 49.7 42.9 32.9 25.5 19.8 12.1 2.3 2 1.7 1.4 1.1 0.9 0.6 0.2 -0.1 -0.6 -1.1 -1.6 -1.6 -1.6 -1.6 -1.6 -1.6 -1.6 -1.6 -1.6 -1.6 -1.6 -1.6 -1.6 -1.6 10.3 25.4 47.7 68.5 81 100.3 103.1 106.3 105.9 103.1 100.8 96.1
161.2 160.8 161.6 160.1 158.3 153.2 144.4 136 130.7 122.3 114.9 111.4 109.7 108.4 107.8 106.7 104.9 103.5 95.8 84.3 81.8 80.3 75.1 72.6 71.6 79.3 69.7 70.8 69 69 71 76.7 80 74.8 68.5 66.9 63.7 60.5 56.3 49.3 40.8 34 23.7 11.6 5.8 2.2 1.9 1.6 1.3 1 0.7 0.4 0.1 -0.2 -0.5 -0.8 -1.1 -1.7 -1.6 -1.6 -1.6 -1.6 -1.6 -1.7 -1.6 -1.6 -1.6 -1.6 -1.6 -1.6 13.1 30.7 50.1 66.8 82.4 99.3 101.8 105.5 104.6 103.2 100.9 96.5
161.5 160.7 164.4 158.4 156.8 151.6 144.9 140.5 131.5 124.2 116.1 111.9 112.5 109.5 108.5 105.3 104 100.5 93.8 83.2 80.5 80.3 74.6 73.4 78.7 78.1 69.3 69.3 69 69 71.5 73.9 73.8 70.4 68.6 69.4 63.9 59.9 51.2 45.2 37.1 31.7 18.8 8.4 2.3 2 1.8 1.5 1.2 0.9 0.6 0.3 0 -0.3 -0.6 -0.9 -1.2 -1.5 -1.6 -1.6 -1.6 -1.6 -1.6 -1.6 -1.6 -1.6 -1.6 -1.6 -1.6 6.6 16.2 34.9 53.1 68.9 82.5 96 99.6 103 103.2 100.5 98.1 98.3
160.5 158.8 160.4 158 154 149.2 144.9 140.6 133.1 124.9 119.5 113.5 114.3 111.5 109.6 104.8 101.9 98.6 88.5 83.6 82.7 81.2 75.3 75.4 79.4 75.6 70 73.1 71 70.8 71 70.5 69.8 68.7 67.5 68.3 62.8 57.7 45.2 42.1 33.5 24 12.9 4.5 2.3 1.9 1.6 1.4 1.1 0.8 0.5 0.2 -0.1 -0.4 -0.7 -1 -1.3 -1.6 -1.6 -1.6 -1.6 -1.6 -1.6 -1.6 -1.6 -1.6 -1.6 -1.6 -1.6 10 20.3 37.4 54.1 70.7 80.2 91.2 96.5 97.9 98.6 96.1 95.7 101.9
159.9 158 158.4 154.4 150 149.7 145.7 140.8 133.6 125.8 121.8 115.8 115.9 111.9 110.4 106.5 103.6 99 89.8 84.6 84 81.2 76 76.6 78.7 75.5 71.6 76.9 77 71 69.9 69.1 67.9 66.4 65.5 64.6 58.4 48.1 39.4 33.7 26.9 14.7 6.8 2.3 2.2 1.9 1.5 1.2 0.9 0.7 0.5 0.2 -0.1 -0.4 -0.7 -1 -1.3 -1.6 -1.6 -1.6 -1.6 -1.6 -1.6 -1.6 -1.6 -1.6 -1.6 -1.6 2.3 13.8 25.2 37.9 51.6 68.4 79.6 89.3 93.9 94.6 93 91.7 92.7 106.6
159.5 158.2 156.5 152.1 147.4 147.4 144 137.9 134.1 126.8 123.3 122.4 121.1 124 117.3 110.5 109.6 99.2 90.5 89.6 85.5 81.7 76.6 82.3 77.7 73.8 72.4 76.4 77.2 70.9 69 67.6 66.7 64.1 62.7 60.2 54.8 40.6 34.1 26.8 16.5 8.4 3.9 2.3 2.1 1.8 1.5 1.1 0.8 0.5 0.3 0 -0.2 -0.5 -0.8 -1.1 -1.4 -1.6 -1.6 -1.6 -1.6 -1.6 -1.6 -1.6 -1.6 -1.6 -1.6 -1.6 7.9 18.4 29.1 40.9 49.2 62.5 77.4 86 89.4 91.3 90.7 90.9 93.9 110.2
157.6 157 154.5 151 147.4 149.6 141.1 134.3 130.7 126.6 124.1 123.2 125.6 121.6 122.5 117 106.9 101.3 98.9 100.5 88.9 81.8 76.8 80.6 77.3 72.9 71.6 73.9 77 72.5 68.2 66.3 64.1 61.9 58.7 55 45.9 36.1 29.6 20.5 10.7 7.3 3.3 2.3 2.1 1.8 1.4 1.1 0.7 0.4 0.1 -0.2 -0.4 -0.6 -0.9 -1.2 -1.5 -1.6 -1.6 -1.6 -1.6 -1.6 -1.6 -1.6 -1.6 -1.6 -1.6 -1.6 12.2 20.2 31.8 42.7 50 59.5 76.7 82.1 85.9 86.7 88.4 88.8 94.5 109.8
156.2 155 154 149.8 148.3 146.2 137.2 133.1 128.2 125.8 124.2 124.5 126.7 123.6 124.2 127.1 108.9 101.7 103.8 101.5 90.3 81.6 75.2 74 72.8 71.9 72.3 77.5 76.4 71.7 67 64.4 60.7 58.3 54.3 48.3 39.4 32 25.9 16.2 9.6 5.9 3.6 2.3 2 1.7 1.4 1 0.7 0.4 0 -0.3 -0.6 -0.8 -1 -1.2 -1.5 -1.6 -1.6 -1.6 -1.6 -1.6 -1.6 -1.6 -1.6 -1.6 -1.6 2 12.8 21.8 32.7 42.6 50 58.8 72.1 78.5 80 81.5 83.2 84.6 93 105.8
158.3 159.4 157.9 159.1 154.7 144.7 133.6 132.5 128.9 126.8 125.4 125.3 126.4 124.9 126.5 129.9 119.6 102.4 98.5 97.1 89.7 80.1 74.2 72.7 71.7 76.2 82.4 80.3 77.7 75.6 68.2 62.1 58.3 55.9 48.8 43.9 34.9 27.8 19.3 11.2 9.1 6.1 4.6 2.8 2 1.6 1.3 1 0.6 0.3 0 -0.4 -0.7 -1 -1.2 -1.4 -1.6 -1.6 -1.6 -1.6 -1.6 -1.6 -1.6 -1.7 -1.6 -1.6 -1.6 3.9 12.5 22 31.6 40.9 48.8 57.8 69.7 74.1 75 76.1 78.3 80.8 91.4 99.2
162.6 169.6 174.2 173.6 158.8 142.4 133.3 136.4 131.5 130.6 126.8 127.3 134.7 132.9 133.6 130.9 115.9 104.5 94.6 91.8 88.4 80.5 83.4 73.2 78.6 82.9 82.4 79.5 78.8 76.3 67.4 61 55.5 51.6 46 39 30.7 22.6 13.8 10.3 7.7 5.4 4.2 2.3 1.9 1.5 1.2 0.8 0.5 0.2 -0.1 -0.4 -0.8 -1.1 -1.4 -1.6 -1.6 -1.6 -1.6 -1.6 -1.6 -1.6 -1.6 -1.6 -1.6 -1.6 -1.6 6.9 13 22.1 31.1 40.5 48.9 58.2 67.7 70.4 71 72.6 73.9 78.2 88 94.1
169.2 170.4 183.4 180.6 164.7 138.1 133.9 135.3 133.5 129 128.5 132.6 137.3 137 133.9 126.6 119.8 104.5 92.8 91.9 90.5 93.5 89.1 85.3 82.9 82.2 81 78.9 78.4 73.8 65.5 58.6 52.5 46.5 41.1 34.7 27 19.3 12.4 10.9 7.6 5.3 3.4 2.2 1.8 1.5 1.1 0.7 0.3 0 -0.3 -0.6 -1 -1.3 -1.6 -1.6 -1.6 -1.6 -1.6 -1.6 -1.6 -1.6 -1.6 -1.6 -1.6 -1.6 -1.6 3.6 14 20.8 30 40.6 48.2 59.4 64 66.3 67.6 69.2 71.3 77.1 84.5 88.2
174.8 173 178.2 173 163.1 149.1 140.3 138.4 137.8 133 130.9 133.7 135.8 138.5 128.9 121.1 116 104.2 106.8 104.7 94.7 91.4 92.3 85.4 81.3 80.9 78.5 78.3 78.3 74.7 65.5 56.4 50 43.8 37.9 30.4 21.7 16.6 13.8 11.6 9.7 6 2.3 2.1 1.7 1.3 1 0.6 0.2 -0.1 -0.5 -0.9 -1.2 -1.6 -1.6 -1.6 -1.6 -1.6 -1.6 -1.6 -1.6 -1.6 -1.6 -1.6 -1.6 -1.6 0.1 7.1 12.3 19.4 29.2 39.9 46.2 54 60 62 64.1 66.3 69.4 75.5 82 84.3
181.7 183.3 184.1 178.6 164.9 147.5 139.5 137.7 139.4 139.3 147.4 134 137.9 136 129.5 117.4 112.7 105.5 106 99.3 92.2 90.9 92.5 83.4 87.2 82.3 81.5 77.8 74.9 70.2 61.1 53.1 46.2 40.3 36.1 26.7 19.9 17.2 15.9 13.3 10.2 6.2 2.3 2 1.6 1.2 0.8 0.5 0.1 -0.3 -0.7 -1 -1.4 -1.6 -1.6 -1.6 -1.6 -1.6 -1.6 -1.6 -1.6 -1.6 -1.6 -1.6 -1.6 -1.6 1.5 11 10.9 17.7 29.4 37.8 43.5 49.8 54.7 58.8 62.5 64.9 67.8 74.4 79.5 82.2
188.2 186.6 181.8 178 164.6 148.4 138.5 140.1 142.1 149.6 155.1 136.2 135.9 133.8 127.6 117.5 112.1 105.6 104.6 95.2 91.4 91.2 97.7 90.4 86.3 85 81.5 76.4 72.1 65.8 58.3 48.7 43.7 39.3 34.2 23.8 21.3 17.8 15.3 12.7 9.5 4.3 2.3 1.9 1.5 1.1 0.7 0.3 -0.1 -0.4 -0.8 -1.2 -1.6 -1.6 -1.6 -1.6 -1.6 -1.6 -1.6 -1.6 -1.6 -1.6 -1.6 10.5 6.9 8 7.4 11.3 10.6 14.7 29.7 36.1 41.6 46.5 52.4 56.6 60.7 63.2 66.3 73 76.9 79.7
197.9 195.3 183.6 178.4 166.9 159.3 151.3 152.9 163.1 168.8 154.6 138 137.4 129.2 124.7 119.5 113.3 105 103.3 95.9 91.9 92.3 102.8 99.2 88.9 83.4 79.9 73.5 67.7 62.3 52.4 46 41.7 37.6 32.6 25 20.8 17.8 15.3 11.7 6.8 6 2.2 1.8 1.4 1 0.6 0.2 -0.1 -0.5 -0.9 -1.3 -1.6 -1.6 -1.6 -1.6 -1.6 -1.6 -1.6 -1.6 -1.6 -1.6 -1.6 20.5 18.5 16.6 12.2 11.4 11.9 14.8 28 34.7 38.9 43.6 49.3 53.9 58.9 61.9 65 70.4 74.2 76.1
203 193.7 185.2 175.9 168.3 162.9 152.6 155.2 167 166.7 155.4 139.4 129.9 126.3 125.9 120.4 112 105.3 104.5 94.5 92.6 102.1 101.3 98 89.2 80.9 76.1 69.5 63.6 56.9 47.9 42 39.4 35.4 31.1 25.5 20 17.2 13.7 9.6 7.6 5.6 2.1 1.7 1.3 1 0.6 0.2 -0.2 -0.6 -1 -1.4 -1.6 -1.6 -1.6 -1.6 -1.6 -1.6 -1.6 -1.6 1.2 11.8 32.4 42.6 33.9 27.1 16 12.8 15.8 17.1 27.4 31.9 35.5 40 45.6 51.1 56.2 59.2 63.5 67.8 71.3 73.3
209.2 196.9 185.4 170.5 167 163.8 158.2 159.9 169.9 166.6 154.4 141.3 132.3 124.9 127.9 121 114 105.9 103.9 100.4 96.2 96.5 93.6 89 82.9 75.6 70.2 65.2 57.1 51.4 44.6 40.1 35.8 31.8 27.7 22.9 23.1 18.8 13.8 11.3 7.3 4.4 1.9 1.4 1.1 0.8 0.5 0.1 -0.3 -0.7 -1.1 -1.5 -1.6 -1.6 -1.6 -1.6 -1.6 -1.6 1.5 5.5 10.7 29.3 53.6 50.8 41.6 39.8 21.4 17.7 17.5 21.6 23.6 28.4 30.3 34.9 41 46.9 52.5 56.2 61.2 65.7 68.5 70
203 195.3 181.9 167.7 166.7 162.3 158.6 165.1 172.4 168.4 151.4 138.9 128.3 122.1 124.7 119.8 110.5 105.3 102.7 99.3 93.9 93.1 87.9 82.6 75.3 69.6 62.6 62.7 53.4 49.2 38.8 36.7 33.4 29.6 27.5 26.5 24.4 19.7 14.8 10.8 6.8 3.9 1.9 1.3 0.8 0.5 0.2 -0.1 -0.4 -0.8 -1.1 -1.6 -1.6 -1.6 -1.6 -1.6 -1.6 1.8 11.4 15.5 27.6 41.1 62.8 58.6 48.6 49.7 26.8 20.5 19 23.5 25.3 29.1 29.3 36.2 41 44 49.3 53.7 57.9 62.2 64.7 65.4
196 191.8 183.3 166.8 166.5 161.1 155.6 166.8 165.9 167.5 149.9 139.8 129.6 118.9 115.8 114 109.2 103.6 100.8 94.6 89.3 86.3 80.3 72.7 67.3 61.5 55.4 55.1 46.1 41.2 39.8 36.4 33.3 31.3 31.5 30 22.7 18.8 14.1 8.4 6.8 5.7 1.9 1.2 0.7 0.1 -0.2 -0.5 -0.8 -1.1 -1.4 -1.6 -1.6 -1.6 -1.6 -1.6 -1.6 8.8 21 27.6 41.4 57.7 68.8 65.3 59.2 49.9 29.1 23.2 22.2 26.7 25 30 30.2 41.6 44.3 46.6 48.1 51.2 56.1 59.3 60.8 61.1
187.8 178.2 172.9 172.1 166.3 157.6 154.6 159.3 157.3 157.1 148.5 139.8 126.8 117.4 112.5 108 105.7 98.3 93.2 87.6 84.4 81.1 78.9 74.5 64.9 58.7 51.4 47.6 41.5 41.5 36.8 37.9 36.5 34 32.1 26.3 22.2 16.7 12 8.8 7.2 4.1 1.9 1.3 0.6 0 -0.5 -0.8 -1.1 -1.4 -1.6 -1.6 -1.6 -1.6 -1.6 -1.6 2.7 18.1 32 46.2 56.3 73.7 77.7 77.8 63.4 48.3 36.8 27.8 27.1 30.9 29.7 28.9 31.8 47.8 46.9 50.6 49.4 50.3 53.7 57.3 58 58.2
179.6 174.2 166.8 166.5 164.1 161.7 154.7 152.1 147.9 145 142.5 134.7 125.4 115.1 109.1 101.8 98.9 92 91.3 82.1 79.9 79.8 72.4 62.3 60.2 54.2 49.5 43.1 38.6 33.8 32.3 34.7 34.3 32.4 28.1 26.3 20.6 16.3 14 11.4 10 6.1 1.8 1 0.4 -0.1 -0.7 -1.1 -1.6 -1.6 -1.6 -1.6 -1.6 -1.6 -1.6 -1.6 26.7 60.4 70 64.6 72.7 82.9 83.4 81.2 70.1 55.7 47.2 33.5 36.9 37.2 34.2 30 33.5 49.5 50 53.7 51.9 50.5 51.3 54.9 54.5 53.9
182.9 176 163.5 164.1 160.9 157 154.8 145.7 144.3 138.8 133.4 127.4 122.2 114.5 98.5 91.7 89.4 85.4 82.3 73.8 74.5 69.2 63.4 59.2 52.2 51.4 39.7 35.9 31.3 30.7 30.4 30 29.3 27.9 26.7 24.1 21.6 17.9 14.9 12.3 11.2 6.1 1.6 0.8 0 -0.6 -1.1 -1.6 -1.6 -1.6 -1.6 -1.6 -1.6 -1.6 -1.6 28 69.7 89.3 77.3 81 87.9 88.9 87.1 86.5 74.3 67.1 54 40.6 48.8 46.2 40.2 32.2 36.5 50.7 53.6 60.9 56.4 50.4 49.8 51.6 50.8 49.5
177.5 173.1 160.1 159.4 157 154 154.2 143.8 137.7 132.4 125.8 119.4 114.6 108.8 100.9 87.4 81.8 77.6 77.7 71.9 77 77.3 68.6 58.4 50 43.4 36.4 33.7 31.1 30.5 29.9 28.9 26.7 24.9 22.8 21.8 20.3 16.4 13.1 11.5 9.8 4.6 1.4 0.4 -0.4 -1.6 -1.6 -1.6 -1.6 -1.6 -1.7 -1.6 -1.6 -1.6 26.5 50 96.3 97.3 92.1 97.4 98.3 91.6 90.8 90 85.8 74.8 54.8 48.9 57.8 57.3 48.9 37.8 40.5 51.6 56.3 73.6 64.9 51.1 48.3 48.7 47.2 45.5
164.8 164.8 156.3 152.1 147 144.7 146 134 128.3 122.1 115.5 109.5 105.7 102.9 92.1 78.7 75.5 71.5 73.2 77.9 77.9 73.2 65.4 52.1 45.3 36.7 34.8 33.4 31.6 31.2 29.1 28.1 27.2 23.9 22.5 20.9 18.7 14.8 12.9 11.3 8.6 3.6 1.1 -0.1 -1 -1.6 -1.6 -1.6 -1.6 -1.6 -1.6 -1.6 -1.6 6.4 28.9 62.4 100.2 105 103.9 99.5 99.5 95.3 93.2 93.3 88.3 81.4 59.9 57.5 66.5 67 55.4 44.1 44.1 52 57.4 75.7 73.3 53.5 46 45.5 43.7 41.4
154.7 149.7 148.9 139.5 135.5 135.3 133.5 126.1 118.4 112.4 106.1 99.6 97.3 91.1 78.4 73.3 77.9 77.9 77.9 77.9 77.9 77.8 77.8 54.7 55 49.5 48.2 37 33.4 31 28.8 29.1 29 25.4 23.3 20.3 18.9 14 12.8 11 6.9 2.1 0.7 -0.6 -1.6 -1.6 -1.7 -1.6 -1.6 -1.7 -1.6 -1.6 -0.1 12.3 42.9 88.6 102.1 109.3 108.9 103.4 101 98.8 93.7 95 90.5 82.2 63.1 65.9 73.8 71.2 57.1 50.6 46.7 52.1 57.9 75.4 80.1 59.9 46 42.5 40.3 37.5
143.1 140.2 141.6 135.7 127.2 124.7 118.2 113.7 106.5 100.9 96 91 87.8 77.8 72.1 77.2 77.9 77.9 77.9 77.9 77.9 78.5 79.8 69 70 60.1 48.2 51.8 39.4 31.4 29.7 29.4 27.5 25.6 22.8 20.2 16.9 13.7 12.5 12 7.4 2.1 0.5 -1.6 -1.6 -1.6 -1.6 -1.6 -1.6 -1.6 -1.6 -1.6 1 16.2 56.5 90.7 105.4 112.5 112.7 104.9 102.2 102.5 94.2 91.2 83.1 77.1 66.6 76.1 73.9 69.7 56.9 55 50.5 54.6 57.7 66.3 77.5 64.4 45.8 40.4 37 35.7
136.8 132.5 133.4 126.6 120.4 114.4 109.6 103.2 101.6 101.9 97.7 91.2 90.3 87.4 74 71.1 77.9 76.2 73.8 72.8 73.9 76.8 86.7 83.1 79 73 63.2 53.9 48.9 37.9 31.1 29.9 27.9 25.3 22.4 19.6 16.5 13 12.5 13.6 6.9 1.8 -0.2 -1.6 -1.6 -1.6 -1.6 -1.6 -1.6 -1.6 -1.6 -1 1.9 23.6 59.3 87.6 102.8 110.8 115.5 105.6 104.3 102.1 93.6 87.3 77.5 69 69.4 76.5 73.9 69.7 56.7 54.7 51.7 56.3 60 60.1 75 71.8 51 39.8 36 34.7
124.5 121.3 118.6 113.5 111.4 106.4 106.5 103.5 101.5 100.6 94.4 94 94.5 90.1 79.3 71.6 77.1 77.9 77.8 80 80.1 86.5 99.3 93.2 87.8 78.9 69.1 58.1 53.7 42 36.3 30.6 26.7 24.1 21 17.8 14.8 12.3 13.9 14.6 6.3 0.8 -1.6 -1.6 -1.6 -1.6 -1.6 -1.6 -1.6 -1.6 -1.6 -1.6 2 26.5 76.9 94.8 117.5 122.8 116.9 107.4 111.4 115.7 99.6 90.4 81.9 69.6 70.4 75.3 74.6 67 56.1 53.7 52.5 53.5 58.3 57.2 58.6 61.3 52.3 42.6 34.9 33.8
113.6 112.3 106.9 107.2 102.2 96.7 92.6 92.5 92.1 92.4 91.7 88.2 90.2 87 76.1 73 71.9 76 78.5 78.4 80.3 90.5 96.2 89.5 82.7 71.2 66.8 60.1 54 43.9 35.4 28.4 25.9 23.3 20.6 16.7 12 11.3 13.6 12.5 1.9 -1.6 -1.6 -1.7 -1.7 -1.6 -1.6 -1.6 -1.6 -1.6 -1.6 -1.6 2 31.3 82.2 106.3 120.1 118.7 117.3 115.9 117.8 114.7 100.4 88.5 77.7 71.5 70.6 72.2 71.9 61.3 56.1 54 53.2 54.2 55.5 55.5 54.8 54 48.1 40.8 34.6 33.3
121.8 119.9 123.5 120.9 114.9 111.8 108.3 105.8 104.5 100.8 94.9 87.4 79.2 77.1 75.5 74.4 72.8 76.3 72.1 72.6 75.9 82.3 83.2 81.3 74 68 62.3 59 52.3 41.7 33.1 26.7 24.5 22.5 19.7 14.6 10.6 11 14.7 5.1 1.1 -1.6 -1.6 -1.6 -1.6 -1.6 -1.6 -1.6 -1.6 -1.6 -1.7 -1.6 4.6 35.4 78.2 98.6 106.6 106.3 114.4 109.8 104.2 100 95.5 83.1 73.8 74.7 75.5 72.9 66.5 58.6 56.5 57.4 56 54.1 54.2 54.3 53.6 52.3 49.5 39.1 34.5 32.7
120.6 121.6 122.2 121.2 120.1 121.3 120.8 115.6 111.7 108.6 102.6 86 81.1 83.4 77.8 74.5 73 71.8 70.8 70.5 71.2 74.7 74.9 73.5 69.6 62.3 59.2 54.4 46.7 37.4 30.2 24.5 21.4 19.1 14.5 9.4 9 11.5 7 1.8 0.4 -1.6 -1.6 -1.6 -1.6 -1.6 -1.6 -1.6 -1.6 -1.6 -1.6 -1.6 6.1 41.8 71.8 87.2 97.2 102.1 106.6 104.9 97 94.5 87.4 78.4 83.4 92.9 89.5 81.6 66.1 61.3 64 83.4 73.1 60 54.6 54.8 57.2 49 48.2 38.3 33.5 32.3
121.3 122.2 122.7 125 124.5 128.1 126.6 121.3 112.9 110 106.3 91.3 83.6 85.9 86.1 82.4 83.7 75.5 74.6 71 70.5 71.9 69.1 68.8 65 59.8 56.6 49.3 41 33.6 27.4 21.7 17.8 13.3 10.4 5.1 7.4 11.4 2.2 0.3 -1.6 -1.6 -1.6 -1.6 -1.6 -1.6 -1.6 -1.6 -1.6 -1.6 -1.6 -1.6 5.2 34 67.8 97.8 97 115.8 108.8 99.2 95.9 94.8 91.6 95.8 100.7 109 101.2 88.8 72 67.1 100.5 107.1 94.2 69.7 55.7 55.5 60.2 43.8 43.8 38.6 33.9 32
