app/static/ascii/NC60.asc
ncols 200
nrows 200
xllcorner 260000
yllcorner 900000
cellsize 50
[rows 35 to 69 of 200, columns 0 to 78 of 200]
155.6 153.7 151.8 150.6 149.7 149.3 148.9 148.1 147.9 147.9 147.9 147.9 147.9 147.9 147.9 148.6 150 150.4 150.8 151.1 151.5 152.2 153.8 155.9 155.4 153.5 153 153.2 153.7 157 160.8 160 161.3 160.8 160.8 160.9 161.3 162.9 163.6 163.7 164.8 167 169.4 171.2 173.1 176.1 179.3 183 185.8 187.8 189.2 189.9 190.5 191.4 192.3 193.1 193.8 194.5 195.3 197.1 200.4 203.3 205.7 206.9 207 206.2 205.1 204.6 204.4 204.9 206 208.8 208.1 207.3 208.4 209.7 214.9 220.8 222.7
155.3 153.3 151.3 150.4 149.5 149 148.1 148.3 147.9 147.9 147.9 147.9 147.9 147.9 147.9 149.1 151.4 150.6 151.2 151.2 151.5 152.8 156.2 159.7 161.5 160.2 159.8 159.6 157.3 158.8 159.4 159.7 158.9 159.6 160.5 160.2 160.6 162.1 162.8 163.1 163.2 164.7 166.6 168.5 170 172 174.3 177.4 181.3 185.3 187.2 188.2 188.9 189.9 190.6 191.3 192 192.9 193.9 196.3 200.1 204.1 207.1 208.3 209.2 208.3 207.4 206.8 206.6 207 209.6 213.9 215.4 211.8 210.4 211.7 212.6 213.6 215.9
154.9 152.9 150.8 150.1 149.3 148.5 148.3 148.3 148.4 147.9 147.9 147.9 147.9 147.9 147.9 149 151.8 149.3 149.6 149 151.5 154.6 158.6 161.2 163.8 166.2 167.4 165.5 164.5 163.4 163.6 162.6 160.5 159.9 160 160.4 159.8 160.7 160.7 161.8 162.2 163.1 163.9 165.4 166.9 169.4 171.8 174.3 176.6 179.5 182.5 186.1 187.4 188.2 189 189.4 189.4 191 192.3 194.9 200.2 204.7 208.9 210.4 211.4 211.3 210.1 209 209.5 210.8 213.2 217.3 220.5 218.5 215.4 213.6 213.2 213.6 213.5
154.4 152.5 150.2 149.4 148.6 148.7 148 148.6 148.7 148.4 147.9 147.9 147.9 147.9 147.9 147.9 148.6 147.9 147.9 148.6 154.2 154.5 158.8 162.6 165.6 173.6 176.9 173.7 168.1 168.8 168 165.6 164.1 162.7 162.4 162.2 161.5 161.5 161.7 160.5 161.4 161.6 162 162.9 164 166.2 169.3 172.5 174.5 176 178.1 180.8 184 185.2 186.2 186.2 187.4 189 190.5 194.1 198.5 203.6 209.2 212.9 213.7 214.3 213.2 212.3 213.8 215.1 217 219.7 221.8 221.3 219.7 217.1 216 215.9 215.8
153.6 152 149.7 148.7 148.5 148.6 147.6 148.1 148.2 148.4 147.9 147.9 147.9 147.9 147.9 147.9 147.9 147.9 147.9 147.7 152.6 154.8 158.3 160.2 165.3 171.5 178.7 177.2 173.4 173.1 175.5 173.3 168.9 165.9 165.1 166.2 163.9 163.3 162.7 162.4 161.4 160.5 160.5 160.5 161.6 164.3 167.8 170.7 172.3 173.9 176.1 178.4 180.8 181.3 182 183.6 185.1 186.7 188.4 191.6 197.1 203.3 209 214.9 215.8 216.6 216.4 215.5 216.8 218.1 218.9 220 220.7 221.5 221.4 222.7 225 222.6 222.8
152.2 150.3 148.9 148.5 148.4 148.6 147.7 148.3 148.2 148.1 148.3 148.3 147.9 147.9 147.9 147.9 147.9 147.9 147.9 150.1 154.4 157.7 166.4 165.5 165.8 167 170.6 175.3 177.7 177.7 178.9 176.8 174.5 170.1 167.9 167.9 166.7 164.5 163.1 162 160.7 160.5 160.5 160.5 160.5 163.3 166.1 168.6 170.2 172 174.3 176.6 178.7 179 179.4 180.5 181.5 183.1 185.7 189.7 196.5 203.6 208.8 214.4 217.7 218.5 218.5 218.6 219.6 220.4 220.7 221.5 222.2 223.7 224.7 226.3 226.3 225.3 224.2
150.5 149.3 148.8 148.4 148 148.3 147.8 148.3 148.3 148.3 148.2 148.1 148.2 147.9 147.9 147.9 147.9 147.9 147.9 156.6 157.7 161.7 167 168.7 171.3 173.8 173.2 172.7 172.8 176.9 182.9 180.1 175.2 172 169.7 168.1 167.2 165.5 163.6 160.5 160.5 160.5 160.5 160.5 160.5 162.4 164.8 166.7 168.4 170.5 173.1 175.2 176.4 176.6 177.3 177.8 178.8 180.5 183.1 186.4 191.8 201.8 207 211.1 214.7 216.7 219.1 220.8 221.8 222.5 223.4 223.8 224.3 227.5 229.7 230.6 228.3 226.4 225.4
149.8 149.1 148.9 148.4 147.9 147.8 147.8 148.4 148.3 148.3 148.2 148.1 148.2 148.3 147.9 147.9 147.9 148.6 152.1 155.3 157.3 160.7 165 170.1 174.8 176.3 178.3 177.4 175.6 176.3 178.5 179.5 177.4 172.9 170.1 168.8 167.2 165.9 165.7 161.8 160.5 160.5 160.5 160.5 160.5 161.2 163.4 164.7 166.4 168.7 171.1 172.8 173.6 174.8 175.4 175.8 176.2 177.9 180.7 183.6 186.9 190.6 200.5 205.5 209.6 214.8 218.7 222.2 225.9 227.9 228.2 228.6 230.5 234.1 234 235 235.1 233.5 231.3
149.8 148.9 148.9 148.5 147.9 147.9 148.4 148.3 148.4 148.3 148.1 148 148.1 148.1 148.1 149.3 150.5 150.8 151.4 153.8 156.5 160.8 167.1 173 180.6 180.3 182.9 179.8 179.5 176.3 177.5 176 173.8 171.9 170.4 170 167 168 167.6 165.4 160.5 160.5 160.5 160.5 160.5 160.5 161.8 162 163.6 165.7 168.2 170 172 173.3 173.7 173.7 173.9 175.8 179 182.6 186.4 188.8 191.9 199.4 205.5 211.9 217.1 220.7 224.1 232.4 231.1 230.1 234 236.3 236.2 235 234.7 234.4 233.7
149.3 148.6 148.5 148.5 147.7 148.3 148.7 148.5 148.5 148.4 148.4 148.8 148.6 149.7 150.2 150.3 150.3 151.3 152.3 155.3 156.6 162.3 166.7 172.8 179.4 183.7 190.8 186.2 180.8 177.1 176.6 175.3 171.6 169.5 168.7 168.5 167.1 165.7 166.1 164 160.5 160.5 160.5 160.5 160.5 160.5 160.5 160.5 161.1 162.9 165.6 168.2 170.3 171.7 172.1 172 172.4 174.8 178.1 181.6 185 187.9 191 195.4 200.6 205.6 213.3 217.9 220.2 226 230.5 229.2 231.5 233.9 234.9 234.4 233.5 233.5 233.7
148.9 148.4 148.5 146.9 148.1 148.7 148.9 148.9 149.1 149.3 149.6 151.4 151 151.8 152.2 152.4 152.2 152.2 153.7 156.1 157.1 160.6 165 172 177.3 183 186.5 190.4 186.3 180.2 176.8 173.7 170.4 167.5 164.8 162.5 162.1 162.8 162.6 160.5 160.5 160.5 160.5 160.5 160.5 160.5 160.5 160.5 160.5 161 163.4 166 169 170.5 170.5 170.3 171.5 173.9 177.2 180.4 183.7 186.8 190.6 196.3 198.9 201 205.3 211.6 215.6 219.2 222.5 223.9 226.7 230.2 232.1 231.4 230.3 229.8 230.9
148.9 148.1 147.7 147.9 148.5 149 149.2 149.4 149.6 150.2 150.4 152.2 153.3 154.2 154.6 154.9 155 154.3 153.6 155.5 158.1 160.6 165.4 171.3 177.2 181.2 184.2 189 189.1 184.2 179.7 173.6 169.7 166.1 163.2 160.5 160.5 161 162.8 160.5 160.5 160.5 160.5 160.5 160.5 160.5 160.5 160.5 160.5 160.5 160.6 163.7 165.9 168.7 168.8 168.6 170.3 172.5 175.8 179 182.7 186.4 190 194 198.2 201.7 205.2 209.1 214.5 218.5 221.7 222.7 222.9 223.5 223.7 227.4 226 225 225.9
149 148.2 147.3 152.7 151.7 150.9 150.1 150 150.5 151.1 151.3 151.9 152.9 154.4 156 156.6 156.7 156.5 156.4 158 160.1 163.6 166.8 171.2 175.6 180 183.3 185.6 187.2 184.1 179.5 174.6 169.7 165.9 162 160.5 160.5 160.5 160.5 160.5 160.5 160.5 160.5 160.5 160.5 160.5 160.5 160.5 160.5 160.5 160.5 160.5 160.5 162.3 164.5 166.5 167.9 170.5 173.6 177.2 181.5 185 188.7 193.1 197.5 201.1 204.4 208.2 213.9 219.8 223.3 223.6 224.4 223.7 221.5 218.4 218.4 217.7 216.5
147.6 147.7 146.7 150.6 153.3 155.7 154.2 154.5 154.7 153.6 152.5 153.2 153.3 154.7 156.3 157.8 158.4 158.6 158.9 160.5 162.6 165.4 168.2 169.7 173 177.6 180.8 181.3 181.5 181.1 179.3 176.2 171.6 167.8 164.9 161 160.5 160.5 160.5 160.5 160.5 160.5 160.5 160.5 160.5 160.5 160.5 160.5 160.5 160.5 160.5 160.5 160.5 160.5 161.6 163.4 165.3 168.2 171 175.3 179.8 183.8 188 192.5 197 200.6 203.9 207.2 211.8 218.3 224.6 225.4 226.1 225.1 223 219.6 215.1 211.4 206.4
145 145.9 149 150.6 152.6 154.5 156 156.8 157.8 156.9 155.3 154 153.8 155.1 157.3 159.3 160.5 160.9 161.7 163.6 165.4 167.5 169.3 170.9 172.7 175.2 179 183.2 184.4 185.5 185.5 180.2 174.4 170.8 170.8 167.4 163.1 160.5 160.5 160.5 160.5 160.5 160.5 160.5 160.5 160.5 160.5 160.5 160.5 160.5 160.5 160.5 160.5 160.5 160.5 160.5 160.6 163.3 167.2 171.8 176.9 182.3 187.4 192.1 196.6 200.1 203.2 206.3 209.7 214.7 223.4 227.2 227.4 226.3 223.7 220.4 215.5 210.2 205
150.3 151.7 152.7 153.4 154.1 155.1 156.9 157.6 159.1 159.2 159.5 156.7 156 156.4 157.7 160 162 162.7 164 166.5 168 170.7 172.9 175.2 177.4 179.1 183.4 187.1 189.5 190.4 190.1 186.9 182.7 182.5 179.6 178.2 175.5 168.8 165.1 161.1 160.5 160.5 160.5 160.5 160.5 160.5 160.5 160.5 160.5 160.5 160.5 160.5 160.5 160.5 160.5 160.5 160.5 160.5 163.8 168.5 174.4 180.1 185.5 191.9 195.9 199.3 202.3 205.4 207.9 211 214.7 223.6 227.7 225.5 223.7 220.1 215.4 210.2 205.3
155.7 156.8 157 157.2 158.4 159 159.2 159 160.9 163.8 162.7 160.5 160.5 159.1 159.5 159.7 162.2 163.7 166 167.8 169 171 173.2 175.9 178.6 183.4 188.5 192.9 194.5 196 194.4 192.2 191.6 192.7 191.5 189.1 188.3 185.3 181.6 175 167.8 162.6 160.5 160.5 160.5 160.5 160.5 160.5 160.5 160.5 160.5 160.5 160.5 160.5 160.5 160.5 160.5 160.5 160.5 165.1 172 177.1 182.8 189 194.3 197.9 201.4 204.3 206.2 208.4 210.1 212.7 220.4 222.5 221.7 218.7 214.4 209.3 204.3
161.7 162.9 163.8 163.8 163.5 163 162.3 162.7 162.5 163.6 163.3 163.2 163.7 163.8 164.6 165 164.9 165.4 165.8 167.7 170.1 172.4 174.8 176.8 181 186.7 191.4 195.9 197.9 199.5 198.7 198.7 198.9 200.4 203.9 205.3 201.6 198.8 195.2 191 184.7 178.6 167.4 163.5 163.3 165.1 164.5 160.5 160.5 160.5 160.5 160.5 160.5 160.5 160.5 160.5 160.5 160.5 160.5 163 169.2 174.3 179.5 185 190.6 195.1 199.2 202.1 204.2 207 209.8 211.9 213.7 216 219.9 217.4 212.6 207.1 202.6
170.5 172.8 173.4 173.3 172.2 170.8 169.2 169.2 167.9 167 166.2 167.1 167.5 168.1 169.3 170.4 170.5 169.5 168.2 170.3 173.2 175.2 176.3 179.4 182.1 186.8 192.1 197 200.2 203.5 204.1 204.2 206.4 209.6 212.7 216.5 219.2 220.2 213.8 210.2 206.1 198 186.6 177.1 169.5 168.4 166.9 165.9 163.3 160.5 160.5 160.5 160.5 160.5 160.5 160.5 160.5 160.5 160.5 161.4 165.2 171 174.9 180.4 185.1 190.1 196.4 200.2 202.7 206 209.4 211.2 212.8 212.6 212.6 213 209.2 204 202.2
180.9 184.5 185 185.3 183.3 180.6 178.1 176.3 174.7 175.5 174.7 174.6 175.2 176.1 176.9 178.3 178.9 179.3 177.2 175.5 178.7 179.3 179.9 182.5 186.2 190 195.3 199.7 203.9 207.7 208.9 211.4 214 218.1 223.2 229.6 233.8 237.6 236.2 233.1 228.1 218.8 207.5 199.3 188.7 175 172 172.2 170.2 165.7 161.6 160.5 160.5 160.5 160.5 160.5 160.5 160.5 160.5 160.5 160.7 166.5 171.3 176.1 180 185.8 192.7 198.5 202.1 205.6 208.7 211.2 213.1 217.5 216.7 212 207.6 203.2 201.8
187.3 192.5 194 192.7 191.9 190.9 187.9 183.1 183.9 181.9 182.3 183.5 183.5 185 184.7 185.8 188.5 188.9 186.9 184.6 183.7 185 186.3 189 192.5 196.5 199.4 203 207 211.2 213.9 217.3 220.7 225.1 232.6 239.9 246.2 252.1 259.4 257.8 252.9 242 229.1 218 204 191 177.9 175.5 173.6 170.7 169.2 166.7 165 160.5 160.5 160.5 160.5 160.5 160.5 160.5 160.5 160.7 166.9 171.4 177.5 182.3 188.4 195.8 201.4 205.1 208 210.9 212.5 215.4 216.6 214.8 212 206.3 202.9
192.2 195.6 197.9 198.8 196.6 196.1 195.3 192.1 190.6 187.6 186.7 188.2 189.3 191.4 192.5 192.7 194 195.3 194.5 192.6 191.8 191.7 193.4 196.5 199.7 203.2 204.8 207.5 209.9 213.9 218.8 221.9 227.7 233.9 244.2 256.7 261.8 264.9 271 271.8 270.3 263.6 252.5 236.3 221.7 207.4 191.1 180.2 179.2 176.9 175.1 172.7 170.9 165.7 160.5 160.5 160.5 160.5 160.5 160.5 160.5 160.5 161.2 168.3 175.8 181.1 186.4 192.8 197.9 202.1 205.8 209.3 212.2 214.3 212.7 214.1 215.4 215.7 212.3
195.7 197.4 199.2 201 201.3 200.1 199.5 200.3 198.3 196.7 193 193.7 193.1 195.6 198.3 200 201.2 202.4 202.4 201.5 200.9 199.6 201.1 203.7 206.7 209.8 212 213.8 216.2 219.5 223.7 230.2 237.9 246.9 256.8 268.4 272.2 273.1 277.4 282.1 288.2 286.2 276.1 263.8 249.6 231.4 214.1 199.7 182.7 181.3 180.6 177.9 177.7 170.2 161.8 160.5 160.5 160.5 160.5 160.5 160.5 160.5 160.5 165.6 174.2 180.2 185.3 190 194.6 199.7 204.4 209.1 212.7 214.4 211.7 211.9 213.3 214.3 215.8
192.7 197.3 200.1 202.8 203.9 203.1 204.3 201.6 200.8 198.2 199.6 199.1 198 199.6 202.6 205.3 207.8 209.5 209.8 208.6 208 207.4 208.6 210.7 214.1 217 219.9 222 225 229.3 233.7 241.3 250.5 260.1 265.7 269.2 276.2 282 288.3 301.8 306.6 304.1 297.8 288.3 273.2 248.9 230.9 215.4 199.4 182.7 179.3 180.9 184.3 177.3 171.5 161.7 160.5 160.5 160.5 160.5 160.5 160.5 161 166.7 173.2 179.9 184.1 188.4 193.3 199 204.5 209.6 213 215.3 213.5 212.1 212 211.4 210.3
190.3 194.8 199.4 201.5 202.4 203.1 206.9 201.8 200.7 201.5 204.3 202 201.1 203.4 206.3 209.7 213 215.6 218 217.6 215.7 214.8 216.6 218.9 221.7 224.8 227.9 231 235 239.7 244.6 251.7 258.3 264.3 268.6 275.2 285.4 294.2 298.3 305.3 311.7 312.5 309.4 303.3 289.6 267.6 246.8 225.8 207.4 190.4 179.6 177.3 184.3 186.9 183.5 170.1 162 160.9 160.5 160.5 160.5 160.5 166.4 170.8 176.2 180.4 185.6 190 194.7 201.1 207.8 212 215.3 216.7 221 220.8 217.1 214.5 210.9
191 193.7 197.9 199.3 200.3 201.6 204 202.6 203.1 205.5 205.3 204.3 203.9 206.5 209.9 213.2 216.3 219.1 222 225.2 225.8 225.1 225.7 228.3 230.4 233.4 236.8 240.9 244.1 247.7 252 258.4 263.1 267 275.6 287.8 298.3 301.3 306.8 319.6 320.4 317.6 313.9 308.5 298.4 284.9 263.2 239.8 218 202.1 185.8 175.2 175.2 188.2 188.2 176.1 168.1 162.8 160.5 160.5 160.5 161.6 166.6 172.3 177.1 182.1 186.5 190.7 196 201.7 208.3 213 216 217.5 220.5 222.5 222.5 222.5 221.2
194 196.1 197.8 198.3 199.3 200.7 204.7 207.9 209.6 209.5 209.4 208.5 208.5 210.1 213 216.8 219.6 222.8 225.5 228.2 230.6 232.8 234.2 236.4 238.7 242.9 247.3 250 252.9 255.8 259.2 262.6 266.9 274.8 285.6 293.3 297.8 302.4 311.8 319.6 321.5 318.2 314.5 310.5 302.9 291 274.8 253.5 229.5 207.9 191 178 169.7 170.6 176.9 175.9 172.9 163.8 160.5 160.5 160.8 162.8 168.1 173.4 178.1 182.5 185.9 190.2 195.7 201.3 206.5 210.8 213.6 215.6 218.2 221.1 224 226.1 224.3
197 198.4 200.2 202.5 203.6 206 209.2 213.3 216.7 217.9 218.2 219.8 218.3 217.4 218 221.3 224.7 228.5 230.6 232.5 235.3 237.9 240 242.3 245.3 249.7 255.3 261.1 266.5 270.4 273.1 274.9 276.8 280.8 287.3 292.2 295.8 299 302.6 309.5 316.7 315.8 311.8 305.6 296.4 285.8 274.2 258 235.3 213.8 197 183.5 172.5 167.6 167.5 170.8 176.3 173.6 165.6 163.5 163.3 165.3 170.7 176 182.1 188.5 189.2 190.3 195.1 200.3 204.1 208.2 211.3 213.5 216.1 221.5 224.7 227.1 223.5
197 200.2 202.8 204.9 207.4 209.7 213.5 220.4 225.8 230.4 230.8 232.1 233.1 230 228 228.7 233.4 237.8 240.5 242.8 244.8 247.7 251.1 254.8 258.8 262.8 268.5 274.3 279.6 283.6 285.7 288.1 290.3 293.6 294.8 295.6 296.2 297.7 299.4 300.8 306.5 309.3 307.1 299 287.5 277.8 267.8 254.2 238.5 219.8 202.8 188.7 177.2 169.1 164.8 164.7 168.5 172.3 168.9 163.6 167.3 168.1 173.7 178.8 185.3 195.4 197.5 196 195.5 198.7 201.9 206 209.9 212.7 216.2 221.1 224.8 226.4 224.2
193.2 198.7 202.1 204.5 207.5 211 215.5 222.9 231.1 237.8 241 242.6 245.5 242.9 240 240.3 241.6 245.4 249.7 254 256.6 262.1 265 267.7 272.2 279.5 282.4 284.4 288.4 291.4 294.8 298.1 298.3 298.7 301.3 302.6 303.4 302.4 300.9 299.9 299.1 298.2 297.6 289.9 280.6 270.7 261.8 251.6 240.4 224.3 207.8 193.3 182.6 174 166 164.1 164.9 165 165.1 162.9 165.8 172.1 175.7 180.4 186 198.2 209.4 209.6 207.7 204.9 203.7 205.6 209.2 212.7 216.5 220.4 224.1 226.8 225.6
189.6 195.7 200 204.5 208.1 211.6 216 223.8 234 243 248.3 251.4 256.4 254.3 250.7 249.9 252.8 256.6 260.2 263.1 266.1 269.5 274.2 277.4 282.3 288.9 291.8 292.2 292.9 294 296.3 299.7 299.8 298.1 299.9 302.6 303.7 303.1 303.2 301.9 299.4 296.8 296.2 291.9 283.8 274.2 264.2 254.5 244.3 229.9 214 199.2 188.6 179.7 170.3 163.5 159.8 158.6 158.9 159.4 162.3 170.1 176.8 182.6 188.8 200.3 210.8 218.9 219.4 212.8 207 205.9 208.1 211.3 214.8 219 223.2 226.8 226.8
190.2 198.3 203.7 206.1 209.9 213.7 218 224.6 235.6 245.2 251.4 256.8 264.1 264.3 261.8 257.8 256.8 259.5 262.2 265.3 268.9 274.3 280.1 285.3 291.9 295.9 298.3 297.6 295.5 295.1 295.3 294.6 294.8 296.2 297.6 299.2 300.7 299.9 299.1 299.1 297.3 293.6 289.7 289.7 287.1 279.7 269.1 258.4 247.9 235.2 220 205.6 193.7 183.6 175.6 169.2 164 158.5 155.4 157 158.9 164.8 175.6 183.9 189.1 197.9 207 218.3 224 218.4 211.1 207.8 207.9 209.8 213.3 217.3 221.6 226 228.8
190.3 201.4 209.6 214.2 220.2 222.8 224.2 226.2 235.9 244 250.4 254.8 258.8 262.6 264.5 265 261.3 260.9 262.6 265.6 270.8 278 283.9 288.8 296.4 301.2 303.3 303.6 302.6 299.9 295.8 292.9 291.3 291.1 292.6 292.6 292.2 290.7 289.2 289.1 286.6 283.5 285.4 286.1 283.5 280.7 274.4 263.8 252.2 240.5 225.7 210.6 198.8 188.6 180.9 174.7 169.1 163.3 156.1 155.1 156 162.2 172.5 179.9 186.5 194.1 204.6 216.6 224.4 223.8 216.1 210.7 209.4 209.6 211.7 215.5 220.1 224 226.7
189.3 194.4 204.5 215.8 224.5 231.1 233.6 233 234.9 244.3 251.2 255.7 260.6 264.7 267.7 268.1 266.1 265.4 265 267.1 271.8 279.8 285.3 289.7 293.4 297.4 302.7 307.6 306.2 305.2 297 293.5 287.5 283.7 282.9 281.1 280.6 279.4 278.1 274.8 274.9 276.2 278.5 280.6 280.9 280 280.4 274.1 261.8 247.7 232.6 217.7 204.8 193.4 184.3 179 174.5 170.4 163 155.8 154.4 156.4 166.6 175.6 182.7 189.7 201 212.5 222.2 224.1 218.9 214.6 211 209.8 210.7 213.2 217.3 220.9 222.9
179.7 187.4 198.5 207.3 223.7 233.6 235.1 236.2 235.9 240.5 251 257.3 261.9 267.2 273.1 275.8 273 272.7 271.6 270.6 271.4 274.8 282.1 287.3 291.3 291.1 290.7 291.5 293.2 291.3 289.3 286.6 282 277.2 273 269.9 268.9 266.7 265.1 265 265.6 267.3 271.2 278.6 281.5 279.4 278.3 278.9 268.8 255.6 241.2 225.7 209.9 196.8 187.1 183.1 179.4 175.6 168.9 161.5 155.3 154.5 159.3 167.9 179.1 185.1 195.7 207.6 217.5 223.7 221.1 217.5 213.6 211.1 210.1 211.3 214.9 218.4 221.9
