app/static/ascii/NC61.asc
ncols 200
nrows 200
xllcorner 260000
yllcorner 910000
cellsize 50
[rows 0 to 34 of 200, columns 79 to 157 of 200]
319.4 320.4 320.6 320.6 321.4 319.3 317.3 322.2 325 326.2 329.3 332.3 335.4 338.4 340.5 341.3 338.5 335 349.9 355.7 362.1 367.9 372 376 378.3 380.8 383.1 383.8 382.8 381.7 382.6 382.3 380.2 377.5 375.7 374.7 375.9 376.2 375.3 375.4 376.2 376.3 373.6 373.7 373.2 372.8 371.5 371.7 371.8 373.3 375.7 377.7 379.9 381.6 382.9 378.4 378.4 378.4 378.4 378.4 380.3 383.2 381.6 384.8 386.6 389.1 393.3 397.5 401.3 404.3 407.1 409 409 406.2 403.7 400.9 397 392.9 388.2
313.7 314.2 315.8 315 315.3 315.2 313.5 317 319.5 322.3 324.2 326.1 328.3 330 331.2 333.1 329.7 341.6 348.9 354.5 360.5 365.8 370.2 374.3 377.1 378.9 380.7 382.6 381.5 380.2 380.1 381.3 378.5 376.9 375.4 376.5 379.6 380 380.2 380.8 382.2 381.8 381.1 379.7 378.4 375.6 374.1 373.7 373 373.2 374.8 376.5 379.5 382 378.4 378.4 378.4 378.4 378.4 378.4 378.4 378.4 379.3 378.4 378.4 382.9 386.4 390.2 394.5 397.8 402 405.1 405.8 406 405.7 405.1 404.8 401.8 400.3
307.1 308.2 309.3 310.2 310.7 310.5 310 313.4 314.5 316.9 318.6 320.3 321.5 322.6 320.9 323.6 333.4 342.8 348.5 353.7 357.9 363.3 367.4 370.8 373.7 376.4 377.9 379.3 379.2 377.5 376.2 376.7 376.2 375.4 375.7 378.2 381.4 385.5 386.2 387.2 388.6 388.6 387.7 386.9 384.9 380.8 377.7 375.8 375.1 374.5 375.9 377.8 379.8 381.3 378.4 378.4 378.4 378.4 378.4 378.4 378.4 378.4 378.7 378.4 378.4 378.4 381.2 384.6 386.9 390.4 395 399 402.2 405.1 407.5 411.7 412.4 410.3 411.2
301.8 302.3 303.1 304.4 305.5 306.2 306 309.1 310.5 312.2 313.5 314.9 315.5 313 316.4 327.1 335.2 342.1 347.5 352.3 356.6 360.5 364.7 367.5 370.5 372.5 374.1 375.8 375.6 374.2 373.4 373.2 373.8 375.5 376.3 379.2 382.4 387.4 390.4 390.9 392.2 392.2 391.1 389.6 387.9 384.4 380.8 377.9 377 376.5 376.1 378.6 381.1 381.1 378.4 378.4 378.4 378.4 378.4 378.4 378.4 378.4 378.4 378.4 378.4 378.4 378.4 379.7 383.5 386.6 390 394.1 400 404.4 408.3 414 416.7 417.4 417.5
295.3 297.2 297.7 299.2 300.4 301.4 302.4 304.4 306.6 307.7 309 308.7 306.2 311.9 319.9 327.2 334.7 342.1 347.1 352.6 355.9 359.4 362 364.3 366.8 369.4 371.3 372.3 373 372 371.9 371.7 373.2 374.9 377.1 379.5 381.4 383.9 387 389.9 391.8 393.2 391.9 390.5 389 386 382.2 380 378 376.7 376.1 378.3 381.3 382.2 379.4 378.4 378.4 383.2 378.4 378.4 378.4 378.4 378.4 378.4 378.4 378.4 378.4 378.4 378.4 383.7 387.1 391.2 396.8 403.6 407.7 414.4 417.6 419.8 420.6
292.5 293.9 294.9 296.9 297.8 298.2 300 301 301.8 297.4 299.7 305.5 311.2 315.4 320.7 327.9 335.2 342.6 347.6 352.6 354.9 357.8 360.3 362.1 363.5 366.1 367.7 368.2 369 369.4 370.1 370.9 372 374.1 375.7 377.7 379.2 380.7 383.1 386.3 388.6 389.7 389.8 390 389 385.9 383.1 380.4 377.9 376.7 376.3 378.4 381.1 382.6 382.1 381.4 382.9 378.4 378.4 378.4 378.4 378.4 378.4 378.4 378.4 378.4 378.4 378.4 378.4 384.6 386.5 388.4 395.1 402.1 407.2 415 419.2 421.8 423.3
290.3 290.7 292.8 294 295.2 295.7 297.1 296.3 295 301.8 305.1 309.1 313 315.9 321.5 329.1 335.2 342.6 347.3 351.7 354.8 356.9 358.9 360.2 361.6 363.2 364.4 366.2 366.9 368.6 371.5 371.2 370.1 370.7 373.4 375.2 376.5 377.5 379.1 381.9 384.8 386 387.7 388.2 387.9 385.2 381.8 380.1 377.7 376.7 376.3 377.1 380.1 382.7 383.2 383.5 383.7 383.2 378.4 378.4 378.4 378.4 378.4 378.4 378.4 378.4 378.4 378.4 378.4 381.7 385.3 387.4 392.3 401.2 407.3 416.7 424.4 424.7 424.1
287.8 289 290.5 291.5 292.1 293.8 292.1 293 299.3 303 306 308.1 311.8 315.3 321.4 328.2 335.3 342 346.5 350.5 353 355.7 358.5 359.5 360.6 361.2 362.6 363.5 363.9 366 370 370.3 369 368.2 369.9 371.5 373 374.6 376.1 378.1 380.9 382.9 384.9 385.9 385.1 383.4 380.1 378.6 377.3 376.2 375.7 376.5 378.8 382.7 383.9 384.6 384.6 384.1 379.9 378.4 378.4 378.4 378.4 378.4 378.4 378.4 378.4 378.4 378.4 381 383.7 385.8 390.9 399.5 406.6 414.4 422.7 425.6 425.7
284.6 285.5 288.4 288.8 290.9 289.8 294 296.2 299.2 302.7 306.3 309.2 313.8 317.5 322.6 327.8 332.7 341.8 345.9 350.1 352.8 355.8 357.6 358.5 359.2 360 360.2 360.3 361.5 362.9 367.6 369.6 367.5 365.4 366.3 369 369 369.9 371.1 373.4 375.2 377.1 379.8 382.7 382.4 380.8 378.4 377.3 376.3 375.3 374.9 376 378.4 382.4 384.2 385.1 385.3 385.4 384.2 378.4 378.4 378.4 378.4 378.4 378.4 378.4 378.4 378.4 378.4 378.4 378.4 385 389.2 396.9 404.3 410.4 418.4 424.2 426.2
283.5 286.1 287 288.7 287.9 291.1 293.9 296.5 300.1 304.5 308.6 313 317.9 322.7 327.6 332.9 337.9 342.3 345.5 349.1 352.2 355.1 356.4 357.4 357.7 358.5 358.2 357.5 358.4 359.4 361.9 366 365.4 363.4 362.8 364.7 364.5 365 366.8 368.7 370.1 371.8 373.4 375.3 376.4 376.4 375.7 375.4 375.4 374.9 373.7 375.4 378.3 380.8 384.3 385.5 385.8 386 384.9 383 378.4 378.4 378.4 378.4 378.4 378.4 378.4 378.4 378.4 378.4 378.4 383.7 387.3 395.5 401.6 406.8 414.3 421.3 425.5
279.8 281.3 286 286.3 290.2 292.5 296.6 298.1 302.4 308.2 312.2 316.4 320.7 326.2 332.1 338.1 342.8 347.2 350.4 352.1 353.8 355.1 356.4 357.3 356.8 356.2 355.9 354.2 354.5 356.5 358.1 358.8 360 359.6 358.8 360 361.5 361.3 362.7 365 366 367 367.8 368.7 370.5 371.7 372.9 373.5 373.3 373.2 375 376.1 378.2 380.6 383.4 385.9 386 386.1 385.4 382.1 378.4 378.4 378.4 378.4 378.4 378.4 378.4 378.4 378.4 378.4 378.4 381.8 386.5 393.9 399.4 404.2 408.8 415.6 422.3
287.7 286.7 284.4 289.8 291.6 294.6 298 301.4 305.8 310.9 315.4 320 325 330 336.8 343.3 348.6 353.6 357 356.6 357.3 357.2 357.8 357.3 355.6 354.5 354 353.7 354.1 355.6 356.2 357 357.6 356.4 357.8 358.5 358 358.4 359.9 361 361.5 362.2 363.5 364.7 366.4 367.5 368.6 370.7 371.9 375 375.8 377 378.2 380.4 382.8 385.2 386.5 386.2 385.7 383.8 378.4 378.4 378.4 378.4 378.4 378.4 378.4 378.4 378.4 378.4 378.4 378.4 386.5 391.2 396.3 400.5 404.6 409.5 415.2
290.7 291.1 291.4 294.3 295.4 296.6 300.5 305.6 310 313.6 318.5 324 329.7 335.7 342.4 348.9 354.1 358.1 360.6 361.4 360.7 359.8 358.2 357.4 356.1 354.6 353.5 353.1 353.4 354.5 354.6 355.1 355.5 354.6 355.7 356.7 357.1 356.8 358.1 358.5 358.7 358.8 359.6 360.9 362.3 363.7 362.4 367.2 372.2 374.9 375.7 377.2 378.2 380.1 383 384.8 386.4 387 386.8 385.6 383.6 378.4 378.4 378.4 378.4 378.4 378.4 378.4 378.4 378.4 378.4 378.4 384.2 389 391.5 394.7 398.6 402.2 406.6
293.4 294.1 294.1 295.4 298.1 300.8 302.5 306.5 311.6 316.2 322.4 328.4 334.3 340.5 346.8 353.4 358.2 361.9 364.1 364.7 363.7 361.6 360.5 358.2 356.2 355 353.6 353.2 352.3 353.1 353 353.1 352.7 353.7 354.7 356.4 356.5 356.9 356 356.6 356.5 356.5 357.4 359.2 360.3 360.2 362.9 365.6 368.4 372.3 375.4 376.6 377.7 379.6 382.5 384.3 385.8 386.9 387.7 386.6 385.7 383.5 380.8 378.4 378.4 378.4 378.4 378.4 378.4 378.4 378.4 378.4 384.7 389.7 391.8 392.2 392.7 395.4 399
295.9 296.9 297.4 297.6 300.4 303.3 306.5 311.8 315 319.6 326.9 332.1 337.6 343.5 350.1 355.7 360.3 364.1 366.4 367.4 368.2 366.2 363.2 362.5 362.5 361.6 360.7 356.7 353.6 353.1 353.2 352.8 352.3 353.1 353.6 356 356.5 356.4 355.2 355.5 355.8 355.6 356.6 357.7 357.6 360.5 361.9 363.7 365.9 370 373.3 375 376.9 378.2 381.4 383 384.5 385.7 387.7 387.7 387.2 387.4 387.5 384.4 378.4 378.4 378.4 378.4 378.4 378.4 378.4 378.4 385.5 390.3 391.8 391.7 388.4 390.1 393
297.7 299.2 300.5 300.8 302.8 306.9 310.2 315.6 320 324.7 329 332.7 339.4 345.3 350.6 356.6 360.9 365.3 368.8 370.5 370.9 370.3 367.3 366.5 369.7 370.5 369.1 365.5 360.1 357 354.6 353.8 352.4 352.5 354.2 355.8 355.9 355.2 354.2 355.2 354.6 354.9 356.7 357.6 358.4 359.6 360.9 362.5 365 367.7 370.7 374.1 376.1 377.5 379.5 381.1 382.2 383 384.6 387 387.6 388.3 389.5 387.6 384.4 379 382.5 378.4 378.4 378.4 378.4 382.1 385.8 390 392.6 392.2 388.9 384.7 387.5
299.9 301.2 302.6 303.2 305.4 308.4 313.4 319.3 325 329.5 332.7 337.7 341.3 346.3 351.6 356.7 361.1 365.3 369.1 371.4 372.3 371.7 369.6 368.7 369.3 369.8 369 366.9 362.6 358.3 354.8 354.3 354 351.8 353.9 355.3 354.8 354.2 354.2 354.6 353.7 355.3 356.1 356.9 357.2 359.2 361.5 363.4 364.4 366.7 370.7 373 375 376.2 377.6 379.1 379.9 380.8 381.7 383.6 385.7 386.9 388.7 389.4 387 384.2 384.2 380.8 380.2 379.7 382.1 384.4 386 391.3 395.2 395.3 391.5 386.4 383.4
301.4 303.2 304.7 305.8 308.1 311.2 316.4 321.5 327.2 332.8 337 341.2 343.9 346.9 351.7 356.1 360.6 364.9 368.7 371.6 372.1 371.1 370 368.7 367.8 367.1 364.4 362.5 358.9 355.1 353.7 353.4 352.9 351.2 354.7 354.5 353.9 353.3 353.8 353.7 353.6 354.8 355.6 356.4 357.2 359.4 361.4 362.7 365.1 367.9 369.9 371.8 373.1 374.4 376.2 377.3 378.1 378.9 380.1 381.5 383.2 385.6 387.4 387.8 386.5 385.1 387.2 386.8 389.1 389.2 387.3 386.7 388.6 393.1 397.6 400.5 396.5 391.2 386.1
301.8 303.7 305.5 308.3 311.2 314.6 318.6 323.2 328.8 333.5 337.9 342.1 345.9 349 352.7 356.3 360.7 364.3 368.1 370.6 371.6 371.2 370 368.3 367 365.6 363 359.1 356 353.5 352.4 352.4 352.4 351 353.6 353.7 353.3 352.6 352.7 351.2 353.4 354.2 354.4 355.2 356.8 358.8 359.2 362.1 368.2 371.1 373.2 373.4 373 373.9 375.7 376.1 376.3 377.6 379.2 380.8 382.2 385.2 386.1 386.4 385.6 384.3 387.3 390.6 392.9 394.4 393.8 392 394.3 397.5 400.5 404.2 403 395.4 391.6
301.9 304.2 306 309.2 312.4 316.4 321 325.5 331 336.4 340.6 344.1 346.4 351 354.2 358 362.2 364.5 367.7 370 371.8 372 370.8 369.4 367.9 365.6 364.4 359.8 356.1 354.2 352.7 352.2 351.2 349 352.2 352.9 352.5 351.9 349.7 351.8 352.7 352.9 352.7 353.7 355.2 356.7 357.1 359.9 366.6 372.6 372.7 372.7 373.4 374.3 374.4 375.6 375.3 377.4 379.1 380.4 381.7 383.6 384.5 384.8 384.4 384.8 386.9 391.5 395.8 399.2 402.2 402.1 401 403.5 403.4 406 406.3 398.8 395
302.5 305.7 307.9 309.4 313.7 317.1 321.8 328 333.8 338.9 343 346.5 348.9 352.2 355.7 360 362.6 365.9 367.8 369.5 371.5 372.8 372.6 371.9 370.9 369.8 367.2 363.6 359.7 356.6 354.6 352.1 352.2 349.4 351.3 351.7 351.8 350.4 349.6 350.4 350.9 350.9 350.4 351.9 353.3 354.2 355.2 355.1 360.7 367.3 369.3 368.7 372.6 375.3 375.6 376 376.3 377.4 378.9 381.4 381.9 383.4 383.2 383.2 382.9 383.6 386.3 391.3 398.1 402.6 407.1 408.6 405.3 407.2 406.2 406.3 407.5 401.5 395.5
302.9 305.8 308.5 311.3 313.7 317.8 323 328.7 334.7 339.9 344.8 348.4 351.2 354.4 358.7 361.4 363.7 367.1 368.5 368.6 369.8 371.2 372.4 373 372.3 371.8 368.7 365.4 361.4 358 355.3 353.1 352.6 350.6 349.8 349.5 351.4 351.7 351 349.3 349.1 348.8 348.6 349.9 350.9 351.7 352.4 352.5 354.7 357.9 363 364.1 369.3 374.1 376.1 375.6 375.9 376.8 380 382.6 382.3 382.7 382.2 381.6 381.3 382.4 385 390.7 399.1 405.2 408.5 410.8 409.5 408.3 407.9 406.5 405.5 402.1 396.4
303.3 306.5 309.4 312.2 314.8 319.2 323.8 329.3 337.1 342.3 346.7 350 352.6 356.1 359.5 363.4 365.8 369.2 369.1 367.2 365.7 368.9 371.2 371.8 370.5 368.9 367.6 365.4 362.4 358.3 355.7 354 354.3 353.6 353.1 352.8 352.3 352.2 350.8 348.6 343.3 346.3 346.7 347.8 349 349.4 349.9 349.5 351.1 352.9 356.1 358.8 364.2 368.7 373.1 374.2 374.2 375.7 379.4 381.7 382 381.9 381.6 381.1 380.6 381.9 383.1 385.8 395.5 403.8 407.8 409.7 410.5 408.7 407.9 407.2 405.5 402.1 401.7
303.8 307.2 310.5 313.2 316.5 320.1 323.7 329.7 337.7 344.2 348.4 352.2 355.6 358.9 363.8 367.5 369.9 371.5 371.3 367.8 365.6 365.6 365.6 367.6 368.6 368.2 367.4 365.9 363.7 361.9 359.2 358.4 356.8 356.2 357 356.8 354.3 352.4 349.4 347.4 345.1 341.9 344.9 346.6 347.5 347.8 347.9 347.6 349.3 351.4 351.3 354.3 359.1 363.2 367 369.5 369.4 372.9 376.7 379 379.6 380.3 380.5 380.2 380.5 380.2 381.7 384.8 390 398.5 405 408.5 410 408.7 408.5 407.7 405.6 405.7 404
304.6 308 311.3 314.5 317.5 320.6 324 330.1 338 345.4 350.8 354.8 358.8 363.7 371.1 374.7 377 376.2 374.4 371.1 366.2 365.6 365.6 365.6 365.6 366.7 367.3 367.1 368.5 366.1 362.5 365.4 362.7 362.4 363.5 364.8 363.2 357.1 352 348.1 345.6 343.9 343.4 345 345.6 345.7 345.8 345.2 346.7 348.1 348.5 349.8 352.9 358.2 362.4 364.1 365.8 368.6 371.1 373.6 375.6 376.8 378.1 377.7 378.8 378.5 379.6 381.7 387.9 395.1 400.5 403.1 404.9 407.4 408.6 409.8 410.3 411.9 409.5
305.2 308.6 312 314.8 318 321.1 324 329.7 338 346 351.6 356.2 361.9 370.5 377.7 383.9 387.8 385.7 382.4 377.1 372 368.9 366.5 365.6 365.6 365.6 365.6 366.6 367.2 365.3 366.3 368.5 369 368.9 371.4 373.9 371.4 364.2 356.3 349.7 346.5 344.8 343.9 341.8 342.4 343.3 343 345.4 345.8 346 345.6 345.9 347.4 351.3 356 358.4 361.7 363.8 365.5 368.7 371.1 372.7 374.9 376 377 377.4 377.8 382.2 389.7 396.3 400.1 401.7 404.1 406.5 409.2 412.8 415.4 417.5 416.8
304.4 308.5 312.1 315.7 318.7 321.1 323.8 329.2 337.3 345.9 352.1 357.7 364.7 374.7 385.3 393.6 401 400.9 395.2 388.6 382.2 375.9 372.4 369.2 366.7 365.6 365.9 366.7 366.1 365.7 368 372.3 374.4 374.4 378.3 379.7 376.2 368.8 360.2 354 348.2 345.4 344.8 345.8 343.2 340.8 342.1 343.8 344.2 345.2 345.4 344.9 344.7 345.9 348.9 353.1 357 359 360.7 363.7 366.1 370.5 372.5 374.5 375.8 376.2 378.1 381.5 388.4 394.9 401.1 404.5 407.5 408.1 410.6 413.6 417.6 419.2 420
304.8 308.8 311.8 315.5 318.4 321 323.5 328.2 335.8 344 350.8 357.1 365 374.2 383.2 392.3 399 400.7 396.7 391.1 385.6 379.7 374.2 371 368.4 366.6 367.9 367.3 366.3 367.2 370.2 372.2 376.8 378.3 383 385 381.9 374.1 365 357.8 351.8 348.4 348 347.5 345.2 340.6 340 342.7 342.5 344.3 344.3 344.1 344.1 344 345.1 348.7 352.7 356.2 358.4 359.7 362.7 367 370.1 372.5 373.4 375.8 379.8 382.8 387.6 393.9 399.8 404.3 408.8 410.9 412.4 414.6 418.9 420.1 419.6
303.6 308 311.3 314.5 317.8 320.6 323.1 326.8 334.3 341.7 348 353.8 360.6 368.3 376.2 382.6 387.9 390.2 389.8 387.2 382.2 376.6 372.3 370.5 369 368 369.3 369.6 368.9 369.3 372.4 375.7 378.5 380.5 383.9 383.9 382.1 374.8 367.4 360.3 354 354.4 358.1 355.2 349.1 344.7 339.7 339.8 340.1 343.4 343.1 343 343.5 343.1 344.5 346.3 349.8 353.6 356.3 357 360.1 363.6 366.7 368.3 370.3 374.3 380.5 385.5 389.8 394.7 400.6 405.6 410.1 412.6 414.6 417.2 419.3 420.8 420.9
301.9 306.2 309.7 312.8 315.8 318.6 321.4 324.4 329.6 336.8 343.7 349.6 356 361.6 367.8 373.5 378.6 382.4 384.1 382.8 379 373.7 371.1 369.8 369.4 369.6 370.4 371.1 372.5 373.6 374.1 376.9 379.6 381.2 382.6 382.4 381 376 370.1 362.3 359.7 364.8 366.5 362.6 355.3 348 342.5 342.1 341.2 340.4 341 342.8 342.9 341.9 343.5 344.5 346.7 349.4 353.1 355.8 358.7 361.8 363.2 366.7 369.4 373.5 380.1 386 391.8 397.6 403.9 410.8 415.7 418.2 418.4 418.2 418 419.4 420.8
299.4 304.2 307.7 310.9 313.6 316.1 319.2 322.1 325.2 331.1 337.1 344.9 351.2 356.8 361.5 366.7 371.5 376.2 378.3 378.3 375.5 371.8 370.1 369.8 369.6 370.7 372.1 373.7 376.7 377.4 379.3 380.9 380.6 381.2 381.8 382.6 380.2 376.6 370.7 361.4 363.8 367.8 369.4 367.2 358.6 351.1 344.9 344.2 344.9 343.2 340 340.2 340.5 341.3 342.5 343.5 344 344.7 348.9 353.1 355 357.6 361.2 365 369.3 373.6 380.5 386.9 393.4 401.5 409 416.2 421 422.9 422 419 416.4 414.2 414.3
296.7 301.7 305.6 308.7 311.4 313.9 316.9 320.3 322.7 325.5 331.3 338.7 345.8 351 356.6 360.9 363.8 369.2 372.2 372.7 372.3 370.2 369.3 369.9 370 371.5 373.4 376.7 380.6 383.9 385.1 384.3 382.9 381.5 381.2 381.7 382.4 379.5 372.5 366.9 366.5 369.8 374.3 370.3 362.7 356.3 351 350.3 348.6 347.7 346.2 342.9 339.5 339.3 340.7 341.6 341.5 343.1 345.2 347.5 352.1 356.3 360.6 366 370.1 374.6 380.2 387.9 395.6 404.3 412.6 419.7 424.4 426.7 426 421.4 416.2 412.5 408.5
293.9 299 303.2 306.1 308.7 311.3 313.8 317.6 320 323.1 327.1 333.4 339.1 346.3 352.6 357.2 358.6 361 364.3 366.9 368.3 367.4 368.9 369.5 370.9 373.6 377.5 381.3 384.5 388.1 389.7 387.7 386.5 382.2 381 380.1 379.7 378.8 374.1 373.3 369.2 371.9 375 374.7 367.8 361.2 357.2 354.8 355.4 354.4 351.3 347.9 343.9 338.4 338.2 339.2 341.6 342.1 345 347.9 351.4 356.6 362.3 367.5 371.9 375.1 380.3 387.4 397.4 406.2 414.5 421.7 426 426.2 424.7 421.8 416.8 413.7 410.9
292.9 296.8 300 303.1 305.8 308.1 310.3 314.6 318.1 320.1 324.4 329.8 335.8 340.9 346 351.5 354 357.5 361 364 365.4 368.3 369.3 370.3 372.4 377 381.5 385 388 390.4 390.3 389 387.1 383.5 380.7 379.6 380.1 381.1 381.3 380.1 377.7 375.6 375.4 374.7 370.9 364.8 363.1 360.8 360.3 357 353.1 349.3 345.4 343.2 341.5 337.5 338.5 341.2 343.3 347.3 350.9 357.3 364.6 368.5 373.2 377 381.6 386.6 396.1 406.8 415.4 421.8 426 425.3 423.8 421.2 417.8 414.6 411.9
290.4 294.8 297.8 300.5 303.1 304.8 306.9 310.6 314.2 317.4 322 326.7 331.6 336.6 341 345.5 351.9 354.9 358.1 360.9 366.1 368.4 370.6 372.8 375.5 379.9 384.3 387.8 390.5 392.7 391.5 390.1 386.6 382.9 380.7 379.6 381.7 385 386.3 386.6 386.4 385.6 382.8 380.4 377.5 370.8 364.1 362.7 359.2 355.7 351.8 350.9 349.5 346.4 346.4 342.6 339 339.3 342 348.1 353.5 359.1 365.8 371.9 375.8 378.3 381.4 385.7 392.6 403.8 413 419.9 425.1 424.5 423.4 422.1 419.3 415.7 411.9
