app/static/ascii/NC62.asc
ncols 200
nrows 200
xllcorner 260000
yllcorner 920000
cellsize 50
[rows 0 to 34 of 200, columns 78 to 155 of 200]
185.8 183.5 181.4 179.5 177.4 175.1 173.6 173.3 173.3 173.3 173.3 173.3 173.3 173.3 173.3 173.3 173.3 173.3 173.3 173.3 173.3 180.7 198.3 212 216.4 212 219.6 240 253.8 262.7 270.2 281.2 290.5 302.9 312.9 322.4 335.7 350.7 367 382.4 398.1 414.7 426.4 432.9 432.6 437.1 441.1 446.4 448.5 438.2 436.3 426.3 409.8 386.8 358.8 345.7 334.5 328.3 319.9 321 322.5 330.9 326.4 327.9 331.5 333.6 334.8 339.7 344.8 352.8 357.2 361.5 362.4 365.7 368.2 369.9 369.9 373.2
185.2 182.1 179 178.3 176.2 174.3 173.3 173.3 173.3 173.3 173.3 173.3 173.3 173.3 173.3 173.3 173.3 173.3 173.3 173.3 175.9 184.5 201.7 214.6 221.2 219.2 232.1 244.6 260 270.7 279.7 287.9 299 303.9 312.9 323 334.6 347.4 361.4 377.5 395.5 412.3 425.9 436.2 441.6 447 453.4 459.2 465.1 457.9 449.2 435.7 418.2 399.3 386.4 368.5 357.2 348.1 341.6 341.9 339 335.2 334 341.7 339.5 340.8 343.6 345.3 356.2 361.2 367.3 370.9 371.6 374.2 376.1 378 380.3 382.9
183.9 181.8 177.7 175.5 175.1 173.3 173.3 173.3 173.3 173.3 173.3 173.3 173.3 173.3 173.3 173.3 173.3 173.3 173.3 173.3 177.2 188.1 201.4 216 231.9 228.9 238.6 253.5 265.7 278.9 286.5 294.7 307 310.6 311.3 324.2 335.5 344.8 359.8 377.4 393.2 409.6 425.5 437.8 447.5 457 463.5 470 472.4 470.7 465.2 452.5 429.9 417.2 405.5 395.5 382.8 367.5 359.5 358.1 352.6 352.4 345.5 346.3 349.7 352 357 355.1 366.3 373.1 376.8 380.2 381.3 383.8 386.1 387.8 390.4 394.2
182.2 179.8 175.9 173 173.3 173.3 173.3 173.3 173.3 173.3 173.3 173.3 173.3 173.3 173.3 173.3 173.3 173.3 173.3 173.3 181.5 193.5 207.9 226.9 240.4 241.4 246.4 254.4 266.9 281.7 289.6 304.6 312 319.5 322.8 331.7 338.9 349.2 365.1 380.5 395.2 409.5 423.7 436.3 448.6 458.5 468.6 474.5 477.2 476.4 475 463.6 449.3 436.6 427.5 420.1 411.1 391.6 379.3 371.7 366.5 362.8 363.7 366.6 362.1 367.5 373.7 368.6 378 383.8 387.1 388.8 391 393.5 396.6 398.9 399.8 402.5
179.7 176.4 173.3 173.3 173.3 173.3 173.3 173.3 173.3 173.3 173.3 173.3 173.3 173.3 173.3 173.3 173.3 173.3 173.2 182.3 192.4 207.6 222.9 248.4 254.3 250.4 258.1 257.8 272.1 286 300.4 314.2 320.3 331.1 337.3 347.2 355.2 358.6 371.4 383.6 395.5 410.8 422.9 435.2 448.7 460.9 468.9 476.5 481.6 483.2 481.3 478.1 463.9 454 444.4 435.1 423.9 410.7 400.3 387.1 380.4 376.7 374.8 377.8 379.2 383.1 385.4 383.5 391.8 394.9 397.5 399.2 401.6 402.4 405.4 407.9 408.7 410.5
177 173.3 173.3 173.3 173.3 173.3 173.3 173.3 173.3 173.3 173.3 173.3 173.3 173.3 173.3 173.3 173.3 173.3 180.2 193.1 205.8 224.7 241.8 256 264.7 262 263 266.5 281.6 296.6 316.1 327.9 334.2 340.5 349.8 364.1 370.1 368.7 376.8 387 399.1 412.6 423.5 434.1 450 463.3 471.7 481 491.4 491.9 488.7 483.4 475.6 467.1 457.9 450.7 438.7 429.2 424.1 409.8 399.7 392.2 386.8 386.3 393 393.4 397.5 399.6 401.8 404.7 406.3 408.5 409.6 410.5 413.8 415.6 418.4 420.9
173.4 173.3 173.3 173.3 173.3 173.3 173.3 173.3 173.3 173.3 173.3 173.3 173.3 173.3 173.3 173.3 173.3 173.3 185.4 204.9 222.4 246.3 264.7 281 276.6 274.1 272.3 274.7 294 317.1 328.5 337 343 348.9 360.3 377.7 379 377 382.7 392.8 401.5 413 425.2 438.1 451.5 465.6 476.3 492 503.2 502 503.5 495.8 492.1 479.8 469.8 464.8 453.6 448.9 442.2 430 418 412 405.5 401.2 403.6 404.5 408.8 411.1 411.6 414.5 418.1 420 419.9 421.3 421.3 424.3 425.9 433.4
173.3 173.3 173.3 173.3 173.3 173.3 173.3 173.3 173.3 173.3 173.3 173.3 173.3 173.3 173.3 173.3 173.3 176.3 194 213.4 232.8 255.3 276.8 288.6 290 286.8 279.3 287.3 303.3 325.6 338.3 344.4 349.9 358.7 376.3 383 383.8 389.2 393.6 401.8 413.7 423.4 433 443.9 456 469.1 485.2 503 513.5 515.1 513.4 514 509 499.7 487 477 473 460.5 453 444.3 434.9 429.9 426.7 418.7 413.2 415.1 417 423.2 418.2 424.1 428.7 430.8 433 432.7 434.7 439.3 442.1 444.1
173.3 173.3 173.3 173.3 173.3 173.3 173.3 173.3 173.3 173.3 173.3 173.3 173.3 173.3 173.3 173.3 176.8 183.2 203 219.7 240.2 259.7 280.3 292.5 298.8 293 290.5 296.4 308.6 328.8 343.7 353.2 359.9 373.6 386 388.1 395.1 400.8 413.3 429.5 440.3 447.8 448.3 456 471 485.4 500.5 515 522.6 523.7 527.1 529.4 528.5 517.1 500.1 496.4 490.2 478.8 471.1 466.4 456 448.8 447.1 445.6 437.5 430.4 426.2 422.3 428.7 430.8 437.5 441.1 443.4 444.2 446.4 449.4 454.1 457.7
173.3 173.3 173.3 173.3 173.3 173.3 173.3 173.3 173.3 173.3 173.3 173.3 173.3 173.3 173.3 174.8 183 192.3 210.3 227.4 244.5 262.6 278.1 293.5 305.3 305.7 306.2 308.1 324.8 341.1 350.9 358.4 370.9 386 391.6 396.5 407 426.6 443.3 451.1 455 469.4 479.4 478.2 486.1 503.4 516.5 525.6 535.3 541.5 546.5 546.9 547.6 538.2 525.4 515.1 508.6 496.2 489.8 481.7 474.8 465.3 460.8 463.1 461.7 453.3 445.8 441.3 444 442.3 444.1 446.7 450.3 453.2 456.7 460.7 466.1 475.1
173.3 173.3 173.3 173.3 173.3 173.3 173.3 173.3 173.3 173.3 173.3 173.3 180.6 180.6 185.8 191.6 196.8 208.8 220.7 235.1 251 267.5 277.8 292.8 305.1 313.3 315.9 320.3 339.6 350.3 355.2 366.2 378.4 390.7 397.6 406.2 430.6 452.8 463.9 469.5 479.4 497.4 508.7 510.2 511.8 524.2 535.5 548 561.9 569.7 578.4 578.5 569.6 567.1 548.7 542 531.8 523.5 518.5 509.6 494.1 483.4 478.9 481.4 478.9 473.1 462 458 458.5 455.1 454.5 458.9 462 466.6 470.2 477.4 484.3 490.9
173.3 173.3 173.3 173.3 173.3 173.3 173.3 173.3 173.3 173.3 173.3 184.1 197.2 211.9 222.8 220.3 229.8 244.4 241.8 247.5 253.9 269.4 283 296.7 305.3 317.9 324.3 329.7 346.1 355.9 360.6 375.9 390 397.4 404.2 422.6 443.8 466.1 474.4 487.1 509.3 527.6 537.6 545.6 556.3 560.9 572.6 584.2 592.6 599.4 608.8 611.9 603.2 593.2 584.4 579.3 564 553.5 544 536.8 528.7 517.2 510 507.7 500.8 489.6 483.2 476.7 475.9 474.9 477.3 472.4 473.8 479.6 484.6 490.8 499.3 507.5
173.3 173.3 173.3 173.3 173.3 173.3 173.3 173.3 173.3 173.3 184.4 198 229.3 243.6 252.6 260.9 266.3 270.3 272.6 269.2 269.6 274.6 290.1 300.6 311.2 321.4 328.7 336.5 349.8 359 369.2 383.9 396.1 400 417.6 437.5 455.6 473.9 492.2 516.5 535.5 553 564.4 573.5 577.8 585.8 594.9 604.2 609.6 613.4 616 616.2 620.6 614 609.5 601.2 593.9 581.2 571.7 559.8 554.1 554.1 548.6 533.5 522 509.6 505.3 496 493.8 492.2 488 492 492.4 495 500.3 511.2 518.9 527.5
173.3 173.3 173.3 173.3 173.3 173.3 173.3 173.3 173.3 180.3 200.9 221.3 247 259.3 271.1 280.1 289 292.2 289.6 291.7 286.9 290.4 300.7 307.8 314.2 321.8 331.5 338.7 349.5 363.8 374.2 387.4 399.3 406.2 432.4 447.7 469.4 488.6 509.1 528.5 547.6 566.6 579.2 587.4 601 614.1 614.1 612.2 616 622.3 623.4 621.3 625.2 626.6 617.5 611.3 609.6 601.4 595.6 581.2 577.9 573.6 566.4 560.7 547.6 531.7 522 517 513.1 508.5 507.1 509.1 515.4 516.6 520.5 531.4 539.5 550
173.3 173.3 173.3 173.3 173.3 173.3 173.3 173.3 175.3 194.6 218.2 241.9 260.3 272.7 284.6 294.6 305.6 314.2 317.9 310.4 304.9 299.2 308 314.5 317 323.3 331.7 338.3 349.7 367.9 378.1 391 401.8 416.6 439.7 453.7 476.6 495 514.2 530.9 548.1 564.8 578 594.3 602.8 612.2 611.8 613.7 616.8 622.2 625.1 627.1 628.1 632.4 624.4 619.3 611.8 604.9 604 599.2 603.5 597.3 588.9 579.6 569 553.1 537.7 537.1 531.8 528.8 526.3 524.4 526.9 535.5 543.1 549.2 560.9 574.1
173.3 173.3 173.3 173.3 173.3 173.3 173.5 175.6 188.4 208.3 231.4 252.4 271.7 285.5 298.9 305.4 322.3 329.8 330.1 333.6 322.9 313.8 312.5 318.8 321.5 324.4 330.6 339.2 351.4 368.3 381 392.1 406.2 423.5 440.4 459.2 478.4 496.3 514.3 530 546.6 562.3 578.9 590.2 598.2 606.5 610 614.1 616.5 620.5 626 628.5 628.7 629.4 626.7 621.2 611.8 609.5 609.2 610.4 611.6 610.5 604.4 593.7 581.7 573.5 557 550.2 548.3 549 546.9 543.6 546.7 550.1 559.7 568.9 582.9 600.3
173.3 173.3 173.3 173.3 173.3 174.4 176.3 179 202.3 219.8 238.6 259.3 277.4 293.3 307.8 318.3 338 351.2 351.2 351.4 344.4 330.7 324.9 320.8 328.3 327.3 331.9 342 351.4 366.4 380.5 391 408.6 423.3 439 460.1 477.7 495.8 513.1 526.3 543.5 560.5 575.5 584.9 592.3 599.9 605.7 610.8 613.8 619.1 622.1 624.3 627.2 624.5 622.7 619 614.5 609.8 609.3 615.2 616.7 614.7 614.4 612.4 600.9 589.7 585.3 574.7 569.3 566.2 562.2 563.9 570.1 579.8 584.8 593.8 609.6 622
173.3 173.3 173.3 174.1 174.6 176.8 177.8 185.7 210.2 225.4 247.5 267.1 282.7 300.5 315.6 329.2 352.4 362.8 364.7 365.1 358.8 348.4 335.3 327.4 330.9 332.6 338.6 344.4 353.5 364.1 378.6 390.2 406.8 420 438.1 458.6 475.2 491.3 506.9 522.3 541.4 558.7 572.2 580.8 587 593.1 599.7 606.2 610.6 616.3 617.6 619.6 621.7 619.7 616.6 616.1 610.1 609.4 610.5 617.9 622.8 621.1 624.1 623.4 616.9 611.8 606.5 597.9 589.1 585.3 584.9 585.7 591.6 604.5 616.5 622.7 628.8 639.7
173.3 173.3 175 176.9 178.6 182.9 183.3 199.6 213.6 226.9 250 271 286.1 305.6 322.1 343.6 356.3 365.4 372.1 376.7 370.8 362.5 341.7 336.6 339.9 342.5 343.2 348.8 355.3 363.7 378.1 391.2 406.6 419.4 436.6 455 470.9 487 503 520.2 539 556.5 569.1 576.7 583.1 588.5 594.3 599.5 606.6 611.1 612.7 612.7 613.5 612 609.3 611.1 612.3 611 614.2 616.3 619.8 623.5 633.8 629.9 627.6 621.7 616.1 614.4 612.4 610 610.1 614.2 625.9 635.2 637.1 639.2 641.9 653
173.3 173.3 174.8 177.3 180 186.4 189.8 206.3 218.5 234.1 249.9 271.3 287.4 308.2 329.5 349.2 362.9 370 377.4 382.7 380 382 365.1 346.8 349.3 346.6 348.7 352 358.4 364.7 377.8 390.3 404.3 419 435.6 451.2 466.5 484.4 500.4 519.4 537.4 554.4 565.2 573 580.4 585.9 589.8 595.8 601.2 604.9 604.7 605.5 605.9 604.8 598.2 607.9 608.1 610.3 611.9 614.1 613.2 619.9 628.4 626.8 628.4 636 630.1 630.9 633.9 634.1 630.5 640.4 645 653.7 651.4 650.8 652.4 662
173.3 173.3 175.2 182 191.2 179.1 194.6 210.1 227.5 240.7 259 269.1 291.2 312.6 330.9 350.5 365.1 374.3 381.1 389.2 392.1 392.8 385.7 361.2 352.4 355.2 352.7 359.1 363.9 369.1 378 390 402 414.9 433.5 448.7 465.5 481.3 499.3 518.8 535.5 550.4 562.5 572.2 578.2 582.3 587 591.7 595 597.1 596.1 598.2 598.9 599.6 594.6 597.6 603.8 608.8 611.9 614 613.8 619.1 625.6 630 632.6 640 645.3 652.1 661.1 660.4 667.3 671.7 668.7 666.8 665.1 659.9 659 667.1
173.3 173.3 177 189.5 193.5 195.4 188.8 214.7 231.1 244.5 262 274 287.7 310.1 328.6 348.7 364.2 376.6 385.3 396.1 402.3 399 392.5 378.7 362.1 365.8 358.6 363.6 368 373.3 380.3 390.4 400.1 414.4 432.3 448.5 463.3 480 499.5 517.6 533.2 546.9 558.7 568.2 574.4 579.1 584.1 586.9 589.4 589.7 589.3 589.6 590.5 591.7 593.7 590.1 598.4 606.3 611.6 613.9 621.7 629.8 640.1 645.7 649.3 651 662.2 673.4 682.2 690.3 688 684.2 680 674.1 667.3 663.3 662.1 667.9
173.3 178.5 185.2 196.6 199 198.3 201.4 207.5 231.7 247.3 261.9 277.3 291.8 304.2 323.8 342.7 361.2 376.2 385.7 398.3 404.3 398.2 394.7 388.5 381.7 381.8 377.6 369.5 374.8 376.9 382.4 390.3 399 412.9 431.2 446.6 460.9 478.5 498.3 517.4 531.7 544.5 556 564.4 570.5 575.3 578.8 581.6 582.3 582.2 580.9 580.6 580.4 583.8 583.5 587 592.4 605.2 610.5 616.5 621.2 630.7 639.6 651.1 655.5 665.8 672.7 683.6 691.9 693.4 691.1 685 679.7 672.1 664.6 660.4 662.6 666.9
174.9 184.5 194.4 204.9 205.9 207.5 210.1 213.1 229.6 249 261.7 278.7 290.2 302.8 319.4 335.3 354.9 370 381.4 395.6 403.2 400.5 400.4 399.4 395.3 393.7 390.3 382.7 377.9 382.1 386.5 393.8 398.9 412.8 429.7 445.6 459.8 477.4 497.7 515.6 530.3 542 551.3 559.7 566.8 571.6 574.5 575.5 574.4 573.3 573.8 573.5 577.2 576.6 579.7 582.1 587.2 599 608.9 615.6 623.3 631.4 639.3 651 659.4 674.8 681.9 685.7 688.4 688.8 687.8 682.6 674.9 669.3 664 657.7 660.1 663.6
180.9 189.5 201.5 212.2 211.2 211.9 215.2 218.2 225.3 246.8 259.6 276.1 290.4 302.5 317.3 331.3 347.3 362.4 377.8 391.4 400.8 402.3 404.8 402.3 398.1 399.3 397.2 398.3 387.6 386.8 391.2 394.7 399.6 411.3 421.8 439.8 456.6 475.3 494.9 512.1 525.5 536.9 546.4 554.4 561.4 567 567.3 565.6 564.1 564.9 566.5 568.4 572.5 574.6 580.9 579 585.9 591.9 603.4 614.2 623.6 633.9 642 655.2 668.6 676.6 681.2 682.6 682.7 682.2 680.2 677.4 670.9 663.3 659.1 655.1 657.3 660.3
189.3 195.2 208.4 215.1 221.2 217.6 222.6 221.5 226.3 240.4 256.7 272.1 288 299.9 314.4 327.6 340 355.5 370.8 384.5 394.6 403 409.2 403 401.4 401.4 404.6 403.9 399.9 395.9 393.7 396 404 415.5 429.8 443.4 455.1 471.1 488.6 506.1 518.9 531.2 540.5 548.2 554.5 557.9 555.1 552 549.1 557.8 560.3 561.1 568.3 571.7 577.8 579.9 588 588.7 599.6 610.8 621.8 632.9 642.7 656.8 666.5 674.2 676.7 677 676.1 674.8 672.4 668.8 664 657.2 651.9 650.9 652.4 653.7
193.5 201.8 213.7 222.7 223.2 225 230 231.9 230.8 239.8 252.9 268.2 283 296.4 309.5 323.1 334.8 348.1 362.3 375.3 386.6 397.7 407.7 403.8 402.8 404 410.5 408 409 406.1 399.2 398.8 404.8 416.3 430.9 444.1 458.6 472.4 485.9 500.2 512.4 523.3 533.9 541.3 544.5 540.2 534.6 529 542.6 557 559.7 562 569.1 569.7 577.5 580.8 586.7 596 604.9 612.3 624.3 634.3 645.2 652.9 662 667.3 670.6 671.2 669.3 666.3 662.6 655.8 650.8 646.9 644.6 642.7 644.5 646.8
199.8 208 219 225.9 228.6 237.6 241.2 242.6 240.8 235.4 246 262.7 277.6 291.2 305.1 316.7 328.1 340.2 351.2 365.6 376.6 389.1 399.1 402.2 403.4 405.9 412.3 412.3 411.9 409.5 405.8 403.2 404.9 415.1 430.2 442.4 456.2 468.7 480.1 491 501.1 513.5 523.8 529.9 525.5 517 510.7 529.5 549 555.5 557 561 564.9 570.3 579.3 580.9 590.4 600.1 608.7 617.5 629.5 638.8 646.1 652.1 657.6 660.6 662 661.7 660.1 657 652.8 645.3 638.2 634.1 630.4 629.1 633.1 637.7
206.1 218.1 226.7 231.5 238.3 248.6 249 251.5 247.5 246.8 238.9 254.5 268.8 283.2 297.2 309 318.5 330 341.5 353.9 366.6 377.9 388.3 397.3 398.8 406.5 415.2 414.4 414 415.4 410.4 406.3 408.5 418.6 426.5 438.8 450.7 461.8 472 481.2 490.6 500.2 508.4 507.8 499.3 503.3 522.6 539.4 549.7 555.3 555.6 558.8 563.5 569.9 578 584.6 593.2 603.1 612.8 624 633 640.5 645.5 650.1 653.4 654.9 654.2 652.1 647.6 642.2 638 632.6 627.3 623.7 618.7 618 624.5 633.6
214.7 226.8 238.1 245 256.2 260.8 263.7 262.8 257.5 255.6 253.3 241.5 259.6 273.5 286.9 297.9 308.1 320.2 330.1 343.1 353.6 365.3 378.5 389.3 395.1 404.7 413.7 411.6 413.3 415.9 414.1 410.4 410.6 417.5 425.3 434.4 443.4 451.8 461.6 469.8 478.1 485.4 491.7 478.8 497.9 517.2 530.5 541.8 550.3 557 558.7 559.9 565.7 571.6 581 589.5 597.2 607.7 617.8 625.5 632.3 639.2 644.6 647.4 648.8 649.3 646.4 641.6 637.6 632.4 627.8 623.3 616.9 614.9 610.2 612.9 622 628.3
226.3 238.5 244.2 255.4 266 270.6 273.4 271.9 266.3 264.2 263.4 257.6 245.3 260.4 276.1 287 297.1 307.1 319.1 333.3 344.8 355.8 369.5 380.3 389.7 400.1 404.2 404.1 407.2 410.3 411.4 411.6 412.7 415.3 421.8 429.9 436.4 442.6 450.8 458.7 464.1 471.1 471.5 480.6 503.6 518.6 532.3 542.6 551.8 558.6 561.9 564.7 569.3 577.5 584.5 594.9 604.8 613.1 619.4 624.5 629.5 634.9 640.1 643.3 644.2 641.6 639.3 630.9 625.4 623.5 619.2 614.6 609 605.9 603.5 611 620 626.4
235.7 245.1 250.6 264.3 267.2 276.6 280.2 279.6 275.6 273 273.2 269.6 267.4 253.7 259.2 276.1 286 297.1 308 324 335.8 347.1 359.8 371.9 381.5 389.4 393.7 395.4 397.4 399.4 401.5 403.9 405.1 407.5 413.6 420.6 426.1 429.9 436 436.2 441.2 449.9 459.2 474 496.6 511.6 527.8 540.8 551.4 558.8 564.7 569.5 574.8 581.3 588.6 596.5 604.2 611.4 617.2 621.9 626 629.7 634.7 637.8 637.2 635.3 631.2 622.6 616.3 612.8 610.4 605 601.2 597.2 602.6 611.1 617.1 623.4
244.3 251.5 258.3 262.9 275.4 284.7 288.2 289 283.3 282.5 280.6 279.4 279.4 274.2 261.4 258.8 276.4 287.9 297.3 313.7 326 337.8 348.5 360 367.8 375.5 379.4 380.6 382.2 384 386.2 387.7 389.7 392.3 399.7 404.9 408.4 417 431.3 445.4 456.6 465 476.7 484.3 478.8 497.6 515.2 535.5 547.5 557.1 564.3 570.5 576 581.3 587.7 594.1 601.7 608.2 614.7 619 622.6 626.1 629.5 632.7 632 630.8 626 616.4 609.7 602.9 599.7 596 593.7 595.7 602.9 608.7 613.9 619.8
249.9 258.8 266.7 276.3 284.7 291.9 296.7 294.8 290.7 288.3 288.4 287.7 289.1 287.6 282.1 272.1 257.2 270.8 285.2 300.6 313.2 323.5 334 343.7 352.1 358.7 361.6 363.4 366.4 367.2 371.2 373.4 373.2 373.1 380.9 391.3 412.2 429.3 443.2 456.5 469.6 479.8 489.3 499.6 505.2 505.8 514.1 526.3 545.1 554.2 563.4 570.1 575 580.3 585.2 590.1 597.9 605.3 611.6 616.3 619.8 623.3 625 627.7 629.4 627 622.5 612.6 597.9 590 587 584.1 585 592.5 599.8 606.2 611 617.4
256.9 266.7 275.6 286.8 295.1 300.6 302 301.6 299.8 295.9 295.1 296.3 296.5 294.9 291.9 289 281.2 278.8 271 287.1 297.6 307.8 316.3 326.4 334.6 340.3 344.4 347.9 350.1 349.2 353.3 350.7 365.9 374.9 389.1 405 420.2 434.9 447.9 465.2 479.2 490.3 501.7 512.1 519.1 521.4 532.4 533.9 543.6 554 561.7 568.1 573.6 577.9 583.2 588.2 594.3 602.4 609 613.7 616.7 619.3 621.7 622.6 624.4 623.2 619.1 610.7 596.3 584.2 577 574 580.4 586.8 594.7 601.4 607.5 613
