app/static/ascii/NC63.asc
ncols 200
nrows 200
xllcorner 260000
yllcorner 930000
cellsize 50
[rows 140 to 174 of 200, columns 79 to 157 of 200]
325 325.5 326.7 329.6 332.9 337.5 341 342.3 339.3 327.9 318.6 299.6 283.2 269 255.8 238.5 227.7 219.6 215.3 204.3 199.4 197.1 194.7 196 196.8 196.9 197.8 197.4 199.1 200.1 202.4 204.2 206 206.4 205.6 205 206.7 206.7 208.1 209.8 213.8 217.3 219.8 223.8 228.5 231.3 235 239.6 246.9 251.4 249.2 239.5 228.3 217.6 207.4 197.5 187.3 179.3 168.9 162.2 159.3 157.1 155.5 154.1 152.6 150.8 149.9 148.4 146.9 147 146.6 146.7 146.9 147.5 147.4 147.1 146.8 146.3 145.6
321.7 322.4 324.2 327 331.7 335.7 339.3 341.2 337.2 325.5 308.1 293.6 281.2 261.9 250 234.6 223.5 217.1 210.2 203.6 200.6 196.9 195.5 197 197.9 198.1 198.4 199.5 199.6 200.6 201.5 204.3 206.2 206.4 206.3 205.3 204.1 205.2 206.1 207.3 210.4 213 215.8 218.7 224.7 229.4 232.4 237.4 243.1 246.7 246.5 240.3 227.3 216.7 208.3 196.1 186.2 177.5 167.1 161.5 159.7 158.5 156.9 155.1 153.5 151.2 149.4 148.4 148.2 147.7 147.3 147.3 147.5 147.8 147.7 147.4 146.8 146.1 145.4
316.3 317.8 318.9 321.5 327.4 330.9 336.5 340.2 337.4 325.9 306.4 286.5 272 257.3 244.4 231 221.5 215.8 209 205.9 200.7 198.6 197.8 198.9 199.2 199.5 199.9 200.3 201.2 200.8 201.3 204.1 206.3 206.3 206.3 205.4 204.1 204 204.3 204.6 207.1 209.5 211.4 214.9 219 224.6 229.3 234.4 237.5 240.1 239.8 235.7 223.6 215.3 202.2 191.1 182.2 175.5 166.6 161.2 159.7 159.3 158.6 156 154.2 152.5 151.1 149.8 149 148.4 147.9 147.9 148 147.9 147.8 147.3 146.6 146 145.3
310.1 311.3 311.4 314.1 319.7 326.1 333.3 339.5 333.9 321.7 302.7 281.7 266.5 254.7 241.8 227.2 219.4 212.4 208.3 204.9 202.1 199.9 199.3 200.1 200.7 200.9 201.2 201.6 202.6 202 202.3 204.3 206.1 206.3 206 204.4 203.2 201.7 203 202.7 202.9 205.1 206.7 209.4 214.1 218.7 224 227.5 229.4 229 225.4 220.8 216.3 205.5 194.9 186.6 179 171.3 165.9 161 159.9 159.2 158.3 156.6 155.6 153.8 152.1 150.9 149.8 149.1 148.5 148.4 148.2 148 147.6 147.1 146.4 145.7 144.9
305.2 304.4 303.9 303.8 311.1 319.7 329.3 335.1 329.1 316.3 298.3 280.7 263.2 251.2 239 228.2 218.4 212.7 208.8 206.5 204.1 201.2 200.7 201.4 201.7 202.4 202.7 203 203.9 203.9 204.9 205.3 206.1 206.1 204.8 203.3 202.1 200.2 200.7 200.5 200.1 199.7 201.5 203.4 208.5 213.8 218.1 221 221.8 220.1 218.4 212.8 207.6 200.3 191.1 183.1 176.8 169.4 163.5 160.9 159.7 159.5 159.1 158.3 156.7 154.9 153.1 151.7 150.7 150 149.3 148.5 148.3 147.9 147.4 146.8 146.1 145.3 144.7
299.6 298.4 297.5 297.7 302.7 312.8 324 329.8 323.3 310.9 290.3 275.1 260.5 248.9 238.5 228.6 218.9 215 211.4 208.6 206.1 203.2 203.6 204 204.3 204.9 205.1 205.4 205.9 206.3 206.3 206.3 206.3 205.3 203.8 202.2 201.2 197.7 198.2 197.9 197.4 195.3 195.3 197.9 203.2 206.6 210.7 213.5 214.9 214.2 212.2 207.1 201 194.1 186.4 179.6 172.5 166.8 163.3 161.3 160.3 160 159.7 158.8 157.5 155.9 154.1 152.3 151.5 150.7 150 149.4 148.4 147.7 147.2 146.5 145.7 145.3 144.9
295 293.5 291.9 293 296.2 303.9 314.8 320.7 313.7 299.7 283.6 273 261.3 248.9 238.5 225.4 218.4 215.1 212.6 210.5 208.1 205.8 206.3 206.4 207 206.5 206.5 207.2 207.7 207.6 207.5 207.5 207.1 205.5 203.8 202.1 200.7 198.7 195.4 195.3 194.3 192.8 192.6 193.3 197.5 201.7 205.1 207.2 207.5 206 203.7 199.9 193.7 187.1 182.5 176.9 170.5 165.4 163.4 161.4 160.7 160.4 160.1 159.3 158.5 157 154.8 153.2 152.3 151.5 150.9 150.3 149 148.2 147.6 146.9 146.1 145.4 145.1
293.5 290.6 290 289.1 291.5 296.1 304.5 308 306.6 294.4 277.1 267 257.6 243.1 234.8 226.4 219.2 215.9 214.4 212.5 210.2 209.4 208.8 210.2 211 209.8 209.3 209.3 209.3 209.1 208.8 208.6 208.4 206 204.3 202.3 199.7 197.8 191.9 191.3 191.2 190.9 191.3 191.9 192.3 195.7 199.6 201.8 201.9 201.8 197.7 194.2 190.7 184.4 180.9 175.4 170.5 165.5 163.3 161.4 160.9 160.7 160.5 159.8 159 156.8 155.5 154.1 153.3 152.5 151.9 151 149.5 148.8 148.1 147.5 147.9 146.3 144.3
295.1 290.4 286.7 286.2 285.6 289.2 292.7 295.7 292.8 283.1 271.1 259.5 252.9 244.1 231.9 224 219.5 218.3 215.6 213.1 212.2 212.4 212.8 213.1 213.1 212.6 212.1 211.3 211.2 210.7 210.3 210 208.9 206.5 204.8 202.3 199.2 197.3 191.8 189.3 189 189.3 190 190.5 191.1 192.1 196.4 198.1 198 197.5 195.5 193.3 190.1 185.2 179.9 174.5 170.2 165.9 163.5 161.5 161.1 160.8 160.4 159.6 158.6 156.5 155.6 154.7 153.9 153.3 152.5 151 150.4 149.2 148.7 148.6 148.5 145.9 144.1
302.6 295.7 289.9 284.9 280.4 282.5 283.4 283.5 279.7 274.1 266.3 255.6 249.2 240 229.8 225.3 221.1 219.1 216.9 214.2 214.7 215.2 215.1 214.8 214.5 213.8 213.2 212.8 212.4 212.2 211.7 210.4 208.8 206.4 204.9 202.1 199 196.5 190.5 186.9 186.8 187.5 187.9 188.3 188.8 189.9 193.2 194.6 194.5 195.3 193.8 191.8 189.1 183.4 178.1 173.4 169.7 165.7 163.2 161.9 161.1 160.6 160.1 159.3 158.1 155.9 155.3 154.7 154.1 153.7 152.7 152 151.5 151.1 150.2 149 148 146.2 144.6
307.3 300 292.8 286.4 280.5 277.1 274.5 273.5 272 268.6 258.6 250.5 244.8 237.5 230.5 227.1 223.3 218.9 217.9 217.3 217 216.9 216.7 216.3 215.8 214.6 214.1 213.5 213 212.7 211.8 210.5 208.5 206.4 204.6 201.6 198 195.9 189.5 185.9 184.7 185.4 185.7 186 186.6 187.1 189.3 189.9 190.8 192.4 192.4 190.6 186.2 180.7 176.5 171.6 168.3 165.3 162.9 161.9 161 160.3 159.3 158.1 156.4 155.7 155 154.4 153.8 153.1 152.6 152.1 151.7 151.3 150.2 149.1 148 146.6 144.5
312.6 302.5 295.9 288.2 280.7 270.9 266.4 265.6 263.9 259.4 249.1 244.5 242.6 236.4 231.9 226.9 221.3 220 219.5 218.9 218.4 218.3 218.1 216.9 216.2 215.1 214.4 213.8 213.3 212.6 211.7 210.2 208.3 206.3 204.3 201.8 196.9 194.9 189.3 184.4 182.1 182.5 183.1 183.7 184.1 184.3 185.1 186.3 188.2 190.5 190 186.5 180.8 178.1 173.5 169.8 167.2 164.7 162.6 161.8 160.9 160.1 158.5 156.7 156.1 155.4 154.7 154 153.4 152.9 152.5 152.1 151.7 151.2 149.9 149.2 149.2 146.4 144.4
321.4 307.5 299.5 289.2 280.3 271.1 263.5 258.9 256 250.8 246.7 241.5 236.2 233.1 231.4 230.8 223.2 221.5 221 220.5 219.9 219.8 218.7 217 216.1 215.4 214.7 214.1 213.4 212.6 211.5 209.7 207.8 205.9 203.3 200.6 196.9 194.5 188.3 183.3 180.7 179.7 180.6 181.5 182.2 182.3 182.3 182.8 184 185.6 183 179.9 177.8 174.3 170.8 168.1 166.2 164.5 162.9 161.8 160.9 159 157.5 156.7 155.9 155.1 154.4 153.7 153 152.6 152.3 152.1 151.6 150.7 149.8 148.9 148.1 145.9 144.9
325.5 314.9 302.6 290.2 278.9 271.5 263.9 258.8 249.1 246.8 244.3 239.7 234.4 232.9 231.9 230 225.7 223.1 222.5 222 221.5 220.6 219.3 217.2 216.2 215.4 214.7 214.1 213.4 212.5 211.3 208.8 207.1 205.2 202.3 199.5 196.7 193.3 188.7 183 179.8 178.5 179.9 180.2 180.4 180.5 180.5 179.7 178.8 178.8 178 175.4 173.9 170.6 168.7 167.2 166.1 164.9 163.3 161.3 159.8 158.3 157.2 156.4 155.6 154.4 153.9 153.4 152.6 152.1 151.9 151 150.5 149.9 149.7 147.4 146.9 146 147.3
326.1 313.6 299 289.3 282 271.5 264.3 257 250.3 244.8 240.8 236.3 234 233.6 230.6 227.7 224.7 224.2 223.8 223.1 222.3 221 219.1 217.4 216.5 215.6 214.8 214.1 213.4 212.4 210.2 208 206.4 203.9 201.5 199 196.4 192.2 189 182.6 178.9 175.8 178.4 178.6 178.8 179.1 178.7 176.7 175 174.8 172.5 170.7 168.9 168 167.3 166.7 165.7 164.8 163.2 160.6 159.2 158.1 156.8 156.1 155.2 153.8 153.6 153.6 152.6 152.6 151 152.2 151.8 150.7 149.5 148.2 147.5 148 148.7
323 307.6 298.6 289.8 279.9 271.8 265.4 256.5 247.9 244.4 237.9 234 233.7 232.2 226.3 225 224.3 224.4 224 223.4 222.3 221 219.4 217.7 216.7 215.7 214.9 214.1 213.1 211.8 209.1 207.1 204.7 202.1 200 198.1 195.9 190.8 188 182.1 177.2 175.5 176.7 176.9 177.1 177.3 176.9 175.2 173.3 171.7 169.8 168.4 167.4 166.9 166.4 165.8 165 164.4 162.3 160.2 159.1 157.7 156.4 155.2 153.4 153.4 153.2 153 152.8 151.1 151.3 152.3 151.9 150.8 149.8 148.5 148 150 150.1
317.6 305.5 294.8 284.9 278 271.5 262.2 255.6 245.6 239.3 234.1 231.3 231.5 226.5 225.5 224.6 223.9 224.1 223.6 222.9 222 220.7 219.5 218.1 216.8 215.6 214.3 213.3 212.2 210.3 208 205.2 202.2 200.1 197.6 195.1 192.8 188.2 185.2 180.4 175.4 174.2 173.9 174.6 175 175.5 175 173.9 172.2 170.5 169.1 167.8 166.4 166.1 165.5 164.9 164.4 163.4 161.2 159.4 157.4 155.3 154 152.3 153.5 153.5 153.5 153.3 152.9 152.7 152.9 153 152.5 151.6 150.7 149.2 149.1 150.7 151.1
316.4 305.4 295.4 286.8 276.6 272 262.6 253.9 243.6 236.1 234.3 229.9 224.5 225.1 224 223.5 223.4 223.2 223 222.3 221.4 220.1 219.1 218.1 216.6 215.2 213.6 212.5 211 208.9 206 202.7 199.7 197.1 194.6 191.6 188.1 184.2 181 177.2 173.9 171.9 171 172.2 172.8 173.2 173 171.9 170.3 168.8 167.5 166.6 165.5 165.2 164.7 164.2 163.7 162.5 160 158.5 156.5 154 153.8 153.9 153.7 153.5 153.5 153.6 153.3 153.3 153.3 153.4 153.1 152.4 151.5 150.7 151.7 151.9 152.2
317.5 307.9 297.7 286.4 276.9 267 263.9 252.7 243.1 236.1 233.5 230.3 227.1 224.1 220.6 219.6 220.8 222 221.8 221.5 220.7 219.9 219.1 217.9 216.3 214.7 212.8 211.4 209.6 207 203.9 200.9 197.1 194 191.3 188.7 185.1 180.4 176.5 172.7 170.9 169.6 168.2 169.7 170.6 171 170.6 169.7 168.3 167.2 165.8 165.5 165 164.4 164 163.6 163 161.6 158.7 157 155 153.9 154.6 154.4 154.3 154.1 153.8 154.1 153.8 153.7 153.7 153.8 153.2 152.7 151.6 151.5 152.4 153.1 153.4
319.2 308.1 300.1 290 279.2 269.7 261.3 251.9 245.3 236.3 233 230.3 227.8 224.5 223.3 221.8 220.8 219.3 220.5 220.2 219.9 219.1 218.4 217.5 216.1 214.3 212.2 210.4 207.7 204.6 201.4 197.2 193.1 190.4 188.4 185.3 179.4 174.9 172.4 170.3 169 168.1 166.9 168 169 169.4 168.6 167.5 166.6 165.9 165.1 164.6 164.2 163.4 163 162.9 161.6 159.8 156.9 155.3 154.4 155.2 155.1 154.9 154.8 154.6 154.4 154.8 154.3 154.2 154.1 153.8 152.8 151.5 153 153.4 154.2 154.7 154.2
319.5 307.1 296.8 286.6 274.4 267.4 260.5 252.4 243.9 236 232.3 228.9 225.8 224.5 223.4 222 220.5 218.5 217.5 218.6 218.5 218.1 217.4 216.5 215 213 210.6 208.2 205 201.5 197.9 193.5 190.4 188.2 184.1 179.2 174.1 171.9 171.2 170.1 168.9 167.9 167.2 166.3 167.1 167.6 166.7 166.1 165.4 164.8 164.3 163.8 163.6 162.3 161.6 161 160.9 157.6 156 153.4 155.5 155.6 155.5 155.3 155.2 155.1 155 155.1 154.9 154.7 154.6 153.9 153 152.7 153.4 153.8 154.6 156.3 155.7
318.5 306.9 296.5 282.8 272.9 264.9 255.6 248.8 241.7 235.5 231.1 226.9 225.1 224 222.9 221.9 220.3 219.2 217.6 215.3 216.7 216.3 215.4 214.1 212.4 210.1 207.7 204.5 201.9 198.3 194.1 190.5 188.2 184.6 180.1 175.8 172.6 170.7 170 170 168.8 167.8 166.8 164.7 165.9 165.8 164.9 164.1 164 163.3 161.5 163.4 162.7 160.7 158.3 158.9 157.8 156.2 154 155.9 156.3 155.9 155.8 155.7 155.6 155.4 155.2 155.3 155.2 155 154.7 153.8 153.1 154 155.6 155.4 154.9 156 156.5
317.6 307.2 290.4 281 272.7 263.9 252.2 244.5 239 234.4 229.3 225.7 224.4 223.4 222.4 221.3 220.3 218.8 217.1 214.6 213.4 213.9 212.7 211.2 209.7 207.1 204.2 201.3 199.2 195.3 190.8 187.9 185.2 181.9 178.2 175 171.8 170.8 170.2 169.5 168.7 167.7 166.4 164.5 163 162.8 162.7 161.8 161.4 160.2 158.8 157.5 156.4 157.6 155.9 155.8 154.8 155 156.5 156.6 156.5 156.2 156.2 156.1 155.9 155.6 155.5 155.5 155.4 155.2 154.9 154.3 153.7 152.7 156 156.9 155.8 156.4 157
313.7 301.9 291.5 280.7 270 260 252.6 243.1 235.9 231.6 225.8 224.6 223.5 222.6 221.6 220.5 219.2 217.6 215.8 213.8 209.6 211.4 210 208.8 206.5 203.3 200.2 198.3 195.3 192.1 188.7 185.9 182.7 179.5 177 173.7 171.7 171.1 170.2 169.3 168.6 167.5 165.9 163.6 163.1 161 161.6 160.8 160.3 159.4 158.9 158.1 158.3 155.8 155.7 157.1 156.5 156.8 157.4 157.4 157.1 156.8 156.5 156.3 156.1 155.9 155.8 155.8 155.8 155.5 155.2 154.5 153.8 152.9 154.1 155.8 156.8 157.6 157.6
309.7 299.1 290.3 278.9 268.5 261.5 251.5 243.3 236 229 225.9 224.3 222.7 221.1 220.6 219.5 218.2 216.3 215.1 213 210.3 208.3 206.7 206.2 203.5 200.2 197 195.5 192 188.7 185.9 183.2 180 177.4 175.1 173 172.1 171.2 170.2 169.1 167.7 165.3 163.7 161.8 161.5 160.5 159.4 160.4 159.7 158.9 161.7 160.5 158.8 158.1 158.3 157.3 157.4 158.5 158.2 158.2 158.3 158.5 158.3 156.5 156.3 156.2 156.3 156.5 156.6 156.2 155.5 154.7 153.9 153.8 155.7 156.2 157.6 158.8 159.8
303 295.6 288.6 277.2 270.4 259.6 250.5 243 234.1 228.9 225.9 224.3 222.2 220.2 218.4 217.8 216.3 214.5 212.4 210.3 208.4 203.7 202.6 201.1 200 195.9 193.8 191.3 188.5 186.1 183.6 180.6 178.4 176 173.4 172.8 172.2 171.3 170.3 169.1 164.4 161.7 161.9 161.4 161.1 161.7 161.4 159.7 159.4 160.9 160.5 160.2 159.3 159 158.3 157.7 158 160 160.4 159 158.8 158.7 159.3 157.8 158.5 157.6 157 157.2 157.4 157.3 156.9 155.3 154.7 153.9 154.9 157 158.1 159 161.2
297.3 291.5 282.8 276.1 269.1 254.6 247.1 240.5 232.6 228.6 224.8 223.1 221.4 219.5 217.1 214.3 212.8 210.8 208 206.5 205.3 201 200.3 195.5 195 192.9 190.1 187.9 186.4 183.6 180.9 179 177 174.1 173 172.5 172.1 171.3 170.4 166.6 162.9 162.6 165.3 164.6 164.6 163.9 163.6 162.8 161.3 160 159.9 160 159.9 160 160.4 158.4 158.3 159.9 161.5 160.1 160.3 159.6 159.7 159.8 160.1 160 159.4 158.2 158.3 160.6 158.8 157.2 158 157.1 156.6 157.3 161.1 161.8 161.5
291.7 287.4 277.6 271.6 260.4 251.1 243 236.5 230.8 228.3 224.3 222 220.3 217.8 214.9 211.7 209 206.4 204 203 201.8 199.4 195.3 191.1 190 188.1 186.3 185 183.8 180.3 179.1 177.4 175.1 172.8 172.7 172.3 171.8 171.3 170.5 166 162.8 167 167.2 166.7 166.5 165.9 163.8 161.9 162.5 162 160.7 160.9 159.8 159 158.2 158.3 159 159.9 161.4 160.9 161.3 160.6 161 163.4 165.5 164.2 163.2 160.7 160 161.8 162.4 158.6 158.5 160.5 159 157 160.2 163.3 163.3
285.4 280.6 273.9 264.7 255.9 247.3 239.8 233.4 229.4 227.1 223.4 219.9 217.6 214.6 210.9 207.9 206.1 203.5 200.2 198.5 196.9 193.5 190.8 189.5 186.7 185.6 184.9 183 180.9 179.5 177.8 175.9 174.2 173 171.2 170.8 170.8 170.8 169 164 162.6 168 168.2 169.5 168.4 167 166.6 164.7 165.4 165.8 165.8 163.6 161 159.1 160 158.8 160.1 160.8 163.4 166 167.4 163.3 165.7 167.4 169.2 169.5 168.7 165.9 164.5 165 164.9 164.1 164.3 163.8 163.5 160.4 160.4 161.3 162.8
285.1 277.8 270.7 260 250.9 243.3 234.8 228.9 227.3 225.2 222.5 217.8 214.6 211.2 208.6 205.1 203.5 200.3 197.3 194.8 193.1 190.9 188.6 186.1 185.2 183.2 182.6 181.3 180.5 179.3 178.4 176.6 174.2 173.4 172.4 171.8 171 169.7 167 163.8 165.9 168.8 169.9 171 170 169 168.7 168.8 169 170.3 171 168.8 164.5 163 161 159.7 160.5 162.8 164.3 171.6 175.1 169.7 172.3 172.9 175 174.5 173.7 171 169.4 169.1 170.1 171.2 168.6 167.1 164.7 162.1 160.5 160.6 161.6
280.9 273.7 265.8 255.2 246 236.5 231.1 227.5 224.5 222.5 218.1 214.5 211.2 208.4 205.1 202.2 200.8 198.4 193.8 191.3 190.3 189 186.8 185.2 183.7 180.8 180.8 180.3 179.7 179 177.9 176.4 173.6 172.9 171.4 170.4 169.7 168.4 163.5 164.2 167.7 170.4 171.2 171.5 170.9 170.6 170.8 171 172.3 172.6 171.2 170.4 167.8 168.9 164.9 163.3 160.2 162.5 165.9 170.8 171.5 175.5 178.3 180.6 180.7 180.5 178.3 176.2 174.5 173.3 175.4 175.5 172.6 169 166.3 164.9 163.7 162.4 164.2
276.5 271.9 262 252 244.8 236.4 229.8 225.5 221.8 217.8 214.6 211.5 208.9 206 203.2 200.8 198.4 196.1 193 190.4 188.1 186.8 185.3 183.9 181.8 179.8 179.2 179 178.2 176.9 176.1 174 167.3 166.7 168.7 168.1 167.8 166.2 164.2 168.4 169.8 171 171.7 172 170.6 171.6 174 173.5 173.5 173.2 170.4 171.3 173.2 172.7 168.5 167.1 162.5 162 164.5 170.8 177 183.5 190.5 193.3 196.9 195.1 193.2 188 184.1 183.2 181.4 178.5 175.5 171.6 168.3 166.4 166.3 164.9 163.9
273.9 268.6 260.9 250.4 244.1 235.5 229.7 222.5 218.4 213.7 210.4 209.3 207.4 202.8 200.1 197.9 196.4 194.9 192.6 189.7 187.7 185.1 183.7 182.1 180.4 179.4 177.3 177.5 176.5 175.3 174.5 172.5 168.2 167.9 166.2 165.8 165.7 165.2 164.5 170.4 170.6 171.1 172.6 172.6 170.9 175 179.6 177.4 175.5 175.4 175.8 176.5 178.9 179.7 177 174.3 168.5 166.3 166.4 171.5 180.5 193.6 199.7 204.7 207.3 211.4 209 203.8 196.4 195.1 192 185.5 178.4 175.2 171.9 169.9 169.9 168.9 166.7
272.4 265.4 258.2 247.7 240.6 232 226.4 221 215.4 210.4 208 207.6 205.5 200.3 198.1 196.5 194.4 193.2 190.9 187.9 184.8 183 182.1 180.8 179.4 178.3 177.1 174.1 175 173.8 172.9 169.4 168.7 168.9 169 168.9 167.3 167 167.9 169.1 169.7 171.7 176.2 175.6 172.1 176.7 181.6 180.1 177.6 177.6 178.5 179.6 180.6 181.1 180.3 181.3 177.6 170.9 168.5 175.2 184.4 195 203.6 208.6 213.2 217.2 215.5 209.4 204.7 203.3 199.2 194.2 186.2 180 176.2 175.4 173.6 170.8 170.5
270.4 262 252.1 246.4 236.8 230 222 216.1 212.2 208.8 206.9 205.5 202.2 197.7 196.6 194.9 192.4 190.6 186.8 183.8 182.7 181.9 181.2 180.3 177.8 176.9 175.8 175.2 172.9 171.2 169.8 168.1 170.3 171.3 171.8 171.3 168.8 168.1 166.7 167.9 168.9 171 177.1 178.6 174.8 178.7 183.8 183.5 180.2 179.4 182.6 183.1 186.1 187.2 186.3 185.9 184.2 178 174.9 182 188.4 198.2 207.3 214 217.9 219.1 218.5 216.4 213.6 210.1 202.6 193.7 190.9 187.8 182.4 180.2 179 174.6 173.8
