app/static/ascii/NC64.asc
ncols 200
nrows 200
xllcorner 260000
yllcorner 940000
cellsize 50
[rows 105 to 139 of 200, columns 0 to 78 of 200]
159.8 157.6 154.9 153.6 151.7 148.7 146.3 141.2 139.3 136.5 136.8 133.6 131.3 129.2 129.5 128.1 127.7 125.4 121.9 120.5 118.1 116.1 114.8 111.8 111.8 111.8 111.8 111.8 111.8 111.8 111.8 111.8 111.8 111.8 111.8 111.8 111.8 111.8 111.8 111.8 111.8 111.8 111.8 111.8 111.8 111.8 112.5 116.3 118.9 120.4 125.6 125.6 125.5 121.8 118 122.4 126.1 125.6 126.8 127.3 128.9 124.9 124.1 124.2 123.4 123.3 128.3 133.6 132.1 132.1 130.4 130.1 131.1 131.6 132.3 132.9 133.7 134.1 134.6
153.5 151.6 150 147.1 147.3 141.8 139.9 137.7 134.2 131.4 129.7 126 125.9 124.2 126.2 124.5 124.1 121.8 120.5 117.3 116.2 114.3 115.4 111.8 111.8 111.8 111.8 111.8 111.8 111.8 111.8 111.8 111.8 111.8 111.8 113.9 113.9 112.6 116 115.8 113 113.7 113.3 111.8 111.8 111.8 120.6 120.4 120.6 121.8 125 125.7 125.1 125.8 123.9 121.6 121.3 125.6 125.7 128.3 131.1 130.8 124.7 125.2 128.5 127 126.9 130 131.7 131.7 131.3 131.2 132.7 132.3 132.7 133.2 133.8 134.4 135.4
146.8 146.8 142.6 141 140.7 138.8 135.1 132.7 129.6 124.1 123.2 119.9 119.3 120.1 120.4 119.4 121.9 118.7 116.2 114.9 112.1 111.8 111.8 111.8 111.8 111.8 111.8 111.8 111.8 111.8 111.8 111.8 114.2 113 115 119.2 118.6 116.4 116.4 118.8 118.5 118.8 118.9 118.7 122.9 121.4 121.7 122 123.3 125.9 125.2 126.1 124.9 124.7 128 129.7 124.8 122.9 125.1 126.9 127.5 128.9 126.1 130.9 129.9 129.2 127.2 129.2 131.8 131.7 131.6 131.7 131.9 132.1 132.6 133.4 134.2 135.2 136
139.6 141.1 139.2 136.7 131.9 131.8 130.2 125.2 124.9 120.1 119.5 117.6 116.7 118.7 117.2 116.4 114.7 112.8 113.5 111.8 111.8 111.8 111.8 111.8 111.8 111.8 111.8 111.8 111.8 111.8 111.8 111.8 114.8 116.3 118.1 120.5 122.5 121.1 121.6 121.8 121.4 123.3 124.2 121.3 125.5 124.8 123.6 129.3 128.1 126.8 125.8 125.3 124.7 125.7 130.7 131.2 129 127 125.3 124.8 126.3 129.3 128.9 129.2 128.7 127.7 127.2 127.3 128.5 130.8 131.3 131.2 131.2 132.7 132.9 133.8 134.8 135.4 136.4
133.3 133.9 128.6 128.9 128.2 123.9 121.6 118.9 118.7 118.6 117.5 116.4 115.4 115.2 113.5 111.8 111.8 111.8 111.8 111.8 111.8 111.8 111.8 111.8 111.8 111.8 111.8 111.8 111.8 111.8 111.8 116.4 116.8 119 119.3 124.4 124.2 122.7 122.9 123.9 125.6 125.5 125.4 123.4 126.4 131.7 130.2 131.3 129.2 128.2 127.8 125.6 125.6 126 128 130.4 130.6 129 130.1 124.2 126.9 127.7 128.7 128.5 127.8 128.1 127.6 127.4 127.6 130.4 130.7 130 130.1 131.3 131.7 133.8 136.2 137 136.8
125.1 124.6 122.6 122.2 120.3 120.5 118.2 114.9 114.8 114.6 114.3 114 114.3 114.1 112.3 111.8 111.8 111.8 111.8 111.8 111.8 111.8 111.8 111.8 111.8 111.8 111.8 111.8 113.1 113.9 116.7 121.4 121.6 122 120.3 121.4 123.4 124.2 124.9 126.4 130.7 131.4 128.2 126.2 128.1 131.6 131.7 131.6 130.4 131 126.6 126.6 130.9 132.3 132.1 128.9 129.7 131.2 129.2 125 126.6 128.1 128.5 129.7 132 129.4 129.1 129.1 127.7 128.2 128.3 128.9 129.4 130.6 131.4 132.1 135.6 136.8 137.6
119.6 117.8 116.6 116.7 116.5 116.5 114.3 114.1 113.9 113.9 113.9 113.5 113.1 112.9 112.1 111.8 111.8 111.8 111.8 111.8 111.8 111.8 111.8 111.8 111.8 111.8 111.8 111.8 115.3 117.5 120.9 124.4 127.7 126.7 125.3 123 125.7 128.8 130 130.5 134.5 133.2 129.5 128.4 129.4 133.2 132.7 132.2 131.2 128.1 126.5 129 132.8 134.1 132.9 131.5 131.3 132.5 132.3 129.1 128.5 127.4 129.5 129.6 129.7 129.4 129.1 129 128.3 127.9 128.1 130 130.3 130.7 132 132.8 136.3 136.7 137.7
116 114.7 114.5 114.3 114.2 113.1 113.1 113.6 113.1 112.8 113.2 112.9 112.6 112.6 113 112.4 111.8 111.8 111.8 111.8 111.8 111.8 111.8 113.9 116.3 114 116.3 117 120.1 122.6 124.1 127.9 129.7 127.4 129.6 128.5 124.7 135.7 136.5 136.2 135.4 132.9 130.2 128.8 130.4 131.8 135 133.7 133 130.7 130.8 131.4 132.5 134 134.7 134.3 133.5 133.1 131.6 131.8 124.9 126.3 127.3 129.8 130 129.5 129.1 128.9 128.4 128.4 130.4 129.5 129.8 130.7 133.5 132.9 134.2 136.8 137.8
114 112.7 112.6 112.9 112.6 113.3 112.7 112.6 112.6 113.3 112.6 112.6 112.9 113.3 113.7 113.3 113.1 115.1 114.5 115.2 115.7 116.2 115.2 117 120.8 120 119.8 121.9 123.8 124.2 125.5 130.3 131.6 130.4 135.7 139.2 130 135.3 138 139.8 140.8 139.4 133 131.1 132.6 135.7 135.8 135.4 135.5 134.8 131.6 130.8 133 131.8 131.8 131.8 134.3 133.8 132 130.4 128 125.4 125.7 127.3 130.6 129.9 129.5 129 128.9 129 129.5 129.8 130.4 130.9 131.6 132.6 134.5 137.3 138.5
112.6 112.6 113.8 113.6 113.5 113.7 113.3 113.2 113.6 114.1 113.7 113.5 114.1 114.2 116.1 117.8 118.5 119.3 119.8 118.5 119.5 120.5 122.8 119.6 125.3 125.4 126.4 128 131.1 127.5 129.7 134.8 138.6 140.2 141.2 141.2 137.6 137.2 139.8 140.8 141.4 137.9 137.1 137.5 135.6 136.1 136 135.8 135.6 133 131.8 130.8 132.3 131.8 131.8 131.8 134.1 134.9 133.8 131.8 130.6 131.6 125.9 126.5 127.6 129.2 128.6 128.9 130.1 129.3 129.8 129.9 129.9 131.3 132.1 132.8 135.7 139.4 140.8
114.4 113.7 113.9 113.9 113.8 113.9 114 114.2 114.5 115 114 114.4 114.6 116 121 120.5 121.7 123.3 123.6 123.6 123 124.6 126.6 126.7 127.6 129.4 131.4 133.3 134.5 135 138.1 137.2 139.6 142.4 145.4 144.3 145.9 146 140.7 141.6 141.9 141 139.5 137.7 137.1 136.6 136.2 135.5 134.5 133.4 132.4 131.2 130.8 136.5 136.9 133.3 133.8 134.6 134.1 134.1 133.2 133.5 133.3 126.7 126.4 127.8 127.1 129.4 129.9 130.5 131.3 131.2 130.9 131.5 134.5 136.6 138 142.1 145.9
114.9 114.4 114.4 114.6 114.9 115.2 115.3 116.1 116.5 116.4 115.8 115.7 118.1 120.3 123.4 125.2 126.7 126 126.7 127.4 130.3 130.1 131.6 132.2 132 134.8 136.1 136.6 137.5 140.2 142.6 142.8 144.2 145.4 148.5 150.4 150.1 150.8 150.3 143.2 143.5 141.1 138.3 137.9 137.5 137.3 136.8 135.9 135.2 135.7 137.2 136 136.5 136.5 136.5 135.9 134.8 134.8 134 133.7 133.5 133 132.9 130.4 125.6 126.3 127.8 127.2 130.1 130.6 131.2 131.8 132.1 134.3 136.5 137.5 138.3 140.2 143.8
116.1 114.8 115.3 115.9 119.2 118.7 117.6 118 118.5 120.6 122.3 121.1 123.6 126.7 129 130 131.1 130.8 130.7 131.1 132.2 132.7 134.1 138.1 138.5 139.2 139.7 140.5 141.1 143.1 146.6 147 148.1 151.2 153.7 153.1 152.8 152.5 151.3 146.6 141.6 139.8 138.6 138.2 137.6 137.5 137.6 138.4 139.2 139.2 138.6 138.7 138 137.4 136.6 136 134.5 134.3 133.8 133.7 133.7 132.5 131.1 130 129.2 129.5 128.2 128.4 129.9 130.8 131.3 131.8 132.4 135.6 137.2 138.6 140.7 142.4 145.3
120.2 118.7 117.6 118.8 120.3 122.8 124 121.9 121.7 125.6 127.5 127.9 128.5 133.1 134.7 134.1 134.9 133.9 133.1 133.8 134.8 136.8 139.1 140.5 142 142.1 142.4 142.6 142.6 146.4 149.7 150.9 152.9 154.9 155.8 155.4 154.7 153.9 151.6 149.6 146.2 141 141.6 141.6 141.1 140.1 138.9 139.3 139.9 139.8 139.7 139.2 140.2 138.5 137 134.6 134 133.2 133.5 134.2 133.3 134.5 130.4 128.1 127.3 127.6 127.3 127 128.6 131 131.6 132.2 134.1 136.1 138.9 141.1 143.3 146.2 148.7
124 125 124 123.7 123.9 125.7 126.5 127.1 126.2 128.6 129.7 131 132.4 134.7 136.2 135.9 136.7 136.6 136.5 137.1 138.8 140 141.8 143 144 143.2 142.9 143.7 144.2 148.1 151.6 153.5 155.8 156.1 156.5 156.1 155.3 154.4 152.1 150 148.4 144.6 140.5 142.4 142.2 142.2 140.6 140.2 140.3 141.2 141.5 140.1 139.6 138.3 136.7 134.6 133.6 133.1 132.2 132.4 130.8 130.3 129.8 127.9 128.6 128.7 129.5 129.7 129.8 131.6 132.2 133.3 135.7 137.2 139.7 142.2 145.2 147.9 150.2
130.1 129.7 129.2 128.9 128.5 128.1 129.9 132 129.7 131.2 134.2 134.1 134.9 136.6 137.2 136.2 137.1 138 138.2 139.3 140.9 142.5 144.9 146.7 147.7 147.3 148.4 147.9 147.2 152 154.8 156 157 157.8 157.5 156.9 156.1 154.9 152.4 150.8 149.2 147.6 144.9 143.3 143.5 144.2 142.9 142.8 142.8 142.3 140.9 140.2 138.3 136.9 135.9 134.6 133.4 132.3 130.9 131.3 130.1 128.9 130 130.2 130.4 130.5 130.6 130.8 131.3 131.9 133.2 134.2 137.5 138.5 141.3 143.2 145.3 147.9 153.6
134.1 135.3 133.8 135.9 135.9 135.1 134.2 136 134.4 134.2 136.6 137.2 138.3 139.2 138.3 137.2 139.2 139.3 139.6 140.6 143.2 146.8 147.6 148.7 149.5 150.1 150.2 150.1 149.9 154.3 156.8 156.1 157 157.7 157.6 156.9 156.9 154.7 153.4 151.8 150 148.5 146.4 144.9 144.3 143.7 143.4 144.7 143 142.7 140.2 137.5 136.8 137.8 135.2 134 133.4 133.7 131.6 130.8 130.2 131.3 131.4 131.8 131.5 131.3 131.3 131.5 132 132.6 133.3 135 138.2 140 142.4 144.1 146.8 150.3 155.1
137.2 137.4 138.5 139.6 139.3 138.5 137.9 137.9 136.4 136.4 138 138.9 139.2 139.6 139.3 138.7 139.1 139.9 141.9 146 147.6 149 149.2 150 151 151.2 151.9 151.8 153.3 154.8 154.6 154.6 156.2 157.6 157.2 156.7 155.9 155.1 154.1 153.1 151.2 149.7 146.9 146.4 145.5 144 143.6 143.4 142.1 141.7 140.7 137.7 136.4 135.7 134.7 133.9 133.3 133.1 130.9 130.5 129.8 132.1 132.2 132.7 132.4 132.1 132.1 132.3 132.7 133.2 134.1 136.6 139 141.5 144.4 146 149.3 152.9 158.1
141.4 140.2 142.6 144.7 142.2 142.1 142.3 140.5 139.2 139.2 139.8 139.9 140.3 139.8 139.7 141.4 142.2 143.8 144.7 147.3 149.2 150.2 150.6 151.5 152.1 152.3 152.8 154.4 155.5 155.2 155 154.6 155.4 157.4 157.4 156.8 156.1 155.2 154.4 153.4 152.1 151 149.7 147 145.6 144 143.5 142.3 141 140.6 140.4 138.5 136.8 136.3 135.7 135.1 133.5 132.3 131.1 130.8 131 132.1 132.9 134.8 134.1 133.4 133 133.3 133.6 134.3 135.3 136.8 140 143 145.2 147.7 150.8 155.1 159.8
142.9 141.6 143.8 145 144.4 144 143.7 143.3 142.3 140.7 140.7 141.9 141.8 142.3 144.2 144.5 144.5 144.2 145.1 149.5 150.8 151.3 152.2 152.5 152.6 152.7 153.6 155.5 156.3 156.1 155.9 156.4 157.3 159.4 158.2 157.1 156.2 155.4 154.5 153.6 152.6 151.6 150.5 147.1 146.8 148.1 143.3 141.5 140.5 140.4 140.2 139.4 139.2 137.8 136.3 135.3 133.9 133.9 132.6 131.9 131.4 132.4 131.9 134.1 135.4 136.8 135.7 136.2 137.8 137 137.8 140 140.9 143.6 145.9 148.7 151.7 155.6 159.8
144.1 143.4 144.9 146.2 146.7 146.2 145.2 145.1 145.2 143.7 141.9 142.4 144.6 146.7 146.5 145.9 145.1 144.9 146 150.4 152.2 152.2 152.7 153.1 153.1 153.2 154.5 156.7 157.4 158.5 159.5 158.8 158.9 159.1 158.2 156.9 156.2 155.7 154.6 153.4 152.4 151.3 149.5 148.1 148 146.6 145.6 141.7 140.8 140.6 140.3 139.8 139.4 138.9 138 138.1 138.2 136.4 134 133.1 133.5 133.7 132.4 134.4 135.3 136 136.9 137.2 137.9 138.7 139.6 140.7 142.2 143.9 146.7 149.5 152.4 157.3 161.8
145.3 145.3 146.6 147.9 147.8 147.3 146.7 146.8 147.9 148.4 147.8 148.5 149.8 148.9 148 146.2 145.3 145.6 147.2 149.9 152.1 152.9 153.3 153.7 153.8 156 157.9 158.1 157.9 158.8 159.8 159.4 159.3 158.7 157.2 156.5 156.1 155.2 154.1 152.7 152 150.7 149.5 148.4 147.5 145.6 144.6 142.9 141.3 140.7 140.5 141.1 139.6 139 138.8 138.6 138.4 137.6 135.3 135.9 136.3 136.2 133.1 134.9 135.6 136 136.8 137.1 137.5 138.7 140 141.3 143.4 145.3 147.5 150.2 153.7 157.9 162.8
147.6 147.9 148.9 149.1 149.2 148.6 149 150.1 150.9 152.6 155 156.2 153.7 152.9 152.9 153.9 155 151.9 150.3 151.5 152.6 153.8 154.6 155.7 156.8 158.7 159 158.1 158.1 159.1 159.2 158.4 157.2 156.5 156 155.8 154.6 153.1 152.8 151.2 150.8 150.5 149.3 148.5 147.1 146.4 145.3 144.6 143.6 141.2 141.4 141.9 141.9 140.7 139.5 139 139.1 138.5 138.1 137.8 137.5 136.9 135.9 132.8 135.3 136.1 136.8 137.3 137.6 139.2 140.4 141.8 144.6 146.8 148.1 150.6 155.1 158.2 163.1
152.5 154.1 152.7 152.2 152.8 152.9 153.8 154.5 156.2 159.3 160.7 160.4 159.3 159.5 158.9 158 156.9 155.2 153.5 154.1 157.1 156.5 157.4 157.5 158.4 159 159.3 157.8 156.6 156.6 157.1 156.5 155.1 154.1 154.3 153.5 151.3 150.2 150 150 149.9 149.6 147.9 147.6 147 146.9 145.4 144.4 143.3 142.7 142.3 142.7 142.5 141.8 141.2 141.9 140 139.1 138.8 138.9 138.1 137.5 136.8 135.7 134.4 134.2 136.8 137.6 138 141.8 142.5 144 146 148.4 149.8 151.7 156.1 159.4 162.9
157.3 160.3 159.3 159.7 158.7 160.1 162 161.4 163.1 164.5 163.9 163.1 162.6 162.3 162 161.8 159.3 159.1 160.4 159.2 159.2 159.2 159 158.8 159 159.4 158.9 156.6 155.2 154.3 154.3 152.6 151 149.9 149.8 148.9 149.2 149.5 149.6 149.3 148 146.7 147 146.9 146.4 145.8 144.9 144.7 144.2 143.2 142.9 143.1 142.4 142.1 141.2 140.8 141.1 139.8 139.4 139.1 138.8 138.1 137.5 137 136.6 136 135 137.8 138.5 142.4 145.4 145.3 148.5 150.4 152 152.8 155.9 159.5 163
164.4 166.2 167 166.8 166.7 167 167.6 167.7 168 167.8 167.2 165.8 165.1 164.2 163.7 163.5 163.1 162.6 163 162.2 162.1 161.4 161 160.7 159.9 159.5 158.5 156 154.3 153.3 151 150.2 148.5 146.1 146.9 147.1 148.4 149 149.2 148.2 146.8 146.7 146.7 146.8 146.9 146.2 145.7 145.7 145.2 143.7 143.4 143.6 142.7 142.3 141.8 141.2 141.5 141.5 141.6 142.1 140.1 138.9 138.4 137.7 137.2 136.8 136.2 138.2 139.6 142.1 143.4 143.9 145.9 149.4 152.6 153.7 155.4 160 163.7
171.1 172.8 173.5 173.4 173.2 173.3 173.2 173.2 172.5 171.5 170.4 168.9 167.6 165.6 164.4 164.6 165.5 165.8 166 165.2 164.7 163.7 163.1 162.7 161.3 159.9 157.9 155.8 153.8 151.8 150.5 148.7 144.1 144.1 144.1 144 144.1 147.8 148.8 148.5 146.7 146.7 146.3 145.4 145.5 146.9 145.6 145.5 145.6 146.1 144.5 144.1 143.4 142.7 142.5 142.2 142.2 142.2 142 141.6 141.1 140.1 139.1 138.3 138 137.3 137 138.4 140.3 141.6 143.1 143.6 144.3 145.5 151.7 154.5 156.5 159 164.6
177.4 178.5 179 179 179 178.9 179.3 178.3 177.4 175.4 173.8 172.3 170.7 168.5 166.8 166.7 167.9 168 168.2 167.7 166.9 165.9 165.3 163.9 161.9 159.6 157.3 155 153.1 151 149.4 145 144.1 144.1 144.1 144 144.1 144.1 148.7 147.7 147.4 147.5 146 144.2 144.1 143.7 144.1 144.9 145.1 145.3 145.1 144.6 144 143.3 143 142.7 142.5 142.4 142.1 141.6 141.2 140.4 139.6 138.3 138.4 136.3 136.8 138.4 140.1 141.3 142.5 143.3 144.6 145.4 148.5 155 156.7 157.4 161.9
183.3 184.1 184.1 183.8 183.5 183 182.4 182.3 180.9 178.9 177.2 175.6 174 172.3 170.9 170.2 170.5 170.5 170.4 169.9 168.9 167.2 165.4 163.3 161 158.3 155.7 154.8 153.2 151 147.8 144.6 144.1 144.1 144.1 144.1 144.1 144.1 148.5 148.5 148.5 147.8 146.7 145.8 144.4 143.5 142.5 143.4 145.1 148.7 147.9 145.5 144.6 144 143.5 143.2 142.9 142.6 142.2 141.7 141.2 140.7 139.4 138.3 137 137.3 138.8 139.1 139.4 141.3 142 143.6 145.5 145.8 149 154.1 158.6 156.5 159.9
188.1 188.9 188.7 188 186.9 186 185.4 184.3 182.9 181.8 180.3 178.6 177 175.8 174.9 174.1 173.7 173.1 172.8 171.9 170.2 168 165.3 162.6 159.8 157 155.4 154.1 152.7 151.6 149.5 145.4 144.1 144.1 144.1 144.1 144.1 144 147.6 148.5 148.6 147.7 146.9 146.4 145.8 145.2 142.9 141.6 143.1 146.8 148.2 146.4 144.4 143.7 143.3 143.1 142.9 143.1 142.8 142 141.2 140.4 139.3 136 137.1 138.5 139.4 141.3 141 141.4 141.9 143.9 147.2 147 154.9 154.6 153.7 155.6 159.1
191.2 191.4 191 190 189.3 188.6 187.7 186.5 185.1 184.4 183.2 181.6 179.9 178.9 178.8 178 177.1 176.3 175.1 173.4 170.9 168.4 165.5 162 159 156.2 154.8 153.7 152.7 151.5 150.2 148.2 144.8 144.1 144.1 144.1 144.1 145.8 147.5 148.2 148.4 148 147.2 146.5 145.8 145.7 143.5 141.3 140.8 143 146.5 144.8 144.5 143.2 143 142.9 142.8 142.7 142.6 141.9 141.1 140.3 139.4 136.2 138.2 138.7 140 141 142.5 141.3 142.1 143.3 146.9 148.7 150.8 152.8 155.4 158.6 159.8
193.2 192.7 192.1 191.5 190.8 190.1 189.4 188.6 187.3 186.4 185.4 183.8 182.4 182.3 182.1 182 181.9 179.7 177.1 174.1 171.5 168.8 165.6 162 158.5 155.6 153.8 152.9 152.3 151.5 150.4 148.8 147.8 146.4 144.1 144.1 146.1 146.5 146.3 147.6 147.6 147.1 146.6 146.2 145.6 144.8 143.8 141.9 140.8 140.5 141.9 142 142.6 142.8 142.3 142.3 142.7 142.7 142.4 141.6 141 139.9 136 136 138.1 139.1 140 140.2 141 141.9 142.1 143.1 146.2 149.2 150.2 151.8 154.9 160.5 160.9
194.3 193.6 193 192.5 191.9 191.2 190.6 189.9 189.4 188.3 187.7 186.7 186.2 186.5 186.5 186.5 186 183.3 179.1 175.6 172.3 169.5 166.2 162.5 158 155.5 152.7 152.1 151.5 150.6 149.8 148.6 147.6 147 146.7 144.5 145.2 145.3 144.5 144.4 144.6 145.1 145.8 146.3 145.5 144.4 142 141.5 140.3 140.2 139.1 140.6 142.1 142.7 142.3 142.3 142.3 142.6 142 141.1 140.7 136.6 136 136 136 139.9 140.5 141.3 141.2 141.6 142.3 142.8 143.2 144.9 152 153.5 155 159 162.4
195.4 194.5 193.9 193.4 193 192.4 191.8 191.3 190.7 190.1 190 190 189.9 190.4 190.8 190.5 188.8 185.1 180.5 176.9 173.3 169.6 165.6 161.7 158.3 155.6 151.4 150.7 150 149 148.2 147.2 145 144.5 146.4 144.1 142.8 142.5 142.7 142.8 142.6 143.7 145.7 147.2 145.7 145.3 142.8 142.1 140.8 139.2 139.1 141.1 142.4 143 142.5 142.4 142.7 142.5 141.5 140.6 138.4 136 136 136 139 140.3 141.4 142.5 142.7 144.6 142.4 147.3 144.1 143.7 148 151.6 153.8 155.6 163.8
195.6 194.8 194.1 193.6 193.4 193.3 192.9 192.4 191.8 191.8 191.9 192.6 193.6 194.9 195.6 193.4 189.7 185.4 180.7 177 172.6 168.5 162.5 159.8 156.1 152.8 150 149.2 147.6 146.7 145.4 143.3 141.9 141.6 142.7 142.6 139.5 140.5 141.3 140 139.8 139.5 141.8 141.2 140.6 140.2 141.1 140.5 139.3 137.6 140.4 142.1 143 143.4 143.2 142.8 143 142.4 139.9 136 136 136 136 136 139.4 140.8 141.6 142.4 143.6 146.3 147.9 148.2 153.4 148.5 151.7 154.6 156.6 158 159.9
