app/static/ascii/NC65.asc
ncols 200
nrows 200
xllcorner 260000
yllcorner 950000
cellsize 50
[rows 70 to 104 of 200, columns 79 to 157 of 200]
121.3 119.5 114.8 112 109.9 110 112.3 113.2 114.8 117.9 118.3 118.2 117.8 117.4 117.4 117.3 116.9 118.7 118.8 118.9 118.4 119.1 118.5 118.1 118.3 119 120.4 120.8 121.1 121 117.8 117.1 114.5 116.6 111.5 110.2 109.6 102.3 91.6 87.7 83.6 76.6 74.4 73.2 70.9 66.8 59.3 57.3 54.3 51.5 51.2 59.2 61.1 65.3 72.2 81.6 94.9 105.1 105.3 103.7 106.6 117.1 118.6 118.4 117.7 116.7 114.4 111.5 107.4 107 107.3 104.9 103.6 104.5 108.6 105.2 99.8 99.5 100.3
117.8 118.2 112.7 111.2 109.2 109.1 111.1 112 114.4 118.5 118.5 117.3 116.9 116.7 116.6 116 115.3 115.2 117.1 117.9 117 116.9 116.3 116.5 117.3 118.7 120.5 121.2 121.5 121.7 118.9 115.3 113.2 110.6 108.2 106.5 104.1 99.3 96 88.2 83.3 77.2 74.7 73.8 72.3 63.5 59.4 58.8 52.3 51.3 52 57.3 58.5 62.3 71 82.4 94.7 99.5 105.1 102.7 106.5 115.9 116.8 117.1 117 115.9 113.8 110.5 107.3 106.3 107.1 107 103.4 103.1 106.8 108 100.7 99.1 105.7
115.7 115.2 112.3 110.1 109.4 108.8 109 110.2 113.2 118.2 119 116.2 116.1 115.8 115.7 115.3 114.7 114 114.8 114.2 113.3 114.1 113.8 114.5 115.8 117.3 120.1 121.5 121.9 121.8 119 114.9 112.8 108.9 107.6 106.1 105.1 100.7 94.5 90.1 84 77.3 75.2 72.9 69.8 62.7 59.6 58.8 54.1 52.1 53.4 58.1 59 62.9 70.2 85.7 94 97.6 101 101.2 104 113.4 115.1 116.3 115.9 115.4 114.4 109.8 106.8 105.9 105.6 104.1 104.7 107.3 102.3 105.9 101.3 99.9 101.1
114.5 114 111.8 112.5 113.1 108.9 107.9 108.4 111.9 114.3 116.7 115.6 115.4 115.3 115.1 114.7 114.3 113.7 112.6 112.2 111.6 111.5 112.1 112.6 113.3 115.5 120.6 121.8 122.1 122 118.3 113.9 111.4 108.6 107.6 106.9 104.2 102.6 95.5 92.8 85.3 79.3 76.4 73.9 67.6 64.4 59.7 56.6 53.5 52.8 54.6 60.2 60.2 63.6 70.2 78.9 93.7 97.4 101.2 101.7 102.4 112 113.7 115.3 115.1 114.2 112.8 109.9 107.5 105.8 105.5 104.8 106.5 108.6 105.1 101.5 100.9 101.5 107.2
113.1 113.1 112.3 115.6 114.6 109.7 107.9 107.6 108.5 112 113.7 113.9 113.8 113.9 114.7 114.4 113.8 113.3 112.8 112.3 112.1 110.2 111.3 111.8 112.8 114.9 119.9 120.9 121.4 121.1 117.4 114.5 110.7 108.9 107.7 107.7 104.2 100.3 94.6 93 86 80.9 77.2 73.7 68.6 66.2 60 56.1 53.8 52.4 54.1 60.3 60.7 63.5 70.3 77.4 89.7 95.1 98.9 99.7 100.6 110.5 111.2 113.9 115.3 113.4 112.4 108.9 108.6 105.9 105.4 105.3 108.5 107.9 107.6 102.3 101.3 106.4 113.1
115.3 113.7 113.1 114.8 113.5 110.7 107.4 107.1 109.1 112.4 113.2 112.6 111.7 110.9 113.3 114.1 113.3 113 112.6 112.2 111.7 110.4 110.8 111.3 112.3 115.6 118.6 119.6 120.7 121.2 119.4 113.5 111.3 108.9 108.2 106.5 104.7 102.2 98.4 91.2 86.9 82.1 77.7 74.1 68.1 63.9 61 55.9 54.9 54 54.1 57.4 60.7 64.5 69.9 79.5 83.9 93.2 95.9 99.8 100.7 108.4 111 112.6 114.9 114.7 114.3 110.8 108.4 106 105.7 105.7 106.6 108.3 109 108.3 101.9 104.4 111.3
116.3 118.8 114.8 114.6 114.8 112.3 107.1 107.9 111.4 112.5 113 110.9 110.9 110.9 111.9 113.2 113.1 112.8 112.5 112 111.4 110.7 110.5 111.1 112.2 115.2 118.1 119.6 120.2 120.4 117.1 114.3 112.2 109.3 108.2 106.7 104.8 102.6 99.1 90.8 87.4 83.7 78.3 74.5 69.5 64.3 60.7 56.6 55.6 54.1 53.6 56.2 60.5 65.7 71.3 80.7 87.1 92.4 98.2 100.4 100.9 105.7 109.2 112 114.8 115.2 115.3 114.7 108.4 107.3 106.4 106.2 105.8 108.1 109.3 106.4 104.2 103.4 111.9
117.3 116.4 114.9 114.4 116 111 106.6 108.1 112.8 113.7 113 113.1 111.3 110.9 110.9 111.5 112.7 112.6 112.2 111.8 111.1 109.8 110.3 111 112.1 114.8 117.7 119 119.6 118.1 117 115.4 112.4 109.6 108.6 107.2 105.4 102.4 97.6 93 89.4 83.1 79.3 72.1 69.4 65.2 58.8 56.8 56 54.9 54 56.5 59.4 65.9 72.6 78.8 86.2 94.3 98.8 99.5 99.6 104.2 108.7 112.3 114.6 115.6 115.8 118.1 112.2 107.8 107.8 106.6 106.3 109.1 108.4 107.3 106.5 104.8 111.7
119.3 119.7 114.9 114.1 112 108.8 105.6 106.2 107.1 109.8 112.7 113.4 113.7 112.9 112.2 112.5 112.5 112.4 111.9 111.5 110.8 109.8 110.1 111 112.4 115.8 116.8 118.4 118.7 118.3 117.2 114.2 112.1 110 108.4 107 104.8 100.8 96.7 92.8 88.4 83.5 78.7 72.4 69.1 62 59 57.7 55.5 55.2 55 56.6 59.1 64.2 72.5 78.3 85.2 92.3 96.6 97.1 98.6 105 108 113.5 115.9 116.9 117 120.1 115.6 109.5 108.1 107 106.8 108.3 109.6 108.4 110.1 105.7 106.4
122.3 121.3 114.8 112 108.8 106.5 104.5 104.7 106.1 108.4 111.4 116 114.5 110.9 111.5 111.9 112.1 112.2 111.8 111.2 110.7 110 110 112.6 113.2 116.5 116.7 118 118.5 119 117.2 114.1 112.3 110.1 108.7 107.3 105.5 100.6 96.5 91.3 86.7 82.5 75.9 74.1 68.8 62.5 58.4 58.3 56.5 55.7 56 57.2 59 62.9 69.4 77.6 83.8 91.5 94.4 95.2 97.7 100.7 111.6 115.1 116.9 117.6 118.4 120.6 117.9 112.3 109.3 108.2 107.8 107.8 111 111.8 110.3 107 108.5
125.5 119.3 115 111.4 107.1 105.3 104 103.4 104.4 105.2 105.8 106.8 106 106.6 109.2 110 111.6 111.8 111.5 110.8 110.3 109.2 111 113.1 113.7 115.8 116.4 117.5 118.8 119.8 117.6 114.5 112.6 110.5 109.1 107.9 101.6 98.8 98 90.2 86.1 81.4 79.2 71.5 65.2 61.6 59.4 58.7 56.7 56.1 56.6 57.9 60 63.2 68.3 75.5 82.4 89.5 92 92.9 95.9 99.9 112.6 115.1 118 119.1 120 123.3 120.9 114.5 111.3 109.5 109 109.2 112.2 112.5 112.5 110.5 111.1
126.9 120.6 115.8 110.9 107.3 104.2 103.9 103 102.3 102.3 102.3 102.3 102.3 106.4 108.5 109.3 110.6 111.5 111.6 110.7 109.8 110.5 112.4 112.8 114.2 114.9 116.4 117.1 118 118.7 117.2 115.1 111.7 110.5 109.8 106.9 103.3 104.3 98.5 88.6 85 79.5 79.2 71.4 62.8 60.3 60 58.7 56.6 56.9 57.9 61.4 63.9 62.2 67.6 75.2 81.9 87.9 91.4 91.7 93.3 100.7 113.5 117.2 118.6 121.2 121.5 123.5 120 115.9 113.2 111.2 110.8 112.4 113.7 112.7 113.1 111.6 111.8
126.8 120.9 117.7 112.2 111.5 107.3 103.7 102.8 102.3 102.3 102.3 102.3 102.3 104.3 108 109.3 110.8 111.4 111.3 110.8 110 108.2 113.3 113.8 114.2 115.6 116.5 116.5 117.5 118 115.9 113.1 110.3 108.8 106 104.8 105.1 101.8 89.2 87.3 87.2 79.1 74.3 65 60.9 60.7 59.5 58.5 57.2 57.2 58.7 64.6 65.7 66.3 64.1 71.9 80.9 86.8 90.2 91.2 90.3 102.2 109.3 119.1 120.3 122.4 121.9 123.6 121.5 116.3 114.3 113.5 113.7 115.5 115 113.2 113.3 113.9 116.1
124.6 121.2 120.6 118.3 112.8 106.9 104.2 102.6 102.3 102.3 102.3 102.3 102.3 106.4 108.8 110.1 111 111.1 111.4 111.1 110.3 109.4 107.4 107.9 108.3 115.6 117.8 114.3 115.7 116.8 115.1 112.4 107.6 107.1 107 103.8 97.4 90.9 81.8 79 79.6 73.5 69.8 64.2 61.5 60.4 59.6 58.5 56.3 57.7 61.1 63.2 67.7 70.2 68.9 71.1 77.2 84.7 87.7 88.4 91.4 104.9 112.7 120.9 120.6 121.9 122.8 122.6 122.8 120.2 116 115.1 114.6 116.2 117.5 114.3 114.6 118.9 118.5
128.9 121.8 121.7 121.4 113.3 108.3 106.1 102.7 102.3 102.3 102.3 102.3 102.3 106.7 110 110.3 110.8 110.8 111 111.2 110.6 109.8 108.8 107.8 106.9 104.8 104.8 105.9 103.8 107.3 115.3 107.3 110.4 105.3 98 93.4 86.9 84.4 86.3 77.9 73.1 71.9 64.7 62.9 61.3 60.3 59.8 57 58.5 58.6 65.5 64.9 72.1 72.7 71.8 68.4 80 83.5 86.4 90.8 96.1 109.1 113 120.9 119.5 123.9 123.7 123 122.3 121.2 118.9 116.4 115.9 116.8 118.6 118.6 118.4 121.9 121.2
126.6 122.3 121.6 120 112.8 109 106.6 106.1 102.3 102.3 102.3 102.3 102.3 107.6 110.5 111.1 110.8 109.4 109 109 109 110.7 114.1 111.6 108.1 110.1 105.5 106.4 105.7 101.4 103.4 103.1 105.6 97.3 90.3 87.2 86.1 88.2 89.4 74.8 72.8 69.4 64.6 63.7 61.6 60.6 60.2 59.1 59.1 62.9 67.3 72.2 77.5 77.6 72.9 70.7 72 84.7 87.5 90.1 99 109.5 115.9 114.6 117.2 122 123.5 123.7 123.1 122.6 119.8 117.4 117 117.4 118.5 120.2 121 122.8 126.3
123.7 122.2 121.3 121.6 114.7 110 108.9 107.9 105.5 102.9 114.3 110.6 102.3 107.7 111.1 111.4 111.1 110.8 110.8 110.8 111.2 111.2 114.7 110.1 111.4 113 111.9 112.4 111.5 108.3 105.6 97.7 100.2 92 89.4 87.1 82.9 85.2 81 74 69.6 65.8 65.3 63.8 62.5 61 60.7 59.2 60.3 66.7 72.3 76.5 80.3 82.6 81 74.8 72.8 80.4 87.5 91 92 113.3 120.9 120.7 115.3 116.9 120 123.4 124.6 122.9 121.2 120.3 118.5 119.5 120.4 120.9 123 127.5 128.4
126.5 119.1 121.1 117.9 112.6 111.2 111.2 110 106.2 105.4 109.4 102.8 102.2 109.2 111.2 111.6 111.6 111.6 111.6 111.7 112 112.1 111.1 111.1 113.4 113.1 112.5 112.3 112.4 111.7 110.7 104.3 96.3 89.3 80.5 76.7 73.8 71.5 68.7 69.2 67.6 66.7 65 63 62.4 60.9 60.2 60.9 64.3 72.4 77.8 82.1 83.2 87.5 90.8 83.4 79.9 74.5 88.5 94.2 94.4 111.6 118.2 125.2 121.3 117.2 119.3 123.9 123.7 123.2 122.7 121.4 120.7 121.8 122.9 123.4 126.5 128.2 130.7
121.6 115 113 111.4 112.6 112.6 112.6 112.2 107.4 104.5 103.1 102.6 102.3 108.5 110.9 111.6 111.7 111.7 112.1 113 113 113.5 112.3 112.7 114.7 114.5 115.5 112.6 111.8 107.7 105.5 104.3 101 90.9 80.3 75.9 73.1 70.1 74.3 75.9 68.2 67.2 64.2 62.9 62.4 61.4 59.2 62 68.4 76.7 82.5 86.4 88.3 91.2 95.3 93.4 88.9 84 75.6 89.9 94.9 102.8 113.6 119.5 121.1 121.7 120.7 124.2 124.2 124.3 123 122.2 122.6 122.7 125.1 126 128.7 132 133.2
113.5 112 113.1 113.3 113.5 113.7 113.4 112.7 111.4 105 102.8 102.8 103.7 107.2 110.8 111.5 111.8 111.9 112.3 113 113.5 113.8 113.6 113.9 114.2 117.9 112.8 110.9 108.9 107.1 102.8 98.2 94.5 89.4 79.9 74.7 73 80.7 80.9 75.5 68.2 66.4 64.1 63.6 63.3 61.8 59.4 65.4 74 81.7 87.1 91.3 92.5 95.3 100.2 98.4 98.7 91 86.4 90.9 95.5 99.9 105.2 112.4 116.4 118.7 121.1 123.9 123.7 123.9 123.4 122.8 123 124.3 127.1 127.8 133.4 136 135
114.5 114 113.8 113.9 114.1 114.2 114.3 113.7 112.5 107.1 102.8 102.9 104.3 107.8 110.5 111.5 111.2 112.1 112.6 113 113.9 114.1 114.1 113.3 113 112.4 111 111 108.2 106.4 100.3 103.7 95.6 87.6 89.4 85.8 82.9 84 82.5 74 68.2 65.9 64.6 64.5 63.6 61.7 62.9 69 76.2 86.8 93.2 96.7 99.5 99.8 102.8 101.9 102.9 96.2 94.3 84.8 91.2 100.1 103.1 110 113.5 117.8 119.7 122.4 122.2 122.3 123 123.2 123.3 124.5 128.6 131.3 138.2 138.1 138.1
116.2 114.9 114.4 114.5 114.3 114.3 114.7 115.1 111.6 103.6 102.8 102.7 105 108.7 110.4 111.1 111.6 112.1 112.6 113.1 113.6 113.9 113.9 112.9 112 111.5 109.9 109.3 106.3 102.3 100.9 94.6 89.5 89 90.2 86.7 86.1 87.2 82.6 69.7 68.7 66.1 65.4 65.9 63.1 60.5 67.4 71.9 80.6 87.2 95.6 100.4 105.7 104.3 107 105.1 106.1 102.2 97.9 95.2 83.8 92.5 104.8 104.9 109.7 114.7 116.7 118.8 119 119.1 122 122.8 122.7 125 129 135.4 141.6 142.5 140
117 115.8 115 115 114.3 114.4 114.5 114.3 111.9 103.7 102.8 102.8 105.4 109.2 109.9 110.5 111 111.6 112 112.7 113.1 113.6 114.1 112.8 111.2 111.2 108.7 107.2 105.9 98.5 94.4 94.3 90.4 91.1 87.2 85.9 86.7 86 78.6 70.4 68.1 66.2 65.6 64.3 61.3 62.8 70.1 74.3 84.2 89.9 95.9 104.5 110.2 112.1 108.5 109.5 109.2 107.5 104.7 101.1 95.1 90.1 100.6 106.4 106.9 110.6 112.4 112.1 113.7 117.4 121.2 120.8 121.7 124.9 129.2 137.7 144.9 147 147.9
117.2 114.8 114.4 115.1 113.7 113.8 113.5 113.2 109.4 103.4 102.6 102.6 106 107.9 108.7 109.7 110.4 111 111.7 112.5 113.3 113.8 113.3 111.5 109.9 107.8 105.8 103.9 101.7 97.2 93.8 92 91.1 90.3 86 83.3 85.3 82.2 71.8 70.2 67.3 66.3 65.2 64.1 62.8 66.3 72 79.2 89.6 92.5 97.9 106.8 112.8 115.4 113.8 112.4 111.9 112.2 109.6 104 99 94.3 88.8 103.7 106.7 108.6 109.6 111.4 110.9 115.8 117.4 120.1 121.6 125.6 131.1 140.8 148 149.2 151.9
113.7 110.4 110.6 110.8 112.4 112.8 112.8 111.5 109.3 102.9 102.2 102.6 104.7 108.1 108.8 109.3 109.9 110.5 111.2 112.3 114.7 112.5 113.9 110.2 108.5 106.6 105.4 103.4 101.3 100.8 91.8 93.9 90.9 86.6 81 82.5 82.7 72 70.9 68.9 67.5 66.5 65.5 63.3 63.6 71.2 75.6 83.7 94.3 97.2 101.2 107.9 114 118.3 119.1 118.1 116.7 119.4 114.3 109.2 103.1 94.5 90.9 94.5 101.4 104.8 108.7 113 109.3 111.3 116.8 119.5 122.1 126.7 133.3 145.3 153.1 152.5 157.4
110.7 110.1 109.1 108.7 108.6 112.1 112.2 111.3 106.5 102.7 101.7 102.1 104.5 108.1 108.6 109.2 109.7 110 110.6 111.7 113.4 111.1 111.3 110.1 108.2 103.1 100.7 96.9 95.4 93 89.8 92.7 87 80.1 78.6 77.3 72.6 67.7 68.5 67.3 66 66.3 65.3 64.6 70.2 73.8 78 88.7 98.7 99.9 104.5 110.9 114.6 120.2 123 120.4 117.9 118 118 114.7 108.7 99.4 91.6 93.1 101.9 102 105.3 108.1 107.7 107.7 112.4 117 123.8 127.7 134.9 152.3 158.2 158.9 161.9
110.9 110.2 109.8 107.6 106 109.4 111.3 111.2 105.9 102.3 101.6 101.8 104.2 106.1 108.1 109.1 109.4 109.7 110 111.2 110.8 110.2 110.1 108.5 106.1 102.7 95.8 89 84.5 83.2 79.7 88.5 82.9 78.1 75.8 73.2 68.9 68.4 67.2 66.5 66.9 65.3 65.1 64.3 73.3 75.3 79.1 91.1 99.8 103.8 106.1 111.1 117 121.5 123.8 122.3 118.2 115.3 114.2 115.6 112.4 108 98.3 94.8 94.7 100.6 103.5 106.3 107.3 107.6 111.3 113.4 121.8 128.3 134.8 154.1 164.4 163.2 165.1
111.1 111.3 109.4 109.1 108.6 104.7 109.4 109.5 107.3 102 101.4 101.4 104.5 106.7 107.9 108.8 109.3 109.5 109.6 109.6 109 108.3 108.2 107.1 104 100.4 94.8 88.2 93.9 94.7 86.8 78 78.2 76.6 74.6 72.2 68.9 69.8 69.3 68.4 67.7 65.8 66.4 69.6 74 78.1 82.6 90.5 100 105.5 109.5 113.8 119.4 123.6 125.7 123.6 118.9 115.3 113.3 113.1 113.5 109.2 103.5 98.9 95.7 102.7 103.4 106.8 107.9 107.9 113.3 115.3 121.2 126.5 134.8 152.5 168.7 168.5 171
112.1 110.3 109.1 109.3 109.7 107 104.1 105.3 105.6 102 101.4 101.6 104.8 106.6 107.6 108.5 109.3 109.5 109.3 108.9 108.3 107.6 105.8 105.1 104.6 99.7 96.1 95.1 93.2 91.9 90.7 81.9 77.9 76.8 74.9 69.4 70.2 70.2 69.7 68.9 67.3 66.2 70.7 71.9 75.9 80.7 86.4 93.4 101.6 107.3 113.1 118.8 122.6 126.2 127.9 128.1 122.1 116.8 113.1 113.1 112.9 110.3 105.1 102.9 100.9 103.7 104.6 105.1 109.3 109.5 113.1 116 121.4 125 134.3 151.3 173.4 173.6 174.6
109.7 108.7 108.7 108.7 108.8 107.6 103.7 103.9 104.2 103.2 100.9 102 104.9 106.2 107.3 108.2 109.1 109.2 109 108.7 108 108 105.9 104.6 102.9 99.5 99.1 93.7 93 93.6 87 83.4 82.7 76.8 69.3 71.1 70.9 70.4 70 68.9 67.1 67.6 72 74.9 77.9 84.1 89.5 95.9 102.1 108.9 114.2 121.1 124.9 128.2 129.9 130 128.4 118 115.9 113.9 113.7 111.4 106.9 105.6 102.1 100.4 106.3 105.6 109.4 111.1 115.6 117.7 123.2 125.5 129 154.6 173.4 176.7 177
108.3 108.1 108.2 108.4 108.1 107.4 106.5 103.5 102.5 101.9 101.4 102 103.9 105.9 106.9 108 108.7 109.2 109.1 108.8 107.9 107.1 106.3 105.3 103.2 99.8 98.7 92.8 92.2 88.4 83.5 83.3 81.5 71.2 71.5 71.5 71 70.5 69.8 68.7 67.8 69.8 72.7 77.3 77.5 86.1 93.3 99.6 105.3 111.1 116.6 121.5 126.2 129 130.2 131.1 130.6 121.3 117.2 114.6 112.4 112.8 107.1 106.2 103.5 101.3 103.9 105.6 107.3 113 113 120.7 122.2 126.1 128.5 153.2 173.5 178.2 179
107.5 107.3 107.5 107.7 108.4 107.7 107 106.4 102.1 101.6 99.8 101.4 103.2 105.8 106.2 107.7 108.6 109.1 109.2 109.2 107.3 106.5 109.1 106.7 104.2 99.2 96.6 91.7 90.9 86.2 82 82.4 71.9 71.8 72.6 72.1 71.1 72.3 69.8 69.1 68.5 71.2 73.1 77.4 80.7 87.9 96.6 103.7 110 115.1 120.5 122.4 127.6 130.9 132.3 132.3 132.1 127.3 118.7 115.8 114.2 113.4 107 105.7 103.3 101.4 103.4 105.6 108 112.9 113.4 121 124 126.4 128.4 141.5 169.2 187 182.8
105.9 106.1 106 107.1 109 108.1 107.5 105.7 103.9 101.5 100.1 100.5 103 105.3 105.2 106.6 108.7 109 109.1 108.8 106.7 105.3 108.6 105.2 104.1 99.2 96.8 90.4 87.6 83.4 79.7 78.7 72.2 72.6 72.8 72.7 72.2 71.7 70.9 69.1 69.3 71.3 73.6 76.6 81.8 90.3 99.6 107.2 112.8 118 123.9 125.9 131.2 133.1 133.7 133.9 133.6 129.8 120.1 116.5 114.4 114.1 108.5 104.6 104.4 102.2 104.1 106.3 106.8 109.7 112.8 120.9 125 126.2 129.1 139.3 156.9 184.4 187.6
104.9 104.4 103.9 104.7 108.1 107.9 106.8 105.7 104.2 101.4 100.5 99.7 101.1 102.7 103.8 106.4 108 108.6 108.9 108.8 105.3 103.7 103.8 102.7 99.8 103.6 95.5 89.7 82.4 79.5 75.5 72.4 72.9 73.4 73.4 73.3 72.5 71.5 70.3 70.5 70.7 72.1 73.4 77.6 83.4 91.8 101.8 110.6 116.2 120.2 128.4 128.6 134 134.5 134.7 134.9 134.7 133.1 124.4 117.1 115.1 114.8 110 104.8 104.2 104.2 104.7 105.7 108.1 111.2 112.5 119.7 125.5 127.4 130.9 139.5 149.5 165 185.3
103.3 103.2 102.3 102.5 106.7 105.9 105.4 103.9 102.3 100.9 100.4 98.5 100.3 101.7 103 106.5 107.3 107.8 108.4 109.4 104.9 102 102.1 102.1 98.4 93.7 91.9 85.6 80.9 78.9 74.7 74.2 73.9 74.2 74.2 73.6 72.6 71.5 70.7 71.5 71.8 73 73.9 79 85.7 95.3 105.2 115.3 119.8 124.2 128.7 132.6 137.2 136.8 136.8 136.6 136 134.6 127 119.3 116.3 114.8 112.3 105.2 104.6 105.6 106.3 107.5 108.8 112.3 116.5 116.2 127.5 128.5 133.2 140.2 145.5 155.3 176.7
