app/static/ascii/NC66.asc
ncols 200
nrows 200
xllcorner 260000
yllcorner 960000
cellsize 50
[rows 148 to 184 of 200, columns 85 to 169 of 200]
69.5 56.9 35.8 38.9 59.1 69.9 85.9 92.7 98.9 101.7 103.3 106.6 110 103.6 101 92.1 71.6 56.4 54.6 54.7 61.3 70.6 64.2 66.1 65.1 62.9 64 63.5 66.9 70.9 72.4 70.4 72.9 74.2 82.5 84.8 85.9 73.9 55.5 49.1 46.4 30.1 28.9 37.6 54.5 57.5 45.3 35.3 40.1 56.3 52.9 35.9 27.6 24.3 16 11.8 11.7 14.2 30 34.7 41.7 44.7 47.8 54.2 65.1 73.8 78.4 80.5 86 94.1 100 96.7 98.1 96.8 93 75 66.2 57.7 51.9 47.8 49 41.7 13.2 -1.6 -1.6
70.2 54.7 38.2 39.2 60 72.4 85.7 91.8 98.8 99.8 102 102 105 103.5 102.2 103.4 90.3 73.5 55.9 55.3 63.7 76.2 72.1 72.6 64.6 63.5 64.7 65.4 66.5 69.2 71 70.8 73 73.9 78.9 81.3 75.4 64.1 58.5 49.8 46.5 39.7 37.3 40.7 52.8 60.3 63.7 54.5 62.6 64.3 54.4 51.8 35.8 32.7 23.7 17.8 12.2 12.6 19.5 25.8 35 40.4 46.1 53.1 56.9 67.9 70.6 78 82.6 85.1 89.2 92.8 94.4 94.5 90.4 81.7 62.7 55.7 53.8 49.7 59.6 47.6 25 -1.6 -1.6
69.4 55.1 40.3 39.2 60.8 73.1 82.3 94.5 96.9 98.6 98.5 99 100.3 102.2 101.6 104.1 91.9 79.6 56.2 55.6 60.1 73.4 75 76.2 66.1 64.3 73 68.4 68.1 69.7 69.3 69.5 70.4 74.8 79.4 75.3 74.3 64.3 59.2 59.1 59.5 50.3 46.1 52.6 57.9 67.1 72.5 65.5 56 55.5 57.2 51.7 46.1 40 36.1 25.4 21.3 19.1 15.1 17.3 23.4 34.9 44.9 52.7 58.9 63.4 62.9 71.7 76.9 80 82.3 92 93.4 93.5 85.3 79.4 59.6 54.5 55.1 52.9 48.8 40.2 26.4 -1.6 -1.6
71 58.1 41 42.1 58.8 68.3 82.6 92.1 95.4 97.2 98.4 96.7 98.3 96.8 94.5 93.8 91.9 83.8 62.8 56.7 60.7 67.3 72.6 75.9 68.5 65.2 75.1 73.4 76.4 74.8 70.4 70.2 70.1 70.3 77 73.4 65.5 63.9 59.1 61.7 64.6 57.4 52.6 60.1 70.8 73.7 72.1 66.7 57.9 55 56.2 59.5 51.2 56.7 56.6 38.9 28.2 27 20.9 18 18.2 22 47.3 50.9 52.3 59 63.3 59 67.1 74.6 79.6 92.2 93.4 88.4 85.6 77.7 61.7 53.3 53.3 50.9 41.7 33.2 21.6 -1.6 -1.6
75 57 40.5 44.9 57.8 68 78.8 87.8 95 95.4 96.7 96.4 95 96.5 91.3 87.8 85.5 76.6 59.8 55.8 62.3 69.8 72.4 75.5 76.8 66.3 67.9 73.2 75.5 81 74.8 70.9 70.2 70.6 81.7 77.6 69 60.4 59.7 60.6 61 64.8 57.4 60.3 76.8 76.8 78.1 78.1 68 58.2 57 58.6 60 58.5 66.3 57.4 56.5 36.8 42.4 25.8 18 16.4 19.8 33.5 40.3 47 54.3 57.8 53.6 62 78.4 86.9 87.5 86 84.7 77.6 59.6 52.7 48.3 45.5 36.9 20.2 11.1 -1.6 -1.6
80.1 56.4 38.1 44 55.9 67.2 80 85.2 92 92.9 95 92.8 93.3 95 86.2 83.9 80.4 67.3 58.1 56.1 61.2 65.2 73.7 77 73.1 68.9 66.7 68.4 75.3 79.2 74.8 72.1 71.5 72.4 74.8 77 72 61 61.9 63.6 62.5 68.8 64.7 64.6 72 80.5 84.1 81.2 80.2 71.9 66.5 67.7 66.1 65.5 68.1 60.4 51.7 47.9 47.6 49.5 39 17.6 16.1 15.9 19.8 28.7 35 40.9 39.8 51.1 69 76.9 76 76.7 72.7 64 56.2 47 37.2 37 32.5 14.7 -1.6 -1.6 -1.6
75.1 55.4 40.3 44.7 54.8 63.7 75.3 81.6 88.8 91.5 92.1 90.8 90.2 91.1 85.3 77.2 73.9 62.2 56.2 56 59 61.2 68 73.7 71 67.7 66.6 66.8 68.6 74.3 76.4 73.8 73.1 77.5 81.7 84.5 81.9 65.8 73.1 70.3 69.6 76.5 83.5 70.2 69.4 79.5 83.6 81.6 79.2 73.4 72.4 71.9 70.9 66.7 65.4 60.2 53.6 49.2 49.4 54.1 52.3 46.8 25.3 13.7 13.3 18.5 26 30.3 33.5 41.8 52.9 55.3 55.4 54.7 57.9 58.6 51.3 36.3 29.8 22.7 17.6 7.5 -1.6 -1.6 -1.6
74.2 52.6 41.3 44.1 53.2 61.4 71.1 79.2 84.1 89.4 91.4 88.7 87.6 87.2 83.9 76.3 67.2 61.3 56.2 56.2 57.1 58.3 63.6 73.6 71 68.4 66.6 66.8 67.3 74.4 76.7 74.9 74.2 79.2 81.8 86.5 82.3 69.9 76.9 73.3 77.9 83.4 79.2 77.3 77.7 72.4 74.2 74.8 76.9 72.2 70.6 68.6 68.1 65.4 64.4 64.5 59.2 52.1 49.3 50.4 56.5 48.9 37.7 28.3 11.9 12.4 14.2 18.4 23.8 31.8 41 43.4 44.5 44.1 44.1 41.2 32.3 23.2 7.6 -1.6 -1.6 -1.6 -1.6 -1.6 -1.6
67.2 53.2 43.7 44.6 52.3 61.2 67.4 76.7 80.8 86.7 86.4 84.2 83.1 83.2 77.9 74 68 60 56.2 56.4 57.1 57.7 58.8 76.2 73 71.1 71.8 67.2 67.6 72.2 82.2 76.9 75.2 75.7 78.7 86.6 84.1 77.8 75 77.8 86.3 85.4 80.4 73.7 72.9 76.7 72.4 77.1 75.3 72.4 69.6 68.7 68.6 66.9 64.7 65.5 64.5 55.7 52.5 46.7 48.6 51.2 48.3 35 22.7 10.6 10.7 12.6 16.4 21.1 28.2 31.1 34.1 33.1 29.9 21.3 10.8 2.1 -1.6 -1.6 -1.6 -1.6 -1.4 -1.6 -1.6
63.1 52.6 44.5 39.4 49.9 56.6 60.3 69.6 75.3 79.7 80.2 79.8 81.3 80 74.2 70.9 65.5 58.6 56.2 56.5 56.9 57.5 58.2 70.6 74.2 71.7 71.3 73.9 68.1 69.6 75.6 76.6 75.2 78.1 84.1 80 78.9 75.3 84.9 83 89.3 90.6 87.9 79.6 72.3 71.7 70.9 73.7 73 73.1 72.5 69.8 71.5 70 67.3 66.8 64.2 60 57.2 51.5 43.9 42.5 44 41.4 31.7 17.4 8.3 7.7 10.9 11.1 12.3 14.4 16.8 15.8 5.4 2 0.9 -1.6 -1.6 -0.9 -0.6 -0.5 -0.6 -0.8 -1.6
61.4 52.8 43 40.8 48.2 50.7 53.2 60.2 69 71.7 75.6 76.9 78.4 78.2 72.1 68.4 62.8 57.9 56.3 56.3 56.6 57.3 58.3 63.4 72.3 75.4 72.9 71 69.5 70.3 71.3 73.5 75.2 76.5 84.6 74 73.9 76.8 85.3 88.1 86.4 93.8 98.2 89.3 73.3 69.6 69.4 71.5 75.3 78 75.9 71.8 73.3 71.7 68.3 66.5 62.9 62.6 62.1 52.7 46.4 42.6 39.1 36.4 31.6 23.6 13.4 5.6 4.7 6 4.6 4.4 6.1 2.6 1.8 0.7 -1.6 -1.6 -1.1 -0.4 0.2 0.3 0.3 0.1 -0.3
56.8 47.5 42.8 41.1 45.6 49.7 55.2 58.2 64.7 72.5 70.4 73.3 75.9 76.5 71.1 68.9 63.1 58.1 56.6 56.2 56.5 57 59.3 61.1 66.9 74.4 74.7 71.6 70 69.6 73.7 77.5 76 76.8 75.8 73.1 72.6 75.4 79.1 79.7 82 89.9 93.6 90.9 82.2 68.8 67.8 78 77.9 84.1 76.1 76.5 76.6 76.8 71.6 69.6 64.8 62.9 61 56.1 50.8 43 39.1 33.2 27.7 22.2 16.5 11.7 4.5 4.4 2.3 2.3 2.3 1.4 0.5 -0.3 -1.6 -1.6 -1.1 -0.1 0.8 1.1 1.2 0.9 0.5
52.4 45.1 43.1 42 42.3 45.4 53 57.3 63.2 68.7 68.7 71 69.1 71.7 70.2 72.7 65.2 58.3 56.6 56.3 56.5 57 57.5 59.5 64.5 73.2 78.7 77.9 70 69.8 71.4 74.4 75.3 77.9 75 74.4 73.3 72.3 71.7 73.9 72.8 79.1 82.6 82.7 78.7 66.3 65.9 76.7 79.2 82.7 81.5 76.9 77.3 79.1 74.7 72.9 71.1 65.9 61.7 55.8 52.4 43.5 39.7 30.3 26.2 19.8 13.1 8.7 4.5 2.9 2.3 2.3 1.7 0.8 0 -0.9 -1.6 -1.6 -1.2 -0.1 0.9 1.9 2 1.8 1.4
44.5 42.8 42.4 42 41.7 42.2 43.7 49.2 59.7 64.9 63.7 67.7 64.3 65.5 68 72.4 63.9 58.1 57.4 56.5 56.5 57.1 57.2 57.8 64.4 71.4 74.3 81.2 70.5 70.1 71 74 75.1 75.7 75.9 76.3 76.8 82 72.8 72.1 70.3 69.8 69.7 68 69.4 64.5 65.4 68.7 78 77.4 74.7 78.5 82.2 78.7 78.1 78.3 74.5 74 67.1 57 47.4 44.2 37.7 30.9 24 20.5 12.6 11.7 6.9 3.9 2.4 1.9 1.3 0.7 0.1 -0.5 -1.6 -1.6 -1.6 -0.2 0.8 1.9 2.3 2.9 2.2
44.1 42.9 42.4 41.9 42 42.4 42.5 48 60 65.8 62.9 64.7 61.1 60.9 60.9 66.8 65.8 58.8 58 56.8 56.6 57 57.3 57.8 65.1 71 74.2 79.1 71 70.8 72.2 74.4 74.5 75 77.7 77.7 79.9 85.7 80.6 78.2 82.9 80.3 70.1 75.3 72 69.1 60.4 59.8 61.8 71.4 72.3 75.3 83 81 77.1 78.7 78.5 75.8 71.5 66.2 55.2 43.4 38.4 28.6 22.7 21.7 12.1 12.3 12.2 11.3 2.5 2.3 2 1.4 0.8 0.1 -1 -1.6 -1.6 -1.6 0.2 1.1 2.1 2.6 2.8
43.9 43.2 42.6 42.4 42.6 42.8 43.3 50.7 62.1 63 60.9 60.6 60.9 60.9 61.6 69.6 71.6 60.8 57.4 57 56.8 57 57.5 58 64.7 73.4 73.2 77.3 71.4 73.2 73.4 74 75.3 75.2 78.1 80.8 79 80.6 81.8 81.9 87.3 85.9 76.2 80.4 84.3 72.7 63.3 58.6 58.1 57.9 63.9 69.3 74.6 73.7 75 82.2 80.9 79.3 76.7 68.1 59.9 47.6 37.8 29.1 23.9 20.4 15.8 13.1 12.9 12.6 9.5 2.2 2.3 2.2 1.6 0.6 -0.5 -1.6 -1.6 -1.6 -0.6 0.5 1.6 2.6 4.1
43.4 42.9 44.4 45.2 43.4 43.9 44.8 51.1 59.8 61.5 63.7 65.1 62.1 60.9 68.1 80.6 73.3 63.6 58.6 58 57 57.1 57.7 58.2 68.1 76.8 72.6 75.5 73.4 72.6 73 73.2 73.2 73.2 73.6 77.8 79.4 80 81.4 84.5 81.6 84.9 82 71.9 80.2 70.9 59.5 57.8 58 57.1 57 62 59.1 62.5 67.5 78.6 80.2 81 82 74.3 65.2 53.6 38.3 29.8 24 19.8 19 21.7 16.1 20.8 18.2 5.2 2.5 2.3 2.3 1.1 0.2 -0.5 -1.6 -1.6 -0.9 0.2 1.2 2.2 6.1
45.4 43.4 47.8 49 44.7 48.1 47.9 51 53.7 58 62.8 61.9 60.9 60.9 64 77.9 73.1 65.6 62.4 63.7 57.9 57.1 57.8 58.4 65 71.8 72.2 71.9 72.7 73.4 73.6 73.2 73.2 77.3 80.1 79.6 80.1 83.1 89.1 91.5 89.4 82.7 75.9 71.2 68.1 66 65.6 57 57.1 57.4 55.6 57.8 59.8 54.2 56.1 63.8 69.1 76.1 80.5 75.9 66.7 55 42.7 31.4 23 21.3 21.2 28.7 24.5 26.5 22 10.3 5.2 2.2 1.9 1.7 1 -0.1 -1.6 -1.6 -1.6 -0.1 1 2 7.1
48.5 46.8 54.8 50 45.8 49.3 50.7 52.8 56.3 60 64.4 60.9 60.9 60.9 60.9 75.4 69.9 67.2 63.8 62 62.7 57.5 60.5 64.1 61.3 67.2 68 71.3 72.4 74 80 78.7 78.8 81.5 81.7 80.8 84.4 86.5 92.3 93.4 95.5 97.3 90.3 74.1 72.7 69.5 62.5 59.5 56 55.6 55.3 57.3 53.5 54.4 51.7 53.8 51.4 57 64.4 67.1 64.9 58.2 47.7 33.3 22.7 22.1 24.3 25.5 27.4 30.5 25.9 12.5 6.1 5.1 2.7 2.3 1.9 -1.6 -1.6 -1.6 -1.1 -0.1 0.9 1.9 7.7
53.6 53.9 54.2 48.8 47.3 51.1 53 58.4 59.1 62 62.2 60.9 60.9 60.9 60.9 71.2 71.7 70.8 65 62.9 63.4 58.5 60.2 61.2 61.3 63.1 71.1 78.5 77.8 78.6 81.9 81.9 82.7 83.7 83.5 86.6 87.8 88.6 92.3 93.5 95.5 99.3 88.4 80.6 74.3 68.6 78.3 61.1 56.7 55.8 55.8 57.3 57.8 59.5 51 50.6 52.4 51.2 41.1 40.9 50.8 47.4 41.2 31.2 24.1 23 25.9 24.6 24.6 24.6 26.1 19.2 6.9 5.5 4.8 2 2.1 -1.6 -1.6 -1.6 -0.3 0.5 1.2 2 9
57.9 58.3 52.8 48.8 46.4 51.4 56 59.2 58.9 64.2 67.8 60.9 60.9 60.9 60.9 65.5 67.8 72.5 67.6 64.6 62.1 60 59.9 59.7 65.6 74 74.8 75.3 77.8 82.1 83.6 83.4 84.2 84.6 84.7 88.3 90.3 89.3 89.4 91.9 92.6 97.4 92 82.7 77 66.1 72.4 64.4 58.8 62.3 59 56.8 56.1 54.8 52.5 50.2 50.4 49.4 43.8 45.5 41.6 33.3 29.1 26.7 26 27.3 24.4 26.6 25.2 24.5 24.3 22 10.8 5.5 4.5 4.8 -1.6 -1.6 -0.3 0.3 0.5 1.3 2.1 2.3 7.4
64 62.4 54.1 50.7 49.3 54.1 56.6 60 60.4 62.8 66.6 60.9 60.9 61.1 60.9 60.7 63.1 65.8 68.6 76.2 65.9 63 60.5 63.7 69.1 74.2 73.3 71.6 80.3 83.4 85.1 84.8 85.3 85.6 85.5 88.1 91.7 87 84.6 89 91.4 92.7 90.5 86.1 80.4 66.8 69.5 65 61.9 67 64.8 64.1 67.8 60.5 57 50.7 50.1 53 47.2 45.7 43.2 38.1 41.4 40.1 47.1 45 43.5 38.8 37.7 35 31.7 32.1 32.2 15.8 4.4 3.9 -1.6 -1.6 1.3 1.8 1.8 2.1 2.3 2.3 7.3
66.6 64.7 56.4 54.7 49.2 55.6 57.8 62.2 60.7 62.8 60.9 60.9 60.9 62.7 62.8 61 61.5 66.3 73.2 80.1 66.9 64 66 63.1 69.2 75.8 74.4 72.3 81.8 88.5 87.2 86.3 86.4 86.6 86.3 87.9 87.3 84.6 84.6 84.6 93.9 90.2 88.7 88.8 81.4 74.5 70.9 69.5 65 66.1 69 66.3 67.3 66.4 66 61.8 52.6 51.4 51.8 57.9 56.4 53.6 54.1 53.9 62.1 64.4 53.2 58.7 57.9 46 46.5 40 36.9 35.6 12.9 3 -1.6 -1.6 -1.6 4.1 2.4 5.1 6.2 2.6 5.2
66.4 63.2 61.9 57 48.8 57.8 61.1 65.6 64.7 62.8 60.9 60.9 60.9 62.9 64.5 62.3 67.3 67.7 77.2 85.6 84.3 67.7 64.9 65.1 67.8 77.6 75 75.4 78.2 89.5 88.8 87.8 87.7 87.5 86.9 88 87.8 84.6 84.6 89.4 92.8 93 88.3 86.8 84.8 75.4 66.4 67.5 67.3 66.7 70.6 67.3 66.7 66.5 63 61.4 62.1 61.6 66 65.1 66.2 60.2 62.4 68 72.7 75.8 68.4 67.6 71.3 68.5 50.7 46 37.3 36.2 19.2 2.7 -1.6 -1.6 -1.6 2.4 3.5 6.2 16.1 15.3 12.5
66.3 63.1 68.5 61.8 53.2 59.7 61.4 64.4 64 60.9 60.9 60.9 60.9 65.6 65.8 62.6 63.9 67.6 71.2 83.2 94.1 75.2 67.7 69.6 65.8 75 75.4 76.1 77 89.3 89.6 89.6 88.7 88.1 87.4 87.2 87.3 85.9 84.6 87.3 93.4 94 91.9 85.8 85.8 76.3 66.6 68.6 68.2 73.7 68.5 66.8 66.8 66.2 69.1 70.3 66.9 69.9 73.3 75.2 73.8 76 72.1 77.2 87.6 90.2 77.6 72.7 70.9 69.2 58.5 51 40.4 33.7 24.4 9.3 1.3 -1.6 -1.6 -1.6 -1.6 9 16.6 17.9 17.1
67.9 66.8 67 63 55.8 61.6 63.2 64.7 61.1 60.9 60.9 60.9 60.9 64.6 66.1 63.9 66.6 68.9 70.1 71.5 78.3 80.3 70 75.1 73.4 76.8 76 77 78.9 83.1 92.8 93.2 91.3 89.4 88.5 87.9 87.5 84.6 84.6 84.6 87.9 89.9 91.1 85.5 81.2 74.1 68.4 72.5 72.9 74.3 71.8 66.7 66.5 67.1 72.1 76.4 75.5 82.2 78.1 79.8 83.3 83.9 80.8 85.3 95.9 92.8 80 70.9 65.7 62.5 58.4 67.6 53.5 41.2 44.3 30.6 11.1 2.1 -1.6 -1.6 -1.6 -1.6 16.6 17.1 17.7
66.1 65.9 61.3 60.7 53.5 63.6 67.9 64.8 60.7 60.9 60.9 60.6 60.9 67.4 67.6 65.2 67.4 73 74.8 75.1 82.3 79.5 76.1 73.1 72.5 71.6 77.2 79.5 80 81.5 88.8 93.9 94.7 90.8 90 89.3 88.1 87.2 84.6 86.4 84.6 84.6 88.6 87.4 80.9 77 76.4 78.7 74.3 73.2 71.8 68.4 66.6 70.8 66.2 76.7 77.8 81.5 83.1 84 87.5 85.6 85.9 90.6 94.1 93.6 87.5 77.1 66.6 63.4 66.1 71.9 64.6 47.9 46.7 42.6 22.1 2.3 1.3 -1.6 -1.6 -1.6 16.5 17 17.6
66.5 62.1 61 56 54.4 62.6 65.2 62.8 61.7 60.9 61.5 60.3 62.3 72.2 73.8 67.3 70.2 74.4 79.1 84.5 85.6 82.1 78 74.8 73.6 70.4 78.5 80 83.9 82.3 85.4 89 95 92.8 92.1 90.5 88.6 87.6 87.3 88.5 94 88.8 94.7 91.2 86.7 84.1 75.6 75.8 81.4 74.2 73.6 71.1 67.1 69.6 66.4 67.4 75 78 83.3 89.8 95.2 89 91.8 93.6 95.4 101 97.8 84.7 75.7 69.2 72.1 73.8 65.6 51.1 38.5 31.4 23 6.3 0.6 -1.6 -1.6 11.9 16.4 16.9 17.4
65.1 62.1 59.6 53.1 56.8 61.6 62.2 62.2 62.3 62.6 61.2 62.1 68.9 76.4 77.5 70.2 73.7 79.2 82.8 89.2 91.6 89.4 75.4 75 70.8 71.9 78.7 80.8 82.3 82.7 83.8 86.1 91.7 94.6 94 94 89.9 89.5 90 90.2 97.1 91.8 93.7 92.9 88.7 86.5 79.1 75.4 83.6 76 77.3 71.7 71 74.1 69.3 67.5 70.4 74.9 88.9 90.4 97.4 92.7 93.5 100.5 100.5 103.1 101.9 96.3 87.8 78.1 75.3 72.5 61.4 47.3 36.3 25.1 17.3 8.3 0.5 -1.6 2.1 2.8 16.5 17 17.3
66.8 61.7 58.5 56.3 57.2 61.6 62.2 62.1 62.2 63.2 68.9 64.6 73.6 79.8 76.6 73.5 77.8 80.4 84.9 91.4 94.4 96.2 77.3 73.1 71.1 75.3 82.7 82.2 82.4 81.8 83.1 84.7 93 96.9 95.4 94.9 92.6 92.2 92.1 92.1 96.3 93.6 93.6 94.7 90.5 82.9 79.3 75.9 77.6 77.9 76.8 76.6 77.2 72.1 70 69.7 73.4 80.9 90.4 98 99.8 95.3 94.7 104.8 104.9 104.4 107.5 100 92.2 81.4 75.8 74.5 55.6 39 28.2 20.3 15.6 -1.6 -1.6 -1.6 2.3 2.9 16.9 17.1 17.3
65.9 62.9 56.6 54.9 61.2 59.7 63.5 62.6 62.5 68 70.3 68.8 81.8 82.1 75.4 76.4 78.8 82.6 84.3 94.9 99.4 99.8 85.4 73.6 72.6 75.3 81.6 83.5 83.3 81.8 81.9 85.2 92.8 97.4 97.2 95.2 94.6 95.9 94.2 95.2 95.5 95.2 94.1 96.3 89.9 84.3 76.8 77.7 89.8 87.4 81.9 80.8 79 79.3 78.9 71.3 77.6 81.8 91.9 100.5 106.4 102.8 100.2 110.5 111.5 109.8 112.5 104.9 92.1 81.1 73 70.9 53.8 34 24.7 15.3 1.5 -1.6 -1.6 2.4 2.6 3.5 16.9 17.3 17.3
64.3 59.2 56.9 55.8 60.9 59.8 62.1 63.3 62.4 67.1 72.2 71.3 78.8 81.4 75.9 77.8 80.3 89 90.7 99.7 104.9 102.4 91 81.3 75.4 76.8 78.1 83.4 84.7 81.8 81.8 82.2 87.8 93.3 95.4 94.1 94.6 94.4 95.6 95.1 95.3 95.7 96.1 94.3 89.1 91.1 78.6 76.4 88.7 87.7 84 82.7 89 80.8 76.3 74.3 80.6 84.8 91.8 98.5 111.4 108.1 103.9 112.4 113.8 112.1 110.6 105 88.3 77.1 71.3 62.6 53.1 34.1 21.1 9 2.2 2.2 2.8 2.2 16 3.7 17 17.3 17.4
60 57.1 56.2 57.6 61.9 61.3 62 62.4 69.1 67.8 71.2 71.5 77.1 76.7 76.1 77.1 82 91.2 96.7 103.7 107.9 107.2 96 87.6 74.1 76.6 77.2 80.5 83 83.5 81.8 81.8 84.5 88.5 91.8 93.4 93.3 93.8 95.1 95.6 95.8 96 96.4 94.5 89.6 89.9 81 76.4 84.3 85 83.7 86 86.9 79.4 74.4 73.6 82.8 89.2 88.7 99.2 112.1 110.1 104.9 111.7 112.7 108.7 104.2 99.9 83.9 74.7 66.6 55.9 44.7 34.2 18.2 6.8 2.8 2.4 2.7 18.1 17.5 4.3 16.6 17.4 17.1
58.8 56.3 56.3 57.9 69.2 64.5 63.9 73 71.4 70.5 71.6 75.7 77.4 76.7 76.7 77.1 84 91.2 95.6 103.1 106.4 102.8 101.5 92 81.9 82.5 82 78.6 78.1 83.9 83.3 83.8 84.3 87.5 90 91.3 91.5 94.5 94.4 95.3 95.9 95.7 96.8 94 90.2 84.1 81.6 76.5 86.4 83.5 84.8 81.7 84.8 77.2 73.7 73.7 88.7 89.3 90.9 99.5 112.5 114.1 105.2 109.1 109.5 104.9 99.6 91.2 83.3 74 64.3 48.5 37.3 25.3 16.5 2.9 2.5 2.3 11.5 19.3 18.2 6.7 5 11.9 16.8
57 56.4 57.9 64 72.2 70.2 71.4 80.6 77.8 79.3 72.9 83 80.2 77 77 77.4 82.6 89.3 94.4 96.2 102.1 103 97.4 95 87.3 76.3 76.8 77 77.2 79.1 83.5 84.2 84.9 87.2 89 90.5 92 91.8 92.4 93.8 94.9 95.5 96.2 94.8 94.7 83.5 81.5 76.7 82.4 83.1 82.2 80.5 79.1 78.2 73.8 74.1 93.1 94.8 93.4 101 116.8 112.3 106.5 102.7 105.5 104 97.4 94.7 82 67.6 55.3 44.9 31.6 19 4.9 2.9 2.7 10.2 19.5 30.4 27.1 17 14.2 6.8 9.8
56.7 57.4 58.2 64.8 74.9 72.9 74.3 85.5 84.6 87.4 82.2 87.1 81.5 77.4 77.5 77.5 84.1 87.5 94.1 95.9 92.8 96.3 96.2 102.7 93.1 82.5 76.4 76.6 76.8 77.5 82 84.6 84.6 86.3 89.2 90.8 91.4 91.8 91.8 91.8 92.6 95.7 98.6 96.4 97.6 89.6 82.4 77.9 79.1 81.2 81.1 80.8 79.1 77.3 76.1 74.3 96.3 101.3 95 98.2 111.1 111.2 108.9 102 99.5 104.1 99.9 93.3 87.2 69.4 54.4 39.4 24.6 17.7 3.6 2.8 3.1 20.4 24.5 36.1 31.4 18 16.4 10.1 7.1
56.6 57.9 59.8 69.6 75.1 76.5 78.6 84.2 88.9 93.8 88.9 97.3 88.7 77.8 77.8 78 83.5 88.9 94.6 94.3 90.2 89.6 95.5 101.6 97.1 86.8 79.8 76.9 76.8 77.9 79 83.2 84.4 86 87.6 92.6 92.3 91.6 91.8 91.8 91.8 93.7 98.6 98.2 95.3 93.4 87.8 81.2 78.3 80.1 80.9 80.6 79.6 79.9 79.6 80.3 97.4 104.6 96 101.1 107.7 108.3 107.3 103.3 94.8 96.6 97.9 88.5 79.8 64.8 51.7 35.7 19.4 5.4 3.5 3.5 14.3 31.9 36.9 48.6 35.3 27.6 17.1 11.7 12.8
