app/static/ascii/NC71.asc
ncols 200
nrows 200
xllcorner 270000
yllcorner 910000
cellsize 50
[rows 140 to 174 of 200, columns 0 to 77 of 200]
228.1 231.7 236.1 239.6 242.8 243.5 243.3 245.1 245.6 238.8 235.2 231.9 231.3 231.7 230.7 228 226.4 228.1 230.2 233.7 234.7 236.7 238.3 243.6 246.6 250.1 253.4 256.3 258.3 260.6 262.7 259.2 253.1 249.1 242.2 234.9 230.8 228.8 228.8 230.1 230.3 231.4 234.2 234.6 235.5 236.7 236.1 233.7 231 232.5 232 231.2 229.6 227 224.2 221.2 217.7 214 209.7 205.1 201.7 200.8 197.1 194.2 192.6 189.6 190.8 189.8 189.6 189.6 189.6 189.6 189.6 193.9 196.1 199.2 204.4 205.5
222.5 225.8 228.7 232.9 237 239.1 238.8 238.4 237.1 233.2 232.6 232.1 229.8 229.8 229.6 229.7 229.2 230.2 230.9 233 236.6 238.8 242.2 247.6 251.7 255 259.2 262.9 265 265.9 266.5 262.5 259.4 256.3 249.9 243.7 236.6 231.1 228.6 227.7 227.5 227.3 228.1 228.8 229 228.5 228.5 227.2 225.1 226.8 225.7 224.4 223.5 221.4 219 216.1 213.7 211 206.7 203.9 200.6 198.8 196.7 194.2 192.4 189.6 190.6 189.9 189.6 189.6 189.6 189.6 193.1 194.9 199.2 202.1 205.8 209.2
216.3 219.1 223.9 227.7 231.2 233.4 234.2 234 232.6 230.9 224.2 229.7 229 228.8 229.1 229.3 229.5 229.9 230.2 233.7 238.6 242.4 244.8 247.8 253.1 260.2 265.9 269.9 273.3 276.4 275 272.4 271 269.6 262.6 251.8 243 235.8 232.3 227.6 226.2 225.7 226 225.8 225.4 224.7 223.2 222.1 222.3 222.8 221.2 219.8 218.2 217.2 214.5 212 209.6 206.4 202.6 200.3 198.5 197 195 194 192.2 190.8 191.3 192.1 191.9 191.2 190.7 193.1 195.6 197.6 201.7 204.1 207 211
207.6 211.2 215.1 220.3 224.8 228 228.3 229.2 228.8 228.2 221 223 225.8 227.8 228.6 228.9 229.4 229.6 229.9 232.4 239.2 243.1 248.2 250.1 253.1 261.6 270.4 276.6 281.3 283.9 284.7 285.1 285.5 284.9 279.8 268.2 254.6 244.1 236.1 230.8 225.9 225.7 225.7 225.1 224.5 222.5 220.9 219.3 218.6 218.9 218.1 216.8 214.9 213.8 212.4 210.5 207.5 204.3 201.7 199 197.6 196.1 193.9 191.6 191.7 191.1 192.6 193.8 194.5 195.4 195.4 196.7 198.7 200.2 203.7 207 209.9 212.7
202 204.7 206.2 211.9 217 219.3 223.3 224.4 225 224.3 221 219.8 223.3 225.9 226.2 226.9 228.1 228.7 230.1 231.4 238.5 243.7 248.2 250.8 253.3 258 266.6 275 282.3 288.8 292.2 295.3 298.3 299.4 294.1 283.3 268.1 259.4 250 238.3 230.6 225.7 225.5 225.5 225.6 223.4 220.8 219.3 217.7 216.5 216.2 214.8 212.9 211.9 210.9 207.5 205.3 202.2 199.7 198 196.7 195.4 193.1 192.1 192.8 191.9 193.9 194.5 195.3 196.4 200 202.1 203 204.2 209.2 210.5 213.2 215.4
201.4 202.7 201.5 204.8 210.7 213 216.1 217.6 220.8 221.3 220.5 217.2 220.6 224.4 224.9 225.4 226.4 228.8 230.5 232.1 235.4 241.3 248 252.2 254.3 258.1 263.6 271.7 280.4 288.7 295.8 300.3 304.2 303.4 300.4 296.1 284.6 276.4 264.3 251.3 239.4 230.7 227.4 226.5 226 224.6 221.7 219.7 218.3 216.5 214.2 213 211.2 209.1 207.2 204.5 202.3 200.3 198.4 197 195.9 194.5 192.5 192.8 193 192.5 194.5 195 196.5 200.1 203.2 206.5 206.1 207.3 208.9 211.3 214 217.5
195.3 197.7 198.4 201.2 202.9 204.3 208 214.1 215 215.4 218.8 216.7 216.6 219.9 222.3 224.1 225.1 228.4 231.7 234.4 238.2 244.3 251.7 255.2 254.9 258.6 264.1 270.1 278.8 288.3 295.1 299.8 306.4 311.1 309.6 301.4 291.5 282.8 275.6 263.9 251.3 239.4 233.2 229.9 227.2 224.6 222.7 220.8 219 217.3 214.1 212.1 209.8 207.7 205.8 203.8 201.7 200.5 198.4 197.2 195.6 194.5 193.7 194.1 193.3 193.4 194.6 195.9 198.4 201.9 204.8 207.5 208.9 209.6 210.7 212.5 215.2 218.9
195.3 195.3 195.3 198.2 200.2 201.6 203.4 206.4 210.3 213 214.6 214.6 214.9 216.7 219.5 221.9 223.3 226.5 231.8 235.4 239.8 243.8 249.7 253.5 254.4 256.5 262.3 269 277.5 287.9 293.6 295.7 298.6 306.3 311.1 309.9 300.3 290.8 286.5 277.4 269.3 253.9 245.3 239 233.3 229.5 224.5 221.8 219.5 217.2 213.9 210.8 208.3 205.8 203.2 202.6 200.4 199.5 198.5 197.1 195.9 195.2 195 194.4 193.6 194.2 195.3 196.6 199.9 203.2 205.9 207.8 209.7 211.3 212.5 214.1 216 219.6
195.3 195.3 195.3 195.3 196.9 200.3 200 204.8 212.2 213.5 213.8 213.5 213.8 214.2 214.6 215.7 220.1 224.4 228.9 233.1 236.8 242.1 248 250.3 253 255.1 257.9 263.5 271.7 279.8 285 290.7 293.2 296 298.9 303.3 299.3 294.2 293.8 289.7 280 272.1 260.7 252.3 246 236.2 227.9 220 216.8 214.6 212.5 208.6 205.3 202.8 201.6 200.9 200 199.2 198.4 197.1 195.7 195.1 195.3 195.2 195.2 195.7 196.4 199.8 202.5 205.1 206.5 208.5 210.4 212.2 213.9 215.5 217.8 220.5
195.3 195.3 195.3 195.3 195.3 197.6 199.5 201.5 211.3 211.7 211.5 211.3 211.7 212 213.4 214.4 215.9 218.6 223.9 229.7 234.2 238.9 243.3 247.1 249.8 252.7 256.2 261.3 269 276.6 282.2 286.4 288.2 289.1 291.6 292.5 293.5 292.6 292.5 289.5 283.5 276.1 269.5 263.2 256.4 245.6 236.5 227.1 220.5 216.5 212.1 207.5 204.3 202.5 201.3 200 199.6 198.9 198.1 197.1 195.7 196 196.9 197.2 197.7 198.2 199.8 203.5 205 206.8 208.3 209.6 211.4 213.1 214.8 216.9 219.5 222.1
195.3 197 195.3 195.3 198.5 201.8 201.9 202.2 205.5 209.6 210.4 209.4 209.3 210.5 212.7 214.1 215.4 217.1 220.4 223.9 227.9 232.7 237.2 241.1 244.8 251.5 254.3 258.2 264.1 272.7 277.9 281.9 284.8 287.3 289.9 291.3 293.2 292.2 290.8 288.8 285.7 282 275.4 268.9 262.9 253.7 245.1 236.5 226.4 220.8 216.8 211.6 206.4 203 200.9 199.6 199.1 198.7 197.8 196.9 196.6 197.3 198.3 198.8 199 199.4 201.6 203.2 206.1 208.3 209.8 210.6 212.4 213.9 216.2 218.8 222.1 224.9
195.3 197.4 195.3 196.1 197.9 203.6 203.8 204.8 205.4 207 207.4 208.7 210 211.8 213.6 213.9 215.2 218.6 220 223.4 226.1 230.3 234.6 237.1 239.8 245.5 252.5 255.8 259.9 267.7 272.4 277.6 280.7 284.3 288.1 291.1 293.6 295 296.3 295.3 293.7 291.6 285.3 279.4 269.1 259.7 252.2 243.3 234.4 225.7 221.6 217.2 211.2 205.5 202.8 200.7 199.6 198.5 197.5 197.7 198.4 198.5 200 200.5 200.7 202.7 204.5 206.4 208.2 209.6 210.6 211.9 214.5 217 219.7 222.7 226.1 228.5
197.5 195.3 198.4 199.6 200.2 211 209 209.2 208.3 208.7 208.3 209.4 210.5 213.9 213.3 214.5 215 216.7 219.2 221.9 225.6 228.1 232.6 236.1 238.7 242 245.6 250.8 254 259.7 265.9 270.7 275.2 279.7 285.3 288.8 291.3 292.3 293.1 294.7 293.1 291 290.5 288.9 281.9 272.5 263.4 255.6 247.1 236.9 231.6 224 216 211.2 206.8 203.2 201.7 201.4 201.3 199.9 200.3 202 202.5 202.8 204 205.5 207.4 209.8 210.4 211.4 212.8 215.1 218.6 220.5 224.2 227.1 229.8 232
199.3 199 200.3 203.1 204.3 205.7 210.7 211.3 211.6 211 209.9 210.3 210.9 213.3 214.4 215.2 217 218.1 222.2 224.7 230.2 232.4 233.3 235.4 238.7 242.4 245.7 249.5 253.6 256.9 261 265.1 270.1 274.3 279 280.8 285.8 287.2 287 287 287.6 285.6 282.3 281.1 280.8 277.5 270.5 265.4 256.8 247.2 240.5 232.7 224.1 216.2 210.8 206.8 205.5 205 205.5 204.4 202.8 204.1 205.7 206.5 206.9 208.3 210.9 212.8 213.8 215.8 217.5 218.9 222.2 224.5 227.5 230.2 233 234.9
203.8 204.8 204.1 204.9 209.6 208.3 209.9 212 212.1 212 211.4 211.6 213.4 213.5 214.9 217 219.8 222.9 228 229.8 232.8 234.9 235.6 236.6 238.8 242.7 246.6 250.2 253.7 256.1 258.3 261.8 264.8 267.9 270.8 273.8 275 276.1 278.6 278.3 279.1 279.8 276.2 272.6 270.9 268.4 266.5 263.5 257.2 250.1 244 237.6 229 221.3 213.7 211.4 209.1 209 208.2 207 207 208.2 208.7 208.6 210.1 212.3 213.8 215.7 217 219.2 221.3 222.3 224.9 228.2 229.8 232.8 235.1 237.1
206.7 205.7 206.6 210.4 212.4 211.7 211.7 212.3 212.3 212.2 212.4 212.2 213.7 215.2 217.3 219.1 225 228.7 232.9 235.7 239.5 239.4 240.6 240.6 241.1 242 245.6 249.4 252.4 254.6 256.3 258.1 261.1 264 266.7 267.2 267.7 268.5 268.4 272.5 269.9 267.1 265.8 262.3 260.1 259.9 258.6 259.2 253.5 249.7 242.5 235.2 226.3 219 214.1 212.9 211.9 211.6 209.3 209.7 210.5 212.9 212.5 213.4 214.4 216 217.5 219.3 220.2 221.9 223.8 225.3 227.9 230.2 232.8 235 237.1 239.2
204.1 204.7 206 209.8 213.7 215.4 214 212.8 212.4 212.6 213 213.3 213.7 215.7 219.4 227.3 229.8 233 237.3 241.3 244.3 246.8 247.4 245.9 245.2 244.6 246.2 248.3 250.8 252.6 254.2 256 256.9 260.4 262.5 263.2 264 263.6 262.2 260.9 261.1 259.9 256.3 253.1 249.9 249.1 247.3 246 242 238.3 233.5 227.4 221 216.2 214.6 213.7 212.9 212.5 209.2 211 212.5 215.2 215.8 216.7 217.4 218.4 220.5 223.1 224.8 225.5 227.5 229.9 232.1 234.1 235.7 237.2 239.1 240.9
203.8 203.8 205.1 206.5 206.8 209.8 214.7 212.4 211.9 211.8 212.3 213.5 216.9 219.6 226.5 228.7 234.3 237.3 241.8 246.5 249.9 256.9 256.5 255.5 253.3 250.5 247.6 248.3 250.1 251.3 252.3 253.5 254.8 257.5 259.2 260.5 261.6 261.4 259.6 257.2 254.5 252.4 248.8 245.8 241.7 239 237 234.5 231.4 227.7 223.8 219.7 217.8 216.5 216 215.1 213.9 213.1 209.9 212.2 214 215.1 216.6 218.4 219.2 220.4 222.2 226.1 227.9 229.7 233.6 234.9 234.9 236.8 238.1 239.5 240.3 242
207.4 205 204.4 205.4 205.9 206.4 208.2 209.1 209.3 210.7 212.3 213.3 214.4 217.4 223.8 230.5 235 238.5 243.1 249.8 253.3 256.2 261 262 262.2 259.1 252.8 252.4 251.5 250.6 251.1 252.5 253.9 254.6 256.3 256.6 256.6 257.3 257.6 255.5 251.6 248.5 243.2 238.7 235.2 232.2 229.6 225 221.9 219.4 216.4 215.7 215.8 216.2 215.2 214.2 213.1 212.9 211.3 212.9 214 215.3 216.2 218.6 221 222.3 224 227.2 230.5 233 234.8 237.7 238.4 239.6 240.5 241.1 241.6 244
210.2 207.3 205.5 205.5 206 207.3 209 209.4 209.6 210.7 214.1 213.8 219.4 222.9 225.7 232.3 239.4 244.7 249.3 251.7 254.9 259.8 265.4 266.3 269.5 267.4 258.5 260.3 258.2 254.6 252.9 253.4 253.6 255 255.4 255.7 255.3 254.1 253.8 252.2 249 245.4 240.5 235.9 231.8 227.3 224.4 220.5 217.7 215.3 213.8 213.8 213.8 213.9 213.9 213.3 212.5 211.2 213.1 214 214.8 215.6 216.8 218.4 220.4 222.7 225.1 228.6 231.3 233.8 235.3 237.1 239.4 240.8 241.8 242.3 242.8 243.9
221.1 214.1 207.1 206.5 207 208.2 209.6 210.8 211.2 213 217.8 217.4 220.6 223.8 227.7 234.3 240.6 245.1 252.1 254.6 257.1 260.2 265.1 268.5 275.7 282.1 273.7 269.7 267.9 263.1 256.8 255 254.4 255.6 255.8 257.3 255.7 253.5 252.5 250.6 247.7 243.3 238.2 233.9 230.6 227.4 222.4 217.5 215.3 213.5 213 212.8 212.9 212.9 212.7 212.1 211.5 211.3 213.6 214.5 215.3 216.4 218.2 219.9 221.6 223.8 225.9 228.6 231 232.7 234.1 236.3 238.2 240 241.7 241.9 243.4 243.6
231.2 220.4 212.8 210.2 208.6 212 214.3 212.8 214.2 217.4 220.8 221.9 223.8 225.5 230.2 233.5 238.4 246.2 250.4 253.5 258.6 262.4 266.5 268.8 273.6 281.4 281.2 277.6 269.9 266.7 262 257.6 258.7 261.9 261 261.9 260.9 257.4 253.3 250.4 245.5 240.1 235.1 229.9 227.4 224.4 222.2 217.7 214.5 213.3 213 212.6 212.2 212.3 212.1 211.6 212 212.7 214.4 215.2 217.4 220.4 222.4 224 225.1 226.2 227.7 230.2 231.4 232.9 234 236.4 237.4 238.8 239.8 240.9 241.6 242.4
231.3 224.2 219.2 214 211.6 211.8 215.2 216.5 217.6 221.2 226.5 229.4 231.2 231 231.4 234.3 236.2 242.5 247.3 249.6 252.4 258.7 265.1 268.1 272.4 280.5 281.5 278.9 273.8 265.5 260.5 260.7 261.7 265.8 269.3 269.3 266.5 265.4 262.2 256 250.3 244.6 236 229 225.2 222.6 219.8 217.6 214.7 213.9 213.4 213.2 212.4 211.7 211.7 212.4 213.3 214.7 215.6 218.7 222.1 225.5 227.3 228.3 229.1 230 231 232.5 232.6 234 234.8 236.7 238.2 239.5 239.9 240.9 241.5 241.6
229.6 226.2 222.6 218.3 215.1 214.1 215.7 218.7 223.8 227 229.8 236.7 237 237.8 237.3 234.7 235.8 236.9 239.2 243.9 249.4 258.1 264.6 268.4 271 275.9 277.6 275.6 271.9 264.6 261.6 267.8 271.9 273.5 273.9 276.3 277 275.4 271.1 263 254.8 247.7 240.2 232.1 225.2 221.7 219.6 218.2 216.4 215.3 214.4 213.7 212.7 211.9 212.1 213.3 214.7 217.6 222 228.5 230.2 231.8 232.7 233.6 234.4 234.8 235.2 235.4 235.3 236.1 239.2 240.4 241.3 240.8 240.8 241.3 241.4 241.4
229.7 227.2 224.5 220.9 219 218.8 218.4 219.3 222.6 231.1 232.3 234.6 238.8 242.7 241.2 238.2 235.9 236.7 238.6 240.3 242.8 252.8 260.5 262.8 266.1 272.7 277.3 275.3 271.7 266.4 262.5 269 274.8 277 278 279.1 281.4 281.3 276.3 268.9 260.7 252.4 244.9 235.9 227.3 220.9 218.1 217.1 216 215.3 214.4 213.8 213.4 212.4 213.6 214.5 217.6 221.3 225.3 230.3 234.2 236.4 237.3 238.4 238.8 238.6 238.4 238 238.2 239.3 242.2 242.4 242.2 241 241.2 241.3 241.7 241.2
229.9 227.1 223.8 222.1 222.2 223.7 221.6 221.2 229.6 229.3 231.5 234.3 235.9 237.9 238.4 236.1 236 236.8 241.3 241.4 241.5 242.5 248.4 253.9 255.5 260.7 269.2 273.1 271.1 266.8 263.2 263.4 269.5 276.9 278.9 279.5 286.9 288.7 285.9 278.4 268.3 259.6 250.8 241.8 232.6 224.5 217.8 216.6 215.9 215.2 214.4 213.8 213.5 213.2 214.8 215.6 218.7 222.1 225.9 230.3 234.5 236.8 238.3 239.1 239.6 239.5 239.2 239 239.1 239.3 242.1 242 241.8 241.4 240.9 241 241.1 240.6
230.7 229.9 226.3 223.9 223.2 223.2 221.8 222.5 224.8 227.6 233.1 238.8 239 236.1 234.7 234.8 235.2 235.9 237.9 237.8 238.3 240.9 243.6 249.3 250.3 251.7 256 263.9 267.8 267.7 263.1 262.9 265.1 271.6 276.3 278.7 282.4 287.6 285.4 280.4 272.7 264.4 254.9 245.5 235.5 226.4 219.1 216.5 215.8 215.1 214.4 214 213.8 214.1 215.2 217.1 221.5 224.7 229.5 233.2 236.5 238 239.3 239.8 240.3 240.1 239.7 239.6 239.4 239.5 240.2 240 239.9 240.1 240.5 240.4 240.4 239.7
239.4 235.6 232.2 231.3 230.6 229.2 229.2 224.7 224.4 226.3 229.1 235.2 242.7 242.6 235.6 233.7 234 234.5 235.4 236 236.7 237 240.3 244.1 244.3 247.9 253.9 260.1 261.9 261.7 261.3 262.8 265.2 272.9 275.7 277.6 278.3 285 283.7 278.3 272.8 266.9 258.3 248.6 237.5 227.3 221.8 216.6 215.8 215 214.5 214.3 214.1 214.1 214.8 218.3 220.8 227.1 232.4 236.5 241.7 242.7 240.7 240.6 240.9 240.7 240.2 240.1 239.7 239.8 239.7 239.5 238.9 238.3 237.7 237 237.5 234.9
241.4 245 242.2 239.7 241.5 240.2 236.5 234.1 229.9 227.2 228.4 230.4 230.7 230.9 229.1 230.3 231.6 234.4 235.5 235.6 235.8 235.8 236.9 238.9 241 242.4 249.2 254.3 258.4 259.4 259 259.6 261.6 271.1 274.2 275.8 276.4 278.7 279.5 276.7 272.2 267.5 260.7 250.6 240.7 229.3 223.3 218 215.7 215.2 214.8 214.6 214.5 214.4 214.9 217.2 223.1 227.4 235.3 239.9 243.6 243.8 242.9 242.7 244.9 247.8 249 245.1 241.7 239.9 239.7 239.4 239 238.7 237.8 237.6 239.6 234.9
240.1 249.8 248.1 247.8 249.3 252.1 250 244.3 237.6 229.8 229 231.3 226.9 224 222.5 224.8 225.5 232.4 235.8 235.1 234.9 235 234.9 235 236.9 238.9 241.7 248.1 255 256.4 256.5 257 258 267.5 272.5 272.9 273.3 273.5 276.9 275.7 271.5 266.5 260.7 251.5 243.2 233.3 225.4 219.4 215.8 215.4 215.1 214.9 214.9 214.8 215.4 217.2 223.4 227.6 233.3 239.6 242.6 243.7 244.3 245.2 248.3 251.9 252.2 250.2 245.7 241.4 240.2 239.9 239.6 238.9 239 240.3 241.2 239.3
235.1 245.6 251.3 250.7 251.2 252.6 254.7 253.4 249 243 234.2 226.7 225.1 222.7 218.2 215.9 215.7 220 227.5 231.5 234.3 235 234.4 233.6 232.5 234.1 236.9 243.1 248.1 250.9 251.7 252.6 254.9 262.7 268.3 270.9 271.1 270.8 272.5 274.8 273.7 274 268.3 259 248.3 239 230 225.2 219.5 215.5 215.4 215.3 215.3 215.2 215.1 215.9 220.7 230.1 234.3 237.3 240.2 243.7 245.2 247.8 250.3 252.4 252.7 251.3 248.2 242.7 241 240.6 240.3 241.2 247.9 245.3 242.8 240.3
233.4 240.8 244.9 254.3 256.9 256.2 256.2 255.1 254.3 250.6 242.5 235.4 226 218.7 215.7 213.7 212.6 214.5 212.9 218.5 227.4 232.6 233.8 232.3 231.4 230.3 231.5 233.2 236.2 240 243 246.6 249.9 257.4 263.1 267.2 269 269.2 269.6 271.9 276 277.2 273 267.5 256 242.9 239.1 231.7 226.6 219.5 217.4 215.9 215.9 215.9 215.8 215.5 218 228.4 233.9 236.8 239 245.6 252.3 252.8 253.2 254.3 253.4 251.8 249.5 245.9 243.6 241.2 241.3 241 246.5 246.9 242.9 239.8
225.2 236.4 243.6 243.5 247.5 252.2 254.9 255.8 252.9 251 249.4 241.6 232.5 221.8 215.9 213.5 212.4 211.3 210.5 211.3 214 218.5 224 228 229.6 228 226.7 227.9 230.8 233.6 237.7 242.7 246.6 251.7 257.6 261.1 264.4 267 268.6 270.3 273.8 280.7 275.1 267.1 260.2 251.9 245.9 237.7 235.1 226.8 220.7 219.6 218 216.8 217 215.5 218.3 220.8 228.7 234.6 238.6 243.9 250.9 253.3 253.8 254.7 254 252.8 250.3 246.9 244.6 241.9 241.1 240.3 238.9 237.9 235.8 234.9
216.2 221.8 228.9 234.5 237.7 236.8 240.9 245 243.5 242.4 240.7 236.2 232.3 223.1 217.2 214.2 213.5 211.4 210.3 209.8 209.4 209.7 215.3 223.6 225.3 226.2 224.7 224.7 227.6 230.3 234.8 237.7 241.8 248.1 255.1 258.6 262.1 266 268.7 271 273.5 280 276.7 270.1 265.2 257.6 251.5 244.4 240.7 233.4 226.8 222.1 220.2 217.3 217.1 216 218.2 220 225 230.9 238.6 243.7 248.7 251.5 253.3 254.7 254.9 253.8 251.1 247.7 245.3 242.4 241.1 239.6 234.9 234.9 234.9 234.9
200.9 207.3 213.9 221.2 228.6 233.4 234.5 232.6 231.3 229.3 231.8 232.2 225 220.3 217.2 215.4 214.7 217 218 213 209.7 208.9 207.9 209.3 217.3 220.2 221.5 221 226.9 230.2 231.7 233.2 235 238.8 245.5 252.7 258.4 264.2 271.1 274.9 277 280.4 278.9 274.7 269.2 265.4 257.2 251.2 243.1 233.8 228.2 223.8 220.6 217.9 217.1 216.5 218.5 220.1 222.6 229.7 235.6 242.8 248.7 250.9 252.8 254.4 256.8 254.9 251 248.9 246.2 243 241.4 240 236 234.9 234.9 234.9
