app/static/ascii/NC72.asc
ncols 200
nrows 200
xllcorner 270000
yllcorner 920000
cellsize 50
[rows 105 to 139 of 200, columns 0 to 77 of 200]
550.3 533.2 515.5 482.6 461.9 444.1 424.3 406.7 390.6 380 378.5 375.5 371.8 370.9 370.6 368.2 365.8 360.9 356 353 350.5 346.7 343.3 337.5 333.2 329.7 327.1 322 317.8 313.3 307.8 305.3 302.8 300.1 297.2 296.5 295.3 293.6 290.5 292.3 293.6 295.2 296.9 297.4 297.3 297.2 296.8 296.3 296.8 297.2 296.1 295.8 296 296.3 296.5 295.8 295.6 295.4 295.1 294.5 292.8 291.5 289.4 287.7 287.1 286.4 285.7 284.8 283.9 283.1 284.4 284.6 284.4 283.7 283 281.8 281.6 281.2
566.8 550.7 529.4 499 473 447.6 431.9 406.5 390.1 379.8 379.1 378.6 377 376 376.1 373.4 370.8 367.6 361.8 356.1 353.5 350.6 348.2 342.2 336.4 331.9 329.4 324.6 320.7 316 312.9 310 306.3 303 299.9 298 296.7 295.1 293.3 292.2 294.3 295.7 296.8 297.6 297.6 297.4 297 296.9 297.4 298.3 297.8 297.6 297.9 298.2 298.3 297.7 297 296.7 296.4 295.9 294.6 293.4 291 288.1 287.6 286.9 286.2 285.5 284.6 284 280.9 283 283.3 282.6 280.9 279.4 279.1 278.8
585.4 564 546.3 516.4 481.3 452.6 443.6 406.8 390.7 380.8 379.4 381.1 379 380.9 381.2 378.5 375.1 371.8 367.7 361.9 357.8 353.4 350.6 346.2 342.1 337.7 333.2 329.1 324.2 319.7 315.7 313.7 310.2 307.2 303.7 301 298 296.5 295.4 294.5 295.1 295.8 296.8 297.3 297.9 297.8 297.8 297.5 298 299.2 299.5 299.6 300.1 300 300.1 299.5 298.7 298.2 297.9 297.9 297.1 295.6 292.6 289.5 288 287.3 286.6 285.9 285.2 284.4 283.6 282.6 279.1 280.9 279.4 277 277.3 277
594.9 570.7 549.6 521.6 485.5 458.5 444.4 406.2 394.3 389.1 380.6 383.5 384.1 385.6 385.6 383 379.4 376.2 372.3 366.6 361.5 356.9 354.2 349.8 345.7 341.9 336.5 332 328 321.9 318.3 315.2 313.2 309.2 306 303.1 300.4 297.9 296.6 295.6 296.3 296.9 297.2 297.2 297.7 298.3 298.6 298.3 299.1 300.2 301.2 302 302.9 302.8 302.9 302.6 301.5 300.6 300.6 300.9 300.4 297.6 294.5 291.5 288.7 287.7 287 286 285.2 284.5 283.8 283.1 281.4 276.1 278.1 276.2 274.2 274.1
596.6 572.7 540.5 506.8 481.2 443.3 426.8 403.3 394.3 388 383.9 386.6 387.4 388.8 388.3 385.8 382.3 378.4 374.9 370.1 366.9 363.1 359.7 355.1 349.4 344.6 341.4 336.9 333.1 325.8 319.1 315.8 314.4 311.3 308 304.9 302.2 299.9 298 296.5 297.3 297.6 298.1 297.8 297.9 298.6 299.1 299.4 300.7 302.1 303.1 304.2 305.4 306.1 306 306 304.7 303.3 303.6 303.8 302.8 299.8 297 294.1 290.5 288 287.1 286 285.2 284.5 283.9 282.2 279.4 278.4 278 275 273.7 273.4
593.3 555.9 526.3 492.8 462.7 434.8 417.8 400.5 393.8 387.9 386.4 390.5 392.5 391.3 390.9 388.7 385.3 380.9 376.5 373.2 370.1 367.4 363.7 358.4 350.8 343.1 340.6 337.9 335.3 328.2 322.2 317.8 315.5 312.9 309.4 306.1 302.5 300.5 298.7 297.8 298.1 298.4 298.6 298.3 298 298.8 299.4 300 301.6 303.2 304.5 305.7 306.9 308.9 309.2 309 307.9 306.5 306.2 306.2 305.1 302.8 299.5 296.3 293 289.6 286.9 286.1 285.1 284.6 282.8 282.4 281.5 281 279.5 277.9 276.6 275.2
585.6 540.2 511.8 483.4 452.8 429 410 396.5 390.5 386.1 386.3 392.7 396.2 394.8 393.8 389.8 387.6 383.2 378.4 373.8 371.9 369.1 365.6 358.9 351.6 343.7 339.7 337.1 334 327.4 323.5 317.5 315.7 312.3 310 305.6 302.8 300.6 299.6 299.1 299.2 299 298.8 298.5 298.4 298.9 299.7 301.2 302 303.8 305.7 307.7 309.9 311.2 311.7 311.3 310.8 309.7 308.7 308.3 307.2 305.2 301.3 297.8 294.7 291 287.7 286.2 285.3 285.5 285 284.5 283.2 282.1 281 279.5 277.9 276
580.4 534.3 503.8 468.2 439.9 418.9 403.3 388 388.5 384.5 384.6 391.9 397.8 396.6 394.9 391.6 388.6 385.5 380.2 375.3 371.4 369.1 364 358.3 352.7 345.8 339.8 335.8 331.6 326.7 321 317.9 314.9 311.6 309.2 305.6 302.1 300.5 299.3 299.1 299.1 299.6 299.1 298.6 298.5 299.1 300 301.9 303.1 304.8 307.9 311 312.7 313.9 314.5 313.4 312.8 312.2 311.1 310.4 308.9 306.4 303.2 299.3 296.8 292.8 289.4 287.3 287 286.5 286.6 286 284.6 283.4 282.1 280.7 279 277
580.5 536.5 494.1 460.3 432 413.8 396.4 383.7 379.8 380.6 381.3 390.3 395.5 396.5 395.8 392.3 388.7 384.9 380.3 375.8 371.9 367.2 363 357 351.8 345.5 340.6 334.2 330.6 325.4 319.7 317.4 313.9 309 306.2 303.6 301 299.3 298.4 298.3 298.7 298.8 298.4 297.9 298.1 299.5 300.7 302.6 304.5 307.2 310.3 313.9 316.5 317 316.7 315.4 314.8 314.1 313.4 312.1 310.1 307.7 304.9 301.9 298.9 294.7 291.4 289.3 288.7 287.7 288.5 287.6 286.1 284.7 283.3 281.9 280.3 278.8
589.5 546.6 493.7 457.6 430.3 408.3 391.1 375.9 377.7 375.8 377.9 386.1 389.9 392.4 392.8 390.8 386.6 383 378.7 375.6 371.6 365.9 361.4 355.2 349 343.1 337.5 332.5 328.7 323.4 318 315.4 311 307.5 304.6 302.1 299.8 297.4 296.8 297.4 297.4 297.3 297.1 296.7 296.8 298.4 300.5 302.3 305.3 309.1 312.8 317 319.8 320.1 318.9 317.7 316.2 315.5 314.3 313.2 311.4 309.3 306.3 303.1 300.8 296 293.1 291.7 290.4 290.4 290.3 289.1 287.7 286.3 284.8 283.3 282 280.8
603 557 496.4 455.7 428.2 405.9 386.3 372.4 376.8 371.1 371.3 379.4 384.2 388.6 387 386.1 382.8 379.2 376 373.3 370.3 365.5 360.1 353.9 347.5 340.1 334.7 330.3 325.3 319.3 314.6 311.6 308.6 306 304 301 298.7 293.8 294.6 295.4 296 295.7 295.6 295.4 295.7 297.5 300 302.9 307 311 315.3 319.6 322.5 322.7 321.8 319.9 317.9 316.8 315.8 314.9 313.1 310.1 308.1 305.1 302 298.7 295.2 292.9 292.3 292.4 292.1 290.7 289.2 287.6 285.9 284.2 283.2 282.3
616.5 576.6 499.6 465 432 404.2 383.6 369.1 373.2 366.6 367.8 372.6 377.8 383.9 381.4 380.3 378 374.2 371.1 368.4 366 361.6 357.5 352.3 347 340.3 334 328.9 323 317.8 312.3 308.7 307.1 305.6 303.5 300.1 297.5 294.9 291.9 293.4 293.9 294.5 294.3 293.7 294.8 296.8 299.4 303.8 307.8 312.6 317.4 321.8 324.5 325.5 324 322.1 320.1 318.4 317.5 316.7 314.6 311.8 308.8 306.1 303.2 300.6 296.6 293.8 294.4 294.4 293.6 291.7 289.9 288.2 286.5 284.8 284 282.9
629.3 599 519.1 481 440.5 401 383 368.9 366.2 364.8 367.4 369.5 373.2 378.2 374.6 371.8 369.7 367 364.9 362.7 360.3 357.4 354.5 350.3 345.9 340.7 333.1 327.5 321 315.3 309.5 305.6 305.3 304 301.8 298.8 296.5 293.9 290.5 291.3 292.2 292.6 293 291.1 293.9 296 299 303.6 308.3 313 318.9 322.9 325.8 327.5 326.9 324.4 322 320.7 319.1 318 316.7 313.7 310.7 307.4 303.9 301.4 297.8 295.9 295.9 295.8 294.8 293 291.1 289.2 287.2 285.5 284.4 283.3
644.5 601.5 539.9 491.3 455 415.2 392.2 374.9 369.3 364.7 365.6 366.4 366.4 364.3 366.3 362.5 361 358.4 356.6 354.2 352.8 352.3 350.8 347.9 344 339.2 333.4 326.9 320.2 314.6 309.6 305.4 302.8 301.7 300 297.2 294.6 292.1 289.8 289.7 291.2 291.4 291.3 291.5 293.7 295.3 298.1 302.8 307.7 312.8 318.9 323.6 326.5 328.4 328 325.9 323.8 322.4 319.9 317.7 317.7 315 312.1 308.8 305.2 301 300.2 298.9 297.9 297.3 295.9 293.5 292.1 290.6 288.7 286.8 284.9 283.7
639.3 591.6 547.4 505.2 467.6 431.6 405.8 386.2 372.2 368.1 362.8 362.3 361.1 356 356.6 353.2 350.5 348.6 347 345.5 344.7 345.2 345.2 343.9 340.2 337.1 332.2 326.1 320.1 314.6 309.7 305.9 301.5 299.7 298.3 295 292.5 290.9 288.9 288.3 289.7 290 288.4 291.3 292.8 295 297.2 301.3 306.3 311.8 317.9 323.7 326.3 328.2 328.3 327.4 325.8 324 321.2 319.2 317.8 315.8 313.3 310.5 307.1 302.3 301.9 300.6 299.4 297.5 296.9 294.5 292.7 291.4 289.4 286.8 284.9 283.7
633.6 593.7 559.5 515.4 483.9 454.3 429.3 399.5 377.7 367.8 361.7 357.8 356 353.3 347.4 340.3 336.3 334.1 334.9 336 336.7 336.9 337.4 337.2 336.1 333.8 331.3 325 319.6 313.9 309.6 304.5 300.3 297.8 294.9 292 290.1 289.2 287.5 285.9 288 288 288 290.2 292.2 294.1 296.1 299.9 304.6 309.8 315.7 321.3 325.2 327.1 328.2 327.3 325.8 324.3 322.4 319.9 318.3 316.3 314.1 311.7 308.3 305.4 303.2 302.3 300.9 299.2 297.6 295.2 293.4 292.6 290.2 286.9 284.6 283.4
666.1 605 577.4 539.9 495.4 473.3 450 418.6 390.8 369.9 356.4 350.5 351.9 347.7 336.4 326.6 323.6 324.8 322.6 328.2 329.6 328.3 328.7 329.5 330 329.6 327.3 322 316.6 313.6 309.7 304.8 299.4 296.1 293.4 291 287.3 286.7 286.9 284.6 286.4 284.9 287.4 289.5 291.5 293.5 295.3 298 301.8 307.3 312.4 317.5 322.4 325.2 326.6 326.6 325.8 324.7 322.6 320.4 318.8 317 314.8 310.7 309.3 307.3 304.3 304 302.5 300.9 298.1 295.6 294 293.2 290.7 286.9 283.7 281.8
670.9 644.5 598.1 564 518.4 493.7 474.3 448.9 415 386 366.7 355.5 347.1 337.1 330.6 323.4 315.5 317.7 317.3 319.3 319.2 317.1 317 320.1 321.6 322.6 322.5 319 314.8 311.8 308.2 303.9 299.2 295.4 292.4 289.7 287.6 284.6 285.4 283.4 284.8 284 286.6 289.1 291.1 292.6 294.1 296.7 299.7 303.9 308.2 312.9 318.1 322 324.6 324.9 324.9 324.2 322.8 321 319.4 317.4 315 312.3 310.7 308 306.4 305.3 303.9 301.7 299 296.8 295.1 293 290.4 286.8 283.8 279.2
660.9 654.4 618.2 583.3 545 514.6 498.5 479.4 449.1 412.6 381.4 357.6 343.8 332.5 323.5 321.2 313.5 311.8 308.9 305 300.8 300.8 306 311 314.2 315.4 316.4 315.3 313 309.6 305.4 302 298.2 294.6 292.1 289.6 287.4 284.6 283.5 282.9 283.4 283.5 285.6 287.6 289.9 291.6 292.6 295.2 298 302.3 306.1 310 314.5 319.5 321.9 324.4 324.8 323.9 322.7 321.1 319.4 317.7 316.1 313.7 311.5 308.8 307.2 306.6 304.7 302.7 299.3 297.2 295 292.3 289.5 286.9 283.9 278.9
649.6 645.2 629.4 601.1 571.1 541.7 524.7 507.5 480.2 443.3 410.9 379 356.3 340 326.7 315.1 308.5 304 301.8 295.6 289.4 289.4 295.8 302.5 306.3 309.4 311.2 311.9 310.9 308 304.2 300.7 297.8 294.5 292.8 289.8 287.1 285.2 284 283.1 282.3 283.2 284.9 286.7 289 290.4 292.1 294.2 296.1 299.4 303.2 307 311.3 317 319.9 322.5 324.3 324.3 322.4 320.5 319.4 318.1 316.8 315.2 312.5 310 308.2 307.1 305.6 303.6 300.1 297.1 294 290.5 288.1 286.3 283.2 278.2
639 636.1 631 614.5 590.5 568.7 549.6 530.2 504.5 475.1 446.1 411.5 382.9 359.5 339.4 320.5 310.6 300.4 295.8 290.4 289.4 289.4 289.4 293.8 299.9 304 307.1 308.5 307.8 306.3 302.5 299.5 296.6 293.8 291.9 289.9 287.5 285.1 283.5 282.6 282.5 282.7 284.8 286.6 287.9 289.4 290.7 292.7 294.4 297 300.4 303.6 308.4 314.3 317.4 320.2 322 322.8 321.6 320.2 319.1 317.8 316.4 315 312.8 310.6 308.7 307.5 306.2 304.4 301.9 297.7 295 292.7 289.9 287.7 283.9 280.5
628.2 626.4 623 615.5 602.1 582.5 560.3 544.5 521.8 498.5 477.8 452.8 417.8 386.1 363.3 332.1 315.7 306.5 296.9 289.4 289.4 289.4 289.4 289.4 294.1 299.2 303 305.1 305.7 305.1 301.4 297.7 295.4 293.1 291.5 289.5 287.4 285.1 283.4 283 282.8 282.2 284.8 285.8 287 288.3 289.6 291 292.6 296 299.1 301.9 306 311.9 315.4 317.9 319.3 320.2 320.6 319.8 318.8 317.5 316.4 315.3 313.7 311.5 309.2 308 306.8 305.3 302.9 298.7 295.3 292.5 289.3 287.5 284.8 281
618.7 616.6 613.4 608 599.6 586 566.4 552.5 535.2 512.9 494.2 472.7 448.1 413.9 379.1 356.2 326.3 314.3 299.9 290.2 289.4 289.4 289.4 289.4 289.4 295.2 299.4 302.2 303.8 303.2 301.4 296.8 294.5 293.1 291 289 287 285.1 284.1 283.6 283.4 281.9 283.5 284.6 285.5 287.2 288.5 290.2 292.1 294.9 297.6 300.5 303.9 309.3 313.2 315.5 316.6 318.2 319.2 318.9 318.4 317.7 316.6 315.5 314.3 312.4 309.7 308.7 307.4 305.6 303.3 299.7 295.7 292.2 288.3 287 284.7 280.1
610.6 608.4 602 596.6 591.8 579.7 566.9 554.6 541.1 521.5 502.3 481.5 463.2 437.6 394.8 363.8 332.8 316.1 303.1 292 289.4 289.4 289.4 289.4 289.4 289.4 293.7 298.6 300.9 301.9 301.1 297.4 294.5 292.4 290.6 288.9 287.3 285.8 284.8 284.2 283.6 282.3 281.7 281.8 282.5 285.3 287.4 289 291.1 293.6 296.1 298.9 302 307.4 311.1 313.1 315.2 316.3 317.5 318.2 317.8 317.4 316.8 315.7 314.4 312.6 310.8 309.4 308 306.3 303.9 301.5 297.9 294.8 290.1 286.2 284.5 280.6
602.2 599.9 591.7 584.7 578.1 570.9 561.5 552.4 542.4 525.7 503.4 484.7 464 441.5 412.2 372.1 341.4 317.1 300.5 289.4 289.4 289.4 289.4 289.4 289.4 289.4 289.4 289.4 297.3 298.4 298.4 297.3 295.4 293.1 291.3 289.6 288.1 286.5 285.3 284.4 283.9 283.4 283.2 282.9 282 283.9 286 287.9 290.1 292.6 295 297.4 299.8 304.5 308.4 310.7 313.2 314.9 316.2 317.5 317.3 317 316.7 315.8 314.4 312.6 311.5 309.7 308 306.8 304.6 301.6 298.3 295.2 290.6 285.7 283.7 280.9
591.7 591.1 580.7 572 568.8 563.3 556.1 550.3 542.2 527.6 505.7 486.4 458.8 437.7 416.2 378.7 345.9 319.6 298.8 289.4 289.4 289.4 289.4 289.4 289.4 289.4 289.4 289.4 289.4 295 296.9 297.7 295.8 293.9 292.3 290.4 289 287.3 286 285.3 284.8 284.3 283.9 283.2 282.5 281.2 285.4 286.8 289.1 291.4 293.7 296.2 298.3 300.7 305.8 308.9 311.2 312.8 314.5 315.7 316.3 316.3 316.1 315.9 314.5 313 311.2 309.7 307.9 307 305.2 302.3 299.6 295.6 290.8 284.9 280.5 278.2
578.3 577.2 567.9 561.4 559.2 557.5 552.3 547.5 540.6 530.9 510.4 489.1 461.9 440.1 415.4 383.5 346.6 321.1 295.8 289.4 289.4 289.4 289.4 289.4 289.4 289.4 289.4 289.4 289.4 289.4 289.4 293.8 295.2 294.1 293.8 293.2 291.4 289.5 288.4 286.9 286.2 284.9 283.7 283 281.8 280.8 284.5 285.7 288 290.2 292.5 294.9 297 299.4 302.8 307.1 309.1 310.7 312.2 313.4 314.3 315.2 315.6 315.5 314.3 312.5 310.7 308.9 307.3 307 305.5 303.6 300.4 295.6 290.1 285.6 281 276
564 561.8 555.7 551 551.6 551.1 549.4 547.5 542.3 534.7 521.3 501.4 478.9 457.9 430.3 384.6 345.9 318.9 293.2 289.4 289.4 289.4 289.4 289.4 289.4 289.4 289.4 289.4 289.4 289.4 289.4 289.4 289.4 290.3 291.9 294.3 293.8 291.8 289.7 288.1 286.5 285 283.8 282.6 281.5 278.6 282.9 284.7 286.9 289.1 291.3 293.3 295.9 297.6 301.3 305.1 306.9 308.4 309.9 311 312.1 313.3 314.3 314.7 313.9 312.2 310.4 308.7 306.6 305.9 304.9 303.8 301.1 296.1 289.4 284.3 278.9 274.6
550.8 547.7 544.1 542.2 544.2 546.1 548 547.9 546.4 541.2 532 517.4 497.2 473.8 444.7 396 356 314.8 289.5 289.4 289.4 289.4 289.4 289.4 289.4 289.4 289.4 289.4 289.4 289.4 289.4 289.4 289.4 289.4 292 294.7 293.9 291 290.5 288 285.3 284.4 283.1 282.1 281.2 278.5 281.8 284 285.6 287.6 289.3 291.8 293.7 295.2 298.1 301.9 304.5 306.1 307.4 308.9 310.1 311.4 312.6 313.3 313.2 311.9 310.2 308.2 306.1 304.8 303.5 302.1 299.9 296.4 289.4 284.3 278.4 273.2
537.5 535.5 533.8 533 534.9 539.5 542.9 545.7 548.1 548 543.2 529.9 511 484.4 453.8 415 364.7 324.7 291.5 289.4 289.4 289.4 289.4 289.4 289.4 289.4 289.4 289.4 289.4 289.4 289.4 289.4 289.4 290.3 293.8 294.3 294.6 292.7 288.5 284.9 283.9 283.3 282 281.3 280.1 277.7 280.1 282.4 283.7 285.7 287.9 289.7 291.2 292.8 295.4 298.5 301.6 303.5 304.6 306.4 307.7 309.1 310.5 311.6 311.8 311.2 309.9 307.7 305.5 303.2 301.5 298.9 297.8 295.4 289.5 283.7 278.6 273
527.4 525.3 525.1 525.9 527.6 532.2 537.2 542.3 546.5 550.8 552.5 543.1 520 494.9 459.7 425.7 379.7 333.9 294.7 289.4 289.4 289.4 289.4 289.4 289.4 289.4 289.4 289.4 289.4 289.4 293.1 292.8 291 291.6 291.1 292.1 293.7 294 291.3 287 281.3 280 279.7 279.4 279.5 278.8 276.3 278.1 282.5 284.3 286 287.4 289 290.3 292.8 295 297.7 300.3 301.7 303.6 304.8 306.1 307.8 309.5 309.9 309.2 308.2 306.7 304.6 302.7 300.3 296.3 291.9 290 287.4 282.4 278.1 272.8
517.5 517.1 517.5 518.5 521.6 525.8 531.7 537.3 543.5 549.2 555.9 552.8 537 504.5 463.4 428 387.4 342.3 302 289.4 289.4 289.4 289.4 289.4 289.4 289.4 289.4 289.4 293.3 296.9 297.5 295.8 292.8 290.7 289 289.4 290.1 290.4 289.3 288.2 283.4 279.6 277.2 276.7 277.1 276.9 277.8 275.1 278.3 282.1 284.1 285.4 286.8 288 290.2 291.3 293.8 296.9 299.1 300.1 301 302.3 304.6 306 306.7 306.7 305.9 304.5 302.8 300.9 298.7 296 291.3 286.8 283.4 279.5 276 272.5
507.4 508 509.6 511.7 514.1 518.9 524.2 531.7 538.3 544.6 551.4 555 546.9 508.5 457.1 428.3 392.9 355.2 312.4 289.4 289.4 289.4 289.4 289.4 289.4 289.4 289.4 297.1 300.2 301.1 301.3 296.9 295.1 292.8 291.1 290 287.1 288.1 286.5 286.6 285.8 281.2 277.8 276 275 274.3 274.8 273.6 274.6 279.7 281.7 283.3 284.2 285.1 287 287.5 290 291.9 294.4 295.8 296.5 297 298.5 301.2 302.8 303.3 302.5 300.8 299.4 298.9 296.6 293.8 290.5 286.7 283.8 278.6 274 271
499.8 500.9 501 501.8 505.1 510 517.3 524.8 531.7 537.7 544 548.8 546.2 513.1 459.7 423.1 395.5 363.4 327.3 289.4 289.4 289.4 289.4 289.4 289.4 289.4 292.6 299.4 302.6 301.1 298.7 297 295.5 293.1 292.9 291.7 289.2 284.4 284.9 285.4 284.2 280.1 278.6 275.5 272.8 272 272.7 273.1 272.1 274.7 277.3 279.6 279.4 281.2 282.7 282.4 283.2 286.6 287.8 290.3 290.8 291.5 292.4 295.7 298 299.9 298.7 296.2 295.2 295.1 293.7 290.7 288.4 285.2 280.9 277.1 273.5 269
492.2 493 494.2 495.4 498 502.7 508.4 516.5 523.5 530 535.4 539.3 538.5 516 465.7 432.1 387 361 333.3 298.8 289.4 289.4 289.4 289.4 289.4 291.1 298.7 301.9 302.7 301.3 298.1 296.5 295 295.3 294.7 292.5 289.5 286.7 283.1 284.2 281.7 281.7 279.5 276.6 273.7 270 272.9 272.7 269.9 272.2 273.8 274.9 276.6 278.3 279.4 279.5 278.4 278.1 280.2 282.9 285.9 286 287.5 290 292.4 294.7 293.1 290.7 291.3 290.6 289.5 286.8 285.2 283.7 280.4 276.1 272.6 270.5
