app/static/ascii/NC73.asc
ncols 200
nrows 200
xllcorner 270000
yllcorner 930000
cellsize 50
[rows 0 to 35 of 200, columns 82 to 163 of 200]
129.9 133 135.2 139.2 140.8 142.3 144.1 147.4 149.6 151 155.1 157.5 161.9 168.5 172 177.5 183 190 196.2 203 211.6 218.4 226.2 230.8 236.1 238.4 239.1 235.8 228.8 222.5 214.7 206.8 199.2 192 186.4 179.2 173.2 171.5 169.9 166.5 161.7 163.9 166.7 168.7 173.8 170.2 173.6 176.4 182.9 188.1 194.3 199.3 205.5 213.5 219.8 224.5 230.8 234.2 236.2 236.7 237.4 237.8 238.6 240.1 242.5 246.8 252.4 257.7 263.5 268.5 271.3 272.4 272.8 265.9 260.7 255.4 245.3 236.7 227.4 219 212.8 206
130.9 132.8 137.8 139.9 141.2 142.1 143.4 146.7 149 150.8 154.2 157.3 161.4 166.4 171.2 176.1 182.9 188.6 194.5 201.1 209 216.3 223.2 228.2 230.6 232 235.5 229.2 222.1 220.1 212.3 204.7 196.5 189.7 183.2 176.4 172.4 170.8 168.2 166 166.1 159.7 163.4 166.7 170.9 168.1 169.3 171.9 178.6 185 190.7 197.2 202.4 211.1 218.4 224.2 229.8 233.9 235 235.4 235.5 236.1 237 238 240.1 243.7 249.1 255.1 261.4 264.7 266.5 267.3 265.6 263.3 256.7 249.6 241.3 233.3 222.5 215.8 211.1 205.9
131.4 135.8 138.3 138.8 141.1 142.5 143.6 147.4 148.4 150.7 153.6 156.7 161 165.8 172.1 177.1 182.6 188.1 193.5 199.5 206.1 212.6 219.8 224.7 226.2 225.5 226.7 223.1 216.6 213.3 209.7 202.8 192.7 186 179.7 175.8 171.3 168.2 166.5 165.7 163.7 161.5 161.1 164.3 166.3 165.8 167 169.1 175.5 181.9 188.1 194.8 200.5 208.2 216.7 223 228.6 232.6 233.4 232.8 232.9 233.6 234.7 235.8 238 240.9 245.8 251.4 257.3 259.8 261.5 261.8 261 259 252.2 245.1 238.2 229.4 218.6 212.8 208.6 204.8
132.4 135.3 137.2 138.3 141.1 142.6 143.1 145.5 147.6 151.3 153.4 156.6 160.9 165.8 170.6 176.2 181.9 186.6 191.3 196.8 203.1 208.7 214.8 221.9 221.3 220.1 217.9 216.6 211.8 208.1 204.6 199.8 188.8 182.7 178.7 173.5 168.8 167.1 165.8 164.8 163 160.4 160.7 162.7 164.4 164.1 164.6 166 169.9 176.6 184.2 192.4 198.9 206 215 221 225.6 227.8 228.6 229 230.1 231.2 232 233.3 235.3 238.3 242.2 246.8 251.6 254.2 255.6 256.3 255.9 253.9 248.7 242.7 234.8 224.7 215.6 211.3 206.3 201.9
134.4 136.1 136.8 138 141.4 142.1 142.8 144.9 146.4 149.6 152.5 155.9 160.5 165.8 170.6 175.6 180.8 185.3 189.5 195 201.9 206.4 210.4 214.3 214.3 214.4 211.4 209.1 206.2 203.2 199.7 192.8 185.2 178.6 174.7 169.9 168 166.8 165.1 164 161.9 159.8 160.3 161.7 162.2 162.8 163.8 164.7 166.9 173.5 180.1 188.8 195.9 203 210.9 217.3 220.9 222.8 224.3 225 226.3 227.7 229.1 230.8 232.6 235.7 239.3 242.8 246.1 248.4 249.6 250.8 250 246.8 243 240.1 231 219.5 213.7 209.9 205.6 201
135 135.7 136.5 138.3 140.2 142.1 143.2 144.7 146.2 148.5 151.8 155.4 159.7 166.6 171.5 175.1 179.3 184.7 189.2 193.6 199.5 204.1 208.1 210 211 211 209.1 206 202.6 199.2 194 187.6 181.2 175.1 172.1 169.3 167.9 166.9 164.8 163.1 160.7 157 160.5 161.3 162.1 162.3 162 162.4 164.3 169.3 177.1 185.8 194.1 200.9 207.2 212.6 216.3 218.2 219.7 221.2 222.4 223.6 225.2 227.2 229.2 232 235 238.5 240.7 242.5 244 245.4 243.7 240.5 238.4 235.8 223.7 215.6 211.7 208.1 204.4 198.8
133.8 136.1 136.5 137.2 139.3 140.8 143.2 144.6 145.9 148.8 152 154.9 159.2 166 170.7 174.4 178.4 182.9 188.1 192.9 197.8 202.2 205.2 207 208.1 209 206.7 203.3 199.3 195.2 190.3 184 177.8 173.7 171.2 168.8 167.2 166 164.3 161.1 157.8 159.2 160.6 161.4 163.2 161.7 160.2 161 163.9 167.7 174.2 183.3 191.7 198.1 203.6 208.5 211.5 214 215.6 216.6 218.1 219.7 221.6 223.6 225.4 228.1 230.8 233 234.6 236.2 237.6 238.2 236.3 233.2 231.8 227 216.9 212.7 209.4 206.6 201.7 196.9
133 135.3 136.1 137.4 138.9 140 143.2 144.4 145.9 150 152.8 155.6 159.7 166.1 169.7 172.9 176.5 181 185.3 192.2 196.8 201.2 204.2 205.5 206.6 207.7 204.5 200.5 197.1 192.8 187.2 180.9 176.3 172.7 171.2 168.4 166.8 164.1 161.9 159.8 156 158.1 159.5 160 157.6 157 158 160.6 162.4 165.8 171.6 180.3 188.6 194.8 200 203.6 206.6 209.2 211 212 213.8 216.1 217.6 219.9 221.6 223.9 226.3 227.6 228.9 230.4 230.7 230.7 228.4 226.1 225.1 219.1 211.9 208.8 205.8 203.9 198.8 194.4
132.6 134.9 135.1 137.2 138.6 140 142 144.5 146.3 148.8 153.2 155.9 159.4 165.4 169.3 172.3 175 179.8 185.1 190.3 194.4 199.1 202.9 204.1 205.3 205.8 202.7 198.7 195.6 190.8 184.9 178.9 175.5 172.4 169.8 168.1 166.4 163.3 161.1 159.2 155.2 156.7 157.9 157.4 155.6 155.4 157.4 160.2 162.2 164.1 168.8 177.1 184.4 190.8 195.9 199.6 202.5 205 206.2 207.5 209.6 211.6 213.3 215.4 217.8 219.7 221.2 222.3 223.5 223.9 223.6 223.3 221.8 220.3 217.3 211.6 207.2 204.8 202.3 200.2 195.8 192
132.7 133.7 135 137.1 138.6 139.5 141.6 144.7 145.8 148.2 153 156.1 159.6 163.2 167.8 170.5 173.5 177.5 187.3 190.5 193.9 198.9 201.9 203.5 204.2 203.8 201.5 198.3 194.2 188 181.1 177.6 174.6 171.2 169.2 167.7 165.9 162.8 160.3 158.7 155.7 153.9 155.6 154.1 153.6 155.5 156.6 160.1 163.1 163.1 166.6 173.7 180.2 186.4 191.6 195.7 198.7 201.2 202.4 203.5 205.4 207.4 209.5 211.3 213.6 215.2 216.5 217.7 218.2 218.4 218.3 217.2 215.6 214.3 210.9 206.5 203.5 201.1 198.8 195.3 192.3 190.2
132.2 134 134.6 137.7 138.4 139.5 141.3 142.7 144.6 147.7 152.2 156.7 159.5 161.8 165.3 170.1 173.3 177.6 184.5 189.4 193.8 199.2 201.9 203.7 203.9 202.8 200.1 197.6 191.3 185.5 180.4 176.8 172.9 170.1 168.4 166.8 164.6 162.1 159.7 158.3 157.5 156.2 155.2 151.4 153.2 154.6 155.4 156.8 158.4 161.2 163.9 169.4 174.9 181 187 191 193.7 196.1 198.2 199.8 201.3 202.9 205.3 207.1 209.3 210.7 211.7 212.3 212.5 212.7 212.8 211.9 210.5 208.1 204.9 201.7 199.4 197.1 194.3 191.8 189.4 186.3
132.6 134.5 134.8 137.2 138.7 140 141.5 143.3 145 148 151.4 155.5 158.8 161.5 164.6 168.8 172.6 176 182.4 189 193.2 198.6 202 204.3 204 202.5 200 196.9 189.8 184.8 180.3 176.8 173.1 170.9 168.7 166.3 162.9 160.2 158.8 157.9 157 156.9 154.2 149.5 149.9 153 153.6 154.7 155.6 159 161.9 165.8 171.4 176 180.8 185.8 189.2 191.6 192.8 195.7 197.2 198.7 200.8 202.1 204 205.7 206.1 206.4 206.6 206.7 206.7 205.7 204.4 202 199.7 196.8 195 193.6 191.1 188.6 186.6 183.4
132.6 134.6 135.5 136.2 138 139.6 141.6 143.9 145.4 148.2 150.7 153.6 157.6 161.5 165.8 169 171.9 176.5 183.2 187.2 193.1 197.5 202.9 205 204.6 202.8 199.6 195.3 191.1 184.8 180 176.7 173 170.5 168 165.6 163.2 159.7 157.1 156.4 156.1 156.2 152.8 148.5 148.1 150.7 152 153.3 153.6 156.4 159.4 162.2 167.2 172.7 176.3 179.5 184.3 186.3 188.5 192 193.3 194.6 196 197.2 198.4 199.2 199.6 199.8 199.9 200.2 200 199.5 198.7 196.7 194.7 192.8 191.1 189.5 187.7 184.9 182.6 180.5
132.7 133.2 135.7 136.1 138.2 140.1 141.7 143.4 145.5 147.7 149.8 152.7 156.1 160.3 165.1 167.7 170 175.4 184 187.6 193.1 197.9 203.8 204.2 203.9 202.2 199.1 195.6 192 184.5 179.6 175.1 171.8 169.6 167.3 164.9 161.7 158.5 155.5 152.8 151.6 150.7 148.6 147.4 146.6 148.9 150 151.2 151.7 152.9 155.2 158.8 163.6 168 172.1 175.5 178.9 180.7 184.6 187.8 189.2 190.6 192 193.3 193.7 194.2 194.3 194.3 194.4 193.6 193.5 193.8 193.1 192 190.1 188.8 187.4 185.2 183.2 181.5 179.7 178.1
132.7 133 134.3 135.1 136.6 139.2 140.9 143.6 145.9 147.3 149.6 154.7 156.8 158.8 162.7 166.6 168.6 174.3 183.2 188.3 194.1 198.8 201.9 203 202.7 201.7 198.8 195.6 190.9 184.3 178.9 174.6 171.7 168.9 166.6 162.9 160.5 157.6 155.2 152.6 151.3 150.3 149 147.4 146 145.8 148.4 148.6 149.7 150.7 152.5 155.3 160.1 165 169.1 172 174.5 176.5 179.3 182.4 184.8 186.3 187.8 188.6 188.8 189 188.7 188.5 187.7 186.9 186.7 186.9 187.3 187.2 185.5 184.5 182.9 181.3 180.2 179.2 177.2 175.9
132.6 132.6 133.6 134.6 135.7 136.9 139.9 143.1 145 146.5 148.6 152.3 155.6 158.2 160.1 164 168.2 174.2 182.5 187.2 193 198.8 201.4 202.9 203.6 201.2 198.2 194.8 189.9 183.4 178.7 174 171.2 168.3 165.2 162.5 160 157.2 154.8 152.5 151 149.5 147.7 146.1 144.6 145.6 145.9 146.3 147.1 147.6 149.8 152.4 156.7 160.5 165.2 167.3 169.4 173.5 176.1 178.3 179.7 181.2 182.9 183.5 184.1 183.9 183.3 183 182.1 181.7 181.7 181.9 181.6 181.2 181.1 180.2 179.1 178.4 177.6 176 174.6 174
131.9 132 133.2 134.2 135 136 137.9 140.6 143.4 145.1 146.6 149.8 153.7 156.8 158.8 162.7 166.9 172.1 182.8 185.7 190.5 198 201.1 203.1 203.1 200.4 197.5 193.6 188.3 182.5 177.5 173.8 170.9 167.7 164.9 162.2 159.5 156.8 154.5 152 150.2 148.6 146.7 144.7 142.8 141.8 143.3 143.9 143.1 144.7 146.9 149.2 151.7 155.9 160.1 163.1 166.7 170.1 172.9 174.5 175.9 177.2 178.5 178.9 179.4 178.8 178.1 177.4 176.6 176.4 176.4 176.5 177.1 177.3 176.9 176.1 175.8 174.8 173.3 172.5 171.7 171.6
131.3 131.6 132.4 133.4 134.1 135.1 136.5 139.6 141.8 143.5 145.2 149.1 152 154.7 158 161.9 166.1 171.3 178 183.4 189 193.6 199.8 203.6 205.2 201.1 197 192 187.6 182 177.2 173.8 170.9 168.3 165.1 161.9 159.1 156.5 154 151.3 149.3 147.7 145.7 143.8 142.4 141.3 143 143.1 141.5 142.6 145.3 147.7 149.5 153 155.9 159.9 163.5 166.2 168.5 170.7 172 173.2 174.1 174.4 174.5 174.1 173.8 173.1 172.1 171.9 171.1 172.3 172.9 173.3 172.6 172.2 171.3 171.2 170.7 169.6 168.5 167
130.5 131.2 132 132.9 133.7 134.7 136.4 138.4 140.6 142.5 144.3 147.6 151.1 153.7 157 161.5 165.2 169.5 174.6 179.9 185.9 190 200.1 202.3 201.4 200.8 197.5 193.3 187.5 183.2 178.2 174 171.5 168.6 165.5 162.4 159.2 156 153.3 150.7 148.5 146.8 145.2 144 142.6 141.3 140.7 141.1 139.3 140.8 144 146.1 148.1 150.4 152.5 155.4 159.1 161.4 163.9 166.2 168.2 169.9 171 170.9 170.4 170 170 170.1 169.8 168.7 168.5 168.9 169.6 169.7 169.2 168.7 167.3 166.8 167.2 167.1 166.1 163
130.2 130.9 131.6 132.5 133.5 134.5 135.8 137.6 139.6 141.2 143.5 147.3 150 152.7 155.8 159 163.9 167.7 172.1 176.7 180.5 185.6 193.9 198.7 197.2 196.3 193.2 188.3 185.2 181.7 178 174 171.4 168.8 165.9 162.7 159.5 155.6 152.8 150.1 147.9 146.5 145.2 143.8 142.5 141.3 138.9 136.7 137.7 138.6 142.3 144 145.5 147.6 149.7 151.9 153.9 156.5 159.7 162.1 164 165.3 166.5 167.2 167.8 168 168.2 167.7 167.1 166.7 166.6 166.6 166.6 166.5 166.2 165.1 164.2 163.7 163.9 163.7 162.3 159.9
129.9 130.5 131.3 132.1 133.4 134.3 135.2 137.3 139.4 140.7 143.6 146.1 148.9 152.2 155.3 157.5 163 166.2 168.4 172.7 176.9 180.4 186.1 188.2 189.3 190.5 185.8 182.9 180.9 178.3 176 173.9 171.4 168.8 166.2 163.1 159.4 155.5 152.3 149.6 147.4 146 144.8 143.5 142.2 141.4 142 140.8 137.6 137.2 140.2 141.8 143.2 145.3 147.5 149.8 151.7 154.4 156.4 158.3 160.5 161.6 163.3 164.4 164.8 165.4 165.4 165.4 165.1 164.7 165 165.2 164.3 164.1 164 162.6 162.5 162.2 161.8 160.6 159.3 159.9
130.1 131 131.3 132 133.1 134.3 135.2 136.7 138.9 140.9 143.6 146.4 148.7 150.8 154.4 157.7 162 164.8 167.5 170.2 173.7 176.2 179 181.1 181.2 179.6 179.2 178 177.4 176.7 175.7 174.1 171.8 169 166.3 163.2 159.1 155.2 152.1 149.1 147 145.7 144.5 143.3 141.9 140.5 141 140.1 137.3 135.4 137.8 140 141.6 143.2 145.4 147.6 149.7 152.1 154.1 156 158.1 158.6 158.5 160 161.2 162.2 162.6 162.5 162.4 162.9 163.3 163.2 162.4 161.1 160.3 160.4 160.8 160.7 159.5 158.7 158.9 158.7
129.9 130.6 131 131.9 132.9 134.1 135.4 136.6 138.4 140.3 143.2 146.1 148.6 150.5 153.6 156.9 159.2 163.3 166.1 167.4 170.4 173.1 174.4 175.6 175.6 175.9 175.9 176.6 176.7 176.6 175.9 174.6 172.6 169.6 166.5 163.3 159.5 155.7 151.9 148.8 146.8 145.4 143.8 142.4 141.5 140.1 140.1 138.9 136.8 134.4 136.3 138.3 140 141.6 143.2 145.4 147.7 149.7 151.7 153.8 154.8 154.9 155.4 156.9 158.4 159.2 159.1 159.1 159.5 160.1 160.2 160.3 159.8 159.3 158.9 159 159.1 158.4 158.2 158 157.8 156.1
129.2 130.1 130.9 132.3 133.3 134.5 135.5 136.1 137.4 139.5 141.5 143.9 147.8 150 152.8 156 158.2 161.2 164.7 166.2 167.8 170.3 172.1 173.7 175.6 175.2 175.4 175.9 176.2 176.5 176.3 175 173.8 171 167.8 163.9 160 156.3 152.5 149.2 146.7 144.5 142.8 141.3 140.6 139.8 139.1 137.7 136 133.2 135.3 137 138.6 140.1 141.7 143.3 145.3 147.4 149.4 150.5 151.5 152.5 153.7 153.6 153.8 155.4 156.1 156.6 156.6 157 157.9 158.5 158 157.5 157.4 157.5 157.6 157.2 156.9 156.5 156 157.3
128.9 130.4 131.9 133.2 133.5 134.4 135.2 136 136.7 138.3 140.3 142.6 146.1 149.7 151.7 154.7 157.9 159.5 163.4 165.2 166.8 169.1 171.6 173.1 174.1 175 175.5 176.1 176.5 176.7 177.4 176.3 175.2 172.4 169.2 165.2 160.5 156.7 152.9 149.6 147.2 145 142.8 140.6 139.4 138.7 138.1 136.8 134.4 132.1 135.4 136.4 137.7 139.3 140.8 142.2 143.2 145.3 146.8 147.8 149.2 150.7 152.1 151.7 151.6 152 153.7 154.4 154.1 154.5 155.8 156.8 156.3 156.1 155.9 155.7 155.6 155.8 155.5 154.7 154.4 158
129.4 130.6 132.1 133.2 133.6 134.1 134.9 135.7 136.5 137.3 139.9 142.5 145.9 148.9 151.6 154.1 157.5 159.5 161.3 163.4 166 167.7 169.7 172.7 173.8 174.9 175.7 176.2 177.1 178.4 179 177.6 176.5 173.9 170.6 166.1 161.3 157.2 153.4 150.1 147.7 145.5 143 140.4 138.8 138 137.2 135.9 133.1 132.2 134.9 136 137 138.4 140 141.2 142.2 143.2 144.6 146 147.5 148.9 150.3 150.2 150.2 150.4 150.9 151.2 151.6 152.3 153.6 154.9 154.7 154.5 154.3 154.1 154.6 154.9 154.6 153.9 155.6 159.1
129.4 130.3 131.6 133.4 133.9 134.4 134.7 135.5 136.3 137.9 140.6 142.6 144.9 147.9 150.5 153.5 156.2 158.7 160.5 162.4 165.4 167.3 169.1 172 173.7 174.8 175.9 176.4 178.5 180.2 181.3 179.4 177.8 175.2 171.8 167.1 162.3 157.8 153.9 150.7 148.1 145.5 142.8 140.1 138.5 137.3 136.2 134 132.1 133.3 134.4 135.5 136.6 137.6 139.1 140.1 141.1 142 143 144.3 145.7 147.1 148.6 148.7 148.8 149 149.7 150.2 151.2 151.4 151.4 152.7 153.1 152.9 152.7 153.1 153.8 154 153.9 153.6 156.8 158.9
129.4 130.3 131.5 133.4 134 134.6 135 135.3 136.3 138.2 140.1 142.1 144.8 147.3 149.4 152.4 155 157.8 160.7 162.7 165.1 167.2 168.9 171.4 172.8 174.5 176.4 177.6 180.6 184.1 184.2 182.2 179.7 177 172.7 168.2 163.3 158.5 154.3 150.9 147.8 145.2 142.5 139.9 138.2 137 135.5 133.3 131 131.8 133.7 134.8 136 137.1 138 139 139.9 140.9 141.9 142.8 143.9 145.4 146.8 147.1 147.3 148 149.1 149.5 150.3 150.8 150.8 151.8 151.6 151.4 151.7 151.9 151.9 152.8 152.6 153.1 155.9 158.6
129.4 130.3 131.6 133.5 133.9 134.3 134.7 135.2 136.2 137.8 139.7 141.8 144.5 146.5 149.7 152.4 155 157.6 160.6 163 165.3 166.9 168.9 170.3 172.5 174.8 176.4 178.2 181.9 185.6 186.6 184.7 181.6 178.1 173.5 169.2 164 159.1 154.4 150.8 147.5 144.9 142.2 140 138.2 136.5 135 133.5 131.2 129.7 132.2 134.2 135.2 136.1 136.9 137.9 138.8 139.7 140.7 141.7 142.6 143.6 145 145.7 146.1 147.3 147.7 148.6 149.4 150.3 149.9 150.3 150.5 149.5 149.6 148.8 150.6 150.5 151.5 153.6 155.6 159.1
129.4 130.4 130.6 132.7 133.6 134 134.3 135 135.7 137.4 139.3 141.2 143.6 146.2 148.6 151.5 154 157.3 160.2 163.2 165.5 167.6 168.9 170.2 171.6 173.4 175.5 178.1 182.5 186.8 188.6 186.5 183.4 179.3 175.1 169.9 164.6 159.7 155 150.7 147.1 144.5 142.1 139.9 138.1 136.2 134.6 133 131.4 129.2 131.1 133.2 134.1 135 135.9 136.8 137.8 138.9 139.8 140.7 141.6 142.5 143.4 144.3 145.2 146.2 147 147.8 148.6 148.8 148.4 147.9 147.9 147.6 147 150.3 149.2 152.8 153.3 154.3 155.7 159.3
127.8 129 129.9 131.5 133.3 133.8 134.2 134.9 135.8 137.5 138.4 140.1 142.7 145.5 148.5 151.4 154 157 159.9 162.8 165.6 167.9 169.2 170.5 171.6 173 174.9 178 182.7 187.6 189.4 188.7 185.1 180.9 175.8 170.5 165.2 160.4 155.5 150.5 146.5 143.6 141.2 139.1 137.8 136.1 134.4 132.8 131.1 129.9 129.8 132.1 133.3 133.9 134.8 135.9 137.1 138.2 139.2 140 140.9 141.8 142.7 143.7 144.7 145.5 146.2 146.9 147.3 147.7 146.1 146.3 146.1 144.9 149.4 151.3 151.6 153.1 153.7 154.9 156.3 159
129.4 129.1 130.3 131.5 132.7 133.7 134.7 135 135.4 137 138.6 139.9 142.1 145.5 148.8 151.4 154 156.6 159.5 162.4 165.8 167.7 169.4 170.8 171.9 173.1 174.5 177.5 182.5 187.4 191.2 190.8 186.8 182.3 176.9 171.5 165.8 160.5 155.5 150.5 146.2 142.7 140.4 138.3 137.1 135.8 134.2 132.6 130.7 128.5 129.1 132 132.6 133.2 134 135.2 136.4 137.5 138.5 139.4 140.3 141.2 142.1 143.2 143.8 144.6 145.1 145.4 144.9 143.8 143.7 144.3 147.1 149.4 150.8 153.3 153.5 153.4 153.8 155 156.4 159
128.7 129.3 130.4 131.8 133.1 134 134.2 134.5 134.9 136.3 137.8 139.2 142.1 145.4 148.3 151.5 154.2 156.8 159.3 162.7 166 167.5 169.2 170.9 172.3 173.2 174.4 177.1 182.2 187.3 191 191.9 188.7 183.4 178.1 172.5 166.7 160.5 155.5 150.4 145.9 142.4 139.8 137.7 136.4 135.2 133.9 131.8 129.7 128.5 130.5 131.5 132.1 132.8 133.5 134 135.3 136.6 137.9 138.8 139.7 140.6 141.2 141.7 141.8 142.2 142 142.1 140.7 143.8 144.2 148.3 149.3 150 151.3 152.5 154.5 154.7 153.6 154.9 156.4 159.1
128.1 129.5 130.6 131.9 132.5 132.8 133.7 134.5 134.9 135.9 137.3 138.7 141.7 145.3 148.7 151.5 154.4 157 159.6 163.8 166.3 168.2 169.7 171.2 172.4 173.1 174.4 176.7 181.3 186.2 189.8 190.8 188.6 183.8 178.8 173.5 167.6 161.2 155.5 150.4 145.5 142.3 139.8 137.7 136.4 135.1 133.3 130.9 128 130.2 130.5 131.1 131.7 132.4 133.1 133.8 134.3 135.2 136.2 137.3 138.2 138.4 137.9 138.4 138.8 138.7 139.4 140 144.4 146.3 147.7 149.1 150 150.4 151.6 152.4 153.1 155.3 154.7 155 156 158.7
128.4 129.3 130.7 131.5 132.1 132.8 133.5 134.3 135 135.9 136.9 138.1 140.7 143.7 146.9 150.3 153.6 156.6 159.8 164.4 166.7 168.7 170.3 171.6 172.2 173.1 174.5 177.1 181 185.3 189.2 190.1 187.3 183.7 179.2 174.1 168.3 161.8 155.4 150.3 145.3 142.2 139.8 137.7 136.3 134.5 132.7 130.6 127.8 129.9 130.3 130.8 131.4 132 132.7 133.4 134.1 134.5 134.5 135.3 134.7 136.2 138 139.4 140.3 142.4 143.3 144.8 145.8 147.3 148.9 149.9 150.3 150.9 151.7 152.6 153.5 155.2 154.9 156.3 157.3 158.6
127.9 129.3 130.6 131.5 132.1 132.8 133.5 134.2 134.9 135.5 136.3 137.2 139.3 142.4 144.7 149.3 151.6 153.6 157.3 163.5 167.3 169.2 170.7 171.3 172 173.1 174.7 177.5 181.4 185.5 188.7 188.9 185.9 182.3 178.1 173.4 168 162.1 156.1 150.2 145.5 142.4 139.9 137.5 135.7 133.9 132.1 130.3 128.1 129.5 130.1 130.5 131 131.6 132.3 133 133.7 134 133.1 134.4 136.5 138.6 140.9 142.3 143.3 144.2 145.2 146.3 147.3 148.4 149.3 150.1 150.6 151.2 152.1 153 154 155.3 155 155.4 156.9 157.1
