app/static/ascii/NC74.asc
ncols 200
nrows 200
xllcorner 270000
yllcorner 940000
cellsize 50
[rows 35 to 69 of 200, columns 0 to 78 of 200]
158.4 154.9 151.5 146.7 145.3 143.4 141.9 139.6 137.8 138.9 139.5 138.5 138.4 138 137 135.8 136.5 137.1 136.3 136.7 130.7 128.2 123.5 119 113.7 109 104.7 103 102.9 99.1 94.4 89.5 84.2 76.7 64.3 55.9 47.2 42.5 39.7 39.3 40.2 40.1 37.6 32.3 31.9 32.2 29.6 37.5 46 49.7 50.4 53.3 59 62.4 70.1 71.4 73 74.2 82.2 81.7 80.6 76.9 79.3 84.9 99 107.6 115.2 118.2 125.5 131.6 134.6 142.6 153.9 164.6 174.9 180.6 189 194.9 200.9
160 155.7 151 146.5 144.4 142.3 140.8 139.7 139.6 134.7 136.4 137.2 138 137.2 136.4 135.1 134.9 135.4 136.4 131.4 126.5 122.4 119.3 116 110.7 105.2 101 97.3 94.5 95.1 91.5 86 78.6 68 56.1 52.8 43.9 45.6 43.8 42.6 37.1 36.7 33.5 32.4 30 30 41 52.5 44.4 44.9 49.8 58.3 63.7 65.6 74.2 75.4 78.9 80 82.3 82.5 84.6 82 80.1 85.2 97 106.1 113 119.2 126.8 134.2 139.9 147.3 153.7 165.6 173.3 182.1 186.2 193 197.5
159.9 155.7 150.9 146.1 144.1 142.1 140.4 139.5 138.2 136.7 132.9 134.3 134.9 135.6 136.8 133.7 132.5 132.8 132.7 129.3 123.7 118.6 112.7 112.1 106.7 102.7 97.3 94.1 90.8 87.8 87.2 81.3 73.1 61.7 55.7 53.8 44.8 45.5 42 36.1 32.4 30.4 30.4 30 30.2 42.8 53.7 52.1 53 51.6 55.4 57.8 67.4 71.4 78.5 82.5 84.2 86 87.5 84.1 86.3 84.2 82.2 84.5 99 104.3 110.7 119.3 125.6 134.1 140.8 147.4 155.7 165.6 172.6 182.8 185.8 191.6 195.2
159.4 154.6 150.6 145.8 144.1 142.1 140.7 139.4 137.9 136 133.2 132 134.1 134.9 134.1 131.3 128.9 128.2 132.1 127.6 121.2 118.6 109.7 104.7 101.2 98.1 92.8 90.9 87.7 83.5 80.2 73.1 65.9 58.7 53.3 49.1 46.5 43.5 31.6 30.9 30.8 32.1 31.6 31.3 40.7 53.3 53.5 51.8 52.9 59.2 62.9 67.6 75 79.2 86.4 90.3 90.4 91 91.5 90.9 91.3 87.1 86.3 82.7 97.9 104.4 111.9 118.4 125.7 133.7 140.6 147.1 155.4 164.6 171.5 179.7 184.6 190 194.5
157.6 153.5 149.5 145.5 143.3 141.6 140.4 139.1 137.6 135.5 132.9 131 135.5 133.9 132.7 130.9 128.7 127.5 124.4 122 121.1 111.9 107.3 101.6 95.4 91.7 87.9 83.9 80.1 74.2 66.6 66.3 64.4 57.6 57.3 48.7 44.1 30.9 32.3 32.9 32.5 32.1 32 36 49.6 54.4 52.7 52.6 58 63 72.1 76.5 81.2 88.4 92.5 94.2 94.9 99.2 96.6 96.4 95.9 92.1 89.5 86.2 87.7 101.1 110.1 115.6 125.6 132.6 140.2 147.4 154.9 163.5 170.2 177.2 182.8 189.2 194.4
155.4 152 148.5 144.9 142.7 141.3 139.8 138.3 136.4 134.8 132 129.9 131.1 128.4 126.3 124 125.8 125.6 127.1 121.8 118.7 111.3 104.5 99.3 92.3 85.8 83.9 76.2 70.2 63.3 58.1 57.4 45.8 45.1 50.6 40.7 32.8 30.9 32 31.8 32.5 32.3 32.7 33.9 44.5 52.5 51.2 55.9 61.4 72.2 79.7 84.3 89.3 94.9 97.2 96.1 97.4 101.6 104.1 102.7 100 97.9 92.1 91.3 88 96.2 103.2 110 123.6 132.2 140.5 147.8 155.5 161.6 167.6 175.2 181.4 188.5 193.3
153.3 149.6 146.7 144 141.7 140.6 139.1 137 134.7 133.3 131.1 129.6 128.9 129.7 128.1 125.9 126.1 125.2 118 116 113.2 106 100.7 96.8 94 86.8 77.4 72.9 64.8 67.9 65.3 59.1 57.7 39.1 41.2 36.5 31.4 31.3 32.6 32.8 32 32.3 33.4 45.3 49.2 50.8 55.6 63.3 69.3 77.1 85.9 89.7 96 100 99.9 100.8 102.6 103.5 105.9 105.8 104.8 99.8 96.2 95.3 93.4 93.7 101.7 111.7 122.7 133.5 140.8 147.7 155.7 161.5 167.1 174.4 180.3 186.8 192.6
150.6 148.1 145.7 142.6 141.3 139.4 136.7 135.3 134.3 132.7 131.1 129.9 128.9 127.9 126.2 125.9 126.5 122.5 118.5 113.7 108.4 100.9 98.5 89.9 84.9 82.8 74.6 67.4 69.3 70.3 58.4 52.1 38.2 36.3 35.5 32.1 30.9 33.3 32.8 32.6 32.9 32.3 47.6 50.4 45.3 53.4 61.2 69.7 73.6 82.2 89.8 96.2 101 105.3 104.3 107.9 108.6 108.8 109 110.2 109.1 103.8 102.2 101.1 95.5 93.7 101.3 113.1 122.9 133.3 140.1 148 154.8 160.4 165.9 172.9 179.3 185.8 191.7
149.2 147 144.7 142.7 140.1 138.4 136.2 135 133.9 132.7 130.6 129.2 128.8 127.4 125.9 123.9 122.9 121.6 118.4 114.1 109.3 107.8 101.2 95.4 90.5 72.4 69.7 66.7 73.2 64 54.2 53.4 36.7 34.9 32.4 32.5 30.9 32.4 33.5 34.7 35.3 48.7 51.4 51 49.7 58.1 68.6 76 79.8 85.8 93.8 99.7 105.6 108.6 109.9 111 112.6 113.8 113.6 112.2 111.2 105.7 103.3 101.5 98.6 93.4 100.4 111.5 122.8 132.3 141.3 148.8 155.3 160.1 165.2 172.5 179.2 185.3 191.1
148.1 145.9 144.3 142 139.7 137 135 133.4 131.7 130.8 130.6 129.6 128.3 127.1 125.5 123.4 121.2 119.3 116.7 111.1 106.8 103.2 98.3 94.4 90.4 83.4 74 75.9 67.5 58 52.9 32.6 32 32.8 32.9 32.7 30.9 38.6 50 50.8 39.1 50.7 51.7 50 56.7 62.2 69.8 78.1 82.3 89.5 97.8 109.2 113.3 115.3 115.1 115.1 116 116.6 116.4 115.1 114.3 109.3 105.4 102.7 98.3 95.4 99 106.3 121.4 133.6 138.1 148 155.2 160.3 164.8 172.7 178.6 184 190.2
146.9 145.7 143.5 140.7 139.3 136.6 134 131.7 129.9 128.9 130.2 128.6 127.8 127.4 124.2 121.1 120.5 116.4 112.8 107.3 104 100.6 95.6 91 88.2 82.2 77 69 59.6 52.9 34.1 33.3 33.4 33.4 33.4 30.9 39.3 51.4 51.5 51.4 44.7 51.7 50.8 54.3 62.4 69 73 77.8 84.7 95.5 105.4 113.9 116.9 119 118.6 119.4 120.7 120.3 120.4 120.4 118.5 110 107.6 104.4 100.8 98 100.3 104.5 114.7 125.8 136.3 143.9 151.8 159.3 164.3 172.1 178.3 183.3 189
145.7 143.8 141.7 140.5 138.4 135.3 132.3 130.5 129.2 127.6 127.3 128.4 126.2 126 122.7 119.2 117.4 114.5 110.2 105.2 99.3 97.8 93.2 90.1 82.9 78.3 66.7 55.9 54 53.6 35.2 33.7 33.7 33.5 33.7 30.9 45.9 51.8 51.9 52 51 51.3 51.9 65.5 74.4 78.2 83.6 88.6 93.1 101.5 108.5 114.4 119.7 121.4 122 122.5 123 122.9 124.8 125.6 121.9 114.1 109.1 109.5 101.5 98.9 102.7 106.4 110.6 117.4 127.2 134.9 143.6 153.5 161.1 171.2 177.1 182 187
144.5 143.1 140.4 138.9 136.7 133.6 131.2 129.2 128.1 126.8 125.9 125.6 125.4 123.7 122.1 118.9 117 112.6 106.8 101.9 97.7 93.2 90.6 86.1 79.5 66.8 54.9 53.3 53.9 44.7 41.6 34 33.9 33.8 31.6 33.3 49.9 52.1 52.2 52.3 50.9 51.9 54 64.8 78.2 82.8 87.3 91.8 99.5 106.8 114.5 117.7 122.3 123.6 124 126.8 128.2 128.4 129.3 128.6 122.8 114.9 111.8 110.2 100.4 100.6 106.6 109.9 118.3 129.9 131.9 131 140.5 149.5 157 167.4 175.1 180.8 186.1
142.7 141.1 139.5 137.8 135.7 133 130.2 128.4 126.6 125.4 125.2 124.4 123 122.1 121 116.6 114.9 111.6 103.4 97.6 94.3 90.5 83.7 81.7 71.6 59.1 51.3 42.9 36.9 39.9 35.2 33.7 34 34 31.6 33.1 49.5 52.6 52.6 51.5 51.6 53.5 62.4 70.9 77.8 83.6 89.8 97 106.8 120.9 119.8 121 125.5 126.3 128.2 131.9 132.2 132.5 132.3 130 123.6 116.8 113.7 107.2 104.8 101.4 106.1 111.1 118.7 132.5 147.5 147 153.3 158.1 155.8 164.2 170.9 179.8 185.3
141.8 140.3 138.5 136.8 134.3 132 129.1 127.1 125.8 124.5 123.8 123.2 121.9 120 119 115.6 113.9 108 103.7 95.8 89.2 88.2 81.1 78 62.7 57.7 48.6 40.4 36.9 34.5 33.5 34 34.2 31.6 34.5 32.2 52.1 52.3 51.6 51.2 53 60.6 70.3 77.5 87.5 92.8 97.7 107.2 114 123.4 124.2 124.6 127.9 129.5 131.1 135.6 135.1 133.4 130.9 128.1 121.7 117.1 112.2 109.9 105.3 102.9 110.7 112.8 125.9 141 149.7 154.7 156.7 158.6 159.1 163.9 169.5 177 183.3
140.8 139.3 137.6 135.3 132.6 130.2 127.4 125.7 124.6 123 123.2 121.4 118 117.4 115.6 111.8 106.8 104.5 98.4 95.6 88.8 79.7 79 73.7 59.7 50.1 46.9 50.9 34.8 33.8 34.2 34.5 34.8 31.6 33.6 39.2 52.3 52 51.5 51.4 58.6 67.9 75 82.6 90 96.7 105.2 119.2 120 126 128 128.9 130.4 132 133.9 136.6 135.7 133.3 130.4 126.4 121.9 116.3 113.9 112.3 109.5 104.3 114 115.1 126.1 136.7 150.2 155.9 156.5 157.6 160.6 164.9 171 178 183.8
140.3 138.4 136.1 133.4 130.3 127.8 125.6 124.3 123.3 122.9 122.6 121.4 119.1 113.6 114.4 112.5 103.5 98.8 93.1 88.8 83.2 77.3 68.1 62.7 56.3 46.7 41.6 36.4 34.5 33.9 34.4 34.7 31.6 33.8 34.1 42.7 51.6 52.6 52 54.2 69 76.9 82.7 88.2 93.7 101.1 112.8 123 125.2 128.2 131.1 132 133 134.3 135.8 137.1 136 134.2 131.4 126.8 123 118 116.1 114.3 112.6 106.8 116.1 116.2 120.4 129.1 139.4 145.2 142.1 147.2 157.4 164.7 171.3 176.5 182.3
138.5 136.6 134.8 131.6 130.1 127 123.8 122.4 121.7 122.7 122.5 119.6 116.5 114.1 112 105 101.2 95.6 91.6 86.7 79.7 71.2 63.3 59.6 52.7 49.3 39.1 36.2 34.5 34.6 34.7 34.1 31.6 33.4 34.1 44.3 51.6 51.9 52.5 61.2 81.3 82.5 89.6 95.9 103 113.4 122.7 128.1 128 130.3 133.7 134.7 135.5 137 137.8 138.3 136.7 135.2 131.3 125.2 121.2 119.4 117.8 118.2 115.3 111.1 112.6 110.9 123.3 137.4 138.4 137.9 150.4 157.4 149.9 162 170.1 173.4 177.3
136.3 134.2 132.4 131.2 129.9 125.7 122.4 121.1 120.9 121.4 120.8 116.9 115.1 110.7 106.7 101.4 97.6 93.3 88.4 84.4 73.8 65.7 60.9 53.4 51.2 39.4 35.4 34.7 34.5 34.8 34.9 31.6 34.2 34.8 41.6 44 52.6 53 52.9 67.4 83.2 87.2 96.1 102 109.1 116.5 125.3 129 129.9 133.1 136.9 137.8 139.2 139.7 139.7 139.7 137.5 135.3 131.5 126.9 123 121.6 121.7 120.6 119.4 115.1 115.6 115.9 128.5 144.5 156.3 157.8 152.8 161.2 163.5 164.1 165.6 172.3 178.8
135.3 132.3 131.1 130.1 127.5 121.6 119.3 119.5 119.1 121.8 119.9 114.3 112.5 108.2 103.6 98.7 94.9 90.2 84.5 75.9 67.7 62.1 54.8 52.8 54.3 38.4 34.5 34.8 34.6 35.1 32.2 33.4 34.7 34.4 48 47.2 49.1 53.1 55 72 85.7 89.8 98 106.1 112.1 120 127.7 130.5 132.9 136.5 139.9 140.2 141.8 142.4 141.6 140.5 138.4 135.9 133 128.6 125.7 124.2 125.2 125.2 120.4 119.7 118.4 123 129.7 142.6 161 162.5 162.7 162.8 164.7 165.7 169.1 175.6 181.2
132.9 130.3 129 126.5 122.8 120.8 118 116.3 117.5 118.3 116.7 113.4 108.7 104.8 100.7 94.6 91 86 79.9 72.1 65.4 61.2 54.3 46.4 39.7 34.4 34.4 34.6 35.1 35.1 33.3 35 34.6 39.7 46.2 48 48.7 59 63.9 82.6 90.3 94.2 102.2 111.4 115.9 123 129.9 133.6 136.1 140.5 142.5 142.4 144.1 144.1 143.8 142.8 140.7 137.5 134.4 130 129.7 126.6 126.3 122.6 123.8 124.3 120.9 122.2 126 140.3 161.3 164.5 164.6 164.7 165.5 166.6 170.1 175.3 181.3
129.1 127.1 124.5 122.1 119.7 118.8 118 115.5 114.3 115.8 116.1 111.1 105.1 100.6 97.3 94 87.9 82.9 74.4 68.5 65.4 56.9 55.2 42.2 36.7 35.6 35.7 35.5 35.3 32.4 34.8 34.7 34.4 40 45.5 48.7 53 62.5 70.1 80 87.6 95 103.8 111.3 119.4 127.3 133.3 136.7 139.7 143.9 145.2 145 146.2 146.9 145.5 144.5 142.3 139.4 136.4 133.2 131.6 128.1 127.9 128.7 128 126.5 122.2 124.7 126.8 143.7 160 165.4 165.2 165.5 166 167 170 175.7 181.8
127.9 126.5 123.7 122.4 118 116.1 115.7 114 112.9 111.6 106.8 105.1 101.8 96.6 92.5 88.4 82.9 76.9 68 61.3 58.8 57 48.4 47.9 38.1 36.2 35.7 35.6 35.1 32.4 34.2 35 34.9 42.2 47.3 52.3 56.8 62 71.9 83.2 91.8 98.6 107.7 116.7 122.8 130 136.6 139.4 142 146 147.1 147.8 148.4 148.4 147.2 145.7 142.9 140 136.8 132.4 131 130 129.6 130 131.8 127.4 127 125.3 127.3 135.8 149.6 161 165.9 166.1 166.4 167.5 170.4 175.3 182.6
126.4 125.4 125.8 121 116.1 114.5 113.4 112 112 110.3 109.5 106.7 103 100.8 96.7 93.4 88.2 84 73.4 64.8 57.5 53.5 47.6 40.6 37.9 36.7 35.6 35.8 35.7 33.3 34.7 35 35.7 43.2 48.3 52.7 58.3 68.9 81.5 91 100.8 104.2 111.6 120.5 126.7 133.2 139 141.9 144.9 147.1 148.3 149.2 150 149.4 148.1 146.3 142.9 139.5 135.8 134.5 133.5 132.5 132.1 131.3 132.5 129.1 126.9 125 127.7 130.1 135.5 152.2 162.7 165.7 166.6 167.8 171.9 176.2 183.5
124.1 122.2 118.2 116.7 114.7 113.3 111.5 110.3 108.2 105.7 103.4 102 99.8 96.8 92.3 87.8 81.1 76 68.4 60.9 58.4 56.5 48.7 46.4 40.7 36.1 35.5 35.5 35.8 33.3 35.6 35 35.5 43.1 48 53.6 61.8 76.1 87 97.1 105.9 109.1 115.7 121.9 128.4 135.4 140.3 144.2 146.9 148.5 150.3 151.4 151.1 150.8 148.7 146.8 143.5 140.8 139.8 137.4 137.1 136.8 136.9 135.4 131.9 129.9 128.9 129.3 126.5 129.1 132.4 140.1 153.4 163.2 165.9 168.2 172 176.5 184.7
123.7 122.2 116.2 115.6 112.8 111.4 111.4 109.1 108.4 107.6 106.2 103.7 101.7 97.9 90.7 85.9 78.8 74.6 63.9 60.4 57.1 56.6 48.5 46 46.5 36.5 35.9 35.9 35.7 33.3 35.3 35.7 37.6 44.7 47 55.8 66.5 78 90 100.1 107.1 113.5 120.1 125.7 131.3 138.4 142.7 145.5 148.2 149.8 152.6 152.4 152.1 150.7 149.3 147.5 147 143.8 142 139.9 140.1 141 140.9 139.8 136.9 131.2 134.2 136.9 132.7 132.8 132.6 136.2 143 157.5 164.6 168.4 172.5 177.6 186.4
121.8 123.2 115.3 113.4 111.7 110.2 108.8 108.6 106.1 105.1 101.7 99 96.5 92.9 88.1 82.9 76.6 69.9 62.3 58.9 53.4 49.8 47.1 44.3 41.5 36.6 36.6 35.7 36.3 33.3 34.6 37.5 46.1 46.9 50.1 62.8 70.8 78.3 86.4 95.9 108.8 116 121.1 126.8 132.8 140.1 143.7 146.7 149.4 151.2 154 153.8 152.4 151.3 150.5 149.6 148.3 145.7 142.4 142.8 143.3 143.9 143.3 144 140.6 135.7 133.9 148.6 144.1 138.3 139 136.4 142.5 152.7 161.1 168.1 173.2 177.8 187.9
120.9 120.7 116.3 112.5 111.1 110.2 109.6 107 106 103.7 103.6 96.9 92.1 88 84 77.4 72 65.7 60.6 56 48.3 46.1 44.9 43 41.3 41.8 37.5 36.2 36.4 35.9 34 41.2 40.1 44.3 54.4 61.2 73.9 81.8 93 105.3 110.3 112.7 123 130.3 136.7 142.1 145.6 148 150.6 153.5 155.4 154.7 153.5 153 152.8 150.9 149 146.6 145.8 146.3 146.4 146 146.4 147.8 148.1 150 147.7 148.8 150.4 146.4 147.7 146.6 147.1 142.8 153.7 164.8 173.5 179 189.1
119.1 114.4 113.2 112.1 110.3 108.3 106.2 103.5 102 101.3 99 95.8 92.2 84.4 79.4 75.8 74.2 63.5 57.4 51.4 46.9 46.2 50.1 43.7 41.3 41.8 37.7 36.6 36.7 36 33.3 42.2 45.5 47.3 59.2 64.3 71.4 83.6 94.5 105.3 113.8 117.6 124.1 132.4 138.1 143.4 147.3 149.7 152.1 154.9 156.4 155.3 155.1 154.9 153.5 152.1 150.1 147.9 148.5 148.9 148.7 148 152.5 152.3 153.5 156.3 159.8 156.6 155.4 155.2 152.7 151.2 151.3 148.5 153 164.7 175.2 179.8 190.4
118.3 113.3 112 111.4 111.3 107.7 105 103.7 99.8 100.1 97.6 92.4 86.9 83.8 77.5 73.7 67.2 57.8 52.7 48.3 47.7 50.1 42 42 42.6 41.6 38.7 36.8 36.7 35.8 34 44.6 55.5 54.1 64.6 69.3 76.7 88.9 97.6 105.7 112.6 120.4 127.9 132.8 140.3 144.3 148.1 151.4 153.6 155.8 156.5 156.5 156.4 156.1 154.3 153 152 150.2 151.4 152.3 153.4 151 157.4 159.5 164.6 168.4 162.3 166.1 167.7 159.8 162.2 159.7 149.6 147.7 160.7 166.6 173.5 181.4 191.6
114 112.5 110.7 108.6 109.3 108.2 104 97.6 94.3 93.8 91.5 86.2 85 79.8 78 71.2 64.1 57 51.4 46.1 48.7 42.6 42.8 42.9 44.1 40.3 38.9 36.4 36.8 36.5 36.7 33.3 53.1 59.3 69.9 74.8 82.7 88.1 98.3 111.9 115.5 123.4 130 133 140.9 145.8 149.9 152.7 154.9 156.8 157.1 157.3 157.2 156.6 155.5 154.7 154 153.3 155.6 159.6 160.4 153.4 159.7 163.5 172 180 176.9 177.8 174.5 173.2 175.3 166.8 160.1 153.9 162.1 165.7 174.1 181.8 193.6
112.7 111.3 109.9 105.7 104.8 101.5 100 95.2 93.3 88.5 85 82.7 81.2 78.2 72.9 65.2 60.4 56 49.2 44.5 42.7 43.7 44.1 49.7 44.3 41.9 41.6 36.7 36.4 35.7 35.1 33.3 43.8 59.7 68.2 77 87.2 95.9 106.8 114.4 120 126 131.4 136.8 140.2 146.8 151.1 153.8 156.1 157.5 157.7 157.9 157.9 157.3 156.5 155.9 155.5 156 158.8 162.3 166.2 161.8 166.6 174.4 184.4 186.9 190 189.9 187.8 190.4 181.6 174.6 165.3 161.6 153 165.2 173.6 181.2 188.6
112.9 111.4 107.5 102.2 100 99.8 100.3 96.2 91.8 87.7 81.1 77.7 73.2 69.3 65 62.6 57.6 55.7 46.2 43.3 42.6 44.3 45.6 47.1 46.5 42.7 35.3 34.4 34.8 34.7 33.3 44.8 55.2 61.1 70.9 79.1 87.5 98.2 108.1 116.3 122.1 128.4 135.2 139.4 145 147.3 152.1 155.4 156.8 157.6 158.3 158.5 158.6 158.2 157.5 157 157 158.7 160.9 166.6 170.8 169.4 174.5 184.4 191.2 195.4 201.2 198 199.5 194.2 185.1 175.4 167.6 171.5 159.4 168.5 173.1 180.6 191.9
111.7 110.9 107.8 103.7 102.1 99.3 96.5 93.7 87.7 85.9 82.3 76.8 68.8 65.5 63.7 58.8 51.2 51.6 43.2 43.9 40.4 39.5 41.9 36.4 34.3 34.3 36.2 36.6 36.5 36.6 44.1 53.2 54.7 64.2 71.7 80.2 87.9 97.3 108.9 116.1 123.9 131 136.9 142 145.5 150.4 153 154.8 156.5 157.9 158.9 159.1 159.2 159.1 158.6 158.2 158.8 163.7 166.6 170.4 176.9 181.6 189.2 198.3 200.6 203.9 209.1 205.9 209.1 200.3 188.9 178 171.3 171 165.1 170.4 175.2 184 194
111 108.5 105.9 101.9 99.8 96.7 93.6 91 85.6 84.1 78.4 73.6 66.3 58.8 56.8 51 45.7 42.1 42.4 36.1 36.4 36.8 34.3 36.3 37.5 36.7 36.8 36.8 46.2 39.8 44.9 56.3 61 66.1 78.6 84.8 90 102.9 113.9 120.6 128 133.7 138.3 143.1 147.2 150.3 153.3 155.4 157 158.7 159.5 159.9 160 160.1 159.9 159.9 161.9 166.1 170.7 175.9 182.7 187.2 196.9 206.4 206.6 210.4 211.1 214.4 218.5 202.4 192.9 179.9 173.1 169.6 165 172.5 175.3 185.4 195.3
