app/static/ascii/NC75.asc
ncols 200
nrows 200
xllcorner 270000
yllcorner 950000
cellsize 50
[rows 35 to 69 of 200, columns 0 to 79 of 200]
112.4 107.5 104.6 102.5 102.1 107.6 115.7 126.8 134.1 133.8 127.8 124.2 120.7 119 110.3 98 87.8 69.6 40.2 20.3 18.7 4.5 2.2 5 4.7 4.4 4.2 3.9 4.7 7.8 9 9 9 10.4 9 9 21.3 46.4 64.5 95.3 100.4 102.5 102.1 101.2 102.1 106.7 106.6 114.8 117.6 112.2 110.1 107.2 108.3 108.9 108.9 108.9 112.2 119.9 125 123.3 118.1 109 108.9 111 117.3 116.4 115.8 116.3 117.1 120.5 116.8 112.1 108.6 110.1 113.2 101 93 86.2 83.5 82.9
115.1 109.5 105.3 103.5 104.8 112.2 121.1 134.9 144 141.2 136.6 134.7 133.3 128.5 118.6 106 98.2 79 53.8 28.7 10.8 10.2 2.3 5 4.7 4.5 4.3 3.8 7.2 7.5 13.5 9 9 10.5 15.8 12.7 18.4 36.5 57.8 85.7 94.9 99 93.8 98.7 99.3 100.3 102.5 103.7 103.5 104.3 106.9 107.9 108.2 107.2 108.5 108.9 115.5 121.8 125.5 124.4 122.2 113.7 111.5 113.5 116.6 119.9 118.4 117.6 118.3 125.5 123.6 118.8 113.3 113.3 113.1 106.4 98 92.4 94.6 88.3
117.6 112.4 108.2 107.2 106.9 115.3 125.9 140 149 147.2 141.9 140.9 139.7 137.3 127.3 113.2 101.6 85.8 61.9 37.1 14.2 12.2 2.3 5.1 4.8 4.5 4.3 3.7 14 6.9 14.9 9 9 11.3 17.3 11.7 14.8 30.3 50.6 72.4 85.8 87.5 87.7 92.4 96.2 99.5 99.6 101.2 105.1 105.9 108.5 111.9 110.3 109.3 109.7 110 120.2 125.4 127.3 127.4 123.9 118.4 115.6 116.2 120.3 121.3 120.3 118.7 122.1 128.4 127.1 121.7 116.2 115.2 112.8 106.2 98.6 96.4 99.9 102.7
121.8 114.3 110.9 109.8 109.3 116.2 127.5 141.2 148.8 148.9 144.8 142.5 141.5 141.6 133 118.8 110.8 95.6 74.3 46.2 17.1 15.6 4.6 5.2 4.9 4.5 4.2 3.9 13.2 6.5 14.6 7.8 8.1 11 15.6 9.9 9.6 24.1 41.1 59.6 74.4 76 79.3 89 105.4 109.1 107.3 107.3 106.8 108.2 112 113.3 112.9 111.1 111.3 113.2 120.6 127.9 128.5 128.8 125.6 121.1 117.9 118.2 119.4 124.2 122 123.3 124.1 129.5 128.1 122.5 118.1 116.8 114 107.9 99.6 98.2 101.2 100.7
127.9 120.1 114 113.9 111.2 117.5 125.6 139.7 147.1 147.1 143.8 141.6 139.5 139.2 134.4 128 120.9 102.7 81 53.3 29.5 16.5 7.8 5.1 4.8 4.5 4.2 3.9 11.4 6.4 9.9 9.5 8.8 9.3 17.1 9.4 10.1 13.4 31.4 47.6 53.2 66.8 77.8 90.3 119.2 126.4 110.5 108.7 108.1 112.2 116.1 123.5 122 116 113.1 114.5 118.5 127.3 128.8 128.7 128.8 122.7 119.8 120.8 121.6 126.7 124.9 125 125.8 127 128.8 124.2 119.6 117.6 115.5 110.9 103 100 99.2 89.4
130.3 122.6 117.8 115.6 112.1 115.5 124 136.3 143.1 143.6 142.4 138 135.3 134.2 134.3 136.8 128.9 100.4 78.5 53 34.6 19.8 12.3 2.5 4.5 4.3 4.1 3.8 14.6 5.8 8.1 13.1 12.1 10.9 16.4 10.5 11.1 13 21.1 38 58.3 79 96.3 108.5 119 127.8 121.9 109.7 110.1 112.3 118.4 127.6 126.6 121.8 114.8 115.2 118.4 124.7 127.4 127.5 129.3 124.7 121.3 121.9 124 128.3 127.8 127 127.1 127.9 128.7 126 121.2 118.4 117.3 115.5 109.1 105.4 100.7 88.3
131.4 124.5 118.6 117.2 112.6 115.2 122.4 130.6 137.5 138.8 139.7 134.1 129.5 129.4 131.4 137.3 132.2 100 70.5 48.1 31.7 22.8 18.8 2.6 4.5 4.4 4.2 4.3 12 7.9 8 11 12.5 12.8 16.2 16.5 12.2 14.1 19.3 28.3 49.3 76.7 95.8 106.1 115.6 131.1 124.2 117.8 113 113.5 117.3 129.3 129.3 125 119.7 115.8 119.9 122.6 124.6 126.4 128.2 126.4 123.6 122.7 124.8 129.6 130.1 129 128.2 129.2 129.7 127.8 121.7 119.6 118.7 118.4 113.7 111.3 99.7 87.6
129.9 125.3 119.5 117.8 113.2 114.2 120.3 126.8 131.4 131.9 135.4 132.5 125.1 123.9 125.3 131.3 130.3 101 68.6 42.9 31.2 22.6 22.3 2.8 5 4.7 5 10.4 8.6 6.1 7.1 10.7 13.2 22 16.6 20 14 14.1 19.5 22.6 35.1 64.8 85.5 97.4 110.4 124.4 127.7 122 114.4 116.4 114.8 124.7 127 123.3 121 115.6 122.9 122.2 124 124.5 126.7 127.8 125 124 124.6 128.5 130.3 129.7 129.1 130.6 131 129.4 122.3 118.8 120.4 122.4 118.9 112.7 98.7 87.7
128.6 124.8 119.9 117.5 114.5 114.7 119.8 124 124.1 125.3 127 126.1 122.5 117.8 114.6 119.7 120.2 100.2 67.1 41.1 28.7 22 21.2 5.2 4.9 5 8.9 5.6 5.9 6.1 7.3 13.5 15.9 20 17 16.3 16.2 20.3 21.4 20.7 28.3 45 73.8 88.9 101.3 116.6 125.5 120 113.4 116.3 114.8 119.2 122.7 119.6 117.4 115.4 123.5 123.2 122.7 123.6 123.7 124.5 124.3 123.9 123.7 126.3 131.3 130.5 130 132.4 133.6 129.4 122.5 117.7 121.1 124.6 120.7 115 98.7 96.3
130.5 127 121.7 116.5 115.2 115.4 116.7 121.6 119.4 121.4 123.1 122.6 117.7 111.9 105.3 105.8 107.4 90.4 62 39.7 24.5 23.2 20.6 5.9 2.6 4.9 12.3 10.3 8.1 6 5.6 10.8 19.6 17.5 17.4 16.6 19.8 21.3 25 24.2 22.5 31.9 55.9 78.2 93 107 114.4 115 112.1 110.9 112 113.6 116.4 120.7 118.5 114.4 121 123.2 121.3 120.6 120.7 122 125.7 122.9 122.2 124.9 130.4 130.9 130.3 132.7 134.2 129 122.1 116 121.4 124.8 121.1 114.8 96.4 96.8
134.3 126.3 119.9 116 114.4 114.7 116.2 118 118.2 117.8 118.3 119.1 113.2 109.3 104.3 104.4 105.2 106.1 87.7 63.7 38.4 25.3 20.9 10.5 2.7 5.4 12.5 11.2 7.5 6.2 5.8 9.2 22.2 21.2 20.2 25.6 24.1 22.5 22.4 26.9 25.3 30 43.8 67.5 80.1 98.3 108.5 110.6 107.5 107.4 110.7 110.9 113.4 115.7 115.4 109.8 111.5 121.1 118.2 120.1 119.5 119.2 124.4 123.6 118.9 121 128.3 131.1 129.1 131.7 132.3 125.2 119.6 118.8 115.5 119.3 116.9 111.3 93.5 87.6
134.8 127.1 119.3 115.5 114 113.4 114.4 115.4 115.5 115.6 114.7 115.1 112.2 108.7 105.2 103.3 104.4 108.5 96.4 76.1 55.2 38.5 22.8 20.7 2.7 5.1 11.2 14.2 9.7 10.8 9.7 8.1 23.2 22.1 21.2 26.8 30.8 22.6 23.9 30.3 30.6 30.2 32.7 55.1 75 87.8 94.9 100.3 104 103.4 104.8 110.9 113.4 113.4 112.2 106.4 106.5 107.2 107.7 107.8 110.1 111.3 117.4 120.9 114.1 114.9 119.6 126.7 126.4 127.5 127 123.3 118.9 118.8 118.8 118.8 115.3 112.1 100.7 95.8
133.6 126.3 118.9 115.4 114.3 114.1 114.5 114.9 115.7 114.7 113.3 112.1 111 108.3 104.5 100.6 102.5 103.2 95 76.3 56.8 40.2 23.3 17.8 2.7 5.5 5 15.7 17 12.2 11 8.5 22.7 22.5 21.3 27.8 29.3 25.7 27.6 28.4 30.5 29.9 30.9 44.6 66.8 77 84.2 91.1 97.4 97.4 99.6 102.2 108.5 110.4 102.8 108.6 106.6 106.3 107.1 107.4 108.1 108.9 109.6 110.5 112.5 113 115 121.8 122.5 122.6 123.8 123.3 123.3 114.9 118.8 117.8 116.4 112.7 104.2 99.1
132.1 125 118.6 115.5 114 112.8 113.7 114.3 117.6 119.9 115.3 111.8 110.6 108 101.3 95.5 96.7 95.7 86.6 71.2 52.8 33.6 23.1 13.8 2.8 5.3 5.4 14.5 4.1 4.6 3.7 13.2 21.3 22.4 21.9 25.7 27 28.2 28.6 29 33.1 31.9 31.1 32 56.4 72.8 77.3 79 81.4 89.2 93.9 101.2 102.4 104.3 105.3 112.7 107.6 106.8 106.6 107.2 108 109.2 116.8 126.8 122.5 118 118.7 121.5 120.8 120.3 123 124.3 123.3 116.3 118.8 118.2 122.1 121 110.3 102.2
129 123.1 118.7 115.8 113.6 109.8 110.9 115.4 117.8 119.9 116.7 109.7 108.4 106 101.8 92 85.6 84.6 75.2 57.6 39 31.9 21.2 14.4 14.3 3 3.8 3.2 6 6.7 4.3 9.2 14.1 19.2 22.4 23.6 25 27.8 28.2 30.6 34.3 33.4 31.6 31.1 38.2 58 75.2 82.4 79.3 84.5 88.4 91.3 90 85 100 115.3 112.8 117.5 114.8 115 113.6 113 126.9 128.7 125.8 121.8 116.6 120.1 120.2 121.4 126.8 128.7 123.3 116 119.8 120 126.1 123.1 115.4 104.7
125.4 120.9 116.8 113.4 110.8 106.6 108.3 111.1 114.3 117.7 113.5 106.4 102.9 102.8 97.9 88.8 78.2 70.5 60.5 43.9 35.2 32.6 22.1 14.9 15.1 17.5 5.9 6 6.2 6.7 4.5 13.5 11.5 11.7 20.7 23.2 22.2 22.9 27.4 31.1 31.7 31 31.7 31.5 31.5 46.2 59.3 65.8 62.2 65.3 69.8 82.3 93.7 102.5 117.5 129.3 121.9 122.4 120.2 118.2 117.5 119.6 129.1 129.1 128.3 124.3 120.1 122.5 123.9 123.8 128.1 133.8 126.4 118.2 121.4 121.7 125.4 123.4 120.1 106.7
122.8 118.5 115 111.4 106.4 102.8 102.7 104 106.9 109.1 107.3 102.5 99.9 99 95.4 87.8 77.3 62.3 49.5 45.4 36.9 32.1 21.8 14.9 18.7 17.7 13.8 8.2 6.3 4.8 4.6 6.9 7.2 8.5 10.9 15 17.3 19.5 24.9 27.7 28.7 29 30.6 30.5 31 36.5 43.7 51.6 63 79.3 84.5 109.2 111.5 116.1 122.4 127.4 127 125 122.9 119.8 120.1 120.3 123.2 126.6 126.2 124.1 119.4 125.2 124.6 124.4 123.6 126.5 124.7 119.8 119.7 125.2 126.9 125.4 122.2 108.9
122.2 118 113.4 108.7 103.6 98.6 97 97.3 97.9 100.7 98.7 95 93.8 95 91.7 83.1 69.6 55.4 44.7 40.2 36.3 30.2 21.6 16 14.9 16.2 17.6 10.9 7.5 5.3 6.1 6.3 6.7 7.6 9 9.7 10.6 10.8 13.8 14.1 24.7 25.7 24.9 28.4 31.1 33.4 44.2 65.5 89.3 103.4 112.7 115.3 116.9 118.9 123.1 127 130.8 128 125.1 122.1 121.5 121.4 121.4 125.3 124.4 123.3 119.6 122.5 123.4 123.3 123.1 122.6 121.1 120.2 118.9 120.2 123.2 126.7 123.4 115.5
119.4 114 107.9 105.4 100.8 96.5 94.9 93.1 92 92.2 89.8 85.5 83 73.9 69.7 65 57.7 47.9 41.1 35.1 27.4 20.9 16.2 13.3 12.4 10.4 9.3 7.8 5.3 5.8 6.5 6.1 6.4 7.2 8.7 9.7 11.2 12.8 13.9 14.7 23.4 26.3 29.1 32.5 35.4 38.9 42.8 70 92.8 108 119.8 120 121.9 122.7 124.2 127.8 130.1 130.5 128 124.7 123.3 124.6 121.6 126.1 123.6 121.3 119.3 120.5 122.2 123.1 123.1 122.9 131.5 124.4 121.1 126.3 122 123.3 124.3 119.2
117 113.1 110.6 104.4 99.9 96 93.9 91.7 89.7 86.4 82.5 76.4 73.6 72.1 68 64.4 58.1 49.1 43.6 38.5 32.3 28.8 24.5 16.5 10.7 9.1 7.7 5.3 6.3 6.4 6.4 7 7 7.6 7.8 8.7 15.3 22.5 21.6 14.6 23.5 29.3 30.4 40.3 44.6 42.3 43 63.7 87.2 106.9 124 124.1 125.8 126.1 126.8 128.9 131.6 132.5 130.3 125.9 124.7 123.9 122.1 126.1 126 122.9 119.9 120.7 121.8 123.7 123.7 129.1 134.9 129.3 124.2 127.6 123.8 127.3 129.2 124.6
122.3 122.1 116.5 107.7 102.8 99.1 94.4 91.9 88.5 82.2 86.7 87.1 98 99.8 90.8 84.7 82.5 70.2 73.7 67.5 47.7 35 28.3 20.2 11.5 7.9 6.6 5.5 7 6.4 12.7 16.7 15.4 15.7 10.6 17.1 32.2 34.7 29.4 21.8 21.7 33.7 34.7 48.1 54.5 51.4 44.9 58.5 86.4 100.8 124.4 126.9 130.1 131 128.7 130.2 132 133.7 134.4 128.9 125.9 124 122.3 122.4 126.7 122.4 120.4 121.1 122.7 122.7 123.7 131.7 134.9 134.7 129.7 134 123.9 126.3 132.5 127.9
126.5 126.3 121 111.4 104.9 101.2 97.9 91.1 88 86.7 90.8 99.6 106.9 111.6 103.4 97.8 93.4 86.2 87.1 85.5 84.8 59.1 30.2 22.1 13.5 8.2 7.1 7.5 6.9 6.4 14.3 14.6 14.7 15.9 20.3 23.9 31 39 35.5 29.6 17.6 34.4 35.2 47.4 58.2 60.9 52 54.7 77.4 96.6 117.2 127.4 134.8 136.2 131.4 131 132 133.8 136.5 132.2 125.9 123.8 122.4 121.7 124.9 122.7 120.7 120.1 121.5 124.4 124.1 135.6 136.8 138.3 130.5 133.1 124 126.8 133.2 131
128.1 127.5 124.3 114.6 107.5 102.7 100.5 96.2 86.8 87.3 91.3 104.3 113.1 121.1 114 107 102.4 94.9 95.2 97.8 94.6 74.4 43.9 27.5 18.1 7.5 5.4 7.9 7.4 6.9 11.7 12.6 14.1 15.9 23.4 27.3 30.5 36.7 36.7 35.2 20.9 33.1 37.1 43.4 60 66.4 62.5 61.3 70.9 95.3 110.6 124.8 133.7 140.8 135.5 132.8 131.8 133.2 132.1 131.7 126.8 124.2 121.7 121.7 122.6 124.7 120.6 119 122 126.6 127.7 133.5 139 141.2 132.1 130.7 124.4 125.6 135.1 135.9
128.9 128.3 126.4 117.5 110.1 104 102.3 100.6 89.1 88.4 93.9 105.9 116.4 129.1 125.8 117.2 112.5 110 115.8 105.1 98.6 81.5 56.1 32.5 23.1 8.2 7.3 8.2 7.7 7.3 7.3 17.5 19 20.1 26.4 33.4 33.7 38.2 37.8 34.8 28.3 30.6 35.5 41.3 53.7 67.8 69.1 71 76.6 88.2 105.9 120.5 132.2 141.8 138.4 133.4 131.2 129.7 129.2 131.3 126.5 124.2 121.8 121.7 121.5 123.5 121.1 119 119 125.1 128.5 134.1 139.1 140.8 133.7 131.5 126.4 125.7 135 138.3
129.6 128.7 127.4 120.3 112.6 105.7 103.4 101.9 93.8 93.6 97.7 105.4 116.5 134.7 137.3 128.8 124.5 124.8 127.7 121.9 105 85 63.8 39.9 23.9 12.9 8.1 5.4 7.9 7.5 7.4 16.8 20.3 22.2 30.3 39.2 34.3 34.1 36.9 33.8 34.5 23.6 34 39 48.7 66.2 74.1 79.5 80.3 81.6 100.2 114.8 129.1 138.5 140.7 133.5 130.9 128.9 128.9 130.6 126.3 123.1 122.1 121.7 121.8 123.3 120.9 119 119 122.6 127.3 130.6 138.4 142.7 134.2 131.6 129.7 125.5 133.1 140.3
129.7 128.8 126.6 122 114.5 108.2 103.7 102.6 99.7 90.9 98.3 104.4 117.4 136.5 144.2 139.9 135 134.2 135.7 125.8 113 93.1 74 50.2 24.7 15.2 8.1 5.5 7.7 7.7 8.9 16.3 20.2 22.2 33.8 44.4 36.6 35.5 36.1 35.2 35.5 31.3 30.8 39.3 44.4 63.4 74.8 82.4 84 81.9 93 106.5 123.5 134.3 137.5 134.3 131.3 129.1 128.6 128.6 126.6 122.7 123.2 121.7 121.7 121.8 121.1 121 119 122.5 127.4 130.3 140.1 137 133.5 132.3 132.3 126.8 132.2 142.4
129.2 128 125.8 122.1 116.3 110.2 105.1 103.7 101.8 92.8 97.4 104.2 115.8 131.1 145.9 150.4 144.8 139.3 138.4 129.5 115.3 98.3 79.3 60.4 35.4 17.9 8.6 5.9 8.1 8.3 12.1 20.2 26.2 24.7 33.5 40.5 37.4 36.4 37.2 36.5 34.8 33.7 24.9 36 42.2 57.3 68.5 80.8 86.8 89.2 95 105.3 112.7 126.5 133.7 135.5 134.1 132.3 128.1 127.6 125.2 122.9 121.9 122 121.7 122.5 121.6 120.2 119 121.5 126.7 132.7 136.2 140.6 133.3 131.4 136.5 131.1 128.9 141.5
128.1 126.7 124.7 124 118.7 112.3 106.6 104 102.6 93.9 98.3 104.9 112.6 126.4 153.3 157.7 151.1 142.9 141.1 136.8 117.4 99.9 82.3 63.3 45 25.6 13.2 5.9 10.5 10.7 18.1 20.9 26.2 26 33.6 39.4 38.7 36.4 39.1 39.6 35.7 37.8 29.9 32.7 39.4 51.7 65.6 77 85.6 92.7 94.7 100.1 110.5 117.3 127.5 133.7 140 137.4 127.9 127.4 125.5 123.6 122.9 123.7 122.3 123.4 122 121 119 120.6 123.7 131.5 136.4 144 137 132 140.8 135.3 130.6 137.7
126.9 125.6 124.8 123.6 120 114.3 108.2 104.5 103.1 100.4 100.3 104.9 111.8 135.4 155.4 159.5 153.9 149.4 143.2 143.1 123.3 101.1 82.2 63.6 44.5 29.5 15.5 5.9 12.9 14.9 21.8 20.2 26.2 26.2 27.3 37.7 38.7 38.6 38.3 38.3 38.1 35.1 35 26.7 35.7 44.4 59.7 71.7 81.8 89.5 92.2 94.9 104.4 109.2 122 138.1 142 137.1 129 127.2 126.6 123.7 122.6 123.4 123.9 124 122.7 121.6 119 120.8 123.4 131.6 138.3 143.4 143.1 136.2 138.4 135.2 133.5 135.6
125.9 127.4 123.7 122.4 120.2 115.1 109.4 106 103.8 103.7 102.5 104.5 119.3 137.8 156.1 159.6 155.4 150.6 145.6 142.1 130 105.1 80.8 63.2 44.4 28.2 18.2 5.9 14.2 20.3 22.2 26.2 26.2 26.2 21.7 37.8 39.3 40.6 40.4 39.1 38.9 35.4 31.6 27.6 34.3 36.8 48.1 66.6 76.9 85.1 90.5 92.7 94.1 105.4 115.7 136.3 145.2 142.5 132.4 127.4 126.6 126.4 124.2 123.8 124.3 124.5 124 120.6 119 119 123.5 127.4 136.6 143.8 144.8 139.2 135.9 134.9 136.1 138.2
124 129.8 123.6 121.6 119 115.9 110.5 106.5 105 104.8 105.4 105 118.3 139.5 154.1 158 157 151.3 146.4 141.6 135.1 111.1 87.8 62.9 42.4 28.6 18.6 7 18.1 24.5 24.1 21.2 26.2 20.8 20.8 30.6 36.7 41.2 43.1 41.2 40.5 35.3 34.6 28 32.6 37.3 40.4 58.4 72.1 81.7 90.5 92 92.8 95.2 110.8 132.9 149.3 148.1 139.6 133.3 124.6 129.9 124.7 124.5 124.5 124.5 124.6 121.3 119 119 123.7 130.4 136.3 142.9 144.6 141 136.5 134.9 135.9 141.9
120.6 127.3 125.3 119.1 116.1 113.1 109.1 107.1 106.4 106.8 107.7 107.7 114.2 138.6 149.1 154.5 156.3 150.5 144.8 143.8 130.9 111.5 90 63.3 41.6 27.4 16 8.4 14.5 21.1 23.8 22.7 21.3 23.8 22.7 29.1 38.3 42.4 46.3 43.3 44.1 39.9 35.9 29 31.9 36 39.1 48.9 66.2 77.2 90.1 90.9 91.1 91.1 110.5 130.5 143 151.8 146.4 135.5 129.2 125.6 125.4 126.9 126.9 125.8 124.6 123.2 123 121.2 123.6 127.7 136.4 138.4 144.5 143.5 139 136 136.1 141.4
118.1 124.4 127.9 118.4 112.7 110.4 108.2 108.2 109 108.7 110.1 110.9 116.4 127.2 141.4 146.4 149.7 145.8 139.7 135.8 125.2 108.1 87 61.5 40.9 25.4 16.4 5.9 11.7 18.2 21.1 21.2 23.1 23.5 24.6 29.8 36.7 41.6 46.9 44.2 42.9 42.7 42.1 31.5 30.6 33.3 39.1 46.3 59.6 68.7 83.1 88.6 90 90.9 98.4 122.5 140.3 150.4 150 142 132.8 127.3 127 129 128.4 127.7 125 122.9 125.8 123.2 124.2 125 131.4 134.4 140.7 145 140.5 138.3 137 138.1
116.9 121.3 123.8 119 111.4 109.6 109.1 111.3 111.2 111.2 111.5 114.4 117.6 124.8 138.7 144.4 143.1 140.6 136.2 129.5 121 106 83.7 61.8 40.6 24.9 18.5 8.6 6.7 8.1 6 12.2 17.8 23.2 25.7 27.6 34.4 39.3 44.4 42.2 43.3 42.7 44.5 42.4 30.9 31.2 39 46.4 50.9 67.6 75.8 84.5 89.7 93.2 92.1 122.3 130.8 144 150.3 146.1 138.3 129.2 127.5 128.7 130.7 129.7 129 126 125 124.6 124.6 128.4 131.3 133.2 136.7 146.9 142 140 138 138.8
115.2 115.1 121 117.4 112.2 109.8 110 113.3 115.1 114.8 114.8 115.8 119 123.8 130 145.2 141.3 138.1 135.5 127.5 116.3 103.4 80.3 55 39 23.5 18.7 12.9 7.5 8.2 8.3 6.7 17.2 20.5 24.7 30 32.3 36.7 41.3 43.7 47.7 46.9 47.7 45.3 36.5 32.3 32.2 40.8 45.4 62.3 76.2 81.4 86.5 98.1 98.5 111.6 124.4 133.8 146.1 146.2 141.2 132.9 127.6 127.4 131.8 132.1 134 127 125 127.4 127.4 129.6 132.7 130.9 133.7 143.5 145.8 141.4 139 139.4
