app/static/ascii/NC76.asc
ncols 200
nrows 200
xllcorner 270000
yllcorner 960000
cellsize 50
[rows 111 to 147 of 200, columns 83 to 165 of 200]
-1.7 -1.7 -1.7 -1.7 -1.7 -1.7 -1.7 -1.7 -1.7 17.9 31.2 45.3 60.6 87.9 104.7 127.4 144.9 157.3 160.5 155.3 155.5 166.5 178.3 169.9 167.3 166 165.7 164.7 155.5 151.3 147.8 146.1 145.9 147.5 149 152.1 164.4 166.4 173.2 183.3 179.8 179.8 179.6 177.7 180.1 178.7 172.6 165.3 161.1 153.6 153.4 151.3 150 152.5 152.7 152.5 152.1 150.9 151.8 154.9 152 155 158.3 140.4 141.1 141.7 139.8 133.5 103.6 92.6 92.8 91.9 91 89.1 81 78.4 84.8 87.9 87.1 87 87.7 86.3 86
-1.7 -1.7 -1.7 -1.7 -1.7 -1.7 -1.7 -1.7 -1.7 21.5 38.1 52.2 67 94.5 108.1 129.1 147.9 158.2 165.1 157.2 154 161.1 173 166.8 166.8 166.3 166.7 167.7 160.4 153.3 150.4 148.1 147.4 148.2 149.6 155.2 163.3 170.4 176.8 184.9 182.6 182.8 180.4 180.5 182.3 183.1 178.2 168.8 170.5 154.9 150 150 150 150 152.9 152.9 152.8 152.7 154.6 158.6 158.3 151.2 150 140 143.1 145.7 138.3 133.7 110 95.1 93.8 92.4 91.2 89.7 82.8 83 88.6 90.9 89.9 88.7 89.1 87.6 86.9
-1.7 -1.7 -1.7 -1.7 -1.7 -1.7 -1.7 -1.7 -1.7 5.1 47.3 60.2 74.8 101 112.6 127.1 149.3 159.2 166.1 168.9 152.1 153.5 166 163.9 165.5 166.3 166.8 167.3 163.2 155.6 153 149.8 148.9 149.7 152 156.4 162.2 171 178.2 184.5 186 184.6 182 181.1 184.5 184.7 182.3 172.5 173.5 163.3 150 150 150 150.3 152.8 153.3 153.5 154.4 157.9 162.5 167.6 152.9 144.4 139.2 139.7 142 138 133.4 113 98.6 94 92.4 90.3 87.8 83.3 85.7 91.4 93.7 92.8 90.7 90.6 88.4 87.5
-1.7 -1.7 -1.7 -1.7 -1.7 -1.7 -1.7 -1.7 -1.7 39.3 53.2 65.4 78.4 95.8 110.8 126.8 147.7 160.4 163.3 171.6 152.2 150.9 159.2 163.2 165.7 166.5 167.6 169.5 166.8 161.3 155.7 152.3 150 150.6 153.2 159.4 164.2 172.9 179.9 187 187.5 189.1 186.2 182.1 186.4 185 183.6 176.4 169.7 166.1 150 150 150 152.1 153.5 154.5 155 156.3 160 169 172.7 161.4 139.9 137.7 137.1 137.4 140.1 132.3 119.7 109.5 98.4 92.2 89.1 80 80.2 89.7 93.5 95.8 95.2 93.3 91.5 89.1 87.7
-1.7 -1.7 -1.7 -1.7 -1.7 -1.7 -1.7 -1.7 -1.7 41.6 54.7 68.2 78.4 89.8 108.1 126.1 143.1 157.5 159.4 165.1 149.4 151 154.7 163.9 169.2 167 167 170.5 168.5 167.1 161.2 156.6 151.2 151.7 156.5 163.3 167.3 175.2 182.2 187.5 188.3 190.2 187.2 185 182.9 183.5 182.5 172.1 166 163.3 152.6 150 150 153.2 156 156.5 156.8 158.3 162.8 173.2 173.3 165.8 139.3 138 135.8 133.6 139.4 132.5 122.5 120.1 108.4 94.9 89.4 81.1 84.8 92.4 95.3 97.8 96.7 94.3 92.5 91 87.8
-1.7 -1.7 -1.6 -1.7 0.8 2.9 3.6 16 31.6 42.4 56.7 70.6 80.4 89.7 107.8 122.7 131.9 144.5 149.6 150.8 148 149.4 154.1 169.2 173 170.1 167.9 168.4 173.9 172.8 168.8 161.6 154.3 151.9 157 164.9 168 176.4 180.2 187.8 190.6 191.1 184.5 188.2 179.6 179 177.4 169.2 164.5 159.9 151.4 150 150 155.1 159 159.1 159.3 160.4 169 170.2 173.4 169.2 142.3 140 138.2 133.8 132.2 138.7 124.6 125.2 118.3 101.3 84.2 90.5 90.7 93.9 96.9 99.5 99.3 96.1 93.8 93.2 88
-1.7 2.3 2.3 -1.7 20.4 31.9 31.6 33.8 35.9 46.4 60.2 73.9 83.3 91.4 101.5 116.6 120.5 127.8 139.7 144 147.2 151.3 157.7 173.3 174.5 174 170.3 169 173.1 174.5 170.7 167 159.8 155.1 156.7 166.1 169.5 175.8 177.8 183 190.1 188 184.3 185.7 182 177.1 172.1 166.9 162.6 159.4 159.1 154.8 154 154.7 163 162.2 160.8 161.3 167 169.9 171.1 166.1 144.1 145.6 143.5 137.8 129.1 128.2 121.1 124.3 123.8 108.8 95.1 96.4 93.4 94.8 98.2 100.8 102.3 99.2 94.7 94.3 87.8
14 5 4.9 4 27.3 31.2 32.9 34.9 38.2 47.7 64.8 77.6 84.6 96.8 100.2 110.6 115.2 119.7 133.7 144.5 148 154.1 161.7 179.6 184.3 179.8 172.6 169.7 171.5 172.8 171.8 169.4 165.2 157.7 155 164.6 169.3 174.7 172.4 179.8 186 186.6 180.7 182.2 179.4 171.8 167.5 166.9 168.4 166.4 163.7 160.5 157.7 155 161.1 166.7 161.5 160.5 165.5 169.9 170.7 165 142.7 153.1 150.4 142.3 129.2 126.7 125.8 122.5 126.4 113.5 98.1 103.5 96.4 95.8 97.4 100 104.4 101.9 97.9 94.5 89.6
27.5 26.4 5.9 18.4 26.1 31 34.3 36.8 40.8 47.9 71.6 80.8 87.8 100.8 111.7 113 122.1 127.1 137.9 145.2 149.3 156.5 165.9 178.9 184.2 183.2 175.6 170.1 171 174.1 173.3 170.9 167.9 161.1 157.2 158.9 167.4 168.9 170.1 175.3 180.6 178.6 177.3 177.4 176 168.8 168.2 173.8 172.7 171.1 168 163.1 157.6 155.6 156.7 160.9 159.7 159.9 161.4 168 171 160.3 143.3 159.1 158.5 148.8 134.8 131.1 124.9 123.8 124.5 117.8 112.9 114.9 100.2 97.5 97.7 99.3 103.6 104.7 102.4 94.7 91
28.5 27.5 20.9 18.1 26.3 31.7 36.6 38.7 46.8 57.6 77.4 83.3 88.3 100.4 110.1 117.1 130.2 138 139.5 149 151.1 158.5 169.5 175.9 184.6 184.5 176.1 170.4 171.4 175.7 175.5 173.6 170.2 164.9 162.4 159.9 164.8 171.6 168.2 171.8 175.9 175.5 175.2 176.1 175.9 175.1 178.5 178.1 176.1 173.3 168.9 160.5 158.9 157.3 157 157.6 158.8 159 159 162.9 168.9 162.3 145.9 158 161.6 158.3 143.4 129.9 127.9 124.6 130.6 124.5 121.3 123.4 106.6 98.9 98.5 99.4 101.2 106.7 104 95.7 90.7
29 28.8 24.5 26.6 27.7 31.6 37.5 41.3 52.2 64.9 80.4 84.3 88.4 101.8 112.8 121.9 131.6 141.9 144.3 151.9 151.8 158.6 173.6 178.1 181.2 180.6 171 170.3 172.6 177.6 177.9 175.6 172.8 167.5 167.5 165.2 160.7 172.9 167.4 167.6 170.1 171.4 173 175.3 179.2 182.2 184.3 181 176.4 171 163.1 161.3 159.5 159 157.3 157.7 157.9 158.1 158.1 157.2 157.6 151.5 147.8 153.5 161.3 163.2 150.8 129.4 127.7 124.4 127.8 129.1 117.6 123.3 107.4 101 100 99.2 100.7 104.4 105.6 93.8 89.9
29.8 31.2 24.5 29.5 29.5 32.9 38.9 47.1 55.8 70.7 80.8 84.6 91.3 101.2 111.3 122 135.2 147.2 152.5 153.8 153 155.7 172.6 179.4 179 179.6 170.3 169.7 173.4 181.2 180.7 177.2 174.9 171.4 168.2 166.2 164 163.1 165.9 166.4 167.2 168.6 170.4 175.8 181.8 182.6 184.6 184.2 174.6 170.2 168.7 165.2 159.9 158.9 158.1 157.6 157.5 157.5 157.1 155.4 153.5 150.7 150.9 152.1 159.4 158.5 158.8 138 126.5 126.1 129.2 129.8 117 117 112.5 105.6 102.9 99.9 100.4 100.9 100.8 90.5 89
30.9 33.4 22.7 31.7 32.9 34.6 40.4 47.9 60.3 74.4 82.1 85.2 93.4 99 112 127.3 141.7 149.6 156.1 151.9 152.5 153.5 169 176.8 176.6 174.3 169.3 170.3 174.7 183.2 186.7 179 176 173.8 168.8 167.8 164.3 163.5 164.5 165.1 166 166.8 168.1 173.2 179.5 181.2 183.1 183.2 173.7 171 169.9 164.6 160.4 159 158.6 158.2 157.7 157.1 156.1 154.6 153.2 150.5 153.4 154.1 156.1 158.2 154.1 144.7 129.1 127.2 126.5 125.2 119.9 122.9 126.3 111.4 105.7 100.7 99.9 100 100.8 92.3 89.3
31.4 35 31.8 24.4 34.7 40.7 41.8 49.2 61.3 73.1 83.8 88.6 93.5 97.8 116.7 133.8 147.3 152.1 155.5 150.1 152.9 152.4 162 173.7 173.7 169.4 165.7 168.4 175.6 190.8 191.9 180.2 176.1 174.7 168.9 166.9 164.5 164.5 164.3 164.9 165.3 165.9 166.5 168.4 176.5 177.8 181.1 181.1 180.8 174.9 169.7 165.6 160.4 159.3 158.9 158.8 157.3 156.4 155.3 153.9 151 149.7 153.4 156.3 153.5 155.6 150.7 148.8 132.5 128.4 126.8 121.6 120.2 130.2 130.1 118.7 115.9 103.7 100.3 98.2 99.1 95.6 91
31.4 35.8 34 32 33.9 38.7 44.3 50.7 61.1 72.3 82.2 89 98.7 104.6 117.8 133.5 147.4 154.7 155.3 149.1 152.8 150.9 153.6 171.3 165.3 160.1 162.1 168.4 177.8 194.9 191.7 181.7 174.2 172.1 166.1 164.6 164 163.8 164 164.3 164.8 165.5 166 167.9 171 174.9 180 182.1 182.3 178.4 172.6 167.6 159.9 159.8 159.9 160.4 158.1 155.8 154.1 152.3 148.6 148 153.5 156.3 152.6 151.9 147.8 146.9 136.4 140.2 125.3 121.8 120.1 128.5 131 122.9 121.6 117.5 100 96.6 95.2 96.9 93
32.8 35.6 37 35.4 29.6 36.3 43.7 51.6 60.1 71.1 82.2 90.8 99.5 115.8 110.7 129 150.5 154.2 152.5 147.9 146.6 151.7 149.7 157 156.9 155.7 158.3 171.6 174.7 193.6 193.5 179.3 171.7 168.8 164.3 163.1 163.1 163.2 163.2 163.7 164.2 164.9 165.6 166.9 170.2 172.7 180 181.9 181.9 180.2 174.9 163.4 160.8 162.5 161.7 161.3 160.1 154.6 152.9 150.6 146.2 146 150.9 155.8 151.1 148.6 144.8 143.9 143.4 147.8 125.1 119.1 121 124.5 132.3 126.9 125 125.3 105.4 97.4 93 92.6 94.7
34.2 38.9 37.9 36.1 31.3 34.2 42.8 49.2 59.3 70.9 80.4 87.6 99.5 116.1 123.8 121.7 148.5 151 148.1 143.9 143.4 149 147.3 152 152.4 152.6 155.3 175 177.7 183 191.4 176.3 170.3 165.3 162.6 161.8 161.6 161.8 162 163.1 163.6 164.4 165.2 166.3 169.2 171 177.5 181.4 181.6 182.7 168.1 165 165.4 165.1 165.3 161.3 160 154.1 151.6 147.7 142.6 144 151.8 151.3 149.2 145.1 142.8 143.1 140.6 145.8 122.6 115.6 118.4 120.9 131.2 125.5 125.8 130 119.8 98.3 92.3 91.5 91.3
40.7 40.3 40.9 38.8 32.1 34.8 37.6 45.8 53.3 65.8 77.8 89.4 99 119.3 128.8 116 145 145.3 144.4 138.2 141.8 146.7 145.8 147.3 149.2 151.3 156.5 171.1 176.2 179.1 187.3 173 168.2 162.7 160.1 159.5 160 160.5 161 161.8 163.1 164.1 165.1 166 167.1 169.3 171.7 177.6 181.7 181.8 175.5 171.8 167.8 167 169 163.2 158.6 154.7 150 146.3 139.9 141.7 151 149.7 146.7 141.7 139.7 141.7 137.1 139.2 133.3 115.6 115.6 118.5 127.6 128.3 126.7 135 133.5 108.9 93.7 90.3 90.3
47.6 45.8 46.4 41.4 33.4 35.8 38.7 43.6 49.2 61 75.7 91 97.6 116.1 122.8 121 136 139.5 138.7 132.7 142.7 147.3 142.6 144.1 147.5 151.5 161.9 167.7 171 174.2 180 170.6 166.5 160.5 158.4 158.2 159.5 160.4 161 161.5 162.1 163.4 165 165.9 166.9 167.7 170.7 172.2 174.4 183.5 175 174.1 170.4 168.4 170.3 165.2 157.1 154.7 149.2 142.4 137.8 139.7 148.2 147.9 144.2 138.8 135.6 137.9 129.5 133.3 122 112.7 113 118.2 131.7 130.9 129.1 137.5 137.2 121.4 102.2 90.3 88.2
53.4 49.2 50.2 45.7 36.8 37.1 42.1 43.3 53.1 62.9 76 89.6 96 105.1 113.7 115.8 116.4 133.6 129.3 127.1 140.2 137.5 137 139 143.6 152.4 159.9 162.7 162.7 164.6 168.9 168.4 164.3 158.9 156.5 157.1 158.6 160 161 161.8 162.1 161.9 164.9 165.8 166.4 166.8 169.2 171.5 174.4 180.4 176.2 174.3 170.8 168.5 168 163.3 154.6 152.1 146 141.9 134.5 134.6 142.3 146.1 141.3 136.9 131.5 128.6 123.1 118.3 116.1 111.3 112.3 116.9 139.6 134.9 131.2 134.3 135.6 129.6 110.3 93 85.9
57.3 55.4 55.5 52.5 38.9 37.4 46.6 50.5 57.4 64.1 78.8 87.3 95.9 103 104.5 112.3 112 122.1 119.8 121.5 133.8 129.2 130.1 135.1 141.5 150.7 156.4 158.4 159.2 160.7 167.3 166.5 163.8 157.4 155.2 156.2 157.8 159.7 160.8 161.7 162.8 161.9 163.3 165.4 165.8 166.2 168.5 170.8 172.5 173.4 173.8 173.8 171 168.7 167.7 160.2 150.9 149.5 146.1 140.2 131.8 132.2 135 141.9 139.3 133.9 127.6 123.2 120.6 114.4 111.5 110.2 111.6 122.6 135.6 134.2 132.3 135.2 136.6 131.4 110.6 105.2 86.1
63.7 64.5 59.3 58.7 43.1 40.2 48.9 55.2 62.5 67.5 81.3 91.6 101.2 110.3 105.2 109.7 110 117.2 119.6 121.1 125 128.6 130.1 132.2 141.1 150 157.2 159.4 156.3 157.6 162.5 164.1 164.2 155.3 154.5 155.9 157.3 159.9 161 162 164.1 162.7 162.3 164.9 165.3 165.7 167.2 169.5 171.6 172.4 173 173.8 172.2 168.5 166.8 153 144.6 145.3 142.6 134.8 130.2 130.1 131.7 137.7 136 127.7 125.3 122.1 117.1 112.2 109.7 108.5 109 118 123 126.4 129.8 135.7 140.9 130.5 111.6 110.8 91.5
77.5 69 65.2 64 51.6 41.3 44.2 61.2 68 74.1 83.9 92 101 106.1 106.8 106.7 110.1 113.4 119.7 121.7 128 132.7 134.3 132.9 139.3 148.4 154.6 156.1 152.2 155 158.3 160.9 161.9 155.6 154.2 155.2 156.3 159.8 161.6 163.3 167 164.8 163.9 164.7 164.9 165.1 165.9 168.1 170.4 170.5 170.6 171.6 172.4 166 149.6 140.1 139 140.9 138 132.7 123.3 126.5 128.2 130.1 128 126.2 122.6 119.3 115.4 113.4 108.1 107.4 108 110.7 117.2 123.4 126.6 132.3 139.7 134.2 113 111.4 102.8
92.9 75.3 74.7 69.3 62.5 42.9 46.2 61.8 71.5 79.9 89.3 95.8 104.8 107.2 107.4 107.6 111 112.6 116.2 123.4 129 139.2 140.6 134.7 136.7 141.9 151.5 148.9 148.7 150.2 154.9 157.9 159.5 154 153.4 154.5 155.8 160.1 163.1 163.7 168.7 168.2 164.4 164.4 164.6 163.7 164 166.3 168.7 168.5 165.3 167.2 159.6 145.4 135.8 136.2 134.2 135.7 136.2 127.2 121.3 123.7 126.1 125.6 125.9 123.7 121.1 118.3 115.3 112.9 110.3 106.6 106.8 108.2 112.4 121.9 123.6 126.6 132.9 136.4 113.8 111.9 108.5
102.3 84.1 84.5 76.7 69.8 44.8 52.8 62.3 73.8 85.6 98.6 105.5 107.4 108 108.5 107.9 111 114.2 114.4 121.6 133.5 142 135.3 134.2 136.9 140.2 146.9 147.1 146.8 147.7 150.5 155 157.9 153.3 152.9 154.2 155.9 158.2 162.2 162.8 167.6 172.5 164.4 164.1 163.6 162.2 161.3 165 164.2 165.6 159.2 154.2 150 139 130.9 130.9 129.1 129 133.5 125.8 120.8 121.7 124.6 124.5 123.6 122.4 120.5 118.6 115.9 111.3 107.3 105.8 106.7 106.7 110.6 119.6 120.5 124.6 129.7 130.6 115.8 110.6 107.6
112.2 96.3 87.7 88.2 73.5 59.4 47.2 69.9 75.2 89.2 107.4 113.7 109.4 107.2 107.6 107.7 109.8 121.4 116.6 126.2 138.6 141.4 133.1 133.4 138.8 142 145.3 144.2 144.3 145.3 146.7 149.5 156 152.3 151.4 154 156.3 158.9 161.2 162.5 165.3 169.9 164.3 164 162.2 159.9 158.1 159 159.9 156.3 153.9 144.5 138.2 130.5 126.5 123.5 123.7 124 126.1 124 120.4 121.5 124.7 124.3 123.7 122.3 120.4 117.7 114.4 110.7 106.5 104.8 105.1 105.5 106.7 116.9 116.1 121 121.4 121.6 115.9 110.8 99.9
114.9 105.5 97.4 93.9 83 72.5 51 75.5 83.4 92.5 110 119.1 111.1 106.9 106.9 106.9 108.5 124.8 124.4 117.9 138.3 138.9 132.2 132.6 137 141.6 144.1 143.3 140.9 142.1 144.3 146.7 149.2 149.4 152.4 154.3 156.1 159.6 161.3 162.2 162.6 163.6 164.4 164 162.3 158.6 154.5 152.7 150.5 147.7 143.1 136.7 133.1 129 125.1 121.1 119.7 119 118.7 117.1 119.2 122 127 124.7 123.7 122.2 120 116.8 114.3 110.7 107 104.7 103.8 104.4 105.4 108.3 111.2 117.6 119.4 115.5 112.8 110.1 95.3
117.4 119.4 105.2 96.1 85 74.9 52.7 78.2 97 99.2 108.2 114.1 112.7 107.3 106.9 106.9 106.9 124.2 129.7 128.7 129.6 131.9 131 132.7 135.6 136.7 141.5 137.8 137.3 138.9 142.2 145.1 147.3 150.8 152.7 154.6 156.5 160.4 162 162.9 163.2 163.4 164 164.2 161.5 157.1 152.4 151.5 148.1 143.7 137.1 134.4 132.7 128.3 126.7 120.2 118.8 117.8 117 116.4 118.8 122.4 123.7 126 123.3 121.9 119.6 116.5 114.2 111.9 108.2 105.5 103.4 102.6 103.2 105.4 107.4 112.6 118 111.6 107.1 105.8 95.6
123.1 123.8 111.3 111.2 87.8 79 61.9 74.1 113 117.4 114.2 116.7 119.7 117.9 108.9 106.9 106.9 120.4 130.3 133.4 126.9 130.8 129.4 131 131.4 132.9 134.5 134.4 134.8 136.1 141.7 145.9 148.3 151.4 153.3 154.3 156.9 162.1 164.5 163.8 163.8 164.4 164.1 163.5 161.9 156.4 151 149.8 147.4 140.7 135.1 132.5 131.1 126.2 124 120.6 118.6 117.6 116.9 114.5 118.6 122.2 123.2 125.5 123.8 122.2 119.8 116.2 113 112 110.3 107.5 106.2 102.8 101.5 102.5 103.7 106.3 114.8 107.2 103.6 97.6 92.9
117.7 127.6 117 115.9 94.3 81.6 68.5 69 104.9 129.9 129.2 126.5 135.9 133.6 122.3 118 111.6 120.5 131.3 132.1 127.5 125.9 126.1 128.3 128.6 130.4 130.9 131.1 130.6 135.9 141.9 146.8 149.3 151 153.1 154.1 156.9 163.7 168.6 167.2 164.4 165 164.3 163.4 161.8 157.2 150.9 148.5 146.9 140.3 134.6 132.1 126.9 125 123.6 120.6 119.1 117.7 116 114.7 117.8 121.5 122.9 125.8 124.7 122.8 120.3 115.5 111.5 109.7 111.3 106.6 107.7 104.9 100.2 101.1 101.7 101.8 101.1 100.9 99.9 91.8 88.5
104.5 123.8 121.3 107 102 80.8 71.6 60.5 91.3 126 133.9 132.7 132.9 134.4 130.8 120.8 121.9 121.2 129.6 127.8 124.4 123.2 122.7 125.6 126.4 124.8 127.7 127.6 129.7 134.8 141.5 147.2 151 152 152.4 153.2 156.2 165 169.7 170.2 165.6 164.7 165.4 163.3 161.9 157.8 150.9 147.4 145 143.5 138.1 135.1 131.8 128.8 127.2 122.2 119.6 118.4 115.8 114.7 114.8 121.3 122.4 124.5 125.6 123.7 121.8 116.2 111 109 107 105.8 105.3 104.2 98.9 100 101 101.1 99.3 95.5 88.4 85.2 83.1
98 104 108.7 101.1 95.5 90.4 78.2 66.1 76.2 94 109.4 118.9 128.4 132.9 129.2 123.9 123.8 124.6 128.6 126.7 123.5 121.6 120.8 120.1 120.3 120.4 122.3 124.5 128.4 132.5 140.8 148.1 152.9 153.1 152.3 152.5 154.5 164.3 168.7 169 164.2 163.6 166.5 162.8 161.3 158.7 151.4 147.3 145.6 145.2 142.5 138.3 134.5 131.2 130.1 124 121.2 119.6 117.7 117.9 113.6 118.2 120.8 123.6 125.1 123.9 122.5 117.4 110.8 108.3 106 104.5 103.2 102.5 98.4 98.8 99.9 100.6 99.9 92.6 83 79 73
92.6 100.5 99 96.8 95.1 92 86.4 72.9 68 72.8 86.1 104.9 121.9 131.3 129.2 126.1 127.9 129.3 132.4 125.6 122.4 120.7 120.3 119.7 118.3 118.2 120 123.2 126.3 131 140.3 147.7 153.8 154.2 152.4 151.9 153.9 160.1 166.5 164.1 162.9 161.7 163.2 160.8 159.7 159.1 148.7 148.1 147.3 146.5 145.1 140.9 139.3 132.5 130.9 123.6 122.7 119.7 120.2 119.8 114.9 115.9 119 120.7 123.3 123.8 123.4 117.2 111.6 107.8 105.4 103.3 102.4 99.2 96.1 98.3 96.6 96.5 97.4 93.6 79.6 72.5 66
87.6 95.1 100.6 96.7 96.1 97.5 94.2 94.5 88.9 80.2 74.8 80.4 114.1 126 126.6 125.8 131.7 134.3 132 125.9 121.8 119.8 120 119.4 116.7 116.1 118.3 122.1 124.9 129.7 138.8 146.3 155.7 159.5 152.6 151.2 154.6 157.1 161.8 160.9 160.6 159.3 159.1 158.7 158.2 157.3 149.1 148.1 147.6 147.2 145.3 141.7 138.9 130.1 127.8 124.5 121.2 121 121.9 121.8 116.2 111.9 116.3 118.4 121.9 122.8 122.7 118 112.3 109.3 105.6 102.2 98.1 95 93 96.4 89.7 87.6 86.9 86.3 72.7 66 57.7
76.1 88.7 98.1 103.7 102 106.9 102.4 115.7 109.3 100.4 93.4 85.7 102.9 119.5 121.5 124.1 132.1 134.8 131.7 124.2 120 117.2 119.1 116.7 114.4 115 117.2 122 124.1 128.7 136.3 145.8 156.4 157.9 150.8 149.7 150.7 154.2 157 157.9 157.9 156.5 156.4 155.6 154.9 152.3 148.7 148.2 147.7 147 144.4 141.5 137.8 135.7 126.6 122.7 121.4 122.6 122.3 120.3 114.8 111.1 112.3 113.5 118.7 118.6 119.6 117 112.3 109.1 107.2 102 94.7 89.9 87.6 87 84.1 80 77.2 78.3 67.9 64.1 59.8
61.7 77.6 87.8 95.1 102 109.1 112.4 116.7 120 111.7 103 93.9 87.6 109.2 117.7 123.7 128.5 129.2 130.5 125.7 118.9 114.4 115 115.5 112.9 114.1 116.5 122.1 124.3 127.5 134.8 144.6 154.3 155 150.4 148.6 147.4 149.7 152.4 153.5 153.5 153.6 153.7 152.1 150.7 149.7 148.9 148.3 147.7 146.7 144.2 141.3 141.6 138.3 130.7 124.3 123.4 124.2 123.9 122 115.9 112.7 107.7 109.5 114.8 117.4 115.9 115.3 112.3 107.5 104.5 97.9 92.5 92 79.3 78 72.4 70.3 73.1 67.2 65 64.5 65.1
50.8 67.1 79 88.5 98.6 103.8 106.3 110.4 123.6 116.6 104.3 92.4 84.3 102.4 114.5 119.3 117 120.2 125.6 122.5 118.5 111.8 111.3 111.5 112.3 113.7 116.9 121.9 124.6 126.6 133.3 145.4 153.3 151.8 146.9 146.9 144.9 144.6 146.6 148.9 150.2 151.3 151.3 150.6 149.9 149.5 149 148.5 147.9 146.6 143.6 141.5 140.8 137.8 130.4 125.8 124.8 124.5 125.6 122.8 116.3 113.7 109.6 105.4 111.4 117.1 113.9 111.7 107.3 103.4 96.9 92.6 94.5 95.8 89.6 84.2 85.7 72.1 67.7 64.4 63.6 63.1 63.2
