app/static/ascii/NC80.asc
ncols 200
nrows 200
xllcorner 280000
yllcorner 900000
cellsize 50
[rows 0 to 35 of 200, columns 81 to 161 of 200]
71.9 77.4 88.2 94.3 101.6 103.8 104.1 102.4 96.9 86.3 73.1 80.9 91.6 105.9 113.6 116.1 119.8 128.5 138 144.2 150.7 157.1 164.3 170.8 176.8 183.7 190.3 196.9 202.4 206.8 212.1 216.8 219 221.3 222.4 223.4 223.7 223.5 222.8 223.7 225.5 225.8 227.4 228.5 224.4 229.4 233.3 239.9 249.6 260.3 264.4 262.4 258.8 260.1 261.3 260.7 263.3 266.2 266.1 272 290.4 294.2 304.7 317 326.1 331.5 337.9 347 354.7 356.9 356.3 354.1 352.4 349.8 347.7 346.2 345.3 344 343.1 345.6 350.8
57.7 63.9 72.3 77.4 85.2 91.8 93.5 93.5 89.7 78.5 73.7 82.3 90.9 104.5 111.7 115.2 121.6 128.8 136.9 145.2 152.8 159.2 165.6 171.8 178.5 184.6 191.3 197.6 202 206.4 210.7 214.9 217.4 218.4 219.3 219.3 220.7 220.6 219.2 219.1 220.5 219.6 220.8 223 220.6 228.1 231.7 235.8 241.7 251.5 257.5 258.5 256.4 255.6 255.6 260.2 261.6 263.5 265 272.2 285.1 293.2 299.1 308.1 322.7 328.3 333.9 340.4 350.4 355 355.4 354.3 352.7 349.8 347.8 346.2 344 342.2 342 342.5 343.5
44.8 48.7 55.6 61.3 69.9 75.7 82 85 82.6 74.3 62.7 76.9 87.5 100.2 108.5 115.1 121.2 127.8 135.6 145.1 153.6 160.1 166.7 173.2 179.8 185.5 192.1 198.5 202.6 205.8 208.7 212.4 213.7 214.2 215.2 216.5 216.9 215.3 215.4 214.9 214.1 214.3 214.6 213.3 216.4 222.7 225.8 231.2 236.3 242.4 250.7 253.8 253.8 254 252.5 257 258.9 260.9 263.8 271.1 282.6 294.7 296.5 303.7 316.4 324.7 330 334.7 344.2 352.9 354.3 353.5 352.2 349.7 348.2 345.2 343.4 342.4 341.4 341 341
32.3 34.4 39 48.6 55.3 61.9 70.1 72.7 74.1 66.1 56.5 71.5 85 95.5 106.5 115.5 121.1 127.2 134.1 143 152.1 159.8 166.4 173 180.9 186.7 193 198.5 201.9 204.9 205.2 208.4 209.2 210.6 211.7 213 212.9 211.7 211.1 207.5 204.5 203.5 203.9 215.1 215.3 217 221.8 222.6 226 237.2 242.8 248.4 251.5 252.1 250.5 252.5 256.2 259.8 263.6 269.4 276.9 291.9 295.3 300.9 307.7 321.3 327.2 331.6 338.2 349.1 352.8 352.3 351.9 348.9 347.1 344.4 342.4 341.8 341 338.8 338.7
31.1 32.1 33.6 35.5 39.9 47.5 56.1 59.4 63 53.4 66.4 73.3 79.8 90.7 102.8 110.1 118 125.4 132.3 140.7 149.8 157.9 165.7 173.4 181.9 188.5 195.6 200 201.9 204.4 203.3 204 207.1 208.2 208.4 208.4 208 204.5 200.3 191.6 178.2 203.1 212.3 219.8 224.4 228.1 233 235.4 235.3 231.3 237.1 243.1 248.4 250 249.5 251.3 255.1 259.4 263.7 268.9 273.8 288 292.9 298.5 304.5 312.5 322.6 329 335.6 345.7 351 351.8 351.4 348.7 345 343.5 341.5 340.8 339.8 338 337
30.8 32.1 33.5 34.6 35.7 37 39.7 45.6 51.2 54.2 66.1 69.9 73.7 83 96.6 104.2 112.7 122.4 129.7 138.8 147.4 155.3 163.7 174.5 182.9 189.6 197.2 203 203.5 202.6 201.3 201.6 200.7 202.9 203 204.9 204.1 196.3 181.7 176.2 194.7 211.5 222.2 227.6 237.8 243.4 245 245.5 243.5 243.1 242.8 245.6 245.9 247.9 248.8 251.5 256.6 260.4 264.6 268.5 272.7 285.3 290.6 294.8 301.1 305.6 316.1 325.9 333.8 343.2 350.1 351.7 351.9 347.8 345.5 344.4 340.9 339.9 338.5 337.3 336.3
29.1 30.7 33.1 33.7 34.8 36.7 38.9 39.6 42 49 56.7 62.5 67.2 75.8 89.1 98.2 108.2 118 127.2 135.8 143.8 153 161.7 171.9 182.7 191.3 201.1 208.4 205.1 201.7 200.7 197.4 196.5 197.7 198.7 199.4 197.3 178.5 181.2 194.1 209.7 221 232.1 237.6 247.1 254.1 257 257 252.4 248.2 248.7 250.9 251.7 249.9 249.9 252.5 257.2 262.8 267.5 269 271.5 281.9 289.1 292.9 296.9 302.5 312 321.8 331.8 344.4 350.1 350.2 348.9 346.7 345.7 344.7 342.6 340.9 338 335.4 334.8
27.8 31.4 32.5 33 34.4 36 38 34.9 37.4 44 49 53.1 59.2 68.3 82 92.8 102.4 113.5 122.8 131.2 141.2 150.2 159.6 170.1 180.9 190.7 204.3 205.8 202.9 201.2 198.2 194.4 191.8 191.1 193 192.3 182.6 166.4 188.1 210.7 218.1 228.9 240.2 246.5 255.1 262.3 265.7 266.7 261.9 254.8 253.1 254 254.1 252.8 251.5 254.6 259 264.5 268.5 269.6 270.5 279.7 288.4 291.9 296.3 301.1 307.5 318.8 330.8 345.7 353.1 354.2 351.3 348.6 347.4 345.8 343.6 339.5 335.9 333.3 332.9
28.5 31.5 32.2 33 34.3 31.7 34.1 35.9 38.2 38.7 41 45.4 51.7 60.9 72.4 84.8 97 109.4 119.3 127.3 136 145.2 154.6 165.2 177.8 190.5 199.2 200 201.2 199.7 195.7 191.3 188.8 186.2 186.4 179.2 160.7 182.8 201.5 213.6 224.1 237.6 245.2 251 258 265.8 271 272.2 268.7 262.7 256.5 256.2 256.2 255.3 254 257.4 262 265.9 269 270.2 271.4 279.9 288.1 291.9 295.9 299.7 306.3 318.5 331.2 345.8 355.4 360 355.6 352.8 350.1 346.3 342.9 338.1 332.6 330.9 330.5
28.6 30.8 31.7 32.5 33.3 31.9 32.6 35.6 36.4 37 36.9 38.5 44.3 53.1 63.6 76 90.9 102.3 113 121.4 130.1 139.1 149.3 159.2 171.1 180.9 190.2 197.6 198.1 197.2 194.1 189.5 185.4 182.2 175.2 158.9 181.7 197.4 211.1 223.8 233.9 243.6 249.6 255.7 261.3 268.7 273.8 274.5 272.1 266.3 259.4 258.7 258.3 257.5 256.9 258.7 263.2 267 269.2 271.5 274 281.1 287.2 292 295 298.9 305.3 319.8 331.3 345.8 353.6 360.3 358.3 355.5 355.2 349.5 344.3 335.8 330 324.7 323.4
28.2 30.1 30.9 31.8 32.4 32 30.8 33.6 34.4 34.5 34.7 34.6 37.3 45.5 56.9 66.8 79.4 92.7 105.7 115.2 123.4 132.6 143.5 153.8 163.4 174.9 182.7 189.3 193 193.4 189.2 185 179.8 173.5 156.9 174.2 195.3 210.8 222.1 231.6 240.5 249.1 255.7 260.1 265.6 269.9 273.3 272.9 271.1 268.2 263.2 260.8 260.2 259.9 260.2 261.2 263.8 267.4 270.5 273.3 277.6 283.8 288.1 292.7 294.8 296.9 304 316.8 328.7 342.4 351.3 356.8 358.1 357 357.3 354.2 347.5 336.8 328.6 323 321.4
27.3 29.5 30.2 31.2 31.5 31.3 30.8 30.3 30.8 33.1 33.2 32.9 35.1 39.9 51.1 61.4 72.1 83.9 96.6 107.8 117.1 126.3 135.4 144.6 155 164.2 171.8 180 186.7 187.6 183.6 178.3 171.7 157.3 158.5 185.2 205.4 221.4 231.1 237.8 245.7 254.6 260.5 264.9 269.8 272.8 272.2 271.5 270.8 269.4 266.5 263 262.8 262.6 263.7 265.3 267.4 270.4 274.4 279.2 284.5 289.3 291.7 293.1 295.9 298.4 308.2 316.6 325.7 338.1 348.1 352.8 354.7 356 357.7 353.3 345.7 337.3 326.6 322 318.5
27.3 27.3 27.7 29.1 30.4 29.8 30.1 29.9 29.9 31.9 31.5 30.7 31.5 33.8 39.8 53.1 64.3 75.9 88.3 100.4 110.6 120 127.6 137.1 147.7 154.5 163 170.2 176.2 179.9 176 169.3 155.8 151.3 167.7 190.1 212.6 230.7 239.3 244.4 250.2 258.3 264.4 269.1 273.3 275.2 273.1 271.7 270.9 269.9 268.8 265.3 264.8 266.1 268.2 269.7 272.6 276.4 280.2 284.1 288.9 292.4 295.6 296.2 297.6 304.7 309.5 316.4 324.3 332.5 342.6 347.6 346.8 345.3 346.7 345 340.2 332.8 327.1 322 317.4
27.3 27.3 27.3 27.3 27.3 28.3 28.1 29.1 30.1 29.5 27.9 27.3 29.2 30.1 34.4 46.1 57.1 67.8 79.3 91.3 103.4 113.2 121.2 130.5 138.7 147.5 153.8 160.1 167 169.9 164.8 153.1 141.5 157.8 176.4 196.4 220.9 236.8 245.2 249.4 252.7 261.2 268.8 270.6 273.7 274.8 273.8 271.9 271 270.7 270.9 268.4 268.3 270.6 272.6 274.4 276.9 280.3 283.5 286.4 290.7 294.3 297.6 299 303.4 307.9 311.9 317.5 323.4 326.6 330.6 334 334.8 337 336.9 333.5 329 324.9 323.6 320.2 316.5
27.3 27.3 27.3 27.3 27.3 27.3 27.3 28 29.2 27.3 27.3 27.3 27.3 27.3 30.8 38 48.9 60 74.2 85.5 96.2 106 113.4 122.1 129.7 136.4 143.8 148.9 156 150.5 125.9 140.6 151.7 167.9 186.5 207.3 228.3 242.1 251.5 253.8 253.4 260.3 267 269.6 273.2 274.2 274 273 269.2 271.4 272.3 270.1 270.6 275.4 278.2 279.9 282.3 284.2 287.3 290.4 293.7 296 298.7 301.6 305.3 308.9 313.3 317.5 322 325.2 327.9 330.3 331.1 330.8 327.4 321.6 321.4 321.2 321.4 319.9 312.9
27.3 27.3 27.3 27.3 27.3 27.3 27.3 27.3 28.7 27.3 27.3 27.3 27.3 27.3 27.3 30.8 40.1 52.4 64.9 75.2 85.6 98.2 105.7 112.6 118.2 123.3 130.8 141.3 145.3 115 140.9 157 168.9 185.6 203.4 218.1 236.7 248.4 254 255.2 252.2 257.7 264 266.6 267.6 270.7 270.8 270.4 265.7 269.3 269.7 269.7 270.1 277.9 282.4 282.8 285.3 287.4 290.3 293.1 296 298.2 301.6 304.1 307.3 310.6 313.3 315.9 319.1 322.2 325.6 328.2 327.5 326.1 319.8 319.2 319.1 318 314.9 312.4 305.7
27.3 27.3 27.3 27.3 27.3 27.3 27.3 27.3 27.3 27.3 27.3 27.3 27.3 27.3 27.3 27.3 32.2 42.8 53.9 65.4 77.2 86.8 94.5 101.1 105.8 110.9 117.8 117.7 117.5 118.9 131.9 147 156.8 195.2 213.8 227.2 242.6 250.7 254.2 254.8 250.2 252.6 262 264.2 263.8 264.8 266.2 265.7 261.8 265.2 266.6 267.3 267.6 276.9 283.4 284.7 287.7 290.2 292.4 295 299.3 303.3 306.5 307.9 308.8 309.7 310.8 313 315.8 316.9 317.2 318.1 317.5 314.1 315.9 316.7 315.5 313.7 310.4 308.7 305.6
27.3 27.3 27.3 27.3 27.3 27.3 27.3 27.3 27.3 27.3 27.3 27.3 27.3 27.3 27.3 27.3 30.5 34.2 44.1 55.4 66 75.5 82.7 88.3 94.2 98.4 91.5 85.3 98.5 107.3 125.7 141.3 161.6 203.7 219.4 231.3 244 250.7 253.4 253.4 247.4 247.4 253.3 259.2 258.4 258.8 260.1 261.1 255.8 256.2 261.2 261.4 263.9 273.6 282.4 286.3 288.9 291.3 294.3 299.5 304.4 307.9 310.1 310.5 310.4 308.8 305.8 306.5 308.6 309.2 307 304.2 307.4 311.3 314 314.4 312.4 309.8 307.6 308.3 306.1
27.3 27.3 27.3 27.3 27.3 27.3 27.3 27.3 27.3 27.3 27.3 27.3 27.3 27.3 27.3 27.3 31.2 34.2 37.5 46.3 55.1 64.8 71.1 76.1 82 78.4 87.4 110.3 131.6 139.4 143.8 162.9 181.9 206.9 220.2 233 243.9 249.1 251.2 251 244.7 244.4 245.8 250.2 252.9 253 253 254 251.3 248.8 253.5 253.2 259.1 268.7 279.1 284.6 287.6 290.9 295.6 301.7 306.9 310.1 312 312.8 313.1 310.1 306.6 300.4 297.8 298.4 297.8 300.8 304.6 307.3 312.4 312.5 309.8 306.1 305.8 305.6 304.8
27.3 27.3 27.3 27.3 27.3 27.3 27.3 27.3 27.3 27.3 27.3 27.3 27.3 27.3 27.3 27.3 32.1 34.5 37.1 40.3 44.9 55.3 60.3 67.2 66.6 82.4 101.3 129.7 150.3 154.9 162.6 186.8 200.6 211.7 221 231.5 242.3 244.9 245.8 245.9 241 241.2 241.8 244.8 247.6 249 249.4 248.9 246.2 241.7 244.7 246.5 253 262.6 273.2 281.7 285.4 289 294.7 301.7 306.4 309.3 311.7 312.7 311.7 309.3 305.2 298.4 297.8 297.8 297.8 297.8 302.6 304.7 306.3 308 306.8 303.6 303.7 303.7 301.1
29.7 28.6 27.3 27.3 27.3 27.3 27.3 27.3 27.3 27.3 27.3 27.3 27.3 27.3 27.3 27.6 33.2 35.1 37 40.4 44.4 51.1 56.8 54.8 75.3 89.7 105.4 132 152.7 153.7 163.3 190.7 203.9 214 222.8 230.4 239.1 240.3 238.1 236.1 234.6 237.4 237.2 240.4 243.7 245.9 247.7 245.5 241 235.7 235.5 239.1 248.1 257.2 268.3 276.9 282.1 285.9 290.9 298.5 305.4 308.1 309.6 310.2 308.7 306.8 302.9 297.8 297.8 297.8 297.8 297.8 298.1 297.9 298.6 298.8 298.6 299.2 302.1 301.7 298.1
36.1 33.3 30.5 27.3 27.3 27.3 27.3 27.3 27.3 27.3 27.3 27.3 27.3 27.3 27.3 28.5 32.6 34.6 36.7 39.4 44.1 48.3 51.6 61.1 77.8 86.2 93.8 114 139.7 147.2 155.6 184.3 201.7 213.2 221.5 227.4 231.8 231.8 228.5 226.8 226.9 228.5 230.7 235.4 240.4 243.8 245.3 241.7 237.3 229.6 232 235.6 245 254.4 264.6 272.8 278.8 283.4 287.4 296.7 302.5 306.4 308 309.2 307.6 305.4 300.9 297.8 297.8 297.8 297.8 297.8 297.8 297.8 297.8 297.8 297.8 297.8 300.6 298.2 295.6
44.9 35.5 33 27.7 27.3 27.3 27.3 27.3 27.3 27.3 27.3 27.3 27.3 27.3 27.3 28 32 33.9 35.9 38.5 41.1 44.2 47.2 48.7 66.2 80.8 86.4 94.7 115.4 136.6 142.8 165.3 186.6 203 213.9 218.9 219.5 221.7 221 218.5 217.9 220.9 224.4 228.7 236.3 240.8 241 236.8 232.6 228.1 226.2 231.6 242.6 252 261.7 270.2 277 282.1 286.8 297.3 303.2 306.5 308.2 309.2 307.6 305.6 303.7 298 297.8 297.8 297.8 297.8 297.8 297.8 301.7 301.4 301.3 300.4 299.5 296.1 293.3
59.8 46.5 35.4 31.6 27.3 27.3 27.3 27.3 27.3 27.3 27.3 27.3 27.3 27.3 27.3 28.1 32.1 33.3 35 36.9 39.4 41.6 42.9 43.3 49.1 70.6 81.4 81 94.2 112 127.1 142.7 161.6 176.9 191.5 198.6 201.7 208.4 211.8 210.1 209.4 215.6 218.2 220.8 231.4 237.1 235 231.9 230.6 227.7 223 228 238 248.8 257.3 267.1 275.3 281.1 285.2 295.2 304.2 309.1 311.1 311 308.6 306.6 305.5 304.8 300.1 297.8 297.8 297.8 298 300.5 302.2 303.6 302.7 300.3 297.7 295.2 290.9
76.2 64.8 50.4 37.6 31.4 28.4 27.3 27.3 27.3 27.3 27.3 27.3 27.3 27.3 27.3 28.9 31.9 33.1 34.2 36 37.8 39.9 40.6 40.6 43.5 57.3 64.1 76.2 84.3 95.9 112.2 125.9 139.3 155.9 172.4 175.6 182.7 198.7 200.9 201.6 199.7 208.7 214 214.8 223.3 229.5 230.2 229 228.3 225.3 220.1 223.8 232.3 243.5 253.6 262.4 271.9 277.8 282.1 288.2 298.2 305 307.9 310 309.9 308.5 307.5 307.5 305.5 302.4 300.7 299.4 301.5 302.7 304.8 302.8 301.1 300.1 297.5 293.9 292.6
88.5 81.4 68.5 54.1 38.8 33.9 28.8 27.3 27.3 27.3 27.3 27.3 27.3 27.3 27.3 27.9 31.5 32.5 33.5 34.7 36.4 37.7 39.6 40.2 38.5 52 60.4 70.7 80.7 91 102.2 115.2 125.1 141.4 151.9 158.2 177 189.3 187 191.1 191.8 198.4 205.5 209.2 210.1 215.9 224 224.4 224.6 221.6 219.6 216.5 225.9 237.6 248.7 258.1 266.8 274.5 277.9 281.6 288.2 296.6 300.2 301.7 304.1 304.8 305.3 305.6 306.7 306.9 305.2 305.3 307 307.8 308 306.5 305.2 302.3 298.6 295.9 294.5
102.3 95.1 84.3 68.9 50.6 37.3 31.2 29.6 27.3 27.3 27.3 27.3 27.3 27.3 27.3 29.8 32 32.4 32.7 33.9 35.1 36 36.5 36.3 35 43.5 55.4 65.3 75.1 84 94.7 109.7 117.2 127.4 134.3 152.6 162.3 177.4 176.1 176.7 185.6 193.9 198.9 202.4 204.6 206.6 214.6 220 219.9 218.1 216.9 213.8 219.7 230.9 243.1 253.9 262.8 271.5 274.7 276.8 278.8 284.6 291.8 294.2 296.2 298.5 300.2 301.4 303.3 304.5 306.4 306.8 309.1 312 312.5 312.1 311.2 308.9 305.2 300 298.2
113.4 105.2 93.5 81.6 68 51 34.8 29.6 27.3 27.3 27.3 27.3 27.3 27.3 27.3 31.6 32 31.8 32.3 33.5 33.5 33.7 34 33.9 33.5 38.1 49 59.2 66.8 75.1 86 100.6 109.8 115.8 128.7 140.5 155.1 161 164.9 166.9 178.5 189.7 197 197.3 198.9 201.7 208.2 212.2 215.7 214.6 213.1 210.8 216 225.1 238.6 249.8 259.9 268.2 272.9 275.1 275.3 276.9 280.4 285.1 288.5 290.5 292.9 294.6 296.7 299.1 302 303.9 305.8 310.1 313.8 314.8 314.7 313.4 310.4 306.9 303.3
121 113.2 106.1 96.4 83.8 68.8 51.3 33.4 30.4 27.3 27.3 27.3 27.3 27.3 29.8 31.3 31.7 31.2 31.7 31.7 31.7 31.5 31.6 31.7 32.1 33.3 40.4 50 57.4 67.2 78.1 89.9 95.4 111.8 121.5 133.4 144.9 150.6 152.6 159.5 172.7 184.8 191.1 193.3 194.8 198.8 202.2 204.5 209.2 210.3 209.4 209.1 213.7 220.7 232.9 245 256.7 265.1 272.8 274.9 275.3 275.3 276 279.1 281.4 283.2 285.3 287.5 290.1 293.9 297 299.4 301.3 306.5 313.2 314.8 314.3 312.9 311 308.8 306.8
127.7 120.8 114.7 107.6 98.5 85.3 69.8 52.7 37.5 30.7 27.3 27.3 27.3 27.3 30.4 30.9 31.5 30.6 30.6 30.2 29.9 29.9 29.9 30.2 30.5 31.1 34.9 41.7 51.1 64.4 72.1 79.5 93.7 109.8 116.3 127.9 136.6 142.8 143.4 154.4 167.5 179.3 186.7 190 191.1 193.4 196.6 199.1 200.9 205.7 205 206.5 210.6 217.2 226.9 239.7 252.2 261.6 271.2 274.7 274.6 274.9 275.2 276 278.6 280.4 282.4 284.5 287.8 291.4 294.4 295.8 296.8 299.9 307.7 313.5 312.7 311.7 307.9 305.9 305.9
133.3 127.6 121.2 116.3 108.8 99.7 85.1 69.6 54 38.6 30.9 27.3 27.3 27.3 28.1 30.9 30.7 29.7 30.1 30.4 27.3 27.3 27.3 29.2 29.8 29.7 32.4 38.6 45.8 55.7 65.6 76.4 87.8 103.7 111.3 121 129.5 137.5 136.8 151.3 163.4 174.3 183.6 186.5 187.7 188.9 190.3 193.6 195.3 196.5 201.1 205.9 207.4 212.1 222.2 235.4 245.9 257.4 267 273.4 274.1 274.5 274.6 275 278 281.1 283.8 284.2 286.8 288.9 290.3 291.6 292.9 293.7 298.2 303.7 306.9 307.8 305.4 304.9 305.2
139.7 133.8 128 123.3 117.3 110 99.4 87.8 74.5 57.4 40.9 33.3 28.5 27.3 27.3 30.7 29.9 30 28.6 27.3 27.3 27.3 27.3 27.3 27.3 27.3 27.5 36 43 51.6 60.9 70 80.7 94.8 105.1 114.5 122.5 129.4 131.4 143.3 156.1 170.2 177.2 182.6 184.2 186.7 188.1 189.3 190.2 191.5 196.7 200.9 205.1 209.4 218.3 230.2 242 251.5 260.9 269.7 273.4 273.6 273.9 274.3 276.8 280.9 283.4 284.3 284 285.7 287.5 288.5 289.6 290.1 291.1 295 299.9 301.1 301.3 302.7 304.8
145.2 140.8 134.5 129.3 125.4 119.2 112.4 103.9 92.2 75.4 58.1 45.4 36 29 27.3 29.7 29.1 27.3 27.3 27.3 27.3 27.3 27.3 27.3 27.3 27.3 27.3 33.2 38.3 45.9 54.9 64.4 75.8 84.8 100.8 109.5 112.9 118.6 128.5 137.3 152.2 162.5 171.6 178 182.4 184.8 186.6 186.5 186.2 188.5 191.4 197.3 203 206.3 212.1 223.6 235.9 247.2 256 262.4 270.6 272.3 272.5 273.8 275.6 277.6 279 280.7 283 285.3 286.2 287.8 289.4 289.6 289.8 289.6 291.6 294.5 296.6 302.5 306.5
148.2 145.4 141.4 136 132.3 128.6 121.3 115.5 107 94.3 77.9 67.8 48.1 32.6 27.3 28.3 27.3 27.3 27.3 27.3 27.3 27.3 27.3 27.3 27.3 27.3 27.3 28.6 34 41 47.8 58.1 66.9 78.9 89.5 100.6 108.9 119.5 127.9 136.4 147.6 158.3 168 174.9 179.7 183 184.5 184.6 183.8 186.1 188.7 193.3 201 204.6 208.7 216.5 229.7 240.9 250.6 257.6 263.4 269.9 271.1 272.6 274 275.6 277.9 279.6 281.4 283.2 285.2 287.3 289.2 289.4 289.8 288.5 289 291 295.5 301.9 309.6
147.5 147.7 145.7 141.8 138.5 135.5 131.2 126.3 120.9 111.5 97.6 87.1 69.2 47.7 27.3 27.3 27.3 27.3 27.3 27.3 27.3 27.3 27.3 27.3 27.3 27.3 27.3 27.3 29.6 37.8 46.7 52.6 65.4 77.3 87.3 100.8 113.1 116.4 123.5 133.5 143.9 152.8 161.7 169.1 174.9 181.2 182.8 182.8 180.5 184.4 186.3 190.7 196.9 202.7 208.2 215.7 225.2 235 245.2 252.7 258.4 264.2 270.2 272.2 274.3 275.9 277.8 279.9 282 283.5 285.4 287 288.9 289.8 289.4 288.1 288.2 288.7 295.6 301.3 310
146.2 146.2 147.5 145.8 144.2 142 140.5 137.3 133.2 127.7 119.3 110.4 88 62.9 42.2 27.3 27.3 27.3 27.3 27.3 27.3 27.3 27.3 27.3 27.3 27.3 27.3 27.3 27.9 34.2 40.5 50.7 61.1 72.3 84.4 98 109.5 115 120.4 129.5 139.6 148 155.8 163.8 170.2 176.5 182 181.4 179.1 181.2 184.4 187.1 193 200.9 206.9 213.4 222.4 231.5 239.8 248.3 254.7 259.1 266.5 271.5 274 276.7 279.2 281.4 283.5 285.5 286.5 288.3 290 292.1 290.3 288.1 287.5 288.5 292.1 301.3 309.5
