app/static/ascii/NC82.asc
ncols 200
nrows 200
xllcorner 280000
yllcorner 920000
cellsize 50
[rows 35 to 69 of 200, columns 0 to 78 of 200]
176.3 176.4 176.9 177.9 178.5 179.8 182.8 183.4 183.5 182.5 181.8 177.6 175.2 171.6 169.9 168.1 166.6 163.7 160.7 157.8 157.1 157.3 157.7 157 156.3 155.6 155.5 155.4 155 154.4 154.7 155.1 157.5 159.6 160.8 161.7 163.2 166.2 168.1 169.9 170.7 171.6 172.4 173.1 172.9 172.9 172.9 172.3 171.8 171.3 172 172.3 171.8 170.4 169.2 167.7 165.7 163.6 163.1 163 163.4 162.4 160.7 161.1 160.6 160.3 160.8 157.6 156.2 155.5 153.3 151.1 149.6 149 148.4 148.5 149 148.4 147.2
175.3 175.3 175.2 176.2 178.1 179.1 181.2 182.1 181 180.7 180.6 175.9 173.2 171.6 168.8 167.5 164.8 161.4 159.1 157.5 155.5 156.7 156.9 156.5 155.8 154.9 154.8 155.1 155 154.1 154.8 156.7 158.1 159.3 160.4 161.6 163.2 165.4 167.8 169.2 170.7 171.5 172.1 172.9 173 172.7 172.5 172.1 171.5 170.9 171 170.6 170.2 169.1 167.3 165.4 164.4 163.2 162 159.5 158.3 158.4 158.1 157.6 158.2 157.6 156.1 154.4 153.1 152.4 151.3 149.6 148.4 147.7 147.5 147.4 147.3 147.3 146.3
177 176 175 176 177.4 177.9 178.6 180.5 180.2 179.4 178.3 175.4 173.2 170.7 168.5 166.3 162.3 160.1 159.1 157.7 155.5 154.4 156.2 156.3 155.5 154.7 153.7 154.6 154.4 154.3 156 156.7 157.7 159 160.2 161.3 162.3 165.2 167.7 169.2 170.4 171.2 171.9 172.7 173.1 172.8 172.6 172.1 171.5 170.9 170 168.4 168.2 167.6 165.2 163.8 162.9 161 160.6 160.1 159.2 157.9 156.9 156 155.4 154.8 153.8 152.6 151.4 150.4 149.4 148.4 147.4 146.7 146.5 146.5 146.4 146.5 144.9
177.7 176.7 175.2 175 176 176 175.7 176.6 177.3 177.1 175.8 174.3 170.1 169.5 167.6 163.9 160.8 159.2 158.5 157.3 154.9 154.6 155.6 155.7 155.5 154.7 152.8 153.1 153.7 155.3 155.9 156.4 157.4 158.5 159.8 161.1 161.9 164.1 167.3 168.9 169.8 170.8 171.7 172.5 173.2 172.9 172.7 172.4 171.7 171 170.2 169 168.2 166.9 165.4 162.8 160.7 159.2 159 158.6 157.9 156.8 155.5 154.5 154.3 153.6 152.5 151.3 150.2 149 147.9 147.4 146.9 146.1 145.8 145.6 145.5 145.5 146.1
177.8 177.1 175.9 173.5 172.7 172 172.8 171.4 173.5 171.2 172 170.3 169 168.5 164.6 161.5 159.3 158.5 157.8 156.6 155.7 154.8 153.4 153.7 153 151.9 150.9 152.2 151.6 154 154.8 155.9 157 158.1 159.2 160.5 162.6 165.6 168.1 169 169.9 170.9 171.9 172.6 173.2 173.1 172.8 172.6 171.9 171.2 170.4 169.9 169 167.9 165.9 162.5 160.8 159.3 158.1 156.9 156.7 155.7 154 152.9 152.9 152.3 151.2 150 148.8 147.6 146.4 146 146.1 145.6 145 144.9 144.8 142.8 145.7
178 177.3 176.5 174.8 170.4 169.9 169.5 169.3 169 169.7 167.5 167 165.9 165.4 162.8 160 158.5 157.8 157 155.8 155.2 154.6 153.4 153 154.2 155.2 155.4 155.5 154.1 152.4 154.5 155.7 156.6 157.7 158.8 160.3 164 166.8 168.3 169.2 170 171 172.1 172.8 173.3 173.5 173.2 172.9 172.1 171.4 170.7 170 169.6 168.1 166.1 162.3 160.9 159.8 158.9 157.9 156.6 155.6 154.7 153.8 152.3 150.6 150 148 147 146 144.9 144.6 144.7 144.8 144.3 144.2 143.7 142.8 145.3
177.9 177 176.3 174.7 172.5 170.9 169.3 167.5 166.4 166.5 166.3 165.5 163.9 162.1 161 159.1 158.4 157 156.2 155.3 153.7 153.1 153.7 154.3 155.9 156.2 155.8 155.3 155 154.8 151.6 152.9 154.9 156.6 157.8 160.2 164.7 167.3 168.5 169.4 170.2 171.3 172.4 173.1 173.6 174 173.6 173.1 172.3 171.6 170.9 170.2 169.8 168 165.4 162.5 161.3 160.1 159.2 158.7 158 157.4 156.4 155.2 153.9 152 149.3 146.1 144.2 142.5 143 143.5 143.5 143.5 143.5 142.4 140.6 143.6 145.8
177.8 176.7 175.9 174.4 172.5 170.7 169.1 165.3 162.5 163.4 164.9 163.9 162.7 161 159.7 158.4 157.5 156.3 154.7 152.1 155.2 155.4 156 156.5 156.6 156.6 156.2 155.9 155.7 155.4 152.7 150.9 151.6 154.7 156.5 159.3 162.6 165.3 167.4 169.1 170.1 171.3 172.9 173.7 174.2 174.6 174 173.4 172.4 171.7 171 170.4 169.8 166.9 165.2 163.6 161.8 160.4 159.4 158.8 158.1 157.4 156.6 155.5 154.2 152.3 149.8 146.6 145.1 142.7 140.6 141.8 141.8 141.8 142.2 141 141.3 144.9 146.2
178 176.8 175.7 174 171.8 169.7 168.8 167.1 163.5 162.6 163.4 163.1 161.9 160.6 159.7 158.8 157.6 155.6 154.3 155.2 155.7 156.8 157.1 157.2 157.2 157.1 156.8 156.4 156.1 155.7 153.4 150.7 149.2 153.5 155.3 158.2 160.7 163 166.1 168.4 170 172.7 173.5 173.9 174.6 175.1 174.4 173.6 172.7 171.7 170.6 169.6 168.5 167.2 165.7 164.4 162.8 161.1 159.7 158.8 158.1 157.3 156.5 155.8 154.2 150.9 148.3 146.9 145 142.6 140.6 140 140.1 140.2 140.3 138.8 141 144.4 146.5
178.1 177.1 176 174.2 171.1 168.8 167.7 166 162.7 159.2 161.2 161.5 160.8 159.7 158.8 157.8 156.7 155.6 153.4 155.7 156.5 157.1 157.5 158 158 158.2 157 156.7 156.4 155.3 154.2 151.5 150.3 151.8 154 156.7 158.8 160.9 163.6 166.6 170.2 173 173.7 174 174.6 175.6 175.1 174.1 173 171.8 170.8 169.7 168.7 167.1 165.6 164.4 163.2 161.9 160 158.8 158 157.2 156.4 155.6 153.7 150.3 147.9 146.2 144.7 143.5 142.5 141 138.1 138.8 139.1 137.2 140.2 144.7 147.2
179 177.4 176.5 174.4 171.8 168.7 167.8 166.3 164.1 161.8 159.9 159 158.5 158.4 157.7 156.7 155.6 155.4 156 156.8 157.2 157.4 158.1 158.7 158.7 158.3 157.5 156.9 156.2 155.6 154.5 151.3 149.1 148.9 152.6 154.7 156.8 160.1 162.8 166 170.9 172.8 172.7 173.7 175 175.9 175.4 174.5 173.3 172 170.9 169.8 168.6 167.1 165.5 163.5 162.3 161.3 159.4 158.7 157.7 157 156.3 155.4 153.4 149.7 147.7 145.7 144.5 143.6 142 141.1 138.8 136.7 137.9 134.4 139.9 144.9 147.3
179.6 178.3 176.9 174.6 172.4 170.3 169.7 167.6 166.3 164.2 162.8 161.5 156.7 155.7 155.8 154.9 156.2 157.1 157.7 157.5 158.3 159.2 160.2 159.9 158.8 158.2 157.4 157.2 157.2 156.4 154.3 151.6 150.1 147.3 149.5 152 154.3 158.2 162.9 165.7 168 170 173.1 174 174.6 175 175.2 174.4 173.6 172.6 171 170 168.8 167 165 163 161.3 160 158.9 158.4 157.5 155.9 154.6 152.6 150.9 149.6 147.2 145.5 144.3 143.3 142.3 140.3 138.4 137 133.2 134.5 139.8 144 145.8
180.4 179.2 177.9 176.4 173.7 172.2 171.3 170.1 168.3 166.3 165.7 164.3 161.9 160.1 158.9 159.4 158.7 158.7 159 160 161.3 161.9 162.1 161.1 160.1 158.8 158.8 157.6 157.9 156 153.2 151.1 149.6 144.4 147.6 150.2 152.4 156.5 163 165.5 167 170.6 173.4 173.4 173.8 174.3 174.6 173.5 172.8 171.9 170.1 170 168.4 167.1 164.6 162.3 161.2 159.9 158.9 159.6 155.9 154.8 152.4 150.7 149.5 148.3 145.7 143.9 142.8 142.7 141.9 139.5 137.9 135.6 131.4 133.9 136.4 140.7 143.8
181.2 179.9 178.8 177.5 174.5 173.6 172.7 171.7 170.2 168.2 167.4 165.9 164.2 162.8 161.2 161.4 160.8 160.6 161 161.6 162.3 163.1 163.2 162 161.3 160 159.6 159.5 159.2 156.2 152.3 150.1 148.7 146.5 145.8 148.5 151.6 158.6 163.1 164.7 167 170.3 172 172.6 173 173.8 172.7 172.1 171.6 169.9 168.2 167.7 167.1 165.6 163.1 161.4 160.7 159.6 157.8 157.1 154.2 153.2 151.1 149.8 148.7 147.1 143.9 141.6 141.1 141.3 139.5 138.7 136.7 133.6 129.2 132.5 135.1 138.3 140.1
181.9 180.7 179.7 177.9 175.8 174.9 173.9 172.5 171 169.8 168.9 167.1 165.9 164.5 164.2 163.7 163 162.5 163 163.6 164.8 165.2 164.8 163.8 162.4 162.4 161.8 162.3 159.6 156.9 152.3 150 147.9 146.1 143.7 147 150.9 155.6 159.5 163.4 167 170.1 170.2 171.8 171.4 172.3 170.6 169.8 169 167.8 166.5 166.2 165.9 164.8 161.7 160.5 159.9 158.1 156.7 154.9 152.6 150.3 148.7 148.3 147.4 146.1 142.6 139.9 139.9 139.5 139 136.6 135.5 131.6 129.3 130.7 132.6 134.7 136.8
182.3 181.5 180.3 178.9 176.8 175.7 174.9 173.1 171.7 171.1 170.1 169.3 168.3 167.6 166.6 166.1 165.5 164.9 165 166 167.1 166.4 165.8 164.8 163.7 164.2 163.2 163.8 160.6 155.2 152.4 150.5 148.1 145.9 142.9 146.4 148.5 151.3 155.2 161.7 164.8 164.7 168.7 169.9 169.3 170.1 169.2 167.8 166.8 166 164.7 163.7 163.7 163.4 160.5 159.5 159.1 157.2 155.9 153.8 151.3 149 147.4 145.6 146.7 145.1 141.2 138.1 137.9 138 137.6 136.4 134.5 130.8 130.1 129.7 130.8 132.8 135.2
182.9 181.9 180.7 179.6 177.8 176.7 175.8 174.1 172.8 172.7 172.9 172.3 170.9 170.1 168.9 167.6 167.3 167.1 167.6 168.9 168.7 168 167.8 166 165.5 164.9 163.7 161.5 158.2 154.2 152.8 150.8 148.3 145.3 142.6 143 145.1 147.6 151.6 157.8 158.6 161.4 164.3 166.1 166.9 167.2 166.7 165.4 165 164.7 162.3 161.3 160.5 159 157.4 156.3 156.2 155.8 154.2 151.3 148.8 146.1 144.5 143.5 143.5 141.7 139.3 136.1 134.5 134 135.1 136.4 133.5 130.4 130.2 130.4 130.2 132.4 134
183.5 182.5 181.6 181.6 181.1 179.9 177.7 175.9 174.6 175.4 175.5 174.6 173.7 172.6 171.2 169.3 169.3 170.3 170.5 170.4 170.2 169.5 168.6 167.2 168.6 166.7 163.9 161.5 156 153.6 152.7 150.6 147.4 146.4 145.1 142.8 141.8 145.4 148.8 153 155.1 158.6 160.8 163.3 163.1 163.5 164.6 163.3 162.2 161.6 160.6 159 157.5 156 154.1 152.7 152.5 152 150.8 147.3 144.3 143 141.7 140.4 138.4 137.2 135.6 133.5 131.6 131.5 131.3 132.3 130.6 128.7 130 129.9 128.6 130.1 132.2
183.9 184.4 185 184.8 184.7 182.5 180.3 178.7 178.2 178.3 177.8 177 176.1 174.8 173.5 172.4 172.8 173 172.5 171.8 171.6 171.6 169.9 169.4 170.1 168.8 164.6 160 155.4 153.4 152.3 149.9 147.9 146.4 144.7 142.4 139.7 143.2 145.8 148.6 149.5 153.6 156 157.9 159 160.2 161.3 160 158.7 158 157.3 156.4 155.1 153.6 151.2 149.4 148.5 146.4 145.1 143.3 141.2 139.4 137.8 136.3 134.5 132.9 131.3 131 131 131 131 131.1 130.6 130.5 129.8 128.6 131 130 128.4
184 185.7 186.9 186.9 186.8 184.4 182.4 181.9 181.3 180.7 180.2 179.6 178.7 177 175.6 175.4 176 175.9 173.9 173.2 173.1 173.1 171.3 171.2 171.2 169.9 164.6 160.4 155 153 151.7 149.2 147.6 145.9 144.2 142.8 140.1 141.1 143.6 145 146.7 148.8 151.1 153.4 153.5 155.6 156.9 156.7 156.1 154.2 153 152.5 152 150.7 147.1 145.8 144.6 142.2 141.2 139.6 137.9 136.3 135.3 133.2 132 131.2 130.8 131.2 130.6 130.6 130.7 130.8 128.9 129.7 130.5 130.7 132.7 131.9 131.6
184.2 186.8 188.6 188.7 188.1 185.7 184.9 184.3 183.5 183 182.7 182.2 181 179.2 178.1 178.6 180.1 178.6 176.5 175.2 177.3 175.9 173.8 174.1 172.8 170.9 165 159.8 155.5 153.2 151.2 148.9 147.5 145.9 144.2 142.7 140.5 138.5 139.3 140.1 142.1 143.5 146.5 149.4 148.9 150.8 151.7 152.5 151.7 150.2 148.4 148.1 147.2 145.4 143.4 141.8 140.9 139.9 139.1 137.9 136.1 134.3 133.3 131.2 129.5 131 130.4 130.2 130.2 130.5 130.7 130.5 130.1 130 131 132.6 134 133.7 134
184.5 188.2 190 190.1 190.1 188.2 187.5 187 187.2 186.3 185.8 185.1 183.4 181.8 181.5 182.8 182.5 180.8 178.5 178.6 180.3 177.2 176.4 174.9 173.7 169.1 165.7 160.6 156.1 152.2 150 148.7 147.4 145.9 144.3 142.3 140.4 137.7 137 136.4 136.7 137.9 141.4 143.5 144.2 145.8 146.6 147.3 146.8 145.6 144 143.8 143 141.7 140.2 139.5 139.4 138.6 137.7 136.5 134.9 131.9 131.4 131.3 129.4 130.6 130.7 131 130.8 130.6 130.3 129.1 130.4 131.8 133.9 134.8 136.1 135.8 135.9
185.1 188.6 190.5 190.9 191.4 190.9 191.4 191.1 190.9 190.4 189.7 188.6 186.7 185.9 185.7 186 184.8 182.4 179.5 179 179 177.3 176.4 174.4 171.9 168.1 165 159.9 155.7 151.8 149.6 148.3 147 145.7 143.4 141.6 140 138.5 137.1 137.2 137.3 136.7 134.3 138.2 139.1 140.6 141.4 141.5 141.1 140.2 139.5 139.3 138.8 138.2 137.6 138.4 138.2 137.4 136.3 134.5 132.6 131.4 129.9 131.5 131.3 131.3 131.1 131.7 131.5 131.5 131.8 131.9 133.1 134.8 136.6 137.5 137.8 137.7 138.4
184.9 188.3 191.1 191.9 192.6 193.2 194.4 194.6 194.6 194.2 193.5 192.1 190.5 190.1 189.7 189 187.3 184.4 181.6 181.7 180.9 178 177.1 174.2 171.5 167.9 163 159.7 155.4 151.2 149.8 147.7 147.1 145.2 142.4 140.9 138.7 136.7 137.6 137.6 137.2 136.8 136.4 134.2 135.6 135.3 135.5 134.5 134.8 135.6 135.2 134.7 134.4 135.4 134.8 136.6 137 136.3 134.8 132.9 132.3 131.5 131.7 132.4 130.6 131.7 131.4 131.6 132.2 132.6 133 133.4 135.7 137.5 139.2 140.9 140.7 140.9 141.8
184.8 188.7 191.7 192.5 194 195.8 197.5 197.9 197.4 197.8 197.3 195.5 194.7 193.3 193.4 192.4 190.7 186.7 184 181.4 179.7 178.3 175.8 173.6 170.4 167.1 162.3 158.2 153.3 151.5 150 147.2 145.1 142.2 139 137.1 137.5 137.9 138.1 137.9 137.6 137.2 136.6 136.6 135.7 134.4 134.9 134.1 135.2 134.8 134.7 134.3 134.3 134.2 133.9 135.1 136.2 135.6 133.8 132.8 132.4 132.2 132.2 131.9 131.8 133.4 133.7 133 132.9 133.3 133.7 135 137.7 139.9 141.8 143.2 143.2 143.9 144.7
184.7 189.3 192.6 194.3 195.9 197.7 200.1 201.2 200.5 201.3 200.8 199.5 198.2 197.2 197.8 197 194.5 191.8 187.4 181.8 179.5 177.1 175.2 170.5 168.5 164 160.7 156.8 151.9 151.1 149 146.8 144.6 140.7 139.8 139 138.2 138.1 138.5 138.2 137.9 137 137 137 136.5 135.7 135.2 135.3 135 134.6 134.4 134.2 134.2 134 132.3 133.3 134.7 134.8 133 132.8 132.8 132.6 132.1 132.2 132.4 133.4 133.7 133.3 133.9 134.1 134.9 137.1 139.7 142 143.8 145 145.6 146 147.6
185.7 190.4 194.4 196.2 197.7 199.7 202.9 203.8 203.9 205 204.1 203.7 202.5 201.6 202.3 200.5 197.5 194.8 189.7 185.1 180.7 176 172 167.2 162.8 158 154.8 153 151 150.5 148.7 146.8 143.3 141.1 140.3 139.5 138.8 138.4 138.7 138.1 137.5 137.4 137.4 137.3 137.1 136.3 135.6 135.2 135 134.7 134.5 134.2 134.1 133.7 133.4 133.2 133 131.6 133 132.8 132.6 132.4 132.6 133.2 134 133.9 133.6 133.6 134.2 134.9 136.5 139 140.8 143.2 145.2 146.6 147.5 148.5 151
187.1 192 195 197.7 199.6 202.6 204.8 205.2 207.5 207.5 207.6 207.2 206.5 206.2 205.8 203.4 201.7 197.5 192.6 188.1 184.2 176.7 171.3 165.3 158.4 154.4 152.6 150.6 149.7 149 146.9 144.9 139.5 141.3 140.8 140 139.5 139 138.9 138.3 138.1 137.8 137.7 137.5 137.3 136.9 136 135.5 135.2 135.1 134.9 134.5 133.4 133.6 133.2 133.1 133 133.1 132.9 132.4 130.7 133.2 134.1 134 134.2 134.2 133.9 134.1 134.5 136 137.5 139.8 142.4 145.7 147.2 148.6 149.9 151.3 152.8
186.3 191.9 195.1 198.1 200.6 202.8 205.3 207.5 209.8 209.3 210.1 209.7 209.5 209.3 208.9 207.7 205 201 194.2 187.8 183.4 176.7 170.4 164.4 158.1 154.1 151.1 148.8 148 146.8 142.3 142.1 141.6 141.4 141.1 140.6 140.1 139.7 139.2 138.9 138.5 138.3 137.8 138 137.7 137.3 136.4 135.7 135.6 135.5 135.3 134.9 134.3 133.9 133.8 132.9 133.4 132.9 133.9 134.3 135.5 135.3 134.9 134.9 135.2 134.7 134.4 134.4 135.7 137.2 138.7 141.9 145.3 147.6 149.2 150.7 152 152.4 153
185.6 191.2 195.2 198.2 200.8 202.8 204.8 208.5 210.7 210.3 211.5 211.1 211.3 212.1 213 210.8 207.6 201.6 194.4 189.4 184.2 177.4 170 164 158.2 154 150.3 147.6 146.3 142.6 142.6 142 141.8 141.5 141.3 140.7 140.4 139.9 139.5 139.2 139 138.8 138.6 137.9 138 137.2 136.3 136 135.9 135.8 135.5 134.8 134.3 134.6 134.9 135.4 135.6 136.1 136.4 136.3 136.5 136 136.7 136.6 136.5 135.9 135 135 136.7 138.2 140.8 144.2 147.4 150 151.6 153.3 154.6 154.4 154.4
184.2 189.8 193.8 197.3 199.9 201.3 204.1 207.5 210 210.9 212.4 212.9 213.1 214.2 216.1 211.5 207.7 200.6 195.4 189.8 185.2 178.1 169.8 163.4 158.3 153.4 149.5 147.2 142.7 143.4 142.6 142.3 142.2 142 141.6 141.6 141.2 141.7 141.1 140.8 140.6 139.9 139.7 139.2 137.8 136.8 136.9 136.2 136.1 135.8 135.2 135 135.1 135.5 135.8 136.3 136.9 137.3 137.6 137.6 137.8 137.8 137.9 137.9 137.7 137 136.3 135.9 137.6 139.5 143 145.7 149 152.8 154.6 156.3 157.6 156.8 155.3
182.8 188.3 192.6 196 198.3 200.3 203.5 207.4 208.8 211.2 212.9 213.9 214.3 216.1 214.3 211.7 205.9 201.5 197.1 191.7 185.2 177.6 169.5 163.2 157.9 152.6 149.4 145.4 144.3 143.6 143 142.9 142.8 142.6 143.6 144.2 143.7 143.4 142.4 142.4 142.3 141.5 140.9 140 139.6 138 137.6 136.6 136.1 135.9 135.9 135.9 136 136.4 136.7 137.2 137.9 138.4 138.7 138.8 139 138.9 138.9 139 139.1 138.7 138.3 138.5 139.6 141 145 147.3 151.1 154.7 157.4 160 159.9 159.1 157.4
180.4 186.2 190.8 194.4 196.7 199 202.5 206.6 209.2 211.4 213.3 214.5 215.2 214.4 211.7 208.9 204.8 200.7 196 193.3 185 176.5 167.5 161.2 156.1 152.1 148.8 144.2 145.1 144.5 144 143.9 143.6 145.3 145.4 145.8 145.2 144.7 144.1 144.1 144.2 143.5 142.6 141.1 140.4 139.3 138.6 137.7 137 136.8 136.7 136.7 136.8 137.2 137.6 138.2 138.9 139.5 139.9 140.1 140.2 140.1 140 139.9 139.8 139.8 139.9 140.3 141.7 143.1 145.5 148.4 151.1 154.6 158.8 161.7 162.1 161 159.2
177.2 182.4 187 190.7 193.7 197.2 201.2 205 207.9 210.4 212.2 212.8 213.7 213.2 209.9 206.8 202.5 198.9 194 192 182.3 172.6 165.1 159.3 155 151.1 144.9 145.7 145.1 144.8 144.6 144.4 145.9 147.1 147.5 148.1 147.8 147.1 146.6 145.8 145.9 145.6 144.5 142.7 141.4 141 140.1 139 138.1 137.9 137.7 137.6 137.8 138.2 138.5 139 139.7 140.3 140.9 141.4 141.3 141.2 141.1 141.4 141.6 141.6 141.8 142.1 143.2 144.6 145.9 148.1 151.2 155.2 158.8 161.7 163.5 162.4 160.9
173.5 178 182.8 185.8 190.2 193.9 198.1 201.7 205 207.7 209.8 210.4 211.2 210.5 207.7 203.7 200.4 197 191.3 187.3 177.4 169.5 162.5 157.5 152.6 145.8 146.4 146.5 145.7 145.6 145.1 147.1 149.4 149.9 150.6 151 150.6 150.3 149.5 148.4 148.1 147.5 146 144.3 143.1 142.6 141.5 140.5 139.3 139 138.8 138.6 138.7 139 139.4 140 140.5 141.2 141.7 142.3 142.4 142.3 142.5 142.8 143.1 143.3 143.7 144 144.7 146 147.2 148.1 150.9 154.4 157.6 159.9 161.9 162.7 161.9
