app/static/ascii/NC83.asc
ncols 200
nrows 200
xllcorner 280000
yllcorner 930000
cellsize 50
[rows 35 to 69 of 200, columns 0 to 77 of 200]
278.1 282.8 288.3 292.6 298.7 301.8 307.3 316.4 325.2 333.3 342.2 350.3 358.6 366.8 371.7 373.4 370.6 366.9 362.3 358.3 361.1 365.9 364.1 368 369.4 360.1 351.6 344.6 342.2 335.4 336.8 331.3 313.9 282.5 254.8 239 225.4 217.4 212 205.8 200.3 196.6 192.2 188.7 186 184.5 187.9 189 189.5 191.3 193.9 196 199.6 204.3 210.4 218 226 233.3 239.7 246.9 254.7 261.3 267.5 273.9 279.5 284.7 289.4 294.7 300.1 308.4 319.6 329 334.1 333.7 326.6 312.6 301.5 301.3
273.9 278.7 283.9 288.8 293 297.7 300.6 308.3 315.3 322.9 331.4 339 345.8 353.4 364.5 369.8 369.3 368.6 365.9 361.7 365.2 371.3 365.7 367.9 371.6 361.9 358.4 356.1 351.5 355.1 351.2 345 328.5 291.5 260.3 243.6 230.8 220.9 214.8 207.4 202.9 198.3 193.9 190.3 187.6 183.4 186.7 186.5 188.4 191 193.2 195.1 197.6 201.9 207.4 215.3 224.8 232.5 239.5 247.1 253.9 260.6 267.2 273.7 280.5 285.7 290.7 296.4 302.7 312.2 322 326.7 326.7 318.8 304.5 294.1 290.6 290.9
269 274.2 278.7 283.4 288 291 294.8 298 306 312.9 320.4 327.4 334.7 340.7 348.4 360.2 366.9 368.5 367 365.8 367.3 370.1 365.8 366.3 366.7 363 360.1 359 356 360.9 364.7 357.7 337.3 304 267.7 246.2 234.9 224.4 217.3 209.9 204.2 199.5 195.4 192.2 189.6 185.2 181.9 185 188.1 190.7 192 193.5 196.2 199.2 204.5 212.7 222.1 230.3 237.4 244.4 250.7 257.7 264.8 271.9 279.6 286 291.7 298 305.4 313 322.3 324.7 321.5 300.9 289.3 284.1 283.1 282.9
264.9 269.9 274.2 278 282.1 285.4 288.7 290 296.2 303.1 309.7 316.6 323.3 329.9 335.4 344.4 355.5 364.1 367.7 367.2 367.1 368.8 366.2 364.3 365.2 362.5 358.3 356.1 354.3 356.5 364.4 363 340.9 311.7 276.6 250.9 237.6 227.8 218.6 211.6 206.1 199.8 196.3 192.8 190.2 186.4 181.1 184.1 185.8 187.6 189.6 191.8 194.1 197 202.7 209.2 216.9 225.2 233.1 240 246.4 252.8 261.7 270 278.2 284.9 291.8 299.8 306.4 314.4 321.7 320.8 304.7 285.9 279.8 277.1 274.5 272.5
260.8 265.1 269.5 272.8 275.5 279 281.9 283.9 287.3 292.2 298.5 305.1 312 318.6 325 332.2 341.1 353.2 363 365.8 365.1 367.3 362.9 361.1 362.9 361.7 357.7 353.4 350.6 352.2 360 362.6 349.9 316.5 285.1 258.9 241.2 229.2 219.2 213.2 207 200.9 197.3 194.2 190.5 187.4 183.2 180.9 182.9 184.1 186.5 190.2 192.4 194.5 199.8 206 211.5 219 227.7 235.3 241.4 248.5 258.5 267.3 275.4 282.9 290.4 301.6 307.9 315.5 317.7 306.2 285.7 276.7 271.9 269 266.3 261
257.3 260.8 264.7 266.9 269.4 272.2 274.2 276.8 280.5 284.7 290.2 295.1 301.3 308.2 315.3 322.5 331.6 340.9 351.4 357.7 357.2 357.5 354.7 354.4 359.8 357.6 355.7 349 346 348.7 353.7 358.4 353.2 320.3 296.8 265.3 246.9 232.5 222.1 213.8 207.9 201.6 197.6 195.1 192.5 188 185.2 183.1 178.5 181.9 186 188.4 190.7 193.1 196.3 200 204.5 213.5 222 229.3 237.7 245.2 254.9 263.6 271.7 280.1 293.5 304.9 307.8 309.3 298.7 281.7 274.7 269 264.7 261.2 257.3 254.6
253.8 257.1 259.2 261.6 264 266.1 267.5 271.5 275 278.7 282.2 286.9 291.1 297 305.7 314.3 322.5 331.3 338.5 343.5 344.4 343.4 343 344.7 346.9 347.3 345.8 341.1 341.5 343.4 347 354.4 353 323.6 305.4 273 253.1 237 225.3 215.6 208.4 202.3 198.8 196.2 193.3 188.6 186.2 184 179 179.7 183.6 187.1 189.5 192.2 192.7 195.7 197.6 206.8 216.2 225.1 233.7 242 251.2 259.4 267.8 279.5 293.7 305.4 303.3 289.4 280.8 273.1 267 261.5 257.4 253.7 249.9 247.8
249.8 252.2 253.9 256.2 258.4 260.5 261.7 265.4 267.8 273.1 276.9 280.4 284.6 289.6 295.8 304.7 313.4 322.6 328.2 330.8 330.6 329.5 329.4 329.7 330.4 332.4 331.8 331.6 334.3 335.4 340.2 349.3 352.7 330.2 312.7 285.6 261.1 243.3 229.6 221 214.1 205.5 199.9 197.1 193.3 189.5 186 183.3 179.3 175.4 182.5 186.2 187.7 188.5 189.2 190.5 191.6 200.9 211.6 221.1 229.9 238 247.2 255 263.7 275.9 290.7 299.4 293.5 280 272.3 264.2 259.9 254.1 249.4 245.4 243 240.6
243.7 245.6 247.5 250.1 252.1 254.6 258.1 258.8 262.5 266.9 270.4 274.7 278 281.6 288.4 294.4 301.8 309.8 317.8 318.7 318.5 318.2 318.2 316.5 316.3 317.1 318 320.5 323.9 327.5 334 343 349.6 334.2 318.1 299 269.3 249 233.3 225 215.7 207.3 201.8 198.3 193.9 190.4 185.7 183.2 180.5 175.2 176.1 181.2 185.1 185.7 185.3 186.3 187.6 195.6 206.3 217.2 226.6 234.8 242.8 249.9 258.7 272.5 283.9 289.1 279.4 266.9 260.8 256 251.5 245.5 242.1 240 237.1 234.5
235.6 239.6 241.2 243.1 244.7 248.3 251.7 253.6 257.9 261.3 263.2 265.8 271.5 276.1 280.7 285.9 292.1 297.4 301.8 305.6 305.5 306.3 307.6 308.1 307 306.5 306.8 308.8 313.3 318.7 326.6 335.4 343.4 336.2 322 310.3 277.8 255.3 239.3 228.2 217.4 207.9 202.6 198.4 193.6 190.3 186.9 183.7 182.1 179.2 174.3 177.2 178.1 178.7 180.6 182.4 184.2 192.4 202.5 213 222.6 230.7 237.5 243.9 253.7 267.3 272.9 273.2 260.2 254.5 250.9 247.4 244.2 239.5 236.5 234.3 231.9 229.5
230 233.9 236.5 238.3 241.3 243.9 245 249.3 252.8 255 257.7 259.9 265.8 269.6 273.1 279.5 283.5 287.4 291.1 293.6 294.8 295.6 297.3 298.2 298.8 297.2 298.1 300.5 304.8 309.8 316.6 325.9 333.1 333.7 321.4 314.2 288.3 264.7 247.6 231 217.6 208.6 203.4 197.7 193.6 189.7 186 183.4 181.2 179.1 175.5 173.5 176.2 176.3 177.1 178.4 182 189.4 199.2 209.3 218 226.3 232.1 238.5 248 258.4 259.5 254.3 248.7 245.1 242.1 239.9 236.1 233.4 229.7 227.7 225.7 223.6
225.8 230.6 233.1 235.4 237.5 237.9 242 245.2 247.9 250.8 252.8 255.7 260.4 264.1 267.6 271.9 276.2 279.7 282.6 284.9 285 286.7 287.5 289.4 289.8 290.1 291.4 293.5 296.9 301.1 307.2 315.5 322.6 324.4 316.2 312.7 300.9 281.4 257.5 238.1 220.9 210.2 203.9 198.3 193.3 189.5 187.8 187.4 182.2 180.5 176.1 170.3 173.9 174.1 174.2 175.9 180.2 186.2 194.9 205.6 213.7 221 227.1 233.3 240.9 245 244.4 241.5 238.9 236.1 234 232.6 230.2 226.8 223 221.3 219.7 218.8
221.7 225.2 226.3 230.5 232 234.6 238.3 240.2 242.8 245.8 248.8 250.8 254.4 258 262.1 265.7 269.1 272.1 275.2 277.1 277.7 278.9 280.6 282 282.9 283.8 284.5 286.1 289.8 294.1 299 305.1 308.7 309.5 307.3 306.7 299.8 291.2 271 244.3 225 211.9 204.3 199.1 194.7 190.2 187.2 185.6 182.7 178.5 174.1 171.5 168.5 171.6 173.5 174.6 177.2 183.8 190.2 200.9 210.1 216.9 222.8 227.8 232 234 233.4 232.5 231.7 229.8 227.7 226.3 223.4 219.3 217.3 216.4 214.6 213.7
217.7 219.7 222.1 224.7 226.4 230.4 233.3 235.5 237.6 241.3 244.7 247.3 249.7 253.1 256.3 260.1 263.1 265.7 268.3 269.9 271.1 273.1 274.7 275.6 276.5 277.3 278 278.3 282.1 285.3 289.8 292.6 295.9 297.2 297.7 297.7 294 287 276.8 249.5 228.8 213.2 204.4 199.2 195.6 190.4 188.5 186.6 182.1 177.6 174.1 172.1 169.7 169.7 172.7 173.9 175.9 178.9 186 197.2 206.2 212.6 217.7 221.7 225.5 226.7 226.6 226.3 225 223.4 222.1 220.2 216.6 213.6 212.7 211.8 211.6 210.5
211.1 213.9 217.3 220.7 222.8 225.3 227.7 229.8 233.2 236.7 238.9 242 244.9 247.9 251 254.5 257.3 259.5 261.2 261.9 264.1 266.2 268 269 269.7 269.9 270.3 271.3 273.4 277.1 279.8 283.1 285.8 286.9 289.1 290.6 290.1 284.5 276.3 253.1 230.3 214 203.7 199.9 196.3 192 189 185.6 181.4 176.6 173.7 172.2 170.6 167.5 171.9 173.3 175 177.5 183.4 192.9 202.2 207.6 212 215.4 218.2 219.9 219.7 219.5 218.6 217.6 216.3 213.5 210.2 209 208.4 207.8 207.6 207.2
205.9 209.9 213.6 216.5 218.5 220.2 222.3 225.1 228.9 232.2 234.7 236.9 239.4 243.3 246.2 249.2 251.1 252.8 254.4 255.7 257.5 259.3 260.3 261.5 262.8 263.5 263.2 263 265.3 268.8 273.1 276.2 278 278.9 281.5 283.9 284.4 280.4 274.5 257.2 230.2 213.6 204.8 200.1 196.6 193.5 188.8 184.5 179.9 176.1 174.1 172.2 170.4 167.5 171.3 172.1 173.6 175.3 180.6 189.2 198.1 203.1 206.7 209.9 212.4 213.6 213.5 212.9 212.1 212 210.4 207.9 206.3 205.1 204.6 204.1 203.9 203.5
202.1 205.5 210 212.4 213.7 215.9 218 221.5 225.2 227.8 230.9 232.3 235.9 238.6 242.2 244 245.7 247.5 249 250 251.5 252.8 253.8 254.3 255.7 255.9 255.9 256.1 258.2 262.4 267.2 270.9 271.4 272.6 274.7 277.1 277.9 276.9 274.4 263.4 230 213.5 205.4 200.4 196.3 192.8 188 183.2 178.3 176.7 174.7 172.9 170.4 167.7 169.2 170.3 172.2 174 179 186.5 193.1 198.4 201.6 204.3 206.8 207.2 208 208 207.4 207.2 206.3 204.3 202.7 201.4 200.8 201.2 201.4 201.4
201.2 202.6 204.9 207.1 210 212.8 214.6 218.7 221.2 223.5 226.6 228.7 232.5 235.4 238.5 239.5 240.8 242.1 243.5 244.5 245.8 247.1 247.7 246.9 247.7 248.9 249.8 249.3 251.5 255.7 261.2 264.9 266.2 267 268.3 270.8 273 275.9 275.2 264.2 228.5 212.8 206.5 201.3 196.4 192.4 188 182.4 178.1 176.5 175.1 172.3 170.3 168 166.9 168.5 170.3 172.5 177.5 183.9 189.3 193.9 196.9 199.3 201.4 202.4 202.8 202.7 202.6 202.4 201.7 200.4 198.7 198 197.2 197.8 198.3 198.4
199.8 201 203.6 205.7 207.1 209.1 211.3 215.2 217.5 220.4 223.4 224.9 227.8 230.1 233.6 234.9 236.6 237.9 238.6 239.6 240.8 242.2 242.3 241.8 242.5 243.4 244.6 244.5 246.8 249.8 254.8 259.6 261.4 261.9 263.1 265.3 269.9 275 274.2 262.6 229.2 214.4 207.9 201.8 197 192.3 187.4 183 179.4 176.9 174.5 172.2 170.5 168.7 166.8 166.3 168.5 170.8 174.4 180.9 186 189.5 192.4 194.6 196.1 197.6 198 198.8 198.6 198 197.3 195.9 194.7 195 195.4 196.1 196.7 197.1
197.4 199.9 202 203.5 204.3 206.4 209.8 211.8 214.8 218 220.2 222 223.9 226.1 228.7 230.5 231.9 233.2 234.2 235.3 236.5 237.5 238.1 237.5 237.3 237.6 238.9 240.6 242.8 244.7 248.4 253.3 256.3 256.8 257.9 260.9 265.8 271.9 270.9 262.3 231.3 217 208.4 201.9 196.1 191.2 187.2 182.9 179.7 177 174.4 172 170.6 169.6 168.8 167.5 164.5 169.7 171.9 178.1 182.9 185.9 188.5 190.2 191.8 193.9 194.3 194.2 194.7 194 193.2 192.5 192.8 193.3 193.9 194.4 195 195.5
197.6 197.5 199.4 202.2 204.9 207.1 208.8 209.7 211.5 214.5 216.8 218.9 220.8 221.6 223.6 225.7 227.4 228.4 229.5 230.8 231.9 232.7 233.6 233.4 232.8 232.9 233.9 236.2 238.8 240.5 243.3 247 250.3 250.7 252.8 256.2 261.7 267.5 266.3 262.3 232.2 218.5 208.4 201.8 195.8 190.9 186.9 182.7 179.9 177 174.3 172 170.6 169.7 169 168 166 167.4 169.6 174.5 179.9 182.5 184.3 186.3 188.2 189.1 189.6 190.3 190.7 190.4 189.9 190.4 191.2 191.8 192.5 192.9 193.3 193.8
200.5 199.4 203.4 205.2 206.3 207.8 208.5 209.3 210.1 210.9 212.4 214.4 215.9 216.8 218.8 220.8 222.5 223.6 225.1 226.3 227.5 228.4 229.2 229 228.4 228.4 229 230.1 232.8 235.9 238.2 240.4 243.7 245.2 247.4 250.8 255.5 261.6 262.9 260.5 233.8 220.2 209.3 202.2 196 191.1 186.9 182.9 180 177.1 174.4 171.8 170.7 169.7 168.5 167.4 164.8 164 167.4 170.8 174.1 177.8 181 183.7 184.7 185.4 186.6 187.3 187.7 187.9 188 188.4 189.5 190.4 191.1 191.4 191.7 191.9
202.8 203.1 205.2 206.3 207.1 208 208.4 208.7 209.1 209.5 209.2 209.4 210.6 211.7 213.7 215.8 217.4 218.9 220.6 222.2 223.5 224.3 224.7 224.4 224.3 224.4 224.3 225.7 227.1 230.1 232.9 234.2 236.8 239.2 242.2 245.4 250 253.2 260.8 256.2 233.4 219 209.3 202.1 196.6 191.4 187.1 183.2 180 177.2 174.6 171.6 170.4 169.5 168.5 167.3 165.7 162.3 166 169 170.7 172.8 176 180.2 181.6 183.2 184.5 185 185.5 186 186.5 185.8 186.4 188.2 189 189.8 190.1 189.6
205.7 206.2 207.5 207.7 206.3 208.6 209.1 209 208.5 207.9 207.5 207.4 206.9 206.7 207.9 210.5 212.2 214.2 216 217.4 218.6 219.8 220.1 220 220.9 221.1 220.1 221.6 222.9 224.6 226.1 228.2 230.4 233 236 240 243.7 248.3 255.7 246.1 229.6 218.3 208.5 202.1 196.7 191.6 187.5 183.4 180 177.2 174.4 171.6 169.9 169.2 168.3 166.8 165.7 161.2 166.1 168 169.4 170.7 174.1 177.7 179.3 181.1 182.5 183 183.5 184.1 184.1 182.8 184.7 186.2 187 187.8 187.9 187.6
210.9 210.2 210.1 210.7 210.7 210.5 210 209.2 208.5 207.1 205.8 205.5 204.9 204.3 203.5 205 207.3 209.5 211.7 213.2 214.4 215.6 216.3 216.3 217.5 217.4 216.6 217.7 218.2 219.4 220.3 222 225 227.1 229.4 233.3 237.4 243.7 245.7 234.7 224.7 216.3 207.7 201.6 196.7 191.9 187.5 183.5 179.7 176.9 174.1 171.6 170 169.2 168 167 164.7 162.2 165.2 166.6 167.9 169.8 172.4 174.8 177 178.6 180.2 181.5 181.6 181.6 181.2 180.4 182.7 184.3 185.1 185.7 185.2 186.1
215.4 214.5 214.1 214.2 214.1 212.7 211.7 210.4 209 207.3 205.8 205.1 204.3 203.3 202.1 201.2 203.7 205.9 207.6 209 210.1 211.4 212.1 212.6 213.9 213.8 213.8 213.7 214 214.4 215.1 216.9 218.7 220.3 222.2 225.7 232 235.4 232.2 224.5 219.7 214 206.6 200.3 195.1 190.9 186.8 182.9 179.3 176.5 173.8 171.8 170.1 168.8 167.7 167 165.2 162.7 162.5 164.2 167 169 170.7 172.4 174.2 176 177.7 179 179.2 179.2 177.8 179.1 181.2 182.3 183 183.3 183 185
222 220.7 219.8 218.8 217.7 216.2 214.5 212.6 210.3 209 207.1 205.4 204.4 202.8 200.2 199.9 200 204.1 205.4 206.4 207.2 207.4 208.2 208.9 210.1 210.3 210 210.6 210.7 210.2 210.8 211.9 212.7 213.8 215.6 218.8 223.5 227.1 221.2 216.5 214.8 209.4 204.3 199 193.8 189.5 185.8 181.9 178.4 175.5 173.5 171.8 169.9 168.6 167.4 166.3 165.6 164 160.3 163.8 166.4 168.2 169.2 170.7 172.1 173.5 175.3 176.5 176.7 177 175.6 177.7 179.5 180.2 180.5 180.5 182.4 183.9
228.4 226.8 225.5 224.5 222.5 220.6 218.7 216.4 213.4 210.9 209.4 207.5 205.7 204.5 203.4 202.5 200.1 201.8 203.3 204.2 205 205.3 205.2 206.2 207 206.9 205.8 207.3 207.2 206.7 206.7 207.1 208.2 208.6 210.1 212.5 215.7 216.2 214 211.4 209.5 205.9 201 195.5 191.9 188 184.1 180.5 177.2 175.1 173.7 171.7 169.9 168.7 167.5 166.2 165.9 163.1 161.3 164.1 166.3 166.9 167.9 169.1 170.3 171.6 173 174.1 174.4 174.6 174.2 176.5 177.6 177.9 177.6 179 180.5 182
234.3 232.1 231.7 229.4 227.2 225 223.1 220.7 218.3 214.8 212.5 209.9 207.8 206.4 205.1 204.1 203.1 199 201 201.1 202.2 202.7 202.9 203.8 204.6 204.8 202.3 204 204 204 203.6 203.3 203.4 203.9 204.9 207 208.7 208.9 208.6 207.1 205.5 202 197.2 192.6 189.1 185.9 182.2 178.6 176 175.3 174 172 169.9 168.6 167.6 166.6 165.5 163.7 159.6 162.6 164.2 165.4 166.5 167.5 168.4 169.6 171.2 172.1 172.4 171.7 174 174.9 175.8 175.7 174.8 177.3 178.6 180.1
239.9 238.4 237.8 235.7 234.4 232 228 224.6 222.6 219 215.7 212.9 209.8 208.2 206.9 205.6 204.4 203 201.9 200.3 197.5 198.4 199.6 201.2 201.9 201.5 199.5 200.4 200.9 200.4 199.4 199.4 199.4 199.3 200.2 201.4 202.5 204.1 203.4 202.5 201.4 197.5 193.3 190 186.5 183.7 181 177.5 175.7 175.1 173.9 172.2 170.3 168.8 166.3 165.7 164.6 162.5 157.8 162 163.1 164.1 165.1 166.1 167 167.6 169.2 170.1 170.2 169.9 172.1 173.4 173.7 173.7 174.5 176 177.1 178.4
246.3 247.2 243.2 241.1 240.1 236.9 233.1 229.2 226.4 223 219.7 215.9 211.9 209.6 208.1 206.8 205.6 204.4 203.3 202.2 200.5 198.1 195.6 197.7 199.2 198.9 196.2 197.3 197.7 197 196.5 195.9 195.4 195.3 195.6 196.6 197.4 198.3 198.5 198.6 196.8 194 190.5 187.9 184.9 181.8 179.1 176.3 175.4 174.7 173.5 172.1 170.3 168.6 167.6 164.8 163.2 161.7 159.7 159.4 161.2 162.5 163.9 164.9 165.2 165.5 167.4 168.2 168.3 169.1 170.8 171.7 171.6 170.7 173.5 175.1 176.3 177.2
249.7 248.7 247.1 245.3 244.2 239.9 236.4 232.9 229.9 226.2 223.4 218.8 214.1 211.1 209.3 207.8 206.5 205.2 203.9 202.6 201.5 200.1 198.6 194.6 194.8 194.8 193.4 194.9 195.1 194.7 194.2 193.2 192.3 191.6 191.5 191.8 192.4 193.4 193.9 194.4 193.6 191.4 188.4 186.1 183.3 180.1 177.3 175.6 174.9 174 172.7 171.8 169.9 167.8 166.6 164.9 162.8 161.3 159.8 157 156.9 160.4 162 163.4 163.5 164.7 165.9 165.8 166.2 168.1 169.5 169.9 168.9 170.7 172.9 174.2 175.3 176
252.4 250.8 249.6 248.7 246.1 242.3 239 234.8 232.7 229.2 225.2 220.5 215.5 212.1 210.3 208.4 206.9 205.6 204.2 203 201.5 199.6 197.7 196.3 194.3 190.3 191.8 192.7 193.2 192.8 191.4 190 188.8 187.8 187.3 187.6 188 188.6 189.4 191.1 190.1 188.5 186.5 184.2 181.5 178.3 176.5 175 174.1 173 171.9 171 169.9 168.3 166.8 165.4 163.7 162.1 160.9 159.7 158.7 158.6 160.5 161.7 162.5 164 164.9 163.9 165.7 166.9 167.9 167.4 167.6 170.5 172.1 173.4 174.1 174.8
254.6 253 252 251.3 247.8 243.8 239.8 236.2 234.2 232.2 226.9 221 215.8 212.8 211.2 209.4 207.3 205.8 204.4 202.9 201.2 199.3 197.1 195.4 194.3 192.4 187.9 190.6 191 190.5 188.5 187.1 185.9 184.6 183.9 184 184.3 184.6 185.4 186.4 186.1 184.8 183.3 182.1 179.2 177.1 175.6 173.9 172.8 172 171.3 170.5 169.1 167.9 166.4 165 163.7 162.7 161.5 160.1 157.7 158.8 160.1 159.6 161.6 162.5 162.1 164.3 165 165.9 165.1 166.3 168.4 169.6 171.3 172.3 173 173.7
255.8 254.7 253.7 253 248.7 244.8 241.4 237.2 234.3 232.3 227 220.3 215.9 213.6 211.8 210 208.4 206.4 204.4 202.6 200.9 199 197 195.5 194.4 192.8 191.4 186.6 187.2 187.8 185.9 184.6 183.3 182 181.2 181.1 181.1 180.8 181.3 181.9 181.7 181.4 180.7 179.9 177.4 175.6 174 172.9 172.3 171.2 170.5 169.6 168.3 167.4 166 164.5 163.6 162.7 161.6 160.2 157.6 158.5 159.5 158.6 159.4 161.3 162.3 163.8 164.5 164.6 164.1 166.3 167.4 168.7 170.5 171.5 172.1 172.5
