app/static/ascii/NC84.asc
ncols 200
nrows 200
xllcorner 280000
yllcorner 940000
cellsize 50
[rows 0 to 34 of 200, columns 0 to 77 of 200]
151.8 154.3 156.8 159.2 162 164.1 166.9 167.5 168.7 170.1 170.9 172.1 174.9 178.2 181.5 184.2 185.5 186.5 187.4 188.6 188.3 187.5 186.5 184.7 182.6 181.6 180 179.6 180.7 181.7 183 183.8 184.1 184.8 185.8 186.7 186.4 186.8 186.4 185.5 184.1 182.5 180.5 178 176.2 174.4 172.9 171.4 169.9 168.4 168.9 169.4 169.8 170.1 170.2 169.1 168 165.6 167.8 168.3 168.4 168.2 167.6 167.1 167 167 166.9 165.5 165.7 166.7 168.3 169.2 169.8 170.6 171.4 174.5 179.3 186.3
152.5 155.1 156.9 160.1 163.1 165.3 166.9 167.9 169.4 170.6 171.9 173.1 175.4 178.8 181.5 184.3 185.8 187.3 188 188.5 188.3 187.9 186.7 185.1 183.1 181.8 180 180 180.8 181.5 182.7 183.2 183.6 185 186 186.9 187.2 187 186.8 186 184.8 183.7 181.6 178.9 176.3 174.5 173 171.5 170.1 169 169.3 170.5 170.6 171.1 171.8 170.4 168.3 167.5 168.2 168.9 168.5 168.4 168 167.6 167.8 167.8 167.5 166.1 166.5 167 168.1 169 169.7 170.5 171.9 176.2 180.8 188.5
155.5 156.8 159.1 162 164.7 166.8 168.1 167.9 170.1 170.9 172.7 174 176.1 178.9 181.1 183.3 186.1 187.6 188.5 188.6 188.9 188.2 187.3 185.7 183 181.3 180 179.8 180.7 181 181.6 182.1 183.3 184.9 186.7 186.9 187.2 187.4 187.2 186.9 185.7 184.7 182.9 178.8 176.5 174.8 173.1 171.7 170.5 167.8 170 171.3 171.9 172.6 172.7 170.5 168.1 167.9 169 169.3 169.1 168.8 168.8 168 168.4 168.3 168.1 167.3 166.5 166.4 168 168.8 169.6 170.6 173 176.5 181.9 188.8
156 159.2 161.2 164.2 166.8 168.8 169.5 169.2 169.5 172 173.6 174.9 176.8 178.4 180.5 182.5 185 187.5 188.9 189.2 189.5 188.6 188.2 186.9 183 181.9 180.1 181 180.7 181.5 181.8 182.6 183.5 184.6 186 187.5 188.1 188.3 188.3 188.1 187.4 185.6 183.8 180.1 177.2 175.4 172.9 171.9 170.2 170 170.4 172.1 172.7 174 174 171.4 168.4 168.6 169.7 169.8 169.6 169.3 169 168.6 168.9 169.2 168.3 168 167.2 166 167.8 168.7 169.7 170.7 172.8 176.8 182.5 188.8
156.7 160.3 163.2 166.4 169 170.8 171.6 171.6 171.4 173.3 174.6 175.5 176.5 177.5 179.6 182.2 185 187.3 189.3 190.3 190.2 189.8 189.4 187.9 183.9 181.9 180.2 182 182.7 182.9 183.1 183.4 183.7 185.3 186.4 188.3 189.5 189.4 190.1 190.1 188.9 187.1 184.8 182.7 179.7 176.5 172.8 172.6 172.3 170.5 170.8 173.2 173.8 175.2 175.9 172.3 168.9 169.8 169.7 170.2 170 169.7 169.3 169.1 169.6 169.8 169.2 168.6 167.9 167.6 167.6 168.4 169.8 171.1 173.1 176.3 181.6 189.2
158 161.2 164.7 168.3 171.6 172.6 172.8 173 173.8 175 175.6 176.5 177.4 178 179.8 182.7 185.5 188 191.4 192 191.4 190.5 189.7 188.6 185.5 183.1 181.4 182.2 183.3 183.5 183.8 184 184.4 185.6 187.2 189.7 190.9 191.1 192 192.3 190.4 189 187.4 184.8 180.7 177.4 173.8 172.6 171.5 171.4 173.9 174.7 174.9 177 178.1 172.7 170 169.8 170.5 170.5 170.5 170.3 170.1 169.4 169.5 170.1 169.9 169.1 168.8 166.6 168.6 169.2 170.4 171.4 173.1 176.3 181.6 187.2
158.3 161.6 165.2 169.4 173.8 173.9 174.1 174.6 174.7 176 176.7 177.4 178.7 179.9 181.6 183.9 186.9 190 192.4 193.2 192.5 191.1 189.9 188.8 187 184 181.9 183.5 184 184.2 184.4 184.7 185.1 186.4 188.7 190.8 192.1 192.7 193.2 193.7 191.8 190.5 189.4 185.8 181.8 177.6 174.8 173.2 170.9 173.2 175.3 175 175.1 176.4 178.2 172.2 170.3 169.9 170.6 171.2 171.1 171.1 170.7 170.5 170.3 170.5 170.3 169.6 168.7 168.8 169.5 170.1 171.2 172.2 173.5 176.8 180.9 187.3
159.1 162 165.7 169.9 174.1 174.9 175.3 175.7 176 177.1 177.8 178.4 179.5 181.3 183.5 186.3 189.2 192.1 193.8 194.1 193.5 192.2 191 190.1 188.2 185.8 183 184 184.5 184.8 185.1 185.4 185.9 187.9 190.6 191.9 192.9 193.8 194 194.3 193.8 192.4 191.1 188 182.6 177.1 175.4 173.7 171.3 173.9 175 175 175.2 176.4 176.6 172.3 170.3 169.2 171 172 171.8 171.8 171.6 171.5 171.4 171.2 170.7 170.1 170.2 170.2 170.5 171 171.8 172.8 173.4 178.1 182.3 188.8
160.2 163.6 167.3 171 174.3 176.4 177.2 177.2 177.7 178.3 179 179.6 180.5 182.3 185.6 188.6 191.7 194 195.4 195.1 194.4 193.3 192.2 191.5 189.5 186.8 184.8 184.6 185.3 185.7 186 186.4 186.9 189.7 192.3 193.4 194.4 195.1 195.2 195.2 195.5 194.5 193.2 190.6 184.3 177.6 175.6 173.3 173.1 174.7 175.5 175.8 176.3 175.8 176.2 172.6 171.1 170.7 169.1 171.7 172.2 172.6 172.4 172.2 172 171.8 171.4 170.9 171 170.5 171 171.6 172.2 173.1 173.6 177.6 182.8 191
161.7 165.3 169 172.5 175.4 178.6 179.1 179.2 179 180 181 181.6 182.8 184.9 187.9 191 194.2 196.7 197.1 197.1 196.2 195.1 193.6 192.9 190.8 188.3 186.7 184.3 186.3 187.3 187.7 187.7 188.4 192 194 194.6 195.7 195.7 196 196.2 196.8 196 194.7 193 183.1 177.9 176.2 172.8 174.3 175.4 176.2 176 175.9 176.1 175.5 172.3 172.9 172.2 171.5 170.6 172.2 172.6 172.9 172.8 172.6 172.4 172.2 171.8 171.6 171.4 171.6 172.2 172.8 173.4 173.9 175.8 183.3 191.1
163.2 166.9 170.5 173.9 176.9 180.5 180.5 180.8 180.8 180.8 182.1 183.4 185.2 187.6 190.6 193.6 196.6 198.9 199 198.3 197.6 195.9 194.5 193.4 192.4 190.3 188.4 186.3 187.7 188.4 188.9 188.7 189.9 193.4 196.2 196 197.1 197.6 196.9 197.1 197.5 196.6 194.8 189.5 182 179.1 176.4 173.7 175 176.2 176.8 176.8 176.8 176.2 175.2 173.6 174.3 173.3 172.5 171.5 172.3 172.6 172.9 173.5 173.2 173.1 172.9 172.6 172.4 172.3 172.2 172.5 173.2 173.8 174.3 175 181.5 193
164.4 168.9 173.3 175.4 177.8 180.6 181.5 182.2 181.4 181.8 183.4 185.3 187.9 190.6 193.8 196.8 200.1 200.7 200.3 199.4 199 197.3 196.2 195.1 193.9 191.9 189.9 187.5 188.6 189.3 189.9 190.1 191.3 194.6 197.7 197.2 197.7 197.6 196.7 196.5 196.7 195.1 192.2 185.4 184.2 178.5 176 174.6 176.5 177.5 177.6 177.8 177.4 176.7 175.9 175.1 175 174 173.4 172.1 172.3 172.9 173.5 174.1 174.5 174.2 173.6 173.3 173.2 173 172.9 172.9 173.6 174.3 174.7 175.8 177.9 190.9
166.1 170.2 173.8 177.1 179.6 182.1 183.5 183.4 182.9 183.8 184.8 186.3 190.4 193.4 196.4 199.7 203.3 202.9 201.3 200.5 200.2 199.3 198.1 196.9 195.7 194 191.9 189.4 188.9 189.5 190.4 191 193.3 195.7 198.2 198.4 198.1 197.5 196 195.8 194.3 192.6 188.7 187 185.6 178.3 178.2 177.1 178.1 178.7 178.2 178 177.9 177.2 176.7 176.3 176.3 175.3 174.3 172.8 171 173.4 174.2 175.4 176 175.8 174.1 174 173.9 173.8 173.8 173.8 174.2 174.5 174.8 175.7 177.1 183.5
166.4 170.6 174.5 178 181.5 184.5 185.3 184.3 183.3 184.7 185.5 187.1 191.5 194.7 197.8 200.6 203.6 203.6 202.7 202.6 201.7 200.7 199.2 197.7 196.8 195.9 194.5 191.9 189 189.7 191.1 193.1 195.2 197 199.4 199.6 197.8 196.6 195.3 195.2 194.1 192.6 188.6 187.7 185.8 179.5 178.9 178.9 179.4 179.7 179.1 178.8 178.5 178.5 177.5 177 176.9 176.4 175.3 174.3 173 173.2 174.1 175.6 178 177.3 175 174.7 174.6 174.6 174.6 174.6 174.5 174.6 174.9 175.9 177 179.5
166.7 171.5 175.9 179.7 183.3 188.3 186.3 185.9 185.9 186.3 186.9 187.8 192 195.7 198.8 200.7 202.3 203.6 204.2 204.4 204 202.4 201.3 199.5 198.1 197.2 196.4 193.7 191.2 190.1 192.2 194.9 198 200.2 202.3 202.3 197.5 196.4 194.9 194.6 193.8 192.3 188.6 187.5 185.7 181.3 181.1 181 181 180.7 180 179.5 179.5 179.2 178.1 177.2 177.1 176.8 176 175.2 173.8 173 174.9 175.8 178.8 179.4 176.2 175.5 175.3 175.3 175.2 175.1 175.1 175.1 175.1 175.8 176.7 179
167.2 172.3 177.7 181.4 185.2 187.6 187 186.9 186.9 187.2 187.6 189.4 192.9 196.6 199.3 201.5 202.7 204.3 206.3 207 206 204.4 202.9 201.5 200.4 199.5 197.8 196.2 193.3 190.3 194 196.5 200.3 203.5 205.4 203.8 197 195.4 194.5 193.3 192.8 190.7 188.3 187.3 184.1 183 182.6 182.2 181.7 181.6 180.9 180.4 180.2 179.9 178.8 177 178 177 176.1 175.5 174.7 173.8 174.8 175.9 178.8 178.8 177.7 176.7 176 175.8 175.8 175.7 175.7 175.6 175.4 175.6 176.5 181
167 171.4 176.7 181 184.7 186.7 186.6 187.2 187.8 187.8 188.4 190.5 194.1 197.4 200.2 202.1 202.9 204.7 206.2 208.8 207.4 205.8 204.4 203.2 202.6 202.1 201.9 198.5 194.6 192.2 196.5 199.3 200.3 205.8 205.8 199.7 195.9 195.1 194.1 192.8 191.2 189.8 188.4 186.8 185.5 184.5 183.6 182.8 183.1 182.5 181.8 181.3 181.1 180.7 179.8 179.1 178.5 177.8 176.8 175.8 175.1 173.4 175.1 176.7 177.5 178.5 178.5 177.8 177.1 176.8 176.4 176.3 176.2 176 175.8 176 175.9 179
166.8 170.7 174.6 178.1 181.5 184.4 185.1 187.2 188.3 188.7 189.9 191.9 194.7 198 200.7 202.6 203.5 204.7 206.4 207.5 207.9 208.2 206.2 205.3 204.7 204.1 203.5 201 196.1 193 197.6 201.2 201.2 203.7 202.7 197.4 195.6 194.7 193.8 192.8 191 189.9 188.8 186.6 185.9 185.2 184.6 184.2 183.8 183.2 182.7 182.2 181.8 181.3 180.5 179.9 179.5 178.5 177.6 176.6 174.6 175.5 176.6 177.2 177.8 178.6 178.7 178.5 178.2 177.8 177.4 177 176.5 176.4 176.1 175.5 175.2 176.2
166.6 170 173.8 176.5 178.7 181.8 184.2 186.6 188.8 189.2 190.6 192.6 195.3 198.4 201 203.4 204.5 205.6 206.4 207.4 207.8 208.2 207.7 207.2 206.9 206.4 205.5 202.9 197.8 193.9 196.8 201 201.3 200.4 199.3 197.1 195.5 194.7 193.9 192.7 191.1 190.2 189.1 186.6 185.9 185.6 185.1 184.9 184.3 183.7 183.3 182.9 182.1 181.7 180.9 180.5 179.6 178.8 178.3 177.3 176.3 176.6 177.2 177.8 178.3 178.8 179 178.9 178.6 178.3 177.9 177.5 176.8 176.6 175.8 175.3 174.6 175
166.1 169.6 172.4 175.2 178 180.7 183.9 186.8 188.8 189.5 191.1 193.3 196 199 202.1 203.6 205.1 205.6 206.5 207.4 207.9 208.5 208.3 208.1 207.5 206.7 205.9 204.4 200.4 196.4 197.3 199.3 200.1 199.5 198.7 197.3 195.4 194.6 193.9 192.7 191.5 190 188.6 187.3 186.5 186.1 185.7 185.2 184.6 184 183.9 183.7 182.7 181.7 181.5 181.1 180.6 179.8 178.9 178 176.9 177.2 178 178.5 178.9 179.4 179.8 180.1 179.7 178.9 178.5 177.8 177.1 176.1 175.5 174.9 173.9 172.8
165.5 168.9 171.5 174.4 177.5 180.9 184 187.8 189.2 189.9 191.5 194.2 197.1 200.1 202.8 204.7 205.4 206.1 206.6 207.4 207.9 208.4 208.4 208 207.4 206.7 206 205.2 201.8 198.9 197.3 198.6 200 200.1 199.1 197.8 195.6 194.1 193 192.3 191.7 190.7 188.9 188.1 187.6 187.1 186.5 185.6 185 184.5 184.2 183.6 182.4 181 182.1 181.7 180.8 180.2 179.5 178.5 176.9 178.1 178.8 179.1 179.7 180.2 180.5 181.1 180.4 179.5 179 177.9 176.7 175.7 174.9 174.1 173.1 171.9
165.8 168.5 170.7 174 178.2 181.9 184.9 188.3 189.6 190.6 192.5 195.5 198.3 201.2 203.5 205.2 205.6 206.4 206.8 207.4 208.1 208.2 208.4 208 207.7 206.8 205.8 205.4 203.1 200.5 199.6 200.2 201 200.8 199.8 198.7 196.7 193.9 192.5 192.1 191.7 190.6 189.4 189.1 188.7 188.1 188.2 185.6 185 184.1 183.6 182.6 181.7 181 181.3 181.8 180.9 180.4 180 179 178 178.8 179.4 179.8 180.1 181 181.6 182.2 181.5 180.6 179 177.8 176.6 175.4 174.4 173.3 172.2 170.5
167.2 168.9 171.5 174.5 179.1 183.2 186.1 189.5 189.9 190.9 193.5 196.6 198.9 201.5 203.8 205.2 205.6 206.9 207.7 208.5 208.8 209 208.8 208.2 208 207.3 206.1 204.7 202.9 202 201.6 201.6 201.4 201.9 200.9 199.9 196.8 193.4 192.3 191.9 191.6 190.6 189.7 188.9 189.2 188.9 189.7 185.7 184.7 183.7 182.8 182.2 182.2 182 183.2 182.5 181.3 180.8 180.3 179.7 177.8 179.2 179.9 180.5 181.5 182.3 182.9 183.2 183.3 181.6 179 177.2 175.8 174.7 173.6 172.4 170.7 169.1
168 170.4 172.7 176.2 180.4 184.3 187 189.2 190.2 191.2 194.1 197.3 199.9 202 204.3 205.3 205.6 206.8 207.6 208.3 209.1 209.4 209.1 208.5 207.9 207.3 207 206.1 205.6 203.7 203.3 203 202.8 203.6 202.3 201.2 197.5 193.3 192.2 191.8 191.3 190.3 189.5 189.1 189.4 189.8 189.3 185.8 184.7 183.8 182.8 182.3 182.2 182.3 183.5 182.6 181.9 181.2 180.7 180 178.8 179.5 180.4 181.1 182.6 184 184.3 184.4 183.2 181.1 179.2 176.3 175.1 174.3 172.6 171.2 169.4 168.8
165.6 171.4 175.2 178.2 181.9 185.6 187.2 189.4 190.4 191.3 194.5 197 200.5 203.5 204.6 205.3 206.1 206.7 207.6 208.3 209 209.6 209.4 208.8 208.3 207.6 207.4 207.1 206.7 205 204.2 203.8 204.3 205.4 204.9 202.4 197.1 193.1 192.4 191.8 191.1 190.1 188.8 188.5 189.4 189.8 187.6 185.8 185.2 184.2 184.2 183.6 182.4 182.5 183.8 183.3 182.5 181.8 181.1 180.3 178.7 180.1 181.1 181.7 183.3 185.6 186.2 185.7 184 181.4 179.2 175.9 174.6 173.6 171.3 169.9 168.9 168.3
166.9 173.6 178.1 181.2 183.9 186.4 188.2 189.9 190.6 191.5 195.4 197.8 200.7 202.4 203.7 204.5 205.9 206.8 207.6 208.6 209.2 209.7 210 209.4 208.9 208.6 208.5 208.4 208.3 205.3 205 204.7 205 206.1 204.7 201.1 196.8 193.2 192.5 191.9 191.1 189 187.7 186.5 187.6 188.4 187.4 185.6 184.9 184.4 184.6 184.9 184.8 184.2 184.3 183.9 183.2 182.5 181.8 180.8 179.1 180.9 181.7 182.4 183.8 188.6 187 186.1 184.7 182.2 178.4 176.3 173.6 172 170.4 169.5 168.6 167.5
169.4 176.6 180.7 184.2 185.9 187.7 189.2 190 190.9 191.9 195.9 197.7 199.8 201.8 203.1 204.2 206 206.9 207.8 209 209.6 210.2 210.7 210.5 210.3 209.7 209.8 209.7 209.7 206.8 205.6 205.2 204.8 205.1 203.2 200.3 196.6 193.9 192.8 192 191 189 185.6 185.4 185.2 185.2 184.7 184.7 184 184.1 184.4 184.8 185 185 184.9 184.4 183.8 182.8 182.4 182 180.6 181.6 182.2 182.8 184.3 187.7 187.6 187.1 185.2 182.2 179.8 176.4 173.8 171.2 170 169 167.7 166.5
174.9 176.4 181.6 185.3 187.8 188.5 189.8 190.3 191.1 192.7 196 197.8 199.4 201.1 202.6 204.1 206 206.8 208.1 209.4 210.1 211.4 212.2 212.3 211.9 211.4 210.9 210.4 209.4 207.8 206.2 205.6 205.1 204 202.2 199.5 196.4 194.7 193.7 192.7 191.5 190.2 188.5 187.4 184.6 183.5 183.5 183.6 183.8 183.9 184.3 184.6 185 185.1 185.2 185 183.7 183.4 182.9 182.3 180.7 182 182.6 183.4 184.7 186.2 188.9 187.1 185.7 183.4 179.6 175.6 172.8 171.3 169.6 168.4 167.1 165.9
177.1 176.2 180 183.8 188.9 189.1 189.4 190.1 191.3 193.3 195.8 198.1 199.7 201 202.3 203.8 205.6 207 208.4 209.8 211.7 213.1 214.2 214.5 214.5 214.2 211.9 210.9 210 208.6 207.3 205.8 205.3 203.6 202 200.4 197.7 196.1 195.1 194 192 191 190.1 188.4 186.7 185.1 181.7 180.9 183 183.1 183.7 184.1 184.6 185 185.4 184.6 184.1 183.8 183.2 182.7 181.9 182.4 183 183.8 185 186.4 188.8 188 186.2 183.3 179.7 175.1 172.6 171.6 169.1 168.2 166.4 165.4
180.7 181.3 183.5 184.8 187.8 189 189 190.2 191.3 192.9 195.3 197.4 199.6 200.8 202.1 203.6 205.8 207.7 208.9 211.2 213.1 214.6 215.1 215.3 215.5 215.5 214 211.7 210.5 209.5 208.3 206.6 205.3 204.4 202.8 201.3 199.1 197 195.7 194.5 193.5 192.1 190.9 189.1 187.2 185.7 183.2 181.8 180.6 181.5 182.9 183.7 184.4 184.9 185.3 185.1 184.6 184.1 183.6 183 181.8 182.9 183.4 184.4 185.4 186.9 188.8 188.7 187.7 184.7 179.5 174.4 172.3 171 168.9 166.8 165.9 165
187.8 185.4 183.3 186.9 188 189 189.4 190.5 191.4 192.3 194.6 197.5 199.6 200.9 202.1 204 206.1 208.2 210.3 212.3 213.7 215.2 216.2 216 216 216.4 214.9 213.7 212 210.2 209.1 207.4 206.5 205.5 203.3 201.8 200.3 197.8 196.6 195.2 194.7 193.6 191.7 189.6 187.3 185.5 184.5 183.1 182.3 181.2 181.1 182.7 183.8 184.6 184.9 185.2 185 184.5 184 182.8 183.1 182.8 183.3 183.9 185 185.9 189.3 189.1 188.9 185.6 177.9 174.5 170.9 169.6 168.7 166.7 165.8 164.9
191.8 189.6 187.2 184.5 187.3 187.7 189 190.6 191.3 192 193.2 197 199.6 200.9 202.2 204.3 206.1 208.6 211.2 212.5 213.5 215.3 215.9 216.7 216.4 216.1 215.1 213.9 212.5 211 209.8 208.6 207.7 207.3 204.4 202.1 200.5 198.8 197.3 196 194.9 194.1 192.3 190.2 187.3 185.7 184.6 183.5 182 181.2 180.6 180.6 180.6 184.3 184.6 184.7 184.2 184.4 184.1 183.6 182.9 182.8 183.3 183.5 184.2 185.3 186.6 187.9 188.6 184.5 175.9 172.7 171 169.7 167.8 166.6 165.7 164.7
193.7 191.9 190 187.5 187.9 187.3 188.3 190.4 191.3 191.9 192.7 195.8 198.7 200.9 202.6 205.3 206.8 208.7 209.9 211.5 212.9 214.4 215.8 217.3 217.7 216 214.6 213.5 212.7 211.7 210.4 209.5 208.7 209.3 206.8 203.3 200.7 199.7 198.5 197.4 196.5 195.2 194.6 191.5 188.4 185.6 184.4 183.5 181.9 180.6 180.6 180.6 180.6 182.5 184.1 184.2 184.1 184 183.8 182.4 182.8 182.8 183 183 183.1 184.3 185.3 185.5 185.8 182.2 175.3 172.8 171.6 169 167.7 166.5 165.5 164.5
196.3 194.1 190.5 188.9 190.3 188.6 187.7 189.7 190.6 191.2 192.4 194.7 197.4 200.3 202.8 204.9 207.1 207.5 208.7 210.5 212 213.7 215.6 217.4 218 216.4 214.5 213.6 212.9 212.2 211 210.1 209.5 209.3 209.3 203.8 201.8 200.7 200 199.7 199.3 197.9 195.4 192.2 189.4 185.8 184.8 183.7 182.8 180.6 180.6 180.6 180.6 180.6 183.5 184 183.6 183.7 183.5 182.5 182.3 182.6 182.6 182.5 182.6 182.9 183.7 183.4 182.2 179.1 173.7 172.8 171.5 169 168.4 166.5 165.2 163.9
199.4 198.1 190.2 191.7 193.1 190.3 188 188.1 189.4 190.4 192.1 194.2 196.6 199.1 201.1 202.4 204.6 206 207.7 209.3 211.8 213.6 215.6 216.5 216.2 215.4 214.6 213.8 213.1 212.4 211.6 210.7 210.1 209.5 208.2 205.1 203.4 202.2 201.4 201 200.6 199.3 196.6 193.5 190 187.1 184.6 183.9 184.2 180.1 180.6 180.6 180.6 180.6 183.6 183.5 183.2 183.2 183.2 182.4 182.1 181.9 182.1 182 181.8 181.7 182.1 181.6 179.5 175.7 173.6 172.8 170.2 168.5 166.5 166.4 164.6 162
