app/static/ascii/NC85.asc
ncols 200
nrows 200
xllcorner 280000
yllcorner 950000
cellsize 50
[rows 105 to 139 of 200, columns 80 to 159 of 200]
184.8 184.7 184 183.2 182.5 182 182.3 181.9 181.2 180 178.5 176.7 174.8 172.3 167.5 162.7 157.8 152.9 150 145.6 146 146 146 148.9 151.9 153.5 152.4 151.1 150 149.1 147 145.3 144.8 144.2 143.7 143.1 141.5 140.1 138.8 137.7 137 136.2 135.4 134.6 133.5 131.5 128.9 127.3 125.7 123.4 122 120.7 119.4 118.2 117.6 117.3 116.5 117.4 119.3 122 124.4 128.4 131.1 133.9 134.9 136 137.2 140 144.6 145.6 145.6 143.6 141.4 139.1 136.7 134.5 132.6 130.3 126.1 120
184.8 184.9 184.1 183.4 182.9 182.7 182.7 182.6 182 180.7 179.2 177.7 176 172.6 167.8 162.9 158 154.5 151.8 148.3 146 146 146 150.4 154 154.9 153.8 152.6 151.3 149.4 147 145.7 145.1 144.5 143.9 143.2 141.7 140.1 138.7 137.8 137 136.2 135.4 134.6 133.5 131.6 129.2 127.6 126 123.9 122.1 120.7 119.4 118.8 117.5 117.1 115.2 118 120.3 123.7 126.4 129.8 134.3 137.2 138.2 139.2 140.4 142.2 147.2 148.3 147.1 144.4 141 139.3 137 134.7 132.9 131.1 126.5 120.8
184.8 185 184.3 183.9 183.7 183.4 183.2 183.2 182.7 181.4 179.9 178.3 176.8 173.3 168.6 163.9 159.1 155.1 152.1 149.3 146 146 146 154.6 156.3 156.2 155 153.4 151 148.8 146.8 146.2 145.4 144.7 143.9 143.1 142.1 140.4 138.8 137.7 136.9 136.1 135.3 134.5 133.6 131.6 129.7 127.8 126.1 124.2 122 120.6 120.1 119.3 118.2 116.4 116.3 119 122.5 125.9 128.9 131.9 137.2 139.4 140.3 141.4 142.5 145.3 150.3 151.4 149.7 145.6 141 139.6 138.3 134.9 133.1 131.4 127.8 121.7
185.1 185 184.8 184.6 184.4 184.2 184 183.7 183.1 182.2 180.7 179.2 177.7 174.7 170 165.3 160.3 155.6 152.9 150.1 146 146 148.1 154.5 157.2 157.3 155.7 153.7 151 148.7 146.8 146.1 145.4 144.6 143.8 143.1 142.3 140.8 139 137.7 136.9 136.1 135.3 134.5 133.7 131.7 129.7 127.8 126 124.2 122 121.1 120.7 119.9 118.8 117 118 121 125 129.3 131.3 133.5 137.4 140.1 142.3 143.5 144.6 148.9 155.7 155.6 151.9 147.6 141.9 140.4 139.1 135.6 133.4 131.7 129.2 122.9
186 185.9 185.7 185.6 185.3 185.1 184.9 185 183.9 183 181.6 180.1 178.4 175.3 171.4 166.5 161.5 156.4 153.5 150.2 147.4 146 149.6 154.8 158.7 158.1 156.2 154.1 151.9 148.6 146.7 145.9 145.2 144.5 143.7 143 142.3 141.1 139.2 137.7 136.9 136.1 135.3 134.5 133.6 131.7 129.5 127.5 125.9 124 122.1 121.6 121.1 120 118.7 115.3 119.6 123.2 127.5 132.3 134 136.8 141.2 142.4 143.3 144.3 146.4 150.8 158.1 159.2 154 149 143.1 141 139.7 137.1 133.3 131.8 128.9 123.3
185.9 186.2 186.5 186.5 186.4 186.3 186.4 186.7 186.1 184.7 182.4 180.9 179 176 173 167.8 162.8 157.9 153.9 150.8 147.6 146.9 151.5 156.6 160.2 159 156.5 154.2 151.9 148.7 146.5 145.8 145 144.3 143.6 142.9 142.1 141.1 139.5 137.6 136.8 136 135.2 134.4 133.5 131.3 129.1 127 125.4 123.8 122.3 121.6 120.7 119.7 118.4 117.9 121.5 125 130.5 135.3 137.3 139.4 143.3 143.8 144.7 145.7 146.9 150.3 154.7 156.7 155.4 149.5 144 141.4 139.5 136.8 134 131.3 128.5 124.3
185.8 186.1 186.7 186.8 187.2 187.8 188 188.3 188.4 186.4 183.8 182.2 180.7 178.1 174.9 169.6 164.5 160.1 155.8 153.1 148.9 149 152.8 158.4 161.3 160.4 157.7 154.9 152.1 149.2 146.3 145.6 144.9 144.2 143.5 142.8 141.9 140.6 139.4 137.8 136.8 136 135.2 134.3 133.2 131.1 128.7 126.5 124.9 123.3 121.5 121.1 120.2 119.5 117.1 120 123.3 127.3 132.9 137.9 138.7 142.4 144.8 144.8 147.3 146.8 148.7 151.8 153.8 155.5 154.7 149 144.2 141.8 139.2 136.8 134.8 131.6 128.5 125.1
185.5 186.1 186.8 187.3 187.9 188.3 188.7 189.4 189.8 189.5 187.3 184.2 182.3 180.2 176.8 172 166.5 162.8 158.6 154.1 150.5 146.9 154.7 160.3 160.8 159.7 157.6 154.9 152.2 149.5 146.3 145.6 144.9 144.1 143.4 142.7 141.5 140.2 139 137.8 136.8 135.9 135 134.2 132.8 130.9 128.4 126.1 124.3 122 120.1 119.9 119.8 117.9 119 120.9 124.5 129.2 135.5 138.2 139.2 143.7 146.9 146.8 149.6 148.1 150.5 152.6 153.5 154.2 153.1 147 144.3 142.1 140.1 138.1 135.4 131.8 128.7 125.7
183.8 185.8 186.2 186.6 186.9 187.3 187.7 189.1 189.7 190.1 187.6 186.1 184.3 182.1 178.7 174.1 168.2 163.8 159.4 154.9 152.2 151.6 151.4 161.7 160.5 159.1 157.5 155 152.3 149.6 146.9 145.5 144.8 144.1 143.4 142.3 141.1 139.8 138.6 137.4 136.8 135.8 134.9 134.1 132.4 130.6 128.2 125.1 123.4 120.8 118.8 118.5 118.4 118.3 120.2 122.1 126 131.1 137.3 139.1 140.3 148 150.6 149 151.6 148.7 150.9 152.9 151.8 151.6 150.4 146.8 144.4 142.6 141.3 138.9 135.8 132.1 129 125.9
182.5 184.7 185.2 185.8 185.9 186.3 187.7 188.8 189.3 189.3 188.8 187.9 186.6 184.4 181.4 174.9 169 164.4 159.9 155.3 152.2 152.1 151.4 156.2 158.2 157.7 156.5 154.1 151.7 149.3 146.9 145.4 144.7 144 143.1 141.9 140.6 139.4 138.2 137.1 136.7 135.9 134.9 133.7 132.3 128.9 125.6 123.6 122.2 120.5 118.7 117.4 119.3 120.4 121.4 123 127.2 133.2 138.6 140.2 141.4 152.4 151.8 150.4 153.9 148.7 149.4 152 149.5 148.3 147.6 146.7 144.5 143 142.1 140.1 136.5 132.7 129.1 125.9
181.1 182.4 183.9 184.8 185.1 185.3 187.6 187.5 187.2 188.1 189.3 189.6 188.2 184.6 180.8 174.9 169.7 165.2 159.9 155.5 152.9 152.5 152.7 154.9 155.6 156.6 156 153.5 151.2 148.9 147.1 146 144.9 143.9 142.7 141.4 140.2 138.9 137.9 136.9 136.5 136 135 133.8 130.4 127.2 125.4 122.5 120.9 118.4 120.2 117.8 119.6 121.1 122.6 124.2 128.1 136.3 140 141.2 143.5 152.7 150.6 150.5 153 148 148 148.3 147.1 146.4 145.9 145.3 144.9 143.9 143 141.3 137.2 133.3 129.6 126
180.5 181.5 182.5 183.5 184.5 184.5 184.5 185.1 186.5 187.9 189.3 189.6 187.5 183.8 179.3 174.9 170.4 165.1 159.7 155.7 153.7 153.8 154.2 154 155 155.9 156.4 154.8 151 148.9 147.7 146.5 145.2 143.5 142.2 140.9 139.7 138.6 137.6 136.6 136.3 136.1 135.1 133.8 130.7 127.2 125.9 122.4 120.3 119.4 121 118.9 119.4 121.5 123.1 124.8 129.5 138.4 141.8 142.4 145.1 150.6 150.2 149.7 148.6 148.3 148 147.8 146.7 146.2 145.7 145.1 145 144.6 143.8 142 137.9 133.5 129.9 126.5
179.9 181 182 183 184.3 184.5 184.5 184.9 185.5 186.5 187.9 188 185.2 181.6 177.9 173.6 169.3 164.8 159.4 155.3 154.8 155 155.5 155.4 154.4 155.3 155.7 153.1 150.3 149.1 147.9 146.6 144.8 143.2 141.7 140.5 139.3 138.3 137.3 136.3 136.1 135.9 134.7 133.3 130.4 128.2 124.3 122.4 122.2 121.8 121 120.7 119.9 122.4 123.8 125.5 130.7 137 142.5 142.6 145.1 148.5 149.7 149.8 148.6 148.3 148.1 148.2 146.5 146 145.4 144.9 145.2 145.1 144.4 142.6 138.6 134.1 129.1 124.7
179.2 180.2 181.3 182.3 184.5 185.9 185.9 185.5 185.9 186.4 186.9 185.5 182.9 178.7 175.7 171.3 166.5 161.1 157.8 157 156.4 156.5 156.8 156.9 156 155 153.8 152.3 150.4 149.3 148 146.2 144.5 142.9 141.3 140.1 139 138 137 136 135.9 135.3 134 132.2 130.6 126.9 123.7 123.4 122.2 121.8 121.5 120.4 121.9 123.8 125.1 126.4 131.5 134.6 140.9 142.3 144.6 147.9 150.5 150.2 148.8 148.3 148.4 148.5 146.3 145.8 145.2 144.8 145.3 145.3 145.1 143.3 139 134.6 129 123.9
178.8 179.5 180.5 181.6 183.9 185.6 186.6 187.7 187.3 187.8 187.3 185 182.8 179 174.1 171.2 167.7 165.7 161 158.5 158 157.8 158.1 158.5 157.5 155 153 151.7 150.2 148.7 147.6 145.8 144.1 142.5 140.3 139.1 138.5 137.7 136.7 135.8 135 134.5 134.1 133.1 130.4 126.6 124.6 123.9 122.9 122.5 122.3 122.3 123.8 125.3 127.1 128.7 130.5 133.3 137.7 141.5 144.4 149.7 153.8 153.4 150.7 148.4 148.7 148.9 146 145.5 145 145 145.4 145.6 146.2 143.7 139.2 134.9 130.7 126.7
178.4 179.1 179.8 181.2 183 184.8 186.1 187.2 188.3 187.8 186.4 184.8 182.7 179.3 176.3 173.7 171.5 166.9 163.4 160 159.5 159.3 159.5 160 158.5 154.9 152.8 151.2 149.1 147 146.3 145.5 142.1 140.5 138.5 137 136.4 136 135.6 135.1 135 134.8 134.6 132.5 128.2 127.9 126 124.5 123.5 123.7 123.1 122.6 124.5 127 128.6 129.9 131.5 133.3 136.8 140 144 153.8 158.1 157.7 154.3 150.5 149.1 149.2 145.8 145.3 144.8 145.1 145.3 146.9 147.9 143.9 139.6 135.4 131.2 130.4
177.3 177.7 178.5 180.4 182.1 183.9 185.6 186.7 188.2 186.7 185.2 183.5 182.1 180.6 178.8 176.6 174.2 168.2 164.3 161.4 160.7 160.5 160.8 160.4 158.4 154.9 152.7 150.4 150.3 149.3 148.3 146.4 143.3 141.1 138.6 135.3 136.1 135.2 135.9 135.1 134.3 134.3 132 133.8 131.5 129.1 126.8 124.7 124 124 123.1 123 125.1 128.5 129.9 131.1 132.4 134.1 136.2 139.1 144.5 152.8 152 155.1 152.8 151.5 151.2 150.2 145.7 145.2 144.9 144.7 146.1 148 149.4 144.8 140.3 136.3 132.3 132.9
175.5 175.6 177.9 179.7 181.2 183 184.8 185.9 185.9 184 183 182.1 182.7 182.8 181 179.2 176.1 169.5 165.9 163.4 161.6 161.4 160.4 159.6 158 155 153 152.6 151.3 150.2 148.8 146.5 143.6 141.1 139.1 136.6 134.9 133.7 135.7 132.9 134.3 135.1 135.1 134.2 132.4 130.7 127.5 125.2 124.3 123.8 123.8 123.3 125.3 129.4 131.1 131.7 133.2 134.6 136.1 138.9 145.7 147.9 150.8 153.5 154.2 152.9 153.6 152.7 147.8 145.3 144.7 144.2 146 148.9 150 145.5 140.5 136.7 133.6 134.5
175.2 175.4 177.2 179 180.5 182.1 183.3 184.3 183.2 182.1 182.1 182.1 183.5 184.8 183.6 181.8 178.6 172.1 166.8 163.9 161.9 161 160 158.7 157.1 154.5 155.7 154.5 153.3 151.9 149.2 146.6 143.9 141.6 139.6 136.8 136.1 135.2 135.2 135.4 136.1 136.3 135.9 134.7 133.3 131.5 128.9 126.4 125.3 124.7 124.2 124.6 127.8 130.2 132.7 132.9 134.3 135.6 136.9 139.3 145.7 147.7 150.8 153.4 155.6 154.3 154.7 155.1 148.9 144.6 144 144.1 145.4 148.2 148.7 145 140.7 137.1 135.3 136
174.9 175 176.7 178.2 179.6 181.6 182.9 184 182.1 182.1 182.1 182.1 185 186.4 185.7 184.3 181 174.3 167.7 163.9 162 160.9 159.7 158.1 156.9 157.4 158 156.8 155.6 154.3 151.4 147.7 144.4 142.4 139.8 137.6 135.1 135.4 133.9 135.5 136.2 136.8 136.1 134.8 133.5 132.2 130.2 127.5 126.4 125.7 125.5 126.2 129.6 130.6 133.4 134.4 135.8 137.2 138.5 139.9 145.4 147.6 151.2 153.4 155.2 155.9 154.9 153.9 147.4 144.3 143.3 143.9 144.7 147.3 146.8 143.4 139.8 137.3 135.9 136.7
173.7 173.5 175.4 177.1 178.9 181.2 182.7 183.1 182.4 182.1 182.1 183.8 187 188 187.6 186.5 183 176.6 169.4 164.9 161.9 161.4 160.9 160.2 160.1 160.5 161.1 160 158.8 157 153.7 149.7 146.1 142.3 139.3 137.3 136.6 135.5 135.4 135.9 136.4 137 136.2 135 133.7 132.5 130.9 128.5 126.9 126 124 127.2 130.7 133.6 135.2 136.3 137.4 138.7 140.1 142 145.3 148.9 152.7 154.1 154.5 155.4 151.8 152.3 145.4 143.3 143 143.6 144.4 145.8 144.8 142 140.3 139 137.2 136.6
172.8 173.8 175.6 176.6 179 180.8 182.2 182.3 182.4 182.7 183.3 186.1 189.1 189.4 189.4 188.3 184.3 178.6 171.8 166.2 163.3 163.5 163.7 163.5 163.4 164.4 165.1 164.3 162.7 159.8 156.1 152.1 146.3 141.7 138.4 136.8 135.9 134 135.8 136.5 137.1 137.4 136.5 135.4 134.2 132.9 131.2 128.9 126.5 125.1 126.7 128 132.4 136.3 137.6 138.7 139.8 140.9 141.8 143.9 147.3 151.4 156.7 155.4 153.8 150.6 148.4 146.5 144.6 143.1 142.8 143.4 144.1 144.3 142.6 140.7 139.5 138.3 137.1 135.8
173.7 174.8 176.7 177.9 177.8 180.8 182.5 182.6 183.2 184.1 186 188.9 190.5 190.2 190.1 188.7 185.4 179.9 172.8 169.1 166.1 167.1 167 166.8 167.2 168.8 169.1 168.3 166.3 162.3 158.4 154.1 148.2 142.2 137.5 136.3 134.6 136.2 136.6 137.2 137.9 137.6 136.6 135.6 134.6 132.9 130.9 128.4 125.7 127.1 128.2 129.2 135.4 138.8 140 141.1 142.2 143.2 144 145.1 148.1 152.8 156.3 155.5 153.2 149.9 148.3 146.4 144.7 143.2 142.3 142.6 143.4 142.3 141.4 140.2 139 137.9 136.7 135.1
174.3 176 177.4 178.7 179.5 180.5 182.8 183.3 184.5 185.8 188.7 190.7 191.6 191.2 190.4 189.1 185.5 180.2 175.3 171.6 169 170.9 170.8 170.7 171.7 173.3 173.1 171.6 169.2 164.9 160.7 155.6 148.8 142.9 138.3 136.3 136.3 136.9 137.4 138 138.4 137.7 136.8 135.8 134.7 132.3 130.2 127.8 128.1 129.1 129.9 130.7 138.3 141.8 142.7 143.6 144.6 145.4 146.3 147.2 149.5 153.8 157.1 158 155 150.5 149.1 147.4 144.9 143.3 141.9 142.1 142.1 141.7 140.7 139.8 138.6 137.5 136.3 133.6
175 176.9 178.3 179.7 180.5 180.1 182.4 183.9 184.9 187.4 190.6 192.3 192.6 191.8 190.9 189.6 186.9 181.5 178 175 173.5 175 174.8 174.6 176.8 178.1 177 175.1 172.7 167.8 162.8 157.6 149.8 142.5 138.2 135.5 137.3 137.9 138.3 138.8 138.6 137.9 137 135.9 134.7 132.4 129.6 128.5 129.4 130.3 131.4 132.4 138.4 143.1 144.7 145.7 147.1 148.2 148.8 148.8 151.3 153.6 155.1 156 153.9 151.1 149.8 148.3 145.1 143.4 141.6 141.9 141.3 141.1 140 139.1 138.2 136.9 134.6 132.6
175.7 177.8 179.3 180.7 181.5 181 181.7 184.1 185.2 188.4 191.6 194 193 192.1 191.3 190.1 186.3 183.3 180.9 179.4 178.5 178.2 178.4 178.7 181.2 182.3 180.3 178.5 175.6 170.7 165.5 158.9 150.5 142.6 138.4 135.7 137.5 138.4 138.7 139.1 138.8 138.1 137.1 135.9 134.7 132.6 128.5 130.2 130.3 131.6 132.6 134.1 139 143.2 145.3 147 148 149 149.5 150.6 152.5 154.1 154.5 154.6 153.8 151.7 150.2 149.1 146.1 143.7 142.6 141.4 140.4 140.4 139.3 138.6 137.7 136 134 132.2
176.7 178.5 180.2 181.6 182.1 180.5 182.7 184.2 186.3 189.9 193.6 196.2 193.2 192.4 191.7 189.6 187.5 186.6 185.2 183.8 182.4 181.7 181.8 182.7 185 185.6 183.7 181.7 178.3 173.2 167 160 151.3 142.3 138.3 135.3 136.8 138.2 139 139.3 139 138.3 137.5 136.3 135.1 132.5 129.3 131.2 130.9 133 134.3 136.5 139 142.3 148.7 147.9 148.3 149.1 149.9 151.6 153.2 153.5 153.8 154 154 151.8 150.4 150 147.3 143.4 142.2 141.7 140.9 140 139.3 138.2 137.8 135 133 131
177.6 179.5 181 182.3 182.3 180.9 183.2 184.6 186.1 190.3 193.5 196.6 193.6 192.8 192 190.8 189.9 189.4 188.3 187 186 185.2 185.6 185.9 187.7 189 187.1 185.3 181.2 175.4 170.1 161.3 152.2 142.8 137.3 136.4 137.1 137.7 139 139.5 139.2 138.6 137.9 136.7 134.8 132.5 129.7 132.6 132.5 134.3 135.8 138.1 141.4 143.4 147.4 148.1 148.6 149.3 150.3 151.5 152.7 153.1 153.4 153.5 153 152 150.7 150.5 148.2 143.2 142.1 141.6 141 139.8 138.9 138.6 137.1 135.3 129.2 128.3
178.9 180.4 181.8 183.1 183.2 182 183.5 184.2 186.2 188.2 192.2 195.8 193.8 193.3 192.8 191.9 191.5 191.1 190.8 189.6 188.9 189.1 188.9 189.2 192.4 192.4 190.6 188.5 184.3 178.5 172.9 163.7 151.4 141.8 138 136.8 137.5 138.2 138.9 139.7 139.5 138.9 138.3 136.7 134.4 131.6 131.2 132.9 133.9 134.9 136.8 140.5 142.2 144.1 147.1 148.1 148.8 149.5 150.4 151.3 152.5 152.7 152.9 152.8 152.6 151.7 150.9 149.8 147.6 143.2 142.2 141.3 140.6 139.7 138.8 138.3 137.3 135.8 129 127.5
180.7 181.7 182.8 183.9 184 183 181.2 184.1 185.7 188 189.6 192 194 193.8 193.6 193.3 193.2 192.7 192.5 192.7 192.2 193.9 192.6 192.3 194 193.8 192.9 191.2 186.9 181.3 175.3 165.4 151.1 141.4 137.8 136.8 138.2 138.9 139.6 140.1 139.9 139.2 138.6 136.7 134.3 131.6 131.4 133.7 135.2 136.2 137.5 139.9 143.5 144.7 148.2 149.5 150 149.5 150.4 151.3 152.1 152.3 152.1 152.1 151.8 151 150.4 149.3 146.4 143.3 141.8 141.1 140.3 139.5 138.8 136.5 134.7 134.5 128.2 127.3
182.2 183 183.9 184.5 184.8 184.4 184 184.1 185.4 188 189.8 191.5 193.8 194 194.2 194.4 194.5 195.1 195.4 195 195.3 198.2 196.6 194.6 194.7 194.5 194.4 192.9 187.8 182.5 176.1 166.2 149.7 141.3 137.8 135.4 138.9 139.6 140.1 140.5 140.3 139.7 138.8 137.4 135.2 132.9 132 134.4 136.5 137.2 139.2 141.6 143.2 145.8 149.7 150.9 151 150.3 150.4 151.3 152 152 151.8 151.5 151.2 150.6 149.9 148.8 146.4 143.3 141.6 140.4 139 138.7 137.1 133.5 131.9 129.2 127.4 127.3
183.8 184.8 185.7 186.2 186.5 185.5 185.7 185.3 185.9 188.4 190.1 191.8 193.6 194.7 195.1 195.4 195.7 197.4 197.3 196.8 197.2 200.5 197.3 196.9 195.3 195.2 195 194 187.4 182 175.3 166.1 148.8 141.8 139.6 137.5 139.1 140 140.4 140.8 140.7 140 139 137.9 135.8 133.5 132.7 135.1 137.5 140 140.8 139.5 142.8 148.1 149.8 153.5 151.1 150.4 151.6 152.5 152 151.6 151.3 151.1 151.1 150.2 149.4 148.3 147.4 142.6 141 138.7 136.4 135 134.1 131.1 129.6 128.7 127.5 126.4
185.7 186.7 187.5 187.9 188.3 187.6 186.5 184.7 187.6 189.4 190.9 192.7 194.7 195.7 196 196.4 197.7 199.3 198.7 198.2 198.3 199.7 198 198.2 195.7 194.9 194.2 192.3 187.2 181 173.4 162.1 148.1 142.4 140.1 136.8 139.9 140.5 140.8 141.2 141.2 140.2 139.2 138.1 136.5 135.7 134.7 135.8 138.6 140.4 142 139.9 142.8 149.8 150.3 152.2 150.2 151.3 152.4 155.2 153.1 151.1 150.6 151.6 150.9 150.1 148.3 147.5 145.1 141 138.7 136.3 134.2 132.5 130.7 129.1 128.1 127.2 126.3 125.2
187.6 188.6 189.2 189.6 190 189.7 188.7 188.7 189.5 190.8 192 193.7 196.2 196.7 197 197.8 199.7 200.7 200.1 199.2 198.1 197.8 198 197.9 197 195.8 194.6 192.9 188.8 179.6 168.9 158.4 146.8 141.7 139.9 137.2 140.5 141.1 141.4 141.6 141.5 140.4 139.4 138.4 137.7 136.8 135.8 137.3 139.9 142.7 143 141.7 143.8 146.1 146.6 149.1 149.6 151.4 153.2 155.6 151.5 150.7 149.9 151.1 150.9 149.6 146.9 145 142.1 138.5 136.2 133.9 132.1 130.5 129.1 128.1 126.8 125.8 124.9 126.3
189.6 190.5 191 191.3 192 191.4 190.3 190.2 190.9 192.1 193.4 194.9 196.9 197.4 197.8 198.7 201.1 201.4 201.3 199.7 198.6 197.2 197.5 198.1 197.9 196.5 195.9 195.1 188.2 177.1 166.3 155.2 146.6 143.4 141 138.5 141.1 141.7 142.2 142.6 142.2 140.8 139.7 138.7 138.2 137.8 137.9 139 143 145.7 144.7 143.8 144.2 146.1 146.4 148.2 150.7 151.9 151.9 151.8 151 150.1 149.2 149.8 150.6 150.5 145.2 142 138.9 135.9 134.3 132.6 130.8 129.4 128.6 127.8 126.8 125 124.2 125.4
