app/static/ascii/NC86.asc
ncols 200
nrows 200
xllcorner 280000
yllcorner 960000
cellsize 50
[rows 76 to 113 of 200, columns 0 to 84 of 200]
-1.7 -1.7 -1.7 -1.7 -1.7 2.6 2.3 2.4 2.3 25.8 29.8 32.6 37.4 37.5 38.2 36.8 41 39.3 36.2 37.3 40.1 43.8 48.1 51.1 55.1 58.3 61.6 65.5 71.6 80.1 88 87 82.1 80.4 82.8 80.7 77.5 76.5 76.4 77.1 78.6 82.3 83.2 82 81.5 78.5 77.3 77 76.9 76.8 80.7 80.9 79.8 78 77.3 76.8 71.5 64 60.1 59.8 60.3 67.4 72.4 70.9 63.8 63.5 56.1 34.6 -1.7 -1.7 -1.7 -1.7 -1.7 -0.7 -0.2 -0.4 -0.5 -0.7 -1 -1.7 -1.7 -1.7 -1.7 -1.7 -1.7
-1.7 -1.7 -1.7 -1.7 12 7.3 17.4 15.6 23.3 27.8 31.1 36.6 44.3 45.2 43.6 43.1 45 45.4 41.1 39.5 39.7 43.9 47.5 50.9 55.7 59.7 61.6 64.5 69.7 75.1 88.2 87.9 85 80.4 78.6 78.5 77.5 76.7 77.3 78.1 79.2 82 87.1 80.9 80.1 78.2 77.8 77.4 77.3 77.2 77.7 79.3 79.9 78.6 77.7 77.7 73.3 65.9 59.8 58.9 60 66.1 73.3 70 59.6 59.6 53 29.1 -1.7 -1.7 -1.7 -1.7 -1.1 0.1 0.4 0.3 0.2 0 -0.4 -0.9 -0.8 -0.1 0.7 4.8 19.9
-1.7 -1.7 6.9 -1.7 -1.7 24.5 23.9 22.6 22 29.3 33.9 39.3 47.2 53.5 49 46.4 45 49.1 44.9 42.4 40.3 44.1 47.9 51.2 56 61 62.4 65 68.3 73.5 85.1 85.4 84.2 80.4 79 78.3 77.8 77.6 78.2 78.8 79.6 81.6 82.9 81.2 80.2 79 78.4 77.9 77.8 77.8 77.9 78.4 80.1 80 77.9 76.2 72.3 68.5 61.8 58.4 58.5 65.3 68 65.3 55.9 51.5 46.2 22 -1.7 -1.7 -1.7 -1.6 -0.3 0.9 1 1.1 0.9 0.6 0.2 0 0.2 0.9 2.2 35.1 26.3
-1.7 -1.7 10.3 -1.7 -1.7 27.3 27.1 27.8 24 29.9 36.8 43.2 49.4 59.1 54.7 50 45.9 49 47.3 44.5 42.9 44.7 49 54 56.7 63.5 64.1 66.7 68.3 71.3 78.6 82.7 83.9 81.1 79.6 78.8 78.5 78.4 78.8 79.3 80.1 81.2 81.5 81.7 82.7 81 78.8 78.4 78.7 78.4 78.5 78.6 80.5 81.6 79 76.3 73.2 71.4 65.4 60 57.6 57.3 63 61.3 52.9 45.3 39.2 21.8 -1.7 -1.7 -1.7 -0.7 0.5 1.5 1.7 1.8 1.6 1.3 1 0.8 1.1 1.6 3.9 33.7 57
8.5 21.8 30.8 13.9 -1.7 30.6 31.2 32.1 30 31.2 38.6 46.8 52.3 58.8 60.1 53.6 50.2 48.1 46.8 46.7 46.4 46 50.7 55.8 60.2 62.8 65.3 67.3 69.9 71.7 76.2 82.2 83.9 82.5 80.3 79.1 78.8 78.9 79.2 79.9 80.7 81.4 82.3 82.9 84 83.2 81 79.1 79.6 79.4 79.3 79.3 81.2 80.7 79.5 77 74.1 72.9 67.8 61.5 57.1 57.9 62.1 63 52.1 42.6 31.6 21.9 1.8 -1.7 -1.7 0.2 1.3 2.1 2.2 1.9 2.2 2 1.8 1.7 2.1 2.3 20.5 56.9 57
22 34.1 37.9 39.8 8.2 37.9 36.7 36.8 36.5 32.2 46.3 51.7 57.3 60.9 63.6 56.2 51.1 49.2 48 48.5 49.6 47.8 53 57.1 63.3 64.3 64.9 67.1 70 72.6 76.7 82.6 85.8 83 81.1 79.9 79.1 79.2 79.6 81.5 82.1 82.4 83.3 84.8 87.3 84.9 82.7 80.8 80.4 80.3 79.9 79.9 80.6 79.7 79.9 77.9 75.5 73.7 68.5 60.4 56.7 55.6 58.3 55.2 52.9 46.5 34.1 22.9 3.8 -1.7 -1.7 6.5 9.4 11.2 12.5 10.6 11.2 9.1 6.2 4.3 4.2 14.4 32.5 38 55.9
31.4 37.7 46.5 47.6 47.9 44.9 43.3 41.2 42.8 43.8 48.2 55.7 62 62.8 62.8 60.4 54.9 50.3 49.6 50.1 52.4 52.4 54.2 60 64.8 65.2 65 66.5 69.2 72.7 77.5 83.6 90 85.1 80.9 79.8 79.4 79.5 80.1 84 86.9 83.5 84.2 84.6 85.6 86.5 84.6 82.5 81.6 81.7 80.4 80.1 79.9 78.6 78.9 77 75.7 73.4 67.5 59.6 57.4 56.2 54.4 54.6 51 42.1 34 24.2 4.8 -1.7 -1.7 7.7 6.1 6.9 6.1 5.6 5.5 4.3 3.1 11.3 11.1 30.6 45.8 49.6 58.6
37.2 46.1 52.3 55.3 57.9 57.3 47 46.1 48.4 50.2 44.3 60.9 65 71.4 64.8 65.5 60.9 53.1 52.5 52.9 55.2 57.7 54.9 63.7 67.3 67.9 66.8 67.3 69.7 73.5 78.1 84.3 89.1 87.3 83.7 80 79.9 80 80.5 86.8 86.4 85.1 85 85.1 85.5 85.9 86.4 84.1 83.7 83.5 81.5 80.6 79.4 77.2 76.3 75.5 75 73.8 69.6 59.9 58.4 55.8 53.2 53.4 46.5 51.5 41.3 27.8 7.4 -1.7 7.4 6.5 6.1 5.2 3.9 3.9 2 3.6 13.2 16.6 16.5 46.7 51 56 55.1
43.1 51.1 56.2 64.8 63.3 65.7 54.8 49.4 54.4 56.9 52 58 67.3 71.1 69.6 68 60.3 56.3 56 56.2 57.8 61.9 61.9 63.9 68 75.6 71.2 69.7 70.6 74.1 78.7 83.2 89.3 87.5 87 81 80.6 80.7 80.8 86.1 86.7 86.2 86 85.9 86.3 86.5 86.7 86.6 85.8 85.2 82.8 81.2 78.8 75.8 74.2 73.4 73.9 74.3 65.5 59.8 59.2 55.9 52.6 49.7 51 55.1 41 28 12.8 -1.7 4.9 7.8 7.6 4.1 6.7 20.9 15.2 21.7 22.4 24.7 25 39.2 56.3 59.9 60
53.4 58.8 63.2 64.9 69.4 69.3 58.1 52.2 57.7 63.9 58.3 51.8 66 70 70.2 66.7 62.4 58.7 58.8 60.5 62.2 65.8 68 64.8 65.5 70.7 71.5 71.2 71.8 74.6 79.7 84.4 89.7 86.5 85.6 81.1 81.3 81.5 82.1 85.8 86.4 86.9 86.8 86.8 87.1 87.5 88 88.6 87.4 86.8 83.9 81.6 77.9 74.4 72.5 70.9 71.2 70.4 63.4 60.9 60.2 55.7 53.2 51.1 50.6 50.2 40.4 28.3 16.5 -1.7 4.3 4.8 8 16 30.5 45.7 38.2 38.8 43.7 47.1 39.9 41.8 53.3 58.8 60.5
62.8 66.7 67 64.3 66.2 66.4 59.6 59.4 62.4 66.8 66.7 55.3 65.9 67.3 68.2 65.1 61.9 60.3 62.5 65.4 67.1 69.5 73.2 70.3 68.4 68 69.8 72.4 73 75.4 80.5 85.2 87.1 87.8 83.7 81.4 81.8 82.2 83.5 85.8 86.8 87.3 87.7 87.8 88.1 88.5 89 89.3 89.6 88.2 84.3 81.8 76.6 73.2 71.5 69.8 67.9 66.1 64 61.6 60.4 56.2 53 52.2 51.8 47.8 38.6 29.4 12.1 -1.7 3.1 4 18.3 22.4 24.7 29.6 33.5 39.7 51.2 64.2 61.9 53.6 50.5 56.6 59.3
62.1 66.5 66.1 61.6 60 60.3 64.2 67.3 64.7 70.2 70.2 66 63.4 63.8 64.3 63 62 62.6 65.7 70.1 72.9 72.8 76.8 73.3 71.3 70.8 71 73.7 73.7 75.3 80.7 85.4 89.2 85.6 83.3 81.7 82.3 83 84.7 86.3 87.3 88.3 88.8 88.8 89.1 89.5 89.9 89.5 89.7 91.2 83.9 81.2 76.4 73.1 71.5 69.7 67.4 65.8 64.6 64.2 60.7 56.3 53.1 51.5 49.8 43.2 33.7 16.6 6.2 4.6 3.4 4.5 20.3 21.9 22 29.9 34.9 41.9 47.6 55.2 60.5 61 61.1 64.2 62.9
61.6 65.7 63 60.1 59.1 64.1 69.8 71.3 68.1 69 70 67.9 66.7 59.4 62.8 65.5 63.6 64.6 67.7 73.6 77 75.2 79.4 73.8 72.8 72.8 74.1 72.7 73.6 74.9 80.3 85.9 91.7 86.2 82.2 82.1 82.1 83.8 87 87.4 87.8 88.8 90 90.1 90.2 90.7 91.1 90.4 90.1 88.9 84.5 79.9 76 73.3 71.5 69.9 68.1 66.2 64.6 66.2 59.4 54.4 51.6 48.7 44.6 38.3 31.7 24 9.7 6.1 4.1 2.5 4.8 16.8 18.8 17.6 29.8 35.2 38.5 41.6 47.8 55.1 61.7 67.9 67.7
63.7 64.2 58.6 57.7 58.6 70.5 75.4 73.6 70.7 69.9 70.7 68.4 70.8 61.5 61 66.3 66.4 66.6 69.7 76.6 81.2 76.7 76.5 74.7 73.8 73.6 74.1 77.8 74.8 75.1 80.6 84.7 86.4 83.6 82.5 82.5 82.6 84.9 90.2 88.8 88.5 89.6 91.4 91.5 91.2 92.4 91.7 91.1 91.7 89.2 85.4 80.6 76.5 74.1 72.2 70.8 69.4 67.5 65.5 61.2 55.5 53.4 51.5 48.9 46.1 40 26.3 25.2 18.2 12.2 4.2 4.2 3.9 4.3 14.8 15.9 19.5 21.1 23.8 32.2 32.5 39.5 56.1 58.7 65.6
64.8 63.3 56.8 57.8 64.6 75.1 77.8 76.9 74 72.1 71.5 69.3 64.4 62.5 60.9 64.1 68 67.6 73.3 77.9 80.1 78.1 77.3 76.7 75.2 74.5 75.1 77.5 75.8 76.2 78.7 83.9 83.6 82.6 82.7 82.8 83 85 92.8 90.3 89.7 90.6 92.8 92.5 92.1 92.7 92.4 92.2 91.4 90.1 87.4 81.9 77.2 75.2 73.6 72.5 70.5 68.3 65.4 60.7 56.1 55.8 54.7 54.6 50.7 46.6 39 29.8 19 15.7 16.1 4.4 3.4 4.3 12.5 13.6 16.7 24.3 33.5 43.5 50.5 49.5 46.6 61.3 71
63.7 55.1 56.4 62 68.1 77.1 78.1 78 78.8 75 73.5 70 67.9 66.4 62 62.4 64.4 66.4 74.7 76.2 77.7 79.1 79.7 79.1 78.1 76.1 76.2 76.5 76.8 77.2 78.1 80.8 81.7 82.5 82.9 83.2 84.3 86 92.7 92 90.4 90.3 93.5 92.8 92.9 93 93.1 92.8 92.1 91.3 88.6 83.4 78.5 76.6 75.6 73.7 72.4 70 66.6 61.8 58.6 58.8 58.1 58.1 53.5 49.6 43.3 34.4 20.4 16 16.1 9.7 4.2 4.4 10.4 11.5 15.4 23.7 38.6 49.3 55.2 52 50.4 59.1 71.7
52.6 55.4 61.4 65.4 71.4 78.1 79.5 79.6 81.1 78.2 76.4 71.9 71.6 74 65.2 62.9 64.1 66.7 74.2 77.4 78.4 79.4 82.8 80.8 80.5 79.5 77.6 77.7 77.7 78.2 79.2 80.2 81 82 83.1 84.3 85.9 87.3 90.4 91.2 90.2 90 91.1 92.8 93.5 93.3 93.3 93.3 93.1 93 90.5 84.9 79.6 78.7 77 75.5 74.5 73.2 68.3 62.2 60.8 62 63.1 61.1 57 51.9 45.5 36.7 22.7 16.1 18.7 9.8 4.9 5.2 7.5 10.8 14.1 23.7 40.7 49.9 53.3 52.5 59.5 63.1 63.4
58.4 65.4 66.2 67.6 71.7 82 84.3 83.5 82.8 80.7 80.9 75 71.3 72.1 75.1 65.1 64.7 66.1 72.1 77.4 79.2 80.5 82.3 81.9 81.9 82.5 79 78.9 78.6 79.1 79.6 80.1 81.1 82.3 83.7 84.5 86.8 87.5 87.9 90.2 89.8 89.6 90.5 93.2 93.8 93.5 93.6 93.6 93.5 93.6 93.7 85.3 81.4 78.9 78.3 77.6 75.8 73.9 70.7 66.8 65.1 66.8 66.8 63.9 59.5 54.1 46.4 37.7 23.6 17 17.4 8.8 4.8 4.9 7.3 9.5 12.8 20.1 30.3 47.2 54.6 60.4 63.5 62.8 64.5
63.1 67.6 72.9 71.4 75 87 89.5 86.4 83.8 85.9 79.9 79.5 72.9 72.3 76.1 68.4 66.9 65.8 72.9 78.9 81.3 82.1 82.8 82.6 82.8 81 80.3 79.8 79.6 79.9 80.3 81.1 81.9 82.6 84.1 84.6 86.2 87.4 87.5 88.7 88.6 88.8 90.3 91.7 92.8 93.7 93.8 93.8 93.8 93.7 91.9 87.2 83.5 80.5 79.3 78.6 77 74.7 72.5 69.6 68.6 68.9 67.9 66 59.3 52.4 44.6 35.5 21.4 17.4 14.8 9 5.3 4.9 6.7 9.9 13 19.2 30.5 37.9 50 60.7 62.9 62 63
65.8 70.9 75 73.8 78 88.6 91.4 92 86.4 83.1 81.3 77.1 73.9 73.1 75.7 71.2 68.9 69.6 73.2 81.8 85 84.1 83.2 82.8 82.7 82.5 80.4 80.6 80.6 80.6 80.6 82.3 82.7 83.3 83.9 84.6 87 87.4 86.8 87.5 87.7 88.4 89.7 91.6 93.2 93.7 94.1 94.1 94.2 94 92.3 88.7 85.4 82.4 80.3 79.7 77.6 75.6 74.4 73.6 72.6 70.5 68.5 65.5 59.2 51.9 42.3 33.8 21.8 19 17.4 10.5 3.9 5.2 5.9 9.5 13.5 17.3 25.7 32.3 42.5 54.7 61.1 62.8 63
69.3 74.5 81.2 78.6 81.9 94.2 95.8 95.4 88.9 86 85.3 80.5 74.4 73.7 77.7 74 76.9 70 73 83.8 86.4 85.5 83.8 83.1 82.3 81.7 80.5 80.6 81 81.3 82.7 83.8 83.8 84 84.5 85.2 86 87.4 87.4 87.4 86.8 87.8 89.5 92.3 93.8 94.3 95.1 95.4 95.2 94.1 93.3 90.8 87.4 84.3 81.6 79.7 78.4 77.4 76.6 76.4 75.1 72 69 65.9 62.5 51.8 40.1 32.5 22.6 20.9 19.1 10.5 4.8 5.2 5.6 9.9 14 17.9 23.1 30 38.8 50.7 61.2 60.7 61.3
73.2 76.8 87.1 82.9 86.3 96.9 98 97.7 91.4 90.6 88.2 86.9 76.4 74.1 74.5 76.3 78.6 72.5 73.7 83.1 88.1 86.6 83.3 82.4 81.5 81.8 81.5 81.5 81.6 82 83 84.4 84.8 85 85.1 85.8 86.5 87.4 87.4 87.4 87.4 88.2 89.5 93.2 96 96.2 96.8 95.8 95.1 94.5 94.3 92.9 89.7 86.1 83.1 81 79 78.4 78.7 78.5 76.4 72.5 68.8 65.4 61.1 52.2 39.2 31 22.1 22.2 20.8 13.6 5.4 5.6 6 12 15.6 20.1 25.2 29.2 34.8 42.8 54.8 60.3 57.6
74.8 79.7 85.6 86.2 86.9 98.3 102 98 93.4 93.5 92.6 93 83.8 74.8 74.5 77.5 79.4 77.7 70.6 82.6 91.1 85.2 82.2 81.5 81.5 81.5 83.4 87.3 88.6 84.2 83.6 84.9 85.3 85.6 85.6 86.2 86.8 87.1 87.4 87.4 87.4 86.9 89.9 94.6 95 99.3 98.8 97.1 95.7 95.3 95.5 95.2 91.4 87.6 84.1 81.6 80.2 79.9 80.9 81.1 77.8 73.4 69.4 64 58.7 50.2 40.5 30.3 22.1 21.8 20.8 9.9 6.2 6.8 7.2 11.1 16.1 20.3 26.6 28.5 31.4 35.6 43.4 49.6 45.4
74.6 81 88.1 90.4 90.3 98.1 100.7 96.7 94.9 94.8 96.1 97.4 94.1 75.8 75.1 75.2 79 76.7 71.6 81.7 92.7 83.8 81.5 81.5 81.5 83.2 87.4 91.6 91.9 89.5 85.2 85.7 86.1 86.3 86.9 87.5 87.9 87.4 86.8 87.4 87.4 88 89.9 93.9 100.7 100 99.4 97.9 96.1 95.4 95.8 98.5 91.9 87.4 84.5 83 81.8 81.9 82.2 81.7 79.6 75.7 70.8 64.8 57.6 51.4 42.4 31.7 21.9 22.2 21.5 4.7 6.2 7.4 9.1 10.1 12.8 17.8 24.2 27.5 29.8 32.7 35.5 37.2 41.7
71 78.5 94.9 94.5 93 96.7 102.3 98.7 96 95.7 96.2 101.7 104.9 88.3 75.7 75.8 75.9 75.5 72.6 77.3 92 83.7 80.6 81.5 85.8 87.3 93.2 95.8 96.1 95.4 87.3 87.6 87.4 88.1 88.8 89.3 89.4 88.5 88 87.4 87.1 90 91.3 93.2 101.1 100.5 99.9 98.8 95.6 95.1 96.1 97.3 93.2 87.3 85.9 84.5 84.4 83.8 83.6 82.2 79.9 77.1 71.6 64 57.2 49.3 39.6 32.2 22.2 22.2 16.9 6.3 6.6 11.2 10.4 10.6 15.1 23.1 26.4 25.4 29.1 31.5 34.1 34.8 43.2
68.8 77.1 91.5 92.2 93.1 99.1 103.6 100.8 97.5 96.5 96.8 102.4 109.1 94.1 77.5 76.1 75.8 75.3 73.7 74.6 90.3 81.6 81.3 82 90 96.3 98.1 94.5 93.6 93.7 93.1 92.6 92 92.1 91.6 91.2 91.1 90.5 90.4 90.9 88.7 90.7 90.8 93.8 100.8 100.1 100.2 98.6 95.3 93.9 94 93.3 92.7 87.7 87.1 86.2 85.7 85.1 84.3 82.3 79.6 77.5 72.8 64.4 56.8 46.4 39.2 32.4 21.8 13.3 11.6 5.2 6.8 11.7 11.9 11.5 15.4 23.2 27.3 28.5 28.7 30.4 32.5 34.5 38.1
71.2 75.3 84.7 89.8 92.7 98.1 101.2 101.4 98.6 100.3 97.3 101.4 103.2 94.7 83.9 77.6 77.2 75.6 74.6 75 82.6 81 80.7 88.1 91.1 95.3 101.7 106.3 103.6 96.4 92.9 91 90.6 91.1 93.6 94.2 94.3 93.1 90.9 89.2 89.3 89.9 91.1 93.3 97.7 98.9 99.2 98.2 94.3 92.9 92.5 92 90 89 88.3 87.5 86.9 85.9 84.6 81.8 79.4 77.4 72.6 66.1 55.8 51.1 42 31.8 22.7 21.3 7.7 6.4 9.7 14.7 15.7 13.3 18.2 21.7 26.8 29 30.1 30.9 32.1 33.7 36.6
73.5 76.6 83 89.9 92.6 99.9 103.8 99.3 100.8 104.4 98.6 99 98.7 93 80 80.1 82.2 77.9 76.3 77.4 79.2 82.9 86.6 94.2 101.9 105 104.5 113.8 108.2 99 94 91.9 91.8 92.1 96.5 97 97.3 96.4 93.4 90.4 90 90.4 90.7 93 95.7 97.8 97.2 95.4 93.7 92.9 92.5 91.9 91.6 90.4 89.4 88.8 88.2 87.2 85.1 81.7 79.3 77.2 73.3 65 59.8 53.6 43.5 30.7 23 19.4 8.8 6.9 5.9 14 22.5 17.7 19.3 24.8 27 28.3 29.5 30.3 31.6 33.2 38.7
75.3 78.2 82.7 87 92.6 100.7 102.4 99.7 102.6 104.7 99.8 99.9 97.4 86.8 79.7 84.3 88.8 82.4 79.8 81.4 81.8 84.8 89.6 97.1 110 111.1 108.7 114.8 108.7 103.6 95.2 92.9 92.8 93.1 98.1 99.3 99.6 98.9 96.5 92.4 90.7 90.8 91 92.6 94.7 96.6 96.6 94.9 93.6 92.9 92.2 92.1 91.4 91.1 91.1 90.2 89.4 88.3 85.7 81.9 78.9 76.9 72.9 69.1 62 53.8 42.6 28.1 23.3 21.6 10.9 7.2 7.4 7.5 10.5 22.2 22.7 18.5 26.4 29.3 30 31.6 32.4 32.9 36.7
77.5 80.3 83.8 87.3 92.3 99.2 103.2 101 102 104.5 100.7 99.7 97.9 84.8 85 91.1 86 84.2 78.6 84 85.8 88.8 93.9 100.8 111.1 112.3 110.1 113.4 106.8 103.4 97.6 93.5 93.4 93.3 97.9 100.8 101 101.5 98.9 94.8 91.5 91.6 91.5 91.8 93.9 95.9 95.5 94 92.8 92.1 91.4 90.8 90.8 90.8 91.2 91.5 90.5 89.4 86 82.2 79.1 76.4 74.6 74 63.7 54.5 41.8 28.4 23 22.6 15.1 6 7.3 7.6 7.5 15 25.9 27.2 25.9 29 27.4 32.2 35.1 34.2 35.6
79.5 82.1 85.1 88.7 92 99.5 99.7 100.6 103.7 104.3 101.7 99.5 96 92.7 88.2 97.8 96 85.9 79.4 87.8 94.1 93.7 97.8 107.1 110 114.4 110.2 108.2 106 103.6 99.4 93.8 93.6 93.4 97.9 101.7 101.8 104.8 100.7 97 92.6 91.9 91.8 92 93.2 94.6 93.9 92 92.4 92.1 91.1 90.8 90.8 91 92.2 92 91.6 91 86.2 82.5 79.5 77.2 74.5 71.3 67.1 54.6 38.4 24.8 22.7 21.9 15.6 7.6 7.9 8.2 8.2 20.4 26.5 27.8 29 29.8 24.7 31.6 34.2 36.6 35.7
80.2 82.8 85.8 88.9 92.4 96.9 98.9 100 102.3 102.8 97.3 96.8 90.3 86.8 89.8 97.6 89.3 84.8 83.8 92.9 101.8 99.5 102.2 108.4 110.2 114 107.9 105.8 105.1 103.8 97.5 93.3 93.3 93.3 97.6 102.7 101.3 102 102.9 98.2 93.7 91.8 91.6 91.7 93.3 92.4 91.2 91.2 91.6 92 92 90.8 90.8 90.1 92.3 92.2 93 92.7 87.5 84.2 80.9 78.5 75.8 71.5 64.5 54.1 37.3 27.3 20.5 14.2 8 7.9 8.6 8 9.5 23 26.1 28.5 29.6 30.7 30.7 31.4 32.4 33.8 40.5
80.8 83 86.3 89.3 93.4 97.6 98.6 98.1 101.4 102.5 101.5 97.1 88.9 88.1 92.2 95 92.6 87.5 91.3 84.5 101.3 103.3 105.4 108.4 108.8 108.3 105.6 103.5 102.9 99.6 93.9 92.8 92.9 93 97.2 100.9 99.5 99.9 102.7 101.6 93.9 91.7 91.1 91.1 91.1 91.8 90.2 90.5 91.2 91.9 92.2 87.8 87.8 87.8 92.3 92.2 92.9 91.2 88.1 85.6 82.6 79.9 76.7 71 63.1 50.7 40.6 34 19.9 8.6 8.1 8.3 8.8 7.7 18.4 26.6 25.2 28.1 30 31.6 32.8 33.4 36.1 39 36.9
81.7 83.5 87.2 90.5 94.5 95.9 99.9 100.2 101.5 103.2 98.6 92.7 90.5 91.1 97.2 96.2 95.7 91.3 94.9 92.1 92.9 103.4 105.8 106.2 107.2 105.2 103.4 100.5 99.5 101.1 92.6 92.3 92.5 92.7 93.3 96.1 97.3 98 104.5 101.2 93.6 91.7 91 90.4 90 89.7 89.7 89.7 90.5 91.3 92.1 88.5 87.8 87.8 90.7 90.6 91.7 91.2 89.5 87 84.6 82.1 78 69.3 61.7 50.7 40.9 23.8 10.2 8.8 8.4 8.1 7.9 8.6 20.1 27.9 29.2 28.3 31.6 34 35 35.1 35.4 40.1 44.6
81.5 83.2 87.3 91.6 95.9 97.9 99.7 101.1 101.6 102.1 101.9 92.9 91.6 93.7 97.5 98.4 100.1 97.4 93.8 91.8 90.1 102.9 103.8 104.9 105.1 102.8 100.7 98.5 96.3 96.3 91.6 92 92.2 92.4 92.6 94.8 95.7 96 96.6 98.6 93.3 91.8 91 90.3 89.9 89.4 89.3 89.5 90.2 91.2 90.4 88.1 87.8 87.8 88.3 89.6 91 91.1 91.1 89 85.8 84.9 78.9 68.8 61.1 51.6 43 30.9 9.7 9.1 8.7 8.4 8.1 10.5 26.1 28.2 30.5 31.8 31.4 35.2 36.7 38.4 37.5 38.9 47.6
80.8 82.8 86.9 92.4 96.9 99.3 100.6 101.4 101.2 102.2 101.8 94.8 93.2 95.6 99.4 102 103.6 105.2 95.9 93.3 90.4 97.2 103.8 103.3 103.1 98.2 98.3 95.7 91.9 91.3 91.4 91.7 91.9 92.2 92.5 93.2 94.6 95.1 95.1 94.3 93.2 92.1 91 90.2 89.7 89.4 89.1 89.4 90.3 91 89.3 89.1 88.9 90.8 91.3 91.4 92.1 92 90.8 90.3 86 84.5 78.5 70.5 63.4 53 44 24.6 11.5 9.2 9 8.9 8.3 15.8 23.1 30.7 30.1 32.8 33.4 35.8 38.7 40.9 41.2 42 47.9
79.3 81.3 84.1 92.9 98.7 100.6 102 101.6 101.1 101.5 101.3 95.6 94.9 97.6 101.8 104.2 106.9 103.6 97.9 95.2 91 91.8 97.5 100 96.2 95.6 96.2 94.3 90.9 90.8 90.9 91.3 91.6 91.9 92.5 93.2 94.1 95 95 94.3 93.4 92.3 90.7 90.1 89.6 89.3 89.1 89.3 89.9 90.7 91 90.8 90.7 91.7 92 92.8 92.8 92.2 89.6 89.1 84.1 81.9 76.4 71.8 66.2 55.4 46.1 25.5 9.5 9.4 9.2 9.1 8 21.8 27.5 33 32.8 33.7 35.1 37.5 40.3 42.8 44.9 44.8 47.2
77.5 79.8 84.2 91.9 99.1 101.9 103.4 103.1 101.1 100 99.3 97 96 98.4 105.5 106.3 106.6 102.6 98.4 96.5 92.5 91.5 95.5 96.4 93.9 94.1 94.7 93.4 90.8 90.6 90.7 90.9 91.2 91.9 92.6 93.3 94.1 94.9 94.9 94.2 93.5 93.1 90.6 89.9 89.5 89.2 89 89 89.2 89.6 90 90.4 90.8 91.3 91.6 94.3 93.4 91.1 89.3 87 83.8 81.2 78.2 73 67.9 60.1 46.4 22.2 9.2 9.4 9.5 9.3 7.6 25.3 31.2 35 35.2 36.3 38 38.4 42 45.1 47.5 47.6 47.8
