app/static/ascii/NC90.asc
ncols 200
nrows 200
xllcorner 290000
yllcorner 900000
cellsize 50
[rows 38 to 75 of 200, columns 0 to 84 of 200]
263.8 260.4 257.5 252.4 245.2 237.2 228.1 218.7 209.6 201.4 194.6 190.4 186.6 183 181.3 179.9 178.9 177.3 174 171.8 167.8 162.8 158.1 152.6 146.9 140.4 135 129.2 120.1 95.8 77.4 74.8 91.3 95 89.7 84.6 80.9 77.4 73.4 69.5 65.5 60.9 57.2 54.7 52.7 48.9 44.2 38.9 36.2 33.5 31.9 33 32 30.9 27 24.2 22.7 17.5 15.9 8 7.3 6.8 1.4 0.4 -1.3 -1.3 -1.3 -1.3 -1.3 -1.3 -1.3 -1.3 -1.3 -1.3 -1.3 -1.3 -1.3 -1.3 -1.3 -1.3 -1.3 -1.3 -1.3 -1.3 -1.3
260.8 255.1 251.9 245.4 239.3 231.2 222.8 213.1 203.4 193.9 186.3 178.6 174 170.4 167.6 166.3 164.7 163 158.7 159.4 158.3 155.8 152.2 147.9 142.8 137.2 130.7 124.2 119.4 113.6 100.1 77.7 72.1 88.3 86.5 80.2 75.5 71.6 68.9 65.5 62.4 57.4 54.4 50 47.6 45.9 41.5 38.2 34.4 30.6 30.8 31.2 31 30.5 25.5 24.9 20.6 15.9 11 6.8 5.5 1.9 0.6 -0.5 -1.3 -1.3 -1.3 -1.3 -1.3 -1.3 -1.3 -1.3 -1.3 -1.3 -1.3 -1.3 -1.3 -1.3 -1.3 -1.3 -1.3 -1.3 -1.3 -1.3 -1.3
254.8 251.9 245.7 240.2 232.7 224 214.8 207.4 196.9 187.4 178.3 169.9 162.7 157.6 152.2 148.7 147 146.1 145.9 145.5 143.9 140.9 139.9 137.8 135.8 132 126.5 119.8 114.1 109.8 104.8 94.3 73.3 67.4 74.7 76.3 71.2 67.4 64.5 60.8 57.3 54.5 49.7 45.3 43.1 40.6 37.5 34.7 29.8 31.7 31.8 31 30 27.4 26.1 22.7 15.2 9.1 7.9 6.4 6.4 1.6 0.2 -1.3 -1.3 -1.3 -1.3 -1.3 -1.3 -1.3 -1.3 -1.3 -1.3 -1.3 -1.3 -1.3 -1.3 -1.3 -1.3 -1.3 -1.3 -1.3 -1.3 -1.3 -1.3
244.8 241.7 239.9 235 228.5 222.1 212.8 196.2 182.1 176.9 167 157 150.3 146.4 140.5 131.7 133.1 131.1 129.7 128.9 128.4 128.4 125.1 123.8 123.5 121.5 118.4 113.8 108.3 103.4 99.5 95.2 87.8 75.3 61.4 73.2 68.4 64.5 61.1 57.1 52.2 49 45.1 41.8 39.7 38.6 34.4 30.1 29.5 32.2 32.3 31.4 28.9 26.4 24.8 17 7 7.5 7 4.2 3.1 1 -0.2 -1.3 -1.3 -1.3 -1.3 -1.3 -1.3 -1.3 -1.3 -1.3 -1.3 -1.3 -1.3 -1.3 -1.3 -1.3 -1.3 -1.3 -1.3 -1.3 -1.3 -1.3 -1.3
234.4 232.1 230.9 230.2 225.5 214.6 204.3 192.5 177 172.5 160.6 151.1 146.7 139.9 132.4 126.9 122.6 121.8 119.4 118.3 116.9 115.3 112.2 108.6 107.4 105.3 103.5 103.4 99 95.2 92.1 87.8 84.3 76.2 61.7 62.6 66.1 63.2 59.5 55.7 50.9 47.8 43.3 40.1 38.1 33.1 28.5 26 27.4 28.3 29.2 28 26.4 24.2 19.9 7.6 6.1 6 3.9 2.5 1.2 0.2 -1.3 -1.3 -1.3 -1.3 -1.3 -1.3 -1.3 -1.3 -1.3 -1.3 -1.3 -1.3 -1.3 -1.3 -1.3 -1.3 -1.3 -1.3 -1.3 -1.3 -1.3 -1.3 -1.3
226.7 223.6 221.6 215.9 211.2 206.1 192.7 181.1 174.9 165.4 159.2 152 144.9 137.8 132.1 127.2 121.8 115.1 111 109.2 107.3 102.8 97.3 95.6 93.6 90 88.4 90.4 88 86.4 83.7 79.6 76.5 72.9 61.6 51.4 50.5 58.4 56 52.1 48.6 46 42 36.8 33.3 27.6 27 24.8 25.2 24.7 23.3 22.5 22.6 16.2 7.3 7.1 6.6 4.2 4 1.4 0 -1.3 -1.3 -1.3 -1.3 -1.3 -1.3 -1.3 -1.3 -1.3 -1.3 -1.3 -1.3 -1.3 -1.3 -1.3 -1.3 -1.3 -1.3 -1.3 -1.3 -1.3 -1.3 -1.3 -1.3
217.2 215 210.9 206.1 201.2 193.9 186 176.5 167.5 154.1 150.9 147.1 141.1 133.4 126.9 121.7 116.8 112.6 107.6 102.9 100.3 97 93.2 88.6 89.1 87.8 83 79.7 81.1 79 76.1 74.2 71 69.2 63.8 54.1 46.4 44.8 52.6 49.6 46.2 42.8 40.1 36.2 30.3 26.4 25.1 22.5 21.5 21.8 22.1 23.2 18.8 8.8 5.1 6.4 5.1 4 2.7 0.7 -1.3 -1.3 -1.3 -1.3 -1.3 -1.3 -1.3 -1.3 -1.3 -1.3 -1.3 -1.3 -1.3 -1.3 -1.3 -1.3 -1.3 -1.3 -1.3 -1.3 -1.3 -1.3 -1.3 -1.3 -1.3
207.8 208.9 203.2 197.3 191 184.6 176.9 166.9 151.1 140.6 136.7 135.6 135.2 128.9 121.6 118.1 112.3 108.1 103.5 99.7 96.3 92.8 88.6 87.6 86.2 84.4 81.3 77.5 72.2 71.9 68.4 69 67.1 64.6 61 56.3 49.8 38.2 49.1 46.4 44.8 40.6 36.5 30.7 26.4 25.4 23.1 21.1 19.7 20.2 22 19.2 14.3 6.6 6.4 5 4.8 4.8 1.1 -0.2 -1.3 -1.3 -1.3 -1.3 -1.3 -1.3 -1.3 -1.3 -1.3 -1.3 -1.3 -1.3 -1.3 -1.3 -1.3 -1.3 -1.3 -1.3 -1.3 -1.3 -1.3 -1.3 -1.3 -1.3 -1.3
198.1 197.3 196.9 192 183.6 174.2 165.7 158.1 150.7 139.9 136.1 127 122 121.7 113 108.8 106.1 102.7 100.1 96.4 92.5 89.2 86.6 84 81.7 79.9 78.1 75.4 71.9 68.3 66.4 62.1 62.9 59.9 55.8 51.7 49.3 42.7 34.4 41.7 40.5 36.7 32.1 28.9 27.1 25.4 22 22 21.1 20.5 17 16.8 6.9 6.1 5 4.8 5 1.9 0.3 -1.3 -1.3 -1.3 -1.3 -1.3 -1.3 -1.3 -1.3 -1.3 -1.3 -1.3 -1.3 -1.3 -1.3 -1.3 -1.3 -1.3 -1.3 -1.3 -1.3 -1.3 -1.3 -1.3 -1.3 -1.3 -1.3
187.4 184.7 184.9 181.3 176.7 168.9 161 151.2 146.8 142.8 136.3 129.6 123.1 115.2 111.8 105.3 102.5 99.9 96.7 92.7 90 85.7 83.1 80.2 77.8 76 74.6 71.9 69.6 67.7 65.7 62.9 58.6 55.8 52.8 49.9 47.7 44.7 31.7 29 36.2 34.3 34.2 30.4 26.2 23.2 20.2 18.5 17.8 12.3 7.9 6.2 5.9 5.4 4.1 1.6 1.3 0.6 -1.3 -1.3 -1.3 -1.3 -1.3 -1.3 -1.3 -1.3 -1.3 -1.3 -1.3 -1.3 -1.3 -1.3 -1.3 -1.3 -1.3 -1.3 -1.3 -1.3 -1.3 -1.3 -1.3 -1.3 -1.3 -1.3 -1.3
176.5 176 175 170.2 166.4 160.9 155.9 152.1 145.6 139.2 132.3 125.5 119.9 114.6 110 105.4 100.1 97.4 94.5 90.4 87.1 82.5 79.4 77 74.6 72.4 70.5 69.1 67 65.3 62.3 59.6 57 54.3 52.1 49.3 46.5 43.4 41.2 24.4 25 26.9 31.4 27.7 20.9 17.2 16.4 15.9 11.3 7 6.1 7.3 1.9 1.1 0.2 -0.1 -1.3 -1.3 -1.3 -1.3 -1.3 -1.3 -1.3 -1.3 -1.3 -1.3 -1.3 -1.3 -1.3 -1.3 -1.3 -1.3 -1.3 -1.3 -1.3 -1.3 -1.3 -1.3 -1.3 -1.3 -1.3 -1.3 -1.3 -1.3 -1.3
166.6 168.6 166.7 162.5 159.4 152.4 142.2 143 140.1 134.5 127.7 122.3 117 112.4 107.6 103.7 99.2 95.5 92.9 88 83.6 79.8 76.7 73.9 71.6 69.5 67.6 65.7 63.8 62.4 58.5 56 53.7 51.7 50.3 47.5 43.4 39.7 36.3 23.1 20.1 20.1 23.5 20.5 17.2 15.7 14.5 12 6.6 6.6 5.7 1.9 0.8 -0.1 -1.3 -1.3 -1.3 -1.3 -1.3 -1.3 -1.3 -1.3 -1.3 -1.3 -1.3 -1.3 -1.3 -1.3 -1.3 -1.3 -1.3 -1.3 -1.3 -1.3 -1.3 -1.3 -1.3 -1.3 -1.3 -1.3 -1.3 -1.3 -1.3 -1.3 -1.3
159.8 160.7 158.5 157 151.8 139 134.2 131.3 127.7 125.4 121.9 118.5 114 109.3 104.5 101.1 96.7 93.5 90.5 87.2 81.7 77.7 74.3 71.4 68.8 66.5 63.7 61.6 59.6 57.9 56 53.7 51.4 48.3 45.3 42.7 37.4 35.7 36.4 29.5 16.5 15.4 15.3 14.8 15.6 13.9 8 7.4 7.7 6.9 5.3 1.2 0.2 -1.3 -1.3 -1.3 -1.3 -1.3 -1.3 -1.3 -1.3 -1.3 -1.3 -1.3 -1.3 -1.3 -1.3 -1.3 -1.3 -1.3 -1.3 -1.3 -1.3 -1.3 -1.3 -1.3 -1.3 -1.3 -1.3 -1.3 -1.3 -1.3 -1.3 -1.3 -1.3
148.7 150.4 150.3 148.9 146.8 143.7 139.8 134.7 128.8 124.2 117.6 114.5 109.1 104.2 101 96.4 91.9 89.9 88.8 82.4 78.7 75.6 72.5 69.2 66.8 63.8 60.1 57.3 56.7 53.8 51.2 49.4 47.2 44.2 41.8 38.1 33.1 33.2 29.4 23 20.9 12 11.9 10.3 8.7 5.8 5.7 4.2 1.8 1.3 0.7 0.1 -0.7 -1.3 -1.3 -1.3 -1.3 -1.3 -1.3 -1.3 -1.3 -1.3 -1.3 -1.3 -1.3 -1.3 -1.3 -1.3 -1.3 -1.3 -1.3 -1.3 -1.3 -1.3 -1.3 -1.3 -1.3 -1.3 -1.3 -1.3 -1.3 -1.3 -1.3 -1.3 -1.3
137.7 140.5 139.9 139.1 138.4 134.2 127.6 125.1 127 123.3 119.3 114.9 109.9 105.1 99.4 94.7 90.5 85.9 82 78.4 75.2 72.3 69.5 66.7 64.9 62.2 57.8 54.2 51.9 51.9 49.8 48.3 44.9 40 36.3 32.7 27.8 23.8 19.6 19 15 8.2 9 7.3 1.7 1.1 0.7 0.5 0 -1.3 -1.3 -1.3 -1.3 -1.3 -1.3 -1.3 -1.3 -1.3 -1.3 -1.3 -1.3 -1.3 -1.3 -1.3 -1.3 -1.3 -1.3 -1.3 -1.3 -1.3 -1.3 -1.3 -1.3 -1.3 -1.3 -1.3 -1.3 -1.3 -1.3 -1.3 -1.3 -1.3 -1.3 -1.3 -1.3
124.7 126.9 125.6 123.6 124 120.6 115.9 112.1 112.9 109.2 109.5 109.5 105.5 103.4 95.7 91.3 89.2 84.9 81.2 77.2 73.2 69.6 66.7 64.9 62 58.7 55.5 52.2 48.8 48.2 46.8 44.5 38.9 35.7 33.1 28.3 21.1 17.1 16.3 16.9 12 5.4 6.5 1.5 0.5 -1.3 -1.3 -1.3 -1.3 -1.3 -1.3 -1.3 -1.3 -1.3 -1.3 -1.3 -1.3 -1.3 -1.3 -1.3 -1.3 -1.3 -1.3 -1.3 -1.3 -1.3 -1.3 -1.3 -1.3 -1.3 -1.3 -1.3 -1.3 -1.3 -1.3 -1.3 -1.3 -1.3 -1.3 -1.3 -1.3 -1.3 -1.3 -1.3 -1.3
107.7 105.4 105.4 105.2 108 107.9 102.1 102.8 99.9 95.5 95.2 93.7 87.4 85.8 80.6 75.5 74.3 73.1 73.3 77.5 73.7 69.9 65.7 62.9 60.1 55.8 52.8 49.5 46 45 44.5 42.1 36.8 32.6 28.8 20.8 16.2 15.1 15.1 12.4 7.5 5.6 -1.3 0.2 -0.6 -1.3 -1.3 -1.3 -1.3 -1.3 -1.3 -1.3 -1.3 -1.3 -1.3 -1.3 -1.3 -1.3 -1.3 -1.3 -1.3 -1.3 -1.3 -1.3 -1.3 -1.3 -1.3 -1.3 -1.3 -1.3 -1.3 -1.3 -1.3 -1.3 -1.3 -1.3 -1.3 -1.3 -1.3 -1.3 -1.3 -1.3 -1.3 -1.3 -1.3
120.2 114.7 105.8 99.3 96.7 96.9 92.9 91.2 88.8 89.5 83.5 79.1 79.1 71.1 71.9 66.9 61.6 63.8 55.3 62.2 59.5 68.3 68.7 63.5 57.7 54.6 51.2 50.4 46.1 37.4 36.8 35.2 30.8 28.9 19.6 16.5 14.8 13.8 12.4 7.4 2.5 0.8 -1.3 -1.3 -1.3 -1.3 -1.3 -1.3 -1.3 -1.3 -1.3 -1.3 -1.3 -1.3 -1.3 -1.3 -1.3 -1.3 -1.3 -1.3 -1.3 -1.3 -1.3 -1.3 -1.3 -1.3 -1.3 -1.3 -1.3 -1.3 -1.3 -1.3 -1.3 -1.3 -1.3 -1.3 -1.3 -1.3 -1.3 -1.3 -1.3 -1.3 -1.3 -1.3 -1.3
121.4 119.4 115 110.6 106.1 104.3 101.8 103.3 101.3 99.6 96.9 93.9 93.9 89.4 82.9 87.3 84.9 79.5 65 60.2 53.9 48.4 54.9 56.4 56.8 54.5 51.7 48.6 44.9 40.5 36.6 26.7 24.4 19 16.9 14.8 14.3 11.7 7.5 2.2 0.9 -0.1 -1.3 -1.3 -1.3 -1.3 -1.3 -1.3 -1.3 -1.3 -1.3 -1.3 -1.3 -1.3 -1.3 -1.3 -1.3 -1.3 -1.3 -1.3 -1.3 -1.3 -1.3 -1.3 -1.3 -1.3 -1.3 -1.3 -1.3 -1.3 -1.3 -1.3 -1.3 -1.3 -1.3 -1.3 -1.3 -1.3 -1.3 -1.3 -1.3 -1.3 -1.3 -1.3 -1.3
119.3 117.8 113.9 110.3 107.1 104.9 102.5 100.5 98.6 96.1 93.8 91.9 89.3 87.1 84.3 82.8 80.8 78.5 74.9 72.7 67.3 51.3 42.5 43.3 56.1 54.9 51 47.2 44.3 41.3 38.2 32.1 19.6 16.3 13.6 14.5 12.3 7.5 3.2 0.6 -0.5 -1.3 -1.3 -1.3 -1.3 -1.3 -1.3 -1.3 -1.3 -1.3 -1.3 -1.3 -1.3 -1.3 -1.3 -1.3 -1.3 -1.3 -1.3 -1.3 -1.3 -1.3 -1.3 -1.3 -1.3 -1.3 -1.3 -1.3 -1.3 -1.3 -1.3 -1.3 -1.3 -1.3 -1.3 -1.3 -1.3 -1.3 -1.3 -1.3 -1.3 -1.3 -1.3 -1.3 -1.3
117.2 112.2 110.9 107.8 105.2 102.1 99.7 97.1 94.1 91.7 89.4 87.6 85.3 82.4 79.3 77.1 74.8 72.6 70 67.4 64.6 61.8 54.3 37.1 35.5 42.8 48.5 49.5 43.6 40.2 32.1 20.2 16.5 14.9 14.1 8.8 6.9 6.5 1.1 -0.3 -1.3 -1.3 -1.3 -1.3 -1.3 -1.3 -1.3 -1.3 -1.3 -1.3 -1.3 -1.3 -1.3 -1.3 -1.3 -1.3 -1.3 -1.3 -1.3 -1.3 -1.3 -1.3 -1.3 -1.3 -1.3 -1.3 -1.3 -1.3 -1.3 -1.3 -1.3 -1.3 -1.3 -1.3 -1.3 -1.3 -1.3 -1.3 -1.3 -1.3 -1.3 -1.3 -1.3 -1.3 -1.3
111.2 101.8 102.2 102.3 101.7 98.9 95.8 93.2 91 87.5 84.7 82.8 81.1 78.4 75.7 73.2 70.6 68 65.3 62.6 59.8 56.9 53.6 46.8 38.2 28.8 36.2 38.5 37.7 28.6 19.3 16.4 15.5 14.1 9.9 6.8 6.4 1.7 0.2 -1.3 -1.3 -1.3 -1.3 -1.3 -1.3 -1.3 -1.3 -1.3 -1.3 -1.3 -1.3 -1.3 -1.3 -1.3 -1.3 -1.3 -1.3 -1.3 -1.3 -1.3 -1.3 -1.3 -1.3 -1.3 -1.3 -1.3 -1.3 -1.3 -1.3 -1.3 -1.3 -1.3 -1.3 -1.3 -1.3 -1.3 -1.3 -1.3 -1.3 -1.3 -1.3 -1.3 -1.3 -1.3 -1.3
118.6 112.4 100.9 90.9 93.5 94.6 91.9 89.9 86.6 83.3 80.4 78.6 76.4 73.7 71 68.5 65.9 63 60.2 57.6 54.9 51.2 48.1 45.3 41.6 38.8 24.2 26.5 22.9 18.6 16.8 15.4 13.6 9.9 7.3 6.6 5.1 1 -1.3 -1.3 -1.3 -1.3 -1.3 -1.3 -1.3 -1.3 -1.3 -1.3 -1.3 -1.3 -1.3 -1.3 -1.3 -1.3 -1.3 -1.3 -1.3 -1.3 -1.3 -1.3 -1.3 -1.3 -1.3 -1.3 -1.3 -1.3 -1.3 -1.3 -1.3 -1.3 -1.3 -1.3 -1.3 -1.3 -1.3 -1.3 -1.3 -1.3 -1.3 -1.3 -1.3 -1.3 -1.3 -1.3 -1.3
118.9 112.2 105.9 96.9 82.9 81 88.1 85.6 82.4 79.5 76.2 71.6 70.4 68.3 66.1 62.9 60.1 57.2 54.3 51.5 48.2 38.5 32 32.4 34.9 35.8 21.9 20.9 20.3 18.2 16.8 15.4 12.6 7.5 7 6.6 2.3 0.2 -1.3 -1.3 -1.3 -1.3 -1.3 -1.3 -1.3 -1.3 -1.3 -1.3 -1.3 -1.3 -1.3 -1.3 -1.3 -1.3 -1.3 -1.3 -1.3 -1.3 -1.3 -1.3 -1.3 -1.3 -1.3 -1.3 -1.3 -1.3 -1.3 -1.3 -1.3 -1.3 -1.3 -1.3 -1.3 -1.3 -1.3 -1.3 -1.3 -1.3 -1.3 -1.3 -1.3 -1.3 -1.3 -1.3 -1.3
117.9 112 106.7 102 94.6 80.8 72.6 72 77.1 76.5 72.1 68.1 65.2 62 59.7 56 52.8 50.6 47.7 44.5 37.7 26.2 21.7 19.1 19.6 20.7 18.2 18.9 18.2 17.6 16.1 14.7 8.3 7.7 7.1 5.8 1.3 -1.3 -1.3 -1.3 -1.3 -1.3 -1.3 -1.3 -1.3 -1.3 -1.3 -1.3 -1.3 -1.3 -1.3 -1.3 -1.3 -1.3 -1.3 -1.3 -1.3 -1.3 -1.3 -1.3 -1.3 -1.3 -1.3 -1.3 -1.3 -1.3 -1.3 -1.3 -1.3 -1.3 -1.3 -1.3 -1.3 -1.3 -1.3 -1.3 -1.3 -1.3 -1.3 -1.3 -1.3 -1.3 -1.3 -1.3 -1.3
113.7 108.7 103.8 99.7 94.9 89.8 80.7 71.4 64.4 69 67.4 62.8 58 55.5 53.3 49.2 45.6 43 40.9 36.4 24.2 19.1 17.2 16.2 16.1 16.3 17.2 15.3 15.5 16.4 15.1 11.7 7.9 8 6.7 4.9 0.5 -1.3 -1.3 -1.3 -1.3 -1.3 -1.3 -1.3 -1.3 -1.3 -1.3 -1.3 -1.3 -1.3 -1.3 -1.3 -1.3 -1.3 -1.3 -1.3 -1.3 -1.3 -1.3 -1.3 -1.3 -1.3 -1.3 -1.3 -1.3 -1.3 -1.3 -1.3 -1.3 -1.3 -1.3 -1.3 -1.3 -1.3 -1.3 -1.3 -1.3 -1.3 -1.3 -1.3 -1.3 -1.3 -1.3 -1.3 -1.3
109.1 104 100.1 96.1 92.9 89.4 85.6 78.8 70 61.7 57.5 53.8 51.8 50.6 43.7 40.9 36.2 31.8 25.9 23.2 19.7 16.9 15.6 15 15.3 15 14.8 14.5 12.5 14.3 14.4 9.1 8.5 8 6.7 1.9 0.1 -1.3 -1.3 -1.3 -1.3 -1.3 -1.3 -1.3 -1.3 -1.3 -1.3 -1.3 -1.3 -1.3 -1.3 -1.3 -1.3 -1.3 -1.3 -1.3 -1.3 -1.3 -1.3 -1.3 -1.3 -1.3 -1.3 -1.3 -1.3 -1.3 -1.3 -1.3 -1.3 -1.3 -1.3 -1.3 -1.3 -1.3 -1.3 -1.3 -1.3 -1.3 -1.3 -1.3 -1.3 -1.3 -1.3 -1.3 -1.3
103.4 99.9 95.8 92 88.8 85 81.4 77.6 73.1 67.9 65 58.1 46.1 46.2 44.3 32.2 31.6 25.9 20.3 17.3 16.3 15.7 15.3 14.8 14.7 14.6 14.3 13.4 12.2 11.4 10 8.7 7.3 6.3 4.6 1.4 -0.3 -1.3 -1.3 -1.3 -1.3 -1.3 -1.3 -1.3 -1.3 -1.3 -1.3 -1.3 -1.3 -1.3 -1.3 -1.3 -1.3 -1.3 -1.3 -1.3 -1.3 -1.3 -1.3 -1.3 -1.3 -1.3 -1.3 -1.3 -1.3 -1.3 -1.3 -1.3 -1.3 -1.3 -1.3 -1.3 -1.3 -1.3 -1.3 -1.3 -1.3 -1.3 -1.3 -1.3 -1.3 -1.3 -1.3 -1.3 -1.3
97.9 94.5 91.3 88 84.8 80.7 76.8 72.8 69.1 65.7 61.4 54.5 48.5 43 41.8 32.3 23 19.4 17.2 15.6 15.4 15.4 15 14.6 14.5 14.1 13.4 12.3 10.9 10.5 9.1 8 7.1 4.6 -1.3 1 -1.3 -1.3 -1.3 -1.3 -1.3 -1.3 -1.3 -1.3 -1.3 -1.3 -1.3 -1.3 -1.3 -1.3 -1.3 -1.3 -1.3 -1.3 -1.3 -1.3 -1.3 -1.3 -1.3 -1.3 -1.3 -1.3 -1.3 -1.3 -1.3 -1.3 -1.3 -1.3 -1.3 -1.3 -1.3 -1.3 -1.3 -1.3 -1.3 -1.3 -1.3 -1.3 -1.3 -1.3 -1.3 -1.3 -1.3 -1.3 -1.3
92.4 88.6 86.4 83.9 80.9 76.9 72.5 68.3 63.6 60 54.5 49.6 45.1 41.8 28.9 24.1 20 17.9 16.2 15.1 14.9 14.8 14.6 14.3 14.2 13.9 13.7 12.1 10.1 9.3 8.6 8.3 6.1 5.3 -1.3 0.6 -1.3 -1.3 -1.3 -1.3 -1.3 -1.3 -1.3 -1.3 -1.3 -1.3 -1.3 -1.3 -1.3 -1.3 -1.3 -1.3 -1.3 -1.3 -1.3 -1.3 -1.3 -1.3 -1.3 -1.3 -1.3 -1.3 -1.3 -1.3 -1.3 -1.3 -1.3 -1.3 -1.3 -1.3 -1.3 -1.3 -1.3 -1.3 -1.3 -1.3 -1.3 -1.3 -1.3 -1.3 -1.3 -1.3 -1.3 -1.3 -1.3
85.4 82.9 81 79.1 75 71.7 68.2 64.2 58.1 53.5 48.7 42.6 38.4 33.3 25.4 21.7 19.4 17.1 15.6 14.7 14.6 14.4 14.2 14 13.8 13.6 13.1 12.3 10.5 8.9 8.6 6.6 5.8 5.6 1.6 0.3 -1.3 -1.3 -1.3 -1.3 -1.3 -1.3 -1.3 -1.3 -1.3 -1.3 -1.3 -1.3 -1.3 -1.3 -1.3 -1.3 -1.3 -1.3 -1.3 -1.3 -1.3 -1.3 -1.3 -1.3 -1.3 -1.3 -1.3 -1.3 -1.3 -1.3 -1.3 -1.3 -1.3 -1.3 -1.3 -1.3 -1.3 -1.3 -1.3 -1.3 -1.3 -1.3 -1.3 -1.3 -1.3 -1.3 -1.3 -1.3 -1.3
80.7 78.4 76.4 74 70.8 67.9 63.7 58.3 51.9 47.6 43.5 39.8 33.2 22.8 21.3 20 18 16.2 15 14.4 14.2 14 13.8 13.6 13.4 13.1 12.4 11.7 10 8.3 7.2 7.3 5.5 5.2 1.2 0.1 -1.3 -1.3 -1.3 -1.3 -1.3 -1.3 -1.3 -1.3 -1.3 -1.3 -1.3 -1.3 -1.3 -1.3 -1.3 -1.3 -1.3 -1.3 -1.3 -1.3 -1.3 -1.3 -1.3 -1.3 -1.3 -1.3 -1.3 -1.3 -1.3 -1.3 -1.3 -1.3 -1.3 -1.3 -1.3 -1.3 -1.3 -1.3 -1.3 -1.3 -1.3 -1.3 -1.3 -1.3 -1.3 -1.3 -1.3 -1.3 -1.3
76.3 74 71.9 69.5 67.2 64.7 61 55.9 48.8 40.2 35.4 33 22.5 19.6 19.3 18.3 16.3 15.5 14.4 14.2 14 13.7 13.5 13.3 13.1 12.5 11.9 11.1 10.1 8.2 6.5 6.6 6.1 2.9 0.9 -0.3 -1.3 -1.3 -1.3 -1.3 -1.3 -1.3 -1.3 -1.3 -1.3 -1.3 -1.3 -1.3 -1.3 -1.3 -1.3 -1.3 -1.3 -1.3 -1.3 -1.3 -1.3 -1.3 -1.3 -1.3 -1.3 -1.3 -1.3 -1.3 -1.3 -1.3 -1.3 -1.3 -1.3 -1.3 -1.3 -1.3 -1.3 -1.3 -1.3 -1.3 -1.3 -1.3 -1.3 -1.3 -1.3 -1.3 -1.3 -1.3 -1.3
71.2 68.8 67.8 65.2 63.2 59.5 56.9 51.6 38.6 34.7 30.9 23.6 18.7 18.8 18.2 16.8 14.9 14.5 14.2 14 13.7 13.5 13.2 12.4 12.5 12 11.4 9.9 8.7 7.8 6.6 7.2 7.3 1.7 0.6 -0.5 -1.3 -1.3 -1.3 -1.3 -1.3 -1.3 -1.3 -1.3 -1.3 -1.3 -1.3 -1.3 -1.3 -1.3 -1.3 -1.3 -1.3 -1.3 -1.3 -1.3 -1.3 -1.3 -1.3 -1.3 -1.3 -1.3 -1.3 -1.3 -1.3 -1.3 -1.3 -1.3 -1.3 -1.3 -1.3 -1.3 -1.3 -1.3 -1.3 -1.3 -1.3 -1.3 -1.3 -1.3 -1.3 -1.3 -1.3 -1.3 -1.3
62.9 60.4 59.7 57.2 56.2 52.1 48.8 45.1 38.2 31 25.1 19.3 18.1 18 17.8 15.6 14.4 14 13.8 13.7 13.5 13.2 13 11.9 11.7 11.5 10.2 9.7 8.5 6.9 6.1 5.8 5.6 1.4 0.3 -1.3 -1.3 -1.3 -1.3 -1.3 -1.3 -1.3 -1.3 -1.3 -1.3 -1.3 -1.3 -1.3 -1.3 -1.3 -1.3 -1.3 -1.3 -1.3 -1.3 -1.3 -1.3 -1.3 -1.3 -1.3 -1.3 -1.3 -1.3 -1.3 -1.3 -1.3 -1.3 -1.3 -1.3 -1.3 -1.3 -1.3 -1.3 -1.3 -1.3 -1.3 -1.3 -1.3 -1.3 -1.3 -1.3 -1.3 -1.3 -1.3 -1.3
53 51.6 50.3 48.6 47.2 42 38.7 37 31.4 26.3 20 18.5 18.2 18 16.8 14.3 13.9 13.5 13.3 13.2 13 12.9 12.7 12.2 11.3 10.5 9.6 11.4 9.4 6.7 6.3 6.8 3.2 1.1 0.1 -1.3 -1.3 -1.3 -1.3 -1.3 -1.3 -1.3 -1.3 -1.3 -1.3 -1.3 -1.3 -1.3 -1.3 -1.3 -1.3 -1.3 -1.3 -1.3 -1.3 -1.3 -1.3 -1.3 -1.3 -1.3 -1.3 -1.3 -1.3 -1.3 -1.3 -1.3 -1.3 -1.3 -1.3 -1.3 -1.3 -1.3 -1.3 -1.3 -1.3 -1.3 -1.3 -1.3 -1.3 -1.3 -1.3 -1.3 -1.3 -1.3 -1.3
48.1 45.6 43.9 41.9 39 36.2 37.8 36.2 38.8 21.3 19.3 18.3 17.6 17.3 14.8 14.2 13.6 12.9 12.8 12.8 12.6 12.5 12.3 11.4 10.7 9.7 10.8 12.5 8.8 6.8 6.4 5.2 1.8 0.8 -0.2 -1.3 -1.3 -1.3 -1.3 -1.3 -1.3 -1.3 -1.3 -1.3 -1.3 -1.3 -1.3 -1.3 -1.3 -1.3 -1.3 -1.3 -1.3 -1.3 -1.3 -1.3 -1.3 -1.3 -1.3 -1.3 -1.3 -1.3 -1.3 -1.3 -1.3 -1.3 -1.3 -1.3 -1.3 -1.3 -1.3 -1.3 -1.3 -1.3 -1.3 -1.3 -1.3 -1.3 -1.3 -1.3 -1.3 -1.3 -1.3 -1.3 -1.3
42.8 40.5 38.9 37.6 39.1 37.4 30.3 27.2 22.5 19.8 18.3 17.8 17.9 14.9 13.8 14.2 13.9 13.3 11.9 12.7 12.6 12.3 11.3 10.9 10.2 11.1 12.4 11.9 7 6.5 6.8 6 1.5 0.4 -0.5 -1.3 -1.3 -1.3 -1.3 -1.3 -1.3 -1.3 -1.3 -1.3 -1.3 -1.3 -1.3 -1.3 -1.3 -1.3 -1.3 -1.3 -1.3 -1.3 -1.3 -1.3 -1.3 -1.3 -1.3 -1.3 -1.3 -1.3 -1.3 -1.3 -1.3 -1.3 -1.3 -1.3 -1.3 -1.3 -1.3 -1.3 -1.3 -1.3 -1.3 -1.3 -1.3 -1.3 -1.3 -1.3 -1.3 -1.3 -1.3 -1.3 -1.3
