app/static/ascii/NC91.asc
ncols 200
nrows 200
xllcorner 290000
yllcorner 910000
cellsize 50
[rows 35 to 69 of 200, columns 78 to 155 of 200]
157 146.5 137.9 129.3 120 113.9 108.2 101.7 96.7 92.4 88 83.7 80.8 78.9 77 74.4 72 70.2 65.1 67.6 62.4 61.4 62.1 63.8 61.8 61.4 59.5 61.1 58.2 53.5 50.3 48.4 48.4 47 46 47.5 49.3 52.9 53.7 53.9 54.7 56 53 50.7 64.5 70.1 73.9 78.9 80.1 79.6 80.2 79 78.3 79.8 79.9 78.6 77.5 76.4 71.3 65 61.3 60.3 58.1 58.7 60.4 61.2 63.5 65.8 65.9 67.3 70.2 74.1 78.1 79.6 82 81.8 79.6 77.8
172.5 159.9 149.5 139.3 128.5 123.5 116.1 109.6 104.3 100.1 95.8 91.7 89.4 87.5 84.8 81.3 79.2 77.9 73.1 72.8 72.7 71.1 71.3 72.3 73.9 73 72.5 74.2 73.3 70.8 66.8 64.6 63.2 58.4 55.3 57 59.1 62.3 63.6 63.7 63.8 65.2 65.7 50.9 70.5 77.6 83.7 87.2 89.3 90.5 90.8 89.7 88.3 91.3 92.3 91.6 89.9 88.2 84.3 80 75.9 77 77.4 77.9 77 77.7 80.3 82.8 84.3 85.2 88.7 92.3 96.2 96.9 97 96.4 93.7 90.3
184.5 170.1 158.9 147.4 136.3 131.4 124.6 116.6 112.3 107.9 103.6 100.3 98.2 95.1 92.1 88.2 86.5 85.1 72.4 81.2 81.6 81.2 81.2 82.4 84.8 84.7 84.1 83.3 82.7 81.1 77.9 76.9 75 69 64.1 65.7 68.9 71.7 72.8 72.8 72.8 74.3 74.4 55.8 75.6 83.8 91.1 95.9 99 101 102.1 102.2 99.5 102.6 102.8 103.8 102.2 99.9 97.2 94.8 93.7 92.8 94 94.4 91.3 91 93.1 96 98.8 102.2 106.4 110.7 114.1 114.2 112.2 110 106.2 101.3
195.4 178.6 165.4 153.6 145.1 138.2 130.8 125.1 119.4 114.9 111 108.5 106.4 102.5 98.8 95.7 92.4 80.9 89.9 90.4 89.8 89.2 89.6 90.6 91.8 92.2 91.8 91.7 91 90 82.2 87.7 83.9 78.3 73 74.6 78.8 80.6 80.5 80.6 81.1 82.7 81.9 57.9 77.2 88.3 98 103.9 108 110.8 113.2 111.8 110.4 114.2 114.1 114.5 112.8 113.4 111.4 110.5 109.3 107.8 109 108 105.4 104.9 106.4 108.5 114 120.3 124.9 129.1 130.7 128.9 125.5 123 117.8 113.7
203.4 186.9 170.9 161 153 145.8 139.1 133.5 127.8 121.9 119.4 116.9 112.9 109.3 105.6 102 99.5 87.8 95 96.4 96.9 97.3 96.7 97.4 98.7 99.1 99.3 99.7 99.3 97.4 94.2 96.7 91.6 87 85.6 86.9 87 88.6 88.5 88.6 89.8 91 89.3 72 71.8 90.3 102.9 110.2 115.5 117.9 120 118.2 123.2 126 124.2 125.8 126.3 128 127.8 126.1 124.7 123.3 123.9 124 122.1 122.8 123.5 126.1 132.4 139 143.6 145.7 147 145.3 144.2 141.7 133.1 126
214.5 199.5 185.4 173 160.3 153.5 146.8 138.5 132.9 130.2 127.3 123.3 119.4 116 112.3 108.5 104.6 90.5 102.4 102.6 103.3 103.7 103.4 105.3 106.5 105.4 106 106.4 105.5 100.8 104.5 102.3 98.2 97 97.7 96.8 97.2 97.6 96.8 96.8 97.5 96.5 93.6 68.1 77.9 91.2 102.5 114.1 118.5 122.4 124.8 127.2 130.5 132.5 134.4 137.7 140.4 142.1 141.7 140.4 139.6 138.6 138.5 138.4 138.3 139.1 141.4 146.3 149.2 153.5 154.6 155.1 153.7 154.1 154.2 149.5 145 142.5
227.7 213.1 199.5 186.7 171.6 163.3 153.3 147.4 142.2 139.1 134.8 130.6 126.8 122.8 118.8 114.3 106.8 102 109 109.3 109.7 110.1 109.5 111.5 113 111.8 112.7 112 111.3 109.6 111.1 109 106.8 105.8 106 106 105.3 104.6 103.9 102.9 102.6 99.7 91.1 67.3 85.1 96.2 106.5 116.6 121.6 126.1 129.5 133.3 131.7 139.5 144 147.8 150.2 151.6 151.8 152.2 151.7 151.4 152 152.3 152.5 154.3 159.1 162 163 164.7 164.6 163.8 161.3 160.1 159.6 155.2 149.5 145.4
241.3 226.9 213.6 200 186.3 174.7 162.7 156.6 152.3 147.2 142.4 137.4 133.3 129.2 124.4 116.8 100.4 114.4 116.4 115.6 116.1 116.5 115.6 117.3 118.3 118.8 118.7 118.6 118 115.9 116 115.3 114 112.9 112.6 111.5 110.8 109.6 108.9 107.8 105.8 102.4 92 69.8 88.1 100.6 113.3 119.7 124.8 130 134.4 138.1 142.6 146.3 151 156.5 159.2 160.4 161.8 163.3 164.4 164.2 164.9 165.6 167.2 168.9 171.1 172.3 172.9 173.3 172.8 171.3 170.1 163.8 157.3 152.1 148.1 144.2
253 239.5 225.9 212.1 198.2 184.1 172 161.3 156.3 150.8 145.8 140.8 136.2 132.1 129.1 105.9 117.7 123 123.8 121.6 122.3 122.9 122 122.9 123.9 123.6 123.8 123.7 122.4 120.8 120.9 120.6 119.7 118.7 117.8 116.8 115.5 114.2 113.2 111.1 107.8 103.9 93.4 76.8 83.1 102.1 116 122.2 128.9 134.3 138 142 150 155.9 160.4 164.8 167.5 169.6 172.9 174.8 176 177.1 177.7 178.3 179.6 180.8 181.5 182.6 183.1 183.3 181.7 180 178.1 170.5 164.3 160.2 154.3 148.6
258.3 244.4 231.7 218.4 203.7 189.1 177.2 167.8 159.3 154.3 149.2 144.4 139.7 135.9 131 111.6 125.9 131.7 131.1 128.4 128.3 129.1 128.2 128.3 128.2 127.8 127.8 127 126.1 124.7 124.5 124.2 123.8 123.3 122.5 121.1 119.8 117.9 115.7 112.6 109.1 104.9 86 93.6 80.8 98.8 113.3 123.6 131.9 139.7 143 148.3 158.6 164 169.6 173.7 177.2 179.4 183.7 187.3 188.7 189.7 190.4 191.1 190.8 190.6 191.4 192 192.4 192.4 190.8 188.9 185.6 179.9 174 164.1 159.6 153.9
260.9 247.3 234.8 222.1 208.9 194.4 183.3 175 165.8 157.8 152.6 147.7 143.9 141.1 139.2 115.7 133.7 136.8 136.8 135.2 134.5 135.3 134.2 133.1 132.3 132 131.2 130.3 129.5 128.4 128 127.7 127.3 126.8 125 123.8 121.5 119.3 117.3 113.6 109.8 89.9 96.4 103.6 87.6 85.6 107.1 121.7 135.1 143.8 149.8 156.4 166.1 171.8 177.7 182.8 186.6 190.7 194.4 198.8 200.8 202.4 203.2 202.3 201.8 198 196.5 197.5 196.5 196 193.7 190.4 185.5 180 174.1 166.6 161.3 154.1
262.4 249.9 237 224.1 212.1 200.9 189.6 181.7 173 164.4 158.1 152.2 149.3 146.1 137.8 131.7 140.5 141.5 141.8 141.3 141 141.3 139.7 138.7 137.7 136.1 135 134 133 132 131.5 131.1 130.8 129.1 126.7 125.2 123.1 120.3 117 112 103 99.1 109 109 105.6 88.6 102.1 117.3 135.1 145.9 155.2 163.2 171.5 178.8 185.7 190.9 195.3 199.7 203.3 207.4 211.2 213.5 214.7 212.9 211.2 207.5 201.5 199.7 196.9 196.6 194.4 189.3 182.3 177 170.4 164.2 158.2 152.2
259.4 246 235.3 221.5 210.2 200.4 194.2 186.4 179.1 171.7 165.2 158.8 151.3 144.3 134.8 147.2 148.9 149.2 149.7 147.9 148.7 147.3 145.5 144.1 143.1 141.1 139.6 138.5 137.5 135.6 134.6 134.3 133.5 130.3 128.4 126.4 121.9 108.1 108.2 102.1 100.9 110.2 113.2 114 113.1 109.2 94.1 115.8 131.8 147.1 158 166.9 175.9 184 192.2 198.7 203.4 207.4 211 215.8 220.7 223.2 223.9 221.5 218.6 213.2 207.8 203.6 198.5 193.2 191.5 189 183.2 175.3 169.4 163.1 157.1 152.4
254.9 239.7 229.2 216.2 204.8 199 194.6 187.8 181.3 173.4 166.7 160.6 153 137 150.9 155.3 157.4 157.7 157.6 156.9 155.7 153.2 151.8 150.6 148.8 146.2 144.1 143.1 141.1 138.6 137.3 136.8 135.8 133 129.1 122.1 119.6 122.4 121.6 119.1 118.9 118.2 119 121 120.8 116.1 99.2 110.7 129.4 145.9 159.8 170.6 179.7 187.9 195.8 202.6 208.6 214 219.7 224.7 229.2 232.6 233.2 231 228.9 224.2 217.5 208.7 203.1 198 190.2 185.5 179.7 172.8 164.7 160.1 156.2 152.8
247.1 234.7 222.8 209.4 201.3 194.8 190.4 185.7 180.9 174.5 167.4 161.1 148.1 155.5 159.2 163 165.1 166.7 166 164.3 162.9 161 159.2 157.1 154.8 152.1 149.3 146.5 144 141.6 139.7 138.6 138 135.7 132.1 119.6 128.5 129 128.6 127.7 127.9 126.8 128 128.8 127.8 123.5 109.8 110.3 127.9 144.2 159.3 171.9 181.6 190.7 199.5 206.5 212.4 219.3 225.3 231.1 236.2 238.9 238.2 235.7 233.7 229 221.9 214.8 208.7 201.9 196.7 188.5 179.9 170.6 163.8 158.9 155.5 151.8
242.6 229.4 216.6 206.2 199.3 191.9 186.7 182.4 177.9 173.4 166.8 152.7 161.8 165.1 168.6 171.7 173.9 174.9 174.4 173.2 171.3 168.7 165.4 163 160.7 158 154.5 151.2 148.1 145.7 143.8 141.8 140.4 138.4 134.4 122.9 133.8 134.2 134.6 135.5 135.9 136 136.1 135.3 133.8 129.3 121.1 107.7 127.1 143 157.7 170.5 181.3 191.3 200.4 207.4 214.9 222.8 229.8 236.7 239.8 241.5 241.5 240.4 238.3 233.9 226.8 216.9 210.5 205.9 197.9 192.5 185.2 176.3 174 167.3 163.2 160.1
243.9 225.8 213.7 204 197.5 191.3 185.6 181.5 176.7 171.8 164.7 166.5 171.4 175.3 178.4 181.4 183 183.6 182.6 181.3 179.1 175.9 171.8 169 166.6 163.5 159.4 156.3 153.4 150.8 148.4 146.1 143.9 140.8 135.8 133 137.5 139.5 140.5 141.5 142.3 142.7 142.4 141.6 140 135.7 117.1 110.8 127.5 141.3 156.1 168.9 179.5 189.7 198.1 206.1 215.3 224.3 232.1 237.8 241.4 243.5 244.1 243.8 243.3 239.6 231.2 224.8 218.3 211.2 204.3 197.1 188 183.6 179.7 170.2 170.2 165.7
244.7 226.4 215.7 204.9 196.5 191.6 187 181.6 175.1 166.7 171.4 178.1 182.3 185.5 188.2 189.9 191 190.9 190.1 188.6 185.6 182 177.6 174.8 172.5 168.4 164.5 161.7 158.8 155.9 153.6 150.7 147.7 143.1 135.4 136.3 140.9 143.2 145.6 147.3 148 148.6 148.4 147.4 145.6 141.4 126.9 115.3 126.5 141.2 155.7 167.9 178.7 188.8 196.9 205.9 216.5 224.4 233.2 239.2 245.2 248 251.4 251.8 250.8 247.5 242.3 237 228 219.9 213.3 205.6 196.8 191.1 184.6 179.3 173.4 169.4
238.2 223.9 216 208.8 199.3 193 188 183.6 180.5 180.3 183.8 188.4 191.3 194.4 196.6 198 199.4 198.1 196.9 193.4 190.6 187 182.3 178.7 175.5 171.4 168 165.8 163.6 159.6 156.4 153.5 150.6 146.1 145.5 139.4 144.7 147.3 149.6 152 153.3 153.5 153.3 152.8 149.8 145 136.7 114.4 128.1 143.6 156.6 168 179.1 189.4 197.5 206.7 216.4 223.8 232.6 241.5 248.4 253 255.9 257.6 258 255.9 252.1 246.9 239.2 230.6 222.4 214.1 206.1 195.7 183.7 180.5 172.9 163.8
239.6 227.6 217.3 209.7 202.3 197.4 192.5 189.9 188.1 189.1 191.4 195.3 200.5 203.5 205.4 206.6 207.7 205.9 203 198.4 195.5 191.3 186.6 181.3 178.1 174.3 171.1 169 167.1 163.6 159.7 156.5 153.5 151.7 150.8 144.8 148.3 151.3 153.6 155.8 157.3 158 157.9 156.7 154.5 149.7 140.9 126.1 130.4 145.6 157.8 169.9 180.8 190.6 198.4 208.5 217.6 225.6 234.6 244.2 252.5 258.2 261.5 263.5 264.4 263.2 260.5 257.8 253 242.7 231.5 222 212.4 200.5 191.8 185.4 179 170
241.1 230.7 221.7 215 209 202.6 199.4 197.8 196.1 197.6 199.7 203.9 209.9 213.7 215.7 215.7 215.6 212.8 209.7 204.7 200.5 195.5 190.4 184.6 180.8 177.2 174.2 172.6 170.6 167.8 163.8 160.5 156 155.8 155 152.3 152.8 155.2 157.3 159.5 160.9 161.9 162.5 160.4 158.4 154.7 145.4 129.3 130.7 144.8 157.1 169.8 180.3 191.1 201 208.9 218.3 228.1 237.6 247.6 256.5 262.8 267.9 269.4 270.9 269.2 265.2 262.9 257.8 248.1 236.5 225.9 212.8 200.8 193.7 187.5 177.9 175.3
247.8 235.4 226.9 220.4 214.7 209.7 207.9 206.1 204.5 206.2 209.1 214.1 220.3 224.5 225.5 225 223.3 220.5 216.6 210.9 205.1 199.8 193.8 187.9 183.5 179.9 177.9 176.1 174 171.7 166.8 160.8 160.2 160.8 159.7 158.1 156.9 159.3 161.4 163.6 164.4 164.4 165 164.6 162.2 157.8 150.7 140.2 129.7 143.9 158.3 167.7 177.4 188.8 199 208.5 217.5 227.3 238.3 251.5 263 270.8 275.4 275.7 274.9 274.1 269 263.1 256.4 247.7 235 223.4 210.3 203.8 196.7 188 182.7 187.8
255.8 244.5 236.8 230.2 222.5 218 216.4 214.6 213 214.7 217.8 223.6 229.7 232.9 234.5 233.3 230 227.2 222.4 216.7 210.4 203.9 196.4 191.8 187.4 183.3 181.2 179.1 177.1 173.9 169.3 168 164.2 164.3 164.3 163.2 160.4 163.8 167.1 168.9 169.7 169.7 169.7 168.8 166 162.1 157.4 148.6 136.5 140.3 152.3 163.7 175.4 186.5 197.2 207.2 216.5 227.6 240.1 253.4 265.8 273 276.3 276.3 275 271.2 266.7 260 252.4 244.3 233.5 224 212.6 203.7 197.1 187.1 194.3 201
265.8 255.9 247.9 240.3 231.1 225.5 223.1 221.1 221.1 223.9 227.5 232.9 238.4 242.3 242.7 242.3 238.5 233.9 228.2 222.7 215.9 209.4 199.7 196.1 193.4 188.2 184.1 182.2 180.2 176.5 175.4 173.2 169.6 168.5 168.5 167.8 165.9 171 172.8 174.4 175 175 174 172.8 170.3 166.9 163.9 156.3 143.7 142 148.5 161.5 174.2 185.1 195.4 205.6 216.2 229.4 242.8 256.3 268 274.6 276 273.3 271.1 263.3 255.6 250.5 246.3 238.9 229.7 220.3 210.9 203.5 192.9 198.9 205.7 215.1
277.5 268.2 259.5 250.6 242.7 236.6 233.3 230.5 230.6 234 237.8 241.7 246.9 251.4 252.3 251.4 247.1 242.8 237.3 232.5 225.3 217.7 212.2 206.9 201.5 196.4 191.9 187.5 183.4 180.8 180.1 178.5 176.3 175.3 174.2 172.9 171.5 176.7 178.5 180.3 180.5 180.5 180.2 179.3 176.6 173.8 169.7 162.3 155.1 151.1 147.1 156.4 169.1 180.9 192.3 203.5 215.6 228.2 240.3 254.7 267.1 275.8 278.7 275.9 268.9 258.7 250.1 243.8 237.4 231.7 224.1 215.9 207.6 199.4 202.4 211.2 220.5 233.1
288.7 278.8 269.8 261.1 252.9 248.1 245.1 242 241.2 245 249.3 252.6 257.9 261.6 263.1 260.9 256.5 251.8 246.8 242.1 236.2 230.7 225.5 220.3 215.1 209.8 203.7 196.9 192 185.8 187.6 184.8 182.7 181.5 180.6 181.3 178.1 181.8 183.8 185.7 187.2 187 186.1 184.6 182.2 179.7 175.3 169.5 162.5 164.3 161.7 155 162.9 176.9 190.4 201.9 213.6 226.3 238.3 251.6 262.9 271.1 275.3 270.9 263.3 255.7 247.4 240.6 234.8 227.7 221.1 214.1 205.9 206.2 211.6 224.8 239.3 249.4
300.3 290.5 280.1 271.6 263.2 259.9 256.9 253.4 252.8 256 260.7 265 271 276.3 278.5 277.2 272.6 267.8 261.3 255.8 248.4 243.1 237.7 232.9 226.8 221.6 216.5 208.9 202 193.5 194.4 188.3 188.8 187.6 187.5 188.2 184 187.3 189.3 190.8 192.5 192 191.4 189.9 187.5 184.9 182.4 179.5 177.2 173.5 171.3 167 161.2 172.4 186.8 201.4 212.9 225.2 236.6 245.3 255.5 263.2 266.3 264 257.4 251.2 244.8 238.6 234 225.8 220 214 214.1 215 221.6 234.7 248.4 258.1
311.9 302.4 288.9 282 275.7 272.5 268 264.4 264.5 269.1 274.3 281.4 287.9 293.6 295.1 294.1 289.8 286.3 281.5 276 268.4 259.6 252.2 245.7 238.8 232.4 226.3 217.9 209.4 204.6 199.8 197.4 195.6 194.6 193.6 193.5 190.8 192.8 195.4 196.5 198.3 198.5 197 195.5 193.7 191.8 190.7 187.6 185.8 183.5 180.9 178.9 174 168 184.5 200.6 213.5 225.8 237 246.2 252.2 255.2 256 255.7 253 248.1 243 239.2 234.8 227.7 223.6 218.6 223.2 226.6 230.1 241.4 253.8 264
323.6 313.2 302 296.1 291.8 288.2 283 277.9 278.1 283.5 289.9 297.1 304.7 311.3 312.2 311.7 309.1 305.1 301.4 294.4 287 277.8 267.8 260.6 252 243 233.8 224.2 218.9 212.3 205.5 203.8 203.9 203.7 202.3 200.9 200.1 201 202.5 204 205.3 204.9 203.4 202 200.8 200.5 199.1 195.8 193.7 191.5 189.8 189.3 185.3 178.1 182.9 199.7 213.7 226 236.7 246.6 253.5 255.7 254.8 251.8 249.4 246.6 243.1 240.1 237.8 233.5 229.2 225.7 231.4 236.7 241.5 247.3 257 267.7
331.8 324.5 314.5 307.5 306.2 303.6 297 292.5 293.7 298.6 303.9 314 324.2 330.8 332.5 332.7 331 327.6 321 313.9 306.6 295.2 282.3 272.5 263.1 251.7 240.8 233.7 226.9 217.9 212.1 211.4 214.4 214.6 213.5 209.6 210.3 210.3 211.2 211.9 213.1 212.6 210.5 208.5 207.9 208.6 207.2 204 201.8 199.9 198.9 198.3 195.6 191.2 183.6 200.1 213.9 227.3 238.8 248.3 255.3 259.7 261.3 261.4 259.8 256.4 251.9 246.8 244.9 241 236.5 228.3 237.5 245.1 251.5 258.4 265.4 270.7
337.2 333 326.1 321.7 320.1 317.1 312.3 309.6 311.8 317.4 324.6 334.2 343.5 349.2 351.5 351.4 350.3 346.5 340.2 331.9 321.5 309.4 293.8 282.3 270.5 258.7 248.4 241.1 235.8 225.6 222.4 225.7 228.2 228.2 225.7 219 220.5 219.6 220.2 220.5 222.3 220.5 219.9 218.9 218.4 217.8 217 214.7 212.3 210.4 206.9 205.3 203.6 201 188.9 201.7 216.2 229.1 242.4 253.7 262 267 270.9 273.4 271.8 268.8 264.3 259.8 256.4 250.1 243.5 234.5 243.6 253.5 261.8 271.4 278.5 284.2
341.2 338.3 335.9 335.1 332.5 328.9 324.7 325 330.5 336 343.1 349.8 357.9 362.3 365.7 367.8 366.4 362.3 356.2 346.4 334.2 319.9 303.7 290.7 277.7 266.4 257.3 249.8 241.5 235.5 237.1 240.1 241.5 241.9 237 232 229.9 228.6 228.2 229.4 231.6 233.6 234.9 234.5 234.3 233.4 231.4 228.9 226.1 223 219.2 216.2 212.9 209.8 202.7 204.8 218.2 232.5 247.4 260.6 270.8 277.7 283.7 287.3 288.7 288.6 285.8 279.9 269.7 259.7 252.4 242 250.5 261.3 274.5 286.5 293.4 295.9
342.4 341.2 342.8 343.3 341.8 339.8 335.5 335.9 339.8 345.2 350.4 358.1 365.7 368.9 371.7 376.3 375.1 371.1 364.7 354 340.7 325.6 312.3 300.1 287.9 276.9 266.9 258.9 254 251 253.1 255.6 257.3 254.2 248.2 245.7 242.2 239 238.7 240.3 247.1 251.4 252.9 252.4 251.5 249.5 246.6 243.8 239.9 236 232.1 227.4 223.2 217.1 216.4 213.7 215.4 234.4 251.1 266.6 279.8 291.3 299.6 304.3 306.3 305.9 302.3 295 284.3 272.1 260.1 248.3 255.6 270.5 285.5 299.6 306.3 308.9
342.1 339.5 344.4 346.1 345.1 342.7 336.5 333.5 337.7 343 349.5 358.7 364.3 365.2 367.4 369.7 369.5 366.7 357 350.4 342.2 331.5 320.6 309.9 299.3 288.5 281.1 275.1 271.4 267.8 270.6 271.4 271 267.7 262.3 260.9 256.7 254.4 256.5 260.7 267 269.7 269.6 268.7 267.3 264.6 260.5 256.6 252.8 248.8 244.9 240.2 235.7 227.4 229.8 231.4 224.4 230 249.5 270.2 283.9 301 312.4 319.5 323.7 323.2 318.2 309.1 297.4 283.9 267.9 259 261.3 276.9 294.1 308 313.9 317.5
340.3 336.7 339.4 341.8 340.4 337 332.9 330.4 334.1 341 346.1 352.4 353.3 354.9 356 355.6 358.1 360.5 356.5 350.6 344 336 328.2 319.3 309.2 300.9 294.1 290.7 287.7 283.7 284.2 285.2 284.2 280.3 276.9 275 272.8 272.6 275.2 279 282.3 283.9 283.9 282.4 280.2 278.2 274.3 270 265.4 261.4 257.4 253.1 248.6 236.5 244.1 245 244.3 236.4 244.2 269.8 288.1 305.5 321 331 335.9 335.2 330.3 322.5 308.9 291.9 275.6 264.9 265.8 281.1 298.9 314.4 320.9 323.5
