app/static/ascii/NC92.asc
ncols 200
nrows 200
xllcorner 290000
yllcorner 920000
cellsize 50
[rows 105 to 139 of 200, columns 78 to 155 of 200]
333.9 341.5 346.2 350.1 353.4 354.1 351.9 346.2 339.4 333.2 325.4 323.6 322.6 325 330.8 339.5 341.5 341.1 338.1 335.8 331.5 327.4 329.8 336.6 334.3 349.7 369.9 389.6 410.5 429.6 439.9 447.3 453 456.3 456.6 452.6 446.8 441 437.2 433.3 430.4 428.1 425.8 422.8 419.7 419.1 419.6 419.4 419.2 420 420.9 420.4 416.7 412.8 405.2 394.9 385.1 379.3 373.7 372.9 373.9 377.5 380.3 379.8 375.1 367.8 364.9 362.5 360.8 359 358 357.8 359.2 362.3 367.5 373.6 379.3 387.9
340.7 350 357.7 361.7 365 365.7 361.6 355.3 347.4 341.4 335.8 334.6 335.6 338.5 345.3 354.3 355 354.3 352.2 349.6 345 341.7 347.2 351.8 353.2 359 371.5 393.6 414 431.4 443.8 452.5 460.2 465.2 466.9 464.5 457.9 448.5 440.8 436.2 432.5 429.2 426.4 421.9 420.7 421.4 423.1 424.3 425.4 427.5 429.9 429.9 424.9 420 411.2 400 392.8 386.4 383.4 384 386.9 390.5 392.1 390.7 385.8 377.6 374 370.9 368.2 366.3 365.4 366.8 369.2 373.7 380.1 387.7 396.3 405.9
345.3 358.6 366.2 372.6 377.3 377.3 373.6 366.3 358.5 351 349 348.6 350.1 353.6 361.2 368.3 369.4 369.9 368.8 363.6 358.9 358.2 365.4 371.5 374 376.8 382.2 405.2 422.5 436.5 448.8 459 468.5 474.8 475.9 474.7 468.6 459.6 450.3 441.3 435.5 432.2 428.9 425.6 425.3 424.8 426.4 428.9 430 431.5 435 434.4 428.4 421.7 412.9 405.7 399.8 394.9 394.8 396.1 398.5 400.4 403.3 401 396 388.5 383.4 380.1 377.1 375.1 375 377.7 380.3 386.2 393.5 403 413.5 424.1
347 361 370.6 378.4 386 387.3 385.1 379.5 372.6 366.9 364.9 364.2 366.7 370.9 379.7 381.7 384.1 385.5 385.1 378.4 376 377.9 384.7 391.6 394.4 396.6 406.3 414.4 428.3 442.7 456.3 467.7 477 483.3 486.5 485.4 479.3 469.6 458.5 447.3 439.6 436.9 432.8 430.6 427.8 427.6 428.8 430 430.7 431.8 433.4 433.4 428.1 421.8 415.4 410.2 405 404.2 404.2 405.1 405.9 407.9 410.1 409.2 404.4 398.3 393.6 389.5 387.6 387.4 388.1 390.9 394.9 400.5 408.3 420.6 432.7 445.3
345.4 361.8 375.2 385 394.3 397 395.8 393.8 389.4 385.9 385.7 384.9 387.1 391.3 397.2 397.3 397.9 399.6 398.7 394.7 393.4 396.1 399.2 403.4 408 413.7 419.5 426.3 434.9 449.3 464.1 476.6 487.7 495.4 497.3 495 487.2 476.4 463.4 453.1 444.5 440.8 434.8 429.3 426.3 427.3 428.9 429.5 429.8 429.6 429.9 430.7 428.4 423.5 418.5 414.6 411.4 410.9 410.5 410.6 412.3 414.5 416 413.6 411.6 407.1 402.9 400.4 400.6 402.1 404.7 407.4 411.1 416.3 426.5 440.5 452.8 460.8
343.8 360.3 376.8 390.5 402.5 406.4 408.1 408.2 407.1 406.5 406.4 406.3 407.8 411.6 412.7 412.3 412.3 411.7 410.5 408.5 406.7 405.5 407.4 410.9 416.1 421.7 428.2 435 444.4 455.5 470.1 485 497.6 505.1 506.7 501.7 494.1 482.2 469.3 455.7 444.4 439.7 434.1 428.5 425.2 424.6 424.6 424.6 427.2 424.9 424.7 428.2 427.6 425.5 421 418.5 419.4 418.1 417.7 418.2 419.5 420.8 421.1 420.6 419.2 417.3 415.8 417.3 419.1 421.3 423.2 424.7 428.5 435.2 446.5 457.2 464.2 466.3
342.8 359 375.9 392.6 405.9 414.3 418.7 422.4 423.8 425.3 426.5 425.3 426.4 427.9 426.6 424.4 423.2 420.2 417 414.1 411 406.7 408.7 412.1 417.6 424.7 432 439.8 449.8 460.3 473.9 488.5 503.3 508.2 509.8 505.3 497.5 486.3 471.7 450.9 442 436.9 432 428.2 427.7 424.6 424.6 424.6 424.6 424.6 424.6 425.7 424.8 427 426.6 426.6 426.4 425 425.4 425.8 427.1 428.3 428.1 429.2 431.1 432.3 435.6 436.5 438.3 440.5 442 442.7 446.7 453.8 460.5 464.2 462.9 455.7
339.9 356.4 373.6 392.1 406.2 418.7 427.9 435.4 440.1 442.8 443.7 442.8 442.1 441.4 437.4 433.7 429.4 424.2 417.6 411.2 407.2 402.2 403.6 407.9 415.1 422.8 431.8 441.4 451.5 461.2 473.9 486.3 503.1 509.8 511 508.8 503.2 491 473 453.1 441.5 437.4 432.9 431.2 430.6 427.7 424.6 424.6 424.6 424.6 424.6 425.2 428.8 431.3 432.8 432.9 433 432.6 433.1 433.4 435 435.7 442 445.6 449 451.9 455.4 455.6 457.1 458.3 460.1 462 463.7 464.7 460.8 456.8 448.9 436.7
336.8 352.9 370.3 388.4 404.8 420.7 434.1 446.1 453.7 458.2 457.6 456 454.4 450.8 443.8 436.9 429.2 420.1 411.4 404.3 399 394.7 395.1 401 409.3 417.9 427.9 439.5 449.8 458.9 470.8 480.9 493.3 503.1 509.1 509 502.2 489.1 471.7 455.3 443.3 440.7 437.2 434.2 433.6 431.5 425.1 424.6 424.6 424.6 428.2 433.6 435.1 436.7 438.5 440.2 440.5 441.7 443.6 446.3 448.7 452.6 458.7 463.9 469 473.9 477.8 478.9 479.7 479.6 480.2 478 472.2 463.1 450.9 439.2 431.2 419.1
332.8 349.6 366 383.6 402.2 419.3 437.4 453.1 464.7 470.2 468.1 465.6 461.9 454.7 446.2 436.5 425.3 411.8 403 393.6 386.8 383 381.9 388.4 396.4 407.8 419.2 431.3 443.4 453.7 464.5 474.4 483.2 490 495 496.5 491.1 480.6 466.8 451.8 443.6 440.6 437.7 436.7 435.9 436.2 435.7 435 434.6 435.9 439.3 440.5 442 444.3 446.3 449.1 451.3 454.8 459.9 465.1 469 474.4 479.9 485.7 491 498 502.1 505.2 504.3 499.3 491.3 481.3 468.2 452.3 434.9 418.7 409.2 396.1
329.9 344.9 359.5 376.4 397.1 417.7 437.9 455.3 469.8 476 473.5 469.3 463.1 454.6 444.5 433 418.5 401.4 389.6 379.1 371.8 368.3 371.1 375.1 383 395.8 407.9 421.2 433.7 444.7 454.9 464.5 471.2 476.7 478 477.7 473.7 467 456.7 446.8 440.3 437.5 434.6 434.3 435.2 436.1 437.8 439 441.1 443.5 446.2 448.3 451 454 458 461.8 465.7 471.3 477.4 483.2 489.4 496.3 502.4 508.9 515.4 519.4 522.5 521.6 516.5 502.8 489.9 475.4 456.5 437.6 419.3 401.2 386.7 374
327.2 341 354.7 372.7 393.1 416.1 437.8 455.8 472.4 478.4 475.5 468.8 461 449.4 437.3 426.2 411.5 391.5 375.6 366.1 358.7 358.1 360.8 364.7 366.7 380.3 393.3 408 422.2 433.3 443.6 452.4 458.2 461.7 461.2 460.6 458 452.4 445.6 439.4 434.8 430.8 428.3 427 428.8 430.7 432.4 436.7 442 447.6 450.8 453.7 458.4 462.9 468.3 474.2 480.6 487.8 497.5 504.8 511.4 517.8 525.4 531.8 535.4 536.2 532.6 523.4 509 493.8 479.8 461.5 441.9 422.8 403.5 383.3 370.8 363
325.1 338.6 353 372.6 391.4 415.1 436.7 456.3 472.7 479.7 475.9 468.3 458.2 443.6 426.7 414.4 401.7 383.4 367.8 358.5 350.7 347.8 351.1 355.1 355.8 365.2 378.4 393.4 406.8 417.4 428.3 437.6 443.1 445.1 445.1 445.4 444.2 440.1 435.6 431.3 426.5 421.5 418.8 417 416.3 420.4 424.8 430.2 438.3 444.4 450.3 456.2 461.8 469 476 485 494.6 506.6 517.1 524.8 530.7 536.7 541.8 544.9 543.5 538 527 513.3 498.9 483.7 466.4 444.9 425.2 404 382.5 367.3 359 353.6
322.4 336.2 352.9 372.9 392 414.3 435.9 456.1 473.2 480.3 477.4 469.2 457.5 442.7 423.5 406.6 393 379.9 367.1 356.3 346.2 341 342.5 345 346.5 353.1 364.4 377 389.9 400.2 409.7 418 424.6 427.4 429.6 430.6 431.5 429.1 425.9 421.9 417.2 410.1 405.1 402.3 401.1 404.3 411 419.4 426.9 437.6 445.2 452.8 460.8 470.5 479.6 491.3 504.3 518 528.3 536.8 543.2 551.1 552.9 549.5 542.8 532.5 519.3 502.5 485.5 468.4 448.5 425.1 404 384.7 367.3 357.2 350.2 344.3
318.7 333.6 352.5 372.3 393.4 413.6 434.7 456 472.4 480.7 478.8 471.2 460.1 446.4 431 415.9 402.1 386.4 372.6 361.5 349.8 339.2 333.9 332.8 334.5 340.6 348.2 360 370.6 381 391.1 398.5 404.6 409.8 415.1 419.8 420.7 417.9 415.2 410.4 404.6 395.6 387.7 381.2 379.4 383.8 393.9 404.7 415.3 425.5 437 447.7 456.8 467.6 480.5 494.2 510.4 521.6 532.6 540.1 547.7 550.6 550.1 545.8 536 521.1 504.7 487.8 470.3 449.1 427.9 405.5 386 371.6 357.3 348.2 340.8 334.5
313.3 330.8 351 372.7 393.9 414 436.1 456 471.5 480.3 479.7 474 465.5 453.8 441.1 427.4 413.2 396.2 377.3 365.6 356.1 345.3 334 328.7 324.7 327.9 333.1 342 352.4 361.8 372.1 381.2 387.5 395.1 400.8 406.5 409.4 407.5 404.7 398.6 389.1 377.5 368.6 362 359.8 366.5 377.7 390.2 400.9 412.2 424.5 437.8 450.5 461.7 475.5 490.9 507.1 519.5 530.1 537.7 540.6 541.4 539.4 532.8 523.5 506.6 486.3 468.6 450.7 429.5 407.3 386.2 373.5 360.2 350.2 340.9 332.4 325.2
310.8 329.5 349.3 371.2 392.4 414.4 436 454.5 468.3 477.4 480.1 476.3 468.7 460.2 449.9 439.5 425.6 407.9 388.9 374.4 362.1 351.4 337.7 328.4 319.7 320.1 322.5 325.4 335.3 346.9 354.1 362 371.1 379.1 387.5 393.6 397.3 397.4 393.5 387 375.4 361.9 349.7 344.9 347 355.1 367.6 378 387.9 398.2 411.1 425.4 438.6 453.5 468.1 484.3 500.8 513.5 523.5 531.5 533.6 533.1 529.9 521.4 507.5 483.8 464.2 448.8 431.6 408.7 386.8 373.1 361.3 351.5 342.9 334.5 326.6 319
310.1 329.1 347.9 368.1 389.5 411.2 431.3 449.6 463 471.2 475 474.1 468.5 462.5 454.8 446.6 435.5 419 402.1 386.4 372.5 359.5 343.9 331.9 321.6 313.1 314.5 314.9 318.6 330 339.1 346.7 356.9 366.1 374.1 382.3 386.6 387 383.5 374.4 361.8 348.4 337.3 332.9 336.4 346.3 358.2 367.6 376.5 387.3 400.3 414.9 428.2 442.9 460.2 476.6 490.8 504.5 514.4 518 517.9 516.5 510.7 500.8 485.4 463.1 447.3 430.1 411.1 390.7 372.6 361.9 351.1 342.6 335.2 328.5 321.4 313.6
308.5 326.5 344.1 364.1 384.2 404.9 424.2 441.9 455.3 463.6 467.1 467.2 464.1 459.7 454.2 447.6 439.4 428.6 414.5 398.8 383.2 368.5 349.2 335.5 323.4 312.2 308.2 307.7 308.2 314.8 323.3 332.2 342.7 355.4 364.4 371.4 375.1 375.5 372.2 363.4 351.3 340.4 332.1 325.5 328.5 338.4 347.9 356.9 365.8 377.7 391.6 406.4 421 435.2 452 469.4 482.1 494.1 502.7 503.8 500.6 497.7 488.1 474.5 460.2 443.4 427.3 410.3 392.3 372.7 361 350.8 342.3 333.9 326.1 318.8 313.1 306.8
305 322.4 338.4 358 378 397.8 416.4 433.4 446.1 454.2 457.5 458.4 456.4 452.6 448.6 444.3 438.8 430.7 421.4 410 393.8 376.4 355.9 341.2 327.9 317.2 309.7 303.9 305.1 304.6 311.5 321.3 330.4 343 352.6 361.4 366.1 366.2 364.5 356.9 347.7 338 328.7 319.8 319.2 328.5 336.8 345.8 355.5 368.3 382.9 397.8 413.5 428.8 444.5 461.7 473.9 482.1 487.8 488.2 483.1 472.7 459.6 445.9 430.8 415.6 400.1 388.5 371.3 360.2 350.6 343 334.2 326 319.1 309.9 304 298.1
300.4 316.1 331.4 348.1 366.5 387.3 406.6 424.4 436.8 444.8 448.4 449.9 448.1 445 441.3 438.1 434.9 430.1 422.1 414 403.2 387.4 363.5 347.9 337 323.2 315.8 305.7 300.2 296.5 302.6 312.4 322.8 332.1 343.3 352.1 357.5 357.1 355.4 352.2 345.8 336.3 327.1 317.4 310.5 318.6 326.8 335 345.3 359.4 374.7 391.8 407.2 422.7 438.6 453.3 464.7 470.7 473.5 470.8 461.5 446.3 430.4 417.4 401.6 388.8 377.9 367.9 358.9 349.4 341.8 334.5 327.2 319.6 312.6 306.3 299.3 293.3
294.8 308.3 322.7 338.3 355.2 374.9 396.2 414.7 428.2 436.7 439.9 441.7 441.1 437.9 434.8 431.8 429.4 427.1 421.8 416.2 409.6 397.4 377.2 362.3 351.6 340 326.5 318.1 307.8 299.6 292.7 302.6 315.1 324.4 334 343.5 350 349 347.4 344.6 341.1 334.4 325 315 305.1 311.1 318.9 327.1 336.3 351.7 368.7 385.9 401.3 416.4 429.7 444.1 453.1 456.9 454.7 447 435.6 420.6 403.9 390.8 380 371.6 363.2 355.6 348.3 340.1 333.4 326.6 320 313.5 308.1 302.4 295.5 289
289.1 302.1 315.2 330.7 348.3 366.9 388.6 407 420.8 430.2 434.5 437 436.4 433.3 428.9 426.3 424.8 423.3 422.1 419.7 414.3 406.3 388.2 372.7 361.4 349.2 335.6 326.2 315 304.7 295.9 291.8 304.4 317.3 326.6 334.9 340.4 340.2 338.8 336.1 333.2 328.3 321.3 311.9 300.1 305.3 313.6 323.3 333 348 364 379.5 394.8 408.2 420.9 430.1 437.2 437.2 428.3 417.2 409.1 396.4 382.5 374.7 365.3 356.6 350.3 346.3 339.9 332.1 325.3 320.2 314.5 308.2 302.9 297.5 292.1 286.4
286.5 299.8 311.9 327.1 344.4 364.1 384 402 415.7 425 430.5 433 432.7 429.3 425.5 421.4 421.1 420.5 421.3 422.6 418.4 411 397.7 382.6 369.4 355 338.5 330.1 320.2 306.2 296.1 286.2 294.2 307.4 318 325.6 330.4 331.1 330 327.9 325.3 321.2 315 306.9 295 298.9 308.8 318.4 328.5 342.5 355.5 370 384.7 398.3 409.2 416.9 417.1 414.6 405.4 393.5 384.1 375.4 363.8 356.1 350.1 344.2 340.2 336.3 330.5 323.4 318.5 313.6 307.8 302.8 297.5 293.5 289.1 283.8
289.5 303.3 315.3 328.6 344.8 363.8 381.1 397.3 410.3 419.6 425.4 428 428.3 425.2 421.2 417.1 414.9 415.5 418.8 422.2 420.8 413.7 404.6 393.2 379.2 361 344.5 330.9 317.9 306 296.6 290.3 282.5 296.4 307.1 314.9 320.8 321.8 320.9 319.6 317 313.2 308 300.3 291.4 293.2 302.4 311.4 321.6 333.2 345 358.7 372.5 385.2 394.2 399.1 399.3 395.7 387.3 374.9 363.8 355.1 347.8 342.8 337.5 333.6 329.8 326 320.7 315.8 311.2 306.8 301.4 297.1 293.4 289.7 285.4 281.8
293.2 306.7 317 329.4 344 361.9 376.7 390.6 402.5 410.9 418.2 422.2 423.2 420.5 416.5 412.4 407.2 410.4 414.6 418.8 419.2 415.1 408.1 398.8 385.2 368.8 353 338.3 324.3 312.2 299.6 289.9 280 284.6 296.7 303.4 310 312.3 313.9 314.6 310.8 306.8 300.9 293.4 285.4 286.2 294.2 303.1 312 323.4 335 346.7 359.9 371 380.1 383.6 382.6 378.8 370.3 355.3 347.5 340.6 334 330.8 326.5 323 319.3 315.8 312.4 308.6 304.7 300.3 295.5 291.8 288.7 285.4 283.2 280.9
296.7 309.2 318.3 328.5 340.3 356.9 371.2 382.7 393.3 401.4 409.2 413.1 415.8 413.8 410.5 406.6 402.8 402.8 407.9 412.4 414.9 414.2 410 402.5 392.9 379.4 363.4 347.6 332.5 317.2 303.7 291.7 280.9 274.8 284.1 290 298.3 305.1 308.1 308.3 306.1 302.2 294.7 287.7 279.4 283.8 289.1 296.1 304.1 313.5 325 336.6 347 357.3 365.3 368.9 369 364 350.2 334.1 331.3 327 323.2 320 316.4 312.5 309.9 307.4 304.4 300.5 296.7 293.6 290.9 287.1 283.8 282.3 280.7 280.3
302.5 311.1 319.1 327.1 336.7 349.6 361.9 370.5 380.6 388.4 396.2 401.9 405.1 404.6 402.2 399.6 397.1 392.3 401 405.3 409.9 411.3 410.4 406 398.4 388.4 374.7 358.2 341.7 324.6 308.8 295.4 283.7 274.9 272.7 277.3 285.7 295.4 298.6 300.2 300.6 297 291.3 283.7 274.6 279.5 285.3 291.3 299.1 306.3 315.4 326.2 336.2 343.5 349.4 353.6 353.7 342.7 325.9 321.7 320.7 318.4 315.1 310.9 307.1 303.5 301.3 299 296.1 292.5 290.2 288 285.7 283.2 282 280.6 279.9 280.1
306.7 312.4 318.1 324.5 332.6 342.3 351.1 357.8 365.7 372.5 379.3 385.8 391.5 392.7 391.9 391.2 389 376.2 386.8 397.8 403.1 407.1 409 407.4 402.5 394.3 383.2 368.5 351 333.9 317.5 302.5 289.9 280.9 271.7 269.1 273.9 281.8 287.8 291.9 292.2 289.6 284.1 279.1 271.8 274.7 280.7 286.8 293.1 299.7 306.8 316.7 325.4 330.8 335.1 337.1 333.1 322.9 314.1 310.6 309.8 308 304.8 301.1 297.3 294.6 292.3 291.3 289.4 286.9 285.2 283.6 282 280.9 280.1 279.5 279.7 279.8
311.3 314.3 317.2 320.7 325.9 332.4 337.8 342.7 348 353.1 360.1 368.5 375.6 378.8 379 378.8 379.6 367.9 372.4 388.1 395 400.5 404.3 404.8 403 398 389.3 377.7 361.6 344 327.3 310.1 300.9 290 279.1 268.4 267.2 272.2 277 283.7 282.7 282.3 278.3 273.8 267.2 270.1 276.6 282.5 287.1 292.9 299.6 306.2 312.7 316.6 321.1 319.5 312.2 303.7 301.9 300.1 298 296.1 294.1 290.6 287.4 285.5 284.3 284 283.7 282.2 281.4 280.5 279.4 278.4 277.4 277.8 278.6 279.2
315 315.2 315.2 315.6 317.5 321 324.3 327.9 329.8 333.8 341.3 349.9 357.5 363.3 366.1 366 366.2 353.7 362.9 377.5 385.9 391.7 397.4 400.1 401 398.9 392.6 384.3 370.7 353.6 338.4 324.8 311.5 298.8 286.8 274 261.3 264.3 267.4 271.6 272.8 274.4 271.7 268.5 263.4 265.9 272.5 277 281.1 286.5 292.4 296.3 299.7 302.4 301.1 296.5 292.5 291.4 291.9 290 286.1 284.7 283.3 281 278.6 277.3 277.3 277.6 277.9 277.5 276.9 276.4 276.2 275.4 275.1 276.7 277.5 278.3
317.9 316.7 314.2 311.4 310.1 311.3 313.3 315.1 315.4 316.8 323.3 331.1 338.9 346.1 351.5 353.7 354.3 337.3 356.7 367.5 376.5 384.4 390.2 395.1 398.3 397.6 395.8 389.5 381.3 368.7 354.2 338.7 324.5 309.7 297.1 283.5 271.6 262.4 258.2 261.6 263.3 265.3 266.8 264.5 259.6 262 267.1 271.4 275.3 280.3 285 286.7 287.9 287.1 283.7 280.7 280.6 280.7 281.6 279.1 275.2 273.8 273 272.1 271.3 269.9 271.2 272 272.4 272.5 273.1 273.6 273.2 272.4 274 275.1 275.6 276.4
321.2 317.5 314.1 307.9 302.6 300.9 300.7 302 301.9 302.2 306.2 313.2 320.8 328 334.7 339.8 341.4 328.4 347.8 359.8 369.2 378.3 385 390.6 395.2 397.6 397.4 394.1 389.6 382.3 370 355 340.6 324.9 309.7 296.9 284 275.5 263.8 254.1 252.8 258.9 261.2 259.8 256.4 256.4 260.9 266.1 270.2 274.8 278.3 279.8 278.8 276.6 273.6 271.2 271.7 270.6 270.6 269.2 266.2 264.5 263.7 263.6 263.1 262.7 264.6 266.4 266.9 268.3 270 270.2 270 271.5 272.7 273.2 273.7 274.2
321.4 318.4 313.2 306.5 299.3 293.4 290.5 289.3 289.6 289.6 291.5 297.2 304.1 311.1 318 323.3 325.9 324 339.5 353.1 362.8 372.4 380.1 386.1 391.4 396 397.4 396.8 394.9 390.2 383.3 372 354.6 338 324 309.3 294.9 285.4 275.6 268.3 260.5 250.6 252.6 252.8 251.6 248.3 256 261.2 266.3 271 273.8 273.8 271.7 267.5 264 262.2 261.7 260.9 260 258.3 256.9 255.3 255.3 255.5 255.1 255.9 259 260.6 261.8 263.5 266.1 267.4 268.4 270 270.7 271.2 271.8 272.3
320.5 318.3 312.1 303.7 295.9 290.7 286.6 283.8 282.2 281.4 282.5 286.2 293 299 305.2 311.4 307.3 318.9 332.8 346.5 356.2 366.1 374.5 381.8 387.4 392 396 397.1 397.1 395.8 393 381.3 366 350.8 334.2 319.7 305.1 293.9 283.8 275.6 267.9 259.7 251.4 245.3 244.9 243.7 249.4 255.8 263.3 267.3 268.8 267.1 261.9 257.6 253.6 251.6 251.6 252.4 251.4 249.8 248.1 247 246.9 246.9 248 249.7 253 255.1 257.3 260.6 264.5 266.8 267.7 268.5 269 269.3 269.7 269.6
