app/static/ascii/NC93.asc
ncols 200
nrows 200
xllcorner 290000
yllcorner 930000
cellsize 50
[rows 35 to 69 of 200, columns 0 to 77 of 200]
204.5 209.8 218.8 231.8 242.3 251.4 260.9 270.3 277.9 284.3 290.6 296.6 299.2 299.8 298.7 297.4 295.3 292.8 292.2 291.9 292.9 297.6 301.1 305.8 312.4 319.5 331.2 345.9 357.9 367.4 374.3 377.3 378.5 378.3 378.4 378.3 377.7 376.4 374.6 373.1 373 371.8 369.3 365.8 362.6 358 354.9 352.1 348.6 346 340.8 337 328.3 320.2 314.2 309.6 304.1 300.8 296.8 293.3 291.9 299.3 302.4 307.3 312.1 318 324.4 331.1 339.5 347 350.9 352.5 352.3 352.4 352.6 352.9 353.1 354.1
204.1 209.2 217.8 227.9 236.2 245.3 253.8 261.3 268.1 273 278.1 282 284.3 285.7 284.7 283.8 282.9 281.5 281 280.9 282.7 286.6 291.7 299.5 307.4 313.6 322.3 339.6 353.2 363.3 370.5 374.5 376.7 377.9 378.4 378.6 378.4 377.4 376.1 374.7 374.9 373.3 370.9 368.5 365.2 361.2 357.1 354.8 351.6 347.7 345.8 342 334.6 325 317.5 312.2 307.2 303.6 299.9 298 293.1 297.8 301.5 306.1 312.4 319.1 323.6 329.2 337.3 345.7 350.7 351.4 351.7 352.7 352.9 352.5 354.2 355.9
203.7 207.5 214 222.7 231.1 238.5 245.5 252.3 257.6 261.6 264.7 266.8 268.6 269.2 269.6 270 269.1 269 268.5 267.9 274.2 278.7 285.2 293.5 301.8 308.2 316.4 331.4 346.7 358.4 365.9 370.9 374.4 376.4 378.3 379.3 379.1 378.3 377.2 377.1 376.2 374.6 373.3 370.7 367.7 363.8 359.4 356.2 352.5 353.5 350.9 346.6 340.2 330.8 321.9 314.7 309.2 305.6 303.2 300.3 295.7 296.4 298.7 304.8 309.8 319.1 325.2 329.2 335.9 343.8 349.9 350.4 350.8 351.4 352.6 353.3 354.5 356
203.4 206.8 210.3 215.4 223.4 231.3 238.2 243.2 246.8 250.4 253.5 255.4 256.5 255.4 256.7 257.6 258.2 259.3 258.4 261.8 267.5 273.6 279.1 286.4 294.7 301.3 311.7 322.6 339 352.5 361.4 367 372.5 375.6 377.7 379.6 379.8 378.6 378.4 377.3 376.2 375.2 373.8 372.1 370.4 365.4 360.9 356.8 357.1 357.5 355.5 350.7 344.4 336.5 326.1 318.6 312.7 306.4 304.1 301.8 298.7 300.2 302 303.3 306.6 317.5 324.9 328.5 334.3 341.8 346.6 349.1 348.7 349.8 350.9 352.2 353.5 355.3
201.3 205.8 209.1 214.1 218.7 223.5 228.5 234 238.5 242.4 245.9 247.5 248.2 248.5 248.8 249.4 250.3 250.6 252.2 258.5 262.4 266.1 273.6 279.7 286.1 293.1 305 315.7 329.6 345.7 356.4 363.6 369.8 374.1 377.4 379.7 379.9 379.5 378.4 377.3 376.3 374.5 372.4 370.9 369.1 365.7 361.8 356.6 360.5 361.8 359.2 355.4 348.9 341.6 333.5 326.2 318.9 312.1 306.1 303.1 299 300.7 304.4 308.2 307 312.8 319.2 326 331.7 339.5 343.6 346.1 348.2 348.7 349.7 351.2 352.3 354
200.5 205.4 206.8 210 214.6 220.2 225.2 229.3 232.8 236.3 239.7 240.8 241.4 242.7 243.3 244.1 244 244.2 249.8 247.8 255.2 260.9 267 272.5 278.5 287.3 298.1 308.8 320.6 335.1 348.3 357.9 365.7 372 376 378.6 379.5 379.4 378.3 377.1 375.1 372.4 370 368.3 364.8 361.6 359.2 359.9 363.4 364.7 362.3 358 352.4 346.1 340 333.6 326.4 318.5 311.3 305.1 301.1 299.3 305.1 310.1 314.2 311.5 314.3 320.9 325.9 333.3 338.9 343.5 346.5 348.1 349.2 349.8 350.9 353.2
198 201.6 204.2 207.9 211.9 216 219.8 224.3 228 230.8 234.4 235.2 236.3 237.6 238.4 238.9 239.5 240.7 241.8 245.7 249.3 256 260 267 273.2 280.7 290.3 302.2 313.3 324.6 336.5 348.2 359.5 367.4 372.3 376.2 377 377.8 377.2 376.6 374.2 369.9 366.2 363.1 360.7 358.9 359.5 360.5 364.3 365 363 359.7 354.9 349.4 343.7 337.5 331.5 324.5 316 307.5 303.4 299.3 305.3 311.1 315.9 318 321 316.8 320.9 326.5 332.2 339.8 344.4 346.6 348.1 349.5 349.6 352
195.9 199 201.6 205 208.9 212.7 216.2 219.3 222.6 226 227.7 229.9 231.1 232.5 232.8 233.3 229.4 235.4 236.2 238.4 243.3 250.7 255.8 262.1 269.3 277.7 285.8 296.3 306.6 317.1 326.4 338.2 350.5 359.7 365 370.2 374.7 376.6 376.6 377.2 375.9 373.1 368.4 364.4 361.3 359.3 359.7 360.6 366 366.9 364.4 360.7 356.4 353.1 347.5 341.8 335.2 327.7 318.5 309.1 303.6 301 306.9 313.2 317.5 320.6 323 323.2 319 324 328.8 334.1 339.3 343.5 346.1 348 348.8 351.3
192.1 195.6 198.9 202.2 206.2 209.4 213.1 215.8 218.4 221.1 223 224.9 226.3 227.5 228.2 228.2 222.6 226 229.9 232.4 239.6 246.1 253.9 260.7 267.6 275.2 282.3 290.7 299.4 310.9 319.4 328.5 339.7 349.7 358 364.5 371.9 375.9 377.9 379.1 379.4 376.7 371.7 367.1 363.6 361.3 361.6 365.6 370.4 369.9 366.3 362.2 358.7 355.1 349.5 344.1 336.9 328.8 319.6 313.1 307.8 302.9 307.7 314.7 319.4 322.3 324.7 323.7 318.9 324 327.8 332 335.8 339.6 342.3 345.4 347.3 350.1
190.3 193 196 199.8 203.1 206 209.2 211.4 214.2 216.9 218.8 220.9 222 222.8 222.9 221.9 217.8 225.8 231.6 236.7 241.5 245.3 250.8 259.5 266.1 272 280.2 285.9 293.1 303.3 311.4 319.8 330.6 340.6 352.1 361.1 369.4 375.8 379.2 381.3 382.9 381.1 375.6 369.9 365.3 366.8 369.9 371.2 373.4 371.9 368.3 364.2 359.9 355.7 350.2 344.9 337.3 332.5 323.9 318.2 310.3 302.9 308.5 313.5 319.3 322.6 324.8 325.1 322.5 322.7 326.2 329.7 334 337.1 339.8 342.6 345.2 347.6
189.6 193.3 195.8 197.7 200.2 202.7 205.2 207.7 211.1 213.2 215.2 217 217.8 218.1 218.7 214.9 222.3 227.2 231.2 236.1 240.4 244 248.4 256.2 263 270.3 277.1 283.6 289.8 295.7 304.1 312.5 322.1 332.4 344.8 356.1 366.3 374.2 380.1 383.6 384.1 382.9 377.7 371.2 367.7 370.8 373.1 374.8 375.3 372.9 369.6 366.9 363.2 358.4 352.2 346.6 340.9 335.5 327.6 319.8 311.3 304.7 309.1 315.3 320.4 323.9 326.7 326.5 325.5 323 323.8 327.1 330.7 333.7 337.4 340.1 342.7 345.2
188.7 191.9 193.1 195.1 197.6 200 202.2 204.6 207.5 209.9 211.3 212.1 212.1 212.1 207.5 220.3 224 228.1 231.7 235.1 238.4 242.2 246.5 251.9 259.7 267.4 274.7 281.7 285.9 291.7 298.6 307.7 316.4 326.2 338 348.7 360.1 370.6 378.1 383 384.4 382.8 379.1 373.8 371.2 372.4 374.9 377 376.8 374.9 372.5 369.7 366.1 360.7 353.7 348.5 343.5 337 329.3 320 312 306 310.6 317.2 322.5 327 328.2 327.2 327.7 326.6 324.9 326.7 326.4 327.8 332.3 335 337.2 341.4
187.4 189.9 191 192.5 195 197.3 199.1 201.9 204.2 206.2 207.6 205.9 201.8 206 216.1 220.3 224.6 228.7 231.9 234.3 237.1 240.8 245.4 251.3 257.5 264.3 271.9 277.5 281.9 286.4 293.8 303.1 312.5 320.8 332.7 344.2 355.3 366.7 375.3 380.4 382.7 382.5 380 375.3 372.3 373.8 377.4 378.9 378.9 378 375.7 371.9 368.4 363.5 356 349.8 343.8 337.7 330.3 321.4 316.2 308.5 312.7 317 322.8 327 328.5 328.2 328.1 329.1 329.2 327.3 330.7 331.9 332.1 330.7 333.5 336.8
185.4 187.5 188.4 189.7 192.1 194.1 196.5 199.2 201.5 203.7 197.7 193 199.6 213.6 217.5 216.1 216.6 222.2 227.9 231.9 236.4 239.4 241.2 248.5 256.1 262.5 268.9 274.2 278.7 282.3 288.2 298 308 317.5 327.6 339.8 352.5 362.8 371.1 376.3 381.1 381.8 380.9 377.6 374.7 375 378.4 380.9 381.1 380.6 377.8 373.4 369.7 365.1 359.3 355.1 346.3 338.4 331.2 324.2 320.9 310 314.6 318.9 323.9 326.7 328.6 330.3 330.4 331.2 331.4 329.8 333 334.7 336.5 337.7 337.8 334.1
181.7 184.4 184.3 186.4 188.6 191 193.7 196.4 198.8 189.5 204.1 206.8 210.4 212.6 216.8 221.5 225.2 228.1 230.9 234.5 239.2 244 248.7 250.8 252.3 254.9 262.8 270.1 275.8 280.2 285.9 293.5 303.8 314.9 323.5 335.1 347.3 357.4 366.7 373.8 378.4 380.6 380.8 379.4 377.2 376 378.8 381.3 382.8 381.3 378.4 374.6 371.1 367.6 364 357.3 348.7 342.4 335.6 328.6 322 312.8 319.9 321.7 327.4 330.6 331.3 332 333 333.2 333.8 332.3 334.4 336.7 339.2 340.8 341.6 340.7
178.1 179.2 181.2 183.7 186.4 188.7 187.9 184.4 196.8 200.3 203.9 207.5 212.5 215 218.9 221.5 225.5 226.7 231.5 236.2 240.7 246.6 250.6 255.9 260.4 266.6 270.7 272.1 274.6 276.9 285.7 289.8 300.3 309.9 319.4 330.9 341.3 352 361.7 369.6 375.3 377 377.2 377.9 377.3 377.5 379.5 381.9 383.1 381.1 378 374.4 371.5 369.2 365.8 358.7 351.4 345.3 340.6 332.3 326.8 317.2 323.1 327.3 331.3 334.2 334.4 335.2 335.7 336 336.1 336 336.3 338.8 341.1 342.7 343.8 342.9
175.9 177.3 179.1 181.6 183 181.9 185.7 192.3 196 200.3 204.1 208.1 213.2 217.2 220.6 224.3 226.8 230.1 233.2 237.1 242.2 247.6 253.1 258.2 266.1 271.5 276.1 278.4 279 282.4 285.9 288.3 295.8 307 316.1 326.8 335.2 346.8 356.5 364.4 371 373.5 372.2 374.2 375.1 377.5 380.2 382.5 384.1 381.6 377.6 375.1 372.4 370.4 367.7 364.5 358.5 350.2 344.5 337.5 331.7 316.9 326.8 332 336.5 337.7 337.9 338.1 337.9 338.8 338.9 337.8 336.7 338.7 342.8 344.6 345.8 345.5
171.8 175 177.6 179.8 176.9 179.9 187 191 195.6 200.4 204.2 208.1 213.1 218 220.9 225.1 228.2 234.1 236.9 238.4 243.3 247.9 256.3 264.9 270.3 275.2 278.8 281.4 281.5 284 288.9 293 295 303.6 311.6 320.8 331.6 345.3 355.6 363.5 371.5 373.3 372.3 372.3 372.3 376.5 379.5 381.5 383.2 381.1 377.1 375.1 373.2 371.3 368.9 366.4 362.1 355.9 348.6 341.4 334.8 321.1 330.8 336.7 340.1 341.5 341.9 342 342.2 341.9 341.4 340.4 341.3 340.8 343.7 345.6 346.7 347.5
172 172.1 172.4 176.6 178.6 182.6 186 190.2 194.2 199.4 203.9 205.1 207.7 213.9 219.9 225.8 231.2 236.1 239.6 240.9 245.8 251.4 258.7 266.6 272.9 278.3 282.9 286.5 288.8 289.5 291.5 296.2 300.3 306.3 314.6 322.5 333.8 345.8 355.7 363.3 370.8 375.9 375.5 372.3 372.3 374.3 378.1 380.4 381.1 380.1 376.9 374.2 372.4 370.9 368 366.1 362.2 357.8 351.2 344 336.7 324.7 334.3 340.7 343.6 345 346.1 345.9 344.6 344.3 343.4 342 341.7 341.9 344.4 346.3 347.5 348
173.7 175.7 179.3 179.2 179.9 181.6 184.7 187.3 191.3 192.2 202.1 207.2 212.6 217.8 223.2 222.2 227.9 236.4 240.3 243.7 248 253.4 260 267.5 274.7 280.9 287.2 291.8 294.1 296.7 299 302.5 305.3 312.2 319 326.7 336.7 346.6 355.3 363.4 369.7 375.6 377.2 376.4 377.8 379.7 380.2 379.8 380.1 378.8 375.6 372.7 370.7 368.8 366.8 364.7 361.9 358.5 352.5 345.7 336.7 325.3 336.8 343.5 346.8 348.4 349.9 349.2 347.8 346.7 345.9 345 344.1 345.2 342.7 345.7 347.2 347.6
173.9 175.8 177.8 178.6 180.1 182.4 185.5 187.9 191.9 196.4 200.9 206.9 213.1 219.4 224.5 229.3 230.5 233 237.9 243.1 249.2 252.5 261.7 269.6 276.6 283.9 290.1 295.6 299.2 302.6 306.2 310.1 313 319.1 326.1 333.9 342 349.3 356.7 362.9 368.6 373.9 377.1 377.7 379.9 381.9 380.8 380 379.3 377.4 374.5 371.4 369.1 367.9 365.7 362.9 360.3 357.1 352.2 344.5 329.3 332.4 338.4 345.6 349.2 351.2 352 352.1 350.6 349.5 348.4 346.9 346.8 346.4 345.8 346.2 347.8 347.5
175.6 176.5 177.3 178.8 180.5 182.9 186.4 189.1 191.8 195.4 200.4 206.3 213 218.9 224.6 229.7 234.4 234 238.2 246.8 252.5 259.4 265 271.9 279.6 286.4 292.7 298.4 302 307 311.6 315.8 321.7 328.5 334.7 341 347.4 352.9 359 364.4 367.9 372.3 374.3 376.1 378.3 380.5 380.9 380.1 378.7 377 373.4 370.1 368.3 366.4 364.1 360.5 358.3 355.5 350.5 337.7 334.9 338.5 343.8 347.4 351.3 353 353.7 353.7 352.8 351.7 350.3 347.3 348.6 348 347.2 344.9 347.9 347.7
175.1 176 177.3 178.9 180.8 183.9 186.9 189.7 192.6 196.3 201.3 206 212.2 218.4 224.3 229.1 234.6 238.4 240.4 246.7 254.3 260.5 267.9 277.9 284.5 285.1 295.2 301.2 306 311.4 317.1 322.4 331.4 338.3 343.8 348.2 351.7 356.3 360.7 365.2 369.1 371.1 373.4 374.3 375.6 377.1 378 378 377.6 376.7 372.6 368.4 365.8 363.3 361.3 358.3 355 352.1 341.9 331.7 341.6 345.8 348.9 351.3 353.4 354.8 355.1 354.9 354.3 353.5 351.8 350.8 350.3 348.7 347.1 347.4 348.2 348.5
174.5 176 177.4 179.4 181.6 183.9 187.1 190.7 193.9 197.2 201.3 207 212.3 218.5 224.5 229.4 234.8 240.1 245.4 250.1 256.4 262.7 273.2 285 291 295.2 297.5 306.5 311.8 315.8 322.2 329.4 339.8 347.4 351.7 353.9 355.9 358.5 361.9 365.4 369.3 371.9 372.7 372.7 372.7 372.9 373.3 373.8 374.2 373.5 370 365.7 362.5 358.3 356 353.5 349.9 345.4 334.2 345 348.3 351 352.8 354.4 355.3 356.4 357.1 357.1 356.5 355.3 353 353 352.4 350.8 349 349.9 349.4 349.5
174.5 176 177.5 179.7 181.7 184.7 188.4 191.2 194.2 197.2 200.7 207.4 212.4 218.8 224.3 229.3 234.6 240.2 247.4 254.4 261.8 270.2 281.2 291.8 298.4 304.4 310.7 311.8 319.1 324 330.9 340.2 347.5 354 357.9 359.6 360.8 361.1 363.6 365.8 369.8 372.3 372.3 371.4 370 369.6 369.3 369.7 370.4 369.1 366.4 363 359.4 355.1 352.2 348 345.5 338.1 339 347.2 351.5 354.3 357.1 358.9 359.6 359.4 359.4 359.7 358.8 357.6 355.5 354.3 353.5 352.8 351.5 353 352 350.5
174.1 175.9 177.7 179.9 182.2 186.1 188.5 191.3 194.3 197.3 200.5 206.8 212.7 218.9 224.2 229.7 236 243.8 252.1 260.9 269.1 280.1 291.8 301.4 310.9 318.9 324.9 328.2 330.3 335.8 342.6 348.6 355.3 360.6 363.6 365.3 364.6 364.3 365.5 366.4 368.4 371.1 370.4 368.6 367.3 365.9 363.9 363.3 364.7 365 362.9 359.9 356.4 353.3 348.4 342.9 339.8 335.5 341.7 348.6 352.5 355.9 359.7 362.7 363.5 363.3 363.6 363.6 363.2 361.4 359.7 358.5 355.8 355.4 354.3 355.3 354.3 353.9
175.1 176.5 178.2 180 182.3 185.9 188.7 191.5 194.6 197.9 201.5 207.5 213.7 218.7 225.7 233 241.5 251 260.2 268.5 276.9 290.3 302.5 314.5 324.6 332.3 338.4 341.7 341.1 346.3 351.3 356.7 363.1 367.3 369.2 369.6 368.9 367.3 367.2 367.2 366.9 366.6 365.4 364.6 363.4 360.8 358.2 358.1 358.5 359 356.8 354.6 350.6 347.9 343.5 340.1 338 341.4 344.4 350.1 354.4 358.2 361.9 365.4 368 368.8 369.3 369 368.4 365.4 363.4 361.6 359.7 357.3 358.2 358.9 357.6 356.3
175.6 177 178.2 179.7 182.2 186.2 189.4 191.9 195.1 198.7 202.5 209.2 214.8 220.1 228.5 237.5 249 260.1 267.5 274.8 284.7 299 317.5 331.4 339.7 346.5 350.4 353.5 354.4 356.9 360.2 364.2 369.4 371.9 373.5 374.3 373.5 371.9 368.8 367.5 367 366.1 365 362.4 359.7 357.1 356 354.4 353.8 350.4 351.6 351.6 350.6 347.8 342.2 345.4 343.5 343.4 347.8 351.1 355.7 360.3 364 367.8 370.3 373 375.2 375 372.9 369.6 367.4 364.8 362.7 360.2 360.9 361.7 360.8 359.5
175.6 177.2 178.3 179.6 183 187 190 192.6 195.8 199.1 203.9 209.5 213.9 221.2 231 242.8 255.5 266 272.8 280.8 295.4 312.4 332.7 348.1 355.1 356.4 358.9 362.3 363.2 365.3 368.1 371.3 375.6 377.9 377.8 378.3 378.3 377.2 374.2 370.8 368.6 366.4 363.8 361.2 360 360.2 359.7 358.9 358 358.3 357.4 355.6 353 347.4 348.7 348.7 346.5 344.5 347.3 353.9 357.6 362 365.8 369.7 372.3 375.4 377 378 376.8 374 371.2 368.1 365.1 362.4 362.2 364.2 363.5 362.5
175.2 176.9 178.2 180.1 183 187.3 190.9 193.7 196.6 199.6 204.7 208.3 213.7 222.4 233.6 245.7 258.7 269.7 275.5 287.1 302.9 317.2 335.8 354.7 363 366 367.3 368.8 369.4 371.1 374.8 378.2 381.5 383.2 382.6 383 383.1 381.7 379.2 376 372.1 369.4 365.3 365 364.4 363.5 363 362.1 361.3 361.1 360.3 357.3 352.5 352.2 352.4 351.7 350.5 348.8 348.7 354.8 359.3 363.2 368.2 372 374.8 377.5 379.1 380 378.9 376.2 373.4 370.5 367.4 364.4 364.1 365.5 365.7 364.4
175.4 177.6 178.5 180.5 182.9 188 192.2 194.8 197.3 200.2 203.9 207.5 214.6 223.8 234 246 258.6 269.1 278.4 290.3 305.1 320.2 336.7 353.5 364.7 370.8 374 374.8 375.5 376.1 379.8 383.2 385.1 386.5 387.1 387.2 386.9 385 383.7 380.2 375.4 371.2 370.1 370.8 369 367.5 365.8 364.8 364 363.4 361.7 359 350.9 356.3 356.4 355.3 354.8 353 354 354.1 360.9 365.5 369.9 374 376.7 379.3 381.2 382 381 378.3 375 372.8 370.1 366.9 365.7 367.1 367.3 367.2
176 177.8 179.5 181.8 184.9 189.4 193.2 195.9 198.2 200.1 203.2 207.5 216.1 225.8 235.3 245.3 257.6 268.9 280.6 292.2 306.6 323.9 340.4 355.9 366.1 373.4 377.9 379.1 380.2 379.9 383.1 385.7 388.2 390.4 391.2 391.1 389.8 387.8 385.8 383.1 379.2 374.9 376.5 376.9 376.1 373.6 371.4 368.8 366.6 365.1 363.4 359.4 356.8 359.8 360.8 360.5 358.4 358.5 359.3 358.3 362.9 367.2 370.8 375.3 378.1 380.4 381.7 382.9 382.1 379.5 376.3 374 373.5 369.9 367 368.4 369.1 369.4
176.1 178.7 180.6 183 185.7 190.5 194.3 196.7 198.6 201 204.2 210.1 218.2 227.1 237.3 246.6 257.5 270 282.1 295.8 312.3 328.1 343.4 357 367.3 374.7 380.1 382.9 384.4 385.7 387 389.4 391.2 392.7 393.7 393.8 392.1 390.5 387.5 384.2 381.5 378.2 381.2 381.7 381.2 378.9 376 372.5 370 367.2 365 359.5 360.6 362.6 364.8 365 364.4 363.7 364.9 364.6 361 368.6 372.3 376.2 378.9 380.7 381.7 382.6 382.2 379.5 376.9 375.6 375.2 371.7 369.9 371 371.3 371.2
176 177.6 180.9 183.9 186.9 190.3 194.1 196.9 198.8 201.5 205.7 212.1 222.4 230.9 239.9 248.1 259.3 272.3 285.2 300.6 317.7 331.8 346.9 359.4 368.2 376.4 382.9 386.2 388 389.9 391.7 391.9 393 394.3 394.5 393.9 393.9 392.5 390.1 386.6 383.5 381.8 383.9 384.9 384.5 382.8 379.6 376.1 373.3 370.6 366.9 361.6 362.7 366.6 369.1 369.6 369.5 369.5 369.3 369.1 366.8 370.8 373.9 376.6 379.9 381.2 381.4 380.1 381.3 380 378.4 377.6 376.3 374.8 372.8 373.5 374.1 373.7
175 176.9 181 184.5 188.1 191.6 193.7 196.4 199.5 203.1 206.8 214.7 224.5 233.6 243.4 252.5 263.7 276.1 290.8 307.4 323 338.3 350.9 361.3 369.7 377.3 384.4 388.5 390.8 393.6 395.5 394.6 395 394.8 395.6 396.3 395.9 394.4 392.5 388.8 385.6 385.9 386 388 387.6 386 382.8 378.7 376.3 373.8 369.4 362.2 365.8 370.8 372.9 373.7 373.8 373.6 373.3 373 371.8 373 375.8 378.6 380.7 382 382 381.4 380.4 380.3 378.6 379.5 378.6 377.1 375.8 375.7 376.7 375.9
