app/static/ascii/ND01.asc
ncols 200
nrows 200
xllcorner 300000
yllcorner 910000
cellsize 50
[rows 74 to 110 of 200, columns 0 to 83 of 200]
289.9 287 281.6 283.2 279.2 274.9 268.9 261.3 253.7 245.9 239.3 232.5 224.1 218.9 216.1 210.8 208.5 206.9 204.8 203.5 205.2 205.8 211.7 219.5 230.5 245 259.3 258.2 250.3 230.7 202.3 167.7 136.9 110.6 84.7 58.4 33.6 18.4 6.2 6 4.9 11.8 15.4 15.9 16.2 22.3 25.8 28.5 41 60.4 79.3 110.4 124.9 136.9 149.6 160.2 167.6 173.2 176.7 182 183 179.4 174.7 172.3 166.6 161.3 156.5 151.2 145.9 142.7 138.8 133 126.1 113.8 101.8 88.4 77.1 64.6 49.7 48.1 42.7 36.4 35.8 35.6
279 277.9 275.9 278 277.2 274.8 271.1 264.4 256.9 252.2 250.6 245.1 240.5 233.4 230 226.3 223.2 220 217.5 215.7 214.3 215.5 219.1 226.9 240 253.9 259.8 257.1 249.6 239.2 210.9 175.2 144.5 118.8 93.7 67.8 43 24.5 8.1 6 4.4 7.9 14.5 15.1 16 20.2 24.5 26.8 33.5 50.8 63.8 86 107.7 123.7 142.2 156.8 166.2 174.4 177 181.7 183.2 181.8 174.5 169.3 168.6 163.9 157.9 151.9 145.6 141.1 135.6 128.2 121.2 109.3 97.3 85.2 73.8 62.7 49.3 46.4 40.6 36.5 26.1 31.4
264.9 268.5 269.6 276.1 276.4 271.9 271.8 267.2 262.5 260.3 260.3 260 252.4 247.2 242.8 237.8 234.9 232.1 228.4 225.5 224.2 224.6 227 234.4 249.2 259 262.8 260.7 252.4 239.2 216.8 186.1 156.6 129.8 103.3 77.6 53.7 33.3 20.4 9.5 4.3 5.3 12 15.1 15.9 19.1 23.5 25.8 29 41.3 51.6 71.4 92.9 109.1 130.8 150.5 161.2 175.1 178 180.2 181.2 178.2 173.9 168.8 166.3 163.5 158.9 152.9 146.5 143 134.1 125.8 116.5 105.4 93.7 83.4 69.5 60.4 49.3 44.6 38.8 34.7 30.8 22.5
252.9 257.6 261.6 266.2 270 268.3 269.5 269.2 268.7 268.9 268.4 264.7 259.3 253.2 247.9 243.4 239.4 234.6 232.4 232.1 232 231.2 231.9 242.4 253.5 260.5 262.9 260 256 237.1 222 201.8 171 140.6 112.8 87 63.1 42.5 27.8 19.3 5.9 3.6 7 14.3 15.7 19.6 21.3 25.3 27.3 35 43.6 57.9 76.9 93.9 117.5 140.2 152.1 175 178.8 181 179.2 174.9 172.4 167.2 163 161.1 158.7 155 150.5 148 142.2 130.6 121.7 111.1 98.3 82.9 68.5 54.3 49.3 38.1 37 32.5 27.8 20.4
243.2 247.1 254.3 260 262 265.7 270 272.3 272.7 272.5 270.3 265.5 260.5 256 251.4 249.4 246.1 241.2 233 233 235.1 233.8 233.7 245.5 254.6 261.2 262.4 258.4 249.4 238 230.9 217.4 187.8 155.2 122.6 95.5 71.9 51.2 33.3 24.2 14.9 7.8 2.8 5 15 19.5 20.1 25.1 26.3 29.2 36.3 47 60.5 81 97.5 124.2 140.4 159.6 173.4 178.6 179.4 175.1 172.6 166.3 163 161.3 159.6 156.3 153.7 151.4 143.5 137.1 128.7 117.7 105.1 87.1 72.3 58.4 50.6 42.5 36.6 25.7 8.5 5.6
237.1 241.8 249.1 256 260.8 265.7 269.5 272.8 274.4 275.4 272.3 270.1 267.5 262.4 259.8 253.8 248.3 241.4 234.8 231 229.9 227.8 230.2 240.5 252 258.8 259.6 254 245.8 238.1 231.6 225.5 201.3 167.9 133.9 103.6 79.8 60.2 42.4 30.8 21.5 13.1 7.8 2.8 10.7 17.3 19.3 22.9 25.4 25.6 28 39.2 50.7 66.3 81.6 99.5 123.2 136 154 168.5 177.3 175 171.3 168.7 164.9 162.4 159.7 157.5 156.9 156.2 150 140.2 128.9 117.6 106.1 91.3 75.4 62.2 51.7 42.5 35.2 12.5 5.9 1.3
231.7 236.7 244.9 255.3 260.7 265.6 269.5 272.6 275.1 275.9 275.5 274.5 271.5 265.3 262.7 253.9 247.3 239.6 232.1 227.8 223.3 212.7 219.6 231.6 239.8 246.7 249.1 246.7 239.1 238 229.6 224.5 207.2 177.7 141.8 108 84.8 66.6 48.8 36.1 27.2 16 10.7 6 2 16.1 17.5 20.7 23.8 24.1 24.7 28.1 34.6 46.2 64.6 82.2 102.2 118.1 139.1 162.2 169.7 170.7 170.8 168.2 162.9 156.3 153.6 151.4 150.2 149.7 144.8 136.1 127.6 115.7 104.7 90.7 77.5 64.7 54.1 45.6 30.6 8.1 -1.2 -1.2
225.4 231.7 242.5 252.2 260 266 269.7 273 274.9 276.4 278.2 277.5 274.6 267.2 261 252.7 246.1 238.8 228.7 222.3 212.6 201.7 205.6 218.1 223.6 230.3 234 232.5 230.7 229.2 226.9 219.6 206.3 181.6 147.8 114.8 89.9 73.7 56 40.4 32.7 23.2 14.1 9 2.8 12.4 16.2 17.6 20.1 23.8 24.9 24.9 25.5 30 45 64.4 83.2 100.5 123.3 150.8 165.5 164.5 165.5 164.7 158.7 150.2 142.4 140.4 136.4 133.9 132.3 125.9 118.8 109.5 96 83.3 72.9 60.6 56 47.5 35.1 8.4 0.9 -1.2
217.2 226.9 236.8 248.5 257.2 264.4 269.2 273.2 275.3 276.6 278.4 278.9 276.8 269 259.2 247.9 241 234.2 225.8 215 200.2 193.4 190.6 205.1 213 216.4 217.2 215.6 212.6 210.2 212.8 209.3 199.9 176.7 148.8 120.3 95.2 79.3 62.9 46.2 37.1 28.3 20.5 14.2 8.4 1.2 15.4 16 18.1 21.2 23.4 22.2 23.2 25.6 29.9 44.1 63.9 87.2 111.6 141 154.3 154.4 152.5 148.2 145.8 140.5 133.1 128.3 121.7 126.1 117.3 110 104.1 97.1 82.3 72.3 64.4 55.4 49.8 45.2 38.2 19.7 0.8 -1.2
203.7 215.8 231 243.1 251.2 260.5 270.3 277.7 275.6 274.9 278.2 279.4 278.1 269.2 257.9 244.8 233.6 225.8 219 211.4 197.9 188 182.3 195.2 203.2 208.3 211.8 209 205.6 205.9 204.8 199.6 190.6 171.1 148.6 124 100.5 85.5 71 55.6 41.9 32.4 23.5 19.1 12.3 6 0.7 7.3 15.9 17.8 20.5 20.3 21.6 23.9 24.7 30.2 45 75.8 104.6 126.8 135 137.2 136.8 132.6 127.1 124.2 118.8 112.4 104.8 104.9 104.4 95.2 86.6 77.2 69.9 60.8 53.9 52.7 43.3 40.9 36 21.5 1.3 -1.2
199.6 202.6 219.3 234.7 242.9 250.3 261.1 274 274.7 274.7 271.7 276.4 277.9 273.5 264.8 250.2 238.9 231.6 221.9 210.7 194.9 180.7 176.7 184 193.6 199.8 204.1 204.8 204.4 204.3 200.3 189.9 181.7 166.7 147.2 125.8 107.4 91 79.4 65.7 50.7 37.7 29.2 23.5 15.3 10 7.3 -1.2 -1.2 16 18.8 19.1 22 23.1 23.1 23.9 33.7 72.5 100.8 116.3 128 126.7 122.6 121.8 113.3 105.7 99.6 92.5 89.1 85.7 83.8 80.4 70 61.5 58.9 52.5 52.7 52.3 40.4 38.1 36.8 7.4 1 -1.2
206.6 189 202.9 222 232.2 238.3 249.5 259.6 266.9 265.1 261.7 263.1 267.4 267.7 263.6 254 240.6 234.2 226.4 213.8 203.6 184.2 174 175.7 183.6 190.7 196.2 200.1 201.3 198.4 193.2 182.6 175 165.7 146.4 129.1 113.6 99.4 87.9 75.2 59.2 45.3 32.6 24.3 20.1 12.7 9.1 6.5 -1.2 -1.2 16.1 19.3 21.2 20.8 21.4 22 25.8 55.7 89.7 101.6 109.3 113.7 108.8 96.9 91.9 86.2 81.4 76.4 72.5 68.8 64.3 62.1 53.6 50.7 51.8 50.2 45.9 41.4 37.9 33.8 22.2 3.7 0.3 -1.2
209.5 192.4 186.2 206.8 220.9 228.6 236.9 247.4 247.4 245.5 247.2 249.6 251.9 252.7 249.4 247.2 241.8 229.2 222.9 210.7 201.7 192.4 174.5 170.8 174.6 180.9 188.5 193.2 194.9 191.3 186.9 177.2 168.5 160.5 144.8 130.7 118.5 107.8 96.2 84.4 69.8 53.1 38.9 28.6 22.4 16.7 11.2 7.8 6.6 -1.2 -1.2 14 17.7 19.3 19.9 21 23.3 45.7 64 81.6 88.8 90 89.1 77.6 70.2 68.7 64.8 61.7 56.5 52 49.2 47.3 45.6 41.5 43.5 41.9 39.6 36.5 32.7 30.2 14.9 2.6 0.2 -1.2
207.4 192.4 178.6 189.9 206.2 220.5 224 229.5 234.8 230.7 233.7 239.3 245.3 246.3 241.9 238.7 234.3 225 216.6 208.5 203.2 191.5 175.9 168.2 169 171.5 180 186 186.6 182.6 178.3 170.5 161.5 152.9 142.3 130 121.3 114.2 103.2 91.2 77.8 62.8 46.4 34.4 26 22 14.5 10.8 6.5 4.9 -1.2 -1.2 13.9 15 18.2 19.5 21.8 33.1 44.9 54.6 63.7 68.4 67.3 63.5 58.3 53.1 50.7 49.1 47.2 44.6 41.8 36.9 28.9 27.2 27.1 39.3 36 34 20.6 16 6.9 1.7 0.7 -0.8
207.3 190.1 178.8 174.2 193.4 205.7 214 220.3 222.2 216.5 219.3 225.9 232.2 235.5 235.6 237.1 227.7 221.8 214.1 206 203.2 192.7 178.3 167.9 163.4 163.5 170.6 177.9 180.8 175.5 169.6 163.1 154.8 146.7 139 128.4 122.9 118.5 107.9 96.4 82.8 69.9 55.2 41.8 30.6 22.6 22.5 12.9 9.4 4.8 4 -1.2 12 13.4 14.1 16.8 20.7 25.2 31.2 37.7 41.5 52.3 53.5 50.7 47.5 42.7 42 35.5 30 25.9 25.6 25.3 23.9 23.3 23.6 26.6 21.9 8.3 5.4 5 1.9 0.6 -0.2 -1
205.4 186.3 174.9 163.4 180.6 196.9 201.2 208.6 207.7 203.5 202.1 208.7 217.9 220.2 224.9 228.5 222.4 216.8 209.2 201.2 199.2 192 180.4 169 162.8 157.4 161.3 168.7 172.8 169.5 162.8 157.4 150.2 142.7 135.3 126.7 121.6 118.7 110.6 99.2 87.8 74.2 61.1 48.9 38.5 30.1 22.9 23 13.4 7.6 3.5 -1.2 11.6 12.4 13.2 14 18.8 24 26.5 27.2 29.6 33.6 36 36.3 34.7 29.7 25.2 25 24.4 24.3 24.1 24.4 23.4 22.4 15 8.6 5.2 1.9 1.3 0.8 0.1 -1.2 -1.2 -1.2
203.1 184.6 171.5 161.8 170.4 185.3 188.8 189.6 192.3 192.3 189.5 192.4 202.5 212.1 220.9 221.9 219.8 213.2 207.1 197.4 189.5 185.9 179.4 170.9 162.2 155.6 149.4 159.5 163.3 163.3 158.9 153.2 146.7 139.4 131.8 124 118.5 115.8 110.4 100.5 89.4 78.3 65.5 53.9 42.6 33.8 27.4 21.5 22.5 13.1 4.8 -1.2 6.6 11.4 12.1 12.7 13.6 20.1 23.6 24.2 24.4 24.7 25.2 26.3 27.7 24 23.1 23 23.3 23.5 23.4 23 14.6 6.6 4.4 2.2 1.3 0.8 0.3 -1.2 -1.2 -1.2 -1.2 -1.2
203.4 185.2 171.7 161.5 160.4 174.9 181.4 179.7 179.7 180.8 180.3 182.5 187.5 197.5 211.4 216.4 218.9 211.8 205 192.6 182.3 179.3 175.4 171.8 163.1 152.5 142.9 149.3 155 156.4 154.3 149.7 143.4 135.9 128.3 120.8 115.1 111.7 108.1 99.2 88.6 80.1 69.2 57.3 46.7 36.6 30.1 26.3 21.9 21.1 11.3 -1.2 -1.2 9.8 10.5 11.4 12.1 13.5 18.8 22.1 22.5 22.9 23.3 23.3 23.7 22.6 22.3 22.2 22.1 22.1 22.3 11.9 5.6 2.8 1.1 0.1 0 -0.2 -1.2 -1.2 -1.2 -1.2 -1.2 -1.2
203.1 186 172.1 161.4 150.7 166.1 175.9 176.9 174.1 171.2 171.4 174 179 186.5 193.4 205.7 209.4 206.3 202.1 189.2 179.6 176 171.8 168.6 163.5 151.8 145.5 138.4 146.3 151.1 148.9 146.1 139.3 132 124.7 117.2 111.2 107.9 104.7 97.7 87.8 79.4 70 59.4 48.4 38.3 31.1 27.8 21.8 21.5 21 -1.2 -1.2 4.5 8.8 9.5 10.7 12.8 14.2 21.8 22.1 22.4 22.8 22.4 22.6 22.6 22.4 22.1 22.1 22.2 17.3 5.8 1.9 0.4 -0.5 -1.2 -1.2 -1.2 -1.2 -1.2 -1.2 -1.2 -1.2 -1.2
201.6 187.1 173.4 162.7 149.3 157.1 165.1 169.8 168 165.2 164.5 167 171.3 178.6 185.1 191.5 197 196.8 193.4 183.9 175.9 171.2 166.5 163 157.9 150 145.7 138.2 133.8 142.6 144.6 141 134.2 127.3 120.4 113.5 107.5 104 100.5 94.8 87.1 78.8 69.2 58.2 48.4 39.3 32 27.9 20.1 21.7 20.9 -1.2 -1.2 -1.2 3.4 7.2 10.4 11.8 11.9 13.5 21 22 22 22.3 22.7 22.7 22.3 22 22.1 19.2 5.1 1.7 -1.2 -1.2 -1.2 -1.2 -1.2 -1.2 -1.2 -1.2 -1.2 -1.2 -1.2 -1.2
201.5 190.3 177 164.4 154.1 143.5 154.7 159.2 160.2 158.4 156.7 158.5 162.7 170.4 178.6 184.4 183.5 185.8 187.2 177.6 171.9 168.7 162.3 155.9 151.4 147.1 143.5 137.7 130.2 135.1 140.1 137.6 131.2 124.6 117.7 110.8 103.8 100.3 97 92 84.6 77.2 67.9 58 48.2 38.4 32.6 28.2 22.3 22 21 19.1 -1.2 -1.2 -1.2 3.9 11.2 10.5 11 11.3 13.2 21.3 21.8 21.7 22 21.9 21.1 21 20 4.7 0.9 -1.2 -1.2 -1.2 -1.2 -1.2 -1.2 -1.2 -1.2 -1.2 -1.2 -1.2 -1.2 -1.2
204.8 194.7 181.7 169.3 157.3 142.5 142.3 147.9 149.9 149.6 149.1 149.5 153.7 161 170 181.6 179.5 176.5 179.2 172.9 170.7 165.8 165.1 156.2 149.4 146.6 142.8 136.3 128.4 127.3 135 133.6 127.9 121.4 115 107.4 99 95.3 92.2 88.2 82.6 75 66.9 56.4 46 37.4 31.8 27.6 21 22.1 21.1 19.4 19 -1.2 -1.2 -1.2 -1.2 4.6 5.1 4.6 5.3 9.7 19.9 20.5 21.1 21.2 19.4 11.9 4.8 0.8 -0.3 -1.2 -1.2 -1.2 -1.2 -1.2 -1.2 -1.2 -1.2 -1.2 -1.2 -1.2 -1.2 -1.2
209.1 198.9 187.3 175.2 164.7 153.1 137.7 131.7 138.1 140.6 141.4 142.6 147.2 151.9 159.7 168.3 172 166.7 166.3 166.6 164.5 165.1 165.3 160 149.4 147.2 144.2 140 129.3 116.4 125.3 128.3 123.6 117.6 109.7 100.9 93.6 90.5 87.4 83.7 78.5 71.7 64.8 54.2 44.4 36.4 31 26.1 16.8 22.2 21.2 20.8 19.9 16 -1.2 -1.2 -1.2 -1.2 -1.2 -1.2 -1.2 1.7 5.8 10.4 9.8 8.3 5.6 5.8 1.2 -1.2 -1.2 -1.2 -1.2 -1.2 -1.2 -1.2 -1.2 -1.2 -1.2 -1.2 -1.2 -1.2 -1.2 -1.2
212.5 201.4 192.8 181.6 172.9 162.8 151.6 137.5 125.6 127.9 129.6 136.2 140.4 144.6 151.5 159.1 161.1 158.9 158.2 159.1 160 161.3 161.3 158.9 149.7 148.4 145.4 141.8 134.6 120.5 116 120.8 118.2 113.5 105.6 98.9 90.8 85.8 83.1 80.3 73.6 67.4 60.8 50.4 42.4 34.7 28.7 24.6 21.5 22.1 19.2 13.6 8.6 5.4 2.5 2.9 -1.2 -1.2 -1.2 -1.2 -1.2 -1.2 -1.2 2 2.1 1.7 1.1 0.8 0.1 -1.2 -1.2 -1.2 -1.2 -1.2 -1.2 -1.2 -1.2 -1.2 -1.2 -1.2 -1.2 -1.2 -1.2 -1.2
212.5 200.7 193.2 186.4 178.1 169.4 160.1 148.4 136.9 122.4 119.7 126.1 133.8 137.4 143.2 151.4 154.2 153.5 154.3 155.6 156.7 158.3 158.1 154.6 148.1 148 145.2 142 137.4 123.6 104.5 111.5 112.1 108.6 102 94.6 87.6 82.3 79.8 75.4 68.4 61.5 54.3 45.8 39.1 32.4 26.4 21.9 13.4 7.1 3 1.5 1.1 0.5 0.2 0.4 0.1 -1.2 -1.2 -1.2 -1.2 -1.2 -1.2 -1.2 -1.2 -1.2 -1.2 -1.2 -1.2 -1.2 -1.2 -1.2 -1.2 -1.2 -1.2 -1.2 -1.2 -1.2 -1.2 -1.2 -1.2 -1.2 -1.2 -1.2
212.8 203.6 196.5 190.3 182.3 174.4 164.8 156.6 149.4 139.7 126.6 115.2 122.8 131 135.6 142.6 146.6 150.5 152 153.7 153.9 154.9 155 151.4 144.8 145.7 144.5 138.7 134.4 126.7 110.3 103.1 106.3 103.7 97.7 91.6 85.4 79.4 75.1 70.6 63.5 55.3 48.6 41 36.3 19.6 16.3 10.2 3.3 1.1 0.3 -0.1 -0.4 -1.2 -1.2 -1.2 -1.2 -1.2 0.7 -1.2 -1.2 -1.2 -1.2 -1.2 -1.2 -1.2 -1.2 -1.2 -1.2 -1.2 -1.2 -1.2 -1.2 -1.2 -1.2 -1.2 -1.2 -1.2 -1.2 -1.2 -1.2 -1.2 -1.2 -1.2
214.3 206.7 199.7 194.4 187.6 179.5 170.1 162.3 156.6 150.2 142.9 126.3 111.4 121.4 127.6 133.4 138.5 142.7 148 153.4 152.4 149.9 150.8 148.3 142.3 143.3 142 136.3 130 122.6 110.2 88.8 96.2 95.4 91.6 86.9 82.1 74.9 70.9 65.6 57.8 50.3 43.5 36.8 32.2 13.8 13 1.8 -1.2 -1.2 -1.2 -1.2 -1.2 -1.2 -1.2 -1.2 -1.2 -1.2 -1.2 -1.2 -1.2 -1.2 -1.2 -1.2 -1.2 -1.2 -1.2 -1.2 -1.2 -1.2 -1.2 -1.2 -1.2 -1.2 -1.2 -1.2 -1.2 -1.2 -1.2 -1.2 -1.2 -1.2 -1.2 -1.2
213.7 208.4 202.8 197.4 191.7 184.9 175.7 168.5 163.5 157 149.1 140.2 123 106.2 113.8 124 130.5 136.1 141.1 146.5 149.1 145.3 144.7 143.9 138.4 140.9 139.2 133.3 124.6 118.1 109.4 95.5 80.3 86.6 85 81.2 75.9 71.2 67 61.6 53.7 46.4 39.8 34.2 12.6 11.1 2.5 -1.2 -1.2 -1.2 -1.2 -1.2 -1.2 -1.2 -1.2 -1.2 -1.2 -1.2 -1.2 -1.2 -1.2 -1.2 -1.2 -1.2 -1.2 -1.2 -1.2 -1.2 -1.2 -1.2 -1.2 -1.2 -1.2 -1.2 -1.2 -1.2 -1.2 -1.2 -1.2 -1.2 -1.2 -1.2 -1.2 -1.2
210.7 206.9 203.4 199.8 193.8 186.7 179.3 172.4 167.8 161.4 153.9 145.9 137.1 124.1 105.2 109.6 122.4 128.9 134.3 139.2 142.4 140.8 139.5 137.2 132.9 132.9 133.3 125.5 118.1 112.4 105.5 95 85.7 74.4 75.8 74.8 70.6 66.9 62.8 57.8 50.3 41.8 35.3 21.9 8.7 3.9 -1.2 -1.2 -1.2 -1.2 -1.2 -1.2 -1.2 -1.2 -1.2 -1.2 -1.2 -1.2 -1.2 -1.2 -1.2 -1.2 -1.2 -1.2 -1.2 -1.2 -1.2 -1.2 -1.2 -1.2 -1.2 -1.2 -1.2 -1.2 -1.2 -1.2 -1.2 -1.2 -1.2 -1.2 -1.2 -1.2 -1.2 -1.2
205.1 202.5 201.5 198.4 194.5 187.6 180.5 174.2 169.3 163.8 158.6 152.3 143.1 133.6 116.8 98.6 104.8 118.6 128.4 132.1 136.1 136.7 134.4 130.6 126.6 122.3 122.1 118.6 111.2 105 99.3 91 81.7 77 67.4 69.9 66.7 63.7 59.8 54.3 45.5 36.3 30.8 11.6 9.6 1 -1.2 -1.2 -1.2 -1.2 -1.2 -1.2 -1.2 -1.2 -1.2 -1.2 -1.2 -1.2 -1.2 -1.2 -1.2 -1.2 -1.2 -1.2 -1.2 -1.2 -1.2 -1.2 -1.2 -1.2 -1.2 -1.2 -1.2 -1.2 -1.2 -1.2 -1.2 -1.2 -1.2 -1.2 -1.2 -1.2 -1.2 -1.2
200.1 197 197.2 195.7 192.5 187.3 181.8 176.6 172.1 167.5 162.4 156.9 148.1 138.6 127.3 111 96 102 117.5 125.2 130.1 131.4 131.3 125.9 120.1 114.3 113.6 110.6 104.4 99 93.7 86.2 79.1 72.9 62 67.2 62.9 60.5 56.9 51.7 40.6 32.4 22.8 7.9 2.6 0.2 -1.2 -1.2 -1.2 -1.2 -1.2 -1.2 -1.2 -1.2 -1.2 -1.2 -1.2 -1.2 -1.2 -1.2 -1.2 -1.2 -1.2 -1.2 -1.2 -1.2 -1.2 -1.2 -1.2 -1.2 -1.2 -1.2 -1.2 -1.2 -1.2 -1.2 -1.2 -1.2 -1.2 -1.2 -1.2 -1.2 -1.2 -1.2
193.5 191.4 191.9 192.4 190 185.1 180.6 175.4 171.8 168.5 164.8 158.7 151.2 143 132.7 122.2 107.2 90.5 100.2 114.6 122.5 126.3 126.3 121.2 114.8 108.3 105.4 103.5 98.1 93.6 88.4 82.3 74.5 67.1 57.1 63 59.7 57.3 53 46.6 37.3 30.3 16.1 4.9 1.2 -0.1 -1.2 -1.2 -1.2 -1.2 -1.2 -1.2 -1.2 -1.2 -1.2 -1.2 -1.2 -1.2 -1.2 -1.2 -1.2 -1.2 -1.2 -1.2 -1.2 -1.2 -1.2 -1.2 -1.2 -1.2 -1.2 -1.2 -1.2 -1.2 -1.2 -1.2 -1.2 -1.2 -1.2 -1.2 -1.2 -1.2 -1.2 -1.2
187.8 185.7 185.8 186.4 186.8 183.1 179.1 174.9 171.5 167.8 165.4 162.2 155.3 146.7 137.4 127.3 119.5 99.8 86.4 98.6 111.4 116.7 117.9 115.1 110.1 100.5 97.5 95.2 92.2 88 83.3 76.7 68.9 61.3 51.4 58.5 55.8 54.2 50.3 45.2 37.1 18.2 7.5 0.7 -1.2 -1.2 -1.2 -1.2 -1.2 -1.2 -1.2 -1.2 -1.2 -1.2 -1.2 -1.2 -1.2 -1.2 -1.2 -1.2 -1.2 -1.2 -1.2 -1.2 -1.2 -1.2 -1.2 -1.2 -1.2 -1.2 -1.2 -1.2 -1.2 -1.2 -1.2 -1.2 -1.2 -1.2 -1.2 -1.2 -1.2 -1.2 -1.2 -1.2
181.1 180.3 179.4 180.3 181.1 178.1 174.7 173.3 171.2 167.6 165.4 164 159.6 151.6 143.7 135.7 125 111.8 92.8 83.2 93 105.6 109.3 108.7 103.1 96 91.4 88.1 84.8 82 76.5 70.3 64.2 56.2 49.2 55.5 52.3 51 47.3 37.5 17.1 7.7 1.9 -1.2 -1.2 -1.2 -1.2 -1.2 -1.2 -1.2 -1.2 -1.2 -1.2 -1.2 -1.2 -1.2 -1.2 -1.2 -1.2 -1.2 -1.2 -1.2 -1.2 -1.2 -1.2 -1.2 -1.2 -1.2 -1.2 -1.2 -1.2 -1.2 -1.2 -1.2 -1.2 -1.2 -1.2 -1.2 -1.2 -1.2 -1.2 -1.2 -1.2 -1.2
175.3 173.8 173.1 173.5 174 173.5 171.2 170.4 169.9 167.7 164.9 163.3 160.7 155 147.1 141.1 131.6 121.4 106.9 86 76.4 85.8 98.1 99.8 95.7 90.5 85.3 81.7 78.7 75.8 70 64.5 59.4 50.7 48.2 47.9 49.5 48.3 30 14.1 5.7 1.6 -1.2 -1.2 -1.2 -1.2 -1.2 -1.2 -1.2 -1.2 -1.2 -1.2 -1.2 -1.2 -1.2 -1.2 -1.2 -1.2 -1.2 -1.2 -1.2 -1.2 -1.2 -1.2 -1.2 -1.2 -1.2 -1.2 -1.2 -1.2 -1.2 -1.2 -1.2 -1.2 -1.2 -1.2 -1.2 -1.2 -1.2 -1.2 -1.2 -1.2 -1.2 -1.2
169.5 167.3 166.6 167.5 168.4 168 166.7 168 168.7 167.5 163.8 163.1 161.2 156.7 148.9 141.8 134.8 127.1 117.1 104.5 88.4 73.2 78.4 87.5 88.5 83.6 79.1 76 73.3 69.2 64.6 59.5 53.2 44.5 43.9 42.2 35.4 21.3 10.4 4.9 1 0 -1.2 -1.2 -1.2 -1.2 -1.2 -1.2 -1.2 -1.2 -1.2 -1.2 -1.2 -1.2 -1.2 -1.2 -1.2 -1.2 -1.2 -1.2 -1.2 -1.2 -1.2 -1.2 -1.2 -1.2 -1.2 -1.2 -1.2 -1.2 -1.2 -1.2 -1.2 -1.2 -1.2 -1.2 -1.2 -1.2 -1.2 -1.2 -1.2 -1.2 -1.2 -1.2
164.3 162.5 161.8 161.9 162.5 161.9 160.1 161.8 162.3 160.9 157.9 157.3 156.6 153.5 148.4 142 135.3 128 120.6 112.8 103.5 86.9 68.4 70.1 81.6 77.8 73.5 70.7 68.2 63.2 59.2 54.5 48.8 42.9 26.4 36.7 15.8 9.2 6.3 -1.2 -1.2 -1.2 -1.2 -1.2 -1.2 -1.2 -1.2 -1.2 -1.2 -1.2 -1.2 -1.2 -1.2 -1.2 -1.2 -1.2 -1.2 -1.2 -1.2 -1.2 -1.2 -1.2 -1.2 -1.2 -1.2 -1.2 -1.2 -1.2 -1.2 -1.2 -1.2 -1.2 -1.2 -1.2 -1.2 -1.2 -1.2 -1.2 -1.2 -1.2 -1.2 -1.2 -1.2 -1.2
