app/static/ascii/ND02.asc
ncols 200
nrows 200
xllcorner 300000
yllcorner 920000
cellsize 50
[rows 105 to 139 of 200, columns 0 to 77 of 200]
314 309.1 305.9 302.5 299.1 295.3 291.4 287.1 281.8 273.7 273.8 268 269.2 271.4 272.5 272.9 272.2 270.9 268.5 265.1 261.6 257.1 252.7 251.7 246.9 241.7 240.9 239.7 239.2 238.1 236.3 233.5 226.2 223.5 218.5 212.2 209.4 203.5 193.7 185.4 179.8 175.9 173.9 169.2 166.7 162.3 161.7 159.9 160.2 162.4 164.5 163.8 154.3 162.7 159.1 159.1 160.4 162.1 163.2 164.1 167.8 170.9 172.4 175.4 174.2 173.3 171.3 164.3 156.1 152.2 147.2 142.9 144.9 148 159.9 168.6 175.7 178.8
315.2 310.8 307.2 303.1 298.8 294.7 290.7 286.7 282 276.7 269.6 268 264.4 266.6 268.3 268.8 267.8 266.6 265 262 256.3 252.1 248.9 248.2 241.3 239.2 238.8 238.2 235.9 234.8 233.5 231.7 225.1 218.7 214.9 212.3 208.1 202.2 195.6 187.5 180.1 176.8 173 168.3 163.1 165.5 163.6 161.7 160 159.2 162.1 157 170.2 171.6 167.2 166.7 166.5 167.6 169.1 170.5 173.3 177.8 179.3 180.2 180 177.7 173.5 168.1 161.5 157.7 152.2 148.5 147.9 142.2 144.4 161.7 168.8 172
315.9 311.7 307.2 302.8 298.5 294.2 289.2 284.6 280.1 275.3 269 264.3 255.9 261.9 263.2 263.5 262.9 261.8 258.7 255.5 250 244.4 242.4 243.1 237.2 234.2 234.2 234.6 231.9 230.6 228 222.1 217.4 218.7 214.7 210.7 206 202.7 193.5 188.5 184.4 178.7 169.4 172.9 170.2 168.5 166.6 162.9 161.4 159.7 158.4 157.6 157.1 165.7 168.5 169.3 169.9 171.6 173.4 175.9 182.3 187.6 188 183.4 183.1 182.1 173.9 169.2 165.6 159.5 154.7 150.8 148.4 143.7 142.4 152.6 160.6 164.6
314.8 310.6 306.5 302.1 297.7 293 287.8 283.3 278.1 273.1 266.7 261.6 255.5 256.3 257.5 257.6 257.1 255.3 251.5 246.9 242.6 239.3 234.8 233.7 227.9 225.7 228.3 226.7 227.5 228.5 219.1 217.4 212.5 207.6 212.5 208.1 199.5 195.9 191.2 187.2 182.3 170 178.3 179.7 174.3 171.9 169.7 164.4 162.3 160.3 159.3 157.7 158.8 166.5 169.4 171.3 173.3 176.7 179.6 190.7 198 198.7 196.3 190.5 187.7 184.6 177.7 172.1 166.3 162.2 155.3 151.2 147.8 144.4 142.2 147 152.7 154.7
311.2 308.1 305.1 300.9 296.9 291.8 286.8 282 276.7 271.1 265.3 259.9 253.4 250.4 251.9 252 250.9 248.4 245.3 240.1 234.5 229.1 219.6 216.7 216.2 210.7 218.1 216.1 219.5 217.7 211.5 206.9 205.9 202.8 200.8 200.4 195.2 193.1 187.7 175.3 171.8 173 181.3 180.6 177.2 175.5 173.6 171.5 170.7 171 169.7 166.6 170.8 171.1 173.9 175.3 178.8 182.3 194.1 203.1 207.4 204.9 201.6 197.3 190 184.8 179.5 174.2 167.6 161.7 156.8 152.3 147.3 144.5 142.1 145.7 149.3 159.2
308.1 305.1 302.2 299.4 295.5 290.4 285.2 280.5 276.3 270.9 264.9 258.3 251.5 242.5 245 245.3 243.8 241.3 236.6 229.4 224.8 217 211.5 205.4 201.9 198.6 199.4 201.7 203.2 202.7 204 200.9 196.4 191 187.7 187.4 183.4 180.7 177.1 176.1 177.5 179.5 180.3 180.2 180.1 179.8 179 177.8 176.6 176.9 175.5 173.9 175.4 176.3 178.2 180.6 183.8 194.2 204.2 209.2 211.2 209.3 202.7 196.9 190.9 186 180.8 175.5 169.7 161.6 157.1 152.1 147.9 145 141.8 142.5 160.3 170.9
303.3 301.4 298.6 295.8 292.7 288.7 284.4 280 274.8 269.5 264.1 257.3 251.8 246.3 233.2 236.2 236 232.9 228.4 221.6 209.7 203 199.1 196.6 195.6 193.8 193.1 191.7 190.5 189.8 187.7 186.4 185.4 183.5 182.8 183.9 185.5 187.6 185.6 182.2 181.3 184 183.7 183.3 183.9 184.7 184.6 184.6 184.2 184.6 182.5 180.8 180.9 182.5 183.9 187.8 196.9 205.2 209.9 211.3 208.9 205.4 200.1 196.5 191.7 185.3 179.9 174.6 169.5 164.4 158.2 153.9 149.8 146.2 141.1 143 157.2 167.6
297.9 296 294.1 292 289.1 286 282.2 278 273.2 268.1 262.4 255.2 251.3 245.4 235.5 228 217.7 224.1 222.2 212.4 201.4 199.3 197.1 203.8 205.2 207.5 208.5 208 203.9 200 198.4 197.9 199.9 200.7 198.2 196.8 198.7 195.3 192.4 183.6 191.2 191.7 192.2 193.1 191.8 191.7 191.4 191.2 192.1 192.2 192.1 188.5 188.3 189.3 192.8 199.4 206.5 210.3 213.5 212.7 208.2 204.1 199.9 195.6 189.6 186.5 180.3 175.2 170.7 167.9 163.4 156.4 151.7 147.6 144.7 139.8 145.8 158.6
293.1 291 289.5 287.8 285.8 283.5 279.8 275.8 271.3 266.3 259.7 252.6 249.2 244.2 241.6 234.1 224.6 213.7 209.6 202.9 202 216.1 220.2 222.7 224.1 222.7 221.6 220.2 218.4 214.4 211.6 213.3 213.4 212.1 209.5 207.3 205.6 200.6 197.9 194.5 201.6 202.2 202.7 202.3 200.5 200 199 198.3 198.4 198.8 197.1 196.8 200.2 203.2 207.2 209.9 214.1 216.8 217.5 215 212.1 206.7 202.1 197.8 191.9 187.8 183.9 179.5 176.1 171 167 160.6 152.6 149.2 145.7 142.2 138.8 146
288.8 287.3 285.8 284.3 282.6 280.5 276.8 272.9 268.8 263.1 256.2 251 247.7 243 239.9 233.8 226.2 218.7 205.2 209.2 222.6 231.9 235.1 235.3 232.8 231.7 228.2 226.1 224.5 221.6 220.6 219.1 218.4 218.2 217.7 214.9 210.5 203.2 195.3 204.4 211.5 214.5 214.1 212.5 209.8 208.3 206.2 207.3 206.6 205 203.5 205.8 212.1 216.4 217.8 218.9 220.6 222.5 221.5 218.3 215 212 205.5 199 194 190.4 186.6 182.6 179.3 175.8 172.2 163.2 155.3 150.6 146.4 143.1 140.7 137
285.2 283.7 282.3 280.7 278.9 276.8 273.3 269.5 265 258.2 253.4 249.9 246.4 241.8 236.6 229.3 222.1 215.8 204.9 223.3 236.7 242.3 243.8 244.1 242.1 238.7 234.1 232.3 229.5 226.8 225.1 224.3 223.6 223.2 221.5 219.2 214 206.7 196.6 212.7 222.1 225.1 225.8 224.2 222.9 221.5 219.4 220.9 218.2 215.7 213.9 215 219.6 222.5 222.7 224.3 225.8 227.8 229.3 228.4 227.5 224.6 217.1 207.4 197.8 192.8 188.4 183.9 179.7 174.2 169.9 164.9 156.7 151.9 146.8 142.9 141.5 140
280.3 278.9 277.5 275.9 274.3 272.2 269.3 265.6 260.9 255.6 251.8 248.7 245.5 240.9 237.1 234.2 229.2 224.5 207.6 229 241.5 246.5 249.1 249.9 248.9 244.8 240.1 237 235.3 232.2 230 229.5 227.8 226.1 224 221.2 215.8 207.8 208.2 225.1 234 237.3 237.7 237 235.7 234.4 231.2 230.1 226.8 222.5 221.3 220.6 223.4 225.4 226.3 229.5 231.8 234.8 236.5 238.2 236.3 232.3 225.3 218.3 205.2 197.6 191.8 187 182 175.4 171.4 165.9 159.4 152.2 146.7 142.9 141.4 139.7
275.6 274.2 272.7 271.5 269.9 267.7 265.5 262.3 258.7 254.8 250.2 246.9 243.9 240.9 239 236.8 234.1 227.7 211.2 233.3 243.1 248.2 251.3 254.3 253.7 251.2 246.8 242.1 237.7 235.9 234.4 232.9 231.4 228.5 225.1 218.4 207.4 212.1 226.1 237.5 245.4 248.1 248.6 248.3 245 242.3 240.1 237.1 232.5 228.9 226.5 226.3 228 230.6 233.9 235.7 238.2 241 242.6 242.8 240.9 235.2 228.6 220.2 209.5 202.9 196.4 189.5 183.6 177.8 173.1 167.9 163.4 151.7 145.6 142.5 141.1 138.4
271.3 270.2 268.6 267.4 265.9 263.8 261.5 258.8 255.8 251.4 247.1 244.6 242.9 241.3 239.3 237.3 234.6 223.6 212.5 235.3 245.2 250.2 254.1 257.2 257.9 255.2 251.2 245.7 240.3 237.7 236 234.8 233.3 231.5 226.6 217.6 212.1 225 238.8 245.9 251 255.4 255.1 252.9 250.2 246.6 244.4 241.1 237.2 233.5 231.6 231.2 231.8 234.2 238.6 242.2 244.2 245.5 245.6 245.4 243.5 240.6 234.8 225.7 211.7 203.6 194.9 188.8 184.3 178.5 172.6 167 156.7 148.2 147.8 143.7 142.3 140.7
268 267.3 265.2 263.3 259.4 259.2 257.4 254.7 251.8 247.4 244.2 243.4 241.8 240.7 239.4 237.3 234.2 219.7 216.6 236 245.8 250.7 254.4 257.7 259.2 257.4 253.1 247.8 243.3 239.7 237.9 236.7 234.9 232.4 226.3 212.8 223.2 237.3 246.7 252.2 256.7 260 260 257.7 254.1 250.6 247.9 245.2 242.4 237.4 235.6 234.2 234 237.4 242.8 246 246.3 245.9 245.5 244.5 241.6 237.4 233.3 224.2 212.9 204.2 193 183 174.7 166.6 159.8 153.7 154.1 159.9 152.8 147.7 145.4 143.2
265.1 264.3 262.5 258.5 252.5 251 250.1 249.1 246.5 244.1 242.2 241.6 240.8 239.6 238.6 236.9 230.5 215.2 219.8 236.3 245.1 250.7 254.2 257.8 260.4 260.2 255.8 251.1 246.5 242.8 239.8 238.4 235.9 233.2 223.7 211.9 230.3 243.6 251.5 257 260.7 263.9 263.3 261.4 258 253.9 251.3 248.4 242.2 237.5 236.2 234.9 235.7 240.4 243.6 244.3 243.7 242 241.5 240.3 237.5 234.7 228.8 220.3 203.3 190.6 177.4 162.1 159.1 164.6 168.2 168 166.3 163.6 158.9 155.1 151.3 145.9
261.3 260.9 259.4 254.7 249.3 245.2 244.1 243.1 241.8 241.3 240.1 239.4 239.2 238.4 236.4 233 221.9 214.1 226 237.5 243.7 249 253.7 257.3 259.8 260.4 258.7 255.4 251 247 243.8 241.9 238.9 232.5 215.8 227.7 239 248.3 254.5 260.1 263.9 266.2 266.9 264.6 260.2 257.4 254.3 249.7 242.5 237.6 236.6 235.6 235.2 238.1 240.3 239.7 237.4 233.1 227.9 226.6 224.1 221.9 214.4 204.5 193.2 179.3 161.8 170 178.4 187.4 182.1 177.3 173.1 171.2 168.5 165.1 157.8 153.9
257.1 256.8 255.3 251.8 248.2 244.5 239.6 237.5 236.5 236.8 236.1 236.5 236.7 234.5 229.3 218.9 217.2 225.3 222.3 235.8 243 248.6 253.2 256.1 259.5 261.6 260.5 258.4 255.3 252 248.6 246 242.5 232.2 219.7 238.8 246.1 252.5 257 262.4 266.6 269.5 270.1 269.3 268.4 263.3 257.2 251 244.6 238.5 237.2 235.3 233.6 233.8 234.3 233.2 230.1 224.8 214.8 207.7 206.6 200.9 198.5 191.2 179 164 178.1 194.3 204.9 209.5 200.6 193.1 189.3 184.9 181.4 178.2 169.4 163
253 252.3 250.5 249.4 246.3 243.2 238.5 234.8 232.3 231.7 229.4 225.5 223.6 223.4 220 229.3 237 237.4 231 230.1 240.2 247.3 252.5 256.1 260 262.6 262.4 260.5 258.3 255.7 252.9 250 246 234.1 222.2 243.1 250 256 260.6 266.1 270.5 273.5 274.7 275.2 273.3 268 259.7 253.6 244.4 238.8 237 235 232.9 229.4 227.6 225.4 221 208.5 196.7 188.7 182.6 179.4 174.8 167.1 168.9 188.3 203.9 216.5 220.7 216.9 211.8 203.4 197.7 193.3 187 181.4 176.2 170.9
248.7 247.9 245.2 245 244.4 241.6 238.2 232.8 228.3 226.6 230.8 232.2 231.8 230.1 235.2 239 242.8 244 243 239.7 234.5 245.6 251.2 256.7 260.5 263.4 263.9 262.9 260.9 258.6 255.7 252.6 248.2 237.3 221.3 243.6 251.6 258.3 265.3 270.9 275.3 277.8 278.9 280.5 277.9 270.4 264.5 257.3 244.4 238.8 236.9 234.7 232.2 228.7 222.9 215.1 203.2 191 178.8 169.2 169 175.3 183.7 189 198.1 211.4 223 231.5 229.6 225.6 219.6 211.7 204.9 198.9 192.5 185.8 181.3 176.4
242.6 240.9 240.5 243.1 240.6 236.8 233.7 229.7 234.6 238.1 239.4 241.1 239.5 240.2 242.9 245.5 248 249.2 249.4 248.2 243.5 245.6 252.9 257.5 261.4 264.7 265.8 264.9 263.3 260.7 257.7 254.3 250.3 242.5 225.1 239.7 250.7 259.4 268.3 274.6 279.1 281.5 283.8 285.6 281.3 271.6 266.7 257 243.3 238.8 236.7 234.7 231.5 227.3 220.7 206.5 183.8 172.3 170.8 181.6 193.3 200.6 207.1 214.7 220.7 228.2 237 240.7 236.8 231 225.5 216.2 209.7 204.6 197.6 192.1 187.8 183.7
242 243.5 239.5 235.1 239.3 238.7 238.3 240.3 244.2 245.9 247 247.3 248.5 249 249 251 252.5 254.1 253.7 251.6 248.6 246 253.7 258.9 262.7 266.2 267.3 266.3 264.5 261.8 259.3 256.1 252.7 246.7 234.4 235.2 248.7 260.2 269.9 277.6 282.6 285.7 287.7 288.1 285.1 278.8 268.8 258 243.6 239.5 237.3 234.4 231 226.9 217.6 196 174.3 179.3 188 203 210.3 215.8 222.2 228 235.4 242.1 244.7 243.9 240.5 234.8 227 219.7 213 207.6 201.3 196.2 190.2 185.8
247.7 246.3 243.2 242.7 246.7 248 248.2 249.4 250.6 250.8 250.7 251.7 253 253.5 253.6 254.8 256.2 257.4 257.3 254.9 252.7 247.8 252.8 259 263 265.8 266.2 265.7 264.3 261.8 259.9 257 254.1 249.1 240.4 235.3 248.7 259.9 271.1 279.4 284.8 288.2 289.9 290.8 288.8 283 272.7 257.2 245.6 240.9 236.8 232.2 228.4 224.9 216.6 197.7 175.8 187.8 207.5 215.7 223.8 230.5 236.6 241.6 247 248.7 246.1 244.1 239.1 233.8 229.8 223.7 216.7 210.3 202.3 196.2 189.6 184.8
247.8 246.3 245.1 246.8 250.2 251.8 252.5 253.7 254.6 254.4 254.7 255.9 256.9 257.1 257.2 258.2 260.1 261 260.3 258.5 256.1 254.5 255 257.7 261.8 263.8 264.6 264.7 263.5 261.9 259.9 257.6 255 251.7 246 235.9 251.2 261.4 272.5 280.9 286.4 289.7 290.6 291.3 290.4 286 276.1 260.7 250.1 244.1 238.2 232.7 225.7 214.9 202.3 191.4 176.5 194.9 218.3 231.2 240 247.2 251.1 253.7 255.1 252.8 248.7 245.2 239.5 233.9 229.3 222.9 218 213 205.6 197.7 191.6 187.4
249.8 247.3 247.2 250.6 253.5 255.1 256.8 257.9 259 260.6 262 262.2 262.3 262.6 261.7 263 263.8 264.5 264.2 263.1 261.6 260.4 259.1 259.2 260.9 261.9 263.1 263.5 262.4 261.3 259.8 258.2 255.8 252.9 247 237.1 252.9 263.3 273.4 281.2 287 290.8 291.3 292.6 291.9 288.1 280.4 269.9 258.6 250.9 244.4 239.2 236 231.8 226.3 209.8 185.9 188.1 215.2 236.5 250.4 257.5 258.9 259.2 258.4 255.5 251.7 246.5 239.9 234.3 230.3 224.3 220.7 215.9 207.5 202.4 196.9 185.5
249.6 248.6 250.1 254.9 258.2 259.9 261.8 263.3 265.4 267.6 269.6 269.5 269 268.1 267.3 266.9 267 267.7 266.8 265.8 264.7 263.9 263.3 262.6 262.4 262.8 262.6 262.7 261.7 260.6 259.2 257.8 256.1 253.5 239.8 244.7 256.6 265.8 273.8 281.4 287.5 291.8 294.4 296.2 295.7 292.1 284.7 276.1 265.6 257.6 251.1 245.2 241.2 238.1 233.6 220.7 196.1 181.2 205.4 232 251.6 260 263.4 264.3 262.6 258.7 254.4 247 241.1 235.6 230.9 224.5 218.7 213.3 208.7 203 192.4 198.2
249.3 249.5 255 259.2 262.5 264.3 266.8 269.2 271 273.8 274.9 275.1 274 272 271.1 270.3 270.4 270.5 269.5 268.4 267.8 266.7 265.4 264.7 264.3 263.5 262.5 261.9 261 259.9 258.3 257.2 254.9 246.7 240.4 250.5 261.6 267.9 275.7 283.6 289.6 294.4 297.5 298.9 299.3 297 291.1 285 276.3 266.8 259 251.8 246.4 241.6 237.1 224.7 202.8 182.6 196.2 223.1 247.7 264.7 268.3 267.8 265.8 262 256.8 249.9 244.8 236 230.9 224.6 219 213.3 207.8 199.2 198.7 207.1
248.4 252.8 259.5 263.1 266.3 270 272.3 274.5 275.7 277.8 279.1 278.3 277.4 275.5 274.7 274 273.2 272.6 272.1 271.4 270.4 269 267.7 266.8 266.5 265.3 263.3 261.9 260.6 259 255.8 253.2 246.8 247 251.8 260.1 264.9 270.1 278.2 286 291.8 296.1 299.1 301.6 302.4 301.7 297.9 293.4 285.5 276.5 265.1 256.8 250.4 244.7 239.7 224.2 204.5 190.6 193.2 220.9 247.6 265.3 270.4 272.7 270.2 265.1 259.9 252.7 245.6 239.3 234 229 222.5 215.9 209.2 207.1 214.1 218.4
249.5 257.9 262.3 265.9 271 273.6 276.7 277.7 283.1 284.7 282.5 282.2 280 277.7 276.9 276.2 274.9 274 273.5 272.9 272.1 271.2 270 269.3 268.1 266.5 264.2 262.6 260.6 257.6 253.7 247.4 245.3 254.9 260.5 264.6 268.1 272.6 279.8 287 292.5 296.8 299.9 303.1 304.9 305.5 303.9 299.3 292.6 283.7 272.8 261.9 255.1 248.2 240.3 220.1 199.8 182.4 197.3 222.4 247.8 266.2 270.8 272.7 271.5 265.9 259 253.3 248.7 245.1 241.1 236.5 230 223.7 216.7 213.8 221.8 224.5
253.6 261.6 264.1 272.2 276.7 280.2 282.3 286.9 289.8 289.9 290 286.7 283.1 280.7 278.7 277.3 276 275.2 274.7 274 273.3 273.2 272.6 271.9 270.2 268.2 265.2 262.4 260.4 257.1 252.6 246.1 254.5 259.8 264.8 268.3 271.1 274.6 281.7 287.9 292.6 296.8 300.7 303.9 307 308.1 307.5 303.6 298.3 289.5 279.5 267.4 258.7 250.9 240.1 214.7 196.8 193 202.1 227.3 251.5 266.6 271.4 273.9 273.7 268.1 262.6 257.4 254.1 252.5 248.4 245.2 238.9 230.8 225.1 221.6 228.2 231.3
255 259 271.8 276.6 281.2 284.1 289 293.9 297.5 298.3 297.4 293.9 288.4 284.9 281.6 278.7 277.2 276.5 275.7 275 274.4 274.1 273.4 272.8 271.4 269.3 266 262.8 259.9 256.7 251.5 250.6 257.6 262.4 266.9 270.4 273.4 276 282.3 288 292.5 296.7 300.8 305 308.4 310.7 311 307.1 302.1 292.9 284.8 272.8 260.8 252.1 235.5 212 188.6 197 209.3 236.4 258.4 268.7 275.3 277.7 276.6 273.3 268.3 265.2 262.1 258.5 255.8 253.1 247.4 236.7 229.2 230 235.7 238.9
261.5 265.5 274.6 279.1 282.5 291 298.8 301.9 303.7 304.2 303.5 300.3 295.2 288.9 285.1 282.3 279.6 277.5 276.5 275.7 275.1 274.1 273.2 272.3 271.2 269.4 266 262.6 259.4 255.9 249.3 255.2 259.9 264.2 268.5 271.8 274.7 278 281.7 286.6 291.3 295.7 300.9 305.4 309.7 312.3 312.2 309.2 303.8 294.9 287.6 275.6 262.4 251.9 233.5 211 194.6 196.4 217.4 242.6 261.6 270.4 278.6 282.9 282.3 279.6 274.8 271.8 268.7 266.2 265.1 261.1 255.2 248.4 237 240.3 248.3 255.3
265.3 271.3 274.4 285.4 291.4 299.9 305.6 308.3 309.2 309.6 308.4 306.6 302.8 297.3 292.3 288.2 283.7 281.1 278.3 277 275.5 273.8 272.9 271.8 270.4 267.6 264.3 261.2 258.1 254.5 251.5 258 261.2 265 268.9 272.3 275.6 278.8 281.6 285 289.7 294.3 300.2 305.4 309.3 311.1 311.1 308.6 303.5 295.1 286.6 275.1 261.1 252.3 236.1 214.3 196.6 197.9 217.4 245.5 261.1 270.5 281.9 287.5 290.1 289.8 286.3 280.4 278.9 275.1 272.9 268.1 263 256.3 246.9 252.9 261.7 268.9
268.4 272.4 284 295 301.7 306.6 311 313.3 314.4 314.7 313.7 311.7 309.8 306.2 301.4 297.5 292.3 287.3 281.9 279.3 276.3 273.9 272 270.3 267.3 265.2 262.4 259.7 257.2 252.9 255.2 259.2 261.8 265.1 268.8 272.3 275.7 279.1 281.5 284.9 288.4 293.5 299.1 303.4 306.7 307.9 307.6 305.5 301.4 294.2 284.4 271.8 261.9 253.6 241.5 221.5 200.1 199.9 218.9 246.4 260.4 271.5 282.3 290.3 295.9 297.5 295 293 290.3 284.8 280.5 275.8 272 266.9 262.6 265.9 275.4 280.4
267.5 279.8 292.3 299.7 305.5 310.3 314.3 317.5 319.1 319.1 318.2 317.1 315.7 313.2 309 305.3 301 295.2 288.8 282.3 278.7 275.7 272.1 268.3 264.8 262.6 261.8 259.3 256.9 253.4 257.2 260 261.8 264.7 268.5 271.2 274.5 278.1 281.2 284.3 287.2 291.6 296.6 301.2 302.9 302.6 302 300.2 296.6 290 281.1 270.4 262.5 255.4 247 227 204.4 200.1 216.8 243.2 259 270.2 281.2 292.1 299 303 303.6 302.1 297.1 290.9 285.8 282.8 279.5 277.8 276.7 278.9 286.4 290.5
