app/static/ascii/ND03.asc
ncols 200
nrows 200
xllcorner 300000
yllcorner 930000
cellsize 50
[rows 70 to 104 of 200, columns 0 to 77 of 200]
190.5 187.1 183.8 179.9 177.1 175.6 178.8 181.6 186.6 190.1 190.8 192 192.6 192.4 192.6 193.6 195.3 198.1 201.5 204.2 206.9 208.3 209.4 212.4 214.8 216.2 218.8 221.9 225.2 228.8 234.3 239.8 245.4 249.3 253.6 262.5 270.2 276.7 282.8 287 286.6 282.1 274.2 265.4 257.5 252.9 251.2 250.3 249.7 249.3 248.5 248.3 244.4 247.6 247.4 247 246.2 244.8 245.6 245.6 245.7 245.4 245.4 245.9 246.1 246.2 246.6 247.1 247.6 248.3 247.9 247 245.8 245.5 245.8 246.8 247.7 249
191.2 188 184.5 180.3 177.9 175 178.5 179.8 182.4 185.3 187.9 189.4 190.8 191.1 190.3 192 196.6 199.9 202.9 204.6 206.6 208.4 211.3 213.2 213.7 215.5 218.2 221.6 224.9 228.3 233.6 239.2 244.4 248.5 253.2 262 268.8 275.9 281.7 284.8 285.3 280.2 272.2 263.4 255.5 251.9 251 250.3 249.6 249.1 248.9 248.6 247.2 244.7 246.7 246.2 245.5 244.7 244.6 244.8 244.9 245.1 245.3 245.5 245.6 245.8 245.8 245.5 245.1 245 245 244.4 244.1 243.9 243.7 243.3 244 245.2
193 189.1 184.7 180.2 176.5 174.6 177.5 178.4 179.5 182.9 183.4 186.4 188.7 188.6 189.9 192.8 196.8 200.1 202.9 204.8 207.2 209.2 210.8 212.6 214.4 215.9 218.4 220.9 225.1 228.5 233.6 238.4 243.4 247.9 252.1 260.3 267.3 274.3 280.1 283.1 282.5 277.5 269.8 262.2 254.7 251.6 251 250.4 249.7 249 248.3 248 246.2 243.4 245.3 245 244.7 243.5 243.6 244.2 244.1 244.4 244.7 245 245.1 245.1 245 244.7 244.4 244 243.6 243.4 243.2 243 242.9 242.3 241.3 242.2
193.8 189.9 185.4 180.8 177.4 175.2 177.5 177.4 178.1 180.8 182.8 183.8 185 189.4 190.7 192.8 196.7 200 202.9 205.5 207.3 208.8 210.3 212.2 214.3 216.8 218.9 220.8 223.8 228 233.4 237.9 242.4 247.4 251.4 258.8 265.6 271.6 277.5 280.3 279.1 274.4 267.4 260.6 254.1 251.6 250.8 250.5 249.8 249.1 248.4 246.6 246.3 246 243.8 242.5 242.9 241.3 243.4 243.7 243.9 243.9 244.3 244.4 244.4 244.4 244.2 243.9 243.6 243.2 242.9 242.6 242.4 242.2 242.1 241.5 240.3 239
194.8 190.5 186.8 181.3 178.2 175.9 175.8 176.7 177.9 180.4 183 185.1 187.4 188.5 189.6 191.6 195.3 198.5 201.9 205.7 207.2 208.7 210.2 211.7 213.5 216.4 218.8 221.1 223.6 227.5 232.3 237 241.6 246.6 250.5 257.3 263.4 269.3 274.8 276.5 275.5 271.6 265.6 259.5 254.2 251.6 250.8 250 249.9 249.3 248.7 248.2 247.3 246.4 245.7 244.8 243.6 242 242.5 243.3 243.3 243.7 243.9 243.7 243.4 243.6 243.4 243.1 242.8 242.4 242.1 241.9 241.7 241.5 241.3 240.7 239.3 236.3
195.6 191.1 187.4 183.1 178.3 176.4 177.6 177.6 177.6 179.4 182.6 184.3 187.4 188.2 189.1 190.9 193.7 197.2 200.7 204.9 206.5 207.9 209.6 210.4 213 216.1 218.6 220.7 222.7 226.1 231.2 236 240.8 245.9 250.5 255.4 259.9 265.3 269.9 271.8 270 266.1 262.3 257.6 254.1 251.7 251.2 250.7 250.4 249.9 249.3 248.8 248.2 247.4 246.5 245.5 244.4 243.3 240 242.7 242.8 243.1 243.3 243 242.8 242.9 242.6 242.3 242 241.6 241.4 241.3 241.1 240.9 240.8 240.5 239.5 238.5
195.4 190.8 187.3 183.4 178.7 177.4 178.4 176.5 178.4 179.4 181.7 183.1 185.6 187.5 188.3 187.9 191.1 197.2 200.6 203.5 204.8 206.4 207 208.9 213 216.5 217.8 220.6 222.7 224.8 230 235.1 240.5 244.8 249.1 253.2 257.1 260.9 264.4 266 264.4 261.5 258.6 255 252.9 252.3 251.9 251.3 250.9 250.4 249.9 249.5 248.6 247.4 246.5 245.7 244.5 243.3 239.2 241.9 242.5 242.6 242.4 242.4 242.2 242 241.8 241.5 241.1 240.8 241 240.7 240.6 240.6 240.6 240.2 239.8 239.2
194.3 190.1 186.8 183.3 179.3 178 178.5 177 177.5 179.4 180.6 182.1 184.7 185.2 187.3 188 189.7 195.4 199.4 203.1 206.8 207.8 208.5 210.5 214.3 217.8 219.4 221.4 222.6 224.9 227.5 233.2 240.1 243.8 246.8 251.5 254.6 257.3 259.4 259.9 259 258.8 257 256 255.8 254.4 253.1 251.9 251.3 251 250.7 250.4 249.1 247.8 246.6 245.8 244.8 243.1 241.4 239.1 241.6 241.8 241.5 241.5 241.4 241.1 240.9 240.6 240.3 240 240.4 240.9 240.8 240.8 240.7 240.1 239.9 239.4
193.3 189.2 186.3 183.4 180.1 178.4 179 179.2 177.5 180 181.1 183.6 185.7 187.4 188.5 189.2 190.4 195.9 199.3 203.1 207.3 208.8 209.6 211.6 214.5 219 221.1 220.6 223.4 224.9 226 229 234.1 238.3 243.3 247.7 249.3 251.7 253.1 254.6 255.8 256.7 257.5 257.8 258.3 258.4 255.9 254.5 252.3 251.5 251.3 250.5 248.9 247 245.7 245.3 243.8 241.8 240.2 239.6 239.5 240.3 240.5 240.2 238.9 239.9 240.1 239.8 239.4 239.5 240 240.7 241 241 240.6 240.5 240.3 240.3
192.3 188.8 186 183.5 181.2 178.3 178.4 179.2 179.9 178.8 178.4 180.8 184.7 187.9 188.4 189.2 190.5 195 199.3 202.4 205.2 208.5 210.9 212.8 214.6 219.2 221.6 222.8 223.5 224.3 225.2 226.5 228.1 230.2 235.2 241.1 246 248.1 252.4 256 257.6 258.3 258.1 258.9 259.9 259.9 258.4 255.3 253.6 252.3 251.6 250.8 248.2 246 244.7 244.3 242.4 240 239 238.2 237.6 238.6 238.4 237.9 236.5 238.3 237.9 238.5 238.7 239.1 239.4 240.2 241 241.3 241.3 241.3 241.4 240.9
191.2 189.1 187.2 185.2 182 179.3 179.5 180.8 182.1 182.3 182.2 181 183.4 186.7 187.8 188.6 190.3 194.1 198.9 201.9 204.1 207.3 210.1 212.7 214.4 219.2 221.8 223.1 224.5 225.5 227.2 229.5 232.5 236.8 242.6 248.9 251.2 254 257.7 261 262.1 262.3 260.8 261.4 261.2 261 258.4 256 254.8 253.6 252.3 250.9 247.8 244.9 243.5 243.1 240.9 238.5 237.4 236.2 235 236.7 236.4 235.5 234.7 235.8 235.8 236.3 235 237.6 238.7 240.2 240.9 242.1 242.4 242.4 242 241.5
191.7 189.8 188.3 186.7 183.2 180.5 179.9 180.9 183.2 183.3 183.7 183.9 185 184.3 186.4 185.7 188.6 192.8 197.1 199.4 203.2 205.9 209.4 211.6 213.5 218.2 222.6 223.6 225.2 226.4 228.5 231.5 235.1 241.3 247.4 251.1 253.5 256.4 260 263.6 264.9 264.3 263 263.3 262.2 260.3 258 255.3 254 252.9 251.9 250.3 246.4 243.6 242.4 241.6 239.4 237.2 236.2 235.3 233.1 234.8 234.1 233.7 232.5 233.1 234.3 234.7 234.2 234.6 237.7 239.9 241.6 242.8 243.5 243.1 242.6 242.1
192.5 190.6 189.3 187.6 185 182.1 180.4 181.6 183.3 184.1 184.5 185 186.3 185.3 181.9 183.9 188 189.3 192.4 199.5 202.2 204.9 208.3 210.9 211.8 216.7 220.9 221.8 224.3 226.2 228.2 230.9 234.9 243 248.9 252.7 255.2 258.4 262.8 265.9 267.2 265.4 264.5 263.4 261.7 259.7 256.3 254.7 253.4 252 250.8 248.3 244.6 242 241.3 240.2 238.1 236 235.5 234.6 232.5 231.1 232.3 232.4 232 231.1 233.2 233.8 232.8 233.9 236.7 239.8 241.9 243.5 244.3 243.8 243.3 242.7
193.9 193.6 191.1 188.7 186 183.8 180.7 182.4 183.9 184.8 185.4 186.1 186.6 187.5 188.1 185.2 188.9 190.5 193.3 198.5 202.6 205.3 207.5 209.2 210.2 214.3 217.8 221.6 224.2 226 227.8 230.4 236 243.6 250.2 256 260.1 262.5 265.8 268.9 268.6 266.4 264.6 262.8 261 258.1 255.4 253 250.7 249.3 248.1 245.9 242 240.1 239.1 237.9 236.5 234.9 234.3 233.9 233 232.1 228.6 231.1 230.8 229.7 231.8 232.4 232 233.8 236.6 238.8 241 243.5 244.4 244.3 243.2 241.9
195.4 194.3 193.1 190 187.7 185.2 180.9 181.5 184.3 185.3 186.1 186.6 186.9 188.3 189.8 186.8 190.5 192.6 195.7 199 202.9 205.9 207.8 209.1 210.1 212 216.3 221.6 224 225.8 227.6 229.9 235.8 243.9 250.7 256.7 262.9 266.7 269.2 270.4 269.9 267.2 264.5 262.6 260.5 255.9 252.3 247.8 247.2 245.5 244.6 242.5 239.1 237.8 236.8 235.8 234.5 234.1 233.4 232.8 231.8 231 226.8 229.5 229.5 227.4 230 229.7 231.4 233.6 235.5 237.4 239.3 241.7 243.2 243 241.5 240.6
198.7 196.7 194.9 192.3 189.7 186.3 185.5 183 183.2 186.2 187.8 188.1 188.2 188.8 190.7 190.5 189.3 192.4 196.2 199.6 203.2 206.1 207.8 209 209.9 210.9 215.9 221.3 223.6 224.9 226.7 228.7 234.9 243.4 249.7 255.9 262.7 268 271.2 272 271.8 270 267.1 264.3 261.2 256.3 251 246.1 245.1 241.5 239.9 238 236.2 235.3 234.6 234.3 233.8 233.4 232.4 231.8 230.7 229.7 227.2 228.1 228.1 226.7 227.5 229.1 231 232 233.5 235.7 238 239.8 240.1 240.1 240.1 240.2
201.3 198.4 195.7 194 191.3 188 186.8 183.6 184.2 187.1 189.6 189.8 190.9 192.8 192.7 193 192.4 194 194.8 199.4 204.2 206.3 207.7 208.8 209.7 210.6 214.5 219.5 223 222.4 225.6 227.8 232.3 240.1 248.3 254.6 261 266.7 271.1 272.8 272.8 272.3 270.3 267.5 263.6 258.6 252.5 246.7 242.2 238.5 236.3 235.1 234 234 233.8 233.7 233.3 232.7 231.8 230.7 229.5 227.8 226.4 226.2 224.9 227.1 228.3 229.3 230 230.9 231.8 234.4 236.7 238.6 239 239.2 239.3 239.3
203 201 196.8 195.1 192.7 189.8 188.4 186.1 187.3 187.5 190.7 192.5 197.6 197.5 197.2 197.1 197 197.5 198.8 201.6 201.1 206.2 207.4 208.5 209.3 210.4 213.3 218.5 219.2 224 224.5 226.1 231 239.2 247.1 252 258.3 263.9 268.4 271.5 273.5 273.7 273.1 270.2 266.7 260.5 253.3 246.7 240.9 234.8 233.2 233.4 232.8 232.8 232.8 232.4 232.8 232.2 230.9 229.3 228 226.5 225.1 224.8 225.5 226.7 227.7 228.6 229.2 229.9 230.8 233 235.4 237.3 237.9 238.1 238.3 238.7
204.5 202.5 198.1 196.3 193.9 191.3 189.7 186.8 188.1 189.5 197.9 197.7 199.8 201.1 201.1 200.7 200.5 200.5 202.8 206.2 204.7 203.3 206.3 207.8 208.8 209 211 213.2 218.5 222.7 225.7 227.1 231.1 238.4 245.6 251.8 255.7 260.5 265.5 269.6 274 276.4 275.9 273.4 269.3 262.7 254.8 247.6 240.4 233.8 233.4 231.2 231.1 230.4 230 231.1 231.9 231.7 229.7 227.9 226.5 225 223.3 220.7 224.5 226.1 227 227.9 228.5 228.9 229.8 231.7 234.2 235.9 236.8 237 237 237.3
205.3 202.7 199.3 197.5 195.2 192.3 187.7 191.1 188.4 191.1 200.2 200.9 201.6 202.3 203 202.8 202.8 203.6 208.7 211 209.1 207.8 204.4 204.8 207.1 208.5 211.1 216.7 222.8 221.1 226 230.3 232.7 236.9 243.5 250.7 254.7 259 263.4 268.4 273.9 278.2 278 276.5 272.5 266 258 250.1 242.5 235.4 234.4 233.8 232.8 232.4 229.1 229.8 230.4 229.5 227.7 226.6 224.8 222.8 220.9 220.1 223.5 225.1 226.4 227.3 227.9 228.3 228.8 230.7 232.9 234.6 235.3 235.3 235.6 236.1
205.9 203.3 200.2 198.6 196.3 193.8 189.6 193 191.1 192.7 199.8 201.3 202.8 203.7 204.5 204.6 204.6 205.7 211.6 214.7 211.6 210 208.6 207.4 208.2 210.3 211.2 215.6 222.9 225.5 226.3 231.1 234.6 236.9 242.7 248.7 253.7 258.3 262.8 269.1 275.5 280.6 280.8 279.6 275.6 269.3 261.3 253.6 246.3 240.8 236.1 234.6 233.2 231.7 230.1 226.7 227.5 227.4 225.8 225.1 224.1 222.4 220.4 218.8 222.6 224.1 225.4 226.6 227.2 227.6 228.1 228.8 230.5 232.4 232.7 232.9 232.8 234.1
204.6 202.3 200.7 199.2 197.1 194.4 191 196.7 197 193.8 199.8 202.6 204.9 206.1 206.3 206.6 206.9 209.7 214.4 219.3 216.7 213.7 211.6 209.6 210.9 212.5 215.8 217.6 222.4 227 228.1 231.1 236.1 238.1 242.4 247.6 252.8 258.2 264 270.4 278 281.7 282.4 281.4 277.9 271.5 264.3 256.9 250.3 244.7 239.7 236.5 234.5 232.8 231.4 230 225.4 224.8 223.5 223.5 222.5 221.6 220.5 217.2 220.5 222.9 224.4 225.9 226.7 227.3 227.5 227.4 228.3 230.2 231 230.6 230.5 230.7
204.9 202.4 201.2 199.6 196.9 193 198.2 199.1 198.2 195.3 200.6 204.1 206.4 207.4 208.4 209.1 210 213.3 217.3 221.4 221.9 217.4 215.3 212.9 214.1 220.6 222.5 221.5 224.5 226.8 230.2 232.8 237.3 239.5 241.9 248 252.5 257.9 264.2 270.3 278.5 282.7 283.6 283.2 280.1 274.1 267.4 260.1 253.6 247.9 242.1 239.4 236.7 233.8 231.6 229.6 225.6 221.6 222.4 221.9 220.8 219.7 219.5 217.4 220.5 222.4 224.3 225.8 226.4 226.8 226.8 226.7 226.2 226.6 228.1 228 227.8 226.6
205.6 203.2 201.7 199.8 196.5 199.3 204 203 201.6 198.9 200.6 205.1 207.7 209.3 210.5 211.8 213.5 217 219.7 222.9 223.2 221.9 218.2 216.8 219.7 225.1 229.7 229.4 230.7 227.5 232.6 236.3 239.8 241.4 243.2 247.8 252.7 257.4 264.7 273 279.2 283.1 285.4 286.1 282.7 276.8 270.3 263.8 257.3 251.2 245.9 241.8 238.7 234.3 231.6 229.3 226.2 222.7 217.9 219.9 218.7 218.5 218.2 215.9 219.7 221.3 224 225.2 225.6 226.1 225.8 225.8 225.1 224.9 224.7 224.9 224.9 224
206.9 204.2 202.4 200.1 195 202.7 206.2 206.2 205.2 203.2 198.5 205.8 206.6 208.3 211.9 213.6 215.6 218.9 221.7 224.2 224.8 225.1 221.5 221.8 225.3 231.5 232.7 236.5 236.3 235.2 233.1 237.7 241.8 243.4 244.7 248.1 252.5 258.7 265.8 274 279 283 286 288.1 286.4 280.5 273.9 267 261.1 254.9 250 244.5 239.7 235.5 231.7 229.6 225.8 222 219.4 215.5 217 217.3 215.2 218.3 219.6 221.5 224.4 224.9 225.5 225.5 224.9 224.7 224 223.7 223 222.4 221.9 221.1
208.9 205.1 203.5 201.1 198.6 205.8 208 209.3 208.3 207.3 205.7 204.9 205.1 208.5 212.6 214.3 216.2 219.6 222.7 225 226 226.4 225.9 225.5 232.4 236.3 237.1 239.3 240.3 241 236.4 238 242.2 244.7 245.6 248 253.1 259.3 266.6 273.9 279.2 282.5 286.1 287.8 287 282.2 276.9 270.4 265 260.3 254.7 247.6 241.8 237.4 233.2 230.1 226.6 222.3 219.9 217.6 215.6 213.9 217.2 218.5 219.4 221.2 223.2 222.9 223.9 225 224.4 223.6 222.8 222 221.2 220.5 219.3 218.6
210.8 207.2 205.3 199.4 206.3 210 210.6 211.6 211.3 210.3 209 208.7 209.4 210 210.7 215.4 217.6 220.6 223.6 225.9 228.6 229.1 228.5 233.3 237.1 239.4 240.5 241.4 243.1 245 242.4 238.1 242.3 245.1 246.8 248.5 252.3 258.6 266 272.5 277.6 281.6 284.7 285.4 284.4 281.3 277.5 273.4 269.2 264.1 256.9 248.6 243 238.7 234.8 230.5 226.9 223.2 220.6 218.4 217.3 213.3 217.5 218.4 219 219.6 221 221 222 222.9 223.1 222.3 221.3 220.5 219.7 219.3 218.8 218.2
212.8 208.9 207.2 202.4 210.1 213.9 215 214.5 214.2 213.7 212.2 211.7 211.2 212.7 212 216.6 219.1 222.4 226.6 229.8 231.1 231.7 232.6 237.4 239.6 241.6 243 243.2 244.6 246.6 246.9 244 243.3 247.1 248.7 250.1 251.8 256.9 264 269.9 274.8 278.5 280.7 281.8 281.2 280.2 278.1 274.8 269.9 263.2 255.2 248.3 243.8 239.7 235 230.1 226.1 223.4 221 218.5 217.4 215.6 216.3 217.4 217.9 217.9 218.1 218.8 219.3 219.6 219.4 219.2 219.6 219.5 219.3 218.8 218.4 217.9
213 209.9 205.6 208.6 215.2 218.2 219.9 219 218.4 216.3 215.1 214.9 214.1 216.3 215.1 218.2 221.3 225.2 229.5 232.9 234.1 235.5 236.1 238.9 241.7 243.4 244.9 245.8 247.5 249 250.2 250.2 248.9 248.4 249.5 251.1 252.2 255.2 261.5 267.3 271.2 274.8 276.7 278 279.7 278.9 276.3 272.2 266 260.3 252.7 247.6 243 238.7 233.8 229.3 225.8 223 220.9 219.4 217.1 213.2 215.9 215.2 216.2 215.2 214.8 215.4 215.4 215.8 217.3 217.8 218 219.1 218.8 218.3 217.9 217.6
213.7 210.2 209.5 212.5 220.9 224.2 224.6 224 222.8 220.4 218.4 218.9 218.7 220 221 219.8 224.4 228.2 232.4 236.1 238.5 238.9 239.7 240.8 242.5 244.2 245.8 250.5 250.9 251.5 252.7 253.3 251.8 250.7 250.5 251.3 252.2 253 259 264.5 268.3 271 273.1 275.1 276.6 275.7 272.4 267.6 262.7 257.2 251.2 246.4 242.1 238.1 232.9 227.3 223.6 222 220.9 219.6 218.2 216.7 215.4 213.6 212.5 211.2 211.9 213.4 213.4 213.1 214.8 216.3 216 217.3 217.3 216.7 216.4 215.7
215.6 210 210.9 218.9 227.3 230 230.3 229.5 227.7 225.7 224.4 225.2 224.7 224.9 226.2 222.3 228 230.9 234.4 238.6 240.7 241.4 242.4 243.4 244.4 245.4 248 251.5 253.2 253.2 253.8 254.2 254.7 253.3 251.4 251.9 252.6 253.6 257.8 261.9 265.9 268.8 270.4 271.4 272.2 269.5 266.3 262.2 258.4 254.8 248.7 244.2 240.1 235.8 230.7 224.6 222.5 220.8 220 219.8 218.4 217.1 215.9 215.1 214.6 213.3 211.2 208.3 208.7 210.3 211.5 211.9 212.3 211.8 212.9 214.1 213.9 213.8
216.1 212.8 216 225.4 232.4 235.2 235.5 233.9 232 231.3 230.8 230.5 228.7 228.6 229.2 225.4 229.3 232.7 236 239.5 242.8 243.1 243.4 245 246.6 247.9 251.7 253.6 254.5 254.5 255.1 255.7 256.3 256.3 254.1 252.9 253.3 253.9 255.1 259.1 262 264.9 266.6 266.4 265.6 263.1 260.7 257.5 253.6 249.3 244.4 239.3 235.5 231.5 225.1 221.9 219.6 219.1 218.5 218.2 217.5 216.8 216 214.9 214.2 213.7 212.7 213.2 212.4 208.6 209.3 210.1 209.4 209.5 209.9 210.4 210.3 211.9
217.9 216.1 223.6 230.4 235.8 238.4 239.4 238.6 236.7 234.7 234.1 233.3 232.3 231.6 231.1 231.4 226.2 233.6 236.6 240.1 243 244.5 245.1 246 247.6 251.1 254.2 255.5 255.8 256 256.9 257.4 258 258 256.6 254.7 253.9 254.3 254.6 255.2 258.2 260.4 262.6 262.1 260.4 257.6 254.9 251.2 245.9 241 235.9 231.4 226.1 223.1 219 216.7 217 216.5 216.4 216.4 216.2 215.6 214.2 213.3 212.6 212 211.5 211.1 210.2 204.7 208.1 207.9 207.1 207.6 208.1 208.3 208.1 209.1
220 219.2 228.2 233.9 239 242 243.1 242.3 241.9 239 236.7 235.8 235 234.3 234.3 234.8 234.1 232.2 237.1 240.4 242.3 244 245.6 247.1 249.3 253.1 256.3 257.3 257.8 258 258.7 259.7 260.3 260.5 259.1 256.4 254.7 254.9 254.6 254.4 255.1 257.1 259 258.4 256.3 253.5 249 243.9 239 234.1 229.3 224.3 219.7 216.8 214.5 214.2 215 215.2 215.3 215.4 215.2 214.5 213.4 212.6 211.8 211.1 210.3 209.9 208.9 205 202.8 205.8 205.4 204.8 205.8 206.9 205.8 204.6
220.7 223.4 229.6 238.6 244.7 247.9 248.4 248.1 247.7 245.5 240.6 237.8 237 235.8 236.4 237.1 237 236.1 234.7 240.1 242.2 244.2 246.2 248.3 251.2 255.2 258.6 259.6 260 260.4 261 261.8 262.9 263 261.4 259.1 256 254.5 254 253.5 253.1 253.6 255.2 254.5 252.5 249.2 245.5 241.4 236.9 231.4 227.2 223.4 219.6 216.6 214.1 213.1 212.9 213.5 214.1 213.8 213.6 213.7 212.9 212 211.1 210.4 209.6 209.6 208.7 206.6 202.3 201.9 202.1 202.4 203.4 203.3 202.8 201.3
