app/static/ascii/ND04.asc
ncols 200
nrows 200
xllcorner 300000
yllcorner 940000
cellsize 50
[rows 35 to 69 of 200, columns 78 to 155 of 200]
148.9 148.3 147.6 146.9 145.7 144.8 144 143.3 142 141.1 140 138.9 137.5 136.8 135.1 133.8 132.4 130.9 129.9 129.1 127.7 126.1 128.5 130.4 131.8 133.1 133.9 134.5 135.1 135.6 135.6 135.4 135.6 135.4 135.8 136.5 137.1 137.4 137.7 138.1 138.3 138.2 138.3 138.4 138.3 138 137.5 136.6 134.8 134.8 134.7 135.5 135.4 135 134.1 133.3 130.4 129.1 127.8 126.9 124.2 122.9 123.3 125.5 126.6 128 129.3 130 130.4 130.6 130.2 129.7 128.9 128.2 128 127.7 127.5 127.4
149.2 148.8 148.1 147.5 146.6 145.7 144.9 143.6 142.6 141.8 140.7 139.4 138 136.6 135.3 134 132.6 131.1 130.1 129.2 127.6 126.3 128.2 130 131.4 133 133.9 134.5 135.2 135.8 135.7 135.3 134.9 134.6 135.3 136.2 136.7 137.2 137.6 137.7 137.1 136.4 136 136.8 137.1 135.8 135.1 134.8 134.8 134.8 135.4 135.8 135.4 134.9 134.1 133.2 131.7 129.8 128 126.6 122.9 122.9 122.7 124.5 126.2 128.5 129.5 129.9 130.1 130.3 130 129.5 128.6 127.7 127.3 127.1 126.9 126.8
149.5 149.1 148.6 148.1 147.4 146.8 145.6 145 143.8 142.4 141.2 139.8 138.3 136.9 135.5 134.1 132.8 131.6 130.2 129.1 127.5 126.5 128.4 129.7 131 132.6 134 134.6 135.2 135.8 135.8 134.4 134.8 134.8 134.8 134.6 135.4 136.4 136.4 135.8 135.3 135 134.7 135.1 136.1 134.8 134.4 134.8 134.8 134.8 134.4 135.7 135.4 134.9 134.1 132.9 131.8 130.4 128 126.3 122.9 122.9 122.9 122.9 126.9 127.4 129.2 130.1 130.1 130 129.8 129.3 128.6 127.4 126.7 126.4 126.3 126.3
149.8 149.3 148.9 148.3 147.6 146.2 146.3 145.8 144.4 142.9 141.6 140.1 138.7 137.3 135.8 134.3 132.7 131.1 129.9 128.9 126.4 126.6 128.2 129.5 130.7 132.9 133.8 134.5 135.3 135.8 136.1 134.3 134.8 134.8 134.8 134.8 134.8 134.8 135.3 135.5 134.6 134.8 134.8 134.8 135.1 134.8 134.8 134.8 134.8 134.8 134.8 135.7 135.3 134.9 133.9 132.8 131.7 129.9 127.5 126.1 122.9 122.9 122.9 122.9 126.9 127.2 127.9 128.8 129.6 129.7 129.5 129 128.5 127.2 126.4 126.1 126 125.9
150.1 149.6 149.1 148.3 147.4 147.6 147.1 146.1 144.5 143.1 141.7 140.2 138.6 137.1 135.6 134 132.5 130.8 129.6 128.5 127.5 125.5 127.8 129.1 130.7 132.3 133.4 134.1 135.5 136.1 136.3 135.6 134.8 134.8 134.8 134.8 134.8 134.8 135.6 135.2 134.5 134.8 134.8 134.8 134.8 134.8 134.8 134.8 134.8 134.8 135 135.7 135.1 134.5 133.7 132.7 131.2 129.3 127.5 122.9 122.9 122.9 122.9 122.9 126.4 127.3 127.5 128.5 129.2 129.5 129.3 129 128.2 127.1 126.2 125.8 125.7 125.6
150.6 150.2 149.8 148.8 149 148.5 147.2 146.2 144.9 143.2 141.5 139.9 138.4 136.9 135.3 133.8 132.3 130.9 129.7 128.5 127.2 124.9 127.3 128.7 130.2 131.7 133 134 135.4 136.3 136.7 136.8 134.6 134.8 134.8 134.8 134.8 134.5 135.4 134.6 134.8 134.8 134.8 134.8 134.8 134.8 134.8 134.8 134.8 134.7 135.5 135.3 134.7 133.9 133.1 132.2 130.6 129 127.6 124.9 122.9 122.9 122.9 122.9 122.9 126.6 128.3 128.8 128.9 129.1 129.1 128.8 128.3 127.1 126.1 125.6 125.5 125.4
151.3 150.9 149.6 150.7 150.4 149 147.7 146.4 145.2 143.5 141.4 139.6 138.1 136.6 135 133.6 132.2 130.9 129.8 128.6 127.6 124.3 126.3 128.1 129.7 131.1 132.6 133.9 135.5 136.7 137 137.1 136.8 134.8 134.8 134.8 134.8 134.8 134.8 134.8 134.8 134.8 134.8 134.8 134.8 134.8 134.8 134.8 134.4 134.9 135.8 135.1 134.4 133.5 132.7 131.7 130.1 128.7 127.3 122.5 122.9 122.9 122.9 122.9 122.9 123 126 128.4 128.8 128.8 128.8 128.7 128.3 127.6 126.5 125.7 125.5 125.4
151.7 150.9 151.5 151.3 150.9 149.4 148.1 146.7 145.4 143.4 141 139.3 137.8 136.2 134.8 133.4 132 130.6 129.4 128.3 127.4 126.4 126.7 128 129.1 130.5 132.1 134.1 135.7 137 137.4 137.5 137.6 136.1 134.8 134.8 134.8 134.8 134.8 134.8 134.8 134.8 134.8 134.8 134.8 134.8 134.8 134.8 134.5 135.2 135.7 134.7 134.1 133.2 132.3 131.1 129.6 128.3 127.1 126.3 122.9 122.9 122.9 122.9 122.9 122.9 122.9 126.1 127.9 128.2 128.4 128.6 128.1 127.7 127 126.1 125.6 125.5
152.4 152.3 152.2 151.8 151.3 149.7 148.4 147.1 145.2 143 140.8 139 137.5 136 134.6 133.1 131.7 130.4 129.1 128 127.2 125.1 126.4 127.5 128.5 129.8 131.8 133.8 135.7 137.3 137.9 138 138.1 137.8 135.6 134.8 134.8 134.8 134.8 134.8 134.8 134.8 134.8 134.8 134.8 134.8 134.8 135.2 135.4 135.5 135.7 134.4 133.7 133.2 132.3 130.6 129.1 127.8 126.6 124.6 122.9 122.9 122.9 122.9 122.9 122.9 122.1 127.4 127.9 128.2 128.3 128.5 128 127.7 127.4 127 126 125.4
153.2 153.1 152.7 152.2 151.6 150.3 148.8 146.8 144.6 142.5 140.5 138.7 137.2 135.7 134.3 132.9 131.5 130.1 128.9 127.6 126.9 123.7 125.7 126.7 127.7 129.2 131.5 133.1 135.9 137.8 138.5 138.6 138.6 138.2 137.7 134.3 134.8 134.8 134.8 134.8 134.8 134.8 134.8 134.8 134.8 134.8 134.8 134.3 134.8 135.2 135.3 134.1 133.4 132.6 131.3 129.5 128.5 127.1 122.9 122.9 122.9 122.9 122.9 122.9 122.9 122.9 122.9 127.6 128 128.4 128.6 128.3 128.1 127.8 127.6 127.2 126.3 125.2
153.8 153.4 153 152.4 151.9 150.8 148.4 146.1 143.9 141.8 140.1 138.4 136.9 135.5 134 132.6 131.2 129.8 128.5 127.2 125.4 122.8 123.8 126 126.7 127.3 129.7 132.6 136 138.2 139.1 139.1 138.9 138.4 138.4 137.5 135.1 134.8 134.8 134.8 134.8 134.8 134.8 134.8 134.8 134.8 134.8 134.8 134.4 134.8 134.4 133.5 132.4 131.3 130 128.4 127.5 125.1 122.9 122.9 122.9 122.9 122.9 122.9 122.9 122.9 122.9 126.1 127.9 128.4 128.7 128.5 128.2 128 127.8 127.3 126.4 125.5
154.1 153.8 153.4 152.5 151.8 150.6 148.1 145.6 143.2 141 139.4 138.1 136.7 135.2 133.8 132.3 131 129.6 128.2 126.9 125 123 124.1 125.5 126.2 127 128.4 132 135.7 138.2 139.6 139.4 139.1 138.8 138.4 138.4 138.1 134.8 134.8 134.8 134.8 134.8 134.8 134.8 134.8 134.8 134.8 134.8 134.7 134.8 135.6 134.3 132.7 130.4 129.1 127.8 126.4 125.7 122.9 122.9 122.9 122.9 122.9 122.9 122.9 122.9 122.9 126.4 127.5 128.2 128.7 128.7 128.4 128.1 127.9 127.7 127.1 126.5
154 153.8 153.5 152.7 151.4 150.3 147.9 145.4 143 140.5 139 137.7 136.4 134.9 133.5 132.2 130.8 129.6 128.3 127 125.9 124.9 122.2 123.8 125.8 126.6 127.9 131.3 135.5 138.1 139.9 139.6 139.2 138.9 138.6 138.4 138 137.4 134.4 134.8 134.8 134.8 134.8 134.8 134.8 134.8 134.8 134.8 134.8 135.7 135.8 134.4 132.6 130.8 129.5 128.2 127.7 127.5 122.9 122.9 122.9 122.9 122.9 122.9 122.9 122.9 122.3 127 127.7 128.3 128.8 128.9 128.6 128.4 128.2 127.9 127.8 127.6
154.1 153.7 153.3 152.6 151.7 149.9 147.5 145.2 142.8 140.8 138.8 137.3 136 134.5 133.2 132 130.8 129.8 128.8 127.5 124.8 124.5 122.3 124.5 125.4 126.1 126.8 130.5 134.8 137.4 139.4 139.5 139.4 139.2 139 138.7 138.7 138.8 138.3 134.6 134.8 134.8 134.8 134.7 134.8 134.8 134.8 134.8 134.8 136.3 135.2 134.4 132.4 131.1 129.9 128.7 127.9 127.4 122.1 122.9 122.9 122.9 122.9 122.9 122.9 122.9 122.9 125.4 127.7 128.5 128.9 128.9 128.9 128.6 128.3 128 128 127.9
154.1 153.7 153.1 152 150.9 149.4 146.9 144.7 143 141.1 139.1 137.1 135.6 134.3 133.1 131.9 130.8 129.8 128.8 127.8 126.7 125.4 123.9 122 124.9 125.5 126.2 128.9 133.3 136.4 137.9 139.1 139 138.9 138.7 138.5 138.5 138.7 139.1 137.3 134.3 134.8 134.7 135.5 135.7 134.8 134.8 134.6 137 136.6 135.3 134.1 132.7 131.4 130 128.8 127.7 126 122.9 122.9 122.9 122.9 122.9 122.9 122.9 122.9 122.9 126.8 128 128.7 129 129 128.9 128.8 128.4 128.1 128.2 128.2
154 153.2 152.4 151.5 150.1 148.2 146.3 144.4 142.8 141.2 139.4 137.3 135.5 134.3 133 131.8 130.5 129.5 128.5 127.7 126.7 125.5 124.1 122.6 123.8 125 125.7 127.3 131.6 133.8 137.2 138.6 138.6 138.5 138.4 138.3 138.3 138.4 139.2 138.5 136.8 136.8 137.3 136 137.5 136.1 134.4 135.6 136.4 136.4 135.2 134 132.8 131.5 130.2 129 127.6 126.1 122.6 122.9 122.9 122.9 122.9 122.9 122.9 122.9 122.9 125.7 128 129 129.3 129.4 129.3 129.2 128.8 128.6 128.5 128.6
152.9 152.3 152 151.1 149.3 147.6 146 144.1 142.5 141 139.4 137.2 135.6 134.3 132.9 131.6 130.3 129.1 128.2 127.5 126.6 125.6 124.5 121.5 124.1 124.5 124.9 126.4 129.3 132.7 135.1 137 138 138.1 138 138 138 138.2 139.3 138.9 138.8 138.6 138.3 137.9 138 137.7 137.3 137 136.8 136.3 135.1 133.9 132.7 131.6 130.4 129.3 128.2 127.3 127 124.7 122.9 122.9 122.9 122.9 122.9 122.9 122.9 126.6 128.3 129 129.4 129.6 129.8 129.6 129.4 129.3 129.1 129
152.5 152 151.7 150.6 148.7 147.2 145.7 143.9 142.4 141 139.2 137.2 135.4 134 132.7 131.3 130 128.8 128 127.3 126.2 125.5 124.5 120.4 123.3 124.1 124.4 126 129.1 131.7 134.4 135.4 136.9 137.3 137.7 137.6 137.7 138.3 139.3 139.4 139.3 139.1 138.9 138.2 138 137.9 137.8 137.5 136.6 135.9 134.9 133.7 132.6 131.5 130.5 129.6 128.6 127.6 126.6 124.9 122.9 122.9 122.9 122.9 122.9 122.9 122.9 127.2 128.2 129 129.6 129.8 129.6 129.6 129.5 129.4 129.2 129.4
152.7 152.2 151.7 150.2 148.5 147 145.4 143.9 142.5 141 139.2 137.2 135.2 133.8 132.4 131.1 129.8 128.6 127.9 127 125.7 123.8 121.7 119.9 120.2 121.2 124 125.8 127.8 130.4 132.8 132.4 135.5 136.5 136.8 137 137.3 138.2 139.2 139.7 139.8 139.7 139.3 138.5 138.2 138.2 137.9 137.3 136.5 135.5 134.6 133.5 132.5 131.4 130.5 129.6 128.7 127.9 127.6 127.5 122.9 122.9 122.9 122.9 122.9 122.9 122.9 126.8 128 128.9 129.7 129.8 129.7 129.7 129.6 129.6 129.4 129.7
153 152.4 151.5 150.5 148.6 147 145.4 144 142.8 141.5 139.8 137.7 135.6 133.7 132.3 131 129.7 128.6 127.8 126.8 125.1 120.3 119.5 119.5 119.5 119.5 121.8 125.2 127 129.3 131.5 132.7 133.8 134.4 135.9 136.7 137.4 137.8 139.1 139.7 140 140 139.3 138.7 138.6 138.3 137.7 137.2 136.4 135.4 134.4 133.4 132.4 131.5 130.7 129.9 129 128.2 127.7 126.9 122.9 122.9 122.9 122.9 122.9 122.9 122.9 126.5 128 128.8 129.7 129.7 129.7 129.7 129.7 129.7 129.6 129.8
153.2 152.4 151.4 150.4 149.2 147.4 145.8 144.5 143.2 142 140.5 138.4 136.2 134.6 132.7 131.2 129.8 128.4 127.3 125.8 124.2 119.6 119.5 119.5 119.5 119.5 119.5 123.4 126.1 128.1 130.2 131.7 132.8 133.8 135 136.5 137.3 137.4 138.9 139.8 140.2 140 139.4 139.2 139 138.4 137.7 137 136.3 135.3 134.4 133.4 132.4 131.6 131 130.2 129.3 128.6 127.9 125.1 122.9 122.9 122.9 122.9 122.9 122.9 122.9 125.3 128 128.9 129.7 129.7 129.7 129.7 129.7 129.7 129.7 129.7
152.4 152 151.4 150.3 149.4 148.1 146.3 144.8 143.7 142.4 141.1 139.4 137.5 135.6 133.7 131.3 129.8 128.3 126.8 124.6 122.1 119.5 119.5 119.5 119.5 119.5 119.5 119.5 124.9 127 128.9 130.6 131.7 133 134.4 135.5 136.3 137.1 138.6 139.9 140.4 140.1 139.8 139.5 139.2 138.5 137.8 137.1 136.2 135.3 134.4 133.4 132.5 131.6 131 130.4 129.6 128.9 128.1 127.4 125.7 122.9 122.9 122.9 122.9 122.9 122.9 125.3 128 129.2 129.6 129.6 129.6 129.6 129.6 129.4 129.3 129.3
152.2 151.7 151.4 150.6 149.5 148.6 146.9 145.2 144.1 142.9 141.4 139.6 137.7 135.4 133.3 131.3 129.4 127.7 126.3 123 119.5 119.5 119.5 119.5 119.5 119.5 119.5 119.5 123.6 125.9 127.8 129.5 130.9 132.2 133.5 134.7 135.2 136 137.9 139.8 140.5 140.5 140.2 139.8 139.2 138.6 137.9 137.2 136.1 135.2 134.4 133.4 132.5 131.7 131.1 130.5 129.9 129.1 128.3 127.6 126.8 122.7 122.9 122.9 122.9 122.9 122.9 126.4 128.4 129.1 129.5 129.6 129.6 129.6 129.1 128.5 127.8 129
152 151.5 151.4 151 149.9 148.8 147.6 146.1 144.9 143.5 141.5 139.9 137.8 135.4 132.8 130.4 128.6 126.9 125 122.2 119.5 119.5 119.5 119.5 119.5 119.5 119.5 119.5 122.7 125 126.9 128.4 129.9 131.2 132.5 133.8 134.4 136.6 138 139.4 140.1 140.1 139.8 139.7 139.2 138.6 138 137.3 136.1 135 134.1 133.3 132.5 131.8 131.1 130.5 129.9 129.3 128.6 127.8 127.5 126.3 122.1 122.9 122.9 122.9 123.5 127.3 128.5 129.1 129.4 129.5 129.5 129.1 128.4 127 127.1 128.7
151.1 151.7 151.4 151.2 150.4 149.3 148.4 147.1 145.7 144.2 142.5 140.4 137.8 135.3 132.9 130.1 127.8 126.2 123.8 119.5 119.5 119.5 119.5 119.5 119.5 119.5 119.5 119.5 119.5 124 125.9 127.4 128.8 130.3 131.6 132.9 134.3 135.8 137.2 138.7 139.6 139.7 139.7 139.5 138.9 138.5 138 137.4 136.1 134.8 134 133.1 132.4 131.7 131.1 130.5 130 129.4 128.8 128.2 127.7 126.6 124.9 122.9 122.9 124.9 126.9 127.9 128.6 129.2 129.1 129.2 129.4 128.8 128.1 127.2 126.7 127.5
151.6 152 151.5 151.2 150.9 150.4 149.4 148.1 146.6 144.7 142.9 140.6 137.4 134.9 132.7 130.4 128 125.6 121.2 119.5 119.5 119.5 119.5 119.5 119.5 119.5 119.5 119.5 119.5 122.1 125.1 126.5 127.8 129.3 130.6 131.9 133.2 134.7 136.3 137.7 138.9 139 139.1 139.1 138.6 138.3 137.9 136.9 136 134.4 133.5 132.7 132.3 131.7 131.2 130.6 130 129.4 128.6 127.8 127.1 126.1 125.7 122.3 122.9 125.7 127.4 128.1 128.8 128.9 128.9 128.9 129 128.1 127.2 126.8 125.5 125.2
151.6 152.2 152.1 151.5 151.4 150.6 149.7 148.5 146.6 144.4 142.4 139.9 137.3 134.4 132 129.8 127.4 124.9 121.1 119.5 119.5 119.5 119.5 119.5 119.5 119.5 119.5 119.5 119.5 120.6 124.4 125.7 127.1 128.1 129.3 130.5 131.9 133.5 135 136.5 137.8 138.3 138.3 138.4 138.3 138 137.8 137.2 135.6 134 133 132.5 132.2 131.6 131.1 130.7 130.1 129.2 128.4 127.5 126.6 126 125.6 125.3 122.9 126.1 127.2 127.8 128.3 128.4 128.5 128.4 127.9 127.1 126.3 125.5 124.7 124.5
152 152.7 152.8 152.3 151.9 151.2 150.2 149 146.8 144.8 141.8 139.2 136.7 134.1 131.4 129.1 126.8 123.9 119.5 119.5 119.5 119.5 119.5 119.5 119.5 119.5 119.5 119.5 119.5 119.9 123.9 125 125.8 126.5 127.5 128.7 130.2 131.7 133.3 134.7 136.1 136.6 137 137.3 137.4 137.5 137.2 135.7 134.4 133.8 132.4 132.6 131.9 131.2 130.9 130.6 129.7 128.7 128 127.1 126.5 125.8 125.4 124.8 123.7 125.3 126.7 127.2 127.6 127.8 127.8 127.5 126.7 126.2 125.5 124.8 124.2 123.9
152.6 153.2 153.3 152.9 152.4 151.9 151.1 149.9 147.4 144.5 141.6 138.8 136.1 133.4 130.8 127.9 125.8 121.9 119.5 119.5 119.5 119.5 119.5 119.5 119.5 119.5 119.5 119.5 119.5 121.1 124.2 124.8 125.5 126.1 126.9 127.7 128.4 130 131.5 132.9 134.2 135 135.4 135.9 136 135.9 135.5 134.8 133.9 133.3 132.2 131.8 131.5 130.8 131 130.3 129.3 128.1 127.3 126.5 126 125.5 125.6 125.5 124.9 123.6 126.2 126.6 127 127.1 126.9 126.5 126.1 125.6 125 124.5 123.9 123.4
153.5 153.6 153.6 153.5 153.1 152.5 151.8 149.5 147 144.1 141.3 138.4 135.4 132.7 130 127.3 124.3 120.2 119.5 119.5 119.5 119.5 119.5 119.5 120.8 120.5 120.7 120.3 121 123.6 123.9 124.4 124.9 125.6 126.5 127.2 127.9 128.4 130 131.4 132.8 133.5 134 134.4 134.3 134.1 133.8 133.4 132.8 132.2 131.9 131.2 130.8 130.6 130.4 129.6 128.7 127.5 126.5 125.6 125.5 125.2 125.5 125.1 124.7 123.7 125.9 126.4 126.6 126.5 126.3 126 125.7 125.3 124.7 124.2 123.7 123.2
153.6 153.7 153.6 153.8 153.4 152.6 151.4 149.3 146.6 143.3 140.5 137.6 134.7 132 129.4 126.7 122.3 119.5 119.5 119.5 119.5 119.5 119.5 120.3 123.3 123.5 123.3 123 123.1 123.3 122 123.3 123.9 124.9 126 126.6 127.3 127.7 128.9 130.4 131.4 132 132.6 132.8 132.6 132.3 132 131.9 131.6 131.1 130.9 130.5 130.1 129.8 129.4 128.6 127.8 125.2 125.8 125.3 125 124.9 124.9 124.7 123.9 122.8 124.9 125.8 126.3 126.2 125.9 125.7 125.4 124.9 124.3 123.7 123 122.4
153.5 153.6 153.4 153.4 153.3 152.4 150.8 148.6 145.7 142.4 139.5 136.7 134 131.2 128.7 125.9 121.9 119.5 119.5 119.5 119.5 119.5 119.5 121.6 123.2 123.1 122.9 122.8 122.7 122.8 119.5 121.3 122.7 124.2 125.2 126.1 126.6 127 127.8 129.3 130 130.6 131 131.1 130.8 130.5 130.5 130.5 130.4 130.1 129.8 129.6 129.3 128.7 128.4 127.4 126.5 125.7 125.2 124.8 124.6 124.5 124.3 124.1 123.6 123 124.2 125.3 126 126.1 125.5 125.3 125 124.4 123.8 122.8 122 121.3
153.3 153.1 153.2 153.2 153.6 152.8 151.2 147.8 144.8 141.1 138 135.3 132.6 130.2 127.5 124.7 121.2 119.5 119.5 119.5 119.5 119.5 119.6 120.1 121.4 121.5 120.2 121.1 120.6 119.8 120.3 119.4 121.4 123.4 124.5 125.4 126 126.3 126.7 127.7 128.6 129 129.3 129.5 129.3 129.3 129.4 129.5 129.3 129 128.6 128.2 127.8 127.5 127.2 126.4 125.5 125 124.5 124.2 124.3 124.1 123.8 123.4 122.6 123.1 124.2 124.8 125.4 125.2 125.1 125 124.4 123.8 123.2 122.1 121 120.5
153.3 153.3 153.3 153.6 153.5 152.8 151.3 147.6 143.4 139.6 136.6 133.7 131.2 129 126.3 123 120.7 119.5 119.5 119.5 119.5 119.5 119.8 121.3 119.6 119.6 121.3 122.4 122.2 121 121.9 122.2 119.4 123.1 123.9 124.6 125.2 125.8 126.4 126.8 127.7 128.1 128.6 128.9 128.8 128.9 128.9 128.7 128.4 128.1 127.7 127.3 126.9 126.5 126.1 125.5 124.9 124.4 124.1 123.9 123.9 123.8 123.1 121.9 121.5 123.5 124.7 124.7 125.2 125 124.6 124 123.4 122.8 121.8 120.3 118.7 119.6
152.6 153.3 153.4 153.5 152.8 152.1 149.8 146 141.9 138 135.1 132.2 130.2 128.2 126 124.8 123.7 121.2 119.5 119.5 119.5 122.4 123.6 122.9 122.5 122.6 122.5 122.6 122.6 122.4 122.3 120.5 120.6 122.1 123.2 123.9 124.5 125.4 126.1 126.5 126.9 127.3 127.8 128.1 128.4 128.3 128.1 127.8 127.5 127.2 126.9 126.5 126 125.6 125.3 124.9 124.4 124 123.8 123.5 123.5 122.7 121.7 121 121.6 123.3 124.2 124.7 124.6 124.3 124.1 123.5 122.6 121.6 119.6 119.6 119.6 119.6
