app/static/ascii/ND05.asc
ncols 200
nrows 200
xllcorner 300000
yllcorner 950000
cellsize 50
[rows 72 to 107 of 200, columns 0 to 79 of 200]
187 184.9 182.1 177.9 174 170.8 169 167.9 167.1 166.3 164.6 162.9 164.4 164.9 165.2 165.9 166.9 170.2 171.9 172.9 174.7 176 175.3 173 170.6 169.3 169 167.9 165.4 159.2 155.8 154.2 153.4 152.5 150.8 151.1 152 152 151.5 150.8 150.5 150.9 151.3 151.7 152.4 152 147.2 138.9 133.9 130.2 125.2 124.2 123.1 123.7 124.4 125.4 129.1 133.4 137.6 139.7 140 140 140 139.8 139.6 139.4 139.1 138 135.5 132.9 130.9 128.9 128 126.9 126.3 126 122.7 118.7 114.5 108.9
186.5 184 180.5 176.7 172.7 171 169.7 168.3 167.6 166.7 164.5 166 166.3 166.2 166.3 166.8 168.1 172 173.6 175.3 177.3 178.2 177.2 175 171.2 170 169.4 168.3 167.2 161.1 156.2 154.6 153.7 152.2 150.8 152.3 152.6 152.5 151.7 151 150.8 151.1 151.4 151.6 152.1 154.6 153.3 145.2 141 134.2 127.7 125.4 124.6 124 125.2 126.1 127.3 133.8 138.2 140 140.3 140.3 140.1 139.8 139.5 139.3 139 137.9 135.7 133.3 131.8 128.6 128 127 126.5 127.9 123 118.6 115.3 110.6
186.7 183.2 179.3 174.2 172.4 170.6 169.6 168.6 167.9 166.1 166.6 167.4 167.6 167.4 167.7 167.9 169.5 172.8 175.4 177.9 179.8 180.5 179 176.3 171.8 170.5 169.4 168.1 166.2 160.3 156.7 155.4 154.1 151.9 152.4 152.6 152.9 153 152.1 151.5 151.5 151.4 151.4 151.6 151.1 153.8 155.1 149.2 144.4 136.7 130.8 127.5 127.1 126.7 124.9 126.6 127.4 133.1 138.5 140.3 140.6 140.5 140.1 139.7 139.5 139.2 138.8 137.8 135.6 132.8 130 127.5 126.6 125.8 125.4 125.7 122.1 118.6 115.3 110.7
186.4 182 179 175 172.3 170.8 169.7 169.1 168.4 165.6 167.8 168.3 168.4 168.5 168.6 169 170.9 174.9 177.6 180.5 182.1 182.9 181.3 178.4 172.8 170.3 169.1 167.1 163.9 159.6 157.1 155.7 154.3 151.6 153.2 153.5 153.9 154.1 153.3 152.5 152.4 152 151.7 151.6 152 152.1 152.7 151.1 144.8 140.7 134.3 130.1 129.1 127.9 125.9 127 127.9 131.5 138.6 140.6 140.8 140.4 140.1 139.7 139.4 139.1 138.6 137.6 135.5 132.6 130.3 127 125 124.7 124.6 121.7 119.9 118.7 114.7 111.6
185.9 182.2 179.1 175.4 172.6 171 169.7 169.5 169.2 166.1 168.6 169 169.2 169.3 169.6 170.5 172.8 175.9 179.5 182.9 184.3 185.3 183.9 180.6 175.1 171.4 168.2 166 163.2 160.5 157.5 155.8 154.6 151.7 154 154.7 155.4 155.2 154.4 153.5 153 152.5 152 151.5 151.4 151.5 150.1 147.7 145.8 145.1 134.7 130.9 130.3 129.3 128.1 127.7 128.4 130 139.7 141.1 140.8 140.4 140.1 139.7 139.3 138.9 138.3 137.3 134.9 133 130.9 127.1 124.5 123.3 121.9 120.7 119.1 117 114.5 111.7
185.7 182.2 179.3 176.2 173 171.1 169.3 168.3 168.5 168.2 169.5 170.2 170.5 170.8 171.2 172.1 174.3 177.8 182.7 185.1 187.5 189.4 187.2 183.2 178.8 173.3 168.5 165 162.7 160 157.6 155.8 154.8 151.8 155 156.2 156.6 156.2 155.3 154.3 153.5 152.7 152 151.5 150.6 151 148.9 147 146.8 146.5 137.2 132.4 130.7 129.5 127.9 128.6 129.1 130.6 140.9 141.5 141.1 140.6 140.2 139.8 139.4 138.9 138.1 137.2 135 132.7 130.4 127.1 124.4 122.7 121.5 120.3 118.7 116.5 114.1 111.7
186.5 182.1 179.5 175.9 173.3 171.5 170.2 170.2 166.5 169.4 170.2 171 171.6 172.2 172.8 173.7 175.3 178.8 184.7 186.5 188.5 190.4 189 185.5 181.3 175.1 169.5 164.8 162.5 160.2 157.9 155.6 154.1 153.3 156 157.4 157.6 157.8 157.2 156.1 153.9 153.1 152.3 151.8 150.6 149.4 148.3 145.2 142.9 140 136 135.5 132.2 130.4 128.1 128.9 129.9 131.2 139 141.9 141.5 140.9 140.3 139.9 139.4 138.9 137.9 137.1 134.8 132.6 130.2 127.2 124.4 121.9 120.6 119.3 117.8 115.7 113.4 111.7
188.8 183.7 179.8 175.7 173.2 171.4 168.9 169.8 170.3 170.4 171.1 171.6 172.4 173 173.7 174.6 175.6 179.2 183.8 186.6 189 190.6 189.2 186.6 183 177.5 170.8 164.9 162.6 160.6 157.9 155.6 153.7 153.7 156.9 158.3 158.5 158.8 159 158 155.4 153.4 153 152.7 150.8 149.5 146.2 141.1 138.8 137.2 134.7 132.9 131.7 130.4 129.9 129.8 130.7 131.6 136.9 143.1 142.3 141.4 140.7 139.9 139.5 138.7 137.8 136.9 134.7 132.6 129.9 127.7 125.5 121 119.6 118.5 116.9 114.8 112.3 109.3
191 185.3 180.6 176 173.1 171.1 170.7 171.5 171.2 171.1 171.6 172 172.6 173.4 174.4 175.4 176.4 179.3 183.4 186.3 189 190.1 188.9 186.8 184.4 180.3 172.4 165.7 162.7 161.4 158.1 155.4 153.6 153.9 156.9 158.8 159.1 159.5 160.1 161.7 158.2 154.5 153.3 152.8 150.9 148.1 144.9 140.3 138.2 136.8 135.9 133.5 132.2 131.7 131.4 131 131.7 132.4 134.6 143.4 145.2 143.3 140.8 140.2 139.4 138.5 137.5 136.3 134.9 133 130.6 126.4 123.8 121.3 118.8 117.6 116 113.9 111.3 107.5
194 186.3 181.6 177.5 173 170 168.8 172.1 171.5 171.1 172.1 172.6 173 173.7 174.8 175.8 176.7 179.4 183 186.5 188.7 189.6 188.9 186.9 185 182 174.5 167.5 163.3 161.3 159.4 155.3 153.7 153.9 156.6 159 159.4 159.8 162.9 164.6 161.2 157.6 155.1 152.8 151.5 149.2 144 140.7 138 136.9 135.7 133.7 132.8 132.5 132.1 132 132.5 132.9 133.6 141.4 146.4 144.9 141.3 139.8 138.9 137.9 137.1 136.7 134.2 132.6 130.3 127.8 123.1 119.8 118.1 116.7 115.2 112.9 110.1 107.1
194.6 187.4 182.9 178.2 173.2 167 167 172.5 171.3 170.8 172.4 172.8 172.9 174 175.1 176 176.8 179.1 182.6 186.4 188.2 189.6 189 187 184.7 182 176.1 168.9 165.1 161.7 159.1 156.2 153.7 154.1 156 158.7 159.6 160.3 164.9 166.2 164.4 160.7 157.8 153.6 152.3 149.9 144.7 139.8 138.6 137 135.4 134.1 133 132.7 132.5 132.5 133 133.3 133.5 138.4 148.6 146.7 143.9 139.7 138.3 137.5 136.6 136 133.4 131.7 130.4 128.2 122.6 119.3 117.6 115.9 114.5 112.5 109.5 105.8
198.8 190.4 183.8 178.3 172.8 167 167 170.5 172 170.2 171.7 171.7 172.9 174.1 175.1 175.7 176.3 178.7 182.3 186.2 187.7 189.1 188.9 187.2 185.1 181.4 176.6 168.8 164.4 163.3 159.9 155.7 154.9 155 156.1 158.6 160 162.4 168 169.7 169 164.1 159.9 154.6 152.9 150.8 147.2 144.2 141.5 138 135.6 134.3 133.4 133 133 132.9 133.1 133.3 133.4 135.3 147.3 147.8 145.5 140.6 137.8 137 136 134.5 132.7 131 129.5 127.2 123.4 118.7 117.3 116.1 114.4 111.2 107.6 105.6
202.2 193.7 185.1 179.5 174.1 167 167 167 169.8 169.9 167 167 172.3 173.5 174.5 175.3 175.8 178.3 181.7 185.1 187 188.7 189.1 187.6 185.5 182.2 178.1 171.5 164.7 163.9 161.9 156.4 155.6 155.7 156.8 159.3 160.9 165.4 170.8 173.9 172.2 166.7 161.7 157.1 153.6 149.9 146.6 144.3 142 138.9 135.7 134.5 133.4 133 132.9 132.8 132.9 133.1 133.3 133.9 141.9 147.4 145 141.4 138.3 137.2 135.5 134.7 132.6 130.3 128.5 127.2 124.1 121.1 117.3 115.6 112.7 109.7 106.8 104.1
206.2 195.4 186.1 180.3 174.2 167 167 167 167 167.7 167 167 171.7 172.8 173.8 174.5 175.3 177.1 179.9 183 185.1 187.5 188.2 188.1 186.3 184.2 180 174.2 165.2 163.9 159.7 157.4 156.5 156.4 157.5 160.1 163.5 169.9 174.3 175.8 175.3 171 166 159.8 155.1 150 146.6 144.3 142.6 139.9 137.1 134.4 133.5 133.1 132.8 132.7 132.7 132.9 133.4 133 137.2 143.8 143.5 139.6 137.6 135.3 134.7 134.2 132.5 130.6 129.1 127.2 123.3 121.2 117.6 115.6 113.1 109.8 107.5 105.5
208.4 198.9 189.3 182.2 173.8 167.3 167 167 167 167 167 167 167.9 171.6 172.3 174 174.9 175.5 178 180.6 182.9 184.8 187 187.2 186.9 185.9 181.1 175.6 168 163.5 160.2 157.7 157.3 157.2 158.1 161.8 167.4 173.3 177.2 178.8 177.7 175.3 168.6 161.4 157.5 154.5 150.2 145.9 142.6 140 137.1 135 133.7 133.3 132.9 132.7 132.6 132.8 133 133.1 134.8 139.6 141.3 139 135.8 135 134.1 133.4 132.1 130.7 129.5 127.3 123.4 120.9 117.7 115.2 113.2 110.1 107.2 104.2
211.3 201.2 190.5 181.7 175.8 167 167 167 167 167 167 167 167 167 170 173.7 174.3 174.9 176.6 179.1 181.4 182.8 184.1 185.9 186.7 186 183.1 176.5 169.6 164.6 161.4 159.2 158.1 158.2 158.9 164.7 171.7 178.3 181.9 182.2 180.7 178.7 174.1 164.9 159.9 157.9 152.5 147.3 143 140.8 138.2 134.6 133.5 133.2 132.8 132.5 132.4 132.3 132.5 132.6 132.7 136.6 139.2 137.7 135.4 135 133.6 132.7 132.3 130.5 129.6 127.3 122.9 120.4 117.2 114.9 113 109.9 105.7 103.3
215.8 205.8 193.2 184.8 173.9 168.3 167 167 167 167 167 167 167 167 167 172.7 173.2 173.5 175.4 178 179.9 180.8 181.7 184.2 186 185.9 184.4 178.1 172.3 167.5 164 161 159.3 159 159.9 167.6 177.2 183.7 187.4 186.1 183.8 180.5 175.5 169 164 159.8 154.3 150.5 146 142.5 139.7 134.9 133.3 132.9 132.5 132.1 131.9 131.9 131.9 132 132 134 136.1 135.7 135.2 134.8 133.6 133 132.4 130.1 128.9 126.3 123.3 120.2 117.9 114.5 113.5 109.3 106.3 104.4
221.9 208.9 196.1 186.1 175.9 169.8 167 167 167 167 167 167 167 167 167 173 170.9 172 174.6 177.6 179.1 179.7 180.3 182.7 185.6 185.9 184.1 180.6 174.1 170.1 168.4 164.4 161.9 160.3 161.8 171 181.4 187.8 191.7 190.3 187 183.8 178.2 170.8 166.9 162.1 157.4 152.6 148.8 144.1 140.6 135.9 134.2 133.1 132.4 131.9 131.3 131.4 131.5 131.5 131.6 132.3 133.7 134.1 134.4 134.4 133.5 132.5 131.2 129.3 128.5 125.5 123.1 119.4 117.3 114.9 112 108.7 107.6 104.5
229.2 215.8 202.8 191.5 179.3 167 167 167 167 167 167 167 167 167 167 167.4 167 167 174.2 176.8 178 178.6 179 181 184.9 186.6 185.6 182.5 177.9 173.4 170.9 168 164.3 162.4 164.3 173.1 183.3 190.5 193.7 193.9 189.3 184.5 179.7 174 170.1 166.5 161.5 156.3 150.4 146.2 140.9 137.4 135.1 133.5 132.1 131.4 130.7 130.9 131 131.1 131.2 131.4 131.8 132.6 133.7 133.9 132.9 131.8 130 128.2 127.3 125.2 122.6 118.9 116.7 114.9 112.4 109.4 107.1 106.1
236 221.8 204 193.1 179.9 171.5 167 167 167 167 167 167 167 167 167 167 167 167 174 175.8 176.6 175.9 176 178.4 184.4 187.4 187.3 184.5 179.4 174.8 173.4 170.7 167.1 165.1 167 173.8 183.3 189.9 193.8 195.5 192 185.8 181.6 177.9 174.5 169.4 163.3 158.2 153 148 142.6 138.1 136.1 133.3 131.6 130.9 130.2 130.1 130.4 130.6 130.7 131 131.4 131.8 132.4 133 132.3 131.6 129.4 128.3 126.6 123.8 120.6 118.5 116.3 115.2 112.3 109.9 107.9 106.4
243 229.5 211.5 195.3 181.5 172.9 167 167 167 167 167 167 167 167 167 167 167 167 173 174.6 175.9 175.9 175.9 175.9 182.4 187.2 189.8 187.6 185.8 176.3 175.4 173.9 170.7 169.9 171.8 175.8 182.3 186.7 193 195 193.6 187.7 184.1 180.7 176.7 170.8 164.2 159.4 154.4 149.1 144.1 139.4 136.4 133.9 131.1 130.4 129.7 129.3 129.6 129.9 130.3 130.6 131 131.5 131.9 132.1 132.3 131.5 128.9 127.6 125.7 123.7 120.7 118.2 115.8 113.1 111.6 110.3 108.5 105.9
248.6 235.3 218.3 203.8 181.3 173.2 169.4 167 167 167 167 167 167 167 167 167 167 167 173.7 175.5 176.9 175.9 175.9 175.9 179.5 185.6 190.4 189.2 189.5 185.3 177.6 176 173.9 173.3 175 176.8 180 183.4 189.6 192.6 190.3 189 186.5 183.9 181.3 176.1 168.7 161.7 155.2 148.8 144.3 140.5 136.7 133.2 130.7 129.8 129.2 128.5 128.4 128.3 129.1 130.1 130.6 131.1 131.6 132.6 132.5 131 128.5 125 124.2 122.9 121 119.2 115.2 112.6 111.9 110.6 109.5 105.9
258.6 241.6 222.1 204.8 185.8 175.8 172.8 167.1 167 167 167 167 167 167 167 167 167 167 173.9 175.5 177.6 176.5 175.9 176.6 179.4 183.5 188.8 189.7 189.8 188.4 182.1 178.1 176.4 175.6 177.4 178.5 179.4 181.4 187.1 189.9 188 187.7 187.3 186.6 185.5 182.5 174.6 166 158.4 150.2 145 141.2 136.7 133.3 130.3 129.3 128.3 127.5 127.1 127.4 128.4 129.3 130.3 130.7 131.4 132.3 131.9 130.7 127.8 124 122.7 121.3 119.7 118.7 115.8 112.3 111.1 110.7 109.6 107.8
267.2 248.9 225.4 205.5 190.7 180.1 175.2 171.9 167 167 167 167 167 167 167 167 167 167 173.9 175.9 178.2 177.6 177.1 178.8 178.9 181.4 186.4 189 189.9 188.8 184.7 179.5 177.9 178.1 178.6 179.3 179.3 179.7 182.4 185 185.2 185.3 186.6 187.6 187.8 185.3 177.2 168.4 160.1 152.6 146.6 142.5 136.8 134 130.2 128.9 127.9 127 126.7 126.9 127.6 128.6 129.9 130.3 131.1 131.3 130.8 129.8 127.1 123.5 120.6 119.6 118.7 117.6 114.4 112.6 111.7 110.8 109.6 107.3
275 250.7 229.3 206.9 195.1 184.6 175.7 174.2 169.9 167 167 167 167 167 167 167 167 167 173.5 176.4 178.9 179.3 179.4 180 180 180.8 182.7 186.3 189.5 188.6 184.8 180.7 179.3 179.4 179.6 180 179.7 179.1 179.5 180.6 182 183.3 184.8 186.3 187.8 187.1 178.2 170.7 162.4 155.3 149.4 144.8 138.3 133.8 130.2 128.6 127.7 126.8 126.4 126.5 126.9 127.8 129.1 130 130.5 130.4 129.7 128.9 126.7 123.3 120.4 118.9 117.4 115.6 113.3 112.1 111.3 110.6 109.4 108.4
280.4 258.2 232.5 210.1 198.3 187.5 180.1 176.4 171.5 167 167 167 167 167 167 167 167 167 173.8 177.4 180.2 182 181.5 181.3 181 180.7 181.6 184.4 188.6 187.4 184.1 180.9 179.6 179.4 180 179.9 179.3 178.8 178.9 179.2 180.3 181.7 183.2 184.7 186 185.7 178.9 171.6 165.2 158.1 150.8 145.3 140.2 134.9 130.4 128.5 127.5 126.6 125.6 125.7 126.3 126.4 128 129.3 129.8 129.2 127.8 127.6 126 122.9 120.1 117.9 116.9 115.8 113.8 112.4 110.9 110.5 110.1 108.7
279.7 261.1 234.5 214.6 199.4 189.1 183.3 177.7 174 172.2 167 167 167 167 167 167 167 169 174.7 179.4 182.7 185.6 184.7 182.4 181.9 181.4 182 182.8 186.5 185.8 183 181 179.9 179 178.9 179.5 178.7 178 178.2 178.5 179.2 180.3 181.7 182.9 183.9 183 179 173.4 166.5 160.2 153.5 147.9 142.8 137.2 132.3 128.8 127.6 126.3 125 125.5 125.9 125.9 127.3 128.4 128.3 126.8 126.2 125.9 125 122.4 119.6 117.8 116.8 114.9 112.7 111.6 110.9 110.8 109.9 109.6
279.6 263.1 235 219 203.4 190.6 183.8 178.5 177.5 174.3 170.5 170.4 168.4 167.2 167 167 167.4 172.8 176.2 181.6 185.8 190.2 188.3 185.2 182.5 182.4 182.7 182.9 183.2 183.4 182.1 181 179.5 178 177.6 177.4 177.3 177.2 177.5 177.7 177.5 178.4 179.5 180.7 181.2 179.9 178.9 175 168.6 161.8 156.6 151.4 146.1 140.3 133.7 129.4 127.7 126.7 125.3 124.7 125.7 125.7 126 127 127.2 126.5 125 124.2 123.2 121.2 119 117.4 116.2 115.3 113.2 111.8 110.9 110.5 110.7 108.9
281.1 261.4 236.7 221.9 207.9 195.7 186.4 182.9 180.2 176.2 173.8 174 173.1 172.9 169.6 171.2 172.6 174.5 178 184.6 189.5 195.5 194.2 189.2 184.6 182.9 183.1 183.2 183.1 182.6 181.6 180.4 178.5 177.6 177.1 176.4 175.7 174.9 174.7 174.8 175.4 176.3 177.4 178.5 178.2 176.4 175.8 174.4 169.4 162.9 157.5 152.9 149.1 142.1 134.9 130.2 127.8 126.2 124 123.9 124.7 125.7 126 126.2 126.5 126 124.6 123.7 122.5 120.8 118.8 116.7 114.9 114 112.9 111.6 110.9 110.5 110.5 109.5
281.2 262.9 241.8 225.2 210.5 200.8 190.3 189.4 185.4 180.4 178 177.6 176 173.5 172.9 173.2 175.6 178.1 181.9 189 194 201.3 200.6 195.3 187.8 183.9 183.4 183.4 183.2 183.1 182.1 180.1 178.1 177.5 176.7 175.9 174.1 172.7 172.1 172 172.9 174 175.1 176.1 175.3 173.2 171.2 168 166 163.3 156.8 151.3 146.3 141.6 135.6 130.9 128.3 125.2 124.3 123.5 123.9 124.9 125.6 125.6 125.7 125.2 124.4 123 122 119.5 117.7 115.9 114.5 114.5 112 110.8 111 109.7 109.6 108.4
277.9 267.3 247.6 230.4 215.1 205.7 195.8 193.7 191 185.8 184.8 183.3 180.5 176.5 174.1 174.8 179.8 182.7 186.4 194.8 200.3 207.9 208.4 202.1 196.6 190.1 183.5 183.6 183.8 183.7 182.8 181.6 179.3 177.1 175.6 173.7 172.6 171.3 170.6 170.5 170.7 171.6 172.8 173.5 172.5 170.1 167.3 163.4 160.2 157.9 153.6 148.1 143.1 139.3 134.9 131.9 129.4 125.4 124.3 123.6 123.1 123.9 124.8 124.9 124.7 123.6 123 121.7 120 118.2 116.9 115.5 114.3 113.5 111.3 110.4 110 109.4 109.1 107.1
276.1 267.1 252.3 236.5 222 209.3 200.6 197.9 194.5 189.3 188 187.1 183.4 178.1 175.3 177.9 183.5 186.9 193 202.8 207.7 215.5 213.9 209.7 205.6 198.4 187 184.1 184.3 184.8 184.7 184.1 180.9 177.1 175.4 173.3 171.4 169.7 168.9 168.9 169 169.4 170.4 170.4 169.6 167.4 164.3 160.5 156.9 152.6 148.2 144.2 140.7 137.1 134.1 131.8 130.1 125.2 124.7 123.8 123.4 122.8 123.3 122.8 122.1 121.5 120.6 119.7 118.6 118.1 116.1 114.9 114.5 113.4 111 110.1 109.4 108.5 107.2 106.3
271.1 266.7 256.5 240.8 223.9 210.9 200.5 198 194.2 189.3 188.1 188.2 183.1 178.5 176 179.8 184.9 190.6 202.5 210 218 224.4 222 217 212.9 203.8 193.5 185.3 185.9 186.8 186.3 185.1 182.2 177.8 175.5 173 171 169.1 167.8 167.2 167.8 167.9 168.2 167.8 167 165.2 162.5 159 155.5 150.3 146.7 143.7 140.6 137.5 134.5 131.4 127.8 128.8 127.2 125.2 123.7 122.6 121.6 119.8 121.4 120.7 120.1 119.6 118.7 117.1 115.6 114 113.7 112.3 110.6 110.2 109.5 108 107.2 106.9
262.1 259.8 253.5 241.2 228.3 214.6 200.8 194.2 188.7 185 183.7 182.9 179.8 176.3 176 179.8 185.4 192 208.4 219.5 230.8 239.1 237.6 232.5 226.3 214.3 197.7 189.5 189 188.9 188.6 186.4 182.9 178.9 176.3 172.6 170.8 168.9 166.1 165.7 166.5 167.2 167.1 166.7 165.7 163.8 161.7 158 154.7 150.6 146.2 143.3 140.8 138.5 136 132.6 127.1 125.5 125.5 124.5 123.1 123 123.1 120.1 120.1 119.6 119.2 119.5 118.8 118.2 115.2 113.5 113.5 112.6 110.2 109.5 108.9 107.7 107 106.2
248.8 246.6 245.7 240.2 228.9 214.9 198.1 189 182.5 177.5 177.7 176.3 173.5 173.4 174.5 179 185.5 193.2 208.9 221.8 236.4 251.6 247.1 248.6 243.2 229 206.1 194.9 191.9 190.5 190.5 188.4 185.1 180.4 176.9 173.9 170.8 168.5 166.6 165.3 164.7 166.4 166.1 166.2 165.3 163.6 161.4 158.3 154 149.7 145.5 142.1 140.3 138.3 135.5 132.2 126.4 125.5 124.7 124.2 124 123.9 124.2 120.4 119.7 118.9 118.9 118.6 118.3 117 114.9 113.3 112.9 112.8 110 109.7 109.1 107.4 106.5 105.7
238 233.2 232.1 231 223.9 210.8 194.3 184.6 177.4 171.8 169.5 167 167.3 169.8 172.1 177.9 184.6 191.8 205 216.4 228.8 245.7 250.5 252.2 241.1 227.7 213.3 201.5 192.7 191.4 191.9 190.4 187.7 183.2 178.6 173.6 170.2 168.1 165.6 164.7 165.5 166.4 166.5 166.5 165 163.3 161.2 158.2 154 148.8 145 141.6 139.8 138 135.4 132.1 126.9 125.9 125 125.4 125 124.8 124.3 120.9 120.8 120.5 121.3 118 116.4 117.7 114.6 113.1 111.9 111.2 109.5 108.1 108.4 106.9 106.1 105.5
