app/static/ascii/ND12.asc
ncols 200
nrows 200
xllcorner 310000
yllcorner 920000
cellsize 50
[rows 0 to 36 of 200, columns 83 to 165 of 200]
122.8 120.1 117.7 115.4 112.8 110 107.4 105.6 104.7 103.7 102.6 101.3 99.1 95.6 92.2 89.1 87.6 86.1 89.5 90.6 90.7 91.5 90.8 87.9 80.8 74.5 66.9 57.6 50 43.7 38.7 37.8 32.2 16.5 10.4 11.3 12.2 17.6 39.5 44.7 48.4 49.8 50.9 51.4 52.2 52.6 52.4 52.2 52.2 51.9 52 52 51.7 51.4 51.9 53.1 53.7 54 54.8 55.7 53.3 49.1 44.2 -1.2 -1.2 -1.2 -1.2 -1.2 -1.2 -1.2 -1.2 -1.2 -1.2 -1.2 -1.2 -1.2 -1.2 -1.2 -1.2 -1.2 -1.2 -1.2 -1.2
125.2 122.7 120.1 117.4 114.4 111.5 108.7 106.8 105.8 104.8 104 102.9 100.4 97.2 94.1 91.1 88.6 88.4 91.7 92.5 92.7 93.3 93 92 86.4 78.4 70.6 61.9 53.1 45.9 40.3 36.8 32.6 16.8 15.1 9.3 11.3 30.1 36.1 40.1 43.8 45.6 46.7 47.9 48.9 49.7 49.5 49.3 49.4 49.7 49.9 50.1 50.5 50.2 50.7 51.3 51.8 52.2 52.8 50.8 50.5 47.3 41.7 -1.2 -1.2 -1.2 -1.2 -1.2 -1.2 -1.2 -1.2 -1.2 -1.2 -1.2 -1.2 -1.2 -1.2 -1.2 -1.2 -1.2 -1.2 -1.2 -1.2
126.1 124.5 122.3 119.8 116.2 112.8 110.1 108.2 107.2 106.4 106 104.6 102.1 99 95.9 92.9 89.9 89.5 91.9 92.6 93.3 93.8 93.2 91.8 86.8 80.5 73 65.5 59 50.8 44.5 38.4 35.6 21.3 15.4 13.7 8.4 25.4 29.6 34.5 38.3 41.4 42.8 44 45.1 46 46.6 46.5 46.6 47.1 47.7 48.3 48.8 49.1 49.7 50.7 51.5 52.1 51.3 49.3 46.1 43.2 39.3 -1.2 -1.2 -1.2 -1.2 -1.2 -1.2 -1.2 -1.2 -1.2 -1.2 -1.2 -1.2 -1.2 -1.2 -1.2 -1.2 -1.2 -1.2 -1.2 -1.2
126.7 125.1 123.6 121.7 118 114.4 111.6 109.6 108.7 108 107.5 105.8 103.4 100.7 97.6 94.6 91.6 90.8 92.7 93.1 93.7 94.2 93.6 92.7 83.2 80.9 74.8 69.2 63.9 57.5 49.5 43.9 40.2 35.3 23.3 15.8 10.8 11 20.2 26.5 30.4 35.5 38.8 39.7 40.7 42 42.9 43.6 43.8 44.6 44.9 45.8 46.7 47.1 48.2 49.2 50 50.5 49.7 47.7 43.5 39.8 34.8 -1.2 -1.2 -1.2 -1.2 -1.2 -1.2 -1.2 -1.2 -1.2 -1.2 -1.2 -1.2 -1.2 -1.2 -1.2 -1.2 -1.2 -1.2 -1.2 -1.2
126.5 125.4 124.4 123.1 119.9 116.3 113.3 111.1 110.2 109.5 108.8 107 104.7 102.3 99.3 96.2 93.4 92.3 93.3 94 94.3 94.5 95 96.1 92.4 82.8 75.9 70.8 65.8 60.5 54.2 49.9 45.4 41.8 33.5 17.3 9.3 8.6 16.3 25.5 27.5 30 32.5 35.4 36.2 37.4 38.9 40 41.4 41 42.5 42.9 44.2 45 46.1 47.2 48 48.6 48.2 46.2 42.8 37.6 22.2 -1.2 -1.2 -1.2 -1.2 -1.2 -1.2 -1.2 -1.2 -1.2 -1.2 -1.2 -1.2 -1.2 -1.2 -1.2 -1.2 -1.2 -1.2 -1.2 -1.2
127.5 125.7 124.7 123.7 121.4 118.2 114.9 112.1 111 110.7 110.1 108.3 106 103.7 100.5 97.8 94.9 93.3 94.3 94.7 94.6 94.6 95.9 96.3 94.8 86.8 78.6 73.2 68.3 63.4 57.3 53.8 51.4 48.2 42.8 28.4 14.4 7.6 8.7 9.6 10.4 18.4 25.4 28.8 30.7 33 34.5 36.4 38 38.5 39.2 40.1 41.5 42.8 44 45.2 46.1 46.8 46.1 44.6 41.5 -1.2 -1.2 -1.2 -1.2 -1.2 -1.2 -1.2 -1.2 -1.2 -1.2 -1.2 -1.2 -1.2 -1.2 -1.2 -1.2 -1.2 -1.2 -1.2 -1.2 -1.2 -1.2
130.2 127.9 125.8 124.2 122.4 119 115.7 113.3 112.5 111.9 111.4 109.8 107.5 104.8 101.7 98.5 95.3 94.6 94.7 95 95 94.9 96.2 97.5 97 91.7 83.6 75 69.2 64 61.7 59.4 55.8 51.7 49.3 42.1 31 18.4 8.9 8 8.1 8.8 10.5 15.8 20.8 27.9 31.3 32.7 34.6 36.1 36.6 38.7 40.1 41.5 42.6 43.8 44.6 44.9 43.9 42.1 22 -1.2 -1.2 -1.2 -1.2 -1.2 -1.2 -1.2 -1.2 -1.2 -1.2 -1.2 -1.2 -1.2 -1.2 -1.2 -1.2 -1.2 -1.2 -1.2 -1.2 -1.2 -1.2
132.4 130.1 127.9 125.8 123.5 120 116.9 114.6 113.9 113.3 112.8 111.3 109 106 102.9 99.8 97.1 95.8 95.2 95.3 95.2 95.1 98.1 100.6 98.7 94.3 86.3 77.2 70.8 65.8 64 61.7 58.6 55.8 53 49.4 45 33 18.4 5.1 6.6 6.6 6.9 8.1 8.8 13.5 29.5 30.8 31.2 32.9 34.5 37.4 38.8 40.1 41.2 41.8 42.9 42.9 42 32.6 -1.2 -1.2 -1.2 -1.2 -1.2 -1.2 -1.2 -1.2 -1.2 -1.2 -1.2 -1.2 -1.2 -1.2 -1.2 -1.2 -1.2 -1.2 -1.2 -1.2 -1.2 -1.2 -1.2
133.7 131.6 129.7 127.7 125.1 121.6 118.4 115.9 115.4 114.8 114.1 112.5 110.2 106.9 103.6 100.9 98.2 97.2 96.3 95.8 95.5 95.6 98.2 102.1 100 95.1 87.7 77.6 70.8 67.8 65.2 63.7 62 59.3 55.8 51.9 47.5 44.1 33.9 18 6.7 5.9 5.5 5.8 6 7.8 7.6 18.5 34.6 33.3 33.8 36 37.5 38.5 38.9 39.3 40.5 41.5 18.8 -1.2 -1.2 -1.2 -1.2 -1.2 -1.2 -1.2 -1.2 -1.2 -1.2 -1.2 -1.2 -1.2 -1.2 -1.2 -1.2 -1.2 -1.2 -1.2 -1.2 -1.2 -1.2 -1.2 -1.2
134.2 132.6 131.5 129.6 126.8 123.3 120.1 117.2 116.3 115.8 115.7 114.1 111.7 108.1 104.1 101.7 99.5 98.2 97.4 96.4 96.4 96.5 98.9 102.3 100.1 93.7 85.4 77.1 68.5 67.1 65.2 63.8 62.2 60.6 57.7 53.9 50.2 46.4 42.6 32.7 18.4 5.7 -1.2 -1.2 -1.2 4.4 5.8 6.9 21.9 34 32.4 34.2 35.4 35.9 36.3 36.7 32 9.5 -1.2 -1.2 -1.2 -1.2 -1.2 -1.2 -1.2 -1.2 -1.2 -1.2 -1.2 -1.2 -1.2 -1.2 -1.2 -1.2 -1.2 -1.2 -1.2 -1.2 -1.2 -1.2 -1.2 -1.2 -1.2
135.6 133.4 132.3 131.3 128.5 125 121.7 118.6 117.3 117.1 117.4 116.2 113.2 109.5 105.7 101.7 100.8 99.2 98.1 97.2 97.3 97.1 98.8 101.2 97.9 91.3 83.9 74.6 66.8 63.4 63.1 62.9 61.5 60.2 59.1 55.8 52 48 44.2 40.8 32.2 11.7 3.9 -1.2 -1.2 -1.2 -1.2 -1.2 16.2 32.2 30.9 32.3 32.8 33.3 33.7 33.5 24.1 34.6 -1.2 -1.2 -1.2 -1.2 -1.2 -1.2 -1.2 -1.2 -1.2 -1.2 -1.2 -1.2 -1.2 -1.2 -1.2 -1.2 -1.2 -1.2 -1.2 -1.2 -1.2 -1.2 -1.2 -1.2 -1.2
137.6 135.1 133.1 131.8 130.6 127 123 120 118.1 117.7 117.3 115.3 113.6 108.8 104 102.7 103.4 100.5 98.8 97.7 97.2 96.7 97.1 98.1 94.4 87.8 79.9 71.4 65.4 61.4 60.6 61.1 60.5 59.8 58.9 57 53.2 49.4 46 43.2 26.2 11.9 2.6 2.7 3.5 2.9 1.4 -1.2 -1.2 25.5 27.4 28 30.1 30.6 30.5 30.3 18.7 -1.2 -1.2 -1.2 -1.2 -1.2 -1.2 -1.2 -1.2 -1.2 -1.2 -1.2 -1.2 -1.2 -1.2 -1.2 -1.2 -1.2 -1.2 -1.2 -1.2 -1.2 -1.2 -1.2 -1.2 -1.2 -1.2
139.6 137.5 135.3 132.3 131.3 128.8 124.8 121.3 119.1 117.3 113.9 113.4 109.7 108.4 105.5 108 105.2 102.2 99.5 98 97.8 97.8 94.9 92.9 90.4 83.7 76.5 68.8 63.8 60 58.6 59 59.2 58.4 57.3 55.9 53.9 50.5 47 40.6 15.6 9.4 7.5 4 -1.2 0.5 0.9 1.7 -1.2 -1.2 16.8 24.3 25.6 27.5 27.7 26.1 -1.2 -1.2 -1.2 -1.2 -1.2 -1.2 -1.2 -1.2 -1.2 -1.2 -1.2 -1.2 -1.2 -1.2 -1.2 -1.2 -1.2 -1.2 -1.2 -1.2 -1.2 -1.2 -1.2 -1.2 -1.2 -1.2 -1.2
142 140 137.1 133.5 131.9 130.6 127 123.4 120.5 118.7 119 116.8 112.8 110.4 112.3 110.4 106.4 103 100.4 98.5 98.7 97.8 92.2 90 85.8 78.9 72.4 68.5 63.3 60.7 58.3 56.5 56.9 56.7 55.8 54.6 52.9 50.8 48.1 34.3 9.5 7.5 -1.2 -1.2 -1.2 -1.2 -1.2 -1.2 -1.2 0.9 1.5 3.6 5.6 22.9 25.1 -1.2 -1.2 -1.2 -1.2 -1.2 -1.2 -1.2 -1.2 -1.2 -1.2 -1.2 -1.2 -1.2 -1.2 -1.2 -1.2 -1.2 -1.2 -1.2 -1.2 -1.2 -1.2 -1.2 -1.2 -1.2 -1.2 -1.2 -1.2
142.1 139.8 138.1 134.9 133.1 130.8 128.3 124.7 122.2 120.3 122.1 119.4 117.1 115.6 115.2 112 108.3 104.5 100.8 99.4 98.5 95 88.9 90.2 79.3 73 68.2 65 64.5 62 59.2 55.6 53.8 54.1 54.4 53.1 52 50.5 47.3 38 7.7 4.1 -1.2 -1.2 -1.2 -1.2 -1.2 -1.2 -1.2 -1.2 -1.2 -1.2 -1.2 -1.2 -1.2 -1.2 -1.2 -1.2 -1.2 -1.2 -1.2 -1.2 -1.2 -1.2 -1.2 -1.2 -1.2 -1.2 -1.2 -1.2 -1.2 -1.2 -1.2 -1.2 -1.2 -1.2 -1.2 -1.2 -1.2 -1.2 -1.2 -1.2 -1.2
140.4 138.6 137.2 136.1 133.8 132.6 129.2 126.1 124 123.8 124.3 122.7 120.5 119 115.9 113 110.5 106 101.6 99.3 97.5 93.3 89.5 80.3 72.8 67.6 64.9 63.1 64.2 63.2 60.2 56.6 52.5 51.9 52.2 51.7 50.6 49.5 47.8 29.1 7.3 1.9 -1.2 -1.2 -1.2 -1.2 -1.2 -1.2 -1.2 -1.2 -1.2 -1.2 -1.2 -1.2 -1.2 -1.2 -1.2 -1.2 -1.2 -1.2 -1.2 -1.2 -1.2 -1.2 -1.2 -1.2 -1.2 -1.2 -1.2 -1.2 -1.2 -1.2 -1.2 -1.2 -1.2 -1.2 -1.2 -1.2 -1.2 -1.2 -1.2 -1.2 -1.2
139.8 137.7 136.6 135.3 134.1 133.5 131 127.8 125.6 124.7 125.8 125.8 123.7 121.4 117.5 115.5 111 106.6 102.2 99.4 97.1 92.9 91.3 80.5 71.8 66 61.8 60.1 62.4 62.5 60.4 56.9 53.5 50.7 49.7 49.9 49.3 48.3 47.3 35 7.9 1.5 -1.2 -1.2 -1.2 -1.2 -1.2 -1.2 -1.2 -1.2 -1.2 -1.2 -1.2 -1.2 -1.2 -1.2 -1.2 -1.2 -1.2 -1.2 -1.2 -1.2 -1.2 -1.2 -1.2 -1.2 -1.2 -1.2 -1.2 -1.2 -1.2 -1.2 -1.2 -1.2 -1.2 -1.2 -1.2 -1.2 -1.2 -1.2 -1.2 -1.2 -1.2
139.1 137.7 136.5 135.1 133.8 133.3 131.5 129.3 127.3 125.9 125.5 125.7 125.3 121.6 121.5 118.6 114.6 109 104.7 100.3 96.7 92.7 89.6 81.8 74.4 67.3 61.9 58.8 56 60.1 59.2 55.9 52.7 50.5 48.6 46.9 47.3 47.2 45.9 43.5 24.1 1.7 -0.1 -1.2 -1.2 -1.2 -1.2 -1.2 -1.2 -1.2 -1.2 -1.2 -1.2 -1.2 -1.2 -1.2 -1.2 -1.2 -1.2 -1.2 -1.2 -1.2 -1.2 -1.2 -1.2 -1.2 -1.2 -1.2 -1.2 -1.2 -1.2 -1.2 -1.2 -1.2 -1.2 -1.2 -1.2 -1.2 -1.2 -1.2 -1.2 -1.2 -1.2
139 137.6 136.5 135.3 133.5 132.4 130.7 129.1 127.6 126.3 125.7 125.7 125.2 125.6 123.9 123.3 119.2 111.7 107.4 102.4 97.7 93.1 89.4 83.3 77.3 67.6 62.2 58.4 54.4 57 56.8 55 52.7 50.6 48.7 47 45.5 45.6 44.6 36.3 12.8 1.6 -1.2 -1.2 -1.2 -1.2 -1.2 -1.2 -1.2 -1.2 -1.2 -1.2 -1.2 -1.2 -1.2 -1.2 -1.2 -1.2 -1.2 -1.2 -1.2 -1.2 -1.2 -1.2 -1.2 -1.2 -1.2 -1.2 -1.2 -1.2 -1.2 -1.2 -1.2 -1.2 -1.2 -1.2 -1.2 -1.2 -1.2 -1.2 -1.2 -1.2 -1.2
139 137.7 136.4 135.3 133.8 132.7 132 129.7 127.8 126.9 126.2 126.7 127 127.7 126.1 124.4 119.9 113.2 107.9 102.7 98 92.9 89.4 84 77.8 69.1 62.2 56 51.7 53.6 53.9 54 52.8 50.7 48.8 47.2 45.5 43 43 28.3 6.3 0.7 -1.2 -1.2 -1.2 -1.2 -1.2 -1.2 -1.2 -1.2 -1.2 -1.2 -1.2 -1.2 -1.2 -1.2 -1.2 -1.2 -1.2 -1.2 -1.2 -1.2 -1.2 -1.2 -1.2 -1.2 -1.2 -1.2 -1.2 -1.2 -1.2 -1.2 -1.2 -1.2 -1.2 -1.2 -1.2 -1.2 -1.2 -1.2 -1.2 -1.2 -1.2
139.4 138.2 136.9 136.2 136.8 135.9 134.2 131.3 129.1 127.5 127.6 128.4 129.2 129.8 127.5 123.7 119.6 113.8 109.8 105.5 100.2 93.6 87.5 83.3 76.8 69.4 62.7 54.8 50 51.7 51.5 51.3 51.3 50.4 49.1 47.4 45.2 43.1 34 12.7 3 0.5 -1.2 -1.2 -1.2 -1.2 -1.2 -1.2 -1.2 -1.2 -1.2 -1.2 -1.2 -1.2 -1.2 -1.2 -1.2 -1.2 -1.2 -1.2 -1.2 -1.2 -1.2 -1.2 -1.2 -1.2 -1.2 -1.2 -1.2 -1.2 -1.2 -1.2 -1.2 -1.2 -1.2 -1.2 -1.2 -1.2 -1.2 -1.2 -1.2 -1.2 -1.2
139.9 138.6 137.8 138.2 139.1 138.4 136.5 132.9 130.6 128.7 128.9 130.7 131.6 130.2 126.8 121.8 118.2 116.1 112.7 108.1 102.8 94.7 87.1 80.7 75.5 68.6 62.8 56.9 48.5 50.3 50.1 49.7 49.5 49.4 49.2 47.1 45 42.8 31.1 6.2 1.4 -0.2 -1.2 -1.2 -1.2 -1.2 -1.2 -1.2 -1.2 -1.2 -1.2 -1.2 -1.2 -1.2 -1.2 -1.2 -1.2 -1.2 -1.2 -1.2 -1.2 -1.2 -1.2 -1.2 -1.2 -1.2 -1.2 -1.2 -1.2 -1.2 -1.2 -1.2 -1.2 -1.2 -1.2 -1.2 -1.2 -1.2 -1.2 -1.2 -1.2 -1.2 -1.2
140.4 139.6 139.5 140.2 141.2 140.9 138.6 134.6 132.1 129.6 129.2 131.7 131.4 129.5 124.8 119.9 118.6 116.8 113.7 109.7 104.2 97.1 88.5 81.7 74 68.7 62.4 57.2 51.1 47.4 48.1 47.7 47.9 47.9 47.9 46.8 44.5 42.3 17.5 2.6 1 -1.2 -1.2 -1.2 -1.2 -1.2 -1.2 -1.2 -1.2 -1.2 -1.2 -1.2 -1.2 -1.2 -1.2 -1.2 -1.2 -1.2 -1.2 -1.2 -1.2 -1.2 -1.2 -1.2 -1.2 -1.2 -1.2 -1.2 -1.2 -1.2 -1.2 -1.2 -1.2 -1.2 -1.2 -1.2 -1.2 -1.2 -1.2 -1.2 -1.2 -1.2 -1.2
141.2 141.3 141.2 142 143.1 143 140.6 136.4 133 130.6 130.3 132 130.2 128.6 125.9 121.3 120.8 118.5 115 110.8 105.5 97.9 89.5 80.9 73.5 68.1 63.8 58.6 53.4 49.1 45.6 45.3 46.1 46.6 46.6 46 44.3 33.2 5.2 1.4 -1.2 -1.2 -1.2 -1.2 -1.2 -1.2 -1.2 -1.2 -1.2 -1.2 -1.2 -1.2 -1.2 -1.2 -1.2 -1.2 -1.2 -1.2 -1.2 -1.2 -1.2 -1.2 -1.2 -1.2 -1.2 -1.2 -1.2 -1.2 -1.2 -1.2 -1.2 -1.2 -1.2 -1.2 -1.2 -1.2 -1.2 -1.2 -1.2 -1.2 -1.2 -1.2 -1.2
141.9 142.5 141.8 143.2 144 144.2 142 138.1 134 132.1 131.9 132.4 131.8 130.7 127.6 124.9 124.5 121.2 116.3 111.7 105.9 98 89.5 81.8 73.8 67.5 62.9 59.6 54.9 51.5 48.3 44.3 41.8 43.8 44.8 44.6 41.8 27.9 17.4 0.1 -1.2 -1.2 -1.2 -1.2 -1.2 -1.2 -1.2 -1.2 -1.2 -1.2 -1.2 -1.2 -1.2 -1.2 -1.2 -1.2 -1.2 -1.2 -1.2 -1.2 -1.2 -1.2 -1.2 -1.2 -1.2 -1.2 -1.2 -1.2 -1.2 -1.2 -1.2 -1.2 -1.2 -1.2 -1.2 -1.2 -1.2 -1.2 -1.2 -1.2 -1.2 -1.2 -1.2
142.3 143.3 142.4 143.7 145.3 145.1 142.5 139.1 135.4 133.2 133.8 134.7 134.1 132.5 129.1 128.1 126 122.8 116.8 111.5 106.4 98.6 89.6 82.5 74.6 68 63 59.3 56.6 53.7 50.4 46.5 43.3 36.7 42.5 42.1 16.2 2.9 1.9 -1.2 -1.2 -1.2 -1.2 -1.2 -1.2 -1.2 -1.2 -1.2 -1.2 -1.2 -1.2 -1.2 -1.2 -1.2 -1.2 -1.2 -1.2 -1.2 -1.2 -1.2 -1.2 -1.2 -1.2 -1.2 -1.2 -1.2 -1.2 -1.2 -1.2 -1.2 -1.2 -1.2 -1.2 -1.2 -1.2 -1.2 -1.2 -1.2 -1.2 -1.2 -1.2 -1.2 -1.2
143.3 143.6 143.4 144.5 145.9 145.8 142.8 139.7 136.1 134.1 134.4 135.1 135.4 134.3 132.1 129.4 126.4 120.8 116.5 110.7 105.6 99.2 89.2 83.2 74.9 67.8 62.8 59.6 56 53.7 51.4 48.8 45.8 41 33 27 5.1 1.2 -1.2 -1.2 -1.2 -1.2 -1.2 -1.2 -1.2 -1.2 -1.2 -1.2 -1.2 -1.2 -1.2 -1.2 -1.2 -1.2 -1.2 -1.2 -1.2 -1.2 -1.2 -1.2 -1.2 -1.2 -1.2 -1.2 -1.2 -1.2 -1.2 -1.2 -1.2 -1.2 -1.2 -1.2 -1.2 -1.2 -1.2 -1.2 -1.2 -1.2 -1.2 -1.2 -1.2 -1.2 -1.2
143.9 144 143.7 144.3 145.6 146 142.8 139.5 136 134 134.2 134.9 135.6 135 133.5 129.6 125.2 119.6 114.4 110.1 106.6 99.8 87.9 82.5 74.6 67.7 62.8 59.1 55.8 53.3 51.2 48.8 46.2 42.9 31.1 8.4 2.4 -1.2 -1.2 -1.2 -1.2 -1.2 -1.2 -1.2 -1.2 -1.2 -1.2 -1.2 -1.2 -1.2 -1.2 -1.2 -1.2 -1.2 -1.2 -1.2 -1.2 -1.2 -1.2 -1.2 -1.2 -1.2 -1.2 -1.2 -1.2 -1.2 -1.2 -1.2 -1.2 -1.2 -1.2 -1.2 -1.2 -1.2 -1.2 -1.2 -1.2 -1.2 -1.2 -1.2 -1.2 -1.2 -1.2
144.6 144.3 144 143.6 145.5 145.4 142.7 139.4 136.2 134 134.2 134.6 135.2 134.8 132.5 128.3 122.1 117.6 115.2 113.8 109.7 99.4 87 81.4 73.2 67.1 62.7 58.7 55.9 52.7 51.2 48.7 45.8 43 18.2 8.1 1.1 -1.2 -1.2 -1.2 -1.2 -1.2 -1.2 -1.2 -1.2 -1.2 -1.2 -1.2 -1.2 -1.2 -1.2 -1.2 -1.2 -1.2 -1.2 -1.2 -1.2 -1.2 -1.2 -1.2 -1.2 -1.2 -1.2 -1.2 -1.2 -1.2 -1.2 -1.2 -1.2 -1.2 -1.2 -1.2 -1.2 -1.2 -1.2 -1.2 -1.2 -1.2 -1.2 -1.2 -1.2 -1.2 -1.2
144.3 144.1 144 143.9 145.2 145.2 142.8 139.7 136.4 133.9 134 134.4 134.7 134.2 131.5 127.1 122.7 119.4 121.1 117.3 111.2 104.5 88.2 80.6 72.2 66.8 62.8 58.7 55.1 50.6 50.5 47.6 41.5 35.4 11.7 3.9 -1.2 -1.2 -1.2 -1.2 -1.2 -1.2 -1.2 -1.2 -1.2 -1.2 -1.2 -1.2 -1.2 -1.2 -1.2 -1.2 -1.2 -1.2 -1.2 -1.2 -1.2 -1.2 -1.2 -1.2 -1.2 -1.2 -1.2 -1.2 -1.2 -1.2 -1.2 -1.2 -1.2 -1.2 -1.2 -1.2 -1.2 -1.2 -1.2 -1.2 -1.2 -1.2 -1.2 -1.2 -1.2 -1.2 -1.2
144.8 143.7 143.5 143.5 144.5 144.1 141.9 140 136.6 133.6 133 133.4 134.4 133.3 130.9 128.1 124.6 124.1 122.3 116.2 110.3 101.5 90.8 79.3 71.8 66.9 62.9 59.1 55.5 52.3 49.9 47.3 44.6 41.8 27.8 1.6 -1.2 -1.2 -1.2 -1.2 -1.2 -1.2 -1.2 -1.2 -1.2 -1.2 -1.2 -1.2 -1.2 -1.2 -1.2 -1.2 -1.2 -1.2 -1.2 -1.2 -1.2 -1.2 -1.2 -1.2 -1.2 -1.2 -1.2 -1.2 -1.2 -1.2 -1.2 -1.2 -1.2 -1.2 -1.2 -1.2 -1.2 -1.2 -1.2 -1.2 -1.2 -1.2 -1.2 -1.2 -1.2 -1.2 -1.2
145.6 144.1 143.7 143.3 143 142.4 141.2 139.8 137.4 133.3 131.7 131.8 133.2 132.9 130.5 128.1 125.4 124.5 120.9 113.7 107.7 101.5 91.7 81.9 70.9 67 63.1 59.6 56 51.5 49.1 45.8 43.1 40.5 22.2 1.9 -1.2 -1.2 -1.2 -1.2 -1.2 -1.2 -1.2 -1.2 -1.2 -1.2 -1.2 -1.2 -1.2 -1.2 -1.2 -1.2 -1.2 -1.2 -1.2 -1.2 -1.2 -1.2 -1.2 -1.2 -1.2 -1.2 -1.2 -1.2 -1.2 -1.2 -1.2 -1.2 -1.2 -1.2 -1.2 -1.2 -1.2 -1.2 -1.2 -1.2 -1.2 -1.2 -1.2 -1.2 -1.2 -1.2 -1.2
147.3 144.3 144.1 143.2 142.4 141.7 140.6 139.5 137.2 133.4 131.4 130.8 130.8 131.7 131 128.6 126.7 125.4 121.4 114.6 105.8 99.3 91.1 81.1 72.6 67.3 63.9 60.4 56.4 51.8 47.9 44.4 33.9 38.9 10 0.5 -1.2 -1.2 -1.2 -1.2 -1.2 -1.2 -1.2 -1.2 -1.2 -1.2 -1.2 -1.2 -1.2 -1.2 -1.2 -1.2 -1.2 -1.2 -1.2 -1.2 -1.2 -1.2 -1.2 -1.2 -1.2 -1.2 -1.2 -1.2 -1.2 -1.2 -1.2 -1.2 -1.2 -1.2 -1.2 -1.2 -1.2 -1.2 -1.2 -1.2 -1.2 -1.2 -1.2 -1.2 -1.2 -1.2 -1.2
148.6 145.8 144.2 143.1 142.3 141.8 141 139.2 136.7 134.1 131.1 130.6 130.1 130.2 130 129.4 128 126.7 124.4 119 109.7 97.7 89.3 81.2 73.5 68.5 65.5 62 57.3 52.5 47.5 42.8 35.6 14.4 -1.2 -1.2 -1.2 -1.2 -1.2 -1.2 -1.2 -1.2 -1.2 -1.2 -1.2 -1.2 -1.2 -1.2 -1.2 -1.2 -1.2 -1.2 -1.2 -1.2 -1.2 -1.2 -1.2 -1.2 -1.2 -1.2 -1.2 -1.2 -1.2 -1.2 -1.2 -1.2 -1.2 -1.2 -1.2 -1.2 -1.2 -1.2 -1.2 -1.2 -1.2 -1.2 -1.2 -1.2 -1.2 -1.2 -1.2 -1.2 -1.2
150.4 146.8 145.3 143.8 142.6 141.9 141.2 138.7 136.3 133.8 130.6 130.5 129.8 129 129 129.1 129.1 128.5 127 121.6 114.5 104.3 88.7 79.2 73.1 69.7 66.9 63.2 58.3 53.4 48.3 43.5 20.6 10.1 -1.2 -1.2 -1.2 -1.2 -1.2 -1.2 -1.2 -1.2 -1.2 -1.2 -1.2 -1.2 -1.2 -1.2 -1.2 -1.2 -1.2 -1.2 -1.2 -1.2 -1.2 -1.2 -1.2 -1.2 -1.2 -1.2 -1.2 -1.2 -1.2 -1.2 -1.2 -1.2 -1.2 -1.2 -1.2 -1.2 -1.2 -1.2 -1.2 -1.2 -1.2 -1.2 -1.2 -1.2 -1.2 -1.2 -1.2 -1.2 -1.2
152 148.3 145.9 144.4 143.2 142.3 140.7 138.1 135.6 132.4 130.2 129.6 129.6 128.7 128.4 129 129.6 129.6 128.1 122.3 114.8 105 89.7 77.6 72.7 70.2 68.1 64.3 58.9 53.7 48.6 43.2 23.1 21.2 -1.2 -1.2 -1.2 -1.2 -1.2 -1.2 -1.2 -1.2 -1.2 -1.2 -1.2 -1.2 -1.2 -1.2 -1.2 -1.2 -1.2 -1.2 -1.2 -1.2 -1.2 -1.2 -1.2 -1.2 -1.2 -1.2 -1.2 -1.2 -1.2 -1.2 -1.2 -1.2 -1.2 -1.2 -1.2 -1.2 -1.2 -1.2 -1.2 -1.2 -1.2 -1.2 -1.2 -1.2 -1.2 -1.2 -1.2 -1.2 -1.2
153.8 150.2 146.7 145.3 145.4 143.8 140.1 137.4 134.2 131 130.2 129.6 129 128.6 128.5 128.5 129.5 129.6 126.2 120 113.2 102.5 88.3 77.5 72.6 71.9 69.7 65.6 59.7 53.5 48.3 42.9 34.4 -1.2 -1.2 -1.2 -1.2 -1.2 -1.2 -1.2 -1.2 -1.2 -1.2 -1.2 -1.2 -1.2 -1.2 -1.2 -1.2 -1.2 -1.2 -1.2 -1.2 -1.2 -1.2 -1.2 -1.2 -1.2 -1.2 -1.2 -1.2 -1.2 -1.2 -1.2 -1.2 -1.2 -1.2 -1.2 -1.2 -1.2 -1.2 -1.2 -1.2 -1.2 -1.2 -1.2 -1.2 -1.2 -1.2 -1.2 -1.2 -1.2 -1.2
