app/static/ascii/NF60.asc
ncols 200
nrows 200
xllcorner 60000
yllcorner 800000
cellsize 50
[rows 114 to 151 of 200, columns 84 to 167 of 200]
-1.6 -1.6 -1.6 -1.6 -1.6 -1.6 -1.6 -1.6 -1.6 -1.6 -1.6 -1.6 -1.6 -1.6 -1.6 -1.6 -1.6 -1.6 -1.6 -1.6 -1.6 -1.6 -1.6 -1.6 -1.6 -1.6 -1.6 1.4 9 12.8 19.1 31 37.1 43.1 44.3 43.6 40.1 34.4 30 31.2 37.9 39.2 35.2 32.3 29.2 25.7 24.5 25.1 27.8 32.6 33.3 43.4 48 45.2 41.8 43.8 43.4 41 44.3 41.8 38.7 38.5 35.1 33.3 43.1 54.6 68.6 92.2 114.5 152.6 183.7 199.5 202.9 192.3 187.2 179.3 169.7 158.6 146.5 136.7 122.5 110.8 100.5 99.5
-1.6 -1.6 -1.6 -1.6 -1.6 -1.6 -1.6 -1.6 -1.6 -1.6 -1.6 -1.6 -1.6 -1.6 -1.6 -1.6 -1.6 -1.6 -1.6 -1.6 -1.6 -1.6 -1.6 -1.6 -1.6 -1.6 -1.6 0.7 6.8 10.8 11.8 16.3 27 32 31.1 33.3 28 24.6 26.5 30.5 38.6 40.3 37.4 35.9 34.3 27.4 28.2 31.6 34.1 33.8 33.5 39.8 50 48.6 47.5 48 48.4 46.3 43 44.1 40.3 37.5 35.4 33.2 36.2 51.2 65.9 85 111.2 137.5 162.9 185.5 197.9 202 187.5 180.5 172.6 164.1 149.6 139 123.2 108.8 99.3 98.4
-1.6 -1.6 -1.6 -1.6 -1.6 -1.6 -1.6 -1.6 -1.6 -1.6 -1.6 -1.6 -1.6 -1.6 -1.6 -1.6 -1.6 -1.6 -1.6 -1.6 -1.6 -1.6 -1.6 -1.6 -1.6 -1.6 -1.6 -0.4 6.8 7.8 8.8 10.2 13.5 16.7 20.8 22 22.9 20.9 28 31.5 35.7 38.1 37.9 39.9 38.5 33.9 29.3 33.5 39.9 38.4 33.4 39.6 46.8 47.1 47 51.2 50.7 47.9 40.7 41.3 39.2 37.5 33 33.4 36 40.6 61.3 73.2 93.4 121.2 143.3 166.4 182.4 193.5 196 179.9 173.1 167.5 157.5 141.9 126.2 113.6 101.6 96.2
-1.6 -1.6 -1.6 -1.6 -1.6 -1.6 -1.6 -1.6 -1.6 -1.6 -1.6 -1.6 -1.6 -1.6 -1.6 -1.6 -1.6 -1.6 -1.6 -1.6 -1.6 -1.6 -1.6 -1.6 -1.6 -1.6 -1.6 -1.2 0.7 1 2 5.6 8.5 10.2 13.5 15.1 15.5 17.1 22.5 29.3 29.9 35.7 34.5 37.7 39.1 36.4 30.1 30.8 34.4 37.2 36 47.5 48.5 46.5 40.6 43.5 49.3 47.3 43.3 34.9 36 36.7 33.6 35.6 36.7 38 48.2 62.8 85.2 99.7 122.9 149.7 166.5 176.5 184.8 185.2 162.7 158.8 151.8 141.7 129.3 116.7 101.5 94
-1.6 -1.6 -1.6 -1.6 -1.6 -1.6 -1.6 -1.6 -1.6 -1.6 -1.6 -1.6 -1.6 -1.6 -1.6 -1.6 -1.6 -1.6 -1.6 -1.6 -1.6 -1.6 -1.6 -1.6 -1.6 -1.6 -1.6 -1.6 -1.6 -1.6 0.5 3.2 5.7 7.9 9.3 9.9 10.8 12.8 16.5 23.2 27.4 26.5 31 38.3 41 39.2 34 29 30.8 32.2 35.4 46 48 48.1 41.2 37.6 42.5 39.9 42.4 37.7 32.7 34.4 34.7 37.7 38.2 37.6 38.9 52.3 73.9 91.4 107.5 126.1 145.6 162.2 166.2 165.1 155.3 142.8 134 132.2 129 121.9 110.5 95.7
-1.6 -1.6 -1.6 -1.6 -1.6 -1.6 -1.6 -1.6 -1.6 -1.6 -1.6 -1.6 -1.6 -1.6 -1.6 -1.6 -1.6 -1.6 -1.6 -1.6 -1.6 -1.6 -1.6 -1.6 -1.6 -1.6 -1.6 -1.6 -1.6 -1.6 -0.6 1.1 -1.6 7.6 7.8 8 8.4 8.5 10.8 14.4 21.2 22.5 25.8 35.7 38.7 40.7 35.6 34.5 29.6 29.8 34.6 35.9 44.8 46.1 41.4 36.8 39.4 45.6 40.7 36 30.5 28.2 30.8 33.7 37 39.5 40.6 42.5 55.3 76.3 96 110 128.8 145 151.2 153.1 145.8 136.7 128.2 123.2 119.4 113.2 111.7 100.1
-1.6 -1.6 -1.6 -1.6 -1.6 -1.6 -1.6 -1.6 -1.6 -1.6 -1.6 -1.6 -1.6 -1.6 -1.6 -1.6 -1.6 -1.6 -1.6 -1.6 -1.6 -1.6 -1.6 -1.6 -1.6 -1.6 -1.6 -1.6 -1.6 -1.6 -1.6 -1.6 -1.6 -1.6 -1.6 -1.6 6.3 7.1 9.7 17 16.3 18.8 22.1 24.2 27.9 30.9 30.8 31.2 25.8 20 26.3 32.2 38.6 41.6 40.7 37.2 33.4 37.4 42.1 36.5 34.3 30.1 27.2 23.4 28.8 33.3 36.4 38.5 46.5 65.9 82.3 96 107.4 117.2 133 135.7 135.3 134.9 128.1 121.1 115.4 111.8 106.7 102.4
-1.6 -1.6 -1.6 -1.6 -1.6 -1.6 -1.6 -1.6 -1.6 -1.6 -1.6 -1.6 -1.6 -1.6 -1.6 -1.6 -1.6 -1.6 -1.6 -1.6 -1.6 -1.6 -1.6 -1.6 -1.6 -1.6 -1.6 -1.6 -1.6 -1.6 -1.6 -1.6 1 3.7 3.8 -1.6 5.5 6.3 9.2 8.3 11 13.1 15.5 20.1 22.6 25.5 28 26.9 23.8 17 16.6 22 29.8 38.2 37.7 35.2 32.5 29.9 33 32.4 31.5 29.3 27.3 22.9 18.9 19.4 24.5 31.2 41.2 49.2 61.3 80.9 91.7 101.1 111.9 117.6 120.7 125.4 122.6 122.1 113.7 113.3 106.2 100.4
-1.6 -1.6 -1.6 -1.6 -1.6 -1.6 -1.6 -1.6 -1.6 -1.6 -1.6 -1.6 -1.6 -1.6 -1.6 -1.6 -1.6 -1.6 -1.6 -1.6 -1.6 -1.6 -1.6 -1.6 -1.6 -1.6 -1.6 -1.6 -1.6 -1.6 -1.6 -1.6 1.4 3.5 7.7 -1.6 -1.6 6.7 8.8 8 8.6 9.6 8.3 8.3 8.8 16.1 25.8 29.3 24 16 12.8 13.5 17.7 31.4 35.3 34.2 31.3 28.6 25.6 29.3 29.1 26.7 24 20.5 17.8 17.3 21.8 33.4 41.6 47.3 61.7 68.9 77.7 84 92.7 93.7 101.2 110 112.3 118.4 113.7 103.6 103.9 95.7
-1.6 -1.6 -1.6 -1.6 -1.6 -1.6 -1.6 -1.6 -1.6 -1.6 -1.6 -1.6 -1.6 -1.6 -1.6 -1.6 -1.6 -1.6 -1.6 -1.6 -1.6 -1.6 -1.6 -1.6 -1.6 -1.6 -1.6 -1.6 -1.6 -1.6 -1.6 -1.6 2.1 12.6 10.5 12.7 -1.6 -1.6 -1.6 8.1 8.5 8.5 7.9 6.4 4.6 5.5 8.5 13.6 19.9 16.5 11.3 12.7 13.4 14.5 21.4 24.2 29.8 27 27.4 21.3 25 23.5 22.7 19.5 16.7 16.7 22.7 30 39.7 47.4 55.3 65.6 77.8 87.6 91.9 91.5 90.2 93 99.1 102.4 109.1 106.4 101.5 92.9
-1.6 -1.6 -1.6 -1.6 -1.6 -1.6 -1.6 -1.6 -1.6 -1.6 -1.6 -1.6 -1.6 -1.6 -1.6 -1.6 -1.6 -1.6 -1.6 -1.6 -1.6 -1.6 -1.6 -1.6 -1.6 -1.6 -1.6 -1.6 -1.6 -1.6 -1.6 1.5 2.8 15.5 11.9 11.9 7.1 -1.6 -1.6 4.9 5.1 5.9 7 6.4 5.1 4.7 8.2 9.1 11.3 9.5 7.5 6.6 11.1 12.3 18.2 21.6 20.2 18.6 17.7 18.7 19.1 22.9 23.1 20 17 15.5 16.4 29 35 42 49.3 64.4 71.6 78.5 83.4 86.8 82.2 83.2 95.4 97.7 99.5 104.1 97 92.7
-1.6 -1.6 -1.6 -1.6 -1.6 -1.6 -1.6 -1.6 -1.6 -1.6 -1.6 -1.6 -1.6 -1.6 -1.6 -1.6 -1.6 -1.6 -1.6 -1.6 -1.6 -1.6 -1.6 -1.6 -1.6 -1.6 -1.6 -1.6 -1.6 -1.6 1.1 0.6 4.5 13.8 12.3 11.6 7.2 4.5 -1.6 3.8 3.5 4.3 4.6 5.4 5 5.5 5.7 5.8 8 8 6.7 6.1 6.2 6.9 8.1 14.9 16.3 16.4 13.9 12.3 18 20.7 23.8 18.8 16 15.3 15.5 18.1 28.2 30.4 36.1 49.6 60.8 65.9 72.1 76.7 74.9 75.6 80.3 86.1 90.9 96.3 96 95.2
-1.6 -1.6 -1.6 -1.6 -1.6 -1.6 -1.6 -1.6 -1.6 -1.6 -1.6 -1.6 -1.6 -1.6 -1.6 -1.6 -1.6 -1.6 -1.6 -1.6 -1.6 -1.6 -1.6 -1.6 -1.6 -1.6 -1.6 -1.6 -1.6 1 0.9 4 12.7 8 12 10.6 6.5 3.3 3.9 3 4.6 8.3 7.8 6 7.4 7.2 8.1 8.5 7.5 8.8 6.4 6.4 6.9 6.8 7.1 8.7 8.6 8.9 11 10.4 20 25.1 21.1 18.4 15.3 15 14.9 15.2 19.2 26.2 28.6 38.2 47.5 58.6 62.2 64.9 63.3 64.8 70.5 68.5 69.8 76.8 77.9 79
-1.6 -1.6 -1.6 -1.6 -1.6 -1.6 -1.6 -1.6 -1.6 -1.6 -1.6 -1.6 -1.6 -1.6 -1.6 -1.6 -1.6 -1.6 -1.6 -1.6 -1.6 -1.6 -1.6 -1.6 -1.6 -1.6 -1.6 -1.6 0.2 0.9 2.2 6.3 3.6 6.2 10.3 8.2 6.1 4.3 7.7 6.8 10.8 13.2 15.1 16.9 19.9 18 19 15.4 13.7 14.3 17.4 12 11.4 14.2 14.2 11.2 10.2 9.2 9.2 9.3 12 17.4 19.5 18.4 15.2 14.7 14.7 14.9 16 23.7 27 30.1 45.4 47.4 54.2 57.1 54.6 52.8 59 62.3 61.1 63.6 66.3 71.5
-1.6 -1.6 -1.6 -1.6 -1.6 -1.6 -1.6 -1.6 -1.6 -1.6 -1.6 -1.6 -1.6 -1.6 -1.6 -1.6 -1.6 -1.6 -1.6 -1.6 -1.6 -1.6 -1.6 -1.6 -1.6 -1.6 -1.6 -1.6 1.8 1.9 5.8 7.4 7.4 6.9 7.6 7.5 5 5.7 8.1 10.7 14.3 20 27.3 30.8 30 34 37.2 34.4 29.7 22.2 19.7 14.8 12.3 15.2 18.8 16.9 14.2 11.5 9.7 9.8 10.9 12.5 14.1 15.3 15.3 14.8 14.9 14.8 15.3 16.3 18.5 23.9 28 32.6 37.3 42.4 44.5 45.3 51 61.4 60.8 56.5 67.7 63.8
-1.6 -1.6 -1.6 -1.6 -1.6 -1.6 -1.6 -1.6 -1.6 -1.6 -1.6 -1.6 -1.6 -1.6 -1.6 -1.6 -1.6 -1.6 -1.6 -1.6 -1.6 -1.6 -1.6 -1.6 -1.6 -1.6 -1.6 -1.6 1.3 4.1 6.7 7.5 5.8 11.3 6.9 3.9 5.3 9.4 13 13.5 16.2 28.6 37.8 41.2 37.7 41.8 45.6 43.1 36.5 31.7 27.3 20.7 14.4 14.1 15.3 17.2 18.4 16.2 11.1 10.6 11.6 15.7 16.9 17.6 18.7 15.7 15.1 15 15.2 15.5 16.5 16.7 19.2 23.7 28.8 32.2 32.8 31.6 35.4 36.5 41.6 41.7 46.1 54
-1.6 -1.6 -1.6 -1.6 -1.6 -1.6 -1.6 -1.6 -1.6 -1.6 -1.6 -1.6 -1.6 -1.6 -1.6 -1.6 -1.6 -1.6 -1.6 -1.6 -1.6 -1.6 -1.6 -1.6 -1.6 -1.6 -1.6 1.2 1.6 8.5 3.8 11.5 10.2 9.1 9 4.3 7.9 13.5 20.3 20 32.1 38 42.1 40.6 42.4 47.6 52.9 50.1 40.2 34.7 29.1 23.9 20.5 18.8 17.5 18.1 19.1 17.7 12.4 11.7 12.8 13.8 15.5 15.2 16.9 21.3 19.7 15.9 17.3 16.3 16.1 16.3 16.8 17.9 19.5 23.6 27.7 27.3 28.5 30.2 34 37.6 46 57.5
-1.6 -1.6 -1.6 -1.6 -1.6 -1.6 -1.6 -1.6 -1.6 -1.6 -1.6 -1.6 -1.6 -1.6 -1.6 -1.6 -1.6 -1.6 -1.6 -1.6 -1.6 -1.6 -1.6 -1.2 0.2 1 1.8 -0.1 2 10.2 8.3 5.1 5.8 10.2 8.1 6.9 6.6 7.7 23.6 28.1 35.3 42.6 45.8 54.7 59.3 51.6 48.6 45.5 40.9 36.5 35.6 27.4 23.9 23.5 22.6 19.5 19 21 14.6 14.2 13.7 13.5 14.3 14.6 15.6 18.4 18.2 16.7 23.1 23.6 20.6 19.2 18 18.3 18 19.5 23.3 23.2 24.6 26.7 29.6 39.1 41.1 47.3
-1.6 -1.6 -1.6 -1.6 -1.6 -1.6 -1.6 -1.6 -1.6 -1.6 -1.6 -1.6 -1.6 -1.6 -1.6 -1.6 -1.6 -1.6 -1.6 -0.7 -1.6 -1.6 -1.6 -0.5 1.7 -0.9 0.3 2.2 5.1 9.3 12.4 11.2 11.9 8.4 8.9 8.7 7.8 7.4 12.2 25 37 39.8 41.2 47.8 54.8 50.6 58.1 56.5 47.2 37.3 34.6 30.3 28.2 27.5 27 26.6 25.2 18.9 16.9 14.8 15.7 15.1 15.6 15.9 18.6 20 18.2 17.1 22.4 24.8 23 21.6 20.1 21.1 21.6 22 24 28 28.2 28 28.7 34.9 45.3 48
-1.6 -1.6 -1.6 -1.6 -1.6 -1.6 -1.6 -1.6 -1.6 -1.6 -1.6 -1.6 -1.6 -1.6 -1.6 -1.6 0.5 0.9 2 1.1 -0.1 -1.6 0.2 1.7 0.4 2.1 3 5.1 6.6 11 11.4 10.1 12.4 9.1 11.9 13.2 13.3 11.4 11.1 17.5 32.1 40.5 44 41 41.2 44 47.8 53 49.7 44.5 40.9 38 34.9 32.9 28.3 29 26.3 22.3 18.6 17.1 16.2 16.8 18.5 17 18.2 19.8 18.8 18.1 19.4 20.3 20.8 23.5 27.4 27.4 27.3 27.7 28.5 31.1 32.5 34.7 37.4 42.5 48.5 47.1
-1.6 -1.6 -1.6 -1.6 -1.6 -1.6 -1.6 -1.6 -1.6 -1.6 -1.6 -1.6 -1.6 -1.6 -1.6 -1.6 1.3 1 2.1 1.2 1.9 1.7 2.4 2.4 4.6 8.4 7.9 5.8 10.7 9.9 10.8 10.8 12.8 8.8 15.3 19.7 19.3 15.2 14.1 14.1 17.8 25.8 26.5 27.3 29.8 39 45.2 45.9 46.8 44.3 43.6 42 37.7 36.3 32.3 30.8 29.3 23.2 20.8 19.9 19.1 18.1 19 17.8 18.2 20 19.3 18.9 19.5 20.7 22.8 29.3 33.9 37.1 36.1 37.4 35.6 36.9 40.2 44.9 50.5 63.4 65.1 64.9
-1.6 -1.6 -1.6 -1.6 -1.6 -1.6 -1.6 -1.6 -1.6 -1.6 -1.6 -1.6 -1.6 -1.6 -1.6 -1.6 -1.6 -1.6 -1.2 -1.6 -0.1 1.6 4 8 7.7 8.8 11.6 8.2 10.1 9.9 10 15.6 13.5 13 14.6 17.3 22 20.4 20.2 19.3 16.6 17.5 19.3 23.7 24 31.3 46 53.8 54.5 48.5 45.5 43.8 40.4 38.1 36.2 34.9 30.5 25.7 21.5 21.5 20.8 17.8 18.3 18.5 18.7 19.8 19.9 20.9 20.9 20.8 24.6 37.1 49.3 54.2 52.1 54.3 55.4 50.4 55.2 59.6 66.8 70.5 72.1 78.1
-1.6 -1.6 -1.6 -1.6 -1.6 -1.6 -1.6 -1.6 -1.6 -1.6 -1.6 -1.6 -1.6 -1.6 -1.6 -1.6 -1.6 -1.6 -1.6 -1.6 -1.5 -0.4 2.5 5.6 7.2 8 9.7 8 9 9.7 9.9 10.6 13.4 16.4 15.3 18.3 20.9 22.1 19.4 18.9 18.2 16.5 20 21.1 24.9 37.6 40.8 47.9 50.8 46.6 45.7 48.8 50.6 48.6 45.5 43.5 35.3 30.1 27.5 24.5 21 20 22.2 21.8 20.3 21.4 21.6 22.7 22.1 22 27.5 49.9 61 63.8 68.3 69.6 73.5 71 72.9 68.2 72.8 78.4 80 84.9
-1.6 -1.6 -1.6 -1.6 -1.6 -1.6 -1.6 -1.6 -1.6 -1.6 -1.6 -1.6 -1.6 -1.6 -1.6 -1.6 -1.6 -1.6 -1.6 -1.6 -1.6 -1.6 0.7 6.5 5.9 8.3 9.5 9.5 10.2 10.3 10.3 10.5 12.1 15.5 15.4 16.4 18.2 19.2 19 17.1 17.5 20.9 18.6 18.9 19.6 34.4 35.9 41.4 45 41.4 43 45.5 47.5 54.3 48.9 48 41.5 33.6 30.5 30.5 25.2 22.4 26.8 28 28.3 26.6 24.7 24.9 24.4 23.7 34.2 44.5 54.2 67.5 75.2 78.1 80.9 85.3 84.6 80.4 81.1 89.8 94.8 100.3
-1.6 -1.6 -1.6 -1.6 -1.6 -1.6 -1.6 -1.6 -1.6 -1.6 -1.6 -1.6 -1.6 -1.6 -1.6 -1.6 -1.6 -1.6 -1.6 -1.6 -1.6 -1.6 1.2 5.8 5.7 8.4 9.3 9.9 12 11.7 11.2 12.2 13 15.9 15.1 14.8 16.1 17.1 16.6 15.8 15.8 16.9 19.8 19.9 19.9 20.9 29.1 34 35.1 38.4 46.5 49.2 43.8 50.8 48.5 49.4 41 34.6 34.6 32.9 29.8 26.8 26.1 31.5 34.4 28.3 28.1 28.5 27.3 27.5 40.8 56 70 82 91 95.5 100.6 100.9 100.9 96.9 95.7 92.8 97.5 98.3
-1.6 -1.6 -1.6 -1.6 -1.6 -1.6 -1.6 -1.6 -1.6 -1.6 -1.6 -1.6 -1.6 -1.6 -1.6 -1.6 -1.6 -1.6 -1.6 -1.6 -1.6 -1.6 2.1 5.9 7.5 9 9.6 11.1 14 11.5 12.9 13 11.9 17.5 15.5 14.1 16.1 16.3 15.8 14.8 16.8 19.5 22.4 23.3 22.5 23.3 25.2 28.3 31.9 33.2 39.1 45.5 44.7 50.4 50.4 49.7 41.9 38.9 37 38.1 35.4 32.5 27.7 31.1 34.5 31.8 30.1 31.8 32.5 29.1 49.4 74.4 84.5 96.8 105.4 111.1 114.9 117.4 120.2 121.3 120.7 117 113.6 108.9
-1.6 -1.6 -1.6 -1.6 -1.6 -1.6 -1.6 -1.6 -1.6 -1.6 -1.6 -1.6 -1.6 -1.6 -1.6 -1.6 -1.6 -1.6 -1.6 -1.6 -1.6 -1.6 3.9 5.3 7.5 9.1 9.3 11.1 12.3 12.5 14.2 13.5 12.4 16.3 16 14.5 15.2 15.2 14.7 15.7 20.7 23.4 26.2 29.9 31.8 24.8 24.1 27.1 27.2 28.5 40.3 41.7 46.6 53.9 59.3 54.7 46.7 43.8 40 43.2 40.5 37 30.7 33.1 34.8 35.8 33 37 38.5 34 51.3 80.2 97.1 106.8 122.2 123.6 129.9 133.8 138.4 140.2 136.6 133.4 132.7 129.9
-1.6 -1.6 -1.6 -1.6 -1.6 -1.6 -1.6 -1.6 -1.6 -1.6 -1.6 -1.6 -1.6 -1.6 -1.6 -1.6 -1.6 -1.6 -1.6 -1.6 -1.6 -1.6 0.4 3 6.2 9 7.4 12.5 13.8 11.9 14 13.3 12.7 16.8 16.3 14.4 13.3 13.4 14.1 20.1 24.1 29.5 31.9 33.4 31.3 34.4 25.7 25.9 27.4 28.7 32.9 34.7 43.2 48.4 57.2 57 52.8 46.9 42.8 43.8 43.5 40.6 37.2 36.8 38.9 37.7 38.6 40.8 42.5 43.1 54.9 76.5 103.8 116.9 128.7 133.2 141.4 148.6 152.1 153.9 152.7 148.4 150.1 147.9
-1.6 -1.6 -1.6 -1.6 -1.6 -1.6 -1.6 -1.6 -1.6 -1.6 -1.6 -1.6 -1.6 -1.6 -1.6 -1.6 -1.6 -1.6 -1.6 -1.6 -1.6 -1.6 -1.6 -1.6 1.2 3.4 7.9 11.3 15.7 10.4 14.7 13.4 17.2 17.3 18 15.2 14.5 16.8 22.2 24.7 24.3 25.2 28.3 34.3 37.3 46.4 37.7 28.6 30.3 36.4 41.9 46.3 46.1 43.6 50.2 52.7 53.6 52.9 45.5 44.2 44.3 42.7 40.3 38.4 40.7 40.1 40.8 43.2 46.7 48.5 56.1 80.5 101.1 117.1 131.7 141.2 147.4 161 166.8 168.4 168.3 163 161 158.6
-1.6 -1.6 -1.6 -1.6 -1.6 -1.6 -1.6 -1.6 -1.6 -1.6 -1.6 -1.6 -1.6 -1.6 -1.6 -1.6 -1.6 -1.6 -1.6 -1.6 -1.6 -1.6 -1.6 -1.6 -1.6 3.4 5.9 12.3 11 9.6 17.7 18.8 17.1 20 21.2 19.4 20.1 35.6 40.6 37.6 38.8 40.1 51.7 46.8 38.5 45.6 46 39.1 38.4 42.4 47.7 50.7 48 46.5 47.1 50.5 55 57.6 51 48.4 47.4 44.7 43.5 41.7 41.1 41.9 44.1 47.1 51.2 50.9 57.6 78.1 103.4 123.7 135.4 145.4 149.8 154.9 165.3 168.3 170.3 166.6 171.2 168.7
-1.6 -1.6 -1.6 -1.6 -1.6 -1.6 -1.6 -1.6 -1.6 -1.6 -1.6 -1.6 -1.6 -1.6 -1.6 -1.6 -1.6 -1.6 -1.6 -1.6 -1.6 -1.6 -1.6 -1.6 -1.6 -1.6 1.2 2 5.2 14.4 19.5 22.5 18.1 20.9 23.3 34.6 41.1 48.6 50.9 53.4 62.4 67 67.9 59 52.8 65.6 57.4 56.5 55.5 52.4 56.8 53.6 50.9 48.9 48.8 50.3 52.8 55.5 52 51.2 49.5 47.7 45.9 44.4 44 43.4 45.8 50.4 54 53.6 59.5 76.3 99.9 123.1 138 148.2 149.4 159.7 163 165.5 171.7 173.8 174.6 174.8
-1.6 -1.6 -1.6 -1.6 -1.6 -1.6 -1.6 -1.6 -1.6 -1.6 -1.6 -1.6 -1.6 -1.6 -1.6 -1.6 -1.6 -1.6 -1.6 -1.6 -1.6 -1.6 -1.6 -1.6 -1.6 -1.6 -1.6 0.6 3.1 10 15.6 17.1 18.1 18.3 27.5 45.5 56.8 63.7 69.6 72.3 79.6 85 91 82.2 87.5 78.1 71.7 75.9 76.2 73.8 64.2 64.2 61.7 50.4 50.7 51.6 55 54.8 55 52.3 52.4 52.4 50 51.3 50.1 48.7 50.1 57 58.3 57 59.1 76.2 100 120.2 130.9 142.7 148.2 155.3 162.8 169.8 176.9 188.9 189.2 193.5
-1.6 -1.6 -1.6 -1.6 -1.6 -1.6 -1.6 -1.6 -1.6 -1.6 -1.6 -1.6 -1.6 -1.6 -1.6 -1.6 -1.6 -1.6 -1.6 -1.6 -1.6 -1.6 -1.6 -1.6 -1.6 -1.6 -1.6 0.7 2.3 6.5 13.3 17.7 17.9 21.7 31.9 52.9 65.7 75.1 79.4 80.8 86.5 89.9 104.5 106.3 102.3 93.2 88.8 81.8 82.9 81.6 76.9 66.5 61 53.7 55.9 54.7 54.1 56.9 57.5 56.7 63.5 62.7 61.3 59.2 57 53.4 54.2 58.6 63 63.7 61.8 81.4 100.8 120.4 133.5 138.2 148.1 154.5 170.6 181.3 187.3 190.5 188.9 191.1
-1.6 -1.6 -1.6 -1.6 -1.6 -1.6 -1.6 -1.6 -1.6 -1.6 -1.6 -1.6 -1.6 -1.6 -1.6 -1.6 -1.6 -1.6 -1.6 -1.6 -1.6 -1.6 -1.6 -1.6 -1.6 -1.6 -1.6 0.5 1.3 2.2 14.2 15.2 18.1 26.6 34.5 53.9 69.5 79.4 87.9 93.2 99.3 100.1 120.3 127.5 116.2 106.3 101.7 95.7 92.6 86.5 85.2 78.8 63.3 58 61.3 61.5 58.6 59.7 59.6 59.2 62.8 66 67.8 65.7 61.9 68.8 67.2 67.4 70.6 69.9 69.3 84.9 101.3 117.1 126.7 136.6 144.9 163.7 176.6 183.6 188.1 191.2 185.7 184
-1.6 -1.6 -1.6 -1.6 -1.6 -1.6 -1.6 -1.6 -1.6 -1.6 -1.6 -1.6 -1.6 -1.6 -1.6 -1.6 -1.6 -1.6 -1.6 -1.6 -1.6 -1.6 -1.6 -1.6 -1.6 -1.6 -1.6 0.5 2.2 9.6 15.7 22.2 27.7 30.3 40.2 57 75.1 85.2 89.1 97.6 100.5 109.6 128.5 139.7 128.7 123.6 114.7 107.8 101.1 94.7 90.4 82.9 69.9 61.5 65.5 65.1 65.1 67.3 65.9 63.1 65.9 68.6 71.9 72.2 73.6 76.8 79.2 79.9 81.6 83.5 77.8 96.5 106.2 110.2 119.4 134.6 146.1 157.8 174.8 180.1 182.2 182.8 176.5 175.9
-1.6 -1.6 -1.6 -1.6 -1.6 -1.6 -1.6 -1.6 -1.6 -1.6 -1.6 -1.6 -1.6 -1.6 -1.6 -1.6 -1.6 -1.6 -1.6 -1.6 -1.6 -1.6 -1.6 -1.6 -1.6 -1.6 -1.6 1.1 2.9 11.5 21.8 28.2 33.8 34.9 43.4 62.2 78.7 88.7 99.4 106.4 118.1 115.9 141 153.3 150.6 144.6 130 120.5 113.7 107.6 99.9 86.3 75.3 72.3 70 74.1 73.5 70.4 70.1 69.3 69.1 69.4 74.8 76.6 81 87.1 88.6 89.4 89 88.6 85.7 96 104.9 117.8 130.3 138.3 142.2 149.2 168.8 178.1 176.5 173.1 165.7 166.5
-1.6 -1.6 -1.6 -1.6 -1.6 -1.6 -1.6 -1.6 -1.6 -1.6 -1.6 -1.6 -1.6 -1.6 -1.6 -1.6 -1.6 -1.6 -1.6 -1.6 -1.6 -1.6 -1.6 -1.6 -1.6 -1.6 0.5 4.2 6 9.3 21.7 29.1 33.2 37.7 46.8 62.9 80.1 90.4 101.3 116.6 126.9 126.4 149.7 162.1 164.9 161.5 145.7 131.4 122.3 115.6 107.2 95.5 87.4 80.5 80.6 81.9 84.5 84.8 82.6 81.5 77.8 76.2 76.3 79.5 88.9 93.6 98.3 101.7 97.2 93.1 89.1 100.2 110.4 122.5 130.9 139.7 141.7 154.8 166.9 172.6 174.3 164.1 156.2 153.7
-1.6 -1.6 -1.6 -1.6 -1.6 -1.6 -1.6 -1.6 -1.6 -1.6 -1.6 -1.6 -1.6 -1.6 -1.6 -1.6 -1.6 -1.6 -1.6 -1.6 -1.6 -1.6 -1.6 -1.6 -1.6 -1.6 0.9 11.6 21.7 23.3 31 32.1 33.7 39.4 48.6 60.9 78.3 88.9 105.9 121.4 132.5 140.3 157.6 165.2 177.7 172.8 157.5 143.1 134 123.9 115.2 104 97.5 93.4 89.1 84.4 87.6 95.4 93.9 93 91.7 86.2 84 82 90.1 96.6 103 105.7 104.5 101.9 96.4 110.2 121.9 134.3 139.4 143.7 154.8 166.6 179.5 180.9 175.1 161.6 146.4 142.8
