app/static/ascii/NF72.asc
ncols 200
nrows 200
xllcorner 70000
yllcorner 820000
cellsize 50
[rows 114 to 151 of 200, columns 86 to 171 of 200]
12.3 11.3 11.3 11.3 11.1 9.8 10.6 7 12 11.9 13.5 17.8 19.9 20.4 20.2 21.6 23.2 25.2 26.1 26.2 27 26.5 24.8 26.9 24.2 22.3 19.5 16.9 16.4 15.4 15.6 15.8 17.9 18.9 20.5 21 22.5 24.3 27.6 32.9 38.6 52.5 60.2 68.7 83 88.4 92.1 94.6 94.4 105.4 115 116.5 107.7 103.7 100.7 94 83.5 68.7 69.1 64.8 58.5 48.6 42.3 42.2 48.2 52 54.4 58.8 62.8 66.6 71.3 76.1 79.9 81.7 83.1 83.8 84.2 83.9 83.7 83.2 81.9 79.9 77.3 74.6 72.2 70.5
11.7 12.5 12.8 11.1 9.5 12.2 11.1 9.2 7 7.2 10 17.4 22.6 24.4 23.3 24.9 29.8 30 33.1 35.2 34.3 32.5 29.2 28.2 27.3 26.8 23.5 21.7 18.8 17.1 14.2 16.3 19.9 19.5 20.4 21.6 21.8 24 26.2 29.4 34.3 41.8 52.1 59.8 71.7 84.5 91.1 95.4 96.8 94.9 106.6 113 108.3 106.6 100.3 94.1 85.8 76.8 72.5 66.6 61.3 54.3 45.2 43.7 46.4 52.9 56.5 63 69.5 75.5 80.6 84.9 89 92.9 97.6 98 96.5 94.5 93.2 93.7 91 88.6 84.4 80.9 77.7 72.9
11 10 10 8.5 10 13.3 12 12.9 7 7 7 14.9 23.2 27.4 27.9 31.1 38.9 41.7 43.4 43.1 41.8 40.9 37 34.5 33.1 29 27.3 26.9 23.8 20.6 16 16.6 20.4 20.8 21 21.3 23.2 25 26.2 28.1 29.7 34.3 42.4 53.3 62.8 77.3 90.5 94.7 96.4 95.4 95 101.7 107.9 103.6 98.7 92.6 87 80.2 74.4 68.3 64.1 54.7 50.1 48.9 54.7 61.4 65.4 72.2 80.2 86.5 91.4 97.7 103.4 108 110.6 111.9 109.4 107.4 103.6 102.3 99.3 96.3 91.5 86.7 82.1 75.6
8.9 8.5 8.7 7.4 8 12.4 11.5 11.3 10.1 7 7 9.5 19.9 27.6 34.7 40.6 50.4 51.9 53.9 53.7 54.7 52.6 47.3 42.1 40.2 36.6 33.7 29.9 26.4 21.9 18.2 16.5 19.6 21.7 22.1 22.1 22 24.7 25.5 27 28.4 30.6 35 44.3 52 67.2 82.5 89.6 91.9 93.4 92.3 92 102.2 98.8 95.3 91.8 87.8 83.1 74.6 70.4 68.4 60.4 60.7 62 72.6 80.1 81.3 85.8 95.7 100.9 108.6 112.5 116.3 123.7 127.9 127.5 124.8 121 116.2 111.2 107.3 102.8 96.3 88.4 83.1 75.6
11.2 7.6 7.3 7.7 6.8 7.5 10.3 11.3 11.4 12.6 7 14.6 26.1 36.2 46.2 51 59.6 66.7 70.3 68.2 67.1 64.6 57.8 52.5 46.8 43.3 38.8 33.4 30.2 26.4 21 18.5 18.9 21.2 22.7 23 23.3 23.5 25.5 26.9 28.1 29.4 31.1 35.4 43.8 57.4 72.2 81.9 85.8 86.3 87.6 86.4 88.1 91.6 91 91.9 88.2 81.6 77.5 78.1 73.9 66 69.1 76.8 83.3 91.7 96 102.8 109.8 112.7 121.4 126.9 131.7 133.8 139.8 142.6 136.2 127.2 120.6 115.8 109.8 104.2 97.7 89.6 82.6 75
9.7 9.4 9.2 6.7 6.9 9.5 8.5 9.9 12.3 11.4 11.5 24.5 37.9 50.1 57.3 60.3 66 79.7 86.6 82.8 79.9 74.2 69.6 60.7 55.7 50.2 45.6 40.1 34.2 29.7 24.9 20.1 19.5 21.1 23.5 24.6 24.1 23.7 23.5 26.8 28 29.3 30.8 32.3 36.5 47.4 57.4 68.3 75.2 80.3 82.5 83.9 80.8 83.3 87.4 89.4 86.2 83 83.8 84.4 83.1 82.8 82.1 87.8 94.2 102.3 108.9 112.2 117.3 122.1 126.5 133.1 141.2 146.9 149 145 142 136 130.3 118.6 106 100 94.9 88.6 83.4 76
1 7.2 1.8 3.2 8.8 8.2 6.8 8.9 10.2 11.1 19.7 32.9 45.8 57.8 68 72.1 74.4 85.6 94.3 99.1 94.6 89.4 83.6 74.1 64.4 58.3 52.5 44.6 39.9 35.8 31.1 21.9 21.2 22.3 25.3 26.2 25.5 26.4 27.1 26.9 27.6 29.4 31 32.6 34.2 39.3 49.5 56.4 66.8 69.9 74.9 77.1 75.8 78.6 84.2 88.3 88.4 86.9 91.2 94 99.7 101.8 104.8 105.8 109.3 112.3 117.9 121 125 128.9 130.7 134.4 139.5 144.7 154.5 150 142.6 137.4 131.8 123.2 108.6 101.8 100.1 96.4 82.8 75
6 1 1 1 1 1.3 6.6 9 11.9 18.7 25.9 38 48.2 60.8 73.6 83.4 88.5 94.4 105.6 109.3 105.8 101.6 94 87.2 76 65 58.2 50.9 46.2 37.8 31.9 22.7 23.4 24.6 25.7 29 27.6 28.1 28.4 28.2 28.3 29.9 31.5 33.1 34.7 38.8 43 49.3 55.3 64.4 67.5 69.4 72.9 77.2 84.6 87.3 89.6 96.8 103.1 110.6 115.1 122.9 126.2 126.4 124.7 124 126.8 128.5 129.6 131.3 131.7 130.6 132.6 137.6 145 148.4 146.2 138 132.6 126.5 122.8 118.1 101.5 93.8 88.3 78.1
6.1 3.4 1 1 1 1 6 10.7 15 22 33 42.9 50.3 59.5 73.3 85.3 98.9 104.4 111.9 118 114.3 109.7 103.7 97.7 86.1 72.7 65.6 57.5 47.9 39.4 35.8 29.8 27.5 26.4 27.5 29.3 29.8 29.4 29.5 29.3 29.2 30.4 32 33.8 35.7 37.8 41.6 45.1 49.5 55.1 59.9 64.4 69.1 74.9 80.9 87.1 95.7 107.6 118.4 126.2 135 140.3 151.3 149.9 143.8 138 132.7 131 132 131.9 129.6 126.7 125.9 129.8 136.1 141.7 144.6 142.6 134.2 128.2 120.8 115.6 110.9 101.5 89.9 80.1
6.5 7 1.6 1 1 1 6.6 9.5 12.3 19.8 31.2 42.9 52.2 60.8 70.1 83.6 97.8 110 117.1 122.4 121.5 115.6 111.7 104.8 98.1 83.8 73.9 65.7 52.2 46.5 43 35.4 33.6 31.1 29 30.7 30.8 30.8 30.8 30.8 30.8 31.2 32.6 34.3 36.1 37.7 41.1 43.4 46.7 50.3 56.6 62.6 68.7 75.7 82.3 90.6 106.2 119.3 133.6 143.6 149.2 155.4 163.7 166.7 164.9 153.8 141.9 131.6 132.4 130.4 127.5 124.2 119.6 122.4 127.8 134.5 140.5 140.2 137.7 134.5 126.3 115.5 111.9 108.1 97.7 90.1
6.5 5.8 1 1 1 1 1 9 13.7 18 26.7 21.8 50.1 59.2 65.6 76.6 88.9 100.1 110.1 119 122.6 123.7 116.5 110.5 105.3 93.1 83.3 75.3 64.4 53.3 50.5 41.7 38 36.7 32.2 32.2 32.4 32.7 32.7 32.9 35.4 34.8 33.5 34.2 36.3 38.2 40.8 42.9 45.6 49.5 54.5 61.2 69.6 76.6 83.3 95.7 114.3 127.2 141.2 151.8 159.5 162.5 168.8 173.7 172.8 164.5 152.8 142.7 130.3 129.6 125.3 118.5 116.6 113.9 118.2 125.1 131.1 132.7 133.6 132.9 133.3 129.7 122 113.2 104.8 96.5
7 6.9 4.8 1 1.1 1 1 6.3 8.1 7.5 7.7 15.6 21.8 52.5 61.8 70.5 78.2 90.2 102.1 113.6 119.5 124.4 122.9 119.8 111 104.6 94.7 87.2 76 64.6 58.1 44.9 43.7 42.1 38.5 35.2 35 35.2 36.1 36.4 38.3 39.4 37.5 36.5 37.6 38.8 41.6 43.7 46.7 50.4 55.2 61.4 70.2 77.2 86 102.4 119.4 133.6 146.1 156.4 162.8 167.1 171.5 174.7 175.2 170.7 160.8 150.2 137.6 125.8 120.1 115.2 109.1 108 107.5 110.1 117 121.4 124.3 124.7 127.9 128.7 128.7 126.2 116.5 105.6
6.4 6.3 6.6 2.1 1 1 1 5 8.1 8.1 8.4 22.9 34.2 42.8 51.1 61.6 69.6 78.9 89.8 101.8 111.3 118 120.6 121.2 118.7 115.9 104.9 97.4 87.6 76.6 68.6 63.6 55 51.8 43.8 40.4 39 37.6 37 37.8 39.3 41.4 41.8 39.8 41.4 40.4 41.7 43.7 46.9 50.5 55 60.3 68.4 76.8 89.8 105.5 120.8 136.8 147.2 159.5 164.3 170.6 172.7 177.9 177 176.2 167.3 158.2 141.8 125.2 113.4 110.1 106.2 104 102.9 102.5 103.8 110.3 116.7 118.1 121.4 125.3 127.8 127.6 125.2 118.1
7.6 6.1 6.2 5.8 1 1 1 1 6.3 11.9 16.1 19 26 32.6 42.5 50.4 60.1 68.6 75.3 85.8 99.6 107.2 113.2 118.8 121 121.6 119 111.7 101.3 89 77.2 71.2 64.2 56.5 48 43.6 40.9 39.7 39 39 40.5 41.5 42.8 45.1 43.9 43.7 42.7 44.2 46.3 50 55 61.5 67.7 78.2 92.5 108.4 124 136.7 152.2 158.9 164 165.7 171.1 173.2 176.8 178.3 171.7 155.9 142.4 123.9 107.4 101 99.3 96.9 95.9 96.9 97.6 100 105.1 110.6 114.8 120.9 125.2 125.8 123.2 119.3
9.2 8.3 6.9 6 3.8 1 1 1 1 7 9.4 14.3 18.3 22.4 30.2 38.5 44.5 55.8 64.1 70.7 81.9 94.2 103.2 112.4 116.9 118.8 123.1 118.7 109.4 99.5 89.8 81.4 69.5 63.4 56.5 48.2 43.1 41.1 40.7 39.9 40.6 41.6 42.7 44.7 45 45.1 45.1 45.6 46.4 48.5 53.4 59.8 68.8 79.4 95.4 112.4 125.7 137.6 151.9 159.4 161.2 161.1 164.8 169.8 174.3 174.9 170.7 161.5 141.8 125.1 107.6 97.3 89.1 89.1 88.3 91.3 92.6 94.4 96.7 101 109.2 116.6 121 121.1 118.3 115.5
9.5 8.9 7.4 7 6.3 5.6 7.3 1.4 1.1 6 7.2 9.5 14.9 16.8 18.9 26.7 33 41.9 50.7 59.1 69.4 80.3 91.8 101.2 109 113.7 119.2 119.9 116.4 106.8 98.7 89.4 78.7 67.4 60.6 53 46.8 41.1 40.2 39.6 40.3 41.4 42.4 42.5 44.5 44.6 44.7 45.7 47.3 48.9 50.5 58 69.5 82 99.4 114.4 126.7 134.9 141 149.2 152.3 153.4 157.9 161.9 165.2 166.9 164.1 156.3 143.2 118.9 107.4 96.6 86 84.1 82 85.2 86.9 88.5 90.3 91.7 97.6 106.5 110.8 113 112.2 108.8
8.5 8.7 8.5 8.6 8 6.6 6.2 5.2 7.4 6.7 4.9 5.4 8 11.9 15.4 18.4 25.2 32.6 42.3 50.5 59.6 69.7 79.5 90.3 100.4 105.6 112.7 116 115.5 112.1 104 95.9 87.3 75.5 63.5 56.6 50.8 43.9 40 39.2 38.8 39.9 39.8 40.8 43.5 43.4 43.7 44.5 48.5 50.5 51.6 58.3 69.7 81.2 96.8 112.8 126.2 133.3 134.3 137.4 144.5 143.5 146.2 148.9 151.5 153.3 154.2 149 139.4 117 99.9 92.7 86.4 82.1 79.2 76.2 79.3 80.7 83 85.2 87.4 93.5 99.9 101.4 101.7 99.6
8.7 9 8.7 9.2 9.4 8 8.5 9.6 8.9 7.7 7.1 4.9 4.7 9.6 12.3 15.4 19.2 26.6 33.6 42.8 50.1 60.9 71.4 81.4 94.2 102.6 108.7 110.7 113.6 111.5 107.1 100.3 93 85.2 72.9 62.8 53.2 49.3 41.1 37.8 37.4 38 38.3 38.5 40.4 42.3 42.4 44.1 46.9 50.9 54.3 59.6 70.6 84.4 101.2 109.1 120.6 130.5 130.2 128.4 131.8 132.2 133.4 138.8 138.1 138.3 140.3 139.5 131.5 121.1 106.9 96 86.8 81.2 76.6 74.5 73.9 73.9 76.1 78.7 80.8 84.1 87 92.1 91.8 92.8
8.6 8.5 8.6 9.1 9.9 7.8 8 8.3 7.6 9.3 9.1 8.9 5 5.6 9.7 12.6 16.6 22 28.7 34 41.1 48.7 61.1 72.3 85 96.4 102 105.9 112.1 109.4 106.4 103.6 97.6 88.6 79.2 68.6 58.1 51.8 44.1 40.5 35.3 33.9 36.1 35.3 36.2 37.4 39.9 40.4 43.2 48.9 53.7 64.9 72.7 86.7 99.9 107.6 110.7 115.8 121.7 122.6 121.2 123.1 124.8 128.2 129.1 127.3 129.6 131 127.7 119.4 108.1 96.2 86.8 76.9 73.6 69.8 68 68.8 68.7 70.6 73 75.3 80 82.3 85.5 87.8
8 8 8 8.9 9.6 7.1 6.4 6.4 6.4 10.3 9.9 7.2 9.4 6.6 6.2 10.9 13.1 16.8 21.9 27.9 34.6 41.8 53.4 65 76.2 85.2 93.6 98.6 105.5 109.8 107.7 101.5 96.9 91 84.5 72.7 62.6 51.6 46.4 38.9 33 28.2 31.6 33.4 32.3 34.2 35.6 36.5 40.6 44.4 53.9 64.7 76.6 88.2 97.7 110.7 111.7 111.3 114.6 116.3 114.8 114.1 113.2 116.7 118.3 119.3 118.7 121.7 121.2 115.3 109.5 100.8 87.3 80.3 73.1 69.6 66.8 62.6 62.8 63.3 65.1 66.4 71.5 76.5 77.3 77.4
8.7 8.5 7.3 7.7 8.5 8.7 8.4 6.4 8.5 10.6 10.4 9.3 10 9.8 9.6 6.3 9.8 11.6 17.2 23 29.4 37 46.2 57.2 65.6 73.8 83.3 94.2 98.1 101 100.7 100.1 94.3 89.8 83.9 76.2 66.4 54.5 46.3 41.1 30.7 26.3 26 28.9 29.8 29.9 31 32.1 36.2 44.2 54.7 65.7 77.3 89 97.6 103.5 107.8 106.1 108 111.3 110.4 107.2 105.1 109.9 107.5 111.4 112.9 110.8 112.8 112.1 109.1 102.8 93.5 83.1 79.8 72.4 65.7 59.7 55.6 55.8 58.6 59.8 60.5 63.3 67.6 69.7
8 8 7.5 8 9 9 9.7 10 10.1 11.3 10.4 9.4 8.1 9.9 9.7 9 6.8 9.6 12.5 17.3 20.6 29.3 36.9 45.5 53.2 61.8 71.3 84 90.3 93.1 92.8 90.4 88.2 87.2 83.7 75.6 66.1 52.4 44.6 37.9 31.9 25.7 23.4 24.6 29.1 28.5 28.7 30 35.3 43.7 55.1 66.1 74.8 83.3 93.3 97.2 97.5 99.5 97.4 101.8 102.6 102 101 98.3 102.3 102.1 103.2 103.7 100.6 104.4 104 103 100.3 93.7 85.1 77.1 71.5 58.9 55.9 50.8 51.3 52.4 54 54.9 56.3 58.9
8.3 10.1 9 8.1 8 9.3 9.6 9.5 9.4 12.1 11.5 10.8 8.5 8.8 9.1 8.8 9.4 7.3 10.1 13 17.3 22.5 27 34.1 42.5 53.3 62.4 70.5 78.4 83.9 86.3 83.4 81.6 80.5 78.3 75.6 69.7 60.6 42.7 38.3 33 27.5 22.6 21.5 22.1 25.2 28.3 30 32 42.8 56.1 64 72.2 79.4 87.5 92.6 93.2 91.4 92.3 94.9 94.8 95.8 96.6 94.2 89.7 92.7 94.4 94.1 96.3 97.6 101.8 102.9 101.5 98.5 92 81.2 75.7 66.8 59.9 55.3 49.1 49.7 50.5 51.2 51.8 52.1
8.1 8.4 9 8.6 8.4 8.7 8.7 8.6 9.6 11.6 12 12.2 10.5 10.4 10.3 9.9 9.7 9.7 8.1 9.8 12.3 17.4 20.7 26.6 34.3 44.5 52.6 58.8 64.1 71.7 76.6 76.1 73 72.4 73 69.8 68.4 60.3 49.2 39.1 34.1 31.2 23.7 20.4 21.2 25.7 28.2 30.8 32.4 37.8 50.5 61.6 68.9 78 81.2 87.1 89.1 87.4 90.3 87 88.8 87.8 90.6 89.2 86.3 82.9 85.8 86.4 84.6 90.7 97.1 100.6 102.8 102.2 99.9 92.3 81.3 71.2 62.2 52.1 49.3 47.4 48.3 48.9 49.5 50
7.3 7.8 8.3 8.8 8.9 8.6 8.4 8.4 8.8 9.6 10.7 10.9 10.2 11.7 10.2 10.1 10.6 10.3 11.4 9.2 9.5 12.3 16.7 20.6 25.7 34.4 43.8 51 55.5 57.9 64.2 67.1 65.2 60.5 62.6 61.1 60.2 58 53.1 43 35.1 29.6 24.6 20.4 18.9 22.2 26.8 30.8 32.5 33.5 39.6 52.4 62.5 69.6 77.1 80.3 82.3 84.5 85.8 87 84.3 85.4 81.6 83.1 79.6 78.7 78 82.1 83 87.6 90.1 96.3 102.2 106.1 103.7 99 92.9 79.1 68.4 55.1 47 46.1 47.4 48.4 48.3 48.7
7.9 7.5 7.7 8 8.4 8.5 8.3 8.4 8.9 9.2 9.8 9.9 9.8 9.8 10.3 10.1 10.1 10.1 10.4 10.9 10.4 9.8 14.2 18.5 20.5 26.2 36.9 42.7 45.5 47.3 50.7 55.4 56.5 53.9 50.2 50.7 51.7 53.2 49.4 46.2 37.2 30.1 26.6 21.8 17.5 18.4 22.5 26.2 31.6 33.4 36.9 44.7 50.3 59.6 69.1 74.2 76.6 78.3 84.1 83.6 83.4 81.2 78.1 76 75.1 74.3 74.2 75.7 81.3 83.4 86.6 93.8 102.4 107.7 108.2 106.1 101.4 90.4 74.2 64.2 45.8 45.5 46.6 47.8 47.9 47.9
8 7.3 7.8 8 7.7 8.2 8.1 8.7 9.8 9.2 9.1 9.4 9.5 10.1 10.9 11.3 10.1 10.2 10.6 10.9 11.5 11.1 12.3 14.4 17.9 21.2 27.9 34.6 36.1 35.9 39 44 44.4 45.3 44.8 42.1 45 45.6 45.7 43.1 39.3 31.7 29.3 24.9 19 16.7 17.9 21.9 27.2 31.6 37 40.6 46.1 51.8 59.5 66.6 70.4 71.9 73.3 80.5 76.8 74.5 74.9 71.8 71.1 71.8 72.8 73.9 75.8 83.6 89.8 94.2 99.3 107.4 110.5 110 106.3 98.4 86 67.4 49.4 45.7 46.2 47 47.2 46.6
7.1 7.1 8.8 9.3 8.5 8.1 10.1 12.4 10.2 9.3 9.5 9.8 10.6 10.5 10.6 12 11.9 10.3 11.4 12.6 10.9 10.9 12.4 13.7 13.8 16.3 21.7 25.1 28.7 28.7 31.3 33.7 37.7 38.3 37.3 39.5 39.7 38.2 38.1 38.9 36.6 33.4 28.7 26.1 20 16.5 16.3 17.6 22.5 29 32.9 37.4 42.7 47.6 52.4 57.7 63.6 66.6 68.1 70.7 71.3 69.6 66 68 70.1 71.4 73 72.8 73.5 78 87.1 96 103.5 106.9 110.4 111.5 105.1 100.1 90.8 72.2 54.8 47.5 44.5 45.9 45.4 43.5
4.8 6.7 8.7 8.2 8.2 7.1 8.1 10.2 9.5 11.2 11.2 11.5 12.7 10.6 10.4 11.4 13.1 12.7 12.3 12.9 12.2 11.3 13.3 12.6 11.1 13 16.3 19.8 23.1 24.2 25 26.9 29.5 31.9 31.4 33.7 35.5 34.3 34.1 33.4 34.3 34.2 30.4 22.1 19.7 16.8 16 15.3 19.6 24.6 28.6 35.4 41.6 45.5 49.1 53.9 56.6 61.3 64 66.3 64.9 63.9 64.1 64.6 70.8 72 73.4 74.2 75.3 80.5 86.9 96.7 106.5 111 113 111.6 108.1 103.4 93.9 80.2 64.4 51.7 47.5 45.9 47.2 47
9.2 4.3 5.9 6.9 4.3 6.1 7.3 8.4 10.7 13.7 11.3 11.8 11.5 12.4 10.2 11.7 12 12.6 12.9 12 12.7 13.3 14.3 13.2 10.4 8.5 13.6 15.7 18.5 20.4 21.6 23.6 23.2 25.1 26.5 29.3 30.8 30.2 30.9 29.4 30.5 30.6 27.3 27.1 21.3 20.1 17.8 14.6 15.8 21.8 26.3 30.4 37.8 42.8 44.7 50.8 54.8 57.4 60.6 62.2 63.5 61.9 62.5 63.5 67.8 73.3 76.4 76.8 80.4 84.5 90.5 101.3 112.5 113.8 117 113.8 111.4 107.9 97.1 84.4 78.1 69.8 58.5 48.5 50.1 48.6
8 6 4.3 4.3 4.3 7.9 9.6 10.4 11.1 11.7 12.7 11.1 11.8 12.7 11 12.4 11.6 11.4 12 13.4 12.8 12.5 13.5 14.9 14.6 14 8.5 12 14.7 15.8 18.7 20.2 20.8 22 23.5 23.2 25.9 25.1 22.3 23.4 28.8 30.4 31.9 32.5 27.2 24.3 25 16.9 14.6 17.6 21.3 28.5 35.3 37.7 39.6 45.5 51.4 54.7 57 58.6 59.5 60.1 60.4 62.5 66.6 73.9 80.8 83.9 86.8 92.1 98.6 102.4 111.2 117.6 117.6 115.2 112.9 109.9 107.2 98.5 82.1 74.4 68.8 59.5 49.2 49.2
6.7 7.4 7.9 4.3 4.3 4.3 7.8 10 10.5 11.9 11.6 8.9 11.3 13.1 10.5 11.4 11.7 12.8 12.3 11.1 12.6 12 12.5 13.8 14.2 13.7 10.6 8.5 8.6 8.5 8.5 11.8 13.5 19.4 20.8 20.7 21.6 20.9 21.1 26.8 30 31.1 31.8 32.1 33.2 30.7 28.6 25.9 16.4 14.6 17.8 21.9 31.1 33.9 35.5 42 47.3 50.7 52.2 55.1 57.2 59.2 60.1 60.1 66.4 74.6 81.9 88.5 93.4 95.1 101.6 106.7 108.6 115.2 118.7 117.8 115.8 112.5 107.7 103.7 94.1 81.9 75.6 63.1 59 48.2
7.2 4.1 5.7 9.2 9.2 4.3 4.3 7.4 10.5 11.8 11.4 9.8 8.2 8.7 8.2 10.5 11.1 11.7 11.6 8.6 9.3 12.7 12.7 13.6 14.4 14.3 13.6 14.1 8.5 8.5 8.5 8.5 17.6 18.1 17.8 18.1 19.6 21.1 23.9 26.6 30.1 31.3 31.4 33.2 35.9 36 35 29.5 22 13.8 15.6 17.8 21.8 27.8 32.9 36.9 40.7 46.2 48.8 51.2 53.8 57.3 60.2 59.8 67.2 76.7 81.4 88.7 94.3 98.5 102.2 107.6 109.8 111.7 115.7 117.9 117.5 115.2 106.3 104.3 100.4 90 83.2 73.7 65.4 51.1
6.6 4.1 4.1 7.4 7.8 7 4.8 5.9 8.8 10.5 10.7 10.5 8.2 8.2 9.7 11.3 10.7 10.8 11.9 9.9 8.5 8.5 8.5 8.5 8.5 8.5 8.5 8.5 8.5 8.5 8.5 8.5 19.6 22 22.2 23.6 22.7 22.2 23.8 25.5 26.7 30.3 32.4 33.6 36.7 37.3 35.8 33.9 30.1 23.1 14.7 16.4 17.2 22.1 29.1 33.6 37.2 38.4 44.5 48.8 55 57.1 58.8 63.4 64.3 76 83.7 85.7 92.6 98.4 103.4 106.8 110.1 110.5 111.8 116.2 117 116.7 109.2 101.9 96.6 95.5 85.2 72.5 68.8 64.8
4.8 4.1 4.1 7.9 6.9 7.4 7 5.6 8.7 8.7 8.9 9.1 9.5 8.2 8.4 9.8 10.4 10.9 12.1 11.6 10.1 10.7 8.5 8.7 8.5 8.5 8.5 12.9 12 14.8 14.4 15.1 15.2 17.7 21.2 23.3 23.1 22.5 23.2 24 25.9 29 32.4 33.9 34.8 36.8 37.3 36.4 33.6 30.9 14.3 13.9 16.4 18.8 24.9 31 32.4 33.4 38.3 45.3 51 57.2 57.3 61.9 66.4 68.4 80.5 85.2 87.6 93.6 101.2 105.6 107.2 108.1 107.3 108.6 108.8 107.8 109.5 102.7 97 87.7 81 78.5 69.8 67.6
6 7.1 4.2 7.4 7.3 7.2 7.8 7.5 8.7 8.3 8.9 10 11.4 8.7 8.8 9.9 11.2 12.2 12.3 12.5 11.8 9.4 8.5 8.5 8.5 8.5 8.5 9.8 12.3 13.6 15.6 15.3 16.8 12.4 14.2 20.7 21 23.3 23.6 24.6 26 27.9 30 33.6 34.2 36.8 37.7 37.3 37.1 32.7 27.6 13.9 11.9 16.2 21.9 26 29.3 33 35.7 40.3 45.5 50 55.3 59.8 66.6 67.8 71.5 80.3 85.9 88.2 96.1 98 101.3 103.7 104.1 102 100.2 98.1 96.5 93 90.5 90.1 85.2 78.4 71.4 64.7
5.8 5.8 5.7 7 7.3 7.3 7.9 7.7 7.9 8.9 8.3 9 11.3 11.3 11 13 11.7 12.4 12.4 11.7 13.4 12.1 10.3 8.5 8.5 8.5 13.2 11.2 12.1 15.2 17.5 18.7 16.3 13.1 12.1 12.1 18.4 22 24.1 24.6 25.7 27.9 28.9 31.3 32.8 35.1 35.8 37.7 38.3 34.8 29.1 16.1 10.9 12.4 17.6 21.3 26.1 34.3 33.6 35.7 41.1 44.8 50.1 55.5 62.5 67 66.4 71.4 78.7 82.7 84.3 90.2 94.1 98.2 97.7 94.5 94.3 89.5 84.9 85.4 85.7 84.9 80.9 78 71.4 62.3
6.5 5.7 3.1 5.2 7.3 6.6 7.3 7.6 7.9 8.1 8.1 7.7 8.7 9.6 12 12.4 11.2 11.1 10.9 12.2 12.3 10.8 8.7 8.5 8.5 8.5 8.5 9 12.5 14.6 16.5 19.5 19 16.4 13.7 12.1 12.1 20.1 22.7 23.1 24.5 25.7 26.5 27.7 29.2 33 32.5 35.5 37.5 35.9 33.4 23.5 12.3 10.5 12.6 18.2 22.2 28 30.8 32.3 33.7 35.1 41.3 47.6 55.8 60.5 64.4 63.5 66.9 70.7 72.5 78.4 85.3 87.3 91.2 85.6 81.6 79.4 79.8 77.3 77.1 76.7 72.8 70.5 66.3 61
