app/static/ascii/NF73.asc
ncols 200
nrows 200
xllcorner 70000
yllcorner 830000
cellsize 50
[rows 0 to 38 of 200, columns 87 to 173 of 200]
-1.8 -1.8 -1.8 -1.8 -1.8 -1.8 -1.8 -1.8 -1.8 -1.8 -1.8 -1.8 -1.8 -1.8 -1.8 -1.8 -1.8 -1.8 -1.8 -1.1 0 1.1 3.7 2 1.9 2.6 3.8 3.6 3.3 3.4 3.8 4.7 4.6 3.3 1.8 0.9 0.9 0.9 1.6 3.3 3.4 5 3.1 3.5 3.3 1 1 1.2 3.3 7.6 10 13.2 9.1 10.5 12.2 10 10.5 11.2 12.1 11.2 10.3 8.2 7.8 8 7.6 10.2 12.7 14.6 23.1 32.8 39.5 46 52.3 58.5 62.9 60 56.5 50 45.3 41 38.2 31.5 22.3 22.6 25.8 28.4 31.2
-1.8 -1.8 -1.8 -1.8 -1.8 -1.8 -1.8 -1.8 -1.8 -1.8 -1.8 -1.8 -1.8 -1.8 -1.8 -1.8 -1.8 -1.8 -1.8 -1 0 1.1 3 3.6 1.9 1.9 3 3.2 2.9 2.9 3.4 4.3 4.3 3.2 1.7 0.9 0.9 0.9 0.9 3.1 5.7 5 3.5 3 2.8 3.6 3.6 1 1.1 4.3 10.2 9.4 8.9 9.7 11 9.3 7.4 7.4 7.3 7.7 7.9 8 8.4 8.9 9 10.2 11.4 13.5 19.8 26.9 36.5 43.2 50.4 56.3 61.2 58.8 55.2 51.6 47.8 41.6 36.8 30.4 19.3 21.5 22.3 23.9 28.4
-1.8 -1.8 -1.8 -1.8 -1.8 -1.8 -1.8 -1.8 -1.8 -1.8 -1.8 -1.8 -1.8 -1.8 -1.8 -1.8 -1.8 -1.8 -1.8 -0.9 0.1 1.2 3.3 5.3 2 2 2.2 2.9 2.7 2.9 3.1 3.9 3.7 3.1 2.5 1.8 0.9 0.9 1.7 4.2 6.2 5.8 5.7 4.2 4.9 5.5 4.9 3.6 4 8.4 10.6 8.8 8.9 9.5 8.1 6.9 5.9 5.4 4.9 5.1 5.9 8.1 10.2 7.3 8.8 13 14.3 15.7 17.4 23.1 31.3 41.6 50.2 56.2 58.6 60.7 57.4 52.8 49.7 44.3 36.4 30.5 19.9 19.3 19.3 19.8 26
-1.8 -1.8 -1.8 -1.8 -1.8 -1.8 -1.8 -1.8 -1.8 -1.8 -1.8 -1.8 -1.8 -1.8 -1.8 -1.8 -1.8 -1.8 -1.8 -1 0.1 1.1 3.2 3.3 2.4 2.1 2.3 2.5 2.7 2.9 3.2 3.5 3 2.8 3 1.9 -0.1 -0.1 1.1 4 5.1 5.4 5.6 4.6 4.9 5.6 5.3 5.5 8.1 9.1 9.6 10 10.1 11.5 9.5 7.9 6.5 5.3 4 3.8 3.8 3.5 3.3 5 6.4 13.2 15.9 16.8 18.1 20.5 26.1 37.5 47.7 54 56.2 58.8 59.2 55.6 50.3 42.6 36.3 31 22.7 19.3 19.3 20.6 24.1
-1.8 -1.8 -1.8 -1.8 -1.8 -1.8 -1.8 -1.8 -1.8 -1.8 -1.8 -1.8 -1.8 -1.8 -1.8 -1.8 -1.8 -1.8 -1.8 -1 0.1 1.2 3.9 4.4 1.3 1.5 2 2.5 2.7 3 3.3 2.6 2 1.8 2.9 1.2 -0.1 -0.1 1.9 3.8 5 4.1 3.7 4.7 6.3 6.5 7.1 7.1 7 8.1 9.8 10.2 9.8 11.4 9.7 8.1 6.7 5.2 4.5 4.3 3.5 2.8 0.6 0.6 3.7 11.5 17.9 19.6 18.3 20 23.5 33.9 42.9 52 54.7 57.3 58.9 55.8 49.3 42.4 36.7 28.8 22.6 20.1 19.3 21.4 21.7
-1.8 -1.8 -1.8 -1.8 -1.8 -1.8 -1.8 -1.8 -1.8 -1.8 -1.8 -1.8 -1.8 -1.8 -1.8 -1.8 -1.8 -1.8 -1.8 -0.9 0.1 1.2 4 4.7 1.6 2.2 2.5 2.6 2.8 3.1 3.3 1.8 1 0.7 2.5 2.3 0 -0.1 -0.1 0.8 3.9 3.3 6.8 5.6 7 6.6 6.7 7.2 7.3 7.8 8.6 8.8 10 11.4 9.9 8.1 7.3 5.9 5.8 5.1 3.8 2.2 0.6 0.6 3.3 7.5 13.1 18.8 19.5 20.9 27.5 35.9 43.2 50 53.3 56.4 61.6 58.2 51 44.2 36.8 29.2 24 22.3 19.3 20.6 22
-1.8 -1.8 -1.8 -1.8 -1.8 -1.8 -1.8 -1.8 -1.8 -1.8 -1.8 -1.8 -1.8 -1.8 -1.8 -1.8 -1.8 -1.8 -1.8 -0.8 0.2 1.2 4.3 2.7 2.5 2.7 2.7 2.7 2.9 3.1 3.3 2 0.1 -0.1 0.1 -0.1 -0.1 -0.1 -0.1 0.5 4.9 4 4.6 5.9 5.8 5.4 7 6.9 6.9 8.6 9.7 9 9.8 11.5 9.8 8.4 7.5 6.6 5.7 5.1 3.8 1.8 0.6 0.6 2.4 7.9 12.7 17.2 19.5 21.6 25.6 33.9 44.2 49.9 54.4 57.9 57.6 56.2 50.2 44.6 37.5 30.8 24.2 22.9 20.9 19.9 23.3
-1.8 -1.8 -1.8 -1.8 -1.8 -1.8 -1.8 -1.8 -1.8 -1.8 -1.8 -1.8 -1.8 -1.8 -1.8 -1.8 -1.8 -1.8 -1.8 -0.7 0.3 1.3 4.7 4.5 3.5 3.1 3 2.9 2.8 3.1 3.3 2.1 -0.1 -0.1 -0.1 -0.1 -0.1 -0.1 -0.1 -0.1 -0.1 2.8 0.3 2.9 4.3 3.3 6.4 6.9 7.3 9 9.9 9.2 10.1 11.8 9.8 8.7 8 7 6 6 5 3.8 0.8 0.6 0.6 7.3 12.6 19.5 23.2 26.7 26.8 30.6 36.5 45.5 56.5 60.7 55.9 52.9 48.5 45.8 38.8 30.7 24.9 24 23.3 21.1 19.5
-1.8 -1.8 -1.8 -1.8 -1.8 -1.8 -1.8 -1.8 -1.8 -1.8 -1.8 -1.8 -1.8 -1.8 -1.8 -1.8 -1.8 -1.8 -1.8 -0.7 0.3 1.4 5.1 5 4.2 3.5 3.2 3.1 3 2.9 3.2 0.7 -0.1 -0.1 -0.1 -0.1 -0.1 -0.1 -0.1 -0.1 -0.1 -0.1 -0.1 2.3 3.1 4.6 4.9 7.4 7.6 8.9 10.2 9.3 10.3 12 9.9 9.8 8.9 7.4 8.3 8.3 5.7 2.1 2.8 1.3 1.3 7.9 12.7 19.8 24.2 30 30.8 33.7 38.1 45.7 50.9 52.2 53.6 51.9 48.5 45.7 38.6 30.9 26.3 25.3 24.4 23.2 19.5
-1.8 -1.8 -1.8 -1.8 -1.8 -1.8 -1.8 -1.8 -1.8 -1.8 -1.8 -1.8 -1.8 -1.8 -1.8 -1.8 -1.8 -1.8 -1.8 -0.8 0.3 1.4 5.3 4.1 4.3 4 3.5 3.3 3.1 3 3 0.5 -0.1 -0.1 -0.1 -0.1 -0.1 -0.1 -0.1 -0.1 -0.1 -0.1 -0.1 0.8 3.7 4.7 4.8 6.4 7.8 8.8 9 9.1 10.5 12 11.7 11 9.5 7.9 6.8 6.2 4.9 1.8 1.3 1.3 1.3 10.1 11.9 16.7 21.6 28.2 32.8 34.8 37 47.1 53.3 55.9 54.4 52.2 49.2 45.9 40.2 34.1 32.6 29.4 28.6 26.8 22
-1.8 -1.8 -1.8 -1.8 -1.8 -1.8 -1.8 -1.8 -1.8 -1.8 -1.8 -1.8 -1.8 -1.8 -1.8 -1.8 -1.8 -1.8 -1.8 -0.7 0.4 1.5 4.8 2.1 1.7 3.5 2.9 3.3 3.4 3.2 2.9 1 -0.1 -0.1 -0.1 -0.1 -0.1 -0.1 -0.1 -0.1 -0.1 -0.1 -0.1 2.1 2.8 3.9 4.3 6.4 7.3 7.8 8.1 8.3 9.1 10.1 9.9 9.9 9.3 8.4 6.9 5.8 3.6 1.3 1.3 1.3 1.5 7.1 9.1 16 20.2 24.6 30.8 35.2 37.2 47.5 56.3 59.5 59.8 57.4 55.9 49.3 42.5 33.9 30.4 29.6 28.4 28.8 23.1
-1.8 -1.8 -1.8 -1.8 -1.8 -1.8 -1.8 -1.8 -1.8 -1.8 -1.8 -1.8 -1.8 -1.8 -1.8 -1.8 -1.8 -1.8 -1.8 -0.5 0.5 1.6 4.5 2.3 1.7 1.9 2.8 3.2 3.4 3.5 2.5 1.1 -0.1 -0.1 -0.1 -0.1 -0.1 -0.1 -0.1 -0.1 -0.1 0 1.5 3 1.8 3.1 3.8 5.4 6.4 7 7.3 7.5 7.7 8.2 8.1 8.3 8.2 7.4 6.3 4.9 1.9 1.3 1.3 1.3 1.3 1.3 6.4 10 18.9 22.4 30.1 33.3 39.9 49.3 55.8 66.3 66.3 63.9 60.1 53.9 46.7 38.1 30 27.9 27.7 25.8 22.7
-1.8 -1.8 -1.8 -1.8 -1.8 -1.8 -1.8 -1.8 -1.8 -1.8 -1.8 -1.8 -1.8 -1.8 -1.8 -1.8 -1.8 -1.8 -1.8 -0.4 0.6 1.7 4 2.7 1.6 2.2 2.8 2.8 3.1 3.3 2.5 1.1 -0.1 -0.1 -0.1 -0.1 -0.1 -0.1 -0.1 -0.1 -0.1 1.7 2.6 0.8 0.8 2.1 3.6 4.8 5.9 6.7 9 8.5 8.6 7.6 7.4 7.2 7.2 6.4 5.5 2.3 1.3 1.3 1.3 1.3 1.3 1.3 1.3 5.5 10.5 19.9 27.4 31.6 38.8 46.7 54.7 63.9 69.5 66.9 61.9 55.1 48.2 41 32.5 28 25.8 22.1 21.2
-1.8 -1.8 -1.8 -1.8 -1.8 -1.8 -1.8 -1.8 -1.8 -1.8 -1.8 -1.8 -1.8 -1.8 -1.8 -1.8 -1.8 -1.8 -1.8 -0.4 0.7 1.7 3.2 1.1 1.8 2.5 2.5 2.4 2.7 3 3 1.1 -0.1 -0.1 -0.1 -0.1 -0.1 -0.1 -0.1 -0.1 2.4 2.3 2.5 0.8 2.3 1.2 3.3 6.1 6.8 7.4 7.9 8.9 7.5 7.2 8.4 8.1 6.6 6 5.4 3.2 2 1.3 1.3 1.3 1.3 1.3 1.3 1.3 8.4 15.7 23 29.3 34.2 42.3 50.4 57.1 61.4 60.8 57.4 53 46.6 41.5 34.5 28.8 24.6 21.6 21.5
-1.8 -1.8 -1.8 -1.8 -1.8 -1.8 -1.8 -1.8 -1.8 -1.8 -1.8 -1.8 -1.8 -1.8 -1.8 -1.8 -1.8 -1.8 -1.8 -0.3 0.8 1.8 3.4 1.5 2.8 2.4 2.4 2.5 2.4 2.7 3 0 -0.1 -0.1 -0.1 -0.1 -0.1 -0.1 -0.1 -0.1 -0.1 0.5 2.1 0.5 0.5 0.5 1.9 4.3 6.6 8.7 8.2 8.1 7.6 7 6.5 6.2 5.9 5 4.2 3.6 2.5 1.7 1.3 1.3 1.3 1.3 1.3 1.3 5.8 12.4 18.7 24.3 29.6 36.1 43.3 50 53.3 54.1 51.9 47.9 43.5 39.4 35.3 31.2 28.4 26.9 21.9
-1.8 -1.8 -1.8 -1.8 -1.8 -1.8 -1.8 -1.8 -1.8 -1.8 -1.8 -1.8 -1.8 -1.8 -1.8 -1.8 -1.8 -1.8 -1.8 -0.2 0.9 1.9 3.3 2.3 3.4 3.6 2.5 2.6 2.4 2.4 2.2 -0.1 -0.1 -0.1 -0.1 -0.1 -0.1 -0.1 -0.1 -0.1 -0.1 0.5 1.8 0.5 0.5 0.5 0.9 2.6 4.7 7.1 7.6 7.3 7.3 6.9 5.6 6 5.2 4.5 4 3.6 2.6 1.6 1.3 1.3 1.3 1.3 1.3 1.3 4.2 9 14.9 19.2 24.1 29.1 35.4 42.2 46 47.3 45 41.1 41.9 37.9 33.9 31.7 31.1 30 29.1
-1.8 -1.8 -1.8 -1.8 -1.8 -1.8 -1.8 -1.8 -1.8 -1.8 -1.8 -1.8 -1.8 -1.8 -1.8 -1.8 -1.8 -1.8 -1.1 0 1 2.9 3 2.3 2.8 3 3.2 2.7 2.6 2.4 1.2 -0.1 -0.1 -0.1 -0.1 -0.1 -0.1 -0.1 -0.1 -0.1 -0.1 0.3 1.6 0.4 0.3 0.5 3.5 5.4 6.3 6.7 6.6 7.2 6.8 6.5 4.9 4.8 4.4 4.1 2.2 1.3 1.3 2.1 1.3 1.3 1.3 1.3 1.3 1.3 3.1 7.3 11.6 15.3 19.2 23 26.6 30.8 35.1 37.6 37.7 33.8 35.5 31.2 30.7 30 30.4 30.9 30.5
-1.8 -1.8 -1.8 -1.8 -1.8 -1.8 -1.8 -1.8 -1.8 -1.8 -1.8 -1.8 -1.8 -1.8 -1.8 -1.8 -1.8 -1.8 -0.9 0.2 1.3 3.7 2.9 1.9 2.2 2.4 2.6 2.9 2.8 2.6 1.5 -0.1 -0.1 -0.1 -0.1 -0.1 -0.1 -0.1 -0.1 2.6 1.2 -0.1 0.3 0 0.2 0.4 1.9 5.1 5.9 6.2 6.9 7.2 6.9 5.4 4.1 4.1 3.6 1.8 1.3 1.3 1.3 1.3 1.3 1.4 1.3 1.3 1.3 1.3 1.5 6.1 8.9 12.3 15.1 17.6 19.7 21.9 24.6 26.8 27 27.2 26.8 26.3 27.2 27.9 29 29.5 30
-1.8 -1.8 -1.8 -1.8 -1.8 -1.8 -1.8 -1.8 -1.8 -1.8 -1.8 -1.8 -1.8 -1.8 -1.8 -1.8 -1.8 -1.8 -0.5 0.5 1.5 4.7 2.6 1.5 1.8 2.1 2.5 2.8 2.9 2.7 1.5 -0.1 -0.1 -0.1 -0.1 -0.1 -0.1 -0.1 -0.1 0.8 2.3 0.4 -0.1 -0.1 0 0.1 0.4 2 4.4 5 5.1 5.5 5.1 3.9 3.2 2.5 1.8 1.3 1.3 1.3 1.3 1.3 1.3 1.3 1.3 1.3 1.3 1.3 1.3 2.9 6.7 8 10.3 11.9 13.7 14.6 17.6 20.3 21.1 22.2 21.1 22.7 24.3 25.3 26.5 27.5 28.6
-1.8 -1.8 -1.8 -1.8 -1.8 -1.8 -1.8 -1.8 -1.8 -1.8 -1.8 -1.8 -1.8 -1.8 -1.8 -1.8 -1.8 -1.2 -0.2 0.7 1.7 4.5 2.6 1.9 2.1 2.3 2.6 2.9 3 2.9 1.5 -0.1 -0.1 -0.1 -0.1 -0.1 -0.1 -0.1 -0.1 0.9 3.3 2.4 0.5 -0.1 -0.1 -0.1 0 1.7 3.4 2.7 2.7 2.9 2.1 1.4 1.8 1.4 1.3 1.3 1.3 1.3 1.3 1.3 1.3 1.3 1.3 1.3 1.3 1.3 2.3 1.9 4.2 5.5 5.4 6.9 8.1 9.5 11.1 15.7 17.3 17.9 18.8 20.1 21.2 22.8 23.9 25 26
-1.8 -1.8 -1.8 -1.8 -1.8 -1.8 -1.8 -1.8 -1.8 -1.8 -1.8 -1.8 -1.8 -1.8 -1.8 -1.8 -1.8 -1 0 1 1.9 3.8 2.2 2.3 2.4 2.6 2.8 3 3 3 1.6 -0.1 -0.1 -0.1 -0.1 -0.1 -0.1 -0.1 2.1 3.8 4.4 3.4 1.3 0.2 -0.1 -0.1 -0.1 2.9 3.3 2.7 2 1.6 1.4 1.4 1.4 1.4 1.3 1.3 1.3 1.3 1.3 1.3 1.3 1.3 1.3 1.3 1.3 1.3 1.3 1.6 1.3 2.6 2.5 1.3 5.2 4.9 7.2 9.6 13.1 14 15.9 17.7 19.1 20.6 21.5 22.4 23.5
-1.8 -1.8 -1.8 -1.8 -1.8 -1.8 -1.8 -1.8 -1.8 -1.8 -1.8 -1.8 -1.8 -1.8 -1.8 -1.8 -1.8 -0.8 0.2 1.2 4 3.1 2.6 2.7 2.8 2.9 3.1 3.2 3.1 3 2.8 2.7 -0.1 -0.1 -0.1 -0.1 -0.1 1.4 4.2 3.9 4 3.4 2 1.1 2.9 4.2 4 3.1 4.4 3.6 3.5 4.2 2.4 3.3 4.6 3.5 2.7 1.7 1.3 1.3 1.3 1.3 1.3 1.3 1.3 1.3 1.3 1.3 1.3 1.3 1.3 1.3 1.3 1.3 3.5 2.1 3.4 4.9 8.1 10.2 12.8 15.6 17.6 18.5 19.4 20.2 21.3
-1.8 -1.8 -1.8 -1.8 -1.8 -1.8 -1.8 -1.8 -1.8 -1.8 -1.8 -1.8 -1.8 -1.8 -1.8 -1.8 -1.8 -0.5 0.5 1.5 3.8 2.8 3 3.1 3.2 3.3 3.5 3.3 3.1 3 2.8 1.8 0.5 -0.1 -0.1 -0.1 -0.1 1.3 3.5 3.5 3.4 3.4 3.1 2.9 2.9 3.5 3.8 3.5 5.4 4.4 5.2 5.6 5.6 5 3.9 3.1 2.5 1.9 1.3 1.3 1.3 1.3 1.3 1.3 3.6 1.6 1.3 1.3 1.3 1.3 1.3 1.3 1.3 1.3 4.2 4.8 1.3 1.3 4.9 8.4 10.4 13.2 16.1 15.6 16.8 17.7 18.9
-1.8 -1.8 -1.8 -1.8 -1.8 -1.8 -1.8 -1.8 -1.8 -1.8 -1.8 -1.8 -1.8 -1.8 -1.8 -1.8 -1.8 -0.3 0.8 1.8 3.3 3 3.2 3.3 3.5 3.6 3.4 3.2 2.9 2.6 1.7 0.9 0.2 0 0.3 0 0.3 1.7 3.5 3.5 3.4 4.1 4.1 3.4 3.2 4.3 4.6 3.9 6.3 6.6 6.8 6.7 5.5 4.4 3.3 2.6 2.2 1.8 3.3 1.8 1.3 1.3 1.3 1.6 3.4 5.2 2.5 1.6 1.3 1.3 1.3 1.3 1.3 1.3 1.5 4 4.2 1.3 3.7 8.2 8.3 9.4 11.7 12.4 13.6 15 18.4
-1.8 -1.8 -1.8 -1.8 -1.8 -1.8 -1.8 -1.8 -1.8 -1.8 -1.8 -1.8 -1.8 -1.8 -1.8 -1.8 -1.1 0 1.1 2.9 3.6 3.2 3.2 3.3 3.5 3.6 3.3 3 2.7 2.6 2.2 1.5 0.9 0.7 1.1 0.8 1.4 2.6 3.7 3.4 3.4 4.1 4.8 3.6 3.5 3.6 4.1 4.9 6.2 7.2 8.2 7.1 6.1 5.7 4.3 2.8 2.4 3 3.3 1.7 1.3 1.3 1.3 1.3 5.4 7.3 5 3.4 1.3 1.3 1.3 1.3 1.3 1.3 1.3 2.3 1.3 1.3 1.3 3.2 6.2 8.2 9.1 10.3 10.3 14.4 18.9
-1.8 -1.8 -1.8 -1.8 -1.8 -1.8 -1.8 -1.8 -1.8 -1.8 -1.8 -1.8 -1.8 -1.8 -1.8 -1.8 -0.8 0.3 1.4 3.6 3.5 3.4 3.2 3.3 3.4 3.6 3.2 3.1 2.9 2.8 2.8 2.2 1.6 1.6 1.8 1.6 2.4 3.4 3.5 3.1 3.3 5.6 4.5 3.9 3.8 3.3 5.5 5.9 7.6 7.5 6.8 5.8 5.4 5.6 4 3 3 3.3 3.4 1.4 1.3 1.3 1.3 2.2 4.6 5.9 5.3 2.7 1.3 1.3 1.3 1.3 1.3 1.3 1.3 1.3 1.7 2.2 1.3 3.7 6.1 8.3 9.7 8.1 8 14.1 19.5
-1.8 -1.8 -1.8 -1.8 -1.8 -1.8 -1.8 -1.8 -1.8 -1.8 -1.8 -1.8 -1.8 -1.8 -1.8 -1.8 -0.6 0.5 1.6 3.8 3.2 3.3 3.3 3.3 3.4 3.5 3.5 3.3 3.2 3.1 3.1 2.9 2.3 2.4 2.4 2.4 3.5 4.1 3.1 3.1 3.9 4.7 3.5 4 4 3.4 5.3 6.7 7.3 7.4 6.4 5.4 4.8 4.5 3.3 1.9 2.8 3.2 3.3 1.3 1.3 1.3 1.3 1.3 4 5 5.9 3.8 2.7 4.4 1.3 1.3 1.3 1.3 1.3 1.3 1.3 1.3 2.6 1.5 4.7 7.3 9 5.9 6.6 12.6 19.7
-1.8 -1.8 -1.8 -1.8 -1.8 -1.8 -1.8 -1.8 -1.8 -1.8 -1.8 -1.8 -1.8 -1.8 -1.8 -1.8 -0.4 0.7 1.9 4 3.4 3.8 3.3 3.2 3.3 3.4 3.5 3.5 3.5 3.4 3.4 3.4 3.1 3.2 3.3 3.5 3.2 2.9 3.4 3.6 4.2 4.4 5.6 4.9 3.7 3.6 3.9 5.3 7.1 6.8 6 5.4 4.8 4 2.3 1.3 1.2 2.9 2.3 1.3 1.3 1.3 1.3 1.3 2.7 3.7 5.5 3.9 3.4 3.6 1.3 1.3 1.3 1.3 1.3 1.3 1.3 1.3 1.3 1.3 1.3 3.1 4.1 1.3 2.6 9.4 15.8
-1.8 -1.8 -1.8 -1.8 -1.8 -1.8 -1.8 -1.8 -1.8 -1.8 -1.8 -1.8 -1.8 -1.8 -1.8 -1.8 -0.2 1 3 4.8 4.5 3.7 3.4 3.4 3.3 3.2 3.4 3.4 3.5 3.4 3.2 3.1 3.1 3.1 3.1 3.8 4.9 5.3 4.9 4.7 3.3 4.2 4.3 5.1 3.5 2.9 3.4 3.8 4.7 6.5 5.8 5.2 4.6 3.2 1.2 1.6 2.4 3.4 4.4 2.6 2.1 1.3 1.3 1.3 2.8 4.7 5.4 3.5 2.7 3.2 3.2 1.3 1.3 1.3 1.3 1.3 1.3 1.3 1.3 1.3 1.3 1.3 1.3 1.3 1.3 5.2 11.4
-1.8 -1.8 -1.8 -1.8 -1.8 -1.8 -1.8 -1.8 -1.8 -1.8 -1.8 -1.8 -1.8 -1.8 -1.8 -1.8 0 1.2 4.6 4.9 4.1 3.6 3.6 3.6 3.6 3.4 3.3 3.3 3.4 3.1 2.6 2.5 2.4 2.5 2.6 3.6 4.3 5.2 4.5 4.5 5.1 3.7 4.2 4.4 3.4 3.1 3.5 3.9 5.4 4.1 5.2 4.4 3.8 1.4 2.2 4.2 3.1 3.8 6.4 4.9 2.6 1.3 1.3 1.3 4 4.7 5.3 5.4 4.6 2.8 1.5 1.3 1.3 1.3 1.3 1.3 1.3 1.3 1.3 1.3 1.3 1.3 1.3 1.3 1.3 6.2 9.4
-1.8 -1.8 -1.8 -1.8 -1.8 -1.8 -1.8 -1.8 -1.8 -1.8 -1.8 -1.8 -1.8 -1.8 -1.8 -1.1 0.2 1.5 5.1 4.6 3.8 3.7 3.7 3.7 3.8 3.8 3.5 3.3 3.3 2.8 2.2 1.9 1.8 1.9 1.8 2.7 4.1 2.8 1.7 2.9 4 4.4 4.4 4 3.5 2.9 3.5 4.6 4.8 4.8 4.7 3.9 3.2 1.4 3.4 2 2.9 4.8 5.9 4.2 1.4 1.3 1.3 1.3 5.4 5.5 5.6 6 5.2 2.3 1.3 1.3 1.3 1.3 1.3 1.3 1.3 1.3 1.3 1.3 1.3 1.3 1.3 1.3 1.3 5 8
-1.8 -1.8 -1.8 -1.8 -1.8 -1.8 -1.8 -1.8 -1.8 -1.8 -1.8 -1.8 -1.8 -1.8 -1.8 -1.1 0.3 1.7 5 4.2 3.8 3.8 3.9 3.9 3.9 4 4 3.6 3.4 2.4 1.8 1.4 1.4 1.4 1.4 1.7 2 1.4 1.7 4.5 5.4 5.2 4.5 3.8 2.4 1.4 6.1 6.2 6 5.9 4.4 3.9 3.2 1.4 4 1.3 2.2 4.1 5.1 2.7 1.3 1.3 1.3 1.3 2.1 4.9 6.1 5.7 3.9 2.5 1.3 1.3 1.3 1.3 1.3 3.3 1.8 1.3 1.3 1.3 1.3 1.3 1.3 1.3 1.3 1.3 4.9
-1.8 -1.8 -1.8 -1.8 -1.8 -1.8 -1.8 -1.8 -1.8 -1.8 -1.8 -1.8 -1.8 -1.8 -1.8 -1.8 0.4 1.9 5.4 4 4 4 4 4 4.1 4.1 4.2 4.2 3.7 2 1.4 1.4 1.4 1.4 1.4 1.4 1.4 1.4 2.7 3.6 4.7 5.1 3.6 3.6 1.6 1.4 5.7 5.2 5.8 6.7 4.2 3.7 1.6 1.3 4 2.2 1.3 1.3 2.2 1.3 3.5 2.1 1.3 1.3 1.5 6 9.5 7.6 6.7 5.5 3.7 1.6 1.3 1.8 1.3 1.3 3.4 2.5 4.1 2.7 1.3 1.3 1.3 1.3 1.3 1.7 1.3
-1.8 -1.8 -1.8 -1.8 -1.8 -1.8 -1.8 -1.8 -1.8 -1.8 -1.8 -1.8 -1.8 -1.8 -1.8 -1.8 0.5 3.6 5.6 4.1 4.1 4.1 4.1 4.1 4.2 4.3 4.3 4.6 3.8 1.4 1.4 1.4 1.4 1.4 1.4 1.4 1.4 1.4 1.4 1.4 4.6 3.3 2.5 2 1.4 1.4 3.9 5.6 7.1 5.5 5 4 1.3 1.3 1.3 1.3 1.3 1.3 2.2 2.7 3.3 2.4 1.3 1.3 1.3 7.7 8.9 8.4 8.4 8.7 8.2 7.2 4.5 3.1 3.9 4 1.3 1.7 2 2.6 1.3 1.3 1.3 1.3 1.3 1.3 1.3
-1.8 -1.8 -1.8 -1.8 -1.8 -1.8 -1.8 -1.8 -1.8 -1.8 -1.8 -1.8 -1.8 -1.8 -1.8 -1 0.7 5.4 5.5 4.5 4.1 4.2 4.3 4.3 4.3 4.4 4.9 4.6 3.6 1.4 1.4 1.4 1.4 1.4 1.4 1.4 1.4 1.4 1.4 1.4 1.4 3 1.9 2.1 1.5 1.4 6.4 6.2 6.8 3.3 3.5 4.3 2.7 1.3 1.3 1.3 1.3 1.3 1.3 1.3 1.8 2.3 1.3 1.3 1.3 7.4 8.1 9 9.7 9.2 10.4 10.7 8.7 6.7 5 4.7 4.2 3.5 1.6 1.3 1.3 1.3 1.3 1.3 1.3 1.3 1.3
-1.8 -1.8 -1.8 -1.8 -1.8 -1.8 -1.8 -1.8 -1.8 -1.8 -1.8 -1.8 -1.8 -1.8 -1.8 -0.8 0.9 7.2 5.7 4.4 4.4 4.2 4.3 4.4 4.8 3.7 5.6 4.5 4.1 1.4 1.4 1.4 1.4 1.4 1.4 1.4 1.4 1.4 1.4 1.4 1.4 1.4 4.1 2.6 2.2 1.4 2.8 4.2 6 1.4 2.8 4.4 5.2 2 1.3 1.3 1.3 1.3 1.3 1.3 1.3 1.3 1.4 1.3 1.3 3.3 8.3 9.4 9.6 8.3 10.6 11.1 9.4 8.8 7.2 5.7 5.4 4.9 6.3 4.5 4.2 1.3 1.3 2.1 1.3 2.4 1.3
-1.8 -1.8 -1.8 -1.8 -1.8 -1.8 -1.8 -1.8 -1.8 -1.8 -1.8 -1.8 -1.8 -1.8 -1.8 -0.8 1.1 9.1 5.6 3.5 3.9 4.2 4.3 4.5 5.1 7.7 6.3 4.5 3.6 1.7 1.4 1.4 1.4 1.4 1.4 1.4 1.4 1.4 1.4 1.4 3.9 1.4 1.4 2 1.4 2.5 1.4 1.4 1.4 2 3.1 4.1 3 1.5 1.3 1.3 1.3 1.3 1.3 1.3 1.3 1.3 2.8 1.3 1.3 1.3 4 6.4 7.3 7.7 9.8 10.9 9.5 9 8.4 8 7.5 8.8 10.9 10.5 10.1 5.4 5.1 4.7 3.9 1.3 3.2
-1.8 -1.8 -1.8 -1.8 -1.8 -1.8 -1.8 -1.8 -1.8 -1.8 -1.8 -1.8 -1.8 -1.8 -1.8 -0.6 1.3 9.1 4.1 5.1 5.3 5 4.6 4.7 6.7 6.8 5.7 4.6 3.4 2.2 1.4 1.4 1.4 1.4 1.4 1.4 1.4 1.4 1.4 1.4 3.4 2.4 1.4 1.4 1.4 1.4 2.2 2.2 2.3 4 3 3.9 4 2.1 1.3 1.3 1.3 1.3 1.3 1.3 1.3 1.3 1.3 1.3 1.3 1.3 4.7 4.5 5.3 6.6 8.9 10.1 10.1 9.8 9.8 11.1 11.3 11.7 12.9 12.3 10.6 8.8 7 5.6 4.5 4.2 3.5
-1.8 -1.8 -1.8 -1.8 -1.8 -1.8 -1.8 -1.8 -1.8 -1.8 -1.8 -1.8 -1.8 -1.8 -1.8 -0.4 1.5 8.2 5.4 5.9 5.4 4.8 4.7 6 7.4 6.5 5.7 4.7 3.7 2.7 1.7 2.9 1.4 1.4 1.4 1.4 1.4 1.4 1.4 1.4 2.2 1.5 1.5 1.4 1.4 1.4 1.4 2.1 2.4 3.3 2.4 3.2 2.8 2.4 1.3 1.3 1.3 1.3 1.3 1.3 1.3 1.3 1.3 1.3 1.3 1.3 2.3 3.5 4.7 5.6 7.9 8.6 8.8 9.1 9.2 12.7 11.4 10.8 10.9 9.7 10.2 10.1 8.3 7.9 5.6 4.4 4.4
