app/static/ascii/NF77.asc
ncols 200
nrows 200
xllcorner 70000
yllcorner 870000
cellsize 50
[rows 156 to 194 of 200, columns 0 to 87 of 200]
-1.9 -1.9 -1.9 -1.9 -1.9 -1.9 -1.9 -1.9 -1.9 -1.9 -1.9 -1.9 -1.9 -1.9 -1.9 -1.9 -0.8 1.1 4 9.9 14.2 16.5 19.6 22.5 23.4 23.8 23.3 20.9 20.3 19.8 19.8 19.5 18.2 16.2 13.8 12 11 10.1 9.2 11.8 13.4 11.7 11.4 11.9 13.2 14.4 13.6 14.2 15.2 15 14.2 13.5 11.2 11.2 10.8 13.6 8.6 8.6 8.6 8.6 10.8 14.4 15.1 17 18.3 19.1 21 24.6 26.5 28.7 30.6 33.2 35.3 36.4 37.9 39.5 42.4 46 49 52.8 56.5 60 63.8 65.1 66.2 68.3 69.7 74.3
-1.9 -1.9 -1.9 -1.9 -1.9 -1.9 -1.9 -1.9 -1.9 -1.9 -1.9 -1.9 -1.9 -1.9 -1.9 -1.9 -1.9 1 4.1 9.2 12.3 14.4 16.7 19.4 21.9 22.6 23.4 22.7 20.5 19.8 19 18.8 18 16.8 13.5 11.2 10 8.8 7.7 7.4 11.3 9.7 10.1 13.3 15.2 16.1 17 14.5 14.7 14.7 14.5 12.5 11.4 11 10.8 12.2 8.6 8.6 8.6 8.6 10.5 13.8 15.5 17 19.4 20.3 22.4 25 28.3 31.4 33.4 35 37.6 38.2 39.9 40.5 42.1 45.2 48.4 51 54.5 55.2 59.4 61.8 65.3 66.9 68.2 72.1
-1.9 -1.9 -1.9 -1.9 -1.9 -1.9 -1.9 -1.9 -1.9 -1.9 -1.9 -1.9 -1.9 -1.9 -1.9 -1.9 -1.9 2.3 3.3 8.5 13 14.5 16.4 19.3 21.6 22.8 23.2 22.1 21 19.9 19.2 18.8 18.3 16.9 14.3 11.8 9.5 6.7 4.2 3.7 3.7 7.6 8.9 14.6 17.9 16.2 17.6 16.1 14 14.3 14.9 13.5 11.5 10.8 12.2 14.3 8.6 8.6 12.1 13.1 14.6 14.8 15.8 17.5 19.4 20.4 22.1 26.4 29.5 32.2 35 35.8 39 43.3 43.4 41.7 42.6 45 47.4 47.7 49.3 50.6 54.2 58.1 60.7 63.6 66.7 70.4
-1.9 -1.9 -1.9 -1.9 -1.9 -1.9 -1.9 -1.9 -1.9 -1.9 -1.9 -1.9 -1.9 -1.9 -1.9 2.1 10.7 4.5 2.5 5.9 11.8 15.2 17.4 20.5 23.3 24.5 23.3 22.6 21.6 21.7 19.7 19.3 19.8 17.7 15.1 12.6 10.3 5.9 3.7 3.7 3.7 3.7 7.2 13.5 15 13.9 14.4 15.6 14.6 13.2 14.4 13 12.2 11.6 11.3 12.7 9.5 8.6 12.9 13.5 16 16.1 16.4 18 21.1 20.6 21.7 26 30.2 34.7 34.6 35.5 39.4 41.3 42.1 42 42.1 44.5 44.8 45.1 46.4 48.3 49.6 53.1 56.9 60.4 65.8 70
-1.9 -1.9 -1.9 -1.9 -1.9 -1.9 -1.9 -1.9 -1.9 -1.9 -1.9 -1.9 -1.9 -1.9 -1.9 2.2 10 5.6 2.4 5.4 11.6 15.4 17.7 21.4 23.3 27.2 25.2 22.8 21.1 21.8 21.3 21 21.3 18.3 14.7 13.5 12 7.1 3.7 3.7 3.7 3.7 5.4 11.5 14.1 14 13.5 13.5 13.3 13.3 13.9 14.5 11.2 11.5 11.1 12 9.1 10.3 11.9 14.3 15.8 15.8 16.2 16.6 19.9 19.7 20.9 25.4 29.7 34.5 35.2 36.4 39.3 40.6 40.6 41.4 41.8 43.8 44.9 45.7 45.7 45.2 46.3 49.7 53.6 57.5 63 68.6
-1.9 -1.9 -1.9 -1.9 -1.9 -1.9 -1.9 -1.9 -1.9 -1.9 -1.9 -1.9 -1.9 -1.9 -1.9 11.1 13.1 10.6 2.6 6.2 12.7 16.1 18.3 22.4 24.9 26.6 25.4 22.1 20.4 21.4 23.5 23.9 21.3 20.6 16 14.5 12.6 11.4 8.1 3.7 3.7 3.7 4.3 10 15.1 17.8 16.7 16.1 13 13.6 13.6 14.7 12.9 11.2 11.3 10.7 10.4 10.4 11 14 15.4 15.3 15.1 15.8 17.7 18.8 21.2 25.2 30 33.4 35.2 37.6 39.7 40.9 39.1 39.2 40 42.7 45.2 47.9 50.6 46.3 43.8 46 49.8 55.2 61.3 67.8
-1.9 -1.9 -1.9 -1.9 -1.9 -1.9 -1.9 -1.9 -1.9 -1.9 -1.9 -1.9 -1.9 -1.9 -1.9 9 11.5 11.3 3.1 4.8 10.6 15.6 18.4 21.4 25.6 29.6 25.9 22 20 21.7 24.5 25 24.8 19.5 16.4 13.8 12.7 11.9 9.6 7.2 3.7 3.7 3.7 8.4 12.6 15.9 16.9 16.7 14.4 12.5 12.5 13.6 11.9 12.6 11.4 11.9 10.7 11.1 11.4 12.7 14.3 14.3 14.1 14.6 16.4 18.6 22.2 25.5 29.9 32.6 33.8 36.2 39.3 36.8 36.3 35.8 35.4 36.8 39.3 42 46.3 45.5 41.1 43.7 48.6 54.2 60.2 67.1
-1.9 -1.9 -1.9 -1.9 -1.9 -1.9 -1.9 -1.9 -1.9 -1.9 -1.9 -1.9 -1.9 -1.9 -1.9 2.9 9.4 10.6 4.9 5 9.1 13 16.3 19.8 24.3 27.7 27.2 21.1 19.1 20.8 25 26 26.5 23.1 17.9 13.6 11.9 12.5 12.1 10.6 5.4 3.7 3.7 3.7 8.9 12 13.3 15.6 15.6 16.4 13.2 12.4 11.7 12 11 10.3 10.1 12.2 12.4 14.7 14.7 13.4 13.5 13.6 15.1 16.8 21.4 25.2 27.7 30 31.8 32.8 35.2 36.3 36.3 35 33.9 32.9 32.9 34.7 36.1 37.1 38.7 42.1 48 53.7 60.3 66.1
-1.9 -1.9 -1.9 -1.9 -1.9 -1.9 -1.9 -1.9 -1.9 -1.9 -1.9 -1.9 -1.9 -1.9 -1.9 1.5 7 8.4 6.6 3.4 5.4 8.7 13 17.8 25.8 25.7 25.1 19.9 18.4 20.6 24 27.3 26.4 22.9 17.6 13.8 11.5 11.9 11.9 11.6 9 3.7 3.7 3.7 5.2 8.7 11.6 13.7 13.6 12.3 11.7 10.5 11 11.2 9.4 8.7 9.2 12 12.5 14 14.9 15.6 14.5 13 13.7 15.9 18.9 22.3 24.3 26.9 28.7 30.8 33.7 35.6 37.7 36.9 33.7 32.7 33.1 34.4 34.6 36.1 38 41.5 46.4 52.2 59.5 65.9
-1.9 -1.9 -1.9 -1.9 -1.9 -1.9 -1.9 -1.9 -1.9 -1.9 -1.9 -1.9 -1.9 -1.9 -1.9 1.6 6.2 5.9 5.9 3.6 3 -0.1 6 11.6 20.8 24.4 23.6 17.9 17.9 21.1 22.9 25.2 26.3 24.6 18.9 14.8 11.3 11.4 11.8 11.1 10.1 7.1 3.7 3.7 3.7 6.7 8.7 9.7 11.4 12.3 11.5 9.9 8.6 9.7 8.4 8.2 8.4 10.8 13.6 15.2 15.4 15.6 15.3 12.8 13 16 18.8 22 23.8 25.6 27.5 29.5 31.3 34.1 36.5 35.8 32.9 32.3 32.9 34.1 34.7 35.3 36.8 40.8 45.9 50.9 57 62.7
-1.9 -1.9 -1.9 -1.9 -1.9 -1.9 -1.9 -1.9 -1.9 -1.9 -1.9 -1.9 -1.9 -1.9 0 2.2 2.3 5.2 5.2 5.5 3.9 0.1 -0.1 4.1 8.8 14.3 16.2 14.3 17.9 19.7 22.4 24.5 26 25.4 19.6 13.7 11.6 11.6 11.4 11.6 12.4 10.4 8.2 3.7 3.7 3.7 4.1 7.4 9.4 11.5 9.8 9.1 9.5 7.8 8.1 8 8.2 10.7 12.4 15 15.1 15.8 15.2 12.7 12.4 14.2 17.7 20.6 23.7 25.6 27.1 29.3 31.2 31.8 33.5 33.4 31.7 32.3 32.7 33.5 34.2 35.2 37.9 40.4 42.9 48.6 54.8 58.2
-1.9 -1.9 -1.9 -1.9 -1.9 -1.9 -1.9 -1.9 -1.9 -1.9 -1.9 -1.9 -1.9 -1.9 -1.9 1.8 1.9 5.1 5.7 6.3 7.6 5.1 3.1 -0.1 0.7 6.2 8 11.7 16.8 18.7 19.3 23.2 26.2 27.3 24.6 13.3 11.2 10.9 11.2 12.7 13.7 16 13.1 9.9 3.7 3.7 7.4 9.4 9.1 9.4 8.8 8.9 8.2 7.7 7.6 8 8.8 9.2 11 13.5 11.9 12 12.6 12.4 12 12.4 16.8 20 24 26.2 26.6 28.3 30.5 33.2 31.5 30.4 31 31.6 33.6 34.3 35.7 37.3 39.3 42.6 43 45.1 51.2 54.5
-1.9 -1.9 -1.9 -1.9 -1.9 -1.9 -1.9 -1.9 -1.9 -1.9 -1.9 -1.9 -1.9 -1.9 -1.9 0.7 2.2 4.5 4.4 6.1 6.3 4.9 3 -0.1 1 3.4 7.5 10.8 14.3 18 18.4 18.8 22 24.4 22.6 12 8.2 9.8 11.2 13 14.4 15.5 16.1 12.9 6.9 3.7 6 7.9 8.3 8.2 8 8.5 8.8 9.3 8.2 7.8 10 7.5 9.1 10.4 10.1 10.3 10.5 11.1 10.5 11.7 14.8 18.4 22.9 26 27.9 27.9 26.8 29.8 29.4 29.2 30.5 34 36.9 36.9 38.2 39.7 41.6 43.2 41.1 41.6 46.9 53.6
-1.9 -1.9 -1.9 -1.9 -1.9 -1.9 -1.9 -1.9 -1.9 -1.9 -1.9 -1.9 -1.9 -1.9 -1.9 0.3 2.2 3.2 1.8 1.8 4.6 4.4 5.5 2.3 -0.1 -0.1 2.3 7.8 11.1 15.2 20.3 24.3 21.6 18.6 13.4 7.8 6.6 6.8 10.2 11.3 12.8 13.9 17.2 14.5 10 3.7 5.4 7.7 7.9 7.6 7.5 7.5 8.5 9 9.9 8.5 7.9 7.3 6.3 7.6 7.2 9.2 7.5 7.7 7.9 9.9 12 17.7 19.5 24.3 28.8 25.9 25.2 25.8 26.8 28.7 30.4 33.8 37.6 39.6 40.3 41.8 43.2 43 41.1 39.9 40.9 44.7
-1.9 -1.9 -1.9 -1.9 -1.9 -1.9 -1.9 -1.9 -1.9 -1.9 -1.9 -1.9 -1.9 -1.9 -1.1 1 2.9 2.1 1.8 1.9 4.1 4.6 3.9 2.7 2.2 -0.1 0 6.6 11.1 14.5 17.6 21.7 18.4 12.2 8.7 7.7 6.4 6.2 6.8 8.2 9.9 11.4 13.1 13.9 11.7 3.7 3.7 5.9 7.3 7.5 7.6 5.6 7 7.8 8.1 9.4 9 8 6.3 3.7 3.7 3.7 3.7 3.7 4.1 8.4 10 13.7 15.8 18.7 22.7 23.4 24 25.5 27.2 28.9 30.5 33.4 38 41.3 42.1 42.3 43.4 43.5 40.6 37.9 37.6 40.3
-1.9 -1.9 -1.9 -1.9 -1.9 -1.9 -1.9 -1.9 -1.9 -1.9 -1.9 -1.9 -1.9 -1.9 -1.9 1.8 4.4 2.4 1.8 1.8 4 5.6 6.1 4.4 2.3 -0.1 -0.1 4 8.7 12.6 18.6 19.3 16.6 13 9.4 6.8 6.4 6.2 6 7 9.1 10.1 10.5 11.4 10.6 4.2 3.7 3.7 4 6.5 5.6 4.4 3.7 3.7 5.4 9 11.6 8.4 8.4 3.7 3.7 3.7 3.7 3.7 3.7 6.7 8.5 12.4 14.4 16.6 19.6 21.6 22.4 26.2 27.5 29 31.3 33.8 36.4 40.3 43.6 44.9 46.2 46 42.8 39.3 35.6 37.5
-1.9 -1.9 -1.9 -1.9 -1.9 -1.9 -1.9 -1.9 -1.9 -1.9 -1.9 -1.9 -1.9 -1 1 3.8 1.8 1.8 1.8 3.8 2.8 3.8 7 5.2 2.6 2.3 -0.1 2.5 4.6 6.5 13.1 14.7 13.2 8.5 7 7.7 7.5 8.7 9 6.1 8.1 8.8 10.1 10.1 11.2 8.6 3.7 3.7 3.7 3.7 3.7 3.7 3.7 5.4 8.7 7.2 10.3 8.9 6.6 3.7 3.7 3.7 3.7 3.7 3.7 6 7.8 10 13.7 15.1 17.8 19.6 21.1 23.9 26.2 27.6 31.2 35.2 36.6 39 42.8 45.2 47.2 46.6 44.1 38.2 34 35.2
-1.9 -1.9 -1.9 -1.9 -1.9 -1.9 -1.9 -1.9 -1.9 -1.9 -1.9 -1.9 -1.9 0.7 2 3.1 1.8 1.8 4 1.8 1.8 1.8 3.9 6.4 5.5 2.3 -0.1 2.5 2.7 5.2 6.1 9.5 10.9 10.7 8.8 9.7 12.2 13.3 12.2 9.4 6.6 8.2 9.6 10.4 11.2 11.7 6.2 3.7 3.7 3.7 3.7 3.7 3.7 3.7 3.7 3.7 7.1 7.9 5.7 3.7 4.3 4.5 3.7 3.7 3.7 6.1 7.7 9.1 11.9 15.7 18.3 18.8 20.1 21.8 24.9 25.9 28.8 34.1 37 38.8 41.2 43.6 44.5 45.4 42.8 39.1 32.4 31.6
-1.9 -1.9 -1.9 -1.9 -1.9 -1.9 -1.9 -1.9 -1.9 -1.9 2.2 2 2.2 2.2 4.3 3.5 2.2 1.8 1.8 1.8 1.8 3.2 4.5 5.9 7.5 5.2 2.3 -0.1 -0.1 2.5 3.3 8.5 9.9 10.4 9.4 10.7 14.2 15.2 13.5 10.4 6.5 7.4 9.1 10.3 11.1 11.1 10.5 3.7 3.7 3.7 3.7 3.7 3.8 3.7 3.7 3.7 3.7 8.4 6.4 3.7 4.6 7.5 6.6 7.5 8.1 9 8.9 9.8 12.2 15.4 16.5 17.8 17.7 18.6 21.8 23.8 26.9 29.6 33.2 35.2 37.9 39.5 41.7 41.6 40.4 36 31 29.4
-1.9 -1.9 -1.9 -1.9 -0.3 -1.9 -1.9 2.2 2 5.3 5 4.1 4 4.8 4 2.1 1.8 1.8 1.8 2.7 3.5 4.6 6.3 7.8 9.1 9.6 7.9 3.1 -0.1 -0.1 -0.1 1.1 4.8 6 7.2 7.1 10.3 13.7 12.8 7.2 5.8 6.2 7 8.1 9.1 9.1 10.8 3.7 3.7 3.7 3.7 3.7 3.7 3.7 3.7 3.7 3.7 3.7 3.7 3.7 3.7 3.7 7.1 9 8.8 8.1 8.7 10.9 12.9 14.5 15.6 16.5 17.4 18.6 19.5 21.4 23.5 26.8 30.1 33.4 34 36.4 38.9 39.3 37.9 34.5 29.7 27.9
-1.9 -1.9 -1.9 -1.9 -1.9 -1.9 -1.9 2.2 2.3 5.9 5.8 4.5 6 6.3 4.1 1.8 1.9 1.8 1.8 4.7 4.9 6.2 7.3 8.1 10.2 10.8 9.9 8.3 -0.1 -0.1 -0.1 -0.1 -0.1 -0.1 -0.1 -0.1 2.6 6 3.9 3.9 4.5 5.1 6.8 6.6 3.7 4.2 8.3 6.5 3.7 3.7 3.7 3.7 3.7 3.7 3.7 3.7 3.7 3.7 5.4 3.7 3.7 3.7 7.5 9.3 9.2 8.4 9.3 11.6 13.9 16 17.7 19.5 20.1 19.1 19.6 20.4 21.8 24.2 26.7 29.2 31.4 33.6 35.7 38.1 38.2 34.4 29.4 26.5
-1.9 -1.9 -1.9 -1.9 -1.9 0.4 2.6 2.2 2.2 5 7 8.1 7.2 6.6 6.8 7.4 7.5 7.3 5.7 6 7 8 7.4 8.3 10.9 12.3 12.6 12.3 9.5 -0.1 -0.1 -0.1 -0.1 -0.1 -0.1 -0.1 -0.1 -0.1 -0.1 2.8 4.6 7.2 8.9 9.7 6.4 3.7 3.7 4.4 3.7 3.7 3.7 6.1 7.1 6 3.7 4.7 6.9 8.7 9 8.8 8.3 3.7 7.1 8.3 8.9 10.4 9.6 11.9 14.4 17 18 19.8 20.8 19.7 19.8 20 20.2 21.1 23.1 25.8 28.7 29.6 30.9 33.8 35.6 32.3 27.7 23.4
-1.9 -1.9 -1.9 -1.9 -1.9 -1.9 0.8 1.4 2.1 2.2 6.3 8.8 7.7 6.6 6.5 8.8 8.8 10.2 10.7 8.1 6.7 7.2 7.6 8.3 8.9 10.6 12.1 12.6 11.3 6.1 -0.1 -0.1 -0.1 -0.1 -0.1 -0.1 2.9 1.3 -0.1 0.7 4.3 8.6 9.2 12.6 12.1 6.7 3.7 3.7 3.7 3.7 3.7 6.4 10 9.5 10 8.4 10.6 11.8 11.7 12 11 5.8 5.9 7.3 8.1 9.7 10.9 12.1 14.5 18 19.2 20.9 23 22.3 21.1 20.5 19.9 20.6 22.1 23.8 25.1 28 28.5 28.9 29.3 27.9 22.9 20.4
-1.9 -1.9 -1.9 -1.9 -1.9 -1.4 -0.7 0.1 0.8 1.6 1.3 6.2 7.1 6.1 6 6.2 6.3 9.3 11.9 9.9 6.3 6.7 7.5 8.1 7.7 7.7 9.3 10.4 9.1 6.9 1.6 -0.1 -0.1 -0.1 1.8 3.8 4.2 2.8 3.3 3 1.7 5.8 9.4 12.6 13.3 11.6 3.7 3.7 3.7 3.7 3.7 3.7 8.4 12.1 11.4 11.5 12.5 14.5 14.3 13.1 12.4 9.4 6.4 7 8.6 9 9.8 11.2 15 18.8 18.3 19.1 20.2 20.4 21 20.6 19.9 20.3 21.6 22.8 25.3 27.4 27.6 27.6 26.8 25 20.4 20.4
-1.9 -1.9 -1.9 -1.9 -1.9 -1.2 -0.6 0.1 0.8 1.5 2.2 2.2 5.3 5.9 5.9 5.8 6.7 7.6 8.5 10.1 7.5 5.4 6.9 6.3 6.8 7 6.5 7.1 7.1 5.3 4 0.6 -0.1 -0.1 1.9 4.1 2.7 2.9 3.1 4.4 5.8 3.5 6.9 10.9 12.6 12.6 10.1 3.7 3.7 3.7 3.7 3.7 4.1 8.7 12.4 11.9 13.5 14.9 14.2 13 12.7 10.2 7.7 7.5 9.5 9.3 9.3 11.4 12.4 15.1 16.6 16.6 17.6 17 17.7 19.2 20 20.1 21.6 23.1 23.8 25.8 28 25.3 24.4 23.8 20.4 20.4
-1.9 -1.9 -1.9 -1.9 -1.3 -0.9 -0.4 0.1 0.8 1.5 2.2 2.5 4.5 5 6.4 6.4 6.8 7.1 5.7 5.2 5.5 4.6 4.9 4.5 5.3 6.1 6.1 6.1 6.4 8.4 7.5 4.8 1.7 -0.1 2.8 3.1 2.9 3 3.2 4.3 6 4.2 5.3 7.8 9.8 11.2 10.2 4.6 3.7 3.7 3.7 3.7 3.7 9.8 10.1 11.3 10.7 12.1 13.8 13.8 11.5 12.2 8.3 7.3 8.1 9 9.7 11.5 12.3 13.7 14.2 16 15.7 14.8 15.7 16.8 18.7 19.8 20.3 21.6 22.2 23.9 25.4 25.8 23.7 23.6 22.4 23.5
-1.9 -1.9 -1.9 -1.4 -0.9 -0.5 -0.1 0.4 0.9 1.5 2.1 4.4 3.5 3.5 4.7 4.8 4.7 5.1 5.9 5.6 4.6 4.3 2.7 1.6 0.9 2.3 4.3 5 3.9 4.2 6 5.5 1.4 -0.1 3.1 4.2 3.1 3 3.4 6.3 8.2 7 5.5 6.8 9.3 11.2 12.8 8.5 3.7 3.7 3.7 3.7 3.7 8 12 13.1 13.6 13.9 9.8 8.7 8.8 10.7 10.5 11 5.8 8.7 9.8 11.2 12.3 14.5 13.2 13.8 14.2 12.8 14.1 15.7 17.3 17.7 18.5 19.3 19.9 21.8 23.5 24.5 22.7 23.1 23.7 23.4
-1.9 -1.9 -1.9 -1.2 -0.7 -0.2 0.3 0.7 1.2 1.7 2.4 4.3 3.3 3.4 3.5 3.5 3.5 3.6 3.7 4.8 3.6 3.2 2.9 1.7 0.9 0.9 0.9 2.3 2 2.8 3.3 3.6 2.5 0.7 3 4.4 3.7 4.7 4.4 7.3 10.7 12.6 6.6 6.8 8.5 12.1 12.3 11.6 9.2 4.2 3.7 3.7 3.7 6.1 11.4 12.8 12.4 13.8 13.3 13.2 8.4 8.1 5.2 4.9 4.9 7 9 10.7 11.2 11.5 11.6 10.6 9.6 7.3 7.3 12.8 14.8 15.6 17.7 17.8 18.2 19.7 21.1 22 22.8 23 23.1 23.4
-1.9 -1.9 -1.3 -0.9 -0.4 0 0.5 1 1.5 2 5.1 4.1 3.4 4 3.6 3.3 3.3 3.6 3.8 3.4 3.4 3.5 3.3 2.6 1.5 0.9 0.9 0.9 1.7 2.1 2.3 3.5 2.4 0.7 0.7 0.7 0.7 6 4.4 7.4 10 12.3 10.1 7.5 9.8 13.3 15.3 15.1 13.2 11.3 7.8 3.7 3.7 4.6 10 12.8 13.1 13.8 13.4 11.6 11.3 8.6 8.1 4.9 4.9 7 10.6 12.2 11.9 12.7 12.3 11.5 7.3 7.3 7.3 11.6 13.2 14.9 16.2 17.2 18.3 19.9 20.8 21.6 23.2 23.8 23.9 23.7
-1.4 -1.2 -0.9 -0.5 -0.1 0.3 0.8 1.3 1.7 2.3 6 4.3 4.5 4.1 3.6 3.2 3.3 3.5 3.9 4.3 3.9 3.9 3.6 3.2 1.3 0.9 0.9 0.9 2 0.9 1.2 3.2 3 0.7 0.7 0.7 0.7 2.6 5.5 6.3 10.4 13 13.2 10.4 10.3 13.5 15.9 14.4 15.5 14.5 11.3 10.6 10 3.9 8.9 9 10.2 11.1 12.1 13.6 12.9 12.6 10.7 12 8.7 7.9 10.8 11.7 12.6 12.6 14.6 13 7.3 9.3 7.8 13.1 12.4 13 14 16.3 18.4 19.9 20.6 21.1 21 23.7 25.7 23.4
-0.9 -0.7 -0.4 -0.1 0.3 0.7 1.1 1.6 2 7.2 4.4 4.3 4.3 4 3.6 3.4 3.7 3.7 4.5 5.3 5 4.3 2.8 2.3 2 0.9 0.9 0.9 1.8 1.5 2.8 4.2 3.6 0.7 0.7 0.7 0.7 0.7 5 8.3 9.2 12 15.1 14.9 14.9 12.3 15.5 14.3 12.9 14.1 13.1 11.6 10.2 6.9 6.3 9.2 9.8 11.8 13.8 14.8 12.4 13.3 11.1 11.1 10.9 11.3 11.7 12.4 11.5 12.9 14.3 14.8 12.6 11.1 9.9 9.6 9.6 9.8 12.5 14.9 16.2 16.7 17.6 18 19 21.4 21.5 21.7
-0.3 -0.1 0.1 0.4 0.7 1.1 1.4 1.9 3.1 6.4 3.9 3.6 3.6 3.9 3.5 5.6 9.4 5.8 5.6 5.8 4.6 2.6 2.9 2.9 2.3 0.9 0.9 1.6 2.4 3.3 3.1 2.9 2.8 2.6 0.7 0.7 0.7 0.7 3.6 5.9 7.7 11.7 14.2 15.7 15.5 12.5 11.4 14.5 11.4 11 13.1 11.9 10.4 10.3 5 5 9.1 11.1 13.2 15 15.2 15.2 16.9 14.8 14.8 12.8 13.1 10 11.6 13.1 14.9 14.7 14.4 13.7 11.9 9.6 9.6 9.6 12.3 13.8 14.4 15.8 16.4 17.3 18 19.9 20.8 21.1
0.2 0.4 0.6 0.9 1.2 1.5 1.9 2.6 7.7 5.3 4.1 3.1 2.9 3.3 4.3 7.1 10.6 6.2 3.1 4.6 2.3 1.2 2.6 3.7 2.7 0.9 0.9 0.9 2 2.5 2.2 2 2.2 4.8 0.7 0.7 0.7 0.7 3.3 5.6 7.3 10.1 13.5 14.9 16 13.7 9.5 9.9 9.7 8.8 9.5 6.9 5 5 5 6.5 7.2 9.6 9.9 12.8 15.4 15.4 15.5 16.7 16.9 18 14.8 10 10 12.6 15.7 15.4 14.1 14.1 13.3 12.8 14.7 13.3 13.1 13.4 14.6 16.1 17.3 16.9 17.3 18.5 19.5 20.5
0.8 0.9 1.1 1.4 1.6 2 2.8 8.1 5.6 5.2 4.4 3.2 2.6 2 1.5 2.2 3 2.9 1.3 0.9 0.9 0.9 1.9 3.3 1.4 0.9 0.9 0.9 2 2.5 2.1 1.1 1.6 0.7 0.7 0.7 0.7 0.7 0.7 6.7 8.8 10.4 10.9 14.3 16.2 15.8 11 8.6 10.7 10.9 9.1 5 5 5 5.3 9.3 10.9 10.3 16.6 16.5 15.4 17.6 16.6 15.3 15.2 16.9 13.8 10 10 10.7 13 15 14.8 14.5 14.7 14.6 15.5 14.3 15.4 15.2 16.3 18.1 18.6 17.9 17.7 18.2 19.4 20.8
1.4 1.5 1.7 1.9 2.1 4.6 8.2 6.7 5.4 5.1 4.8 3.4 2.6 2.1 2 1.9 1.3 0.9 0.9 0.9 0.9 0.9 2.1 1.4 0.9 0.9 0.9 0.9 2.6 4.4 2.9 1.9 0.7 0.7 0.7 0.7 0.7 0.7 1.7 5.5 9.4 10.1 11.7 11 13 14.1 10.6 7.3 7.3 9.7 9.9 5 5 5 5 6.9 8.7 10.6 15.2 18.6 20.7 21.1 21.7 20.6 18.4 17.9 16.1 14.4 10 11.5 12.7 13.8 15.1 16.4 17.2 16 17.3 16.8 18.5 17.4 17.8 19.6 19.8 18.8 18.8 19.2 19.6 21.4
1.9 2 2.2 3.9 10.8 8.7 7.1 5.9 5 4.8 4.6 3.8 2.7 2.5 2.3 2.1 2 0.9 0.9 0.9 0.9 0.9 0.9 0.9 0.9 0.9 2 2.1 2.4 3.9 3.7 3.5 3.5 2 0.7 0.7 0.7 0.7 0.9 4 7.2 10.7 11.6 11.1 9.8 9.5 8.4 7.3 7.3 7.8 9.3 8.8 6.3 5.3 5 5 5.1 7.7 13.1 17.3 19.3 22.2 23.8 22 19.3 17.2 16.4 15.7 17.2 12.7 12.8 14.1 15.5 18.2 19.4 17.2 18.2 17.8 18.9 19.3 19.8 20.3 19.8 19.5 19.9 20.4 20.6 21.4
4 9.9 6.9 10 8.8 7.2 6 4.9 4.6 4.4 3.9 3.9 2.4 1.9 1.6 1.4 1.3 0.9 0.9 0.9 0.9 0.9 0.9 0.9 0.9 0.9 0.9 0.9 1.8 3.4 3.8 5.6 5.2 4.9 1.6 0.7 0.7 0.7 1.9 4.2 7 8.7 10.1 10.1 9.7 10.1 9.4 8.5 8.6 10.6 9.1 8.5 9.8 9.2 5 5 5 6 12.2 16.2 19.1 21.5 23.9 23.3 20 18.5 17.4 17.6 17.3 14.9 14.1 14.8 15.8 17.2 19.4 18.7 19.2 19.2 20.2 20.8 22.4 22.7 23.5 20.7 20.5 20.8 20.6 22.8
11.7 10.3 7.4 10.2 7.8 6.2 5.1 4.2 3.5 3.3 3.4 3.6 2.6 1.5 1.2 0.9 0.9 0.9 0.9 0.9 0.9 0.9 0.9 1.7 1.2 2.4 2.6 3.3 2.6 4.3 4.1 6.1 5.3 5.6 3.1 0.7 0.7 1.1 3.1 5.3 7 8.4 11.2 11.2 11.3 11.2 10.5 11.1 9.8 9.5 8.8 8.4 9.8 10 8.5 5 5 6.7 11.1 16 19.8 22 24 21.2 19.6 18.8 18.6 17.6 18.3 15.8 15.6 15.6 16.6 18.3 20.9 19.5 19.4 19.7 20.1 19.3 20.2 23.2 22.8 21.4 21.9 20.9 20.6 20.5
10 10.2 11.4 8.5 6.4 5.6 5 4.2 3.6 3.3 3.1 3.1 2.5 1.3 0.9 0.9 1.4 1.4 1.4 1.2 0.9 0.9 2 3.8 3.1 3 4.3 6.2 4.6 4.9 6.5 5.2 6.1 7.1 7.2 3.6 2.6 2.7 3.6 5 6.4 7.6 9.8 11.6 11.5 11.7 11.3 9.8 10.1 10 9.4 8.5 9.3 10.2 8.5 5 5 5 9.9 13.6 17.3 21.6 21.7 21.3 20 20 18.2 18.5 18.7 16.9 16.3 16.9 18.3 19.6 21 20.8 19.9 20.1 20.5 18.8 22.4 22 22 21.5 21.7 20.7 20.7 20.3
