app/static/ascii/NF86.asc
ncols 200
nrows 200
xllcorner 80000
yllcorner 860000
cellsize 50
[rows 78 to 116 of 200, columns 89 to 177 of 200]
7.8 4.7 4.7 4.7 4.7 4.7 4.7 4.7 4.7 4.7 4.7 4.7 8.2 11.3 12.8 11.6 13.5 12.6 10.3 9.4 8.7 4.9 4.1 2.2 4.1 9.6 10.7 9.4 7.2 5.4 2.3 1.1 1.1 1.1 4.2 15.3 17.7 16 14.4 12 8.2 5.3 10.8 7 7.9 8.9 4.4 8.9 4.4 6.6 9.9 7.6 5.6 5.5 4.7 4 8.5 11.7 11.2 8.5 8.5 13.5 10.9 6.8 9.1 4 5.7 7 4 7.7 6.6 4 4 4 5.7 11.2 14.8 16.2 16.3 16 15.9 16.5 15.7 15.5 15.4 14.7 15.9 14.5 12.4
13.7 11.2 6 4.7 4.7 4.7 4.7 4.7 4.7 4.7 8.1 10.2 11.7 11.6 12.3 14.1 14 12.9 11.5 9.9 9 6.6 2.2 2.2 6.2 10 9.9 9.1 6.7 4.1 3.7 5.6 3.9 4.2 8.2 13.6 15.3 14.2 14.1 13.1 9.5 5.3 10 10.1 9.1 4.4 4.4 6.9 6.9 7.8 6.2 5 7.3 9.5 4.8 4 8.9 11.5 13 8.5 8.5 9.3 13.4 7.4 8 8.4 4 5.4 4 7.1 6 4 4 4 8.5 10.2 12 14.2 14.4 14.2 13 14.9 15.8 16 16.8 17.3 17.4 16.8 15.9
17.6 15 12.2 11.4 9.8 5.7 6.4 10.7 9.4 12 13.3 11.5 11.8 13.3 13.7 14.8 15.3 13.3 13.3 11.2 10.2 8.2 5.3 2.2 2.2 9.1 8.4 7.2 5.1 3.7 3.6 4.7 6.1 6.9 7.7 9.3 10.3 11.4 13.1 13.5 12.4 10.5 11.7 10.6 7.7 4.4 4.4 4.4 4.4 8.6 5.5 4 6.5 9.5 6.5 8.2 9.7 11.9 13.1 8.5 8.5 8.5 12.1 12.3 10.1 7.2 6.6 6.9 4 4 4 5.7 4.1 4 4 5.9 7.2 10.8 9.3 10.4 11.1 13.4 16.1 17.1 17.6 17.6 17.5 17 16.8
18.9 17 15.5 13.6 12.3 12 11.4 11.8 12 12.6 15.3 15 15.1 15 15 15.3 15.6 14.4 14.9 13.2 12 9.9 8.1 9.1 5 8.6 7.8 6.2 2.2 4.4 4.8 6.2 5.6 6.4 7.3 6.8 5.5 6.7 12 13.4 13.4 12.4 12.2 12.8 9.9 9 8.2 7 5.2 5.9 4 4 4 8.6 9.5 8.5 9.5 11.1 12.3 10.1 8.5 12.9 13.7 13.2 10.8 5.6 5.6 4 4 4 7.6 6.7 4 4 4 4.4 4 4 4 4 9.3 11.2 15.1 17 17.7 17.3 16.5 15.2 15.3
20.9 18.1 16.7 15.2 14.6 14.1 13.9 13.6 15.1 15.9 16.1 15.9 15.9 15.9 15.6 15.5 15 15.4 15.4 14.5 13.5 11.8 6.4 7.6 4.7 8 7.9 4.1 2.2 2.2 2.2 5.7 7.7 6.6 6.4 5.5 5.5 5.5 9.9 15.1 14.4 14.1 13.9 13.7 11.7 9 9.1 10.2 9.1 4 4 4 4 5.7 7.5 7.8 9.5 11 10.8 10.8 12.1 13 14.1 14.7 14.8 12.9 9.3 4 4 4 4.7 9.2 9.4 4 4 4 4.7 5.4 5.9 6.8 9.3 10.1 13.1 14.5 17.7 17.2 14.1 14.4 14.1
24.5 21 19 17 15.6 15.1 15.2 15.6 16.2 16.5 16.3 15.4 15.3 15.2 15.1 15.5 15.9 15.8 15.8 14.6 13.7 12.3 8.4 8.8 6.7 3.8 2.2 2.2 2.2 2.2 2.2 5.3 6.4 7.5 6.6 5.5 5.5 9.5 11.2 16.1 15.7 15.2 14.8 13.2 10.8 8.9 8.5 9.9 7 4 4 4 4 4.9 8.5 9.9 10.2 10.3 9.3 9.5 12.2 13.3 14.1 14.7 14.9 13.6 12.1 4 4 8.5 4.5 7.7 5 4 4 5.1 8.9 9.5 10.7 4.8 8.9 9.1 10.6 12.2 14.8 15.7 15.4 13.4 14.9
28.7 24.4 21.2 19.4 17.7 16.1 16.4 16.7 16.7 16.8 16.1 14.4 14.3 14.3 14.2 12.8 14.4 14.8 15.4 15 13.7 11.7 8.9 8.2 6.4 3.6 4.6 2.2 2.2 2.2 5 5.6 6.3 7.8 7.8 9.2 6.5 9.8 11.5 13.3 14.8 15.9 14.9 12.9 11.4 10.1 8.9 8.6 6.1 4 4 4 4 6.8 9.3 9.5 9.7 9.9 9.3 10.2 11.2 13.9 13.5 14 14 12.9 12.7 10.5 4 4 5.4 4 4 4 5.6 4 8.5 11.5 11.5 4.8 4.8 9.2 10 10.7 11.7 13.5 13.9 14.1 15.2
33.4 28.4 24.3 21.3 19.4 18.1 17.4 17.1 17.1 17.1 15.7 14.1 13.1 12.7 12.1 11.7 12 13.8 14.5 14.4 13.2 11.9 9 8.7 5.9 3.3 2.5 2.2 2.2 2.2 3.9 3.7 5.4 8.1 9.7 9.5 9.9 11.4 11.6 14.3 14.9 16.2 15.7 12.7 11.6 9.7 8.6 9.4 4 4 4 4 4 7.4 8 9.1 9.3 9.4 8.7 10.1 9.1 11.2 12 12.6 12.7 13.5 13.8 13.2 5 4 7.5 4 4 4 5.2 8.8 9.6 11.6 8.8 9.3 4.8 12.2 11.5 10.8 10.1 10.5 12.5 13.4 14.8
37.9 32.7 28.6 25.6 23.5 19.9 19.2 18.4 17.8 16.9 15.7 14.5 13.3 12.2 12 11.6 10.9 11.9 13.5 15.3 17 13.1 8.6 7.5 4.4 3.2 2.4 4.8 2.2 2.2 2.2 4 7.5 7.8 7.2 9.2 12.1 12.7 10.6 11.9 13.9 18.1 16 12.7 11.9 10.3 9.9 7 4 4 4 4 4 6.7 4 8.9 9.4 6.7 4 4 4 6.6 9.3 9.2 10.9 12.6 13.9 13.7 10.3 4 8.4 4 4 4 4 4 10.4 10 5.2 12.5 12 13.9 13.2 12.4 10.2 12.4 12.3 12.4 13.9
41.9 37 33.2 29.8 25.8 21.7 20.6 19.7 18.7 17.5 16.3 15 13.7 12.6 12.2 11.9 11.5 11.2 10.4 11 12.5 11 7.9 7.3 4.2 2.8 3.9 2.6 2.2 2.2 2.2 2.2 4 4.7 6.2 6.9 9.7 11.3 9.4 8.7 12.5 15 14.2 13 12.1 11 8.1 5.3 4 4 4 4 4 4 9.2 6.9 7.8 4 4 4 4 4 9.6 9.8 10.6 11.1 12.5 13.9 14.3 10.8 4 4 4 4 4 4 9.8 10.9 9.8 10.7 12.3 15.3 12.7 8.7 8.6 8.6 11.4 12.5 12.9
46.9 41.5 37.7 34.1 30.4 26 21.4 20.5 19.3 18.1 16.8 15.2 13.9 13.2 12.8 12.6 12.2 11.9 11.5 9.7 7.6 8.5 7.4 6 4.3 2.2 5.8 2.3 2.2 -1.9 -1.9 2.2 0.5 1.8 5 6.4 10 10 8.4 8.1 8.1 12.7 13.4 13.8 14 11.8 5.7 4 4 4 4 4 4 5.9 7.9 6.4 7.2 4 4 4 4 4 4 7.7 8.2 11.4 14.6 16.7 15.5 12.8 4 4 4 4 4 4 8.8 12.4 11.5 10.3 13.4 14.9 13 8.6 8.6 8.6 8.6 14.6 13.6
53.5 47.4 43.6 39.1 35.1 30.3 24.9 20.9 19.9 18.5 17 15.4 14.3 13.9 13.5 13.2 12.4 11.8 11.4 11.1 9.7 9.2 5.7 5.9 2.6 2.2 -1.9 -1.9 2.5 -1.9 -1.9 -1.9 -1.9 0.6 2.2 3.5 7.7 10.6 8.1 8.1 8.6 13.1 14 14.4 15.3 7 4 4 4 4 4 4 4 4 8.4 8.8 4 4 4 4 4 4 4 8.7 10.5 13.2 16.1 15.4 14.9 13.1 7.7 4 4.6 4 4 7.4 8.6 12.6 11.8 12.9 16.5 14.9 10.6 8.6 8.6 15.1 14.8 14.3 14
59 52.7 49 44.6 38.3 33.1 28.2 24.5 20.6 18.5 17.1 15.6 14.7 14.3 13.9 13.2 12.8 11.2 10.7 10.2 11.8 10.4 8.2 7.6 6.4 -1.9 -1.9 -1.9 1.4 -1.9 -1.9 -1.9 -1.9 -1.9 2.2 2.2 9.3 9.2 10.2 11.1 11.9 17.9 16.3 13.7 9.9 4 4.3 5.7 4 4 4 4 4 4.1 8.4 9.4 4 4 4 6.7 4 4 4 8.5 9.9 13 13.7 13.8 14.3 14.3 10.8 4 4 4 7.7 4 9.7 9.7 8.1 13 17 15.5 14 8.6 12.9 16.6 16.8 16.6 15.5
65.5 59.2 54.5 48 41 35.4 30.4 27.3 22.9 19.7 17.4 16 14.8 14.4 14 12.5 11.1 9.8 8.8 9.2 9.8 9.6 9.2 9.2 7.1 -1.9 -1.9 -1.9 -1.9 -1.9 -1.9 -1.9 -1.9 -1.9 -1.9 -1.9 7.8 6.4 8.2 10.8 13.6 16.8 19 17.2 9.7 4 4 4 4 4 4 4 4 4 8.9 8.8 4 4 4.3 6.1 5.9 4 6.5 11.1 5.7 6.4 12.2 13.5 13.4 13.4 13.9 12.9 4 4 4 4 4 4 9.9 19.2 17.5 16.4 16 16.2 16.4 18.2 17.9 15.8 16.8
71.5 65.3 60.5 53 45.2 38 31.9 27.5 25.2 21.7 18.1 16.3 15.1 14.4 13 11.8 10.7 9.9 8.1 6.2 6.9 6.7 7.1 8.3 8.6 -1.9 -1.9 -1.9 -1.9 -1.9 -1.9 -1.9 -1.9 -1.9 -1.9 -1.9 -1.9 1 4.1 9.2 14.8 15.8 20 18.2 9.4 8.6 4 4 4 4 4 4 4 4 5.7 4 4 4 6.7 10 9 5.7 8.9 5.7 5.7 5.7 8.8 12.5 12.6 11 8.3 10.8 4 4 4 4 5.7 4 12.4 18.9 18.7 17.6 17.7 18 14.1 13.4 13.4 13.4 19.4
77 71.6 64 58.1 49.8 42.5 37.3 27 21.7 19.7 17.7 15.4 15.2 14.3 12.3 11.4 10.7 10 9.8 9 8.1 7.6 5.1 6.1 7.9 -1.9 -1.9 -1.9 -1.9 -1.9 2.3 -1.9 -1.9 -1.9 -1.9 -1.9 -1.9 -1.9 1.9 6.5 12.3 15.5 19.5 17.1 10.5 10.8 9.5 4.1 4 4 4 4 4 4 4 6.1 8.6 8.8 10.3 9.5 8 6 8.7 13.4 9.9 9.4 10 12.6 5.7 5.7 6.5 9.7 4 4 4 6.5 4 4.8 17.9 20.1 19.9 19.1 19.8 19.2 18.3 14.1 13.4 13.4 18.6
79.9 74.3 67.7 60.6 55.6 46.4 38.6 31.9 25.9 21.4 17.3 14.9 13.3 11.6 10.2 8.9 8.8 10 9.2 9.3 8.6 7.3 6.8 5.4 4.7 -1.9 -1.9 -1.9 -1.9 -1.9 1.5 -1.9 -1.9 -1.9 -1.9 -1.9 -1.9 -1.9 2.2 5.6 7.8 11 18.8 16.1 10.8 12.3 9 7.9 7.5 8.6 4 4 4 4 4 6.6 9.3 10.7 13.2 7.5 10.2 9.8 10.6 13.9 9.5 12.8 12.1 6.3 5.7 7.8 11.7 8.9 4 4 4 6.1 4 7.9 17.5 22.8 22.4 20 20.4 19.8 18.9 16.4 16.1 18.1 19.9
80 73.8 69.1 61.2 54.9 47.8 43.1 38.1 26.2 21.7 18.1 14.5 11.1 7.5 3.2 2.8 6.5 7.9 7 8.5 8.8 10 9 8.2 7.4 6.4 -1.9 -1.9 -1.9 -1.9 -0.7 -1.9 -1.9 -1.9 -1.9 -1.9 -1.9 6.1 7.6 8.4 9.1 10 17.4 20.1 10.6 11.4 10.5 7.7 6.8 4 4 4 4 4 4.2 8.4 11.2 12.2 10.9 10 12.8 10.3 10.2 9.2 3.2 11.7 12.3 13.2 5.7 10.6 10.7 4 4 4 4 9.1 4 4 14.9 23.7 22.4 20.6 21.8 21.9 19.8 17.1 16.4 16.9 17.2
70.1 65.7 63.6 58.3 57.2 54 47.3 43 32.9 23.8 18.1 16 8.1 5.5 -1 -1.9 -1.9 1.3 2.4 5.5 6.8 8.5 9.3 8.2 7.6 6 -1.9 -1.9 -1.9 -1.9 2 3.3 0.3 -1.9 -1.9 -1.9 -1.9 7.8 9.8 11.3 11.5 12.8 12.4 18.1 9.7 13.7 9.5 5.4 4 4.9 8.5 4.4 5.7 4 7.3 12 11.8 13.6 13.1 9.4 9.5 8 3.2 3.2 6.5 7.8 8.1 11.7 10.6 6 7.1 7.2 4 4 4 4 4 4 17.8 23.6 21.3 20.8 22.5 23.5 21.5 19 17 16.7 13.4
59.2 56.9 56.6 56.5 57.9 57.4 52.3 48.5 41.1 35.3 22.6 18.7 11.6 7.5 7 -1.9 -1.9 -1.9 -1.9 -1.9 2.2 6.1 8.3 8.7 7.9 7.6 -1.9 -1.9 -1.9 -1.9 -1.3 -0.8 -1.9 -1.9 -1.9 -1.9 4.9 10.5 11.6 10.4 10.9 10.5 12.5 9 5 10.1 9.9 7.6 6.9 9.6 9.6 9.7 7.8 4 9.8 16 14.6 13 8.4 8.4 10.8 3.2 4.5 8.3 14.2 11.1 7.7 15.8 16.5 17.3 8 4 4 4 4 4 6.2 7.7 15.4 20.3 19.4 19.9 21.5 21 21.6 20.9 17.7 20.7 16.1
49 50.6 50.2 49.3 49.7 53.9 49.4 45 41 31 25.9 22.8 16 14.4 7.8 -1.9 -1.9 -1.9 -1.9 -1.9 -1.9 -1.9 -1.9 4.9 7.8 7.6 3.5 -1.9 -1.9 -1.9 -1.9 -1.9 -1.9 -1.9 -1.9 -1.9 -1.9 12 9.9 11.4 12.5 9.9 8.8 5 5 12.1 10.5 9.2 9.4 9.1 8.9 9.3 11.2 13.2 14.7 15.8 13.6 10 3.2 1.5 2.3 10 13.1 11.6 9.8 10.3 9.9 12.4 11.1 16.5 12.3 4 4 4 4 4 4 10.7 13.4 17.2 16.3 16.3 19.7 20.2 19 16.8 20.4 21.3 17.4
41.2 40.5 43.8 47.1 48.7 49.7 46.9 44.5 40.4 36.1 30.9 26.9 16.4 11.2 0.7 -1.9 -1.9 -1.9 -1.9 -1.9 -1.9 -1.9 -1.9 -1.9 5 6.6 6.7 -1.9 -1.9 -1.9 -1.9 -1.9 -1.9 -1.9 -1.9 -1.9 -1.9 10.3 10.2 10.5 9.8 11.7 5 5 5 13.3 11.9 9 11.2 10 8.3 11 12.7 13.2 14.3 14.2 6.9 1.5 2 1.5 2.7 2 11.2 13.4 10.3 5.9 8.2 13 14.6 15.6 15.8 9.3 10.3 7.5 4 14 4 4 13.7 15.3 13.1 13.1 17.4 20.4 16.8 16.8 21.1 20.5 18
36.2 38.3 43.5 50 53.4 53.2 47.7 38.8 38.8 39.3 34.3 26.7 16.9 8.5 -1.9 -1.9 -1.9 -1.9 -1.9 -1.9 -1.9 -1.9 -1.9 -1.9 1.1 -1.9 -1.9 6.7 3.6 -1.9 -1.9 -1.9 -1.9 -1.9 -1.9 -1.9 -1.9 12 11.7 7.8 8.6 14.7 5 5 5 12.4 10.4 9.8 10 8.7 9.2 5.9 11.4 10.4 8.9 1.5 1.5 9.4 10.2 1.5 1.5 1.9 11.5 11.4 7.6 4.7 11.3 18.7 15.5 19 8.6 11.3 14.6 4 8 15.1 16.3 4 10 17.1 17.5 13.1 14.1 19.7 16.8 17.7 19.1 17.3 14
24.5 30.9 36.5 42.4 47.6 47 40.1 36.3 32.1 30.2 24.2 20.6 13.8 -1.9 -1.9 -1.9 -1.9 -1.9 -1.9 -1.9 -1.9 -1.9 -1.9 -1.9 -1.9 -1.9 -1.9 -1.9 8.1 -1.9 -1.9 -1.9 -1.9 -1.9 -1.9 -1.9 -1.9 9.5 11.5 7.8 10.4 16.3 7.3 5 7.6 9.4 9.8 9.3 9.8 9.2 3.7 3.7 9.2 1.5 1.5 1.5 1.5 1.5 1.5 3.4 5.3 3.1 6.5 1.5 1.5 8.2 12.4 13.4 12 10 12.6 12.4 13.9 9.3 11.9 14.9 17.3 12.4 6 15.7 20.1 17.7 13.1 16.8 18 19.7 20.3 17.4 14.5
10.6 17.3 22.9 28.2 29.5 30.6 31.6 29.9 25.8 16.3 11.1 -1.9 -1.9 -1.9 -1.9 -1.9 -1.9 -1.9 -1.9 -1.9 -1.9 -1.9 -1.9 -1.9 -1.9 -1.9 -1.9 -1.9 -1.9 -1.9 -1.9 -1.9 -1.9 8 5.1 5 5.4 10.4 7.8 7.8 16.1 13.3 5 5 7.4 8.6 9.5 3.7 3.7 5.8 10.3 11.1 10.6 8.8 7.8 4.7 1.5 1.5 1.5 1.5 1.5 10.7 1.5 1.5 1.5 7 11.3 14.5 8.8 11.8 11.8 12 13.6 8.5 9 10.5 20.2 17.8 8.3 8.1 12.1 18.5 21.8 18.3 18.5 19 19.3 16.2 11.9
-1.9 6.6 9.1 13.5 16.1 16.7 16 15.7 14.6 -1.9 -1.9 -1.9 -1.9 -1.9 -1.9 -1.9 -1.9 -1.9 -1.9 -1.9 -1.9 -1.9 -1.9 -1.9 -1.9 -1.9 -1.9 -1.9 -1.9 -1.9 -1.9 -1.9 -1.9 -1.9 -1.9 -1.9 7.4 10.6 16.6 16.1 17.1 17.3 5 5 5 9.9 4.8 4.2 9.7 9.9 10.7 11.7 11.1 12.1 11.7 8.3 1.5 1.5 1.5 1.5 7.1 1.6 1.5 1.5 6.2 7.2 8.4 9.8 14.5 13.6 6.6 6.8 9.6 6.3 6.3 11.8 18.1 20.4 14.5 8.4 9.5 12.9 20.3 18.8 17.6 17.2 18.6 17.7 5.7
-1.9 -1.9 -1.9 -1.9 4.1 6.2 6.7 -1.9 -1.9 -1.9 -1.9 -1.9 -1.9 -1.9 -1.9 -1.9 -1.9 -1.9 -1.9 -1.9 -1.9 -1.9 -1.9 -1.9 -1.9 -1.9 -1.9 -1.9 -1.9 -1.9 -1.9 -1.9 -1.9 -1.9 -1.9 -1.9 4 7.7 10.3 17.1 17 10.8 5 5 5 11 10.9 10 11.1 11 12 11.5 11.1 10.8 9.7 8.9 1.5 3.1 1.5 1.5 2.5 1.5 1.5 3.4 8 10.1 8.4 7 8.8 5.8 6.7 8.9 11.4 11 6.3 14.3 18.2 22.1 20.4 14.1 8.7 10.8 14 16.3 16.7 15.2 16.8 11 5.7
-1.9 -1.9 -1.9 -1.9 -1.9 -1.9 -1.9 -1.9 -1.9 -1.9 -1.9 -1.9 -1.9 -1.9 -1.9 -1.9 -1.9 -1.9 -1.9 -1.9 -1.9 -1.9 -1.9 -1.9 -1.9 -1.9 -1.9 -1.9 -1.9 -1.9 -1.9 -1.9 -1.9 -1.9 -1.9 -1.9 8.4 9.2 11.4 13.9 13.2 7.8 5 5 6.9 12.9 13.8 13.2 11.9 10.7 10.6 1.5 1.5 1.5 1.5 1.5 1.5 1.5 3.8 7.4 1.5 8.7 1.5 1.5 9 8.6 10.3 7.5 5.4 3.6 2.6 6.3 10.3 6.3 6.3 17 23.9 22 20.4 19.1 9.8 11.2 13.5 15.3 16.2 14.3 13.6 8.7 12
-1.9 -1.9 -1.9 -1.9 -1.9 -1.9 -1.9 -1.9 -1.9 -1.9 -1.9 -1.9 -1.9 -1.9 -1.9 -1.9 -1.9 -1.9 -1.9 -1.9 -1.9 3 -1.9 -1.9 -1.9 -1.9 -1.9 -1.9 -1.9 -1.9 -1.9 -1.9 -1.9 2 3.2 3.4 8.2 10.3 11.8 14.8 11.7 10.7 9.7 7.5 5 10 12.8 12.2 10.7 7.8 5.1 7.7 1.5 1.5 1.5 1.5 1.5 4.9 1.5 1.5 1.5 13.3 10 10.6 10.4 11.4 8.6 6.6 2.2 2.2 7.3 7.2 12.1 9.4 14.2 19 24.6 19.9 21.7 22 13.5 13.1 15.6 16.6 17.8 14.5 13.3 12.3 13.5
-1.9 -1.9 -1.9 -1.9 -1.9 -1.9 -1.9 -1.9 -1.9 -1.9 -1.9 -1.9 -1.9 -1.9 -1.9 5.7 4.8 -1.9 -1.9 -1.9 5.7 -1.9 -1.9 -1.9 -1.9 -1.9 -1.9 -1.9 -1.9 -1.9 -1.9 -1.9 -1.9 -1.9 -1.9 5.3 9.7 9.5 12.9 13.2 12.5 10.1 12.9 14 5 9.1 11.6 11.4 12.1 11.4 10.5 10.1 9.5 9.7 12.3 8.8 1.5 1.5 10.6 5.5 1.5 1.5 8.2 7.9 10.9 10.4 9.5 2.2 2.2 3.3 6.6 6.5 7.3 11.1 15.8 22.1 20.8 16 18.6 18.4 16.2 16.1 16.8 15.4 18.1 15.8 13.7 12.9 18.4
-1.9 -1.9 -1.9 2.2 -1.9 -1.9 -1.9 -1.9 -1.9 -1.9 -1.9 -1.9 -1.9 7.2 6.4 5.7 -1.9 -1.9 -1.9 -1.9 2.1 -1.9 -1.9 -1.9 -1.9 -1.9 4.7 -1.9 -1.9 -1.9 -1.9 -1.9 -1.9 -1.9 -1.9 -1.9 -1.9 -1.9 7.8 15.6 12.6 10.9 16 13.2 5 11.2 12.6 12.7 12.4 13.9 13.7 12.2 13.2 11.6 13.1 12.4 7.5 10.6 11.1 7.3 1.5 4.7 1.5 4.7 6.1 2.2 2.2 2.2 2.2 2.2 10.3 7.3 8.8 6.9 4.4 8.1 11.6 19.8 23.2 21.5 16.8 16.1 18.5 18.1 16.7 15.7 15.7 12.3 13
-1.9 4.8 7.1 4.7 1.6 4.7 -1.9 -1.9 -1.9 -1.9 -1.9 -1.9 -1.9 -1.9 -1.9 -1.9 -1.9 -1.9 2.2 5.4 1.7 -1.9 -1.9 -1.9 -1.9 6.6 -1.9 -1.9 -1.9 -1.9 -1.9 -1.9 -1.9 -1.9 -1.9 -1.9 -1.9 -1.9 5.6 13.8 13.6 11.9 13.8 11.7 7.6 6.8 15.9 12.7 13.2 15.6 16.5 13.1 13.4 10.1 8.8 9.7 9.8 8.1 10.4 8.4 8.1 12.6 13.7 10.8 17.7 10.7 2.2 2.2 2.2 2.2 2.2 2.2 2.2 2.2 2.2 4.8 2.2 14.7 25.6 19.7 18.2 13.9 18.1 22.5 19.4 14.2 14.3 12.1 11.6
7.7 1.9 6.6 7.2 7.9 7.2 -1.9 -1.9 -1.9 -1.9 -1.9 -1.9 -1.9 -1.9 -1.9 -1.9 -1.9 2.2 2.2 2.2 2.3 -1.9 -1.9 6.1 8.8 5.9 -1.9 -1.9 -1.9 -1.9 -1.9 -1.9 -1.9 -1.9 -1.9 -1.9 -1.9 0.5 6.5 10.4 17.8 12.5 13.2 12.2 5 13.2 13.2 13 15.2 18.2 17.2 12.4 14.4 13.4 11 11.4 11.8 6.5 5.7 5.9 8.5 9.8 14.7 18.1 20.2 8.2 8.7 8.3 8.7 5.1 2.1 2.2 2.2 2.2 2.2 2.2 2.2 2.2 5 14.1 16.6 15.6 14.2 17.9 19.1 18.7 14.4 13.2 12.4
7.1 6.8 7.5 7.8 8.4 8.5 5.8 3.4 -1.9 -1.9 -1.9 -1.9 2.2 7.3 -1.9 -1.9 2 2.8 2.2 2.2 5.7 8.1 6.7 8.6 7 5.7 -1.9 -1.9 -1.9 -1.9 -1.9 -1.9 -1.9 -1.9 -1.9 -1.9 -1.9 -1.1 5.3 8.2 15.2 12.6 12.6 10.4 5 5 12.6 14.1 15.8 16.4 16.6 15.1 10 10 11 14 12.4 11.4 5.7 5.7 11.9 7.9 12.3 15.2 21.6 9.7 9.4 11.8 10.2 7.6 11.8 9.6 8.4 9 10.3 10.5 4.5 2.2 2.2 7.8 11.8 11.4 6.7 14.8 14.6 13.6 14.5 14 9
3.6 6.8 7.2 8 8.5 8.4 8.2 7.1 -1.9 -1.9 -1.9 6.1 6.7 7.2 7 7.2 7.1 5.2 7.7 11.1 7.6 7.8 8.9 9.7 7.7 6 -1.9 -1.9 -1.9 -1.9 -1.9 -1.9 -1.9 -1.9 -1.9 -1.9 -1.9 3 7.1 6.9 8.8 9.6 9.4 6.7 5 5 12.6 13.6 15.9 17.5 15.6 10 10.1 10.7 13.4 16.2 12.1 10.5 7.8 10.1 11.7 10.3 8.2 6.9 14.2 10.4 10.7 22.4 12.3 -0.3 7.3 7.9 8.8 8.4 12.8 15.5 17.7 14.6 2.2 3.9 3.2 2.2 6.8 16.1 14.5 12.6 13 12.7 4.2
-1.9 -1.9 3.7 1.8 7.2 7.6 7.2 6.5 3.6 -1.9 -1.9 -1.9 8.1 7.6 7.1 8.1 7.6 8.8 11.7 11.1 9.1 8 7.6 9.9 8 4.2 -1.9 -1.9 -1.9 -1.9 -1.9 3.3 -1.9 -1.9 -1.9 -1.9 -1.9 5.5 10.8 8.3 7.4 8.2 13.6 9.6 5 12.8 15.3 13.8 18.4 17.8 16.4 11.8 10 10.5 12.7 14.4 12.3 11.5 11.9 10.3 11 10.4 2.9 2.9 10.2 13.7 18.9 18.4 11.3 -0.3 7.1 8.1 15.1 13.7 10.9 12.4 15.7 20.1 12.3 6.5 2.2 -1.9 -1.9 3.4 12.2 13 12.8 6.1 -1.9
3.7 -1.9 -1.9 -1.9 -1.9 -1.9 -1.9 -1.9 2.1 1.9 -1.9 -1.9 -1.9 -1.9 7.1 8.4 8.2 9.3 9.9 11.2 10.4 8.1 6.9 9.6 8.7 7.5 -1.9 -1.9 -1.9 -1.9 -1.9 -1.9 -1.9 -1.9 -1.9 -1.9 7.1 7.3 7.1 8.6 8.1 8.2 8.7 13.8 8.8 13.1 17.1 12.6 18.7 17.5 16.4 16.1 15.5 15.2 15.6 15 13 11.4 11 10.8 10.6 10.2 7.2 2.9 7.4 15.3 13 12.4 11.5 8.3 9.4 13.1 18.9 17.4 11.6 9.3 11.1 7.3 8.6 7.3 2.2 -1.9 -1.9 -1.9 -1.9 6.6 3.6 0.9 -1.9
5 7.9 -1.9 -1.9 -1.9 -1.9 -1.9 -1.9 -1.9 -1.9 -1.9 -1.9 -1.9 0.3 6.9 7.6 8.9 12.9 10.6 13.4 8.6 7.7 5.5 6.2 3.4 -1.9 -1.9 -1.9 -1.9 -1.9 -1.9 -1.9 -1.9 -1.9 5.3 5.1 10.5 8.2 7.2 6.7 1.8 1.8 1.8 14.6 11.4 8.1 17.7 12.6 17.5 17 15.9 15.9 14.8 13.6 14 13.7 11.9 10.4 9.2 9.4 8 6.8 6.6 4.9 6.3 12.1 12 10 9.3 10.1 8.7 13.9 13.2 14.6 15 9.9 9.3 7.2 5 2.2 2.2 6.2 -1.9 -1.9 -1.9 -1.9 -1.9 -1.9 -1.9
0.4 7.8 10.6 7.7 7.2 -1.9 -1.9 -1.9 -1.9 -1.9 -1.9 -1.9 -1.9 6.4 4.1 7.7 9 9.4 10.6 15.7 10 10.8 11.9 2.2 -1.9 -1.9 7.1 7.8 -1.9 -1.9 -1.9 -1.9 -1.9 -1.9 2.2 4.1 7.6 8.4 7.8 6.4 6.5 1.8 1.8 16.6 9.1 8.9 16.5 12.6 15.8 16.6 15.4 15.6 16.4 15.5 13.3 12.7 11.8 10.7 9.6 9.6 8.8 11.4 12.3 5.5 5.9 15.1 13.6 11.6 8.7 15.3 12.1 15.8 13.3 12.2 14.4 11.8 12.6 6.2 5 5.3 2.2 8.5 17.6 -1.9 -1.9 -1.9 -1.9 -1.9 -1.9
