app/static/ascii/NF87.asc
ncols 200
nrows 200
xllcorner 80000
yllcorner 870000
cellsize 50
[rows 120 to 159 of 200, columns 0 to 90 of 200]
13.7 13.5 13.2 13.1 13.3 13.5 13.8 13.6 13.9 14.8 15 15.6 17.1 18.9 20.7 23.7 27 32.4 36.7 42.9 48.3 53 56.4 57.9 58.2 57.7 59.6 60.3 60.3 61.8 62.4 64 64.9 66.1 66.4 62.5 56 50.5 46.5 41.8 40.3 39.3 38.3 37.6 37.2 36.6 37 40 37 30.2 26.9 26.2 26.5 28 26.8 25.7 23.7 19.6 17.4 14.7 13.2 10.9 9 8.3 8.8 9.8 10.8 9.7 8.1 5.8 13.5 19.5 22.2 22.7 24.7 28 28.6 30.6 28.1 26.3 25.6 24.7 21.1 19.4 13.4 9.9 4.6 -1.9 -1.9 -1.4 -0.8
15.6 15.2 14.9 14.4 14.3 14.4 14.7 14.7 15.5 16.6 16.9 17.6 19.1 21.1 24.1 27.1 31.7 39.3 42.2 46.1 52.8 60.8 65.4 67 66.9 68 69.9 71.3 70.2 72.8 72.7 73.2 72.3 70.3 66.8 63 57.3 52.5 47.9 45.2 44.7 42.4 41.6 40.5 38.4 37.3 37.5 38.7 38 33.3 30.7 29.5 29.1 30.5 29.6 26.6 23.9 20.6 19.5 18.9 16.7 14.5 10.2 7.5 6.3 8.6 6.7 9.8 9.2 5.8 7.1 15 22.6 25 26.9 27.9 26 27.2 26.1 27.6 23.6 22.5 20.7 16.5 13.2 7.7 4.5 -1.9 -1.6 -1 -0.4
16.8 16.9 16.5 16.1 15.6 15.4 16 16.8 17.5 18.6 20.1 20.6 22.2 24.3 26.8 31.3 36.5 42.8 46.3 52 59.7 65.5 66.3 70.8 73.4 77.1 76.8 76.8 79.8 82 82.3 81.4 81.9 76.1 71.6 66.9 60.1 55.1 52.1 50 50.5 50.2 47.7 48.4 46.6 43.4 42.1 41.4 41.3 38.9 37.9 37.4 36.4 34.2 32.9 32.3 28.2 25.6 22.9 19.1 16.7 12.1 7.5 4.3 5.6 3.8 3.8 7.2 9.4 7.8 5.8 10.8 17.8 24.7 24.3 20.2 19.5 22.6 24.1 24.9 19.8 16.3 12.8 11.4 7.6 4.6 1.5 -1.9 -0.8 -0.5 0
17.8 18.3 18.2 17.8 17.5 17.7 18.5 19.5 21.1 23.1 24 25.5 27.5 29.1 31.4 34.4 39 44.8 50.3 56.3 62.1 65.4 68.8 76.8 77.9 83.1 82.2 83.7 84.1 86 91.3 88.3 84.1 80.5 76.6 69.7 63.8 60.8 58.2 56.6 56.7 60.9 62.8 60.5 56.7 52 51.8 51.3 53.8 51.2 49.1 49.2 47.5 44.3 42.3 37.5 31.5 25.5 22.8 16.5 10.4 8.8 4.7 3.8 3.8 4.4 3.8 3.8 4.8 7.1 5.2 8.7 9.6 14.2 15.8 16.5 18.1 23.9 24.7 25 20.6 17.8 17.4 11 8.3 2.2 0 -1.9 0 0.6 0.9
19.2 20.2 19.8 19.6 19.7 20.4 21.4 23.3 25.3 27.4 28.6 30.3 32.9 34.9 36.7 39.4 42.6 47 53 57.4 62.4 66.5 68.5 73.1 76.5 82.8 84 88.3 87.7 88.4 93.4 92.5 92.8 84.4 79.1 74.2 70.2 67.1 66 68.2 68.1 71.2 74.5 73.3 66.8 63.6 64.1 63.5 62 61.8 62.3 63.9 63.2 59.7 55.9 51.5 44.7 38.3 29.9 23.8 20.2 15.3 7.8 3.8 3.8 3.8 3.8 3.8 3.8 3.8 6.6 3.8 4.6 9.5 14 17.8 21.7 23.8 21.2 19.7 19.8 17.8 14.5 10.2 6.5 2.9 0.8 -1.9 1.3 1.7 2
21.9 21.6 21.4 22 22.8 22.9 25.5 26.8 28.5 30.7 32.7 35.5 38.5 41.1 43.2 45.4 47.1 49.7 54.2 58.6 63.7 68.2 71 75.6 78 83.6 90.6 89.5 92 94.3 99.9 98.9 98.8 91.1 83.8 80.8 77.7 75.6 74.4 76.4 76.7 78.3 86.2 82.5 71 72.6 73.1 77.3 74.3 71.2 71.7 74.4 73.2 70 68.5 62.5 54.1 48 44.3 39.3 33.1 28.4 16.3 9.5 5.7 6.6 6.8 3.8 3.8 3.8 3.8 3.8 3.8 8.9 12.2 17.5 21.2 22.1 22 19 17 14.8 12.3 7.8 6.9 4 2.2 -1.9 1.5 4.5 2.2
23.7 23.1 23.8 23.9 24.3 27 30.3 33 33 34.1 37.9 40 43.5 47.1 51.5 53.2 54.1 55.4 57.3 59.7 63.1 68.1 72 77.4 79.2 86.5 91.3 89.8 96.4 98.8 104.1 103.2 102.7 92.3 90.9 85.3 85 85 82.7 80.3 80.9 88.3 90.9 87.1 75.3 83.6 85.5 85.1 83.8 76.9 77.3 81 79.8 77.1 76 70.4 64.7 55.4 49.2 46.7 42.4 34.4 29.8 16.1 11.4 9.4 8.4 7.4 3.8 6.4 3.8 3.8 3.8 7.4 11.9 15.3 18.3 19 21.6 18.6 18 14.3 12 7.8 5.5 3.9 5.5 -1.9 0.8 5.8 7.1
24.3 24.2 24.8 25.6 27.3 31.6 33.6 36.8 37.5 38.9 41.2 44.1 47.2 51.2 54.9 57.2 57.9 58.8 60 63.5 65 70.4 74.1 77.9 83.1 90.1 93 98 103.7 105.3 106.6 105.3 101.9 97.8 93.7 91 90.2 85.9 85.2 84.3 85.2 90.2 95.7 94.1 82.4 90.3 96.6 90.5 87.6 83 80.3 84.2 84.5 82.4 79.2 76.1 71 64 54.7 48.6 43.7 38.6 32.2 25.8 21.1 13.6 9.1 8.8 3.8 5.3 3.8 3.8 3.8 5.8 8.6 12.2 16.1 18 19.4 18.3 17.7 17.5 14.3 11.7 8.6 6.8 5.4 -1.9 2.2 4.5 7.3
24.6 25.2 26.6 27.9 30 32.8 33.1 35.8 39.9 42 43.9 46.9 50.7 54.2 59.1 59.9 61.2 61 62.9 64.9 68.1 70.5 74.8 81.4 87.8 95.3 100.7 110.7 108.6 105.9 107.7 107.2 102.6 100.1 97.6 97.1 92.9 90.7 86.5 84.9 84.5 87.8 94.3 93.6 91.8 97.2 98.4 93.5 91.8 86.7 84.9 89.3 85.5 83 81.1 77 73.3 67.5 60.6 53.9 48.1 41.1 33.6 29.5 22.7 14.3 14.2 10.5 7.3 3.8 7 7.7 3.8 5.3 8.8 8.5 12.1 13.1 14.1 17.1 16.8 16.1 14.1 12 11.9 9.8 7.3 -1.9 4.8 5.2 5.7
25.5 26.5 27.5 29.8 32.3 34.4 36 36.7 40.7 43.4 47 49.8 53.8 58.2 62.1 63.7 62.8 62.6 64.4 69.2 71.2 74.9 74.2 77.8 87.9 96.2 99.5 107.6 108.2 107.9 108.3 105.3 102 100.3 100.4 98.1 94.4 92.1 87.6 85 84.5 86.7 91.6 94.4 92.6 95.9 98.1 92.4 93.1 87.2 86.5 86.3 84.7 84.6 79.3 78 71.4 68 63.8 56.4 50.7 41.8 34.2 31.3 22 14.4 12.7 14.3 10.9 6.3 6.9 9.2 9.2 3.8 4.1 5.7 8.4 13.4 12.8 13.8 15.6 14.6 13.2 12.7 10.4 8.4 7.7 4.4 4.8 5.7 7
26.7 27.6 28.4 30.2 32.8 34.6 36.9 40 42 45.1 50.4 54 55.3 56.3 58.6 61.4 65.8 65.7 68.7 71.3 75.2 75.6 73.2 75.3 80.9 88.4 95.2 97.2 101.8 104.4 104.6 105 103.4 99.1 98.7 96.3 95 91.7 89.3 86.4 85.4 86.6 90.2 92.3 87.7 88.3 92.9 88.5 90.2 87 85.2 85 82.2 81.7 78.7 75.6 71.1 67.4 63.5 55.2 50.9 45.6 39 29.9 18.8 15.4 12.9 13.1 12.9 9.8 8.7 8.9 10.9 5.7 3.8 5.6 7 9.4 11.5 10.9 12.7 11.6 11.4 11 9.1 8.4 8.2 6.4 5.1 7.5 7.7
27.8 28.3 29.1 30.4 32.7 35.1 38 41.1 44.1 48.3 52.3 55.4 57.9 57.7 58.9 60.2 63.4 71 71.8 73.8 78.2 77.5 71.7 73.4 77 80.7 85.7 89.9 95.1 96.7 102.2 104.7 99.8 96.2 94.4 93.1 88.9 87.6 86.7 84.6 84 84.6 86.9 86.5 82.4 77.6 86.5 84 84.2 83 79.4 80.4 77.4 75.9 74.2 72 67.3 63.4 59.5 53.9 47.2 45.4 38.6 32.6 21.9 15.4 13.3 12 12.1 10.6 8.5 9.3 9.3 6.6 3.8 3.8 6.4 9.2 9.9 8.7 12.1 11.6 12 9.6 8.8 8.3 8.8 7.9 4.3 3.8 6.8
30.9 31.1 31.3 31.6 33.6 36 40.2 43.2 45.7 49.4 52.3 56.3 60.5 62.8 62.4 63.9 66.5 70.1 71.9 73.8 74.2 73.5 69.8 70.6 74.4 76.8 79.8 82.6 87.9 93.1 95 98.5 94.8 92.4 91.5 88.7 83.8 83.8 80.2 76.8 74 75.8 77.4 78.2 77.6 72.5 70.6 70.8 73.1 74.2 75.9 75.4 74.8 73.3 68.5 65.5 64.9 60.7 58.9 54.9 51.7 49.2 47.3 41.7 33.4 23.7 18.2 13.7 11.3 10.6 7.6 3.8 3.8 3.8 3.8 3.8 3.8 6.4 3.8 7.2 9.2 12 10.4 9.2 9 7.8 3.8 3.8 3.8 4.2 5.5
32.4 32.7 32.8 33.3 35.2 37.3 43.1 45 45.8 48.8 49.7 55.3 58.4 60.5 64.4 65.5 63.2 64.2 64.6 64.6 64.7 65.3 64.8 68.5 72.6 76.1 77.4 81.9 88.8 91.2 92.7 91.5 88.9 83.1 81 77.3 75.9 74.9 74.8 72.9 69.1 68.2 70.2 69.1 70.9 69.7 68.8 65.4 71.3 69.2 69 68.9 67.8 66.7 64.7 59.6 58 57.7 57.6 55.5 51.4 51.6 48.6 43.4 38.4 33.3 23.5 17.4 11.3 8.3 3.8 3.8 3.8 3.8 3.8 3.8 3.8 3.8 3.8 3.8 5.6 3.8 7.1 8 10.1 7.5 5 3.8 3.8 4.5 8.1
37.6 35 34.5 36.7 38.5 38 39.3 41.5 44.8 46.3 48.3 51.4 55.7 56.5 61.4 61.3 60.7 58.7 57.6 56.6 56.9 58.6 63.6 68.2 72.3 76.5 79.9 83.2 87.1 89.9 86.9 81.6 77.5 78.5 76.4 74.5 70.8 70.3 69.8 66.2 63.9 62.5 62.3 61.6 63.9 64.6 64.6 63.7 64.9 61.5 61.6 65.4 63.9 62.6 60.3 57.1 56.1 54.7 56.8 52.4 50 49.9 48 41.9 36.7 33.4 26.3 19 13.7 8.7 3.8 3.8 3.8 3.8 3.8 3.8 3.8 3.8 3.8 5.6 3.8 3.8 3.8 6.3 10.8 9.8 8.2 3.8 5.8 7.1 8.4
38.1 36.9 36.4 38 38.7 38.9 39.6 40.2 40 41.7 45.4 48.5 50.2 51.4 52.3 51.9 52.2 52.1 52.1 52.9 56.8 61.4 64.8 68.4 74.2 76.6 81.6 85.4 86 85.6 83 78.9 75 73.9 72.2 69.3 65.3 64 61.7 60.5 61.3 58.6 57.7 56 54.3 55 58.3 62.1 59.3 58.6 55.3 58.4 61.1 58.9 56.4 54.5 53.3 53.2 50.7 52.4 50.4 47.8 43.9 38.9 35 31 25.8 20.3 15 8.3 3.8 3.8 3.8 3.8 3.8 3.8 3.8 3.8 3.8 6.4 3.8 3.8 3.8 3.8 3.8 7.6 4.3 3.8 4.2 3.8 3.8
39.5 38.8 38.2 38.3 38.6 42.3 41.2 40.1 38.2 36.3 39.2 40.8 43.2 44.5 45.2 45 46 47.6 51.3 54.9 57.5 61.4 65.7 69.3 73.2 74.3 79.2 80.9 82.2 81.6 78.8 74.8 74 73.9 73.2 67.3 64.2 60.6 57.6 55.5 54.9 54.4 52.7 51.2 49 48.5 52.3 54.3 59.3 51.1 49.3 51.1 55.4 55.7 53.5 50.6 51 49.9 49.8 45.6 43.6 48.6 44.3 38.6 34.6 29.9 26.2 21.2 17 11.5 6.7 3.8 3.8 3.8 3.8 3.8 3.8 3.8 3.8 5.8 5.8 6.9 3.8 3.8 3.8 3.8 3.8 3.8 3.8 3.8 3.8
43 42.1 40.5 39.9 40.2 39.7 39.5 39.4 37.9 38.1 34.8 34.8 36.8 40.7 40.9 42.4 43.6 47.5 51.1 54.5 57.9 62 65.2 68.6 69.9 70.1 71.2 73.8 75.3 74.8 75.3 74.3 76.7 76.7 71.6 66.4 63.9 58.7 55.3 53 51.6 51.3 51.7 50.4 46.6 45.7 49.2 51.8 53.4 47.4 43.3 42.9 46.6 49.3 47.8 47.1 45.5 45 43.6 43.6 39.2 37.8 41.7 38.2 33.1 29.3 25.1 21.5 17.5 13.7 8.5 3.8 3.8 3.8 3.8 3.8 3.8 3.8 3.8 3.8 3.8 6.2 6.1 3.8 3.8 3.8 3.8 3.8 3.8 3.8 3.8
46.2 45.3 43.6 42.5 42.2 41.8 41 40.9 40.1 39 38.1 34.8 34.8 34.8 35.4 40 42.1 46.1 50 53.5 59.1 64.1 67.6 69.9 71.4 70.9 70 69.9 71.2 71.7 75 75.1 75.2 73.7 69 67.7 62.8 57.4 51.9 49.2 48.1 48.3 47.7 48 45.6 41.9 43.3 48.1 44.1 42 38.6 37.3 39.7 41.5 41.7 41.3 40.4 39.5 37.9 37 34.6 31.2 29.8 34.4 31.1 28.1 23.5 19.3 15 12.3 10.4 3.8 3.8 3.8 3.8 3.8 3.8 3.8 3.8 3.8 3.8 9.4 6.6 3.8 3.8 3.8 3.8 3.8 3.8 3.8 3.8
51.3 49.8 47.2 46.2 46.5 46.4 45.2 43.9 42.5 42.1 39.9 36.2 34.8 34.8 34.8 34.8 38.4 41.6 45.4 56 59.4 63.8 66.7 69.1 70.2 68.5 70 70.7 69 70 69.4 69.3 70.5 71.4 66.9 65.4 60 56.2 52.7 49.6 45.1 42.9 42.4 42.6 41.3 39.1 38 39.9 38.4 37.6 35.1 34.3 34.9 36.8 37.7 37.1 35.7 33.8 31.4 30.3 28.1 25.6 24.4 23.8 25.8 24.7 23.1 19.9 15.8 13.3 9.4 3.8 3.8 3.8 3.8 3.8 3.8 3.8 3.8 3.8 3.8 3.8 10 7.4 6.9 3.8 3.8 3.8 3.8 3.8 3.8
56.7 54.9 51.4 49.1 51.1 50.6 50.2 49.6 48.1 45.5 42.1 38.5 34.8 34.8 34.8 35.1 38.9 41.1 42.7 45.6 51.6 58.6 64.5 67.9 69.5 67.1 65.5 67.9 66.9 67.3 68.3 65.2 64.9 64.3 61.6 59.2 58.6 56.9 54.2 48.5 42.7 40.1 39.1 38.6 37.1 35.8 35.1 34.8 36.5 37 32.9 31.3 31.5 33.5 37.8 36.3 34.8 32.7 28.5 26 25.9 23.1 21.1 19 20.3 19.3 18 17.7 16.2 13.1 10.7 7.6 3.8 3.8 3.8 3.8 3.8 3.8 3.8 3.8 3.8 3.8 3.9 10.9 11.8 9.4 3.8 3.8 3.8 3.8 3.8
60 59.1 58.3 55.4 54.8 54.9 55.7 53.3 49.1 45.4 42.1 38.8 37.6 34.8 34.8 35.3 38.2 40.2 42.2 44.6 47.8 51.1 57.7 61.1 62.1 61.2 60.2 62.5 62.1 63 62.3 60.6 60.1 58.6 57.9 57.8 56 54.4 51.4 46.1 41.8 39.4 37.9 37.2 35.5 33.7 33.2 33.3 33.3 34.6 34.3 31.8 28.6 28.6 30.3 32.4 31.9 31 26.1 23.1 21.3 19.4 17.7 17.4 14.8 13.4 12.9 12.2 12.4 12.2 10.1 8.8 7.9 3.8 3.8 3.8 3.8 3.8 3.8 3.8 3.8 3.8 3.8 10.4 13.4 14.2 6.5 3.8 3.8 3.8 3.8
61.8 61.5 64 61.1 58.7 55.5 54.5 51.8 47.8 43.8 40.3 36.6 38.2 38.3 38.3 36.4 37.2 37.9 40.4 43 45.3 48.5 50.6 53.2 54.5 54 54.7 55.3 55.9 57 56.7 55.2 54.7 54.9 53.9 54.8 51.3 48.8 49 46.7 43.6 39.5 38.6 39.9 36.9 33.2 32 31.7 32 32.6 34.8 32.6 29.3 26.9 25.5 26.8 26.7 28.4 25.4 23.2 20.7 18.8 17.1 15 13.8 11.6 10.1 9.1 8.8 7.9 8 7.6 6.7 5 6.5 6.7 3.8 3.8 3.8 3.8 5.9 3.8 3.8 8.5 10 10 7.9 3.8 3.8 3.8 3.8
58.8 61 62.9 62.8 60.7 58.1 53.4 49.2 45 40.7 36.2 31.8 31.8 31.8 38.7 36.9 36.6 34.6 35.9 39.5 41.9 45.5 47.8 49.8 51.4 50.3 50.2 51 51.5 53 53.5 53.1 51.5 48.5 47.2 46.8 46.9 47.2 45.4 44.7 42.2 38.9 38.7 38.5 36.5 33.8 31.8 31.5 31.4 31.6 31.7 31.3 29.7 27.8 25.2 23.7 23.9 22.9 22.1 22.5 19.7 17.6 16.6 14.3 14.5 12.3 10.4 8.8 8.5 8.2 8 8.1 6.8 4.8 7.2 7.3 6.4 4.4 3.8 3.8 3.8 7.6 3.8 3.8 3.8 11.5 10.8 3.8 3.8 3.8 3.8
56.8 59.8 62.6 62 60.3 58.1 54.9 49.5 44.5 38.8 31.8 31.8 31.8 31.8 31.8 31.8 31.8 32.7 31.8 31.8 37.3 40.6 43.3 43.5 43.9 44.4 44.3 44.7 46.3 48.9 49.4 49.4 48.5 46.7 46.1 44.5 43.7 45.1 43.4 42.3 39.3 38.2 37.8 36.7 34.6 33.3 31.9 31.2 31 30.8 30.5 30.1 27.7 25.8 25 23.1 22.6 21.4 20.7 19.3 17.3 16 14.1 12.9 11.7 12.3 10.3 9 8.9 8.4 8.2 8.3 8.7 7.4 6.9 8.3 8.3 3.8 3.8 3.8 3.8 3.8 7.2 3.8 3.8 3.8 9.5 8.3 3.8 3.8 3.8
52.5 54.7 56.5 58 56.5 54.3 51.3 47.3 42.5 37.5 31.8 31.8 31.8 31.8 31.8 31.8 31.8 31.8 31.8 31.8 31.8 32.7 36.6 38.2 38.4 38.9 39.5 39.2 40.3 41.3 42.8 44.4 44.7 44.7 44.1 43.1 41.7 40.7 39.5 37.8 37.4 37.2 38.6 37.2 35.8 34.4 32.2 30.7 30.3 29.5 29.1 28.6 26.2 25 24.2 22.2 21.2 20.5 19.7 17.2 15.9 16 15.6 13.7 12.1 11.5 11.7 11.4 10.7 9.8 9.5 9.3 9.4 10 9.2 8.8 9.7 8.3 3.8 3.8 3.8 3.8 3.8 3.8 3.8 3.8 3.8 3.8 6.8 3.8 3.8
46.7 48.2 49.7 50.9 51.9 50.2 47.1 44.2 38.6 31.8 31.8 31.8 31.8 31.8 31.8 31.8 31.8 31.8 35.2 37.4 36.7 36.5 36.7 36.5 36 36.2 36.8 37.7 38.2 38.1 39.1 40.3 40.4 40.3 40.9 40.4 39.2 37.4 36.6 36.4 35.1 35.4 36.3 37.6 36.9 34.4 32.8 31.4 31 29.8 27.9 27.3 25.1 23.6 22.5 21 20.5 20 18.6 18.2 17.8 16 15.3 14.6 14 12.5 12.8 14 14.2 14 11.2 11.1 10.9 12.4 11 9.7 10.5 10.3 9.9 3.8 3.8 3.8 3.8 3.8 3.8 3.8 7 3.8 3.8 3.8 3.8
39.9 43.6 46.7 47.9 46.6 45 42.9 41.5 37.7 31.8 31.8 31.8 31.8 31.8 31.8 31.8 31.8 31.8 31.8 36.9 39 37.9 38.9 40.2 37.5 35.8 34.6 35.1 34.6 35.3 35.8 36.3 35.5 35.9 36.7 37.3 36.5 35.1 33.9 33.6 32.4 32.4 33.1 34.5 35.6 35.6 33.4 32 30.8 29.1 28.3 27.4 25.9 24.2 22.7 21.1 19.8 19.5 18.9 17.3 16 15.5 15.3 15.2 14.4 14.1 15 16.5 16.8 16.7 16.3 11 11 11.1 10.5 10.6 10.5 10.6 10.8 9.3 3.8 5.3 8.4 8.8 3.8 3.8 3.8 3.8 3.8 3.8 3.8
37.1 40.9 44.1 44.7 43.9 41.4 40.3 39.2 36.9 31.8 31.8 37.5 38.4 38.1 31.8 31.8 33.5 37.6 37.4 38.2 38.3 37.9 36.7 36.9 36.5 35.7 35.7 34.2 33.6 33.6 33.4 33.3 33.4 33.3 33.3 33.4 33.7 32.5 31.9 32 31.1 29.6 29.7 31.9 34.1 34.7 35.5 32.9 30 29 28.1 26.7 25.4 23.9 23.4 21.9 20.5 21.1 20.8 17.3 15.1 14.6 14.9 15 14.7 15.7 18 17.8 15.8 16 13.6 11.3 11.2 11 12.8 9.3 9.8 10.2 9.6 8.8 7.8 3.8 6.3 10.4 11.6 3.8 6.1 3.8 3.8 5.7 8.2
31.5 35 38.2 39.6 41.3 41.8 39.6 38.1 36.4 35 31.8 33.3 39 38.4 37.7 37.7 36.8 38.3 41.5 39.9 39.5 38.2 36.7 36.2 35.8 35.5 36.1 35.5 34.9 34.5 32.6 32.3 32.3 32.2 32.3 32.3 31.8 30.9 30.6 30.1 29.6 28.8 28.2 28.6 30.3 30.8 32.2 30.4 29.7 28.8 27.7 26.3 24 23.1 21 19.4 18.8 17.6 19.2 17.1 14.9 14.1 14.4 14.7 14.3 14.7 15.3 15.4 15 14.4 14.2 11.5 10.9 10.7 9.2 10.3 9.6 8.9 8 7.8 6.3 3.8 6.7 10.2 11.7 9.1 4.6 6.1 3.8 6 10.3
30.5 33.1 34.6 36.9 38.2 39.7 38.4 36.4 35.5 36 32.6 31.8 31.8 34.5 37 37.4 38.7 39.4 40.4 41.2 38.4 37.3 36.7 36.2 35.8 35.6 36.1 34.9 34.7 35.4 34.5 32.6 31.6 31.3 31.2 30.9 30.5 30 29.4 27.5 27.4 27.8 29 28.7 28.1 28.7 28.2 28.6 28.5 28.5 27.2 25.9 27 26.4 25.1 22.8 20.5 20.9 21.9 18.7 15.8 13.3 13.4 13.6 13.9 14.3 14.4 14.6 14.5 13.9 13.8 12.7 11.3 10.5 8.7 8 8.2 7.5 6.7 3.8 6.4 3.8 8.5 10.4 12.1 11.3 9.8 3.8 6.6 3.8 4.2
31 33.2 34.6 36.8 37.1 37.9 37.1 37.1 38 37.6 37.2 36.8 36.8 37.2 38.2 38.8 39.3 39.8 40 39.8 38.3 37.6 37 36.5 36 35.5 35.1 34.8 34.6 35 33.8 33 34.2 31.4 30.5 30.8 30.3 29.9 28.4 26.3 25.7 25.7 28.4 29.6 29.1 29 28.1 27.7 27.4 26.5 27 28.1 27.6 26.8 25.8 25 23.7 23.9 26 24.2 20.7 16.6 15 13.5 13.4 13.5 13.6 13.8 14.1 14.9 15.7 14.5 12.2 10.9 9.5 8.5 7.8 6.4 3.8 3.8 5.8 3.8 8.4 9.8 12.1 12.6 11.5 9.2 3.8 3.8 3.8
31.1 33 34.5 36.7 37.5 37.6 38.8 39.7 40.3 40.8 40.6 41.8 39.9 40.7 36.7 40.7 40.6 40.8 40.7 40 38.6 37.8 37.3 36.7 36.4 36.2 35.5 34.7 35 35.1 34.7 32.9 32.9 30.7 27.4 30.5 27.1 27.4 28.7 25.7 25.7 25.7 30.4 30 29.6 30.8 28.2 28.1 27.4 27.8 28.3 28.4 27.6 27 26.4 26 25.7 25.5 25 24 22.5 19.5 18.1 16.2 14.6 12.5 12.8 13 13.3 13.9 14.3 14.7 13.5 14.7 14.3 12.6 9.4 8.1 6.5 3.8 3.8 3.8 6.5 7.6 11 14 12.1 10.4 8.1 3.8 3.8
32.5 32.7 33.5 35 36.1 38.1 39.9 39.7 40.1 40.6 41.3 40.3 36.7 36.7 36.7 41.4 42 42.2 39.7 39.4 38.9 38.3 37.4 37 36.6 36.5 37 35.3 34.6 36.2 34.4 32.8 32.2 30.3 25.7 25.7 25.7 27.7 26.8 25.7 25.7 25.7 30.8 30.7 30.1 29.1 28.7 29 28.1 29.6 30 29.6 28.8 27.8 27.2 26.5 25.8 25.6 24.5 23.5 22.5 20.9 19.6 18.7 17.5 15.1 12 12 12.2 12.8 13.1 13.3 14.1 15.8 15.8 14.6 11.2 10.9 9.2 6.1 3.8 3.8 3.8 3.8 8.3 11 11.1 10.5 9.3 3.8 3.8
36.7 36 33.9 34.4 35.7 38.2 38.8 40.2 40.7 40.7 40.4 38.8 36.7 36.7 36.7 42.6 44.3 41.7 39.9 39.3 38.8 38.7 40.2 39.1 36.7 36.6 37.1 37.2 36 35.6 36.2 33.3 32.4 31.6 26.8 25.7 30.9 29.3 30.2 29.7 25.7 25.7 30.9 31.6 30.6 29.7 31.1 30.1 28.9 31.3 31.2 30.7 30 29 27.8 26.8 25.8 25.2 24.1 23.1 22.1 21.1 20.1 18.9 18.4 17.6 15 12.5 11.2 11.5 11.8 12.2 12.6 12.7 12.7 12.7 12.3 11.3 10.6 10.2 10.8 5.6 3.8 5.9 8.8 10.1 10.6 11.4 11.3 8.3 6.8
38.9 37.4 35.9 35 35.8 37.5 38.9 40.4 41.5 41.3 41.8 42.8 42.9 42.1 41.4 37.6 42 41.8 40.9 39.8 40.1 41.7 43.4 42 38.3 36.7 36.5 36.6 36.3 35.7 35.7 35 34.5 33.9 30.9 30.4 30.8 30.1 26.7 31.4 31.4 29.6 32.6 32.4 34.4 30.4 31.2 32 29 33.7 32.1 31.9 31.1 29.3 28 27 26 24.9 23.8 22.7 21.7 20.8 20 19 18.1 17.6 15.6 13.8 11.3 10.4 10.8 11.3 11.6 12 12 12 11.6 11.6 11.5 11.4 12.4 11.3 6.9 8.5 7.7 7.9 9.5 11.2 11.2 10.6 10.7
38.8 38.3 37.7 37.2 36.4 37.1 38.2 40 42.2 43.4 43.2 44.3 44.8 45 44.6 43.7 43.9 43.3 42.8 42.3 42.3 42.3 46 42.5 40.1 37.8 36.2 36.1 36 35.3 34.7 34.5 34.3 34.1 35.8 33.6 33.1 25.7 25.7 28.8 31.3 31.2 31.4 31.3 33.8 30.8 30.7 29 29 33.7 33.1 32.4 31.8 30.6 28.2 26.9 25.6 24.7 23.6 22.6 21.4 20.4 19.6 18.8 17.9 16.2 14.5 12.7 12 9.6 10 10.4 11 11.4 11.3 11.3 10.9 11 11.2 11.7 11.4 11 9.8 9.8 7.9 3.8 3.8 9.2 11.5 8.5 5.8
38.6 39.2 38.9 38.4 37.9 38.2 38.1 39.6 41.6 43.8 45.2 45.5 45.6 45.9 45.7 45.7 45.2 44.6 44.1 43.6 43.5 43.3 44.7 41.4 40.4 38.9 37.2 36.3 35.5 35.3 35 34.2 34.1 34 34.9 34.2 34.5 28.2 25.7 25.7 32.2 32.2 31.3 30.9 31.5 32.1 31.4 29 29 34.3 33.1 32.4 32.6 34.4 29.5 27 25.6 24.4 22.8 21.9 21 20.2 19.8 19.5 18.4 16.2 14.4 11.2 10.2 9.3 9.3 9.1 10.7 10.9 10.7 10.5 9.8 9.8 10.4 11.1 10.3 10.2 9.9 9.3 8.8 7.5 3.8 3.8 3.8 3.8 3.8
39.1 40 40 39.3 38.8 38.7 39.1 40.6 42.4 44.7 46.4 47.4 47.2 46.7 46.3 46.5 45.7 45.9 45.4 44.6 44.4 44.2 43.2 41.2 40.1 39.3 39.2 38 37.5 35.8 35 33.8 33.2 32.9 34.5 33.8 34.6 33.6 29.7 31.7 33.2 31.7 30.1 30.4 30.8 29.2 32.1 32.3 32 33 31.7 30.9 30.7 33.8 30.4 27.7 26.2 23.3 22.3 21.5 20.7 19.7 18.7 17.8 16.4 15.4 14.6 11.4 10.3 9.5 8.8 10 8.7 9.5 9.3 9 8.1 8.5 8.8 9 9.3 9.5 8.8 6.7 8.6 6.7 3.8 3.8 3.8 3.8 3.8
39.5 40.6 41.4 42.1 40.8 39.8 39.6 40.2 41.4 43.7 45.9 46 45.9 46.8 46.4 46 45.9 45.9 46.3 45.2 44.9 44.7 42.9 41.1 39.9 39.5 39.6 38.2 36.9 35.9 35.2 33.9 34.5 34.4 33.1 31.8 32.3 33.1 33 30.6 31.5 30.2 27.7 27.8 27.9 26.5 26.8 27.5 29.2 30.4 26.9 24.8 27 26.9 25.8 25.5 24.1 22.6 21.5 20.9 19.8 18.6 17.7 16.5 15.2 13.5 11.8 11.2 10.3 9.2 9.5 9.9 9.4 10.4 9.5 9.3 9.9 7.5 8.2 7.8 8 8.2 7.4 4.6 8.9 8.4 8.3 6.9 3.8 3.8 3.8
