app/static/ascii/NF96.asc
ncols 200
nrows 200
xllcorner 90000
yllcorner 860000
cellsize 50
[rows 74 to 110 of 200, columns 0 to 83 of 200]
22.9 21.5 19 21.1 18.5 23.5 25.2 24.8 26.2 27 25.1 22.8 21.8 21.8 15.6 9.5 5.6 13.4 15.6 17.5 10.6 16.3 16.1 14.9 18.9 17.7 17.1 18.7 19.5 19.5 20.2 21.5 20.6 21.5 22.5 25 28.9 36.5 35.3 40.6 41.6 44.4 47.5 52.8 59.1 64.8 71.5 80.9 90.6 102.3 110.9 124.1 139.2 155.9 175 193.4 208.9 219.9 226.2 232.7 241.9 239.4 231.7 219.7 197.1 195.2 191.2 180.1 176.3 173.7 176.5 177.1 172.2 166.6 165.2 167.2 162.3 162.1 159.3 154.9 143.9 125.2 111.5 103.6
22.9 23.5 18.7 18.5 18.5 23.6 25.3 24.7 24.2 26.3 25.2 22.6 22.1 22 19 11.9 5.6 5.6 11.2 16.6 11.6 5.6 10.4 13 14.2 15.4 14.7 16.7 18.1 19.9 19.6 19.8 20.3 21 22.4 27.7 33.6 40.4 38.2 38.6 42.3 44.9 49.9 56.6 63.1 69.6 78.6 87.6 97.9 109.6 119.5 134.3 148.9 166.2 181.7 198.9 217.6 224.9 231.3 235.5 234 230.3 225 212 198.7 197.6 192.2 183.6 177.3 182.4 183.3 179 175.1 177.2 178.1 173.9 176.1 172.1 157.6 149.7 135.6 122.2 107.9 106.8
21.3 22.6 20.4 18.5 21.7 23.1 24.5 25 24.1 21.3 20.1 20.9 18.4 18.8 16.1 5.6 5.6 9.3 5.6 5.6 10.3 5.6 5.6 11.2 12.2 15.1 12.3 15.6 19.1 20.2 19 20.1 20.1 21.7 23.5 30.1 33.6 40.6 41.9 42.5 43.2 46.8 53.3 60.9 70.3 81.2 93.6 105.2 119.8 128 138 153.6 165.2 178.3 192.7 206 221.6 230.5 239.2 241.4 243.1 232.8 217.2 212.7 202.8 196 190.5 185.1 177.6 186.8 184 176.5 181.1 185.7 182.6 186.2 179.1 170.4 157.4 143 123.8 118.8 111.3 103.1
16.1 16.8 16.5 19.7 20.9 21.4 23 24.1 24 22.6 15.7 15.7 12 12.1 12.4 5.6 5.6 5.6 5.6 5.6 5.6 5.6 5.6 5.6 5.6 9.1 9.3 14 20.9 24.3 24.7 23.4 25 22.5 23.7 30.1 34.9 42.1 44 45.1 47.2 48.5 56.2 68.7 79.4 92.7 104.2 122.1 140.9 155.3 169.3 181.6 190.6 192.1 200.9 220.1 221.9 229.7 232.1 233.8 232 225.1 224.5 221.4 210 196 187.7 182.7 185.3 173.4 172.9 171.9 179.8 183.4 189 191 178.3 165.6 150.8 132.3 121.4 117.3 108.6 103.6
13.7 14.2 16.6 17.1 17.2 16.8 14.4 16.2 17.4 17.3 8.2 5.6 5.6 5.6 5.6 5.6 5.6 5.6 5.6 5.6 5.6 5.6 5.6 5.6 5.6 10.6 11.1 15.8 21.9 26.7 28.6 28.9 29.7 29.2 31.3 33.3 37.5 42.7 46.7 48 51.4 54 60 71 86.3 99.7 116.7 131.6 154.3 172.9 189.9 211.3 226.1 243.8 226.5 214.8 220.3 227.6 228.7 228 223.7 212.9 218.4 216.8 213.8 205.9 195.9 187.7 192.4 181.4 170.6 169.1 164.6 178.3 186.9 184.8 168.1 156.5 140.9 127.2 119.7 109.7 105.1 97.2
20.6 20.3 20.2 19.1 18.4 17.8 19.4 8.4 5.6 5.6 5.6 5.6 9.7 12.2 5.6 5.6 5.6 5.6 5.6 5.6 5.6 5.6 5.6 5.6 9.6 13.1 13.6 17.8 24.1 28.1 32.2 34.4 35 35.6 36.6 41.3 45.2 41.8 47.1 50.2 53.8 56.9 63.9 73.8 88.3 103.3 120 146.1 164.8 186.2 202.7 229.9 249.1 259.3 255.7 242.5 223.7 216.8 219.9 222.2 219 207.9 211.6 217.3 213.6 210.2 199.1 203 195.9 185.8 178.8 171 166.9 161.5 164.8 164.9 154.7 142.9 124.7 117.1 113.2 103.1 96 73.7
22.8 20.9 20.9 19.5 19.3 18.6 16.8 8.2 5.6 5.6 5.6 5.6 5.6 7.8 5.6 5.6 5.6 5.6 5.6 5.6 5.6 8.3 5.6 5.6 5.6 9.1 11.3 16.6 22 26.2 30.7 35.3 38.1 41.9 45.1 48.5 50.2 47.9 46.9 50.5 55.3 59.9 67.4 78.6 88.5 105.2 127.5 144.8 161.6 182.2 199.7 219.3 232.9 242.6 247.8 241.8 228.3 214.3 200.2 212.4 213.9 203.6 209.3 208 209.2 203.9 210.1 205.7 201.7 195.8 178.5 175.2 175.2 168.2 155.4 143.1 137.1 130.7 109.2 110.1 100.2 89.8 81.5 72.9
22.9 21 20.2 19.4 17.7 17.7 14.5 5.6 5.6 5.6 5.6 5.6 5.6 12.2 5.6 5.6 5.6 5.6 5.6 11.5 13.2 14.7 15.5 13.7 13 14.7 13.3 18.6 25.1 29.4 38 41.2 41.3 45.3 49.4 53.2 54.8 52.5 51.1 52.2 56.4 62.8 70.7 80 90.9 102.1 127.8 141.2 153.8 173.8 188.6 199.8 204.3 218.7 227.6 220.3 216 205.7 193.7 189 181.9 182.8 182.9 195 200.8 198.1 212.7 208.8 198.7 192.5 183.7 176.6 165.3 162 147.9 129 117.9 107.8 99.9 98.8 94.6 88.6 82.1 70.3
22.7 20.1 19.6 16.1 16.1 19.1 18.6 6.1 5.6 5.6 5.6 5.6 5.6 12.5 12.7 5.6 5.6 5.6 5.6 10.7 14.9 17.4 17.9 20.4 20.2 19.9 21.6 25.7 30.1 34.8 39.5 43.3 46.7 49.9 54.3 56.9 57.6 56.5 55.8 55.9 58.4 62.2 68.6 78.4 90.9 101.3 119.7 129.7 147.3 163.7 172.7 176.2 187.2 186.5 188.7 184.5 190.1 187.1 181.5 177.8 173.5 172.3 172.7 177.6 177.3 179.5 202.2 195.2 187.7 184.9 173.8 162.3 155.5 145.6 135 130 125.4 110.1 97.2 96.1 93.1 85.7 73.6 63.2
19.6 20 17.1 13.2 10.3 18.8 16.6 8.1 5.6 5.6 5.6 5.6 5.6 9.6 14.5 13.5 5.6 9.6 10.7 15 18.1 18.7 20.6 23.7 26.4 27.8 31.6 36.7 40.1 44.3 48.6 49.9 53 59.3 59.2 61.8 60.3 59.7 60.1 60.9 60 63.2 70.3 79.6 86.6 96.6 104 118.1 140.7 155.2 163.6 170.8 176.2 177.6 171.9 175.5 178.2 176.7 172.8 171.8 171.6 170.2 175 180.4 176.1 173.4 178 178.6 179.7 173.7 166.7 162.4 155 147.8 140 126 118.8 105.7 96.5 86.8 83 80.4 72.1 65.7
20.3 20.3 19.7 12.7 5.6 5.6 16.6 13.5 5.6 5.6 5.6 5.6 5.6 5.6 5.6 5.6 9.5 9.4 16.1 17 19.8 19.9 24.1 27.1 29.2 32.1 37.2 42.9 47.1 53.1 57 60.3 63.8 66.9 68.7 71.4 69.2 69.3 70.5 71.6 69.5 68.3 71.3 79.5 91.9 93.9 98 110 127.4 145.2 154 158.1 155.7 162 167.6 159.9 149 153.8 153.9 156.5 162 155.8 170.2 184.4 175.7 167.7 173.7 170.8 172.3 174.6 169.5 157.7 149.8 138.8 124.9 119.4 104.3 99.2 89.5 79.9 79 71 66.8 62.2
20.2 20.1 18.2 9.5 11.2 5.6 13.1 6.5 5.6 5.6 5.6 5.6 5.6 5.6 5.6 5.6 5.6 5.6 8.2 12.9 16.2 19.2 20.9 27 33.5 39.2 43.3 48.8 53.1 57.8 62.8 66.8 71.2 74.9 79.1 80.6 82.4 84.2 85.6 88.1 89.7 79.8 77 76.5 80.5 86.9 93.3 101.5 115.2 133.3 141.4 152.3 147.7 139.6 148.1 147.8 142 128.7 130.2 133.7 136 135.3 162.8 173.2 174.8 159.4 164.9 169.4 167.3 160 155.6 151.2 137.8 122.3 110.4 102.6 94.8 86.6 85.9 79.9 77.7 78.4 74 63.7
20.7 19.6 13.1 5.6 5.6 5.6 12.6 5.6 5.6 5.6 5.6 5.6 5.6 5.6 5.6 5.6 5.6 5.6 5.6 10.7 12.2 14.9 20.5 25.3 30.9 39.5 47.1 53.5 59.6 65.3 70.4 73.8 78.7 84.1 90.2 91.5 96.1 96.3 99.1 104.2 112.4 100.7 90.4 82.1 79.6 84.7 92.1 94.6 98.1 114.8 131.4 132.2 136.9 134 137 138.3 131.6 125.3 124 120.5 122.8 124.6 148 164.2 154.6 155.5 155.2 160.2 158.9 152.7 141.2 134.1 126.7 117.8 109.3 104.3 96.2 87.6 84 84.5 83.6 80.4 74 61.3
15.2 17.4 12.7 5.6 5.6 5.6 5.6 5.6 5.6 5.6 5.6 5.6 5.6 5.6 5.6 5.6 5.6 5.6 7.5 13.5 15.6 21 27.6 32.6 38.2 45 49.8 56.7 64.9 71.6 76.9 82.9 89.7 99.2 106.4 114.3 114.4 108.4 114.1 123 129 131 116.1 105.2 97.2 87.5 85 91.7 93 95.9 103.7 121.3 117.5 119 121.8 126.1 114 117.2 107.7 115.1 116.1 125.9 140.8 143.2 141.1 148.4 146.6 149.1 147.6 138.2 127.8 120.7 118.1 114.9 109.4 109.6 108.7 101 93.8 91 88.2 82.9 74.3 56.8
8.2 12.3 5.6 5.6 5.6 5.6 5.6 5.6 5.6 5.6 5.6 5.6 5.6 5.6 5.6 5.6 11.7 14.1 15.8 21 25.9 31.4 36.7 40.5 44.7 50.3 56.7 63.8 71 78.3 85.7 94.1 103.5 117 128.9 137.4 139.5 135.6 138.6 141.4 153 158.1 153.6 144.4 140.2 125.7 110.5 88.9 84.3 87.6 88.3 92 100.8 106.6 110.2 102.1 102 107.8 105.4 100.2 111.6 123.3 131 124.7 135.8 136.3 134.6 138.5 139.6 129.3 128.2 128.5 121.9 117 114.3 117 111.5 99.6 98.2 93.4 88.5 83.6 73 64.1
5.6 5.6 5.6 5.6 5.6 5.6 5.6 5.6 5.6 5.6 5.6 5.6 5.6 5.6 5.6 5.6 10.9 16.8 21 26.5 31.4 36.1 41.9 45.9 49.9 56.4 63.6 69.6 77.5 85.2 96.4 107.2 120.5 137 155.7 161.7 161.2 161 168 176.6 177.2 180 170.3 166.5 161.6 150.6 141.8 132.7 97.5 89.8 84.6 84.9 86 88.5 89.9 87.4 92.6 87.8 95.6 104.4 107.8 111.9 115.4 122.6 128.8 135.4 140.7 146.4 141.5 137.2 139.1 132.7 121.2 114.5 117.9 116.6 109 97.8 97.2 93.6 88.8 81.8 73.7 76.9
5.6 5.6 5.6 5.6 5.6 5.6 5.6 5.6 5.6 5.6 5.6 5.6 5.6 5.6 5.6 5.6 7.2 17.8 22.3 28.9 33.9 39 45 49.9 53.6 61.1 68.9 75.7 82.9 94.5 108.2 122.9 142.5 159.8 175.1 183.9 184.7 192.2 197.2 203.5 203.3 205.5 197.3 186.5 172.7 159.7 151.1 152.7 140.7 112.9 97.9 86.4 84.3 86.3 85.8 81.2 83.5 84.5 92.7 103.2 103.2 106.2 115 124.2 132.1 141.6 152.6 148.6 150.7 152.5 148.7 131.7 118 121.8 124.1 118.6 104 94.8 94.1 93 88.4 80.4 79.6 91.2
7.2 5.6 5.6 5.6 5.6 5.6 5.6 5.6 5.6 5.6 5.6 5.6 5.6 5.6 5.6 11 11.9 16.3 24.4 29.2 35.2 40.3 45.9 51.8 58.8 66.2 73 81.5 90.8 105.4 121.2 139.8 161.8 181.6 195.4 202.6 216.8 227.1 222.7 236.4 229.1 219.3 208.3 203.5 189.3 174.9 167.4 143.8 132.4 120.9 98.2 89.5 84 80.1 78.7 77.6 75.4 84.5 93.2 95.3 99.6 102 116.6 121.7 124.4 133.9 143.4 141.7 156.1 154.1 143.9 131.7 128.3 132.9 129.4 120 103.8 95.6 92.3 90.8 84.3 75.8 88.6 95.4
11.7 5.6 5.6 5.6 5.6 5.6 5.6 5.6 5.6 5.6 11.6 8.5 5.6 5.6 11.5 13.7 16.1 20.9 26.4 30.6 36.4 43.4 48.6 53.9 61.2 68.9 77.6 87.2 99.5 115.5 132.1 157.8 180.3 199.4 216.1 224.4 239.3 264.2 263.5 255 243.1 225.1 216.3 200.9 195.9 180.6 155.1 144 128.3 112.3 104.1 95.4 76.9 77.5 69 66.7 69.7 83.8 93.2 87.9 82.7 94.3 104.5 110.9 122.4 125.5 129.2 131.5 144.9 144.6 141.2 128.3 134.2 137.2 129.4 118.6 107.4 95.5 91.3 86 82.7 74.7 88 96.9
7.3 5.6 5.6 5.6 5.6 5.6 5.6 5.6 5.6 5.6 9.2 12.9 13 13.2 14.5 14.1 18.2 18.5 25.9 31.8 36.7 44 48.4 55.9 64 72.8 82.6 94 108.5 122.8 146.1 174.8 203.5 224.8 238.9 259.1 279.5 278.7 265.4 252.8 242.5 225.8 212.9 197.2 189.2 166.8 150.9 142.4 133 126 110.8 101.8 84.3 65.5 64.9 59.9 61.3 69.8 77.1 79.1 79.9 87.2 100.8 101.6 110.5 112.8 115.1 121.6 130.7 129.9 130.6 125.4 130.1 131.5 125.9 114.7 105.2 93.6 82 83.9 82.4 71.7 78.5 87
5.6 5.6 5.6 5.6 5.6 5.6 5.6 5.6 5.6 6.9 5.6 10.4 13 16.5 17 18.2 16.4 16.9 19.6 28.3 38 44.4 50.6 58.6 67.2 77.2 87.6 100.7 115 133.3 160.1 190 219 240.2 251.5 271.5 273.6 267.8 251 247.4 233.5 223.1 202.7 187.6 185.1 174.5 156.1 145.1 135.5 121.2 107.4 96.1 85.9 69 57.5 55.7 62.8 63.9 76.8 70.2 71.5 82 92.9 93.8 99.4 101.9 108.3 110.5 119 118.7 128.6 119.8 121.8 121.6 114.6 110.5 99.5 85.3 81.9 79.7 75.5 68.5 68.7 71.3
5.6 5.6 5.6 5.6 5.6 5.6 5.6 5.6 5.6 7.6 9.3 13 16.2 16.1 16.3 16.8 16.6 16 18.2 28 36.7 43.3 51.3 59.7 70.1 81 93.8 106 120.3 142.2 166.7 196.7 218.4 237.8 260.4 266.6 264.7 255.9 244.7 232.9 218 209.4 195.2 183.3 174.8 169.9 156 144.3 132.8 124 116.9 104.5 85.5 69.3 54.7 50.5 55.9 56.5 65.2 63.7 57.8 69.2 83.6 87.1 93.5 92.5 102.6 98 109.4 113.3 112.5 115.2 117.7 113.6 110.2 94.2 87.9 84 73.6 68.8 67 64.8 63.7 66.8
5.6 5.6 5.6 5.6 5.6 5.6 5.6 5.6 5.6 5.6 12.2 12.6 17.3 20.4 17.7 16.4 15.5 14.7 22 30.1 36.4 41.9 52.6 62.8 73.5 84.9 97.5 111.1 127.2 145.9 166.3 192.5 213.1 231.8 251.4 255.8 262.3 251 239.1 236.2 223.9 204 193.9 182.9 172.5 161 151.7 138.6 131.9 125.9 112.1 100.4 99.6 96 68.4 46.5 54.6 49.7 49.2 54.1 50.9 60.9 73.9 80.9 79.9 81.8 91.4 90.5 101 106.6 104.5 109.9 108.9 103.7 102.2 101.7 93.5 84.7 73.6 68.4 63.4 61.2 61.4 66
5.6 5.6 5.6 5.6 5.6 5.6 5.6 5.6 5.6 5.6 5.6 11 13.9 18.4 18.1 15.9 14.4 14.8 19.8 28.5 32.9 38.8 51.4 63.6 76.4 89 101 117.5 133.2 150.3 170 191.7 211.3 229.5 241.3 251.4 253.4 253.5 242.7 234 218.4 211.6 193.8 181.1 170.7 161.9 148.4 143.7 139.3 129.9 116.1 113.2 111.7 101.2 83.2 59.7 39.2 45.5 39.2 45.1 45.9 49.3 61.9 72.3 73.6 75.5 78.3 83.8 93.6 98.3 94 97.6 98.1 102.8 104.7 103.2 92 82 71.5 61.5 59.7 57 60.4 63.8
5.6 5.6 5.6 5.6 5.6 5.6 5.6 5.6 5.6 5.6 5.6 12 9.9 11.6 14.4 15 14.7 14.6 15.5 23.7 30.8 38.7 51.4 64.5 79.4 91.7 107.7 124.6 139.8 155.6 176.6 196.2 223.4 248.5 258 262.7 262.6 248.1 235.3 223.5 210.9 200.9 185.8 178.8 167.6 154.9 151.1 140.9 132.1 120.9 124.5 118.6 105.1 93.1 78.4 64.6 42.8 32.8 34.2 32.7 35.6 43.3 51.9 69.6 73.1 74.4 75 75.1 86.2 84.9 85.9 96.3 102.1 105.1 101.2 98.4 95.2 86.1 70.1 57.3 54.5 53.5 57.9 58.4
5.6 5.6 5.6 5.6 5.6 13.7 9.7 10.6 5.6 9.2 5.6 12.5 9.9 10.9 11.2 13.1 12.7 14.4 14.3 21 31.4 39.4 52.6 65.8 79.4 94 110.6 129.9 146.2 166.6 185.5 205.1 230.5 252.9 265.3 268.9 272.7 268.3 247.7 222.7 203 188.7 178.4 169.8 159.4 157.7 150 142 124.4 123.4 122.3 113.7 97.9 85.4 79.3 77.6 43.2 30.8 28.1 26.7 28.7 39.2 48.3 57.9 69.1 66 67.8 65.2 70.5 77.7 85.6 101.9 99.8 98.8 95.4 95.5 95.6 86.3 70.9 57.2 44.5 48.4 47.2 52.5
5.6 5.6 5.6 5.6 14.8 17.3 15.5 14.1 9.1 9.5 5.6 5.6 9.6 14.6 10.1 11.2 11.8 11 15.8 23.2 31.9 37.7 51.9 66.2 82.6 98.7 116.6 138.1 159.2 177.8 192.1 216.6 244.6 257.9 270.1 272.9 268.4 260.6 245.4 229 206.9 188 178.1 170 167.9 168.7 154 137.4 127 126.7 119.2 112.4 110.3 93.1 79.4 72.9 64.3 47.4 31.1 24.2 23.7 31 35.8 38.9 51.4 55.3 58.1 59.8 66.2 76.1 81.7 87.1 92.9 92.5 89.4 91 90.5 85.4 73.5 59.3 47.6 42.2 46.7 47.1
5.6 7.7 9.4 10.5 14.8 16.2 16.9 17.4 15.6 9.9 12.4 9.9 5.6 14.2 13.1 10.2 10.5 11.9 10.7 16.8 30 37 49.3 65.9 81.2 101.5 123.7 144 167 187 204.1 229.1 245.9 256.9 262.3 259.2 256.5 255.1 242.6 228.9 214.2 198.7 179.6 167.6 169.8 162.2 154.5 138.8 138.3 133 123 118.6 113.7 98.5 85.4 77.2 72.5 60.1 50.5 29.3 23.7 21.8 25 28.8 41.5 43.3 47.6 54.2 71.5 77.3 76.4 79.5 84 80.2 79.1 85.4 77 74.2 61.5 45.7 39.9 34.4 39.7 36.5
5.6 5.6 14.5 14.5 14.9 14.4 16.2 19.8 17.7 14.7 15.4 18.8 15.4 14.6 12.9 12 15.3 13.7 13.4 17.9 24.8 32.7 45.2 63.9 80.7 101.6 119.3 139.9 164.4 183.3 206 233.7 244.5 248.5 255 250.3 255.6 250.1 242.9 221.9 212.5 199.7 186.2 178.5 166.1 156.8 149.4 150 137.9 129.1 129.6 122.9 108.2 102.4 95.3 83.6 67.5 58.4 53.2 41.7 23.3 22.1 20.9 23.8 30.9 39.7 48.9 59.3 64.2 67.5 66.8 71.2 71.6 68.3 68.6 68.8 67 60.5 55.2 44.9 39.2 28.8 37.7 34.2
5.6 6.8 16.9 16.3 15.4 13.3 15.3 20.1 18.4 17.1 18.4 18.1 15.4 15.9 12.8 12.8 17 17.4 19.9 22.5 28.4 33.7 40.3 57.5 76.7 96 110.8 129.3 145.5 171.2 199.2 218.4 229.1 235.3 242.8 243.9 246.5 249.4 234.9 221.4 205.2 191.8 178.3 168 158.8 160.9 156.6 152.8 146 139.6 134.3 127.9 109.4 98 92.7 79.6 64.2 57.4 49.9 38.2 24.7 20.5 20.4 20.6 21.7 33.7 51.9 57.1 59.9 57.2 57.5 56.6 56.5 53.1 58.4 61.9 67.8 65.3 54.3 40.2 30.5 25.4 33.1 34.2
10.3 8.9 17.9 14.4 11.6 10.1 12.1 17.1 18.6 19.3 17.5 19.6 13.5 11.4 12 13.5 15.1 18.4 21.3 24.1 28.7 34.4 45.7 60.1 75.9 86.7 99.8 116.1 134.2 156.3 180.3 205.9 214.6 230.2 243.4 247.6 247.8 245.2 240.9 232 220.6 196.1 184.6 181.5 183.2 187.3 182.8 175.5 166.2 155.5 139.7 133.2 122.4 106.5 95.1 89.7 81.3 67.7 58.9 42.8 28.4 19.3 19.9 19.6 17.9 25 47.8 52.1 52.1 50.2 50.2 41.1 37.5 44.1 45.3 55.4 62.3 61.7 49.9 43.2 30.3 21.2 23.1 22.2
6.7 13.4 16.6 14 9.7 9.1 10.4 12.8 18.2 19.3 14.3 21.7 12.6 9.5 9.5 11.9 13.8 16.4 21.3 24.5 29.9 38.4 46.8 55.9 71.5 86.5 102.2 116.6 131.1 148 173.2 187.7 206.6 216.2 229.3 237.9 238 232 233.5 226.1 206.6 185.9 189.1 202.6 208.6 202.4 186.3 174.4 166.2 154.2 135.9 125.2 116.7 108.2 95.2 84.3 76.8 64.6 53.8 43.5 32.6 23.9 19 19.2 25.3 16.6 38.6 53 48 46.2 40.4 31.6 30.9 34.3 37.6 51 58.1 53.3 43.9 38.3 29 23.9 16.6 8.2
2.2 11.7 12.9 12.5 9.6 7.8 7.9 11.1 18.6 17 13.3 13 11.2 8.9 8.5 9.3 13.6 17 21.6 22.4 29.2 36.4 45.2 53.6 67.9 76.6 93.9 111.3 130.9 150.7 175.6 199.8 213.7 224.6 230.1 227.9 225.4 214.1 213.2 208.5 192.6 189.8 195.1 199.2 203.6 202.7 193.6 171.8 157.2 152.5 133.2 117.3 111.4 106.9 96.4 87.8 77.5 78.9 61.5 48.8 27.7 29.5 26 21.7 22.5 23.7 16 38.2 42.6 41.1 37.9 33.7 31 34.6 34.6 46.4 54.3 53 44.9 41.8 29 21.2 15.7 -1.9
2.6 -1.9 -1.9 -1.9 11.3 3.2 1.8 8.2 14.8 14.2 12.9 12.3 15.7 5.4 6.1 8.2 12.2 17.5 20.4 21.3 21.6 30.7 39.3 52.3 62.7 73.2 94.9 111.2 127.8 147 175.2 194.6 205.9 218.1 221.9 217.6 211.9 204.3 203.5 197 200.5 199.8 200.7 201.8 197.9 194.5 188.9 171.9 145.5 140.8 130.7 110.5 105.4 100.1 94.7 90.3 85.7 82.2 72 53 38.9 28.2 24.9 27.5 30.4 25.8 17.4 12.5 24.7 32.5 30.2 24.4 29.3 28 34 44.7 43.6 39.5 34.2 31.5 23.1 -1.9 -1.9 -1.9
15.2 14.2 -1.9 -1.9 -1.9 -1.9 -1.9 2.5 11.1 14.1 13.1 11.5 10.6 6.4 2.2 4.6 7.4 15.5 15.2 17.6 17.9 23.6 34.1 43.7 58.4 68.1 84.1 106.8 128.6 147.5 175 193.1 203.2 202.6 209.9 204 209.4 201.3 198.6 203.1 210.8 205.7 205.3 208.5 203.5 192.5 172.9 156.1 133.8 129.5 116.9 101.8 98.2 93.3 96.2 100.6 93.4 77.9 72.6 62.5 46.2 32.4 31.3 33.2 33.4 34.4 25.1 21.4 6.6 12.3 22.3 22.1 30.2 23.5 26.9 28.9 29.6 29.9 27.6 24.6 12.7 -1.9 -1.9 -1.9
17.5 17.7 13 3.6 -1.9 -1.9 -1.9 -1.9 -1.9 10.1 9.3 9.3 9.6 5.2 2.2 2.2 2.2 6.8 12.5 17.3 15.3 18 32.9 43.8 58 69.4 90.5 109.6 126.4 147.8 173.2 186.3 198.3 202.8 194.5 198.6 196.7 189.2 193.3 197.3 207.3 203.9 201.7 200.8 197.2 186 173.1 154.8 114.5 111.8 100 94.4 89.4 88.5 89.1 83.3 79.7 73.6 61 59.6 44.8 32.3 30.6 39.6 38.8 39.6 35.7 36.1 23.2 5.4 2.2 8.9 13.5 21.9 21.5 25.5 31 33.8 30.9 31.8 31.5 19.5 -1.9 -1.9
19 15.7 15.3 12.6 -1.9 -1.9 -1.9 -1.9 -1.9 8 8.7 7.6 9.5 2.2 0.7 2.2 -1.9 -1.9 -1.9 11 10.3 16.4 30.3 45.7 65.3 78.5 94.9 105.3 116.2 142.5 158.4 171.6 178.3 186.5 184.8 183.2 185.8 192.2 196 204.3 201.3 195.9 196.5 191.8 185.9 171.3 161.3 145.3 117.1 101.1 94.2 84 71.2 74.4 73.5 73.9 67.3 61.8 52 47.9 42.5 34.7 36.8 40.1 43.3 40.7 34.8 27.4 22.9 17.9 1.9 -1.9 -1.9 11.2 23.9 37.4 33.9 38.6 36.5 36.5 26.2 6.6 -1.9 -1.9
