app/static/ascii/NF97.asc
ncols 200
nrows 200
xllcorner 90000
yllcorner 870000
cellsize 50
[rows 117 to 155 of 200, columns 0 to 87 of 200]
7.5 5.9 7.6 8.8 8.8 4.9 2.4 3.6 5.7 6.1 6.1 6.2 2.3 2.2 2.2 2.2 2.2 2.2 3.9 2.2 4 4.7 5.9 2.9 2.2 2.2 2 1 0.3 -0.4 -1.1 -1.9 -1.9 -1.9 -1.9 -1.9 -1.9 5.5 4.6 3.7 5.1 5.7 5.3 4.5 5.4 0.3 0.3 0.3 0.3 1.6 6.6 6.8 5.8 3.4 -1.9 -1.9 -1.9 -1.9 -1.9 -1.9 -1.9 -1.9 -1.9 -1.9 -1.9 -1.9 6.5 7.8 7.8 8.8 8.9 7.8 9.2 8.1 6.8 2.2 0.2 -1.9 -1.9 -1.9 2.2 -1.9 -1.9 -1.9 -1.9 -1.9 -1.9 -1.9
4 1.1 1.1 8.1 8.5 3.6 3.5 5.1 6.4 6.1 5.3 5.1 2.2 2.2 2.2 2.2 2.2 2.2 2.2 2.2 2.2 2.2 2.2 2.2 2.2 2.2 2.2 1.6 0.9 0.3 0.4 1.9 2.2 1.9 -1.9 -1.9 -1.9 -1.9 0.6 2.3 2.2 2.6 4.7 3.9 4.7 1.8 4.1 2.8 0.3 3.8 4.6 6.1 5.5 4.7 5 1.4 0 -1.9 -1.9 -1.9 -1.9 -1.9 -1.9 -1.9 -1.9 -1.9 8.9 7.6 7.6 8 8.6 8 9.5 7.4 5.8 -1.9 -1.9 -1.9 -1.9 -1.9 -1.9 -1.9 -1.9 -1.9 -1.9 -1.9 -1.9 -1.9
6.2 1.1 1.1 2.9 1.1 4.8 4.2 5 6.5 7.3 6.2 3.8 2.2 2.2 2.2 2.2 2.2 2.2 2.2 4.2 3.3 2.2 2.2 2.2 2.2 2.2 4.6 2.2 1.8 1.4 2.2 4.3 2.2 2.2 2.2 1.1 -1.9 1.2 1.4 2.4 2.2 2.2 2.2 2.2 2.2 3.1 4.1 3 5.3 4.7 2.8 5.7 5.4 5.4 4 2 0 -1.9 -1.9 -1.9 -1.9 -1.9 -1.9 -1.9 -1.9 -1.9 -1.9 6.3 6.8 7.3 7.1 6.8 7.2 2.2 -1.9 -1.9 -1.9 -1.9 -1.9 -1.9 -1.9 -1.9 -1.9 -1.9 -1.9 -1.9 -1.9 -1.9
1.1 1.1 1.1 4.3 2.7 4.2 4.3 3.5 3.9 6.6 6.1 2.2 3.7 2.2 2.2 2.2 2.2 2.2 4.8 5 5.1 5.1 2.2 2.2 2.2 2.2 2.2 6.5 4.5 2.2 2.2 3.1 5.7 5.2 5 4.5 4.2 3.5 2.6 4 4.1 3 4.3 4.2 4.1 4.7 2.3 2.2 2.2 2.2 2.2 2.2 4.7 4.4 5 1.8 -1.9 -1.9 -1.9 -1.9 -1.9 -1.9 -1.9 -1.9 -1.9 -1.9 -1.9 -1.9 -1.9 -0.8 2.2 -1.9 -1.9 -1.9 -1.9 -1.9 -1.9 -1.9 -1.9 -1.9 -1.9 -1.9 -1.9 -1.9 -1.9 -1.9 -1.9 -1.9
5.6 1.1 1.1 4.2 4.3 5.7 5.6 5 5.4 5.3 2.2 2.2 2.2 2.2 2.2 2.2 2.2 4 4.8 4.7 4.3 3.5 2.2 2.2 2.2 2.2 2.2 2.2 5.7 7 4.8 5.2 5.7 6.3 6.6 5.9 5.2 5.4 5.3 4.8 4 4 5.6 5.6 5.9 5.8 4.5 5.5 6.5 3.9 2.2 2.2 4.6 2.2 4.9 2.9 -1.9 -1.9 -1.9 -1.9 -1.9 -1.9 -1.9 -1.9 -1.9 9.9 7 9.3 -1.9 -1.9 5.8 5.5 -1.9 -1.9 -1.9 -1.9 -1.9 -1.9 -1.9 -1.9 -1.9 -1.9 -1.9 -1.9 -1.9 -1.9 -1.9 -1.9
5.8 5.4 1.8 5.3 3.4 6.5 6.6 5.9 5.7 5.3 4.5 2.2 2.2 2.2 2.2 2.2 2.2 2.8 2.2 3.3 2.8 3.5 6.1 5.3 3.2 2.2 2.2 2.2 2.2 2.8 5.3 4.7 5.3 5.5 5.6 5.9 -1.9 -1.9 4.7 6.2 6.2 4 4 6.9 7.1 7 6.7 7.1 6.4 7 6.4 6.2 5.3 6.1 6.2 5.9 4.3 1 -1.9 -1.9 5 8.5 5.6 4.9 10.8 11.9 8.7 9.5 9.5 8.2 5.8 6.1 6 7.2 9 6.6 -1.9 -1.9 -1.9 -1.9 -1.9 -1.9 -1.9 -1.9 -1.9 -1.9 -1.9 -1.9
8 6.3 6.8 6.2 5.6 3.6 6 6.2 5.8 5.3 3.7 4.6 2.2 2.2 2.2 2.2 2.2 2.2 2.2 2.2 2.7 5.1 6.9 7.5 2.2 2.2 2.2 2.2 2.2 2.2 2.2 -1.9 -1.9 -1.9 5.2 5.5 -1.9 -1.9 -1.9 6 6.7 6.6 6.3 7 7.8 7.4 7.7 6.8 6 5.8 5.2 3 5.5 7.9 6.8 6.7 5.9 5.6 6.1 3.1 6.9 8.2 7.9 7.7 10.6 11.2 10.7 8.7 8.9 7.8 6.2 6.6 1.2 2.2 3.1 -1.9 -1.9 -1.9 -1.9 -1.9 -1.9 -1.9 -1.9 -1.9 -1.9 -1.9 -1.9 -1.9
4.5 4.5 4.5 10.2 7 5.8 5.6 5.4 5.5 5.5 4.6 4.3 3.8 2.2 4.3 2.2 2.2 2.2 2.2 2.2 2.2 2.2 6.6 7.9 6.8 3.5 2.2 2.2 2.2 2.2 2.2 -1.9 -1.9 -1.9 -1.9 -1.9 5.1 -1.9 -1.9 6 7 7.7 7.7 7.5 6.3 7.2 7.7 6.8 6.2 4.6 1.3 1.3 1.6 4.4 7.4 7.5 6.9 7 6.8 7.2 9.2 9.5 9.3 9.8 10.4 10.4 9.5 6.5 7 6.1 5 1.4 -1.2 -1.9 -1.9 -1.9 -1.9 -1.9 -1.9 -1.9 -1.9 -1.9 -1.9 -1.9 -1.9 -1.9 -1.9 -1.9
4.5 4.5 8.7 10.5 7.6 7 7.4 7.3 6.9 5.6 4.6 3.8 3.6 3.7 3.9 2.2 2.6 2.2 2.2 2.2 2.2 2.2 2.6 6.5 6.7 6.4 3.1 2.2 2.2 2.2 3.6 6.8 6.3 -1.9 -1.9 -1.9 4.7 -1.9 -1.9 5.6 6.7 7.2 7.3 7.1 7.1 7.7 7.2 7.1 5.9 1.3 1.3 1.3 1.3 1.3 7.2 8.1 8.2 7.9 8 8.7 9.8 10.9 11.8 10.3 11.9 11.3 9.7 6.5 2.2 7.3 1 -1.9 -1.9 -1.9 -1.9 -1.9 -1.9 -1.9 -1.9 -1.9 -1.9 -1.9 -1.9 -1.9 -1.9 1.3 -1.9 -1.9
5.6 4.9 6.9 8.3 7.9 7.3 7.8 8.2 8.5 7.7 3.4 -1.9 3.3 -1.9 3.6 3.7 4.8 2.2 2.2 2.2 2.2 2.2 3 2.2 3.8 4.5 5 2.2 2.2 3.1 2.2 6.5 7.9 6.9 -1.9 -1.9 -1.9 -1.9 -1.9 -1.9 5.3 6.8 5.7 7.5 6.9 7.8 5.9 2.1 4.6 1.3 1.3 1.3 1.3 1.3 6.7 8.1 9 9.4 9.1 10.3 10.4 8.4 8.4 8.4 10 11.3 10.5 7.5 4.4 -0.2 -1.9 -1.9 -1.9 -1.9 -1.9 -1.9 -1.9 -1.9 -1.9 -1.9 -1.9 -1.9 -1.9 5.2 6 6.2 4.7 7.6
7.4 6.7 6.7 7 7.3 7.5 7.5 7.7 8 6.6 -1.9 -1.9 -1.9 -1.9 5.1 2.6 2.2 2.6 4.5 5.1 3.1 2.8 3.3 5.6 5.1 5.4 5.1 2.2 2.2 2.2 2.2 4.2 7.1 6.7 5.2 -1.9 -1.9 -1.9 -1.9 -1.9 5.6 6.8 5.6 5.4 5.6 7.4 3.6 1.3 1.3 1.3 1.3 1.3 1.3 2.8 6.4 7.5 8.9 10 10.9 11.2 10.7 8.4 8.4 8.4 10 11.3 11.9 9.5 7.5 2.5 -1.9 -1.9 -1.9 -1.9 -1.9 -1.9 -1.9 -1.9 -1.9 -1.9 -1.9 -1.9 -1.9 2.2 6.2 7.5 10.1 12
7.4 5.6 3.5 5.3 5.1 6.8 6.5 6.7 7.3 6.7 6.2 5.4 -1.9 -1.9 -1.9 -1.9 -1.9 0.9 2.7 5.8 4.2 3.1 4.9 5.3 6.4 5.9 7.6 4.6 2.2 2.2 2.2 3.2 5.2 6.4 5.7 5.4 5.3 -1.9 -1.9 6.3 7 7.2 6.6 5.4 7.3 4.8 1.3 1.3 1.3 1.3 4.5 1.3 1.3 7 7.1 7.4 8.7 9.9 11.1 11.5 11.6 11.8 8.4 8.4 8.4 8.4 10.6 10.1 8.9 5.5 -1.9 -1.9 -1.9 -1.9 -1.9 -1.9 -1.9 -1.9 -1.9 -1.9 -1.9 -1.9 -1.9 7.6 9.1 9.8 11.2 11.8
8.3 7.3 5.5 5.4 4.9 2.6 3.9 5 5 5 6 6.9 5.8 -1.9 -1.9 -1.9 -1.9 -1.9 3.4 2.2 3.9 4.1 6.3 9.3 10.3 8.2 8 7.5 2.2 2.2 2.7 4.8 5.1 5.7 5.5 5.4 5.4 6.1 6.4 6.2 6 7.7 7.7 6.4 1.3 1.3 1.3 5.1 2.1 1.3 5.9 6.5 6.2 7 7.9 5.5 8.5 9.7 10.9 12 12.1 11.6 9.4 9.9 8.4 10 10.4 9.1 8.5 1.6 -1.9 -1.9 -1.9 -1.9 -1.9 -1.9 -1.9 -1.9 -1.9 -1.9 -1.9 -1.9 -1.9 9.3 9.9 10.5 10.9 11.6
7.6 8.2 6.5 6.6 6.4 2.2 4.8 3.5 -0.6 -1.6 4.3 4.8 -1.9 4.6 -1.9 -1.9 -1.9 -1.9 -1.9 -1.9 -1.9 -1.9 4.2 5.2 8.1 7.6 6.3 5.7 5.3 2.2 2.2 4.6 4.7 5.4 5.2 5.2 5.7 6.5 7 7.2 7.1 7.7 7.4 6.3 4.8 1.3 1.3 5 6.4 5.3 5.4 4.7 3.1 3.1 3.1 3.1 5.1 7.9 11.1 12.5 12.8 12.7 11.6 12 11.3 10.6 9.9 9 7.6 -1.9 -1.9 -1.9 -1.9 -1.9 -1.9 -1.9 -1.9 -1.9 -1.9 -1.9 -1.9 -1.9 -1.9 -1.9 7.9 10.2 10.4 10.6
-1.9 -1.9 -1.9 -1.9 -1.9 -1.9 -1.9 4.8 4.3 6.2 4.7 2.2 -1.9 -1.9 -1.9 -1.9 -1.9 -1.9 -1.9 -1.9 -1.9 -1.9 -1.9 -1.9 2 5.8 7.8 8.1 5.3 5.8 2.9 -1.9 -1.9 5.4 5.3 4.9 4.8 6.7 7.1 6.9 7.8 9 8.3 7.8 7.4 6.3 1.3 1.3 1.3 1.3 3.9 3.3 3.1 4.4 3.1 5.1 9.3 9.7 12.5 12.9 13.7 14.1 12.9 12.6 12.4 11 9.7 8.9 7.1 2.9 -1.9 -1.9 -1.9 -1.9 -1.9 -1.9 -1.9 -1.9 -1.9 -1.9 -1.9 -1.9 -1.9 -1.9 -1.9 -1.9 7.6 4.2
-1.9 -1.9 -1.9 -1.9 -1.9 -1.4 -1.9 0.4 0.7 1.8 3 -1.9 -1.9 -1.9 -1.9 -1.9 -1.9 -1.9 0.4 -1.9 -1.9 -1.9 -1.9 -1.9 -1.9 -1.9 -1.9 5 5.9 7 5.5 -1.9 -1.9 4 -1.9 -1.9 -1.9 4.7 4.8 6.4 7.5 10.4 12.2 8.9 6.8 5 1.3 1.3 1.3 1.3 5.9 5.8 5.9 6.8 7.7 8.6 10.9 11.4 11.4 12.6 11.7 11.3 12.3 12.2 12.7 10.2 9.1 7.7 7.1 5.5 -1.9 -1.9 -1.9 -1.9 -1.9 -1.9 3.4 -1.9 -1.9 -1.9 -1.9 -1.9 -1.9 -1.9 -1.9 -1.9 -1.9 2.2
8.7 6.7 6 -1.9 -1.9 6.6 4.9 -1.9 -1.9 -1.9 -1.9 -1.9 -1.9 -1.9 -1.9 -1.9 -1.9 -1.9 -1.9 7.1 -1.9 -1.9 -1.9 -1.9 -1.9 -1.9 -1.9 -1.9 4.3 5.7 5.3 6.9 6.6 4.9 -1.9 -1.9 -1.9 -1.9 -1.9 4.6 7.4 12.6 12.1 8.1 7.1 6.1 1.3 1.3 1.6 1.3 9.2 8 7.2 7.7 8.4 9 9.9 11.6 11.6 12.8 12.9 11.5 11.7 12.2 12.7 10.9 8 7 7.5 7.3 4 -1.9 -1.9 -1.9 -1.9 -1.9 -1.9 -1.9 -1.9 -1.9 -1.9 -1.9 -1.9 -1.9 -1.9 -1.9 -1.9 -1.9
6.1 5.5 5.7 6.3 5.2 5.6 5.2 5.6 5.3 -1.9 -1.9 -1.9 -1.9 -1.9 -1.9 -1.9 -1.9 -1.9 -1.9 -1.9 -1.9 -1.9 6.1 -1.9 -1.9 -1.9 -1.9 -1.9 0.6 3.8 2.8 4.8 6.2 3.9 -1.9 -1.9 -1.9 -1.9 -1.9 1.7 6.2 11.6 10.1 9 7.9 7.3 6.3 1.3 1.3 3.9 8 13.6 9.9 8 8.6 7.9 10.3 11 11.3 11.2 11.2 11.5 11.7 11.6 12.3 12.5 8.3 5.6 7.1 9 7.2 -1.9 -1.9 -1.9 -1.9 -1.9 -1.9 -1.9 -1.9 -1.9 -1.9 -1.9 -1.9 -1.9 -1.9 4.7 6.1 5.7
3.5 -1.9 -1.9 -1.9 -1.9 5 5.5 5.4 4.9 4.5 -1.9 -1.9 -1.9 -1.9 -1.9 -1.9 -1.9 -1.9 -1.9 -1.9 -1.9 -1.9 0.2 5.5 1.9 5.2 -1.9 -1.9 2.9 -1.9 -1.9 2.2 5.9 5.5 -1.9 -1.9 -1.9 4.2 3.4 2.2 5.7 7.9 7.9 8.2 8.8 9 6 3.2 1.3 1.3 5.7 10.2 11.8 8.9 8.3 7.2 8 9.1 10.6 10.2 10.5 10.9 11.2 11.6 12.1 10.1 7.6 5.6 7 6.8 4.7 -1.9 -1.9 -1.9 -1.9 -1.9 -1.9 -1.9 -1.9 -1.9 -1.9 -1.9 -1.9 -1.9 -1.9 2.2 8.3 10.8
4.7 -1.9 -1.9 -1.9 -1.9 -1.9 6.5 4.2 -1.9 -1.9 -1.9 -1.9 -1.9 -1.9 -1.9 -1.9 -1.9 -1.9 -1.9 -1.9 3.5 -1.9 -1.9 4.6 -1.9 -1.9 -1.9 -1.9 -1.7 -1.9 -1.9 -1.9 -1.9 5.8 -1.9 -1.9 -1.9 -1.9 -1.9 -1.9 4.7 7.5 6.7 5.7 6.1 5.9 5.2 3.1 1.3 1.3 1.3 4.8 6.4 7.1 7.5 6.8 7.1 8.2 11.5 9.8 10.1 10.4 11.8 5.8 7.7 8.8 7 5.6 7.9 5.4 1.4 -1.9 -1.9 -1.9 -1.9 -1.9 -1.9 -1.9 -1.9 -1.9 -1.9 4 8 8.5 9 9.7 8.8 13.7
-1.9 -1.9 -1.9 -1.9 -1.9 -1.9 2.2 5.6 -1.9 -1.9 -1.9 -1.9 -1.9 -1.9 -1.9 -1.9 -1.9 -1.9 -1.9 -1.9 -1.9 -1.9 2.1 1.2 -1.9 -1.9 -1.9 -1.9 -1.9 -1.9 -1.9 -1.9 -1.9 0.6 -1.9 -1.9 -1.9 -1.9 -1.9 -1.9 4.8 5.6 6 6.5 5.6 5.6 5.6 2.6 3.9 2.9 1.9 1.3 1.3 3 5.5 7.8 9.5 9 8.6 8.6 9.4 9.7 4.6 3 7.8 7.2 5.6 5.6 6.5 5.2 2.2 0.8 0.3 -1.9 -1.9 -1.9 -1.9 -1.9 -1.9 -1.9 -1.9 5.3 8.6 11.8 14.3 16.5 16.1 18.2
-1.9 -1.9 -1.9 -1.9 -1.9 -1.9 5.2 2.2 -1.9 -1.9 -1.9 -1.9 -1.9 -1.9 -1.9 -1.9 -1.9 -1.9 -1.9 -1.9 -1.9 -1.9 -1.9 -1.9 -1.9 -1.9 -1.9 -1.9 -1.9 -1.9 -1.9 -1.9 -1.9 -1.9 -1.9 -1.9 -1.9 -1.9 -1.9 3.2 4.9 5.7 6 6.3 6 7.2 7.9 6.8 5.6 6.1 6.5 6.9 5.5 4.4 8.8 9 8.6 8.9 8.7 8.8 8.7 8.3 6.6 3 7.3 8.6 5.6 5.6 6.5 6.9 8.3 5.5 2.2 6.7 -1.9 -1.9 -1.9 -1.9 -1.9 -1.9 -1.9 3.9 8.9 12.8 15.9 18.4 21 23.3
-1.9 -1.9 1 1.3 -1.9 -1.9 -1.9 -1.9 -1.9 -1.9 -1.9 -1.9 -1.9 -1.9 -1.9 -1.9 -1.9 -1.9 -1.9 -1.9 -1.9 -1.9 -1.9 -1.9 -1.9 -1.9 -1.9 -1.9 -1.9 -1.9 -1.9 -1.9 -1.9 -1.9 -1.9 -1.9 -1.9 -1.9 -1.9 -1.9 4.5 6.1 6.5 7.1 7.6 5.1 7.1 8.8 6.4 5.1 7.9 7.6 8 8.4 9.7 9.9 9.3 9.3 9.1 8.5 7.4 4.1 6.9 3 7.4 7.9 6.6 5.6 6 6.6 9.5 8.5 5.3 2.6 2.3 -1.9 -1.9 -1.9 -1.9 -1.9 -1.9 6.4 9.6 13.9 18.1 19.6 22.1 24.5
-1.9 -1.9 -1.9 -1.9 -1.9 -1.9 -1.9 -1.9 -1.9 2.8 -1.9 -1.9 -1.9 -1.9 -1.9 -1.9 -1.9 -1.9 -1.9 -1.9 -1.9 -1.9 -1.9 -1.9 -1.9 -1.9 -1.9 -1.9 -1.9 -1.9 -1.9 -1.9 -1.9 -1.9 -1.9 -1.9 -1.9 -1.9 -1.9 -1.9 5 6.6 7 7.7 5.8 5.1 5.1 5.1 5.1 5.7 9.6 8.7 9 9.3 12.4 11.2 10.2 9.7 9.2 8.1 3.2 3 3 3 7.5 7.8 8.3 8.3 6.4 6.8 9.8 9.5 6.8 5.4 5.1 -1.9 -1.9 -1.9 -1.9 -1.9 8 8.7 9.3 13.8 17.6 20.8 24.4 26.1
-1.9 -1.9 -1.9 -1.9 -1.9 0.5 1.8 -1.9 -1.9 -1.9 -1.9 -1.9 -1.9 -1.9 -1.9 -1.9 -1.9 -1.9 -1.9 -1.9 -1.9 -1.9 -1.9 -1.9 -1.9 -1.9 -1.9 -1.9 -1.9 -1.9 -1.9 -1.9 -1.9 -1.9 -1.9 -1.9 -1.9 -1.9 -1.9 -1.9 -1.9 5.9 8 8.7 10 5.1 5.1 5.1 5.1 9.3 9.2 9.4 9.9 9.6 12.6 10.7 10.3 9.8 7.3 8.8 7.8 3 3 3 7.4 8.5 8.8 8.5 7.7 6.9 8.4 7.2 5.5 5 5.4 1.5 -1.9 -1.9 -1.9 1.8 7.7 9.1 14 14.4 22.8 26 29.2 30.7
-1.9 -1.9 -1.9 -1.9 -1.9 -1.9 -1.9 -1.9 -1.9 -1.9 -1.9 -1.9 2.3 5.7 6 4.9 2.7 -1.9 -1.9 -1.9 -1.9 -1.9 -1.9 -1.9 -1.9 -1.9 -1.9 -1.9 -1.9 -1.9 -1.9 -1.9 -1.9 -1.9 -1.9 -1.9 -1.9 -1.9 -1.9 -1.9 -1.9 4.5 6.5 7.5 7.6 8.3 5.6 5.1 5.8 8.6 8.9 9.1 8.8 6.4 8.4 7.8 8.5 8.7 4.3 8.6 7.7 3.4 7.8 6.9 6.6 8.3 8.9 8.6 7.5 7.6 5.7 5.1 4 4.3 2.5 1.6 -1.9 -1.9 0 4.7 7.8 11.6 13.8 16.7 23.3 27.9 31 32.2
-1.9 -1.9 -1.9 -1.9 -1.9 -1.9 -1.9 5.6 -1.9 -1.9 -1.9 -1.9 -1.9 -1.9 -1.9 6.7 6.4 -1.9 -1.9 -1.9 -1.9 -1.9 -1.9 -1.9 -1.9 -1.9 -1.9 8.6 7.4 -1.9 -1.9 -1.9 -1.9 -1.9 -1.9 -1.9 -1.9 -1.9 -1.9 -1.9 -1.9 -1.9 8 7 6.9 7.4 7.1 7.5 5.1 8.7 8.8 8.8 8.2 4.3 4.3 4.3 4.3 4.3 8.5 8.5 8 7.2 6.3 5.2 6.7 7.5 8.1 7.3 5.8 4.2 3 2.9 2.2 3.9 4.2 5.1 -1.9 -1.9 5 10.5 11.4 12.5 16.6 19.4 28 32.7 37.3 38
-1.9 -1.9 -1.9 -1.9 -1.9 -1.9 -1.9 -1.9 6.2 6 4.1 5 -1 -1.9 -1.9 -1.9 -1.9 -1.9 3.4 3 -1.9 -1.9 -1.9 -1.9 -1.9 -1.9 -1.9 -1.9 7.7 6.9 -1.9 -1.9 -1.9 -1.9 -1.9 -1.9 -1.9 -1.9 -1.9 -1.9 -1.9 -1.9 3.8 4.7 4.9 6.1 6.4 7 7.3 8.4 8.4 8.5 7.3 4.3 4.3 8.3 6 9.1 9 8.7 9 9.3 7.7 3.7 3.7 3.7 6.6 7.7 5 2.2 2.2 2.2 2.2 2.9 5.5 7.1 11.3 12.2 11.1 15 17.7 15.6 15.3 17.1 21.2 28.8 33.4 34.6
-1.9 -1.9 -1.9 -1.9 -1.9 -1.9 -1.9 -1.9 2.2 6.5 7.1 5.1 6.3 6.2 -1.9 -1.9 -1.9 -1.9 -1.9 -1.9 -1.9 -1.9 -1.9 -1.9 -1.9 -1.9 -1.9 -1.9 -1.9 -1.9 6.2 -1.9 -1.9 -1.9 -1.9 -1.9 -1.9 -1.9 4.8 6.5 4.4 4.5 5.2 4.8 4.9 5.2 6.5 6.5 6.5 7.1 7.7 8.7 4.8 4.3 4.3 7.2 7.8 9.6 10.5 10.4 10.7 11 11.4 8.6 3.7 4.4 7 6.9 3.5 2.2 2.2 2.2 2.2 3.1 7.8 12.9 19 16.8 17.3 16.4 18.4 18.9 19.3 16.6 20.1 23.8 27.9 29.9
-1.9 6.7 4.9 -1.9 4.6 5 6.3 5.1 2.2 2.2 2.2 1.4 6.2 7.6 8.1 7.7 7.4 5.9 6.1 -1.9 -1.9 -1.9 -1.9 -1.9 -1.9 -1.9 -1.9 -1.9 -1.9 -1.9 -1.9 5.3 4.9 -1.9 -1.9 -1.9 -1.9 -1.9 2.9 4.8 4.9 5.3 4.8 6.2 6.2 5.9 7 7.8 7.6 8.1 8 5.7 4.3 4.3 4.3 6.5 6.6 10.6 11.3 11.9 11.7 11.4 10.8 9.7 6.2 3.7 9.2 7.2 5.3 3.1 3 5.2 5.5 7.3 8.6 13.9 16.6 18.5 19.8 18.4 18.8 19.2 18.8 17.1 18.7 22.5 26.8 28.9
-1.9 -1.9 -1.9 -1.9 2.4 1.6 4 4.4 2.3 2.2 2.2 -1.9 -1.9 7.7 9.9 10 9.5 8.2 7.3 7.1 6.9 7.7 -1.9 -1.9 -1.9 -1.9 -1.9 -1.9 -1.9 -1.9 -1.9 -1.9 5 5.7 -1.9 -1.9 -1.9 -1.9 3.9 3.4 4.3 5.5 5.5 5.3 7.4 7.4 7.4 8.9 8.2 8.5 8.3 8.2 6.4 7.7 4.8 5.2 9.8 11.4 12.4 12.3 11.8 11.4 11 10.6 7.9 3.7 3.7 6.1 5.5 5.3 4.7 4.7 5.6 2.2 10 14.9 17.6 17.9 18.9 20.3 19.2 19.7 21.1 19.3 19.7 23.6 22.8 24
-1.9 -1.9 -1.9 -1.9 -1.9 -1.9 -1.9 -1.9 -1.9 3.4 1.8 -1.9 -1.9 2.7 7.8 8.8 8.5 7.8 7.6 7.7 8.2 3.7 3.9 3.1 -1.9 -1.9 -1.9 -1.9 -1.9 -1.9 -1.9 -1.9 -1.9 5.2 3.2 3.5 -1.9 -1.9 4.5 4.5 4.6 5.6 6 6.3 6.3 7.3 7.9 7.2 8.6 9.5 9.4 10.1 12.3 12.6 11.5 4.3 10.8 13.5 13.8 13.4 12.2 11.8 12.1 11.5 9.3 7.6 6.7 6 5.9 6.3 5.8 4.3 4.5 2.2 8.5 13.7 16 16.9 17.8 19 21.3 23.5 21.4 23.9 21.2 21.5 20 21.1
-1.9 -1.9 -1.9 -1.9 -1.9 -1.9 -1.9 -1.9 -1.9 -1.9 -1.9 -1.7 1.6 6.4 7.4 7.9 6 6.6 3 3 3 3 3 6.8 5.7 5.6 7.7 -1.9 -1.9 -1.9 -1.9 -1.9 -1.9 -1.9 -1.9 3 -1.9 4.5 4.2 5.3 5.8 6.7 7 9.3 8 9.5 13.1 13 10.5 11.6 11.9 12.2 13.1 12.5 12.2 12.3 11.2 12.1 13.5 13.9 12.4 12.3 12.6 12.2 11.5 13.7 11.3 7.9 7.5 6 5 3.8 8.7 2.2 7.1 10.9 14.9 15.6 17.1 19.4 21.8 25 24.5 18.6 19.9 20.9 18.1 16.9
-1.9 -1.9 -1.9 -1.9 -1.9 -1.9 -1.9 -1.9 -1.9 -1.9 -1.9 -1.9 -1.9 -1.9 -1.9 6.9 7.4 4.4 3 4.5 3 3 6.2 5.1 7 6.2 6.1 6.7 6.5 -1.9 -1.9 -1.9 -1.9 -1.9 -1.9 -1.9 6.4 6.4 7.4 9.1 9.4 9.9 12 12.4 11.5 9.9 13 12.3 11.2 11.4 10.8 11.8 12.3 12.5 12.3 11.9 11.7 11.9 13.7 14.5 12.8 12.2 11.8 11.4 11.5 12.4 11.7 10.2 8 5.7 3.2 2.2 2.2 2.2 4.5 10.8 13 15.2 14.9 18.2 18.9 17.8 17.4 17.3 20.2 20.3 18.9 18.9
-1.9 -1.9 -1.9 -1.9 -1.9 -1.9 -1.9 -1.9 -1.9 -1.9 -1.9 -1.9 -1.9 -1.9 -1.9 -1.9 7.6 5.4 5.5 3 3 3 7.4 6.7 4.5 4.5 4.3 5.2 6.3 6.2 -1.9 -1.9 -1.9 -1.9 -1.9 -1.9 -1.9 4.9 6.1 7.3 8.6 11.2 14.3 13.3 12.6 11.9 9.9 9.8 8 10.9 7.4 11.8 11.1 12.2 12.4 12.5 12.8 12.8 14.7 13.8 13 12.1 9.7 9.7 9.7 9.7 10.2 10.8 9.9 8.1 3.9 2.2 2.2 2.2 2.2 7 9.3 13.7 12.9 13.5 13.9 17.8 15.6 14.2 10 11.8 13.3 13.1
-1.9 -1.9 -1.9 -1.9 -1.9 -1.9 -1.9 -1.9 -1.9 -1.9 -1.9 -1.9 -1.9 -1.9 -1.9 -1.9 6.6 8.2 8.1 7.8 7.6 7.8 8.1 7.4 6.1 4.5 5 3.4 5.6 4.6 4 -1.9 -1.9 -1.9 2.4 5.5 5.9 5.7 5.8 6.4 6.9 9.1 10.5 10.7 11.2 10.5 8.7 8.1 6.8 6.8 6.8 8.2 8 11 12.7 12.5 15.7 15.3 15 14 13.3 12.7 9.7 9.7 9.7 9.7 11.7 11.6 10.6 8.8 8.2 8.6 7.4 2.2 2.2 2.7 8.3 9 11.5 13.2 12.8 8.9 11.8 11.3 5.3 10.1 13.7 11.5
-1.9 -1.9 -1.9 2.4 -1.9 -1.9 -1.9 -1.9 -1.9 -1.9 -1.9 -1.9 -1.9 -1.9 4.2 -1.9 -1.9 6.1 6.1 6.5 6.4 6.5 7.2 6.3 6.4 5.9 4.4 2.2 2.2 5.4 4.7 4.7 -1.9 -1.9 5.3 5 5.5 5.8 6.4 5.5 7.3 7.3 7 8.2 9.5 8.8 8.4 10.2 11.4 9.7 6.8 6.8 6.8 7.7 9.7 10.6 15.4 15.6 16 14.8 14.5 14.9 16.7 9.7 14.7 13.5 12.6 12.3 11.8 10.7 8.7 6.9 5.6 2.2 2.2 2.2 8.2 10.2 12.9 10.1 10.2 5.3 5.7 6 5.3 6.8 14.7 11.7
6.2 -1.9 -1.9 7 -1.9 -1.9 -1.9 -1.9 -1.9 -1.9 -1.9 -1.9 -1.9 -1.9 -1.9 -1.9 -1.9 4.6 5.9 6.6 6.8 6.5 6 5.2 6.2 6.3 5.4 5.7 4.3 2.2 2.2 2.2 -1.9 -1.9 3.2 7 9.7 9.1 7.7 4.6 6.2 6.1 6.8 7 6.8 7.8 9.4 12.1 12.8 10.2 6.8 7.7 8.7 12.4 10.3 10.8 13.6 15 15.9 15 14.4 17.2 17 14.5 14.7 15.1 13.7 12.6 13.1 13.3 8.3 3.5 4.7 6 6.8 2.2 4.9 4.8 4.5 8.2 8.9 5.3 5.3 5.3 5.3 5.3 11.1 13.7
7.2 8 8.7 8.4 6.9 4 -1.9 -1.9 -1.9 -1.9 -1.9 -1.9 3.1 -1.9 -1.6 -1.9 -1.9 -1.9 4.3 5.8 6.7 6.8 6.5 5.3 3.8 4.1 3.8 2.2 2.2 4.3 2.1 2.4 -1.9 4.1 8.6 11.1 11 9.3 7.7 2.2 2.2 7 6.2 4.6 3.6 6.5 7.6 8.4 10.4 10.4 8.5 8.2 11.8 12.5 11.6 13 15.9 14.4 13.8 13.7 13.8 14.6 15.2 16.2 15.4 15.7 14.8 13.3 16.2 14.1 10.9 3.5 5.1 5.7 5.8 2.2 2.2 8.1 9 8.8 7.4 7.5 5.3 6 15.2 12.1 12.1 17.2
