app/static/ascii/NF98.asc
ncols 200
nrows 200
xllcorner 90000
yllcorner 880000
cellsize 50
[rows 152 to 189 of 200, columns 0 to 83 of 200]
-2.1 -2.1 -2.1 1.1 3.5 6.4 9.3 10.2 9.5 8.8 8 7.3 6.9 7.1 7.3 7.6 7.8 8 8.3 8.5 7.1 7.2 7.8 7.9 8.1 8.2 8.4 8.5 8.6 8.6 7.5 7.4 7.4 7.4 7.4 7.4 7.4 7.4 7.4 10.6 14.6 21.5 27.8 29.4 30.1 32.2 29 30.2 35.1 36.3 27.1 28.6 31 28.1 23.1 16.7 17.9 19.6 12.9 13.5 13 10.9 11.3 9.9 10 11.9 2.1 1.4 0.2 -0.9 -2.1 -2.1 -2.1 -2.1 -2.1 -2.1 -2.1 -2.1 -2.1 -2.1 -2.1 -2.1 -2.1 -2.1
-2.1 -2.1 0.1 2.2 4.6 7.3 10.2 9.6 8.7 7.7 7.1 7 7 7.2 7.4 7.6 7.8 8.1 8.3 8.5 8.7 8.3 7.7 7.7 8 8.2 8.2 8.3 8.4 7.9 7.4 7.4 7.4 7.4 7.4 7.4 9.8 7.4 7.5 10.3 15.9 24.1 30.3 31.5 31.3 30.2 31.2 28.6 31.7 34.3 32.3 21.1 26.1 23.8 21.5 19.5 15.1 15.8 15.1 10.2 11.1 10.6 10.8 10.1 11.2 12 2 0.5 -0.8 -2.1 -2.1 -2.1 -2.1 -2.1 -2.1 -2.1 -2.1 -2.1 -2.1 -2.1 -2.1 -2.1 -2.1 -2.1
-2.1 -0.7 1 5.4 9.1 10.1 9.1 8.1 7.3 7.3 7.2 7.1 7.1 7.3 7.5 7.7 7.9 8.1 8.4 8.6 8.8 8.9 8.6 8.2 8.1 8.2 8.1 8.1 8 7.4 7.4 7.4 7.4 7.4 7.4 7.4 10.6 7.9 8.3 10.9 16.8 26.4 31.2 34.7 32.6 31.6 31.6 28 28.7 30.8 30.9 17.8 19 20.4 19 18.7 14.8 15 15 9.2 10.9 10.6 10.7 9.2 10.1 11.5 1.9 0 -2.1 -2.1 -2.1 -2.1 -2.1 -2.1 -2.1 -2.1 -2.1 -2.1 -2.1 -2.1 -2.1 -2.1 -2.1 -2.1
-2.1 0.4 2.5 9.6 10.9 8.6 7.6 7.5 7.5 7.4 7.3 7.2 7.2 7.4 7.6 7.8 8 8.2 8.5 8.7 8.9 9 9.1 9 8.4 8.1 8 7.8 7.5 7.4 7.4 7.4 7.4 7.4 7.4 7.4 13.9 13.5 8.8 10.8 15 24.4 31.5 35.8 38.2 35.9 32.3 28.7 27.5 26.5 28 20.4 16.9 17.3 17.6 18.3 16.4 14.1 12.4 11.9 7.6 10.2 10 9.8 9.9 10.4 2 -0.3 -2.1 -2.1 -2.1 -2.1 -2.1 -2.1 -2.1 -2.1 -2.1 -2.1 -2.1 -2.1 -2.1 -2.1 -2.1 -2.1
-0.1 1.5 7.5 12.5 9 7.8 7.7 7.6 7.6 7.5 7.4 7.3 7.4 7.5 7.7 7.9 8.1 8.3 8.5 8.8 8.9 9.1 9.2 9.3 9.2 8.5 8 7.7 7.4 7.4 7.4 7.4 7.4 7.4 7.4 11 16.7 18.4 13.7 12.4 13.5 18.7 27 34.4 38.4 33.3 30.3 27 23.1 21 23.1 21.1 17.7 15.2 20.4 15.4 14.7 15.9 13 11.4 8.4 9 8.9 9.2 9.4 9.8 2.2 0.3 -2.1 -2.1 -2.1 -2.1 -2.1 -2.1 -2.1 -2.1 -2.1 -2.1 -2.1 -2.1 -2.1 -2.1 -2.1 -2.1
1.1 5.5 13.2 10.4 6.7 7.4 7.8 7.8 7.7 7.6 7.5 7.5 7.5 7.6 7.7 8 8.2 8.4 8.6 8.8 9 9.1 9.2 9.4 9.5 8.8 8 7.9 7.4 7.4 7.4 7.4 7.4 7.4 7.4 13.6 19.6 20.9 15.2 14.4 14 17.6 23.6 30 34.8 31.1 25.9 23.9 19.8 17.2 18.9 17.7 14.7 14 17.9 17.9 15.8 13.7 13.3 11.6 7.7 7.1 8.3 9.1 10.7 11 2.8 1 -0.7 -2.1 -2.1 -2.1 -2.1 -2.1 -2.1 -2.1 -2.1 -2.1 -2.1 -2.1 -2.1 -2.1 -2.1 -2.1
3.6 10.5 11.6 7.9 6.9 6.9 7.8 7.9 7.8 7.7 7.7 7.6 7.7 7.8 7.9 8 8.3 8.5 8.7 8.9 9 9.2 9.3 9.4 9.4 8.5 7.6 7.3 7.4 7.4 8.4 10 15.5 11.8 10.9 18.4 19.4 22.4 21.8 15 14.3 20.5 21.4 21.8 32.2 28.9 23.5 21.6 20.5 13.1 13.5 11.6 9.3 11 14.6 19.2 18 16.3 13.6 11.7 10.4 6.6 7.6 8.6 8.4 9.2 8.7 1.6 0 -2.1 -2.1 -2.1 -2.1 -2.1 -2.1 -2.1 -2.1 -2.1 -2.1 -2.1 -2.1 -2.1 -2.1 -2.1
9.3 12.9 9.1 7.3 7.2 7.1 7.3 8 7.9 7.9 7.8 7.7 7.8 7.9 8 8.1 8.3 8.6 8.8 9 9.1 9.2 9.4 9.5 9 8.1 7.2 7.6 9.8 11.4 15.7 17.4 22 23.2 17.2 17.5 22 24.2 24.5 22.7 15 15.9 22.9 26.3 33.2 25.3 23.1 21.8 19.9 15.3 10 11.7 9.8 9.9 11 18.4 17.2 18.1 15.1 10.3 10.1 10.3 7 7 6 8.7 8.8 1.7 0.2 -1.2 -2.1 -2.1 -2.1 -2.1 -2.1 -2.1 -2.1 -2.1 -2.1 -2.1 -2.1 -2.1 -2.1 -2.1
14.3 10.4 7.6 7.3 7.5 7.4 7.3 7.7 8.1 8 7.9 7.8 7.9 8 8.1 8.2 8.4 8.7 8.9 9 9.1 9.3 9.4 9.5 8.7 7.8 7.1 9.2 13.1 18.2 19.6 23.6 30.2 30.2 30 23.4 23.5 22.8 23 22.4 14 15.3 21.5 27.2 32.1 26.6 26.8 24.6 20.5 14.8 8.2 7.6 9.9 8.7 8.8 15.3 15.2 14.3 15.6 9.8 7.2 9.4 6.8 5.4 5.9 7.5 7.8 1.7 0.2 -1.3 -2.1 -2.1 -2.1 -2.1 -2.1 -2.1 -2.1 -2.1 -2.1 -2.1 -2.1 -2.1 -2.1 -2.1
11.6 8.1 7.7 7.3 7.4 7.6 7.6 7.5 8.2 8.1 8 8 8.1 8.2 8.3 8.4 8.5 8.7 8.9 9.1 9.2 9.3 9.5 9.4 8.4 7.5 7.8 10.5 15.6 21.5 25.5 28.6 34.6 36.8 36.3 30 24.4 23.6 21.2 22.1 20.3 15.3 17.6 25.2 25.4 28.8 27.5 23.9 18.3 13 7.6 2.8 4.8 6.8 6.7 5.1 11.5 11.6 11.7 11.3 5.5 6.3 5.3 5.2 6.1 6.2 8.6 2.1 0.2 -2.1 -2.1 -2.1 -2.1 -2.1 -2.1 -2.1 -2.1 -2.1 -2.1 -2.1 -2.1 -2.1 -2.1 -2.1
9.3 8.1 7.8 7.4 7.3 7.5 7.8 7.8 7.7 8.2 8.2 8.1 8.2 8.3 8.4 8.5 8.6 8.8 9 9.1 9.3 9.4 9.5 9 8 7.5 8.2 11.3 15.9 21.9 28.6 34 39.7 41.1 41.1 37.2 29.2 25.5 18.9 19.8 17.1 13.5 14.2 17.9 18.2 21.6 23.1 20.6 13.1 6.5 3.8 0.4 1 2.7 4.7 4.5 5.1 9.9 11.1 10.8 8.3 3.8 4 4.8 5.9 6.6 9.3 2.9 0.2 -2.1 -2.1 -2.1 -2.1 -2.1 -2.1 -2.1 -2.1 -2.1 -2.1 -2.1 -2.1 -2.1 -2.1 -2.1
7.5 7.5 7.9 7.5 7.2 7.4 7.7 7.9 8 8.1 8.3 8.2 8.3 8.4 8.5 8.6 8.7 8.9 9 9.2 9.3 9.4 9.6 8.7 7.7 7.5 7.8 12.3 17.3 22.9 29.3 35.5 41.2 41.6 42 41.6 35.3 27.4 21.3 16.1 16.3 12.9 10.3 11 14.2 15.8 17 13.8 5.9 -2.1 -2.1 -2.1 -2.1 0.2 2.7 3.6 3.2 5.5 9.3 10.1 8.8 4.7 4 4.5 5.4 6.3 9 3.1 0.5 -1 -2.1 -2.1 -2.1 -2.1 -2.1 -2.1 -2.1 -2.1 -2.1 -2.1 -2.1 -2.1 -2.1 -2.1
6.3 6.9 7.3 7.6 7.2 7.3 7.5 7.8 8 8.2 8.4 8.4 8.5 8.6 8.7 8.8 8.9 8.9 9.1 9.2 9.4 9.5 9.3 8.9 7.5 7.5 9.5 14.5 19.6 23.8 30 36.2 41.9 43.1 44.1 43 39.4 30.3 22.5 16.2 13.6 12 7.8 7.6 5.8 7 7.3 8.5 6.9 -2.1 -2.1 -2.1 -2.1 -2.1 1.1 2.8 1.9 2.8 5.5 8.7 9.3 9.7 3.3 4.8 6.1 6.4 8.8 4.5 1.1 -0.4 -2.1 -2.1 -2.1 -2.1 -2.1 -2.1 -2.1 -2.1 -2.1 -2.1 -2.1 -2.1 -2.1 -2.1
5.8 6.2 6.7 7.2 7.3 7.2 7.4 7.7 7.9 8.1 8.4 8.5 8.6 8.9 9.2 9.4 9.7 10 9 9.2 9.3 9.2 8.9 8.1 7.5 7.5 8.1 15.3 20.7 26.1 31.8 37.8 43.2 45.3 46.4 44.6 41.1 30.4 23.8 17.2 13.4 9.7 4 -2.1 3.3 1.9 -2.1 2.3 1 -2.1 -2.1 -2.1 -2.1 -2.1 -2.1 1.4 2.8 1.9 1.9 4 10.5 15.9 7.3 6 7.1 6.6 7.7 4.7 1.3 -0.2 -2.1 -2.1 -2.1 -2.1 -2.1 -2.1 -2.1 -2.1 -2.1 -2.1 -2.1 -2.1 -2.1 -2.1
5.2 5.6 6.1 6.6 7.1 7.1 7.3 7.5 7.8 8 8.2 8.4 8.7 9.2 9.6 10.1 10.4 10.7 9.1 9.1 8.9 8.6 8.2 7.6 7.5 7.5 8.3 15.8 22.3 28 34.9 41.4 49.3 50.1 49.1 46.8 43 33.4 22.5 13.9 8.7 6.7 4 -2.1 -2.1 -2.1 -2.1 -2.1 -2.1 -2.1 -2.1 -2.1 -2.1 -2.1 -2.1 -2.1 0.8 1.9 1.9 1.9 13.7 19.4 13.9 7.5 8.1 6.8 6.7 3.9 1.5 0 -2.1 -2.1 -2.1 -2.1 -2.1 -2.1 -2.1 -2.1 -2.1 -2.1 -2.1 -2.1 -2.1 -2.1
4.8 5.2 5.7 6.1 6.5 6.9 7.2 7.4 7.6 7.8 8 8.1 8.4 9.1 9.1 9.6 10 10.4 11 8.8 8.3 7.9 7.5 7.2 7.8 7.8 9.1 15.2 22.9 31.5 38.7 46.6 55.8 55.9 53.3 49.8 43.4 33.1 23.7 13.4 7.6 3.6 1 -2.1 -2.1 -2.1 -2.1 -2.1 -2.1 -2.1 -2.1 -2.1 -2.1 -2.1 -2.1 -2.1 -2.1 0.7 2.3 3.7 10.7 18.3 17.5 11.6 8.9 7.2 6.4 4.5 1.6 -0.1 -2.1 -2.1 -2.1 -2.1 -2.1 -2.1 -2.1 -2.1 -2.1 -2.1 -2.1 -2.1 -2.1 -2.1
4.9 5.3 5.7 6.1 6.3 6.5 6.8 7.1 7.3 7.5 7.7 7.9 8.1 8.6 9.4 9.4 9.5 9 9 8.5 8 7.6 7.1 7.3 8.8 9.7 9.4 15 24.4 34.8 43.6 52.4 60.6 60.4 56.9 52 45.3 35.6 26.9 19.4 11.1 1.8 -2.1 -2.1 -2.1 -2.1 -2.1 -2.1 -2.1 -2.1 -2.1 -2.1 -2.1 -2.1 -2.1 -2.1 -2.1 -2.1 3.4 6.7 9.1 10 13.9 9.6 8.4 7.6 6.9 4.6 1.7 -0.5 -2.1 -2.1 -2.1 -2.1 -2.1 -2.1 -2.1 -2.1 -2.1 -2.1 -2.1 -2.1 -2.1 -2.1
4.9 5.3 5.6 5.6 5.8 6.1 6.4 6.7 7 7.2 7.4 7.7 7.9 8.1 8.8 9.7 10.2 9.5 8.9 8.3 7.8 7.2 6.8 7.2 8.7 10.9 10.6 15.2 24.9 36.7 46.5 61 65.6 67.2 62.1 55.6 47.9 38.9 31.7 23.1 14.1 6.4 -2.1 -2.1 -2.1 -2.1 -2.1 -2.1 -2.1 -2.1 -2.1 -2.1 -2.1 -2.1 -2.1 -2.1 -2.1 -2.1 -2.1 9.1 9.3 8.1 8.4 6.4 7.3 8.6 7.9 4.1 0.9 -2.1 -2.1 -2.1 -2.1 -2.1 -2.1 -2.1 -2.1 -2.1 -2.1 -2.1 -2.1 -2.1 -2.1 -2.1
4.7 4.9 4.9 5.1 5.4 5.7 6 6.3 6.6 6.8 7.1 7.3 7.6 7.8 8 9.1 10.5 9.5 8.7 8.1 7.5 7 6.4 7.3 8.3 10.8 13.7 15.1 25.6 38.5 49.3 63.1 71.8 75.6 70.1 61.5 53.4 43.7 33.2 22.5 14.5 8.6 -2.1 -2.1 -2.1 -2.1 -2.1 -2.1 -2.1 -2.1 -2.1 -2.1 -2.1 -2.1 -2.1 -2.1 -2.1 -2.1 -2.1 -2.1 7.6 9.7 6.4 6.3 5.5 7.4 6.6 1.5 0 -2.1 -2.1 -2.1 -2.1 -2.1 -2.1 -2.1 -2.1 -2.1 -2.1 -2.1 -2.1 -2.1 -2.1 -2.1
4 4.3 4.4 4.7 5 5.3 5.6 5.9 6.2 6.5 6.7 7 7.2 7.4 7.6 8.3 9.3 8.5 8 7.5 7.2 6.6 6.6 7.9 8.4 11.5 17.1 18.8 26.3 38.6 50.4 66.8 78.3 82 78.5 71.2 61 50.1 37.8 26.7 19.1 10.8 6.5 -2.1 -2.1 -2.1 -2.1 -2.1 -2.1 -2.1 -2.1 -2.1 -2.1 -2.1 -2.1 -2.1 -2.1 -2.1 -2.1 -2.1 -2.1 7.3 7.2 5.2 4.9 3.7 1.2 -0.2 -2.1 -2.1 -2.1 -2.1 -2.1 -2.1 -2.1 -2.1 -2.1 -2.1 -2.1 -2.1 -2.1 -2.1 -2.1 -2.1
3.4 3.6 4 4.3 4.6 4.9 5.2 5.5 5.8 6.1 6.4 6.6 6.8 7.1 7 7.1 8.6 7.9 7.3 6.8 6.4 6.3 7.1 8.8 10.3 12.1 16.8 20.7 28.7 36.7 49 60.3 80 84.5 82.3 75.1 66.4 55.6 43 31.6 21.3 11.4 8.6 -2.1 -2.1 -2.1 -2.1 -2.1 -2.1 -2.1 -2.1 -2.1 -2.1 -2.1 -2.1 -2.1 -2.1 -2.1 -2.1 -2.1 -2.1 -2.1 4.9 3.9 1.1 0.4 -2.1 -2.1 -2.1 -2.1 -2.1 -2.1 -2.1 -2.1 -2.1 -2.1 -2.1 -2.1 -2.1 -2.1 -2.1 -2.1 -2.1 -2.1
2.9 3.2 3.5 3.9 4.2 4.5 4.8 5.1 5.4 5.7 6 6.3 6.5 6.7 6.4 6.1 6.9 6.2 5.6 4.6 5.1 6.2 7.2 8.3 10.4 13.9 19.3 22.7 28 35 45.2 56.6 69.7 80.7 79.6 75.6 68.1 58 48.4 37.3 27.9 16.3 10.3 3.5 -2.1 -2.1 -2.1 -2.1 -2.1 -2.1 -2.1 -2.1 -2.1 -2.1 -2.1 -2.1 -2.1 -2.1 -2.1 -2.1 -2.1 -2.1 -2.1 -2.1 -2.1 -1.4 -2.1 -2.1 -2.1 -2.1 -2.1 -2.1 -2.1 -2.1 -2.1 -2.1 -2.1 -2.1 -2.1 -2.1 -2.1 -2.1 -2.1 -2.1
2.9 2.9 3.1 3.5 3.8 4.1 4.4 4.7 5 5.3 5.6 5.9 6.1 6.1 5.8 5.5 5.2 5 4.8 4.9 5.1 6.1 7.3 8.7 11.6 14.8 20.3 27 28.8 33.3 39.9 47.9 59.1 68.5 73.3 69.3 64.4 56.9 49.5 40.9 31.6 22.5 14.5 6.6 -2.1 -2.1 -2.1 -2.1 -2.1 -2.1 -2.1 -2.1 -2.1 -2.1 -2.1 -2.1 -2.1 -2.1 -2.1 -2.1 -2.1 -2.1 -2.1 -2.1 -2.1 -2.1 -2.1 -2.1 -2.1 -2.1 -2.1 -2.1 -2.1 -2.1 -2.1 -2.1 -2.1 -2.1 -2.1 -2.1 -2.1 -2.1 -2.1 -2.1
2.8 2.8 2.9 3.1 3.4 3.7 4 4.3 4.6 4.9 5.2 5.5 5.7 5.4 5.1 4.8 5.3 5.2 5 4.8 5.8 6.4 8.4 10.6 13 15.9 19 27.1 28 30.1 33.7 39.8 47.3 55.6 61.6 62.2 59.2 53.6 47.4 40.9 33.5 25.2 18.1 11.4 -2.1 -2.1 -2.1 -2.1 -2.1 -2.1 -2.1 -2.1 -2.1 -2.1 -2.1 -2.1 -2.1 -2.1 -2.1 -2.1 -2.1 -2.1 -2.1 -2.1 -2.1 -2.1 -2.1 -2.1 -2.1 -2.1 -2.1 -2.1 -2.1 -2.1 -2.1 -2.1 -2.1 -2.1 -2.1 -2.1 -2.1 -2.1 -2.1 -2.1
2.8 2.8 2.8 2.8 3 3.3 3.6 3.9 4.2 4.5 4.8 5.1 5.1 4.7 4.3 4.5 5.1 5.5 5.1 4.8 5.5 7.5 10.6 12.8 14.8 17.2 20 23.4 25.3 26.2 28.1 32.1 36.4 41.6 48.4 51.3 52.3 48.8 44.7 38.5 31.9 26 19.5 13 6.4 -2.1 -2.1 -2.1 -2.1 -2.1 -2.1 -2.1 -2.1 -2.1 -2.1 -2.1 -2.1 -2.1 -2.1 -2.1 -2.1 -2.1 -2.1 -2.1 -2.1 -2.1 -2.1 -2.1 -2.1 -2.1 -2.1 -2.1 -2.1 -2.1 -2.1 -2.1 -2.1 -2.1 -2.1 -2.1 -2.1 -2.1 -2.1 -2.1
2.9 2.8 2.8 2.7 2.8 2.9 3.2 3.5 3.8 4.1 4.4 4.7 4.7 4.2 3.7 4.1 4.6 5.1 4.7 4.4 5.2 9.5 12.3 14.2 17.8 18.6 19.5 21.8 22.9 23.8 25.2 27.5 29.9 33.2 37.7 41.2 42.8 42.1 39.6 36.3 30.5 24.3 19.1 11.9 -2.1 -2.1 -2.1 -2.1 -2.1 -2.1 -2.1 -2.1 -2.1 -2.1 -2.1 -2.1 -2.1 -2.1 -2.1 -2.1 -2.1 -2.1 -2.1 -2.1 -2.1 -2.1 -2.1 -2.1 -2.1 -2.1 -2.1 -2.1 -2.1 -2.1 -2.1 -2.1 -2.1 -2.1 -2.1 -2.1 -2.1 -2.1 -2.1 -2.1
3 2.9 2.8 2.8 2.7 2.7 2.8 3.1 3.4 3.7 4 4.3 4.2 3.8 3.3 3.5 4 4.5 4.7 3.5 6.9 9.9 11.8 14 18 21.4 23.8 22.7 21.2 21.1 21.6 22.7 24.5 26.7 29 31.8 33.6 34.5 32.5 30.1 28 22.6 14.9 9.8 7.1 -2.1 4.4 -2.1 -2.1 -2.1 -2.1 -2.1 -2.1 -2.1 -2.1 -2.1 -2.1 -2.1 -2.1 -2.1 -2.1 -2.1 -2.1 -2.1 -2.1 -2.1 -2.1 -2.1 -2.1 -2.1 -2.1 -2.1 -2.1 -2.1 -2.1 -2.1 -2.1 -2.1 -2.1 -2.1 -2.1 -2.1 -2.1 -2.1
3.1 3 2.9 2.8 2.8 2.7 2.7 2.7 3 3.3 3.6 3.8 3.8 3.3 2.9 3 3.5 4 4.5 3.9 8.5 13.3 15.1 16.5 17.3 20.6 26.8 25.4 22.4 20.4 17.5 18.2 19.8 21.6 23.3 24.1 25.4 26.9 25.5 24.4 23 19.5 13.4 10.1 8.1 6.9 6.3 -2.1 -2.1 -2.1 -2.1 -2.1 -2.1 -2.1 -2.1 -2.1 -2.1 -2.1 -2.1 -2.1 -2.1 -2.1 -2.1 -2.1 -2.1 -2.1 -2.1 -2.1 -2.1 -2.1 -2.1 -2.1 -2.1 -2.1 -2.1 -2.1 -2.1 -2.1 -2.1 -2.1 -2.1 -2.1 -2.1 -2.1
3.9 3 3 2.9 2.8 2.8 2.7 2.7 2.6 2.9 3.2 3.4 3.4 2.9 2.5 2.4 2.9 3.4 3.9 6.3 11.1 18 18.7 20.7 23.6 26 30 28.6 24 21.5 18.1 14.7 15.4 16.6 17.7 17.4 18.4 19.8 19.6 18.9 20.2 14.5 12.1 8.8 5.4 4 4.1 -2.1 -2.1 -2.1 -2.1 -2.1 -2.1 -2.1 -2.1 -2.1 -2.1 -2.1 -2.1 -2.1 -2.1 -2.1 -2.1 -2.1 -2.1 -2.1 -2.1 -2.1 -2.1 -2.1 -2.1 -2.1 -2.1 -2.1 -2.1 -2.1 -2.1 -2.1 -2.1 -2.1 -2.1 -2.1 -2.1 -2.1
3.1 3.8 3.5 3.3 3.4 3.4 3.3 2.9 2.5 2.6 2.7 3 2.9 2.5 2 1.8 2.4 2.9 3.4 10.5 19.5 23.4 23.1 26.7 31.3 31 30.7 28.5 27.6 24.9 20.5 15.5 11.5 11.2 12 12.4 11.8 12.7 13.3 13.7 13.3 12.5 10.9 7.7 3.8 2.1 2.6 2.8 -2.1 -2.1 -2.1 -2.1 -2.1 -2.1 -2.1 -2.1 -2.1 -2.1 -2.1 -2.1 -2.1 -2.1 -2.1 -2.1 -2.1 -2.1 -2.1 -2.1 -2.1 -2.1 -2.1 -2.1 -2.1 -2.1 -2.1 -2.1 -2.1 -2.1 -2.1 -2.1 -2.1 -2.1 -2.1 -2.1
2.9 2.8 3.8 4.2 3.9 3.5 3.1 2.8 2.4 2.5 2.6 2.7 2.5 2.1 1.7 1.9 1.7 2.2 4.6 13.5 22.2 28.5 28.3 32.6 34.1 30.8 30.2 29.4 30.4 28.9 24.6 19.4 9.8 9 9.3 9 8 7.4 8.4 9.1 9.2 9.3 7.5 4.6 1.9 1.9 1.9 2.8 2.9 -2.1 -2.1 -2.1 -2.1 -2.1 -2.1 -2.1 -2.1 -2.1 -2.1 -2.1 -2.1 -2.1 -2.1 -2.1 -2.1 -2.1 -2.1 -2.1 -2.1 -2.1 -2.1 -2.1 -2.1 -2.1 -2.1 -2.1 -2.1 -2.1 -2.1 -2.1 -2.1 -2.1 -2.1 -2.1
2.9 2.7 2.6 3.5 3.7 3.4 3 2.6 2.3 2.4 2.4 2.3 2.8 2.1 1.8 3 3.4 1.9 8.9 17 25.2 30.1 31.2 34.1 35.9 33 30.9 29.9 32.3 31.7 27.2 20 12.9 8.5 7.3 6 4.5 2.9 1.9 3.3 5.5 4.1 3.5 2.2 1.9 1.9 1.6 1.9 2.8 -2.1 -2.1 -2.1 -2.1 -2.1 -2.1 -2.1 -2.1 -2.1 -2.1 -2.1 -2.1 -2.1 -2.1 -2.1 -2.1 -2.1 -2.1 -2.1 -2.1 -2.1 -2.1 -2.1 -2.1 -2.1 -2.1 -2.1 -2.1 -2.1 -2.1 -2.1 -2.1 -2.1 -2.1 -2.1
3.1 2.7 2.2 2.2 2.7 3.2 2.8 2.5 2.2 2.1 2.1 1.9 1.9 1.9 2 2.5 3.2 3.7 12.9 20.7 25.9 31 32.4 33.8 35.6 34.7 33.1 32.5 34.5 33.4 30.3 23.5 16.6 9.7 5.6 2.8 3.5 1.9 0.7 -0.1 -2.1 -2.1 -2.1 -2.1 0.4 -0.2 0.1 0.9 0.6 -0.7 -2.1 -2.1 -2.1 -2.1 -2.1 -2.1 -2.1 -2.1 -2.1 -2.1 -2.1 -2.1 -2.1 -2.1 -2.1 -2.1 -2.1 -2.1 -2.1 -2.1 -2.1 -2.1 -2.1 -2.1 -2.1 -2.1 -2.1 -2.1 -2.1 -2.1 -2.1 -2.1 -2.1 -2.1
3.2 2.9 2.5 2.4 2.3 2.4 2.4 2.3 2 1.9 1.9 1.9 1.9 1.9 1.9 1.9 1.9 4.5 14.9 21.2 27 31.2 32.2 34.9 36.9 37.1 36.2 34.3 36.5 35.3 31.6 26.9 19.9 11.6 5.6 5.2 1.9 1.9 -0.5 -2.1 -2.1 -2.1 -2.1 -2.1 -2.1 -2.1 -0.8 -0.1 -0.8 -2.1 -2.1 -2.1 -2.1 -2.1 -2.1 -2.1 -2.1 -2.1 -2.1 -2.1 -2.1 -2.1 -2.1 -2.1 -2.1 -2.1 -2.1 -2.1 -2.1 -2.1 -2.1 -2.1 -2.1 -2.1 -2.1 -2.1 -2.1 -2.1 -2.1 -2.1 -2.1 -2.1 -2.1 -2.1
3.6 3.3 2.9 2.8 2.7 2.6 2.8 2.5 1.9 1.9 1.9 1.9 1.9 1.9 1.9 1.9 1.9 1.9 7.9 15.9 25.3 30.1 31.5 34.3 37.4 38.3 38.9 38.3 38 36 32.2 29.1 23.5 16 3.1 3.2 1.2 -2.1 -2.1 -2.1 -2.1 -2.1 -2.1 -2.1 -2.1 -2.1 -1.8 -1.1 -2.1 -0.2 0.4 -2.1 -2.1 -2.1 -2.1 -2.1 -2.1 -2.1 -2.1 -2.1 -2.1 -2.1 -2.1 -2.1 -2.1 -2.1 -2.1 -2.1 -2.1 -2.1 -2.1 -2.1 -2.1 -2.1 -2.1 -2.1 -2.1 -2.1 -2.1 -2.1 -2.1 -2.1 -2.1 -2.1
3.9 3.8 3.4 3.2 2.7 2.3 2.1 1.9 1.9 1.9 1.9 1.9 1.9 1.9 1.9 1.9 1.9 1.9 1.9 11.6 20.6 23.7 28.9 32.4 35.6 37.6 37.9 37.6 37.2 34.4 31.3 29.7 24.4 19.7 6.4 1.9 0.4 -2.1 -2.1 -2.1 -2.1 -2.1 -2.1 -2.1 -2.1 -2.1 -2.1 -2.1 -0.8 0.6 2.1 -2.1 -2.1 -2.1 -2.1 -2.1 -2.1 -2.1 -2.1 -2.1 -2.1 -2.1 -2.1 -2.1 -2.1 -2.1 -2.1 -2.1 -2.1 -2.1 -2.1 -2.1 -2.1 -2.1 -2.1 -2.1 -2.1 -2.1 -2.1 -2.1 -2.1 -2.1 -2.1 -2.1
4 4.2 3.6 2.2 2.2 2 1.9 1.9 1.9 1.9 1.9 1.9 1.9 1.9 1.9 1.9 1.9 1.9 1.9 6.2 15.4 21 25.7 29.4 33 35.5 36.5 36.1 34.8 32.6 30.1 26.4 22.4 17 10 2.5 -2.1 -2.1 -2.1 -2.1 -2.1 -2.1 -2.1 -2.1 -2.1 -2.1 -2.1 -2.1 -2.1 -1.7 -2.1 -2.1 -2.1 -2.1 -2.1 -2.1 -2.1 -2.1 -2.1 -2.1 -2.1 -2.1 -2.1 -2.1 -2.1 -2.1 -2.1 -2.1 -2.1 -2.1 -2.1 -2.1 -2.1 -2.1 -2.1 -2.1 -2.1 -2.1 -2.1 -2.1 -2.1 -2.1 -2.1 -2.1
4.7 3.8 3.4 2.1 2.5 1.9 1.9 1.9 1.9 1.9 1.9 1.9 1.9 1.9 1.9 1.9 1.9 1.9 1.9 1.9 7.7 16.3 20.7 24.8 28.8 31.6 31.7 31.5 31.2 29.6 26.8 22.9 20.4 14.7 8 3.9 -2.1 -2.1 -2.1 -2.1 -2.1 -2.1 -2.1 -2.1 -2.1 -2.1 -2.1 -2.1 -2.1 -2.1 -2.1 -2.1 -2.1 -2.1 -2.1 -2.1 -2.1 -2.1 -2.1 -2.1 -2.1 -2.1 -2.1 -2.1 -2.1 -2.1 -2.1 -2.1 -2.1 -2.1 -2.1 -2.1 -2.1 -2.1 -2.1 -2.1 -2.1 -1.1 -0.9 -2.1 -2.1 -2.1 -2.1 -2.1
