app/static/ascii/NF99.asc
ncols 200
nrows 200
xllcorner 90000
yllcorner 890000
cellsize 50
[rows 111 to 147 of 200, columns 85 to 169 of 200]
-2.2 -2.2 -2.2 -2.2 -2.2 -2.2 -2.2 -2.2 -2.2 -2.2 -2.2 -2.2 -2.2 -2.2 -2.2 -2.2 -2.2 -2.2 -2.2 -2.2 -2.2 -2.2 -2.2 -2.2 -2.2 -2.2 42.3 53 54 49 42.5 27.3 19.6 20 25.7 29.5 21.6 17.3 16.1 16.8 17.6 18.9 20.2 20.8 24.1 28.6 30.9 34.7 41 53.4 79.2 93.2 104.3 113.7 114.7 109.3 98.2 88.1 75.8 65.2 55.8 48 41.5 33.5 30.5 29.9 24.3 18.5 12.1 6 -2.2 -2.2 -2.2 -2.2 -2.2 -2.2 -2.2 -2.2 -2.2 -2.2 -2.2 -2.2 -2.2 -2.2 -2.2
-2.2 -2.2 -2.2 -2.2 -2.2 -2.2 -2.2 -2.2 -2.2 -2.2 -2.2 -2.2 -2.2 -2.2 -2.2 -2.2 -2.2 -2.2 -2.2 -2.2 -2.2 -2.2 -2.2 -2.2 -2.2 -2.2 -2.2 43.6 45.9 43 36.7 24 20.4 21 27.1 28.6 29.6 22.8 20.7 19.5 19.1 20.5 21.9 25.2 31.4 35.4 39.8 42.8 48.1 58.8 82.5 101.2 110.1 116.9 119.5 116.2 106.2 95.6 83.8 72.9 62.9 54.9 47.4 42 42.9 38.4 32.6 25.5 19.4 14.3 11.4 1.7 -2.2 -2.2 -2.2 -2.2 -2.2 -2.2 -2.2 -2.2 -2.2 -2.2 -2.2 -2.2 -2.2
-2.2 -2.2 -2.2 -2.2 -2.2 -2.2 -2.2 -2.2 -2.2 -2.2 -2.2 -2.2 -2.2 -2.2 -2.2 -2.2 -2.2 -2.2 -2.2 -2.2 -2.2 -2.2 -2.2 -2.2 -2.2 -2.2 -2.2 -2.2 36.6 41.1 32.6 19.8 20.5 27.3 30.8 28.8 30.1 30.6 26.2 27.5 26 26.4 28 31.4 36 41.8 47.3 54.4 58.4 67.3 83.9 107.4 115.8 119.8 123.2 120.3 112.9 103.6 91.8 80.6 71 61.8 54.2 54.3 53.7 49.4 43.2 35.1 27.1 22.4 19.3 13.7 5.9 -2.2 -2.2 -2.2 -2.2 -2.2 -2.2 -2.2 -2.2 -2.2 -2.2 -2.2 -2.2
-2.2 -2.2 -2.2 -2.2 -2.2 -2.2 -2.2 -2.2 -2.2 -2.2 -2.2 -2.2 -2.2 -2.2 -2.2 -2.2 -2.2 -2.2 -2.2 -2.2 -2.2 -2.2 -2.2 -2.2 -2.2 -2.2 -2.2 -2.2 26.1 36.8 30.1 20.6 25.2 28.9 34.7 34.6 34 37.1 38.8 32.3 31.7 33.1 35.3 36.6 40.1 47.4 56.3 63.4 70.7 73.6 85.5 111.4 121.7 126 128.8 126.2 119.6 111.9 101.3 88.7 78.6 68 62.5 63.4 62.7 59 53.1 45.3 37.2 31.8 27.3 21.5 14.4 -2.2 -2.2 -2.2 -2.2 -2.2 -2.2 -2.2 -2.2 -2.2 -2.2 -2.2 -2.2
-2.2 -2.2 -2.2 -2.2 -2.2 -2.2 -2.2 -2.2 -2.2 -2.2 -2.2 -2.2 -2.2 -2.2 -2.2 -2.2 -2.2 -2.2 -2.2 -2.2 -2.2 -2.2 -2.2 -2.2 -2.2 -2.2 -2.2 -2.2 -2.2 -2.2 11.1 28.7 37.5 37.8 40.3 45.5 46.6 50 53.5 46.3 37.4 39.3 43.3 48.1 47.1 52.3 61.9 72.1 81.9 82.7 90.9 108.5 123.3 131.6 131.3 130.7 124.6 117.7 106.5 95.6 83.3 73.8 70 70.4 69 67.3 61.3 53.2 46.5 41.4 37.6 29.5 22.2 14.1 3.8 -2.2 -2.2 -2.2 -2.2 -2.2 -2.2 -2.2 -2.2 -2.2 -2.2
-2.2 -2.2 -2.2 -2.2 -2.2 -2.2 -2.2 -2.2 -2.2 -2.2 -2.2 -2.2 -2.2 -2.2 -2.2 -2.2 -2.2 -2.2 -2.2 -2.2 -2.2 -2.2 -2.2 -2.2 -2.2 -2.2 -2.2 -2.2 -2.2 -2.2 -2.2 21.8 40.7 48.2 49.4 56.1 58.7 57.9 63.4 62.1 51.9 44.4 48.5 54.8 58.7 59.6 68.6 79.6 90.3 98.2 97.4 106.4 119.8 135 136.4 130.6 125.7 118.5 107.4 94.9 86.4 79.3 76.7 77.7 75.5 74.3 67.7 61.5 55.7 49 43.4 37.1 29.8 21.8 13.1 2.1 -2.2 -2.2 -2.2 -2.2 -2.2 -2.2 -2.2 -2.2 -2.2
-2.2 -2.2 -2.2 -2.2 -2.2 -2.2 -2.2 -2.2 -2.2 -2.2 -2.2 -2.2 -2.2 -2.2 -2.2 -2.2 -2.2 -2.2 -2.2 -2.2 -2.2 -2.2 -2.2 -2.2 -2.2 -2.2 -2.2 -2.2 -2.2 -2.2 -2.2 16.1 41.9 51.1 65.2 67.5 73.6 69.3 72.5 71.8 66.2 55.9 59.3 63.7 65 67.4 75.3 86.8 96.2 103.9 106.9 110.5 116.8 132.9 134.5 130.5 120.7 110.5 100.2 92.5 86.5 82.9 81.6 83 81.8 80.6 76 72.1 65.2 58.2 51 44.4 37.7 29.2 20.2 13.2 7.1 2.2 -2.2 -2.2 -2.2 -2.2 -2.2 -2.2 -2.2
-2.2 -2.2 -2.2 -2.2 -2.2 -2.2 -2.2 -2.2 -2.2 -2.2 -2.2 -2.2 -2.2 -2.2 -2.2 -2.2 -2.2 -2.2 -2.2 -2.2 -2.2 -2.2 -2.2 -2.2 -2.2 -2.2 -2.2 -2.2 -2.2 -2.2 -2.2 -2.2 33.5 62.3 81.7 84.3 86.4 82.4 80.5 82.4 77.8 70.8 67.9 73.3 75.1 78.6 85.3 94.8 102.8 111.1 116.9 116.2 117.5 121.9 129.6 125.7 114.8 104.4 97.2 92 87.6 85.4 84.1 87.2 88.4 89.7 86.3 81.3 73.7 66.5 57.7 49.3 43.1 35.6 27.3 20.1 13.6 7.7 2.8 0.3 -0.2 -0.8 -2.2 -2.2 -2.2
-2.2 -2.2 -2.2 -2.2 -2.2 -2.2 -2.2 -2.2 -2.2 -2.2 -2.2 -2.2 -2.2 -2.2 -2.2 -2.2 -2.2 -2.2 -2.2 -2.2 -2.2 -2.2 -2.2 -2.2 -2.2 -2.2 -2.2 -2.2 -2.2 -2.2 -2.2 -2.2 16.4 73.8 98 101.9 99.6 96.2 92 90.8 90 84.6 76.7 81 85.1 88 94.6 103.3 111.6 119.6 125.9 124.1 121.4 119.9 120.9 118.8 109.3 103.7 97.4 91.5 88.8 88 86.3 89 92.4 94.3 92.7 88.5 80.5 72.6 64.4 55.4 47.5 41.9 37.3 27.3 21 14.8 6.8 1.8 0.8 0.4 -0.6 -2.2 -2.2
-2.2 -2.2 -2.2 -2.2 -2.2 -2.2 -2.2 -2.2 -2.2 -2.2 -2.2 -2.2 -2.2 -2.2 -2.2 -2.2 -2.2 -2.2 -2.2 -2.2 -2.2 -2.2 -2.2 -2.2 -2.2 -2.2 -2.2 -2.2 -2.2 -2.2 -2.2 -2.2 11 60.1 109.3 120.7 112.7 108.1 102.6 99.4 102.4 98.3 90.6 87.1 99 98.6 103.4 110.4 120.1 128.1 132.4 131.4 129.4 125 119.7 113.9 108.7 102.2 96.4 91 88.7 88.2 89.2 93.7 96.2 98.3 98.9 96.5 87.8 78 70.8 61.9 52.2 45.9 40.2 34.6 28.7 22 12.1 5 2.2 1.7 0.9 -2.2 -2.2
-2.2 -2.2 -2.2 -2.2 -2.2 -2.2 -2.2 -2.2 -2.2 -2.2 -2.2 -2.2 -2.2 -2.2 -2.2 -2.2 -2.2 -2.2 -2.2 -2.2 -2.2 -2.2 -2.2 -2.2 -2.2 -2.2 -2.2 -2.2 -2.2 -2.2 -2.2 -2.2 -2.2 37.7 108.4 132.4 130 120.2 114.3 110.9 112.5 109.6 104.7 99.7 105.3 112.4 112 118.2 127.6 135.6 140.1 140.4 135.7 130.1 122.6 115.7 109.6 103.4 96.9 91.2 90.7 91.8 95.2 98.6 99.6 102.2 101.2 100 91.6 82.6 75.7 69.2 60.8 50.7 41.7 34.7 31.1 24.1 15.1 9.6 7.3 5.4 3.6 1 -0.4
-2.2 -2.2 -2.2 -2.2 -2.2 -2.2 -2.2 -2.2 -2.2 -2.2 -2.2 -2.2 -2.2 -2.2 -2.2 -2.2 -2.2 -2.2 -2.2 -2.2 -2.2 -2.2 -2.2 -2.2 -2.2 -2.2 -2.2 -2.2 -2.2 -2.2 -2.2 -2.2 -2.2 1.6 114.8 145.9 149.6 137.4 126.2 121.8 118.3 118.9 116 115.3 110.5 118.5 124.4 127.2 135 142.2 147.9 149.2 143.8 134.3 126 117.8 110.9 105 99.1 95.2 96.1 97.2 103.7 103.9 103.4 106.2 104.4 99.9 93.9 86.9 80.6 73.9 65.3 53.2 43.5 35.3 29.5 25.5 20.3 14.8 8.4 6.3 4.5 3.3 0.5
-2.2 -2.2 -2.2 -2.2 -2.2 -2.2 -2.2 -2.2 -2.2 -2.2 -2.2 -2.2 -2.2 -2.2 -2.2 -2.2 -2.2 -2.2 -2.2 -2.2 -2.2 -2.2 -2.2 -2.2 -2.2 -2.2 -2.2 -2.2 -2.2 -2.2 -2.2 -2.2 -2.2 37 128.9 158.3 161.4 151.2 139.3 132.6 127.7 125.7 124.7 124.7 123.7 125.6 134.3 138.2 143.4 148.5 152.2 152.8 150 137 128.6 120.8 113.5 106.9 101.5 101.2 101.7 102.3 109 113 111.5 108.6 106.3 103.3 97.6 91.9 85.1 76.8 66.5 52.8 45.3 39.8 34.6 29.6 24.9 20.4 12.5 5.7 5.4 4.5 2.4
-2.2 -2.2 -2.2 -2.2 -2.2 -2.2 -2.2 -2.2 -2.2 -2.2 -2.2 -2.2 -2.2 -2.2 -2.2 -2.2 -2.2 -2.2 -2.2 -2.2 -2.2 -2.2 -2.2 -2.2 -2.2 -2.2 -2.2 -2.2 -2.2 -2.2 -2.2 -2.2 -2.2 50 135.5 160.9 173 167.9 153.4 142.4 137.2 134.4 133.2 134.9 136 135.3 142.7 147.8 149.3 153.5 156.1 155 151.1 140.6 132.3 124.6 117.4 110.6 105.4 104.7 106.6 109.8 113.5 119.4 117.8 111.1 107.9 105.1 99.5 93.2 86.1 77.9 68.3 56.3 50.6 44.9 38.5 32.8 27.6 23.6 16.3 9.1 6.1 4.7 2.4
-2.2 -2.2 -2.2 -2.2 -2.2 -2.2 -2.2 -2.2 -2.2 -2.2 -2.2 -2.2 -2.2 -2.2 -2.2 -2.2 -2.2 -2.2 -2.2 -2.2 -2.2 -2.2 -2.2 -2.2 -2.2 -2.2 -2.2 -2.2 -2.2 -2.2 -2.2 -2.2 61.2 91.4 128.7 156.8 177.6 181.3 166.4 155 146.9 142.6 142 144.8 148.9 149.3 153.7 160.1 157.3 158.7 159 157.1 151.3 144 136.1 128 121.3 116.2 112.6 109.9 113.2 116.6 119.1 120.9 119.7 114.6 109.5 105.7 99.5 92.7 86.1 79.4 71.3 61.8 55.7 49.2 41.1 35.3 29.9 26 21.3 14.8 8.1 5 1.8
-2.2 -2.2 -2.2 -2.2 -2.2 -2.2 -2.2 -2.2 -2.2 -2.2 -2.2 -2.2 -2.2 -2.2 -2.2 -2.2 -2.2 -2.2 -2.2 -2.2 -2.2 -2.2 -2.2 -2.2 -2.2 -2.2 -2.2 -2.2 -2.2 -2.2 -2.2 -2.2 64.5 92.3 120.8 146.3 171.1 193.5 180.5 167.3 157.7 151.4 151.6 154.1 159.5 161.4 163.8 168.6 168.1 165.1 161.5 159.3 154 146.3 139.2 133.1 125.3 121.6 119.1 118 120.5 123.7 124.1 124.7 122.2 115.5 109.9 106.3 103.2 99.3 95 90.9 81.3 71.7 62.2 53.6 44.2 37.9 32.2 29.3 25.2 18.9 12.7 5.2 1.6
-2.2 -2.2 -2.2 -2.2 -2.2 -2.2 -2.2 -2.2 -2.2 -2.2 -2.2 -2.2 -2.2 -2.2 -2.2 -2.2 -2.2 -2.2 -2.2 -2.2 -2.2 -2.2 -2.2 -2.2 -2.2 -2.2 -2.2 -2.2 -2.2 -2.2 -2.2 -2.2 53 82.7 109.3 137.6 165.9 197.4 196.7 179.6 168.6 163.5 160.6 162.4 168.4 173.6 174.1 176.5 175.4 171.9 167.8 163.4 157.6 150.6 145.5 139.1 133.7 129.9 125 126.2 127.8 129.4 129.4 130 130.7 119.5 113.5 112 109.2 106.5 104.2 100.6 95.3 85.6 69.6 58 49.6 42.1 35.3 31.5 27.4 21.9 15.6 7.3 3.7
-2.2 -2.2 -2.2 -2.2 -2.2 -2.2 -2.2 -2.2 -2.2 -2.2 -2.2 -2.2 -2.2 -2.2 -2.2 -2.2 -2.2 -2.2 -2.2 -2.2 -2.2 -2.2 -2.2 -2.2 -2.2 -2.2 -2.2 -2.2 -2.2 -2.2 -2.2 12.2 46.9 71.9 102.5 132.8 162.9 188.5 202.9 197.8 181.8 174.5 171 171.4 174.9 183.3 185.3 184.9 182.5 178 173.3 168.5 162.5 156.4 152.9 147.7 144.4 142.3 138.7 136 135.9 135.4 133.9 131.8 130.7 128.8 122.1 121.1 117.4 114.8 109.4 103.7 99.3 90.9 79.6 62.6 54.5 46.6 39.1 34.9 28.8 22.1 16 10.5 6.1
-2.2 -2.2 -2.2 -2.2 -2.2 -2.2 -2.2 -2.2 -2.2 -2.2 -2.2 -2.2 -2.2 -2.2 -2.2 -2.2 -2.2 -2.2 -2.2 -2.2 -2.2 -2.2 -2.2 -2.2 -2.2 -2.2 -2.2 -2.2 -2.2 -2.2 -2.2 -2.2 39 66.3 96.9 127.7 157.2 189.9 208.3 207.8 197.9 186 180.8 180.4 183.6 190.9 197.9 195.7 190.4 185.6 179.9 175.2 169.2 164 160.9 157.3 154.6 152.2 149 145.5 143.6 143.1 138.9 135.2 132.7 131.9 132.3 129.4 126.1 123.7 121.9 112.5 97.9 89.9 83.5 71.4 59.8 48.9 42.6 36.8 30.7 24.8 18.6 13 8.1
-2.2 -2.2 -2.2 -2.2 -2.2 -2.2 -2.2 -2.2 -2.2 -2.2 -2.2 -2.2 -2.2 -2.2 -2.2 -2.2 -2.2 -2.2 -2.2 -2.2 -2.2 -2.2 -2.2 -2.2 -2.2 -2.2 -2.2 -2.2 -2.2 -2.2 -2.2 16.3 34 58.9 90.3 124.8 157 187.7 212.9 215.5 211.1 199.7 191.6 190.9 194.5 199.6 206.2 204.9 200.9 195.1 190.1 185.1 178.2 172.3 169 166.4 166.4 162.8 159.1 156.3 152.3 150.6 146.5 142 137.1 136.2 138.4 137.9 136 135.5 131.8 122.9 107.6 92.1 82.2 74.6 66.5 55 45.4 39.2 34.3 29.7 22.5 17.9 13.5
-2.2 -2.2 -2.2 -2.2 -2.2 -2.2 -2.2 -2.2 -2.2 -2.2 -2.2 -2.2 -2.2 -2.2 -2.2 -2.2 -2.2 -2.2 -2.2 -2.2 -2.2 -2.2 -2.2 -2.2 -2.2 -2.2 -2.2 -2.2 -2.2 -2.2 1.7 13.9 28.7 54.3 81.5 118.8 155 187.1 211.4 221.1 218.2 210.7 203.9 200.6 205.3 208.7 216.3 216.9 212.3 207.8 200.5 195.4 189.8 185.2 179.4 176.6 175.1 172.9 168.5 165.9 163.4 158.8 154.9 149.3 143.9 141.4 141.3 141.6 143.3 143.3 139 129.5 116 100.8 84.8 72.7 67 58.3 48.9 42 36.7 32.1 25.9 21 17.7
-2.2 -2.2 -2.2 -2.2 -2.2 -2.2 -2.2 -2.2 -2.2 -2.2 -2.2 -2.2 -2.2 -2.2 -2.2 -2.2 -2.2 -2.2 -2.2 -2.2 -2.2 -2.2 -2.2 -2.2 -2.2 -2.2 -2.2 -2.2 -2.2 -2.2 4.3 15 28.3 54.2 79.4 113 149.9 179.1 203.7 222.7 225 223.9 218.9 216.6 218.8 223.2 229.6 231.6 227.9 223.6 217 208.4 204.9 197.8 193.2 188.2 184.8 183.1 179.3 175.7 173.2 168.6 162 155.4 152 150.2 146.5 144.6 145.9 145.8 142.9 133.6 122.8 105.3 91.7 77.2 68.4 60.9 52.8 44.8 40.5 35.4 29.7 24.8 19.8
-2.2 -2.2 -2.2 -2.2 -2.2 -2.2 -2.2 -2.2 -2.2 -2.2 -2.2 -2.2 -2.2 -2.2 -2.2 -2.2 -2.2 -2.2 -2.2 -2.2 -2.2 -2.2 -2.2 -2.2 -2.2 -2.2 -2.2 -2.2 -2.2 1.7 6.2 16 27.7 54.8 82.8 106.7 138.5 171.7 195.4 217.7 228.5 232.4 234.4 232.2 232.3 238.7 246.6 251.5 248.9 242 235.1 227.3 219 213.9 207.1 201 195.4 192.3 190.1 186.8 181.6 175.7 169.1 162.4 159.8 156.2 152.5 148.5 144.3 142.8 141.2 132.8 121.1 106.1 96.3 85.1 71.5 63 57.1 48.6 45.7 41.2 36.1 29.8 21.8
-2.2 -2.2 -2.2 -2.2 -2.2 -2.2 -2.2 -2.2 -2.2 -2.2 -2.2 -2.2 -2.2 -2.2 -2.2 -2.2 -2.2 -2.2 -2.2 -2.2 -2.2 -2.2 -2.2 -2.2 -2.2 -2.2 -2.2 -2.2 -2.2 1.7 7.5 16.9 27.3 56.1 84 105.9 125.3 157.9 187.2 205.8 227.3 238.3 243 247.2 249.8 254.5 265.2 272.6 270.2 262.2 253.4 245.4 236 231.4 223.9 217.3 209.8 202.1 198.9 194.2 188.6 182.8 176.1 170.1 165.7 160 155.7 151.3 146.3 140.8 135.3 128 118.9 110.5 101.7 90.1 78.7 66.8 64.9 58.7 51.1 47.1 41.3 32.9 24.4
-2.2 -2.2 -2.2 -2.2 -2.2 -2.2 -2.2 -2.2 -2.2 -2.2 -2.2 -2.2 -2.2 -2.2 -2.2 -2.2 -2.2 -2.2 -2.2 -2.2 -2.2 -2.2 -2.2 -2.2 -2.2 -2.2 -2.2 -2.2 -2.2 1.7 1.7 14.2 29.3 50.2 78.6 98.8 115.4 139.3 172.2 193.2 211 229.7 247.4 260.4 267.6 274.1 280.2 288 288.7 283.3 273.2 263.2 253.6 244.1 238.9 229 220.8 213.2 204.4 198.4 193.7 189.2 182.8 177.4 170.6 164.2 159 154.7 147.9 140 132.3 125.5 119.7 109.7 104.1 99.2 89.7 79.9 75 72.8 58 54.6 47.1 37.7 27.6
-2.2 -2.2 -2.2 -2.2 -2.2 -2.2 -2.2 -2.2 -2.2 -2.2 -2.2 -2.2 -2.2 -2.2 -2.2 -2.2 -2.2 -2.2 -2.2 -2.2 -2.2 -2.2 -2.2 -2.2 -2.2 -2.2 -2.2 -2.2 -2.2 -2.2 -2.2 18.2 31.3 51.5 66.1 86.7 107.8 129.3 154.3 180.5 197.9 217.5 241.7 263 278.2 289.8 296.8 303.9 308.6 302.7 292.3 281.7 269.4 258.7 251.8 242 231.5 222.4 212.3 206.7 200.1 194.9 189.6 183.3 176.5 169.7 162.5 157.6 150.9 143.5 135.6 129 125.2 120.5 124.7 113.9 105.4 94.5 86.2 82.2 71.3 61.9 52.4 42.5 32
-2.2 -2.2 -2.2 -2.2 -2.2 -2.2 -2.2 -2.2 -2.2 -2.2 -2.2 -2.2 -2.2 -2.2 -2.2 -2.2 -2.2 -2.2 -2.2 -2.2 -2.2 -2.2 -2.2 -2.2 -2.2 -2.2 -2.2 -2.2 -2.2 -2.2 -2.2 15.8 27.6 42.6 54.8 72.3 92 115.1 135.8 162.9 184.5 206 230.2 254.6 279.6 301.1 309.1 314.3 323.2 319.9 308.6 295.2 282.1 271.4 261.5 253.7 240.2 230 223 216.4 209.3 201.5 195.2 188.8 182.5 175.5 167.9 160.5 154 148.5 142.8 136.8 132.6 129.2 128.6 123.9 114.3 107.1 97.9 90.8 82.6 68.3 54.7 47 36.9
-2.2 -2.2 -2.2 -2.2 -2.2 -2.2 -2.2 -2.2 -2.2 -2.2 -2.2 -2.2 -2.2 -2.2 -2.2 -2.2 -2.2 -2.2 -2.2 -2.2 -2.2 -2.2 -2.2 -2.2 -2.2 -2.2 -2.2 -2.2 -2.2 -2.2 -2.2 12.4 23.3 35.8 44.8 57.9 76.8 99.1 123.2 144.6 168.9 192.5 216.2 243.7 273.4 300.9 313.6 321.8 329.9 331.5 322.6 308.5 294.4 281.1 269.1 259.9 250.1 237.2 231.5 225.7 218.9 211.2 203.2 196 188.8 180.6 173.7 165.1 159.2 155.2 149 142.4 136 130.2 131.7 128.3 121.3 114.2 107.7 97.8 86.4 71.5 59.7 46.8 35.8
-2.2 -2.2 -2.2 -2.2 -2.2 -2.2 -2.2 -2.2 -2.2 -2.2 -2.2 -2.2 -2.2 -2.2 -2.2 -2.2 -2.2 -2.2 -2.2 -2.2 -2.2 -2.2 -2.2 -2.2 -2.2 -2.2 -2.2 -2.2 -2.2 -2.2 -2.2 11.7 21.8 30.3 39.1 50.2 64.9 82.7 108.5 131.7 154.4 175.1 205.8 233 262.9 289.8 309.9 321 328.2 334.6 332.4 318.1 305.1 290.9 277.7 265.2 253.6 244.8 240.7 235.4 228.3 220.4 212.9 203.8 196.2 189.1 183.2 175.7 168.3 162.1 154.4 145.7 138.7 130 126.2 130.1 127.4 118.4 111.8 105.6 95.3 82.3 65.9 51 36.8
-2.2 -2.2 -2.2 -2.2 -2.2 -2.2 -2.2 -2.2 -2.2 -2.2 -2.2 -2.2 -2.2 -2.2 -2.2 -2.2 -2.2 -2.2 -2.2 -2.2 -2.2 -2.2 -2.2 -2.2 -2.2 -2.2 -2.2 -2.2 -2.2 -2.2 -2.2 8.9 19.1 27.9 35.4 45.7 57.2 72.5 93.5 116.9 140 164.3 189.3 220.8 250.5 278.8 303.6 315.6 324.1 330.4 332.7 324.6 312.6 298.2 283.7 271.5 261.9 252.4 248.6 244.8 236.1 228.7 222.1 215 207 200.6 194.7 187.3 179.6 169.9 158.4 149.2 141 129.6 117.7 124.5 122.4 118.5 109.3 104.1 97.4 84.3 66.4 52.1 36.3
-2.2 -2.2 -2.2 -2.2 -2.2 -2.2 -2.2 -2.2 -2.2 -2.2 -2.2 -2.2 -2.2 -2.2 -2.2 -2.2 -2.2 -2.2 -2.2 -2.2 -2.2 -2.2 -2.2 -2.2 -2.2 -2.2 -2.2 -2.2 -2.2 -2.2 -2.2 8.8 18.8 25.8 32.1 40.7 53 65.1 82.9 102.7 125.9 151.2 179.2 210.5 239.7 264.9 288.1 304.3 313.6 323.8 326.8 322 313.1 301.4 288.5 278.1 271 263.1 259.3 253.6 244.1 238.3 232.6 225.3 217.7 211.3 205.8 196.4 188.9 178.9 165.8 152.8 141.7 129.9 116.9 110.2 116.8 110.4 102.3 94.2 86.1 73.8 58.9 44.9 33.4
-2.2 -2.2 -2.2 -2.2 -2.2 -2.2 -2.2 -2.2 -2.2 -2.2 -2.2 -2.2 -2.2 -2.2 -2.2 -2.2 -2.2 -2.2 -2.2 -2.2 -2.2 -2.2 -2.2 -2.2 -2.2 -2.2 -2.2 -2.2 -2.2 -2.2 -2.2 -2.2 17.9 26.1 30.1 39.4 49.7 61.6 74.9 91.2 113.1 137.6 166.2 197.2 226.5 249.7 273.4 288.3 300.1 311.3 316.5 315.9 311 302.4 293.2 283.5 276.9 270.5 268 262.4 253.4 248.5 242.9 235.9 229.1 222.6 220.3 209.2 194.8 184.6 171.2 157.7 143 128.7 113 97.5 100.8 102.3 92.9 83.4 74.7 61.2 49.5 38.6 29.3
-2.2 -2.2 -2.2 -2.2 -2.2 -2.2 -2.2 -2.2 -2.2 -2.2 -2.2 -2.2 -2.2 -2.2 -2.2 -2.2 -2.2 -2.2 -2.2 -2.2 -2.2 -2.2 -2.2 -2.2 -2.2 -2.2 -2.2 -2.2 -2.2 -2.2 -2.2 -2.2 21.4 27.2 28.7 38.2 45.6 58 71.3 83.3 101.8 125.8 151.5 181.7 209.8 234.6 258.8 275.5 285.8 298.7 306.6 311 309.4 301.1 293.9 287.9 282.6 278 276.7 272.7 264.8 259.4 254.7 248.9 243 234.6 232.9 220.8 205.5 189.8 176 161.1 142.4 126 108.3 90.5 82.5 82.6 80.7 73.2 65.3 53.5 41.2 33.6 24.8
-2.2 -2.2 -2.2 -2.2 -2.2 -2.2 -2.2 -2.2 -2.2 -2.2 -2.2 -2.2 -2.2 -2.2 -2.2 -2.2 -2.2 -2.2 -2.2 -2.2 -2.2 -2.2 -2.2 -2.2 -2.2 -2.2 -2.2 -2.2 -2.2 -2.2 -2.2 -2.2 20.2 28.8 30.7 38.4 44.2 54.3 67.2 78.9 92.5 114.8 139.6 163.2 192.6 219.3 243.4 261.6 272.6 282.5 296.1 305.6 305.3 300.8 296.5 292.8 289.7 287.9 287.4 284.3 278.3 272.7 267.9 262.6 254.4 245 239.4 229.6 214.6 196.2 179.6 165.6 144.6 125.2 105.4 87.6 73.2 63.5 66.2 63.3 56.6 49 39.1 29.3 20.8
-2.2 -2.2 -2.2 -2.2 -2.2 -2.2 -2.2 -2.2 -2.2 -2.2 -2.2 -2.2 -2.2 -2.2 -2.2 -2.2 -2.2 -2.2 -2.2 -2.2 -2.2 -2.2 -2.2 -2.2 -2.2 -2.2 -2.2 -2.2 -2.2 -2.2 -2.2 -2.2 -2.2 30.1 35.4 39.7 44.6 50.7 61.6 72.6 87.5 104.1 125.9 147.3 174.4 204.7 226.8 246.3 258.7 268.9 282.5 297.8 301.7 301.3 299.3 297.8 299.5 299.6 298.6 297.7 291.3 285.7 280 274 267.1 254.2 244.9 235.5 220.3 199.8 182.5 167.8 148.7 127.8 107.7 90.3 72.7 58.1 50.8 54.8 49.9 43.5 35.9 27 17.8
-2.2 -2.2 -2.2 -2.2 -2.2 -2.2 -2.2 -2.2 -2.2 -2.2 -2.2 -2.2 -2.2 -2.2 -2.2 -2.2 -2.2 -2.2 -2.2 -2.2 -2.2 -2.2 -2.2 -2.2 -2.2 -2.2 -2.2 -2.2 -2.2 -2.2 -2.2 -2.2 -2.2 20.1 37.1 40.8 45.5 49.4 56.9 65.5 80.2 94.4 114.6 138 159.6 185.9 208.4 228.4 244.2 255.8 271.5 286.2 297.2 299.5 298.7 303.3 308.8 312.2 311.1 311 304.8 298.5 292.4 283.7 275.6 262 250.8 240.8 225.1 202.1 182.9 165.2 149.9 130 107.2 89.4 75.7 61.7 49.4 42.1 44.6 38.5 30.5 25.5 18.6
-2.2 -2.2 -2.2 -2.2 -2.2 -2.2 -2.2 -2.2 -2.2 -2.2 -2.2 -2.2 -2.2 -2.2 -2.2 -2.2 -2.2 -2.2 -2.2 -2.2 -2.2 -2.2 -2.2 -2.2 -2.2 -2.2 -2.2 -2.2 -2.2 -2.2 -2.2 -2.2 -2.2 11.1 30.7 40.9 39.2 45.3 51.9 57.5 73.3 86 102.9 127.2 146.9 166.5 190 213.2 231.4 246 262.5 275.5 288.5 295.2 300.7 310 318.8 323.7 325.5 324.4 316.4 310.5 304.5 293.2 285 268.6 254 242.6 227.2 204.1 182.8 166.7 148.3 129.4 109.2 92 74.9 62.8 50.3 39.8 34.6 33 27.8 22.9 17.6
