app/static/ascii/NG15.asc
ncols 200
nrows 200
xllcorner 110000
yllcorner 850000
cellsize 50
[rows 148 to 184 of 200, columns 83 to 165 of 200]
-1.9 -1.9 -1.9 -1.9 -1.9 -1.9 -1.9 -1.9 -1.9 -1.9 -1.9 -1.9 -1.9 -1.9 -1.9 -1.9 -1.9 -1.9 -1.9 -1.9 -1.9 -1.9 -1.9 -1.9 -1.9 -1.9 -1.9 1.7 79.9 133 137.5 140.3 140.7 139.9 140.6 138.7 133.6 136.9 139.7 140.5 138.6 137.3 139.1 140.5 143.9 148.6 153.5 159.2 164.1 168.7 175 180.8 185.2 190.1 194.2 199.2 206.1 215.7 224.7 234.1 246.3 258.5 268.6 276.2 281.1 285.4 284.9 279 273.2 267.9 262.5 256.6 249 241.8 235.1 224 206.2 188.6 176.1 164.3 157.1 143 131.1
-1.9 -1.9 -1.9 -1.9 -1.9 -1.9 -1.9 -1.9 -1.9 -1.9 -1.9 -1.9 -1.9 -1.9 -1.9 -1.9 -1.9 -1.9 -1.9 -1.9 -1.9 -1.9 -1.9 -1.9 -1.9 -1.9 -1.9 1 63.7 129.2 131.9 131.2 130.8 133 137 135.2 129.7 129.9 131.3 133.4 135.1 135.6 137.2 139.9 142 146.4 150.2 154.9 160.6 166.3 172.1 177.1 182.1 187.5 192.8 196.9 206.4 217.2 228.3 237.4 247.9 258.4 266.5 274.6 279.9 281.2 279.8 276.7 272.1 266.5 260.8 254.5 247.2 240.7 231.9 218.8 201.8 185.7 177.4 170.8 171.6 149 135.7
-1.9 -1.9 -1.9 -1.9 -1.9 -1.9 -1.9 -1.9 -1.9 -1.9 -1.9 -1.9 -1.9 -1.9 -1.9 -1.9 -1.9 -1.9 -1.9 -1.9 -1.9 -1.9 -1.9 -1.9 -1.9 -1.9 -1.9 -1.9 40.7 122.8 124.7 126.3 126.2 129 132.4 131.8 129.4 126.9 126.2 129.2 131.4 132.6 136.2 139.2 141.7 143.9 146.7 151 155.3 160.9 166 171.3 179.4 186.4 190.7 195.4 204 216.6 228.1 237.6 248 258.4 265.6 273.2 275.4 277.1 276.7 274.3 270.4 264.6 258.7 252.7 245.5 238.2 230.1 215.1 197 186.2 177.8 175 170.5 153 140.9
-1.9 -1.9 -1.9 -1.9 -1.9 -1.9 -1.9 -1.9 -1.9 -1.9 -1.9 -1.9 -1.9 -1.9 -1.9 -1.9 -1.9 -1.9 -1.9 -1.9 -1.9 -1.9 -1.9 -1.9 -1.9 -1.9 -1.9 -1.9 12.2 92.6 118.8 122.6 122.8 123.7 125.2 125.5 124.5 122.9 121.5 126.2 131.1 131.2 135.1 137.3 139 141.5 144.7 147.6 151.5 155.8 162.4 170.8 178.8 183.2 187.3 192.7 202.5 216.6 228.9 238.9 250.2 260.7 267.3 271.2 272.7 274 273.9 272 268.4 262.9 257 250.3 243.3 237.4 226.9 211.3 197.1 188.7 179.5 174.9 164.3 157 159.9
-1.9 -1.9 -1.9 -1.9 -1.9 -1.9 -1.9 -1.9 -1.9 -1.9 -1.9 -1.9 -1.9 -1.9 -1.9 -1.9 -1.9 -1.9 -1.9 -1.9 -1.9 -1.9 -1.9 -1.9 -1.9 -1.9 -1.9 -1.9 49.4 111.9 112.8 118.4 116.5 117.1 118 119 119.8 121 119.9 119.4 128.7 132.5 133.7 135.2 136.7 139.8 142.3 145.2 148.2 152.9 160 168.6 175.8 180.2 184.2 190.8 199 214 227.1 240.5 253.1 263.5 269.2 271 271 271.2 271.3 269.8 266.8 261.6 255.4 248.6 243 234.8 224.5 209.8 196.3 191 181.3 171.7 167.2 167.3 160.7
-1.9 -1.9 -1.9 -1.9 -1.9 -1.9 -1.9 -1.9 -1.9 -1.9 -1.9 -1.9 -1.9 -1.9 -1.9 -1.9 -1.9 -1.9 -1.9 -1.9 -1.9 -1.9 -1.9 -1.9 -1.9 -1.9 -1.9 -1.9 39.8 111 108.9 106.5 110.9 112.7 113.8 114.5 114.9 115.4 116.4 117.7 121.2 131.1 131.8 133.5 135.4 138.3 140.6 143.1 147.4 152.2 157.4 165.3 173.2 177 181.2 186.7 195.2 210.3 226.9 242.6 256.1 265.3 267.8 269.7 269.3 268.5 268.5 266.9 265.2 260.7 254.2 247.3 241 232.7 223.2 210.7 199.1 189.8 181.1 181 173.1 170.7 166.8
-1.9 -1.9 -1.9 -1.9 -1.9 -1.9 -1.9 -1.9 -1.9 -1.9 -1.9 -1.9 -1.9 -1.9 -1.9 -1.9 -1.9 -1.9 -1.9 -1.9 -1.9 -1.9 -1.9 -1.9 -1.9 -1.9 -1.9 -1.9 37.5 109.2 105.7 101.7 103.3 106.3 111.1 111 110.2 109.5 111.2 114.6 117.5 120.9 129.7 131.9 134.4 137.4 140.9 142.4 146.6 151.5 156.4 161.4 168.9 173.1 178.4 183.8 192.7 208.3 227.7 243.8 258.1 267 268.2 268 267.8 267.2 265.3 263.7 261.4 258.5 251.1 245.2 240.2 232.3 223.2 214.5 206.6 197.3 194.3 190.4 182.6 174.8 171.8
-1.9 -1.9 -1.9 -1.9 -1.9 -1.9 -1.9 -1.9 -1.9 -1.9 -1.9 -1.9 -1.9 -1.9 -1.9 -1.9 -1.9 -1.9 -1.9 -1.9 -1.9 -1.9 -1.9 -1.9 -1.9 -1.9 -1.9 -1.9 36.5 109.6 105.8 101.2 97.8 99.2 106.7 107.1 106.4 107.7 109.7 112.6 116.2 120.2 126.8 131 134 137.3 139.5 142.7 146.6 150.3 155 158.7 164.4 170.9 177.3 182.7 191.6 209.4 225.4 242.9 258.4 266.1 267.7 266.1 266 264.4 262.3 259.8 256.9 252.7 247 242.3 237.3 232.7 227.5 221.1 218.2 216.2 213.2 210.5 201.6 189.6 178.4
-1.9 -1.9 -1.9 -1.9 -1.9 -1.9 -1.9 -1.9 -1.9 -1.9 -1.9 -1.9 -1.9 -1.9 -1.9 -1.9 -1.9 -1.9 -1.9 -1.9 -1.9 -1.9 -1.9 -1.9 -1.9 -1.9 -1.9 -1.9 36.6 108.3 104.2 100.4 97.7 97.5 99.5 101.6 104.1 106 108.8 112 115.9 119.8 125.5 131.1 134.3 137.4 140.2 143.7 146.4 150.2 154.4 157.5 161.7 168.1 175.2 181.6 191.8 209.5 223.5 240.8 254.1 262.8 263.5 262.8 262.8 262.1 258.9 254.8 251.4 246.8 243.1 239.6 236 232.7 230.7 228.5 226.5 225.5 227.9 224.9 219.3 208.3 194.9
-1.9 -1.9 -1.9 -1.9 -1.9 -1.9 -1.9 -1.9 -1.9 -1.9 -1.9 -1.9 -1.9 -1.9 -1.9 -1.9 -1.9 -1.9 -1.9 -1.9 -1.9 -1.9 -1.9 -1.9 -1.9 -1.9 -1.9 -1.9 36.2 102.7 100.6 99.4 99.1 97.7 96.5 99.2 102.4 104.6 108.1 111.8 115.6 119.4 124.8 131.4 134.3 137.1 140.6 143.2 146.7 150.5 153.8 156.1 159.3 167.6 173.4 179.3 191.9 208.7 223.3 237.5 248.5 254.9 260.2 258 256.9 257.7 254.7 250.4 246.6 243.3 239.8 236.9 235.7 232.9 233.3 232.9 231.6 231 231 230.1 224.5 218.6 209.9
-1.9 -1.9 -1.9 -1.9 -1.9 -1.9 -1.9 -1.9 -1.9 -1.9 -1.9 -1.9 -1.9 -1.9 -1.9 -1.9 -1.9 -1.9 -1.9 -1.9 -1.9 -1.9 -1.9 -1.9 -1.9 -1.9 -1.9 -1.9 -1.9 100.6 98.6 97.8 98.1 98.6 97.3 97.6 100.5 103.1 107.5 111.6 115.4 119.4 126.1 130.6 133.3 136.1 139.3 142.3 147 150.8 153 154.8 158.2 166.6 174.1 181.5 192.2 208.7 223 241.5 246.6 249.8 252.1 252.6 251.3 250.1 248.2 245.2 242 238.7 235.5 233.5 233.2 233.7 233.8 234 235.2 235.8 235.7 233.7 228.5 223 217.3
-1.9 -1.9 -1.9 -1.9 -1.9 -1.9 -1.9 -1.9 -1.9 -1.9 -1.9 -1.9 -1.9 -1.9 -1.9 -1.9 -1.9 -1.9 -1.9 -1.9 -1.9 -1.9 -1.9 -1.9 -1.9 -1.9 -1.9 -1.9 -1.9 98.5 96.9 96.1 96.6 97.3 97.9 98.3 99.4 99.7 104 109.8 113.3 116.7 123.9 129.5 132.1 134.5 137.3 141.3 146 150.7 152.9 155.4 158.8 168.1 174.1 181.4 190.9 207.5 223.5 239.4 243.2 243.3 243.5 243.4 242.4 240 239.2 240.3 236.8 233.5 230.8 229.9 231.2 232.8 233.7 235 236.6 239.5 240.1 237.2 232.5 226.9 220.4
-1.9 -1.9 -1.9 -1.9 -1.9 -1.9 -1.9 -1.9 -1.9 -1.9 -1.9 -1.9 -1.9 -1.9 -1.9 -1.9 -1.9 -1.9 -1.9 -1.9 -1.9 -1.9 -1.9 -1.9 -1.9 -1.9 -1.9 -1.9 -1.9 85.7 95.2 94.5 95.4 96 96.3 95.9 96.1 98 100.8 106.1 110 117.2 128.1 130.9 130.6 132.1 135.7 140.4 144.9 149.2 153.2 156.1 160 170.3 174.2 180 188.8 204.7 218.3 229.3 234.3 234.4 233 232.9 231.2 230.4 230.4 230.5 231.2 228.5 225.7 227.1 229.4 231.3 232.8 234.8 238.4 241.1 241.1 241.1 236.2 230.1 222.3
-1.9 -1.9 -1.9 -1.9 -1.9 -1.9 -1.9 -1.9 -1.9 -1.9 -1.9 -1.9 -1.9 -1.9 -1.9 -1.9 -1.9 -1.9 -1.9 -1.9 -1.9 -1.9 -1.9 -1.9 -1.9 -1.9 -1.9 -1.9 -1.9 59.8 89 90.4 93.7 94.1 94.4 96.7 99.7 100.1 99.5 102.6 108.8 120.2 129.4 130.4 130.3 129.1 132.8 137.2 141.3 146 151.3 153.9 161.6 170.1 174.2 178 185.5 201.6 210.9 219 222.1 224.1 224.7 224.2 222.3 221.6 221.5 221.3 220.8 220.8 219.7 221.6 224.6 228.6 230.7 233.1 237.1 240.4 241.1 240.9 238.8 233.1 226.8
-1.9 -1.9 -1.9 -1.9 -1.9 -1.9 -1.9 -1.9 -1.9 -1.9 -1.9 -1.9 -1.9 -1.9 -1.9 -1.9 -1.9 -1.9 -1.9 -1.9 -1.9 -1.9 -1.9 -1.9 -1.9 -1.9 -1.9 -1.9 -1.9 32.4 79.4 85.8 88.3 92 97.2 99.8 101.6 100.4 99.5 104.2 108.8 121 125.6 127.8 128 128.2 129.5 133.3 137.3 142.9 147.6 149.2 157.7 166.6 173.3 175.3 183.4 193 201.3 209.9 212.7 214.1 215 216.3 214.4 214.5 213 212.5 212 211.9 214.1 216.2 219.9 224.2 227.9 231.6 235.6 239.5 240.9 240.8 239.6 234.7 229.6
-1.9 -1.9 -1.9 -1.9 -1.9 -1.9 -1.9 -1.9 -1.9 -1.9 -1.9 -1.9 -1.9 -1.9 -1.9 -1.9 -1.9 -1.9 -1.9 -1.9 -1.9 -1.9 -1.9 -1.9 -1.9 -1.9 -1.9 -1.9 -1.9 -1.9 48.9 80.9 88.9 94.6 102.2 102.3 99.9 101.5 109.1 107.6 108.9 111.4 121.4 123.5 124.1 126.1 129 129.1 134.2 141.7 144.5 146.5 153.1 161.1 168.9 172.9 179.8 186.6 192.7 199.1 205.3 205.2 208.9 209.2 205.5 205.9 205 203.5 204.1 205.6 207.9 210.3 214.8 220.1 224.5 229.9 233.9 237.8 240 241.1 239.8 236.3 231.5
-1.9 -1.9 -1.9 -1.9 -1.9 -1.9 -1.9 -1.9 -1.9 -1.9 -1.9 -1.9 -1.9 -1.9 -1.9 -1.9 -1.9 -1.9 -1.9 -1.9 -1.9 -1.9 -1.9 -1.9 -1.9 -1.9 -1.9 -1.9 -1.9 -1.9 31.7 75.3 87.9 93 99 100.9 97.8 100 104 111 109 105.6 110.8 118.7 122.5 125.4 128.2 130.3 131.2 140.7 142.7 145 147.6 152.9 162.8 169.4 175.7 180.3 185.6 189.9 195.2 197.9 199.1 199.5 197.5 197.2 196.7 196.4 198.2 200.8 203.3 205.6 210.6 216.5 222.4 227.6 232.2 236.1 239.1 240.7 240.4 237.6 233.1
-1.9 -1.9 -1.9 -1.9 -1.9 -1.9 -1.9 -1.9 -1.9 -1.9 -1.9 -1.9 -1.9 -1.9 -1.9 -1.9 -1.9 -1.9 -1.9 -1.9 -1.9 -1.9 -1.9 -1.9 -1.9 -1.9 -1.9 -1.9 -1.9 -1.9 2.5 65.9 77.6 90.6 98.6 102.1 95.4 92.1 100.5 104 103.2 100.2 102.3 116 121.9 123.8 125.5 127.8 126.6 131.2 137.9 141.9 144.6 150.7 157.5 164.5 171.6 175.7 179.8 184 184.6 188.9 191.8 190.4 189.2 189.1 189 190.7 193.4 196.1 198.7 201.2 206.8 212.9 220.2 225.4 230.5 235.2 238.5 240.8 241.7 239.8 234.2
-1.9 -1.9 -1.9 -1.9 -1.9 -1.9 -1.9 -1.9 -1.9 -1.9 -1.9 -1.9 -1.9 -1.9 -1.9 -1.9 -1.9 -1.9 -1.9 -1.9 -1.9 -1.9 -1.9 -1.9 -1.9 -1.9 -1.9 -1.9 -1.9 -1.9 2.3 61.1 72 82.5 91.7 100.5 93.4 90 92.3 95.9 97.6 96.9 95.6 105.1 117 119.1 119.6 119.5 120.8 125.2 131.3 136 139.9 145 152.2 161.6 167.2 171.1 175.1 178.2 176.8 179.2 182.6 183.4 182.1 183 183.9 185.5 188.1 191 193.9 197.4 203.4 210 217.7 224.6 230.3 234.7 238.4 240.8 242.1 240.7 234.2
-1.9 -1.9 -1.9 -1.9 -1.9 -1.9 -1.9 -1.9 -1.9 -1.9 -1.9 -1.9 -1.9 -1.9 -1.9 -1.9 -1.9 -1.9 -1.9 -1.9 -1.9 -1.9 -1.9 -1.9 -1.9 -1.9 -1.9 -1.9 -1.9 -1.9 -1.9 57.1 65.9 73.7 83.3 92.6 95.1 93.4 89 90.8 92.6 91.3 90.6 94.8 104.3 110.6 114 116 117.3 120.3 126.2 131.2 134.1 138.3 147.7 156.3 163.2 167.7 171.8 174.2 173.7 173.7 175.2 174.6 173.5 176.6 177.8 180.4 182.5 185.3 188.7 192.8 199.4 207.2 217.5 224.5 229.8 234.2 238.3 240 242.1 240.6 233.6
-1.9 -1.9 -1.9 -1.9 -1.9 -1.9 -1.9 -1.9 -1.9 -1.9 -1.9 -1.9 -1.9 -1.9 -1.9 -1.9 -1.9 -1.9 -1.9 -1.9 -1.9 -1.9 -1.9 -1.9 -1.9 -1.9 -1.9 -1.9 -1.9 -1.9 -1.9 39.1 60.3 65.9 74.7 84 89.8 87.9 87.8 86.6 88.6 89.3 89.7 89 95.8 107.9 111.2 112.6 115 116.8 120 124.5 128.2 134.2 142.9 150.5 159.9 165.2 168.7 170.7 169.4 168.7 169.1 167.3 167.7 169.9 171.3 174 176.6 180.1 184.2 188.3 194.4 203.4 213.1 223.3 229.3 234.6 239.3 243.5 243.5 240.9 233.6
-1.9 -1.9 -1.9 -1.9 -1.9 -1.9 -1.9 -1.9 -1.9 -1.9 -1.9 -1.9 -1.9 -1.9 -1.9 -1.9 -1.9 -1.9 -1.9 -1.9 -1.9 -1.9 -1.9 -1.9 -1.9 -1.9 -1.9 -1.9 -1.9 -1.9 -1.9 17.7 50.1 57.6 64.8 72.8 76.2 79.3 80.3 81.7 83.8 82.6 89.1 88.8 89.4 94 100.8 108.9 112.4 113.2 114.7 117.5 121.9 130.1 138.1 145.6 155 162.2 164.6 162.7 161.6 161.3 161.2 161.5 161.3 163.1 164.9 167.5 170.3 174.6 179.2 183.3 189.3 197.7 207.8 218.6 226 232.7 240.3 246.7 248.8 241.7 233.5
-1.9 -1.9 -1.9 -1.9 -1.9 -1.9 -1.9 -1.9 -1.9 -1.9 -1.9 -1.9 -1.9 -1.9 -1.9 -1.9 -1.9 -1.9 -1.9 -1.9 -1.9 -1.9 -1.9 -1.9 -1.9 -1.9 -1.9 -1.9 -1.9 -1.9 -1.9 -1.9 42.7 50.6 56.6 59.4 64 67.7 71.2 73.6 78.3 79.9 87.5 88.5 85.9 87.1 91.7 104.9 110.8 110 109.1 110.2 118.7 125.7 132.5 140.7 149.5 156.6 159.4 157.5 155.8 155.8 154.2 153.9 155.3 157 158.5 161.2 164.2 169 174.4 180.1 185.7 192.7 202.5 213 222.4 230.7 239 247.5 248.7 241.2 234
-1.9 -1.9 -1.9 -1.9 -1.9 -1.9 -1.9 -1.9 -1.9 -1.9 -1.9 -1.9 -1.9 -1.9 -1.9 -1.9 -1.9 -1.9 -1.9 -1.9 -1.9 -1.9 -1.9 -1.9 -1.9 -1.9 -1.9 -1.9 -1.9 -1.9 -1.9 -1.9 5 47.2 51.2 49.9 53.2 56.7 61.4 69.9 74.8 80.4 84 85.3 84.7 84.7 86.9 93.3 102.3 105.7 106 109.9 116.5 122.4 127.6 134.2 140.7 147.1 153.5 152.6 150.2 149.8 150 149.6 150.6 151.7 152.8 154.7 157.9 161.7 169.3 176.3 182.4 190.4 199.1 210.1 218.6 227.3 236 245.9 247.6 240.7 233.5
-1.9 -1.9 -1.9 -1.9 -1.9 -1.9 -1.9 -1.9 -1.9 -1.9 -1.9 -1.9 -1.9 -1.9 -1.9 -1.9 -1.9 -1.9 -1.9 -1.9 -1.9 -1.9 -1.9 -1.9 -1.9 -1.9 -1.9 -1.9 -1.9 -1.9 -1.9 -1.9 -1.9 15.3 44.9 36.8 43.9 50.5 57.1 64.7 72.1 77.8 82 82.6 83.4 81.9 81.9 84.9 91.6 100.9 101.2 109.1 114.8 119.4 123 128.9 134.6 138.5 144.6 147.2 145.4 143.8 144.7 143.3 143.8 145.2 147.5 148.9 152.2 157.5 164.3 171.2 179.1 188.2 199.7 209.3 217.6 224.8 233 239.1 240.7 239.4 231.9
-1.9 -1.9 -1.9 -1.9 -1.9 -1.9 -1.9 -1.9 -1.9 -1.9 -1.9 -1.9 -1.9 -1.9 -1.9 -1.9 -1.9 -1.9 -1.9 -1.9 -1.9 -1.9 -1.9 -1.9 -1.9 -1.9 -1.9 -1.9 -1.9 -1.9 -1.9 -1.9 -1.9 -1.9 3.8 31.9 37.6 42.7 49.1 57.9 64.9 72 74.3 75.6 80.7 81.3 79.1 80.5 79.9 90 93 104.8 110.6 114.5 117.7 122.9 130.1 133.5 134.6 136.9 140 138.8 138.8 138.3 140 139.3 142.2 144.1 147.1 152.3 158.4 166.3 176.8 188 200 209.5 218.1 224.8 232.3 236.4 238.4 235.7 229.8
-1.9 -1.9 -1.9 -1.9 -1.9 -1.9 -1.9 -1.9 -1.9 -1.9 -1.9 -1.9 -1.9 -1.9 -1.9 -1.9 -1.9 -1.9 -1.9 -1.9 -1.9 -1.9 -1.9 -1.9 -1.9 -1.9 -1.9 -1.9 -1.9 -1.9 -1.9 -1.9 -1.9 -1.9 -1.9 24.1 28.8 30.6 38.8 47.2 56 64.9 66.5 68.7 70.5 77 76.5 79 79.1 82.3 90 100.8 106.6 107.4 110.2 113.6 120 125.2 127.5 127.4 129.2 128.4 130.3 130 132 134.2 138.1 140.2 142.8 146.4 153.3 165.2 176.6 190 201.2 210.7 218.2 227 231.3 233.9 235.7 233.5 227.6
-1.9 -1.9 -1.9 -1.9 -1.9 -1.9 -1.9 -1.9 -1.9 -1.9 -1.9 -1.9 -1.9 -1.9 -1.9 -1.9 -1.9 -1.9 -1.9 -1.9 -1.9 -1.9 -1.9 -1.9 -1.9 -1.9 -1.9 -1.9 -1.9 -1.9 -1.9 -1.9 -1.9 -1.9 -1.9 -1.9 22 21.6 28 33.7 44.3 53.1 65.1 64.2 63.6 70.6 74.7 79 79 83 92.2 101.5 104.5 103.9 104 106 110 114.5 119.3 122.4 120.4 119.1 121.2 120.7 122.8 131.1 134.1 136.4 138.8 142.4 148.7 164.4 177.3 190.8 203.1 213.1 222.8 230.8 232.1 231.2 232 230.3 225.8
-1.9 -1.9 -1.9 -1.9 -1.9 -1.9 -1.9 -1.9 -1.9 -1.9 -1.9 -1.9 -1.9 -1.9 -1.9 -1.9 -1.9 -1.9 -1.9 -1.9 -1.9 -1.9 -1.9 -1.9 -1.9 -1.9 -1.9 -1.9 -1.9 -1.9 -1.9 -1.9 -1.9 -1.9 -1.9 -1.9 -1.9 1.8 7.7 19.2 30.8 39.9 53.3 55.5 62 70.1 72.2 77.5 79.8 79.3 88.6 97.5 101.5 100.7 98.5 98.9 101.7 104.5 108.9 110.6 112.6 111.5 114.4 116.7 120.2 127 130.8 132.1 133.6 137.7 143.8 160 179 192.5 205.9 218.4 228 231.9 231.7 230.6 229.2 228.7 221.9
-1.9 -1.9 -1.9 -1.9 -1.9 -1.9 -1.9 -1.9 -1.9 -1.9 -1.9 -1.9 -1.9 -1.9 -1.9 -1.9 -1.9 -1.9 -1.9 -1.9 -1.9 -1.9 -1.9 -1.9 -1.9 -1.9 -1.9 -1.9 -1.9 -1.9 -1.9 -1.9 -1.9 -1.9 -1.9 -1.9 -1.9 -1.9 1.6 0.8 14.9 26.1 33.5 43.2 60.4 63.6 69.2 72 74.3 72.3 77.1 96 98 96.9 95.3 95.2 96.5 98.4 98.5 98.8 101 101.9 107.3 113 116.5 123 127 129.9 130.2 134.9 141.5 154.8 178.4 195.6 210.9 225.3 231.1 231.1 231.2 229.6 224.2 218.5 215.5
-1.9 -1.9 -1.9 -1.9 -1.9 -1.9 -1.9 -1.9 -1.9 -1.9 -1.9 -1.9 -1.9 -1.9 -1.9 -1.9 -1.9 -1.9 -1.9 -1.9 -1.9 -1.9 -1.9 -1.9 -1.9 -1.9 -1.9 -1.9 -1.9 -1.9 -1.9 -1.9 -1.9 -1.9 -1.9 -1.9 -1.9 -1.9 -1.9 -1.9 -1.9 16.4 21 33.3 47.3 46.4 52.8 63.1 69.1 71 68.9 89.5 93.7 93.3 93.8 93.6 92.7 92.5 90.3 87.6 89.8 92.8 99 106.9 112.6 118.5 122.9 125.6 130 133.1 141.1 153.3 177.8 198.1 211.6 227.9 231.2 231 230 226.9 221.6 215.4 208.9
-1.9 -1.9 -1.9 -1.9 -1.9 -1.9 -1.9 -1.9 -1.9 -1.9 -1.9 -1.9 -1.9 -1.9 -1.9 -1.9 -1.9 -1.9 -1.9 -1.9 -1.9 -1.9 -1.9 -1.9 -1.9 -1.9 -1.9 -1.9 -1.9 -1.9 -1.9 -1.9 -1.9 -1.9 -1.9 -1.9 -1.9 -1.9 -1.9 -1.9 -1.9 -1.9 14.7 28.2 33.7 38.2 46.5 62 67.1 66.7 65 74.1 80.7 83.2 87.9 90.4 88.9 87 83.6 79.9 85.2 89.3 94 99.4 110.6 115.8 119.6 124.2 129.6 133.7 138.1 152.3 175.7 196 211.6 229.2 230 230.1 228.3 225.1 220.5 213 203.7
50.1 28.8 18.7 44.3 16 -1.9 -1.9 -1.9 -1.9 -1.9 -1.9 -1.9 -1.9 -1.9 -1.9 -1.9 -1.9 -1.9 -1.9 -1.9 -1.9 -1.9 -1.9 -1.9 -1.9 -1.9 -1.9 -1.9 -1.9 -1.9 -1.9 -1.9 -1.9 -1.9 -1.9 -1.9 -1.9 -1.9 -1.9 -1.9 -1.9 -1.9 -1.9 21.4 25.1 30.1 43.4 58.2 63.3 59.9 58.8 72 80.2 79.5 80.5 84.8 83.8 80.7 78.9 78.9 81.1 83.9 88.5 97.1 110.1 114.4 118.4 123.8 129.8 134.2 140.7 153 172.7 192.9 209 226.5 226.2 226.3 225.9 222.6 217.2 209.9 199.7
54.7 51.9 50.8 45.7 40.9 37 4.8 1.7 -1.9 -1.9 -1.9 -1.9 -1.9 -1.9 -1.9 -1.9 -1.9 -1.9 -1.9 -1.9 -1.9 -1.9 -1.9 -1.9 -1.9 -1.9 -1.9 -1.9 -1.9 -1.9 -1.9 -1.9 -1.9 -1.9 -1.9 -1.9 -1.9 -1.9 -1.9 -1.9 -1.9 -1.9 -1.9 21.7 20.9 25.9 38.4 48.9 56.2 58.2 54.4 62.9 79.3 75.2 68.9 73.9 77.5 73.8 74 74.5 77.6 80.2 86.3 94.7 104.9 113.3 118.8 124.7 130.1 134.2 141.7 153.3 173.4 186.8 204 217.4 219.6 221 221.3 220.9 211.4 202.9 194.8
59 55.9 52.4 48.7 43.2 38.5 33.8 30 13.1 2.2 1.3 0.9 -1.9 -1.9 -1.9 -1.9 -1.9 -1.9 -1.9 -1.9 -1.9 -1.9 -1.9 -1.9 -1.9 -1.9 -1.9 -1.9 -1.9 -1.9 -1.9 -1.9 -1.9 -1.9 -1.9 -1.9 -1.9 -1.9 -1.9 -1.9 -1.9 -1.9 -1.9 -1.9 14.6 24.8 36.3 45.4 49.8 49.9 51.3 54.2 67.8 68.5 68.9 69.4 71.2 69.4 71.5 71.9 74.9 78.5 84.3 92.7 100.9 111.3 119.8 125.6 130.4 134.3 141.2 153.4 172 184.8 195.6 207.8 213 216.2 215.3 214.4 208.3 198.5 189
62.5 60.8 56.4 53.3 49.7 40.9 36.2 33 30.3 27.9 25.3 15.8 1.8 -1.9 -1.9 -1.9 -1.9 -1.9 -1.9 -1.9 -1.9 -1.9 -1.9 -1.9 -1.9 -1.9 -1.9 -1.9 -1.9 -1.9 -1.9 -1.9 -1.9 -1.9 -1.9 -1.9 -1.9 -1.9 -1.9 -1.9 -1.9 -1.9 -1.9 -1.9 5 20.7 38.1 50.2 50.3 49.6 48.4 49.9 51 52.6 53.4 58.9 70.2 68.8 71 72.1 74.3 76.8 82.9 91.1 97.4 104.7 117.8 122.5 129.4 134.4 141.2 152.6 165.3 180.9 186.9 198.4 205 208.9 208 207.1 201.4 194.8 181.7
65.4 62 59.3 55.9 52.6 45.6 39.7 36.4 33.8 31.5 25.3 24 20 21.2 17.7 7.8 -1.9 -1.9 -1.9 -1.9 -1.9 -1.9 -1.9 -1.9 -1.9 -1.9 -1.9 -1.9 -1.9 -1.9 -1.9 -1.9 -1.9 -1.9 -1.9 -1.9 -1.9 -1.9 -1.9 -1.9 -1.9 -1.9 -1.9 -1.9 -1.9 5.5 31 49.3 48.9 49 43.4 40.8 39.3 36.8 39.3 46.7 54.2 71.2 71 72.5 73.6 76 80.3 87.7 93.1 97.9 107.5 116.7 128 135.3 140.9 147.3 155.5 171.6 179.5 186.1 194.5 198.9 199.2 199.5 194.6 186 176.4
