app/static/ascii/NG19.asc
ncols 200
nrows 200
xllcorner 110000
yllcorner 890000
cellsize 50
[rows 148 to 184 of 200, columns 0 to 82 of 200]
203.2 188.6 172.6 166 145.4 141.8 134.3 128.7 116.2 109.3 109.5 101 96.2 89.5 83.2 79.1 71.4 69.4 70.4 69.1 69 69.9 69.8 63.2 54.5 44.5 40.2 37.4 34.4 31.1 31.3 18.2 16.4 17.9 18.8 23.7 23.5 18 13.8 -2.2 -2.2 -2.2 -2.2 15 15.2 11.8 -2.2 -2.2 -2.2 -2.2 -2.2 -2.2 -2.2 6.1 12.2 17.4 23.2 28.4 34 38 44.8 52.6 59.2 68.4 75.5 93.8 106.4 112.2 119.4 114 110.5 106.8 111.1 104.5 107.8 106.5 97.1 90.2 83.9 81 71.3 58.9 57.5
200.8 188.8 174 162.1 149.9 145.7 138.2 130.8 129.6 113.2 108 99.2 93.9 88.4 85.9 80.7 74.6 73.2 70.5 70.4 69.9 68.7 66.1 62.1 55.2 48.3 44.1 39.6 36.7 34.4 30 23.4 20 23.5 28.2 27.3 24.5 20 13.8 10.6 -2.2 -2.2 -2.2 7.7 14.6 12.4 -2.2 -2.2 -2.2 -2.2 -2.2 -2.2 -2.2 -2.2 12.7 18.1 23.8 29.1 33 36.8 43 49.1 60.3 70 76.5 89.1 101.6 108.8 115.5 111.2 112.9 110.5 110 103 102 99 97.2 92.5 81.1 77.6 68.5 70.4 70.2
194 187 175.7 160.6 149.6 148.1 140.9 136.2 130.7 118.6 99 97.3 90.4 91 90.8 84.1 78.2 76.2 73.2 70.2 69.6 67.8 64.9 62.7 59.8 53.7 46.2 41 39.1 37.5 34.1 29.1 25.3 28 34.3 33 28.9 25.2 16.4 14.5 9.8 -2.2 -2.2 -2.2 2.3 6 -2.2 -2.2 -2.2 -2.2 -2.2 -2.2 -2.2 -2.2 11.5 15.4 20.8 25.2 29.1 33.8 40.3 50.4 60.7 64.4 77.5 85.5 95.9 102.9 108.1 110.7 118.9 120.9 109.5 103 103.2 99.6 99.6 90.2 84.6 79.3 72.2 77.4 71.3
199.4 186.6 177.3 167.1 153.2 149.5 145 135.9 129.3 120.6 111.1 88.8 90.2 91 90.8 84.2 79.7 77.8 74.5 72.3 69.4 66.4 63.8 61.2 59.7 59.2 49.9 47.5 47.1 44 40.1 35.9 29.2 29.8 38.8 36.4 31.7 23.8 22.4 17.7 11.8 9.2 -2.2 -2.2 -2.2 3.5 3.4 -2.2 -2.2 -2.2 -2.2 -2.2 -2.2 -2.2 5.2 10.6 16.1 20.8 24.8 34.7 41 49.7 58 62.1 74.9 85 92.1 96.9 103.2 110.8 117.2 115.8 109.6 103.4 105.3 102.4 100.1 94.6 91.9 81.1 78 79.9 77.5
202.2 188.3 178.3 169.3 153.4 146.6 144 136 126.7 120.3 113.5 96.2 89.3 91 90.4 86.3 80.1 79.1 76.6 74.4 70.2 67.9 65.3 62.4 60.9 59 61.8 64.2 61.9 52.4 45.2 38.6 33.3 31.7 35.7 34 32.7 29.1 27.5 23.2 18.3 10.5 -2.2 -2.2 -2.2 3.7 4.6 -2.2 -2.2 -2.2 -2.2 -2.2 -2.2 -2.2 -2.2 7.2 12.5 16.3 23.6 31.8 37.7 47.7 54.2 58.2 74.3 83.2 87.3 93.5 102.9 110.8 115.9 119.4 110.9 109.4 108.6 105.5 102.6 100.2 93.6 87 83.1 81.8 79.9
216.2 192.6 181.4 173.8 161.6 142.2 139.7 134.9 128.1 119.7 110.7 100.3 84.8 80.9 89.8 87.6 83.2 81 78.7 75.5 71.5 68.7 66.7 65.1 62.4 66.9 72.3 79.6 81.8 66.5 54.5 44 38 34.2 33.3 36.3 37.4 36.3 31.9 27.5 21.8 12.3 -2.2 -2.2 -2.2 -2.2 8.6 -2.2 -2.2 -2.2 -2.2 -2.2 -2.2 -2.2 -2.2 -2.2 5.7 12.7 20.9 26.6 35 45.9 55.2 57.5 69.7 82.9 87.1 93.1 95.7 97.7 104 108.1 109.3 108.2 109 108 104 99.3 93.8 87.2 82.6 82.5 78.6
227.5 211.2 190.2 176.9 162.5 143.7 134 130.7 125.1 119.9 111.9 105.2 86.4 79.1 80.6 82.7 81.6 80.2 80.6 79 74.8 69.5 69.1 69.9 73.8 76.9 81.6 84.6 90.2 78 65.1 53.2 44.4 39.1 40.4 44.8 48.4 43.9 40.4 29.2 26.2 17.3 8.5 -2.2 -2.2 -2.2 -2.2 -2.2 -2.2 -2.2 -2.2 -2.2 -2.2 -2.2 -2.2 -2.2 -2.2 13.4 17.4 21.8 29.7 43.6 56 57.4 63.8 78.5 83.6 88.1 91.5 98.4 103.8 103.4 110.8 110.3 109.5 109.1 106.6 99 94.1 88.1 82.6 88.2 83.8
231.8 220.2 211.8 179.1 163.4 146.6 129.4 125.7 113.6 110.4 110.8 105.2 93.3 82 76.6 79 80.3 78.4 80 81 78.5 79.5 77.6 77.2 83.4 88.3 91.2 91.8 93.4 86.3 75.8 64 57.2 45.4 46.6 52.3 45.8 50.7 53.5 37.8 24.4 19.4 9.6 -2.2 -2.2 -2.2 -2.2 -2.2 -2.2 -2.2 -2.2 -2.2 -2.2 -2.2 -2.2 -2.2 -2.2 8.8 12.9 16.7 25.3 40.4 50.6 57 59.5 71.8 76.3 82.5 90.9 97.8 102.3 109.4 110 110.9 110.7 109 107.8 105.7 97.6 91.2 88.1 86.5 85.1
225.1 220 214.5 191.3 164.6 153.2 129.8 118.4 109.6 108.3 104.9 100.9 94.4 84.2 76.6 76.6 78.2 77.3 79.6 82.6 84.9 86.7 85.2 88.9 95.7 103.1 108.8 108.5 99.8 95.2 90.1 83.7 77.5 63.3 47.3 47.6 46.6 56.3 55.5 49 32.6 18.8 8.9 2.8 -2.2 -2.2 -2.2 -2.2 -2.2 -2.2 -2.2 -2.2 -2.2 -2.2 -2.2 -2.2 -2.2 3.2 9.7 13.7 20.3 32 44.5 55.7 57.4 63.3 69.4 76.2 85.1 91.7 101 105.2 110.9 111.9 111.4 107.3 104.1 109.1 105.9 95.3 89.1 89.3 87.4
206.7 211 207.5 197.5 162.2 146.3 129.6 111.5 110 100.6 99.2 96.7 91.5 83.6 76.6 76.6 76.6 76.6 82.1 86.4 90.4 92 95 98.6 109.6 110.7 112.8 110.9 108.1 102.9 98.9 92.6 85.3 73.2 54.3 45.9 52.8 62.5 57.2 51.4 44.6 30.4 16.4 4.9 2.2 -2.2 -2.2 -2.2 -2.2 -2.2 -2.2 -2.2 -2.2 -2.2 -2.2 -2.2 -2.2 -2.2 6.3 11.9 15 30.3 42.6 53.3 55.3 58 63.2 69.9 86.2 91.3 97.2 99.9 109.3 110.9 111.2 110.8 104.4 102.2 108.2 99.6 89.1 88.9 83.9
190.5 194.8 195.9 193.4 151.6 141.2 128.8 102.8 99.6 93 91.3 89.5 85.6 78 76.6 76.6 76.6 76.6 81.5 88.7 94.3 98.6 104.3 111.8 120.1 118.6 117.6 113.8 108 105.5 99.2 92.4 90.4 77.3 61.1 46.2 56.9 60 56.6 55.9 56.7 45.6 31.7 13.8 2.8 -2.2 -2.2 -2.2 -2.2 -2.2 -2.2 -2.2 -2.2 -2.2 -2.2 -2.2 -2.2 -2.2 5.1 9.6 12.1 24 39.4 50.7 53.1 53.8 59.3 67.9 77.9 86.6 90.4 99.4 108.9 109.2 110.7 109.3 111.5 98.5 99.2 98.6 94.5 93.1 79.3
176.3 177 184.2 178.1 139.1 129.4 119.4 98 89.3 88.4 83.8 81.2 78.6 76.6 76.6 76.6 76.6 76.6 86.3 90.2 97.5 100.2 108.2 114.6 123.1 123.6 121.2 120.5 115.9 108.7 102.1 93 90.7 79.1 63.1 47.8 53.6 57.2 57.7 64.9 70.1 58.2 45.5 26.7 13.5 -2.2 -2.2 -2.2 -2.2 -2.2 -2.2 -2.2 -2.2 -2.2 -2.2 -2.2 -2.2 -2.2 3.4 9.4 12.4 20.8 36.7 47.2 53.2 51.9 56.5 64.6 69.9 74.9 81.3 93.8 103 105.5 112.3 118.2 111.8 100.7 100.5 96.8 93.6 89.1 80.5
155.9 162.1 173.4 167.9 132.6 117.7 109 96.6 82.5 79.3 76.6 76.6 76.6 76.6 76.6 76.6 76.6 76.6 83.4 91 98.5 106.4 114.3 119.3 125.3 129.2 127.2 126.7 120 110.4 109.6 99.6 93.1 81.2 63.7 51.2 54.7 57.7 59.9 70.5 71.1 64.4 52.6 40.6 17.8 -2.2 -2.2 -2.2 -2.2 -2.2 -2.2 -2.2 -2.2 -2.2 -2.2 -2.2 -2.2 -2.2 2.6 8.8 13.1 22.6 35.2 46.7 50 50.5 51.6 56.9 63.2 70.5 75.2 88.7 96.1 102.6 108.5 122.7 114.5 100.9 98.9 97 91.9 89.3 81.2
136.5 143.8 153.4 155.1 124.4 112.4 99.8 86.9 80.7 76.6 76.6 76.6 76.6 76.6 76.6 76.6 76.6 76.6 79.6 97.5 105 112.6 121.6 123.5 128.7 133.4 129.4 130.1 120.5 109.4 103.1 100.8 90.4 78.2 64.2 52.1 54.3 57.5 63.5 73 73 68.6 62.3 57.7 30.4 6.6 -2.2 -2.2 -2.2 -2.2 -2.2 -2.2 -2.2 -2.2 -2.2 -2.2 -2.2 -2.2 2.4 8.2 13.5 24.6 33.1 39.9 48.7 50.3 48.9 52.9 59.5 65.6 71 77.7 88.9 99.2 105.9 111.7 110.6 110 94.8 91.3 91 86.3 81.1
125.1 133.9 131.1 125.4 117.4 111.6 100.7 88.7 85.8 76.6 76.6 76.6 76.6 76.6 76.6 76.6 76.6 76.6 76.6 96.6 107 118.2 127 130.5 129.7 130.8 129.5 131 123.7 110.9 96.4 89.9 85.4 78.3 66.6 53.3 53.4 58.9 66.8 73.6 78.8 75.1 68.8 64.2 53.2 13.5 -2.2 -2.2 -2.2 -2.2 -2.2 -2.2 -2.2 -2.2 -2.2 -2.2 -2.2 -2.2 -2.2 7 14 21.5 28.9 39.5 46.7 47.3 46.3 49 56 61.3 69.1 71.9 84.6 94.8 107.8 111.2 110.7 108.5 99.1 87.3 85.1 77.6 68.7
111.1 117.2 119 107.9 109.3 109.7 102.5 95.4 90.5 82.5 76.6 76.6 76.6 76.6 76.6 76.6 76.6 79.1 89.8 91.7 108 117.6 123.5 127 127.6 129.9 124.6 127 119.8 107.5 93.1 86.7 80.7 70.7 61.7 54.9 54.8 63.3 73.9 78.5 79.3 77.4 72.4 68.5 61.7 42.6 12.2 -2.2 -2.2 -2.2 -2.2 -2.2 -2.2 -2.2 -2.2 -2.2 -2.2 -2.2 -2.2 5.9 14 22.5 32.1 40.2 42.7 43.2 43.3 43.5 55 68.7 69 71.7 84.6 94.8 104.3 110.6 110.8 106.6 99.1 82.8 77.3 67.7 63.4
100.7 100.6 101.2 102.5 103 103.2 101.2 100.7 94.4 85.4 79.4 76.6 76.6 76.6 76.6 76.6 77.4 83.2 91.9 99.1 101.8 113.8 121.2 122 120 122.2 112.1 109.2 106.9 99.4 89.3 80.5 77.5 73.1 63.5 54.7 56.4 68.7 80 85.8 82.7 78.8 77.5 72.6 63.3 49.7 36.1 -2.2 -2.2 -2.2 -2.2 -2.2 -2.2 -2.2 -2.2 -2.2 -2.2 -2.2 -2.2 5.4 11 17.2 26.4 37.4 39.5 40.8 41.2 40.8 48.3 63.2 69.5 70.5 86 98.7 107.2 109.1 110.2 108.7 96.8 80 80.5 65.4 60.4
91.2 94.3 98.3 99.8 99.8 96.1 99.4 100.9 99.2 94.8 84.6 78.3 76.6 77.6 80 84.6 84.9 87.5 94 98.8 99.3 110.2 113.2 118.6 111 104.7 97.9 97.8 97.7 93 84.8 76.4 70 67.5 63.5 56.1 56.3 69.2 79.1 84 84.1 79.7 78.5 74.9 65.2 54.9 42 16.5 -2.2 -2.2 -2.2 -2.2 -2.2 -2.2 -2.2 -2.2 -2.2 -2.2 -2.2 2.5 5.9 13.3 20.6 29.4 31.5 34.8 35.7 36.3 41.9 58.3 68.6 71.1 82.6 96.4 104.1 108.3 110.5 109.4 101.3 90.3 75.8 61.2 60.4
86.9 93 97.2 101.1 103.4 89.4 92.7 99.8 100.9 100.3 90.1 84.3 78 76.7 84.3 90.1 95 98.5 99.5 104.1 107 99 106.8 111.6 108.7 98.5 94.7 98.8 97.7 91.1 86.8 80.4 65.4 65.4 67.5 59.5 53.8 67.1 80.9 81.9 83.9 82.2 80.9 78.2 69.3 58.9 49.8 36.9 16.8 5 -2.2 -2.2 -2.2 -2.2 -2.2 -2.2 -2.2 -2.2 -2.2 -2.2 4.1 10.5 15.4 22.2 23.9 29.3 30.6 33 34.5 49.6 60.9 63 70.7 93.9 103.8 110.7 111.7 109.8 99.5 88 73.1 61.9 61.9
83.8 90.5 97.2 101.4 96.9 85.4 88.7 97.6 99 99.9 92 85.7 81 78.6 80.4 89.1 94.4 99.5 100 103.9 110.6 102 102.3 109.2 103.3 98.4 92 97 96.7 89.5 79.5 70.6 65.4 65.4 70.3 61.8 54.1 67.6 76.8 80.4 83.9 88.3 85.3 79.6 73.1 67.1 59 46.2 21.5 -2.2 -2.2 -2.2 -2.2 -2.2 -2.2 -2.2 -2.2 -2.2 -2.2 -2.2 3.4 7.5 10.4 15.4 19.7 23.2 25 27.8 30.8 41.4 52.2 55.7 68.8 83.1 95.9 109.7 111.2 106.9 98.4 81.5 63.7 59.7 60.4
77.7 87.5 97.1 98.8 92.1 85.4 89.6 96.8 99 100.7 100.1 88.5 86.3 86.1 79.4 80.2 88.6 95.1 99.5 99.4 106.7 100.8 95.8 103.4 103.5 100.2 92.3 89.7 89 86.9 77.7 69 66.5 69.7 69.1 63.8 55.2 66.3 72.5 78.1 80.2 80.7 80.9 80.6 76.5 70.3 63.4 56.1 39 11.7 -2.2 -2.2 -2.2 -2.2 -2.2 -2.2 -2.2 -2.2 -2.2 -2.2 1.6 4.6 7.8 11.1 15.6 17.2 25.6 29.2 29.9 37.3 40.4 52.6 71.1 81.4 95.7 103.8 108 104.1 95.9 89.1 58.4 59.7 60.3
73.8 80.2 86.4 91.1 87.3 86.2 93.1 99.3 99.4 100.3 98.9 93.6 85.1 89.6 78.3 80.4 85.6 89.8 96.3 99.1 101 103.7 92.5 94.1 100.1 100.5 94.1 90.3 87.8 82.5 74.8 66.8 66.8 65.9 65.2 60.1 53 67.8 73.8 76.7 79.2 80.9 80.1 79.3 74.9 69.1 66.8 62.3 49.5 17 -2.2 -2.2 -2.2 -2.2 -2.2 -2.2 -2.2 -2.2 -2.2 -2.2 -2.2 3 6.6 9.9 11.5 13.8 27.7 30.9 30.8 32.1 39.2 48.6 59.8 70.7 81.7 89 96.2 96.5 86 76 45.5 54.2 58.5
72.7 71.4 80 82.2 82.5 80 89.3 89.5 96.8 98.2 98.6 93.5 81.3 80.3 79 82 88.9 90.2 90.9 92.3 93 100.4 83.8 85.6 93.1 98.1 92.9 91.7 83 77.9 72.6 63.8 62.8 61.8 60.4 55.3 48 70.9 76.5 76.1 78.5 80.8 79.7 78.9 75.6 68.7 68.7 68.3 61.4 38.8 19 10.8 -2.2 -2.2 -2.2 -2.2 -2.2 -2.2 -2.2 -2.2 -2.2 -2.2 4.6 8.4 11.7 15.1 27.4 30.9 30.6 30.1 37 46 57.9 64.8 71.6 81.3 88.7 84.9 75.7 63 42.9 54.6 60.9
71.4 72.5 71.4 74.6 72 72.5 83.1 89.2 89.2 92.5 101.6 90.5 81.3 79.8 69.5 82 90.8 91 84.1 90.9 86 87.1 80.9 71.5 78.5 88.5 88.1 87.1 79.3 76.3 66.5 60.1 60.5 60.8 57.3 50.1 39.9 65.8 75.4 73.7 74.1 78.4 76 76.8 74.8 68.7 70.4 67.9 60.7 50.7 29.3 21.7 11.2 -2.2 -2.2 -2.2 -2.2 -2.2 -2.2 -2.2 -2.2 -2.2 3.2 6.2 13.6 20.3 27 30.4 30.7 30 28.8 42.5 53.4 62.4 68.2 71.6 78.3 76.4 72.1 61.4 43.9 52.4 53.2
71.4 71.4 71.4 71.4 71.4 71.4 77.6 86.4 89.8 89.4 90.5 84.8 79.8 79.4 68.9 72.5 80.9 81.7 80.2 85.1 81.5 78.7 75 59 70.6 75.4 70.8 70.6 66.6 65.2 48.3 51.2 59.3 55.9 45.9 33.1 29.3 53.3 79 81 72.8 72.8 74 76.7 78.4 71 70.6 66.6 60 53.7 37.5 29.6 22.1 -2.2 -2.2 -2.2 -2.2 -2.2 -2.2 -2.2 -2.2 2.1 8.6 5 11.2 18.9 21.9 25.5 30.9 29.1 30.3 30.9 43 53.6 57.8 62.1 68 68.9 62 54.7 40.9 44.7 46.9
71.4 71.4 71.4 71.4 71.4 71.4 75.6 81.5 88.1 89.1 89.2 84.7 80.5 78.5 70.4 62.4 71.6 68.7 70.6 81 76.5 69.9 65.3 49.1 59.4 66.4 56.4 51.1 44 45.7 34.4 38.4 50.7 44.6 36.7 28.1 19.7 44.3 71.9 83.4 76.2 73 74 77.6 77.5 70.3 70.1 68.9 58.4 49.5 40.1 35.9 38.9 21.4 -2.2 -2.2 -2.2 -2.2 -2.2 -2.2 -2.2 -2.2 10 5.6 7.9 14.9 18.3 23.7 29.3 29 28 30.4 33.2 43.6 53.2 60.2 68.2 66 58.8 51.8 45.1 38.9 42.4
71.4 71.4 71.4 71.4 71.4 71.4 72.7 80.5 83.6 89.5 89.2 86.6 75 72.1 68.9 61 62.9 68.2 60.5 63.8 68.6 63.5 55.9 46.6 41.1 46.2 41.7 29.2 27.3 27.3 23.5 26.8 36.1 36.1 32.9 17 24.7 45 60.7 71.9 72.8 72.8 74.7 77.3 77.5 73.2 70.7 67.1 58.5 49.9 38.7 37.5 47.6 30.9 -2.2 -2.2 -2.2 -2.2 -2.2 -2.2 -2.2 -2.2 -2.2 -2.2 5.4 11.2 16.9 23 29.4 29.4 26.7 26.3 30.1 44.6 55.5 61.4 67.7 70.2 62.6 50.6 40.4 31.8 36.5
71.4 71.4 71.4 71.4 71.4 71.4 71.4 76.1 80.5 89.6 89.7 90.1 68.9 69.6 69.9 68.6 59.1 59.9 59.3 61.7 67.1 62.1 58.2 46.1 33.4 32.7 29.6 19 20.1 16.7 15.5 17.1 21.1 25.6 27.2 27.1 15.8 36.7 51.1 60.2 69 71.8 73.5 78.1 80.9 79.9 71.8 67.4 60.8 49.3 40.9 30 37.9 30.3 13.3 3.5 -2.2 -2.2 -2.2 -2.2 -2.2 -2.2 -2.2 -2.2 -2.2 8.3 15.8 23.8 28.8 28.3 23.3 22.7 29.4 43.3 53.4 60.7 69.6 65.9 62 55.3 38.5 29.9 33.4
71.4 71.4 71.4 71.4 71.4 71.4 71.4 71.4 78.2 83.4 91 91.3 73.1 68.8 68.3 64 58.7 59.6 62.7 69.3 69.6 64.9 55.6 44.1 38.5 23.3 18.7 13.9 9.5 10.5 12.5 14.4 12.9 12.9 18.6 25.4 15.8 30.3 54.4 59.4 67 70 70.3 73.4 77.1 76.3 72 70.3 60.4 39.7 35.3 27.1 28.3 28.7 20.4 26.6 17.7 -2.2 -2.2 -2.2 -2.2 -2.2 -2.2 -2.2 -2.2 7.2 14.9 19.4 29 25 21 27.4 29.7 39.8 52.5 59.9 69.2 61.8 59.7 52.6 38.9 29.9 33.7
71.4 71.4 71.4 71.4 71.4 71.4 71.4 71.4 71.4 77.9 86.7 91.3 73.7 73.2 73.4 66.6 60.5 59.3 62.7 70.9 70.6 67.3 57.1 35.8 30.9 18.1 12.6 8.8 7.5 8.2 10.4 12.6 13.3 12.9 13.7 17.7 11.2 26.7 52.8 53.5 69.1 70.9 70.1 69 70.7 70.9 68.6 67.5 57.1 47.3 30.2 29.1 18.9 20.5 19.7 30.4 22.5 -2.2 -2.2 -2.2 -2.2 -2.2 -2.2 -2.2 -2.2 -2.2 10.7 15 19.7 20.8 20.9 27.4 29.5 38.1 42.9 51.3 65.2 60.3 55.3 49.3 38.5 32.7 30.5
71.6 71.4 71.4 71.4 71.4 71.4 71.4 71.4 71.4 73.8 87.8 92.8 78.3 74.6 81 81 61.8 58.2 62 70.5 70.9 58.4 41.9 29.5 22.7 19.7 11.7 6.5 6.5 7.9 9.9 11.7 13 12.7 17.3 14.3 9.1 22.6 50.8 47.8 64.7 69.4 70.5 70.6 69.4 63.8 60.2 56.5 50.4 45.1 30 28.2 13.3 13.4 15.5 24.3 22.1 11.9 -2.2 -2.2 -2.2 -2.2 -2.2 -2.2 -2.2 -2.2 4.2 7.9 12.1 15.7 19 19.6 23.6 28.6 34.7 39.6 49.6 59.1 52.6 38.2 37.9 33.6 27
71.2 71.3 71.4 71.4 71.4 71.4 71.9 72.4 75.9 71.4 76.4 88.1 75.9 78.9 79.4 81.6 71.9 58.4 60.6 68.9 67 52.4 42.5 29.2 22 17.9 12.7 5.9 6 7.6 9.3 10.7 12.2 13.6 16.2 11.8 7.4 23.9 39 39.2 54.7 60.1 62.2 65.2 61 59.5 52.3 47.3 41.3 34.6 37 41 16 1.8 13.1 23.8 21.5 14.1 1.7 -2.2 -2.2 -2.2 -2.2 -2.2 -2.2 -2.2 -2.2 -2.2 8.2 10.3 16.9 20.5 19.6 15.8 29.3 30.1 35.4 40.7 44.3 29.7 33.2 28.5 21.4
71.1 71.1 70.6 76.5 71.7 75.4 77.9 77.3 74.6 78.6 71.4 76.6 76.1 76.2 80 79.9 74.6 60.4 60 59.3 58.5 52.6 45.3 32 21.3 17 13.7 7.5 5.1 6.9 9.3 10.5 11.9 10.8 12.3 8.9 5.3 25.7 35.9 28.3 39.6 46 47.6 51.7 52 48.2 45.6 43.7 38 37.6 41.6 40 23.9 3.8 1.8 14.6 19.5 17.9 -2.2 11 -2.2 -2.2 -2.2 -2.2 -2.2 -2.2 -2.2 -2.2 -2.2 8.7 15.7 20.6 17.5 15.8 25.7 25.4 28.6 38.7 35.5 27.2 22 19.5 18.6
70.6 70.3 68.9 85.3 88.2 85.3 79.9 80.4 80.5 79.4 77 72.1 76.8 71.9 76.3 80.4 72.1 63.9 53.2 56.9 52.9 51.9 42.2 33.3 18.2 18.9 16 11.4 5.5 4.1 7.8 11.1 9.8 11.5 10.1 8.5 4.4 21.8 34.3 21.1 22.4 27.9 25.8 33.3 42.6 45.8 43.1 47.7 46.2 40.7 41.6 31.2 20.2 7.9 -2.2 -2.2 6.4 9.7 -2.2 10.8 -2.2 -2.2 -2.2 -2.2 -2.2 -2.2 -2.2 -2.2 -2.2 -2.2 8.8 15 20.2 15.8 18.3 22.9 29.1 28.3 28.3 28.3 27.2 24.6 20.5
69.7 69.4 77.3 88.1 91 92 84.1 80.7 81 81 77.4 73.4 68.6 66.3 71.3 74.3 70.8 63.2 44.3 49.6 50.5 50.3 47.2 35.2 16.4 16.7 15.6 17.8 -2.2 -2.2 5.7 9 16.9 17.7 12.9 8.6 3.3 14.1 16.4 15.6 13.9 18.3 22.9 36.4 49.9 48.5 47.1 46.5 42.6 40.1 32.4 23.5 -2.2 -2.2 5.6 -2.2 1.2 -2.2 -2.2 -2.2 -2.2 -2.2 -2.2 -2.2 -2.2 -2.2 -2.2 -2.2 -2.2 -2.2 5.5 14.2 23.4 18.7 18.3 23.8 29.2 28.7 28.3 33.2 36.7 34.8 31.8
64.2 70.2 83.1 90 91.4 91.8 90.2 80 80.8 79.8 74.9 71.6 64.1 60.5 66.7 72 73 60 35.9 44.4 50.7 46.5 42.9 33.2 18.7 12.3 8.7 11.4 -2.2 -2.2 3.9 7 13.7 13.4 7.9 6.2 -2.2 -2.2 12.4 12.2 13.2 18.8 24.4 33 57 44.5 44.5 48.2 39.2 35.6 30.6 14.4 -2.2 -2.2 9.9 -2.2 -2.2 -2.2 -2.2 -2.2 -2.2 -2.2 -2.2 -2.2 -2.2 -2.2 -2.2 -2.2 -2.2 -2.2 -2.2 17.6 25.7 20.3 18 23.4 28.4 32.7 33.8 41.6 44.7 42.7 42.5
61.7 79.6 87 89.4 90 90.4 90.9 82.1 77.2 76.1 72.6 71.8 65.5 60.5 70.8 79 72.5 62 35.9 31 39.7 36.3 32.5 30.3 22.4 5.9 4.5 7.5 -2.2 -2.2 3.5 4.6 6.1 4.2 2.2 -2.2 -2.2 -2.2 -2.2 14.1 14 19.8 25.3 33.2 46.2 44.5 44.5 42.4 35.8 31.7 29.7 11.3 -2.2 -2.2 -2.2 -2.2 -2.2 -2.2 -2.2 -2.2 -2.2 -2.2 -2.2 -2.2 -2.2 -2.2 -2.2 -2.2 -2.2 -2.2 -2.2 26.7 28.7 18.7 14.5 22.9 26.6 26 32.5 43.3 40.4 40.4 47.2
