app/static/ascii/NG25.asc
ncols 200
nrows 200
xllcorner 120000
yllcorner 850000
cellsize 50
[rows 108 to 143 of 200, columns 82 to 163 of 200]
170.5 199.9 215.6 226.9 241.5 253.8 271.3 288.8 300.5 303.2 306.3 306.4 300.4 283.9 268.2 255.7 239.8 221.8 203.3 188.6 169.2 156.8 149.6 148 138.6 128.3 118.8 84.8 46.5 39.6 36.8 31.4 22 -1.9 -1.9 -1.9 -1.9 -1.9 -1.9 -1.9 -1.9 -1.9 -1.9 -1.9 -1.9 -1.9 -1.9 -1.9 -1.9 -1.9 -1.9 -1.9 11.7 53.6 58.7 62 62.9 65.7 68.3 60.2 62 65.7 68.4 73.8 93.8 99.2 105.1 115.9 122.6 127.9 138.8 152.7 163.2 165.5 172.2 179.7 189.3 200.9 210.3 218.1 231.4 237.1
170.3 192.8 212.6 224.9 236.7 254.1 269.1 292 297.1 301.3 305.9 307.8 303.3 290.1 275.3 259.6 246 231.4 208.8 197 181 163.9 155.2 145.6 140.3 131.6 126.8 107 69.6 48.7 46.4 39.2 25.9 25.7 -1.9 -1.9 -1.9 -1.9 -1.9 -1.9 -1.9 -1.9 -1.9 -1.9 -1.9 -1.9 -1.9 -1.9 -1.9 -1.9 -1.9 -1.9 8.5 51 56.8 61.1 66.6 70.4 61.9 59 62.1 63.9 67.5 78.9 91.4 94.9 102.3 118 125.8 127.2 135.9 147.1 163 165.2 173.8 179.1 184.3 195.4 205.3 215.7 221.4 229.5
169.7 190.7 210.6 221.5 236.3 252.1 265.8 285.8 292.9 298.7 305.3 310.4 307 295.3 281.2 268.9 250.6 240 218.9 205.1 190.8 176.1 162.3 150.7 141.7 137 129.9 123 98.4 64.9 63.9 54.8 35.3 24.9 13.1 -1.9 -1.9 -1.9 -1.9 -1.9 -1.9 -1.9 -1.9 -1.9 -1.9 -1.9 -1.9 -1.9 -1.9 -1.9 -1.9 -1.9 16.4 50.4 58.7 64.7 65.5 69.5 71.2 58.3 59.8 63.9 71 84 88.5 92.7 103 120.2 126 130.4 138 150.1 157.3 161.4 168.5 173.6 180.1 192.2 202.8 208.4 217 218.8
163.9 186 208.1 216.6 232.5 247.1 262 279.7 289.8 296.6 306.4 310.6 306.5 298.2 286.2 275 260.4 242 222.8 209 194.9 187.2 171.2 160.1 151.1 139.1 131.2 122.4 116.3 89.7 67.2 56.4 40.6 24.9 15.8 -1.9 -1.9 -1.9 -1.9 -1.9 -1.9 -1.9 -1.9 -1.9 -1.9 -1.9 -1.9 -1.9 -1.9 -1.9 -1.9 -1.9 28.1 50.5 59.7 61.4 64.6 67.4 68.4 60 58.1 67 74.1 80 85.8 90.2 102.5 116.5 122.7 129.2 142.6 146 151.4 157.4 163.6 168.5 173.7 188.7 198.8 204.3 210.6 214.1
158.9 177.3 199.5 212.8 226.9 242.9 260 279.5 288.1 296.3 310 306.2 303.8 298.1 292.6 278.3 267.1 246.4 227.2 218.5 205.7 189.5 178.8 169.2 155.6 140.3 131 129.2 120.5 103.2 77.6 58 47.2 30.1 19.4 -1.9 -1.9 -1.9 -1.9 -1.9 -1.9 -1.9 -1.9 -1.9 -1.9 -1.9 -1.9 -1.9 -1.9 -1.9 -1.9 -1.9 29 47.6 59.1 59.2 63.5 65.8 66.2 59 58.2 70 72.8 84.4 86.7 88 104.6 112.1 120.7 131.3 142.4 146.1 148.3 153.2 159.5 165 170.5 179.6 191.9 197.7 203.3 210.7
155.1 167.6 192 207.1 222.9 238.3 255.2 276.5 284.3 293.8 308.5 304.3 300.1 295.8 291.9 281.5 271.4 259.3 242.2 233.6 222.4 199.5 184.7 172.6 159.3 149.6 137.4 132.3 126.6 117 98.2 61.4 50.4 40.5 22 13.9 -1.9 -1.9 -1.9 -1.9 -1.9 -1.9 -1.9 -1.9 -1.9 -1.9 -1.9 -1.9 -1.9 -1.9 -1.9 -1.9 10.9 37.3 52.9 59 67 69.7 69.4 60.3 58.9 65.5 75.2 82.8 85.5 87.3 100.6 109.1 114.9 128.9 139.2 143.6 147 150.1 156.4 161.2 168.2 176.6 182.5 189 200.2 208.5
152.7 161.6 181.2 198.9 215.5 232.3 249.8 265.8 278.3 284.4 293 295.4 294.6 294.1 292.1 286.5 277.4 269.8 252.5 241.4 228.7 207.3 189.7 179.4 165 156.2 146.1 135.7 128.9 122.5 112.3 79.9 50.2 41.2 25.6 13.7 13.8 -1.9 -1.9 -1.9 -1.9 -1.9 -1.9 -1.9 -1.9 -1.9 -1.9 -1.9 -1.9 -1.9 -1.9 0.9 3.1 34.3 50.1 57.5 66.4 73.9 72.1 61.5 60.6 67.9 75.6 79.9 82.2 88.7 95.2 104.5 113.1 126.3 135.5 139.4 141.8 145.5 150.1 158 164.8 173.8 180.5 190 196.7 203.1
151.2 158.1 178.3 192.1 208.3 226.1 241.4 255.8 266.9 275.8 281.9 286.5 287.9 288.9 290.7 289.6 284.9 274.7 264.5 251.3 237.3 223.1 203.1 185.3 174.2 165 153.7 142.9 130.6 124.4 118.6 97.9 64 44.4 33.3 17.5 18 -1.9 -1.9 -1.9 -1.9 -1.9 -1.9 -1.9 -1.9 0.4 1.5 1.5 1.2 1.7 1.9 3.7 7.3 21.9 47.7 59.2 67.8 73.5 71.4 60.9 53.1 61.5 73.9 79.7 82.5 87.9 91.1 100.7 108.6 117.5 118.9 133.2 138.3 145.3 153.4 159.5 170.1 178.8 181.5 187.5 195.8 203.5
147.1 153.7 175.3 186.9 203.2 220.9 236.8 244.5 256.1 267.9 274.7 277.7 281.6 284.4 288.4 291.3 289.6 282.9 270.2 260.1 246 232.8 218.1 194.8 180.4 173 161.3 150.3 137.1 125.3 123.2 119.5 95.1 55.9 40.9 25.7 20.1 17.3 -1.9 -1.9 -0.8 -0.7 -1.4 -1.9 -1.9 1 7.9 21.6 11.7 11.8 12.1 9.4 12.7 17.8 40.7 55.1 66.6 69.6 67.7 59.7 51.8 67.1 75.7 77.6 79.8 84.4 91.7 101.3 110 117.1 126.1 132.9 138.5 144.7 152.1 163 172.4 180.8 183.4 195.4 199.2 202.6
142.5 146.7 164.4 183.2 198.6 210.8 225.4 236.3 247.2 257.2 268 273.1 275.9 279.9 285.4 293.8 291.7 285.7 277.5 265.8 254.1 239.7 227.5 204 187.3 179.9 174.9 159.7 140.4 132.4 120.9 119.6 104.4 80.2 58.5 48.3 36.6 24.2 14.1 1.5 1.1 0.6 -0.2 -1.1 -1.9 0.7 7.5 12.7 13.6 13.3 13.3 15.4 19.6 21.6 26.3 48.8 56.3 60.9 62.5 60.4 51.1 58.2 70 75.8 82.2 91.9 99.5 109.9 113.1 113.9 126.4 133 137.7 145.6 152.9 163.6 173.5 177.5 183.8 190.8 199.3 204
140.5 144.9 157.3 178.3 184.8 204.8 216.5 227.9 237 246.9 258.4 267.3 269.2 273.3 280.3 289.2 291.9 290.6 283.7 274.7 263.6 250 228.1 220 199.8 182.9 174.7 164.1 151.9 131.8 124.4 114.6 113.2 105.3 85.8 82.2 72.3 51.1 31.3 13.2 3.3 1.9 1 0.2 -1.9 -1.9 9.4 9.2 10.7 13.4 15.6 19.4 22 25.4 26.4 43.2 50.3 54.5 60.3 59.2 46 64.8 71.7 76.9 82 89.1 103.1 109.4 113.5 117.4 122.7 130.8 138.4 146.4 158.3 165.7 173.2 179.9 185.3 189.6 195.3 200.9
132 140.5 152.6 169.5 180.3 190.4 215.8 222.1 229.4 237.3 246.6 257.6 263.5 268.8 276.1 288.9 291.3 293 290 282.7 270.4 258.3 238.1 225.2 210.2 188.2 174.8 161.8 154.5 135.7 133.3 123.7 111.4 110.3 108.1 97.9 96.4 86.6 68.5 47.1 26 9.7 2.5 2.4 -1.9 -1.9 3.2 11.5 13 19 19.6 21 23.6 26.6 30.6 31.9 48.2 51.6 55.9 55.4 44.8 61.7 72.4 75.8 79.3 90.8 105.9 108.2 112.5 117 120.9 130.7 136.9 143.5 156.3 168.8 175.1 178.6 183.9 187.4 192.3 198.3
126.9 134.2 145 159.2 175.1 181.7 206.7 220.3 222.5 229.8 237.2 246.1 255.8 264.4 273.1 285.3 290.5 298.2 294.7 290.6 277.4 264.1 247.7 226.3 212.2 190.9 178.9 169 157.5 147 136.8 131.7 120 108.5 107.2 101.7 98.5 95.2 87.8 71 53.3 33.2 22.8 32.5 29.2 13.1 2.8 4.4 14 14.2 22.1 23.7 24.9 27.1 32.8 36.1 38.6 48.4 52.2 52.2 45.5 58.2 67.9 76.3 81.3 85.5 99.6 106.8 112.4 118.2 121.2 127.8 136.4 144.5 157.6 166.1 173.2 176.5 181.3 185.9 189.4 196.3
123.5 126.1 134.8 151.6 170.5 177.6 192.1 216.9 220.9 224.7 228.4 238.9 247.3 258.4 267.1 280 289 296.4 296.8 290.2 279.9 268.9 254 229.9 216.4 208 191 177.5 166.4 155 145.5 135.7 134.5 122.6 110.4 105.6 99.3 96.5 92 87.2 83.9 63.3 48.1 63.3 54.3 44.1 22.7 3.3 9.3 9 12.2 20 22.6 26.6 31.3 35.3 37.9 49.3 54.5 52.3 36.5 57.1 64.7 73.8 81.3 87.7 93.7 104.7 110.6 117.1 127.9 132.6 138.6 146.8 154.7 163.9 172.3 174.6 177.9 182.9 188.2 194.2
120.8 121.9 124.3 144.3 163.3 173.4 178.3 201.1 217.4 221 223.7 232.5 241.9 251.9 262.5 271.3 281.2 292.6 294.1 293.2 290.8 285.6 271.4 246.7 218.5 212.3 203.2 185.7 176 166.1 149.1 144 135.6 131.2 120.7 111.5 106.3 99.7 95.7 92 89.2 83.6 74 75.9 70.8 52.1 39.9 9 2.7 3.5 5.2 12.1 17.3 22 25.9 32.5 34.4 38.3 51.2 52.5 35.6 55.8 60.8 71 79.2 88.5 94.7 103.5 111.5 120.5 127.3 134.6 137.9 146 152.2 160.1 166.9 172.4 175.4 179.3 186.1 192.5
114.2 116.5 121.7 136.6 152 165.6 170.9 187 207 215.7 222 230.4 239.1 251.5 266 270.9 282 292.1 295.4 297.3 298.5 294 278.5 257.1 232.8 217 209.7 199.4 184.5 175.5 160.2 144.4 142.2 134.7 128.7 119.3 112.6 102.1 100.8 93.7 91.9 86.4 84.4 82.4 73.9 58.1 49.2 33.5 3 2.7 3.9 6.6 13.3 16.3 20.3 27 30.2 34.1 35.4 47.6 26 56.2 60.8 68.3 77.8 90.1 92.6 99 110.3 118.6 126.9 132.4 136.7 143.4 150 156.6 163.4 166.5 171.2 176.8 182.1 188.7
109.3 116.5 125.8 133.4 145.3 165.1 170.8 183.6 204.6 216.2 227.8 231.5 238.6 249.4 262.6 268.8 276.6 288.7 294.2 296.7 296.6 294.8 283.9 264.3 246.7 224.2 212 204.3 190.4 175.6 164 150 146.8 143.1 132.3 126.6 117.1 113.2 103.8 98.3 92.5 90.6 88.2 83.3 79.4 73.3 66.3 47.4 28.8 4.1 3.6 4.6 6.8 12.2 15.6 21.3 25 25.9 22.5 19.5 26.2 54 61.1 66.3 76.7 85.7 90.7 95.5 104.5 113.7 125 132.3 144 147.8 145.8 151.3 155.5 161.2 166.8 172.8 179.4 184.6
111.5 115.2 124 130 138.5 155.7 168 181.2 200.6 216.3 230.3 234 239 247.7 259.2 266.4 273.6 291.1 294.5 297 296.2 295 293.1 276.9 258.8 230.3 216.7 208.3 195.5 178.3 166.6 157.2 153.9 153.6 140.4 131.5 124.7 115 112.1 102.1 97.3 93.7 90.3 88.1 84.6 81.1 71.4 56 42.8 31.8 7.1 4.4 5.4 6.1 9.2 14.1 18.5 18.8 18.4 37.9 33 50.8 59.4 63 73.7 83.9 91.9 97.5 103.3 109.6 120.1 132.4 139.7 143.9 148.1 148.9 152.8 155.8 162.9 171.2 174.8 180
113 116.5 124.8 132.7 135.6 154.5 166.4 183.8 198.1 213.2 228.3 233.1 237.5 247.3 258.9 264.4 270.1 283.2 291.9 297.2 297.8 295.6 293.2 286 265.3 244.1 229.4 215.6 207.2 190.2 171.6 164 151.9 152.1 147 132.8 125.4 121.2 112.2 106.1 101.8 97 93.8 91.5 87.9 82.8 78.2 69 59.2 52.2 35.9 14 8.3 6.7 7.1 6.1 10.5 14.6 16.9 30.3 43.8 59.7 66.1 66.1 74.4 81.6 88.4 94.5 98.6 107 115.5 128.5 137.9 141.9 146 150.1 153.5 153.6 162.2 167.6 172.8 179.8
111.8 118 122.1 133.5 137.2 153.2 167.9 183.5 196.9 213.3 221.3 229.1 236.3 246.2 257.4 264.6 268 276.7 287.7 295.8 299.2 296.4 292.7 287.4 278.6 261 242.6 227.8 217.1 200.4 179.4 167.3 159.1 147.6 142.4 135.6 128.2 119.3 113.3 108.4 104.6 101.4 95.2 93 90.3 84 81.3 77.8 72.6 61.5 51.6 40.8 31.7 22.8 15.1 11 8.6 9 13.4 23.3 27.9 58.3 66.4 69 72.3 79.3 85.5 92.4 99.6 102.8 112.1 123.9 132.4 140 141.2 141.6 145.9 153.9 157.4 166 172.4 181.5
113.1 118.8 122.3 130.6 143.3 152.7 173.1 186.9 201.6 216.3 221.6 226 233.5 242.6 255.1 263.4 268.4 273.9 286.5 293 299.2 298.8 302.4 299.4 288.8 269.3 254.7 237.1 221.7 207.1 191.9 175.2 160.4 151.3 150.1 144.9 136.5 127.6 118.2 113.8 110.6 109.2 98.8 94.6 91.4 87.4 82.6 81 75.2 68.3 63.8 61.3 58.9 49.8 36.3 29.7 18.4 10.5 9.8 16.1 21.9 56.8 68.1 71 73.1 76.1 84.4 93 99.2 107.6 109.3 119.4 130.5 126.7 140.6 146.6 150.4 160.5 163.7 167.6 173.5 179.1
114.7 120.3 122.8 131.1 142 154 173.2 188.7 200.7 212.4 216.4 224.6 231.6 240.8 253.4 261.8 266.8 272.5 283.2 295 299.3 301.7 304.2 302.4 299 286.5 266.4 245.6 232.7 219 202.8 189.2 170.7 157.9 149.8 146.7 144.1 135.5 126.6 119 115.5 112.7 106.4 100.4 93.8 90.7 87.5 84.4 81.7 75.8 70.5 68.4 66.3 62.1 56.8 49.4 39.3 29.6 22 13.2 16.5 53.3 68.6 74.1 73.8 75.6 82.3 90.9 97.9 104.3 111.1 115.5 126.3 134.4 142.6 148.8 152 158.1 164.1 170.3 174.7 180.2
122.7 120 123.6 129.3 140.4 149.7 167.1 181.2 199.9 212.8 212.8 223 228.8 238.8 252.8 260.7 267.1 273.3 281.9 287.8 295.7 301.7 307.7 309.8 305.3 300.5 283.8 265.5 242.8 224.8 210 194.9 177.2 159.9 155.4 145.9 146.2 144.2 136.5 124.7 119.7 117.6 109.8 102.8 99.6 92.5 90.2 86.8 86.4 83.1 77.6 74.9 71.9 67.2 62.1 61.6 53.3 42.9 38.2 25.6 12.9 45.5 68.3 72 74.6 75 78.6 92.9 98.4 104.8 110.5 114.5 125.2 139.3 141.2 145.7 151.4 157.2 164.4 169.8 177.9 183.9
125.2 123.2 127.1 132.5 138.5 144.8 156.5 172.6 195.2 207.5 211.1 213.6 226.4 239.9 253.2 261 274 280.8 284.7 287.9 300.8 304.1 310 318.2 311.7 304.7 296.8 272.9 254.5 238.1 221.6 208 193.3 173.8 159.2 152.3 144.7 145.7 146.5 131.5 122.7 119.8 117.1 107 101.2 95.1 92.4 90.5 88.2 87.9 85.5 81.7 78.1 71.8 67.5 66.4 61.4 53.1 43.6 35.9 13.1 40.1 67.8 72.6 75.3 75.8 79.2 89.1 96.2 102.9 107.3 117.4 121.4 136.3 141.5 145.2 148.1 158.1 166.8 172.6 180.5 188.3
124 127.4 129.5 137.8 143.9 149.3 152.2 160.9 175.8 194.6 204.6 214.6 229.6 245.4 255.1 264.6 280.8 290.1 293.2 294.8 300 305.3 310.3 318.1 315.1 312.5 302.6 287 271.4 248.6 235.8 221.3 204 185.1 167.7 156.5 149.1 143.8 144.6 141.2 129 125.3 119.6 111.6 104.9 99.2 95.8 93.6 89.9 88.3 88.1 87.6 85.6 79 73.6 70.8 67.8 59.8 49.5 42.2 14.3 39.6 69.5 71 74 76.3 78.8 83.9 94.7 99.8 103.8 116.1 122.3 131 139.3 144.1 150 156.5 163.3 170.1 177 187.5
122.7 127.1 133.3 144.5 153.9 158.8 155.5 162.7 180 196 206.2 217 232.2 246.2 252.9 267.9 283.4 295.8 303.7 302 301.7 305.2 311.2 315.1 317.4 317.1 309.9 296.9 273.5 259.6 244.8 228.3 212.3 192 179.7 166.4 154 144.2 141.2 142.5 135.5 129 122.8 115.3 111 104 98.4 96.1 91.5 88.7 88.5 87.4 86.5 83.2 77.3 73.2 70.3 64 54.9 41.5 15.1 45.7 66 70 73.8 74.1 77.8 83 91.4 96.5 103.5 115.8 126.2 128.4 135.9 144.8 150.6 156.2 161.9 167.3 177.6 188.2
123.5 131.8 141.7 149.5 157.7 167.9 170.4 163.7 183.1 195.1 204.8 216.2 228.2 246.6 253.5 275.4 285 295.6 302.5 305.7 306.1 306.8 310.9 314.5 318.3 318.3 313.8 302.8 286.2 270.1 251.8 239 218.2 204.7 194.3 182.4 164.9 149.7 143.8 139.7 138.7 134 125 119.3 113.9 112.7 102.9 96.9 94.3 89.8 88.4 87.4 87 85 80.7 76.2 72.4 68.2 63.9 47 16 51.5 62.3 67.7 70 74 76.1 82.1 85.8 96.9 114.9 119.1 125 130.4 136.3 138.1 150.6 155.5 162.2 166.4 175.3 186.1
125.1 130.2 144.7 153.1 167.9 176.2 181.4 177.2 178.8 192.5 203 213.8 228.5 244.2 254.9 274.6 288.6 297 301.3 305.6 308 308.3 310.6 314.8 320.1 319.1 317.2 310.5 299.3 279.8 262.7 247.3 229.3 214.9 201.3 192.3 175.5 162.5 147.7 142 138.9 135 125.8 119.1 113.9 111.3 107.1 100 96 91.7 88.9 88.3 87.7 84.6 81.8 77.6 73.1 68.7 60.5 52.7 24.3 36.5 60.1 65.8 68.9 71.1 73.5 80.7 86.3 102.3 112.6 116.9 127.1 131.6 137.5 141.4 148.4 154.6 159.8 166.4 177.1 183.2
126.6 133 145.2 158 173.2 180.9 185.9 188.7 179.9 192.8 204.2 212.5 229.9 243.5 256.1 276.2 290.3 296.8 301.3 306.2 309.8 308.5 309.2 315.3 321.3 321 318.6 315.1 304.4 290.1 279.7 256.5 240.1 225.8 210.1 195.7 184.9 174.7 156.3 147.4 138.7 135.1 130.8 124.2 119.2 111.3 108.2 104.2 98.2 93.6 89.3 88.8 86.7 83.7 81.2 80.1 76.4 71.6 65.9 58.6 33.6 43 58.4 63.2 66.9 69.3 72.3 78.5 83.5 104.9 111.6 120.8 125.3 131.3 137.9 143.6 147 153.5 158.3 166.9 173.7 182.5
129.9 138.6 150.1 161.4 174 184.8 190.4 198.2 191.7 196.5 205.1 215.3 229.3 241.7 255.4 275.6 287.2 295 300 305.2 313.2 309.3 309.5 314.8 325.9 325.2 320.3 314.5 310.8 301.5 286.6 269.6 250.2 236.2 221 206.8 194.9 183.8 167.3 150.9 143 137.1 133.3 128 121.6 116.7 112.2 104.8 102.3 96 91.3 90.4 86.8 83.8 81.3 79.7 78.8 74.1 68.3 60 44.4 47.6 60.9 62.6 65.4 68.1 71 75.1 86.4 102.3 108.5 119.8 124.4 133.7 140.8 145.3 147.9 148.7 157.7 165.6 170.6 180.2
135.5 145.8 155.5 163.2 176.1 186 199.2 201.8 200.9 201.9 209.3 216.4 229.9 241.5 256.7 272.1 287.3 292.4 296.1 302 313 310.9 309.1 313.3 324 327.1 322.2 313.6 312.3 305.7 291.3 281.7 264 247.5 231.6 219.1 205.4 192.6 183.8 162.6 148.8 142.4 139 132.2 127.5 121 114.3 106.3 101.3 100.2 94.2 91 87.6 84.3 82.5 80.5 78.1 74 69.5 64.1 50.1 42.8 61.9 63.9 65.1 66.8 68.8 72.6 87 99.4 110.3 117.5 126.5 134.2 140.2 145.6 150.6 153.4 155.4 162.9 169.6 177.2
145.4 152.9 157.1 165 177.9 192.1 199.3 204.2 211.9 207.6 213.6 223.8 231.4 240.9 256 274.7 288.1 288.3 293.1 298.6 305.9 311.7 308.9 310.6 320.9 323.9 319.8 315.8 310.7 306.7 296.9 287.8 273.9 258.4 241.5 227.4 212.6 198.3 187.7 174.6 159.9 154.9 141.2 134.8 130.4 125 119.1 114.9 106 99.4 96.9 92.8 88.7 86 85 82.1 80.4 75.7 71.5 68.5 50.9 34.9 60.6 63.3 64.8 66 67.1 72.3 86.2 101.3 110.7 117 125.8 131.9 138.1 148.5 156.4 156.3 153.1 160.5 166 174.5
157.4 155.1 157.1 164.6 175.6 190.3 198.2 208.7 212.6 211.5 219.8 227.6 233.6 239.7 254.3 264.1 274.9 284.4 288.8 294.4 301 311.4 308 307.2 311.5 315.8 317.3 317.6 310.6 306.5 300.6 288.7 275.2 266.8 251.9 235.3 223 205.6 191.8 181 169.2 160.2 152.2 140 135.3 126.9 122.8 118.5 112.5 105.4 100.3 95.9 91.9 90.2 87.5 83.7 82.1 77.6 74.6 72.5 53.5 25 60.9 62.5 63.5 64.4 65.1 70.6 86.3 101.5 110 115.6 124.2 134.1 137.7 142.6 155.4 160.4 161.8 155.6 163.9 173.8
153.3 157.8 161 167.1 179.8 192.4 202.1 210.8 213.7 214.6 221 226.4 235.1 242.8 252 258.7 263.4 277.9 285.7 288.6 296.5 306.9 308 302.3 306.1 308.9 313.2 315.5 310.7 305.8 301.9 294.1 281.7 270.8 260.1 244.8 228.8 219.1 206.6 189.4 178 169.5 163.1 152.7 142.5 135 127.4 120.7 114.5 110.6 104.1 97.9 93.5 91.4 88.4 85.3 82.6 79 73.6 72.1 58.6 31.1 55.7 61.8 62.6 63.5 64 72.9 85.2 96.1 108.5 117.3 126.3 130.6 136 142.5 150.7 154.6 158.4 162.4 162 168.3
149.5 154 158.1 165.1 179.7 188.7 204.2 206.6 216 217.1 220.7 224.7 233 243 254.8 257 260 264.7 281.2 282 288.4 298.1 305.9 297 295.7 301.5 307.8 310.6 309.8 304.6 301.9 298.4 288 279.9 266.5 252.6 240 225.5 215.9 202.7 186.7 175.1 169.4 165 152.9 144.8 134.9 125.4 119.6 114.2 108.2 101.9 95 92.5 88.7 85.5 83.1 79.7 75.8 72.3 63.6 41.9 46.1 61.3 60.6 61.7 63.5 71 82.6 93.9 104.9 119.9 123.2 127.6 134.3 140.8 146.1 151.4 155.6 160.1 163.6 168.9
155.7 153.1 156.7 162.7 177.8 189.1 199.4 207 214.6 219.3 220.1 223 230.4 240.1 245.4 254.1 257.5 260.1 264.9 273.2 280.1 286.8 293.1 290.4 287.2 290.6 301.5 306.9 308.5 305.3 302 298.8 291.9 283.3 271.8 262.4 253.9 241.1 228.5 215 204.5 183.4 176.3 170 163.6 153 143.9 130.4 122.8 115.4 109.9 104.2 100.2 94.5 89.7 84.6 82.9 80.4 76.7 73.2 66.9 44.4 60.8 55.3 62.9 63.5 64.8 69.9 79.1 88.9 100.1 111.7 119.3 124.9 129.6 139.2 143.1 147.3 153.1 157.6 162.7 164.7
