app/static/ascii/NG26.asc
ncols 200
nrows 200
xllcorner 120000
yllcorner 860000
cellsize 50
[rows 148 to 184 of 200, columns 83 to 165 of 200]
165.6 169.2 171.9 176.8 182.3 187.8 194.4 201.4 208.1 211.3 212.1 211.8 211.2 210.6 209.1 206.2 201.8 195.2 188.8 183 176.2 169.8 165.9 161.9 156.2 150.1 143 142.6 142.6 140.3 137.8 136.3 135.5 134.7 134 135 135.2 135.5 135.6 136.2 134 131.6 127.9 122.1 117.6 113.2 106.2 99.5 94.5 90.9 87.7 85.1 81 65.5 14.6 -1.9 -1.9 -1.9 -1.9 -1.9 -1.9 -1.9 -1.9 -1.9 -1.9 -1.9 -1.9 -1.9 -1.9 -1.9 -1.9 -1.9 -1.9 -1.9 -1.9 -1.9 -1.9 -1.9 -1.9 -1.9 -1.9 -1.9 -1.9
166.5 169.3 169.5 174.5 179.6 185.1 193.7 200.3 206.2 210.4 212 213.1 213.6 211.7 209.2 206.7 202.8 197.1 191.2 184.9 177.8 171 167 163.2 159.8 150.1 150.7 150.3 150.8 148.4 145.7 144.5 143.4 140.5 139.1 139.9 139.2 139.5 141 141 136.8 133.6 130.4 124.6 118.5 111.4 104.6 97.8 92.3 88.5 86 81.7 77 45.8 2.6 -1.9 -1.9 -1.9 -1.9 -1.9 -1.9 -1.9 -1.9 -1.9 -1.9 -1.9 -1.9 -1.9 -1.9 -1.9 -1.9 -1.9 -1.9 -1.9 -1.9 -1.9 -1.9 -1.9 -1.9 -1.9 -1.9 -1.9 -1.9
167.5 170.2 171.1 173.8 177.8 184 192.3 198.5 204.3 208.6 213.1 217.3 219.2 216.9 212.7 208.6 203.6 197.9 191.8 184.7 177.7 171.1 166.6 163.6 161.4 158.7 156.3 158.7 159.3 159.5 157.2 155.3 153 149.1 145.1 144.8 144.5 143.3 144 142.7 139.5 135.9 132 125.2 118.7 110.4 103.1 96.1 90 86.7 84.5 80 74 31 -1.9 -1.9 -1.9 -1.9 -1.9 -1.9 -1.9 -1.9 -1.9 -1.9 -1.9 -1.9 -1.9 -1.9 -1.9 -1.9 -1.9 -1.9 -1.9 -1.9 -1.9 -1.9 -1.9 -1.9 -1.9 -1.9 -1.9 -1.9 -1.9
168.4 169.9 172.9 175.6 177.7 180.1 189.6 196.6 202.2 207.6 212.7 217.9 220.1 220.1 215.5 209.8 204.3 198.2 192.2 184.8 177.3 171.4 167.6 166.2 164.3 163.1 162.8 164.3 166.4 168.5 170.7 167.2 162.2 157 152.1 150.4 150.1 148.6 146.1 144.3 142 138.3 133.2 126.5 119.7 111.9 104.1 97.1 89.6 85.2 82.7 78.9 63.9 17.1 -1.9 -1.9 -1.9 -1.9 -1.9 -1.9 -1.9 -1.9 -1.9 -1.9 -1.9 -1.9 -1.9 -1.9 -1.9 -1.9 -1.9 -1.9 -1.9 -1.9 -1.9 -1.9 -1.9 -1.9 -1.9 -1.9 -1.9 -1.9 -1.9
168.6 171.6 174.6 177.4 179.4 182.3 187.4 194.2 201.3 207 212.2 217.4 220.2 221 217.5 211.9 204.6 198.3 192.2 184.5 176.8 171.8 168.7 167.6 168.1 169.4 169.7 170.8 172.8 175.2 177.7 176.4 173.6 168.8 161.8 157.4 155.4 153.6 150.1 146.3 144.1 140.3 134.6 128 120.9 112.9 104 95.7 89.4 84.7 81.5 78.1 54.7 8.8 -1.9 -1.9 -1.9 -1.9 -1.9 -1.9 -1.9 -1.9 -1.9 -1.9 -1.9 -1.9 -1.9 -1.9 -1.9 -1.9 -1.9 -1.9 -1.9 -1.9 -1.9 -1.9 -1.9 -1.9 -1.9 -1.9 -1.9 -1.9 -1.9
169.5 172.8 176 179.5 182.4 185.3 188.7 192.6 201 207.7 212.8 217.4 220.2 220.9 220.7 214.6 207.3 200.1 192.7 183.4 175.9 170.4 169.7 170.6 172.7 174.5 176.3 177.9 180.5 184.4 186.3 187.2 185 179.8 175.3 169.4 163 160.4 155.9 149.8 145.8 141.6 136.6 129.9 121.5 113.6 104.2 94.7 88.7 83.7 81.1 78.3 45 2.2 -1.9 -1.9 -1.9 -1.9 -1.9 -1.9 -1.9 -1.9 -1.9 -1.9 -1.9 -1.9 -1.9 -1.9 -1.9 -1.9 -1.9 -1.9 -1.9 -1.9 -1.9 -1.9 -1.9 -1.9 -1.9 -1.9 -1.9 -1.9 -1.9
169.2 173 177.4 181.8 184.9 188.2 190.2 192.9 199.7 206.5 214.7 219.4 220.4 221.4 220.7 216.4 208.9 201.5 193 184.3 176.2 172.8 172.1 175.9 178.2 181 185 191 196.2 200.7 200.4 198.8 194 188.2 183.6 176.7 169.8 165 158.8 152.6 147.2 143.5 138.6 132.5 122.4 113.6 105 94.4 88.1 84.2 81.5 77.9 36.1 -1.9 -1.9 -1.9 -1.9 -1.9 -1.9 -1.9 -1.9 -1.9 -1.9 -1.9 -1.9 -1.9 -1.9 -1.9 -1.9 -1.9 -1.9 -1.9 -1.9 -1.9 -1.9 -1.9 -1.9 -1.9 -1.9 -1.9 -1.9 -1.9 -1.9
170.8 173.8 178.2 182.9 188.5 192.6 194 196.5 199.2 206.7 214.4 220.9 221.9 222.3 220.8 215.9 210.2 201.9 193.3 184.4 178.8 176.1 177.3 180.5 183.9 188.1 195 203.2 210.3 215.8 217.8 212.4 203.5 195.3 188.4 182 173.7 167.4 161.2 155 148.8 144.6 139.6 133.6 124.6 114.2 104.9 94.9 88.3 85.6 82.8 74.7 36.2 -1.9 -1.9 -1.9 -1.9 -1.9 -1.9 -1.9 -1.9 -1.9 -1.9 -1.9 -1.9 -1.9 -1.9 -1.9 -1.9 -1.9 -1.9 -1.9 -1.9 -1.9 -1.9 -1.9 -1.9 -1.9 -1.9 -1.9 -1.9 -1.9 -1.9
172.7 174.2 178.4 184.3 191.1 199.6 199.7 200.3 201.5 206.5 214.6 221.2 223.1 222.6 220.9 216 210.3 203.2 194.3 186.1 180.4 180 182.3 185.4 189.3 194.6 203.2 211.7 219.8 225.8 230.9 225.1 211.8 199.6 191.6 184 176.3 169.7 163.5 157.3 150.7 145.2 140 134.5 127.4 117.2 106 95.8 89.8 86.4 80.2 71.5 36.7 -1.9 -1.9 -1.9 -1.9 -1.9 -1.9 -1.9 -1.9 -1.9 -1.9 -1.9 -1.9 -1.9 -1.9 -1.9 -1.9 -1.9 -1.9 -1.9 -1.9 -1.9 -1.9 -1.9 -1.9 -1.9 -1.9 -1.9 -1.9 -1.9 -1.9
173.4 175.2 178.9 184.3 192.5 200 205.2 208.5 209.3 210.5 218.1 221.3 223.1 222.2 220.8 216.3 210.5 204.3 196.8 188.6 181.5 182.9 187.8 191.4 194.4 201.4 210.4 219.5 227.1 231 233.2 230.7 219.1 204 193.6 185.9 178.8 171.9 165.7 159.1 152.4 146.6 140.8 135.9 130.7 119.9 108 97.4 91.5 87.2 81.5 71.9 38.4 -1.9 -1.9 -1.9 -1.9 -1.9 -1.9 -1.9 -1.9 -1.9 -1.9 -1.9 -1.9 -1.9 -1.9 -1.9 -1.9 -1.9 -1.9 -1.9 -1.9 -1.9 -1.9 -1.9 -1.9 -1.9 -1.9 -1.9 -1.9 -1.9 -1.9
175.1 178.7 182.4 188.7 195.8 205.4 210.5 214.3 216.1 218.1 220.5 222.5 224.1 223 220.7 216 210.2 204.3 197.5 190.1 189.9 191.9 194 199 202.7 208.3 217 226 232.8 235.8 236 233 223.1 208.8 196.7 188.4 181.4 174.3 167.5 160.8 154.2 147.5 141.9 136.8 132.5 121.9 110.4 99.7 92.9 88 81.8 73.5 40.4 -1.9 -1.9 -1.9 -1.9 -1.9 -1.9 -1.9 -1.9 -1.9 -1.9 -1.9 -1.9 -1.9 -1.9 -1.9 -1.9 -1.9 -1.9 -1.9 -1.9 -1.9 -1.9 -1.9 -1.9 -1.9 -1.9 -1.9 -1.9 -1.9 -1.9
176.8 181.8 186.6 193.5 200.3 209.5 215.5 219.7 221.4 223.1 226.2 226.5 225.9 223.5 220 215.6 209 202.8 199.9 197.9 196.9 198.8 202.2 207.4 212.2 217.3 223.3 230.9 236 238 238 235.3 226.1 212.6 198.8 190.5 182.7 175.6 168.7 162 155.2 148.4 143.3 137.4 132.6 123 112.4 102.3 93.9 87.6 80.6 74 48.1 9.6 -1.9 -1.9 -1.9 -1.9 -1.9 -1.9 -1.9 -1.9 -1.9 -1.9 -1.9 -1.9 -1.9 -1.9 -1.9 -1.9 -1.9 -1.9 -1.9 -1.9 -1.9 -1.9 -1.9 -1.9 -1.9 -1.9 -1.9 -1.9 -1.9
178.5 184 190.4 197.1 204.5 212 217 221.1 224.7 227.1 230.7 229.3 227.9 224.2 220.6 215.6 208.5 201.5 200.2 202.1 202.8 205 209.3 215.2 221.5 227.1 232.4 236.7 238.7 240 240.9 238.4 228.3 215 200.6 192 184.6 177 169.9 163.2 156.4 149.7 144.2 138.4 132.9 123.9 114.9 105.9 95.9 90.6 83.3 74.7 68.4 27.6 -1.9 -1.9 -1.9 -1.9 -1.9 -1.9 -1.9 -1.9 -1.9 -1.9 -1.9 -1.9 -1.9 -1.9 -1.9 -1.9 -1.9 -1.9 -1.9 -1.9 -1.9 -1.9 -1.9 -1.9 -1.9 -1.9 -1.9 -1.9 -1.9
180.5 185.4 192.1 202.6 211.4 214.5 218 221.3 225.3 229.9 231.2 230 228.4 225.2 220.7 215 209.6 206.7 203.9 205.5 206.4 210.5 215.2 221.4 227.9 235.1 240.4 242.4 242.7 243.5 243.8 240.1 229.5 215.6 202 193.9 186.5 178.9 171.6 164.7 157.8 150.9 144.9 138.8 131.5 123.2 116.3 106.2 96.7 90.9 83.4 75.3 69.3 58.7 1.3 -1.9 -1.9 -1.9 -1.9 -1.9 -1.9 -1.9 -1.9 -1.9 -1.9 -1.9 -1.9 -1.9 -1.9 -1.9 -1.9 -1.9 -1.9 -1.9 -1.9 -1.9 -1.9 -1.9 -1.9 -1.9 -1.9 -1.9 -1.9
183 187.2 194.1 204.9 212.9 216.9 220.3 223.8 227.5 231.8 231.7 230.2 228.7 225.9 222.7 218.5 213.7 211.1 210 211 213.8 219.1 223.1 227.8 233.6 240.7 244.8 247.3 246.5 245.2 245.9 240.7 230.3 217.5 202.4 194.8 188.2 180 172.6 165.7 158.8 151.8 144.6 138.3 130.2 121.9 115.8 106.4 96.9 89.7 82.8 76.4 69.3 59 8.2 -1.9 -1.9 -1.9 -1.9 -1.9 -1.9 -1.9 -1.9 -1.9 -1.9 -1.9 -1.9 -1.9 -1.9 -1.9 -1.9 -1.9 -1.9 -1.9 -1.9 -1.9 -1.9 -1.9 -1.9 -1.9 -1.9 -1.9 -1.9
184.5 189.2 195.1 206.2 213.3 218.5 222.3 226 229.7 233 234.5 232.7 230.6 227.2 223.7 220.8 218.9 217.8 218 219 223.1 227.3 231.2 235.3 240.8 245.3 249 250.5 249.7 247.6 246 239.8 229.8 218.3 203.9 194.9 187.1 180.8 173.3 166.7 159.8 152.5 145.4 138.2 129.3 121 114.5 106.3 97.8 91.5 84.1 77.6 68.3 56.7 19.8 -1.9 -1.9 -1.9 -1.9 -1.9 -1.9 -1.9 -1.9 -1.9 -1.9 -1.9 -1.9 -1.9 -1.9 -1.9 -1.9 -1.9 -1.9 -1.9 -1.9 -1.9 -1.9 -1.9 -1.9 -1.9 -1.9 -1.9 -1.9
187.3 192.2 196.8 206.7 210.9 217.3 223.3 227 233.1 236.9 237.7 235.6 233 229.4 225.4 222.3 221.1 222.4 224.2 226.8 229.5 234.1 238.9 243.4 248 252 253.9 254.9 253.2 251.4 245.7 239.5 229.1 216.9 203.5 194.4 185.3 180 173.6 167.7 160.5 153.3 146.6 138.9 130.8 120.7 112.5 104.7 98 92.7 85.4 77.1 68 58.8 7 -1.9 -1.9 -1.9 -1.9 -1.9 -1.9 -1.9 -1.9 -1.9 -1.9 -1.9 -1.9 -1.9 -1.9 -1.9 -1.9 -1.9 -1.9 -1.9 -1.9 -1.9 -1.9 -1.9 -1.9 -1.9 -1.9 -1.9 -1.9
187.3 195 198.9 204.6 212.3 218.1 223.9 231.4 239 241 239.9 238.4 235.1 231.5 227.9 226.3 225.5 226.7 230 233.3 235.8 240.4 244.8 249.9 255.1 259.7 260.2 259.5 258.1 253.3 246.9 240 228.6 216 204.3 194.4 184.5 177.2 173.9 168.4 161 154.4 147.6 139.3 130.6 121.5 112.5 104.5 98 92.6 85.6 78.1 71.3 44.8 1.7 -1.9 -1.9 -1.9 -1.9 -1.9 -1.9 -1.9 -1.9 -1.9 -1.9 -1.9 -1.9 -1.9 -1.9 -1.9 -1.9 -1.9 -1.9 -1.9 -1.9 -1.9 -1.9 -1.9 -1.9 -1.9 -1.9 -1.9 -1.9
185.8 196.2 200.5 206.5 212.4 218.3 224.6 234.1 242.1 244.2 244.9 242.6 237.8 234.1 231.6 230.1 229.9 231.6 236.2 239.6 242.7 247.1 252.3 256.2 261.1 264.1 264.5 262.7 262 256.4 247.7 239.9 226.4 213.8 203.3 193.1 183 175.8 173.2 167.8 160.7 152.3 145 137.2 129.1 121.3 112.4 104.1 97.9 92.9 85.9 79.3 73.3 34.9 1 -1.9 -1.9 -1.9 -1.9 -1.9 -1.9 -1.9 -1.9 -1.9 -1.9 -1.9 -1.9 -1.9 -1.9 -1.9 -1.9 -1.9 -1.9 -1.9 -1.9 -1.9 -1.9 -1.9 -1.9 -1.9 -1.9 -1.9 -1.9
183.9 191.8 200.4 205.8 211.9 217.6 224.3 233.9 242.8 247.1 249.4 247.3 241.6 237.4 235.3 233.6 233.4 236.5 240.8 246.3 251.7 256.5 260 263.6 266.1 269.1 268.8 266.9 263.2 256.6 247.1 237.9 223.3 213.4 202.5 192.2 181.9 175.9 172.4 166.6 160.9 153.5 146.3 137.3 128.3 121.3 113.5 105.6 97.2 93.2 87.8 80.8 75.4 45.7 1.7 -1.9 -1.9 -1.9 -1.9 -1.9 -1.9 -1.9 -1.9 -1.9 -1.9 -1.9 -1.9 -1.9 -1.9 -1.9 -1.9 -1.9 -1.9 -1.9 -1.9 -1.9 -1.9 -1.9 -1.9 -1.9 -1.9 -1.9 -1.9
183.5 188.8 198.3 203 210.9 216.3 222.8 231.7 241.6 245.8 250.1 250.8 245.2 240.3 238.2 237 236.9 240.6 246.2 252.8 259.7 264.4 267.6 270.4 271.5 272.6 269.6 265.9 260.9 255.2 245.5 234 222.7 212.8 201.8 191.3 181.3 175.8 171.6 166.3 160.3 153.1 145.2 139.3 130.4 121.9 114.4 106.6 98.4 92.9 87.6 82.6 77.5 59.6 1.5 -1.9 -1.9 -1.9 -1.9 -1.9 -1.9 -1.9 -1.9 -1.9 -1.9 -1.9 -1.9 -1.9 -1.9 -1.9 -1.9 -1.9 -1.9 -1.9 -1.9 -1.9 -1.9 -1.9 -1.9 -1.9 -1.9 -1.9 -1.9
183.1 186.7 194.7 201.5 209.3 214.2 219.4 225.4 239.7 244.3 248.9 249.8 250.5 244.8 240.5 239.2 240.1 244 249.7 258.1 265.9 270.7 273.4 275.9 277.3 274.4 271.3 265.6 258.8 250.2 241.8 232.2 221.9 211.7 200.9 190.8 180.9 175.5 171 166 159.3 154.6 148.2 140 131.9 122.4 115 107.6 99.6 92.5 86.8 82.2 77.9 58.9 2.2 -1.9 -1.9 -1.9 -1.9 -1.9 -1.9 -1.9 -1.9 -1.9 -1.9 -1.9 -1.9 -1.9 -1.9 -1.9 -1.9 -1.9 -1.9 -1.9 -1.9 -1.9 -1.9 -1.9 -1.9 -1.9 -1.9 -1.9 -1.9
183 185 189.7 197.9 206.5 212.2 216.7 223.7 234.2 243.2 247.2 248.8 250.2 250.8 248.6 248.2 246.3 247.5 251.4 259.8 269.4 272.4 277.2 279.9 280.5 277.8 271.7 264.8 257.2 247.8 239.3 230.7 221.2 210.4 199.1 190.1 179.9 174.9 170.7 165.9 160.4 153.7 146.4 139.6 130.8 122.1 114.9 107.9 100.1 93.3 87.2 81.4 60.8 25.3 -1.9 -1.9 -1.9 -1.9 -1.9 -1.9 -1.9 -1.9 -1.9 -1.9 -1.9 -1.9 -1.9 -1.9 -1.9 -1.9 -1.9 -1.9 -1.9 -1.9 -1.9 -1.9 -1.9 -1.9 -1.9 -1.9 -1.9 -1.9 -1.9
180.1 182.9 186.9 193.7 202 209.6 214.5 218.6 226.3 236.5 243.9 247.8 249.4 250.4 253.1 253.2 250.3 249.2 250.7 258.5 266.4 270.5 274.7 278.8 277.8 274.7 269.5 263.6 255.7 246.4 236.7 228.1 219.4 208.1 198.1 189.6 180.1 174.1 170.4 165.5 160.1 152.9 146.9 138.5 130.4 122.2 115.6 107.8 99.2 91.8 85.4 80.3 75.4 48.6 0.9 -1.9 -1.9 -1.9 -1.9 -1.9 -1.9 -1.9 -1.9 -1.9 -1.9 -1.9 -1.9 -1.9 -1.9 -1.9 -1.9 -1.9 -1.9 -1.9 -1.9 -1.9 -1.9 -1.9 -1.9 -1.9 -1.9 -1.9 -1.9
176.7 181.4 185.3 190.1 199.7 205.4 209.8 214.7 220.4 227.2 237.7 246.6 249.5 255.7 258.6 253.2 251 249.8 249.5 254.4 262.4 266.6 269.6 272.5 272.7 271.1 265.3 259.9 254.3 244.5 234.2 225.1 215.8 205.9 196.7 186.8 178.5 173.5 169.4 164.9 159.3 153.3 146.7 139.2 131.2 122.5 114.7 107.1 99.8 91.8 84.9 79.1 74.1 37.5 -1.9 -1.9 -1.9 -1.9 -1.9 -1.9 -1.9 -1.9 -1.9 -1.9 -1.9 -1.9 -1.9 -1.9 -1.9 -1.9 -1.9 -1.9 -1.9 -1.9 -1.9 -1.9 -1.9 -1.9 -1.9 -1.9 -1.9 -1.9 -1.9
177.7 179.6 183.2 187.1 195.7 202 205.9 210 214.8 220 227 237.6 246.9 258.1 258.6 252.1 251.2 249.1 246.2 247.7 254 259.8 265.5 268.3 270.9 268.1 261.4 255 250.4 239.3 229.2 220.3 211.4 202.9 194.3 185.1 176.8 172.5 168.2 163.9 158.9 152.6 145.7 138.4 130.6 122.1 114.3 106.5 99.1 92 84.8 77.8 72.7 19.7 -1.9 -1.9 -1.9 -1.9 -1.9 -1.9 -1.9 -1.9 -1.9 -1.9 -1.9 -1.9 -1.9 -1.9 -1.9 -1.9 -1.9 -1.9 -1.9 -1.9 -1.9 -1.9 -1.9 -1.9 -1.9 -1.9 -1.9 -1.9 -1.9
183.7 180.8 181.4 184.2 190.1 196.4 202.3 206.4 209.3 213.8 220.1 227.4 239.6 249.5 252.7 248.7 246.5 243.8 240.9 241.5 244.7 250.7 259.8 263.2 263.6 259.9 255.3 248.6 241.2 233.1 225.1 216.8 207.6 199.5 191.2 181.9 175 169.2 165.6 162.1 157.5 151.3 143.8 136.4 128.5 120.5 113.5 106.3 98.6 92.3 85 77.8 59.4 11.9 -1.9 -1.9 -1.9 -1.9 -1.9 -1.9 -1.9 -1.9 -1.9 -1.9 -1.9 -1.9 -1.9 -1.9 -1.9 -1.9 -1.9 -1.9 -1.9 -1.9 -1.9 -1.9 -1.9 -1.9 -1.9 -1.9 -1.9 -1.9 -1.9
182.4 181.4 181.4 183.5 187 191.1 197.7 201.4 204.3 208.9 215.5 220.1 227.1 236.2 243.7 241.8 238.8 235.2 234.4 234.9 235.9 238.5 244.5 251 253.4 251.3 247.5 243.4 233.9 226.8 222.5 213.6 204.7 196.2 187.6 179 172.4 167.3 163.6 160.1 155.4 149.5 142.1 133.2 125.2 117.5 110.2 102.9 96.1 90.5 85.1 79 72.9 11 -1.9 -1.9 -1.9 -1.9 -1.9 -1.9 -1.9 -1.9 -1.9 -1.9 -1.9 -1.9 -1.9 -1.9 -1.9 -1.9 -1.9 -1.9 -1.9 -1.9 -1.9 -1.9 -1.9 -1.9 -1.9 -1.9 -1.9 -1.9 -1.9
176.5 181.4 181.3 183.4 185.4 188.6 192.2 195.9 198.7 202.3 207.7 212.5 217.7 223.5 228.4 230 229 228.1 228 227.8 228.3 230.1 233.7 239.9 245 244.7 240.6 236.5 226.6 221.4 217.7 210.1 201.6 193.2 184.2 176.9 170.6 166.6 163.4 161.1 155.9 149.9 142.7 132.8 123.6 115.5 107.5 99.8 93.3 87.7 82.7 77.9 72.7 8.7 -1.9 -1.9 -1.9 -1.9 -1.9 -1.9 -1.9 -1.9 -1.9 -1.9 -1.9 -1.9 -1.9 -1.9 -1.9 -1.9 -1.9 -1.9 -1.9 -1.9 -1.9 -1.9 -1.9 -1.9 -1.9 -1.9 -1.9 -1.9 -1.9
168.7 175 180.2 183.8 187.8 186.6 188 190.3 192.4 195.5 199.2 205.5 209.9 213.9 218.3 221.4 220.9 221.3 222.6 223.6 223.9 224.9 227.5 231.6 237.1 238.6 234 228.1 222 217.1 212 204.4 196.7 189.1 181.4 174.5 169.4 166.3 163.7 160.6 155.4 149.4 142.7 133.2 123.3 115.4 107.9 100.3 94.2 88.9 85.1 79.6 68.4 7.1 -1.9 -1.9 -1.9 -1.9 -1.9 -1.9 -1.9 -1.9 -1.9 -1.9 -1.9 -1.9 -1.9 -1.9 -1.9 -1.9 -1.9 -1.9 -1.9 -1.9 -1.9 -1.9 -1.9 -1.9 -1.9 -1.9 -1.9 -1.9 -1.9
165.2 169.4 179.6 184.9 189.8 187 185.5 186.6 188.3 191 195.4 198.5 202.1 206.5 210.1 213.8 214.4 214.1 216 217.9 219.1 220.8 223.3 225.5 228.1 231.7 230 223.4 218.7 213.7 208.4 200.8 193.7 186 178.5 171.8 167.1 163.6 161.4 160.6 155.4 149.3 143.4 135.6 124.3 115.5 107.7 100.4 94.4 89.8 85.1 79.6 64 7.6 -1.9 -1.9 -1.9 -1.9 -1.9 -1.9 -1.9 -1.9 -1.9 -1.9 -1.9 -1.9 -1.9 -1.9 -1.9 -1.9 -1.9 -1.9 -1.9 -1.9 -1.9 -1.9 -1.9 -1.9 -1.9 -1.9 -1.9 -1.9 -1.9
160 166 174.9 181.3 190.7 188.8 184.8 184 184.9 190.5 190.1 193.3 196.5 200.2 203.7 207 207.1 206 207.8 209.4 210.9 214.5 217.8 220.1 222.7 225.1 223.1 218.9 215.8 211.9 206.7 199.4 191.3 182.8 176 171.2 167.3 162.6 159.5 159.8 155.5 149.9 144.4 137.7 125.7 116.6 110.8 102.6 95.6 90.3 85.4 79.5 63.4 15.6 -1.9 -1.9 -1.9 -1.9 -1.9 -1.9 -1.9 -1.9 -1.9 -1.9 -1.9 -1.9 -1.9 -1.9 -1.9 -1.9 -1.9 -1.9 -1.9 -1.9 -1.9 -1.9 -1.9 -1.9 -1.9 -1.9 -1.9 -1.9 -1.9
155.7 161.4 169.5 174.4 180.7 186.3 183.3 181.3 180 183.1 183.9 186.7 189.9 191.6 194.4 196.1 198.1 199.5 201.3 203.3 205.6 209 211.7 214.7 218.2 220.3 216.8 214.4 212.6 210.6 206.9 199.7 193.6 185.4 178.8 174.6 170.2 164.8 160.9 158.2 154.1 150 145 138.7 127.9 117.6 112 105.5 97.6 91.8 85.1 78.7 57.4 10.1 -1.9 -1.9 -1.9 -1.9 -1.9 -1.9 -1.9 -1.9 -1.9 -1.9 -1.9 -1.9 -1.9 -1.9 -1.9 -1.9 -1.9 -1.9 -1.9 -1.9 -1.9 -1.9 -1.9 -1.9 -1.9 -1.9 -1.9 -1.9 -1.9
152.5 158.1 164.1 169.5 175 179 179.9 178.8 176.4 176.5 177.3 178.4 181.2 184.5 187 189.5 191.9 194.1 195.2 197.8 200.7 204.5 207.5 210.8 214.1 214.6 211.3 211.1 210.1 209.1 208.4 202.9 199.1 192.9 186.9 180.1 174.1 169.1 163.8 159 154.4 150 143.5 136.9 127.3 118.3 111.4 105.2 98.4 92.2 85.2 78 52 4.8 -1.9 -1.9 -1.9 -1.9 -1.9 -1.9 -1.9 -1.9 -1.9 -1.9 -1.9 -1.9 -1.9 -1.9 -1.9 -1.9 -1.9 -1.9 -1.9 -1.9 -1.9 -1.9 -1.9 -1.9 -1.9 -1.9 -1.9 -1.9 -1.9
148.5 153.9 159.6 165 170.5 175.1 176.6 176.3 173.9 171.5 171 172 175.9 178.8 180.4 182.7 185.7 188.5 189.2 191.9 196.1 200.2 203.7 206.4 209.3 209.3 209.8 209.5 209 208.9 209.3 206.6 203.2 198.9 192.4 184 176.8 170.7 165.2 157.7 152.3 147.5 141.8 136.8 128.6 119.3 111.5 104.5 98 91.7 85.3 77.4 55.3 10.8 -1.9 -1.9 -1.9 -1.9 -1.9 -1.9 -1.9 -1.9 -1.9 -1.9 -1.9 -1.9 -1.9 -1.9 -1.9 -1.9 -1.9 -1.9 -1.9 -1.9 -1.9 -1.9 -1.9 -1.9 -1.9 -1.9 -1.9 -1.9 -1.9
145.3 149.7 155.6 161.6 166.9 171.3 172.9 173.6 172.4 170.6 169.4 168.8 171.1 173.8 174.5 175.1 177.9 181.1 183.6 186.6 189.5 193.5 198.3 201.8 204.9 209.5 211.2 209.5 208.8 208.2 209.7 210.6 208.8 202.5 195.4 187 177.8 172.1 165.5 158.5 150.3 146.1 142.1 135.7 127.5 118.8 111.1 105.4 97.8 90.8 83.2 75.8 59 12.4 -1.9 -1.9 -1.9 -1.9 -1.9 -1.9 -1.9 -1.9 -1.9 -1.9 -1.9 -1.9 -1.9 -1.9 -1.9 -1.9 -1.9 -1.9 -1.9 -1.9 -1.9 -1.9 -1.9 -1.9 -1.9 -1.9 -1.9 -1.9 -1.9
141.4 147.2 152.8 158.2 163.6 169 170.4 170.6 171 170.4 167.5 164.8 166 168.4 168.9 168.4 170.2 174 179.1 182.3 184.2 188 192.6 198.3 203.3 207.9 211.1 208.3 201.1 205 208.9 210.1 209 204.4 197.1 188.7 179.8 172.4 166.3 159.2 149.5 144.2 139.1 133.2 125.7 119.4 111.9 105.5 99.4 91.7 81.2 74.7 62.6 22.2 -1.9 -1.9 -1.9 -1.9 -1.9 -1.9 -1.9 -1.9 -1.9 -1.9 -1.9 -1.9 -1.9 -1.9 -1.9 -1.9 -1.9 -1.9 -1.9 -1.9 -1.9 -1.9 -1.9 -1.9 -1.9 -1.9 -1.9 -1.9 -1.9
