app/static/ascii/NG29.asc
ncols 200
nrows 200
xllcorner 120000
yllcorner 890000
cellsize 50
[rows 76 to 113 of 200, columns 0 to 84 of 200]
-1.4 -1.4 -1.4 -1.4 1.2 -1.4 -1.4 -1.4 -1.4 -1.4 -1.4 -1.4 -1.4 -1.4 -1.4 15.1 -1.4 -1.4 -1.4 -1.4 -1.4 -1.4 -1.4 -1.4 -1.4 8.3 18.5 24.8 27.3 -1.4 -1.4 -1.4 -1.4 -0.4 2.9 12.9 18.5 37.7 33.2 36.5 25.4 31.1 37 37 39.5 39.8 42.4 31.1 13.3 13.3 13.9 18.7 18.1 14.5 13.5 13.7 17.1 25.4 41.2 39.6 38.6 37.6 31.1 33.8 35.4 42.5 40.9 41.5 28.1 19.1 19.1 18.9 32.3 29.2 19.8 15.4 15.6 24.2 22.2 20.2 21.5 17.9 15.9 17 20.1
-1.4 -1.4 -1.4 -1.4 8.1 -1.4 -1.4 -1.4 -1.4 -1.4 -1.4 -1.4 -1.4 -1.4 -1.4 -1.4 -1.4 -1.4 -1.4 -1.4 -1.4 -1.4 -1.4 -1.4 10.5 13.6 18.6 24.4 22 17.5 -1.4 -1.4 -1.4 -1.4 -1.4 3 13.9 20.9 27.7 22.3 26.6 31.3 41.1 39.7 40 38.4 41 23.3 13.3 16.5 26.7 24.4 22.3 22.3 19.8 16.8 19.3 29.6 32.3 32.2 32.5 36.7 39.7 41.5 41.5 49.7 53.7 46.7 39.7 32.6 25.7 19.8 19.3 15.5 15.4 15.4 15.4 16.2 22.7 22.1 21.2 24.1 26.5 24.8 21.3
-1.4 1.2 -1.4 -1.4 6 14.1 9.7 -1.4 -1.4 -1.4 -1.4 -1.4 -1.4 -1.4 -1.4 -1.4 -1.4 -1.4 -1.4 -1.4 -1.4 -1.4 -1.4 -1.4 7.4 13.2 22.2 25.1 20.9 21.9 18 -1.4 -1.4 -1.4 -1.4 -1.4 8.9 18.6 19.5 20.5 28.8 36.4 42.7 40.4 40.6 39.9 37.2 21.3 14.5 26.2 31.1 29 21 30.2 27.7 22.5 20.1 26.8 21.3 28.2 31 37.8 42.2 45.7 50.3 57.5 57 50.1 47.1 51.8 51.7 41.1 30.6 19.8 15.4 15.4 15.4 16.6 19.5 19.9 22.6 30.3 27.9 23 19.4
1.2 1.3 -1.4 -1.4 3.9 10.5 11.1 9.5 -1.4 -1.4 -1.4 -1.4 -1.4 -1.4 -1.4 -1.4 -1.4 -1.4 -1.4 -1.4 -1.4 -1.4 -1.4 -1.4 11 11 15.5 22.8 21.4 11.1 -1.4 -1.4 -1.4 -1.4 -1.4 -1.4 6.3 26 17.5 20.5 27.6 36.4 42.1 40.8 38.8 40.8 31.9 19.9 31.7 30.6 34.1 29.6 30.4 29.1 30.5 29.3 18.9 18.9 18.9 33.3 35.2 41 46.8 48.3 50.6 59.8 59.2 58.8 59.6 59.2 58.1 50.8 44 34.7 30.1 15.4 15.4 15.4 19.3 24.3 17.8 13.7 16.9 16.6 12.4
12.7 11.2 -1.4 -1.4 1.2 3.5 9 10.8 1.2 2.1 -1.4 -1.4 -1.4 -1.4 -1.4 -1.4 -1.4 -1.4 -1.4 -1.4 12.4 10.6 -1.4 -1.4 10.6 12.8 16.1 25.9 13.9 7.8 -1.4 -1.4 -1.4 -1.4 -1.4 -1.4 1.1 19.6 17.2 20.2 22.9 27.3 29.7 28.4 29 36.4 24.3 26.9 41.2 32.3 37.4 36.3 38.9 31.1 29.2 22.4 18.6 18.8 22.9 35.7 39 42.6 49.8 49.4 48.8 57.5 59.3 60.4 64.7 64.3 61.9 58.3 49.9 48.4 42.4 31.6 26.7 24.2 23.8 19.8 21.1 -1.4 -1.4 -1.4 -1.4
20.4 16.3 -1.4 -1.4 9.4 1.2 10.5 9.9 -1.4 -1.4 -1.4 -1.4 -1.4 -1.4 -1.4 -1.4 -1.4 -1.4 -1.4 -1.4 20.8 23.1 9.2 14.2 8.2 10.9 13.8 19.4 14.6 -1.4 -1.4 -1.4 -1.4 -1.4 -1.4 -1.4 -1.4 10.4 9.1 12.5 16.4 23.5 23 21.5 24.4 19.4 26.4 33.6 38.2 35.3 40.4 38.9 31.8 31.8 35.4 29.8 19.9 18.4 26 32.5 39.8 41.7 43.7 48.8 48.8 49.9 54.4 61.6 69.1 69.2 66.1 63.1 59.2 59.5 54.2 53.7 52.3 62.4 58.2 47.9 18.9 -1.4 -1.4 -1.4 -1.4
17.2 11.6 1.1 1.1 10.6 9 -1.4 -1.4 -1.4 -1.4 -1.4 -1.4 -1.4 -1.4 -1.4 -1.4 -1.4 -1.4 -1.4 7.8 18.7 20.8 15.9 9.8 9.2 4.5 13.9 22.3 12.6 -1.4 -1.4 -1.4 -1.4 -1.4 -1.4 -1.4 -1.4 -1.4 6.9 9.4 13 26.9 25.4 22.2 16.9 17 30 33.4 45.2 40.6 30.9 30.5 31.3 39.8 38.1 30.7 22.8 19.8 23.1 34 38.9 47.9 50.2 49.7 50.5 50 54.8 61.5 69.4 69 67.4 66.5 69.5 67.9 71.3 72.7 74.1 70.9 65.7 56.6 43 -1.4 -1.4 -1.4 -1.4
-1.4 -1.4 10.4 10.2 1.2 -1.4 -1.4 -1.4 -1.4 -1.4 -1.4 -1.4 -1.4 -1.4 -1.4 -1.4 -1.4 -1.4 -1.4 1.2 5.2 10.3 18.1 7.7 11.7 1.2 5.5 17.2 13 -1.4 -1.4 -1.4 -1.4 -1.4 -1.4 -1.4 -1.4 -1.4 -1.4 12 14.5 21 23.8 19.4 20.2 17.2 23.4 32.6 45.7 43.9 27.4 29 40.2 38.2 32.9 26.5 27.5 22.6 24.1 41.1 40.4 45.2 49.4 46.9 45.8 47.6 55.8 61.4 67 67.7 68.7 76 84.9 85.7 85.4 85.1 81.9 77.5 67.9 59.9 52.3 35.8 22.4 7.7 -1.4
-1.4 -1.4 -1.4 7.5 5.6 -1.4 -1.4 -1.4 -1.4 -1.4 -1.4 -1.4 -1.4 -1.4 -1.4 -1.4 -1.4 -1.4 -1.4 9.7 16.2 7.9 -1.4 -1.4 -1.4 -1.4 -1.4 -1.4 -1.4 -1.4 -1.4 -1.4 -1.4 -1.4 -1.4 -1.4 -1.4 -1.4 -1.4 -1.4 -1.4 15.5 16.3 15.4 15.6 12.1 16.4 29.4 39.1 30.6 23 29.4 37.5 31.9 28.9 32.5 28.2 28.6 26.6 40.1 45.8 48.3 46.4 45.7 43.7 47.4 54.3 60.4 65.2 74 83.7 89.9 93.4 96.9 94.3 87.5 82.3 77 69.9 62.3 53.8 41.5 33.7 9.1 8.6
-1.4 -1.4 -1.4 -1.4 -0.8 -1.4 -1.4 -1.4 -1.4 -1.4 -1.4 -1.4 -1.4 -1.4 -1.4 -1.4 -1.4 -1.4 -1.4 8.6 22.5 15 -1.4 -1.4 -1.4 -1.4 -1.4 -1.4 -1.4 -1.4 -1.4 -1.4 -1.4 -1.4 -1.4 -1.4 -1.4 -1.4 -1.4 -1.4 -1.4 -1.4 17.3 14.9 8.5 5 13 15.2 23.1 20.4 22 27.2 27.9 24.4 28.6 26.5 30.7 25.1 25.2 35.4 48.1 50.1 48.2 44.8 43.7 46.3 56.3 61.6 68.1 80.6 88.3 94.7 98.3 100.1 98.5 89.4 83.4 75.8 68 61 53.4 45.1 39.1 20.6 9.4
-1.4 -1.4 -1.4 -1.4 -1.4 -1.4 -1.4 -1.4 -1.4 -1.4 -1.4 -1.4 -1.4 -1.4 -1.4 -1.4 -1.4 -1.4 -1.4 -1.4 22.1 19.1 11.4 0.9 7.2 -1.4 1.2 2.8 -1.4 -1.4 -1.4 -1.4 -1.4 -1.4 -1.4 -1.4 -1.4 -1.4 -1.4 -1.4 -1.4 -1.4 13.5 17.8 16.8 5.4 4.8 9.2 26.3 19.4 20 23.6 25.1 24.4 26.8 27.9 23.6 25.7 26.8 30.7 44.6 50.4 50.9 47.4 44.3 48 59.6 63.9 68.6 81.1 88.6 95.1 100.5 100.3 95.8 90 82.9 77.7 67.7 58.5 52.6 48 38.6 31.4 25
-1.4 -1.4 -1.4 -1.4 -1.4 -1.4 10.3 3.6 -1.4 -1.4 -1.4 -1.4 -1.4 -1.4 -1.4 -1.4 -1.4 -1.4 -1.4 -1.4 12.5 22.6 14.8 1.3 15.8 13.3 -1.4 -1.4 5.3 -1.4 -1.4 -1.4 -1.4 -1.4 -1.4 -1.4 -1.4 -1.4 -1.4 -1.4 -1.4 -1.4 4.3 7.4 7 2.2 5.1 10.4 27.5 25.5 19.9 24.2 24.4 24.4 24.4 27.5 23.7 22.6 25.3 29.6 39.5 44.8 49.7 49.9 46.5 51 57.9 62.4 70 80.6 87.2 93.5 96.7 97.6 91.6 84.2 79.2 71.6 65.4 56.1 50 47.7 38.5 35.1 33.8
-1.4 -1.4 -1.4 -1.4 -1.4 -1.4 10.8 16.9 20 -1.4 -1.4 -1.4 -1.4 -1.4 -1.4 -1.4 -1.4 -1.4 -1.4 -1.4 -1.4 20.1 10.6 -1.4 12.3 13.2 1.2 -1.4 -1.4 -1.4 -1.4 -1.4 -1.4 -1.4 -1.4 -1.4 -1.4 -1.4 -1.4 -1.4 -1.4 -1.4 -1.4 -1.4 -1.4 11.3 7.3 14.2 29.2 30 25.9 31.3 24.4 24.4 24.4 24.4 23.9 23.5 23.6 29.8 41.8 49.2 49 48.4 41.4 45 51.7 52.4 66.6 71.4 79.6 87.8 89.4 89.4 86.2 79.2 73.2 66.1 60.3 51.7 48.9 43.4 41 41 39
-1.4 -1.4 -1.4 -1.4 -1.4 -1.4 -1.4 5.6 5.6 11.5 11.2 -1.4 -1.4 -1.4 -1.4 -1.4 -1.4 -1.4 -1.4 -1.4 -1.4 8.3 -1.4 -1.4 9.4 10.8 -1.4 -1.4 -1.4 -1.4 -1.4 -1.4 3 -1.4 -1.4 -1.4 -1.4 -1.4 -1.4 -1.4 -1.4 -1.4 -1.4 -1.4 -1.4 -1.4 -1.4 15.7 28.9 38.1 33.2 31.4 28.1 25.9 26.2 24.4 24.4 30 30.6 28.1 43.3 49.9 47.9 40.6 34.2 37.9 42.8 42.2 54.9 64.4 75.1 80.1 81.4 79.1 75.6 70.2 64.1 59 51.5 50.5 49.2 47 46.8 44.7 42
-1.4 -1.4 -1.4 -1.4 -1.4 -1.4 -1.4 -1.4 -1.4 1.7 8.3 9.4 -1.4 -1.4 -1.4 -1.4 -1.4 -1.4 -1.4 -1.4 -1.4 -1.4 -1.4 -1.4 -1.4 7.8 -1.4 -1.4 -1.4 -1.4 -1.4 -1.4 -1.4 -1.4 -1.4 -1.4 -1.4 -1.4 -1.4 -1.4 -1.4 -1.4 -1.4 -1.4 -1.4 -1.4 -1.4 23.6 31.9 34.6 31.4 38.7 32.3 29.7 27.9 32 32.3 31.4 38.4 26.9 38.7 44.4 42.1 30.9 28.6 31 38.9 41.4 47.3 55.7 66.3 70.1 70.3 69.4 66.5 63 60.2 58.7 58.3 52.1 49.3 47.2 45.3 44.9 40.6
-1.4 -1.4 -1.4 -1.4 -1.4 -1.4 -1.4 -1.4 0.3 4.4 12.8 15 2.9 -1.4 -1.4 -1.4 -1.4 -1.4 -1.4 -1.4 -1.4 -1.4 -1.4 -1.4 -1.4 9.2 -1.4 -1.4 -1.4 -1.4 -1.4 -1.4 -1.4 -1.4 -1.4 -1.4 -1.4 -1.4 -1.4 -1.4 -1.4 -1.4 -1.4 -1.4 -1.4 -1.4 10.1 23.5 26.9 27.7 32.8 39.3 40.1 34.7 30.2 32.6 36.6 30.6 33.6 25 32.4 33.2 31.2 27.4 27.5 32 41.1 45.4 48.1 55 67.4 69.3 65.9 62.3 59.7 57.5 57.9 58.6 59.2 52.5 46.7 43.1 42 40.4 38.8
-1.4 -1.4 -1.4 -1.4 -1.4 -1.4 -1.4 4.9 13.7 21.1 27.5 24.5 19.4 -1.4 -1.4 -1.4 -1.4 -1.4 -1.4 -1.4 -1.4 -1.4 -1.4 -1.4 -1.4 -1.4 -1.4 -1.4 -1.4 -1.4 -1.4 -1.4 -1.4 -1.4 -1.4 -1.4 -1.4 -1.4 -1.4 -1.4 -1.4 -1.4 -1.4 -1.4 -1.4 -1.4 11.5 26.4 22.7 25.6 35.2 39.1 41.1 40.7 34.2 31 37.9 38.4 29 26.6 28.5 30.3 28.4 30.5 28.8 34.8 43.5 50.7 54.7 58.8 69.3 70.4 62.1 57.9 57.4 57.7 60.7 57.6 51.9 48.4 43 38.2 37.9 40.8 38.5
-1.4 -1.4 -1.4 -1.4 -1.4 -1.4 3.1 18.2 26.4 32.3 34.4 31.2 23.8 18.7 -1.4 -1.4 -1.4 -1.4 -1.4 -1.4 -1.4 -1.4 -1.4 -1.4 -1.4 -1.4 -1.4 -1.4 -1.4 -1.4 -1.4 -1.4 -1.4 -1.4 -1.4 -1.4 -1.4 -1.4 -1.4 -1.4 -1.4 -1.4 14.3 11.8 16.9 8.1 7 26.6 20.6 20.5 33.6 37.1 39.4 38.5 33.8 31.7 37 37.3 38.7 24.1 33.2 28.8 28.1 27.1 30.7 37.5 46.9 54.8 60.2 61.1 61.3 60.5 59.2 58.8 58.9 57.6 57 53.1 50.5 49.9 41.8 37.9 37.9 38.1 37.9
-1.4 -1.4 -1.4 -1.4 6.2 11.8 15.2 22.9 28.4 38.2 37.8 33 23.1 13.3 -1.4 -1.4 -1.4 -1.4 -1.4 -1.4 -1.4 -1.4 -1.4 -1.4 -1.4 -1.4 -1.4 -1.4 -1.4 -1.4 -1.4 -1.4 -1.4 -1.4 -1.4 -1.4 -1.4 -1.4 -1.4 -1.4 -1.4 15.8 21.4 20.5 14.5 16.6 9.2 18.7 25 16.6 25.8 34.9 37 37 39.7 36.9 32.4 34.4 35.3 30.7 25.2 27.8 30.7 26.1 32.7 40.3 48.7 59.6 59.4 60 60.1 57.9 61 59.8 57.4 51.7 50.8 47.8 47.3 47.8 39.9 39.5 37.5 37.5 37.6
-1.4 -1.4 -1.4 -1.4 11.1 14.8 16.4 21.3 23.7 32.4 33.4 25.3 17 5.2 -1.4 -1.4 -1.4 -1.4 -1.4 -1.4 -1.4 -1.4 -1.4 -1.4 -1.4 -1.4 -1.4 -1.4 -1.4 -1.4 -1.4 -1.4 -1.4 -1.4 -1.4 -1.4 -1.4 -1.4 -1.4 1.7 4.9 12.2 20.7 23.7 22.6 10.4 8.5 6 14.5 7.7 19.3 34 37 37.4 41.7 37.5 31.9 27.3 24.3 22.1 22.3 20.8 23.9 30.6 28.8 39.7 50.6 58.5 59.5 58.8 55.8 49.7 52.5 53.4 50.2 45.4 44.9 44.9 44.9 43.3 40.4 39.7 37.1 37.7 40.8
-1.4 -1.4 -1.4 -1.4 -1.4 11.2 6 12.7 16 22.8 21.7 15 3.7 -1.4 -1.4 -1.4 -1.4 -1.4 -1.4 -1.4 -1.4 -1.4 -1.4 -1.4 -1.4 -1.4 -1.4 -1.4 -1.4 -1.4 -1.4 -1.4 -1.4 -1.4 -1.4 -1.4 -1.4 -1.4 -1.4 1.2 8.6 15.6 21.1 22.8 24.6 15.1 -1.4 -1.4 -1.4 -1.4 19.5 28.1 34.5 34.8 36.1 30.5 26.6 23.2 18.3 -1.4 -1.4 14.3 17.7 20.5 21.3 36.7 51.1 52 50.2 49.6 50.9 51.1 45.7 46.4 44.9 44.9 44.9 44.9 48.2 40.7 39.1 38.3 36.6 37.7 40.2
-1.4 -1.4 -1.4 -1.4 -1.4 -1.4 -1.4 -1.4 -1.4 -1.4 3.6 -1.4 -1.4 -1.4 -1.4 -1.4 -1.4 -1.4 -1.4 -1.4 -1.4 -1.4 -1.4 -1.4 -1.4 -1.4 -1.4 -1.4 -1.4 -1.4 -1.4 -1.4 -1.4 -1.4 -1.4 -1.4 -1.4 -1.4 0.3 1.4 11 20.2 23.4 25.5 26.3 25.7 -1.4 -1.4 -1.4 -1.4 11.5 15.3 31.3 30.1 27.7 21 19.2 11.9 -1.4 -1.4 -1.4 15.2 18.6 19.3 20.8 35.7 50.7 49.5 48.8 49 50.1 44.9 44.9 44.9 44.9 45.5 47.1 49.7 51.7 39.1 38.6 37.4 36.3 37.1 37.4
-1.4 -1.4 -1.4 -1.4 -1.4 -1.4 -1.4 -1.4 -1.4 -1.4 -1.4 -1.4 -1.4 -1.4 -1.4 -1.4 -1.4 -1.4 -1.4 -1.4 -1.4 -1.4 -1.4 -1.4 -1.4 -1.4 -1.4 -1.4 -1.4 -1.4 -1.4 -1.4 -1.4 -1.4 -1.4 -1.4 -1.4 -1.4 -1.4 3.9 15.4 22.4 26 28.6 27.4 24 16 -1.4 -1.4 -1.4 -1.4 9.5 17.7 21.7 18.1 10.1 6.8 -1.4 -1.4 -1.4 15.5 26.8 22.6 23.1 27.5 37.6 49.4 50.1 49.3 47.9 45.9 44.9 44.8 44.9 44.9 47.7 49.1 53.3 50.1 42.8 38.3 36.1 36.1 36.1 38.9
-1.4 -1.4 -1.4 -1.4 -1.4 -1.4 -1.4 -1.4 -1.4 -1.4 -1.4 -1.4 -1.4 -1.4 -1.4 -1.4 -1.4 -1.4 -1.4 -1.4 -1.4 -1.4 -1.4 -1.4 -1.4 -1.4 -1.4 -1.4 -1.4 -1.4 -1.4 -1.4 -1.4 -1.5 -1.4 -1.4 -1.4 -1.4 -1.4 7.9 15.3 21.4 25 27.1 24.8 18.1 14.3 -1.4 -1.4 -1.4 -1.4 -1.5 7.6 7.8 5.4 -0.4 -1.4 -1.4 -1.4 15.2 20.4 32.4 30.9 35.2 44.7 47 41.7 50.1 46.9 43.8 43.2 42.9 43.7 45.1 45.4 47.7 50.8 50.1 48.4 46.6 41.5 38.5 38.9 36.7 36.2
-1.4 -1.4 -1.4 -1.4 -1.4 -1.4 -1.4 -1.4 -1.4 -1.4 -1.4 -1.4 -1.4 -1.4 -1.4 -1.4 -1.4 -1.4 -1.4 -1.4 -1.4 -1.4 -1.4 -1.4 -1.4 -1.4 -1.4 -1.4 -1.4 -1.4 -1.4 -1.4 0.5 13.4 7.4 7.2 -1.4 -1.4 -1.4 12 24.3 30.6 28.8 26.3 23.8 19.7 14.1 -1.4 -1.4 3.8 -1.4 -1.4 -1.4 -1.4 -1.4 -1.4 -0.3 7.9 16.4 19.8 17.3 28.8 32.9 41.7 49.9 49.6 43.7 42.7 42.9 41.2 40.9 40.8 43.9 45.5 47.9 50.1 51.6 52.1 50.5 48.2 44.9 44.8 43.8 39.2 32.4
-1.4 -1.4 -1.4 -1.4 -1.4 -1.4 -1.4 -1.4 -1.4 -1.4 -1.4 -1.4 -1.4 -1.4 -1.4 -1.4 -1.4 -1.4 -1.4 -1.4 -1.4 -1.4 -1.4 -1.4 -1.4 -1.4 -1.4 -1.4 -1.4 -1.4 -1.4 -1.4 9.3 14.1 12.8 15.3 20.3 -1.4 -1.4 6.1 15.6 25.7 29.1 26.2 23.3 22.4 19.3 12.1 -0.7 -1.4 1.1 -1.4 -1.4 -1.4 -1.4 -1.4 1.2 11.4 21.6 23.5 18.8 25.2 29.1 38 47.5 49.2 39.4 39.3 39 39.9 39.1 40.6 45.7 47.9 50.2 49.2 49.5 52.3 49.7 50.7 49.1 49.4 49.3 45.3 36.3
-1.4 -1.4 -1.4 -1.4 -1.4 -1.4 -1.4 -1.4 -1.4 -1.4 -1.4 -1.4 -1.4 -1.4 -1.4 -1.4 -1.4 -1.4 -1.4 -1.4 1.2 -1.4 -1.4 -1.4 -1.4 -1.4 -1.4 -1.4 -1.4 -1.4 -1.4 0.9 6.1 7.8 9.5 10.1 18.6 14.2 14.3 1.2 7.1 17 20.4 20.8 18.5 20.9 27.6 10.8 6.3 8.9 16.3 16.7 -1.4 -1.4 -1.4 1.6 6.3 15.2 25.6 22.6 13.5 21.1 26.3 43.8 45.3 45.5 41.9 36.8 37.2 38.1 39.2 48.8 49.8 50.1 51 46.5 41.8 43.4 51.5 53.8 49.8 50.1 49.7 45.4 37.5
-1.4 -1.4 -1.4 -1.4 -1.4 -1.4 -1.4 -1.4 -1.4 -1.4 -1.4 -1.4 -1.4 -1.4 -1.4 -1.4 -1.4 -1.4 1.2 1.4 9.8 10 -1.4 -1.4 -1.4 -1.4 -1.4 -1.4 -1.4 -1.4 5.6 10.5 17.8 14.6 8.1 13.9 13.2 8 6.3 10.3 -1.4 -1.4 6.7 7.5 16.3 19.9 20.7 9.6 3.4 10.2 14.8 16.3 13.8 13.9 -1.4 -1.4 5.1 11.8 23.9 16.5 5.3 13.6 28.1 43.9 48 48.6 41.4 36.9 35.5 37.8 40.1 49 52.4 52.8 47.6 41.6 39 39 43.2 51.1 51 50.6 49.5 44.9 39.8
-1.4 -1.4 -1.4 -1.4 -1.4 -1.4 -1.4 -1.4 -1.4 -1.4 -1.4 -1.4 -1.4 -1.4 -1.4 -1.4 -1.4 -1.4 8.5 9.3 16.8 22.8 17.6 -1.4 -1.4 -1.4 -1.4 -1.4 -1.4 -1.4 -1.4 2.9 8.5 2.7 9.7 10.4 20.6 -1.4 -1.4 -1.4 -1.4 -1.4 -1.4 8 21.4 24.2 16.7 6.2 1.2 7.6 16.4 18.7 19.5 19.8 20.3 -1.4 -1.4 4.4 6 3.7 -1.4 10.5 24.1 41.9 42.9 45 39 35.8 33.6 37.4 42.7 49.7 52.3 50.2 45.3 39.7 39 39.2 40 47.2 50.5 50 49.6 45.5 40.3
-1.4 -1.4 -1.4 -1.4 -1.4 -1.4 -1.4 -1.4 -1.4 -1.4 -1.4 -1.4 -1.4 -1.4 -1.4 -1.4 -1.4 -1.4 -1.4 1.3 21.9 31.2 26 6.2 -1.4 -1.4 -1.4 -1.4 -1.4 -1.4 -1.4 -1.4 1.2 4.7 -1.4 1.9 -1.4 -1.4 -1.4 -1.4 -1.5 -1.4 -1.4 -1.4 18.8 20.6 5.1 -1.4 -1.4 13.1 21.9 20.4 18.4 17.8 20.2 17.1 -1.4 -1.4 -0.2 -1.4 -1.4 9.7 34 37 35.6 37 38.5 35.3 32.5 40.3 46.2 44.9 36.9 43 41 43.5 46.5 45.2 42.1 40.9 42.4 49.5 45.9 43.8 38.9
-1.4 -1.4 -1.4 -1.4 -1.4 -1.4 -1.4 -1.4 -1.4 -1.4 -1.4 -1.4 -1.4 -1.4 -1.4 -1.4 -1.4 -1.4 -1.4 -1.4 11.9 27.1 26 15.2 -1.4 -1.4 -1.4 -1.4 -1.4 -1.4 -1.4 -1.4 -1.4 -1.5 -1.4 -1.4 -1.4 -1.4 -1.4 -1.4 7.2 -1.4 -1.4 -1.4 -1.4 6.5 -1.4 -1.4 -1.4 12.9 20 18.1 20.7 15.3 14.4 13.1 15.6 -1.4 -1.4 -1.4 -1.4 -1.4 37.1 36.5 37.8 40.5 39.6 36.6 32.8 34.2 49.3 42.5 33.2 35.9 40.4 45.3 50.6 48.4 43.2 38.2 38.5 40.6 40.8 41.4 37.2
-1.4 -1.4 -1.4 -1.4 -1.4 -1.4 -1.4 -1.4 -1.4 -1.4 -1.4 -1.4 -1.4 -1.4 -1.4 -1.4 -1.4 -1.4 -1.4 -1.4 -1.4 10.3 13.5 11.4 -1.4 -1.4 -1.4 -1.4 -1.4 -1.4 -1.4 -1.4 -1.4 -1.4 -1.4 -1.4 -1.4 13 18.9 24.3 23 16.5 -1.4 -1.4 -1.4 -0.7 -1.4 -1.4 0.7 12.8 13.2 18.4 19.9 13.6 15 4.8 7.8 -1.4 -1.4 -1.4 -1.4 -1.4 34.2 38.4 39.6 40.2 40.1 37.4 33.1 28.7 42.8 39.7 31.5 27.4 36.6 38.9 43.1 41.8 40.8 33.7 32.2 41 39.6 37 35.2
-1.4 -1.4 -1.4 -1.4 -1.4 -1.4 -1.4 -1.4 -1.4 -1.4 -1.4 -1.4 -1.4 -1.4 -1.4 -1.4 -1.4 -1.4 -1.4 -1.4 -1.4 -1.4 -1.4 10.4 1.9 -1.4 -1.4 -1.4 -1.4 -1.4 -1.4 -1.4 -1.4 -1.4 -1.4 -1.4 -1.4 18.5 22.5 25.8 22.1 19 9.7 5.2 8.1 -1.4 -1.4 -1.4 -1.4 10.4 13.6 17.4 14 8.1 -1.4 -1.4 -1.4 -1.4 -1.4 -1.4 -1.4 -1.4 28.6 29.8 35.1 38 39.2 38.4 33.4 28.9 30.3 31.3 28.4 24.4 34 35.7 38 38.3 38.9 34.8 29 36.8 30.5 30.1 28.3
-1.4 -1.4 -1.4 -1.4 -1.4 -1.4 -1.4 -1.4 -1.4 -1.4 -1.4 -1.4 -1.4 -1.4 -1.4 -1.4 -1.4 -1.4 -1.4 -1.4 -1.4 -1.4 -1.4 -1.4 1 -1.4 -1.4 -1.4 -1.4 -1.4 -1.4 -1.4 -1.4 -1.4 -1.4 -1.4 11.9 24.9 19.2 13.5 5.3 4 2.1 0 -1.4 1.2 -1.4 -1.4 -1.4 -1.4 13.1 16.9 3.9 0.3 -1.4 -1.4 -1.4 -1.4 -1.4 -1.4 -1.4 23.5 20.9 18.2 22.6 34.5 38.7 40.3 39.7 35.8 27.3 29.4 27.1 26.6 20.5 32.4 36.3 37.5 37.5 33.1 28.4 25.2 19.2 16.9 19.3
-1.4 -1.4 -1.4 -1.4 -1.4 -1.4 -1.4 -1.4 -1.4 -1.4 -1.4 -1.4 -1.4 -1.4 -1.4 -1.4 -1.4 -1.4 -1.4 -1.4 -1.4 -1.4 -1.4 -1.4 -1.4 -1.4 -1.4 -1.4 -1.4 -1.4 -1.4 -1.4 -1.4 -1.4 -1.4 -1.4 21.2 31.8 25.4 13.9 3.9 -1.4 -1.4 -1.4 -1.4 -1.2 -1.4 -1.4 -1.4 -1.4 1.1 1 0.5 -0.4 -1.5 -1.4 -1.4 -1.4 -1.4 -1.4 19.5 30.9 24.4 10.7 15.3 24.9 31.8 35.7 39.4 35.2 31.4 22.8 25.8 28 26.5 11.5 23.7 24.7 24.2 26.1 20 2.9 3.4 -1.4 -1.4
-1.4 -1.4 -1.4 -1.4 -1.4 -1.4 -1.4 -1.4 -1.4 -1.4 -1.4 -1.4 -1.4 -1.4 -1.4 -1.4 -1.4 -1.4 -1.4 -1.4 -1.4 -1.4 -1.4 -1.4 -1.4 -1.4 -1.4 -1.4 -1.4 -1.4 -1.4 -1.4 -1.4 -1.4 -1.4 -1.4 24.2 35.5 28.7 15.8 9.7 -1.4 -1.4 -1.4 -1.4 -1.4 -1.4 -1.4 -1.4 -1.4 -1.4 -1.5 -1 -1.3 -1.4 -1.4 -1.4 -1.4 -1.4 -1.4 14.8 18 18.7 10.4 5.7 10.7 21.3 29.2 35.5 35.2 32.2 24.4 15.4 19.7 20.4 15.3 -1.4 -1.4 -1.4 -1.4 -1.4 -1.4 -1.4 -1.4 -1.4
-1.4 -1.4 -1.4 -1.4 -1.4 -1.4 -1.4 -1.4 -1.4 -1.4 -1.4 -1.4 -1.4 -1.4 -1.4 -1.4 -1.4 -1.4 -1.4 -1.4 -1.4 -1.4 -1.4 -1.4 -1.4 -1.4 -1.4 -1.4 -1.4 -1.4 -1.4 -1.4 -1.4 -1.4 -1.4 -1.4 -1.4 24 19.6 19 10.7 0.4 -1.4 -1.4 -1.4 -1.4 -1.4 -1.4 -1.4 -1.4 -1.4 -1.4 -1.4 -1.4 -1.4 -1.4 -1.4 -1.4 -1.4 -1.4 15.3 14 26.3 14.5 4.5 5.8 11.7 19.9 27.3 34.3 30.5 24.9 13.4 15.2 15.8 13 -1.4 -1.4 -1.4 -1.4 -1.4 -1.4 -1.4 -1.4 -1.4
-1.4 -1.4 -1.4 -1.4 -1.4 -1.4 -1.4 -1.4 -1.4 -1.4 -1.4 -1.4 -1.4 -1.4 -1.4 -1.4 -1.4 -1.4 -1.4 -1.4 -1.4 -1.4 -1.4 -1.4 -1.4 -1.4 -1.4 -1.4 -1.4 0.5 0.6 -1.4 -1.4 -1.4 -1.4 -1.4 -1.4 21 17.6 18.1 -1.4 -1.4 1.2 -1.4 -1.4 -1.4 -1.4 -1.4 -1.4 -1.4 -1.4 -1.4 -1.4 -1.4 -1.4 -1.4 -1.4 -1.4 -1.4 -1.4 13.4 13.6 16.9 10.8 4.8 3.8 10 18.3 19.7 21.9 20.3 12.6 6.9 -1.4 -1.4 -1.4 -1.4 -1.4 -1.4 -1.4 -1.4 -1.4 -1.4 -1.4 -1.4
