app/static/ascii/NG34.asc
ncols 200
nrows 200
xllcorner 130000
yllcorner 840000
cellsize 50
[rows 0 to 34 of 200, columns 0 to 78 of 200]
151.7 149.7 142.4 140 139 135.2 130.8 127.2 123.1 119.9 114.3 110.9 106 101.7 99.2 96.6 95.7 93.5 92.4 90.2 84.4 80.9 77.8 75.8 72.9 70 63.8 71 71.7 72.6 75 77.4 79.1 81.6 85.8 89.4 92.2 95.1 98.6 100.4 101.3 103.1 106.8 108.6 110.6 113.8 117.4 119.2 121.2 122.2 124.1 123.8 122.9 122.7 121 121.7 122 122.7 123.1 123.4 122.8 120.8 118.3 115.1 112.7 111.9 111.7 111.4 110.1 108 107 106.3 104 101 96.4 88.7 83.4 77.7 70.5
147.7 142.3 142.8 141 140 137 132.8 126.9 123.7 119.5 115.1 108.2 104.2 101.6 97.9 95.7 94.4 93 91.4 89.2 86 82.6 79.4 76.7 74.1 71.3 67.6 69.5 70.9 73.5 75.5 77.7 79.9 82 85.2 88.3 91.6 95.6 99.2 101.5 103 104.8 107.7 110.6 113.6 117.2 119.3 121.2 123.5 125.9 127.1 126.3 126.2 126.7 125.9 125 125.4 124.5 124.8 125 124.2 123 120.5 117.9 115.6 113.5 112.7 111.1 109.6 108.3 107.2 106.4 103.6 100.7 96.4 89 83.6 78.8 70.7
147.9 148.5 147.6 145.1 142.7 139.1 134.5 128.1 123.7 119.4 115.7 108.4 101.7 98.7 96.5 94.6 93.3 92 90.6 88.5 86.1 83 79.9 77.2 75.8 75.8 68.9 71.3 72.1 74.7 76.7 78.7 81.1 83.5 86.5 88.9 91.5 95.5 99.3 101.7 104.5 106.4 109.3 112.5 116 119.7 121.6 123.3 125.9 128.4 128.3 127.9 130.8 131.6 130.9 129.4 127.1 126.6 126.5 126.5 125.6 124.6 122.8 120.7 118.5 116.3 114.4 112.8 110.6 108.7 107.4 106.4 103.4 100.1 97.6 90.5 85.5 80 73.9
155.6 154.5 152.2 149 145.1 141.3 136.2 130.9 123.6 119.3 115.7 109.2 102.4 99.9 98.7 94.6 92.3 91 89.9 87.8 85.6 83.2 80.4 77.7 75 75.2 72.1 75 75.2 75.8 77.9 80 81.4 84 86.6 89 91.4 95.4 99.4 101.1 103.9 107.8 110.4 114.6 118.7 121.4 123.7 125.2 128.5 131 130.9 131.5 134.6 136.6 136 133.8 131.4 128.9 128.2 128.8 127.7 126.3 125.1 123.1 120.8 118.5 116.8 115.2 113 110.1 107.7 106 102.7 99.3 97.3 90.4 87.4 81.9 76.7
162.9 160.6 157.1 152.3 147.3 143 137.9 132.7 126.1 119.4 115.3 109.4 103.1 99 99.5 94.3 91.3 89.6 88.7 86.5 84.3 82.1 80.9 78.6 75.8 71.4 69.2 72.4 74.7 77.7 79.7 80.2 81.7 83.9 86.6 89.3 91.6 95.2 99 100.6 105.5 109.2 113.6 117.4 120.7 125.3 129.1 130.6 132.7 134.6 134.7 135.4 137.9 140.1 140.7 138.6 135.8 130.9 129.2 129.6 130 128.7 127.2 125.4 123.1 120.9 119.3 117.7 115.5 112 109.1 105.4 102 100.8 98.1 92.3 89.4 84.6 78.7
165.8 162.7 159.3 155.5 149.9 144.1 138.6 131.8 126.4 120.6 114.5 109.4 104.4 100.8 96.9 91.3 90 89 87.5 85 82.8 81.5 80.8 79.3 74.5 70.4 71.9 72.9 76.8 79.5 80.7 82.5 83.8 85.2 86.8 89.7 92.5 95.9 99.7 102.7 107.7 111.2 114.3 120 122.5 125.5 128.5 131.6 136.6 138.3 138.1 139.7 138.8 140.9 140.7 141.5 138.9 135.7 133.3 132.8 133.1 131.9 130.5 129.2 127.2 124.2 122.4 120.9 118.8 115.9 111.7 107.6 103.1 99.9 99.4 97.5 91.9 86.3 79.9
168.2 164.8 161.4 157.6 152 145.2 139.3 131.5 127.5 122.2 115.5 109.7 105.2 101.1 96.1 91.6 89.9 88.9 86.2 83.5 81.9 81.1 80.4 78.9 73.9 70.4 73 76.6 78.4 81 82.6 84.4 85.9 87.3 89 91.5 94.5 97.7 102.5 106.7 110 113.5 117.4 122.1 124.1 126.1 128.5 133.1 139.3 140.3 139.6 138.8 139.8 140.9 141.5 142.4 142.3 140.3 138.1 136.7 136.4 135.3 133.9 132.7 129.9 127.2 125.5 123.8 121.5 118.7 114.7 109.1 106.7 104 102.6 99.7 94.8 89.2 85.7
168.4 166.2 163.2 159.5 153 145.9 139.7 136.7 130.6 123.8 117 110.7 106.1 101.9 97.4 93.7 90.7 88.1 84.3 81.6 80.1 79.4 80 80.6 78.4 76.2 78.5 80.7 81.1 83.6 85 86.4 87.9 89.5 91.8 94.4 96.9 99.6 104.4 109.2 112.4 115.6 119.5 123.7 126 128.3 129.6 133.5 138.2 139.9 140.9 144.5 146.1 143.9 145 146.1 146.5 145.2 143.5 141.4 140.2 139.2 137.7 136.3 134.2 131.6 129.7 126.4 123.7 120.3 115.8 111.6 110.4 107.8 105 102 97.5 93.2 90.8
169.5 167 164.2 161.1 154.6 146.1 142 140.5 135.2 129.4 120.3 112.4 106.4 101.6 97 93.3 90.1 87.3 83.6 82 80.8 79.5 80 80.5 80.2 79 79.2 80.9 83.9 86.2 87.4 88.7 90.9 92.6 95.4 98.4 100.8 99.9 104.6 110.1 114.3 117.1 120 123.6 126.9 130.3 130.8 133.8 136.9 139 144.2 152.8 149.2 149.8 148.9 149.6 151.6 150.8 149.2 147.1 144.9 143 141.4 139.8 138.1 136.1 132.7 129.4 127.3 123.8 120.6 116.4 112.6 108.6 105.7 102.7 99.6 98.8 92.9
171.2 168 165.3 161.3 156.2 152.6 149 143.4 137.3 131.4 121.8 112.6 105.6 100.7 95.6 92.2 89.2 86.5 84.6 83 81.9 80.9 80.5 81 80.8 79.1 80.2 81.5 85.2 88.2 89.4 91.5 93.5 96 98.2 101.2 104 103.8 106.6 110.7 114.4 117.6 119.8 123.1 126.5 129.6 131.8 133.9 136.3 137.8 141.8 150.7 149.1 149.4 149.2 152.9 156.7 156.7 154.6 151.9 149.6 147.2 145.1 143.4 141.8 139.3 134.7 130 131.1 127.5 124 120.1 114.9 110.5 106.8 103.9 100.3 100.9 99.9
172.9 169.6 166.3 160.2 159.3 157.5 154.9 145.7 137.6 130.9 121.7 113.4 105.3 99.5 94.6 90.1 87.4 85.9 85.5 84 82.8 82 81 81.4 81 80.5 80.5 83.6 87.3 90.4 92.2 93.4 95.6 98.6 101.3 103.9 106.6 108.4 109.2 111.7 114.9 117.7 120 123 126.4 129.2 131.4 133.3 135.4 137.4 139.7 146.3 148.7 149 150.1 156.5 160.7 161 159.1 156.3 153.6 151.5 149.3 148 146.3 142.3 138.5 135.1 133.5 131.2 127.7 123.2 117.7 112.3 108.5 104.4 100.7 99.9 100.3
173.9 170.4 166.2 160.1 160.1 157.5 153.5 145.1 136.4 129.5 122.3 114.3 107.1 100.6 95.4 90.2 86.6 86.5 86.5 85.2 84.4 83.3 82.3 81.5 80.9 79.8 79.6 83.7 89.3 92 94.1 95.4 98.3 102.2 104.8 107 109.9 110.4 110.4 112.5 115.9 117.9 119.5 122.9 126 128.4 130.9 132.7 134.6 136.7 138.8 143.3 148.1 150.1 151.6 155.6 159.5 161 160.9 159.4 157.4 155.5 153.2 150.9 148.3 144.2 140.5 139.3 137.7 133.9 130.6 124 118.6 112.2 109.4 104.5 101.8 99.9 102.2
174.3 171 166.5 164 160.7 156.6 149.5 142 135.1 129.9 122.8 115.1 108.1 101.1 95.8 90.7 88.7 89 87.4 86.7 86 84.9 83.9 83.2 82.3 80.6 79.5 86.7 91.5 94.5 96 97.8 100.4 104.7 108.3 110 110.7 110.3 110.3 113.4 116.9 117.9 119.6 122.7 125 127.2 130.1 131.4 133.5 136.1 138.2 146.3 149.9 151.6 153.2 155.7 159.1 161.2 161.6 163.5 159.5 158.8 156.8 154 150.5 147 143.5 140.6 140.6 134.8 130.5 122.1 119.2 114.9 110.5 107.4 106.1 104.5 103.7
173.6 171 167.8 164 160.4 153.9 146 140.4 136 130.6 124.2 116.2 108.3 101.3 96.1 91.3 89.3 89.8 89.5 88.4 87.5 86.6 85.9 85.2 84.2 81 79.8 84.1 91.5 94.6 95.7 97.8 101.2 104.7 108.8 110.9 110.5 110.4 110.2 114.1 117.1 116.9 119.5 122.5 124.5 126.6 128.9 129.2 133.6 137.8 142.7 149.3 150.6 152.9 154.5 156.5 158.6 160.9 165.3 168.1 165.1 160.9 158.8 155.5 152.9 149.5 146.5 143.6 140.6 137.8 133.2 128.4 124.2 119.5 114.8 110.7 109.4 110.6 105.3
173.9 171.3 168.1 164.2 160.1 153.9 147.2 142.8 137.8 131.2 124.4 116.2 108.3 101.5 95.6 90 91.1 91.1 90.9 89.8 88.5 88.4 87.8 87.1 85.6 83.4 82.2 85.5 89.3 92.6 95.6 98.2 100.9 104.1 107.6 110.4 111.2 110.7 111 115.1 117.5 118 120 122.1 124.3 126.6 128.9 132.6 136.4 140.5 144.2 149.1 150.9 154.1 156.1 158.2 160.6 162.4 165.4 169.1 166.3 161.2 159.2 156.4 153.8 151.4 149.5 146.3 142.8 140.6 138.6 134.2 128.1 123.5 118.9 114.3 111.9 110.6 107.9
174.5 171.4 168.2 164.4 160 159 152 145.6 138.8 130.2 123.5 115.1 106.3 99.3 93 91.1 91.9 90.5 90.6 91 88.9 88.8 89 88.8 88.3 86.6 86.1 86 88.5 92.1 94.8 97.5 100.2 102.5 105.8 108.9 111.6 111.8 113.7 115.9 118 119 119.3 122.9 126.4 128.6 131.2 136.2 140.3 144.2 147.5 150.3 153 155.7 158.4 161.2 164.1 164.9 163.7 167.6 165.1 160.8 158.4 156.3 154.7 153.5 151.7 149.1 147.7 147 143.2 138.3 132.1 127.5 123.1 118 114 113 111.8
174.6 171.5 168.3 165.7 162.9 160.8 154.3 146.4 137.1 127.7 122.1 114.9 103.5 96.6 93.8 93.2 91.8 91.2 90.9 90.4 89.4 89 89 91.2 89.4 87.7 86 87.1 89.4 92.1 93.9 96.2 98.7 101 104.4 107.9 108.2 112.5 115.2 116.9 119.2 120.4 120.8 123.9 127.8 130.9 136.2 141.4 144.1 149.5 151.6 154.6 157.2 161.1 165.5 167.5 168.4 168.9 167.2 165.5 163.7 161.8 159.7 158.1 157.1 156 152.6 150.9 152 150.4 146.1 141.7 136.3 132 126.7 120.7 116.2 114.8 114.2
174.6 171.3 168 166.5 164.7 161.6 157.3 148.8 136.6 124.9 119.3 111.5 101.9 96.3 93.9 94 90.5 90.3 90.3 90.1 89 89 89.5 90.1 90.5 89.7 88.3 89.4 89.5 89.3 92 95.8 98.6 102.2 104.8 107.9 112 116.4 117.4 119.7 121.4 122.2 123.8 125.9 129.8 135.9 141.3 146.7 150.8 157.7 158.7 159.9 164.6 168.7 171.7 172.2 172.4 170.8 168.4 167.5 164.9 162.6 160.9 160.9 159.7 158.7 156.1 156.7 155.8 153 149.1 145.1 140.7 136.1 130.6 123.4 118 116.5 116.1
173.2 171.2 168 165.2 162.9 161.3 158.7 148.4 135.4 122.8 116 108.9 102.7 96.8 93.2 91.6 89.7 89.3 89.1 89 89 89 90.5 92 92.1 92.2 91.8 92.7 92.2 90 92.9 97.6 100.4 102.9 105.8 110.2 115.1 119.1 120.4 122.3 124.5 124.8 126.8 129.6 135.1 141.6 146.1 151.2 156.5 162.2 166.1 165.8 172.2 176.2 177.6 176.7 176.8 174.2 170 168.9 166.3 163.7 161.2 161.9 161.6 162.3 162.4 161.4 159.6 158.1 154.2 149.3 145.2 140.4 134.5 126.7 121.9 118.9 118.3
170.9 169.8 165.3 163 160.7 160.1 158.4 149.1 134 121.5 114.3 107.5 102.1 97.3 93.5 91.3 90.3 90.2 89.9 89.4 89 89 91 93.2 93.7 94.1 94.3 94.4 94.7 90.9 93.6 97.9 100.7 102.7 106.6 111.6 117.1 121 122.7 124.6 126.3 127.5 128.9 133.8 139.4 143.5 148.6 153.5 158.6 163.9 169.2 172.5 179.5 183.6 182.6 180.2 181.4 178.7 174.8 170.2 167.8 165.3 163.5 164.5 165.6 167.3 167.6 165.2 163.4 161.7 158.4 153 148.4 143.7 138.2 132.2 126.3 122.8 120.7
167 166.2 162.2 158.4 157.5 158 155 145.6 131.6 120.2 112.5 105.8 101 96.8 93.9 90.2 89.4 90.5 90.2 89.9 89.6 89.1 92.9 93.7 94.6 95.3 95.8 96.4 96.6 92.2 94.4 98.3 101 104 108.1 112.9 117.8 122.2 124 125.8 127.4 130.3 133.2 137.5 142.1 146.2 150.5 155.5 160.7 166 171.8 178.2 182 188 189.1 187 184.1 180.9 176.8 172.7 168.9 166.7 167.3 168.4 169.7 170.6 170.3 169 166.5 164.1 161.7 156 150.5 145.9 141.9 137.8 131.1 128.2 123.8
161.2 161.2 158.7 155.7 153.3 150.9 150.1 140.4 127.1 117.8 110.5 104.8 100.4 95.7 92.3 90.7 89.2 88.9 88.6 88.6 88.7 88.8 92 93.4 94.3 95.2 97.2 98.4 97.4 94.3 94.2 98.9 102.3 105 109.2 114 119.1 122.8 124.7 126.3 129.9 135 137.8 141 144.8 148.7 152.9 157.6 162.7 168.4 175.1 181.9 185.5 187 191 191 188 183.8 179.8 176.1 171.4 168.5 169 169 169.8 171.1 170.7 170.3 169.9 167.1 162.9 157.9 153 149.4 145.7 141.3 135.3 133.6 128.9
157.1 156.2 154.8 150.1 147.1 143.8 141.1 132.9 120.3 113.4 107.9 101.3 99.1 94 90 89.3 88.5 88.4 88.5 88.5 88.5 88.7 90.6 92 94 96.3 98.6 99.8 100.9 99.2 93.8 99.3 102.8 106.1 109.7 114.3 117.9 122.6 125.2 127.7 132.6 138.1 142.2 144.7 147.2 150.3 154.4 159 165.1 172.1 179.2 186.3 190.5 189.6 190.3 193.9 191.6 187.2 183.4 179.2 171.6 169.5 169 170 171.4 173.1 172.4 172.2 173.3 168.2 163.9 159.8 156.6 153.1 149.5 146 142.5 139.3 135
153.2 152 150.3 143 138.8 137.8 132.6 123.1 115.7 112.3 105.4 99.4 96.2 92.3 89.3 89 88.9 88.8 88.8 88.9 89 89.2 90.6 92 94.4 97.5 99.4 101.4 102.5 102.7 95.3 101.3 104.3 107.3 110.5 114.1 117.5 120.9 124.4 129.5 134.7 141.7 145.6 147.5 150 152.4 156.2 160.6 167.2 174.9 182.5 190.4 194.5 194.1 193.1 199 196.5 190.8 186.9 179.2 176.4 175 175 173.9 174.2 175.2 173.7 172.9 172.1 169.6 165.8 162.8 159.6 156.8 153.3 150.4 147.6 144.7 141.2
149.3 147.3 144.7 136.6 132 131.7 126.6 118.7 114.3 110.1 101.9 98.6 95.5 92.2 89.5 88.8 89 89.2 89.1 89.3 90.9 90.9 91.1 92.6 94.3 97 99.5 102.7 104.7 103.1 96.6 104.8 107.3 109.9 110.7 112 116.2 121.2 125.5 130.7 136.3 143.8 148.8 149.8 152.2 155 158.2 162.9 168.8 177.4 186.2 192.3 195.9 199 198.4 198.6 197.2 193.1 190 184.6 183.1 181.9 179.9 177.8 176.8 177.9 176.2 174.3 172.6 170.9 168.3 165.4 162.5 159.7 156.9 154.7 151.9 148.8 145.2
142.5 141.9 140.8 134 129.3 127.3 122.1 116.7 112.6 107.7 101.4 98.1 92.6 90.5 89.7 88.6 88.8 88.9 88.9 89.2 89.7 91 91.8 93.3 95.5 98 99.4 102.8 106 104.6 103 103.8 108.4 109.3 110.8 110.9 114.4 120.4 126.6 132.2 137.5 143.5 148.4 151.3 153.9 156.8 161.1 165.4 172.2 181.9 189.6 195.1 198.9 201.6 201.9 200.6 198.8 193.1 190 189.1 190.6 191.3 186.9 182.1 179.8 180.6 178.1 177 175.4 173.3 170.8 167.8 164.8 160.8 160.2 158.2 155.7 152.6 148.7
138.6 138.7 136.6 129.9 126.4 122.7 118.6 115.3 111.2 106.3 99.8 95.4 90.9 89.2 88.4 88.1 88.1 88.2 88.3 88.5 90.3 91.1 92.2 94.4 96.5 99.4 100.5 102.1 105.6 106.9 105.5 107.2 104.2 107.2 109.2 111.1 114.2 119.6 126 131.7 138 143.8 147.7 151.4 154.8 158.4 162.6 167 173.2 181.7 189.5 196.2 201.3 203.1 204.3 203.6 200.8 194.6 189.1 189.7 193.1 197.2 195.7 188.5 184.3 181.9 179.6 179.7 178.3 177.1 174.3 170.4 165.7 163.2 161.8 160.7 158.2 156 151.9
135.8 134.5 131.1 126.9 122.2 119.3 116.4 113 110.2 107.2 101.6 94.8 91 88.5 87.3 87 87.4 87.4 87.9 89.2 90.2 91.2 92.3 94.3 96.3 98.5 100 102.7 105.5 108.1 110 110.6 108.1 103.6 109.1 112.6 118.6 122.4 129.3 131.9 137.2 142.5 146.6 150.9 155.3 159.7 164.2 169.7 176.3 183 190.5 196.5 201.8 205.1 207.5 207.3 202.8 197.9 194.2 192 191.7 199.6 200.7 195.9 187.9 185.1 183 181.3 180.2 179.2 179.3 174.2 170.4 166.8 163.8 163.1 161.1 158.4 154.6
130.9 132.6 129.4 123.3 119.4 117.2 114.6 111.2 108.6 104.1 100.3 93.6 89.4 87.7 86.5 85.9 86.4 86.9 88 89.1 90.1 91.1 92.2 94.2 96.2 98.5 100.8 103.8 106.9 110.1 111.4 112.4 111.6 111 109 114.9 121 123.1 129.6 131.5 136.8 141.7 146.5 151.2 155.8 160.2 165.5 172.1 177.5 183.9 191.3 196.9 202.1 206.5 209.2 209.9 206.6 200.5 198.1 197.3 194 197.4 200.2 200.9 195.3 188.2 186.2 185.5 184.8 182.9 180.7 178.6 175.6 172 169.1 166.7 164.4 160.9 157.1
129.1 131 125.2 119.9 117.4 114.9 112.4 110.4 107 103 100.5 94.6 89.1 86.4 85.3 84.3 84.5 85.8 87.5 88.9 90 91 92.1 94.2 96.3 98.8 101.6 104.8 108 111.4 112.6 113.9 114.2 112.2 113.7 110.2 117.7 122.1 128.1 131.8 137.3 141.5 145.6 150.9 156 161.1 166.6 172.7 178.6 184.8 190.9 197 202.5 207.3 210.7 209.5 206.6 201.9 199.6 199.2 196.1 198 200.9 200.7 199.1 193.1 190.7 189.6 189 187 183.6 181.9 178.7 175.2 172.9 170.7 167.7 164.2 160.9
122 122.5 121.4 116.6 112.2 111.6 110.4 109.1 104.8 101.8 98.3 92.9 88.2 84.7 83.6 82.8 83 84.3 86.4 89.2 89.9 90.9 92.6 94.7 97 98.4 101.3 105.4 110.2 112 113.9 115.5 117.3 118.3 118.8 113 119.9 120.5 127.1 133 137.6 142 146.7 151.8 156.6 162.1 168.4 174.3 179.9 185.9 191.1 196.5 202.4 207.7 210.9 209.1 206.7 202.7 200.5 199.4 198.7 200 200.7 201.8 200.5 198.6 196.8 194.4 190.7 188.3 185.7 184.2 181.5 178.7 176.3 173.9 170.7 167.4 165.1
125.7 119.4 118.2 113.8 109.2 109.1 106.7 104.2 100.4 98.4 94 89.9 86.7 83 81.5 81.6 82.1 84.3 87.1 89.6 90.2 90.9 93.1 95.4 98.1 99.3 101.8 106.3 110.5 112.9 115 117.3 119.6 123.8 124.1 119.7 126.2 129.2 128.6 132.8 138.2 142.8 148.1 153.1 158.1 163.9 170.1 175.7 181.3 187 192.2 196.7 200.2 205.8 210.1 209.1 206.5 203.3 202.1 200.9 200.8 200.6 203.8 205.8 206 202.9 201.7 197.1 192.6 189.2 186.9 186.1 184.8 182.3 179.6 176.6 173.6 170.7 168.1
125.6 118.9 111.4 108.9 107.6 105.6 102.7 99.9 96.5 91.8 90 87.8 84.9 81.1 79.8 80.7 81.3 83.3 85.9 88.5 90.9 91.1 93.1 95.7 98.4 100.4 102.9 105.5 110.1 112.7 116.1 119.8 124.6 130.3 130.3 129 120.6 129.1 129.7 132.9 138.3 143.7 148.8 154.2 159.5 165.8 171.5 177 182.6 187.1 191.6 196.4 200.8 204.7 207.8 207.6 205.4 202.4 200.1 200.7 200.4 200.7 205.8 208.9 211 209 205 200.3 197.1 193.3 190.1 189.1 189.4 186.7 184.1 180.2 177.6 173.5 170
124.1 118.1 113.1 109.5 106 102 99.1 99 92.5 89.1 86.4 84.5 82.5 80.3 79.6 79.6 80.6 82.1 84.7 87.3 89.9 90.6 92.8 95.3 98.4 101.4 103.9 106.1 109.1 114.1 119.8 121.9 130.2 134.9 135.9 134.5 131.7 126.7 132.6 134.5 138.7 144 149.2 154.4 159.7 166.3 173.3 177.7 182.1 186.7 191.3 195.6 200.4 201.9 204.5 204.7 202.9 200.3 199.7 199.1 199.1 199.9 206.7 210.9 212 212.5 209.3 205.4 201.6 198.7 196.4 194.7 192.4 190 187.5 184 181.6 178 174.9
121.6 117.4 113.3 109.7 106 101.9 100.9 97.6 93.4 90 85 81.8 80.6 80.5 79.8 79.2 80.2 80.7 83.2 85.9 88.6 90.3 92.9 96.2 99.6 102.3 104.9 106.6 110.7 117.7 124.8 129.6 133.7 138 140.7 138.7 136.6 133.6 133.1 136.9 139.3 144.3 149.5 154.7 160 166 171.4 176.6 181.5 186.2 191 195.2 197.8 199.9 201.3 201.4 200.6 201 199.1 199.1 199.1 201.5 206.7 212 215.9 216.8 214 209.4 205.3 202.8 200.3 197.6 195.3 192.9 190.5 188 185.1 181.1 178.5
