app/static/ascii/NG45.asc
ncols 200
nrows 200
xllcorner 140000
yllcorner 850000
cellsize 50
[rows 105 to 139 of 200, columns 0 to 78 of 200]
47.8 54.9 60.4 59.9 62.2 66.9 53.6 46.5 46.6 47.3 49.8 66.4 66.7 72.3 81.8 79.6 81.3 82.7 87.5 91.1 89.4 89.6 90 91.4 95.3 102.4 110.8 127 145.2 150.1 150.9 150.9 150.9 150.5 152.6 154.2 156.5 162 166.1 164.2 153.3 150.8 149.4 144.4 138.9 135.7 136.7 135.4 134.8 134.3 133.1 129.5 132.1 135.2 137 139.7 145 142.8 146.2 150.4 154.4 159.4 168.9 181 193.7 207.6 216.2 230.6 243.1 248.3 241 232.8 228 222.7 218.1 213.7 209.4 204.7 200.7
44.4 50.8 54.6 58.6 59.6 61.3 57.6 48.8 46.4 46.9 49.8 59.6 62.6 63.9 68.9 74.8 78.1 79.4 82.2 87.4 92.5 89.2 89.7 90.9 95.4 101.2 106.8 120.4 142.4 149.8 149.4 150.9 149.6 149.7 151.8 153.7 157.3 163.2 167 167.4 153.1 149.1 145.5 143.5 139.2 136.1 133.4 133.3 131.9 129.9 129.6 128.4 127.7 128.7 130.4 132.9 136.5 136.5 138.2 141.8 146 151.2 157.2 165 177.6 189 201.6 210.6 219.3 221.3 218.6 211.8 210 204.9 199.8 194.8 190.4 186 182.3
37.4 44.5 50.5 56 59.5 60.6 61.2 51.5 46.8 46.5 48.5 53.7 59.5 61.1 65.6 70.8 74.2 77.6 80.9 82.7 93.8 90.8 89.7 91.9 96.9 101.4 104.6 113.2 135.7 145.5 147.5 149 146.8 149.1 152.3 154 156.9 160.8 165.8 164.8 155.7 148.7 144.6 140.6 139.4 136.1 132.6 131.2 130.1 126.9 123.9 120.5 120.8 121.4 124 126.3 128.8 131.9 134.1 135.2 138.5 142.3 146.7 153.9 160.5 167.3 175.7 181.4 184.8 187.6 186.1 184.9 186 183.5 178.7 174.2 171.1 168 164.4
30.9 41.1 46.8 55.6 56.2 57.9 60.6 55.8 47.3 45.8 47.2 51.1 60.4 61 63.8 69.8 73.6 76.8 78.9 79.9 87 89.3 89.9 90.9 95.8 100.5 104.4 113 123.7 138.7 141.3 144 141.3 139.2 146.7 153.7 155.9 161 161.7 161.4 157.8 150.7 143.5 139.6 137.8 135.7 132.7 130.3 126.9 123.9 120.4 116.1 111.7 114 116.8 118.9 121.6 125.6 130.3 130.2 131.5 134.6 138.3 142.1 147.3 152.2 155.7 159.8 164.2 163.7 163.2 161.8 162.4 161 157.3 155.5 154.8 153.2 150.7
26.5 38.2 43.5 48.5 56 55.1 58.9 57.6 47.7 45.2 46.6 49.3 59.1 60.6 61.7 67.7 72.3 76.5 79.8 79 82.6 86.2 86.6 89.8 93.3 98 103.8 111.5 118.4 125.2 134.3 140.8 135.6 129.9 137.8 147.3 157.3 160.1 161.8 161.4 158.2 152.3 145.1 138.2 136.3 134.2 132.5 129.9 123.4 118.4 114.3 112 107.8 107.2 109.3 112.4 114.9 118.3 122.8 124.2 125.5 127.5 130.7 133.3 135 140 142 142.7 143.6 143.7 144.6 145.6 146.1 146.2 145.5 146.9 145.3 142.9 140.5
22.1 31.9 35.1 43.9 47.2 51.1 56 57.7 57 46.5 46 48.8 52.3 59.2 61.2 62.3 68.7 73.1 78.5 80.5 78.9 80.8 83.8 86.2 90.6 94.6 99.3 107.9 114.4 120.1 126.1 128.8 127.5 125.4 130.3 138.7 152.7 157.7 159.8 161.2 158.3 150.8 143.1 136.7 133.8 131.6 129.7 123.6 118.6 114.1 108.8 107.1 101.6 101.1 104.9 107.6 109 111.7 115.6 117.6 119.4 121 123.4 125.8 126.6 127.4 128.8 130.9 131.8 131.9 131.3 133.7 135.9 136.5 136.9 137.9 135.5 133.1 130.5
17.5 23.7 29.3 35 46.4 48.5 52.4 56.6 58.2 50.6 46.2 46.4 48.7 54.4 58.6 58.4 64.2 69.2 71.8 77 76 78 79.2 83.5 89.2 92.8 96 102.3 110 116.2 120.4 120.7 119.2 120.5 121.9 137.1 147.7 156 159.2 161 155.4 147.2 140.4 135.2 131.7 126 121.8 116.9 110.6 104.7 99.2 98.5 96.6 99.1 101.2 102.9 103.3 106.2 108.8 111.5 113.6 115.6 117.5 119.2 119.6 122.1 123.2 123.1 123.7 123.5 124.4 125.6 126.8 127.4 128.1 128.5 126.5 124.2 121.5
13.1 18.3 24.9 31.3 39 50.2 51.9 56.1 59.7 58.5 48.4 45.9 46.9 49.3 53.7 55.9 60.2 66 66.5 68.7 70.7 74.1 73.3 78.4 86.1 88.3 92.7 99.2 106.2 112.7 115.7 119.9 116.6 118.5 119.4 131 145.7 152.1 158.4 160.9 153.1 142.4 136.6 129.9 124.2 119.3 114.9 110.4 104.4 99.2 93.9 90.3 90.6 93.8 99 99.9 99.8 101 103 108.5 109.1 110.8 112.8 113.8 113.7 117.9 119.3 118.7 118.2 118.1 118.5 119.6 120.3 120.9 121.8 122.5 121 119.5 118.7
10.9 14 20.7 27.9 34.8 42.7 48.3 52.7 56.9 58.2 49.1 44.8 45.7 47.1 51.5 53.8 55.2 62.9 66.3 66.7 68.8 75.1 72.9 73.3 80.3 83.7 89.9 96.2 103.1 109.2 114.6 114 113.5 114.5 117.5 122.5 133.4 149.8 155.7 156.3 146.2 138.3 128.6 121.8 116.4 112.6 108.2 102.7 98.1 92.8 90.9 88.1 90.2 90.7 95.9 96.9 98 98.9 101.2 108.4 110.3 109.3 109.4 109.4 111.9 114.3 115 115.3 114.7 114.9 115.7 116.4 116.5 117.5 119 120 118.5 117.6 118
9.5 12.8 17.5 26.2 29.7 35.9 43.1 50.3 53 54.5 52.2 44.9 44.4 46.6 50.9 51.5 52.9 59 67.1 67.3 66.1 70.2 68.1 72.7 78.4 82.1 87.3 93.3 100 106.1 111.7 115.4 110.5 111.2 114.4 118.9 123.5 135.7 143.2 143.2 136.4 129 121.3 113.8 109.7 105.1 100.7 94.7 89.8 87.9 88.7 85.9 88.3 89.8 96.4 99.2 100.6 103.5 106.9 109.1 109.7 110.8 111 110.3 109.4 110.9 113.1 113.3 114 114.6 116.6 115.9 115.9 115.9 116.7 117.4 117.3 118 118.6
1.8 10.9 14.2 20.3 27.3 31.9 41.3 47.6 51.1 53 51.4 46.9 44.2 46.7 48.4 49 51.8 57.2 63.3 64.8 64.3 63.9 63.5 69 74.6 79.1 86.9 89.8 96.4 104.1 111.1 111.7 109.4 107 109.5 111.4 115.4 120.6 126.4 123.5 119.3 115.2 108.1 106.5 102.2 96.6 92.8 87.5 84.8 85.3 82.3 90.6 91.4 96 100.1 102.1 105.2 107.8 109.9 110.3 113.1 113.8 114.5 114.3 112.9 114.2 115.3 115.2 114.6 117.4 117.4 116.9 116 116.1 116.1 117 118 119.6 120.9
-1.9 2.7 9.1 16.9 23.8 32 39.3 45.6 50.9 51.7 50.9 49.1 44.4 44.5 46.4 47.5 49.7 53.6 58.7 60.4 61.8 61.3 59.3 65.4 70.5 74.3 78.4 83.3 92.7 103.8 110 107.4 105.4 99 101.5 103.5 105.9 106.9 105.2 104.5 102.8 100.9 100.6 97.3 93.2 88.5 85.1 82.5 81.5 81 88.1 90.5 93.7 99.2 102.7 107 110.2 114.6 116.2 119 121.1 119.9 120.1 120 120.9 121.5 121.7 121.2 119.9 121 121 118.4 116.9 117.9 118.6 119.3 120.9 120.7 124.2
-1.9 -1.9 2.4 9.5 19 29.1 35.5 40.6 45.7 50.9 50.9 53 44 40.6 43.9 45.9 49 51.2 55.5 59.3 58.7 58.5 60.3 61.8 65.8 69.6 73.8 79.7 90.6 104.3 105.1 102.5 100.5 92 94.6 93.9 91.6 91 90.8 90.8 91 90.7 90.2 86.7 84.3 80.1 78.1 78.4 79.1 80.7 88.8 91.5 95.7 99.4 105.4 112.5 118.7 123.3 124.4 127 129.9 128.9 130.4 129.8 129.6 131.1 129.4 128.1 127.1 127.9 127.7 125.2 125.2 125.9 127.9 129.8 131 130 131.6
-1.9 -1.9 -1.9 2.5 12.3 21.4 29.4 37.3 41.4 46.3 49.7 51.8 46 40.2 42 43.6 47.6 49.2 50.5 53.5 55.4 55.9 57.3 59 62 65.8 70.7 75.4 81 88.6 96.7 96.7 92.5 87.6 89.1 88.1 83.8 82.7 80.1 80.3 79.1 80.4 79.8 78.1 75.8 76.6 77.7 79.4 80.4 82.1 90.3 95.6 101 106.8 114.2 123.5 129.2 131.9 132.6 134.9 137.2 137.4 137.3 136.2 136.3 138.7 137.8 136.5 135.7 134.5 134.4 133.9 134.6 134.9 136.3 137.9 139.4 140.6 143
-1.9 -1.9 -1.9 -1.9 5.1 14.5 23.1 33.9 38.4 43.8 48 52.5 48.3 40.1 38.9 43.4 45.1 46 47 50.2 52.1 52.5 53.9 56 58.6 62 66.7 70.7 74.7 77.5 80.6 83.5 84.4 80.5 80.1 76.8 78.3 73.7 68.6 65.6 73.2 78.8 77.5 80.4 83.9 90 86.8 88.9 91.3 83.7 94.6 102 108 114.2 123.3 130.4 134.4 137.6 138.8 140.6 143.2 145.1 147.2 146.2 146.5 146.5 147.6 147.9 144.9 144.5 144 143.7 145.2 144.4 145.7 147.9 149.1 149.5 151.9
-1.9 -1.9 -1.9 -1.9 -1.9 7.8 16.4 28.7 36.9 42.8 45.7 48.2 48.4 41.9 38.8 44.3 44.8 45.2 44.8 47.1 48.4 49.4 50.5 53 55.6 58.2 62.7 67.1 69.4 71.4 74.9 75.2 78.1 72.9 69.4 67.3 67.3 61.9 69.5 73.3 81.1 81.5 83.2 85.5 87 89.7 93 93.5 93.3 87.2 95.9 105.8 115.1 122.7 130.4 133.9 138.3 142.7 146.2 149.1 154.5 157.5 159.7 158.7 158.6 156.4 157 155.9 154.5 154.6 154.7 154 154.7 154.6 156.8 159.1 159.2 159.4 162.8
-1.9 -1.9 -1.9 -1.9 -1.9 -1.9 10.6 20.3 33.9 39.3 42.3 45.5 45.1 43.7 37.5 39.3 43 44.5 42.2 43.4 44.7 46.2 46.4 49.6 51.6 53.7 59.5 62.4 64.2 66.3 67.1 68 70 66 61.4 61 60 67.2 72.3 80.7 85.3 89.2 90.7 91 93.7 95.9 98.1 97.9 97.8 96.5 101.6 107.9 118.4 126.8 133.5 138.1 147.1 151.5 156.3 157.9 162.4 169.5 168.6 166.2 165.5 165 165.2 164.7 164.3 165.5 164.9 164.9 165.9 167.5 169.7 171.5 172.7 173.6 175.8
-1.9 -1.9 -1.9 -1.9 -1.9 -1.9 4.1 14.3 25.7 35.5 38.4 40.9 42.6 42.5 34.1 32.4 39.3 43 39.9 39.8 41.1 43.3 44.9 46.6 49.3 50.8 54.8 56.7 60.8 63.4 63.6 62.8 62.4 59.3 56.9 58 64.6 71.2 79.2 89 93.2 95 95.2 96.8 100.5 106.9 109.1 105.5 107.4 106.1 105.7 112.2 118.9 128.1 135.3 144.8 156.7 164.5 170.2 169.9 172.4 177.7 177 174.6 175.3 175.1 175.2 175 174.8 176.6 177.1 178.8 178 181.6 182.5 185 185.3 187.8 189.2
-1.9 -1.9 -1.9 -1.9 -1.9 -1.9 -1.9 8.5 21.3 33.3 36.6 38 41.2 40.5 33.7 27.6 33.3 36.5 36.7 36.6 39.3 40.9 42.3 45.1 46.4 47.4 49.2 52.6 57.8 61 58.1 56.3 57.5 54.4 60.5 61.5 67.2 75.1 84.4 94.2 98.7 100.7 105.8 108.9 112.7 116.6 114.1 114.1 115.1 113.1 109 114.4 123.4 132.2 137.5 147.5 159.7 168.9 178.6 185 186.7 187 186.2 184.7 183.9 184.6 184 185.4 185.3 187.5 188.7 190.3 192.2 193.8 197.9 201.1 205.8 203.7 205.1
-1.9 -1.9 -1.9 -1.9 -1.9 -1.9 -1.9 -1.9 12 25.8 34.1 33.2 35.7 36.5 33.2 21 26.5 29.9 31.5 31.8 34.6 37.7 39.3 40.9 42.8 43.1 46.4 51 52.7 54.1 53.4 53.6 54.7 53.8 62 65.4 71.3 79.3 88.6 99 107 112 117.2 123.1 127.4 123 121.4 121.4 122.1 117.5 112.6 117.4 127.8 135.4 142.4 151.6 161.8 174.3 185 199.1 204.6 200.3 201.3 200.7 194.5 193.7 194.2 195.8 198.8 201 204.8 206.7 209.6 211.4 215.5 222.2 221.7 221.5 221.3
-1.9 -1.9 -1.9 -1.9 -1.9 -1.9 -1.9 -1.9 -1.9 16.8 22.9 25.2 30.5 32.1 31.9 22.5 21.1 23.8 25.9 28.3 30.2 34.4 37.2 37 39.8 38 42 48.5 49.8 50.2 49.8 53.1 55.5 61.8 67.3 71.6 76.4 83.7 92.5 103.1 115.3 122.1 132.4 141.1 140.9 135.9 135.2 132.9 131.4 125.7 121.2 117.2 131.4 137.6 147 155.8 165.3 176.3 189.3 207.2 220.6 218.2 214.1 212.4 203.7 202.3 204.9 209.1 212.8 224.7 233.2 237.5 241 251.2 245.6 240.7 239.6 241.4 241.9
-1.9 -1.9 -1.9 -1.9 -1.9 -1.9 -1.9 -1.9 -1.9 -1.9 14.7 18.3 22.7 25.8 25.7 20.9 16.1 18.6 22.4 24.9 26 30.3 30.1 31.5 33.4 31.6 33.7 43.1 45.5 52.4 54.4 57.1 59.9 63.3 71.2 78.2 82.3 88.3 96.9 108 121 131.9 142.4 150.3 148.1 146.2 145 141 139.3 133.4 130.4 123.3 130.5 139.7 148.6 157.8 166.9 178.6 191.9 210.1 224.6 229.5 230.1 217.5 210 214.9 221.3 226.7 236 252 260.2 261.7 267 266.9 265.9 263.1 262.1 265.1 269
-1.9 -1.9 -1.9 -1.9 -1.9 -1.9 -1.9 -1.9 -1.9 -1.9 8.1 12.7 15.3 19.6 19.7 15.1 13.1 14.9 18.3 20.8 20.8 23.1 25.1 26.2 28.2 29.7 35.3 40.7 47 53.3 56.3 61.8 68.7 65.6 70.3 76.8 86.5 91.8 99.2 110.3 124.4 139.9 147.4 155.2 157.3 158.4 159.9 154.4 146.9 143.9 136.5 129.6 131.3 139.7 148.7 157.6 167.2 179.8 190.8 209.6 225.4 236.4 239.5 229.1 220 230 238.5 248.7 249.6 256.6 260.4 266.5 269.3 272.5 274.6 270.9 271.7 276.5 282.7
-1.9 -1.9 -1.9 -1.9 -1.9 -1.9 -1.9 -1.9 -1.9 -1.9 -1.9 -1.9 9.2 14 13.1 10.9 10.3 11 10.1 10.7 13.1 24 27.3 29.9 30.2 32.3 35.2 40.5 46.1 53.1 61.1 65.7 70.1 69.6 71.6 75.3 81.3 92.1 101.5 113.4 126.4 139.5 147.7 162 171.1 169.7 166.3 168.9 159.8 149 142.7 138.9 135.1 143.8 148.1 156.8 168.7 182.2 192.8 208.7 227.5 242.1 246.6 248 234.9 237.1 246.5 251.9 260.9 265 269.8 279 282.2 283.5 282.6 281.2 282.1 289.1 293.5
-1.9 -1.9 -1.9 -1.9 -1.9 -1.9 -1.9 -1.9 -1.9 -1.9 -1.9 -1.9 1.5 10.5 -1.9 8.7 8.3 7.5 11.9 14.1 18.8 23.8 28.9 29.8 30.6 32.2 35.6 41.5 46.5 53.2 61.1 64.4 68.6 70.9 75.8 80.5 84 89.8 100 118.2 133.8 137.7 146.9 158.9 169 171.1 168.5 168.5 168.6 153.8 147.1 141.2 139.7 147.8 150.7 157.5 168.3 186.1 193.5 204.9 227.8 243.8 255.1 258.2 252.6 243 252.5 262.2 272.9 279.7 290.6 297.6 298.7 297.7 294.6 293.8 299.8 308.3 311.4
-1.9 -1.9 -1.9 -1.9 -1.9 -1.9 -1.9 -1.9 -1.9 -1.9 -1.9 -1.9 -1.9 2.6 -1.9 6.5 5.9 5.5 10.2 13.1 17.2 21.8 27.4 28.5 31.6 33.3 35.7 41.5 46.3 51.3 57.3 60.1 64.4 69.8 75.6 81.7 84.6 88.9 96.2 112.9 131.8 134.1 144.1 154.3 164.5 170.3 171.6 166.7 166.8 157.3 152.7 141.6 143.7 148.7 151.7 160.5 170 184.6 193.4 202.5 221.5 241.6 256 268.3 268.3 260.7 260.5 267.1 280.3 298.1 307.4 310.9 313.5 315.4 311.2 308.7 315.2 317.1 317.3
-1.9 -1.9 -1.9 -1.9 -1.9 -1.9 -1.9 -1.9 -1.9 -1.9 -1.9 -1.9 0.4 1.8 3.7 4 -1.9 4.3 7.7 12 14.5 19.1 25.2 28.6 31.6 34.6 37.6 41.3 45.8 50.1 54.7 57.4 60.6 66.2 72 77.1 82.6 88.5 93.6 103.1 119.8 129.6 139.7 151.5 160.8 167.2 170.8 165.6 166 159.7 154.8 144 150.2 150.9 155.2 162.1 169.8 180.8 190 201.5 218.3 236.2 256.3 270.6 270.3 270.1 268.1 277.5 287.5 303.5 311.8 323.2 330.3 330.4 322 320.6 324.4 324.1 322.8
-1.9 -1.9 -1.9 -1.9 -1.9 -1.9 -1.9 -1.9 -1.9 -1.9 -1.9 -1.9 -1.4 -0.4 -1.9 -1.9 -1.9 3.9 7.7 11.8 12.7 17.3 24.5 30.3 33.2 36.2 38.8 42 45.3 48.7 53.7 59.3 61.2 63.3 67.8 74.7 81.6 88.2 94 100 111.2 128.9 135.2 148 156.6 163.4 169.3 171.4 165.3 159.9 153.4 146 153.5 154.1 158.1 162.6 172.3 180.8 189.6 200.1 218.3 237.2 254.1 266.3 271 277.4 281.4 290.7 295.8 307.7 316.5 329.9 333.9 328.2 325.5 325.5 327.7 327.7 327
-1.9 -1.9 -1.9 -1.9 -1.9 -1.9 -1.9 -1.9 -1.9 -1.9 -1.9 -1.9 -1.9 -1.9 -1.9 -1.9 4.7 7.2 9.3 10.9 12.6 22.3 24.1 31.6 35.2 39.7 41.1 41.1 44.8 48.9 53.6 59.1 63 64.2 67.7 74.3 80.9 87.3 93 100.1 110 123.9 132.4 141.7 153.9 160.5 165.7 168 160.3 156.3 152.7 147.6 154.3 155.5 161 163.3 172.1 180.2 187.4 201.2 219.1 241.9 249.4 265 279.4 290.2 289.9 295.6 305.4 314.4 322.8 331.1 328.3 325.4 325.1 329.8 329.6 331.3 330.5
-1.9 -1.9 -1.9 -1.9 -1.9 -1.9 -1.9 -1.9 -1.9 -1.9 -1.9 -1.9 -1.9 -1.9 -1.9 3.8 6.6 10.5 10.2 10.9 12.1 21.3 24.1 26.2 34.9 39 41.7 41.5 44 50.1 55.7 58.3 63.2 67.8 70.1 73.3 80.1 86.5 93.5 101.5 106.5 119.1 131 136.7 151.1 156.4 160.2 162.1 160.1 154.6 148.3 147.9 149.7 154.5 160.2 163.8 170.2 179.4 186.9 203.3 222.2 241.9 252.9 272.2 289.6 296.3 300.8 299.1 306.4 315.8 322.3 325.3 320.5 323.9 328.8 333.7 337.3 337.1 335.5
-1.9 -1.9 -1.9 -1.9 -1.9 -1.9 -1.9 -1.9 -1.9 -1.9 -1.9 -1.9 -1.9 -1.9 -0.1 4.6 6.6 9.5 13.5 12.8 12.6 18 25.8 25.7 27.5 36.5 41 43.1 44.5 47.8 54.9 58.2 64.1 70.6 69.4 71.8 77.2 82.2 93.7 103 107.1 115.6 128.4 137.9 146.2 152.8 154.1 158.6 158.9 153.7 146.2 146.8 149.2 154.7 160.4 164.4 170.1 180.6 187.1 200 225.2 239.7 250.1 271.2 290.7 299 312 307 312.6 317.7 318.1 313.2 319.1 325.5 331.5 336.5 341.1 342.6 339
-1.9 -1.9 -1.9 -1.9 -1.9 -1.9 -1.9 -1.9 -1.9 -1.9 -1.9 -1.9 -1.9 -1.9 1.1 4.7 6.4 9.5 13.1 15.5 12.4 12.5 22.6 26.9 27.5 36 40.5 42.6 45.4 47.4 51.7 58.2 60.8 66.1 67 70.2 76.2 82.2 90.6 106.1 109.1 110.9 124.5 134.5 141.5 148.9 151.4 156 159.7 154.4 146.1 146.1 150.7 156.2 160.8 166.2 171.4 177.8 186.4 198.5 221.2 234.4 245.1 262 290 296 313.3 311.5 313.1 309.9 308.2 310.4 320.5 328.3 334.8 336.8 341.3 343.3 342.7
-1.9 -1.9 -1.9 -1.9 -1.9 -1.9 -1.9 -1.9 -1.9 -1.9 -1.9 -1.9 -1.9 -1.9 -1.9 2.6 4.6 8.2 12.4 17.1 17.9 13.1 14.2 25.8 27.5 31.1 39 42 44.3 45.9 50 56.8 60.4 62.9 64.4 68.9 76.8 82.5 89.7 100.6 109.2 111 118 128.9 136.4 145 154.6 154.4 156.7 154.6 146.6 145.4 152 158.7 160.6 166.5 172.6 177.1 185.2 196 212.8 232.9 248.1 265.5 286.9 294.5 303.9 312.4 304.9 301.4 301.4 310.2 320.2 330.5 337.7 340.6 341.7 345.2 342.7
-1.9 -1.9 -1.9 -1.9 -1.9 -1.9 -1.9 -1.9 -1.9 -1.9 -1.9 -1.9 -1.9 -1.9 -1.9 -1.9 2.4 6.4 10.8 15.1 16.5 16.2 14 17.4 24.3 31.2 38.5 39.3 41.4 43.5 45.8 53.6 57.8 61.3 63.2 66.8 75.1 81.8 88.2 93 102.8 108.4 111.8 120.4 132.3 137.3 147 152 152.9 151.4 147.4 145.1 149.5 159.6 161.8 163.7 169.5 174.8 183.7 193.4 208.1 227.7 248.8 267 285.1 295.2 299.4 303 296.7 295.7 300.3 310.9 320.6 330.2 340 341 341.3 340.3 339.1
-1.9 -1.9 -1.9 -1.9 -1.9 -1.9 -1.9 -1.9 -1.9 -1.9 -1.9 -1.9 -1.9 -1.9 -1.9 -1.9 -1.9 3.6 10.5 14.6 16.1 16.5 15.5 18.5 24.7 29.5 32.4 37 39.7 41.9 44 48.7 54.4 59.6 61.6 64.4 70.8 80.9 93 95.7 98.6 102.3 107 114.3 125.3 133 138.9 147.9 152.3 155.9 152.8 146.1 146 154.5 160.1 163.5 167.8 172.9 180.6 190.9 202.3 218 242.8 261.4 275.6 289.2 293.9 300.4 296.9 293.3 300.2 308.4 317.5 327.5 337.8 340.1 339.1 336.4 337.5
