app/static/ascii/NG50.asc
ncols 200
nrows 200
xllcorner 150000
yllcorner 800000
cellsize 50
[rows 148 to 184 of 200, columns 84 to 167 of 200]
-1.8 -1.8 -1.8 -1.8 -1.8 -1.8 -1.8 -1.8 -1.8 -1.8 -1.8 -1.8 -1.8 -1.8 -1.8 -1.8 -1.8 -1.8 -1.8 -1.8 -1.8 2.6 10.9 19.9 17.8 30.2 36.9 36.3 39 42.2 42.3 42.2 47 51.2 54.4 57.1 63.8 69.3 74.4 80 77.2 78.3 92.8 101.5 106.7 106.5 113.3 122.3 131.1 134 149.1 151.2 149.8 146.8 146.7 139 132.1 130.7 138.6 151.1 151.2 150 150.1 152.2 160.5 163.2 167.2 178.7 184 178.4 182.5 178 170.8 165.1 159.1 156.8 155.1 156.5 159.1 166.5 170.1 183.5 199.4 199.5
-1.8 -1.8 -1.8 -1.8 -1.8 -1.8 -1.8 -1.8 -1.8 -1.8 -1.8 -1.8 -1.8 -1.8 -1.8 -1.8 -1.8 -1.8 -1.8 -1.8 2.5 4 11 21.3 23.6 25.8 33.7 37.2 34 40.5 43.7 44.6 45.2 47.5 49.9 52.8 60.9 64.8 69.8 74.2 72.5 73.1 92.2 102.7 105.2 104.9 108.4 116.7 120.5 128.6 145 150.3 159.5 152.9 153.7 139.8 138.8 136 132.8 144.1 149.9 149.4 149.3 149 158.4 169.7 176.3 188.7 200.9 197.1 180.9 175.2 170.4 164.2 159.8 158 157.9 160.4 164.2 175 181 185.4 191.4 198.4
-1.8 -1.8 -1.8 -1.8 -1.8 -1.8 -1.8 -1.8 -1.8 -1.8 -1.8 -1.8 -1.8 -1.8 -1.8 -1.8 -1.8 -1.8 -1.8 -1.8 2.7 5 16.5 23.7 24.8 24.9 26.1 28.5 33 40.2 43.1 44.1 46 48.1 49 48.8 50.7 53.1 59.2 60.5 63.6 68.7 85.5 98.9 101.8 101.4 105.7 119.1 120.7 117.7 124.9 134.9 149.9 152.8 147.8 140.4 146.9 149.1 142.6 140.3 147.2 146.9 146.5 147.6 154.4 168.5 178 193.1 203 198.5 185.6 178.2 172.3 165.4 159.5 158.3 159.8 165.1 169.7 179.6 188 191.7 192.8 199.8
-1.8 -1.8 -1.8 -1.8 -1.8 -1.8 -1.8 -1.8 -1.8 -1.8 -1.8 -1.8 -1.8 -1.8 -1.8 -1.8 -1.8 -1.8 -1.8 -1.8 2.5 3.9 20.2 24.5 28.4 20.7 22.1 30.1 35.4 41 41.4 44.5 46.6 48.7 50.3 49 49.7 51.3 60.1 62.9 67.2 67.4 72.4 81.5 90.4 96.4 99.9 108 113.2 110.5 112.8 114.5 123.3 132.1 131 136.6 150.4 149.7 142.8 139.1 140.2 140.7 142.4 144.8 154.4 164.3 174.4 187.6 197.4 193.7 186.9 179.2 173.3 167.3 159.2 158.2 169 177.6 180.8 180.9 190.9 200.5 201.8 202
-1.8 -1.8 -1.8 -1.8 -1.8 -1.8 -1.8 -1.8 -1.8 -1.8 -1.8 -1.8 -1.8 -1.8 -1.8 -1.8 -1.8 -1.8 -1.8 -1.8 -1.8 1.7 2.4 12 23.9 19.4 19.4 27.2 34.8 38.4 41.2 44.4 47 49.1 51 50.2 50.4 57.4 65.2 74.6 83.1 86.2 82.5 89 105 104.3 109.6 109.5 110.2 109.8 110.5 112.3 118.1 118.3 121.6 130.7 145.3 149.6 141.7 140.3 140.6 140.2 140.1 142.7 151.4 161.2 169.1 171.3 181.7 181 181.6 179.8 175.1 170.5 163 166.2 179.6 191.3 188 186.4 192.2 199.1 198.8 199.3
-1.8 -1.8 -1.8 -1.8 -1.8 -1.8 -1.8 -1.8 -1.8 -1.8 -1.8 -1.8 -1.8 -1.8 -1.8 -1.8 -1.8 -1.8 -1.8 -1.8 -1.8 -1.8 0.7 1.9 4.5 11.2 16.6 22 29.9 34.1 38.6 44.7 49.3 49 50.9 46.7 55.2 66.5 74.7 82.5 89.6 91 87.1 89.9 105 113.1 120.3 117.3 119 118.8 118.5 125.1 133.9 131.5 133.3 148.8 159.1 156.4 148.4 143 141.3 140.7 141.6 140.3 144.9 157.4 170.4 168 166.6 168.4 170.3 174 176.5 175.8 172.7 179.3 191 189.7 188.2 188.5 189.6 196.9 200.3 195.6
-1.8 -1.8 -1.8 -1.8 -1.8 -1.8 -1.8 -1.8 -1.8 -1.8 -1.8 -1.8 -1.8 -1.8 -1.8 -1.8 -1.8 -1.8 -1.8 -1.8 -1.8 -1.8 -1.8 -0.2 1.7 7.6 14.4 20.3 25.2 28.8 34.5 40.8 47.4 46.5 43.3 47.4 58.8 71.6 82.6 91 91.3 90.9 91 91.2 99.6 113.2 118.2 120.7 120.3 125.9 127.9 135.9 142.7 149.6 146.8 157.1 159.6 159.5 155.2 149 143.1 141.8 140.3 140.3 145 163 177.4 178 163.3 166.8 177.6 181 178.2 181.2 184.3 189.4 193.7 188.5 186.5 187.4 187.5 188.3 190 195.8
-1.8 -1.8 -1.8 -1.8 -1.8 -1.8 -1.8 -1.8 -1.8 -1.8 -1.8 -1.8 -1.8 -1.8 -1.8 -1.8 -1.8 -1.8 -1.8 -1.8 -1.8 -1.8 -1.8 -1.8 -1.8 3.7 10.9 17.5 21.3 27.8 34 40.4 41.5 40.8 40.4 50.3 62 73.5 85.9 90.4 91.2 91.8 93.1 94 93.2 107.2 112.3 120.7 122.6 129.6 132.3 139.4 142.1 147.3 148.7 154.8 161.3 164.8 161.7 160.3 151.1 142.9 141.1 140.3 140.3 156.9 172.2 170 158.7 167 181.2 181.9 183.7 190.8 195.1 199.7 201.2 195.5 188.1 185.1 185.4 187.4 189.3 193.5
-1.8 -1.8 -1.8 -1.8 -1.8 -1.8 -1.8 -1.8 -1.8 -1.8 -1.8 -1.8 -1.8 -1.8 -1.8 -1.8 -1.8 -1.8 -1.8 -1.8 -1.8 -1.8 -1.8 -1.8 -1.8 5.4 11.6 17.9 21.6 29.6 34 38.9 40.9 39.9 42.4 49.9 60.8 72.3 83.1 84.6 90.1 91.2 93.3 96 98.8 98.6 110.6 119 123.3 122.4 134.2 135.2 137.8 143.1 148.9 151.9 164 169 170.3 170 164.9 149.8 142.7 140.5 141.7 151.6 163.9 159.5 155.2 166.7 181.2 183.3 187.3 202.3 206.2 206.5 202.1 195.3 186.4 184.2 184.5 188.6 193.5 194.5
-1.8 -1.8 -1.8 -1.8 -1.8 -1.8 -1.8 -1.8 -1.8 -1.8 -1.8 -1.8 -1.8 -1.8 -1.8 -1.8 -1.8 -1.8 -1.8 -1.8 -1.8 -1.8 -1.8 -1.8 0.5 3.7 9.7 15.1 20.4 29.2 34.7 38.7 39 40.4 49 60.7 69.5 70.8 75.9 79.3 83.4 88.8 95.4 97.8 106.7 100.3 107.4 111.9 114.5 118.1 119.3 129.2 133.5 139.3 149.7 151.2 166.3 173.4 174.2 170.8 168.6 158.5 147.4 145.2 146.6 147.5 146.8 145.6 147.2 159.6 181.1 179.1 191.1 213.1 215.6 209.8 203 193.9 187.2 185.9 182.8 190.3 195.5 199.1
-1.8 -1.8 -1.8 -1.8 -1.8 -1.8 -1.8 -1.8 -1.8 -1.8 -1.8 -1.8 -1.8 -1.8 -1.8 -1.8 -1.8 -1.8 -1.8 -1.8 -1.8 -1.8 -1.8 -1.8 0.8 8.1 10 15.9 21.8 29.9 34.7 38.5 35.8 40.5 47.7 57.4 64.1 69.7 74.1 78.8 81.7 81.9 93.4 100.3 110.4 103.2 101.4 109.8 109 112.7 112.2 122.5 132.9 139.2 152.4 157.4 163.1 175.7 177.6 169.6 167.8 155.5 148.4 152.6 157.7 155.5 145.2 138 138 145.8 161.5 174.3 192 213.8 211.9 210.6 205.6 196.7 190 189.2 187.1 183.1 187.5 192.2
-1.8 -1.8 -1.8 -1.8 -1.8 -1.8 -1.8 -1.8 -1.8 -1.8 -1.8 -1.8 -1.8 -1.8 -1.8 -1.8 -1.8 -1.8 -1.8 -1.8 -1.8 -1.8 -1.8 -1.8 0.1 1.8 6.8 17 24.9 28 35.6 35.4 31.3 42.6 48.6 54 58.8 63.3 73.2 79.6 82.3 84.7 91.8 98.6 100 99.6 95.6 103.5 101.1 103.7 108.6 117.1 130 143.7 156.5 165 160.9 171.3 172.1 165 160.8 151.7 148.2 156.2 169 164.4 146.6 134.3 129.1 129.5 148.7 169 186.6 205.5 206.5 213.3 210.2 203.9 196.7 189.2 190.8 183.8 180 187.3
-1.8 -1.8 -1.8 -1.8 -1.8 -1.8 -1.8 -1.8 -1.8 -1.8 -1.8 -1.8 -1.8 -1.8 -1.8 -1.8 -1.8 -1.8 -1.8 -1.8 -1.8 -1.8 -1.8 -1.8 -1.8 1 6.7 17.2 23.5 24.5 29.6 28.4 33.7 44.8 52.1 57.2 62.7 68.7 78.6 79.2 81.1 85.2 95 96.2 98.3 99.5 96.9 92.3 97.5 100.9 108.2 119.4 134 147.3 158.6 170.9 162.5 169.5 167.8 159.4 154.9 149.8 144.4 152.4 170.1 163.9 151.3 134.8 128.8 128.2 134 148.5 169.4 199 202.3 204.6 204 205.5 204.1 194.2 189.2 182.2 179.5 184.1
-1.8 -1.8 -1.8 -1.8 -1.8 -1.8 -1.8 -1.8 -1.8 -1.8 -1.8 -1.8 -1.8 -1.8 -1.8 -1.8 -1.8 -1.8 -1.8 -1.8 -1.8 -1.8 -1.8 -1.8 -1.8 -1.8 2.4 17.3 19.2 21.7 23.2 22.7 32.5 51.9 57.2 60.6 67.7 73.7 80.9 81.1 82.8 88.1 94 93.7 100.2 100.9 99.5 89.2 98.4 103.2 107.1 120.4 133.6 147.7 159 172.8 167.8 165.5 161.2 154.3 149.5 146.5 141 141.1 153.5 155.6 148.7 134.7 126.2 125.6 130 138 149.2 176.2 186.1 195.5 195 199.3 203.2 193.9 185.3 180.1 179 183.5
-1.8 -1.8 -1.8 -1.8 -1.8 -1.8 -1.8 -1.8 -1.8 -1.8 -1.8 -1.8 -1.8 -1.8 -1.8 -1.8 -1.8 -1.8 -1.8 -1.8 -1.8 -1.8 -1.8 -1.8 -1.8 -1.8 0.7 5 15.1 19.6 19.6 23.8 37.1 55.7 60.9 63.2 71.4 75.6 79.7 81 81.2 88.3 91.1 94.8 98.6 99.7 98.1 88.1 98.6 111.1 113.3 116.8 123.3 143.4 155.3 164.3 164.5 154.2 149.1 143.9 141.3 138.4 136.8 135.8 139.9 142.8 137.6 127.8 119.4 119.7 127 133.8 143.6 155.6 171.7 181.3 186 188.5 193 192.5 179.9 176.3 175.7 183.8
-1.8 -1.8 -1.8 -1.8 -1.8 -1.8 -1.8 -1.8 -1.8 -1.8 -1.8 -1.8 -1.8 -1.8 -1.8 -1.8 -1.8 -1.8 -1.8 -1.8 -1.8 -1.8 -1.8 -1.8 -1.8 -1.8 -1.8 0.5 2.5 14.9 20.5 28.8 43 54.8 59.7 62.9 69.3 74 78.3 79.1 78.9 80.7 89.9 93.2 92.8 97.6 98.8 89.8 93.6 112.5 115.1 119.5 118.5 135 145.1 150.8 148 142.5 138.6 133.6 133.9 132.8 132.9 131.7 134.7 135.5 128.5 119.8 114.2 115.1 120 132.3 143.9 148.8 162.6 174.7 182.1 182.6 184.4 189.7 181.6 172 171.7 184.7
-1.8 -1.8 -1.8 -1.8 -1.8 -1.8 -1.8 -1.8 -1.8 -1.8 -1.8 -1.8 -1.8 -1.8 -1.8 -1.8 -1.8 -1.8 -1.8 -1.8 -1.8 -1.8 -1.8 -1.8 -1.8 -1.8 -1.8 -1.8 2.1 6.7 15.2 25.5 45.7 58 65.3 67.6 71.1 73.7 77.1 77.5 77.8 82.8 87.2 86.4 90.4 93.5 92.6 87.4 88 102.9 107 112.6 117 131.7 139.6 140.2 141 139.1 132.9 131.4 130.4 129.1 129.3 129.3 131.3 133 130.3 119.2 111.3 110.2 111.6 124.5 138.9 143.9 158.6 176.8 181.1 180.1 178.6 187.4 181.4 170.2 168.5 178.5
-1.8 -1.8 -1.8 -1.8 -1.8 -1.8 -1.8 -1.8 -1.8 -1.8 -1.8 -1.8 -1.8 -1.8 -1.8 -1.8 -1.8 -1.8 -1.8 -1.8 -1.8 -1.8 -1.8 -1.8 -1.8 -1.8 -1.8 -1.8 2.2 9.4 17.2 29.4 43 53.9 60.6 64.4 64.8 68.4 69.1 69.4 72.8 78.2 77.7 76.6 84.7 86.2 88.2 85.8 86.1 93.4 105.3 114.6 123.4 133.1 141 141.1 141.1 141.9 131.5 130.6 130.9 129.4 125.1 124.5 126.3 128.2 122.8 116 108.3 108 108 117.1 130.1 136.3 145.8 165 171.7 174.3 170 175.6 173.6 165.9 167.8 178.4
-1.8 -1.8 -1.8 -1.8 -1.8 -1.8 -1.8 -1.8 -1.8 -1.8 -1.8 -1.8 -1.8 -1.8 -1.8 -1.8 -1.8 -1.8 -1.8 -1.8 -1.8 -1.8 -1.8 -1.8 -1.8 -1.8 -1.8 -1.8 2.5 8.2 15.6 27.6 40.7 45.9 53.3 49.4 52.8 57.9 61.7 68.7 76.3 76.1 66.9 63.7 70 79.6 89.6 84.4 86.7 95.8 110.3 117.1 130.5 140.7 140 140.3 140.3 140.2 135.9 130.5 130.9 130.1 127.9 124.7 122.9 121.9 115.6 113.3 108 108 108 111.3 126.5 131.5 148.7 168.3 168.9 169.2 172.7 176 170.7 163.9 169.6 179.6
-1.8 -1.8 -1.8 -1.8 -1.8 -1.8 -1.8 -1.8 -1.8 -1.8 -1.8 -1.8 -1.8 -1.8 -1.8 -1.8 -1.8 -1.8 -1.8 -1.8 -1.8 -1.8 -1.8 -1.8 -1.8 -1.8 -1.8 -1.8 4.9 6 17.5 23 38.9 45.5 51 43.5 40.1 45.4 53.3 62.9 66.6 62.1 56.5 58.8 68 78.2 84.9 80.7 96.3 96.6 105 116.9 130.1 140.3 138 137.7 138.8 134.2 131.5 129.4 127.5 129 128.9 124.9 122.2 121.6 118.8 111.7 109.3 108 108 116 126.8 127.5 142.7 164.8 171.6 170 177 181 168.8 161 168.9 178.8
-1.8 -1.8 -1.8 -1.8 -1.8 -1.8 -1.8 -1.8 -1.8 -1.8 -1.8 -1.8 -1.8 -1.8 -1.8 -1.8 -1.8 -1.8 -1.8 -1.8 -1.8 -1.8 -1.8 -1.8 -1.8 -1.8 -1.8 -1.8 2.1 2.5 6.8 16.3 30.8 34.6 32.9 24.8 27 30 35.4 42.4 46.2 47 49.3 56.4 64 69.1 72.8 81.4 85.9 88.7 92.2 106.5 122.7 134.5 137.4 134.7 139.5 135.8 126.8 123.6 120.2 122.5 124.5 126.4 121.5 117.6 113.6 109.3 108.9 108 108 113.8 121.9 128.9 153 166 167.8 171.1 171.5 175.3 165.9 160.6 167.2 173.4
-1.8 -1.8 -1.8 -1.8 -1.8 -1.8 -1.8 -1.8 -1.8 -1.8 -1.8 -1.8 -1.8 -1.8 -1.8 -1.8 -1.8 -1.8 -1.8 -1.8 -1.8 -1.8 -1.8 -1.8 -1.8 -1.8 -1.8 -1.8 -1.8 3.6 8.1 13.9 18.7 16.5 21.9 26.6 29.5 31.4 40.8 43.4 41.3 41.6 42.7 49.1 54.7 60.1 60.4 61 66 71.8 75.6 88.7 107.7 129.9 137 131 134.8 133.3 124.3 119.8 111.5 119 122.2 122.8 119.6 113.2 110.1 114 119 111.3 108 109.5 120.7 142.1 166.6 177 179.4 173.2 170.8 168.6 164.1 157.5 161.8 160.7
-1.8 -1.8 -1.8 -1.8 -1.8 -1.8 -1.8 -1.8 -1.8 -1.8 -1.8 -1.8 -1.8 -1.8 -1.8 -1.8 -1.8 -1.8 -1.8 -1.8 -1.8 -1.8 -1.8 -1.8 -1.8 -1.8 -1.8 -1.8 -1.8 4.4 12.8 18.7 27.5 25 28.1 25.5 30.6 38 47.7 50.1 54 52 49.4 52.9 57.6 61.1 60 60 62 65.4 67.5 75.6 88.3 108 124.1 122.5 125 125.5 120.5 110 99.4 110.9 114.7 118.4 118.7 115.4 115.3 115 121.6 112 108 108.1 130.5 156 176.6 188.4 186.5 180.1 170 165.8 165.7 154.2 155.2 153.9
-1.8 -1.8 -1.8 -1.8 -1.8 -1.8 -1.8 -1.8 -1.8 -1.8 -1.8 -1.8 -1.8 -1.8 -1.8 -1.8 -1.8 -1.8 -1.8 -1.8 -1.8 -1.8 -1.8 -1.8 -1.8 -1.8 -1.8 1.3 6.8 13.9 14.8 15.3 19.9 19.5 19.6 23.1 29.1 35.4 40.5 50 58.8 60.4 62.1 69.1 69.3 66.2 65.3 65.8 67.4 68.3 66.8 68.7 76.1 86.3 95.7 102.7 109 110.7 107.1 97.5 92 97.7 104.1 110.5 119.6 119.8 118.1 109.7 111.7 108.1 108 116.3 138.4 166.3 176.2 183 188 179.6 166 161.7 157.2 149.1 151.6 153.9
-1.8 -1.8 -1.8 -1.8 -1.8 -1.8 -1.8 -1.8 -1.8 -1.8 -1.8 -1.8 -1.8 -1.8 -1.8 -1.8 -1.8 -1.8 -1.8 -1.8 -1.8 -1.8 -1.8 -1.8 -1.8 -1.8 -1.8 1.8 14.1 24 31.9 26 19.1 19.3 21.7 28.4 26.9 28.4 29.6 36.9 51.3 61.8 71.2 79.9 74.3 68.5 70.9 74.9 74.3 72.2 71.9 75.1 75.1 74.2 77.8 82.5 87.7 89.7 91.1 87.1 84.1 85 91.1 97.2 101.8 103.5 103.2 103.5 110.2 109.8 114.4 126.5 145.1 158.7 170.6 173.9 176.9 174.2 162.6 152.2 143.8 139.6 151.5 155.1
-1.8 -1.8 -1.8 -1.8 -1.8 -1.8 -1.8 -1.8 -1.8 -1.8 -1.8 -1.8 -1.8 -1.8 -1.8 -1.8 -1.8 -1.8 -1.8 -1.8 -1.8 -1.8 -1.8 -1.8 -1.8 -1.8 2.8 7 20.8 27 30.5 25.9 20.2 22.6 29.6 29.4 29.3 29 30.8 35.9 45.2 57.6 68.5 73.5 76.4 78.7 85.2 89.2 85.5 79.6 79 80.4 79.4 79.7 80.5 80.7 82.1 83 83.9 83.1 79.4 79 77.9 81.9 85.9 96.3 104.9 113.9 123.8 123 138.8 145.9 157.8 166.7 174.9 178.1 172 168.6 157.9 145.8 134.8 133.6 143.2 146.5
-1.8 -1.8 -1.8 -1.8 -1.8 -1.8 -1.8 -1.8 -1.8 -1.8 -1.8 -1.8 -1.8 -1.8 -1.8 -1.8 -1.8 -1.8 -1.8 -1.8 -1.8 -1.8 -1.8 -1.8 -1.8 1.9 10.4 10.2 21.9 13 11.7 18.5 16.6 19.2 24.9 32.2 29.4 32.5 36 40.8 53.7 63.5 71.8 79.9 90 102 103.2 97.5 93.5 96.5 95.8 83.1 85 92.6 89.2 87.1 85.2 86.3 87.1 84.2 79.8 79 73 80 89.3 100.7 110.6 124.4 137.2 151.1 161.1 162 166.8 169.7 174.9 170.9 165.7 160.2 157.1 139 127.8 125.3 135.5 138.1
-1.8 -1.8 -1.8 -1.8 -1.8 -1.8 -1.8 -1.8 -1.8 -1.8 -1.8 -1.8 -1.8 -1.8 -1.8 -1.8 -1.8 -1.8 -1.8 -1.8 -1.8 -1.8 -1.8 -1.8 -1.8 1.1 9.9 8.1 17.5 8.1 1.8 3.3 4.5 4.3 11.3 29.7 35.6 34.6 41.8 50.1 60.4 72.8 81 85.1 92.7 106.4 110.6 105.9 103.5 115.3 110.2 92.9 89.4 99.6 106.7 98.6 98.1 96.2 89.9 84.9 78.3 74.9 70.9 71.8 80 89.3 97.7 107.5 133.9 150.6 159.8 167.5 170.8 168 165 159.4 157.8 150.4 144.7 126.6 112.9 118.7 129.9 129.8
-1.8 -1.8 -1.8 -1.8 -1.8 -1.8 -1.8 -1.8 -1.8 -1.8 -1.8 -1.8 -1.8 -1.8 -1.8 -1.8 -1.8 -1.8 -1.8 -1.8 -1.8 -1.8 -1.8 -1.8 -1.8 0.1 4.2 2.5 2.5 -1.8 -1.8 -1.8 -1.8 0.5 3.5 23.7 39.7 38.8 49.5 62.3 68.7 79.2 81.9 84.6 90.6 100.1 104.8 103.8 108.6 114 112.8 100.1 92.4 98.5 101.2 104.8 109.1 101.3 94.2 85.7 76.7 72.9 70.7 70.1 71.1 78.7 88.4 95.4 117.2 139.2 151 159.5 166.5 163.2 159.9 153.5 148.1 142.5 127.9 116.3 105.6 114.2 122.3 126.5
-1.8 -1.8 -1.8 -1.8 -1.8 -1.8 -1.8 -1.8 -1.8 -1.8 -1.8 -1.8 -1.8 -1.8 -1.8 -1.8 -1.8 -1.8 -1.8 -1.8 -1.8 -1.8 -1.8 -1.8 -1.8 -1.8 -1.8 -1.8 -1.8 -1.8 -1.8 -1.8 -1.8 -1.8 2.1 16.9 37.1 47.9 60.8 72.6 79.1 80.4 79.5 82.9 88.9 97.4 103.4 103.5 112.5 107.1 99.2 97.8 101.4 94.6 103.9 104.1 105.1 105 100.5 87.4 78.2 72.9 70 69.6 70.3 75.9 83.9 89.6 107.3 129.7 144.9 151.6 152.4 150 147.3 144.1 133 126.1 116.5 107.6 101.1 108 116.3 126.2
-1.8 -1.8 -1.8 -1.8 -1.8 -1.8 -1.8 -1.8 -1.8 -1.8 -1.8 -1.8 -1.8 -1.8 -1.8 -1.8 -1.8 -1.8 -1.8 -1.8 -1.8 -1.8 -1.8 -1.8 -1.8 -1.8 -1.8 -1.8 -1.8 -1.8 -1.8 -1.8 -1.8 -1.8 1.9 13.3 36.5 53.1 61.1 67.1 74.3 73.4 75.2 82.1 87.5 93.3 101.6 102.4 102.1 102.9 93 92.1 91.9 92.5 90.4 108.3 108.2 105.1 99 86.2 79.7 72.9 71.4 68.8 69.4 74.5 83.8 93.3 99.3 123.2 142.2 144.4 142.1 139.6 137.6 137.1 133.1 123 111.8 103.1 98 99.6 100.2 105.2
-1.8 -1.8 -1.8 -1.8 -1.8 -1.8 -1.8 -1.8 -1.8 -1.8 -1.8 -1.8 -1.8 -1.8 -1.8 -1.8 -1.8 -1.8 -1.8 -1.8 -1.8 -1.8 -1.8 -1.8 -1.8 -1.8 -1.8 -1.8 -1.8 -1.8 -1.8 -1.8 -1.8 -1.8 8.7 25.7 44.4 62.3 69 60.6 62 68.1 72.6 82.7 86.1 93.6 106.2 113.3 109.8 99.4 89.1 89.8 95.5 85.7 86.6 98.2 102.4 96.5 87.5 79.9 74.5 75.1 80.4 68.8 68.8 70.9 78.4 86.4 96.4 118.1 135.3 139.7 133.4 127.8 125.6 125.4 123.3 118.2 109.9 101.2 98.3 91.9 91.8 92.2
-1.8 -1.8 -1.8 -1.8 -1.8 -1.8 -1.8 -1.8 -1.8 -1.8 -1.8 -1.8 -1.8 -1.8 -1.8 -1.8 -1.8 -1.8 -1.8 -1.8 -1.8 -1.8 -1.8 -1.8 -1.8 -1.8 -1.8 -1.8 -1.8 -1.8 -1.8 -1.8 -1.8 -1.8 4.4 24.7 43.6 59.8 65.5 58.3 53.4 62.1 75.5 88.9 85.5 92.5 110.3 111.8 109.6 98.5 86.8 82.4 82.5 78.6 79.5 79 87.2 86.4 79.4 73.6 73.7 77.2 76.6 68.8 68.8 68.8 72.7 80.9 95.1 114.9 122 130.9 127.4 121.6 123 127.6 130.5 123.7 112.8 103.1 96.8 91.6 89.1 84.8
-1.8 -1.8 -1.8 -1.8 -1.8 -1.8 -1.8 -1.8 -1.8 -1.8 -1.8 -1.8 -1.8 -1.8 -1.8 -1.8 -1.8 -1.8 -1.8 -1.8 -1.8 -1.8 -1.8 -1.8 -1.8 -1.8 -1.8 -1.8 -1.8 -1.8 -1.8 -1.8 -1.8 -1.8 1.9 22.6 37.9 42 49.3 48.1 47.1 53.6 64.3 73.5 76.3 82.3 97.3 104.9 97.7 87.1 80.7 78.4 78.1 78.9 75.8 76.9 70.3 72 70.6 70.9 74.1 78.6 79.6 71 68.8 68.8 68.8 74.1 91.2 103.4 114.3 124.1 123 119.2 119.7 120.8 122.5 120.2 113.8 103.4 96.6 91.5 86.8 80.2
-1.8 -1.8 -1.8 -1.8 -1.8 -1.8 -1.8 -1.8 -1.8 -1.8 -1.8 -1.8 -1.8 -1.8 -1.8 -1.8 -1.8 -1.8 -1.8 -1.8 -1.8 -1.8 -1.8 -1.8 -1.8 -1.8 -1.8 -1.8 -1.8 -1.8 -1.8 -1.8 -1.8 -1.8 -1.8 14.2 22.8 33 38.8 37.9 42.5 46.5 53.5 58.1 67.1 74.9 83 86.5 85.7 82.6 78.2 78.9 78.8 78.6 77.4 78.9 68.3 72.8 63.8 67 75.8 77.5 79.9 73.8 68.8 68.8 68.8 68.8 84 103.7 106.5 113.9 113.9 111.9 111.4 112.9 112.7 113.3 109.6 99.6 90.8 90.2 82.8 77.7
-1.8 -1.8 -1.8 -1.8 -1.8 -1.8 -1.8 -1.8 -1.8 -1.8 -1.8 -1.8 -1.8 -1.8 -1.8 -1.8 -1.8 -1.8 -1.8 -1.8 -1.8 -1.8 -1.8 -1.8 -1.8 -1.8 -1.8 -1.8 -1.8 -1.8 -1.8 -1.8 -1.8 -1.8 -1.8 5.7 11.3 25.8 31 29.6 44.7 60 62.3 65.8 71.3 74.1 79.2 82.2 80.5 79.2 80.1 80.5 83.2 84.4 69.1 67.1 63.4 62.9 60.9 63.9 70.5 72.2 70.9 71.5 71 68.8 68.8 69.2 77.2 88.3 95.9 102.8 106.1 106.9 105 105 102.8 99.9 100 90.8 86 83.9 79 78.8
-1.8 -1.8 -1.8 -1.8 -1.8 -1.8 -1.8 -1.8 -1.8 -1.8 -1.8 -1.8 -1.8 -1.8 -1.8 -1.8 -1.8 -1.8 -1.8 -1.8 -1.8 -1.8 -1.8 -1.8 -1.8 -1.8 -1.8 -1.8 -1.8 -1.8 -1.8 -1.8 -1.8 -1.8 -1.8 1.5 6.6 21.2 27.2 25.2 34.8 59.9 71.2 70 78.4 90.9 90.2 86.1 80.9 80.5 81 81.4 89.3 89.9 68.5 62.2 60.1 59.3 57 63.9 67.5 68.9 68.1 68.8 69.3 69.5 70 75.1 87.9 101.5 101.2 104.2 105.8 105.8 106.5 102.8 99.9 92.9 86.9 83.2 83.5 80.4 78.4 77.6
