app/static/ascii/NG53.asc
ncols 200
nrows 200
xllcorner 150000
yllcorner 830000
cellsize 50
[rows 80 to 119 of 200, columns 90 to 179 of 200]
-2 -2 -2 -2 -2 -2 -2 -2 -2 2.4 18.2 25.6 27.3 30.7 29.6 27.2 25.9 25.6 25.2 25 25.2 15.6 26.6 30.9 36.6 40.7 42.7 43.4 46.9 44.3 41.9 39.9 50.4 66.8 75 83.3 92.2 98.8 100.2 103.2 108.3 115.7 126.1 129.2 133.9 142.5 149.4 151.2 147.2 140.8 139 138.1 138.1 138.6 139.6 140.9 143.6 142.9 143.6 144.5 144.7 146.8 156.2 162.8 166.7 169.4 173.6 174.9 173.9 174.4 174 171.4 160.9 170.5 175.4 188.3 189 193.9 195.2 197.4 193.9 192.1 189.3 182.8 157.8 136.8 140.3 141 132.4 128.9
-2 -2 -2 -2 -2 -2 -2 -2 -2 -2 6.4 17.6 23.9 25.2 23.4 22.1 21.9 21.9 23.6 24.8 25.2 20.7 25.6 30.7 36.5 42.6 46.7 49.8 52.6 53.9 55.7 54.6 45.7 61.6 73.8 80 89.2 97 101 102.3 106.6 112.7 120.5 130.8 134.5 140.5 152.1 155.2 154.6 151.6 146.6 139.9 138.2 138.2 138.6 139.7 140.4 141.2 141.4 141.9 142.8 143.8 146 152.9 157.2 163.5 169.5 170.3 162.3 158.4 161.1 160.3 154.5 158.5 160.7 167.3 172.1 170.1 173.7 174.6 173.6 167.4 166.1 154 127.4 113.9 115.6 121.4 120.7 114.5
-2 -2 -2 -2 -2 -2 -2 -2 -2 -2 -2 7.3 16.9 18.8 18.8 16 16 17.9 20.3 22.4 14.1 13.1 23.9 28.9 35 41.4 46.4 50.6 53.4 56.9 61.1 61.1 56.8 48.1 65.1 74.9 84.8 94.1 99.6 100.5 104.7 107.4 116.9 128.3 138.4 140.4 147.4 158.5 161 162.9 160.7 154.1 145.4 138.8 138.4 139.5 139.4 139.7 146.1 149.3 148.5 153.7 157.1 160 162.3 165.8 170.8 174.3 164.4 144.2 147.7 150.4 150.1 145.4 144.9 147.7 151 154 154.3 154.5 150.7 143 142 134 119.4 106.3 100.9 104.5 109.1 97.7
-2 -2 -2 -2 -2 -2 -2 -2 -2 -2 -2 -2 -2 4.2 4.8 8.1 11.8 13.9 16.5 11.1 9.7 16.6 20.9 26 31.4 37.8 44 49 52.4 56.7 61.2 66 68 58.8 57.8 70.7 78.8 90.9 96.4 99 100.8 101.7 114.2 124.7 138.5 136.4 145.5 157.8 164.6 169.4 170.1 166.7 163 154.7 146.4 148 145.3 144.4 155.8 164 166.2 164.1 164.1 164.4 166.6 167 172.2 173.1 149.3 138.1 138.9 142.3 142.7 139.4 136.9 135.2 138.4 140.9 138 135.5 129.6 124.9 124 117.4 107.9 97.1 91.9 89.3 83.5 73.4
-2 -2 -2 -2 -2 -2 -2 -2 -2 -2 -2 -2 -2 -2 1 2.2 6.1 10 11.4 7 12.9 16.9 20.7 22 28.5 34.7 41.5 47 51.7 56.3 60.9 68.5 72.5 70.9 59.4 65.1 74 83 93.5 97.3 100.1 100.3 110 123.1 130.6 135.1 144 152.6 158.5 165.5 171.1 173 170.8 165.4 159.6 160.4 164.3 158.6 160.4 173.2 172.3 170.5 168.9 167.9 168 167 171.5 160.6 141.7 138.5 136.5 134.8 134.3 133.1 131.7 130.1 131.7 130.2 126.7 123.2 112.9 108.5 108.6 102.4 93.5 83.8 79.7 73.1 65.6 59.3
-2 -2 -2 -2 -2 -2 -2 -2 -2 -2 -2 -2 -2 -2 -0.4 1.1 2.4 6.3 7.3 -2 11.6 15.8 19.7 24 28.7 33.5 39.3 43.7 49.7 55.7 60.4 67.1 71.9 74.2 69.5 56 63.8 75.8 89.7 95.8 97.2 101.7 105.4 117.9 126.1 131.3 138.5 146.9 152 156.5 164 171.3 171.9 168.5 162.8 164.4 169.5 170.3 169.5 175.6 178.2 177.2 175 174.8 169.9 164.7 160.5 150.8 148.4 142.5 139 137.8 133.7 130.6 129.6 127.7 121.1 119.2 110.4 106.3 99.4 89.7 94.2 89.9 79.6 68.6 61 55.9 49.9 46.2
-2 -2 -2 -2 -2 -2 -2 -2 -2 -2 -2 -2 -2 -2 -2 -1.3 -2 5 -2 -2 12.1 15.8 19.3 24.2 29.2 33.3 37.1 41.4 48.5 54.5 60.4 66.6 70.4 74.3 73.5 61.4 59 64.2 85 92.9 97.2 102 105.1 110.8 122.6 127.9 133.2 144.1 147.9 151.5 157 164.4 170.2 165.8 163.8 168 169.7 170.8 177.1 180 185.1 184.3 183.9 183.9 169.4 160.6 150 150.5 150.5 147.6 145.2 145.7 140.9 138.4 133.3 130.3 129.1 126.3 120.3 111.3 101.1 91.2 78.5 74.7 60.7 52 42.9 43.4 38.7 36.4
-2 -2 -2 -2 -2 -2 -2 -2 -2 -2 -2 -2 -2 -2 -2 -2 -2 -2 -2 -2 11 15 19.2 24.2 30 33.9 37.2 40.2 47.4 53.9 60.1 66.6 70.8 75.7 78.5 75.2 54.3 53.8 81.9 93.8 97.1 101 104.2 107.3 118.8 123.9 129 140.6 142.5 145.6 151.8 156.5 160.1 160.5 163.4 170.7 170.8 172.4 174.7 175.4 181.5 181.5 174.9 174.9 170.5 158.8 145.4 148.2 149.7 148 147.4 146.6 145.9 141.6 138.3 138.1 137.6 131.1 118.2 106.2 95.9 87.2 76.6 57.5 42.1 34.7 31.7 32.6 29.9 25.9
-2 -2 -2 -2 -2 -2 -2 -2 -2 -2 -2 -2 -2 -2 -2 -2 2.1 5.8 10.5 11.9 11.7 15.7 20.1 23.8 28.7 33.4 38.5 41.9 47.9 53.9 60.6 69.3 73 78.3 80.7 80.2 70.5 57.9 73.1 87.9 95.4 100.4 102.7 107.5 112.2 122.9 126.5 134.4 134.7 137.8 144.9 147.7 151.5 154.6 158 163.9 170.8 171.3 173.9 175 180 178.6 170.5 170.3 168.2 157.5 139.3 140.3 144 144.9 149 150.7 150.6 146.5 142.8 140.7 142.1 127 112.5 99.7 90.4 81.3 71.2 56 36.6 20.6 21.1 20.6 22.6 12.4
-2 -2 -2 -2 -2 -2 -2 -2 -2 -2 -2 -2 -2 -2 -2 0.6 3.9 9 13.5 18.8 19.2 19.6 21.6 24.5 27.1 32.3 37.6 43.6 50.3 55.5 61.7 69.6 74.5 78.9 81.6 84.4 82.5 65.8 71.6 87.1 94.9 100.7 101.4 104.6 106.5 115.4 119.6 127.8 128 130.5 137.9 141.8 145 146.7 151.3 156.2 163.9 170.6 171.6 173.9 180 176.6 169.6 166.2 160.6 154.9 137.9 135.1 137.2 138.7 145.5 151.1 151 148.3 145.6 140.3 137.7 119.8 105.4 94.3 84.9 75.7 65.6 52.4 36.1 22.7 13.8 10.6 9.2 4.5
-2 -2 -2 -2 -2 -2 -2 -2 -2 -2 -2 -2 -2 -2 -2 4.3 5.7 11.5 16 21 21.1 20.8 23.6 25.7 27.8 32.8 38 46.3 52.1 56.8 62.8 70.2 75.5 81.3 85.4 88.1 88.6 82.1 69.4 83.2 93.5 97.5 98.9 99.8 100.2 107 109.2 118.6 125 131 132.3 136.2 137.5 137 144.1 149.4 156.5 163 169.8 173.1 181.3 171.8 167.5 158.3 152.4 153.2 139.9 133 130.3 133.3 139.3 144.7 146.4 144 141.2 136.2 126.8 112.5 99.1 90.4 80.3 71.3 60.9 49.5 35.8 21.4 13.7 9 3.3 -2
-2 -2 -2 -2 -2 -2 -2 -2 -2 -2 -2 -2 -2 -2 -2 8.5 10 14.8 18.9 21 20.4 21.5 25.6 27.3 30.1 34.2 38.4 45.3 52 57.1 63.4 70.8 77.3 83.5 88.3 92 93.5 89.3 79.7 78.4 89.9 93.4 95.3 97 99.9 103.1 106.8 118.7 125.2 130.1 129 130.9 129.5 131.6 137.9 141.5 152.2 159.2 166.9 171 172.1 172.8 165.6 150.5 148.5 150.9 142.8 133.1 128.6 128.2 131.9 136 138 136.7 131.1 129.8 119.4 106.2 95.8 87.3 76.5 64.4 53.6 43.1 34.3 19.9 9.2 4.6 -2 -2
-2 -2 -2 -2 -2 -2 -2 -2 -2 -2 -2 -2 -2 -2 1.6 7.9 10.9 16.3 20.8 20.5 19 22 27.7 30.8 33.7 36.4 39.3 44.3 52.1 58.5 64.9 71.8 78.4 85.5 91.4 95.8 98 94.5 91.2 85.6 81.1 90.5 90.2 96.2 100 103.4 107.3 111.9 121.8 123 124.2 126.1 125.2 127.1 131.8 137.6 145.8 154.5 162.9 168.5 168.2 167 159.4 149.5 146.3 150 144.8 133.6 125 124 125.7 130.2 130.7 127.3 121.6 119.7 113.9 103.3 93.3 84.2 73.7 63 48.6 35.8 25.9 12.8 4.8 -2 -2 -2
-2 -2 -2 -2 -2 -2 -2 -2 -2 -2 -2 -2 -2 0.2 3.5 8.4 11.7 16.4 19.6 20.1 19.6 24.7 29.3 32.6 37.4 39.3 40.6 45.6 52.8 59.2 68.1 73.6 78.8 85.5 93.4 99 100.9 100.7 99.1 99 90.3 89.1 91.5 98.5 103.5 106.9 108.4 108.9 117.5 119.8 120.6 120.8 119.8 122.4 128.3 136.1 144.3 151.9 160.6 161.5 160 159 152.6 146.2 145.4 147.4 142.2 126.7 120.4 119.1 120.3 124.3 122 120.6 114.9 114.2 108.6 100 91.1 81 68.8 55.1 41.6 29.1 13.6 4.2 -2 -2 -2 -2
-2 -2 -2 -2 -2 -2 -2 -2 -2 -2 -2 -2 -2 1.7 7 10.8 12.4 16.2 20.8 20.3 22.1 26.4 30.7 36.2 41.2 43 44.1 47.7 52.8 59.1 68.1 73.3 77.8 84.3 90.5 97.2 100.9 101 102.5 103.6 102.2 97 95 98.7 105 110.4 107.5 103.8 111.9 114.7 117.4 115.9 114.7 119.3 125.6 135.1 142.9 150 155.8 156.7 154.7 151.8 143.3 138.4 144.6 142.1 129.9 118.5 115.9 113.7 113.5 114.8 112.6 112 109.2 106.7 101.8 94.2 85.8 74 62.7 48.9 34.5 17.7 4.4 -2 -2 -2 -2 -2
-2 -2 -2 -2 -2 -2 -2 -2 -2 -2 -2 -2 -2 3.7 14.5 16.4 16 15.2 16.6 20.2 23.2 27.7 33.4 39 43.9 47 47.4 51.2 55.4 59.2 66.9 71.9 76.2 81.9 88.7 95.1 100.8 101.2 106 109.3 110.6 108.6 103 101.7 108.2 115.3 111.3 100.1 111 110.2 111.5 110.6 110.5 116 122.5 131.6 141.5 148.4 151.7 151.6 149 138.1 128.9 133.5 142.2 133.8 118.9 114.3 110.4 108.2 105.8 106 104.2 104.5 103.3 100.4 95.2 89.1 81.1 68.5 55.5 42.4 21.6 7.2 -2 -2 -2 -2 -2 -2
-2 -2 -2 -2 -2 -2 -2 -2 -2 -2 -2 -2 -2 14.6 24.1 23.5 22 20.4 18.8 19.1 24.4 30.7 37.6 40.4 46.5 50 50 54.1 58.3 60.7 64.8 70.5 74.5 79.1 85.8 94.3 99.7 102.8 107.5 110.9 110.1 111.1 111.1 107.9 107.3 113.7 113.9 99.6 108.4 107.7 110.8 109.4 109.3 113.9 120.3 129.3 140.4 147.6 149.1 145.2 135.1 123.6 125.9 132.2 131.4 120.8 111.7 106.7 103.3 102.6 100.7 98.7 98.5 97.7 98.9 95.2 89 82.9 74.6 61.8 48.4 34 10.1 1.5 -2 -2 -2 -2 -2 -2
-2 -2 -2 -2 -2 -2 -2 -2 -2 -2 -2 -2 -2 13.7 30 30.8 26.4 23.3 20.5 21.2 26.6 35.2 40.8 42.6 48.1 51.6 52.6 55.6 60 62.9 66 69 73 77 82.6 92.7 99 103.4 107.5 111.1 114.9 117 118 112.1 107.9 108.8 114.6 105.8 106 108.2 109 108 109.6 114.6 120.3 129.3 139.1 145.9 144.9 134.2 123.4 123.7 127 130.4 131.3 108.8 103.8 99.6 98.5 98.1 97.8 96.5 96.2 96.3 94.5 87.9 82.6 76.7 69.1 55.2 40.3 20.4 2.5 -2 -2 -2 -2 -2 -2 -2
-2 -2 -2 -2 -2 -2 -2 -2 -2 -2 -2 -2 -2 3.5 29.5 35 35 31 24.2 23 27.5 37.9 45 45.7 49 53.1 55.3 58.2 61.8 66.2 68.9 69.1 71.8 75.8 81.6 92.5 100.2 104.4 108.6 113.2 120.6 121.7 121.3 118.8 115.8 116.4 111.7 109.5 102 108.3 109.2 106 108.3 113.6 121.1 129.1 135.7 140.7 138.8 125.6 120.5 123.1 126.2 130.6 120.6 99.5 98.2 97.9 97.6 96.8 96 95.8 95.7 95.4 92.7 85.4 77.3 70.6 61.1 47.2 27.7 5.3 -2 -2 -2 -2 -2 -2 -2 -2
-2 -2 -2 -2 -2 -2 -2 -2 -2 -2 -2 -2 -2 -2 13.1 34.1 39.5 41.2 37.1 29.2 30.3 37.3 46.2 47.7 51.4 55.3 57.6 60.3 65.2 69.8 69.7 70.1 73.2 76.2 83.7 95.2 102.1 105.9 110 115.5 122.6 129.6 129.1 127.1 126 125.8 116.2 100.5 97.3 102.7 106.2 104.1 107 111.8 120.5 124.6 129.9 132.6 130.8 120 121.9 125.3 124.6 125.7 104.7 98.2 98.5 97.9 97.1 96.3 95.7 95.3 96 96.4 91.1 86.7 73.6 57 48.8 36.2 12.5 0.7 -2 -2 -2 -2 -2 -2 -2 -2
-2 -2 -2 -2 -2 -2 -2 -2 -2 -2 -2 -2 -2 -2 2 12.5 36.7 45.4 47.6 37.1 36 35.4 43.9 50 54.9 58.2 60.2 63.3 67.8 70.2 71.6 72.9 75.7 79.7 86.9 97.6 105.5 109.4 111.1 116.9 121.9 124.5 128.1 128.8 132.4 131.1 115 94.4 87.2 93.5 103.5 101.7 105 110.7 119 118.4 121.5 125.4 126.3 117.2 124.6 127.1 121.7 113.1 98.7 98.5 99 99.6 98.6 97.5 95 95.8 98.2 94.1 90.9 83.7 64.9 48.1 37.8 16.8 2.5 -2 -2 -2 -2 -2 -2 -2 -2 -2
-2 -2 -2 -2 -2 -2 -2 -2 -2 -2 -2 -2 -2 -2 -2 3.2 20.4 32.8 52.4 48.6 39 37.5 43.4 52.1 58 62.5 62.8 67.1 70.8 73.1 76.4 78.4 78.2 83.1 90.7 99.3 106.9 114.4 113.5 115.9 126 129.7 131.1 130.1 134.7 130.9 110.5 93.6 81.6 78.5 93.9 100.3 104.5 110.7 111.4 109.2 114.5 114.8 114.3 116.5 123.5 122.7 117.8 99.3 97.4 102.5 104.8 104.7 100.4 98 94.3 95 96.3 94 90.9 73 55.4 37.5 30.1 5.2 -2 -2 -2 -2 -2 -2 -2 -2 -2 -2
-2 -2 -2 -2 -2 -2 -2 -2 -2 -2 -2 -2 -2 -2 -2 -2 14.3 22.9 35.8 58.3 43.9 44.3 42.1 51.2 59.4 65.7 67.6 69.4 72.7 75.4 78.9 79.6 82.4 87.1 94.1 100.5 108.1 115.6 116.1 114.8 122.8 136.3 139.6 137.1 136.9 127.8 106.8 92.9 75.6 67.5 78.7 101.3 105.8 108.2 105.3 103.4 107.8 104.7 106.4 113.5 120.8 118.8 97.7 93.2 98.6 104.5 107.6 103.2 97.1 92.9 92.8 94.5 94.9 94.3 79.3 60.9 42.4 27.2 10.6 -2 -2 -2 -2 -2 -2 -2 -2 -2 -2 -2
-2 -2 -2 -2 -2 -2 -2 -2 -2 -2 -2 -2 -2 -2 -2 -2 12.1 20 25.9 42.2 48 49.1 45.1 51.7 62 67.9 70.6 70.9 74.5 77 79.5 83.1 86.1 89.7 95.5 101.4 108.6 116.4 118.7 115.4 121.9 132.2 140 141.4 140.3 120.3 100.8 83.2 68 64.2 67.5 93.9 102.2 106.3 102.3 99.2 101 95.4 102 108.8 114.8 100.4 90.4 91.2 100.5 106.3 103.6 96.6 91.2 90 90.5 93.6 99.4 95.2 67.8 49.4 27.8 15.4 2.5 -2 -2 -2 -2 -2 -2 -2 -2 -2 -2 -2
-2 -2 -2 -2 -2 -2 -2 -2 -2 -2 -2 -2 -2 -2 -2 -2 9 19.7 27 36.7 46.8 44.7 42.6 52 64.1 70.9 76.1 73.8 76.1 79.4 81.5 85.1 87.6 90.2 96.2 102.4 107.6 114.6 121 119.3 123.8 131.8 138.2 139.2 135.7 123.4 103.1 80.7 68.8 66.7 63.9 80.1 99.8 97.9 95.2 91.9 91.5 89.2 98.7 105.1 105.4 94.1 87.9 92 102.3 103.2 96.8 92.2 87.3 89.4 88.9 91.9 98 80 54.5 34.7 16.5 4.6 -2 -2 -2 -2 -2 -2 -2 -2 -2 -2 -2 -2
-2 -2 -2 -2 -2 -2 -2 -2 -2 -2 -2 -2 -2 -2 -2 -2 6 19.9 28.2 35.6 39 41.2 47.5 55.9 65.2 73 77.5 78.3 79.6 80.7 83.8 87.7 90.6 94.1 99 100.8 106 111.1 117.8 119.5 125.3 134.4 139.9 137.2 130.2 120.9 101.8 80.8 73.6 72.8 67.9 72 92 93.1 87.2 84 81.9 82 92.5 100.5 100 88.2 86 87.1 91.7 91 89.7 86.3 85 89.1 90.7 87.8 83 61.1 38.2 21 8.8 3.3 -2 -2 -2 -2 -2 -2 -2 -2 -2 -2 -2 -2
-2 -2 -2 -2 -2 -2 -2 -2 -2 -2 -2 -2 -2 -2 -2 -2 3 19 26.8 30.2 34.8 42.4 51.1 58 67.6 75 80.8 80 79.9 83.7 88 90.4 94.6 99.2 99.1 100.2 105.2 109.8 113.7 116.7 121.1 130.3 138.7 130 122.2 115.5 98.5 80.3 74.2 75.6 73.9 68.7 78.3 89.4 80.3 82.8 80.3 81.5 87.4 93.3 91 81.5 80.3 81.7 85.4 86.6 83 80.8 82.9 87.1 87.4 77.2 63 43.8 24.3 12.3 5.5 2.4 -2 -2 -2 -2 -2 -2 -2 -2 -2 -2 -2 -2
-2 -2 -2 -2 -2 -2 -2 -2 -2 -2 -2 -2 -2 -2 -2 -2 2.9 14.6 22.2 26.5 33.3 43.1 53.4 60.1 68.9 75.1 79.8 82.4 84 86.3 90.3 94.4 99.2 102.7 102.7 103 106 110.1 112.4 115.2 119.1 124.1 125.7 120.4 115.6 109.7 95 78.7 77.5 78.7 76.7 64.6 75.6 76.1 79.3 78.3 72.5 76.6 84.4 86.9 81.3 76.8 77.6 79 80.8 80.7 76.9 75.3 82.3 87.6 89 72.6 56 34.1 17.4 9.1 4.1 -2 -2 -2 -2 -2 -2 -2 -2 -2 -2 -2 -2 -2
-2 -2 -2 -2 -2 -2 -2 -2 -2 -2 -2 -2 -2 -2 -2 -2 2.7 10.6 18.9 27.4 37.2 47.1 55.6 63.5 70 71.5 78.6 86.1 89.5 89.3 91.5 97.3 104.4 108.1 105.8 106.5 108.3 108.3 111.6 114.8 119.6 119.4 118.7 115.3 111.4 101.1 90.5 82.3 79.6 80.2 80 63.5 72.9 66.3 62 67.1 60.9 74.1 80 79.7 77.6 74 76.2 78.6 77.8 75.9 71 74.7 81.7 87 79.8 66.2 47 22.1 12.5 6.3 3.2 -2 -2 -2 -2 -2 -2 -2 -2 -2 -2 -2 -2 -2
-2 -2 -2 -2 -2 -2 -2 -2 -2 -2 -2 -2 -2 -2 -2 -2 3.3 11.2 18.9 30 40 49.9 56.3 60.4 65.5 68.4 75.2 88.8 90.8 89.8 94.6 99.9 105.3 111 108.2 105.7 106.9 108 112.1 117.8 120.1 119.8 116.2 111.7 104.1 97.7 90.1 87.1 84.7 81.7 81 69.2 61.6 60.2 50.2 48.9 55.7 62.9 74.3 70.9 70.5 71.1 73.1 72.9 70.8 64.8 65.7 71.5 77.6 84.3 72.1 56.1 34.2 16.9 9.8 4.4 -2 -2 -2 -2 -2 -2 -2 -2 -2 -2 -2 -2 -2 -2
-2 -2 -2 -2 -2 -2 -2 -2 -2 -2 -2 -2 -2 -2 -2 -2 6.1 11.7 17.8 26.6 38.9 50.3 54.7 57.6 61.3 66.9 77.6 85.4 88.3 90 95.6 101.1 101.6 107.4 110.3 104.5 103.5 107.9 109.8 116.5 115 116.5 114.3 109 98.5 94.4 89.2 90 89.3 86.2 83.5 74.4 63.3 62.6 53 44.8 41.8 48.6 55.1 58.7 61.6 66.1 67.4 66.4 62 58.9 64.3 69.3 75.6 80.9 60.3 44.8 22.8 14 8.5 2.1 -2 -2 -2 -2 -2 -2 -2 -2 -2 -2 -2 -2 -2 -2
-2 -2 -2 -2 -2 -2 -2 -2 -2 -2 -2 -2 -2 -2 -2 -2 6.5 12.6 16.5 24.4 34.2 49.4 53.9 58.2 62 66.3 75.1 81.5 83.1 86.9 91 95 98.9 102.1 104.4 102 101.7 107.4 110.3 109 108.3 110.1 109.5 100.5 95.2 92 89.7 90.5 90.9 89.1 88.5 82.4 67.7 63.8 54.3 44.6 36.6 32.4 37.6 44.1 48.4 54.6 57.4 55.2 56.9 58.7 66.9 71.3 75.1 66.7 46 29.6 16.6 12.7 5.4 -2 -2 -2 -2 -2 -2 -2 -2 -2 -2 -2 -2 -2 -2 -2
-2 -2 -2 -2 -2 -2 -2 -2 -2 -2 -2 -2 -2 -2 -2 -2 3.7 11.9 16.4 23.9 38 47.5 50.6 54.9 58.6 64.6 77.5 76.9 77.7 80.5 86.9 92.6 95 98.1 101.1 99.2 100.4 102.1 102.3 102.1 102.6 101.4 98.9 94.1 89.1 91.5 91.2 94.6 97.6 96.9 92.1 81.5 74.3 69.5 58.6 44.9 38.8 21.3 30.1 41.7 42.8 44.8 48.8 52.7 55.9 57.7 66.2 72.5 64.3 51.8 31 23.2 15.3 8.9 -2 -2 -2 -2 -2 -2 -2 -2 -2 -2 -2 -2 -2 -2 -2 -2
-2 -2 -2 -2 -2 -2 -2 -2 -2 -2 -2 -2 -2 -2 -2 -2 0.9 6.1 15.7 22.7 32.5 38.6 45.4 51.4 55.8 62.5 70.4 72.8 72.1 74 78.3 90.4 89.2 91.5 97.3 93.7 94.8 95.8 93.2 92.6 95 91.7 89.7 88.6 89.3 91.4 95.3 98.4 101.4 100.6 92.8 86.1 84.5 71.7 72.7 50.6 35.4 23.8 24.2 31.7 39.3 42.9 46.9 51 56.3 58.6 65.6 55.8 45.8 34.3 17.1 13.1 10.8 2.7 -2 -2 -2 -2 -2 -2 -2 -2 -2 -2 -2 -2 -2 -2 -2 -2
-2 -2 -2 -2 -2 -2 -2 -2 -2 -2 -2 -2 -2 -2 -2 -2 -2 -2 6.1 19.8 24.5 29 36.1 44.1 52.4 61.3 64.1 63.8 65.3 66.3 69.4 77.6 81.1 83.9 89.9 88.1 86.3 86.5 84.3 83 84.1 85.3 84.5 87.3 89.5 92.4 97.1 100 104.4 98.7 92.4 87 86.5 65.9 62 50.4 40.6 28.4 14.5 20.1 33.1 40.3 44.6 49.3 51.7 51.9 43 33.1 26.5 17 12 9.9 6.4 -2 -2 -2 -2 -2 -2 -2 -2 -2 -2 -2 -2 -2 -2 -2 -2 -2
-2 -2 -2 -2 -2 -2 -2 -2 -2 -2 -2 -2 -2 -2 -2 -2 -2 -2 1.7 7.1 20.1 23.7 27 32 41.5 50.3 53.2 54.8 56.3 59.6 62.1 66.4 71.3 74.3 76.4 79.5 78.7 78.1 76.3 75.3 74.8 77.3 80.9 85.1 89.3 93.3 99.2 101.1 98 93 86.8 78.8 73.1 64.5 58.6 51.9 42.5 27.4 20.9 8.1 20.7 36.4 43.1 45.3 48.3 37.1 23.6 15.1 12.1 9.6 8.7 7.8 2.8 -2 -2 -2 -2 -2 -2 -2 -2 -2 -2 -2 -2 -2 -2 -2 -2 -2
-2 -2 -2 -2 -2 -2 -2 -2 -2 -2 -2 -2 -2 -2 -2 -2 -2 -2 -2 3.7 8.4 16.3 20.7 23.9 29.1 37.1 42.9 46.2 48.9 52.8 56.2 59.1 61.8 64.8 67.8 70.7 72.1 70.8 69.8 68.8 68.2 69.8 79.7 84.2 90.3 92.8 97.3 100.5 93.4 86.9 76.3 71.8 63.8 58.2 55.2 48.1 40.1 27.7 20 -2 -2 18.5 26.1 24 21.2 15.1 10.1 7.3 6.8 6.6 6 3.9 1.7 -2 -2 -2 -2 -2 -2 -2 -2 -2 -2 -2 -2 -2 -2 -2 -2 -2
-2 -2 -2 -2 -2 -2 -2 -2 -2 -2 -2 -2 -2 -2 -2 -2 -2 -2 -2 -2 2 6.2 11.4 16.8 21.5 26 32.7 34.5 38.9 44 50.4 54.4 55.8 59.7 62.3 63.9 65.2 64.6 63.5 62.5 64.6 66.6 73.2 82.6 88.7 91.2 88.4 86.8 81.1 75.3 67.4 62.1 56.4 52.2 50.6 43.1 31.1 19.8 10.7 -2 -2 4.7 5.6 5.9 6.5 5.8 4.4 3.3 4.1 3.8 3 2.5 -2 -2 -2 -2 -2 -2 -2 -2 -2 -2 -2 -2 -2 -2 -2 -2 -2 -2
-2 -2 -2 -2 -2 -2 -2 -2 -2 -2 -2 -2 -2 -2 -2 -2 -2 -2 -2 -2 -2 0.3 1.9 6.5 14.6 18.8 22.1 24.7 26.6 34.7 42.7 51.1 52.4 54 55.5 57.2 58.8 58.5 57.4 57.7 60.7 61.1 63.8 72.6 74.1 73.9 72.5 72.9 70.1 65.5 60.3 51.2 44 43.3 39.3 31.3 21.9 10.5 1.5 -2 -0.4 -2 0.4 1 1.7 2.3 2.6 2 1.3 0.6 -2 -2 -2 -2 -2 -2 -2 -2 -2 -2 -2 -2 -2 -2 -2 -2 -2 -2 -2 -2
-2 -2 -2 -2 -2 -2 -2 -2 -2 -2 -2 -2 -2 -2 -2 -2 -2 -2 -2 -2 -2 -2 -2 -2 2.1 9.5 13.6 17.2 20.3 25.2 32.8 42.3 46.9 48.6 50.4 52.3 54.2 53.7 52.1 50.1 51.8 50.2 49.1 52.8 54.4 58.9 62.8 64 60.7 56.5 49 39.5 32.4 22.1 20.4 16.2 12.3 1.8 -2 -2 -2 -2 -2 -2 -2 -2 -2 -2 -2 -2 -2 -2 -2 -2 -2 -2 -2 -2 -2 -2 -2 -2 -2 -2 -2 -2 -2 -2 -2 -2
