app/static/ascii/NG54.asc
ncols 200
nrows 200
xllcorner 150000
yllcorner 840000
cellsize 50
[rows 74 to 110 of 200, columns 83 to 165 of 200]
-1.9 -1.9 -1.9 -1.9 -1.9 -1.9 -1.9 -1.9 -1.9 -1.9 -1.9 -1.9 -1.9 -1.9 -1.9 -1.9 -1.9 -1.9 -1.9 -1.9 -1.9 -1.9 -1.9 -1.9 -1.9 -1.9 1.6 15.7 23.9 28.9 38.4 48.3 60.5 61.7 61.9 66.7 59.4 62.6 67.9 68.8 79 81.2 80.4 85.8 87.9 91.8 110.4 124.1 129.5 129.3 138.8 154.9 164.4 155.2 160.6 160.3 164.1 168.9 168.7 165.3 160.2 160.8 148.2 135.4 140.4 134.3 128.5 126.6 97.4 84 79.7 79.3 75.5 74.8 77.4 82 87.6 91.7 94.2 86.7 82.2 80.5 76.4
-1.9 -1.9 -1.9 -1.9 -1.9 -1.9 -1.9 -1.9 -1.9 -1.9 -1.9 -1.9 -1.9 -1.9 -1.9 -1.9 -1.9 -1.9 -1.9 -1.9 -1.9 -1.9 -1.9 -1.9 -1.9 -1.9 9.1 22.2 30.9 33.2 41.9 49.2 59.9 61.9 66.1 67.8 69.4 71.1 71.4 68.5 82.6 88.3 89.4 90.7 96 93 104.5 125.9 131.7 131.3 139.3 153.1 158.7 160.2 164.7 168.6 169.4 170.2 169.3 170.2 161.6 159.7 151.1 148.6 142.4 138.3 129.4 125.5 107.9 89.5 86 81 77.2 76.2 79.2 83.9 88.9 88.8 87.7 87.7 81.3 78.6 72.3
-1.9 -1.9 -1.9 -1.9 -1.9 -1.9 -1.9 -1.9 -1.9 -1.9 -1.9 -1.9 -1.9 -1.9 -1.9 -1.9 -1.9 -1.9 -1.9 -1.9 -1.9 -1.9 -1.9 -1.9 -1.9 -1.9 6.5 26.2 32.5 38.4 45.8 50.3 54.2 60.9 61.6 68.3 69.6 73.9 81 68.8 81.4 88.8 90 91.9 100 100.7 98.7 126.6 134.3 132.4 136.1 139.2 150.7 158.7 169.6 171 170.2 170 167.6 169.5 162.3 142.3 147.4 148.7 139.4 135.4 127.5 123.3 106.7 93.9 93.5 90.1 83.6 80 82.3 84.6 91.7 93.4 89.1 89.5 80.4 73.1 66
-1.9 -1.9 -1.9 -1.9 -1.9 -1.9 -1.9 -1.9 -1.9 -1.9 -1.9 -1.9 -1.9 -1.9 -1.9 -1.9 -1.9 -1.9 -1.9 -1.9 -1.9 -1.9 -1.9 -1.9 -1.9 -1.9 -1.9 24.9 31.5 38.9 39.8 43.8 54.5 59.7 62 70.5 69.5 77.4 81.1 72 79.7 89.9 91.4 92.9 100.9 100.9 99.3 119.1 130.3 130.8 133.9 138.1 149.8 155.7 160.6 167.3 166.9 161.6 157.1 154.3 152.5 139.7 139.9 140.1 133.1 129.9 127.5 118.4 107 94.6 98.6 97.3 92.5 89 88.3 85.8 93.7 99.9 89.8 89.8 89.2 80.5 69.9
-1.9 -1.9 -1.9 -1.9 -1.9 -1.9 -1.9 -1.9 -1.9 -1.9 -1.9 -1.9 -1.9 -1.9 -1.9 -1.9 -1.9 -1.9 -1.9 -1.9 -1.9 -1.9 -1.9 -1.9 -1.9 -1.9 -1.9 24.8 32 47.6 48.7 48.7 54.9 60.8 66 70.6 71.4 80.4 81 77.9 79.1 85.2 91.9 91.4 100.5 100.9 99.3 113 124.9 127.7 128.3 128.8 134.5 144.2 150.2 151.3 148.4 145.3 141.8 138 137.2 133.8 129.6 131.2 125.2 121.5 119.4 118.7 106.9 99.3 104.9 110.9 99.2 96.9 94 88.9 88.9 95.1 98.6 92.4 91 88.9 77.2
-1.9 -1.9 -1.9 -1.9 -1.9 -1.9 -1.9 -1.9 -1.9 -1.9 -1.9 -1.9 -1.9 -1.9 -1.9 -1.9 -1.9 -1.9 -1.9 -1.9 -1.9 -1.9 -1.9 -1.9 -1.9 -1.9 24.3 39.4 39.9 48.4 60.1 54.4 59.3 65.9 73.9 79.6 80.7 81.7 83 78 80.4 85.1 89.3 90.6 104 101.9 98.7 110.8 121.9 126.5 123.8 120.9 119.6 129.7 134.2 128.2 129.5 127.4 122.7 119 120.2 120.1 121.9 124.3 118.2 115.6 115.6 125.6 114.6 99.1 107.3 125.4 107.7 100.4 97.4 91.4 88.1 88.7 97.8 95.1 91.2 91.2 79.1
-1.9 -1.9 -1.9 -1.9 -1.9 -1.9 -1.9 -1.9 -1.9 -1.9 -1.9 -1.9 -1.9 -1.9 -1.9 -1.9 -1.9 -1.9 -1.9 -1.9 -1.9 -1.9 -1.9 -1.9 -1.9 -1.9 30.5 42.7 43.9 51.2 59.7 61 65.4 70.2 79.5 85.2 85.1 84.1 87.6 82.1 87.1 98.1 93.3 102.5 119.5 120.8 107.5 109.4 123.6 124.7 125.9 121 118.7 119.7 124.3 121.5 118.9 119.3 119.8 119.7 117 118.2 120.2 121.3 114.3 111.3 112 121.5 120.5 102 107.1 116.2 102.2 99.1 98.8 98.6 87.1 84 94.5 94.8 90.9 90 77.6
-1.9 -1.9 -1.9 -1.9 -1.9 -1.9 -1.9 -1.9 -1.9 -1.9 -1.9 -1.9 -1.9 -1.9 -1.9 -1.9 -1.9 -1.9 -1.9 -1.9 -1.9 -1.9 -1.9 -1.9 -1.9 2.7 34.1 46.6 48.5 56.3 60.3 67.4 72.2 75.7 82.7 90.6 88.8 84.4 89.5 90.8 95.2 106.2 104.9 120.6 131.3 138.1 124.1 122.6 116 123 126.6 122.7 119.1 118.4 120.2 119.1 118.9 118.3 120.3 120.1 116.8 119.1 119.9 119.2 116.8 111.6 109.3 115.5 119.9 106.9 105.9 105.1 97.3 98.7 98.3 97.2 98.3 81.8 77.9 80.3 82.9 85.3 79.9
-1.9 -1.9 -1.9 -1.9 -1.9 -1.9 -1.9 -1.9 -1.9 -1.9 -1.9 -1.9 -1.9 -1.9 -1.9 -1.9 -1.9 -1.9 -1.9 -1.9 -1.9 -1.9 -1.9 -1.9 -1.9 31.1 35 50.8 53.7 61.5 68.6 72 77.8 81.9 87.2 92.8 92.6 87 93.4 101.3 108.3 111.8 115.8 126.5 141 142.4 143.4 130.2 127.4 121.8 125.3 124 120.7 123.5 127.1 123.7 130.8 123.9 118.2 119.3 119 121.2 122.5 114.1 116.2 114.8 109.4 109.7 112.2 109.6 106.8 100.7 94.5 98.4 98.4 98.2 95.8 81.7 75.6 73.1 73.8 77.8 69.4
-1.9 -1.9 -1.9 -1.9 -1.9 -1.9 -1.9 -1.9 -1.9 -1.9 -1.9 -1.9 -1.9 -1.9 -1.9 -1.9 -1.9 -1.9 -1.9 -1.9 -1.9 -1.9 -1.9 -1.9 23.3 41.6 34.8 48.7 58.3 62.5 70.9 75.7 79.4 84.6 90.2 96.8 97.9 91.1 100.1 105 118.4 119.8 123.3 134.6 143.5 144.9 144.4 138.4 128.4 123.5 125.7 128.4 125.8 123 133.7 131 138.2 149.3 129.9 118.2 118 120 124.2 120.1 118.1 119.4 117.9 115.6 112.5 107.7 108.5 101.1 92.6 100.2 100.5 99.1 97.1 84.6 72.1 66.4 64.3 64.6 65.6
-1.9 -1.9 -1.9 -1.9 -1.9 -1.9 -1.9 -1.9 -1.9 -1.9 -1.9 -1.9 -1.9 -1.9 -1.9 -1.9 -1.9 -1.9 -1.9 -1.9 -1.9 -1.9 -1.9 2.8 30.9 43.6 46.4 46.3 58.4 60.9 68.2 71.1 79.3 85.8 92.7 99.4 109.2 108 107.1 112.8 121.9 125.4 126.9 139.4 154.5 155.4 154 142.8 132.5 128.3 125.6 128.5 130.8 133.4 139 144.3 148.3 153.1 149.3 141.4 118.1 119.8 129.5 125.6 119.3 122.1 123.4 120.2 113.3 107.8 98.5 98 86.3 94.8 102.7 96.3 95.5 77.6 72 61.6 49.7 45.8 51.3
-1.9 -1.9 -1.9 -1.9 -1.9 -1.9 -1.9 -1.9 -1.9 -1.9 -1.9 -1.9 -1.9 -1.9 -1.9 -1.9 -1.9 -1.9 -1.9 -1.9 -1.9 -1.9 -1.9 10.7 24.8 44 49 52.1 59.6 59.9 68.7 72 79.5 86.4 98.2 110.1 121 124.6 122.1 123.5 129.2 135.3 132.9 143 161.5 166.5 162.2 156 151 143.9 136.3 130.2 136.9 141.5 144.2 152.5 161.9 163.9 155.4 150.6 138.3 126.3 128.7 130.6 123.5 121 120.7 119.6 119.8 111 98.3 84.9 78.3 86.3 92.1 92.1 94.5 74.3 66.5 56.6 34.3 27.2 23.9
-1.9 -1.9 -1.9 -1.9 -1.9 -1.9 -1.9 -1.9 -1.9 -1.9 -1.9 -1.9 -1.9 -1.9 -1.9 -1.9 -1.9 -1.9 -1.9 -1.9 -1.9 -1.9 -1.9 11.6 28.5 44 55.3 60.1 67.5 69.7 79.5 80.1 82.7 90.6 106.5 118.9 129.8 132.5 131 133.3 135.4 139.7 140.4 147.2 165.8 172 168.6 170.9 167.6 164.7 146.1 139.9 140.9 146.9 148.9 157 165.7 178.3 176.7 175.4 156.8 157.5 148.7 131.3 126.4 122.1 119.2 119.8 119.1 118 105.3 83 75.5 75.2 83.2 82.4 79.6 71.5 53.2 47.4 26.3 20.5 0.9
-1.9 -1.9 -1.9 -1.9 -1.9 -1.9 -1.9 -1.9 -1.9 -1.9 -1.9 -1.9 -1.9 -1.9 -1.9 -1.9 -1.9 -1.9 -1.9 -1.9 -1.9 6.7 22.3 33.2 37.2 48.9 60.1 66 73.2 81.5 81 85.5 89.4 92.3 110.4 123.6 132.4 138.3 142.6 144.2 142.1 147.7 148.4 154.3 169.2 171.9 175.7 175.5 175.1 176.3 162.4 145 145.2 153.4 159.4 159.8 167.9 173.7 176.2 180.6 177.6 169.1 174.8 163.4 139.3 128.7 120.5 120 120 116 108.8 88.6 76.2 74 76.4 74.2 71.1 62.1 37.7 26.1 20.3 2.4 -1.9
-1.9 -1.9 -1.9 -1.9 -1.9 -1.9 -1.9 -1.9 -1.9 -1.9 -1.9 -1.9 -1.9 -1.9 -1.9 -1.9 -1.9 -1.9 -1.9 -1.9 -1.9 12.1 25.2 41.8 44.9 52.2 63.9 71.6 77.6 87.2 84.6 96 97.3 101.5 110.7 124.6 135.3 142.1 150.3 150 149.9 147.4 152.2 160.1 172.1 175.9 183.6 179.7 181.3 183.3 174.5 157.8 148.8 154.5 169.6 167.6 170.4 177.1 176.7 175.5 184.5 171.2 179.6 171.6 146.7 133.7 123.7 119 118.6 111.5 103.3 90.5 78.8 71 69.6 65.5 62.7 55.2 37 22.2 14.8 -1.9 -1.9
-1.9 -1.9 -1.9 -1.9 -1.9 -1.9 -1.9 -1.9 -1.9 -1.9 -1.9 -1.9 -1.9 -1.9 -1.9 -1.9 -1.9 -1.9 -1.9 -1.9 -1.9 8.6 28.5 44.5 49.5 55.5 69.2 77.3 79.2 88.5 96.4 99.4 103.6 108.4 115.4 129.3 140.2 144.6 149 153 153.7 153 155.7 164.7 180.4 190.6 189.9 187.3 189.1 190.2 185.9 168.9 150.8 158.2 174.4 179.6 174 179.6 180.9 173 169.8 169.6 170 170.3 151.3 135 127 119.4 116.7 107.6 102.2 92.6 79 65.8 76 59.2 53.6 49.5 27.9 9.4 2.3 -1.9 -1.9
-1.9 -1.9 -1.9 -1.9 -1.9 -1.9 -1.9 -1.9 -1.9 -1.9 -1.9 -1.9 -1.9 -1.9 -1.9 -1.9 -1.9 -1.9 -1.9 -1.9 -1.9 3.2 27.8 42.9 52.4 62.9 69.5 78.6 81 92.2 106 99.8 110.8 116.1 118.4 129.3 142 151.7 152 155.4 157.6 160 161.1 170.3 189.9 200.1 197.2 192.1 190.9 195.9 198.5 183.4 160.5 166.5 177.6 187.2 186.7 179.7 181.1 178.3 170.4 169.1 166.5 160.5 147.9 136.3 130 122.5 123.7 122.3 110.5 103.3 89.1 70.1 60 52.7 43.3 32.5 21.8 2.1 -1.9 -1.9 -1.9
-1.9 -1.9 -1.9 -1.9 -1.9 -1.9 -1.9 -1.9 -1.9 -1.9 -1.9 -1.9 -1.9 -1.9 -1.9 -1.9 -1.9 -1.9 -1.9 -1.9 -1.9 1.3 30.3 45.2 57.6 70 76.9 79.6 85.2 98.6 110.2 112.2 118.5 127.2 127.5 131.4 140.9 155 159.1 157.9 161.2 169.6 168.2 176 199.9 204.9 203.4 198.8 193 200.2 202.2 189.6 162.9 174.4 188.4 189.6 190.6 184.7 180.8 180.1 174.4 169.1 163.2 159.2 148.7 137.8 132.7 135.7 131.2 133.7 139.8 125.2 106.4 79.5 59.4 55.4 38 23.8 17.1 -1.9 -1.9 -1.9 -1.9
-1.9 -1.9 -1.9 -1.9 -1.9 -1.9 -1.9 -1.9 -1.9 -1.9 -1.9 -1.9 -1.9 -1.9 -1.9 -1.9 -1.9 -1.9 -1.9 -1.9 -1.9 0.7 30.6 46.4 61 70.3 83.3 78.9 90.1 100.3 115.5 123.4 119.5 130 131.3 135.1 143.7 155.3 160.9 159.8 166.5 173.2 171.7 177 197.3 209.6 210.9 206.1 199.3 200.5 201.7 198.9 168.7 172.4 188.8 187.7 189.8 189 181.3 179.2 174.7 168.4 165.4 159.4 161.4 152.2 143.2 140.3 142 140.3 140.2 137.7 115.8 92.4 61.9 51.8 45.3 24.5 11.3 -1.9 -1.9 -1.9 -1.9
-1.9 -1.9 -1.9 -1.9 -1.9 -1.9 -1.9 -1.9 -1.9 -1.9 -1.9 -1.9 -1.9 -1.9 -1.9 -1.9 -1.9 -1.9 -1.9 -1.9 -1.9 1.9 36.5 51.8 62.7 72.3 85.5 86.6 89.2 102.1 115.3 126.1 126.4 134.3 139.4 140.8 143.5 155.1 163.3 165.9 169.4 178.3 180.1 175.9 196.8 211.1 212 208.5 200.6 202.7 205.9 198.6 180.9 177.2 192.1 198.2 195.8 188.9 182.4 178.4 177.4 177.4 178.4 166.4 169 164.6 157.2 150.3 149.9 149.9 138.8 136.5 121.3 102.8 75.4 49.1 39.7 28 19.2 -1.9 -1.9 -1.9 -1.9
-1.9 -1.9 -1.9 -1.9 -1.9 -1.9 -1.9 -1.9 -1.9 -1.9 -1.9 -1.9 -1.9 -1.9 -1.9 -1.9 -1.9 -1.9 -1.9 -1.9 -1.9 6.3 38 54.7 66 76.6 82.7 85.7 91.2 103.2 114.8 124.2 129.6 136.2 142.4 147.9 150 150.6 163.9 169.8 169.7 179.5 188.2 179.9 201.7 213.4 217.6 211 207.6 213.3 212.8 207.8 189.1 195.9 212.4 218.9 222.3 204.5 193.7 184.1 190.4 185.6 182.4 174.1 169.6 168.3 163.2 158.4 161.3 157.3 157.5 145.3 127.5 107.5 87.6 59 42.1 31.8 21.4 -1.9 -1.9 -1.9 -1.9
-1.9 -1.9 -1.9 -1.9 -1.9 -1.9 -1.9 -1.9 -1.9 -1.9 -1.9 -1.9 -1.9 -1.9 -1.9 -1.9 -1.9 -1.9 -1.9 -1.9 -1.9 11.5 34.8 53.1 67 79.6 84.5 88 91.7 102 115 124.7 130.3 135.3 145.8 149.4 155.6 158 162.9 167.5 171.5 180.6 188.5 188.4 210.8 220.1 225.9 225.4 220.2 221.4 219.1 219.2 200.6 210.8 223.9 232.5 229.4 225.3 208.2 207.8 203.3 197.8 187.1 182.6 181.8 183.4 174.9 171 168 162.8 159.5 152 133.1 109.4 89.6 67.3 46.8 32 22.5 -1.9 -1.9 -1.9 -1.9
-1.9 -1.9 -1.9 -1.9 -1.9 -1.9 -1.9 -1.9 -1.9 -1.9 -1.9 -1.9 -1.9 -1.9 -1.9 -1.9 -1.9 -1.9 -1.9 -1.9 5.7 14.1 36.5 55.6 68.4 80.1 87.4 89.1 93.3 104.8 119.2 128.2 134.2 137.3 145 153.6 161.4 163.4 167.7 169 172.8 181.4 189.7 194.7 210 224 231 233 229.1 230.6 228 225.8 220.6 214.4 227.1 245.8 246.6 233.2 223.7 239.6 226 220.5 207.8 195.7 193.7 189.5 190.6 174.8 177.1 176.1 160.7 156.7 135.2 108 86.4 74.2 55 33.4 21.8 -1.9 -1.9 -1.9 -1.9
-1.9 -1.9 -1.9 -1.9 -1.9 -1.9 -1.9 -1.9 -1.9 -1.9 -1.9 -1.9 -1.9 -1.9 -1.9 -1.9 -1.9 -1.9 -1.9 -1.9 13.5 20.1 34 57.6 71.8 84 90 90.3 96.5 108.9 122.3 133.9 140.8 143.6 150 160.5 166.5 170.1 174.6 173.8 176.1 187.6 194 201.8 213 222.5 230.7 238 235 233.4 237.3 235.7 231 220.6 232.5 249.2 253.9 247.3 241.4 249.7 252.5 230.3 217.3 203.3 191.7 192.5 190.8 182.6 176.8 173.6 169.4 151.9 140.9 106.4 86.6 75.3 56.7 34.9 20.9 -1.9 -1.9 -1.9 -1.9
-1.9 -1.9 -1.9 -1.9 -1.9 -1.9 -1.9 -1.9 -1.9 -1.9 -1.9 -1.9 -1.9 -1.9 -1.9 -1.9 -1.9 -1.9 -1.9 -1.9 18.9 23.6 36.9 59.3 75 87.1 97 91.9 99.7 109.8 125.9 138.6 146.4 151.7 155.3 164.8 169.4 170.8 180 180.9 179 190.9 197.3 204.9 218.1 221.9 228.6 237.8 239.9 240.2 240.4 242 238.2 229.2 238.4 253 261.3 257 261.1 250.7 261.1 247.7 234.1 216.8 203.6 197.1 192.6 187.7 181.4 171.7 165.7 149.5 135.1 107.2 86.7 71.4 50 28.6 17.8 -1.9 -1.9 -1.9 -1.9
-1.9 -1.9 -1.9 -1.9 -1.9 -1.9 -1.9 -1.9 -1.9 -1.9 -1.9 -1.9 -1.9 -1.9 -1.9 -1.9 -1.9 -1.9 -1.9 3.2 17.7 27.1 34.1 57.5 75.6 87.4 99.8 98.5 100.1 106.2 129.4 142 149.7 153.5 158.4 162.2 170.8 172.8 179.6 188.8 187 191.7 201.8 206.5 220.4 228.8 229.8 235.1 240.2 243.6 245.1 247.1 246.7 238.8 243.9 257 268.9 264.7 271.1 263.4 261.1 262.9 251.4 241.6 232.8 206.9 192.4 188.9 183.8 177.6 164.6 146.8 123.5 103.1 85.8 68.1 45.5 23.9 4.6 -1.9 -1.9 -1.9 -1.9
-1.9 -1.9 -1.9 -1.9 -1.9 -1.9 -1.9 -1.9 -1.9 -1.9 -1.9 -1.9 -1.9 -1.9 -1.9 -1.9 -1.9 -1.9 -1.9 7.5 21.1 29.6 34 59.6 75 87.1 95.3 100.7 102.7 110.1 131.2 144.7 149.9 154 159.6 167.4 169.1 176.4 182.2 191 194.8 195.3 203.2 209.5 221.4 231.9 239.3 242.1 245.5 250.7 252.5 254.3 255 247 244.5 256.4 270.9 270.9 278.2 277.2 265.3 274.2 269.9 265 255.7 237.4 205.4 191.7 181.8 177.2 163.7 140.8 119.3 99 87.2 70.3 47.8 23.4 -1.9 -1.9 -1.9 -1.9 -1.9
-1.9 -1.9 -1.9 -1.9 -1.9 -1.9 -1.9 -1.9 -1.9 -1.9 -1.9 -1.9 -1.9 -1.9 -1.9 -1.9 -1.9 -1.9 -1.9 5.3 22.7 30.7 39.8 62.5 76.6 85.5 94.1 101.9 105.5 114.7 127 143 147.4 150.7 158.3 169.3 170.5 179.9 183 190.9 200.8 203.6 202.9 212.5 224.6 236.1 245.4 252.6 257.5 262.9 265.9 260.3 260.8 252.8 249.1 257.7 271.7 278.5 285.3 286.5 277.8 274.3 287.7 279 260 255.7 217.3 193.6 178.3 167 157 134.6 120.3 101.7 89.3 74 48.5 21.2 -1.9 -1.9 -1.9 -1.9 -1.9
-1.9 -1.9 -1.9 -1.9 -1.9 -1.9 -1.9 -1.9 -1.9 -1.9 -1.9 -1.9 -1.9 -1.9 -1.9 -1.9 -1.9 -1.9 -1.9 2.5 22.5 35.1 46.2 63.6 77.9 87.2 95.9 103.1 108.1 114.9 126.8 139.9 145.2 150.7 157.6 170.6 175.2 181 189.6 192 200.5 205.7 207 214.5 229.3 238.6 248.3 258.5 266.4 271.2 276.4 272.1 265 258.6 250.2 257.7 270.7 280.9 287.5 293.9 286.1 285.3 286 287.6 270.2 256.4 223.6 194.7 178.5 164.7 151.3 135 119.4 106.2 85.7 68.5 50.7 18.7 -1.9 -1.9 -1.9 -1.9 -1.9
-1.9 -1.9 -1.9 -1.9 -1.9 -1.9 -1.9 -1.9 -1.9 -1.9 -1.9 -1.9 -1.9 -1.9 -1.9 -1.9 -1.9 -1.9 -1.9 8 23.2 38.1 50.4 60.1 76.6 89.3 98.3 105.3 112.3 119.6 131.3 138 149 153.6 157.7 171.5 178.6 182 195.1 202 199.1 204 208.3 214.8 229.6 241.7 248.6 258.4 270.8 276.3 280.9 280.8 275.6 273 266.1 262.9 267.9 281 288.6 290 290 290.1 285.3 287.4 275.2 256 240.5 206.1 182.4 163.8 149.1 135.8 115.5 107.7 88.5 67 50 24 -1.9 -1.9 -1.9 -1.9 -1.9
-1.9 -1.9 -1.9 -1.9 -1.9 -1.9 -1.9 -1.9 -1.9 -1.9 -1.9 -1.9 -1.9 -1.9 -1.9 -1.9 -1.9 -1.9 5.2 17.3 25.8 40.5 52.2 61.3 75.3 88.7 103 109.3 116.1 125.4 133.7 144.5 149.7 156.5 159.7 171.1 175.7 190 195.4 201.7 204.3 208.5 211.9 216 228.2 241.4 247.2 257.7 268.3 276.6 281.1 281.9 285.2 283.6 277.8 285.2 276.3 279.1 285.3 288.9 289.6 290.7 292.1 288.7 282 257.2 244.9 224 192.7 169.2 147.3 131 112.6 103.2 91.3 66.3 52 30.2 1.4 -1.9 -1.9 -1.9 -1.9
-1.9 -1.9 -1.9 -1.9 -1.9 -1.9 -1.9 -1.9 -1.9 -1.9 -1.9 -1.9 -1.9 -1.9 -1.9 -1.9 -1.9 -1.9 11 19.6 24 36.7 52.1 60.4 75.3 90.8 104.9 113.3 117.5 128.9 139.5 146.7 156.2 158.9 164.7 170.3 177 189.8 195.6 203.4 210.1 215.6 214.2 218 227.4 237.8 245.4 254.2 263.7 273.7 280.7 284.6 286 294.8 279.5 288.6 291.1 284.8 287.8 291 290.7 290.7 292.3 286.4 277.5 259.1 250.1 233.3 207.2 170.9 138.3 122.3 108.4 99 91 67.2 50.3 28.2 2.2 -1.9 -1.9 -1.9 -1.9
-1.9 -1.9 -1.9 -1.9 -1.9 -1.9 -1.9 -1.9 -1.9 -1.9 -1.9 -1.9 -1.9 -1.9 -1.9 -1.9 -1.9 -1.9 3.4 17.7 24.1 34.5 54.5 63.7 75.6 92.4 107.2 114.1 118.1 137.1 143.4 149 159 162.5 167.2 171.8 176.5 188.8 196.4 204.7 213.6 219.2 216.3 220.2 230.8 241.3 246.9 253.1 261.3 274.5 281.4 284.7 285.7 299.5 292.3 291.3 297.4 294.1 295.1 300.5 299.4 300.9 297.6 287.2 276.5 263.6 251.7 228.3 194.2 163.2 138.4 121.3 109.3 97.2 88.7 73.2 49.4 27 11.9 -1.9 -1.9 -1.9 -1.9
-1.9 -1.9 -1.9 -1.9 -1.9 -1.9 -1.9 -1.9 -1.9 -1.9 -1.9 -1.9 -1.9 -1.9 -1.9 -1.9 -1.9 -1.9 10.2 18.7 26.4 32.9 55.9 65.6 76.4 91.1 105.6 114.4 121.4 140.5 146.5 151.8 158.2 163.3 167.6 172.3 177.7 189.4 197.1 206.6 211.7 216 223 224.4 232.7 242.5 250.7 256.1 262.4 270.4 283.7 282.8 284.2 293.5 298.2 296.4 308.1 314.1 308 308.6 310 308.2 308.3 293.3 278.6 272.5 264.3 246.7 211.3 179.3 148.1 125.6 112.7 101 89.1 75.4 54 32.8 20.2 2.1 -1.9 -1.9 -1.9
-1.9 -1.9 -1.9 -1.9 -1.9 -1.9 -1.9 -1.9 -1.9 -1.9 -1.9 -1.9 -1.9 -1.9 -1.9 -1.9 -1.9 -1.9 9.6 21.9 29.4 37 50 63 77.1 89.2 105.7 115.9 123.6 142.1 148.5 154.4 158.5 163.6 168.3 173.4 179.1 189.4 200 209.7 209.7 212.6 220.4 225.6 235.4 246.5 253.6 258.8 262 267.6 277.8 279.6 284.1 290.3 296.9 303 310.9 319.6 317.1 314.2 317 317.8 317 310.7 287.3 278.4 277.2 277 227.1 191.6 156.5 128.3 115.6 104.6 91.9 74.1 55.2 38.7 23.2 10.1 -1.9 -1.9 -1.9
-1.9 -1.9 -1.9 -1.9 -1.9 -1.9 -1.9 -1.9 -1.9 -1.9 -1.9 -1.9 -1.9 -1.9 -1.9 -1.9 -1.9 -1.9 14.8 23.3 30.1 39.3 45.2 62.8 74.4 85.8 105.6 115.5 124.9 143.1 150.1 152.9 158.3 163.1 168.8 172.2 176.8 186.6 196.7 205.6 209.8 216.1 217.8 223.7 237.2 250 257.2 260.6 259.4 265.7 276.4 280.6 285 288.4 296.2 306.6 314.6 320.7 320.6 319.7 320 320.5 322.5 327.3 303.3 283.8 290 278.3 240.1 200.4 163.8 135.2 121.6 108.3 98.9 79.3 58.5 44.7 30 17.3 6.7 -1.9 -1.9
-1.9 -1.9 -1.9 -1.9 -1.9 -1.9 -1.9 -1.9 -1.9 -1.9 -1.9 -1.9 -1.9 -1.9 -1.9 -1.9 -1.9 14.7 19.5 23.3 30.7 39.4 45 59 72.9 82.5 102.5 112.9 123.8 137 146.8 151.1 156.8 161.5 165.5 171 178.5 187.3 194.7 202.9 211.4 216.4 218 222.9 239.4 251.8 258.6 260.9 264.1 268.7 275.7 282.1 288.2 289.1 294.2 306.7 314.2 321 325.9 330.4 325.1 328.3 325.4 324.3 323.8 304.8 286.6 278.8 249.7 205.9 169.7 144.8 126.5 112.9 102.1 87 67.7 53.8 38.9 23.3 14.4 3.5 -1.9
