app/static/ascii/NG55.asc
ncols 200
nrows 200
xllcorner 150000
yllcorner 850000
cellsize 50
[rows 74 to 110 of 200, columns 0 to 82 of 200]
301.2 284.8 273.1 264.9 262.4 256.4 247.7 239.1 230.8 216 206.3 198.4 191.4 186.8 184.9 184.8 180.3 177.5 175.9 174.5 171 169.8 154.7 138.1 126.6 124 118.3 113.5 109.8 99.1 92.1 85.5 79.8 70.6 62.2 60.6 50 44.9 43.1 39.1 40.1 41.8 29.9 20 2.1 -1.9 -1.9 -1.9 -1.9 -1.9 -1.9 -1.9 -1.9 -1.9 -1.9 -1.9 -1.9 -1.9 -1.9 -1.9 -1.9 -1.9 -1.9 -1.9 -1.9 -1.9 -1.9 -1.9 -1.9 -1.9 -1.9 -1.9 -1.9 -1.9 -1.9 -1.9 -1.9 -1.9 -1.9 -1.9 -1.9 -1.9 -1.9
310.7 291.7 275.4 267.8 262.8 255.3 246.4 238.3 229.7 217.9 209.8 201.7 195.2 189.5 188 185.2 178.7 176.3 173.6 169.4 166.4 162.6 148.6 134.2 126.6 121.4 113.1 106.1 97.6 89.7 85.6 80.6 70.9 76.8 84.8 76.8 69.6 56.6 45.9 40.7 43.5 46.1 33.2 20.7 -1.9 -1.9 -1.9 -1.9 -1.9 -1.9 -1.9 -1.9 -1.9 -1.9 -1.9 -1.9 -1.9 -1.9 -1.9 -1.9 -1.9 -1.9 -1.9 -1.9 -1.9 -1.9 -1.9 -1.9 -1.9 -1.9 -1.9 -1.9 -1.9 -1.9 -1.9 -1.9 -1.9 -1.9 -1.9 -1.9 -1.9 -1.9 -1.9
318.8 299 278 268 260.9 254.2 246 237.6 229.3 220.2 211.1 204.3 197.6 190.9 187.8 183.4 178.8 177.1 173.8 169.4 162.5 158.6 147 133.9 127.7 121.1 110.9 103.1 103.5 100.6 91.2 86.8 85.9 89.5 89.8 81.6 72.9 59.5 48.5 44.6 47.8 51.5 36 21.2 -1.9 -1.9 -1.9 -1.9 -1.9 -1.9 -1.9 -1.9 -1.9 -1.9 -1.9 -1.9 -1.9 -1.9 -1.9 -1.9 -1.9 -1.9 -1.9 -1.9 -1.9 -1.9 -1.9 -1.9 -1.9 -1.9 -1.9 -1.9 -1.9 -1.9 -1.9 -1.9 -1.9 -1.9 -1.9 -1.9 -1.9 -1.9 -1.9
326.9 302 280.2 266.7 257.1 250.5 243.8 237 230.3 221.5 211.8 205.1 199.8 193.8 189.3 185.9 182 178 172.8 170.6 164.4 160.8 159.7 140.7 129.4 123.8 116.1 116.1 114.5 107.6 101.2 94.4 99 100.7 94.5 86 77.5 63.7 50.8 47.8 50 59.6 38.1 13.6 -1.9 -1.9 -1.9 -1.9 -1.9 -1.9 -1.9 -1.9 -1.9 -1.9 -1.9 -1.9 -1.9 -1.9 -1.9 -1.9 -1.9 -1.9 -1.9 -1.9 -1.9 -1.9 -1.9 -1.9 -1.9 -1.9 -1.9 -1.9 -1.9 -1.9 -1.9 -1.9 -1.9 -1.9 -1.9 -1.9 -1.9 -1.9 -1.9
339.1 308 283.8 266.3 253.9 248.4 243.1 237.8 230.6 224.6 212.4 206.9 202.3 197.9 193 188.3 181.9 175.8 169.4 168.1 161 157.1 147.1 139.1 139.9 132.6 125.2 122.7 119.6 112 107 104.3 111.2 105.9 99.2 90.9 82 69.2 54.7 48.5 55.9 63.7 43.8 22.5 -1.9 -1.9 -1.9 -1.9 -1.9 -1.9 -1.9 -1.9 -1.9 -1.9 -1.9 -1.9 -1.9 -1.9 -1.9 -1.9 -1.9 -1.9 -1.9 -1.9 -1.9 -1.9 -1.9 -1.9 -1.9 -1.9 -1.9 -1.9 -1.9 -1.9 -1.9 -1.9 -1.9 -1.9 -1.9 -1.9 -1.9 -1.9 -1.9
350 316.3 288.1 265.4 255.7 249.7 244.3 237.8 231 222.1 214.8 210.6 206.3 201.9 197.4 188.7 181.7 178.7 175.3 174.2 169.1 162.4 159 157.3 149.8 140.9 132.2 129.7 124.3 116.5 111.6 113.5 116.1 109.7 103.4 96.1 86.4 72.6 58.2 50 61.9 70.6 48.8 16.2 -1.9 -1.9 -1.9 -1.9 -1.9 -1.9 -1.9 -1.9 -1.9 -1.9 -1.9 -1.9 -1.9 -1.9 -1.9 -1.9 -1.9 -1.9 -1.9 -1.9 -1.9 -1.9 -1.9 -1.9 -1.9 -1.9 -1.9 -1.9 -1.9 -1.9 -1.9 -1.9 -1.9 -1.9 -1.9 -1.9 -1.9 -1.9 -1.9
353 319.7 287.6 267.1 258.3 250.6 244.2 237.6 230.5 222 216.4 213.4 210.4 203.8 198 192.5 187.2 182.2 178 173.1 168.6 163.2 166.5 161.6 156.7 148.9 139.9 136.2 130.3 120.4 117.8 120 120.9 113.7 107.2 100.1 89 76.3 63.5 57.9 65.2 69.5 50.8 27.8 -1.9 -1.9 -1.9 -1.9 -1.9 -1.9 -1.9 -1.9 -1.9 -1.9 -1.9 -1.9 -1.9 -1.9 -1.9 -1.9 -1.9 -1.9 -1.9 -1.9 -1.9 -1.9 -1.9 -1.9 -1.9 -1.9 -1.9 -1.9 -1.9 -1.9 -1.9 -1.9 -1.9 -1.9 -1.9 -1.9 -1.9 -1.9 -1.9
339.7 310.7 284.2 267.8 257.6 248.2 242.8 235.9 228.5 223.7 219.5 215.9 212.6 208.2 203.7 199.9 192.4 186.7 178.5 173.2 170.9 170.1 168.6 165.5 160.9 153 146.1 140.9 134.8 129.2 128.8 129.8 126.4 119 110.8 102.5 93.6 81.4 69.5 59.5 67.5 69.5 51.6 30.1 -1.9 -1.9 -1.9 -1.9 -1.9 -1.9 -1.9 -1.9 -1.9 -1.9 -1.9 -1.9 -1.9 -1.9 -1.9 -1.9 -1.9 -1.9 -1.9 -1.9 -1.9 -1.9 -1.9 -1.9 -1.9 -1.9 -1.9 -1.9 -1.9 -1.9 -1.9 -1.9 -1.9 -1.9 -1.9 -1.9 -1.9 -1.9 -1.9
326.4 301.3 280.8 270.4 255.6 245.8 242.1 238.8 231.8 226.2 221.6 217.2 212.8 209.1 209.3 204.5 198.1 191.8 183.7 176.8 176.2 172.4 171.2 168.8 163.1 155.9 151.1 146 140.5 135 135.4 136.6 131.5 124.7 115.5 107.1 98.6 88.2 75.2 63.7 67.9 72.8 56.8 20.7 -1.9 -1.9 -1.9 -1.9 -1.9 -1.9 -1.9 -1.9 -1.9 -1.9 -1.9 -1.9 -1.9 -1.9 -1.9 -1.9 -1.9 -1.9 -1.9 -1.9 -1.9 -1.9 -1.9 -1.9 -1.9 -1.9 -1.9 -1.9 -1.9 -1.9 -1.9 -1.9 -1.9 -1.9 -1.9 -1.9 -1.9 -1.9 -1.9
315.5 295.3 279.3 267.3 254.6 248 243.6 240.4 235.4 229.5 223.9 219.1 214.9 213.8 212.4 208.3 203.7 196.8 189 181.3 176.2 175 176.9 169.1 164.4 159.8 155 150.1 145.4 140.1 140.6 142.2 136.9 130.1 121.5 113 105 93.5 80.1 68.4 71.5 76.6 63.8 -1.9 -1.9 -1.9 -1.9 -1.9 -1.9 -1.9 -1.9 -1.9 -1.9 -1.9 -1.9 -1.9 -1.9 -1.9 -1.9 -1.9 -1.9 -1.9 -1.9 -1.9 -1.9 -1.9 -1.9 -1.9 -1.9 -1.9 -1.9 -1.9 -1.9 -1.9 -1.9 -1.9 -1.9 -1.9 -1.9 -1.9 -1.9 -1.9 -1.9
312.9 297.4 281.4 267.2 254.4 248.9 248.1 243.3 236.6 231.4 224.6 218.8 219 218.6 215.6 211.1 205.9 200.5 193.3 185.5 179.5 177.7 174.2 169.5 166.2 162.6 157.9 153.1 148.9 145.3 146.6 147.1 143.8 136.7 127.9 119.1 109.2 97 83.5 72.4 74.6 81 23.1 -1.9 -1.9 -1.9 -1.9 -1.9 -1.9 -1.9 -1.9 -1.9 -1.9 -1.9 -1.9 -1.9 -1.9 -1.9 -1.9 -1.9 -1.9 -1.9 -1.9 -1.9 -1.9 -1.9 -1.9 -1.9 -1.9 -1.9 -1.9 -1.9 -1.9 -1.9 -1.9 -1.9 -1.9 -1.9 -1.9 -1.9 -1.9 -1.9 -1.9
312.6 291.6 282.8 267 254.1 248.9 249.8 244.6 237.5 229.4 227 223.7 223.3 219.4 218.6 213.5 208.7 203.8 197 190.4 185.5 180.2 176.2 171.4 168.2 165 160.9 156 152.6 149.5 151.5 152.3 149.9 143.1 133 123 113.3 100.6 86.5 78.2 81.8 85.5 43.9 -1.9 -1.9 -1.9 -1.9 -1.9 -1.9 -1.9 -1.9 -1.9 -1.9 -1.9 -1.9 -1.9 -1.9 -1.9 -1.9 -1.9 -1.9 -1.9 -1.9 -1.9 -1.9 -1.9 -1.9 -1.9 -1.9 -1.9 -1.9 -1.9 -1.9 -1.9 -1.9 -1.9 -1.9 -1.9 -1.9 -1.9 -1.9 -1.9 -1.9
299.2 280.5 276.7 266 252.5 247.1 243.2 239.8 238.5 230.9 229.9 227.8 224.3 219.5 220.4 217.8 212.9 207.1 200.1 193.2 187.8 182.9 179.6 174.2 170.5 167.1 162.3 158.1 155.1 155.8 156.9 157 152.9 147.6 137.6 125.5 116.8 105.2 89.5 80.3 86.7 87.6 45.2 -1.9 -1.9 -1.9 -1.9 -1.9 -1.9 -1.9 -1.9 -1.9 -1.9 -1.9 -1.9 -1.9 -1.9 -1.9 -1.9 -1.9 -1.9 -1.9 -1.9 -1.9 -1.9 -1.9 -1.9 -1.9 -1.9 -1.9 -1.9 -1.9 -1.9 -1.9 -1.9 -1.9 -1.9 -1.9 -1.9 -1.9 -1.9 -1.9 -1.9
285.7 274.9 266.4 258.3 248.6 243.4 241 239.8 240.2 236.4 231.4 228.3 224.9 224.1 223 221.5 216.8 210.1 203.2 196.3 190.1 185.4 180.4 177.2 172.6 168.8 163.7 160.5 159 160.1 160.7 161.1 156.4 151.5 142.3 128 121.6 107.6 93.9 86 95.4 92.1 26.9 -1.9 -1.9 -1.9 -1.9 -1.9 -1.9 -1.9 -1.9 -1.9 -1.9 -1.9 -1.9 -1.9 -1.9 -1.9 -1.9 -1.9 -1.9 -1.9 -1.9 -1.9 -1.9 -1.9 -1.9 -1.9 -1.9 -1.9 -1.9 -1.9 -1.9 -1.9 -1.9 -1.9 -1.9 -1.9 -1.9 -1.9 -1.9 -1.9 -1.9
282.6 268.7 260.1 254 248 247.4 245.8 245.8 244.5 240.1 234.6 229.6 228.2 229.3 227.3 224.6 220.2 213.4 206.3 199.4 192.5 187.2 181.7 177 173.6 169.3 165.7 163.4 163.3 164.3 165 163.9 160.1 155.4 147 132.2 125.1 114.2 100.6 89.6 98.7 90.1 -1.9 -1.9 -1.9 -1.9 -1.9 -1.9 -1.9 -1.9 -1.9 -1.9 -1.9 -1.9 -1.9 -1.9 -1.9 -1.9 -1.9 -1.9 -1.9 -1.9 -1.9 -1.9 -1.9 -1.9 -1.9 -1.9 -1.9 -1.9 -1.9 -1.9 -1.9 -1.9 -1.9 -1.9 -1.9 -1.9 -1.9 -1.9 -1.9 -1.9 -1.9
276.2 261.4 253.7 250 247.5 247.9 247.9 249.8 251.4 244.6 237.7 233.3 230.3 231.7 230.8 228.9 223.3 216.8 210 202.9 195.9 188.3 181.7 179.6 176.1 171.8 168.9 167 167.3 168.3 169 166.7 163.3 157.9 146.6 134 126.7 119.1 104.3 98 100.8 80.9 -1.9 -1.9 -1.9 -1.9 -1.9 -1.9 -1.9 -1.9 -1.9 -1.9 -1.9 -1.9 -1.9 -1.9 -1.9 -1.9 -1.9 -1.9 -1.9 -1.9 -1.9 -1.9 -1.9 -1.9 -1.9 -1.9 -1.9 -1.9 -1.9 -1.9 -1.9 -1.9 -1.9 -1.9 -1.9 -1.9 -1.9 -1.9 -1.9 -1.9 -1.9
271.6 258.3 251.4 248.6 247.6 248.4 250.6 255.1 253.8 247.1 241 238.1 235.6 235.5 237.8 235.2 226.6 220.4 213.6 206.7 199.4 191.3 184.7 182.9 178.9 176.6 173.5 171.1 171.2 171.2 170.8 169.5 164.4 157.8 146 136.1 127.4 120.8 107.8 102.4 99.1 44.7 -1.9 -1.9 -1.9 -1.9 -1.9 -1.9 -1.9 -1.9 -1.9 -1.9 -1.9 -1.9 -1.9 -1.9 -1.9 -1.9 -1.9 -1.9 -1.9 -1.9 -1.9 -1.9 -1.9 -1.9 -1.9 -1.9 -1.9 -1.9 -1.9 -1.9 -1.9 -1.9 -1.9 -1.9 -1.9 -1.9 -1.9 -1.9 -1.9 -1.9 -1.9
269 257.8 252.7 250.9 248.8 253.4 256.8 258.6 254.7 250.2 245.3 241.9 238.8 239.5 240.8 239.5 230.1 224.3 219.5 210.7 204.7 199.3 193.1 188.6 184.7 182.8 179 175.6 173.1 171.4 170.8 169.1 163.3 155.7 145 136.1 127.2 121.4 114.8 105.8 74 19.1 -1.9 -1.9 -1.9 -1.9 -1.9 -1.9 -1.9 -1.9 -1.9 -1.9 -1.9 -1.9 -1.9 -1.9 -1.9 -1.9 -1.9 -1.9 -1.9 -1.9 -1.9 -1.9 -1.9 -1.9 -1.9 -1.9 -1.9 -1.9 -1.9 -1.9 -1.9 -1.9 -1.9 -1.9 -1.9 -1.9 -1.9 -1.9 -1.9 -1.9 -1.9
264.7 257.7 255.9 253 254.4 261.6 265.4 263 257.5 252.8 249.1 246 241.9 240.5 241.1 240.8 232.5 226.4 221.6 217.2 214.3 210.6 204.2 197.8 193.8 188.8 183.6 179 175.7 173.5 170.5 169 162.5 155 146.2 136 127.5 120.6 115.5 108.6 62 -1.9 -1.9 -1.9 -1.9 -1.9 -1.9 -1.9 -1.9 -1.9 -1.9 -1.9 -1.9 -1.9 -1.9 -1.9 -1.9 -1.9 -1.9 -1.9 -1.9 -1.9 -1.9 -1.9 -1.9 -1.9 -1.9 -1.9 -1.9 -1.9 -1.9 -1.9 -1.9 -1.9 -1.9 -1.9 -1.9 -1.9 -1.9 -1.9 -1.9 -1.9 -1.9
260.8 259.1 258.1 258.8 259.1 267.1 269.5 268.3 260.6 255.4 251.4 248.3 244.8 244.5 245.6 242.1 232.8 226.2 223.1 225.9 226.4 222.3 213.8 207.5 200.9 192.4 187.4 182.4 178.7 172.7 168.8 167.6 162.7 154.5 144.2 133.2 126.1 121.6 116.2 106.6 42.2 3.7 -1.9 -1.9 -1.9 -1.9 -1.9 -1.9 -1.9 -1.9 -1.9 -1.9 -1.9 -1.9 -1.9 -1.9 -1.9 -1.9 -1.9 -1.9 -1.9 -1.9 -1.9 -1.9 -1.9 -1.9 -1.9 -1.9 -1.9 -1.9 -1.9 -1.9 -1.9 -1.9 -1.9 -1.9 -1.9 -1.9 -1.9 -1.9 -1.9 -1.9 -1.9
261 259.9 261.7 263.7 262.8 271.2 272 271.4 267.6 259.2 253.6 249.4 247.6 248.5 249.9 245.5 235.1 227.7 228.1 235.7 235.4 230.6 223.4 217.4 209.5 198.4 189.4 184.4 179.7 172 166.2 164.9 160.1 151.1 142.2 130.3 125.7 123.2 120.7 110.7 41.6 2.2 -1.9 -1.9 -1.9 -1.9 -1.9 -1.9 -1.9 -1.9 -1.9 -1.9 -1.9 -1.9 -1.9 -1.9 -1.9 -1.9 -1.9 -1.9 -1.9 -1.9 -1.9 -1.9 -1.9 -1.9 -1.9 -1.9 -1.9 -1.9 -1.9 -1.9 -1.9 -1.9 -1.9 -1.9 -1.9 -1.9 -1.9 -1.9 -1.9 -1.9 -1.9
263.3 260.5 264.3 267.2 267.3 270.2 273.6 276.5 274.1 269.9 263.1 256.9 253.2 254.8 254.8 251.1 244.6 237 242.1 254.7 251.7 243.1 233.1 227.1 218.9 206.8 193.9 186 180.6 172.8 165.7 161.6 159.5 152.4 144.2 130.5 129 127 129.1 99.1 46.3 2.1 -1.9 -1.9 -1.9 -1.9 -1.9 -1.9 -1.9 -1.9 -1.9 -1.9 -1.9 -1.9 -1.9 -1.9 -1.9 -1.9 -1.9 -1.9 -1.9 -1.9 -1.9 -1.9 -1.9 -1.9 -1.9 -1.9 -1.9 -1.9 -1.9 -1.9 -1.9 -1.9 -1.9 -1.9 -1.9 -1.9 -1.9 -1.9 -1.9 -1.9 -1.9
265.6 265.2 270.3 276.3 275.9 281.2 279.3 280.9 285.1 279.7 273.6 266.7 260.8 261.1 261.4 259.9 257.5 255.7 261.4 271.8 263.5 250.1 242.3 235.6 230.4 212.4 196.6 187.6 180.3 171.9 167.2 167.3 164.4 156.5 145.2 135.3 135.9 133.2 142.7 97.4 41.9 2.1 -1.9 -1.9 -1.9 -1.9 -1.9 -1.9 -1.9 -1.9 -1.9 -1.9 -1.9 -1.9 -1.9 -1.9 -1.9 -1.9 -1.9 -1.9 -1.9 -1.9 -1.9 -1.9 -1.9 -1.9 -1.9 -1.9 -1.9 -1.9 -1.9 -1.9 -1.9 -1.9 -1.9 -1.9 -1.9 -1.9 -1.9 -1.9 -1.9 -1.9 -1.9
272.6 274.7 280 289.6 289.2 288.8 284.3 286 297 297.4 283.2 274.2 268.5 265.6 266.3 265.7 267.4 265.7 268.9 276 282.2 259.3 247.8 242.3 233.9 218.8 201.4 189.2 181.2 173 168.2 167.2 163.9 158.2 147.7 141.9 143 140.4 150.4 94.2 42.2 2 -1.9 -1.9 -1.9 -1.9 -1.9 -1.9 -1.9 -1.9 -1.9 -1.9 -1.9 -1.9 -1.9 -1.9 -1.9 -1.9 -1.9 -1.9 -1.9 -1.9 -1.9 -1.9 -1.9 -1.9 -1.9 -1.9 -1.9 -1.9 -1.9 -1.9 -1.9 -1.9 -1.9 -1.9 -1.9 -1.9 -1.9 -1.9 -1.9 -1.9 -1.9
284.5 293.8 297.3 301.8 303.6 298.1 290.8 293.7 310.5 311.7 296.1 282.1 273.9 271.8 271.2 272.3 271.3 270.1 271.9 281.9 291 287.4 271 252.1 238.6 223.1 205.8 190.5 184.1 176.6 169.9 168.1 168 163.3 157.9 150.1 147.1 149 140.7 98.4 39.7 2 -1.9 -1.9 -1.9 -1.9 -1.9 -1.9 -1.9 -1.9 -1.9 -1.9 -1.9 -1.9 -1.9 -1.9 -1.9 -1.9 -1.9 -1.9 -1.9 -1.9 -1.9 -1.9 -1.9 -1.9 -1.9 -1.9 -1.9 -1.9 -1.9 -1.9 -1.9 -1.9 -1.9 -1.9 -1.9 -1.9 -1.9 -1.9 -1.9 -1.9 -1.9
304.9 318.1 320 317.2 319.5 313.3 310.3 305.7 309.9 309.3 298.6 293.8 283 280.3 279.6 282.2 284.3 283.9 279.7 284 291.2 294.1 293.3 262.8 244.1 228.1 214.6 198.3 187.1 179 174.1 173 173.4 169.2 174.2 164.2 153 156.9 117.5 85.9 32.6 2.1 -1.9 -1.9 -1.9 -1.9 -1.9 -1.9 -1.9 -1.9 -1.9 -1.9 -1.9 -1.9 -1.9 -1.9 -1.9 -1.9 -1.9 -1.9 -1.9 -1.9 -1.9 -1.9 -1.9 -1.9 -1.9 -1.9 -1.9 -1.9 -1.9 -1.9 -1.9 -1.9 -1.9 -1.9 -1.9 -1.9 -1.9 -1.9 -1.9 -1.9 -1.9
320.4 327.2 323.4 329.2 326.9 329.2 332.1 324.4 317.1 311 303.3 311.4 306.4 294.5 291.7 293.5 294 292.2 288.2 289.7 291.2 292 291.3 260.7 240.5 223.5 220.7 205.7 191 181.9 177.6 174.7 171.5 172.9 180.1 177.4 173.5 153.4 99.8 62.4 28.8 3.5 -1.9 -1.9 -1.9 -1.9 -1.9 -1.9 -1.9 -1.9 -1.9 -1.9 -1.9 -1.9 -1.9 -1.9 -1.9 -1.9 -1.9 -1.9 -1.9 -1.9 -1.9 -1.9 -1.9 -1.9 -1.9 -1.9 -1.9 -1.9 -1.9 -1.9 -1.9 -1.9 -1.9 -1.9 -1.9 -1.9 -1.9 -1.9 -1.9 -1.9 -1.9
323.5 324.9 322.2 326.6 333.3 341.8 341 337.1 329.2 319.9 316 325.3 319.7 306.1 307.3 307 303.1 298.7 292.9 291.6 291.5 292.1 293.6 271.8 235.3 219 220 204.4 192.3 183 177.8 175.7 176.5 177.6 180.8 183.7 177 157.1 110.9 65.2 31.2 4.2 -1.9 -1.9 -1.9 -1.9 -1.9 -1.9 -1.9 -1.9 -1.9 -1.9 -1.9 -1.9 -1.9 -1.9 -1.9 -1.9 -1.9 -1.9 -1.9 -1.9 -1.9 -1.9 -1.9 -1.9 -1.9 -1.9 -1.9 -1.9 -1.9 -1.9 -1.9 -1.9 -1.9 -1.9 -1.9 -1.9 -1.9 -1.9 -1.9 -1.9 -1.9
331.5 332.1 336.5 345.7 351.8 347.1 345.1 348.9 338.4 328.4 329.8 327.6 321 320.3 321.9 316.9 310.2 304.8 297.9 292.3 291.4 291.2 293.9 280.6 243.3 219.8 215.4 199.4 194 183.7 179 178.5 178.8 179.6 181.2 184.6 182 170.4 130.6 84.8 38.5 3.4 -1.9 -1.9 -1.9 -1.9 -1.9 -1.9 -1.9 -1.9 -1.9 -1.9 -1.9 -1.9 -1.9 -1.9 -1.9 -1.9 -1.9 -1.9 -1.9 -1.9 -1.9 -1.9 -1.9 -1.9 -1.9 -1.9 -1.9 -1.9 -1.9 -1.9 -1.9 -1.9 -1.9 -1.9 -1.9 -1.9 -1.9 -1.9 -1.9 -1.9 -1.9
343.6 349.5 355.2 366.9 367 362.1 360.2 369.5 351 340.3 338.8 336 333.1 330.2 331.7 328.2 318.8 310.6 303.3 293.8 290.5 290.4 293 274.4 253.6 224.7 210.1 198.8 190.1 181.7 178.1 178.6 179.4 180.2 181.1 184.6 184.1 176.7 148.3 100.3 36.5 1.4 -1.9 -1.9 -1.9 -1.9 -1.9 -1.9 -1.9 -1.9 -1.9 -1.9 -1.9 -1.9 -1.9 -1.9 -1.9 -1.9 -1.9 -1.9 -1.9 -1.9 -1.9 -1.9 -1.9 -1.9 -1.9 -1.9 -1.9 -1.9 -1.9 -1.9 -1.9 -1.9 -1.9 -1.9 -1.9 -1.9 -1.9 -1.9 -1.9 -1.9 -1.9
367.8 377.8 380.3 380.6 381 377.1 371.3 380.2 359.7 352.1 344 340.5 339.3 341.3 336.9 330.3 328.7 317.8 305.1 294.8 290.4 288.8 291 278.1 258.7 232.5 211.5 195.9 188.4 180.5 178.5 178.8 179.9 181.3 182.3 183.3 182.2 171.9 158.9 109.4 27.5 -1.9 -1.9 -1.9 -1.9 -1.9 -1.9 -1.9 -1.9 -1.9 -1.9 -1.9 -1.9 -1.9 -1.9 -1.9 -1.9 -1.9 -1.9 -1.9 -1.9 -1.9 -1.9 -1.9 -1.9 -1.9 -1.9 -1.9 -1.9 -1.9 -1.9 -1.9 -1.9 -1.9 -1.9 -1.9 -1.9 -1.9 -1.9 -1.9 -1.9 -1.9 -1.9
388.8 408 403.1 402.4 397.8 404.5 391.8 380 369.1 370.9 362.1 353 346.5 346.2 341.4 334.5 328.1 316.9 302 291.3 286.6 279.5 278.7 267.7 248.3 226.9 209.2 196.2 188.5 181.6 179 179.4 183.3 184.9 184.8 182.8 181 170.6 160.9 99.6 32.8 -1.9 -1.9 -1.9 -1.9 -1.9 -1.9 -1.9 -1.9 -1.9 -1.9 -1.9 -1.9 -1.9 -1.9 -1.9 -1.9 -1.9 -1.9 -1.9 -1.9 -1.9 -1.9 -1.9 -1.9 -1.9 -1.9 -1.9 -1.9 -1.9 -1.9 -1.9 -1.9 -1.9 -1.9 -1.9 -1.9 -1.9 -1.9 -1.9 -1.9 -1.9 -1.9
411 421 427.9 428.8 420.8 410.3 399.9 388.9 387 390.4 377.8 357.6 355.1 357 348.9 334.7 323.8 307.3 295.8 289.6 277.8 268.9 265.2 257.5 240.7 222.2 209.2 197.8 190 185.2 181.7 184.8 189.3 188.3 184.1 179.5 179.6 172.7 128 87.3 28.3 -1.9 -1.9 -1.9 -1.9 -1.9 -1.9 -1.9 -1.9 -1.9 -1.9 -1.9 -1.9 -1.9 -1.9 -1.9 -1.9 -1.9 -1.9 -1.9 -1.9 -1.9 -1.9 -1.9 -1.9 -1.9 -1.9 -1.9 -1.9 -1.9 -1.9 -1.9 -1.9 -1.9 -1.9 -1.9 -1.9 -1.9 -1.9 -1.9 -1.9 -1.9 -1.9
439.5 445.5 460.5 460.6 444 422.2 404.9 399.3 406 405.2 389.1 362.5 361 365.3 347.3 334.8 326.2 305.3 295.8 281.6 271.1 265 258.1 249.4 237.3 220.1 207.7 200 193.1 188.8 187.6 189.7 190.7 189 181.3 177.1 173.7 157 117.3 61.2 15.3 -1.9 -1.9 -1.9 -1.9 -1.9 -1.9 -1.9 -1.9 -1.9 -1.9 -1.9 -1.9 -1.9 -1.9 -1.9 -1.9 -1.9 -1.9 -1.9 -1.9 -1.9 -1.9 -1.9 -1.9 -1.9 -1.9 -1.9 -1.9 -1.9 -1.9 -1.9 -1.9 -1.9 -1.9 -1.9 -1.9 -1.9 -1.9 -1.9 -1.9 -1.9 -1.9
466.3 474.3 487.9 485.5 463.6 433.2 422.8 418.8 417.7 401.4 388.3 370.4 360.3 357.3 347.7 338.6 325.3 307.5 299.1 281.9 268.3 262.3 256.9 249 237.1 219.9 208.1 199.9 194.5 190.1 188.9 190.2 190.7 189 179.2 173 168 158.6 115.4 55.9 8.4 -1.9 -1.9 -1.9 -1.9 -1.9 -1.9 -1.9 -1.9 -1.9 -1.9 -1.9 -1.9 -1.9 -1.9 -1.9 -1.9 -1.9 -1.9 -1.9 -1.9 -1.9 -1.9 -1.9 -1.9 -1.9 -1.9 -1.9 -1.9 -1.9 -1.9 -1.9 -1.9 -1.9 -1.9 -1.9 -1.9 -1.9 -1.9 -1.9 -1.9 -1.9 -1.9
481 495.5 490.3 485.1 463.8 446.5 435.5 425.4 392.5 373.3 370.1 366.3 356.7 350.2 343.1 337.2 325.2 310.6 299.3 280.7 269.8 262.8 255.4 246.3 232.1 218.5 206 199 194.7 190.4 189.9 190.7 190.3 187.9 178.8 170.1 166 161.6 96.2 57.5 5.2 -1.9 -1.9 -1.9 -1.9 -1.9 -1.9 -1.9 -1.9 -1.9 -1.9 -1.9 -1.9 -1.9 -1.9 -1.9 -1.9 -1.9 -1.9 -1.9 -1.9 -1.9 -1.9 -1.9 -1.9 -1.9 -1.9 -1.9 -1.9 -1.9 -1.9 -1.9 -1.9 -1.9 -1.9 -1.9 -1.9 -1.9 -1.9 -1.9 -1.9 -1.9 -1.9
492.3 500.1 477.2 460.4 458.7 454 421.4 385 365.6 353.8 349.8 349.5 343.1 334.2 327.3 328.1 325.3 311.3 299.5 282.9 274.8 262.7 253.5 242.6 228.1 214.1 203.8 197.4 193.4 189.4 189.3 189.5 190.3 184.6 176.2 167.9 169 168.1 108.8 40.1 2.7 -1.9 -1.9 -1.9 -1.9 -1.9 -1.9 -1.9 -1.9 -1.9 -1.9 -1.9 -1.9 -1.9 -1.9 -1.9 -1.9 -1.9 -1.9 -1.9 -1.9 -1.9 -1.9 -1.9 -1.9 -1.9 -1.9 -1.9 -1.9 -1.9 -1.9 -1.9 -1.9 -1.9 -1.9 -1.9 -1.9 -1.9 -1.9 -1.9 -1.9 -1.9 -1.9
