app/static/ascii/NG60.asc
ncols 200
nrows 200
xllcorner 160000
yllcorner 800000
cellsize 50
[rows 74 to 110 of 200, columns 0 to 81 of 200]
151.2 149.7 142.2 140.6 156.5 151.2 147.5 146.3 141.8 141.4 141.9 145.9 148.9 149 144.9 140.8 140.2 136.4 145.4 149.3 141.9 137.2 135.4 138.9 140 146.5 150.7 150.3 152.4 147.5 144.9 138.9 128.8 117.5 111 100.8 83.7 77 72.6 68.1 59.4 69.9 73.9 75.7 73 69.2 64.3 61.1 57.5 58.8 56.7 60.1 66.6 65.5 69.2 68.9 67.5 66.2 63.9 62.3 61.8 61.2 60.7 59.8 58.4 57.5 56.6 53.3 52.4 53.8 52.5 53.2 58.2 57 61 63.4 62.4 66.5 67.8 72.1 74.7 75.6
144.1 138.1 140.8 124.3 133.3 147.5 140.9 137.3 131.9 131.5 137.9 145.1 152.1 157.4 150.7 141.2 140.9 134.8 128.4 135.9 141.5 138.9 132.6 129.3 131 132.5 137 146.9 151.1 151 146.4 139.9 128.7 117.3 108.1 99.4 82.8 71 68.1 63.3 54.5 58.2 63.6 68.8 70.7 67.2 60.3 55.1 55.5 58.1 55.6 58.3 61.6 61.8 63.8 64.2 63.4 62.7 61.2 60.4 60.6 59.6 59 57.7 56.5 54.6 55.1 58 49.9 50.1 49.4 50.1 52.2 50.2 52.3 52.3 53.2 59.2 64.4 67.2 69.8 70.7
133.5 131.2 135.3 128.4 107.8 140.6 141.6 138.1 124.9 119.3 124.9 132.3 142.8 149.3 149.4 139.2 137.9 131 116.4 124 136.1 134.9 130.2 124.1 123.5 127.4 133 141.4 146.7 146.2 143.6 137.3 125.6 115.5 106.8 98.3 86.2 73.1 63.4 57.6 53.1 52.7 56.8 61.1 65.2 62.1 54.3 53.2 54.2 58.6 56.4 56.2 57.5 61.1 60.9 61.4 61 60.2 59.9 60.6 60.6 59 57.3 56.2 55.4 56.3 56.7 58.9 53.3 49.6 48.3 48.1 51 52.9 47.8 47.3 49.6 55.8 61.7 63.6 64.9 66.5
129.1 127.3 121.9 115.8 104.2 119.5 137.3 134.6 122.7 114.3 115.3 122.9 133.8 141.2 144.1 136 128.1 127.4 111.7 113.7 123.3 131.5 129 123.5 120.7 123.3 127.7 133.5 137.7 138 137.2 134 122.6 113.5 102.1 92.7 83.6 74.7 62.7 54.6 51.3 49.9 50.9 54 53.8 52.7 51 53.7 61.6 60.1 57.3 57.1 59.3 63.2 64.4 61.5 60.4 60 59.7 59.3 59.4 58.5 56.9 57.5 58.1 59.3 60.6 57.1 53.3 52 49.7 47.5 47.2 50.3 47 45.5 48.3 54.2 58.6 59.8 60.5 62.7
119.7 120.4 117.8 109.9 104.2 95.2 124.7 131.3 121.7 109.2 109.8 118 128.3 132.9 140.3 133.3 121.6 116.5 107.4 98.7 102.2 118.5 120.9 115.4 115.5 120.6 122.9 123.5 126.2 128.2 127.3 126.6 119.6 111.3 100.2 88.7 78.7 69.5 58.7 52.5 48.5 46.7 46.3 47.3 48.6 49.8 52.4 62.9 69.2 68.3 65.2 62.3 62.7 69.6 69.8 66.6 63.9 60.1 59.5 59.3 59.1 58 58.5 61.6 63 64.3 62.7 58.5 57 54.3 52.9 51.1 48 47.9 46.1 43.4 46.3 50.7 55.2 55.8 56.8 57.2
107.4 114.3 116 104.9 94.3 83.1 103.3 120.1 119.7 104.2 96.5 107.5 120.5 121.2 127.5 129.8 116 101.9 101.6 90.1 85.9 95.6 108.4 104.6 105.9 108.7 113.6 116.9 115.9 113.6 108.1 106 104.1 101.8 96.3 87.2 75.1 64.9 57.2 52 47.3 43.8 42 42.6 43.7 47.5 55 63.8 69.7 70.3 70.2 68.2 67.9 72.2 73 69.5 65.8 62.4 59.7 59.9 60.3 59 61.4 64.4 67.3 68.6 66.8 63.3 60.9 58.7 59.6 54.4 51.4 46.5 46 45.2 43.5 43.7 49 50.7 53 51.9
95.9 101 101.7 97.9 89.6 83.6 75.5 99.2 112.5 98.8 81.9 88.3 110.1 107.5 106.1 118.8 112.9 93.8 89 82.6 74.5 80.4 92.3 94.1 96.1 101.8 104.4 107.7 109.1 101.5 95.1 93.3 87.8 88.1 84.5 75.9 68.3 60.8 56.3 50.2 45.9 41.6 39.6 39.5 42.9 50.6 58.2 66.7 71.9 75.3 75.4 73 69.8 75 76.6 71.1 64.1 61.1 60.4 60.6 61 62.3 65.9 69.4 72.8 73.8 72.2 69.4 64.7 59.9 57.1 55.1 52.3 49.1 46.9 49 46.2 42.8 41.3 40.4 43.4 45
80.6 83.7 87.4 81.4 76.4 76.4 62.9 70.2 82 79.9 71 70.7 86.6 95.1 87.4 91.4 90.1 81.3 73.3 68.5 65.1 71.8 78.3 84.3 90.6 96.3 97.6 99.2 94.7 88 82.1 79.8 74.3 72.9 68.5 61.4 56.6 51.8 48.1 45.5 42.3 40.7 39.2 38.1 49 54.7 60 69.1 77.1 80.4 80.4 78.8 73.4 76.4 80.8 75.6 68 65.9 62.6 61 63 66 69.4 73.2 76.9 79.7 78.1 73.4 68.7 63.7 58.8 58.8 54.2 51.3 50.1 49.1 48.8 49.7 51.1 50.6 42.7 39.2
70.4 71.1 75.7 71.6 68.7 68 58.2 48.5 55.8 59.8 57.1 58.8 63.1 67.2 71 67.3 63.6 64.6 59.2 62.2 58.6 63.1 68.9 80.3 83.7 88.6 89.5 88.4 84 81.9 72.3 65.6 61.4 59.9 57.5 50.7 44.1 43.1 41.7 40 39.7 40.8 40 42.2 54.2 60.1 63.6 72.4 80.4 82.2 83.6 84.8 80 77.8 80.3 79.3 72.7 67.9 64.5 63.4 66.8 69.8 72.9 76.3 79.5 81 81.2 77.4 72.7 67.7 63.7 61.4 55.9 55.2 55.2 53.7 51 51.5 49.4 46.9 40 37.2
55.3 53.9 57 56.7 52.8 52.3 50.1 40.6 45.2 47.2 46.7 43.1 45.3 49.4 53.3 52.6 50.5 52.1 48.5 50.3 52.1 53.9 58.9 65.8 71.7 74.9 74.8 75.7 70.7 68.6 60 52.9 51.2 48.5 45.2 41.1 37.5 36.5 36.9 37 38.1 38.7 36.3 46 58 68.2 69.4 73.6 81.4 86 87.3 88.7 89.1 84.9 83.2 80.4 76.1 71 66.3 66.7 69.5 73 77.5 81.6 84.6 86.2 83.5 80.4 76.7 70.9 65.1 68.5 71.4 76.7 68.6 57.1 53.6 50.2 48.7 44.9 40.9 38
40.5 42 39.9 47.3 43.7 35.6 33.8 34.9 38.1 40.2 39.4 36.3 35.9 36.8 41.9 40.1 36.7 39.6 40.9 39.3 42.1 44.4 48.4 51.3 55.5 61.1 65 61.9 56.7 52.8 48.9 44 41.1 38.4 35.9 32.9 32.2 32.7 33.5 37.2 35.3 39.5 47.3 54.5 61.3 71.9 71.2 78.5 88.3 89.9 94.2 96.3 96 92 87.2 83.3 80.7 75.9 69.5 71.7 76.4 79.8 84 87.3 88.6 90.1 88.4 83.6 91.6 81.6 72.2 71.7 84.5 80.5 70.3 60.3 54.9 52.4 49.8 47.2 45.5 41.1
21.9 25.9 25.2 30.3 31.3 28.3 24.4 26.4 28.7 31.1 33.9 31.7 31.3 30.6 30.6 32.3 30.9 30 31.6 31.8 33.2 35.7 37.6 38.8 41.6 46.3 52.7 51.2 48 43.2 38.7 33 30.9 29 28 34.4 35.9 34.9 35.5 43.3 45.1 46.4 54 59.5 65.7 75.8 84.7 91.4 102.1 106 109.3 103.3 102.2 97.7 91.5 86.2 83.6 78.8 72.6 71.5 77.3 79.1 79.3 81.1 83.6 86 85 88.2 91.2 90.1 84.2 84.9 90.1 89.1 74.5 64.8 58.2 54.1 50.9 49 50.1 45.3
18 18.6 20.8 22.9 25.6 21.4 19.8 21.3 22.7 23.4 25.8 27.3 26.6 23.7 22.1 23.2 24.3 23.3 23.7 25.3 26.5 28.3 30.3 31 31.9 35.2 40.3 40.8 38.3 35.5 31.5 28.3 26.9 28.9 31.9 39 46.3 47.2 45.3 49.2 59.7 59.2 60.9 67.4 74 86.5 96.9 98.6 107.4 111.7 115.5 117.6 112.8 102.9 96.4 89.7 84.2 79.5 75.2 72.6 74.2 74.6 75.9 78.8 83.8 82.8 85.5 92.5 97.1 99.4 90.5 92.9 91 86.7 80.5 72.2 61.5 55.8 52 50 50.5 45.7
11.4 12.9 12.7 12.3 15 15.1 15.6 16.3 17 17.8 18.5 19.8 19.8 17.6 15.7 16.4 18.2 18.8 18.4 20 20 21.8 24.4 24.5 24.7 27.7 30.8 31.3 28.2 26.6 25.4 25.4 32.5 36.9 38.4 41.4 49.5 55.8 57.2 57 59.2 65.2 67.9 72.2 80.5 93 105.5 107.3 114.3 121.3 123.5 125.6 120.6 110.6 101.6 94 88.2 82.9 75.6 74.2 74 74.6 75.8 78.8 83.8 82.3 83.9 91.7 98.4 102 98.2 91 85.5 79.5 74.6 66.6 59.1 56.9 55.5 52.6 49.2 45.8
6.5 6.3 9.3 8.8 9.3 11.3 13.1 13 13.3 13.2 13.5 14.7 15.3 13.9 12.8 12.6 13.1 14.5 15.4 16.6 16.3 17.9 20.9 21.5 22.7 24.8 24.1 24 23.1 23.2 23.3 25.8 32.5 42.6 48.2 48 54.6 61.6 68.6 74.6 73.1 74.7 71.6 79 87.5 100.3 112.9 120.1 125.8 130.6 132.1 134.6 128.1 119.9 104.6 95.5 91.7 86.5 78.9 80 81.3 80.7 78.4 76.8 79.5 83.1 92.1 95 97.9 97.4 95.9 87.1 81.8 76.5 73.1 68 62 61.1 59.3 55.3 50.4 47.9
5.3 5.3 6.9 7.5 8.5 9 10.8 11.1 10.2 9.5 9.5 10.4 11 11.1 10.7 10.7 11 11.8 11.7 12.6 12.5 14.8 17.6 19 21.6 21.2 22.4 22.8 22.9 24.4 26.6 27.4 32.2 41.1 50.6 55.2 59.8 69.3 77.4 83.9 92.6 88.3 83.6 89.2 96.3 105.7 117.5 130 130.8 133.1 139.3 149.3 146.2 133.4 115.9 99.1 91.7 83.3 83.4 85.9 87.8 87.1 85.3 81.2 78.9 92 98.3 100.4 97.7 96 93.4 89.5 83.8 85 76.5 69.1 64.7 62.4 60.3 57.2 52.4 50.4
5.3 5.3 5.3 6.2 7.4 7.1 8.8 8.7 8.9 8.4 8.4 8.8 9 9 9 9 9 10.1 9.6 9.6 10.7 13.1 16.4 18.9 22 23 24.1 25.1 26.1 27.5 29.2 30.9 32.2 44.1 54.2 61.1 65.2 73.4 83.2 89.1 99.1 107.3 100 100.4 98.6 109.5 122.4 130.1 132.8 137.7 144.3 147.8 148.7 136.6 123.8 107.9 99 91.1 89.9 96.2 94.5 94.1 90.9 89.3 83.4 92.8 97.7 96.9 98 98.3 98.2 98 87 82 75.1 71.9 68.4 65.6 63.2 61.3 57.6 54.2
5.3 5.3 5.3 5.3 5.5 6 6.2 7.1 7.9 8.2 8.4 8.8 8.9 9 9 9 9 9.7 9.7 9.7 10.8 13 16.6 19.5 22.9 25.3 27 34.5 37.4 36.5 38.8 37.1 40.5 43.2 53.9 60.6 69.6 78.6 86.4 92.6 99.1 110.5 118.7 111.9 113 118.6 128.3 130.7 133.8 144.9 152.3 147.4 145.5 140 127 114.6 105.2 100.1 99.8 104 103.9 100.4 101.9 98.9 94.5 89.2 94.8 97.1 98 99.2 100 99.3 89.3 84.3 81.2 76.4 72.8 69.3 66.9 65.4 63.2 59.7
5.3 5.3 5.3 5.3 7.4 5.9 5.9 6.4 7.9 8.1 8.5 8.8 8.9 9 8.9 9 9.2 10.3 11.7 11.8 14.5 16.5 18.3 21.2 25.1 29.4 35.5 49.1 50.4 45.5 48.2 49.9 55.3 51.8 53.9 62.3 72.6 78.1 89 95 103.5 115.6 124.1 127.4 128.4 124.5 130.1 133.8 142.9 149 154.3 153.4 145.6 137.9 128.9 118.6 114.3 106.1 108.1 110.4 112.7 111.2 109.2 107 104.8 100.4 97.7 99.9 101.1 103.6 103.5 104.1 98.6 94.2 87.3 82.3 78.4 74.7 70.3 69.5 68 65.2
5.3 5.3 5.3 5.5 6.9 6.3 6.4 7.6 7.8 7.9 8.3 9 9.5 10 10.5 10.8 12.8 13 13.1 14.9 18.2 19 23.5 25.3 30 37.2 45.2 58.8 63.7 58.6 63.2 66.3 68.2 70.2 63.4 70 78.5 82.7 90.9 97.9 108.6 120.5 127.7 132.7 133.9 133.8 131.3 142.5 154.6 156.9 155 157.7 150.1 141.5 133.2 132.4 129.8 119.6 117 117.3 119 118.8 112.6 109 107.2 105.4 102 103.8 106.3 109.8 110.4 112 108.4 102.8 93.4 89.4 84.7 77.8 71 71.4 71.1 70.6
5.5 6.2 6.5 8 8.1 8.3 9.8 9 8.5 7.7 9.9 11.6 12.2 12.9 13.6 14.9 17.1 17.4 17.3 22 27.8 33.2 36.2 35.4 38.9 49.4 56.1 64.1 69.4 71 76.8 82.1 80.7 89.9 78.8 81.2 87.3 90.2 93.3 101.7 106.9 121.1 131.3 136.9 139.6 139.5 134.8 146.2 159.4 162.2 157.6 159.5 155.2 148.1 142.4 133 130.1 127.7 125.1 123.3 120.6 115.1 115.3 112.3 110.5 108.6 110 113 111.1 113.9 117.4 117.4 116 110.5 101.2 94.7 87.8 81 74.2 72 72.5 70.9
11.6 11.3 12 12.1 11.3 16.3 16.6 16.1 16.2 15.6 14.3 14.8 15.9 16.8 18.5 19.8 24.5 26.5 25.7 28.3 35.9 42.3 47.5 49.2 50.9 63 69.1 73.8 79.7 85.3 88 96.4 94.3 96.3 94.3 94.4 98.4 100.6 102.6 106.6 111.3 119.9 128.9 139.5 140.7 141.3 137.8 147.8 161.3 164.7 161.5 160.6 159.2 154.8 150 141.6 135.4 135.2 133.7 130.6 125.8 122.7 120 116.6 114.7 114 118.2 126.4 124.2 121.2 120.1 124.5 125.8 118.2 104.8 93.2 89.2 84.2 77.3 72.3 72.1 70.4
18.6 18.4 20 21.8 23.4 26.6 26.6 28.3 29.9 26.3 23.7 20.7 22.8 20.2 26.7 31.9 32 33.5 35.1 37.7 45.2 53.6 61.5 69.6 67.2 73 82.2 85.5 94.7 99.7 98.1 103.9 103.8 106.8 108.1 105.9 106.9 108.8 110.9 110.8 117.4 126.5 128.9 138.4 141.8 140.2 138.7 147.5 158.7 167.8 166.4 162.7 161.5 160.4 155.3 147.8 145.6 144.8 138.8 134.1 129.3 126.3 123.6 120.9 120.4 119.9 124.2 125.8 127.7 127.7 126.6 124.7 118 115.2 106.7 94.9 84.2 80.7 76.3 72.5 71 69.6
30.1 28.3 30.9 35.3 39.3 30.1 35.5 42.1 47.1 41.2 34.1 29.7 31.5 31.5 35.7 41.1 42.2 44.2 50 50.2 56.9 67 69.3 75.6 79.9 82.6 91.9 101 104.4 104 106.3 111 113.3 117.1 113.8 114.3 119.6 116.8 118.4 122 122.7 130.1 131.3 137.5 140.1 138.9 137.5 150.9 156.5 164.4 167 165.3 164.3 163.8 162.8 156.1 154.1 149.4 142.9 137.4 132.6 130 130 125.5 122.3 122.8 124.4 125.9 127.6 125.5 124.2 121.7 109.6 98.5 93.9 88.4 81 76 73.1 71.7 70.2 68.8
38.3 40.2 45.5 50.4 47.5 39.4 44.7 47.2 56.3 51.9 49.2 40.7 41.5 41.9 44.1 48.3 51.6 60.3 66.6 68.8 69.6 80.2 83.4 86.6 91.4 95.5 100.1 108.6 112.9 117.9 115 115.9 119.8 121.4 119.6 120.8 127.2 127.8 127.4 129.4 129 130.2 139.4 133.1 136.7 137.2 146.8 160.5 156.6 163.5 169.4 168.2 167.4 169.8 168.9 163.6 159.2 152.9 147.2 140.9 137 133.5 130.9 129.5 125.7 121.7 126.8 128.1 126.9 121.4 120.3 115.4 104.9 93.1 84.8 80.7 77 74.2 71.5 69.9 68.3 67.1
57.7 62.3 64.1 59.1 56.3 52.1 54.9 56.3 67.8 63.6 60.4 53.4 51.5 50.7 51.6 66.8 74.6 82.9 100.8 105.7 87 92.8 100.5 102.2 106.9 109.4 113 118.9 117.7 120.7 121.6 119.7 122.6 124.3 125.9 128.1 128.7 135.4 133.5 133.5 135.2 136.3 139.2 137.4 135.1 137.6 144.8 152.1 157.3 160.6 170.2 174 172.7 173.4 176.8 170.2 160.3 154.2 148.8 147.7 141.6 134.4 130.5 127.2 122.3 121.1 121.4 123.9 119.3 115 114 108.1 98.6 88.1 79.2 75.5 74.1 71.6 69.7 67.4 65.2 63.2
82.5 82.2 86.2 79.9 69.3 70.3 68.1 68.7 78.5 81.4 73.7 68.3 62.9 60.6 62.1 74.4 87.8 102.7 112.9 130.1 118 108.2 117.5 117.2 117.9 118.6 119.3 119.3 120.3 126.4 130.3 129.3 129.9 132.6 133.6 136.2 141 138.3 139.4 139.4 140.9 140.9 139.5 136.8 137.1 141.2 148.3 156 160.4 165.1 170.6 176.6 176.5 180.8 182.8 174.4 159.4 152.2 146.7 142.9 137.6 133.2 128.3 125.3 120.2 117 116.6 117.1 118.1 109.5 106.5 100.4 92.8 84.8 75 71.1 70.3 68.4 64.2 60 59.2 59
104.8 108.9 110 105.2 93.9 90 81.4 80.8 88.1 101 87 81.5 75.8 71 74.9 80.5 95.3 118.8 117.2 136.4 139.3 124.3 119.7 135.9 129.6 125.7 123.9 123.1 123.8 132.7 134.2 137 136.8 139.7 140.1 141.8 143.1 143.3 143.8 144.5 141.8 140.3 140.5 136.2 141.1 145.8 150.3 156 164.4 166.3 171 175.1 178.2 177.6 181.6 170.6 156.7 150.6 144.7 139.8 135.8 131.5 126.7 123.5 118.4 117.4 116.2 110.5 109.7 105.2 100 95.5 86.4 77 70.1 66.8 61.6 59.4 56.6 52.4 52.4 52.8
125.5 126 121.1 121.3 113.8 101.6 100.2 94.9 98.4 103.2 97.2 91.5 88.2 80.3 84 93.3 96.5 123.4 127.1 138.3 149.1 142.8 133.4 138.5 137.7 137.5 132.1 130.2 129.8 136.8 144.9 146.6 148.9 148.7 149.9 150.8 149.8 148.8 148.6 148.2 146.2 144.7 139.8 138.3 144.3 151.5 155.7 156.8 160.1 165.7 170.9 172.2 170.7 167.1 168.6 161.5 154 148.7 143.7 139 134.1 130 126.3 122.7 119.1 119.3 113.4 107.8 102.5 97.6 97.9 92.4 82.1 72.1 62.2 56.8 51.3 49.5 48.9 45.4 46.2 47.4
140.8 139.8 137.2 134.1 127.1 116.7 120.3 108.3 105.8 108.9 105.9 104.6 103.3 93.3 95.4 110.5 109.8 121.4 143.9 139.1 151.1 150.9 143.5 137.1 142.5 145.7 140.5 139.1 137.1 139.8 147.9 149.1 150.1 152.8 154.7 155.3 154.3 155 155.3 149.6 146.8 142.7 139.8 142.8 148.9 155.1 160 160.6 163.5 168 169.6 168.9 166.8 162.8 160.3 159.3 152.4 146.5 143.1 138 132 128.3 129.5 126 118.7 119.7 114.5 107.4 101.8 100.9 98.6 89 79.2 65.1 56.4 47 41.8 41.1 39.3 38.7 40 41.3
152.8 159.3 157.9 143.3 142.1 133.1 131.4 124 115.8 121 119.9 116.9 118.6 115.8 111.9 121.4 130.3 130.8 157.1 154.4 149.2 151.4 147.8 142.7 151.3 155.5 156.3 150.4 147.5 146.4 149.2 153.1 156.9 155.2 157.4 158.8 157.6 156.6 154.7 149.3 144.4 142 145.1 151.2 154.5 157.3 159.7 165.6 171.4 174.3 172.2 167.1 163.8 160.2 155.9 153.2 150 144 139.5 135.1 129.8 127 128.4 128.7 120.9 119.3 115.6 108.2 104.3 102.1 98.7 91 73.6 58.8 46.4 39.2 35.9 35.8 33.8 31.6 33 35.2
158.6 164.2 173.9 166.6 156.6 147.5 140.4 143.5 129.4 133.5 138.6 137 140.9 135.5 128.7 130.8 151.8 137.5 159.6 161.3 156.8 158.7 160.7 158.9 162 168.3 171.9 162.6 158.8 154.7 152.8 157.5 161.9 158.1 157.2 158.3 157.8 155.2 151.7 147.8 143.3 146.2 151.4 158.1 160.8 158.5 165.6 168.8 171.6 175.2 170.6 165.6 161.3 157.1 152.1 149.9 147.3 143.7 137.4 134.7 130.3 126.8 126.9 124.5 117.2 114.1 114.9 110 106.1 103.2 101.6 94.7 76.4 58.1 44.8 34.1 32.2 30.5 28.9 30.1 28.4 29.8
180.1 180.3 191.9 189.6 175 169.5 156.5 166.2 150.5 149.7 151.6 153.4 151.7 152.3 144.9 143.4 161.4 155.1 163.6 173.3 170.7 168.6 167.9 169 163.4 183.5 175.2 167.9 162.8 159.1 154.9 157.8 165.5 159.9 157.1 156.4 157.3 152 147.3 145.9 148.6 151.8 157.5 158 160.3 161.6 165.7 168.1 170.3 171.7 169.9 167.6 162.8 154.7 149.4 148.8 150.2 146.4 139.5 133.9 129.4 127.9 121.4 120.4 117.4 111.9 111.3 111.8 107.2 103.3 101.9 93.1 77.3 60.6 45.4 33.1 30.4 27.3 24.9 26.8 25.4 24.6
199.7 195.9 194.4 203 193.7 182.8 170 177.1 166.5 160.6 165.7 164.9 162.7 162.1 158.8 148.7 166.8 171.5 169.9 187.5 186.1 176.6 172.8 172.1 167.1 174.9 174.9 169 163.7 159.6 155.7 157 158.3 157.9 156.2 153.4 150.5 150.8 157.8 159.3 157.8 160 164.2 165.9 163.7 162.8 164.5 167.4 169.9 171.3 170.6 170.8 167 157.1 149.1 145.8 145.6 147.3 141.2 136.1 127.7 124.3 119.5 114.8 113.7 111.8 107 105.6 104.3 100.6 98.4 87.6 74 57.7 47.8 36 29.4 24.3 21.9 24.5 22.1 18.4
203 204.7 202.6 209.3 205.3 194.6 185.8 187.2 179.7 171.9 175.6 175 178.2 176.1 173 166.1 166.8 181.4 178.3 189.4 191.5 180.8 177.9 174.4 170.5 171.6 172 168.2 164 159.5 157.3 156.3 156.4 156.2 154.4 151 153.7 157.6 162.5 164.4 167.1 169.6 167.7 168.3 168.1 168.7 169.3 170.8 173.9 172.3 170.1 169.1 166.4 161.3 152 146.1 141.5 139.8 137.7 131.4 126 123.6 125.9 119.9 114.1 110.3 105.5 102.3 97.5 89.9 90 82.9 70.6 60.1 50.3 39.4 32.3 22.6 18.8 20.9 19.1 7.4
206.3 204.9 205.6 202.9 209.7 204.2 197.4 193 189.9 182.5 180.9 185.3 194.7 196.9 187.6 180.5 169.9 184.3 180.2 187.2 187.3 183.1 186.5 188.5 179.9 172.8 174.5 171.2 165.1 161.1 158.9 157.9 156.6 154.2 153.6 156 168.9 169.2 170.9 176.9 178.8 178.5 175.1 174.1 176.1 176.3 174.4 171.5 178.5 180.1 170.8 170.3 162.5 159.6 147.3 143.7 140 138 133.2 129.8 132.2 130.4 131 124.2 115.6 110.7 104.8 103.3 101.5 95.6 87 78.5 72 62.6 52.8 42.7 34 23.8 14.3 17.1 12.8 2.4
206.4 205 205.7 206.9 210.1 210.3 210.9 203.6 198.6 192.1 195.7 204.6 208.4 204.5 200.4 195.9 180.1 181.6 183.2 187.3 189.2 190.2 197.6 200.4 186.6 176 174 174.9 167.8 162.7 159 158.7 157.2 152.9 155.4 164.7 173.2 178.8 184.4 189 193.1 193.2 184 178 180 183.7 180.5 174.7 174.1 180.2 172.4 163.5 157.5 153.8 148.1 144.2 142.8 144.1 138.3 133.1 138.3 131.9 131.7 123.6 114.7 107.2 108.8 108.8 98 87.1 78.9 72.3 71.3 62.8 54.1 44.6 32.6 20.5 11.1 13.2 8.9 -1.8
