app/static/ascii/NG63.asc
ncols 200
nrows 200
xllcorner 160000
yllcorner 830000
cellsize 50
[rows 148 to 184 of 200, columns 0 to 84 of 200]
37.1 37.1 39.9 33 30 29.1 24.9 22.6 23.1 23.6 19.8 18.8 17.1 13.9 11.6 10.1 7.5 -2.1 -2.1 -2.1 -2.1 -2.1 -2.1 -2.1 -2.1 -2.1 -1.3 0.2 0.7 2 2.7 2.5 -2.1 -2.1 -2.1 -2.1 -2.1 -2.1 -2.1 -2.1 -2.1 -2.1 -2.1 -2.1 -2.1 -2.1 -2.1 -2.1 -2.1 -2.1 -2.1 -2.1 -2.1 -2.1 -2.1 -2.1 -2.1 -2.1 -2.1 -2.1 -2.1 -2.1 -2.1 -2.1 -2.1 -2.1 -2.1 -2.1 -2.1 -2.1 -2.1 -2.1 -2.1 -2.1 -2.1 -2.1 -2.1 -2.1 -2.1 -2.1 -2.1 -2.1 -2.1 -2.1 -2.1
39.7 39.5 41.1 37.2 32.5 34.2 30.7 26.1 24 24.7 21.2 19.9 20.7 18.4 16 12.6 9.3 6.7 -2.1 -2.1 -2.1 -2.1 -2.1 -2.1 -2.1 -2.1 -2.1 1.7 2.5 2.5 3.6 2 -2.1 -2.1 -2.1 -2.1 -2.1 -2.1 -2.1 -2.1 -2.1 -2.1 -2.1 -2.1 -2.1 -2.1 -2.1 -2.1 -2.1 -2.1 -2.1 -2.1 -2.1 -2.1 -2.1 -2.1 -2.1 -2.1 -2.1 -2.1 -2.1 -2.1 -2.1 -2.1 -2.1 -2.1 -2.1 -2.1 -2.1 -2.1 -2.1 -2.1 -2.1 -2.1 -2.1 -2.1 -2.1 -2.1 -2.1 -2.1 -2.1 -2.1 -2.1 -2.1 -2.1
44.1 43.4 42.8 42.2 40.3 38.4 36.9 33.2 30.1 29.1 23.9 21.9 23.7 22.5 21.1 19.9 18.3 11.9 6.3 2.6 1.1 -2.1 -2.1 -2.1 -2.1 -2.1 -2.1 2.8 6.7 9.2 8.2 3.2 2.6 -2.1 -2.1 -2.1 -2.1 -2.1 -2.1 -2.1 -2.1 -2.1 -2.1 -2.1 -2.1 -2.1 -2.1 -2.1 -2.1 -2.1 -2.1 -2.1 -2.1 -2.1 -2.1 -2.1 -2.1 -2.1 -2.1 -2.1 -2.1 -2.1 -2.1 -2.1 -2.1 -2.1 -2.1 -2.1 -2.1 -2.1 -2.1 -2.1 -2.1 -2.1 -2.1 -2.1 -2.1 -2.1 -2.1 -2.1 -2.1 -2.1 -2.1 -2.1 -2.1
48.2 47.6 46.2 48.5 40.6 41.4 40.8 39.9 37.6 36.3 29.1 27.4 28.5 29.3 29.9 29.5 27.6 23.8 18.5 10 10.2 6.3 3.3 1.4 2.2 1.1 2.5 8.1 10.4 11.6 12.4 10 6.1 2.8 -2.1 -2.1 -2.1 -2.1 -2.1 -2.1 -2.1 -2.1 -2.1 -2.1 -2.1 -2.1 -2.1 -2.1 -2.1 -2.1 -2.1 -2.1 -2.1 -2.1 -2.1 -2.1 -2.1 -2.1 -2.1 -2.1 -2.1 -2.1 -2.1 -2.1 -2.1 -2.1 -2.1 -2.1 -2.1 -2.1 -2.1 -2.1 -2.1 -2.1 -2.1 -2.1 -2.1 -2.1 -2.1 -2.1 -2.1 -2.1 -2.1 -2.1 -2.1
51.2 50.2 49 50.4 49.1 49.4 45.8 43.5 41.7 40.7 35.9 35.3 35.6 35 33.5 35.5 32.8 31.1 25.3 16.5 13.8 11.9 10.7 8.4 6.7 10.4 8.8 15.7 16.6 17.1 15.3 15.2 10.1 8.3 2.5 -2.1 -2.1 -2.1 -2.1 -2.1 -2.1 -2.1 -2.1 -2.1 -2.1 -2.1 -2.1 -2.1 -2.1 -2.1 -2.1 -2.1 -2.1 -2.1 -2.1 -2.1 -2.1 -2.1 -2.1 -2.1 -2.1 -2.1 -2.1 -2.1 -2.1 -2.1 -2.1 -2.1 -2.1 -2.1 -2.1 -2.1 -2.1 -2.1 -2.1 -2.1 -2.1 -2.1 -2.1 -2.1 -2.1 -2.1 -2.1 -2.1 -2.1
56 55.4 53.9 53.5 50.9 50.9 48.3 45.9 45.3 43.9 40.5 42.3 45.4 43.8 40.6 37.7 37.4 34.3 28.1 24.8 22 18.1 13.9 9.5 14.1 17.4 15.5 19.3 19.4 20.1 19.5 16.5 17.8 19.7 12.4 10.6 -2.1 -2.1 -2.1 -2.1 -2.1 -2.1 -2.1 -2.1 -2.1 -2.1 -2.1 -2.1 -2.1 -2.1 -2.1 -2.1 -2.1 -2.1 -2.1 -2.1 -2.1 -2.1 -2.1 -2.1 -2.1 -2.1 -2.1 -2.1 -2.1 -2.1 -2.1 -2.1 -2.1 -2.1 -2.1 -2.1 -2.1 -2.1 -2.1 -2.1 -2.1 -2.1 -2.1 -2.1 -2.1 -2.1 -2.1 -2.1 -2.1
60.6 59.2 59.6 58.1 56.8 53.4 49.7 50.4 48.2 49.5 48 51.1 52.4 51.9 49 47.9 48.8 44.6 41.4 37.7 28.6 19.5 16 14.9 18.7 19.9 19.9 21.5 24.3 24.4 21.3 20.3 22.1 27.8 21 18.7 9.1 13 -2.1 -2.1 -2.1 -2.1 -2.1 -2.1 -2.1 -2.1 -2.1 -2.1 -2.1 -2.1 -2.1 -2.1 -2.1 -2.1 -2.1 -2.1 -2.1 -2.1 -2.1 -2.1 -2.1 -2.1 -2.1 -2.1 -2.1 -2.1 -2.1 -2.1 -2.1 -2.1 -2.1 -2.1 -2.1 -2.1 -2.1 -2.1 -2.1 -2.1 -2.1 -2.1 -2.1 -2.1 -2.1 -2.1 -2.1
66 64.1 64 61.8 59.6 57.8 53.6 52 50.5 53.5 54.6 57.8 60.1 57.7 57.6 58.5 61.1 57.8 55.2 51.3 42.8 32.3 21.1 19.8 22.4 24 24.7 25.2 28.1 30.2 29.2 28.1 28.6 28.3 26.5 27.1 23.2 19 -2.1 -2.1 -2.1 -2.1 -2.1 -2.1 1.2 3.5 -0.8 -2.1 -2.1 -2.1 -2.1 -2.1 -2.1 -2.1 -2.1 -2.1 -2.1 -2.1 -2.1 -2.1 -2.1 -2.1 -2.1 -2.1 -2.1 -2.1 -2.1 -2.1 -2.1 -2.1 -2.1 -2.1 -2.1 -2.1 -2.1 -2.1 -2.1 -2.1 -2.1 -2.1 -2.1 -2.1 -2.1 -2.1 -2.1
70.3 69 68.6 65.2 60.1 61 58.1 56.7 57.5 58.2 60.1 60.4 59.8 61.6 64.9 67.3 67.5 63.3 64.9 61.8 57.6 51.6 41.5 32.8 29.1 27.4 27.8 28.7 32.1 38.8 37.5 38.2 37.9 40.2 34.5 30.6 29.5 27 19.2 18.3 -2.1 -2.1 -2.1 -2.1 12 13.9 13.4 -2.1 -2.1 -2.1 -2.1 -2.1 -2.1 -2.1 -2.1 -2.1 -2.1 -2.1 -2.1 -2.1 -2.1 -2.1 -2.1 -2.1 -2.1 -2.1 -2.1 -2.1 -2.1 -2.1 -2.1 -2.1 -2.1 -2.1 -2.1 -2.1 -2.1 -2.1 -2.1 -2.1 -2.1 -2.1 -2.1 -2.1 -2.1
75.9 73.2 71 67.9 65.5 62.9 61.2 60.6 60.6 61.1 64.3 65.7 65.1 67 69.9 72.1 70.4 69.2 71.8 69.5 64.9 63.4 59.2 52.5 42.4 31.5 29 29.8 36.2 42.2 46.1 47.5 46.7 47.3 44 37.3 35 31.2 31.4 28.7 23.7 -2.1 -2.1 -2.1 16.3 20.8 20.9 -2.1 -2.1 -2.1 -2.1 -2.1 -2.1 -2.1 -2.1 -2.1 -2.1 -2.1 -2.1 -2.1 -2.1 -2.1 -2.1 -2.1 -2.1 -2.1 -2.1 -2.1 -2.1 -2.1 -2.1 -2.1 -2.1 -2.1 -2.1 -2.1 -2.1 -2.1 -2.1 -2.1 -2.1 -2.1 -2.1 -2.1 -2.1
81 77.6 74.1 72.3 69.7 68.7 65.3 64.3 64.3 66.4 68.4 70.5 69.7 72 75.8 77.1 74.3 78.1 79.3 77.9 74.2 72.4 68 62.5 54.9 48.9 36.4 33 43.4 47.2 48.6 55.6 54.8 55.4 52.9 45.3 41 40.3 41.9 37.1 33.9 20.3 2.8 5.1 21.9 27.2 24.6 12.8 -2.1 -2.1 -2.1 -2.1 -2.1 -2.1 -2.1 -2.1 -2.1 -2.1 -2.1 -2.1 -2.1 -2.1 -2.1 -2.1 -2.1 -2.1 -2.1 -2.1 -2.1 -2.1 -2.1 -2.1 -2.1 -2.1 -2.1 -2.1 -2.1 -2.1 -2.1 -2.1 -2.1 -2.1 -2.1 -2.1 -2.1
85 80.8 76.8 74.3 71.6 70.8 69.2 68.2 68.6 68.8 72.7 75.1 76.6 80.3 81.1 81 83.5 85.1 87.3 85.8 80.1 76.5 73.1 68 62.5 57.7 50.3 39.1 51.7 56.3 55.8 56.7 58.8 59.3 57.7 54.1 49.5 44.6 43.6 43.5 41.6 23.3 6.4 17.6 28.2 27.9 21.8 9 -2.1 -2.1 -2.1 -2.1 -2.1 -2.1 -2.1 -2.1 -2.1 -2.1 -2.1 -2.1 -2.1 -2.1 -2.1 -2.1 -2.1 -2.1 -2.1 -2.1 -2.1 -2.1 -2.1 -2.1 -2.1 -2.1 -2.1 -2.1 -2.1 -2.1 -2.1 -2.1 -2.1 -2.1 -2.1 -2.1 -2.1
86.6 82.4 79.1 76.3 72.8 71.2 72.3 71.3 71.2 72.8 77.7 81.6 83.8 87.7 87.6 84.7 89.2 90.6 91.5 91 85.9 79.7 78.5 73.8 69 63.6 61.7 58.3 49.6 58.6 61 62 57.9 61.1 60.7 60.3 59 56.7 49.3 52.5 49.6 31.5 18.9 12.8 27.4 24.7 19.2 13.1 9.8 7.4 -2.1 -2.1 -2.1 -2.1 -2.1 -2.1 -2.1 -2.1 -2.1 -2.1 -2.1 -2.1 -2.1 -2.1 -2.1 -2.1 -2.1 -2.1 -2.1 -2.1 -2.1 -2.1 -2.1 -2.1 -2.1 -2.1 -2.1 -2.1 -2.1 -2.1 -2.1 -2.1 -2.1 -2.1 -2.1
88.3 83.7 80.2 78.5 78.8 77.8 76.5 75.1 75.3 77.4 83 88.5 91.9 96.1 96.3 92 95.9 97.9 99.8 96.7 91.9 85 80.4 80.4 75 69.5 66.6 65.2 66 59.9 69.2 70.9 66.5 64.4 62.8 64.9 66.1 67.9 59.1 60.7 57.8 43.4 30 19 23.7 23 19.7 17.5 17.5 19.9 15.6 -2.1 -2.1 -2.1 -2.1 -2.1 -2.1 -2.1 -2.1 -2.1 -2.1 -2.1 -2.1 -2.1 -2.1 -2.1 -2.1 -2.1 -2.1 -2.1 -2.1 -2.1 -2.1 -2.1 -2.1 -2.1 -2.1 -2.1 -2.1 -2.1 -2.1 -2.1 -2.1 -2.1 -2.1
90 87.6 85.2 82.4 81.6 79.1 80.1 79.5 79.8 82.9 89.3 95.4 99.1 102.7 103.8 99.7 100.7 101.9 102.9 101.3 98.3 91.6 86.9 83.9 80.9 78.5 75.2 73.4 76.3 69.7 69.1 69.9 69 70 68.9 68.9 70.6 70.9 70.1 66.7 65.6 50.9 38.6 24.9 27.6 28.1 25.7 22 23.9 20.9 17.1 9 -2.1 -2.1 -2.1 -2.1 -2.1 -2.1 -2.1 -2.1 -2.1 -2.1 -2.1 -2.1 -2.1 -2.1 -2.1 -2.1 -2.1 -2.1 -2.1 -2.1 -2.1 -2.1 -2.1 -2.1 -2.1 -2.1 -2.1 -2.1 -2.1 -2.1 -2.1 -2.1 -2.1
91.7 90.5 89.5 86.5 84.9 79.5 83.1 83.8 87.2 90.8 93.2 100.6 105.6 108.2 108.5 106.8 106 108 106.5 104.7 103 97.8 94.7 90.8 89.8 87.2 84.4 79.3 79.7 77.1 75.9 68.9 70.6 79.2 76.7 74.6 73.7 72.8 70.8 71.4 69.5 55.8 44.5 31.3 31.8 34.4 29.8 29.1 32.6 25.4 18.9 13 8.9 -2.1 -2.1 -2.1 -2.1 -2.1 -2.1 -2.1 -2.1 -2.1 -2.1 -2.1 -2.1 -2.1 -2.1 -2.1 -2.1 -2.1 -2.1 -2.1 -2.1 -2.1 -2.1 -2.1 -2.1 -2.1 -2.1 -2.1 -2.1 -2.1 -2.1 -2.1 -2.1
96.1 96.7 94.5 91.8 89 85.6 87.2 90 93 97.7 101.2 106.4 111.8 114.3 116.1 114 111.4 111.9 109.9 110.1 107.2 108.7 104.1 100.8 96.8 93.7 90.5 86.3 85.3 83.8 81.8 75.3 76.9 83.4 85.1 83.2 81.9 83.5 75.8 75.4 69.5 59.4 49 35.3 31.7 37.4 38.6 39.5 42.6 33.6 25.9 20.7 18.1 16.4 14.2 9.8 -2.1 -2.1 -2.1 -2.1 -2.1 -2.1 -2.1 -2.1 -2.1 -2.1 -2.1 -2.1 -2.1 -2.1 -2.1 -2.1 -2.1 -2.1 -2.1 -2.1 -2.1 -2.1 -2.1 -2.1 -2.1 -2.1 -2.1 -2.1 -2.1
100.3 102.1 100.9 99.2 95.4 89.4 91.2 95.2 100.2 104.7 109.1 113.7 118 119.6 121.5 120.8 120.8 121.2 120.5 118.9 115.2 113.8 110.5 108.9 104.2 100.4 97.7 92.7 90.8 92 89.6 85.8 80.6 82.3 83.8 85.9 82.9 81.8 79.2 77.1 70.8 63.7 51 36.5 35 45.1 50.8 51.9 53.7 54.3 41.7 41.8 34.9 31.8 22.1 18.1 8.7 -2.1 -2.1 -2.1 -2.1 -2.1 -2.1 -2.1 -2.1 -2.1 -2.1 -2.1 -2.1 -2.1 -2.1 -2.1 -2.1 -2.1 -2.1 -2.1 -2.1 -2.1 -2.1 -2.1 -2.1 -2.1 -2.1 -2.1 -2.1
106.6 105.9 105.4 102.5 100.5 92.7 95.7 102.9 109.6 111.6 116.6 121.3 122.4 123.8 129.6 128 130.2 130.9 127.4 126.7 123.1 123.1 121.3 116.6 111.4 109.7 107.1 101.9 99.3 99.9 96.9 92.1 88.3 89.5 78.8 84.4 83.1 82.4 78.9 79.9 76.7 67.7 55.1 42.7 47.6 58.5 60.3 66.4 62.8 63.9 52.4 54.9 49.1 44.2 38.7 31.7 28.6 -2.1 -2.1 -2.1 -2.1 -2.1 -2.1 -2.1 -2.1 -2.1 -2.1 -2.1 -2.1 -2.1 -2.1 -2.1 -2.1 -2.1 -2.1 -2.1 -2.1 -2.1 -2.1 -2.1 -2.1 -2.1 -2.1 -2.1 -2.1
107.7 110.6 108.2 105.5 100.3 96.9 102.2 108.4 115 115.1 120.2 126.6 127.6 130.3 132.5 134.6 135.2 136.9 136.8 134.4 132.1 133.6 130.2 126 121.5 119.9 116.6 111.2 106.5 107.9 105.1 101.7 95.7 96.3 85.1 76.2 85.2 85.7 83.5 85.3 80 69.1 56.9 47.2 56.2 70.7 73.6 75.1 77.4 73.3 65.8 64.1 61.7 55.2 49.7 44 38.5 32.9 14 -2.1 -2.1 -2.1 -2.1 -2.1 -2.1 -2.1 -2.1 -2.1 -2.1 -2.1 -2.1 -2.1 -2.1 -2.1 -2.1 -2.1 -2.1 -2.1 -2.1 -2.1 -2.1 -2.1 -2.1 -2.1 -2.1
115.3 107.8 106 106.8 104 103.1 106.8 112 119.3 121.5 124.4 130 131.9 134.3 136.9 140.3 141.2 143.8 144.4 142.1 140.7 142.1 139.2 135.1 131.3 129.7 124.2 118.7 110.7 114.8 112.9 110 105.2 102.5 94.8 80 78.7 86.4 86.5 85.8 79.7 74.1 60.1 55.5 59.6 75.2 85.7 84.9 83.5 80.5 76.7 73.1 73.3 69.3 60.4 55.3 45.3 36.6 18.7 -2.1 -2.1 -2.1 -2.1 -2.1 -2.1 -2.1 -2.1 -2.1 -2.1 -2.1 -2.1 -2.1 -2.1 -2.1 -2.1 -2.1 -2.1 -2.1 -2.1 -2.1 -2.1 -2.1 -2.1 -2.1 -2.1
122.3 115.1 109.2 104.2 102.5 106.8 112.4 115.9 124.2 129.3 130.3 134 137.6 138.4 139.9 144.5 149.5 152.6 151.5 150.3 148.1 151.1 148.4 144.5 143.1 138.6 132.4 126.7 121.7 123.7 119.5 116.9 111.4 109.9 104 91.6 74 73.5 78.5 82.9 79.8 75.9 64.2 55.7 61.2 73.9 91.6 95.2 91.4 85.1 83 80.5 79.1 80.2 69.1 64.5 55.6 42.5 21.9 -2.1 -2.1 -2.1 -2.1 -2.1 -2.1 -2.1 -2.1 -2.1 -2.1 -2.1 -2.1 -2.1 -2.1 -2.1 -2.1 -2.1 -2.1 -2.1 -2.1 -2.1 -2.1 -2.1 -2.1 -2.1 -2.1
126.6 122.4 118.3 113.8 108.8 106.3 111.1 118.9 129.5 133.4 135.7 139.4 145 144.8 146.1 152.2 157.9 161 158.8 155.8 152.4 153.9 152.2 151.1 152.8 147.8 140.7 134.9 129.7 131.1 127.2 124.6 118.4 118.8 113.8 102.5 88.5 74 72.2 78.7 79.2 75.8 68.5 56.4 58.3 70.1 90.7 99.8 103.6 93.2 85.3 84.6 85.1 87.7 79 75.6 67 61 51.7 31.3 -2.1 -2.1 -2.1 -2.1 -2.1 -2.1 -2.1 -2.1 -2.1 -2.1 -2.1 -2.1 -2.1 -2.1 -2.1 -2.1 -2.1 -2.1 -2.1 -2.1 -2.1 -2.1 -2.1 -2.1 -2.1
130.4 128.7 126.7 122.6 116.5 109.8 107 113.5 126.7 134.9 140.3 150.2 153.1 152.3 155 160.1 164.4 167.7 167.9 164.6 164.1 158.9 160.7 158.9 159.2 156.2 149.2 143.4 138.6 134.8 135.4 132.2 122.5 119.7 118.2 109 96.7 82.5 75.1 72.9 76.2 76.2 70.1 59.3 58 75.7 91.5 101.5 111.3 111 95.4 88.5 89.8 99.4 88.7 88.2 76.2 67.8 62.9 44.9 29.1 19 -2.1 -2.1 -2.1 -2.1 -2.1 -2.1 -2.1 -2.1 -2.1 -2.1 -2.1 -2.1 -2.1 -2.1 -2.1 -2.1 -2.1 -2.1 -2.1 -2.1 -2.1 -2.1 -2.1
137.7 136.8 132.7 127.5 120.2 114.1 112.2 112.3 117.6 134.9 148.3 154.7 158 160.3 165.8 168.8 170.3 174.9 178.4 175.8 173.4 169.1 166.3 167.1 164.9 162.5 160.4 153.4 145.5 139.9 142.8 137.5 132.2 126.7 122.4 114.3 106.6 91.2 81.3 74.7 74.2 76.9 71 65.4 59 68.1 91.1 105.2 116.3 117.8 110.2 97.3 97.8 100 96.3 91.2 83.4 73.8 68.1 54.7 39.5 22.4 10.1 -2.1 -2.1 -2.1 -2.1 -2.1 -2.1 -2.1 -2.1 -2.1 -2.1 -2.1 -2.1 -2.1 -2.1 -2.1 -2.1 -2.1 -2.1 -2.1 -2.1 -2.1 -2.1
142.5 142.2 137.8 133.7 126.3 119.7 118.8 119.1 114.9 128.8 147.5 158.8 164 167.1 172.4 175.8 178.7 181.7 185.1 187.7 180.7 175.3 171.7 172.5 169.1 167.9 168.6 163 155.7 148.6 150.6 147.1 140 134.2 127.7 121.8 107.8 96.1 88.5 78.5 69.2 70.8 67.5 64.1 63.3 68.9 92.9 109.7 120.4 119 113.3 109 103.2 98.9 98.4 99.7 92.6 80.4 74.9 64.4 50.9 34 23.2 13.2 -2.1 -2.1 -2.1 -2.1 -2.1 -2.1 -2.1 -2.1 -2.1 -2.1 -2.1 -2.1 -2.1 -2.1 -2.1 -2.1 -2.1 -2.1 -2.1 -2.1 -2.1
147.2 146.8 143.3 140.1 136.5 129 122 119.6 125.8 135.6 148.9 159.3 168.3 175.2 180.5 184.2 185.7 189.7 190.4 190.4 185.1 181.2 177.8 179 176.8 178.7 177.6 173.2 168.9 160.7 156.5 150.9 146.7 140.1 131.8 123 110 103.3 93.3 83 73.7 65.2 62.2 63.4 68.4 73.8 90.4 110.1 121.7 121 117.8 112.2 112.4 98.8 99 99.8 98.2 85 76.9 69.9 58.5 50.3 50.3 40.3 29.5 21.4 -2.1 -2.1 -2.1 -2.1 -2.1 -2.1 -2.1 -2.1 -2.1 -2.1 -2.1 -2.1 -2.1 -2.1 -2.1 -2.1 -2.1 -2.1 -2.1
151.7 151.2 149.3 147.4 143.9 137.1 128.2 125.6 130.3 142.3 152.3 165.7 177.7 186.3 192.2 191.9 194.4 196.4 193.9 191.8 188.2 186.3 185.5 184.3 183.4 186.3 183 179.2 177.6 167.1 160.4 156.7 153.6 145 137.1 128.2 122.1 114.7 93.6 91 80 68.1 60.3 63.9 63.7 72.7 87.2 102.8 118 120.5 118.6 112.1 115.4 108.4 101.5 100.7 97.6 91.1 84.2 79 70.8 59.1 59 48.3 37.6 35 29 20.8 -2.1 -2.1 -2.1 -2.1 -2.1 -2.1 -2.1 -2.1 -2.1 -2.1 -2.1 -2.1 -2.1 -2.1 -2.1 -2.1 -2.1
156.6 156.6 154.8 153 150.2 145.7 136.8 133 140.7 142.1 154.4 167.3 183.4 194.3 201.1 202.5 203.5 201.8 199.2 198.3 196.4 192.1 192.9 191.2 190.7 191.1 187.7 185.1 182.4 173.1 161.8 161 158.4 151.8 142.9 134.1 130.7 116.5 101.4 96.9 84.4 74.7 67.7 62.1 63.5 69.2 87 94.1 109.9 118.3 122.9 124.4 129.3 120.7 108.9 107.7 99.3 97.9 97.2 93.3 86 70.5 58.6 51.1 40.7 41.3 38.5 35.7 27.2 -2.1 -2.1 -2.1 -2.1 -2.1 -2.1 -2.1 -2.1 -2.1 -2.1 -2.1 -2.1 -2.1 -2.1 -2.1 -2.1
158.9 160 158.2 158.2 158.4 154.4 148.1 143.1 143.2 153.4 155.9 166.2 182.2 193.4 199.1 212.7 212.3 209.1 206.5 205.1 203.1 202.1 203.2 200.1 200.6 198.6 192.6 190.5 183.7 173.2 167.3 169.8 165.7 158.2 147.3 141.4 135.8 121.3 110.3 103.8 88.7 77 70.4 66.7 64.5 71.4 86.2 96.2 105.6 121.1 124.4 128.6 138.1 142.5 121.7 114 108.7 108.3 107.2 101.3 99.2 89.1 62.6 55.5 51.3 49.3 46.6 46 37.3 -2.1 -2.1 -2.1 -2.1 -2.1 -2.1 -2.1 -2.1 -2.1 -2.1 -2.1 -2.1 -2.1 -2.1 -2.1 -2.1
164 168.4 169.2 167.3 166.5 164.7 157.2 154.5 152.7 161.6 169.9 175.3 184.9 190 194.8 204 215.7 213.3 210.1 212.4 209.5 210.5 212.4 210.4 207.3 203.5 197.5 191 184.4 178.3 175.6 174.4 170.7 163.7 151.2 148.6 142.7 129.3 120.5 111.3 93.9 79.4 75.8 70.2 70.2 79.8 84.1 101.1 109.4 119.3 124.8 128.9 137.9 143.2 132.8 124.2 118.4 116.7 110.4 110.2 102.8 94.3 77.1 66.6 62.2 58.7 53.3 52.1 47.1 35.7 -2.1 -2.1 -2.1 -2.1 -2.1 -2.1 -2.1 -2.1 -2.1 -2.1 -2.1 -2.1 -2.1 -2.1 -2.1
169 174.9 178.9 177.6 175.7 172.4 161.8 160.5 164.4 170 178.2 186.2 194.6 197.2 200.9 194.4 203.8 210.1 215 219 216.8 216.5 218.3 216.5 213.1 210 205 196.5 188.4 185.6 185.8 180.1 175.6 170.6 155.6 156.2 149.9 136.2 128.6 119.7 97.6 84.4 79 74.1 65.6 86.8 95.2 101.6 110.8 118.9 124.5 131.1 137.2 139 138.2 130.9 126.1 124.6 112.8 115.8 108.7 91.7 82.5 78.6 72 64.6 62.1 59.5 54.6 43.9 27.7 -2.1 -2.1 -2.1 -2.1 -2.1 -2.1 -2.1 -2.1 -2.1 -2.1 -2.1 -2.1 -2.1 -2.1
172.9 181.4 187.1 187.1 183.6 177.8 170.3 168.5 173.2 177.4 183.9 196.5 203.4 207.3 214.3 217.8 200.1 201.5 204.1 221.8 221.2 220.7 221.2 220.3 220.4 218.6 209.1 202.3 197.8 191.8 193.3 185.6 177.5 171.6 164.2 162.3 153.8 139.7 133.6 123.3 106.1 93.2 83.2 78.1 71.1 92.9 105.2 107 107.8 116.8 128 136.3 145.1 144.4 140.6 143.8 131.2 126.6 115.4 115.7 108.9 98.1 86.7 85.6 81.2 70.8 71.5 66.3 58.3 48.2 38.7 22.1 -2.1 -2.1 -2.1 -2.1 -2.1 -2.1 -2.1 -2.1 -2.1 -2.1 -2.1 -2.1 -2.1
180.3 187.2 196 195.4 189 183.2 177.9 177.7 182.3 186.9 192.6 206.9 215.2 220.7 226.4 230.6 229.9 214.6 203.9 209.6 217.5 220 221.9 223.9 221.6 220.2 213.9 208.6 201.9 201.6 196.8 185.9 181.6 176.4 170.4 165.8 156.5 147.2 139.1 123.8 111.3 98.3 89.1 87.2 89.3 97.2 105.9 110.7 109 111.4 125.3 140.4 152.6 154.9 149.1 146.7 140.2 129.9 117.8 114.6 112.6 104.9 93.5 88.5 84.5 79.1 81 73.3 62.3 54.4 45.7 31.3 18.7 -2.1 -2.1 -2.1 -2.1 -2.1 -2.1 -2.1 -2.1 -2.1 -2.1 -2.1 -2.1
187.2 195.6 199.9 197.2 191.7 187.6 184.2 187 191 199.4 206.5 218.4 229 234.5 238.6 243.3 245.5 238.1 220.1 207.3 214.5 218.3 221 225.3 223 220.7 218.6 214.1 206.3 206.5 199.3 189.6 183.7 178.6 173.8 168.7 158.1 149.7 133.8 122 110 99.8 96.9 97.3 97.4 102.1 109.5 119.7 119.4 116 117.5 135.9 151.2 152.3 151.9 147.2 139.9 130.1 121 120 116.9 110.4 100.7 91.4 87.8 89.4 87 82.2 70.4 61.7 53.4 36.1 25.1 12.1 -2.1 -2.1 -2.1 -2.1 -2.1 -2.1 -2.1 -2.1 -2.1 -2.1 -2.1
187.8 197.7 199.5 196.8 195.8 193.4 191.9 193.7 198.9 215.9 224.3 231.1 239.9 248.8 252 252.8 254.9 256.4 246.3 223.7 216.6 224.1 223.4 222.9 223 221.9 220.5 220.7 213.3 208.8 200.9 193.6 185.7 179.9 175.4 165.5 152.8 135.1 129.9 130.9 124.7 111.7 105.9 101.3 99.5 111.3 119.3 130.7 132.5 130.2 117.9 125.9 142.7 147.7 151.1 150.3 139.4 120.9 118.3 119.3 117.7 111 104.1 96.7 90.8 98.9 94.4 90.3 80.1 70.8 59.8 48.2 24.4 16.6 -2.1 -2.1 -2.1 -2.1 -2.1 -2.1 -2.1 -2.1 -2.1 -2.1 -2.1
190 194.3 196.3 198.8 200.3 200.8 202.2 202.5 206.1 229.5 238.5 244.4 250.3 261.1 264.2 262.9 261.5 258.6 260.6 246.1 224.5 225.6 234.2 229.2 223.3 221.6 220.7 220.9 216.7 209.3 202 194.3 187.2 182.1 173.7 160.7 160.3 159.1 157 149.2 137.9 124.7 114.5 107.5 107.4 123.8 130.3 138.6 140.1 139 126 124.7 140.9 146.2 149.8 149.8 135.9 117.7 112.8 115.6 113.2 109.2 108.7 102.1 95.2 101.8 98.3 97 92 80.2 68.6 62.9 42.1 26.4 -2.1 -2.1 -2.1 -2.1 -2.1 -2.1 -2.1 -2.1 -2.1 -2.1 -2.1
