app/static/ascii/NG70.asc
ncols 200
nrows 200
xllcorner 170000
yllcorner 800000
cellsize 50
[rows 70 to 104 of 200, columns 80 to 159 of 200]
47.5 50.8 52.6 60.4 72.4 80.4 88 96 104.9 113.5 115.3 110.8 104 105 99.4 94.4 92.2 87.9 79.9 69.8 62 52.4 43.9 37 22.9 21.7 28.1 33.6 36 40 51.8 64.5 76.6 93.4 108.4 120.8 135.6 153.5 165.8 178.2 192.5 207.1 220 234.2 248.9 257.6 272.1 292.6 311.8 331.5 346.6 361.8 377.6 387.2 395.7 404.9 414 424.8 434.4 437.6 444.3 454.8 457.7 467.4 475.4 483.9 512.3 545.8 551.7 547.6 531.3 519.1 514 506.3 499 502.7 501.6 497.2 489.9 486.7
54.6 56.1 57.7 67.9 80.1 89.2 97.8 107.5 120.2 124.3 125 120.4 114.8 113.4 107.2 101.7 99.3 94.2 87.1 80.7 71.7 61.3 51.2 40.1 30.7 19.8 26.1 30.6 33.3 37.2 45.1 55 64.5 83.9 99.7 110 123.1 133.4 141.5 156 168.8 182.6 200.8 211.4 227.9 247.4 273.1 291.2 312.9 331.9 348.2 363.9 380.3 388.9 395.3 403.5 412.1 427.4 436.4 438.5 448.3 461.7 469.3 479.5 493.3 505.5 548.3 562.8 564.7 552.9 536.4 533.4 527.8 518 510.3 511.6 517.4 506.4 498.9 493.7
68.2 70.4 72.6 79.4 91.8 99.5 106.9 120.8 130.6 131.8 130.8 128.3 129.2 127.1 117 109.8 107.6 103.7 96.6 90.9 83.9 72.3 60.3 50 40.1 20.3 27.2 30.8 31.2 35.3 39.9 48.4 58.4 74.1 89.1 103 113.1 127.1 143.4 159.2 179.1 194.7 212.8 233 251.6 269.4 283.8 294.2 310.4 330.6 348 365 383.1 389.8 396.4 404.4 411.6 427.3 435.7 439.6 448.5 470.4 478.7 494.9 511.5 535 562.2 574.2 572.7 557.9 550.3 548.3 545.8 531.1 522.7 520.3 522.2 514.1 506.2 500.7
84 85.9 88.5 91.7 101.1 107.9 114.5 126.4 133.7 138.7 145.6 145.7 138.3 135.3 128.1 126.2 123.2 119.4 116 103.8 96.2 84.9 72.3 61.3 48.7 32.6 20.6 25.7 29.2 33.7 40.2 46.1 53.5 68.1 80.8 93.7 111.7 121.9 140.1 161.6 179.8 196.4 219.7 243.7 261.3 278 286.5 296.9 311.1 328.8 346 364.2 381.1 391.4 399.5 407.7 414.1 428.7 436.3 448.5 464.8 478.2 488.6 507.6 525.8 560.9 583 585.7 579.4 561.1 560.6 560.8 560.3 551.4 543.9 536.2 528.7 521.4 514.5 507.5
96.2 102.2 102.8 102.1 110.4 116.8 122.9 131.4 142.5 150.8 157.4 154.1 147.9 147.9 144.5 140.3 141.3 138.9 132.9 120.4 107.5 96.5 84.3 72.3 58.1 43.5 27.5 23.1 28.8 32.3 37.1 41.4 51.1 59.3 72.3 89.5 104.9 117.8 135.8 158.8 175.3 195 220.5 246 263 278.9 289.7 298.6 311.9 327.9 345 363.1 379.3 391.3 401.1 409.6 417.5 431.2 448.5 471.2 480.9 491.3 505.9 520.3 542 578.2 592.9 595.2 586.3 574.8 572.9 577 573.1 561.8 560.3 551.6 540.2 530.8 523.5 515.9
111.9 116 113.8 111 115.6 124.1 133.8 144.3 153.2 155.5 163.1 173.6 166.5 162.6 167.5 154.7 158.5 153.7 147.8 136.8 120 109.2 96.2 83.2 67.3 51.8 37.8 22.3 26.3 29.7 34.7 40.8 41.5 53.5 67.5 83.2 100 115.6 130.4 150.2 167.8 191 212.6 242.7 260.1 274.4 287 296.5 309.2 325.6 343.4 362.6 379.1 390.8 400.3 411.8 420.4 435 457.1 485.7 495.2 514.6 528.8 539.1 555.2 581.8 598.8 598.1 588.8 583.1 583 586.8 583.5 570 567.8 560.9 549.2 538.8 532.8 524.9
126.2 125.7 124.5 124.4 128.6 132.1 145 158.3 167.3 177.1 191.1 198.8 190.7 178.4 177.6 171.4 173.8 169.3 158.4 146.1 131.9 128.5 111.9 95.5 77.6 62.3 46.7 24.8 22.1 23.6 29.5 30.8 39.9 47.9 60.5 77.7 97.4 111.2 123.7 146 165.8 185.9 201.6 231.8 254.4 269.5 283 295.2 307.4 321.7 339.6 360.6 376.4 389 398.3 412.9 420.5 435.3 459.8 490.5 502.7 521.6 543.5 552.4 561 581.3 600.4 600 594.3 588.7 594.5 597.3 592.9 580.6 576.1 570.3 562.1 553.4 546.9 534.9
138.5 137 135.6 135.3 141.2 143.9 161.3 175.7 186.2 195.7 210.2 210.4 205.9 200.4 191.4 195.6 196.7 186.6 175.7 161.9 144.6 145.5 132.8 109.7 90.1 73.3 54.2 35.2 26 23.8 25.7 28.8 35.7 43.7 56.1 74.4 91.3 108.9 123.8 140.6 160.5 182.8 194.3 219.1 243 262.5 278.2 289.9 301.4 316.8 336.7 358.4 374.7 385.9 394.5 410.7 418.7 432.3 456.5 484 500.7 519.2 541.5 554.8 565.2 582.4 601.1 599.4 597.8 599.4 607.1 610.3 603.7 595.3 595 593.1 582.8 570.7 565.7 551.4
148.2 149.2 151.3 146.3 152.9 161.8 172.6 193.7 202.9 213.2 220.5 221.9 228.5 219.3 209.5 212.3 209.8 198.5 191.2 174.4 156.9 158.2 150 121.9 101.3 82.9 64.1 45.7 26.7 24.4 25.1 26.6 29.9 39.5 53.1 69.6 85.8 103.1 116.9 132.7 151.1 173.3 189.3 209 233.8 251.6 270.1 283.6 295.8 312.3 331 351.5 372.1 382.1 390.3 405 416.4 431.2 456.3 473.6 493.4 514.4 535.3 549.1 555.4 575.7 589.4 599.3 610 618.1 624 634.5 624.6 616.1 613.2 610.8 601.6 590.7 583.8 573.9
164.4 159.4 159.1 159.5 169.6 182.4 191.9 210 220.4 231.3 232.6 242.8 245.7 241.4 233 222.8 228.4 217.5 210.3 189.4 170 164.5 158.9 135.4 110.6 92.8 73.9 55.2 33.6 24.7 24.5 26.4 28.7 36.1 49.5 65.4 81.3 97 111.2 125.8 145.8 166 181.7 203.7 226.4 242.8 261.7 277.2 290.4 305.1 324.9 345.2 365.5 377.5 387.2 401 413.8 428.2 453.1 471.6 487.6 504.5 518.2 531.5 549.2 572.4 592.7 602 616.9 627.9 637 643.7 633.2 625.6 623.8 623.1 614.5 608.4 600.6 587.3
170.2 164.3 163.7 176.1 193.7 208 217.5 215.1 237 250.4 257.1 263.7 275.7 274 263.3 242.7 245.6 232 220.1 205.7 179.3 166.5 163.6 144 122.7 102.3 80.7 64 38.8 25.5 24.7 26.5 28.2 34.3 45.9 60.6 78 93.3 106.3 120.6 137.4 156 175 199.4 222 235.4 252.8 269.8 284.1 297.9 317.5 337.6 357.5 372.2 381.4 394.8 409.6 425.5 443.9 459.1 468.3 484.9 504 523.7 544.6 571.2 588.2 601.8 621.6 633.5 648.3 656.3 643.3 635.7 634.5 634 628.2 625 621.7 607.9
169.4 172 174.6 191.8 210 228.4 235.5 230.6 251.4 268.1 279.1 289.1 307.3 303.6 287.4 270.4 267.7 251.7 235.2 217.7 191.8 178.5 165.7 152.9 131.2 112.6 87.9 69.7 48.5 29.9 26.1 26.6 27.9 32.4 43.3 56.6 73.7 88.2 101 115.9 129.1 152.8 172.1 192.1 211.6 229.1 244.9 261.4 277.4 291.3 311.9 329.5 347.6 362.2 377.2 391.1 405 420 436.7 441.1 450.8 473.2 497.7 518.8 540.9 569.1 590 606.2 621.5 643.2 658.8 663.2 652.2 645.6 641.6 643.7 643.5 645.5 644.9 626.1
185.7 184.1 187.8 205.3 225 244.4 245.9 248.3 262.3 285.5 302.2 323.2 328.9 320.9 305.4 295.1 283.4 267.9 250.4 230.4 204.4 189.8 171.9 156.7 138 119.7 101.5 81.6 58.9 36.6 24.6 26.7 27.7 31.1 41.5 53.9 70.8 83.6 93.7 110.2 122.4 144.5 167.2 184.4 206.2 223.7 240.5 252.8 268.3 284.4 300.9 321.9 339.9 356.1 370.5 386.1 400.7 415.7 428 428.6 447.4 467.2 492.1 513.9 535.6 569.8 590.2 607 621.2 639.3 656.4 659.8 657.5 650.5 648 649.7 654.3 658.3 656.1 652.6
195 194.8 202.2 217 234.7 250.2 258.9 263.5 268.5 298.2 320.4 333.9 336.2 333.3 322.7 311.2 293 279.6 267.9 241.7 219 195.1 181 163.1 145 128.1 111 93 66.6 43.2 26 26.3 27.8 32.5 41.2 50.3 64.4 79.6 89.3 104.2 116.2 138.9 161.3 181.1 202.2 216.9 234.1 245.1 260.7 276.8 292.2 314.3 331.9 349.6 365.4 376.4 391.6 409.5 419.8 421.5 445.6 464.6 486.3 505.7 527.3 565.9 586.9 604.4 618.4 637.5 650.2 655.8 654.3 651.4 649.2 651.5 659.6 664.8 664.3 659.6
201.3 203.5 210 227.6 250.3 266.1 270.8 271.3 272.6 297.4 322.9 351.3 351.6 341.8 333.6 327.1 309.3 291.6 277 253.4 225.7 201.8 189.1 174.5 151.4 137.8 120.4 99.3 74 50.7 33.1 25.4 27.7 31.4 37 48.4 61.8 76.2 87.5 98.6 114.7 133.6 155.1 176.3 196.4 212.4 227 238.5 256.6 272.5 286.3 303.2 321.3 341.7 357.7 368.6 383.8 402.3 413.9 417.9 436.6 460.4 481 496.7 518.4 551.7 582.9 594.8 606.3 616.7 636.6 651.3 649.4 649.5 649.6 659.4 666.9 669.5 670.1 665.7
204.4 209.6 223.5 241.7 262.8 276.3 280.2 277.4 280.2 299.6 320.3 333.6 346.6 340.7 341.6 336.5 319.7 302.9 284.1 260 233.6 209.4 195.3 181.1 160.8 140.8 123.9 99.8 75.2 52.5 36.6 26.8 25.4 30.5 38 47.6 59.2 72.7 84.5 95.1 109.5 129 149 166.9 184.5 203.3 217.5 235.5 250.9 263.6 279.5 292.6 306.9 331.8 347.1 360.4 377.5 391.1 405.2 409.7 431.8 453.5 472.1 489.4 512.2 541.2 572.5 577.2 585.6 611 636.4 643.4 645.1 645.7 651.7 667.5 670.8 672 670.5 661.5
210.9 210.8 233.9 255.4 266.9 278.2 280.1 282 287.4 296.7 311.9 323.6 338.8 341.5 348.1 343.3 323.9 309.1 287.8 262.9 240.2 218.1 200.2 178.8 155.9 135.5 120.1 102.5 84 61.1 40.7 27.6 25.9 29.7 39.3 45.9 55.6 69.5 81.7 91.1 106.8 125.9 141.4 156 173.7 194.7 209.6 227 239.7 254 276 289.4 303.7 322.7 337.9 352 369.2 381 391.5 404.5 426.3 448.7 463.8 479.1 505.5 529.8 549.5 565.1 583.2 603.3 625.1 634.8 639.1 641.8 651.4 674.3 678.4 669.9 662.4 652.8
212.1 224.7 241.3 254.3 276 289.7 300.7 293.2 291.4 299.8 312.9 326.9 339.5 346.9 356.1 350.9 330.3 306.6 288.4 261.3 234.5 216.1 204.8 187 167.8 151.4 134.6 110.3 87.8 67.4 42.6 29.9 26.3 28.3 34 42.7 52.3 64.6 74.6 86.4 101.9 123.1 137 151.4 165 183.4 201.6 220.7 232.1 249.1 266.6 281.4 297.9 314.7 327.2 342.4 358.9 372.2 378.6 394.7 416.8 440 458.7 480.4 502.6 518.9 546.2 561.7 574.1 592.9 616 630.7 632.3 638.9 645 663.2 671.2 666.8 656.6 645.9
218.8 233 246.5 270.2 285.2 293.8 291 299.7 299.2 310.2 316.8 327.3 338 348.4 352.2 347.6 322.9 298.6 278.9 261.2 243.7 228.7 216.4 191.9 174 157.4 139.9 114.7 93 71.9 46.7 32.3 26.5 28.7 37.4 41.1 48.7 58.6 67.4 80.9 93.9 116.8 132.8 145.6 157 172.6 190 210.1 226.2 240.8 260.1 274.6 291.4 304 318 334.4 352.5 361.3 369.6 385.8 404.1 427.4 451.9 478.9 501.8 520.4 539.6 555.5 563.3 588 610.3 623.3 631.1 638.7 642.8 655.1 672.4 660.8 649.5 639.4
223.3 243.8 266.6 280 288.9 288.2 297.2 314.7 317.2 318.8 319.7 331.1 338 338.2 340.8 343 328.6 301.8 281.1 267.1 247 238.7 227.8 205.7 181.8 164.4 144.6 120.7 98.3 75.2 51.6 35.7 27.5 29 37.8 39.6 47.6 54.4 64 74.6 87.8 108.3 125.8 138.9 150.2 163.6 180.2 199.9 218.6 236.7 252.9 267.4 282.3 295.1 312.2 326.3 343 350.6 360.7 376.5 403 418 437.2 467.3 481 502.3 527.6 535.8 552 583.3 605 617.8 625 631.2 635 648.1 661.2 652.1 641.8 631.9
230.5 257.8 275.3 289.5 283.8 282.8 301.8 321 323 326.1 331.3 334.9 344.7 350 372.8 364.9 348.6 317.4 290.6 276.1 255.7 244.7 240.9 219.2 194.2 168.9 147.3 124.5 101.9 77.9 55.8 42 31.7 28.9 37.4 39.6 44.2 48.9 57.9 69.6 85.4 100.3 118.1 130.1 141.2 155.1 168.2 190.6 208.8 229.4 243.7 257.6 271.7 286.4 304.4 315.4 329.4 342.6 354.5 369.1 381.7 399.5 421 441.8 461 492.9 514.9 526.2 548.7 574.9 591.5 607.5 616.6 618.5 626.9 637.2 639.7 637.1 633.2 626.9
235.2 254.4 265.7 270.3 275.7 284.4 299.2 317.2 334.9 335.7 340.7 344.6 360.3 376.5 403.1 386.6 358.6 331.8 307 283.8 266.3 253.6 251 230.3 203.2 175.3 150.8 128.6 106.9 84.4 59.9 48.3 36.5 27.4 32.1 37.3 41.7 44.3 54.8 66.6 79.4 92.7 106.4 119.6 133.7 148.5 159.7 181.4 198.8 220 234.5 249.6 262.2 278 294.3 303 321.7 335.2 347 361.5 373.6 390.6 407.6 428.6 446.3 479.7 512.4 525.6 539.7 556.3 572.4 589 604.8 607 610.8 617.4 623.9 624.3 623.3 622
238.7 248.9 259.9 269.5 273 286.2 307.5 326.2 346 349.1 347.5 356.4 376 403.4 414.3 399.5 368.2 344.1 321.6 298.3 274.8 258.4 256.6 238.6 210.4 185 156.4 134.7 112.1 87.7 65.1 52.3 39.9 26.9 30.6 34.4 39 41.3 49.2 60.6 74 85.8 98.2 111.8 123.9 140.3 150.6 173.8 187.1 210 226.9 241.6 253.6 267.3 286.6 292.5 309 325.7 338.2 353.5 368.1 386.7 400.2 415.8 433 463 500.6 521.9 531.1 546.1 562.4 579.2 595.5 601.6 601.9 602.8 602.8 609.8 619.1 619.5
244.2 254.2 265.1 270.4 272.4 291.9 313.3 333.2 350.1 349.4 354.4 361.2 374.1 403.6 414 402.6 375 355.1 332 314.1 286.7 266.6 261.3 246.9 219.9 193.1 161.2 138.9 116.8 93.6 70 51.6 40 28.9 30.9 32.3 35.7 39.7 44.1 57.8 69.7 81.2 94.4 104.9 114.8 128.7 141.6 165.5 181.3 201.4 220 232.3 245.5 256.6 271 282.9 296.4 316.7 329 344.2 362.1 380.5 392.3 406.2 421.6 448.4 485.9 507.1 522.9 535.4 549.8 570.8 599 609.7 601.1 596.2 594.3 602.5 607.8 609.7
250.6 261.7 263.1 267.4 277.2 300.9 324.1 342.6 358.6 358.5 371.5 374.9 372.2 397.2 410.5 403.2 380.2 364 343 324.1 298.8 276.2 268.1 259.2 228.3 199.7 164.5 146.8 123.1 96.5 75 53.2 41.5 35.8 28.5 31.9 33.8 35.6 40.3 51.7 65.2 76.5 89.4 100.1 111.9 120.7 135.4 154.8 174.3 190.4 211.5 223.8 236.4 249.2 262.6 273.8 287.2 304.9 317.9 335.5 348.5 365.5 381.1 392.4 409.1 432.9 474.8 485.6 504.3 517.7 536.7 559.9 581.4 592.5 592.8 582 589.2 597.6 596.4 594.8
256.7 262.7 263.7 270.7 300.8 313.7 334.1 361.4 365.5 369 385.1 391.8 380.6 399.4 401.9 394.6 381.7 370.6 353.4 334.8 310.1 282.4 272.1 263 229.5 201 169.6 148.8 130 101.7 80 61.1 46.4 37.7 31 28.4 31.6 32.6 37 47.4 58.3 70.7 84.3 96 106.9 119.2 128.8 142 165.7 182.7 198.3 213.8 225.2 237.8 249.3 256.5 275.9 292.8 303.3 322.7 339.4 353.6 366.1 383.7 396.6 420.2 456.7 468.5 483.2 493.2 529.4 556.7 569.8 577.6 578.5 568.2 580.8 591.1 590.4 583.8
257.9 262.5 265.2 288.8 317.4 327.2 354.9 374.6 378.5 380.8 383.9 394 394.5 407.8 411.8 398.2 389.2 377 354.6 334.5 310.2 282.5 270 251.4 228.9 200.9 172.1 151.2 131.9 107.2 85.1 67.3 53.1 42.5 36.7 31.9 29.4 31.5 35.2 41.6 52.1 65.9 81.9 88.8 99.7 114.1 122.2 133.1 153.8 175.6 194.2 211 223 236 247.3 255.9 271.6 283 294.5 313.8 336.7 347.5 358.4 370.5 388.1 413.1 435.5 451.5 464.7 477.9 497.7 535.3 567.1 576.5 573 560.5 571.5 580.9 583.1 574.2
259.8 264 276.5 296.5 323.4 346.4 384.9 388 394.8 391 383.1 392 408.2 409.8 418.1 398.3 395.3 383.8 349.1 326.7 299.8 282.2 270.6 247.5 225.4 204.9 179.7 157.3 134.2 117.1 94.9 74.8 59.7 49.1 41 35.6 29.3 32 35.1 39.5 48.9 61.6 74.9 81.2 91.2 103.5 114.1 126.4 147.6 175 192.3 201.9 213 233.3 254.9 259.6 267.4 277.1 291.2 307.5 325.7 343.7 351.4 365.8 382.8 405.9 422.2 435.3 446.7 455.1 475.1 505.4 552.6 566.3 559.3 550.8 556.2 560 561.4 562.6
262.3 266 286.2 306.5 336.1 370.9 391 399.9 394.9 391 392.3 394.9 401.8 410.5 410.8 398.5 388.5 373.4 358.9 333.7 309.7 288.5 276.3 251 232.2 211.5 190.2 162.5 140.1 127.6 102.9 80.8 66.1 54 42.7 37.4 30.1 31.4 35 37.7 45.9 56.9 66.4 71.4 82.2 93.7 105.5 122.1 140.5 173.3 185.2 193.7 202.4 228.9 247.2 250.5 258 271.8 292.9 302.3 316.8 340.6 347.6 368.8 377.5 397.3 411.6 422.9 434.1 440.6 458.1 482.2 520.9 536.1 535.2 535.4 538.5 538.4 538.5 536
267.1 267.5 289.3 317.3 340.6 360.4 378.1 384.1 374 384.8 395.4 394.4 391.5 391.2 393.8 401.9 391.2 381.6 373.4 352.7 322.1 289.6 280.3 259.1 238.1 215.1 193.4 169.1 146.2 126.9 107.1 86.8 72.2 59.7 49.9 40.5 31.5 31.1 32.9 36.5 42.9 50.9 58 62.6 75.5 87.9 98.8 116.6 135 167.1 180.3 189.1 198.3 220.7 237.8 242.5 250.1 264 282.2 299.2 309.8 330.4 338.8 356.4 369.6 397.3 404.6 414.1 419.5 425 436.5 460 484.6 494 504.8 517.1 526.4 521.5 516.5 515.4
272.9 274.7 291.1 313.8 327.9 345.6 356.6 362.5 358.3 368.9 376.6 395.4 401 397.6 412.5 420.1 399.9 390.4 376.2 359.3 326.7 294.5 278.8 261 239.3 220.2 198.7 175 156.1 131.7 111.5 90.7 78.3 66.8 54.8 45.1 37.3 33.1 31.3 36.2 40.9 47.1 52.8 62.7 75 86.6 97.5 117.3 135.5 161 173.8 183.7 193 215.9 228.3 235.8 241.3 256.3 279.9 297.9 299.6 318 331.4 338.1 364.6 388.1 393.8 399.8 410.6 415.4 425.3 435.1 454.7 470.9 485.8 499 510.1 507.9 506.7 505
283.8 286.6 297.7 310.8 318.1 323.5 331.3 339.3 357.3 368.3 376.1 402.2 410.8 415.6 420.2 426.9 409.6 392.9 380.6 358 328.8 295.3 279.1 260.4 244.1 229.2 212.7 185.2 164.4 137.8 116.7 96.6 82.6 70.8 58.2 49.1 40.6 35.3 33.3 31.1 38.7 43.1 47.5 55.7 69.5 80.9 91.3 110.6 131.6 157.6 164 174.7 186.3 206.5 220.8 226.7 233.2 244.1 261.7 276.4 283 305.3 315.6 327.3 341.3 361.2 373.8 378.4 396.4 402.2 412.8 419.7 425.8 449.9 473.4 486.6 492 497 500.2 500.4
288.8 293 297 303.6 309 317.7 330 344.1 363.5 371 377.3 400.4 409.8 426 420.9 424.8 424.1 402.7 394.4 361.5 323.9 293.8 278.6 262 244 224.7 210.8 185.3 165.1 140.3 119.3 99.4 84.4 73.8 66.1 54.6 43.6 38.1 35.6 34.4 35.5 40.8 45 48.6 62.1 69 76.5 103 125.8 148.5 155.1 165.5 181.9 199.7 210.9 216.8 222.4 232.4 248.1 255.4 270.7 286.6 298.3 309.1 320.4 340.5 346.3 356.8 372.6 385 392 394.5 408.9 438 463.3 484 488.3 493.7 495.2 493.4
291.1 292.8 292.2 290.7 308.8 314.4 321.5 343.8 359.7 365.7 376.6 392.1 402 431 425 431.4 431.7 410 389.8 363.2 320.9 292.1 275.3 260.1 244.7 220.1 204.8 183.3 162.7 141.6 122 106.6 91.6 80.1 70.1 60 49.6 42.5 37.7 36.5 31.2 38.7 40.7 45.4 55.2 62.3 69.2 106.6 121.4 140.6 149.7 158.9 171.5 187.2 197 203.8 214.4 223.2 231.5 236.4 255.1 268.1 285.8 290 293.3 310.1 321.9 337.3 350.3 358.9 365 379.8 404.7 428.6 443.7 474.7 488.1 490.3 488.4 483.8
286 284.1 282.8 292.1 305 312 318.2 345.4 369.9 372.5 380.5 382.2 390.8 416.1 432.9 443.6 429.4 403.2 374.5 351.2 314.9 288.4 271.5 256.7 239.2 220.9 206 187.3 166.4 151.2 132.6 116.1 99.7 85.3 74.7 66.9 57 48 42.2 40.2 34.1 36.5 38 43.6 49.1 55.2 61.9 94.7 114 128.5 140.4 148 162.3 174 186.8 193.9 203.8 214.4 223.4 226.1 235.1 247.1 262.9 273.3 274.9 294.3 303.3 318.4 330.9 342 347.7 375.7 403 415.9 428.7 454 482.6 489.1 483.5 479.7
