app/static/ascii/NG72.asc
ncols 200
nrows 200
xllcorner 170000
yllcorner 820000
cellsize 50
[rows 74 to 110 of 200, columns 83 to 165 of 200]
45.5 39.1 29.8 27.7 24.5 18.7 10.7 -1.9 -1.9 6.4 7.4 9 9.4 7.9 5.6 -1.9 -1.9 -1.9 -1.9 -1.9 -1.9 -1.9 -1.9 -1.9 5.7 8 14.9 20.6 16.6 6.7 2.6 2.6 18.4 12.5 16.1 18.3 14.7 -1.9 -1.9 -1.9 -1.9 -1.9 -1.9 -1.9 -1.9 -1.9 -1.9 -1.9 -1.9 -1.9 -1.9 -1.9 -1.9 -1.9 -1.9 -1.9 -1.9 -1.9 -1.9 -1.9 -1.9 -1.9 -1.9 -1.9 -1.9 -1.9 -1.9 -1.9 -1.9 -1.9 -1.9 -1.9 -1.9 -1.9 -1.9 -1.9 -1.9 -1.9 -1.9 -1.9 -1.9 -1.9 -1.9
46.8 41.4 29.7 26.4 22.8 16.6 4.4 -1.9 2.2 6.8 6.3 7.3 7 3.1 -1.9 -1.9 -1.9 18.3 18.2 18.3 19.9 16.6 13 17.3 21.8 25.8 32.6 31.7 22.3 8.4 8.1 10.6 16.8 17.5 15.7 15.3 13.8 -1.9 -1.9 -1.9 -1.9 -1.9 -1.9 -0.7 -1.9 -1.9 -1.9 -1.9 -1.9 -1.9 -1.9 -1.9 -1.9 -1.9 -1.9 -1.9 -1.9 -1.9 -1.9 -1.9 -1.9 -1.9 -1.9 -1.9 -1.9 -1.9 -1.9 -1.9 -1.9 -1.9 -1.9 -1.9 -1.9 -1.9 -1.9 -1.9 -1.9 -1.9 -1.9 -1.9 -1.9 -1.9 -1.9
50.5 41.4 28.1 25.2 21.4 13.8 2.9 -1.9 -1.9 -1.9 -1.9 -1.9 -1.9 -1.9 -1.9 18.4 23.2 27 26.4 27 25.6 23 23 33.4 39.9 42.8 50.5 39.1 25.5 15.1 13.9 14.9 18.5 22.2 21.9 13.6 6.4 -1.9 -1.9 -1.9 -1.9 -1.9 6.2 9.3 -1.9 -1.9 -1.9 -1.9 -1.9 -1.9 -1.9 -1.9 -1.9 -1.9 -1.9 -1.9 -1.9 -1.9 -1.9 -1.9 -1.9 -1.9 -1.9 -1.9 -1.9 -1.9 -1.9 -1.9 -1.9 -1.9 -1.9 -1.9 -1.9 -1.9 -1.9 -1.9 -1.9 -1.9 -1.9 -1.9 -1.9 -1.9 -1.9
49.7 40.7 28.6 24.6 20.3 10 3.3 -1.9 -1.9 -1.9 -1.9 -1.9 -1.9 15.4 19.9 24 24.8 28.1 30.9 31.2 29.8 28.9 38.9 46.3 50.3 60.2 57.8 41.6 28.2 20.3 20 20.2 23.5 25.3 23.2 14 13.6 3.7 -1.9 -1.9 -1.9 -1.9 14 9.1 -1.9 -1.9 -1.9 -1.9 -1.9 -1.9 -1.9 -1.9 -1.9 -1.9 -1.9 -1.9 -1.9 -1.9 -1.9 -1.9 -1.9 -1.9 -1.9 -1.9 -1.9 -1.9 -1.9 -1.9 -1.9 -1.9 -1.9 -1.9 -1.9 -1.9 -1.9 -1.9 -1.9 -1.9 -1.9 -1.9 -1.9 -1.9 -1.9
50.6 39.4 29.5 24.3 18.5 10.3 4.6 2.5 0.3 1.7 4.1 10.6 13.7 20 24.6 24.1 25.9 28.2 29.7 30.6 29.5 38.6 49.2 55 58.2 61.4 53 40.2 27.7 25.4 24.7 26.6 31.1 30.2 19.2 18.3 14.9 14.4 -1.9 -1.9 -1.9 8.1 9.6 -1.9 -1.9 -1.9 -1.9 -1.9 -1.9 -1.9 -1.9 -1.9 -1.9 -1.9 -1.9 -1.9 -1.9 -1.9 -1.9 -1.9 -1.9 -1.9 -1.9 -1.9 -1.9 -1.9 -1.9 -1.9 -1.9 -1.9 -1.9 -1.9 -1.9 -1.9 -1.9 -1.9 -1.9 -1.9 -1.9 -1.9 -1.9 -1.9 -1.9
51.1 41.4 32.8 24.7 19.4 14.1 6.8 7.1 7.8 9.2 15.6 20.8 21.4 24.5 23.2 23.9 24.9 25.6 26.4 28.6 37.7 43.6 53.6 60.7 65 58.6 48.2 36.9 31.4 34.1 29.1 30.6 26.8 20.2 18.6 19.3 20 15.7 9.3 2.6 2.6 6 -1.9 -1.9 -1.9 -1.9 -1.9 -1.9 -1.9 -1.9 -1.9 -1.9 -1.9 -1.9 -1.9 -1.9 -1.9 -1.9 -1.9 -1.9 -1.9 -1.9 -1.9 -1.9 -1.9 -1.9 -1.9 -1.9 -1.9 -1.9 -1.9 -1.9 -1.9 -1.9 -1.9 -1.9 -1.9 -1.9 -1.9 -1.9 -1.9 -1.9 -1.9
53.2 43.7 34.9 25.5 18.6 14.4 14.6 15.1 16.7 20.1 23.7 27.5 29.9 25.3 24.1 24.6 24.7 24.9 27 31.3 38 40.4 50.5 54.1 52.6 46.6 40.2 34.9 34.6 32.8 29.3 23.4 20.4 19.6 18.8 19.2 16.5 5.8 2.6 2.6 0.1 -1.9 -1.9 -1.9 -1.9 -1.9 -1.9 -1.9 -1.9 -1.9 -1.9 -1.9 -1.9 -1.9 -1.9 -1.9 -1.9 -1.9 -1.9 -1.9 -1.9 -1.9 -1.9 -1.9 -1.9 -1.9 -1.9 -1.9 -1.9 -1.9 -1.9 -1.9 -1.9 -1.9 -1.9 -1.9 -1.9 -1.9 -1.9 -1.9 -1.9 -1.9 -1.9
54.3 45.8 36.7 27 22.3 19.9 23 22.8 24.1 31.1 34.5 36.9 34.8 33.3 31.8 28.7 27.9 27.8 30.2 35 38.6 41.7 40.9 41.1 40.6 40.1 38.6 38.3 40 40.2 32.9 22.9 20.4 19.5 19.5 21.5 15.8 5.2 10.6 0.6 -1.9 -1.9 -1.9 -1.9 -1.9 -1.9 -1.9 -1.9 -1.9 -1.9 -1.9 -1.9 -1.9 -1.9 -1.9 -1.9 -1.9 -1.9 -1.9 -1.9 -1.9 -1.9 -1.9 -1.9 -1.9 -1.9 -1.9 -1.9 -1.9 -1.9 -1.9 -1.9 -1.9 -1.9 -1.9 -1.9 -1.9 -1.9 -1.9 -1.9 -1.9 -1.9 -1.9
58.9 48.9 39.1 29 23.1 23.6 28.4 32.5 36 45.7 50.2 46.3 44.1 43.5 38.6 32.7 32.4 32.4 33.2 37.9 39.6 43.8 40.4 40 39.8 40.5 43.7 48.2 47.1 42.7 33.2 25.1 20.8 19.6 19.1 16.3 14 20.1 11.3 -1.9 -1.9 -1.9 -1.9 -1.9 -1.9 -1.9 -1.9 -1.9 -1.9 -1.9 -1.9 -1.9 -1.9 -1.9 -1.9 -1.9 -1.9 -1.9 -1.9 -1.9 -1.9 -1.9 -1.9 -1.9 -1.9 -1.9 -1.9 -1.9 -1.9 -1.9 -1.9 -1.9 -1.9 -1.9 -1.9 -1.9 -1.9 -1.9 -1.9 -1.9 -1.9 -1.9 -1.9
65.5 47.9 36.2 30 29.5 33.3 40 45.9 56.8 58.1 56.2 52.4 51.4 48.5 44.3 37.1 36.3 36 38.3 39.8 39.2 42.2 40.2 39.9 40.3 43.2 51.9 57.4 52.8 42.6 30.9 26.2 21.2 18.8 17.6 16.4 21.4 23.9 -1.9 -1.9 -1.9 -1.9 -1.9 -1.9 -1.9 -1.9 -1.9 -1.9 -1.9 -1.9 -1.9 -1.9 -1.9 -1.9 -1.9 -1.9 -1.9 -1.9 -1.9 -1.9 -1.9 -1.9 -1.9 -1.9 -1.9 -1.9 -1.9 -1.9 -1.9 -1.9 -1.9 -1.9 -1.9 -1.9 -1.9 -1.9 -1.9 -1.9 -1.9 -1.9 -1.9 -1.9 -1.9
58.9 47 38.3 38.4 41.2 42.8 49.6 57.2 63.9 61.2 57.8 59.3 57.9 51.9 45.9 40.1 40.8 39.7 39.9 41.8 40.1 39.7 39.7 40.1 41 45.7 56.6 64.4 59.8 39.2 32.4 27.3 20.7 17 17.6 21.5 21.4 -1.9 -1.9 -1.9 -1.9 -1.9 -1.9 -1.9 -1.9 -1.9 -1.9 -1.9 -1.9 -1.9 -1.9 -1.9 -1.9 -1.9 -1.9 -1.9 -1.9 -1.9 -1.9 -1.9 -1.9 -1.9 -1.9 -1.9 -1.9 -1.9 -1.9 -1.9 -1.9 -1.9 -1.9 -1.9 -1.9 -1.9 -1.9 -1.9 -1.9 -1.9 -1.9 -1.9 -1.9 -1.9 -1.9
56.2 49.5 48.6 49.7 51.5 53.5 60.5 68.4 68.9 61.7 61.5 62.1 61 55.8 49.2 43 42.7 41.8 41.6 42.7 42 39.3 39.1 40.1 41.7 46.7 58.7 65.7 52.7 41.3 38.1 29.3 16.3 12.8 24.3 21.3 -1.9 -1.9 -1.9 -1.9 -1.9 -1.9 -1.9 -1.9 -1.9 -1.9 -1.9 -1.9 -1.9 -1.9 -1.9 -1.9 -1.9 -1.9 -1.9 -1.9 -1.9 -1.9 -1.9 -1.9 -1.9 -1.9 -1.9 -1.9 -1.9 -1.9 -1.9 -1.9 -1.9 -1.9 -1.9 -1.9 -1.9 -1.9 -1.9 -1.9 -1.9 -1.9 -1.9 -1.9 -1.9 -1.9 -1.9
57.9 54.8 56.7 59.2 57 63.3 67.9 70.7 70 66.9 71.1 67.2 59.6 54.9 50 45.6 45.9 43.9 42.4 40.8 39.9 38.8 38 38 38.6 44.2 56.1 57.6 53.6 50.5 40.1 22.4 -1.9 -1.9 -1.9 -1.9 -1.9 -1.9 -1.9 -1.9 -1.9 -1.9 -1.9 -1.9 -1.9 -1.9 -1.9 -1.9 -1.9 -1.9 -1.9 -1.9 -1.9 -1.9 -1.9 -1.9 -1.9 -1.9 -1.9 -1.9 -1.9 -1.9 -1.9 -1.9 -1.9 -1.9 -1.9 -1.9 -1.9 -1.9 -1.9 -1.9 -1.9 -1.9 -1.9 -1.9 -1.9 -1.9 -1.9 -1.9 -1.9 -1.9 -1.9
61.3 60.4 60.3 60.4 61.7 68.7 71.5 72.4 71.5 71.1 71.1 63.6 56.5 53.1 49.2 47.4 45.6 44.5 43.2 41.3 37.3 35.9 34.6 37.1 32.1 39.5 54.1 62.7 61.5 50 32.6 -1.9 -1.9 -1.9 -1.9 -1.9 -1.9 -1.9 -1.9 -1.9 -1.9 -1.9 -1.9 -1.9 -1.9 -1.9 -1.9 -1.9 -1.9 -1.9 -1.9 -1.9 -1.9 -1.9 -1.9 -1.9 -1.9 -1.9 -1.9 -1.9 -1.9 -1.9 -1.9 -1.9 -1.9 -1.9 -1.9 -1.9 -1.9 -1.9 -1.9 -1.9 -1.9 -1.9 -1.9 -1.9 -1.9 -1.9 -1.9 -1.9 -1.9 -1.9 -1.9
62.2 63 62.9 63.8 68.7 72.9 74 74.4 73.9 72.5 66.7 58.5 52.8 50.6 49.6 48.7 47 48 46.3 41.9 33.4 31 30.6 30.7 21.5 27 41.3 45.7 38.3 -1.9 -1.9 -1.9 -1.9 -1.9 -1.9 -1.9 -1.9 -1.9 -1.9 -1.9 -1.9 -1.9 -1.9 -1.9 -1.9 -1.9 -1.9 -1.9 -1.9 -1.9 -1.9 -1.9 -1.9 -1.9 -1.9 -1.9 -1.9 -1.9 -1.9 -1.9 -1.9 -1.9 -1.9 -1.9 -1.9 -1.9 -1.9 -1.9 -1.9 -1.9 -1.9 -1.9 -1.9 -1.9 -1.9 -1.9 -1.9 -1.9 -1.9 -1.9 -1.9 -1.9 -1.9
63.3 63.9 66.6 74.5 82.3 81.8 77 77.8 80.2 74.6 64.1 56.9 50.8 50.7 50.6 49.8 51.2 53.4 48.3 42.4 30.6 27.7 27.7 18.2 -1.9 -1.9 -1.9 -1.9 -1.9 -1.9 -1.9 -1.9 -1.9 -1.9 -1.9 -1.9 -1.9 -1.9 -1.9 -1.9 -1.9 -1.9 -1.9 -1.9 -1.9 -1.9 -1.9 -1.9 -1.9 -1.9 -1.9 -1.9 -1.9 -1.9 -1.9 -1.9 -1.9 -1.9 -1.9 -1.9 -1.9 -1.9 -1.9 -1.9 -1.9 -1.9 -1.9 -1.9 -1.9 -1.9 -1.9 -1.9 -1.9 -1.9 -1.9 -1.9 -1.9 -1.9 -1.9 -1.9 -1.9 -1.9 -1.9
66.8 71.4 77 87.1 93.2 94 86.3 86.1 84.9 77.2 65.2 56.5 51.6 51.4 52.3 51.8 54.9 53.5 48.3 40.4 31.5 24.3 10.1 -1.9 -1.9 -1.9 -1.9 -1.9 -1.9 -1.9 -1.9 -1.9 -1.9 -1.9 -1.9 -1.9 -1.9 -1.9 -1.9 -1.9 -1.9 -1.9 -1.9 -1.9 -1.9 -1.9 -1.9 -1.9 -1.9 -1.9 -1.9 -1.9 -1.9 -1.9 -1.9 -1.9 -1.9 -1.9 -1.9 -1.9 -1.9 -1.9 -1.9 -1.9 -1.9 -1.9 -1.9 -1.9 -1.9 -1.9 -1.9 -1.9 -1.9 -1.9 -1.9 -1.9 -1.9 -1.9 -1.9 -1.9 -1.9 -1.9 -1.9
80.6 80.2 86.3 91.7 96.3 99.2 95 90.4 84.1 74.7 64.4 58.2 55.5 56.1 55.5 55.9 56.4 52.7 48.8 44.4 30.2 -1.9 -1.9 -1.9 -1.9 -1.9 -1.9 -1.9 -1.9 -1.9 -1.9 -1.9 -1.9 -1.9 -1.9 -1.9 -1.9 -1.9 -1.9 -1.9 -1.9 -1.9 -1.9 -1.9 -1.9 -1.9 -1.9 -1.9 -1.9 -1.9 -1.9 -1.9 -1.9 -1.9 -1.9 -1.9 -1.9 -1.9 -1.9 -1.9 -1.9 -1.9 -1.9 -1.9 -1.9 -1.9 -1.9 -1.9 -1.9 -1.9 -1.9 -1.9 -1.9 -1.9 -1.9 -1.9 -1.9 -1.9 -1.9 -1.9 -1.9 -1.9 -1.9
91.8 92.9 93.5 93.9 96.2 96.4 92.8 87.3 81 73.7 65.7 60.9 59 58.1 60.5 64 64.6 56.7 49.4 38.1 -1.9 -1.9 -1.9 -1.9 -1.9 -1.9 -1.9 -1.9 -1.9 -1.9 -1.9 -1.9 -1.9 -1.9 -1.9 -1.9 -1.9 -1.9 -1.9 -1.9 -1.9 -1.9 -1.9 -1.9 -1.9 -1.9 -1.9 -1.9 -1.9 -1.9 -1.9 -1.9 -1.9 -1.9 -1.9 -1.9 -1.9 -1.9 -1.9 -1.9 -1.9 -1.9 -1.9 -1.9 -1.9 -1.9 -1.9 -1.9 -1.9 -1.9 -1.9 -1.9 -1.9 -1.9 -1.9 -1.9 -1.9 -1.9 -1.9 -1.9 -1.9 -1.9 -1.9
96.7 99.1 97.8 102.3 100.1 95.3 89.3 83.4 78.3 72.8 68 64.4 60.8 59.2 62.4 62.3 56.4 54.1 44.6 -1.9 -1.9 -1.9 -1.9 -1.9 -1.9 -1.9 -1.9 -1.9 -1.9 -1.9 -1.9 -1.9 -1.9 -1.9 -1.9 -1.9 -1.9 -1.9 -1.9 -1.9 -1.9 -1.9 -1.9 -1.9 -1.9 -1.9 -1.9 -1.9 -1.9 -1.9 -1.9 -1.9 -1.9 -1.9 -1.9 -1.9 -1.9 -1.9 -1.9 -1.9 -1.9 -1.9 -1.9 -1.9 -1.9 -1.9 -1.9 -1.9 -1.9 -1.9 -1.9 -1.9 -1.9 -1.9 -1.9 -1.9 -1.9 -1.9 -1.9 -1.9 -1.9 -2 -1.9
97.9 100.4 100.9 102.7 99.1 91.7 85.3 79.3 76 73.4 67.6 61.7 56.7 53.9 56.1 54.5 53.2 43.5 25.1 -1.9 -1.9 -1.9 -1.9 -1.9 -1.9 -1.9 -1.9 -1.9 -1.9 -1.9 -1.9 -1.9 -1.9 -1.9 -1.9 -1.9 -1.9 -1.9 -1.9 -1.9 -1.9 -1.9 -1.9 -1.9 -1.9 -1.9 -1.9 -1.9 -1.9 -1.9 -1.9 -1.9 -1.9 -1.9 -1.9 -1.9 -1.9 -1.9 -1.9 -1.9 -1.9 -1.9 -1.9 -1.9 0 0.5 0.4 -1.9 -1.9 -1.9 -1.9 -1.9 -1.9 -1.9 -1.9 -1.9 -1.9 -1.9 23.2 15.5 10.2 1.8 8.4
100.7 101 99.2 97.5 91.4 88.2 81.5 74.3 73.9 69.3 58.5 49.8 45.9 46.1 49.2 40.2 32.2 -1.9 -0.8 -1.9 -1.9 -1.9 -1.9 -1.9 -1.9 -1.9 -1.9 -1.9 -1.9 -1.9 -1.9 -1.9 -1.9 -1.9 -1.9 -1.9 -1.9 -1.9 -1.9 -1.9 -0.2 -0.6 -1.9 -1.9 -1.9 -1.9 -1.9 -1.9 -1.9 -1.9 -1.9 -1.9 -1.9 -1.9 -1.9 -1.9 3.5 6.6 4 3.1 2.6 8.2 8.7 6.3 4.7 2.6 3.1 1.9 -1.9 -1.9 -1.9 -1.9 -1.9 -1.9 -1.9 26.9 43.6 50 41 55.8 40.8 30.5 34.6
96.7 92.7 90.7 87.2 79.7 72.3 67.7 62.1 55.2 52.7 46.1 33.9 22.7 23.3 17.8 5.8 -1.9 -1.9 -1 -1.9 -1.9 -1.9 -1.9 -1.9 -1.9 -1.9 -1.9 -1.9 -1.9 -1.9 -1.9 -1.9 -1.9 -1.9 -1.9 -1.9 -1.9 -1.9 -1.9 1.3 2.7 1.6 2.1 1 1.3 2.2 -1.9 -1.9 -1.9 5 20.7 37.2 30.8 11 7.1 15.6 22.7 22.4 24 24.4 29.9 32.9 24.4 20.1 18.2 15.5 11.6 11 5.1 1.3 -1.9 -1.9 5.6 24.7 44.2 62.5 68.6 77.5 79 71.2 47.3 50.8 43.8
84.9 77.6 73.6 66.2 57.9 53.9 49.3 43.5 41.9 33.6 24.9 8.4 7.9 7.8 3.1 1.9 2.6 2.6 0.6 -1.9 -1.9 -1.9 -1.9 -1.9 -1.9 -1.9 -1.9 -1.9 -1.9 -1.9 -1.9 -1.9 -1.9 -1.9 -1.9 -1.9 -1.9 -1.9 6.4 19.7 12.6 7.1 8.1 8.2 7.7 8.3 14.5 23.3 23.6 26.3 47.3 51.5 46.2 33.1 29.6 29.6 33.6 38.6 42.5 47.3 53.7 47.6 37.8 32.7 31.4 31.9 30 32.1 32.2 26.8 20.7 35.1 50.1 61.1 74.2 85.9 96.4 99.6 93 73 69.4 63.3 53.9
61.8 53.1 45.9 41.7 34 35 31.3 24.8 20.7 16.4 10.7 8.6 8.5 9.4 9 10.5 8.4 5.1 4.3 1.5 -1.9 -1.9 -1.9 -1.9 -1.9 -1.9 -1.9 -1.9 5.7 12.9 6.3 3.3 2.1 1.2 1.9 10.7 7.2 19.7 43.7 53.7 40.4 18.7 25.3 25.2 24.3 23.1 28.8 37.3 33.7 40.9 53.9 56.2 55.3 48.5 43.6 42.9 51.8 56.6 64.5 68.1 67.4 61.8 60.5 56.5 46.4 43.3 44.3 49.3 53.1 59.3 64.7 73.8 78.3 88.4 103.3 112.9 122.4 116.8 95.9 82.2 80.6 72.4 71.9
38.9 35.4 30.8 27.9 28.3 28.8 21.2 20.6 20.3 14.5 15.6 19 25.3 29.2 28.1 31.3 33.2 28.1 19.3 11.4 11.1 11.6 5.7 11.7 7.6 9.4 19.8 24 25.9 28.8 27.9 24.4 24.1 18.1 25.9 33.8 46 57 69.2 60.7 37.7 32.4 47.2 40.7 38.1 36.5 44 43.3 44.7 50.9 57.2 60.1 60.8 62.2 61.5 63.2 68.4 76 86.3 95.3 102.9 88.1 79.5 80.2 80.3 68 57.3 66.3 75.5 87 100.2 112.6 116.2 114.8 118.4 138.4 139.8 127.5 96.2 101.9 97 84.9 80.9
34.5 31.1 29.6 28.5 30.3 34.1 31.2 31.8 36.2 34.5 37.6 47.8 53.5 55.2 56.2 62.7 62.5 52 41.5 31.5 33.5 37.3 41.1 55.3 43.3 35.4 42.2 45.6 43.3 41.9 45.6 38.8 36.9 36.9 48.5 62.1 76.6 89.3 81.5 67 61.3 63.9 61.9 57.4 52.9 48.3 51.1 50.1 55.6 61.7 63.9 66.7 74 79.1 76.6 79.6 87.8 96.9 106 120.6 120.4 110.3 97.1 102.1 102.4 90.6 62.3 81.5 101.3 113.3 131.2 142.6 141.3 146.4 153.4 147.3 140.5 120.5 117.1 115.5 108.5 101.1 94.1
40.9 40.2 34.9 32.6 36.5 38.9 45.6 51.4 57.9 63.9 64.2 67.5 70.2 73.6 77.7 88.5 85.9 73.6 64 52.4 59.5 70.6 70.6 95.2 81.6 72.4 74.6 72.9 61.1 61.2 65.9 56.1 52.4 57 70.1 82.8 98.4 103.4 89.4 65.7 76.3 74.1 72.9 68.9 65.2 59.5 58.3 60.7 68.1 71.8 72 77.6 84.3 88.3 88.1 97 108.7 118.3 127.1 141.7 134.1 126.2 123.8 137.8 141.8 113.9 78.3 101.3 116.5 134.4 154.9 160.2 166.3 170 160 150.1 140.1 134.6 132.1 136.5 134.7 131.6 123.5
39.8 39.7 40.2 40.3 44.8 50.4 58 70.1 77.9 82.6 87 88.5 91.2 93.7 99.5 103.8 97.4 87.3 80.4 80 89.2 105.5 101 112.2 113.4 107.8 101.6 90.5 82.6 93.7 87.3 74.3 69.2 76.6 91.1 101.8 112.6 110 84.7 94.6 88.5 84.9 83.7 78 73.7 73.3 72.3 77.7 84.8 87.2 88.8 93.9 101.3 108.8 106.8 115.4 130.1 137 151.7 161.1 155.4 148.6 148.9 158.1 160.1 132 98.9 118.3 141.4 151.3 169.7 175 180.5 178.9 166.7 158.8 155.6 161.8 174.5 177.1 169.8 168.3 155.5
47.3 52.4 52.5 54 59.1 64.7 72.2 79.4 87.7 98 106.2 110 111.8 113.2 118.4 118.9 111 103.5 96 109.5 114.7 116.7 117.9 127.7 127.7 120.1 113 102.5 101.8 109.1 102.8 87.4 85.5 102.6 107.1 118.4 128.9 124 105.7 106.1 101.1 98.1 96 90.9 86.7 88 94.6 96.9 100.6 107.5 109.5 114.3 123.1 124.3 126 141 154.9 157.2 165.2 173.7 175.6 170.7 165.4 176.5 178.5 141.1 131.6 147.3 165.6 168.9 176.1 189.6 194.8 185.4 182.1 186.7 192.4 207.5 217.2 206.2 197.5 191.8 183.4
60.3 68 70.8 73.1 76.3 82.2 90.3 96.3 101.8 109.5 111.8 118 121.4 124.2 127.2 129.5 124.7 117 117.6 133 135 130.4 131.7 143 137.9 131 124.2 120.7 119.3 118.7 111 102.2 117.3 125.8 122.6 135.3 139.1 127.7 121.2 123.3 119.7 114.5 109.1 106.6 106.4 108.6 115 116.2 122.1 127.7 131.1 133.3 141.7 142.6 150.2 169.2 183.1 194.1 193.3 200.4 205.4 192.2 188.7 193.1 177.1 140 161.6 173.4 179.3 183 188.3 197.7 205.7 212.1 215.5 229.2 246.6 242.8 248.2 236 221.8 210 195.6
73 79.1 84 87.5 91.6 96.9 104.9 113.5 118.3 120.9 127.1 129.3 130.8 133.3 136.6 139.1 135.1 130.6 137.6 148.2 151.6 148.8 147.3 155.1 151.3 142.9 138 137.9 132 129.5 121.1 129.6 137 132.9 137 141 133.4 127.2 134.2 141.6 143.4 133.8 129.2 127.1 125.1 126.1 131.3 137.3 142.4 147.9 149.8 153.4 157.8 162 181.1 203.1 215.2 219.2 215.4 217.3 215.3 207.3 200.1 198.2 169.3 155.1 175.5 195.8 189.3 202 207.8 220.6 235 245.4 261.6 273.5 274.6 267.9 274.5 266.7 252.2 238.1 224.3
84.7 89.8 95.4 99.9 105.2 110.5 117.9 121.9 126.9 130.2 135.7 138.9 139.8 141.4 144.8 149.7 153.4 151.7 156.6 162.6 167.5 166.9 164.3 164.5 160.7 155.2 151.3 146.6 148.6 153.8 146.4 143.2 142 145.1 147.7 135.7 131.1 139.4 150.4 159.3 162.1 155.5 150.8 151.6 145.8 140.6 142.6 152.3 161 166.8 170.7 175.4 180.2 189.1 206 217.3 225 230.9 229.3 227.2 222 214.4 209.3 198 173 178.8 197.8 215.3 224 224.5 233.9 244.7 272.2 285.3 309.1 310.7 301.7 300.7 305.9 298.7 283.3 273 261.9
95.9 100.5 106.8 112.3 117.6 122.7 129.8 133.6 136.1 140.2 144.7 147.9 148.9 149.9 150.4 152.8 159.8 165.4 168 179 181.9 179.1 173.6 170.7 168.3 162.2 156.8 154.5 160.9 162.5 158.1 154.1 151.7 150.6 149.7 135.8 139.1 152.6 166.2 177 184.6 177.5 173.4 174.5 168.9 152.5 158.5 167.6 178.6 187.9 193.6 197.9 206.1 209.8 220.7 230.5 241.1 242.7 237.5 232.8 227.4 222.7 220.9 211.6 206.3 210 229.3 239.5 243.6 239.8 251.4 270.4 295.7 336.8 338 326.7 318.3 331.7 329.2 323.1 317.3 293 276.7
106.6 113.2 118.8 124.1 130.1 134.8 139.9 146.1 148.1 150.9 155.1 155.8 156.8 158.6 160.3 164.1 173 184.1 185.2 200.5 197.5 193.6 181 176.4 173.9 168.9 161.8 164.7 174.8 170.6 163.7 157.8 154.4 151.2 140 145.1 150.7 165.8 181.6 192.4 201.2 197.2 189.2 181.3 171.4 162.1 171.1 182.9 194.3 204 207.7 211.4 220.7 224.8 235.7 243.8 249.1 247.1 240.2 238.7 234.2 232.7 233.5 234.8 227.8 235.4 250.3 251.8 251.7 256.5 272.7 298.8 332.4 353.2 364.6 358.6 347.5 351.3 351.2 346.1 340.1 321.9 294
116.9 125.5 129.4 134.9 143.2 146 148 151.7 158.7 164.5 164.7 163.4 164.6 167.2 171.4 175.2 182 190.7 202 206.8 203.8 194.3 184 180.9 179.2 176.5 170.9 178.1 183.1 174.7 167.8 161.3 157.6 149.8 152.7 157.3 158.4 177.3 201.1 209.4 215.7 211 203.1 194.3 187.9 181.4 190.6 198.2 204.8 209.7 213.8 220.6 228.9 234.7 242.9 246.2 247.4 246.7 246.9 243.5 246.2 249.2 251.3 252.2 249.2 253.1 263.2 266.8 276.6 289.1 302.5 325.2 351.4 369.7 369.7 368 367.7 374.5 369.7 356.5 342.9 328.2 316.5
111.4 127.4 135.4 143.7 149.7 153.9 154.5 158.8 165.4 170.3 172.7 174.1 174 176.3 181.6 186.4 197.2 206.9 215.5 214.3 206.6 196.1 188.6 187.4 185.5 182.6 190.5 194 188 180 171.9 164.1 159 161.5 164.1 168.5 174.2 200.6 221 231 230.2 222.4 213.2 207.5 205.2 203.3 205.8 213.7 218.8 220.2 222.5 231.1 238.2 242.4 245.7 252.4 256.2 259.3 262.8 262.6 265.6 266.7 268.1 269.8 272.7 274.9 284.3 286.7 295.5 312.6 320.8 333 346.9 361.2 363.3 368.8 375.7 380.6 380.9 373.6 355.9 337.4 324.2
