app/static/ascii/NG75.asc
ncols 200
nrows 200
xllcorner 170000
yllcorner 850000
cellsize 50
[rows 140 to 174 of 200, columns 0 to 78 of 200]
180.3 188.8 192.5 198.8 209.4 215.4 217.2 220.3 227.4 235.6 240.8 246.1 253.4 259.4 261 260.4 260.2 259.4 259.8 260.1 260.5 263.1 267.3 272.5 277.5 283.5 289.7 295.9 301.1 305.4 309.5 315.9 321.1 320.9 325.6 332.5 340.6 340.1 357.3 371 381.3 389.8 390.6 396.4 409 418.2 431.1 443.1 460.2 473 476.2 477.6 479.4 475.6 473.3 468.9 456.7 441.2 422.3 404.4 374.2 368.6 352.4 342.1 338 331.8 318.4 306.6 298.7 294.2 284 275.5 270.2 270.5 270.5 269.4 276.6 281.6 289.5
183.3 191.6 195.1 199.8 208.9 213.6 216.5 221.3 228.4 238 241.8 246.6 253.8 262 265.4 264.5 262.1 260.8 260.8 262.2 263.7 265.3 269 272.3 277 281.5 288.1 294.7 300.2 304.5 308.8 316.5 322.1 324.5 327.8 329.5 338.6 340.3 351.4 364 378 386 389.7 395.8 405.2 416.1 429.2 441.1 460 476 481.9 480.8 490.2 486.6 481.4 474.8 459.3 447.1 423 408.7 383.2 368.5 358.3 346.7 343.9 338.8 321.3 311.2 309 301.8 285.9 278.3 273 275.7 280.5 290.2 296.2 298.7 305.5
185.9 192.4 197.2 202.2 209.9 212.7 217.7 223.3 232.5 243 245.5 248.9 254.6 263.4 269.2 269.1 266.6 263 263.9 265.6 267 268.6 269 271.8 275.4 279.8 285.8 293.5 300 304.7 309.1 314.8 320.5 327 330.1 329.1 334.4 341.2 349.6 357.7 371.5 383.8 389.6 393.2 400.6 412.2 424.7 437.8 453.7 471.3 480.5 481 491 492.5 488.3 477.7 463.4 453.6 428.4 406.5 386.7 374.3 365.1 355 345.4 344.4 328.1 319.6 320 302.7 294.6 289.4 289.8 294.6 299.6 306.5 313.8 311.1 319.6
189.1 192.3 197 200.7 207.7 215 221.1 226.5 239.8 246.8 250.4 250 256.1 264.8 271 270.7 269.5 266.4 267.6 268.9 270.4 271.7 270.2 272.1 275.2 279 285.1 292.2 298.7 305 309.7 314.6 319.2 325.8 332.1 332.3 334.1 341 348 355.9 368.2 379.3 387.5 393 398.1 409.4 423.9 434.7 447.2 457.7 469.2 478 485.5 491.4 491.3 479 463.9 452.7 432.2 408 385.2 379.5 373.9 365.1 352.7 345.6 340.2 325.7 320.4 313.6 315.7 323.6 313.2 310.4 313.3 318.2 325.9 333.2 346.2
189.5 193.3 196.8 199.1 203.7 218.9 224 229.1 240.5 247.5 250.9 254 257 264.3 270.7 271 270.7 269.9 271.4 272.7 273.8 273.5 274.7 275.7 275.8 279.2 284.2 291 297.5 303.8 309.1 313.6 318.1 324.4 331 336.6 337.2 339.7 345.6 353.6 363.2 375.1 384.4 392.2 397.4 406.2 420.9 433.1 444.2 454.2 464.8 473.7 481 487.3 485.4 479.5 464.9 450.4 432.8 411.3 385.3 379.9 377.7 370.5 357.5 347.4 341 331.7 323.2 334.9 339 334.5 324.6 328.3 335.5 342.3 347.2 365.1 382.5
189.6 193.4 194.9 199 209.2 221.7 225.6 231.6 239.3 248.9 254.7 258.2 260.2 265.3 272.8 277.9 276.7 273.8 275.4 276 276.7 277.4 279 278.8 278.6 279.2 281.5 288.9 296.4 302.3 308 312 316 322.9 329.2 335.8 339.7 339.2 342.6 350.9 361.3 371.4 378.7 386.1 392.9 401.3 414.7 430.1 441.4 453.5 464.2 473 480.1 481.4 478.3 471.5 458.4 450.8 434.1 413.7 393.2 387.3 380.9 378.6 361 352.1 345.3 342.1 345.3 346.6 349.3 346.7 336.2 341.3 346.5 352.3 359.7 386.5 402.1
190.6 193.1 195.5 204 213.6 222.3 228.4 234.1 242.1 251 259.3 261.1 262.8 267.7 274.7 281.1 280.3 278.3 280.3 281.3 280.8 281.2 281.1 280.1 279.2 280 282.1 287.6 294 301.3 306.9 311.1 314.6 319.6 325.6 333.6 340.3 340.3 341.9 348.5 360.1 369.5 375.8 381 387.5 396 404.8 424.1 437.6 450.9 463.4 469.6 478 482.3 474.7 470.6 459.2 449 427.2 412.6 402.2 396.3 381.5 380 365.8 358.3 362.3 366.8 360.8 357.1 349.6 350.8 343 351 350.6 357 381.4 405.9 412
190.1 193.4 197.8 211.7 216.3 221.6 228.5 238.1 245.9 254.1 261.6 263.1 264.2 268 275.4 281.9 282.2 282.4 284.8 287.1 286.6 285.9 284.1 282.2 282.2 284.2 285.9 288.8 290.1 298.5 306 310.6 313.8 316.8 322.8 331.2 339.4 340.6 341.2 345.5 359.6 367.5 373.1 377 383.2 390.6 398.3 412.5 432.6 445.5 454.6 463.6 471.3 476 471.1 467.5 456.8 445.6 428.5 409.8 410.3 402.7 382.8 377.3 372.4 368.4 370.9 372.8 367.9 367.4 362.8 355.4 352 360 358.2 372.8 402.4 412.9 418
189 193.3 199.7 213.2 221.5 226.6 235.5 243.8 251.4 259.5 260.8 263.7 264.9 268.2 276.5 283.8 286.5 287 287.6 290.9 290.7 289.8 288.2 286.7 286.1 288.7 290.4 290.5 290 294.6 302.6 309.5 313.6 316.7 322.3 328.4 337.2 341.5 343 346.6 354 364.8 370.7 372.6 377.7 383.3 392.4 406.1 426.1 441.1 447.9 458 465.7 468.9 469.3 464.8 453.8 441.6 431.2 418.4 406.8 401.4 383.9 384.1 381.9 375.8 374.9 379.6 373.2 369.6 371.6 367.1 359.4 364.4 360.7 393.1 407.9 418.5 422.4
185.6 193.3 202 215.3 224.1 232.1 239.8 245.3 250.1 258 259.7 262.3 265.3 269.4 278.2 284.6 288.9 290.4 291.2 293.2 294.3 294.2 292.3 290.8 291.3 289.3 290.4 291 292 294.3 299.8 308.2 314 317.3 321.5 325.7 333 338.7 342.8 345.1 350.6 363.6 370.6 369.8 373.2 377 386.7 400.8 418.5 431.2 444 454.5 463 469.6 470.4 465.7 451.7 442.6 432.7 423.4 409.5 400.3 397.1 389 385.6 379.4 381.2 380.9 377.5 373.3 371.9 368.1 365.9 375.7 386.8 398.6 418.1 426.8 428.8
185.1 190.5 202.6 217.6 227.5 234.8 241.1 246.6 249.7 252.5 255.1 262.1 267.2 273.1 280.3 286.7 290.8 292.5 295.1 297.5 299.9 298.8 296.8 295.8 293 291.2 293.5 294.4 295.1 296.4 299.5 305.8 312.2 316.7 321 325.3 330 335.9 340.7 347.2 350.6 358.4 361.7 365.9 369.3 371 383.2 396.7 405.1 425.6 437.3 452.1 459.6 464.8 467.9 465.2 452.8 444.2 438.2 421.3 411.3 406.1 402.3 397.5 389.6 380.4 380.2 380.7 381.1 383.8 381.1 374.8 375.7 382.1 393.6 407.7 420.4 430.1 430.8
196.2 197.6 200.7 220 228.8 236.6 242.5 245 250.1 252.8 250.4 259.7 269.1 274.9 280.8 286.9 292.5 295 297.5 300.2 302.8 304.4 302.6 302.1 298.7 297.5 298.5 298.5 298.8 299.1 299.1 303 310.7 315.9 320.6 325.2 329.8 334.8 338.6 346.2 351.8 354.8 357 359.1 362.1 367.1 378.8 388.5 398.6 412.2 427.9 440.9 452 456.2 460.5 460.2 449.6 444.8 440.4 421.9 417.2 412.1 406.6 404.5 396 383.6 382.4 383.6 386.3 389 388.9 386.4 388.3 393.3 400.2 412.1 424.4 429.6 431.1
200.9 204.9 206.1 219.1 227.6 234.8 240.3 241.2 244.5 246.7 251.3 261.1 268.7 274.6 280.7 286.9 293.2 296.8 300 302.6 307 309.1 310 308.7 305.3 303.8 306.1 304.7 302 300 299.9 301.6 309.9 315.1 320.3 324.2 328.6 333 337 342.3 347.6 351.6 353.5 356 359.9 364 373 382.1 395.1 408.2 423.5 439 439.7 448.8 458.8 460.6 448.9 442.8 434 426.3 420.5 416.2 410.1 404.8 396.8 388.3 386.5 386.9 389.4 390.9 390.6 389.2 389.1 394.6 406.3 420.7 428.8 430.7 430.3
206.5 210.8 216.7 221.9 229.2 235.3 239.8 242.2 240.1 240.1 249.7 258.9 267.6 274.9 281.4 288 294.9 300.2 302.9 306 309.4 311.5 314 315.2 312.7 311.4 313.2 310.4 304.1 301.2 300.4 299.7 308.5 313.1 317 320.9 325.7 331 335 339.3 344.4 348.2 350.2 353.3 358.2 363.5 370.8 380.7 392.2 406 418.2 428.5 433.6 445 453.8 453.7 446.7 444.6 440.1 429.2 425.7 423.2 416.7 409.6 396.1 390.5 388.8 389.1 389.2 389.2 388.9 388.8 396.9 406.4 409.9 421.4 429.2 431 431.1
213.2 217.9 221.1 228.1 232.9 236.1 239.4 239.7 241.4 240.1 246.4 257.2 266.4 276.3 283.1 290.1 296.9 302.4 305.7 309.2 312.5 315.5 317.9 321 321.6 319.9 321.3 320.1 311 303.2 300 299.1 307.9 309.3 313.4 317.2 322.4 328 332.8 337.6 341.5 345.1 347.8 350.3 354.4 359.2 371 380.3 389.1 405.1 416 421.3 428.7 437.7 447.7 449.9 448.8 448.2 445.6 435 429.3 429.3 422.3 411.4 397.9 393.6 390.7 389.7 389.2 389.2 388.7 391.1 398.6 412.1 421.5 426.3 429.4 431.1 431.3
216.6 223.5 227.5 231.5 235.9 239.2 240.1 245.1 246.8 240.1 248.1 256.5 264.5 274.4 282.8 290.6 299.1 303.7 306.9 311.2 316 318.9 322.5 326.8 331.3 330 330.2 327.9 319 310.2 301.1 299.1 306 306.6 309.6 312.5 317.7 324 330.4 334.4 338.1 341.8 344.7 346.9 350.1 354.8 365.8 376.3 388.9 399.5 411.2 418.7 428.6 436.6 441.2 445.2 450.2 452.3 450.3 439.2 433.1 432.6 425 412.1 398.9 396.5 395.9 395.7 395.2 390.7 388.8 402.6 409.4 417.9 425.8 430.9 433.2 436.4 433.5
218.8 226.6 233.7 237.8 237.9 239.3 241.1 247.3 252.4 240.1 249.4 255 263.3 273.2 281.5 289.5 298.5 305.3 309.5 313.9 318.4 323.8 326.9 330.4 336.5 337.6 337.9 338.2 325.2 316.8 310 299.4 300 308.9 309.2 309.3 313.7 319.9 326.5 331.6 335.5 339.1 342 343.9 345.8 351.8 361.7 372.7 387.6 401.9 409.3 417.3 429.5 437.6 442.1 445.2 451.4 459.5 453.6 446.5 439 433.5 425.7 414.9 401.4 399 398.9 400.8 401 398.6 396.4 409 413.2 419.2 425.7 430.7 439.1 439.8 437.4
220.4 228.3 236.2 243.3 245 245.2 244.2 248.1 251.4 240.1 248.9 253.4 261.5 274.5 281.8 289.6 298.1 305.9 312 317.7 322.4 327.5 331.8 336 341.3 343.6 342.3 341.7 331.1 321.5 314.6 304.5 303.1 309.7 310.7 309.4 309.8 315 322 328.9 333 336.2 339.4 342 344.3 347.9 356.1 366.2 383.7 399.8 407.6 417.1 426.6 439.1 447 450.7 452.5 459.7 457.6 450.5 443.4 436 425.8 414.6 404.9 403.3 401.2 401.6 401.7 401.2 408 409.7 415.9 420.7 427.8 429.3 434.7 436.7 431.7
222.7 231 238.7 246.1 250.8 249.8 249.6 249.2 251.7 242.2 247.5 252 260.6 272.6 281.9 290.2 299 307.8 314.4 320.3 326.5 331.1 334.1 338.8 343.6 346.9 347.9 344.6 340.7 326.2 319.5 315.3 308.8 311.4 312.2 310.3 309.6 310.3 317.6 324.5 330.5 333.9 337.6 341.5 343.1 345.5 352.1 360.5 374.8 387.9 398.9 409.5 420.9 433.5 443.9 453.6 457.4 460 460 457.8 452 442.3 430.4 416.6 408.2 409.5 406.7 405 405.1 409.4 418.5 421.7 420.4 429.5 429.3 428.5 430.8 432 423.1
224.4 233.5 238.8 247.6 250.7 249.6 251.3 251.6 252.3 242.4 248 252.7 262.8 273.9 282.7 292.6 298.5 308.4 316.8 323.6 329.7 332.6 337.4 342.2 346 349.5 350.9 349.3 345.9 333.4 325 320.2 316.6 318.2 317.2 317.6 313.4 313.7 316.2 320.7 326.7 331.8 335.5 339.2 342.9 344.4 349 356.5 367.9 380.5 390.9 402.3 414.2 428.3 439 450.7 455.4 458.4 460.6 459.8 460.5 452.5 439.6 421.3 411.8 409 409.8 408.5 408.4 413.7 423.6 430.8 427.9 429.8 430.8 431 429.3 425.3 414.9
223.2 232.3 241.1 249.7 250.8 250.5 250.5 251.2 251.4 242.1 248.2 254.3 265.1 273.3 281.3 292.6 301.9 308.6 318 323.7 328.7 335.8 341 346 348.8 350.2 351.7 351.4 346.6 338.4 332.6 327.2 322.7 323.9 325.1 322.9 318.7 318.6 318.4 319.7 321.2 328 332.6 337 341.6 344 348.5 355.5 363 372.4 385.5 396.1 410.4 423.1 434.5 444.7 450.8 454.5 459.2 465.4 462.1 459.5 446.3 427.9 417.1 412.5 415.1 408.9 409.1 416.9 426.4 431.1 434.5 432.6 434.7 435.5 432.9 424.4 414.8
223.9 232.8 242.7 250.8 249.7 245.7 246.6 248.4 250.5 242.1 246.3 256.4 267.3 275.8 283.3 294.3 303.2 310.8 319.3 324.2 329.1 338.8 344.9 349.9 351.6 351.5 351.6 351.2 349.2 344 340.5 333 330.6 330 330.8 329.1 324.3 321.2 319.7 319.2 319.7 322.5 329.3 333.3 338.5 342.7 346.7 353.5 361.5 371.6 381 393.7 405.3 418.2 430.5 443.4 447.7 452.4 458.3 464.5 461.5 457.4 447.2 431.7 420.2 418.1 416 412.1 415.2 420.7 427.6 435 440.5 440.5 439.7 439.8 439.2 430.2 421.5
219.4 231.2 242.3 250.1 248 245.7 245.7 245.7 246 242.1 247.6 257.9 265.8 275 284.5 295.5 303.1 310.8 321.4 326.9 332.2 342 348.7 353.8 356.9 357.9 355.7 353.5 349.7 350.8 347.3 341.8 339.5 338.4 335.6 335.7 333.2 326.2 322 321.8 320.4 319.9 324.6 329.6 335.7 341.7 345.9 351 358 367 377.2 389 402.1 414.4 428.8 439.7 445.4 450.4 457 458.2 460 453.6 443.8 432.4 422.4 419.6 420.8 419.1 418.3 426.1 429.6 435.1 440.8 440.1 439.3 441.2 440.7 431.4 422.6
218.8 225.7 242.1 249.8 248.7 246.1 245.7 245.7 242.1 242.1 251.7 260.1 262.5 273.6 284.5 295 304.8 312.9 321.3 329.3 336 344 352.6 357.8 361.9 360.6 357.8 355.3 355.1 354.3 352.5 348.4 349.6 346.2 343.4 343.2 341.6 332.4 328.8 325.2 321.3 319.9 320.3 325.7 331.8 336.9 342 348 354.2 361.9 370.9 381 394.8 407.3 420.5 432 439.3 451.1 454.6 453.8 451.1 449.5 445.9 433.7 427.2 420.1 419.9 419.4 420 431.9 432 436.6 440 440.3 443.7 443.5 441.5 435 425.4
223.6 226.7 243.2 247.8 250.8 251 250.5 248.5 242.1 242.1 251.3 259.5 260.7 272.5 282.8 293.3 303.5 313 321.4 330.4 338.9 348 355 362.1 366.4 366.8 362.6 359 360.1 358.7 358 349.4 353 356.2 351 350.3 346.6 342.7 335 328.3 324.3 321.9 322.6 322 328 333.3 339.5 345.3 352.2 358.5 365.1 374.9 385.1 397.9 411.8 422.5 431.9 442.9 447.5 448.8 448.2 445.3 440 435.9 429 423 421.6 419.4 423.9 432.5 436.5 439 439.6 446.2 449.6 448.5 443.6 438 427.9
229.9 234.6 245.5 249.7 255.5 257 250.6 250.8 242 242.1 253.8 260.3 263.2 268.8 281 292 302.3 312.3 321.9 332.5 342.2 352 357.1 367.3 370.4 370.9 368.3 359.7 360.9 363.1 360.6 350.8 354.6 360.4 356.9 357.8 354.4 346.5 339.2 332.9 326.9 325.5 323.5 320.4 326.9 332.2 337.6 343.9 349.1 354.3 360.9 371 380.9 389.9 400.6 412 420.3 429.5 436.5 438.4 439.2 438.2 435.7 434.2 431.1 427.4 420 419.6 422.8 431.5 438.9 441 444.7 449.2 453.5 453.6 444.4 439.5 432.6
231.8 238.5 249.2 254.5 260.3 260.3 252.1 249.4 244.1 247.4 253.3 260.1 265 270.2 278.4 291.3 301.9 312.4 322.3 332.3 345.8 354.1 360 370.1 373.1 373.9 372.1 363.2 368.7 368.7 363.3 360 359.2 360.1 364.5 364.2 365.8 358.2 347 337.6 330.9 327.8 322.3 320.4 321.3 331.7 337 342.3 346.8 352.2 358.5 367.1 376 386 395.6 404.2 411.4 417.7 421.6 426.9 429.5 429.8 429 430.9 430.5 427.6 420.8 419.4 422.2 430.1 439.2 440.6 445.6 450.5 450.9 454.1 447 438.4 432.3
234.1 241.3 249.2 254.1 260.5 260.6 257.5 248.2 248.7 251.8 256 262 267.2 271.9 275.4 287.2 300.4 310.3 320.4 331.8 345.8 356.4 363.7 371.7 377.5 378.3 373.2 369.8 370.4 373.6 370.4 366 362.2 363.9 370.3 370.5 370.3 370.5 353.5 343.8 335.5 325.6 320.4 320.4 323.9 330.5 334.8 339.3 343.5 349.3 355.3 361.8 370.3 379 387.1 395.7 401.7 406.2 407.5 413.5 420.5 422.2 422.5 425.4 425.6 422.2 420.9 420 425.5 433 437.9 439.6 443.9 449.8 450.9 450.7 444.5 432.5 425.5
234 241.5 247.5 251.3 259.6 262.7 257.9 244.5 249.6 257.4 259.9 266 268.9 274.4 278.5 284.4 295.7 307.7 319.1 331.7 345.1 356.7 366.6 374.2 379.8 380.9 375.9 375.8 377.8 379.3 377.2 370.2 368.7 369.4 369.5 371.2 372.4 373.1 365.5 350.3 336.5 329 320.4 320.4 324.7 329.9 330.5 337 340.3 346.2 351.5 357.4 364.2 370 377.8 385.1 392.2 395.2 398.3 402.7 406 410.5 413.7 410.7 417.3 420.6 422.5 427.4 429.7 435.3 439.2 439.9 448.4 449.1 449.1 446.7 437.3 430.1 418.5
233.4 237.9 243.5 249.2 256.8 260.7 256.9 245.1 248.9 259.7 262.7 269 273 278.7 280.5 284.9 290.5 302.6 317.4 328.8 341.5 354.5 365 374.1 380.7 381 379.4 382.1 382.4 380.8 379.5 374.6 372 369.7 369.4 373.4 379.6 377.5 374.9 356 338.1 332.8 323.6 322.2 327 331.2 329.9 333 337.3 340.3 345.9 353.6 356.2 360.6 368.3 375.6 380.8 384.4 388.6 397.6 401.8 407.3 408.5 409 412.3 416 425.8 432.8 437.8 439.3 440.5 443.2 449.1 449.1 448.9 443.2 437.3 428.7 413.9
233.7 237.4 242.3 247.8 254.8 260.4 257.1 247.3 245.3 256.3 266.3 271.4 275.7 279 284.9 288.9 291.4 299.9 313.5 325.8 338.4 353.2 362.6 373.4 380.2 381.2 379.7 383.5 388.1 387.3 384.6 379.4 376.7 375.3 370.6 376.2 384.2 379.2 365.8 358 343.8 340.6 332.8 329.1 329.5 329.7 330.6 330.3 334.2 338.2 340.3 349.2 351.7 356.3 362.8 370.5 375.6 383.4 391.3 399.5 406.9 410.5 409.1 409.7 416.7 422.8 430.5 437.5 440.8 440.9 443.6 446 449.6 449.5 449 439.2 434.7 428.3 419.1
232.6 237.8 242.6 247.2 253.9 260.7 259.6 246.5 245.3 254.4 267.4 273.5 276.7 279.1 284.8 290.4 292.8 300.2 310.4 325.4 343.6 354.9 363.2 372.3 378.9 380.4 379.3 384.4 392.5 395.1 389.7 385.2 380.3 381 378.4 377.6 381 372.7 366.2 359.5 351.7 345.1 340.8 331.8 330.3 335.4 335.3 333.7 334 338.9 338.4 346.2 350.1 353.4 358.6 367.1 377.2 387.6 396 402.7 409.2 413.8 420.1 423.7 420.5 427.8 432.8 440.3 444.5 448 448.5 452 453.7 452 449.8 444.8 438.2 430.1 416.4
235.5 240.1 241.3 246.3 254.1 260.8 260.8 246.6 245.3 254.1 269.3 275.6 278.5 280.8 281.7 290.5 297.2 299.1 309.9 326.9 345.8 360.5 370 375.3 378.3 389.3 384.7 388.1 394.1 400.2 396.7 392.1 384.4 379.9 380.2 371 365.1 368.8 371.8 365.3 360.5 348.4 344.3 338.6 337.2 339.6 340.1 340.1 340.4 340.7 340.6 341.8 347.4 352.2 358.4 367.1 377 386.4 394 402.7 412.1 417.8 421.5 428.7 427.1 431.3 438.5 442.1 448.3 450.7 451.7 450.9 460.1 461.7 449 446.6 439 433.8 423.1
236.2 240.5 242.7 246 252.5 260.3 258.8 248.7 245.3 254.7 271.8 278.1 280.3 280.1 287.2 293.3 298.5 301.2 310.1 328 343 357.2 372.6 380.5 380 386.3 392.2 394.4 399.1 403.6 401.4 397.3 389.4 381.1 377.4 365.1 365.1 377.6 379.8 371.1 364.1 351.1 344.1 341.4 343.7 341 346.2 345.8 346.9 346.7 346.8 346.2 347.7 352.9 359.6 368.6 377.7 382.9 389.4 396.8 409.5 422.9 426.3 429.5 429.6 433 439.3 450.8 453.7 455.6 458.9 453.4 459.5 459.6 460.5 455.5 446.7 436.2 423.6
236.3 240.3 245.3 248.8 251.2 260.4 260.6 252.7 245.3 253.7 270.1 278.7 280.6 279.5 287.7 293.1 298.8 302.3 310.2 323.8 338.8 355.4 369.6 380.1 383.9 390.9 399.7 402.8 401.9 406 409.4 399.7 399 383.5 365.1 365.1 365.1 380.9 381.7 378.5 374.1 357.6 347.7 346.8 349.9 347.8 350 350.4 351.2 351.3 351.1 351.8 350.4 358 360 368.7 379.1 384.5 388.6 397.8 411 422.5 431.1 431.2 434.6 434.6 438.5 449.8 460 460.6 459.8 460.2 459.1 459.4 462.1 467 457.6 439.5 428.4
