app/static/ascii/NG80.asc
ncols 200
nrows 200
xllcorner 180000
yllcorner 800000
cellsize 50
[rows 35 to 69 of 200, columns 0 to 78 of 200]
361.2 341.1 327 316.3 308.7 299.9 286.6 274.3 274.1 277.7 277.9 282.6 295.8 323.5 373.7 432.5 451.9 458.7 450.1 460.5 459.8 442.6 424 418 412.1 413.4 432.1 447.5 430.8 410.6 410 413.3 406.5 413.4 415.1 407.7 384.9 362.6 352.7 339.3 320.7 288.3 254.4 231.6 212.4 178.6 149 134.5 127.2 120 108.3 95.1 85.3 73 57.2 37.2 17.8 4.4 -1.8 -1.8 -1.8 -1.8 -1.7 -1.8 -1.8 -1.8 -1.8 -1.8 -1.8 -1.8 -1.8 -1.8 -1.8 -1.8 -1.8 -1.8 -1.8 -1.8 -1.8
361 346.6 333.7 321.9 311.7 305.5 293.7 279.3 282.4 285.7 287.9 293.9 311 345.6 380.2 413.2 432 449.8 450.3 448.7 450.2 450 445 440 429.7 430.1 436.2 445.5 442.5 444.2 440.8 431.2 427.4 434.9 434.1 417.2 409.5 387.9 376.1 359.6 334.9 297.5 263.9 234 212.8 186.2 159.7 138.2 125.3 110.2 95.1 83.4 76.3 65.7 52.3 34.3 20.7 12 -1.8 -1.8 -1.8 -1.8 -1.8 -1.8 -1.8 -1.8 -1.8 -1.8 -1.8 -1.8 -1.8 -1.8 -1.8 -1.8 -1.8 -1.8 -1.8 -1.8 -1.8
364 351 336.5 324.2 316.7 308.3 298.6 283.9 290.9 295.1 297.4 309.5 335.1 363.3 400.1 427.3 448.2 463.8 460 457.4 453.8 451.9 478.4 466.4 451.6 441.2 439.1 449.7 456.9 461.3 460.9 448.8 444 450.7 435.1 424.6 418 402.8 389.3 371.9 356 315.6 280 242.4 220.1 198.6 177.4 163.6 147.8 122.5 101.9 90.9 79.9 64.8 50.4 34.7 24.9 17.9 3.1 -1.8 -1.8 -1.8 -1.8 -1.8 -1.8 -1.8 -1.8 -1.8 -1.8 -1.8 -1.8 -1.8 -1.8 -1.8 -1.8 -1.8 -1.8 -1.8 -1.8
363.4 350.5 340.4 328.6 320.1 310.5 299.4 296.5 302.6 304.7 314.8 337.4 355.9 391.2 431.5 450.1 463.7 471.8 465 466.8 476.9 474 501 502.7 482.7 466.9 456.4 472.6 465.3 460.6 458.9 462.2 457.8 454.9 442.8 428.7 412.1 400.5 391.7 368.6 339.5 307.6 274.2 248.8 232.1 221.6 210.5 202.8 184.7 153.7 135.5 119.6 97.8 80.5 54.2 33.6 23.5 17 5.8 -1.8 -1.8 -1.8 -1.8 -1.8 -1.8 -1.8 -1.8 -1.8 -1.8 -1.8 -1.8 -1.8 -1.8 -1.8 -1.8 -1.8 -1.8 -1.8 -1.8
361.4 350 341.5 330.9 322.2 312.5 301.9 306.3 311.6 312.8 332.5 360.7 389 435 466.6 469.4 469.7 472.2 471.9 491.6 501.6 498 521.4 526.5 504.1 494.7 474 480.5 479.8 471.7 475.6 497.1 483.1 474.9 463.7 447.5 430.9 410.1 396.4 378.3 355 318.3 290.2 269.7 246.8 238 228.8 214.1 191.8 165 154.4 136.6 108.7 85.3 64.8 44.1 25.9 18.3 8.9 0.5 -1.8 -1.8 -1.8 -1.8 -1.8 -1.8 -1.8 -1.8 -1.8 -1.8 -1.8 -1.8 -1.8 -1.8 -1.8 -1.8 -1.8 -1.8 -1.8
359.8 353 344.8 336.2 327.3 312.3 312.4 315.5 318.7 325.5 344.8 384.4 421.1 449.5 465.8 468.3 470.8 478.4 499 528.4 532.9 517.7 531.9 527.4 518.7 502.3 487.2 488.5 491.7 479.8 509.1 523.1 505.2 482.1 465 440.4 420.8 403.7 386.6 365.6 348.9 330 303.5 278.8 258.6 239.9 227.7 212 192.6 173.3 160.5 145 118.7 101.4 80.7 56.6 41.9 28.1 9.1 3.2 -1.8 -1.8 -1.8 -1.8 -1.8 -1.8 -1.8 -1.8 -1.8 -1.8 -1.8 -1.8 -1.8 -1.8 -1.8 -1.8 -1.8 -1.8 -1.8
361.6 356.5 348.7 340.7 332.8 326.5 324.3 327.2 329.2 338.1 364.7 390.3 420.1 438.1 452.1 462.3 481.9 506.9 529.5 535.5 540.7 527 513.5 528.8 526.5 516.3 508.2 499.4 490.1 494.4 513.1 511.6 493 467.6 442.8 416.5 392.7 382.7 367.1 359.7 345.8 332.2 315.8 293.5 266.8 243.5 230.4 213 193.7 175.6 157.2 144.5 126.6 124.4 117.5 88.5 56.2 36.7 21.2 9.3 3.3 -1.8 -1.8 -1.8 -1.8 -1.8 -1.8 -1.8 -1.8 -1.8 -1.8 -1.8 -1.8 -1.8 -1.8 -1.8 -1.8 -1.8 -1.8
361.1 356 349.3 341.9 333.9 326.1 328.8 330.2 337.6 349.2 391.9 415 433.7 447.7 467.6 489.8 519.1 517.2 529.9 540.4 538.4 520.5 506.3 512.1 520.5 513.1 508.9 499.2 499.3 511.3 506.7 494.6 470.2 436.9 419.2 393.1 373.4 363.5 347.1 342.5 336 327.2 306.7 289.3 272.6 249.4 219.7 201.9 184.3 167.9 153.5 138.7 125.1 110 102.6 88.5 62.5 40.1 23.8 14.2 5.7 1.2 -1.8 -1.8 -1.8 -1.8 -1.8 -1.8 -1.8 -1.8 -1.8 -1.8 -1.8 -1.8 -1.8 -1.8 -1.8 -1.8 -1.8
360.3 354.2 347.6 339.5 332.3 330.1 332.2 334.9 344 357 403.4 429.7 440.9 485.4 518.4 538.8 541.9 540.3 530.8 530.8 536.3 519.7 500.1 500.5 514 507.7 500.3 498.1 499.6 497.5 486.7 466.5 444 415.7 395.7 385.4 368.7 357.4 338.7 326.6 317.5 299.6 276.3 254.9 234.3 224.4 213.4 200.6 187.9 173.8 164.4 152.5 140.8 128.6 111.3 94.6 79.2 57.9 36.4 27.1 21.6 21.5 -1.8 -1.8 -1.8 -1.8 -1.8 -1.8 -1.8 -1.8 -1.8 -1.8 -1.8 -1.8 -1.8 -1.8 -1.8 -1.8 -1.8
359.3 353.5 348.9 343 336.9 336 335.7 340.9 351.6 369.2 408.2 433.2 453.9 515.6 545.9 552 548.8 535.5 530.8 530.8 539 527.8 509 500.4 487.9 492 484 481.4 479.2 469.7 458.3 438.9 417.6 396.7 379.9 366.9 354.7 342.2 330 320.6 309.2 303.5 301.1 280.5 270.2 251.6 235.6 222.9 219 216 205.3 195.9 179 166.9 148.4 129.1 102.2 82.8 65.1 50 59.7 53.7 44.6 29.2 -1.8 -1.8 -1.8 -1.8 -1.8 -1.8 -1.8 -1.8 -1.8 -1.8 -1.8 -1.8 -1.8 -1.8 -1.8
360.7 355.9 351.2 345.5 343.6 341.1 342.9 348.9 361.8 383.4 408.5 438.2 465.4 502.5 539.1 553.2 550.7 537.1 530.8 542.3 546.2 539.1 529.5 506.5 489.7 495.3 478.3 472.1 458.4 448.1 431.3 431.9 421.4 412.3 405.8 396.6 379.5 362.4 354.4 344.9 330.1 318.6 306.1 299.2 282 268.7 255.8 241.2 230.7 225.4 217.9 205.3 191.1 176 158.1 133.9 114.4 95.4 79.5 78.4 81.9 85.7 77.8 54.3 31.8 3.7 -1.8 -1.8 -1.8 -1.8 -1.8 -1.8 -1.8 -1.8 -1.8 -1.8 -1.8 -1.8 -1.8
363.7 360.1 353.8 349.5 347.7 345.3 349 361.2 382.4 409.7 417.9 444.4 461.9 493.9 541.3 551.5 549.9 541.4 535.8 543 542.1 532.4 521.1 509.7 490.8 479.8 469.7 460.2 453.6 448.8 454.1 457.5 447.3 437.1 423.9 410.1 400 388.2 374.6 356 338.8 328.4 311.2 297.8 279.4 267.4 257.6 242.9 229.7 227.4 219.3 211.8 198 186 172.8 152 138.1 120 93.9 96.3 99.2 94.1 82.8 70.6 44.1 12 -1.8 -1.8 -1.8 -1.8 -1.8 -1.8 -1.8 -1.8 -1.8 -1.8 -1.8 -1.8 -1.8
365.7 361.1 355.4 350.2 349.3 348.6 352.8 367.4 395.7 419.7 433.1 448.2 466.2 486.3 529 539.3 548.7 544.4 530.4 537.9 532 517.3 505 492.2 478.2 473 466.4 468 463.2 452.7 460.7 466.7 476.6 468.7 453.4 448.2 440.1 419.3 402.7 380.7 357.3 343.9 323 306.2 289.5 277.1 264.6 252.5 233.7 224.6 217.6 211.6 201.2 192 180.4 158.9 144.2 131.4 106.9 100.3 99.6 89.2 78.1 70.5 55.9 28 6.1 2.4 -1.8 -1.8 -1.8 -1.8 -1.8 -1.8 -1.8 -1.8 -1.8 -1.8 -1.8
365.3 361.9 359.1 355.4 356.6 357.4 364.1 379.6 404.4 429.4 449.6 461.8 470 497.5 531.9 531.9 529.6 515.6 508.2 506.1 510.2 501.8 499.6 484.8 488.6 486.8 478.1 479.5 472.4 459.1 460.6 473.9 473.5 466.3 469.9 480.4 484.3 468.4 462 436.2 392.4 371.2 352.8 329.7 312.2 299.7 285.2 276.3 263.9 235.4 220.3 211.9 200.1 190 177.8 159.4 144.7 128.4 108.5 99.9 84.7 77.6 64.8 58.4 44.6 22.6 9.6 3.3 1.8 -1.8 -1.8 -1.8 -1.8 -1.8 -1.8 -1.8 -1.8 -1.8 -1.8
368.7 363.5 360.8 360.3 363 368.8 378.6 391.7 412 433.9 452.8 470.3 482.3 502.7 510.7 513.3 503.3 501.8 501.8 504 503.6 502 500.9 490.3 482 484.3 479.8 476 478.6 469.1 462 469.2 468.2 469 473.3 478.1 480.2 490.5 482.1 475.4 441.7 420.1 398.3 375.8 364.9 352.1 330.2 309.4 275.6 246.9 227.5 213.9 203 193 179.7 162.3 147.6 131.5 114 100.5 88.5 71.5 52.7 46.6 31.4 20.4 13.1 5.9 1.5 -1.8 -1.8 -1.8 -1.8 -1.8 -1.8 -1.8 -1.8 -1.8 -1.8
370.9 364.7 362.9 363.6 368.3 374 387.5 400.6 415.1 435.1 454.2 469.6 487.8 498.5 510.5 510.6 509.1 509.2 506.8 512.1 501.8 503.3 500.2 488.5 480 471.9 472.5 464 467.8 467.3 459.3 467.2 471.7 470.3 480.7 482.1 478.3 484.7 487.6 478.4 461.1 436.5 418.7 396.4 368.7 342.6 322 300.6 279.8 259.3 233.1 211.8 200.4 192 183.6 166.4 150.9 135.7 121.7 110.7 97 82.5 67.7 52.5 34.3 25.3 15.8 5.7 1.1 -1.8 -1.8 -1.8 -1.8 -1.8 -1.8 -1.8 -1.8 -1.8 -1.8
373.4 368.7 365.7 368.2 373.8 381.3 397.4 410.9 421 439.2 464.5 477.5 490.6 508.2 517.1 512.6 509.7 508.5 508 506.6 502.9 499.3 497 482.1 471.5 462.5 461.1 460 460 461.3 459.3 460.1 469.4 468 471.4 476.6 475.3 479.4 480.1 478.8 466 448.5 420.2 392.7 360.3 332 311.3 294.4 277.1 257.3 240.1 219.6 208.5 197.1 183.7 164.2 149.3 142.6 131 115.5 101 87.6 70.9 57.2 47.9 30.9 19.7 5.3 1 -1.8 -1.8 -1.8 -1.8 -1.8 -1.8 -1.8 -1.8 -1.8 -1.8
377.9 374.1 371.9 375.3 383.9 391.3 409 424.4 436.1 450.7 475.8 486.1 500 511.7 524.9 520.1 510.7 510.7 510.2 501.9 499.8 495.2 488.9 480.3 478.9 469.5 467.7 463.4 461.9 467.5 464.3 463.7 465.7 466.4 467 467.9 468.2 468.2 470.1 471.4 467.4 453.8 437.4 406.8 370.5 343.7 318.6 298.9 275 254.1 235.7 225.1 216.5 205.5 184 174.5 165.1 149.9 136.9 121.7 107.2 93.1 79.1 64.2 50 36.6 25.7 13.2 2.2 -1.8 -1.8 -1.8 -1.8 -1.8 -1.8 -1.8 -1.8 -1.8 -1.8
384.6 381.8 383.5 383.8 399.2 406.6 424.5 438.3 451.3 458.1 476.6 488.6 497.7 514.4 521.7 518.8 507.8 502.2 500.5 497.2 492.6 486 480.4 480.3 473.6 473.2 471.4 467.4 475.1 481.3 475.1 475.9 476 479 471.8 470.2 472.6 475.9 478 474.7 472 467.8 456.7 433.9 400.3 367.2 338.4 308.9 283.3 260.6 243.4 231.8 224.6 214.3 205.8 190.9 177.4 156.6 141.1 130.7 114.8 100.8 85.6 68.7 54.6 40.9 28.2 15.4 3.7 -1.8 -1.8 -1.8 -1.8 -1.8 -1.8 -1.8 -1.8 -1.8 -1.8
393.8 399 411.9 409.4 414.2 428.2 452.5 452.2 463.6 472 479.1 483.4 489.6 497.8 511.6 504 492.9 488.6 491.8 484.7 481.5 481.2 475.8 469.3 467.3 467 468.3 467.2 471.1 480 479.3 479.3 480.7 482.6 480.5 476 477.3 474.8 473.2 472.7 467.7 462.5 449.4 427.4 405.1 381.1 348.2 321.2 298.8 274.8 258 242.1 225.6 228 215.3 199.6 190 170.9 151.5 137.9 123.4 109.3 93.5 76.3 60.6 46.9 33.5 20.4 9.4 1 -1.8 -1.8 -1.8 -1.8 -1.8 -1.8 -1.8 -1.8 -1.8
411.5 419.7 427.7 423.7 428.9 442.6 465 476.9 484.1 495.3 490 487 479.8 476.5 476.9 486.2 478.6 480.9 483 478.7 478.6 471.6 464.2 461.4 468.6 467.9 469 467.8 469.5 469.9 476.4 479.7 482.2 482.3 479.8 479.7 480.2 477.6 471.5 468.7 459.7 439.2 438.8 420.4 403.8 382.6 360.4 336.6 309.8 288.8 273.8 250.8 237.1 236.6 222.3 209.9 202.5 190 169.4 152.6 138.4 121.1 102.7 85.6 68.5 54.6 40.3 24.3 10.3 3.4 -1.8 -1.8 -1.8 -1.8 -1.8 -1.8 -1.8 -1.8 -1.8
436.4 436.8 441.8 452 455.4 471.6 488.8 481.7 490.1 487.9 486.9 480 473.6 467.4 464.5 456 457.8 459.6 465.6 463.6 463.2 459.9 455.6 455.7 454.6 458.8 462.3 466 470.9 477.4 482.5 481.6 480.4 479.1 478.6 477.8 478 477 473.3 472.5 467.5 444.4 408.4 385 375.7 369.4 352 335.6 315.4 295.4 277.4 263.1 253.7 242 230.5 219.4 211.8 201.6 184.5 174.7 156 132.2 112.4 94.5 78.1 64.3 46.5 27.7 15.5 5.9 -1.8 -1.8 -1.8 -1.8 -1.8 -1.8 -1.8 -1.8 -1.8
462 472.3 472.1 478.5 474.1 484.8 491.3 488.7 484.4 483.5 478 471.8 464.1 457.9 452.9 446.7 450.5 450.8 456 460.1 459.5 453.2 451.6 451.6 451.6 455.3 458.9 471.1 481.8 483.4 484.3 482.4 481.4 481.7 491.2 497.7 496.6 486.1 479.7 482.2 477.1 460.8 434.1 411.4 390.6 364.5 348.2 329.2 317.1 307.2 292.5 275.9 264.6 253.7 241.4 231.2 220.6 204.2 187.9 177.3 160.4 137.9 120.7 102.8 83.7 63.7 46.8 33.5 22.9 13.7 2.9 -1.8 -1.8 -1.8 -1.8 -1.8 -1.8 -1.8 -1.8
511.9 511.6 498.3 492.9 489.1 494.2 494.1 489.9 483.3 479.1 472.5 465 457.1 449 441.2 436.1 438.5 439.6 446.9 453.2 454.2 450.8 451.5 451.6 452.5 458.5 463.4 480.7 485.6 488.4 489.9 491 495.1 493.8 495.7 503.6 510 497 495.6 500 495.2 476.2 450.6 423 400.8 380.6 361.5 347 333 319.9 306.1 290.2 281 266.2 254.9 243.7 226.6 208.3 192.7 177.3 162.6 150.2 133.7 108.3 87.5 68.2 53.1 43.1 34.7 21.6 9 -1.8 -1.8 -1.8 -1.8 -1.8 -1.8 -1.8 -1.8
534.7 524.3 511.8 503.4 499.9 497.8 494.2 488.1 480.6 474.3 466 455.1 444.2 436.7 431.5 428.4 427.8 424.4 431.7 438.6 442.8 446.8 449.7 456.4 459.3 464.8 477.3 481.7 490.7 496.2 497.5 499.2 506.7 505.8 500.6 509.4 508.1 509 506.3 517 516 503.6 471.5 440.9 418.4 395.6 372.5 355.2 343.7 333.2 318.9 305.9 296.2 279.4 267.8 255.4 235.5 220.8 201.1 182.7 173 158.9 140.7 121.8 99.8 80.1 67.8 59.6 51.2 34.8 15.2 5.2 2.1 -1.8 -1.8 -1.8 -1.8 -1.8 -1.8
546.4 534.1 522.9 513.1 508.7 503.8 498.2 490.9 481.3 475.6 462.7 450.3 438.4 427.4 421.5 419.7 418.4 418.8 422.7 426.7 430.6 437.3 449.1 456.6 464.2 477.7 487.9 492.2 496.9 503.3 505.4 511.6 514.4 511.1 510.2 519.4 524.2 526.7 532.7 541.1 534.1 514.6 485.5 458.2 434.1 412 392 375.4 359.4 345.4 333.3 324.2 312.7 297.9 276.8 264.2 255.5 238.4 217.6 203.8 190.9 167.3 154.8 134.7 114.2 98.5 87.4 81.2 74.1 58.4 36.5 25.2 26.2 27.8 20.5 8.8 0.8 -1.8 -1.8
570.5 558.7 550.8 535.8 523.1 516.4 505.2 495.2 484.5 477.3 465.9 451.5 434.1 420.6 410.8 407.6 407.7 411.9 413.2 416.8 420.1 431.1 446.9 459.4 467.5 481.4 499.7 504.3 508.4 515.5 521.8 522.9 521.7 526.5 522.4 523.1 531.6 539 541.3 550.7 544 529.8 509.6 479.3 452.6 430.6 413.7 396.7 381.7 365 348.4 339.1 327.2 309 292.1 283.5 277.8 257.3 243.5 224.8 212.6 191.5 168.8 150.7 138 119.2 107.3 104.1 103.6 85.1 54.9 36.9 34.9 33.4 29.7 12.5 1.6 -1.8 -1.8
602.3 588.1 570 551 541.4 532.8 518.6 501.2 490.1 480.9 466.1 446.4 427.8 412.8 402.1 397.4 399.8 403.6 404.5 407.4 413.9 430.5 449.5 462.5 473.6 486.4 504.7 518.3 526.5 531.1 536.2 538 537.1 539.6 537.2 533.5 540.9 544.5 554.9 570.7 584.6 566.9 534.6 506 481.3 461.3 440.5 426.5 409.3 394 369.2 349.6 343.2 327.1 309.6 306 287.5 283.6 275.7 247.8 223.5 205.5 193 176.8 163.9 143.6 132.8 123.4 117.5 105 70.9 49.1 48.7 37.8 24.7 12.7 1.6 -1.8 -1.8
612.5 597.1 581.9 569.9 563.7 543.6 534.9 517.7 493.9 480.4 457.6 440.6 419.4 403.8 394.3 388.7 389.4 393.6 396.9 402.8 415 428.2 445.5 461.4 476.6 493.9 514.4 538.5 547.1 548.1 551.5 558.5 562 558.7 549.1 542.1 556.3 566.9 568.4 569.3 590.1 576.7 552.9 533.1 514.1 492.4 465.8 449.3 435.3 410.9 381.5 369.2 356 353.1 333.8 317.3 307.9 293.3 279 256 233.7 219.5 213.6 204.7 195.9 174.2 160.8 141.5 122.7 105 84.1 64.7 50.4 36.9 20.1 6.7 -1.8 -1.8 -1.8
627 610.8 594.2 590.2 569.7 549.3 532.4 511.6 490.7 466.9 443.9 421.7 403.3 390 384.5 377.5 376.4 380.8 387.1 401 416.5 433.9 446.2 463 483.8 503.2 519.9 540.6 550.7 560.9 565.6 570.5 578.1 570.9 558.5 555 563.6 578.8 576.5 576.9 590.2 575.1 559.1 538.8 521.1 499.3 478.8 461.8 443 409.9 403.4 384.3 369.6 362.7 343.8 339 334 306.2 283.3 259 245.5 241 235.9 224.1 210.2 189.2 166.4 144.7 121 99.5 82.4 76 56.8 37.5 19.7 3.3 -1.8 -1.8 -1.8
634.7 613.6 597.7 573.4 552.1 531.7 512.2 495.6 476.2 448.1 426.8 404.5 387.7 375.4 369.1 365.5 364.8 367.6 380.3 398.4 417 437.9 450.5 468.7 489.9 512.1 529.9 541.5 555.1 569.2 575 578.5 580.4 579.4 571.9 570 568 577.4 584.4 590.5 593.7 584.5 561.5 547.8 526.5 503.7 485.2 467.1 446.7 429.4 413.7 394.7 381.4 361.4 351.5 353.6 351.6 328 303.1 282.2 268.5 261.2 243 229.6 211.6 192.2 163.5 137.3 116.3 94.4 78.6 70.8 58.8 40.4 23.9 2.3 -1.8 -1.8 -1.8
620.1 602.5 580.3 553.8 533.7 505 479.3 462.7 452 438 415 391.4 374.1 360.8 355.1 352.8 352.1 361.6 376.7 396 419.5 441.9 454.9 475.2 494.1 522 547.3 560 576.3 588.7 591.7 592.6 588.9 591.4 589.9 584.2 587 582.3 595.3 606.1 600.2 586.1 563.3 545.1 528.1 509.3 490.7 472.4 454.5 437.9 422.2 403.6 389.9 381.4 371.2 366.7 358.4 344.2 322.8 305 294.7 275 247.8 227.9 203.9 179.8 156 134.7 112.7 93 75.1 63.2 53.9 38.9 22.2 3.6 -1.8 -1.8 -1.8
588.3 568.1 549 520.5 503.2 474.1 446.5 428.1 419.4 409.1 390 374.7 362.2 348.7 344.2 342 345.6 358.3 374.6 392.1 421.4 441.8 456.8 469.1 503.2 533 556.2 578.7 588.7 605.1 605.3 603.7 605.3 605.2 609.4 607.2 601.4 600.6 621.1 619 606 587.5 569.4 548.4 531.3 517.9 497.7 476.2 460.4 443.7 424 411.6 399.4 390.3 384 374.8 363.8 350.4 325.9 311.9 303.8 276.8 248.5 225 204 179 154.6 136.6 114.8 92.6 75.3 63.2 48.5 31.3 17.6 4.6 -1.8 -1.8 -1.8
564 543.1 523.2 499.8 473.7 444 421.6 401.1 385.2 375.1 365.1 355.2 344.2 337.1 334.6 335.7 340.6 355.1 369.4 388 408.2 426.9 442.8 479.8 502.6 527.1 564.1 590.8 599.5 608.8 613 617.3 628 628.8 635.5 633.4 624.4 618.5 625.8 621.2 610.6 591.2 575.3 554 536 522 498.6 480.7 464.5 446.2 434.5 422.6 408.9 397.5 387.8 378.5 368.6 356.1 331.7 320.1 298.4 273.7 247.2 222 200 174.9 154.5 136.9 117.8 96.3 77.3 65.9 49.7 33.5 17.8 8.2 1.6 -1.8 -1.8
545.4 523.2 498 470.8 450.4 420.7 399.7 381.1 370.8 358.4 345.7 336.8 331.1 327.2 327 331.6 339 351.8 368.5 381.8 398.2 423.9 443.8 473.9 500 519.8 562 584.1 598.4 607 618 623.9 638.7 645.3 652.3 650.6 642.3 626.9 628.8 627.3 617.9 600.9 578.5 557.8 540 519.7 503.7 486.4 462.6 456.1 445.6 434.4 419.1 405.2 392 379.9 372.3 361.2 336.8 323.8 294.8 265.7 243.7 218.4 195.4 174.8 155.6 139.8 120.5 101.3 81.7 70.4 49.7 34.1 21.5 11.3 3.6 -1.8 -1.8
