app/static/ascii/NG81.asc
ncols 200
nrows 200
xllcorner 180000
yllcorner 810000
cellsize 50
[rows 105 to 139 of 200, columns 78 to 155 of 200]
523.7 499.9 486.5 458 438.9 421.1 401.1 383.2 370.9 357.2 347.7 339.2 333 323.1 307.7 304 300.2 298.5 291.4 290.2 289.8 284.3 280.2 274.8 271.1 267.5 263.5 256.6 250.2 243.5 234.9 230.8 227.9 220.5 213.6 205.8 203.1 203.1 206.9 219.4 227.7 244 251.6 240.9 230.9 233.8 225.9 221.8 237.1 243.4 248.8 255.9 253.1 251.4 252.1 245 232.2 216.2 200.1 186.2 185.3 183.9 183.4 184.7 192 201.7 211.3 222.7 232.4 243.3 255.5 271.8 293.1 311.4 324.2 337.2 358.1 378.3
477 470 447.1 429.4 407.5 391.4 375.3 357.5 347.2 337.2 325.9 315.1 310.3 305.7 300.1 289.4 290.4 286 281.2 273.8 272.4 269.2 265.6 263.9 259.8 257 251.6 243.9 240.6 233 229.5 226.7 222.1 224 222.7 206 204.5 205.7 211 217.4 227.4 241.7 255.6 258.8 262.9 266 250.6 240.5 251.7 265.8 267.3 268.2 266.8 259.5 251.5 243.3 230.7 216.2 203.1 190.2 186.1 184.7 185.3 185.1 187 194.9 201.3 210.4 220.7 235.5 245.6 260.4 280.1 293.5 310.2 326.5 341.9 360.6
444.1 430.5 418 397.1 381.7 366.9 348.9 334.3 328.6 316.6 305.6 293.7 289.9 284 278.7 276.2 277.2 267 265.1 263.4 256.7 252.9 251.7 248 246.6 241.3 237 235.1 231.4 229 226.9 223.8 217.4 223 217.6 206.1 205 207.3 210.7 215.9 229.1 241.8 249.2 259.4 277.7 282 281.2 268.3 272.9 283.6 278.3 277.4 283.6 282.1 262.5 245.9 231.9 218.1 205.7 194.7 191.4 189.1 186.7 185.8 186.2 188.2 190.6 198.5 209.6 220.6 232.6 245.2 260.8 276.8 293.4 300.3 320.5 340
418.3 402.1 390.8 373.9 357.5 343 327.3 313.4 307.3 298.8 290.6 284.3 281.1 272.3 265.8 260.3 254.2 251.3 246.6 247.3 242.6 236.1 234 231.2 228.1 229.3 228 226.9 226.2 224.8 221.9 218.4 215.6 213.4 207.9 207.6 207.3 208.2 214.1 222.5 235.7 243.2 254.6 255 259.9 266.9 270.8 273.3 277.9 288.2 286.2 289.5 289.9 284.8 272 254.2 236.9 221.5 208.7 200.8 197.4 197.3 190.3 187.4 187.6 188.4 189.2 191.9 199.2 207.5 220.3 230.9 243.7 256.4 274 288.4 310.4 332.3
396.7 382 368 350.8 337.4 325 306.4 297.8 293.1 287.7 277.4 270.4 265.5 262.4 259.1 258.1 253.1 247.3 239.3 240 237.9 234.1 233.4 232.7 231.5 226.3 222.3 222.7 218.1 220.5 216.7 212.7 211.1 211.1 212.8 211.6 209.6 208.7 214.5 223.4 230.4 240.2 246.2 254.4 259.9 262.5 270.9 278.5 287.7 297.2 298.2 301.3 306.2 302 283 262.5 245.7 227.4 214.9 207.7 203.5 199.1 194.5 191.3 191.1 190.2 188.9 190.6 194.4 198.3 207.5 216.2 227.3 243.8 258.4 274.9 292.2 310.4
377.9 363.9 350.1 335.3 322.2 310.9 302.2 295.3 286.3 278.8 271.7 273.3 271.8 271.9 268.4 267.1 262.9 259.2 251.5 247.6 244.3 241.9 241.1 238.7 235.6 229.8 226.9 223.4 220.8 216.1 214.8 212.8 212.2 214 220.9 215.7 214.3 212.7 211.5 220.7 228 234.3 244.6 254 263.6 272.1 275 283 295.2 303.8 312.4 313.6 321.1 318.8 298.1 275.3 258.1 242.7 225.1 218.9 211.5 205.5 202.3 197.4 195.5 193.3 192.7 192.3 194.4 197.9 203.3 209.4 217.9 230.2 249.1 258.9 272.1 286.4
361 347.5 337.5 329.4 316.4 306.5 297 287.1 287.9 285 287.6 285.6 283.1 283.2 285.1 280.1 274.7 268.5 263.7 257.6 252.7 251.3 251.7 246.6 242.3 236.8 229.2 224.1 221.1 218.1 216 218.1 219.2 217.8 221.3 218.5 217.4 216 212.2 222.6 225.6 234.3 244.7 253.7 264.2 281.1 288.3 288.9 300.8 308.9 314.7 320.7 328.9 332.3 311.8 300.5 278.7 263.5 245.1 229.8 220.5 217 211.8 205.7 200.9 197.8 196.2 194.5 193.3 196.9 200.8 203.7 209.4 220.8 231.8 244.5 259.1 269.2
366.7 344.4 333.3 320.2 313.8 306.8 302.1 301.4 299.3 299.5 300.2 302.5 302.8 301.7 300.3 295.5 289.6 286.3 280.3 276.3 267.7 266.9 262.1 259.5 253.6 245 237.6 229.9 222.7 221.5 222.5 224.8 224.7 222.2 222.4 220.4 218.3 219 214.6 219 226.6 232.2 247.2 261.2 274.9 294.5 294.8 297.6 309.4 317.2 325.4 332.6 341.8 344.5 320.6 305.8 288.5 267 248.9 239.1 229.2 221.9 215 212.4 208.9 203 199.7 197.6 195.5 195.5 195.9 200.6 207.5 213.9 222.1 237.7 248.1 259.6
355.2 343.9 340.1 335.1 330.3 322.5 319 317.8 316.8 316.7 319.1 322.5 324.9 319.1 318.8 315.7 310.4 306.9 300.7 297 290.6 281.9 277.9 275.2 266.9 255.1 245.2 236.5 227.2 224.8 227.1 230.9 230.3 225.9 227.6 223.6 221.6 222.9 220.2 216.7 227.5 232.7 248.8 267 284.9 302.2 306.7 307.5 321.5 334.8 345 348.1 355.9 358.6 331.1 306.2 288.7 268 251.4 243.8 228.6 221.8 220.4 214.2 208.3 203.9 201.6 199.5 198 198.9 199.5 199.3 204.4 211 219.6 230.6 242.5 254.8
367.3 362.2 357.3 351.8 346.3 342.5 343.7 342.6 344.6 339.7 340.4 347.3 348.1 343.8 347.2 341.9 335.1 335.4 326.2 323.3 315.7 306.5 301.4 293.7 282.4 269.9 256.8 243.2 233.4 230.7 233.3 237.5 236.3 231.9 230.9 227.6 227.1 225.9 226.8 221.1 232.2 239.5 249.5 265.5 285.7 291.4 300.8 313.3 328.5 342.8 354.8 360.5 362.9 363.8 342.3 313 291.4 269.7 253.5 243 233.4 227.2 221.5 216 215.6 208.3 206 206.1 203.4 202.5 203.4 203.5 203.9 210.4 218.7 225.3 235 248.6
386.3 381.4 376.9 374.6 369.1 366.2 366.1 368 372 369.3 373.4 374.7 375.3 370.8 368.8 364.3 360.8 363.5 360 352.5 343 336.8 329.3 320.8 307.8 291 273 257.7 245.4 245.4 245.2 245.7 241.3 240.2 236 232.9 230.4 228.6 228.9 226.7 240.4 252.8 266.2 276.2 287.5 291.1 299.1 317.7 331.1 348.5 369.2 383.3 384.4 369.8 348.5 317.7 290.3 271.3 253.6 244.4 240.9 232.5 227.7 221.6 219.1 214.1 215.4 213 211.2 208.6 205.2 205.5 201.7 209.2 215.2 221.3 230.7 239.7
410.5 408 406.9 405.3 399 398 397.5 397.3 399.6 398.5 405.4 407.7 402.1 405.5 401 396.4 393.6 394.9 389.9 388.3 376.3 370.8 366.9 351.1 335.8 319.6 300.9 277.8 268.3 263.9 261.1 254 248.2 247.1 242.8 238.5 234.9 232.3 226.2 234.1 246.8 262.8 278.1 290.3 295.3 302.5 305.9 318.9 340 362.7 386.9 406.5 403.8 387.5 358.4 323.6 296.6 272.7 261.5 254.7 246.6 241.3 234 232.2 230.1 227 225.5 223.2 221.6 215.5 211.4 209.4 206.6 208.5 212.7 218.1 226.2 237.5
441.1 442.3 446.3 448.6 442.3 442.9 445.4 442.6 438.5 428.9 429.9 426.2 424.8 431.9 435.2 436.4 435 435.6 432 420.6 411.2 406.8 393.6 385.8 365 338.6 313.8 299 287.6 278.9 270.4 258.6 259.4 254 247.3 243.5 240.6 237.9 228.4 242.4 253 270.1 287.2 303.2 311.4 315.4 318.4 330.3 350 373.9 393.9 407.6 407.5 383 352.5 324.4 293.3 266.9 273.6 266.2 256.8 249 245.5 245.7 247.3 239.9 235.4 232.7 230.1 224.9 219.6 216.1 212.7 212.3 211.2 215.4 225.6 233.2
485.6 481.5 488.4 494.2 487.5 492.3 481.4 483.3 473.2 465.6 457.5 446.6 446.5 452.9 459.5 462.9 464.7 466.7 459.1 456.5 452.4 433.4 420.4 399.1 379.1 353.1 332.2 317.2 302 285.6 271.8 271.9 267.1 262.5 256.1 250.7 246.4 243.4 232.7 247.7 260.5 275.3 293.6 309.9 318.8 325 335.6 343.1 358.6 384.3 407.5 413.5 405.8 380.6 350 322.6 292.4 280 288.1 277 267.2 260.7 259.3 261.1 260.9 255.5 252.7 247 241.8 236.1 229.9 224.5 219.1 217.5 215.2 213.8 220.9 231
521.4 524.9 520.9 520.2 516.4 516.4 513.4 505.7 496.1 488.2 482.6 476.2 475 485.8 486.5 489.9 489.9 484.6 489 477.6 467.9 447.9 437 416.6 392.6 365.5 343.3 327.1 309.6 291 285.1 280.8 274.4 270.6 264.7 257.6 252.7 248.9 240.5 257.1 270.9 285.2 301.8 318.2 324.3 333.3 345.6 356.5 373.4 397.7 415.8 420.1 406.3 379.1 351.6 317.7 288.2 297.9 300.9 289.7 280.1 273.9 273.2 274.1 274.6 272.9 270 261.2 262.5 255.3 247 234.2 226.9 222.1 219 216.2 216.5 226.4
563.2 580.3 582.5 568 544.6 535.4 535.7 531.1 524.2 516.3 505 497.5 497.6 504.2 505.4 505.1 500.4 497 489.1 481.1 474 466 447.7 425.6 398.1 370.1 351.3 334.9 316.4 297.4 300 294 285.3 280.4 271 266.8 260.5 255.8 251.3 261.8 278.6 294.6 308.3 319.3 328.5 340.8 353 371 393.4 429.1 424.1 427.8 409.5 380.3 353 325 293.5 315.9 318.5 306.3 294.4 289.5 289 291 293.1 291.6 284.4 277.3 276.8 270.1 257.7 245.1 236.3 227.8 223.8 220.8 219.7 220.8
586.1 596.1 605.5 599 579.3 563.1 550.8 541.5 534.7 529.2 520.1 513 513.3 518.8 519.2 515.9 509.8 507 503.5 495.9 486 472 452.4 427.3 399.4 375.8 356.1 335.2 321.4 308.5 310.6 300.1 296.2 286.7 282.2 273.2 267.5 263.1 260.7 267.6 285.5 300.1 307.3 319.6 334.2 350.6 368.4 389.5 407.8 436.7 443.9 424.6 406.9 382.2 359.4 327.4 306.7 329.8 334.9 323.4 310.7 306.3 306.6 311.7 316 311.8 300.4 293.6 291.9 283.2 270.6 259.4 247.7 237.2 231.7 226.3 223.1 219.7
593 613.8 637.5 641.2 615.9 594.9 586.4 565 554.2 548.4 538.8 529.4 532.6 536.7 544.2 542 541.8 537.8 516 504.3 490 474.1 449.3 424.1 398.8 378.2 357.6 339.5 320.6 321.6 317.4 312.5 303.4 297.7 291.4 280.3 276.4 271.2 265.3 268.5 281.6 294.6 307.2 321.8 343.1 358.1 378.3 403 420.8 451.9 460.4 434.5 408.9 384.2 361.8 330.8 313.1 337.3 347.4 340.1 329.6 326.3 328.8 335.8 337.1 329.9 318.3 314.6 307.7 297.9 287.2 272.3 260.3 249.2 241.5 232.9 228.2 226
583 605.4 634.3 656.2 662.6 636.4 614.9 588.8 571.6 564 555.1 554.1 558.2 574.7 580.1 583.1 572 554.7 532.4 507.1 487.9 467.4 444.4 420.4 398.3 375 356.6 335.1 328.9 332.6 329.3 322.6 312.9 310.4 296.6 287.2 283 273.9 266.8 269 280.2 293.9 308.5 328.4 348.9 365.1 386.6 411 429 462.4 471.5 453.3 418.8 390.6 366 337.6 319.1 340.6 355.2 356.8 351.4 350.8 356.2 365.6 362.6 355.1 336.6 328.8 321.7 316.2 303.6 288 271.4 258.4 249.8 241.5 233.9 230.2
575.7 597.7 616.9 651.6 671.8 667.1 636.3 612.4 597 590.5 592.1 589.5 597.5 607.4 618.8 612.5 600.7 575.3 544.1 512.7 483.9 461.8 439.4 417.2 392.4 372.8 352.3 339.1 345.1 348.6 350.1 336.6 329.1 319 306.7 298.1 288.7 278.5 268.9 272.2 282.1 298.7 311.7 329.6 351.1 370.2 394.1 419.7 443.8 467.8 482.3 458.9 428.6 398.7 372.8 347.1 327.9 346.6 366.3 374.4 378.3 382.9 392.2 383.7 385 369.1 360.5 352.1 357.6 351 332.1 306.8 287.9 270.8 259.2 249.7 242.4 234.2
594.9 605.4 616.8 639.9 674.6 698.5 669.6 645.4 630.5 625.9 631.4 634 636.9 646 650.7 648 619.8 578.4 539.6 506.1 475.5 454.9 434.1 407.5 388.8 369 354.1 355.4 363.4 367.7 358.2 347.8 339.5 328.4 317.2 303.7 293.3 279.7 269.5 275.1 284.2 299 314.9 331.1 354.8 375.5 402.1 427.1 452 484.9 494 472.6 440.6 409.8 382.9 360.8 338.8 355 374.8 391.2 408.6 417 416.9 417 406.7 390.4 385.4 380.7 380.4 381.6 356.3 328.7 305.2 286.9 272.5 259.8 249.5 240.8
605.4 616 627.6 646.8 675.8 702.6 723.3 687.7 673.1 672.5 667.7 668.1 673.2 683.7 680.1 643.5 606.7 566.2 530.1 495.9 467 444.7 421 404.6 387.1 365.5 367.5 372.9 386.2 380.8 370.3 361.3 348.2 336.3 319.5 306 291.9 280.9 274.1 274.9 284.2 301.5 316.3 335.6 358.4 379.5 403.5 428.3 460.5 491.6 510.2 492.6 456 424.3 397.6 375 353.2 366.2 385.4 406.1 425.9 444.4 448.6 444.7 433.6 425.7 419.3 409.7 406.7 402 382.5 358.4 330.5 306.3 287.7 271 258.8 248.3
614.8 623.6 637.9 656.9 683 708.5 735.8 745.7 726.6 720.5 710.1 707.8 703.1 692.4 660.8 625.2 590.5 553.7 516.9 489.4 462.5 434.4 412.2 395.1 380.9 375 383.3 396.9 415.8 404.5 396.9 373.8 358.1 344.4 324.5 309.8 295.9 285.1 274.6 277.5 286.8 302.2 320.2 338.2 358.9 379.7 406.7 435 471.7 497.1 516.1 503.4 473.1 439 413 390.4 369.7 378.9 397.5 418 440.4 464.6 471 472 466 464.4 451 448.1 438.6 439.6 412.4 381.4 352.1 325.7 302.2 283.7 268.3 257.8
623.7 632.7 642.2 661.6 692.1 717.9 744.3 762.4 771.4 774.9 758.6 750.7 737.4 698.6 653 609.5 574.5 542.3 510.2 482.4 456.4 427.7 405.9 390.8 380.5 385.9 396.4 419.7 431.2 423.5 406.8 386.3 368.7 349 328.9 313.7 298.9 290 278.8 279.9 288.5 302.9 322.7 339.1 359.2 382.7 411.3 444.4 474.5 508.2 523.9 512.6 490.7 455.4 433.2 409.6 390.8 393.7 410 430.3 454.2 482 497.8 503.9 508.3 496 487.9 480.6 495.2 477.1 445.9 403.9 366 338.9 316.7 297.1 280.5 269.1
650.1 645 647.7 668.1 697 723.9 746 764.3 783.8 802.2 796.1 774.7 733.7 689.1 640.3 594.9 561.7 532.6 506.2 476.3 447.1 421.7 404.1 391.6 396.3 401.8 415.7 452.7 458.9 440.9 421.8 396 375 352.6 332.1 312.2 298.9 291.4 282.9 281 291.3 307.2 326.3 341.3 360.3 383.8 413.8 451.2 485.4 523.7 546 537.9 507.3 470.5 446.3 423.4 405.9 407.1 426.5 444.4 466.1 491.4 518.6 542 535.9 544.5 536.2 526.6 516.1 489.6 455.4 414.9 380.2 355.8 333.2 314.8 296.7 278.7
664.6 654.7 659.4 684.3 705.7 726.9 749.7 774 800.6 813.6 787.1 737.7 707.3 670.6 619.2 585.2 553.5 526.1 498.6 467.7 440.2 420 410.7 408.6 417.8 424.9 441.4 482.7 485.2 478.9 439.9 407.6 377.4 355.5 332.7 312.9 299.9 290.1 286 282.4 293 308.8 328.5 344.9 361.5 384.2 420.3 458.2 498.5 536.2 557.8 550.3 514.5 481.2 457.4 438.2 422.5 418.3 438.9 454.4 476.7 497.3 524.4 556.2 568 569.8 566.4 551.6 533.5 494.5 469.5 429 395.9 371.7 352.2 327.5 310 293.5
667.9 660.3 665.5 690.5 707.3 729.7 758.6 786.4 812.4 832.7 796.5 727.4 684.6 647.1 613.2 579.8 555.8 525.2 491.7 461.7 438.6 423.2 422.2 421.2 428.9 444.5 470.1 507.7 516.8 489.1 448 410.4 380.1 357.9 334.6 314.2 303.4 295.3 288.6 285.3 295.1 310 328.8 347.4 365 390.8 431.1 463.9 505.2 535.3 564 557.6 531.7 497.9 473.1 456.5 439.5 432.8 448.1 467.9 484.7 506.4 527.6 552.4 579.7 594.6 583.5 570.3 543.9 517.2 484.8 451.3 419.5 389.4 366.4 347.6 325.5 302.6
677.6 668.3 668.4 682.4 712.9 740.1 769 801 828.2 823.9 769.5 724.6 674.6 635.7 602.8 576.8 551.1 521.5 487.9 461 442.9 437.5 431.8 436.4 447.9 463.5 496.4 529.2 523.4 490.4 446.5 413.8 384.7 360.7 338.8 319.5 309.3 299.7 294.2 291.5 299.4 314.7 331.7 350.8 368.6 395.7 431.7 465 506.9 549.6 573.2 568.3 553.1 525.9 501.6 475.9 457.7 453.8 458.4 474.6 496.7 513.3 534.2 552.7 578.7 599.2 599.8 590.8 569.9 545.7 510.9 470.1 430.4 408.1 386.1 365.9 337.4 314.8
680.8 675.1 672.6 684.2 714.2 746.5 781.6 812.3 840.3 796.8 751.4 703.8 665.9 632 598.9 575.7 547.8 517.9 492.5 468.7 461.9 459.6 466 469.3 483.9 489.6 514.8 543.1 521.8 487.7 447.4 413.3 385 354.9 339.8 323.5 303.2 297.2 295.6 291.7 302.6 319.5 335.6 353.8 375.5 402.5 433.5 466.6 511 551.3 580.1 574.8 564.4 542.7 514.6 491 474.8 473 473.7 484.9 506.6 522.4 538.9 557.1 574 593.7 599.6 599.8 586 561.9 522 487.8 466 434.6 403.9 377.1 349.6 327.1
687.8 682.3 685 699.2 723.3 761.4 796.6 824.8 833.1 794.4 751 703.3 660.4 627.3 599.7 579.6 548.5 522.8 500.5 495.4 515.1 504.7 513.4 523.8 518.4 525.1 547.3 545.1 515.7 483.2 447.3 413.5 382.6 360.3 339.8 320.9 306 300.4 298.8 294.8 304.6 321.4 338.1 360.9 382 406.3 437.9 472.9 515.3 559.3 589.2 582.8 570.1 549.8 524.5 504.4 493.8 488.1 485 499.4 514.2 528.6 544.2 560.8 575.3 598.9 600.7 600.3 590.8 574.4 541.2 518 497.3 458.4 424.3 390.6 361.7 335.6
693.7 693.8 702.8 721.4 745.8 781.6 813.5 837 813.1 773.5 734.1 695.8 661.2 631.5 608 586.4 563.7 544 528.4 529 559.9 557.2 581.4 584 566.9 571.4 572.8 545.5 512 477.4 441.8 411.2 383.9 361 341.1 322 310.3 305.7 303.2 297.8 308.6 325.7 342.9 365.3 389 413.7 446.8 480.3 519.2 565.6 600.5 590.8 574.4 556.1 533.5 518.7 509.7 505.2 503.5 516.4 524.3 535.9 547.8 563.3 577.3 601.1 608.6 611.5 602.6 577.3 549.6 526.8 497.2 466.2 429.7 398.4 370.9 347.1
704.2 712.6 733.7 754.6 780.2 806.8 828.7 835.1 810.6 763.3 725.1 690.1 656.6 644.1 627.4 608.3 593.5 585.8 596.8 593.1 604.9 621.6 622.5 610.3 602.6 591.6 568 538.4 507.5 473.5 438.8 410.6 384.5 362.4 343.4 323.1 312.8 310.8 304.7 301.6 317.1 330.5 346.6 369.6 395.3 421.2 453.8 489.4 528.8 574.4 600.6 591.9 579.2 564.1 544.8 535.2 523.9 523 522.2 526.1 534.8 542.5 551.4 564.3 580.7 598.1 613.2 609.4 592.7 573.1 548 522.2 490.1 461.7 428.1 402.1 379.1 354.9
736.1 741 759.7 785.7 811.4 828.2 831 804.9 776 741 709 676.2 660.9 655.2 643.8 626.5 612.9 603.6 602.5 611.7 622.6 637 632.4 616.4 601.4 579.1 550.9 524.4 498 468 436.6 409.9 382.6 360.9 341.5 324.4 318.2 313.8 307.4 307.1 322.6 335.9 351.5 377 399.5 431.7 464.3 501.3 537.5 584.6 600.5 594.8 582.9 571.6 562.2 552.7 541.5 535.5 532.3 534.6 542.7 549.5 556.9 570.1 583.7 599.2 613.7 603.5 584.8 568.9 544 516.7 487.4 460.7 430.8 407.1 383.5 358.5
789.4 793.7 798.9 812.3 825.9 831.4 809.9 779.4 751.9 722.6 693.5 674.3 663.2 655.9 642.6 627.3 619.1 610.9 609.8 622.9 630 628.6 610.8 581.9 568.7 552.2 530.8 509.3 484.9 460.6 432.7 408.2 384.2 360.3 341.4 330 323 316.3 308.9 316.9 329.6 341.4 359 381.9 410 446.5 478.3 518.4 559.8 596.2 601.9 595.1 586.1 577.8 573.4 566.7 557.7 548.6 543.8 544.2 550 556.6 564.9 577.3 590.9 602.4 608.2 602.2 584.1 567.4 536.6 503.5 480.6 460.3 435.5 412.1 385.3 363.7
835.1 838 838.4 847.2 837 809.9 781.6 752 727.8 701.3 683.8 674.9 665.2 652.5 637.8 627.4 622.3 619.9 620.1 627.8 621.7 593.5 568.7 545.2 531.3 536.8 523.5 499 473.6 450.6 428.8 405.4 382.7 360.4 344 327.8 324 318.4 318.1 326.2 336.8 350.3 369 392.8 422.1 458.2 492.1 534.7 593.6 602 601 596.7 590 583.9 580.6 576.8 571 562.4 556 556.6 559.4 565.6 573.2 583.4 594.5 607.7 612.8 611 581.9 555.3 523.4 501.1 482.1 456 436.1 416.1 389.2 367.9
