app/static/ascii/NG83.asc
ncols 200
nrows 200
xllcorner 180000
yllcorner 830000
cellsize 50
[rows 111 to 147 of 200, columns 0 to 82 of 200]
-2.2 -2.2 -2.2 -2.2 -2.2 -2.2 1.9 1.6 1.9 7.1 -2.2 0.7 1.7 4.7 -2.2 -2.2 -2.2 -2.2 -2.2 -2.2 -2.2 -2.2 -2.2 -2.2 -2.2 -2.2 -2.2 -2.2 -2.2 -2.2 -2.2 -2.2 -2.2 -2.2 -2.2 -2.2 -2.2 -2.2 -2.2 -2.2 -2.2 -2.2 -2.2 -2.2 -2.2 -2.2 -2.2 -2.2 -2.2 -2.2 -2.2 -2.2 -2.2 -2.2 -2.2 -2.2 -2.2 -2.2 -2.2 -2.2 -2.2 -2.2 -2.2 -2.2 -2.2 -2.2 -2.2 -2.2 -2.2 -2.2 -2.2 -2.2 -2.2 -2.2 -2.2 -2.2 -2.2 -2.2 -2.2 -2.2 -2.2 -2.2 -2.2
-2.2 -2.2 -2.2 1.5 0.5 2.2 2.5 2.9 14.1 14.5 8.8 2.5 2.5 11.5 11.4 1.5 -2.2 -2.2 -2.2 -2.2 -2.2 -2.2 -2.2 -2.2 -2.2 -2.2 -2.2 -2.2 -2.2 -2.2 -2.2 -2.2 -2.2 -2.2 -2.2 -2.2 -2.2 -2.2 -2.2 -2.2 -2.2 -2.2 -2.2 -2.2 -2.2 -2.2 -2.2 -2.2 -2.2 -2.2 -2.2 -2.2 -2.2 -2.2 -2.2 -2.2 -2.2 -2.2 -2.2 -2.2 -2.2 -2.2 -2.2 -2.2 -2.2 -2.2 -2.2 -2.2 -2.2 -2.2 -2.2 -2.2 -2.2 -2.2 -2.2 -2.2 -2.2 -2.2 -2.2 -2.2 -2.2 -2.2 -2.2
-2.2 -2.2 -2.2 -2.2 -2.2 -2.2 -2.2 -2.2 3.4 3.6 2.5 2.5 2.5 2.5 2.5 2.5 -2.2 -2.2 -2.2 -2.2 -2.2 -2.2 -2.2 -2.2 -2.2 -2.2 -2.2 -2.2 -2.2 -2.2 -2.2 -2.2 -2.2 -2.2 -2.2 -2.2 -2.2 -2.2 -2.2 -2.2 -2.2 -2.2 -2.2 -2.2 -2.2 -2.2 -2.2 -2.2 -2.2 -2.2 -2.2 -2.2 -2.2 -2.2 -2.2 -2.2 -2.2 -2.2 -2.2 -2.2 -2.2 -2.2 -2.2 -2.2 -2.2 -2.2 -2.2 -2.2 -2.2 -2.2 -2.2 -2.2 -2.2 -2.2 -2.2 -2.2 -2.2 -2.2 -2.2 -2.2 -2.2 -2.2 -2.2
-2.2 -2.2 -2.2 -2.2 -2.2 -2.2 -2.2 -2.2 2.5 2.5 2.5 2.5 2.5 2.5 2.5 2.5 -2.2 -2.2 -2.2 -2.2 -2.2 -2.2 -2.2 -2.2 -2.2 -2.2 -2.2 -2.2 -2.2 -2.2 -2.2 -2.2 -2.2 -2.2 -2.2 -2.2 -2.2 -2.2 -2.2 -2.2 -2.2 -2.2 -2.2 -2.2 -2.2 -2.2 -2.2 -2.2 -2.2 -2.2 -2.2 -2.2 -2.2 -2.2 -2.2 -2.2 -2.2 -2.2 -2.2 -2.2 -2.2 -2.2 -2.2 -2.2 -2.2 -2.2 -2.2 -2.2 -2.2 -2.2 -2.2 -2.2 -2.2 -2.2 -2.2 -2.2 -2.2 -2.2 -2.2 -2.2 -2.2 -2.2 -2.2
11.1 7.7 8.6 11.3 2.7 1 -2.2 -2.2 9.7 14.1 13.8 2.5 2.5 2.5 4.4 11.3 6.9 2.2 -2.2 -2.2 -2.2 -2.2 -2.2 -2.2 -2.2 -2.2 -2.2 -2.2 -2.2 -2.2 -2.2 -2.2 -2.2 -2.2 -2.2 -2.2 -2.2 -2.2 -2.2 -2.2 -2.2 -2.2 -2.2 -2.2 -2.2 -2.2 -2.2 -2.2 -2.2 -2.2 -2.2 -2.2 -2.2 -2.2 -2.2 -2.2 -2.2 -2.2 -2.2 -2.2 -2.2 -2.2 -2.2 -2.2 -2.2 -2.2 -2.2 -2.2 -2.2 -2.2 -2.2 -2.2 -2.2 -2.2 -2.2 -2.2 -2.2 -2.2 -2.2 -2.2 -2.2 -2.2 -2.2
7.5 6.9 6.7 7.1 2.5 2.5 2.1 2.5 19.6 26.9 29.8 23.8 9.2 4.1 9.3 13 8.3 1.4 -2.2 -2.2 -2.2 -2.2 -2.2 -2.2 -2.2 -2.2 -2.2 -2.2 -2.2 -2.2 -2.2 -2.2 -2.2 -2.2 -2.2 -2.2 -2.2 -2.2 -2.2 -2.2 -2.2 -2.2 -2.2 -2.2 -2.2 -2.2 -2.2 -2.2 -2.2 -2.2 -2.2 -2.2 -2.2 -2.2 -2.2 -2.2 -2.2 -2.2 -2.2 -2.2 -2.2 -2.2 -2.2 -2.2 -2.2 -2.2 -2.2 -2.2 -2.2 -2.2 -2.2 -2.2 -2.2 -2.2 -2.2 -2.2 -2.2 -2.2 -2.2 -2.2 -2.2 -2.2 -2.2
9.6 10.2 7.3 6.7 2.5 2.5 2.5 14.2 25.5 28.2 27.4 23 15.8 9.8 10.7 11 6.6 1.4 -2.2 -2.2 -2.2 -2.2 -2.2 -2.2 -2.2 -2.2 -2.2 -2.2 -2.2 -2.2 -2.2 -2.2 -2.2 -2.2 -2.2 -2.2 -2.2 -2.2 -2.2 -2.2 -2.2 -2.2 -2.2 -2.2 -2.2 -2.2 -2.2 -2.2 -2.2 -2.2 -2.2 -2.2 -2.2 -2.2 -2.2 -2.2 -2.2 -2.2 -2.2 -2.2 -2.2 -2.2 -2.2 -2.2 -2.2 -2.2 -2.2 -2.2 -2.2 -2.2 -2.2 -2.2 -2.2 -2.2 -2.2 -2.2 -2.2 -2.2 -2.2 -2.2 -2.2 -2.2 -2.2
15.3 15.1 17.5 21.1 20.3 10.1 2.5 17.1 26.2 27.6 25.1 23.7 19 16.1 13.2 6.9 3.2 2.1 -2.2 -2.2 -2.2 -2.2 -2.2 -2.2 -2.2 -2.2 -2.2 -2.2 -2.2 -2.2 -2.2 -2.2 -2.2 -2.2 -2.2 -2.2 -2.2 -2.2 -2.2 -2.2 -2.2 -2.2 -2.2 -2.2 -2.2 -2.2 -2.2 -2.2 -2.2 -2.2 -2.2 -2.2 -2.2 -2.2 -2.2 -2.2 -2.2 -2.2 -2.2 -2.2 -2.2 -2.2 -2.2 -2.2 -2.2 -2.2 -2.2 -2.2 -2.2 -2.2 -2.2 -2.2 -2.2 -2.2 -2.2 -2.2 -2.2 -2.2 -2.2 -2.2 -2.2 -2.2 -2.2
20.3 26.3 31.7 28.3 21.2 5.5 3.1 15.4 20.1 20.4 21.4 22.1 21.8 20.1 11.7 2.8 1.4 -2.2 -2.2 -2.2 -2.2 -2.2 -2.2 -2.2 -2.2 -2.2 -2.2 -2.2 -2.2 -2.2 -2.2 -2.2 -2.2 -2.2 -2.2 -2.2 -2.2 -2.2 -2.2 -2.2 -2.2 -2.2 -2.2 -2.2 -2.2 -2.2 -2.2 -2.2 -2.2 -2.2 -2.2 -2.2 -2.2 -2.2 -2.2 -2.2 -2.2 -2.2 -2.2 -2.2 -2.2 -2.2 -2.2 -2.2 -2.2 -2.2 -2.2 -2.2 -2.2 -2.2 -2.2 -2.2 -2.2 -2.2 -2.2 -2.2 -2.2 -2.2 -2.2 -2.2 -2.2 -2.2 -2.2
33.7 39.3 39 23.7 12.5 4.2 4.2 10.1 17 16 17 20.6 21.3 18.8 10.6 -2.2 -2.2 -2.2 -2.2 -2.2 -2.2 -2.2 -2.2 -2.2 -2.2 -2.2 -2.2 -2.2 -2.2 -2.2 -2.2 -2.2 -2.2 -2.2 -2.2 -2.2 -2.2 -2.2 -2.2 -2.2 -2.2 -2.2 -2.2 -2.2 -2.2 -2.2 -2.2 -2.2 -2.2 -2.2 -2.2 -2.2 -2.2 -2.2 -2.2 -2.2 -2.2 -2.2 -2.2 -2.2 -2.2 -2.2 -2.2 -2.2 -2.2 -2.2 -2.2 -2.2 -2.2 -2.2 -2.2 -2.2 -2.2 -2.2 -2.2 -2.2 -2.2 -2.2 -2.2 -1.8 -1.3 -0.8 -2.2
29.3 31.4 24.1 18 16.9 9.2 10.4 18.4 16.8 11.8 10.4 14.4 11.3 8.7 8.4 -2.2 -2.2 -2.2 -2.2 -2.2 -2.2 -2.2 -2.2 -2.2 -2.2 -2.2 -2.2 -2.2 -2.2 -2.2 -2.2 -2.2 -2.2 -2.2 -2.2 -2.2 -2.2 -2.2 -2.2 -2.2 -2.2 -2.2 -2.2 -2.2 -2.2 -2.2 -2.2 -2.2 -2.2 -2.2 -2.2 -2.2 -2.2 -2.2 -2.2 -2.2 -2.2 -2.2 -2.2 -2.2 -2.2 -2.2 -2.2 -2.2 -2.2 -2.2 -2.2 -2.2 -2.2 -2.2 -2.2 -2.2 -2.2 -2.2 -2.2 -2.2 -2.2 -2.2 -2.2 -0.4 0.4 0.7 0.6
2.5 6.9 12.1 18.4 22.4 23.3 22.8 21.8 19.3 10.5 4 3.4 1.9 -2.2 1.3 -2.2 -2.2 -2.2 -2.2 -2.2 -2.2 -2.2 -2.2 -2.2 -2.2 -2.2 -2.2 -2.2 -2.2 -2.2 -2.2 -2.2 -2.2 -2.2 -2.2 -2.2 -2.2 -2.2 -2.2 -2.2 -2.2 -2.2 -2.2 -2.2 -2.2 -2.2 -2.2 -2.2 -2.2 -2.2 -2.2 -2.2 -2.2 -2.2 -2.2 -2.2 -2.2 -2.2 -2.2 -2.2 -2.2 -2.2 -2.2 -2.2 -2.2 -2.2 -2.2 -2.2 -2.2 -2.2 -2.2 -2.2 -2.2 -2.2 -2.2 -2.2 -2.2 -2.2 -2.2 2 2.2 2.3 2.5
17.6 21.7 18.9 19.8 23.9 24.5 24.5 22.7 20.6 11 3.1 2.5 2.5 -2.2 2.3 -2.2 -2.2 -2.2 -2.2 -2.2 -2.2 -2.2 -2.2 -2.2 -2.2 -2.2 -2.2 -2.2 -2.2 -2.2 -2.2 -2.2 -2.2 -2.2 -2.2 -2.2 -2.2 -2.2 -2.2 -2.2 -2.2 -2.2 -2.2 -2.2 -2.2 -2.2 -2.2 -2.2 -2.2 -2.2 -2.2 -2.2 -2.2 -2.2 -2.2 -2.2 -2.2 -2.2 -2.2 -2.2 -2.2 -2.2 -2.2 -2.2 -2.2 -2.2 -2.2 -2.2 -2.2 4.7 6.1 6 -2.2 -2.2 -2.2 -2.2 -2.2 -2.2 16.7 37.2 44.8 39.3 34.9
17.1 28.6 32.2 28.8 26.9 27.1 26.1 23.6 21.4 13.7 5.3 4.3 4.9 5.6 4.8 -2.2 -2.2 -2.2 -2.2 -2.2 -2.2 -2.2 -2.2 -2.2 -2.2 -2.2 -2.2 -2.2 -2.2 -2.2 -2.2 -2.2 -2.2 -2.2 -2.2 -2.2 -2.2 -2.2 -2.2 -2.2 -2.2 -2.2 -2.2 -2.2 -2.2 -2.2 -2.2 -2.2 -2.2 -2.2 -2.2 -2.2 -2.2 -2.2 -2.2 -2.2 -2.2 -2.2 -2.2 -2.2 -2.2 -2.2 -2.2 -2.2 -2.2 -2.2 -2.2 -2.2 10.2 38 43.9 44.2 47.1 42.6 42 33.2 26 37 44.7 61.6 79.6 81.5 80.4
26.1 37 38.4 28.9 28.8 29.9 27 24.2 21.6 14 4.8 3.1 3.2 4 3 -2.2 -2.2 -2.2 -2.2 -2.2 -2.2 -2.2 -2.2 -2.2 -2.2 -2.2 -2.2 -2.2 -2.2 -2.2 -2.2 -2.2 -2.2 -2.2 -2.2 -2.2 -2.2 -2.2 -2.2 -2.2 -2.2 -2.2 -2.2 -2.2 -2.2 -2.2 -2.2 -2.2 -2.2 -2.2 -2.2 -2.2 -2.2 -2.2 -2.2 -2.2 -2.2 -2.2 -2.2 -2.2 -2.2 -2.2 -2.2 -2.2 -2.2 1.2 7.5 27.9 34.9 55.1 63.5 70.3 75.4 83.1 82.3 77.5 76.2 83.9 95 88.2 87.2 94.4 101.7
19.3 32.5 38.2 29.2 29 30 28.1 24 20.5 8.4 3.3 2.5 2.9 2.5 1 -2.2 -2.2 -2.2 -2.2 -2.2 -2.2 -2.2 -2.2 -2.2 -2.2 -2.2 -2.2 -2.2 -2.2 -2.2 -2.2 -2.2 -2.2 -2.2 -2.2 -2.2 -2.2 -2.2 -2.2 -2.2 -2.2 -2.2 -2.2 -2.2 -2.2 -2.2 -2.2 -2.2 -2.2 -2.2 -2.2 -2.2 -2.2 -2.2 -2.2 -2.2 -2.2 -2.2 -2.2 -2.2 -2.2 -2.2 -2.2 -2.2 2.5 2.6 23.9 38 50.9 67.2 79.4 95.7 112.8 122.7 137.4 135.3 144.4 138.6 146.1 144.3 127.5 99.5 108.1
15.9 32.6 37.5 29.2 29.3 29.8 27.4 22.9 11.1 3.9 2.5 2.5 3 3.1 -2.2 -2.2 -2.2 -2.2 -2.2 -2.2 -2.2 -2.2 -2.2 1 -2.2 -2.2 -2.2 -2.2 -2.2 -2.2 -2.2 -2.2 -2.2 -2.2 -2.2 -2.2 -2.2 -2.2 -2.2 -2.2 -2.2 -2.2 -2.2 -2.2 -2.2 -2.2 -2.2 -2.2 -2.2 -2.2 -2.2 -2.2 -2.2 -2.2 -2.2 -2.2 -2.2 -2.2 -2.2 -2.2 -2.2 -2.2 19.5 13.2 7.4 23.3 40.4 54.2 67 93.1 140.6 156.6 153.8 176.8 214.7 225.2 218.6 210.3 201.3 195.2 189.3 168.6 133
19.1 25 33 30.9 30.3 29.1 25.6 11.5 2.5 2.3 2.1 2.4 2 -2.2 -2.2 -2.2 -2.2 -2.2 -2.2 -2.2 -2.2 -2.2 -2.2 1.1 -2.2 -2.2 -2.2 -2.2 -2.2 -2.2 -2.2 -2.2 -2.2 -2.2 -2.2 -2.2 -2.2 -2.2 -2.2 -2.2 -2.2 -2.2 -2.2 -2.2 -2.2 -2.2 -2.2 -2.2 -2.2 -2.2 -2.2 -2.2 -2.2 -2.2 -2.2 -2.2 -2.2 -2.2 -2.2 -2.2 6.9 18.1 24.3 24 35.4 57.3 65.9 72.2 92.1 134.5 177.6 206 238.1 263.6 267.5 263.6 254.6 247.4 238.8 234.2 219.9 205.3 193.1
24.9 26.3 32.3 39.1 32.3 26.7 19.5 3.1 2.5 2.5 0.7 0.3 -0.4 -2.2 -2.2 -2.2 -2.2 -2.2 -2.2 -2.2 -2.2 -2.2 -2.2 -2.2 -2.2 -2.2 -2.2 -2.2 -2.2 -2.2 -2.2 -2.2 -2.2 -2.2 -2.2 -2.2 -2.2 -2.2 -2.2 -2.2 -2.2 -2.2 -2.2 -2.2 -2.2 -2.2 -2.2 10.9 9.4 -2.2 -2.2 -2.2 -2.2 -2.2 -2.2 -2.2 -2.2 16.5 19.1 16.6 30.3 37.5 38.6 44.1 80.2 89.7 94.5 98.3 117.3 150 229 267.5 287.6 295.6 301.4 288.1 281.5 269.9 262.9 252.4 235.4 222.2 210.2
30.7 34.1 36.9 38.7 28.8 22.9 11.8 2.6 2.5 2.5 1.1 -0.8 -2.2 -2.2 -2.2 -2.2 -2.2 -2.2 -2.2 -2.2 -2.2 -2.2 -2.2 -2.2 -2.2 -2.2 -2.2 -2.2 -0.1 -2.2 -2.2 -2.2 -2.2 -2.2 -2.2 -2.2 -2.2 -2.2 -2.2 -2.2 -2.2 -2.2 -2.2 -2.2 -2.2 -2.2 -2.2 7.5 -2.2 -2.2 -2.2 -2.2 -2.2 -2.2 -2.2 2.8 24 35.2 37.6 43.3 44 43.7 51.8 71.3 114.5 121.2 131.3 142.6 161.7 206.2 233.9 281.2 288.5 295.3 298.8 290.5 281.8 273.3 267.8 259.8 246.2 231.1 215.1
34 35.5 36.3 37.1 23.2 18.8 6.9 2.6 2.5 2.5 1.4 -2.2 -2.2 -2.2 -2.2 -2.2 -2.2 -2.2 -2.2 -2.2 -2.2 -2.2 -2.2 -2.2 -2.2 2.5 6.2 2.3 4.7 6 5.8 15 18 2.1 -2.2 -2.2 -2.2 -2.2 -2.2 -2.2 -2.2 -2.2 -2.2 -2.2 -2.2 -2.2 -2.2 -2.2 -2.2 -2.2 -2.2 -2.2 -2.2 -2.2 6.3 25.9 32.5 44.7 52.2 57.6 53.5 54.9 73.4 111.1 138 162.4 170.7 236.8 271 291 276.9 284.2 284.7 283.6 282.2 280.9 275 271.8 269 258.5 250.4 234.4 225
33.8 36.5 29.2 29.6 14.9 9 5.9 2.8 2.5 4.3 6.2 -2.2 -2.2 -2.2 -2.2 -2.2 -2.2 -2.2 -2.2 -2.2 -2.2 -2.2 -2.2 -2.2 2.7 12.5 15.3 17.9 21.4 18.6 19.7 31.3 22.9 9.8 5.5 5.7 7.8 9.9 12.8 26.8 11.4 14.3 10.4 -2.2 -2.2 -2.2 -2.2 -2.2 -2.2 -2.2 -2.2 -2.2 -2.2 14.6 34.3 43.7 52.8 63 68.2 68.7 66.9 72.8 100.8 129.5 173.1 227.2 288.8 301.2 308.6 306.3 297.5 287.9 282.2 279.7 278 274.7 267.9 264.5 261.9 257.1 247.5 236.3 224.7
40.8 30.1 20.8 15.4 8.4 7.8 5.5 2.5 2.5 2.3 1.4 -2.2 -2.2 -2.2 -2.2 -2.2 -2.2 -2.2 -2.2 -2.2 -2.2 -2.2 -2.2 2.3 12.1 25.4 24.6 22.2 23.5 23.7 30.9 40.6 31.9 26.2 23.5 21.8 22.7 31.1 35.4 30.5 24 15.3 7.1 2.5 -2.2 -2.2 -1.4 -2.2 -2.2 -2.2 -2.2 5.1 29.1 47.1 50.6 55.3 68.4 73.1 77.8 81.4 84.6 110.4 134.1 165.5 212 266 303.4 310.8 311.7 309.1 302.1 298.5 291.5 283.3 277.8 277.7 272.2 262.1 255 255 243.1 233.3 223.9
33.9 26.5 11.1 5.3 6.9 5.7 2.4 1.6 0.8 0.5 -2.2 -2.2 -2.2 -2.2 -2.2 -2.2 -2.2 -2.2 -2.2 -2.2 -2.2 -2.2 -2.2 2.2 6.2 29.4 28.3 19.1 19.4 22.4 32.4 44.7 41.7 43.1 35 26.9 36.5 49 49.5 38.6 25.3 14.9 3.9 4.8 -2.2 0.4 1 2.5 2.5 3.9 20.5 36.1 55.5 61.3 69.2 75.6 79 82.1 84.7 97.8 120.2 143.2 159.2 194.8 232.5 270.9 318 327.3 328.5 322.2 319.9 318.7 313.5 305.1 294.3 280.8 274 266.6 258.5 249.8 238.5 230.1 223.6
16.3 11.1 3.9 2.7 4.1 2.5 1.6 0.7 -0.1 -1 -2.2 -2.2 -2.2 -2.2 -2.2 -2.2 -2.2 -2.2 -2.2 -2.2 -2.2 3.9 2.5 1.9 6.8 10.7 12.5 15.5 18.7 25.9 51.1 52.9 45.6 53.5 47.5 45.9 54.2 59.3 53.8 40.8 29.4 17.9 4.3 2.5 -2.2 3.1 6.1 7.3 13.4 18.3 31.4 54 70.9 78.2 81.3 89.7 95 98.8 110.1 123.1 149.7 176.1 210.1 268.4 320.1 316.6 315.5 336.1 337.6 338.4 329.1 324.4 320.3 309 304.8 296.5 280.8 274.1 265.7 255.3 245.9 234.7 221.4
21.7 12.2 6.1 2.5 2.5 2.5 2.3 1.1 0 -1.1 -2.2 -2.2 -2.2 -2.2 -2.2 -2.2 -2.2 -2.2 -2.2 -2.2 -2.2 2.1 2.5 4.9 2.5 8.5 21.1 23.5 26.2 44.5 54.6 52.2 58.1 58 55 57.7 60.3 61.7 54.8 41.7 25.7 21.1 8.2 4.4 4.4 8.6 12.2 21.3 32.5 36.6 47.3 77.5 90 95.5 95.7 107.3 114.3 123.9 135.6 167.7 186.6 211.2 268.5 312.6 344.4 346 340.3 331.9 339.2 340.9 336.2 329.8 320.2 314.1 304.1 294.2 283.9 275.3 266.5 259.7 251 240 226.4
16.8 4.5 1.8 2.5 2.5 2.5 2.5 2.2 1.1 -0.1 -2.2 -2.2 -2.2 -2.2 -2.2 -2.2 -2.2 -2.2 -2.2 -2.2 1.7 3.8 3.7 2.5 2.5 8.8 23.3 28.8 41.4 48.2 51 58.5 56.8 58 56.1 58.4 56.2 55.2 51.5 42.8 31.1 26 22.5 18.1 25.9 29.2 28.5 25.3 41.4 50.7 64.8 84.3 104.5 111.9 111.7 121.1 125.7 143 172.5 214.5 240.9 274.5 292.5 299.9 335.9 345.4 351.8 339.7 337.1 335.6 332.6 327.2 318.4 309.8 301.1 295.3 287.5 276.1 268.1 263.4 256.9 250.3 242.9
2.5 2.5 2.5 2.5 2.5 2.5 2.5 2.5 2.1 0.9 1.2 3.1 13.6 18 15.8 8.1 6 6 5 11.3 20 11 4.5 3.2 8.1 11.3 22.6 32.6 45.1 49.4 41.8 43.5 47.3 51.6 58 63.6 70.5 79 84.3 68.5 55.6 47.6 42 45.9 47.6 47.4 41.3 37.6 52.3 64.2 75.2 99.2 114.8 119.4 125.1 135.1 146.2 171 207.9 253.5 294.6 328.1 346.7 348 337 344 343.7 345.3 337.8 332.7 324.2 319.5 306.7 301.3 297.9 297.3 295.7 282.9 274.9 264.4 255.3 253.9 245
2.5 5.1 2.5 2.5 2.5 9.9 2.5 2.5 2.5 2.5 10.4 14.7 27.3 27.1 26.4 26.2 15.5 3.3 2.5 24.7 20.7 19.7 18.5 21.9 20 20 21.8 34 37.5 37.5 38.5 44.3 66.8 77.5 83.1 99.5 100.1 102.5 101.9 85.3 71.4 66.2 58.9 57.7 57.7 53.5 44.9 48.9 62.5 74.4 84.8 101.5 113.6 126.2 140.6 158.5 178.1 199.3 249.6 302 330.2 350.9 352.6 353.6 351.3 349.1 337.3 338.1 337 330.4 323.2 317.1 310.9 306 299.1 296.5 292.8 286.4 279.6 264.1 260.9 253.9 247.3
25.8 23.2 20.2 25.4 19.9 21.2 21.6 19.7 24.1 22.9 24.2 23.6 35.3 34.5 33 27.4 22.5 19.7 26.3 39.9 45.3 44.9 37.3 31.8 31.3 28.8 28.1 33 35.4 39.7 48.9 71.5 90.6 103.9 121.6 127 126.8 117.3 109.3 99.2 86.4 75 68.2 64.6 60.7 54.6 48.9 54.5 68 82.1 95 109.1 121.8 138.9 165.2 190 208.5 233.5 261.3 302.7 311.8 323.7 337.2 332.6 335.1 331.1 333 326.3 325.6 323.5 313.1 312 313.9 311.3 305.1 296.8 292.7 287.5 279.5 279.9 284 276.1 256.5
44.3 41.5 48.2 55 51.8 59.3 63.9 62.6 55.2 44.1 34.6 33.8 42.2 43.8 40.1 42.3 30.7 31.5 45.4 57.5 54.5 53.4 44.9 44.1 41.7 38.6 34.8 40.2 43.9 48.7 62 81.7 103.3 117.5 127.3 136.5 138.3 126.3 115.3 110.7 105.1 90.9 74.9 71.1 69.2 59 56.5 64.3 76.8 89.6 107.7 123.1 136.6 157.4 187.7 213.6 233.1 260.3 277.8 305.6 310.5 312.2 316.6 312.6 309.7 303.5 304.4 311.8 308.6 302.3 301.3 300.6 304.2 304.5 300.6 295.9 291.3 288.5 290.9 291.3 288.9 278.4 262.6
58.6 74.3 86.6 75.2 87.8 91.4 90.9 83.2 71.9 61.3 53 53.5 57.5 62 55 45.7 37 41.3 53.7 57.5 52 50.1 55.3 58.5 48 45.6 45.4 49.1 49.7 61.1 77 89.1 100 114.9 131.4 133.7 141.2 131 124.5 126.7 124.3 106 87.8 78 72.1 66.6 68.2 79.1 91.8 117.1 131.1 141.7 161.9 186.3 209.3 234.4 247.9 284.2 310.6 317.4 311.5 306.3 303.6 304.2 302 302 302 302 301.5 300.3 301.8 299.7 298.2 298.3 297.4 301.4 303.1 299.8 294.4 289.5 281.2 270.1 261
81.8 104.6 110.3 112.7 112.9 110.7 102.8 93.3 82.3 75.7 70.3 68.7 70.5 68.6 59.3 55 41.9 42.2 47.8 49.5 51.3 54.7 56.5 56.4 62.1 62.5 57.7 63.7 66.5 70.4 80.9 89.7 96.9 108.8 120 129.8 141 142.3 141.8 135.2 132.4 115.3 97.9 84.8 79 79.1 79.5 95.1 117.9 139.7 151.4 170.6 201 225.4 241.3 262.5 271.3 293.4 303.3 308 307.9 302 302 302 302.5 302.9 305.8 305.4 303.6 297.9 297.6 303.6 298.5 297.9 299.9 304.7 303.7 303.8 297.4 285.8 268.2 255 247.3
110.4 134.3 130.3 129.5 129 123.6 112.5 102.3 100 87.7 77.5 73 71.7 70.2 64.1 58.4 50.5 46.1 46.9 49.5 55.5 60.1 64.2 69.8 73.9 75.5 74.9 73.1 74.5 76.2 81.2 90 98 108.5 119.5 131.6 149.3 152.9 146.5 137.6 128 113.7 101.3 90.6 93.2 91.6 98.1 116.3 142.2 154.5 175.8 221.9 244.5 251 263.3 269.1 290.4 305 300.1 296.7 301.1 304.8 304.4 310.4 309.3 309.1 310.3 304.5 297.3 293.4 294 299.6 299.9 304.4 304.9 305.1 303.6 293.3 286.7 272.7 255.7 249.4 251.5
132.9 137.3 131.1 128.1 125 124.3 116.7 106.9 96.5 89.5 81.2 77.8 75.1 71.1 67.2 61.6 54.7 53.5 53.3 58.3 64.3 70.8 78.5 79.7 80.8 83.1 83.2 82.1 81.6 83.2 88.2 92.3 99.8 109 120.7 135.7 149.2 152.6 147.1 135.4 126 115.7 104.4 100.1 104.5 112.5 124 135.3 147.7 173.6 204.5 251.1 267.9 260.5 260.6 270.8 280.7 295.3 300.4 300.9 311.7 316 315.7 312.6 309.1 301.8 301.4 296.6 294.7 294 292.8 295.8 305 310.9 305.5 300.3 292.9 287.3 281.1 270.5 251.5 255 254.5
116.5 119.6 113.9 116 110.3 101.7 97.6 89.4 85 82.7 82.8 78.4 76.1 73.7 69.3 63.9 59.5 60.3 62.6 68.3 75 82.4 85.9 87.5 86.7 87.2 88.9 89 90.2 94.1 95.3 98.2 101.5 109.3 118.3 132.2 148.8 158.5 151.3 134.8 126.5 116.6 115.8 112.3 116.4 128.7 141.6 153.9 159.3 175.7 209.9 228.9 243.4 251.2 262.5 285.2 283.9 300.7 309.3 320.7 313.6 310.6 306.4 304.2 301 295.6 299.3 301.7 302.6 294.9 292.3 295.2 292.6 292 289.1 290 291.8 288.8 283.8 265.6 254.4 251.4 251.4
89.8 87.9 83.2 81.9 86.8 80 76.1 77.3 80.4 81.7 83.4 85 86.7 86.8 78.2 69.2 64.9 65.7 68 74.2 78.7 85.6 88.2 90.1 93.1 93.3 94.4 97.8 101 104.1 106.5 106.8 109.3 113.4 121.5 129.6 135.2 142.5 138.2 129.8 124.4 119.5 122 121.4 134.7 144.1 154.3 164.1 169.8 179.5 195.9 221.1 257.2 285 307.8 305.1 302.3 303.9 309.1 313.9 314.8 311.9 306.4 300.3 300.1 296.5 299 311.1 312.3 298.4 293.6 290.5 285 283.7 285.1 288.1 294.5 285.8 272.9 256.9 251.4 251.4 251.4
