app/static/ascii/NG84.asc
ncols 200
nrows 200
xllcorner 180000
yllcorner 840000
cellsize 50
[rows 105 to 139 of 200, columns 0 to 79 of 200]
773.9 747.2 741.8 758.9 784.7 813.2 840.1 855.7 863.8 867.7 869.4 869.6 851.1 786.7 842.4 822 721.3 700.4 659.9 675.4 661.6 673.2 716.4 750.4 745.7 733.3 699.3 662.1 654.4 643.9 615.8 587.2 558 552.1 527.9 499.7 450.8 418.6 397.7 380.8 367.6 349.5 337 334.8 325.6 316.5 305.9 296.1 288.4 282.9 272.9 264.3 254.1 240.6 226.7 213.2 201.5 189.8 180.8 170.5 159.6 153.6 148.8 145.3 142 139.6 141.4 145.8 139.9 133.6 130.3 121.5 117.3 116.4 109.4 100.6 87.7 84.6 73.6 70.6
740.4 717.5 717.5 736.9 763.2 791.5 819.1 840.6 850.1 856.4 858.9 861.3 862.4 857.5 859.8 842.4 789.3 770.6 717.6 722 737.8 729 707.2 704.5 696.1 688.6 666.5 648.9 644.4 627.9 613.1 588.3 566.3 556.8 540 512.8 471 435 407.7 390.9 377.2 355.7 340.2 333.7 324.1 311.9 302.4 293.9 285.8 278.5 269.5 260.2 252.8 242.4 228.7 215.1 203.4 192.2 184.3 175.9 163.3 152.7 148.8 143.6 140.2 137.3 139.5 140.7 136.9 129.1 125.5 119.1 114.8 112.4 106.1 97.8 86.5 82.9 73.6 70.5
700.6 688.3 693.4 716.6 742.1 770.7 797.4 821.1 835 843.4 848.9 852.2 854.6 856 858.8 860.3 843.6 775.1 712.1 723.2 727.2 709.9 661.5 661.1 652.3 642.8 627.8 613.6 602.4 594 596.7 577.7 552.1 532.9 517.6 505.2 468 437.5 411.4 397.3 384.5 365.2 350.3 335.4 324.5 311.2 302.5 294.3 284.4 277.1 268.1 260.1 252.7 242.1 229.9 215.1 203.3 193 184.6 174.5 164.6 152.9 149.6 143.3 139.6 135.2 134.6 136.1 129.8 123.8 120.3 117.1 112.1 109.7 104 94.4 85.4 79.1 69.7 67.3
671.3 658.9 668.2 692.6 720 747.1 774.7 801.3 816.2 827.5 835.6 841.3 846.9 851.3 855.5 851.9 809.4 727 669.3 651.1 640.9 630.1 624.5 603.6 596.9 584.5 574 565 542.7 536.2 536.4 524 505.5 495.4 479.3 461.3 446.3 428.5 407.7 398.1 384.1 369.8 356.8 339.1 326.9 313.9 302.4 293 283.3 276.9 268.1 260.8 252.7 242.7 230.4 217.8 204 192.8 183 173.6 162.4 154.4 150.3 144.6 141.3 136.9 127.9 130.4 129 118.8 116.6 115.7 110.1 106 102.6 91.6 83.7 74.5 65.5 61.5
643.5 630.2 640.5 665.1 694.1 722.9 754 780.8 797.7 809.2 821.3 831.8 839.6 846.2 851.7 852.3 798.9 694.2 644.1 617.9 603.9 610.1 588 557.1 542 519.4 512.8 507.1 494.9 487.5 483.6 475.6 465.1 459.3 447.5 440.7 432 421.7 407.7 399.8 384.3 370.8 361 342.7 330.6 318 304.8 294.4 283.6 277.2 268.1 259.7 251 241.9 230.7 219.4 204.2 192.4 182.5 172.8 163.6 155.2 149.6 143.5 138.8 135 128.9 125.3 120.6 117 112.3 113.2 107.3 103 98.6 90.3 81.7 73.1 63.3 59.1
618.4 604 613 636.8 669.2 702.7 732.6 756.7 775 791 806 823.1 834.4 842.4 848.1 844.7 791 683.1 625.7 599.5 591.6 594.5 564.2 526.4 504.8 490 483.3 479.8 472.4 465.7 458.1 451.4 446.8 443.7 439.3 434.9 427.4 419.1 409.9 399 384.4 373.3 360.5 345.5 334.6 320.9 307.6 295.5 284.5 278.1 269.9 261.1 252.6 242.7 232.2 219.4 204.6 192 185.4 178.3 167.9 157 150.9 146.2 137.7 130.6 128.2 121.7 117.7 112.4 109.9 101 100.6 98.1 96 88.2 79.2 69.6 59.5 50.9
593.9 578.7 586.7 611 647.4 681.3 708.6 729.1 749.7 771 792.6 811.2 822 833.7 841.5 829.8 779.9 683.2 620.1 592.2 585 570.7 532.3 501.6 483.2 470.8 464.6 459.9 453.9 446.8 440.2 433.4 430.5 428.6 426.4 425.9 422.2 415.4 408.6 398.4 386.5 376.7 363.1 348.8 336.3 323.7 311.2 296.6 285.4 278.4 269.9 260.2 249.8 240.1 231 218.1 206.5 195.4 188.7 178 169.2 159.2 153.5 145.7 137.3 130.9 126.5 117.1 113.8 111.5 107.8 99.9 92.5 92.3 87.6 82 72.7 63.9 56 47.8
567.6 553 562.1 585.5 624 656.9 681.6 702.2 723.5 741.3 754.4 773.5 784.5 801.7 823.1 835.7 794.1 700.7 633.3 595.5 578.8 549.7 524 495.7 475.4 465.2 459.6 453.4 446.5 436.9 430.8 426.1 423.2 420 419.6 418.9 416 408.4 403.5 398.8 386.2 374.7 362.3 349.6 334.2 318.9 309.1 296.7 288.1 278 266.3 261.5 252.8 244.1 234.2 219.2 209 197.5 187.9 177.9 170.9 164.1 155.8 144.3 137.3 131 129 117.7 110.7 108.2 102.9 97.9 88.6 84.8 82.9 77.7 67.1 60.3 53.5 46.8
536.4 528.2 537.3 559.9 596.5 626.4 654.1 677.2 693.5 704.3 717.3 732.5 747.4 769.9 793.6 804.3 815.5 787.3 741.4 619 601.8 569.9 539.9 510.3 483.8 469.9 466.7 460.3 453.6 446.1 436.3 430.9 426.7 424.6 422.7 421.1 419 416.1 411.1 405.4 397.8 380.5 366.1 352.3 338.7 325.6 314.7 301.4 292.5 281.4 273.7 268.3 259 248.1 234.6 221.8 212.8 201.3 190.4 179.9 170.6 165.4 156.5 143.5 137.2 131.5 127.1 116.7 110.3 105.8 96.3 92.7 86.3 80.3 79.7 71.4 63.4 54.8 50.5 43.7
509.4 503.5 513.1 530.1 565.3 590.6 621.5 646.9 658.1 664.5 680.8 695 715 738 758.3 770.3 791.4 808.9 787.8 679.5 639.7 597.4 571.7 536.9 507.2 491.5 486.9 473 470.8 462.6 453.8 443.9 437.3 434.4 432.5 429.6 425.2 422.4 415.4 406.5 400 383.7 367.9 355.6 345 329.4 320.8 306.5 294.1 282 273.4 266.8 258.9 246.9 235.4 225 215.2 203.9 192.4 182.5 171.2 163.8 154.4 143.9 137.7 131 125.7 117.2 108.7 101.7 92.9 88.7 84.4 78.1 74.7 66.5 59.5 50.6 44.7 36.8
483.1 478.2 486.2 501.7 525.7 553.1 579.1 608.8 619.8 625 636 651.4 677.8 701.7 723.1 737.4 755.1 775.5 792.4 758.8 723.5 675.3 603.6 582.8 547.9 530.9 521.1 499.4 491.1 486.3 479.8 470.5 463.1 454.3 445.7 440.2 432.5 425.8 416.5 406.5 394.3 385.4 370.9 358.4 347.1 332.6 323.5 309.3 297.9 287.1 276.7 271.1 263.6 254.2 240.2 227 214.9 202.3 193.5 183.4 174.8 163.6 155.8 145.8 138.7 129 125.8 115.3 105.4 96.9 91.7 88.7 80.7 76.1 69.3 59.9 54.2 46.7 41 33.2
456.2 453.5 462.7 475.8 494.8 516.6 539.3 560.8 576.4 585.4 596.7 618.9 641.1 664.3 683.9 699.1 721.2 748 767.4 765.2 752.6 721.7 661.5 618.9 598.3 572 575.3 555.2 535.4 522.4 517.5 517.4 511.6 502.3 475.7 457.2 440.2 429.5 416.7 403.7 392.6 384.6 370 357.4 347.1 339 327 317.9 304.9 290.6 280.5 274 269 259.1 243.4 228.9 218.8 205.9 196.7 186.4 178.9 165.8 154.2 147.5 135.8 128.4 123.7 115.9 102.1 95.9 90.6 84.8 76.5 74.9 67.3 58.7 50.5 41.1 36.8 27.6
429.6 427.5 441.2 449.9 465.9 486.3 505.4 523.3 537 550.2 560.2 587.4 605.7 629.5 644.5 664.4 686 708.9 736.5 751.2 739.8 733.3 727.8 697.4 643.6 607.4 627.3 599.7 598 594.1 584.3 584.8 587.8 564.7 515.5 486.1 458.7 435.8 418 401.4 388.6 382.8 373.3 360.8 350.9 345.2 331.7 324 314.9 302.1 286.9 275.7 269.7 262.3 245 230.5 221.1 212 204.2 189.7 184.5 172.6 156.9 145.3 133.4 128.9 123.7 110.6 100.3 94.5 88.6 81.4 74.9 71.9 61.9 54 46.1 38.6 24.2 23.4
401.5 401.3 414.8 425.8 437.6 455.5 471.7 488.9 502 515.2 530.9 549.5 573.5 595.1 609.5 627.2 650.5 673.6 705 721.2 716.5 716.2 724.4 725.5 681.2 644.9 652.7 654.3 659.3 649.5 648.1 650.5 637.8 599.7 561.3 516.9 494.1 447.1 420.5 404.2 392.5 385.9 381.6 369.1 357.1 348 341.5 329.3 322.6 312.2 300.5 281.8 273.5 265 249.6 232.7 230.6 216 210.6 192 187.6 174.7 159.4 141.6 127.1 120.8 112.4 107.3 99.1 94.1 85.3 78 72.6 67.6 58.5 49.9 43.4 35.5 19.8 17.3
371.6 373.2 384.4 396.4 408.4 423.2 438 454.4 471.6 484.1 501.2 519.3 543.2 560.5 577.7 595.3 616.5 641 666.9 687.3 691.4 697.4 713.6 732.1 717.4 690 688.2 703.5 696.3 684.1 688.3 689.9 674.6 625.6 581.4 539.5 516.2 473.1 427.5 408.2 400.2 394.5 387.4 376.8 368.7 354.7 350.7 337.4 324.8 313.5 307.7 285.8 276.2 270.5 255 237.2 232 219.8 209.8 198.7 189.8 179.4 163.5 143.7 126.3 115 112.7 107.8 100 94.8 86.6 75.6 69.3 64 56.5 48.2 40.5 32.8 23.5 17.9
344.8 348.9 354.2 364.4 376.4 390.1 405 418.9 438.2 455.2 469.9 491.7 512.7 529.9 545.8 565.3 585.5 607.9 634.1 653.6 665 676.1 696.2 722.2 741.7 728.5 732.2 747 731.6 721.4 720.8 708.9 681.8 638.8 595.9 542.7 508.3 465.7 426.5 409.5 402.6 397.2 392.7 388.3 379.7 364.4 355.5 348.5 326.5 315.5 304.3 288.9 276.6 276.3 262.8 243 233.3 223.8 210.4 201.7 190.7 180.4 164 144.2 126.5 116.4 116 107.1 99.3 94.7 86.4 76.4 67.1 57.3 52.8 46.7 39.8 31.2 17.3 15.9
324.5 326.3 329.2 336.3 346 359.3 373.3 387.4 403.8 422.1 436.7 462.9 482.1 497.8 517.6 537.2 556.6 577.8 602.6 622.6 635.5 651.8 675.8 705 732.2 745.8 758.2 760.7 755.3 744.6 734.7 710.2 682.2 644 603.1 530.7 490.2 452.4 424.8 412.6 405.5 401.7 400.4 396.9 389.8 375.4 360.4 349.5 331.2 320.2 309.3 290.4 278.2 277.6 267.2 249.3 234.6 225.2 214.2 203.6 191.6 183.9 165.3 146.2 128 118.5 116.7 105.6 98.6 95.2 87.1 74.6 64.7 56.1 49.4 42.3 37.2 30.1 21.5 15
308.3 307.1 304 308.1 315.7 328.1 342.4 356.7 370.1 388 404.6 430.4 448.2 467.7 489.2 509.8 528 548.8 570.2 588.7 603.2 627 653.5 681.6 709.8 728 744.8 755.8 760.4 752 734.8 708.3 679.5 647.5 612.5 523.1 480 451.1 429 416.4 410 408.6 410.3 406.9 399.7 391.1 369.2 356 333.8 321.5 312.1 294.9 279.5 278.7 270.2 254.2 236.3 222.3 215.1 205.6 193.3 185 168.6 148.5 131.8 120.1 113 105.4 99.8 94.2 86.1 72.3 66.4 54.7 43.8 39.4 36 23.3 20.1 14.2
286.9 287.8 282.3 280.6 287.6 302.1 316.7 328.9 342.7 356.5 375.9 395 412.3 434.7 461.9 479.6 498.1 518.2 541.4 556.9 581.6 607.4 629.6 653.6 678.5 704.9 732.5 753.3 758 752.1 736.1 709.9 680.7 653.3 616.9 526.7 483.1 454.9 434.7 421.2 417.8 419.9 417.7 413.7 403.3 403.7 380 357.3 337.1 324.5 310 293.6 282.2 276.8 268.8 250.6 235.2 221.1 214.6 205.1 195.1 184.1 167.9 150.3 135 122.6 115.3 106.1 98.7 92.4 84.5 71.1 68.1 56.2 43.5 35.5 30.2 20.3 18.3 11.9
266.4 270.9 266.8 265.2 270.1 282.5 295.8 304.3 316.2 331.2 347.6 364.1 382.6 404.5 428.8 447.4 468.5 489.2 509.7 532.2 563.6 593.8 614.6 633.5 653.7 685.5 716.6 737 748.4 748.8 739.7 710.5 679.6 652.8 615.7 538.1 494.7 462.3 442.6 431.9 427.5 426.8 426.4 422.4 414.4 400.9 374.1 358.4 342.2 325.7 310.6 296.7 284.4 273.4 260.7 246.5 233.7 222.9 214.1 205.2 193.4 179.7 165.5 150.3 135.9 123.4 115.2 105.2 97.3 89.7 83.2 72.3 66.3 57.1 43.9 34.8 24.9 14.2 16 9.3
255.6 250.3 250.5 247.5 251.9 260.2 273.4 282.1 292.8 305.1 320.6 336.7 353 371.5 394.2 413.9 436.4 458 478.3 510.7 545.4 575.5 604.1 620.7 635.7 669.2 694.3 713.7 729.9 743 735.8 710.4 680.1 648 594.1 563 514.8 486.8 454.4 447.8 440.7 437.2 437 431.2 426.3 406.9 380.7 361 340.3 323.8 311.7 298.2 287.2 270.1 252.8 243.2 233.4 222.7 210.8 199.1 189 175.4 164.1 151.8 135 121.8 115.1 105.5 96.5 91.2 82.2 71.4 64.5 57.2 42.7 34.2 24.8 14.8 11 7.8
243.7 239 236.3 236.9 238.1 245.3 255.6 267.8 274.4 284.3 298.4 311.1 322.7 338.9 358 380.8 404.4 425.1 456.2 488.6 521.3 551.5 579.3 598.6 624.5 651.9 674.3 692.7 711.1 727.8 726.7 707.3 680.5 652.2 625.9 570.5 530.3 501.7 473.3 463.7 458 459.6 449.9 442.3 431.9 413.7 391.2 359.2 337.1 321.3 311.1 298.7 286.3 270.1 250.8 236.8 231.4 221.4 209.9 194.1 183.9 173 162.7 151.6 135.6 119.3 113.8 104.7 96.2 90.7 80.2 69.2 61.2 53.1 40.9 31.9 24 18.7 10.8 6.9
232.6 228.9 226.7 224.5 225.2 233.7 244.1 254.3 258.8 266.6 278.1 286.5 297.9 312.5 329.8 350.9 375.1 396 430.6 463.8 495.6 526.1 556.2 582.4 609.4 634.4 655.2 673.5 691 708.6 717.2 705.9 684.5 662.3 641 608.8 558.6 516.8 501.6 498.2 490.6 490.4 481.8 456.2 438.5 415.4 389.4 357.7 336.6 322.1 308.4 292.3 279.2 265.8 247.8 234.6 226.7 218.3 210 190.3 179 170 160.5 148.8 135.2 120.4 114.1 103.1 95.2 88.5 77.2 65.6 56.3 44.6 37.3 29.4 22.4 16.9 7.9 9.1
222.9 221.1 219.9 216.9 219.4 226.2 233.7 241.4 245.6 247.9 257.4 264.7 274.8 287 303.5 323.4 342.5 371.3 401.9 436.7 473 502.1 534.8 562.2 585.6 609.1 632.1 655.5 671.3 686.5 699.3 702.5 691 673.3 651.7 616.8 581.7 547.4 530.1 526.5 520.5 523 518.4 480.4 447.2 419.7 393.2 359.7 338.9 321.8 306.1 289 281.5 264 247.3 236.6 221.1 215.1 206.7 188.4 172.6 165.4 156.7 146.9 134.1 118.9 113.1 102.3 94.3 85.9 72.7 61.8 50.4 42 34.9 26.9 20.8 12.2 7 7.7
210.9 215.1 212.1 211.6 215.7 218.4 222.2 228.2 230.6 228.4 235.8 242.9 251.9 263.7 280.8 298.3 319.7 345.8 374.8 404.1 445.8 476.6 507.6 535.6 559 585.8 610 635.4 649.3 660.2 676.2 691.7 695.6 684.5 662.2 633.6 607.1 576.6 564.7 560.1 555.1 566.5 541.1 498.4 457.4 426.7 396.1 365.2 342.2 323.3 309.2 289.2 281.5 267.2 247.1 232.6 222.4 212.1 203.4 187.3 171.6 158.4 148.8 143.5 130.7 117.4 110.6 99.6 92 80.7 69.8 59 52.7 39.7 32.4 24.9 17.5 5.5 7.6 8.2
203.8 204.7 206.1 207.5 211.3 211.7 210.1 211.8 213.2 212.8 216.2 222.9 231.9 246.4 264.5 281.2 300.1 323 348.1 378.2 414 444.7 480.4 506.3 529.4 562.8 588.9 610.7 622 632.9 652.9 673.3 688 689.5 674 653.8 632.1 617.7 610.5 597.5 604.4 581.6 543.4 503.2 465.9 432.5 402.2 377.3 352.4 327.7 311.7 292 280.9 269.1 248.7 236 220.8 205.8 195.1 178.7 166.5 155.5 141 134.7 124.6 115.6 108.9 98.8 89.4 79.9 66.2 58 49.9 37.1 28.8 21.7 13 6 7.6 7.7
191.5 192.9 194.5 201.3 207 205.7 200.7 200 202 201.1 201.2 210.1 221.9 236.1 249.7 263.1 280.2 301.2 327.6 354.4 380.9 411.8 448.5 471.9 501.7 540.6 570.7 589.6 593.6 613.5 634.8 657.5 678.4 687.1 683.5 674.7 667.6 653.3 632.5 615.1 599.1 570.3 536.8 501.3 467 435.5 405.4 382.5 356.9 332.1 314.7 294.6 278.7 270.2 249.7 233.9 220.4 201.9 183.3 172 163.2 151.6 138 125.5 122.3 112.9 106.2 95 87.3 76.6 63.9 56.9 46.6 36 26.8 18.1 7.8 6.8 6.9 7.1
183.2 184.7 189.6 195 198.5 197.9 194.2 192.9 193 193.2 193.8 200.7 212.9 224.4 236.9 248.1 263.7 280 305.3 330.6 355 383.2 411.6 441.6 474.8 511.2 540.7 550.2 565.6 592.5 623.6 645.2 664.5 676.9 679.2 673.9 665 649.3 626.4 604.9 585.8 554.3 524.6 495.8 464.7 436.4 407.1 381.7 358.1 338.4 317.9 297.7 277.8 271.8 254 232.8 217.9 204.6 183 166.3 156.8 145.8 134.1 123.3 114.9 106.6 101.3 91.7 82.6 67.8 61.8 54.9 43.7 34.8 24.5 13.6 4.9 6.2 6.6 5.9
180 180.7 184.5 186.2 189.4 189.7 189.1 188.3 187.3 187.9 187.3 192.9 206.3 215.3 224.2 235 246.6 260.5 283.7 307.1 331.5 357.3 383.2 415.3 447 483.9 506.4 509.5 541.1 581.6 615.9 637.5 653.6 664.8 669.3 665.7 657.9 642.2 617.9 591.2 565.9 538.6 513.4 489.2 461.2 434 405.6 381.1 357.5 338.8 319.8 301.6 279.4 272.6 252.1 233.6 218.7 203.5 183 161.9 151.8 142.3 131.4 120 105.9 98.7 96.1 88.8 78.6 67.6 58.6 52.8 40.2 31.5 21.6 11.1 5.3 6.1 6 6.1
176.5 175.7 174.7 178.9 182.7 181.4 180.1 180.6 181 178.6 179.5 186 197.9 205.3 214 222.7 232 243.8 264.6 287.3 310.5 335.3 361.2 390 420.1 448.3 461.5 497.7 535.8 576.4 607.7 629.5 647 658.5 661.9 656.5 646.3 630.4 605.6 575.1 549.6 523.9 501.9 482.1 454.8 429 403.5 376.8 351.9 335.2 321 306 281.4 268.2 251.3 234.5 220.7 202.4 184.6 167.9 149.6 137.8 127.1 115.8 105.1 89.4 89.1 86.9 74.4 67.6 55.4 48.2 38.1 28.5 19.8 9.6 5.4 5.9 5.6 5.6
172.9 172.4 170.8 173.2 174.6 174.3 173.4 172 173.1 172.1 173 179.7 190.3 196.4 202.8 211.9 219.9 231.9 249.5 270.5 292.9 315.8 340.8 365.6 388.5 408.9 456.9 498.9 530.5 565.5 594.2 619.2 637.9 649.5 654 647.8 632.5 613.5 590.4 564.7 536.3 510.2 490.6 472.2 447 422.6 399 374 349.9 332.8 319.9 305.6 284.7 267.8 251.5 233.7 220.8 203.7 181.3 169.2 148.6 137.4 124.5 112 103.9 88.3 83.8 80.2 76.7 65.7 52.2 44.7 35.7 27.2 17.3 6.3 4.1 5.3 5.6 7.9
172.4 171.9 168.9 166.7 166 165.3 165.6 163.7 164.9 167.8 168.6 171.2 181.2 188.3 193.9 200.8 209.3 221.9 237.4 255.7 274.6 297.3 321 344.4 365 400.6 439.3 478.5 507.5 535.4 575.9 600.5 624.7 641.5 645.4 640.2 623 599.6 576.2 554.8 529.4 502.9 478.7 460.9 439.3 415.4 391.2 370 348.6 331.8 316.8 301 282.9 264.8 246.5 229.2 220 205 183 162.8 149.7 133 118.4 110.9 104.1 89 73.1 75.1 72.1 62.2 50.7 39 31.4 22.6 15.5 6.7 3.9 4.2 5.5 8.8
169.2 170.5 167.1 165.4 159.8 156.3 154.2 154.4 156.2 158.7 163 167.2 174.8 183.4 187.8 193.3 201.6 211.8 226.7 243 261 280.5 301 326 350.9 380.7 412.3 444.5 477.2 514.8 540.6 574.2 612.9 631.2 635.4 632.6 614.2 591.2 566.6 544 520 496 469.6 449.2 429.2 408.1 386 364.5 344.6 328.2 314.6 297.3 278.6 257.3 239.1 223.8 214.9 198.1 180.3 161.2 145.6 129.7 114.9 108.5 102.4 89.3 74.7 69.8 67 58.3 49 37.2 27.2 18.2 11.6 4.2 3.5 3.7 4.9 6.2
172.1 167 165.5 160.7 157.2 151 148 148.6 150.4 150.3 156.5 163.2 172.1 179.4 183.3 188.5 195 203.3 217.3 232.4 249.7 264.9 284.6 309.7 333.8 359.4 389 419.5 449.4 482.6 528 565.2 596.3 619.7 629.5 626.9 608.4 582.9 561.2 537.1 513.5 490.6 465.5 445 422.5 400.5 379.2 360 340.7 324.8 310.3 290.9 271.9 249.8 233.1 221.2 208.5 193.2 178.5 158.8 144.3 127.5 110.4 105.1 98.8 88.1 75.3 66.3 62.9 54.8 46.5 35.8 25.2 16.3 9.2 4.2 4.6 3.7 4.5 5.3
172.6 170.1 168 163.1 153.4 146.4 143.9 143.3 144.4 146.9 149.8 158.9 168.7 174.9 178 184.1 190 197 208.5 222.7 236 253.2 270 292.6 317.2 341.9 368.8 397.4 426.7 458.5 502.1 530.4 566.8 604.3 617.6 617.7 601.2 576 553.4 531.6 509 484.9 460.9 440.5 417.7 393.3 374.1 354.2 336 320.2 301.8 283.6 265.2 243.3 227.2 217.6 202.5 186.6 170.5 154.7 141.8 123.5 109.4 99.3 93.5 84.6 73.7 59.9 59.1 51.9 43 34.4 21.3 14.4 8.2 3.4 3.5 3.5 4.1 5
