app/static/ascii/NG85.asc
ncols 200
nrows 200
xllcorner 180000
yllcorner 850000
cellsize 50
[rows 114 to 151 of 200, columns 87 to 173 of 200]
34.9 28.1 22.7 15.3 11.9 10.4 9.2 8.6 9.8 10.9 14.6 20.7 28.9 33.4 33.5 33.8 38.8 42.4 47.3 48.4 50.5 50.1 47.8 44.5 38.3 33.3 31 31.1 32.3 36.1 40.5 45.1 49.9 49.1 43.7 37.8 39.1 42.3 56.4 65.9 74.5 82.9 89.6 94.9 95 92 90.2 95.1 101.1 100.1 98.9 107.4 112.3 116.9 117.3 112.9 113.2 116.5 118.3 109.1 106 106.9 112.8 120.8 112.1 104.7 96.5 85.7 76.5 64.3 66.1 68.5 67.6 66.7 61.8 53.9 43.3 26.7 19.5 17.7 16.9 17.8 17.3 10.9 8.2 8.2 7.2
36.7 30.7 24.2 15.9 14.2 12.2 10.3 9.3 10.1 11.9 12.5 14.3 18.4 24.9 29.7 32.9 36.1 44 46.9 47.8 49.7 54.5 54.7 51.1 46.9 41.2 37.6 38.9 39.9 41.7 44.1 47.2 49.8 49.4 47.2 47.2 50.2 56.4 64.8 74.8 83.3 92.7 102 104 102.2 103.6 101.3 97.4 99.6 102.3 100.3 100.8 106 110.3 111.9 114 114.5 113.8 111.9 112.5 118.6 117 110.7 115.2 116.9 111.5 103.3 96.9 94.6 79.7 77.1 78.2 80.4 74.1 71.8 64.1 46.5 29.6 24.7 27.8 27.5 26.4 28.7 27.9 24.4 19.8 14.5
38 30.6 23.3 20.1 19.1 15.6 13.7 10.4 9.9 12.4 12.6 13.3 14.7 17 21.2 25.9 31.2 39 39.7 39.4 41.9 47.2 51.5 50 48.3 46.5 45.3 45.6 50.8 56.1 62.2 65.9 67.4 64.8 62.2 62.1 65.4 70.6 75.7 76.9 82.9 91.6 99.6 106.3 108.5 107.9 109.6 110.8 105.1 103.5 102.1 101.4 105.4 111.6 117.1 122.4 126.4 125.2 124 137.4 143.7 143.6 127.5 121.1 117 112.9 112.6 102.3 95.5 89.8 86.7 82.1 78.3 76.7 72.6 62.9 46 40.7 37.6 39.3 38.5 37 38.2 39.3 36.3 33 28.6
42 33.5 23.2 21.3 19.4 20.4 17.8 10.7 8.3 12.3 13.4 14 14.9 16.2 17.5 20.3 27.2 28.9 30.8 32.1 34.7 39.5 44.8 46.9 47.1 47.1 51.5 51.5 59.8 67.4 77.4 84.2 89.1 93.2 90.8 82.9 83.8 90.9 93.8 93.3 89.2 95.1 103 111.7 120.1 120.6 117.6 117 114.5 113.8 116 115.1 119.9 122.5 124.1 128.9 132.9 137.1 144.6 157.8 165.7 154.2 139.6 130.1 125.3 119.6 115 105.6 104.3 94.9 88.6 85.2 81.4 76.6 74.1 68.4 63.5 56.4 53.3 50.7 50.4 49.2 49.2 48.9 46.6 44.7 41.2
39.6 33.3 24.8 20.1 20.6 20.7 20.6 9.5 10.9 12.3 13.7 14.5 15.7 17 17.6 19.6 22.2 26.8 30.3 36.2 38.2 36.6 38.6 41.9 43.8 47.2 52.9 55.8 61.9 77.8 86.4 95.8 100.3 104 107 107 102.5 107.2 114.6 114.3 104.9 106.6 114.4 121.1 125.2 127.3 125.2 125.4 130.8 139 145.8 148.6 152.2 151.3 146.4 149.1 150.1 158.3 170.9 175.4 177.7 169.5 155.2 139.2 142 132.1 117.4 115.8 118.1 103 95.2 96.4 98.6 97.6 100.4 86.8 81.4 79.7 80.5 74.2 71.1 61 61.1 62 58.2 53.5 47.5
34.3 27.1 22.6 21.5 21.5 21.6 21.6 11.3 12 12.4 14.1 14.7 17.2 17.3 17.8 22.6 23.6 26.6 29.8 37.4 42 38 37.3 40 42 43.1 47.1 56.4 64.5 77.7 87.1 97.4 105.6 107.9 115.6 125 125.2 118.6 119.5 123 128.7 137.3 145.1 145.9 146.4 147.3 146.4 145.1 150.5 159.6 164 165.4 165.2 168.5 171.5 175.6 177.7 179.6 182.9 185.1 182.4 178.8 169.6 157.8 154.6 138.3 134.9 123.7 117.6 105.6 105.3 108.6 110.6 108.4 109.9 107.7 100.1 90.8 90.3 86.6 79.4 72.7 73 68.2 63.6 61.2 58.4
33.8 24.3 22.8 22.7 22.4 22.5 21.9 10.6 12.8 13.1 15.4 15.7 18.4 18.1 20.2 29.4 34.8 40.5 41.5 47.5 47 46.3 42.6 42.3 42.9 42.1 43.2 50.6 62 73.3 85.7 94 104.9 116.6 127 134 134.3 142.6 143.9 151.4 167.2 173.7 169.6 164.5 167.9 179.5 182.3 172.6 162.6 165.3 172.7 175.5 180.7 183 182.7 185.8 191.9 195.5 194.1 193.3 188.4 182.7 182.8 166.8 160 158.9 150.2 136.3 119.2 117.2 120.6 122.1 119.2 113.7 113.9 115.2 113.1 103.5 100.2 94.2 89.1 83.5 82.3 76.7 71.6 70.1 69.1
35.4 27.7 23.8 23.7 23.5 23.3 22.9 21.5 12.6 14.8 16.6 20.8 19.5 19.3 23.4 34.8 40.1 46 51.2 54.9 50.8 44.7 46.1 47.4 47.4 42.9 42.9 47.8 61.4 74.3 88.4 100.9 112.7 125.1 138.5 152.7 170.7 179.1 177.3 178.2 178.5 179.7 180.9 184.6 196.7 202.4 201 195.8 184.5 174.7 181.6 187.3 198.8 196.1 204.1 205.8 201.9 202.5 205.6 201 199 190.2 187.6 174.6 174.6 168.2 158.3 148.5 137.7 130.4 132.2 135.6 135.6 130.7 128.6 120.1 118.1 116.5 113.6 104.5 100.6 102.1 96.3 87.4 80.1 78.1 67
36.7 31.6 26.9 24.2 24.3 24.3 23.5 22.8 23.7 23.2 15 21.7 21.2 23.2 25.8 37.1 43.7 49.7 56.4 57 55.1 45.9 46.2 49.2 48.5 44.7 45.6 52.8 64 80.5 95.2 108.7 127.8 144.3 162.1 184.2 201.2 202.8 198.5 197.4 196.5 198.7 209.5 215.5 210.2 213.2 214.7 205.7 200.6 194.7 192.7 204.1 210.9 211 212.1 217.1 214 208.2 206.5 206.7 201 192.5 187.3 181.1 178.2 178.6 179.7 168.7 165 162 147.5 151.7 148.8 144.8 143.9 137.6 133.4 126.6 118.4 111.7 109.5 107.2 103.7 94.3 85 59.7 50.3
40.7 33.5 27.6 25.1 25.3 25.3 24.3 25.3 26.7 25.5 20.4 17.9 26.6 29.1 30 38.7 47.9 55.9 62.6 59.2 55.7 48.9 47.2 48.9 49.8 48.7 52.3 60.2 73.7 90.9 108.4 124.2 145.3 171.8 195 209.7 220.8 219.4 207.3 209.7 216.8 224.9 231.2 234.9 235.5 224.7 220.3 218 218.6 218.2 212.5 209.2 216.3 215.2 212.3 216.6 218.7 217.7 214.8 205.4 202 200.9 191.8 188.1 190.7 191.7 187.6 186.7 184.9 183.5 172.1 171.9 167.6 164.4 159.5 155 147.7 138.9 129.1 123.6 120.2 114.9 106.2 95.3 80.5 72.8 66.8
47.1 35.2 28.5 26 26.3 26.1 25.6 26.7 30.4 27.8 27 24.9 33.2 42.8 40.2 46.7 54.6 62.6 68.6 63 56.3 51.1 48.3 49 50.3 50.9 56.1 61.9 77 95.7 117.8 139.4 163.9 187.8 210.3 222.9 223 219.4 219.3 230.4 238.8 251.1 264 267.1 260 246.3 235 232.2 237.2 238.2 232.4 220.4 217.1 221.1 218.5 216.3 217.2 219.1 216.8 209.6 202.9 202.4 210.9 213.2 205.7 206.1 204.1 209 206.9 200.1 193 186.7 188.2 182.7 174 168.5 159.7 150.9 143.1 138.4 135.1 122.3 111.3 91 73.1 82.9 84.7
43.7 35.5 29.9 27.9 27.5 26.9 26.7 28.3 29.3 30.2 29.9 29 26.9 48.5 53.3 55.4 61.6 66.2 74.3 67.6 60.9 52.3 51.1 51 53.6 53.7 59.6 69.5 82.9 98.8 119.6 143.4 166.1 192.4 212.4 220.2 231.9 232.8 236.1 245.7 259.4 265.6 266.5 265 265.6 262.1 252 246.2 244.8 245.6 246.7 237.7 226 222.8 221.4 219.1 217.4 215.6 212.9 208.3 210 218.3 226.9 228.3 226.2 217.9 219.2 227.3 225.9 222.9 213.1 204.1 199.2 194.1 185.5 178.3 171.1 163.7 157.4 150 144.9 128.7 106.1 84.6 100.3 101.2 107
38.7 40.2 35.1 33.3 30.6 30.3 28.4 31.7 31.7 32.4 32.5 31.1 33.5 38.1 55.8 59.4 63.2 66.2 71 69.9 65.6 55 51.8 52.3 57.1 61.6 65.2 70.6 84.9 101.9 118.3 132.8 157.4 183.3 204 217 230.6 237.6 244.6 259.6 261.7 259.7 265.2 266.7 267.2 265.3 259.1 256.1 258.8 265.2 265.8 255.4 246 235.4 230.6 231.1 225.6 218.1 214.7 216.5 219 226.2 233.2 239.7 238.8 231.6 234.8 242.9 237.3 235.9 227.2 220.1 217.9 205 196.8 190.3 180.5 172.8 166.1 153.8 141.3 119.6 93.2 112.6 120.2 121.9 130
39.7 38.3 38.2 40 37.5 38.3 33.8 34.6 36.6 36.1 35.8 32.7 35.8 35.2 49.9 56.6 64.5 68.7 70.6 70.8 69.8 58.9 51.8 57.3 65.6 69.1 74.2 73 83.4 99.8 114.4 122.3 144 166.3 184.8 201.2 215.3 229 248.2 259.7 263.6 266.2 274.8 290.1 291.4 282.4 272.9 273.8 286 299.8 299.5 286.3 275.7 263.9 243.3 236.4 230.2 224.1 227.8 230.8 237.5 250.8 259.1 256.7 244 238.8 237.6 252.7 250.7 242.2 236.9 227.9 222 218.4 210.9 195.7 187.6 178.3 168.6 155.9 140 122 101.5 131.3 142.5 145.4 153.1
43.5 41.2 38.7 41.5 45.7 48.1 42.3 39.4 40.4 39.8 41.9 41 39.6 40.3 44.5 57 60.2 72.8 75.5 74.2 71.2 58.6 55.2 58.5 69.1 77.5 82.9 81.2 81.8 94.1 106.5 116.6 130.5 147.1 164 181.6 200.7 218.9 241.7 258.1 268.1 285.9 305.4 307.5 304.8 303.5 299.1 300.4 310.9 311.6 311.8 302.7 291.7 282.4 259.2 247.4 239.2 236.1 237.8 244.3 250.3 270.1 273.6 274.5 270.3 255.3 246.4 251.7 255.4 251.9 248.4 237.6 228.7 221.4 214.1 202.7 191.9 182.4 177.9 167.5 149.2 142.1 106.6 152.1 162.9 170.5 177.2
51.9 47.3 47.4 44.9 47.4 49.7 42.4 41.4 41.9 42.6 43.6 47.2 41.4 43.9 38.8 53.3 63.2 71.5 78.7 80.2 74.9 66.1 61 63.9 69 78.3 84.5 83 81.9 89 103.7 117 130 139.6 151.3 169.5 188.4 212.4 237.2 257.5 280.4 304.9 319.7 336.2 331.6 326 314.3 320.4 325.5 322.3 321.8 313.8 302.5 288 268.7 261.2 255.1 248.3 249.2 254.8 273.7 273.3 280.8 283.5 283.4 274.4 269 265.3 264.2 261.2 259.2 251.4 240.5 228.8 219.8 208.3 197.7 191.2 189.5 178 161.3 156.3 118.6 171.1 180.3 187.4 191.3
58.1 56.4 56.1 55.3 47.4 46.7 46.1 44.4 42.5 42.7 43.5 46.7 42.9 43.9 41.7 45.9 55.7 65.4 73.1 78.1 76.5 68.7 63.7 67.5 73.7 76.4 81.1 81.9 84 89.5 103.1 118.8 133.1 136.1 143.9 162.6 184.1 210 237 263.7 293.1 321.5 347.9 351.2 350.5 350.5 333.8 330.6 331.2 330.9 327.3 322.3 311.8 294.5 280.8 276.2 271.9 265.7 264 269 278.8 280.3 292.7 294.4 295.1 290.1 287.5 287.2 281.4 279.5 269.1 261.5 252.7 240.5 227.3 214.6 207.3 202.8 200.7 186 174.2 173.7 151.6 179.8 188.2 197.1 206.3
64.2 67.1 68.3 68.5 59.3 53.2 50 50.8 44.5 43.2 43.9 49.3 48.9 43.2 42.4 42.7 48.3 59.5 68.6 71 69.7 65.2 64.6 70 78.2 81.9 79.9 81.5 84.2 90 101.2 115.8 128.5 132.5 140.7 162 183 207.2 237.8 276.2 315.1 346 361 373 381.1 385.3 364.1 348.2 338.4 334.7 332.4 326.8 315 304.9 296.8 294.9 293.5 286.7 281.1 279.1 283.8 291.1 306.3 308 307.6 301.2 308.8 300.4 295.2 297.4 291.6 272.6 256.9 244.6 231.3 222.7 221 214 207.6 190.7 187.6 159.2 170.3 189 192.5 205.4 219.5
73.5 77.8 82 80.9 73.8 66.3 63.6 55.8 47.7 43.7 44.1 47.1 57 45.1 43.2 40.5 44.6 54.9 67 66 62.3 62.5 66.5 74.2 80.8 85.8 82.6 82.3 83.8 92.7 104 113.9 126.1 134.1 146.2 163.7 181.9 208.9 250.9 296.6 329.7 357.3 385.7 397.5 389 384.3 375.9 370.3 355.7 351.4 348.5 332.1 323.8 322.3 324 324.2 317.6 311 313.5 299.3 296.3 314.4 318.4 320.2 324.5 318.5 321.5 316.3 306.7 301.8 298 285 263.9 248.2 239.1 234.5 233.4 224.1 213 198.5 196 160.5 192.3 196 199.4 212.2 227.8
84.3 91 95.8 94.2 91 83.7 74.6 64.5 48 44.1 44.3 44.3 48.1 45.6 43.4 40.5 40.5 47 64.4 61 58.8 60.4 68.3 74.2 82.5 85.6 85.3 88.3 91.5 97.7 107.6 113.3 121.9 130.7 143.3 158.9 178.3 208.4 265.5 302.8 335.4 364.4 397.6 402.4 400.7 395.3 385.7 380.2 371.3 358.6 351.3 347.8 349.4 346.6 343.3 339.5 337.6 327.7 326.3 320.3 317.1 330.5 331.8 332.2 330.2 329.6 326.5 325.4 321.7 312.8 299.4 283.6 268.7 252.5 244.3 243.3 236.6 231.2 219.1 211.6 207.7 183.3 192.8 200.9 206.2 212.8 234.5
98.1 105.1 108.8 116.1 117.8 104.5 87.5 73.5 52 44.2 44.2 44.2 44.4 44.8 43.7 40.5 40.5 40.5 55.5 56.4 56.5 57.4 64.8 73 77.6 79.8 87.8 90.8 92.9 96.7 105.9 112.7 119.5 128.4 141.2 154 180.4 212.2 269.6 302.7 332.1 367.7 399.2 407.1 407.7 397.5 392.2 388.5 372.3 360.8 363.4 368 371.3 370.4 369.4 369 357.7 345.3 338.4 333.1 329.1 332.3 338.8 338.5 335.1 332.9 330.2 326.4 325.1 315.2 304 284.5 264.3 252.1 250.1 246.4 241.5 239.3 227.8 228.6 219.4 206.5 198.7 206.6 214.9 224.9 239.7
112.8 121.5 122.3 129.6 129.2 133.4 103.7 77.9 55.8 47.6 44.3 42.1 45.3 47.6 46.7 41.3 40.5 40.5 45.5 51.5 53.4 56.5 63.5 72.1 74.6 77.5 87.1 92.1 90.6 92.8 100.4 109.7 118.2 128.1 137.4 155.3 180.2 213.5 274.1 298.9 327.8 369.1 396.9 416.6 417.1 405.4 397.3 394.5 381.7 376 386.4 395.3 404.8 389.2 379.4 383.6 375.5 361.1 355.5 348.3 338.9 335.5 340.3 342.3 341.5 342.8 343.7 333 316.9 309.1 293.6 272.7 260.7 255.8 251.6 248.1 247.1 240.9 239.8 237.6 225.5 215.8 203.9 212.6 218.6 228.5 245.9
129.2 139 133.1 135.9 136.5 134.2 112.9 85 68.6 56 40.5 40.5 40.7 46.2 43.4 40.5 40.5 40.5 41 46 50.1 55 60 68.3 72 74.4 84 88.8 88.9 90.6 97.4 105.6 114.3 125.3 134.8 155.3 179.8 211.5 272.8 294.7 326.7 363.2 384.8 413.9 421.1 411.7 398.4 397.7 392.1 405.5 420 425.3 415.8 416.9 409.8 393.9 389.6 378.7 369 365.9 359.9 360.2 356.5 345.9 337.6 345 342.8 331.2 315.5 300.3 283.8 273 266 257.8 252.8 249.2 247.8 244.7 245.5 243.3 232 224.5 212.7 215.5 223.6 231 246.8
146 146.8 135.4 134.7 133.8 133.9 114 96.9 77.8 65.7 48 40.5 40.5 40.5 40.5 40.5 40.5 40.5 40.5 44.4 48.7 56.3 59.5 64.4 66.5 69.1 78.9 83.7 86.3 89.2 91.4 100.7 110.3 120.4 134.8 155.9 178.2 211.8 263.9 290.5 325.8 356.2 372.2 397.9 417.4 415.4 404.7 403.5 412.1 429.2 457.3 460.3 448.9 430.7 423.9 415.6 400.1 401.2 398 391.1 380.8 374.3 373 359.5 342.7 335.4 334.6 325.5 306.6 290.7 289.8 279.6 275.5 267.5 256.6 249.8 247.3 245.5 246.7 246.1 239.5 229.3 220.3 215.2 225.6 233.8 242.2
160.6 154.2 135.9 138.3 141 120.8 107.7 98.2 83.9 70.7 53 40.5 40.5 40.5 40.5 40.5 40.5 40.5 40.5 44.5 48.8 54 55.6 58 60.8 66.3 74.5 79.3 85.5 86.3 88.2 97.1 106.1 115.5 132.5 155.1 177.6 210.5 261.6 280 314.2 343.1 359.7 384.2 404.8 413.9 418.1 423 433.7 458.5 478.1 480.4 477.5 468.7 443.6 429 419.4 407.1 405 405 396.4 388.5 385.9 378.5 353 333.8 329.7 319.1 309.7 308 301.4 290.8 277.7 272.5 265 255.7 250.4 248.7 247.6 248.2 241.7 233.1 220.3 221.1 230.8 237.4 247.3
177.4 159.6 142.6 133 129.7 116.9 103.4 103.2 84.2 69.5 55.6 40.5 40.5 40.5 40.5 40.5 40.5 40.5 40.5 40.5 45.3 48.1 50.5 53.7 55.3 63.5 70.6 74.8 81.8 82.5 82.6 94 101.9 111.1 131.6 154.9 174.5 204.5 251.9 267.3 296.2 328.1 344.6 366.1 390.4 410.6 430.1 436.1 446.8 473 496.3 501 486.1 478.4 467.4 446.8 433.9 427.6 422.3 412.9 407 396 389 381 366.6 340.8 333.6 329.5 325 318.5 311 294.7 285.1 274.2 265.8 260.9 253.2 256.1 250.3 247.6 242.4 231.5 216.8 228.8 228.7 237.4 247
174.6 159.1 146.5 136.5 125.9 113.8 102.8 90.7 79.3 68 50.9 40.5 40.5 40.5 40.5 40.5 40.5 40.5 40.5 40.5 41.7 44.7 47.6 49.4 48.4 56.5 64.3 71.1 75.3 75.7 77.9 86.7 96.5 106.7 130.5 150.1 169.1 196 235.9 256.4 278.1 305.9 333.3 352.5 379.6 429.4 441.3 454.2 469 496.5 511.2 521.3 520.3 511.4 489.3 465.8 451.2 441.7 436.1 429.6 419.7 409.1 396.6 386.9 365.9 350 347 343.1 335.1 327.9 316 300.5 292.5 280.4 269.4 260.2 254.6 256.3 253.1 247.8 240.2 232.1 219.4 236.7 234 238.4 246.2
177 159.7 143.7 131.7 121.5 111.4 96.7 83.9 69.8 57.7 46 40.5 40.5 40.5 40.5 40.5 40.5 40.5 40.5 40.5 40.5 43.5 44.2 41.7 43.5 50.4 56.3 69.8 74.9 72.1 72.8 78.7 89.5 102.6 125.5 145.3 163.9 188 222.1 245.9 263.4 286.1 316.8 348 392.8 425.5 446.4 465.8 503.9 535.5 547.5 547.3 548.7 540.9 522.3 509.3 479.2 455.6 455.6 444.8 433.7 423.9 410 393.3 368.8 362.7 358.7 348.7 342.4 329.4 314.7 306.4 295.6 282.5 270.8 262.5 256.6 256.4 253.3 248.5 240.5 233.9 225.9 230.2 237.3 242.6 246.3
188 169.5 153.7 132 116.2 104.3 95.7 82.5 61.5 50.6 44.6 40.5 40.5 40.5 40.5 40.5 40.5 40.5 40.5 40.5 40.5 41.8 42 40.5 43.7 49 51.4 63.2 69.9 68.1 68.5 73.1 84.6 101.3 119 140.4 157.4 180.8 210.2 234.9 251.8 275.3 303.4 346.1 382.5 417.7 444.5 470.4 512.4 544.6 576.9 589.5 588.2 574.3 559 530.2 512.7 471.5 459.3 457 445.7 433.2 416.2 390.1 385.6 371.8 359 347.9 343.3 326.7 314.7 307 296.7 284.6 277.1 266.8 262.7 261.6 254.6 250.6 244.9 235.4 226.6 231.7 238.7 246.5 246.5
181 164.3 147.9 131.1 116.3 98.3 85.5 71.8 59.7 53.4 47.1 41.5 40.5 40.5 40.5 40.5 40.5 40.5 40.5 40.5 40.5 40.5 40.5 40.5 40.7 43 48.2 56.4 62.9 63.3 63.5 70 80.8 99 116 132.9 151.8 173 196.5 219.2 241 266.9 314 337.9 369.3 401.9 436.7 473.1 517.9 548.6 586.8 623.4 628.5 612.2 601.9 565.1 526.4 492.1 482.5 460.6 450.5 436.5 411.6 410 401.4 380 363.8 350.3 344.5 327 320.9 308.3 299.3 288.2 276.7 270.9 268.5 261.5 256.1 252.4 246.5 239.9 230.8 229.4 234.5 242.2 245.3
167 155.1 141.3 124.9 111.2 94.6 78.3 72.8 70.5 61 51.1 44.8 41.5 40.8 44.8 40.5 40.5 40.5 40.5 40.5 40.5 40.5 40.5 40.5 40.5 40.5 44.1 53.3 55.9 56.5 59 64.1 74.4 94.8 110 125.9 144.4 163.7 185.9 208.4 233.8 263.3 309.6 329.3 361.2 392.3 430.4 478 514.3 549.5 585 645.3 657.7 652.7 627.5 594.1 550.4 512.7 500.1 480.5 455.9 436.1 431.3 433.8 413.4 394 371.8 357.8 351.8 339.2 328.5 317.4 306.7 292.1 279.7 278.9 275.9 268.9 261 257.3 250.6 242 233.8 234 238.2 238.4 243.7
158.6 147.5 134.1 120 108.7 97.7 88.4 77.9 74.7 66.5 56.8 50.4 44.9 44.5 45.8 40.9 40.6 40.5 40.5 40.5 40.5 40.5 40.5 40.5 40.5 40.5 40.5 45.6 48.3 52.9 56.7 59.8 68.9 87.5 104 118.7 137.1 156.6 178.2 202.2 232.3 267.9 303.1 318.2 357.7 388.4 428.6 477.5 513.5 545.5 585.8 652.7 679.6 671.6 643.9 610 568.7 531.3 514 488.1 459.6 451.4 453.9 450.5 430.6 408.9 387.6 368.9 357.8 351 335.6 323.1 311.2 293.6 289.5 285.8 279.2 268.5 264.6 260.7 252.3 245.7 244.5 237.2 238.5 238.9 244.3
157.8 143.3 130.5 119.8 109.4 101.9 99.4 89.6 82.5 72.6 63.6 56.5 49.4 46.1 44.2 42.7 42.5 40.5 40.5 40.5 40.5 40.5 40.5 40.5 40.5 40.5 40.5 42.2 46.6 48.3 51.1 57.4 64.2 79.3 98 114 130 150.4 172.6 206.1 239.2 275.3 297.7 313.6 347.8 381.8 424.7 476.7 512.8 540.3 592.1 655.1 682.2 684.4 657.8 626 586.2 545 515.4 494.4 477.7 471.3 467.1 456.6 443.7 422.4 402.7 384.6 370.9 359.5 342.1 331.9 317.2 304.2 298.5 293.9 284.8 275.5 272.7 263.2 253.1 248.8 245.9 241.1 239.6 241.9 243.9
161.4 144.2 130.6 120.3 111.1 106.2 101.4 97.5 90.4 81.1 67.4 60 51.1 46.2 44.4 42.8 40.8 40.5 40.5 40.5 40.5 40.5 40.5 40.5 40.5 40.5 40.5 40.5 44.4 46.1 49.5 54.8 59 71.8 90.5 107.9 123 145.7 173.7 216.4 242.6 266 291.1 310.7 343.9 380.4 425.4 479.4 505.6 534.1 583.9 641.8 673.4 683 661.6 629.4 586.9 552.3 534.2 530.4 510.3 494 489.2 470.5 457.2 440.1 417.9 398.4 380.1 364.1 350 339 325.4 315.5 311.6 300.6 290.1 282.2 276.2 264.5 255.9 252.8 246 243.4 241.2 246.5 253.2
170.4 152.1 137.3 124.4 114.5 107.5 102.4 97.6 92.3 84.5 72.3 61.2 51.6 47.9 45.7 41.6 40.5 40.5 40.5 40.5 40.5 40.5 40.5 40.5 40.5 40.5 40.5 40.5 40.5 40.7 46.8 52.9 55.2 65.3 84.4 101.6 116.9 146.6 179.3 222.5 241.9 259.6 285.5 304 339.2 388.2 430.1 476.7 501.9 527.3 571 618.3 657.6 675.4 652.7 625.5 599.1 579.2 566.5 557.2 540.7 526.5 526.6 500.6 479.7 459 435.8 413.5 387.4 372.2 363.1 344.6 335.2 328.9 321.9 309.1 300.6 289.3 279 267.1 266.3 257.7 249.9 248.8 251 257.5 263.4
179.9 160.1 142.2 130.5 118.1 108.3 102 98.1 93.7 86 74.3 69.1 56.7 49.5 47.2 40.5 40.5 40.5 40.5 40.5 40.5 40.5 40.5 40.5 40.5 40.5 40.5 40.5 40.5 40.5 45.7 50.2 53 61.7 77.7 91.9 116.7 149.7 178 218.6 235.7 254.2 282.1 298.1 336.4 386.3 432.2 471.1 498.2 520.9 556.5 596.8 643.9 657.9 632.9 629.2 624.4 617.2 601.1 591.5 581.3 566 558.9 540.9 506.7 481.2 455.6 430.9 402.9 384.8 370.4 358.6 350 344.9 328.5 317.4 306.9 293.9 280.9 272.2 275.2 266.8 261.6 263.9 262.9 262.7 269.8
182.2 164.1 148.2 136.1 124.7 113.7 103.9 99.3 93.6 86.7 81.5 78.6 65 52.8 47.2 41.9 40.5 40.5 40.5 40.5 40.5 40.5 40.5 40.5 40.5 40.5 40.5 40.5 40.5 40.5 40.5 49.2 52.9 57.3 70.1 87.5 115.8 142.9 169.5 203.1 226.1 244.6 275.4 294.9 338.2 386.9 444.8 469.2 490.6 513.1 543.8 584.3 629.8 635.4 615.9 617.5 630.2 640.9 632.9 618.1 613.8 604.4 591.7 568.6 539.4 510.4 483.4 451.6 422.8 400.4 384.8 373.4 363.9 353.8 335.7 322.5 310.7 297.2 286.7 285.1 285.9 284.6 281.5 277.3 274.8 269.6 273.5
187.6 172.2 164.2 146.5 130.7 118.4 106.9 100.6 94.7 87.1 87 82.7 72.6 57.8 50 45.8 40.5 40.5 40.5 40.5 40.5 40.5 40.5 40.5 40.5 40.5 40.5 40.5 40.5 40.5 40.5 42.7 50.3 54.8 66.2 82.3 106.8 131.2 158.2 184.2 216.6 235.3 265.9 293.3 341.2 382 431.9 462.1 483.9 503.8 530.4 572.1 602.8 599 590.1 597 616.1 631.7 647.3 652.5 644.3 639.9 625.2 594.9 566.3 539.1 507.8 472.3 439.8 416.6 397.5 386.6 377.8 363.1 342.9 335.7 319.6 305.6 302 299.9 298.1 295.6 293.3 287.8 289.6 282.3 280
