app/static/ascii/NG87.asc
ncols 200
nrows 200
xllcorner 180000
yllcorner 870000
cellsize 50
[rows 72 to 107 of 200, columns 0 to 82 of 200]
-2.1 -2.1 -2.1 -2.1 -2.1 -2.1 -2.1 -2.1 2.6 14.8 25 39.3 54.1 63.2 67.4 81 92.3 103.2 124.8 140.4 149.4 161.8 181.9 205.3 229.2 232.9 232.3 229.3 225.6 223.4 223.7 223 224.3 221 217.3 216.5 210.6 209.3 214.4 214.2 212.9 211 212.3 213.4 215.1 218.4 224.9 232.6 255.4 255 259.9 281.8 285.4 273.4 256.7 246.7 234.7 224 217.2 217.2 217.2 217.3 223.2 224.9 221.8 229 227.7 232.9 242.1 249.2 263.9 271.3 275.8 292.5 307.9 318.3 317 316.6 331.2 334.1 327.9 326.5 325.5
-2.1 -2.1 -2.1 -2.1 -2.1 -2.1 -2.1 -2.1 2 12.2 18 24.7 35.8 46.9 56.4 71.5 82.7 95.4 112.5 131.7 151.1 165.6 187.8 210.7 229.5 231.1 231 230.1 230.1 226.3 222.9 220.2 219.8 217.3 214.5 213.6 212.1 215.7 214.2 216.8 211.9 212.1 211 211 213.6 217.2 223.5 233.9 253.8 256.7 256.2 265.8 263.4 257.9 254.6 247.9 241.3 232.1 222.9 223.5 224.5 226.8 230.3 235.8 239.4 243.9 239.5 236.1 246.5 252.4 259 266 269.6 278.5 300.8 309.7 305.9 306.8 314.6 316.4 323.3 322.1 320.6
-2.1 -2.1 -2.1 -2.1 -2.1 -2.1 -2.1 -2.1 1.2 3.2 14.9 17.1 20.8 31.5 45.7 58.5 73.3 94.6 113 134 159.2 191.8 194.2 211 223.6 219.3 223.6 233.3 229.7 227.9 218.3 218.2 218.8 217.1 214.1 212.2 213.4 215.5 211 213.6 211 211 212.3 213.3 216 217.1 218.9 235.6 243.1 255.8 256.7 257.4 258.6 255.5 244.6 239.5 233.7 233.6 238.5 230.4 228.8 231.5 237.9 246.1 250.7 257.4 256.4 255 248 249.8 255 258.7 261.9 273.2 288 295.6 296.8 295.8 304.4 310 323.7 325.9 314.4
-2.1 -2.1 -2.1 -2.1 -2.1 -2.1 -2.1 -2.1 -2.1 -1.9 11.2 16.2 19.7 24.7 36.5 52.3 74.1 96.9 116.8 135.4 165.9 208.1 215.2 212 217.6 219.1 225.2 231.7 229.9 225.3 216.2 215 226.4 229.8 224.8 213.9 214.1 214.6 211 211 213.3 212.3 213.7 216.1 218.2 217.8 218.8 228.1 235.1 249.2 262.6 263.7 250.8 245.5 243.5 231.7 233.8 244 249.4 244.2 234.6 235.1 250.4 256.8 260.9 271.2 268.6 265.8 272.4 262.2 253.5 257.5 260.5 264.8 271.3 286.1 288.3 289.3 294.1 307.6 320.4 318.5 305.6
-2.1 -2.1 -2.1 -2.1 -2.1 -2.1 -2.1 -2.1 -0.4 1.6 6.7 16.1 19.5 22 34.1 54.1 77.7 112.4 136.7 152.9 170.4 196.2 216.1 216.5 217.2 230.2 232.3 225.5 222.7 218 214.7 216.3 223.2 230.2 228 217.4 214.2 216.4 215 213.1 215.7 215.7 215.9 216 215.9 215.7 216.8 218.4 223 245.4 257.1 248.9 242.3 233.5 229.6 233.8 237.8 242.6 252 259.2 248.4 241.4 255.1 264.7 276.1 274.8 276 274.8 285.1 285.8 275.9 266.3 262.2 263.7 267.3 274.5 278.6 282.1 287.5 302.9 310.3 301.1 291.4
-2.1 -2.1 -2.1 -2.1 -2.1 -2.1 -2.1 -2.1 -0.5 1.5 6.4 16.4 20.2 23.1 33.8 52.6 74.7 101.4 127.6 157.9 172.7 200.2 211.4 222.2 218.8 221.3 227.7 224.7 217 213.4 212.5 216.1 221.7 226.8 224.6 218.6 214.2 214.9 216.2 216.2 215.7 215.5 215 213.8 213.4 212.4 213.4 215.4 217.8 231.8 228.1 229.7 230.1 233.1 237.8 241.9 245.6 245.9 252.3 255.1 255.6 257.2 257.8 267.5 286.4 284.3 278.1 285.2 295.9 298.9 297.7 283.2 271.2 266.4 265.2 265.7 269.2 273.9 281.1 292.1 294.8 282.1 278.7
-2.1 -2.1 -2.1 -2.1 -2.1 -2.1 -2.1 -2.1 0.9 2.5 9.5 17.5 21.1 23.6 36.3 51.3 74 101.6 126.1 153.7 178 195.6 214.3 221.8 224.8 219 216.7 216.4 213.3 208.3 212.1 218.3 224.9 233.9 232.4 221.3 215.6 212.7 214.8 214.5 215.1 213.4 211.7 208.8 207.6 210.7 217.4 218.6 216.5 216.5 219.3 222.8 226.4 243.4 249.2 252.5 254.7 258.6 263.1 260.1 257.2 283.1 291.1 276.3 286 294.7 283.1 290.5 294.1 306.7 306.1 294.1 278.6 271.9 266.4 262.6 259.6 260 271.3 282.1 278.1 268.5 270.5
-2.1 -2.1 -2.1 -2.1 -2.1 -2.1 -2.1 -2.1 0.7 12.1 16.7 23.9 31.7 31.8 47.3 60.7 79 102.2 118 129.3 156.1 176.6 193.6 210.3 214.5 211.8 204.1 201.7 202.9 203.6 216.6 218.1 216.5 224.9 225.3 218.7 217.7 212 208.2 209.5 210.6 208.4 206.9 205.3 208.3 213.9 220.3 221 216.5 216.5 216.5 218.9 219.4 226.7 239.1 256 265.9 266.2 262.7 259.7 268.7 291.1 307.4 307.5 292.9 307 293.4 298.3 296.5 305.7 308.2 299 285.4 273.7 268 261.3 257.7 253.1 249.4 262.4 262.7 257.8 259.4
-2.1 -2.1 -2.1 -2.1 -2.1 -2.1 -2.1 -2.1 2.5 14.1 24.5 33.3 45.6 49.4 57.6 71 87.6 99.1 115.6 124.6 140.6 164.1 174.4 181.3 191.9 193.5 190.2 186.1 194.3 201.1 209.9 208.8 209.1 211 211.9 212.4 216.7 213 203.7 200.6 200.7 201.5 202.2 204.5 211.7 217.7 221.5 217.1 216.5 216.5 216.5 216.5 216.5 219.1 223.2 242.9 268.1 263.6 263.5 270.3 291.5 306.8 327.7 331.7 325.2 305.9 303.5 295.1 300.9 300.9 305.9 300.6 287.6 275.1 271.2 262.5 257.9 255 253.2 248.3 245.8 246.1 249.8
-2.1 -2.1 -2.1 -2.1 -2.1 -2.1 -2.1 -2.1 -2.1 14.8 23.8 36 48.2 55.4 67.5 71.4 88.7 96.3 110 122.3 130.1 137.4 149.7 154.3 157.1 166.1 170.7 174.5 182 191.3 200.7 199.1 199.8 201.7 204.1 208.4 211.2 213.9 203.5 195.7 194.2 196.7 203.2 210.4 223.4 222.6 217.8 216.5 216.3 216.5 216.5 216.5 217 219.1 219.1 234.5 254.3 263.5 264.1 289 318.6 332.5 342.6 349.9 351.4 338.3 305.6 300.6 301.6 295.9 298.4 294.8 283.7 279.5 273.4 263.1 258.6 257.6 258.2 254.1 243 234.6 242.3
-2.1 -2.1 -2.1 -2.1 -2.1 -2.1 -2.1 -2.1 -2.1 9.5 18.8 29.2 39.5 48.3 60.4 70.7 77.5 91.1 100.6 114.5 122.3 126.1 128.5 131.5 144.5 158.8 166.1 175.1 179.9 183.1 193.4 194.3 192.7 195.2 196.8 203.4 206 206.5 193.8 188.6 193.9 203.4 211.5 214.5 219.4 216.4 217 217.3 219.2 218 216.5 216.5 216.5 216.5 218.4 230.8 240.2 266.1 285 307.1 339 356.6 355.8 352.6 364.5 351.6 332.5 305.5 305.2 305.5 288.7 281 273.1 278.3 276.9 262.3 257 254.4 258.1 252.4 243.4 234.9 228.3
-2.1 -2.1 -2.1 -2.1 -2.1 -2.1 -2.1 -2.1 -2.1 1.3 2.5 18.2 23.6 30.5 45.2 57.7 69.2 81.3 91 98.8 108.5 112.7 113.4 117.2 142.6 169.8 167.1 171.4 177.9 177.3 177.5 181.6 183.4 185 188.1 191.3 191.3 187.2 178.2 182.8 196.5 205.3 211.8 213.2 213.9 213.6 225.3 225.5 220.6 217.8 216.5 217.3 217.9 216.2 221.3 227.9 248.7 294.3 311.2 327.8 345 357.1 363.2 353 360.6 355.4 338.2 313.4 302.1 295.9 283.6 270.3 267.7 266.1 262.9 257 250.6 250.3 248 242.5 240.2 237 228.3
-2.1 -2.1 -2.1 -2.1 -2.1 -2.1 -2.1 -2.1 -2.1 0.5 2.3 3.2 12.2 17.5 27 41.2 53.5 66.8 73.7 79.9 88 94.4 97.1 101.2 112.9 143.5 168.5 173.3 170.5 169.1 162.3 167.7 171.4 172 178.1 175.3 173.3 170.3 163.6 178.8 196.1 201.5 208.6 208.4 209.5 214.4 219 221.9 219.7 218.8 218.6 218.8 218.2 216.8 216.9 221.1 264.7 297.7 314.5 327.8 349.7 349.4 347.8 345.6 341.1 345.3 334.3 317.4 299.7 286 279.4 267.6 264.9 257.4 255.5 247.5 241.8 241.7 237.9 231.2 234.5 235.1 228.3
-2.1 -2.1 -2.1 -2.1 -2.1 -2.1 -2.1 -2.1 -2.1 0.6 2.3 3.6 9.9 10.5 13.8 21 30.9 42.5 51.3 60.1 69.7 77.5 84.6 90.1 96.5 118.6 162.4 179.5 165.7 159.1 154 152.3 157.3 156.4 154.4 154.3 154.8 147.2 162.8 184.2 196.7 201 203.8 209.4 215.4 219.6 219.9 219.8 220.2 219.7 219.8 221.3 219.6 217.6 226.4 227.8 263.2 285.3 307.5 323 336.1 337.4 333.7 330.2 327.4 325.3 318.5 310.4 295.4 278.9 270.3 269 261.7 254.4 251.9 243.5 235.2 231.4 228.3 228.3 228.3 230.7 228.3
-2.1 -2.1 -2.1 -2.1 -2.1 -2.1 -2.1 -2.1 -2.1 0.5 2.3 9.2 7.2 7.6 11.7 16.3 18.8 21.6 32.1 40.5 50 59.2 68.4 75.8 85 103.6 134.4 163.2 155.1 144.3 139.6 133 135.2 134.2 130.6 134.2 134.3 142.8 172.1 195 201 203.6 208.2 216.4 223.7 222.8 221.2 221.1 221.5 220.6 220.4 220.4 219.1 223.3 232 238.8 242.1 273.7 291.4 312.4 324.9 323.7 315.4 319.2 315.8 304.9 303.7 294.8 280.5 274.8 267.2 257.8 258.7 249.9 246.6 240.1 231.6 228.3 228.3 228.3 228.3 228.3 228.3
-2.1 -2.1 -2.1 -2.1 -2.1 -2.1 -2.1 -2.1 -2.1 0.6 2.4 10.6 5.6 11.8 13.3 16.5 17.8 19.1 19 22.9 32.6 41 48.9 56.9 68.5 78.6 102 131.3 145.4 128.1 122 117.5 112.4 111.8 113.5 114.3 124.2 151 168.6 190.4 205.6 206.6 210.7 219.7 229.1 226.2 223.6 223.6 227.1 222.6 221.8 220 220 232.3 236.1 247.1 252.3 257.9 280.7 301.6 308.4 312 301.2 304.1 300.1 294.6 285.2 272.2 275.2 268.4 265.8 252.7 244.9 246.8 241 235.1 228.3 228.3 233.5 230.5 229.5 228.3 228.3
-2.1 -2.1 -2.1 -2.1 -2.1 -2.1 -2.1 -2.1 -1 0.9 3 9.4 5.3 11.5 11.6 13.9 16 17.2 17.6 18.3 19.1 25.1 30.6 36.8 46.6 58.2 72.1 93.5 113.2 105 98.2 96.4 95 92.7 93.2 103.1 124.5 144 161 176.6 196.8 211.5 212.4 218.5 228.8 229.6 229.3 231.7 230.1 225.4 222.6 220.4 230.6 238.4 243 245.6 250.2 250.6 264.4 283.1 290 291.7 290.2 289.4 284.5 279 266.1 268.1 274.6 259.4 250.8 244.1 238 228.6 234.3 228.3 231.3 235 234.6 234.2 231.9 228.3 228.3
-2.1 -2.1 -2.1 -2.1 -2.1 -2.1 -2.1 -2.1 -0.4 1.3 4.5 9.8 6.8 9.4 12.4 11.8 14 16.6 16.9 16.4 17.6 18.8 19.3 22 27.3 37.6 46.9 57.7 73.6 77.5 76.8 76.1 75.8 76.9 81.8 97.4 109.2 121.4 150.3 164.5 196.3 216.5 214.6 216.7 221.9 227.3 232.9 235.1 229.7 223.4 222.7 226.9 237 245.9 251.3 247.8 245.2 246.5 247.6 260.1 272.6 272.2 280 277.3 267.2 263.8 269.8 260.3 261 251 241 235 230.9 228.3 228.3 232.7 237.8 238.2 236.3 236.7 236.3 228.3 229.5
-2.1 -2.1 -2.1 -2.1 -2.1 -2.1 -2.1 -0.8 0.5 1.9 7.1 6.1 15 8 9.6 11.1 12.5 15.8 17 17.3 17.2 17.7 18.4 18.8 17.3 16.4 25 33.9 42.5 48.9 54.8 57.7 59.3 67.1 79.8 90.5 102 112 128.5 160.3 198.7 217.5 210.4 208.2 213.9 221 227.9 232.6 226.9 220.5 224.3 230.4 237.6 248.1 252.5 246.2 244.2 239.5 239.5 239.8 249.5 254.7 258 252.9 249.2 253.2 248.7 254.3 246.5 236.9 232.9 231.4 230 228.8 228.3 236.7 243.7 243.3 240.1 238.6 239.7 234.4 228.3
-2.1 -2.1 -2.1 -2.1 -2.1 -2.1 -0.8 0.3 1.6 3.8 12.5 12.9 12.6 8.5 7.4 9.9 11.6 14.9 17.3 18.8 19.7 19.4 18.4 17.6 15 14.4 15.7 19.3 23.5 29.9 35.5 40.3 52.3 63.3 72.2 84 91 100.6 124.9 157.2 193.5 212.7 205.6 199.7 205.1 210.8 217.8 225.3 220.9 218.1 222.7 227.6 234.2 243 242.6 237.4 238.9 233.8 231.1 229.9 225.9 227.9 231.5 237.9 236.7 239.2 243.7 241.9 236.5 225.8 226.3 231.2 233.7 241.1 243.3 245.6 246.5 247.5 244.6 241.1 238.1 234.3 231.8
-2.1 -2.1 -2.1 -2.1 -2.1 2.5 2.5 1.9 3.8 12.1 12.2 10 10.5 10.8 9.3 11.4 13.2 15.6 18 19.7 20.6 20.9 18.4 16.1 14.3 12.9 13.1 17.5 21.6 26 27.2 33.4 45 54.7 62.4 71.2 78.4 88.9 119.5 157.9 185.6 195.5 194.4 192.6 191.7 197.1 202.8 210.6 204 214.8 219.4 220 226.6 228.7 227 224.6 225.9 225.2 221.8 217.9 215 211.6 214.3 220.4 219.6 229.7 234.9 232.7 226.7 229.2 229.2 229.8 232 245 255.8 260.9 255.1 252.9 249.4 244.3 241 237.8 235.6
-2.1 -2.1 -2.1 -2.1 -2.1 -2.1 4.9 8.1 8.9 10.4 8.9 8.9 10.1 13.5 15.9 17.1 18.5 18.1 18.4 18.7 19.4 17.4 13.1 9.9 9 8.9 9.2 12.9 16.1 17.6 18.6 21.6 33 42.7 50.6 58.6 67.1 78.7 111.2 146 165.9 172.2 171.7 173 179.2 182.6 186.7 187.7 188.3 202.7 210.7 211 216.7 214.8 210.3 211 212.8 214.3 211 207.8 205.6 202.7 198.4 201.7 203.8 214.5 223.8 226.3 235 239.6 231.6 231.2 233.2 249.8 263 266.3 264.9 263 261 252.5 246.3 242 239.5
-2.1 -2.1 -2.1 -2.1 -2.1 -2.1 13.3 18.9 24.8 27.4 30.9 23 27.5 28.9 30.3 28.8 22.5 17.3 14.6 14.4 13 11.1 6.2 4 4 4 4.8 9.3 9.8 11.2 14 16 18.1 27.5 35.2 45.2 53.9 66.3 89.8 117.8 131.9 146 149.8 146.5 161.8 166.2 167.2 167.3 176.8 188.9 197.7 202.7 206.5 202.9 200.8 199 200.4 200.6 199.9 197.4 193.7 188 180.2 179 184 200.5 213.3 234.3 251.5 250.5 240.9 234.6 238.4 259.2 267.8 271.6 283.9 279.1 273.8 259 248.7 246.7 245.1
-2.1 -2.1 -2.1 -2.1 -2.1 -2.1 22.8 34.6 39.7 43.2 43 42.1 42.3 41.2 36.8 32.3 25.7 15.1 8.9 9 7.1 5.7 -2.1 -2.1 3.3 3.8 4.3 6.4 6.2 7 7.2 9.5 11.4 14 18.5 25.5 35.9 49.3 66.2 84.5 102.7 117.1 125.7 125 133.4 142.4 144.2 159.4 163.5 176 183.3 189.2 195.3 195.7 192.1 188.1 185.7 185.8 183.6 180 178 171.8 162.4 159.7 175.8 200.9 222.2 257.5 266.9 258.5 250.2 242.7 248.4 266.9 303.3 311.2 308.2 299.6 283.8 270.4 260.1 252.8 251.9
-2.1 -2.1 -2.1 -2.1 17.8 22.1 30.6 36.4 37.9 38.3 33.3 38.2 44.7 40 36 31.9 20.3 7.3 3.9 2.6 -2.1 4.5 -2.1 4.6 4.9 3.9 3.8 3.8 4.9 5.5 6.6 7.6 7.5 7.9 7.4 15.4 20.3 26.1 39.3 52.8 66.9 87.5 97.4 104.9 115.3 115.2 135.1 138.8 151.2 163.8 169 169.4 179.9 185.9 180.6 176.3 171.5 167.7 165.4 159.5 158.5 152.2 145.6 157.5 168.1 191.4 208.4 267.8 270.7 268.1 265.4 262.1 260.4 282.5 333 334.8 328.4 321 297.8 282.3 275.2 264.3 256.8
-2.1 -2.1 7.6 15.2 21.9 25.2 29.4 31 29.6 27.9 30.1 39.3 39.8 31.5 30.9 25.6 9.2 4 -2.1 -2.1 -2.1 5.1 13.9 10.5 5.6 5.5 5.7 6.3 6.8 8.6 13.5 15.7 15.6 13.1 7.8 11.6 18.9 20.8 22.7 30.5 42.1 53.7 65.4 78.1 84.9 96.6 111.3 121.3 132.9 140.9 145.6 149.1 159.5 166.7 165.9 161.6 152.1 144.9 142.5 141 136.8 131.8 150.2 157 164.2 170.8 187.3 236 247.3 249.8 261.9 284.2 275.8 302.2 338.3 345.2 343.8 336.8 310.8 292.6 291.3 276.5 273.3
-2.1 -2.1 -2.1 9.4 17.2 25.2 24.5 16.7 17.5 19.2 23.8 24.5 23.1 15.9 13.3 7.2 3.2 -2.1 -2.1 -2.1 0.9 9 32.7 23.1 18.8 14.3 9.2 8.8 8.5 11.4 14.6 19.7 30.1 31.4 22.8 11.6 15.8 19 19.9 20.6 24 35.1 45.1 55.3 64.1 75.1 88.4 98.9 109.9 118.2 121 126.2 134.7 141.8 141.9 137.9 130 119.4 117.2 120.4 118.7 146.4 156.5 160 162 170.5 180.5 217.5 226.3 234 269.6 292.9 290.7 304.7 327.4 348.8 356.9 345.9 327.5 304.3 298.4 289.6 299.3
-2.1 -2.1 -2.1 -2.1 12.7 15.7 14.8 13 6.2 -2.1 4.8 7.5 6.8 11.6 4.7 1.2 -2.1 -2.1 -2 -2.1 1.8 11.8 29.9 35 37.8 45.9 19.8 12.7 12.3 13 15.1 23.1 38.5 41.4 34.8 21.7 10.7 16.4 17 18 19.7 23.2 29.8 38.5 46 51.6 64.7 76.7 86.4 92.4 97.6 103.8 111.3 117.4 117.2 112.6 106.2 99.8 94.3 114.2 134.7 145.8 154 154.1 159 169.5 174.6 185.6 189.6 213.6 260.7 277.2 294.5 301.7 325.5 354.6 368.2 360.2 340.4 322 311.2 306.4 313.8
-2.1 -2.1 -2.1 -2.1 -2.1 9.7 14 -2.1 -2.1 -2.1 -2.1 0.6 2.5 2.3 2.4 -1.7 -2.1 -2.1 -0.3 0.6 1.9 13.5 30.7 51.8 58.5 64 48.3 20.7 14.8 14.9 16.2 23.2 30.4 32 31.3 23.1 15.9 12.1 12.6 13.9 16.7 20.4 24.3 25.7 29.5 34.2 45.4 55.4 64.4 70 74.8 81.2 87.3 91.1 91.5 87.7 85.3 83 91.4 112.3 127.4 134.7 138.9 143.3 147.7 158.9 163 161.3 165.9 188.1 233.2 270.2 294 294 319.4 366.8 380.9 373.2 354.4 330.5 315.8 312.5 330
-2.1 -2.1 -2.1 -2.1 -2.1 10.8 -2.1 -2.1 -2.1 -2.1 -2.1 -2.1 -2.1 -2.1 -2.1 -2.1 -2.1 -2.1 1.4 2.3 4 13.2 32.2 53.8 57.7 75.7 70.1 45.3 20.4 19.3 21.1 22.7 24.8 24.4 21.6 19.3 17.9 18 18.6 19.2 21.5 23 24.9 28.6 32.7 32.7 32.3 37.3 46.2 51.2 57.6 62.1 65.5 67 68.4 66.9 77.1 83.8 91.4 98.2 116.1 120 124.9 129.3 133.1 143.3 148 153 156.3 165.2 204.5 250.9 270.3 276.1 317.6 350.4 372.3 376.2 368.1 344.2 321.8 315.5 328.5
-2.1 -2.1 -2.1 -2.1 -2.1 -2.1 -2.1 -2.1 -2.1 -2.1 -2.1 -2.1 -2.1 -2.1 -2.1 -2.1 -2.1 -2.1 5.3 9.1 17.3 17.9 28.7 47.6 52.6 66.4 75.3 62.8 40.9 28.9 30.6 32.5 32.7 28.5 21.1 19.5 20.5 19.4 19.8 21.3 23.4 24.3 24.9 35.4 40.4 41.3 43.9 43.7 42.3 42.8 43 47.2 54.3 72.2 76.2 87.2 98 104.9 109.9 114.3 116.5 116.7 120.3 122.5 123.8 128.9 134.4 140.5 148.5 156.3 169.1 205.9 242 258 294.7 321.9 342.2 369.5 372.8 355.4 330.8 327.3 338.9
-2.1 -2.1 -2.1 -2.1 -2.1 -2.1 -2.1 -2.1 -2.1 -2.1 -2.1 -2.1 -2.1 -2.1 -2.1 -2.1 -2.1 6.2 14.4 17.2 20.4 21.5 25.7 36.4 46.8 47.3 64.8 81.1 60.8 42.7 41.1 44 42.7 35.1 25.1 30.5 30.9 20.3 20.8 23.1 25.1 25.2 28.2 37.8 39.2 45.3 47.8 57.9 68.6 70 68.6 70.4 81.1 93.1 96.9 94.5 105.4 114.8 124.6 127.4 128.1 123.9 119.4 122.4 123.2 124.1 125.6 131.9 140.2 148.6 159.3 192.1 232.6 246.1 273.9 298.7 308.4 335.6 347.5 340.2 331.2 342.2 352.4
-2.1 -2.1 -2.1 -2.1 -2.1 -2.1 -2.1 -2.1 -2.1 -2.1 -2.1 -2.1 -2.1 -2.1 -2.1 -2.1 -2.1 19.9 29.7 26.8 22.9 23.1 26.2 30.7 34.9 38.2 55.3 80.3 83 57.7 50 48.6 46.4 37 27 29.3 29.9 27.5 23.8 25.7 26.4 27.4 31 35.3 38 46.4 50.8 60.1 73.3 84.8 92.3 93.8 103.7 138.1 148.8 142.6 138.9 134.9 132.3 134.8 137.3 136.1 130.4 123.4 123.5 123.1 124.8 127.1 131.5 140.3 149.7 167 185 233.4 248.1 263 270.3 282.9 299.3 295.3 303.1 321.9 338.9
-2.1 -2.1 -2.1 -2.1 -2.1 -2.1 -2.1 -2.1 -2.1 -2.1 -2.1 -2.1 -2.1 -2.1 -2.1 -2.1 -2.1 19.5 33.3 45.3 38.8 24.5 25.8 28.2 29.3 35.3 46.8 75.6 92.4 78.9 61.4 52.1 48.3 39.7 32 30.1 31.8 38.6 37.6 32.2 36.7 34.8 33.3 35.2 44.1 48.7 54.5 63.8 74.6 85.7 97.1 114.1 123.4 153.3 173.7 187.8 182.5 173.8 167.3 162.2 158.3 149.9 142.8 133.4 125.9 123.9 124.8 126.9 128.6 136 140.6 147.7 158.2 201 219.8 223.9 229.5 239.8 248.1 253.5 262.9 288.5 310.9
-2.1 -2.1 -2.1 -2.1 -2.1 -2.1 -2.1 -2.1 -2.1 -2.1 -2.1 -2.1 -2.1 -2.1 -2.1 -2.1 -2.1 -2.1 27.9 42.7 50.4 41.7 26.6 27.7 30 32.6 38 72.8 86.8 95.1 73.1 58.2 50.8 42.6 34.9 34.7 39.2 47.8 49.3 44.7 43.5 42.3 40 45.2 50.3 54.9 59.9 69.6 81 93.8 115.8 144 158.3 159.3 178.8 211.2 216.5 212.3 199.9 191.8 185.3 177.1 164.8 149.8 137.6 131 125.8 126.6 127.7 131.3 135.3 138.3 142.4 166.4 181.7 184.3 191.4 198.9 210.9 218.8 233.2 251.6 285.8
-2.1 -2.1 -2.1 -2.1 -2.1 -2.1 -2.1 -2.1 -2.1 -2.1 -2.1 -2.1 -2.1 -2.1 -2.1 -2.1 -2.1 -2.1 21.6 47.9 57.7 53.5 42.5 26.6 30.4 33.4 40.2 56.6 81.3 93.9 83.4 62.9 54.1 46.9 40 41.2 47.7 63.1 57.6 52.6 56.9 51.6 51 52.6 56.5 60.4 68.4 78.1 87.2 108.4 138.4 169.7 188 178.7 187 228.3 237.4 237.5 224.9 217 208.3 200.8 183.2 170.6 161.6 156 143.4 134.3 129.2 127.2 131.5 134.3 134.1 136.1 147.1 155.5 162.8 171.8 181.4 192 204.5 229.2 255.2
