app/static/ascii/NG88.asc
ncols 200
nrows 200
xllcorner 180000
yllcorner 880000
cellsize 50
[rows 40 to 79 of 200, columns 0 to 89 of 200]
47 46.9 46.1 45.2 43.3 41.7 40.2 38.5 36.8 34.8 33.2 31.4 28.9 26.2 24.4 23.1 22.2 21.5 20.8 20.6 20.6 19.7 19.5 19.3 18.6 17.6 16.9 17.4 17.8 17.9 16.5 17.1 16.1 14.3 11.8 10.9 6.3 11.6 14.9 15.7 13.5 11.9 10.4 3.5 1.4 0.2 -1.1 -2 -2 -2 -2 -2 -2 -2 -2 -2 -2 -2 -2 -2 -2 -2 -2 -2 -2 -2 -2 -2 -2 -2 -2 -2 -2 -2 -2 -2 -2 -2 -2 -2 -2 -2 -2 -2 -2 -2 -2 -2 -2 1
46 45.7 45.3 44.5 42.6 40.7 38.8 37.2 35.4 33.9 32.3 30.5 28.7 26.2 24.1 22.5 21.6 20.9 20.6 20.5 20.7 20.5 20.2 19.9 19.2 18 16.9 17.3 17.4 16.6 15.7 15.6 15.5 15.7 14.4 12.9 6.7 12.4 14.5 14.6 13.4 12.2 10.6 4.2 1.3 0 -1.3 -2 -2 -2 -2 -2 -2 -2 -2 -2 -2 -2 -2 -2 -2 -2 -2 -2 -2 -2 -2 -2 -2 -2 -2 -2 -2 -2 -2 -2 -2 -2 -2 -2 -2 -2 -2 -2 -2 -2 -2 -2 -2 -2
44.8 44.5 44.2 43.6 41.9 40 38 36.2 34.7 33.1 31.4 29.2 27 25.6 23.8 21.9 21 20.7 20.6 20.4 20.3 20.4 20.8 20.4 19.7 18.4 17.2 16.5 16.4 15.4 14.9 12.4 12.8 12.5 15.5 11.6 11.1 14.4 14.1 13.1 12.3 11.7 11.1 8.3 2.2 1.2 0.3 -2 -2 -2 -2 -2 -2 -2 -2 -2 -2 -2 -2 -2 -2 -2 -2 -2 -2 -2 -2 -2 -2 -2 -2 -2 -2 -2 -2 -2 -2 -2 -2 -2 -2 -2 -2 -2 -2 -2 -2 -2 -2 -2
43.6 43.3 42.9 42.6 41.2 39.3 37.4 35.5 33.8 32.1 29.7 27.4 25.6 24.1 22.7 21.2 20.6 20.2 19.8 18.9 19.7 19.8 20.6 20.7 20.2 18.9 17.4 16.1 15.2 14.3 13.4 13.9 14.7 14.8 14.2 13.4 14.9 15.4 14 13.5 12.9 12.3 11.8 12 9.1 1.1 1.6 0.4 -0.6 -2 -2 -2 -2 -2 -2 -2 -2 -2 -2 -2 -2 -2 -2 -2 -2 -2 -2 -2 -2 -2 -2 -2 -2 -2 -2 -2 -2 -2 -2 -2 -2 -2 -2 -2 -2 -2 -2 -2 -2 -2
42.7 42.5 42.3 41.5 40.9 39.3 37.5 35.1 32.7 31 28.1 25.7 24.2 22.8 21.3 19.7 19.1 18.7 18.3 17 17.9 19.3 20.6 20.7 20.4 19.4 18.1 16.1 15 14.6 13.6 14.6 15.8 15.8 15.3 16.5 16.9 17.5 16.3 15 13.7 13 13.2 13.6 13.8 7.2 2.3 1.7 0.6 1 1 -2 -2 -2 -2 -2 -2 -2 -2 -2 -2 -2 -2 -2 -2 -2 -2 -2 -2 -2 -2 -2 -2 -2 -2 -2 -2 -2 -2 -2 -2 -2 -2 -2 -2 -2 -2 -2 -2 -2
40.8 42 41.2 40.5 40 38.7 37.2 35.1 32.7 29.6 26.3 24.3 22.9 21.5 20 18.3 18.1 17.1 16.2 15 15.4 17.5 19.7 20.3 20 19.2 18.3 16.6 15.2 14 14.4 15.2 16.1 16.3 17.4 18.7 18.7 19.9 18.7 17.4 16.1 14.7 13.6 13.6 13.6 13.4 14.4 6 2.3 2.3 4.9 0.7 -2 -2 -2 -2 -2 -2 -2 -2 -2 -2 -2 -2 -2 -2 -2 -2 -2 -2 -2 -2 -2 -2 -2 -2 -2 -2 -2 -2 -2 -2 -2 -2 -2 -2 -2 -2 -2 -2
40 38.2 39.9 39.4 39 38.1 36.8 34.9 32.1 28.7 23.4 21.6 20.9 20 18.7 17.6 13.8 12.8 12.8 12.8 12.8 12.8 18.2 19.3 19.2 18.7 17.6 17.2 15.5 14 14.7 15.6 16.4 17.5 18.8 20.3 21.5 21.9 21.3 19.8 18.5 17 14.8 14.1 13.7 13.7 14.2 14.6 13.9 11.1 8.4 1.3 -2 -2 -2 -2 -2 -2 -2 -2 -2 -2 -2 -2 -2 -2 -2 -2 -2 -2 -2 -2 -2 -2 -2 -2 -2 -2 -2 -2 -2 -2 -2 -2 -2 -2 -2 -2 -2 -2
42.1 38.2 37.9 37.7 37.3 36.8 35.6 32.8 25.4 23.6 22.7 19.7 18.3 18.1 16.7 15.5 12.8 12.8 12.8 12.8 12.8 12.8 12.8 15.1 17.7 16.1 16.6 16.6 12.8 13.8 15 16 16.9 17.9 19.3 20.5 23.7 23.3 24.5 23.2 21 19.3 17.5 14.6 14.2 14.5 15.2 15.6 14.9 14.5 5.6 2.2 -2 -2 -2 -2 -2 -2 -2 -2 -2 -2 -2 -2 -2 -2 -2 -2 -2 -2 -2 -2 -2 -2 -2 -2 -2 -2 -2 -2 -2 -2 -2 -2 -2 -2 -2 -2 -2 -2
42.8 40.4 37.4 35.2 35.7 35 34.2 27.8 30.4 27.4 25.1 20.4 18.3 16.5 16 15.5 14.5 12.8 12.8 12.8 12.8 12.8 12.8 12.8 12.8 12.8 12.8 12.8 12.8 12.8 16 16.9 17.9 18.5 19.5 20.9 23.5 25.7 26.5 26.1 24 22.1 20.1 17.3 16.3 16 16.2 16.5 15.8 4.2 3 0.9 -2 -2 -2 -2 -2 -2 -2 -2 -2 -2 -2 -2 -2 -2 -2 -2 -2 -2 -2 -2 -2 -2 -2 -2 -2 -2 -2 -2 -2 -2 -2 -2 -2 -2 -2 -2 -2 -2
43.8 40.6 37.6 35.1 33 33.1 30.7 29.6 29.4 25.7 23.9 21.8 19.3 17.3 15 14.7 14.3 12.8 12.8 12.8 12.8 12.8 12.8 12.8 12.8 12.8 12.8 12.8 12.8 12.8 15.4 18.1 19.8 20.2 21.6 23.1 24.7 26.7 28.2 29.1 27 25.1 22.3 19.7 17.8 17.2 16.8 16.3 15.4 4.2 2.1 0.5 -1 -2 -2 -2 -2 -2 -2 -2 -2 -2 -2 -2 -2 -2 -2 -2 -2 -2 -2 -2 -2 -2 -2 -2 -2 -2 -2 -2 -2 -2 -2 -2 -2 -2 -2 -2 -2 -2
46.1 40.7 38 36.3 33.7 30.5 29.8 30 28.5 25.4 24.1 22.2 20 17.8 14.5 12.8 12.8 12.8 12.8 12.8 12.8 12.8 12.8 12.8 12.8 12.8 12.8 12.8 12.8 12.8 14.3 18.8 21.2 22.6 23.8 25.4 26.8 28.6 30.1 31.2 30.1 27.6 24.3 21.1 17.9 17.4 16.9 16 15.3 4.6 2.1 0.6 -0.8 -2 -2 -2 -2 -2 -2 -2 -2 -2 -2 -2 -2 -2 -2 -2 -2 -2 -2 -2 -2 -2 -2 -2 -2 -2 -2 -2 -2 -2 -2 -2 -2 -2 -2 -2 -2 -2
45.6 39.7 38.3 35.5 35.7 33.9 32.3 29.9 27.5 25.5 24.3 23 21.2 18.7 12.8 12.8 12.8 12.8 12.8 12.8 12.8 12.8 12.8 12.8 12.8 12.8 12.8 12.8 12.8 12.8 14.3 20.5 24.2 25.7 26.2 27.6 29 30.5 31.9 33.1 32.5 30 24.9 20.2 18.7 17.4 15.8 14.6 13.2 9.1 3.8 1.4 0.2 -0.8 -2 -2 -2 -2 -2 -2 -2 -2 -2 -2 -2 -2 -2 -2 -2 -2 -2 -2 -2 -2 -2 -2 -2 -2 -2 -2 -2 -2 -2 -2 -2 -2 -2 -2 -2 -2
54.4 48.9 41.8 35.6 33.5 34.8 33.1 30.7 27.8 25.6 24.6 23.4 22.2 19.2 12.8 12.8 12.8 12.8 12.8 12.8 12.8 12.8 12.8 12.8 12.8 12.8 12.8 12.8 12.8 12.8 12.8 21.5 25.8 31.8 32.4 30.2 31.4 32.2 33.6 34.3 34.4 32.4 26.6 21.9 19.6 17.8 15.4 14.3 13.8 16.5 13.3 4.1 1.9 0.6 -2 -2 -2 -2 -2 -2 -2 -2 -2 -2 -2 -2 -2 -2 -2 -2 -2 -2 -2 -2 -2 -2 -2 -2 -2 -2 -2 -2 -2 -2 -2 -2 -2 -2 -2 -2
60.8 56.6 49 39.7 33.9 31.6 30 29.6 26.7 25.3 24.5 23.7 22.4 20.7 13.3 12.8 12.8 12.8 12.8 12.8 12.8 12.8 12.8 12.8 12.8 12.8 12.8 12.8 12.8 12.8 14.4 22.6 28.1 32 35.9 32.8 32.9 34 34.2 34.8 35.2 33.3 25.1 22.6 20.3 17.5 15 15.2 15.7 15.5 14.9 15.1 6.1 1.8 -2 -2 -2 -2 -2 -2 -2 -2 -2 -2 -2 -2 -2 -2 -2 -2 -2 -2 -2 -2 -2 -2 -2 -2 -2 -2 -2 -2 -2 -2 -2 -2 -2 -2 -2 -2
61 55.4 49.1 44.8 38.1 32 29.3 26.6 25.1 23.4 23 22.2 21.6 20 17.9 12.8 12.8 12.8 12.8 12.8 12.8 12.8 12.8 12.8 12.8 12.8 12.8 12.8 12.8 12.8 17.7 21.8 26.5 31.2 35.1 35.1 34.7 35 35.2 35.4 35.4 33.4 26.1 24.4 21.9 17.2 16 16 15.9 15.2 14.6 13.7 9.4 1.4 -0.5 -2 -2 -2 -2 -2 -2 -2 -2 -2 -2 -2 -2 -2 -2 -2 -2 -2 -2 -2 -2 -2 -2 -2 -2 -2 -2 -2 -2 -2 -2 -2 -2 -2 -2 -2
62.3 55.9 52.9 53.3 45 36.9 29.9 27.4 25.1 23.7 22.4 21.2 19.3 18 17.3 15.2 12.8 12.8 12.8 12.8 12.8 13.6 17.8 16.4 12.8 12.8 12.8 12.8 12.8 16.6 19.7 22.8 26.8 29.9 33.6 36.5 36.3 35.1 35.3 35.1 34.9 32.6 28.3 25.9 23.8 18.1 16.2 16.4 15.7 15 14.4 13 7.6 1 -2 -2 -2 -2 -2 -2 -2 -2 -2 -2 -2 -2 -2 -2 -2 -2 -2 -2 -2 -2 -2 -2 -2 -2 -2 -2 -2 -2 -2 -2 -2 -2 -2 -2 -2 -2
64.3 59.6 57.5 55.3 51.5 42.8 33.9 29.3 27.2 24.8 24 22.4 19.9 18.1 16.6 15.7 12.8 12.8 12.8 12.8 12.8 16.4 18.4 19.6 16.3 12.8 12.8 12.8 16.7 21.4 23.5 25.4 27.3 30 31.6 34.9 35.8 34.9 34.6 34.3 33 30.1 28.1 26.5 24.8 19.4 16.6 16.3 15.4 14.4 13.2 12.6 6.4 1.2 -2 -2 -2 -2 -2 -2 -2 -2 -2 -2 -2 -2 -2 -2 -2 -2 -2 -2 -2 -2 -2 -2 -2 -2 -2 -2 -2 -2 -2 -2 -2 -2 -2 -2 -2 -2
68.6 63 61.8 58.7 52.6 47.5 39.8 33.2 29.9 27.7 25.8 23 20.8 18.7 16.3 12.8 12.8 12.8 12.8 12.8 12.8 12.8 16.7 20 18.5 16 15.6 19.3 21.7 26 27.4 29.1 30.8 31.1 32.1 32.9 34.8 34.8 34.3 32.7 31.2 29.7 29 27.7 25.6 21.6 17 16.1 15.2 14.3 13.2 12 10.2 2.3 -2 -2 -2 -2 -2 -2 -2 -2 -2 -2 -2 -2 -2 -2 -2 -2 -2 -2 -2 -2 -2 -2 -2 -2 -2 -2 -2 -2 -2 -2 -2 -2 -2 -2 -2 -2
72.9 66.5 64.4 61.5 56.1 51.5 46 39 32.6 30.3 27.8 23.7 21.5 19.6 17.4 12.8 12.8 12.8 12.8 12.8 12.8 12.8 13.3 18.9 20.1 20.2 20.2 22.8 24.6 29.5 32.7 33.2 33.8 32.9 33 33.2 34 34.6 33.2 31.8 30.5 29.5 29 27.3 24.5 21.2 17.4 15.8 14.9 14 13.1 11.9 10.2 3.5 -2 -2 -2 -2 -2 -2 -2 -2 -2 -2 -2 -2 -2 -2 -2 -2 -2 -2 -2 -2 -2 -2 -2 -2 -2 -2 -2 -2 -2 -2 -2 -2 -2 -2 -2 -2
87.7 76.1 68.5 63.8 59.5 55.3 50.2 44.9 38.1 32.2 29.7 27.5 24.1 21.8 18.3 15.8 12.8 12.8 12.8 12.8 12.8 12.8 12.8 18.8 20 20.8 22.8 24.9 27.3 31.5 37 38.3 37.3 36.5 35.3 34.7 34 33.5 32.9 31.5 30.3 29.5 29.1 26.8 24.5 21.9 18 15.7 14.4 13.4 12.4 11.5 9.8 2.9 -2 -2 -2 -2 -2 -2 -2 -2 -2 -2 -2 -2 -2 -2 -2 -2 -2 -2 -2 -2 -2 -2 -2 -2 -2 -2 -2 -2 -2 -2 -2 -2 -2 -2 -2 -2
102.6 86.8 77.9 72.3 65.9 60.1 53.8 48.3 42.4 36.4 31.6 28.5 26 22.7 19.2 17 12.8 12.8 12.8 12.8 12.8 12.8 15.1 20 21.7 23.8 25.5 28.8 31.8 34.7 38.9 42.8 41.9 40.2 38.8 35.9 34.9 33.7 32.9 32 30.7 28.9 28.1 26.3 24 21.6 18.3 15.1 13.5 12.3 11.5 10.8 4.6 1.2 -2 -2 -2 -2 -2 -2 -2 -2 -2 -2 -2 -2 -2 -2 -2 -2 -2 -2 -2 -2 -2 -2 -2 -2 -2 -2 -2 -2 -2 -2 -2 -2 -2 -2 -2 -2
112.9 98.7 84.6 77.7 70.3 65.2 60.6 53.5 45.7 40.3 35.7 31 27.5 24.8 22.9 20 16.8 12.8 12.8 12.8 12.8 14.3 18 21.8 24.4 26.6 28.2 32.1 37.4 39.8 43.3 47.9 48.3 44 41.8 38.7 36 34.4 33.2 31.6 31 28.8 27.5 25.4 22.9 20.5 17.7 14.7 13 11.1 10.8 7.3 2.8 -2 -2 -2 -2 -2 -2 -2 -2 -2 -2 -2 -2 -2 -2 -2 -2 -2 -2 -2 -2 -2 -2 -2 -2 -2 -2 -2 -2 -2 -2 -2 -2 -2 -2 -2 -2 -2
116.3 112.3 103 86.3 76 70 64.7 59.8 51.7 44.2 38.8 35.1 30.8 28.1 25.8 22.9 19.8 15.5 13.6 15 15 15.9 19.6 22.5 26.6 30 30.4 34.9 40.8 47.3 47.4 50.1 50.4 47 44.2 41.2 37.4 35.7 33.9 32.3 30.9 28.8 26.6 24.2 21.6 18.4 15.8 13.6 11.6 9.9 9.3 5.7 -2 -2 -2 -2 -2 -2 -2 -2 -2 -2 -2 -2 -2 -2 -2 -2 -2 -2 -2 -2 -2 -2 -2 -2 -2 -2 -2 -2 -2 -2 -2 -2 -2 -2 -2 -2 -2 -2
124.1 122.9 113.8 100.2 92 75.8 68 63.3 55.5 47.5 43.7 38.1 33.9 31.9 29.7 26.3 23.1 19.8 17.2 16.6 16 15.7 20.6 24.5 26.4 29.5 33.2 38.8 45 52.7 56.1 54 53.5 51.6 48.8 43.7 39.3 37.2 35.3 33.2 31 28.3 25.3 22.9 18.9 16.3 13.9 11.8 10.8 9 7.4 -2 -2 -2 -2 -2 -2 -2 -2 -2 -2 -2 -2 -2 -2 -2 -2 -2 -2 -2 -2 -2 -2 -2 -2 -2 -2 -2 -2 -2 -2 -2 -2 -2 -2 -2 -2 -2 -2 -2
130.5 131.5 121.3 110.7 97.1 90.1 75.9 66.8 58.7 51.3 46.8 40.6 36.6 34.4 32.5 29.7 25.1 22.1 19.7 17.9 17.1 16.2 19.3 24 26.6 28.8 34.4 43 50.8 55.5 62.6 62.9 57.9 56.9 52.7 47.4 42.1 39.2 36 33.2 30.3 27.1 23.8 20.3 17.7 14.8 12.1 10.5 8.5 6.4 4.4 -2 -2 -2 -2 -2 -2 -2 -2 -2 -2 -2 -2 -2 -2 -2 -2 -2 -2 -2 -2 -2 -2 -2 -2 -2 -2 -2 -2 -2 -2 -2 -2 -2 -2 -2 -2 -2 -2 -2
139.1 133.7 127.4 114.8 105.6 95.8 83 69.9 63.6 53.8 49.8 44.8 38.5 34.7 33.2 29.5 24.5 20.8 19.7 18.8 17.3 17 18.9 22.8 25.4 28.1 33.6 44.2 52.8 60 63.4 72.1 62.7 60.1 56.6 51.9 46.4 40.7 37 32.2 29.6 26.1 22.9 19.9 16.6 13.4 10.2 8.8 6.4 2.4 -2 -2 -2 -2 -2 -2 -2 -2 -2 -2 -2 -2 -2 -2 -2 -2 -2 -2 -2 -2 -2 -2 -2 -2 -2 -2 -2 -2 -2 -2 -2 -2 -2 -2 -2 -2 -2 -2 -2 -2
134.4 127.4 120.1 112.1 103.1 94.6 85.1 74.6 66.5 58.5 52.8 47.5 39.6 34.4 29.2 29 27.4 24.8 21.1 19.6 18.2 18 19.8 21.9 24.2 27.3 32.4 41.9 52.1 63.3 65.2 67.5 64.3 61.1 58 54.2 48.1 42.7 38.7 34.1 28.6 25.2 21.6 18.9 15.5 12.1 8.4 5.6 2.9 -2 -2 -2 -2 -2 -2 -2 -2 -2 -2 -2 -2 -2 -2 -2 -2 -2 -2 -2 -2 -2 -2 -2 -2 -2 -2 -2 -2 -2 -2 -2 -2 -2 -2 -2 -2 -2 -2 -2 -2 -2
129.2 125.9 119.9 112.3 102.9 95.2 86.2 76.9 67.4 61.6 54.7 49.3 42.5 34.3 34 32.4 31.1 28.6 24 20.9 19.4 19.1 20 21.5 23.7 26.4 29.6 38.2 50.6 62.9 64.6 62.9 62.8 61.4 58.6 55.8 52.3 46.3 41.9 37.1 31 23.8 20 17.8 14.2 10.2 6.8 1.3 -2 -2 -2 -2 -2 -2 -2 -2 -2 -2 -2 -2 -2 -2 -2 -2 -2 -2 -2 -2 -2 -2 -2 -2 -2 -2 -2 -2 -2 -2 -2 -2 -2 -2 -2 -2 -2 -2 -2 -2 -2 -2
124.9 121.3 115.8 111.3 104 94.7 86.9 81.3 72.7 63.6 56.8 47.5 40.9 40.6 35.5 32.8 31.3 29.8 25.9 23.1 21.6 20.8 20.5 21.7 22.7 25.1 27.8 35.1 45.9 56.6 62.5 62.4 61.7 60.8 58.4 56.1 53.8 48.8 43.2 39.6 33.5 26.6 20.3 16.5 12.1 7.9 1.3 -2 -2 -2 -2 -2 -2 -2 -2 -2 -2 -2 -2 -2 -2 -2 -2 -2 -2 -2 -2 -2 -2 -2 -2 -2 -2 -2 -2 -2 -2 -2 -2 -2 -2 -2 -2 -2 -2 -2 -2 -2 -2 -2
125.6 120.5 117.1 114.5 113.2 106 92 84.9 76.7 68.9 55.7 47.5 49.3 43.1 38.2 32.8 30.5 29.4 26.2 23.9 22.1 21.3 21.2 21.5 22.1 23.9 26.8 32.3 39.3 52.2 58.3 60.8 60.6 60.2 57.9 55.2 53 50.5 44.7 39.1 33.9 27.8 19.9 14.9 10.2 3.1 -2 -2 -2 -2 -2 -2 -2 -2 -2 -2 -2 -2 -2 -2 -2 -2 -2 -2 -2 -2 -2 -2 -2 -2 -2 -2 -2 -2 -2 -2 -2 -2 -2 -2 -2 -2 -2 -2 -2 -2 -2 -2 -2 -2
128 124.2 120.5 115.3 110.8 102.9 95.2 90.1 87.7 78.8 63.4 52 49.3 44.7 40.1 34.4 31.4 28.3 25.9 23.8 22.3 21.8 21.8 22.3 22 22.9 24.4 28.9 34.2 44 53 57.9 58.7 58.9 58.6 55.2 51.7 49 46 40.6 34.3 28.1 19.8 13.9 9.3 1.8 -2 -2 -2 -2 -2 -2 -2 -2 -2 -2 -2 -2 -2 -2 -2 -2 -2 -2 -2 -2 -2 -2 -2 -2 -2 -2 -2 -2 -2 -2 -2 -2 -2 -2 -2 -2 -2 -2 -2 -2 -2 -2 -2 -2
129.9 127.9 125.5 117.6 111.5 103.2 94.8 91.2 89.9 85.5 77.4 61.8 52.7 48.5 41.3 37.6 33.3 28.3 25.6 23.3 22.3 22.4 22.2 22 22.2 22.5 23.8 25.9 30 36.6 45.5 52.8 56.2 56.8 56.1 53.9 50.4 47.4 45.2 40.8 33 26.9 19.7 13.3 8.4 0.9 -2 -2 -2 -2 -2 -2 -2 -2 -2 -2 -2 -2 -2 -2 -2 -2 -2 -2 -2 -2 -2 -2 -2 -2 -2 -2 -2 -2 -2 -2 -2 -2 -2 -2 -2 -2 -2 -2 -2 -2 -2 -2 -2 -2
134 131.5 128.9 121.2 116.3 107.1 96.1 91.4 88.9 88 88.8 74.3 62.3 50.5 43 37.9 33.4 29 24.8 22.9 21.7 21.8 21.4 21.6 21.4 21.7 23.8 24.4 27.3 32.1 38.7 45.7 50.9 53.4 54.4 53.7 52.1 45.1 42.8 39 33.7 26.8 18.6 11.7 6.6 0.2 -2 -2 -2 -2 -2 -2 -2 -2 -2 -2 -2 -2 -2 -2 -2 -2 -2 -2 -2 -2 -2 -2 -2 -2 -2 -2 -2 -2 -2 -2 -2 -2 -2 -2 -2 -2 -2 -2 -2 -2 -2 -2 -2 -2
136.3 134 130.6 124.5 116.2 107.1 99 92.7 89.7 88.7 89.1 85.6 72.9 58 45.2 38.8 33.9 28.1 24 22.4 21.2 20.7 20.1 20.6 20.7 21.6 22.3 24 26.2 29.8 35.3 39.9 45.2 49.4 52 51.8 50.5 46.9 43.2 39 34.7 27.1 18.9 12 4.4 0.3 -2 -2 -2 -2 -2 -2 -2 -2 -2 -2 -2 -2 -2 -2 -2 -2 -2 -2 -2 -2 -2 -2 -2 -2 -2 -2 -2 -2 -2 -2 -2 -2 -2 -2 -2 -2 -2 -2 -2 -2 -2 -2 -2 -2
138.4 134.5 129.3 124 115.9 107.4 99.3 93.8 92.2 90.9 89 83.6 78.2 64.9 52.7 45.3 34.6 27.9 26.7 21.8 20.7 19.7 19.3 19.9 20.2 20.5 21.1 22.8 25 28.8 33.5 37.8 42.3 46.6 48.9 50.2 48.9 46.1 41.4 37.2 33.2 28.4 17.9 10.9 4 1 -2 -2 -2 -2 -2 -2 -2 -2 -2 -2 -2 -2 -2 -2 -2 -2 -2 -2 -2 -2 -2 -2 -2 -2 -2 -2 -2 -2 -2 -2 -2 -2 -2 -2 -2 -2 -2 -2 -2 -2 -2 -2 -2 -2
140.1 135.9 130.2 123.8 116.4 107.6 99.8 94.5 94.4 91.4 89.9 87.8 81.1 69.6 61.7 49.8 40.7 32.6 28.1 22.8 19.9 19.2 18.7 18.7 19 19.4 19.9 21.7 24.1 28.2 31.5 34.5 38.1 42.2 45.4 48.3 49.2 45.6 41.1 35.7 31.9 26.9 16.8 10.2 4.2 2.1 0.3 -2 -2 -2 -2 -2 -2 -2 -2 -2 -2 -2 -2 -2 -2 -2 -2 -2 -2 -2 -2 -2 -2 -2 -2 -2 -2 -2 -2 -2 -2 -2 -2 -2 -2 -2 -2 -2 -2 -2 -2 -2 -2 -2
141.1 136.7 131.1 124.5 117 107.9 102.1 97.9 96.5 95.6 93.6 91.3 90.3 78.3 66.9 59.1 46 41 30.3 25.4 21.4 20.3 19.4 18.3 17.8 18.2 18.7 20.5 22.3 25.8 30.1 32.8 35.6 38.6 43.3 46.1 47.8 46.1 41.6 35.1 29 24.6 16.6 9.9 4.3 3 1.6 0 -2 -2 -2 -2 -2 -2 -2 -2 -2 -2 -2 -2 -2 -2 -2 -2 -2 -2 -2 -2 -2 -2 -2 -2 -2 -2 -2 -2 -2 -2 -2 -2 -2 -2 -2 -2 -2 -2 -2 -2 -2 -2
141.7 137.5 132.3 125.6 117.9 110.5 102.5 102.9 100.8 99.6 99.4 98.9 93.8 82.2 71.7 62.6 53.1 43.2 36 30.2 23.5 21.3 19.6 18.6 17.9 17 17.5 19.1 20.9 24.1 28.4 31.6 35.8 37.2 39.3 42.2 45.1 45.7 41.6 35 29.7 22.2 15.9 8.6 4.3 4.1 3 1.4 0 -1.4 -2 -2 -2 -2 -2 -2 -2 -2 -2 -2 -2 -2 -2 -2 -2 -2 -2 -2 -2 -2 -2 -2 -2 -2 -2 -2 -2 -2 -2 -2 -2 -2 -2 -2 -2 -2 -2 -2 -2 -2
142.1 137.9 132.9 126.8 118.7 111 109.9 107.8 103 102.3 105.8 106.4 97.6 88 75.6 68.1 54.1 43.1 38.5 32.2 27.4 21.8 20.3 19.2 18.4 17.5 16.4 17.8 20.5 22.5 26.4 30.6 33 35.8 38.2 40.9 42.4 43.8 42.1 36.6 29.5 22.4 15.1 7.5 4.7 4.4 4.1 3 1.3 -0.4 -2 -2 -2 -2 -2 -2 -2 -2 -2 -2 -2 -2 -2 -2 -2 -2 -2 -2 -2 -2 -2 -2 -2 -2 -2 -2 -2 -2 -2 -2 -2 -2 -2 -2 -2 -2 -2 -2 -2 -2
142.1 138 133.5 127.4 120.2 113.6 110.8 106.2 106 104.7 107.2 108.1 114 104.8 85.6 71.2 62.2 49.1 40.7 34.4 29.9 24.7 21.7 19.9 19.1 17.4 16.4 16.9 18.5 20.7 23.7 27.3 31.9 34.5 36.9 39.4 40.6 41 40.7 38 32.7 24.7 15.9 8.4 4.6 4.5 4.4 3.6 2.5 -2 -2 -2 -2 -2 -2 -2 -2 -2 -2 -2 -2 -2 -2 -2 -2 -2 -2 -2 -2 -2 -2 -2 -2 -2 -2 -2 -2 -2 -2 -2 -2 -2 -2 -2 -2 -2 -2 -2 -2 -2
