app/static/ascii/NG90.asc
ncols 200
nrows 200
xllcorner 190000
yllcorner 800000
cellsize 50
[rows 140 to 174 of 200, columns 0 to 77 of 200]
220.8 242.8 271.6 318.7 348.3 359.9 398.9 426.9 443.8 486.3 516.8 526.4 544.6 563.2 574.2 591.4 613.8 621.1 630.2 630.8 632.7 642.4 645.8 647.3 651.2 643.5 630.1 621.6 607.6 589 589.7 581.7 580.1 574.1 563.8 548.8 532.2 516.5 493.4 471.3 459.7 448 421.4 405.9 405.2 385.1 373.1 357.6 338.9 312.3 304.4 288.9 269.2 268.9 268.3 267.5 282.8 281.7 291.1 301.2 288.1 292.2 305.7 298.2 295.5 299.3 308.8 311.4 310.3 323.1 338.4 358.2 392.7 408.6 426.2 454.1 481.6 513.4
196.1 229.3 270.5 302.8 309.5 344.9 401.5 450.8 480.8 495.6 502.9 519.2 562.1 586.4 606.9 626.1 640.7 643.1 646.7 651 661.4 662.2 660.8 658.9 653.8 649.1 644.6 641.1 627.6 612.3 602.3 596.3 590.9 591.1 576.6 566.7 548.5 527.3 504.9 485.6 471.9 454 433.2 421.5 411.4 392.6 374.2 363.2 347.3 326.4 315.7 299.2 279 267.8 270.2 286.5 305.9 291.3 288.8 281 281.7 276.8 275.6 278.9 288.6 301.6 297.8 292.7 297.8 313.3 340.5 363.1 391 399 418.6 446.2 472 504.5
183.2 218 250.2 257.6 281.3 340.3 372.6 420.1 456.2 446.3 467.4 512.2 549 558.7 576.1 594.7 610.9 643.2 671.7 683.8 679.6 679.9 678 677 669 651.8 639.6 619.5 612.6 608.5 599.7 588.3 585.1 578.8 569.1 573.8 559.9 546.2 524.2 515.2 492.3 464.1 448.5 431.7 412.5 400.8 380.5 364.5 350.5 336.3 321 295.9 280.1 286.8 307.9 310.6 296.3 274.2 273.9 265.8 265.8 265.8 270.5 289.3 289.6 292.5 288.5 285.1 289.6 328.6 360.9 387.9 397.2 406.1 419.9 438.2 455.2 479.9
171.3 190.8 203.9 226.1 257.5 304.1 328.4 368.2 375.2 409.3 440.2 467.8 487.8 514.9 530.7 555.4 596.6 643.2 669 681.4 680.3 678.6 680.8 679.2 663.1 648.3 626.4 602.8 586.8 579.5 571 567.6 568 569.5 565.4 558.4 548.4 547.6 540.6 521.1 495.5 478 466.4 453.2 436.7 416.7 389 371.6 359.5 344.8 321.5 306 316 312.8 288 290.2 268.2 265.8 265.8 265.8 265.8 269.3 279.7 278.4 275.3 272.4 273 276.9 289.2 329.8 357.7 380.6 399.8 399.9 410.9 419.5 442.9 470.6
149.5 161.8 180.6 202.4 228.1 252.6 290.8 313.8 328.4 363.8 401.3 407.8 445.3 470.2 519.5 574.4 620.1 647.6 674.6 690.5 691.4 691.4 678.8 675.6 659.1 640.7 610.5 576.2 562.7 553.5 555.3 550.6 561.9 556.1 547.6 541.2 537.3 539.8 538.8 530 507 495.4 491.2 475.5 454.6 438.6 419.3 402.7 388.5 371.5 348.3 321.1 317.2 296.2 275.5 265.8 265.8 265.8 265.8 265.8 269.6 265.8 266.6 266.6 266.4 269.1 271 278.6 301.3 317.1 339.2 363.6 371.5 380.1 394.9 412.4 435.4 466.3
172.5 168 176.4 188.2 204.3 224.9 252.3 277.5 302.9 344.6 381 412.7 455.6 483.9 528.9 594.4 634.8 659.1 684.6 690.2 692.8 690.3 674.2 657.5 639.4 623 596.5 566.2 545 532.1 530 540.8 546 543.5 535.2 518.7 515.7 513.7 512.7 512.6 521.6 518.9 501.6 494.1 486.1 465.7 450.9 432.6 401.6 371.9 343.1 315.1 295.1 274.7 266.4 265.8 265.8 269 290.8 287.3 282.5 273.5 276 268.7 266.3 267.6 272.1 285 302.2 308.7 311.3 333.1 348.6 370.2 387.6 402.4 431.8 456.9
202 195 198.4 203 214.9 235.7 256.2 285.5 306.5 336.3 377.1 419.8 458.6 497.9 551.4 596.4 640.8 660.4 673.9 677.7 683.8 680.1 671.1 662.7 647.6 628.6 596.1 558 536.6 518 516.7 522.3 527.5 519.3 515.8 500.5 487.3 483.8 488 482 485 496.7 489.6 481.6 470.1 451.3 437.4 410.5 382.2 355.1 332.1 311 297.6 283.9 281.4 281.7 297.5 297.9 308.3 292.4 279.4 278.8 270.6 263.8 264.2 267.1 274.8 285.6 292.7 299.2 302.8 310 329.4 352.9 377.6 385.2 419.5 433.2
237 237.4 235 225.5 231.2 252 271.1 289.5 306.7 341.2 378.3 413 471.7 500.8 551.9 602.9 626.6 639.5 654.2 653.9 660.6 661.9 659.1 650.2 635.6 608.9 574 557.2 536.6 507.8 493.9 495.3 497.7 494.3 491.9 476.7 466.9 470.4 466 456.8 452.6 444.6 448 443.1 435.6 431.5 425.7 403.3 391.7 371.3 353.7 326.8 325.8 321.6 311.8 311.1 311.1 295.6 295.2 287.8 281.1 271.2 261.6 261.9 262.6 268.4 279.9 281 283.9 298.8 310.2 308.5 330 350.6 364.4 370.7 393.4 408.6
271.6 269.3 256.1 248.3 249.3 259.4 270 283.8 309.4 338.2 360.3 417.1 443.9 490.3 558.4 593.9 607.1 610.4 615.9 613.9 630.2 636.5 652.8 649.7 643.6 621.2 599.4 563.1 539.9 511.4 492 479.9 473.1 472.3 463.3 455.9 454.6 453.2 445.8 437.3 427.2 423.5 425.4 428.4 428.6 423.8 415 399.4 384.8 371.6 349.4 351.1 348.7 328.7 308.8 309.9 303.1 296.7 290.1 284 278 262.5 261.2 260.4 261.4 262.3 263.4 268.1 283.3 299.2 300.8 306.8 315.1 339.8 354.2 357.3 369.5 387.2
303.6 295.4 274.7 271.2 284.4 278.3 288.8 294.2 318.8 352.4 368.6 405 448.3 492.3 563.9 588.6 594.1 583.1 590 602.2 630.5 631.7 634.3 651.2 645.7 633.1 611.6 578 548.8 519.5 496.5 475.4 464.2 450.4 447.5 439.2 437.8 429.5 419.3 411.5 406.8 413.9 417.8 411.8 407.4 401.1 396.4 389.3 376.6 365.3 352.7 352.5 347.4 348.6 327.7 304.5 299.3 296 292.1 288.6 274.9 258.8 259.9 260.6 262.2 264.1 266.7 270.3 281.8 287.6 291.5 290.9 301.9 323.3 340.3 344.8 352.1 365
364.3 346.1 330.8 325.5 318.4 306.8 307.5 326.5 338.2 358.4 383.8 418 450.7 502.4 556.6 565.6 562.9 565.7 574.4 600.5 626.9 629.5 629.7 634.6 640.6 641.6 618.5 596.5 555.1 525.7 505 479.9 465 454.7 449.8 443.7 435.1 421.4 417.1 405.3 402.7 407.9 411.2 402.5 393.5 389.5 383.7 372.2 364.5 358.4 352.3 348.1 344.3 336.7 316.9 303.1 311.4 305.7 295.8 280.7 262.3 257.9 262.5 265.3 269.8 270.2 268.7 269.2 275.1 277.9 290.1 281 293.4 310.9 323.7 331.2 345.2 345.3
390 375 356.2 343.1 326.2 326.6 342.4 349.6 362.1 367.9 397.2 427.2 461 511 546.2 555.5 559.5 563.9 578 607.1 631.4 624.4 619.6 620.8 629.3 626.1 616.2 594 564.5 539.1 513.1 490.9 469.5 460.8 451.7 442.7 434.5 421.9 413 403.5 399.8 398.4 398.2 393 390.5 391.4 379.7 366.1 352.6 338.2 332.9 336.5 326.2 326.3 311.7 299.6 304.5 300.6 289.2 278.6 257.1 261.1 268.3 270 269.8 269.2 270.4 268.4 260.7 264.6 274.2 277 289.7 303.1 314.6 325.6 324.6 327.3
422.6 410.8 387.8 362.3 359.5 365.4 379 386 375.5 391.1 404.4 431.7 459 494.7 512.6 539.6 551.2 557.4 582.3 594.8 618.7 618.3 611.1 617.5 617.2 615.3 603.8 584.3 558.4 541.4 520.5 499.7 482.2 465.6 455 443.4 430.7 420.4 410.4 400.9 399.2 398.5 400.6 396.3 388.1 377.9 366.5 357 337.8 326.2 319.6 312.9 311.1 306.8 293 283.9 284.3 284.2 289.5 271.5 257.7 264.3 269.7 269.3 269.1 270.6 268.3 261.5 261.1 259 260.3 269.8 283.8 288 306.5 305.4 307.7 312.1
461.2 463.8 444.1 419 418.8 418 411.2 397.9 392.9 401.2 417.6 448 454.3 467 488.7 522.5 545.7 562.9 579.4 587.9 592 593.6 601.3 593.4 597.8 589.4 579.4 561.3 545.7 526.9 515 497.1 489.6 471.3 457.9 446.5 430.6 419.9 410 400.6 400.1 398.6 400.5 400.4 378.3 364 349.2 342.7 334.5 322.3 312.8 301.5 296.3 285.5 275.3 265.9 262.1 265.4 269.3 259.2 261.2 280.1 275.4 276.7 281.3 267.6 260 259.1 260.2 261.3 259.9 264.1 271.7 270 278.7 290 290.7 293.4
511.3 494.2 465.9 452.2 439.1 435.6 421.7 404.8 399.1 411.2 428.7 436.5 436.9 451.5 479.8 509.6 541.2 564.9 575.3 584.4 587.3 581.7 580.8 579.5 575.6 563.3 557.6 539.5 527.2 508.8 508.2 500.3 493.3 476.4 455.7 444.1 431 420.6 420.3 417.5 401.6 397.7 400 379.2 370.2 363.7 351.8 351 336.1 325.2 318.2 307.4 294 281.1 278.5 266.2 258.3 254.7 253 263.8 270 266.3 269.4 274.3 275.3 262.9 259.4 258.7 261 259.7 260.2 261.3 261 261.5 268.9 273.6 278.1 277.5
536.8 514.6 494.8 470 447.9 438.6 416.1 399 399.2 398.7 404.1 415.5 427.6 448 463.8 512.4 549 564.9 571.3 575 574.7 571.4 567.2 562.7 553.3 548.5 533.3 516.7 504 491.1 491.8 482.4 479 465.6 449.2 434.8 420.7 420.2 420.6 406.9 396.5 391.7 382.4 368.9 369 369.5 359.6 350.7 336.9 327.9 319.7 307.6 295.8 286.6 279.9 275.9 263.5 254.7 252.9 251 247.7 256.3 267 269 260.3 259.2 259.6 260.9 257.3 258.5 257.2 258.8 258.7 260.9 261.7 263 263.7 261.7
515.5 494.1 473.2 453.8 437.6 417 406 399.3 398.6 398.4 399 415.9 431 447 479.2 515.3 541.2 554.5 566.6 555.6 555.8 562.9 554.4 549.5 536.5 516.4 502.3 490.4 480.5 466 466.5 467.4 451.7 448.1 443.9 427.3 416.1 417.6 413.5 396.2 388.3 385.3 374.6 368.9 370 366.8 357.5 351.2 341.4 327.5 315.2 303.7 300.7 294.2 291.4 282.8 264.4 256.7 260.6 257.6 266.7 254.6 243.9 246.1 248.5 252.4 256.6 255.3 250.1 251.2 249.4 251.5 257.2 260.7 260 253.1 249.6 251.1
507.2 490.3 471.7 443.1 424.1 409.1 401.6 400.7 400.3 398.9 415.4 441.6 457.2 477.8 504.6 520.8 527.7 537.8 545.7 543.6 545 545.1 532 520.4 503.3 494 484.5 471.6 456.5 444.7 440.7 438 439.1 436.3 431.7 419.2 407.2 401.7 394.9 388.6 379.4 372 366.7 365.9 359.6 355.2 351.1 341.7 329.8 317.2 306.9 300 298.8 298.6 299.5 282.4 279.8 283.3 281.1 270.4 264.1 252.4 249 242.9 239.9 245.7 243.7 245.1 242.2 243.1 248.7 250.6 253.2 251.2 254 243.7 243.9 241.1
492 475.1 455.9 436.9 418.5 407.5 401.5 400.4 399.4 417.6 431.9 451.2 466.5 469.1 481.5 496.6 488.9 507.5 513.7 503.1 504.5 496.3 487.2 479.8 469.5 461.6 454.4 445.5 438.4 434.3 425.8 420.1 418.6 416.4 412 406.7 401.7 399.1 390 389.4 374 367.2 358.3 354.5 349 344.1 344 330.7 316.9 308.2 301.5 298.7 298.3 299.2 295.5 303.2 303.4 300.2 284.8 264.5 253.9 248.7 243.8 240.4 234.1 237.2 236.9 234 233 238.4 244.1 240 248.7 250.6 245.2 244.9 243.4 239.3
486.8 465.2 445 434.3 418.4 413.3 406.7 407.5 409 418.8 418.7 438.5 439.5 441.4 439.5 448.3 455.5 459.4 469 474.1 474 467.6 466.1 460.4 464.4 453 444.1 433 428.4 426.7 422.2 416.6 406.7 417.5 417.6 410.3 405.3 396.4 391.2 391.9 378.7 365.5 351.7 344.9 337.8 329.9 321.3 317.3 317.3 310.8 304 300.7 298.9 305.6 311 314.4 309.8 299.6 289.3 278.4 266.2 268.9 263 258.6 258.5 240.1 240.2 238.9 233.2 227.9 232.9 229.5 233.7 245.5 245 250.9 252.7 240.3
495.6 469.8 453.8 442.1 423.9 420.3 417.9 418.4 418.2 418.4 427.4 470.4 465.6 462.6 439 449.4 449.2 451 451.3 450 450.4 442.7 445.3 453.3 452.3 445.9 431.1 422.2 421.6 415.2 412.3 406.3 413.8 413 406.1 400.5 393.3 390.2 389.4 384.4 375 360.9 349.4 339.4 335.9 327.3 320.1 317.4 317.6 317.3 315.8 314 320.2 320.2 337.6 356.4 354.1 344.4 316.4 292.8 283.9 289.5 287.9 291.1 282.3 261.2 251.7 245.8 241.3 235.3 227.2 228.2 227.7 229 234.2 237.8 249.4 242.3
521.1 506.1 484.9 464.1 447.2 434.4 435.2 431.5 432.5 430.4 437.3 453.4 456 451.5 440 439 440.3 446.6 443.2 438.2 432 432.3 439.1 439.2 439.2 431.9 419.2 412.8 412.3 401.7 401 403.6 404.1 401.4 395.1 390 383 382.5 378.7 373.2 366.9 354.1 340.4 334.7 324 319.5 318.8 318 318.2 322.5 326.8 334.8 345.9 353.1 373.4 383.4 384.7 375.7 347.6 325.8 307.2 292.8 291.5 288.9 281.8 268.8 262.1 250.2 245.3 240.5 227 227.9 226.7 226.6 224.6 224.3 224.3 224.2
563.3 547.4 532.1 503.3 469.4 456.7 456.4 454.2 439 444.6 434.7 429.7 441.3 437.4 432.5 428.5 426.9 437.3 435.1 425.6 424.3 423.9 425.2 425.3 424 415.5 404.6 401.3 405.2 399.8 398.9 394.6 392.2 388.7 385.4 380 375 373.4 370 362.6 354.5 344.9 338.1 328.9 320.6 317.4 317.4 319.2 324.7 331.7 339.5 361.7 380.2 375.7 383.8 396.2 401.3 387.8 365 359.9 346.7 317.8 302.1 296.9 286.3 283.6 276.5 265.8 262.2 252 237 238.3 230.1 231.5 232.1 229.9 229.2 230.7
569.8 552.7 530.1 499.3 478.8 490.3 496.3 472.5 468.3 446.2 431.8 427.9 435 425 422.6 420 420.3 421.1 421.1 417.5 416.6 417.2 416.5 414.6 412.5 407.8 400.9 409.6 409.6 399.5 393.2 390.3 380.5 370.6 373 371.3 366.4 361.9 352.7 345.8 337.6 332.9 326.5 322.7 320.5 325.7 327.8 334.6 340.9 351.7 369.6 389.9 391.9 391.6 405.3 418.1 417 404.9 396.4 389 370.5 350.7 332.5 328.3 316.3 308.6 294 284.2 273.1 266.3 257.9 247.1 243.5 246.3 244.7 239.9 241 238.5
569.2 555.4 542.5 513.8 526.9 518.2 499.1 498.2 475.3 461.6 446.7 427.3 422.3 420.9 418.9 414.8 421.2 411.9 407.7 405.3 402.1 401.6 400.6 404.5 414.2 405.9 401.5 404.8 401.8 388.8 386.8 380.6 369.6 365.2 362.5 360.2 355.2 351.3 344.6 338.6 336.2 338.4 336 333.2 336.3 337.8 346.3 357.9 359.6 367.8 379.3 392.3 403.3 410.7 432.8 448.8 446.4 433.4 427.2 408.2 388.1 374.8 369.7 349.9 338.5 329.2 325.5 308.7 289.1 284.6 283.8 270.1 267 264.7 253.9 255.6 254.7 245.1
592.5 579.5 556.6 543.6 537.7 524.2 515.7 525.4 500.4 475.9 454.4 434.5 431 426.1 417.9 410.5 407.8 400.9 400.4 400.9 399.1 398.5 398 402.7 402.7 400.3 395.2 392.8 389.7 382.7 378.3 372 367.1 360.5 354.3 350 346.8 345 342.1 339.3 344.7 349.1 353.2 349.4 351.2 351.4 359 372.1 379.4 388.1 406 428.6 440.1 447.7 463.5 473.5 472.9 464.4 451.7 430.9 407 391.6 386.9 378.3 359.8 347.8 332.6 321.3 309.5 303.1 300.2 290.7 292.7 272.7 269.9 270.8 267.1 258.1
611.5 595.3 567.3 571 567.2 558.9 557.8 544.6 522.1 492.9 471.6 458.4 450.3 435 415 406.3 404.6 403.3 404.7 408.9 412.9 407.4 410.4 409.5 410.4 396.2 388.5 387.9 380.3 375.9 370.4 369.2 362.1 358.4 355.4 354 357.3 356 352.5 358.5 358 362.3 366.2 363.5 367.6 370.6 382.4 392.7 407 412.8 430 451.7 460 477.4 486.4 487.6 488.8 484.2 470.7 450.1 434.4 418.2 414.3 396.1 375 353.6 339.5 334.5 319.8 317.8 310 302.1 290.7 291.1 281.8 279 273.4 275.1
640.8 611.5 605.2 611.4 586.8 575.6 568.2 546.4 524.1 496.5 477.2 457.9 454.8 431.6 418 411.2 412 416.7 416.3 423.4 422.6 419.1 421.7 422.9 421.4 406.8 388.1 387.2 377.2 374.6 369.9 364.5 362.6 362.2 364.3 366.4 371 368.8 374.7 389.8 384.6 379.9 383.6 387.3 392.7 397.3 410.6 412.5 430.5 431.6 451.9 473 487.5 493.9 497 502.5 491.9 488.7 482.7 472 462 445.1 434.6 423.7 397.5 368 356.5 349.2 348.1 325.9 315.7 308.4 311.5 299.2 294.2 299.5 290 294.4
661.8 636.2 638.2 623.2 607.7 587.7 568.6 549.7 522.6 498.8 481.9 472.6 471.1 456.9 441.4 439.2 423.9 441.1 439 440.7 433.6 426.8 428 425.2 420.1 401.1 385.4 381.1 381 380.1 376.5 373.3 369.4 371.2 373.5 381.7 388 382.3 398 408.6 410.3 411.5 407.4 409.1 414.6 425.5 434.3 451.9 451.2 451.7 474.5 492.8 503.3 508.2 516.2 524.1 522.6 511.6 499.7 493 483.9 472 454.2 439.2 418.9 399.7 375.7 362.3 354.2 332.6 320.3 321.1 319.9 314.2 321.4 325.3 307.4 316.6
679.4 664.8 655.8 649.1 628.1 605.1 592.4 569 553.3 527 509.7 498.2 498 475 455.2 445.2 441.5 451.5 446.6 444.6 445.2 436.4 436.6 433.1 416.6 402.1 395.3 391.8 389.9 390.9 389.1 387.4 386.4 392.1 396.5 396.3 406.5 399.1 409.7 414.9 421.6 431 434.3 435 436.7 448.9 461.5 480.7 478.1 483.1 499.6 509.8 525.7 536.5 538.4 535.4 535.4 532.1 515.9 501.9 493.5 475.7 464.6 441.7 424.8 405.3 391.7 378.8 367.8 360.8 350.8 337 333 344.4 355.2 339.2 318.9 338.2
722.6 711.4 698.1 681.3 664.4 658 628.3 613.2 597.7 555.4 541.5 520.5 502.2 496.3 485.5 467.4 460.8 465.5 457.1 457.4 464.6 456 442.3 438.1 434.6 431.3 424.1 407.7 402 403.5 398.6 400.2 406.2 416.2 424.5 434.8 423.8 420.4 423.4 428.8 436.8 446.2 454.6 464 455 469.6 477.8 504.1 502.7 507.8 518 530 544.4 560.7 560.8 553.1 549 546 529.7 508.1 495 486.2 471.9 448.9 425 409.5 389.6 388.5 394.8 392.3 362.7 354.4 356.2 374.6 363.7 341.9 336.6 368
749.2 740.5 731.3 715.6 706.2 679.1 667.5 649.8 631.8 594.6 561.3 539.9 524.6 519.8 507.4 502.9 498.7 485.7 481.3 482.4 481 464.9 455.8 457.3 456.4 457.5 445.7 423.9 416.8 415.3 411.3 415.9 431.6 442.3 453 448.1 438.9 433.4 436.2 445.2 454.4 462.4 472.5 478 480.5 488.1 501.8 525.7 530.3 535.1 548.5 558.9 571.2 578.6 587.7 579.7 567.7 570.3 548.2 523.8 521.8 519.5 505.6 470.1 451 426.1 417.3 415.9 413.4 405.2 391 386.1 395.2 394.5 370.4 351.6 354.1 380
777 761.9 764.6 740.8 711.8 699.5 690 658.5 632.4 611.3 589.7 573.6 558.4 541.1 537.3 538.3 517.1 510.7 515 503.2 495.6 474.6 472 465.7 471.5 471 457.3 445.4 434 429.4 426.9 437.3 451.6 470.5 469.3 454.6 447.6 445.4 450.3 459.2 473.8 480.2 492.3 496.3 498.2 506.2 527.7 540.9 551 562.2 572.1 582.8 591.8 599.7 604.1 601.2 582.1 576.4 562.3 551.1 544.5 535.7 516 498.9 473.7 459.4 450.1 449.9 444.2 433.7 416.3 413.3 418.5 402 383.2 365.9 372.2 390.9
809.6 809.6 792.6 749 729.2 718 707 687.4 673.7 647.9 633.7 619.7 586.5 576.1 570.9 551.5 537.8 543.2 540.8 524.2 512 501.8 497.6 488.7 484.6 478.2 470.3 463 460.2 457.4 456.2 467.4 479.7 483.9 484.8 468.8 465.2 465.4 476.1 479.7 482.7 493.2 503.6 509.3 515 525.4 547.9 564.9 567.2 581.4 595.2 604.9 612.7 623.1 626 621.2 594.5 583 567.9 553.4 539.4 538.3 538.3 528.4 516.4 504 488.3 481 474.8 456.5 435.1 433.3 430.8 412.8 394 377.3 381.8 398.7
860.4 847.8 804.4 759.5 744 730 724.6 716.5 703 679.5 670 639.1 627.9 601.7 591 577.1 569.2 568.1 555.5 546.7 529.6 512.5 511.5 506.5 497.2 495.3 508.9 496.1 495.8 492 496.7 503.7 512.2 506 493 483.5 478.4 479.6 490.4 495.8 502.2 513.7 520.2 533.6 542.9 556.2 571.9 585.1 587.2 599.7 616.7 634.4 644.1 644 637.6 617.9 602.5 593.2 590.6 574 559.8 549.7 548.5 549 542.7 529.2 509.9 506.5 490.3 467.5 464.9 458.6 451.9 428.6 416.1 392.9 400.3 420.7
