app/static/ascii/NG91.asc
ncols 200
nrows 200
xllcorner 190000
yllcorner 810000
cellsize 50
[rows 105 to 139 of 200, columns 79 to 157 of 200]
438.3 409.7 384.8 361 338.3 317.1 301.7 288.9 277.8 270.5 276.1 287.7 304.7 330.8 359.6 398.8 429.4 479.2 505 535.4 567.8 600.6 639.6 617.9 560.1 513 482.3 460 429.1 380.1 339.8 297.1 275.1 237.4 208.1 195.2 156.9 136.4 113.5 93 73.8 62.7 59.1 49.1 43.9 45.7 49.3 37.6 22.1 17.1 15.8 17.6 17.9 18.3 19.4 17.6 28.7 45.1 67.4 97.8 121.8 144.9 184.4 211.2 247.5 278.7 305.1 366.2 394.6 462.3 493.9 477.3 550.4 594.4 647.3 683.2 718.5 755.8 779.7
440.9 414.8 391.8 369.1 345.7 324.2 307.5 293.4 283.2 274.8 278.2 288.1 303.7 328 365.3 399.8 429.3 473.9 504.1 522.4 553.6 586.1 613.4 619.4 584.1 542.3 502.8 485.2 430.1 391.2 356.4 325.1 289.6 249.2 222.7 202.7 176 156.8 132.2 110 93.1 75.4 69.3 57.5 47 37.4 39.8 28.2 21.4 19.2 16.9 17.5 18 19.2 19.2 18.5 19.2 36.3 50.2 79.6 102.8 119.1 162.5 196.1 231.6 252.3 292.5 339.6 349.3 405.7 451.7 446.7 523.9 596.3 628.1 662 694.7 722.8 748.5
458.2 429.4 403.7 379.8 353.7 331.7 313.8 300.7 290.6 281.5 280.3 289.5 304.8 328.3 349.3 382.3 421.2 457.6 496.9 515.9 535.9 562.2 586.8 607.6 580 545.2 513.8 476.3 434 397.2 364.1 326.3 288.2 258.3 240 211.6 184.2 166.2 152.1 130.2 106.2 89.2 65.9 50.9 43.7 32.3 26.7 24.5 21.6 18.2 18.4 17.9 18 20.5 22.6 22.7 18.3 26.8 40.5 60.4 85.5 94.6 147.8 185.8 217.5 248.4 269.5 291.3 303.6 337 387.3 437.3 529.3 577.7 609.8 639.4 664.3 696.5 720.4
475.8 447.6 416.6 389.1 361.9 338.9 321.9 308.4 296 287.5 284.6 292.9 309 325.7 348 373.5 403.2 437.4 474.5 512.1 526.3 543.9 560 581.2 583.5 551.7 520.3 476.3 444.2 409.7 373.3 339.6 307.3 278.2 251.4 219.4 198.7 179.3 161.7 138.6 121.8 90 65.8 52.5 43.9 34 25.9 20.6 17.4 17.5 18.6 18.6 19.5 21.7 23.5 29.6 17.6 23.4 34.6 48.8 63.6 82 128.5 151.1 187.2 217.9 228.5 247.3 287.2 367.9 422.8 456.6 515.1 556.2 586.6 619 648.8 679.2 697.1
486.2 455.5 425 396.3 370.3 351.3 331.6 317 301.3 295.9 286.4 296.9 308.3 324.5 344.4 372.3 393.7 420.5 451.6 493.7 519 531.9 544.2 558.5 571.9 550.4 521.2 487.1 458.1 420.4 393.3 356.6 316.9 288.2 257.9 231.3 213.7 193.1 173 149 123.1 92.6 76.1 61.4 50 42.8 30.5 20.6 19.2 18.7 18.5 18.3 18.9 21.5 22.8 25.5 18.7 21.1 27.5 40.4 54.9 63.9 90.5 121.6 159.4 190.6 196.4 221.2 271.6 357 419.2 439 500.4 543.2 575.8 604.6 628.5 652.6 670.7
498 467.8 432.9 405.9 383.4 361.6 345.3 326.4 310.2 301.7 299.9 300.7 310.3 325.9 343.2 367.1 388.1 415 439.7 469.3 500.4 517.7 530 541.2 552.6 535.4 516.3 485.5 459.4 429.7 392.3 362.7 334.3 295.8 267 259.1 227.4 201.3 176.3 152.6 124.4 99.6 83.9 67 53 45.2 33.4 22.2 21.1 20 19.7 18.9 18.4 20.5 23.6 23.8 21 21.2 23.1 31 36.3 47.8 73.8 110 141.4 160.7 174.4 199.4 235.1 316.6 379.7 429.2 495.1 526.1 566.3 586.7 607.2 622.4 638.3
505.2 471.6 440.6 415.4 391 368.4 350.3 333.7 318.2 311.4 310.4 305 312.9 327.9 344.9 363.3 381.6 408.3 430.1 452.8 479.5 501.5 514.4 532.8 539.8 531.9 509.1 487 454.8 431.4 409.1 378.1 343.2 305.3 274.5 260.1 238.4 204.2 182.3 154 130.7 111.1 90.1 75.9 53.9 43 32.7 25.1 23 21.6 21.3 20.6 21.7 20.3 21.2 25.6 24.5 20.1 21.1 22.3 26.3 37.4 63.5 100.5 122.9 135.6 149.9 190 237.9 291.8 335.7 407.7 473.1 506 540.4 561.7 583.9 592.5 604.8
516.3 485.1 454.2 426.7 400.7 376.8 357.2 342.3 328.5 320.9 315.8 308.8 315.5 325 343.6 357.6 377.7 401.4 418.7 440.3 461.4 482.7 501.8 518 523.6 519.8 502.8 485.7 456.6 431.1 400.6 373.1 344.2 315.3 293.7 265.5 234.7 210.1 179 159.6 137.3 117.5 95.3 78.8 58.1 47.4 37.8 28.9 25.3 23.1 22.2 21.5 22.5 22.3 21.3 25.2 25.5 22.6 22.2 22.1 24.4 40.1 56.8 85.8 102.5 112.7 123.8 173.5 218.8 273.2 318.7 374.4 442.2 480.3 509.2 534 558.1 568.8 576.8
531.6 499.8 468.6 440.9 419.6 394.2 373.2 354.5 337.8 329.3 322.9 316.9 317.4 327.6 341.2 358.4 374.3 391.8 409.4 430.5 449.4 465.8 489.8 513.7 509.7 506 498.2 478.1 449.6 421.9 390.6 364.4 340 313.5 289.5 263.4 235.8 209.2 187.2 170.3 150.7 127.1 104.6 84.9 64.2 53.7 44.2 33.5 27 24.8 23.7 24.5 24.1 22.6 22.7 25 26.5 25.7 23.3 23.2 22.1 32 49.9 67.6 81.3 90.4 107.3 151.9 190.3 232.7 298 348.6 407.1 437.5 477.7 495.5 523.7 540.4 540.9
550.2 518.1 486.6 461.7 444.9 415.4 390.8 366.7 347 337.5 329.7 325.3 325.3 331.3 339.4 354.5 368.4 386 402 419.8 444.5 455.8 474.4 499.5 502.5 488.6 479.8 464.8 439.9 411 382.3 353.5 330.4 305.2 280.6 262.9 236.6 217.5 197.6 179.4 155.9 132.9 108.1 85 71.6 59.8 48.9 35.2 28.8 26.4 25.3 24.2 23.4 24.3 25 26.1 27.5 27.7 23.9 24.2 24.1 22.5 38.5 50.9 59.6 69.3 90.5 132.2 170.3 223.2 270.3 322.9 373.5 397.2 439 467.9 486.9 505.5 498.6
577 537.6 505.2 484.3 456.8 424.1 397.2 374.6 356.4 344.9 336 334.3 333.2 333 344.1 354.5 365.6 378.4 393.5 414.6 436.4 449.7 469.9 485.5 494.7 480.9 462.4 442.1 414.2 390.8 366.9 342.5 320.6 299 276.5 257.1 233 212.2 193.9 182.9 162 133.5 108.9 95.2 79.3 68.3 52.4 38.1 31.9 29.6 28.1 25.5 24.8 26.6 27.4 27.3 29 32.7 26.6 24.8 25.5 24.6 23.7 30.8 41.4 50.8 90.5 129.4 160.1 203.2 253.6 301.7 344.3 369 391.8 417.5 444.6 470.8 467.5
598.7 563.7 521.2 491 462.8 431.6 407.4 382.4 366.3 353.9 343.9 341.9 337 336.8 346.7 357.5 365 375 388.2 406.4 425.6 438.9 466.7 488.6 492.4 484.5 453.5 426.8 402.9 382.9 361.3 335.2 313.6 291.7 269.7 247.7 229.1 214.9 199.7 179.8 161.6 137.8 119.7 102.8 86.4 72.2 54.9 43.6 36.6 38.1 38.7 32.8 31.1 31.1 30 29 30.6 33.3 33.1 26.4 27.1 26.9 26.1 26.5 29 33.8 83.1 116.9 143.3 181.6 227.9 282.7 310.8 337.5 364.4 390.7 417.5 429.4 432.1
603 574.1 534.2 501.2 469.7 440.5 416.3 395 377.2 364.2 353.7 349.9 343.3 344.1 346.2 358 365.9 372.7 383.6 397.6 412.8 433.3 457.3 485.3 494.5 479.3 450.1 425.5 402.4 382.3 359.7 333.5 305.7 287.9 266.5 249.3 232.6 213.6 195.1 173.9 163.1 147.1 127.2 111.4 92.5 73.3 61.1 50.9 44.1 44.8 48.8 41.2 39.1 39.3 36 34.8 34.3 37.9 43.9 30.8 28.8 28.1 27.3 25.5 26.6 34.4 71 102.4 123.7 153.2 203.6 234.5 282.2 316 332.5 362.9 386.9 389 392.5
616 594.7 559 510.5 473.9 444.8 423.3 407.3 388.4 369.7 364.2 358.8 355 352.5 350 354.7 366.6 372.9 379 390.2 404.8 418.5 441.2 483.6 496.8 482.2 453.1 427.2 400.2 383.3 364 338.9 315.9 292.6 274.4 253.6 231.7 217.5 200.6 183.7 168.2 147.5 129.5 113.9 93.2 87.4 75.3 60.8 56 58.8 64.2 71.4 60.4 54.5 45.7 41.3 38.6 39.7 42.8 37.1 32.6 30.9 28.7 27.9 27.6 30.5 54.9 81 105.8 126.4 161.1 204.5 254.6 287 297.1 322.8 341.8 357.2 366.7
598.8 582.3 557.5 516.8 481.8 458.5 432.3 413.2 390.2 386 378.6 375 370.1 361.6 359.6 361.3 365.5 369.9 376.3 390.2 399.2 409.2 429 459 489 486.8 461.5 436 418.2 409.5 384.9 354.4 331.9 308.6 291.3 268.9 247.7 228.6 207.6 189.4 169.8 146.7 130.9 116.8 102 87.9 76.5 74.7 84.3 89.9 107 98.5 85.8 79.6 61 50.1 43.4 42.4 42.9 43 31.9 34.2 29.9 29.1 28.9 27.3 30.6 59.5 84.7 103.3 133.3 180.9 222.9 243.8 240.1 258.7 296.4 309.5 329.7
590.1 564.5 537.4 517.2 489.5 459.9 431.7 414.7 408.2 405.7 405.9 397.1 384.4 373.8 368.4 367.9 373.7 378.5 380.3 388.6 394.9 405 424.9 459.7 486.1 495.2 479.6 451.1 433.1 420.2 401.4 373.1 348.6 331.9 316 293.9 264.5 241 217.6 200.4 180.5 159.7 139.4 120.2 106 99.7 100.1 110 119 118.4 127.3 121.4 112.1 98.9 79.5 62.2 50.3 46.9 46.5 49.6 38.9 32.4 34.7 32.9 31.7 29 25.8 32.2 61.4 81.7 107 141.9 170.4 201.1 197.1 210.1 232.7 257.1 285.5
593.6 577.5 542.3 511.4 481.4 459.2 442.8 432.5 434.1 438.5 437.8 419.2 402.4 387.9 377.9 378.7 383.7 391.1 393.7 393.3 396.9 410.5 437.6 467.2 484 508.9 496.3 481.8 462.4 442.4 421.8 395.2 368.4 351.6 335.6 315.7 305.3 274 244.5 224.1 201 178.1 157.1 135.2 120.9 119.3 131.2 163 156.9 153.2 143.1 136 130.6 114.3 93.5 82.3 63.9 49.7 47.7 47.7 35.5 36.3 36.1 35.2 34.2 31.6 28.4 28.3 31 53.3 79.4 108.8 125.5 146.2 157.7 170.6 180.4 200.3 229.9
593.1 579.7 549 512.7 482.6 466.2 454.6 451.1 460 459.7 453.4 435.9 417.8 400.2 390.1 394.1 397.1 409.5 411.6 407.4 408.6 422.2 446.8 477.5 499.1 515.5 529.2 515.6 506 469.4 444.3 415.2 389.2 370.5 348.2 328.2 314.6 295.1 271.3 260.8 238.4 214.3 180.2 153.4 142.8 144.2 156.2 188.2 181.9 181 165.5 153.8 145.5 128.2 115.9 97.6 75.3 54.9 48 42.8 38.4 38.1 37.6 35.9 33.8 35.5 30.4 29.8 29.9 30.2 50.1 75.3 95.1 107.4 121.9 130.3 141.4 157.7 188.9
608.7 578.8 556.5 523.5 497.6 484.9 478.3 476.1 473.9 470.1 464.6 448.8 429.6 413.2 403.7 413.8 422.8 436.4 433.4 425.6 422 437.6 453.5 480.5 521.3 532.4 558.1 545.7 533.1 497.7 463.8 431.3 411.7 390.4 371.6 349.3 329.3 307.9 284.3 268.3 249.3 226.4 193 171 165.1 170 185.5 197.3 202 192 179.3 169.2 151.5 139.6 132.3 110.3 83.8 59.6 50.4 47.4 43.3 40.1 38.2 33.6 35.9 37.2 36 31.2 30.5 32.2 31.8 52.7 62.2 77.3 88.9 99.8 110.3 127 161.2
667.9 609.2 571.6 540.2 522.2 508.9 508.3 511.7 517.2 510.8 492.6 475 457.6 460.2 467.8 461.9 459.9 474.6 461.4 441.3 432.3 449.7 472.9 504.3 537.2 560.7 568.2 572.7 558.9 526.3 483.7 451.3 427.8 412.3 394.9 376.3 348.4 320.6 296.3 275.9 253.9 232.7 214.6 203.5 204.4 216.4 210.6 196.4 195.5 187.2 178.3 167.1 153.4 139.2 126.7 108.1 84.9 63.6 54.2 52.6 50.3 41.6 38.7 34.9 39.2 41.8 40.4 36.6 34.1 35.8 34.3 32.9 42.7 55.2 63.2 72.1 83.8 100.3 123.5
689.6 658.7 610.6 578.8 567.9 553.8 548.4 555.5 567.6 568.8 551.5 537.3 522.5 510.7 508.5 487.9 499.6 508.8 482.5 455.2 447.3 460.8 489 523.8 552.9 576.3 579.2 580.6 580.5 549.5 502.7 481.6 472.1 445.4 412 391.3 371.3 336.3 310.5 287.7 276 250.1 229.7 224.3 231.1 228.2 216.8 202.6 200.3 188.9 179.5 165.6 146 138.3 127.8 104.7 86.1 68.6 62.5 56.9 49.8 44.7 45.5 43.5 43.2 44.2 45.3 43.6 35.6 36 35.9 34.6 36.1 37.6 44.8 53.4 64.7 80.9 111
679.4 659.8 632.1 610.2 596.8 580.6 584 603.8 632.3 629.4 627.9 605.8 572.5 554.3 538.1 530.9 533.9 515.6 493.5 478.4 472 492.7 509.4 530.7 565.1 587.8 600.1 596.3 593.2 565.7 531.4 513.8 492.5 466.1 427.7 405.4 380.6 355.1 341.4 312.2 284.1 263.6 246.6 234.6 235.7 239.7 235.4 219.9 211 194.6 175.2 156 145.3 140.8 123.3 103 87.2 74.6 62.9 58.5 54.9 46.6 48.5 48.1 48.3 48.5 48.7 46.8 40 36.2 38.5 35.8 33.4 34.9 37.4 42 52.8 76 110.9
692.3 681.5 658.2 647.5 623.8 621.9 624.8 667.1 679.6 667.4 651 627.4 606.4 573.2 566.2 554.4 538.4 520.8 497.6 495.5 509.2 518.9 532.8 558.4 573.1 599.1 606.4 605 597 582.4 558.4 537.1 515.9 474.8 436.3 411.6 389.1 365.3 341.5 315.5 294.8 276.9 261.9 249.7 246.6 241.6 222.6 217.6 207.5 198.2 177.1 157.9 147.4 134.9 118.5 100.9 84.6 73.7 68.1 60.3 52.4 50.3 52 52.1 53.3 54.2 54.4 50.9 45.6 44.1 46.1 41 36.6 36.5 35.5 37 42.8 69.5 96.7
720 699.9 684.4 678.9 645.2 652 683.9 681.2 659.3 646.2 634.3 616 600.7 593.1 565 549.7 539.8 519.3 500.3 510.9 526.9 532.6 547.9 567.6 593 605.5 605.7 605.9 602.3 589.7 570.1 545.9 513.3 475.8 437.8 411.3 381.2 356.8 339.2 316.5 301.5 283.2 268.9 253.9 247.3 242.5 226.8 209.5 199.3 186.5 165.2 155.8 143.4 130.3 114.4 99.4 86 76.5 68.1 61.1 53.4 53.8 55.9 56.9 60.6 63.3 62.5 59.6 56 53.7 56.3 54.6 50.8 45.4 44.6 43.9 35.3 50.9 76.1
736.2 720.2 704.1 685.5 682.4 690.4 685.6 668.9 646 630.9 624.4 608 587.4 571.2 557.4 545 532.1 519.6 515.3 523.5 541 549.2 569.9 588.5 600.4 608.9 602.5 602.9 603 582.3 557 523.4 488.6 456.6 424.5 396.8 370.9 347.2 331.6 311.6 291.7 276.8 260.7 254.5 239.9 232.1 217 198 178.3 164.7 148.4 147.3 148.1 131.4 111.9 97.8 86.8 77.1 69.9 65.8 64.6 59.3 57.7 64.7 72.9 89.9 85.8 82.5 72.1 66.8 67.5 69.9 70.3 66.2 61.7 52.6 54 44.6 45.8
732.4 726.8 715.9 714 705.4 685.3 678.1 668.4 652.5 634.1 614.5 599.7 579.8 565.9 564.3 549.2 536.8 529.8 531.5 542.8 547.6 570.2 589.4 600.8 608.9 605.7 588.1 579 576.6 554.4 529.8 493.6 465.6 435 408.2 383.1 361.7 342.8 323.1 300.9 284 266.1 255 241 225 211.7 195.2 175 160.3 149.3 141.7 130.8 120.5 116.1 109.9 99.1 89.7 87.3 87 80.6 73.3 71.5 63.2 72.2 87.8 105.8 103.3 98.1 90.8 86.3 81.8 86.8 90.1 91.4 88.7 77.9 62.2 55.4 50.5
740.9 725.3 712.1 709.5 700.6 685.8 675.6 671.3 653.7 644.6 630.4 617.6 602.8 593.2 583.6 571.2 562.9 563.2 558.6 569.1 563.3 592.5 609.8 612.3 604.5 588.1 567.7 545.2 533 515.1 493.6 467 444.6 424.1 400.5 378.5 358.2 339.6 324 301.2 284.4 267 256.3 236.2 214.3 199.7 180.5 168.9 163.8 168.5 154.7 144.6 131.6 123.7 113.8 108 102.5 101.8 99.3 104.9 90.2 76.2 71.3 77.4 92.2 109.4 114.3 116.1 111.4 99 104.5 116.2 115.3 119.5 113.8 104.7 86.4 73.8 55.5
752.2 737.1 725.3 713.8 700.7 688.4 675.8 668.8 661.8 657.8 657.6 654.3 645.3 622.4 617.6 604.6 605.9 601.8 588.8 578.1 578.1 602.6 610.1 590.2 569.3 554.9 540 517.5 496.8 485.9 471.6 455.1 438 422.6 402.8 377.7 358.5 347.3 336.4 314.1 293.5 280.3 260.8 238.8 219.3 203.2 184.6 184.2 185.7 180.9 167.4 152 140.1 130.1 122 120.1 126 127.2 125.6 116 98.1 85.5 77.4 81.2 97.8 114.4 127.6 135.7 128.7 123.4 138.4 139 134.7 140.7 131.7 120.9 106.5 92 73.3
779.3 760.7 731.3 726.2 712.6 697.2 685.8 679.9 680.1 683.9 696.5 690.6 668.6 650.4 646.8 635.1 628.8 613.4 591.7 583.5 590.5 598.2 587.3 566.5 548.7 529.2 509.7 493.8 469.5 459.8 453.9 447 437.9 429.9 406 394.8 377.2 362 337.8 318 296.4 282.1 267.8 245.2 224.7 204.1 207.5 205.2 200.8 192.6 178.8 163.1 152.9 143.9 137.8 142.5 162.7 160.3 150.9 128.2 102.3 88.9 82.2 84.1 105.5 121.9 133.3 148.9 152.7 160.8 165.3 163.6 159.3 156.1 144.6 134.9 123.8 112.8 98.1
785.5 761.6 758 754.3 754.3 735.7 706.9 696.3 698.2 712.9 714.5 704.6 685 670.6 655.1 635.2 620.3 605.8 594.9 593.3 598.6 591.3 576 557.1 539.6 515.4 490.9 470.8 454.5 447.5 439.5 426.8 418.8 414.5 408.2 389.3 372 352.9 333.7 309 287 267.4 245.9 232.1 225.2 225.5 226.5 222.5 213.9 203.3 192.1 179.9 172.1 165 162.1 171.1 187.2 191.1 164.4 130 104.5 92.4 87.4 86.5 108.9 129.5 147.1 156.9 182.2 189.5 187.4 190.6 193.7 179.2 166.6 152 143.4 138.9 124.6
800.2 785.2 785.6 789.3 786 766.9 740.4 725.4 732.1 739.6 729.7 706.6 681.9 662.7 647.5 631.6 622.3 614.3 607.2 613.6 605.6 593.8 566.7 551.5 536.5 509.6 482.2 461.2 449.7 442.9 428.7 409.1 398.7 385.1 376.6 365.1 351.1 331.1 312.5 286.8 268.3 264.1 264.6 258.3 253.6 250.8 248 241.8 233.2 223.9 215.2 204.2 198.6 194.3 195.9 205.5 206.5 200.8 171.9 138.4 110.1 99.1 90.9 85.1 107.6 132.2 158 173.5 186.3 201.1 205 218 227.4 216.7 194.5 174.4 168.5 163.3 149.9
821.2 829.7 831 825.5 825.5 804.1 786.9 775.6 783.7 785.3 757.7 731 699.3 675 648.4 633.3 624.4 619.2 615.4 613.2 594.8 579.3 565.2 549.7 532.2 503.4 480.6 468 462.1 460 442.5 413 386 364.3 348.9 336.3 327.5 315.3 297.5 291.5 294.1 297.3 295.5 285 280.1 276.3 271.2 265.9 260.4 250.2 246.6 244.4 243.9 242.2 244.1 234 221.9 200.6 178.7 142.3 118.6 108.3 95 90.6 114.2 139.1 166.8 190.7 201.2 206.6 218 237 245 241.4 221.1 199.5 195.3 188.4 175
869.6 869 897.7 900.2 882.1 853.1 842 815 815.1 810.4 778.3 745.9 725.9 704.3 667.4 639.8 637.3 633.4 622.5 612.6 592.5 579.2 569 550.2 533.5 511.6 492.4 486.5 483.7 472.6 450 424.9 397 385.1 374.8 354.8 337.1 323.2 316 315.5 322.9 324.6 319.5 324.5 314.7 306.1 301.6 295.2 291.9 281.7 280.3 277.4 276.5 273.9 263.6 247.8 225.3 202.7 173.9 151 133.7 120 100.7 98 120.8 149.6 176.2 199.5 217.7 223.5 237 265.5 271.9 261.7 240.1 229.7 223.8 223.5 208.7
920.8 937 947.1 901.5 871 837.4 800.1 771.9 762.7 775.7 766.3 738.7 709.1 687.8 673.2 658.3 646.6 632.9 614.9 615.4 605.3 592.4 576 560.3 542.2 529.1 516.6 510.8 500.3 482 455.3 428.5 409.5 409.1 395.6 374.7 364 353.4 347.1 341.2 350.7 353.6 359.9 361.9 356.9 343.7 340.9 336 330.7 319.3 311.1 305.3 303.2 289 271.2 250.9 228.9 204 181.6 156.4 140.7 116.7 101.9 110.1 129.8 154 181.6 210.7 237.2 251.1 264.7 287 294.5 278.3 264.6 261.9 256.4 246.2 218.7
923.1 937.5 907.9 866.2 835.9 811.3 778.2 747.4 728.6 721.2 710.1 692 678.1 665.6 664.4 646 628.6 616.9 608.3 609.6 609.8 590.8 579.1 567.3 552.4 540.3 528.3 519.8 505.1 484.3 458 438.5 435.7 430.1 410.8 398.1 393.5 390.8 385.2 374.2 381.6 386.7 393.8 401.1 396.1 383.3 383.7 371.6 372.4 363.6 350.7 333.4 324.2 303.5 275 249.7 228.6 201 178.4 153.1 123.3 113.8 124.8 125.9 137 158.7 188.5 220.3 265.6 289.7 304.5 305 310.5 299.7 292.3 293.9 271.7 258.5 253.5
