app/static/ascii/NG92.asc
ncols 200
nrows 200
xllcorner 190000
yllcorner 820000
cellsize 50
[rows 0 to 34 of 200, columns 78 to 155 of 200]
-2 -2 -2 -2 2.6 2.3 3 3.8 3.5 4.4 5.1 5.7 6.2 6.5 7 6.8 7.6 15.8 24.6 34.3 49.8 62.8 75.8 93.3 114.7 146.3 179.9 210.3 265.9 311.2 341 368.6 402 438.5 459.4 484.6 512 533.2 543.7 547.7 549.6 548 548.7 551.4 556.9 562.9 571.9 575.8 581.8 593.2 606.7 619.2 630.1 648.9 664.6 684.2 704.8 713.8 727 744.9 759.3 760.3 753.9 732.6 714.3 698.3 693.6 691.9 706.5 712.7 703.8 698.1 710.7 709.9 708.1 714.2 724.5 727.5
37 24.7 15.5 -2 -2 -2 2.9 3.4 3.3 3.5 4.2 4.8 5.1 5 5.1 5 5.5 11.7 21.4 30.1 44.4 62.9 73 86 108.1 136.5 165.4 208.1 270.7 305 328.2 358.3 393.8 427.2 446.9 483.5 503.7 524.5 543.7 551 552.1 551.5 554.3 557.1 564.7 569.1 575 582 584.3 594.9 608.6 620.7 633.9 646.1 662 679.6 692.6 701.5 714.3 727.5 731.1 732.5 722.4 702.5 681 667.8 666 669.6 681 688.2 687.2 682.7 681.5 675 680.4 690.5 699.7 706.1
61.7 41.7 31.4 16.3 -2 -2 -2 3.4 3 3.2 3.5 3.6 3.7 3.8 4 4.1 4.6 6.8 17 26 40.6 57 71.3 83.9 103.8 127.3 165.1 203.5 251.1 277 309.4 349.9 402 424.7 435.7 460.8 486.2 504.2 527.8 542.9 547.7 557.9 565.9 567.5 573.2 585.2 595.3 592.3 595.8 602 617.2 627.5 635.3 647.8 658.1 671 680.2 688 697.8 700.3 698.5 696.1 686.4 667.7 646.4 640 637.3 641.5 654.5 659.7 662 658.9 654.6 654 657.3 663.5 672.3 688.8
58.9 47.7 35.8 24.3 8.6 -2 -2 -2 -2 -2 2.9 2.8 3.1 3.4 3.5 3.3 3.7 4.6 12.3 22.4 36.8 54.8 71 80 96.7 120.5 155.5 182.2 211.7 240.5 295.2 338.3 387 424.4 427.5 442.3 473.3 491.6 510.4 523 529.8 536.7 543.3 559.6 567.9 582.8 593.9 598.3 600.8 617.8 625.5 628 641.5 659.5 666.7 674.1 678 678.6 678.8 675.2 672.4 664.1 651.1 629 614.4 608.6 605.3 607.5 620.6 631.4 631.7 636.7 635.9 636.7 635.7 637.3 654 673.6
60.9 48.3 37.5 29.7 18 8.7 -2 -2 -2 -2 -2 -2 3 3 3.4 3.2 3.4 3.6 8.1 19.8 33.7 51.5 72 79.5 89.6 112.2 133.4 155.9 182.2 231.7 281.3 323.5 369 410.4 425.3 427.1 446.5 464.5 484 496.5 510 513.1 518.7 527.3 543.3 559 581.3 593.4 606.7 618.4 625.5 632.6 639.2 650 659.9 677 676.7 673.1 662.9 653.7 642.7 632.8 618.8 600.1 582.4 582 582.1 580.6 589.4 597.9 600 607.6 607.1 614.7 610.9 612.1 626.4 650.1
63.8 51.5 42.2 32.6 24.3 15.5 3.7 3.1 2.8 2.3 -2 -2 -2 3.5 3 3.1 3.1 3.1 5.8 16.1 30.2 46.4 64.8 76.1 85.2 100.8 119.2 146.8 182.2 230.1 276.1 308.8 341.1 378.1 412.8 413.2 425.9 448.8 466.2 474.9 488.5 490.7 491.2 500.4 525.3 537.3 556.2 579.4 590.6 604.8 615.9 621 623.1 628.2 633.2 644.4 652.6 647.2 630.4 619.8 613.4 601.9 592.1 570.4 559.7 557.9 556 556 566.9 586.4 592.2 585 574.7 572.4 574.9 588.7 597.7 625.3
65.8 54 43.7 33.4 24 13.7 4.7 3.6 4.2 4.6 5 -2 -2 -2 2.8 2.9 2.9 3.5 3.8 9.3 23.8 39.6 57.2 71.3 79.4 90.8 107.9 140.5 173.7 221.5 267.8 300.3 328.3 359.2 378.6 395.9 407.9 430.2 449.6 454.6 466.9 471.5 469.4 478.7 495.8 511.9 532.3 554.7 573.9 589.1 600 598.2 601.1 601.6 603.9 609.5 612.6 604.8 594 589.2 581.4 568.4 555.2 540.3 537.8 537.4 537 531.4 545.9 552.8 548.2 539 538.1 537 547.9 554.7 566.7 593
68.4 59.9 49.4 37.4 24.7 17.4 9.2 4.7 4.9 5 5.1 5.3 -2 -2 -2 -2 3.5 3.4 3.3 5.1 16.3 31.1 45.6 61.1 70.3 82.6 102.9 126.8 160.1 195.8 233.7 267.7 305.1 328.9 353.7 374.8 389.1 407.9 426.5 436.6 440 445.8 447.1 452.1 468.3 487.6 510.5 536.8 551.6 562.7 564.6 570.4 574.1 575.8 576.5 577.5 573.6 567 558.7 555.9 543.5 531.3 524.7 513.5 516.4 518.2 513.5 517.5 517.9 518.5 513.3 512.5 514.7 513.6 518.8 526.3 540.8 562.7
71.7 62.6 53.5 43.4 30.9 22.7 15 6.5 5.6 5.7 5.4 4.1 3.6 -2 -2 -2 -2 -2 3.2 4.8 9.1 19.8 34.9 47.1 59.2 73.4 91.4 115.5 143.3 168 197.5 224.3 251.2 287.4 328.1 373.8 377 392.8 408.2 415.6 416.7 420.7 420.6 430.1 444.7 469.4 491.2 509.8 522.8 525.5 529.6 532.6 540.1 548 545.3 542 535.6 527.3 520.2 513.6 506 500.8 503 496.7 494.2 487.5 489.8 493.3 495.8 484.8 478.5 486.2 483 485.1 492 504.4 530.9 557.1
73.1 64.2 57 48.5 32.6 23.7 14.6 6.7 5.7 5.6 4.2 4.3 3.6 3.3 3.1 2.8 2.6 -2 -2 -2 6.2 13.8 21.9 35.6 52.5 67.6 85.6 106.3 127.2 162.4 193.8 241.4 291.5 321.1 358.4 373.7 387 397.9 405.6 403.5 398.1 393.7 398.2 410.5 422.3 447 473.1 490.1 496.5 500.9 504.9 510 512.9 515.7 512.6 510.6 500.7 495.1 486.6 479.1 471.8 472.3 473.3 466.8 469.4 459.9 459.2 466 465.2 462.2 456.8 449.8 457 464.8 476.2 499.7 511.7 522.4
77.4 65.6 57.3 50.7 38 25.6 15.1 12.9 13.9 4.3 5 4.7 3.8 3.6 3.3 3.1 3.2 3.2 -2 -2 4.9 8.3 15.9 28.8 48.2 62.3 78.9 94.5 118.3 153.4 182 242 288 323.4 349.5 364.2 370.5 387.3 392.3 396.7 392 382.2 379.3 388 400.6 423.6 449.4 461.4 470.9 475.3 489.7 494.2 489.1 484.7 484.8 476.9 473.2 464.3 454.9 449 446.1 443.3 437.2 432.2 429.4 430.7 433.5 440.2 444.6 439.3 435.6 428 433.5 450.5 456.6 473 481.1 485.2
86.4 72.2 60.9 51.5 43.8 30.3 21.7 19.6 14.5 18.1 5.8 4.8 4.1 3.8 3.7 3.8 3.8 3.9 3.7 -2 -2 5.8 12 24.9 45.2 56.3 67.5 80.7 100.4 131.4 162.5 222.4 268.1 295.8 330.8 347.8 351.1 360 370.2 376.1 374.9 376.6 382.1 375.3 383.7 398.6 421.3 430.1 436.2 454.6 460.9 464.3 459.6 455.4 449.8 447.3 440.7 435 428.9 427.1 425.9 422.4 415.8 410.2 410.3 409.7 409.4 417.9 421.6 419.2 415.4 412.4 417.9 420.4 426.4 429.6 442.4 462
104.4 110.2 94.3 79.2 64.2 51.4 47.3 34.7 17.6 16.9 8.6 4.9 4.3 4.3 4.3 4.3 4.3 4.5 4.2 -2 -2 -2 6 14.2 35.6 45.3 56.3 68.5 85.7 114.5 148.7 204.3 248.2 271.1 296.9 318.2 328.2 333.8 338.7 349.7 353.3 359.5 362.1 367.3 368.2 378.6 393.4 403.2 416.5 429.1 433.2 432.7 430.2 425.2 423.6 417.3 419.3 420.9 425.2 410.3 404.8 397.9 394.9 393.9 396.5 396.9 398.1 402.9 406.2 403.8 406.2 410.8 407.2 403.4 404 406.1 413.9 428.8
129.5 145.2 139 109.5 93 75.2 67.4 55.3 42 26.4 14.9 5.5 4.8 4.7 4.7 4.9 5.1 4.8 4.5 4.3 -2 -2 -2 5.6 25.9 37.8 49.2 60 74.4 99.1 138 180.3 227 271.3 302.4 304.8 308.7 316.9 311.6 315.1 317.3 329.6 337.4 343 347.9 358.4 371.6 390 408.3 423.7 423.7 419.9 411.5 407.2 406 405 398.9 398.2 390.7 387 381.2 377 377.1 380.3 386.6 387.5 387.5 388.2 391.8 390 390 391.6 387.7 386.7 386 391.4 398.1 401.4
157 153.1 141.1 122.8 105 89.5 78.2 70.4 59.9 39.5 28.5 10.3 5.1 5.1 5.6 5.6 5.4 5.1 4.8 4.6 4.3 -2 -2 -2 21.5 33 40.7 52.5 65 83.9 127.3 167.9 218.8 255.2 267.8 281.2 286.3 293.2 287.5 293.4 290.6 298.5 309.5 311.7 327.8 342.4 364.7 383.2 395.3 405.1 407.9 406.4 402 406.7 411.3 408.9 392.6 382 371.2 365.9 363.1 361.7 363.4 365 369.5 370.1 372.4 370.4 374 379.2 371.9 374.1 371.5 372.3 373 381.2 387.5 390.6
201 189.2 168 135.7 115.3 98.7 87.4 77.1 64.9 48.9 35.5 21.2 10.4 6.4 6.2 5.9 5.7 5.5 5.2 5 4.6 4.1 3.7 -2 20.4 28.4 35.3 45.6 56.5 70.7 113.2 140.3 183.2 223.3 242.2 249 255.5 259.6 257.4 261.6 268.3 270.7 282.3 293.3 319.2 344.3 362 366.7 372.8 379.7 384.1 383.4 382.6 385.4 382.8 375.7 364.2 358.9 349.7 344.3 345.9 352.5 355.3 358.5 357.8 357.5 356.9 355.3 356.7 357.6 355.2 353.4 354.1 356.9 364.6 374.1 376.7 374.2
219.6 207.6 190.6 166.7 141.8 116 93.3 80.2 68.6 53.7 39.3 31.3 22.6 6.9 6.6 6.3 6.1 5.9 5.6 5.4 5 4.1 3.8 -2 -2 23.5 31.3 38.3 47.3 60.1 90.7 117 146.5 184.9 207.4 214 216.4 221.2 225.8 230.9 261.5 270.6 278.8 299.3 312.1 325.6 340.6 349 351.2 355.6 361.4 354.2 356.8 353.6 346.4 338.7 333 328.8 323.4 329.5 346.3 362.9 364.7 363.8 359.3 355.3 351.9 347.8 343.7 340.7 339.8 342.2 342.6 343.1 348.8 356.5 356.2 353.1
231.4 215.3 195 175.3 154.5 131.8 112.6 87.8 68.6 52.5 42.5 34.8 26.4 8.1 6.2 6.2 6.1 6 6 5.8 5 4.2 3.8 -2 -2 18.8 26 33.2 38.6 47 69 102.9 129.6 149.8 165.5 174.8 177.2 184.2 194.6 234.2 240.4 249.9 264.5 278 293.5 307.5 320.1 333.4 347.8 339.9 335.1 331.1 327.3 326.2 324.3 318 309.5 304.8 307.8 321.7 340.2 349.1 355.4 354.7 352.6 350.3 344 334.7 328.7 326.5 325.6 329.5 328.8 327.6 331 334.9 337.4 340.2
228.3 214 196 181 161.5 142.2 121.6 100 77.2 60.1 46.2 34 26.4 12.1 6.9 5.7 5.7 5.7 5.5 5.3 4.7 3.9 3 -2 -2 20.7 22.4 27.8 33 38.6 55.8 86.5 109 123.4 134.3 143.1 150.8 166.9 203 221.5 243 247.1 259.1 268.7 279.1 292.2 301.8 314.3 323.4 315.7 309.1 304.8 299.7 302.8 302.1 297.5 288.2 286.4 296.9 313.5 325.8 334.3 337.8 345.6 346.8 331.7 322.4 313.2 307.5 306 298.4 309.9 313.1 316.8 322.8 326.9 329.5 333.5
215.3 204.1 190.6 177.1 162.8 145.9 124.7 105.1 82 66.7 45.4 34.4 26.1 12.8 6.2 6 5.5 5.1 4.8 4.6 4.2 3.5 -2 -2 3.3 5.6 14.9 19.3 25.3 32.4 51.1 72.7 91 105.2 108.7 125.5 147 171 197.2 213.3 226.2 237.2 247.8 256.5 263.3 271.4 284.2 293.7 288.4 287.1 287.8 286.4 276.8 274.2 277.2 275.3 264.7 266.9 286.4 297.2 303.6 309.9 311.2 316.6 311.2 297.9 290.8 285.3 280.2 286.7 297.7 301.5 304.9 305 308.2 315 320.2 328.5
206.1 196.1 184.8 176.4 161.1 142.4 122.5 102.5 86.1 66.9 47.9 38.7 26.3 12.9 6.8 6.1 5.5 5.2 4.2 3.9 3.7 3.1 -2 -2 3 4.6 5.6 8 17.2 28.9 43.8 58.1 80.7 100.3 113.9 129.3 142.3 162.9 186.7 205.4 213.2 224.8 236.2 241.9 248.5 257.9 261.8 263.1 263.3 266.3 265.4 262.6 259.8 255.6 252.1 250.5 243.4 256.8 269.7 274.8 280.6 276.3 278.9 278 273 265.5 262.6 281.6 294.6 310.3 323.2 327.4 328 324.9 323.7 322.9 318.5 325.3
214.3 195.4 179.2 164.8 152 139 118.4 101.6 83.2 66.2 52.1 36.9 23.7 10.4 7 6.1 5.5 5.3 4.6 3.3 3.2 2.8 -2 -2 -2 3.9 6.9 8.3 16.1 25.7 40.9 67.8 89.8 100.4 107.5 117.7 134.4 156.9 170.9 186.1 196.7 202.5 209.8 219.1 227 229.9 231.9 234.4 240.8 249.4 251.1 244.2 244.1 244.6 233.8 229.3 226.9 231.8 238.1 245 242.4 242.8 246.2 248.3 243.3 254.1 279.5 298.6 310.2 322 330.3 332.2 328.1 325.8 327.5 334.5 334.2 335.3
232.2 207.3 187.5 168.4 149.3 132 117 97 81.2 66.3 50.3 35.9 20.3 10.4 7.4 6.6 5.3 5 5 -2 2.6 -2 -2 2.8 -2 4.9 6.1 8.8 18.6 29.5 48.7 70.4 90.4 99.9 104.6 111 120.7 139.3 151.9 159.4 167.3 174.9 179.5 184.8 191.3 192.5 196.9 206.8 215.2 219.2 222.4 219.9 220.3 219.8 210.3 204.4 208.5 214.1 216.5 219.6 225.4 231.8 231.4 227.8 235.3 259.5 282.2 304.2 306.3 314.8 318.6 317.4 316.5 323 338.1 345.3 350.3 350.6
240.9 220.5 202.6 176.7 153.4 134.8 116.5 97.2 81.9 66.7 55.6 43.5 26.3 13.9 9.3 7 5.7 5 -2 -2 2.7 -2 -2 -2 -2 4.3 6.2 11.8 21.3 31.4 44.6 66 79.6 87.5 94.1 101 107 119.2 136.4 146.2 147.8 150.5 154.2 157.3 160.3 162.4 166.3 176.1 188.1 194.5 202.9 198.3 195.8 192 186.2 185.3 189.1 197.5 205.1 211.4 216 217.9 212.9 201.6 233.5 250.5 270.7 287.5 293.3 295.1 297 300.7 307.3 334.4 350.8 362.7 365.1 366.9
230.2 216.8 202.5 183.7 163.7 145.3 121.3 101.9 83.4 65.6 53.1 39.2 26.8 17.5 10.2 7 5.9 4.8 -2 -2 2.7 2.6 -2 -2 -2 4.6 6 12.7 19.7 27.5 35.2 51.6 63.9 70.8 77.1 84.5 91 103.4 114.5 122.3 122.5 123.1 124.1 126.5 131.5 135.1 139 145.8 150.8 161.9 167.3 161.9 163.5 159.8 162.5 157.4 175.4 181.4 192.6 199.8 199.8 194.2 183.3 207.6 225.5 236.2 249.8 269.3 277.5 273.9 276.7 292 319.1 356.4 373 379.8 380.2 378.3
230.7 216.1 197.6 179.5 160.9 145.1 125.3 103.4 84.7 67.9 52.1 37 28.8 17 8.9 6.9 5.4 4.2 -2 -2 2.7 -2 -2 -2 3 4.4 5.7 7 13.6 22.5 29.6 40.2 47.5 53.7 60.7 67.4 73.9 80.6 85.3 92.3 94.7 94.2 94.6 97.8 103.2 109.9 113.2 115.7 115.6 119.5 121.3 125.5 130.3 134.8 139.5 144.3 153.8 162.6 171.5 179.5 180.8 176.9 166.5 191.8 203.6 216.5 226.7 242.9 251 252.2 277.9 304.1 334 358.7 367 377.3 385.3 385.8
225.6 215.2 195 181.4 163.8 144.4 122.3 103 85.2 68.1 51.8 38.8 29.1 15.9 9.2 8.1 6.8 5.2 4.2 -2 -2 -2 -2 -2 -2 4 5.1 6.7 9.6 17.4 29.4 33.7 38.3 43.7 47.9 52.8 58.1 62 61.9 64.3 68 68.6 68.6 73 78.2 82.6 83.3 84.3 86 89.5 94.3 103.5 112.8 117.7 116.2 127.4 133.3 140.8 149.2 156.8 159.3 159.5 145.7 169.4 183.1 197.2 208.2 216.8 223.3 243.7 279.1 298 321.4 338.1 353.1 367.2 380.3 384
229 209.2 190.2 177.8 162.7 145.8 124 101.8 80.9 64.1 49.9 38.8 25.6 17.5 12.3 9.7 8.5 5.9 4.8 3.8 3.3 3.4 3.5 -2 -2 3.3 4.8 6 6.9 12.6 31.3 33.5 34.3 38.3 39.4 40.5 41.4 43.2 41.4 43.8 47 48.1 48.2 49.3 53.1 55.3 58.6 62.1 67.5 75.6 83.5 91 98.4 104.1 101.2 109 113.1 121.6 127.7 131.8 134 142.7 134 152.2 165.9 176.9 189.6 193.9 214 239.4 263.7 287 307.5 324.2 337.9 361.9 378.1 382.6
234.1 214.5 197.1 179 158.3 142 123.1 102.2 83.7 64.2 48.2 44 33 25.3 14.3 10.2 8.2 6.1 5.2 4.3 4 4.1 4.2 3.3 -2 -2 4 5.1 6.3 12.4 24.2 28.2 26.7 26.9 28.7 29 29.1 29.6 27.6 27.4 29 30.8 29.8 33 40.7 43 48.4 54.5 66.4 71.6 74.5 78.6 81.7 83 88.1 90.9 97.8 103.8 108.8 111.8 115.5 118.9 118.2 135.8 150.1 162.8 168.6 179.4 201.2 227 252.7 285.2 302 322.3 333.4 353 361.7 380
233.7 216.1 198.6 180 159.3 139.6 120.3 100 80.1 63.1 53.7 44.4 35.5 29.5 17.6 15.9 9 6.5 5.7 4.8 4.7 4.8 4.9 -2 -2 2.6 3.4 4.5 5.2 6.3 12.1 21.3 20.5 19.7 15.9 16.1 18.2 18 15.1 8.5 7.2 9.3 12.2 19.1 23.4 32.8 36.6 44.3 53.6 57.7 59.4 62.8 64.9 64.5 71.5 72.5 79.2 85 88.6 90.8 93.6 91 109.7 119.1 132 141.7 149.9 168.5 192.7 214 233.9 259.9 283.8 311 314 324.7 351.7 364.9
229.5 213.9 195.7 177.2 158.3 138.3 118.4 97.9 79.5 64 52.7 45.3 33.9 30.7 23.2 21 14.8 7.6 6.1 5.3 5.3 5.5 5.7 -2 -2 -2 -2 3.5 3.9 4.5 5.9 9.8 8.2 9.5 7.6 6.6 6.7 6 4.7 4.9 5.4 5.3 6.5 9 17.3 22.7 28.5 32.3 34.4 37.9 39.2 43.9 48.1 50.4 53 57.8 60.2 65.1 66.9 71.2 74.7 86.2 96.5 105.8 116 126 143.2 157.8 177.7 197.4 214.8 236.3 252.8 270.5 287.3 303.5 328.4 335.2
224.8 208.6 191.7 173.9 153 133 114.6 96.4 78 62.4 51.7 42.2 36.6 34 28.7 24.8 17.8 12.2 8.1 7 6.4 6.5 5.8 4.5 -2 -2 -2 -2 2.6 3.7 4.7 4.4 4.4 4.2 4.9 4.8 4.3 4.7 4.5 4.8 4.8 5.2 5.6 5.4 7.4 12.8 19.6 23.8 21.9 22 25.1 31.4 32.2 31 33.5 41.2 47.5 52 55.6 61.6 68.1 76.6 83.3 97 106 121.1 134.1 148.6 167.1 185.1 200.2 221.1 242.3 253.6 268 296.7 306.9 308.3
217 201.2 183.8 166 146.2 127 108.3 91.2 75.5 62.1 49.9 43 40.4 35.5 28.8 25.3 19.9 17.6 11.8 8.7 7.5 6.3 5.5 4.5 -2 2.6 3.6 2.9 3.2 4.2 3.3 3.5 3.5 4.2 4.7 4.7 5.3 5.8 5.3 4.8 5 5.2 5.2 4.7 4.4 6.3 9.2 10.3 9.5 9 8.6 8.8 13.5 15.4 16.8 25.1 35.9 41 47.5 56 62.5 68.7 75.7 82.4 95.6 109.8 123.1 138.2 158.7 171.5 184.2 204.5 227.2 237.9 255.5 272.3 279.6 281.7
213.8 194.7 171.9 154.8 138.3 121.1 102.8 88.1 72.9 60.4 49.2 45.4 42.3 34.5 26.9 22.7 18.1 15.3 12.1 9.8 8.5 7 5.8 4.6 -2 -2 3.2 3.4 3.8 4 4 3.6 3.2 4.2 4.9 4.8 5.3 5.7 5.4 5.1 5.1 5.2 5.2 4.3 4.2 4.2 4.2 5.1 6.5 7.4 7.9 7.3 9.6 8.6 9.5 14.4 34.5 43.3 50.4 60.1 67.7 70.4 72.7 79 87.8 98.4 110.6 130.3 144.2 155.3 168 188.6 205.7 224.8 240.6 249.2 253.9 256.9
209.8 191.2 170.7 153 134.9 117.7 100.2 81.1 70.6 58.8 50.3 45.4 37 29.7 22.8 18.2 15.2 13.8 11.9 11.1 9.2 7.4 6.5 5.4 4.2 -2 3.6 3.9 4.3 4.4 4.3 4.3 4.5 4.9 5.2 5.1 5.3 5.6 5.5 5.3 5.2 5.2 5.3 5.9 4.4 4.2 4.2 5.1 6.2 6.4 6.4 7.6 6.8 9.2 9.7 11.6 34.5 50.4 56.8 60.4 66.4 68.9 69.4 69.9 76.9 89 101.4 114.6 129.6 140.9 155 172.9 188.5 202.5 219.5 227.3 230.4 237.2
