app/static/ascii/NG94.asc
ncols 200
nrows 200
xllcorner 190000
yllcorner 840000
cellsize 50
[rows 0 to 35 of 200, columns 0 to 80 of 200]
440.5 424.4 409.5 391.8 378.7 364.1 353.2 341.6 323.6 311.8 303.2 304.1 297.9 294.1 295.2 295.1 296.1 298.3 301.3 304 307.8 315.6 324.9 337.6 347.7 360.5 371.2 385.3 399.8 415.7 433 450.2 471.8 501.7 535.1 562.4 590.6 618.9 653.2 692.3 709.1 722.6 740.2 765.5 793.9 822.9 851.5 882.9 896.3 912 902.6 877.4 852.2 816.2 756.1 717.8 712.5 704.4 680.2 702.4 714.2 707.9 680.2 636.2 589.8 552 533.5 531.9 514.4 493.9 484.2 467.8 449.7 427.2 404.9 387.1 369.4 346.4 325.2 300.7 280.9
434.2 417.7 402.3 383.6 368.6 357.1 343.5 334 316.6 307.7 304.2 303.3 301.3 298.7 300.9 299.8 301.1 307.9 307.7 310.9 315.9 320.2 329.2 343.1 354 363.4 374.2 388.8 406.1 422.2 438.8 459.8 481.6 513.3 543.7 574.9 599.1 629.1 667.5 701.4 714.7 729.2 750.2 778.7 807.6 843.8 879.9 913.4 931.3 919.5 911.4 901.2 884.8 848.1 798.5 779.9 773.3 758.3 728.1 731 731.6 724.5 704.8 648.7 608.7 564.7 538.7 524.6 513.6 502.6 488.5 468.7 450.6 434.3 415.4 394.6 376.6 354.3 332.8 308.3 285.7
426.6 408.7 391.4 374.5 359.6 347.1 337.3 328.1 314.8 306.9 299.9 293.9 293.6 293.7 297.4 298.8 305.9 308.2 316.7 319.8 319.5 324 332.5 344.3 355.5 364.8 377.6 394.4 411.5 429.7 447 467 490.5 521.8 552.2 581.8 604.7 634.8 669.4 700.1 714.8 732.4 754.6 778.7 810.8 845.3 887.9 930.5 929.6 924.5 913.1 898.9 883.9 861.5 834.1 808.4 787.3 767.8 749.4 738.7 727.2 721.7 702.8 658.3 607.5 569.9 545.5 528.5 512.5 501.5 495.4 487.1 463.1 446.3 432.1 411.3 389.7 366.9 342.3 317 294.4
415.4 397.4 379.7 362.3 350.1 338.7 333.5 324.7 313.3 303.1 298.4 294.1 293.2 289.6 295.7 303.5 305.7 311.1 317.7 317.7 319.4 326.5 336.6 344.1 356.8 366.5 381.1 396.8 414.6 433.4 453.8 472 495.9 523.8 553.8 581.2 608.7 636.5 665.3 690 710.2 726.5 743.4 769.3 801.7 841.2 891.1 926.8 925.6 922 911.5 894.3 879 859.8 838.2 810.1 789.4 768.4 745.3 727.4 712.5 702.2 681 648.2 611 570.3 549.7 532.5 519 504.1 485.8 474.4 458.4 438.7 423.5 409 385.5 359.6 338.2 319.8 299.4
399.7 381.3 365.1 349.7 338.7 327.9 323.1 316.8 308.3 300.1 294.6 293 292.4 283.9 283.9 297.7 302.6 306 317.6 321.7 323.5 330.1 339.3 347.6 359.1 369.8 386.1 400.2 416.7 434.7 456.8 476 497.5 525.2 552.6 577 604.4 628.3 655.4 674.2 693.7 709.6 729.6 757.5 793.7 832.8 871.1 906.9 912.8 913.6 901 886.3 869.2 851.6 829.2 806 778.9 740.7 713.1 696 676.5 662.6 649 633.2 608.5 580.9 560.9 541 525.1 513.5 495.9 478 457.2 438.7 419.2 401.3 384.2 361 338.6 317.1 299.3
379.9 363.4 351.5 336.7 326.4 317.9 317.1 311.9 307.2 301.1 294.5 289.6 286 280.9 283.5 289.4 299.4 312.4 321.2 326.4 326.4 330.7 340.1 350.4 362 372.8 390.8 402.6 418.6 435.1 455.5 474.7 495.9 522.2 545.6 567.5 590.9 611.8 637.2 658.9 676.9 695.7 713.8 746.1 790 830.4 850.5 867.8 878.1 885.9 880 866 850.7 833.8 812.8 790 750.4 714.9 685 666 643.2 628 617.3 604.2 593.7 581.1 567.4 551.9 543.2 526.4 502.2 476.7 458.7 444.2 432.2 412.9 391.4 369 347 327.6 305.8
362.8 349.7 338.4 325.6 317.4 308.1 304.6 305.7 303.4 296.9 295.8 291.3 278.6 282.9 285.7 300.9 313.2 319.1 320 323.5 328.5 335.3 339.4 352.1 363.2 374.2 391.6 403.3 418.7 434.8 453.1 469.5 490.8 514.8 532.8 550.3 568.9 587.1 608.4 635 658.3 679.5 700.1 732.3 771.6 806.7 828.5 834.9 842 853.3 855.5 841.7 827.7 812.9 794.8 774.3 744 702.9 670.1 645.1 625.6 612.7 601.3 591.1 581.3 570.8 558.5 549.9 542.3 532 507.9 486.5 467.7 453.2 436.1 417 398.6 379 364.4 338 316.1
347.2 337 325.5 316 308.6 300.5 293.7 289.9 285.8 281.4 283.9 276.7 284.5 290.1 293.9 298 311.9 317 318.8 320.2 325.3 332.6 341 352.2 362.4 376 391.7 406.5 419.9 430.3 445.1 460.8 480.3 498.7 515.1 528.9 545.7 562.2 584.2 610.8 630.5 656.1 679 697.6 731.7 773 805.8 819.8 824.3 829.8 831.5 823.5 812.9 800.5 781.3 766.7 750.6 710 670.6 640.9 618.9 604.2 591.1 577 564.2 552.1 539.7 537.3 529.8 518.6 505.2 484.3 468.3 455.6 436.9 416.4 399.4 381.9 360.2 341.1 324.1
333.8 325.4 316.2 308 298.9 293.5 288.1 280.4 275.8 274.2 274.7 277.9 283.4 291 291.5 291.3 300.5 312.6 312.6 317.1 324.6 333.4 339.9 353.1 365.5 378.3 391.4 403 414.1 422.5 435 450.1 471.3 488.2 495.1 506.5 522.5 538.6 558.3 579.6 600.6 621.4 641.1 673 715.6 763.5 789.6 816.4 838.7 837.6 829.6 818.2 803 787.9 769.4 755.1 744.2 728.8 706.3 644.2 613.3 591 575.1 561.2 549.2 537.9 530.2 525.5 524 517.2 499.8 481.4 469.2 456.8 440.2 423 407.8 391.2 372 354.1 341.4
318.9 311.7 302.6 295.7 290.8 288 281.3 273.4 271.4 271.9 275.4 281.2 288.4 287.1 290.8 296.6 298.2 307.8 311.9 317.8 324.6 330.7 340.7 357.9 365.2 377.8 388.7 397.9 406.1 414.7 424.8 436.8 452.4 464.8 474.2 486.3 498.3 511.6 529.2 549 569 587.1 607.2 637.6 664.1 704.5 733 780.8 814.1 824 827 813 792.8 774.7 757.9 746.9 736.2 729.1 707.4 672.5 622.3 586.6 563.6 549.4 539.3 529.1 522.5 520.6 515.8 508.2 496.1 483.7 469.9 458.6 446.9 435.5 423.4 406 387.3 368.9 352.5
305.3 297.1 291.9 287.3 283.3 278.9 275 268.9 268.9 273.3 277 285.2 287.8 285.4 290.5 293 298.7 308.2 312 318.5 325.2 335.2 344.6 356.2 364.2 374 385.7 395.5 400.8 408.1 416.3 424.8 436.9 446.9 452.9 462.7 473.4 487.6 501.3 518.1 539.2 557.6 577 600.2 632.3 664.3 708.9 745.8 781.9 795.6 800.3 792.9 778.4 763 748.6 736.2 727.2 718.6 689.2 665.5 632.3 599.8 572.4 548.7 534.8 524.2 521.2 518.3 511.9 501.2 491.5 479.1 467 455.6 445.8 438.5 433.2 432.5 415.1 390.9 364.6
294.5 289 282.3 275.2 273.4 267.2 267.7 265.3 269.8 275.2 279.7 287.3 285.2 285.1 290.1 292.7 300.3 307.7 311.2 318.5 324.8 333.6 345.4 356.4 362.8 372.8 382.9 393.3 397.1 404.8 410 419.7 427.6 435.3 437.7 444.4 452.7 463.1 474.6 489.5 509.9 533.9 546.8 567.1 603.2 628.9 671.1 715.7 733.8 743.9 764.8 773 766.1 754.6 743.2 733.3 731.5 723.4 695.4 662.9 633.1 606.8 583.8 559.7 542.9 530.1 523.4 515.9 506.3 494.5 483.1 470.2 459.8 450.8 445.3 438.3 431.6 422.1 407.1 386.7 367.9
284.6 276.8 273.4 269.2 267 263.8 264 266 270.7 274.6 283.9 284.9 284.6 285 287.3 294.5 305.3 309.1 310.9 316.2 324.3 334.2 344.6 353.5 362.1 370.3 379.4 387.2 392 401.1 407.2 415.7 422.7 427.3 426.9 429.6 437.2 445.1 454.3 466.6 486.8 507.3 519.4 537.2 565.7 591.8 625.5 672.4 686.5 703.3 746.9 762 754.5 747.5 743.8 743.5 735.1 726.7 713.3 675.8 641.7 607.8 583.8 560.3 544.1 533.2 524.6 515.1 504.1 491.2 478.3 466.5 455.5 446.2 437.4 428.4 418.7 404.4 393.2 379.9 362.5
273.3 267.2 266.9 264.5 260.7 263.4 264.6 265.6 268.5 275.5 286.6 284.3 284.4 287.9 288 291.6 300.7 304.8 309 315.7 323.9 333 342.7 351.4 358.8 368.1 375.7 380.1 386.1 397.2 406 409.2 416 417 419.3 423.6 428.2 433.7 441.2 449.2 468.6 484.3 494.6 505.5 530.4 560 585.8 616.4 645.8 680.4 717 732.1 736.6 738.6 742.5 744.4 744.3 736.5 722.6 693.8 661.4 623.1 583.8 557.6 539.4 525.8 515.4 506.5 496.1 486.4 474.7 465.9 456.8 448.5 439.4 431.4 419.7 409.5 395.2 382.6 370.5
263.7 263.8 260.9 261.4 264.1 264.5 265.2 264.8 268.6 280.7 280.5 280.5 285.2 287.1 287.8 292.6 298.1 302.6 310 316.7 323.4 332.2 340.7 347 356.6 364.2 369.3 376 386.1 400.9 401.7 405.5 409.3 411.1 414 416.3 420.3 426.3 432.5 437.5 455.7 466.5 474.1 479.5 502.9 533.2 546.5 592.8 621.6 648.3 672.1 690.5 711 723.5 733.8 741.5 749.1 750.5 742.7 718.8 701 641.6 603.1 566.6 544.2 528.3 514.2 503.5 493.1 485.1 477 470.8 463.1 452.8 444.2 434.9 421.6 407.5 396 384.2 374.8
259.4 258.5 255.8 264.7 265.6 264.8 263.2 262.7 268.3 270 275.2 277.3 276 282.3 287 290.5 295.7 298.9 305.1 313.4 320.8 330.3 336.4 342.7 352.9 360.6 369.6 379.9 388.1 396.2 399.8 404.6 408 408.5 408.3 409.6 414.2 418.8 421.7 424.7 447.7 455.3 460.9 464.1 476.5 498.1 519.4 564 590.2 615.3 635.4 648.4 669.6 691.7 704.6 720.5 733.2 747.4 749.1 739.6 724.2 678.1 630 585.9 555.7 536.7 520.5 507.2 496.2 486.6 481.2 477.6 470.2 457.3 445.8 438 425.7 412.9 397.7 385.1 375.2
256.3 252.7 255.9 264.3 266.9 261.9 260.1 261.8 262.9 265.3 267.8 271.9 279 285.9 286.6 291.1 297.1 305.4 314.1 322.3 329.3 336.3 341.8 349 357.4 366 372.8 382 389.3 395.3 400.4 400.4 401.7 405.1 408.6 412.6 412.1 417.1 415.8 418.7 431.2 439.9 448.1 450.2 459.9 474.7 491.7 523.3 556.3 577.9 596.7 616.9 636 655.6 672.1 691.2 706.3 727.4 741.9 741.9 734.3 703.2 662.2 621.7 580.8 553.6 532 510.6 497.1 488 482.5 476 464.4 453.4 446.1 438.3 428.2 418.9 408.3 390.6 378.4
256.8 250.4 252.2 264.8 259.5 256.3 260.1 263.3 267.9 271.7 272.8 273.2 278.5 282.8 288.6 295.3 304.1 312.1 321.7 329.5 335.6 342.1 347.5 354.9 363 369.5 378 385.9 391.4 396.6 398.1 401.7 403.1 409.7 413.8 420.4 420.1 415.8 415.8 418.2 424.1 428.2 430.7 432.1 439.8 454.2 469.2 492.3 518.2 539.9 557.8 579.4 595.1 617.8 641.1 660.5 673.7 691.1 722.6 738.8 738.5 710 674.7 637.2 604.2 572.1 544.6 519.6 502 488.8 479.4 469.7 459.3 450.6 443.6 438.2 432.5 422.4 408.1 391.5 380.6
248.4 249.7 252.5 252.6 253.8 260.9 267 267.9 268.7 272.3 272.4 274.8 281.2 289.2 293.2 302 309.6 316.6 324.9 332.4 338.8 346.7 354 362.9 369.6 378.3 386.7 393.4 398.1 402.1 402.6 404.2 406.7 414.4 423.7 423.2 418.3 415.8 415.8 419.3 419.5 419.2 418.3 415.8 422.4 434.8 447.1 469.9 484.7 503.4 521.4 545.8 561.7 575.9 606.7 630.9 640.6 655.9 688.1 710.9 717.6 710.4 679.5 643.4 611.8 585.3 554 524.2 504.9 493.5 480.3 467 458.1 450.6 443.1 436.2 430.7 421.8 408.6 394.6 381
247.7 248.2 249.3 249.9 256.2 260.7 264.7 269.1 268.6 270.5 274.3 278.5 285.4 291.2 298 304.1 313.9 321.9 330.1 337.6 345.5 354.2 364.1 375.3 383.4 392.6 397.2 401.7 405.9 409.2 410.1 409.8 410.9 414.8 422.1 418.5 415.8 415.8 415.8 415.8 415.6 415.8 415.8 415.8 415.8 417.8 428.4 445.1 462.9 481.5 495.9 514.6 535.1 547.3 575.2 594 607.1 623.2 656 677.2 686.4 692.6 672.9 639.2 606.6 577.8 550.9 530.2 509.6 495 480.1 466.2 458.6 453.1 447.6 440.1 432.1 422.6 413.9 404.4 392.4
247 247.1 247.2 253.9 257.2 261.6 266.2 270.3 271.9 276.7 282.2 284.7 287.7 293.9 302.4 309.5 317.6 326.2 336 344.3 355.3 364.5 376.6 389.5 396.6 402.3 407.9 412.7 419.1 419.8 422.6 423.1 427 431.6 423.2 416.3 415.8 415.8 415.8 415.8 415.8 415.8 415.8 415.8 415.8 415.8 424 438.4 455.5 475.8 490.5 501.6 511.6 524.4 540.5 556.8 575.1 591.1 619.5 641.2 651.7 662.4 655.7 628.9 596.8 575.9 555.3 534.6 514.7 498.8 482.6 471.4 466.2 462.2 456.2 447.5 439.8 432 423.3 413 402
246.4 245.9 251.6 257.1 260.9 265.5 270 277 279.3 284.6 289.1 292.2 293.1 297.9 306.2 315.9 324.8 333.5 344.1 355.3 365.9 376.4 387.8 397.2 403.9 410.7 416.9 422.9 426.7 432.7 436.1 441.3 443.3 436.6 430.9 425.1 421.9 415.8 415.8 415.8 415.8 415.8 415.8 415.8 415.8 415.8 423.1 436.5 451.2 469.6 489.7 505 513.6 518.9 526.9 545.3 557.7 569.7 598.4 613.8 618.5 625.1 625.7 609.5 581.8 556.5 540.2 528.3 513.9 498.5 493.9 483.3 477.1 472.4 466 458.6 450.6 442.5 433.1 421.9 408.6
245.3 246.3 250 259.5 267 269.9 274.2 278.5 283.3 291.2 296.8 299.9 301.9 306.7 311.7 322.5 333.5 343.7 355.7 367 375.4 387.3 397.8 405.3 412.2 420.1 428.7 435.9 443.1 452.6 460 458.7 453.3 449.6 445.3 436.6 428.8 418.4 415.8 415.8 415.8 415.8 415.8 415.8 415.8 416.3 424.3 437.3 450.1 463.1 472.1 493.4 503.2 520.9 531.3 545.4 546 556.4 572.8 586.3 595.3 603.4 603.9 583.2 568.9 556.5 533.9 517.8 517.6 512.8 502 490.8 483.2 476.9 473.2 468.4 460.7 453.1 438.1 424.7 415.3
244.8 244 247.7 261.4 269.3 273.3 278.5 282.4 286.2 294.1 300.7 308 312.3 316.9 323 332.9 343.7 353.2 365.7 376 386.4 398 407.7 417.1 424.9 432.1 440.9 454.2 466.6 476.5 476.2 474.2 469.9 468.4 460 449.7 438.5 427.5 414.4 415.8 415.8 415.8 415.8 415.8 415.8 417.4 427.4 440 453.9 456.7 460.4 471.8 501.4 512.9 519.9 523.2 528.3 538.3 561 577.3 586.9 594.6 596.7 579 558.3 545.2 536.1 538.9 530.5 524 514.5 503.2 498.2 495.3 493.4 488 488.9 487.7 463.1 445.9 433.8
243.8 243.5 247.6 256.7 267.8 274.4 279.2 285.7 288.3 296.3 300.6 306 313.3 321.6 331.4 344.4 352.9 363.4 374.5 387.6 397.8 406.5 418.2 430 439.1 448.4 460.3 477.6 492 494.6 495.5 496.6 493 486.2 474.7 464.8 454.9 442.9 432.7 423 414.2 415.8 415.8 417.4 418 422.9 430.3 438.5 445.8 451 455.5 469.2 489 493.4 500.9 503.5 512.3 522.4 545 563 571.9 580.8 585.4 586.8 577.4 572.5 568.4 562.5 551.7 542.3 538.1 531.3 532 531.9 530.9 534.1 555 575.6 536 486.8 462.6
244.5 247.5 256.1 263.8 273.9 279 284.5 288.6 295.2 301.7 308.4 314.6 318.7 329.3 340.8 351.7 364.2 374.4 383.6 393.8 404.8 416.2 429.6 441.6 452.4 466.5 483.2 502.6 513.2 518.8 523.9 524.4 517.5 508.3 501.7 489.5 480.2 469.6 460.4 450.3 440.7 435.9 436.1 439.7 439.8 436.1 432.8 433.1 436.5 443.2 445.9 453.2 470.8 478.7 486.3 494.1 501.9 515.5 535.2 553.3 560.7 568.5 581.3 595.4 603.6 602.4 601.1 595.9 583.4 576.1 572.9 573.5 576.8 592.4 631.5 635.5 637.6 644.4 611.1 548.7 508
252.2 257.5 264.2 271.8 279 285.5 289.9 296.1 303.9 311 318 323.4 328.4 338.1 349.6 365.7 374.7 383.8 390.3 402.4 413.9 425.4 439.5 448.7 461.8 486.5 505.4 523.3 535.2 546.1 549.5 551.5 548.1 540.1 531.1 521.9 510.1 502.8 490.3 480.1 473.2 473.7 486.4 479 468.6 454.9 445.7 437.3 439 444.1 451.9 465.2 474.8 475.3 478.4 483.9 505.8 526.2 544.5 556.8 555.1 561.2 573.6 591.1 602.5 605.8 606.8 610.9 619.1 617.9 613 624.4 632.1 653.7 664.3 668.6 662.5 659.9 651.2 605.7 556.2
260.2 264.6 268.4 275.9 282.9 288.3 293.2 299.6 310.1 318.5 324.4 330.4 337.6 348 361.1 373.4 381 389.4 399.8 407 419.1 430.3 441.8 451.3 470.6 494.7 517.6 533.6 553.2 567 579 577.7 575.8 577.5 581 577.4 573.5 557.8 548.5 533.5 536 552.7 557.1 530.4 493 474.2 462.1 454.3 448 447.7 456.1 464.1 477.1 475 477.5 485.9 506 531.4 548 551.7 549.9 557.9 569.7 586.3 594.2 594.9 598 606.2 619.7 628.8 637.9 656.1 668.4 667.5 668.3 674.5 668.2 664.9 648.4 599.1 556.2
262.4 266.2 276.1 279.8 286.8 292.2 297.1 304.1 315.3 320.6 326.2 334.5 344.3 356.6 371.2 379 387.2 394.8 402.9 411.2 419 430.2 439.7 453 473.5 498.8 521.3 540 560.4 574.8 587.3 593.9 600.2 608.6 613.8 620.8 621.4 622.6 621.9 616.2 599.5 590.9 589.6 572.7 521.3 502.7 489.5 477.4 471.9 465.4 464.9 476.3 479.3 475 478.7 490 509 538 546.9 546.1 551.6 569.7 586.8 585.5 578.1 582.3 595.9 595.9 602.1 613.4 633.2 657.5 663.7 658.9 661.6 665.9 665.6 659.7 644.9 618.7 579.3
266 272.5 277 283.8 290.8 296 301.1 309.4 317.6 322.6 329.9 339.7 352.2 362.3 375.3 385.3 393.4 399.3 406.2 411.8 419.3 425.9 435.1 450 471.2 494.6 515.3 540.1 560.3 575.8 589.7 602 616.8 631 652.9 662.6 662.3 666.8 672.6 662 646.2 621.3 604.7 587 551.6 542.3 528.3 516.2 504.6 493 492.8 493.5 489 487.4 492.6 512.3 535.5 541.6 541.6 550.8 582.6 600.2 590.2 576.3 567.7 567 576.9 582.5 598.7 620.9 634.1 644.9 649.4 648.3 653.4 657.1 657.6 651.7 636.5 616.5 578.3
268.2 276.1 281 287.7 294.1 299.3 302.7 309.1 321 326.5 331.4 343 353.4 364.3 377.1 391.6 398 402.1 406.3 412.7 418.2 426.1 434.8 448.8 467.3 489 510.3 535.5 554.1 573.8 590.3 607.2 625.8 652.8 669.9 684.2 688.1 695.1 700.6 695.7 680.3 654.7 621.7 598.4 579.3 570.1 563.7 552.1 538 529.5 521.2 523.3 520.1 515.4 522.9 544 541.6 541.6 541.6 565.2 584.8 588.7 574.2 563 553.4 551.5 557.8 568.7 595.6 613.5 626.2 634.3 636.3 637.3 643.2 649 650.1 642.8 629.5 622.1 614.4
275.2 278.1 283.4 290.5 297.2 302.4 307.9 317.3 327.8 331 336.7 346 356.6 366.8 383.8 393 398.1 402 407.6 412 420.1 427.5 436.7 449.9 464.1 483.1 500 520.9 539.2 559.4 578.2 597.6 622.3 646.7 665.4 678.2 688.7 698.6 702.2 698 691 671.3 646.7 628.3 612.2 603.8 601 604.2 594.8 584.2 574.9 565.3 564 563.2 563.9 548.4 542.2 541.6 546 568.1 579 572.1 556 546.9 541 534.9 542.4 552.9 577.1 597.2 610.8 615.9 615.6 620.5 631.1 635.6 635.8 628.5 619.8 615.1 610.8
275.6 279.1 284.3 290.7 299.2 305.5 315.2 324.2 331.1 336.7 343.4 352.3 362.9 373.1 384.5 391.6 398.2 405.2 410.6 418.5 422.6 429.8 440 451.2 466.3 479.9 487.3 503.4 522.5 544.4 563 587.5 614.7 640.7 658.4 678.7 693.9 706.6 712.2 720.4 718.2 700.3 675.4 661.8 661.5 664.7 661.2 665 652.7 636.4 615.5 607.6 603.4 598.1 578.4 561 552.6 549.7 562.7 574.5 573.9 551.2 535 526.9 523.7 524.2 534.1 546.3 566.2 581.1 590.9 593.4 590.6 598 610.4 613.5 612.8 611.5 607.1 603.1 596.1
273.9 280.7 288.2 294.6 303.2 315.1 323.5 331.8 338.3 341.3 349.7 358.5 368.3 380.6 384.5 389.8 398.5 407.8 418 424.1 429.2 434.5 443 453.7 463.9 471.7 479.1 490.4 510.3 531.7 551.7 577.1 607.5 638.2 662.6 685.3 703 707.8 721.2 744.1 758 763.4 758.3 750.6 743.5 729.5 727.9 718.6 695 676.8 658.2 647.4 650.5 633.8 618.2 599.2 575.9 563.6 553.2 557.5 549.2 525.5 513.9 510.1 517.3 518.8 526.9 538.1 552.5 564.2 565.9 566.1 567.9 575 585.5 589 591.8 592.3 591.1 586 578
275.8 285.3 291 300 310.1 324.5 334.9 342 342.8 349.5 357.2 366.9 377.5 383.9 391.3 400.1 409.8 417 420.8 426.8 433 437.1 445.9 453.9 461.3 467.3 473.7 485.2 503 520.2 540.2 568.5 598.8 632.7 657.7 685.1 700.4 713.2 734.7 765.7 801.5 834 834.1 822.7 821 818.8 806 774.6 744 712.3 702.9 693.7 666 635 616 597 576.1 555.2 542.3 542.9 525.5 508.1 501 501.1 508.7 509.7 517.2 527.4 541.3 548.7 544.2 543.5 544.7 548.4 553 563 569.4 571.9 571.7 566.5 560.5
279 285.9 294.5 304.9 316.4 332.7 338.6 342.4 346.5 356.9 364.3 375.9 384.8 392.6 398.9 405.6 411.6 418 427.5 432.3 436.9 442.3 450.1 457.7 462.4 465 469.5 479.9 498.1 514.6 528.7 558.4 591.8 624.2 654.7 689.9 703.2 717.5 742.6 780.9 823.7 865.2 874.1 866 869.3 858.6 830.3 807.3 769.4 736.7 712.1 683 644.5 620 599.2 581.9 565.9 546.2 527.6 521 499.8 495.3 494.3 500.5 499.8 500.6 507.5 515.3 525.3 525.7 527.1 526.2 527.3 526.8 527.8 532.9 541.7 548.1 552.2 551.6 547.6
