app/static/ascii/NG95.asc
ncols 200
nrows 200
xllcorner 190000
yllcorner 850000
cellsize 50
[rows 0 to 34 of 200, columns 0 to 79 of 200]
334.7 329.6 325.4 322.8 320.5 318.2 316.9 317 316.1 314.8 314.9 315.3 314.9 315.7 315.9 315.6 313.6 311.5 311.2 312.5 308.6 305.8 308.9 311.6 311.5 311.7 314.7 317.8 320 322.6 324.2 325.6 326.9 325.5 326.9 330.9 333.5 336.6 339.1 343.4 352.3 360.6 363.2 371.6 370.2 364.6 363.7 369.5 363.7 362.2 364.6 366.1 366.9 370.6 366.4 366.8 367.3 369.8 374.2 381 385.5 389.7 397.4 409.6 420.1 427.2 453.8 480.7 500.2 523.7 551.5 581.1 593.9 622.5 640.1 663.8 684.8 716.4 731.8 750.1
319.6 315.4 311.1 310.9 308.7 306.9 305.8 305.9 307 307.4 307 306.8 306.3 307.3 310.6 310.3 311.9 309 305.6 303.1 302.7 302.3 301.4 304.4 306.1 307.7 311.9 312.6 312.6 317.6 319.7 321.9 324.2 322.6 324.9 330.1 334.3 338.3 340.5 342.1 354.6 357.6 364.4 369.3 361.6 351.9 351.1 362 356.8 363.6 365.7 364.7 363.8 364.2 363.4 361.8 363 362.9 368 375.5 379.2 385 392.2 403 411.1 419.3 440.8 464 482.2 505.1 530.7 556.3 574.6 593.9 619.9 632.1 653.2 675.5 694.2 713
304.4 301.5 298.4 296.9 296.7 295.2 296.3 297.6 298.8 299.2 299.3 299.3 298.2 299.1 305.1 304.8 305.8 303.7 300.6 299.5 299.9 300.1 299.9 300.7 300.3 301.3 305.4 308.8 308.6 313.2 316.8 321.2 321.9 323.6 325.4 331.1 335.5 336.9 339.5 342.5 350.7 356.1 360.5 358.1 351.1 351.1 351.1 354.3 353.5 352.1 351.1 351.1 351.1 351.1 359.9 359.3 359.3 358.8 366.2 377 374 377.2 382.4 393 397.3 408.6 422.4 444.3 468.4 485.6 512.3 538.3 554.4 568.7 592.4 611.4 624.2 637.5 653.2 678.5
291.1 291.2 289.2 287.2 287.3 285.2 286.6 287.4 289 288.9 289.8 287.8 291.4 294.6 294.7 294.3 300.8 301.3 302.1 297 294.1 297.4 298.7 299.4 298 298.8 305.1 308.4 302.5 311.3 313.4 319.5 323.5 324.8 325.8 330.9 334.3 339.3 343.9 342.5 347.1 349.1 356.9 351.1 351.1 351.1 358.5 361.1 364.7 360.1 363.1 356.6 357.9 355.6 356.6 361.1 364.5 358.8 366.7 367.3 371.5 372.3 375.6 382 386.2 395.5 412.3 426.6 456 466.2 491.7 512.2 532.2 553.5 563 582.8 601.2 611.2 621 639.7
281.9 281.8 277.6 275.8 276 273.7 277.3 279.3 279 279.3 280.6 281.1 289 290.9 290.6 288.4 291.5 297 300.2 294.6 291.9 294.3 297.8 304.7 297.6 296.6 298.6 300.4 301.3 305.4 311.7 317.2 321.7 324.9 333.6 339.2 338.5 341.7 347.1 349.1 351.2 354.3 351.1 351.1 351.1 351.1 359.5 363.4 367 370.5 370.3 368.1 365.9 363 362.1 362.3 362.6 358.8 363.7 365.3 367 369.3 371.2 376 382.1 391.1 403.2 417.6 449.6 454.5 467.5 487 502.8 531.7 549 556 573.5 585.3 592.6 610.1
269.9 267.6 262.8 260.8 261.2 264.3 268.2 270.7 273 273.2 274.4 276.4 279.9 283.3 284.5 285.5 287.7 290.4 289.8 285.6 289.7 293.3 294.3 298 294.8 296 294.9 297.1 298 302.2 309.6 318.6 322.8 325.9 336 341.2 340.3 345.7 349 352.4 357.1 351.1 351.1 351.1 351.1 353.3 362.5 366.3 372.5 382.8 379.8 378.1 372.6 369.3 368.4 364.9 363 358.8 358.8 364 362.3 366.1 368.8 372.9 378.7 392.1 403.6 417.5 433.4 448.7 453.6 463.9 476.9 502 520.6 533 549.6 559.7 563 576.5
253.8 253.6 248.4 248.6 253.1 257.1 258.1 260.9 265 267 264.9 268.4 270.3 274.5 276.9 283.8 285.3 282.8 281.3 291.5 289.2 295.1 294.3 294.5 295.6 297 297.9 300.2 300.5 301.6 314.1 323.5 324.7 328.8 336.2 340.4 342.2 348.4 353.2 361.8 362.5 357 355.4 354.7 353.1 358 365.2 368.8 380.4 390.2 386.5 383.2 379.5 375.6 371 370.2 366.7 363.8 363.4 364.6 362.3 362.9 368 377.5 380.1 395.3 398.2 411.6 418.3 435.8 446.9 449.2 455.3 470.8 495 513 524 528.4 536.7 551.1
241.7 242 241.9 243 244.9 248.1 249.7 253.1 257.4 259.7 260.3 259.7 262.4 267.4 268.1 271.6 274.3 278 284.4 294.3 290.7 291.3 294.4 297.4 299.6 299.1 299.6 301 302.3 306 316.8 324.5 325.5 330.8 339.4 342.9 349.4 358 367 364.7 373.3 365.4 367.1 364.6 362.4 367.9 369.7 372.8 375.4 391.7 390.5 387.1 384.9 381.8 378.5 376.3 375.8 377.4 378 374 368.4 365.3 366.6 373.6 388.5 393.5 393.9 404.8 410.7 414.6 437.2 441.2 443.8 454.8 472.9 488.8 495.8 499.8 511.1 528.9
235.8 240.3 241.2 242.9 243.5 244.6 248.1 256.6 252.4 259.1 261.5 265.8 274.2 275.8 277.4 277.4 279 280.2 286.1 294.6 292.7 296.1 298.7 301.3 302.6 301.4 301.9 301.9 305.5 310.6 320.6 325.7 329.6 334.5 340.2 347.2 352.5 364.7 371.5 366.8 370.5 372.5 374.1 371.6 375 380.5 382.3 383.3 386.2 394.1 392.7 391.2 386.7 384.2 382 386.3 391.7 388.1 380 378.2 374 371.6 369.3 372.2 387.5 391.3 392.7 400.6 403.7 402.8 420.5 433.9 440.8 442.4 447.4 461.1 469.8 477.7 488 503.2
236.9 240.3 240.3 241.5 241.8 245.7 247.4 250.9 255.4 261.9 263 265.6 276.8 280.3 276.8 283.3 282.2 280.1 290.3 292.5 297.8 299.7 303.2 305 306.1 306.3 304.3 305.8 307.7 314.1 324.2 332.1 337.1 342.4 349.2 353.4 364.4 378 372.7 366.7 368.4 376.4 378.2 379.9 386.9 391.3 389 389.2 393.3 397.2 400.8 396.9 391.1 390.9 389.9 391.8 399.1 393.7 383.6 379.5 377.4 373.5 371.3 372.1 382.2 385.5 387.4 390.7 399 399.4 405 415.9 433.2 443.8 443.1 444.2 447.3 451 462.3 478.3
235 234.8 239.1 241.9 243.3 248.2 251.5 254.2 254.4 265 266.9 265.9 272 278.3 276.8 280 282.5 288.4 289 297.7 302.1 310.5 310.3 310.9 309.4 307.3 307.5 309.6 312.9 319.5 330.7 339.9 346.9 354.8 359.4 363.9 377.9 380.2 370.9 368 370 377.1 384.3 392.2 392.1 394.6 396.2 403.1 400.9 400.7 404.6 403.6 405.5 403.4 413.3 413.5 406.6 398 391.4 387.7 386.9 387 379.6 371.7 380 382.2 384.3 390.4 394.1 393.4 395.3 403.8 415.2 432.3 435.8 435.3 433.6 435.4 442.1 450.8
232.7 238.2 240.7 243.2 250.8 255 259.9 259 263.5 266.7 275.3 275.9 274 276.4 281 281.1 284.7 295.1 298.4 303.1 307.8 314.6 315.3 318.7 316.9 314.2 316.1 318.2 319.4 330.7 337.1 351.2 362.1 368.4 377.8 380 385.2 379.1 370.2 371.1 376.7 386.8 393.4 397.2 401.2 401.1 402.3 403.5 408.3 415 418.3 414.8 411.3 413.9 418.2 422.5 420.5 411.1 397.6 399.8 397.5 394.1 388.2 382.7 379.3 381.6 384.1 389.6 392.1 390.9 391.3 395.3 403.3 413.4 421.9 425.9 422.5 423.5 427.5 430.3
241.9 246.3 248.5 259.4 258.9 265.9 272.3 272.9 277 277.4 280.4 283.6 286.6 286.8 291.6 289.4 295.8 303.1 311.3 312 319.6 324.9 323.6 324.1 323.8 322.6 325.4 324.4 332.1 341.2 355.1 365.4 382.4 387.9 392.9 394.3 390.3 382.2 376.5 380.6 391.7 401.1 403.7 404.3 407 410.2 411.8 418.7 436.6 440.9 438.5 432.6 423 425.3 433.8 436.2 430 424.3 417.3 416.2 411.9 404.5 397.6 386.6 382.2 378.5 378.5 382.8 390.8 390.9 390.5 394.6 394.3 401.9 406.3 408.2 410.8 408.6 408.8 409.7
252.1 256.5 261.2 261.9 271.5 280.2 286 285.1 285.9 287.5 289.8 293.6 300.3 302.4 305.4 307.4 303.9 308.8 316.5 324.4 329.1 331 332.1 332.1 330.2 333.8 333.6 333.7 338.4 355.8 372.7 389.4 393.4 398 400.1 399.8 396 390.5 392 405.4 416.4 420.7 423.5 424.4 429.1 436.7 445 453.3 451.2 454.6 449 447.7 443.3 448.8 448.8 444 437.1 430.6 428 422.2 419.6 415.7 408.4 397.9 390.8 385.9 378.5 378.5 378.5 383.3 386.5 391.9 393.1 394.7 393.6 393.3 394.1 396.5 397.1 398.6
259.6 266.2 271.1 274.7 278.7 283.4 292.7 294.4 298.2 303 309.2 312.7 313.5 318.2 322.4 323.6 323.1 324.2 329.3 332.6 332.8 340.2 341.5 339.4 338.4 338.8 343.5 348.5 354 375.6 396.8 399.3 401.6 402.5 403 402 402.8 405.2 412.1 424.1 440.2 447.3 450.3 454.1 457.3 461.3 463 464.5 470.6 470.7 468.2 463.3 458.4 464.2 466.8 455.4 444.3 436.6 432.5 429.1 424.1 422.5 416.5 409.1 403.2 396.2 392.2 388.7 381.6 378.5 375.9 380.3 384.3 388 387.7 386.6 386.2 388 386.7 390.3
270 275.7 284.8 291.6 295.9 300.1 301.3 306.2 312.6 320.4 327.6 327.7 333.1 336.3 338.2 338.9 337.6 342.1 343.9 341.6 343.8 347.4 350.6 348.6 347.6 350.2 356.3 371.3 384.3 393.1 407.1 409.3 409.9 409.9 406 403.4 406.9 412.4 423.2 441.8 455.9 457.6 461.6 466.4 473.6 478.4 478.6 477.5 482.1 486.8 487.5 481.3 480.3 481.2 475.8 471.5 465 456.2 443 438.4 439.8 431.2 425.7 418.1 410.5 404.1 397 391.9 385.8 380.5 375.5 372.3 375.5 376.6 375.7 375.7 376.4 377.1 378.1 381.7
290.5 297.4 307.8 314.8 316.2 314.6 314.5 316.7 321.9 329.2 337.1 343 345.3 348.2 350.5 352.4 354.2 357.7 360.4 360.1 359.7 362.6 367.3 366 364.8 365.2 388.8 396.8 404 413.4 419.3 421.7 423.6 423.5 414 408.4 409.8 415.3 433.2 452 457.3 463.6 472.3 480.7 487.7 500.1 502.8 502.5 502.3 501.2 496.5 491.4 493.3 487.4 482.9 479.4 471.5 465.1 458.5 453.4 448.9 441.4 436 431.2 426 414.5 403.3 397.9 392 386 379.1 374.1 371.5 373.4 375.1 372.5 369.7 371.4 370.5 371.7
313.6 320.3 331.6 333.6 330.3 327.8 327.9 333.5 339.3 345.8 354.6 361.8 364.4 365.2 364.7 367.9 369.6 368.6 372.8 375.2 378.8 381.3 384.2 385.3 386.2 397.2 409.9 419.1 432.8 437.6 438.3 431.8 432.8 427.7 421.4 414.3 415 422 435.7 451.9 463.7 480.7 486.7 495.8 512.5 519.2 518.3 514.5 510.8 507.9 501.9 498.9 497.5 490.9 487 485.1 476.8 471.3 467.1 461.9 455.1 447 441.9 438.2 432.6 427.6 418.6 410 407 398.2 390.3 381.4 376.4 375 373.2 373.1 377.1 378.2 374.7 368.9
339.6 348.4 354.2 354.8 351.1 350.7 351.7 360.4 366.3 370.1 373.3 375.9 378.9 380.9 384.4 385.7 387.1 386.9 385.3 387.7 390.4 397.1 407 418.5 424.2 438.8 446.9 451.9 453.8 460.5 451 435.7 435.3 431 426.5 421.1 421.9 429.2 437 453.2 478 496.8 504.7 513.5 526.8 530.2 528.3 523.6 519.9 514.9 511.8 503.5 503.3 500.8 494.2 490.4 483.9 476.8 471.6 466.1 463 454.2 448.9 443.4 437.8 430.6 426.5 420.4 416 405.9 397.5 390.7 384.9 380 377.7 380.8 379.8 381.4 378.2 374.8
357.4 364.2 372.6 376.1 375 377 381.2 384.2 385.6 385.6 387.5 390.2 392.8 396.4 397.4 398 405.7 410.1 413 410.6 418.6 428.1 439.4 445.5 463.7 478.3 482.2 483.1 478.3 471.1 455.7 445.6 444.1 436.3 431.4 426.8 425 429.9 438.1 463.8 489.9 507.3 515.8 524.1 532.7 535.7 534 531.8 527.9 523.5 521.7 513.6 513.4 511.5 506.4 503.3 495.4 486.4 480.4 477.1 475.7 468 459.3 453.7 448.5 438.9 431.1 426.5 422.9 418.6 412.3 403.1 396.9 386.6 382.4 384.4 382.1 383.5 380 377.1
374.4 383.7 390.5 393.8 396.9 400.8 402 404.7 405.8 405.4 404.4 409.4 409.7 412 414.6 420.7 426.9 431.6 436.1 437.5 441.5 452.4 462 477 485.6 492.3 499.2 497.6 484.5 468.7 460.3 451 454.5 449.3 439.2 437.8 434 435.6 448 472.8 488.6 511.8 522.7 532.9 537.7 539.8 537.9 535.8 531 527.4 525.5 525.1 524.1 520.1 520 514.4 509.2 501.2 488.6 484.8 500.2 495 481.5 468.6 460.5 453.4 447.9 443.7 437.9 429.8 423.7 416.7 407.9 401 398.3 390.9 387 385.2 383.8 380.9
396.6 407.2 410.8 407.8 408.3 412.7 414.6 416.4 418.3 421.2 419.9 425.9 433.7 436.4 438.9 443.2 448.2 460.6 466 466.3 472.1 472.1 484.5 494.8 495 498.4 503 500.7 484.8 472.3 463.2 462.7 462.1 463.7 459.7 475.2 465.3 467.8 468.5 478 492.2 508.4 522.4 539.2 547.5 547.7 544.8 540.6 537.6 537.1 537.2 533.2 531.1 531.6 528.6 524.2 518 514.2 505.3 506.9 535.9 525 505.2 490.9 478.5 470.5 473.1 464.9 456.9 448.5 442.4 434.4 425.8 414.4 408.6 402.7 397.7 392.8 388.2 385.5
414.3 419.2 422.6 424.4 430.3 432.3 431.4 432.3 431.6 432.8 439.4 447 450.3 453.9 456.9 460.7 463.9 474.8 483.2 483.6 486.6 492.8 496.6 503.7 509.3 514.9 517.7 505.7 483.8 475.3 471.2 471.6 467.4 469.3 473.7 482.4 487 481.7 479 482.8 496.5 508.5 517.8 540.5 553.1 554.7 551.9 547.8 543.4 548.2 543.8 545 544.9 540.4 536.8 533.6 530 527.6 520.7 531.2 548.7 545.4 527.9 513.3 503 498.8 503.4 494.4 489.3 477.4 466.7 456 447.9 436.8 429.1 427.6 418.3 414.8 410.7 404.7
423.9 425.8 434.2 439.2 444.7 446.1 446.5 450 448.1 447.4 448.4 452 456.7 460.2 465.2 468.1 473.2 485 494.9 496.6 496 507.8 514.7 516.7 525.7 531.9 520 497.4 481.2 476.6 477.1 477.5 480.1 483.5 490.7 496.4 499.6 495.8 489.6 488.2 503 512.6 522.7 540.4 549.9 552.2 551 550.1 548 549 553.1 550.4 549.1 544.1 543.7 546.7 547.8 539.5 538.6 543.7 552.2 550.5 541.9 529.2 530.5 527.4 517.5 514.7 511 499.5 485.7 475.9 466.7 458 446.9 443.8 439.3 438.2 436 430.6
433.2 436.2 446.9 453 454.7 456.8 460.4 462.8 464 464.4 461.1 462.9 466.5 467.3 471.9 474.1 481.3 493.5 499 505.5 515.4 523.3 529.8 528.5 533.7 533.5 514.3 497.7 484.5 481.3 479.7 483 492.6 495.8 501.5 506 507.8 508.3 499.9 497.4 503.3 511.2 531.9 539.4 544.6 547.3 548.1 550 550.5 552 553.9 554.2 549.9 551.6 550.2 558 556.4 553.2 555.5 552.4 549.5 547.1 546.7 540.5 537.5 537.8 538.9 541.9 531.7 516.5 505.4 505.8 501.3 484.4 472.7 462.9 460.6 463.8 463 461.7
440 443.9 448.8 462.5 473.6 482.9 487.6 486.3 484.5 482.7 483.7 481.2 480.4 483.2 489.9 493.5 503.7 509.7 515.3 523.4 530.1 534.1 536.9 539.9 541.3 529.6 512.6 499 490.5 487.8 491.2 497.7 505.3 508.7 507.5 511.5 518 516.9 515.6 503 508.9 524.3 530 532.9 539.4 541.9 549.8 553.9 556.5 557 560.1 561.1 561.8 564.7 564.5 564.4 564.3 564.1 558.5 555.7 557.6 565.1 559.2 553.9 554.4 553.7 558.4 555.3 546.3 533.9 526.6 533.2 529.6 508.8 495.1 487.9 483.2 495.6 499.4 494
450.1 449.7 465.5 475.9 489.8 496.4 499.4 502.3 504.9 515.7 521.6 519.2 517.9 514.1 516 517.8 520.4 522.3 527.2 534.1 541.5 542.6 546.7 549 541.2 523.7 510.2 502.4 497 491.7 497.5 501.7 511.4 519.2 521.1 520.1 518.6 518.6 518.7 510.5 518.6 521.7 523.6 524.4 532.6 536.2 551.3 558.5 566 568 571 572.7 576 576.5 576 573.3 577.4 582.8 579.9 577.5 575 575.1 573.6 585.5 577.3 574.2 572.6 567.5 565.3 556.5 546.9 541 534.6 531.5 521.2 511.1 506.3 510.8 515 526.2
462.4 464.7 470 484.6 495.4 497.6 501.7 508.1 518.9 532 539.6 542.9 543 537.6 534.2 533.6 532.9 532 534.4 542.5 547.2 548.7 552.8 550 539.4 521.3 513.5 508.8 503 502.1 501.9 507.9 518.1 530.8 536.1 536.8 530.8 522.1 517.3 517.7 513.7 514.9 515.8 519.9 527.1 533.2 552.9 563.9 572.5 582.5 586.6 585.9 592.2 591.5 590.2 592.6 595.8 604.7 605.5 595.9 597.8 601 598.1 598.9 593.4 588.1 588.3 589.6 583.5 573.8 570 559.6 550.8 545.6 543.2 534 527.4 537.9 550.1 565.3
470.9 473 479.1 493.6 495.2 501.3 526.3 531 532.6 538.2 554.5 558.5 560.6 558.1 554.8 551.2 546.5 543.7 551.9 552.4 556.2 556.8 553.9 546.4 531.4 526.5 522.3 518.6 515.6 513.4 514.4 514.4 523.7 532.6 539.6 540.1 540.3 531 522.1 518.4 515.6 513.2 517.4 520.8 523.4 532 552.5 561.9 576 591.1 606.8 615.6 615.6 616.5 616.2 620.8 624.6 626.1 622.2 611 607.8 606.3 606.9 605 608.7 606.7 610.5 625.2 620 606.4 598.9 581.1 575.2 572.6 570.8 562.9 553.5 568.6 582.7 594.7
476.9 478.5 484.5 496.5 497.3 507.4 533.2 542.9 550 558.3 564.8 568.5 569.8 572.2 576.6 580.3 573.9 567.2 566.9 569 567.3 562.2 555.6 546.2 539.1 535 532.3 525.9 521.3 521.1 516.5 518.4 524 530.3 535.2 538.5 537.1 534.5 526 517.9 514.9 513.2 513.2 521.3 535.1 536.2 546.8 555.9 570.8 589.4 614 622.9 627.9 633.3 645.8 661.6 662.4 658.6 635.2 631.4 626.8 627.6 623.4 619 631.3 636.8 650.1 666.5 662.1 647.5 632.4 613.3 606.5 599 589.7 586 582.1 592.4 603.7 616
480.1 482.8 486.1 494.2 508.5 524.7 542.9 547.9 560.5 568.6 572.1 577.4 586.8 588.6 592.6 593 589.5 592.2 597.8 589.2 583.6 568 557.2 550.2 547.1 542.9 538.8 534.9 536.8 532.3 525.2 524.8 527.9 530.1 534.3 539.3 539 534.9 530.1 520.9 516.6 515.6 526.7 527.5 534.2 535.7 543 550.1 566 587.1 611.5 634.9 647.6 666.2 677.7 687 692.5 688.1 659.8 648.5 647.1 640.9 640.1 645.6 656 676.3 692.4 702.7 707 699.8 689.7 667.4 631.9 612.3 608.6 603 597.7 610.8 621.8 627.4
484 485.7 492.6 511.2 534.1 547 550.3 557.9 564.7 575.8 585.2 601 606.7 604.1 606 611.1 615.5 616.9 610.6 600.5 581.5 565.9 561.2 559.7 557.6 551.8 546.1 545.7 548.4 549.8 545.6 538.4 537.6 539 540.4 544.5 549.3 544.4 539.1 529.7 528.2 531.8 529.3 527.8 531.4 532.7 539.1 544.7 567 588.2 616.7 647.2 684.5 703.4 711.8 716.6 712 696.6 676.9 671.3 664.9 659.7 664.7 671.2 677.9 701.5 731.9 746.3 749.6 753.7 738.5 741.2 667 636.3 622.7 618.8 613.4 616.2 627.2 669.4
492.2 505.7 516.9 531.5 549.1 556.7 556.3 563.3 571.6 578.5 592.2 602.4 610.5 611.7 617.3 629.8 639.9 638.6 622.2 599.1 583.1 572 571 572.4 570 561.7 555.7 562.5 566.8 570.4 566.1 564.2 562.7 562.2 556.9 553.1 556.1 556.7 547.6 538.7 532.3 536.2 532.5 527.8 527.8 532.5 540.2 545.3 568.7 595.1 623.4 666.2 710.2 738.8 754.8 757.3 739.7 705.3 678.5 671.5 674.9 677.5 677.3 684.5 702.4 741.4 771.9 788 795.7 798.1 790.7 798.7 731.7 658 635 623.4 618.2 625.3 651.1 705.4
518 522 532 542.7 551 556.9 559.6 565.2 571.5 581.7 595.4 607.2 613.5 619 630.5 646.6 650.6 649.5 631.3 614.9 600.8 594 583 588.4 590.1 588.6 587.9 593.1 598 601.4 605.3 604.7 596 593 584.9 575.6 576 570.8 558.4 553.7 533.7 529.9 528.1 528.1 528.3 534.6 536.9 549.2 573.7 608.6 629.7 680.6 730.5 765.4 791.7 795.2 755.4 727.3 690.3 684.8 686.7 685.2 695.7 708.7 749.5 799.3 802.6 831.7 841.1 841.5 835 838.8 778.2 700.1 659.4 636.7 631.6 644 676.5 732.1
535.9 546.7 550.6 553.4 553.5 555.8 558.4 566.6 574.5 584 600.9 612.4 620.3 636.8 644.3 651.9 660.9 659.3 657 646 628.7 616.3 606.9 605.6 618.2 643.9 653.2 644.4 646 657.5 668.1 691.9 693.1 672.2 645.5 612.3 602.7 599 578.2 566.9 543.9 532.5 528.1 529.6 531.1 536.6 537.8 552.2 582.8 613.6 639 701.5 750.1 790.9 826.1 823.5 779.6 747.2 714.4 705.9 704.4 700.5 720.5 751.5 804.7 842.8 852.4 870.3 897.4 901.6 877.1 867.1 824.6 754.6 686.1 660.3 655.4 674.8 703.3 768.9
