app/static/ascii/NG96.asc
ncols 200
nrows 200
xllcorner 190000
yllcorner 860000
cellsize 50
[rows 140 to 174 of 200, columns 0 to 77 of 200]
453 447.5 444 440.4 438.9 439 432.4 431 428.7 423.9 423 420.4 421 417.9 412.5 406.8 401.1 394.7 386.5 379.8 376.5 373.1 365.9 362.4 357.3 351.5 342.5 333.8 332.2 324.4 324.5 318.2 316 313.9 312.1 317 325.5 316.1 309.6 310 308.8 310.8 312.1 312.1 312.3 312.3 314.9 321.4 320.5 322.7 327.9 333.3 339.6 349.7 366.7 390.8 430.9 453.7 453 451.5 451.8 452.1 447.7 442.6 438.8 437.3 432 426.1 409.9 394.7 384.4 377.2 361.1 346.1 336.3 330 322.6 319.9
456.9 452.4 448 446.4 447.4 442.3 438.7 431 428 429.8 423.8 423.2 419.6 417.6 413 405.4 400.5 398.3 391 382.7 380.1 371.2 367.2 363.9 363.1 352.6 350.9 344.4 336.7 328.2 324.5 321.5 318.1 316.9 321.2 317.5 322.6 324.7 319.5 317.3 311.3 313.6 314.1 315 314.8 312.6 315.9 323.2 327.7 325.7 334.3 339.6 345.4 357.8 366.6 390.8 436.5 456.7 451.4 445 446.9 447.6 436.9 428.4 429.4 422.9 417.7 402.6 392.2 377.1 369.8 359.2 349.1 336.5 327.5 322.4 320 317.9
454.3 452.5 447.4 447.4 445.3 444 436.2 433.7 431.5 428.6 424.3 421.4 425.5 420.4 413 406.9 401 394.8 388.8 381.8 374.5 371.1 364.8 363.6 362.8 354.5 347.5 341.4 337.7 332.2 334.1 332.9 322.4 319.9 330.5 323.8 318.4 319.9 321.9 325 324.1 319.4 319.4 317 314.2 313.6 317.2 321.3 326 328.7 337.5 343.6 352 363.6 374 395.3 439.8 455 452.9 446.1 440.1 437.6 433.7 422.4 419.6 416.2 406.4 390.4 378 370.9 357.7 354.7 347 334.2 321.6 315.7 318.9 311.8
452.9 449.9 446.8 449.3 443.7 444 441.2 434 432.6 428.2 422.7 421.8 420.2 411.5 409.4 406.4 399.2 391.8 385.6 380.7 380.5 376.9 373.1 371 366.1 356.7 359.4 344.8 344.7 340.6 339 337.9 331 334.9 337.5 326.7 318.8 319 318.3 321 320.4 319.6 321.1 317.8 318 313.3 314.7 318.3 327.4 331.3 342.1 350.7 359.5 368.1 378.8 423.6 435.8 453.7 450.7 441.4 436 432.7 429.1 418.2 415.2 405.4 390.9 376.9 365.3 357.6 350 344.3 336.5 326 316.1 312 316.2 310.4
450.7 448.6 447.6 445.6 443.7 440.9 437.9 432.1 432.6 424.8 420.3 416.9 413 409.4 409 406.8 396.8 392.5 384.7 382.4 383.4 383.6 379.6 373.4 363.6 361.9 356.6 351.2 348.4 346.6 342.7 338.2 333 334.7 339.8 333.7 328.1 325 321 318.8 320.2 318.7 321.5 323.4 319.5 323.7 316.1 318.2 324.9 335.4 345.8 351.7 362.2 370.3 381.9 425.9 433.4 442.5 440.8 436.9 428.3 422 417.6 413.1 406.9 393 376.8 366 357 346.7 345.5 340.2 331.1 324 318.3 310.3 309.2 308.5
446.9 443.5 440 440.9 437.1 434.1 435.4 432.9 424.8 421.5 418.7 414.2 412.9 408.5 409.3 405.9 402.3 395.5 386.7 386.9 387.4 387.2 382 369.7 367.6 362.2 359.2 356.4 348.8 346.5 343.4 338.1 327.1 328.3 330.2 334.2 331.4 328.6 328.8 327.7 322.2 320.8 318.7 318.4 318.4 325 319.5 320.7 327 337.8 346.6 353.5 362.4 369.4 379.8 420.7 427.3 433.5 433.6 429.6 423.4 414.2 408.3 399.5 393.5 380.8 367.1 357.5 347.7 341 339.8 339.8 325.6 321.3 317.3 314.9 309.5 307.8
444.1 439.1 435.4 439.9 438.1 432.4 428.4 429.1 423 423 418.3 413.4 412.3 412.3 409.8 403.9 402.2 392.8 391.4 391.3 389.3 386.4 376.8 379.4 374.2 367.8 360.6 361.8 350.9 347.8 352.1 346.6 331.5 327.1 327.1 327.1 327.1 329.2 329.7 328 328.9 329.5 329.1 320.5 318.4 322.9 322.9 324.7 331.6 339.2 346.9 353.2 362.5 368.8 374.5 406.5 415.5 425.8 426.1 423 414.8 408.1 402.8 395.1 384.9 373.1 362 349.3 340.8 336.3 337.4 332.1 325.7 320.4 317.5 310.6 309.7 308.3
440.8 434.4 430.2 431.6 433.5 427.7 425.8 425.2 420.1 421.4 421.8 413.4 412.7 412.8 408.2 405.5 398.2 395.4 394.2 393.1 388.9 384.1 386.4 381.7 382.1 368.2 367.9 365.6 361.1 359.5 357.4 356 348.8 343.6 336.8 330.7 329.8 328.7 328 326.1 331.6 336.8 331.7 330.1 328.7 327.9 323.2 330.2 332.5 341.6 348.7 352 360.4 366.1 371.5 382.6 401.9 417.2 418.7 414.6 405.8 402.1 396.2 388.8 377.3 368 354.7 343.9 339.7 332.5 330.2 329.7 318.9 318.6 319.2 312.6 317.4 312.2
435.6 428.8 430.5 426.4 423.9 421.5 421.4 422.1 417.9 422.2 422.5 413.8 410.7 408.5 406.8 406.4 400.1 397.2 395.5 390.9 386.6 387.9 386.7 385.2 386.4 378.1 371.1 368 364.8 366.5 358.8 355.9 355 345.8 340 334.8 332.9 331.7 333.2 329.1 328.2 330.1 329.8 330.2 329.6 328 326.5 331.7 334.3 340.2 347.5 355.5 358.9 363.9 370.4 382.4 396.8 406.1 410.5 404.4 399.5 396.6 390.5 381 369.9 358.9 349.3 342.4 336 329.6 324.7 322.5 324.1 320.2 318 318.8 319 317.9
426.5 423.3 425.7 418.1 415.9 415.7 419.2 416.3 415.4 417.5 417.3 414.1 411.3 405.6 406.2 404.8 402.6 398.3 395.9 389.7 390 389.5 389.7 387.9 384.2 385.1 378.1 370.2 369.4 368.1 360.8 358.6 360.1 353.9 342.5 339 337.6 336.8 333.2 330.4 329 329.4 329.8 333.4 333.1 331.5 333 336.2 336.9 341.7 347.6 355.8 358 362.2 367.9 379.5 392 398.4 397.8 394.8 392.8 389.3 381 373.2 361.1 351.4 344.2 340.2 332.1 328 322.9 320.5 321 322.6 318 318.9 320.2 321.3
424 422.8 417.8 415.5 416.6 415.7 415.8 413.3 413.1 413.6 414.6 410.1 405.8 405.2 404.5 405.6 404.4 397.6 397.1 396.5 392.2 392.3 390.5 389.5 386.4 385.1 381.7 379.9 376.1 367.5 363.4 359.6 359.8 358.9 351.7 345.9 343.2 339 337.3 339.8 335.4 330.5 337.5 338.2 336.4 333.3 335.3 344.5 342.1 348 348 351 354.3 358.3 366 375.7 385.3 387 389.5 387.2 384.6 379 376.2 367.1 353.1 346.4 340.8 337.1 331.8 326.9 322 322.1 322.9 321 320.5 321.4 320.4 320.3
424.2 419 415.8 414.7 415.1 419.4 418.1 413.4 413.4 414.6 414.1 412.6 406.5 405.6 405.4 404.2 401.9 398.7 399.3 400.8 398.3 392.1 392 393.4 393.9 384.5 382.3 379.9 380.4 376 370.8 366.7 361.5 361.4 358.5 351.8 346.6 341.5 344.7 340.1 339.5 339.5 342.9 344 342.7 338.1 343.3 340.2 339.4 343 344 347.6 349.6 355.8 367.3 372 378.2 382 382.6 382.3 378.4 372.2 370.4 360.7 349.6 339.2 337.2 334 329.9 329 326.3 329.8 324.8 323.3 322.2 322.5 321.7 321.4
421.1 416 415.3 414.9 414.6 415.6 417.4 414 413 411.7 413.5 409.3 408.5 406.2 404.6 402.7 408 401.4 400.9 403.8 400.2 396.6 392.6 394.1 395.2 389.9 382.7 380 377.5 374.4 370.1 368.9 364 359.4 359.7 354.3 352.7 347.8 348.9 340.2 343.3 344.2 347.8 348.4 347.4 346.3 348.8 349 342 340.1 347.6 344.9 347.7 357.2 365.2 370.7 374.1 373.4 375.5 377.6 373.4 368.8 364.9 356.9 347.9 338.6 334.4 332.4 329.6 328.3 329.4 332.5 328.1 325.1 326.9 324 324.1 323.2
420.2 416.5 415.2 414.8 414.6 415.2 414.4 412.5 412.6 410.9 410 408.4 408 408.5 406.6 404.4 407.2 406.8 406.2 404.2 404.4 403.9 399.5 394.8 395.4 391.9 389.2 385.1 376.9 374.1 367.7 366.1 364.2 359.2 355.7 354.2 355 349 354.7 348.2 346.5 347.8 351.6 351.3 350.8 350 349.9 347.5 343.9 342.1 347 345.2 350.1 356.3 362.1 364 364.8 368.4 370.5 367.7 365.6 361.5 359.8 354.1 346.8 338.1 336.4 332.7 333.7 333.1 332.4 330.5 330.6 328.5 327.7 326.2 325.9 330.3
424.7 421.1 418.1 415 414.3 414 414.4 414 411.9 410.6 411 407.4 408.9 410.2 409.5 407.2 409.4 410.5 410.6 411.6 408.9 406.1 403.5 396.5 396.3 392.4 390.1 384.9 378.6 375.8 366.5 364.8 363.7 364.2 360.4 355.6 355.6 352 358.4 357.3 354.6 350.8 355.8 352.8 352.1 354.5 351.1 346.8 346 342.7 344.3 347.2 353.4 356.6 357.7 357.8 359.6 363.9 366.3 365.7 360.4 356.5 354.6 350.7 344.4 340.8 339.2 333.8 335 334.2 334.2 331.7 332.3 331.1 331.2 330.2 331.3 335.7
424.9 424.3 420.8 417.4 416.7 415.1 414.8 414 414.1 415.1 410.7 409.3 408.5 410.9 409.8 411.6 414.1 416.3 415.6 416.9 411.2 408.1 403 400.7 398 395.5 390.1 384.8 380.4 376.4 368.6 366.8 365.2 365.7 360 357.9 354.5 356 360.9 360.9 359.1 352.6 358.5 359.3 357 355.5 353.6 350.5 350.1 343.4 344 349.8 354.7 353.7 354.3 355.8 361 358.9 358.1 361.5 357.7 356.3 352.8 349.7 344.8 341.2 340.6 337.6 334.3 335.1 334.5 335.2 333.9 333 333.5 332.7 334.8 338.1
429.3 426.8 425.4 422.2 418.8 416.6 415.4 415.9 417.2 413.9 412 411.9 411.7 414.3 416 417.2 417.9 417.8 420 417.9 416.5 408.6 403.3 401.2 400.4 398.3 392.9 383.3 379.2 374.2 371.2 369.2 366.4 363.8 359 358.7 357 356.2 361.7 362.9 361 357.9 360.6 364.6 359.1 357.5 357.7 354.9 353.3 347.5 343.5 351.3 356.3 354.9 354.1 353.6 353.4 359 358.4 357.3 357.9 355.5 352.1 348 344.4 343.2 340.5 339.6 338.2 338.4 338 341.9 336.4 337.6 338.3 342.5 343.8 342.1
433.1 431.4 429.4 426.1 421.6 417.6 418 422.5 419.9 414.4 413.7 416.6 418.9 420.1 420.7 423.5 423.7 422.7 423.4 423.3 417.8 412.4 405.8 404.6 405 400.4 393 388.3 383.8 374.3 372.3 369.2 366.8 363.5 358.6 359.9 356.2 355.3 361.3 363.5 367.1 358.4 361.7 364.3 363.8 359.1 361.7 357.5 358.6 353.4 345.3 352.9 355.6 354.3 355.2 353.2 353.2 353.2 359.3 358.3 357 354.6 351.2 347.7 347.1 348.5 345.3 346.3 342.6 342.4 344.6 340.2 340.4 341.5 343 346.9 347.1 349.6
445.5 443.1 435.4 430.4 426.5 425.2 430.2 427 418.4 415.8 416.6 424.2 428.4 428.2 426.2 429.8 428.7 427.2 424.6 419.7 422.7 417.8 411.9 411.3 406 401.2 400.3 393.5 385.9 375.8 372.4 368.7 366 361.5 363.2 363.4 357.8 356 362.3 361.3 368.2 361.9 363.9 363.6 363.9 359.5 358.7 361.1 362.1 359.1 351.7 355.4 358.4 355.3 355.5 353.2 353.2 353.2 358.3 360.3 357.4 355.4 351.5 348.4 349.5 351.2 349.8 346.2 345 346.1 344.4 344.7 345.6 346.3 347.6 350.4 359.7 363.9
460.1 458.5 454.4 445.5 441.3 439.6 435.4 434 430 421.1 422.1 431.8 433.8 429.6 432.1 435.1 433.2 429.7 427.5 423.8 423.7 425.6 416.5 413.8 409 404.4 395.8 392.2 382.5 376.2 370.8 368.1 365.1 360.5 360.7 360.2 356 356 359.1 359.7 364.9 362.9 364.9 361.9 363.3 365.1 358.9 360.4 364.5 362.2 360.3 358.8 360.3 359.6 357.9 355 353.2 353.2 354.9 357.8 357.3 357.3 353.7 352.7 352.2 354.7 352.7 348.3 350 352.6 348.3 352.7 348.7 349.8 354.5 362 368.4 371.4
474.5 472.7 472 458.6 457.2 450.8 443.6 442.4 440 436.3 436.6 441.8 440.2 440.4 445.5 447.2 443.9 437.6 425.4 422.5 423.6 421.9 421 417.8 412.6 407.5 400 392.6 383 376 369.9 368.7 363.8 361.6 360.6 358.6 356 356 356 361.8 367 365.7 356 356 356 362.6 362.6 361.9 366.3 362.2 364 360.9 359.8 366.5 361.3 358.3 356.8 355.6 354.7 354.9 360.3 359.3 357.9 358.2 357.8 358.1 353.5 355.4 359.4 356.7 350.6 353 355 362.2 370.2 373.2 377.8 380.5
494.1 487.5 476.3 470.8 466.7 458.9 455.9 450.1 447.9 444.6 446.2 445.8 448.5 451.9 451.5 452.7 453.4 440.6 426.9 428.1 424.2 422.5 426 422.1 416.5 409.5 403.4 392.7 385.3 380.9 373.5 369.6 364.5 363.3 360.9 359.7 356 356 356 356.9 362.6 358.5 356 356 357.2 362.5 362.2 360.9 363.5 360.8 359.7 361.8 363.3 371.9 365.1 362.8 360.7 358.5 362 359.1 359 361.9 362.1 361.6 364.1 361.8 362.8 368.7 364.5 361.2 354.5 358.4 361.1 370 379.7 382.9 386.7 390
523 507.8 489.8 482.6 478.8 473.5 465.3 459.3 454.1 457.6 455.6 455.7 457.8 457.3 456.8 457.7 461.1 443.3 439.6 440.5 425.6 426.6 429 428.1 420.6 411.3 404.5 394.8 388.9 382.4 375.8 371.7 365.4 363.9 361.8 360.6 356 356 356 356 356 357.3 356 356 356 359.3 358.2 357.9 362.7 362.4 359.7 359.7 364.9 367.7 366.6 366.2 364.1 361.5 367.4 362.2 363.7 367.3 369.2 368.2 370 368.2 370.5 371.2 365.5 357.7 364.1 368.3 379.4 383.5 390 394.6 400.5 405.2
551.4 532.1 510.6 495.6 494.4 488.3 481.6 476.4 468 466.1 464 463.8 464.3 463.6 463.1 465.2 464.1 448.9 446.8 446 436.5 435.8 434.7 430.7 423.2 415.4 407.4 402.3 393.3 385.2 379.6 373.6 367.8 367.5 364.3 363.4 356 356 356 356 359.4 360.2 356 356 356 356 356 356 361.4 362.5 363.7 363.2 363.9 363.7 363.9 365.9 367.3 367.1 372.5 365.8 368.1 367.9 374.4 377 375.6 374.4 374.5 368.4 367.3 371.7 380 384.8 389.1 395 404.6 413 413.6 415.6
575.5 564 534.8 515.4 517.3 506 496.9 490.4 484.1 475.4 473.6 469.4 471.6 471.3 469.8 470.8 468.2 453.1 454.4 449.4 441.3 444.5 440.9 437.1 431.6 419 411 406.9 398.4 392.5 385.9 379.7 372.4 372.4 370 364.8 359.3 358.8 358.3 361.7 361.9 359.4 356 356 356 356 356 356 362.7 365.4 362.2 364.9 365.2 366.6 365 367.6 367.9 370.8 373.3 372.3 373.3 369 375.7 377.6 379.6 381.2 378 370.5 379 389.5 391.7 394 404.8 408.5 416.4 420.7 428.7 437
591.5 577.9 556.1 546 535.8 524 514 507.2 492.3 487.2 483 481.1 477.8 477.5 477.6 477.3 466.6 464.6 460.7 454.5 452.5 451.4 447.4 445 443.1 431.8 417.6 409.6 407.3 403.5 399 391.6 385.9 378.9 373.4 371 364.2 364.6 361.1 365.8 364.6 360.9 356 356 356.3 356 356 356 356 366 362.4 362.7 366.9 368 366.6 370.7 369.7 371.5 378.5 380.8 380.8 376.7 379.4 382.3 383.9 385.5 383.2 380 392.8 396.6 400 408.2 419 424.8 427.9 435.9 445.8 453.7
599.6 586.9 576.7 566.5 554.7 539.4 529.8 517.1 504.4 501.1 497.5 487.2 484.8 485.2 481.6 480.1 472 468.3 465.6 459.7 458.9 458.7 457.5 451 450.6 446.8 435.2 428 418.5 415.1 419.3 418.8 408.6 398.8 388.8 378.8 369.6 367.8 365.6 367.4 367.7 366.9 364.6 360.7 358.4 356 356 356 356 365.2 365.7 362.8 363.6 368.7 368.6 372.6 371.7 373.1 378.3 383.7 385 384.4 385.1 388.4 390 392.2 380.9 398.5 403.9 408.5 411.1 419.2 431.9 436 445.3 450.7 456.9 470.9
604.8 599.3 593.2 589.6 576.7 562 545.9 529 522.4 516.2 504.1 499.5 490.1 489.2 484.7 480.8 478.6 476.1 468.5 466 465.4 466.9 466.8 463.5 456.5 451.9 448.3 443.2 442.1 439.3 442.9 441.3 442.5 437.3 407.9 396.9 383.7 378 371.6 370 370.3 366.7 365.8 364.2 363.2 362.5 358.7 358.4 358.2 363 366.7 367.8 368.5 368.1 369.7 373.2 375.9 374.4 381.4 386.3 388 390.4 389.3 393 397.5 399.4 396.9 405.3 414 416.4 422.6 432.6 440.6 446.5 457.5 463.5 476 494.1
613.8 609 608 604.9 595.4 583.2 563.9 553.8 539.9 530.3 520.7 508.8 500.4 495.9 485.8 485.8 486.1 481.7 476 476.8 473.7 476.6 477 475.6 472 470.3 470.4 469.4 470.1 467.8 476.3 505.6 546.6 533.2 497.4 458 408.3 394.4 382.6 375.3 371.3 371.2 366.6 364.4 363.4 362.2 361.7 363.8 362.6 364 366.4 368.7 371.3 370.1 375.4 376.7 376.9 378.9 383.6 389.5 392.9 392 396.2 401.2 406.3 410.1 413.2 410.1 421.6 428 436.4 442 450 457.6 465.8 475.6 491.5 509.1
621.8 617.3 617.3 615.7 610.4 599.7 586.3 572.3 549.8 545.9 533.3 525.9 510.8 498.7 494.7 494.1 493.2 484.6 485.4 487.6 485.7 487.2 484.6 483.1 482.2 482.1 483.2 490.9 501.8 502.6 520.7 575.2 595.1 570.2 523.5 484.1 437.7 413.5 397.2 384.4 377.8 372.1 371 368.6 366.9 364.7 363.7 365.9 365.3 366.9 368.4 368.9 369.9 372.2 375.7 378.9 381.3 381.5 385.8 390.3 394.9 396.5 402.8 406.6 413 418.1 424 420.4 429.1 435.2 445.2 452.8 456.5 467.7 477.6 489.1 505.8 525.4
628.6 624.9 625.4 625 624.2 613.4 602 590.6 584.1 569.6 548.9 539.3 527.2 517.8 513.3 501 499.8 497.6 495 495.5 496.8 494.6 491.9 490.7 490.3 488.5 497.8 519.1 527.7 541.3 573.8 622.9 635.8 596.5 544.5 503.8 466.5 433.4 411.5 399.6 387.6 380.9 374 371.9 370.9 369 366 364.8 368.2 368.2 368.8 370.7 373.4 373.7 378.7 381.9 383.4 383.2 387.3 392.3 397.3 399.8 404.6 409.2 415.2 419.5 430 435.4 433.1 439.8 452.1 457.7 460.2 476.2 487.7 502 520.6 533.1
636.2 637.6 637.1 634.9 632.6 622.9 615.2 595.7 607.3 590.5 571.4 554.9 550.4 538.2 527.3 516 507.2 501.4 497.5 504.3 499.9 501.8 500.6 499 499.8 505.7 517.6 534.4 553.4 578.4 620.2 660.3 654.6 606.1 557.5 518.7 485.2 450.1 424.3 408.9 398.5 390.7 383.1 376.6 375 374.4 368.9 368.6 366.9 368.7 371.9 373 372.8 376.3 378.6 382.2 384.5 385.8 390.9 394.6 398.4 402 405.2 411.2 419.2 425.5 432 438.8 444.1 450.8 450.4 460.1 468.4 481.4 494.7 510 528.4 538.4
649.4 649.9 648.5 643.3 636.2 627.2 622 614.7 614.1 609.5 594.5 586.4 582.5 566.3 546.2 530.8 520.2 511.8 505.3 507.2 505.8 508 508.4 512.3 514 521.9 536.7 553.2 581 616.4 658.8 705 683.8 622.3 569.3 532.6 496.8 463.6 439.2 417.7 405.6 397.2 390.4 382 376.8 376.2 373.4 370.7 369.1 370.3 372.8 374.6 376.6 379.9 382.7 384 385.4 386.8 389.9 397 400.3 403.7 407.5 413.6 423.1 429.3 437.9 445.9 452.4 455.2 458.1 463.2 478.8 487 500.3 514.1 531.9 539.6
663 659.5 654.3 646.1 638 631.3 627.2 626.6 632.4 626.5 617.5 616.9 604.1 580.8 562.2 536 525 520 514.1 510.5 509 510.4 513.5 516.1 524.6 535.9 547.9 573.1 602.2 646.1 687.3 737.8 713 633.7 580.9 543.8 506.4 473.9 448.2 426.1 411.9 402.2 396.3 389 383.1 378.2 377.2 374.1 372.5 371.5 374 375.2 378.4 379.1 383.3 388 387.3 391.5 391.7 397.2 400.2 405.1 413.2 418.9 427.5 436.8 441.8 451.4 455.9 464.4 467.1 477 479 490 505.3 519.6 529.6 548.1
666.3 665.8 659.9 652.7 643.4 636.4 633.4 641.6 640.9 638.9 636.6 637.3 621 590.8 566.9 541.9 527.8 518.6 514.3 513.3 511.6 513 519.8 527.1 534.3 544.6 562.2 591.4 629.2 664.2 714.4 750.9 714.2 634.4 587.8 550.2 513.3 479.7 455.3 432.8 418.4 407.4 400.8 391.8 385.7 383.5 378 374.9 373.8 372.8 373.8 374.9 377.2 379.8 386.4 387.9 390.3 392.1 394.2 399.2 404.5 411.1 419.5 424.1 435.1 442.1 447.2 458.3 467.1 472.6 478.2 483.5 490 496.6 507.9 524.4 533.1 544.7
