app/static/ascii/NG97.asc
ncols 200
nrows 200
xllcorner 190000
yllcorner 870000
cellsize 50
[rows 0 to 34 of 200, columns 0 to 79 of 200]
102.7 108.6 126 134.1 148.8 154.6 167.1 180.5 183.6 185.9 185.7 187.6 188.9 190.1 196.3 206 214.9 211.9 207.7 204.2 201.5 196.8 193.1 190.6 188.5 189 190 190.9 193.1 192.6 190.2 189.6 189.7 189.9 187.6 185.5 184 182 179.7 181.7 182.6 184.5 186.6 188.8 192.1 196.8 201.1 209.7 213.6 217.1 216.7 214.2 214.1 212.6 210.4 208.8 208.5 205 198.6 198 197.3 196.9 196.5 193.6 191 187.7 183.6 180.6 179.1 177.6 174.7 166.4 165.9 165.9 165.9 165.9 165.9 165.9 165.9 165.9
106.2 114.4 127 136.9 141.9 152.9 172.7 174.6 176.2 179.3 181.6 183.1 184.2 186.6 192.2 199.2 200.3 200.6 202.2 198.9 197.9 195.3 189.7 188.4 187.7 187.5 188.2 189.2 189.6 189.7 188.5 188.6 188.9 190 189.9 186.5 185 183 182.4 182 183.3 185.8 187.3 187.9 190.3 194.6 195.4 200.8 205.9 208.2 212.3 211.3 211.1 207.9 206.5 207.6 212.4 210 203.3 200.7 199.7 198.7 195 193.1 191.3 187.2 184.1 180.9 178.8 176.6 174.4 166.6 165.9 165.9 165.9 165.9 165.9 165.9 165.9 165.9
109.7 118.8 134.6 140.8 155.1 157.6 161.4 170.3 185.1 183 182.1 182.2 182.8 185.4 190.5 196 197.9 197.5 196.7 198.9 198.4 194.9 186.8 186.4 185.8 185.2 185.9 187.4 187.8 187.4 186.8 186 186 187.2 188.8 187.7 186.1 185.9 185.6 184.8 183.4 185.4 186.3 187.2 188.2 186.3 187 193.3 203.6 206.6 205 204.8 206.6 206.5 206.5 206.5 210.2 207.9 205.2 201.7 201.2 199.6 195.7 193 190.3 187.5 183.3 180.6 179.3 178.2 177.2 173.2 165.9 165.9 165.9 165.9 165.9 165.9 165.9 165.9
114.5 125 131.4 153.3 163.9 167.4 177.6 186.3 187.1 184.5 183.6 184.2 185.5 187.4 190.6 197.3 199.9 197.6 194.4 194.2 190.3 183.8 183.9 183.5 182.7 182.4 184 185.6 186.6 186.2 186.6 186.2 186 186.3 187.4 186.7 187 186.9 186.7 186.8 186.5 186.5 184.3 185.4 185.4 185.4 185.1 189.3 197.4 202.2 204.8 206.6 206.5 206.5 206.5 206.5 206.1 207.7 206.6 204.2 203.3 201.6 198.4 196 191.3 188.3 184.3 181.9 181.2 180.8 178.6 175.2 172.7 171.9 165.9 165.9 165.9 165.9 165.9 165.9
116.4 123.6 131.1 152 168.3 176.3 186.4 195 192.3 186.5 183.8 183.2 185.3 188.3 190.3 200.5 203.3 195.4 189.1 182.4 179.4 180.1 178.1 180.3 180.6 180.8 182.2 183.8 185.3 184.8 185.6 187.7 188.4 187.9 187.4 188.1 187.9 187.3 187.7 188.2 188.4 188.4 187.8 188 187.1 185.4 185.2 190.1 194 199 204.9 208.9 211.3 206.5 207.8 209.7 208.9 208.8 209.2 207.6 207.4 203.9 199.2 194.9 190.4 187.5 185.1 182.9 181.7 181.7 180.2 179.5 172.6 165.9 165.9 165.9 165.9 165.9 165.9 165.9
120.6 120.7 127.7 143.3 160.4 176.8 188.8 190.7 190 184.6 182.3 179.4 185.5 192.9 187.8 193.2 188.9 187.5 184.1 176 173.3 172.4 172.1 174.4 177.3 179.2 180.5 182.2 183.5 183.7 186.7 189.6 191.7 191 189.8 189.4 188.9 188.3 188.3 188.5 188.4 188.8 188.1 188 187.7 185.5 186.7 190.7 193.8 199.2 204.3 208.8 208.7 210.2 214.2 214.5 214.3 214.1 214 210.7 211.1 206.2 201.4 197.3 192 186.7 185.1 182.7 180.5 181.6 181.6 173 165.9 165.9 165.9 165.9 165.9 165.9 165.9 165.9
119.8 122.8 126.3 135.5 145.6 155.6 168.9 172.5 176.7 173.5 172.6 174.8 178.8 185.5 178.5 179 178.5 173.9 172.9 169.5 166.7 165 165.5 167.8 173.3 177.1 180.1 181.5 182.2 183.1 188.3 190.7 192.2 192.6 192.1 191 189.6 189.1 188.6 188.7 188.7 188 187.7 188 188 187.5 186.9 189.8 194.3 199.8 203.3 206 208.9 210.7 215.8 221.3 220.8 219.9 216.4 215.2 208.9 205.9 202.7 198.5 195 192.4 186.8 179.9 176.8 177.6 176 175.6 173 167.9 165.9 165.9 165.9 165.9 165.9 165.9
117 113.3 122.5 127.9 131.5 141.8 149.2 156 160.3 163.6 165 167 166 168.2 166.7 168.6 167.8 161.8 161.3 159.8 160.1 160.8 161.9 162.6 171.4 176.3 180.1 180.8 180.6 182.9 186.5 188.7 191.8 192.8 192.9 193.4 191.5 189.1 188.4 188.2 188 187.5 187.8 187.7 187.8 188.1 188.2 189.9 192.6 195.4 199.9 201.3 204.3 222 231.7 232.6 230 221 218.1 214.9 209.9 203.5 201.4 199.5 196.8 193.7 186.9 179 173.5 174.8 175.2 173.6 170.6 165.9 165.9 165.9 165.9 165.9 165.9 165.9
109.8 113.8 114.9 111.4 122 126.5 128.3 134.5 142.3 146.5 149.8 156.2 155.7 157.1 159.4 159.6 148.9 150.7 149.9 152.3 153.9 155 157.2 160.7 168.5 174.2 177.9 179.8 179.3 181.5 182.3 186.5 190.5 189.6 188.2 188.4 187.5 186.8 185.6 186.5 184.7 184.6 184.6 187.4 187.5 189.2 185.1 187.6 192.4 194.3 196.8 199.7 207.7 216.3 225.3 230.1 230.9 229.6 220.6 215.6 209.5 202.6 199.5 197.6 196.8 193.8 187 177.3 173.5 175.4 175.4 173.3 165.9 165.9 165.9 165.9 165.9 165.9 165.9 165.9
106.5 116.4 114.8 109.5 105.9 109.5 111.2 118.1 136 138.6 142 141 141.7 149.3 151.3 140.6 128.9 133.9 143.7 144.4 146.5 150.3 152.6 157.3 164.7 170.7 174.6 178 171.5 173.3 178.6 181.8 183.7 184.7 185.4 184.2 184.6 184.6 184.6 184.6 184.6 184.6 184.6 187.2 187.8 186.9 185.5 186.3 189.9 192.1 193.2 196.7 209.3 215.1 219.1 224.4 227.1 227.1 222 215.9 208.4 202.5 198.6 197.5 196.7 195.2 191.2 182.7 173.5 173.5 173.5 174.2 165.9 165.9 165.9 165.9 165.9 165.9 165.9 165.9
102.4 111.3 110.3 102.3 100 101.1 102.5 103.7 112.8 126.1 127.8 124.8 125.9 127.7 132.1 118.4 114.6 135.1 137.6 144.9 150.3 150.3 148.8 153.4 159.1 165.3 171.1 172.1 167.4 175.9 182.7 185.5 187.3 187.2 185.7 185.1 184.6 185.1 184.6 184.6 184.6 184.6 184.6 185.7 186.9 185.8 185.6 186.2 186.9 188.4 189.4 194.6 203.5 204.5 207.4 210.9 216.4 219.3 217.7 212.6 208.7 202.3 198.3 197.4 196.6 195.8 192.7 186.2 173.7 173.5 173.5 176.8 172.2 165.9 166.2 165.9 165.9 165.9 165.9 165.9
93.8 97.2 95.7 89.3 89.2 99.7 95.4 97.6 98.2 105.1 108.6 111.3 113.3 112.5 112.7 110.9 126.9 137.9 142 146.8 150.2 152.4 154 152.7 152.6 160.3 165 166.3 167.9 176.7 182.4 185.9 188.8 188.5 187.6 187.1 185.9 187.7 187.3 184.6 184.6 184.6 184.6 184.7 185.5 185.8 186.9 188.1 188.3 188.2 193.6 198.2 202.1 205.1 205.6 207.6 206.9 209.6 210.5 210.1 205 201.5 198.1 197.2 196.4 195.8 193.4 187.7 176.6 173.5 176.5 170.6 165.9 165.9 171.3 165.9 165.9 165.9 165.9 165.9
84.6 82.9 78.8 80 80.9 83.3 88.4 93.8 94.7 96.1 95.6 95.9 95.5 102.1 111.8 119.7 129.3 139.5 144.6 150.7 151.9 154.4 156.7 158.3 159 159.1 161.3 165.7 170.2 176.7 182.4 187 191.5 192.2 190.7 190.1 189.5 188.1 190 186.7 184.6 187.3 187.2 185.6 185.4 186.1 188.2 190.1 189 189.7 201.5 210.8 214.7 220.5 217.9 212.3 209.7 206.9 205.5 207.5 201.3 198.4 195.9 195.4 195.2 195.7 192.7 188.2 181 173.5 173.1 165.9 165.9 165.9 166 167.8 165.9 165.9 165.9 165.9
77.3 79.1 78.7 78.6 79.6 80.6 82.2 86.6 89.4 91.5 90.7 92.1 96.4 108.6 118.4 122.2 129.7 139.4 147.2 155.6 154.6 156.6 159 161 161.4 162.9 164.5 166.5 171.7 176.9 182.6 188.4 195.2 205.4 198.8 195.4 193.6 191.9 190.9 190.8 189.7 189 188.6 188.1 186 186.4 188.9 194.6 192 196.4 205.4 214.6 219.8 218.5 219.2 215.5 210.6 206.1 204.2 201.3 198.2 195.1 193.8 193.3 192.9 193.7 193.1 187.8 182.3 175.2 172.6 166 169.6 165.9 167.7 168.1 165.9 165.9 165.9 165.9
76 76.9 77.6 77.5 77.9 78.5 80 82.9 85.3 87.4 90.1 92.8 99.5 113.3 123.8 125.2 128.9 137.7 145.2 151.4 154.7 156.7 158.5 160.9 162.7 163.7 165.4 168.5 172.3 176.9 184.5 191.5 198.3 204.7 205.8 201.4 200.7 197.6 193.8 193.3 193.1 191.8 190 188.4 186.3 186.4 185.8 193.6 199.5 203.5 211.1 216.3 221.7 218.7 216.7 214.6 210.1 205.9 203.8 200.9 199 195.6 194.6 196.9 192.1 191.6 192.1 188 182.2 175 170.8 168.4 165.9 165.9 165.9 165.9 165.9 165.9 165.9 165.9
72.5 77.1 76.5 75.7 76.3 78.9 81.7 84 85.4 88.5 98.3 98.5 100.7 110.7 124.4 129 130.1 135.4 141.6 148.7 153.2 156.5 159 161 162.8 164.5 166.1 168.9 172 178.3 186.4 193.9 202.3 206.7 208.2 204.6 202.7 199.5 196.6 195.4 193.7 193.2 191.5 187.9 187.1 184.6 184.6 193.2 200.3 207.3 215.3 221 220.7 218.5 215.1 210.6 207.2 205 205.5 207.8 210.9 211.4 201.2 197.2 194.5 192.3 191.4 187.3 182.1 176.3 173.8 165.9 165.9 165.9 165.9 165.9 165.9 165.9 165.9 165.9
66.5 70.6 72.4 74.7 77.4 80.8 87.9 92.5 89 89.6 94 105.4 102.4 110 117.9 128.2 128.7 134.7 140.1 145.9 151.3 155 158.6 162.4 164.5 165.9 168.9 168.9 172.2 179 187.1 194.6 202.8 205 205 205.1 202.8 200.6 198.7 197.3 195.6 193.6 191.3 187 184.6 184.6 184.6 192.4 201.9 209.6 217.1 222.2 225.6 229.2 219.1 209.1 209.7 210.3 212.3 212.3 212.1 212.8 203.5 198.5 196 193.8 191 187.1 182.4 178 176.6 165.9 165.9 165.9 165.9 165.9 171.3 165.9 165.9 165.9
71.3 74.3 73.5 79.3 82.2 86.9 95 107.9 104.5 95.4 97.8 105.3 114.4 108.2 115.2 126.2 133.9 138 142.7 146.9 150.9 154.4 158 162.8 167.9 172.1 172.5 171.1 173.5 180.7 191.9 201.4 205.1 205.3 205.4 205.5 203.6 202.4 201.1 200.1 198.8 194.3 190.9 188.1 184.6 184.6 190.1 196.2 203 209.9 215.4 219.2 221.7 220.7 218.6 224.2 225.8 220 214.5 213.5 212.3 212.2 206.9 199.6 196.8 194.5 190.9 186.6 181.8 177.9 176.5 170.2 170.4 165.9 165.9 172.6 176.3 166.5 165.9 165.9
71.6 76.5 75 78.7 86.8 94.2 100.2 107.1 110.4 102.8 105.4 105.4 110.5 113.8 113.9 123.7 134.2 139.3 144.5 149.2 150.9 154.4 158.6 167.4 173.3 175.1 175.3 174.7 175.1 184.5 193.5 203.3 206 206.4 206.2 208.8 210.3 207.5 207.5 205.2 202.4 198 192.1 188.8 185.5 188.1 195.2 202.1 206.7 214.6 218.2 219.6 222.3 226.6 240.9 228.6 224.8 223.6 218.2 214.8 213.9 212.9 207 201.4 198.2 195.3 191 186 181.3 177.9 175.5 172.5 172 171.7 175.6 180.2 181.8 177.1 173.5 169.9
76.6 81 79.7 77.7 84 98.8 105.1 104.1 109.4 106.9 111.3 110.9 109.8 110.5 114.2 117.2 128.6 141.3 144.5 146.4 149.4 153.5 157.5 165.1 173.8 178.2 178.5 178 180.9 191 196.6 200.2 204.4 205.9 207.4 212.1 211.7 209.4 209.8 211.1 207.6 200.4 195.4 190.7 188.7 191 194.9 199.8 207.4 213.1 217.1 221.7 227.5 246.3 244 237.7 229.1 223.1 220.2 216.3 214.1 214 210.9 202.4 198.1 194.9 192.5 187.3 182.4 179 173 173.2 172.9 172.5 178.4 183.8 187.1 184.7 179.5 173.9
85.1 83.8 82.8 78.5 82 89.6 97.4 109.7 116.8 106.9 108 107.6 105.8 107 112.1 113.7 121.4 130.8 135.4 139.1 147.7 153.7 157.2 164.6 175.7 182.5 184.9 192.4 197.5 195.8 197.2 202.5 207.5 212.2 220 214.6 211.4 210.1 210.2 208.4 206.4 200.3 197.6 195.5 193.7 190.9 191.9 196.1 202.6 208.6 211.8 213.2 225.7 232.7 232.2 234.2 232.2 226 221.8 218.2 214.4 213 209.1 202.7 199.8 197.7 193.5 190.1 185 180.8 175.4 173.6 173.1 173 172.6 180.2 184.4 188.1 184.3 179.2
90.3 91.2 86.9 85.6 83.4 86.4 94.7 105 110.1 107.3 105.3 104.1 102.7 108.4 110.4 113.1 115 120.3 124.7 131.7 142.6 152.1 156.6 161.8 171.6 182.3 190.4 203.9 208.6 204.7 200.7 206.9 214.7 225.3 218.4 215.4 212.2 210.7 209.7 207.9 203.5 200.7 198.8 196.8 195.7 195.3 195 195.3 197.3 203 206.5 207.2 218.8 224.6 227 228.3 228.7 226.7 223.9 221.9 219.5 215 210.4 207.4 202.1 199.7 195 191.8 187.4 182.3 177.2 173.6 173.2 173.9 174.5 175.4 178.1 183.2 185.9 183
126.2 118.4 96.4 91.2 87.8 86.3 86.1 95.3 100.4 104 103.7 102.2 101 105.9 108.6 111.2 113.2 114 118.6 127.4 141.8 148.3 155.4 161.4 168.2 181.1 198.6 224.6 233.9 213 211 213.2 222.9 221 216.7 214.2 212.9 210.8 208.2 205.9 203.8 199.8 198.5 198 197.5 196.9 196.4 196.3 197.1 202.8 202.6 204.3 211.8 216.6 221.1 223.8 225.6 227.4 226.3 224 222.7 222.7 217.2 208.8 203.1 200.8 198.7 193.3 189.4 183.8 178.8 174.4 174.2 175 177.1 175.6 175.4 177.8 182 183
187.1 155.6 122.2 105.2 97.5 97.4 93.5 89.3 94.6 100.2 102.7 99.1 99.1 100.9 105.4 109.7 111.8 114.5 117.9 132.1 142.5 145.5 151.3 158.6 167.4 186.3 214.9 228.4 235.7 224.3 214.7 215.1 218.6 217.7 214.9 212.8 211.1 206.7 203.3 202.4 201.3 199.4 197.9 197.9 197.9 197.6 197.3 197.1 197.9 202 201.1 205.8 208.9 212.8 222.4 226.5 223.5 223.1 224.1 226.6 223.8 219.3 217.8 212.1 205.3 202.2 200.3 196.8 191.7 185.5 181.4 175 177 177.2 179.6 181 180.9 179.4 181.7 182.8
195.5 173.8 143.9 139 131.9 116.8 112.1 103.7 92.9 91.5 93.7 93.5 97.5 100.3 102.9 108.2 111.1 114.7 118.1 130.7 137.9 143.9 150.3 154.7 166 190.9 212.7 223.9 229.7 226.3 222.5 218.3 215.6 214 213.6 211.6 206.9 203 202.2 202 200.7 198.8 197.1 197.1 197.1 196.4 195.8 197.1 197.8 199 200 207 209.7 211.2 219 222.3 225.4 222.6 221.1 219.7 218.6 216.6 213.8 210.5 208 203.2 201.4 199.4 194.1 188.8 184.5 177.2 177.7 178.4 179 184.4 188.8 190.6 188.1 182.9
192.3 180.3 165.5 158 159 156.4 140 122.9 111.6 97.7 97.7 99.8 98.2 100.4 104.8 108 111.4 115.1 118 125.3 132.8 145.3 151.2 155.8 167.1 184.9 204.4 218.8 227.1 223.3 221.8 219.3 215.6 211.5 208.8 205.8 203.8 203 202 201.5 199.8 198.6 196.3 195.8 195.8 195.8 195.8 195.8 195.8 195.8 198.3 204.4 207.1 209.3 216.4 217.8 220 219.2 218.9 217.8 216.8 212.8 208.8 207.5 206.8 205 203.8 201.6 198.4 191.9 186 179.2 178.8 181.2 183.1 183.8 188.4 192.2 194.3 191.9
189.8 179.9 183.4 172.2 165.8 173.7 169.4 144.7 122.8 107.9 109.7 110.5 103.7 100.9 104.1 109 113.2 116.6 119.3 123.2 127.8 138 151.1 155.9 165.2 179.9 197.1 209.8 216.8 217.8 217.2 216.2 213 208.9 205.8 204 203.7 202.9 202 202.1 201.2 199.4 196.6 195.8 195.8 195.8 195.8 195.8 195.8 195.8 195.8 201.1 203.6 204.2 209 214.1 215.4 215.9 215.6 214.3 212.1 209.3 206.4 206 205.2 204.8 204.7 202.6 201.3 197.5 190.6 182.2 182.2 185.3 187.9 191.5 187.9 190.9 193.9 196.7
189.4 179.4 184.1 171.8 173.2 180.7 171.6 154.6 135.7 115.4 131.3 137.5 122.8 109.2 107.9 108.4 110.3 113.9 121.7 127.7 136.3 134.4 143.7 156.2 164.9 174.3 187 198.9 207.7 210.9 212.2 211.3 208.2 205.5 203.1 203.3 203.2 202.6 202.2 202 201.2 199.4 196.6 195.8 195.8 195.8 195.8 195.8 195.8 195.8 195.8 197.4 200.6 202.1 204.7 208 209.5 209.8 212.3 209.6 207.5 206.2 206 205.4 204.1 203.7 207 203.2 202.7 203.2 195.7 187.2 192.6 198.1 196.6 193.2 193.4 191.4 192.1 194.9
179.8 174.9 181.7 180.1 178.5 179.1 161.5 152.4 129.8 129.9 136.8 142.8 136.5 121.8 114.7 115.9 116.8 119.9 122.7 130.3 139 140.5 141.8 151 163.1 168.1 173.5 185.9 196.2 203.9 207.3 205.8 204.4 202.5 201.7 202.1 202.6 202.2 201.6 201.2 199.4 197.8 198 195.8 195.8 195.8 195.8 195.8 195.8 195.8 197.4 198.2 200 202.6 204.4 202.8 198 199.8 205.4 205.3 206.6 207.7 207.8 207.7 205.5 205 203.8 202 202.4 201.3 199.6 194.2 196.4 203.3 202.7 198.9 197.5 194.3 194.6 193.8
175.8 171.1 172.3 176.5 176.7 163.2 155.8 140.4 129.7 132.3 134.3 134.8 134 125.2 126.5 128.8 127.1 127 128 128.7 137.7 146.7 144.2 145.7 154 159.7 165.6 174.8 186.5 195.7 201.7 204.8 204 201.4 200.2 200.5 200.8 202.4 202 200.3 195.8 195.8 195.8 195.8 195.8 195.8 195.8 195.8 195.8 195.8 197.6 197.8 199.4 201.3 202.5 201.7 197.5 195.8 195.8 198.5 199.5 204.6 205.3 206.4 211 206.2 204 200.8 198.8 199.1 199.1 196.9 196.4 200.2 204 208.9 202.9 200.4 196.9 194.7
176 169.9 176.9 168.6 171.9 168.1 151 139.2 148.2 137.9 134.7 134.4 134.8 131.4 141.6 153.8 143.5 137 137.5 133.9 133.1 138.1 142.1 149.4 148.2 152 162.8 172.4 175.3 183.4 194.3 201 201.4 199.9 198.9 197.4 201.5 203.3 202.9 200.6 195.8 195.8 195.8 195.8 195.8 195.8 195.8 195.8 195.8 195.8 195.8 196.1 197.9 199.8 202.8 201.7 199.7 195.8 195.8 195.8 195.8 201.7 204.4 207.3 208.7 207.3 205 202.5 198.7 196 196.8 196.7 196.8 198.3 198.9 204.4 204.5 204.5 198.6 195.2
169.4 167.4 170.8 165 163.2 164.7 150.8 139.6 152.1 139 134.7 134.4 137.7 153.4 166.2 160.6 154.9 151.2 147.9 139.4 136.7 135 137.8 140.3 143.9 148.8 157.4 165 168.9 174.9 184.5 192.5 196.5 196.6 194.5 197.4 201 204.8 203.4 202.6 199.8 195.8 195.8 195.8 195.8 195.8 195.8 195.8 195.8 195.8 195.8 195.8 195.4 197.2 201.1 204 198.7 204 201.6 195.8 195.8 203.5 206 206.9 208 206.4 205.8 204.8 203 197.5 196.2 193.4 194.8 195 194.6 198.9 203.3 203.5 201.1 196.2
178.5 171.7 166 159.3 159.8 153.9 146.4 159 155.1 140.2 134.8 139.6 163.7 168.7 172.7 162.9 158.5 156.4 154.6 149.3 142.2 140.3 142.1 146.5 148.8 147.8 148.2 150.4 161.4 169.7 177.3 184.2 189.7 191.3 189.2 195.3 199.2 202.5 203.7 203.4 201.8 199.1 195.8 195.8 195.8 195.8 195.8 195.8 195.8 195.8 195.8 195.8 197.9 193.8 194.1 200 197 201 202.2 199.3 195.8 195.8 203.8 207.9 206.9 205.8 205.4 203.5 201.4 198.7 196.1 192.3 191.4 192 194.3 198.2 200.7 201.2 200 196.8
184.9 180.9 171.9 159.6 153.4 146.2 143.8 158.8 162.3 138.4 135.2 160.1 171.7 170.1 162 161.8 160.5 159.8 157.4 157.7 146.2 149.8 146.7 152.1 156.6 155.9 153.3 149.6 150.6 156.7 169.7 171.5 178.1 184.5 192.7 195.8 199.6 201.8 203.7 203.3 202.5 201.7 198.9 195.8 195.8 195.8 197.4 195.8 195.8 195.8 195.8 197.5 197.6 195 191.7 193.5 195.9 198.5 200.6 202.9 201.7 197.2 198.4 202.7 204.9 210.5 203.7 201.6 200.4 198.5 196.4 192.3 190.6 191.3 195.1 197.2 198.8 198.8 197.9 196
184.3 176.6 171.7 155.9 151.1 139.1 143 159 158.6 154.2 139.3 144.6 158.5 159.9 161.6 164.6 163.6 157.8 155 153.5 151.7 152.2 155.3 157.1 163.2 167.4 158.3 154.1 154.2 153.4 154 158.8 171.2 184.1 191.2 196.7 201.8 205.3 204.7 204.4 203.4 201.8 199.5 196.1 195.8 195.9 197.2 198.6 201.3 199.7 197.9 198.1 197.1 195.8 195.8 194.9 194.7 198.7 200.1 203.5 202.1 201.3 198.8 199.8 203.8 210.2 207.3 202.5 200.2 198.5 196.7 192.6 189.9 190.9 193.4 195.7 196.5 196.5 196.7 195.6
