app/static/ascii/NG98.asc
ncols 200
nrows 200
xllcorner 190000
yllcorner 880000
cellsize 50
[rows 0 to 34 of 200, columns 0 to 77 of 200]
65.2 70.7 76.7 78.7 79.6 79.9 79.7 81.1 83.4 86.2 92.5 96.7 100.9 104.2 106.9 108.1 109.1 109.6 113.5 117.6 112.8 117 119.4 112.2 114.8 118.7 118.6 117.6 118 118.5 119.2 119.4 120.2 123.4 126.3 129.9 135.1 136 131.4 128.1 126.1 120.4 118.2 119.1 119.5 117.3 112.4 111.6 110 108.1 107.6 107.1 105.9 103.5 101.5 96.2 88.7 77.1 71 68 65.6 70.2 76.1 82.1 84.1 93.1 117 99.2 95.1 101.4 87.3 81.2 80.3 84.5 91.7 114.4 108.1 112
72.2 77.6 82 83.6 84.4 83.6 83 83.7 87.1 90.6 94.7 98.7 102.6 105 107 109.9 110.3 111.7 115.8 117.4 118.7 120.2 118.6 117.8 120.4 124.5 121.5 121 120.7 121.1 120.9 118.4 116.9 119.6 123 126.7 129.6 131 132.1 128 127.1 123.4 119.2 116.3 115.7 112.8 109 107.9 107.1 106.5 106.4 108.1 108.7 103.7 101.4 97.4 89.6 78.7 73.4 68.6 70.1 72.4 80 84.1 86.3 91.6 109.5 97.8 94.3 93.1 88.7 85.3 83.1 95.6 109.2 118.2 114.7 118.9
78.4 85.2 88.2 90.7 89.9 88.9 87.6 88.1 91 95.2 99 101.6 105.4 107.8 110.1 111.9 113.1 115.8 118.2 118.9 122.3 120.5 119.5 118.8 123.8 129.3 128.2 130.6 125.1 122.5 122.3 116.9 116.9 116.9 116.9 121.4 124.8 127.7 128.8 127.6 128 125.7 120 115.7 114.6 110.2 107.9 107 106.2 105.5 106.8 107.8 106.9 102.7 101.4 96 89.5 81.5 72.6 74.3 77.2 80.3 81.8 84.5 90.1 95.7 94.8 94.6 94.1 92.7 92 96.1 105.3 109.5 115.6 116.9 122.5 133.3
84.1 89.6 94 96.1 94.1 93.6 93.3 94 95.9 100.1 103.7 106.1 110.5 112.3 112.4 113.1 113.5 115.1 119 124.6 124 126.6 127.2 128.8 128.5 129 133.6 136.6 133.7 129.7 127.5 120.7 116.9 116.9 116.9 116.9 120.4 123.4 123.7 125.6 126 122.9 119.9 114.9 112.8 108.3 107.5 106.5 105.5 105.2 105.8 104.3 106.4 105.2 102 96.3 89.2 80.7 78.4 80.4 82.1 86.5 89.1 90.2 93.1 94.7 94.1 94.3 94.5 93.9 107.9 120.3 112.4 121.8 124 119.7 128.4 144.5
92.8 96.4 99.9 100.9 99.1 99 99.5 100.4 101.7 104.1 105.8 113.9 115.2 114.4 111.4 111.3 112.6 113.9 121.1 128.5 129.7 133.9 139.6 145.9 141.2 137.5 136.9 139.6 140.2 134.9 129.7 126.1 124.8 116.9 116.9 116.9 116.9 118.4 120.7 123.6 123.2 121.8 118.2 113.9 111.1 108.6 107.1 105.9 104.7 104.7 103.7 102.9 103.9 101.4 98.5 93 87.4 82.4 81.2 84.1 86.2 91.4 93.2 95 96.2 93.7 93.7 100.7 107.9 96.8 104.5 117.1 118.2 124.9 130.5 130 140.4 160.8
101.4 105 106.3 106.4 104.7 104.7 105 105.1 106.2 107.5 109.3 112.6 114.6 109.7 107.9 110.3 116.1 120.8 132.3 136.4 137.8 142.2 152.6 155.3 153.7 148.9 145.5 147.2 152.7 146.3 137.2 135.6 130.2 122.8 116.9 116.9 116.9 116.9 119 121.6 121.2 120.3 118.2 114.1 110.8 107.9 106.5 105.3 104.8 103.7 102.7 102.4 101.2 100.5 97.5 93.6 90.2 83.7 82.6 88.6 88.9 93 94.4 95.1 97.2 103.5 110.2 116 119.4 125.5 108.9 114.1 124 136 144.4 146.3 161.4 164.3
107.3 110.5 111.5 114 112.5 108.9 109.6 109.1 108.1 107.8 108.7 108.6 107.7 107.7 108.5 112 118.8 126.6 139.5 150.4 150.8 152.8 155.9 158.8 157.7 154.1 150.6 150.9 154 147.8 140.9 137.4 135.3 131.5 122.3 116.9 116.9 116.9 118.1 120.3 126 120.2 116.5 113.9 109.7 107.1 106.7 106.5 104.9 102.8 102.3 102 101.9 101.2 99.9 97.8 95.9 88 84.6 89.5 91.1 92.8 93.6 95.3 102.3 118.9 125.5 128.2 130.6 137.8 132.2 118.7 124.1 156.1 154.8 158.9 166.3 166.3
111.7 111.9 111.9 115.2 115.5 114.3 111.2 111.1 107.7 108.8 109.1 107.7 107.7 107.7 112.1 114.5 121.2 133 142.5 157.7 159 155.7 158.9 164 162.7 160.8 154.8 156.8 153.2 148.5 144.2 139.6 137.3 135.5 130.2 121.7 116.9 116.9 116.9 121.2 123.6 121.4 115.2 116.2 109.5 108 107.9 108.3 104.8 103.5 103.4 101.6 101.1 101.5 103.7 102.3 94.9 89 86.8 87.5 88.1 92.1 95.4 99.1 110.6 135.4 150.5 139.6 140.1 141.1 132.5 129.2 126.9 141.4 161.1 167.9 164.5 174.3
112.7 110.3 110.3 111.7 113.4 112.2 111.3 110.6 107.7 111.1 107.7 107.7 108.7 109.8 115.4 117.7 123.8 134.3 142.4 154 156.5 153.3 157.3 165 164.6 163.8 156.8 153.9 152.9 150.7 146.5 145.5 140.8 138 139.8 125 116.9 116.9 116.9 116.9 116.9 120 117.3 116.5 111.5 111.6 111.5 110.9 103.9 103.4 104.3 102.2 99.6 102.1 104.9 99.9 94.6 92.2 88.4 87.5 91.3 96.7 101.5 105.3 114.3 147.8 164.6 149.3 139.5 136.1 132.2 132.8 134.3 133.1 154.4 165.5 161.7 165.3
112.5 110.3 110.3 110.3 109.2 107.7 107.7 107.7 107.7 107.7 107.7 110.2 110.5 113.5 121.9 122.3 129.1 136.9 140.2 150.2 152.9 149.1 154.2 161.6 165.4 163.2 158.4 156.5 158.1 158.3 154.4 150.8 146.2 138.8 137.3 127 116.9 116.9 116.9 116.9 116.9 120.4 120.1 116.3 111.9 111.8 111.4 110.2 103.1 100.8 100.3 99.4 99.1 100.6 99.4 99 100.1 95 90 89.9 95.4 101.6 105.7 108.2 114 129.1 157.8 147.6 137.3 134.5 135.3 140.1 150.2 138 140.8 149.2 150.1 154.7
112.9 112.3 110.3 111.8 111.9 107.7 107.7 107.7 107.7 107.7 107.7 111 111.4 113.3 121.8 127 132.5 142.9 145.1 152.6 149.3 145.1 148.5 156.8 164.1 164.8 162.3 164.4 167.5 166.4 160.4 153.5 146.8 140.8 137.7 128.2 117.8 116.9 116.9 116.9 118 119.6 120.7 116.2 112.4 112.9 113 109.1 103 99.5 100 100 99.3 99.7 99.2 98.2 95.2 92 90.5 92.1 97.9 104.2 111.3 111.4 115.8 125.7 130.8 136 136.7 135.2 138.1 143 147.1 144.2 138.9 144.2 147 157.1
113.6 113.5 113.3 112.6 112.6 110.3 109.3 107.7 107.7 107.7 107.7 108.3 112.6 114.1 119.1 128.1 138.9 148.4 150.5 154.4 147.2 145.1 145.5 156.4 165.8 167.4 165.7 164.3 165.7 166.1 159 149.5 146.5 140.9 138.4 132 126.6 119.7 116.9 116.9 116.9 116.9 120.2 118.1 116.4 115.5 113 108.2 102.7 104.4 106.8 105.9 99.2 99.4 99.3 97.8 95.1 93.7 93.7 94.5 99.5 104.7 108.7 111.9 115.2 121.3 124.5 130.1 133 133.6 134.9 138.3 141.6 142 142.8 144.1 145.7 152
114 116.2 117.1 112.1 107.8 107.7 107.7 107.7 109.3 113 113.3 111.4 111.4 113.4 121.7 127.5 140.6 153.5 154.9 154.6 146.9 145.1 150.7 160.1 168.5 169.5 166.5 162.5 159 159.4 156 148 146.6 138.7 132.4 130.6 133 133.4 128.5 118.2 116.9 116.9 121.7 121.6 120.8 117.9 114.6 108.3 103.7 105.6 109.2 104.6 100.2 99.5 100.5 98.3 96.4 98 100.6 97.7 100.4 104.9 109.1 112.7 114.7 118.9 122.4 124.7 127.5 130.3 132.8 137.1 141.5 143.6 156.6 162.6 149.9 145.3
107.7 110.9 107.7 107.7 107.7 107.7 107.7 111.8 119.8 122.6 124.2 117.7 114.6 115.4 125.5 133 144.1 153.8 153.1 151.8 146.7 145.4 151.3 164.2 167.5 168 159.1 158.5 158.4 152.6 149.4 144.7 139.3 133.5 131.6 130.8 132 138.1 130.9 124.9 123.8 121.2 120.6 123.5 122.9 119.8 115.8 109.3 104.1 105.3 109.6 104 101.1 101.3 101.4 101 98.5 100.2 101.4 102.4 104 108 111.4 115.3 116.6 117.9 119.6 125.1 126.7 130.3 132.2 138.9 168.8 163.8 170.6 168 160.5 148
107.7 107.7 107.7 107.7 107.7 107.7 111.4 120.3 126.8 129 130 124.3 117.7 120 132.1 140 148.9 153.7 156.2 153.9 147 145.2 158.2 172.3 174.7 174.9 164.2 159.1 155.3 152.2 149.3 146 137.7 132.5 130.5 131.6 135.4 136 130 130 130.9 129 124.2 123.6 123.7 121.2 116.7 110.2 105.8 109.1 105.6 103.5 102.4 102.6 102.7 101.3 101.2 103.4 103.1 105.3 105.9 107.7 112.9 116.9 118 118.3 121.9 133.8 133.6 132.9 139.9 152.5 166.8 170.6 172.5 168.1 159 151
107.7 107.7 107.7 107.7 107.7 107.7 116.8 125.5 131.8 134.6 132.5 130.5 119.9 128 138.3 146.2 152.9 162.3 164.5 149.1 147.8 145.1 158.7 168.9 184.9 187.1 174.8 165 159.8 154.1 146.7 140.9 136.3 135.5 136.7 140.8 136.7 135.2 136.7 139.9 138.1 136.2 129.3 124.9 124 121.7 116.4 111.2 105.8 107.5 106.9 104.8 104.6 104.4 103.9 101.7 102.4 104.8 105.4 106.1 106.8 107.6 110.9 116.2 118.2 119.1 123.7 134.7 136.1 135.8 141.1 157.9 167.7 168.8 172.9 160.7 150.1 143
111.8 111.8 111.6 108.8 107.7 110.4 120.6 129.4 133.7 134.5 130.3 125.8 123.9 136.4 144.5 149.6 156.8 157.8 155.2 144.5 143.5 145.8 161.1 178.3 190 189.4 179.6 172.1 163.3 158.6 146.6 137.3 137.1 140.1 142.6 145.8 142.8 143.5 145.3 145.4 141.9 139.4 128.6 125.5 124 121.7 116.2 109.9 106.1 108 107.8 106.9 106.9 107.4 106.8 104.8 104.4 107 107.8 108.6 109.6 110.4 111.9 115.2 117.5 121.5 122.9 132 138.5 139.5 137.8 148 153.6 163.8 159.5 150.6 144.9 134.9
114.7 114.3 113.5 111.2 109.1 112.1 124.7 132 135.4 133.4 131.6 128.9 127.6 137.2 146.1 148.2 154.9 147.4 143.6 140.7 143.1 150.3 169.3 180 189.2 191 185.7 178.9 165.3 157.9 147.8 141.2 141.2 148.9 156.1 159 156.2 153.1 152.7 150.5 143.2 134.7 128.5 125.4 123.8 121.3 116.2 108.7 106.6 110.9 111.4 110 111.1 110.5 107.3 106.4 106.4 109.5 110.4 111.1 111.8 112.4 114.8 117.4 118.2 120.8 121.6 126.1 143.4 139.6 136.3 137.2 142.1 148.9 153.8 141.5 135.8 129.6
116.2 115.3 114.4 113.3 111.9 115.4 129.1 135.2 137.4 140.7 141.7 137.3 135.6 139.3 143.9 145.1 146.7 141.5 137.5 137.5 144.6 154.6 175.8 178.8 188.8 195.4 185.9 181.6 167.8 155.4 152 148.5 150.1 159.2 159.9 160.6 160.7 161 160.9 161.3 154.3 139.4 132.2 126.5 123.9 122.2 116.9 108 107.4 113.4 116.8 114.9 114 112.8 110.5 109.1 110 111.5 112.3 113.3 114.1 114.8 117.4 119.5 120.3 121 122.5 127.4 136.5 134.2 133.5 133.1 133.7 137.8 138.1 134.4 131.4 127.6
117.3 117.1 116.4 113.9 112.9 119.3 129.8 136 143.5 151.9 152.6 140.6 144.5 143.6 143.4 143.5 145 137.6 137.5 141.7 147.1 163.6 184.4 178.3 189.1 196.6 185 175.3 168.2 156.1 154.3 158.3 158.1 160.1 159.3 159.7 164.5 167 166.5 165.7 161.9 154 141.5 127.4 125.9 126.5 115.3 106.8 109.1 117.2 122.3 119.9 115.8 114.7 112.9 111.7 112.7 113.5 113.9 114.9 116 117 119.3 122.2 123.6 124.2 124.8 125.9 130.1 129.5 130.9 131.2 130.5 129.9 129.9 130.5 128 125.9
117.5 118.1 118.3 114.3 114.6 119.9 128 142.6 152.7 159.1 157.4 142 151.8 147.8 144.5 143.8 143.5 138.1 137.5 144.1 150.8 170.3 181.7 176.6 187.6 190 177.6 170.8 166.8 158.5 159 164.5 160.8 157.6 163.7 171.5 170.8 172.1 169.2 169.4 164 157.6 139.1 127.8 124.9 123.1 116.6 107.2 112.5 120 122.9 121.4 120.2 119.4 115.2 113.6 115 115.4 115.8 116.5 117.6 118.5 119.7 122.3 126.1 129.3 128.3 126.9 127.2 127.5 127.9 128.8 127.8 128.2 129 127.8 127 127
118.3 119.4 119.8 116.8 117.2 120.1 131.6 146.7 158.3 167 156.1 151.5 158.9 153.6 146.7 143.9 142.2 138.7 140.3 143.5 149.8 166 174.3 176.5 185.4 178.5 171.3 167.3 166.1 166.9 161.2 161.9 157 161.6 174.1 173.9 174.1 172.4 172.4 164.4 158.9 148.9 138.6 127.8 121 117 111.9 109.3 111.8 119.6 124.9 124.5 123.1 119 116.5 115.6 116.4 117 117.6 118.1 119.1 120 120.8 124.9 131.7 134 131.2 128.5 128.2 127.4 126.6 126.3 127.5 126.6 126.7 126.7 127.6 143.6
119.1 121.3 118.9 117 118.2 124.3 137.2 150.7 163.7 169.6 155 154.5 163.7 166.4 153.5 142.6 138.5 139.3 141.5 143 152.6 166.4 170.2 174.9 174.8 170.2 166.5 161.1 164.4 164.4 160.4 160.2 154.4 159.2 171 171.5 173.7 170.7 169.4 164.7 153.8 144.1 135.9 125.9 117.8 115.2 114.3 110.7 110.9 116.2 124.3 125.8 123.8 121.1 119 118.2 117.9 118.3 118.9 119.7 120.5 121.4 122.2 126.6 133.8 133.8 130.8 128.2 126.8 124.2 124.5 124.8 124.8 124 125.2 128.4 133.5 142.6
120.8 120.9 119.7 119.3 119.3 124.2 138.7 154.4 165.4 164 153.9 155.3 174.6 172.9 156 140.5 137 141.1 142 139.4 147.7 160.9 166.5 172.5 163.5 161.4 158.9 159.1 163.3 162.1 161 158.1 151.8 152.4 158.6 163.8 173.1 168.6 163.3 155.1 149.2 139.2 129.1 124.1 117.4 115.9 114.1 112.3 111 115.2 124.4 127.8 128.4 127.6 121.6 119.4 119.8 120.1 120.2 121 121.8 122.6 122.9 127.5 130.5 132.7 132.1 129.6 125.2 122 121.7 120.9 121.2 126.6 129.7 128.7 131.8 135.9
123.1 121.5 120.8 120.2 121.1 123.8 135.1 149.8 159.9 152.1 151 154.2 176.2 171.3 154.8 139.2 137.5 140.7 138.9 137.5 141.3 148.9 164.1 168.9 158.5 158.9 158.9 159.7 162.6 163.1 164.1 158.1 152 142.1 146 152.2 161.2 160.6 157.8 151.6 144 135.9 132 126.9 117.9 114.8 113.7 112 110.9 113.4 123.3 128.6 129.1 127.7 121.4 121.6 121.8 121.4 121.2 122 122.9 123.7 124.8 129.5 131.5 132.3 132.5 131.4 125.5 121.1 121 120.5 120.8 125.8 127.8 126.6 129.1 132.7
121.4 121.6 123.4 124.1 123.7 124.1 129.7 136.1 143.9 145.5 149.4 160 166.3 167.5 148.8 138 137.5 137.5 137.5 137.5 139.1 143.4 148.1 159.6 158.9 158.9 158.9 160.2 162.9 163.6 161.6 157.6 145.4 141.1 140.7 141 145.6 153.6 154.9 146.5 138.3 133.2 132.1 122.3 116.1 112.3 113.2 115.5 110.7 112 122.1 128.1 128 125.3 123.5 122.9 123.2 122.8 122.5 123 123.9 124.4 125.7 129.3 131.3 133.3 132.8 130.3 127 124 121.3 121.4 122.2 122.5 122 123.3 126.4 136.5
122 122.6 125.3 129.1 126.6 126.6 127.7 133.4 139 141.3 144.6 155.5 152.9 148.2 142.8 138.4 137.5 137.5 137.5 139.4 143.1 146.8 154.8 160.3 158.9 160.3 161.2 163.2 166.4 166.6 164.8 158.5 146.2 141.4 138.9 132.1 134 141.3 147.5 146 134.3 133.5 134.9 118 112.1 111.8 114.3 113.6 111.2 110.9 116.9 123.6 129.1 127 125 124.7 124.5 124.2 123.8 124 124.3 125.1 126.5 128.5 130.7 132.5 132.7 132.4 131 125.1 121.6 120.6 119.3 119.5 121.7 123.1 120.8 130.8
122.6 123.7 126.4 132.8 130.9 128.2 127 130.7 135.7 135.9 139.3 143.3 142 140.4 141.4 141.5 137.5 137.5 140.1 142.6 145.8 147.1 156 165.1 170.2 177.5 182 183.3 173.4 175 166.2 160 146.6 144.2 138.8 130.5 127.2 129.6 135 135.5 131.9 131.7 123.7 113.5 112.8 112 114.3 111.7 110.7 110.5 117.4 126.4 126.7 127.8 126.7 126.5 126.4 126.1 124.2 122.6 123.7 125.5 126.6 127.6 129.5 131.5 132.3 133.4 131.8 127.3 121.3 121 120.9 119.6 112.8 110.7 112.5 117.6
122.7 124.9 130.3 137.9 139.5 137.4 129.5 131.9 134.4 134.8 134.2 132.6 134.3 138 141.4 138.3 138.6 139.5 144.7 146 146.1 147.9 156.6 172.8 187.7 197.2 197 192.5 181.2 184.1 169.2 158.7 149.9 147.7 142.1 135.1 125.5 123.7 123.9 125.3 129.6 126.2 117.1 113.1 113.7 112.4 111.4 110.6 110.6 110.1 120.3 127 127.8 128.7 129 128.7 127.6 126.6 124.6 121.6 124.4 125.6 126.6 127.5 128.8 130.7 132.4 132.6 132.6 130.4 123.2 121.3 121.7 116.4 110.7 110.7 110.7 110.7
124.6 131.6 137 141.8 146.1 140.8 135.8 130.6 132.2 133 132.4 132.4 133.2 136.8 139 138.5 144.4 144.7 145.3 144.5 146 152.2 164.3 184.5 199.5 208.8 208.4 196 190.5 186 173.2 162.3 158 152.7 141.8 136.2 130.9 123.8 123.8 123.6 123.6 121.8 117.3 115.3 114.3 113 111.8 111.6 111.1 110.5 114.9 127.3 131 131.2 132.8 129.5 128.1 127 124.4 121.6 122.3 125.6 126.2 127.3 128.3 130.4 132.3 132.8 133 130.5 125.7 120.5 118 113.6 110.7 110.7 110.7 110.7
129.2 140.8 145 146.6 146.4 145 142 134.1 131.8 131.5 132.3 133.3 134.6 134.4 135.5 142.6 146.1 144.5 143 141.4 145.4 157.7 173.6 187.9 207.2 218.6 210.5 199.9 196.5 189.9 181.6 166.9 163.7 158.4 145 139.6 135.2 124.1 123.7 124.6 123.8 122.4 120.3 115.8 113.9 112.2 111.3 115.4 111.4 110.9 112 127.7 131.8 135.1 135.1 129.8 127.6 126.6 124.7 122.6 121.6 122.5 125.9 126.6 128.1 130.4 132.4 133 133.5 131.4 126.9 121 117.2 111.3 110.7 110.7 110.7 110.7
137.9 141.3 150.2 151.6 150.7 151.5 145.5 138.4 132.7 131.8 131.8 131.7 132.1 132.4 137.6 145 146.8 145.4 142.6 141.9 149.5 161.4 183 196.9 214.7 222.4 210 201 200.8 193.7 193.4 177.7 163.5 161.3 150.3 141.5 135.7 123.6 123.6 127.8 124 122.1 119.5 115.2 112.8 112.3 113.8 117.1 111.1 110.7 112.2 120.4 129.5 134.1 133.7 132.2 127.6 126.1 125 124 122.5 121.6 124.9 125.3 127.6 130 132.3 133.4 133.7 131.5 127.9 122.4 114.4 110.7 110.7 110.7 110.7 111.3
138.5 141.8 152.8 160.3 159.3 160.2 153 141.2 137 131.4 131.2 132 133 132.2 137.2 146.3 147.1 143.6 141.9 141.9 145.5 168 191.3 205.3 217.1 221.1 207.6 202.3 198.6 196.1 192.5 174 165.6 161.5 156.9 145.2 137.9 126.3 129.6 132.8 125.8 120.8 119.5 113 112.4 114.1 115.6 118.3 111.6 110.6 111.1 113.5 124.2 129.3 128.1 133.1 127.7 126.6 125.5 124.6 124.1 121.2 121.6 121.6 125.7 128.8 131.7 133.5 134 132.3 128.8 123.2 111.7 110.7 110.7 114 114.1 113.3
142.9 146.7 152.9 161.8 163.1 160.3 154 138.2 132.6 131.3 133.9 135.1 133.8 132.5 134.5 143 145.8 142.1 141.9 141.9 151.4 176.5 205.3 214.6 218.2 216.2 209.4 206.2 197 192.3 186.6 178.3 168.6 163.1 159.7 146.5 138.2 131.7 136.7 138.8 132.3 123.7 121.5 115.3 113.6 114.9 116.2 114.9 111.1 111 110.7 110.6 115.4 124.1 124.7 128.6 126.9 127.7 125.6 124.6 122.9 121.6 121.6 121.6 124.4 127.4 130.2 132.8 133.9 133 130 122 114.6 115.9 118.6 124.1 123.2 116.1
149.1 151.9 154.3 157 161.3 159.6 155 142 134.2 135.1 142.7 140.7 133.3 133.9 135.5 144.7 143 141.4 141.9 141.9 161.6 188.2 209.4 217.3 221.6 215.9 210.4 205.3 195.9 191 186 180.5 171.5 163.7 163.3 152.3 142 143.7 145 146.1 135.9 127.5 121.2 115.1 113.7 115.9 119.1 113 110.6 110.2 110.2 110.3 112.3 116.6 120.9 124.2 126.1 128.6 126.3 124.3 123.1 121.9 121.6 121.6 122 125.2 128.8 131.4 133 133.6 130.7 124.8 121.9 124.8 125.7 136.3 135.5 132.4
