app/static/ascii/NG99.asc
ncols 200
nrows 200
xllcorner 190000
yllcorner 890000
cellsize 50
[rows 88 to 131 of 200, columns 96 to 191 of 200]
-2 -2 -2 -2 -2 -2 -2 -2 -2 -2 -2 -2 -2 -2 -2 -2 -2 -2 -2 -2 -2 -2 -2 -2 -2 -2 -2 -2 -2 -2 -2 -2 -2 -2 -2 -2 -2 -2 -2 -2 -2 -2 -2 -2 18.3 37.1 48.5 56.6 61.8 65.8 70.8 71.6 71.5 70.7 69.3 70 70.5 69.7 65.7 63.2 57.3 52.6 51.4 57.3 61.5 55 51.4 45.1 42.8 40.5 31.9 30.1 28.5 28.4 27.6 20.8 22.6 16.9 13.9 9 2.9 -2 -2 -2 -2 -2 -2 -2 -2 -2 -2 -2 -2 -2 -2 -2
-2 -2 -2 -2 -2 -2 -2 -2 -2 -2 -2 -2 -2 -2 -2 -2 -2 -2 -2 -2 -2 -2 -2 -2 -2 -2 -2 -2 -2 -2 -2 -2 -2 -2 -2 -2 -2 -2 -2 -2 -2 -2 23.5 22.3 30.8 42.4 48.7 57.1 61.2 66.5 70.3 74.6 79.9 79.5 76 76.4 76.7 77 72.7 67.8 62.6 58 55.6 55.6 56.5 56.6 56.1 52.8 45.7 39.6 33.6 32.1 28.6 26.5 25 22.9 20.5 16.1 13.5 13.8 2 -2 -2 -2 -2 -2 -2 -2 -2 -2 -2 -2 -2 -2 -2 -2
-2 -2 -2 -2 -2 -2 -2 -2 -2 -2 -2 -2 -2 -2 -2 -2 -2 -2 -2 -2 -2 -2 -2 -2 -2 -2 -2 -2 -2 -2 -2 -2 -2 -2 -2 -2 -2 -2 -2 -2 18.3 35.5 41.8 47.7 37 42.9 47.5 52.7 58.9 68.4 76.3 84.1 85.9 87.5 85 83 82.8 82.1 79.1 76.2 73 67.7 64.1 61 58.3 57.6 57.2 55.3 48.3 38.6 36.2 33.3 29.8 27.3 24.5 21.6 18.6 16.5 16.1 14.3 2.4 -2 -2 -2 -2 -2 -2 -2 -2 -2 -2 -2 -2 -2 -2 -2
-2 -2 -2 -2 -2 -2 -2 -2 -2 -2 -2 -2 -2 -2 -2 -2 -2 -2 -2 -2 -2 -2 -2 -2 -2 -2 -2 -2 -2 -2 -2 -2 -2 -2 -2 -2 -2 -2 -2 17.9 33.4 40.3 45.3 51.3 46 46.3 50.2 54.9 61.1 70.1 79.5 88.2 93.1 95.2 95.8 92.7 91 89.2 86.4 83.8 80.9 77.6 74.1 70.4 67.5 64.4 59.3 54.2 45.4 40.3 38 35.1 32.3 29.2 25.3 23 21.1 18.6 16.5 15.2 6.4 0 -2 -2 -2 -2 -2 -2 -2 -2 -2 -2 -2 -2 -2 -2
-2 -2 -2 -2 -2 -2 -2 -2 -2 -2 -2 -2 -2 -2 -2 -2 -2 -2 -2 -2 -2 -2 -2 -2 -2 -2 -2 -2 -2 -2 -2 -2 -2 -2 -2 -2 -2 -2 -2 25.2 32.3 40.8 46.8 51 53.1 52.5 53.5 57.1 62.9 74.7 83.6 92.3 99.6 104.5 103.5 100.3 97.8 94.7 92.2 89.5 86.8 83.9 80.9 77.1 74.1 70.8 66.5 60.1 48.2 43.8 42.7 38.7 35.9 32.5 29.9 27 24 21.6 19.5 17.3 15 6.7 -2 -2 -2 -2 -2 -2 -2 -2 -2 -2 -2 -2 -2 -2
-2 -2 -2 -2 -2 -2 -2 -2 -2 -2 -2 -2 -2 -2 -2 -2 -2 -2 -2 -2 -2 -2 -2 -2 -2 -2 -2 -2 -2 -2 -2 -2 -2 -2 -2 -2 -2 -2 12.4 24 32.6 42.1 48.2 54.2 58.5 60.2 60.9 61.9 68.1 78.3 88.5 99 110.5 115.2 110.4 105.6 103.4 100.8 98.2 95.7 93.2 90.5 85.2 81.3 78.2 74.6 71.2 66.6 57.4 48.4 45.6 44 41.6 39.1 34.4 31.3 28.3 25.4 22.9 20.3 18 15.3 4.7 -2 -2 -2 -2 -2 -2 -2 -2 -2 -2 -2 -2 -2
-2 -2 -2 -2 -2 -2 -2 -2 -2 -2 -2 -2 -2 -2 -2 -2 -2 -2 -2 -2 -2 -2 -2 -2 -2 -2 -2 -2 -2 -2 -2 -2 -2 -2 -2 -2 -2 -2 12.1 19.9 36 46.5 52.9 59.3 62.4 66.5 68.5 70.1 73.4 80.7 90.9 105.3 120.6 121.9 114.6 109.4 106.7 104.6 102.4 100 96.8 91.9 88 84.4 81.6 78.3 75 71.5 67.1 56.4 48 50.4 49 46.4 41.2 36.4 33 29.5 26.6 23.6 21.2 18.5 15.7 3.7 -2 -2 -2 -2 -2 -2 -2 -2 -2 -2 -2 -2
-2 -2 -2 -2 -2 -2 -2 -2 -2 -2 -2 -2 -2 -2 -2 -2 -2 -2 -2 -2 -2 -2 -2 -2 -2 -2 -2 -2 -2 -2 -2 -2 -2 -2 -2 -2 -2 -2 8.3 15 31.8 46.1 57.8 65.4 63.7 64.2 68 71.5 73.9 77.4 83.3 93.6 113.4 122.4 113.1 109.4 108 106.8 104.7 102.4 98.4 94.1 90 86.1 83.4 80.4 77.1 74.2 71.6 62.8 52 57.1 54.8 52.4 48.9 44.1 37.8 35.1 30.8 27.2 24.5 21.9 19 15 1.2 -2 -2 -2 -2 -2 -2 -2 -2 -2 -2 -2
-2 -2 -2 -2 -2 -2 -2 -2 -2 -2 -2 -2 -2 -2 -2 -2 -2 -2 -2 -2 -2 -2 -2 -2 -2 -2 -2 -2 -2 -2 -2 -2 -2 -2 -2 -2 -2 -2 7.5 16.5 22.6 38.2 48.6 53 57.9 61.3 62.9 64.3 66.6 70.6 75.8 84 91.6 104.6 105.7 106.4 107.1 106.6 105.7 103.1 99.8 95.1 90.9 87.4 84.6 81.8 79.3 76.6 74.1 68.7 55.4 61 60.9 58.6 55.2 51 45.3 41.1 35.8 31.6 28.8 25.1 22.1 19.2 8 -2 -2 -2 -2 -2 -2 -2 -2 -2 -2 -2
-2 -2 -2 -2 -2 -2 -2 -2 -2 -2 -2 -2 -2 -2 -2 -2 -2 -2 -2 -2 -2 -2 -2 -2 -2 -2 -2 -2 -2 -2 -2 -2 -2 -2 -2 -2 -2 -2 10.9 18.3 31.2 39.1 50.9 61 63.1 62.2 62.1 62.9 65.3 70.9 74.1 74.1 78.8 93.7 94.1 95.9 99 101.1 101.4 101 98.9 95.9 92.2 88.7 85.7 83 80.8 78.7 76.4 73.4 62 60.6 63.4 62.7 60.2 55.7 52.6 49.2 42.3 38.4 33.6 29.8 25.8 21.4 18.6 5.9 -2 -2 -2 -2 -2 -2 -2 -2 -2 -2
-2 -2 -2 -2 -2 -2 -2 -2 -2 -2 -2 -2 -2 -2 -2 -2 -2 -2 -2 -2 -2 -2 -2 -2 -2 -2 -2 -2 -2 -2 -2 -2 -2 -2 -2 -2 -2 -2 15.7 21.6 33.7 37.3 48.1 60.1 64.4 63.4 62.9 63.5 64.4 68.2 74.4 71.1 70 74 80.1 84.1 87.6 90.9 92.8 93.9 94.4 94.2 92.2 90 86.9 84.5 82.3 80.2 78.2 76 69.1 60.6 65.1 65.7 63.3 60.1 58.8 55.8 49.3 46.5 41.5 34.5 28.1 24.9 21.8 15.8 4.4 -2 -2 -2 -2 -2 -2 -2 -2 -2
-2 -2 -2 -2 -2 -2 -2 -2 -2 -2 -2 -2 -2 -2 -2 -2 -2 -2 -2 -2 -2 -2 -2 -2 -2 -2 -2 -2 -2 -2 -2 -2 -2 -2 -2 -2 -2 9.7 15.5 22.3 37.7 41.5 50.9 60.8 67.8 64.9 63.8 64.2 64.4 65.2 66.2 67.5 69.4 71.7 75.5 78.2 80.8 84.4 86.8 88.3 88.8 88.8 89.2 87.8 86.3 85.2 83.3 81.8 79.9 77.9 74.9 62.9 67 68.5 66.4 63.5 63.1 59.8 56.3 53.4 48.1 35.8 35 31.4 25.4 22.5 15.9 4.9 -2 -2 -2 -2 -2 -2 -2 -2
-2 -2 -2 -2 -2 -2 -2 -2 -2 -2 -2 -2 -2 -2 -2 -2 -2 -2 -2 -2 -2 -2 -2 -2 -2 -2 -2 -2 -2 -2 -2 -2 -2 -2 -2 -2 -2 7.5 13.3 24.2 38.9 48.9 57.2 65.6 67.4 70.8 67.8 66.3 65.9 67.2 69.5 73.9 78 82 79.7 78.6 80.1 84.4 86.3 87.6 88.1 88.1 87.7 86.7 86 85 83.5 82.2 81 79.7 77 67.5 69.3 70.7 68.5 67.6 65 63.7 61.4 56.9 48.3 44.6 44.4 39.5 32.5 27.5 24.5 19.7 10 -2 -2 -2 -2 -2 -2 -2
-2 -2 -2 -2 -2 -2 -2 -2 -2 -2 -2 -2 -2 -2 -2 -2 -2 -2 -2 -2 -2 -2 -2 -2 -2 -2 -2 -2 -2 -2 -2 -2 -2 -2 -2 -2 -2 -2 11.4 25.9 35.8 48 65 73.6 78.9 72.7 75.1 69.8 69.8 72.6 77.1 82.4 90.8 91.9 89.2 82.5 83 85.5 86.9 87.8 88.5 88.3 88.1 86.3 85.4 84.6 83.7 82.4 81.3 80.5 78.8 74.4 66.2 71.6 71.1 70.1 67.6 66 64 56.9 48.8 53.7 50.9 45.5 38.7 34 29.7 25.5 21.5 10.5 3.3 0.9 -2 -2 -2 -2
-2 -2 -2 -2 -2 -2 -2 -2 -2 -2 -2 -2 -2 -2 -2 -2 -2 -2 -2 -2 -2 -2 -2 -2 -2 -2 -2 -2 -2 -2 -2 -2 -2 -2 -2 -2 -2 -2 15.3 25 38 50.2 59.1 75.4 79.4 76.5 75.1 74.3 77.1 82.4 87.7 92.8 98.7 99.4 96.6 89.9 86.9 88.3 90.2 91.5 89.7 89 89.3 87.1 85.4 84.1 82.8 82.1 81.2 80.2 79.2 77 75.3 70.1 70.7 71.1 70.9 68.6 66 56.3 60.8 59.8 55.7 50.5 43.9 39 34.4 30.2 26.6 21.9 14.4 10.3 6.1 2.4 -2 -2
-2 -2 -2 -2 -2 -2 -2 -2 -2 -2 -2 -2 -2 -2 -2 -2 -2 -2 -2 -2 -2 -2 -2 -2 -2 -2 -2 -2 -2 -2 -2 -2 -2 -2 -2 -2 -2 8.1 19.9 32.4 47.1 60.6 70.7 75.7 82.3 81.2 77.3 80.2 86.7 93 100.5 106.1 110.4 112.8 106.1 96.9 92 91.3 93.4 96 95.5 92.2 90.5 88.2 85.7 84.4 81.4 81 80.5 80.7 79.4 79.1 78.7 77.2 75.8 72.2 71.8 71 66.7 64.3 64.8 63 60.6 55.4 50.3 44.6 38.5 34.4 32 26.3 21.6 20.1 19.3 11.6 5.8 1.5
-2 -2 -2 -2 -2 -2 -2 -2 -2 -2 -2 -2 -2 -2 -2 -2 -2 -2 -2 -2 -2 -2 -2 -2 -2 -2 -2 -2 -2 -2 -2 -2 -2 -2 -2 -2 -2 11.4 25.3 37 58.2 79.2 94.2 101.6 96.9 87.3 82.1 83.5 89.3 100.8 115.6 118.9 123.8 123.5 116 108 99.1 95.1 96.6 98.2 97.6 96 93.5 91.3 89.5 86.8 84.8 81.4 80.9 80.4 79.6 80.6 80.2 79.5 77.7 75.4 74.2 73 68.2 68.2 67.2 65.7 63.5 60.9 55.3 50.2 46 41.2 37 29.2 26 24.9 22 18.6 14.7 8.9
-2 -2 -2 -2 -2 -2 -2 -2 -2 -2 -2 -2 -2 -2 -2 -2 -2 -2 -2 -2 -2 -2 -2 -2 -2 -2 -2 -2 -2 -2 -2 -2 -2 -2 -2 -2 -2 12 25.6 40.6 60.1 88.1 108.6 109.5 101.7 91.8 88.3 88.5 90.6 95.2 116.4 131.4 137.2 132.5 121.4 114.9 108.7 102 98.4 99.5 99 98.1 96.2 93 91.3 89.7 86.5 84.6 82.7 80.6 80.5 81.6 81.1 80 78.5 77 75.6 74.3 71.4 69 70.1 68.6 66.3 63.2 59.2 55.2 50.9 45.8 39.7 33.8 32.3 29.6 26.9 21.6 17.4 15.9
-2 -2 -2 -2 -2 -2 -2 -2 -2 -2 -2 -2 -2 -2 -2 -2 -2 -2 -2 -2 -2 -2 -2 -2 -2 -2 -2 -2 -2 -2 -2 -2 -2 -2 -2 -2 -2 19.8 28.8 44.5 62.9 89.1 106.5 103.9 97.2 92.2 91.7 92 94.5 98.9 104.5 112.2 141.6 136.2 123.1 117.7 112.6 107.4 102.4 101.9 101.4 100.3 97.1 94.8 93.2 91.2 89.5 87.7 85.3 81.9 82 82.7 81.8 81.2 79.9 78.4 77 75.3 71.8 71.3 71.3 70.6 68.8 66.2 62.5 59.3 55.8 48.6 43.6 43.3 39.2 37.3 32.9 27.4 22.5 19.3
-2 -2 -2 -2 -2 -2 -2 -2 -2 -2 -2 -2 -2 -2 -2 -2 -2 -2 -2 -2 -2 -2 -2 -2 -2 -2 -2 -2 -2 -2 -2 -2 -2 0.5 1.4 3.4 8.7 27.4 37.2 53.8 75 89.8 99.5 110.1 106.3 108.3 98.1 96.5 103.5 112.8 116.8 122.1 119.8 123.5 122.4 119.7 115.5 110.6 105.8 104 103.5 102.6 99.4 97.1 95.2 93.4 92.1 89.3 87.4 85.1 84.2 83.6 82.9 82.4 81.4 79.9 78.2 77 75.4 73.7 73.1 72.2 71.2 69.4 65.8 60.1 55.2 51.7 52.2 50.8 46.7 44 39.5 35.1 30.2 25.2
-2 -2 -2 -2 -2 -2 -2 -2 -2 -2 -2 -2 -2 -2 -2 -2 -2 -2 -2 -2 -2 -2 -2 -2 -2 -2 -2 -2 -2 -2 -2 1.9 4.5 5.9 8.2 16.9 27.8 34.6 46 59.9 80.1 105.3 117.9 118.2 114.5 113 108.3 108 114.4 122.8 130.1 132.5 136.6 129.1 124.1 120.8 117.8 113.7 109.5 106 104.7 104 101.4 99.4 97.5 95.8 94.1 92 89 87.9 87 86.6 84.9 84 83 80.8 80.3 78.4 76.9 76 75.1 74.2 73.4 71.7 64.2 61.6 60.6 59.9 58.4 56.2 52.6 49 46.1 43.8 39.5 34
-2 -2 -2 -2 -2 -2 -2 -2 -2 -2 -2 -2 -2 -2 -2 -2 -2 -2 -2 -2 -2 -2 -2 -2 -2 -2 -2 -2 -2 -2 -2 6.4 15.2 22.8 31.9 33.4 35 41.8 51 66.9 86.3 110.4 120.7 131.1 131.8 131.2 147.9 130.3 144.1 144.6 152.2 148.5 139.2 132.3 128.1 123.8 120.3 117.5 114.9 111 107.8 105.4 103.6 102 100.3 98.7 97 95.6 93.4 91.9 90.6 89.3 87.5 86.5 85.5 83.8 82.4 81.2 79.6 78.1 77.2 76.3 75.6 73.3 66.1 69.1 67.8 65.1 62.2 61 57.7 54.1 51.4 49.6 46.1 40.1
-2 -2 -2 -2 -2 -2 -2 -2 -2 -2 -2 -2 -2 -2 -2 -2 -2 -2 -2 -2 -2 -2 -2 -2 -2 -2 -2 -2 -2 -2 -2 11.2 32 36.4 41.2 44.4 47.8 48.3 56.5 68.8 85.9 110.5 112.2 130.5 144.2 167.6 165.2 156.2 166.2 171.2 169.8 161.2 148.7 141.5 136.2 131.1 126.9 123 120.8 117 112.8 109.6 107.2 105.4 103.7 102 100.5 99.2 97.8 96.2 95.2 93.4 91.9 90.4 88.5 86.9 85.7 84.6 82.6 80.7 79.4 78.5 77.5 75.5 72.8 68.2 69.8 68.6 66.7 63.9 61.7 58.5 56.1 54 50.9 47.7
-2 -2 -2 -2 -2 -2 -2 -2 -2 -2 -2 -2 -2 -2 -2 -2 -2 -2 -2 -2 -2 -2 -2 -2 -2 -2 -2 -2 -2 -2 -2 19 35.1 40.8 46.1 51.4 56.4 61.7 65 69.1 79.2 88.7 106.3 124.1 148.1 161.4 159.3 160.8 170.6 179.1 174.6 166.6 157.8 153.3 147.8 142.6 137.3 133 128.4 125.4 120 116.6 113.8 110.9 108.6 105.8 104.7 103.2 101.9 100.8 99.7 98.2 96.7 95.3 93.1 91.1 89.7 88.2 86.4 84.5 82.7 81.6 80.7 78.3 77.2 70.5 72.6 70.9 69.2 67.1 65 62.7 60.6 58.2 54.6 52.7
-2 -2 -2 -2 -2 -2 -2 -2 -2 -2 -2 -2 -2 -2 -2 -2 -2 -2 -2 -2 -2 -2 -2 -2 -2 -2 -2 -2 -2 -2 -2 14.5 33.5 42.3 49.4 55.6 61.8 67.6 72.9 79.4 85 90.6 103.3 114.7 125.9 137.3 149.5 160.5 175.2 178.2 173.7 171.1 167.1 162.7 157.7 152.3 148.3 143 138.8 134.6 129.5 125.2 121.1 118.6 115.8 113 110.8 108.5 107 105.4 104 102.3 100.8 99.5 98.2 96.4 94.6 92.9 91.4 89.4 86.9 84.9 83.9 81.9 78.7 76.6 75.5 73.2 71.3 69.2 68.2 67.1 65.2 63 59.7 57.7
17.2 -2 -2 -2 -2 -2 -2 -2 -2 -2 -2 -2 -2 -2 -2 -2 -2 -2 -2 -2 -2 -2 -2 -2 -2 -2 -2 -2 -2 -2 -2 12.8 30.5 40 48.9 57 63.9 71.1 78.5 85.6 92.8 98.2 103.4 113.7 124.4 136.7 150.7 159.2 164.6 169.5 172.5 172 170.5 169.7 166.5 162.4 159 154.6 149.5 145.5 140.9 135.5 132 127.8 124.2 121.3 118.4 115.9 113 110.4 108.5 106.9 105.1 104.2 103.1 101.6 100 98.6 96.7 94.6 91.7 89.2 87.3 85.2 81.6 81.1 79.6 77.3 75 71.8 70.6 69.6 68.6 66.8 64.8 62.8
15.9 -2 -2 -2 -2 -2 -2 -2 -2 -2 -2 -2 -2 -2 -2 -2 -2 -2 -2 -2 -2 -2 -2 -2 -2 -2 -2 -2 -2 -2 -2 12.3 25.5 36.1 45.7 55.1 64.2 72.8 81.2 88.8 96.7 103.4 108.5 113.5 119.1 128.4 135.8 145.8 154.1 162.5 170 172.3 170.6 170.9 170.9 169.9 168 164.8 161 156.5 151.9 147.5 142.8 137.6 133.4 130.2 127.3 123.8 120.7 117.8 114.6 113 110.1 108.7 107.8 105.7 104.5 103.7 102.2 99.6 97 94.5 92 89.2 86.6 84.7 84.1 81.8 79.3 76.3 73.5 71.9 70.5 69.6 69 66.4
25.5 -2 -2 -2 -2 -2 -2 -2 -2 -2 -2 -2 -2 -2 -2 -2 -2 -2 -2 -2 -2 -2 -2 -2 -2 -2 -2 -2 -2 -2 -2 9.5 21.2 30.1 40 50.3 60.4 70.7 80.3 90.3 98.5 105.6 111.5 117.1 122 128.1 135.2 142 150 156.3 162.2 165.4 168 169.4 169.8 170 170.1 169.1 167.5 164.5 161.9 158 153.8 149.6 144.5 139.9 136.1 132.4 129.9 126.7 123.6 120.8 118 115.4 113.4 111.1 109.6 108.7 107.2 104.6 103.1 100.5 97.6 95.7 92.1 90.2 87.7 85.8 83.8 81.5 78.7 75.5 73.4 71.9 71.3 69.3
28.5 -2 -2 -2 -2 -2 -2 -2 -2 -2 -2 -2 -2 -2 -2 -2 -2 -2 -2 -2 -2 -2 -2 -2 -2 -2 -2 -2 -2 -2 -2 4.2 17.3 25.8 34 43.9 53.6 64.8 76.3 86.3 97.1 104.3 109.4 117.3 124.1 129.5 135.7 142.1 148.9 155.7 163 168.2 170 168.3 168.5 168.7 169.1 168.8 168 167.4 166.6 164.9 162.8 159.3 155.9 151.8 147 142.5 138.9 136.3 132.4 129.8 126.3 123.8 120.8 118.1 115.7 113.6 111.6 109.7 108.5 107.1 103.7 101.5 98.9 94.1 91.7 89.4 87.7 86.2 85.4 80.4 76.6 74.4 73.2 71.2
28.4 -2 -2 -2 -2 -2 -2 -2 -2 -2 -2 -2 -2 -2 -2 -2 -2 -2 -2 -2 -2 -2 -2 -2 -2 -2 -2 -2 -2 -2 -2 6.2 15.9 22.9 29 37.3 46.4 57.6 67.8 75 86 91.7 100.5 110.5 116.6 123.4 130.5 138.8 146.2 152.2 158.9 165.3 169.1 166.3 167.1 167.5 168.2 168.5 168.3 168 167.5 166.5 165.8 164.4 162.7 159.5 157.2 154 149.3 144.8 141.8 138.4 134.5 132.4 129.3 126 123.6 119 116.6 114.7 113.1 111.3 109.8 106.9 104.9 101.2 96.8 92.9 91.9 91.5 91.2 86.6 81.5 77.6 76.4 73.5
28.5 10 5.9 -2 -2 -2 -2 -2 -2 -2 -2 -2 -2 -2 -2 -2 -2 -2 -2 -2 -2 -2 -2 -2 -2 -2 -2 -2 -2 -2 -2 2.4 15.2 21.2 26.6 32.5 40.2 48.9 56.7 64.3 72.5 84.4 94.1 99.7 105.3 114.7 122.8 132.6 140.3 148.2 152.6 156.3 159.1 161.6 163.1 164.5 165.6 166.1 166.4 166.8 166.9 167.1 167.4 166.8 166.1 164.6 163.1 161.2 159.1 155.7 151.6 147.3 143.2 140.3 137.6 134.4 131.7 127.5 123.8 120.9 118.5 116.5 115.1 113.4 110.9 108.2 102.6 98.1 95.7 97 95.5 91.9 87.1 83.3 80.2 78.2
27 14.8 -2 -2 -2 -2 -2 -2 -2 -2 -2 -2 -2 -2 -2 -2 -2 -2 -2 -2 -2 -2 -2 -2 -2 -2 -2 -2 -2 -2 -2 3.9 14.8 20.3 27.4 31.4 35.6 41.6 50.4 57.5 65.3 73.5 81.8 89.4 97.2 106.3 115.7 126.1 135.5 142.8 147.1 150.2 153.1 155.5 158.1 160 161.1 162.3 163 163.7 164.1 164.8 165.6 166.7 166.5 166.2 165.9 165.1 164.2 163 161.1 157.7 152.9 149.9 146.9 143.7 140.1 137.1 132.2 128.8 126.4 122.6 120.3 118.6 116.5 113.3 107.4 103.9 100.4 103.1 98.7 96.6 93.2 88.9 85.9 82.9
26.3 9.7 -2 -2 -2 -2 -2 -2 -2 -2 -2 -2 -2 -2 -2 -2 -2 -2 -2 -2 -2 -2 -2 -2 -2 -2 -2 -2 -2 -2 -2 8.1 15.6 21.2 23.8 27.2 33 38.3 45.6 52.3 59.4 66.8 73.5 81.5 90 99.3 111.4 121.3 129.1 136 139.9 143.7 147.1 149.8 152.5 154.4 156.2 158 159.5 160.5 161.1 161.8 162.9 164.1 164.9 165.8 166 166.1 165.7 165.6 165.3 164 162.1 159.8 156.5 152.3 148.3 145 142 138.8 134.5 131 127.3 125 121.3 116.7 113.1 110.9 103.3 105.6 102.6 100.6 98.3 94 92.4 89
22.9 2.6 -2 -2 -2 -2 -2 -2 -2 -2 -2 -2 -2 -2 -2 -2 -2 -2 -2 -2 -2 -2 -2 -2 -2 -2 -2 -2 -2 -2 6.6 12.9 17 20.1 22.2 26.1 30.5 34.8 40.7 47.9 54.5 60.9 67.4 76.8 86 94.7 102.4 110.2 117.7 124.9 130.6 135.5 139.3 143.3 146.3 148.2 150.1 152.5 154.1 155.6 157.7 159 160 161 161.9 162.8 163.9 165 165.7 166.1 166.1 165.8 165.9 165.2 164 161.6 157.1 153.4 150.1 146.7 143.7 139.8 135.4 131.9 127.5 121.4 117.4 114.6 112 109.8 108 104.2 103.3 99.9 97.4 95
19 1 -2 -2 -2 -2 -2 -2 -2 -2 -2 -2 -2 -2 -2 -2 -2 -2 -2 -2 -2 -2 -2 -2 -2 -2 -2 -2 -2 7.4 12.1 15.3 17.2 18.6 20.6 23.7 27.9 32.3 37.2 42.4 48.7 55.4 62.4 69.4 77 84.5 92.6 100.1 106.9 113.8 119.6 124.6 130.6 134.4 137.1 139.9 143 146.2 148.2 150.2 152.1 153.7 155.4 157.2 158.8 159.8 160.8 161.7 163.1 164 165.4 166.5 166.7 166.9 166.5 166.1 164.7 162.4 158.2 154.4 151.3 147.9 144.3 140.2 134.6 129.6 125.6 120 117.6 117.8 115.2 109.6 106.8 106.1 103 99.4
21.1 1.1 -2 -2 -2 -2 -2 -2 -2 -2 -2 -2 -2 -2 -2 -2 -2 -2 -2 -2 -2 -2 -2 -2 -2 -2 -2 -2 9.3 12.7 13.5 14.8 14.8 17 19.1 21.4 25.3 28.6 33.3 37.6 43.2 49.8 55.4 61.9 68.9 75.8 83.3 90.7 97.3 103.9 109.5 115.7 120.9 125.1 129.1 132.3 136.1 139.3 141.3 143.5 145.7 147.8 149.6 151.4 153.2 155.1 157.1 158.4 159.7 161.2 162.5 163.7 164.7 165.7 166.7 166.7 166.8 166.4 165.4 162.9 159.5 155.8 152.7 149.6 144.1 139 133.9 129.2 121.4 123 120.9 117.8 111.2 113.1 108.1 105.1
24.1 1.5 -2 -2 -2 -2 -2 -2 -2 -2 -2 -2 -2 -2 -2 -2 -2 -2 -2 -2 -2 -2 -2 -2 -2 -2 -2 3.3 12 12.9 12.2 12.6 13.5 15.6 17 19.4 21.7 25.1 29.2 33.5 37.7 42.7 48 53.8 61.2 67.2 74.2 81.1 88 94.5 100.3 105.8 110 114.5 120.3 124 127.2 129.4 132.5 135.3 137.8 140.3 142.3 144.2 146.8 149.3 151.2 153.1 155.5 157.6 159.5 160.9 162.1 162.8 164.5 165.3 166.1 167 167.2 167.1 166.2 163.5 160.5 157 153.4 148.8 144.2 137.5 133.3 130.2 126.1 123.1 119.3 119.8 112.1 109.7
23 1.7 -2 -2 -2 -2 -2 -2 -2 -2 -2 -2 -2 -2 -2 -2 -2 -2 -2 -2 -2 -2 -2 -2 -2 -2 -2 -2 -2 9.5 10.1 11.3 12.5 13.7 14.7 16.6 19.3 22.9 26.7 30.1 32.8 36 40.4 46.3 52 58.8 66 72.8 79.1 84.9 90.7 95.8 100.4 105.7 110 114.5 118 121.2 124.1 127.2 129.8 132.2 134.4 136.4 139.3 142.3 144.9 146.4 149.4 152.2 154.5 156.4 158.3 160.2 161.7 163.1 164.4 165.4 166.5 167.7 167.9 168.1 166.5 164.4 161.1 157.5 154 148.4 142.4 138.7 130.4 128.8 126.9 125.6 118.1 114.5
27 5.1 -2 -2 -2 -2 -2 -2 -2 -2 -2 -2 -2 -2 -2 -2 -2 -2 -2 -2 -2 -2 -2 -2 -2 -2 -2 -2 -2 2 4.7 7.6 8.2 11.5 12.5 14.4 16.9 19.7 23.5 26.7 29.6 32.2 36.1 39 43.3 49 56.6 63.2 69.4 75.3 80.6 85.5 91.1 96.8 100.7 105.4 109.5 112.6 115.8 118.7 120.6 122.8 125.4 128.7 131.4 133.9 137.2 139.8 142.6 145.5 148.6 151.5 154.1 155.9 157.6 160.3 162 163.5 164.7 166 167.7 168.2 168.9 169 167.3 164.8 161.6 157.9 152.2 147.3 140.5 137.7 134.5 130.1 126 120.8
28.2 15 -2 -2 -2 -2 -2 -2 -2 -2 -2 -2 -2 -2 -2 -2 -2 -2 -2 -2 -2 -2 -2 -2 -2 -2 -2 -2 -2 -2 -2 0.9 5.1 9.1 10.1 11.6 14 16.9 19.6 22.8 26.6 30.9 33.5 35.8 38.4 40.2 45.6 52.5 58.7 64 69.7 75.3 82.4 87.3 92.2 96.8 101 104 106.7 110.6 113.9 115.9 118.3 120.2 122.7 125.3 127.8 130.8 135 138.4 140.8 143.3 147.1 150.1 153 155.5 158.1 160.4 162.3 164.2 165.8 167.7 168.5 169.3 170.3 169.9 168.2 165.3 161.1 154 149.4 144.7 141.5 138.2 134.3 129.4
28.5 20.6 9.1 -2 -2 -2 -2 -2 -2 -2 -2 -2 -2 -2 -2 -2 -2 -2 -2 -2 -2 -2 -2 -2 -2 -2 -2 -2 -2 -2 -2 -2 -2 4.7 6.6 8.7 10.5 13.5 16.2 21 24.4 28.3 31.5 33 33.7 35 38.1 42.2 49.4 55.7 61.2 67.8 72.6 76.6 82.7 87.6 90.7 96.1 99.6 104.1 107.7 109.6 112 113.9 115.8 117.5 119.6 122.4 125.2 128.1 131.8 136.2 139.7 142.3 145.8 149.9 152.5 155.5 158.1 161.1 163.6 165.7 167.7 169.1 170.1 171.3 171.9 171.2 168 163.6 160.5 152.7 150.8 144.5 141.2 137.7
27.2 19.7 9.9 -2 -2 -2 -2 -2 -2 -2 -2 -2 -2 -2 -2 -2 -2 -2 -2 -2 -2 -2 -2 -2 -2 -2 -2 -2 -2 -2 -2 -2 -2 0 1.7 2.7 9.2 12 14.4 15.9 19.2 22.5 25.6 27.6 29.5 32.9 35 35 41 46.8 54.3 61.4 65.9 68.5 71.6 75.8 79.8 85 89.7 95.7 99.2 103.6 107.3 109.3 110.7 112.3 113.8 115.3 117.1 119.9 123.1 126.1 131.2 134.9 138.2 141.7 145.5 149.1 152.5 156.4 159.9 162.8 165.3 167.5 169.9 171.2 172.5 173.7 174.2 172.2 168.5 163.8 157.5 153.1 147.9 144.7
23.9 17.5 4.6 -2 -2 -2 -2 -2 -2 -2 -2 -2 -2 -2 -2 -2 -2 -2 -2 -2 -2 -2 -2 -2 -2 -2 -2 -2 -2 -2 -2 -2 -2 -2 0.2 1.5 4.3 9.7 11.8 13 15.4 18.8 23.6 23.4 26.8 28.4 29 33.8 40.4 46.8 55.2 60.4 62.6 64.6 65.8 67.1 71.9 75.3 78.3 84.7 89.7 94.8 98.5 101.5 103.6 105.9 107.8 110 112.2 113.8 115.8 118.6 122.4 125.5 129.5 134.3 137.8 142.5 146.4 150.7 154 158.1 162.2 165.2 167.8 170.6 172.3 173.9 175.3 176.4 175.9 173.1 167.8 161.1 156 151.4
20.8 15 -2 -2 -2 -2 -2 -2 -2 -2 -2 -2 -2 -2 -2 -2 -2 -2 -2 -2 -2 -2 -2 -2 -2 -2 -2 -2 -2 -2 -2 -2 -2 -2 -0.3 0.9 2.1 6.6 10.7 11.6 12.5 15.2 18.5 20.4 22.8 24.1 25 30 36.9 43.2 48.4 53 62.5 63.3 61.1 61.4 63.1 67.3 71.2 76.3 80.7 82.8 84.5 86.8 91.3 94.5 98 101.4 105.3 109 112 114.4 116.6 119.8 123.1 126.4 129.7 134.9 139.4 143.3 147.8 152.1 156.3 160.1 164.7 168.1 171.3 173.5 175.1 176.6 178 178.9 176.6 170.8 164.1 157.9
