app/static/ascii/NH00.asc
ncols 200
nrows 200
xllcorner 200000
yllcorner 800000
cellsize 50
[rows 70 to 104 of 200, columns 79 to 157 of 200]
559.4 511.4 482.5 452.5 426 406 403.8 395.4 398.9 402.5 412.1 414 414.9 415.1 412 413.6 418.5 423.9 429.3 437.8 442.8 441.1 435.7 430.4 420.4 405.1 385.5 377.2 358.2 342.1 330.6 313.8 309.1 305.1 302.6 300.2 298.6 297.4 292.9 292.2 291.5 292.3 292.4 291.3 291.6 290.3 292 292.7 293.5 297 301.4 300.2 304.4 306.3 307.5 307.5 307.9 307.6 309.2 305.7 298.2 294.1 286.9 282.5 277.4 275.4 276.2 275.2 273.9 277.8 280.5 283.7 285.6 291 294.6 300.6 307.6 317.8 325.7
568.4 530.9 499.1 466.7 445.5 427.3 425.2 406.5 414.1 423.2 430.3 436.8 433.6 434.4 423.7 430.9 435.8 437.8 447.7 456.9 460.3 461.7 457.7 448.8 435.2 415.1 399.4 382 359.9 344 323.8 320.9 318.2 312.4 313.3 308.5 303.4 301.2 296.5 296.8 297.3 297.9 296.2 296.6 296.5 296.2 296.4 299.3 300.4 303.5 306.1 308.7 312.6 316.5 319.9 317.7 317.3 317.4 315.5 310.5 302.4 298.1 289 283.8 282 279.1 278.1 276.7 274.1 274.1 276.5 279.3 280.6 283.2 285.3 288.3 295.7 303.7 310.9
581.4 544.6 506.8 481.5 458.6 436.3 429.1 427.1 428.7 439.4 451 451.4 443.1 441.1 445.6 447 444.2 449.9 459.6 471.4 478.7 481.6 474.1 455.7 439 428.9 408.5 385.9 364.3 347.2 329.3 330.6 326 325.9 324.5 318.1 310.4 307.4 302.8 301.3 305.3 304.5 301.5 300.5 300.8 303.4 302.9 305.6 309.4 311.4 313.8 317.2 320.7 322 322.5 323.7 326.6 323.6 320.6 313.7 305.9 298.3 292.5 286.5 286.6 281.3 280.5 277.5 275.3 273.3 273 276 276.9 278.1 278.3 279.1 283.3 294.2 298.2
580.8 545.6 509.8 497.3 464.3 449.4 435.7 439.3 444 457.9 478.8 466.4 462.3 464 461.7 462.6 456.8 458 470.7 485 496.6 490.1 474.9 462.5 450.5 434.5 415.8 388.9 369.7 351.8 338.5 343.4 340.5 339.6 336 324 323.8 317.1 313.6 313.5 313.7 311.6 309.3 308.4 308.1 309.3 310 313.3 317.9 320 322.6 326.5 329 331.1 331.6 332.5 332.1 329.9 322.8 317.6 309 299.3 291.8 287.7 285 284.2 280.1 277.4 276 273.9 272.8 273 273.7 273.8 274 273.3 273.3 281.1 285.4
571.3 537.6 524.3 490.4 469.3 458.9 451.7 453.4 469.4 482.5 486.3 483.9 481.5 481.4 486.3 473.2 470.7 470.3 485.1 499.5 513.2 504 489 480.8 468.8 451.9 428.4 399.1 373.3 366.9 353.2 351.7 353.9 354.2 339.6 340.1 333 327.1 325.2 323.6 324.2 323.4 319.5 319.2 317.7 318.7 320.7 324.7 324.5 326.1 330.8 335.6 337.4 341 341 340.8 336.3 330.8 326 318.9 311.9 300.3 293.7 289.7 285.8 282.7 279.8 278 275.9 273.9 272.3 272.2 272.7 273 272 271.7 271.8 273.5 276.1
573.7 547.2 517.5 494.7 485.4 475.5 478.4 491.1 493.4 498.1 499.6 501.3 503 501 504.2 492 489.6 478.4 503.9 519.2 527.2 523.2 516.7 502.8 490.8 468.8 446.6 410.6 397.3 381.3 361.7 362.8 362.5 353.6 350.2 345.5 340.1 338.1 337.8 339.5 336.8 331.8 330.9 330.4 330.9 330.5 333.7 336.3 334.7 337.2 339.7 342.8 346.2 347.2 349.3 343.7 338.5 331.1 325.1 318.6 311 303.8 297.6 294.3 291.9 284.5 279.9 277.7 276.1 274.2 272.9 271.8 272.8 271.8 271.2 272 271.2 271.9 271.1
580.8 567.5 531.9 516.1 508.9 510.5 521.1 523.1 519.3 516.8 516.5 522.3 523.7 528.1 524.8 513.5 505.3 496.2 521 542.7 548.4 550.1 543 529.2 515.2 488.1 447.7 425.4 407.7 393.3 373.3 368.8 368.4 365.1 361.1 360.4 355.2 353.8 353.2 350.2 346.5 344.7 342.6 344.1 345.3 346.6 346.7 347.8 352.4 350.4 349.6 351.6 355.3 358.3 356.7 347.9 340.4 335.5 331.3 323.5 316.6 307.6 305.9 303.6 296.2 289.6 283 279.5 277.1 274.8 273.5 274.4 275.7 274.3 273.9 273.8 273.9 276.1 272.9
608 588.1 560.7 547.7 539.2 546.4 552.3 553.2 538 542 538.6 544.7 545.2 549.2 546.1 523.7 522.4 513 544.5 561.2 572 588.9 569.6 553.7 525.5 495.6 459.4 440.8 423.5 411.7 382 373.9 376.5 375.6 377.3 372.7 369.1 366 364 356.8 361 358.2 355.8 360.6 364.7 364.5 365.4 365.8 363.4 362.7 362.8 362.8 366.1 365.2 358 351.6 349.1 344.4 338.6 333.7 327 319.5 318.3 311.5 304.2 293.2 287 283.6 279.7 275.2 275.7 278.1 279 277.8 277.3 276.1 276.9 277.7 277.7
624.1 605.7 589.7 590.2 588.5 580.9 581.6 570.6 559.3 567.6 575.5 570 565.4 567.3 548.9 540.2 532.3 543.7 566.5 579.4 598.3 609.1 586.7 572.4 541 510.5 477.9 459 441 414.5 391 375.3 384.8 388.5 387.9 385.3 380.1 378 377.5 376.1 374 371.7 374.9 382.1 386.2 389.1 394.5 389.4 383.9 382.9 382.4 376.6 374.8 372.5 366.4 364.5 362 357.8 351.5 347.5 343.3 339.5 333.1 320.5 309.9 301.9 296.8 290.8 285.5 283.4 280.4 281.6 283.8 282.7 281.2 279.8 280.6 279.7 277.4
644.8 624 623.4 609.9 605.9 603.2 592.4 586.2 583 583.1 588.2 585.8 588.3 572.1 551.1 547.2 542.2 566.7 587.7 597.5 631.1 625.1 605.6 579.4 551.9 515 492.5 474 449.9 417.6 393.5 387.6 399.4 401.6 400.9 397.2 393.8 395 391.8 391.5 391.6 391.9 394.6 403.5 406.6 415.8 425.4 428.6 422.3 409.4 407.7 394.7 386.8 383.7 379.9 375.2 374.7 369.7 364.9 362 357.8 353 342.7 334 319.5 312.3 305.5 303.2 298.9 293.9 290.6 290.6 290.3 288.6 287.7 286.5 284.6 281.8 277.8
668.1 649.7 657.3 653.4 640.6 636.6 625.9 626.2 623.9 613 613.7 616 604.3 579.5 561.4 568 569.9 590.1 604.6 623.3 661 645.5 622.9 588.9 552.3 520.4 498.2 471.6 443.8 417.2 392.6 402.8 413.3 415.7 416.4 410.1 410.1 408.1 409.6 411.3 411 412.4 417.1 423.4 430 441.6 451.9 470.5 465.2 444.7 437.7 416.5 403.1 398.3 395.9 392.3 387.5 382.5 380.4 377.6 373.8 363.4 353.4 337.1 322.1 319.6 317.1 308.7 305.8 305.8 302.7 301.1 299.7 299.7 293.9 292 288.3 284.6 279.1
684.6 676.1 673.8 666.1 662.9 662.3 658.6 658.3 658.9 664.6 659.8 659.6 624.6 594.8 588 572.5 586.6 602.6 626.2 645.4 675.9 654.2 628.7 591.4 552.1 519.1 494.5 468.8 442.6 413.8 403.9 413 423.3 423.1 426 426.4 423.9 429.5 429.2 431.7 431.9 436.6 438.9 442.1 449 462.3 474.4 479.8 470.5 469.3 451.5 426.2 419 419.4 416.1 410.8 408.3 403.4 398.2 393.3 386.1 373.7 360.4 341.9 336 334.7 331.1 325 320.1 319.6 316.7 312.5 308.1 306.8 300.9 296.8 292.2 286 281.2
704 693.1 689.9 685 685.3 683.6 689.4 689.9 687.2 703.7 691 685.9 660.8 628.7 597.9 591 598.5 620.5 643.8 674.3 691.1 661.5 626.9 585.9 546.1 520.3 489.7 459.8 441 421.3 413.9 423.7 433.5 436.3 440.4 443.3 449 465.3 466.8 461.8 459.6 457.8 459 462.9 474.6 482.4 487 481.7 486.2 481.1 453.1 441.4 438.5 438.3 434 433.1 436.3 428.7 422.5 416.3 407.1 390.2 373.3 366 358.9 357.3 354 345.4 341.1 339.1 335.8 324.3 317.6 312.3 307.3 301.4 296.6 291.9 283.8
724.3 721.2 713.7 710.7 708.8 710.6 712 709.4 714.4 715.6 704.8 693.3 665.4 645 629.4 630.1 644.2 645.3 662.5 700.6 696.3 663.2 621 578.7 543.6 507.3 479.1 456 437.3 422.4 422.9 433.4 443.7 450.1 457.4 467.4 484.3 507.4 514.4 499.3 495.7 487.7 483.8 487.8 494.7 498.7 499 497.5 502.4 479.5 463 454.9 454.6 451.9 452.9 463.3 461.6 458.2 448 432.3 415.8 402.5 391.8 384.5 383.6 380.7 374.1 366.9 367.6 364 349.4 334.6 330.2 318.8 313.4 315 305.8 296.2 292.9
742 734.8 728 727.5 731.8 738.8 733.1 738.3 739.3 733.7 724.6 709.1 667.9 647.7 634.1 669.5 677.7 685.9 689.3 713.9 687.9 659.2 620 579.3 547.7 510.6 484.5 452.2 440.3 432.9 430.9 442.8 455 466 481 495 512.1 548.1 543.7 533.5 530.8 522.9 514.3 514.8 520 528.1 523.7 517.1 502.8 480.3 469.9 460.3 466.7 468.9 476.8 485.6 489 479.6 462.4 448.4 432.7 423.9 413.8 407.5 406 402.8 387.6 388.7 380.1 367.1 350.7 346.2 337.9 328.1 326.1 322.5 310 302.8 305.6
758.2 746.3 745.3 746.1 749.4 757.5 768.3 763.8 760.6 741.2 735.7 706.4 669.4 645.9 649.5 681.1 697.3 708 724.8 716.7 689.5 654.8 627.7 586.4 555.3 520.3 490.5 465 448.2 442 442.8 452.1 467.1 481.6 496 512.5 540.1 578.3 568.3 564.9 558 549.5 543.4 540.1 539.5 543.6 541.9 521.4 498.1 484.4 478.1 480.8 488.4 490.4 505.2 512.2 510.9 499.6 484.8 468.8 452.2 445.4 438.6 429.9 426 413.6 410.5 403 389.6 375.2 363.2 354.5 348.9 340.9 334.9 325 312.3 312.4 316.5
774.8 763.3 765.8 767.6 767.8 775.7 779.7 777.7 760.4 741.2 736.9 705.6 671.7 665.1 668.9 688.5 713.8 733.6 758.3 723.1 685.2 664 625.7 587.5 553.3 522 493.4 471.5 457.4 454.3 454.7 461.8 476.8 491.6 505.9 523.8 557.5 581.1 585.9 583.5 585.5 577.3 557.4 556.8 550.6 541.9 536.1 518.9 499.7 486.9 494 500.1 503 513.6 524.8 528.6 528 521.8 511.4 486.8 482.8 477.6 467.8 455.4 448.2 432.1 425.5 410.6 393.4 379.6 371.4 366.5 357.2 352.9 341.2 329.2 323.5 322.5 321.3
798 785 785.3 784 813.9 814.5 800.7 789.1 767.4 747.6 742 696.1 676.1 687 695.5 699.6 721.9 755.5 755.3 720.7 694.8 669.6 642.7 609.9 567 528.2 503.3 479.5 471.2 468.7 468.2 472.6 484 497.5 512.2 530.5 553.4 586.5 597.9 606.8 608.6 594.5 575.9 569.8 556.9 546.4 537.1 521.5 500.6 507.9 516 515.2 525.7 543.5 544.4 551.1 553.1 552.8 528.3 522.9 523.5 509.5 500.2 479.4 471.3 449.4 428.8 410.3 400.6 390 386.9 382 372.7 363.6 353.7 340.1 333.1 334.3 331.2
827 815 806.9 818.6 845.2 831.5 814.4 791.8 770.3 763.5 736.4 703 697.9 694.5 712.7 718.6 733.7 766.8 762.5 733.1 712.8 690 666.2 627.3 588.8 547.5 524.4 504.5 493.9 486.9 477.9 483.3 491.5 501.7 516.1 531.9 554.7 586 607.5 616.9 612.9 603.8 583.3 575.2 566.1 557.4 546.7 522.7 517.2 525.5 529.6 541.7 550.5 560.5 569.6 574.3 572.6 563 555.4 555.1 547.5 526.1 511.2 497.4 479.6 462.1 440.3 428.1 413.3 407.3 402.9 401 393.1 385 370.3 353.4 348.5 338.5 332.5
856.1 849.2 858.4 871 847.4 836.2 814.7 800.3 780.5 785.5 744.4 717.2 721.2 706.4 713.3 730.1 758.4 782.3 792.5 774.9 750.8 723.2 684.2 649 609.4 580.2 561.1 533.9 510.3 497.7 485.1 490.4 497.6 506 518.4 533.1 555.3 586.7 611.4 617.2 608.5 599.9 592.5 584.4 577.2 568.7 551.7 536.8 536.2 543.3 556.9 563.3 566.8 579.4 589.4 589.3 585.2 578.8 576.6 575.2 566.9 550 532.8 518.8 509.2 485.3 463.1 441.3 422 424.1 424.4 431.1 418.7 403.6 377.8 364.3 354.9 339.6 327.3
907.8 923.9 909.3 874 853.8 836.8 818.3 805.8 795.4 791.3 781.8 756.1 744.6 723.7 739.6 761.4 787.5 804.8 821.3 794.9 792.9 753 706.4 678.4 630.9 598.3 574.9 545.4 518.9 503.9 490.7 493.3 502.2 508.8 520.4 533.9 552.9 586.1 622.1 621.6 612.9 604.7 599.5 592.2 586.6 574.4 564.9 555.6 556 560.2 569 578.8 588.6 601.4 609 605 610.6 602.4 603.5 594.7 588.1 582.3 559.7 539.1 518.1 493 473.5 448 446.4 443.3 448.2 440.1 427 406.3 387.4 371.4 358.8 346.1 330.1
976.7 965.4 916.9 885.5 870.2 852.6 835.6 820.3 814.5 805.5 790.8 761.5 749 747.4 763.7 786.7 805.1 828.1 851.2 830.4 819.6 764.5 722.5 692.4 655.5 622.4 584.4 549.9 526.2 507.1 493.7 495.3 504.5 511.7 522.9 535.3 558 594.6 632.5 639.6 624.3 612.8 606.3 598.6 591.2 587.8 577.2 568.3 563.8 572.4 582.8 596 611.7 619.4 623.9 623.4 625 624.9 620.4 620.1 620.9 612.7 586.8 561.8 544.8 514.4 483.3 482.8 476.3 476.8 474.5 462.6 432.3 416.9 399.9 375.1 361.5 352.7 328.8
1010.2 969.3 928.7 913.7 878.8 860.1 844.8 842.2 826.7 819.1 804.6 795.7 775.2 788.2 805.6 813.8 825.6 875.7 877.6 856 835.9 783.3 732.4 692.7 659.9 633.6 596.9 566.1 533.9 510.1 496.6 497.9 506.3 515.4 526.2 540.2 565.4 600 647.9 644.7 629.1 624.5 615.6 606.9 602 597.3 585.5 576.7 574.4 582.6 594.3 615.8 631.3 639.3 639.2 641 641.1 640 644.8 644 639.2 629.1 609 580.3 572.6 536.1 521.6 514.2 494.3 485.7 475.6 468.6 440.3 422.1 407.6 387.3 377.1 364.9 333.9
1012.5 975.6 941.9 924.1 898.4 874.2 861.9 863.2 853.6 858.5 837.2 819.1 812.7 825.3 833 836.1 853.1 901.3 899 878.8 854.5 808.8 747.2 702 666.9 637.2 612.5 576.5 542.1 515.9 500.8 501.7 508.6 518.2 528.1 546 571.9 607.5 649.1 652.7 643.5 633.2 622.9 614.7 613.9 603.7 603.2 590.9 586.2 594 614.9 632.8 654.1 666 667.8 663.7 662.2 659.6 656.6 658.8 660 656.1 628.3 594 571 544.5 544 526.5 491.5 484.4 472.9 456.8 448.4 438 411.9 381.5 406 384.7 351.8
1027 985 956.4 934.6 913.4 908.5 904.2 899.4 886.9 881.6 849.9 847.2 844.4 844.4 859.6 869.5 889 926.3 914.3 891.7 874.9 834.8 775.8 733.4 699.4 678.1 640.7 593.9 567.2 546.9 513.2 509.1 514.3 523.1 533 551.6 576.5 610.1 646 663.3 656.2 640.9 635.7 627.8 624.7 615.1 606.8 599.3 602.5 614.1 632.9 657.4 680.6 686.9 678.7 678.6 672.1 665.9 665 668.4 669.8 660.8 634.7 597.6 586 576.2 551.7 528.4 499.3 490.9 476 462.5 451.7 434.2 409.9 402.8 434.1 413.4 381.2
1009.4 1012.4 979.6 959.2 941.7 937.5 932.6 931 918.7 879 853.8 865.6 864.1 865.8 880.2 900.5 930.5 958 933.5 907.1 891.6 851.3 786.3 748.4 718.9 688.9 665.5 626.1 597.3 553.3 533.1 522.7 525.2 531 541.2 561.6 586.5 613.7 646.4 677.4 673.9 653 643.7 637.7 634 624.3 619.8 615.6 628.4 635.1 656.5 684.3 702.1 710.7 710.2 691.1 680.2 677.5 676.9 675.1 671.3 658.4 619.1 617.2 606.6 584.6 557.8 530.2 516.8 503.6 493.1 469.9 461.4 435.7 405.9 437.5 462.2 442.3 414.4
985.6 992.4 991.3 986.9 983.2 971.3 973.5 961.8 923.1 887.4 885.8 894.4 900.7 895.8 910.4 932 973.6 982.6 953.2 927.2 926.6 873 801.6 768.8 736.9 714.9 684.6 653.8 609.3 580 553.2 540.4 539.2 542.6 553.8 574.2 597.1 627.6 653.6 691.6 679.7 660.4 652.2 650.7 640.6 638.2 629.6 630.6 639.9 658 679.4 706.9 737.6 744.1 722.1 707.5 700.4 698.7 688.7 682.5 673.5 663.2 653 635.5 623.8 604.3 585.3 548.3 535.6 530.1 504.8 484.4 480.3 467.3 450.7 480.3 488.2 476.6 441.7
960.7 969.4 969.3 971 973.8 969.6 968.1 963.3 931.4 910.3 911 924.5 943.3 934 947.3 993.8 994.2 977.3 959.6 948 932.4 899.6 823.1 783.3 763.5 737.2 697.3 667.7 626.1 598.4 579.2 566.6 561.9 561 571.5 591.8 610.9 637.8 669.2 703.7 691.2 666.7 660.4 655.7 652.4 642.9 642.6 653.3 667.2 682.6 706.4 738.9 769.3 762.5 739.3 729 714.5 710.5 711.8 693 680.6 669.6 653.7 634.9 623.8 607.7 591.2 563.7 565 551.7 536.8 521.4 510.2 493.2 481.9 504.6 512.9 494.1 462.7
940.5 945.1 948.5 951 951.3 951.8 952.5 950.8 946.6 947.2 953.2 972.9 987.3 994.7 1001.9 994.4 980.5 963.6 947.3 932.3 910.5 892 874.2 813.3 796.1 757.4 715.9 675.7 652.2 628.8 611.3 602 585.4 583.4 591.6 610.1 625.6 648.8 687.9 723 698.3 674.2 667.5 663.4 662.3 659.3 669.5 683 691 709.8 735.3 768.4 794.1 777.5 755.8 738.7 730.9 719.3 711.7 701.6 686.9 666.8 632 620.9 617.6 616.8 590.4 572.9 570.7 566.5 548 534.9 515.9 495.9 511.7 515.8 527.1 507.5 461.6
913.5 919.5 925.1 930 931.8 933.3 933.3 931.9 927.3 935.4 945.4 960 974.8 983.7 987.4 978.9 962.9 943 924.7 900.9 884.6 863.5 845.6 830.2 816.4 781.6 749.4 706.6 686.7 654.3 641.3 622.4 604.1 604 614 627.3 641.4 664.4 702.5 742.5 714.5 696.6 687.4 677.4 671.6 680.5 692.5 704.8 716.5 738.3 768 799.7 803.8 787.9 767.7 753.2 742.3 731.5 720.3 701 677.3 659.1 621.8 610.4 605.3 608.5 584.9 566.9 569.7 557.2 537.8 518.2 511.2 512.9 516.6 531.5 538.8 528.5 489.1
878.3 890.4 899.6 907.8 911.4 910.8 909.7 909.2 904.7 914.7 928.9 943 957.8 967.4 970.2 960.2 937.7 902.1 878.4 852.3 833.8 820.7 805.5 799.8 799.8 795.9 790.8 759.5 765.6 709.3 668.6 642.3 625 622.7 632.1 644.2 659.8 685.1 725.4 764.5 730.2 712.7 704 696.2 692.3 699.4 713.9 727.3 747.9 775.6 802.3 827.2 803 778.6 768.2 751.6 740.2 742.1 726.2 688.7 660.4 635.3 618.2 608.9 619.9 584.7 574.2 560.1 556.1 544.8 527.3 521.5 518.6 522.3 535.3 540 552.5 543.1 511.6
847.1 863.3 873.9 882.4 885.8 887.3 885.2 883.1 884.5 893.8 909.7 926.2 941 949.6 951.1 938.4 898.1 866.7 842.7 815 798.8 777.2 769.2 765.2 768.7 771.2 775 785.1 784.5 752.7 696 662.6 645 642.8 650.8 662.5 680.1 708.5 751.1 788.4 757.8 738.8 724.5 717.3 723.5 732 739.7 754.1 778.2 806.9 844.6 817 785.3 769.1 759.5 761.2 766.4 751.2 723.9 687.3 652.8 634.9 613.2 607.2 595.5 577.7 562 548.2 546.6 538.5 528.2 525 532.4 544 546 549.5 566.2 560.3 532.6
821.2 836.3 848.8 857.5 862.1 862.8 860 857.2 862.1 872.6 888.1 906.3 922.4 928.5 930.6 919.5 883.6 846.1 818.9 790.4 755.2 742 735.8 728.4 734.4 742.8 751.3 758.3 762.3 748.6 713.4 684.5 665.8 666.2 672.1 684.3 703.7 731.7 788.6 816.6 778.9 747.3 737.4 731.1 741.9 750.9 766.9 786.4 820.3 848.7 825.6 795.2 767 759.7 763.5 767.1 775.2 757.4 729.3 699.7 663.9 629.7 613.5 608.7 595.5 565 555.2 544 541.1 538.9 540.7 540.8 545.9 545.8 551.2 564.5 584.9 582.9 551.1
799.2 810.8 825.6 836.1 837.2 835.7 836.8 833.5 839.9 850.9 864.6 885.4 900.4 907 907.2 901.1 861 828 805.4 774.5 744.9 713.7 713.7 713.1 710.6 716.3 718.2 723.2 733.5 737.3 737.2 707.9 692.7 690.7 698.2 712.2 732.9 775.2 808.2 832.5 792.2 766.7 757.4 765.6 770.5 780.1 793.7 823.6 862 844.1 807.4 776 761.9 765.2 767.7 778.7 775.8 759.3 732 711.1 671.3 634.1 618.7 599.6 579.7 565.8 551.9 544.9 548.4 549.6 554.3 553.7 555.6 555.5 563.7 582.9 603.8 609.8 583.6
781.4 792 805.4 811.6 815 812.4 810.8 813.3 816.7 827.2 838.1 859.1 877.3 886.6 889.7 883.4 839.9 810.8 787.1 754.1 730.3 707.6 690.3 691.9 689.5 696.2 687.9 689.1 702.3 705.2 731.8 739 716.5 715.8 726.7 743 770.3 807.5 836.8 858.7 816.5 799.7 787.3 799.4 799.6 808.8 824.5 856.6 866.8 827.1 801 780.1 772.3 771.3 777.6 782.9 784.8 770.7 734.4 703.1 662.7 629.4 609.9 586.2 573.3 557.5 548.3 553.6 555 560.6 564.4 567 565.5 567.9 580.7 601.6 615.6 626.8 618.2
