app/static/ascii/NH01.asc
ncols 200
nrows 200
xllcorner 200000
yllcorner 810000
cellsize 50
[rows 105 to 139 of 200, columns 78 to 155 of 200]
845.3 877.9 901.6 862.4 835.3 802.1 783.7 765.5 751.4 745.9 734 714.8 694.4 675.7 660.2 642.5 612.7 574.1 545.2 520 494.2 473.4 460.6 465.1 475 486.2 506.1 528.5 551.4 576.4 604.3 637.2 662.7 688.3 694.2 690.3 694.4 692.8 681.3 668.3 651.5 632.8 619.9 608.4 596.7 584.9 574.3 567.9 564.3 567.8 565.2 564.5 564.4 569.6 560.8 548.9 534.3 536.6 546.7 558.6 574.4 586.2 593.6 610.5 610.2 600.2 574.4 559.9 549.4 536.9 519.9 491.7 465.4 442.3 416.5 392.6 369.7 352.2
897.1 886 865.5 838.4 813.8 793.6 775.6 759.4 745.7 741.5 730.4 714.8 693.3 671 650.8 629.3 593.3 561.6 534.2 511.5 485.2 469.2 472.8 479.1 489.4 504.4 527 550.6 574.5 603.9 639 669.6 691.3 710 710.5 710.6 719.3 705.3 695.1 681.8 663.1 645.6 630.3 613.2 595.9 584 577.7 562.8 558.9 565.1 567.2 574.5 581.8 580.5 581.7 572.3 560.1 567.3 577.4 587 599.5 612 621.3 642.2 643.5 632.1 614.2 592.7 588.1 579.2 553.7 530.6 502.3 472.4 443.1 412.6 387.9 365.4
885.7 857.7 834.1 817.1 800.7 783.6 771.6 755.4 743.8 736.9 723.7 701.9 678.5 656 636.5 609.8 575.2 547.4 523.8 499 479.1 480.9 486.7 492.2 504.7 525.8 544.2 570.2 601.2 632.5 667.1 689.5 706.8 722.5 732.5 737.7 732.6 725.3 716.3 695.5 673.4 656.7 639.1 620.4 597.5 578.1 564.1 554.5 548.7 551.8 561.7 566.8 573.6 573.8 574.4 577.7 585.1 591.4 601.1 615.2 628.8 643 657.2 671.1 678.2 669.3 654.1 635.1 625.6 604.3 578.3 551.9 529.2 501.8 460.8 433.1 404.3 380.2
862.6 847.6 826.9 804.7 792 777.7 760.5 748.5 735.9 726.6 710.1 681 662.8 641.9 618.5 588.8 560.5 533.3 509.9 487.9 492 499.4 504.2 506.2 523.1 543.6 563.7 590.9 626 659.4 686.4 705.6 723.8 747.6 759.3 764.8 754.9 743.1 722.2 700.3 681.6 657.6 641.6 623.6 599.4 572.6 553.2 538.1 529.4 528.4 540.4 548 545.1 550.3 556.8 568.9 583.5 605.8 623.7 639.2 657.7 674.8 687.2 698.4 709.4 701.6 683.2 668.7 652.9 633.1 608 573.5 544.4 512.4 479.3 451.4 422.2 396
857.6 840.9 814 797 784.1 769.9 754.6 740.6 727.1 711.1 692.3 662 643.5 622.3 598.4 570.2 546 521 500.5 503.1 511.9 520.2 527.6 533.4 544.7 557.9 577.8 612.2 645.6 682.1 702.7 727.2 760.9 782.7 791 785.8 768.4 744.8 729.6 706.8 687.5 659.8 644.4 621.3 592.1 567.1 541.3 522.1 511.7 507.2 509.1 517.2 524.8 528.1 535.9 549.5 569.1 593.4 617.3 648.2 673.4 688.8 706.9 725.5 735.4 731.3 719 705.5 690.5 663 633.5 598.4 566.8 531 498.3 465.4 435.9 407.8
853.4 834.8 815.2 799.4 784.4 767 749.3 735.4 715.6 697 674.1 649.5 624.2 596.3 577.7 555.7 533.3 512.1 521.9 526.4 535.6 542.4 554.7 562.5 570.1 583.8 587 619.7 660.5 692.7 719.8 755.9 793.8 812.1 812.8 798.9 786.5 763.8 739.7 708.7 684.9 666.4 642.7 623 590.8 561.4 535.3 514.4 501.3 494.3 493.8 492.2 501.5 504.8 515.8 526.5 549.1 573.1 600.9 637.2 659.9 681.8 708.9 728.7 743.8 753.5 748.3 734.6 719.7 694.7 662.9 618 583.9 552.7 515.5 481.4 445.4 418.2
850 828.7 807.7 791.9 776.2 761.2 743.6 725.4 707 684.2 643 630.1 604.2 583.5 562.4 539.1 526.7 537.5 545.5 552 559.7 571.2 587.6 591.2 595.6 605 615.9 631.7 661.8 701 734.2 769.9 813.4 827.7 819.1 807.1 793.4 778.5 759.7 719.5 693.1 663.3 642.9 616.8 590.7 559.6 533.3 510.1 495.7 482.3 478.3 480.3 481.8 480.5 485.7 505 523.9 553.3 580.9 610.5 638.9 662.3 693.3 714.6 734.1 755.2 767.9 766.2 753.9 729.6 696.8 649.2 617.6 583.8 532 493.1 459.1 429.9
844.7 821.4 802.2 781.5 765.1 751.8 736.4 717.1 696.8 668.9 642.7 612.8 591.1 571.1 550.3 544.9 548.5 559.4 567.9 576.5 588.1 602.9 612.2 622.3 620.5 623.4 639.6 657.6 678.2 707.6 741.8 776.1 817 837.6 827.2 811.7 799 788.8 772 747.1 707.8 670.9 646.1 619.8 588.7 559.2 534.9 509.2 491.9 477.1 467.6 462.7 462.8 462.9 465.4 479.6 501.8 526.8 557.9 582.7 606.4 632.6 664.5 689.9 712.3 740 760.4 781 786.1 762.2 720.4 686.7 632 594.4 554 511.8 478.3 446.7
840 820.7 796.1 773.9 756.1 740.6 722.7 709.5 684 655.5 628.6 604.7 579.2 564 560.6 563.6 571.1 582.1 596.1 606.7 620.1 632.4 643.9 646.7 649.5 643 653.3 677.8 700.8 722 750.3 785.3 827.8 849.4 838.6 819.8 804.9 791 770.4 745.2 706.1 675.5 648.4 621.3 591.5 562.3 538.2 515.7 495.9 481.1 467.9 456.4 449.9 450.8 453.8 461.9 479.7 501.8 524.2 556.3 578 601.6 625.7 658.1 683.2 714.2 738.6 765.4 790.8 778.4 736.9 698.8 658 612.2 564.4 524.2 492.8 460.5
827.5 809.6 787.8 768 750.6 734.7 715.4 701.8 670.3 645.9 618.5 593.9 579.2 572.8 577 586.1 595.3 610 623.9 637.7 655.5 672.5 680.3 678.4 671.1 669.5 678.6 703.6 730.1 745 768.2 797.7 833.6 869.5 848.9 822.3 809.5 786.2 755.9 726.5 700.3 674.4 651.2 630.6 594 564.7 544.3 524.3 505.8 487.2 471.2 459.6 450.3 440.4 444 447.5 463.1 481.7 497.1 522.7 550 568.8 599.1 625.7 654.1 682.9 709.3 741 766.8 775 744.3 700.3 660.9 618.7 581.7 541.5 508.1 472.1
809.7 794.5 783.6 768.8 750.1 731.4 713.9 693.5 666.4 638.9 611.3 596.1 584.7 588.9 597.5 610.5 623.4 637.4 658.6 674.9 697.2 713 723.6 707.9 685.3 705.2 722.6 748.4 763.3 783.4 807.1 825.4 859.6 878.6 844.9 816.1 797.5 772.1 735.4 709.6 695.9 680.8 654.8 634.4 603.6 571.2 550.3 532.2 514.3 498 478.7 467.2 454.1 441.8 431.3 434.8 445.7 458 474.9 495.1 515 539.2 567.1 595 624.5 652.2 680.9 706.2 736.2 761.7 747 703.6 661.8 619.8 585.2 550.5 510.1 483.9
802.6 789.1 775.9 760.6 742.3 723.2 703.4 678.7 653.3 632.2 607.4 606.3 609.1 611.9 624.6 635.4 652.6 675.8 694.4 709 736.5 754.9 755.8 745.8 718.3 736 754.8 775.5 795.4 822.1 846.7 864.4 898.3 885.2 846.3 812.5 786.4 764.9 732.8 710.2 694.1 675.3 656.7 633.3 603.9 576.5 552.7 543.1 525.8 510.6 491.6 473.7 457.7 444.1 432.7 425.7 430.6 440.4 455.6 471.5 492.7 514.9 536.3 564.9 594 621.6 651.7 676.1 705.7 734.8 745 708 670.7 627.7 587.3 553.1 528.1 497.3
800.4 788.1 774.5 755.4 734.6 713.2 688.4 659 637.4 641.1 634 633 630.7 638.4 647.6 663.8 684.4 714.8 739.5 761 765 797.9 783.5 774.1 750.5 765.2 787.2 828.5 860.5 861 883.2 908.9 920 886.4 853.1 818.2 787.8 761.2 735.8 714.4 693.1 668.3 650.7 623.2 597.1 581.1 566.8 552.6 541.7 523.4 506 485.7 465.1 447.4 433.8 421.6 419.3 427 440.6 455.2 470.6 491.3 512.8 535.1 564.9 592 620.7 646.9 674.9 706 728.5 706.5 670.1 628.3 599.2 573.2 549.9 536.6
797.1 787.7 772.2 754.3 736.6 721.1 695.1 690.9 677.8 665.3 656.4 654.3 654.5 665 676 699.4 731.8 754.6 781.8 804.5 815.6 831.2 808.3 784.9 777.7 798.9 824.2 886 909.2 905.3 920.9 945.6 924.7 886.4 853.8 829.8 810.2 788 744.2 722.1 694.3 671 655 635.3 614.6 594.1 581 566.8 554 540.1 519 501 478.3 456.8 437.3 423 413.3 415.5 424.4 437.9 453.3 470.8 490.3 511.3 535.8 566.2 593.8 614.1 641.1 678.9 704.9 704.9 670.6 642.3 612.2 597.9 583.5 560
796.3 788.6 776.8 763.1 755.7 745.9 737.3 710.8 699.8 684.9 676.5 678.8 684.1 696.4 714.9 735.6 763.8 795.9 817.4 843.4 860.1 858.2 835.5 814.9 805.5 825.3 854.5 912.3 945.5 941.8 956.9 965.5 933.2 900.2 869.3 840.5 817.7 789.5 769.2 746.9 715 693.9 673.9 646.6 628.3 614.3 602.2 585.9 572 554.4 531.9 512 486.8 463.6 442 424.8 412.6 405 411.6 423.3 437.7 454.2 471 492.1 511.4 536 555.3 592.9 627.6 656.1 685.5 702.7 688.3 666.5 650.7 627.1 603.7 582.3
810 802.8 791.2 783 779.8 771.1 754.2 736.3 722 710.2 712.6 711.2 722.8 735.1 751.6 771.2 793.9 826 858.8 879.6 908.1 896.3 865.1 838.8 836.1 849.9 879.1 932.9 968.1 974 977.3 974.5 956.3 923.7 894.3 860.9 838.4 821.2 801.3 773.6 737.5 709.5 688.2 663.3 646.3 630 614.5 600.9 588.5 569.5 546.5 524.3 497.7 474.2 450.6 431.9 414.8 402.6 399.6 409 421.6 437.5 454.9 469.2 493.8 509.6 539.9 577 604.6 632.9 662.4 695.2 711.3 702.8 679.9 649.9 622.4 593
832.8 823.2 813.5 812.4 814.9 801.4 789.5 770.3 761.1 756.2 767 759.9 763 772.1 795.8 801 822.9 855.2 899.2 918.2 939.2 931.1 902.5 861.7 867.3 882.5 923.7 940.7 944.1 945.5 949.9 964.9 961.7 949.8 923.6 887.3 860.9 835.7 808.7 779 750.5 723.5 700.8 681.5 667.4 661.8 642.3 620.8 604.7 587.2 561.6 539.9 511.9 481 457.8 438 418.1 407.1 394.5 398 408.6 424.7 437.5 449.2 466 491.6 516 551.7 583.7 609.5 635.2 667.6 698 714.4 697.6 669.2 639.3 609.1
836.7 828.8 827.5 840.4 856.8 856.1 845.7 832.3 827.3 808.1 802.9 799.9 805.9 816.4 817.9 822.9 850 883.4 932.1 958.5 966.7 952.7 928.6 897.9 901.7 915.9 912.1 904.9 909.3 909.2 915.6 928.6 946.3 943.1 931.6 903 882 859.2 828 799.9 773.2 748.3 728.9 721.1 710.5 691.9 669.8 645.2 622.5 599.5 573.8 550.3 521.5 490.9 464.9 444.3 428.2 410.5 397.2 390 394.1 404.7 418.5 431.8 447.7 469.3 494.1 522.6 558.8 586.5 615.2 648.1 681.3 706.6 708.3 689.9 658.5 626
794.8 791.5 795.3 808.7 833.8 864.6 881.1 891.9 881.3 851.5 836.7 841.9 852 843.4 833.5 845.7 872.1 911.4 955.9 983 991.1 972.5 945.4 929.2 915.2 891.3 873.8 868.7 869.4 868 878.6 890.3 907.1 915.6 913.6 918.7 910.1 896.7 860.7 827.2 793.4 780.4 775.2 766.2 747.1 716.8 688.5 658.5 627.2 602.2 581.3 555.3 527.2 501.1 471.6 456.3 434.2 414.5 401.6 389.2 382.4 393.2 403.1 411.1 430.1 449.7 471.9 497.8 528 559.7 596.5 629.5 660.9 688.2 713.2 713.3 679.3 645.2
767.6 762.7 765.2 777.4 797.2 835.4 852.8 871 888.2 908.4 887.7 889.9 888.8 871.8 866.7 887.7 903.8 944.8 978.8 998.8 996.8 966.1 933.2 899.6 875.5 860.7 848.7 839.8 834.8 831.4 835.5 841.5 872.9 876.8 880.1 895.4 908.7 916.3 889.3 855.3 840.1 830 818.1 795.5 762.7 726.5 692.7 658 629.4 603.3 579.9 557.1 535.7 517 491.2 462.8 438.9 421.2 406.2 393.5 381.5 378.6 389.4 400.2 415.1 434 454.7 479.2 506 533 570 603.8 636.7 662.5 697.2 718.9 702.1 669.9
749.7 741 744.1 751.7 763.9 793.9 816.1 836 863.7 900.4 920.6 935 915.6 906.8 912.3 938.8 951.1 976 986.8 998.4 977.8 940.8 907 878.1 848 828.8 810.7 799.9 799.6 798.2 799 805.1 821.1 838.2 845.1 864.2 883.2 901.8 912.2 902 879.7 858.4 825 799.4 759 731.9 694.6 660.6 632.9 606 583.7 552.5 528.9 517.1 496.9 458 445.6 428 412.1 396.1 382.6 369.9 375.8 386.5 400.2 417.6 437.4 460.2 482.9 508.8 545.1 581.1 612.2 645.3 679.4 704.6 722.8 700.9
740 731.2 724.9 725.8 731.4 745.2 778.8 800.6 838.9 872.6 898 917.8 929 938.5 925.8 932.5 945.5 955.2 962.5 965.1 947.5 916.2 882.7 857 822.6 804.6 785.8 769.4 764.9 761.9 768.4 771.5 781.3 794.5 805.3 827.8 851.2 874.9 893.2 900 881.1 851.6 812.5 775 747.7 719.5 688.2 657.9 629.5 608.8 572.1 554.3 527.9 502.4 503 488.4 465 438.2 415.1 399 386.3 372.8 363.7 375.5 385.8 400.1 422.1 438.5 464.2 492.6 522.1 557.8 590.2 625.1 651.2 679.4 716.1 724.4
732.3 722.8 711.8 707.4 715.4 721.7 743.9 762.2 808.3 844.8 868.9 893.5 901.3 905.8 907.4 910.6 917.1 915.4 933.4 936.7 922.9 894.5 862.1 834.9 803.3 782.5 769.8 750.4 735.6 734.5 733.9 741 744.7 754.4 766.8 785.8 809 842.4 864.5 882.2 868.8 833.2 795.8 761.5 735.8 703.7 678.1 655.6 631.8 596.3 559.6 536.7 531.5 538.7 522.6 500.7 476.8 451.6 425.4 406.9 389.4 376.6 366.4 361.9 372.9 385.1 402.8 424.2 447.4 474.8 500.7 534.4 568.5 600.4 628.5 672.3 717.6 721.7
725.1 713.2 699.6 692.6 690.9 697.6 713.7 735.4 776.2 810.9 838 863.2 873.3 884.6 884.7 877.2 874.6 881.7 908.4 924.4 902.3 871.8 841.6 823.7 791.4 777.4 749.1 737.4 719.5 712.7 708.2 714.3 713.9 724.5 734.9 747.1 767.4 809.4 833.4 859.5 861.1 828.2 783.1 752.6 721.7 693.4 671.8 641.2 606.7 579.4 584.1 580.1 564.8 546.5 528.8 507.7 486.4 463.1 438.3 414.3 393.9 378.4 365.7 354.6 362.1 373 389.4 411.4 430.9 454.1 482.1 508.3 537.6 569.1 610.2 659.1 699 715.5
720.1 705.4 693.3 680 673.1 677.8 690.7 717.5 751.7 777.5 806.4 831.2 852.1 865.6 861.3 849.3 837.7 859.6 885.4 901.8 884.5 855.3 831.9 810 786.5 765.5 737.2 720.5 708.1 700.7 690.2 685.1 686.5 695.7 700.9 714.7 739.5 771.9 801.9 832.7 847.9 821.9 777.8 743.5 715.5 691 664.1 640 631.8 629 623.3 593.7 571.9 550.5 535.1 516.2 494.8 473.2 448.5 422.7 399 378.9 365 354.2 351.6 362.2 375.9 394.6 412.5 436 460.1 484.2 509.1 545.8 584.2 644.3 678.5 703.7
716.6 704 691.2 672.3 657.6 661.5 668.5 692.3 722.9 752.2 766.9 803 821.4 841.5 828.4 805.2 806.9 828.5 858.2 881.1 877.1 848.2 821.7 801.8 788.2 765.4 734.9 719.5 707.2 698.6 687.5 671.1 670.7 673.7 679.1 689.2 707.9 738.6 771.8 810 825.4 816 780.6 745.1 718.1 697.8 675.3 671.8 662.4 647.2 627.7 611.5 586.7 559.8 539.4 521.7 502.4 481.5 460.1 431.1 401.6 379 365.3 353.5 343.2 351.9 363.5 380.5 396.1 417.8 441.5 467.2 518.7 553 593.4 631.4 662.9 693.7
711.8 704.4 690.2 667.6 648.3 645.8 652.3 672.9 696 720.7 739.9 777 797.4 805.2 789.8 769 776.9 800.2 838.2 859.1 868.7 849.8 822.2 794.2 769.2 749.3 726.6 715.1 706.7 696.3 682.9 664.5 651.5 653.4 653.8 665.6 686.6 713.2 744.6 776.7 810.7 808.8 772.1 743.6 723.4 706.4 694 680.5 669.6 652.7 630.5 606 592.8 567.5 548.7 524.6 505.8 487.4 466 441.8 409.5 384.5 366.8 354.3 344 343 352.8 366.6 384.2 402.1 421.8 462.5 501.5 539 573.3 612.9 649.9 686.8
701.7 692.3 684 662.4 637.9 624.4 638.1 653.6 665.9 683.7 714.6 756.5 766.4 770 748.7 736.7 751.4 779.3 815.9 839.3 854.4 854 825.5 790.5 760 744.7 735.2 728.8 715.5 697.2 676.7 662 644.8 634.8 633 646.6 661.6 687.6 727.5 762.5 793.9 794.1 772.7 752.1 729.4 722.9 710.4 694.5 672.7 656.2 630.5 607.6 585.8 565.3 555.2 541.9 514.2 492.8 471.5 447.5 421.4 390.7 369.6 355.8 343.3 334.1 344.1 357.4 371.7 388.5 408.5 451.8 485 518.1 549.1 593.9 631.1 666.3
691.1 678.9 667.4 651.1 625.9 607.4 620.4 634.2 645.3 661.9 688.7 720.2 740.8 733.3 712.1 711.3 731.8 759.3 800.5 818 833.8 837.6 830.9 795.7 768.1 759.6 742.3 722 705 686.5 670.7 657 644.4 625.3 619.1 625.3 639.7 665.8 713.5 745.4 780.5 801.5 792.8 770.6 749.4 732.5 716.9 701.7 684.7 657.4 630.3 612.5 595.8 576.7 559 542.4 526.1 501.2 479.2 454.9 425.6 396.7 373.6 356.1 343.8 331.9 339.5 349.1 358.6 370.2 390.9 424.4 461 493.9 527.5 567.5 609.7 648.8
680.3 668.9 656.8 633.4 611.1 594.3 606.1 622.9 634.4 647.6 669.8 686.4 707.5 704.4 686.8 688 705.7 732 765.9 792.5 806.8 814.4 814.4 797 781.9 756.9 731.8 713.4 699.8 680.6 665.1 656.2 643.5 622.3 602.1 607.4 622.5 651.5 691 728 764.2 797.2 818.5 793.1 776.4 758.8 739.6 718.1 697 668.6 640.1 618.6 599.8 586.7 567.8 542.6 521.8 502.2 479.3 464.2 440 410.1 379.9 356.3 340.8 329.1 333.8 337.8 345.5 356 375.8 410.1 443.8 475.1 512.1 550.6 601.2 627.7
670 657.3 642.1 617.5 599.8 569.7 597.3 612.2 621.4 631.8 646.5 654.3 677.1 676 667.9 664.6 683.1 710 744.9 776 785.4 793.5 794.8 786.7 773.4 743.8 717.5 695.8 682 665.7 649.5 646.4 629.1 615.7 592.8 594.8 611.2 636.8 669.7 712.5 750.1 784.1 814.9 829.1 811.8 794.5 762.2 731.4 710.6 692.1 666.8 647.3 618.8 589.4 570.8 548.7 527.8 511.3 493 468.8 443.6 421.1 390.7 362.1 342.8 328.5 326.7 328.4 335.5 344.4 362.3 388.4 421.1 456 493.7 537.6 575.7 597
654.4 641.7 624.2 600.6 585.1 561.5 589.3 603.6 609.9 615.1 620.4 628.5 648.7 648.8 642.7 646.6 668.2 695.5 739.8 759.9 762.2 771.9 778.3 772.4 759.3 725.9 702.6 680.1 664.6 648.3 630.3 624.2 614.8 605.4 585.7 583.1 600.2 623.7 654.3 697 736.1 770 807.1 836.8 849.1 809.8 779.1 753.4 726 696.9 673 657 637.8 603.8 572.8 552.9 533.8 513 496.6 475.2 453.7 427.5 398.8 371.3 345.6 329.6 316.3 319.8 325.1 333.3 349.4 375.5 403.2 434.6 473.5 514.7 545.9 567.4
642.6 627 605.9 580.7 572.1 555.7 581.4 590.7 596.9 597.6 600.2 603.6 611.2 619 616.1 630.4 653 688.3 724.4 735.7 744.5 749.3 759.7 756.7 741.4 704 685.7 663.8 645 627.7 612.1 606.7 599.6 597.9 577.1 572.6 591.1 613 646.2 683.7 721.1 756.5 795.4 828 846.8 826.5 807.8 773.9 745.6 717 696.9 675.1 652.9 632.4 602.8 566.3 537.9 518.1 501.3 483.1 459.3 429 406.2 379.7 354.5 333.5 321.7 311.6 317.5 324.4 338.6 359.8 387 417.5 454.3 483.1 516.1 556.1
643.9 619 590.6 567.9 557.4 556.6 569.3 574.5 582.1 583 582.8 583 587.1 596.9 585.3 614.6 647.8 680 704.7 719.7 729.7 730.7 737.9 739.4 720.1 689.6 666.3 646.7 625.9 609.1 592.7 595.3 590.5 590.8 573.1 562 581 604.3 637.2 673.4 708.2 743.3 780.3 816.7 838.3 840 827 798.5 775.4 750.3 717.6 684 655.9 629.5 608.8 584.8 551.5 524.9 505.1 486.2 466.6 436.6 407.4 385.4 361.5 340.9 323.3 312.5 310.9 316.5 327.7 346.9 371.7 400.3 435.3 477.5 508.1 532.9
643.8 615.8 582.7 559 548.3 547.9 553.4 559.5 564.3 566 566.2 565.7 570.9 572.3 578.4 596.9 633.1 665.2 685.4 696.6 702.9 712.7 712.7 711.9 686 670.7 647.3 630.4 610.1 593.5 577.8 578.8 580.9 584.2 568.4 549.5 573.3 594.3 622.4 663.1 699.2 735.1 771 809.2 828.7 836.6 841.1 833.5 810.3 779 742.4 700.1 658.9 628.7 607.2 580.6 554.3 530.7 510.1 484.4 464.4 439.8 409.8 386.1 367.8 346.5 327.7 315.8 308 311.4 322.3 339.6 360.5 385.9 417.4 447.2 486.1 524.2
