app/static/ascii/NH02.asc
ncols 200
nrows 200
xllcorner 200000
yllcorner 820000
cellsize 50
[rows 105 to 139 of 200, columns 78 to 155 of 200]
568.8 559.4 560.3 563.1 566.4 570.3 583 591.8 602.4 608.3 624.8 648 667.9 681.8 699.2 725 756 784.5 792.6 830 845.4 856.6 868.5 880 894.2 907.5 920.5 927.8 898.6 865.9 842.8 836.5 829.3 822.2 823.6 838.1 834.6 845.7 851 867 869.3 845.3 830.6 817 805 782.1 769.2 750.3 731 712.8 684.9 652.2 607.2 576.2 545.7 518.4 496.3 483.5 490.8 500.9 513 530.1 555.3 581.8 611.1 642.4 684.2 709.5 750.6 792.8 833.6 867.9 899.5 929.6 936.5 903.6 864.5 845.1
576.4 575.5 573.3 576.7 575.4 581.9 576.2 587.8 595.2 605.4 616.7 636.8 652.2 664.3 679.7 708.9 737.4 768.6 785.9 823.2 845.7 857.3 871.8 882.2 897.7 923.1 931.9 933.6 915.9 889.8 874.9 881.4 871.6 861.9 842 850.1 851.6 858.7 866.5 881.1 856.6 844.8 825.6 807.3 799.9 782.3 770.3 750.8 730.1 709.4 680.2 643.4 603.2 570.1 541.1 514.4 491.4 488.6 499.6 514.3 530.8 548 570.4 597.5 627 667.2 699 733.2 770.3 813.4 849.3 890.9 922.8 942.1 913.1 872.7 849.2 835.5
586.1 586 587.3 592.9 592 595.8 590.7 592 593.6 598.5 606.4 620.4 638.8 647.8 667.5 692.2 718.7 750.9 775.7 812 842.6 856.7 867.3 886.4 910.9 928 934 944.6 955.4 929.2 915.2 898.7 876.6 871.2 861 863.4 865.6 873 885.5 876.1 848.6 836.5 820.1 804.1 793.2 783.9 770 752.2 729 703 671.5 630.2 593.4 562.9 530.5 507.6 493.5 501.5 515.1 529.4 546.2 566 589.1 616.2 646.1 684.8 717.6 758.3 796.7 838.5 875.4 907 940.3 931.2 892.4 859.5 842.5 818.2
592.2 593 604.6 611.4 610.5 606.1 602.2 602.7 600.1 596.5 599.7 609.9 627.4 641.9 660.2 682.5 705.1 729.2 758.4 796.8 829.2 851.1 870.6 899.1 917.9 927 936.2 948.5 962.3 959.6 938.1 915.6 896.7 893.3 881.2 874.4 878.9 889.3 889.6 874.6 848.8 834 814.3 800.9 789.5 776.7 765.7 751.1 724.6 697.2 664.8 622.1 590.1 560.2 532.1 505.4 505.8 521.5 541.6 557.7 565.8 585.5 610.3 636.9 668.7 706.5 743.3 786.4 830.1 863.5 905.7 934.7 962.9 931.6 881.9 853.4 837.9 816.1
604.2 613.3 614.8 616.6 614.3 615.5 615.4 611.5 604.7 600.7 601.2 605.1 617.8 631.7 649.5 670.4 687.3 715.1 739.9 780 812.3 844.3 878.6 905.7 920.2 937.1 942.6 951.2 958.4 966.9 948.9 928.6 916.3 909.1 895.5 882.4 891.8 890.6 883.1 872.5 852.7 830.6 810.6 802.3 790.7 771.5 764.4 747 719.6 686.9 649.3 612.2 581.4 552.3 526 508.1 516.4 540.9 559.4 571.5 587 607.7 632.2 660.5 701.4 736.7 772.7 815.5 857.3 894.3 926.7 951.7 962.2 929.5 877.1 848.9 837.6 818.9
615.7 618.6 622.4 622.6 625.7 619.3 617.9 615.3 611.1 605.1 605.8 609.5 616.9 627.3 640.5 658.2 675.6 698.7 723.3 754.9 796 833 869.9 903.3 925.9 942.4 960.6 965.2 970.7 975.9 974.7 949.9 937.4 926.5 911.6 895.7 896.2 887.9 877.4 864.5 849.7 829.5 813 802.5 787.6 770 764.6 744 713.2 676.1 637.8 599.9 573.1 544.5 520.8 513.4 531.7 558.1 573.9 591 608.9 631.2 658 687.4 727 761.6 799 840.8 884.6 918.8 944.5 954.2 962.7 932.5 885.2 851 835.8 819.9
622.6 627.9 626.8 624.8 627.2 625.6 619.6 616.7 614 613.2 615.4 617.8 619.3 623.2 634.2 648.8 659.4 680.7 704 736.2 774.7 821 857.1 901.1 919.7 937.9 966.3 973.9 989.6 1001.1 999.3 974.3 950.2 934.4 918.4 903 898.1 889.8 869 853.7 847.2 832.6 814.5 800.9 784.4 770.9 761.6 737.7 699.9 665.5 628.7 597.3 566.3 539.3 521.5 527.2 543.6 563.2 587.9 608.6 629 653 682.9 718.5 760.3 790 830.2 864.1 904.9 933.3 955 961.7 960.2 929.1 896.4 857.3 834.6 822.6
642.3 638 630.4 631 632.9 630.5 623.3 621.4 624.1 628.8 630.9 624.7 628.7 625.3 635.7 640.7 652.9 672.7 694.3 724.6 761.8 802.4 853 894.1 915.4 939 965.7 981.2 1002.2 1018.8 1018.1 989.1 956.4 934.2 911.8 901.6 896.8 878.2 863.7 849 834.5 824.9 814.6 800.9 787.4 773.7 760.9 727.8 688.6 655.2 621.1 584.9 560.1 540.8 534.7 547.6 558 577.8 603.9 625.7 650.3 678 708.4 748.4 783.4 831.8 864 894.1 919.2 946.2 959.5 957.9 950.6 928 881.6 852.3 826.8 816.6
650.4 650 639.9 638.1 641.3 633.2 624.5 625.9 638.4 644 640.6 636.3 639.2 633.3 636.5 642.6 657 674.7 696 722.6 755.6 801.2 845.3 883.3 924.4 952.5 979.1 995.8 1022.5 1036.7 1026.5 995.2 961.3 930.1 905.5 900.2 896.6 875.9 859.8 846.1 836.8 816 808.7 800.6 785.5 775.4 755 717.1 680 648.7 617.3 586.4 562.5 559.8 559.4 566.8 573.2 595.1 621.7 646.5 675 703.6 735.5 771.9 811.8 854.2 889 922.6 957.2 959.6 955.8 949.3 939.3 914.7 875.6 837 823.4 810.1
660.6 663.2 660 655.3 644.8 640.9 635.3 643.6 655.7 654.6 650.8 650.2 648.2 642 640.4 651 664.3 680.9 694.3 718.4 752.1 801.3 845.1 893.7 930.1 970.4 984.7 1004.6 1025.2 1038.2 1027.4 1002.4 960.5 921.9 900 899.3 891.7 866.6 855.1 845.5 829.4 811.6 800.4 793.1 779.7 769.5 743.9 709.6 669.9 637.9 610.3 584.9 573.5 573.3 578.2 589.8 601.6 617.1 639.4 665.2 694 724 758.9 797.2 839.4 885 920.1 954.5 965.8 957.5 952.3 947.5 926.8 900.3 871.4 834.9 820.3 806.7
672.3 682.4 680 667.6 655.1 652.1 653.8 656.4 659.4 664.3 658.6 653.5 657 652.7 653.3 669 673.8 688.8 696.5 722 762.8 819.8 846.8 896.3 934.1 976.2 995.5 1009 1022.7 1028.4 1012.6 986.9 946.9 918.5 893.6 890.2 874.7 860.9 850.2 838.9 824.7 811.9 794.6 782.6 769 756.7 730.5 694.9 662.8 633.3 606 583.5 588.2 590.4 601 616.5 625.3 641 659.8 686.9 713.5 744.6 779.4 822.6 868 912.2 947.5 959.5 957.9 952.4 952.8 937.3 916.8 893.2 864.9 832.2 817.9 806.2
691.1 697.3 692.9 677.9 662.7 660.9 660.8 669.5 670.3 667.7 666.6 677.7 679.9 670.4 674 688 683.5 695.2 708.2 743.1 778.8 810.2 847.6 888.1 931.8 969 994.6 1012.5 1022.1 1018.8 1003.8 962.9 931.8 911.2 890.1 883.4 866.8 855.7 842.2 834.8 824.6 807 787.3 774.3 760.3 745.7 711.5 679.5 650.3 627.2 604.5 593.8 604.2 605.9 622.9 635.9 650.6 660.8 682.2 710 732.2 765.6 799 842.4 887.3 924.2 951.8 965.1 956.5 952.4 941.9 923.7 904.3 882.5 850.9 824.9 813.1 803.5
705 708.3 700.5 693 682.2 681.1 679.4 680.8 680.5 674.3 683.8 698.3 699.9 709.7 711.3 705.6 695.3 703.9 718.3 748.8 772.4 804.6 845.2 891.3 932.1 970.4 988.9 1004.3 1015.7 1001.3 984.6 944.5 922.6 908 884.6 882.1 868.4 857.6 848 838 822.6 804.2 788.2 772.4 748.4 722.2 697.3 669.7 643.6 620.4 607.5 601.3 612.1 621.8 636.6 648.4 665.4 683.1 704.9 723.7 754.2 794.8 826.4 867.8 904.9 936 960.5 958.6 948.8 938.9 926.3 907.2 887.6 862.5 843 817.9 808.4 796.7
714.3 719.1 715.8 717.5 708.2 705.9 699.3 696.3 695.9 701.3 708.8 722 729.1 730 723.5 715.1 706.1 717 731.3 748.5 773.6 809.8 843.3 888.8 927 962 982.6 995.1 995.2 985.7 963.8 933.9 920.3 903 883 878.9 875.1 865.1 854.8 843 826.3 805.1 790.5 772.3 750.6 723.9 694.2 668.7 642.9 623.2 613.8 612.4 628.9 634 646 659.3 677.9 693.9 720.3 745.8 776.7 812.9 852.8 888 922.5 949.1 959.3 957.6 936.8 923.4 905 886.3 869.4 847.2 832 807.6 801.2 782.4
725.3 731.6 731.2 733.3 740.9 729.8 725.8 720.6 725.5 732.9 748.9 759 753.9 744 731.1 722 718 725 739.3 758 786.3 813.2 841.9 874.1 909.7 945.8 970.9 988.9 988.9 967.6 944.3 934 921.3 910.3 891.4 882.8 879.7 865.9 857.8 844 826.4 807.6 793.7 771.2 743.3 717.6 694.4 668.1 647.5 628.4 617.2 624.1 636.2 651.4 659.5 672.9 688.5 710.3 739.9 766.7 803.3 839.2 866.1 902.4 933.2 953.3 961.3 944.9 920.4 901.5 883.1 864.9 848.5 829 815.4 792.7 780.1 763.9
738.1 750.9 749 758.2 763.1 759.1 755.8 752.1 748.8 767.2 774.2 777.6 766.1 755.9 741.6 736.7 736.9 742 745.4 767 790 801.2 838 872.5 903.6 942.7 973.6 993.9 991.6 965.5 943.2 930.7 918.9 908.7 894.9 887 875.1 868.1 861.6 843.4 825 811.2 792.7 765.2 739.7 718.7 690.8 670.8 652 634.9 623.7 634.9 654.6 666.1 677.4 686.6 704.7 726.9 755.2 789.9 830.2 855.7 888.7 929.1 949.4 958.2 949.6 927.1 901.4 879.5 863.9 845.7 826.1 810.9 794.8 773.9 756.6 742.5
748.6 765.7 768.8 780.2 791.5 784.9 790.9 787.7 778.9 787.5 799 789.9 775.6 764.2 751.8 748.5 746.3 745.5 751.4 767 782 795.8 827.4 854.3 884.8 932.9 969.3 986.9 998.4 980.6 960 947.7 933.9 917.3 905.9 897.8 876.7 868.7 857.1 843.1 828 815.9 796.1 767.4 742.8 715.2 692 672.2 657.1 643.2 632.9 644 665.4 675.7 686.7 698.4 731 751.1 772.8 804.7 846.8 873.1 908.5 934.4 944.4 936.6 921.5 903.9 881.9 861.3 843.3 824.1 805.7 789.6 771.5 752 736.5 719.3
756.6 777.2 796.2 807.5 818.1 819.1 823 816.5 813.6 819.2 817.3 797.1 780.1 766.8 763.2 754.5 751.6 752.2 759.7 770 779.3 792.5 815.4 841.3 875.2 918.1 954.5 991.9 1018.7 1008.7 979.8 960.2 939.8 922.6 907.5 902 881.5 871 854.5 840.5 828.2 820.3 806.3 775.2 751.4 721.7 693.7 675.5 664.8 653.6 643.2 650 670.3 680.9 699.2 712.9 745.9 773.3 804.6 835.4 863.3 896.4 921.7 933.2 927.4 912.8 895.8 876.2 855.2 834.3 818.7 801.5 788.2 772 749.5 730.6 713.3 698.9
765.5 793.8 818 833.4 849.2 850.6 855 857.4 850.4 840.7 821.5 796.9 783.3 775.1 771.8 763.8 763.2 768.6 771.5 774.1 784.5 791.7 810.6 841.2 872.9 919.4 957.6 997.6 1033.6 1040.8 1003.4 976.1 946.8 928.4 913.6 901.2 883.8 870.2 857.9 842.7 831.7 824.6 808.2 768.5 748.2 731.1 700.3 682.8 671.1 658.4 658 658.5 675.3 691 707 729.8 763.8 796.7 839.5 861.8 882.6 900 911.2 915.6 906.7 891.7 872.5 851.3 830.6 810 796.7 781.6 766.8 745.8 723.3 704 689 674.6
777.6 808.8 834.3 859.6 870.2 876.6 885.7 882.5 872.5 850.5 821.1 799.8 785.9 779.1 775.1 771 772.2 773.4 775.2 775.9 780.6 799.9 819.7 850 876.5 935.2 968 1005.8 1049.5 1064 1036 997.9 962.8 932.1 916.2 902.2 884.9 873.2 866.5 846.8 833.9 822.2 810.3 790.1 746.5 719.2 706.8 700.3 688.9 682.8 689.2 678.2 694 706.5 718.4 749.4 780.4 812.4 854.8 887.5 898.2 901 897.7 895 876.9 861.9 843.9 824.1 805.5 791.8 776.2 754.9 738.3 719.9 701.6 685.1 667.8 649.5
787.2 821 847.7 873.7 887.4 898.5 904.7 900.3 877.1 847.3 822.5 800.8 784.7 778.7 776.3 775.6 774.8 778.3 778.9 781.5 785.4 803 821.8 843 890.4 937.6 977.8 1015.2 1060.3 1065.2 1034.6 1009.3 976.9 938.7 917.7 904.8 889.9 878 867.3 855.4 837.7 828 805.4 782.8 781.3 755.7 736.2 727.9 717.6 715.4 698 699.9 712.7 724.2 744.2 769.2 799.7 836.2 873.3 892.2 896.2 884.7 869.4 857.5 842.9 829.9 815.5 801.4 792.4 773.6 757.5 739.2 715.1 691.6 674.5 660 641.9 625
794.7 828.6 859.7 886.1 898.8 911.1 922.5 911.4 875.7 841.8 822.2 797.8 782.2 776.3 776.6 777.1 779.1 780.2 785.2 782.5 788.8 805.9 821.7 845.8 882.3 936.3 985.9 1023.5 1059.8 1054.6 1027.3 1000.9 970.5 935.3 917.7 903.3 887.9 881.9 872.3 856 839.9 827.9 825.8 812.6 801.5 786.7 767 754.1 747.8 731.2 717.7 725.2 735.5 749.3 766.2 795.8 823.2 848.5 876.8 885.4 872.4 855.1 839.9 828.4 816.4 805.3 793.8 785.8 773.5 761.2 740.9 724.4 706.6 678.3 659.5 644.2 630.5 613.4
801.3 838.5 870.8 899.4 917.7 931.2 931.2 905.8 874.9 843.7 819.7 792.8 779.8 776.8 775 779.3 778.6 784.5 785 786.5 791.9 807.7 826.8 849.6 882 940.4 987.4 1022.6 1049.9 1044.1 1017.9 989.6 954.9 929.4 912.3 900.8 891 880.9 868.1 854.9 842.6 833.6 831.1 820.5 813.2 810.1 805.3 788.5 768.4 757.5 747.9 742.7 759.2 769.1 790.4 815.6 840.2 862.9 869 858 843.8 828.6 816.2 809.1 797.7 786.1 779.1 770.5 758.5 743.6 729.6 715.3 705.5 683.3 649.1 641.1 621.4 605.6
811 847.5 880.5 915.3 938.5 946.5 934.8 893.9 859.8 836.4 817.7 790.3 775 775 775 775 779.7 784.7 786.3 785.1 804.5 817.5 829.2 859.1 891 952.6 995.8 1023 1047.5 1032.9 1003.6 976.3 944.9 928.7 915.7 901.3 891.4 880.2 865 850.7 844.4 842.1 834.3 827.7 822 814.5 813.2 803.7 785.7 775.2 765.3 766.2 780.8 790.6 812.1 830.6 848.1 856 844.9 831.5 817.8 804.4 793.9 787.8 781.3 772.8 768.1 756.8 749.6 732.5 716.3 703.6 695.9 671 643.7 636.2 615.4 598.2
821.8 856.6 890.4 928.2 948.8 951.2 920.2 882.6 857 837.9 818.7 794.3 779.3 775 775 776.7 782.1 785.4 785.6 799.9 815.3 828.2 839 874.7 902.7 954 995 1029.4 1039.3 1013.7 987.4 959.2 940.9 933 919.8 902.7 894.3 881.6 868.4 858.9 852.7 855.1 849 835.9 831.6 826.3 823 815.1 809.4 793.7 792.5 802.2 810.4 828.4 832.4 838.6 847.2 838.9 825.6 808.4 794.2 787.3 782.3 773 764.9 764.1 760.2 745.3 729.1 710.6 699.1 683.9 674.6 657.2 638.6 634.1 610.2 600.4
830.3 865.6 897.9 932.4 955.9 961.3 920.6 882.4 859.9 845.2 828.8 809.5 801.3 776.5 775 778.9 783.8 787.3 795.1 810.2 829.6 837 853.3 889.1 931.5 972.3 1007.1 1029.9 1027.9 999.4 969.8 947.5 931.4 929.1 919.3 906.1 894.4 885 877.8 871.8 872.4 871.5 859.3 851.7 842.3 835.6 834.5 829.4 847.5 848.8 841.7 837.2 838.2 841.2 842 833.8 824.2 817.1 805.2 788.7 779.2 774.7 769.5 762.8 757.3 755.3 750.4 740.1 718.3 695.1 677.3 666.7 656.1 644.8 634 624.6 610.3 601.4
840.4 871.7 902.5 927.3 952.2 960.6 925.2 893.1 870.2 858.8 842.1 825.7 807.6 782.1 777.6 779.3 785.8 791.3 803.3 826.6 848.8 855.8 875.1 908.7 951.9 991.1 1018.8 1035.9 1015.6 986.7 955.6 944.2 931.4 927.8 914 899.7 888.3 888.5 881.8 889.2 884.6 878.6 869.7 860.6 851.5 844.4 855.7 866.7 877.9 883.6 866.8 861.1 846.5 837.1 828.3 819.3 808.5 798.7 795.7 781 771.1 767.2 763.4 757 752.1 746 737.6 725.5 712.2 700.4 671.8 661.3 645.5 637.9 627.1 618.2 610.5 606.1
846.5 875.5 904.4 929.9 955 973.2 938.7 907.5 892.4 878.6 857.4 838.9 810.9 795.3 784 787.7 789.4 798.5 817.2 846.8 869.7 885.2 899.5 927.2 960.3 1006.2 1024 1028.2 1002.7 972.5 950.1 941.1 931.9 921.9 905.1 891.9 886.3 884.5 896.6 899.2 894.5 892.9 879.9 872.7 867.4 872.3 891.3 898.9 903.4 887.8 866.7 851.2 841.4 827.9 820.4 808.9 799.2 790.9 782 774.1 766.7 760.5 756.4 751.9 748.6 741.1 728.7 715.4 699.6 686.1 664.3 657.8 637.5 635.4 626.3 622 615.1 609.9
844 870.3 902.6 933.2 962.5 988 963.9 938.1 922.4 918.3 891.8 867.2 828.4 804.8 800.5 797.7 794.8 808.4 830.9 859.3 875.7 889 905.6 937.5 979.8 1017.9 1031.4 1022.2 994.8 967.8 952.4 946 939.6 930.4 916 904.3 893.4 901.3 911 916.7 915.7 907.2 899.8 903.4 916.3 916.7 926.8 917.4 898.5 868.6 849.9 838.5 830.7 820.8 809 802.1 794.8 786.3 778.8 773.7 767.9 762 756.7 751.7 746.4 738.1 727.2 710.4 693.4 676.2 664.1 659.9 646.6 637.7 633.7 628.8 614.2 611.4
839.3 868.5 901.6 927 957.3 976.5 996.8 973 977.8 951.8 919.7 878.7 855.4 838.6 825.8 812.6 810 826.4 845.4 868.7 883.7 898.1 914.5 944.8 992.3 1022.5 1038.6 1018.5 989.2 973.4 957 951.9 949.1 943.5 922.1 913.9 915 919.9 924.7 939.1 931.4 927.9 941.4 957.4 960.8 958.8 935.6 908.5 878.5 854 836.9 827.7 824.6 816 806.8 798.6 794.2 784.1 779.2 776.3 771.5 762.4 757.7 751.5 747.8 738.8 721.7 704.8 687.6 678.2 671.8 670.3 662.3 653.9 643.1 633.9 620 612.3
831.1 862.9 892.9 916.6 942.2 968.9 990.2 993.4 997.6 973.1 933.2 916.8 897.7 879 859.9 845.1 838.8 847.8 860.4 886.6 889.8 901.1 921.7 957 997.7 1035.4 1035.9 1012.5 983.2 973.9 961.5 956.7 963.8 954.2 947 936 934.4 928.1 935 947.9 949.5 959.7 983.7 993.9 976.9 951.9 924.4 901.1 867.9 841.4 825.7 819 817.5 810.6 806.2 800.9 792 782.7 780 776.5 773.2 766.1 760.1 752.5 745.4 736.3 724.3 714.7 707.6 692.5 689.5 690.8 692.8 683.6 659.2 643.9 633.2 620.3
819.3 847.6 880.5 901 929.6 953.8 974.5 981.9 992.3 983.4 957.2 936.1 912.9 894.3 876.6 858 856.3 861.7 878.5 894.3 900.7 914.6 934.5 967.8 1009.3 1045.7 1041.5 1007 986.4 971.5 972.6 972.4 980.5 970.9 957 954.4 950.5 949.6 956.7 955.2 967.7 997 1003 980.6 958.6 940 920 897.8 865.3 842.5 823.7 816.3 809.4 806.8 804.7 798.9 789.1 783.8 783.6 777.3 771.2 766 756.8 749.5 740.7 733.8 729.5 723.6 715.9 713.4 709.3 710.3 710.7 696.9 684.8 671.9 666.2 637.2
801.3 828.5 853.9 878.8 907.5 935.2 956.5 972.1 983.7 988.7 983.7 953 925.9 898.9 891.2 875.6 874.8 882.6 897.1 907.4 916.1 930.6 951.9 984.7 1028 1060.9 1056.5 1008 990.4 987 995 1009.9 1004.2 991.8 981.5 966 965.8 967.5 966.3 978.9 1003.5 1000.8 980.1 957.3 941.1 932.5 914.8 893.8 860.2 834.2 820.5 813.3 810 805.5 801 795.3 788.1 785.2 782.4 778.2 773.4 763.3 748.3 742.8 737 732.2 727.5 728.3 728.6 728.4 723.9 727.2 722.4 722.2 714 703.4 679.3 658.1
785.4 811.1 833.1 856.3 884.6 913.2 937.9 955.9 969.9 980.3 990.9 970.8 936.8 911.8 900.8 894.5 893.4 904.5 927 926.3 937.9 955.2 977.7 1015.9 1055.6 1082.5 1070.6 1028.4 1013.5 1009.1 1010.1 1020.2 1027.4 1021.4 988 979.6 979.7 981.5 992 1012.2 1012.9 983.7 960.7 947.2 931.7 924.5 908.3 892.2 864.5 840 822.3 816.6 812.2 808.5 803.7 798.3 790 788.1 785.7 781.6 773.6 763.2 748.8 739.1 735.5 735.1 734 737.7 739 740.6 739.3 738.9 744 737.9 736.2 732.9 714.4 691.8
763.5 788 807.2 833.3 863 892.3 916.7 937.1 951.9 964.6 977.3 984.4 969.1 954.6 941.1 935.5 941.2 952.4 949.7 953.1 973 985.5 1005.3 1043.5 1082.4 1106.1 1081.3 1049.9 1030.3 1014 1015.3 1025.5 1050.5 1032.8 1013.5 1008.8 1009.4 1025.2 1037 1038.6 1002.1 975.2 957.8 942.9 927.8 917.5 900.6 887.4 863.3 846.9 830.7 823.6 820 812.9 804.2 801.9 795.6 793.1 790.3 783.7 772.9 760.5 747.8 737.4 735.1 733.9 735.6 739 743.5 748.1 751.2 749.6 748.1 745.6 754.1 755.5 747.3 734.1
