app/static/ascii/NH03.asc
ncols 200
nrows 200
xllcorner 200000
yllcorner 830000
cellsize 50
[rows 105 to 139 of 200, columns 0 to 77 of 200]
298.4 305.9 318.6 325.6 331.2 335.7 343.4 352.6 354.9 353.6 354.1 353.5 350.6 347.1 336.1 335.8 339.4 337.5 339 341.5 344.6 348.2 348.7 344.3 343.5 340.2 334.7 321.5 315.5 317.5 319.4 322.1 330.3 336.6 341.4 347.4 350.1 352.2 354.8 358.7 364.1 374.7 380.3 383.4 384.6 390.7 399.3 412.3 424 436.8 438.4 437.7 455.1 463.1 467.7 471.4 470.5 475.9 474.1 469.7 465.2 458.5 452.3 447.4 448.8 458.5 467.3 474.8 478.1 491.4 495.4 504 511.5 507.6 504 496.4 493.2 478.4
309.3 320.4 317.1 319.4 331.8 350.8 366.2 364.8 364.4 364.5 359.8 357.8 361.6 348.4 338.5 343.2 347.4 343.2 351 355.2 354.6 361.6 356.5 349.8 352.5 348.7 348.2 342.1 336.2 329.4 320.8 320.1 321.1 327.7 332 336.5 339 342.1 345.1 349.6 354.8 363.8 369.1 375.9 376.3 384.5 397.4 406.5 413.6 421.9 425.7 435.3 442.4 454.7 460.5 462.2 462.2 462.7 460.1 454.6 451.7 448 444.6 441.3 439.9 447.7 457.8 471.1 482 489.7 490.2 507 511.4 508.5 505.7 499.4 492.9 482.5
311.9 316.1 321.3 330.4 343.6 359.4 380.1 369.4 371.3 365 361.1 364 360 347.3 346.7 357.2 346.1 352.6 359.8 361.3 366.7 362.5 358.3 361.6 362.6 361.8 362.5 352.5 353 345.7 335.1 327.4 324.2 324 330.5 332.5 335.6 338.1 339.2 341.1 349.1 357.9 365 369.8 373.9 384.3 395 404 412.1 414.9 423.3 430.3 430.8 442.2 452.2 451.6 449.2 449.5 449.1 447.9 441.1 443.3 439.8 439.3 438.8 444.1 453.3 469.9 483.5 488.3 497.3 507.6 506.6 505.2 507.6 499.4 491 481.7
306.6 324.3 325.8 346.4 356.3 368.6 372.6 370.8 366.2 362.8 366.6 363.2 357.2 352.2 360.8 362.3 355.5 362.4 367 366.7 367 366.7 369.9 373.3 379.2 379.6 372.2 368.4 364.6 358.5 348.8 338.6 330.7 325.7 326.3 330.5 334.7 334.4 336.9 340.9 349.7 357.8 361.6 365.3 375.4 383.4 393.1 406.1 410.7 411.9 417.2 421.8 422.6 431 439.9 437.6 439.2 437.8 435.6 438.4 440.6 434.1 432.5 436.3 442.2 445.7 453 467.5 480 496.3 496.7 499.7 499.4 502.9 501.6 496.9 484.7 480.4
318 325.6 335.7 350.6 353.4 365.2 370.4 367.2 363 364.5 366.4 368.9 363.7 364.8 377.4 375.5 372.1 372 373 377.9 387.1 386.7 389.1 391.7 391.2 392.4 382.9 382.9 378.2 372.4 361.1 349.5 343.2 333.7 328.6 327.5 332 335.6 339.4 348 354.4 360 364.9 367.5 369.7 379.7 392.6 406.4 408.3 410.3 414.6 417.3 418.6 425.6 424.8 430 432.1 433.3 428.4 428.6 429.6 431 436.3 437.8 440 446.7 451.1 461.3 472.7 487.4 489.3 489 500.8 504.9 499.2 493 476.7 471.9
326.1 331.6 356.2 357.1 360.2 360.4 369.4 362.1 366.9 385.9 384.8 381.5 372.4 391.1 396 386.2 394 385 387.8 390.8 396.1 398.5 401 410.2 409.6 406.8 395.2 390.2 387.4 375.6 367.6 362.8 355.3 346.6 335.4 328.7 332 336 341.3 353 361.5 365.3 365.1 373.1 378.3 388 397.8 401.6 406.4 410.6 410.8 415.2 416.1 419 424.9 426.3 426.2 424.9 425 425.2 429.5 436.6 441.1 443.2 447.6 454 456.6 462.9 471.7 467.8 477.4 498.1 502 501.1 499.2 487.4 471.3 462.9
328.1 340.9 355.4 362.1 362.5 366.1 361.6 369.7 396.9 397.5 395.7 389.6 393.9 399.6 396.5 390 393 407.4 408.3 412.4 409.5 412.7 409.8 415.9 416.6 413.5 404.5 399.1 390.4 385.7 376.1 370.8 366.5 358.4 346.8 337.1 331.6 334.9 339 351.1 361.6 366.6 371.5 380.6 382.4 393.6 403 412.1 414.6 418.5 413.9 414.3 415.7 419.8 425.6 424.9 423.7 423 423.2 426.8 435 445.7 455.6 463.9 459.9 466.6 466.5 467 471.2 469.5 466.9 486.4 492.6 498.2 490.2 479.2 465.3 458.9
333.8 355.2 370.1 369.2 372.9 368.7 376.6 392.3 405.9 405.7 402.7 397.5 395.1 400.4 398 407.2 423 425.3 423.5 425.8 429.6 424 420.7 425.5 422.5 420.7 414.7 408.8 398.4 395.8 392 384.4 377.7 366.1 359.5 344.9 337.4 335.9 338.2 347.4 357.4 365.4 373.4 382.8 385.7 396.1 402.2 409.2 414.5 418.8 420.3 418.8 419.3 417.8 424.1 422.2 422.4 423.3 424.2 428.4 439.4 457.3 468 466 470.1 471.6 471.3 470.8 471.1 473.2 470 470.7 486.5 479.5 477.3 467.4 455 456.8
339.4 352.6 359.9 373.2 375 380.7 389.5 403.6 409.2 407.1 400.8 396.9 398.8 406.4 418.6 431.5 439.2 437.8 435.7 434.8 432.8 430.4 429.9 433.8 428.8 424.5 418.8 410.4 401 396.2 394.3 393.6 385 371.9 363.8 354.5 346.7 342.2 340.1 345.8 353 362.5 372.6 381.6 385.6 395.6 409.8 417.1 422.8 423.5 419.5 423.5 423.2 425.4 430.4 429.7 424 424.2 424.6 433 445 455.5 456.8 465.3 467.5 471 483.3 487.8 477.5 478.3 472 469.2 468.2 467.1 459.9 455.5 454.4 457.1
340.3 358.6 380.3 378.5 381.1 405.2 400.3 406.8 407.3 409.3 402.4 400.2 410.1 422.2 437.3 445.6 450.6 447.7 445.4 444.6 439.7 432.1 436.5 442.3 434.5 427.4 418 414.1 408.7 404.2 400 391.3 383.4 374.5 366.9 357.1 349.7 348 344.1 349.1 355 360.9 368.7 376.8 377.7 389 401.1 411.4 423.9 430.2 434.2 430.7 429.7 434.4 437 431.7 427.2 426.8 429.3 436.2 445.8 459.1 468.8 471.1 475.6 481.9 490.9 492 482.3 478.3 473 476.5 472.2 464.6 457.4 457.9 461.6 457.7
348.3 356.5 363.8 372 399.9 407.6 406.7 408.5 414.3 410.5 408.6 414.9 426.2 434.9 445.2 453.3 451.7 450.2 448.7 445.5 441.9 437.4 438.7 441.8 440.1 433 428.3 424.2 412.6 408.8 401 394.4 385.6 375.3 370.7 361.5 353.5 350.2 346.7 349.9 357.2 363.9 369.4 371.3 381.3 389.9 398.4 405.3 413.2 423.7 430.3 431 429.4 431.9 438.3 431.4 428.2 429.1 432.2 441.6 451.2 464.5 474.6 481.2 484.4 487.1 490.5 489.1 486 480.4 477 476.3 473 468.8 466.1 465.7 464.5 464.9
338 353 376 389.5 413.6 408.6 414.4 426.6 424.3 420.6 421 435.6 451.6 444.9 452.4 448.9 449.4 454.3 457.5 458 452.9 449.4 445.7 452.6 454.4 441 435.3 430.2 418.9 418.3 403.8 394.9 386.6 378.7 374.8 365.7 355.6 350.1 349.9 352.7 356.8 362.8 371.5 378.5 380.2 387.5 388.2 397.1 403.6 411.8 415.3 419.2 427.8 429.9 432.5 431.9 435 444.1 454.5 456.2 464.2 478.6 489.2 493.5 496.1 502.1 500.8 499.6 498 500.1 490.1 491.2 494.7 498.6 495.6 483.4 475 473.9
329 346.2 353.2 372.9 398.4 406.1 424.3 435.7 427.8 419.9 433.6 449.7 449.6 449.6 451.2 462.9 461.8 466.6 462.1 457.6 455.1 452 451.9 454.2 455.6 443.9 436.6 433.8 422.1 415.9 405.2 396.8 389.8 381.2 376.2 372 358 357.1 352.3 355.7 359.8 363.8 369.5 376.9 378.1 384.2 395.4 401.2 410.2 417.5 425.2 430.1 437.2 436.9 440.3 439 459 463.6 470.1 474.7 472.3 494.4 500.2 509.6 512.7 509.8 508.8 513.7 526.2 521.9 519.9 509.5 511.5 516.9 508.2 501.7 484.8 470.8
329.5 340.4 351 364.6 385.2 399.4 416.2 416.6 416.4 428.8 441.7 457.4 461.1 459.8 462.3 463.6 469.4 471.4 469.6 466.2 464 457.1 452.4 456.8 457.1 452.1 443.2 437.4 425.1 415.5 413.7 401.6 392.8 385.7 380.2 374.9 363.7 366.4 361.8 358 361.8 364.7 366.4 374.6 381.4 389 400.1 413.9 428.3 431.2 438.9 442.8 446.9 447.5 445.5 452.4 468.9 486.2 488.6 492.7 496.2 494.4 505.8 520.9 514.8 512.2 517.9 530.3 533 541.7 547.1 530.8 528.3 531.2 522.7 512.9 499.5 482.3
324.4 335.1 343 355.9 373.1 392.1 411.9 429.1 448.4 453.7 468.7 484.2 484.7 485.3 488.9 489.7 485.2 480.6 479.5 473.7 470.8 466.9 463.6 469.3 471.7 460.8 451.3 437 428 423.4 414 403.3 396.5 390 386.7 382.7 368.5 367.9 368.5 363.9 360.9 366.5 366.7 374.3 381.5 392.1 405.3 420.2 436.2 448.6 453.5 455.6 459.9 453.2 454.2 479.9 495.8 504.7 511.4 514.4 514.6 510.7 504.8 515.2 515.8 519.5 532.7 532.5 536.8 553 553.1 547.3 543.3 545.8 541.9 525.7 506.6 485.1
323.7 333.7 343 362.9 387 401.5 416.7 449.1 466.7 473.4 494.1 504.1 504.4 503.7 503.6 507.3 505.8 503.2 501.3 494.6 487.9 481.5 477.1 475.3 479.6 463.2 447 438.5 436.1 423.8 417.8 410.7 407.1 402.1 399.9 388.9 382.2 375.4 370.9 369.7 367.1 368.5 370.7 372.7 383.5 398.7 413.3 425.5 440.8 461.6 475.2 478.4 473.6 472.9 490.8 530.2 537.3 536 533.1 531.7 526.8 521.5 518.3 512.2 515.7 519.8 529.8 535.1 552.7 557.4 561.4 558.3 557.3 561.7 554.2 534.6 515.2 493.4
337.7 337.9 356.3 379.5 389.5 409.9 432 455.3 483.4 488 498.9 507.6 513.8 517 524.9 530.8 525.3 522.4 517.4 515.9 510.7 496.2 491.7 487.8 482.2 470.9 457.9 445.9 436.6 429.1 425.7 422.2 418.8 415.1 409.4 394.6 387.9 383.6 379.6 372.9 370.8 367.1 368 377.2 383.3 395.6 418.7 440.9 464.4 483.9 488.3 486.8 484.5 496.8 529.2 542.3 547.4 545.5 543.3 536.2 534.4 532.9 528.8 524.4 519.8 533.5 544.9 540.1 549.1 565.8 569.8 571 571.9 561 560.2 535.7 520.6 502.1
351.8 351.5 365.2 383.6 399.8 414.1 433 454.9 478 493.2 500.2 509.5 533.9 539.5 549.4 546.1 546.2 539.8 536.2 528.5 521.5 520 513.3 500.2 490.7 471.5 458.2 454.4 449.4 443 436.4 431.2 425.7 429.2 415 402.9 395 387.7 384 380.8 375.8 375.4 371 376 384.1 393.8 412.8 448 477.9 491.5 498.7 501.9 511.6 541.2 563.9 564.3 561.8 549.4 542.3 540 539.1 538.8 531.5 528.3 523.7 537.7 541.9 546.5 548.8 568.4 568.3 583.4 577.9 562 549.9 533.3 523.3 509.3
364.6 367.5 381.2 394.4 405.7 419.9 435.3 456.7 472.1 483.2 506.6 531.8 550.7 554 573.7 565.2 559.7 551.8 552.6 546.2 537.1 529.5 519.1 502.6 492.1 481.7 477.5 474.5 463.6 462.4 455.8 443.2 431.4 427.4 417.2 409 400.7 395.2 388.6 385 379.9 379.3 373.2 377 386.8 400.2 419.7 453.1 472.5 493.1 511.7 526.7 535.8 564 579.9 578.2 568.5 562.2 559.6 552.3 546.7 548.3 535.3 533.9 525.2 532.3 537.5 542.9 552.2 561.2 568.2 577.9 574.8 560.3 544.1 529.4 518.5 510
377.2 388.9 393 403.3 410.6 426.2 437.9 448.6 471.9 491.5 530.4 550 565.7 568.5 582.7 581.6 574.8 570.2 565.9 562.1 547.7 541.6 529.4 510.4 510.7 505.9 509.8 509.4 489.6 479.6 475.3 462.7 444.9 434.8 427 420.5 411.2 405.7 395.9 390.4 385.1 383.3 379.4 383.8 389.9 406.2 426.3 449.9 458.5 488.1 510.6 526.4 544.4 573.5 586.1 583.6 577.4 571.9 562.5 556.7 552.2 546.2 542.5 536 532.7 528.8 540.5 543.2 560.8 561.2 565.4 579.7 567.2 557.5 541.7 525.3 516.7 502.7
385.5 392.4 403.8 407 414.2 422.4 437.2 456.6 481.1 501.7 539.2 564.6 571.8 575.4 585.1 591 588.6 581.3 582.6 577.9 561.4 551.7 542.1 532.9 534.9 543.5 542.3 539.7 515.1 499.1 492.6 474.7 458.3 451.4 445 429.2 420.1 416.8 403.1 395.8 393.6 389.3 382.9 391.5 393.9 411 430.1 443.4 457.4 495.2 514.2 524.2 551.6 580.6 592.9 590.2 584.5 575.1 565.4 562.3 559.7 550.6 545.9 540.2 537.2 534 539.6 553.1 568.3 567.9 570 572.9 561.8 549.6 536.1 525.1 511.8 496.8
388.1 396.7 407.3 411.2 420.5 431.6 443.2 464.4 482.3 507.4 535.4 556.6 568.8 580.8 591 595.5 597.2 597.3 595.3 580.6 573 577.6 565 560.6 562.9 570.1 561.1 545 529.7 524.7 505.6 491.4 478.5 471.3 455.5 438.5 428.2 418.5 414.5 407 401.7 395.7 391.7 398.2 402.7 409.5 423.4 434 452.6 482.9 506.4 521.1 555.6 591.1 604.5 600.7 591.6 580.1 575.7 573.6 561.8 556 548.2 545.9 544.5 540.6 542 559 571.7 572.1 572.1 564.5 557.3 544.5 531.8 516.8 503.8 492.2
395.7 401.6 406.2 412.7 421.6 428.3 440.7 455.3 476.3 497.7 526.8 551.6 577.4 589.6 606.9 619.3 611 607.8 599.7 596.6 597.3 588.7 574.4 587.9 582.4 584.3 568.2 556.1 552.3 548.1 522.8 503.9 491.2 483.5 467.4 450.3 437.3 429.7 425.9 416.2 407.6 400 398.5 402.8 407.7 414 420.6 430.8 455.7 492.8 508.6 529.3 552.6 581.8 604.6 611 606.2 591.4 585.2 574.5 564.3 563 557.4 551.7 551.7 542.6 544 555.1 570.4 585 572 565.6 554.4 540.5 527 513.6 500.1 485.3
392.2 398.2 405.3 412.6 418.2 427.6 440.1 457.1 477.6 503.2 522.7 554.5 573.9 613.4 622 625.5 626.3 622.1 617.8 612 616.9 617.7 605.8 604.8 599.6 590 580.4 577.1 573.9 565.7 546 521.7 510 498.6 481.1 474.3 456.5 443.6 433.7 423.5 414 405.5 401.4 406.8 411.9 422.7 425.5 433.1 459.6 486.5 503.6 523.5 549.4 586 611.2 618.7 611.8 597.3 588.9 581.4 571 564.2 558.6 562.5 552.7 545.5 544.3 560 592.7 590.8 574.6 562.4 551.5 535.2 519.6 506 491.7 476.7
379.6 389.4 400.9 407.3 413.7 425 435.4 449.7 473.9 484.8 513.8 540.8 570.2 608.1 619 631.6 645.1 641.2 639.6 640.4 633.7 631 625.6 629.4 619 604.3 600.5 602 589.8 577.6 554.7 539.4 525.7 513.7 507 494.8 479.5 465 447.2 433.9 421.7 410.4 409.5 412.1 418.6 425.9 426.8 438.2 459.4 478.6 506.6 521.9 544.4 588.2 606.8 618.3 618.4 603.1 591.9 584.4 579.4 572.1 564.7 560.6 554.8 549.9 548.9 558.8 580.9 595.5 584.7 561.6 544.9 525.8 508.4 495.9 484.4 478.2
368.9 384.8 396.4 403.5 411.3 420.4 429.9 442 459.7 482.4 504.6 534 565.5 591.7 613.3 652 660.6 658.7 657.2 657.8 650.8 647 642 641.2 630.3 618.4 611.4 610.3 598.2 579.2 560.5 548.2 535.3 524 518.3 500.2 489.4 475.1 461.4 442.3 427.6 417 415.5 412.3 423.1 423.5 428.1 437.3 456.2 472.8 500.6 517.3 546.7 578.7 601.1 617.4 619.1 605.9 600.5 593.1 586.5 580.3 570.9 565.7 559 553.3 554.5 563.3 587.2 590.3 583.7 557.9 535.1 515.5 497.6 485.2 476.7 469
361.2 378.5 388.8 397.7 405.9 415.9 423.7 434 445.5 464.1 493.9 524.4 560.3 584 615.1 652.5 660.6 667.8 669.5 670.6 665.2 654.9 647.5 646 636.7 629 622.4 614.7 603.7 583.7 566.5 554.6 544.8 534.3 520 510.9 498.2 484 472.6 450.8 434 424.1 421.7 419.8 418.7 422.8 428.2 435.1 453.6 467.5 496.8 512.9 537.9 572.4 598.4 612.8 617.9 614.8 609.3 598.5 591.3 582.5 578.8 566.8 562.9 559.1 556.7 567.4 588.6 584.3 575.4 552.7 533.7 511.8 491.5 479.2 469.7 461.5
352.5 371.1 379 385.9 392.2 402.6 418.1 429.7 438.8 455.5 483.1 512.7 543 574.4 617.8 654.5 672.7 677.5 680.7 682.7 680.7 675.7 662 656.8 648.1 637.7 637.6 628.4 616.5 596.6 576.3 560.9 553.4 541 526.4 517.2 503.9 496.1 481.2 461 441.4 431.5 425.9 423.4 421 424.4 430.3 439.1 452.1 465.7 489.1 506.4 545.2 562.3 594.1 612.5 620.8 615.3 611 602.2 595.7 587.9 576.6 571.1 574 568.9 560.4 570.5 588.7 580.6 570.7 547.9 524.3 500.8 483.3 471.9 460.9 453.2
349.3 356.5 367.3 377.2 385.5 395.8 408.4 417.5 432.3 450 479.7 505.8 535.5 567.2 605.3 645.3 674.1 688.2 695.7 700.7 696.3 695.5 689.8 678.5 661.6 651.1 645.7 635.2 619.1 602.9 584.1 571.1 556.1 540.6 531 525.5 514.7 499.4 482.8 467.9 453.3 442.1 429.9 427.4 423.1 427.5 434.2 445.6 452.2 472 488.3 504.8 533.9 562.6 593.5 610.6 616.8 617.1 611 604.8 596.2 584.2 579.7 577.9 580.3 572.7 566.3 583.8 594.5 573.1 558.6 534.3 512.2 490.8 477.4 463.1 452.7 444.6
337.6 347.4 355.6 369.1 382.7 392.5 404.9 409.8 422.4 445 474.9 497.9 523.4 560.8 595.8 632.7 678 702.2 711.1 722.8 715.1 711.1 702.8 695.7 675.3 655.7 651.2 637.2 621 602.3 582.1 568.3 558.8 550 541.7 530.7 520.2 506.1 496.8 479.6 461.6 447.6 437.1 430.8 427.9 430.4 435.9 441.4 449.7 464.8 490.8 501.8 529.4 567.3 603.3 615.9 619 620.7 614.9 604.7 598.9 584.7 582.2 589.1 585.2 577.5 572.5 582.9 593 568.1 537 519.5 499.8 481.3 467.1 455.1 447.6 442.9
329.3 338.6 348.8 362.7 375.2 380.7 388.3 392.8 414.8 439.4 463 481.6 510.6 548.7 589.3 631.2 677.7 696.7 704.5 723.9 729.7 723.2 707 692.6 673.7 658.3 643.9 632.9 617.1 598.2 584.6 575.1 565.4 552 543.9 532.9 522.2 512.9 503.1 490.4 468 454.9 444.5 436.6 433.9 436.2 438.8 443.9 454.5 473.3 491.4 498.6 524.8 567.4 601.7 617.4 624.7 622.9 619.2 614.9 598 589.8 589.5 587.4 589 585.4 576.6 582 586 556 525.3 506.7 487.8 471.3 458.7 449.1 443.6 439.2
331.8 337.7 341.6 352.1 364.5 370.8 377.7 384.3 401.9 424.9 445.7 467.1 500.7 539.7 582 633 674.2 687.1 693 706.4 714.7 716.1 704.8 689.9 668.9 652.8 639.9 624.1 612.8 599.8 587.8 575.5 565.6 554.6 548.1 539.2 529.5 517 512.7 496.8 476.5 463.2 455.3 447.6 443.9 445.2 447.3 454.4 462.7 481.2 511.1 517.1 525.7 555 585.5 609.6 617.2 623.1 620.2 618.2 605.1 598.8 597.6 593.9 593.8 592.2 585.3 583.1 581.1 550.9 518.2 494.1 478.4 465.6 454.8 447.9 441.9 438
327.1 334.7 339 347.3 354 362.6 369.9 381.7 394.4 416.9 436.3 459.8 493 526.7 570.9 609.3 639.3 655.6 665.1 682 702.2 709.6 704.5 689 674 651.8 641.4 627.4 612.2 601.7 585.7 574.4 567.5 561.3 550.7 544.1 534.3 525.7 516.8 501.3 489.6 479.8 468.7 462.8 459.8 458.3 464.2 476.1 491.6 512.6 522.5 529.8 529.2 548.9 577.6 599.9 603.8 610.5 615.7 615.4 608.7 612.1 610.1 611.1 612.8 604.1 593 601.5 578.5 545.5 512.7 492.4 474.8 463.5 452.9 445.8 441.1 437.9
320.6 328 338 343.4 349.1 358.3 368.6 380 394.5 411.7 429.4 450.9 485.2 516.2 561.3 591.6 612.5 628.3 643 661.4 683.9 697.1 701.1 692.5 676.9 656.3 644.6 626.3 613.6 605.6 591.3 577.1 570.6 562.7 552.2 546.6 538.8 528.3 520.3 510.8 506 495.5 487.9 482.8 479.2 480.8 491.8 511.6 536.2 540.8 539 542.7 542.3 551.1 571.3 592.1 601.6 607.8 613.3 613.3 609.1 620.1 619.4 620 614 607.9 612.6 610.7 579.6 543.8 519.4 498.8 478.8 467.4 452.9 446.2 440.7 437
312.6 322.2 334.1 339.9 348 356.4 369 378.4 391.5 404.8 422.7 444 478.2 507.6 544.9 571.7 591.2 612.8 631.3 651.2 675.3 691.7 700.6 695.8 684.3 666.1 649.7 631.4 614.5 606.1 589.5 576.5 565.5 554.5 549.4 545.3 540.9 534.8 528 525.8 520.4 513.1 511.2 510.1 513.2 523.7 541.9 560.5 561.5 556.7 549.2 559.5 554.8 558 577.4 586.3 599.2 606.5 614 612.3 612.3 618.1 619.2 619.4 614.7 616.7 619.5 615.9 588.9 564.8 537.6 507.1 482 466.4 453.6 446.3 443.2 436.4
