app/static/ascii/NH06.asc
ncols 200
nrows 200
xllcorner 200000
yllcorner 860000
cellsize 50
[rows 144 to 179 of 200, columns 81 to 161 of 200]
225.4 229.6 221 225.7 229.6 234.1 240.4 240.8 254.2 250.5 256 252.1 248.3 243.7 229.7 219.6 210 197.9 190.6 178.4 169 163.4 154.5 148.1 137 126 113 108.7 97.4 84.6 74.6 65.2 62.5 57.7 56.1 60.9 64.3 68.6 72 77.8 82.7 89.8 102.2 118 151 196 218.2 236.5 269.6 280.9 290.7 296.7 304.6 312.4 319.1 327.4 330.9 334.9 338.7 340.3 342.1 343.3 343.3 345.7 347.2 345.5 348.5 348.9 349.6 351.3 351 348.1 349.6 351.7 351.4 351.1 350 344.7 345.6 348.7 353.5
206.8 220.8 213.7 217.2 215.9 215.9 222 233.3 237.7 244.2 238.3 245.6 240.5 235.5 213.1 192.8 186.9 180.6 174.8 160.5 150.2 144.6 133.7 125.6 114.7 105.7 95.1 87.7 77.2 69.2 60.5 58.9 58.3 55.9 64.1 69 75 81 88.4 93.4 97.3 110.1 124.5 145.9 172.5 218.4 233 265.1 286.6 294.6 299.6 309.5 317 323.1 327.7 334.4 338.4 341.2 342.2 344.6 347.4 348.3 350.2 347.9 351.8 352.6 353.1 354.2 354.4 354.5 354.3 352.6 351.1 357.3 354.8 352.9 347.3 346.2 348.4 352.4 357.7
164.3 174.1 191.4 199.9 195.1 201.4 203.2 213.9 232 230.1 220.8 221 215.6 209.1 187.3 170.6 162.6 159.9 149.2 139.7 130.2 122.7 115.7 105.9 91 85.8 77.5 68.6 64.6 59.2 58.1 56.9 57.2 63 70.1 75.1 84.2 90.4 99.3 107.7 118.1 129.9 151.1 169.9 215.5 239 260.5 283.6 296.6 311.4 312.6 319.7 326 332.6 336 344.7 346.2 348.4 349.8 350.1 352.7 354.2 355.3 353 354.5 357.8 358.2 357.8 359.2 359.4 358.2 355.3 355.6 364.5 358 352.3 347.6 348.5 353.6 357.8 361.4
141.3 152.9 165.6 169.3 174.5 178.6 183.5 192.2 207.2 209.1 206.3 202.3 205.7 189.9 163.4 147 142.5 131.6 125 114.1 106 106 99.1 82.3 72.3 65.1 62.3 56.7 56.6 56.1 56.3 50.6 57.8 67 77.6 86.6 94.4 102.1 108.8 121.4 136.1 151.4 172.8 193.3 242.8 268.6 282.9 291.4 302 314.5 323.3 329.3 332.2 339.6 341.3 347.6 350.8 354.4 354.1 354.5 356.9 359.5 358.2 357.5 359.6 361.1 362.5 362.6 362.9 363.3 361.6 357.8 360.6 367.7 354.9 349.4 353.5 358.4 356.7 362.2 362.9
112.7 120.6 134.3 145.6 149.6 157.6 161.4 165.8 174.4 174.3 173.1 177.7 178.9 159.2 135.2 129.3 118.8 108.6 97.7 90.4 86.1 80.8 76.4 64.8 59.3 54.9 53.9 54.1 53.2 51.2 52.9 61.5 63.1 70.9 78.6 88.2 98.1 105.1 118.4 132.8 150.5 169.1 187.4 210.3 266.9 282.2 295.7 304.4 308.6 324.7 328.1 329.9 339.6 342.9 345.2 350.6 356.1 358.5 358.2 358.7 361.5 364.9 360.3 361.9 363.9 364.7 366.2 367.8 367 366.6 364 359 358.7 365.9 357.6 355.2 363.2 366.5 365.2 366.8 365.5
84.3 95.8 109.8 117.7 122.1 128.7 136.1 143.6 145.7 140.2 141.4 141.2 130.6 121.6 107.9 102 90.4 87.9 78.7 72.2 69.2 65.6 61.7 54.8 53.9 52.3 51.6 52.1 47.8 54 57.1 62.4 69.3 79.8 83.6 91 99 102.1 111.4 134.3 160.3 180.9 199.9 224.7 279.6 290.7 300.4 304.8 313.2 324.1 330.1 333.1 342.7 347.1 352.4 359 360.4 362.4 362.2 362.5 366.1 367.1 364.1 368.4 366.4 366.8 369.2 372 372.1 370 364.6 361 364.4 367 364.8 367.4 371.1 370 370.7 367.8 368.3
66.8 78.9 84.1 91.6 97.3 101.9 105.5 110.8 114.4 117.9 116.1 107.6 99.4 89.2 85.9 84.8 74.3 70.7 63.7 62.2 58.7 57 53.4 52 50.7 51 49.6 47.8 53.3 56 59.3 65.6 73.2 80.6 90.4 96.4 107.8 116.7 125.2 128.9 161.4 188.9 210.2 261 286 293.2 301.6 310.1 321.2 329.7 332.9 341.1 346.9 353.3 359.1 359.5 361 365.6 367.3 369.7 369.3 370.8 367.4 371.5 371.8 369.3 372.1 376.1 375.7 369.8 364.9 364.1 366.5 372.5 379 383 377.5 373.4 373 371.3 371.3
55.1 61.7 68.6 71.5 75.4 76.7 79 86.1 93.7 90.8 86.9 79.3 74.5 67.5 68.7 62.1 56.1 51.9 53.1 52.4 50.5 50.3 50.4 50.8 46.4 46.9 46.5 52.5 57.8 61.1 65.6 75.6 77.9 86.9 95.4 105.6 120.6 134.3 143.3 154.6 159.3 192.3 212.9 239.5 258.4 279.4 299.2 311.2 322.6 332.5 336.8 343.9 352.8 356.7 355.8 358.1 363.1 367.5 373.6 375.1 372.8 372.3 372.8 371.6 371.6 374.6 379.6 378 377.8 373.2 370.4 370.3 377 395.7 398.6 389.9 384.2 379.9 378.9 374.5 376.9
45.7 48.4 55.4 54.8 57.3 60 62.8 66.8 66.9 66.1 63 55.8 49.8 46.9 46.7 44.7 45.2 45.1 47 48.9 47 47.4 48.4 48.7 45.3 50.8 54.8 59 63 68.7 74 82.1 88.3 95.1 106.4 121.9 135.4 149.6 165.6 182.3 230.6 238.8 256.7 278.5 284.5 294 306.1 310.5 320.6 331.3 339.7 347.1 352.7 358.2 359.7 365.3 371.4 376.6 379 380.7 376.9 374.9 376 375 378.7 382.9 383.1 380.4 378.8 376.7 371.8 377.1 395.5 415 411.6 402 393.1 388.7 386.4 381.2 382.8
40.7 41.9 41.1 42.5 44.4 46.3 46.5 46.3 44.8 43.5 35.3 32.2 33.1 33.7 33.7 34.9 35.9 37.3 42.2 40.9 41.3 44.3 45.9 48.4 52.4 57 61.1 69.1 73 79.2 83.5 90.3 100.4 113.3 124.8 142.4 158.2 182.9 202.3 248.4 266 274.6 292.8 298.4 300.9 311.8 316.3 319.4 327.4 334.6 341.3 352.1 359.1 362.2 365.3 373.5 381.6 383.9 384.5 384.1 377.5 377.9 382.2 383.8 387.7 390.9 389.1 385.1 380.3 376.9 376.5 395.3 418.5 428.3 418.1 409.5 403.5 396.8 394.4 388.2 385
32.2 33.4 35.7 36.9 37.7 36.9 37.2 34.5 31.5 34 36.7 37.3 39.4 39.1 39.5 41.5 43.8 50.5 47.2 46.9 51 54.6 58.1 59 61 66.6 74.5 81.7 84.2 90.2 97.5 105.7 117 130.7 142.8 172.8 222.4 233.7 263.2 277.1 290.6 298.3 306.1 311.6 325.8 331.4 339.1 346.7 348.1 348.5 354.1 358.7 364.6 366.9 374.2 384 387 392 391 384 380.5 384.5 391.5 396.7 397.2 397.1 395.3 389.9 385.8 383 396.6 415.2 433.2 427.9 421.3 421 412.8 405.8 400.5 393.3 393.8
32.3 32.5 32.1 32.7 33 30.6 32.5 37.6 38.2 40.6 40.8 40.8 42.4 44.8 51.9 53.4 52.3 60.5 65.9 63.8 61.8 64.6 73.7 75.5 74.7 81 85.7 90.8 95.9 104 113.3 125.5 139 153 167.5 241.4 258.7 270 283 294.9 309.8 316 325 337 339.5 345.5 356.3 357 356.8 358.4 359.8 365.9 374.8 379.8 384 391 398.1 401.8 393.6 386.2 388.3 398.5 405.4 408.8 407.2 405.5 402.5 401.1 394.5 394 421.3 435.1 433.3 425.7 428.7 426.2 417.9 412.6 406.8 399.7 400.1
30.4 30.4 30.5 30.6 35.6 36.2 36.9 38.4 40.3 39.3 40 41.3 43.5 45.8 52.1 57.5 60.1 67.3 70 70.5 74.1 79 85.1 89.5 92.5 92.2 96.3 99.8 111.8 122.1 134.3 146.8 165.7 189.1 209.4 251.2 274.5 289.7 301.7 312.5 326.1 334.7 338 345.3 354 370.6 370.4 371.3 366.7 369.3 371.9 370.4 380.2 384.3 394.5 399.6 406.2 402 390.2 395 406 411.9 416.7 416.8 415.3 414 411.6 408.4 404.6 409.2 446.2 448.9 438.6 435.4 436.7 428.3 424.6 419.1 410 404.3 404.3
33.7 34.6 35.1 36.1 35.5 36.4 36.8 37.4 38.3 41.2 41.6 43.2 48.3 53.8 62 66.1 71 77.2 84.3 84.8 82.8 89.2 96.5 100.3 100.2 103.3 108.1 118.1 135.4 142.5 160.8 178.4 196.5 242.6 259.5 280.2 289.5 304.2 316.7 334.8 349.9 351.4 350.9 358.5 366 375.6 376 379.1 381 382.9 379.3 378.4 385.3 388.1 403.2 406.6 408.1 399.9 402.9 406 409.6 419.2 425.3 431.6 430.3 426.7 420.4 426.8 422.2 454.3 464.9 455.5 450 440.8 437.5 433.5 429.1 423.8 415.7 409.4 409.1
33.9 34.4 34.9 36 36.1 36.9 37 38.6 40.7 43.1 44 46.7 52.5 60.2 67.8 72.7 80.7 87.4 94 96.2 97.5 106.2 106 110.6 113.4 119.9 130 143.6 158.1 169.9 190.3 207.3 238.3 272.6 283.4 298.5 312.2 325.6 339 350.6 360.1 365.3 368 374.3 381.2 388.5 386.5 389.1 390.2 386.5 388.7 395.8 393.2 400.7 405.7 408.5 403.5 407 411.6 412 417.2 423.7 442.4 444.9 436.6 432.4 436.4 443.4 456.9 475.4 465 459.1 454.4 445.5 441.2 437.9 431.7 428.3 419.9 415.3 408.3
33.7 34.3 34.8 36 37.8 40.8 45.1 44.7 45.8 47 47.9 52.5 55.1 62 72.3 80.1 86.9 94.7 102 104.6 110.9 116 117.5 122.6 130.3 141.2 153.7 165.5 184.4 199.7 219.4 242 270.9 286.6 307.2 316.1 339.2 348.2 358.3 365.2 372.6 377.3 379.5 389 395.8 396.5 396.9 397.2 394.8 399.7 402.2 401.2 402.1 406.6 406.2 407.8 411.7 421.3 424 423.9 426.6 431.6 445.5 442.2 443.4 447.7 453.6 462 479.6 473.7 469.5 462.8 456.6 450.4 446.9 442.8 434.6 430.4 426.1 419.3 410
33.3 33.9 34.6 41.7 44.8 44.3 47.5 48 52.9 58.4 60.6 61.4 62.9 69.3 80.3 88.4 94.1 103.3 112.1 111.9 116.5 122.8 131.2 141.7 152.3 165.2 180.6 189.2 198.3 221.9 244.1 265.3 288.3 309.7 324.3 335.2 352.7 364.9 371.9 376.9 380.7 384.2 389.2 396.6 399.1 399.7 404.1 405.5 406.8 408 409.1 411.4 411.4 408.5 406.9 412 419.2 423.5 424.4 426 438.2 441.9 440.7 450.3 451.7 464.7 479.1 478.6 475 476.1 470 464 459.8 454.4 450.2 443.7 437.4 434.1 429.4 423 417.2
32.6 33.5 35.8 36.3 39.6 43.6 47.7 48.7 52.3 60.9 67 69.6 72.2 78.5 90.6 99.6 107.7 114.8 122.2 124.9 127.5 133.9 146.4 158.4 171.3 188 199.1 209.8 227.2 256 271.8 293.5 320.2 335.9 344.1 356 366.1 375.4 380 386.6 390.3 392.5 397.7 405 405.8 403.6 411.5 412.9 415.2 417.3 416.6 416.9 414.1 415.6 423.3 428.5 425.5 423.7 423.8 432.2 441.5 439 448.7 464.8 485.1 489 493.5 487.4 486.3 479.4 473.4 467.2 463 459.6 450.8 446.5 441.6 436.7 430.6 422.7 423
31.5 32.5 35.1 36 38.4 40.1 47.3 55.9 56 61.7 66 72.6 80.8 87.5 97.4 108.5 116.9 124.7 126 129 133.6 142.8 155.4 173.9 189.8 203.7 218 236.5 258.4 275.5 296.7 316.5 333.4 344.2 359.1 365.8 376.1 384.3 389.9 393.8 400.8 401.9 406.1 412.3 409.6 412.2 418.4 420.9 422.8 422.4 423.4 421.7 421.8 418.9 432.9 428.8 425.4 424 425.6 434 447.4 458.2 460.6 495.2 501.2 499 497.2 498.5 491.3 485.2 477 473.2 468.1 462.3 452.4 448.8 445.2 439.2 431.2 423.7 429.5
31.1 31.7 34.1 35 36.2 39.2 42.5 48.9 56 60.6 64.9 73 81.8 89.7 98 109 120.5 129.3 132.6 135.6 145.1 156.9 172.5 187.7 207.7 224.3 239.7 260.2 278.7 295.5 319.7 337 347 356.3 371.8 378.6 385.9 392.2 398.4 404.1 406.3 411 416 418.7 420.9 422.5 424.8 424.3 427.7 429.2 428 429 429.7 427.2 430.4 430.3 426.6 429.9 428.8 441.2 457.2 469.2 476.2 507.8 509.1 505.3 500.6 499.4 491.7 485.1 478.9 473.8 469.4 463.3 455.3 453.4 448.7 441.7 432.6 435.2 432.5
38.8 33.8 35.1 34.1 36 37 41.2 42.2 50.2 56.1 65.8 74.9 83.7 93.6 103.3 113.9 124.8 132.1 137.8 144.5 157.4 168.9 181.7 203.5 224.5 243.5 257.9 276.6 294.6 314.4 339.8 346.2 354.9 369.5 379.6 386 394.5 401.4 408 411.8 413.6 419.1 422.1 425.8 430 427.9 428.5 430 429.3 432.1 436.9 437.5 433.6 436 433.5 429.6 434.7 444.4 446.2 450.1 461.5 473.9 492 501.9 508.6 506.7 500.1 496.7 492.8 487.4 481.4 475.9 471.5 463.9 461.3 455.6 449.8 441.9 431.5 438 437.3
57.1 52.1 44.3 41.9 40.6 41.6 47 44.9 43.2 51.2 63.1 71.3 80.5 92.9 110 117.1 127.4 137.6 144 156.6 168.9 179.4 196.3 221.9 242 260 277.3 302.9 317.1 329.3 342.8 351.6 364.7 377 386 392.4 401.6 407.8 412.7 415.7 419.1 424.6 431.8 433.7 433.6 431.9 433.4 435.5 437.1 444.2 441.6 438.3 441.3 439 439.4 443.8 444.5 457.8 452.2 462.4 471.9 490.1 490.9 498.1 504.7 502.2 499 496.4 495.2 490.2 483.9 477.7 473.1 467.4 462.7 457.2 449.9 443.1 442.8 441.8 441.9
72.1 67 62.1 56.4 48.3 45.9 45 45.9 45.5 44.2 52.4 64.4 75 87.1 105.2 117.9 127.7 137.3 145.4 163.5 179.4 193.1 212.5 233.5 254.6 276.9 292.5 322.6 332.7 341.8 351.9 362.7 375 383.1 391.8 397.4 406.6 412 416.4 423.3 425.2 431.9 436.4 436.3 436.6 436.1 438.4 442.4 448.4 449 443.9 444.3 445.2 442.5 455.7 455.8 457.6 458.3 458 472.3 487.1 492.1 495.3 502.4 509.5 504.2 501.6 500.7 497.2 490.5 485.3 478.1 472.5 468.2 463.5 457.5 448.2 449.8 444.6 446.1 445.6
96.1 89.1 82.1 74.6 67 61.4 58.9 55.6 48.7 47.1 46.2 54.6 65.4 75.4 91.2 104.7 120.4 127.1 141.2 160.8 177.4 199.7 224.1 243.8 273.2 290.1 310.5 332.1 343.1 352.6 365.1 375.8 385.5 393 400.6 406.8 415.6 420 423.6 430.4 433.5 436.2 439.5 439.4 442.5 445.3 445.3 448.2 450 451 447.6 448.8 447.6 446.4 458.7 462.2 459.1 456.6 466.8 476.1 487 496.3 498.3 503.2 503.8 501.1 500.2 498.2 495.7 489.4 482.9 477 472.3 469 461.9 457.4 452.9 453.1 448.5 449.3 448
125.4 118.3 109.6 99.6 89.8 79.1 70.7 63.5 62.1 56.2 49.6 48.2 54.7 62.6 74.1 89.7 109 118.6 132.7 152.2 174.6 193 214.7 239.5 280.6 298.4 318.8 337.7 345.5 357.2 371.3 383 394 401.3 407.9 413 419.6 424.8 429.2 435.6 439.8 440.8 444.1 445.2 449.8 450.3 448.2 451.6 453.6 454.4 452 454.8 455.3 451.7 459.5 466.1 461.8 462.9 475.5 480.6 493.6 504.2 514.3 508.5 502.8 501.2 500.7 495.8 492.2 486.5 480.7 475.5 472.4 470.7 461.1 457.4 456.4 454 451.9 451 450.7
174.7 158.5 137.6 122.2 112.4 99.3 86.2 76 66.4 61.8 60 47.7 55.1 55.1 61 73.9 95.7 103.9 120.4 141.8 164.4 182 203.2 230.4 264.7 303.1 324.7 337.5 353.4 369.3 381.3 389.9 400.4 407.3 413.2 418.1 425 431.1 433.2 440.7 444.3 444.8 447.1 449.7 453.3 454.4 456.5 455.9 456.1 457.7 457.6 460.5 461.1 457.6 465.7 469.6 463.4 472.7 489.1 485.5 494.3 504.2 508.5 506.3 503.5 499.9 498.1 494.7 488 482.6 479.1 474.9 471.2 467.6 462.8 460.2 458.8 453.5 454.1 454.8 455.5
192.2 184.9 166.9 149.5 135.8 120.3 105.4 93 77.6 68.9 62.5 61.2 52.2 58.4 58.1 66.6 78.5 91 110.1 131 152.4 168.9 189.8 214.7 253.7 294.6 323.7 338.4 359.6 376.2 386.9 396 404.1 412 418.2 424.6 430.4 434.8 438 441.7 447.3 448.8 453 456.3 458.3 459.5 460.1 461.1 462 462 464.6 464.9 464.5 467.7 470.4 471.3 473.9 481.9 491.5 491.1 493.9 496.6 501.4 501.9 502.2 498.1 493.2 492.1 486.1 480.6 478.3 474.3 471.5 471 466.7 460.1 458.6 455.1 457.7 459.1 457.1
202.4 192.8 182.3 169.5 153.9 142.2 124.8 110.3 95.5 80.4 69.8 61.9 51.3 55.4 59.6 66.6 75.4 87.9 104.3 122.1 143.5 160 181.8 207.1 237.1 282.1 308.6 331.8 359 374.2 390.1 400.6 409.8 416.9 423.4 429.7 435.2 438.4 443.3 445.8 451.9 453.9 456.5 459.8 462.4 463.5 463.7 466.9 469.7 471.4 471 467.8 467.1 470.9 474.8 474.9 480 486.6 491.9 493.7 495.4 497 500.1 500 500.3 497 492.8 488.8 483 483.1 482 472.6 473.2 472.2 468.7 465.4 462.1 456.2 460 465.6 459.8
218.4 200.9 190.2 181 172.1 162.6 138.8 119.8 109.4 93.2 76.9 68.7 58.5 53 61.5 66.3 72.7 80.6 101 117.6 136.2 149.8 169.3 194.4 223.7 255 289.8 321.5 356.1 371.6 389.1 402 411.1 419.9 427.7 433.8 439.6 443.1 447.2 451.4 454.4 458.4 461.7 465.3 468.6 468.5 468.4 474.2 475.8 475.6 475 476.9 473.8 476.7 480.9 482.1 487.1 491.3 495.4 497.3 497.1 499 503.6 499.8 499.8 497 490.1 486.3 485.2 488.7 482.1 476 474.6 470.3 470.9 468 462.9 459.8 462 461.7 459.9
226.3 215.4 209.1 197.5 181.1 166.7 150.3 132.5 114.8 101.1 89.3 74.6 65.1 56 58.7 63.3 68.1 76.9 93.6 108.2 131.5 141.7 160.2 183.4 211.6 243 278.7 301.4 343.7 369.1 387.4 401.4 412.8 423.3 430.9 437.1 443 447.2 452.4 456.6 459.7 463.1 469.6 472 473.5 475 475.9 479.2 479.9 483.1 480.4 481.9 483.9 483.3 488.3 488 495.4 495.1 497.3 501.2 501.8 503.6 503.9 500 501 498.5 491 487.6 487.5 487.4 483.3 477.6 474.1 473.3 471.4 468.1 463.3 463.3 462.5 462.5 460.6
239.2 231.5 226 214.9 199.1 178.4 158.4 143.5 124.4 106.7 95.4 85.6 72.4 60.1 61.5 66.3 65.3 73.5 83.9 103.3 118.5 132 150.2 170.9 197.2 225.1 252.9 275.9 315.8 357.5 380.4 400.7 414.2 424.3 433.2 440.8 446.6 452.1 457.1 461.3 464.8 470.8 473.2 475.8 477.9 479.8 481.7 483.9 487.5 487.5 486.4 487.9 491.8 492.4 493.7 496 500.2 502.5 504.1 504.8 505.1 507.1 507.8 501.5 501.3 494.5 495 492.8 489.7 488.7 485.3 482 481.6 472.8 472 471.5 470.8 468 466.4 464.6 463.6
248 243.6 241.9 227.6 208.8 188.6 168.8 151.3 131.8 111 99 89.7 79.5 69.1 58.4 65 68.3 67.5 79.9 93.4 105.7 121.6 139.9 155.6 180.5 206.9 233.2 258.7 294.5 332.7 368.5 393.2 410.6 423.8 434.2 443.5 449.6 455.3 459.8 464.8 470.5 474.4 478.5 480.8 482.1 483.4 487.4 492 494.9 492.6 493 495.3 497.3 499.1 501.2 503.6 507.3 507.5 510.8 509.9 508.5 509.8 506.9 504.3 501 498.4 498.1 495.2 493 490.2 487.6 484 482.7 478.7 474.7 473.4 473.2 471.7 471.4 467.6 464.5
256.1 244.5 239.2 229.5 218.2 199.9 175.2 155.8 135.4 119.5 104.1 93.1 86.3 76.2 66.8 59.4 64 67.7 72.1 84.4 96.6 109.9 124.5 144.5 163.4 189.6 213.9 239.6 269.4 306.5 345.2 375.6 401.4 420 432.9 442.6 452.3 457.9 462.2 468.9 473.6 477.2 482.3 486.9 486.4 488.8 491.8 496.1 498.4 497.9 499.5 501.5 505 507.5 508.4 511.2 512.9 511.9 515.5 514.3 514.9 511.8 513.8 508.3 506.1 505.7 505.3 500.8 497.1 493.7 491.5 487.3 484.9 483.3 480 480.5 479.2 475.9 475.2 469.1 468.8
269.7 257.8 246.8 238 220.9 206.4 182.1 163.7 144.9 127.5 111.4 95.2 86.5 81.9 74.2 64.2 60.9 66.5 68.8 72.9 84.2 99.5 115.6 132 153.4 166.6 193.5 220.4 246.8 275.2 312.3 353.8 382.9 408.9 429 439.1 450.4 458.4 465.4 472.1 476.4 479.6 485.1 489.6 490.4 494.1 496.2 499 502 502.9 504.6 507.2 510.9 512.2 514.3 516.2 516.4 517.6 518.6 519 519.8 516.8 518.5 515.7 509.1 511 509.2 505.3 502.3 500 498.4 493.5 490.3 488.2 485.4 483.7 483 480.3 477.8 475.5 474.6
280 269.5 257 247.7 229.7 208.5 192.3 172 153.6 136.2 120 104.7 94.3 92 81.8 74.4 67.4 62.3 63.6 70.8 77.3 91.1 101.2 117.2 133 156.3 174 195.8 224.9 248.6 280.6 317.2 357.1 392.1 417.7 433 444.9 457.1 465.8 472.9 477.6 480.5 486 491.3 494.2 497.5 502.3 503.7 506.5 506.8 509.4 512.3 514.5 514.3 517.8 519.3 521.8 522.9 524.4 525.1 521.9 519 519.8 520 513.8 514.9 513.9 511.1 506.8 503.1 498.9 496 494.9 494.7 488.5 487.2 487.2 485.8 480.3 480.9 479.6
288.6 282.2 267.9 256.3 236.4 219 203.3 183 165.1 146.6 133.5 119.9 111.5 105.3 94.7 84.1 71.9 70.4 65 69.9 72.6 82.6 93.2 106.5 119.6 140.6 157.2 178.3 204.7 228.3 255.8 282.3 317.7 356.3 395 415.4 434.1 454.8 465.1 471.6 476.2 480.1 486.2 491.5 494.3 499 504.5 507.1 508.9 508.8 512.4 515.5 516.9 517.7 520.2 521.6 524.7 525.4 525.5 524.6 522.9 522.3 523.3 522.7 520.8 519.6 516.4 513.1 509.1 506.2 503 500.4 499 496 493.4 494.4 492.5 491 486.9 484.8 486.1
