app/static/ascii/NH07.asc
ncols 200
nrows 200
xllcorner 200000
yllcorner 870000
cellsize 50
[rows 105 to 139 of 200, columns 78 to 155 of 200]
310.2 314.7 330.8 342.2 333.4 339.3 346.7 361.9 374.6 394.1 417.8 439.1 457.7 479.6 500.5 518.5 534.2 546 566.7 586.9 613.9 635.5 658 693.3 732.4 769.3 805.6 839 869.3 898.2 923.5 952.5 965.4 968.1 965.3 959.5 945.5 927.4 908.7 889.4 873.6 862.4 851.6 839.2 826.6 811.4 794.1 774.3 760.1 743.6 727.7 711.4 693.8 678.4 660.9 646.7 634.9 620.4 607.1 595 580.4 568.8 555.5 540.2 524.4 508.5 491.1 471.7 456 443.3 429.4 413.5 396 356.7 332.5 319.5 300 282.5
328.1 336.1 353.6 348.4 338.8 353.9 358.5 373.7 389.3 406.1 427.7 452.9 469.8 486.8 510.5 525.6 540.9 551.3 574.1 596.9 622.5 646.2 676.9 710.6 750.8 788.5 827.7 861.7 898.2 928.5 951.9 962.8 972.2 977.5 978.6 969 950.8 929.5 910.8 891 874.4 862.3 850.4 837.8 824.6 809.4 795.4 776.9 758.9 741.1 725.7 709 693.8 674.1 656.9 646 631.4 617.7 604.6 593.8 581 567.9 554 538.3 522.2 504.8 488.5 470.4 456.4 443.9 429.1 413.4 395.4 368.4 333.8 316.5 302.3 287.2
347.3 361.7 374.2 355.9 356.1 362.4 370.3 388.6 400.7 416.5 441.1 460.3 481.8 494.9 516.6 532.7 544.6 557 577.3 599.9 627.6 655.3 687.8 723.2 762.4 795.8 826.6 863.5 905.9 941.6 965.3 974.5 979.1 982.9 982.4 971.5 951.7 930.7 909.3 890.5 874.5 861 847 834.9 821.7 807.9 795.5 776.6 756.6 738.9 723.1 704.1 685.4 665.6 658.8 642.7 629.4 616.1 605.5 594.6 581.2 566.6 551.7 536.4 519 501.3 485.6 468.4 454.8 445 430.8 414.8 395.8 370.6 345.9 316 298.5 286.5
371.1 385.9 383 363.7 368.8 372.5 380.1 398.8 410.5 430 454.9 470.5 488.1 504 522.1 538.1 546.8 561.5 579.3 604.7 633.9 662.6 698.4 738.9 778.9 814.3 849.8 886.2 913 945.6 971.8 982.5 983.8 984.2 982.6 969.1 948.5 927.5 907.2 887.9 871.7 857.6 843.6 831.3 818.1 808.1 796 778 757.1 737.8 719.2 702.3 678.5 659.5 645.8 637.2 626.3 614.6 604 591.7 579.3 567.2 552.6 536.1 516 498.5 482 468.3 454.7 443.9 428.6 414.4 394.9 369.8 345.6 319 299.5 285.9
391.8 402.1 389.3 373.8 378.1 381.4 393.9 412.2 424.4 444.2 461.8 478.1 497.5 510.7 527.2 543.5 551 566.2 581 611.2 639.6 670.2 710.3 754.6 795.6 829.6 863.6 899 937.2 960.3 979.1 984.4 984.3 985.4 980.8 964.7 944.1 922.2 902.5 883.8 868 853.8 840 827.5 817.2 805.6 794.5 779.4 758.2 736.7 717.2 698.9 676.7 657.6 642.6 631.2 622.5 613.1 601 588.3 575.6 566 555.2 536.4 513.3 496.8 480.5 467.1 451.9 439 425.8 410.4 390.5 369.1 343.7 318.4 300.6 286.1
407 411.3 397.6 385.3 383.5 390.9 402.6 420.9 438.4 453.9 472.9 489.4 504.5 516.9 532.4 546.4 558.4 571.7 586.8 615.6 646 681.3 720.8 768.1 809.1 846.7 882.2 915.8 949.3 974.6 984.7 984.3 984.1 978.5 961.9 945 928.2 912.5 896.7 879.2 861.7 848.7 836.4 824.4 814.3 802.1 789.4 777.9 759.2 735.4 714.9 694.6 675 655 639.8 628.5 620.7 611.4 598.5 585.4 576.1 569.1 554.8 534 513.8 496.4 481.3 466.7 451.6 437.8 421 406.3 385.4 367.1 342.4 318 295 283.1
421.2 415.1 404 395.1 388.8 397.8 409.3 427.2 446.3 462.1 482.6 501.4 509.1 521.3 535.1 550.4 563 576.1 595.3 619.6 650.1 684.5 727.4 770.7 808.5 847 886.3 924.2 953.4 973.7 978.4 979.7 971 955 934.4 916.3 899.5 883.7 870.5 858.2 847.9 837 824.7 816 806.9 794.8 780.2 767.7 753.7 734.2 713.3 692.4 672.3 653.4 638.9 627 618.2 608.3 595.4 587.2 579.8 570.1 554.6 534.6 516.2 496.6 482.7 467 451 437.6 421.3 402.4 383.3 363.9 339.3 314.5 294.6 281.4
429.1 419.4 409.8 408 393.9 403.2 416.7 432.5 453.8 469.2 487.4 505.4 512.7 524.5 537.6 554.4 565.2 577.9 598.8 625.6 653.8 686 724.8 769.2 806.5 842.7 878.7 914 947.6 961.8 962.8 960.6 947.6 930 908.8 888.5 871.3 856.1 842.3 830.7 820.6 811.4 801.9 795.1 788.1 783.3 771.4 759.5 747 729.3 710.5 689 669.9 651.6 636.9 624.8 614.3 604.5 596 589.7 581.4 572.5 560.2 539.2 514.4 497.6 482.4 467.2 453.8 439.5 421.3 403.2 382.1 364.9 337.9 311 290.3 279
439.2 429.2 418.1 415.9 407.1 408.3 426.2 443.2 460 476.7 492.1 505.6 516.3 528.8 541 557 567.1 579.1 600.8 624.6 657 692.5 735.7 772.9 809.1 845.5 881.2 915.3 942.8 947.6 945.8 937.1 922.2 904.7 884.2 863.9 845 829.3 815.2 803.2 793.2 784.8 777.9 772 765.4 763.7 760.5 752.6 740.5 724.7 705.3 686.6 668.6 651.9 635.4 623.4 612 605.4 597.7 590.3 582.8 575.3 564.5 543.1 520.1 501.8 487.1 475 459.7 443.5 423.3 403.2 383.3 364.7 338.7 313.3 294.9 280.9
447 437.6 428 428 420 413.3 429.9 449.7 466.5 482.8 496.6 509.9 520.4 535.2 544.4 559.7 570.4 584.3 605 629.7 658.6 699.8 741.9 777.2 811 846.5 881.4 915 930.6 931.1 925.4 913 899.7 880.2 862 840.4 819.4 804.1 789.7 777.3 768.9 763.1 756.4 749.1 743.3 738.9 736.6 735.9 727 714.5 700.5 684.3 666.7 649.1 632.9 620.1 611.5 606.2 598.8 589 584.4 579.3 578.5 561.9 527.1 509.9 498.5 480.5 464.4 446.1 425.5 402.4 382.4 364.5 337.2 313.9 296.3 282.4
458.8 445.7 443.7 440.8 433.4 423.1 435.4 454 469.6 487.3 501.5 514.8 526.8 539.7 547.2 562.5 574.9 586.8 607.3 632 664.6 701.8 745.9 778.7 812.5 847.6 880.6 909.1 915.2 911.1 901.2 889.8 874.7 858.7 840.1 819.3 797.1 782.2 766.8 752.7 743.8 737.5 732.2 724.6 719.5 713 710.5 710 706.8 700.5 690 679 663.5 646.3 631 617.5 611.9 606.9 597.4 590.9 586.6 584.7 588.6 575.8 552.8 528.9 509.9 489.5 465.6 451.5 426 398.4 380.6 362.2 337 315.8 294.8 283.6
473.5 457.8 450.7 444.5 438.1 430.2 440.9 455.7 472.8 488.7 504.3 517.2 526 540.9 547.4 564.8 578.5 590.9 608.1 633.2 669.2 701.6 741.7 781.3 814 845.7 875.1 891.2 890.9 888.4 877.2 867.3 852.7 834.3 817.1 798.2 777.1 760.1 742.1 728.8 723.9 722 718.1 709.5 701.1 696.3 691.1 685.2 680.8 674.7 672 668.1 659.1 642.3 629.2 615.6 610 604.7 595.9 593.2 589.7 598.8 617.2 598 571.6 544.5 518 498.1 476.3 450.4 428 398.8 379.2 360.8 336.4 316.3 296.6 283.6
475.9 464.6 454.5 446.6 438.1 437.4 445.1 456.7 473.5 492.1 508.2 518.4 531.5 541.7 556.8 565.5 579.3 591.4 608.6 629.8 663.5 704.1 745.9 787.3 818 836.8 857.9 872.6 867.8 860.9 855.1 844.6 829 811.9 798.5 779.7 760.4 744.6 731.1 722.2 721.3 714.8 708 702.5 694.2 687.2 680 671.1 663.8 659.1 657.5 650.6 648.3 639.7 626.2 611.9 606.4 599.7 596.7 593.3 593.4 616.5 646.2 640.8 612.3 565.1 529.9 499.7 478.2 455.8 430.6 401.4 377 357.1 335.7 316.8 295.9 286.8
484.8 465.3 456.7 448 440 439 445.6 459.3 474.4 495.2 509 519.2 531.6 546.8 558.8 566.8 581.3 593.2 608.6 632 661.2 698.4 746.5 789.3 811.5 825.3 846.4 851.2 845.3 837.7 831.2 820.3 811.3 799.5 786.1 763.3 752.3 737.4 726 720.1 715.4 707.4 699.7 692.3 683 674 665.6 659.3 653.7 646.1 639.6 634.9 629.2 626 621.9 608.2 601.7 594 595.7 592.6 596.6 617.5 632.5 637.9 627.3 587.2 539.9 506.2 478.1 455.7 434.9 404.9 380.1 359.3 335.9 317.7 298.1 289.9
492.6 474.2 461 448.8 444.9 438.9 444.7 459.7 475.1 494.7 512.6 521.7 532.8 548.1 561 571.6 586.1 598.3 609.8 635 665.6 702.6 757.2 797.1 810.9 821.4 830.7 832.5 825.4 818.1 812.9 806.5 799 789.3 771.8 752.9 735.3 724.2 717.9 711.2 704 697.4 690.3 682.7 671.6 660 651.7 646.8 641 634.8 627.1 619.2 613.3 608.7 605.6 599.1 588.4 586.9 590.2 588.5 590.6 599.2 608 615.2 611.3 597.4 550.4 512.5 481.4 453.2 434.2 405.6 382.6 362.8 338.3 319 302.2 290.2
500.3 477.1 466.8 453.6 450 442.7 447.8 459.9 475.6 495.8 512.4 524.6 536.7 550 562.6 574.7 587.9 601.1 615.5 638.5 669.1 710.8 761.4 796.4 809.6 820.6 821 815.5 810.2 803 798.3 792.9 787.1 776.8 758.3 743 728.8 717.9 710.2 704.6 699.9 694 685.2 677.1 666.1 656.2 649.6 640.9 633.4 625.2 615.7 605.5 598 592.4 587 585.1 577.3 572.1 574.1 578.4 577.1 577.6 579.1 581.6 581.9 575.3 561.8 519.5 485.4 457.5 432.1 406.2 383.7 364.1 342.2 320.2 300.6 286.3
506.2 481.2 470.3 458.6 453.9 448.8 450.4 460.1 478 496 514 527.2 539.9 552.5 565.7 576.8 589.6 605.2 622.2 645 675.2 714.9 764.4 796.5 816.4 822.8 815 808.5 800.7 796.6 793.1 786.8 778.7 768.1 753.3 744 728.3 721.4 711.1 705.6 701.3 693.3 683.4 675.5 666.7 659.6 654.6 646.8 639.5 630.5 622.1 613.2 603.5 594.1 584.9 567.2 563.5 558.5 558.9 559.6 559.5 558.7 557.6 555.6 551.1 546.3 547 518.3 488.2 456.8 430.8 404.7 381 364.7 341.6 318.8 299.8 286.2
516.1 488.4 479.5 465.9 461.3 452.6 451.1 458.6 477.3 494.7 514.3 530.3 541.3 554.5 567.2 578.8 593.7 608 627 650.4 682 720.8 767.3 802.7 824.3 823.5 821.4 813.5 807 802.7 793.8 787.5 775.5 765.6 755.8 746.6 740.2 734 717.1 710.5 703.5 696.1 686.7 678.7 671.6 666.3 659.9 650.8 638.3 628.6 618.5 609.5 600.7 592.9 585.5 576 561.3 545.3 537.9 536.9 544.5 538.9 532.6 534.7 531.1 524.3 519.7 510.1 485.3 454.2 429.4 409.7 380.7 363.5 339 319.5 302.9 288.1
521.8 504.6 486 472.2 465.7 456.9 455.3 460.9 476.4 496.7 516 534 544.6 556.8 569.3 581.3 596.8 611.5 632.4 659.4 692.9 735.3 771.5 806.3 836.5 842.2 844.2 839.9 831.7 820.8 806.7 790.5 776 764.9 759.4 759.2 757.3 747.8 731.2 723.1 712.8 704.1 696.7 687.5 680.4 675 665.2 650.6 638.6 625.5 613.6 604.9 594.4 587.2 580.8 573.1 562.3 555.2 547.7 534.7 516.9 522.7 521.2 507.2 508.4 505.7 500.4 491.2 477.5 452.3 425.6 407.9 381.3 359.5 336.7 319 301.2 290.8
530.5 520 497.7 480.6 473.4 461.2 458.5 461.2 477.3 497.8 515.3 535.5 549.5 555.8 577.3 583 604.1 615.8 640 671.8 710.6 746.8 782.5 824.1 858.9 880.3 880.9 871.4 860.2 839.3 817.7 798.1 782.9 774.4 773 775.6 773.4 767.5 751.2 737.3 726.6 715.6 708.8 698.6 690.3 683.6 671.1 656.3 642.1 632.6 620.4 608 598.7 593.3 585.6 577.2 571.9 562.7 562.7 547.6 533 509.3 496.6 503.4 490.1 481 480.4 474.8 465.5 446.5 422.1 405.3 381.1 359.5 337.7 318.4 303.2 288.9
542.7 529.9 510.7 488.1 478.2 468.6 465.1 465.4 479.9 502.1 522.7 541 552.8 561.4 585.2 588.1 612.3 626.7 651.9 685.7 721.4 759.8 798.4 844.7 883.1 917.2 911.9 900.8 881.2 854.3 826.3 805 792.3 786.1 787.6 789.5 786 779.4 773.4 766.8 752.9 741.8 732.8 718.6 709.5 697.2 680.7 664.8 653.6 643.8 632.5 621.8 619 608.9 603.5 585.9 576.4 567.1 565.5 558.1 548.8 525.9 513.4 490.9 474.2 475.2 466.1 453.6 447.3 434.7 415.8 400.1 376.3 355.4 336.2 317.8 303.8 290.4
555.5 539 521.7 500.4 492.5 479.1 471.4 472.6 488.6 510.5 528.7 547.1 564.5 568.9 586.4 598.4 615.2 636.2 663.1 698.4 736 777.5 822 865.7 903.7 936.3 938.4 920.7 896 867.1 840.2 818.9 808.3 803.2 803.3 804.7 801.7 799 795 791.1 786.8 780.3 770.6 754.9 741.3 723.3 707.6 693.2 676 663.4 651.2 637.5 627.7 620.6 607.5 593.2 576.4 568.9 565.4 557.6 547.3 530.9 511.5 499.7 482.6 466.1 446.9 439.5 426.3 421.6 406.7 390.3 373.3 350.5 332.6 314.8 300.2 289.9
568.6 566.3 554.9 536 516.3 497.9 489 490.7 517.4 532.6 546.6 570.2 580.4 577.6 590.1 601.6 623.4 643.9 670.6 713.4 752.7 792.3 845.3 879.5 916.2 949.9 966.3 939.6 910.8 883.9 857.6 837.1 827 823.7 825.1 827.5 830.6 833.9 830.8 824.8 811.4 794.7 779.2 761.8 745.3 729.5 715.4 701.3 684.9 672.9 661.8 649.6 636.7 621.7 606.5 592.2 578 569.1 563 552.8 541.7 525.3 510.2 494 479.2 464.2 452.7 437.2 421.3 405.2 389.8 374.8 365.3 347 328.7 312.6 299.8 288.7
579.3 573.8 569.6 556.5 545.1 546.9 525.4 531.8 542.3 560.7 574.5 587.6 593.7 591.5 601.4 614.1 631.6 651.9 686.2 728.3 773.8 823 849.6 903.6 935.1 964.1 985.7 958.3 930 903.3 877.6 859.5 849.8 852.4 855.1 862.9 871.7 870.5 862.3 848.2 826.8 794.5 775.6 758.8 742.4 727.2 712.4 698.2 686.4 672.6 661.6 649.9 637.1 622.2 608.3 594.4 577.4 568.3 555 544.8 536.2 522.1 505.1 489.8 474.5 459.8 446 431.3 417.5 403.4 390.3 371.7 354.8 341.1 327.4 315.4 305 291.6
602.5 580 575.5 563.1 563.5 561.7 560.1 550.6 572.7 577.3 591.2 611.6 621.6 618.2 615.8 626 642.3 666.4 711.2 753.4 788.7 841.6 890.1 900.7 937.3 974.5 1006.2 978.9 951.1 924.7 900.6 886.2 881.9 884.2 891.7 902.7 901.3 892.2 877.8 862.1 835.9 794.8 772.4 754.7 739.1 723.3 708.5 695.3 682.5 671.2 660.2 647.4 634.8 620.5 607.2 595.2 582.6 566 553.7 544.6 533.4 519.4 502.1 486.3 470.7 455.5 441.2 427.1 412 396.7 382.3 370.9 356.1 341.6 335.4 320.3 308.9 305.9
615.9 594.6 582.1 572.5 570.1 565.2 562.7 555.8 577.7 588.7 613.4 648.4 661.8 647 645.2 645.6 654.8 691.5 731.7 775.9 814.3 875.6 912.7 944.7 953.2 983.2 1005.4 994.1 974.9 950.4 927.1 921.1 917.5 920.9 929.3 928 920.8 908.4 888.4 868.4 839.1 799.4 768.8 747.8 733.5 718.4 706 693.7 681.6 670.9 657.4 645.4 632.5 618.2 604.1 591.6 578.7 565.8 553 541.5 528.2 513.9 499.7 483.2 467.1 451.4 437.4 423.1 408.1 393 378 367.7 359.9 353 337.8 323.6 311.9 312.2
625.6 610 594.9 590.5 579.9 566.5 562 555.3 575.2 601.4 642.3 666.5 670.3 659.4 652.2 656.2 683.8 710.5 749.2 785.1 832.6 884.7 925 957.5 991.8 1000.7 988.4 979 973.8 963.7 960.7 959.7 948.7 950.5 957.3 952 934.8 914.1 885.1 867.3 843.8 810 775 749.9 734.1 720 707.3 693.5 680.3 667.8 655.1 642.2 628.7 614.6 600.5 589.4 576.6 563.5 550.2 537 524.8 506.6 492.9 478 462.5 447.3 433.1 419.2 404.5 392.4 381.5 374.4 367.7 351.9 336.5 319.5 320.2 314.5
635 617.4 603.5 598.5 585.3 568.8 560.5 555.2 572.3 604.2 646.4 662.8 666.8 661.9 652 664.1 690.4 712.9 753.5 789.5 841.8 894.4 935 966.8 980.6 971.1 960 949.6 944 938.2 941 952.7 947 954.8 973.9 957.8 935 908.6 877.6 876.2 844.9 810.3 773.6 750.6 734 718.9 704.2 690.7 678.4 665.2 654.1 639.1 626.2 611.8 601.5 588 574 557 544 532.1 518.3 501.5 485.4 467.6 456.9 444.7 431.4 416.8 406 399.2 392.3 379.1 366.3 346.4 330.1 320.1 321.9 315.7
638.1 626.9 615.2 606 583.4 571.6 561.9 557 567 598.6 636.6 649.2 659.4 665.2 653.6 655.7 688.2 713.4 752 787.7 839 894 931.2 957.4 950.8 938.2 926.5 915 909.5 906.3 911.9 923.5 930.4 937 956.5 947.7 927.2 909 885.7 856.8 828.4 797.2 767.4 746.2 729.9 715.7 702 689.5 676 664.1 651.2 637 626.2 617.1 602.3 586.7 569.7 556.1 543.2 529.5 507.7 492.7 480.3 467.3 455.6 441.5 434.7 423.7 416.4 408.2 392.9 379.1 362.1 342.7 329.8 322.8 322.1 314
642.3 631.8 619.8 609.3 597.4 576.3 565.3 561.3 572.6 590.5 620.9 633.8 650.4 659.3 648.5 659.2 682.1 709.2 744.2 783.2 824.4 881.3 917.9 931.7 919.3 905.3 892.4 880.5 874.5 872 878 886.6 895 911 929.5 945.8 918.3 896.8 874 840.7 808.1 781.6 757.6 739.5 726.4 712.4 698.8 685.2 672.9 660.4 649.4 637.9 627.1 617.3 600.5 584.5 568.9 553.3 535.4 522.7 505.7 495.9 485.2 469.8 459.6 451.1 441.7 431 419.5 411.7 401.4 385.5 367.6 348.7 333.7 327.1 317.3 313.1
649.1 639.6 625 612.6 606.1 584.7 574.1 568.9 577.7 584.8 604.7 620.3 639.6 650.3 646.7 659.3 673.9 698.9 734.3 768.3 809.1 856.9 895.3 903.3 887.9 872.9 858.8 846.6 839 838.3 841.2 848.2 857.9 882 899.8 913.8 920.2 885.1 856.5 826.2 800.6 777.9 756.5 738.4 725.4 713.1 696.2 681.7 671.1 659.2 646.2 634.2 621.5 614.8 602.7 585.1 570.1 557 546.7 531.1 518.9 505.1 493.3 482.5 471.1 460.7 449.3 441 431.8 425.5 407.2 394.4 375.8 356.7 343.3 328 315.4 312.7
657.7 645.2 639.8 620.1 615.7 601.7 588.2 581.2 579.4 591.5 598.3 605.3 626.2 639 641 647.8 665.5 686.6 718 748.1 786 834.3 879.3 874 855.8 838.7 824.1 811.3 802.7 801.3 804.3 811.5 826.7 848.9 866.8 883.1 897.5 888.3 856.5 827 798.2 779 754.7 738.5 725.5 712.6 697.5 683 669.5 656.4 644.1 632.6 621.7 611.3 603.5 587.4 582.4 577.4 565.9 548.4 535.2 523.6 515.5 501.9 488.8 473.4 465.5 461 456.8 456.4 429.3 403.8 378.1 358.7 344.2 332.6 318.2 313.2
671 667.5 654.4 641 628.1 616.7 611.6 596 583.7 595.8 600.8 600.4 613.3 628.3 634.2 636.6 651.7 672.1 694.3 723.8 763.3 807.5 853 846 824.3 800.7 783 773.1 766.2 763 767.5 777.6 791.9 809.7 831.5 854.6 871.4 886.4 868.6 838 812.4 788.1 767.2 757.1 737.9 718.3 702.4 685.1 670.2 659.7 649.6 636.6 624.7 617.8 608.9 607.3 635.2 636.8 632.2 628.2 593.3 577.8 549.3 556.9 542.9 519.5 496.2 492.4 493.3 495.3 474.9 421 388.4 363.6 346.3 331.7 317.9 315.3
719.9 710.4 683.9 661.5 656.3 653 632.8 616.4 605.3 601.6 602.9 600.3 612.7 622.7 629.9 629.1 638.7 655.8 675.7 700.8 739.7 786.1 828.6 814.4 791.3 767.1 748 734.7 722.2 725.1 733.2 746.3 759.3 776.7 798.3 814.9 839.5 859.1 870.7 851.5 832.5 813.3 786.7 773 760.1 743 723 702.7 687.6 676 661.5 652.4 643.8 629.1 623.6 638 647.2 666.9 665.5 657.3 642.2 636.9 626.2 604.6 568.9 566.3 560.3 540.3 534.6 535.4 491.6 444.1 398.7 372.5 353.1 335.4 317.2 311.9
749.5 755.8 733.2 730.7 703.7 679.9 658.5 658.5 647.6 642.7 619.9 611.6 617.1 620.8 627.3 629.3 640.1 647.7 661 684.4 716.7 760.8 796.7 786.6 760.2 734.8 719.5 702.1 692 690.7 703.6 716 728.7 746.7 764.4 786.8 804.9 830 848.5 868.3 858.7 839.2 816.6 802.8 788.8 771.5 752.6 732.5 712.1 698.5 685.9 685.1 672.4 663.5 660.8 650.9 655.3 670.5 674.5 670.9 671 651.7 633.7 616 630.7 609.6 610.2 596.6 567.3 558.5 551.2 490.5 430 386.4 361 341.6 324 316.6
