app/static/ascii/NH08.asc
ncols 200
nrows 200
xllcorner 200000
yllcorner 880000
cellsize 50
[rows 105 to 139 of 200, columns 0 to 78 of 200]
97 96.9 100.1 101.8 101.3 98.5 96.6 97.5 97.2 88.7 84.5 84.8 84.8 84.8 84.8 84.8 84.8 84.8 84.8 84.8 86.4 90.1 93.2 96.9 100.9 106 107.7 112.5 111.6 113.7 116.7 117.6 124.5 129.6 139.5 147.5 152.2 171.8 182 191.8 200.9 219.9 230.5 233 236.2 253.5 268.3 251.7 246 245.9 238.2 235.4 221.6 217.2 214 211.8 211.7 224.1 259.3 273.5 280.6 287.9 293 297.8 314.6 318.9 318.4 325.6 329.1 334.7 344.1 351.5 361.2 374.9 407.2 433.5 449.6 459.7 495.1
104 104.2 108.8 115.3 111.6 107.1 101 105.5 101.7 99.9 91 85 84.8 84.8 84.8 84.8 84.8 84.8 84.8 84.8 84.8 85.6 89.2 92.9 97.6 100.2 107.3 110.6 112.1 112 111.7 110.8 114.3 119.9 127.8 134.3 145.7 153.2 164.9 178.6 187.2 204.9 212 208 214.4 223.4 228.8 227.2 228.8 239.4 233.5 224.1 212.8 207.3 206.3 208.2 220.8 241.6 257 266.8 270.1 280.6 285.5 292.3 305.9 314.5 318.8 328.5 335.1 336.9 344.5 354.4 355.2 366.5 386.4 423.2 443.1 451 467.3
110.5 116.9 123.7 132.3 136.3 126.4 114.6 123.1 137.3 128 102.2 95 87.6 84.9 84.8 84.8 84.8 84.8 84.8 84.8 84.8 84.8 84.8 89.1 93 96.1 99.3 108.1 111 109.3 104 100.9 108.5 113.3 117.2 123.7 133.6 142.9 153.9 162.4 166.3 176.5 186.1 187.9 191 198.3 201.4 206.5 210.9 225.1 217.5 214 204.2 195.5 198.7 202.3 220.3 236.7 249.6 255.8 258.1 273.5 281.6 281.6 297.9 303.7 315.6 321.2 328.4 339 343.6 352.9 353.1 358.9 374.6 402 433.1 440.1 447
121.5 131.9 142.1 156.8 154.9 166.7 143.4 140.4 151.5 140.1 119.3 113.6 102.4 92.5 89 87.7 84.8 84.8 84.8 84.8 84.8 84.8 84.8 84.8 86.6 91 94.6 98.1 101.6 98.9 96.3 98.2 101.3 106.7 108.6 113.8 124.8 132.1 147.7 143.5 149.5 160.5 161.7 168.5 174 176.6 178.7 182.8 194 202.8 201.7 201.3 196.8 188.1 187.1 193.3 209 222.3 238.3 248.1 248.4 265.5 273 276.1 293.2 301.6 312.1 317.6 318 337.6 338.7 344.1 350.4 354.5 370.8 384.3 422.1 434.5 436
139.6 149.6 160.3 172.3 195.9 211.5 189.3 168.7 166.2 183.6 145.3 137.5 116.7 111.8 105.5 103.4 92.5 87.1 85.4 84.8 84.8 84.8 84.8 84.8 84.8 85.4 93.7 94.4 95.2 91 97.6 94.1 95.7 99.5 100.8 106 115.3 124.4 136.8 133.2 136.5 143.3 147.7 152.2 161 161 163.2 166.9 176.2 181.3 189.3 191.1 186.4 183 180.5 185.2 199.1 212.9 225.5 235.9 244.9 257.6 265.1 273 285.2 292.4 308.1 316.9 318.3 332.9 333.7 335.3 343.7 348.3 359.2 368.7 405.3 432.3 433
153.3 171.6 183.9 191.1 222.2 236.7 208 195.7 191.9 211.6 168.4 152.9 133 124 115.3 111.3 111.9 102 96.2 84.2 84.8 84.8 84.8 84.8 84.8 84.8 84.8 86 84.8 84.8 84.8 84.8 84.8 88.1 94.1 94.7 103.9 112.7 121.1 118.8 125.1 126.7 132.3 139.4 141.5 146.1 147 153 156.6 165.4 175.7 179.8 175.3 177.7 179.2 181.4 187.7 199.3 203.1 217.5 232.6 243.6 254.8 270.1 282.4 298.3 312.3 317.7 315.5 331.9 331.1 331.2 334.6 340.9 352.2 356.6 387 431.1 431.5
170.8 196.2 218.9 203.4 227.6 225.5 219.5 213.7 229.2 222.4 192.5 188.2 165.3 137.9 139.9 141.7 122.5 114.8 104.2 88.9 88 84.8 84.8 84.8 84.8 84.8 84.8 84.8 84.8 84.8 84.8 84.8 84.8 84.8 84.8 87.5 92.9 103.2 103.9 104.8 114.8 115.2 122 124.4 126.2 129.9 137.2 135.1 145.6 148.4 160.8 162.7 167.9 170.3 173.9 175.9 175.9 182 192.2 197.7 215.5 226 248.2 267.8 280 295.9 310.4 314.7 315.8 325.9 332.4 331 331.6 338.2 346.9 351.7 375.5 408.4 430.1
184.8 217.4 232.1 218.6 219.1 232.1 234.3 245.8 243 234.7 205.5 194.6 190 174.1 157.1 145.9 135.8 125.5 114.5 105.5 103.1 95.6 92.4 84.8 84.8 84.8 84.8 84.8 84.8 84.8 84.8 84.8 84.8 84.8 84.8 84.8 85.6 89.1 92 95.1 101.2 101.8 107.2 111.3 112 125.3 126.1 124.4 132.4 142.1 146.6 150.6 157.2 156.5 169.3 177.9 168.9 170 176.3 183.5 192.9 219.8 242.2 259.1 272.3 285.3 298.6 313.4 318.5 327.7 332.2 331 331.7 337.1 342.4 350.9 374.7 401.5 426.8
190.5 208.3 221.1 223.6 230.8 263.7 262.4 249.8 240 231.6 214.7 204.1 206.6 186.6 174.4 152.5 147.5 138.3 125.4 125.2 120.9 110 118.1 102.3 84.8 84.8 84.8 84.8 84.8 84.8 84.8 84.8 84.8 84.8 84.8 84.8 84.8 84.8 84.8 86 89.7 96.4 95.6 102.1 103.3 113.1 121.4 118.7 123.2 133.5 134.5 140 151 148.8 164.5 167.8 166 165.1 162.4 166.3 184.4 215 225 246.6 262.7 274.3 289 305.2 319.6 326.7 330.9 333.7 328.9 335.1 340.2 347.8 374 413.1 432.8
191.4 207.2 221.2 229.3 244.4 270.2 274.8 265 248.8 235.8 219.8 211.3 203.7 196 197.5 171 156.8 146 145.9 142.7 145.8 135.7 119.3 113.5 92 87 84.8 84.8 84.8 84.8 84.8 84.8 84.8 84.8 84.8 84.8 84.8 84.8 84.8 84.8 84.8 86.2 86.3 91.7 94.5 100.9 108.4 111.7 116.2 121.4 125.1 129.7 132.8 139.7 146.6 150.7 158.2 162.7 159.2 154.9 164.9 191.8 207.9 226.3 249 264.1 278.6 299.3 310.1 324 330.3 331.4 330 337.5 338.4 350.2 379.5 417.4 435.6
203.4 209.3 219 234.8 251.8 273.8 276 263.5 249.3 241.1 229.1 217.4 211.9 203 194 193.3 170.2 161.6 165.1 157.8 153.4 149.3 140.4 119 109.9 96 88.1 84.8 84.8 84.8 84.8 84.8 84.8 84.8 84.8 84.8 84.8 84.8 84.8 84.8 84.8 84.8 84.8 84.8 85.2 93.3 101.8 102.8 111.9 113.1 113.1 123.3 125.5 127.1 136.1 139.8 144.3 161.1 162.1 152.5 151.3 159.1 178.1 198.9 224 253.7 269.5 292.9 303.6 318.1 325.7 326 327.2 335.3 338.2 350 378.9 435.9 430.5
225.6 224.3 239.1 253.3 278.7 285.7 280.3 273 262.8 244 238.5 231.1 215.3 206.9 199.7 192.7 179.7 172.8 169.8 164.5 153.3 148.7 135.4 126.6 120.1 115.6 102.4 100 84.8 84.8 84.8 84.8 84.8 84.8 84.8 84.8 84.8 84.8 84.8 84.8 84.8 84.8 84.8 84.8 84.8 84.8 91.8 95 105.7 105.6 109.1 114.4 117.8 116.4 123 131.2 133.7 146.4 160 154.3 151.3 150.4 150.8 169.1 210.6 241.9 254.5 279.4 295.7 308.8 320.5 324.2 323 329.7 338.6 354.4 375.8 432.3 433.6
236.1 234.3 254.5 287.1 302.2 301.9 292.3 282.5 268.4 258.5 248.5 232.8 220.4 211.5 202.1 194.8 188.2 181 171.3 165.1 156.7 150.6 144.1 131.6 123.8 115.3 110.1 107.5 95.4 84.9 84.8 84.8 84.8 84.8 84.8 84.8 84.8 84.8 84.8 84.8 84.8 84.8 84.8 84.8 84.8 84.8 84.8 87.6 92.7 96.6 104.8 107.8 106.6 108.5 108.2 119.9 126.4 146.9 150 152.9 153.3 150.6 149.3 158.8 196.4 233.5 242.2 262.7 283.5 296.7 307 317.1 320.1 320.6 339.3 350.2 367.4 416.8 430.5
241.3 253.3 261.5 273.5 297.2 300.2 299.8 295.4 276 257.3 248.3 238.6 227 214.1 205.3 197.1 190.2 185.8 175.7 166.6 157.6 159.5 148.8 137.8 134 125.6 121.3 117.7 107 106.5 95.9 84.8 84.8 84.8 84.8 84.8 84.8 84.8 84.8 84.8 84.8 84.8 84.8 84.8 84.8 84.8 84.8 84.8 84.8 84.8 97.7 106.9 97 100.7 102.9 105.7 122.5 137.6 143.6 147.7 152.4 154.4 148.3 156.1 176.4 208.8 230.7 249 270.5 282 293.8 303.9 312.8 311.5 333.2 339.6 358.2 403.5 420.1
250.2 269.6 275.4 277.7 298.8 304 302.5 300.5 284 261.5 244.7 234.6 229.1 219.1 208.5 200.2 195.4 185.9 182.8 175.5 168.4 162.8 157.3 153 147.2 133.9 131.2 122.7 112.7 107 95.5 89.1 84.8 84.8 84.8 84.8 84.8 84.8 84.8 84.8 84.8 84.8 84.8 84.8 84.8 84.8 84.8 84.8 84.8 84.8 84.8 92.4 90.9 93.1 94.5 99.7 113.9 128.7 132 141.5 149 149.2 149.3 148.2 160.8 186.6 212.3 235.9 254.8 268.5 282 288.3 299.3 302.7 320 335.6 346.2 386.2 410.2
264.8 285.9 289 293.5 309.9 314.7 303.7 306.1 304.4 266.8 253.7 238 231.4 220 215.9 204 200.9 193.8 187.2 178 173.1 166.9 162.8 163.1 154.3 145 141.6 132.5 117 114.6 113.9 100.7 91.9 84.8 84.8 84.8 84.8 84.8 84.8 84.8 84.8 84.8 84.8 84.8 84.8 84.8 84.8 84.8 84.8 84.8 84.8 84.8 84.8 84.8 87 94.3 98.2 118.9 127.6 132.9 135.4 139.4 146.1 143 151.9 170.2 189.6 220.9 235.6 246.6 268.1 274.8 288.1 293 309.1 323.1 336.1 357.8 385.7
286.6 304.1 305.5 316.5 312.5 318.5 309.4 308.9 302 277.6 262.5 250.5 238.4 226.3 220.1 213.7 206.8 202.1 194.5 182.4 177.4 174.8 175.5 174.3 171.3 169.3 156.6 147.9 132.8 125.1 121.6 116.2 108.9 93.7 84.8 84.8 84.8 84.8 84.8 84.8 84.8 84.8 84.8 84.8 84.8 84.8 84.8 84.8 84.8 84.8 84.8 84.8 84.8 84.8 84.8 86.6 92.5 99.3 113.2 118.5 120.6 129.9 135.7 140.9 145.3 156.9 175.9 204.5 220.5 238.3 251.9 264.2 272.2 283.4 305 321.9 335.5 347.1 376.3
262.8 291.5 311.6 325.1 323.9 315.2 314.9 310.5 289.6 284 275.6 264.2 246.3 235.3 226.4 220.9 213.2 202.6 194.7 186.7 183.1 180.5 184.7 183.5 180.4 181.3 171.3 154.9 141 137.1 133.4 127.7 118.1 113.9 102.4 92.5 84.8 84.8 84.8 84.8 84.8 84.8 84.8 84.8 84.8 84.8 84.8 84.8 84.8 84.8 84.8 84.8 84.8 84.8 84.8 84.8 86.5 89.6 105.9 107.5 111 115.6 126.4 133.8 139.9 143.4 165.4 187.8 206.6 222.4 239.2 247.8 256.1 279.1 300.4 309.5 326.6 339.1 363.4
249.1 306.3 326.7 325.6 328.9 341.5 318.7 308.7 292.7 285.6 279.9 277.8 252.5 240.6 233.3 225.4 223.2 208.9 202.2 191 186.2 185.9 184.9 182 178.7 173 169.7 161.4 154.9 156.3 149 145.6 138.2 135.4 132.8 121.7 103.5 85.4 84.8 84.8 84.8 84.8 84.8 84.8 84.8 84.8 84.8 84.8 84.8 84.8 84.8 84.8 84.8 84.8 84.8 84.8 84.8 84.8 93.8 100.5 104.3 109.1 117.1 127 133.3 134.6 150.9 169.5 187.1 205.7 222.8 237.8 245.9 261.3 279.1 298.2 312.6 331.8 340
248.7 303 323.6 328.8 337.9 344.9 328.5 314 301.1 291.9 279.2 271.3 261.4 252.4 233.1 222.7 218.8 212.1 209.4 197.7 191 190.2 186.6 182 177 172.5 167.6 163.1 160.4 166 167 160.9 153.8 146.3 139.6 133.1 120.5 100.1 87.3 84.8 84.8 84.8 84.8 84.8 84.8 84.8 84.8 84.8 84.8 84.8 84.8 84.8 84.8 84.8 84.8 84.8 84.8 84.8 84.8 86.8 93.9 100 105.8 116.3 121.8 127 139.9 153.6 166.6 185.5 203.1 225.8 236.7 258.6 270.8 284.4 294.1 317.1 328.3
249.8 292.7 311.3 320.2 322.3 333.1 320.8 313 305.1 299 279.7 276.3 276.1 265.8 239.2 228.3 221.4 220 215.3 205.2 199.3 193.6 189.4 184.8 177.8 170.7 166.6 165.7 163 167.3 175.7 186.7 168 160.7 150.1 140.8 132.3 119.2 104.2 90.6 84.8 84.8 84.8 84.8 84.8 84.8 84.8 84.8 84.8 84.8 84.8 84.8 84.8 84.8 84.8 84.8 84.8 84.8 84.8 84.8 84.8 89.4 92.6 101.8 112.1 115.9 121.3 136.3 147.5 167.9 184.6 209.2 230.3 246.7 255.5 268.3 280.2 290.7 312.2
257 284.5 296.2 302.3 308.8 312 308.4 304.2 308.4 298.5 287.4 281.7 283.5 270.1 250.3 239.2 228.8 226.3 218.9 213.6 205.5 197.8 193.7 187.1 180.3 174.2 171.5 168.4 164.3 167.8 169.7 184.2 174.3 166.8 158 152 144.9 134 122.7 107.9 103.3 88.9 84.8 84.8 84.8 84.8 84.8 84.8 84.8 84.8 84.8 84.8 84.8 84.8 84.8 84.8 84.8 84.8 84.8 84.8 84.8 84.8 84.8 90.6 95.4 102.7 110.2 119.6 133.9 150.2 167.8 183 216.7 234.4 245.2 255.4 261.1 276.6 286.4
242.6 265.6 277.2 291.2 291.2 298.9 297.6 295.5 302 296.7 285 278.9 285.9 272.5 273 249.2 237.4 231.1 224 219.9 212.6 207.3 197.5 188.7 184.8 183.3 179.2 174.3 168.1 165.7 169.1 169.8 170.9 170.6 162.8 158.1 151.9 141.6 131.8 121.7 115.3 103.7 91 84.8 84.8 84.8 84.8 84.8 84.8 84.8 84.8 84.8 84.8 84.8 84.8 84.8 84.8 84.8 84.8 84.8 84.8 84.8 84.8 84.8 85.3 90.3 95.5 110.9 124.9 137.4 152.3 167.6 195.6 219 227.9 239 247.1 262.4 279.7
220.3 241.7 257.7 270.6 273.3 281 283.7 283.5 285.8 287.1 279.9 272.3 272.3 274.4 273.3 254.1 248.5 245.2 231.4 229.3 219.3 210.3 201.3 191.9 188.6 185.2 182.6 180.4 176 169.1 166.4 168.1 169.8 170.5 165.4 161 155.3 145.6 136.9 129.9 122.6 113 105.9 95.8 86.2 84.8 84.8 84.8 84.8 84.8 84.8 84.8 84.8 84.8 84.8 84.8 84.8 84.8 84.8 84.8 84.8 84.8 84.8 84.8 84.8 84.8 86 105.4 118.6 127.8 138.3 154.8 176.4 203.3 213.1 222.9 229.1 250 265.3
204.8 219.4 239.3 252.3 263.9 266.7 268.8 274.6 278 281.8 273.5 265.5 266.6 264.8 264.7 272.5 261.7 257.3 238.7 232.3 224.9 212.2 202.1 199.7 193.6 189.5 187 185.3 178.9 173.8 169.1 169.3 171.4 173.9 171.4 166.1 158.7 150.5 142.4 134.4 127.2 121 113.2 104.4 95 88.3 84.8 84.8 84.8 84.8 84.8 84.8 84.8 84.8 84.8 84.8 84.8 84.8 84.8 84.8 84.8 84.8 84.8 84.8 84.8 84.8 84.8 92.7 106.5 114.5 129 143.1 160.3 180.4 195 208.1 217.1 233.2 243
198.9 208.4 228.2 240.3 251.3 251 255.9 269.2 275.5 277.4 277.6 270.2 263.6 262.4 262.8 265.7 262.3 251 240.1 231.4 223 218.2 208.9 202.3 198.1 194.2 190.3 187.6 181.5 180.3 176.7 173 172.4 175.9 174.8 172.4 165.2 158.3 150.7 141.7 133.9 126.7 121.1 111.2 101.8 95.4 87.5 84.8 84.8 84.8 84.8 84.8 84.8 84.8 84.8 84.8 84.8 84.8 84.8 84.8 84.8 84.8 84.8 84.8 84.8 84.8 84.8 84.8 97.8 105.5 115.5 131 143.3 165.7 176.5 188 201.8 214 225.1
199.4 201.3 210.3 221.1 233.5 242.5 246.3 253.1 262.2 268.5 275.7 274.7 269.8 262 262.4 256 250.6 243.8 240.5 236.4 234.9 225.4 216.2 208.1 204.1 201.2 198 191.8 188.2 186.9 184.2 177.5 175.2 176.8 177.5 175.6 168.8 166.5 158.1 150 142.5 133.6 125.9 118.9 110.2 102.4 96.2 87 84.8 84.8 84.8 84.8 84.8 84.8 84.8 84.8 84.8 84.8 84.8 84.8 84.8 84.8 84.8 84.8 84.8 84.8 84.8 84.8 88.2 94.4 104.2 118 128.6 147.2 160.6 170.9 180.8 194.2 207.1
200 201.6 202.1 209.5 223.4 238.7 253.3 251.8 255.2 255.7 267 264.5 267.5 261.1 262.5 260.8 249.4 241.7 246.1 244 242.3 240.1 231 220.3 221.5 213.1 207.2 198.8 191.6 191.1 187.9 183.1 181.4 179.3 179.7 177.8 172.2 168.7 164.7 157.6 150.6 138.6 131.8 127.2 118.9 111.3 104.5 95.5 86.7 84.8 84.8 84.8 84.8 84.8 84.8 84.8 84.8 84.8 84.8 84.8 84.8 84.8 84.8 84.8 84.8 84.8 84.8 84.8 84.8 86.8 96.7 104.8 117.5 127.8 141.9 154.4 165.5 176.5 184.9
201.9 204.2 208.9 210.1 220.9 231.8 248 247.8 250.9 254.1 257 263.3 259.8 259.8 262.1 256 248.4 247.2 250.1 251.5 248.7 247.3 242.7 236.3 239.8 233.8 216.9 206.3 198.7 196.7 190.2 188.7 183.6 182.1 183.9 182.6 181.2 172.6 168.1 162.5 156.9 145.8 138.7 132.6 125.3 118.8 113.2 102.4 93.9 89 84.8 84.8 84.8 84.8 84.8 84.8 84.8 84.8 84.8 84.8 84.8 84.8 84.8 84.8 84.8 84.8 84.8 84.8 84.8 84.8 85.9 88.8 100.7 115.1 121.2 136.6 147.5 157.7 167
205 207.7 208.5 208.8 209.3 221.8 225 235.7 254 257.8 263.8 263.6 258.1 262.4 259.7 250.6 248.2 247.5 254.9 254.4 254.1 253.4 256.9 256 257.5 243.3 223.8 213.3 207.5 202.8 195.9 191 186.8 187.1 187 186.6 186.7 181.1 174.2 168.9 162.7 153.8 146.9 138.4 130.2 123.2 116.6 109.6 105.2 97.3 88.5 84.8 84.8 84.8 84.8 84.8 84.8 84.8 84.8 84.8 84.8 84.8 84.8 84.8 84.8 84.8 84.8 84.8 84.8 84.8 84.8 84.8 88.2 100.2 108.5 118.2 130.1 138.4 152
205.9 207.9 206.4 205.8 209.1 210.1 214.4 222.5 253.3 254.3 255.8 257.4 257.1 263.6 254.2 250.3 251.2 255.7 260 261.7 267.6 260.4 261 262.9 265.3 251.5 229.5 214.6 207.7 204.6 202.9 199.3 195.2 191.1 192.8 191.9 189.4 186.7 185.8 177.9 170.4 160.1 152.1 145.1 137.6 128 122.4 116.7 111 105.9 96 89.7 84.8 84.8 84.8 84.8 84.8 84.8 84.8 84.8 84.8 84.8 84.8 84.8 84.8 84.8 84.8 84.8 84.8 84.8 84.8 84.8 84.8 88.9 101.4 111.6 116.4 127.7 136.6
211.3 209.4 210 207.5 207.1 209.7 210.1 219.8 251.3 261.9 258.9 255.7 257.6 260.7 255.2 254.2 257.8 261.4 272.9 282.8 279.8 279.1 270.1 264.5 262.4 251.7 235.6 221.4 219 216.3 216.5 209 203.5 199.1 197.4 195.9 193.8 190.2 190.6 186.2 174.1 165.3 158.3 154.2 144.2 134.2 126.6 122.8 116.1 111.5 102.6 100.6 91.3 84.8 84.8 84.8 84.8 84.8 84.8 84.8 84.8 84.8 84.8 84.8 84.8 84.8 84.8 84.8 84.8 84.8 84.8 84.8 84.8 84.8 92.4 101.3 109.5 113.8 123.2
209.1 210.9 210 208.2 208.8 208.5 211.3 225.1 249.8 262.5 266.4 267.6 260.8 261.5 257 257.9 272.7 277.3 275.4 288.9 295.5 289.5 287.1 276 265.6 254.7 241.4 233.4 235.5 234.3 231.3 219.1 213.2 208.7 204.5 199.6 194 188.9 188.1 184.1 179.9 171.8 165.8 159 149.3 139.6 136.3 129.5 123 115 109.1 102.4 98.2 88.1 84.8 84.8 84.8 84.8 84.8 84.8 84.8 84.8 84.8 84.8 84.8 84.8 84.8 84.8 84.8 84.8 84.8 84.8 84.8 84.8 84.8 91.1 95.2 101.3 108.6
213.2 217.7 211.6 209.5 209.3 209.3 211.7 226.3 251.5 272.7 289.5 282.7 266.5 259.7 261.6 272.7 296.4 294.8 292 288.8 292.4 294.1 295.9 299.4 286.2 266.4 252.1 251.9 259.2 256.7 249 232.7 229.8 216.6 209 202.3 191.9 188.7 188.2 185.9 181.6 176.1 170.3 163.7 153.4 144.6 142.4 134.9 125.6 119.3 115.1 108.8 107.8 95.7 86.9 84.8 84.8 84.8 84.8 84.8 84.8 84.8 84.8 84.8 84.8 84.8 84.8 84.8 84.8 84.8 84.8 84.8 84.8 84.8 84.8 84.8 86.6 89.6 94.8
218 221.1 218.8 212.2 210.2 209.7 213.6 235.2 252.4 280.4 295.2 289.5 269.9 264.4 270.3 285 297.8 298.4 296.2 295.6 297.7 302.3 311.7 311.3 303.3 285 267.3 276.2 272.1 269.1 268.7 263 248.3 232.6 215.9 207.6 197.7 190.9 190 189.3 184.9 179 173.8 168.7 159.1 150.6 144.4 138.5 132.5 124.5 119.2 112.7 109.5 100.1 94.9 88.2 84.8 84.8 84.8 84.8 84.8 84.8 84.8 84.8 84.8 84.8 84.8 84.8 84.8 84.8 84.8 84.8 84.8 84.8 84.8 84.8 84.8 84.8 86.3
