app/static/ascii/NH09.asc
ncols 200
nrows 200
xllcorner 200000
yllcorner 890000
cellsize 50
[rows 76 to 113 of 200, columns 85 to 169 of 200]
-2 -2 -2 -2 -2 -2 -2 -2 -2 -2 -2 -2 -2 -2 -2 -2 -2 -2 -2 -2 -2 -2 -2 -2 -2 -2 -2 -2 -2 -2 -2 -2 -2 -2 30.4 77 90.7 100.4 120.4 139.1 153.8 158.6 166.6 173.1 186.3 189.6 187.2 191 204.7 207.3 216.7 222.1 221.9 226.1 224.9 223.8 211.7 205.5 197.8 180.9 167.1 150.4 132.5 121.5 112.8 102.6 93.4 84.2 70.7 57.6 60.8 53 41.8 32.4 15.1 2.5 2 -0.9 -2 -2 -2 -2 -2 -2 -2
-2 -2 -2 -2 -2 -2 -2 -2 -2 -2 -2 -2 -2 -2 -2 -2 -2 -2 -2 -2 -2 -2 -2 -2 -2 -2 -2 -2 -2 -2 -2 12.9 53.5 62.1 84.9 100.4 110.7 131.8 151.5 164.9 168.3 176.2 189.2 203.9 212.5 211.4 209.6 211.4 215.2 225.9 236.8 238.3 237.9 234.4 236.8 236 222.5 202.5 195.2 179.4 162.4 146.4 132.5 125.1 116.2 106.1 95.9 86.9 84 73.9 70.8 58.9 47.7 28.3 12.1 2.4 2.4 0.8 20.4 26.3 29.1 21.7 16.7 13.7 15.1
-2 -2 -2 -2 -2 -2 -2 -2 -2 -2 -2 -2 -2 -2 -2 -2 -2 -2 -2 -2 -2 -2 -2 10.8 -2 -2 -2 -2 -2 29.8 67.3 77 80 98.8 113 124.4 142.5 159.1 171.6 180.9 185.1 204.6 221.1 221.2 222 221 222.8 231.2 232.6 250.9 249.3 241.6 241.1 242.5 240.3 230.8 219.3 211.5 194.5 177.2 162 145.6 135.3 128.5 119.7 112 110.5 99.3 89.9 84.8 72.2 60.8 42.3 25.6 13.4 5 23.8 45.6 46.6 51.6 41.6 28.8 23.5 24.3 20
9.8 -2 -2 -2 -2 -2 -2 -2 -2 -2 -2 -2 -2 -2 -2 -2 26.7 24.7 27 28.1 29.7 29.3 31.1 36.2 56 59.5 53.3 52.2 79.6 82.3 92 91.2 110.4 123.8 135.3 150.4 163.9 174.8 183 188.8 205.2 216.4 217.5 223 227.7 230.7 243.8 244.4 252.9 253.8 251.4 250.8 246.7 244.6 238.3 232.7 222.8 212 192.8 178 160.7 147.3 133.5 128.8 131.7 126.3 119.5 109.6 96.9 89.6 73.5 54 44.9 33.1 18.5 28.6 58.9 58.5 50.8 53.6 49.6 43 38.3 29.8 26.2
36 31.3 35.1 31.5 30.4 25.6 16.3 18.1 11.1 9.8 17.5 26.6 38.1 40.9 44.7 49.3 54.9 67.4 74.6 68.7 68.3 80.5 95 98.6 96.6 93.9 94.1 92.8 96.4 101.1 109.5 117.7 130.5 143.3 151.8 163.9 177.8 185.9 192.2 197.6 206.6 220.1 228.3 234.6 240.4 243.3 252.7 260.1 266.2 265.6 264.8 255.4 251.5 249.8 243.9 232.4 220.4 211 190.8 175.9 163.8 148.7 141.8 141.3 136.1 129.7 121.6 113.4 100.7 86.7 86.8 84.2 70.2 51.3 39.4 58.8 69.2 59.5 69.1 71.8 68.7 56 43.7 37 32.2
55.4 53.5 52.4 50.7 49.2 51.1 50 54 55.4 62.1 75.3 79 89.3 99.4 100.1 98.9 111 125.5 120 115 116.8 119.7 116.6 112.5 104.4 106.1 108.3 111.7 118.5 123.5 126.6 144 154.8 160.5 176.3 185.5 197.1 206.8 209.1 215 233.8 245.2 247.7 250.3 255 266.9 269.7 268.4 268 268.5 264.3 259.4 252.8 248.1 239.7 228.7 217.1 205.2 185.6 177.8 166 159.7 148.7 146.5 135.9 127.3 120.4 108.1 103.3 106.9 106.6 116.8 113.8 83 63.8 79.6 88.2 86.4 83.1 85 79.7 69.3 58.3 48.7 42.7
68.3 70.9 75.8 79.9 95.8 90.5 107.8 104.5 109.2 114 122.4 123.4 126 125.2 123.3 123.1 133.5 141.3 136.8 134.4 132.7 133.7 130.5 126.7 126.6 129.5 128.1 128.7 129.2 130.2 140.7 153.9 167.7 185.2 195.7 207.7 217.4 224.5 233.8 243.9 247.8 254.4 263.2 268.2 269.2 271.3 270.3 270 276.5 275.7 267 259.5 254.7 243.3 231.8 223.3 212.6 197.6 184.9 180.8 173.7 165.2 154.3 149.6 140.6 129.8 115.9 112.7 124.3 153.8 163.4 156.7 132.8 98 87.1 88.4 87.8 86.6 96.8 99.7 83.6 74.1 62.6 55.3 44.1
92.5 101.9 113.6 120.8 125.8 129.9 137.8 140.9 137.8 137.2 141.7 142 143.8 142.9 140.9 142.5 144 145 141.1 139 138.7 140.1 145.2 147.7 145.6 142.4 142 140.6 145.8 150.6 157.1 169.7 190.2 201.8 215.8 222.7 224.8 235 251.5 257.7 266.3 273.6 274.8 272.6 275.3 272 270.6 273.8 275.9 272.8 267.4 263.8 256.1 243 230.9 219.6 207.6 197.8 191.7 187.7 181.5 170 158.1 150.1 134.4 127.6 127.5 131.9 165.1 174.3 171.3 162.3 138 112 97.2 94.4 106.9 110.7 108.2 98.6 91.6 83.8 62.7 58.4 52
117.4 127 133.8 139.9 138.1 145.3 152 154.8 156.8 162.2 159.7 158.7 159.4 159.5 159.6 155.9 151.8 149.5 144.3 143.2 154.6 158.2 159.4 155.8 159.4 157.6 154.2 154.9 159.3 162.4 173.7 196.5 211.2 220.9 238.1 243.5 257.6 275.2 278.6 279.9 283.2 282.6 284.4 282.9 281.6 277.9 277.2 275.4 273.5 269.3 265.7 264.6 256.4 247.3 236.3 220.4 214.3 206.7 197.2 187.2 180.8 171.1 163.1 158.3 163.8 163.3 159 164.5 164.9 166.7 163.7 154 135.8 129.6 123.8 118.9 127.7 118 111 112 103.8 92.6 92.7 77.9 60.9
142.5 145.8 150 150.8 149 156 158.7 162.7 169.1 172.1 171.3 170.7 171.6 171.7 167.7 162.5 161.3 162.5 174.7 179.1 173.1 168.2 173.7 175.3 176.4 172.8 172.4 170.7 172.6 182.8 194 210.5 231.9 247.7 254.2 262.7 291.7 292.8 292.1 293 290.7 289.5 287.6 289.4 287.8 283.9 281.1 277.1 270.4 267.6 264.8 260.5 250.9 246.2 234.8 229.5 225 217.4 200.1 194.5 194.9 191 188.7 179.2 176.8 170.8 164.1 164 169.1 173.3 162.2 151.3 144.9 149.1 139.3 130.8 130.5 131.4 147.2 141.3 124.6 110.4 101.7 89.8 72.1
150.9 152 155.4 154.9 158.6 166 173 178.6 180.8 181.9 181.7 179.7 177.8 176.7 174.9 171.7 190.4 198.2 196.2 193.2 190.9 188 181.3 187.6 190.1 193.3 192.8 189.9 190.7 195.4 204.2 222.6 241.5 254 259.4 292.9 295.7 295.5 297.7 294.9 294.7 298.5 300 296.5 290.4 285.7 282.2 276.4 270.9 269.5 264.5 258.9 253.1 241.6 232.7 229 227.9 227.3 225.5 219.3 211.1 205.2 198.4 192.6 193.7 190.9 187.3 177.4 175.9 171.7 161.5 152.2 154.5 150.7 139.3 138.8 157.9 172.3 160.2 142.8 128.3 111.1 100.9 92.3 91.5
168.5 168.5 166.4 162.2 170.9 178.1 182 187.1 190.3 190 186.7 184 183.3 182.4 182.4 193.3 210.2 208.4 207 203.6 201.7 198.5 203.8 209.7 211.2 210.2 205.8 204.9 203 211.9 222 231.7 246.6 262.1 278.5 283.4 286.3 294 302.6 305.3 306.3 304.1 302.1 297.6 293.5 288.9 284.6 276.5 273.2 271.5 266.2 258.8 252.8 239.2 236.9 247.1 250.4 245.8 238.9 229.6 224.1 217.2 201.9 206.8 205.7 201.6 195.1 183 174.6 168.7 160.3 158 152.7 148 148.4 159.5 176.4 168.4 155.2 138.5 124.6 114.8 126.7 127.3 116.4
173.7 175.2 173.9 175.8 183.1 184.3 190.8 196 197.1 193.9 189.4 188.9 198.1 204.4 207.3 220.2 230.7 226.9 222.5 212.1 209.4 206.2 219 224.5 227.8 225.5 224 218.3 218.9 224.4 229.3 247 257.9 272.1 276.2 284.8 306.7 307.4 314.1 317.2 316.3 309 304.9 297.3 292.9 289.8 286.6 281.1 275.9 269.5 267.6 259.6 265.8 270.6 265.2 260.4 256.1 248.8 238.9 233.2 226.8 222 212.9 218.1 215.3 209.1 203.3 194.7 178.5 169 168.9 191.4 179.2 182.4 182.4 180.5 173.2 163.5 148.8 132.9 129 150.6 148.3 135.6 124.3
183.1 182 181.4 186.5 195.7 196.7 199.7 198.5 199.6 204.8 208.1 214.7 218.9 222.7 226.1 237.1 240.1 236.5 231 224.8 224.5 232.8 235.4 236.8 235.5 232.3 228.8 233.7 243.8 242.7 262.2 273.7 287.3 295.8 302.8 309 313.2 319.4 325.6 326 321.2 313.1 306.7 297.8 292.4 289.4 285.3 283.1 277.5 269.6 274 282.4 279.5 277.2 271.2 261.8 256.1 251.1 243.5 236.5 225.4 220.2 219.3 219.5 214 208.9 203.9 199.1 185.8 173.5 188.7 197.4 187.8 189.6 186.1 182.7 173.7 162.3 144.9 137.2 155.4 155.9 148.9 139 126.9
197 195.8 197.9 202 205.3 204.1 211.4 215.2 215.4 221.9 223.6 228.1 232.6 243.5 243.1 243.5 243.6 240.7 235.2 234.4 237.3 238.3 238.6 239.2 238.4 236 234.8 242 250.7 265.7 273.8 280.4 288 311.3 326.4 332.7 337.7 333.9 327.3 324.9 321.5 311.9 307.4 299 294 288.9 287.7 285.4 277.7 279.9 287.3 292.1 294.8 281.7 275.8 270.2 259.8 254.5 247.3 238.4 227.6 223.7 226.1 230.9 223.3 215.5 203.7 196.9 187 187.7 203.1 196.3 187.4 194.4 191.2 183.8 177.4 166.4 153.7 166.2 167.1 156.9 150.3 143.2 134.3
210.3 207.2 205.9 208 209 214.2 224.3 224 224.2 226.7 228.6 232.8 242.2 247 248.7 253.9 252.3 246.9 241.4 243.8 246.5 246.3 245 241.9 239.9 239.6 242.5 253.3 267.9 275.2 280.1 285.1 291.7 313.9 334.1 340.1 337.7 332.2 324.7 322 319.9 314.6 305.8 300.6 298 291 284.6 284.1 289.5 304.9 311.4 309 302.6 296.8 292.5 286.1 276 270 262.2 252.1 244.8 242.7 244.5 238.6 228.1 209.7 200.4 194.1 191.6 202.6 198.5 190.2 190.8 197.8 195.9 192.9 188.4 183.1 177 173.7 172.6 167.4 157.5 151.1 146.3
218.6 217.1 214 214.7 215.9 225.8 232.9 231.4 229.7 231.2 239.3 242.3 256 258.5 257.7 256.7 254.9 252.4 250.1 253.1 255.4 253 251.5 247.7 242.9 243.2 253.4 261.6 269.8 275.7 283.5 286.9 293.6 305.5 318.9 343.5 340 334.3 324.9 319.8 316.8 312.6 308.9 302.9 295.2 288.5 295 317.6 331.9 329.6 322.3 315.4 313.2 306 295.4 289 280.8 275.4 266.4 257.6 252.2 249.4 240.9 233.7 222.3 212.3 209.5 198.3 200.8 209.3 197.4 194.5 197.9 203.3 201.3 194.2 188.5 184.8 183.7 181.7 180.6 169.9 162 156.1 161.9
227.7 228.1 228.6 229.8 233.8 236.3 236.1 233.4 233.4 237.7 242.6 257.6 267.4 267.1 262.5 259.6 256.4 253.4 253.8 256.3 256.6 256.2 254.8 253 248.2 245.1 259.5 270.6 276.3 282.4 289.1 287.9 290.2 297.2 327.2 346.5 341.1 334.5 329.8 321.3 311.8 305.7 301.8 298.4 300.8 315.7 334.3 343.5 344.5 341.7 336 330 321 311.1 301.3 290.7 284.3 277.5 270.2 261.1 252.8 245.6 238.5 226.8 224.8 226.8 223 210.2 217.9 213.3 207.7 201.6 205.9 205.1 204.9 199.3 196.8 192.8 188.4 192.4 190.4 183.1 171.2 171.8 173.2
234.1 234.7 238.8 243.9 245.8 247.8 247.9 244.4 241.8 245.2 259.7 271 274.9 273.8 265.6 261.8 260.6 261.6 261.8 261.7 260.3 259.4 260.7 258 253.3 263.1 282.1 292.2 295.6 299.9 296.7 291.5 291.6 301.1 334.2 336.3 337.3 332.5 330 325.4 312.2 305.6 304.3 315.4 339 349.4 359.1 357.2 351 346.2 337.4 329.8 321.4 310.8 300.8 288.7 284.3 275.9 271 264.9 255.1 244 233.4 229.7 234.9 228.6 225.9 219.1 218.1 213.5 206.2 208.3 206.7 210.8 207.8 204.1 205.3 204.9 202.2 200.5 194.5 187.5 182.8 176.9 171.3
240.5 245.3 249.3 250.8 250.9 253.5 255.4 251.8 251.3 259.2 269.8 277.6 278.4 282.6 288.3 287 282.7 282 285.8 283.6 281.1 278.2 277.7 269.7 278 292.5 304.3 307.2 310.5 307 301.1 296.2 299.6 312.5 329.1 332.4 334.2 333.4 330.4 325 317.5 315.2 334.4 359.9 379.1 374.3 370 362.5 354 344.5 338.6 331.6 322.9 306.4 296.4 285.9 279.3 274.2 268.8 261.6 254.2 240.3 234.1 239.6 236.9 230.5 224.9 219.8 214.3 217.1 220.6 216.2 209.8 209.8 209 209.5 207 207.5 208 200.9 192 188.7 183.7 183.5 180
255 256.4 257.2 256.9 257 261.6 264.9 265.2 265.7 275.7 290 295.3 298.3 308.6 314 313.5 309.4 313.3 314.4 311.8 311.2 306.4 297.6 296.6 304.7 310.6 312.2 313.3 314.2 312.3 305.5 306.1 317 328.9 332.7 334.4 339.1 337.8 334.3 332.3 327.5 335.7 386.3 397.1 390.5 381.7 369.9 364.2 354.3 345.1 338 329.3 319.7 302.6 289.1 280.9 275.8 271.2 267.5 260.6 247 240.7 241.5 241.5 235.3 232.8 228.8 221.2 224.1 223.2 220.5 218 215.7 214.7 213.4 212.4 212.4 214.5 209.6 200.4 197.2 195.2 193.9 190.2 190.7
276.2 277.1 276.6 275.5 276 273.7 274.6 276.7 284 296.1 308 319 328.3 334.5 336.5 336.8 336.2 345 346.8 344.8 342.3 339.7 337.5 336.2 336.9 336.3 332.7 325.4 326.2 323.5 319 320.6 328.5 340.6 350.5 356.5 357.5 346.2 339.4 336.3 350.9 392.3 406.8 402.5 395.2 386.4 377.5 364.3 356.1 345.3 337.2 323.3 309.7 297.3 283.9 279.8 273.6 265.5 261.8 254.7 246.6 245.8 241.8 235.2 231.5 227.1 222.4 219.1 222.9 225.7 223.8 222.4 221 218.8 215.8 219.1 221.1 218.2 212.9 205.1 203.5 202.1 199.3 196.8 197
285.6 288.2 291.6 294.3 296.7 297.3 298.1 302.1 307.9 317.6 326.1 340.7 359.7 371.5 373.4 367.9 370.3 379.5 384.9 381.4 376.7 375.2 374.7 369.4 363.2 359.6 364.4 368 364.3 359.3 346.9 343.5 352.8 370.6 377 370.4 362.8 359.5 350 347.7 370.9 411.3 413.9 406.1 399.5 386.7 375.6 362.6 351.5 340.8 330.3 315.2 301.8 292.5 284.3 278.3 273.6 270.9 261.8 253.2 250.4 245.5 240.5 237.9 228.4 225.3 222.9 229.4 232.3 232.5 231.1 223.9 221.3 218.9 225.6 231.4 227.3 223.1 219 217.7 213.3 211.1 209.2 206.9 208.6
285.3 289.5 294.3 300.1 305.6 310.5 314.2 319.1 325.5 330.7 342.2 366.7 385.1 391.5 397.4 403.7 406.4 416.2 425.9 421.9 440.6 431.3 440.3 437.3 427.2 417 418.4 415.1 402.8 393 381.3 389.9 404.1 401.9 395.4 382.3 373.9 366.1 365.5 373.9 410.2 418.9 414.5 406.2 395.3 383.2 370.4 355.4 345.9 336.6 322.3 311.6 301.7 290.7 284.6 279.1 276 271.5 261.6 254 250.3 246.2 244 235.8 229 223.8 223.9 229.1 233.4 235.7 234 233.8 232.5 235.2 234.3 232.8 233.2 231.4 231.7 228.6 224.6 223.1 222.6 221.3 226.3
286.1 290 294.3 299.3 305.3 311.1 318.5 326.5 335.2 344.1 358.6 375.3 389.2 401.8 416.9 436.1 458.4 469.3 469.8 497.8 498.6 492.3 485.9 495.5 503.4 496.4 488 493.5 471.2 458.5 451.8 440.5 435.6 426.7 415.3 402.8 398.3 398.9 423.2 432.4 431.5 422.7 417 406.7 392.6 380.5 370.9 354.5 347.2 337 328.6 316 303.2 295 289.5 281.6 276.3 272 260.7 255.1 251.1 248 241 232.8 227.8 228 232.3 239 243.6 240.9 236.8 235.9 238.9 238.4 236.4 236.8 237.5 242.4 242.9 242.7 239.1 239.9 240.2 243 244.3
285.8 291.4 297.4 303.1 307.2 312 317.8 325.7 336.4 347.8 363.7 379.8 395.4 412.2 439.4 466.8 489.8 546.6 552.8 552 553.1 541.8 530.4 549.9 572.4 571 579.8 550.1 544.8 535.2 536.2 510.4 484.9 458.1 446.2 440.6 454.5 465.6 459.7 447.7 438.4 425.7 418.1 408.6 394.3 382 366.4 353.3 346.1 337.7 326.8 316.6 306.1 297.8 295.7 290.8 283.8 272.2 261.9 255.9 251.9 248.3 239.7 233 237.3 242.6 246.8 247.2 245.3 240.5 240.5 241.2 241.1 239.3 240.1 242.8 252.6 257.8 260.8 258.3 258.5 267 270.1 272.5 274.4
286 290.5 299.4 307.1 312.7 318.5 324.8 331.6 339.7 347.3 354.4 370.9 394.7 424.5 456.2 496.4 561.9 573.8 573.7 571.7 567.8 563 562.7 569.5 575.6 581.9 587.2 590.4 583.8 573.5 561.4 535.7 515 512.1 505.3 492.4 483.2 475.7 461.6 448.9 442.5 432.1 420.7 409.4 394.6 381.1 365.1 358.7 345.6 336.3 328.4 318.4 312.9 302.1 303.3 299.1 289.5 274.2 263.8 256.4 252.9 247.9 246.7 247.8 245.6 250 251 249.5 243.8 241 242.7 246.6 245.6 244.5 246.1 258.8 265 263.9 266.9 283.6 292.3 294.9 295.2 293.1 292.9
291.1 293 298.5 309.3 316.3 319.6 326.2 332.4 338.5 344.1 350.4 360.9 385.2 419.2 457 517.3 556 559.2 556.3 552.7 549.4 550.2 552.6 555.2 559.6 564.6 570.1 576.1 583.2 581 579.2 577.1 565.8 547.3 525.5 509.7 503.9 490.4 468.5 446.3 441.5 430.5 419.9 406.8 396.3 380.3 372.1 363.9 350.5 336.3 326.9 321.2 315 312.2 310.2 303.6 290.6 276.3 264.5 259.8 255.1 250.4 252.3 250.8 253.7 254 252.6 250.1 245.3 244.4 250.5 249.6 245.9 246 263.4 268.5 271.7 273 298.9 303.6 305.5 306 301.8 300.3 298.4
291.7 296 300.8 307.9 315.3 319.8 323.2 328.2 334.8 338.6 344.7 358.6 383.2 413.4 451.7 514.9 537.4 537.8 533.6 533.3 534.1 537.3 542.4 546.7 550.8 553.6 555.7 562.1 571.3 585.2 588.5 583.6 570.4 548.9 527.9 515.5 504.6 485.8 465.9 452.2 439.7 430.2 418.4 406.6 395.6 382.1 372.4 363.7 356.8 341.3 327.2 322.6 322.1 324.4 319.1 309.8 292.7 281.1 270.2 263.2 259.7 254.3 255.4 255.7 256 255.1 252.8 248.9 246.2 247.2 250.8 247.6 246.7 259 269.4 277.9 288.7 294.2 310.6 311.5 308.7 307.7 308.9 305.8 302.2
290.7 296.6 301.1 306.5 314.4 319.8 322.2 324.4 328 332.2 339.6 354.4 378.5 408.4 444.7 486.6 504.8 511.1 513.6 517.1 519.8 524.8 532.3 540.1 543.4 546.3 551.4 557.9 567.7 586 595.1 585 569.5 553.1 535.5 517.3 499.6 478 466.4 457.2 446 434.3 422.2 404.8 392.2 378.5 370.5 364.2 357 348 334.5 330.6 329.3 325.2 320.9 314 296.5 286.8 275.9 267.8 260.4 260.1 260.2 259.3 259.3 256.6 252.7 249.7 249 247.3 251 258.3 265 275.9 278.9 293.3 307.4 314.6 313.7 312.1 311.9 308.4 305.4 301.3 297.1
288.9 295.8 300.6 304 310.9 317 319.9 321.4 323.1 326.5 334.1 347.3 369.1 398.2 428.1 455.3 473.2 485.2 493.1 501.5 509.7 516.8 527.9 536.3 542.7 548.7 554.4 559.3 565.2 582.4 588.3 580.4 565.7 552.4 538 521.1 503.1 477.4 470.1 459.1 451.1 438.5 423.7 408.7 394.3 384.1 375 364.7 357 348.4 339.9 339.8 336.4 330.4 324.2 313 299.5 289.2 278.9 270.6 266.8 262.7 264.4 262.7 261 258.4 253.5 250.6 250.3 254.8 266 270.7 281.6 288.7 304.6 318.9 318.2 319.6 317 312.2 306.7 302.2 299 295 289.6
290.5 293.4 298.8 301.6 306.4 311.3 315 317.7 320 322.8 327.3 338.3 358.9 384 405.4 425.1 444.1 463.3 479.1 491.7 503.5 511.6 523.9 533 540.8 548.7 553.4 557 562.9 581.3 585.7 576.5 563.5 552.9 537.3 522.5 508.1 492.6 468.6 459.9 450.8 439.3 424.3 411.2 399 386.4 377.5 365.8 356.3 349.6 345.3 344.4 338.8 331.9 321.5 310.3 298.6 290 283.5 275.8 272 267.8 266.9 266.1 264.5 259.3 253.6 255.6 261.8 266.1 273.4 285.8 299.3 312.1 315.6 318.3 316.9 316 312.7 307.9 301.4 296 290.6 285.2 282.1
292.4 292.1 294.2 297.8 300.8 304.9 309.6 315 318.4 320.7 324.1 333.2 350 369.9 385.6 404.5 424.7 446.8 468.4 484.4 494.9 506.9 523.1 537.5 544.9 548.5 551.3 554.5 569.8 590.1 586.3 575.3 565 553.3 543 528.1 513.2 496.7 479.1 460.4 450.4 436 423.1 410.9 397.2 385.5 377 368.4 359.5 353.7 350.5 347.6 339.2 331.4 321.4 304.9 297.7 292.5 288 283.7 275.6 273.8 270.9 268.6 267.6 262.8 263.3 267.1 271.9 279.9 288.3 306.9 319 321.7 319.3 322.5 318.1 311.5 307.1 299.5 293.4 288.7 283.5 277.5 271.7
290.3 290.6 290.7 292.7 296.1 300 303.8 311.9 317.2 319.6 321.7 329.7 340.6 358.5 373.8 395.5 418.3 442.2 465.6 480.8 491.6 505.5 526.3 540.1 544.8 545.4 550.9 560.3 582.6 593.4 587.6 578.6 567.1 555.1 547.5 532.2 513.1 499.8 483.7 468.5 449.1 432.4 419.1 405.9 395.5 386.3 381.2 372.6 364.2 356.5 352.1 347 338.8 331.4 320.6 306.4 299.5 296.7 291.2 287.1 283.1 283.8 277.1 272.7 272.4 272.8 281.7 283 288.3 290 309.6 318.5 329.1 330.1 327 321.2 314.8 306.6 299.4 292.7 281.2 278.4 275 269.8 262.3
285.2 289.7 290.4 291.3 292.5 296.4 300.2 307.5 311.4 315.8 321.3 327 336.4 351.8 372.3 392.5 418 445.8 468.2 484.3 495.3 511.5 531.2 542.4 544.4 549.3 561.1 579.7 600.2 600.4 592 583.2 572.5 560.6 547 531.4 510.3 499.5 484.1 467 446.3 426.9 414.4 402.5 395.6 388 379.8 373.4 366.7 359.9 352.4 346.2 338.4 329.6 318.4 311.6 304.2 299.6 295.1 289.5 289.7 289.4 280.6 279.7 288.4 288.9 294.2 296.9 299.7 307.5 324.3 330.1 330.8 325.5 320.5 315.1 305.8 299.4 291.7 278.3 272.5 269.1 264.5 259.8 255.7
284.9 286.9 290.6 296.7 293.1 296.4 298.7 302.4 305.2 313.8 318.9 324.7 332.7 347.5 370.8 397.4 427.2 457.4 478.6 493.9 507.3 528.3 547.3 559.3 561.6 569.7 585 606.6 611.5 605.9 596 583.4 570.8 557.5 543 522.9 506.1 492.3 476 456.5 438.1 422 408.8 400.7 395.6 388.4 379.5 371.5 366.1 360.8 355.1 345.4 336.7 327.7 319.8 313.4 306.2 301 298.2 295.8 295.6 289.8 289.1 291.3 303.1 303.8 304.3 313.4 317 329.6 334.2 332.4 326.3 321.1 316.7 310 301.1 293.8 286.3 270.6 265.4 260.7 254.3 251.6 250.5
282.4 286.3 293.9 296.7 295.8 296.6 297 297.6 303.3 309.5 315 322.1 332.8 351.9 379.2 409.1 442.3 484.2 505.7 517.3 539.9 557.7 572.4 577.8 584.7 599.6 621 625.2 613.9 603.5 591.7 576.7 562.7 548.8 528.9 507.7 493.8 477.3 460.7 444.2 430.7 415.5 406.2 399.2 393.1 384.6 378.1 370.4 364.8 358.7 351.7 343.4 336.7 330.4 321.4 314.7 309.1 303.5 302.6 304.7 303.4 300.6 300.8 310.4 317.2 318.6 328.4 337.9 340.8 343.8 342.8 335.3 326 317.8 310.7 301.9 293 285.6 279.7 266.5 260.4 259.1 255 252.6 251.8
281.2 288.4 290.8 292.6 293.3 294.6 294.6 294.5 298.4 307.1 312.6 321.3 337.4 366.1 394.1 424.8 473.3 516.6 543.3 551.1 569.8 584.8 583.4 592.8 613.3 632.3 628.8 617.1 605.5 592.2 577.2 561.3 543.5 524.5 507.9 492 477.1 462.7 448.1 434.2 421 411.1 403.1 396.9 391 382.9 376.4 369.5 364.2 357 351.3 343.9 337.6 331.2 323.9 318.1 311 310.6 311.3 311 310 311.1 320.8 328.7 337.5 342.5 356.4 355.8 355.4 349.8 341.9 332.3 324.7 315.4 308.4 299.4 288.9 281.5 275.6 270.9 266.6 258.7 253.5 252 250.9
