app/static/ascii/NH10.asc
ncols 200
nrows 200
xllcorner 210000
yllcorner 800000
cellsize 50
[rows 68 to 101 of 200, columns 78 to 155 of 200]
514.9 516.6 516.9 517.3 518 517.7 516.5 514.6 510.8 508.5 503.9 502 501.9 503.2 504.7 508.3 511.2 515.8 518.1 518.1 517.1 516 516.5 516.8 516 515.7 516.1 515.3 513.4 511.4 510.3 507.5 503.9 500.6 500.3 500.8 501.6 503.9 505.6 502 504.2 508.2 510.9 518 521.9 523.1 522.6 520.3 513.1 511.9 505.4 491.8 472.2 459.2 447.1 424.3 406.1 398.6 393.3 389.3 391.2 396.7 407.7 417.5 424.5 431.5 431.1 434.6 434.1 438.2 449.3 449.3 442.9 441.8 441.2 437.7 431.7 424.2
507.7 510.1 512.7 514.4 515.9 516.3 515.2 512.2 508 502.1 497.3 496 496.9 501.1 508.8 511.3 510.7 511.3 512.6 512.5 511.9 510.5 510.7 510.8 510.5 509.7 509.5 507 506.4 507.9 507.3 502.9 498.8 494.8 494.1 494.9 495.4 498.5 499.6 493.7 492.4 496.3 504 509.9 512 513.7 511.7 506.3 498.2 494.3 486.2 474.9 457.5 444.8 432.3 412.9 402.7 401.1 396.8 394.7 397 405.7 418.8 430.4 434.1 439.8 438.7 434.9 432.6 438.9 444.3 439.7 432.4 428.9 429.1 428 422 412.3
499.2 502.7 505.9 508.8 510.8 510.1 507.7 507 499.8 493.7 490.1 490.5 498.4 499.9 506.6 507.2 508.5 508.7 508.7 508.1 507.2 506.4 505.9 506.6 505.9 504.5 502.8 500.9 500.2 502.3 502.8 498.7 494.5 490.9 490.2 490.6 490.5 492.6 491.7 488.9 488.8 491 496 498.5 502.5 504.3 503.2 497.7 485.8 477 471.3 458.2 444.3 434.4 422.6 409.5 402.6 400.7 399.6 399.6 403.4 417.9 426.3 429.7 430.7 432.5 432.8 430 428.6 433.6 436.3 429.8 422.4 419.4 418.2 414.3 408.9 397.2
489.2 491.8 495.8 499.1 497.2 498.4 495.2 486.8 478.7 476.9 487.8 494.4 498.8 497.9 499.6 502.1 504.4 504.9 504.5 503.9 503.1 502.3 502.9 502.6 501.6 500.6 499.7 498.7 499.3 500.9 501.2 498 492 489.1 487.8 487.8 488.2 488.8 488.6 488.6 488.7 490.3 489.1 488.6 490.5 488.6 489.4 484.9 473.9 462.2 456.4 442.2 431.7 423.5 415.2 405.7 399.1 399.5 401 404.7 409.1 419.9 421.9 421.8 423.6 424.7 424.7 423 420.5 424.7 423.1 419 411.7 411.1 408.5 400 392.3 380.3
478.1 480.2 483.3 484.2 482.7 481.3 470.7 462.6 479.6 484.8 489.5 492.9 497.2 496 496.4 498.6 500.4 501.2 501 499.8 499 499.3 500 500 499.4 499.2 496.5 494.5 495.5 498.3 499.3 491.7 489.5 488.6 488.1 488.1 488 488.3 487.8 488.2 488.8 490.7 488.1 483.5 479.9 472.2 471.2 467.5 458.9 448.5 441.9 429.6 419.7 414.1 408.5 402.7 397.3 397.3 398.7 402.6 407.5 411.7 413.6 412 413.1 414.7 413.5 414.2 411.8 415.5 411 405.3 399.3 399.1 394.5 385.8 375.4 362.7
464.2 468.7 465.5 466.1 462.2 455.7 465.4 475.5 479.9 484.6 489.4 490.1 491.8 490.7 491.8 492.6 493.3 495.6 495 493.7 495 494.4 494.5 495.3 495.9 495.4 493.8 491.6 489.6 489.8 488.1 488.1 488.9 489.7 488.5 488.5 488.3 487.9 488.6 488.1 487.5 485.4 483.2 477 472.5 463.2 454.6 445.9 437.1 428.2 425.2 415.5 409.3 405.5 400.3 395.3 391.9 389.8 390.2 391.9 400.2 399.8 400.1 398.8 400.2 402.5 402.5 403.2 401.2 401.3 396 388.7 381 376.8 374 371.2 354.6 342.6
452 449.9 447.5 433 441.9 461.2 465.3 471.6 472.1 474.4 480.2 480.8 483.6 481.9 484.1 483.1 485 486.2 486.5 487.6 489.5 489.8 491.1 492.8 492.9 492.4 491 489.6 488.2 487.1 485.1 486.2 489.3 490.8 488.9 488.9 488.7 488.6 490.5 487.4 482.7 479.3 477 467.1 458.3 447.8 439.1 433.4 424.4 407 405.1 401.2 397.2 393 388.3 386.4 382.6 380.8 378.1 380.4 385.2 387.4 388.3 387.2 389.9 390.8 391.2 391.9 391 388.6 384.6 378.9 366.6 360.3 353.9 343.7 334 325.4
430.7 426.4 416.8 438.9 447.8 453.9 459.4 462.6 462.1 467.1 470.1 469.4 468.3 468.5 473.5 476 478.1 480.5 480.9 481.3 483.8 486.1 489.2 489.4 490.5 489.7 488.5 486.6 485.2 483.9 482.4 482.8 486.9 490 488.1 488.3 489.1 491.5 495.5 491.3 482.8 478.7 469.5 454.5 445.6 435.1 424.4 416.2 408.5 396.3 382 381.5 381.8 376.7 373.8 373.5 371.6 370.1 370 373.9 375.4 380.4 378.7 377 380.6 381.6 378.5 378.7 377.1 374.2 367.4 361.4 357.1 349.9 341 326.2 320.7 311.2
401.2 419.1 429.5 438.2 444.8 449.6 453.7 456.6 455.5 458.9 461.2 460.1 460.7 467.2 470.7 471.4 471.9 474.9 473.9 475.3 478.7 481.3 483.8 484.6 488 488 486.1 483.7 482.2 480.9 479.7 480.4 481.8 483.9 482.3 480.7 492.2 502.2 501.6 496.7 486.2 480.8 471.2 456.8 444.8 432.4 419.4 409.6 399.6 386.5 374.7 365.9 363.3 363.6 362.7 363.8 361.5 361 362.2 370.8 369.5 366.7 367.9 367.3 368.8 367 364.7 366.1 363.5 360.1 351.8 343.6 337.7 328.7 321.9 313.1 304.7 298.7
405.8 414.9 423.8 433.5 436.5 443.9 449.5 450.4 447.7 448.6 449.8 450.6 455.7 462.8 464.7 463 465.5 468 467.2 469.1 474.1 480.2 478.2 479.3 481.9 481.2 480.7 480.7 479.8 478.5 479.1 480.8 480.9 478.8 480.4 482.2 497.1 502.3 504.2 501.8 493.6 487.3 476.8 463.9 452.7 439.7 425 413.5 397.9 382.6 366.5 360 350.3 347.9 350.3 353.2 348.2 352.6 355.4 359 357.5 356.4 354.1 353.7 354.3 353.1 350.8 348.1 341.2 340.3 332.8 326.3 320.5 311.3 310.1 299.9 295.1 289.6
394 403 412.3 422.7 426.5 430.7 430.7 430.4 435.6 437 438.8 442.5 447.1 454.9 452.2 454.5 457.2 461.1 460.7 461.3 465.1 469 468.9 472.3 473.8 475.5 478.7 477.6 477.5 475.6 479.3 480.1 475.4 470.4 481 488.2 497 505.1 511.6 508.5 504.3 493.6 486.4 476.4 468.5 453.8 428.6 408.9 390.3 371.9 355.5 346.7 340.7 337.8 338.7 339.9 341.3 341.7 337.3 341.4 345.7 342.7 340.8 339.5 337.6 337.8 335.5 329.6 323.5 321.7 315.7 309.2 302.1 295.9 294.5 285 279.2 274.5
380.2 387.8 394.3 402 406 410.9 415.6 422.2 425.7 426.7 427.9 431.8 435.8 439.5 442.9 447.6 451.8 452.7 452.9 451 454.4 458.4 460.1 464 468.3 470.7 472.9 470.8 468.3 471.1 472.7 473.3 467.6 468.9 481.3 490.5 497.2 507.6 512 509.6 501.5 492.8 483.9 480.2 463.7 444.3 416.2 390.5 371.8 353.1 341.5 331.7 326.9 324.5 323 327.4 330.4 326.3 327.6 327.9 331.7 329.9 328.2 323.8 323.7 320.7 317.5 312.5 309.1 305.2 301.2 294.5 289.4 284.7 278.1 272.7 265.6 262.2
367.3 374.5 377 379.4 383.9 393.4 400.7 404 409.6 413.4 417.1 423.4 427 436.7 440 441.5 447.2 449.4 441.1 440 443.5 447.9 452.9 453.8 462.1 464.7 467.4 461.5 460.2 462.4 463.2 460.8 459.7 471.3 479.5 483 499.2 509.9 509.2 501.8 492.5 485.2 474.9 464 442.6 419.5 388 369 353.1 336 323 318.7 317.2 313.2 311.8 314.1 315.2 310.7 314.4 314.9 314.1 315.7 315 309.7 309.9 306.2 301.5 300.6 292.5 291.5 286.9 280.6 277.4 273.7 269.8 263.3 258.5 253.9
354.2 358.8 360.7 364.4 367.6 374.3 381.9 386.9 392.7 399.3 402.3 416.5 415.6 424.7 425.5 429.3 433.2 432.4 428.8 430.2 432.8 435.9 441.1 448.2 453.8 454.7 452.3 451.3 448 451.5 451.4 445.9 450.1 462.5 470.9 475.6 497.5 502.7 500.2 490.8 481.4 470.9 450.6 431.7 407.8 382.7 365.8 346.1 329.2 313.2 309.9 307.7 305.3 302.3 301.5 302 302.4 298.2 297.6 297.8 299.9 299.4 296.5 296 292.6 289.7 285.5 282.8 278.1 277.1 271.7 267.1 265.2 261.2 256.2 254.2 250.3 247.4
340.2 343.6 346.7 351 353 357.4 362 369.7 375.9 379.2 386.9 398.5 401 408.6 410 414.7 413.7 419.7 418.6 420.9 421 422 427.9 436.4 439.6 441.1 436.3 434.9 436.4 438.6 433.9 435.2 443.8 455.9 462.8 467.7 486.6 490.4 490.4 474.8 454.9 434.5 410.8 389.9 376 360.2 341.1 325.7 309.1 300.1 297.6 295.8 293.6 291.3 290.4 290.1 290.3 286.5 283.4 284.4 285.9 286 283.1 282 279.2 277 271.9 268.1 263.3 262.3 257.9 257 254.3 251.1 244.9 242.7 239.5 237.4
326 331.6 335.3 337.6 339.9 343.3 349.5 354.4 358.2 362.2 367.8 379.5 381.8 386.8 391.6 395.6 396.1 403.7 402.6 405.5 406.3 412.8 420.9 424.3 427 426.4 425 424.5 421.3 419.2 422.2 422.9 436 446.1 446.9 450.8 470.6 469.5 466.9 457.9 432.3 398.8 372.2 357.4 347.5 340.2 320.8 305.2 292.9 288.5 285.7 284.4 281.9 281 279.7 279.4 276.8 275 272.5 272.3 270.9 269.6 268.8 265.8 264 261.6 258.8 257.1 253.1 251.9 248.2 245.3 243.5 241.5 237.3 234.2 232.2 230.2
311.7 319.5 327.4 328.4 328.2 333 338.3 340.3 344.3 345.6 350.2 359.5 363.6 366.9 371.7 376.1 380.5 386.5 388.2 390.8 397.8 401.1 404.3 408.4 412.4 410 407.3 402.6 403 406.8 408.1 415.9 425.2 426.9 428 431 446.9 446.8 439.4 427.7 406.3 371 345.7 329 323.4 316.1 307.6 289.6 283.8 277.7 276.9 275 273.1 270.8 269.2 268.9 265.1 263.5 262.7 261.6 258.2 255.6 256.8 254.1 252 250 248.3 246.6 243.6 241.3 239 236.2 233.9 231.4 228.6 227.2 227.1 227.1
303.9 307.9 314.6 318.8 319.4 324.5 326.5 325.6 332.1 334.6 339.7 346.8 350 350.9 354.6 362.7 366.3 371.3 373.8 379.4 378.9 389.1 385.8 394.3 394.9 390.6 382.2 388.1 396.1 390.8 398.8 399.8 399.7 408.3 407.1 401.9 406 404.4 397.6 386.8 374.4 345.2 326.2 310.1 305.5 301.6 287.3 281 275.7 271.6 268.1 266 263.7 258.1 258.4 258.9 258 257.8 254.5 252.7 248.5 245.5 246 244.2 242.2 239.8 237.9 236.3 234.5 232 229.7 227.7 227.1 227.1 227.1 227.1 227.1 227.1
298.3 301 304.6 308.3 312.6 312.8 313.7 315.2 319.2 324.1 328.1 330.5 334 337 343.2 345.4 354.3 357.7 360.7 363.5 367.3 370.5 366.8 371.3 370.8 364.9 364.3 369.6 377 368.9 380.5 380.6 367.5 372 378.8 377.4 376.4 371 360.3 348.2 336.4 319.3 308 295.4 293.5 287.2 272.4 272.3 268.2 263.3 258.4 257.5 255.2 250.8 251.3 252.5 251.2 247.2 244.3 242.7 239.7 237 235.4 234 232 230.5 227.9 227.4 227.1 227.1 227.1 227.1 227.1 227.1 227.1 227.1 227.1 227.1
289.5 294.5 297.9 301.6 302.5 304.6 303 304.2 310.7 317 316.4 317.5 325.6 329.3 335.1 335.8 341.9 343.2 345.6 347.3 348.6 350.6 349.2 348.4 345.6 344.3 347.6 351.8 349 350.9 353.8 350.7 347.4 340.8 339.4 341.1 341.8 331.9 325.3 317.3 306.6 298 292.1 286.3 281.8 276.1 266.1 259.8 259.5 254.7 250 249.4 246.8 245 244.8 245.3 243.3 238.4 236.4 234.7 231.7 229.9 227.6 227.1 227.1 227.1 227.1 227.1 227.1 227.1 227.1 227.1 227.1 227.1 227.1 227.1 227.1 227.1
282.3 286.9 290.1 291.6 292.9 294.1 293.4 296.7 299.7 303.8 303.7 310.7 314.1 318.8 319.4 324.8 326.8 327.6 329 332 335.1 336.1 334.9 331.2 329.8 329.7 331.5 331.6 331.2 331 333.2 327.5 320.4 316 312.7 315.3 310.6 304.9 300.8 291.5 284.3 281.3 277.4 272.6 268.7 261.8 256.1 253.1 249.8 247.2 244.6 242.2 239.3 239 239.7 238.8 236.1 230.4 228.5 227.3 227.1 227.1 227.1 227.1 227.1 227.1 227.1 227.1 227.1 227.1 227.1 227.1 227.1 227.1 227.1 227.1 227.1 227.1
276.2 279.5 280.3 281.4 281.7 282.1 283.7 287.9 289.1 290.3 291.6 297.7 300.1 305.5 306.5 310.7 314.8 315.9 321.2 320.4 321 321.4 317.9 319.1 317.1 320.3 316 318.6 317.1 311.5 315.1 308.4 305.6 300.1 295.5 292 287.8 285.6 281.5 277.4 270 266.5 263.1 261 256.5 253 248.1 245 243 240.8 236.1 236.5 232.9 230.6 231.8 229.2 227.1 227.1 227.1 227.1 227.1 227.1 227.1 227.1 227.1 227.1 227.1 227.1 227.1 227.1 227.1 227.1 227.1 227.1 227.1 227.1 227.1 227.1
267.8 270.3 270.7 271 272.5 274.2 278.1 281.1 282.1 282.5 282.9 287.9 289.6 294.4 297.6 302.8 306 305.8 307.9 308.6 306.6 307.5 304.3 303.9 301.1 304.5 300.6 305 301.5 296.5 294.7 289.9 285.8 285.4 282.8 276.5 272.5 270.5 267.6 264.2 261.5 256.4 253 251 249.8 246.1 240.4 236 237.8 232.8 227.7 227.1 227.1 227.1 227.1 227.1 227.1 227.1 227.1 227.1 227.1 227.1 227.1 227.1 227.1 227.1 227.1 227.1 227.1 227.1 227.1 227.1 227.1 227.1 227.1 227.1 227.1 227.1
258.9 260.7 261.5 263.1 264.3 266.7 269.2 272 274.4 273.1 279.8 279.9 279.2 281.8 285.6 290.4 292.5 293.2 294.8 297.8 295 293.2 294.2 289.6 290.8 291 287.7 290.3 286 284.1 282.7 278.5 274.6 271.3 268.4 262 257.9 256.4 254.9 253.7 251.8 248.5 246.8 243.2 241.8 238.8 234.4 228.6 228.7 227.1 227.1 227.1 227.1 227.1 227.1 227.1 227.1 227.1 227.1 227.1 227.1 227.1 227.1 227.1 227.1 227.1 227.1 227.1 227.1 227.1 227.1 227.1 227.1 227.1 227.1 227.1 227.1 227.1
254.8 254.9 255.6 257 257.6 259.7 260.1 262.7 265 266.1 269.3 269.4 270.2 272.9 275.2 278.6 281.3 279.8 283.4 283.9 282.3 278.9 281.1 277.9 281.1 281.8 278.3 278.1 273.5 275.6 272.3 267.3 262.8 259.7 259 254.3 250.2 248.4 246.6 243.9 241.8 240.8 238.2 238.1 235 232.7 230.1 227.1 227.1 227.1 227.1 227.1 227.1 227.1 227.1 227.1 227.1 227.1 227.1 227.1 227.1 227.1 227.1 227.1 227.1 227.1 227.1 227.1 227.1 227.1 227.1 227.1 227.1 227.1 227.1 227.1 227.1 227.1
250.8 250.9 251.6 252.3 252.8 253.7 254 256.1 256 256.8 258.7 259.6 262.9 264.1 267.6 267.2 270.6 269.2 273 271.5 270.3 272.6 271 269.2 272.8 272.7 269.2 270.3 268 264.9 261 257.8 253.5 251.4 249.7 248.3 243.9 242.1 238.5 236.1 232.6 228.4 230 230.3 229.4 229.8 227.1 227.1 227.1 227.1 227.1 227.1 227.1 227.1 227.1 227.1 227.1 227.1 227.1 227.1 227.1 227.1 227.1 227.1 227.1 227.1 227.1 227.1 227.1 227.1 227.1 227.1 227.1 227.1 227.1 227.1 227.1 227.1
245.1 245.2 247.2 248.7 248.8 249.3 250.8 250.5 249.8 251.8 253.2 255 253.9 256.6 259 258.1 260.5 260.3 261.7 260.7 266.4 265.6 263.5 261.8 263.7 260.7 259.9 260.4 257.1 252.5 249.6 247.6 246.6 244.5 244.1 242.1 238.5 237.3 233.6 230.4 227.1 227.1 227.1 227.1 227.1 227.1 227.1 227.1 227.1 227.1 227.1 227.1 227.1 227.1 227.1 227.1 227.1 227.1 227.1 227.1 227.1 227.1 227.1 227.1 227.1 227.1 227.1 227.1 227.1 227.1 227.1 227.1 227.1 227.1 227.1 227.1 227.1 227.1
239.5 239.1 238.5 240.6 242.2 244.2 244.6 244.7 245.6 250.3 248.4 249.8 249.8 251.1 251.7 251.5 250.5 250.7 251.5 253.6 255.6 256.8 255.3 253.2 254.8 252.2 251.2 249.8 248.1 245.4 241.8 239.7 239.7 239.9 239.2 236.1 232.4 230.1 228 227.1 227.1 227.1 227.1 227.1 227.1 227.1 227.1 227.1 227.1 227.1 227.1 227.1 227.1 227.1 227.1 227.1 227.1 227.1 227.1 227.1 227.1 227.1 227.1 227.1 227.1 227.1 227.1 227.1 227.1 227.1 227.1 227.1 227.1 227.1 227.1 227.1 227.1 227.1
236.4 235.5 234 236.9 238.6 238.8 239.7 240.5 241.1 242.7 244.7 244.4 245.3 245.8 246 246 246.7 244.5 245.5 246 247.2 248.3 247.5 247.9 249.5 245.9 244.1 243.1 240.7 238.5 235.1 232.5 233.9 239.2 233.5 230.3 227.3 227.1 227.1 227.1 227.1 227.1 227.1 227.1 227.1 227.1 227.1 227.1 227.1 227.1 227.1 227.1 227.1 227.1 227.1 227.1 227.1 227.1 227.1 227.1 227.1 227.1 227.1 227.1 227.1 227.1 227.1 227.1 227.1 227.1 227.1 227.1 227.1 227.1 227.1 227.1 227.1 227.1
230.6 230.5 229.7 232 235.7 234.4 236.8 236.8 238.6 239.2 239.5 240 240.6 241.3 242.4 242.4 242.4 241.5 242.1 241.7 242.1 243.1 242.5 242.7 242.3 239.9 237.9 236.5 234.7 232.2 229.3 230.1 228.1 227.1 227.1 227.2 227.1 227.1 227.1 227.1 227.1 227.1 227.1 227.1 227.1 227.1 227.1 227.1 227.1 227.1 227.1 227.1 227.1 227.1 227.1 227.1 227.1 227.1 227.1 227.1 227.1 227.1 227.1 227.1 227.1 227.1 227.1 227.1 227.1 227.1 227.1 227.1 227.1 227.1 227.1 227.1 227.1 227.1
227.1 227.1 227.1 227.1 228.8 229.6 230.7 231.2 233 235.9 236.4 238.5 237.8 238.3 238.6 239 239.7 238.8 238.6 239 239.1 238.6 237.8 238.2 238.3 238 235.1 231.5 230.1 227.8 227.1 227.1 227.1 227.1 227.1 227.1 227.1 227.1 227.1 227.1 227.1 227.1 227.1 227.1 227.1 227.1 227.1 227.1 227.1 227.1 227.1 227.1 227.1 227.1 227.1 227.1 227.1 227.1 227.1 227.1 227.1 227.1 227.1 227.1 227.1 227.1 227.1 227.1 227.1 227.1 227.1 227.1 227.1 227.1 227.1 227.1 227.1 227.1
227.1 227.1 227.1 227.1 227.1 227.1 227.1 227.1 227.1 229.9 231.4 231.4 233.4 234.3 236.5 237 236.5 236.2 236.8 237.3 235.9 234.4 233.5 234.4 237 236.9 232.8 230.8 227.3 227.1 227.1 227.1 227.1 227.1 227.1 227.1 227.1 227.1 227.1 227.1 227.1 227.1 227.1 227.1 227.1 227.1 227.1 227.1 227.1 227.1 227.1 227.1 227.1 227.1 227.1 227.1 227.1 227.1 227.1 227.1 227.1 227.1 227.1 227.1 227.1 227.1 227.1 227.1 227.1 227.1 227.1 227.1 227.1 227.1 228.4 231.2 232.7 233.8
227.1 227.1 227.1 227.1 227.1 227.1 227.1 227.1 227.1 227.7 227.6 227.1 229.6 230 231.8 234.4 234.2 234.4 235 235.4 233.7 231.6 231.1 230.6 232.5 231.1 229.2 228.1 227.1 227.1 227.1 227.1 227.1 227.1 227.1 227.1 227.1 227.1 227.1 227.1 227.1 227.1 227.1 227.1 227.1 227.1 227.1 227.1 227.1 227.1 227.1 227.1 227.1 227.1 227.1 227.1 227.1 227.1 227.1 227.1 227.1 227.1 227.1 227.1 227.1 227.1 227.1 227.1 227.1 227.1 227.1 228 233.2 232.8 237.6 239.9 240.8 244.8
227.1 227.1 227.1 227.1 227.1 227.1 227.1 227.1 227.1 227.1 227.1 227.1 227.1 227.1 229.6 230.4 232.1 232.4 232.6 232.2 231.3 229.6 230.4 229.4 227.5 227.1 227.1 227.1 227.1 227.1 227.1 227.1 227.1 227.1 227.1 227.1 227.1 227.1 227.1 227.1 227.1 227.1 227.1 227.1 227.1 227.1 227.1 227.1 227.1 227.1 227.1 227.1 227.1 227.1 227.1 227.1 227.1 227.1 227.1 227.1 227.1 227.1 227.1 227.3 228.5 231.7 228.5 230.2 233.9 232.9 233.6 235.8 237.2 240.8 246.5 247.2 247.1 250.2
