app/static/ascii/NH11.asc
ncols 200
nrows 200
xllcorner 210000
yllcorner 810000
cellsize 50
[rows 105 to 139 of 200, columns 0 to 77 of 200]
907.7 913.7 926.2 931.5 904.8 883.1 866 847.6 834.8 817.1 803.3 786.3 769.4 757.8 756.3 754.1 749.1 744 736.8 729.5 720.2 709.4 678.2 650.6 634.3 618.3 603.9 588.7 567.2 549.7 538.2 527.6 514.7 505.5 494.4 485.2 484.4 489.8 502.8 519.3 534.4 550.4 561.1 554.6 569.3 589 612.6 638.3 667 699.4 724.6 746 764.5 788.6 820.8 853.1 884.6 911.7 921.2 910.5 892.2 872.9 840.3 830.5 825.9 800.5 786.4 781.3 775.8 769.9 778.4 794.1 811.9 828.6 849.3 857.6 868.9 877.8
932.5 943.5 925.4 899.2 880.4 870.9 855.7 842 830.3 819.1 805.1 788.5 772.6 757.7 735.8 727.1 729.3 727.9 723.1 712.2 693.6 679 655.7 633.8 618.3 600.9 587.5 572.6 555.7 540.9 528.2 516.8 506.2 495.7 488.9 492.1 496.7 508.8 523.5 540.9 557.4 573.6 581.4 577.2 589.6 607.5 636.7 665.6 692.2 721 742.3 767.2 790.2 818 852.5 882.6 906.8 924.5 938 938 900.7 880.1 831.4 816.9 804.2 790.7 778.7 765 758 760.6 768.3 780.2 784.1 784.3 795.9 811.6 827.9 844.2
942.6 916.7 901.7 885.7 871.9 863.7 855.2 842.5 832.9 821.4 807.1 789.5 777.2 764.1 749.3 724.2 706.5 701.1 702.9 694.1 671.5 655.4 636.4 619.3 605.3 589.9 575.5 562.4 548.5 535.1 518.1 507.3 500.6 496.7 498.1 502.3 511.2 528.5 549.7 565.2 581.4 591.8 598.9 599.4 606.6 632.4 660.3 684.1 708.2 731.4 761.9 788 821.5 851.3 871.7 889 917.8 937.7 952.8 954.7 916.4 873.6 838.2 814.6 799.5 788.8 775.5 758.2 758 760.6 771.1 772.5 764.3 763.7 769.1 786 807.4 825.1
930.7 912.7 895.5 884.4 874.3 862.6 851.8 841.6 830.9 819.2 810.1 797.1 794.8 789.4 774.4 741.1 709.7 697.6 671.2 674 655.2 643.7 627.4 610.9 595.8 581.3 568.9 555.6 540.6 527.7 516.3 510.4 506.2 506.7 511.8 520.1 531.2 548.8 570.9 590.3 608.9 626.7 629 628.8 643.3 669.1 693.2 712.4 722 745.7 776.1 811.5 846.1 865.9 874.6 894.2 926.5 948.9 964.4 973.2 937.8 909.1 882.2 842.8 811 783.8 772.5 762.1 760.6 755.7 756.2 755.1 751.8 754.8 762.6 775.9 794.4 815
927.8 916.1 900.3 890.4 881.8 869.6 856.7 846.3 836.9 827.4 816.3 808.9 808.7 807.1 782.1 746.7 727 704.4 678.9 658.3 642.4 635 617.7 603.8 589.2 576.8 563.5 549.3 532.6 530.9 525.2 521.5 521.1 522.5 531.4 541.2 556.9 573.9 597.6 618.1 636.4 655.4 660.6 670 680.4 698.2 716.4 727.2 736.2 756.3 786.6 825.1 859.2 875.8 885.6 897.7 926.8 957.6 974.6 987.3 954.4 920.2 899.3 871.8 844.2 795 778.1 767.9 759.4 757.8 752.8 752.3 750.7 750.7 760.1 769 779.2 779.9
926.3 916.9 910.3 903 892.8 879.6 872.1 863 849.2 832.8 822.4 823.8 823.6 813.9 796.9 775.4 750.8 712.1 676.2 657.5 643.5 619.2 609.1 596.2 583.5 569.4 555.5 560.5 554.7 549.5 542.7 543.3 542.7 550.2 558.8 565 583.4 605.4 623.6 646 661.7 680.7 688.2 699.8 725.8 722.6 723.3 735.8 755.7 772.4 803.4 834.8 853.6 875.8 894.6 908.6 925.2 959.7 981.3 995.6 1001.5 957.3 936.3 912.3 862.6 811.2 776.2 763.6 755.8 753.3 752.2 751.4 751 755.9 761.5 756.8 753.2 760.2
933.1 919.3 908.7 903.9 899.6 892.8 884.3 877.2 865.1 853.5 844.9 840.6 834 821 805.5 788.2 757.1 716.1 687 664.4 651.7 631.1 611.3 596.8 586.6 583.7 579.5 576.3 567.7 562.2 558.7 564.2 570.6 579.3 585.7 599.5 614.4 634.4 654.9 678.9 694.1 710 727.3 736.7 738.9 722.8 728 737.2 756.4 775.3 806.9 844.8 870.7 890.6 914.4 936.2 955.3 974.1 990.5 1002.8 1007.1 990.6 971.5 926.3 869.2 821.4 773.6 746.9 738 734.4 739.3 740.3 744.8 749.8 737.7 733 738.7 740.6
933.9 925.2 915.1 905 899.2 895.9 892.8 887.4 874.9 863 858.9 856.5 846.5 820 806 785.6 762.9 732.8 702.1 688.1 669.2 645 624.5 611.2 604.1 599.4 594.1 586.6 581 582.2 584.7 596.1 601.6 608 617.7 636.8 652 664.9 687.2 706.2 720 740 752.9 746.8 732.8 726.6 737 741.1 755.8 782.7 812.7 850.2 881.2 903.7 923.3 946.9 965.8 984.1 999.1 1006.1 979.8 957.5 945 921.6 874.9 817.4 765.2 738 716.9 716 720.5 728.8 732.7 726.3 715.4 715.7 716.7 713.5
933.8 932.8 927.8 921.8 911.6 898.6 894.8 891.4 883.2 875.1 865.1 851.6 832.6 805.4 801.6 778.5 757 744.5 735.3 710.7 684.5 669.2 648.8 635 629.3 621.8 615.4 610 608.3 612.9 620.1 635.9 643.5 644.3 660.4 681.2 689.1 699.2 723.8 735.3 746.5 758.3 760.8 741.8 729.5 729.2 738 747.6 756.9 780.8 813.1 850.4 887.6 917.4 941.7 961 981.2 996.3 1010.4 993.5 971.9 939.8 912.5 884.4 862.6 819.2 767.8 732.3 703.6 701.6 706.3 713 723.5 700.3 692.8 692.5 687.7 687.9
960.5 952 944.2 934.8 922.7 915.9 906.6 898.4 888.2 871.7 853.5 830.6 813.5 796.3 783.7 769 748.2 746.3 735 720.7 711.7 695.7 677.9 667.1 659.2 653.9 647.7 644.6 644.4 650.4 665.5 682.8 688.3 693 700.4 716.7 723.7 725.9 744.4 751 755 754.5 752.7 739.1 732.8 730.3 740.4 754.5 763.5 783.8 814.4 852 893.3 929.1 958.3 979.5 997 1011.3 1022.6 1000 954.7 931.6 901.5 872.9 842.5 815.5 771.5 720.8 697.7 693.9 695.1 699.4 696.3 677.2 668.9 665.3 651.5 655.6
977.8 954.7 940.3 929.3 920.4 917.6 898.8 889.8 870.2 851.2 837.7 815.2 801.1 785.7 763.8 754.4 743.3 738.9 729.9 725.5 725.2 720.7 712.6 702.3 705.4 692.7 686.8 692.1 696.3 700.5 708.9 714.9 716.5 724.2 735.8 751.7 747.9 744.1 751.1 751.1 748.3 747.9 746.7 741.4 737.5 736.2 740.4 754.1 770.9 787.8 818.4 856.7 902.2 940.8 968.4 992.4 1010.8 1026.2 1036.3 1006 962.9 930.4 899.4 863.1 830.5 802.2 773.9 717.8 694.3 693.7 688.2 685.4 685.7 657 646.6 634.6 625.9 619.6
954.7 928.9 922.4 910.6 897.7 893.6 883.4 869.3 847 836 823 802 788.8 774.9 753.9 746.4 739.4 730.7 723.1 723.5 727.2 735 735.4 733.2 740.1 737.3 729.3 726.6 727 738.3 735.9 736.9 748.1 758.2 769.7 757.2 750.3 749.4 753.5 758 755.7 754.1 751 746.2 743.6 745.9 747.9 759.1 780.1 795.4 826.7 867 908.8 944.9 975.4 1001.7 1021.5 1037 1032.1 995.6 964.6 940.5 900.8 867.8 825.4 819.3 763.6 718.8 696.3 687.4 682.4 662.9 652 635.4 630.9 616.6 601.3 592
932.6 915.8 904.1 888.5 881.2 878.3 873.4 848.5 833.4 819.4 803.8 796.5 780 765.1 746.2 735.3 735.4 725.7 714.2 716.2 720.5 732.2 734.7 741.5 750.5 774.9 784 785.8 778.9 763.8 752.3 769.6 788.4 784.5 772.8 755.3 752.5 756.1 763.3 770 768.1 763.1 758.7 752.6 754.9 759.7 758.9 767.5 786.4 806.3 841.7 886.2 917.8 948.3 977.8 1006.8 1027.9 1043.1 1019.1 983.5 955.1 940.6 898.2 866.3 839.8 814.4 780.8 736.6 702.2 688.2 674.1 647.6 628.5 623.5 617.2 602.5 581.6 574.8
916.6 898.9 887.1 877.5 872.8 862.2 847.6 831.1 819.9 807.1 795.6 784.4 767.3 751.8 733.2 723.3 721.8 712 707 704.4 709.2 724 730.3 737.3 751.1 779.7 806.5 821.2 790.2 777.3 786.8 798.6 808.9 789.6 776.3 763.7 765.7 773.3 782.3 781.1 778 772 766.3 761.3 764.7 768.7 773.2 780.3 794.2 823.5 861.8 898.6 922.8 952.1 982.3 1010.5 1033.2 1047.6 1005.7 980.7 949.5 928.2 893.7 865 841.1 829.9 799.9 747.5 717.8 697.4 679.7 653.7 629 615.6 602.1 586.4 575.1 568.8
899.3 883.7 877.8 871.1 869.4 856 833 815.2 806.8 790.9 782.9 769.6 752.3 736.3 714.2 709.2 712.2 697.8 698.5 694.2 699.7 708.1 721.8 734.7 754.4 781.9 813.7 829.8 820.6 813.1 809.8 818 807.9 800.4 791.4 771.3 775.1 779.7 783.9 781.3 781 777.3 772.1 768.9 773.3 781 787.1 796.4 815.3 838.1 873 904.2 923.4 955.6 987.8 1016.8 1041.4 1056.3 1014 988 984.9 977.9 957.2 929.4 895.1 874.2 852 793.8 744.4 705.7 675.9 643.8 628.3 621.7 607 588.1 579.7 573.2
882.8 873.2 862.3 853 851.8 838.6 825.4 808.6 798 779.8 756.8 751.2 731.6 715.5 699.3 692.3 695.6 688.1 685.2 682.3 690.3 701.4 717.2 732.1 754.8 790.1 821.5 841.5 850.7 845.5 837.7 827.8 815.5 802.8 794 777.7 777.4 780.5 781 780.2 782.4 782.3 776.7 772.2 778.6 789.2 801.5 812.1 830.8 853.6 892.7 917.4 937.3 966 994 1023.5 1049.9 1066.3 1057.8 1038.4 1026.4 1010.2 1000.9 990.6 952.7 925.1 886.1 823.8 779.6 735.6 708 660.6 620.8 614.2 602.8 590.8 589.5 584.4
870.7 860.4 846.7 837.3 834 824.3 812.3 797.7 782.5 759.6 736.3 723.8 708.2 698.8 690.9 677 684.5 680 676.4 674.9 685.3 698.5 709.8 729.4 756.3 787.2 819.3 840 859.1 873.1 863.9 843.4 831.9 817.5 802.4 798.6 795.5 787.2 784.1 784.1 780.8 783.8 780.6 776.9 781.2 792.1 806.2 817 838.3 866.5 907.3 933.9 954.4 978.8 1004 1032.7 1058.6 1076.9 1091.2 1091.4 1072.6 1053.7 1035.7 1018.4 985.5 952.1 892.1 828.5 767.5 735.7 703.9 664.6 631.2 615 600.6 609.7 604.4 601.5
858.2 842 834.3 817.8 813.5 801.4 790.5 778.9 764.2 740.2 720.3 703.2 691.7 682.8 678.1 671.6 668.1 669.4 672.1 672.8 683.1 696.1 706.9 730.4 758.8 784.7 817 838.2 858.6 885.8 901.7 873.5 862.3 851 842.3 831.4 818.9 802.1 805.2 807 788.2 783.9 783 781.4 780.7 794.6 814 833.5 854.7 888.3 927.4 954.6 975 994.5 1016.6 1044.6 1071.1 1084.9 1095.6 1105.2 1078.8 1048.6 1027.3 1003.4 969.2 940.4 900.7 847.2 801.5 745.3 690.9 665.9 639.8 637.5 635.4 628.8 625.1 622.5
841.9 824.6 817.3 799.8 791.5 773.2 762.5 749.6 736.2 712.4 699.1 686.6 682.7 665 669.1 663 657.5 659.6 661.6 668.2 681 690.6 703.2 730.7 751 780.6 809.7 832.6 858.4 882.3 906.5 916.4 889.4 883.2 873.3 855.9 837.4 829.9 827.7 815.4 800.9 788.3 788.1 787.1 782.3 792.1 813.2 840.5 867 901.9 949.3 983.5 997.7 1014.8 1035.8 1059.8 1074.4 1084.3 1092.2 1076.4 1050 1024 994 960.9 929.1 901.9 868.7 842.5 801 757 707.6 669.7 669.4 659.9 662.8 658.3 658.9 654
848.5 816.7 803.4 788.8 770.3 748.1 734 721.1 711.1 698.1 682.3 677.3 662.9 658.6 665.3 660.4 652.5 652.2 658.4 667 678.4 686 700.6 720.3 744.2 778.7 802.8 826.9 850.4 873.1 898.4 915.7 927.4 918.3 891.5 873.4 855.8 842.5 834.7 825.6 813.8 795.2 791.9 791.7 795.3 804 819.1 841.4 869.4 903.3 945.7 982.7 1017.5 1037.8 1052 1062.9 1069.7 1075.4 1062.4 1043.2 1032.6 981.9 946.9 919.3 890.3 868.4 843.3 822.9 798.8 747.2 704.2 697.2 695.6 688.4 688.7 692.5 686.3 680.8
837.5 808.7 793.3 776.9 750.8 736.9 726.3 703.4 686.9 681.5 666.7 660.4 649.2 649.7 658.5 656.1 647.5 646 648.7 659.1 668.7 682.3 691.8 712.8 740.5 767.5 793.7 816.6 838.2 863.6 883.3 903.6 924.1 921.3 892.9 869.2 855 860.6 858.2 852.5 838.6 809.9 810.9 804.6 807.2 818.4 833.3 856.8 886.7 918.3 971 1012.9 1034.2 1042.9 1050.2 1056.4 1060.5 1059 1032.1 1007.1 976.7 942.1 917.9 892.4 862 842.3 817.9 796.2 777.2 740.8 709.2 717.5 710.5 715.3 711 710.9 706.7 705.4
819.9 794.7 778.6 761.7 738 723.2 705.9 689.4 672.2 660.8 650.6 640.4 641.2 641.7 642.3 643 642.5 639.5 642.8 648.9 658 668.5 685.7 708.9 733.1 756.3 777.5 801.4 823.3 846.7 867.9 890.5 911 925.5 917 901.2 894.4 896.7 900.5 889.2 865.9 840.7 835.4 828.3 829.6 833 846.4 867.7 901.3 941.8 985.9 1022.5 1026.9 1030.5 1039.4 1042.8 1047.6 1040.2 1000.2 977.4 954.7 918.9 896.5 874.3 841 819.8 803.3 787.8 759 754.3 735.4 745.6 729 737.7 736.1 732.2 734 733.4
804.6 779.9 756.2 734.6 722.2 701.4 686.2 673.5 656.3 647.1 641.1 633.7 633.8 627.8 630 631.5 635.7 635.6 641.5 642.5 653.7 664.4 684.1 703.6 727.7 750.2 765.8 786.2 803.7 827.6 852.3 874.6 896.6 913 927.9 936.6 930.8 932.5 932.7 908.7 897.8 879.7 860.2 853.2 865.1 877.4 874.9 889.3 926.9 982.1 1004.4 1008.6 1004.8 1001.7 1019.6 1024.8 1028.5 1027.5 993.2 955.1 928.9 899.4 882.2 862.3 834.4 818.8 805.9 792 780.4 771.2 764.1 756.1 756 754.7 758.4 761.5 764.1 764.5
791.4 766 732.4 709.6 699.6 684.5 672.4 657.6 649.1 639.5 629 632.2 629 624.9 627.6 623.4 622.8 628.3 631.2 633.2 645 664.4 679.6 698.5 719.5 739.9 754 777.1 793.9 812.7 837.5 862.6 880.9 900.4 917.9 930.1 949.6 966.2 960.1 929 921.1 911.8 890.3 884.4 889 899.3 917.5 930.8 949.1 974.8 981.5 977.7 977 971.2 991.8 1005.6 1008.4 1012.1 990.9 951.2 921.8 894.2 869.8 856.6 838.8 823.2 806.5 791.5 780.8 774.2 768.3 767.1 772.4 780.9 791.9 796.7 802.1 804.8
772 746.4 714.3 695.6 681 669 660.9 651.8 634.5 632.5 627.3 622.6 619.1 620.2 618.5 615.2 615.7 618.4 620.6 626.3 643.2 657.7 673.6 690.7 712.4 729.7 747.8 766.2 783.7 801.2 823.7 844.9 862.9 880.1 897.5 914.8 933.6 953.7 972.4 968.8 953 934.6 920 918 921.7 933.7 952.3 968.9 968.3 945.6 939.7 941.5 945 944.7 961.8 982.6 986.2 995.4 991.4 956.6 916.5 882.6 862.9 847.6 833 823 818.3 808 794.9 781.5 786 802.2 802 811.9 820.1 828.5 833.7 827.1
756 723.7 696 681 666.6 655.6 645.4 632.2 628.9 629.4 618.7 613.5 611.8 611.2 609.5 610 607.6 608 614.7 627.4 644.3 653.9 668.4 685 703.3 721.4 737.7 754.9 771.1 788.1 806.5 826.5 844.9 860 878.3 899.8 917.9 938.4 961.9 982.6 989.8 969.5 956.7 952.2 958.5 969.4 970 949.6 931.6 913.2 893.3 903.1 906.9 918.2 936.8 960.7 967.9 976.8 981.9 958.7 911.3 879 864.8 853.3 849.1 833.9 823.5 820.6 812.9 806.3 817.3 824.3 823.8 832.8 845.9 846.1 830.9 822.1
735.8 714 692.7 670.7 655.3 644.3 633 628.3 621.3 618.7 614 609.1 608.9 606 602.5 601 600.5 604.4 616.2 631.3 640.3 652.6 665.4 679.5 696.5 711.8 728.4 743.6 758.6 775.1 790.4 807 826.8 843.8 863.8 885.3 905.7 926.3 950.1 969.9 985.2 994.8 993.6 989.7 983.6 964.6 941.9 913.8 891.8 884.5 863.7 863.6 872.4 888.8 914.5 938 951.1 961.7 972.4 950.8 911.1 890.1 880.2 867.5 852.3 842.6 844.8 855.4 850.8 837.6 847.2 852.6 860.6 864.3 864.9 853.8 844.3 820.7
727.1 709 693.4 664.2 650.3 640.1 626.6 621.4 617.9 612.6 606.8 601.6 600.4 600.1 598.9 599.3 599.9 608.4 621.3 629 640.6 650.5 662.6 674.2 687.9 702.4 718.7 732.9 747 762.9 777.5 790.2 808.3 826.6 847.3 870.7 891.5 912.1 935.2 954 970 978.7 979.3 977.7 962.6 936.1 910.3 881.6 848.3 837.3 834.8 839.7 848 867.2 892.7 916.1 931.3 950.2 963.4 954.2 926.4 909.2 898.9 882.7 869.2 861.2 869.1 875.9 877 871.2 874.8 880.6 888.2 888.6 878.7 855.6 826.9 802.5
721.3 699.1 679.1 661.6 646.4 633.2 620.7 614.2 610.5 607 605.3 605.4 602.2 599.1 598.8 598.8 601.9 611.3 618.1 628.6 639.3 647.8 658.4 669.1 681.3 695.3 708.2 721.3 736.4 750.2 764.2 775.5 793.1 810 830.5 854.4 877.6 897.6 919 936.2 951.6 961.9 964.8 960.3 935 903.8 879 849.3 817 814.3 814.3 824.8 838.2 856.5 872.3 896.9 918.2 938.2 953.1 958.6 949.2 946.1 940.8 910.1 894.2 883.5 883.9 884.8 894.5 894.2 901.3 906.1 897.1 887 878.9 877.9 860.2 840
722.4 699.3 677.5 662.9 647.1 634.2 627.7 617.4 612.1 608.6 607.2 604.4 600.6 601.2 599.2 600.1 605.8 612.6 621.8 625.7 634.1 644.7 655.3 666.6 676.7 687.6 699.5 711.6 724.7 738.5 752.3 765.8 779.6 795.2 813.6 836.7 861.1 881.5 901.3 916.8 933.9 944.6 948.3 925.8 905.1 873.4 845.9 817.3 814.3 814.3 814.3 823.4 828.3 834.5 850.6 880.8 908.4 928.7 945.3 956.6 961 964.6 968.5 950.6 925.6 913.9 912.6 916.9 917.8 918 916 914.5 910.9 906.3 912.9 909.7 897.1 889.1
723.8 700.4 680.6 658.1 647.4 640.5 632.6 622.8 618.2 608.6 604.3 601.2 600.4 600.1 600.2 605.1 611.1 615.9 621.1 629 636.8 646.1 654.6 664.1 672.9 682.4 692.8 703.8 715.2 729.3 743.3 756.7 765.5 779.4 800 819.6 843.1 863.7 882.3 899.2 915.8 928 928.3 891.5 868.7 846.8 828.4 814.3 814.3 820 814.4 818.8 813.9 819.1 832.9 865.4 897.8 917.7 932.8 945.5 953.6 961 967.8 972.8 964 954.8 955 958 954.8 944 950.8 952.5 945.9 949.6 952.9 952.4 942.1 926.2
708.2 690.8 675.6 658.8 646.4 637.2 631.6 619.9 614.6 612.2 601.6 600.5 599.6 598.2 603 610.2 614.3 617.3 621.7 630 639 647.1 653.7 660 668.4 677.7 688.1 698.3 708.2 722.2 733.9 746.1 757.7 769 786.1 804.3 825.2 847.3 865.5 882.4 896.9 908.6 910.2 875.2 854.3 848.2 835.6 824.1 819.2 821 816.3 806.8 793.1 799.6 815.7 846.3 883.4 902 917.8 933.6 944.9 955.4 966.1 975.8 983.4 989.3 991 992.3 990.8 988.4 988.3 988.5 989.9 992.7 991.9 981.7 958 906.6
702.1 684.9 671.9 660.6 646.5 634.6 625.6 615.3 608.8 605.5 599.5 599.6 599 598.4 604.6 607.2 611.2 617.4 624.2 631.3 638.6 645.4 651.4 657.8 666.8 675.2 682.9 692.1 701.5 712.6 724.2 735.7 747.9 760.6 773.9 792.3 810.7 831.4 849.1 865.2 881.1 893.3 900.5 888.7 856.2 827.3 817.9 812.2 796.8 791.5 782.4 778 775.6 784.4 797.9 823.6 860.7 885.6 901 917.9 935.5 950.8 963.3 975 984.2 988.4 989.7 989.3 986.6 984.1 984.1 986.1 988.1 991.9 991.6 968.4 926.2 895.3
703.4 686 669.4 657.3 646.1 635.8 622.3 614.3 609.8 604 598.9 598.7 598.1 598.6 604.7 609 613.5 619.6 626.9 633.8 638.9 645.7 651.6 658.2 664.1 671.9 678.7 686.5 696.7 706.8 719 729.4 744 758.3 769.9 783.1 800.7 820.4 838.5 854.6 870 885.2 892.7 877.1 834.2 812.8 801.5 788.7 772.3 751.7 751.1 758 761 770.7 783 802.4 833.8 863 882.1 903.2 927.4 946.7 961.2 973.6 981.2 985.2 983.5 980.7 977.2 974.7 974.3 973.6 975.7 979.6 981 953 920.4 888.6
699 681.6 665.9 653.7 643.1 635 625.3 615.3 609.6 603.8 599.7 598.4 598.6 602.9 610 614.8 618.1 620 626.6 632.8 638.4 644.9 651.2 656.9 663 669.2 677.9 686.2 694.1 702.1 714.6 725.6 739.5 754.1 764.8 778.3 795.8 813.7 830.4 846.2 863.3 882.8 869.4 845.9 814.2 791.1 774.2 754.4 732.9 726.6 725 730.4 744.3 755.5 769.4 780.2 810 835.3 865.5 894.4 920 942.6 958.4 967.8 974 977.9 974.6 970.4 963.8 960.6 960.1 961.8 963.1 966.7 970.5 955.9 913 875.8
