app/static/ascii/NH12.asc
ncols 200
nrows 200
xllcorner 210000
yllcorner 820000
cellsize 50
[rows 0 to 33 of 200, columns 0 to 77 of 200]
265.6 260.8 256.6 251.4 242.8 242.8 242.8 242.8 242.8 242.8 242.8 242.8 242.8 242.8 242.8 242.8 242.8 242.8 242.8 242.8 242.8 242.8 242.8 242.8 242.8 242.8 242.8 242.8 242.8 242.8 242.8 242.8 242.8 242.8 242.8 242.8 242.8 242.8 242.8 242.8 242.8 242.8 242.8 242.8 242.8 242.8 242.8 242.8 242.8 242.8 242.8 242.8 242.8 242.8 242.8 242.8 242.8 242.8 244.8 242.8 242.8 242.8 242.8 242.8 242.8 242.8 242.8 242.8 242.8 242.8 242.8 242.8 242.8 242.8 242.8 242.8 242.8 242.8
261.9 256.2 248 242.8 242.8 242.8 242.8 242.8 242.8 242.8 242.8 242.8 242.8 242.8 242.8 242.8 242.8 242.8 242.8 242.8 242.8 242.8 242.8 242.8 242.8 242.8 242.8 242.8 242.8 242.8 242.8 242.8 242.8 242.8 242.8 242.8 242.8 242.8 242.8 242.8 242.8 242.8 242.8 242.8 242.8 242.8 242.8 242.8 242.8 242.8 242.8 242.8 242.8 242.8 242.8 251 257.2 265.1 267.5 266.3 268.9 271.7 261.7 242.8 242.8 242.8 242.8 242.8 242.8 242.8 242.8 242.8 242.8 242.8 242.8 246.3 250.2 251
256.6 246.1 242.8 242.8 242.8 242.8 242.8 242.8 242.8 242.8 242.8 242.8 242.8 242.8 242.8 242.8 242.8 242.8 242.8 242.8 242.8 242.8 242.8 242.8 242.8 242.8 242.8 242.8 242.8 242.8 242.8 242.8 242.8 242.8 242.8 242.8 242.8 242.8 242.8 242.8 242.8 242.8 242.8 242.8 242.8 242.8 242.8 242.8 242.8 242.8 242.8 242.8 242.8 254.6 269.3 278.6 283.9 289.4 284 274.9 270.9 264.9 261.8 255.9 242.8 242.8 242.8 242.8 242.8 242.8 242.8 242.8 242.8 242.8 258.7 259.4 260 260.7
245.1 242.8 242.8 242.8 242.8 242.8 242.8 242.8 242.8 242.8 242.8 242.8 242.8 242.8 242.8 242.8 242.8 242.8 242.8 242.8 242.8 242.8 242.8 242.8 242.8 242.8 242.8 242.8 242.8 242.8 242.8 242.8 242.8 242.8 242.8 242.8 242.8 242.8 242.8 242.8 242.8 242.8 242.8 242.8 242.8 242.8 242.8 242.8 242.8 242.8 242.8 254 268.1 282 292.9 299.9 308.6 307.2 291 276.1 266.7 261.9 257.6 254.4 243.2 242.8 242.8 242.8 242.8 242.8 242.8 249.9 258.7 261.1 266.4 271.3 272.1 272.5
242.8 242.8 242.8 242.8 242.8 242.8 242.8 242.8 242.8 242.8 242.8 242.8 242.8 242.8 242.8 242.8 242.8 242.8 242.8 242.8 242.8 242.8 242.8 242.8 242.8 242.8 242.8 242.8 242.8 242.8 242.8 242.8 242.8 242.8 242.8 242.8 242.8 242.8 242.8 242.8 242.8 242.8 242.8 242.8 242.8 242.8 242.8 242.8 242.8 242.8 257.7 266.6 283.8 301.2 308.9 316.1 310.2 294.2 288.8 276.2 271.7 271.4 270.6 268.5 262.2 261.3 253.8 253.8 253.1 258.4 264.7 270.2 280.2 285.1 292.8 296 296.4 302
242.8 242.8 242.8 242.8 242.8 242.8 242.8 242.8 242.8 242.8 242.8 242.8 242.8 242.8 242.8 242.8 242.8 242.8 242.8 242.8 242.8 242.8 242.8 242.8 242.8 242.8 242.8 242.8 242.8 242.8 242.8 242.8 242.8 242.8 246.5 249.4 255.2 257.4 259.9 260.3 256.1 254.1 254 250.6 253.6 243.6 243.4 245.4 254.6 257.9 267.2 284.1 296.4 299.1 306.8 303.4 295.9 289.2 284.8 285.9 282.9 283.8 291.2 288.2 293.8 298.7 306.1 301 300.6 295 289.3 295.8 301 305.9 310.5 315.9 314.8 329.6
242.8 242.8 242.8 242.8 242.8 242.8 242.8 242.8 242.8 242.8 242.8 242.8 242.8 242.8 242.8 242.8 242.8 242.8 242.8 242.8 242.8 242.8 242.8 242.8 242.8 242.8 242.8 242.8 245.3 250.4 255.8 259.4 263 264.9 269 272.1 277.3 282.6 283.6 276.1 268.5 270.7 269.9 268.6 267.4 264 263.5 263.5 269.5 277.1 277.2 288.1 295.6 302.1 301.7 300.3 300 302.4 299.5 299.8 291.8 292.3 304.8 313.2 312.1 314.1 321.5 320.5 316.1 310.4 310.2 309.8 318.5 323.2 329.9 338.4 341.2 358.2
242.8 242.8 242.8 242.8 242.8 242.8 242.8 242.8 242.8 242.8 242.8 242.8 242.8 242.8 242.8 242.8 242.8 248.5 251.3 254.5 250.3 253.6 254.7 255.7 259 265.5 269.5 273.8 279.2 282 282.3 282.1 286.6 287.5 289.4 295.8 302.2 309.5 306.2 301.5 288.6 294.3 286.9 287.1 287.1 287.7 280.9 279.6 283.9 290.4 292.3 292.7 295.4 296.1 299.3 303.4 311.5 314.8 317.9 310.9 304.2 306.5 309.8 316.7 320.2 323.4 327.4 330.2 331.3 333.4 338.6 342.3 347.4 351.4 360.5 367.1 373.6 387.2
242.8 242.8 242.8 242.8 242.8 242.8 242.8 242.8 242.8 242.8 242.8 242.8 242.8 242.8 242.8 242.8 246.9 257.5 262.7 265.2 270.1 276 280.1 284.4 288.7 296.6 301.4 301.1 303.9 309.5 309.9 311 309.6 313.8 316.7 325.3 330.1 323.3 320.8 320.4 315.2 314.4 310.4 312 317.1 316.7 308.1 303 300.4 300.2 303.2 303 306.6 301.8 305.5 315.5 321.1 318.9 318.1 319.5 320.6 323.2 324.7 328.8 330.5 335.6 340 344.2 350.1 353.5 356.9 365.3 373.8 381.1 387 396.6 406.5 419.3
242.8 242.8 242.8 242.8 242.8 242.8 242.8 242.8 242.8 242.8 242.8 242.8 242.8 242.8 256.3 269.8 271 275.8 276.6 286.1 291.2 301.7 315.1 329.6 330.9 334.6 342.5 346 341.7 342.5 336.3 336.7 333.9 341.5 344.8 351.1 348.5 347.3 350.7 350.2 346.2 337.9 332 332.9 336.9 337 333.5 328.1 322.3 316.3 314.5 315.8 314.5 311.4 312.5 325.4 323.5 320.9 322.9 328.9 331.9 335.4 341.3 346.1 349.1 353.7 360.4 365.1 368.6 375.3 383.8 394.6 404.8 415.5 423 431.7 442.5 454.7
242.8 242.8 242.8 242.8 242.8 242.8 242.8 242.8 242.8 242.8 242.8 242.8 253.6 268.7 280.3 296.1 300.3 296.3 297.2 310.3 318.9 337.4 357.9 370.6 379.4 383.7 386.3 384.6 380.8 369.6 361.4 359.6 360.3 364.2 364.3 368.3 366.4 369.3 368.1 363.1 363.2 359.4 353.4 354.1 354.9 354.6 355.4 357.1 351.8 337.5 333.7 332.2 328.7 323.9 326.5 326.7 328.4 332 337.5 344.3 347.1 353 360.8 364.9 370.9 377.4 383.4 391.1 396 405.3 419.8 432.6 442.2 449.2 456.2 464.7 473.7 482.9
242.8 242.8 242.8 242.8 242.8 242.8 242.8 242.8 242.8 242.8 242.8 251.6 264.4 279.5 303.3 311.5 312.7 314.8 324.6 337.1 350.8 369.6 387.8 402.9 413.4 419.3 415.4 409.6 401.9 391.2 386.8 388 385.9 385.3 387.8 388 385.8 384.9 383.6 376.3 374.5 378 380.3 380.5 379 378.7 377.9 375.8 368.9 357.2 355 355.9 348.8 343.6 343 332.4 340.7 346.9 352.8 358.3 362.8 371.2 379.1 385.7 394.3 402.9 410.4 417.4 426.3 442.1 453.9 460.9 468.2 474.2 481.7 492.3 503.5 508.4
242.8 242.8 242.8 242.8 242.8 242.8 242.8 242.8 242.8 245.6 257.7 267 281 294.1 313.3 321 332 346.9 353.8 360.7 373.5 389.6 411.1 425.8 428.2 426.8 425.5 426 414.9 409.7 410.3 409.5 412.5 407.3 408.8 404.2 401 400.3 398.4 391.1 386.2 399.2 402.2 401.1 400.8 399.1 397.8 409.3 410.5 397.2 382.3 378.6 387.9 372.5 363 345.7 357.8 364.2 369.4 376.9 381.7 389.6 399.1 407.7 418.3 430.5 438.5 448.4 460.9 474.1 484.7 494.3 497.9 503.2 512.5 521.5 531.2 539.7
242.8 242.8 242.8 242.8 242.8 242.8 242.8 242.8 256.1 264 270.6 283.8 296.1 305.6 319.3 335.8 349.8 363.8 376.8 388.9 403.7 414.1 425.4 437.6 439.5 437.1 436.7 432.6 429.5 435.3 436.5 435.8 434.4 432.2 424.4 422.2 418.6 415.9 411.4 409.4 421 426 427.5 425.2 421.8 431.8 441.7 445.7 439.1 424.9 412.8 407.1 405.2 397.8 384.3 369.7 377.3 381.7 387.5 395.9 403.2 414.7 426.3 438.4 452.5 457.8 469.5 480.8 494.1 504.9 516.5 522.4 526.3 534.4 544.6 553.4 561.7 570.8
242.8 242.8 242.8 242.8 242.8 242.8 242.8 251.8 265.2 272.5 286.6 293.5 305 329.1 340.6 353.6 374.6 393.2 399.6 411.6 418.6 431.4 439.6 449.4 454.6 453.1 452.8 460.6 469.3 465.9 464.4 464.5 465.3 459.2 445.4 444.8 445.1 433.8 429.1 442.4 452.1 455.3 454.8 455.7 453.8 458.3 468.4 477 471.4 468 459.5 445 430 420.2 392.5 381.2 394.6 401.3 407.9 415.5 426 442.1 456.4 470.4 479.4 487.8 501.2 514.9 525.5 535 540.6 549.1 555.8 565.2 575.6 583.8 593.2 601.4
242.8 242.8 242.8 242.8 242.8 242.8 242.8 256.1 266.9 277.6 292.5 302.2 324.2 342 356.8 373.4 393.3 412.7 427 437.9 444.6 450.4 454.9 459.4 465.6 473.4 487.1 494.3 496.5 496.8 501.7 501.4 499.8 493.2 483.9 475.5 471.3 467.6 468.5 479.3 490.7 493.7 489.3 485.4 475.4 488.8 506.2 510.1 498.6 489.9 476.1 456.5 439.2 413.5 415.2 410.5 412.7 416.8 426.3 436.7 455.8 473.6 491.6 500.9 505.7 517.5 531.7 544.1 554.2 562 570.1 577 585.4 594.9 605.9 613.2 620.9 629.7
242.8 242.8 242.8 242.8 242.8 242.8 246.5 257.5 267.1 281.9 302 319.4 335.4 353.8 368.6 392.3 415.1 432.4 444.5 454.8 458.4 462.2 472.4 484 493.6 501.8 508.8 515.5 521.1 529.2 533.2 534 531.9 533.1 524.4 512.6 505.8 503 506.6 521.2 533.1 534.6 533.4 534.7 528.9 529.5 536.2 521.2 506.5 496.3 479.3 464.5 456.7 437.2 430.2 428.8 434.1 443.6 452.5 466.8 488.1 503.4 517.2 524.3 534.5 546.7 559 570.6 579.3 588.5 596.9 606.3 614.7 621.2 631.3 640.2 647 653.6
242.8 242.8 242.8 242.8 242.8 242.8 253.7 263.1 279.6 294.2 310.5 328.1 342.7 361.4 389.1 409.6 430.4 447.5 457.8 463 469.8 483 491.6 502.7 513.3 528.1 536.4 543.2 549.8 559.2 564.1 572.4 579.6 573.3 557.9 544.7 541 542.5 545.2 561.8 571.6 571.9 570.2 567.3 561.2 555.8 542.8 526.2 510.6 497.9 484.9 468.1 458.2 456.2 449.5 451.6 455.5 470.5 478.6 498.7 517.3 534.7 547.4 555.2 564 576.3 586.7 596 602.3 609.8 617.3 626.5 638.1 647.2 655.1 663.9 671.1 678.5
242.8 242.8 242.8 242.8 242.8 255.6 265 273.7 283.6 299 316.1 331.6 353.2 378.2 402.4 423.1 441.4 455.9 464.3 477.9 489 500 512.5 526.2 540.5 553.5 562.2 574.1 580.5 586.9 596.7 604.9 611.7 611.6 593.1 585.2 580.4 583.4 591.5 601.2 600.5 595.3 588.9 581.7 572.4 560.9 548.1 532.3 512.1 500.9 494.1 477.4 469.3 472.2 474.8 476.3 479.1 494.1 508.1 525.9 542.5 559.8 569.9 577.8 590.3 600.2 606.7 614.1 620.8 632.3 641.6 649.9 660 668.7 678.1 685.4 694.7 701.8
242.8 242.8 242.8 242.8 244.3 259 264.4 274.4 286.6 303.6 325.3 348.8 368.9 391.8 418.5 439.4 457.4 467.1 482.6 498.6 512.6 526.7 541.1 556.2 566.3 581.8 596.4 606.7 614.9 621.4 630.7 642.6 648.8 654.5 646.1 636.4 635 643.5 644.4 637.6 627.2 617.1 609.5 600.6 588.8 568.2 550.9 535.8 514 502.8 493.5 484.6 483.9 495 499 500.2 503.7 515.2 527.4 540.6 558.5 571.6 582.7 595.5 602.2 611.9 622 628.6 639.1 649.4 658 667.4 676.5 686.7 694.9 703.7 712.8 722.1
242.8 242.8 242.8 242.8 244.2 252.8 265.2 278.2 297 321.7 343.4 358.4 381 406.1 432.1 450.8 466.5 488.3 508.9 519.8 537.1 553.4 567.2 583.9 597.7 614.4 626.6 639.4 647.6 654.7 666.6 678.1 685.5 688.9 689.4 684.2 675.8 664.4 659.6 654.4 648.6 638.3 625.8 608.3 587.5 574.4 559.9 540.5 528.5 512.2 501.7 497.3 499.2 503.1 508.7 515.1 520.6 528.1 536.8 546.3 560.5 574.5 593.3 604.3 616.3 628.6 638 643.8 653 663.6 674.2 688.5 696.2 705.3 713.3 720.2 731 740
242.8 242.8 242.8 242.8 248.2 253.8 267.6 292.5 310.8 327.7 349.6 374.8 396.2 421.5 445.8 464.1 489.8 509.7 525.3 543.4 564.3 581 596.1 612 630.4 646.8 661.6 672.4 679.9 692.7 702.9 713.2 715.6 717 713.2 702.7 689.6 678.2 672.5 663.1 652.8 640.3 628.3 612.2 593.5 575.4 563.5 552.2 543.5 519.7 505.6 500.3 502.1 509.8 515.7 525.1 532.1 535.5 541 552 564.3 580.8 600.1 615.9 627.1 637.8 646.6 654.7 666.7 679.6 691.4 700.5 706.8 713.5 723.2 735.6 745.9 753.8
242.8 242.8 242.8 242.8 254.9 263.7 278.5 297.1 316.5 339.2 366.9 387 408.7 436.2 456.6 480.8 504.4 524.7 550.5 569.8 589.7 607.1 624.9 645.3 663.6 680.2 692.8 702.7 716.6 727.9 733.6 737.8 741.7 741 737.8 727 713.2 696.8 684.5 668.4 649.8 639.7 623.8 607.8 590.6 578.6 565.7 553 543.9 530.8 513.3 509.8 504.5 516 526.2 532.5 537 539.7 546 555.3 569.4 585.3 603.9 619.4 630.3 641.5 655.2 663.5 677.2 687.5 696.1 706 715.6 726.8 737.8 747.3 756.5 765.2
242.8 242.8 242.8 251.7 261.6 273.3 285.6 306.2 326.5 352.8 374.9 398.3 430 445.7 471.8 495.3 524.2 548 573.3 594.5 616 631.9 656.1 676.8 695.9 711.2 725.7 738.4 745.2 752.5 756.3 763.1 762.4 758.6 754.1 743 725.2 703.3 682.2 664.2 648.4 635.1 617.8 602.6 589.2 578 561.1 552.1 538.5 531 518.9 512.4 512.1 523.7 530.2 537.4 543.3 547.4 554.3 560.6 574 589.6 605.7 618.9 630.2 641.8 653.3 665.5 679.2 690.2 703 714.8 729 740.9 749.9 761.5 772.6 779
242.8 242.8 242.8 260.4 270.6 278.9 297.3 310.5 333.7 360.2 399.5 421.1 434 455 480.4 513.8 541.2 568.6 591.2 615.9 638.2 660.1 683.5 704.3 726.1 742.3 753.4 764.1 776.3 784.3 786.5 781.9 782.3 779.2 775.9 762.8 737.1 711.4 684.4 663.8 648.1 628.8 614.5 598.5 587.2 575.1 561.3 550.4 538.9 527.4 517.3 513.1 518.7 529.2 536.3 545.7 550.2 556.2 561.6 569.9 579.5 591.3 604.4 616.2 627.8 638.2 650.9 666.2 681.3 696.4 711.3 727.6 737.7 747.1 759.9 769.2 779.2 794.2
242.8 242.8 253.3 264.8 271 287.6 304.8 327.1 361.2 374.3 397.7 418.3 441 464.4 493.5 526.3 557.8 580.7 607.5 638.8 664.9 689.9 712.4 731.4 751.2 769.7 785 798.9 809.3 814.7 816.6 817.7 819.5 817.7 809.9 783 748.1 714.8 685.1 660.5 641.1 623.5 606.5 595.7 586.3 571.9 559.8 549.2 538.3 530.4 519.5 514.6 525.8 535.8 543.2 551.6 558.9 562.1 568 575 582.7 593.2 607.4 620.5 631.5 643.1 653.9 668.5 685.5 699.1 715.6 730.2 743 755.2 768.9 780.1 791.3 803.3
242.8 242.8 255.6 264.4 275.4 296 319.7 362.3 368.5 380.4 401.8 427.8 455.7 476.4 504.5 537.3 567.7 601.2 633 661.6 688.3 710.4 736.1 763.1 782.2 800.9 813.3 827.3 838.8 845.4 851.4 855 855.6 852.4 842 809.8 762 719.2 687.6 657 636.1 614 599.5 589.4 580.3 566.6 553.9 543.6 534.6 523.7 517.6 521.5 533.6 544.7 553.7 560.3 565.5 570.6 574.9 579.2 587.9 598.8 612 624 635.7 648.2 660.5 674.4 688.1 698.5 716.8 732.1 745.7 760 777.4 790.5 803.5 817.4
254 246.1 259.3 274.7 294.5 308.7 343.4 358.8 364.4 378.6 412.4 435.6 459.6 490.1 515.1 545.8 581.1 616.6 651.3 681 708.1 736.9 767.2 786.5 806.9 828.7 845.6 858.2 870.9 878.2 885 888.5 893 892 867.2 827.7 779.3 727.7 694.6 657.3 630.1 609.6 596.4 584 573.7 562 551.2 543.3 536 527 521.4 526.8 541 554.6 561.3 568.8 573.6 577.9 583.2 587.4 595.4 606.9 618.4 630.2 642.1 654.2 667 678.9 692.5 705.7 721.2 734.9 749 765.3 783.7 797.6 811.4 827.3
259.9 254.3 260 286.4 300.8 328.7 338.7 348.4 361.2 385.5 413.7 433.2 463.3 492.7 516.5 551.2 589.3 627.5 666.2 700.5 722.2 759.7 780.3 806.2 834.8 861.4 882.9 895.7 907.5 917.2 924.3 925.1 925.1 908.1 876.5 829.5 786.6 736.5 703.6 665.3 632.6 605.2 592.2 579.8 568.6 556.9 545.9 540 534.2 533.6 529.2 537.6 551.6 561.6 569.5 574.6 583.3 584.8 590.5 593.9 602.1 613.2 625.5 637.4 648.5 661.1 673.4 687.3 699.3 713.5 725.4 740.2 759.2 773.9 793.8 809.4 822.5 835.3
270.3 259 258.6 278.8 297.5 311.6 325.5 345.2 360.4 381.3 403.9 428.1 456.6 487.5 516.1 554.4 597 639.7 686.4 703.5 736.4 761.6 793.5 829.3 861 886.6 910.6 927.7 939.2 950.7 954.4 945.5 922.6 898 864.5 827 779.4 731.9 694.1 659.3 635.5 594.6 586.1 576.6 564.8 552.8 542.2 534 535.8 534.8 535.2 542.9 557.6 567.6 575.1 583.6 592.4 591.7 593.5 597.8 605 617 629.2 640.7 653.5 666.6 681.4 695 707.1 722.8 736.3 753.3 773 789.4 805.7 821.5 832.8 844
281.6 264.5 252.2 272.6 284.3 299.3 316.5 340.4 358.7 378.3 398.3 422 453.8 484.5 518.1 554.5 601.3 642.2 678.3 710.1 732.9 768.8 800.5 838.4 872.4 894.1 915.4 933.1 948.8 959.4 960.8 932.4 910.9 888.5 867.6 814.8 765.1 725.7 694.1 655.4 634.9 616.3 575 568.4 554.5 543.3 535.5 535.4 536.5 539.5 539.3 546.8 562 571.8 581.7 591.8 598.4 600 598.7 602 610.3 620.1 631.3 642.2 655.5 671.9 686.7 700.7 719 736 749.9 767.6 784 800.2 815.5 829.8 840 850.8
291.2 267.2 256.8 260.7 273.4 285.5 305.7 329.5 350.7 369.5 392.1 416.3 453.6 486.9 514.2 559 600.7 639.2 669.2 704.7 726.5 764.2 797.6 836.8 866.5 889.5 913.2 930.5 947.8 963.5 954.8 919.6 896.8 880.2 851.4 803.2 755.9 728.6 682.8 655.8 634.5 616.2 576.9 563.4 546.8 539.2 536.9 536.2 537.9 540.2 543.9 550.8 564.4 575.9 583.6 592 600.1 600.8 603.5 605.7 612.5 622.2 634.2 646.7 661.4 680.2 698.1 713.9 731.8 749.1 764.2 783.8 798.8 813.1 827.9 841.7 853.5 861.2
294.1 269.7 259.3 258.9 266.6 283.3 303.1 327.1 342.7 361.2 383.6 409 443.9 483.9 512.7 560.8 601.3 636.9 660.9 688.6 717.5 755.2 791.2 828.7 857 880 905 917.6 950.8 967.8 968.1 932.5 896.3 867.9 838.6 798.8 750.6 714.5 689 669.3 633.9 611.2 582.6 573.7 564.5 547.4 537.4 537.7 538.4 539.2 547.4 551.3 562.3 575 585.4 591.3 596.7 601.2 604.8 609.4 614.8 624.4 637.1 652.1 668.8 687.6 706.8 723.3 741.9 759.4 775.9 794.5 809.2 823.4 841.4 853.5 863.4 872.4
289.6 269 260.1 261.3 269.8 286.5 305.2 323.4 335.3 355.9 385.4 406.3 442.7 478.1 511.4 561 598.7 625.6 652 677.3 706.7 746.6 782.5 817.5 845.3 871.1 882.2 905.8 947.6 968.8 994.8 954 918.1 858.1 825.6 798.7 760.9 725.8 690.6 671 637.7 615.3 594.3 584.4 575.8 557.8 545.1 540.5 541.4 540.7 547.1 553.8 563.7 576.8 584.8 593.9 600.1 606.7 610.3 614.9 620.3 627 639.7 656.1 675.3 694.4 712.9 728.8 746.5 767.5 785.2 801.9 818.3 834.7 849.8 860.9 874.8 885.3
