app/static/ascii/NH13.asc
ncols 200
nrows 200
xllcorner 210000
yllcorner 830000
cellsize 50
[rows 34 to 67 of 200, columns 77 to 153 of 200]
418.2 414.9 415.8 409.8 404.6 402 397.7 393.6 394.4 392.6 391.8 396.2 400.6 404.8 410.8 414.1 416.5 422 428.5 438.1 446.5 459.3 473.1 484.9 496.1 507.6 519.9 530.3 533.7 527.1 521.4 517.7 511.4 506.7 502.6 500.2 489.3 480.6 474.9 471.3 451.3 438.2 428.7 421.2 413 413.6 414.9 412.5 410.3 404.7 400.1 399.1 389.3 379.9 370 360.8 354.4 335.4 317.2 309.7 297.7 287 278.8 275.3 271.6 284.1 287.4 292.8 298.2 302.6 301.1 299.1 308.4 308.2 304 306.2 305.2
428.1 427 424.1 418.3 418.1 413.1 405.3 401.2 396.4 393.4 394 398.4 400.6 405.4 409 410.7 415.3 419.7 429.9 440 447.4 457.1 469 481.8 493 501.4 512 523.9 529.8 523.1 523.3 518.8 514 515.4 514.9 508.7 503 495.8 487 474 458.1 450.4 442.1 434.7 430.9 430.3 428.6 427.3 427.1 423.8 422.9 421.1 414.9 401.3 388.7 381.4 368.3 355.8 337.4 308.3 294.6 285.3 275 266 263.1 266.2 271.4 278.9 281.2 281.4 281.3 286.4 287.9 289.3 290 291.2 285.6
441.9 439.2 437.2 430.1 430.3 424.1 416.9 408.9 400.3 394.4 397.2 399.8 402.3 407.6 411 412.4 413.6 422.3 431.9 438.8 447.4 455.5 465.5 477.3 487.6 496.1 504.9 514.6 518.1 523 528.8 525 526.7 525.9 522.9 518.5 513.9 504.3 490.3 477.7 465.6 458.6 452.6 451.6 446.8 446.1 444.1 443.7 443.8 443.1 443.5 441.7 434.3 424.3 409.5 397.7 384.7 370.4 348 322.7 294.9 280.3 269.5 261 256.9 255.2 262.1 264.9 264.7 264.7 265.9 273.4 277.1 281.3 285 284.8 279.7
457.2 455.5 447.3 443.4 437.4 430.9 425.4 412.6 405 401.3 399.2 401.3 404.2 406.4 409.4 411.2 416.1 424.8 432.5 439.1 447.4 456.2 464.5 475.3 484.4 494.5 503.6 510.5 518 523.6 528.7 532 533.8 532.5 529.9 528 521.6 514.4 508 500.6 489.4 476.9 470.7 465.1 459.6 459 460.1 461.2 459.9 461.9 460.5 457.3 449.5 436.5 424.6 409.2 388.3 367.8 347 326.4 299.1 277.8 265.4 257.4 250.2 248.2 249.7 250.7 251.5 255.4 256.3 261.7 266.9 273 278.1 273 265.8
469.5 465.4 454.6 446.7 440.9 437.8 430.5 418.3 410 405.3 404.7 402.8 405.2 409.9 410.8 416.4 423.7 427 435 444.2 450.4 457.6 466.1 476 485.3 494.4 503.6 512.1 520.2 524.4 530.2 535.7 538.1 539.5 539.7 544.4 543 544.4 536 524.3 507.8 491.7 485.4 474.9 471.7 473.3 476.5 481.4 478.1 479.4 475 470.2 457.9 451.1 426.3 396.6 378.4 358.8 345.2 326.6 307.5 283.1 265.9 252.4 246 244.8 243.7 245.1 246.4 248 249.2 250.6 256.4 261.3 260.8 255.5 256.5
480.4 475.6 469.6 460.2 448 437.5 431.5 422.8 413.2 409.3 405.2 405.3 407.1 407.9 414 422.4 426.5 430.3 436.4 444.2 451.3 459.1 467.9 476.7 486.4 496 504.7 512.5 520 525.7 532.8 538.7 542.4 544 550.5 553.4 556.5 555.2 546.8 530.9 517.4 507.8 499.1 489.2 488.4 488.7 491.5 493.4 494.5 492 481.2 462.7 455.3 438.8 421.7 395 378.5 361.1 347.9 331.4 309.6 287 265.6 254.4 245.8 242.5 242.2 242.1 242.6 242.3 241.9 240.2 241 245.9 247.4 245.7 244.9
494.8 484.7 475.1 459.6 446.8 436.7 426.4 419.5 412.7 407.7 406.3 406.2 411.1 412.9 416.9 421.8 426.7 431.9 437.9 446.8 452.5 459.1 468.3 477.6 488.1 496.8 504.7 512.3 520 527.4 534.3 541.2 546.1 554.4 562.4 567.2 564.2 560.9 553.7 539.9 530.7 522.2 512.8 509 503.6 504.8 508.2 513.5 509.6 493.1 469 454.2 444.2 429.8 408.4 388.7 375.3 362.2 343.4 326.6 309.9 293.7 275.1 257.9 247.4 242.1 240.8 242.4 241.2 239.5 237.2 232 231.9 238.4 239.2 238.3 239
506.3 495.9 482.1 467.4 454.9 444.5 433.2 427.1 419.7 417.7 413.5 410.8 414.3 419.9 421.9 425.8 430.4 433.2 438.7 443 450.8 458.1 469.4 479 489.3 497.2 505.2 512.7 520.3 527.8 535.5 546.3 556.7 567.7 571.4 573.7 571.7 571.7 564.1 549 541.2 532 525 519.8 518.8 525.9 526.7 512.8 498.3 481.8 466 449.3 420.8 411.5 397.9 381.4 367 356 337.1 318.4 299.3 283.7 268.2 256.4 246.7 242.7 241.3 240.4 239.3 238.1 233.8 231.2 232.4 232.2 231.7 232.5 229.2
519.9 510.2 499.1 483.8 463.7 460 447.2 441.8 433 424.7 418.3 414.2 414.8 417 422.2 427.3 430.9 435.5 440.1 443.9 451 459.8 469.3 479.9 488.2 495.9 504.8 512.7 520.1 528.8 539.4 550.7 563.9 571.6 578.2 584.1 582.9 581.9 566.8 557.5 547.1 539.9 534.2 534.3 535.4 529.4 517.8 507 493.7 479.1 457.7 425.4 404.6 392.3 383.3 363.9 353.9 337.7 319 306.5 289.7 275.3 263.8 253.9 246.8 240.6 240.4 241.2 237.9 232 231.7 231.3 228.8 229.9 227.9 221.4 220
535.3 528.4 512.9 501.4 476.3 464.8 459.5 447.7 436.9 429.3 420.7 416.8 419.2 422.1 427.6 431.4 434.6 438.4 443.8 448.3 453 462.5 473 478.9 486.6 495.2 504.1 512.3 520.4 529.7 542.6 554.7 566.8 575.9 586.7 593.7 594.4 584 571.8 562.4 553.4 548.9 540.2 542.2 534.7 524.6 513.9 500.5 487.6 468.4 440.4 410 395.8 378.8 364.5 349.3 335.4 322.3 309.3 294.8 280.7 268.3 257.3 250.5 254.1 246.8 242.5 239.4 237.1 235.6 234.4 236 234.7 222.7 224.6 223.7 222.5
541.2 529.2 513.1 500 482.2 476.3 462.6 448.9 439.8 430.9 422.4 420 421.9 424.4 428.6 432.1 436 439.4 446.1 450.7 454.8 464.6 473.2 481 487.9 496.7 504 510.1 518.6 530.5 543.9 557.4 572.1 582.8 593.3 597.1 593.5 581 569.7 569.1 563.5 553 541.7 532.2 520.8 510.1 499.6 487.5 470.6 448.7 422.5 394 377.9 362.4 347.3 331.3 320.2 309 296.5 285.5 275.6 271.8 269.8 266.9 263 255.1 251.2 245.1 240.3 236.3 236.6 237.1 231.8 227.9 228.1 225.1 225
539.9 524.4 508.5 504.1 489.8 479.9 471.6 455.3 442.5 432.2 424 421.9 422.5 425.3 430.4 433 436.4 441.6 447.5 453.3 458.6 465.9 472.9 480.5 488.4 495.6 503.5 508.9 517.7 529.8 542.5 558.5 572.5 585.6 590.5 583.2 574.7 563.9 555.7 551.4 545.4 534.9 527.2 517.3 504.6 493.6 480 467.6 448.8 428.2 398.5 376.4 361.2 349.9 332.8 320.6 312.2 301.6 287.8 276.8 281.7 281.9 281.4 279.6 276.3 268.4 260.5 253.3 243.8 238.4 238.8 235.1 231.9 230.7 228.6 227.9 233.1
532.2 518.2 506.1 494.2 482.2 475.2 468.6 453.2 443.5 434.6 428 423.6 422.3 423.8 428.4 432.6 437.6 441.8 446.3 449.7 454.5 463.3 473 480.3 485.7 494.1 502.3 505.9 518.1 532.8 545.1 560.8 574.6 574.7 566.4 553.6 547.9 542.3 534 529.3 524.7 512.9 503.8 493 483.5 471.4 463.2 454.4 430.5 401.8 375.9 362.8 348.5 334.5 321.3 313.2 304.2 291.7 291.4 293.9 293.6 297.2 297.8 292.8 283.8 279.1 271.8 258.3 251.9 248.5 240.9 238.3 234.6 234.1 232.4 235.9 241.1
520.7 513 507.4 492.6 470 463.2 456.9 448.3 442.2 436.5 429.8 423.2 420.2 420.9 425.8 434.7 435.6 439 442.6 446.8 453.9 462.5 469.7 477.2 484.5 492.6 498.7 502.4 515.9 531.6 546.1 559.2 559.5 549.9 540.3 531.1 528.1 523.9 519.1 511.2 499.2 487 477.8 467.3 459.7 451.3 439.9 422.4 402.1 381.8 365 352.5 340.7 327.4 318 308 303.4 307.4 306.5 307.1 308.5 314.6 305.8 299.4 297.9 294.9 283.6 273.8 263.7 255 245.9 242.4 242 242.7 243.6 245.1 243.4
505.5 501.1 490.6 478 466.6 453.9 447.3 442.4 439.9 433.5 428.3 421.7 418.5 419.2 423.1 429.4 433 437 442.9 448.2 454.2 458.5 465.7 473.6 481 488.9 492.4 499 514.3 529.4 542.3 545.8 538.7 528.3 519.3 516 507 498.7 491.2 483.3 472.2 459.3 452.7 444.3 440 429 409.2 396.9 380.1 363.3 352.5 344.6 330.7 320.5 311.7 311.3 316.3 319.4 317.2 319 319.3 317.9 310.2 311 307.4 296.7 281.6 271.7 257.7 253.8 254.8 259.6 257.3 254.6 255.3 253.6 251.9
494.2 487 479.4 470.5 461.4 452.4 443 434.5 430.5 428 423.3 420.7 415.8 414.9 418.6 428.3 430.3 439 441.7 444.2 451.4 457 461.2 469.4 475.9 481.8 487.6 498.7 513.4 524.4 527.3 523.6 516.7 509.1 504.5 496.1 484.8 475.4 466 453.4 444.3 434.4 424.6 418.3 410.1 400.4 381.6 373.1 361.7 351.2 342.5 331.2 321.4 314.4 318.2 323.8 328.9 330.3 328 329.3 329.4 328.1 324.7 318.6 304.4 289.7 274 266.3 265.1 270.1 271.8 275.3 269.7 268.5 267.1 267.7 273.7
487.7 476.7 470.9 461.2 455.3 448.5 440.4 431.4 426.5 423.6 420.5 417.4 415 411.7 412 416.7 429.2 429.9 437.1 441.6 445.2 449.9 454.4 463.2 469.6 476.8 481.4 489.3 499.7 507 507.4 502.6 497.6 496.6 489.6 478.4 468.8 458.9 446.5 432.6 421.5 409.5 396.4 391 383.9 369.3 359.7 350.1 345.2 339.1 328.8 320.6 316.4 322.7 330.7 335.2 338.5 336.9 340.6 341.5 336.3 333.5 326.2 315.3 290.9 288.5 290.5 289.2 287.6 285.5 283.3 285.5 283.4 289.4 292.3 295.9 301.4
488.5 480.1 467.7 457.4 452.2 444.2 437.2 429.6 423.9 421.9 416.2 412 412.7 412.2 407.6 408.6 418.7 423.3 430.2 432.5 437 442 449.2 453.6 457.7 463 469.2 475.8 484.1 487.4 485.9 482 479.9 476 466.5 457.4 447.1 434.9 424.4 412.3 400.6 386.9 374.3 366.9 358.3 350.5 341.2 334.8 331 325.3 319.7 324.3 328.6 337.8 344.2 349.2 351.2 351.5 351.4 347.9 343.4 333 322.5 310.7 310.8 309.3 304.8 302.2 302 303.4 304 312.5 315.8 318.3 319.7 321.1 328
492.8 483.7 473.8 461.6 454.6 443.9 437 428.3 422.8 418.3 417.2 412.3 409.6 408 406.8 406.8 407.5 413.8 419.5 424.1 428.2 431.4 439.2 440.3 443.2 447.2 453.4 462.7 466.3 467.3 465 461.3 457.8 447 439.2 432.6 423.1 413.3 404.1 390 375.7 366.4 356.7 349.2 340.7 335.3 332.2 328.7 327.4 324.1 327 337.4 346.7 351.9 358 362.7 366.6 365.6 360.2 349.3 346.5 333.3 332.2 327.9 328.9 323.2 317.4 326 332.8 336.5 338.3 344.2 348.1 346.9 350.2 352.1 352.5
493.4 484 478.6 469.1 460 450.1 440.3 430.4 423.1 418.6 415.5 412.8 411.9 408.1 406.2 405.5 404.6 408 408.1 408.1 412.5 418.5 423.5 423.7 429.4 432.6 438.2 442.2 443.7 440.8 437.9 436.4 430.7 419.2 410.3 404.4 396.8 389.8 374.6 365.1 358.8 354.1 346.2 339 335.8 332 328.1 331.6 331 334.8 343.2 353.7 360.2 366.8 372.2 376.9 372.4 367.2 364.7 362.2 352.5 354.3 347.4 341.9 346.5 357.3 361 363.3 365.9 366.3 365.1 371.6 377.3 378.1 379.9 381.2 383.5
496.5 489 488.3 484 472.9 459 444.3 433.7 425.9 417.2 414.6 411.6 409.9 407.4 405.4 404.4 402.2 401.4 399.2 396 396.5 400.3 405.8 410.8 412.4 416.4 416.9 417.1 414.9 416.6 411.1 406.7 399.8 392.7 385 378.9 372.6 364.3 359.3 350.9 344.6 343.9 337.1 331.9 331.2 331.6 333.5 336.3 339.1 349.8 358 366.4 376.1 379.8 383.8 376.5 377.7 376.6 375.1 371.3 366.9 363.7 365 373.3 381.2 390 394 397.2 398.6 399.4 396.9 404.3 410.1 417.4 423.4 426.3 425.1
499.2 493.9 492 487.5 474.4 460.9 446.1 436.8 426.2 416.3 412.3 411.2 409.5 412.4 408.3 405.1 400.1 396.7 391.5 387.4 386.2 389.2 388.6 391.6 391.2 391.8 392.1 394.2 394.5 393.2 390.6 386 387.1 371.5 369.6 361.4 357.7 353.7 349.9 344.1 342 338.9 336.5 336.7 335.2 336.8 340.9 345.3 352.3 366.3 374.3 383.6 385.4 384.3 387.6 390 389.5 385.6 385.4 386.3 391.4 394 393.4 400.2 412.4 419.3 424.9 426.2 429.6 431.9 430.6 435 443.5 451 454.8 456.5 457.7
503.8 497.3 489.6 483.1 474.2 457.7 446.2 436.8 428.4 419 413.7 413.2 414.7 419.8 411.5 406.8 399.4 393.9 386.8 382.5 382.1 379.9 377.9 377.6 377.9 376.8 376.5 371.8 373.7 374.8 372.4 369 366.2 362.2 357 353.5 354.9 348 344.9 342.4 340.3 339.2 339.1 339.3 339.9 343.3 351.7 359.6 372.5 379.8 388.5 391.8 394.1 397.1 399.5 400.7 402.2 407 408.6 409.9 411.7 414.2 411.7 427.3 435.1 441.8 451.7 454.9 457.9 458.2 456.8 464.9 467.9 474.9 482.6 486.1 487.4
503.4 494.8 488.4 480.3 470.5 456.2 447.3 437 428.2 423 420.4 417 419.5 418.2 412.3 408.6 401.1 390.5 384 379.9 375.4 374.1 371.4 370.5 370.9 371.3 370 364.8 363.9 364.1 362.3 360.1 356.4 354.5 352.7 348.8 347.8 345.9 345.5 343.9 343.2 337.2 344.5 346 348.1 356.5 364.6 377.4 383.9 390.6 397.3 401.4 406.1 410.5 416.7 424.9 425 425 426.6 431.2 433.5 437 439.7 447.6 457.3 466.5 471.7 477.3 480.2 486.1 489.2 493.1 498 506.1 513.9 517.4 512.7
502.9 496 489.4 480.6 470.3 456.5 449.7 441.6 433.4 428.6 426.4 424.2 421.7 416.7 413.9 405.8 396.9 388.6 382.7 379.9 376.1 375.3 375.1 373.8 367.3 365.5 362.6 360.8 359.2 357.2 355.6 353.6 352 351 349 347.8 344.9 345 347 344.9 342.6 348.7 353.6 354.5 360.2 374.4 380.8 388 392.6 400.6 408.3 414.4 424.3 434.7 440 441.9 444.5 447.4 450.3 454.2 455.5 461 464.2 467.3 481.4 491.8 496.6 502.5 510.3 511.7 510.6 512.8 522.5 532.1 535.7 533.9 531
508.2 495.9 487.2 475.9 468.9 461.6 451.1 444.8 439.3 435.8 431.3 426.3 420.5 416.9 411.3 405.7 396.7 392.3 387.1 381.5 378.7 380.2 379.5 376.1 370.9 366.2 363.4 359.9 357 355.5 353.8 352 351 348.8 348 346.3 347.3 346.5 345.2 343.3 350.3 354.8 359.5 364.4 373.5 381.3 390.1 398.3 406.7 414.8 426.9 435.9 445.7 449.8 456.5 461.1 465.9 470.2 473.8 476.1 477.3 481.8 487.1 493.8 505.7 518 524.9 527.6 529.5 528.8 526.6 534.9 547.2 553.6 553.1 549.2 541.8
526.1 507 487.8 476.7 466.8 459 451.9 448.2 442.4 442.5 438.4 433.6 426.2 419.2 415.6 406.2 400.6 396.5 396.5 389.6 382.4 383.1 381.9 379.1 371.5 368.7 366.5 363.5 361.2 356.5 352.1 353.6 353.5 352 349.7 350.2 349.5 351.4 352.3 352.6 357.8 363.4 369.7 378.6 388.1 396.1 405 416 426.3 437.9 445.5 456 463.6 473.7 482.4 486.3 490.1 495.5 500.8 502.6 504 507.2 512.4 519.8 527.2 534.3 539 541.5 545.3 547.2 547.9 550.3 557.7 564.3 561.5 556.7 549.7
535.6 524.7 502.6 487.7 472.1 464.3 456.3 449.3 446.7 444.8 437.3 434.4 430.3 433 424.6 416.5 409.4 402.7 396.4 391.7 387.4 386.6 385.4 379.5 376.3 372.8 370.3 370.8 368.4 366 366.9 364.6 360.3 358.6 355.8 354.6 354.1 360.5 360.2 361.9 367.3 375.1 385.1 393.9 405.8 414.1 425.9 435.4 444.9 456.2 466.7 476.9 488.8 499.9 506.6 513.9 517.9 526 528.3 530.7 532.5 534.1 536.3 538.3 541.5 544.4 550.3 556.9 564.7 566.8 566.2 569.6 574.9 577.4 577.2 571.3 569.3
539 531.6 512.9 498.2 485.4 475.3 468 459.7 453.5 454 453.4 448.3 445 436.2 426.3 418.8 411.4 402.9 405 399.6 393.8 391.2 389.1 386.7 381.6 379.8 380.2 378.9 375.2 372.5 369 368.4 367.8 366.4 362.7 362.5 364.1 365.8 368.1 372.3 381.5 393.5 402.4 413 428.4 437.4 445.1 457.1 467 477.3 488.4 502.3 513.7 524.6 533.6 543.1 547.7 551.3 553.4 553.7 552.9 553 552.5 551.1 552.5 559 566.4 571.4 578.3 581.2 582 586.9 593 597.6 601 600.6 599.4
541.5 529.9 521.4 509.2 494.8 483.1 481.8 472.9 463.8 461.4 465.6 460.1 449.4 433.9 425.8 412.8 412.9 412.1 409.7 408.7 407.1 403 398 393.9 389.5 388.2 388.4 385.3 378.6 374.2 372.7 371.6 369.6 367.6 366.4 364.9 370.4 372.8 377.5 387.6 400.4 411.7 422.8 435.4 445.9 456.2 467.7 480 490.3 503.3 511.4 527.7 541 553.6 561.9 565.5 569.4 570.6 571.8 569.3 567.6 566.2 566 566.4 569.2 574.9 582.9 591.4 595.9 600.8 601.5 607.4 610.7 615.1 612.6 608.7 605.4
534.8 524.1 518.4 505.4 494.3 488.7 482.5 476.6 470.4 460.2 458.3 453.6 439.4 431.4 430.1 423.4 426.6 425.2 425.9 424.4 422.7 414 406.4 402.1 398.9 395.8 395.2 389.3 385.9 381.9 377.7 375.3 374.6 368.7 369.9 375.4 378.5 386.3 391 407.3 422.4 436.3 446.2 456.5 468.7 478.3 491.1 502 513.6 524.9 537.9 552.9 563.9 572.3 582.2 585.6 587.7 587 584.6 584 583.1 584.7 586 588.6 591.9 593.4 600.8 606.8 614.9 617.6 623.5 627.1 628.4 627.9 628 622.3 609.9
529.3 526 517.3 506.4 495 485.9 475.7 472.6 469.8 461.5 447.8 437.8 442.6 440.7 436.7 431.6 437.6 434.6 432 431.1 426.4 419.3 416.3 412.2 409.1 405.7 403 400.5 396.6 390.6 385.1 379.8 376.7 376.9 382 384.9 391.9 403.2 418.5 431.9 445.5 456.5 469.1 480.8 491.1 504.1 512.4 524.6 536.2 550.6 562.7 573.5 583.3 593.2 599.8 601.9 604.8 605.2 603.6 602.1 602.6 604.5 605.3 605.4 609 612.2 621.1 627.4 632.3 636 639 641.7 644.3 644.8 644 639.5 628.7
523 509.1 506.2 498.1 483 476.2 466.8 457.7 453.9 452.7 454.4 454 454.8 449.6 445.4 443.3 447.4 443.6 442.7 439.5 435.1 429.5 424.9 421.5 418.4 416.3 412.2 408.7 404.7 400.3 397.3 392.3 387.3 394.6 402.8 409 417.9 426.5 438.2 453.8 467 480.4 493.9 504.4 515.9 525 531.1 544 560.3 574.5 584.8 593.7 603.2 612.5 623.6 625.7 628.7 632.4 631.6 626 622.5 621.2 622.4 623.8 626.2 628.6 631.8 639 643.5 649.2 651.8 655.9 657.2 658.4 658.6 656.9 644.8
507.7 496.8 489.3 477.5 470.2 468.9 471.8 477.1 470.7 471.1 467.4 467.8 465.5 461.4 451.9 456.4 460.9 459.6 460.5 458.1 453.4 445 442.7 436.7 432.5 428.4 427.3 425.9 424.4 425.6 418.6 403.2 409.5 417.2 423.5 433.4 442.6 449.7 465.6 476.9 491.8 502.7 511.9 522.1 530.9 540.3 547.7 563.4 581.4 593.3 605.1 615.7 629.5 636.9 643.3 648.6 652.9 652.4 645.8 640.7 639 638.8 638.5 639.9 641.1 644.8 648.2 654.9 662.4 668.8 672.4 676.3 678.7 679 677.5 670.2 647
