app/static/ascii/NH15.asc
ncols 200
nrows 200
xllcorner 210000
yllcorner 850000
cellsize 50
[rows 35 to 69 of 200, columns 78 to 155 of 200]
152.4 152.4 152.4 152.4 152.4 152.4 152.4 152.4 152.4 152.4 152.4 152.4 152.4 152.4 158.9 158.3 160 160.2 160 162.2 164.2 163.8 167.8 180.8 183 182.4 181.5 161.3 160.1 158.5 157.4 173.9 178.5 176.9 169.7 160.7 160.9 159.1 157.4 155.7 154.8 155.6 151.1 151.7 150.3 154.3 155.3 154.7 154.3 153.4 152.3 151.1 150.3 150.2 150.2 149.7 144.9 143.5 141.9 140.8 140.7 140.2 145.4 152.2 159.5 165.5 168.9 175.3 180.2 184.6 190.3 193.5 197.4 189.5 195.1 192 187 188.2
152.4 152.4 152.4 152.4 152.4 152.4 152.4 152.4 152.4 152.4 152.4 152.4 155.3 158.9 159 159.8 162.3 161.2 160.8 162.4 163.6 163.7 170.4 183.9 183.3 181.3 182.2 161.7 160.7 158.6 165.4 179.1 178.6 177.7 175.1 171.2 164.3 167.5 158.6 157.7 156.7 156.4 152.9 152.7 153.1 154.6 155 154.7 154.4 153.7 152.9 151.9 151.3 151.3 150 149 145.7 144.8 143.5 147.7 150.6 160.4 157.5 163.6 170.2 177.4 181.1 185.5 190 196.1 199.6 202.9 205.3 200.5 201 199.2 196.9 200
152.4 152.4 152.4 152.4 152.4 152.4 152.4 152.4 152.4 152.4 155.3 156.6 159.7 160.3 160.1 160.7 162.9 163.5 161.5 162.1 163.2 164 175.7 185.2 182.8 181.6 183.1 181.4 168.5 169.3 181 179.9 179.2 177.9 172.4 171.8 171.3 171.4 159.6 158.8 157.3 156.4 153.4 152.4 155.5 155.4 155 154.7 154.4 153.6 152.9 152.4 152.2 151.1 148.4 150 149.8 150.1 154.7 157.5 165.6 172.4 169.4 173.5 180.9 188.1 190.6 193.6 199.8 204.6 209.2 211.9 211.8 209.9 211.1 206.9 207.8 203
152.4 152.4 152.4 152.4 152.4 152.4 152.4 152.4 154.3 157.3 160.8 161.5 161.7 161.7 161.7 162.3 162.5 163.2 164.5 165.2 166.9 173 185.8 179.7 182.7 182.3 183.5 181.9 181.7 180.8 181.1 180.1 178.7 175.5 174.8 175.6 173 171.6 161.2 160.1 157.1 156.6 150.2 156 155.3 156.3 155.4 154.8 154.4 153.6 152.7 152 151.5 151.1 151.1 153.3 156 158.6 161.7 167.3 177.1 182.4 179.2 182.5 190.6 198.7 199.3 202.3 208.6 213.1 218.8 220.6 218.7 218 215.5 214 214.7 206.9
152.4 152.4 152.4 152.4 158.4 159.2 160.8 167.3 166.4 168.2 167.3 167.5 166.1 164.5 165.1 164.6 163.7 165.1 166.1 166.8 170.3 169.8 180.1 178.2 183.4 184.4 183.8 182.8 182.3 181.2 180.5 179.4 176.9 177.5 177.5 174.5 173.7 168.8 164.7 160.4 157.5 154.7 154.3 155.9 156 156.7 156.1 155.3 155 154.9 154.4 153 152 152.2 155.3 159.3 162.6 166.4 172.2 178.8 185 190.1 191.3 193.6 196.2 201.1 205.5 210.4 218.4 219.4 223.6 225.1 221.7 220.6 221.5 221.6 219.2 211.1
158.6 158.3 161.7 164 168.4 171 173.7 175.8 175 173.4 174 174.2 170.5 169.9 170.3 169.2 168.9 169.7 170.4 172.1 175.2 173.8 181.3 185.2 185.2 184.9 184.5 183.9 182.8 181.1 180 179.7 183.8 183 177.5 175.5 174.3 172.7 166 161.3 158.3 152.2 156.1 156.9 157.5 159 160.4 155.3 156 156.5 156.4 156.3 155.2 156.2 162.5 166.3 173 175.3 179.7 186.1 192.2 194.7 201.7 204.2 203.6 207.6 213.3 219.3 226.9 227.8 228.7 230.7 226.8 223.6 223.7 223.8 222.7 212.7
173.8 175.3 179.4 178.8 180.2 183.4 188.6 189.9 192.5 193.7 192 192.1 191.2 191.7 185.1 187.3 193.7 183.3 181.9 182.2 183.4 182.6 187.4 187.6 187.2 186.5 185.2 184.8 183.3 181.6 181 186.6 188.1 185.6 179.5 177 176.4 174.2 167.8 160.3 154.9 157.5 157.6 158 172.6 173.6 176.2 174.6 172 158.6 165.1 167.5 170.6 170.5 172.2 177.1 182.6 182.9 186.3 194.3 198.1 202.8 207.9 211.4 210.4 215 220.4 226.2 230.8 234.3 235 240.2 235.4 225.8 224.1 219.4 217 212.6
191.3 192.8 196.2 196.4 194 197.3 200.9 207.5 208.7 210.2 213.6 217.2 224.4 214.3 206.1 210.8 208.3 206.1 193.5 190.1 199 193.9 201.6 200.4 191.7 195.6 198.6 185.6 185.4 183 183.9 188.8 189.5 185.3 179.6 178.1 177.3 171.6 168.6 159.8 152.4 158.5 158.3 165.9 174.5 176.7 176.7 175.5 175.5 164.1 161.8 173 172.3 175.8 180.2 184.5 190.6 191.9 194.7 199.8 204.9 210.7 214.4 215.9 217.3 221 226.1 229.2 234 237.4 238.8 240.7 237.2 228.3 223.6 218.1 217.5 212
211.1 212.2 209.6 210.2 210.8 210.7 214.4 217.2 223.8 230.9 237.6 238.7 242.1 229.1 227.5 233.3 222.3 218.4 209.9 205.4 202.6 203.3 206.6 203.9 207.1 211.2 211.2 201.5 199.2 192.4 194.3 200.2 193 190.6 184.6 179.8 176.9 172.5 167.2 160.1 151 159.2 158.9 168.6 175.7 178.1 177.2 177.2 176.9 169 163.5 177 176.6 178.4 187.8 191 196.5 200.3 201.9 207 212.7 216.7 219.4 221 226 228.2 231.8 232.8 235.2 237.1 238.9 238.8 235.6 225.9 220.2 215.4 213.9 210
235 234.2 238.9 234.3 241.6 233.8 233.7 246.8 248.2 252.3 252.1 252.6 253.5 247.7 247.5 249.7 238.2 236.2 231.4 221.7 216.9 212.6 210.3 216.4 221.3 229.3 230.8 219.3 212.1 215.4 208.6 205.4 202.1 199 193.3 185.4 179.8 174.6 170.7 161.4 157.3 159.5 159.8 169.7 177.2 179.2 178.6 178.2 177.7 172.9 168.7 177.7 180.6 185 192 196.9 203 205.9 209 214 219.5 221.9 223.7 227.7 231.6 232.9 235.1 237.1 236.3 236.2 237.2 234.7 230.8 223.7 220.4 218 214.4 206.8
262.2 268.4 263 262.3 260.7 261.4 261.7 267 266.2 269.9 267.4 266.4 268.3 266.8 265 257.2 258.1 261.3 250.1 236 228.1 225.9 228.8 236.8 235.1 242.3 244.7 228.6 228.3 225.5 219.5 217.7 211.9 203.7 196.3 189.5 184.2 179.1 173.4 162 158.1 160.4 160.7 177.9 179.6 180.5 180 179.1 170.7 175.6 173 179.6 184.3 190.3 196.2 202.7 206.9 210.2 217 219.4 226.8 227.8 228.9 232.2 234.4 235.7 237.3 238.1 237.6 236 236.2 233.2 227.3 221.7 221.6 220.2 215 211.2
306 293.1 302.5 292.2 285.6 290.7 288.7 293.8 292.2 295.8 292.4 290.6 287.5 286.6 282 282.8 279.5 277 263.2 253.7 248.1 244.9 249.6 252.3 246.3 249.5 246.5 245.2 241.5 232.3 229.5 225.8 216.2 211.8 203.2 200.1 188.5 181.4 173.5 161 155.9 161 164.3 180.2 181.1 181.3 180.6 179 178.5 179.1 178.3 184.1 189.4 193.8 204.2 208.6 211.2 215.2 220.7 226.4 230.9 231.2 232.7 234.8 236.7 238.3 239.4 239.3 239.1 236.2 232.8 230.4 223.2 222.5 222.2 218.2 219.6 212.9
331.8 325.3 322 323.8 319.7 318.9 321.4 317.5 315.3 315.7 314.9 312.5 313.9 306.9 309.6 309.1 304.7 289.4 278 275.7 269.5 267.1 272 262.4 256 256.7 256.8 256.3 251.7 243.9 237.8 228.1 222.5 216.6 210.2 197.9 188.1 180.8 172.7 159.7 159.7 161.7 181.2 181.5 181.9 182 181.2 179.1 179 180.3 180.6 187.1 195.4 202.6 211.9 217.1 220.9 220.2 225 230.5 232.2 233.9 236.6 237.8 239.3 239.8 239.7 239.6 239.5 233.8 227.6 223.8 222 222 219.5 213.6 213 211.4
358 356.4 358.1 355.6 350.4 351.7 348.2 346.1 339.1 337.3 338.8 340 334.8 335.4 331.5 323 316.3 308.9 303.1 303 289.8 290.4 282.3 276.4 269.7 271.5 273.3 266.5 259.9 246.6 237.2 232.2 225.9 217.9 210.5 202.4 192.3 180.5 168.4 158.1 161.8 177.8 183.2 183.1 182.9 182.8 181.6 179.8 180.6 181.6 185.6 191.2 199.5 207.1 215.5 220.4 224.4 227.2 232.6 233 235.7 237.8 238.6 239.1 240.4 240.2 239 237.4 234.8 230.5 224.7 222.2 221.8 222.6 222 217.5 211.7 208.7
391.2 391.1 385.8 380.5 379.2 378 375.2 366.7 361.4 358.2 358.2 358.8 358.7 359.1 351.1 351.4 342.8 333 324.1 320.9 306.9 300.2 292.4 290.3 293.5 284.8 279.7 273.2 264.5 246.7 243.1 237.9 223.2 215.6 207.7 197 188.9 176.4 166 156.1 162.6 184.1 183.8 183.7 183.5 183.4 182 181.4 182 184.2 191.5 197.8 204.5 211.9 215.8 224.1 226.8 231.7 234.5 236.5 240 240.3 240.8 241.4 240.7 239.7 238.2 236.6 233.5 230.3 225 222.5 222.7 222.8 224 223.4 214.7 209.4
416.6 413.2 412.3 404.5 400.7 398.6 391.7 383.8 382.2 379.2 376.3 381.1 382.3 382 375 373.4 367.4 365.4 352.7 336.6 321.7 324.2 319.7 310.1 301.6 291.1 286.8 280 260.7 243.2 239.5 238.3 223.7 215.6 202.7 198.5 187.2 170.5 161.2 161 166.6 184.6 184.5 184.3 184.1 184 182.5 182.7 183.4 189.9 195.3 201.7 208.8 214 218.9 226.2 230.1 236.2 236.9 239.3 241.7 242.9 243.1 243.5 241.8 240 238.9 239.6 235.2 228.7 223 224.3 227.1 228.4 231.3 223.9 219.9 209.5
437.9 436.4 430.9 422.5 420.4 414.3 407.3 402.9 399.2 397.7 396.7 398.5 401.4 401.6 401.5 399.4 396.2 392.5 384.4 377 363.2 345.7 332 318.1 305.9 294.9 286.7 281.9 260.2 239.8 234.8 229.8 216.8 207.5 208.5 199.9 183.9 166.2 157.4 163.7 171.6 184.9 184.8 184.8 184.7 184.6 183.5 184 186.6 194 200.7 208.8 216.4 219.4 222.8 229.1 234.2 238.2 240.7 243.1 244.3 246.3 246.9 245.6 244.3 242.9 242.4 237.7 236.4 235.8 229.4 230 232.8 237.9 232.5 224.2 217.5 211.9
454.3 452 445.6 440.7 435.1 427.5 424 418.7 416.8 414.2 416.3 418 421.3 420.7 421.3 418.2 413.4 406.9 400.2 388.1 371.9 349.6 335.7 316.6 306.3 294 283 274.2 263.5 237.7 222.3 215.7 206.2 201.6 196.5 193.2 175.9 162 163.8 164.7 181.5 184.9 185.1 185.1 185.2 185 184.3 185.1 192.4 197.7 204.9 210 218.4 225.7 226.9 232.8 237.2 241.5 243.9 246.2 248.6 250.1 250.1 249.9 250 247 241.9 237.9 240.5 241.3 233.4 230.7 232.1 231.7 226.4 222.1 217.1 213.4
468.4 466.2 462.9 455.1 448.3 443.6 440.2 435.3 432.5 432.2 432.1 431.4 430.5 431.6 431 429.4 424 414.1 402.9 387.4 366.8 349.6 334.2 316.5 306.3 292.4 277.9 260.3 247.4 230 212.8 206.5 201 196.2 188.7 180.6 165.1 159.7 164.4 165.5 178.5 185.5 185.9 186.5 186.2 185.4 184.6 188.6 196.3 203.6 206.7 214.1 219.4 226.5 229.4 237.7 239.6 244.2 247.1 250.8 252.2 253.5 254 253.4 250.9 247.6 242.8 240.7 238.4 237.1 231.9 232.5 232.6 231.7 228.4 223.8 221.1 217.5
477.8 476.4 472.5 466.6 460.5 457.2 454.7 452.3 446.8 445.7 445 442.7 441.8 439.3 437.3 433.4 423.6 411.1 399.2 384.2 364.6 350 334.6 309.5 299.4 282.9 268.3 252.6 233.4 217.1 208.6 200.5 196.6 189.9 182.2 171.6 157.4 165.2 165.5 165.7 166.7 175.2 186.4 186.8 186.8 185.8 186.1 197.9 200.7 210.6 210 219.1 223.9 228.7 233.5 239.5 241 248 251.9 255.4 256.5 257.6 259.2 257.8 253.4 249.3 246.6 243 242.8 240.4 239.6 237.9 236 236.2 231.4 226.7 224.3 226.9
482.4 480.5 478.5 474.3 471.7 470.9 466.7 463.2 460.1 459.2 456.4 454.5 451.2 446.6 440.1 432 420.2 406.3 390.3 373.2 358.8 336.5 322 304.2 286.6 275.5 257.9 241.8 224.9 211.8 204.7 195.6 190.1 183.5 175.5 164.4 162.2 165.3 165.6 165.5 166.5 174 187.2 187 187.2 186 192.4 199.8 209.3 213.8 215.6 222.7 229.8 233.7 239.5 244.1 247.5 251.2 256.5 260.1 261.6 262.5 261.3 260.1 257.2 255 248.4 250.7 249.4 249.1 244.4 241.7 238.9 234.5 232.4 227.7 229.2 229.8
484 481.8 480 479.5 478.8 477.5 474.9 473.7 470.9 467.2 466.6 464.2 459.2 451.5 444.3 435.7 422.9 397.6 381 363.8 346.3 325.8 312 296.1 286.9 265.9 247.4 229.5 216.3 210.4 200.2 189.1 180.8 173.8 165.2 163 161.8 165.4 165.8 165.3 165.9 173.1 176 186 189 187.7 198.1 203.9 211.2 219 225.1 228.8 237.8 240.1 245.8 248.9 253.3 257.7 260.7 264.1 266.5 267.9 266.7 265.3 259.7 254.8 255.7 260.7 257.9 251.7 245 241.6 236.9 232.4 230 231.9 234.7 232.4
480.7 480.9 480.4 480.7 480.8 480.5 478 476.7 474.8 474.6 473.3 471 467.1 457.8 448.1 436.4 415 390.1 375.3 359.7 340.2 317 307.2 291.5 274.5 253.8 235.8 219.9 214.2 203.9 193.1 180.8 171.1 166.3 164 160.5 161.4 164.2 164.3 164.8 168.1 170.9 175.2 180 189.5 189.6 195.8 209.6 213.7 220.1 229.2 229.6 237.7 246.2 250.7 253.5 258.4 263.3 265.5 268.3 270.2 272.1 272 263.3 261.2 260.7 269.3 263.7 257.2 248.6 242.8 239.3 237.8 235.2 235.4 241.2 240.7 242.3
475.9 477.3 478 478.5 479 478.5 479.5 478.6 476.2 476.7 476.6 473.8 468.1 459.1 445.8 426 401.2 378.9 364.7 351.5 333.1 308.8 288.2 276.9 259.8 245.1 228.2 214.7 205.6 200.9 186.1 174.2 168.3 165.5 162.2 160.9 158.9 161.3 164.1 164.4 170.8 168.7 175.4 182.7 190 194.1 197.8 208.6 217.6 223.4 233 238.9 240.1 250.4 254.6 259.3 264.8 267.2 269.1 272.1 272.4 272 266.7 265.3 267.1 267.2 273.1 261.2 253.1 244.8 245.5 243.7 240.8 239.2 241.1 241.3 244.1 249.6
468.8 471 472.6 474.3 475.3 476 476.5 476.8 476.7 475.9 474.5 471.6 464.5 447.2 427.1 406.1 384.4 368.1 351.8 331.3 315.6 294.3 276.5 262.8 247.5 238.8 222.8 206.4 197.1 189.1 178.2 171.1 167.6 164 163.4 162.2 160.6 160.5 164.4 166.6 167.8 172.1 180.6 187.9 193.5 199.4 204.4 214.7 217.7 226.8 237 244.1 247.7 253.9 260.7 265 269.7 271.9 273.3 274.4 274.2 273.6 271.2 269.5 270.5 273 272.8 260.3 249.3 244.4 246.8 246.4 245.9 246.4 245.4 243.5 249.2 252.6
459.2 462.6 466.4 468.4 468.7 469.2 471.7 472.5 472.3 471.5 469.5 464.9 450.5 432.6 411.2 391.1 369.9 352.7 333.6 317 299.6 282.8 264.8 246.7 238.5 230.9 211.1 197.9 188.9 178.7 172.9 167.2 164.4 163.5 162.7 161.9 158.9 161.4 164.9 166.3 171.3 178.3 183.8 192.3 196.5 204.5 212.4 218.3 224.1 233 240.6 246.8 253.5 259.8 264.4 269 272.1 275.1 277.1 279.3 284.3 277.3 273.1 276.1 268.8 267.3 260.6 256.2 248.9 246 248.6 249.4 251.2 245.5 244.2 246.6 250.8 253
446.4 449.4 452.8 457.5 458.1 459.5 462 463.6 464.2 464.2 461.1 455.3 443.2 421.3 401.2 378.6 364.9 338.7 317.6 305.1 288.7 271.8 255.9 237.4 226.1 215.1 202.5 189.7 179.3 171.8 167.5 166.2 163.3 162.8 162 159.7 161 163.6 165.5 168.8 176.2 182.3 190 195.2 202.1 210.9 218.9 225.1 231.6 238.1 246.2 251.4 257.5 262.4 266.2 271.2 274.9 280.7 284.5 285.3 286 280.5 273.4 271 265.6 261.7 255 252 249.1 250 253.7 250.1 246.9 245.7 246.5 250.6 254.9 255.9
433.1 433.8 436.1 441.7 443.9 447 449.4 451.4 450.7 448.8 445.2 437.7 425.6 402.5 382.7 364.7 347.8 324.1 307 294.2 275.4 256 243.5 230 211.2 203.2 192.4 183.1 173.5 168.2 166.4 162.2 161.7 161.9 161.1 160 164.4 166 166.8 173.1 180.1 188.4 193.6 201.3 209.3 217.3 224.3 230.4 235.6 243.7 252.4 257.2 262.2 267.3 271.3 275.8 280 284.9 287.1 287.8 288.3 279.2 274 269 265.3 260.9 254.5 250.6 249.7 247.9 246.4 245.4 244.7 247.2 253.1 253.4 256.2 259.3
421.5 420.5 422.7 426.9 430.3 432.3 433.9 433.8 431.2 426.9 423.4 415.2 400.1 383.4 365.6 351 337.5 313.4 294.7 278 255.3 242.2 230 214.4 198.2 192.8 183.4 177 171.8 166.1 161.2 160.1 160.1 160.6 159.4 161.8 164.8 167.1 171.2 179.8 184.9 195.1 199.5 205.1 214.7 223 230.3 234.7 240.7 249 256.4 259.8 266 271.2 275.1 279.5 284.1 288.2 287.5 286.5 282.5 276.5 275.9 270.3 266.4 259.2 254 250.8 247 246.4 246.7 246.6 245.3 249.3 255.8 254.3 260.3 260
410.4 410.2 411.1 413.5 414.7 414.1 414.9 412.9 409.5 405.3 400.9 392.2 382.7 367.6 350.9 333.6 318.3 299.9 279.3 260.1 242.3 229.6 215.2 201.3 188.5 182 177.4 173.7 166.9 162.3 160.1 160.1 160.1 159.4 161.6 167.3 166.5 169 176.2 182.9 193.4 198.9 203.8 210.4 220.3 228 236.1 238.9 246.9 254.4 258.7 262.4 269.8 274 279.9 283.2 285.1 286 286.2 281.2 278.5 277.4 276.7 271.3 264.1 259.6 253.4 250.3 246.3 247.1 247.5 247.7 246.4 253 255.6 257.5 258.9 262.2
398.6 401.2 401.2 399.2 397.4 397 394.1 390.7 389.7 385.1 379.8 374.6 364.9 350.3 333.6 315.3 301.8 289.3 264.7 247.5 235.8 223.1 209 198 186.7 179 170.4 167.1 163.1 160.1 160.1 160.1 160.1 160.7 166.8 167 167.7 175.5 180.9 190.6 197.4 203.3 209.3 216.9 224.2 231.8 239 244.4 251.9 256.1 261.9 267.7 271.8 277.3 284 285.7 286.5 285.6 284 281.2 278.8 278.8 274.7 269.3 266.1 259 254.7 248.3 247.8 248.2 248.6 248.6 246.5 249 251.6 258.1 260.2 262.7
389.2 390.7 389.5 386.5 382.9 380.2 374.4 371.5 366.6 365 359.3 353.4 342.1 328.8 314.3 298.3 282.3 267.2 251.7 236.5 225.5 212 199.2 188.6 179.3 173.6 167.2 162.3 160.1 160.1 160.1 160.1 160.1 162.7 167 167.4 170.9 179.5 186.5 193.9 199.3 207.2 214.7 222.3 228.3 237.8 243.3 251.2 256.2 258.3 263.2 269.4 274.6 280.3 283.5 285.7 286.7 286.1 285.8 282.2 279.8 277.3 273.4 268.7 263.9 257 251.3 247.6 248.6 251.3 251.6 249.3 248.5 252.3 252.6 257.7 260.9 266.4
377.2 377.6 376.9 373.5 370 368 360.3 356.2 351.7 347 338.5 330.2 321.6 308.5 295.9 281.2 267.4 251.6 239.8 226.4 208.4 197.1 187.5 176.8 172.1 167.5 165.4 160.1 160.1 160.1 160.1 160.1 160.8 165.5 167.5 171.2 178.6 185.5 193.2 197.9 204.4 210.7 218.8 228.9 237.1 241.2 246.9 254.6 257.7 261.1 266.8 273.7 276.9 280.6 284.7 286.2 286.6 287.6 286.9 286.3 288 281.3 274.2 267.2 261 253.7 250 254.1 258.3 253.8 253 253 254 252.8 254.1 259.2 265.4 269.6
365.2 364.2 362.7 360.2 356.7 354 348.8 341.7 335.6 332.2 321.8 314 306.2 292 278.3 269.2 255.3 241.4 229.5 213.6 196.7 184.7 175.3 171.1 167.4 164.8 160.1 160.1 160.1 160.1 160.1 160.1 161 165.2 169.3 178.6 185.9 191.2 197.5 205.3 212.2 217.4 224.7 232.5 242.8 247.1 249.2 257.5 261.3 267.3 270.8 275.4 279.3 281.6 285.5 286.8 288.2 289.4 289.4 293.1 289.1 280.1 274.7 266.1 257.1 252.6 250.5 257.9 258.1 259.8 259.7 256.1 254.2 256.4 258.8 265.2 269.7 272.5
351.9 349.8 346.1 344.1 341.4 336.7 334.3 326.3 319.8 314.3 307.9 298.3 285.1 274.7 267.4 258.5 246.6 235 220.4 202.8 188.6 178.5 170.7 166.8 164.6 160.7 160.1 160.1 160.1 160.1 160.1 160.1 164.3 169.1 176.7 184.7 190.4 194.9 203 211 217.5 222.7 229.9 235.6 243.6 249.4 254.6 261.2 266.2 271.7 275 277.8 281.3 284.4 287.2 288.2 289.3 289.3 288.6 288.2 284.8 277.5 269.9 263.6 257.7 253.3 257.4 258.6 264.6 263.5 261.2 259.5 261 260.7 262.2 269.4 276.7 281.3
