app/static/ascii/NH16.asc
ncols 200
nrows 200
xllcorner 210000
yllcorner 860000
cellsize 50
[rows 140 to 174 of 200, columns 0 to 77 of 200]
336.5 333 329.9 328.3 323.6 315.3 324.4 323.3 328.9 330.3 330.6 330.9 330.8 337.1 340.1 340.8 341.7 344.9 344.5 344.6 346 348 347.1 346.9 349.2 345.9 340.3 345.8 346.1 339 335.9 334.2 334.5 330.3 327.5 326.8 325.3 323.5 323.6 324.4 321.8 318.6 322.9 323.7 319.4 320.1 314.8 312.9 312.1 307.5 297.2 301.9 311.4 320.4 325.3 333.8 340.2 347.1 353.3 363.4 375.9 384.8 397.2 405.5 415.7 424.3 432.8 443.1 454 464.9 476.9 490.9 503.5 517.2 530.5 545.1 558.8 574.8
338.3 333.8 331.4 327.3 325.6 321 327.1 326.2 330.8 335.3 335.8 335.2 334.5 336.7 341.3 343.7 344.7 346.6 346.1 347 350.8 353.5 351.3 349 351.6 347.3 345.4 350.1 346.8 342 337 334.7 333.2 332.8 331.5 329.8 327.3 325.7 327.5 326.2 325 327.2 327.3 326.6 322.7 323.7 320.7 317.1 313.1 306.6 299.9 306.9 317.4 324.9 327.9 332.7 339.2 348.3 357.5 366.1 377.1 387.6 399.1 410 420.5 428.5 436.7 448.2 460.1 472.2 482.1 497.2 511.8 525.7 540.5 555.4 570.1 585.6
337 335.2 334.2 328.4 322.2 330.5 333.5 330.8 333.3 339.8 339.9 338.6 339.5 340.6 344.1 345.5 346.6 348.6 349 351.3 354.4 358 355.7 353.2 356.3 355.3 352.6 352.5 347.2 343.8 338.5 334.8 335.7 336.9 335.5 331.3 330.1 329.6 332.5 329.9 327.6 329.6 329.5 327.3 326.5 324.5 322.7 320.8 318.2 312.6 306.7 312.7 321.7 325.2 329.5 333.8 342.1 352.4 362.1 372.5 381.4 389 399.9 411.9 422.7 432 441.7 453 466 477.6 488.5 502.2 517.5 531.9 548.6 563.8 578.3 594.7
340.1 338.3 336.6 327.4 328.8 336.5 336.8 334.5 337 341.2 341.5 342.1 342.5 344 344.5 347.1 350.8 352 354.1 356.3 360.2 360.5 359.8 355.7 358.7 359.8 356.2 353.5 349.2 343.9 341.4 337.7 339.7 341.8 338.8 338.8 333.3 335.4 335.5 332.8 330.3 335.1 332 327.8 324.6 327.8 326.6 323.2 321.5 320 316 315.8 321.3 325.7 330.6 338.7 347.5 356.6 365.6 377.2 387 396.7 404.7 411.9 424.3 433.9 445.8 457.6 469.9 481.7 494.1 507.6 521.2 538.4 555.1 571.4 586.5 603.3
345.1 342.2 340.7 333.5 335.3 339.3 336.5 337.6 342.1 342.9 344.5 345.4 343.7 345.3 346.2 348.8 352.3 353.6 355.2 357.1 361.2 365.4 361.4 360 361.8 364.3 356.8 353 352 349.1 344.5 342.5 343.5 344.3 340.5 341.9 337.2 335.9 338.8 334.1 336.1 338 332.4 327.1 331.5 330.7 328.9 325.3 321.4 318.4 314.2 315.3 323.9 328 333.6 343.6 351 361.4 370.2 382.7 394.1 402.2 410.5 418.9 426.4 435.6 446.7 458.1 471.8 485.8 498.7 511.3 525.8 543.3 560.7 577.2 592.7 610
351 345.1 342 337.5 332.5 337.9 338.4 341.7 345.4 344.1 343.7 344.6 345.9 347.9 351.6 351.5 353.4 355.4 357 360.1 364.6 365.5 363.4 363.7 362.7 363.1 360.6 359.6 357.7 351.4 347.4 347.1 348.1 347.5 344.2 343.9 340.9 338.5 341.1 340.2 341 338.7 334.6 331.2 336.3 329.6 327.7 324.6 320.3 318.6 315.6 319.2 323.4 330.1 337.3 345.7 355.4 366.2 377.7 387 398.3 409.2 417.2 426.1 433.3 438.2 446.8 459.7 474.5 487.8 501 513.4 528.7 546.3 563.4 580.5 596.9 614.1
352.6 349.1 344.2 339.5 333.8 339.1 338.9 346 345.8 344.7 345.7 346.5 348 349.5 354.3 355.2 355.3 358.7 360.5 362.8 365.9 366.2 365.1 365.9 363.7 365.1 363.6 365.3 360.8 354.8 353.7 353 352.4 349.8 347.8 347.8 345.8 342.9 346.5 347.1 342.4 339.8 337.5 338.1 332.6 330.4 329.2 325.2 322.2 318.9 316.6 318.1 323 328.2 336.9 345.9 356.8 368.7 380.1 391 403.8 414.5 424 432 441.1 447.3 449 460.4 475.1 489.4 503.4 516.1 529.6 546.7 563.8 581.3 599.1 616.2
352.6 351.7 345.5 339.5 336.2 340.7 341.8 345 345.3 346.1 348.2 348.7 350.3 351.8 356.8 360 359.4 361.5 363.3 366.5 369.9 366.7 367.6 369.2 369.2 370.8 370.1 367.5 364.6 361.9 360.4 359 357.6 352.6 355.1 354.1 352.1 351.4 351.3 352.4 344.4 343.2 342.8 340.5 332.7 330.9 328.4 324.9 322 320 319.6 320.2 322.9 328.4 337.4 348.8 364.8 376.6 389.2 399.4 410 421.7 430.8 438.7 446.4 453.9 459 457.8 473.2 488.1 503.2 516.8 530.4 545.2 562.5 579.6 597.5 616.3
354.4 356.3 348.5 340.5 340 342.9 345.3 347.8 348.2 348.2 348.2 350.6 353.4 356.1 361.6 361.2 360.3 361.7 363.9 366.1 368.3 369.7 372.7 377.1 374.8 377.3 376.2 372.3 368.5 369.4 367.4 365.2 361.2 357.4 357.3 359.8 357.4 357.1 354.4 358 349.1 347.3 346.2 340.6 336.5 332.2 328.7 325.7 322 324.6 327.5 327.5 326.7 332 339.6 352.4 369.9 382.1 397.1 407.4 417.7 428.4 437.7 446 454 461.8 468.7 474.4 471.6 486.6 499.1 511.8 527.6 542.4 558.7 577 597 615.8
356.3 358.7 349.9 348.5 345.1 344.2 348.2 349.9 351.3 352.1 351.9 352.2 356.8 359.2 363.2 363.8 362.4 364.7 366.6 368.3 373.6 377.6 380.2 380.5 380 379 382.3 378.8 373.9 373.6 371.4 367.7 365.1 363.2 364.8 364.6 363.5 361.1 361.4 361.5 353.6 353.5 348.2 344.7 339.5 334.5 330.3 328 324.1 329 334.9 336 335 334.8 345.1 359.6 373.7 388.5 403.9 417.5 426.2 436.6 445.6 455.2 463.7 473 480.6 485.9 489.4 492.1 498.7 513.3 523.1 540.3 557.3 576.9 595.9 616.3
358.2 362 352.7 351.2 351.3 347.7 347.4 349.8 353.1 355.5 355.8 356.2 357.7 361.4 365 365.3 365 366.7 369.4 374.7 384.4 385.5 383 385 384.2 383.4 385.5 385 380.2 380 376 374.3 372.3 369.1 369.9 369.3 366.4 367.7 367.1 362.8 355.9 353.1 349.7 348.6 341.7 335.1 333.4 332.5 330.8 333.8 341.1 345.3 344.5 342.1 349.4 364.5 380.2 397.4 411.5 424.8 436.7 447.4 456.7 465.1 473.7 484.1 492.8 499.6 505.8 512.2 518.4 527 535 545.5 554.3 576.6 594.9 614.5
360.6 365.3 356.3 351.8 353.6 350.4 347.7 350.7 354 356.9 360.4 362.5 360.7 364.1 368.4 368.7 369.2 370.7 375.6 385.7 393.5 389.6 387.9 392.9 386.7 386.9 387.9 389.6 384.9 382.5 382.8 378.6 376.2 374.2 374.2 374.3 373 372 368 364.3 358.1 355.9 353.6 349.4 343.8 337.5 336.3 332.3 338.6 340.8 345.7 349 352.1 351.4 356.5 369.4 385.8 401.4 417.6 433 446.2 457.5 466.7 475.2 484.3 494.7 502.8 510.5 517.7 526.4 535.8 543.7 552.8 564.4 572.5 578.5 598.5 615.2
364.9 364.4 355.4 349.1 357.5 352.8 350.1 352 354.7 358.4 362.2 365.7 365.2 368.5 370.4 374.2 375.5 379.1 383 391 395.8 393.7 396.1 393.9 392.1 394.2 394.6 393.5 392.3 390.1 387.7 382.1 380 380.6 380.1 377.7 378 376 368.3 371.7 367.9 361.9 358.3 354.4 350 343.1 340.8 335 338.9 342.8 349.6 354.4 357.8 360.1 366.2 383.5 395 407 422.1 438.7 452.7 463.9 475.1 483.5 492.7 502.4 510.9 519.3 527.2 538.1 548.6 558.1 567.7 578.8 589.7 597.6 609.9 625.2
367.8 367.2 357.7 350.9 359.5 359.7 355.5 357 359.3 361 364.5 367.9 370.4 371 374.8 379 382 386.5 396.2 400.7 399.6 400.9 404.2 399.5 399.4 401.6 400.2 396.3 395 394.7 392.1 390.4 385.9 386.2 385.2 382.7 382.2 379.3 373.4 377.6 371.1 365.1 361 357 356.5 349.1 344.9 340.7 342.8 348.8 353.8 361.2 363.1 366.6 380.4 391.7 403.3 415.3 426.5 442.1 456.7 468.7 479.1 489.4 500.1 511.3 519.1 527.8 537.3 547.2 557.9 568.3 578.5 589.8 600.8 610.3 620.7 635.6
369.6 369.1 359.2 354 360.5 362.5 361.9 363 365 365.4 367.5 371.5 375.1 381 383.2 383.6 389.2 398 403.9 409.8 408.8 408.5 407.5 408.2 409 406.8 403.3 402.9 400.1 399.4 398.9 393.4 395.1 392.7 391.5 389.7 386.9 383.8 380.1 380.8 375.8 367.9 365.5 361.5 358.2 353.8 350.2 344.3 348.5 354.8 360.8 364.3 369.1 378.6 394.2 403.8 411.2 420.8 432.1 444.3 458.2 471.7 482.1 492.8 506 517.6 525.6 533.8 544.5 553.8 564.7 576.2 587.9 599.3 609.5 619.6 628 642.4
370.9 369.4 362.4 353.4 360.8 364.6 363.8 367 366.1 366.4 369.3 374 378.2 384.6 388.8 389.2 395.5 402.8 410.2 412.6 414.3 411.9 412.4 414.1 413.2 410.7 411.2 411 408.4 405.4 404.4 404.5 402.9 401.2 397.2 396.4 394 388.6 385.5 384.8 379.5 371.1 369.6 362.8 361.6 357 354.1 350.2 354.1 362.8 371 372.7 377.8 388 400 409.1 417.3 425 435.8 447.7 459.5 471.4 483.4 495.4 508.5 519.8 528.9 537.7 549.1 560.7 571.1 582.1 594.4 605.3 615.7 624.9 634.5 646.9
371.8 369.8 362.3 356.3 361.2 363.3 366.1 370.5 371.2 369.6 372.2 379.5 383.1 388.4 390.9 392.7 398.7 408.2 413.2 417 419.5 419.7 416.6 420.3 418 417.9 419.4 415.1 414.1 411.8 409.5 409.8 411.1 409 405.4 404.1 400.3 391 391.6 388.1 381.7 375.9 371.6 364 364 359.2 357.4 351.8 358.4 366.5 375.2 380.7 387.6 393 403.3 412.3 420.4 427.9 438.6 449.6 459.9 471 484.2 497 509.4 520.1 530.8 539.4 552.4 564 575.6 587.6 599.5 609.8 619 628.1 638.2 649.7
372.5 369.3 370.8 362.4 358.6 366 367.8 375.5 374.9 374.6 377 386.8 388.5 389.6 394.8 401.1 405.3 417.2 421 424.6 425.5 423.5 420.5 423.4 426.6 425.1 422.5 422.1 421.3 422.7 420.4 421 418.6 415.6 413.8 412.9 407.3 397.4 398.4 392.9 385.1 379.9 374.5 370.7 373.5 361.3 359.8 357.5 360 368.6 376.8 383.8 391 394.8 407.4 416 422.8 430 439.1 449.6 459.9 471 482 496.2 509.8 521.4 532 541.6 553.8 565.8 578.9 590.7 602.1 611.8 620.6 629 638.2 649.5
377.1 374 374 370.8 363.8 361.1 366.7 371.2 376.7 379.3 382.1 387.2 390.5 391.3 396.9 403.7 412.1 418.5 427 426.9 430.3 427 428.2 433.7 435.9 434.2 433 433.5 433.3 433.7 434.9 432.6 431.1 427.3 423.7 420.4 414.7 410.5 403.4 397.8 392 389.1 382.2 381.3 376.5 366 364.8 365.9 369.8 367.7 378.2 387.9 392.1 398.1 410.8 420 425.6 432.2 439.2 447.3 458.7 468.8 480.4 493 506.7 519.1 532 541.6 552.9 564.9 578.3 589.5 599.5 608.8 617.6 625.4 635.7 646.4
380.9 379.9 377.1 374.9 370.4 364.8 364 368.9 374.6 381.8 385.3 391.3 392.8 396.6 398.3 405.6 415.5 421.5 428.4 430 434.8 433.6 435.7 439.6 443.8 447 443.5 442.4 443.2 444.8 445.8 444.5 442.7 442.3 439.6 427.2 425.3 422.1 414.1 410.4 405.4 401.8 386.6 390 389.3 377.7 372.1 371.3 376.8 373.5 379.2 388 392.9 403.2 414.4 419.9 426.6 433 439.4 446.4 454.6 466.3 477.5 490.6 503.7 516.5 528.8 540.8 551 561.8 573.8 584.2 593.4 602.1 610.2 620 631.4 642.2
387.2 386.3 383 378.7 373.1 366.3 365.9 370.7 373.8 380.9 387.1 393.4 395.5 400.6 402.1 404.8 419.1 420.7 427.7 432.4 436.1 435.8 443 449 451.7 455.5 454.6 455.2 454.6 457.3 459 459.4 459.4 460.2 454.4 448.9 445.2 434.2 426.5 422.8 421.2 408.9 400.2 401 392.1 386.5 380.9 378.9 379.8 381.1 380.9 388.4 396 407.5 415.5 419.5 427.1 433.8 440.3 447.1 452.9 460.4 471.4 483.8 498.1 509.8 523.3 536.1 547.8 556.6 566.4 576.2 585.2 593.3 600.5 612.8 624.2 634.9
394.4 389.9 384.8 382.3 374.9 373 371.1 370.6 373 378 386.4 392.2 397.4 403 405.3 408 410.8 419.6 428.3 434.8 439.6 442 446.7 454.1 458.9 462.7 465.1 467.4 468.6 469.7 474.5 478.6 481.3 481.2 478.3 475.3 468.2 457 450.8 445.7 438.7 433.7 412.8 409.6 399.2 393.6 391.4 388 389.1 387.7 385 391.4 398.6 407.6 413.9 420.7 426.8 433.8 437.8 446.1 450.2 457.5 467.3 473.7 488.4 500.1 512.6 525.1 538.2 547.7 556.7 565.3 574.2 579.5 590.4 601.6 613.9 625
399.7 392.3 387.1 383.1 379.6 376.3 377 375.6 373.4 377.2 384 391.5 395.6 402 405.8 405.9 410.1 420.3 429.4 436.8 441.5 444.7 450.8 460.5 465.9 469.2 474.9 478.8 482.4 486.5 491.6 498.7 502.2 505.7 503.1 501.8 497.5 487.2 481.8 473.8 469.2 453.1 434 428 419.4 412.5 404.4 402.5 403.9 394.7 386.7 394.4 402.3 407.5 412.4 419 426.7 431.5 436.8 443.5 448.4 456.7 460.7 469.4 478 486.8 498 509.9 521 531 539.9 548.6 555.4 564.2 575.6 588.3 599.9 611.8
403.6 396.4 390.6 385.2 382.7 380.2 379.2 381 379.2 376.8 379.4 388.6 395.1 399.9 405.4 405 410.6 420.8 429.8 436.7 441.3 445.3 454.2 464.5 470 475.2 483.3 488.1 493.9 500.1 506 512 516.5 522.6 522.8 525 524.6 519.3 512.8 507.4 498.1 484.7 464 448.6 439.1 428.9 415.2 417.3 410.6 399.7 394.9 393.4 403.1 408.4 415.9 417.9 424.4 429.9 434.4 439.6 445 450.6 453.9 463.6 467.8 477.6 485 494.4 502.7 511.8 518.3 527.8 530.9 544.7 556.8 567.9 579.7 592.9
406.3 400.2 394.5 388.7 387.1 384.7 384.7 381.5 381.9 381.4 379.3 384.2 393.9 397.3 401 406.7 413.4 420.6 430 437.1 440.4 447.1 455.7 464.9 473.6 481 487.8 495.1 502.5 509.2 516 522.3 528.5 533.6 537 539.8 541.8 542.2 541.7 541.5 533.1 509.7 485.9 464.9 447.7 441.2 429.8 426.5 414.5 403.5 400.8 394.3 404.4 408.1 412.9 418.3 422.1 427.1 432.8 438 442.8 447.4 451.6 458.4 463.2 471.1 477.1 484.1 489.4 496.1 502.9 509.3 517.4 524.3 533.9 547 556.9 570.7
405.1 401.8 396.4 393.5 392.3 390.4 389.3 385.1 385.8 386.5 384.3 382.9 388.9 396.2 402.3 407.3 413.8 424.4 430.2 435.8 441.8 449.6 458.6 467.7 474.9 484.9 491.1 499.9 507.2 515.5 522.3 529.3 536.1 541.7 546.7 550.8 554.6 558.3 561.4 561.8 559.6 525.6 498.3 473.5 461.2 448.4 440.1 434.6 418.9 405.3 401.4 398.1 403.3 407.4 410.3 414.8 422.3 423.9 428.2 431.7 435.7 441.2 446.4 451 457.3 463.8 470 475.1 480.8 487.8 492 497.7 504.4 510.6 517.2 526 536.6 548.8
406.8 404.1 401.6 399.3 397.5 396.9 392.8 389.4 389.7 390 387.4 384.7 388 394.4 400.3 405.3 412.4 425.8 430.1 436.1 441.2 449.1 458.8 467.8 475.6 485.2 492.6 501 510.2 519.6 527.5 535.3 541.9 546.7 552.4 558.4 564 570.2 573.8 576.5 577.3 550.1 523.9 496.1 475.3 460.2 445.3 439.2 425.8 408.6 402.5 402.4 402.3 406.2 407.2 412.5 416.4 420.6 425.2 427.6 431 434.7 440.3 446.1 449.9 456.8 462.1 467 475.1 479.8 484 489.2 494.3 499.9 506.1 512.6 520.9 530
412.5 406.7 406.6 403.6 402.6 400.8 396.6 394.6 393.5 394 392.3 392.4 388.3 393.6 400.9 406.3 415.7 420.7 427.1 431.2 437.9 444.9 455.3 465.5 474.7 484 492.7 502.3 512.2 522.1 531.4 539.2 544.8 550.7 558 564.1 571.4 578 582.7 586.1 588.4 579.8 547.5 520.2 498.2 480.7 460.6 445.9 433.3 414 405.8 405.8 402.8 403.5 405.2 407.8 412.3 416.5 422.6 424.6 427.6 430.4 432.4 437 441.8 447.7 451.6 460.9 467.2 473.1 477.5 481.9 487.4 492.3 497.9 502.4 508.8 516.1
417.9 411.9 410.1 407.8 407 404.2 399.1 401 398.3 399.7 399.1 395.6 390.1 391.8 398.8 402.8 411.3 415.3 422.9 431 433.9 442.5 454.1 462.8 471.6 480.5 490.4 499.5 513.6 525.3 534 540.8 548.2 555.2 561.4 568.1 575.9 582.6 587.7 592.2 594.2 594.9 580 550.9 532.1 513.1 489.3 467.3 446.4 429.9 417.1 407.3 405.7 406.6 410.4 414.2 412.6 413.2 416 418.4 421.1 427 433.6 429 432.3 439.2 445.4 452.2 459.3 464.7 470.5 476.7 481 485.3 489.5 494.1 499.8 506.2
421.1 416.4 415 416.3 410.9 407.3 405.5 408.4 404.1 403.4 406.7 401 398.4 394.9 395.3 400 408.3 414.5 422.1 427.4 431.2 443.5 448.9 455.5 467 475.9 485.5 497.3 513.1 524.1 533.9 541.5 550.2 558.4 566.2 572.6 578.1 584.4 590.4 594.5 597.6 599 598.9 594.3 570.7 546.3 521.2 495.4 472.8 453.1 438.2 431.9 424.4 436.9 423.2 424.1 420.7 422.8 423.6 424.3 427.9 429.8 434.7 439.5 440.9 436.8 435.4 444 450.6 455.2 461.3 468.4 474 478.4 481.6 485.9 491.7 497.4
422.8 421 417.6 419.2 415.5 414.3 409.2 411.7 410.5 406.9 409.9 407.2 404.9 401.2 400.4 398.2 401.7 412.2 418.5 423.8 433.7 441.3 449.1 455.8 461.9 468.7 481.3 495.2 511.8 524.7 534.4 543.1 552.2 560.3 568 574.3 579.9 584.8 589.9 595.3 598.7 600.7 600.9 599.7 596.2 585.3 563.8 549 513.1 490 487 481.6 473.3 462.5 446.7 436.2 429.3 428.9 428.8 429.2 431.1 434.9 437.4 440.9 441.9 443 442.6 437.7 440.2 447.7 455.6 460.6 467 471 475.7 479.3 485.1 490.2
425.4 422.4 424.3 424.9 420.4 419.6 416.4 414.8 415.2 413.4 413.1 411.6 407.9 406.8 405.5 402.6 401.7 408 413.7 420 429.4 436.8 444.1 452.9 460.2 469.9 481.6 495.3 510.7 523.9 535 545 552.9 559.6 567.2 574.1 580.1 584.8 590 595.2 599.3 602.5 603.3 602.7 599.8 595 590.4 578.8 554.5 535.2 519.9 508.6 496.5 481 463 454.2 447.9 440.8 441.2 441.6 440.5 441.1 444.1 446.1 447.2 448.4 447.2 446.5 443.3 442.2 447.8 453.2 457 463.2 468.8 472.6 478.6 484
428.5 427.6 427.8 427.1 426.6 424 424.1 420.5 419.9 419.2 416 414.1 412.4 409.9 408.6 406.6 403.8 410.5 413.9 417.8 426.6 436.2 443.8 447.5 453 465 478.9 492.6 509.1 522.5 534.6 544.2 552 559 566.3 573.1 578.8 583.6 588.8 594.6 599.2 603 604.3 604.3 603 599.2 595.2 587.9 578.7 561.1 540 525.2 510.4 492 481.2 473.9 457 454.1 449.9 447.7 446.3 448 449.6 452 453.2 453.2 452.2 451.2 449.8 445 444.7 446.4 452 459 462.3 466.7 473.8 478.7
431.1 430.7 431.8 432.7 432.2 431.2 428.4 429.2 426.4 421.5 419.4 418.5 413.9 412.4 411.1 410.1 410.4 410.1 409.7 416.7 422.5 429.3 433.6 447.5 455.3 465.4 477 492.4 507.4 520 531.6 541.7 550.4 557.6 564.5 570.2 576.5 581.9 587.8 594.5 599.6 602.8 604.6 605 604.1 601.5 597.5 592.3 585 578.7 561.9 541.8 521.8 509.8 500.3 491.4 480.1 474.4 466.1 462.8 458.4 456.9 456.3 458.6 459.5 458.7 458.7 457.2 456 453.7 452.3 448.8 449 451.6 457.1 460.7 466.4 471.4
434.6 436 436.7 437.8 436 435.3 433.4 432.2 431.7 429.3 424.7 422 418.8 414.3 411.8 411.2 410.7 408.3 408.3 411.9 421.2 429.5 432.2 443 450.5 460.2 472.7 487.1 503.8 516.3 529.6 539.5 547.4 555.6 561.3 567.9 573.7 579.5 587.1 594.1 599 602.5 604.2 604.9 604.7 603.1 599.7 595.1 591.2 587.1 580.8 563.1 547.9 536 524.4 518.4 508.7 498.8 492.5 484.7 477.9 472 468.6 466 467 466.3 465.5 466.8 465.2 463.7 463.6 460.1 458.5 453.9 453.2 457.7 461.7 466
