app/static/ascii/NH17.asc
ncols 200
nrows 200
xllcorner 210000
yllcorner 870000
cellsize 50
[rows 35 to 69 of 200, columns 0 to 77 of 200]
433 432.8 432.5 432.6 430.3 427.4 427.3 437.8 438.6 438.4 446.3 446.6 448.2 457 463.7 470.1 474.9 485.5 494.3 501.7 508.9 511.5 508 500.9 495.6 490.7 485.2 480.1 473.1 469.3 462.3 456.5 451.9 448.5 444.3 441.2 439.2 438.2 437.9 438.5 434.7 433 428.1 426.6 424 424.5 425.7 424.2 423.6 422 419 417.3 416.7 416.4 413.6 410.2 408.4 408.2 407.5 406.6 403.3 401.1 400.9 400 399.2 395.2 390.5 388.3 385.6 381.6 379 371.7 364.5 354 348.3 345.7 346.2 345.8
432.8 432.2 431.7 430.1 428.1 425.7 427.5 438.2 443.6 439.7 443.1 445.6 451.1 457.2 462.2 469.6 475.1 487.1 493.6 502.7 508.8 507.7 502.1 495.8 490.4 486.3 480.3 474.9 470 464.4 455.5 451 448.9 443.8 439.8 439.3 437.9 435.7 434.1 433.9 432.4 429.8 428.6 425.9 423.9 423.6 422.1 421.5 420.1 417.4 416.5 414.7 413 409.3 407.6 405.9 404.2 404.2 402.7 401.7 400.6 399.2 399.1 399 397.3 392.4 387.1 384.3 381.7 378.7 372.1 365.8 361.6 355.6 351 346.7 343.9 339.5
431.9 429.8 430.5 429.2 426.8 425.7 427 438 442.1 439.4 442.8 445.4 450.4 455.6 461.4 468.3 474.8 485.8 492.9 500.8 506.9 503.3 496.7 490.9 486.2 482.7 474.6 468.9 465.3 457.9 452.4 447.8 443.3 439.9 437.4 434.8 433.7 432.9 432.4 430 428.6 428.6 426.8 425.8 423.7 422.4 419.8 417.8 416.2 413.9 411.9 410.2 409.1 407.2 406.8 404.7 402.3 401.9 401.9 401.2 399.7 398.4 398.7 395.8 395.7 391.7 387.5 382.7 380.4 379.7 377.1 368.3 362.9 358.3 354.7 353.4 347.4 345.6
428.6 428.3 428.4 427.2 429 426.3 426.3 433.1 436.5 441.1 444.6 446.1 449.9 454.6 461 465.2 474.8 484.6 491.9 500.9 504.4 497.8 491.5 487.8 481.6 475.6 468.9 464.7 459 451.6 447 443.4 441.7 439.4 436.1 432.7 430.8 431.8 431.2 428.3 425.7 425.3 423 421.4 418.9 417.8 417.5 414.2 413.9 411.8 410.5 406.1 404.8 403.8 404.4 401 399.2 398.6 400.9 400.5 400.3 396.2 396.2 393.6 391.2 391.4 387.4 382.9 381.4 380 375.7 368.5 363.9 359.8 356.5 356.5 353.5 348.4
426.3 426.6 427.2 426.5 426.6 425.1 426.6 431.7 433.7 443.5 445 444.2 447.6 453.8 457.8 463 472.5 482.4 490.5 495.9 496.7 491.1 487.2 482.5 476.9 471 464.8 458.5 452.1 447.3 443.8 442.1 440.8 436.3 433.8 431.7 428.4 428.2 425.5 423.5 421.7 420.9 419.5 417.7 417.1 415 412.2 410.8 409.3 407.7 405.6 401.5 400.2 402.6 398.3 397.7 395.4 396 394 394.1 393.4 393.2 392.4 392 391 388.6 387 383.8 381.9 380 375.5 371.1 365.9 363 361.1 356.9 354.2 349.7
424 425.1 425.6 425.3 425.2 425.7 428.4 430.6 433.8 439.8 442.7 443.3 446.2 452.4 455 460.6 467 477.3 484.2 486.6 488.2 485.4 481.4 476.1 470 466.1 462.2 455.8 449.7 446.4 443.2 441.6 437.5 433.5 430.1 429.5 425.8 422.8 420.8 420.8 420 418.9 415.4 414.8 411.9 411.2 408.3 408.5 407.3 404.3 401.8 400.4 398.3 396.7 396.6 394.7 395.6 396.4 397 395.1 393.7 391.6 390.7 390 387.4 384.6 384 383.5 382.2 379 374.2 369.7 364.6 364.2 363.2 359.3 355 350.5
423.3 422.4 424.3 423.9 427.7 427.8 427.9 427 429.9 434.2 439.1 441.9 444.9 452.2 454.4 459 465 473.5 476.6 479.5 480.5 478.4 475.8 471.6 465.5 461.3 458.8 453.2 449 446.4 442.7 438.1 433.4 430.2 428 425.3 422.2 420.3 418.7 417.3 416.2 415.3 414.5 411.1 411.3 407.7 406.2 406.4 404.6 401.1 397.8 398.3 396.7 393.3 394.7 393.2 391.6 394.8 396.3 393.9 391.1 389.6 389 388.4 383.3 380.5 380.1 378.5 377.7 374.5 371.6 369.4 366.2 362.8 360.4 357.4 353 349.4
420.8 424.9 425.8 425.1 428 428 427 427.1 428.2 430.7 434 438 441.8 448.1 450.9 455.7 462.9 469.1 470.6 473.3 474.3 472.8 470.5 467.2 459.4 457.1 452.9 447.7 446.1 442.1 440.3 437.4 431.9 428.4 425.4 422.6 422 420.8 418.5 416 413.7 412.6 412.3 409.1 406.3 405.3 404.3 404.7 403.8 400.1 399.4 394.8 393.6 392.2 392.7 393.8 390.5 390.7 390.3 390.8 391.4 390.2 386.1 382.7 380.1 378.4 376 374.2 371.9 374.7 373.5 366.5 364.9 360.8 357.7 352.1 351 348.1
421.7 423.7 424 426.9 428.3 428.8 427.6 426.6 427 429.1 432.1 435.5 439.4 445.1 447.8 451.5 459.3 464.1 464.9 467.4 468 467.5 465.3 461.8 457 451.1 446 444.3 441.1 440.6 440.4 430.9 429.4 427 422.6 421.7 421.3 417.6 414 411.1 409.7 408.8 407.3 406.3 404.5 403.4 402.5 400.9 399.2 399.1 397.1 395.2 393.5 392.9 392 390.3 388.5 388 389.5 391.4 391.5 389.8 386.8 385.6 381.1 379.7 375.7 377.1 376.8 375.9 374.1 365.5 364 359 357 355.7 349.3 348.2
421.6 422.1 421.5 424.8 427.1 425.5 424.1 424 426.2 428.1 433.5 436.8 440 442.6 446.2 449.2 453.4 457.9 459.6 461.5 461.7 462.3 459.9 456.3 451.2 446.9 443.5 442.2 438.3 437 431.4 427.5 427.1 424.4 420.7 419.3 417.4 412 409.9 408.2 406.5 404.6 404.4 404.7 403 400.4 400.6 399.7 396.4 397.2 396.7 396 393.2 391.4 393.1 391.1 391.1 390.2 387.3 387 385.5 386.8 384.3 386.7 388 383.1 383 379.1 374.2 372.9 367 362.7 360.1 359.9 359.9 355.8 351.3 349.1
421.7 423.5 421.4 420.4 421.9 422.1 421.3 423.7 425.4 427.3 431.4 439.5 443 440.8 441.8 445.4 449.3 452.9 454.5 455 456.3 456 454.3 451.3 448.1 443.9 441.1 437.7 434.4 433 429 427.9 424.8 421.1 420.4 418.1 413.2 409.4 410 406.9 403.7 403 401.1 399.7 398.7 398.8 397.3 395.5 394.6 395.3 393.9 393.3 393.2 393.2 391.9 391.6 394.1 392.8 389 389.3 387.1 385.7 386.1 384.9 384.3 382.2 378.6 377.4 367.9 367.4 369.3 364 358.3 355.2 355.8 355.5 351.1 346.1
420.1 421.3 421 422.3 421.8 421.5 420.4 422 423.6 425.5 428.7 435.1 438.7 440.3 440.9 443.1 445.4 446.9 449.8 450.5 451.6 450.8 450.2 447.7 445.6 441.9 437.9 434.8 433 431.6 429.8 427.5 422.9 420.9 417.4 414.3 410 407.2 404.8 401.5 399.4 400.9 399.7 397.5 395.7 395.6 394.1 393.2 392.3 392.9 390.1 389 390.5 390.5 389.6 389.9 389.8 389.7 389.9 388.9 388.8 387.3 388 384.6 381.5 375.3 373.6 373 375.3 365.4 362.7 362.9 361.5 360.3 357.6 352.1 349.8 345.9
416.9 419.3 419.5 422.8 422 421.1 420.7 421.5 423 423.4 424.7 429.7 434.2 436.3 438.2 440.4 441.6 443.1 445.4 447.1 448.1 448.3 447.7 446.2 444.3 441.4 437.9 436 433.6 429.1 426.3 423.8 420.7 418.8 414.6 411.3 409.8 407.8 405.2 402.9 400 396.3 396.2 395.8 395.4 395.6 395.1 394.8 395.3 395.2 394.8 392.5 389.8 386.8 387.8 387.5 386.2 387.1 385.8 388.1 389.1 389.1 386.4 380.1 379.1 380.5 379.4 368.5 368.8 364.1 374.4 368.6 363.6 365.3 360.1 355.4 354.5 354.2
416.7 417.3 419.3 420.9 423.6 420.6 419.9 420.7 422.2 422.4 423.4 425.6 428.1 433.7 436.2 437.5 439.2 440.6 442 443.8 445.5 445.8 444.5 443 441.4 439.2 436.9 435.9 432.5 429.8 425.1 424.2 420.7 416 415.6 412.8 407.8 404.5 400.4 398.2 397.3 396.8 396.2 397 396.6 395.6 395.5 394 393.9 392.4 392.4 391.8 389.6 387.6 386.4 385 385.5 384.8 385.5 384.5 386.2 385 386.6 384.8 381 380 372.8 374 369.2 371.7 374.4 371.9 369.2 364.6 361.9 358 357.8 352.5
414.2 416.7 419.1 420.1 420.3 419.2 418.3 417.2 418.9 419.4 419.9 421.7 425.6 430.5 432.8 434.6 436.3 438.4 440.1 441.3 442.3 441.4 442.1 441.7 440.4 437.7 437.7 434.1 433.8 429.8 425.7 421 416 411.6 409.8 405.9 404.4 401 397.9 396.7 396.2 396.1 395.8 395.3 395 393.7 391.9 391.8 392 391.4 389.2 389.3 388 387.9 387.7 385.5 387.3 386.8 387.3 386.3 387.6 389.5 386.4 383.9 381 374.9 379.6 376.4 371.9 373.6 372.3 369.9 369.8 364.1 361.5 359.7 357.4 355.4
411.8 414.6 416.4 415.8 415.5 418.2 418.1 415.1 415.8 418.3 419.7 421.9 423.7 426.1 427.8 431.6 434.5 437.8 439.9 441.2 441.8 442 442.3 440.4 440 437.2 436.5 434.1 433.1 427.4 423.4 418.5 414 409.1 406.3 402.8 402.1 399.1 396.7 395.8 394.9 394.4 394 392.9 391.5 391.3 390.8 389.4 389.9 389.3 388.9 388.6 387.9 386.4 387.2 385.8 386.7 387 387.4 387.1 386.8 385.5 383.6 382.5 376 382.8 380.1 378.3 377.1 380 372.9 368.5 368.9 367.8 360.5 360.1 358.3 360.3
411.6 412.6 412.7 415.4 415.2 417 417.1 414.8 416 416.7 420.7 422 423.7 428 430.3 432.9 434.5 437.4 439.4 440.2 440.8 441.3 441.2 439.5 439.3 438.2 436.1 434.8 430.5 426.2 422 416.1 410.9 407.1 403.8 401.5 400.9 397 396.2 395.2 395 394.1 393.7 393.7 392.5 392.5 392.5 390.5 390.1 388.9 390 389.4 388.1 385.6 387.5 387.1 386.8 386.9 386.2 386 384.9 380.5 380.6 378.3 380.6 381.3 382 380.4 382.5 383.4 371.2 372.7 372.6 367.1 363.8 364.4 361.5 361.4
405.2 408.6 411.6 413.1 415.1 415.9 415.7 415 416.8 418.5 419.3 420.7 421.6 426 429.2 430.5 432.9 435.7 437.1 438.2 439.7 440.5 441.6 442.5 440 438.3 437 433.9 429.7 426.5 421 414.8 409.5 405.8 404.8 402.2 398.8 398 397.2 397.2 395.7 394.7 394.3 393.9 393.2 392.6 391.3 389.4 389.9 389.9 389.5 388.6 388.6 388.1 388.1 386.4 386.4 387 384.9 382.7 383.2 383.5 383.8 383.4 381.6 381.5 381.5 381 382.1 374.7 375.1 378.9 377.3 370.3 369.2 375.2 370.8 369.4
405.3 410.9 412.6 413.1 413.4 416.3 415.9 417 417.1 416.9 418.3 419.9 419.1 421.1 423.9 428.6 431.4 434.6 434.8 439.4 441.7 441.1 442.4 440 437.2 438.4 437.5 433.4 431.7 428.4 420.6 414.5 409.8 406.8 404.5 401.9 399.2 398.5 398.6 398.1 396.2 395.8 394.8 394.1 393 392.2 390.4 391 390.8 390.4 389.2 388.7 388.3 388.6 388.1 386.2 385.7 386.5 384.1 385.9 385 386 387.1 383.8 383.2 381.7 381.6 380.8 379.2 378.8 379.2 376.7 374.4 376.2 374.8 374.7 377.6 378.4
405.3 409.4 411.3 412.6 413.6 415.3 412.2 410.8 414.9 415.1 416.2 416.6 416 418.7 422.7 430 430.3 434.3 439.3 439.9 440.7 440 439.5 438.7 438.4 439.3 437.8 435.2 432.9 428.1 421.2 413.3 409.3 406.2 403.9 402 400.9 399.3 399.4 398.5 396.8 396.6 393.6 392.4 391.7 393 392.1 391.6 391.3 391 390.2 388.9 388.6 387.4 386.4 386.1 385.9 385.5 384.6 387.5 387.4 388 386.5 385.5 384.9 383.4 381.3 380.5 378.5 378.1 378.3 374.6 371.7 373 371.7 372.2 371.9 371.6
400.8 405.9 408.8 410.7 411.3 410.3 410.1 410.1 413.6 416.3 415.4 416 415.9 420.2 423.2 426 429.7 435.6 438.8 439.8 440.3 439.7 439.3 438.7 439.7 438.7 437.1 436.7 432.1 428.4 420.8 413.9 409.5 405.6 403.9 402.4 401.8 400.2 399.8 398.6 397.7 395.3 393.6 393 392.9 393.6 393.1 392.6 392.1 391.1 390.3 390.6 389.9 389.4 389 388.5 387.8 387 384.6 389.1 390.2 390.5 389.3 386.7 386.3 384.7 383.6 382 382.5 380.2 376.9 373.4 374.4 372.6 374.1 374.7 375.2 379
398.1 405.3 404.8 406.5 409 408.6 408.4 409.5 411.7 410.6 411.5 411.1 412.4 418.1 421.4 424.3 431.5 435.1 437.4 438 438.3 439.3 440.7 441.2 438.3 438.1 438.7 434.7 433.6 428.2 419.4 414.2 409.9 407.6 404.6 403.3 402.4 400.8 399.7 398.2 396.3 396.3 394.7 394.3 395.2 394.9 393.8 393.3 393.5 392.8 391.9 391.8 391.3 391.3 390.7 389.9 389.1 388.4 387 389 390.5 389.7 387.9 386.8 386.5 386.7 383.5 385.7 390.8 389.8 379.4 377.6 381.2 384.5 388.3 386.8 388.9 395.4
392.3 399.1 401.5 403.2 403.8 404.9 404.8 406.6 408 407.7 408.3 409 413.6 416.3 418 425 430.6 433.2 435.2 436.7 438.3 439.3 442.5 441 438.1 437.8 435.4 433.7 430.1 424.6 418.4 414.3 411.4 407.4 405.7 404.6 401.8 400.8 399 397.4 396.3 396.1 396.9 396.4 397.1 396.4 395.3 394.8 394.4 393.9 392.9 392.5 391.9 392.2 391.8 391.1 390.3 389.7 387.2 390.5 389.9 389 387.9 386.3 385.4 385.1 388.4 388.5 389.5 383.4 382.9 390 388.9 390.5 391.5 396.4 397.5 406.7
391.6 393.2 397.3 400.4 401.2 403.7 403.9 403.9 404.9 408.5 409.5 408.3 412.2 413.8 417.8 424.9 428.7 430 432.7 434.6 437.3 439.4 442.2 440 438.3 437.2 434.9 432.5 428.9 422.3 419.5 415.3 412.4 408.6 407 404.3 402.3 401.5 399.9 398.3 399 398.9 398.4 398.1 397.2 396.6 396.9 396.7 396 394.4 394.2 394.2 393.3 393.3 392.3 391.3 390.2 388.4 388.2 391 391.3 391 390.8 386.4 388.3 390.5 389.9 390.4 387.5 384.3 383.3 387.9 390.2 394.1 396.7 403.9 411.4 411.9
388.8 389 394 396 397.9 401.4 402.8 406 406.7 407.8 406.9 408.2 408.2 412.2 418.2 423.2 424.8 426.1 431.2 433.9 435.7 439.2 440 438 438.3 436.6 435 433.9 430.6 423.4 422.2 417.3 413.9 411 408.8 406.9 404.7 402 400.7 398.9 398.9 399.5 399.6 399.4 398.5 397.7 398.6 397.5 396.7 396.4 395.5 395 393.9 393.6 392.1 391.1 390.8 392.8 391.3 391.7 391.8 391.5 388.9 389.6 393 394.8 391.3 391.9 392 391.8 391.3 387 395.7 397.6 409.1 413.8 413.8 418
387.5 385.1 387.6 391.3 396.3 398.1 401.3 406.7 407.9 408.4 406 407.1 408.6 411.6 415.8 419.2 423.4 428.1 432.2 433.9 437.8 439 438.7 437.9 436.8 435.9 435.3 434.5 431.3 428.1 422.9 419.9 418.1 413.9 410.7 408.9 406.1 403.3 401.7 400.6 401 401 400.8 400.2 399.2 398.9 399.4 398.1 397.6 396.9 396.4 395.8 394.5 393.8 392.9 392.5 392.5 392.1 393 394 394 392.5 394.7 392.4 392.6 392.8 394 395.3 401.1 398.8 403.6 398.9 400.1 408.6 423 421 427 438.2
386.2 383.6 385.8 388.3 393 395.5 398.8 402.3 403.7 404.7 404 402.9 408.1 410.3 412.1 417.2 422.3 427.6 430.3 434.1 437.1 438.1 437.5 437.4 437.1 436 435.2 433.6 432.6 429.7 427.3 423.7 423.3 417.7 413.8 411.6 408.3 404.3 402.1 402.9 403.1 402.9 401.8 401.9 400.8 399.6 399.9 400 398.8 397.2 396.9 396.6 395.6 393.7 395.1 395.1 392.7 392.1 392.9 392.1 392.4 393.9 397.4 396.8 395.1 394.9 394.2 400 416.8 408 410.9 409.7 413 420.7 426.2 430.6 443.5 455
387.6 385.9 385.6 387.1 390.2 392.6 395.7 396 397.1 397.9 399.6 404.6 412.3 413 413.8 418.7 423 427.1 431.1 435 437.1 437.3 437.7 438.6 437.4 437.5 435.7 434.5 434.1 433.4 431.4 429.5 427.6 421.8 417.9 412.8 409.2 406.7 405 405.2 404.6 405 403.5 402.4 400.6 400.3 401.1 400.9 400.4 399.1 398.8 397.1 396.3 395.4 396 395.3 393.8 392.8 393 394.2 393.8 394.9 400 401.3 398.8 401.5 401.8 415.2 439 422.6 425.7 425.8 417 426.3 428.6 444.6 456.8 466
391.7 388 385.9 386.1 388.4 389.9 391.8 393.7 395 395.4 402.2 407.3 409.6 413.1 415.4 421 423.8 428.2 432.4 435.4 437.1 438.2 439.6 439.5 438.5 437.5 435.8 436.9 438.1 439.3 437.8 434.5 433.8 430 426.2 418.2 411.5 411.3 410.3 408.3 409 407.3 403.9 402.3 401.7 401.7 401.8 401.9 401.7 400.2 399.4 399.1 399.2 396.8 397.5 396.2 393.7 395.8 396.4 396.9 396.1 397.3 401.8 402.7 403.7 410.7 417.4 431.4 440.5 437.3 440.7 429.3 430.4 434.2 443.3 456.3 466.6 477.5
398.6 389.9 388.3 387.5 387.5 388.3 394.1 393.3 393.2 394.2 400.8 407.5 412.9 414.9 417.9 422.4 425.5 431.4 432 434.6 436 435.7 437.9 439.2 438.7 438.9 441.4 441.4 444 443.7 443 440.5 439.3 435.9 430.7 423.8 417 417.7 413.7 412.1 411 410.1 405.3 405.8 407 405.6 404.7 403.8 403.8 401.7 402.3 401.7 399.4 399.2 397.8 396.8 397.1 398.8 398.4 397.8 396.2 397.4 401.5 404.7 407.6 414.7 422.6 434.9 440.4 441.6 444 449.4 445.9 453.4 457.6 465 477.1 497.9
395.9 391.9 388.4 387.9 389.6 389.1 389.5 390.2 390.6 392.2 397.9 405.6 409.8 416.5 419.3 423.7 428.5 431.6 433.5 434.4 435.8 438.3 438.8 441.9 441 441.6 444.5 445.4 447.9 449.4 447.8 448.3 444.3 440.7 436.2 429.4 424.2 421.1 417.4 415.9 414.1 411.1 409.6 409.1 411.4 409.4 407.1 408.7 405.3 403.5 403.6 404.2 401.7 401 399.9 400.3 398.9 400.2 399.7 399 399.3 399.4 403 411.1 418.6 424.5 427.5 432.9 444.6 447.9 455.6 457.8 463.8 471.9 477.1 478.3 487.7 508.5
398.5 394.7 391.3 389.9 389.9 392.6 393.2 392.6 392.9 394.5 397.4 406 409.9 415.3 422.8 427 428.6 432 434.6 435.3 437 438.8 441.5 445.3 445.2 445.7 449.6 450.3 452.1 456.4 456.3 456 450.6 447.9 441.7 437.8 429.9 426.6 422.1 419.1 417.6 414 414.6 415.4 412.6 411 409.7 406.6 406.9 406 405.1 405.9 403.2 402.5 402.1 403 403.2 406.5 405 402.7 403.6 407.4 411.4 416.8 421.1 427.5 432.8 439.9 451.2 457.8 464.2 469.1 488.2 496.7 497.1 494.5 499.3 505.8
406.3 403 394.6 393.9 394.6 395.8 398.1 399.4 399.6 399.6 400.1 403.2 411.4 416.4 423.2 428.3 427.5 429.7 432.9 434.9 439.6 442.8 445 447.5 447.4 448 454.1 456.8 458.9 466 463.8 463.4 459.1 454.1 447.8 442 436.8 431.5 427.2 422.4 422.1 419.5 417.4 416 415.3 414.6 409.9 410.5 409 405.4 405.9 406.6 405.8 403.8 404.4 404.5 407.4 410.8 409.7 408.7 406.3 411.1 415.8 421 427 434.4 439.6 448.1 455.9 466.9 477.9 486.4 498.4 498.8 503.2 505.6 507.8 512.8
411.8 406.6 400.9 401.2 400.5 399.4 402.7 404.4 405.4 404.5 403.7 405.2 409.8 416.4 419.7 426.1 428.9 430.6 433.9 441.2 442.2 444.6 448.3 453.5 455.1 454 462.2 466.9 471.1 474.5 474.1 472.6 469.7 462.3 456.6 453 445 437.7 434.5 429.3 425.7 424 421.3 420.4 418.7 417.8 411.9 414.2 409 406.6 410.1 410.3 408.4 408.9 408.6 410.1 413.3 411.7 411.6 409.1 408.1 414.1 419.6 427.9 435 444.2 449.8 455.7 465 477.9 485.6 497.6 518.1 512.2 514.4 524.8 526.5 524.7
412.8 408.2 408.6 407.8 407.6 406.5 408 411.2 414.3 411.3 411.1 413.3 416.2 419.2 423.3 423.4 427.5 432.5 437.9 446.4 448 452 452.4 457.6 462 464.7 472.8 478.2 482.1 484.5 484.9 484.2 479.8 472.8 464.5 459.9 452 445.1 439.2 433.4 431.3 430 426.4 424.8 420.7 415.9 418.7 416.2 409 409.4 413.2 413.8 411.8 411.3 412.4 417.1 418.9 414 415.5 413.8 414.1 421.3 426.8 432.6 443.3 453.3 459.4 464.6 474.2 485.7 499.2 523.3 531.2 529.5 531.2 543 552.8 558.1
