app/static/ascii/NH19.asc
ncols 200
nrows 200
xllcorner 210000
yllcorner 890000
cellsize 50
[rows 0 to 37 of 200, columns 86 to 171 of 200]
130.7 152 162.4 162.2 166.4 167.2 166.2 190.2 207.6 206.8 205.7 203.1 198.1 190 187.3 185.3 174.1 174.1 174.1 174.1 174.1 174.1 174.1 195.1 201.4 201.2 198.3 186.7 186.7 186.7 186.7 186.7 194.7 204.3 207.6 200.9 189.4 189.4 189.4 189.4 189.4 189.4 197.3 206.8 216.5 223.2 228.4 234.9 238.6 241.9 243 244 244.2 244.5 244.7 247.2 247.1 245.1 245.3 253.9 257.3 264.2 268.3 271.9 274 274.4 275.4 280.6 287.3 295.6 306 317.4 329.2 336.4 342.4 346.1 355.3 369.3 372.3 375.2 371.5 363 355.9 349.5 344.5 342.2
153 171.6 173.7 173.6 175.4 185.8 213.4 228.3 225.7 219.5 214 208.3 203.5 200.6 195.4 190.5 183.9 178 174.1 174.1 174.1 174.1 186 195.6 197.9 199.2 188.9 186.7 186.7 186.7 186.7 195.4 203.4 210.8 210.9 205.8 199.5 189.9 189.4 189.4 189.4 189.4 195.8 207.2 213.3 216.7 221.7 225.8 227.9 233.3 239.8 241.8 241.2 243.1 243.1 243.4 243.6 244.7 252.4 256.9 261.8 264.7 270.2 278.2 281.9 283.8 284.2 287 299.1 305.5 308.6 318 324.8 326.2 333.9 344.3 360.7 372.2 372.8 373 372 368.3 361.8 354.9 347.2 339.9
177.6 182.9 182.1 189.2 194.1 214.5 237.4 236.5 230.9 224.2 216.3 210.2 208.1 205.8 200.9 196.5 189.7 181.4 174.1 174.1 174.1 178 191.7 195.4 186.6 186.7 186.7 186.7 186.7 186.7 193.3 202.4 210.2 214 215.2 214.1 209.5 204.4 198.3 189.4 189.4 189.4 206.1 219.5 226.5 229.9 232.9 239.6 239.6 235 233.5 238.5 239.2 243.3 244.8 245.1 248.8 252.1 260.2 266 270 270.9 281.9 294.5 299.6 297.9 300.2 300.4 300.9 305.5 314.4 321.2 330 335.8 339.7 337.8 341.5 355.1 366.9 370.6 368.9 362.5 359.8 350.5 344.1 341.4
184.9 193.9 203.2 203 222.6 243 242.6 236.5 230.7 224.1 217.7 213.8 212 210.8 205.7 200.3 187.2 174.1 174.1 174.1 174.1 186.1 193.6 186.7 186.7 186.7 186.7 186.7 186.7 187.3 193.9 200.2 209.8 215 218.1 215.3 211.8 209.3 203.9 199.8 198.9 214.8 230.2 238.4 243 247 251.3 254.2 254.2 254.8 251.9 249 246.3 244.2 244.9 250.3 255.5 257.7 266.1 269.9 274.4 275 286.4 301.9 309.5 314.9 325 328.2 326.7 325.3 337.8 343.9 347.4 351.2 346.8 348.7 354.2 352.9 346.8 351.2 357.5 355.2 350.8 344 335.2 330.8
201.6 210.1 218.6 235.5 248.8 252.1 245.4 239.3 231.9 224.1 218.7 214.4 212.4 210.7 203.9 194 174.1 174.1 174.1 174.1 185.6 193.6 186.7 186.7 186.7 186.7 186.7 186.7 186.7 186.7 190.7 198.8 209.5 215.5 218.8 218 216.2 214.5 214.7 211.1 211.4 228.3 241 247.7 253.9 256.1 260.1 261.3 262.5 260.9 259.4 256.6 258.1 257.7 255.8 263.5 266.2 274.9 284.7 284.1 286.2 286 290.6 304 321.5 328.7 328.1 329.6 333.9 340.8 352.6 357.4 364.1 366.4 370 370.5 370.4 363.3 354.8 359.1 356.8 351.9 346.5 339.9 332 326.4
220.5 231.3 246.9 252.2 259.6 256.2 249.2 241.5 231.4 225.7 218.1 212.8 211.5 207.5 200 186.9 174.1 191.2 203.8 205.8 204 200.2 194.4 186.7 186.7 186.7 186.7 186.7 194.9 186.7 186.7 196.2 206.9 213.4 218.2 220.2 219.6 219.7 220.5 222.2 227.6 242.1 255.7 261.3 261 259.8 265.8 268.4 268.9 265.6 264.9 267.1 269.1 271 277.7 284.8 294.5 305.3 315.3 314.8 312.6 310 306.3 306.9 323.6 339.2 344.3 345.9 353.9 362.7 370.2 373.3 375.2 377.5 370.4 363 365.1 363.3 358.3 354.9 359.7 355.8 352.1 346.8 339.5 330
242.3 249.9 257 262.9 262.3 255.6 249.2 238.6 229.5 222.1 215.3 210.2 209.2 203.9 194.3 174.1 189.8 209.1 216 219.1 220.3 221.8 209.5 193.2 192.1 186.7 188.1 197.4 195.5 186.7 186.7 193.2 204.5 210.5 214.2 216.2 218.3 222.3 226.4 230.8 238.4 251.8 263.1 269.7 269.1 267.2 276.2 280.3 274.8 270.7 271.8 278.8 279.2 285.4 292.2 301.9 312.4 318.7 324.5 322.5 323.6 322.4 319.3 324 345.6 361.1 360.7 364 370.2 374.5 375.9 375.8 378.8 384.3 387.1 390.4 390.5 388.7 383.2 375.5 367 357 348.2 343.8 341 334.8
257.1 262.5 267.7 266.1 260.5 252.5 245.3 234.1 224.8 217.7 212.3 208.3 208.4 200.9 187.3 174.1 207.1 216 220.9 221.8 221.6 221.6 218.8 206.6 199.2 195.4 193.5 194.6 191.3 186.7 186.7 187.8 203.2 208.2 213.5 215.6 220.7 225.8 232.9 241 246.9 257.6 267.4 273.5 274.8 276.5 280.8 282.6 282.8 287.8 285.1 288.8 293.7 298.3 302.9 312 320.3 327.3 333.4 334 334.8 338.5 335.8 344.5 365 390.2 403.6 398.3 391.6 384.7 386.8 385 395.2 409.3 408.7 404 401.2 395.8 386.3 380.8 373.8 364.4 350.8 339 335.4 331.3
268 272.7 269.9 262.8 255.1 247.7 238.1 229.6 222.4 214.9 209.7 206.5 206.6 194.9 178.8 196.5 210.3 215.3 218.8 222.1 219.7 217.4 215 213.3 206.6 202.5 195.7 191.1 188.5 186.7 186.7 186.7 195.1 200.1 207.6 212.5 219.8 226.8 235.2 244.1 253.8 263.2 272.2 275.7 278 285.4 290.3 294.7 298.4 298.1 301.3 311.4 309.8 309.7 314.6 320.5 326.9 337.4 338.9 337.2 343.2 349.4 351.7 356.1 388.1 399.3 404.6 405.4 403.7 405.1 404.8 399.5 400.2 404.3 405.3 403.8 401 394.5 391.7 385.6 382.3 371.7 363.4 353.1 339.1 332
270 270.7 266.5 259.4 251.4 242.5 233.7 225.9 219.9 211.6 206.1 202.4 199.4 190.3 187.4 201.3 207 212.1 218 221.4 216.7 213.8 215.5 216.9 217.9 205.4 199 187.2 186.7 186.7 186.7 186.7 191.8 197.3 205.9 215.4 223.6 230.4 237.4 248.8 256.6 263.9 271.1 274.4 279.2 285.7 290.9 296.3 300.1 304 307.8 312.1 316.8 319 317.7 320.9 329.4 339.6 347.2 347.2 353.7 361.9 361 363.4 385.2 390.6 397 404 405.8 397.7 397.7 397.7 406 415.2 408.3 403.2 405.8 402.9 392.7 383.1 378.6 371.3 365.4 359.8 357.6 359.4
261.2 263.5 258.8 251.6 243.6 235.4 227.7 221.7 216.3 208.2 200.7 197.9 192.8 187.4 187.4 198.2 205.5 213.5 219.8 215.7 211.8 212.2 214.3 214.5 213.2 208.2 199.4 188.9 186.7 186.7 186.7 186.7 186.7 194.5 204.9 214.2 224.2 236.4 241.1 251.2 257 262.9 273.6 275.4 281.3 286 294 299.3 301.1 301.6 304.6 308.1 312.7 314.7 314.7 314.7 316.8 327 347.4 356.5 362.6 364.9 364.6 368.3 388.3 394.6 397.8 400.5 404.9 408.7 405 397.7 397.7 403.6 405.9 401 398.1 396 388.4 379.7 369.4 363.6 361.2 363.4 368.2 364.4
270.3 266 258.4 249.6 241.4 231.5 223 217.7 213.2 201.2 191.5 189.9 187.4 187.4 187.4 197.9 207.4 214.1 215.3 211.3 210.6 211.5 213.9 213.8 213 206.1 194.4 186.7 186.7 186.7 186.7 186.7 186.7 190.7 202.5 211.7 220.6 231.8 240.2 245.3 254.7 260.9 267.8 273.5 279.9 287.1 294.3 300.5 303.4 304.7 306 307.9 313.6 317 317.4 320 320.6 322.7 328.1 333.2 346.3 359 366.3 372.3 376.3 379.3 390.2 396.9 399 401.5 407.8 405 407.5 406.1 402.6 395.4 390.2 388.7 382.3 370.2 364.7 356.3 353.6 357.2 362.1 360.5
269.7 262.9 253.1 244.5 234.9 225.4 218.2 213.9 207.9 194.9 187.4 187.4 187.4 187.4 188.4 201.7 209.3 213.1 212.7 210.2 209.8 212.5 214.6 214.3 211.5 202.8 194.2 186.7 186.7 186.7 186.7 186.7 186.7 188.7 198.8 207.8 216.9 225.7 233.5 240.8 251.1 259.8 266.2 270.2 275.4 285.6 291.4 298.9 302.1 307.5 314.3 316.2 322.2 324.3 321.3 324.6 328.2 334.2 332.5 336.9 333.9 333.2 337.8 352.1 364.6 372.7 379.8 382.7 383.4 387.4 391.4 398.4 404.1 407.6 405.8 400.3 390 384.4 378.5 368.2 359.1 354.3 352.3 349.5 347.7 351.3
263.7 254.5 247.1 239.1 229.8 221.7 214.4 208.7 201 187.4 187.4 187.4 187.4 187.4 192.7 203.1 211.6 209.1 207.9 205.5 207.6 211.4 208.8 210.4 206.5 199.8 196 191.7 186.7 186.7 186.7 186.7 186.7 187.9 200.1 209.4 220.7 227.6 233.7 242.6 250.8 257 268.6 274.5 278.3 283.1 287.7 295.8 303.3 307.5 310.9 316.8 323.4 329.6 335.3 335.7 336.4 340.6 341.4 351.8 354.4 347.2 339.7 338.8 334.9 345.8 357.3 366.9 374.5 374 376.1 381.1 386.6 390 391.6 395.6 394.1 386 380 368.6 364.6 367.4 359.6 351.6 347.3 346.1
256.6 249.4 242.2 234.5 224.7 214.3 206.3 199.6 192.5 187.4 187.4 187.4 187.4 187.4 194.4 202.9 206.7 202.9 198.5 200.7 200.9 201.6 203.1 206.5 202.1 198.5 198.4 195.5 186.7 186.7 186.7 186.7 186.7 188.7 197.9 206.1 216.1 224.8 232.2 241.1 249.9 256.5 267.5 274.4 279.9 284.7 286.9 289.9 294.3 305.1 313.5 318.7 325.5 329.7 335.6 341.4 347 349.9 357.2 363.1 365 362.1 357.9 358.5 356.7 343.1 337.7 347.9 353 358.4 360.9 362.9 367.3 371.5 375.7 375.7 375.6 376 373.9 371.1 376.4 375.5 369.5 362.9 354.3 355.4
250.9 242 234.4 226.3 216.2 205.5 196 189.5 187.4 187.4 187.4 187.4 187.4 187.4 193.4 199.8 200.7 197.5 195.3 196.8 195.8 193.5 195.4 198 199.2 198 197.9 197.2 186.7 186.7 186.7 186.7 193.1 193.4 200.3 205.4 215.4 222.9 230.3 237.6 245.3 251.9 263.9 270 279.4 288.4 294.9 292.5 290.3 295.7 303.5 315.1 322.9 327.1 331.3 335.5 345.5 357.5 358.9 362.5 368.7 369.1 368 370.8 375.4 371.2 370.1 358.7 348.1 347.2 349.8 352.8 357.3 356.9 357.4 355.4 358.6 356 358.5 364.5 362.1 364.9 360.8 358 349.7 342.4
250.1 239.1 231.2 222.3 211.7 200.3 189.7 187.4 187.4 187.4 187.4 187.4 187.4 187.4 192 195.8 195.1 192.1 192.5 193.6 190.4 190.2 192.2 195 197.1 197.5 197.3 195.8 189.1 186.7 186.7 188.1 197.4 199 203 210.6 215.3 222.3 229 235.4 239.3 247.3 256.1 265.3 273.3 281.2 289.4 284.8 287.4 291.4 296.1 304.9 311.3 321.9 325 336.1 348.8 350.9 351.7 353.3 353.8 356.7 362.4 364.3 365.5 370.9 371.8 372.1 369 364.7 361.1 351.9 346.7 342.4 341.4 338.2 336.2 339.8 345 345.9 347.7 343.1 339.5 340.7 338.4 335.5
248 239.5 228.9 218.1 207.1 195.2 187.4 187.4 187.4 187.4 187.4 187.4 187.4 189 195 198.2 194.7 187.4 188.8 188 187.4 189.3 192.3 196.8 198.3 199.3 200.1 202.7 205.3 194.1 186.7 189.3 196.8 201.8 208.1 215.4 221 225.7 229.7 234.9 236.8 242.6 248.3 255.4 266.7 271.4 274.7 280 286 291.8 297.5 300.8 302.8 304.4 306.1 317.4 336 348.6 354.8 359.9 362 363.6 371.2 367.9 367.9 371.3 368.1 369.5 373.5 367.2 360.2 356.3 355.5 346.7 338 336.1 334.2 332 332 332 332.4 332 332 332 332 335.9
244.2 234.2 224.8 213.4 202.6 194.9 187.4 187.4 187.4 187.4 187.4 187.4 187.4 187.4 191.4 191.7 195.9 187.4 187.4 187.4 190.1 187.4 192.7 196.5 196.4 196.3 200.4 202 202.6 203.5 201.1 192.3 195.4 204.1 211.2 217.7 224.6 229.4 233.5 236.6 239.8 240.3 244.8 249.1 252.7 261.6 265.9 273.1 279.9 284.9 292.6 298.9 299.5 299.8 301.1 304.4 317.2 321.9 333.3 345.7 354.2 360.6 361.4 364.5 367.7 369.8 366.9 362.8 361.1 362.4 358.5 352.5 350.1 345.1 341.8 351.2 342.6 332 332 332 332 332 332 332 332 332
242.9 232.6 222.5 213.7 205.7 195.6 187.4 187.4 187.4 187.4 187.4 187.4 187.4 193.3 198.9 187.4 187.4 187.4 187.4 187.4 187.4 187.4 187.4 193.3 192.7 191.1 193.2 196.7 199.3 201.9 204.4 205.1 195.2 203.1 214 222.6 228.4 234.9 239.1 240 243 247.7 249.5 253.7 256 262 265.5 271 279.3 285.6 289.9 290.2 293.1 294.4 296.4 298.5 312.2 314 319.9 324.5 338.7 344 348.6 347.2 354 360.8 360.6 358.1 354.2 347.9 347.4 346.8 345.2 352.8 354.9 356.5 352.5 344.9 340.3 339.3 332 332 332 332 333.5 335.3
240.1 229.8 218.1 209.3 196.4 187.4 187.4 187.4 187.4 187.4 187.4 187.4 193.3 201.3 199.4 190.8 187.4 187.4 187.4 187.4 187.4 187.4 187.4 187.4 187.4 187.4 187.4 190.7 194.5 199.1 203 208.6 193.9 196.7 210.6 219.2 228.3 235.5 241.3 244.9 248.8 253 260.5 267.2 268.1 269.5 271.1 273.5 274.3 276.4 284.7 287.7 289 287.6 289.9 291.3 303.4 304.8 310.4 319.5 327.4 336.5 341 342.3 344.8 346.9 350.5 351.3 347.4 340 331.1 335.2 345.5 349.4 354.7 353 350.7 347.7 349.2 345.9 342.4 337.2 336.2 336.3 334.4 333.6
226.2 217.8 207 194.7 187.4 187.4 187.4 187.4 187.4 187.4 187.4 194 199.6 205.3 197 187.4 187.4 187.4 187.4 187.4 187.4 187.4 187.4 187.4 187.4 187.4 187.4 187.4 189.4 191.6 193.2 195.2 193.8 196.9 205.2 212.5 222.3 230.9 239 247.7 255.1 262.9 272.9 280.1 283.1 286.2 286.2 285.6 284.4 280.6 277.1 278 281.5 278.9 279.2 284.9 298.2 298.8 300.5 316.5 322 320.7 325.5 338.3 343.6 344.6 343.9 342.1 336.7 330.7 335.8 345.1 348.3 349.1 348.8 351 350.8 350.4 355 353.5 350.9 346.5 338.8 332.5 331.7 335.1
219.1 211.3 200.3 190 187.4 187.4 187.4 187.4 187.4 187.4 191 199.1 202.8 205.3 196.5 187.4 187.4 187.4 187.4 187.4 187.4 187.4 187.4 187.4 187.4 187.4 189.2 192.2 193.5 195.9 197.7 192 192 193.9 197.2 205 212.8 220.6 229.4 238.1 249.1 259.9 271 282.3 296.2 301.3 303.9 302.6 302.7 298.8 292.4 283.5 279.8 276.4 271.4 275.9 278.1 285.7 293.9 315.6 317.8 318.3 320.6 326.3 334.1 338 337.7 338 330.7 343.3 352.4 350.4 350.9 351 347.6 344.8 344.1 349 357.8 352.3 350.4 351.3 344.1 335.6 333.2 330.3
221.1 211.9 202.5 195 189.1 187.4 187.4 187.4 187.4 187.4 187.4 194.5 197.8 200 193.8 187.4 187.4 187.4 187.4 187.4 187.4 187.4 187.4 187.4 187.4 190.5 192.4 193.5 195.2 198.7 201.5 200.1 196.7 198.8 197.8 204.1 211.5 219.6 224 231.2 240.7 250.7 260.5 267.7 275.8 283.8 292.8 298.4 301.3 296.2 288.9 284.4 285 286.4 282.8 272.4 270.8 270.9 278.6 301.3 308.3 309.9 311.4 310.7 315.5 318.9 320.9 324.7 328.6 343 352.1 352.7 355.6 353 346.8 341.1 336.9 335.8 341 342.5 343.7 343.5 342.4 340.7 342.3 335
222 212.9 204.1 197.5 187.4 187.4 187.4 187.4 187.4 187.4 187.4 191.6 194.8 195.7 187.4 187.4 187.4 187.4 187.4 187.4 187.4 187.4 187.4 187.4 190.8 193.1 194.1 193.4 197 196.9 196.9 198.5 200.2 201 201.2 205.3 211.1 215.1 219.1 229.2 240.1 253.3 263.8 270.2 273.7 275.2 278 282.6 285.8 289.2 284 281.4 281.9 282 283 286.8 279.8 274.4 270.4 276 283.2 287.7 292.4 293 294.6 295.6 310.5 322.7 328.4 337.7 340.7 345.1 347.7 351.8 348.7 343 336.9 334.2 329.4 327.5 327.5 333.6 338.3 337.3 336.2 333
217.4 210.8 204.7 192.8 187.4 187.4 187.4 187.4 187.4 187.4 187.4 187.6 192.9 190.1 187.4 187.4 187.4 187.4 187.4 187.4 187.4 187.4 187.4 193.7 194.3 192.7 188.7 188.7 190.6 197.2 197.9 201.8 204.4 203.8 211.3 216.3 220 220.6 219.8 224.9 232.6 244.9 254.9 267.7 274.9 281.9 284.4 286.3 286.6 286.8 284.4 281.2 278 277.4 277.3 277.1 274.7 273.3 273 270.1 270.4 273.5 275.5 277.1 286.8 309.5 316.9 321.7 338.2 347.5 346.6 344.4 345.2 348.9 348.7 345.4 343.8 343.9 334.7 327.5 327.5 328 332.4 334.5 331.9 322.7
217.7 210.8 199.2 190.1 187.4 187.4 187.4 187.4 187.4 187.4 187.4 187.4 187.4 187.4 187.4 187.4 187.4 187.4 187.4 187.4 187.4 187.4 187.4 192.8 192.9 192.8 188.7 188.7 193.5 196.2 198.4 205.7 208.5 213.2 216.7 220.5 223.1 225.6 229.8 231.4 235.7 243.7 248.7 253 260.2 266.5 269.7 275.9 281.6 282.3 280.5 278.6 274.1 273.7 274.4 273.2 269.9 269.1 269.9 271.3 267 269.2 276.9 281.9 291.2 308 321.1 326.8 331.3 338.8 344.6 345.6 348.7 349.2 346.8 346.5 346 347.6 341.9 332.2 330.4 325.8 322 320.9 321.2 331.6
216.6 205.4 198.7 189.1 187.4 187.4 187.4 187.4 187.4 187.4 187.4 187.4 187.4 187.4 187.4 187.4 187.4 187.4 187.4 187.4 187.4 187.4 187.4 187.4 190.2 192.1 195.6 197.9 198 197 201.5 207.3 212.3 216.6 223.7 230.1 231.1 233.3 234.3 234.7 236.9 239 242.5 246 252.8 259.4 262.3 264.7 272.9 274.7 272.7 269.3 264.7 265 264 259.8 263.6 264.2 264.2 264.4 264.5 271.4 273.1 276.3 289.8 301.4 318.2 319.8 329.9 330.1 328.7 335.1 341.4 344.6 344.8 343 343 341.3 337.5 332.6 328.1 324.9 323.2 326.1 341.3 345.2
212 206.3 200.4 190.8 187.4 187.4 187.4 187.4 187.4 187.4 187.4 187.4 187.4 187.4 187.4 187.4 187.4 187.4 187.4 187.4 187.4 187.4 187.4 187.4 194.8 197.7 202.6 202.4 205.2 204 207.6 215.4 217.4 217.5 224.1 229 235 239.7 242.8 242.2 240.8 241.4 242.6 245.9 249.4 253.3 258.1 259.7 261.1 265 265.7 261.8 259.5 257.2 254.9 251.8 251.6 254.8 257.5 257.8 265.7 267.1 267.6 269.7 276.8 290.1 297.6 304.2 315.7 321 320.9 320.7 327.7 337.1 337.9 332.8 330.9 329.9 324.4 323.9 318.2 314.2 330 356 357.8 357.1
214.4 208.7 203.9 196.4 187.4 187.4 187.4 187.4 187.4 187.4 187.4 187.4 187.4 187.4 187.4 187.4 187.4 187.4 187.4 187.4 190.6 188.2 192.8 192 191.2 194 193 192.7 196.1 196.2 201.6 209.1 214 215.4 220.1 226.8 227.2 231.9 242.5 249 248.7 240.5 242 246.5 248 250.1 255.4 256.7 257.4 258.5 259.6 258.4 254.9 253.6 248.5 246.1 246 249.2 263 266.1 266.8 267.4 269.7 270.7 273.7 285.1 289.5 293.9 297.8 305.8 311.4 314.5 313.1 314 320.1 318.6 318.9 314.8 314.2 314.1 319.9 336.9 362.6 360.1 362.5 360.3
218.8 214.4 209.8 203.9 196.4 187.4 187.4 187.4 187.4 187.4 187.4 187.4 187.4 187.4 187.4 187.4 187.6 187.4 194.9 199.3 202.5 204.4 203.6 200.1 199.5 201.1 203.6 204.2 206.9 211.7 209.8 214.7 212.1 218.8 224.9 228.9 229.1 227.2 227.2 233.5 233.5 232.5 232.5 232.5 237.2 241.9 244 249.3 251.6 253.2 253.1 252.1 251.5 250 244.9 244.9 248.9 256.4 262.3 265.7 267.8 270.3 272.2 275.3 282.2 288.5 290.9 295.7 298.3 301.8 302.9 306.5 308.8 308.6 307.9 309.9 310.2 309.3 312.9 329.9 339.9 362.1 364.5 364.1 363.4 363.9
218.5 215.6 211.4 206.7 201 191.3 187.4 187.4 187.4 187.4 187.4 187.4 187.4 187.4 187.4 190.9 195.1 196.6 200.1 204.8 207.5 208 209.2 207.2 204.1 207.3 211.2 213.5 218.6 216.3 219.8 220.7 219.5 223.9 226.2 228.6 230.6 233.2 238.6 236.9 240.7 247.2 247.8 242.8 239.6 239.3 239.8 240.8 242.7 242.9 243.5 244.3 245.7 246.1 241.6 246.4 253.2 256.5 262.4 266.6 270.4 275.7 280.8 288.9 296.6 300.4 304.5 299.6 298.4 298.9 299.6 303.1 303.6 307.3 310.2 310 310.3 320 335.4 342.7 346.4 355.5 359 361.1 360.5 355.3
216.9 214.3 211 206.1 200.7 191.1 187.4 192.8 193.8 189.7 187.4 187.4 187.4 191.6 191.7 194.4 197 198.2 200.2 201.7 202.3 204.1 205.7 205.7 206.4 214.3 217.9 219.4 220.5 219.5 215.9 219.5 219.9 220.4 222.1 224.9 228.8 232.7 234.7 237.5 233.6 237.3 246.5 239.8 237.5 238.8 238.4 236.2 239.2 240.1 242.6 243.4 237.6 241.7 249 253.8 249.8 250.2 255.7 264.5 271 284.3 290.4 296.4 302.7 303.8 305.7 305.6 303.2 296.6 300.3 305.5 307.5 313.1 315.4 313.9 323.4 338.1 347 347.2 344.2 346.2 355.4 358.6 354.1 349.2
215.4 211.7 207 202.4 198.2 195 193.6 189.4 187.4 187.4 187.4 187.8 190.8 193.5 194.2 196.2 200 203.3 204.3 204.4 202.8 203.9 204.8 206.6 208.8 214.8 220.1 224.2 224.6 221.8 218.1 217.9 217.8 220.1 218.8 219.8 225.9 232.1 237.9 241.1 234.9 230.6 230.6 230.6 230.6 231 233.3 229.6 229.2 231.8 236.2 234 238 243.8 247.5 249.3 249.6 250 254.5 259.6 262.8 265.9 269.2 273.6 275.7 280.9 291.9 293.8 292.9 299.7 308.1 316.1 317.5 312.7 315.9 321.9 325.9 330.8 336.3 338.9 341.6 345 350.1 349.9 345.5 341.2
213.4 205.6 203.3 200.7 197.5 195.6 189.8 187.4 187.4 187.4 187.4 190.4 194.3 194.7 195.3 198.3 201.3 204.9 207.7 208.8 207.9 206.1 205.1 206.3 209.4 214.6 221.5 226 229.2 228.6 228.8 220.9 220 219 222 223.4 224.9 228.6 234.1 235.6 234.8 233.1 233.1 233.9 233 229.9 228.2 228.8 230.8 230.3 230.2 231.4 232.3 235.3 236.5 240.4 243 250.5 254.4 257.6 260.3 259 260.3 270.1 273.7 278.3 293.4 299 305 310 319.6 321.5 320.7 318.8 322.7 327.1 326.8 328.3 331.4 334.8 338.8 340.2 345.5 341.6 337.2 339.5
209.2 202.9 202.4 201.8 197.4 194.6 187.4 187.4 187.4 187.4 190.5 194.7 196.2 196.5 198.7 203.1 206.2 207.6 209.1 209 208.1 208.3 205.8 206.2 211 214.3 221.6 226.2 228.7 230.5 231 228.5 226.5 219.5 222.3 227.1 228.7 237.1 241.9 243.5 238.9 235.2 232.2 231 230.3 228.6 227.5 230.2 231.3 232.2 235.7 235.7 236.8 236.9 237.8 237.3 241.5 244.6 246.4 251.6 253.6 257.1 263.6 266.2 274.1 278 282 292.6 303.1 313.1 317.3 320.4 321.2 321.7 329.3 331.8 327.6 325.1 326.8 326.4 327.6 334.1 334.8 336.7 337.9 343.9
199.9 200.3 203.4 204.1 199.9 195.4 187.4 187.4 190.2 189 194 197.2 200.5 202.8 204.4 208.6 210.1 209.7 208.2 207.4 206.1 206.4 206.4 206.9 207.7 211.4 217.4 222.2 226.5 226.6 225.6 224.8 226.3 221.6 220.1 222.3 227.1 232.6 236.4 236 237.3 236.1 236.4 234 228.6 227.1 228.3 230.2 232 233.8 234.8 235.5 236.8 240.5 238.8 238.6 239.2 242.7 248.3 252.6 258.3 264.5 268.8 273.7 274.7 278.2 280.5 283.3 290.7 296.7 304.2 302.5 310.1 322.4 329 329.2 331 327.4 325.2 324.1 321.4 320.4 321.1 328.5 336.3 351.7
198.6 210 211.6 210 205 201.3 193.5 196.9 194.5 195.5 200.8 203.1 204 206.3 209.5 213.5 213.9 211.6 210.6 208.5 207.5 209.8 217.6 214.4 220.8 221.4 227.4 231.8 230.1 228.8 226.8 226.1 223.1 221.3 219.9 221.1 222.3 227.5 226 225.9 225.9 226.1 226.7 226.3 226.2 226.9 228.6 229.1 230 234.9 237 235.9 241.7 243.4 241.6 243.5 244.3 243.5 245.3 250.1 255.7 262.5 267.4 272.9 277.2 280.5 285.2 289.8 294.6 292.7 295.8 309.2 316.9 321.4 326 330.5 331.1 330.2 328.1 324 321.9 319.3 319.5 326.9 341.2 343.8
