app/static/ascii/NH20.asc
ncols 200
nrows 200
xllcorner 220000
yllcorner 800000
cellsize 50
[rows 70 to 104 of 200, columns 0 to 77 of 200]
404.3 412.5 418.4 423.2 427.6 430.8 430.1 431.7 435.4 427.1 425.7 422.7 413.1 407.1 400 396.1 395.8 396.3 394.3 393.2 396.1 401 405.8 411.5 417.9 425.9 434.1 441.5 449.5 458.4 465.4 475.5 481.9 490.3 501.4 509.8 516.5 522.9 530.3 536.3 544.6 553.9 562.6 571.2 581.3 591.2 598.7 601.9 605.1 618.4 622.2 629.8 634.7 633.3 633.3 627.3 630.4 630.3 622.9 615.3 614.5 607.1 600.9 595.1 591.2 586.1 585.6 583.5 576 572.5 575 568.1 564.9 562 557.5 565.3 563.6 560.1
405.2 409.6 415.2 422 430.7 433 429.9 431.4 428.9 429.6 430.6 428 421 418 413.6 405.4 401.2 401 400.9 396.5 399.7 402.2 408.2 413.4 419.5 427.4 434.3 442.1 449.2 455.7 460.6 470.2 478.9 489.9 504.3 510.9 515.8 522.1 527.1 534.2 541.6 550.1 560.3 568.4 575.5 587 593.7 598.3 601.2 612.7 615.8 618.3 623.1 628 630.7 622.9 622.3 618.8 614.6 613 609.8 602.2 594.7 588.3 582.6 576.8 576.6 574 569.1 566.4 562.3 557.9 556.6 554.1 550 552.6 553.1 551.7
403.9 410.7 416.9 424.8 427.2 424.5 426.2 427.8 428.6 430.8 429.8 426.4 423 423.2 421.2 414.8 408.3 402.7 402 405.1 402.8 403 407.9 414.2 420.5 425.8 433 441 448.1 453 459.6 469.7 478.4 487.5 498.6 507.3 513.7 518.3 525.3 532.9 539.9 547.1 556.1 565.4 573.4 582.7 592 596.2 597.1 608.2 610.4 612.8 614.6 622.2 619.6 618.8 613.3 611.7 611.1 606.7 603.3 594.2 584.8 578.7 576.2 574.3 569.3 566.3 562.7 561.6 552.9 550.3 549.5 547.6 543.3 546.3 546.2 545.6
406.3 413.7 418.7 420.9 420.1 418.8 423.8 426.8 428.6 429.1 430.1 428.6 426.8 423.9 422.2 418.4 413.7 411.5 410.3 408.1 404.4 407.6 411 414.2 417.7 425.4 430.5 437.7 446.2 450.5 457.3 467.8 476.6 487.1 496.2 502.3 509.9 516.8 523.8 531.2 538.3 546 556.6 565.1 570 578.8 588.9 592.5 595.3 601.3 605.9 608 613 616.8 616.8 615.6 607 604.6 602.9 598.2 594.5 582.7 578 573.8 569.2 566.1 561.1 563.8 558 552.1 545.8 541.2 540.3 538.7 535.3 535.5 536.9 534.7
408.3 411.7 415.2 417.8 419.5 423.9 424.2 425.6 427.9 429.9 429.4 427.4 426.2 422.6 422.6 419.7 416 414.4 417 415.4 410.1 408.7 414.5 417.6 421.2 425.6 431.4 435.4 444.5 449.3 458.5 465.7 474.6 482.9 490.6 496.7 504.2 511.7 519.7 528 535.7 544.9 552.6 562.5 567.7 572.7 579.7 585.7 592.2 604.5 607.1 608.4 609.8 614.2 616.6 617.2 604.1 602.8 594.3 591.2 589.7 581.9 576.6 573.3 566.6 560.8 553.3 555.5 554.8 546.2 538.1 535.9 530.8 528.6 526.4 527.1 525.1 526
406.9 410.7 412.2 413 417.9 418.9 422.5 425.7 428.5 430.2 429.3 427.4 425.4 422 419.5 418.3 416.2 418.2 421.4 424.7 422 415.3 410.5 415 419.2 425.6 430.7 434.7 439.6 446 454 463.4 469.3 469.6 478.3 490.8 498.4 507.1 516.6 522.6 533.2 538.2 550.6 558.5 566.1 572 577.7 586 593.2 605 610.9 609.5 610.4 613.5 615 616.1 607.3 598.4 591.2 586.5 586.1 577.9 574.3 571.4 566.2 556.1 551.6 546.5 546.4 539.1 532.3 526.8 523.1 521.7 518.2 517.1 515.1 514.8
408.4 410.3 411.7 413.1 414.8 417.8 417.7 426.4 427.2 428 426.1 425.2 423.5 421.5 420.4 421.3 422 424.5 427.8 428.8 429.5 429.1 420.2 422.3 425.1 425.5 429 432.2 437.6 443.1 447.6 451.2 466.9 477.6 485.4 493.4 501.1 509.2 518.6 525.5 532.2 542.2 548.7 556.2 565.7 570.6 578.1 583.1 591.8 603.3 612 611.5 609.9 610.6 611.7 612.2 608.7 605 590.7 574.1 571.6 571.1 570.7 565.1 561.2 553.1 548.1 543.9 540 535.7 529.6 524.2 520.4 516.9 513.5 507.4 505.5 505.3
408.5 411.9 412.8 413.2 415.1 418.5 417.2 420.4 423.9 427.8 426.4 425.4 424.4 423.5 425.3 424.7 426.7 431.2 435.3 433.2 436.1 438.5 433.2 424.4 427.9 428.7 430.3 435 439.5 447.1 453.9 462 470.1 476.8 485.5 495 502.1 510.6 517.9 524.8 531.4 539.9 547 550.9 559.9 569.5 575.3 581.4 589.9 597.2 604.9 607.2 608.2 609.1 610.7 609.8 606.7 604.3 596.8 583.9 565.1 562.7 563.9 559.1 556.7 553.1 548 543.8 536.5 531.4 525.3 519.5 514 510.1 505.6 503.2 499.8 500.6
406.1 409.2 411.4 413.8 415.9 417.2 417.2 417.2 420.9 427.4 428.9 428.8 429.6 426.6 427.8 428.9 430.7 435.1 441.5 441.1 445.9 447.3 442.4 435.4 428.2 430.4 432.9 436.2 441.6 447.4 456.3 464.4 471.7 479.5 488.3 496.6 504.6 513.3 522.6 529.2 534.2 541 546.9 549.6 556.4 566.5 574.8 582.4 592.6 602 605.6 609.5 611.3 612 610.4 610.5 604.8 601.8 599 584.1 569.8 558.9 554.3 554.2 555.4 553.2 546.7 541.7 537.6 533.6 526 518.4 510.6 504.3 502.5 495.5 492.6 492.1
406.5 411.3 413 415.7 417.4 417.2 417.2 417.1 422.1 428.3 435 433.9 431.3 427.9 429.6 432.8 436.1 441.7 448.8 454.8 456.1 455.1 449 437.5 436 433.5 435.8 439.3 441.6 449.5 457.3 463.8 471.6 481 490.3 500.3 506.2 514.5 524.5 531 536.7 543.1 547.8 552.9 558.6 567.6 572.8 586.1 598.3 603 607.8 611.2 612.3 610.9 611.6 614.5 607.2 600.6 591.9 584.9 578.6 568.6 557.2 546.9 550.4 549.4 543.1 541.5 538.8 531.2 524 517.3 510 501.3 493.4 488.7 484.1 483.4
412 417.6 419.8 420.3 421.6 421.6 419.5 422.1 425.5 430 434.8 437.5 435.4 432.7 434.9 440.8 450.2 456.3 462 462.3 461.6 457.2 450.8 441.9 438.2 437.4 440 444.1 444.6 451.8 459.9 468.2 477.4 486.7 495.7 503.1 508.6 516.5 525.4 528.7 536.9 546.7 552.4 558.1 565.5 567.1 576 593.4 606.6 611.9 608.4 607 603.1 603.3 607.1 614.9 608.7 603.4 599.9 594.7 582 568.8 558.4 547.5 542.5 541.7 541.6 538.8 534 527.1 520.5 512.5 504.8 496.3 485.7 480 476.2 475.2
416 423.1 425.1 425.3 426 428.8 428.2 429.4 431.9 433.1 436.5 441 440.8 442.6 446.3 454.3 461.2 468.5 470 470.8 466.4 459.7 452.8 447.8 443.8 440 442.8 448.7 454.3 457 464.6 474.6 483.4 492.5 501.7 511 517.2 521.7 528.5 530.4 538.3 548.9 556.8 564.2 578 586.6 591.1 598.6 603.3 610.7 606.7 604.5 603.3 600.3 600.6 610.1 604 600.8 596.5 592.2 581.4 572.1 560.2 553.1 545.3 543.1 537.6 530.5 527.1 519.4 511.9 506.2 496.6 489.6 481.8 472.1 468.3 467.4
418.2 425.9 429.4 428.8 430.3 434.2 437.2 436 436.4 438 443 447.3 450.6 452.9 460 468.4 471.4 475.4 477.9 473.1 469.8 465.1 459 456.4 455.4 454 455.8 459.6 463 466.4 470.4 481.1 489.2 499.1 507.9 515.4 521.7 526.6 528.4 535 543.6 558.3 563 568 581.1 592.2 596.6 600.9 601.7 601.8 599.2 601.5 599.8 600.7 594.8 597.3 600.5 593.2 587.5 582.7 574.7 570.8 561.2 553.2 545.1 543.9 540.8 532.9 522.8 515 503.4 496.2 490.8 484.2 476.6 470.5 463.2 463.3
413.8 424.9 430 431.2 435.3 437.1 441.1 442.5 440.9 445.6 452.6 456.7 460.5 465.8 472.4 481.8 489.1 485.5 477.6 474.4 474.3 471.8 465.2 461.3 460 458 458.3 461.9 462.9 466.5 476.3 485.4 493.6 501.7 509 517.5 526.6 533.1 537.9 546.3 555.5 561.6 569.9 574.5 577.3 587.7 600.1 604.2 598.8 599 600 594.1 594.6 595.3 591.4 591.8 586.7 578.5 573.9 569.6 566.7 559.2 549.5 549.1 542.9 540.8 536 530.6 521.7 513.2 506.4 495.8 488.4 482 474.1 470.3 462.3 459.7
420.3 425.6 433.7 437.1 441.9 444.6 446.7 446.5 446 451.1 460.4 466.6 474.7 479.4 482.6 489.9 490.7 487.7 483.4 479 474.6 475.1 473.6 463.6 462.7 460.8 461.3 461.8 464.2 471.4 480.2 490.5 497.6 505.5 513.6 522.9 531.8 542 552.5 560.5 568.8 573.3 579.8 579.8 577.2 577.6 587.7 593 592.1 594.9 599.7 596 590.2 589.2 585.3 583.6 578.4 566.9 557.9 555.7 552.5 547.8 541.6 538.5 533.4 529.5 528.5 521.6 518.9 509.2 500.9 493.4 484.7 480.9 477.1 470.9 462.3 455
425.8 429.3 435.8 444.2 447.6 448.9 453.4 454.4 450.8 456.3 462.8 473.2 484 492.1 491.8 490.2 491.1 489.6 490.2 482.7 478.7 475.8 473.4 464.9 462.8 462.4 461.7 461.6 467.5 476.1 484.6 494.4 502.8 513.5 523.2 533.8 543.2 552.5 559.4 566.4 575.2 584 591 588.1 579.8 577.7 576.8 587.3 593.3 599.1 601.1 599.3 592.5 592.2 587.4 581.8 578 563.2 558.7 549.8 546.8 544.7 539.6 534 528 522.4 517.4 516.1 510.2 502.5 497.4 490.3 482.9 478.2 472.4 466.6 459.8 456.3
430.9 432.9 438.4 447.9 455.1 456.7 457.3 456.9 453.8 456.6 465.1 478.1 489.6 490.4 491.1 493.6 489.2 489.4 489.6 484.7 479.5 475.8 471.7 467.5 462.7 461.7 462 466.5 473.7 479.7 489.1 498.3 507.6 517.7 527.1 539.4 554.4 566.1 575.6 580.2 583.1 589.2 593.2 593.1 585.7 576.3 579.7 596.3 598.7 599.8 601.1 601.1 592.1 586.8 583 580.2 581 567.5 557.7 551.1 537.6 529.9 531.5 525.5 521.7 512.4 504.9 497.4 500.8 495.1 490.4 487.5 480 473.3 469.5 462.7 458.3 451.7
435.6 442.6 447.3 452.7 458.2 462.5 462.2 459.5 457.2 455.9 465.1 478 486.8 487.7 489 494 491.8 489.9 489.1 485.2 485.4 479 472.9 463.9 462.9 462.6 462.1 466.6 474.6 483.2 491.9 501.1 509.4 519.6 532.8 547.1 559.7 572.7 583 587.5 588 587.9 591.2 594.4 587.8 576.3 581.4 593.4 596.8 598 601.8 601.1 590.9 585.2 579.5 576.5 575.7 565.7 555.2 546.3 537.2 525.3 513.8 513.7 511.9 503.7 496.5 489 488.2 487.2 486 483.3 477 468.6 462.3 456.7 450.7 446.1
445.6 452.2 457.2 464.7 470.3 470.1 467.9 469.7 465.7 458.7 465.7 473.9 479.8 483.5 485.7 487 486.7 490.1 490.2 485.7 482.1 477 476.7 474.5 466.6 462.6 464.8 469.2 477.3 484.7 492.9 500.3 507.4 517.2 536 547.3 558.9 571.5 582.3 589.4 590.1 589.4 588 585.9 587.4 578 582.5 586.1 588.6 594.4 595.6 593.7 588.6 579.8 570.2 568.7 567.9 561.9 553.8 544.5 538.2 529.7 517.5 507.1 500.9 497.2 490.3 485.3 477.4 476.7 477.3 475 471.6 465.6 460.2 453.6 447.4 440.8
452.8 463.1 470.1 475.8 477.5 475.7 474.3 471.3 470.2 467.4 473.2 476.5 481.2 482.5 483.5 485.5 486 487.3 486.6 483.1 480.2 483.5 480.5 478 476.1 470.8 469.8 475.6 479.1 487.7 496.5 506.2 510.9 522.2 537.7 547.2 551.9 564.9 576.4 583.5 587.4 590.2 591.1 587.1 581.2 581.5 580.8 585.2 583.9 585.3 590 589.8 587.9 578.4 565.2 559.1 556 556.5 549.4 543 535.7 527.3 517 507.6 496 488.6 480.6 476.7 474.5 470.8 469 467.4 464.5 460.4 455.3 450.1 445.2 437.5
460.5 475.5 481 480.5 482.5 481.6 474.3 472 471.7 469.3 474.4 478.3 480.4 481 483.3 486.4 486.4 487.3 483.9 482.9 483.1 486.7 484.3 483.4 487.9 484.3 487.6 491.6 497 495.9 503.7 505.8 512.8 522.7 534.6 547.6 550.4 556.1 568.4 575 581.4 584.7 587.7 587.3 583.4 574 573.7 577.4 579.4 577.1 577 581 582.8 572.4 563.9 550.2 543.5 546.5 545.2 537.8 531.5 524.6 516.6 505.4 495.7 488 475.8 471.5 467.6 462 459.6 460.8 458.7 454.7 451.5 448.1 439.2 434.9
463 475.6 478.8 482 481.3 477.2 476.1 473.3 474.1 475.4 474.7 476.1 479.3 481 485.1 485.6 485.6 487 487.3 490.2 488.4 485.1 486.2 487.5 492.3 493.5 497.9 500.3 503.2 497.5 499 504.1 513.3 523.6 531.3 538.9 547.9 549.5 561.9 568.9 572.5 578.8 580.9 584.2 583.4 573.8 566 569.6 571 573.8 570.7 569 567.3 566.3 558.2 543.2 534.6 533.4 535.1 533 526.9 520.6 510.8 501.6 493 484.2 475.1 468.6 464.8 453.6 453 453 453.7 451.5 442 440.1 433.3 430.9
463.1 471.6 475.3 478.8 479.9 475.6 474.1 473.9 474.6 473.6 477.4 478 482.6 482.8 483.3 485.7 490.4 489.3 489.3 490.6 489.6 490.7 490.5 488.5 498.1 500.7 500.9 503.2 503.8 498.3 499.1 509 519 525.2 531.8 535.1 537.4 545.8 550.6 559.5 565.1 571.1 574.2 578.8 579.2 576.8 565.2 565 561.9 560.5 559.6 557.1 557 552.5 545.8 534.5 526.7 522.8 523.5 524.6 524.2 515.6 502.1 492.1 486.9 480 471.2 467.2 463 456.8 447.2 441 447.2 446.4 439.8 431.7 428.2 421.9
467.5 466.8 473.9 476.7 473.8 472.6 475 474.2 474.2 474.6 473.7 479.1 481 481.4 484.6 488.3 489.6 491.4 492.8 491.5 492.6 494.1 491.3 492.6 497.3 502.3 500.4 502 505 498.7 504.4 513.2 522.8 528.5 533.6 536.3 534.7 537.4 544.5 545.1 550.7 560 567.5 575.6 576.4 574.2 568.6 566.8 562.4 555.7 547.1 545.3 546.1 544.5 539.3 526.9 527.3 518.9 516.2 512.6 511.7 505.2 493.5 485.8 478.3 472.2 464.2 461.7 456.1 450.3 446.5 440.8 433.3 434.5 437.5 433.4 424.6 420.9
464.5 466.1 467.3 470.9 469 468.7 468.6 472.7 474.5 474.1 473.9 475.5 478.3 481.8 486.5 489.6 491.4 496.1 494 493.9 496.3 493.1 497.7 501 500.8 502 500.8 501.4 501.3 504.3 511.6 518.2 526.7 534.5 535.6 536 535.2 537 537.1 539.9 539.7 544.6 554.2 563.4 568.3 566.5 563.9 560.1 558.6 553.9 545.6 535.9 535.1 531.6 531.5 525.6 518.1 517.7 513.4 507.6 503 496.5 487.2 477.4 472.4 465.9 460.6 453.7 450.4 445.4 441.6 438.7 430.8 424.6 427.7 426.8 420.1 418.2
467.3 467.4 467.5 468.1 472.2 477.3 475.5 475 474 479.3 479.4 479.8 480.7 481 486.4 489.9 491.5 496.2 495.7 496.7 496.8 495.1 498.7 504.2 511.2 512.9 505.3 501.2 501.9 509.2 516.4 527.3 535 540.5 543.2 543.6 538.4 538.7 538.3 531.8 532.5 535.1 538.4 541.1 551.2 552.7 554 549.7 549.7 547.9 541.2 531.5 527.4 523.9 516 518 509.8 506.9 506.6 501.6 494 486.5 480.2 470.8 464.6 458.4 455.5 448.7 443.9 437.8 436.5 431.8 424.9 420 419.9 413.9 410.9 408.4
470 470.4 472.2 475.2 477.9 476.8 477.4 477.1 475 478.8 481.9 482.4 484.2 482.5 483.3 485.6 489 493.6 499.2 498.6 503.1 502 500.1 506.4 510.3 512.7 509.1 507.5 502.7 507.7 517.6 529.3 536.6 535.9 536.7 536.5 533.7 534.3 533.6 526.5 525.3 524.8 527.4 524.2 530 534.9 538.4 538.3 538.4 534.6 530.3 521.3 522.3 515.9 508.7 500.1 497.7 495.3 493.7 490.8 484.4 476.7 473.2 465.3 457.8 452.3 450.2 442.4 440.2 433.9 431.7 425.1 419.5 417.7 416.6 408.7 406.1 401.5
474.4 474.5 475.9 476.3 477 478.8 476.6 476.2 484.3 484.3 485 486 485.9 483.7 484.2 484.9 486.1 491.8 499.5 502.6 507.1 506.1 506 508 511 510 512.3 508.3 507.6 508.9 507.6 516.5 526.6 526.1 522.4 525 524.9 525.1 523.9 521 517.7 514.4 515.6 515.4 513.7 518.5 524.6 524.5 527.2 522.5 519.6 513.4 512.9 510.5 503 495.4 490.7 483.8 480.2 477 474.2 468.9 464.9 459.2 453.7 452 448.4 441.8 433.4 429.3 425 423.1 420.9 414.3 411.1 403.9 402.5 399
475.3 475.3 477.4 476.3 477.2 479.5 479.7 479.8 481.9 486 487.9 489.9 493 489.4 485.4 485.4 485.7 491.9 497.4 500.9 507 508 506.7 508.3 510.1 510.2 507.7 507 504.8 504.3 502.2 502.2 505.8 510 508.3 506.4 507.6 511.8 512.1 508.5 508.4 507.5 505.9 502.4 502.1 503.3 505.2 510 514.2 514 509.4 502.1 499.5 501.1 493.2 486.3 483.7 476 470.8 463.5 459.5 459.9 457.4 452.2 450.6 447.6 442.3 435.1 427.6 422.7 418.9 416.5 413.4 410.2 403.6 400.3 396.7 394.1
475.3 475.3 475.9 477.8 481.4 483.4 483.7 484.2 481.9 485.2 489 491.2 493 492 489.5 493 496.2 498 507.3 514.6 518 520.1 515.8 511.7 515.8 515.4 514.5 512.5 505.3 500.3 497.8 496.4 496.1 491.7 487.3 488.7 490.9 492.4 496.1 497.5 496.9 495.9 495.1 490.3 489.6 490.7 491.2 492.2 495.4 499.8 496.3 487 484.8 485.5 480.8 476.7 471.1 465.1 461.2 454.4 447.1 446.7 447.2 446.5 442.4 437.2 432.1 427.2 420.6 417.1 413 411.1 408.7 406.5 402.4 396.4 392.5 386
473.1 475 476.8 483.9 489 490.4 488 487.1 489.2 487.6 492.9 496.8 502.9 501.8 498.4 501.1 507.5 509.8 516.2 522.3 525.3 527 524.9 520.4 513.8 512.5 513.8 511.1 503 503.9 501.5 496.8 495.4 491.1 482 474.5 471.9 473.3 478.6 483.3 485 484.2 481.5 480.4 478.1 476.9 479.6 476.1 478 481.1 477.7 473 468.4 466.5 465.6 461.8 454.8 451.1 447.4 444.6 438.9 432.5 433.1 434.4 431 427.7 423.6 420.4 415.4 411.4 407.8 403.5 402.7 400.8 395.7 390.8 386 380.7
468.8 474 477.7 484.2 489.7 493.3 493.6 494.4 495 493.3 500.2 508.6 514.9 515.8 517.6 518.1 513.6 517.8 525.4 523 526.5 528.4 525.4 519.1 508 506.2 502.3 499.2 494.1 498 498.6 492.2 492.2 493.1 483.3 469.9 467.1 462.8 466.3 471.2 475.1 472.5 470.7 470.9 470.3 466.2 462.1 457.4 459.1 457.8 457 457.2 458.7 456 451.7 447.7 443.8 442 438.2 433.5 429.6 424.8 421.9 420 420.4 421.5 420.2 415.6 410.9 408.1 404.1 399.3 397.2 395.7 390.2 387.3 381.5 374
469.2 478.5 479.1 485.7 493.7 498.5 502.8 505.3 502.3 502.3 505.6 516 523.1 527 530.7 530.3 529.4 527.1 524.8 524.3 523.8 523.9 519.1 512.8 499.1 494.7 491.6 487.5 480.9 483.7 485.6 482.3 482.4 481.9 475.4 466 456.9 452.9 454.5 463.8 461.4 459.3 463 462.1 464.2 457.8 449.4 444.3 439 443.7 442.7 449.4 452.6 452.1 446.4 439.6 432 428.7 426.5 425 419.2 416.7 414.6 410.9 412.3 413.8 413 410.4 407.5 402.8 398.4 396.5 392.8 390.3 387.9 383.1 377.2 371.2
469.3 476.3 480.1 488.8 495.8 504.2 509.6 510.8 508.3 513.8 515.6 519.4 525.2 529.3 531.2 532.2 533.5 531.7 528.3 522.7 517.1 512.3 509.8 499.2 486.2 483.7 481.1 472.1 468.9 470.5 467.6 467.5 466.5 467 466.1 457.4 449 448 446.8 454.5 455.4 451 443.9 443.6 446.8 446.2 440 434.7 434.7 437.6 434.6 441.1 440 441.4 435 432.1 429.5 419.1 414.9 416.8 416.2 409.6 405.9 404 402.3 403.5 404.3 404.6 403.1 401.4 396.7 391.4 386.9 386.6 383.9 379.9 375.8 370.1
467.8 473.4 481.4 486.9 494.3 503.4 511.8 514.8 517.1 521 525.5 523.9 525.4 529.9 530.7 531.1 532.2 531.2 528.3 521.7 512.2 501.6 492.1 479.1 466.5 464.1 464.5 460 455.1 453.3 453.8 459.3 450.3 455.3 458.1 451.2 442.8 442.1 436 436 439.1 439.4 435 430.6 431.9 429.4 429.1 424.3 422.9 426.3 425.6 425.9 426.6 424.4 423.9 423 416.5 410.9 407 404.7 405.1 401.9 398.7 397.7 398.4 398.4 397.2 397.9 399.8 399.9 395.5 387.6 382.6 382.4 377.6 377 370.5 363.7
