app/static/ascii/NH21.asc
ncols 200
nrows 200
xllcorner 220000
yllcorner 810000
cellsize 50
[rows 70 to 104 of 200, columns 78 to 155 of 200]
479 474.4 468.9 464.9 461.7 453.5 454.4 450.1 454.7 454.4 453.5 452 450.4 448.3 446.4 445 442.5 439.5 434.7 425.5 423.5 422.4 420.3 422.6 425.6 427.9 427.4 427.9 428 427.4 427.2 427.4 427.3 426.7 425.2 423.2 419.6 414.2 411.4 408.2 408 392.9 385.7 398.8 405.7 407.9 410.6 410.3 412.5 416.4 421.4 423.9 425.3 425.2 424.7 424.2 425.1 423.9 423.2 423.5 424.5 428.3 429.7 427.1 423.3 420.2 413.8 401.9 389.8 381.3 376.5 369 360.5 358.2 362 360.6 365 367.4
470.5 464.4 457.9 454.7 451.2 449.1 452.6 449 448.7 448.5 448.2 446.4 445.6 443.6 438 433.3 427.1 424.1 423.7 422.7 424.1 425.8 428.1 430.7 431.4 430.8 432.1 432.9 432.4 431.4 430.7 429.8 429.1 431 427.3 423 417.3 409.3 405.8 405 404.3 385.2 386.5 403.3 403.8 405.5 408.7 411.5 417.9 420.8 424 427.4 426.4 425.2 424.1 423.2 422.6 421.9 423.2 423.6 426.8 433.1 430.8 427.2 421.2 417.1 405.6 394.2 382.5 379.3 370.9 367.2 363.5 355.5 355.5 357.2 361.2 364.1
457.6 456.8 453.1 450.4 448.6 444.9 443.6 447.4 440.6 442.1 443.5 442.1 441 438.5 427.2 424.5 424.9 425.8 427.7 428.1 427.9 427.7 430.2 432.2 433.5 434.5 436.3 436.7 436.8 437.5 436.4 432.7 431.3 433.5 428.6 419.5 414.7 408.4 403.9 399.7 401.2 383.3 386.1 400.7 402.7 405.3 408.7 413.9 421.2 424.1 425.6 427.7 426.3 425.3 424.2 421.9 420.6 424.1 424 425.4 431.8 434.9 430.1 424 415.7 405.4 395.3 385.1 380.1 376 368.8 363 357.2 352.4 347.4 353.4 358.2 359.9
453.4 453.5 451.4 448.4 443.5 440 436.5 438 436.9 436.8 437.3 436.8 436 427.8 424.9 428.7 430.2 429.8 429.4 429.5 429.5 430.1 432.4 435.6 436.9 440.4 443.4 444.4 444.4 442.9 440.1 434.9 429.6 426.5 422.3 416.8 410.8 405.7 399.9 396.4 399.8 381.9 382.4 399.1 402.1 405.7 411.2 419.2 422.8 423.5 424.6 426.6 425.5 425 423 418.3 422.6 424.5 425 431 437.2 433.8 426.7 413.8 403.4 395 383.2 379.9 378.3 371 365.1 359 354.2 350.2 344.3 349.1 352.3 355.3
452.8 447.9 447.7 443.5 437.1 435.1 434 433.5 432.8 432.1 432.4 431.2 428.7 427.3 425.6 430.5 430.5 430.8 430.5 430.3 433.2 436.4 439.1 444.2 447 449.5 452.3 452 451.6 447.7 442.8 435.7 428.8 422.8 419.5 414.5 408.5 401.5 394.2 391.6 388.7 380.7 385.5 398.9 402.6 406.3 413.1 423.2 422.5 422.5 423.6 425.8 426.2 422.9 419.2 415.4 421.4 423.3 424.8 438.7 435.9 425.9 416.6 404.9 396.4 385.8 381.9 380.3 375.8 367.3 361.8 356.2 353.6 349.5 344.4 341.8 345.9 350.2
447 441.1 438 435.6 432.9 432.5 431.2 430.6 430.6 429.8 429.4 428.6 427.9 427 425.7 429.2 432 433.7 433.3 437.2 438.6 444.9 451.5 455.7 459.7 459.8 460 460 454.2 451.2 443.1 436.4 428.2 419.4 414.7 410.5 404.2 396.2 388.7 384.9 379.9 377.6 392.3 399.1 402.9 407.3 414.3 420.5 420.4 420.1 424.4 428.5 421.5 418.5 414.7 411.7 419.6 422.2 426.4 435 427.5 417.5 406.5 395.1 387.2 382.7 381.5 376.9 369.7 363 357.9 355.1 352.1 347.7 342.7 337.7 340.5 345.2
441.3 435.4 433.5 432 431.7 431.8 431.5 430.9 430.1 429.6 428.8 428.3 428.8 428.4 425.9 429.5 433.5 436.9 439.8 443.5 451.7 460.8 466.9 471.8 473 474.7 468.4 463 459.5 449.1 442.2 434.3 425.5 416.8 411.2 404.1 396.8 390 382.7 379.7 376.2 379.8 393.1 399.5 403.5 408.2 415.9 417.4 415.2 414.6 416.6 417.5 419.4 411.8 408.8 406.5 411.5 418.6 424.8 424.5 416.5 406.9 395 387.8 384.8 381.5 379.6 369.7 363 358.9 356.4 354.4 351.2 346.2 340.7 336.8 335.9 339.4
434.8 434.3 433.2 431.8 430.9 431.6 431.3 431 429.7 429.2 428.8 427.9 427.9 426.7 427.5 427.2 433.9 440.6 446.8 459.2 470.9 481.2 483.4 484.7 481.6 479.1 470 467.8 456.5 449.5 439.9 430.2 419.6 411.7 404.6 397.3 389.8 383.7 379 379.5 381.7 384.3 392.1 399.2 402.5 406.8 407.9 408.9 408.2 408.5 409.6 410.7 411.4 403.8 405.9 401.9 406.5 408.7 408.5 407.3 403.6 394.9 385.7 383.2 380.2 378.9 372.4 362.2 359.9 357.7 355.5 352.6 350.6 343.3 337.7 335.2 332.5 334.7
433.2 433.9 433.1 430.6 428.9 428.3 428.1 428 428.1 427.3 427.3 427.3 428.9 432.3 432.5 440.2 442.9 447.3 458.6 471.8 480.4 490.9 494.4 488.2 484.4 479.2 470.2 462.5 454 445 433.6 425.3 417.1 408.9 400.1 392.2 384.5 380.4 370 374.2 373.5 382.7 392.7 396.1 399 402.2 403 400.9 401.3 402.3 397.9 396 399.5 394.9 397.4 395.5 397.5 399.2 399.2 397.6 391.6 386.9 382.7 377.7 375.2 373.6 367 360.8 357.5 355.7 353.9 350.5 345.2 339 335.4 332.8 330.9 330.7
434.5 434.1 431.9 429.2 428.6 428.1 427.8 427.6 427.7 427.8 431.1 434.1 437.2 440.6 448.1 453.1 464.6 466.9 466.3 474.9 484.1 495.1 494.7 489.5 486.4 476.5 467 459.7 449.4 438.2 428.4 421.9 414.9 404.8 398.1 390.1 379.9 377 373.1 356.1 363.8 382.3 388.9 391 393.9 396.3 401.2 394.9 394.4 392 390.4 386.5 386.5 390.1 390.1 386.6 389.8 393.5 390.3 387.9 385.9 384.1 378.1 372.7 368.7 367.2 361.9 359 357.3 353.1 349.7 345.8 340.7 336.7 333.9 331.5 329.3 328.8
431.7 430.8 430.4 428.2 428 427.8 428 428.8 431.5 432 434.9 443 450.6 454.5 459.8 465.2 478.6 487 489.8 480.9 484.1 487.5 488.6 483.1 475.3 467.8 457.9 450.6 441.7 432.5 425.2 418.9 410.8 401.9 393.9 384.4 378.2 371.7 368.6 358.1 358.3 380.3 383.6 387 390.8 394 392.8 390.7 388.1 385.9 384.2 381.9 381.6 382.7 377.9 379.1 378.7 382.6 381.8 380 379.5 371.9 366.5 363.6 360 358.4 358.1 353.1 353.1 348.2 344.8 341 337.2 334.5 332.1 330 327.8 327.1
429.4 429.8 428.7 428.3 428 430.1 429.6 434.1 435.5 439.8 448.9 459.4 469.1 472 469.7 484 495.5 499.7 503 502.4 495 490.8 480.8 473.2 466.8 460.3 452.9 444.1 437.1 430.7 424.1 415.4 404.4 396.5 389.6 382.4 377.2 370.2 364.1 359.2 354.7 371.8 377.2 382.9 387.7 392 390.7 388.4 389.6 388.6 383.3 377.5 376.7 375.2 375.2 373.2 370.7 371.8 374.2 370.7 368 366.5 362.7 359.6 356.1 349.5 347 348 346 343.3 340.2 337.4 334 332 330 328.2 326.5 325.9
430.7 430 429.2 429 432.1 434.3 436.8 437.5 438.4 450.9 458.4 472.8 476.7 480.5 483.8 489.4 497.5 500.1 501.8 496.7 485.6 478.7 473.7 466.1 461.2 457.8 447.8 440.2 434.5 430.4 420.5 408.5 400.1 392.3 385 378 374.6 373.5 363.2 355.2 351.5 364.4 371.1 377.7 385.1 389.8 386.7 386.8 390.9 387.4 381.3 372.9 369.2 367.1 367.1 365.9 363.4 364.4 366.1 362.9 360.3 356.9 353.7 350.5 349.3 345 344 343 341.2 338.8 336.3 334.1 331.5 329.7 328.3 326.8 324.9 324.8
435.8 434.4 431.8 430.7 433.5 437.4 437.4 441.7 458.2 468.2 475.3 486.4 488.6 492.1 491.4 495.6 492.9 494 497.1 486 474.7 468.5 463.5 460.2 457.5 448.8 440.7 433.2 431.3 424.1 414.8 405.4 396.5 390.8 382.3 376.1 370.4 365.2 358.8 352.8 349.4 362 366.8 373.9 380.5 382.1 379.4 384.3 384.5 381 373.1 368.7 365.8 364.8 360.5 356.8 355.6 356.1 356.1 357.1 352.6 349.6 350.3 347 345.1 342.7 341 339.2 337.1 335.1 333.2 331.2 329.3 327.9 326.6 325.2 323.5 324.3
441.8 440.3 439.5 439.8 439.5 440.9 443.6 454.5 465.5 477 480.5 489 492.9 491.1 490.5 490.5 487 486.1 483.7 476.3 470.3 463.6 457.1 452.6 449.6 443.1 436.9 431.9 428.9 419.8 411.1 402.4 394.6 387.3 379.8 373.4 366.4 361.5 353.7 350 346.1 359.7 363.4 366.8 370.3 373.6 369.1 372 372.5 370.1 365.8 360.2 358 359.1 353.1 351.7 352.3 352.7 351.1 348 346.2 345 344.2 342.4 341 339.4 337.6 336 334.2 332.3 330.4 328.6 327.2 325.8 324.9 323.8 322.8 323.3
448.4 447.5 450.9 450.4 446.8 447.9 448.9 458 466.5 475.9 479.4 488.6 489.1 486.1 485.9 485.4 482.3 477.8 475 471 465.9 462 455.2 450.5 445.8 440.1 432.8 427.3 421.5 414.1 406.5 400.6 393 385.4 379.3 370.1 362.4 355.9 350.4 348.3 346.3 347.4 358.4 356.5 356.9 360.8 357.3 357.5 359.8 359.2 355.3 351.7 349.6 349.1 348.1 348.2 345.6 348 347.7 344.4 344.8 343 340.5 338.9 338.9 336.3 334.5 333.4 331.7 329.5 327.4 325.5 324.6 323.5 322.7 321.4 321.9 321.9
450.1 454.5 455.3 451.3 450.4 449.4 453 456 466.3 473.1 479.1 479.4 479.4 479.4 480.4 478.9 477.2 469.8 467.8 465.3 460.1 455.5 454.6 450.5 445.2 435.8 428.8 423.2 417.3 410.5 406.7 398.4 391 384.1 375.4 369.3 363.8 361.2 354.3 346.3 346.5 340 351.6 353.5 352.9 352.5 352.1 351.8 353.2 351.8 349.1 347.8 346.3 347.7 343 342.4 340.9 340.7 343.5 342.1 340.5 339.7 338.5 341.5 336 333.2 331.3 330.9 329.3 327 323.8 322.7 322.1 321.3 320.3 320.8 320.1 322.9
452.6 452.9 452 449 445.6 447.4 452 455 464.3 470 473.3 471.1 472.4 476.2 476.1 470.7 468.6 466.5 463.4 458.6 452.5 450.1 450.2 448.1 441.1 432.8 425.4 421.6 416.4 410.2 402.5 396.7 389.8 381 378 370.8 364 357.1 347.6 345.1 345.5 332.4 343.8 348.2 351.1 351.5 350.2 347.5 345.7 345.9 346.1 344.8 342.6 340.8 339.6 338.4 337.3 337.3 339.4 340.1 339 337.9 337.3 335.7 333.3 330.7 329.4 328.2 326.8 324.9 322 320.7 319.8 321 325.6 324.7 324.4 323.6
455.9 455.1 451.5 447.6 443.6 447 449.8 453.5 459.3 464.2 465.7 463.6 468.1 471.8 466.3 466.5 467.1 462.8 458.1 452.4 447.6 445.5 445.2 441.6 436.5 429 423.6 420 414 406.7 402.1 394.3 389.9 386.3 380.3 374.9 364.6 353.9 344.7 341.9 342.9 336.2 329.1 343 346.7 348.5 348.7 343.7 341.7 344.2 342.1 342.3 339.9 337.3 335.7 336.4 335.1 335 332 337.1 336.5 336.2 335 334.5 332.3 328.7 330.4 325 324.5 323.2 322.6 318.2 321.9 322.4 323.1 323.6 324.3 322.9
458 455.2 452.3 446.9 441.1 441.9 446.8 448.3 453.6 455.9 454.4 454 457.8 461.6 461.9 460.9 460.3 457.2 455.6 451 445.1 442.9 440.5 437.8 433.6 428.2 419.4 416.3 411.8 407.6 403 400.4 395.3 392.7 387.1 377.7 365.7 356 346 342.2 338.5 329.1 328.6 338.9 345.8 347.7 344.5 339.9 338.6 340.4 338 337.2 337 335.5 334.4 333.1 333.1 330 329.8 330 331 332.8 332.5 331.6 330 328.3 326 323 320.1 319.8 319.5 317.6 321.1 321.8 322 322.4 322.8 322.3
453.8 456 446 438.6 435.7 437.9 442.2 442 446.4 449.7 444.6 445.8 449.7 455.1 453.9 455 456 455.2 449.5 446.4 444 439.8 436 433 429.4 421.1 417.8 415.7 412.6 410.5 407.7 402.8 400.9 398.9 386.9 372.7 362.4 358.5 348.4 342.3 337.7 327.4 326.3 337.1 342.1 341.4 339.5 336.9 335.5 335.7 335.6 335.4 335.4 334.9 333.7 332.1 333.9 329.5 328.1 328 329.8 328.8 328.5 325.8 327.8 327.6 324.9 322.4 319.7 319.3 319 316.6 319.1 319.9 320.2 320.8 321.7 322.5
450.9 445.8 439.8 430.1 429 433.7 435.7 434.7 437.4 439.3 437.5 439.9 443.7 445.9 447 449.9 449.9 447.6 445.1 444 441.8 437.5 435 431 425 420.7 416.5 416.4 414.8 414.2 406.8 402 397.6 391.1 376.7 367.4 359.8 356 348.1 341.6 340.9 324.7 325.4 328 339.2 338.3 338.1 335.9 334.8 334.7 334.2 335.2 335.8 335.5 330.8 329 327 327.3 326.7 326.6 326.3 325.4 324.1 323.3 324.9 325.5 323.9 322 320 319 318.4 317.9 313.5 317.6 318.7 319.7 321.4 324
444.8 441.2 431.6 426.7 426.3 426.9 426.9 429 431.9 432.1 432 434.9 436.2 437.8 438.9 441.2 442.9 445.4 442.3 438.9 439.1 438.6 435.7 431 423.9 419.5 416.9 415.7 415.1 413.5 409.4 406.1 393.1 382.3 371.2 363.2 355.8 349.6 345.2 340.2 335.7 324 324.2 333.1 336.4 336.7 336.7 335.5 334.8 334.7 335.6 335.9 335.5 334 329.8 328.4 325.7 325.6 325.5 325.2 323.8 320.9 320.4 320.5 320.6 322 322.2 321.5 319.7 316.9 316 316.7 313 315.9 317.4 319.9 323.2 326.3
438.3 436.4 428 423.9 422.5 415.6 416.5 421.8 424.3 422.3 424.9 427.8 426.2 428 431.5 435.5 438.6 437.3 435.5 436.2 439 440.8 434.4 425.4 422.3 421 421.5 424.7 421 413 409.6 402.5 388.1 378.4 367.8 362.3 356.1 345.7 342 338.9 336.3 322.6 322 331 334.2 336.4 335.2 334.6 334 335.2 336.7 336 332.9 329.8 325 324.3 324.1 324 323.3 321.9 320.8 320.9 321.4 318.6 317.7 318.6 319.2 320 317.2 313.6 311.3 312.3 312.4 314.4 315.8 319.9 325.3 328.2
434 428.1 424.8 418.8 412.4 406.3 407.2 411.2 414.6 413.9 413.8 414.8 417.6 423.2 426.7 430.2 434 433 433.4 435.3 436.7 432.8 429 425.5 424.9 426.3 428 427.3 421.2 417.5 408.6 400.8 390.8 383.4 374.2 367 355.6 344.2 339 336.1 334.5 319.2 321.3 331 334.8 335.3 335.1 334 333.5 334.9 335.8 335.3 330.8 325.6 323.1 322.3 322.3 322.1 321.8 322.3 322.8 323.9 324.1 322.5 320.2 317.2 315.5 315.8 311.8 309.7 309.2 309.6 310.7 308.3 315.3 320.3 322.5 320.9
433.3 433.5 423.4 413.4 403.2 397.9 399.7 402.3 406.4 407.6 405.2 404.9 409.3 418.2 421.8 424.8 429.5 430.1 430.3 432.3 432.4 429.6 429.1 430 431.5 430.9 433 429.9 425 414.8 405 401.5 393.2 384.2 374.1 364.1 352.5 343.9 338.4 334.4 333.1 330.3 321.6 331.2 333.9 334.9 334.9 332.5 333.8 334.8 332.2 329.4 326.8 323.3 322.5 321.6 320.8 320.8 320.8 321.6 323.6 326.5 327.3 326.5 323.6 320.2 317.6 314.6 310.6 309.3 307.1 305.9 307 309.4 314.7 318.1 319.1 318.2
433.3 427.2 418.9 408.8 394.5 388.8 392.2 395.6 398.7 400.4 400.8 402.6 406.4 413.9 419.1 423.2 424.9 427.1 428 428.6 428.9 429.8 433.2 435 433.7 433.8 441 432.4 420.6 411.2 405.5 405.4 397.1 384.9 372 361.3 349.4 340.5 336.7 338.3 332.5 325.8 319 329.7 333.1 333.9 333.6 332.1 333.7 333.7 328.2 325.3 323.9 322.3 322.4 321.5 320.8 320.8 320.8 320.7 326.9 330.8 330.4 329.8 326.9 322.5 318.7 316.8 315.5 313.3 310.2 307.8 305.8 307.7 311.3 314.7 316.8 317.2
426.3 421.4 411.2 398.2 390.9 387.5 386.6 390.3 394.9 395.1 395.4 398.3 403.2 409 413.9 418.3 420.2 423.5 425 426.3 428.5 430.9 432.8 432.4 433.7 435.4 433.2 427.2 419.2 412.8 407.9 399 393.2 379.2 364.6 354 351.1 347.6 340.6 333.8 331.7 325.6 313.8 330.9 331.9 333.2 332.6 331.7 332.5 328.3 326.9 324.8 323.6 322.4 321.7 321.3 320.8 320.8 320.8 323.8 328.3 330.9 330.9 330.2 327.3 321.8 318 317.8 319.8 317.9 312.2 308.4 306.3 304.8 308.6 311.6 314.4 315.8
421.1 411.3 400 386.6 381.8 382.1 382.7 387.3 385.6 386.2 389 392.2 397.5 403.3 408.8 412.6 415.4 419 422.2 428.1 429.3 430 431.2 441.7 440.4 433.4 430.8 429.3 420.7 414.2 401.6 391.7 382.8 368.7 363.8 362.9 356.5 348.2 341.2 336.4 333 331.3 312.7 330.9 331.7 331.6 330.6 329.8 327.3 325.9 325.4 325 323.9 323.2 322 322.4 320.8 320.8 320.8 324.7 328.6 330.7 330.9 329.6 326 320.1 316.3 316.4 318.4 318.4 313.4 308.8 306.4 304.4 307.2 310 312.7 315.2
410.6 400.9 393.4 383 376.7 376.6 377.6 379.1 379.4 378.1 381.5 385.7 392.3 397.6 402.5 407.5 411.6 417.7 420.7 424.9 425.2 434.7 439.3 442.8 438.8 437.6 434.2 422 415.5 403.5 392.8 381.1 375.9 382.4 374.8 365.6 354.9 348.1 345.2 338.9 334.7 336.5 314 327.9 329.5 330.2 330.5 329.9 328.5 325.1 324.8 324.3 322.9 323 323.5 324 324.2 327.2 323.9 324.7 327.1 329.6 330.5 329.7 324.7 319.5 317.2 315.4 316.5 315.6 313.1 309.2 306.2 304.1 305.6 308.6 311 314.6
401.8 392.9 383.3 376.3 370.6 368.6 370.2 370.6 370.9 371.1 374.4 378.2 385.4 391.3 396.3 401.5 409.5 414.6 417.8 424.2 436.1 440.7 439.8 439.3 433.8 428.5 419.5 413.6 406.1 395.2 386.8 389.4 391 385.2 375.8 364.9 354.6 347.9 343.1 340.2 336.9 333.3 312.6 322.9 327.2 329.3 330.3 330.8 328.7 327 324.8 324.7 325.2 328.1 328.4 328.2 327 327.5 327.5 330.5 328.9 329.8 330.7 329 323.5 319.9 318.2 317.6 318.2 315.6 311.1 308.6 305.9 304.5 302.7 307.2 311.6 315.3
390.6 382.6 371.3 369.9 365.5 362.8 359.2 360.6 362.1 364.5 367.5 371.2 378.3 385.5 390.7 397.6 404.7 409 419 422.8 423.8 427.8 430.1 432.9 427.7 418.8 410.7 403.9 395.7 395.1 396.3 396.1 389.5 380.6 370.2 361.5 353.7 347.6 342.4 338 335.5 332.1 309.3 320.1 324.6 329.5 329.7 329.2 328.5 327.6 325.3 326.5 327.6 330.6 330 329.4 328.4 328.3 330.7 332.8 330.6 331 331 328.5 323.1 320.2 319.9 318.9 319.3 314.9 309.2 307.8 306.2 304.6 302.8 306.1 309.8 311.4
373.4 369 363.6 362.7 361.7 359.6 357.6 354.9 357.1 360.5 361 364.5 371.6 379.6 389.6 391 396.5 406.1 409.1 410.8 413.7 416.1 422.2 418.7 409.9 401.7 399.5 403 400.4 401 397.2 391.4 383 373.3 364.8 357.4 350 342.3 337.3 333 330.6 329.3 305.8 320 322.9 326.8 328.7 328.2 328.1 327.4 326.2 327.9 327.7 328.8 328.9 329.2 329.5 329.2 330.3 331 331 331 331 323.8 320.9 320 320.1 319.7 322.1 316.9 309.5 306.4 304.6 303.4 302.3 305.2 308.1 309.3
366 362.3 355.3 354.5 354.9 352 350.3 348.5 352.5 355.2 356.8 358.7 362.7 371.9 380.8 378.6 384.6 391.6 398.4 399.2 398.9 397.2 395.7 392.4 390.2 399 400.2 400.5 394.8 389.7 387.5 381.4 373.6 367.7 361.7 356.5 348 340.8 333.7 328.4 327.2 325.9 303.8 318.3 324 326 328.9 327.7 327.6 326.9 325.1 324.1 322.8 326.2 328.9 327.9 327.2 327.3 329.9 330.9 331 330.4 325.1 318.4 318.6 319.5 318.7 317.8 317.7 314.9 308.7 304.6 302.5 301.8 302.3 304.7 307.1 309.4
361.8 358 351.9 348.3 347.2 345.2 342.7 342.1 347.7 349.2 349.7 351.4 353.5 357.3 363.4 367 370.6 374.1 377.6 378.6 378.5 376.6 376.6 381.1 388.3 392.2 392.5 390.1 386 380.5 375.8 371.6 366.6 362.3 357.4 353.2 346.2 339.2 332.2 326.8 323.6 321.2 304.9 315.6 322.2 324.6 330.9 329.9 328.8 324.3 322.8 322.8 323.3 328.9 328.1 326.6 324.7 324.2 327.2 329.4 324.7 322.5 319.1 314.6 313.4 314 313.6 311.2 311.9 311 307.1 303.4 301 301.1 301 303.2 306.2 310
