app/static/ascii/NH22.asc
ncols 200
nrows 200
xllcorner 220000
yllcorner 820000
cellsize 50
[rows 140 to 174 of 200, columns 0 to 77 of 200]
233.7 234.2 235.3 237.3 238.4 239.2 239.8 235.5 232.3 231.1 229 217.1 217.1 217.1 217.1 217.1 217.1 217.1 217.1 220.9 217.1 217.1 229.7 234.3 237.4 238.3 240.9 245.1 249 251.7 256.3 260.8 263.8 269.8 279 282 281.8 279.9 279 284.4 290.6 297.4 302.2 307.7 317.2 322 325.1 327.3 336.8 344.3 347.1 350.1 351.2 348.6 352.6 364.9 374.3 383 385.3 395.3 408.1 411.6 419.7 420 428.7 433.7 449 449.3 434.8 421.1 402 384.2 377.2 369.4 361 353.7 347.4 344
244.8 244.3 245.9 247 247 245 245.8 247.5 246 240.1 236.8 234.6 230 217.1 217.1 217.1 217.1 217.1 217.1 228 228.9 223.4 231.2 235.9 238.9 240.2 241.7 247.1 251.4 254.2 262.8 267.5 272.3 275.3 277.7 282.8 285.1 286.5 286.2 292 300.8 312.3 315.3 314 321.3 328.5 336.9 343.8 344.4 351.2 356 359.9 364.8 372.4 372.3 388.8 400.2 400.3 400.2 412.6 421.9 428.1 434.7 439.5 448.5 452.1 438.9 433.4 417.6 404.9 390.6 380 370.3 363.4 359.7 356.8 350.2 342.1
249.5 252.7 254.9 254 252.8 251.2 254.4 259.1 256.7 246.6 242.9 242.4 244.3 237.8 232.6 226.8 217.1 217.1 222.8 228.2 229.7 230.5 233.1 237 239.8 245.5 248.6 249.2 253 259.7 267.8 274.4 279.5 284.9 286.7 290.7 291.5 297.8 304.7 314.3 319.6 327.4 329.7 326.2 330.5 335.2 344.4 352.9 360.2 365.7 376.5 385.8 393.5 393.9 391.6 404.5 405.6 405 418.8 430.7 440.8 443.6 443.4 449.4 454.8 452.9 441.6 422.6 407 398.9 390 384.7 376 368.5 362.7 358.8 354.1 350.2
251.1 248.8 253.1 255.7 256.1 258.1 260.5 264.2 259.3 253.2 254.6 255 252.2 244.5 238.5 234.6 231.7 229.5 230.4 231.1 230.9 232.8 236.9 238.9 242 247.2 252.2 256.6 258.6 262.8 271.1 278.2 282.9 290.4 296.5 296.6 302.2 308.1 316.2 325.8 330.7 335.5 344.5 339.9 339.3 347.1 357.5 369.8 381.1 391.3 401.3 408.6 412.9 412.7 406 407.6 411.3 424.7 433.1 447.9 447.8 448.4 453 451.6 453.7 448.3 438.6 426 415.4 407.5 400.9 395.6 382.1 373.7 370.4 369.8 365.1 362.9
254.4 253.8 254 257.7 263.5 265.7 267.4 267.2 258.8 259.4 257.7 256.3 250 246.1 246.1 240.5 237.2 238 239.1 237.3 237.7 236.6 238.6 241.1 244.7 248.8 254.7 261.2 270.9 269.9 272.8 281.5 287.5 291.5 297.8 303 310.7 320.4 332.4 335 336.7 341.4 348.6 345.3 349 361.2 376.8 391.5 412.1 425.1 434.6 433.8 429.7 415.7 408.3 419.2 429.9 431.7 432.3 435.7 442.2 449.2 451.2 452.6 453.9 446 439.6 434.8 426.3 421.9 408.2 399.3 384.5 378.3 377.2 374.4 372.4 378.5
263.4 260.9 258.5 257.7 259.4 260.6 261.5 260.8 259.4 263.8 262.2 255.8 249.9 244.6 241.1 240.3 243.3 250 248.7 244.2 240.9 237.6 243.8 252 252.7 254.7 258.3 267 275.3 278.8 283.1 291.3 295.8 298.8 306.3 316.1 327.4 333.5 337.9 344.7 345.6 347.3 353.5 359.9 368 385 407.4 423.8 432.4 442.8 443.6 434.8 415.5 413.4 424 434.8 439.9 433.4 429.7 430.5 436.7 437.8 441.8 446.1 444.9 446.5 442.2 430.2 424.2 413.4 402.7 389.6 385.4 383.6 383 382.6 387.1 391.9
264.2 259.6 259.8 261.1 266.6 268.1 266.7 264.3 263.5 266.3 266.7 262.2 258.3 253.5 247.7 242.3 244.6 249.3 255.9 249.6 244.6 242.5 246.7 253.3 261.2 262 267.5 275.2 285.4 297.5 306 308.6 313.3 323.5 329.5 336.7 342.7 350.1 353.1 354.9 357.7 365 368.9 370.3 384.7 405.4 420.9 432.5 437.4 437.1 432.9 424.2 421.2 433.7 429.6 436.8 432.3 428.3 425.6 426.2 430.7 434.2 433 437.8 446.7 446.9 442.8 426.2 418.9 413.9 406.4 393.4 391.5 393.8 399.1 402.1 404.8 406.5
264.3 267 274.7 277.3 280.2 284.3 284.9 284.7 281.6 280.6 279.9 275.6 271.4 269.4 260.2 253.3 250.4 249.3 252.1 250.5 249.3 251 251.4 255.2 263 268.9 274.1 282.1 292.9 301.8 308.9 315.9 325.2 334 342 349.9 358.8 361.4 362.5 364.2 369.5 376.5 381.3 380.9 396.4 410.9 424.4 434.9 440 438.1 434.9 435.7 446.1 442.6 435.7 429.9 424.9 422.4 421.1 421.7 420.6 420.6 427 435 439.5 437.1 431.6 431.1 428.3 420.6 408.1 402.7 405.9 409.3 413.2 412.6 414 413.6
275.2 277.8 284.2 287.9 289.4 291.3 296.8 298.7 296.6 291.4 288.2 283 276.9 269.9 263.8 259 257.9 256.3 253 250.5 262 265.6 263.3 265.6 271.8 281.4 288.2 295.2 304.1 310.4 319.1 325.5 334.1 342.3 350.7 357.8 367.1 372.7 375 377.1 382.1 388.4 392.6 399.2 404.4 419.5 430.2 435.1 436.3 438.7 438.7 439.9 441.2 442.4 437 430.3 421 420.6 420.6 420.6 420.6 420.6 423.9 429 432.1 431.5 430.9 429.6 421.5 417.8 415.9 416.9 419.1 421.9 424 425.8 417.9 413.7
279.2 282.1 287.8 290.4 294.6 295.8 295.4 298.5 297 294.6 289.8 281.2 277.8 273.9 268.6 263.4 261.1 259.3 253.4 260.1 266.6 270.3 274.4 276.4 284.6 293.5 303.4 313.2 325.2 333 333.9 335.5 343.4 350.1 358.1 368.9 375.5 380 384.7 387.5 389.7 392.5 396.9 404.5 415.6 428.6 435.6 438.5 442.4 441.4 438.3 434.5 435.2 431.6 420.6 420.6 420.6 420.6 420.6 420.6 420.6 420.6 424.5 428.6 430.2 431.3 432.2 430.8 431.5 431.3 429.6 429.2 430.9 429.7 427.6 421.5 418.6 413.9
287.9 289.3 292.9 293.5 296.5 300.7 300.1 303.7 302.1 296 292.1 286.9 280 278.5 274.7 267 263.1 259.6 264.7 271 275.1 276.1 280.3 291.9 303 309.5 315.7 325 336 342.4 347.2 348.7 355.7 360.1 370.1 376.8 379.7 383.4 386.5 388.4 393.1 396 402 410.9 425.9 436.9 440.2 443.7 447.2 446.2 441.6 433.3 426.8 422.7 420.6 420.6 420.6 420.6 420.6 422.9 424.2 427.7 430.7 435.1 438.8 439.6 440 441.7 444 442.7 440.1 434.8 432.7 431.7 428.7 423.7 425 421.1
301.8 305.3 312.1 315.5 310.2 308.7 311.9 314.8 311.8 304.5 303.3 300.4 288.1 285.9 279.3 271.7 266.3 260.8 262.8 270.2 269.5 274.3 280.3 290.4 301 308.5 320.9 330.5 341.6 351.9 357.3 360.2 364.3 375.2 378.9 383 386.2 388.3 390.9 394.2 395.6 397.8 403.5 412.4 421.9 428.2 434.6 436.5 436.2 431.1 429.5 427.2 426.3 423.2 421.6 420.6 420.6 421.8 426.3 430.8 436.1 439.5 445.8 448.4 452.5 452.9 450.4 448.2 447.4 445.8 440.9 435.3 433.3 430.8 429.4 424.9 423 414.7
320.5 322.5 323.5 323.9 326.7 325.8 328.7 331.9 335.5 334.8 323 318.4 305.8 294.9 287.4 275.3 269.3 267.9 270.6 273.6 275.6 282.3 284.9 297.5 307.3 312.2 324.2 334.4 344.8 353.9 362.6 368 371.4 377.1 382.6 388.5 395.8 402.7 401.8 400.4 397.2 395.1 396.6 398.4 402.7 410 412.3 412.5 415 417.4 419.7 419.6 419.4 418.9 421 423.7 426.1 428.2 434.4 440.7 446.4 451.8 454.9 456.8 462.7 460.7 456.9 453.6 452.3 446.7 439.6 435.1 434.2 431.1 427.1 420.7 414 408.9
329.2 331.9 335.9 339.2 343.7 347.3 348.9 347.1 348.3 342.6 330.2 318.7 302.2 290.3 281 270.2 265.5 269.8 274.8 278.7 280.7 286.7 290.9 299.1 309.4 316 325 335.9 346.8 357 364.5 373.1 381.5 385.3 387.5 395.3 402.8 406.4 403.7 399 396.1 391.6 386.3 386.4 386.7 390.1 397.4 402.9 405.9 409.2 411.1 410.6 413.7 417.7 422 427.2 430 435.7 444 453.2 459.6 463.7 465.7 463.4 464.4 463 462.7 462.4 456 443.6 435.5 433.6 431.4 422.9 415.6 416.7 417.9 411.9
344 347.8 350.6 353.7 360 364 363.3 355.7 342.9 338 330.4 320.6 305.7 293.5 279.2 270.5 267.9 272.2 274.7 278 285.1 291.8 298.8 306.1 311.4 319.9 332.5 344.3 355.2 366.7 377 388.6 392.1 394 392 391.3 397.2 394 388.8 388.5 383.3 382 382.3 383.4 385.4 389 393.2 397.2 401.7 404.7 407.7 411.7 416 422.5 429.7 437.2 441 445.7 456.4 467.4 467.6 460.8 457.5 460.1 466.2 468.3 467.2 457.5 447.2 437.9 435.4 430.3 421.9 420 421.7 423.2 422 418.4
360.8 360.9 362.2 368.3 372.8 369.3 360.5 366.5 362.2 352.6 339.9 325.4 310.8 295.3 280.6 273 276.3 278.5 279.4 283.9 291.7 300 306.1 315.8 317 328.2 338.7 351.9 363.5 376.4 388 390.6 390.7 389.6 387.4 388.9 386.2 382.3 381.4 381.3 381.6 381.9 384.1 386.3 390.9 395.5 398.9 401.3 406.5 409.1 411.9 418.5 425.7 434.2 445.2 452.8 455.7 456.1 462.7 464.8 460.5 459.5 458.9 455.5 458 461.7 454.2 448.7 444 436.4 430.6 427.9 427.3 422.9 417.6 422 421.5 419.3
365.1 370.5 374.9 375.9 371.9 374.4 380.6 376.1 367.2 352.7 348.4 338.9 314.9 299.7 287 275.9 283 288.1 285.1 287.1 295.8 303.5 311 317.6 324.5 332 338.3 347.8 359.8 365.9 368.1 371.6 375.9 377.3 380.1 383.3 383 382.4 382.8 382.4 385 389.4 392.8 395.1 396.8 401.1 405.6 407.8 409.7 414.3 423.3 433.6 446.4 454.7 461.2 465.2 463.4 462.8 466.9 461.6 459.9 460.3 462.3 456.5 450.9 449.5 446 440.8 434.5 432.2 432 431.3 424.6 418.6 410.3 410.1 412 412.2
375.8 382.5 384.6 385.7 391.8 387.8 380.5 371.2 365.1 345.1 340.1 329.9 309.9 297.4 288.5 284.9 284.9 283.5 282.8 295.2 301.3 306.6 317.5 325.5 336.2 348.1 356.2 366 371.4 372.2 376.3 376.3 381.1 382.9 386 387.7 386.3 385.3 387.6 387 389.9 395 398.2 401.3 401.8 407.5 411.2 411.2 414.7 424.7 438.4 454.6 466.3 471.1 471.3 469.6 463.3 458.1 463.5 458.8 457.8 459.9 460.3 456.5 450.1 444.4 435.5 432.3 430.2 429.1 427.3 424.4 417.8 413.3 408.8 408.7 409 408.7
376.6 388.9 397.2 403.6 400.6 390.1 378 359.5 336.6 317 310.5 302.6 299.3 300.2 297.3 297.6 301.3 299.4 301.7 297.8 305.3 310 321.3 331.1 344.7 356.8 366.5 375.2 379.6 381.5 383.1 384.3 389.9 395.6 399.7 400.9 400.9 399.5 399.3 398.3 398.3 399.1 400.2 403.6 404.7 405.7 407.5 411.3 420.5 433.4 451.1 461 467.9 470.7 471.5 469.8 464.5 454.3 449.6 448.3 448.6 453 454.7 451.4 441.4 434.9 432.6 427.8 425.1 416.6 417 416.6 415.8 412.7 409.9 409.6 409 409.2
384.6 386.7 379.7 373.2 360.5 339.8 332 327.1 323.4 323.4 321.5 311.8 306.9 307.9 308.1 304.8 305.7 307.2 306.4 302.9 304.8 309.5 318.2 327 340.7 354.9 368.2 374.5 379.9 381.8 387 391.5 398.8 410 416.7 417.5 415.9 413.8 412.5 409.6 406.7 404.7 403.4 405.1 404.7 405.2 406.6 415.5 432 445.8 457.4 464.7 468 466.1 460.9 459.5 455.6 447.7 446.3 442.9 440.4 440.3 438.5 434.3 433.3 432.1 424.1 415.9 414.5 414.2 414.4 414.5 414.1 414.5 411.2 409.9 410.2 411.2
351.1 349.8 347.4 341.9 339.9 339.5 339.1 347.2 347.9 341.2 331.7 325.6 317.7 315.8 315.8 314.6 317.3 314.9 313.7 308 311.1 315 321.1 330.1 340.4 348.9 356.5 368.1 374.3 378.2 380.9 386.3 392.4 398.1 406.1 409.9 413 417.3 416.8 412.6 407.2 404.8 404.2 404.8 403.8 406.7 411.6 424.5 435.7 449.2 459.8 465.5 466.2 460 454 446.9 445.3 440.4 441.1 439.3 439.7 439.6 437.9 434 429.2 424 416.6 415.6 415.6 416.1 414.4 412.5 410.7 409.9 409.4 409.7 410.1 411.5
356.4 350.1 346.7 349.6 349.3 351.7 356.9 365.8 359.8 347.2 338.5 332.4 326.1 323.9 322.1 321.8 323.1 323.7 321.3 315.4 313.6 322.8 337.3 344.1 351.9 357.8 362.5 368.4 374.9 381.1 386.8 389.7 392.4 398.8 404.7 410 412.8 412.5 409.7 406.5 404.6 404.4 404.4 405.1 406.2 413 423 432.9 441.8 452 458.3 458.9 456 449.1 443.4 439.9 439.3 439.3 441.3 443.9 445.5 446 447.9 443.7 434.7 426.1 419.4 417.1 422.7 425 422.1 417 413.8 411.7 410.5 409.5 409.6 411.3
346 348.5 359.2 365.7 366.1 367 371.7 369.3 359.5 352.3 353.4 352.6 350.9 342.5 336.6 337.9 341.3 341.1 339 322.9 323.7 330.9 340.7 351.4 362.8 369.9 375.2 379.3 382.9 390.4 397.4 401.9 404.9 407.5 410.7 414.2 415.4 413.4 409.6 405.7 406.1 410.6 412.3 411.8 414.7 418.5 425.5 436.1 445.5 454.5 460.5 462.4 464.8 462.5 455.9 446.5 440.8 441.2 449.6 453 461.4 458.5 455.5 448.6 440.7 433.1 427.8 423.4 423.6 422.7 420.9 419.7 414.7 412.9 411.5 410.4 410.1 412.7
360.1 365.2 374.6 380 380.6 381.5 370 364.8 363.6 370.6 372 368.4 362 356 347.7 347.1 343.8 338 334.1 324.4 325.5 335.7 345.7 356.9 366.9 385.5 394 399.4 399.9 404.5 405.7 408.2 408 408.5 410.6 413.6 415 413.9 412.9 410.7 410.7 414.4 419.8 426.9 425.3 427.6 431.1 439.9 453.9 463.9 478.7 483.2 479.3 472.6 465.7 458 452.4 456.1 467.6 472.8 473.6 469.4 469 469.8 461.1 450.3 441.4 437.5 433.5 435.3 431.5 426.5 426.1 422.2 413.6 411.7 410.9 414.1
378.3 378.5 381.1 375.6 364.7 363.6 358.3 364.1 356.7 354.7 360 359.8 353.1 353.2 345.2 348.2 347.5 341.3 331.1 320.6 323.6 328.9 340.7 352.8 362.8 374.5 387.3 393.2 396.8 389.2 389.6 395.6 406.7 418.7 415.8 424.3 427.9 429.2 428.1 421.1 422.6 431.9 437.3 442.5 438.9 435.1 438.3 451.2 466.3 476.4 489.1 492.1 486.8 481.2 479.9 477.3 476.9 474 476 480.2 485.6 491.7 488.4 481.4 467.9 459 459.9 459.1 450.8 440.7 435.5 432.8 431.4 420.7 412.8 409.8 409.4 413.6
381.5 377.8 374.8 362.5 353.5 348.8 347.9 357.4 353.4 342.2 344.7 344.2 338.6 334.8 334.2 331.6 326.3 325.1 322.8 322.8 322.8 330.2 338.3 345.4 356.7 361.9 373.6 373.5 371.7 379.6 393.4 408.8 408.2 410.7 420.4 435 432.6 430.1 423.3 425.2 431.5 441.1 447.6 446.9 445 444.9 459.6 471.4 485 499.2 510.7 514 510.9 505.5 506.1 499.3 493.6 491.5 492.9 497.5 502 499.9 490.9 480.6 475 471.7 466.8 456.2 446.4 443.7 437.9 429.1 417.9 412 408.8 408.5 409.1 411.1
386.2 374.2 370.7 366.6 356.9 342.2 338.3 338 337.6 330.8 330.2 327.1 324.7 322.9 322.8 322.8 322.8 322.8 322.8 322.8 322.8 325 326.8 336.6 348.4 353.7 358.9 361 368.3 378.8 397.3 395.9 396.4 396.6 409.1 410.4 422.2 420.2 423.2 426.8 431.8 443.2 447.6 453.1 451.6 456.7 471.4 489 515.5 531.5 533.9 529.1 523.5 521.5 518.3 511.1 510.5 516.4 511.8 509.8 505.1 494.8 489 482.5 475.9 466.7 458.5 449.9 446.9 436.9 430.3 423.3 412 408.7 407.9 409.7 410.5 411.5
384.1 369.2 372.3 361.5 346.5 339.1 333.3 336.5 335 330 327.1 326.7 328.3 330.4 328.1 322.8 322.8 322.8 322.8 322.8 322.8 322.8 322.8 325.2 333.1 340.4 347.8 356.2 363.2 370.6 374 379.1 384.4 394 398.9 403.7 421.1 434.7 440.3 433.2 440.4 451 460.6 461 464.2 479.2 489.4 496 517.7 527 528.5 525.5 524.1 523.9 527.7 526.2 503.9 502 503.2 498.7 498.3 495.1 491.7 481.7 470.8 463.3 456 439.3 430.2 423.9 420.8 417.7 413.9 408.3 407.4 411.1 411.2 411.2
370.1 353.4 345.6 341.4 341.8 338.5 342.3 342.2 343.1 342.2 335.3 332.3 329.2 324.6 322.8 322.8 322.8 322.8 322.8 322.8 322.8 322.8 322.8 322.8 327 332.7 338.3 348.2 356.8 361.6 369.6 374.5 381.6 390.7 396 396.1 411.3 427.8 426.6 429.5 440.8 452.2 457.5 465.5 487.9 485.2 475.1 479.8 500.1 523.9 522.6 517.9 515.5 501.9 497.8 493.7 491.3 492.6 491.3 499.7 490.5 485.4 473.7 458.3 445.8 439.8 435.3 433 427.8 424.7 422.8 421.1 413.2 406.1 410.8 411.8 406 405.4
347.9 344.1 345.3 343.3 348.9 349.4 349.8 351.7 351.8 346.6 337.6 338.4 336.9 334.3 328.8 325.2 322.8 322.8 322.8 322.8 322.8 322.9 322.8 322.8 328.6 328.6 332.3 337.5 347 355.8 362.5 367.7 370.6 374.5 383.6 390 395.8 402.9 408.3 416.3 423.7 427 433 446.1 457.3 457 458.9 466.8 481.9 487.9 482.4 485 470.8 471.6 470.2 466.9 460.8 455.1 461.4 457.1 457 452.9 449.9 448.7 442.9 434.7 427.3 421.9 420.7 423.5 418.2 412.9 406.5 400.7 397.6 396 393.6 391.9
353.6 356.2 351 353.7 352.6 352.7 352.6 350.9 345.8 343.9 344.8 341.6 340.6 338.2 337.6 334.9 329.9 328.4 323.4 322.8 324.3 323.1 322.8 322.8 322.8 323.4 326.2 334.8 342.5 346.1 351.4 359.4 360.4 364.8 372.8 379.3 388.7 397.1 408.3 411.4 411.5 416.4 423.8 429.5 439.1 443.2 444.9 449.5 451.8 453.1 453.6 449.5 444.2 436 438.2 440.7 433.4 431 430.1 433.4 437.8 442.4 445.8 443.6 436.6 427 421.1 416.3 420.7 418.9 411.2 402.6 393.1 387.6 382.2 378.7 377.8 377.3
369.9 368.6 364.8 361.5 359.4 357.9 355 353 351.4 352.6 348.5 345.3 341.2 337.8 338.2 332.2 338.8 335.1 328 326.7 324.6 324 323.3 322.6 322.8 322.8 323.3 327.4 327.3 330.6 336.9 342.2 343.5 352.2 361.7 371.6 381.4 387.5 391.6 399.2 406.9 412.9 417.8 426.2 434.7 430.9 430.1 440 445.1 450.7 441.7 430.2 419.1 410.3 412.9 410.8 409.9 408.9 416.8 424 432.3 431 432.7 427.4 421.1 412.1 410.5 408.9 413.1 409 399.6 390 382.5 377.7 373.9 371.1 367.2 365.5
386.2 387.8 385.3 381.3 375.4 376.2 374.4 364.1 357.8 356.2 350.3 346.1 341.1 340.4 333.5 330.8 330.3 328.7 328.3 328.5 325.7 324.8 324.1 323.6 322.9 322.8 322.8 322.8 324.4 330.5 332.1 333 336 347.9 356.3 360.3 368.6 374.6 381.2 395.4 405.2 411.4 404.8 408.8 403.4 401.5 412.1 414.9 421.9 418.1 410.1 400.9 389.7 395.8 398.1 395.8 398.8 401.4 404 406.4 407.1 404.9 403 401.4 398.1 396.1 394.9 391.6 390.1 386.9 383.2 377 373.9 371.3 369.4 366.7 361.9 358.1
397 400.8 396.6 400.5 399.3 391.5 380 370.8 360.7 357.8 354.8 346.1 340.4 334 331.3 331.4 332.1 330.7 336.1 334.6 329 325.5 325.3 324.9 324.4 326.3 328.7 329.7 327.3 327.2 328.4 332.4 336.1 339.8 342.9 351.9 356.7 361.5 360.5 377.3 379.7 384.2 372.8 372.3 371.2 366.8 376.9 375.8 375.5 378.1 374.9 373 373.2 379 383.2 387.3 389 390.2 387.5 386.9 385.1 382.8 384.6 383.5 383.4 381.9 381.1 379.5 377.4 375.3 372.5 368.9 367.3 366.6 363.8 360 353 346.6
399.4 402.6 407.9 410.8 408 397.7 389.1 380.9 367.4 362.7 349.8 358.4 350.2 340.1 337.3 341.2 344 346.1 345.3 337.3 332.3 326.5 327.4 327.5 330.7 332.4 338.6 340.5 331.1 328 334 332.9 334 339.7 338.8 342.8 340.7 347.6 346.6 349.7 348.2 347 343 337.8 343.7 347.9 350 351.4 352.7 354.1 355.4 358.2 359.9 364.2 366.4 373.8 375.2 373 374.2 372 367.8 365.5 367.1 365.9 366.7 366.6 367 365.7 365.4 365 364.1 357.9 353.5 350.9 350.9 345.7 337.8 331.3
