app/static/ascii/NH23.asc
ncols 200
nrows 200
xllcorner 220000
yllcorner 830000
cellsize 50
[rows 0 to 34 of 200, columns 0 to 77 of 200]
218.7 218.7 218.7 246.6 267.1 292.7 312.5 315.9 324.1 316.7 307.4 321.5 329.1 322.3 315.1 313.2 319.3 332.9 349.7 364.6 374.2 390.6 406.1 416.1 430.8 445.8 461.5 472.1 467.1 480.7 490.3 498.4 496.3 492.6 495 497.6 501.1 498.6 490.8 487 486.5 484.2 479.9 475.1 476.9 475.3 469.5 466.8 458.8 444.9 437.8 431.7 427.2 424.6 415.7 408.3 392.8 371.3 343.5 327.3 317.6 312.2 292.8 314.1 328.9 338.5 342.7 346.3 340 336.7 333.1 332.8 330.8 328.6 334.2 337.1 342.9 351
218.7 218.7 218.7 243.5 262.9 290.5 302.5 310.6 316.4 315 303 303.6 310.5 307.6 291.4 289.5 297.8 300.3 317.2 331 337.8 351.4 365.8 379.5 395.6 411.6 421.8 429.4 429.9 437.4 445.8 457 450 453.6 458.9 457.3 459.4 454.2 450.6 449.1 448.1 444.7 439.8 439.3 440.7 438.1 433.6 430.4 420.5 412.3 403.4 397.5 393.9 390.7 385.2 373.7 355.9 335.3 318.1 305 303.2 284.5 303.2 317.8 325.8 336.2 339.4 340.6 339.9 330.6 325.1 323.1 320.9 322.7 330.5 338.7 345.7 351.2
218.7 218.7 218.7 243.2 265.6 278.3 291.7 303.5 313.7 311.4 303.6 298.4 295.6 288.4 277 270.2 268.1 276.2 291.2 302.5 314.2 326.7 337.7 349.5 362 373.1 380.3 386.2 394.4 399.7 405.1 411.4 414.5 416.2 420.3 416.4 417.9 416.6 412.5 411.5 410.6 410.8 405.1 408.9 405.4 400.7 397.4 392.1 387.7 380.3 371.6 367.4 364.7 360 350.5 340.5 317.7 302.4 298.4 287 273.8 295.5 312.3 314.4 322.6 330.7 334.4 336.4 335.9 326.7 316.5 311.4 313.1 317.3 328.3 336.1 342.2 349.5
218.7 218.7 218.7 238.9 255.2 275 290.1 304 313.4 316 301.7 285.5 275.7 269.9 258.8 246.5 249.2 257.1 262 273.9 286.8 295.4 310.4 321.9 330.4 338.5 348.1 353.6 361.5 366.9 365.6 378 384.3 386 383.1 379.7 374.3 370.3 372.4 370.7 370.9 367.5 373.5 372.3 370.1 365.3 361.3 359.6 356.3 352 346.1 340.9 337.4 328.3 317.7 303.3 286.2 281.4 275.9 262.4 290 308.4 310.9 316.1 324.1 324.3 327.1 334.9 334.7 317.8 305.5 303.4 304.4 313.2 319.6 329.4 333.9 342.3
218.7 218.7 218.7 232.5 260.1 282.7 298.2 311.8 316.9 307.8 289.7 266.7 249.4 243.6 236.8 232.2 231.6 235.1 239 248.2 259.6 271.5 282.2 291.1 297.5 305.3 308.1 316.9 322.4 330.3 334.2 337.8 348.2 345.6 348.3 349 343.5 341.5 340.7 338.9 337.8 337.9 339.3 338.6 338 336.4 333.1 330.9 329.1 324.7 321.2 319.6 315.3 302.1 285.7 273.1 264.3 253.5 262.6 288.7 307.2 305.8 313.6 315.4 315.2 313.1 316.4 319.4 313.6 300.6 296.3 299.7 300.5 305.2 314 320.4 325.9 337.7
218.7 218.7 218.7 232.7 272.7 299.8 318.2 313.6 313.5 305.1 285.6 260.7 240.4 231 223.1 221.3 222.3 224.5 228.4 232.7 240.4 248.5 257.2 263.6 270.1 273.2 279.3 290.3 298.2 301 303.3 307.7 313.3 315 313.9 314.8 316.7 313.8 310.3 312.1 312.4 314 314.6 315.8 311.7 313.5 315.1 313.7 311.7 306.7 301 300.1 293.9 278.1 263.8 252.7 236.6 262.1 287.7 300.5 302.1 307.2 310.3 306.7 307.8 305.4 303.4 298.6 290.5 290.4 293.5 296.2 291.8 300.1 311.6 314.5 322.7 334.1
218.7 218.7 218.7 247.4 286.5 307.6 325.3 334 322.4 307.6 284.8 260.6 240.3 228.2 224.9 220.6 217.3 216.7 220.6 225.6 230.7 236.9 243 249.2 254.4 258.4 263.6 269.2 270.7 276 279 279.6 286.2 287.4 288.6 287.5 286.1 284.5 286 285.6 287.8 287.1 290.5 289.2 291.4 294.3 296.6 295.3 290.4 289.5 286.2 277.8 269 254.8 243.9 229.5 259.1 281.5 291.4 294.8 304.7 303.2 300.9 305.6 299.1 293.9 288.5 283.6 284.4 288.7 292.5 293.4 288.7 294.2 306.1 310.9 318.5 328.6
218.7 218.7 224.2 242.5 276.4 298.6 315.5 334.3 336.4 321.9 296.8 274.8 254.3 241.7 235.8 227.7 222.5 215.3 213 215.4 221.3 228 233.7 239.6 244.4 247 250 252.3 257 260.3 260.6 262.8 264 265 264.6 261.7 261.7 261.4 260.9 262.6 260.9 263.3 267.2 268.8 272.1 275.5 276.7 273.2 272.5 270.1 266.1 257.6 244.7 234.1 220.2 251.9 272.4 283.6 288.7 292.9 298.8 295.6 297.9 302.8 290.4 285.2 283.9 283.5 282.7 286.3 294.2 292.6 284.5 288.9 298.9 307.7 316.1 326.6
218.7 218.7 218.7 233.9 261.7 287.3 304.6 303 311.2 311.3 298.8 285.4 274.3 259.1 250.1 241.9 237.6 235.5 226.6 217.7 207.7 216 221.7 229.5 237.6 243.7 245.8 246.6 247.1 244.9 245.8 243.4 244.9 245.6 245.8 246.4 245.4 243.4 241.9 241.1 239.9 245 248.4 251.6 255.6 259.3 256.4 256.4 255.8 251.4 243.2 234.3 225.4 213.7 244.9 259.4 266.5 276.3 280.9 281.9 283.7 287.8 292.4 288.6 287 285.5 284.3 283.1 279.3 278.7 288 291.1 281.6 289.4 294.6 300.7 309.4 316.6
218.7 218.7 218.7 218.7 248.8 279.7 286.5 277 271.4 277.2 278.4 272 265.6 260.4 252.9 248.9 242.3 225.2 220.5 207.2 202.1 208.5 210.4 220 232.4 234.5 233.2 232.6 234.2 233.1 236.9 235.9 238.1 236 235.7 232.7 234.8 232.5 231.4 230.5 231.2 234.5 237.9 241.1 239.4 240.5 240.5 237.2 234.7 229.3 221.9 214.4 208.7 236.2 245.4 250.3 259.6 266 271 273.2 276.5 279.9 283 289.4 293.1 288.4 286.6 281.6 276.7 275.4 277.9 277.5 276.1 286.3 288.9 292.9 301.6 309.9
218.7 218.7 218.7 218.7 230.2 263.2 255.8 249.9 245 233.2 234 227.8 218.6 218.4 216 211.5 205 204.4 202 194.1 191.5 194.8 200 203.6 215.7 227.5 230.6 233.5 231.6 228.6 224.8 225.4 223.1 225.7 224.9 226.7 225 221.6 221.7 221.4 224 227.6 229.1 231 227 228.9 226 217.8 217.5 209.2 204.9 200.8 222.7 229 237 242.1 251.1 257.4 260.6 268 272.5 280.6 289.5 294.7 296.8 293.1 288 282.8 276.7 273.3 271.6 272.9 276.6 286.1 287.9 286.4 293.8 302.2
218.7 218.7 218.7 218.7 218.7 235.1 242.4 231.9 216.6 208.8 199.3 189.2 189.2 189.2 192.8 188.1 187.7 186.1 185.8 185.4 185.8 183.9 192.8 196.3 202.6 211.7 221.8 222.6 222 220.8 220.7 217.7 216.1 216.9 218.3 218.5 214.6 213.6 213.8 215.6 219.3 219.3 221.4 223.1 216.8 213.5 208.7 202.6 197.8 196.2 193.6 210.6 213.8 220.5 224 234.5 238.7 245.7 255.1 263.7 277.7 286 291.9 293.8 295.3 296.8 292 283.6 276.6 271.8 268.8 271 273.6 280.7 282.6 281.2 288 291.3
218.7 218.7 218.7 218.7 218.7 218.7 207.3 210.5 201 191.1 206.7 216.2 220 228 227.3 227.1 221.6 220.1 215.7 201.5 193 190.3 180.4 184 193 200.7 207.7 214.4 218.9 223.3 221.4 217.4 211.4 207 206.6 207.2 206.4 210 210.4 213.6 215.3 216 213.4 211 205.7 198.7 195.3 194.3 188.2 184.6 190 196.4 201.2 202.8 210.5 218.4 223.8 238.3 249.3 261.3 272.3 281.6 286.6 292.7 296.6 298.3 290.4 284.7 277.1 269.3 268 270.3 272 281.3 277.8 277.1 279.8 284.9
218.7 218.7 218.7 218.7 218.7 218.7 194.5 199.1 208.1 224.2 232.4 236.9 240.7 242.8 240.7 236 236.4 234 225.8 212.6 201.8 198.6 192.7 186 174.5 173.2 177.5 209.9 216.2 218.5 220.9 220.1 215.4 208.1 201.8 202.4 206.2 207.2 207.8 210 210.1 209.3 206.3 202.3 194.8 190.6 191.5 182.5 177 178.3 182.5 179.4 183.3 190.5 200.1 207.1 214.5 225 239.4 251.3 264.2 272.3 280.4 288.3 293.4 293.9 289.5 284.5 276.7 269.8 265.2 269.2 267.3 269.1 272.2 274.8 270.4 271.9
226.8 228.9 232.2 226.2 218.6 218.7 219.3 233 240.4 247.9 251.1 255.7 259.6 261.1 256 247 244 237.9 233.2 228 210.1 203.4 200.8 199.2 198.3 196.1 176.6 196.1 203.6 207.7 209.3 207.2 205.6 202.1 197 200.4 203.5 203.5 206.5 207.6 206.4 201.4 195.5 193 189.8 182.3 168.9 168.8 168.6 165.6 167.6 165.8 176 186.9 190.1 192.4 204.3 215.6 230.7 241.5 249.9 257.1 265.6 282.2 297.8 306.6 299.8 291.1 283.5 271.5 262.8 259.3 258.4 264.8 269.8 272.4 266.1 259.4
245.2 247.3 248.8 246.8 250.5 257.1 260.7 265.4 266.2 269.7 270.7 272.9 272.8 274.3 272.6 265.5 256.8 249.1 243.1 233.6 218.2 211.5 208.3 205.6 203.1 197.7 188.7 170.5 183.2 191.1 198.2 202.3 200 195.4 190.6 195.1 196.8 201.7 208.7 207.2 200.9 192 182.6 176.3 169.9 164.4 158.6 161.8 159.9 154.6 160.6 162.4 166.8 171.6 176.6 187.8 195.2 203.2 217.5 229.2 231.7 244.4 255.5 271.1 289.7 300.8 301.8 306.6 299.7 276.9 268.2 255.2 247.6 256.3 262.3 264.7 256.3 250.5
256.5 261.9 264.5 263.9 270.9 281.5 291.2 296.6 294 290.5 288 287.2 286.9 284.3 277.5 271.2 266.4 259 250.1 240.8 234.6 226.6 218.9 213.7 205.9 195.5 190 179.4 168.8 167.9 177.8 183.5 183.8 182.7 180 187.5 194 200.3 201.2 196 187.3 180.3 173.6 168.1 166.2 158.6 152.1 154.2 153.2 153.1 152.3 154.8 159.5 162.7 170.9 178.6 184.3 196.7 203.2 207.3 222 234.3 243.5 257.4 273.2 286.4 291.8 295.4 288.2 286.7 272.4 257.9 248.6 245.9 246.3 247.9 244.2 242.5
266.2 272.4 276.7 280.3 289.7 302.6 316.2 320 318.4 314.4 306.5 301.9 297.4 294.2 288.4 282.7 276.3 265.6 257.8 250 235.1 230.5 224 218.6 216 209.8 205.1 201.5 189.9 171.1 166 164.1 163.4 163 162.1 161.6 182.5 194 191.2 185.7 178.3 172.3 167 167.1 159.7 150.3 148.3 149.9 150.8 150.8 149 150.3 151.9 156.9 163.3 166.8 173.8 180.3 190 200.4 210.6 222.8 232.9 245.2 256.6 270.6 267.3 265.6 265.1 264.1 245.3 242.4 238.1 227.8 227.1 223.6 224.4 226.4
271.3 280.2 282.5 290.1 306.2 319.5 336.6 343.7 342.4 336.6 323.8 318.1 311.7 305.7 298.8 291.8 285.2 275.3 265.1 255 248.6 237.1 225.4 220.4 211.9 205.2 209.4 210.1 213.1 213.1 208.3 200.9 198.6 195.1 184.1 170.1 159.2 176.7 178.8 175.3 170.2 164.2 159.2 154.2 148.4 147.7 146.8 146.3 145.3 145.3 144.4 145.1 147.8 151.4 157.1 160.4 168 173.5 185.3 190.7 199 209.7 217.2 226 238.8 242.7 247 255.6 246.1 233.5 225.7 229.5 224.9 222.2 213.5 207.9 211.6 216.3
268.9 282.7 286.3 293.6 318.8 337.5 354.8 359.5 363.9 360.8 352.2 338.2 331 319.3 308.3 293.9 268.4 254 253.7 256.2 254.5 248.2 228.2 208.8 203.6 198.9 204.6 207.1 208.9 209.3 205.7 197.9 188.5 185.9 181.7 178.4 170.1 161 159.3 161.4 160.7 155.6 149.2 148.1 147.9 147.3 147.2 145.8 153.1 151.7 152.2 145.1 145.5 147.8 150.9 153.4 159.6 166.2 175.2 184.5 191.3 207.7 215.9 210.1 214.5 219.6 227.6 227.8 219.2 219.8 223.2 217.8 215.4 214.5 206.9 193.1 204.1 205.7
263.5 276.2 285.9 296.3 324.5 352.1 361.3 377.8 384.6 380.4 373.8 355.4 339.1 313.4 286.4 261.2 243.5 233.3 232.3 238.6 242.9 251.8 244.6 215.8 194.1 195.3 199.5 202 203.3 197.4 187.7 182 176.3 172.5 172.3 168.7 163.8 164.1 159 153.3 151.9 150.2 149 147.4 146.7 148.5 152.6 157.8 156.1 151.6 149 145 141.7 145.5 145.3 145.6 151 157.3 165 176.4 186.1 201 209.5 197.5 198.5 202.2 203.4 208 206.3 212.3 213.1 203.5 209.7 208.6 200.5 193.9 193.1 196.3
243.1 266.2 275.6 288.3 313.4 353.3 371.8 382.7 377.2 365.5 343.6 322.4 298.7 277.1 262.4 250.1 238.8 230.9 226.3 224.5 230.7 233.7 232.5 224.8 215.9 190.2 192.9 194.1 191.2 184.3 180 178.7 172.8 164.7 162 161.7 162.4 160.7 156.8 151.9 148.5 149.9 146.7 153.6 158.2 157.6 157.8 157.9 160.9 153.5 150.8 145.9 143 142.4 142.1 141.9 142.4 149.3 158.6 166.3 176.6 189.3 188.3 180.8 186.3 185.9 194.5 196.5 198.1 199.3 202.4 203.4 198.5 194.8 193 184.2 180.2 187.5
227 244.2 260.5 277.3 294.8 333 358.3 362 346.6 326 306.9 291.1 284.4 269.6 260.6 251.5 245.2 238.9 231.1 226.1 225.4 213.9 213.3 207.8 200.9 193.7 188.2 183.6 181.2 177.1 174.3 169.4 164.2 161.3 160.8 161.2 160.4 157.7 150 149.9 149.1 152.6 157.6 160.1 164.1 163 162.5 159 157.4 153.8 148.9 147.7 143.5 141.6 142.4 141.8 140.9 139.5 144 158 167.3 169.1 166.8 168.4 174 182.5 182.8 193.1 193.4 195.5 192.9 189.6 190.9 188.6 185.7 175.7 173.3 180.5
215.3 227.1 245.8 263.7 278.6 300.2 333.2 336.9 317.6 294 279.6 281 282.3 272.9 265.4 259.8 253.8 245.5 237.2 230 225.8 217.3 208.1 196.5 191.5 190 182.8 175.6 171.5 169.3 161 160.6 161.1 159.3 160.2 157.9 153.2 149.1 155.1 161.3 164.6 162.3 161.7 166.7 169.6 170.6 164.9 161.7 156.4 150.5 148.2 144.1 142.8 141.3 141.9 139.7 145.6 141.1 138.2 148.2 155 153.1 157.9 158.9 164.1 166.2 170.2 176.8 183.3 178.8 186.8 190.3 191.4 182.8 178.3 165.6 159.2 166.3
208.8 218.2 232.7 247.5 262.4 275.1 305 305.8 286.4 271.8 265.5 269.4 274.3 272.3 269.8 262.7 254.6 241.6 225.4 217.2 206.9 199.1 196.5 196 191.4 184.4 182.2 173 166 161.8 161.4 163.3 159 156.3 153.5 152.8 153.1 157.4 168.6 169.6 171.1 174.5 172.6 171.6 170.6 167.3 165.3 162.3 161.3 153.9 143.7 143.7 144.8 147.7 145.5 145.5 153.2 155.4 140.2 141.3 142.9 148.4 149.5 149 152.7 159.8 164.2 171 170.3 170.1 171.2 175 173.5 170.6 165.1 156.4 148 154.1
203.4 210.1 221.2 232.2 240.9 255.1 278.3 282.5 272.4 265.8 257 257.7 261 260.5 255.1 248.4 240 231.2 218.8 209.5 198.8 190.6 188.4 185.5 183.9 179.2 174.6 165.5 161.6 160.5 160 154.6 155.6 152.9 157.4 162 163.1 164.8 170.4 174.7 176.1 177.3 175.9 174.3 174.3 172.6 168.2 164 157.5 151.3 150.1 153.4 151.4 149.5 149.1 153.4 153.9 148 148.6 138.3 137.6 137.4 138.5 139.6 144.7 148.7 151.4 160.3 159.7 158.7 160.4 160.6 159.3 153.9 150.6 143 142.6 146.2
202.9 204.6 212.5 221.8 228.2 236.7 250.7 260.2 254.8 245.2 237.8 240.5 245.1 245.2 239 231.8 223.2 214.7 203 192.1 186.8 180.7 180.6 178.6 173.6 166.1 162.4 162.5 163.5 162.2 160.9 158 158.8 164.7 170.1 171.4 171.1 170.2 171.3 174.3 175.6 177.8 179.7 179.9 179.8 176.1 173.5 169.3 157.9 161 163.5 162.3 162.1 163.1 154.4 146.9 143 144.4 139.2 139.4 139.4 139.1 139.2 139.4 137.3 143 147.4 151 149.2 148.5 155.3 152.4 147.6 142.9 140.7 139.6 140.2 139.9
199.4 201.4 204.9 213.2 222.8 228.6 233.5 244 243.9 235.5 225.7 226.2 229.9 224.5 213 212.3 203.1 193.5 186.3 178.4 175 174.4 169.8 162.6 164.9 164.9 165.1 164.8 163.6 160.6 161.2 166.3 170.1 173 174 173.2 175.7 173 173.7 174.5 174.7 175.8 178.8 175.7 174.5 173.3 171.3 164.8 161.6 159.7 160.9 160.5 158 155 146.3 146.1 149.1 151.7 150.5 147.3 139.2 139.1 138.9 138.8 139 137.2 145.5 141.3 140.9 145.3 147.5 142.4 137.9 138 137.7 137.7 138 138.2
202.3 194.6 191.8 203.1 212.3 220.9 225.3 239.7 237 228.2 217.5 211.2 206.3 195.4 188.8 187.3 183.2 181.6 176.9 176.1 169.6 163.6 165.9 166.6 167.2 166.9 164.5 163.4 163.1 165 169.8 173.5 175.4 176 176.5 174.9 174.9 174.5 175.6 175.3 172.6 173.1 173.7 172.4 171.4 166.7 163.2 159.4 157.3 155.1 153.1 153 154.4 155.3 155.3 149.9 152 148.3 155.7 142.8 139.5 138.9 138.8 138.7 138.6 137.6 139.1 138.7 138.5 138.9 137.8 137.3 137.2 136.9 136.9 136.6 136.4 135.4
204.6 197.8 190.6 189.7 198.8 205.1 212.9 229.3 235 226.2 209.5 199.3 187.7 182.5 180.1 179.5 178.1 175.3 170.1 168.3 165.8 166.5 168.2 168.8 168.4 167.7 169.6 171.5 172.7 176.6 177.7 177.9 178.3 178.1 177.5 176.3 173.6 171.5 170.5 170 167.4 166 166.3 166.3 162.6 160.3 160.8 157.7 155.6 155 156 156.5 152.4 150.5 153.2 146.7 143.8 141.2 140.8 139.9 139.5 139.2 138.6 138.6 138.6 137.5 137.2 137.5 137.8 137.6 137.3 137.1 137.1 136.9 136.6 136.6 136.5 136.4
209.8 202.3 192.8 183.6 177 183.6 188.8 194 200.3 203.2 201.3 192.2 183 178.6 177 174 170.3 168.2 166.5 164.7 165.8 170 171.4 172.8 176.9 180.8 183.2 187.6 187.5 192.1 193.8 193.7 191.5 186.9 186.8 183.5 183.2 177.8 173 172.3 168.7 170.4 171.2 166.5 162.8 159.3 158.6 158.4 159.6 156 153.4 150.7 149.4 147.3 145 143.6 142.5 141.8 140.9 139.6 138.8 138.7 136.7 138.1 137.6 137.5 138.1 137.5 137.7 137.4 137.3 137.2 137.3 137 136.8 136.7 136.5 136.4
208.6 200.3 192.1 186.3 187.1 182.3 176.2 173.4 171 177.1 181.8 179 172.5 169.5 168.2 167 166.2 166.4 166.5 170.4 172.6 178.5 186 186.6 190.3 191.6 192.1 197.9 200.8 201.9 204.2 203.3 200.3 197.5 194.8 190.5 189.5 188.7 183.7 180.4 179.7 179.2 177.9 182.3 179.8 175.9 170.1 164.6 165.7 164.7 156.5 150.6 148.5 147 145.2 143.7 142.9 143.1 141.5 140.5 139.9 139.2 138.1 136.5 137.3 137.5 137.6 137.3 137.8 137.6 137.5 137.8 137.5 137.1 136.7 136 136 135.6
205.2 196.2 186.9 181 181 178.6 173.4 170.2 169.4 168.4 167.5 166.9 166.3 167.3 167 165.7 169.7 173.4 177.2 183.7 190 192.6 196.2 191.3 193.2 199.7 202.8 203.8 206.6 208.1 205.5 201.1 198.7 197.6 197.6 199.6 195.8 189.8 192.5 192.3 189.9 192 200.9 205 207.5 200.1 194.8 181.1 170.3 163.6 156.6 152.7 148.5 146.5 147.9 151.1 148.5 147.8 148.7 153.8 151.4 143.7 138.7 138.7 136.2 137.5 136.5 137.5 137.9 136.4 135.7 135.7 135.6 136.3 136 136 135.8 134.7
201.4 195 182.8 176.1 174.5 171.3 169.7 168.3 168.8 168.2 168 168.2 167.7 169.6 169.4 172 175.4 182.4 190.8 195.6 199.4 200.5 202.8 205.6 204 203.8 204.5 205 203.6 202.5 200.4 199 198.8 202.9 205.6 199.7 197.5 198.3 201.9 205.1 201.5 202.4 206.5 202.7 194 183.2 180.7 176.7 172.2 165.9 158.2 152 149.5 154.6 161.6 160.6 161.4 160.5 163.6 167.2 162 157.7 148.4 140.8 136.4 136.3 136.1 137.5 139.1 140.7 138.4 137.5 137.3 137.5 137.6 137.1 137 136.7
191.2 186.4 178.4 173.4 170.5 169.2 170 169.4 169 168.7 168 168.7 168.4 170.1 175.4 180 185.4 194.2 201.8 203.2 203.5 210.3 213.2 216.7 213.4 207.8 206.5 205.2 205.7 206.5 203.1 202.2 202.4 201.9 200.5 202.5 200.3 201.6 203 204.4 204.9 201.2 197.7 192.4 183.8 176.1 170.9 174.7 172.5 165.6 155.9 153.3 155.8 163.2 173 170.8 173.3 175.5 167.6 168.5 166.5 159.2 151.5 145.2 139.7 144.1 144.9 147.2 149.1 148.4 139.6 138.9 139.1 141.5 141.7 138.2 138 137.6
