app/static/ascii/NH24.asc
ncols 200
nrows 200
xllcorner 220000
yllcorner 840000
cellsize 50
[rows 70 to 104 of 200, columns 0 to 77 of 200]
678.9 642.1 620.1 606.8 586.4 573.1 565.9 552.7 528.2 504.6 514.9 523.1 531.4 537.7 542.1 542.9 541.5 539 539.5 535 524.1 511.2 498.4 489.2 476.6 459.4 445.4 424.8 407.2 391.6 383.9 370.2 357.7 351.8 340.2 336.7 327.3 321.8 321.1 316 312.6 313.4 312.5 312.3 312.3 312.3 312.3 312.3 312.3 312.3 312.3 312.3 312.3 312.3 312.3 312.3 312.3 312.3 312.3 312.3 312.3 312.3 312.3 312.3 316.5 321.1 323.9 328.1 330.1 331.4 337 333.8 333.3 328.5 327 320.4 315.5 312.8
664 635.8 615.8 595.2 580.7 569.2 557.2 541.9 525 501.8 491.7 498.5 507.3 511.9 513.1 515.9 517 515.2 513.2 513.2 499.4 481.5 469.7 458 445.9 432.8 422.7 405.5 391.7 382.1 363.5 352.8 342.9 336.7 326.2 325.3 319.2 315.5 313.1 312.3 312.3 312.3 312.3 312.3 312.3 312.3 312.3 312.3 312.3 312.3 312.3 312.3 312.3 312.3 312.3 312.3 312.3 312.3 312.3 312.3 312.3 312.3 312.3 312.3 312.3 312.3 312.3 311.7 311.7 314 314.9 314.9 316.6 314 312.3 309.5 309.4 310.9
636.8 619.4 604.6 588 575 560.6 547 532.9 515.4 499.2 479.9 478.3 485.4 490.5 490.5 490.5 492.2 487.3 484 479.6 472.7 459.1 445.7 434.9 426 412.8 401.9 388.2 374.4 361 346.1 334.8 329.9 327.3 318.9 316 314.6 312.3 312.3 312.3 312.3 312.3 312.3 312.3 312.3 312.3 312.3 312.3 313.3 316.8 316.1 312.3 312.3 312.3 312.3 312.3 312.3 312.3 312.3 312.3 311.9 320.1 317.4 319.6 317.6 317.3 316.3 317 316.5 316.6 316.3 315.8 314.8 313 311.2 310.9 312.7 321.8
612 599.4 587.9 576.3 561.8 548.4 537.6 527.2 508.6 496 482.9 459.3 466.9 472.7 472.8 467.3 465.7 465.2 461.6 451.1 443 434.3 425.1 416.1 404.2 394.5 378.7 366 350.2 340.5 329 321.5 317.4 314 314.2 313.5 312.8 312.3 312.3 312.3 312.3 312.3 312.3 312.3 312.3 312.3 312.3 312.2 318.5 320 319.7 318 313.3 312.8 312.3 312.3 312.3 312.3 312.3 321 326.9 328.6 327.9 325.6 325 323.3 321.5 320.1 319.3 320.6 320.5 319.7 319.4 317.8 317.8 319.6 324.5 332.3
586.6 579.5 570 560.9 547.5 533.8 522.6 514.3 505.2 487.2 468.6 458.7 444.3 452 454.1 449 448.4 449.4 441.7 434.1 425.1 415.1 403.4 394.4 383.7 373.7 357.5 341.9 331.4 323 318.3 314.8 314.2 313.3 313.1 312.9 312.7 312.3 312.3 312.3 312.3 312.3 312.3 312.3 312.3 314.1 318 321.7 326.1 325 328.1 329.3 327.4 327.6 332.5 332.2 323.7 323.3 331.3 333 335.4 337.5 336.9 333.9 331.1 329.1 326 324.2 323.1 323.8 323.5 323 323.9 323.6 328.7 333.5 341.4 345.5
562.6 558.8 551.8 542.8 528.8 516.2 505.6 492.2 482.1 471.4 454.1 446 438.8 429.4 432.4 430.8 431.1 430.4 421.5 417.8 407.2 401.4 382.5 372 363.3 349.5 337.2 329.5 321.3 316.1 313.7 314 313.6 312.9 313.4 312.3 312.3 312.3 312.3 312.3 312.3 312.3 312.3 318.9 329 329.1 329.8 332.5 337.6 339.3 343.9 350.8 346.4 345.5 352.5 353.4 355.7 348.1 351.6 353.1 353.2 351.9 348.7 344.4 339.4 334.4 331.7 328.3 328.7 329 329.7 332.1 333.8 338.5 345 350.6 354.3 360
544.9 535 527.3 518.8 510.8 501.4 490.1 481.5 467.1 454.1 443.5 433.7 425.3 417.4 416.8 415.3 413.3 407.9 399.4 389.4 381.9 373.4 361.3 353 344 336 325.8 318.9 316.5 314.6 315 314.2 314.3 313.3 312.2 312.3 312.3 312.3 312.3 315.9 322 326 332.2 342.5 345.1 352.9 359.8 364.5 362.6 361 363.2 367.4 367.3 366.5 372.7 378.9 378.9 373.9 372.2 379 376.1 366 361.6 349.9 349.6 347 343.4 332.7 336.2 337.8 341.7 346 352.3 358 361.4 366.1 373.6 380.1
520.6 516.2 508 502.2 492.3 484.1 474.3 463.9 449.9 440.2 431.3 422.6 412.7 411.1 401.6 395.7 391.9 385.9 378.2 371.5 363.6 354.8 345.1 337.7 332 323.3 318.4 316.4 316.1 315.8 315.3 315 315 316.2 314.2 312.9 312.3 317 325.2 333.7 340.1 347.3 355.8 366.4 376.7 390 390.8 392.3 390.4 380.3 381.9 389.3 391.5 400.5 406.2 409 403.8 405.6 400.5 401.3 396.7 381.3 371.9 362 360.9 354.5 347.9 345.7 348.3 352.9 358.1 362.5 368.7 372.3 378.3 386.4 394.8 401.6
503.2 497.7 489 487.1 476.7 472.7 464.5 451.4 441.2 430.8 424.9 414.4 405.4 396 388.3 381.9 376.8 371.5 364.5 358.2 348.9 339.3 331.6 326.6 324.7 321.5 318.1 316.6 316.5 316.2 316.1 315.7 319.5 322.5 324 323.9 326 333.3 344.5 354.4 365.8 375.4 388.1 404.3 418.4 420.9 425.1 432.2 425.5 417.1 409.8 411.8 416.9 424.2 437.3 440.3 435.4 431.4 430.6 424.7 416.1 404.7 390.4 382.4 376.1 371.4 365.8 360.6 359.3 367.3 372.2 380.2 386 395.4 402.7 405.1 410.1 417
490.4 480.6 474.5 469 461.6 455.9 450.9 443 433.2 419.4 410.7 402.3 395.5 386.7 378.4 371.1 358.1 353.9 345 338.7 333 328.2 324.5 320.5 320.9 319.9 316.9 317 317 316.9 318.5 321.3 326.9 331.3 335.9 338.4 346.4 354.7 370.9 381.7 393.9 410.8 427 438.8 447.9 455.6 461.2 455.6 450.1 437.8 440.2 453.2 454.5 458.1 464.2 469.5 479.5 458.9 463 456.9 449 433 418.2 405.1 397.6 390.8 383.9 378.7 377.4 378.1 391.7 399.8 408.5 416.7 423.5 427 429.7 436.9
470.6 461.6 458.8 454.8 450.1 441.8 436.4 425.4 418.5 407.2 397.6 389.2 380.3 375.8 364 354.8 347.5 336.5 335.1 332.8 327 322.5 320.4 319.3 319.4 318.5 318.3 318 318.1 318.2 322.8 330.2 337.2 341.8 352.4 362.4 369.7 384.2 400.3 415.5 433.9 450.3 469.9 484 494 500.9 499.7 489.7 476.9 483.6 482.1 480.3 485.7 492.3 491.7 502.4 508.1 494.4 493.2 497.5 500.7 480.1 458 436.5 428.6 415.7 407.4 401.5 397 396.8 411.9 423.1 425.5 436.8 443.8 456.1 459.5 463.5
454.1 446.7 438.6 438.4 430.6 424.7 417.1 411.1 398.3 395.4 385.3 373 364.1 355.6 355.2 339.3 333.4 331.5 327.8 327.5 323.4 320.4 319.6 319.3 319 318.6 317.4 320.4 322.2 324.7 329.6 340.6 348.2 359 373.5 385 401.6 418.4 434.5 452.9 472.7 494.1 512.9 523.2 524 517.4 506.3 502.4 496.3 497.7 504.4 507.6 512.2 519.7 524 530.3 532.5 531.6 528.2 528 526.9 520.9 497.2 465.1 469.2 453.4 437.6 430 420.5 420.1 429.5 441 446.2 456.3 469.4 477.6 480.4 477.1
437.1 432.6 422.6 417.9 413.5 401.1 399.9 394.2 385.3 376.9 363.3 354.9 349.1 345.5 340.7 333.4 327.8 326.9 323.1 322.7 323.5 323.3 323.3 323.5 323.7 326.5 329.3 330.9 333.9 337.3 345.5 358.4 367.4 381.3 397 412.4 432.1 449.2 468.2 497 516.2 526.9 534.8 540 533.3 527.3 519.5 517.9 517.3 519.8 521.9 527.3 537 545.1 551.8 556.8 557.7 563.1 567.1 557 557.7 554.8 530.6 503.9 504.2 490.4 481 460.5 451.6 442.6 451.3 461.3 468.1 477.6 485.1 489.3 491.6 494.2
416.7 413.1 408.4 405 393.7 387.6 383.2 373.3 367 358.9 349.6 343.5 341.5 335.1 331 328.3 326 323.8 323.6 325.6 327.1 327.7 327.2 329.1 333 336.5 342.3 345.2 349.8 354.9 366.4 380 392.6 408.1 423.5 438.9 453.2 481.3 499.3 520.5 534.5 541.6 544.9 545.5 537 530.2 532 537.8 529.6 533.1 538.8 550.5 557.1 565.6 569.2 572.8 576.9 582.9 588.4 585 582.7 576.5 568.6 527.2 529.9 521.7 504.9 491.3 481.1 474.7 476.4 482.6 488.3 494.8 501.1 508.6 510.2 515
402.6 401.1 394.2 387.4 382.6 375.5 368.4 359.4 353.2 346.8 340 335.7 334.6 332.9 328.4 326.8 324.5 324.6 324.3 328 330.6 333.7 334.9 339.3 344.3 350.5 356.5 363.8 368.4 380.9 394.1 407.5 422.7 437.3 449.7 458.4 482.6 502.9 518.5 533.8 542.2 548 549.4 546 544 542.8 547.7 547.1 544.3 552.3 554.2 561.3 571.1 578.4 582 587.6 594.4 602.1 607.3 609.9 605.3 594.9 580.5 552.8 560 546.6 535.8 524.7 516.3 500.8 500.6 510.3 519.1 523 522.6 522.2 520.1 520
394.3 384.2 383.4 374 369.9 364.7 360.9 355 348.1 342.9 337.6 332.3 329.1 328.3 327.3 326.4 326.1 325.4 328.9 333.5 337.3 343.4 348.2 350.4 357 364.9 373.8 384 393.1 405.2 421.4 445.1 460.2 470.4 475.2 485 503.3 523.7 535.2 543.6 551.8 554.7 554.7 555.2 551.9 553.2 553.4 551.8 553.7 560.9 567.2 573.9 580.8 588.4 600.4 608.7 616.1 623.8 629.7 630.3 618.2 605.2 588.6 576.6 568.2 559.2 549.5 542 535.2 524.3 530.4 535.7 541.2 539.3 541.8 539.5 530 527.1
384.4 377.3 367.1 363.2 361.4 357.6 354.6 348.1 343.4 336.5 329 333.1 331.9 330.3 329.1 327.9 327.9 332 337.5 342.1 349.7 357.2 364.1 371.1 376.6 387.7 398.7 408.6 423.4 438.6 455.5 474.9 486.5 500.5 501.2 513.6 525.2 537.7 544.7 555.8 561 563.4 563.3 560.5 560.6 560.7 560.2 559.9 563.3 569.2 574.9 583.3 593.6 606.5 623.9 630.1 637.9 640.3 635.4 630.4 623.6 612.8 602.1 592.9 582.7 575 566.6 559.5 549 545.9 551.8 555.9 558.3 555.2 549.7 544.5 538.7 534.2
367.5 361.5 357.6 353.6 352 351.1 344.6 340.2 333.7 336.9 336.2 336.1 333.9 332.2 331.5 331.2 335.2 342.6 350.5 358.1 363.4 374.4 385.8 393.4 397.5 410.2 423.7 440.8 455.9 469.8 486.7 499.2 514.1 517.3 523.1 540.8 546.4 552.5 559.2 567.2 569.3 569.9 568.2 568.1 571.2 569.3 568.4 568.8 571.6 577.5 587.2 596.8 607.8 620.4 631.8 638.8 644.2 643.8 641.8 637.5 628.2 618 610.6 600.4 594 587.4 577.5 569.3 562.2 561.2 557.8 558.2 556.9 550.7 543.5 538.8 537.2 533.5
359.1 354.8 349.9 346.6 344.7 341.5 336.5 339.1 340.5 341.5 339.1 338 336.1 334.8 336.7 341 348.5 359.4 367.7 377.1 388.1 397.2 409.9 416.7 416.7 432.9 450.8 467.6 485.9 503 512.5 523.6 526.5 532.5 551.7 557 560.9 566 576.2 576.4 576.3 575 577.7 579.6 579.9 577.8 577.2 577.2 583.1 590.2 598.8 609.8 622.4 634.3 642.5 645.1 650.4 645.2 643.1 639.6 634.8 627.4 620.3 606.3 593.5 586.4 582.5 569.9 562.5 557.5 555.6 553 548 541.6 537.5 533.8 531.4 527.7
352.1 348.7 345.2 340.5 339.9 340.4 343.6 345 346 346.5 344.4 342.6 341.4 342.6 347 354 368.3 378.7 390.1 398.8 412.9 430.9 442.2 444.4 443.8 459.3 480.3 492.5 509.4 520.7 529.2 533.4 542.9 552.2 556.1 563.7 569.7 576 583.1 583.4 582.5 588.3 591.5 592.2 588 585.2 584.5 585.2 591.7 600.8 607.9 617.5 631.4 641.6 645.9 648.2 644.1 639.5 633.6 628.9 625.3 619.6 609.2 600.5 592 583.4 569.9 562.5 553.4 549.1 548.7 546 541.5 538.6 535.5 531.3 527.6 521.5
347.5 342.8 339.4 338.7 346.7 349.1 352.6 353.4 353.5 354.6 351.1 351.7 351.4 355.1 363.2 380.6 396.1 401.8 414.1 430.5 446.7 458 468.1 479.5 480.4 487.1 504.6 517 527.1 534.1 535.7 542.5 549.2 555.3 561.8 569.6 574.7 581 587.6 592.4 593.9 600.1 601.3 598 596.5 594.3 591.9 598.3 600 605.3 613.7 624.9 634.9 639.4 636.3 635.4 631.5 630.9 628.3 623.4 616.4 608.4 603.1 596.4 583.8 570.2 559.2 553 547.4 543.2 540.8 539.1 536 533.6 529.2 520.7 521.3 521.9
341.5 341.4 346.6 353 357.7 361.4 361.6 364.7 365.5 363.8 362.8 363.2 368.7 377.5 385.9 407.4 419.8 431.8 446.8 458.5 471.8 489.5 495.4 506.4 505 510.5 521.5 527.8 528.2 533.2 539.9 545.2 552.9 559 568.1 575 583.6 588.5 598 603.7 605.8 609.6 606.5 606.2 606.5 607.5 604.6 602.5 603.8 607.7 613.1 619.1 624.6 629.6 628.6 630.3 629.4 625.9 617.9 611.1 606 595.9 589.1 580.9 574.5 563.9 557.8 549.3 545 541.1 535.6 532.8 529.4 527.3 524.9 526.7 526.6 528
343.4 349.1 356.1 362.6 368.1 373.5 378 380.3 381.5 379.9 375.3 379.4 388.3 403.2 419.1 434.4 451.5 468 478.5 486.4 497.5 507.4 514.6 519.1 509.2 514.6 521.3 526.9 534.9 538.5 542.9 549 557.5 567.1 577 585.4 594.3 600.8 605.5 612.7 616.1 615.6 618.7 619.3 616.6 611.2 606.9 603.9 602.4 603.2 606.9 610.9 616.1 621.8 624.9 621.6 617.6 611.9 606.6 601.1 595.2 588.8 582.1 574.8 568.2 559.9 553.9 547.8 543.5 538.6 535.5 536.8 535.3 532.5 532.6 530.3 530.6 530.4
352 357.8 365.2 373.8 380.8 385.2 396.6 402 398.7 399.2 397 403.1 417.3 431 451.4 459.3 483.3 501.1 508.8 514.2 509.6 512.8 508.1 508.1 514.7 523.2 530.9 536.8 536.4 539.8 546.6 553.8 563.4 576.9 587.9 597.9 608 614.8 619.6 623.5 629.2 630.1 630.3 624.2 617.9 612.8 608.6 605.1 601.8 601.7 602.9 607.2 611.1 614.3 614.3 612.5 610 606.3 601 596.2 590.4 584.2 578.3 572.2 564.2 555.9 550.7 545.9 540.7 540 542.9 540.5 537.4 538 540 539.1 537.7 538.1
359.2 367 375.9 383.3 394.7 403.1 414 416 416.3 416.5 420.2 427.9 438.1 455.7 474 490.8 501.8 506.6 509.6 508.8 511.1 510.6 508.6 513.7 524.1 530.2 536.5 534.5 538.3 545.9 552.4 560.2 573.1 585.5 597.1 607.3 619.1 626.8 633 637.3 637.6 635.4 631.3 626.5 618.8 614 610.4 605.2 602 601.2 601.5 603.9 607 607.7 606.8 606 603.6 600.6 595.4 590.3 585.5 578.3 574.7 566.5 557.7 552.3 546.9 541.8 545 546.1 543.7 544 545.6 545.7 544.3 544.5 544.1 545.4
370.4 375.5 388.2 398.6 410.7 418.2 425.7 428.9 428.8 432.2 435.6 436.7 460.4 476.5 493.4 508 519 520.1 513.2 512.5 519.2 523.5 527.7 530.7 530.8 529.5 530.4 536.8 545 554.4 564.6 572.8 585.5 598.2 607.1 620.3 632.2 639.5 643.4 642.3 639.6 636.5 633.7 627.7 619.8 612.7 608.7 606.3 602 601.1 600.7 601.3 600.7 600.2 599 597.5 595 591.9 586.9 582.4 577.6 571.9 567.7 561.1 555.4 550.4 546.5 547.5 548.2 547.7 547.8 550.6 552.6 553.7 551.9 553.1 552.7 554.1
379.8 390.4 401.9 415 424.8 435.1 441.3 444.1 443.1 447.2 453.2 460 466 484.5 498.8 508 516.9 518.7 518 519.7 526.4 531.8 533.5 533.2 533.7 526.1 532.6 541.6 551.6 564.3 575.5 588.5 604.4 612.8 627.6 639.1 644.9 645.9 644.9 643.5 637.2 630.4 623.5 615.6 609.9 605.3 601.7 598.2 596 595.2 594.1 591.7 590.9 590.3 588.7 587.2 585.8 582.8 578.5 575.1 571.8 566.2 563.6 558.1 557.9 554 552.7 553.1 552.6 552.9 557.3 558.5 559.2 561 561.3 562.7 563.7 565
396 404.5 419 428.5 439.4 449.8 455.1 455.3 455.7 460.9 468.9 473.7 474.9 488.3 497.7 507.1 512 515.6 519.7 520.8 526.3 530.7 530.3 531.3 524.6 526.5 537.2 551.4 564 576.9 592 605.3 616.7 632.1 644.2 649.7 648.4 644.4 638 633.4 627 619.9 610.2 606.2 600.5 596.7 593.5 590.7 588.7 587.1 582.7 581.7 582 581.5 580.6 579.8 577.9 575.6 573.3 572.7 568.3 569 566.5 564 561.6 562.1 561.8 559.9 560.4 564 566.2 568 569.9 569.5 570.8 572.8 573.7 576.2
411.8 422.2 436.3 445.1 459.1 471 473.6 471 473.2 478.1 481.1 485.7 486.3 488.6 493.4 504.5 512.1 514 518.3 522 522.8 521.9 525.5 525.8 526.6 532 541.7 559.1 576 589.1 607.9 622.8 636.3 648.1 654.3 653.5 648 640.5 631.8 622.4 616 608.9 602.9 597.3 594.6 588.7 584.9 585 582.9 580.4 575.2 573.5 574.3 571.8 574.2 572.6 571.8 571.8 571.7 573.2 571.9 571.8 571.4 570.6 570.6 568.6 569 569.5 571.4 573.8 575.3 576.9 578.8 579.7 582.3 583.6 586.6 589.3
428.7 442.7 453.9 470.8 477.7 485.5 490.6 492.4 494.8 495.6 496.5 496.3 494.3 500.1 506 512.9 516 513.2 514.6 517.6 521.3 518.4 523.9 521.4 533.3 539.7 551.8 573.1 588.3 607.2 626.3 640.1 651.6 660.2 661.6 657.4 649.6 639.4 630.5 619 610.3 603.4 596.4 587.9 587.6 581.4 577.4 575.1 572.3 571.8 571.8 571.8 571.8 571.8 571.8 571.8 571.8 571.8 571.8 573.1 575 577.4 578 578.2 577.5 578.6 577.8 578.6 580.9 583.3 585 588.6 591 593.9 596.6 599.3 601.1 604.5
450.7 464.6 482.8 492.6 499.7 512.3 527.5 532.1 528.2 526.5 523.1 510.4 504.5 505.2 509.8 517.1 520.2 521 516 513.9 516 506.2 511.9 529.3 542.2 550.6 562.7 587.4 609.1 628.9 643 656.1 664.7 669.3 666.9 659.8 654.2 652.9 635.6 616.8 606.5 599.4 593.2 586 577.7 573.6 571.8 571.8 571.8 571.8 571.8 571.8 571.8 571.8 571.8 571.8 572.4 575.1 579.7 580 584.9 585 585.6 587 584.9 586.3 589.8 589.2 593.4 595.9 599.7 603.5 606.5 609.3 612.1 615.2 617.3 617.6
471.2 485.6 500.2 509.3 522.1 543.4 555.3 560.5 560.5 556.1 538.5 533.2 528.1 527.9 532.5 532.9 526.4 518.7 506.2 501.4 496 497.7 522.5 540.6 550.4 564.9 582.7 605.7 629.3 642.4 657.7 669.2 673.9 674.1 669.3 667.6 663.7 658.2 642.8 620.3 606.8 598.3 590.7 585.7 572.1 571.8 571.8 571.8 571.8 571.8 571.8 571.8 571.8 571.6 572.8 577.4 578.3 584.1 585.6 589.1 592.8 591.3 595.8 593.5 595.9 598.6 601.2 606.2 609.8 613.5 616.2 618.5 621.7 623.1 626.1 628 627.9 626.9
488.2 503.7 519.9 529.8 543.4 557.5 573 579.1 572.6 567.3 561.5 558 554.4 551.6 539.6 527.7 514.3 506.7 490.9 478.7 487 503.9 531.1 555.8 567.7 579.5 603.1 628 641.7 656 670.2 678.2 680.7 678.7 677.8 676.3 669.7 660.5 645.8 626.1 610.2 598.1 588.7 579.3 572.3 571.8 571.8 571.8 571.8 571.8 571.8 571.8 571.8 574.9 577 582.3 585.7 587.8 590.4 594.1 596.3 598.3 600.8 605.3 607.9 614.1 618.9 621.5 625.1 626.4 629.2 633.5 637.3 637.7 638.4 639.2 640.7 638.8
508.2 521.3 540 548.9 560 575.2 576.8 577.9 580.3 577.4 576.7 573.8 561.6 544 523.8 506.8 497.1 485.9 471.4 474.9 489.2 515.5 544.3 562.7 577.5 597.9 623.4 639.9 654.3 668.4 678.3 684.6 684.1 682.4 684.4 678.1 671.4 662.8 646.6 625.7 606.4 593.1 581.2 572.6 571.8 571.8 571.8 571.8 571.8 571.8 571.8 571.8 575 578.1 580.5 585.8 590.2 591.7 594.7 600.4 603.7 608.5 616.9 620.4 624.5 627.5 632 635.7 638.1 644.5 646.1 648.5 649.5 650.6 650 647.3 646.3 646
523.9 539.3 558.9 567.8 578.7 591.5 589 590.8 586.5 589.2 584.2 570.8 545.8 525 500.8 485.8 477.5 465 464.9 477 493.8 515.5 542.1 569.7 589.7 615.5 636.1 651.8 666.5 677.6 688.2 689 686.5 687.5 684.3 683.7 676.5 664.1 647.4 619 597.6 583.8 573.2 571.8 571.8 571.8 571.8 571.8 571.8 571.8 571.8 575.4 577.7 583.9 587.4 593.3 597.9 603.2 606.9 611.3 618.2 624.8 630.4 635.3 638.6 640.8 645.3 651.7 658 660.3 659.4 658.9 658.8 658 657.2 655 653.7 652.9
