app/static/ascii/NH25.asc
ncols 200
nrows 200
xllcorner 220000
yllcorner 850000
cellsize 50
[rows 70 to 104 of 200, columns 78 to 155 of 200]
632.2 650.8 677.4 704.2 724.4 744.8 771.3 797.2 817.3 830.2 825.6 811 791.5 767.5 751 729.9 716.6 715.2 711.7 708.7 707.1 698.4 696.4 689.4 685.3 686.8 692.1 693.1 689.2 691 690.2 670.8 664.1 654.5 639.9 636.7 635.9 638.1 635.9 635.6 637.3 636.8 632.9 633.2 634.4 632.1 631.8 634.1 633.5 629 623.6 616.3 613.3 609.9 605.4 603.1 604.5 605.9 606.9 606.4 605 605.7 605.2 602 598.3 593.8 587.6 580 576.8 568.4 556.1 548.9 540.9 532.5 524.8 515.6 502.3 491.2
646 668.2 693.2 715.9 729.5 759.9 788.5 812.2 838.7 842.1 828.9 807.5 783.4 763.4 743.7 723.6 708.5 706.6 707 709 713.2 716.3 716 710.5 713.8 711.6 715.5 716.8 714.9 711.2 709.2 706.5 687.3 676.5 663.3 652.3 651.2 650.3 653 653.5 651.8 652.1 648.3 646.2 648.4 650.5 648.9 648.6 646.2 643.5 637.2 628.4 621.7 618.7 614.7 612.4 611.9 612.4 614.3 615.1 612 611.7 611 609.6 607 604.7 599.9 593.7 589.4 584.7 577.9 566.7 559.8 553.2 544 535.5 523.9 509.5
656.9 681.6 706.5 722.5 741.4 770.9 796.4 811.4 831.5 836.5 823.9 807.3 779.6 754.5 730.8 714.2 703.8 703 704.2 708.6 713.7 725.3 732.6 736.2 733.9 740.2 744.3 739.4 743.1 741.9 740.1 732 721.3 707.2 691.3 679.2 672.3 668.4 668.6 668.8 665.8 665.2 664.4 662.8 662.4 662.7 662.1 660.2 657 656 651.3 639.3 634.2 629.3 623.9 621.2 620 617.7 620.3 619.9 617.5 616.6 616.9 617.9 616.6 613.8 611.3 606.3 602.4 597.3 591.3 583.7 574.4 566.8 558.1 547.4 537.4 524.4
666.8 691.8 705.5 724.1 750.2 775 793.8 804.3 820.9 821.2 811.4 791.6 770.2 744.6 723.1 709.3 701.7 698 702.6 708.1 715.6 723 731.7 738.8 747.8 754.3 767.7 775.1 783.7 785.5 775.8 765.1 754.2 741.3 728.1 717.4 706.4 698.5 689 686.3 683 679.6 677.2 677.9 676.3 676.1 676.3 675.1 669.6 666.6 664.3 654.8 645.4 640.4 635.4 632.3 626.5 622 623.2 623.3 622.2 620.4 620.8 624.1 625.5 624 620.6 616.5 611.8 609 604.3 595.9 586.8 578.5 567.7 556.1 546 533.4
674.4 693.8 708.1 726.6 751.7 773.8 787.6 798.1 812.2 802.4 793.8 779.6 759.3 735.2 716.5 703.7 693.1 693.5 696.3 702 709.6 719.2 729.8 737.6 745.2 757.3 770.3 783.1 794.3 795.8 792.4 792.1 791.4 783.2 763.1 751.5 736.7 725.3 715.2 705.7 702 699.9 697.1 693.5 692.9 693 691 690.4 685.8 680.6 673.9 664.3 657.5 651.8 645.9 640.9 634.1 627.7 626.6 626.6 627.7 626.8 625.1 628.9 630.8 631.3 627.7 624.6 620.2 617.8 613.1 605.4 595.4 586.1 574.3 562.6 552.4 540.2
675.9 694 711.2 727.9 750.6 770.6 782.3 788.7 792.3 785.3 778.7 770.9 752.6 730.7 716.7 699.7 687.6 688.6 689.9 697.1 705.6 713.9 724.5 736.1 745.8 755.9 764.7 777.8 788.8 796.2 796.5 792.1 792.1 792.7 801.3 787.6 768.8 752.6 743.9 736.9 730.6 724 718.4 713.5 711.3 711.1 710.5 708.2 706.2 700.5 692 676.9 670.5 664.4 656.1 648.9 643 634.2 631.5 631.4 634 634.1 633.4 634.5 637.3 638.4 636.9 633.7 630.2 624.1 617.7 610 601.7 590.5 579.3 566.2 553.2 541.3
675.7 694.2 709.7 726.4 747.1 765.4 776.2 776.5 771.3 764.1 758 752.6 738.8 725.4 711.7 695.7 682.7 683 686 692.3 700 710.1 720.8 732.2 744.1 756 765.4 775.1 784.6 794.6 803.6 805.6 798.4 792.1 799.3 806.2 807.1 793.4 784.6 774.2 766.9 757 744 736.6 735.9 737.6 733.9 730.9 727 718.7 703.4 690.3 682 675.5 666.2 656 648.1 642.3 637.4 634.2 637.2 640.5 639.5 640.4 643.5 646 645.6 643 637.4 627.5 619.8 610.4 601.7 593.6 581.9 568.7 555.5 541.4
672.2 689.8 705.8 720.3 739 753.7 763.6 765.7 758 747.4 738.8 732.8 726.8 718.9 705 688.2 677.3 677.3 680.5 686.1 692.5 702.5 714.6 727.2 738.9 751.4 763.2 773.4 783.7 792.1 796.4 798.8 794.4 794.8 799.6 803.1 806.4 809.3 809.6 803.8 790.4 779 769.7 763 759.7 760.5 759.7 754.6 746.6 738.1 723.5 705.7 699.3 686.5 673.1 659.5 650.4 647 644.6 640.8 639.3 643.2 643.9 645.8 647.2 650.9 652.5 649.3 643.5 632 621.6 612.7 602.1 592.1 582.8 571.5 560.1 543.9
666 683.2 698.2 713.3 729.6 743.1 751.8 750.2 741.6 731.4 725.3 719.7 713.9 702.7 689.9 679 672.9 671.6 674.5 678.6 687.6 699.3 711.9 723.7 735.4 749.1 760.9 771.1 780.5 789.8 792.3 787 787.2 791.2 795.7 801.4 807.4 814.2 819.9 820.9 812.5 798.1 789.9 787.4 786.6 783.1 780 778.3 771.7 758.9 746 731.6 718.8 702.1 682.5 668.1 656.7 653 650.4 648.8 647.5 649.4 649.1 649.4 651 653.8 655.7 653.5 646.8 637.8 627.1 615.6 603.5 591.9 583 574.1 562 545.3
660.3 673.3 686.9 701.2 717 729.2 732.9 730 724.7 717.8 718.6 715.7 704.4 692.8 679.6 669.7 667.3 667.4 671.7 677.4 685.5 695.8 707.2 719 731.5 744.9 755.4 766.4 774.2 777.4 774.8 771 772.7 782.1 790.7 800.3 812 823.4 830.2 833 834.6 826.1 812.2 811.9 815.4 810.6 807 801.7 792.6 782.4 772.8 759.3 739.1 716.4 696.2 680.9 670.7 662.6 658.8 657.4 656.1 654.1 653.8 651.6 650 654.7 654.3 654.5 650.2 640.7 629.3 615.4 604.5 593.7 582.9 571.8 559.4 544.7
652.9 666.9 678.1 691.8 705.6 712.8 718.5 716.6 712.2 708.1 707.3 704.3 694.8 683.7 672.1 664.2 659.4 663.6 667.8 674.8 683.8 693.7 705.1 717.8 730.3 741.4 748 752.7 757.3 762.3 763.8 761.1 762.1 774.8 787.4 797.2 810.5 821.6 830.4 836.1 839.8 841.5 838.4 835.4 837.1 838.4 837.9 833 824.4 811.8 798.4 779.1 759.9 738.6 715.6 694.1 680.3 675 668.8 660.7 657.4 657.7 655.2 651.8 652.4 650.4 650.7 653.4 650.5 642.3 632.8 619.1 606.7 595.5 584.8 575.6 564 550.5
646.1 658.6 669 680.3 691.9 699.7 701.9 702.6 701.9 698.7 695.2 689.7 681.6 671.5 663.7 656 655.5 657.7 664.3 671.2 679.8 690.7 702.5 714.4 726 734.8 739.1 742.2 742 744.5 752.6 757.7 759 770.6 784.9 796.4 808.9 819.5 826.4 833.9 840.4 843.9 847.5 849.6 852.5 855.7 857.4 859 853.5 841.9 828.2 805.9 783.7 761.5 733.7 707.7 691.5 681.7 675.4 665.9 661.8 660.5 655.6 649.7 647.1 646.6 644.5 645.6 645.8 638.9 628.9 616 603.7 593.6 588.6 580.4 569.2 555.3
638 649.9 660.9 672.5 681 687.5 691 691.7 690.7 688.7 685.3 678.7 669.2 661.6 655 641.6 650.5 652.3 658.7 666.6 675.1 686.6 698.5 708.9 718.2 726 731.3 731 727.8 728.3 733.8 743.3 754.5 766.9 779.6 791.2 804.2 815.6 825.2 834.3 841.9 847.3 852.7 859.2 867.5 873.3 867.1 865.8 865.8 861.5 851.4 831.5 809.4 783.6 758.6 733.5 704 689.7 680.2 670.4 668.7 658.2 654.9 650.1 642.4 639.5 638.6 638.3 636.8 633.6 624.9 612.8 599.9 593.1 589.5 582 571.5 561.1
632.4 643.5 654.1 664.2 671.3 676.8 678.7 678 677.1 675.8 673.5 665.2 658.7 652.4 647.8 639.6 637.9 649 656.8 665.5 672.8 681 690.9 699.8 707.8 714 718.3 717.5 714.9 715.5 722.7 733.2 746.2 759.7 774.3 787.4 799.6 812.1 823.8 835.2 846.8 856.7 862.5 867.9 869.2 871.9 868.4 869.7 873.7 872.7 868.2 859.9 839.8 811.5 788.5 758.1 731.6 702.8 686.7 676.4 669.3 660.6 655.4 649.5 640.2 635.4 632.9 630 627 623.7 616.6 607.5 598.8 592.9 588.2 583.5 574.8 564.9
627.5 637.3 646.6 654.1 659.4 663.5 665.1 664 661.7 658.9 655.8 651.6 647.7 643.4 638.8 634.4 635.8 646.3 656.7 665.6 672.3 678.2 685.5 692.3 698.5 703.4 706.4 706.5 705.8 705 712.4 723.5 738.1 753.9 771.1 785.6 798.4 810.8 823.5 835.8 848.8 858.6 859.4 859.2 858.8 866.9 869.5 862.1 861.2 869.7 876 870.7 859.6 844.4 817.6 784.8 750 725.2 700.4 680.8 671 664.6 656.3 650.7 644.1 635.3 628 624.5 621.6 617.9 613.6 607.7 602 595.6 590.2 584.8 578.2 569.9
621.2 630.9 637.7 643.1 648 651.2 653 650.8 648.9 646 643.1 640.3 637.6 633.9 630.4 628.6 634.2 646.9 656.5 666.7 674.2 677.1 679.7 683.2 687.5 691 693 693 694.2 695.9 706.2 717.8 732.5 751.8 768.2 783.8 798.1 810.9 821.2 832.9 845.6 847.2 842.4 842.7 843.6 848.9 849.8 846.7 846.2 854.6 864.4 873.2 871.7 859.2 843.2 809.7 777.6 745.2 720.7 691.8 675.9 663.6 660.1 652.7 649.4 638.8 628.5 621.1 618.1 615.4 611.7 606.9 602.3 597.8 591.7 587.5 581.9 574.7
611.7 622 628.1 631.6 637.8 641.1 640.5 638.3 635.5 633 631.5 628.7 626.9 624.2 620.5 624.4 637.9 650 658.4 665.3 669.3 671.5 671.9 672.8 674.7 675.2 676.3 678.1 680.8 689.6 700.4 714.6 729.7 748.4 764.4 779.5 793.6 806.7 817.7 825.7 834.6 836.6 827.4 822.6 826.2 832.6 833.3 832.5 833 838.9 846.1 856.1 865.8 871.7 857.1 838.3 809.2 771.6 739.1 712.9 682.1 665.8 658.8 656.3 650.8 644.2 631.5 622 617.1 613.9 609.8 605.4 600.7 596.9 593.2 588.7 582.9 575.9
603.1 612.5 617.6 620.3 626.6 629.4 628.5 624.9 621.9 620.1 618.5 617.4 617.1 612.2 622.2 632.7 642.6 650.6 657.3 662.2 664.9 666.4 664.8 663.6 663.7 663.4 662.6 665.8 672 684.1 696.2 710.5 725.8 742.2 757.8 772 784.8 796.3 807 816 820 820.2 814.9 811 814.4 817.2 819.7 822 826 829.7 834.7 841.9 851.8 859.6 862.4 839.7 818.6 795.2 762.4 720.8 696.4 676.5 660.7 656.1 653.2 648.3 635 623.4 615.1 611.6 607.3 602.6 597.7 593.9 590.1 586.6 581.2 574.6
597 604 607.9 608.1 614.6 617.2 615.3 610.1 606.6 604.5 605.8 605.5 603.7 615.8 630.6 639.2 643.7 648.3 652.8 655.8 658.2 658.5 657.1 654.8 654.2 654.6 654.5 656.8 667.4 678.4 690.3 704.5 718.8 733.4 750.1 762 772.8 785 793.5 800.8 808.1 807.5 809 804.5 804.5 805 807.1 810.4 815.7 819.5 823.3 829.9 841.2 842.9 839 832.1 815.7 799.5 778 740.7 709.7 688.3 668 653.6 651.3 647 637 623.6 615.5 609.4 605.4 599.1 593 588.1 585.2 582.3 578.3 572.2
589 596 600.2 601.1 601.9 603.3 599.8 594.8 589.2 586.9 599 605.8 613.5 626.1 638.1 643.9 646.2 645.5 647.2 649 651.1 652.3 652.1 650.3 649.4 649.1 648.5 651.3 659.5 670.9 683.2 697.5 711.1 724.1 738.8 750.2 758.5 769.9 778.8 787 796.1 798.8 796.3 795.4 792 788.5 791.9 795.7 801.1 805.9 808.9 813.8 824.2 832.7 822 812.4 797.3 784.9 778.5 762.1 724 698.4 678.5 655 643.3 641.8 635.3 628 614 606.3 599.3 593.4 587.7 579.4 578.2 575.7 572 568.3
584.2 588.9 593.9 594.2 591.8 587.9 581 573.1 587 598.2 608.5 615.9 626 634.9 642 646.1 646.9 644.2 641.6 641.6 643.2 643.1 642.1 642 642.3 640.7 639.6 645.3 653.9 666.3 677.1 688.7 701.7 714.3 726.7 737.9 746.8 756.9 766.4 774.2 779.4 784.8 781.2 780.6 774.3 766.5 771.5 777.3 783.1 790.5 796 799 805.1 811.5 806.7 790.5 773.1 763.4 756.7 748 733.6 713.9 683.1 663.6 641.3 631.8 624.3 618.2 604 596.7 589.9 581.3 575.2 568.8 568.5 567.5 565.4 561.9
577.2 580.7 583.8 584 578.3 575.2 562.3 583.3 593.7 606.9 617.7 626.6 632.3 638.8 643.8 644.1 643.9 642.1 638.4 633.6 630.9 629.6 627.8 629.3 631.4 631.4 632.9 642.4 652.1 662.6 672.4 681.1 692.3 704.7 715.9 726 737.3 745.8 752.1 760.4 764.8 763.8 760.5 759.7 755.5 746.2 749 756 763 771.6 778.9 784.1 788.2 791.3 786.5 764.5 751.6 737.7 726.1 721.4 715.4 716.3 694.7 661.2 640.3 623.5 603.8 597.1 588.1 579 572 565.5 558.6 553.7 554.2 555.5 556.1 552.6
569.5 566.8 567.4 567.1 560.6 553.5 572.4 588.7 601.4 612.9 623.6 634 638.9 640.5 644.2 646 642.5 634.6 630.1 625.5 620.2 616.9 616.7 617.3 620.5 620.8 633 642.8 651.2 658.9 669 677.4 687.1 696.5 706.5 717 726.6 734.2 741.2 747.1 751 747.2 738 734.6 730.2 722.1 722.7 733.1 741 749.7 758.6 766.8 770 768.5 750.7 733.1 726.7 715.4 693.8 687.1 681.1 683.3 677.3 662.8 630.4 610 589.7 577.1 566.8 558 551.4 546.1 542.6 538.8 543 544.5 544.9 544
559.2 546.7 538.8 538.1 552.3 566.1 579.9 592 604.2 616.3 626.7 632.8 637.8 639 640.4 643.4 642.4 636 629.2 623.1 613.2 606.4 605.1 607.1 607.5 621.7 633.1 642.9 649.8 656.9 666 674.3 683.6 691.8 699.9 710.3 719.6 725.9 729.5 732.5 730.5 729.2 717.2 700.4 699.3 690.4 694.6 706.1 718.5 727.1 738.5 746.2 745.9 741.8 718.7 701.7 695.3 689.1 663.6 655.8 650.4 646.5 644.1 632.1 619.2 599.6 580.3 565.2 555.2 547.3 538.8 531.4 528.1 528.7 533.7 534.3 535.8 535.9
545.9 522.6 535.2 552.3 561.1 570.6 581.3 593.3 603.7 615 626.5 634.5 635 636 636.5 636.7 638.1 634.7 626 616.4 608.6 599 592.3 605.2 614.5 624.5 634.9 643.9 651 658.2 665.7 672.5 679 686.4 693.9 701.4 709.8 713.4 713.2 710 704.6 702.3 685.8 669.8 664.1 663.6 669.3 682.6 695.4 705.6 713.3 721.2 716.5 711.2 688.6 677.7 664.5 650.4 634 626.7 620.6 619.2 613.4 616.4 602.5 592.2 569.1 555.9 545.1 535.6 529.4 523 517.2 519.1 520.7 524.7 525.7 526.6
527.7 508.2 536.1 554.3 563.8 570.9 579 589.3 600.2 612.4 625 633.1 636 633.6 633.5 634.2 634.1 629.8 622.3 606 598.9 592.3 588.4 600.5 609.5 621.3 635.1 646.4 653.5 662.2 668.9 676.3 681.7 687.3 696.2 699.7 697.2 698.1 694.9 688 681.1 673.2 655.9 642.8 641.4 642.3 646.6 656.4 671.9 680.5 688.8 695.2 687.3 671.7 658.9 652.4 638.4 629.1 613.8 605.5 600.6 589.9 585.9 578.9 580.4 563.9 554.6 543.7 534.6 526.9 521.1 515.2 510.6 512.6 512.1 513.9 515.8 516.7
501.9 506.7 538.7 550.1 561 569.2 577.8 586.7 597.3 610.3 623 630.2 633.5 631.9 631.3 629.3 624.5 621.2 610.1 597.2 587.3 580 583.4 590.9 601 613.7 628.1 640.4 651.4 661.5 672.6 681.6 688.6 694.6 707 711.8 703.5 694.9 682 667.7 651.2 646.9 633.7 620.7 621.4 622.2 626.7 633.3 642 653.7 662.4 668.7 658.9 647.9 640.3 631.9 617.7 602.9 592.9 577.8 570.4 574 561.4 550.7 548.4 548 535.3 529.7 524.8 518 513.3 509.4 506.8 506.8 506 507 508.8 509.3
482.8 503.2 525 531.2 553.9 566.3 576.2 584.6 595.1 607 618.2 626.7 633.7 633.6 631.5 626.4 617 609.3 598.9 588.5 577 566.4 571.3 578.3 588.3 602.2 616.6 630.6 644.2 656.3 668.6 681.4 693.5 700.8 710.1 712.4 706.4 697.6 687.7 674.7 657.7 639.4 620.5 606.4 605.9 608.1 605.3 611.8 621.6 630 639.5 647.5 647.2 641.7 627.8 609 598.6 584.4 570.2 561.8 551.6 545.5 539.2 535.6 530.5 524.6 521 515.8 511 507.1 503.1 501.6 499.9 499.9 499.6 500.1 501.7 502.4
450.2 468.9 489.4 503.8 536.8 561.1 575.4 584.6 592.6 604.4 615.4 626 634.2 638.2 635.1 627.5 616.5 601.7 594.2 581.6 570.5 561 561.6 566 573.1 585 599.5 615.3 631.4 646.7 660.8 672.7 686.4 700.4 709.8 712.7 712 700.8 690.3 678.4 659 642.4 626.6 612 601.4 600.4 600.6 600.6 603.8 610.7 619.6 626.7 625.5 622.6 614.1 600 581.9 568.5 557 548.8 541.6 535.5 530.4 525.7 521.4 516.3 510.4 506.2 503.5 501.3 498.4 496.3 495.7 494.7 494.1 494.1 494.3 495
429.4 426.2 449.3 507.2 533.3 558.7 575.1 586.1 593.9 603.9 613.9 624.7 637.2 643.2 644.1 636.2 622.1 600.6 584.9 572.2 564.3 555.1 552.7 555.7 560.7 569 580.8 596.8 613.9 630.4 647.4 661.2 673 689.6 699.1 703.7 710.2 704.9 689.9 671.9 658.6 644.2 637.7 630.1 617.2 600.5 600.6 600.6 600.6 600.6 601.2 602.5 600.4 595.7 594.5 582 567.6 559.5 551.1 543.2 536 530.3 525.3 520.5 516 510.3 505.1 501.7 499.3 496.5 494.1 491.9 491.9 490 490.5 489.7 487.4 486.8
381.3 429.3 471 501.7 525.5 549 563.2 581.6 596.6 607.8 617.8 629.1 640.7 650.6 651 641.7 625.4 606.1 584.9 565.6 556.4 549.2 543.4 547.1 549.3 554.6 565.6 579.6 595.3 612.5 629.4 644.5 656.8 668 680.1 685.2 689 688.1 682.7 678 670.8 659.3 654.6 646.5 637 624.4 611.5 600.6 600.6 606 604.5 605.7 602.3 584.7 567.4 563.3 557.6 549 541.3 535.3 529.8 525 520.6 516 511.6 505.7 500.8 498.8 495 493 491.4 490 488.4 487.3 486.1 484.5 483.7 481.8
384.2 418.6 443.6 476.8 504.9 520.9 543.6 570.2 593.8 611.9 624.8 635.6 645.4 654.5 656.4 647 628.4 608.7 582.4 560.8 552.5 544.9 538.5 539.7 540.6 543.2 551.1 564.1 579.1 593.9 610.3 626.2 638.3 648.4 657.9 667.2 675.5 681.5 686.3 687.3 685.6 681.2 675 668.9 656.9 643.5 632 616.7 606.1 600.6 611.9 618 613.5 602 584.9 571 560.8 552.9 544.4 538.3 530.9 523.7 516.5 509.5 507.5 503.3 497.4 495.5 491.5 489.1 488.9 488.1 486.3 485.4 484.1 482.8 482.5 479.8
366.1 390.6 420.7 444.9 474.2 492.5 516.6 551.7 583.2 611.5 630.7 644.7 652.8 658.3 658.5 649.6 635.8 611.2 577.8 555.7 550.1 543 535.1 530.9 532 534.6 538.3 548 562.3 577.4 593.3 610.1 622.8 634 646.9 663.3 675.5 681.7 688.9 694.2 697.8 697.2 689.8 679.1 665.9 656.6 644.2 632.2 621.3 608.8 609.2 622.5 625.7 617.3 608.9 596.9 581.4 572.1 558.4 551.3 542.5 529.4 517.9 509.9 501.6 498.1 493.1 489.7 487.7 485 485 485.2 485 483.7 482.2 481.8 480.8 479.2
340.5 365.5 391.7 414.1 432.7 458.6 488 527.7 548.5 590.2 623.2 650.2 663 664.8 661.1 647.3 626.8 610 571.5 549.1 542.4 539.4 534.6 523.5 519.1 523.2 527.9 535.6 549 565.2 579.9 599.4 613.9 625.2 638.9 654.9 670 680.5 689.4 695.4 699.9 701.3 700.3 695.2 680.8 672.1 661.1 645.3 634.7 627 627.4 634.5 636.9 642 633.6 623.5 607.3 594 582.8 574.4 562.6 551.3 532.3 520.8 511.9 503.2 495.1 489.8 483.2 481.2 481 481.8 482.8 481.3 480.7 480.7 480 478.4
316.5 335.2 357.9 379.6 400.3 436.4 454 487.3 514.2 552.3 597.8 638.1 666.2 679.9 671.4 645.7 624.3 602.5 565.6 545.6 539.7 536.1 531.9 526.2 515.6 506.7 515.5 526.1 537.4 552.9 568.6 586.8 602.4 615.7 628.2 645.6 662 676.2 686 691.8 695.7 704.2 713.5 721 711.4 697.3 682.7 669.6 655.7 654.7 657.1 672.4 667.3 657.9 656.8 654.4 641.9 620.4 607.3 597.8 587.5 571.8 555.4 540.5 526.7 517.5 510.1 495.8 487.3 481.1 477.7 479 479.4 478.6 478.7 478.6 477.1 475.9
