app/static/ascii/NH26.asc
ncols 200
nrows 200
xllcorner 220000
yllcorner 860000
cellsize 50
[rows 34 to 67 of 200, columns 0 to 77 of 200]
416.5 419.9 414.4 410 411.6 403.8 401.5 405.2 404.2 405.9 407.7 410.1 404.8 410.7 420.7 428.3 433.7 441.3 447.2 451.6 453.5 457.6 462.6 468.8 475 481.3 489.4 496.5 503.6 511 520 529.3 537.4 546.4 556.7 569.8 584 594 602.3 580.1 550.1 527.7 503.1 493.2 489.8 497 501.4 502.3 502.1 502.1 505.2 505.2 508.1 511.4 524.3 537.9 567.3 587 604.1 619.7 623.8 627.8 634.6 642.2 647.6 652 657.4 661.4 670.9 681.4 690.5 700.6 715.2 731.7 748.6 767.4 785.9 805.7
411.4 413.4 411 408.4 407.9 402.9 398.5 397.8 396.1 399.1 403.6 404.6 400.6 406.3 415.8 424.5 429.8 437.2 443.9 448.1 451.4 455.6 461 467.5 473.7 479.2 486.7 494.1 500.2 507 515.1 524.8 533.9 543.3 554.1 566.7 579.3 587.7 594.4 576 545.3 516.2 499.7 483.9 485.3 490.5 494 496 496.3 494.8 494.9 494.7 495.5 499.1 510.4 528.2 554.1 568.1 590.5 596.1 600.4 608.5 617.9 626.2 634.4 639.9 645.3 648 654.9 665.7 678.5 693.2 709.5 729.6 749.2 768.1 787.8 808.1
404.8 405.2 409 407.7 406.8 405.4 394.4 390.5 392 394.4 399.1 400.5 397.5 402 407.5 418.8 425.3 433.1 440.9 445.2 449.1 454.2 458.3 464.2 470.7 476.8 483.8 491.2 497.3 502.9 510.4 520.4 530.5 539.8 550.6 563.4 577.2 586.1 590.7 571.8 539.8 512.8 489.5 477 477 483.2 487.5 489.2 489.1 490 489.1 486.8 484.6 489.5 498.9 516.2 540.7 551.9 564.2 574.5 577.2 587.8 599.1 607.8 618 624.8 629.8 633.7 640.5 654.1 672.1 689.6 708 730.2 750.5 769.9 789.9 812.3
397.3 402.2 406.5 405.1 402.9 404.8 394.6 386.5 388.4 392.1 396.3 399.4 394.6 402.1 405.7 413.2 420.7 430.5 437.5 442.2 445.9 450.9 456.1 461.5 467.9 474.5 481.5 488.3 493.2 498.3 508.5 518.6 529.3 539.4 549.5 564.3 576.6 586.4 590.7 578.5 540 505.3 483 472.1 470.9 474.8 480.9 481.7 480.7 483.1 481.1 478.6 475.4 480.1 490.2 502.3 519.4 533.6 540.8 543.3 554.3 569 579.5 590.5 600.8 608.4 613.3 619.1 631.1 648.4 669.3 689.9 710.2 731.1 753.5 774.8 796.2 819
392.3 398.8 399 398.5 396.5 397.9 391.7 385.2 385.3 391 392.3 393.8 395.8 398 401.5 409.2 417.6 427.3 433.7 438.6 442.8 447.1 452.8 458.8 465 471.7 479 485 490.7 497.4 505.7 516 527.5 540.2 552.1 565 576.7 585.3 589.1 582.4 540.2 506 481.8 466.3 463.8 469.3 473.6 473.7 473.4 474.3 472.7 470.1 467.2 470.2 478 490.5 505.3 516.3 516.2 524.3 539.5 554.3 564 575 585 592.1 598.1 612 628.7 650.3 670.6 689.4 712.4 733.8 755.3 778.2 804.1 826.9
385.7 390.8 392.6 392.6 394 394.7 393.7 384.8 382.1 386.7 388.7 392.7 390 390.4 399.2 407.6 415.1 423.4 428.7 433.9 438.5 443.1 450.5 455.9 462.1 469 475.7 482.4 488.2 496.2 504.5 514.2 526.1 540.5 555.4 566.9 577.4 584 588.6 574.7 540.5 501.4 478.8 462.9 456.9 462.1 466.4 466.5 466.8 467 464.1 463.5 462.7 463.5 468.1 479.4 490.2 499.2 501.9 510.6 529.2 541.1 551 560.5 568.5 574.3 593.3 609.5 629.7 652.3 673.4 693.2 714.8 735.5 759.4 784.4 809 832.8
380.1 385.5 389.4 390 388.6 391.5 394.1 386.8 381.7 382.3 386.5 391.1 389.8 387.3 397.2 405.2 410.8 418.1 424.2 429.2 434.4 439.9 446.3 453.3 459.6 465.7 472.2 479.1 486.2 493.6 501.6 513 525.7 541.9 556.8 569 579.8 586.3 589.4 569.8 531.5 495.3 473.1 458.6 451.1 455.7 458.3 460.2 461.1 460.7 459.6 458.8 458.6 460.8 464.1 472.9 483.5 487.5 492 503.5 516.9 529.3 539.9 548.1 557.8 575.5 591.5 612.9 635.1 655.6 677.6 696.7 717.3 739.5 763.8 790.4 813.7 837.5
373.7 382.3 385.3 388.3 387.8 384.2 387.1 386.3 379.9 377.8 380.4 386 381 384.2 390.9 402.1 406.7 411.4 422.5 425.4 432 437.8 444 449.8 455.4 462.3 469.4 475.8 483 490.7 499.9 512.4 526.8 543.9 557.9 570.9 582.4 589.3 592.8 574.7 533 491.4 465 452 446.4 448.5 450.4 452.3 456.1 455.6 455.5 455 457.6 458.9 462.4 468.3 478.9 480.7 490.1 500 510.6 522 529.8 540.6 556.8 573.7 590.8 618.5 640 659.9 681.6 700.5 721.9 743.6 769.8 795.7 820.3 841.9
368.3 375.6 381.8 383.4 381.3 378.5 380.7 383.3 379.3 375.8 375.2 377.9 378.1 380.6 388.5 398.5 401.8 408.4 418.2 422.7 428.9 435 441.7 447.1 452.1 458.9 465.6 472.4 479.7 488.1 498.7 512.1 528.9 546.7 561.4 573.8 585.1 592.7 596.1 583.9 544.3 491.7 463.4 450.5 441.2 442 443.9 447 450.7 453.8 453.7 453.5 457.1 457.2 459.4 467.4 475.3 477.1 488.3 497.2 506.2 514 521.3 537.2 554.7 571.8 595.7 622.9 643.2 665.3 685 705.4 726.7 751 776.9 803 824.3 844.2
364.3 367.2 373.3 377.1 373.8 373.9 374 376.5 375.4 372.3 371.1 372.3 371.5 376.2 385.4 393.9 399.3 406.6 413.7 420.5 426.4 433.5 439.3 444.6 450.1 456.1 462.8 469.2 477.5 486.8 497.4 511.5 528.9 547.2 562.4 576 588.3 595.2 598.6 596.2 539.9 490.3 460.3 442.4 437.2 437.3 439.3 441.3 445.1 446.3 446.8 453.7 455.9 455.9 457.1 464.9 471.2 475.2 484.3 492.6 501.5 507.4 519.7 533.7 552.2 574.4 600.6 625.3 647.7 669.6 691.2 711.1 731.9 757.4 785 806.1 827.2 845.4
358.7 363.2 369.9 371.7 369.7 368.9 365.4 370.3 370.3 369.8 368 368.4 368 373.5 381 389.4 394 403.3 411 419.5 424.6 430.6 436.9 442.8 447.8 453.1 459.5 466.6 475.6 484.8 495.9 509.6 526.4 544.3 560.2 574.8 588.8 593.4 596 587.9 526.2 484.2 452 437.5 433.8 430.5 433.8 436.8 439.7 440.2 442.9 445 451.5 454 456.5 465.6 473.1 474.9 481.8 491.1 497.5 507.4 518.7 531.8 551.5 579.3 603.5 627.4 652.3 672.7 695.3 716.1 738.7 761.7 788.2 808.3 828.1 845.9
354.6 356 365.8 371.3 364.5 361.6 359.5 363.8 364.6 365.3 365.3 363.3 365.8 374 380.5 389.3 392.4 399.8 411.6 414.3 421.7 428.5 434.5 439.5 445.4 451.3 457.4 464.1 473.7 482.9 493.3 506.7 523.5 541 558.3 570.5 586.2 592 586.3 569.3 518.3 477.5 447.8 434.2 428.2 426.2 430.1 433.7 435.8 440.1 441.9 445 449.6 449.4 452 457.9 464 474.9 482 488.4 497.8 508.4 519.7 534.5 556.4 584.2 607.6 632.1 654.1 675.7 698 718.8 744 769 789.1 809.1 828.4 842.9
356.1 351.7 357 365.3 360.7 357.5 355.4 357.9 360 361.9 361.5 360.3 362.1 370.5 377.5 385 385.7 392.7 404.9 410.9 419.4 426.1 431.4 437.2 443.2 449 454.9 462.3 471.2 481.3 491.7 504.2 521 538.6 552.7 560.4 571.9 580.7 572 546 505.4 469.1 443.2 426.8 421.7 421.8 425.7 430.3 435.1 438.4 441.8 441.8 444.7 449.5 451.1 456.1 463.5 472.3 479.7 488.6 497.9 509.6 522 537 561.7 587 609.8 633.4 655.8 677.4 698.6 720.4 748.6 772.2 791.7 811.6 827.2 838.9
354.7 347.3 352.9 354.9 355.9 354.3 351.1 353.9 356.9 359.2 359.6 357.4 358 361.9 368.3 372 378.9 388.8 397.9 407 415.8 422.9 428.2 433.8 440.4 446.2 453.3 460.8 469 479.2 491 502.8 516.8 534.2 546.1 552.5 551.1 556.6 547.2 520.7 492.4 455.2 429.4 419.6 415.2 418.2 424.5 429 432.8 436.2 437.7 435.9 444.2 448.5 452.4 458.1 465.7 471.5 480.1 488.8 498.3 510.3 523.5 541.9 565.9 589.7 609.8 633.2 655.8 676.2 699.9 722.8 750.5 773.3 794.2 811.2 826.9 835
354 347.9 350.1 351.9 352.1 351.2 347.7 350.1 353.3 356.3 356.5 353.8 354.4 357.7 361.7 368.1 377.7 383.6 393.4 403.3 411.3 418.6 424.9 430.4 437.3 443.5 450.6 458.5 466.3 476.2 488.7 501.5 514.3 528.7 539.8 543.6 527.1 530.5 522.3 490.7 460.6 435.7 418 413.2 412 415.4 419.7 424.2 428.1 432 431 434.6 441.2 445.9 450.4 459.3 466.9 473.5 481.3 489.5 500.1 511.4 527.4 546.6 569.2 591.9 611.5 633.2 654.2 673.8 699.4 723.5 752.3 771.1 793.8 805.5 815.8 819.9
354.1 344.4 348.8 348.5 348.8 347.9 344.5 346.2 349.7 352.6 353.4 350.1 349.9 353 357 365.3 371.9 379.4 388 397.1 405.9 414.9 421.5 427 434.1 441.2 448.9 456.1 464.5 473.7 485.2 498.3 511.9 522.4 529.2 528.8 507.9 490.3 466.1 436.5 423.2 416.4 407.5 405.3 406.9 412.1 415.1 417.6 421.4 422.9 427.6 433.9 438.6 443.3 449.3 457.6 467 474 481.5 490.8 501.4 513 531.1 550.2 570.2 591.5 611.9 634.4 655.7 673.4 696.3 723.7 748.5 768.7 784.5 796.2 803.6 804.7
353.3 346.9 341.4 346.1 346.6 345.7 342.7 341.5 346 348.1 350.3 348.3 345 348.9 353.5 358.5 366 374.3 382.9 389.2 399.3 409.4 416.6 422.3 430.4 438.6 446.7 454 462.3 470.5 481.9 494.8 509.4 518.2 520.8 518.6 494.8 451.8 426.1 410 405.3 399.5 398.2 399.2 402.9 408.4 411.1 414.3 415.2 422.4 426.7 430.6 435.4 442.5 448.4 457 468.2 474.5 482.6 491.8 502.7 515.9 533.5 553.2 572.4 591.9 612.1 634 656.5 674.1 693.2 720.4 746 765.5 775.3 783.4 789.3 793.4
351.7 347.4 340.7 343.8 343.8 342.8 341.7 337.9 342.7 343.1 346.8 345.7 341.8 343.4 347.2 355.2 362.1 368.6 374.1 383.8 394.2 403 410.6 418.4 426.4 434.8 443 451.1 459.9 468.6 478.6 490.4 505.6 510.9 503.4 501 469 427.9 409.2 401.3 396.6 393.3 393.6 392.2 396.7 401 402.5 406.3 413.6 418.6 425.3 429.6 434 441.7 447.9 456.3 466.8 476.1 484.5 495.1 507.4 521.5 536.7 555.3 574.7 593.3 613.8 633.1 655.2 674.2 692.2 714 739.1 758.3 764.9 771.8 777.2 782.9
350.9 347.3 336 340.3 340.3 339.9 338.2 335.8 339.7 339.8 341.6 340.6 338.8 339.1 343 351.8 358 363 367.2 376.7 387 396.5 405.6 412.2 420.4 429.8 438.6 448.2 457.5 465.6 473.5 484.6 493.2 500.2 481.3 458 428.6 406.5 394.6 390.4 387.8 384.9 385.6 387.1 390.7 393.7 400.1 407.1 412.5 415.7 420.4 426.4 432.2 439.5 446.8 456.9 467.3 477.9 487.4 500.1 513.1 526.5 543 561.6 578.7 596.4 615.6 634 652.9 672 689.7 710.4 727.7 740.8 754.9 762.2 767.5 770.7
350.2 347.2 341.2 335.8 334.7 336.8 335.6 334.7 336.9 338 337.8 337.1 336.4 335.8 339.9 347.7 353.5 358.1 360.3 371.1 378.9 389.2 398.3 404.4 414.8 424.7 434 444.1 453.5 462.1 469.4 476.5 483.1 487.7 466.2 437.6 411.1 393.6 383.7 381 382.4 379.1 382.5 382 383.9 390.6 398.4 404.2 406.4 411.8 417.4 424.3 430.5 436.9 446.3 455.9 467.5 478.2 491.2 505.3 519.3 533.6 551 568.1 582.9 598.3 615.2 632.4 647.7 663.5 680.8 699.8 715.3 726.6 739.3 749.7 752.5 752.1
349 346.4 341.3 337.4 329.5 333.1 333.8 333.3 335.6 334.8 333.6 334 331.8 333 338.3 346.6 348.7 353.5 354.2 363.3 370.8 382.6 387.9 398.2 407.1 417.8 428.2 439.1 448.6 456.1 463.5 466.2 471.5 470.4 455.6 427.5 399.5 382.9 376.2 372.8 371 370.5 372.3 373.5 381.3 388.2 390.4 395.7 403 408.3 416.7 421.6 426.9 435.1 444.2 455.2 467.4 480.3 494.8 509.7 523.8 543 559.2 572.6 586.7 599.4 613.5 626.4 641.2 655.2 668.3 682.5 699.2 713.6 720.9 730 733.9 734.5
345.3 341.9 338.9 336.5 327.4 331.3 332.3 331 334.9 333.1 331.6 329.5 328.2 330.5 335.3 342.1 346.9 348.4 349.4 356.1 363.9 372.7 381.3 389 399.5 409.9 420.2 431.2 442 447.9 454 458.4 454.5 454.1 440.5 414.1 390 371.5 368.3 363.9 364.8 364.7 365.7 369.2 375.8 379.4 384.9 391.4 399.8 405.9 411.6 417.8 422.9 432.8 442.9 454.9 467.9 483.4 498.6 514.3 531.9 547.5 563.5 576.8 587.7 596 608.2 620.1 632.8 647.8 659.3 669.2 682 694.7 702.4 705.4 711.4 713.1
341.6 340.1 337.5 333.2 328.8 327.5 329.8 328.4 331.9 330.5 328.3 326.5 327.2 330.7 335.2 339 343.9 345.4 345.9 349.5 358.9 364.8 372.9 378.3 390.5 400.5 410.2 422.2 433.4 439.4 442.4 444.2 440.1 426.5 409.9 387.7 370.2 358.6 360.8 357 356.8 359.8 360.4 362.6 367.8 374.6 378.7 388.7 394.9 401 408.2 413.8 419.3 429.7 441.8 454.4 468.1 484.1 500.8 517.4 534.9 550.8 564.4 576.8 583.6 590.8 597.9 608.4 620.5 632.7 643.4 656.7 668.5 676.5 685.6 687 685.8 685.6
338.4 337.9 335.1 331.7 327.5 322.8 327 325.6 326.5 327.1 325.7 324.2 326.1 329.8 330.3 335.2 338 338.6 341.6 342.4 351 356.2 363.6 370.9 381.8 389.8 398.9 410.4 422.6 430.7 432 426.4 419.3 404.9 385.3 367.9 356.3 351.2 351.5 349.8 350.8 353.3 352.2 359.6 366.2 369.5 375.7 383.9 389.8 398 404.1 410.5 417.5 428 440 453.3 469.3 486.3 503.2 519.4 535.6 549.6 561.3 570 578.5 583.7 586.7 594.8 603 613.3 622.2 638.8 652 663 670.7 673.7 669.5 656.4
335.9 335.1 331.9 327.9 325.6 320.3 324.9 324.2 325 326.6 325.3 320.9 324.9 326.1 325.5 329 334 333.5 336.7 337.3 343 348 355.6 361.7 371.1 381.1 388.9 397 409 416.1 419.1 408.3 400.4 385.5 368 352.9 343.3 340.8 342.5 343.9 342.8 348.1 350.1 357.1 362 366.3 373.3 377.9 386.6 392.9 400 406.7 415.9 426.6 438.6 453.2 469.7 487.3 505.6 521 533.8 545.4 557.1 560.7 569.6 575.4 579.2 579.4 587.2 595.2 606.1 620.9 632.9 646.6 658.8 661.7 654.6 644.7
332.7 330.4 329.1 325.2 323.3 320.4 322.2 321.9 321.1 324.7 325.6 320.5 321 323.4 322.6 323.7 331.9 332.4 331.2 335.6 336 341.4 347.6 354.1 362.9 372.4 378.9 384.7 388.9 396.3 398.6 393.9 381.9 368.3 354.2 343 335.5 333.3 332.5 334.7 338.8 340.3 350.6 354.2 355.7 360.4 367.8 373.6 381.9 387.5 396.1 403.8 413.2 424.4 437.2 452.6 470.1 489.2 506.9 521.8 532.6 541.1 547.6 553.1 557.9 561.6 566.6 565 569.2 579.2 593.7 604.1 615.9 629.5 639.1 643.1 638.7 632.1
328 328.6 325.4 323.4 321.3 316.8 313.4 319.3 318.4 320.3 320.4 321.4 317.2 318.7 318.7 320.6 324.2 328.1 328.2 330.7 326.9 332.6 340.9 347.5 354.6 362.7 369.1 374.7 376.9 380.8 380.9 377.8 368.9 355.4 346.6 335.5 330.4 328.9 329.6 330.8 333.4 338.6 341.9 343.9 349.3 356.1 362.3 368.7 376.1 383.2 391.2 400.1 410.5 421.3 434.7 449 471.2 488.5 505.3 519.4 531 536 539.8 545.6 548.2 555.2 553.4 553.6 558.3 566.1 580.3 592.8 603.4 616.1 622.7 624.2 622.9 619.3
321 321.3 321.6 321 318.3 314.4 305.9 314.6 315.9 315.6 315.8 319 317.4 313.9 316.6 315.6 321.5 322 321.5 321.9 323 328.1 335.8 340.2 345.6 352.7 358.9 363.6 367 369.6 367.6 363.7 355.8 348.5 339.1 333.2 328.2 327 325.7 326.9 331.2 332.8 337.5 339.7 344.2 351.1 356.8 364.2 372.3 378.6 387.5 395.9 406.6 417.2 430.8 446.8 467.1 486.7 498.9 509.5 520.1 526.3 529.9 532.1 531.7 538 536 540.5 544.7 554.6 567.1 580.8 593.7 604.6 609.4 610.3 608.8 606.9
317.7 316 317.8 316.7 314.2 311.2 304.9 308.9 311.2 310.9 308.6 311.9 311 309.4 313.7 312.3 316.7 315.2 317 317.2 319.8 324.9 330.6 333.8 336.2 342.8 347.9 352 355.9 357.4 356.1 353.7 344.9 339.5 335.5 328.1 325.7 323.6 321 325.3 328.2 329.9 332.2 335.5 340.5 347.8 353.5 360.3 366.1 374.1 382.8 391.5 401.3 412.9 424.9 439.6 459.5 477.4 488.1 497.5 507.5 514 519 521.8 520.3 515.1 516.1 524.6 529.5 539.5 551.3 567.4 580.2 590.3 597.8 601.4 602.3 597.7
314.7 311.2 312.2 312 309.9 307.5 297.4 303.4 304.5 303.2 302.8 305.4 305.9 305.1 307.7 306.3 307.4 308.3 311 311.2 316.8 321.3 325.1 326.2 327.9 333.9 338.5 343.7 346.6 346.9 349.2 344.4 337.7 333.9 331.2 326.1 323.7 320.7 318.2 322.1 325.5 327 329.7 331.3 340.6 346.2 352.5 358.1 361.1 369.1 376.6 386.4 395.9 407.2 419.1 429.6 447.6 466.6 473.2 486.9 494.9 500.7 505.5 501.1 501.9 497.5 495.9 503.7 510.1 520.9 533.1 550.2 565.6 577.1 584.2 588.7 591.2 586.1
309.4 307 307.8 307.5 305.8 304.1 296.5 299.6 300.4 299.3 296.8 300.1 303 301.9 302.6 299.8 301 302.8 305.6 306.5 312.9 316.6 318.6 321 322.7 326.2 330.4 336.2 338.8 337.7 336.2 335.7 330 329.4 329.2 322.5 320.6 316.3 314 318.7 319.7 322.4 326.8 330 333.5 339 348.4 353.9 356.3 363.5 372.5 379.4 389.6 400.6 410.7 418.5 429.6 450.3 454.3 466.2 476.6 483 482.5 485.9 480.3 477.1 479.3 484.3 494.5 506.3 520 533.9 547.3 560 568.6 575.2 573.9 569.9
306.5 304.7 303.2 303.3 302.5 300.5 294.6 292.6 296.1 294.2 292.1 295.2 299.7 296.7 298.2 296.5 296.2 299.4 302.8 303.1 308.1 310.3 311.4 314.3 316.5 319 322.8 328.6 331.9 330 327.6 325.6 322.3 324.4 325.2 317.8 315 311.7 311.6 314.6 316.8 318.9 323.2 327.2 328.7 334.1 339.3 347.6 352.1 359.5 367.5 374.7 383.7 392.5 401.5 405.9 414.9 426 434.1 442.8 451.8 459.6 459.1 459.6 465 463.8 462.9 465.7 475.5 488.1 503.2 518.2 530.9 539.3 549.6 556.2 555.8 552.2
303.9 303.4 299.7 300.3 299 295 292.4 286.9 290.5 288.9 288 291.3 293.5 293.4 295.7 292 290 293.8 300.2 299.6 305.9 306 307.8 309.6 310.1 312.8 315.6 320.3 323.7 323.4 322.8 320.1 317.4 318.8 317.9 313.6 310 308.6 308.7 310.4 312.7 317.8 322.1 325.9 326.1 328.5 332.7 340.1 351.2 356.7 362.4 368.3 376.5 382.8 389.6 397.2 402.5 409.5 415.1 419.3 423.4 428.7 434.9 441 438 440.4 444.7 447.5 460.5 472.5 487.3 501.2 512.9 520.7 526.2 532 534.8 533
298.4 300 297.8 299.6 296.7 291.7 288.9 286.2 284 285.6 285 287.1 286.3 294.1 293 289.7 287 292.3 295.2 295.9 300 301.2 303.9 305.2 304.8 306.9 309.1 312.4 315.4 315.4 316.3 315.6 311 313 309.1 308.2 305.6 306.2 306.2 309.7 313 316.1 319.6 324.3 326.6 329.4 333 341.1 343.1 348.8 355.8 363 368.8 374.7 377.6 384.8 390.1 395.9 402.2 404.2 403.7 409.1 414.7 418.6 417.6 419.8 426.2 430.7 442.5 455.9 472.2 486.2 497.8 503.2 510.8 517.4 519 512.7
