app/static/ascii/NH27.asc
ncols 200
nrows 200
xllcorner 220000
yllcorner 870000
cellsize 50
[rows 140 to 174 of 200, columns 79 to 157 of 200]
518.7 518.1 513.3 508.9 504.4 501.6 498.2 494.9 493.7 492.3 494.8 499.7 502.4 505.6 509.5 511.3 517.2 519.6 520.4 519.8 517.6 514.5 511.5 505.3 497 488.2 482.3 476.6 469.4 458.9 449.7 438.4 427.9 419.7 408.6 399.5 387.1 384.1 373.9 366.1 362.3 355.7 342.5 339 335.5 332.4 327.6 324.8 320.6 315.6 313.3 315.7 310.5 317.2 327 332.5 339.9 351 363.2 369.5 375.1 379.8 383 384.4 385.2 386.5 388.5 389.1 389 388.6 387.4 386 381.4 377.9 377.7 375.9 377 379.2 381.6
518.8 515.8 513.7 510.7 502.3 496.5 493.4 489.1 486.1 484.4 486.2 485.2 489 495.4 495.8 500.4 503.2 507.4 509 508.7 506 503.8 502.9 497.9 491 482.7 477.2 472.5 465.1 456.2 445.5 435.9 426.2 416.8 408.2 398.9 388.4 381.3 376.6 366.2 361 348.4 341.5 336.9 332.5 330.6 328.4 325.5 320.7 315.7 314.6 314.4 311.2 319.8 329.6 336.4 344.4 355.9 368 375.4 382.1 387.8 391 393 393.7 394.1 394.4 394.6 394.7 394 391.8 391.4 388.6 384.4 384.3 383.1 384.7 385.5 386.8
518.2 517.4 510.6 511 504.3 498.4 490.9 489.8 486.6 481.6 478.2 479 480.6 483.2 485.8 488 490.9 493.9 495.8 496 498.9 494.9 493.5 490.1 484.9 478.8 473.5 467.1 461.4 452.8 440.4 434 424 414.9 409.7 398.3 388.2 380.3 375.7 366.9 356.1 347.8 341.5 336.4 332.3 328 325.5 324.6 320 315.9 315 314.4 312.2 321.4 331.9 340.3 349.5 360.7 373.9 382.5 389.1 395.6 399.2 400.1 399.8 399.3 400.5 400 399.4 397.3 396.1 395.6 393.9 390.8 391.4 389.7 390.2 388.9 388.9
518.8 516.7 512 503 498.8 494.7 489.9 486.8 483 478.6 473.7 471.6 473.3 475.3 476.7 479.4 481.6 483.2 486 486 490 486.9 483.7 481.8 478.7 474.4 468.9 463.9 456.5 450.5 441.9 430.9 421.5 414 407.6 399.3 388.2 382.7 375.3 365 355.1 347.3 341.3 338.3 332.9 329.8 325 323.6 320.1 315.5 314.3 314.2 314.2 323.8 333.4 343.4 353.2 365.9 378.9 387.9 396.1 403.4 406 406.7 405.6 405.5 407 406.9 406.7 406.4 403.9 402.1 398.8 394.1 393.2 393 391.8 391.8 392.4
522.3 517.4 513.5 505.6 498.4 493.2 490.5 485.6 485.4 479.4 471.7 469.1 466.1 467.7 470 472.6 472.7 472.8 476.2 477 479 478.5 475.7 474 471.5 467.3 464.1 459.6 453.6 448.5 441.4 432.4 420.3 411.8 405.8 400.5 388 384.7 370.3 361.8 357.1 348.7 340.1 338.2 335.2 333.9 329.8 324.6 320.5 315.7 314.7 314.7 318 325.7 336.6 345.9 357 369.8 383.2 392.5 402.2 408.4 412.5 413 411.8 412.5 414.3 414.9 414.9 413.2 409.7 406.3 402.1 397.9 396.6 397.4 397.5 396.8 398.8
531.5 523.5 515.4 509 502 493.1 490.4 489.1 482.3 481.6 475.5 467.9 464.7 461.9 466.1 466.8 466.4 467.1 467.5 469.2 469.9 470.3 469.1 466.8 464.2 460.9 458.4 454.5 450.2 446.9 441.6 431.3 419 412.3 404.7 394.2 387.7 381.5 371 360.7 354.2 346.4 340.5 338.6 335.3 334.6 331 326.3 321.5 316.3 315.9 315.8 318.6 328.6 339.4 349.8 360.9 374.1 387.4 398.4 408.2 414.9 419.4 420.3 420.5 420.7 423 425.4 424.8 421.9 417.5 412.2 407.2 400.9 397 398.8 399.6 400.8 403.1
544 537.3 531.3 519.3 510.1 502 494.7 488.3 483.3 479.2 477.3 469.7 463.7 460.5 457.7 459.4 461.9 461.1 462.1 462.4 463 463.6 463.5 460.3 458.1 455.7 452.9 450.1 446.5 443.2 440.3 429.7 418.4 408.7 405.2 393.1 385.8 378.9 372.3 358.6 351.2 345.6 341.3 338 335.1 333.8 330.4 325.9 321.5 317.6 316.6 317.4 320.9 333.4 343.7 354.2 366.4 379 391.5 403 412.6 420.3 425 429.3 431.3 430.9 434.4 435.9 435.1 432.2 430 423.9 416.8 408.7 401.4 400.2 400.6 403.1 405.5
556.6 548.7 542.2 532.1 521.8 513.9 506.2 495.1 486.6 482.3 474.3 471.4 463.4 459.9 457 453.7 455.8 457.2 457.2 458.5 458.4 456.9 456.2 454.9 452.9 450.5 448.1 444.8 443.2 438.7 435.9 431.2 420.6 406.3 399.3 392.7 386 381.5 367.1 354.5 349 345.1 340.7 335.5 333.6 331.1 328.1 324.2 320.6 317.3 318.4 320.2 325.7 337.3 347.8 358.5 370.2 382.9 395.9 407.5 417.1 424.6 431.4 436.6 440.4 441.9 444.6 444.4 442.5 440.3 437.9 431.2 424.2 416.9 412.9 409.9 408.7 408.9 412.1
572.6 566 556.8 545 535.3 527.6 517.2 506.9 495.4 486.4 479.7 472.1 464.6 461.5 459.4 454.3 453.6 451 453.6 455.7 455.2 455.2 453.5 451.5 447.5 444.6 442.5 440.1 437 433.5 431 425.5 419.9 405.9 395.1 386.5 383.3 378.3 364.2 349.5 345.7 344.1 338.4 333.6 332.1 329.2 326.1 323.6 320 319.4 320.1 321 329.1 340.5 350.6 362.5 373.8 386.8 400.2 412.9 423.7 432.3 440.1 446.4 450.5 453.7 456 456.4 456.1 454.5 444.4 435.1 428.9 421.9 418.9 418.7 417.9 418.4 420.5
587.6 581.9 578.6 563.5 550.4 538.3 528.6 516.8 506.5 496.7 486.9 478.1 467.9 463.9 462.9 457.3 451.6 449.6 449.8 451.5 453.2 453 451 450 447.4 442.6 437.9 434.6 431.4 429 425.6 420.4 415.1 406.7 393.9 382.9 379.3 376.1 359.5 347.8 344 340.6 336.9 332.5 330.5 327.7 326.2 324.5 319.8 321.6 322.7 323.3 332.7 342.8 353.7 365.7 378.5 392.5 406.1 419.7 430.5 441 448.8 456 461.1 464.6 467.1 466.8 465.8 462.6 450.6 441.9 434.8 428 424.6 424.8 425.5 427.2 428.4
602 597.9 591.2 581.1 568.9 554.9 542 530.5 518.1 506.4 496.6 488.6 476.5 466.8 464.2 461.3 454.2 449.1 448.3 448.7 449.6 450.6 448.6 444.7 444.4 440.3 436.3 433.6 428.5 424.8 421.2 417.3 411.9 402.7 391.9 378.8 373.7 368.8 356.6 347.9 343.2 338.1 336.1 335.5 331 328.7 326.9 323.2 320.6 321.8 323.2 325.9 336.2 347.1 357.8 371.2 384.2 398.1 412 426.1 438.1 449 457.3 463.5 469.2 473.4 476.3 474.7 471.8 465.8 458 451 442.3 435 432.4 431.5 432.2 431.8 431.8
619.4 616.1 607.1 598.7 589 574 558 545 532.4 519.6 507.6 498.4 487.3 474.7 467.3 464 457.7 452.3 449.4 449.2 449 446.8 446.9 442.3 442.8 437.8 432.3 431.1 427.4 421.9 414.5 411.9 407.2 396.5 386.4 375.1 370 360.9 352.1 346.6 342.3 340.2 337.1 332.1 330.2 328.3 325.2 324.4 323.4 324.5 324.5 327.5 339.8 352.7 363.4 376.7 390.7 405.2 419.3 433.5 446.5 457.1 465.6 472.6 478 482.5 485.2 483.9 480.6 475.8 470 463.5 451.9 444.9 442.8 441.6 440.2 438.3 436.6
639.5 633.7 626.4 618.7 604.8 593.3 577.8 563.3 552.2 537.7 522.1 510.7 498.5 484.7 476.6 472.3 464.2 458.9 454.5 452.6 450.7 444.8 444 438.8 435.7 437.9 430.5 428.1 425.3 420.2 411.9 403 397.4 390.1 381 374.7 369.7 361.5 352.1 344.7 338.5 335.3 334.1 330.6 328.6 327.1 325.5 326.5 323.4 327.5 326.6 331.8 344.1 358 370.2 382.8 397.5 412 426.8 441.2 454.9 465.2 474.1 482.6 488.7 493.4 495.2 495.2 492.8 487.4 481.4 473.5 464.3 459.4 453.4 450.7 448.6 446.9 445.6
648.2 642.9 636.7 632.6 623.5 611.1 593.1 580.2 568.6 557.9 542.3 527.3 513.3 498 488.8 484.5 476.9 466.5 461.4 459.5 455.1 448.1 443.3 439.5 432.7 428.7 430.5 426.5 423.5 415.1 406.9 400.2 391.5 385.5 378.2 372 364.4 360.1 353 345.1 338 338.4 336.4 334.1 330.8 329.9 327.8 328 325.3 327.5 329.8 336.8 348.1 361.5 376 390.2 404.9 420.1 437.1 451 465.9 477.7 487 495.4 501.2 504.3 506.3 505.1 502.6 498.7 491.6 484.3 476.4 472.8 463.9 460.3 458.2 457.2 455.7
662.8 656 646.4 636.5 628.7 621.5 609.9 592.6 577.8 566.3 555 540.7 529.9 517.2 505.3 500.1 492.8 479.2 467.9 463.6 461.9 454.5 449 443.8 436.1 426.7 425 425.9 421.6 410.9 402.9 395.8 388.9 382.6 375 367.3 360.9 354.9 348.4 347.9 344.2 341.4 338.1 334.6 334.2 332.6 329.6 328.2 327.6 328.5 335 342.3 353.3 367.7 382.4 397 414.1 430.2 447.8 463.5 477.8 489.7 499.2 505.5 509.9 513.3 514.8 514.3 511.3 507.4 502.4 494.7 487.9 482 474.9 472.7 470 467.1 467.2
674.2 665.9 655.4 645.6 635.6 625 617.2 603.2 585.7 573.4 566.5 553.8 543.7 535.1 524.3 526.2 514.4 491.8 475.8 469.3 468 464.7 452.4 446.1 441.8 428.9 424 422.7 419.7 408.3 400.1 393.1 385.1 379.2 372.1 368.1 364.3 358.1 356.7 350.7 345.7 342.6 339.7 336.9 336.3 332.3 331 329.7 328 330.1 336 346.4 358.3 369.7 385.2 404.9 423.4 441.1 461.9 476.8 489.6 501.3 510 514.8 518.7 521.2 521.8 521.2 518.7 513.9 508.7 503.5 494.3 485.4 485.6 483.1 481.1 477.6 476.4
686.3 675.4 664.4 653.8 641.7 632.9 613 605.2 597.9 588.9 573.9 565.2 553.7 546.3 537.5 533.7 527.4 504.8 486.9 479.6 475 468.8 460.9 451.8 443.1 435.2 429.6 421.5 412.3 406.1 396.2 394 388.8 379.8 375 368.9 364.6 360.3 358.6 353.5 347.7 344.4 341.2 338.8 337.3 335.1 332.7 331.2 329.9 333.8 338.8 349.1 362.1 377.8 395.9 413.7 431.3 449.2 470.5 486.4 500.2 511.8 519.9 524.1 526.9 528.4 528.5 526.7 523.6 518 511.6 507.7 501.3 496.4 494.2 492.8 491 488.9 487.2
692.1 682.1 669.1 657.7 646.5 635.1 616 600.6 597 591.6 580.2 573.6 563.5 557 547.4 541.2 535.4 514.3 500.2 490.8 483.6 476.9 468.4 452.5 445.5 439 431.1 423.8 417.9 411.1 402.8 396.6 389.4 381 374.7 370.4 364.7 361.1 357.9 354.6 349.5 346.2 344.1 341.3 339.6 337.3 334.6 332.6 332.6 335.3 341.4 352.8 369.3 384.3 402.4 420 439.2 459.4 481.4 497.5 509.3 518.1 524.3 528.7 531.8 533 532.7 530.6 527 522 515.4 511.2 506.9 504.3 503.3 502.5 501.4 499.7 499.1
690.8 679 666.8 661.6 646.2 633.6 612.9 595.6 588.4 584.5 581.6 576.3 569.9 562.6 554.4 546.5 537.4 525 512.3 500.6 492.1 485.6 470 457.6 450.7 442.7 435.1 426.3 417.6 411.9 407 399 390.9 383.5 377.7 372.8 367.7 363 358.9 355.1 351.1 347.9 345.7 343 341.1 338 336 335.8 332.9 336 343.3 356.1 372.8 391.2 407.8 430 448.3 470.3 488.7 502.7 513 520.5 525.5 530.2 533.3 534.2 535 532.8 528.2 523.9 519.1 514.1 511.4 510.5 510.3 511.4 510.9 510.1 509.9
681.3 671.1 662.3 651.6 641.6 627.2 611.2 586.5 579.9 576 575.9 575.4 570 564.4 558 549 540.5 529 517.7 508.2 497.6 489.2 474.6 460.9 454 448.2 439.2 431.3 422 414.4 408.9 402.3 392.2 384.9 379.3 373.7 369.8 364.5 359.5 355.3 352.2 350.5 347.2 344.2 342 340 337.2 335.6 337.4 339.4 346.3 360.6 378.5 397.1 417.2 436.6 457.3 477 492.7 504.4 514.5 521.6 526.9 530.5 533.3 534.7 535.2 533.5 529.8 525.4 521.1 518.2 515.6 515.8 516.4 518.2 520 520.1 523.5
667.4 653.3 645 638 628.1 614.8 598.1 576.9 572.9 571.3 569.9 570.4 569.2 564 557.6 550.1 542.7 534.1 523.6 511.2 499.3 490.7 482 466.1 456.5 452.5 444.2 435 430.4 417 408.7 403.4 392.3 383.9 379.5 375.5 372.1 365.7 361.2 357 353.7 351.5 350.1 348 343.9 342 339.6 340.1 340.4 347.3 354.1 370.5 389.5 407 424.1 443.4 461.3 478 492.8 503.9 512.8 519.7 525.2 529.4 532.8 534.4 535.9 534.9 531.5 529.1 526.6 523.7 521.5 522.7 525.9 527.7 532 535.3 539.6
652.3 640.7 630.6 618.6 609.2 598.8 587.6 569.2 564.6 565.9 565.6 565.5 565.5 562.6 557.4 551.3 544.7 536.5 524.8 512.6 500.6 490.7 481.6 470 457.1 449.7 443.8 435.5 429.6 416.9 407.3 400.6 392.7 385.9 380.5 376.4 372.5 367.6 364.4 359.7 355.2 352.7 350.7 349.5 346.2 341.7 342.4 342.9 342.8 349.9 361.2 377.6 398 412.1 429.6 446.8 462.4 475.8 491.2 501.8 510.1 517.5 523 526.4 530 533.6 535.1 536 535.2 535.9 536.1 533.5 532.2 533.5 538.6 542.2 547.9 551.4 556
635.6 620.7 612.7 598.8 584.5 579.1 571.8 563.1 561.1 560.7 561.1 561.5 561 559.7 556.4 550.5 543.7 535.5 524.2 511.5 498.1 488.2 478.1 467.7 457 445.3 439.6 432.8 425.7 415.8 405.8 398.3 393.7 388.2 382 376.5 374.2 369.8 365.7 361.6 356.8 354.2 350.6 348.9 343.8 346.6 345.2 347.6 347.9 355.1 365.4 382.2 401.1 416.9 433.9 448.8 462.1 475.1 488.4 498.9 507.2 514.2 520 524.3 527.7 531.9 534.9 538.2 541.8 546.2 549.1 549.6 547.9 548.4 553.3 557.2 562.5 568.7 574.1
612.4 604 598.7 581.2 570.4 567.1 560.2 556.9 557.4 555.2 554.7 555.1 554 553.1 550.8 546.5 539.6 531.6 521.4 508.4 494.7 484.9 473 465.4 455.1 441.3 434.8 429.8 422.7 413.9 403 397.3 392.7 387.6 380.7 376.4 374.9 372.1 367.2 362.4 358.8 354.7 351.6 346.3 348.7 348.4 347.6 348.9 352.1 360.1 370.4 387.9 406.2 420.6 436.8 449.9 462.1 473.8 485.3 495.8 503.5 510.9 516.6 521 526.3 531.8 536.5 542.7 548.7 556.6 562.5 565.3 569.1 571.2 574.2 578.1 584.3 588.5 593.9
588.6 581.2 581.7 565.9 556.3 555.7 554.6 551.9 552.8 551 549.2 547.9 547.1 546.3 544.3 539.9 532.4 525.7 514.3 503.1 490.4 479.8 468.5 461.2 450.4 438.5 431.2 427 418.6 408.7 403.6 396.7 390.6 387.9 386.2 380.3 377.3 372 366.5 361.8 357.5 353.5 348.1 349.5 351.1 350.5 350.5 352.9 357.1 368.6 377.1 394.1 407.6 421 435.6 451.1 462 472.6 483.2 492.6 500.7 508 514.4 520.4 525.4 532 538.2 546 554.8 563 571.5 577.2 582.8 588.4 594.3 599.1 605 609.4 614.2
571.1 560.4 562.7 557.1 552.1 549.8 549.2 547.9 547.6 545.4 542.4 541 539.8 538.8 535 531.1 525 516.3 506.3 496.1 485.8 475 463 454.6 446.5 435 428.3 424.2 414 403.9 400.8 394 389.5 386.9 387.2 383 374.7 370.9 367.7 362.7 357.6 355 351.4 353.9 353.7 352.7 354.4 357.1 359.8 372.3 382 396.6 410.5 421.5 434.8 449.4 462.4 472.2 482.7 491.5 500.7 508.4 514.4 521.7 527.6 534.3 541.9 549.5 560 569.6 578.9 586.8 594 601.7 608.3 615.3 621.5 628.5 633.5
565.6 551.3 549.9 545.5 546.9 548.2 545 543.3 541.7 539.3 535.3 533.8 531.3 529.3 526.5 521.7 516.4 510.9 500.9 491 478.9 467.8 457 449 441.1 431.1 424.2 418.9 409.8 401 397.4 393.9 389 385.7 384.4 380.7 373.7 369.9 364.7 359.9 357.9 353.4 354 356.7 355.4 355.6 359.9 362.9 371.4 373.1 383.9 398.7 409.8 421.5 434.9 447.6 462.1 473.6 482.5 492.3 501.5 509.8 517.1 524.5 531.5 539 546.3 553.9 563.8 573.5 583.8 594.1 602.7 612.9 620.9 631.3 640.5 647.3 655.4
548.6 543 538.8 539.4 539.6 538.8 538 536.3 532.2 531.8 527.9 526.6 523.1 520.3 517.5 512.8 507.9 501.9 495 483.5 473 460.9 451.6 445.4 436.9 427 418 411.1 406.6 399 397.2 392.1 387.5 383.7 379.3 373.8 368.9 362.5 363 359.9 355.9 357.7 358.2 359.7 363.7 364.5 367.9 374.8 378.6 382.4 384.4 403.6 411.6 420.4 431.3 446.6 461.2 473.5 482.9 493 502.3 510.9 518.4 525.6 533.4 541.6 549.5 557.9 567.3 578.7 589.1 600.5 610.8 622.2 633.9 647.1 658.5 668.1 675.3
531 530.3 531 534.8 534.1 532.7 530 527.7 525.7 523.6 517.9 514.2 513.1 512.2 508.4 503.9 499.5 494.3 486.5 474.5 466.5 457.8 448.4 439.9 432.2 424.4 413.7 405.2 401.3 396.6 393.4 386.8 382.1 376.9 374.2 370.8 365.6 365.2 362.2 362.3 366.5 364.7 365.5 368.5 372.3 375.2 381.1 387 389.8 389.7 386 400.3 410.5 418.9 428.6 442.5 459.8 472 482 491.8 501.7 510.8 519.5 526.8 534.8 544 553.5 563.8 574.4 584.2 596.1 607.8 618.8 631.6 644.4 658.6 672.4 685.2 693
526.2 525.4 527.5 525 526.9 523.7 520.9 518.8 518 516.6 501.1 499.9 501.7 500 498.4 496.2 490.4 483.9 479.1 463.3 456.3 449.8 443 435.1 428.2 416.4 409.3 401.5 395.8 392.7 387.2 382.2 377 372 370.7 369 369.3 368.8 371.4 372.3 373.7 376.1 375.6 378.4 380.8 388.6 389.1 392.8 394.5 397.6 401.4 394.8 407.6 419.5 427.8 438.1 455.7 468.7 480.1 491.4 502.2 511 520.4 528.4 537.2 547 558.6 569 578.9 589.7 602.7 613.4 628 642.2 656.2 671.7 687.8 703.7 715.1
515.3 514.5 519.4 520.3 519.9 517.8 514.9 511.8 510.6 507.6 491.7 489.2 489.2 487.2 487.7 486.7 481.2 473.2 470.8 456.7 451.4 444.4 437.6 429.3 423.7 410.1 403.2 396.6 389.4 385 381.1 378.8 374.5 374.4 374.6 374.8 377.7 377.2 380.1 382.9 382.2 383.7 391 391 396.1 398.8 400.4 402.5 404.1 405.6 407.4 409 411.6 418.7 426.8 435.4 452.2 466.4 478.9 490.3 501.4 511.4 520.7 529.7 538.1 549.3 559.6 569.9 579.4 591.8 604.4 616.7 632.5 648 661.8 682.3 702.3 718.2 732.2
508.7 507.3 509.7 509.6 510.3 513.5 510.3 504.7 504.2 493.7 483.6 479.9 477.5 477.9 478.9 477.7 474.8 467.4 457 450.3 446.2 438.7 429.3 422.2 417.7 407.1 397.6 390.8 386.6 381.9 378.7 376.6 379.4 380 381.6 383.7 388.7 395.3 396.4 399.2 393.8 396.3 400.4 404.1 407.7 409.4 412.1 412.3 411.7 412.9 412.9 414.9 414.8 419.1 426.5 435.1 450.4 465.2 476.9 488.1 498.2 509.7 519.5 528.6 537.8 547.7 557.5 568.4 578.3 589.1 602.5 615.7 632.5 648.4 665.1 686.3 706.3 723.4 740.2
505.3 505.7 505.7 506.5 506 506.9 501.9 501.2 489.3 480.7 476.7 471.1 469.2 468.9 468.8 469.5 466.4 458.2 448.2 442.5 438.9 429.3 420.9 412.2 407.5 397.9 392.6 387.6 383 379.4 381.2 383.7 386.7 389.3 393 399.8 407.8 412.2 412.7 410.7 409.8 412.2 411.9 415.7 418.9 418.9 417.7 419 417.8 419.2 418.8 418.9 416.8 420.5 426.6 435.2 447.2 462.2 474.9 485.7 496.3 506.9 517.2 525.4 535.3 546.8 556.9 567 577.6 588.8 600.6 612.9 628.8 646.8 662.6 683.2 701 719.7 738
501.7 505.6 507.2 500.6 499.5 498.5 500.4 492.3 475.1 470.6 466.7 465.2 463.9 463.1 459.3 457.9 455.4 449.3 440.6 436.8 426.1 418.8 409.1 401.5 398.1 394.4 390.7 385.9 384.5 385.3 387.1 388.7 394.5 396.9 407.9 416.4 422.8 427 423.5 424.7 426.7 425.8 428.8 431.5 431.6 431.8 429 426.5 424.8 424.5 422.5 423.6 424.1 421.7 425.8 434.2 443.9 457.4 470.4 480.6 492.5 504 514.8 524.2 533.3 544.3 555 565.1 575.1 586.4 596.6 608.6 624.5 642.2 656.8 671.9 689.9 710.6 729
499.6 502.3 501.2 500 494.3 493.3 493.8 481.9 470.6 470.3 466.7 463.9 459.8 452.3 447.9 450.4 443.4 435.3 431.2 425.7 421.2 411.7 405.5 400.5 397.3 390.8 389.2 391.3 392.6 393.9 395.4 401.5 405.3 413.1 422.7 429.4 434.7 439.1 440.4 442.6 442.8 444.1 445.8 446.4 444 443.6 441.6 438.8 435.6 429.3 429.1 428.3 426.5 427 425.6 432 441.8 451.4 463.5 476.2 488.8 500.6 511.5 522.9 533.2 542.4 551.5 560.9 570.5 580.8 590.5 601.7 617.4 634.5 646.3 659.8 678.4 699 716.6
