app/static/ascii/NH29.asc
ncols 200
nrows 200
xllcorner 220000
yllcorner 890000
cellsize 50
[rows 140 to 174 of 200, columns 0 to 78 of 200]
435.3 430.6 426.1 422 419.8 418.6 418.6 413.8 405.1 394.7 386.3 378.3 375.3 374.5 371.8 368.7 363.5 357.4 350.3 341.3 338.7 336.3 331.9 329.9 329.3 326.8 330.4 338.3 349.7 361.7 368.9 374.8 382.5 389.2 394.2 398.4 399.7 403.7 406.1 412 416.4 418.7 415.6 403.4 392.5 380.3 372.6 366.3 356.8 350.3 344.6 333 325.9 320.6 313.4 306.9 299.5 293.8 292.5 282.7 274.4 270.4 266 262.2 251.4 238.6 233.2 226.9 210 199.8 192.2 184.8 177.4 173.1 165.3 159.3 152.8 136 148.1
445.5 440 434.7 427.5 419.4 416.6 411.3 406.6 401 393.1 391.7 389.7 381.5 373.2 367 365.3 361.3 355.4 352.6 354.3 347.1 341.4 339.1 338.5 336.3 335 342.6 353.1 362.6 372.4 381.1 386.6 395.4 397.4 401.7 404.8 407.5 410.3 415.8 417.2 418.3 418.2 416.2 409.8 399.4 389.6 384.9 374.9 366.9 359.5 351.2 338.6 328.9 321.1 316.2 311.4 306.3 302.2 298.4 293.7 290.1 283.7 275.2 269.7 256.9 249.7 238.5 225.5 209.5 200.1 196.2 190.3 185 178.5 168.7 168.1 156.4 158.1 159
455 450.9 444.6 435 427.5 420.6 413.5 404.1 394.8 391.9 390.4 388.6 377.3 364.7 361.5 359 355.4 353.4 357.5 355.3 350.6 345.7 342.7 341.3 342.2 347.1 358.5 372.2 380.4 381 389.8 396.2 401.3 408 417.8 419.1 417 413.5 414.6 415.2 417.9 418 414.6 408.5 399.9 391.7 386.6 385.4 379.1 372.3 364.1 355.9 348.2 340.4 328.5 318.3 313.3 310.9 303.2 301.2 300.4 296.9 290 280.2 265.8 251.5 234.2 218.9 211.1 200.3 198.1 194.3 187.7 179.3 178.2 173.7 170.7 167.8 167.5
455.9 453.2 447.8 441.6 434.5 426.3 419.1 409.9 398.1 393.3 389 377.9 367.9 363.5 360.6 361.1 366.8 369 364.2 356.6 355 355.8 361.2 359.1 359.2 363.7 378.6 390.2 396.4 404.7 410 410.5 411.1 413.2 416.7 424.1 433 437 436.9 428 418.3 409.7 409.3 410.6 415.1 410.1 404.3 395.3 386.7 378.3 372.3 363.2 356.3 346.5 337 326 319.2 314.9 307.4 305.5 304.8 303.4 300 287 271 259.1 244.9 227.7 214.9 204.6 194 192.1 186.7 188.7 184 176.5 176 175.4 176.4
454.7 453.8 450.6 443.9 436.3 427.4 417.1 406.9 400.4 395.5 389.2 375.2 377 381.3 383 381.6 378.6 375.5 374.5 371.5 374.1 375.3 376.4 377 380.6 388.3 400.3 411.2 421.1 427.9 433.1 433.9 428 418.6 421.4 433.6 432.6 430.6 437.1 431.4 424.5 425.4 430 425.9 417.8 415 410 401.8 390.2 383.9 377 369.7 361.6 352.1 343.4 333.5 322.3 317.9 318 316 307.7 303.4 298.8 293.3 285.7 272.2 256 242.1 227.2 211.8 199.3 193.8 189.6 191.7 188.4 179.4 184.1 182.8 182.2
455.2 451.5 446.2 440.7 432.7 424.3 415 405.7 400.9 395.5 381.6 376.5 385.9 392.1 394 392.6 388.1 385.6 390.2 392.5 389 385.7 383.1 384.1 394 406.1 414.9 424.6 433.5 440.3 438.5 439.4 439.4 435.7 429.9 426 429.7 427.3 426.1 431.5 430.2 434 432.4 427.9 423.6 418.8 412.2 402.2 394.6 387 378.1 370.6 364.2 355.1 345.9 333.7 324.3 323.4 324.5 318.1 311.7 305.4 299.5 294.3 288.5 280.5 267.1 256.1 239.5 223 206.7 198.4 195.2 194.7 192.3 186.1 191.3 186.7 187.4
451.4 449.4 446.9 440.4 431.3 422.5 414.9 409.2 405.2 402.9 398.4 398.4 391.9 385.6 390.1 390.7 391.7 393.9 393.2 389.8 387.2 384.3 383.9 391.4 404.2 417.4 425.9 429.5 432.2 436.5 438.7 442.6 443.4 437.2 435.4 432.3 431.2 426.1 426.1 433.8 439.9 438 434.6 430.6 427.7 420.3 410.8 402.2 394.7 387.3 379.1 370.9 364.3 355.5 346.1 335.4 331 328.7 323.8 318 312.1 307.3 301.4 296.9 291.3 284.1 274.9 264.8 250 234.7 214.2 204.2 201.7 190.9 189.7 199.1 194.9 190.6 191
446.5 445.2 444.9 441.6 434.1 428 424 419.6 417.1 414 410 405.8 400.9 392.9 391.3 394.3 396.8 396.5 393.6 387.6 383.9 383.9 388.7 403.2 409.6 416.1 424.6 429.1 433.6 438.7 444.5 445.1 440.2 435 432.4 430.6 433.7 429.4 427.4 434.9 437.3 435.2 435.1 433.2 429.2 421.5 412.6 401.7 393.4 385.9 379.3 371.5 365.7 356.1 348.8 341.5 334.4 328.3 322.7 317.4 309.5 304.9 300.8 297.2 292.3 286.8 276.6 269 256.8 246.7 230.2 216.8 201.4 195.1 201.2 201.5 199.5 195.6 195.4
444.5 440.6 438.7 436.3 430.5 428.6 428 425.1 426 423.1 418.9 413 408.5 400.5 398.4 402.2 405 403.2 400.8 396.2 398 403.8 412.9 426.6 432.7 438 437.2 434.9 436.1 439.2 439 444.6 446.6 441.9 434.6 426.2 424.1 420.5 422.7 436.8 434.6 433.6 432.9 428.9 424.5 419.4 408.4 400.9 394.8 387.1 381.7 374.6 365.6 356.1 351.2 343.2 334 326.8 319.6 313.6 306.1 300.1 295.7 290.7 286.1 280.9 271.7 263.2 255.5 247.7 232.4 225.2 213.3 207.6 214.1 210.5 208.2 204 204.2
433.8 432.2 431.4 429.2 428.5 428 427.4 428.7 428.2 424.9 419.8 413.6 407.6 403.4 403.5 406.5 410.1 409.1 406.7 406.7 411.7 421.4 432.1 438.7 445.2 448.7 447 448 444.8 441.9 437.8 437.8 439 441.5 439.5 430.7 423.6 416.9 421.6 427.1 430 428.5 425.5 422.1 419 413 404.7 399.5 394.8 389.6 383.8 378 369.6 360.6 350.3 340.8 329.6 318.5 313.3 308.4 298.3 293.2 288.1 285.6 283.3 277.6 265.1 258 252.4 243.2 236.6 227.7 228.3 223.7 228 223.2 219.6 214.9 212.1
430.3 429.9 429.6 429.6 429 430.4 431.5 431.4 429.8 426.1 422.6 418.4 417.2 417.3 412.6 407.2 409.7 412.1 413.4 414 417.7 426 435.5 444.3 451.2 455.7 459 459.3 454.9 444 438.6 435.1 427.8 427.8 434.3 430.6 425.6 420.8 416.7 415 415.8 417.4 419 415 414.1 411.4 407.9 402.8 398.4 394.1 385.4 376.6 368.3 357.6 344.5 332.9 322.4 309.4 304.6 299.9 292.9 289.6 287.6 283.8 279.5 273.6 263.5 258.3 249.9 248.1 225.1 243.7 237.8 236.6 237.6 235.2 232.2 228.3 220.1
428.7 429.6 433 436.6 441.2 440.7 441.3 440.2 436.7 433.6 431.3 431.9 429.7 426.2 420.5 416.4 410.6 411.2 413.9 419.3 423 429.9 434.3 439.6 447.6 451.5 457.1 457.4 451.7 444.3 441.5 437.9 433.8 427.8 427.8 429.2 428.1 429.8 424.8 421.5 414.4 412.7 412 412.5 412.7 413.4 410.2 405.4 399.7 393.2 386 377 363.2 351.1 336.9 324.5 314.2 301.4 294.3 291.8 288.9 286.7 284.4 279.5 275.8 268.5 266.1 256.3 256.7 249.3 225.7 242.9 246.3 248.6 241.3 245.8 245.6 240 235.9
425.4 432.4 439.8 445.2 448.3 449.2 448.6 448 446.9 444.2 442.8 441.4 438.7 434.9 430.6 428.2 425.1 420.5 416.1 421 424 428.9 436.8 443.1 447.6 450.5 450 448.5 446.4 444.4 443.9 442 440.7 439.2 438.6 440 440.1 433.4 426.2 421 412.6 410.5 409.1 412.2 413.5 411.5 410.5 405.1 399.2 393.4 383.9 374.9 362.4 350.7 334.5 320.2 304 294.9 290.3 288.5 286.8 285.5 285.6 283.6 282.2 274.1 268.6 266.5 260.2 248.2 230.8 247.7 252.7 259.6 253.3 252.9 251.2 249.5 248.8
428.6 436 443 448.6 453.6 455.7 457.1 454.7 451.4 449.7 448.1 446 444.2 443.4 442.7 438.1 434.4 430.3 425 419.6 423.7 428.6 430.6 437.6 438.3 442.6 446.8 448.2 448.4 447.7 446.1 445.2 446.1 448.4 446.5 448.8 447.7 442.7 430.7 418.9 409.1 412.5 412 407.5 409.8 413.1 410.3 406 401.4 397 389.7 379.5 365.1 350.1 332.3 315.6 301 293.6 290.4 287.7 287.6 287.3 287.1 287.9 279.7 275.9 267.3 269.8 262.5 238.4 245.1 254.1 257.4 261.1 262.8 263.6 258.3 258.5 259.7
426.3 433.6 442 448.1 453.7 457 459.6 459.7 457.9 452.7 451.7 448.4 445.2 443.8 442.1 438 437.9 436.9 431.2 425.5 422.9 423.2 426.5 428.8 430.9 434 439.5 447.9 452.6 456.3 455 452.8 452 449.6 446.9 443.5 441.7 437.4 427.5 419.9 409.8 405.6 407.2 404.9 406.7 405.1 408.5 406.4 402.9 398.2 391.2 381.3 370.4 358.2 342.7 327.1 306.5 295.8 292.1 290.8 290.2 288.1 287.7 282.7 280 276.6 274.4 272.7 258.3 242.3 258.1 254.8 257.8 266.5 266.8 267.5 265.4 269.4 267.3
419.4 425.5 434.6 442.3 447.3 451.3 454.2 461.7 461.4 454.8 451.7 449.1 446.8 445 442.8 440.5 438.8 435.9 434.5 431.3 427.8 426.1 426 425.7 426 432.6 440.7 448.6 456.9 458.7 461.8 460.9 457.2 453.4 448.8 442.3 435.7 431 424.9 418.2 406.8 404.7 406 405.3 403.6 402.2 400.2 400.3 398.2 395 387.7 378.7 369.8 359.6 346.3 328.2 312.5 300.2 293.9 291.7 290.7 289.9 285.4 282.2 279.5 273.7 275.7 271.6 262.1 261.6 261.3 261.5 261.1 265.5 272.8 275 274.7 274.7 281
422.4 426.9 430 433.6 436.3 441.8 447.6 454.6 460.6 456.3 453.2 449.9 447.3 446.2 445.7 445.5 444.1 441.3 437.1 434.3 431.7 431.5 432 430.7 433.1 437.9 444.5 453.7 456.3 458.6 463.2 463.3 462.2 454.3 446.5 438.7 433.5 428.9 421.4 415.7 411.6 410.3 410.5 409.6 410 403.4 397.5 391.6 392.1 389.5 383.5 375.4 369 359.3 350.3 340.5 324.6 310.6 298.6 291.4 289 288 283 281.3 277.1 279 277.1 276.5 262.3 258.2 264.7 268.9 268.8 268.7 273.5 285.5 290 297.8 307.1
431.7 433.8 434.2 432.7 434.7 440 448.1 453 456.6 458.3 456 453.5 452.1 452.1 451.8 451.6 450.5 449 445.8 443.2 441.1 438.7 438 435.8 433.9 441.1 446.9 451.7 455.9 460.4 461.2 459.8 455 449.7 446.1 441.6 435.4 428.5 422.9 418.5 416.4 413.9 410.9 411.9 411.2 406.4 396.4 392 381.3 380.3 380.2 378 371.8 366.3 354.6 342.4 333.4 321.8 310.9 298.8 290.7 286.4 286 285.8 284.4 285 281.8 279.2 263.7 261.4 269.5 274.2 273.9 270.6 284.5 303.1 314.4 322.3 325.4
427.8 430.3 428.5 427.2 429.8 435.5 444.4 447.7 452.6 457.6 457.1 453.4 452.5 451.8 451.1 451.1 451.3 451.7 450.9 449.2 447.3 444.5 441.5 438.5 439.1 441.6 444.9 454.7 457.5 462.8 461.2 456.3 451 448.6 445 440.4 435 429 423.3 418.1 417.3 416 411.5 409 408.9 404 395.9 391.3 383.5 370.2 369.6 369.6 366.8 363.3 354 344.7 337.4 327.3 317 298 299.3 292.7 291.5 290.8 289.7 290.3 288.1 283 262.1 262.4 269.3 276 282 295.6 312 324.4 334.2 338.2 338.4
422.8 422.1 420.8 423.2 425.6 430.9 436.3 442.5 451 456.4 454.3 453.2 453 452.2 453.7 455.7 456 455 453.1 451.9 450.6 448.3 443.5 442.7 442.6 441.9 444.7 447.6 451.9 454.4 453.9 454.7 450.8 445.3 440.2 435.8 431.6 427 421.4 417.3 416.3 411.7 407.4 403.6 400.7 397.4 393.2 390.5 385.1 374 364.6 363.2 361.5 357.4 354.9 348.3 335.9 314.9 321.8 318 315.4 307.9 305.3 295.9 292.4 292.3 291.3 280.7 263.3 266.8 279.5 295.1 303.8 316.9 328.4 337 342.4 346 347.6
418.7 417.1 415.9 418.7 420.8 425.6 429.1 435 442.7 447.8 450.1 452.5 453.3 455.7 456.2 457.3 456.7 458.7 458.9 457.5 457.4 455.4 453.1 451.4 448.2 446.8 445.5 443.9 443.7 447.6 447.7 444.5 440.4 437.9 433.5 429 425.5 422 417.7 414.3 411.8 408.7 403.2 399.2 395.7 391 388.3 386.6 383.7 374.1 366.1 364.2 359.6 357.2 350.7 346.8 340 335.7 332.4 331.8 329.6 326.4 320.5 308 296.8 292.9 287.7 281.6 267.4 282.9 295.6 306.9 313.1 323.1 335.9 343.2 346 349 350.7
411.8 410.1 409.8 414.6 420.8 421.2 424.5 433.7 439 443.9 447.3 452.2 456.4 457.5 457.8 458.7 458.3 457.4 457.8 456.7 455.8 454.4 452.2 450.4 448.3 445.5 444.5 442.6 441.9 438.7 437.6 434.1 431.7 428.8 424.4 419.3 417.1 414.8 412.7 410.6 408.8 403.6 400.1 395.5 390.2 386.3 385.9 384.3 379.5 372.6 368.3 365.4 360.5 359 359.9 361.5 356.9 351.3 345 338.8 338.6 332.7 323.9 312.6 306 296.2 290.7 279.2 272.4 287.5 297.9 310.4 315.7 325.2 331.5 340.1 345.4 350.1 351.1
401.4 401.5 401.5 403 406 408.2 417 429.5 435.8 439.7 444.6 451.5 453.7 452.1 453.2 455.3 457 456.8 455.7 455.6 454.2 451.6 449.2 448.2 449.1 451.6 452.6 451.6 444.7 439 432.9 431.9 426.9 420.4 414.6 411.1 409.4 409.1 407.9 406.7 404.9 399.6 397.5 391.9 386.9 382 383.6 378.8 374.2 372 369.8 363.9 362.4 362.3 363.4 362.3 357.7 352 347.2 339.9 335.2 329.8 322.2 314.3 309.3 299.3 291 275.9 283.9 291.1 298.9 308.7 314.1 323 328.2 335.9 346.2 347.9 345.2
401.4 401.5 401.4 401.9 402.5 403.4 409.7 418.8 424.5 436.6 444.8 447.8 449.4 445.7 444.9 446.3 449 451.6 454.8 455.8 454.9 453.3 450.4 455.4 457.1 459.4 461.6 454.6 448.5 440 433.2 427.3 424.6 416.8 410.3 408.1 405.6 402.9 401.3 399.9 396.6 393.3 388.1 384 379.8 378.1 379.4 376.4 373.6 371.2 367.9 365.2 364.6 366.9 366 363.2 357.8 354.1 349.9 346.8 341.3 332.9 323.9 318.2 310.8 301.1 289.1 277.6 286.7 291.9 299.6 306.9 308.9 315.7 326.8 335.8 338.6 335.9 335.5
401.5 401.5 401.4 402 405.1 405 405.4 409.2 414 421.6 428.2 434.9 435.6 440.5 442.1 450.2 455.6 459.8 460.4 463.7 461.3 457.5 459.9 457.8 456.1 455.7 454.9 447 442.7 437.9 432.5 426.1 420.4 418.2 411.8 405.3 399.7 396.2 395.1 393.8 391.5 389.9 384.9 380.1 377.8 377.2 376.4 375.4 374.1 372.7 371.7 371.3 371.2 370.2 368.6 368.1 365.6 363.7 361.5 356.4 349.3 342 336.7 325.4 315.3 304.1 290 281 282.9 286.8 290.1 302.9 303.8 307.6 312.9 319.4 324.4 328.3 329.9
412.1 414 414.8 412.4 409.9 407.9 407.2 414.6 422 429 438.9 444.6 449.8 453.7 455.6 455.4 456.5 459.1 461.4 468.5 474.9 470.1 464 459.8 452.4 447.8 444.9 442.1 438.1 433.9 429.7 422.7 415 409.4 405.5 401.1 394.6 390.9 387.6 386.8 386 384.8 380.6 378.9 376.1 375.1 374.4 374.5 375.1 375.7 375.7 375.9 376.5 376.2 376.3 374.1 372 369.7 366.1 363.6 352.8 339.4 330.5 323.6 316.1 305.7 292.3 284.5 282.6 282.7 286.5 293.4 296.8 303.7 307.1 309.7 315.4 323.9 326.7
418.9 424.4 422.6 418.6 415.2 409.7 421.8 439.6 439.7 440.5 443.8 448.1 452.8 456.9 454.3 454.3 459.6 465.5 467.2 471.2 477.3 471.1 466.1 462.6 456 447.4 443.3 440.6 435.8 430.6 426.3 420.5 413.2 403.4 398.8 394.9 391.2 386.7 381.4 378.8 378.8 379.1 375.6 375.4 373.6 372.7 372.3 374.3 375.8 377.8 379.1 378.6 377.5 377.6 377.3 375.6 374.1 370.4 364.7 359.2 349.1 336.5 326.2 320.9 314.7 305.1 293.5 289.1 285 282.4 285.9 286.9 291.4 301.8 300.8 306.2 311.6 318.7 322
416.4 416.9 418 418.9 419.1 426.2 447.7 449.7 449.5 445.1 447.3 449 453.6 454.8 455.2 462.4 467.5 469.4 468.4 465.2 467 462.6 458.5 455.4 451.1 447.1 442 436.6 430.8 426.4 422.5 415.6 409.7 401.4 394.6 388.8 384.7 381.9 379 374.5 374.9 373.1 372.1 372.1 371.5 371.5 370.1 371.2 372.2 373.6 374.5 374.6 373.1 373.3 374.5 367.9 361.1 358.9 356.5 352.4 343.4 332.7 326.5 318.6 312 302.1 301.6 292.9 286.6 282.7 285.3 285.3 290.4 291.7 296.1 304.2 308.6 309.7 314.1
413.5 412.3 415.9 421 433.2 448.4 453.8 452.1 448.2 446.3 452.9 452.6 450.9 460.3 466.9 465.6 466.2 466.1 463 459.1 459.6 456.3 451.9 447.3 444.7 443.4 440.6 433.7 426.6 421.3 414.1 407.9 402.5 397.1 390.6 382.8 379.6 377.6 376.5 373.3 370.6 369.5 369.8 371.4 371.8 371.4 368.3 367.5 367.9 367.9 368 366.7 366.2 364.7 362.8 360.2 357.5 353.5 349.9 345.8 339.4 332.8 326.3 320.9 316.6 311 304.3 295.7 287.7 285.4 285.8 285.7 284.5 286.8 294.8 300.8 301.4 304.6 310.1
409.5 414.6 428.4 431.2 440.2 448.3 447.7 444.5 442.7 442.7 446 448.2 461.6 465.5 468.4 465.7 462.3 456.3 452.5 450.4 453.6 452.2 448.2 444.4 439.4 435.5 430.9 429.2 424.6 417.5 407.7 399 393.8 389 383.7 378.6 374.6 373.8 373.9 371.7 368.8 368.7 367.9 370.3 370.9 368.6 364.6 363.2 361.7 361.6 362.2 360.6 359.1 358.5 356.9 354.5 351.4 347.5 343.8 339.9 336.6 332.2 326 320 315.7 312.8 307 298.1 289.1 285.6 287.1 285.8 284.6 283.5 288.7 289.7 291.9 297.1 302.5
422 428.8 431.9 435.3 441.6 443.2 442.7 442.7 442.7 445.4 451.6 450.2 447.5 461 460.7 457.6 451.9 447.7 445.3 443.2 443.1 443.4 439.2 437.5 434.5 429.6 423.5 421.3 415.7 409.7 401.7 392.4 387.3 382.5 377 373.1 371 369.7 368.4 367.3 367.4 366.4 365 367.4 367 366.5 363.8 360.8 359.4 357.7 357.1 356.6 355.5 353.3 350.6 346.8 344.6 343.1 339.8 335.9 334 326.9 324.2 321 315.3 307.8 297.9 294 293.8 288.2 286.8 285.6 284.3 283.2 281.9 284.2 284.4 287.5 291.4
432.5 434.4 433.6 433.6 440.2 442.7 442.7 443.2 448.9 453.4 453.4 449.4 447.5 447.5 447.5 450.8 449.4 445.7 442 440.5 439.5 434.1 431.2 428.9 425.3 420.8 417.3 412 407 399.8 392 386.2 379.9 375.6 373.2 371.3 369.3 368.3 367.7 367.3 368.8 369.3 366.7 364.5 362.8 363 360.6 357.4 354.8 354.5 355 353.2 351.3 347.5 343.2 341.9 338.8 338.3 338.3 332.8 317.4 318.3 300.2 293.9 295.5 297.1 300.8 302.2 296.1 289.7 287.3 285.7 284.2 283.3 281.7 281 280.6 281.3 282.7
435.7 444.4 448.9 452.6 456.4 460.3 461.8 463.2 463.3 460.9 456.5 449.7 447.5 447.5 447.5 450.4 450.1 449.9 446.4 440.5 434.5 430 426.8 422.5 417.2 412.7 408.4 402 395.3 387.9 383 378.8 376.1 374.3 371.7 369.6 368.4 370.1 368.8 369.8 371.7 373.1 372 371.5 366.7 357.1 353.7 353 350.4 351.1 351.6 349.3 343.1 339.4 337.2 333.3 331.7 333.2 328.5 314.6 309.6 303.4 320.3 318.2 312.7 310.6 310 308.3 300.8 294.7 288.8 286.5 285.1 285.1 281.7 280.5 279.5 279.8 281.1
441.1 457.4 473 485.6 484.6 482.7 479.9 474.7 471.4 467.3 465.5 464.7 462 458.7 455.6 449.9 444.6 443.8 439.7 433.3 428.6 424.3 418.9 414.4 406.7 402 395.9 390.6 383.8 381.7 376.8 373.7 375.9 374.6 373 371.8 372.9 375.3 376.3 377.2 377.5 376.5 374.7 371.3 367.5 360.6 355.1 351.6 346.2 342.2 342.2 336.5 335.8 333.6 332.6 334.5 333.2 332.4 329.5 327.8 328.9 318.6 326.8 321.3 321.3 316.7 312.4 313.9 307.4 298.8 289.7 287.7 286.6 285.9 285.9 280 278.6 277.6 278.9
461.9 480.8 488 493 495.9 492.9 486.6 483.6 477.8 471.9 466.3 464 460.2 455.5 452.9 445.9 437.9 431 426.4 423.7 419.4 413.8 406.6 402.7 395.2 388 382.3 379.1 378.2 375.8 369.5 371.2 371.7 375.9 374.7 376.2 376.6 379.2 379.5 378.5 379.3 375.8 374.1 368.8 364.7 365.8 357.5 354.8 348.5 347.9 346.9 342.1 335 338.2 339.1 339.2 337.3 333.3 330.7 327.6 322.8 327.5 326.1 323.5 322.6 319.4 313.8 311.8 307.4 298.3 291.3 289.4 288.1 287.1 283.6 281.1 278.8 277.3 276.4
