app/static/ascii/NH30.asc
ncols 200
nrows 200
xllcorner 230000
yllcorner 800000
cellsize 50
[rows 35 to 69 of 200, columns 0 to 79 of 200]
524.1 517.4 509.6 502.8 498.4 494.3 490.8 484.3 481 479.3 474.2 469.4 462.8 460.6 462.5 462 463 463.3 464.1 465.2 467.3 471.4 474 473.2 475.4 483.9 480.8 475.7 472.3 470 465.8 460.5 458.6 455.5 450.6 443.6 437.9 435 425.4 414.7 403.3 391.2 377.6 364.6 357.3 350.6 339.1 331 328.3 326 322.4 318.4 315.2 310.5 305.3 302.8 299.4 294.2 289.9 287.3 284.6 281.1 274.9 267.2 266.9 266.2 265.7 262.4 257.9 253.7 250.1 248.3 251.4 250 246.8 240.9 232 222.5 215.7 210.4
528.5 520.8 510.4 501.3 498.6 496.6 494.6 485.1 478.6 477.4 471.8 465.4 461.3 458.3 456.6 457.9 458.4 459 460.3 461.5 462.3 464.7 467.1 466 467.5 474 474.9 467.1 462.8 459.7 457.8 453.8 447.3 442.9 438.6 432.5 429.6 425.1 418 407.6 395.7 382.3 369.1 357 353.3 346.1 331.9 323.6 320.7 319.7 320 317.3 311.3 304.2 301.3 297.9 294.6 290.2 285.6 285.7 283.5 278.9 272.1 269.1 263.2 262.3 262.5 260.6 257.7 252.7 250.4 251.2 263.7 260.5 251.3 243.1 231.2 221.2 212.7 203.5
527.7 515.8 506.6 501.6 500 497.1 493.8 485.9 476.8 471.7 469 464.5 459.3 453.5 452.8 453.8 454.4 455.8 457.6 459.3 461 460.2 460.5 459.4 459.2 462.9 467.1 458.8 452.2 451.5 449.6 444.3 438.1 431.2 428.8 424.2 419.1 414.8 408.1 398.2 385.8 373.1 359.5 352.5 348.9 341.6 329.7 322.7 319.7 316.4 315.4 313.3 306.8 299.3 296.2 291.7 286.4 285.8 283.8 282.6 279.9 276.6 272.9 269.2 263.9 260.6 260.6 259 254.4 251.2 249.8 249.5 259.3 263.1 258.5 242.5 227.3 214.7 205.4 194.5
518.8 511.8 508.1 503.1 501.2 497.6 491.8 481.7 474.7 471.9 470.6 466.7 459.7 453.6 452 452.3 452.6 453 455.1 458.9 460.3 455.7 454.5 452.3 453 452.6 455.5 451.1 445.5 442 438.7 434.7 430.6 426.6 420.8 413.1 407.2 403.7 396.7 387.1 375 361.7 352.3 347.5 342.4 336.6 326.8 321.2 317.1 312.3 309.8 307.6 302.3 295.3 288.5 286.5 286.5 285.9 283 277.9 276.2 273.3 270.2 267.2 262.8 259.3 258.1 256.5 253.2 249.8 247.4 246.6 250.8 256.1 255.4 234.5 216.9 204.8 195.5 186.6
514.1 511.7 506.1 504.7 503.3 494.9 486.8 479.3 473.6 472.6 469.6 463.3 462.1 455 451.1 451.7 452.2 450.4 452 454.5 454.4 449.9 445.8 445 445.5 445.6 446 444.7 439.1 435.2 431.2 428.1 424.6 418.6 409.5 402.5 397.4 391.6 384.1 375.1 364.8 354.1 347.8 342.6 336.2 330.5 323.4 320.7 316.2 309.2 304 299.7 294.3 288.6 286.1 286.9 286 283 281.2 276.2 272.4 268.8 266.7 263.7 260.6 258.5 255.2 253.2 251.2 246.4 239.7 238.1 235.1 234.7 229.6 217.1 204.4 195.5 187.8 179.5
511.4 509.8 503.7 501 497.4 490.3 484.6 478.2 473.2 470.2 464.5 458.8 455.6 451.3 449.5 449.5 448.7 447.6 447.6 447.7 447.4 445.6 440.9 434.7 434.5 439.1 439.7 439.2 432.1 427.4 423.6 420 415.6 409 400.9 391.4 384.7 377.2 371.4 362 353.8 347.2 343.8 337.4 329 323 320.1 316.8 313 304.4 296.5 292.9 290.2 287.9 286.1 285.9 283.1 281.3 279.5 273.3 267.9 265.3 264.1 262.4 259.6 258.1 254.4 252.3 249.3 243.8 235.3 225.1 222.2 216.7 209.7 202 194.8 187.2 178.5 170.6
513.4 511.3 501.3 501 496.5 490.9 482.9 478.9 469.4 465 460.7 456 455.4 455 449.9 447.9 446.4 445.1 442.2 440 437.1 435.9 433.5 430.5 429.3 429.7 429.4 429.2 424.4 418.2 413.3 410.2 405.6 399.3 391.1 382.4 374.3 365.8 358.5 353.3 346.8 343.5 338.4 330.2 320.2 319.5 314.5 313.5 309.8 299.6 292.7 288.1 288 285.2 282.9 283.7 281.9 280.5 277.1 270.5 268.4 266.4 262.6 258.5 259.3 256.4 250.6 247 243.9 238.7 231.2 221.4 210.3 204.7 198.9 191.3 184.7 178.4 169.4 164
511.4 508.1 498.8 495.1 494.2 496.3 486.9 478.7 467 460.3 459.2 458.8 458.3 453.3 451.1 449.8 450.1 447 446.2 447.4 440.2 437.9 435.8 432.7 427.7 421 410.7 414.3 409.3 405.6 401.3 396.9 392.7 387.6 380.3 372.8 364.5 357.9 351.1 346.5 342.2 337.7 330 319.6 317.6 317.6 315.5 312.4 307.6 300.3 293.3 288.9 284.4 284.7 280 280 280.9 279.5 274.6 270 267.9 266.3 265.2 262.6 259.2 252.9 243.7 236.4 233.9 230.9 224.8 216 205.8 197.4 189.4 183.3 176 166.1 161.8 158.7
506.5 505.6 500.6 495 492.8 490.4 484.8 478.5 466.8 456.4 456.9 457 455.4 455.2 452.1 452.9 456.6 453.2 448.9 448.7 454.1 452.3 444.7 437 430.8 428.5 426.2 417.4 405.6 396.9 387.4 377.9 376.1 371.9 366.5 359.4 352.2 347 342.2 338 334.3 329.4 321.3 316.9 313.9 313.2 311.7 309.8 305.5 297.8 294.4 291.2 289.3 286.8 283.5 278.6 278.5 277.7 273.2 267.8 266.5 267.6 266.8 263.2 257.6 250.1 241.8 235.2 229.4 223.1 216.2 206.2 198.6 190.1 181.7 174 164.2 155.1 153.1 152.5
502.8 504.9 500.3 500.9 494.5 488.3 480.5 472 462.8 455.7 455.5 455.3 456.3 455.1 452.5 458.1 461 457 451.4 452.2 454.4 454.3 449.9 442.1 434.2 430.8 428.7 422.4 413.7 403.8 393.9 384.2 377.2 368.4 359.2 347.5 337.1 333 330.7 325.1 321.5 318.8 314.5 314.2 312.5 311.5 309 306 301.4 298 293.9 290.5 289.7 288.7 284.1 278.4 276.4 274.8 270.8 265.2 265 266.7 265.8 261.7 255 246 237.4 230.3 225.3 218.9 210.3 201.4 190.8 182.8 173.2 166.3 157.2 150.5 147.7 146.9
500.1 500.4 498 495.4 488.5 483.8 480 468.5 462.9 458.3 455.8 455.2 456.1 453.4 453.2 454.6 458.4 459.1 455.9 451.5 452 451.1 449.9 443.4 437.3 432.5 429.3 423 412 403 393.3 387.2 381.3 373.6 364.8 355.4 345.4 335.2 327.2 322.7 319.1 314.7 311.9 310 310 308.6 305.9 302.8 299.3 297.5 294.5 290.6 289.1 286.8 282 275 274.7 268.8 266.7 264.6 263.5 264.5 262.9 258.1 249.7 239.2 230 223.3 219.8 214.8 207.8 198.6 189 178.4 169.7 162.7 155.7 149.2 145.1 142.3
496.9 496.7 497.4 491.9 485.5 480 474 470 462.9 459.4 456.4 455.8 455.2 454.6 454 452.3 452.6 455.7 456 449.8 449.2 448.5 447.9 445.6 438.9 431.8 427.3 420.7 412.6 402.5 392.9 388.4 382.8 373.5 366.4 358.7 349.4 337.8 328.7 323.2 318.3 313.6 310.7 307.5 304.5 303.7 300.5 297.6 296.9 295 292.8 290.2 286.9 282.6 277.9 276.5 274.2 269.3 264.8 261.7 262.8 262.1 258.8 252.2 242.5 230.1 222.5 215.1 212.4 208.1 202.3 194.5 185.9 176.8 166.9 157.8 153.5 147.8 142.4 139.2
493.4 489.8 489.9 487.2 483.6 478.4 474.8 472.8 465 461.6 459.9 457.8 459.6 454.1 452.9 451.8 449.4 450.6 449.9 448.1 448.8 447.3 445.6 443.4 440.6 435.9 428.7 423 413.7 404.1 392.4 388.7 383 374.4 364.3 357.6 349.4 340.3 331.1 322.2 315.2 312.8 308.9 305.4 300.6 298.2 297.3 295.1 292.3 289 287.6 284.8 281.5 278.4 276.7 275.6 273 268.5 263.6 260.2 258.3 256.9 252.7 244.6 234.1 223.8 214.1 208.3 204.4 200.9 195.2 188 180.8 172.3 162.7 156.2 152 148 142.6 139.5
489.3 485 483.4 485.1 481.1 474.5 474 474 466.5 462 460.2 461.8 460.1 454.3 453 451.9 449.8 448.5 446.4 445.8 447.1 444.4 441.2 439.5 438.2 434.6 430.2 421.8 410.6 399.5 390.7 386.6 380.7 371.8 357.9 352.1 345 336.5 327.4 317.2 313.7 309.8 306.2 302.9 300.6 296.9 294.8 294.6 293.8 295.1 291.2 285.3 276.8 271.7 271.4 270.9 267.6 262.7 257.2 253 250.2 249.9 244.9 234.6 222.4 214.7 207.5 198.8 195.3 192.6 185.9 179.8 174.4 166.6 159.9 155.1 151.7 149 143.8 142.4
484.3 479.6 477.1 479.8 477.4 472.9 476.2 472.9 466.3 458.9 457.5 459.7 457.1 455.6 455 453.9 450.5 446 441.8 441.6 440.7 440.1 439.5 438.4 438.6 434.1 426.7 420.6 411.1 399.1 388.9 382.3 374.5 366.1 356.3 343.9 337.6 326.4 319.6 314.1 310.2 307.9 305.4 302.6 300 296.2 291.9 291.2 293.4 292.1 289.3 284.3 275.8 271.4 266.7 264.1 260.1 254.8 249.8 246.2 240.6 241.1 235.9 222.7 208.3 205.4 200.6 192.6 188.1 185.4 177.8 172 167.4 162.2 155.5 153.1 151.5 148.9 150.8 150.1
474.9 473.8 471.9 474.7 471.3 471.5 472.9 469.2 461.1 455.2 454.6 456.9 456.3 454.6 455.4 453.4 444.9 441.1 440.4 440 439.7 439 438.7 437.1 433.8 432.6 429.7 419.5 409.4 399.1 385.9 376.1 367 357.7 349.6 339.8 330.5 319.9 315 311.6 307.7 304.7 302.2 301.9 299.4 296.1 291.4 287.1 290.4 289 287 284.8 273 269.7 264.5 258.4 253.6 249 245 239.8 234.3 230.7 227 217.2 203.2 198.2 194.6 188 181.7 179.9 176.3 170.5 163.6 159.5 155.9 154.4 155.3 155.3 155.9 158.7
467.1 468.8 468.5 468.9 468.4 467.9 465.8 462.2 455 453 452 454.3 451.9 447.7 448.1 445.2 440.4 438.2 436.2 436.1 437.9 441.3 439.5 435 433.6 430.3 426.1 417.5 405.1 392.4 378.7 368.4 358.8 346.8 338.6 331.2 322.4 315.1 311.2 306.6 304.3 300.6 299.9 299.7 297.5 293.6 288.4 284.9 284.7 283.7 276.9 277.6 270.3 267.4 263.5 256.5 248.9 241.3 237.1 232.8 225.1 217.3 217 211 201.1 195.6 188.7 183.6 176.2 174.1 171.9 167.7 162.2 159.2 156.7 158.3 158.7 158.9 159.6 161.4
461.9 463.7 462.3 462.5 466.3 463.7 460.4 453.4 450.3 447.7 444.5 444 444.9 443.8 443 439.5 435.8 434.4 433.3 431.4 430.4 435.3 430.3 426.6 427.5 423.1 418.3 410.5 400.2 384.9 372.5 361 348.9 337.7 330 323.3 318.4 311 307.9 304.4 299 296.9 296.5 294.9 293.3 289.3 282.4 278.1 277.1 279.2 269.4 267.1 266.8 264.4 259.5 252.2 245.1 238.5 232.1 228 220.8 215.5 206 203.7 196.9 192 185.6 180.6 174.5 168.7 164.5 162.8 160.7 160.7 159.7 161.8 161.1 159.7 159.9 158.5
451.6 454.1 452.6 454.1 460.9 456.7 450.2 446.2 443.3 438.6 438.7 439.9 441.5 438.6 436.7 434.7 431.8 428.9 426.5 424.1 421.9 423.1 422.1 417.2 416 411.3 406.9 404.8 390.7 377.9 365.4 352.6 339.9 331.8 324.9 318.5 315.7 308.6 300.7 299 296 292.1 291.1 291.5 288.5 283.7 275.1 267.6 268.6 266.5 265.6 263.8 263.8 260.7 252.7 242.9 238.1 232.9 229.2 226.3 219.9 212.5 204.8 199.4 190.5 189.2 185.2 180.6 173.4 167.1 164.8 163.9 162.4 161.5 163 164 161.6 157.2 155 155.9
442.2 440.8 439.7 443.7 450.8 447.1 440.9 437.5 433.2 430.7 431 430.5 433.3 432.6 429.7 427.7 425.9 424.9 422.2 419.3 416.6 414.3 412.8 407.1 402 399.8 397.9 390.5 381 369.5 353.2 342 334.4 328.1 322.3 317.2 313.1 307.2 298.2 291.9 291.9 289.4 288.4 286.3 283.3 279.1 271.4 264.7 262.7 263.2 262 259.8 261.6 255.1 245.1 234.5 229.8 226.1 225.2 222.8 217.7 212 204.7 197.6 188.1 184.7 181.9 178.2 172.4 168.3 167.6 165.5 162.7 161.2 158.8 158 158.1 155 153.1 157.2
436.6 432.2 428.2 432.2 437.1 437.8 433.8 426.8 423.5 421 421.8 423.3 426.2 427.5 426 423.8 421.9 419.6 416.3 412.8 409 410.8 407.8 398.2 388.6 382.4 377.1 374.8 374 357 342.9 334.2 326.7 321.2 317.1 311.4 306.4 303.2 296.5 287.3 284.8 284.6 284.8 281.5 278 274.3 268.3 262.7 258.1 258.1 256.8 257.8 252.9 248.1 234.6 229.2 223.6 218.6 218.2 217.4 214.3 207.9 199.2 193.5 188.8 182.5 177.3 174.6 172.2 169.2 167 165.3 165 166.1 164.1 159.6 158.3 157.9 150.8 152.9
427.4 427.3 424.4 425.4 427 430.2 422.1 420.2 418 418.2 418.2 418.1 421.5 425.8 423 420.4 417.1 411.6 407.5 403.5 399.9 402.6 394.7 382 376.5 370.4 364.3 362.7 355.6 343.4 334.5 325.6 318 314.3 310.6 306.3 303.5 298.9 292.1 283.7 276.6 280 280.9 278.1 273.1 267.3 262.4 258.8 253.7 250.2 253.1 257.3 252.5 240.1 229.4 224.6 216 213.1 210.8 210.2 207.3 201.5 191.9 189.9 188.2 184.5 179.8 176 171.9 169.5 168.4 168.9 170.6 166.7 163 161 158.1 156.2 150.9 142.1
416.8 414.7 414.1 416.4 420.5 417.6 414.2 415.9 413.5 412.9 413.6 415.7 417.2 421.6 419.5 414.7 410.4 406.3 404.1 398.9 391.7 385 379 374.7 369.1 361.5 355 350 345.2 337.5 329.5 320.3 315.2 311.6 308 305.6 301.3 293.6 285.7 278.4 270.6 273 274.5 273.2 267.5 262.3 259.8 255.8 251.1 244.5 251.6 251.4 240.4 232.7 226.8 219.8 217.6 213.1 207.7 203.7 198.4 195.5 186 184 183.9 182.2 178.9 175.4 171.1 168.5 167.4 172.2 173.5 166.6 165.7 162.1 157.9 157.6 158.4 147.7
415.9 412.2 409.8 406.5 410.3 410.7 408.2 407 407.8 409.8 410.5 410.8 412 415.9 415.7 408 403.3 400 393.3 390.3 383.7 377.3 371.5 367.3 361.6 353.1 348.7 344.5 338.4 333.2 323.4 317.1 308.8 308.2 306.5 303.5 297.8 290.1 281.8 272.3 266.8 262.8 266.1 266.2 262.5 257.5 254.5 251.5 246.4 237.8 242.8 239.5 230.6 227.9 222.2 219.6 215.3 210.9 205.8 201.3 196.2 191.8 186.4 177.8 176 175.7 172.7 170 166.9 165.1 166.8 165.7 163.8 161.8 160.8 158.1 152.2 150.5 148.2 141.9
417.6 407.2 404 402.3 407.8 402.4 399.9 402.5 402.4 403.7 404.5 404.6 406.6 407.8 406.7 403.2 399 395.8 386.1 375.8 372 368.3 362 359.1 352.5 347.5 343.1 337.1 334 326.3 320.3 314.5 308.2 305.6 303 298.2 291.6 282.4 275.2 270.1 263.5 258.5 257 257.9 256.4 252.5 249.3 245.8 240.8 233.5 237.3 230.8 227.4 222.8 219.5 214.7 207.7 207 204.3 200 194.4 190 183.3 175 170.2 167.9 163.7 163.9 163 162.7 164.4 164.8 164.1 164.2 162.1 157.8 151.4 143.7 138.1 135.1
404.7 399.8 398.7 400.6 396.3 394.2 394.3 395.8 397.4 398.6 398.5 398.8 399.5 400.8 400.9 398 393.8 388.3 380.8 372.5 364.1 360 354.6 348.7 342.9 337.8 334 328.2 321.8 319.7 315.9 310.7 306.1 303.2 299.3 293.4 286.2 277.7 269.4 265.9 263.1 259 254.2 250.6 248.7 247.4 246.2 241.8 232.6 231 234.1 228.5 225.3 220.6 217.5 212.2 208.2 206.6 204.8 200 192.2 187.3 180.7 174.9 170.2 166.1 164.5 164.4 164 162.8 163.5 166.9 166 163.1 160.2 156.5 149.9 139.3 131.2 129.5
397 397.7 396.2 393.2 389.4 388.4 389 391.7 394.6 395.1 392.3 389.7 388.5 391.6 391.4 391.8 388.5 383 376.6 370.1 362.2 351.2 342.5 336.6 330.3 325.4 321 318.9 315.7 313.3 309.8 303 299.9 296.6 293.9 288 280.3 271.2 265.1 260.4 258.7 255.6 251.6 246.3 242.6 241.9 241.9 237.5 227.2 231.9 228.4 225.8 222.4 217.5 215.9 212 208.6 206.2 203.7 198.4 191.7 183.5 175.1 169.7 167.5 165.9 165.9 165.8 163.5 161.6 163.1 167.7 164.1 160.3 157.6 154.5 146.9 139.7 130.8 126
386.5 387.7 391.6 391.5 384.3 384.5 385.1 390.2 391.4 391.3 386.8 382.1 382.9 384.7 384.2 382.4 381.4 375.7 369.4 363.8 355.9 345.4 334.6 326.6 322.8 317.2 314.5 312.9 310.6 306.7 304.3 298.2 292.2 290.4 287 281.4 274.2 267.1 259.7 253.4 250.1 248 245.8 242.4 240.8 240 238.1 233.3 226.9 225.3 224 222.9 219.4 217.1 214.7 211 206.8 203.3 199.5 194 186.5 178.5 170.3 166 165.3 165 164.8 163.7 162.7 160.5 160.6 161.8 161.1 159.7 160 153.4 147.9 142.8 135.6 128.8
381.9 384.6 386.8 382.5 379.7 381.8 382.1 386.9 387 383.7 379.8 380.1 381.4 383.7 378.2 373.6 371.6 365.4 356.5 353 346.7 338 328.8 321.5 316.6 311.9 305.3 303.6 304.2 302.4 299.3 294 288.9 285.5 280.2 274.4 267.6 258.1 251.9 248.1 244.4 240.5 238.9 238.1 236.6 233.8 230.7 227.3 224.2 221.9 221.7 222.1 217.3 215.1 211.8 206.9 201.7 193.7 191.1 187.7 180.2 172 168.4 165.7 164 162.8 161.9 162.2 160.7 159.6 159.2 159.2 159.4 159.2 161.7 158.2 152 144.8 137.6 130
380.7 382.6 381.4 378 377.5 376.1 378.2 379.9 381.3 379.1 378 377.4 377.8 369.7 368 360.4 361.1 357.5 348.4 339.3 333.9 326.5 317.7 311.8 310 307.9 301.9 292.3 295.4 295.3 291.3 288.1 286.1 281.8 275.4 269.4 261.5 253.8 248.4 244.8 240 234.8 232.8 232.4 230.3 228.2 225.3 219.6 218.3 219 218.1 215.4 212.9 209.1 204.2 198.8 193.9 188 184.3 183.3 178.4 173.5 169.5 165.3 161.5 161.6 160.9 159.8 159.9 159.6 159.8 159.5 159.9 160.6 166.3 160.7 155 148.4 139.9 130
379.8 376.4 373.4 374.2 373.9 373.5 376 377.3 376.5 374.4 369.5 368.9 367.6 361.7 355.7 351.1 352.9 350.1 342.8 330.9 321.5 314 304.9 305 304.8 301.7 295.7 288.8 285.8 286.5 287 284.7 283.1 278.6 271.5 265.4 255.9 247.1 241.5 238 232.1 228.1 224.7 224.4 224.1 222.7 218.9 212 211.2 213.7 210.6 205.9 204.7 200.6 194.7 191.2 188.8 189.8 187.1 183.7 179.2 174.7 170.9 165.6 162 160.7 159.8 160.4 160.1 160.5 160.9 160.7 160.7 163.3 164.7 160.9 156.4 150.8 141.9 134.3
372.3 370.4 367.7 369 369.3 370.8 372.4 371.9 368.9 365.4 363.1 362.4 357.3 350.4 350.2 348.4 345.3 342 336 326.7 315.1 304.1 295.1 297.1 297.1 293.3 286.1 282.7 280.6 280.7 281 281.1 279.1 274.1 266.9 259.4 251.6 243.2 236.5 229.2 225.1 220.2 215.8 214.3 215.5 214.9 211.2 206.2 204.7 206.8 204.9 201.5 196.3 192.9 193.4 190.9 190.9 190 187.7 184.2 178.5 175.4 171.3 165.6 162.7 160.9 161.2 161.3 161.1 161.5 163.1 162.8 162.8 163.6 161.1 158 154.9 151.2 138.1 136
367.2 370.1 365 366.5 366.6 367.1 369.9 367.7 366.2 362.3 359.2 354.9 346.8 344 343.8 342.3 339.5 335.8 329.9 320.9 307.5 297.8 292.9 288.9 286.5 281.9 279 276.2 275.3 273.9 272.7 273.7 271.8 264.7 256.8 249.4 243.3 236.6 229 221.3 216.7 213.3 211.6 209.8 208.9 208.2 204.7 198.6 198.2 199.6 198.5 196.3 193.5 193.3 193.5 191.5 190.3 189.2 186.8 183.9 176.8 174.7 171.1 167.3 162.9 161.8 161.3 161.3 163.1 161.9 161.2 161 162.7 161.5 158.5 156.5 155.6 148.3 139.9 135.4
362.5 362.9 362 365.9 366.6 363.9 363.5 364.3 362.2 358.3 356 347.1 337.9 334.3 334.2 333.6 331.4 327.7 322 313.5 300.7 288.9 284.8 281.8 278.9 274.2 272.8 270.7 267.7 263.1 262.6 262.8 263.3 253 247.2 241.7 234.7 227.3 221.4 215.1 210.2 207.9 206.4 204.8 201.4 201.9 197.8 193.3 193.9 193.5 194.5 193.2 190.3 191.4 191 188.5 186.2 184.2 182.2 180.5 174 173.4 170.5 168.6 164.9 162.6 161.9 163.3 164.2 162.8 160.6 159.6 160.4 158.9 156.9 153.3 149.6 143.5 138 132.1
363.7 359.3 361 359.6 364.2 360.4 360.1 360.3 358.9 355.4 344.1 335.5 327.8 323.6 322.2 320.9 318.1 314.5 311.2 305.6 296.1 285.4 278.2 276.7 272.2 271.3 270.4 267.9 264.8 260.6 259.6 259 256.2 249 240.9 233 228.1 223 216.5 209.1 203.1 200.7 198.3 198.3 195.5 194.9 192.6 190.6 189.5 188.8 189.8 190.4 189.2 188.4 185.3 180.3 178.6 177.7 175.6 173.2 171.1 172.2 169.4 167.4 165.8 163.7 163.7 163.6 163.1 162.2 160.5 157.4 154.5 155.1 154 146.5 138.5 136.4 131.6 129
