app/static/ascii/NH31.asc
ncols 200
nrows 200
xllcorner 230000
yllcorner 810000
cellsize 50
[rows 140 to 174 of 200, columns 78 to 155 of 200]
369.7 366.8 361.8 366 378.6 377.9 372.4 368.6 365.4 360.3 370.1 369.5 364.1 360.5 365.4 371.9 376.1 382.3 380 375.6 374.5 378.6 386.8 391.8 393.5 398.2 399 397.2 403.1 412.6 419.2 422.5 434 440.9 440.6 438.7 441.7 444.2 446.2 449.8 454.4 465.6 483.6 486.9 490.3 489.4 489.1 489.1 489.1 489.1 489.1 490.3 499.8 513.3 511 510.1 518.2 519.5 521.7 526.5 542.7 559.5 567.2 569.6 576.9 580.5 578.4 572.6 568 561.5 548.9 539.7 526.9 511 499.5 493.8 487.4 481.1
379.1 375.2 370.4 378.1 388 390.1 382.5 376.6 373.7 370.9 372.8 374.6 371.3 369.8 373.8 380.4 388.2 390.8 387.6 389.6 403.2 410.8 412.1 417 415.2 415.2 416.5 421 427.3 433.4 435.9 438.2 437.6 445.9 447.3 447.9 456.4 457.6 456.4 457.5 459 470.6 487.3 491.5 490.3 489.1 489.1 489.1 489.1 489.1 489.5 490.2 495.5 501.3 505.6 509 520.5 518.9 519.5 523.5 537.5 550.9 559 567.4 571.2 569.8 566.1 562.7 561.4 553.8 544.5 534.3 521.8 503.2 493.8 489 479.6 470.9
391.5 388.6 385.6 389.9 397 395.4 390.3 386 382.9 378.9 379.4 382.3 381.9 380.5 381.7 387.8 399.1 403.8 405.2 418.1 429.9 436.2 432.7 437.3 438.7 436.7 435.4 436.4 439.2 448.1 450.4 450.9 448.2 450.4 454.6 456.7 468.6 473.9 469.9 466.4 469.1 481.2 493.1 495.7 491.7 489.1 489.1 489.1 489.2 493.7 496.3 492.6 496.8 499.6 503.5 510.1 518.4 519.3 516.8 520.3 531.3 543.4 551.4 560.3 568.2 562.6 552 550.3 546.7 543.6 537.5 525.9 509.7 493.6 484.7 479.6 472.7 464.3
405 401.8 402.6 407 405.4 406.4 403.1 397.7 391.2 387.4 387 388.6 386.9 388.2 393.2 406.4 416.2 427.7 439.2 448.4 455.9 458.6 456.8 450 454.6 453.6 454.7 449.3 455.2 461.4 463.4 463.1 464 467 464.2 468.2 479.3 483.6 481 476.6 478.7 492.7 505.7 504.4 497.3 490.1 489.1 489.5 490.6 496.8 499.7 499.5 499.7 500.6 502.1 507.2 512.3 512 511.9 518.3 530.1 538.9 546.3 552.8 561.5 560.9 552 542.7 536.2 531.5 525.9 511.8 497.1 484 476.7 469.7 464.2 457.5
415.9 415.7 416.3 421.7 419.6 418.1 413.4 408.7 401.5 397.5 401 398 403.4 412.9 425.9 436.7 450.5 459.9 466 473 479 470.6 466.4 471.6 468.2 468.6 470.9 468.1 467.3 467.2 480.8 481.4 474.8 476.3 476.3 481.8 487.5 492.7 491.8 489.2 493.1 504.1 511.3 511 506.5 499.6 494.2 492.7 496.5 499.6 499.2 499.4 500.6 500.8 500.2 501.5 509.7 508.2 508.9 517.1 528.7 536.4 541.2 545.1 555.3 553.8 546.1 539 534.4 526.6 516.3 505.6 492.4 480.2 474.3 468.3 460.8 450.7
435.3 438.5 437.3 440.1 434.4 427.8 420.5 415.8 408.8 405.3 406.6 411.7 424.5 434.5 446.9 458.4 469.5 476.1 481.2 483.6 481.8 481.1 486.3 490.2 484 485.7 484.5 482.5 484.1 495.7 498.5 492.3 485.7 489.5 485.3 489.9 502 508 506.5 507.3 507 511.8 516.5 515.8 511.8 509.4 504.5 500.8 502.4 501 499.6 500 500.8 500.6 499.9 499.2 502 502.8 505.8 515.1 524.9 531.6 534.3 536.1 539.9 541.8 540.3 536.9 535 526.5 513 499 486.1 476.3 469.7 464.7 457.5 447.1
459.2 461.7 458.4 451.4 443.8 433.7 424.9 419.4 416.5 421.2 428.1 436.1 447.8 458.7 467.8 478.1 483.2 483.7 484.5 488.4 494.8 502.5 504.4 500.8 501.3 499.9 497.8 502.7 511.4 517.5 516.2 508.4 508.1 511.8 505.6 512.5 519.6 519 518.9 524.6 528.9 528.6 525.5 522.3 516.6 512.6 510.9 509.2 508.2 501.4 499.7 500.7 500.4 498.9 499.8 499.2 500.4 499.7 503 512.3 521.6 527.8 527.3 528.7 531.3 534.5 533.3 534.1 532.5 522 508.4 495.1 480.8 471 465.4 460.8 450 439.3
480.5 476 463.3 455.6 447.6 434.1 425.5 424 434.8 444.2 448.1 455.3 464.5 474.9 482.6 487.7 488.2 499.3 504.6 512.3 519.5 517.9 515.3 517 516.6 514 515.4 529.5 535.1 537 535.7 529.7 528 525.1 520.8 522.8 529.7 530.1 532.9 539 541.1 537.3 533.9 531.3 519.4 512.1 509.8 510.9 508.9 502.2 498.2 498.2 497.9 496.8 497.1 497.2 498.8 499.7 503.6 511.8 518.9 522.4 522.6 522.1 522.6 526.5 528.5 529.5 525.5 515.6 501.9 491.5 478.4 467.1 458.3 449.5 438.4 432.7
484.5 474.7 464.3 456.7 446.2 435.1 428.9 436.8 445.3 451.7 458.3 463.9 472.3 481.2 491.8 502.3 511.6 517.1 520.9 526.6 532.6 527.4 525.1 529 530.8 532.5 536.8 547.2 552.6 551.9 549.4 545.7 540.6 535.5 530.9 532.4 543 541.3 546.2 548.6 545.4 540.5 536.6 532.4 518.4 510.7 501.8 504.8 500.5 494.7 492.4 493 493.3 491.9 491.7 491 490.4 495.4 503.6 509.4 515.4 516.6 517.7 516 516.7 519.8 524.8 530.7 525.2 514.5 502.2 491.5 473.8 460.3 447.9 439.1 429.1 429.3
477.3 470.2 461.8 456.3 448.6 440.3 442.2 448 449.8 458.6 463.4 466.5 476.9 489.1 504.7 515.6 523.8 526.5 531.1 538.5 540.9 537.4 535.6 539.6 545 548.8 553.2 564.5 566.7 563 560 556.3 552.1 542.7 549.3 552.6 556.7 550.9 554.3 551.3 546.4 540.9 536.4 528.1 508.9 503.4 497.4 494.4 489.7 488.8 487.8 488.5 488.8 487.1 486.2 486.4 486.8 493.7 501.2 507.8 509.5 509.4 511.5 510.9 510.7 513.3 519.9 524.3 519.4 510.5 497.7 485.4 468.8 452.8 443.3 432.5 425.8 425.7
473.1 467.7 458.5 453.4 452.6 449.9 452 454.9 454.8 459 468.8 476.2 488.9 501.5 515.3 522.8 526.7 530.8 538.7 546.3 550.7 545.8 543.8 547.6 554.8 560.6 565.3 572 570.6 568.4 568.2 565.7 558.9 549.6 560.1 559.5 560.3 553.7 553.2 549.8 542.9 537.5 530.5 517.2 499.3 492.4 489 486 483.6 481.8 482 482 480.5 480.9 480.6 481.3 483.3 491.4 497 502.2 505.4 505.1 506.2 505.4 505.5 509.6 518.3 519.3 515.2 505.7 489.8 478.6 462.9 447.7 436.7 427.1 424 421.8
464.7 459.8 459.1 460.5 456.5 455 456 458.1 458.9 466.3 475 482.5 492.3 503.3 518.3 523.4 526.6 533.6 541.8 547.4 550.3 548.9 551.1 554.8 560 564.9 570.2 571.4 573.7 578 578.5 574.7 560.8 558.2 561.5 561.7 560.8 555 547.9 542.1 530.5 524.9 521.8 504.4 485.7 480.8 480.6 480.3 477.9 475.9 477.9 473.7 468.9 468.2 470.2 473.2 479.7 485.7 492 497.1 501.1 500.9 499.5 498.7 502.1 509 520.7 519.5 511.5 496.7 483.5 468.6 455.5 443.1 427.9 423.2 421.4 418.6
471.8 466.8 461.9 468.7 463.3 465.3 464.1 461.8 465.9 473.8 479.3 488.7 495.7 508.8 515.9 521.4 526.2 533.7 543.2 548.3 551.3 549.4 557.9 561 563.4 567.3 570.4 571.7 577.1 585.4 588.6 578.6 564 560.8 561.4 561 560.7 557.2 548.3 534.6 521.4 512.2 502.8 491.3 475.2 473.5 474.3 472.1 471.6 470.3 465.6 460.7 458.7 460.2 462.4 468.2 474.3 478.9 483.9 491.5 498.6 492.9 493.2 494.5 500.4 507.2 519.8 514.2 507.3 490.6 476.9 460.3 447.4 436.8 419.2 416.9 418.3 412.4
484.5 480.1 467.5 471.8 469.7 471.1 471.3 469.7 474.5 483.1 486 494.7 502.9 510.9 513.6 519.3 525 531.4 542.7 549.6 555.2 557.4 564.3 567.6 566.1 569.7 575.2 573.9 577.3 589.3 587.8 581.1 566.3 560.5 560.7 558.1 555.3 550.7 546.5 532.3 514.9 505.3 494.8 480.9 468.7 468.4 469.1 467.7 464.8 463.5 459.2 455 453.4 455.5 458.3 464.8 468.4 470.3 476.2 481.3 486.4 486.9 489.8 489.8 500.8 510.9 510.4 506.4 499.3 485.2 471.8 457.1 441.7 424.1 409.4 410.3 411.4 409.2
487.8 481.9 470.8 470.8 472.5 478 478.3 478.5 487.8 498.8 497.2 506.4 510.9 513.1 514.7 519.4 526.5 535.2 543.9 550.8 553.8 559 565.6 569.9 566.8 568.6 575.1 574.5 580.2 586.7 579.4 572.3 560.5 558.9 554.4 550.5 546.7 541.7 536.2 527.6 514.4 504.4 487.8 475.4 465 464.5 465.6 467.6 463.6 460.5 455.8 452 449.8 451.9 457 461.9 464.5 466.9 470.3 474.2 476.3 480.7 482.5 485 493.2 504.5 505.7 500.6 489.8 475.9 464.3 453 439 414.9 408.9 411 411 410.2
486.1 480.6 476 470.1 476.1 479.9 483.3 487.2 499.1 504.1 504.5 511.2 512.5 515.9 517.5 521.9 531 538.2 545.6 551.6 553.3 558.2 566.2 570.4 567.5 566.5 571 573 578.1 578.8 567.3 556.4 552 550.6 546.3 542.1 538.2 531.7 525.7 515.5 505.2 491.7 478.4 467.7 464.4 464.4 462.4 462.6 461.2 459.3 455.9 449.3 445.9 445.6 449.4 458.5 462.4 463.7 464.2 468.2 470.3 473.3 479.6 479.4 485.9 488.2 486.5 486.9 478.5 470.6 459.6 446.2 427.2 412.7 409.8 409.6 410.6 406.2
481.5 480 484.4 477.7 479.5 485.9 487.7 492.4 500.7 507.1 510.2 511.9 513.9 517.4 520.9 524.3 531.4 543.8 551.2 551.8 552.8 561.1 569.1 569.2 569.5 567.3 566.5 569.8 580.1 570.9 552.2 547 548.2 545.7 542.9 536.7 530.7 523.9 515 504.7 490.4 478.6 469.9 474.1 471.6 462.9 460.5 459.3 457.1 456.9 450.2 445.1 441.2 441 444 453.4 459.1 458.6 459.5 461 464.1 469 475.1 481.8 489.1 482.6 478.4 479.2 478.1 467 454.4 442.1 424.5 408.2 399.8 408 406.1 400.1
482.3 481.5 483.9 481.9 485.4 490.6 493.8 499.2 501.1 508.8 510 510 511.2 516.4 520.1 524.6 529.8 543.7 549.4 545.6 555.7 564.2 569.3 572.5 571.1 567.5 569.4 576.6 575.6 564.4 547.8 548 548.9 545.6 541.7 534.9 531.6 524.7 508.8 501.8 488.4 475.2 473.7 478.8 475.5 466 462.1 459.7 457.3 451.3 444.9 439.7 440.9 439.3 440.4 447.7 452.3 450.6 448.5 451.5 457.1 464.2 474.7 483.8 485.5 478.5 472.6 469.2 470.1 463.6 452.9 439.8 421.3 404.1 394.6 397.4 398.6 390.5
486.5 490.4 488.2 490.6 494.4 497.2 500 503.4 504.5 506.1 507.1 509.3 513.1 516.9 520.8 525.1 528.5 532.8 539.9 547.2 556.1 563.6 568.8 568.7 565 558.7 558 560.7 561.5 551.2 543.3 540.3 540.7 537.7 530.6 523.4 518.1 510.6 502.3 494.6 483.3 472.2 477.4 484.8 481.1 474.3 463.8 457.4 453.6 448.4 441.8 437.9 439.2 440.2 440.9 443.7 444 442.4 441 445.9 454.9 466.7 473.9 477.2 477.5 474.8 469.1 463.3 459.6 456.7 445.9 435.4 417.5 400.3 389.8 390.3 389.9 387.4
486.2 492.1 498.5 502.3 505.7 509.4 511.3 513.6 514.5 509.5 511.4 516.4 521.8 525.8 527 529.7 529.3 533.6 534.6 545 552.3 558 560.4 559.2 556.9 548.3 549.5 547.8 543.9 539 535.8 531.2 529.3 522.5 518.2 514.5 509 499.3 490.9 486.2 477 471.2 478.5 488.3 482 475.4 468.4 459.4 455.1 449.6 440.3 435.8 433.4 436 438.7 436.9 435.9 435.3 435.7 441.7 450.6 463 466.8 469 463.4 467.7 461.6 452.1 451.4 447.6 441.7 429.4 413.6 396.2 388.2 390.1 386.1 383.9
495.2 502.3 509.4 510.5 511.6 515.8 517.5 518.1 517.7 514.2 515.3 514.2 527.3 530.9 531.1 531.1 532.4 531.3 529.6 537.3 542.2 546.4 552 552.6 547.5 536.9 536.9 532 528.3 529.4 528.7 526.9 522.9 520.4 512.1 508.2 499.9 488.8 480.4 477.6 472.3 470.2 473.5 478.3 476 471.3 467.2 462.3 456.7 451 438.8 433 430.5 428.1 428.9 429.1 428.8 429.5 432.5 438.4 445.7 454.4 457.7 454.5 452.2 456.3 452.4 438 439.6 442 432.3 419.4 407.3 391 387.1 387.5 379 381
500.4 505.1 506.6 509.4 513.6 515.9 516.4 513.7 513.7 513.7 513.7 513.7 522.9 531 531.1 528.2 524.1 519.5 520.2 525.5 532.2 539.2 551.1 551.1 542 531.7 528.1 528.1 528.1 529.7 533.8 530.7 524.7 520.4 509.3 499.9 491.2 476.1 468 467.8 468.8 468.8 470.6 470.9 469.2 464.1 461.7 459.8 454 446 436.5 431.1 432.4 427.7 422.5 422.1 422.8 423.1 427.6 436.4 446.2 448.1 450.9 447.6 438.3 438.2 437.6 422.9 425.3 423.7 415.2 402.5 395 383.6 380.6 378.6 370.3 370.8
500.1 507.5 518.1 523.5 526.4 525 520.4 515.4 514.7 514.6 513.7 513.7 517.9 524.7 525.7 518.9 516.3 514.9 515.3 520.2 525.8 533.1 538.7 537.4 532.1 528.9 528.1 528.1 528.1 527.4 526.2 527.8 523.4 516.1 505.3 493.1 482.4 470.9 467.3 460.6 466.4 469.2 470.9 471.5 467.5 458.9 454.4 454.3 450.6 442.4 430.8 429.6 430.6 426.5 420.8 414.7 415.2 417.5 420.2 427.9 436.6 440.5 444.7 443.3 436.6 423.3 416.1 413.8 413 410.8 404.1 389.5 382.1 375.6 372.1 368.3 363.4 361.7
511.5 519.4 530.4 534.8 532.4 528.3 523.5 519.2 522 522.8 518.6 519.5 520.3 521.5 521.4 513.9 509.6 511.6 514.3 519.3 521.8 523.8 527.9 531.5 531 535.1 538.1 537.2 533.4 524.8 522.2 517.1 516 513.8 508.5 493.3 481.9 473.3 464.6 460.3 463.9 468.3 471 471.3 466.5 455.6 447 443.3 441.2 437.4 429 430.5 429.4 425 417.9 410.6 406.9 407.9 410.8 420.3 426.6 429.6 433.7 435.7 433.9 424.1 411.1 402.8 399.2 396.8 392.4 378 368.8 363.9 358 357.7 360 355.9
515.6 518.9 526.9 529.2 525 519.7 520 521.2 522.1 519.7 518.8 518.8 519.2 519.8 514.5 507.7 506.8 508.5 515 519.3 522.1 525.4 530.1 535.4 544.8 546.9 540.3 539.7 534.6 531.7 531 529.9 515.3 506.3 501.2 490.1 478.6 469 460.7 460.7 463.6 464.4 465.9 466.8 459.7 450.1 442.6 436.3 431.9 430 429 429.6 427.2 421.1 414.5 407.1 402.5 399.7 400.7 411.6 415.3 416.4 419.6 417.6 415.3 407.3 402.8 398.8 391.1 383.1 377.9 367.8 358.4 354.7 348.6 348.2 358.5 353.8
504.6 513.1 515.9 517.7 517.7 513.4 514.9 516.8 515.8 512.1 510.3 509.5 515.7 514.8 506.5 501.8 503.5 506.7 511.3 518.2 523.7 527.2 532.5 539.2 540.4 539.1 537.4 537.8 537.7 533.7 531 529.1 520.5 509.3 498 487.8 472.9 462.1 459.4 461 462.3 460.1 457.6 456.9 450.5 444.5 437.1 430.9 426.8 423.9 423.2 424.2 420.7 415 408.1 402 396.8 389.7 393.9 399.8 402.8 404.3 407.2 407.9 406.8 397.9 388.2 388.3 385.1 375.7 363.2 356.6 348 344.2 339.9 347.2 355.1 349.2
502.1 508.5 506.8 510 511.2 509.8 511.3 510.2 507.8 503.7 503.1 504 508.5 506.6 497 496.6 500 503.1 506.8 513.4 521.7 526.9 533.2 537.4 537 535.1 535.7 538.2 537.8 535.7 533 528.4 518.4 506.7 494.7 482.6 464.2 454.5 453 452.7 456.9 456.2 454.3 450.4 444.8 439.2 433.8 426.5 422.4 419.9 420.3 418.8 415.3 409.3 402.6 395.8 390 384 387.1 390.5 390.9 391.8 394.6 394.4 396.5 390.5 381.6 376.4 374.3 370.2 359.9 348.3 337.6 334.8 334.5 344.2 345.9 340.7
504.4 509.2 510.5 511.6 510.5 507.2 506.5 502.9 498.4 494.3 498.2 499.5 500.2 494.1 487.4 493.5 495 499.4 502.4 507.4 512.6 520.6 527.4 529.8 530.5 530.1 532.9 536.7 537.3 533.5 526.8 519 513.3 503.7 490.8 474.9 459.9 452.8 450.9 449.8 449.3 449.8 448.5 448.6 442.1 436.6 431.8 424.3 419 419 418.4 415.2 412 405.8 399.4 392.9 383.8 380.8 382.1 383 378.9 378.8 380.2 377.4 379.7 380.2 374.2 371.2 371.7 368.2 358.6 344.2 329.8 326.3 325.8 337.3 334.2 330
505.8 512.3 514.9 515 510.9 505 497.3 492.3 488.1 486.1 487.5 486 485 480.2 478.1 484.8 487.9 493.2 494.8 497 503.9 512.1 521.3 520.7 519.7 525.1 530.7 532 535.1 531 523.9 517.1 508.5 498.2 486.6 472.9 456.5 459.8 453.2 449.4 446.3 443.4 441 438.5 439.6 433.2 430.4 422.8 417.8 414.7 413.7 411.5 407.9 402.7 396.3 390 380.3 378.8 377.2 375.2 372.6 370.7 367.9 367.5 370 368.2 366.5 369.8 368.3 363.5 353.4 340 327.2 317.7 318.9 322.8 322 319
503.3 505 505.3 505.7 503.9 501.3 494.6 490.7 488.7 479.9 478.3 475.8 473.2 469.7 472.6 476.1 478.9 482.1 485.5 489.2 495 503.2 511.6 511.1 518.8 522 525.4 528.9 528.6 523.7 517.1 510.1 502.6 492.4 480.6 467 456.9 459.9 453.5 449.1 445.5 441.8 438.6 431.2 429.4 428.5 423.2 418.9 414 411.9 410.5 407.7 404.2 401 394.6 387 380.4 375 371.1 367.3 367.3 366 363.2 360.7 366.2 361.7 362 364.8 363.4 359.6 351.9 338.1 325.8 315.1 306.4 308.8 308.9 307.9
497.5 501 505.9 507.3 504.2 500.8 491.6 487.4 482.4 476.7 470.9 467.5 465.5 465.4 467.2 470.5 474.2 475.7 478.9 483 487.9 493.2 497.3 500.6 516 518.1 519 521.4 517 511.6 506 498.2 491.8 484.7 473.8 461.1 456.5 455.7 450.6 448.9 449.4 445.9 442 436.3 429.8 426 420.2 413.4 411.3 410 406.7 403.1 400.4 400.8 389.7 383 374.4 370.9 363.4 360 364 363.7 360.4 356.7 357.8 354.9 355.6 359.8 359.3 356.5 349.3 337.2 324.5 312.6 299.7 292.6 295.5 294.7
493.4 500.4 500.2 499.6 496.7 490.4 486 480.4 476.8 474.1 470.2 465.4 463.1 462.2 464.5 467.5 468.7 471.9 475 477.6 481.1 483.7 487.2 498.1 506.9 511.8 513.6 511.2 507.3 499.8 492.2 484.8 480 476.1 468 455.5 454.4 453.4 449.6 450.2 450.6 450.6 446 440.6 436.8 431.9 421.8 411.4 409.5 405.6 402.4 400.8 395.2 389.5 383.7 375.6 367 362.3 355.4 352.4 360.7 361.4 360.8 349.3 342.1 342.5 342.1 342.6 350.2 349.1 344.7 333.2 320.6 306.9 292.2 282.9 284.1 286.1
489.4 493.9 491.3 489.5 488.1 486.5 482.5 478.1 474 471.6 467.3 463.1 461 460.6 459.6 462.4 465.3 467.9 471.1 473.4 475.4 477.2 481.5 490.5 496.3 499.3 501.7 499.9 498.3 491.5 481 476.5 469.5 464.8 459.5 451.3 452 451.7 451 450.6 450.6 450.3 446.2 441.8 439.1 430.9 417 408.9 405.4 401.2 398.7 395.9 389.2 386.4 374.9 364.2 361.2 354.8 349.6 345 348.9 351.5 350.5 342.3 336.7 328.3 323.4 325.3 327.8 333.8 334.1 320.9 308.2 295.1 286.8 276.2 270 276.9
486.4 489.5 488.9 488 485.7 484 480.2 475.7 472 468.3 464.2 459.9 457.2 457.2 454.7 457.8 461 465.6 468.9 470.2 472.2 472.1 477.7 485.9 489.3 487.7 488.6 488.9 487.2 480.4 473 468.3 462.8 455.4 449.9 447.4 450.1 450.8 452.2 450.7 450.6 447.7 443.6 439.7 432 415.8 408.4 405.4 402.1 398.8 394.7 389.5 380.5 372.4 370.3 370.2 367.3 360.1 349.8 339.9 333.4 336.5 338.6 337.5 333.7 321.4 312.3 308.8 308.1 307.7 302.2 296 290.2 281.7 279.3 269.3 265.2 262.4
482.6 485.2 487 488.6 483.8 481.9 477.7 473.4 469.2 464.4 460.2 455.5 450.2 449.2 448.2 452.2 458 461.2 464.4 466.5 465.6 470.6 476.8 488.7 489.5 485.5 480.1 475.7 471.2 467 464.3 459.3 455.7 448.4 442.5 445.6 449.4 450.8 450.2 447.2 444.9 441.3 437.2 432.1 423.5 407.8 404.8 402.4 399 395.9 392.5 387.1 379.7 376.9 372.6 372.1 370.2 363.5 351.5 338.6 331.5 328.9 333.4 332.2 328.1 314.7 306.2 297 287.2 281.3 278.4 275.9 275.7 268 266.4 261.8 258.9 253.4
