app/static/ascii/NH33.asc
ncols 200
nrows 200
xllcorner 230000
yllcorner 830000
cellsize 50
[rows 35 to 69 of 200, columns 0 to 78 of 200]
194.6 205.5 216.2 231.2 259.3 279 284.2 285 290.9 304.4 315.4 332 329.7 337.7 348.9 377.1 390.1 398.9 402.4 413 415.2 420.7 417.2 420.3 423.7 424.4 423.6 420.8 416.6 415.6 391.2 379.6 368.3 380.1 370.3 347.5 339.2 332.8 324.1 309.3 313.9 290.3 282 282.6 289.5 292.1 283.4 274.6 277.1 281.5 280.5 276.5 271.5 270.4 269 266.4 265.4 266.7 275.5 280.9 289.1 294.9 303.1 303.9 310.3 316.5 318.3 322.6 321.6 327.2 315.6 311.2 308.2 302 295.6 293.5 291.7 291.9 293.2
220.2 235.7 254.6 272.9 305.9 318.2 322.7 322.3 329.3 339.1 346.6 358.7 363.3 371 384.1 409.5 415.2 423.7 424.9 433.8 437.4 438.6 438 441.3 437.6 439.7 436.4 423.7 411.1 391.2 383.5 372.7 359.9 351.6 347.7 345.2 343.7 330.4 314 306.2 297.4 287.7 282.3 281.6 279.8 278.2 278.3 277.7 282.9 285.8 286.3 283 284 284.7 279 270.5 271.7 279.4 286 295.2 302.7 308.4 316 319.8 327.8 335.5 338.6 339.6 331.1 331.2 326.3 325.7 321.7 314.3 305.9 300.3 297.5 298.9 295.2
258.8 279 297.8 318.5 349.1 360.7 364.8 364.1 359.7 370.9 384.5 397.6 405.1 408.8 420.1 441.5 441.9 444.7 445.3 450.5 453.3 456 454.8 458.5 455.9 447.7 440.6 414.3 398.6 379.2 383 376.1 366.9 353.2 338.9 328.3 334.8 332.7 312.1 294 283.5 284.2 279.3 278.2 278.1 277.7 278.8 281.2 294.9 300.5 308.2 303 304.8 304.3 294.2 280 285.1 294.2 303.2 309.3 315.8 321.8 326.9 336.3 345.5 350.3 354.5 353 341.9 333.5 328.3 334.2 337.3 331.4 318.4 313 302.7 300.6 297
292.4 315.8 339.2 362.7 374.5 381.5 387.1 388.9 394.8 407.7 431.2 434.3 427.2 433.5 450.1 465.8 460.7 455.1 455 460.7 460 457 457 454 454.9 453.5 431.4 406.2 391.7 381.6 364.7 367.1 353.9 349.7 329.5 333.6 317 307.5 296.1 287.8 288.6 280.5 279.5 278.9 278.3 280.8 288.8 294.8 297 292.9 294.5 297.4 302.2 305.5 301.2 287.6 297.9 304.9 313.8 319.4 326.6 335.7 340.8 349.3 353.2 356.6 364 365.2 360.7 354.3 340.9 339.6 338.3 331.2 321.2 318 313.4 306.3 305.2
326.1 341.3 360.3 382.2 389.9 398.4 403.6 418 428.6 445.8 456.2 457.2 457.7 460 475.6 482.2 476.9 463.5 463.4 468.4 466.1 462.2 456.5 447.5 436.8 430.5 415.1 391.5 371.7 366 354.1 345.7 336.1 331.8 318 313.5 306.3 297.9 290.6 285.8 284 281.4 280.1 279.3 278.3 283.6 291.5 302.8 305.2 293.2 294.6 295.2 295.5 295.3 291.1 290.5 302.1 315.6 321 330.5 339.1 345.4 350.2 360.8 369 375.4 379.3 379.1 382.8 372.4 359.9 358 354.3 346.7 343.2 334.6 323.4 313.7 309.2
351.9 366 388.2 393.9 400.9 413.2 428.6 440 450.4 467.4 478 475 471.6 473.9 485.2 487.9 485.9 477.6 475.2 478 480 479.6 469.2 453.9 438.9 422.9 414.4 390.3 367.6 357.4 352.1 344.8 339.6 326.9 317.7 311.4 308.2 302 293.7 285.8 283.9 283.3 283.9 285.7 283.4 287 297.2 302.7 305.3 296.9 295.1 296.5 296.4 296.5 294.2 304.2 305.5 322.6 331.2 338.7 347.2 353.6 360.8 369.4 380.7 387.6 391.2 390.1 393.2 390.3 375.7 376.1 364.6 355.4 348.1 341.5 334.8 322 325.3
384.3 397.4 416.7 415.9 417.3 425.1 449.6 459.5 467.8 492 496.2 486.6 480.8 480 490.8 492.1 488.2 484.5 482.9 485.3 483.2 480.8 470.1 459.2 453 436.6 418.3 396.7 372.8 363.5 354 346.2 341.2 329 318.4 315.5 315.9 302.6 291.4 288.3 288.6 289.8 289.9 294.5 301.6 305.3 302.8 299.4 298.5 296.1 296.1 298.5 299.2 299.4 306.1 315.3 314.9 329.3 340.4 346.1 355.6 363 372 380.2 388 397.1 402.3 401.6 404.1 397.9 385.1 381.2 370.8 366.3 356.8 349 341.5 341.6 350.7
412.8 437.4 450.5 450.4 448.5 453.7 469.6 475.2 483.4 508.4 507.9 495.3 484.2 484.7 493.9 496.6 490.1 485.3 485.4 483.4 481 477.5 468.3 457 453.6 439.6 414.8 404.9 389.5 378.5 370.3 352.6 340.8 331 325.6 321.7 310.1 298.3 295.2 295.7 296.9 295.5 295.6 308 314.5 310.2 302.7 299.3 297.7 297.4 299.1 301.6 305.1 306 315.6 324 329.9 327.7 346.7 354.6 363.5 371.1 379.7 389.3 395 400.8 409.1 408.6 406.6 397.4 395.2 389.2 381.4 374 366.1 358.5 361.6 367.1 367.1
441.4 456.4 463.7 466.4 465 477.3 493.6 492.6 499.5 521 520.5 508.3 494.1 492.4 501.9 505.8 495 483.3 481.7 478.7 475.3 471 460.8 447.6 442.2 432.2 416 412.1 401.3 393.9 377.6 362.2 350 339.7 328.5 318 310.9 302 302.4 304.5 306.4 309.7 318.6 322.3 316.9 312 309 299.7 300.4 302.5 305.2 311.2 317.7 312.3 324.4 331.8 340.5 334.1 355.3 362.6 370.8 378.3 387.5 395.8 400.7 403.4 410.8 415.3 410.9 403.6 398 392.6 392.2 386.4 381.9 374.3 378.4 385.8 390.5
455.5 462.7 478.3 484.8 478.6 504.5 509.2 508.5 515.8 534.8 537.4 522.2 501.2 496.5 504.7 501.9 497.3 483.9 480.7 477.5 474.9 463.2 450.5 435.5 435.3 428.8 422.4 421.6 416.1 392.7 379.4 357.9 347 336.7 323.9 320.4 315.3 315.4 314.3 314.1 322.4 324.3 327 325.8 317.1 322.1 320.4 310.8 311.8 313.6 317.6 321.8 326.9 323.7 326 335.6 347.1 348.2 360.9 369.7 376.8 383.5 390.5 396.2 400.4 402.7 405.4 409.7 408 405.3 401.4 402.5 401 398.8 394.7 392.6 393.2 404.1 407.9
482.3 491.1 501 500.9 509.6 528 527.1 526.6 535.3 549.7 548.4 534.9 511.3 506.2 509 504.2 495.9 485.2 480.2 476.5 476.4 466.8 451.2 433.7 423.6 420.5 413.6 407.8 396.3 384 370.4 359.6 350 334.2 329.2 324.5 325.1 328.8 327.5 330.4 326.4 332.7 331.6 327.2 320.6 321.3 326.2 327.3 328.9 330 328.6 337.6 336.5 339.2 335.7 334 353.5 354.1 364.2 373.7 380.7 388.2 392.1 395.9 400.1 402.2 403.5 410 409.6 408.6 409.5 409.6 406.8 403.8 404.1 413.5 416.6 420.7 423.6
522.9 525.3 518.3 506.4 525.4 531.6 532.8 533.5 541.5 554.1 548.6 533.9 515.6 510.1 513.7 511.7 504.3 487 482.4 478.4 475.1 467.5 453.9 440.2 426 420.9 406.4 397.2 388.8 380.3 367.6 362.6 348.1 336.2 331.4 334.9 337.5 336.3 340.1 336.8 335.9 336.9 335.5 326.8 321.7 330.7 338 340 340.7 338.2 340.8 346 347.1 348 347 338.6 359.8 357.5 367 376.4 384.1 389.1 391.6 394.7 396.7 398.7 401.2 403.1 405.3 408.8 410.6 411.7 413.1 414.3 417.3 428.1 433.1 438.6 440.5
538.1 542.3 539.5 526.3 534.5 535.2 534.9 534.2 537.6 547.9 545.3 528.8 512.9 509.6 510.4 507.3 497.4 484.5 482.9 480 475.6 465.3 449.5 439.4 434.6 423.8 405.4 392.9 383.6 374.8 367.1 356.6 343.4 336 339.2 339.1 345.5 343.3 338.9 342.4 338.1 340 336 330.2 329.9 335.6 342.4 348 347.7 347 351.1 353.4 357.7 359.1 356 346.6 366.6 368.9 368.3 377.9 383.4 388.1 391 391.9 392.7 396 400.8 404.1 407.2 412.3 415.5 418.8 421.9 421.7 435.5 440.5 447.6 449.3 451.2
539.3 548 556 555.4 557.6 551.8 543.9 538.6 552.2 556.5 547.7 527 515.2 512.1 512.9 506.9 494.6 481.9 476.5 477.3 471.8 460.6 447.5 435.6 430.1 417 401.4 391.7 378.7 370.4 361.8 350.6 342 345.6 347.1 348.2 345.4 351.8 347.8 349.5 347.3 337.6 338.6 341.2 342.5 348.1 350.2 353.7 355 357.6 357.8 359.8 361.8 364.5 361.4 355.8 364.3 373.1 368.5 372.8 382 384.5 387.5 389.5 392.3 396.2 401.6 404.7 408.8 413.9 418.9 422.9 426.3 430.3 442.2 448.9 454.4 460.1 463.9
565.1 569.4 571.8 579.5 575.7 566.9 552.5 546.8 556.5 564 553.4 535.8 518.5 517 517.1 507.9 495 480.2 475.9 467.3 462.3 452.1 443 432.2 423.7 413.6 398 389 380.3 370.5 356.3 350.5 349.5 350.7 350.8 350.1 357.7 357.6 353.9 353.9 349.3 343.4 344.5 348 352.3 355.5 358.3 361 362.5 366.5 367.1 366.8 367.7 369.7 365.9 364.2 368 374 373.8 379.8 386.8 387.1 388.9 390.1 393.9 397 400.3 404.1 409 414.9 420.9 423.7 428.8 434.9 442.8 450.2 458 463.8 474.7
583.9 592.5 584.1 592.8 591.5 582.2 566 564.3 573.5 580.4 567.1 545.9 530.9 528.8 526.6 514.7 498.7 484.6 477.5 471.5 460 454.1 447.1 434.2 425.4 408.4 397.7 388.1 376.2 365 363.6 362.2 360.1 356.1 351.8 359.8 366.3 360.2 356.6 352.5 354.2 352.5 354.7 360.9 361.8 368.5 368.5 367.1 369 371.4 373.4 374.1 375.3 375.8 371.7 369.4 366.9 378.3 383.3 382.3 384.3 389.5 392.2 391.4 396.2 401.1 403.4 407.5 412 418.8 422.5 427 433.7 440.6 448.8 458.8 472.1 482.3 494.3
579.6 587.7 592.1 604.7 607.2 600.7 581.9 585.2 599.2 599.8 583.1 560.2 541.7 540.4 537.7 524.7 511.1 497.5 485.7 477.6 467 458.2 447 431.7 417.5 401.7 391.3 383.1 373.5 369.1 363.8 363.2 364.2 358.9 357.3 367.9 372.6 364.3 360.1 360 359.3 362 364.8 368.2 372.1 374.8 372.8 373.9 376.5 378.6 379.6 378.5 380.6 379.1 374.5 371.7 376.4 381.4 388.3 385.3 387.3 392 395.8 394.1 398.8 403.9 407.6 412.2 417.9 421.5 426.4 431.1 437.5 445.8 456.1 466 478.1 493.2 501.9
569 584 591.7 609.1 612.1 601.6 595.2 603.1 615.5 610.1 594 566.2 550.4 546.5 541.7 529.7 514.5 502.2 495.7 484.6 472.4 461.6 450.5 433.4 419.2 403.5 389.5 382.2 374.3 373.3 370.1 369.6 366.8 364.1 363.6 376.3 375 365.6 365.4 367 369.1 370.8 374.8 377.8 378.2 378.9 378.9 381.5 383.1 384.5 386.8 383.8 383.7 381.2 378 377.2 388.3 385.4 391.6 391.7 394 394.9 397.5 398.3 402.5 409.7 413.9 417.8 422.1 426.4 429.5 436 442.5 450.7 460.1 469.3 480.4 493.6 501.7
561.4 575.4 589.4 602.9 609.5 605.3 597.8 609.5 617.7 615.2 602.6 578.9 567.4 564.9 559.2 549.3 535.7 510.8 502.7 495.3 483.1 470.4 458.3 441.6 425.7 406.5 389.6 381.3 377.4 371.7 373.5 372.8 369.1 370.5 372.4 376.5 370.4 371.5 372.8 374.7 378.1 380.8 383.8 385.8 386.1 386.4 383.8 387.1 387.9 388.1 387.9 389 391.2 387.1 382.7 378.9 386.5 391.2 391.2 395.1 396.1 399.5 403.1 402.6 407.6 413.8 418.2 422.5 427.3 432.9 433.6 439.9 447.6 455.4 463.8 473.4 484.5 498.4 505.4
566.6 581.2 599.4 620.6 622.1 613.7 611.6 620 625.1 618.5 604.7 591.1 590.5 585.3 576.2 554.2 531.4 512.2 503.8 491.7 478.9 473.7 462.4 450.7 429.3 408.4 398.6 381.1 373.3 374.4 374.1 374.3 370.4 375.9 379.3 376.1 376.5 377.7 380.3 383.4 388.1 391 390.8 389.9 392.2 391.2 390.6 394 394.3 391.5 392.2 393.6 396.6 394.5 388.4 382.7 387 394.1 398.9 398.1 400.4 403.1 404.5 407.8 412.6 418.6 421.6 426.1 432.6 435.1 437 447.2 455.4 461.4 465.5 477.1 486.8 496.9 503.2
566 577.7 597.7 620.6 628.4 629 633.9 645.1 641.7 632.3 616.4 602.1 597.7 589.6 577.3 552.9 528.9 516.5 501.3 486.7 473.5 462.2 451.8 438.9 422.3 405.4 394.6 384.3 376.2 378.5 378.1 376.8 379.1 381 382.6 386.6 390.9 389.1 388.9 390.9 393.9 398.5 398.5 394.3 396.9 396.1 397.7 400.6 399.8 396.4 397.1 397.4 399.2 398.1 393.7 385.4 392 398.5 402.8 402.1 406 408.5 410.4 413.1 417.4 422 425 429.8 435.2 436.9 444.4 454.5 464 469.5 470.2 478.3 486.2 494.7 501.2
582.5 593.5 607 622.7 629.7 635.7 644.9 657.8 650.4 641.4 634.9 627 619.4 609.3 588.7 558.8 530.6 523.5 495.6 476.8 465.3 452 442.7 439.2 422.1 410.6 394.4 384.6 380.5 380.2 379.9 383.4 383.1 387 393.1 391.5 394.9 397.3 396.9 399 400.9 402.9 404.2 400.6 401.8 404.7 406.1 406.1 404.7 403.2 401.3 402.2 402.3 401.3 392.9 394.6 395.1 399.5 403.3 406.4 410.9 413.5 416.5 418.8 422.1 425.9 428.3 432.1 436.7 440.4 454.1 463.6 469.6 476 480.1 484.5 494.7 505 510.3
604.1 616.2 624.7 635.9 647 652.7 663.7 668.2 662.1 658.2 649.8 639.9 629.3 614.5 581.8 558.3 530 504.5 479.2 470.6 464.1 448.3 441.6 437 424 408.6 396.4 388.2 384.2 384.1 385.5 389.9 393.2 395.6 399.3 402.2 398.5 401.7 405.9 407.3 408.3 408 408.7 410.1 410.7 411.9 411.3 411.4 409.1 404.8 402.4 403.1 403.6 402.4 396.7 398.7 399.2 405.2 409.6 413.3 415.6 417.4 420.1 422.1 424.3 428.4 430 433.9 438 441.3 457.7 467.7 475.5 482.6 491.7 497.3 510.4 523 523.5
616.2 631.7 638.9 640.4 645.6 657.7 673.6 678 673.8 667.5 654.4 632.4 613 596.2 572.7 553.8 534.5 494.6 474.3 468.3 460.7 446.6 439.1 431.8 417.5 403.4 398.2 392.1 389.4 389.3 392.1 399.8 407.9 409.3 411.2 404.8 406.2 410.7 416.8 414.7 415.9 414.3 414.9 415.1 416 418.3 415.7 413.9 410.9 406.4 403.7 399.6 403.1 403.6 400.4 400.5 405.2 411.2 416.7 416.1 417.3 419.3 421.1 423.4 424.8 428 431.1 439.9 439.2 446.7 462.1 470.7 483.5 494.7 508 527.2 532.2 531.7 534.6
614.3 634.3 645 645.8 647.6 656.8 674.2 680.6 681.2 675.2 656.9 628.3 607.3 584.9 563.5 544.2 525.1 489.4 471.8 464 454.6 442.6 436.6 428.8 416.5 408.8 400.2 393.9 395.3 399.1 401.8 409 415.2 418.3 418.5 417.6 419.5 420.5 421.7 420.5 421.3 418.7 419.2 420.3 419.3 417.2 415.9 415 413.5 407.7 402.5 399.6 399.6 404.1 400.5 401.3 405.4 411.4 414.8 417.2 419 421.2 422.9 423.7 424.8 430.9 434.6 441.8 444.7 454.7 464.7 479.4 492.1 507.8 524.5 534.3 534.8 533.9 541.6
604 616.5 632.2 641.1 644 652.7 669.4 676.1 676.1 665.5 644.8 628.6 605.5 574.8 549.1 527.5 508.4 483.9 467 458 452.5 441.4 430.4 425.6 418.7 411.4 402.7 398.9 403.8 408.4 409.8 419.2 423.1 424.9 423 427.5 430.4 429.2 425.8 425 423.5 422.8 423 423.1 422 418.8 416.4 412.8 408.1 403.6 401.2 400.7 400 402.2 399.9 400 403.1 409.3 413.5 419 426 429.8 431.4 427.9 430.9 438.2 442.1 446 452.5 463.2 478 494.5 505.3 515.1 528 538.2 541.4 542.8 554.6
599.6 608.6 621.5 628.2 632.6 643.5 654.6 657.1 657.7 650.7 633.9 621.6 603.4 583.4 538.7 505.9 490.3 479.5 462.2 453.1 451.8 441.5 429.2 422.2 416.8 411.6 404.8 405.2 410.2 416.5 424.2 426.7 430.1 433.1 433.8 434.5 435.3 435.7 434.5 433.3 430.6 428.1 427.5 425.8 424.1 421.8 415.3 408.1 404.8 402.3 401.1 400.9 400.5 399.7 400.2 400.3 404.1 412 416.9 422.2 433 438.2 437.9 438.1 441.4 445 449.6 454 467.6 478.8 495.8 508.3 515.5 524.7 539.2 549.1 552 556.8 569.4
605 610.6 613.5 622.3 630.2 646.7 651.9 651.4 640.4 626.2 615.7 607.4 586.7 556.5 528.8 496.5 477.2 464.5 454.4 448.4 446.2 440.2 422.9 417 415.3 411.5 408.8 413.3 416.7 427.4 433.1 432.5 438 439.6 440.5 439.8 439.7 439.6 438.9 437.2 435.3 434 433.8 432.8 426.7 417.8 409.6 407.1 406.8 406.6 402.2 401.5 402.4 402.7 402.3 400.7 407.7 413.4 422.6 428 435.3 440.6 440.5 443.3 447 449.9 454.7 465.3 480.5 493.4 510.2 517.7 522.1 535.8 548.4 554.6 561.5 568.8 576
605.4 615.6 623 626.7 634.5 647 648.3 647.6 639.8 623.7 605 586.6 562.8 538.7 513.8 493.3 472.5 458.2 450.4 439.5 435.9 431.6 421.5 417 413.6 414.9 421.2 423 429.2 432.7 439.1 441.2 443.4 445.1 445.5 445.7 443 442.1 440.4 438.2 437.8 440.6 438.9 433.3 419.9 411.2 412.6 412.6 412.3 408.7 405.4 401.5 403.1 410.2 408.9 405.6 412.1 420.1 427.4 436.2 445 446.8 448.1 450.4 451.8 454.1 461.5 474.5 488.1 499.7 512.7 520.5 525.8 535.9 547.1 558.4 569.4 580.4 586.1
612.9 617.3 624.1 627.2 634.8 644.1 646.4 646.1 638 622.4 606.2 587.3 567.6 542.1 517.1 500.5 482.1 461 449.5 440 433.7 428.6 429.3 425.3 415.8 427 433.1 434.3 435.9 438.2 442.9 447 448.7 449.9 449 447.4 444.6 442.8 443.1 441.9 441.7 440.7 436.1 424.6 416.9 413.6 415.2 416.1 416.4 413.5 406.7 402.7 409.6 415.2 416 416.2 419.9 427.8 435.7 443.3 451.5 453.9 454.7 457.3 457.6 459.3 467 477.4 488.6 500.5 512.8 522.7 530 538 547.3 556.9 569 580.5 591.1
619 623 625.8 625.9 640.8 647.6 653.3 651.4 640.3 627.7 617.8 603.1 584.8 559.8 527.6 502.6 480.6 457.5 448 438.8 431.4 433.7 430.7 423.7 423.2 432.5 438.6 442 442.5 445.6 445.5 449.5 451.3 452.4 451.2 449.1 448.7 446 445.3 445.9 449.2 445.2 435.9 430.4 418 417.5 416.8 417.3 416.2 414.1 407.6 403.8 413 419.7 422.9 425.9 427.1 437.8 447.7 453.4 455.6 459 462.1 464 464 465.7 474.6 482.7 491.7 503.5 514.6 522.2 528.8 538.7 547.9 553.3 560.2 572.5 587.2
617.8 622.4 624 626.9 639.4 647.8 653.2 648.2 640.6 631.8 618.5 600.8 582.8 552 525.6 502.1 483.4 464.1 450.1 441.7 432.3 431.9 429.8 429 437 442 443.5 445.3 446.9 449.8 449.8 454.1 454.8 456 455.3 454 451.8 450 450.8 454.9 455.6 447.4 434.3 426.8 419.7 418.2 418 418.2 416.4 414.4 408.4 408 416.8 423.9 429.1 431.7 439.7 447.8 456.6 460.7 466 466.2 469.3 469.8 469.9 472.5 479.4 486.3 495.1 504.4 512.3 517.1 524.3 534.5 542 549.2 559.9 574.5 588.3
614.7 618.7 622 628.6 635.1 638.8 641.1 638.4 634.9 624.6 609 589.4 569.7 546.2 529.3 502.3 487 468.5 457.2 444.5 441.6 436.9 429.1 437 443.9 445.6 445.6 447.1 451 452.1 451.6 456.6 459.6 460.3 459.5 459.4 458.7 460.3 460.5 458.2 450.1 441.3 433 427.8 421.5 420.8 419.2 418.5 417.2 414.9 410.5 412 419.6 426.1 432.5 440.5 448.8 456.4 467.1 471.6 475.4 476.7 476 476.6 476.6 480.1 487.7 492.3 496.5 502 507.1 511.1 517.7 525.8 541.5 558 575.4 589.5 601
617.8 619.4 618.8 621.7 625.9 630.4 628.9 624.3 618.8 606.9 589.7 572.6 558.1 538.8 520.8 497.6 486.1 478.8 465.5 450.1 438.1 432.2 440.3 443 445.3 446.5 448.3 451.2 455.8 459.4 459.5 462.2 465.3 467.5 467.7 471.9 484.3 489.9 483.7 471.6 454.5 440.8 430.3 424.4 422.6 423.1 417 417.4 417.2 415.3 410.9 415.4 425.1 431.3 436.8 447.5 457.2 466.7 474.9 480.3 485.8 486.6 486.5 487.8 487.9 490 493.3 494.7 500.1 503.2 507.6 512.6 520.8 536 547.7 564.4 581.9 598.6 612.2
610.2 611 610.1 612.5 616.9 616.6 612.4 605.9 597 587.5 580.3 573.5 558.4 541.1 518.5 503.5 480.7 470.3 458.9 443.7 439.9 437.8 441 442.9 445.1 448.1 451.2 455 458.2 462.3 464.6 467.8 469.9 478.4 493.3 510.2 519.8 515.1 491.7 478.8 468 455.4 444 427.8 420.3 419.9 417.1 416.2 415.6 414.5 413.5 421.1 428.2 436.3 444.9 453.4 464.4 475.9 485.6 492.5 495.5 497.1 498.3 500.1 499.9 499 500.8 500.5 503 507.8 511.6 517.6 528.1 539.9 554.1 571.3 590.1 608.1 623.5
