app/static/ascii/NH34.asc
ncols 200
nrows 200
xllcorner 230000
yllcorner 840000
cellsize 50
[rows 70 to 104 of 200, columns 78 to 155 of 200]
465.3 461 457.2 453.2 448.7 448.8 451.9 452.9 451.5 451.2 452.5 454.1 454.7 455.7 456.3 458.1 462.4 467.2 469.6 473 477.7 481.5 487.9 492.3 499.1 503.7 508.7 514.7 524.8 535.3 544.7 552.4 557.5 562.9 564.7 563.5 561.2 562.5 568.4 575.3 588.6 598.9 608.4 613.3 614.5 615.3 611 605.5 610.9 626 614.5 605.7 593.1 576.8 571 568.2 566.8 566.1 560.3 555.5 557.3 558.2 558.6 556.7 548.6 542.5 540.7 540.7 540.7 540.7 540.7 540.7 544.1 546.1 545.9 541.3 535.8 532.4
459.1 456.4 452.5 450.7 452.2 455 456.7 457.5 457.3 456.8 458.3 460 460.9 461.9 462.8 462.4 465.4 468.2 473.4 476.4 482.4 489.3 495.6 502.6 509.6 515.4 523 534.2 546.6 563.9 576.8 587.9 590.5 588.7 586.9 585 580.6 573.9 579.6 592.2 610.1 623.5 631.1 632.1 636.9 630 626.5 619.1 615.5 616.7 617.2 616.1 606.9 584.9 586.8 593.4 587.9 579.1 571.8 567.6 564 562.8 573.5 570.2 559.1 550.6 545.7 540.7 540.7 540.7 540.7 543 548.5 547.5 545.3 541.4 538.7 537.1
457.7 456.2 453.4 453 457.9 460.5 462.3 463.2 463.8 464 465.7 466.4 467.3 468.2 468.7 465.1 468.3 475.3 479.5 485.4 493.2 500.8 507.1 512.9 526.9 533.9 544.6 552.6 566.8 583.9 595.3 611.2 615 602.8 603.4 601.6 593.4 586 583.7 597.7 617.1 636.3 648.3 646.5 654.2 644.6 638.3 634.2 620.3 615.1 613.5 610.8 602.7 594.4 603.1 603.5 598.7 587.4 585.3 583.7 575.4 566.7 567.9 565.8 561 555.6 554.2 546.6 540.7 540.7 541.6 549.8 553.1 553.6 550.7 546 544 544
457.9 458.2 458.9 460.2 463.6 466.1 468.1 469.3 470 471.2 471.9 472.8 473.8 474.7 475.7 473.9 474.8 482.3 487.1 493 503.5 511.5 517 526.8 543.6 551.3 560.7 568.5 582.8 597.8 607.9 619.1 621.3 608.9 617.6 620.3 613.8 602.8 596.5 601.5 621.4 643.5 656.5 657 657.7 656.5 654.1 653.9 639.5 627.9 615 609.5 607.1 604.9 603.9 602.2 600 597.5 595.3 586.4 580.9 571.7 569.5 569.7 567.1 566.6 564.4 557.7 552.5 548.2 552.6 557.8 560.5 561.7 558.2 553.3 550.5 552
460.4 463.9 466.8 466.9 469.4 471.5 474.8 477.1 476.8 479 478.4 479 480.7 481.7 482.8 482.6 473.7 488.6 493.6 497.4 506.4 515.8 526.3 537.7 550 562.1 571.3 578.3 590 607.3 618.5 623.6 620.7 616.4 633.5 637.6 630 620.2 611.8 615.6 636 655.4 669.6 671.6 667.2 663.8 656.9 652.2 641.1 626.2 617.9 618.1 625.6 613 605.5 607.5 603 602.2 594.5 591.9 586.5 583.7 581.1 577.5 578.4 578.7 574.3 565.3 562 561.6 562.2 567.1 572.9 570.9 567.4 562.5 562.5 564.4
467.4 470.8 473 472.6 473.9 476.3 481.9 485.5 484.9 485.2 486.1 486.4 488.2 491 491.9 490.4 480.4 492.2 500.7 503.9 508.8 518.1 530.2 542.3 553.2 564.6 573.5 579.6 590.8 608.1 622.4 628.8 628.4 630.9 634.3 638.2 639.4 637.1 630.2 634.7 649.3 664.1 675.1 677.4 674.2 666.6 658.7 650.3 643.3 634 627.4 621.3 621.2 617.5 605.3 603.3 603.1 601.5 603.6 600.7 600.9 600.1 596.5 593 591.4 588.4 582.6 576.1 572.6 573.1 574.2 581.5 584.6 580.7 576.2 572.9 572.1 577.2
474.5 477.8 478.8 479.2 482.2 485 488.2 492 492.1 492.1 494 494.3 496.7 499.2 500 497.9 492.5 494.3 504.3 509.2 512.3 521.9 532.6 546.7 551.3 560 570.5 579.8 589.9 602 619.6 629.4 637.2 643.4 649.6 652.3 653.5 652.7 649.6 650.1 661.1 676.6 686.1 694.4 696.5 686.4 677.1 664.6 657 642 629.4 623 618.3 615.5 606.4 616.1 620.9 624.5 629.4 628.3 629.5 624.7 615.3 608.7 603.3 597.3 594.8 591.1 585.7 584.7 586.7 589.5 590.5 586.9 583.7 583.1 579.3 584.1
482.9 485.7 486.5 488.6 491.1 493.6 494.3 497.5 498.6 498.1 501.1 502.2 505 505.3 505.7 504.9 501.5 492.5 510.5 513.4 514.4 525 532.6 542 548.7 556.4 565.9 576.1 587.4 598.7 612.2 623.8 633.9 644 653.8 658.5 661.3 661.5 661.1 662.9 670.9 684.2 700.9 715.5 717.6 711.8 692.4 685.5 682.5 666.1 643.3 625.7 618.7 614.9 623.9 631.5 639.5 647.3 655.5 668.7 677.8 676.2 669 646.4 629.2 617.4 609.3 603.4 596.2 595.1 596 594.8 594.4 591.7 591.8 591.7 589 588.7
493.1 494.2 494.8 496.2 497.9 500.4 501.3 503.2 504.7 505 507 508.5 509.8 510.9 510.9 510.5 508.8 502.6 514.9 519 521.9 524.7 530.8 538.6 546.1 553.6 561.1 570.6 581.8 592.5 604 616 627.4 638 649.8 658 663.8 666.6 669.9 672.1 678.5 690.5 704.2 716.5 726.2 723.1 713.8 694 682.8 664.8 649.9 637.6 627.9 623.6 640.2 647.1 653.3 664.7 678.2 690.2 695 696.8 693.3 684.6 664.9 647 634.9 620.7 620.6 620.1 614.8 606.5 602.2 598.3 602.6 601.7 598.3 596.4
501.5 501.7 502.3 503.8 505.2 506.4 507.7 509.2 510.4 510.7 512 513.7 514.8 515.9 516.4 516.6 516.3 511.6 517.3 523 525.8 528.9 535.5 539.9 544.4 549.9 559 567.9 577.9 587.4 597.9 609.3 619.7 632.1 644.3 654.7 663.9 669.3 674.7 679.9 684.6 691.8 703.9 712 717.8 723.3 712.1 695.9 684.5 668.4 647.7 634.9 631.3 635.5 652.4 661.2 669.4 679.1 692.3 704.3 710.6 713.8 713.1 706.7 695.2 675.9 655.3 643.7 639.1 636.1 633 624.9 624.6 630.3 627.9 622.5 611.7 607
509.1 509.7 509.7 511.1 512.1 512.7 514.1 515.4 516.4 515.9 516.7 518.9 519.7 520.7 521.5 521.2 520.6 515.8 521.1 527.5 530.3 534.3 540.3 547.1 551.9 556.6 562.8 567.7 571.2 582.7 592.1 603.6 615 625.9 638 649.2 659.1 666.9 674 680.2 685.7 690.8 700.1 707.4 710.5 707.7 698.8 687.1 682.3 672.6 653.4 639.1 637 649.4 662.1 671 680.9 689.4 703 712 719.5 724.7 723.5 715.9 705.4 689.5 674.9 667.7 661.2 656.2 649.3 642.6 645.5 643.6 639.5 638.1 630.8 618.1
517.4 517.5 517.2 517.9 518.9 520 520.6 521.2 522.2 521.7 521.7 523.4 524.5 525.6 526.4 526.9 527.1 521.7 524.5 531.2 535.2 539.6 545.5 551.1 556.7 561.8 568.6 574.6 580.9 586.9 593.8 597.8 612 622.5 632.1 642.2 651.5 659.9 667.8 674.5 681.5 689.6 696.9 701.8 700.2 695 684.6 676.5 671 661.6 647.7 642.1 647.5 657.2 669.8 677.9 687.9 698.2 708.6 718 725.3 730.1 730.4 725.4 716.7 704.3 692.9 684.9 677.2 668.4 664.7 664.8 660.4 652.1 646.3 644 629.9 617.4
525.4 524.5 524.1 524.5 526.2 527.1 526.4 527.3 527.4 526.1 526.4 528.1 529.6 531.7 532.1 532.7 533.1 529.1 528.7 534.4 539.5 543.7 548.8 554.9 561.6 566.9 573.7 580.5 587.2 593.6 601.3 610.1 617.2 622.9 629.1 636.6 643.5 651 657.7 665.9 673.3 681.3 689.4 693.5 691.6 684.5 676.6 668.2 662.4 648.9 644.6 646.3 652.4 661.7 672.3 682.8 693.8 703.1 712.3 721 728.4 734.1 735.1 732.4 725.3 717.6 709.2 701.7 693.2 683 676.3 675.2 667.5 655.4 647.5 637.6 627 615.2
533 532.1 532.3 532.6 534.6 534.8 533.4 533.4 532.4 530.7 530.5 532.9 534.8 536.8 538.3 539 538.4 532.1 528.3 537.2 543.1 548.6 553.9 559.4 565.6 572.3 580.8 588.4 595.7 602.1 609.4 616.1 622.2 628.1 634.3 637.5 641.3 644.9 650.3 657.2 665.9 673.6 681.4 685.9 682.8 678.1 669.9 663 656.6 651.2 648.7 647.5 655.9 664.6 673.4 685.3 695.8 705 713.3 720.2 726.6 731.4 733.4 732.1 727.7 720.9 713.3 705.6 700.1 696.4 693.3 686.9 671.9 660.2 650.9 637 626 614.5
541.2 540.7 540.7 541.4 543.2 542.5 541.7 539.4 537.5 535.4 535.6 537.5 539.7 541.8 543.7 546.3 543.8 537.6 528.5 540.1 548.2 555.2 560.6 565.8 572.4 581.1 591.6 600 606.5 611.5 619.7 624.7 629.8 634.3 638.7 641.8 645.3 649.5 650.8 653.5 660.7 668.3 674.4 676.2 673.5 671 662.1 657.9 654.1 651.5 650.9 649.1 656.5 666.1 676.3 686.9 697.3 704.5 710.4 716.4 722.6 727.3 727.3 724 719.9 714.7 707.9 701 697.1 694.1 689.7 680.6 669.1 659.6 650.1 636.2 625.4 614.2
549.9 549.4 549.3 549.9 551.2 550.3 547.9 545.3 543.2 540.4 540.3 541.8 544.5 546.8 549 550.9 546.9 538 540.9 542 552.4 561.2 566.3 572.8 579.7 590.7 600 609.2 615.7 622.3 629.5 633.6 639.2 643.4 647.7 649.6 650.8 652.3 652.3 652.6 658.3 664.7 668.9 670.6 669.4 667 663 659.7 656.8 651.5 652.1 651.8 659.2 668.8 679.8 690.1 698.4 703.9 709.1 713.5 718.5 719.4 717.8 713.9 710 706 699 691.1 685.5 683.9 681 671.8 663.1 653.7 643.1 633.5 622.5 613
558.6 557.4 559 559.5 558.6 555.6 553.8 551.5 548.8 545.6 544.9 545.7 548.4 551 552.9 553.6 549.3 542.5 547.7 546.2 553.7 563.7 570.8 578.1 586 595.6 607.3 616.6 622.3 632.3 639.7 642.6 647.1 652.6 655.9 659.3 659.9 658.2 655.5 653.5 656.8 665.3 669.4 672.5 675.4 672.9 668.7 664.4 660.7 654.5 656.4 657.9 663.5 671.8 682.6 691.8 698.3 703 706.2 709.8 710.2 709.7 706.4 701.7 698.2 692.8 685.9 681.4 679.1 678.5 673.4 665 656.1 646.5 638.5 630.4 618.9 609.2
567.2 566.7 567.6 566.6 565.2 563.4 561.6 559.6 556.3 552.5 550.4 550.7 552.5 554.3 556 556.7 552.7 548.1 552.6 555 557.5 565.2 574.1 582 590.1 600.2 612.2 621.5 633.4 642.9 651.5 653.6 655.3 661.7 666.3 666.6 666 664.1 663.4 658.5 659.7 666.3 670.2 673.2 676.1 675.9 672.6 665.9 659.8 656.5 658.7 663.4 669.7 678.6 687.6 693.8 699.7 704.3 707.9 707.1 704.6 699.5 694.5 689.2 681.6 676.1 673.2 671.7 673.4 675 667.5 659.6 650.6 641.7 633.6 624 614.8 607.4
576.5 574.9 575.9 574.3 571.6 569.4 567 564.8 561.6 558.5 557.4 558.1 558.3 558.8 559.8 560 554.6 553.6 557.4 562.2 566 559.5 575.2 584.8 592.9 603 614.3 626.2 636 646.4 656.6 663.1 668.6 673.7 675.7 675.1 671 667.8 670.6 661.9 664 670.7 677 680.7 682 678.3 673.9 667.8 661.8 658.8 661.9 668.4 674.9 682.6 690 695.3 701.1 705.6 706.3 703.3 697.9 689.7 682.3 676.3 667.5 663.1 662.8 660.8 663 664 657 651.6 645.2 636.9 631.1 619.4 610 604.6
585 583.6 581.4 579.9 576.9 574.2 571.9 569.4 566.4 563.9 562.8 563.3 563.3 562.9 564.3 562.5 557 557.9 563.4 568.9 572 574 567.1 583.7 594.7 603.2 612.6 625.2 636.1 645.8 655.7 667.1 675.1 680.2 684.3 681.6 677.9 672.5 672.8 669.9 668.9 676.1 681.1 684 683.4 678.7 674.7 668.6 663.6 661.3 666 672.9 679 686.3 690.9 696 701.1 703.1 702.4 697.1 690.4 682.7 675.1 665.4 663.2 659.2 656.8 653.3 652.9 650.1 646 640.9 635 629.6 624.7 613.6 605.5 601.3
593.3 591.2 588.6 585.9 582 579.1 576.5 573.6 571.1 569.7 568.5 568.3 568.3 569.2 569.2 566.4 560.5 564.7 568.4 573.6 576.6 578.9 580.6 574.8 593.2 601.1 610.7 622.8 634 642.7 652.5 664 674.3 682.7 685.7 686.6 684.9 676.8 676.2 677.1 678.4 685.5 686.9 683.8 680.2 675.8 671.8 667.2 663.8 666.7 673.9 681.6 686 690 693.8 697.8 700.2 701 698.3 695.1 693.3 685.2 676.2 669.7 666 661.6 655.4 651.2 648 641.4 634.9 632.3 625.6 624 617.7 606 599.7 595.6
601.1 598.3 595 591.6 587.1 584.6 581.2 579 576.5 575.3 574.5 574.1 573.8 574 573.5 570.9 565.1 571.8 574.3 577.3 580.1 583.3 586.7 586.4 586.6 597 606.4 618.2 629.8 638.8 646.9 656.7 667.7 676.5 682.6 686.4 685.7 684.8 685.9 683.8 688.1 689.2 687.5 683.6 676.7 672.5 669.9 667.7 670.4 675.7 681.7 686.8 690.8 694.1 698.1 701.2 702.8 703.3 702.6 698.6 693.5 685.8 678.7 677 669.9 665 660 655.2 651.1 643.3 638.8 631.7 624.7 615.1 608.2 600.6 595.3 592.2
609.2 605.4 600.5 596.6 593.4 590.9 588.3 585.5 583.3 583.1 582.2 580.6 579.5 579.4 578 573.3 567.3 576.2 579.4 580.8 583.2 586.8 590.7 594.1 596.4 592.4 598.3 611.1 624.1 631.9 640.9 649.6 659.3 668 675 680.2 682.5 684.1 683.1 682.6 684.6 683 681.6 678.4 676.1 674.1 673.7 675.7 681 687.4 689.6 693 697.4 701.5 705.9 710.2 712.3 715.3 715.7 710.7 704.5 696 688.5 682.3 677.6 673.5 668.5 662.2 657.9 653.2 644.2 634.5 623.5 612 598.2 594 591.3 589.5
616 612.1 609.2 605.3 602.4 598.6 595.4 594 592 591.4 589.6 586.5 585 582.8 579.4 574.3 571.4 580 583.5 584.5 586.4 590 595 599.3 602.6 603.5 600.2 605.6 616.3 624.8 633.3 642.1 650.8 660.3 666.7 672.5 678.9 679.7 681.7 682.5 678.4 675.3 676.5 676.5 677.2 680.2 683.1 686.2 691.1 695 698.2 702.9 707 712 717.8 725.5 729.1 729.5 725.6 724.1 718.5 709.9 701.1 696.7 688.9 686 679.6 669.7 665.3 660 648.1 637.7 622.6 606.2 596 592.6 589.9 589.3
623.9 620.4 616.9 613.4 610.6 607.2 604 601.5 599.7 598.7 595.9 591.9 588.3 583.8 579.9 575 575.2 582.2 585.9 587.3 590.7 594.7 598.9 602.2 605.3 607.9 606.8 604 612 615.7 626.3 635.8 643.7 652.4 658.8 663.8 668.6 672.2 674.2 673.7 671.6 673.2 675.5 677.5 680.5 686.3 690.1 694 698.4 702.8 707.5 712.9 719.8 725.6 732.5 739 741.6 740.4 739.3 738.3 733.8 725.9 719.2 711.1 705.8 706.4 693.8 684.7 675.1 665.8 648.4 629.9 609.3 598.3 593.7 591.6 590.2 590.6
632.2 627.7 623.6 621 618.4 614.8 611 608.1 605.4 604.1 601.1 596.9 592.7 587.2 580.6 574.8 577.9 584.3 588.6 592.1 596.2 599.8 603.6 607.2 609.5 612.7 613.9 615.4 618.4 621.1 619.9 626.4 634.4 644.4 649.8 655.3 661 665.3 666.1 665.9 666.6 670.2 674.6 678.1 682 687 690.9 696.4 701.9 707.8 712.6 720.7 729.1 735.7 740.1 747.8 751.6 753 753.8 751.9 754.8 750.2 740.1 734.8 733.7 728 712.9 695.3 675 665.4 646.3 625.3 604.2 597.1 594.1 592.9 592 592.9
639.3 635 630.5 628.3 625.7 622 618.2 614.3 611.3 609.8 606.4 602.2 596.5 589.6 582.4 575.3 580.6 588.1 593.5 597.4 601.7 605.8 609.8 612.8 614.5 617.6 621.1 624.6 627 630 632.1 632.6 634.1 634.7 641.4 646.3 652.8 657.5 660.6 661.5 663 667.6 672.3 677.4 681.5 685.9 691.3 697.3 703.5 710.3 717.2 725.4 734.1 740.9 748.1 756.2 760.1 764.7 769.4 770.7 766.7 759.8 754.8 754.6 751.4 739 723.1 699.3 676.3 661.9 645.8 622.3 609.4 601.8 595.9 595 595.6 596.9
648.7 644 640.2 637.2 632.9 628.8 624.7 620.4 617.7 616.3 612.1 607.2 601.9 594.8 585.5 579 583.7 593.5 599.5 604.5 609.6 614.8 618.7 621.9 625.3 627.6 630.9 633.9 636.3 638.8 640.1 642.3 643.3 645.9 649 651.4 652 653.9 656.7 658.6 661.9 667.1 672 676.5 681.4 687.5 694 699.8 706.4 713.8 720.2 726.9 735.5 744.3 752.7 760.6 770.7 779.6 786.1 787 784.2 773.9 764.8 761.5 757.7 744 723.3 702.4 674.3 658.6 641.3 622.1 613 604.6 597.6 597.8 601.7 606
659.6 653.7 650.1 646.5 642.2 637.6 632.4 628 624.1 620.9 616.4 611.2 606.3 599.7 589.3 579.9 588 597.8 606.8 611.4 620.3 624.7 628.8 632 636 638.4 641.4 644.1 646.7 647.8 649.4 651.2 651 652.7 654.2 657.1 656.9 656.9 659.2 661.6 664.4 668.5 673.4 679.1 684 690.3 697.4 705.2 712.6 719.1 725.4 731.5 738.2 746.4 754.8 764 776.7 790.4 798.5 801.7 799.1 790.1 776.8 768.8 759.8 740.3 718.7 701.3 679 659.5 642.4 629 618.2 606.2 604.5 610.4 614.9 617.8
670 664.3 660.5 657.2 652 646.4 640.8 636.3 632 625 619.9 614.7 609.6 604.2 590.1 584.2 593.2 605.2 616.2 622.8 629.3 635 639.1 643.3 646.9 650.1 653.6 655.5 659.4 660.6 662 662.4 663.2 663.4 663.5 665.9 664.5 664.1 664.6 666 668 672.8 677.9 683.9 690.4 696.4 703.5 712 719.9 727.8 735.8 742.1 747.6 754 762.3 770.4 779.7 792.1 802.3 810.8 811.2 797.8 783.7 773.7 751.9 726.7 710.9 694.7 674.3 657.5 642.4 630.4 621.2 616.1 618.3 621.7 625.8 630.9
684.2 678.2 673.5 668.3 663.4 656.2 649.6 642.8 636.9 629 622.9 617.6 613.9 604.7 590.3 590.1 601.8 613.5 624 633 639.7 645.9 650.6 656.5 660.9 665.2 669.3 671.1 673.3 674 674.9 674.6 674.8 674.6 674.1 675 673.4 672 671.2 671 672.6 677.2 683.6 690.8 697.5 705.3 714.4 723.3 733.4 743.2 751.7 757.2 762 769.8 773.8 777.4 785.3 793.1 804.9 818 823.4 812.7 802.2 782.1 757.2 722.7 705.8 686.2 668.9 655.7 644.4 632.7 630.4 629.1 630.8 635.3 640.9 647.5
701.8 696.1 691.5 683.2 675.1 666.2 656.6 648.8 640.8 632.7 625.8 620.3 614.6 604.4 590.9 597.4 609.4 622.8 631.3 641.8 649.2 656 662.7 669.2 675 680.6 684.3 686.4 687.3 687.3 686.5 686.1 686.1 685.8 684.3 683.8 682.4 680.9 680.3 680.8 683.3 686.8 691.7 699.3 707 716.6 726.1 736.4 749.4 759.2 767.7 776.7 785.2 792.6 800.1 806 807.1 807.2 811.3 819.7 829.1 830.7 819.2 797.4 763.1 729.7 709.3 687.5 672.1 657.7 648.4 646.6 639.8 638.9 642.1 646.6 652.7 658.6
719.9 714.8 708 696.3 687.2 676.8 663.6 652.6 643.6 635.5 628.1 621.3 615.4 602.4 592.1 603.2 616.1 629.8 640.9 650.9 659 665.6 673.6 680.9 687.1 692.4 696.4 697.3 697.9 697.3 696.8 699.1 699.7 699.4 697 693.8 692.4 690.8 690.9 692.6 695.2 697 701.4 709.2 717 725.9 737.9 749.2 759.9 770.6 782.7 793.6 803.3 811.5 818 823.9 828 827.3 827.9 832.1 837 841.5 829.6 808.8 782.1 750 727 700.2 679.9 665.3 655.5 654.3 647.1 647.3 651.3 657.7 663.5 671.3
734.3 728.6 721.3 709.6 697.4 682.5 667.1 655.3 645.8 636.5 628.9 622.1 614.8 599.1 595.7 607.7 622.1 636.9 649.1 658.1 665.8 673.2 681.6 688.5 693.8 698.6 703.5 705.9 706.8 706.7 707.5 710.8 711.7 709.3 706.4 703.3 700.9 701 703.2 705 706.7 708.3 711.4 717.5 726.1 734.9 745.5 756.9 767.8 779.3 793.8 804.7 814.2 823 830 835 838.5 839.7 840.4 840.7 840.9 844.9 836.3 819.2 792.6 767.1 750 730.7 709.3 686.5 667.5 664.3 658.6 658 663.9 670 676.5 682.9
745.4 738.6 730.6 718.9 705.2 688.6 672.2 659.2 648.6 638.1 630.6 624.7 611.2 597.3 602.7 614.5 627.9 642.7 656.3 665.2 672.5 680 686 692.1 696.4 700.3 704.3 708.4 709.7 711.8 715.3 718.2 718 715.8 712.5 710 709.1 711.1 712.9 713.9 715.2 717.8 721.4 726.2 733.7 742.3 753.5 763.2 772.9 784.1 797.9 810.3 821 831.2 839.9 845.4 846.8 848.1 848.1 845.4 840.9 838.6 833.6 818.3 795.6 779.4 764.1 744.6 723.2 692.4 677 674.2 670.2 674.2 677.9 681.3 686.4 694.6
