app/static/ascii/NH35.asc
ncols 200
nrows 200
xllcorner 230000
yllcorner 850000
cellsize 50
[rows 0 to 34 of 200, columns 0 to 77 of 200]
228.4 231.6 234.9 240.1 248.7 253.2 254.5 256.5 258.8 261.3 263.8 270.8 277.4 280.7 286.8 294.2 304.5 314.4 324.8 334.2 339.5 341.3 341.8 337.7 332.3 319.8 313.4 315.5 320.5 316.2 308 301.1 292.1 278.8 273.3 260.7 257.5 257.6 254.3 244.1 250.1 245.8 243.9 249.1 257.5 261.9 266.9 272.2 275.6 286.3 291 296.5 306.6 319.6 329.8 329.2 329.7 341.1 345.3 351.5 352.5 352.4 354.2 354.9 356.4 360.3 368.2 371.7 371.8 376.5 387.5 401.3 409.5 418.5 425.5 436.1 441.8 450.3
231.5 234.7 238.8 245.5 253.1 257.3 260.1 264.8 266.9 273.4 280.8 283.3 286.6 290.9 296.9 299.6 310.4 319.4 328.5 336.4 341.6 342.1 342.1 342.2 336.4 328.5 321.7 314.8 313.6 309.1 301.6 294.6 282.9 269.4 263.8 262.2 263.9 266.3 259.6 249.3 255.6 253.5 248.6 253.1 260.5 269 276.4 280.7 281.8 290.5 294.8 302.7 315.4 322.8 326.3 327.1 331.8 337.1 334.1 338.4 346.6 348 347.9 350.1 352.9 359.1 365.4 372.4 373.6 377.3 385.9 396.1 407.6 421.1 432.1 442.7 452.8 469
235.2 242.1 246.3 252.8 260.7 267.2 271.1 274.3 280.8 287.1 289.2 293.9 297.4 301.9 304.9 308.8 313.5 322.3 332.9 342.1 347.1 349.1 346.3 343.2 338.9 333.5 326.6 316.7 312.4 307.8 300.8 291.2 279.4 268 265.1 265.2 268.5 274.6 263.1 255.4 254.2 252.7 253.8 260.3 267.4 274 282.7 282.9 286.4 294.6 304.8 313.7 321.3 325.4 324.6 323.9 327.8 326.7 326.9 326.9 328.8 329.8 331.9 334.7 340.4 348.5 356.4 360.3 370.7 385.7 391.6 399.3 408.8 424.6 437.2 451.8 463.8 486.1
243.7 251.7 255.7 264.7 272.9 278.1 282.9 285.4 291.5 295.5 299.6 309.7 310.6 312.3 312.7 315.7 319 325.3 334.9 343.7 345.9 353.9 358.5 354.5 343.5 336.8 330.1 322 312.6 304.9 297.2 287.2 277.4 270.5 267 268.3 273.9 274.2 263.5 256.5 255 253.7 258.3 267.3 274.6 280.6 283.3 284.7 292.4 303 311.7 317.1 322 325 322 320.9 321.7 320.7 327 329 330.5 329 328 331.4 340.4 348.2 354.7 364 376.2 383.3 396.7 402.7 413.7 426.9 437.3 445.1 465.1 488.6
248.8 256.9 262.5 271.4 278.1 284.4 291.7 297.1 302.6 308.2 311.7 314.4 316.1 320.8 321.5 324.2 325.9 333.2 333.9 343.6 348.5 349.8 352 360.7 349.7 337.3 327.5 320.9 313.2 303.3 293.3 284 274.3 269.6 268.2 270.5 276.7 271.4 262.1 257.6 257 258.1 265.1 273.5 278.3 283.2 285.8 291 297.7 306.9 312.7 315.7 316.3 319.8 320.5 320.6 321.9 321.1 325.7 331 333.2 328.5 326.5 326.8 341.6 352.3 360.4 366.8 377.6 388.3 393.8 399.6 414.1 429.9 440.8 445.1 452.6 473.6
249.7 260.6 269.7 277 283.8 296.4 304.6 304.9 314.2 317.3 320.2 322.1 327.8 328.1 329.1 333.3 336.5 343.9 345.4 349.5 350.3 353.3 357.4 354.5 347.8 338.9 328.9 322.6 312.4 299.6 288.5 279.6 272.7 271 272.5 274.5 273.5 266 260.2 259.1 260.9 263.5 270.9 278.5 285.5 288.8 288.3 293.1 299.4 306.6 311 310.7 309.9 310.3 310.8 319.8 320.9 318.6 318.2 322 321.4 320.8 327.4 329.8 335.8 350.2 360.6 366.9 374.1 385.9 396.5 406.1 414.5 424.6 432.1 441.2 454.1 466.5
254.2 260.4 268.2 279.8 293.1 300.5 302.4 310.7 317.8 321.6 324.2 326.4 331.5 333.6 336.8 344 348 352 355.5 354.6 367.6 376.8 372.8 367.9 363.1 352.6 344 335.5 323.5 309.1 292.6 281.3 278 276.6 273.5 274.4 272.8 266 258.8 263.5 265.7 271.8 278.2 284.6 289.1 290.2 291 295.6 301.1 305.5 308.3 307.2 307 307.8 308.7 310.4 312.3 311.7 312.2 312.4 313.4 316 323.4 328.4 336.3 344.8 360.5 369 374 385.7 393 400.8 411.5 420.6 432.7 440 447 458.3
273.7 278.5 279.5 283.3 293.6 297.9 303.5 311.5 314.6 319.6 323.3 330.2 334 341.6 345.6 350.4 353.3 360 365.8 370.9 381.6 386.2 382.8 380.6 369.4 358.6 348.8 339.5 326.2 308.9 289.4 280.6 280.9 276.9 271.6 271.9 270.3 265.1 261.1 264.1 266.7 273.4 280.7 286 292.8 293.8 290.9 296.9 303.9 308.6 308.8 307.6 306.4 308.3 312.8 315.3 313.4 312.7 312.3 312.8 315.8 321.3 326.5 331 332.5 342.1 358.2 369.6 373.3 376.8 387.9 397.3 404.8 410.3 420.1 429.5 436.1 441.6
282 283.6 286.7 294.3 298.2 301.2 308.3 313.2 316.3 326.5 327.9 338.8 344.3 350.7 355.6 356.9 358.9 363.4 369.3 382.3 393.1 394.3 388.6 380.3 372.2 357.6 344.9 333.8 321.8 301 285.7 281.4 283.4 275.8 270.8 269.7 268.9 262.5 262.5 264.5 269.4 274 279.9 282.5 284.9 285.5 286.2 297.4 301.8 308.5 308.9 306.7 306.4 309 314.3 316.1 315.2 313.8 313.2 314.4 316.3 321.6 326.1 328 329.6 332.4 341.8 354.4 366.1 369 373.6 384.2 395.9 404.1 407.3 415.2 425.3 434.1
281.4 286.4 291.9 302.1 306.7 309.9 312.5 316.2 320.7 330.1 341.4 347.9 355.8 360.4 365.2 366 367.4 368.3 381 390.3 401.9 400.1 391.2 381.3 371.6 357.8 342.5 330.1 311.8 292.1 283.2 281.9 279.9 274.7 269.5 268 264.5 262.3 264.2 267.9 274 281.8 286 290.2 288.9 282.8 282.6 292.7 297 297.5 298.6 303.3 307.4 311.1 315.3 320 321.2 318.3 316.3 316.1 316.3 318 320.1 323.6 326.3 326.3 329.4 337.1 346.1 353.4 362 370.8 377.8 388.8 396 405.1 413.2 423.5
290.8 291.4 301.6 308.7 312.2 314.1 320.3 321.4 327.1 341.2 350.7 356.5 364.3 368.6 372.4 375 377.9 380.1 389.3 400.3 403.6 396.6 390.9 382.9 373.8 353.8 338.7 323.8 303.9 286.1 283.2 283.6 281.7 272.7 268.4 266.4 262.3 262.3 267.5 271.7 278.5 283.8 287.4 289.8 287.3 280.4 276 279.3 286.5 292.4 294 304.5 310.3 314.6 317.4 319.3 322.8 323.1 319.8 317 316.2 316.5 317.2 320.2 322.1 323.1 325.6 330.7 332.8 339.5 350.5 355.7 363 371.3 382 393.2 401.8 408.9
291.1 305.4 311.3 313.4 317.5 318.3 327.4 332.5 341.5 350.8 359.3 366.1 373.2 377.7 381.8 387.6 385.4 388.6 399.1 407.9 406.4 402.7 401.4 388.5 367.1 350.1 335.4 315.3 296.6 283 282.3 284.8 282.7 273.2 269 262.3 262.3 262.3 269.2 274.8 273.9 274.5 282.4 285.9 280.1 274.2 271 274.7 286.1 285.6 291.4 301.4 308.5 313.6 318.4 320.3 326.1 328.6 327.3 323.8 317.5 313.7 311.7 312.5 316.1 319.6 322.1 325.1 325.9 324.4 335.6 343.9 350.7 355.6 364.2 376.7 383.4 388
302.1 308.7 318.7 321 320.2 330.4 336.3 344 349.6 354.9 363.1 374.2 383.5 389.2 394.3 399.2 393.2 401.6 415 413.3 417.2 410.5 404.3 386.4 358.6 338.1 329 308.4 291.2 280.9 281.6 285.2 284.4 274.2 268 262.3 262.3 262.3 266.8 270.6 272.4 272.1 275.1 273.1 266.4 267.5 274.1 276.6 277.4 279.3 288.6 299.8 302.4 306.6 308.9 316.2 318.8 326 333.3 330.1 319.5 313.7 310.9 309.4 308.6 314.9 315.7 313.6 315.4 312.5 317.7 326.2 333.7 336 343 353.6 362.9 370.5
311.4 315.7 322 325.4 330.2 340.4 349.9 353.2 356.1 359.9 374.2 386.7 396 401.7 409.5 410.5 406.6 413 414.7 414.7 412.5 404.4 396.5 378.4 346.4 327.8 312.6 297.9 283.9 280.7 281 287.4 286.6 277.5 266.8 262.3 262.3 262.3 266.9 268.3 268.2 266.5 264.8 262.7 263.2 269.6 273.8 275.1 273.9 275.2 282.8 289.2 296.1 301.6 305 307.8 311.6 314.9 326.1 333.8 324.7 313 310.2 310.7 304.5 301.5 299.2 305.8 300.9 300.9 304.1 309 311.2 317.7 322.8 335.8 347.3 360.2
316.1 321.2 329.8 332.7 342.4 353.5 359 359.4 369.2 385.1 393.8 402.9 411 413.5 418.3 419.3 420.6 416.8 416.4 413.7 406.3 398.7 393.4 372.6 340.6 317.8 298.7 291.5 281.5 280.3 281.8 286.8 284.3 276.1 264.9 262.9 262.3 262.3 262.8 267.3 264.8 262.7 262.7 262.7 264.3 268.3 274.8 274.5 271.5 272.1 276.1 280.2 285.5 293.4 302.7 303.1 304.1 304.6 311.3 320.2 316.6 311 305.4 301.4 299 295.7 291.9 290.4 290.9 295.6 298 299.9 300.5 300.4 310.8 322.6 338.7 349.8
326.1 330.8 342.3 347.9 365 372.2 374.8 392.8 398.5 407.5 417.6 416.3 420.2 427.3 432.2 431.7 434.6 439.6 428.5 416 410.3 405.3 394.6 366.2 332 308.8 293.3 284.5 280.2 279.9 281.8 282.9 279.2 269.2 264.4 263.2 263.7 262.3 262.3 265.2 263.1 262.7 262.7 262.7 262.7 262.7 271.6 267.7 266.3 267.7 269.5 273.9 275.7 276 286.5 296.8 294.7 290.8 291.6 298 304.6 305.5 299 294.3 290.2 286 286 286 287.2 291.3 295.2 297.1 293.6 291.9 299.4 310.1 316.8 334.5
337 345.1 353.3 365.9 375.9 386 400.4 409.4 416.7 428.4 438.4 436.5 435.3 438.7 439.4 435.6 441.3 444.3 435.9 423.5 412.4 406.6 388.8 360.9 324.8 304.1 291 282.9 279.3 278 280.5 277.8 274.5 265 263.4 266.1 265.9 264.3 265.1 265.6 262.7 262.7 262.7 262.7 262.7 262.7 262.7 262.7 262.7 262.7 262.7 262.7 262.7 262.7 271.5 279.4 282.4 279.8 278.3 283.5 289.8 293.3 293.2 291.7 286.4 286 286 287.2 287.5 287.3 287.8 289.9 288.2 285.3 288.5 300.8 303.9 315.2
348.9 362.4 367.9 373.1 388.3 398.3 410.3 422 430.5 442 447.1 444 444.4 445.3 443.6 437.8 441.9 440.7 430.8 418.4 408.4 402.5 374.4 346.7 320.5 298.9 286.6 282.2 278.4 277 276.3 273.8 267.3 264 267.8 268.3 266.1 265.6 265.5 262.7 262.7 262.7 262.7 262.7 262.7 262.7 262.7 262.7 262.7 262.7 262.7 262.7 262.7 262.7 262.7 268 271.3 272.9 278.3 284.5 288 292.8 293.6 292.7 291.1 286 286 289.2 294.6 296.1 285 278.9 276.5 279.4 278.8 288.4 296.6 305.2
362.3 371.4 379.2 382.4 393 402.8 413.6 426.6 445.1 449.3 449.3 447.9 451.4 455.8 436.4 438.6 444 439.8 427.9 417.4 402.6 394.8 361.2 341.1 322.2 304.7 288.1 282.6 279.6 278.1 277 272.8 266.6 264.2 263.4 263.5 264 265.1 262.7 262.7 262.7 262.7 262.7 262.7 262.7 262.7 262.7 262.7 262.7 262.7 262.7 262.7 262.7 262.7 262.7 267.6 269.2 275.6 284.1 287.2 284.6 287.2 288.3 290.9 293.1 289.9 287.5 286.5 285.6 285.4 283.3 280 274.6 271.8 274.2 282.4 290.9 296
369.8 381.6 388.7 391.4 399.1 405.2 422.2 435.1 449.7 447.3 443.3 446.7 455.6 448.8 432.4 435.2 444.6 439.5 421.4 409.5 393.6 387.4 358.1 340.7 324.8 307.6 291.2 284.2 281 279.5 279.9 275.9 269.7 268.1 270.6 272.3 268.2 267.8 265 262.7 262.7 262.7 262.7 262.7 262.7 262.7 262.7 262.7 262.7 262.7 262.7 262.7 262.7 262.7 262.7 262.7 262.7 271.7 276.9 279.7 281.2 286.8 287.1 284.2 285.3 290.4 286.9 282.7 279.7 275.8 274 272.7 273.3 271.4 271.2 277.1 284.7 289
376 382.8 392 400.3 405.1 417.6 433.5 440.3 441.3 440.2 432 438 442 433.9 427.5 425.8 431.6 426.1 410.2 394 381.1 378.1 354.5 335.3 321.4 305.7 294.5 284.4 284.8 285.7 285.5 283.2 275.1 276.3 274.9 273.2 275.2 272.5 268.2 262.7 262.7 262.7 262.7 262.7 262.7 262.7 262.7 262.7 262.7 262.7 262.7 262.7 262.7 262.7 262.7 262.7 263.7 270.3 275.8 279.1 282.3 283.3 285 286.7 291.7 295.4 295.3 291 287 282.5 276.8 271 270.9 270.5 270.4 271.4 280 285.2
371.4 378 396.5 410.7 422.4 433.4 441.7 439.5 436.9 425.7 423.3 437.4 438.9 434.7 423.1 417.6 422.5 416.8 397 384.6 381.8 369.3 349.7 331.5 320.6 305.2 294.5 287.8 292.8 292.5 294.9 291.1 285.7 281.2 279.6 277.8 280.1 275.5 270.1 262.7 262.7 262.7 262.7 262.7 262.7 262.7 262.7 262.7 262.7 262.7 262.7 262.7 262.7 266 264.7 262.7 268.3 274.7 277 279.5 284.4 281.5 290.2 298.2 309.3 313.7 316.3 312.6 304.6 294 287.2 281.4 274.2 271 270 270.5 272 274.8
367.2 374.4 394.4 411.3 425.6 432.4 433.7 424.8 416.8 415 416.3 426.6 432.1 419.1 407.6 407 404.2 414 393.6 387 383.6 369.5 353.7 334.6 320.6 306.8 294.9 295.5 298.1 298.3 300.8 296.5 292.3 288.8 287.6 286.4 286.7 281 273 267.6 271.6 270.8 269.3 268.5 271.5 267 262.7 262.7 262.7 262.7 262.7 267.5 266.8 267.2 265.9 264.6 266.2 269 270.7 273.9 276.2 278.2 285.8 297 306.4 319.5 325.7 327.6 324.7 314.9 303.5 296 286.8 276.6 272.6 270.5 269.5 274.9
362.7 369.5 390.8 404.1 407.3 409.2 411.7 401.1 403 402 409.8 424.1 417.9 402.1 392.9 389.5 387.9 400.2 395.6 389.2 384.7 371.9 351.9 333.9 320.4 309.4 295.4 296.5 300.2 303.6 304.3 301.5 298.5 298.8 294.6 296.1 295.8 289.5 278.3 281 282.9 285.1 285.3 284.4 282.8 286.5 281.3 275.3 269.5 265.1 266.8 270.2 269.1 268.3 266.7 266.4 267.2 271.6 274.1 276.7 274.5 278.4 285.9 294.1 303 311.8 324.5 328.4 330.1 326 313 307.2 295.1 286.9 277.7 272.8 268.3 265.3
358.8 361.5 374.6 381.2 386.8 386.9 388.6 391 392 391.4 401.9 412.7 403 390.3 382.3 375.3 374.1 380.7 399 402.5 388 370.7 348.5 331.8 321.7 311.8 300 300.4 303.6 308.1 306.2 307.7 306.6 304.6 304 305.9 300.7 292.8 288.6 293.2 292.9 300 303.2 306.1 304 297.7 289.7 283 278.4 272.3 275.1 278.4 277.1 273.3 280.5 280.4 275.9 275.1 277.3 279.2 277.6 277.8 282.7 291.7 297.1 305.3 312.1 318.6 322.5 321.7 317 306.3 299 291.8 286.3 279 268.2 262.7
357.3 359.7 361.8 366.1 373.7 382.7 387.2 388.5 386.8 384.6 395.8 399.8 392.8 377.4 365.8 364.3 367.5 370.7 389.7 401.9 390.1 364.5 344.6 329.7 320.3 312.3 304.9 304.2 307.9 309.9 315.6 314.3 317.6 309.2 311.6 308.1 302.2 299.6 301.1 301.8 308.5 315.2 312.9 313 308 302.2 297.4 292.2 284.8 284.2 283.7 284.7 284.3 282.3 279.4 278.8 280.5 282.2 280.8 279.7 278.6 279.7 282.4 290.5 289.1 297.2 302.7 310.2 313.9 311.6 305.3 298.1 288.2 277.7 271.5 265.3 261 259.7
369.1 367.5 368 371.1 378.6 387.1 389.2 395.9 386.3 380.8 387 391.2 378.1 364.3 355.5 355.2 356.9 369.1 374.8 389.4 382.3 358.7 338.4 327.3 318.2 312.1 305.9 310 314.1 318.7 319.4 318.8 322.9 317.3 314.8 312.7 308.5 309.4 311.8 315.4 324.3 325.2 325.6 319.4 314.9 308.5 306.2 304.2 302.3 302.5 296.5 290.7 288.8 288.1 289 284.4 286.8 288.8 284 281.5 279.6 280.6 282.1 284 284.3 288.9 292 298.6 303.7 312.4 316.2 307.4 296.2 283.6 270.5 262 253.7 253
383.8 382.1 378.1 378.1 380 380.5 389 389.3 379 378.5 377.9 376.1 365 348.2 344.1 346.1 347.3 361.2 366.1 378.3 371.8 350.8 334 327.5 320.7 314.3 311.9 315.5 321.7 324.9 324.2 326.8 330.7 325.8 323.3 320.4 320.1 322.6 325.2 330.8 334.9 339.1 333.3 326.9 323.6 323.5 322.5 321.4 321.4 315.9 316.3 303.4 300 294.8 289.8 288.2 290.4 291.6 292.4 288.6 284.8 283.8 282.4 284.8 286.1 286.2 285.6 286.7 290.9 302.5 311.4 310.7 300.6 288.4 273.4 264.1 252.1 252.1
396.4 392.2 387.5 384.1 379.5 378.2 378.1 373.1 368.8 372.1 370.2 365.6 353.7 340.3 342.8 345 347.2 355.8 357.4 364 365.9 348 337.1 328.5 323.2 318.4 319.1 320.8 326.1 329.6 332 334.2 333.4 332.7 332.4 331.9 334.9 338.7 344.4 347.7 355 351.7 347.3 343.7 343.7 339.7 337.1 338.8 334.1 329.5 322.3 315.7 305.9 296.7 291.3 288.5 289.8 297.7 299.1 299 298 288.4 289.4 286.7 287.8 288.3 288.8 284.3 277.3 280.6 297.8 304.6 292.3 278.7 267.2 255.3 252.1 252.1
396.9 397.1 389.7 384.4 379 375.2 369.2 362.8 363 365.6 360.4 358.1 343.4 340.3 341.1 343.8 345.8 349.9 353.2 356.5 353.7 350.1 340 331.5 326 323.6 325 327.5 333.3 336.8 338.3 337.2 338.4 340.7 342.7 345.5 350.1 353.5 359.1 365.3 368.8 369.6 374 375.6 370.7 366 362.8 356 346.7 335.8 326 317.8 308.3 300.2 294.5 291 289.6 293.9 292.1 291.6 291.4 291.7 300.4 293.6 292.3 290.1 289.7 291.1 281.6 273.3 269.7 277 274.8 272.6 265 252.1 252.1 252.1
391.5 388.2 383.3 375.8 372.6 367 363.9 356.7 359.6 357.8 354.4 344.9 340.3 343.9 343.5 343.7 345.6 347.4 348.8 345.9 343.6 339 334.8 331.5 330.7 328.8 331.3 335 337.8 338.9 341.8 342.3 345 349.1 352.5 357.5 362.2 367.6 372.4 379.5 382.6 386.4 389.2 392.7 394 388.9 380.5 369.6 358.2 347.2 337.5 325.5 320 308.9 299.4 293.3 290.1 290.3 290.7 291.1 291.1 296.6 302.9 305.3 301.6 299.9 294.4 291.8 286 280.9 272.2 267.6 265.6 264.9 258.8 255.1 252.1 252.1
381 379.3 372.7 367.5 362.4 357.8 353.2 350.7 352.5 349.1 344.6 340.3 341.4 345.1 345 345.4 346 348.5 344.1 341.4 338.5 336.4 334.8 333.3 333.2 335 338 337.8 339.1 342.1 343.1 346.6 351.2 355 360.1 366.3 372.1 379.4 384.9 390.9 396.1 400.4 402.7 401.4 401.8 398.7 390.5 379 365.6 349.8 337.9 328.8 322.2 314.5 307.3 299.9 293.3 292.2 292.5 298 300.8 301.2 303.1 305.2 307.4 310.4 311.9 304 296.6 295.3 284.5 280.3 274.7 267.1 262.7 257.9 253.9 252.1
371.3 370.9 363.6 357 350.7 345.9 342.2 344.5 346 340.3 340.3 340.3 340.3 344.7 347.4 350.5 346.4 345 345.2 346.7 352.3 352.4 349 340.7 335.6 336.6 338.9 338.4 339.9 341.6 344.6 349.9 354.2 358.8 364.6 372.1 381.1 388.5 393.5 400.2 404.2 406.5 406.6 404.7 399.5 393.1 383.7 374.5 363.4 348.2 337.2 329.2 322.7 314.4 308.3 301.7 298.3 296 297.8 298.7 299.9 302.3 304.3 306.4 309 309.4 312.6 316 317.8 307.7 300.8 295.7 289.2 281.3 273.5 266.3 261.8 256.1
367.8 365 360.2 354 345.3 339.7 337.5 338.8 343.3 340.3 340.3 340.3 345.7 351 354.8 351.4 344.3 341.6 343.3 346.1 348.5 347.3 343.6 341.4 339.8 339 338.9 338.6 340.8 341.8 344.5 349.2 355.7 362 368.6 376.2 388.8 395.2 401.3 408.3 410.9 410 406.7 401.6 395.5 389 378.4 366.2 355 345.4 337.5 331.8 324.5 316.4 308.3 303.1 300.8 300.5 301.7 303.2 309.5 313.3 308.9 311.9 311.5 310.7 310.1 312.5 316.8 317.1 311.9 304.9 300.1 290.4 280.5 277.8 266.4 258.9
355 360.9 357.7 350.8 343.3 337.5 337.5 337.5 339.5 341 345.3 350.5 350.3 352.9 355.1 351.8 341.6 339.5 338.2 339.9 345.5 345.1 348.7 347.7 345.8 340.7 339.1 343.1 348.2 348 345.4 348.5 352.4 362.2 371.3 381.2 394.2 400.9 408.6 415.4 417.4 415.1 410 404.3 396.5 388 375.7 363.3 351.1 344.8 336.5 328.1 323.3 318.9 313.9 309 308.4 308.9 310.9 312.7 314 313.3 316.5 318 318.6 317.8 315.6 309.9 307.9 309.7 308.3 302.4 297.2 291.4 283.9 281.2 279.7 257.1
