app/static/ascii/NH36.asc
ncols 200
nrows 200
xllcorner 230000
yllcorner 860000
cellsize 50
[rows 105 to 139 of 200, columns 0 to 77 of 200]
283.2 283.1 283.5 286.5 292.5 296.9 305.1 315 327.9 346 360.2 368.9 376.6 379.9 376.9 380.1 405.3 414.5 412.9 417.7 423.3 424 420.2 409.7 401.4 395.4 386.3 375.6 364.3 354.8 350.7 349.5 349.5 349.5 354.6 358.6 358 353.4 355.8 360.1 359.6 355 353.7 352.1 347.4 344.9 346 344.5 341.6 340.3 337.9 334.3 331.5 329.4 326.3 323 320.2 318 310.6 304.9 294.6 286.1 278.5 273.2 262.7 249.6 242.1 253.6 259 264.1 261.5 266.3 270.9 272.6 276.8 276.3 277.4 281.7
278 277.4 280.3 285.3 290.4 293.1 300.8 315.2 330.7 344.6 352.2 358.6 365.1 372.2 372.7 380.8 404.2 410.3 408.7 415.9 420.2 418.9 412.9 403.7 397.7 391.4 382.8 374.3 365.4 358.5 353.3 353.5 353.2 353.5 357.3 360.3 356.2 355.5 358.7 363 362 358.6 357.6 356.5 353.4 350.3 349.7 350.2 350.4 349.2 346.3 343.3 342.1 339.6 337.3 333.1 331.3 329.6 320.1 307.8 294.7 286.2 277 268.5 259.3 249.4 234.6 253.3 256.8 260.2 258.8 263.7 266.5 268.5 271.3 271.8 271.8 274.2
271.5 272.7 275.7 281.2 287.9 289.8 301.2 317.1 330.8 343.5 350.1 357.3 365.9 374.3 369.8 382.4 400.6 407.6 408.5 416.8 422.9 421.3 409.7 406.2 410.3 402.2 387.3 375.3 367.3 364.5 364.5 362.8 362.8 364 365 366 358.3 358.7 362.1 363.3 363.3 361.5 360.7 359.3 356.5 354.3 353.7 354.6 356.6 355.8 357.6 357.3 354.7 350.5 345.5 340.9 337.6 334.2 326.5 313 299.3 288.2 278.7 269.5 260.8 244.5 231.1 251.1 253.8 256 256.1 259.4 261.3 266.5 267.3 264.9 265.8 267.5
274.5 272.7 276.5 279.8 282.4 289.4 301.7 317.7 329.8 341 351.3 359.4 365.5 364.3 363.6 378.8 394.7 400.1 402.4 410.4 416.2 410.5 406.6 407.3 409.1 400.6 385.7 374.5 367.9 367.5 367.9 369.4 370.5 372.1 371.9 370.2 361.6 363.7 364.7 366.4 366.5 366 365.1 362.3 359 357.9 358.3 361 363.2 370.3 373.6 369.3 361.2 357.1 350.1 347.6 342.7 337.2 329 316.9 307.1 294.7 280.3 268 256.3 238 241.3 242.1 250.7 249.6 252.4 257.2 258.3 262.6 261.7 261.6 263 263.9
269.3 269.9 273 273.7 279.1 290.9 302 316.2 327.1 336.9 347.2 355.3 358.6 356.2 357.2 373.2 388.1 392.2 394.1 403 406.5 405.3 410.1 423.5 423.1 408.1 391.5 379.4 370.7 368.4 370.4 372 373.2 374.3 375.2 368.5 365.1 367.7 370.1 368.2 368 368.9 369.1 365.1 361.3 360.5 363.3 367.8 372.8 376.4 378.5 374.1 365.1 358.8 352.8 352.3 345.5 339 329 317.7 308.7 297 280.4 264.8 249 226.2 236.8 238.3 243.4 248.6 247.5 251.6 254.9 255.9 258.5 261.2 263.7 264.7
265 267.2 270.8 273.9 282.7 288.2 298.3 311.6 321.2 330.5 335.8 340.1 344.8 346 345.5 356 375.4 380.9 384.1 391.1 398.7 410.6 415.8 420 417.1 407.3 396 381.7 369.9 368.3 368.4 369.8 373.4 374.8 374.4 366.7 365.9 370.6 375 371.7 368.9 368.8 368.5 365.2 363.1 364.9 367.6 371.8 375.3 380.5 382.4 376.5 365.3 356.2 352.5 352 348.7 337.7 324.2 314.1 303.5 294.3 272.2 254.2 239.3 218.5 231 231.3 239.4 241.6 243.6 246.1 248.3 252 258.5 259.5 261.5 265.9
263.4 266.2 268.3 271.8 279.1 287 293.8 303.6 312 321.9 329.8 334.1 332.3 332.8 336.7 344.1 361 367.2 375.7 386.6 397.5 408.5 419.5 422.1 420.2 411.5 397.6 381.5 371.4 369.2 370.1 370.5 372.5 374.2 373 365.3 365.9 369.5 370.3 369.4 367.4 366.5 363.7 359.2 358.2 361.2 365.4 369.8 374.9 380.8 381.9 375.3 362.8 351.2 346.9 344.8 340.4 329.8 316.5 304.3 294.1 282.6 257.2 244.1 229.9 221.4 224.4 232.2 234.9 233.7 241.4 241.9 244.8 246.9 251.3 254 258.3 261.3
255.1 258.8 262.2 267.4 276.4 286.9 292.2 298.9 312.2 316.7 320.8 325 323.5 321.6 324.9 337 353.1 362.7 369.7 381.2 393.6 407.1 416.7 417.9 414 406.9 394.6 383.6 377 373.9 373.8 372.9 373.6 374.4 370.5 363.1 364.7 369.2 370.5 368.1 365.3 362.8 356.9 350.3 351.4 354 358.2 362.6 366.4 371.3 374 367.6 356 342.9 333 328.4 324.1 314.2 303.8 290.2 279.1 265.9 246.8 231 218.7 215.7 219.8 224.8 228.7 231 236.6 237 241 244.5 245.6 246.6 247.8 253
250.3 253.8 257.1 260.7 269 279.9 289.8 295.4 305.3 307.9 313.2 318.6 313.5 310.8 312.3 327.6 344.1 357.2 367.5 378.1 389.9 403 404.8 405.4 402.3 396.3 385.8 376.2 372.7 372.2 371.2 371 370.8 370.2 364.1 357.6 360 363.3 363.2 359.8 358.3 355.5 348.8 340.3 337.6 340 346.1 349.8 352.9 358.2 359.4 354.2 344.9 332.2 320.5 317.3 312.8 302.8 292.6 278.1 266.3 252.8 232.7 218.7 215.6 208.6 216.4 220.7 221.8 227.8 230.3 237.6 243.6 241.8 241.1 238.8 238.6 242.4
243.6 246.7 251.8 254.3 265.5 271.8 280.5 287 294 297.7 301.9 306.5 304.5 300.1 305.7 317.8 333.2 347 359.4 367.6 378.5 387.4 389.2 391.6 389.9 384.7 374.5 366 363.3 363.6 363.6 364 363.8 362.7 355.2 353.9 356 356 354.1 351.2 349.7 345 337.9 331.1 328.9 330.4 335.5 337.3 339.2 345.3 345.6 340 329.5 318.8 310.6 307.8 303.3 291.2 278.1 264.6 249.7 236.3 222.1 212.8 209.2 201.7 209.5 213.5 217.7 219.9 228 235.7 239 239.2 237.5 235.8 235.8 236.4
233.6 238.1 242.8 247.1 252.7 260 268.7 274.8 281.1 285.5 291.4 293.5 293.6 293.5 302 314.2 329.9 341.9 347.7 357.9 366.8 371.5 373.3 374.6 372.3 367.4 359.7 351.9 349.4 349.5 352 351.8 350.4 348.4 343 345.3 347.9 347.7 346.2 345.1 342.2 336.9 329.5 324.9 322.5 322.7 325 325.6 327.7 333 334.3 327.4 316.4 306.9 304 297.1 286 274.6 262.5 250.5 241.4 231.2 215.4 206.5 204.2 201.5 202.5 203.5 210.4 215.2 222.5 228.1 234.4 236.6 234 233.9 233.9 235
223.8 228.9 232.9 239.7 245.1 249.7 255.9 261.6 267.7 274 277.5 280.6 281.7 291.3 297.9 307.3 320.1 328.5 336.3 345.3 351.8 357.9 359.4 358 353.7 349.2 342.8 338.1 337 336.9 338.5 339.3 339 335.4 331.8 335.8 336.7 336.4 336.7 335.6 331.6 326.1 320 315.7 314.4 312.7 314.6 315.9 320.9 323.9 321.4 315.3 305.1 296.2 290.4 281 266.7 259.2 250.8 243.9 232.4 220.1 205.8 196.5 192.9 195.4 197 194.8 202.8 209.5 217.1 224.3 226 225.2 227.6 229.5 230.2 232
217 222.7 226.9 233.3 236.8 242.3 246.9 254.5 261.6 270.1 272.2 274.1 277.9 282.8 290.6 299.9 309.4 315.5 322.9 327.6 332 335.6 339.4 338.4 335.3 331.7 327.8 325.5 324.2 325 325.3 326 326.4 323.6 318.1 321.8 324.7 325.3 323.4 321.3 317.4 313.7 309 306.4 303.9 302.5 304 304.4 307.7 309.2 305.7 298.9 290.3 280.4 272.2 264.1 259.8 253.9 243 233.6 223 209.9 198.8 188.9 186.4 190.9 190.6 190.5 197.3 202.6 210.1 215.2 216.5 218.4 221.5 225.2 225.5 224.5
211.6 216.3 220.3 224.9 229.2 236.8 246 254 262.3 266.8 269.5 271.5 272.8 276.8 283.9 297.5 305 309.8 313.9 318.5 320.3 321.3 321.5 320.5 318 316.4 313.5 312.6 311.7 313.1 315.5 316.6 317.1 313.5 307.6 311.6 314.2 311.6 310.6 309.7 305.2 300.4 298.5 296.8 293.2 293.2 292.4 292 293.8 292.8 288.1 283.4 279.3 273.6 268 259.7 252 243.4 233.1 223.9 215.1 202.9 189.4 184.5 179.3 184.9 182.5 184.8 190.7 193.6 200.9 202.9 206.7 210.7 211.3 209.6 210.1 215.9
206.4 210.6 214.1 216.6 218.9 230.9 239.5 250.6 259.4 262.7 266.6 267.5 268.2 270.8 278.9 294.5 301.1 307.2 308.3 310.3 309.5 309.6 308.8 306.7 304.9 303.5 301.6 302.4 304.7 305.7 304.1 304.7 301.8 298.5 296.5 301.9 306.3 305.7 304.4 302.2 299 293 288.3 285.2 284.3 284.8 284.3 284 285.6 285.4 280.3 275.5 269.1 263.3 256.6 250.6 242.9 234.8 223.4 215.5 204.5 195.8 183.3 180.8 176.7 178.4 179.4 178.9 182.1 185.9 191.2 193.8 198.6 200.5 199.7 197.9 199 196.9
202.7 203.3 207 211.1 211.4 224.5 231 242.3 250 253.6 257.7 258.6 260.9 264.3 274.1 286.8 293.9 300 300.1 300.2 297.6 294.9 294.9 295 293.4 292.7 291 292.5 294.4 296.1 295.7 295.1 290.9 289.6 292.5 296.3 297.1 295.5 293.6 292.4 287.1 283.3 277 273.2 274.3 274.2 274.8 275.9 278.7 283.7 276.6 269.3 262 258.2 252.5 247.1 238.9 228.8 219.9 209.5 198.1 186.7 177 178.8 171.7 174.4 178.9 172.2 173.7 179.1 183.5 185.2 189.9 190.1 189.6 185.8 183.6 181.1
195.9 198 199.8 203 204.2 210.1 220.2 229.9 237.4 241.5 246.1 248.3 253.2 258.6 270.3 281.3 288 292.5 290.7 289.5 285.9 284.6 284.7 285.1 284 282.6 281.6 282.1 284.9 287 289.6 289.2 286.3 284.6 285.3 285.4 286 283.1 283.7 280.8 279.4 275 268.7 266.8 265.7 265.2 265.5 266.6 268.7 270 265.6 259.1 256 253.1 247.9 242.1 236.6 227.1 216.9 206.5 193.6 180.6 171.3 175 166.4 181.1 173 170.1 166.9 173.3 176.9 176.2 175.1 172.8 170.9 170.2 174.9 172.7
188.6 193.4 192.8 197.3 200.6 208.3 214.4 220.5 228.8 232.5 236.7 241 247.8 252.7 264.7 276.2 283.4 284 281.3 279.6 276.6 274.9 275.7 276.6 274.3 271.7 272.8 273.7 277.3 280.3 281.2 280.3 276.5 277.5 278.1 277.4 277 273.8 274.4 270.4 269.4 263.4 259.8 257.2 255.9 256.5 256.9 257.9 258.6 257.5 254.6 249.8 248 246.6 239.6 236.6 234.1 225.7 216.3 205.4 189.3 173.4 163.9 163.9 168.7 172.3 166.9 165.2 161.8 170.8 170.6 170 167.4 162.4 162.7 165.6 166 168.3
181.9 186.3 186.5 192.7 201.7 208.6 210.7 215.5 222.4 229 236.6 245.2 248.4 251.4 257.2 262.1 266.5 269.4 269.6 268.6 265.4 265.8 265.3 265.3 265.5 264.9 269.7 271.9 273.6 273.8 275.3 273.6 268.7 268.3 269.1 265.6 266.7 263.8 263.4 259.8 255.9 251.1 247.8 246 247.4 246.8 248.2 250.3 251.8 250.3 246.9 242.4 239.9 236.8 234 229.5 224 214.5 207 196.7 182.4 169 156.4 161.2 167.7 163.9 158.9 158.1 163.9 167.9 163.7 159.9 160.4 161.5 161.6 160.3 160.1 161.2
175 178.3 182.3 191.5 199.7 203.6 203.5 208.8 217.1 224.5 234.1 245 248.6 255.8 265.7 267.9 269.4 270.3 273.1 269.6 265.5 263.9 263.1 262.6 263.6 266.3 267.5 267.9 269.9 268 266.4 265.4 263.3 263.3 262.1 258 253 251.4 248.8 244.2 240.3 238.2 235.1 237.1 238.3 239 239.9 243.4 244.9 244.7 240.5 236.9 234.8 232.6 230 224.8 217.3 205.3 199 187.3 173.1 160.8 152 162 163.6 159.5 154.3 151.1 159.4 163.4 159.8 159.8 160.7 157.6 155.7 154.6 157.1 158.7
169.5 173.2 173.5 185.4 195.2 192.3 197 207.1 215.4 221.3 230.8 242.2 247.9 259.8 268.7 273.6 275.1 277.8 279.3 279.6 272.1 265.7 262.3 260.3 260.5 259.9 260.6 262.2 263.2 260.4 258.9 254.7 259.8 258.7 257.2 250.8 246.3 241.3 236.8 231.2 227.8 223.9 225.5 228.2 229.5 229.3 230.9 234.9 237.7 236.9 231.8 229.8 229.3 229 227.5 219.7 214.2 204.6 197.8 184.2 163.8 152.8 145.9 157.8 160.2 155.1 150 144.1 149.9 152.3 149.1 157.5 154.1 150.6 150 150.3 153.6 155.1
163.4 167.4 170.6 178.9 187.1 185.1 198.4 207.9 214.5 219.6 230.3 243.1 248.1 259.3 265.2 271.9 277.4 279.9 278.3 277.1 273.2 265.7 263.7 259.3 256.6 254.5 254.3 253.2 255.4 253.7 253.3 250.7 251.7 252.7 252.6 244.3 237 231.5 230 227.2 216.5 212.8 213.5 218.1 219.2 217.1 220.6 225.8 228.1 226.8 224.3 223.5 223 222.4 220.3 222.4 223.5 207.9 192.2 176 157.1 146.6 138.3 147.3 152.5 147.6 140.6 136.9 142.7 142.2 141.7 143.7 144.7 143.1 143.9 147.2 149.8 150.7
158.3 160.8 163.6 166.8 173.6 186 194.4 205 210.9 219.6 232.8 239.6 244.6 253.1 258.3 267.7 274.2 278 271 269.7 262.9 263.9 261.9 258.9 254.4 251.5 247.9 247.9 245.8 245.8 246.7 243.6 244.6 244.5 243.5 233 223.7 221.8 222.7 213.4 207 204.2 206.1 208.9 205.6 206 209.7 216.7 218.7 217.6 216.2 215.9 216.2 213.7 215.7 218.3 216.1 200.8 182.7 161.5 148.1 137.7 126.4 133.4 141.9 137.4 132.2 133.5 137.8 134.3 132.9 137.9 139.7 139.8 140.2 142 144.4 148.3
154 156.6 160.8 163.9 171.2 180.7 190.3 198.6 206.9 213.5 229 236.1 241.2 248.4 252.5 262.3 265.2 265 260.1 260.3 261.2 260.8 257.2 254.9 250.1 246.1 245.4 246.6 245.3 242.3 240.5 238.3 236 235.2 231.5 221.9 214.8 208.2 206.6 205 195.2 192.7 197.9 195.8 193.2 193.4 196.8 203.8 208.1 206.6 207 208.4 206.5 203.9 205.6 206.3 204.5 189.8 168.5 148.5 139.1 128.2 119.8 118 132.5 130.1 126.2 129.9 132.2 128.9 127.5 132.1 134.9 135.2 135.8 136.8 139.7 144.3
150.4 151.6 156.6 160.5 166.1 173.6 183 191.1 201.4 208.1 222.7 232.2 235.1 239 244 251.4 253.6 254.8 254.5 255.3 255.3 252.1 250.2 247.1 245 244.8 249.5 250.4 248.6 242.6 238.8 235.6 232.9 227.9 220.1 212.2 210.9 197.3 197.6 193.9 181.7 178.1 183.2 181.1 180.5 185.1 188.6 193.6 198.1 198.3 201.1 199.9 194.1 193.5 192.2 190.9 186.1 174.6 155.1 142.9 132.3 119.8 113 115 119.7 121.8 121.8 120.1 120.5 120.8 122.9 125.8 129.5 130.9 132.1 134.1 136.5 138.3
147.6 149.6 150.9 155.4 159.5 168.1 178.8 187.3 196.4 204.3 216.6 227 228.7 229.3 231.4 239.1 243.1 247.4 246.9 246.6 246.7 245.6 245.2 243 243.3 244.2 248.1 248.7 246.2 242.7 240.8 236.7 235.3 234.4 226.8 220.2 211.7 193.8 190.3 178.6 171.2 172.4 176.4 174.1 175.2 178 182.7 186.8 189.9 184.9 188 186.3 184 181.4 178.3 173.5 168.4 157.4 143.5 133.5 124.7 117 110.9 111.4 114.5 117.2 117.4 115.2 114.2 118.9 120.9 122.4 123 127.2 129.2 130.4 132.3 133.8
144.4 145.3 146.5 150.3 157 164.7 169.7 179.2 189.7 198.2 209.1 219.7 221.2 219.5 225 233.5 235.2 237.7 234.7 237.2 240.6 241.6 239.5 239.6 239.8 242.8 245 245.7 245.7 243.4 243.9 243.3 245.8 240.8 225.3 223.7 218 201.8 183.8 173 168.3 169.4 171.4 168.4 168.1 170.3 175.3 179.3 180.6 173 172.4 174.3 170.1 166.6 166.1 163 159.1 150.9 136.6 126.5 117.2 108.5 104.6 106.2 116 114 111.4 107.9 109.7 113.8 118.8 120.1 119.7 122.5 126.6 128.7 129.4 130
141 140.7 142.2 146.2 152.4 156.8 161.2 173.1 184.4 193.1 200 210.1 211.3 213 220.1 225.1 228.6 229.1 226.1 229.1 233.6 232.8 231.9 230.6 231.2 235.5 237.5 238.6 236.7 234.6 236.1 239.5 241.3 231.5 215.4 211 197.3 191.2 182.5 177 167.5 167.8 166.1 163.8 163.7 165.4 168 170.4 171.8 164.8 165.7 163 156.1 157.2 158.2 155.6 152.2 145.9 132 119.7 110.2 104 98.4 106.7 112.3 108.1 103.8 99.5 103.3 110.4 111.9 112.7 114.9 118.2 122.4 127.6 127.3 125.9
136.8 136.6 138.1 141.8 146.7 150.6 155.2 167.7 177.8 185.4 191.6 199.6 204.7 208.6 214.4 217.2 220.9 221.6 220.2 221.8 227.9 226.6 224.7 223.3 222.2 225.7 231.3 233 226 222.5 221 223.4 221.7 214.5 201.5 198.6 183.9 178.6 174 173.8 170.7 164.3 161.7 160.9 161.2 162.4 162.9 163.2 162.7 157.4 158.4 152.2 143.8 147.6 148.1 149.9 145.2 137.6 125.3 113.6 105.3 95.6 92.9 104.4 106.4 100.7 94 93.5 96.9 99.7 102.4 107.6 110.5 114 118.5 122.2 122.6 120
135.1 133.1 134.2 136.3 140.5 144.7 150 160.1 167.9 177.2 186 193.5 200 202.6 207.6 210 213.4 215.5 215.5 216 218.2 216.8 215.9 215.8 216 217.4 217.8 219.5 216 210.8 208.3 206 205 199 191.8 187.8 174.8 167.1 164.5 163.8 166.6 167.4 160.4 158.3 161.7 162.3 162.3 161.2 158.7 156.5 152.4 146.7 139.2 138.2 140.6 140.3 138.8 129.1 117 104 93.6 91.3 90.2 100.7 102.3 95.8 91.6 91.3 91.8 94.2 97 101.1 104.2 106.5 111.6 115.4 114.3 112.9
141.7 136.2 130.3 130.9 134.7 139.6 145.8 152.8 162.3 168.9 179.1 186.5 191 193 199 204.8 208.9 209.8 209.9 211 211 209.9 208.4 206.6 205.4 207.9 210.4 208 201.6 200 198.6 197.9 196.1 185.9 184.9 181.5 169.1 160.8 154.8 156.2 155.8 155.5 154.7 156.8 161.3 163.7 162.5 164.9 164.6 157.1 151.7 144.4 139 137.6 136.5 132.5 128.6 120.9 107.8 96.3 90.3 86.4 88.9 92 91.5 89.4 85.5 85.5 85.5 87.2 91.1 94.2 97.2 101.9 106.8 108.2 108.2 109.3
149 142.9 135.3 132.5 131.8 134.7 141.1 146.3 153.8 161.8 169.5 178.9 183.8 187.3 196.7 200.2 202.8 201.6 200.9 202.4 203.1 202.7 200.6 197.9 198.4 200.1 198.1 195.4 192.1 190.8 187.6 190.9 187 177.8 178.3 172.3 161.9 154.2 150.1 148.8 150.2 150.7 151.8 155.1 158.6 159.9 161.1 162.7 160.2 151.1 146.3 143.1 139.6 138.9 138.2 132.9 125.7 116.5 105.2 96.1 90.9 91.5 85.5 85.5 85.5 85.5 85.5 85.5 85.5 85.5 85.5 86.5 91.7 98.8 101.9 102.2 105.7 109.4
151 143.2 135.7 132.8 131.3 129.6 136.2 139.5 147.3 154.7 162.7 170.4 177.7 182.9 189.8 194.2 194.6 192.1 191.4 191.3 192.5 192.8 191.6 191.8 193.3 196.4 195.9 191.7 184.8 183.2 180.1 182.2 175.9 167.7 167.9 162.9 157.3 147.5 143 144.5 146.9 147.2 148.8 152.3 156.6 155.9 156.3 158.4 153.3 146.1 143.4 142.2 141.5 142.8 141.9 134.5 126.1 114.6 103.5 94.2 91.2 85.5 85.5 85.5 85.5 85.5 85.5 85.5 85.5 85.5 85.5 85.5 89.9 91.2 94.9 96.8 101.8 105.3
149.2 142.4 134.9 132.2 130.7 129.8 131.5 135.6 139.8 149.2 156.2 162.7 169.7 175.1 182 185.7 185.9 184.6 183.8 183.5 184.3 185 185.8 186.6 189 192.4 190.1 183.4 178.7 174.4 173.5 172.2 169 162 158.4 154.5 148.7 142.6 138.7 141.5 143.3 143.9 146.2 148.5 153.8 152.1 152.7 152.8 147.9 144.9 142.7 142.2 144.1 146.6 143.6 132.3 120.9 110.2 101.9 91.1 85.5 85.5 85.5 85.5 85.5 85.5 85.5 85.5 85.5 85.5 85.5 85.5 85.5 85.5 86.5 87.3 90.9 91.3
146 139.4 133 130.7 130.1 129.8 129.5 130.8 134.8 140 150 156.7 162.3 167.2 172.2 176.2 177.2 177.5 177.1 176.5 176.5 178.5 180.6 180.7 181.2 184.1 180.3 174.4 172.4 169.5 171.1 167.8 161.2 157.5 157.9 149 145.7 139.6 136 141.3 141.7 141 143.7 146.6 149.8 148.5 150.5 151.2 144.8 141.8 140.1 141.2 142.3 145.5 141.2 126 113.4 104.4 97.3 85.5 85.5 85.5 85.5 85.5 85.5 85.5 85.5 85.5 85.5 85.5 85.5 85.5 85.5 85.5 85.5 85.5 85.5 85.5
