app/static/ascii/NH37.asc
ncols 200
nrows 200
xllcorner 230000
yllcorner 870000
cellsize 50
[rows 70 to 104 of 200, columns 0 to 77 of 200]
613.6 629.1 642.4 655.2 669.8 683.8 696.9 709.8 723.9 732.8 740.1 744.4 745 740.5 728.8 711 699.5 690.3 683 677.2 671.5 668.1 665.8 662 658.6 652.8 647.6 642.3 634.3 623.4 613.8 600 579.5 550.5 538.2 525.4 519.2 515.2 508.9 500.8 495 491.6 489.1 485.9 486 484.4 482.1 480.5 485.1 488.3 484.1 479.9 476.6 475.5 473.2 474.2 471.5 471.5 469.7 465.2 462.3 463.2 462.5 459.1 458.3 455.6 452.4 455.3 453.9 452.1 453.2 450.9 444.7 435.1 424.3 411 390.2 371.8
612.4 628.6 645.6 661.1 675.1 688.5 704.1 717.3 728.2 738.4 745.8 750.3 751.3 747.5 740.3 727.1 716 708.9 700.6 695 691.5 687.6 684.7 680.8 678.6 673.1 667.9 663.2 656.4 647.7 637.7 620.5 595 565 552.8 541.9 536.3 529.5 520.1 510.3 502.1 496.5 493.8 491.6 494 491.9 488.2 481.8 479 483 479.8 477.1 476 477.7 477 477.4 477.3 475.7 473.8 469.4 464.6 456.9 456.4 454.2 454.3 450.4 444.6 441.7 438.9 437.5 440 438.7 434.9 426.7 417 403.5 386.4 367.9
611.1 628.2 645.6 661.4 678.5 694.2 711.1 725.2 737 745.4 752.4 757 758.6 754.9 747.5 739.9 732.2 723.3 717.5 712.4 707.9 704.8 702.2 699.4 696.3 692.2 687.4 682.9 677.9 671.8 661.4 642.2 610.1 583.8 570.1 563.7 555.2 545.7 537.9 524.1 513.8 508 504.9 504.2 507.1 503.2 495.5 488.8 487.1 484.4 482.4 482.6 482.2 481.8 480.7 480.8 479.5 478.1 476.4 472.1 469.6 465.7 461.7 457.5 450 443 436.1 433.2 431.9 428.5 424.9 421.6 420.8 416 408.7 394.7 380.4 359.6
608.4 626.5 644.7 662.8 681.4 698.3 716.6 733.5 746.4 753.8 759.3 760.7 761 759.1 753 747.5 742.1 736.9 730 726.3 723.1 720.6 717.9 715.2 712.4 708.7 704.6 700.7 697.4 694.5 686 666.5 629.1 601.5 587.7 583.1 571.6 562.5 554.6 541.4 529.3 522.4 519.1 518.2 518.9 515.4 508.7 503.3 502.7 499.2 493.4 490.7 489.1 487.1 485.9 483.5 481.6 480 477.4 475 472.8 469.8 466.1 460.1 454.9 449.8 442.5 435.9 427.9 419.1 415.7 409.9 408.4 403.8 396.5 383.9 370.2 352.1
603.5 623.5 643.6 663.5 682.7 700.7 720.4 738.6 752.1 758.5 759 756.4 755.3 755.3 756 753.4 748.8 744.3 740.8 736.7 733.5 730.8 727.9 725.7 723.1 720.4 717.7 715.6 713.4 712.6 709 698.5 662.4 632.9 607.3 596.1 585.5 578.7 569.7 558.6 544.5 538 534.4 531.8 531.9 529 523.4 517.9 516.9 512 505.8 502.3 497.4 494.1 493.2 488.3 486.7 484.9 480.9 478.7 476.4 473.2 469.9 465.7 460.6 456.5 449.3 441.8 434.6 424.9 409.8 399.8 397.4 392.3 385.4 377.4 362.4 346.3
598.2 620.2 641.9 661.3 680.9 701.7 721.3 738.8 751.8 753.6 751 748.4 748 749.6 751.3 754.1 753.2 748.9 745.9 742.7 739.9 737 734.3 731.4 729.3 727.2 725.3 723.2 724.2 724.3 724.3 721 694.1 656.1 630.4 615.1 602.6 595.1 583.7 573.2 562.2 553.4 548.5 544.5 543 541.3 538.6 535.3 531.6 527 521.9 517.2 512.5 508.8 505.2 499.5 495.8 492.4 488.1 483.6 480.3 477 473.5 469.1 464.7 461.6 456.8 450 441.6 430.8 419.7 409.1 395.2 387.2 378.3 371.7 354.5 342.7
594.2 616.5 637.1 658.5 679.1 699.8 719.9 736.9 746.7 746.3 740.5 738.3 739 741 743.8 747.2 750.6 750.9 747.5 744.2 741.2 738 735.2 732.8 731.1 729.4 728.6 728.4 729.5 732 733.7 733.1 717.1 682.5 656 637.8 624.7 613.1 600 587.6 577 567.4 562.6 558.1 556.4 556.3 555.7 552.4 548.6 544.3 540.1 534.7 528.2 524.4 519.9 515.4 509.3 503.7 497.6 493.3 488.4 483.3 478.5 473.1 468.1 464.9 460.4 455.9 449.3 439.5 426.1 412.2 399.5 385.8 369.8 360.2 351.3 338.8
589.4 611.3 633.1 655 676.9 698.9 717.9 730.2 737.3 737.9 733.5 729.1 728.5 729.8 734.5 738.8 742.4 744.8 743.7 741.4 738.9 736.3 733.6 731 728.7 726.9 726.7 727.2 729 732.6 736.9 741.1 737 713.4 686.6 663.8 645.1 630.6 616 602.5 591.1 581.4 574.9 574.1 573.1 572.7 572.6 569.6 566.5 562.8 558.7 552.5 547.9 542.2 537.9 532.5 525.4 518.3 510.5 504.6 499.5 493.9 487.1 481.7 476.3 470.7 465.8 459.4 453.6 446.7 435 418.5 402.9 379.7 356.2 339.3 339.2 332.6
585.6 605.9 628.9 651.3 673.9 694.6 713.1 724.1 731.8 731.2 723.1 717.7 715.4 717.6 722.9 727.2 731.2 734.3 736 734.9 733.9 732.5 729.5 726.7 723.8 721.4 721 722.8 725.1 729.6 732.7 736.4 739.5 727.2 708.1 689.7 667.5 646.3 629.4 615.6 606.1 596.2 589.7 591.1 591.8 591.3 589 587.1 584 581.2 577 572 566.7 561.7 556.2 551 544.1 536.7 527.4 520 513.3 507.1 500.5 493.4 486.9 481.2 475.9 469.6 462.1 455.1 446.1 431.5 412.5 393.4 375.3 359 348.1 334.7
583.4 602.3 623.4 646.9 669.2 690 708.9 722.1 726.9 722.4 709.6 702.8 702.8 705.1 709.1 715.1 719.4 721.8 722.8 724.6 724.4 723.3 721 718 714.9 712.6 713 715.4 717.5 721.4 724.7 726.2 727.7 725.1 715.7 709.1 692.8 669 649.4 635.2 626.4 615.3 610.3 608.8 608 609.2 609.7 608.4 605.7 602.8 597 590.7 585.3 580.7 574.2 567.1 559.5 552.8 542 533.9 525.1 517.7 510 502.6 495 488.2 483.7 477.5 471.1 464.6 454.6 445.3 429 409.3 391.7 376 364.9 352.1
581.8 598.1 617.9 639.9 661.9 682.5 703.1 715.1 718.9 711.8 699.1 688.7 688.3 691.8 695.8 701.2 706.5 709.4 710.7 711.5 711 710.6 709.1 706.5 703.7 701.8 701.8 704.7 707.9 710.8 714.3 718.4 719.1 718 715.1 712.7 708.4 697.2 679.8 665.7 652.9 645.2 643.1 638.9 636.5 633.3 630 626 622.9 618.7 612.7 605.7 600 593.7 587.1 580.5 571.8 562.8 551.7 541.4 531.6 523.4 516.7 507.8 499.9 493.1 488.2 483 476.6 469.9 460.6 450.7 439.1 419.9 402.4 386.4 373.3 361.2
580.4 595.5 613.5 634 653.1 673.1 691.3 704.9 706.8 699.2 686.9 676.3 675 677 681.3 686.9 692.1 696 698 698.1 696.8 695.1 694.7 693.2 690.5 688.9 688.7 690.5 694.6 699.2 703.5 707.2 709.5 710.3 711.3 712.4 711.8 706.5 701.1 696.1 689.1 680.3 671 662.6 654.9 648.6 643.4 637.3 632 628.4 622.1 616.3 609.9 603 594.8 587.7 579.3 569.7 559.4 548.7 538 529.6 521 513.1 504.1 497.7 490.7 485.5 480.2 473.8 465.2 453.9 443 428.2 410.2 395.2 385.5 375.7
579.4 595.9 613.6 629 645 662.1 675.6 685.8 691.4 684.5 672.2 661.6 660.4 662.4 666.7 672.6 678.4 682.4 684.7 685.1 683.9 681.6 680.1 679.1 677.7 675 675.2 677.5 680.9 684.1 689.6 694.1 696.9 700.4 706.5 710.7 713.4 712.3 707.3 704.4 699.5 692.5 683.8 674 665.8 658.2 651.1 644.2 638.4 633.5 627.1 621.4 614.9 606.2 598.1 590.3 581.7 574.6 564.1 554.6 542.9 532 524.4 515.9 507.2 498.3 491.3 486.1 481.5 473.3 467.1 456.7 446.2 434 415.8 400.4 390 380.5
580.3 595.7 612.5 627.9 638.4 649.4 658.9 664.5 667.8 666.5 655.7 645.4 643.2 648 653.1 659.2 663.4 667.1 671.5 672.6 671.4 669.5 667.4 666.7 665.6 663.5 662.1 665.9 668.7 672.5 677.2 682.4 686.2 692.3 700.9 710.5 715.7 716.6 713.5 710.2 705.3 698.6 691.7 682.3 672.9 664 656.2 648.7 642.6 636.6 629.8 623.7 616.3 607.8 598.4 592.5 581.6 574 566.9 555.2 544.1 532.5 525.8 516.8 506.3 497.5 489.6 485.8 482.4 473.8 465.8 458.1 446.9 435.2 420.7 403.3 387.3 373.8
582.1 595.5 609 623.8 632 636.4 639.1 640.5 637.5 638.1 632.5 624.5 626.1 631.7 639.2 644.6 651.4 655.6 659.4 660.1 659.3 657.8 656.3 654.5 652.6 652.3 651.2 655.9 657.8 661.3 666.1 673.4 680.3 688.4 699.5 711.5 719.8 721.7 718.8 714 709.9 704.2 696.1 687.2 677.2 668.1 659.9 652.9 645.4 638.5 630.5 623.3 615.4 606.8 596 590.2 580.1 570.9 563.2 554.1 544.2 533.4 525.5 517.5 506.1 496.6 488.5 484.3 480.5 473.2 466.2 458.5 448.3 435.3 422.3 407.6 389.2 368.7
581 592.1 602.7 614.5 620.6 623.4 622.8 618.4 612.3 610.5 607.3 602.9 607.6 616.5 624 631.5 638.6 643.1 647.6 647.7 647.4 645.4 642.6 639.2 640.6 643 641.4 643.3 641.9 647.4 658.2 669.4 678.5 687.9 700.7 713.3 722.6 727.7 722.8 718.1 713.3 707.3 699.8 689.6 680.1 670.4 661 653.4 644.5 637.7 629.3 621.6 613.3 604.5 595.6 587.7 578.5 569.1 559.3 551 542.1 531.4 523.5 515.9 506 497.7 491 484.7 478.8 472.1 466 459 447.8 440 427.2 404.6 391.9 369.1
576.7 585.7 593.3 601.7 606.9 607.5 606 602.5 591 586.9 584.6 586.6 590.2 598.5 610 618.7 625.9 630.5 633.9 635.3 634.1 630.8 627.4 625 629.6 633.5 631.4 629.9 640.6 651 662.3 671.3 680.5 689.8 702.9 716.1 725.7 732 727.5 721.6 715.8 709.1 700.6 691.9 681.7 671.6 661.2 651.4 642.3 634.1 625.4 616.9 609.2 601.6 593.7 584.3 576.3 565.7 557 548.4 539.7 529.3 521.5 515.1 507.4 499.6 491.9 486.2 479.5 471.6 466.4 463.1 456.7 448.2 438.4 422.1 404 384.2
569.5 576.9 581 585 588.8 589.6 586 582.3 574.5 569.6 566.5 569.9 574.9 582.6 594.2 604.5 612 617.9 621.3 623.4 622 620 619.4 615.8 617.3 619.4 627.1 639.3 647.9 655.8 664 674.9 684.7 693.9 709.6 720.1 729 733.5 730.3 723.2 716.6 710.4 702 691.8 680.5 670.2 659 648.7 639.1 630.3 621.5 613.2 605.1 597.8 590 581.2 573.9 563.2 553.3 546.9 537 525.1 519.6 512.3 507 501.3 494.1 488 483.8 477.1 470.7 468.3 462.8 456.9 448.5 439.1 423.2 400.6
558 562.8 565.5 568.3 568.4 568.1 566.2 561.1 556.6 553.5 553.7 556.3 560.8 568.7 578.6 589.3 597.9 603.5 607.8 610.7 613.2 613.2 613 612.2 620.4 631.9 639.8 646.7 655.2 663.4 671.1 680.3 691.2 703.5 715.3 724.8 732.9 736.7 732.4 725.4 717 710.8 702.5 691.1 678.7 667.4 656.8 645.8 634.9 625.1 617.3 609 599.6 593 585.9 578.5 569.9 560 550.6 544 535.9 527.4 519.8 516.1 508.8 501.6 495 491.7 489.2 483.7 476.3 471.6 467 461.4 456.6 451 436.7 415.8
543.5 544.6 547.5 546.9 546.4 544.8 542.7 539.6 539 540 541.5 543.9 549.3 554 564.1 575.2 584.6 591.5 595.5 600.2 604.8 607.7 610 620.5 630.1 638.8 646.7 653.8 661.9 670.2 678.5 689.1 700.1 711.4 721 730.2 734.6 737 733.2 726.8 719.4 711.2 702 689.7 676.9 664.8 653.4 641.9 631.4 622.4 613.7 605 595.7 587.9 581.8 575.4 567.7 559.8 552.1 544.9 536.3 532.6 528.7 523 516 509.3 500.8 495.3 492.8 487.9 481.3 474.5 471.2 466.8 463.9 456.7 447 427.6
521.5 524.1 525.5 523.4 519.6 518.9 519.8 520.9 523.5 527.1 528.6 531.5 537.4 544.5 552.6 564.7 575.4 581 584.9 587.6 591.7 606.4 615.7 624.9 633.9 643.7 651.9 659 666.5 675.6 684.8 695.9 706.6 717.9 727.3 734.3 737 736.9 734 727.2 718.9 710.8 701 687.3 674.8 662.2 650.1 638.5 627 618 609.2 600.7 592.7 584 577.7 572.1 565.7 559.1 552.7 547.4 544.6 540.7 536.4 530.8 523.2 515 508.4 502.4 498.5 492 485.3 479.1 477.6 473.7 470.2 464.5 450.9 437.4
505.9 500.3 501.7 501.1 499.7 500.6 505.7 508.4 510.8 516.3 518.4 520.4 526.1 535.1 545.1 555.7 565.3 570.7 574 585.3 596.7 606.8 615.6 625.6 636 646 653.9 661.3 669.3 679 688.6 700.3 712.4 722.8 731.1 737.3 738.5 738 734.5 726.5 718.2 709.3 697.7 683.4 672.3 659.9 648.4 635.7 623.5 615.3 605.6 598.6 591.2 582.3 573.9 568.8 565.3 560.2 558.5 555.6 551.7 547.1 543.2 537.5 530.7 522.7 516 508.6 503.8 497.6 489.3 485.3 483.4 479.5 475.6 469.9 451.2 451.5
490.5 482.8 483.6 483.3 486.1 491 493.6 498 502.6 506.9 503.3 512.5 523.6 531.6 541.2 551 559.8 566.9 578 588.5 598.3 606 611.6 621.2 632 644.2 653 660.6 668.9 678.9 689.5 702.4 714.7 725.2 733.9 739.2 740.3 739.3 734.1 724.7 714.9 705.8 693.4 679.9 668.5 657.4 645.9 632.2 621.5 614.3 603.7 595.9 589.5 579.1 576.5 574.4 571.1 568 565.2 562.5 559 554.4 549.4 543.3 536.1 529.2 522.1 515.6 509.7 504.4 498.9 492.6 488.2 484.3 480.5 476.8 458.8 451.8
474.9 469.1 468.3 472.9 476.2 481.9 488.3 491.6 495.7 496.1 507.8 515.8 526.7 537.9 548.5 559.3 568.5 575.2 584 591.4 598.8 602.8 605.9 612.4 623.6 637.3 648.3 656.8 665.8 676.6 687.7 701.6 713.7 724.9 734.6 741 740.4 737.3 730.5 720.9 710.6 700.8 689 677.5 666.1 654.7 641.2 628.8 619.3 612.9 605 595.9 590.8 586.7 585.1 582.7 579.2 576.2 573.6 569.9 566.3 561 556.2 550.1 543 537 530.5 522.7 516.9 512.4 506.9 501.3 494.8 490.9 487 484 475.5 459
459 457.6 457.5 463.7 470.8 476.3 480.9 484.3 490.2 501.3 512.9 522.5 533.7 544.3 552.4 563 571.7 579.4 588 593.4 600 601.3 602.9 607.1 615.7 628.2 640 650.2 660.4 671.8 684.4 699.2 711.7 722.1 733.3 741.7 738.3 732.7 724.7 715 705.1 695.3 686 675.5 665.1 654 640.8 627.6 617.6 613.2 609.6 605.4 601.4 596.6 593.1 590.5 589.8 586.5 582.6 578 574.2 568.6 563 556.6 547.9 542.1 536 528.6 522.8 518.3 512.7 507.3 502.4 497.7 493.1 490 488.1 468.5
438.4 443.8 447.9 456.8 463.4 465.9 472.5 484.3 493.8 504.3 514.8 523.9 535.8 544.7 552.9 562.7 570.5 578.2 585.6 591.4 597.4 599.9 600.9 602.1 606.7 617.4 630.1 641 651.6 664.3 677.6 692.5 707.4 718.3 730.1 736.1 732.9 726.1 718.5 711.1 700.3 690.8 682.9 674.6 665 656.3 645.4 636.6 627.8 622.1 620.5 616.4 613.2 608 602.7 599.6 598.1 595.9 592.5 588.6 582.9 577 570.2 562.6 554.5 546.8 541.1 534.9 527.8 523.4 518.5 513.3 508.9 503.1 499 496.4 493.8 482.1
424.5 430.8 439.3 443.8 454.1 467.1 477.4 487.3 496.9 504.3 513.3 523.4 532.6 542.2 550.4 557.3 568 574 579.2 586.2 592.6 595.7 595 594.5 596.6 603.6 616.4 629.6 641.7 654.1 669 684.3 702.6 714.8 724.7 729.9 727.7 720.2 713.6 708.2 696.1 688.4 681.6 673.8 666.8 660 653.3 646.8 639.5 634.7 631.5 626.5 623 618.8 614.8 611.9 609.9 606.9 603.6 599.6 592.9 583.9 576.3 568.7 561.3 554.9 547.2 541.3 534.4 528.8 523.9 519.2 514.9 510.3 506.2 502.6 499.5 493.8
414.2 420.3 427.1 445.4 457.6 468.4 479.3 489.4 496.7 503.7 510.6 518.4 527 536.1 543.8 553.6 561.1 566.7 569.6 575.9 579.4 585.6 586.5 584.9 585.8 590.5 601.5 616.4 630.5 643.8 658.5 674.7 695.1 708.4 718.8 725 725.6 716 710.7 705.4 694.8 687.5 681 674.6 668.2 664.7 659.9 654.7 648.1 642.9 638.9 634.1 631.8 628.2 625.7 622.9 620.7 617.6 613 608.3 601.8 592.3 583.8 575.6 567.9 561.5 554.2 547.9 540.9 535.4 531.2 526.4 521.6 517.6 514.8 511.1 506.3 501.5
403.9 416 428 440.9 455.6 466.6 477 486.5 494.7 500.7 506.1 513.3 520.9 528.7 533.8 543.2 551.2 556 558 557.3 561.6 568.9 572.6 570 572.3 578.6 589.9 602.4 618.4 633.3 648.8 665.6 684.2 700.2 711 718.6 719.5 712.8 708.9 703.9 695.2 687.1 680.3 675.1 670 667.5 663 658.9 653.2 647.3 644 641.4 638.8 636.7 634.6 632.4 630 626.9 621.4 616.1 609.7 602.6 592.9 584.5 575.2 566.4 559.6 554.2 548 542 538.2 533.8 529.2 526.9 524 519.6 512.4 505.5
396.6 410.7 423.5 436.8 451 463.1 472.2 481.6 489.3 494.9 500.6 506.7 514.2 522.2 525.2 529.4 535.7 541.9 544.7 541.6 541 548.2 555.2 553.4 555.8 564.6 578.1 592.4 607.3 622.4 638.7 655.4 674.6 691.7 704.1 712.4 713.3 708.4 704.8 700.5 692.6 685.2 678.4 673.5 669.5 666.7 663.5 659.5 655.1 648.9 647.3 646 645.6 644.6 642.8 640.6 638.2 635.5 630.8 624.7 618.1 611.1 601.4 592.2 581.7 572.7 564.5 558.7 552.6 547.8 545.3 541.9 537.3 533.7 530.9 524.7 517.1 508.9
388.8 401.8 415.1 428.7 445.1 456.1 463.3 474.1 480.7 486.8 493.3 499.3 505.1 512.5 516.2 516.4 519.3 523.5 529.2 525.3 520.1 524.9 532.3 535.1 539.4 551.1 563.8 579.4 595.5 611.6 628.7 643.6 661.1 680.1 690.6 699.5 703 700.7 697 692.5 686.8 679.1 672.3 668.5 664.9 662.7 659.1 656.4 653.6 648.4 648.1 648.3 649.8 650 649.4 648.8 646.9 645.3 641.1 634.4 627.4 619.3 608.3 599.5 588.8 578.1 569 561.4 555.6 552.3 549.9 546.6 543.2 539.1 534.9 527.4 520.4 511.9
377.1 388.7 402.2 415.3 431.5 443.4 450.9 460.3 470.6 474.1 481.4 487.8 493.6 500.3 505.2 503.6 505.1 504.8 510.1 508.8 502 504.1 507.5 516.9 522.2 534.2 549 566.6 584.2 600.3 617 632.2 649.3 664.9 675 683.7 688.9 689.6 684.4 680 675 668.3 663.1 660 656.6 654.3 651.4 650.1 648.7 646.5 646.9 648.8 653.6 654.8 655.4 655.2 654.8 654.5 651.2 646.2 636.4 626.1 613.9 603 592.8 582.3 572.7 563.8 558 553 551.4 548.7 546.2 541.7 536.1 529.4 521.6 512.4
366.1 375.4 388.6 400.2 414.1 425.7 436.3 442.8 453.9 460.6 466.8 473.7 479.9 486.5 491.2 491.9 490.5 488.4 485.9 486.7 487.2 490.3 492.6 499.8 507.8 520.1 534.6 551.7 571.5 587.2 603.1 618.9 636.1 650.7 659.7 664.5 670.5 674.3 670.4 666.1 660.7 655.1 650.8 647.8 645.1 642.9 641.4 641.9 641.9 641.6 642.6 647.2 651.9 654 656.7 658.4 660.1 661.4 658.9 654.4 642.9 630.8 616.4 604.4 595.7 585.7 575.1 566.2 558.2 552.8 550.7 548.7 547.6 543.4 535.9 529.4 521.1 512.1
353.7 361.9 373.5 386.2 398.1 410.9 419.6 427.4 436.3 444.6 451 457.2 462.4 467.8 475.5 478.7 475.7 473 469.5 467.9 469.7 475.4 478.7 482.5 491.7 508.5 523.8 537.2 557.9 574.5 587.5 604.3 618.7 633.3 639.8 644.4 651.1 655.3 651.6 647.4 643 639.3 634.2 631.4 630.3 629.2 631.5 632.9 633.4 633.1 636.4 641.5 647 649.8 653.5 657.1 661 666.1 664 658.5 646.1 632.7 615.1 604.7 597 587.6 576.3 566.9 558.3 551.8 548.6 547.5 546.9 543.9 536.8 529.5 519.6 511
342 349.7 358.3 369.1 380.9 395.9 405.4 413.9 420.6 427.6 433.8 440 444.9 450 456.4 464.1 461.7 459.8 456.6 453.3 458.6 462 464.6 469.5 482.2 494.9 507.9 522.3 540.7 560.9 572.5 585.5 596.1 611.7 616 620 626.1 633.2 630.9 622.8 620 617.1 610.8 610.8 610.9 614.2 616.4 619.1 621.1 624.3 626.5 631.1 636.4 640.2 645.5 652 657.7 664.6 664.4 657 645.6 632.6 615.6 604.3 598.3 588.3 576.2 566.6 556.7 550.7 547.2 545.1 544 542.4 536.3 527.7 518.6 510.1
