app/static/ascii/NH38.asc
ncols 200
nrows 200
xllcorner 230000
yllcorner 880000
cellsize 50
[rows 35 to 69 of 200, columns 78 to 155 of 200]
812.6 815.4 818.2 820.9 819.7 814.6 788.6 763.3 739.4 715.2 691.6 674.7 660.7 651 641.5 631.9 621.4 610.7 596.8 582.6 571.6 559.2 536.5 522.6 534.3 536.7 542.6 547.7 552.6 555.8 575.4 604.7 635.5 674.3 711.6 749.3 780.5 786.4 785.3 777.7 755.3 731.2 720.3 691.6 666.3 644.2 621.9 596 579.6 570.9 568.5 565.7 564.1 561.8 560.8 556.6 553.2 549.6 545.5 539.4 531.9 524.3 518 511 506.1 499.6 493.2 485.8 477.8 468.2 456 442.3 430.8 419.4 405.6 392.1 380.1 367.9
820.5 824.2 826.3 826.8 816.3 791.2 766.6 739.6 720.2 704.7 689.6 674.1 662.4 650.9 638.7 627.2 618.4 604 591.8 584.2 569.1 555.4 536.5 534.4 526.8 535.8 539 546.3 555.8 567.7 589.9 619.8 663.6 708.7 736 771.2 790.2 785.8 773.2 755.1 728.3 709.9 689.6 663 637.4 619.1 604.3 587.4 569.9 561.2 559.2 556.3 557.2 555.4 550.9 545.6 542.8 539.2 535 529.9 523.4 516.7 508.2 501.1 493.2 485.2 476.2 467.3 459.2 447.9 435.9 423.3 411.4 399.5 386.7 374.1 364.7 355.5
825.5 830 831.4 825.5 791.8 762.8 738.6 717.2 702.1 694.8 683.8 671.7 660.8 648.8 635.7 623.9 610.6 599 592.3 586.2 565.8 551 538.3 531.5 526.7 532.8 540.1 550.2 561.6 587.7 613.8 649.6 699.2 734.7 763.7 791.5 795.8 774.4 751.7 736 713.3 686.9 663.1 635.1 612.9 597 584.4 577.3 570.3 565.1 561 556.9 555.7 552.3 546 539.4 536.1 530.1 524.5 515 507.6 498.5 490.6 484.1 474.9 466.5 458.6 448.6 439 428.5 416.6 402.2 390.7 379.7 370.6 359.7 352.1 347.3
828.8 833.1 833.9 804.5 774.6 744.5 718.1 702.6 692.2 683 673.4 661.4 652 641.5 629.5 616.4 604.4 593.3 587.6 582.2 565.3 549.1 541.8 534.2 530.4 530.8 539.3 551.2 573.5 596.4 634.3 680.4 727 758.5 793.5 803.6 796.2 777.5 748.9 720.2 698.8 670.5 641.3 617 599 588.7 579.8 574.5 570.2 568.1 564.8 559.4 555.2 542.4 539.8 531.1 522 512.1 504.8 497.1 489.3 482.6 474.7 466.3 457.7 450.3 440.5 431.5 418 407.8 395.3 383.9 373.5 364.7 357 350.4 345 340.6
830.3 833.5 832.9 797.4 764.4 735.1 706.9 688.7 676.6 666.5 658.7 647.4 637.4 627.6 614.3 606.3 596.7 585.8 576.8 571.4 558.4 547.4 541.4 528.9 541.9 543.3 548.9 564.8 591.6 615.9 657.7 701.3 738.7 776.3 808.7 807 795.3 759.4 731.9 699.1 675.4 653.9 624.2 605.5 587.6 583.5 579.5 574.4 569.3 565.5 560 550.6 544.9 535.8 517.8 512.5 506.7 497.4 489.6 481.1 473 466.7 459.4 451.1 443.3 435 423.3 411.4 402.4 390.7 381.5 372.7 362.1 356.2 350 343.3 338.9 335.4
830.8 833.7 832.2 802.1 766.4 737.9 708.8 684.6 667.9 656.6 645.7 635.3 623.1 615.9 598.9 592 586.8 577 566.7 559.2 552.1 542.7 538.2 533.9 545.5 553.2 567 587.2 610.9 652.2 695.6 711.3 759.8 788.6 815.7 808.4 784.1 745.6 718.3 692.2 653.5 627.9 610.3 596.2 583.5 581.7 575.5 568.5 562.5 554.2 545.5 535.2 525.8 515.9 504.6 497.2 488.9 480.8 473.7 467 457.6 450.7 444.4 437.2 429.2 418.6 408.3 398.2 388.6 379.4 370.9 362 354.9 349.7 345 339.9 335.1 332.4
831.5 833.4 832.5 810.3 774.3 748.8 720.8 689.9 661.3 652.6 639.3 623.4 611.1 600.5 587.8 582.4 576.1 566.4 556.8 547.4 543.9 541.7 533.7 543.1 558.4 571.7 598.5 626.1 657.1 699.1 735.5 750.3 771.1 810.8 822 810.4 778.7 744.4 712.1 680.4 649.4 610.7 594.6 584.5 577.9 572.3 563.1 554 547.4 539.1 528.8 518.8 506.7 497.5 490.2 482.3 474 466.1 459.6 451.9 443.8 436.6 431.5 423.9 414.6 404.9 394.5 385.6 377.7 369.6 363.5 356.1 349.5 345.3 341.8 336.8 333 329.9
833.2 833.8 832.3 826.1 797.9 773.2 749.9 707 677.8 659.5 649.7 618.9 604.4 586.6 576.4 567.2 567.5 558.7 549.2 544.6 538.5 535.3 536.6 554.3 576.6 595.6 624.8 664.2 698 764.1 770.8 794.4 800.3 823.9 825 810.8 783 752.3 713.7 675.2 640.8 600.6 577.1 569.6 562.8 553.9 543 535.6 530.1 525.4 515 503.8 494.6 483.6 477.7 465.4 458.3 443.5 439.9 437.7 428.9 421.5 417.7 410.9 402.1 394.7 387.2 376.4 370 364.3 358 351.2 345.8 341.2 337.4 333.3 330.2 327
835.4 835.4 833 828.4 820.5 801.8 768.1 731.8 702.5 674.9 656.6 620.4 593.7 587.2 569.3 561.9 556.5 550.1 541.5 535.7 534.4 534.6 543.3 563.3 588.3 616.1 655.4 704.5 732.4 791.6 801.7 829.8 831.4 832.5 825.7 812.7 775.9 749.8 712 672.5 635.1 602.4 576.3 558.3 546.8 539.7 529.3 522 517.4 513.4 503.9 493.1 484.9 474.6 465.4 454.5 439.2 428.8 424.7 419.8 413.4 408.3 403.2 398.4 392 385.2 379.4 372.4 365.3 359 353.6 348.1 341.7 336.5 331.6 329.3 326.7 325.4
837.9 836.3 833.1 827.2 819.8 810.8 777 748 720.7 693.6 655.8 621.7 592.7 576.9 565.2 557.5 545.7 541.6 542.1 535.2 535.7 546.6 563.1 580.4 610.4 638.9 671.6 708.6 745.4 791.5 828.9 836.4 835.2 830.6 824.6 815.4 786.3 748.8 711.9 673.6 639.3 607.4 579.5 555.5 536 525.1 515.3 511.1 503.9 498.2 491.1 489.1 476.3 462.4 452.8 437.6 425.3 418.4 407.4 405.5 400.2 395.3 391.4 387.1 382.2 376.7 371.6 365.7 359.5 354.4 349.3 341 336.7 334.3 334.5 334.4 332.8 331
839.2 836.8 833 825.2 818.1 809.9 790.2 758.6 733.7 718.3 677.2 651.8 610.6 585 573.4 554.3 545 551.6 543.4 550.5 570.5 580.9 596.6 621.9 659.1 679.5 709.5 751.9 794.7 816.2 833 834.8 833.1 829.6 823.5 814.2 790.2 749.3 707.4 673.9 642.6 612 594 570 540.2 517.9 511.1 503.4 496.9 497.5 490.6 474.3 464.3 451.2 436.3 424.2 413.5 405.5 400.3 391.7 388.5 385.3 381.5 378 373.8 370.1 364.4 357 352.4 349 348.4 347 344.6 342.3 340.5 338.8 338.7 341.3
840.2 836.7 831.8 824.1 815.5 806.9 797.7 778.2 750.2 730.6 710.2 686.9 647.2 612.9 584.9 559.4 558.1 557 573.6 586.2 614.5 635 648.4 691.4 719.7 734.9 777.9 803.8 816.9 824.7 829.4 830.8 829.4 827.8 821.7 812.1 784 753.8 697.4 662.6 635.3 617.9 599.8 577.9 554.3 527.2 507 499.9 496.1 488.7 479.2 464.8 447.7 440.2 426.6 413.5 404.2 396.6 390.6 384.7 382.6 379 375.6 373 369.4 366.8 364.7 363.3 360.8 357.6 356.3 354.1 351.9 349.7 347.5 346.5 348.5 353.3
840.8 836.4 829.9 820 812.3 803.6 793.9 780.8 762.9 744.8 729.6 701.8 667.4 638.8 599.1 580.5 578.3 587.2 615.3 640.8 672.2 707.2 719.1 739.5 766.4 781.4 793.8 805.4 815.6 822.5 826.6 827.5 826.6 825.4 820.1 809.8 779.5 744.3 703.8 661.9 633.4 613.4 604.1 584.8 569 537.9 506.7 499.2 491 479.7 465.4 453.7 441 425.6 414.9 405.2 397.7 393.5 391.3 388.8 389.1 387.8 386.4 382.9 380.2 377.9 373.7 369.8 366.9 362.4 362.2 361 359.7 356.4 358.3 363.2 366.1 370.1
840.4 834.2 825.2 817.4 809 798.4 789.3 778.8 762.2 748.1 736.2 729.9 706 666.7 623.7 606.8 620.6 620 659.1 688.4 707.8 717.5 721.5 742.7 763.8 777.2 789.3 803 812.8 819.7 823.8 824.2 823.1 821.4 817.3 805.9 776.2 746.5 705 669.1 635.3 615.3 602.7 583.6 561.1 540.2 510.4 499.1 488.7 477.1 463.3 448.9 433.1 422.5 411.7 407.4 403.1 398.8 400.2 403.5 410.7 417.9 411.6 404.5 395.2 390.8 384.4 379.8 375.7 372.5 371.5 370.8 365.7 372.2 378.2 380.5 380.1 390.4
837.7 829.5 822 815 806.8 799.9 791 781 765.2 750 735.9 730 716 703.9 660.3 651.2 653.9 666.9 677.5 704.1 707.9 714.1 723.8 742.5 758.7 772 784.6 799.7 809 816 818.7 818.4 817.3 815.2 811.6 807.7 776 747 710.2 674.6 641 615.9 598.8 585 563.2 539.5 513.7 503.2 492.3 479.9 464.9 451.6 437.6 427.1 427.3 426 426.1 427 433.9 451.2 470.8 474.6 454.3 438.1 423.3 415.2 405.4 395.4 389.4 385.1 382.2 377 384.6 391.9 398.4 403.2 397.7 417.2
833.2 825.4 818.5 811.5 806.4 801.2 795.3 786.1 773.5 754.7 739 727.3 717.9 711.1 691.8 693.8 690.9 696.5 703.3 704.1 708.1 716 725.9 740 752.7 767.1 782.4 796.6 805.5 812 813.5 812.7 811.4 810.4 808.9 805.5 795.6 760.2 722.3 683.7 649.2 617.9 599 583.2 562.5 540.1 522 510.5 498.4 487.8 474.3 462.9 454.6 454.9 463 468.3 480.1 490 497.1 514 558.6 569.4 550.2 517.4 480.5 458.4 440.9 424.5 408.4 398.2 394.9 398.1 405.8 410.7 418.2 423.7 426 431.8
825.4 819.6 813.5 809.3 805.7 801.4 796.1 788.4 774.3 759.2 742.2 727.1 720.7 712 701.2 699.7 695 700.7 704.5 704.9 710.1 718.5 727.2 736.3 747.7 765.2 779.9 793.6 801.6 805.9 806.7 804.3 803 803.6 803.2 800.6 794.8 771.5 743.6 701.5 661.3 628 609.8 593.2 572.6 550.5 535.1 519.4 508.7 499.3 495.1 490.9 490.9 509.8 521.3 531.7 536 542.2 579.2 600 606.1 626.8 619.8 590.2 563.5 526.2 488.3 464.8 446.9 433.8 426.3 422.7 427.5 430.6 438.5 447.3 448.1 447.3
820.3 815.5 809.9 807.5 804.5 801.3 795 786.5 775.5 760.4 741 728.4 722.4 710.9 707.2 701.8 701.5 702.3 704.9 707 711.3 718 726.7 733.4 744.7 762.2 776.7 789.8 796.1 796.6 796.9 794.7 795.2 796.1 796.7 794.8 789.1 773.6 756 722.3 677.1 645.8 624.6 609.7 595.2 575.2 557.7 542.5 531.1 521.8 522.8 531.9 522.9 522.5 540.2 559.1 566.6 586.9 618.1 629 630 640.3 654.2 648.7 608.8 568.9 545.6 528.4 509.1 488.8 467.9 454.1 454.7 457.3 461.1 469.3 462.7 465.4
815.8 810.8 806.9 804.6 802.5 798.9 793.4 786.2 778.2 768.3 750.3 735.5 725 714.6 712.1 708 706.5 704 705.1 708.4 711.4 715.3 724.2 731.5 742.9 758 772.2 784.2 790 787.6 786.4 787 787.4 788.9 791.4 791.5 785.4 770.2 754 740 703.4 662.3 635.5 613.5 594.6 580.1 568.8 556.9 559.6 549 540.5 532.7 533 537 547.1 559.8 582.8 609.4 621.5 627.9 633.9 644.4 657.8 672.7 676.6 656.7 632.7 591.9 561.9 540.2 523.6 506.1 492.6 487.9 485.7 485.1 473.3 477.2
810.5 806.2 802.6 800.3 798.2 795.6 791.1 786.2 779.3 772 755.2 737.6 725.6 725.6 719.1 715.6 710.7 707.8 703.3 704 708.7 714.2 722.2 730.1 740.2 753.7 767.1 778.2 782.3 779.2 776.6 777.2 779.4 782.4 785.1 788 784.2 768.9 752.9 742.4 712.8 672.9 642.3 616.8 600.6 586.4 583.8 587 590.8 585.1 560.8 539.3 545.6 567.1 571.7 581.2 589 608.3 620.1 629.3 637.6 647.9 658.7 671.6 683.9 696.1 700.1 662 613.2 585.7 564.6 548.8 532.7 527.1 517.3 503.4 482.9 480.7
803.6 799.9 796.1 794 793 791.5 788.9 785.2 778.7 772.7 761.2 744.6 733.6 727.9 723.7 718.3 712.5 707.7 701.8 701 704.5 710.7 718.2 726.8 736.4 749.5 761.3 770.4 773.3 769.9 768.2 769.7 773.1 777.7 781.6 783.7 777.1 765.7 755.1 744.8 727.2 695.1 664.5 640.5 621.7 605.3 612.5 610.1 599.2 577.6 553.4 551.9 566.4 579.4 590.2 591.7 595.2 605.6 618.6 631.1 640.2 649.4 659.2 671.2 685.9 697 703.3 700.8 662.6 644.8 631.9 611.5 592.4 578 555.3 526 501.5 487.3
794 791.4 789.1 786.4 786.3 786 784.9 782.1 777.3 771.7 763.8 753.6 741.6 734.6 727.3 721 713.8 707.5 701.8 697.5 700 705.6 713.3 722 732.2 743.4 754.2 761.5 764.5 762.3 762.5 763.9 768.5 773.9 778.3 779.2 775.2 767.1 757 746.7 729.5 712.8 693.7 681.3 670.3 650 623.4 611.8 600.2 583.2 573.6 573.6 570.9 580.6 595.6 597.1 606.1 608.8 619 630.6 641.3 650.6 659.4 670.3 683 694.4 702 708.2 709.6 704 676.9 663.3 660.2 644.8 615.2 575.1 532.9 507.5
797.6 789.8 783.2 779.8 778.2 778.6 779.2 778.3 775.7 772.1 765.4 757.7 748.2 738.9 730.1 721.6 713.9 706.9 700.4 695.3 694.4 700.2 707.3 717.1 728 738.1 747.7 754.1 756.6 757.2 756.7 758.2 765.2 770 773.4 774.3 770.8 763.8 757.3 748.6 738.2 726.2 708.6 695.2 677.1 642.9 619.4 615.3 599.2 590.9 604.7 605.1 590.8 584.9 594.6 599.8 610.4 610.1 618.2 629.9 641.8 650.7 658.7 668 680.8 691.7 700.4 706.5 708.8 710.9 717.9 723 725.4 705.2 660 618.5 579.1 544.1
800.7 792 784.4 776.6 770.4 771.5 772.6 772.8 772.4 769.5 764.4 757.7 750.3 740.4 729.7 720.5 712.4 705.4 700.2 694.5 691.2 696.8 702.8 710.1 721.2 731.5 741.5 747.6 750.3 751.4 750.7 756.6 762 766.7 769.1 767.9 763.7 758.3 754.5 748.5 741.7 731.1 715.7 702.1 674.6 651.5 654.5 630 616.6 617.7 624.9 609.5 598.7 588.1 592 598.2 604.7 611.6 615.7 628.9 641.2 649.2 656.6 665.8 677.5 689.1 697.9 703.7 708.3 714.1 721.2 727.8 730.2 733.7 726.3 676.3 618.1 590.9
806.2 796.3 785.8 778.6 771.8 763.6 764.9 764.5 765 764.4 760.4 755.7 749 739 729.2 719 707.6 699.6 694.6 690.7 687.8 690.8 697 703.7 714.8 725.2 734.2 740.4 743.2 744.5 746.9 753.7 759.5 762.8 762.1 759.3 755.6 751.6 749 745.9 742.5 735.1 721.8 703.2 683.9 674.1 653.4 636.9 633.4 633.8 618.5 615 596.8 592.9 595.9 601 605.3 610.9 615.4 628.4 638 646.1 654.5 664.4 674.4 685 694.2 700.5 705.6 712.2 719 725.1 732.4 739.5 740.5 699.2 657.8 616.2
810.9 801.8 791.3 782.6 774.9 762.9 755.8 756.1 755.3 755.9 753.9 752.1 748.3 737.5 728 715.4 703.5 695.2 690.5 685.2 683.2 685.4 689.5 696.5 706.1 717.5 726.9 732.4 734.3 736.5 744.7 750.7 756.3 758.7 757.6 754 749.1 744.4 742.8 741.9 739.3 735 719.3 707.4 693.3 673.9 653.8 647.2 640.9 636.4 621.1 603.7 598 594.1 598.1 599.6 603.2 608.7 616.8 626.3 635.6 643.7 652.8 663.3 672.9 681.3 690.2 696.4 701.5 709.4 716.4 723.5 732 739.6 740.4 714.5 685.7 662.6
819.9 808.5 796.3 788.1 778.5 764.4 752 745.8 746 747.1 746.3 746 745.4 739.1 731.6 721 707.3 697.3 686.3 680.1 677.8 678.2 682.9 691.5 699.5 709.7 720.8 725.5 728.6 733.7 741.7 748 752.1 753.6 752.2 748.5 742.6 737.7 736.8 735.7 734.4 728.6 719 711.2 694 672.9 657.1 649.7 642.8 632.1 611 600.1 593 597.9 599 599.4 604.3 607.7 615.7 624.4 634.3 641.3 651.5 661 670.2 678.7 685.8 691.9 697 705.5 713.8 722.3 730.4 735.4 737.9 735.5 726 722.5
824 812.4 801.2 792.1 779.4 762.8 751.7 743.2 735 736.2 738 739.1 738.8 738.2 734.1 724.2 713.2 700 687.2 679.1 676.3 675.2 677.4 686.5 696.3 706.7 715.2 719.3 723.5 732.5 739.7 745.1 747.1 747.7 745 740.9 735 730 729.9 729.4 728.4 725.4 718.1 708.1 698.3 689.4 656.3 643.4 632.5 619.5 605.8 597 593 593 598.8 599 602.4 606 611.8 623.6 631.8 640.1 648.7 658.1 667 675.1 681.6 686.3 693.5 701 710.2 719.2 726.1 731.1 734.9 738.8 740.8 742.4
825.4 815.7 803.6 792.9 777.4 761.6 749.7 739.3 732.8 726.4 728.5 730.5 730.2 731.9 732.5 725.7 716.5 704.7 691.5 681.9 677.2 674.3 674.5 685 695.1 703.3 709.4 712.2 722.1 730.9 736.7 741.5 742.3 740.4 736.7 732.7 726.6 722.2 721.7 721.6 720.9 721 714.8 702.2 687.8 673.3 647.9 637.9 625.4 614.4 602.7 593 593 593 593.7 599.2 601.2 605.3 609.4 619.3 630 638.9 647 655.9 664.7 671.8 677.5 683.1 689.6 697.3 706.4 715.1 721.7 726.3 731.4 736 741 742.1
828.7 818.2 805 791.8 774.2 759.5 747.5 737.9 732 726.7 717.9 722.5 721.8 724.5 727.2 722.4 712.9 703 693.2 684.9 680.2 674.6 674.1 683.8 693.1 698.7 701.9 710.1 722.1 729.1 735.9 738.4 737.9 734.9 729.1 724.6 719.4 716.9 715.7 714.6 713.8 714.3 706.9 695.5 675.2 659.1 638.4 630.3 621 612.9 603.1 593 593 593 593 593 593 599.4 607.2 616.2 627.1 638.7 646.7 654.7 662.4 669.5 675.7 681.6 687.3 696.1 705 712 717.4 722.6 728.7 733.2 738.2 742.2
830.4 819 806.1 792.7 775.2 760 749.1 740.1 731.3 724.6 717.5 715 714 715.2 718.5 714.8 706.7 697.2 689.6 683.7 680.1 675.2 671.6 681.9 688.4 691.8 698.7 708.7 721.6 729.3 733.2 734.5 733.1 731 722.5 716.9 712.9 709.8 708.8 708.6 707.4 707.6 699.8 688.1 667.8 647.2 630.8 623.8 619.8 610.4 602.2 593 593 593 593 593 595.9 600.2 607.8 615.3 626.1 637.5 645.7 653.8 660.2 666.9 672.8 679.3 685.5 695 704.9 711.3 717.8 723.2 728.3 731.2 734.6 736.2
829.4 820.1 808 794.7 779.2 763.5 751.5 741 730.6 722.4 714.7 705.9 702.9 705.8 707.2 705.8 699 691.2 685.4 680.2 675.8 672.6 668.6 676.8 680.4 689.4 697.7 709 720.9 727.7 729.6 728.6 726.5 724 717.3 712.3 707.7 701.3 701.9 703 701.7 700.6 691.3 681.4 660.6 642.4 628.9 621.6 618.7 608.8 602.6 599.1 601 597.5 593 597.1 597.2 602.9 609.4 616.9 627 637 644.8 653 658 663.2 669.5 676.4 684.1 693.5 703.8 711.3 718.8 725.1 730.1 732 731.3 729.1
828.3 819.2 807.7 792.7 780.7 766.3 750.6 740 729.2 719.7 713.3 706.1 697.7 697.2 697.6 697.3 693 687.5 681.2 675.6 672.2 668.4 666.3 672.4 681.9 687.8 698.3 709.6 720 724.4 724.7 722.5 720.2 720.1 711.3 706 700.8 695.6 695.6 696.1 695.7 693.2 683.8 673.3 657 640.8 627 619.6 613.7 608.9 606.2 605.9 605.1 601.3 595 598.3 600.2 605 611 618.1 627 636 643.9 651.7 656.3 661.4 667.5 674.6 682.2 691.7 702 711.9 720.3 727.6 730.6 730.5 728.7 724.9
826.6 816.6 803 789.1 776.9 762.8 750 738.4 726.2 717.8 709.4 703 696 687.4 690.4 690.2 688.1 682.7 676.9 671.6 667.9 663.5 662.7 670.4 678.4 687 697.5 709.8 717.8 719.2 717.9 715.6 715.9 715.5 705.9 700.5 696.3 691 690.3 689.3 687.4 684.3 674 665.2 646.6 635.2 623.7 617.4 613 610.4 610.8 609.3 607.9 602.8 597.3 600.7 603 607.7 612.6 618.1 626.1 634.3 642.7 650.1 656.4 661 667.1 674.4 682.1 691.7 702.4 711 720.4 727 728.9 728.5 725.8 722.3
822.7 813 796.7 783.6 769.7 759.7 749.3 740.1 728.4 716.6 707.2 699 693.7 688.7 682.3 685 682.4 677.5 672.5 668.2 663 659 659.7 667.2 675.6 686.2 696.6 709 714.7 716.6 715.3 714.2 710.8 709.5 701.6 693.6 688.1 683.9 683 681.8 678.2 674.5 664.5 653 641.2 632 622.1 618.1 614.6 612 613.9 612.8 610 603.7 604.4 605 606.4 610 613.7 618.5 626.6 636.7 644 650.1 656.2 661.5 668 674.5 681.9 694 702.8 710 717.3 723.1 725.3 725.3 723.2 719.7
