app/static/ascii/NH39.asc
ncols 200
nrows 200
xllcorner 230000
yllcorner 890000
cellsize 50
[rows 105 to 139 of 200, columns 0 to 77 of 200]
389.9 394.8 396.3 399 405.7 411.8 420.9 429.6 436.4 441.3 441.6 437.8 434.6 432.6 429.9 426.1 421.3 415.6 409.4 401.5 393.4 382.7 369.8 354.5 340.8 329.7 317.7 304.1 295.7 286.5 277.3 269.3 260.7 250.7 241.8 233.5 225.8 216.9 205.3 197.2 192.5 186.9 173.7 169.4 174.4 174.9 180.5 188.8 199 208 216 228.4 235.2 243.1 251.2 256.7 268.2 275.2 273.7 266.7 258.5 255.9 254.2 255.2 253.3 249 245 244.2 244.8 243.5 241.2 239.1 237.2 233.8 229.8 228.4 226.7 225.6
389.3 394.2 396.6 396.2 403.6 411.9 418.5 425.2 430.8 436.1 437.2 435.5 433.3 429.8 423.5 420.3 415.9 410.5 404.4 397.2 388.2 376.1 361.2 348.2 334.7 322.6 311.8 299.6 291.5 279.6 273 265.2 254.6 244.7 237.4 229.7 219.2 210.4 199.9 189.7 187.8 172.2 173.8 174 174.8 180.3 188 199.2 208.7 220.6 229.2 237.2 244.1 253.3 260.3 266.8 274.7 280.1 280.6 272.1 265.2 260.4 258.4 258.4 255.2 251.7 248 246.3 246.9 245.9 244.3 242.1 240.2 237.5 234.6 231.5 228.6 227.6
389 393.8 396.6 397.1 400.7 409.5 415.7 420.8 425.5 429.7 432 431.4 429.4 425 419.2 412.6 409.4 403.8 398.4 392.2 384.2 369.8 354.6 343.1 329.9 317.7 306.8 296.3 284.2 274.2 265.7 257.3 246.8 239.9 232.6 223.3 213.3 203.5 195.1 188.9 177.9 172.3 175.3 174.9 180.3 188.8 199.3 210.4 220 231.7 237.6 246.1 256.8 264.5 271.2 276.8 282.5 286.2 285 275.5 268 263.2 260.8 261.5 258.9 255.3 252.2 249.6 248.7 248.3 246.6 244.2 242 239.5 238.3 236 231.5 228.5
388.4 394.3 394.8 395.6 398.3 406.7 410.9 415.2 418.8 422.4 424.9 424.2 421.6 418.3 413.6 407.5 403.4 400.1 395.4 388.7 378 363.1 348.6 335.6 322.5 311.3 298.4 288.8 276.8 267 256.7 248.8 240.8 234.1 224.9 214.9 205.8 198.3 192.6 186.7 178 173.3 175.7 179.8 188.7 199 211 220.4 231.2 239.7 247.9 257 270.5 277.6 281 286.3 291.9 292 288.6 282.2 274.6 271.7 267.1 265.4 263.3 259.2 256.6 255.1 251.6 250.4 248 246 243.3 241.6 240.3 237.4 233.3 230.1
388.1 392.1 391.8 395.5 398.5 402.9 405.1 409.2 412.4 415.2 416.9 416.4 414.3 411 407.4 402.5 398.9 395.2 391.7 382.7 372 358.2 342.4 328.8 314.5 305.4 292.6 280.9 269.3 259.3 250 240.5 231.2 224.2 215.2 206.5 200.5 194.6 188.3 178.6 176.3 175.5 183.5 189.1 198.7 211.5 223.1 233.3 242.1 249.6 258.6 270.3 279.7 287 288.8 294.6 296.9 295.4 293.5 289.5 288.2 281.2 274 270.2 268 263 260.4 259.4 254.7 251 249 246.8 245.5 243.7 241.2 238.7 234.2 231.6
388.1 390.3 390.8 394.1 396.7 399.1 401.7 403.4 404.8 406.4 407.2 406.8 405.6 404 400.7 397 394.8 388.5 383.5 375.9 365.7 351.7 338.7 321.2 307.6 294.9 284.2 272.4 260.5 251.3 241.7 232.5 223.7 213.8 207.4 201.6 196.3 190.9 184.1 177 176.9 181.4 189.5 198.2 210.9 222.2 232.8 242.9 250.2 259.3 267.1 278 286.5 293.1 296.6 300 302.9 305.8 301.4 296.2 295.4 291.4 280.6 273.6 270.9 268.4 262.3 261 256.2 253.8 250.9 249.3 247.4 243.7 240.9 239.6 236.2 233.4
388.5 390.6 391.5 393.4 393.4 396.1 396.6 397.4 398.5 398.8 399.3 399.2 398.3 397.5 396 392.6 390.2 385 377.2 369.8 359.3 347.6 330.2 311.9 298.1 286.6 274.7 263.6 252.2 243.9 235.1 225.7 216.2 209.2 203.3 198.2 193.5 185.9 180.6 177.2 182.1 189.6 197.3 208.9 221.2 231.9 241.1 250.4 258.1 267 279.9 293.8 302.8 306.3 309.7 307.4 310.1 311.7 305.3 299.8 298.5 294.2 284.5 275 272 269.3 263.9 260.8 258.5 255.4 254.4 251.9 247.4 243 242.4 240.4 236.8 233.6
388.2 389.5 390.4 391.6 391.2 389.7 390.3 390.5 391.1 391.6 392.1 391.6 391.8 391.5 389.5 387.7 385.4 377.8 370.4 362.4 352.7 341.8 325.4 309.5 291.5 280 268.3 255.3 246.3 236.2 227.7 218.8 212 205.6 200.5 195.5 186.6 179.8 178.9 179.6 190.1 196.1 206.8 218.7 230.8 241 250.7 260.6 270.3 277.8 295 308.7 318.2 324.8 322 321.1 316.7 312.8 306.9 302 299.2 294.5 286.8 278.6 274.4 270.6 265.6 262 259.1 257.8 256.2 253 247.8 245.4 244.8 243.3 238.1 233.9
389.6 389.8 390.2 388.8 387 385.9 385.3 383.7 383.5 383.8 384.7 385.5 384.6 382.2 380.6 380.6 378.5 371.9 364.6 354.3 342.7 330.3 314.9 297.7 285.3 272.7 260.2 248.6 238.8 229.2 220.6 213.8 207.7 202.3 197.9 192.5 181.3 182 180.9 189.3 195.7 204.6 216.2 228.7 240.6 250.5 260 269.8 279.1 291 307.1 326.2 336.5 338.5 335 332 324 317.9 307.4 302.1 298.2 293.1 290.5 281.8 274.9 271.6 267 262.2 260.5 258.4 255.9 252.8 248.4 247.6 245.5 243.7 238.7 235.5
388.6 388.6 387.5 384.4 383.1 381.5 380 377.3 377.7 378.1 377.8 376.7 375.1 373.1 373.1 371.8 369.9 365.6 355.6 343.5 330.6 317.1 303.3 288.2 275.8 263.1 250.2 240.8 231.5 223 215.7 209.5 204.4 199.5 195 185.4 181.6 183.2 188.1 195.8 201.9 213 225.4 237.5 249.4 259.5 270.5 280.3 292.2 307.1 327.2 344.6 351 347.8 343.6 338.9 332.7 323 312.8 302.2 296.3 291.8 289.5 282 275.1 271.8 267.6 263.7 261.8 260 258.6 255.3 251.4 247.9 244.5 242.7 238.8 235.3
387.7 384.3 383.4 381.6 379.4 377.4 375.1 371.9 370.6 370 367.8 366.4 367.3 367 365.1 365 360.9 356.3 346.1 333.6 320.3 307.8 294.4 281.1 268.6 255.9 245.1 234.8 226 218.6 211.8 205.4 201 196.7 190.9 184.5 182.2 185.2 195.6 201.5 211.8 222.1 233.5 246.9 259.9 270.3 280.5 294 310.3 327.3 344.3 358.7 361.4 359.3 352.4 344.2 337.5 325.7 316.3 307.1 295.7 290.7 285.2 279.9 273.7 271.3 269.6 266.1 262.9 261.5 260.1 255.7 252.9 249 245.6 241.7 238.7 234.4
384.1 381.4 379.8 379.3 377.1 372.4 368.6 365.7 363.6 360.9 360.2 360.4 360.7 361.2 359.5 357.7 353.3 347.5 337 323 310.5 298 286.7 275.4 262.2 250.2 239.5 230.5 222.5 215.1 208.8 202.8 197.9 191.6 187.4 183.5 187 194.9 200.7 211.2 220.8 232.4 244.1 258.8 270.5 281.8 294.2 308.5 324.8 343.6 364.2 372 372.4 366.1 355.6 346.4 331 323.1 315.8 308.7 295.4 289.4 283.9 279.5 274.8 271.4 269.6 268.3 264.6 261.6 258.9 256 253.7 247.6 242.3 240.9 236.8 235.7
380.4 377.9 375.7 373.1 370.2 366.8 362.6 359.9 358.3 356.6 355.8 354.4 353.3 353.3 351.8 348.1 343.9 335.1 325.8 314.2 303.6 292 279.6 269.2 259.8 247.5 236.5 227.7 219.3 212.5 206.4 200.8 195.8 189 186 187.8 195.4 199.4 207.8 218.4 230.9 242.5 255.6 269.5 282.2 295.7 309.8 325.5 341.5 361.8 376.1 379.1 374.7 365.3 354.4 342 324 316.4 311.3 306.1 293.7 288.5 282.5 279.9 277.6 273.3 269.7 268.1 264 261.7 259.6 256.8 254 247.9 244.5 240.6 236.8 235.7
377 374.3 372.3 371.9 366.9 363.3 359.2 356.8 353.8 352.3 350.8 347.9 345.2 343.2 341.3 338.3 334.4 327 316.5 306.7 296.5 283.8 273.8 264.9 255.6 245.2 235.2 225 217.2 210.7 204.5 195 187.3 186.2 187.2 194.1 199.6 205.1 213.9 227.9 239.7 252.7 267.2 279.5 294.7 309.5 326.6 340.9 356.8 372.2 381.3 378.2 369.8 358.8 346 330.4 317.2 311.2 304.7 297.9 292.7 287.6 282.1 279.8 277.8 273.6 269.5 267.2 263.2 260.2 258.4 255.3 251 246.9 243.9 240.6 236.5 232.8
373.5 370.8 368.3 366.4 362.1 358.8 354.1 349.2 345.8 343.4 342.9 338.9 334.9 332.5 331.3 329.3 324 318.7 309.5 299.7 290.4 278.4 265.6 257.9 249.6 239.9 232.8 223 215.1 208.8 203 190.9 187 187.6 191.9 198.4 203.1 213.4 224.1 235.3 248.7 263.4 278.2 293.1 310.1 330.8 342.2 354.5 374 387.6 390.6 384.9 368.1 353.3 342.8 325.4 314.3 306.4 299.8 294.4 290.6 286.3 281.5 279.1 276.8 273.7 269.2 266.9 261.3 257.5 254 251.4 249.4 243.2 239.9 237.5 235.4 229.8
371.3 367.9 362.5 358.9 356.9 353.2 349.6 346.5 343.7 341.6 337.1 333.4 330.4 329.9 328.3 325.3 319.5 313.2 304.5 294 284.2 273.9 262.9 253.9 244.2 235.4 228.7 221 213.4 206.9 201.5 195.5 188.8 197.7 198.1 201.7 207.5 222.6 232.4 243.7 258.9 274.4 289.1 305.1 323.4 343.9 357.2 371.8 387.2 395.1 395.6 383.7 372.4 358.4 335.7 321.9 311.3 302.1 295.8 291.7 288.6 284 279.7 277.9 276.1 273.4 270 264.4 260.6 257.3 252 247.8 244.7 242.3 238.7 235.4 230.5 228.9
364.7 360.6 358.9 355 353 347.8 345.6 343.7 340.9 337.9 335 331.8 324.7 323.4 322.1 319.9 314.3 307.5 297.2 288.4 278.3 270.1 257.6 249.3 238.6 232.8 225.2 219 212.3 206.9 202.3 194.7 188.9 198 201.8 206.2 217.1 229.8 242.5 254 269.7 287.9 303.4 319.1 338.3 357.4 374.1 384.9 394.8 398.1 393.4 382 365.6 349.2 336.8 325.1 312.3 302.2 296 292.4 288.9 283.1 278.3 275.1 272.7 271.3 267.2 264 259.8 255.3 250.1 247.1 243.1 239.6 237.9 232.1 228.4 227
359.2 357 355.3 352.9 350.5 344.4 341.5 339.4 337 334.8 329.1 324.8 324.1 322.5 316.4 312.2 306.6 299.9 290.5 283.3 274.3 264.8 252.1 242.5 234.4 228.2 222.7 216.8 211.7 207.5 198.4 189.8 191.2 201.5 204.6 211.4 223.3 237.7 249.9 263.4 281.4 300.3 315.3 331.4 349.5 365.6 378.6 388.7 394.5 394.4 391.4 379.8 365.8 351.5 338.6 327.5 315.6 302.7 294.9 291.3 288.7 282.8 278.6 274.2 270 267.1 265.4 261.7 258.4 254.4 249.2 245.8 243 239.2 234 229.2 227.3 232.4
354.7 353 351 346.8 344.1 339.1 335.2 333.5 331.8 328.3 323.3 319.9 316.5 313.2 310.7 306 301 295.8 285.5 277.6 270 259.7 250.2 240 232.9 226.4 220.4 214.8 209.5 205.5 194.6 190.9 196.3 205.2 207.2 219 235 244.7 259 275.4 292.6 309.2 324.4 340.4 356.2 367.8 379.1 387.9 392.7 394.6 395 393.6 385.4 363 343.8 328.1 315.8 303.7 296 292.8 288.6 281.7 276.9 273.2 268.5 264.4 260.7 258.4 254.6 251.8 248.5 244.9 242.4 236.2 228.7 229.3 231.2 239.4
348.9 347.2 344.4 340.6 337.9 331.1 327.1 325.1 324.9 321.9 317.7 313.4 307.3 306 304.3 299.6 294 290.2 280.5 269.6 262.6 253.7 244.2 237.9 230.7 224.7 218 212.7 209 198.3 193.5 191.2 204 208.6 214.9 227.2 241 251.6 269 286.8 303.8 318.7 331.1 343.7 358.6 369.5 377.1 386.8 400.4 410.5 413.9 408.2 391.8 366.6 344.6 327.7 313 303 296 291.4 284.6 279.3 275.1 271.3 265.5 261.4 257.1 254.7 251.4 249.6 245.5 241.4 238.6 230.9 230.5 235.2 240 242.7
341 337.5 335.3 332.6 331.5 324.8 319.9 318.3 315.6 313.2 311.1 307.5 304.3 301.3 299.4 294.3 288.4 282.2 272.3 263.1 254.8 247.3 241.4 233.8 225.7 222 214.5 211.8 209.8 197.2 192.6 195.8 208.8 211.6 224.2 236 246.9 258.5 276.5 295 313.6 326.1 335.7 345.9 357.1 368.6 376.4 392.7 408 418.5 420 408.3 383.9 361.5 340.1 321.6 310.9 302.5 295 286.6 280.1 278.3 273 266.8 261.2 258.9 255 250.8 245.8 242.8 239.5 236.5 232.3 230.5 234.9 239.2 244.7 248.9
332.2 330.8 329 326.5 323.5 317.1 312.1 310 308.4 306.9 304.2 301.6 300.2 293.9 289.5 285 280.7 275.2 267 257.1 248.2 241.8 234.9 230.1 222.6 218 212.5 209.6 207.9 196.6 194.7 200.6 209 218.9 231.5 243.6 253 267.4 282.7 298.8 315.2 327.5 338.1 346.9 359.5 369.3 378.2 396.1 409.1 418.1 413.8 398 376.9 354.7 333.9 319.7 308.2 301.6 292.4 285.8 281.5 275 267.4 263.2 258.7 255.3 251.4 246.3 242.2 239.3 237.5 234.6 232.1 234.8 238.1 243.3 248.1 252.9
326 324.1 322.9 321.4 318.4 310.3 305.8 304.9 302.3 299.1 297.8 296.7 291.9 287.7 283.5 280.3 275.3 267.2 258.5 250.9 246.6 238.7 231.7 221.9 218.9 213.7 210.3 208.7 205.6 193.5 196.8 202.2 211.7 223.8 233.9 248.1 260.7 272.4 286.3 303.7 316.5 326.4 335.2 347.1 357.6 368.7 379.8 393.7 407.5 412.9 403.5 386.7 359.5 342.6 328.6 317.3 304.8 297.6 290.2 283.8 278.6 273.1 266.4 261.7 257.2 252.1 247 242.9 240.1 237 235.1 232.1 237.3 240 242.2 245.7 250.7 255.8
320 318.1 315.2 312.9 310.3 304.6 298.8 298.5 296.4 295.7 294.1 293.3 286.2 282.1 278.9 273.5 266.7 260.4 255.5 250.1 244 235.1 227.4 222.5 215 210 207.1 205.7 198.7 196 198.5 209.7 215.4 226.3 240.4 253.5 264.5 279.2 289.7 304.6 316.9 326.9 336.7 346.4 356.6 369.5 381.1 392 401.4 403 385.8 365.3 345.3 334.7 326.2 310.4 304.3 294 287.6 284.3 276.5 269.8 262.4 257.1 251.9 248.3 246.6 243 240.3 234.2 234.3 235.8 239.7 242.6 246.1 249.2 253.8 257.8
313.4 311.4 308.6 307.2 304.9 299.2 293.2 289.8 287.5 286.6 285.9 285 278.3 275.6 270.8 263.9 258.5 254.5 248.9 244.3 237.1 229.5 224.9 219.3 212.9 209.9 206.5 202.4 197.9 202.9 207.7 213.7 220.7 231.3 247.2 258.9 268.3 279.9 290.5 302.8 316.3 326.7 336 346.6 355.4 370.1 383 392.6 396.5 390.4 370.2 351.9 336.6 327.5 315.2 310.3 298.6 291.3 286.4 278.4 271.4 264.2 260.7 257.8 252.2 249.7 244.6 241.8 236.2 235.2 236.2 240.1 242.7 246.3 249.5 253.2 257.8 261.8
307.9 304.2 301 299.7 297.3 291.6 290.1 289.5 284.2 281.3 280 276.3 270.2 266.3 261.2 256.8 251 246.8 240.3 235.3 229.1 224.4 220.6 214.4 210.2 207.6 206.1 204.9 197.4 208.6 215 217.8 231.2 235.4 248.1 256.5 268.5 280.8 293.7 302.5 313.9 325.9 337 347.3 358 370.5 384.3 394.5 399.3 390.5 365.4 347.1 331.3 320.2 311.8 304.7 295.1 288.7 279.4 271.7 266.8 263.9 258.5 253.2 249.6 245.9 243.4 237.9 234.4 238.2 243.8 246.2 249.2 253.6 255.2 257.1 262.9 267.7
300.2 297.5 296.6 295.3 294.2 287.7 286.1 284.9 279 272.2 270.8 268.1 263.6 257.9 254.4 250.6 245 238.9 233.3 228.4 224 220.1 216 209.7 207.8 207.7 208.5 204.8 201.9 217 217.4 219.9 237.8 241.5 256 260.7 266.7 278.6 288.8 298.6 312.3 327.6 338.3 348.7 359.2 371.5 387.6 397.2 397.8 384.3 370 344.5 326.7 315.6 307.5 297.5 287.9 281.9 273.4 269.9 263.6 258.5 251.7 249.9 245.2 242.7 240.8 237.2 239.5 246.2 251.6 253.2 255.4 258.8 260.5 263.5 269.1 274
292.5 291.6 291.6 291.5 286.4 280 275.5 272.2 269.4 266.6 263.5 261 258.3 252.6 247.3 244.1 240 232.1 225.4 221.3 218.8 213.4 209.9 208.3 209.2 210 203 199.3 209 214.8 218.2 227.3 243.4 249.1 253.6 265.4 268 275 286.8 298.4 313.7 327.7 339.3 349.1 362.2 372.2 390.1 399.9 394.2 379.5 361.3 333.6 319.6 308.6 300.4 292.4 283.8 281 273.6 268.3 259.1 257.7 249.2 245.6 242.5 241.2 239.8 239.1 246.1 252.6 256.2 259.1 262.7 265.6 267.8 270.5 276.3 281.3
287.1 286.5 286.7 285 278.4 271.3 264.6 264.7 264.2 262.1 254.4 252 252.2 245.7 239.8 236.9 231.2 222.6 220.8 214.6 210.5 208.3 208.2 208.2 208.9 200.4 199.3 205.4 213.9 218.8 222.5 239.3 243.8 253.5 256.7 269.5 271.1 275.5 283 297 312.7 327.5 339.5 349.7 360.2 369.7 385 394.4 386.4 365.1 351.1 327.1 312.6 306.4 299 291.4 284.9 276.1 267.2 262.3 261 254.2 249.1 244.1 238.8 238.8 239.3 248.8 255.5 262.4 266.5 268.5 272.7 276.8 277 277 280.5 285
282.7 283.7 279.5 275.6 268.9 263.7 256.7 256.7 254.3 250.7 245.8 240.1 242.9 235.4 230.3 226.5 219 215.3 210.7 205.7 204.2 202.2 201.9 201.6 200.6 199.6 202 210.6 215.3 221.8 230.1 240.6 250.6 257 264.7 270.5 273.5 277.8 285 294.4 310.7 325.5 337.6 348.6 358.4 368.9 377.8 385.2 376.7 354.1 333.4 321.6 307.4 300.8 294.6 284.4 276.8 269.5 267.2 261.1 253.7 249.8 246.2 242.1 245.2 245.8 251 258.1 265.9 275.3 280.7 282.5 284.2 283.9 285 285.7 286.5 290
276.5 272.8 269.5 267.1 262.3 255.5 250.7 249.1 248.6 241.5 237.5 230.6 234.2 225.9 219.8 215.6 210.9 206.6 204.4 203.7 203.2 202 201 201.1 201.2 199.7 207.7 218.4 220.3 230.7 236.7 245.3 257.6 263 270.6 273.9 275 278.9 292.5 298.3 309.4 321.9 336.1 345.3 355.7 364.5 370 367.5 357.5 337.1 324.3 312.1 301.2 298.8 286.4 280.8 272.2 269.7 265.1 254.9 251.1 247.9 245 243.7 247 248.7 259.5 265.9 276.9 290.8 298.5 296.7 289.7 287.2 289.2 292.4 297.8 300.4
269.4 266 265.5 259.8 253.1 248.7 246.6 243 237.6 230.4 224.5 220.1 217.9 212.5 211.3 210.8 205.1 204 204.4 203.1 202.7 203.2 201.9 201.5 202 209.6 213.1 222.7 224.5 234.7 239.5 253.5 259.7 265.2 275.2 277.3 279.5 286.2 296.6 300.3 309.9 319.1 331.6 345.6 354.8 360.4 364.8 355 337.3 327 313.4 305.6 298.8 287.8 280.9 275.5 271.2 268.5 259.2 254.4 250.5 245.5 245.8 246.6 247.9 255.1 265.5 275.1 288.3 302.8 306.7 297.6 292.2 292.5 297.7 304 310 310.2
263.6 262.6 262.9 255.6 250.3 244.1 237.3 232.4 225.2 222.6 218.2 212.9 211.5 208 207.1 204.7 205.4 204.6 204.4 203.1 203.8 203.2 203 207.8 206.9 212.2 212.6 225.2 231 241.1 249.3 256.4 262 269.5 279.2 281 283.8 288.5 302.2 303 308.9 320.2 328.3 335.2 348.2 351.4 352.8 342.3 330.7 321.7 311.5 304.1 291.3 283.1 277.2 273.9 269.9 266.2 258.7 253.9 248.4 246.9 247.8 249.6 253.5 263.8 272.4 282.2 292.8 304.7 304.3 299.4 296.3 301.6 311.3 318.1 320.9 318.5
256.6 254.5 257.7 249 242 232.7 224.6 219.3 217.6 218.1 213.9 210.1 206.9 207.1 206.2 205.8 206 205.1 204 206.5 208 206.7 207.1 209.7 209.7 212.3 222.1 232.1 237.8 246.1 253.8 261.5 267.4 274.4 280.2 281.9 286.3 293.6 301.8 305.5 307.5 318.5 326.8 334.1 337.5 341.5 342.7 334 326.5 316.2 306.6 300.2 288.2 282 278 276.4 270.4 264.2 258.2 251.7 246.3 252.6 251.3 255.4 263.6 271.8 281.7 292 305.7 304.5 304 301.5 303.1 313.2 323.7 334.4 331.4 330.6
249.5 246.7 248.2 236.3 229.8 224.3 216.7 212.3 211.2 209.9 208.8 207.5 207 207.5 206.3 205.9 205.9 205.3 205.8 211.8 210.5 208.6 211.9 213.4 219.3 221 235.4 238.2 243.6 251.9 258.6 264.7 272.4 276.7 282.2 285.1 290.1 297.7 303.5 307 312.5 324 333.7 340.7 339.9 338.8 336.8 331.3 325.7 313.4 303.6 297.9 289.1 283.5 281 271.8 267.2 260.6 255.3 254.4 248 256.1 256.6 263.5 273 279.3 288.1 296.8 302.2 303.6 305.2 310.1 320.3 329.7 338.7 342.4 340.9 340.8
