app/static/ascii/NH40.asc
ncols 200
nrows 200
xllcorner 240000
yllcorner 800000
cellsize 50
[rows 35 to 69 of 200, columns 78 to 155 of 200]
542.6 563 575.6 576.8 579.6 586.1 595.3 575.6 556 548.4 582.2 607.9 625.3 631 639.6 651.2 663.3 674.5 682.6 680 674.1 672.3 669.1 664.5 659.2 658.8 660.3 664.9 667.6 670.3 668.7 667.5 670 678.5 685.1 680.4 678.1 673.2 670.2 669.2 675.4 666.9 667.6 663.4 661.8 681.6 678.9 671 670.5 670.6 663.1 655.8 658.9 664.6 670.2 671.1 671.3 673.1 671.9 666.2 657.5 647.8 633.6 617.4 591.7 565.4 544.5 529.4 512.8 496.4 478.3 459.9 441.6 423.4 402.9 394.2 393.4 392.7
551.6 565.1 576.4 587.7 595.8 607.9 614 587.8 578.7 561.3 583.8 610.8 627.4 634.6 646.2 656.9 667.5 680.8 679.7 671.7 672.1 672 676.3 668.5 662.4 663.6 672.4 680.7 678.9 680.7 679.3 680.5 684.8 690.5 686.8 681.5 679.1 674.4 668.1 667.4 665.6 668.8 667.3 661.2 678.3 681.3 676.4 669 667.2 663.8 657.2 654.5 660.5 666 670.4 669.8 670.4 671.3 668.2 660.9 652.3 642.3 624.8 606.4 580 552.9 534.3 519.6 501.3 485 466.6 448.5 427.9 408 396.9 394.2 393.3 392.5
549.6 561.5 582.2 596.8 605.1 621.4 630.5 604.2 605.5 588.1 590 610.3 633.2 645.3 654.6 666.3 675.5 681.3 677.6 673.9 670.8 668.2 670.6 665.8 667 678.5 682.7 681.9 680.6 679.4 686.5 690.8 690.7 688.8 678.8 677.7 673.7 669.2 666.7 663.1 663.1 665.8 663.9 670.6 680.9 679.1 673.5 667 662.7 657.3 649.9 655.7 660.7 664.8 667.5 668.1 668.6 668 663 656 648.5 635.2 617.2 593.5 564.8 543.4 526.1 507.9 490.7 473.7 455.1 434 414.9 401.4 395.2 394.4 393.5 392.4
545.1 562.3 590.4 603.9 617.5 632.7 631.3 614.8 620.2 613 598.8 620.4 641.3 657.2 661.8 669.1 675.8 676.6 670.8 668.7 666.4 666.3 665.4 670.8 675.8 682.1 683.3 683.4 682.1 686.6 689.1 688.3 686.4 680 675.9 676 670.9 669.7 666.2 663.1 663.1 667.5 673.2 674.2 680.5 677.3 669.6 663.9 658.7 649.2 651.3 655.3 659.4 662 664.7 666.6 666.1 663.8 659.3 652.5 645.1 634.6 608.6 581.1 554.8 534.1 514.9 496.9 478.9 463 443.4 419.3 401.4 395.3 395.2 394.7 393.9 399.7
548.7 576.8 605.8 607.9 629.6 640.7 630.1 629.9 636.6 635.3 625.3 626.8 645.1 661.5 667.8 672.5 672.1 670.3 669 667.4 665.7 665.4 673.8 677.8 679.6 682.4 683.2 685.3 696 691.6 686 683.3 680.1 673.2 671.2 670.6 669.5 668.2 663.1 663.1 664 673 671.2 673.1 676.7 672 665.1 659.4 653.9 652.6 650.1 654 658.5 661.2 663 663.6 662.4 660.6 657.1 650.4 642.7 626.8 595.2 570.3 544 523.5 504.3 485.5 469.8 452.8 432.5 408.9 397.7 395.2 395.1 394.9 394.6 405.9
563.5 589.8 606.5 619 644.1 640.2 630.5 644.3 650.2 643.6 633.5 625.4 643.3 658.2 667.8 679.4 673.5 671.6 669.3 666.2 668.7 671.7 679.6 682.7 683.8 685.7 692.8 699.6 697.4 688.6 682 678.6 675.5 671 669.9 667.2 665.5 663.1 666.5 665.5 666.4 668.5 668.3 671.9 671.1 666.6 660.6 653.5 648.8 647.6 649.2 651.6 655.3 658.5 660.4 660.7 659.7 660.3 654.4 644.9 635 607.9 579.9 553.8 531.5 512.9 493.8 476.7 460.8 443.3 420.5 400.1 396.8 395.4 395.3 395.1 405.3 417.6
574.6 593.2 610 628.6 638.6 634.7 638 647.4 650.4 647.9 638.6 635.9 640.6 658.1 669.7 682.9 681.1 679.4 677.8 681.1 685.2 682.1 681.8 689.7 688.7 697.2 703.2 702.4 698.4 686.5 678.9 675.8 671.8 670.4 665.4 663.1 663.2 670.5 675.1 671.7 668.3 666 666.6 670.3 667.6 659.4 652 646.1 644.2 644.2 647.1 650 651.8 653.5 657.3 658.4 659.9 656.1 647.4 636.6 621.5 588.6 562.7 536.9 519.1 500.8 483.2 467.6 450.8 431.9 410 397.8 397.3 396.8 395.6 401 414.6 432.1
582.5 599.5 605.8 630.3 633.8 637.1 646.8 649.2 653.3 653.6 648.3 650 638.8 659.2 675.2 682.4 682.1 679.3 680.1 682 682.7 681.4 682.7 690.4 704.1 706.4 709.2 704.6 697.3 688.1 680.9 676 669.9 666.4 663.4 663.1 663.7 675.4 678.6 674.2 668.8 664.3 665 666.3 660.1 651.5 642 640.8 640.4 641.8 644.2 646.9 648.7 649.5 650.7 653.7 654 649.1 634.1 618.2 597.3 571.2 545.6 525.3 507.2 490.2 472.8 458.7 439.8 416.8 402.8 397.6 397.2 396.6 398.1 410 429 446.2
587.4 600.7 612 627.3 633.5 644.4 649.8 648.8 656.5 659.3 657.3 655.9 645.5 657 673.7 680.9 682.5 680.3 681 681.6 681.4 682.7 692.4 702.3 710.4 710.1 710 702 695.9 687.5 680.5 677 669.8 664.1 664.2 663.9 673.7 672.4 674.3 673.2 667 661.8 661 660.5 655.3 646.3 639.6 638.9 639.6 640.8 642.7 644.6 645.1 645.8 647 648.1 645.5 640.9 623.7 604.8 582.4 556.5 533.3 514.4 497 481.4 462.2 444.8 423.4 405.4 398.4 397.6 397.2 396.7 408.7 423.5 439.7 458.3
587.6 598.3 609.6 624.6 640.4 645 649.3 654.3 656.1 659 659 654.2 649.1 655.3 670.4 680.7 683.6 683.2 682.4 682.1 684.6 691.8 699.8 704.9 708.6 710.1 707.8 703.8 696.3 688.1 682.7 678.8 666.5 664.8 665 669.4 673.9 671.5 672.5 670.2 663.2 659.6 657.8 655 650 642.6 637.7 637.4 640 640.3 640.9 641.5 641.9 642.2 641.4 639.3 635.1 625.3 611.2 588.5 567.9 542.1 521.7 502.9 487.1 471.1 452.1 429.5 409.6 398.9 398.7 398.4 398 402 416.7 439.6 453.2 469.3
583.4 601.1 613.4 628.7 639.2 641.9 650.6 655.8 658.8 658.8 659.3 654.4 649.4 656.6 670.2 680.8 687 687 683.7 683 686.4 692.9 699.4 701.5 703.8 705.3 701.1 701.3 696.1 688.6 683.1 676.3 668.6 668.6 669.5 671 673 672.5 671 667.5 662.2 657.8 654 649.8 643.4 637.4 636.1 634 636.1 637.1 638 638.4 638.6 636 633.8 630.3 623.8 611.5 596.5 573.2 550.6 527 507.4 491 475.9 460.1 439.8 415.4 404.3 398.6 398 399.1 399.8 410.8 433.8 455.5 472.1 491.5
587.5 608.1 617.8 628.8 635.7 643.5 653.3 660 664.2 668.4 667.2 658.9 657.3 659.9 672.2 681.8 690 689.9 685.6 684.7 689.1 694.6 701.2 706.5 703.2 698.7 700 700.8 695.7 689.4 683.7 678.2 672.8 669.5 671.3 672.6 673.8 675.9 675.5 666.8 658.8 654.8 650.9 643.8 637.4 635.4 633.5 632.9 632.5 634.1 635 634.1 633.3 630.3 626.6 621.5 612.2 598.3 579.5 559.5 535.7 515.4 500.7 482.8 467.1 445.3 422.1 408.3 399.6 399.5 400.5 400.3 409.6 423.6 450.9 468.7 485.6 502.3
597.7 612.8 621.7 628.9 639.2 645.7 655.9 663.5 670.9 673.6 670.3 662 668.9 661.2 674.2 683.9 690.3 691.3 686.9 686.4 691.3 696.6 704 706.2 699.3 694.6 697.3 700.7 697.7 691.7 690.7 683.9 675 674.6 679.3 675.9 677.1 677.3 674.3 664.9 656.9 650.7 644.6 639.2 639.4 637.4 634.2 632.9 632.6 633.1 633.1 630.4 627.2 621.8 618.7 612.4 599.9 585.6 567.6 545.6 524.2 503.7 488.3 475.1 455.3 432.8 413 402.5 400.9 401 401.3 409.2 423.5 441.9 462.5 481.9 499.6 515.3
605.5 617 624.5 630.7 639.2 647.9 657.1 668.1 672.8 673.5 671.8 669.1 671.7 660.2 673.9 685.5 689.8 690.9 688.9 687.1 690.2 698.8 704.8 703 694.6 694.6 697 700 699.2 697.5 693.9 685.7 678.1 689.1 687.5 679.7 679 675.1 668.6 660.7 653.5 646.9 641.2 639.1 639.8 638.6 634.7 633.2 633.1 633.9 634.7 633.9 630.3 624.1 616.6 604.5 588.4 569.6 554.4 533.7 513.7 494.6 480.1 464.7 443.9 420.4 408.9 402 402.7 402.6 407.6 419.1 439.4 458.4 474.6 494.9 517.1 531.2
607.9 619 627.1 633.6 641.2 648.4 659.2 670.5 676.2 677.2 673.5 675.3 669.3 661.8 674.9 684.6 691.1 689.5 688.8 688.7 690.4 697.8 697.9 694.6 694.6 697.9 699.4 700.7 700.8 698.7 693.1 685.1 689.3 690.2 680.2 680.7 678 670 662 653.2 644.5 640.4 639.7 639.6 640 639.4 636.9 634.7 637 640.1 641.4 640.5 636.2 629.3 619.3 603.4 583.1 559.8 531.4 512.9 502.5 488.8 474.8 454.1 431.8 414.7 406.6 403.7 403.8 405.2 414 429.1 454.2 474 488.9 510.5 531.3 551
611.3 621.4 629.4 636.7 645.8 653.7 665.2 674.1 680.7 680 676.4 680.8 667.6 661.6 673.4 682.9 688.3 689.8 690.8 690 693.5 698.9 698.2 694.6 694.6 699.4 704.7 710.7 705.4 696.8 690.3 686.7 689.8 686.4 679.3 676.5 669.2 661.5 652.6 646.2 642.3 641.9 641.2 640.9 642.9 643.3 641.6 641.1 642.8 645.7 648.3 646.4 641.3 633.3 620.5 602.2 576.8 554.8 536.9 511.5 483.1 466.5 462.2 445.9 424.2 412.8 406 404.9 405.1 411.2 419.1 445.4 468.1 483 502.8 522.6 546.2 574.2
614.4 624.1 634 642.7 652.2 658.8 668.8 675.1 680 679 686.5 689.3 671 662.2 672.4 681.2 685.9 691.3 691.3 692.6 701.2 704.3 700.3 694.7 697 709.2 714.7 707.8 699.6 695.5 689.9 690.2 690.8 683.7 674.9 668.2 660.3 653.4 646.6 645 645.9 647.6 647 644.7 647.2 649.3 646.9 646.2 648.5 651.8 654 650.9 644.9 635.5 617.7 595.7 571.2 551.9 535.3 514 497.3 474.1 451.6 435.4 423.8 413.4 406.4 406.7 407.8 416.7 430.3 458.7 476.5 495.6 514.1 539 569.5 607.4
616.7 627.8 639.8 650.3 659.4 665.6 672.2 674.7 681 683.5 709.8 704.5 688.6 667.4 668.5 679.2 686.1 691.6 693.4 697.6 703.2 701.9 695.9 700.8 706.8 709.1 710.3 703.4 693.1 691.9 693.4 691.3 684.8 677.3 671.3 662.9 654.3 647.3 646.5 649.1 650.8 652 650.8 651.1 652.1 655.2 651.8 651.6 654.6 659.1 659.2 656.1 648 631.2 612.2 596.6 567.7 548 531.8 510.1 492.4 475.2 458.9 438.3 421.7 412.6 407 408.3 413.8 424.8 445.4 468.8 485.9 507.9 531.5 561.3 602.7 634.4
623.1 635.8 647.7 658.2 665.8 672.6 676.1 679.2 684.8 699.7 723.2 715.6 699 674 668.8 681.6 689.2 692.7 696.8 698.3 695.8 693.7 706 706 706.3 706.1 704.3 696.4 693.7 692.8 694 688.7 679.6 673.4 666.7 658.7 650 649.7 651.3 652.2 655.1 657.4 655.7 657 660.1 659.7 657.5 658.2 661.2 663.9 662.4 657 647.1 632.5 618.6 599.8 566.7 542.7 526.5 505.5 485.9 469.5 454.1 433.9 417.1 410.4 408.3 412.1 420.3 435.4 458.6 482.9 498.1 523.9 554.6 590.9 623.8 658.8
631.5 643 653.5 662.6 674.7 681.1 682.9 689.4 694.3 716.7 723.7 717.1 700.4 671.4 669.7 681.2 690.2 697.2 694.5 693 690.9 701.5 712.8 705.2 702.3 701.2 697.2 693.2 694.2 694.1 692 682.5 673.9 668.6 661.3 655.1 653 656 658.1 656.8 658.8 660.9 660.8 661.9 664.7 665.1 664.8 665 668 668.1 667.3 659.9 651.1 637.3 619 587.5 558.2 539.1 521.9 501.1 481.6 465 445.1 431.5 415.6 409.9 411 415.5 428.1 448.1 471.6 488.9 511.9 543.3 569.9 606.7 642.6 659.1
640 651.8 660.6 669.6 685.3 685.9 688.5 691.4 703.9 723.2 725.2 717.5 699.9 668.7 674.8 679.7 686.4 691.3 689.1 686.6 696.4 708.1 710.9 708.1 700.1 698.8 694 693.4 694.2 698.2 691.1 678.4 667.6 662.3 657.2 656.1 658.4 660.6 660.2 660.9 663.5 665 666.1 669.1 671.6 670.7 670.9 672.1 671.6 671.1 670.8 664.1 648.3 634 610.6 577.9 550.9 535.9 516.2 496.4 477.7 458.1 441.7 429 414 410.5 414 421.9 435.1 457 482.3 502.8 528 553.2 582.6 621.7 652.7 661.7
649.5 660.6 671.7 679.2 686.2 689.8 689.6 693.4 709.3 722.2 725.5 719.1 700.4 671.1 674.5 677.8 681.7 684.9 683.1 691.8 700.7 708.8 710.6 703.3 700.5 697.9 694.6 694.3 697.9 700.8 686.1 670.6 666.9 660.2 659 660.1 661.4 664.3 664.8 665.2 667.2 670.4 675.7 677 677.9 676 676.3 677.1 673.4 671.1 666.1 654.3 641.1 625.9 592.9 568.8 547.9 531.9 509.8 491.1 471.1 451.7 442.9 420.8 412.5 411.7 418 425.9 445.7 470.7 490.1 512.5 544.8 566 599.8 642.6 656.4 666.2
656.1 668.3 678.1 682.7 690.4 694.2 691.7 695.3 712.8 721.3 722.6 716.2 700.6 677 672.6 676 675.6 677.2 683.3 697.3 705 707.5 707.4 698.5 698.5 698.4 695.4 699.6 701.2 696.2 677.7 670.7 666.5 660.2 661.9 665.6 666.7 668.4 668.4 668.5 669.3 675.8 680.8 679.7 680.6 680.2 681.1 680.4 676.1 668.8 659.7 648.3 633 615.7 594 569 543.1 523 502.7 483 462.4 451.7 440.7 419.6 414 415.9 425.4 435.8 456.2 482.9 504.2 540.5 554.7 585.3 626.5 644.7 660 669.1
660.4 670.7 677.9 684.9 697.9 693.4 692 700.9 718.5 721 720.3 712.4 695.9 679 674.7 674.1 674.1 675.3 686.1 698.2 702.2 703.5 701.4 694.5 694.1 693.7 700.4 711 699.4 684.9 678.2 669.5 662.8 663.2 665.3 669.8 668.9 669.1 669.3 669.3 670.7 676.7 681 684.4 686.4 686.6 685.8 683 678.6 670 660.2 649.5 633.5 611.7 593.9 563.5 536.5 516.9 495.8 475.8 459.3 446.6 432.3 417.8 415.1 419.7 431.7 446 466.1 492.7 517.9 547.6 571.5 605.4 631 648 662 668.4
662.3 671.5 683.2 689.6 698.6 695.5 693.8 705.1 718.3 720.2 715.2 707.8 688.5 681.4 674.1 674.1 674.1 676.6 686.3 698.6 701.7 701.7 694.6 694.7 691.1 692.7 708.8 698.2 687.6 682 676 666.8 662.8 665 668.2 670.7 670.2 669.5 670.1 669.6 671.9 680 683.5 686.8 690.7 690.5 688.6 685.5 679.9 670.7 661.2 650.1 630.5 607.1 590.3 556.4 528.6 508.3 488.5 470.6 455.8 445.4 426.3 418.2 417.5 423.3 436.5 455 481.3 502.3 524.9 548.8 586.9 620 637.9 654 662.2 669.5
669 680 690.6 692.7 699.2 696 698.9 719.9 721 713.4 710.1 701.4 689.8 682.4 674.1 674.1 674.1 681.2 691.9 702 702.2 699.3 691.7 691.8 690.2 700.4 697.6 688.1 683.2 678.9 670.9 664.7 664.2 668.2 671.8 671 671.3 669.6 670.7 669.2 673.4 681.1 685.1 688.5 690.5 691.6 689.8 686.2 680.9 671.3 664.8 652.3 628.1 602.2 578.3 547.6 522.2 501.4 483 469.4 457.5 440 422 419.3 421.7 430.9 445.3 467.4 491.5 513 532.9 561.5 594.3 625.4 646.1 663.6 669.1 671.8
684.6 688.3 695.2 700.5 700.1 699 714.3 722.1 716.9 706.2 702.1 692.1 681.9 674.1 674.1 674.1 676 694.2 706.1 711.3 707.2 699.1 690.2 690.2 690.7 699.9 686.3 683.1 680 673.3 669.5 665.8 670.5 674.1 679.7 672.4 674.1 672.4 671.1 669.8 675.3 680.9 685.3 688.3 690 692.4 689.7 687 682.2 675.3 667.3 649.4 612.2 587.5 560.7 537 512.8 494.1 478.6 466.5 454.4 436.5 421.4 422.4 427.1 438.1 456.4 478.8 503.5 523.9 551.2 584.3 617.7 647.8 662.8 670.3 674.5 676.2
682.9 695.3 700.3 699.2 701.5 716.3 718.9 712.3 707.1 701.4 695.8 681.3 674.1 674.1 674.1 674.1 682.5 705 710 707.3 703 697 690.2 690.2 694.6 683.6 683.7 684.1 679.4 676.1 669.3 671.9 679.9 679.4 676.6 673.2 678.1 675.5 673.2 673.3 676.9 681.5 684.5 688.9 692 692 689.3 689.5 686.1 678.8 663.3 636.9 601.5 579 549.9 526.4 507.7 489.5 476.4 464.9 447.9 424.9 424.4 426.8 432.6 444.9 468 489.8 512.2 535.2 565.1 603.1 633.3 663.1 679.7 680.7 678.7 680.5
689.5 694.7 699.2 699.7 706.2 717.5 710.8 705.4 698.5 691.8 686.2 676.4 674.1 674.1 680 674.1 683.2 701.8 700.9 699.6 700.9 694.2 690.5 690.5 683.6 683.6 688.1 680.8 678.9 674.4 678 684.7 684 679.1 676.8 676 680.9 679.1 679.1 680.5 679.3 679.9 683.1 687.7 690.1 689.2 689 689.3 689.9 682.2 669.3 627.1 590.2 564.9 540.6 519.9 501.8 485.5 473.9 464.7 441.8 426.6 427.4 430.5 438.9 455.7 478.4 500.4 521.6 545.8 579.3 627.2 658.5 681.4 686.9 686.5 685.1 687.1
686.5 690.4 698.8 701.5 706.8 711.9 707.5 701.9 699.5 697.4 691.8 678 674.1 675.4 681.3 680.8 680.8 684.9 689.5 698.6 699.5 698 690.7 683.9 684.9 687.9 685.7 680.2 678.3 683.6 690.8 691 690 684.1 680.4 679.9 679.4 680.6 682.1 680.5 680.4 681.9 681.8 685.9 687.3 686.9 687.5 687.4 688.7 680 661.8 611.1 580.1 555.6 534.2 515.7 497.2 483.3 471.7 459.8 434.7 429.4 432.8 437.5 447.5 467.8 490.9 510.5 528.6 572.7 602.5 644.7 671.7 687.7 691.2 689.9 693 692.6
687.5 694.3 701.2 707.8 705.7 704.7 707.5 707.7 711.8 714.5 697.1 678.9 674.1 678.1 682.3 676.9 671 675.2 687 695.1 698.5 693.2 685.3 686.3 689.4 683.9 682 685 685.4 690.8 694.6 693.5 694.6 690.7 685.8 682.7 683.6 688 687.5 683.4 680.8 684.1 684.3 683.7 683.4 682.1 680.5 682.2 679.7 668.7 637.2 600.1 573.7 549.4 530.9 513.3 498 484.1 467.4 447.6 433.2 432.7 438 444.1 455.7 477.8 497.8 519.5 563.2 602 632.5 654 679.2 691.8 691.5 693.5 700.2 698.5
692.1 698.4 699.4 697.3 700.1 711.9 716.2 716.9 726.2 717.1 696.2 682 685 681.5 680.1 668.6 663.5 670.4 683.1 688.8 686.6 681 681.9 687.1 687.2 682.2 684.4 689.3 691.3 694.5 697.9 699.3 698.2 692.3 688 685.2 688.3 690.1 689 682.5 683.3 682 681.1 678.9 677.9 675.6 673.4 673.7 669.6 659 639.8 599.9 576.7 543.4 528 511.8 498.7 486.4 469.5 443.7 434.5 441.2 442.6 447.3 462.1 482.9 504.6 535.8 575 624.6 652.6 670.9 685.4 691.6 692.3 696.4 699.2 700.8
691.3 690.4 688.3 690.9 701.5 709.5 716.4 727.8 724.3 715 697.5 690.3 684.2 678 668.1 663.5 663.5 667.7 680.4 680.2 676.6 680.4 684.8 684.5 681.3 684.2 690.2 693 696.4 698.3 699.9 700.9 699.4 691.2 685.2 687.1 688.4 690.3 685.7 681.4 680.8 676.2 673.1 669.8 667.9 666.4 664.3 663.1 660.6 655.7 634.5 601.6 567.6 542 527.2 513.5 500.5 488.5 471.4 449.9 439.2 440 445.3 454.6 471.5 492.4 518.6 556.9 601 638.2 665.3 683.2 690.6 689.4 691.5 695.9 700.1 702.9
683.4 679.7 683.4 693 696.1 700.7 717.3 723 718.4 711.2 695.5 684 676.5 668.6 663.5 663.5 663.5 667.4 678.7 676.2 676.1 685.4 684.1 679.5 684 690.7 695.5 698.7 700.7 700.8 700.8 697.8 693.1 686.3 684.6 688.6 686.5 682.5 678.9 680.4 675.3 667.8 662.6 659 656.5 654.9 653.2 652.1 651.2 646.5 620 597.1 563.6 537 524.5 514.9 503.5 491.6 481.4 458.6 441.6 443.6 449.2 459.3 480.6 507.8 536 573.3 614.2 653.5 671 683.3 685.2 688.5 691.7 697.1 701.3 704.2
680.2 684.5 687.4 689.3 690.1 695.8 710.6 715.8 709.4 701.8 691.8 679.8 671.2 664.3 663.5 663.5 663.5 666.8 678.9 670.8 676.7 680.2 678.7 680.4 689.6 692.7 698.1 700.9 699.8 698.2 695.3 690.7 685 680.8 689.4 684.1 678.4 673.8 671.2 669.9 667.8 661 655.4 650.6 647.7 644.6 642.2 638.7 632.6 623.3 609.1 592.9 567.7 536.3 514.9 508.9 500.6 492.5 476.2 457.8 447.7 449.2 456 473.5 495.4 525 549.2 583 621.3 656.6 670.5 677.6 680.3 685.3 690.5 698.5 702.4 705.5
