app/static/ascii/NH41.asc
ncols 200
nrows 200
xllcorner 240000
yllcorner 810000
cellsize 50
[rows 0 to 34 of 200, columns 0 to 79 of 200]
461.6 458.9 457.2 454.2 447.8 449 445.4 428.9 415.3 399.8 389.9 390.2 387.3 381.6 378.9 379.1 381.7 381.9 379.7 378.1 379.1 379.9 380.4 380.2 380.7 379.1 378.8 375.2 370.6 367.1 367.1 367.1 367.2 368.4 370 369.2 369.8 373 379 384.1 389.5 396.9 403.1 407.9 409.8 413.2 416.2 423.1 427.8 421.5 412.5 401.4 399.5 397.3 394 385.1 375.6 367.5 363.4 356.1 347.8 338.3 333.6 331.6 345 352.1 358.9 370.6 361.5 360.1 363.9 364.4 358.3 361.8 352.5 343.9 337.4 335.5 334 340.3
474.3 475.3 471.8 463.7 451.3 459.9 450 436.9 416.7 406.2 394.6 387.9 383.4 379.8 378.9 378.9 380 380 378.9 378.2 378.2 379 379.7 379.9 379.4 379.7 380.3 376.7 374.2 367.7 367.1 367.1 367.6 368.8 370.4 368.3 365.7 369.1 374 378.3 382.5 388.2 394.6 399.3 401.2 401.9 407.5 411.9 416.6 416.5 406.8 395.4 395.1 391.7 389.4 380.6 371.6 367.5 363.5 356.2 344.7 330 326.6 334.9 349.1 352.8 358 371.1 359.8 358.9 366.8 369.3 359.1 361 350.3 335.9 328.6 328.6 323.3 328.2
485 484.7 481.8 470.3 461.4 458.3 450.2 438 417.8 403.9 393.3 386.5 382 380.8 378.8 378.8 378.8 380 378.8 378.9 378.8 378.7 378.9 379.4 380.4 381.5 384.8 383.6 377.9 367.1 367.1 367.1 369.3 372.8 372.1 370 369.2 366.5 369.7 370.1 373.2 379 385.8 389.4 391.6 393.4 397.2 400.3 403 403.1 393.5 389.7 389.6 389 384.8 375.8 368.9 365.8 362.8 352.6 342.3 325.4 322.2 333.7 347.3 350.4 360.4 369.6 358.8 359.9 364.2 360.7 344.5 352.6 339.8 331 321.4 319 313.7 316.6
497.1 497.5 491.3 480.2 467.5 458.7 449.7 436.8 415.8 403.6 398.1 391.6 387.3 386.1 378.9 379.1 384.7 380.6 379.3 379.5 379.8 380.3 380.4 381.2 382.3 383.7 387.6 389.4 376.7 367.2 367.1 369.1 372.1 375.1 373.8 370.6 367.1 362.9 361.6 359.4 363 369.6 376.7 380.2 383.5 384.7 387.5 387.7 387.9 388.3 386.8 381.6 384.4 385.3 381.4 373.4 366.7 364.6 360.9 355.1 339.9 321.7 318.9 327.5 336 343.9 356 358.4 349.4 352.6 356.5 360.7 342.7 336.8 333.2 325.5 316.1 315.1 308.9 311.7
508.7 505.5 499.4 490.2 477.3 462.4 447.1 434.1 416.4 410.7 400.2 396.8 394.3 389.1 383.9 382.3 386.5 383.3 380.9 387.6 382.4 382.9 382.3 382.3 384 386.2 390.4 385.6 374.5 370.7 370.8 376.3 376.5 376.8 376.1 370.4 365.9 360.5 362.4 360.9 354.8 357.7 364.4 371.4 374.9 375.9 381.1 380.4 379.6 380 383.7 379.2 379.2 381.1 380.9 371.1 365.5 362.2 360.2 354.2 337.4 326 319.6 319.3 327.1 332.5 339.8 341.3 338.1 338.4 348.1 356.3 340.2 319.3 328 323 311.9 308.6 306.1 305.5
513 506.9 500.5 497.1 484 464.2 450 441.7 418.1 412.5 402.3 401 400.8 394.8 385.6 389 388.2 383.4 386.8 391.6 390 385.6 384.1 383.5 393.2 410.8 399.1 386.2 390.1 388 392.1 384.5 381.9 379.3 378.1 374 372 375.4 370.1 370.2 364.6 349.6 352.8 360.8 364.6 367.8 372.6 373.2 374.3 377.9 379.2 378.9 377.4 373.8 370.8 367.4 363.4 361.5 363.5 355.7 338.5 330.2 321.9 312.9 320 326.2 330.7 332.2 324.2 326.2 333 335.3 324 310.4 321.7 315.1 308.4 306.1 302.7 300
511.3 502.7 499 498.6 480.2 463.8 450.8 440.2 426.5 415.5 404.9 399.5 399.7 394.5 389.3 396.5 391.2 384.6 390.9 390 388.5 389.2 388.6 389.2 413.2 416.7 397.3 403.4 411.8 420.3 420.6 399.7 390.8 385.2 381.6 390.2 387.1 381.1 376.1 376.6 375 367.3 350.4 345.2 350.5 359.8 363.2 365.3 368.3 373.7 379.8 378.9 374.3 373.8 370.9 367.5 363.9 367.4 370.1 360.1 339.2 329.7 313.8 311 318.4 323.9 322.6 321.1 308.8 313.8 319.5 321.3 319.2 309.1 298.3 306.3 307.9 301.1 299.9 300.1
509.8 501 497.2 495.4 481.5 459.1 446.6 434.6 430.1 423.3 410.3 403 398.8 394.8 396.4 402 397.8 387.3 391.1 390.6 393.1 393.1 389.1 402.8 418.6 417 404.1 418.4 421 429.9 426.9 411.8 405.4 400.7 399.5 399.9 397.1 387.5 382.5 383 380.5 373.8 360.7 348.9 341.8 351 354.9 357.8 361.9 367.9 371.2 372.2 374.4 380.4 371.7 368.4 362.2 369.7 373.2 359.7 341.6 326.3 310 310.7 321.7 321.2 319 314.5 302.2 305.6 311.1 322.5 319.8 302.5 278.2 302.5 302.8 293.2 291.1 291.8
503.2 494.3 483.6 487.9 473 450.9 439.3 429.7 430 428.3 416.2 408.2 400.8 398.9 408.3 407.8 400.5 390.6 398.3 398.6 403.8 399.4 397.6 412.2 417.5 416.6 420.2 431.8 429.8 435.9 429.3 428.3 420.5 417.2 408.3 406.8 403.1 396.5 390.9 387.8 384 377.7 364.3 351.7 341.9 343.4 346.5 349.8 355.4 359.3 367.6 367.8 375 380.9 368.2 361.4 357.9 362.1 366.2 351 340 323.3 306.3 304.6 315.5 313.8 311.8 309.2 297.8 296.7 297.6 305.7 313.3 303.7 273 291.5 300.2 286.9 276.3 280.2
495.6 486.1 473.7 475 463.4 446.6 436.5 430.3 422.7 420.9 418.1 410.8 404.6 409.2 416.6 421.7 406.2 393.7 400.1 405.6 409 400.7 408.2 419.2 418.7 421.2 437.1 449.9 449.1 443.8 443.4 434.3 434.7 429.5 416.3 412 412 416.4 410.3 401.2 391.3 378.6 368.7 361.8 351.6 338.3 339.6 345.1 348.6 352.5 359.9 365.2 370.2 373.4 360.1 354 346.5 344 347.8 339.9 331.1 319.2 301.2 303.4 314.4 310.5 308.5 303.4 293.8 291.5 291.2 293.6 304.2 295.5 271.9 273.1 287.2 279.8 270.8 272.5
488.8 478.3 467.5 458.8 451.4 440.7 431.9 424.4 416.9 416.6 415.7 409.2 408.9 417.5 430.9 432.2 409 403.5 411.7 412 414.4 410.7 416.4 418.9 419.1 429 448.7 461 455.5 452.9 451.4 447 445.2 435.6 424.3 420.7 430.3 432 425.1 416.9 400.4 379.9 371.2 371.6 364.5 348.9 335 341 345.5 350.8 356.8 360.7 369.7 372.4 353.5 343.5 338.2 328.4 330.6 331.9 325.4 314 297.8 302.2 312.2 307.8 300.5 298.3 289 289.1 289.9 289.6 291.7 288.8 269.6 257 271.6 268.2 268.5 261.1
479 472.4 462.8 451.5 441.3 432.9 424.8 418.7 412.3 408.1 408.8 408.2 409.7 425.6 442.2 434.5 416.3 420.2 426.3 428.1 427.5 421.8 424.1 426.4 430.2 449.4 466 466.9 464.2 463.8 460.7 455.1 453.6 446 445 455.5 451.9 446 440.4 425.6 408.6 384.8 377.9 374 366.9 347.8 337 338.9 343.6 349.2 352.4 353.3 356.3 359.3 339.9 333.2 331.2 320.5 319.4 321 317.6 307.7 289.4 295.5 304.7 308.4 299.3 290.2 285.7 287 290.9 281.9 285 281.3 265.9 247.1 261.4 259.4 256 246.8
470.2 461.8 452.5 438.8 433.8 427.8 418.8 412.1 408.2 401.2 398.1 397.9 404 425.5 436.3 434.3 426.2 431.8 434.1 440 436 436.7 450.3 451.8 457 469.4 482.9 483.9 487.3 493 482.3 466.5 468.6 465.5 466.2 466.9 461.8 458.1 449.9 434.6 430.4 412.9 389.5 376.6 354.8 347.3 331.3 332.6 338.2 343.4 348.6 349.4 346.8 343.6 334.6 325.4 324.2 317.7 308.8 313.5 310.4 301.5 285.3 291.3 302.6 300.3 293.4 284 286.5 288.4 281 271.8 271.4 273.1 260.9 245 245.5 246.3 240.8 234.3
460.8 452.7 439.4 430.5 425.7 420.9 412.7 409.4 405.2 398.1 387.7 388 393.1 407.9 424.7 429.8 429.7 435.1 446.1 450.8 438.7 454.2 460.9 474.3 476.5 482.6 487.7 490.8 499.9 506.5 487.6 470.1 473 477.9 475 471 469.9 469.2 457.8 448.3 440.7 423.4 400 376.4 354.3 342.9 330.9 327.7 327 334.2 341.6 340.4 341 332.3 327 321.1 320.5 313.3 300.9 306.3 303 295.2 281.8 286.7 290.6 291.1 285.7 276.9 286.7 286.9 274.7 264.6 254.2 254.4 251.3 238.4 228.9 226.8 219.1 231
444.3 439.8 429.2 419.5 414.4 409.2 408.2 405.8 401.2 392.6 381.9 379.7 387.7 406.6 418.5 420 429.6 437.5 456 450.7 456.1 469.4 475.5 479.4 482.2 486.2 491.1 500.6 501.1 498 481 469.9 469.3 479.3 478.9 471.2 464.4 471.2 457.7 445.8 434.9 420.1 397.1 374.7 356.4 348.2 340.3 337.7 325.2 327.2 333.5 329.6 327.7 328.6 318 315.2 311.6 304.7 295.7 298.4 295.6 285 274.5 279.4 282.8 281.4 275.9 273.5 275.9 278.7 270 251.5 238.7 238.9 236.7 229.1 230.2 241 227.1 221.6
438.5 434.7 426.5 415.3 405.6 401.4 403 399.4 393.5 385.6 378.8 377.3 381.2 399.6 414.9 421 426.8 444.8 452.4 454.9 464.2 470.6 477.3 478.6 481.7 486.7 496.5 503.4 494.9 484.6 471.9 464.7 468.9 480.6 476.8 469.2 460.4 454.3 448.8 443.9 425.9 410.5 392 378.2 361.7 359.9 347.6 340 329.2 319.5 319 318.7 317 311.8 306.2 298.1 297.8 293.2 287.8 286.2 287 274.4 266.6 272.3 275.1 271.7 266.2 259 253.1 256 252.8 239.8 240.3 238.2 238.3 237.9 242.7 243.7 235.1 218.3
429 419.6 413.9 408.2 399.7 396.2 396.4 394 387.8 379.1 372.7 371.9 378.5 392.6 411.5 419.7 423.4 442.7 445.2 452.9 460 464.7 468.3 471.8 478.9 491.2 495.2 490.6 477.5 468.3 459.1 464.9 468.9 472.6 471.1 464.4 456.9 448.8 441.9 440.1 427.3 411.3 397.5 377.8 370.9 362.2 350.9 343.4 335.6 320.7 309.8 307.2 300 298.4 289.7 282.1 279.1 280 276.7 272.7 272 268.4 260.3 262.6 267.4 264.6 258.7 248.8 252.3 250.6 250.1 243.9 247.2 257 256.7 255.9 255.9 253.3 247 239.9
428.6 419.1 410.2 404.8 401.5 392.5 390.8 390.2 382.9 372.3 368.8 371 378.3 388.5 409.4 419 423.9 436.1 438.9 443 449.4 449.1 456 462.7 472.6 482.8 479.6 467.3 464 453.2 464.7 471.4 464.6 465.7 464.9 459.8 452.9 448.4 440.2 429 420.1 419.7 405.4 385.4 369.3 359.1 350.9 346.8 341.4 336.6 324.9 314.8 309.9 301.3 299.4 288.8 288.5 289.4 288.4 279.6 277.8 270.4 263.2 259.8 258.4 257.7 262.5 267.6 269.1 265.9 256.9 252.4 257.9 273.7 268.8 278.6 267.5 259.9 253.8 245.5
425.5 414.2 403.8 400 391.4 385.7 387.8 385.6 377.9 368.6 368 370.8 382.6 390 403.4 415.5 426.4 435.7 435.9 439 438.7 432.2 436.6 444.6 451.6 456 461.7 460.2 448.7 455.7 459.7 458.8 457.8 462.1 461.6 459.8 455.5 451.3 440.9 422.7 422.4 423.1 408.7 391.4 363.8 358.2 354 352 350.7 343.4 330.1 319.7 314.7 306.6 300.4 296.5 297.6 299.1 295.1 281.5 279.8 271.3 268.6 263.1 260.8 265.7 270.3 282.7 280.5 277.7 265.7 261.5 264.3 280.9 281.6 277.7 270.3 265.7 258.3 253.4
415.4 405.8 394.3 397.6 388.7 377.7 377 375.8 371.2 363.1 365.8 374.8 384.5 389.3 397.3 408.5 421.4 426.5 430.5 423.5 421.1 419.4 415.2 424.9 433.4 436.6 438.7 438.9 443 447.6 447.2 448.9 453.4 458.6 460.8 460.8 457.9 451.4 435.4 419.1 428 430.6 410.6 394.3 373 367.1 361.4 358.4 355.4 345.1 338.2 330.9 320 309.2 304.2 301.8 305.7 304.2 294.2 280.5 278.9 275.8 270.8 267.8 270 279.9 284.8 290.5 289.8 286.3 278.4 270.3 271.5 284.8 286.1 280.8 275.2 268.2 265.4 267.8
409.3 398.1 383.7 378.4 377.8 371.1 371.2 367.1 363.4 361.1 362.2 372.4 378.2 383.1 392.3 403.1 410.9 417.9 414.3 406.7 405.4 404.7 402.8 409.7 413.4 416.4 418.7 427.5 432.8 440.3 440.1 442.4 451.1 452.8 456.9 458.9 459.2 448.9 424.5 415.4 418.8 427.6 405.7 395 381.5 372.6 367.1 364.9 365.7 355.1 339.1 329.4 319.5 316.3 308.7 310.1 310.7 307.5 292.5 279.3 279.1 281.7 280.1 276.5 284.3 293.4 306.6 306.4 303.4 298.3 288.3 277.9 280 291.1 289 280.8 276.3 272 274.5 278.4
398.5 394.7 378.7 365.6 367.4 360.4 364.7 358.6 356.8 358.2 360.9 365.8 371.3 374.6 384.6 393.1 400.4 409.8 404.3 396.9 393.5 392.2 388.4 389.8 394.5 403.5 413.1 426.7 428.8 436 433.6 433.9 440 444.5 449.5 454.5 457.7 439.6 411.2 408.7 405.9 397.8 399.9 389.8 378.1 372.5 371.8 375.7 377 359 337.9 326.5 321.9 319.6 320.8 317.1 315.5 309.4 291.6 281.5 282.6 289.4 291 287.8 300.7 305.5 313 314.9 311.2 306.2 295.4 286.5 287.5 291.1 289 284.7 281 281.7 280.1 286.1
363.5 363 360 356.9 354.6 354.3 355.7 347.2 351.6 353.6 353.6 356.3 358.7 368.9 376 377.7 385.7 394.8 394 387.4 381.5 379.9 375.6 376.2 385.7 393.8 412.5 419 419.2 417.8 423 425.4 432.2 439 445.2 449.4 457.1 425.9 403.9 400.2 391.5 388.2 393.9 381.2 373.4 371.5 372.9 385.5 382.3 358.4 340.3 327.8 327 326.1 322.5 319.4 320.7 308.7 290.8 285.6 287.8 295.6 302.2 302 309.3 311.9 316.8 316.4 316.4 311.2 305.1 295.4 297.4 298.5 294.7 293.3 292 292.5 288.3 290.5
338.2 334.6 333.7 347.9 343.8 345.2 340.8 334.6 340.8 346.5 350.8 352.8 356.3 364.5 371.6 371.5 371.7 377.7 379.4 375.1 370.4 365.1 363 378.9 379.7 388 403.2 404.7 403.9 408.4 410.8 418.2 426.8 434.9 438.8 440.1 448.4 415.1 398.1 390.3 380.5 381.1 378.4 374.7 368.6 366.4 367.5 379.1 376 359 339.5 331.4 334.8 330 325.9 321.2 320.6 307.9 290.1 289.9 293.4 307.9 316.9 324.7 316.9 322.2 330.7 326.5 323.2 319.7 311.3 303.4 304.8 304.4 305.1 306.6 307 297.6 288.9 296.6
326.7 316.7 311.7 321.6 332.4 331.1 320.6 320.4 325.3 329.6 341.4 346.2 350.5 355.8 363.4 363.1 363.5 366.4 371.5 367.3 362.2 359.8 361.6 378.1 379.4 384.1 393.7 394.4 388.1 391 399.8 411.2 420.8 427.8 425.8 419.3 434.4 411.2 387 376.7 371.2 373.9 366.1 363.1 363.3 361.7 365.9 372.6 371.1 359.6 339.2 332.4 331.2 331.2 323.6 321.3 320.8 310.9 293.1 297.2 302.3 315.5 330.3 330.1 325.8 336.9 343.8 341.2 335.6 322.7 310.8 311.4 309.7 310.9 317.9 323.7 314.3 300.2 295.4 306.8
315.4 308.9 298.5 299.2 314.7 316.8 308.1 304.5 306.4 313.8 329.6 338.7 339.8 349.6 348.1 349.7 357.3 360.5 358.8 356 351.1 349.4 367.5 372.4 379.6 379.5 385.6 390.9 379.9 381.8 392.1 404.6 415 416.1 409.6 405.5 417.1 401 381.1 367.8 370.6 369.2 357.5 358.3 360.8 359.5 362.9 361.9 356.8 345 334.5 330 330.5 331.2 319.4 320.1 320.8 306.5 298 300.2 307.5 321.3 330.6 333.5 334.5 343.1 350.8 350 337.4 323.3 316.2 317 310.1 312 322.9 327.3 312.3 304.3 303.9 314.2
298.2 293.8 285.9 278.2 291 297.8 294.2 290.9 291.8 304.6 316.7 323.1 336.8 338 339.9 340.6 350.7 346.4 346.4 340.2 339.1 352.4 361.3 368.4 380.8 366 381 385.2 370.9 373.9 378.2 387 388.3 391.6 389 385.4 394.1 392 371.2 359.7 365.1 357.8 347.7 351.3 359.7 358.3 367.9 360.7 349.5 339 336.5 329 330.1 328.3 315.2 315 313.7 300.2 299.8 304.2 311.7 325 328.8 334.9 342.1 350.1 355.6 349.6 337.7 329.3 320.1 319.1 314.9 315.5 319.7 318.1 312.1 307.9 308.2 317
283.6 280.7 276.2 269.6 264.9 275.3 285.3 284.1 285.5 291.7 304.1 308.7 331.6 324 319.1 324.4 338.4 328.9 334.7 327.7 338 345.6 357.8 365 371 354.4 359.7 370.5 360.4 362.7 363.9 367.7 367.1 372.6 373.5 368.4 366 373.9 355.4 350.8 359.5 352.1 343.9 343.1 345.6 351.2 354.8 351.4 346.9 338.5 328.1 322 324.9 320.8 309 308.9 310.1 301.5 304.7 310.4 313.4 320.9 323.4 335.8 344.3 350 354.7 349.5 340.5 329 321.5 321.5 318.2 318.8 320.8 319.2 318.6 308.8 308.9 318.6
277.3 272.7 270.5 263.2 251.5 260.1 269.4 278.2 280.1 281.8 286.4 293.1 311.2 312 305.3 305.5 312.4 318.9 312.5 315.7 327.3 342.3 353 349.7 354.2 345.2 345.5 349.4 346.6 353.5 352.1 354.9 356.2 362.2 360.7 359.6 354.4 357.4 342.9 348.6 353.3 347.8 337.9 330.4 335.6 344.8 340.8 340.7 338 334.4 329.6 318.4 317.4 320.3 309 308.7 306.2 303.1 306.1 310.3 312.5 317.4 323.6 335.7 341.2 343.1 348.6 345.7 339.7 328.9 324.1 320.7 320.3 319.5 323.8 329.5 322.2 318.2 316.1 323.9
280.3 269.4 267.4 254.8 246.4 248.2 252.7 269.1 270 271.4 278.1 281.7 297.4 297.6 293 294.8 290.4 298.1 304 301.1 314.1 338 339 336.8 341.4 332.2 330.7 336.7 330.5 339.1 341.7 337.6 342.2 347 351.8 355.3 344 337.5 333.5 344.8 347.9 342.8 328.9 324.1 331 340.3 328.7 323.3 327.5 329.3 323.7 309.9 310 309 306.5 308.4 303.9 301.5 302.7 306.2 310.9 314.2 320.3 328.2 336.9 340.5 343.9 341.8 334.6 327.6 322.5 321.1 321.6 322.7 323.4 327.9 328.8 328.6 325.9 331
279.4 267.8 256 244.2 238.6 236.2 237.7 244.3 257.5 259.6 263.2 265.6 282.8 286 285.1 283.3 284.7 299.7 284.5 284.6 306 318.9 322.7 324.5 327.5 321.4 316.3 319.2 317.1 326.1 334.3 323.2 327.3 332.2 346.6 347.6 329.3 323.4 331 337.7 337.4 328.1 321.1 320.3 320.1 331.1 319.9 315.5 314.6 312.6 311 306.8 300.1 301.8 304.7 304.1 299.5 300.9 300.1 301.3 308.3 306.9 312.5 315.2 319.4 328.8 335.7 330.2 331 332.1 326.9 322.1 322.5 323.6 326.3 332.3 339.4 338.9 332.4 335
272.4 258.8 246.7 236.2 233.9 230.5 226.6 236.4 251.8 248.4 249.7 255.1 263.3 272.5 274 274.3 274.1 270.1 267.2 279.7 300.7 299.8 303.3 309.4 315 312.3 309.5 307.6 310 321.3 321.1 314.8 315.2 317.5 333.5 332 317.3 319.3 316.5 317.2 316.3 315.1 313.3 315.6 310.8 304.8 304.9 309.4 311 310 307.5 298.5 297.8 300.3 299.1 300.8 298.7 295.3 290.3 290.2 295.2 294.5 302.2 305.7 310.3 316 323.2 323.9 325.2 327.9 326 323.6 323.2 325.2 328.6 336.3 343.5 347.6 336.9 335.8
256.8 243.6 233 227.9 222.6 215.1 213.2 222.2 238.1 239.6 234.8 237.3 249.1 251.3 267.5 261.1 261 253.5 254.2 271 291.5 284.4 295.1 298.4 301.6 299.8 294.7 294.3 304.1 314.7 312.3 309.7 311 306.7 321.8 316.6 307.6 306.6 307.6 308.6 311.2 309.8 309.5 309.1 307.6 292.1 296.8 309.3 305.4 306.6 303.3 298.6 298.6 300 299.1 299.4 296.3 292.3 288.6 284.9 282.6 285.1 290 287.9 299 306.8 310.4 313.9 316.2 323.7 322.5 322.7 323.9 325.2 332.5 337.2 344.4 355.4 340.7 342.2
234.4 224.6 216.4 213.8 206 198.2 203.9 208.7 222 224.1 224.6 221.6 233.8 235.3 234.2 243.7 240.2 235.8 240.9 259.7 276.5 272.8 285.2 291.1 292.8 290 284.8 284.5 296.1 308.1 308.1 304.6 299.9 299.3 311.7 304 301.5 298.1 299.5 301.6 307 309.3 301.7 295.8 294.3 288.6 287.2 297 298.1 297 296.5 293.8 293.9 296.9 299.3 299.7 296.1 292 287.7 283 279.3 277.6 276.8 279.3 288 292.5 297.4 301.6 310.9 317.3 319.2 320.8 325.9 331.2 335.9 339.5 345.5 357.3 343.4 346.5
208.9 205.1 200.4 196.8 190.1 184.1 188.4 191.8 193.7 197.5 213.1 208.8 203.5 212.6 227.6 224.8 223.2 221.6 226.7 251 264 259.7 266.5 283.2 285.7 278.5 280.5 278.9 284.6 296 299.3 290 291.8 292 292.9 288.2 290.3 288.5 288.7 293.7 303.8 303.5 290.5 289 287.8 279.6 287.9 291.7 294.3 292.4 290.9 289.1 290.5 293.9 297.9 299.7 293 291.1 284.6 281.5 277.1 272.7 273 280 280.6 283.7 287.3 296 304.3 311.5 313.2 319.9 329.8 330.4 337.3 341.7 347.4 353.5 348.1 349.1
