app/static/ascii/NH42.asc
ncols 200
nrows 200
xllcorner 240000
yllcorner 820000
cellsize 50
[rows 0 to 34 of 200, columns 0 to 77 of 200]
143.3 135 134.7 134.3 133.5 131.5 131.1 129.9 136.5 133.9 129.4 127.5 126.7 125.7 124.8 123.3 123.1 123.6 123.8 123 122.1 121.9 121.4 120.7 120.1 119.5 119.1 118.7 118.6 118.3 118 117.7 117.3 116.8 116.5 116.3 116.1 116.9 116.9 116.8 116.9 117.2 117.1 116.8 116.8 116.3 116.6 115.9 115.4 115.2 115.2 115.5 115.5 115.3 114.1 114.1 113.1 113.1 113.1 113.1 113.1 113.1 113.1 113.1 113.1 113.1 113.1 113.1 113.1 113.1 113.1 113.1 113.1 113.1 113.1 113.1 113.1 114.6
154 138.6 133.9 133.6 132.7 130.9 131.2 137.1 137.8 135.2 130.9 128.7 127 125.8 125.2 124.7 124.5 124.6 124.8 123.7 122.7 122.1 121.5 120.9 120.2 119.6 119.1 118.7 118.4 118.1 117.8 117.6 117.1 117.1 116.2 116.1 116 116.5 116.6 116.4 116.2 116.3 116.4 115.9 115.5 115.1 115.1 114.6 114.7 114.7 114.4 114 114.1 113.7 113.1 113.1 113.1 113.1 113.1 113.1 113.1 113.1 113.1 113.1 113.1 113.1 113.1 113.1 113.1 113.1 113.1 113.1 113.1 113.1 113.1 114.9 116.5 118
158 153.6 141.5 131.2 139.4 147.6 146.3 147 145.7 137.2 130.8 129.7 132.7 126.5 125.6 125.7 124.3 126.4 125.4 124 123.3 122.8 122 121.3 120.5 119.8 119.3 118.6 118.2 117.9 117.7 117.4 117.3 117.2 116.3 115.9 116 116.2 116.1 115.9 115.7 115.6 115.6 115.2 115.1 114.8 114.7 114.5 114.4 114.1 113.9 113.6 113.2 113.1 113.1 113.1 113.1 113.1 113.1 113.1 113.1 113.1 113.1 113.1 113.1 113.1 113.1 113.1 113.1 113.1 113.1 113.1 113.1 114.5 116.6 118.5 120.1 121.2
164.5 163.8 161.8 159.5 163 160.6 157.9 155.9 153 148.1 140.6 131.5 134.3 133 132.6 130.7 128.6 127.2 126 124.7 124.1 123.3 122.6 121.7 121 120.2 120 118.9 118.5 118.9 118.7 117.9 117.8 117.6 116.3 115.5 115.7 115.9 115.7 115.5 115.3 115.1 115 115.2 115.1 114.6 114.4 114.4 114.1 113.9 113.6 113.5 113.3 113.1 113.1 113.1 113.1 113.1 113.1 113.1 113.1 113.1 113.1 113.1 113.1 113.1 113.1 113.1 113.1 113.1 113.9 116.5 117.5 118.9 120.7 121.5 122.6 122.9
171 170.1 169.3 168.2 167 164.5 162.2 159.5 157.5 151.4 143.7 137.8 132.6 133.7 132.6 130.1 128.8 126.6 126.4 125.5 124.8 123.8 123.2 122.4 121.9 124.6 121.9 120.9 119.7 120.9 122.1 123 120 119.2 118.5 117.8 115.5 116.3 115.7 115.1 114.8 114.5 114.4 114.7 115.1 114.3 114.4 114.5 114.4 114.4 114.3 114.1 113.8 113.3 113.3 113.2 113.2 113.6 113.7 114.4 113.2 113.1 113.1 113.1 113.1 113.1 114.5 117.5 116.7 117.5 118.3 120.6 122.3 123.2 123.7 124.2 125.5 128.9
177.3 177.6 178.2 180.3 175.6 168.6 163.3 159.2 154.2 149 141.9 137.8 133.5 133.1 132.5 131.1 129.9 128 127 126.2 125.8 126 126.6 126 127.6 126.6 124.1 123.6 123 123.4 124 125.5 124 122.7 122.3 118.7 117.6 117.9 117.2 116.3 115.3 114.9 114.8 115.5 115.1 114.3 114.4 115.2 115.2 115.1 114.9 114.7 114.2 113.5 113.4 113.4 113.6 114.1 114.8 115.8 116.5 116.4 115.9 114.3 114.9 117 119 119.4 120.1 122.3 122 124.3 125.6 127.1 129.4 132.4 134.2 133.2
180.8 180.5 177.9 174 168.5 161.5 156.9 153.4 149.3 147.1 143.8 138.3 134.8 133.7 133.3 131.7 130.8 129.3 128.7 128.1 128.6 128.7 129.2 128.4 129.2 131.7 131.3 128.8 126.8 126.6 128.4 128.5 127.2 126.1 123.5 120.5 119.2 119.9 119.3 118.6 119.2 118.8 117.9 117.6 116.4 115.3 115.1 115.3 116 115.7 115.4 115.2 114.6 114.3 114.2 114.5 115 115 116.3 118.5 120.4 120.1 119.6 120.9 121 122.2 123.1 123.8 124.8 125.4 126.5 128.7 132.7 135.9 137.5 134.8 131.1 129.2
179.8 175.2 170.5 165 162.5 161 160.1 156.2 153.5 151 146.3 139.5 135.9 134.5 134.3 132.2 131.9 135.9 136.5 135 136 135.3 138.3 139.4 138.6 138.1 137.9 138 135.2 129.8 130.3 130 128.8 128.1 126.6 123.8 123.2 120.7 124 125.6 124.1 122.4 121.6 119.8 118.7 117.7 118.2 117.5 118 117.1 116.1 115.7 115.6 115.9 116.7 117.2 117.9 118.7 120.4 122.2 124.2 123.5 124 125.9 127.5 127.7 128 129.6 130.5 133.3 134.9 135.6 135.6 135.9 133.6 132.9 132.8 134.9
175.9 171.2 167.5 167.2 167.5 166.6 164.9 160.9 158 154.5 148.4 142 138.2 136.6 135.8 141.8 143.7 142.8 140.8 138.4 136.9 135.7 135.3 143.5 146 144.3 142.5 138.5 133.8 133.9 134.3 132.6 131 130 128 127.2 126.3 122.9 132.1 132 130.3 127.2 125.2 122.2 120.9 120.6 120 118.9 121.7 121 120.3 119.4 119.4 120.8 121.5 123.7 125 126 127.4 128.2 128.6 128.6 129.8 131.4 133.3 133 133.8 135.9 136.2 137.4 137.8 137.7 137.5 138.2 140.3 143.7 147.3 153.5
173.5 172.3 172.3 173.3 173.9 172.8 170.5 167 161.3 156.5 150 144.9 140.7 138.6 139.7 149.7 147.8 147.2 146.5 144.7 141.7 137.1 135.8 136.3 139.8 139.4 136.4 138 139.7 141.7 140.7 138.2 141 143 141 137.5 132.9 127.9 127.6 131.2 133 130 128 125.3 124.2 122.4 121.7 122.4 125.5 124.7 124 125 126.9 127.1 128.8 131 132.5 133.8 135.4 136.1 133.6 134.5 136.3 137.9 139.1 139.8 142.7 145.8 144.5 144.6 146.1 146.6 147.7 149.8 155.5 163.2 168.7 174.2
182 181.5 180.8 181.2 181.3 178.5 174.8 170.4 165.5 157.9 153.1 149 138.8 151.8 157.5 157.2 154.4 150.7 148.1 145.9 144.1 141.3 138.6 137.7 140.8 141.9 142.9 144.1 146.3 145.4 144.6 144.7 147.1 148.3 147.2 144.9 141 135.8 130.6 130.1 131.7 131.7 132.6 129.9 125.1 125.3 126.5 128.2 129.2 131 132 132.8 134.3 136 138 137.7 137.8 139.4 142.2 144.9 143.4 141.4 144.7 146 148.1 150.9 153.8 155.2 155.6 156.8 159 161.8 165.9 171.6 176.4 184.1 194 196.2
193.5 191.3 190.7 190.5 187.3 183.6 179 172.2 167.4 161.5 156.8 141.1 157.1 165.8 169.7 169.3 166.8 159.6 153.7 150.1 147.2 146.8 147.8 149.9 152 152.7 151.7 149.5 149.3 147.8 146.5 149.3 151.2 152.2 151.8 148.7 144.9 138.8 133.2 132 133 132.9 131.1 129.2 128.8 130.7 132.4 134 136.8 138.8 139.6 140.8 142.7 144.9 146.2 147.2 145.7 148.9 151.4 151.7 152.7 150.9 153.4 155.1 159.1 161.2 164.3 168.5 169.8 173.7 176.8 181.6 186.5 191.3 196.3 202.2 210.4 213
202.3 200.8 200.2 197.8 193.8 188.8 181.6 174.1 171.6 168.9 160.2 157.7 172.4 181.3 185.4 185.5 181.4 175.3 163.4 158.5 156 157.1 160.6 161.9 163.1 161.7 159.6 156.5 154 153.2 151.7 153 155.4 157 156.6 153.1 148.9 143.4 136.8 135.9 136.4 136.1 135.9 138.7 139.3 139.4 139.7 140.3 144.8 147.8 149.3 151.5 153.1 156 158.4 157.8 154.5 161.8 163 162.5 162.1 161.7 164.4 168.5 173 177 180.8 184.6 188.3 195.6 202.4 204 202.6 206.5 210.3 216 223.6 225
209.5 209 207.2 202.2 197.6 193 185.3 180.5 178.7 171.6 158.6 177.6 191.5 198.9 197.7 194.4 191.7 186.1 176.4 170.7 168.8 170.1 171.4 172 170.3 168.7 165.9 163.8 161.7 160.2 157.4 162.3 163.4 165.3 163.6 159.8 156.3 151.7 147.6 146.5 147 149 148.8 148.1 148.7 150.8 153.8 156.1 159.3 162.5 165.1 168.7 171.8 174.1 177.3 173.3 171 173.1 173.1 174.8 175.7 174.7 179.9 183.4 186.8 190.6 194.7 201.6 206 212.4 215 215.6 216.9 220.1 224.2 230.8 237.8 242.8
217.3 217.5 214.5 209 202.5 195.8 189.8 182.6 171.5 173.6 186.7 201.6 210.3 209 204.6 201.1 196.4 191.7 186.6 184.6 184.4 181.7 181.3 179.2 178.6 176.7 174.3 171.2 169.8 170.9 171.4 171.7 171.4 170 168.5 164.8 165.6 164.9 160.4 159.9 157.6 158.3 158.7 161.4 161.9 164.5 169.9 172.2 174.9 177.4 180.8 183.9 188 190 190.3 187 183.8 184.7 186.2 189.2 190.1 190.2 195.2 199.9 201.7 206.4 212 216.3 222.7 226 228.2 230.4 232.5 236 239.1 244.5 251 256.5
227.5 225.5 219.9 212.1 205.1 195.3 181.9 177.4 185 194 206.1 212.3 218 208 204.3 201.9 200.3 196.3 197.2 201.1 199.2 193.2 191 189 185.3 183.7 183.7 182.2 179.6 179.4 179.4 178.7 178.1 178.2 176.8 174.5 175.2 175.7 172.6 171.9 170.3 170.1 170.7 172.7 175.9 179.8 182.9 185.8 188 189.5 192.9 196.7 200.3 199.6 196.7 195.8 196.5 199.9 203.2 205.9 205.5 206.9 210.1 212.3 216.2 222.9 228.4 233.8 238.1 240.2 242.4 243.8 246.5 250.5 251 254.4 260.8 266.5
233.3 224.6 216.1 209.6 197.1 187.6 200.8 203.9 205.1 200.4 211 212.2 209.8 208.5 211.5 208.2 203.2 204.4 202.8 202.4 205 203.3 199.7 196.8 193.5 192.5 191.5 190.7 189.2 188.6 189.2 190.4 190 187.6 186.9 185 185 184.3 183.7 180.3 182.6 183.9 182.9 185.1 188.5 192.4 195.3 197.1 199.5 199.9 203.5 203.9 205.4 206.2 208 212.8 217.8 221.2 219.6 222.8 220.4 221 221.3 226.9 233.6 245.1 250.9 251.4 250.4 252.2 254.6 256.1 258.3 261.2 264 271.6 275.2 277
222.5 218.2 215.4 202.6 197.8 208.1 212.3 212.7 212.5 206.6 213.8 214.4 215.1 218 212.4 216.4 213.2 211.2 213.2 215.9 216.6 209.4 206.2 203.4 204.6 202.4 201.7 201.1 201.6 207.6 210 206.1 200.7 196.1 193.9 193.8 194.2 194.1 194.6 186.9 194.7 195.4 196.3 198.8 201.6 203.8 209.6 213.5 214.3 212.7 213 215.6 218.8 221.2 226.2 230.1 232.4 234.2 233.5 234.8 229.7 239.7 241.1 246.9 253.7 257.1 259.4 259.5 259.5 261 265.7 269.5 273.2 275.4 277.4 281.7 283.7 286.8
224.4 219.6 211.1 207.2 212.6 217 219.5 218.2 215.6 214.5 216 218.3 220.4 226.7 222.3 219.5 217.5 222.6 226.5 225.4 220.4 216.1 214.9 215 214.2 212.6 212.1 214.8 218.5 219.2 217.1 213.5 209.2 205 203.2 203.2 203.9 206 207 193.3 205.2 206.1 208.9 212.6 215.6 221 224.3 226.9 227.7 227.1 230.8 232.5 235.9 238.3 241.1 241.6 242.2 246.9 251.7 251.9 251.8 260 257.3 262.6 265 266.2 268.5 268.5 271.2 273.5 278.7 282.2 284.9 287.7 289.4 290.7 297 299.4
223.3 213.7 202.6 217.3 222.5 223.8 222.6 217.2 217.1 221.6 229.4 231.9 233.1 232.8 226.4 231 236.1 237.7 233.3 230.7 228.9 227.7 225 223 223.1 222.3 224.3 226.4 226 223.5 220.5 217.9 216.6 215.2 215.1 216.4 216.6 215.8 215.3 208.4 214.7 216 219.9 223.9 228.7 231.4 235.1 237.6 239 239.7 242 246.3 249.3 250.4 252.6 253.1 256.3 260 263.5 263.7 261.4 266.4 270.1 273.3 276.2 277.9 277.4 280.7 284.4 289.7 293.9 294.8 296.2 298 300.7 302.8 307.6 310.5
221.5 209.3 220 225 226.1 224.2 222 225.4 223 235.6 242.9 241.6 233.9 234.1 237.5 244.1 247 245.2 243.7 240.3 239.8 237.2 234.9 232.6 232.3 231.7 232.7 232.1 231.3 229.4 228.2 228.1 227.2 227 227.8 228.4 227.6 225.4 220.4 227.4 229.1 232.8 233.8 238.8 241.1 244.8 249.2 249.5 248.8 249.6 252.4 257.1 261.7 265.1 267 265.7 268.2 272 275.5 277.5 275 280.7 282.3 283.3 285.9 289.3 291.9 296.4 300.1 303.6 307.5 309.2 309 309.1 310.6 313.3 319.8 323.5
231.6 225.6 228.1 229.7 226.5 226.7 228.1 228 234.8 246 246.8 247.3 244 244.7 251.7 253.5 254.9 254.2 252.6 246.7 247.4 246.7 245.1 242.4 241 239.6 240.8 240.8 239 239.5 240.3 239.4 238.8 238.9 238.9 239.2 239.3 234.6 234 242.9 243.7 246.2 250.1 252.6 255.7 258.1 258.7 260 260.7 261.5 265.6 271.8 276.9 279.4 278.2 276.9 277.5 282.6 286.3 287.9 292.5 290.8 292 293.1 295.1 299 305.7 310 312 314.5 316.1 317.2 317.4 319.3 322 326.3 331.9 337.5
230.9 232.5 234.4 233.2 230.3 234.6 234.2 234.7 243.4 250 252.2 251.7 250.8 256.3 261.3 258.6 261.7 259.6 254 255 255 253.2 251.9 250.1 250 251.7 252.2 251.1 251.3 250.1 248.1 249 250.1 250 248.6 248.8 246.6 238.4 244.2 253.3 256.9 259.1 262.4 267.7 271 269 271.8 272.9 274.5 273.4 276.1 284.2 287.3 289.2 286.9 287.3 289.5 292.1 293.4 302.3 300.9 301.4 302.5 303.1 307.1 313.2 320.1 323.5 324.3 325 324.7 327.9 331.7 333.5 334.3 336.1 344.1 350.9
234.9 239.3 239.8 234.2 238.8 236.6 234.6 242.3 250.2 256.5 259.4 260.5 263.3 266.3 266.2 266 265.1 266.5 268.8 267.7 263.2 260 259.5 259.1 260.3 260.6 260.7 260.3 258.8 258.2 257.3 257.7 257.8 257.1 253.9 252.8 246.4 249.9 258.5 265.2 269.9 273.2 278.2 281.6 281.1 277.2 283 286.5 287.6 287 289.2 296.2 298.8 296.3 292 298.6 297.8 297.5 307.1 309.1 308.7 312.1 314.1 315.4 321.8 328.2 331.1 334.1 337.3 338.9 339.6 341.8 342.2 340.7 342.6 351.4 359 367.9
243.3 244.9 239.8 237.1 237.9 236.1 242.4 250.4 258.5 264.7 267.3 266.4 269 269.3 270 273 272 276.2 273.4 270 270 269.6 270.4 271.2 271.8 270.7 268.7 267.2 268.3 270.2 271.6 269.5 267.2 267.2 267.6 265.2 262.1 266.8 275.6 280.7 283 286.8 290.3 290.6 285.4 286.3 293.7 296.4 297.1 297.1 298.3 300.6 300.8 302 306 307.5 309.3 313.7 316.2 315.7 321.4 325.5 327.6 330.5 336.7 340.1 343.3 346.4 350 350.8 351.8 352 350.2 352.6 359.1 367.1 372.4 380.4
246.7 246.1 241.1 242.4 240.6 242.6 251 260.2 265.3 270.2 272.2 273.7 271.6 273.8 279.8 280.4 277.7 279.8 278.4 278.6 278.7 280.3 281.2 281.7 280.7 278.5 277.3 275.8 280.7 282.4 279 279.4 280.6 282.1 281.4 279.2 281.2 284.6 290.3 293.1 293.7 294.5 296.9 296.3 291.2 296.1 303.4 305.3 306.1 305.1 309.1 311.5 314.3 314.8 317.1 318.9 319.4 325.2 325.1 335.4 338.2 337.3 342 346 349.9 352.4 354.9 356.8 358.3 359.7 358.6 359.4 361.6 367.3 372.4 379.1 385.2 383.2
246 245.9 248.6 247.8 245.9 250.2 261.5 263.6 269 274.3 276.1 277.1 275.1 282.9 286 285 286 286.7 286.5 288 289.5 291.2 291.6 291.9 288.4 285.8 287.2 287.7 289.9 292.3 293.2 293 291.7 289.7 289.7 291.6 294.1 295.9 298 298.8 300.7 301.2 302.8 301.9 304.3 307.4 311.2 314.5 315.4 318.2 321 319 321.1 323.5 328.8 330.2 334.1 336.4 340.3 343.7 338.7 349.2 351.7 354.5 360.5 363.7 366 370.8 372.7 372.5 371 371 373 378 383.2 391 391.5 386.7
248.5 251.1 250.7 250.7 250.7 259.8 266.4 271.1 275.2 278.8 282.9 284.2 284.9 289.8 291.7 293.1 294.2 294.8 295.8 297.7 299.8 300.8 300.5 300.1 297.6 296.2 297.5 298.9 303.3 305.5 306.4 304.7 302.4 300.4 301.8 302.8 303.2 303.5 304.6 306.8 308.8 309.7 310 305.7 313.7 317.5 321.4 323 324.7 330.2 326.2 323.9 330.1 338.5 346.8 345.3 349.3 352.2 349.1 349.7 350.9 358 360.9 367.6 373.2 375.7 380.2 383.8 383.5 380.9 379.6 378.9 381.5 386.4 395.7 398.8 395.7 393
248 251.2 251.5 251.3 260.4 268.5 273.2 275.5 281.5 284 287.4 291.4 294.6 298 300 301.6 303.2 303.5 305 305.3 306.6 306.9 305.6 305.9 307.7 307.3 308.9 313.3 318 316.2 315.6 313.5 310.4 310.4 311.6 312.3 312.1 312.5 313.4 316 317.1 317.6 318.5 318.2 324 327 330.7 331.5 333.5 337.6 327.3 333.3 343.6 350.8 354.4 348.3 360.2 350.9 359.1 361 365.1 370.2 377.7 378.8 384.4 388.1 391.4 392 390.2 387.7 386.6 387 390 399.8 406.6 403.2 403 404.7
248.3 253.8 257.4 261.7 271 273.7 276.1 278.3 282 288.3 292.9 297 301.6 305.6 307.8 308.9 310.5 311.9 312.5 313.3 315.8 315.3 316.6 314.9 317.3 317 322.4 327 328.3 324.6 322.9 321.9 320.3 318.9 318.9 319.5 319.7 320.8 323 324.3 324.5 324.8 326.3 328.3 333.3 336 338 339.1 340.3 336.1 338.6 347.8 353.5 358 361 356.2 365.9 365.3 371.6 373.1 381.1 383.5 387.1 385.7 391.4 394.1 396.9 397.6 395.9 395 396.6 398.8 410.2 415.2 410.6 410.7 411.9 410
253.2 259.2 265.2 266.3 273 277.1 280.5 282.4 285.2 294 299.4 303.9 309.1 313.8 314.5 315.5 318.9 321.6 321.2 322.7 325.1 324.5 322 321.1 324.2 328.6 335.8 336.5 333.5 330.9 329.2 330.4 328.2 327.1 327.1 327.9 326.7 329.6 331.8 332.9 332.1 332.9 335.1 338 341.5 344.5 346.6 345.1 342.5 342.4 351.7 357.8 362.2 365.4 361.3 372.4 376 378.9 383.6 382.6 389.6 391.4 391.9 396.6 395.6 402.7 402.8 402.1 402.1 404.8 412.2 420.6 419.7 419.7 417.7 419.5 417.4 413.7
259.2 269.5 272.1 273.9 277.3 281.4 284.7 286 292.2 301.2 308.4 313.5 319 320.8 321.9 327.2 331.7 332.3 330.5 332.7 333.4 332.1 330.8 330.4 334.5 337.5 342.4 340.3 338.1 336.7 336.9 337.4 335.6 335.1 335.5 334.7 333 335.8 340.5 340.8 339.7 341.2 342.8 344.5 346.8 350.6 354.2 354 356.3 355.6 360.7 366.7 370.8 363.9 378.5 384.9 386.1 391.2 394.6 390.8 395.3 398.9 401.2 405 401.3 407.7 409.5 405.8 415.8 427.4 428.9 431.4 428 427.2 427.3 424.6 421.1 416.2
261.9 273.2 275.1 278.2 282.1 285.7 288.4 289.6 301.3 309 316.5 322 324.6 327.1 333.2 339 340.2 343.1 340.8 340.7 339 338.4 338.9 339.3 342.4 344.9 348.7 347.4 346 344.6 344 344.5 343.3 343.6 342.7 340.9 339.4 343.6 346.1 349.7 351.7 350.9 352 355.7 358.1 361 362 362.7 365.1 366.8 368.7 370.7 378.1 383.1 389.8 394.9 395.7 393.8 396.5 405.2 401.3 407.8 410.3 407.7 408.5 413.9 412.6 431.7 437 438 438.4 438.4 435.9 435.2 433.9 429.5 427.2 423.7
274 273.5 279.6 283.2 287.6 289.7 293.1 302.9 312.2 321 325.8 330.4 332.5 338.3 344.2 347.7 346.8 345.6 345.9 346.1 346.2 346 346.6 347.8 347.8 351.9 354.5 354.6 353.3 354.5 352.8 350.1 351.4 350.6 347.1 346.1 347.9 351.6 353.7 356.3 358.3 359.5 361.3 365.2 369.5 371.8 371.7 371.3 375.4 377 379.9 385.5 391.3 394.8 399.7 403.3 404.4 405 409.1 411.5 407.5 411.5 412.6 414.3 425 426.7 430.5 440 443.4 445.1 444.9 441.9 440.6 439.7 438 438.9 434.5 431.7
280.9 279.6 285 287.8 290.2 293.6 303.5 315.4 324.4 330.6 334.3 334 341.6 351 354.6 353.4 351.7 351.5 350.1 350.9 351.6 354.3 354.7 354.6 351.6 358.9 364 363.3 362.1 360.9 359.4 357.7 355.5 353.6 351.6 353.8 357.1 359.8 361.2 364.3 365.5 366.8 369.6 374.1 377.7 379.1 379.6 379 381.4 384 390.8 396 400 403.7 407.5 406.7 409.6 414.7 416.5 412 412.5 418.3 418 429.2 437.8 430.2 438.8 447.7 451.2 449.6 447.3 447.1 448.2 449.7 447.7 444.4 441.6 448.4
