app/static/ascii/NH43.asc
ncols 200
nrows 200
xllcorner 240000
yllcorner 830000
cellsize 50
[rows 0 to 34 of 200, columns 0 to 77 of 200]
51.4 51.4 51.3 50.9 50.5 50.1 49.6 49.5 49.4 49.3 48.8 48.6 48.8 48.5 48.1 47.5 47.6 48.4 48.3 50 52 60.9 70.6 72.4 81.1 90.7 106 117.3 127 134.8 142.3 152.4 158.5 158.5 165.5 181.7 181.4 181.8 186.7 177 161.7 135.6 114 105 96.8 71.7 58.1 49.8 47.9 48.4 48.3 48.1 47.1 46.9 46.6 45.9 45.9 46 44.9 44.9 44.7 46.3 47.6 46.2 45.9 45.5 45.5 45.5 45.4 45.2 44.8 45.1 45.9 46.1 46.1 46 46.4 45.8
51.8 51.2 51.1 50.7 50.2 49.9 49.6 49.7 49.6 49.1 48.7 48.9 49.1 49.1 48.4 46.9 49 49.7 51.6 64 71.5 77 84.8 92.5 95.2 109.3 122.7 132.5 140.9 149.8 162.5 169.8 171.9 176.7 183.4 190.4 190.7 194.4 192.7 179.6 161 142.2 127 111.9 96.5 78.9 63.4 54.1 49.4 49.4 50.5 48.8 47.4 47.4 46.3 46.3 45.8 45.7 46.1 47.1 45 48.1 50.4 47.6 46.7 45.8 46.1 45.5 45.3 44.9 44.6 44.9 45.5 46 46.1 46 46.2 46.1
51.9 51.2 50.8 50.4 50.2 49.9 49.6 49.7 49.8 49.3 49 49.2 49.3 47.3 46.6 45.1 54.5 73.8 89.8 89 91.1 101.2 108.6 117 117 126.8 142.6 149.3 157 169.1 179 179.4 180.9 186 191.8 193.3 193.7 195.8 187.1 172.7 161.4 147.3 134 119 102 84.4 70.8 59.8 53.2 51.7 51.8 50 48.9 47.8 46.5 52.3 53.4 63.1 59.3 52 47.3 51.2 52.6 52.9 50 49.4 48.9 46.2 45.6 45.1 44.5 44.5 45.3 46 46.2 45.9 46 46.3
52.4 51.4 50.8 50.5 50.2 49.7 49.5 49.5 49.4 48.8 48.3 48.8 47.2 45.2 49.7 63.1 79.7 96.5 102 109.9 116.1 126.3 132.6 143.4 147.6 151.8 161.9 169.6 177.1 183.5 185.4 183.8 188.2 192.3 193.9 193.6 194.4 193.2 182 174.5 168.4 153.9 135.7 120.8 103.4 89 80.7 69.3 59.5 56 53.8 52 50 48.4 56.3 59.9 62.6 70.1 63.3 53.6 49.6 48.7 54.9 55.6 56.5 58.1 54.7 48.9 47.8 46.9 45.9 46 46.4 46.5 46.4 46.3 51.5 62.4
51.6 51.4 51.1 50.7 48.5 48.3 48.7 47.8 47.7 47 46.7 46.2 45.8 56.9 68.8 82.1 97 110.5 120 127.8 137.6 149.4 161.9 173 175.8 179.9 182.2 186.7 190.4 192.1 189.8 191.3 193.9 196.2 195.4 195.9 198.8 191 185.5 182.7 178.5 162.4 140.2 123.6 109.9 99.1 90.1 79.6 68.3 60.2 57.2 55 52.6 51.5 58.8 62.5 71.9 69.4 62.3 57 52.4 50 48.7 53.4 55.6 57.4 55.6 51.5 50 48.3 47.8 50.6 53.8 56.3 61.4 65 74 85.6
51.1 51.1 50.8 50.5 50.8 49.7 49 46.4 46.5 46.9 46.5 49.8 62.3 76.6 90.9 99.1 115.6 127.1 136.9 143.6 157.9 172.3 185.6 196.7 191.3 191.5 193.1 198.1 201.1 197.7 192.7 194.4 195.8 196.8 196.1 196.6 198.6 193.9 191.3 192.2 189.6 161 142.5 128.1 115.8 104 93.4 81.6 73.2 63.8 60.5 61.5 60.2 55.7 55.2 66.1 66.5 65.3 61.4 58 53.9 52 49.9 49.5 52 52.8 53.6 54.3 55.9 53.9 56.9 63.9 72.3 80.8 87.2 92.5 101.3 108.3
50.7 50.7 50.5 50.5 50.9 51.1 46.5 46.3 50.5 52.7 61.4 74.1 86.2 96.9 108.3 117.7 132.9 141.4 149.7 158.9 174.6 190.4 202.6 201.8 201.5 199.8 198.4 201.4 204.8 199.4 196.2 197.6 198.9 198.2 196.9 201.4 203.7 196.9 193.8 198.6 194.5 160.7 140.3 125.1 114.1 102.6 93.1 81.3 74 66.5 68.4 66.9 63.6 58.5 57.3 57.4 58 61.4 60.9 57.8 60.1 58.3 58.1 60.3 60.1 66.6 65.7 71.9 75.2 77.4 83.2 90.3 104.2 120.5 123.1 126.5 131.5 141.1
50.3 50.3 50.2 50.6 51 46.9 47.3 54.5 60.1 73.8 85.2 99.6 111.2 119.2 128.7 135.9 146.9 154 163.1 174 187.3 201.8 210.5 204.6 203.1 201.6 201 202.9 203.3 202.1 202.7 200.4 201.6 198.1 196.3 201.6 197.1 184 186.9 195.8 179.7 154.7 137.9 121.5 110.3 101.3 91.9 84 77.2 69.8 76.7 73.2 69.1 68.3 62 61.2 60.1 61.9 63.3 67.5 71.5 71.2 76 81.3 89.1 94 94.7 102.2 109 115 129 135.4 143.8 146.9 145.1 147.6 154.4 168.7
49.8 49.7 49.4 48.8 46.8 47.6 54.8 58.7 71.4 90.2 105.7 118.7 131.7 141 146.1 151.4 156.4 164.1 175.5 185.7 196.4 204.1 210.4 205.4 204.1 203 204.8 207 207 206.7 205.6 202.6 202 194.5 192.2 193.3 184.2 173.1 172.6 173.9 160.9 142.7 126.7 115.3 106.4 97.4 87.7 81.9 82.5 78.9 81.7 81.6 77 79.9 79.9 75.7 71.9 75 74.4 81.4 85.8 95.6 105.2 111.9 118.7 120.3 129.5 144.2 164.7 177.7 186.2 194.9 191.1 182.8 165 161.6 173.1 184.3
49.3 46.8 46.6 46.5 47.9 53.6 58.9 70.8 85.5 102.7 119.5 133.4 142.2 149.7 154.7 161 166.7 176.1 186.7 192.2 198.8 204.3 207.7 210.1 210.7 209.6 211.7 211.2 211.3 213.7 207.4 203.1 198 192 192.3 187.5 181.3 174.6 167.4 157.6 146.8 133.4 116.7 111.3 108.3 105.8 98.8 98.2 99.1 92.7 91.8 91.4 90.1 93.5 96.3 97.4 93.2 95.8 97.8 99.4 109.7 120.9 132.5 139.2 142.6 148.6 165.6 178.7 186.9 197.7 209.4 217.7 219.3 202.2 185.3 184.8 191.9 195.6
47 47.4 49.5 49.7 51.2 57.7 65.9 82.1 97.7 114.9 132.5 142.6 149.5 156.3 161.5 168.4 175.7 185 192.4 199.6 205.9 210.9 213.2 215.1 218.4 219.4 220.3 215.7 213.9 212.8 206.4 201.1 197.1 199.3 203.7 211.4 216.5 215.8 195.8 172.6 155.1 137.9 131.3 126.8 130 125.9 119 117.8 117.3 110.1 113 112.4 112.6 114.7 115.6 117.1 120.1 128.3 120.5 125.6 138.4 145.1 154.4 162.7 167.3 175.7 185 193.3 204 214.9 225 242.2 241.6 225.5 212.5 208.3 210.8 209.2
49.3 48.5 49 49.3 53.6 61 79.6 95.6 111.6 129.5 146.3 151.6 157.2 162.6 168.6 176 183.6 193.3 202.8 210 216.7 217.3 217.9 220 221.8 222.4 222.4 219.5 217.7 212.3 206.3 203.5 208.4 225.8 243 248.2 248.3 242.6 210.4 184.6 160.6 153.6 150.1 162.6 174.9 169.4 157.1 148.6 138.6 134.4 144.6 141.1 135.6 136.1 140.8 139.9 143.1 140.7 144.7 153.1 161.1 164.1 172.5 180.4 183.8 188.2 196.3 204.5 218.7 232.1 241.9 247.3 242.2 234.5 226.2 221.7 223.8 225.4
48.6 49 49.4 51.9 59.4 71.8 92.3 111.5 128.3 144.4 152.2 159.5 165.5 170.9 176.7 183.6 191.6 201.9 212.1 220.5 220.3 219.6 220.3 221.3 222.9 226.1 226.1 226.6 225.1 218.9 218.4 222.7 241 256.4 261.8 266.1 265.4 241.1 214.3 190.7 171 170.2 175.2 184.4 192.1 194.7 176.2 163.3 144.9 151.8 158.5 157.1 157.9 158.1 165.1 161.3 162.6 154.1 163.3 169.5 178.7 180.4 188 192 197.8 201.5 207.1 216 230 243 248.7 249 244 240.8 238.4 240.1 237.5 241.9
48.9 48 49.9 56.5 65.5 83.6 100 120.2 142.3 155.1 162.2 166.4 173.1 180.4 186.5 191.7 200.4 210.6 221.2 222.9 222.5 222 226.4 234.6 241.6 251.2 256 253.4 240.5 232.4 238.8 256.5 263.7 270.7 280.3 284 270 251.5 223.3 199.1 183.5 188.8 196.1 200.1 201.1 200.1 188.6 167.3 161.1 171.3 174.4 174.1 176.7 188.3 190.1 185.1 173.2 177.4 182.9 189.9 192.8 199.9 200.1 206.7 207.2 211.3 218.7 227.2 233.3 238.8 242.7 245.2 244.2 245.2 250.3 253.3 258.8 261.4
48.2 48.7 50.6 60.2 71 85.8 103.9 129.4 150.8 163.1 166.7 172.3 179.5 187.6 193.2 199.2 206.8 218.6 227 229.4 230.3 240.5 247.4 257.9 266.7 277 282 269.5 247 251.4 264.8 280.1 283.1 291.8 299.4 295.7 273.9 257.3 231.8 207.7 198.7 211.6 206.5 203.1 201.5 198.7 191.4 179.3 176.6 187.9 189.6 186 187.7 196.5 197.6 193.3 188.2 195.3 198.9 202.8 202.1 205.7 210.1 214.5 217.1 220.4 227.4 234.1 237.9 243.1 247.1 250.4 252.8 254.8 258.1 266.4 274.8 274.3
47.7 48.2 51.3 64.2 77.9 88.9 111.4 136.4 158.5 166.2 172.5 179 185 192 199.9 207.2 214.4 223.7 233.3 241.9 250.1 262.5 271.2 280.1 290.4 297.5 294.4 268.2 264.5 273.9 288.4 297.7 297 298.4 307.5 291.5 269.9 250.6 232.9 210.8 218.6 223.8 219.7 215.4 212.1 213.5 209.8 199.6 192.3 200.1 204.8 197.6 198.5 195.8 198.8 198.7 200.6 205.1 209.6 207.3 211.2 215 220 222.2 224.6 239.9 240.7 245.4 245.6 249.2 255.8 258.5 260.5 263.1 269.1 277.2 277.7 276.3
47.1 48.5 52.5 65.6 80.6 96.4 120.8 145.9 165.1 168.6 178.3 185.6 190.5 196.1 205.4 212.2 220 229.7 245.7 255.3 258.2 267.3 281.5 293.9 306.8 313.1 296.2 273.4 284.1 297.4 309.5 309.2 301.1 301.9 306.2 285.4 261.5 243.6 229.2 219.9 228.6 234.1 229.9 225.2 224 225.1 221 211 201.5 208.7 209 203.8 202 200 199.9 200.1 209.9 216.4 215.3 215.3 220.3 225 228.2 235.7 244.5 250.1 254 258.3 254.8 260.4 266.2 270.4 272.6 275.7 278.4 279.2 279.2 276.3
48.2 48 54.7 68.7 81.6 100.3 129.4 154.1 167.4 173.9 182.6 189.8 194.6 202.2 210.8 217.8 226.9 239.3 251.8 260 266.3 277.8 298.5 310.7 324.3 324.1 299.4 290.2 301 312.1 319.1 312.4 304 304.9 310.2 283.4 262.7 245.5 229.7 229.5 236 242.9 239.2 237.7 236.3 234.1 228.7 220 210.7 214.6 210.6 207.3 204.1 203.5 206.9 214.3 215 220.4 220.4 225.4 229.1 236 241.8 248.1 252 254.1 259.3 264.9 263.4 271.3 274.6 278.1 279.7 280.9 281 279.5 277.9 276.3
48.4 48.2 58.2 76.8 95.8 114.7 137.4 155.3 169.2 177.9 185.7 193.1 202 212.3 222.5 226.6 237.5 247.2 257.5 267.4 277.1 296.4 314.5 325.3 327.3 316.7 296.8 304.5 311.9 319.9 324.6 320.3 312.2 313.2 312.2 286.5 267.1 253.4 247.2 243.1 247 251.1 246.7 247.3 246.7 242.1 235.2 221.5 221.3 224.4 219.9 216.6 214.9 212.8 218.8 225.5 228.9 226.1 230.4 232.3 237.2 247.2 254.8 256.2 256.4 256.9 262.7 268.2 272.3 278.7 283.3 285 285.9 284.4 281.4 278.7 277 275.3
49.4 50.1 67.8 85.8 102.6 122.7 142.9 158.5 172.6 182.9 191 199.2 212.8 225 235 242.2 250 254.9 263.3 268 283.9 305.1 318.4 325.8 323.4 310.4 312.5 315.8 319 326.9 330.4 327.9 320.8 322.8 314.3 291.7 269.2 265.3 259 258 258.1 258.4 255.9 252.3 248.9 243 242.1 242.7 246.3 241.7 231.4 229.2 224 225.9 234.2 234.4 237.1 238.4 236.3 239.3 246.5 258.8 262.1 261 260 262 267.6 275.5 280.3 285.7 289.3 289.1 286.6 283.7 280.4 278.2 276.9 274.9
49.3 58.4 77.9 91.8 109.2 126.7 147.2 164.3 178.8 187.6 196 206.6 220.6 233.9 242.7 251 258.7 264.9 269.8 279 300.6 317.1 329 331.6 327 320.3 322.5 322.9 326.1 334.3 335.2 332.9 328.1 327.2 309.9 285 271.5 270.9 268.6 265.5 263.2 263.5 260.6 254.7 251.5 256.5 261.2 266.4 261.1 249.1 237.4 234.6 230.2 237.8 239.9 241.2 243.1 246.6 247.2 254 261.2 265.9 265.7 264.4 262.8 267.3 273.3 279.8 283.6 288.9 290.5 287.1 283.5 281.7 279.2 278.1 278.4 273.3
51.3 64.7 82.6 96.4 111.4 130 149.9 168 180.6 189.9 199.8 212.3 226.6 237.4 245.1 253.6 263 269.3 276.3 296.1 317.9 332.2 338.2 338.7 332.4 327.5 328.2 331.1 340 336.1 338.7 331.7 326.6 322.8 303.7 281.4 279.8 280.6 275.7 270.6 269.2 275.2 274.4 265.9 264.6 268.8 277.3 278.8 264.6 251.7 245 237.4 238.1 244.7 245.1 245.4 252 254.1 258.7 267 264.7 265.4 266.9 266.9 266.4 269.7 274.9 280.1 285.8 291.6 287.1 284.4 284.8 282.5 279.5 276.4 274.2 267.9
57 71.5 86.7 101.1 115.4 132.8 152.6 169.3 179.3 191.5 204.2 218.1 229.8 236.9 244.7 252.5 261 272.7 291.3 311.7 334.9 343.5 347.8 342.7 335.2 331.8 331.6 332.8 334.7 326.8 325.7 324 320 314.4 300.3 291.6 288.2 287.6 289.1 285.1 287.1 292.2 288.6 276.7 274.2 278.9 286.7 283.4 266.3 254.1 247.3 240.6 241.9 248.8 252.1 256.4 257.7 258.3 265.1 271.8 273.1 271 269.3 270.9 269.4 269.5 274.1 278.1 282.9 285 283.2 286.7 288.3 282.4 277.8 274.4 271.5 262.7
63.4 78 92.1 103.4 117.5 134.1 152.2 166.1 177.4 191.9 209.1 222.7 231.4 238.1 242.8 248.5 257.4 276.7 295.4 324 342.8 347.6 346.7 340.5 334.5 333.5 334.2 336.1 334.4 325.6 323.9 321 318.6 311.1 304.3 301.5 301.5 304.7 306.4 303.9 301.7 302.3 297 285.6 281.8 285.5 289 283.6 270.1 258.1 251.1 249.4 251.8 256.7 260.8 265.1 261.3 261.7 272.4 276.7 276.4 276.1 273 269.4 269.5 269.7 269.5 270.4 278.4 281.4 281.1 281.7 281.9 279.5 275.5 272.5 265.5 255.1
67.5 84.1 97.4 112.8 129.9 143.4 159.2 171 181.9 199.3 214.5 224.3 235.2 242.5 247.3 250.7 260.6 282.1 302.7 332.3 343.4 345.6 345.2 344.2 341.3 340.4 343 344.6 345.4 342.6 343.4 334.8 321.9 318.9 318.6 318 318.5 322.5 328.2 316 311.1 311.8 299.2 291.8 288.5 287.6 290.6 287.2 274.8 265.6 260.1 261.2 262 265 272 270.8 263.9 269.7 283.3 280.3 277.8 278.8 282.4 279.4 270.2 268.5 268.3 267.4 276.8 279.6 277.4 274.4 276.2 276.2 271.9 267 260.1 247.8
73.4 88.1 103 116.4 134.7 152.7 167.2 178.5 191.4 209.3 221.1 227.4 240 246.8 251.2 256.5 268.8 293.7 318.7 336.6 342.5 344.6 347.7 347.9 347.1 347.2 347.6 348.9 350.8 347.8 344.4 336 329.8 328.8 330.8 327.2 329.8 326.8 322.2 314.3 311.6 307.5 299.9 294.1 291.6 294.5 297.9 291 283 273.4 268.5 268.8 270 272.8 274 272 268.7 278.1 292.1 283.9 286.5 289.6 292.4 289.2 276.3 267.2 265.9 265.4 273.4 273.1 268.1 270 269.7 268.7 263.2 260.5 248.9 239.3
78 92.6 107.3 122.2 142.2 161.1 172.2 186.7 204.4 219.8 227.8 235.5 244.9 250.3 255.8 266.5 284.6 307.5 325.2 335.2 339.3 342.3 345.8 348.1 349 351.4 350.3 349.5 348.8 348 342.1 336.1 337.6 336.9 339.7 333.5 327.6 323.6 318.7 312.6 308.8 305.1 300.5 293.6 296.7 301.3 301.3 296.5 292.5 278.2 275.6 278.5 276.1 278.4 277.6 274.2 280.7 285.6 295.4 289.7 297.3 295.5 293.8 291.7 288.7 273 263.5 263.7 263.5 261.9 259.5 260.4 258.8 255.6 250.3 244.2 236.7 228.7
82.9 97 113.2 129.9 149.3 164.3 181.1 195.3 217.2 226.1 236.8 247.1 254 259.5 261.2 275.5 289.9 310.9 325.8 336.3 340.3 349.9 350.3 349.1 351 351.7 348.8 348.5 346.7 349.2 340.9 340.3 342.1 339.6 340.3 332.6 321.9 318.6 315.3 309.8 305.5 303.5 299.3 298.5 302.3 303.8 303.8 302.4 298.6 282.4 286 287.7 282.6 284.1 278.3 280.7 290.5 289.2 299.9 295.1 299.9 300.1 297.3 295.9 289.3 276.8 260.4 262.5 263 260.8 254 251.9 243.2 239.5 233.9 230.1 222.1 219.1
87.1 101.3 116.5 132.8 150.6 170.7 185.3 209 220 234.3 246.8 255.6 264.7 268.5 270.8 278.6 293.2 312.3 326.1 336.4 346.8 352.8 349.7 348.4 348 347.9 340.7 337.6 334.1 335.1 338.3 340.8 336.5 330.3 332.8 332.4 318.7 317.6 314.2 309 304.3 302.6 303 306.6 308 308.7 309.4 306.8 297.3 291.2 294.8 294.2 290.5 288.4 281.6 290.2 298.1 297.7 304 297.5 304.1 305.4 301.8 297.2 287 276.7 258.3 256.5 256.5 253.8 246.2 236.3 232.1 225.9 222.5 219.3 216.2 213.7
90.4 105.5 119.1 136 153 170.9 192.3 208.5 223.8 238.6 251.5 263 272.7 271.9 273.4 281.6 296.4 306.8 322.1 335.5 341.7 345 342.9 341 338.8 335.3 328.2 325.6 330 335.7 342.2 336.4 328.1 327 332.1 322.7 317 316.2 312.4 308.4 306 305.8 308.6 309.7 312.8 314.7 313.3 306.2 298.8 298.3 301.1 302.4 294.4 290.8 287.5 295.9 299.8 301.8 305.5 299.9 305.8 307.1 302.1 295.9 285.5 273.7 259.8 248.6 244.7 242.5 236 228.7 220.9 216.1 217.5 217 213.7 213.7
93.3 107.5 123.5 142.4 158.2 177.1 193.2 209.4 225.9 243.5 258 273.4 274.3 269.6 273.4 284 294.1 308.2 315.9 327.6 338.6 335.5 329.7 324.3 322 321.7 321.7 323 335.2 341.6 340.8 333.8 324.7 322.3 321.3 318.4 317 315.9 312 309 310.6 312.7 318 321.4 322.4 318.9 312.9 305.6 301.8 302.5 305.5 303.4 297 295.2 294.7 295.6 296.9 298.9 300.7 300.2 306.2 305.6 299.1 293 284.1 274.5 260.3 249.3 239.9 234.9 230.1 224.4 218.3 215.6 214.5 213.7 214 213.7
91.9 108.1 130.5 149.4 164 181.5 194.9 213.7 229.9 247.1 264.8 273.9 268.3 273.1 278.6 295.7 306.5 316.2 323.5 324.8 321.7 321.7 321.7 321.7 321.7 321.7 322.6 330.4 340.1 345 336.8 329.3 324.9 328.1 330 324.3 323.1 323.2 319.2 312.8 315.5 318.1 323.6 326.7 324.9 323.2 314.8 306.6 304.2 304.2 302.8 300.7 299.2 297.3 295.3 295.9 302.1 306.3 302.8 309 307.4 301.7 294.5 288.9 280.3 269.4 258.2 247.8 239.8 231.5 225.4 223.1 219.5 216.6 217.1 218.4 224.3 220.2
103.8 110.5 131.9 153.3 172 183.9 198.5 212.1 226.7 247.4 264.6 264.8 266.9 276.7 285.9 303.5 323.4 332.2 336.9 338.7 334.5 327.7 323.7 322 321.7 325.8 330.7 339.6 339.9 338.5 332.5 328.3 326.8 329.6 331.1 333.6 335.7 331.5 322.9 317.6 317.3 318.8 322.9 325.4 326.1 323.2 314.8 308.6 306.3 305.9 303.5 302.7 302.5 302.4 297.7 298.1 307.3 310.2 311.8 313.3 305.7 298.2 292.1 283.9 272.5 264.5 257.9 246.4 238.4 232.6 228.3 225.9 223.7 227.2 229.4 228.3 235.8 236.1
106 126.7 142.9 154.7 164.7 182.6 195.1 211.5 230.6 239.3 256.1 265 271.7 289.5 307.6 323.3 336.8 343 342.4 341.8 340 336.7 326.4 322.5 326.3 335.4 342.1 345.6 342.7 339.5 334.5 333.2 330.2 330.4 334.7 341.8 340 334.6 326.6 324 323.1 323.9 325.2 326 329.1 322.4 315.2 311.6 310.9 309.3 305.9 305.8 310.6 309.9 298.3 298.8 306.7 307.5 307.8 302.6 299.9 293.6 287.4 277.3 267.1 261.8 257.6 250.5 244.7 238.2 234.1 229.8 234.4 236.2 232.8 235.4 242.8 242.1
105 129.1 147.8 160.4 175.3 186 197 218.1 242.8 260.1 266.5 271.5 289.3 310.1 324.9 343.6 350.6 353.6 353.6 350.9 350.2 343.5 323.6 323.6 330.4 339.4 342.8 344.2 343.6 340.1 339.7 338.6 332.8 334 339.3 343.6 341.2 334.7 331.6 331.6 331.8 326.7 326.2 327.5 327.1 319.4 315.1 314 316.8 312.6 307.6 307.3 310.1 305.7 298.1 299.1 306.3 306.9 304.2 298.5 294.7 288 284.1 275.2 267 268.4 265.5 259.2 249.7 246.4 241.8 236.1 240.1 239.2 230.5 232 239.1 239
