app/static/ascii/NH44.asc
ncols 200
nrows 200
xllcorner 240000
yllcorner 840000
cellsize 50
[rows 72 to 107 of 200, columns 80 to 159 of 200]
369.7 369.9 370.5 372.2 369.9 363 358 348.7 336.8 330.2 327 332.6 334.5 332.1 329.6 324.7 322 319.2 309.7 304.5 304.2 303.7 302 299.6 296.1 293 296.9 298.7 305.6 308.9 315.5 315.8 312.9 310.3 315.4 316.6 315.3 318.8 318.4 312.1 305.3 294.9 295.5 296.3 297.3 300.6 296.7 293.7 286.2 285.8 280 278 272.2 265.8 252.5 245 239.3 237.1 236.1 236.5 237.9 239.3 241.3 245.2 251.8 259.1 263.8 273.2 288.2 301.5 301.4 311.5 309.7 307.3 312.9 322.9 323.5 314.3 300.1 284.1
371.3 373.5 376.1 374 370.9 361.8 355.4 338.8 326.7 327.9 322.5 329.6 330.5 327.8 324.4 321.9 316.8 308.8 307 306 304.3 301.9 300.9 298.2 295 290.1 292.7 295.5 298.2 301.8 305.5 303.5 297.1 298.1 295.6 301.4 307.6 305.2 299.8 289.4 286.2 280.1 280.6 280.1 279.6 281.6 286.1 287 279 276.8 267.6 265 256.9 255.6 248.6 244.9 237.5 235.5 235.8 235.9 236.8 237.9 240.3 245.1 250.3 254.3 258 268.7 284.6 290.6 294.2 302.7 301.2 306.5 311 317.1 312.2 297.8 282.2 267
376.8 378.2 376.3 371.4 365.2 356.9 347.7 326.7 320.3 320.8 321.2 326.3 327.1 323.1 320 316.4 309.1 307.7 306.7 306.2 304.7 302.2 299 296.2 291.7 290.9 288.1 288.2 291 292.1 289.3 288.7 289.8 285.7 290.1 293.2 289.2 279.7 278.9 277.9 272.8 267.6 268.4 268.3 263.9 262.6 264.4 260 254.7 269.2 256.1 253.1 250.9 247.2 240.4 239.1 236.1 233.9 234.6 234.8 235.6 236.8 238.9 243.2 247.9 252.3 260.3 270.1 283.9 284.8 289.2 292.3 291.7 305.2 307.4 303.5 292.3 281.3 268.8 256.8
377.7 376.4 370.5 368.7 363.4 346.7 331.7 317.2 312.2 315.1 321.5 326 321.7 322.3 311.7 308.8 308.2 306.3 306.3 305.8 304.4 302.1 297.8 295.1 295.5 296.3 292.9 291.7 284.4 285.5 283.2 282.2 281.5 277.9 279.6 276.1 274.2 264.2 258.7 261.8 256.9 258.6 259.6 256.1 251.4 245.5 246 247.3 249.8 255.8 256.3 255.2 249.8 239.5 234.2 232.1 233.8 232.6 232.7 232.3 235.5 238.7 239.3 242.1 247.6 261 268.2 275.6 281.5 284.6 291.8 285.3 283.1 290.5 290.2 282.9 278.2 272.1 260.7 254.8
372.1 367.8 367.2 364 350.3 334.9 319.7 308.5 309.9 316.8 318.5 317.2 322.7 307.9 308 307.5 306.6 305.2 304.4 303.8 302.5 298 297 298.2 300.2 299.2 295 290.8 286.8 281.5 278.3 275.6 274.6 272.7 272.2 269 265.2 261.1 254.1 252.7 251.8 251.9 249.4 249.7 247.1 245.8 245 245.3 248.9 259.2 259.9 248.2 239.3 244.9 240.1 238.4 232.9 228 227.9 232 233.4 242.9 237 240.7 247.3 260.3 265.4 273.1 283.6 291.8 293.3 279.9 277 277.7 279.8 271.7 265.7 260.3 258.3 252.2
363.5 361.8 360.4 348.9 337.4 323.2 308.8 304.3 309.2 311.4 311.6 310.9 306.4 305.7 306.6 307 305.4 304 301.3 300.8 297.5 299.2 303 305.4 301.4 299.7 294.2 290.4 284.6 279.9 277.6 273.3 269.8 266.5 267.9 264.8 261.7 256 254.1 253.5 252.7 251.9 257.2 253.2 248.7 249 246.3 244.6 244.2 250.5 245.4 241.1 244.2 240.2 240.7 239.7 234 231 232.1 225.4 232.1 229.4 228.9 234.7 245.2 255.8 260.7 272.8 290.7 291.3 277.2 273 277 271.8 270.6 271.7 266.2 262 257.1 248
349.6 345.3 341.4 337.3 320.6 311.6 299.3 298.6 304.1 304.1 308.7 301.3 303.2 303.9 306 307 305.2 304.8 297.7 294.9 293.8 303.2 309.5 306.8 303.4 300.8 295.3 287.2 280.4 280.3 276.7 272.7 267.5 265.1 264.3 261.4 260.9 256.6 254.8 254 255.3 254.2 254 253.6 255.6 255.5 252.2 247 246.4 244.6 246.5 243.9 241.4 237.6 237.5 234 234.3 230 229.3 222.2 229.3 224.5 219.8 226.2 239.1 249.6 257.6 277 280.5 269.4 261.4 275.8 267.4 270.2 277.5 268.7 264.7 260.4 252.6 238.7
335.8 331.8 329.4 319.7 304.5 296.6 289.6 288.7 296.3 298.6 302.4 297.7 298.4 301.6 305 303.7 304.1 297.7 290.4 287.2 291 303.9 308.4 306.9 303.1 296.4 290.2 283.6 272 273.4 269.9 268.1 266.8 264.4 260.8 264.4 260.9 255.2 254.7 254.6 258.6 258.8 258.2 256.8 257.9 257 257.3 254.3 253.4 251 249.4 244.5 238.8 238.6 233.4 231.4 231.5 229.2 223.1 219.5 223.7 218.4 217 216.9 225.1 238.2 253 269.3 262.3 254.7 257.4 268 259.1 272.4 262.6 259.9 259.2 252.9 239.9 229.4
325.4 319 311.6 295.5 293.2 283 279.1 280.4 284.3 285.3 286.6 293.7 297.7 298.7 301.8 303.4 294.7 287.5 279.1 282 292.1 305.8 309 306.1 296.7 286.6 281.8 269 269.7 273.8 271 267.2 265 261.4 252.3 254.2 255 255.7 255.1 259.1 264.2 264.3 261.5 258.1 258.1 258.6 257 255.4 256.6 251.1 246.3 240.8 238.9 240.1 235.4 231.3 226.6 222.7 217.6 219.1 218.4 216.5 216.2 215.8 216.3 227.3 242.9 255.7 245.5 244.2 252.7 256.7 261 254.7 245.5 243.7 240.5 233.3 229.6 227.9
312.1 306.4 289.1 286 289.6 277.6 270.4 273.3 274.9 276.4 282.1 289.8 291.4 297 306.3 294.8 283.1 276.6 271.6 278.7 295.3 302.2 300.5 295.2 283.4 270.3 262.1 263.2 277.1 276.7 271.7 265.3 263.2 253.3 249 252.6 257 260.6 259.8 262.7 264.4 263.6 261.3 260.4 259.9 261.1 261.5 257.8 253.7 244.5 240.8 238.9 241.6 235.9 233.5 227.6 222.4 214.6 215.5 218.7 218 216.5 215.9 215.9 216.1 219.7 229.9 235.2 234 243.8 249.9 250.4 248.9 244.7 240.5 238.9 230.7 229.9 229.8 230
298.1 291.6 271.8 269.2 269.9 262.3 264 267.8 268.4 271 276.7 279.9 286.6 292.2 292.1 278.2 270.3 266.2 260.7 268.5 281.7 283.1 280.2 274.3 267.7 259.3 255.1 263.7 275.9 271.8 266.8 257.4 251.6 250.3 246.3 253.9 254.4 259.4 260.5 263.5 264.7 263 261.1 260.4 260.5 265.4 263.8 256.3 243.4 239.4 237.7 238 239.1 231.3 227.1 218.3 209.5 208.7 213.9 216.8 217.2 215.4 215.9 216.5 216.7 218.8 223 226.4 234.6 241.7 244.1 245 242.5 239.5 235.5 230.6 230.2 232 236.6 237.1
286.6 278.7 260.1 261.4 261.1 254.3 259.7 263.2 263.1 264.9 267.9 269.7 278.5 273.3 276.5 265.9 262.1 258.4 255.1 259.2 263.3 262.4 263.7 263.2 256.7 260.5 248.9 259.2 258.2 259.9 255.7 253 249.3 246.5 244.3 251.9 250.5 250.5 259.1 264.3 264.5 262.8 262.2 259.5 264.4 261.7 253.4 242.7 238.8 238 237.1 233.1 229 223.7 215.2 206.5 202.5 208.6 212 212.8 213.8 217.9 216.5 217.1 216.9 218 221.7 225.8 234 238 241.1 240.4 237.6 234.4 230 228.4 234.2 243.5 239.7 235
279.6 266.2 251.3 258.4 250.4 244.2 249.1 248.7 249.6 253.3 257 261.5 263.1 263 260.6 259.3 256.6 256 251.1 249.7 250.5 251.2 252.5 250 247.4 247.7 243.5 243.7 249.6 252.4 250.9 249.4 248.9 246.3 245.5 241.2 245.2 248.4 257.9 258.3 262.5 261.7 261 255.8 249.9 249.1 243 240.3 237.1 235.9 233.4 228.7 219.9 209 201.9 201.5 208.8 208.1 211.2 213.8 217.4 221.2 215.9 217.2 217.6 220.7 223.1 226.7 230.9 235.6 236.4 234.9 232.6 229.8 227.9 233.1 242.4 241 237.4 233.3
270.4 253.1 243 240 235.2 235 238.8 238.2 240.6 240.5 246.1 252.1 256.6 259.1 255.4 252.7 248.9 251.4 250.4 237.7 243.1 251.7 248.8 248.6 236.6 230.2 230.9 232 238.2 240.8 243.9 245.5 246 241.5 233.2 233.4 239.7 246.1 248 253.6 254.9 252.8 249.9 245.9 244.1 244.9 240 238 234.1 231.3 225.4 213.9 204.7 197.6 193.3 206.8 207.8 210.2 213.2 218.8 217.2 214.9 217.3 215.9 216.2 217 219.2 224.2 227 229.2 227.9 227.7 226.6 225.7 230.4 234.7 236.2 236.3 234.8 226.7
255.7 239.7 235.9 230.1 225.4 226.6 230.5 232.5 232.8 232 236.6 240.9 243.4 247.2 246.7 245.2 238 241.4 236.6 226.8 230.5 235.9 233.5 236.7 229.7 217.1 212.2 211 218.6 229.5 237.1 238.4 239.3 234.4 225.6 231.6 237.3 240.4 244.4 240.9 240.7 239.9 238.3 240.4 241.9 240.8 239.5 236.6 231.6 222.3 206.5 196.8 192.1 186.1 195 204.7 212.5 215.2 216.1 213.2 215.2 214.3 213.9 214.3 215.2 215.3 217 219.8 223 222.9 221.2 223.7 223.2 226.8 232.4 231.9 229.7 225.9 222.7 213.8
244.7 233.1 230 219.9 221.4 225.2 228.6 232.2 227.2 227.5 226.7 226.5 230.2 235 236.9 231.4 227.7 232.8 231.7 225.9 213.1 213.2 217.7 218 209.4 206 199.8 204.2 209 217 225 233.4 230.5 225 222.4 226.2 229.6 229.7 232.2 231.8 228.6 232.7 238.5 241 241.3 240 238.6 232.4 219.9 203.1 190.1 185 182.6 195.2 204.6 212.3 215.8 212.5 210.4 211.2 213.8 213.5 209.3 211.5 213.6 211.5 211.9 216.7 218.8 217.4 217 219.6 220.2 222.8 224.9 222.6 219.5 213.9 205.9 198.9
235.7 232.8 221.3 217.3 218.9 221.3 224.4 224.3 221.1 217.3 217.8 218.7 220.2 223 228 224.6 224.6 221.6 223 226 214.6 196 198.5 200.3 204.4 199.9 196.9 209.1 213.4 215.1 219 221.6 221.9 220.1 219.1 221.2 222.5 222.2 229.4 222.7 226.4 230.3 233.4 236.4 237 235 227.8 216.1 199.6 185.3 176.7 181.7 192.6 202.9 211 213.4 206.7 204.4 210 209.6 210.6 207 201.9 206.6 206.8 206.4 208.7 213.3 213.9 212.6 213.3 214.8 216.1 215.1 216 212.2 205.7 198.5 194.1 189.7
227.9 223.7 214.4 215.5 218.2 221.1 221.3 215.9 211.1 207.1 210.2 212.8 214.9 218.9 221.9 220.1 218.9 219.9 220.1 216.5 206.3 189.5 183.7 195 195.3 192.8 200.3 208.5 208.3 213 219 219.1 216.8 216.4 217.9 220.2 221.1 219.3 215.8 215 219.5 223.9 226 223.8 224.1 220.7 208 194.6 182.4 172.9 173.9 186.4 197.3 205.8 204.9 200.9 200.1 201.5 203.1 201.2 203 201.8 199.1 201.2 201.7 203.2 206.6 210.2 209.4 208.4 210.5 212.4 208.9 206.6 204.4 200.3 193.8 190.5 187.5 184.3
214.3 214.4 212.1 215.7 222.3 218.6 209.4 205 200.9 202.8 208.8 209.4 215.7 220.3 220.1 218.2 218.4 219.1 220.3 210.5 198.4 185.4 177.9 185.3 181 183.1 193.3 196.4 205.9 210.1 212.6 213.8 213.1 211.9 216.2 219.6 221.5 217 212.6 207.9 208.4 208.4 209.8 211 208.8 198.8 186.3 177.6 171.5 163.1 173.9 182.8 192.6 197.4 193.6 197.1 198.7 197.3 194 197.3 196.9 194.3 193.9 197 198.8 200.8 202.2 202.3 202.7 202.6 205.1 206 203.1 196.2 192.5 189.2 187.3 185.2 182.8 179.8
206.7 210.5 216.8 214.5 210.6 205.9 200 196.2 197.1 205.8 207.3 207.4 207.4 211.6 222.3 222 218.3 215.7 209.9 201.9 194.9 179.2 173.4 172.2 171.7 169.7 182.3 189 198.9 208.8 209.8 209.5 208.9 209 209.1 213.3 215.1 211.4 206 201.9 199.3 197 193.5 190.6 183.2 178.2 175.5 170 163.8 157.9 168.2 174.5 182.8 188.1 194.2 193.3 187.3 188.6 191.5 193.5 188.3 186.1 192.8 194.7 195.5 196.4 196.4 194.4 193.5 194.7 196.6 195 189.3 186.9 183.9 182.9 181.7 179.7 177.5 175
207.5 221.1 217.2 215.4 212.5 207.7 197 194.1 202.2 206.3 206 203.4 201.7 212.2 220.5 221.6 215.2 208.8 200.4 196.1 188.8 180.4 173 170.4 169.8 169.3 174.4 183.2 193.3 201.1 204.5 203.6 208.1 207.1 200.8 207.5 205.5 202.7 197.5 195.9 195.2 189.5 181.1 176.9 175.9 170.5 168 167 159 154.3 160.2 167.7 180 185.8 184.6 181.8 180.2 188.9 185.4 179.6 178.7 184.6 189.8 190.5 190 189.3 188.1 186.6 187.7 186.1 185.7 183.2 181.7 179.7 178.2 177.6 176.4 174.7 172.2 163.4
215.3 209.1 209 204.6 199.8 194.2 191.9 196.6 202.9 205 202 200.5 200 208.6 211.4 205.1 203.3 201.8 195.3 190.1 186.8 180.1 171.1 170.1 168.8 168.3 172.6 171.5 186.3 189.2 194.3 193.9 201.1 198 193.8 198.7 195.5 190.2 188.6 186.1 185 177.8 173.3 172.3 170.1 168.8 166.1 165 159.4 144.1 150 159.2 167.2 170.7 172 170.8 174 173.6 170.5 171.2 176.8 181.7 183.9 183.2 180.9 180.4 178.7 177.6 178.5 176 176.1 175 173.6 173.6 172.8 173.1 171.2 168.4 165.5 154.1
199.2 198.3 190.8 188.5 189.2 191 197 198.7 199 199.1 200.3 199.6 200.4 202.3 203 204.4 204.2 196.3 192.5 187.7 181.8 175.4 168.8 168.2 167.8 167.8 168.7 165.7 164.7 162.6 171.9 173.1 186.5 180.3 165 162.2 169.1 181.8 188.9 182.7 176.3 165.9 161.9 161.8 165.4 167.5 162.8 158 153.7 143.3 137.4 146.9 155.8 159.8 161.2 164 168.4 167.4 162.8 165.3 174.9 177.5 174.4 173.8 171.6 171.6 170.5 168.9 169.4 167.7 167.6 167 166 168.2 171 167.4 161.6 159.8 158.9 154.3
191.5 188.1 187.6 188 193.5 199.6 206.7 199.4 200.9 196.9 198.4 198.8 201.2 198.9 199.6 207.1 200.3 194.6 187.9 181.4 174.6 170.5 175 170.4 167.6 167.7 171.1 174.9 177.6 177.1 173.7 170.5 159.6 169.3 158.2 172.6 162.5 156.5 175 168.1 161.3 151.5 144.5 141 153.2 160.2 156.8 153.5 148.6 143.6 138.3 132.7 142.8 147.8 147.1 155.5 158.3 157.9 155.1 159.8 165.4 167.5 166.5 163.1 163.1 163.4 160.2 160.6 160.9 159.4 158.7 159.6 161.4 162.9 159.7 155.4 154 153 151.9 147.8
188.8 187.5 186.6 187.6 193.6 200.5 198.4 194.8 193.8 194.8 196.9 196.9 197.6 196.6 194.5 194.2 194.6 187.5 181.2 175.2 173.3 179.6 174.6 168.3 168.6 172 176.7 184 185.9 185.9 182.9 177.5 174.7 169.5 193.7 191.6 177.7 160 143.9 141.8 135.5 133.3 132.3 129.8 137.6 150.5 149.7 147.9 143.9 139.8 136.3 127.4 131.4 134.2 137.6 146.8 149.1 149.3 146.1 150 154.8 155.5 155.8 153.8 153.1 153.3 153 152.6 152.8 152.4 152.5 153.6 152.5 151.7 149.4 148.3 147.3 146.4 145.5 143.7
188.1 186.7 187.4 190.2 193.1 194.8 194.9 189.2 188.3 191.2 192.9 194.5 195.5 193.5 192.1 191.2 185.9 178.9 175.6 175.1 173.5 171.8 170.6 170.1 171.4 175.1 185.5 190.4 190 190.7 188.7 185.8 185.1 185.7 196.5 190.3 174.5 166.7 160.9 159.5 155.9 150.7 147.1 141.2 126.7 134.3 138.3 138.2 139.3 135.5 132.1 127.2 122.5 124 129.2 139.2 139.8 138.3 136.2 139.4 143.7 145.6 147.1 146.9 146.1 143.5 144.1 144.7 145.1 145.2 144.8 144.6 143.8 142.9 142.1 142.2 141.3 140.4 139.3 137.6
186.8 185.7 186.4 192.1 193 193.9 195 184.4 183.8 185.3 190.1 198.1 198 189.6 183.8 180.3 176.5 177.2 175.2 176.2 174.9 173.3 172.2 172.3 174.6 181.6 188.3 191.3 191.9 192.6 192.5 195.8 190.9 184.2 182.4 179.4 174.1 170.7 167.5 165.2 162.9 156.9 153.4 146.3 136.7 124.4 126 125.8 127.9 128.7 124.1 121.4 119 120.8 124.3 131.6 131.8 130.3 128.2 126.9 132.2 138.1 138.8 138.3 136.3 135.6 136.5 137.1 137.5 137.1 136.6 136.1 136.1 136.5 135.6 135.5 135.3 134.2 133.1 130.2
186 184.1 183.8 186.6 186.6 186.7 184.9 183.1 182.5 181.3 194.5 202.2 193.4 181.1 176.5 175.5 175.4 177.6 180.7 179.6 178.5 177.6 175.6 177.1 180 186.4 192.4 194.5 196.7 196.8 196.1 195.3 192.3 186.3 181.3 177 174.2 171.7 168.3 165.3 160.5 156 152.2 144.4 136.8 130.1 122.3 118.8 118.2 115.6 117.7 115.4 116 115.9 120.3 125.5 126.3 125.7 125 121.9 119.5 126.1 128.2 128.4 128.2 128.5 129.7 130.2 129.9 129.4 129.3 129.6 130.2 130.2 130.3 129.8 128.7 127.9 125.6 122.2
185.1 183.6 183.1 182.5 183.5 182.1 181.2 181.2 180.3 179.5 188.7 187.6 178.9 176.2 176 179 184.8 186.8 186.2 186.2 186 184.4 184 193.5 196.7 198.9 201.2 204.6 203 201.5 204 202.7 197.5 189.5 182.9 177.5 175 171.7 166.4 162.5 159.1 154.1 149.3 142.6 137.1 132.6 129.9 124.6 125.5 112.1 112 108.3 108.8 112.1 113.4 117.4 115.2 111.1 112.6 113.7 111.5 114.4 118.2 119 120.6 121.8 122.8 123 123 123.5 124.2 124.5 124.8 124.5 124.3 122.9 121 120.3 116.7 115.8
185.7 185.6 190.4 186.6 181.4 180.3 179.9 179.6 179.1 178.5 178.2 178 177.1 177.1 178.5 184.1 189.1 190.1 190.8 191.8 192.5 192.9 196.7 203.8 207.1 215 212.5 215.3 208.2 208 207.7 206.6 202.4 194.1 186.1 180 174.4 170.7 165.2 161.8 158.4 153.4 147.7 142 136.9 132.6 129.6 127.5 125.2 115.8 107 105.3 102.8 105.3 107.4 106.8 103.5 101 102.1 106.2 107.2 106.8 109.7 110.6 113.3 115.1 115.9 116.1 117.6 118.4 118.9 119.3 119.1 118.5 118.3 116.4 113.9 112.2 110.2 108.9
193.8 194.3 187.6 183.7 181.5 180.5 179.7 179.2 178.8 178.5 178.1 177.8 178.7 181.5 183.3 188.3 191.3 192.9 196.9 196.5 199.4 203.5 213.6 216.3 218.7 225.2 229 223.3 214.6 211.7 210.5 209.6 206.9 198.3 188.4 182 176.7 170.9 165.1 162.2 158.4 153.4 148.1 142.8 136.5 132.1 128.3 126.3 124.3 121.7 118.4 113.5 116.8 99.6 102.2 99.8 96.6 91.9 94.9 100.6 100.3 99.1 99.3 100.2 105.6 107.8 110.9 111.8 113.9 113.7 113.7 113.9 113.1 112.9 113.1 111 108.7 106.7 104.6 102.1
202 195.2 191.5 183.2 181.5 180.6 179.6 179.1 178.7 178.6 179.1 180.5 181.8 187.4 189.5 194.1 197.9 202.4 206.6 205.2 206.4 216.7 227.8 236.7 237.3 234.3 234.5 230.2 219.9 213.6 212.5 211.5 206.5 196.7 189.6 184.6 178.9 171.9 165.7 162.4 158.4 153.8 145.4 139.8 135.1 131.5 127.9 126.3 125.8 125.2 120.3 118.3 116.6 106 97.2 94.2 105.7 100.4 89.6 93.5 94.2 94.5 94.8 92.8 96.1 104.1 106 108.1 110.5 110.2 109.8 109.4 108.8 108.5 107.8 106.2 103.7 102.2 100 97.6
196.6 197.5 190.6 182.7 182 181.2 180.4 179.8 179.9 182.4 182.8 183.7 187.6 192.2 196 200.1 204.5 211.4 212.1 209.9 213.9 226.8 236.9 247.5 248.2 243.8 239 233.1 224.8 218.7 214.8 210.2 205.2 198.8 192.9 187.9 181.1 173.7 166.4 161.8 156.8 149.3 140.4 136.4 133.2 130.3 129.7 130 128.8 125.1 120.5 117.5 115.4 114.8 110.3 105.7 104.9 99.2 94.2 84.2 89.7 92.6 93 88.6 92 96.7 98.8 105.2 106.6 107 106.6 106.2 105.2 104.7 103.4 101.3 99.3 97.7 95.7 93.4
199.4 192.9 187.3 187.9 184.1 183.3 183.5 182.9 182 185.7 187.6 189 190.1 192.4 199.4 205 209.3 214.6 214.9 215.6 223.1 236.3 248.5 256.1 255.2 248.8 244.3 237.4 230.6 225 220.9 216.2 212.1 202 196.4 192.6 185.5 176.7 167.8 159.5 153.1 145.5 139.3 134.9 133.4 133.2 132.1 130.9 127.8 125.2 121.2 117.3 113.9 111 107.5 102.9 98.8 95.4 90 79.8 77 82.5 87.3 86.3 85.8 86.1 88.9 99.2 102.7 103.7 103.4 103 102 100.8 99.6 97.4 95 93.6 92.1 89.6
196.8 194.8 193.2 191.1 188.9 188.3 191.5 189.1 186.3 188.3 190.3 190.2 191.3 196.3 204.5 211.7 214.1 215.5 218.3 222 232.7 242.3 252.3 257.2 257.5 257.1 253.7 247.7 236.7 230.1 227.2 219 210.7 205.8 204.5 198.2 187.4 176.5 166.9 155.4 147.1 142.3 138.6 138.6 138.8 136.9 133.8 131 128.2 125.2 121.1 117 113.3 107.9 105.3 100.7 97.2 91.1 82.9 94.4 87.2 78.8 75 71.6 85 84 84.5 97 101.7 101.8 100.5 100.2 98.8 97.5 96.4 93.8 91.5 90 88.1 84.9
201.2 200.4 198.2 195.7 191.1 197.3 202.2 198.5 194.1 194 194.9 196.9 201.8 202.1 210.9 216.5 216.7 217.3 219.9 227.6 241.2 263.4 266.6 261.7 257.9 260.4 252.1 248.3 242.2 240.7 228.8 218 214.6 208.3 200.2 188.7 180 169.2 159.6 153.1 147.2 142.7 142.7 143 141 138.3 135.3 132.3 129.2 124.6 120.3 116.1 112.3 107.4 103.7 100.7 92 95.9 98.2 97.3 90.3 83.3 77.4 70.6 84.1 83.2 82.1 89.2 101.2 102 98.9 97.9 97.1 96.1 94.8 92.6 90.2 86 83.2 80.2
