app/static/ascii/NH45.asc
ncols 200
nrows 200
xllcorner 240000
yllcorner 850000
cellsize 50
[rows 111 to 147 of 200, columns 0 to 83 of 200]
211.6 206 199 188.6 181.8 180.4 170.5 180.9 188 188.3 183.3 184.4 184.4 183 179.2 176.1 173.2 170.7 169 166.7 161.6 155.8 150.5 153.6 154.8 155.7 151.1 146.7 142.4 135.5 132.4 130.5 129 121.1 119.1 115 111.6 108.6 106.4 107.8 108.4 106.3 103.1 101.6 101.1 98.4 99.7 103.1 104 105.9 106.5 107.8 112.3 113.1 111 114.8 118.9 120.6 118.8 110.4 101.9 90.9 82.7 78.2 75.8 69.9 74.4 73.9 75.6 73.7 75.2 76 72.6 65.7 60.8 55.5 55.1 54.7 53.9 52.4 51.2 48.4 41.3 32.2
229.2 222.5 214.3 204.8 190.2 177.9 182.2 190.5 193.2 193.8 191.8 191.7 190.4 188.4 185.4 181 176.1 176.9 176.9 170.9 160 163.3 166.2 167.2 166 162.6 158.4 153 146.9 144.1 144 137.8 136.8 128.5 119.7 113.6 111.6 111 112.8 114.5 113.9 107.2 105.2 105.8 106.2 109.4 111.5 112.6 113 115.6 118.6 120.7 116.7 119.8 124.3 126 131.5 130.9 128 120.1 108.5 102.2 99.7 97.3 94.6 92.3 96 99.8 102 102.9 101 96.7 90.2 86.4 80.2 71.2 69.4 64.1 58.9 57.9 56.1 50.5 44.7 37.8
243.2 237.1 229.3 216.7 202.1 186 190.1 203.2 204.5 201.8 200.9 200.4 195.6 193 191.6 187.7 182.7 177.7 169.7 173 174.4 178.6 178.2 176.7 173.4 166 158.1 153.5 151.7 150.9 150.4 143.5 135.6 122.7 121 121.3 121.9 120.2 119.9 118.1 115.9 114.2 118.3 118.2 118.5 121.2 123.5 125.1 126.6 128.7 129 130.4 132 135.2 136.3 136.1 134.2 132.5 128.9 125.3 125.3 124 124.9 124.1 124 126.4 128.3 131 131.1 129.7 125.1 120.5 117.3 111.5 104.2 93.2 84.9 76.2 68.7 65.1 60.9 54.8 47.7 42.2
256.5 249.8 239.7 229.3 218.7 200.2 203.6 212.3 213.7 208.4 204.8 205.1 202.5 201.6 199.4 193.5 178.9 181.9 186.8 185.9 185.2 190.1 186.1 181.7 171.4 157.7 155.2 153.1 148.7 148.3 142 134.4 126.5 123.3 126 126.4 129 128 123.6 122.7 126.5 128.2 129 127.7 128.9 133.6 136.3 138.9 140.2 142.2 139.1 143.4 143.9 144.2 144.1 143.9 143.8 146.8 148.4 148.4 150 151.3 152.7 155.7 157.3 156.9 157.8 157.7 156.3 154.7 152.5 149.4 144.5 137.1 126.7 112.2 101.4 88.5 78.8 70.2 63.1 56.8 53 48
276.3 268.2 258.1 248.4 232 211.9 216.3 223.2 222.6 218.2 215.3 212.1 211.2 204.9 203.1 192.6 195.4 195.1 194.4 193.8 193.6 191.7 184.4 178.4 164.7 158 155.5 148.3 144.2 139.7 136.8 133 132.2 130.6 132.7 132.6 132.6 132.8 134.6 139.6 139.7 138.4 140.5 141.9 142.1 145.4 148.3 150.8 152.5 153.3 151.3 155 155.8 156.4 155.9 159.2 160.9 165.2 170.2 172.6 177.2 182.8 190.7 192.4 188.8 184.7 183.9 182.5 177.1 174.8 175.8 174.5 168.8 159.6 147.9 133.3 117.9 103.3 88.5 79 71.7 64.1 57.9 53.6
290.6 283 272.4 262.3 245.8 225.1 228.1 232.7 230.3 224.1 220.5 217.4 214 207.7 201 205.4 202.3 199.2 197.7 197 192.6 183.9 180.6 173.4 163.2 160.5 152.6 145.6 141.4 138.9 139.3 138.7 140.3 140.1 141 141.8 142.3 144.4 146.2 148.4 149.9 151.4 152.3 154.6 154.6 155.6 160.2 161.8 163.7 165.1 161.4 165.7 161.8 166.7 171.8 173.9 180.8 185.5 192.5 201.9 213.7 228.4 239.8 238.2 220.6 211.5 204.5 197.5 196.3 194.7 197.1 195.6 189 180 167.8 149.5 136.9 121.7 105.5 91.2 80.5 71.1 62.4 57.6
307.5 298.4 289.1 274.9 260.7 241.9 234.4 236.3 233.1 233.4 228.1 223 213.5 213.1 209.4 205.1 203.4 200.9 196.5 191.1 184.5 179.8 179.4 173.9 167.9 162.7 154 144.3 141 143.5 144.1 145.2 148.9 149.3 148.7 148.9 152.7 154.8 157 159.2 160.4 161.5 162.1 165 165.4 165.6 168.7 172.3 173.1 174.5 172.4 177.1 169.3 169 186.6 190.5 196.5 206.9 222.6 241.2 257.5 265.5 269.4 260.9 236.7 222.2 211.5 214.3 219.8 219.9 209 201.6 198.2 196.1 184.9 168.7 155.7 139.4 121.2 103.5 90 80 68 63
324.6 315.5 304.7 285.7 266.1 251 244.1 241.8 235.7 229.1 218.7 219.5 215.9 213.3 209.8 206.7 203.6 201.4 196.7 190.4 184.6 177.5 173 169.8 165 160.6 154.7 146.6 146.1 150.2 150.6 152.7 153 154.9 156.8 157.7 161.8 164.4 167.5 168.9 169.1 169.1 171.1 172.2 175 174.9 178.3 181.2 182.4 183.6 181.7 187.8 189.2 191.7 201.7 207.4 219.3 233.8 255.4 274.1 283.5 287.7 288.7 272.8 257.1 233.1 229.4 237.1 243.2 238.6 221.1 222.2 225.2 219.6 204.8 190.8 173.9 153.9 132.6 114 105.8 89.9 79.9 71.8
339.1 329.1 313.3 288.2 271 255.6 255 245.3 232.7 229 228.2 225.5 221.2 215.8 216 210.7 208.3 202 198.5 189.7 182.3 175 169 167.4 164.6 163.1 156.9 151.8 150.4 154.5 157.4 157.7 159.6 162.3 164.3 166.8 168.7 172.6 175.4 177.2 177 177.3 179.2 180.9 184 183.4 188.1 189.2 191.1 193 187.9 198.1 205 209.5 216.5 227.2 241.9 257.3 270.3 281.7 293.4 298.5 294.5 288.3 266.5 250.1 255.3 264.4 258.3 246.1 246.7 248.9 243.8 239.2 232.4 213.6 188.5 164.6 142.2 134.1 122 105.3 88.8 75.7
355.8 338.7 314.9 286 266.8 262.5 259.8 251.3 243.6 239.7 237.1 233.1 226.6 224.9 219.7 213.9 208.4 200.9 191.5 182.9 179.3 176.6 172.1 170.6 168.6 166.8 164.7 156.2 160.2 162.4 164.8 166.5 167.3 169.8 172.2 174.6 175.8 180.1 182.1 182.8 183.2 185.4 187.8 188.5 191.2 190.3 195.5 196.8 200.1 202.4 199.9 209.1 216.5 225 236.4 247 251.4 265.6 275.9 284.2 293.6 300.8 299 290.2 277.9 276.7 277.2 273 265.6 269.9 276.5 272 262.3 263.8 251.9 231.5 199.9 177.1 165.4 152.6 135.9 117.7 95.9 82.9
361.1 340.8 316.1 288.6 270.5 268.7 265.4 253.8 246.4 246.1 240.8 237.2 232 224.9 217.3 214.5 206.8 198.2 195.5 190 187.9 183.7 179.2 175.2 169.5 167.3 168.4 170.3 172.1 173.1 172.5 175.8 174.1 179.6 180.2 182.3 183.9 187 188.3 188.7 190.2 191.5 193.4 195.9 198.1 201.5 202.5 204.5 207.6 211.2 216.3 217.5 226.2 239.7 250.3 254.7 260.9 274.7 282.1 291.3 294.5 297.6 293 290.7 297.1 291 280.3 278.7 291.9 299 297.5 289.9 290.2 287.3 271.8 241.3 208 200.4 188.4 170 148.7 125.9 105 92.9
357 334 315.4 293.4 275.9 271.7 264.3 257.2 254.3 251.1 245 237.3 231.5 223.4 218.8 216.4 209.4 203.8 200.9 196.4 191.9 187.7 181.3 176.3 177.4 177.7 178.9 179.5 182.1 181.7 179.7 185.9 184.7 185.9 188.9 190.5 191.6 192.7 193.5 195.2 196.8 197 199.4 202.1 204 207.7 206.4 212.6 215.5 218.5 222 220.5 229.7 238.2 247.7 258.6 261.8 277.5 285.3 286.5 300.3 304.9 296.5 298.8 304.3 290.6 295.8 307.2 310.3 310.8 306.4 306.5 305.4 303.1 283.5 249.9 234 226 210.7 185.5 158.1 131.6 113.2 101.7
344.3 324.1 312.1 295.4 282.5 277 269.2 260.4 257.8 252.7 247.4 239.7 233.3 231.1 225 219.1 212.1 208.2 205.5 200.7 196.3 191.3 184.6 185.2 186.6 188.1 189.3 188.4 190 189.9 190.8 193.4 192.2 195.2 196 197 197.1 198.5 199.6 201.2 201.2 202.7 206.1 207.1 210.9 212.4 214.8 218.4 222.2 223.6 226.1 225.5 232.4 241.5 247.1 253.7 258.5 264.9 278.6 284.4 297.8 307 301.5 303.1 299.5 310.4 325.1 325.6 320.8 319.5 317.4 312.2 309.9 300.9 280.6 269.6 265.1 252.4 235.5 197.8 165.2 143.9 131 119.7
324.6 315.6 306.6 296.6 283.7 275.4 273.8 266.2 260 253.2 247.5 243.4 240.5 235.2 229 223.6 217.7 214 207.7 199.9 195.1 195 195.3 196.8 197.2 198.3 198.4 196.7 199 198.4 199.1 199.6 200 201.5 202.7 203.4 203 204.1 205.3 207.4 207.3 209.2 211.7 212.9 216.5 218.9 221.1 222.9 228.3 230.2 232.3 232.7 235.4 240.5 246.7 253.8 259.5 263 272 280.9 289.5 296.4 301.4 305.5 318.8 335.4 339.9 339.9 337.3 334.3 323.8 315.9 311.7 305.8 299.2 294.6 279.5 250.5 225.6 195.6 180.1 160.7 149.7 137.6
314.4 310.7 304.8 290.5 279.8 282.1 274 265.5 257.4 252.6 251 249.3 245.7 240.5 236.4 230.5 223.4 216.5 208.6 199.5 203.9 206.1 206.3 207.2 207.5 207.5 206.3 206.2 206 205.3 206.9 205.7 207.2 209.3 210.2 210.2 210.4 210.9 211.9 213.8 213.5 216.6 217 220.5 223.5 226.2 224.2 227.8 231.3 233.7 237.8 241.2 242.2 246.7 255.7 258.6 257.8 262.3 265.5 272 282.2 294.7 305.7 313.4 317.9 333.3 345.6 351.9 348.1 339.6 325.4 318.7 315.7 322.6 313.8 300.2 272 244.7 222.4 212.6 193.9 176.1 165.3 152.2
305.1 301.3 292.6 283.1 283.2 284.1 276.2 266.7 260.9 256.3 255.1 254 251.1 244.7 239 231.2 219.4 210.9 206.2 209.8 212.9 213.6 213.4 214.8 215.7 215.2 215 214.7 214.4 213.6 215.1 212.1 215.3 216.9 217.2 217.6 217.5 218.4 219.6 219.6 221.3 224.2 224 228.5 229.5 230.4 228.8 231.9 238.5 240.6 244.6 247.4 249.1 256.4 261.1 258.7 259.7 262.4 266.9 272.6 284.4 296.7 305.5 309.6 317.7 329.3 343.7 355.1 356.6 341.2 336.6 336.5 334.9 331.9 319.5 296.9 265.1 254.8 249.6 234.9 210.8 186.6 173.7 162.2
305.7 302.2 287.8 288.1 285.8 277.9 275.4 273.8 272.2 268.9 264.5 258.3 247.3 242.1 242.7 235 228.5 219.5 212.1 211.8 215.6 217.5 218.9 220.6 221.2 221.5 221.3 221.1 221.1 221.3 222.5 220.2 224.7 223.9 224.7 223.9 224.6 226.3 227 227.7 230.1 232.6 232.7 237.2 238.2 238 238.9 237.4 246.6 248.9 249.2 254 260.8 263.3 262.4 261.1 261 264 270.1 272.9 278 288.8 295.7 309.9 321.5 329.2 343 351.8 354 354.1 350.8 348.9 343.1 335.5 315.8 287.8 279.3 266.1 257.2 250 224.5 201.6 187.5 171.1
296.5 290.8 291.1 290.5 285.5 283.7 282.7 282.7 277 270.8 258.6 250 253.3 252.6 247.8 244.6 240.5 234.1 218.1 216.4 219 224.9 225.6 226.2 226.9 226.9 227.6 227.8 227.7 228.4 230.8 229.4 231.5 230 232.3 232.4 232.4 233.1 235.8 236.4 238.8 240.9 245 249.8 249.2 246.4 247.2 246.4 251.3 256.2 254.8 259.5 264.5 263.8 264.1 264.5 267.1 268.6 271.2 274.5 282.7 290.7 300 312.7 322 329.9 342.3 356.3 360.5 358.3 354.4 343.8 335.7 321.6 310.5 309.8 293.8 268.5 254.2 241.3 231.1 212.2 196.3 180.5
293 295.5 297 294.6 294.6 294.4 290.2 283.5 273.4 263.3 258.8 260.5 260.9 256.9 254 250.1 242.8 237.3 234.5 231.4 233.6 235.4 235.1 234.1 234.8 234.9 234.1 235 236 235.8 236.6 237.6 237.2 241.6 240.5 241.7 242.4 244.4 244.7 247.2 247.7 255.5 254.4 255.5 255.4 254.7 257.1 263.7 259.9 259.5 260.4 265.4 265.6 265.8 271.3 272.1 274.9 274.3 274.8 277.3 288.8 294.5 297.3 314.3 324.5 338.2 348.7 355.4 348.1 345.2 342.6 333.8 332.3 331.6 329.4 319.6 303.1 280.2 251.7 234.9 226.8 214.7 201.3 187.2
295.4 303.3 298 300.1 303.2 300.1 292.3 285.8 274.8 269.6 272.2 271.1 267.9 265.2 262.4 258 253.7 251.3 250.6 246.4 249.8 248.7 247.9 247 247.4 246.3 243.2 245.9 245.9 245.3 245.3 245.4 246.2 247.9 248.5 249.1 250.7 252.6 251.4 255 255.9 260.5 262.5 262.1 262.7 262 264.4 268.8 267.7 268.2 269.3 269.3 269.6 272.5 279.4 284.3 283.1 278.9 282.5 288.5 290.9 294.8 300.6 314.4 327 335.5 344.6 347.6 347.5 345.7 347.7 346.9 345 337.3 329.2 321.5 301 282.7 256.1 238 229.5 213.9 203.3 191.2
304.8 305.3 308.4 307.1 303.5 291.3 285.2 282.1 278 279.6 279.8 278 275.1 272.8 269.5 261.9 263.5 263.6 263.2 261 261.3 259 257.3 256.9 256.8 256.2 254.6 254.6 253 254.7 254.4 255.4 255.2 255.4 257.8 257.9 260.2 259.9 259.7 260.6 263.2 269.2 272.6 271.8 277.7 272.1 273.5 273.9 276.5 277.9 277 281.6 282 284.1 289.4 292.5 284.5 285 287.4 292.7 293.3 295.3 305.9 314.8 326.3 334.9 344.2 350.5 359.7 369.9 367.5 362.7 355.2 343.7 334.9 322.3 304.7 288.5 266.6 250.7 237 220.1 205.8 193.2
306.6 305.9 301.6 298.2 292 289.1 289.2 285.9 286.8 290.2 285.2 282.1 282.4 280.2 279 269.9 273 273.4 273.2 269.9 269.5 267.7 265.5 266 266.1 265.1 263.9 258.4 263 263.5 265.1 265.2 264.9 263.8 266.6 266.5 268.4 268.2 267.6 271.9 273 278.9 275.7 279 281.7 281.4 283.1 283.1 282.4 286.1 289.3 293.3 295.4 293.4 298.5 300 298.1 296.4 296.6 299.1 301.5 306.5 314.9 324.1 332.8 343.1 352.7 358.7 368.1 378.1 375.9 376 369.6 358 343.5 325.7 307.8 289.1 272.1 255.6 244.3 229.9 203.7 194.3
311.2 306.3 298.4 293 291.7 293.2 296.1 291.8 294.2 295.7 288.8 287.6 288.4 288.8 280.1 281.1 284.1 283.8 280.8 278.1 280 277 276.4 276 275.1 273.6 272.4 269.2 268.9 270.5 272.3 271.6 272.6 273 274.5 275 277.4 274.3 276.2 281.2 284.4 285.5 284.8 286.9 287.8 287.3 290.9 290.1 295.2 298.1 298.2 302.3 304 302 303.8 303.6 305.3 306.1 311.6 315.9 319.9 320.7 327 332.3 338.3 346.8 355.5 361.8 370.5 381.2 386.6 387.5 379.6 364.4 347 331.1 308.5 287.2 270.9 258.8 252.4 240.7 225.8 210.5
306.8 299.5 297.2 297 297.1 299.3 297.9 297.5 299.8 295.8 291.6 293.2 293.5 292.6 287.7 289.9 288.3 288 286.3 285.7 285.9 284.4 283.4 282.3 281.8 280.3 280 280.3 277.5 276.2 276.5 278.5 277.7 279.6 281.2 282.2 283.3 282.4 285.9 290.3 292.1 293.3 293.5 296.8 296.6 298.6 302.2 304.5 304.9 305 307.9 313.3 313.6 314.5 315.1 316.5 317.8 321.4 325.6 333.6 336.2 334.3 335.2 339.8 345.8 352.4 357.3 363 373.3 387.5 394.5 391.6 382.9 369.6 346.1 328.7 304.8 287 279.3 272.8 263.4 251.9 239.7 226.4
305.1 303.5 301.4 299.9 301 305.7 301.8 302.1 300.2 297.8 297.2 298.6 299 291.6 294 295 294.2 292.7 291.1 291.6 291.1 289.1 288.2 288.3 288 288.2 287.7 286.4 284.9 284 282.2 283 285.7 287.1 290 291.4 292 293.3 298.4 299.9 302.8 303.7 303.5 306.6 310.6 311.6 311.8 313.3 312 316.6 319 321.4 323.9 327.1 328.2 330.1 332.6 338.5 346.5 351.1 347.7 342.9 340 344 349.2 356.3 362.1 370.2 380.9 389.4 393.9 395.9 388.4 367.6 349.9 330 304.1 294.9 291.1 283.5 272.9 258.7 250.3 238.7
310.8 308.3 307 305.9 306.2 308.1 306.9 308.9 303.3 302.1 302.8 304.7 298.5 298.3 299.2 299.3 298.7 298.1 296.3 296.1 296.6 295.4 294.2 292.7 293.8 293.1 292.4 291.1 289.1 285.7 289.6 287.9 295.8 297.1 300.2 301.1 301.8 302.8 310.7 310.1 312.1 312.8 314.4 316.7 318.7 318.3 320.8 323.2 324.8 329.1 330.8 334.3 337.5 340.6 345.8 350.8 355.4 357.7 362.6 364.3 359.7 351.1 346 346.7 352 359.2 368.9 375.3 385.8 390.5 391.7 389.6 380.5 371.3 358 331.3 310.3 300 296.5 291.1 280.5 270.9 261.5 251.6
309.5 312.1 314.2 311.2 311.8 313.4 313.4 310.6 306.1 305.5 305.8 302.6 303.1 303.8 304.1 303 303.8 302.1 301.6 302.5 301.6 300.1 300.1 299 299.2 298.2 297.2 296.4 294.9 293.7 297.6 295.6 301.9 304.9 306.7 308.7 306.6 313.5 317 318.6 320.7 323.2 324.2 325.3 326.3 327.9 324.2 328.5 331.6 337.5 341.9 346.8 351.8 357.3 363.2 370.6 373.6 372 374 371.4 370.1 365.8 356.5 352.3 355 359.8 363.9 372 384.6 394.8 398 387.8 373.4 361.6 347.4 332.9 324.1 317 311.3 308.6 302 291.8 281.5 265.2
313.7 315.8 315 312.7 313.9 315 315.2 309.3 308.1 306.5 308.1 303.1 306.1 306.8 306.3 305.8 306.7 304.8 306.3 306.8 304.8 304.8 305.2 304.3 303.7 302.9 303.2 303 303.8 304.2 303.6 304.5 306.8 311.3 314.8 316.3 312 321.7 324.4 327.8 329.8 332.6 334.4 334.9 336.4 334.7 331.9 337.8 343.2 346.6 352.3 357.9 365 372.7 386 388.9 389.5 386.4 383.3 380.2 377.3 371.8 363.9 358 362.2 366.5 369.8 366.7 373.9 385.4 396.2 387.4 365.6 352.5 343.6 338.8 335 330.3 325.8 323.7 320 312.3 301.4 287.4
318.2 319.7 316.7 315.1 314.6 317 314.1 310.4 310.1 307.3 307.8 307.3 309 308.8 308.4 309.3 309 307.6 308.2 308.7 309 309.1 308.5 308.9 308.5 308.4 309.1 309 309.7 311.3 310.7 313.1 309.9 318.3 321.8 323.2 322.2 330.1 332.4 336.2 337.9 339.4 341.2 341.6 340.5 342.2 343.2 346.9 350.6 356.2 362.1 369.2 378.2 388.8 396.6 401.1 403.4 402.7 397 390.4 385.3 378.2 369.5 362.1 371.2 377.8 379.3 366.5 365.6 371.4 375.9 370.6 364.8 356.4 351.2 350.2 347.4 342 341.3 337.7 332.4 327.9 316.9 304.9
322.2 318.7 317.6 316.3 318.4 318.4 313.7 315.1 313.3 310.1 309.3 311.4 313.1 312.5 311.5 312 311 311.6 312.3 312.5 312.2 312.5 312.8 313.2 314 314 314.6 314.7 316 316.8 318 315.7 319.8 322.9 328.2 330.2 333.6 337.8 340.7 344.1 345 346 346.9 348.6 351.5 350.9 350.1 354.4 358.8 366.4 372.4 381.3 392.2 403.8 414.1 419.6 422.5 418.6 411.7 403.5 393.8 382.8 370.6 365.2 372.6 382.4 378.3 367.6 362.3 362.2 363.4 360.9 359.8 353.1 353.2 353.5 351.3 350 349.3 350.3 344.9 338.7 331.4 326.4
327.4 324.3 321.9 325 324.9 322.2 317.9 314.1 312.8 315.3 315.2 314.1 316.9 316.3 314.5 315.4 315.1 315.7 315.1 315.8 316.5 317.4 318.2 318.4 318.9 318.5 319.1 320.2 320.9 322.4 322.8 321 322.7 328.6 333.7 336.5 341 344.3 348.6 351 353.6 355.8 357.1 359.1 359.5 359 355.4 363.8 370.2 375.5 382.3 391.5 402.2 414.8 422.9 427.8 426.5 418.9 414.9 412.5 397.7 380.3 368.9 366.2 369 374.6 372.4 369.8 361.8 360.4 360.8 357.3 352.5 351.5 351.1 351.5 352.1 353 358.2 360.5 355 348.7 341 335.4
329.6 324 323.5 331.5 327.1 325 317.7 316.6 317.7 317.7 315.2 316.8 319.4 319.2 318.7 320.2 320.5 320.4 320.6 320.7 320.6 320.6 322.4 322.5 323.2 323 323.5 324.5 325.8 327.5 327.7 327.8 326.2 335.7 338.3 343.7 348.6 352.5 355.3 358.5 362.1 364.5 366.6 367.4 369.1 368.4 365.5 370.3 376.8 382.8 390.1 397.6 407.6 418 427 428.9 423 415.6 413.3 406.1 391.5 378.7 367.6 367 368.3 367.1 366.6 365.1 362.7 360.3 357.9 354.3 352.3 350.4 349.3 349.9 351.4 352.8 358.6 361.9 359.3 349.3 339.2 320.2
330.2 326.2 333 337.2 327.5 325.2 319 323.9 323.9 321.1 319.2 320.2 322.1 322.8 324.7 324.7 325 325.1 325.8 323.9 324.9 325.6 325.1 327.2 327.4 327.8 328.9 330 331.1 332.6 334.4 335.2 335.9 339.3 345.5 350.8 353.9 358.8 363.7 366.8 370.2 372.6 373.5 374.6 376 375.6 376.6 378.6 382.4 387.7 394.6 402 409.8 414.8 417.7 416.1 413.7 411.4 407.9 397.8 386.3 374.3 367.2 367.9 368.2 368.3 367.1 363.7 362 358.9 357.8 356.3 353.7 351.4 349.1 346.5 346.2 344 347.8 350.8 348 339.9 325.4 304.9
333.8 334.1 339.6 338.3 335.2 327 323.3 325.9 325.6 328.2 324.9 322.9 325.3 326.2 327.9 329 328.9 330.6 330.2 329.9 329.5 329.6 330.8 332.5 333.1 333.3 333.9 335.8 337.1 338.3 340.5 342.9 342.5 342.5 350.4 357 361 365.5 369.9 373.8 377 379.9 381.5 384.4 384.8 384 382.8 384.2 388.2 392.4 398.4 404.7 411.5 414.7 415 413 410.8 410.8 401.7 388.7 381.2 378.4 370.7 372.8 372.6 372.4 372.3 369.9 365.4 363.7 359.4 357.1 356.6 354.3 353 350.6 347.1 341.3 339.9 339.5 336 325.8 311.8 294.4
337.5 342.1 341.7 338.5 335 328.8 325.8 327.7 335.1 334.1 330.3 325.9 327.6 328.8 332.1 332.8 333.8 334.6 333.9 333.2 333.7 334.5 335.9 336.8 337.8 339.5 340.7 341.6 344.5 345.9 348.6 350.3 351.9 352.5 355 362.2 365.7 370.2 375.1 379.5 383.2 385.9 387.9 389.1 389.6 390 389.3 390.9 394.9 398.6 404.1 408.7 413.4 415.9 415.2 413.2 411.7 410 401.8 390.4 385.8 382.6 378.1 384.1 385.5 385.7 383.2 384.6 379.9 373.1 366.3 364.3 363.7 360.5 359 356.2 353.6 348.3 337.4 325.5 322.1 314.1 301.2 285.2
339.6 343.2 340.1 340.2 333.9 333.5 331.4 333 336 333.4 325 329.5 332.4 332 335 336.4 337.1 337.3 336.5 337 337.4 338.5 340.3 342.4 343.9 345.8 346.7 348.5 350.5 352.8 354.9 357.2 359 360.6 362.2 366.5 370 375.6 380 384.5 387.9 390.6 392.3 393.6 395.2 395.5 395.8 397.8 401.3 405.4 411 415.8 419.6 422.1 421.4 420.6 417.3 409.9 403.6 396.2 388.5 386.2 389.2 391.1 393.8 397.2 395.4 391.6 386.9 380.2 373.9 372.2 372.3 368.9 367.6 365.3 362.3 353.4 341.3 327.8 313.5 301.4 294.8 284.4
344.4 340.8 343.2 340.6 336.4 340.4 332 335.3 335.5 329.3 337.7 336.4 337.1 338.6 341 340.9 340 339.8 340.2 340 341 342.4 344 347.2 348.9 350.8 352 352.9 355.3 357.8 359.9 361.9 363.5 364.7 367.1 369.5 374 379 383.5 387.9 391.6 394.5 396.4 398.3 399.3 400.1 401.3 402.7 404.9 408.6 413.4 418.4 423.1 425.7 426.6 428.2 426.6 418.4 408.7 399.8 395.5 391.9 393.2 394.7 400 403.2 404.3 398.2 393.5 386.4 382.4 378.9 376.2 376.6 379 378.9 378.2 361.4 345 329.7 317.8 304.9 294.3 285.4
