app/static/ascii/NH46.asc
ncols 200
nrows 200
xllcorner 240000
yllcorner 860000
cellsize 50
[rows 35 to 69 of 200, columns 0 to 77 of 200]
347.2 341 335 329.9 326.2 321 312.3 304.3 296.3 288 277.8 265.1 253.6 243.8 231.9 219.5 207.9 197.2 183.3 169.8 157 152.5 148.6 146.7 150.3 154 160 164.4 174 179 182 190.5 196.4 199.4 205.3 209.1 214.6 215.8 221.1 226.5 231 235.1 238.4 241 245.6 249 254 259.6 264.7 268.4 273.3 279.1 284.1 288.9 293.4 299.5 305.1 309.8 314.3 319.1 323.9 327.8 332.8 337.5 343.3 346.9 349.5 352.8 351.4 351.2 350.4 348.1 341.3 341 348.7 360.3 365 371
351.6 345 340.3 338.6 334.7 328.5 321.1 313.3 304 293.6 284.3 273.1 260.7 250.4 238.6 224.2 210.8 200.5 187.3 171.6 158.9 153.5 149.1 145.6 149.3 152.4 156.9 162.7 169.1 175.9 179.6 187.2 193.4 196.6 205 208.7 210.1 214 220.6 223.4 229.2 233 237.8 240.7 243.3 247.3 252.7 258.5 262.8 267 271.2 276.5 282.6 287.2 292.4 296.3 301.8 306.3 310.6 315.9 320.2 325.1 329.5 334.4 338.7 342.6 344.6 346.3 346 344.4 340.1 335.2 338.4 350.7 359.2 366 370.7 375
357.5 350.8 349.4 348 343.3 336.1 326.5 319.7 310.4 298.6 288.7 279.2 267.8 255.3 243.8 228.3 213.9 202.6 188.8 174.5 161 151.3 148.4 146.1 149.3 153.8 155.7 161.2 165.6 173.7 177.4 184.2 190.8 197.9 198.3 203.2 209.7 213.9 219.5 222.8 227.6 232.3 237.3 239.5 242.1 246.9 251.3 255.9 260.5 265.9 269.9 274.8 280.6 287.2 289.2 293.9 298.2 301.7 306.5 311.8 317.9 322.7 326.8 330.2 334.3 336.9 339.4 340 339 337 332 338.6 348 356.6 364.5 371.4 375.6 380.8
360.4 356.7 358.2 358.5 350.6 342.4 332.2 323.4 314.5 304.3 294 284.1 272.7 259.2 247.5 231.6 215.9 204.5 191.4 175.9 163.7 151.9 148 145.9 148.8 152.9 156.3 159.2 164.8 171.3 175.1 180.4 184.5 189.9 198.3 205.3 208.4 214.2 218.4 222 226 229.7 234.3 238.1 240.3 245.1 250.4 254.8 258.7 263.6 268.8 273.7 278.8 282.8 286.1 290.3 294.2 298.7 303.2 308.7 314.6 319.2 322.4 326.1 329.7 331.6 334.1 334.8 331.8 326.6 335 343.9 353.8 361.7 368.3 374 379.9 385.7
366 364.5 367.1 361.9 353.8 346.6 338.1 328.9 317.6 308.1 297.8 287.2 275.5 261.5 250.6 236.5 220.9 206.6 189.7 177 165 152.2 147.2 145.5 149 150.9 157.1 160.2 160.7 166.2 167.9 175.9 185.5 191.9 197.6 202.6 208.2 212.5 215.2 216.5 218.8 223.8 229 233.9 239.4 243.9 248.7 253.4 258.1 262.7 266.6 272.3 276.6 279.9 282.9 287.5 292.2 297.1 302.2 307.2 311.6 315.3 319.1 321.9 325.9 328 330.2 329.3 323.4 331.9 340.9 349.3 358.5 364.8 371 377.1 383.4 388
369.4 371.6 372.2 369.1 360.2 350.1 341.6 333.3 322.2 310.6 300.7 291.3 277.9 264.7 254 237.3 223.9 207.5 188.8 176 163.9 150.4 145.4 146.2 148.9 152 153.3 157 160.7 163.8 169 176 181.9 184.2 190 196.4 195.6 198.7 201.8 204.2 206.6 212.6 219.4 224.4 232.8 241.7 247.5 251.6 256 260.6 265 270.1 274.3 278.9 282.8 286.9 291.7 295.6 299.8 303.8 308.5 313.4 317.3 320.4 323.1 323.9 322.7 318.6 323 335.8 344.8 352.3 360.2 367 373.2 379 385.4 389.1
370.9 375.9 373.5 369.7 362.1 351.9 343.7 335.6 324.7 315.1 305.3 295 282 269.2 254 237.7 221.2 205.9 189.5 175.5 163.4 149.9 145.4 148.3 149.9 153.3 155.3 158.9 163.1 166.3 169.4 173.7 179.1 184.6 189.7 195.6 199.7 204.2 207.5 212.9 215.4 216.8 214.8 218.8 221.5 227.5 232 248.5 248 249.3 254.5 260.1 266.9 272.1 281.2 284.8 289.2 293.2 297.2 301.7 305.7 310.7 314.1 316.4 312.3 312.8 314.5 324.9 332.7 337.6 341.6 349.5 360 368.2 374 380.3 385.5 390.6
369.9 375.9 372.2 364.2 358.4 353.7 346.7 337.9 327.6 318.7 308.7 299.5 284.2 269.6 254.5 236.1 219.7 204.3 188 172.8 161.8 149.7 144.8 147.9 152 153.7 157 159.7 162.8 165.3 171.6 178.2 184 189.8 196.9 203.3 208.7 213.2 217.6 220.3 223 225.5 227.9 230.8 233 232.6 232.4 235.7 241.5 246.6 253 256.8 258.1 262.5 268.2 268.4 271.7 278.3 281.5 288.1 292.1 299.1 298.3 303.4 312.7 321.3 328 334.1 338.1 344.6 351.1 355.2 356.9 367.9 375.6 382 388.2 394.5
366.2 372.6 366.4 361.8 360 356.7 349.4 340.7 330 320.5 310.7 301 285.8 269.1 252.8 237 218.1 201.9 184.7 169.7 159.4 148.6 145.9 147.1 150 152.9 155.8 158.5 161.7 169.9 176.2 181.1 187.1 193.3 200 206.5 212.4 217.9 222.5 225.5 228.8 230.9 234.2 237.9 240.2 242.8 244.2 246.2 252 257.4 263.5 268.1 271.7 276 279.3 281.8 284.5 286.3 290.1 292.2 295.4 298 309.6 314.9 322 330.6 337.3 342.1 344.7 351.2 357.1 362.2 366.9 367 377.4 383.9 390.3 397.2
362.9 368.2 363.5 362 361.7 361.4 355.3 344.5 332.9 321.3 311.3 300.2 283.5 267.4 251.9 234 215.9 199 180.6 169.6 157.2 148.5 145.4 147.1 150.5 152.7 155 158 165 170.5 177.5 182 189.4 195.5 200.6 206.3 213.8 220.4 226.1 229.8 232.6 235.4 237.8 242.2 246 250.1 253.4 256.3 259.9 264.3 268.3 275.2 283.1 288.5 291.2 292 293.7 297.8 301.2 303.9 308.1 312.8 318.5 323.3 329.1 336.4 343.5 347.2 350.9 356.5 360.7 368.7 372 376.8 377.3 386.1 393.2 399.3
359.3 362.4 363.1 362.6 367 370.4 363.4 346.5 333.8 320.4 309 293.2 279.3 264.6 248.5 236 213.8 198 183.9 168.7 157.8 147.9 144.3 146.3 149.4 151.3 153.3 156.3 164.9 171.7 176.6 184.2 190.6 196.4 201.1 206.7 215.4 222.5 228.7 231.9 233.1 236.4 241 246.6 249.5 254.9 259.4 261.6 263.9 267.4 272.5 282.9 291.5 297 299.5 299.1 298.7 304.4 308.2 311.3 314.3 319 325.2 330.2 334.4 340.9 348 351 356.3 361.1 366.3 372.2 378.3 381.2 384.9 388.9 393.9 400.9
357.4 361.3 362.7 360.8 365.1 366.2 359.6 342.9 330.3 316.6 303.2 286.3 274.4 262.2 245.5 231.8 210.2 196.5 183.3 167.3 157 147.4 143 146 147 149.9 152.2 157.5 162.3 167.8 175.2 183.6 189.9 195 202.4 208.9 216.4 223.5 229.6 232.9 234.6 239.5 246.2 251.2 253.7 258.4 262.4 265.9 267.9 272.6 280 289.7 297.3 302.2 305 304.6 302.5 308 313.3 314.8 317.8 323.5 330.8 338.5 342.1 347.2 352.2 355.7 360.5 366.6 371.4 376.2 380.8 386.7 390.5 392.7 398.2 401.9
359 365.2 363.4 357 356.4 352.3 345.9 332.4 322.4 312.8 295.9 280 268.3 256.4 241 225.5 208.3 193.9 181.2 164.1 157 147.6 141.6 145.6 146.2 149 154.4 157.7 164.6 166.1 176.5 183.9 190.5 196.5 204.1 211 216.8 222.2 229.1 233.3 235.7 242.4 250.1 255.4 258 263.1 266.5 269.3 273.6 279.6 287.8 295 300.2 304.4 308.6 308.8 308 315.5 320.7 323.2 326.2 331.8 340.1 346.5 350.7 353.8 357.3 360.8 366.4 372.5 377.2 381.7 385.6 389.9 394.5 399.6 403.8 407.5
359.7 366 363.1 353.3 346.3 340 333 324.4 311.5 303.4 288.1 271.9 260.6 249.4 234.5 220.5 203.8 188.8 177.3 164.5 157 149 141.8 144.8 145.9 148.6 153.9 158.6 164.1 166.5 174.5 182.3 189.7 196.4 205.3 212.3 218.4 224.4 229.3 233.7 239.3 244.8 253.4 259.4 264.2 269.9 272.5 275.5 278 281.9 291.4 297.4 301.1 305.7 309.8 313.2 313.9 319.2 325.9 330.1 333.6 338.9 346.6 352.6 356.5 357.9 361.1 365.3 372.5 378.6 383.1 386.3 389.3 394 399.1 405.5 409.5 411.8
358 362.3 359.5 345.8 341.6 330 324 315.9 303.5 291.4 278.6 264.3 251.5 241.4 227.7 212.6 193.1 182.2 169.9 159.2 153.4 148.1 142.8 142 145.5 148.8 154.4 159.9 166.6 169.3 177.2 185.2 191.9 199 205.7 212.9 219.3 225.8 231.1 235.5 244 249.6 257.6 263.8 269 274 275.6 280.4 283.3 288.7 292.6 297.7 302.5 309.7 315.3 318.7 319.3 323.7 330.4 334.1 339 344.3 350.3 355.8 360 362.5 365.8 370.5 377.4 383.2 387 391 395.3 400.6 405.6 411.4 413.1 415.9
352.5 355.1 355.5 341.6 339.7 330 314.8 305.6 293.4 284.4 269.2 257.1 245.5 231 218.1 203.7 188.2 175.6 162.6 154.7 147.3 145.7 143.5 140.2 145.9 149.9 155.6 163.9 166.8 170.9 179.1 187.5 194.8 202 207.2 214.2 220.5 226.9 231.3 236.9 246.4 254.7 262.5 268.7 273.3 276.4 278.9 283.7 287 292.8 298.9 301.6 304.3 313.3 319.8 323.7 323.9 330.8 338.4 343.5 346.9 350.4 353.6 355.4 360.2 366.5 371.3 376.6 381.6 388 392.6 395.6 400.9 406.3 412.2 415.5 417.1 420.5
343.2 345.8 347.3 337.3 335.2 326.4 310.5 296.4 284.1 270.9 257.7 247.1 237.2 226.8 213 196.7 181.2 169.3 157.9 150.9 145.6 143.7 141.8 139.7 146.6 152.3 158.5 163.9 168.8 174.1 181.5 188.7 196.7 203.8 210 215.9 223 227.8 233.9 239.2 248.5 258.3 265.2 271.6 275.7 277.3 282.8 287 290.7 296 302.3 307.8 311.8 315.1 321.4 326.9 329.6 335.3 343.2 348.8 353.2 357.9 361.4 362.6 365.5 370.6 376.3 381.7 387.7 393.5 398.3 400.7 406.3 412.1 416.6 419.2 422.6 426.3
332.5 332.3 336.7 335 325.9 318.2 303.2 288.6 275.2 261.9 251.5 237.3 226.3 217.3 203.9 189.3 175.9 164.2 153.9 147.6 142.3 140.1 137.9 142.2 148.4 154.3 159.3 165.1 170.6 177.6 183.9 191.8 197.2 204.6 210.3 217 223.3 228.9 235.3 243.7 252.8 259.5 265.6 272.4 275.8 280.8 286.2 289.7 292.9 297.4 302.2 310.4 317.1 319.8 322.1 328.5 333.1 337.5 345.8 351.3 356.1 362.1 366 367.1 370.7 374.9 379.9 386.8 392.1 397.7 404 408.9 412.9 417 421.2 423.3 427.7 433.9
321.1 317.5 322.7 327.6 314.7 308.3 294.9 278.4 263.6 252.2 241.8 227 217.1 206.9 194.8 181.7 169.1 158.4 149.7 142.5 136.7 138.6 141.7 144.5 148.5 154.2 160.7 165.1 170.7 178.2 184.3 192.6 199.1 204.4 212.1 218.1 223.5 231.3 237.1 243.8 254 260 266.6 272.1 277.9 284.5 287.4 292 295.9 301.2 305.8 311 319.9 325 329.3 332.5 335.7 340.7 347.5 352.3 357.3 363.4 368.4 370.4 373.9 380.5 385.5 392.1 396.5 402.6 409.6 414.8 418.6 422.4 425.8 429.2 433.3 440.9
308.1 304.9 310.9 318.5 308 295.1 282 264.9 252.7 243 230.4 218.7 210.8 196 183.9 172.1 160.6 151.6 145.5 136.6 138.8 142.1 143.5 148.3 152.7 157.3 163.2 168.9 169.5 177.1 184 193.3 200.2 205.1 211.4 217.5 225.9 233.8 239.1 247.4 255.2 261.2 267.3 273.8 281.3 287 291.5 295.9 298.7 305.4 312.4 316.3 320.6 327.6 332.6 335.5 337 342.1 347.7 353.5 361.1 365.7 368.4 373.4 377.6 383.1 389.5 396.2 400.4 407.8 414.2 419.4 424.2 427.6 431.8 436.3 441.6 448.7
295.6 291.5 295.5 305.8 294 280.2 266.7 254 242.4 232.1 222.1 212.3 196.8 182.6 174 162.5 153.3 146.4 140.7 135.2 140.9 142.8 146.2 149.7 157 162.4 169.6 174.9 177.7 181.7 185.5 192.7 201 207.2 213.6 221.3 226 234.9 242.2 249.9 256.8 261.9 268.7 275.5 281.6 286.4 293.7 298.7 300.8 308.3 317.8 322.9 324.9 328.3 332.3 336.8 339.8 342.3 348.4 357.1 363.5 366.5 368 374.8 378.4 385.1 392.4 398.5 404.8 412.2 418.5 424.1 428.9 432.5 437.2 443.4 449.6 455.2
280.9 278.1 280.5 280.4 273.2 262.3 247.1 232.6 225.5 220 208.6 198.1 184.5 173.4 164.1 154.3 145.1 141.2 135.2 138.5 142.4 144.3 146 151.2 159.6 164.5 174.4 180.6 181 188 193.1 195.4 200.4 205.3 210.6 222 229.9 232.5 240.4 249.1 256.1 261.9 269.2 277.1 282.6 288.6 294.1 300.3 303.4 311.5 321.2 326.9 330.3 330.6 331 335.7 340.8 342.8 350.4 358.4 364.4 366.5 371.2 375.1 379.6 386.2 395 401.1 408.5 416.2 422 427.2 432.1 437.5 442.8 449.5 456.3 462.1
268.5 264 261 257.5 251.3 242.7 230.7 218 211.3 203.3 193.7 183.4 173.9 163.5 154.8 145.5 140.3 135.7 136.5 141.5 143.2 150.6 156 156.4 160.9 169.2 179.4 185.8 190.8 195.8 200.5 202.6 207.2 211.8 215.5 220.1 221.9 232.5 238.9 246.6 253.9 261.8 268.3 277.1 284.2 288.8 293.8 300.5 305.9 313.1 322.4 328.4 332.4 333.7 334.9 336.9 340.4 342.1 350.8 358.1 364.3 367.2 372.9 376.7 382.9 390.2 395.1 402.6 410 419.3 425 430.6 436.2 442.5 447.7 454.7 462.8 471.4
255.2 252.9 246.1 236.9 232.8 224.9 212.4 203.3 197.1 189.3 181.2 171.9 163.2 152.4 144.6 139.3 136.3 133.9 140.8 143.9 150.9 155.6 158.2 163.2 166.4 174.1 183.5 189.3 193.2 200.4 205.7 210.4 214.4 217.1 223.6 228.1 231.3 234 236 239.7 246.4 254.5 265.2 275.3 282.6 289.2 295.7 303 308.9 314.5 321 326.4 331.5 334.6 337.5 340.8 344.9 349.1 353.2 359.7 364.6 366.8 373.1 377.3 381.3 389.6 395.4 403.1 411.4 421.2 428.8 434.1 440.5 447.6 453.2 460.5 471.3 478.7
246.6 241.8 232.7 222.4 219 210.9 198.4 188.2 183.6 176.5 167.6 158.3 147.4 138.5 136.1 134.6 132.9 140 143.6 150.3 154.7 158.2 161 166.9 172.7 180.1 186.9 192.4 196.5 202.9 209.4 216.1 221.3 227.4 233 235.9 238 244.1 248.8 254.4 253.3 250 258.8 271.2 281.7 289.8 296.8 304.3 309.6 313.1 318.2 323.8 330 333.9 337.6 342.4 348.1 352.3 354.5 359.6 361.4 365.5 371.5 375.3 381.8 390 395.8 405.3 413.9 420.7 430.7 438.4 445.5 451.2 460.1 470.3 477.7 488.2
236.8 230.3 221.5 213.5 206.4 196.2 186.2 179.7 171.9 163.5 151.7 138.1 131.6 135.6 134.5 135.4 140.1 143.5 146.3 151.4 156.1 161.1 166.9 171.7 177.6 184.1 190.4 195 200.1 207.4 214.7 220.8 226.6 234.3 240.6 245.3 247.9 251.1 257.3 262.2 267.1 264.4 262.1 265.6 283.3 290.2 297.3 303.8 309.4 313.7 316.8 322.9 326.7 330.4 334.3 342.7 349 352.7 355.6 356.8 361.5 366.8 371.1 378.2 381.5 387.3 394.9 403.4 410.5 419.7 430.1 439.4 449.8 459.2 466.8 476.8 488.1 498.2
225.3 216 209 203.3 194.4 184.4 177.5 168.9 161.4 150.6 133.9 136.8 137.1 138 139 140.1 144.8 145.4 149.8 154.1 159.3 163.7 168.4 175.6 182.1 188.6 194.8 200.5 206.8 211.9 218.5 225.5 232.5 239.8 246.9 251.4 254.5 259.6 264.1 269.8 274.8 277.3 278.8 272 271.8 284.4 295.8 302.5 308.4 312.8 316.9 320.4 326 331.2 336.4 342.3 349.7 353.6 354.7 356.4 362.8 368.7 374.9 376.6 378.8 386.7 392.7 401 408.9 419.6 430 440.8 451.4 463.3 473.4 485.5 496.4 507
213.4 206.2 199.8 193.3 184.6 177.3 169.1 158.9 151.3 138.7 131.3 135.5 137.7 138.7 141.5 143.8 146.1 148.5 154 161.4 164.3 168.2 173.8 179.6 184.4 194.1 200.9 204.9 211.4 218.4 224.9 230.5 237.3 245.4 251.2 254.8 260.2 265 270.8 276.9 281.1 284 285.5 285.3 281.1 279.2 282.7 297.9 306.7 312.4 315.7 318.8 327.5 335.1 340.4 344.5 349.5 352.3 355.9 359.9 361.4 366.3 369.7 373 375.5 384.1 389.2 398.5 406.7 418.3 429.5 440.2 453 466.9 479.3 491 501 513.6
201.1 200.1 191.7 183.5 176.2 168.6 159.7 150.8 141.9 131.4 134.5 137.2 138.4 141.4 143.4 146.3 149.5 152 161.1 166.5 171.1 172.2 177.6 183.2 190.6 198.4 205.5 209.9 216.7 224.5 230.7 236.1 243.1 249.7 255.3 260.6 265.9 272.5 278.5 282.1 285.1 288.6 294 295.8 294.6 292.7 285.1 286.9 298.3 305.3 312.9 317.6 325.8 335.6 342.8 343.9 346.2 349.3 353.8 355.8 357.8 364.7 366.8 368.3 373.2 381.8 389.3 397.2 404.2 414.9 426.6 438.7 453.1 469.4 483 494 506.3 521.9
196 188 181.4 173.7 166.9 159.4 149.8 142.6 132.2 132.4 136.4 137.4 140.6 142.7 144.5 146.8 150.6 155.1 158.9 162.9 167.4 174.3 180.9 187.6 194.5 201.6 208.2 213.6 222.2 229.1 234.7 240.8 249.7 256.2 261.4 266.8 274.2 281.9 285.7 287.5 289.4 296.6 302.1 304.6 305.1 303.5 300.8 297.6 296 298.2 304.4 317.9 325.1 332.9 338.8 341.5 344 346.9 351.4 354.5 362.8 367 365.4 366.8 371.7 381.3 388.9 395.2 400.3 411.4 425.1 436.8 452.9 469.9 484.3 496.7 512.8 526.8
188.3 179.8 169.2 162 157.9 150.4 142.7 134.3 128.4 136.1 136.3 138.7 141.2 143.6 146.1 148.9 153.8 157.4 163 167 174.7 181.5 187.3 195.1 200.4 206.2 212.8 219.6 225.4 231.1 239.5 246.4 255.3 262.2 267.6 273.8 283.8 289.2 291.3 293.6 293.3 303.2 308 311.4 313 312.3 311.3 311.9 312.2 312.2 307.7 312.2 324.4 330.6 333 340.4 340.4 343.1 349 355 360.3 361 362.8 365.2 369.1 379 385.7 388.6 394.6 407 420.9 432.1 448.2 467 483.5 498.3 515.5 528
183.1 175.2 161.1 150.6 147.3 140.8 134.8 127 134.9 135.4 137 138.5 142 145.6 148.5 151.7 156.5 160.6 167.7 173.7 182.1 189.2 195.4 200.3 206.1 210.2 217.3 223.2 229.4 238.5 244.6 252.1 259.9 266.9 272.2 282.1 291 295.3 295.2 300.6 304 306.4 310 314.3 318.6 318.7 318.5 321.5 323.5 324.5 324.3 322.1 322.3 324.9 326.1 332 335.6 341.7 346.9 351.7 353.7 358.7 360.5 362.4 364.8 375.4 381.7 382.9 391.5 402.3 415.8 425.1 441.6 461.7 479.4 499.4 514.9 526.4
178.1 164.2 153.9 145.6 138.7 133.1 127.9 134.2 134.7 135 137.9 139 143 146.7 150.5 155.3 159.2 164.4 169.3 177.2 186.4 194.6 201.1 205.7 210.4 215.6 222.9 229.8 237.7 245.2 251.2 259.4 265.3 272.1 280 290 296.3 298.4 304 308.8 310.7 314 316.8 316.7 322.4 324.9 325.5 329.4 331.8 334.2 336 335.3 336.4 336.5 336.8 337.3 332.5 339.6 342.2 349.6 353 356.4 357.2 359.6 362.4 370.2 373.4 376.7 386.6 400.5 410.9 418.5 435.3 455.9 472.9 488.3 510.4 523.7
172.2 158.7 150 143.2 135.9 133.6 126.5 133.9 134.2 135.1 137.7 139.7 144.4 147.8 152.6 157.4 162 166.4 173.1 179.7 187.7 197.1 203.9 208.6 215.7 224 230.3 235.2 243.9 250 257.3 265.3 271.6 277.7 288.2 295.8 300.4 303.1 311.9 317 318.4 320.4 321 319.5 328 331.2 333.2 336.5 338.5 343.5 346.8 347.8 347.4 346.1 347.1 346.5 342.8 344.9 346.2 347.5 352.9 354.3 356.1 358.9 360.3 362.7 367.9 370.3 378.9 395.1 400.5 416.2 427.4 447.8 463.1 471.5 496.2 516.2
167.3 155.6 145.9 139.6 133.8 131.6 126.9 133.2 134.1 135.7 137.7 140.6 145.6 150.3 156.9 161.6 166.9 171.9 179.1 184.1 192.9 200.4 207.6 214.1 222 230.6 237.7 243.1 250.1 255.9 263.5 270.9 276.1 286.3 294.3 300.1 303.9 312.6 319.5 324 325.8 326.2 327.2 323.9 333.1 334.7 339.5 343.4 345.9 351.2 354.2 355.8 356.5 356.6 355.8 354.6 353.6 353.1 352.7 348.7 347.5 348.4 352.5 358.5 358.7 360.9 364.4 366.5 373.8 386 393.2 406.4 419.6 434.4 450.4 460.5 475.7 499
