app/static/ascii/NH47.asc
ncols 200
nrows 200
xllcorner 240000
yllcorner 870000
cellsize 50
[rows 0 to 34 of 200, columns 0 to 77 of 200]
496.4 492.7 488.2 487.3 486.4 487.6 487.5 485.4 482.7 484 484.5 486.5 490 495.7 498.1 500.1 504.3 508.4 510.7 513.8 518.6 522.8 524.8 528.3 531.9 532.9 534 535.9 534.6 532.7 530 524.5 522.1 520.1 518.7 519.1 517.6 515.5 515.8 515.5 515.1 513.1 516 517.1 518.6 521.3 524.5 526.8 531 535.2 539.7 543.8 549 552.9 556.9 561.6 565.5 568.5 570.8 572.5 572.3 571.9 570 567.8 564.4 561.5 558.4 556.6 554.7 549.9 547.7 545.8 543.5 543.1 541.5 541.4 541.1 542.4
496.6 494.1 490.9 489.2 487.6 485.7 485.5 484.1 481.7 480.9 482.2 484.9 490 493.5 494.2 498.2 503.3 506.5 509.3 513.1 516.6 520.4 523.2 527.6 529.8 530.7 531.1 533.2 533.1 530.9 528.8 525.1 521.9 519.5 520.6 519.7 519 516.2 515.9 514.1 512.1 514.8 515.5 517.7 519.4 521.4 524.6 527.8 532.8 536.2 539.4 543.3 548.6 553.1 556.3 560.6 563.5 565.6 567 567.6 566.2 564.7 562.8 560.4 558.2 557.8 557.5 554.3 550.3 547.4 545.1 543.6 542.2 541 541 540.7 540.2 540.6
495.5 492.4 491.1 489.3 488.5 487 485 484.4 483.2 483.3 481.6 484.4 487.6 491.1 491.5 497.6 501.5 504.9 507.9 511.1 514.9 518.3 523.2 525.4 526.9 527.1 528.3 529.7 530.4 529.1 525.8 523.6 521.1 520.3 520.3 520.7 519.1 516.3 515.8 514.9 513.5 515.8 515.9 516.8 520.4 522.2 524.7 529.5 532.6 535.7 538.6 541.6 546.8 550.8 554.3 557.6 560.2 560.9 560.3 559.6 560.4 559 557.6 556.9 555.8 554.4 551.7 551.3 548.1 545.9 543.2 540.3 540.9 540.6 540.7 540.4 539.5 541
494.6 492.7 490.7 490 488.4 487.2 486 484.8 484.1 483.4 483.2 481.8 485.5 487.8 491.6 496.3 499.3 503.5 506.9 511 514.5 517.5 521.6 523.4 524.5 523.7 525.3 525.7 524.1 523.5 521.5 520.2 518.7 518.3 517.4 518.3 516.9 516.5 516.3 514.8 513.1 515.9 517.9 519.9 521.4 523.7 526.5 530.6 533.4 535.2 537.8 539.5 542.7 548.5 551.9 554.3 555.7 555.6 554.7 554.4 554 554 553.6 551.4 549.2 548.3 547.2 545.7 544.4 541 540.4 539.8 540.9 540.7 538.5 539.4 540.9 540.8
493.3 491.5 490.8 489.9 487.7 487.6 485.3 484.4 484.1 483.8 483 479.8 483.6 488.4 489.8 495 498.6 501.4 504.8 508.4 512.3 517.2 520 522.1 521.9 522.4 522.4 521.9 521.9 520.3 517.6 517.6 515.9 515.2 514 513.5 512.8 512.1 510.1 509.8 514.6 519.3 521.4 522.8 524.6 525.3 528.5 530 533.1 535.4 537 539 541.9 544.3 548.3 550 550.4 549.8 551.3 551.1 549.6 548.9 548.5 545 544 541.8 540.4 539.6 538 537.1 537.3 539.6 540.9 539.8 538.9 539.7 540 541.6
492.5 489.6 488.5 488.5 488.1 484.8 484.1 483.3 484.5 483.1 483.1 481.7 483.1 485 486.5 491.6 495.7 498.4 500.9 505.1 509.6 513.8 518.6 520.9 520.3 519.6 520.1 520.1 517.6 516.2 514.3 514.8 513.3 511.3 510.5 509.4 508.5 508.4 509.6 514.9 520.5 523.3 526 526.4 527.6 528.4 529.7 531.7 532.8 534.2 536.1 537 539.9 540.8 543 544.7 544.8 545.6 545.5 544.6 542.4 542.4 540.2 537.3 537.3 537.7 536.7 535.3 534.8 535.5 537.2 537.9 539.9 537.2 537.7 539.2 541 540.8
492.3 490.5 489.5 488.8 485.7 487.6 485.7 484.9 482.5 484.2 482.7 480.1 481.9 481.9 483 485.8 489.3 493.2 496.8 501.2 507.5 512.3 515 517.9 519.3 518.3 517.5 516.3 514.1 514 511.1 511.1 510.4 508.1 508 507.2 505.3 508.7 514.3 520 524.7 527.3 529.4 529.8 529.1 529.5 530.2 531.2 532.4 533.4 533.7 535.7 537.5 538.4 538.4 540 538.2 537.5 538.3 537.2 536.2 532.9 531.9 531 531 531.4 531.4 532.3 531.8 533.9 536.1 536.9 536.3 536.1 536.7 539.2 541 542.1
493 492 490.7 486.5 489.2 488 487.1 484.8 483.8 483.1 482.7 480.6 480.6 482 482.6 483.8 485.7 487.2 492.4 498.2 504.3 509.8 511.8 513.7 515.9 515 514.1 513.7 512.6 510.5 508.9 507.2 506 505.9 505.5 501.9 507.8 513.1 517.2 522.5 526.7 529.5 530.9 530.3 529.6 531 531.3 532.1 532.7 531.8 532.5 533.3 534 533.9 534.6 533.7 531.6 530.2 527.8 525.9 525.3 524.1 524.1 524.5 526.3 527.3 527.6 529.2 530.8 533.5 534 535.2 535.8 535.9 536.2 538.4 539.7 540.6
494.2 492.1 490.5 488.2 489.7 488.3 487.4 485.3 483.8 481.4 481.6 480.1 479.6 480.7 481.6 481.9 482 484.3 488.9 493.5 498.4 502.6 506.8 510.7 510.2 511.3 512 510.5 510.8 509.1 506.8 503.9 504.1 503.1 502.7 502.8 509.7 515.1 519.8 523.9 527.5 529.9 530.4 529.5 530.9 532 532.1 532 530.7 530 530.1 530.5 530.5 531.3 528.3 526.1 523.8 522.5 519.9 516.5 515.7 515.4 518.7 519.6 522.6 524.9 527.2 529.5 531 532 534.1 534.2 534.3 534.2 536 537.5 537.8 536.9
493.6 490.9 491.4 490.8 489.8 488.2 487.3 486.3 484.4 482.5 481.7 479.7 479 480.8 481.4 479.8 480.3 482.4 485.9 489.7 493.6 497.8 502.7 505.3 506.2 510.2 510.9 509 507.3 505.3 503.3 500.6 501.3 501.6 498.5 505.7 511 517 520.5 524.4 527.2 528.9 529.2 529.9 530.2 530.3 530.9 530.7 528.6 527.4 527.7 528.1 526.5 525.5 522.1 518.7 516.5 515.3 511.9 510.9 509.6 509.8 511.3 515.7 517.5 520.8 525.2 527.5 528.3 528.5 530.3 531.7 531.7 531.1 532.6 533.2 532.7 531
494.3 493.2 492.5 490.6 489.5 487.8 486.9 486.5 483.8 483.9 482.9 482.2 480.3 478.5 478.8 479.5 479.6 481.9 483.3 486.9 491.7 493.9 496.9 499.6 502.3 505.3 505.7 505.7 503.6 501.9 499.7 498.4 499.2 496.9 502 506.8 513 518.2 521.6 525.1 527.3 528.8 528.8 529.5 530.1 529.5 529.4 528.2 525.8 525.7 525.3 525.6 524.2 520.9 517.1 514.5 511.2 508.3 508.1 505.8 505.8 505.5 508.1 512 516.6 520.6 524.7 525.7 525.6 526.2 525.2 525.4 526.2 524.9 528.1 527.2 524.4 523.4
496.1 494.5 493 491.9 490.7 489 487.9 487 486.1 484.4 482.2 482.9 482.3 482.2 480.2 479.2 477.4 479.9 482.2 483.9 487.2 489.8 492.9 494.9 495.3 495.7 496.4 496.7 496.8 496.2 495.8 496.9 495 501.4 505.9 510.1 514.7 518.2 522.2 524.5 526.9 527.4 528 528.2 529.2 529.3 527.5 526.3 524.6 523.1 522.7 522.2 519.7 517.1 512.8 510.4 508.9 507.1 506 505.7 503.8 501.1 505 509.8 513 516.5 520.4 519.6 520 520.5 520.1 520 520 519.6 520.4 520 519.8 517.6
497.2 495.9 493.6 492 490.5 489.4 487.5 487.4 486.4 484.1 484.3 483.6 482.6 483 481.4 478.6 478.7 480.1 480.6 481.6 484.7 485.5 488.5 490.4 490.6 490.2 491.8 491.7 492 491.3 489.2 491.9 499.1 503.6 508.1 512.3 515.7 519.4 522.8 525.1 526.1 526.4 527.4 528.1 527.7 527.4 524.2 522.5 521.9 521.2 521.5 520 518.4 513.6 509.3 508 508.1 506.4 504.2 503 502.3 499.6 502.2 505.3 507.8 511 511.9 512.6 513.5 512.8 513.2 513.5 512.7 512.4 513.1 514 515.2 511.7
498.6 496 494.7 493.2 490.7 489.6 488 487 486.9 486.3 484.4 482.7 482.7 481.3 480.6 479.8 477.7 479.2 479.9 480.9 482.3 483.5 484.8 485.7 486.3 487.6 488.6 488.6 488.7 488.6 494.1 497.6 500.5 505.4 509.5 514.2 518.1 520.7 522.8 523.8 525.8 526.6 527.4 527.5 526.5 525.8 523.2 521 518.6 517.4 518.6 517.3 513.4 509.7 508 507.6 506.3 506.2 504.1 501.2 499.6 498.8 498.8 501.4 503.1 505.4 505.7 505 505.1 505.3 505.4 505.6 504.1 504.6 505.5 504.7 506.6 500.1
500.1 497.3 495.4 494 492.5 490.8 489 487.7 486.7 486.4 485 483.2 481.8 480.5 480.5 479.6 478.3 477.2 478.2 479.3 481.3 482.2 483 483.8 485.1 486.4 486.2 486.4 486.3 485.9 494.8 497.8 501.9 506.3 510 515.1 518.1 520.4 522.2 524.1 525.6 526.6 526.6 526.5 526.3 523.9 521.4 516.5 513.5 511.7 511.8 509.2 507.5 506 507.1 507.3 506.8 505.8 504 501.3 501 499.5 498.3 496.8 497.1 498.4 498.3 495.8 497.7 498.7 495.4 496.3 494.6 496.5 497.2 496.6 492.7 488
503.3 499.8 497.7 495.5 493.3 490.4 488.5 488.4 487.5 485.8 483.2 484.2 482.4 482.1 481.5 480.7 479.1 477.9 476.4 477.7 479.9 480.2 480.5 480.6 481.3 482.1 483.8 482.4 487.5 492.1 494.9 498.7 501.6 505.8 509.8 513.4 515.9 518.1 521.3 523.3 524.1 525.2 527.7 527.7 526 521.9 515.4 510.5 508.5 509.1 508.9 506.6 505.2 506.2 507.4 507.6 507.9 507.3 504.7 504.4 504 503 499.2 496.9 494.2 493.4 490.4 488.6 490 490.3 487 486.5 485.7 485.7 487.4 488 485.1 480.8
506.6 502.8 500.3 498.5 494.5 492.4 489.4 488.4 487.6 484.4 485.8 485.3 484.3 483.3 482.6 481.8 481.1 479.6 478.2 477.8 478.6 479.2 479.7 480.1 480.2 479.9 482.3 486.9 489.2 491.5 494.6 498.1 500.9 504.1 508.7 511.7 515.5 519.2 521.2 523.5 523.6 524.8 526.1 526.4 521.7 516.8 511.3 506.5 505.2 504.9 504 503.6 505 508.2 509.6 510.3 510.6 512.6 510.4 509.1 508.5 506.1 502 496.2 491.6 489.5 486.7 484.2 482.4 480.7 480.3 482.1 482 477.7 477.8 477 477.7 476.1
511.8 507.1 503.7 501.2 497.8 493.6 490.4 489 486.4 488.3 487.8 486.5 486 484.7 484.6 483.4 481.3 481 479.7 480.1 479.4 475.7 478.6 478.5 478.2 480.5 483.1 486.2 487.5 491 492.4 496.6 498.4 503 505.5 508.9 513.9 517.3 520 522.3 523.2 524.8 524 521 516.7 513.3 507.4 503.8 501.4 501.3 503.1 504.2 508.3 512 513.5 514.1 515.5 515.1 513.7 512.7 509.7 505.6 501 496.4 491.9 486.7 481.6 480.6 477.5 474.4 474.1 474.7 474.7 470.5 469.8 467.1 466.1 465.8
517.1 512.1 506.9 502.7 499.4 494.7 493.2 490.7 488.4 490 488.4 488.4 488.1 486.8 485.9 485.9 485.1 484.3 482.1 480.9 480.1 478.9 476.1 476.9 478.7 480.1 481.6 483.7 486.4 491.1 490.4 493.8 496.4 499.3 503.1 507.2 510.3 514.9 517.5 520.9 522.6 523.7 521.7 518.2 513.9 509.7 503.7 499.9 497.8 500.4 504 506.5 511.1 515.1 516.9 518.9 519.9 519.5 519.2 517.3 513.1 506.2 503.8 498.8 492 486.3 480.7 477.3 473.1 468.8 468.3 468.1 466.9 465.2 463.3 460.5 462 463
522.3 516.9 511.7 507 501.3 498.5 496.2 492.3 491 490.9 490.6 490.1 490.5 488.9 488.5 487.3 486.8 485.5 483.8 482.1 480.6 479.3 475.3 477.3 479.3 479.6 479.8 481.8 484 488.3 486.8 492 494.8 496.8 499.5 505 509.6 513 515.6 518.1 519.6 519.2 518.4 515.1 510.4 506.8 500.4 495.8 497.4 500.4 503.8 508.6 513.3 516.8 520.5 521.7 521.4 520.8 520 517.6 513.5 507.3 502.6 495.2 488.8 483.5 478.5 476 470.1 465.4 465.1 463.1 463.3 463.3 461.6 458.7 458.4 458.3
520.5 521.9 516.5 510.7 505.5 502.1 498.7 496 492.7 493.5 492.4 491.8 491.1 492 492.4 492.1 492.9 490.7 488.4 485.2 482.5 480.4 478.7 474.9 477 478.8 478.5 479.4 480.8 482.6 486 490.7 492.2 492.4 498.4 502.5 506.3 509.4 512.4 515.6 516.4 516 514.6 511.4 507.2 502 496.2 493.2 497.2 500.4 504.4 509.7 513.8 519.2 523 525 523.8 519.8 518.9 515.6 511.5 506.3 499.7 492.4 486.8 481.1 476.8 474.3 467.6 463.5 461.2 458.9 458.5 461.5 459.3 453.1 456.7 456.5
521.7 516.7 515.9 511 506.8 504.7 502.6 499 499 497.3 497.4 496.7 497.1 497.5 498.1 498.2 499.3 497.3 496.4 493.4 489.4 483.2 478.8 477.3 474.6 476.3 477.9 478.8 477.8 479.8 482.5 489.2 489 492.4 495.2 499.3 502.3 505.8 510.5 512.5 512.2 509.5 508.4 505.2 502.4 496.6 492 490.9 496 500 504.1 508.7 513.4 519 522.9 524.5 523.9 520.8 516.9 514.2 508.2 503.1 497.9 492 487.9 481.4 474.4 469.4 464.1 461.8 456.6 455.7 456.3 455.6 453.1 451.4 453.1 452.4
521.8 519 513.5 510.6 508.1 505.8 501.8 502.1 502.2 501.8 503.6 504.5 506.7 506.8 508.2 506.8 508.5 506.4 503.9 500.4 495.6 488.8 483.8 481 476.7 475 476.5 477.5 478 478.9 480.7 485.5 486.3 488.2 490.9 492.3 498.7 502.7 505.5 506.9 506.2 504.6 501.6 500.1 496.7 493.1 489.6 489.9 493.7 497.2 502.2 507 512.3 517.2 522.2 525.3 524.6 522.1 518.2 513.2 508.3 503 497.4 493.1 484 477.2 470.3 465.6 461.9 456.6 455.1 455.2 456.1 454.4 451.8 450.7 451.8 452.2
523.2 519.3 515.1 513.3 511.3 508.8 505.4 508.6 508.8 509.4 510.3 511.4 513.5 514 514.6 514.6 516.4 515.3 512.4 510.4 504.5 497 494.2 488.5 484.2 476 474.1 474.6 476.4 478.5 481.2 482.4 485.4 486.1 486.4 489.8 493.2 494.9 498.7 501.6 500.5 498.5 498.5 497 496.1 490.6 487.8 488.1 491.7 495 499.8 504.3 509.4 515.9 519.1 522.3 522.5 520 516 511.2 505.9 502.3 497.6 489.4 477.7 469.2 465.7 464.3 459.7 457.3 455.5 452.7 454.2 453 451.4 453.8 453.9 453.9
524.4 519.5 516.6 513.7 511.3 508.1 511.9 513.7 513.8 514.4 516.4 521 523.2 522.6 523.4 522.4 523.2 522.1 518.5 514.7 508.8 503.8 499.3 494.2 488.3 481.6 475.4 474 474.9 477.9 479.7 481.1 481.6 483.2 483.7 486.4 488.5 489.7 492.6 494.7 495.7 494.9 495.7 493.2 490.7 486.3 484.1 487.3 490 492.8 495.9 501.6 506.5 512.2 515.7 518.2 519.1 518.1 512.2 508.3 505 501.4 495 484.6 475.5 466.1 461.4 461.7 457.6 456.5 453.8 454 452.1 453.8 454.6 454.4 453.6 452.5
524.7 519.3 516.6 514.2 512.6 511.4 514.5 517.6 518.7 521.8 522.9 525.6 528.7 528 527.6 529.1 528.8 527 524.9 519.9 515.5 508.2 504.3 499.8 493 486.4 478.7 474.5 473.7 477.6 479.1 480 479 480.1 481.9 482.1 484.7 485.1 487.4 487.9 486.9 487.6 487.4 486.5 484.1 482.1 483.2 484.7 487.8 490.6 493.8 497.7 502.1 506.9 510.8 513.9 515.5 514.4 511.8 507.6 501.4 498.1 491.1 482.8 473.8 465.5 459.9 458.5 455.9 455 452.7 451.6 454.7 454.9 455.6 455.5 455.2 458.3
525.1 519.5 517.6 515.1 513.8 515.9 516.9 521.1 523.2 526.5 528.1 530.1 532.8 533.9 534.9 535.4 535.3 533.3 528.5 526 519.6 514.4 508.3 502.2 496.3 489.8 482.4 476.9 472.9 476.4 477.8 477.1 478.3 479.6 479.7 479.8 480.6 482.1 481.3 481.9 481.1 481.8 480.8 480.1 480.2 480.4 482.5 484.4 486.8 488.8 490.9 493.9 497.8 501.8 505.5 508.2 510.7 512.1 509.6 503.9 497.8 494.4 487.5 477.8 470.7 462.8 458.6 456.8 454.7 452.3 455.3 455.6 454.9 455 457 457.9 459.4 460.7
523.8 520.1 520.1 516.8 519.4 519.3 520.8 524.8 528 530.5 532.8 534.6 535 536.7 538.6 538.8 539.6 537 531.7 529 520.8 515.3 511.8 504.6 496.6 491.4 483.4 479.2 477.3 473.9 475.3 476.5 477.8 477.6 478.4 479.2 478.5 479 479.4 479.4 478 477.9 477.8 478.3 478.3 480.9 483 484.1 485.9 487.5 488 490.3 493.1 495.2 497.6 500.7 501.9 502.1 499.2 495 491.2 490.1 483.5 473.9 468.4 462.2 456.2 455.7 452.8 454.8 456.7 456.6 455.8 457.5 459.7 461.4 461.8 462.7
526.2 524.3 521.6 520.9 523.7 525.5 526 528.6 531 532.9 535 536.9 538.2 539.9 541.9 543.5 543.4 541.3 539.1 532.5 526.2 520.9 511.8 506.3 497.5 490.5 484.1 480.7 477.7 475.4 472.9 476 476.4 476.5 476.5 477.7 477.2 476.9 477 477.2 477.1 474.9 475.2 474.6 476.5 479.1 481.2 482.7 484.9 486.4 486.4 488.1 489.6 489.9 489.9 492 493.3 493.6 491.4 487.7 484.2 481.9 477 470.3 466.8 460.7 457.4 454 455.9 457.2 457.5 458.7 457.2 460.7 462.2 463.3 464.3 465.6
529.1 528.5 527.3 527.2 527.1 528.6 529.4 531.6 532.9 535 536.4 538.7 540 542.3 545.5 545.4 545 543.3 541.1 537 531.6 524.9 517.8 512.4 499 492.9 486.7 481.5 477.6 477 473.5 473.7 474.6 475.1 475 475.8 475.9 475.8 476.3 475.1 475.4 474.4 474.1 473.2 476 477.4 479.2 481.1 482.7 484.7 486.1 486.2 485.8 486.3 484.6 483.7 486.3 486.4 485.4 481.1 479.3 476.7 473.7 468.8 466 461.1 457.2 454.1 456.4 457.6 460.4 460.5 459.9 460.5 463.1 464.5 465.3 468.1
533.6 532.5 531.7 532.7 532.5 532.9 533.6 534.7 535.8 537.4 539.6 540.6 542.3 545.3 546.4 546.4 545.9 545 541.2 539.1 533.7 528.7 519.7 509.6 499.1 493.9 488.6 482.3 478.7 477.2 475.6 470.4 474.8 474.4 474.6 475.4 475.1 474.3 474.1 474.9 474 473.2 473.3 472.9 474.8 476.4 478.4 479.2 481.4 483.4 484.4 485.1 483.8 483.5 480.4 480.4 479.1 477.7 477.4 476.7 476.9 476.2 472.5 469.1 464.5 461.6 456.9 456.5 458.1 459 460.6 461.1 460.7 462.4 464.2 466.1 468.8 471.8
538 536 535 536.5 536.9 536.6 537.7 538.9 539.7 539.5 541.2 543.3 545.6 546.6 546.6 547.4 545.3 543.3 541 536.9 531 524.7 518 511.1 503.7 492.7 486.2 482 478 476.4 474.3 471.2 471.7 474.3 474.2 474.6 474.1 473.1 472.5 473.3 473.2 471.7 471.8 472.2 473.5 476.6 477 477.1 479.4 480.7 483.1 485.1 483 481.4 479.9 476.7 476.5 474.2 473.1 473.7 473.9 473.4 469.9 467.4 463.7 462 456.9 458.6 459.2 460.3 460.8 461.1 463.1 464.9 467.7 471.3 473.6 475.6
539.2 539.5 539.8 539.7 540.1 541.4 541.7 541.3 542.6 542.6 542.8 545.3 546 547.4 546.3 545.5 543.4 542.1 539.6 535.3 532.3 525.8 517.4 508.5 500.3 491.1 485.5 481.4 477.4 476.3 474.4 470.6 472.7 474.1 473.6 473.5 473.1 472.4 472.5 472 472 471 469.9 471.3 472.4 473.8 475.4 475.9 475.9 478.8 480.4 482.7 481.7 478.7 477.8 475.8 473 470.6 468.3 468.7 469.1 467.9 465.5 464.3 461.6 461 458.5 455.9 459.8 460.8 462 463.7 464.6 468.8 471.7 474.8 476.6 478.4
544.3 542.9 543.3 543.4 544.3 544 544.6 543.3 542.9 543.3 543.2 545.4 546.5 547.3 545.1 543.4 541.6 539.6 536.7 533 530 522.1 515.5 507 499 490.3 484.7 483.7 478.7 477 475 473 469.5 471.6 471.1 472.7 472 471.9 471.2 471.2 471.6 470.4 468.9 470.1 471.5 473.2 473 473.5 474.3 475 477.6 478.8 477.2 475.8 474.8 473.2 470.7 468.4 466.4 465.6 463 461.9 460.9 461.6 460.3 458.6 456.5 459 460 462 464.6 465.4 469.5 472.2 475.8 477 477.4 479.1
548.9 547.1 547.7 547.5 547.3 546.5 544.6 543.7 543.8 543.6 543.6 545 545.9 545.3 543.4 541.4 539.4 536.3 532.4 528.8 524.1 516.6 509.4 503.6 495.9 489.7 487.6 484.5 480.2 476.8 473.4 473 471 469.1 471.1 471.1 472 471.5 471.5 470.3 470 470.8 469.2 468.2 469.1 470.7 470.9 470.9 471.2 472.4 474.2 474.8 473.9 473.5 473.1 472.6 469.4 467.7 465.4 465.2 461.7 459.8 459.6 458.4 457 460 461.1 460.8 462.7 463.8 466.7 471 474.2 476.5 478.7 479.3 482.2 483.1
