app/static/ascii/NH48.asc
ncols 200
nrows 200
xllcorner 240000
yllcorner 880000
cellsize 50
[rows 70 to 104 of 200, columns 78 to 155 of 200]
450.2 457 464.2 471.3 476.4 481.9 487.4 493 496.4 500.9 506.1 509.5 511.4 512.2 509.8 507.9 506.7 503.7 498.8 488.8 481 470.4 457.3 445.4 432.8 420.9 415.9 411 405.5 397.1 395.5 393.4 388.3 385.8 387.4 387.1 379.3 367.4 364.6 360 349.1 337.5 320.5 311.4 298.1 289.5 285.1 280.9 279.6 276.8 269.4 262 257.6 254.3 252.6 242.7 233 204.6 185.2 192.7 216 241.5 268.6 292.1 306.6 319.4 327.6 332.7 340.5 348.2 352.2 354.8 348.4 351.2 353.5 355.9 358.5 360.2
459.1 466.6 474.5 480.4 486.8 492.4 497 500.2 504 507 508.9 511.3 511.6 513.5 515.4 518.2 521.4 521.4 513.4 505.3 496.4 487.2 478.8 468.7 456.8 443.5 436.6 438.5 433.5 424.3 420.6 418.2 410 406.3 405.5 399.2 387.3 380.6 372.8 365.4 352.6 332.9 316.8 307.4 299.9 294.5 287.3 284.1 284.2 280.9 273.8 264.5 256.2 251.6 249.6 243.7 233.5 208.6 187.3 191.9 210.4 234.9 259.6 282 296.9 307.9 315.7 322.3 331.4 338.4 343.6 338.2 341.1 344.2 348.8 354.3 357.6 360.8
470.6 478.3 485.2 491.6 497.3 501.5 505.3 508 510.4 512.4 513 513.9 515.6 517.2 521 524.7 528 528.2 526.1 521 518.1 507.2 495.1 485.3 477.4 470.3 466 461.4 452.3 445.3 440.2 434.2 426.7 421.3 411.5 403.2 394.2 388.1 378.2 361.5 345.4 326.9 316.7 306.7 301.5 297.8 292.9 295.2 290.2 286.3 277.7 269.8 260.7 252.9 247.2 246.8 239 218.8 198.7 188.1 207.3 230.9 253.8 273.1 289.5 300 306.7 312.8 324.3 331 336.6 335.1 335.9 340.9 346.2 352.8 356.1 360.7
481.7 489.8 497.4 503.5 509.8 513.9 517.5 520.3 522.6 523.8 524 524.9 525 524.1 525.8 527.4 528.8 529.6 529.4 525.9 522.1 514.2 505.4 495.3 487.1 481.4 475 467.4 457.4 450.5 443.7 437.5 430.9 422 414 406.1 397.8 387.4 374.6 358.2 343.2 333.3 319.5 311.8 304.9 300.5 298.5 297.5 294.2 288.4 279.8 275.8 268.1 259.1 252.8 244.1 243.1 228.4 202.5 193.7 204.2 227.9 250.8 267.4 284.9 290.6 298 307.5 314.7 322 326.7 328.3 334 340.2 346.1 351 355.1 359.7
492.2 500 509.1 517.4 525.2 530.6 533.1 534.6 533.3 531.9 529.4 532 535.4 531.9 528.7 528.7 530.4 531.4 531 527.2 523 516 507.3 498.3 490.9 482.7 474.6 464.4 455.7 449.5 444.3 438.5 431.1 426.1 420 409.6 399.4 387.4 371.7 357 347 333.2 324.7 316.8 306.7 304 303.4 299.4 293.6 289.1 278.3 271.2 264 259.4 253.2 243.3 243.1 237 220.6 194.6 198.7 223.3 245.6 264.3 277.8 282.9 291.5 303.1 311.9 313.4 320.7 325.7 333.7 339.1 344.2 348.7 358.4 362.8
505.3 514 524.8 535.4 540 540.2 540.3 538.9 536.6 533.7 535.3 538.1 534.3 529.6 527.7 528.6 528.5 527.9 528.1 524.8 518.3 510.8 502.4 494.1 485.2 475.7 467.7 459.1 452.1 446.8 442.7 437 431.4 424.8 416.3 406.7 395.3 380.3 368.8 356.7 348 332.7 325.2 316.9 309.5 305.6 302.7 298.4 294.9 285 277.3 270.2 264.3 260.8 253.4 243.8 238.4 234.8 225.5 198.9 196.5 219.7 241.3 258.3 268.5 280.6 285.7 293 306.6 309.7 321.2 321.4 331 336.1 341.9 349.1 356.2 362.2
516.5 529.5 540.8 548.2 550.2 548.9 544 541.8 538.6 534.6 532.1 530.8 527.3 525.1 525.4 525.6 525.5 522.7 518.1 513.7 508 499.1 490.8 482.2 473.2 464.2 458.9 453.3 446.7 442.3 437.2 431.4 425.7 418.3 409.1 399.2 388 375.2 363.2 354.8 340.4 331.7 325.5 314.9 307.5 302.7 295.1 293.2 285.6 280.4 271.2 263.9 259.7 257.4 250.7 245.8 238.5 236.4 213.7 194.3 195.4 213.2 231.7 248.1 261.3 271.1 280.7 289.9 300.2 308.6 319.1 315.5 324.3 333.4 342.6 347.3 354.3 361.5
527.5 537.4 546.1 550.3 550 548.7 545.5 543 540 537.5 533 529 526.8 524.1 522.3 520.4 517.3 513.1 506 499.6 493.3 486.5 477.2 468.6 460.4 454.8 449.6 445.5 440.5 434.4 429.6 424.9 417.7 410.8 401.2 389 379.4 368.5 358.5 347.7 339 330.1 324.4 314.9 306.2 300.5 295.1 288.2 282.4 276.5 266 261.4 255.1 254.2 246 246.1 239.4 232.5 215.7 198.2 200.7 207 221.2 238 250.8 265.6 277.9 286.4 293.7 301.3 307.6 317.3 323.4 327.8 335.2 342.5 354.8 363.3
531.4 538.9 545.6 549 548.8 547 544.7 542.2 539.8 536.9 531.1 525.9 522.8 519 515.9 511.1 506 500 493.1 485.7 477.9 471.4 464.4 456.1 447.8 443.1 439.8 435.6 430.4 424.4 419.3 412.9 406 399.1 388.7 380.6 372 363.7 352.4 342.3 333.2 325.6 316.5 310.6 302.2 294.3 287.3 278.6 278.5 273.7 260.2 254.3 250.6 248.4 240.6 238.7 237 231.4 213.4 202.8 211.7 217.1 212.7 228.8 244.4 259.7 273.7 282.1 290.5 299.5 308.9 321.2 327.8 330.4 340.9 346 354.4 365.6
534.4 540.8 546.7 546.9 544.9 543.3 540.6 537.8 534.9 531.1 525.9 519.6 514.1 510 505.4 498.9 492 483.9 476.2 468.9 462.6 454.9 448.7 443.2 436.8 432.4 427.3 423.5 417.3 411.5 403.9 398.3 391.9 385.5 379.8 371.5 364 353.8 343.9 334.2 325.7 317.4 310.2 303.7 296 286.9 277.9 273.5 273 269.6 258.9 254.2 252.4 244.6 239.6 227.5 217.5 208.2 207 211.8 217.4 226.7 219.5 224.1 242.4 258.9 274.5 284.3 289.8 301.4 314.6 323.4 329 332.6 343.6 350.9 358.5 369.2
540.9 543.8 544.1 542.1 539.9 537.3 533.4 530.4 527.7 523.1 517.2 511.2 505.5 499.8 492.5 485 477.8 469.4 462.1 455.7 448.6 440.7 435.5 430 423.8 418.8 413.9 409.1 402.9 396.6 390 385.5 380 375 369.6 361.9 353.2 345.3 336.1 325.6 317.9 310 301 294.7 286 279.4 271.7 266.2 264.9 262.3 250.7 248.4 247.4 238.9 223.1 212.7 212.7 212.9 215.5 224.7 228.9 236.2 230.5 222.8 241 256.5 273.2 283.5 292.2 308.5 316.8 325.9 327.8 338.2 346.4 351.3 362.3 370.6
544.4 542.8 539.6 537 533.9 529.7 525.7 520.7 516.5 511.5 505 498.3 491 483.4 476.5 469.3 461.3 454.7 449.7 443 436.3 429 423 416.8 410.9 404.4 399 393.4 389.2 383.3 378.1 373.1 368.3 363 357.3 350.4 344.1 336 326.6 318.3 310 301.4 293.5 286.4 281.9 274.7 267.2 265.1 263.6 256.7 243 240.3 233.2 220.1 217 226.9 226 224.7 228.1 234.7 234.8 239.9 240.2 227.1 233.5 253.5 268.3 282.7 291.3 306.1 311.7 320.9 328.2 338.8 346.1 354.1 363.5 373
542.5 538.9 534.7 530.4 525.8 520.9 515.4 508.8 501.9 497.3 491.1 483.9 475.4 467.6 461.7 454.3 447.4 442.2 436 430.1 421.7 414 408.8 402 395.8 390 385.7 381.2 377.7 370.8 365.7 361.3 355.6 349.6 343.4 338.5 330.9 323.8 316.2 305.7 298.9 292.7 285 278.7 273.4 265.3 261.6 258.1 254.8 249.3 236 223.5 220.4 226.2 235.1 233.5 233.5 235.9 238.2 235.9 239.9 240.2 242.2 231.5 230.5 246.4 262.7 276.3 287.8 302 310.2 316.8 328.9 339.2 343.5 355.4 365 376
537 532.2 527.3 522.1 516.8 510.5 503 496.2 488.6 482.3 475.7 468.5 460.9 454.1 447.5 438.8 433.5 426.3 419.7 412.5 405.2 398.6 392.5 387.6 382.5 377.5 372.9 368.7 363.4 358.4 352.7 347.3 342.1 336.2 330.5 324.2 316.4 310.3 301.4 296.1 287.4 282.5 278.6 273.2 267.3 261.3 253.9 246.9 241.2 231.7 223.3 225 230 235.2 237 240.6 245.3 249.6 249.8 247.8 247.3 245.8 242.6 239.9 228.9 238.8 258.5 273.3 284.3 297 308.8 317.1 329.4 337.3 346.7 355.7 365.7 373.1
529 522.6 516.9 511.8 505.6 497.1 489.3 482.3 475.2 468.7 462.1 453.3 445.6 436.9 429.2 421.6 415.7 408.5 403.2 398.2 392.3 385.5 380.3 376.2 371 366 361.3 357 350.4 344.6 339.8 333.7 329 324.6 316.5 309.9 302.4 294.8 291 287.2 277.7 272.2 266.4 261.7 255.1 248.9 241.1 234.9 230.8 228.2 234.8 237.5 238.5 241 248.2 254.8 259.9 263.6 260.6 258.3 256.5 252.1 246.8 244.1 234 232.4 249.9 265.7 279.5 292.7 307.1 316 328.3 338.1 348.5 356.6 359.3 368.5
516.5 509.3 503.5 496.1 488.7 481 474.9 467.4 459 452.1 444.9 437.1 429.3 421 413.3 406.2 399.5 393.7 388.7 382.4 377 371.5 367.3 361.7 357.5 352.5 347 342.1 338.1 332.5 326.4 320.4 316.3 311.8 306 300.5 292.4 288.2 286.1 281.8 276.1 268.7 260.8 254.9 251 242.7 234.2 230.6 235 240.2 242.9 244.7 248 253.7 260.6 271 276.2 276 271.2 270.6 265.5 258.9 254 245.5 234.6 229.8 242.4 262.6 276.2 291.1 304.1 312.9 329 337.6 345.4 350.7 353.7 361.8
501.5 494.4 487 478.8 471.7 464.9 458.8 450.9 443.6 436.4 429.2 420.8 412.7 404.2 396.6 390.8 384.7 378.8 373.8 367.8 362 356.5 353.2 346.9 343.4 340.2 336.2 333 327.7 321.7 315.3 309.9 304.7 297.2 294.2 289.3 285 278.6 275.4 271.2 265.6 258.7 252.7 247.4 238.9 234.8 236.4 239.3 244 246.8 250.4 255.6 261.5 270.1 278.4 288.6 292 284.2 282.7 280.6 272.9 266.4 260.5 245.3 240.1 234.3 237.5 254.6 273.7 286.3 298.3 309.8 322.5 331.9 340.9 346.2 347.7 353.7
484.8 478.1 469.7 463.4 455.2 448.1 440.6 433.5 424.5 418.1 410.1 401.7 394.8 386.8 380.4 375.5 369.1 363.5 356.5 350.8 346.2 340.5 338.1 333.1 330.5 326.7 323.5 321.8 315.6 306.3 302.1 299 295.6 289.6 284.9 279.2 275.8 269.4 266.2 261.5 255.5 250 243.9 237.8 237.3 240.3 243.2 246.7 250.7 260 265.2 268.6 277.9 283.1 292 301.8 305.7 298.6 297.2 289.5 277.6 272.5 261.5 249.2 242.8 239.1 233.6 252.2 267.4 281.6 293.4 306 314.8 325.7 332.1 337.3 342.2 346
467.8 461.7 454.7 446 436.5 428.7 419.9 412.5 405.3 399 393 384.1 378.1 370.3 364.1 358.9 353.7 346.3 339.8 334.4 332.1 326.8 324.9 321 317 314.3 313.6 310.1 303.9 295.6 293.1 290.3 285.7 279.4 273.1 269.8 267.5 261.5 256.5 252.2 246.6 241.8 240.1 241.9 243.8 246.1 250.7 256.4 263.7 269.2 279.6 288.9 293.8 303 306.5 309.1 307.3 311.3 307.7 298.6 284.9 274 263.4 254.9 246.4 242.5 235 248.6 263.6 276.7 290.2 298.9 307.3 314.9 324.9 329.1 335.4 340
449.3 441.7 433.9 425.5 417.7 408.5 401.7 394 387.4 381.7 375.3 368 359.3 353.8 345.4 341.5 337.6 329.5 323.6 321.6 320.5 315.5 313.4 311.2 307 302.7 302.4 298.9 292.9 286.9 284.9 281.8 276.1 271.2 266.1 262.1 257.9 253.3 247.7 245.2 244.1 246.6 248.3 248.3 251.9 258.9 266.9 272.1 279.5 288.8 296.1 301.8 308.8 316.9 316.4 316.4 320.7 321.6 312.5 302.3 291 280.4 266.8 261.1 255.8 248.9 237.8 243.2 261.1 272.7 285.6 295.4 303 311.6 319.1 322.7 328.3 332.4
428.9 419.7 412.2 402.8 395.2 386.7 381.7 374.2 369.7 363.6 358.9 349.4 341.9 335.8 331.1 325.7 322.2 317.6 313.6 312.6 308.8 304.4 303.6 301.5 296.2 292.1 291.8 289.3 284 277.7 276.1 271.9 266.8 262.3 257.4 254.4 251.9 249.1 245.9 248.2 250.4 253.4 257 264.1 269.9 278.9 285.2 293.5 300.4 308 315.7 323.3 326.8 332.5 329.1 328.2 327.5 320.2 313.8 301.2 291.1 285 270.2 265.9 264.1 257.9 238.2 247.5 256.5 269.3 281.9 292.2 299.8 306.7 312.6 319.3 323.6 327.8
409.2 401.2 391.9 382.5 376.3 368.5 362.6 356 350.8 347.3 339.2 331 327.3 323.8 322.1 316.8 312.3 311.8 306.3 301.9 300.2 295.5 295 293 287.7 284.5 284.5 280.9 273.9 268.2 264.4 263.4 260.4 257.1 255.5 251.7 248.2 250.7 253.8 255 258.5 265.5 274.9 284.1 292.8 298.4 306.9 316.3 321.4 325.8 334.8 340.4 338.8 337.8 333.9 333 326.8 321.5 309.4 300.4 292.1 282 273.5 267.2 259.1 251.4 238.7 250.9 261.8 264.9 275.5 289.3 296.9 302.1 309.6 314.8 319.7 325.4
386 378.7 369.4 362.3 355.5 348 344.3 339.9 338 334.5 325.1 321.8 319.2 314.9 311.5 308.4 304 299.9 297.1 292.5 291.8 290.4 287.1 284.3 276.8 277.1 275.8 268.2 263.5 262 259.6 256.6 255.3 253.9 253.2 252.8 259 262 262.7 267.5 273.1 282.3 293.7 306.5 314.6 321.6 326.6 336.9 344.3 342.7 353.7 356.1 353.6 349 344.6 337.7 330.9 322.3 305.4 294.9 285.3 276.1 270 265 260.9 245.4 241.2 248.4 256.5 264.3 275.8 286.2 292.5 299.2 305.5 311.9 316.8 321.4
363.1 359.9 353.2 345.9 340.1 336.8 333.7 328.3 327 322.8 315.6 311.5 306 304.5 299.3 299.1 294.6 291.9 289.2 284.8 281.1 277.9 275.3 270.4 267.8 268.6 265.7 263.1 261.4 258.7 257.6 257.2 258.8 260.5 263.3 264.9 267.8 271.2 277.2 285.7 297.3 298.4 311.2 322.4 334.2 344.7 349.3 355.9 362.9 363.7 366 366.8 361.8 360.3 358.3 349.7 337.5 319.9 302.8 293.2 280 272.3 264.5 262 257.3 240.2 244.5 252.5 259.6 266.6 272.6 281.1 287.2 296.2 304.5 310.3 314.9 321.9
346.1 342.3 339.4 330.9 327.3 324.9 323.1 318.8 317.6 308.2 307.2 308 297.5 296.6 293.8 291.7 285.4 283.1 277.2 273.5 271.3 270.4 268.2 267.6 264.5 264.4 263 260.6 259.5 262.8 263.3 265.6 270.8 275.4 276 276 282 291.3 298.1 306.5 317.7 321.3 329.7 341.1 357.2 364.9 368.9 372.7 376.3 378.5 381 378.2 372.3 374.7 372.2 361.7 340.6 315.3 298.6 287.7 274.2 267.3 263 258.4 245.1 244.3 250.5 258.2 263.8 269.5 277.6 285.4 294 301.4 307.9 313.5 318.5 323.3
333 328.7 324.9 323.5 320.4 316.7 315.6 311.5 310.4 301.3 302 294.8 289.5 291.8 288.5 285.7 277.3 273.8 271.8 268.5 267.8 267.7 265.7 264.9 264 262.9 262 265.2 269.8 273.7 279.2 284.7 287.9 292.4 290.5 291.5 299.6 308.9 321.4 327.4 333.3 341.9 351.7 364.7 372.7 378.4 383.5 385.8 388.7 390.2 389 389.2 386.2 389.2 380.5 360.1 341.2 313.4 292.9 285 272.9 263.9 259.5 252.7 244.7 248.2 257 262.8 268.4 273.2 279 286.7 297 304.4 310.1 315.1 319.7 324.4
323.1 320 319.4 315.4 312.5 310.3 308.6 306.6 303.6 297.7 299 283.8 284.5 283.3 282 275.1 273.1 271.9 270.3 273.1 275.2 277 273.2 272.5 271.2 274.1 274.9 279.1 285 290.4 297 303.7 308.5 307.1 313.6 309.1 319.7 328.3 337.7 346 354.3 361.8 371.9 380.4 386.7 392.3 395.5 400 399.3 397.2 397.3 397.3 397.1 396.9 378.4 353.3 325.8 304.7 291.4 278 269.3 262.3 256.6 249.5 247 252.2 257.9 264.2 270.3 275.5 283.1 291.5 298.3 305.3 311.2 316.2 322.5 327.2
316.9 314.7 312.3 308.1 307.2 304.8 302.9 300.8 295.5 295.5 289 281.7 283.7 279.4 274.9 273.1 270.7 270.7 273.1 277.6 281.2 284.4 285.5 284.2 287.1 289.1 294.3 299.5 304 307.1 318.8 329.5 335.3 336.1 337.8 344.3 351.7 359 361.6 367.8 372.3 380.5 387.8 396 403.6 411 416.3 419.6 420.4 416.8 410.4 405.3 397.3 392.3 369.4 337.9 313.6 295.4 285.3 274.9 265.1 260.9 253.7 250 250.7 257.5 262.1 265.2 272.2 277.8 285.5 293.7 300.1 305.6 312.4 319.6 326 331.4
310.8 308.4 304.3 303.3 300.7 298.6 297 293.3 293.2 291.8 285.6 282.4 283.2 275.6 273.9 272.3 274.1 277.3 281.1 288.3 293.6 296.3 300.1 301.2 306.2 309.8 315.5 320.1 326.1 332.7 347.2 358 363.3 363.3 366.9 372.3 379.3 385.5 389.8 393.5 390.7 395.3 405.2 416.1 425.5 432 438.1 438.5 439.5 438.8 428 416.9 399.8 387.5 350.5 321.9 299.7 285.7 277.6 267.3 261.8 253.1 254 252 257.4 262.3 266.6 267.8 275.4 280.1 286.9 294 299.7 305.5 314 322.2 328.3 335
304.5 303.9 298.6 298.3 291 290.6 287.3 287.5 286.1 283.4 276.5 276 275.2 276.1 276 278.1 282.8 286.6 294.6 301 308 311.3 315.5 320.6 327.4 331.6 340.1 348.1 353.3 363.5 378.6 385.5 389.8 387.6 390.1 394.5 400.2 405.7 410.6 409.2 412.9 419.8 429 437.9 445 448.8 454.1 458.1 457.9 450.5 441.2 421 397.2 360.5 332.8 304.3 291.7 279.1 272 260.5 256.1 255.1 256 258.1 264.8 268.9 272 273 280.5 283.9 288.9 295.4 301.7 307.9 316.2 325.6 334.3 340.3
297.8 294.6 292 292 287.3 283.5 282.6 280.6 277.4 277.2 276.2 279.7 283.2 282.5 285.3 290.4 298.4 309.1 317.2 319.8 325.3 329.8 333 344.1 348.9 355.8 365.6 375 382.2 392.8 400.9 405.1 407.6 406.2 407.6 413 419.1 423.8 424.5 428.2 432.5 440.3 445.4 455.3 462.5 464.9 472.7 476.6 473 465 453 422.3 381.8 343.9 317.3 295.5 286 275.4 265 256.5 256.5 256.3 259 265 271.1 279.3 281.7 280.4 281.2 289.3 292.9 297.5 303 310.6 319.5 332.5 340.2 346.6
288.3 288.1 285.5 285 281.5 280.6 280 278.9 278.3 280.3 281.6 291.9 295 295.3 299 306.8 315.6 328.9 331.4 337 343.3 353.5 362.8 369.6 377.9 383.7 393.3 401.3 405.6 413 418.6 422.9 425 426 427.2 431.7 436.6 438 440.1 444.9 450.1 453.5 462.7 471.9 478.2 482.6 487.8 488.9 484.3 483.3 462.7 422.5 378.1 338 306.9 289.6 279.8 270.7 261 256.5 256.5 257.9 264.5 275.1 283.5 289.5 289.4 289.2 288.9 293.8 299.4 301.6 307.8 316 324.8 335.9 348.5 358.5
284.4 283.9 282.5 281.9 285.9 286.8 282.5 281.7 283.4 288.5 297.6 307.3 309.5 312.4 317.8 323.5 335.7 344.9 353.1 363.9 376.7 386.6 389.3 391.5 400.3 411.7 419.3 424.2 427.8 431.4 434.3 437.9 440.9 443.5 445.2 450.1 450.4 452.2 458.2 461.8 462.2 470 478.4 484.7 492.1 499.4 503 502.7 495.9 485.8 457.8 418 375.2 337.9 300.9 283.3 271.8 264 256.9 256.5 258.7 261.9 274 283.6 293.9 299 305.4 304.3 298.8 298.2 304.2 308.5 317.1 325.8 334 348.6 359.8 370.1
285.9 285.6 286 287.2 292.4 294 293.1 291.7 296.6 305.2 312.7 323.9 331.2 334.2 343.1 352.3 363 374.6 385.7 394.7 398.9 402.2 406.3 416.3 425.5 438 443.2 445.2 447.8 449 451.9 454.4 456.9 457.3 460.4 463.1 460.9 466.3 473.5 478.2 478.9 483 488.5 499 506 512.8 514.1 511 497.8 476.9 443.5 403 363.3 325.7 294.4 277 267.9 261.1 258.6 258.6 260.4 269 281.2 295.6 312.3 325.8 328.2 319.4 310.9 309 308.2 318.4 327.8 336.5 348.7 362.4 372.1 382.1
292.1 293.2 294.6 296.8 300.5 303.8 307.2 315.3 318.9 329.6 338 349.7 355 362 375.1 385.3 394.6 399.4 405 409 413.2 419.7 429.4 441.6 449.5 457.5 461 463.1 463.7 467.3 467.2 468.1 471.6 471.9 472.1 472.5 478.1 485.4 489.5 492.3 494.3 495.1 502.6 509.6 516.5 515.4 509.7 498.9 481.7 461.9 427 386.7 346.8 312.4 286.3 272.4 263.7 260.2 256.5 262.8 264.2 276.2 292.1 313.8 334.3 350.7 355.6 339.7 324.5 318.6 320.8 328.1 338.9 347.6 360.7 372 385.1 395.2
