app/static/ascii/NH50.asc
ncols 200
nrows 200
xllcorner 250000
yllcorner 800000
cellsize 50
[rows 35 to 69 of 200, columns 78 to 155 of 200]
706.3 715.3 726.7 731.9 734.2 741.7 746.1 751 754.6 757.6 762.9 763.1 759.7 754.7 749.4 740.5 730.8 724.4 716.8 709.5 706.3 706 706.1 709.6 714.2 714 715.5 713.4 711.1 706.4 700.3 693.4 682.9 673.5 665 653.2 630.5 662.7 666.3 662.5 654.9 644.4 632.7 618.5 603.5 586.8 577.5 569.1 559.3 551.4 543.2 535.7 527.8 524.1 520.5 515.4 522.2 526.9 534.8 544.8 556.9 570.8 584.5 597.8 609.9 617.3 619.9 643.2 646.8 660.6 674 685.8 698 700.1 712.1 726.1 742.3 753.2
698 708.2 718.9 726.7 734.7 744.4 745.4 747.3 750.1 751.8 750.9 748.8 745.1 738.5 729.5 722.2 714.9 707.8 700.6 692.6 691.2 693.4 693.7 696 701.2 706 706.6 708.5 704.3 695.7 690.8 681.6 668.8 661.6 652.6 630.8 611.3 647.7 649.4 644.8 635.2 622.2 609.7 596.9 582.4 568.3 556.7 549.6 538.3 530.4 525.8 523.2 522.7 518.6 516.2 519.5 526.9 535.4 544 557.4 573.1 586.5 601.5 610 622.5 635.4 645.6 648.6 656.1 656.5 673.4 688.3 697.2 705.4 716.4 728.6 740.9 752.2
693.8 708.3 717.3 727.9 739.5 745 739.7 739.3 738.4 736 734.1 730.2 723.8 716.8 710.5 704.4 697.6 690.1 682.3 677 675.1 676.8 679 685 693.1 696.2 702.1 705 697.8 687.4 677.8 668.5 659.2 649.7 638.4 617 593.4 626.5 627.3 621.1 610.6 598.4 585.7 572.4 560.1 547.6 538.7 529 521.1 518 516.5 518.5 517.6 512.4 513.7 526 536.1 546.7 560.1 576.7 593.4 605.4 616.3 626.6 639.4 647.7 654.9 660.4 663.7 667.6 674.9 678 692.7 703.8 714.5 726.6 737.1 745.9
689.7 701.1 713.9 727.3 739.1 739.3 731 728.2 723 718.3 714.9 710.4 705 698.3 691.7 685.1 677.8 670.2 665.9 661.9 661.9 665.2 670 673 678.9 689.1 700.4 699.6 690 684.2 670.9 656 644.2 633.7 623.1 611.6 580.7 606.2 604.3 596 586.1 574.5 560.4 547 537.9 527.9 521 515.9 508.8 510 512.9 512.2 509.6 516.4 526.9 537.4 548.7 562.6 579.7 596.9 609.8 621.1 631.8 643.1 652 658.7 666.5 671.9 673.4 669.9 674 683.6 681.1 681.7 699.5 715.6 725.7 733.1
676.9 691.7 703.6 717.6 723.8 723.3 717.6 713.1 705.3 701.8 697.5 692.1 685.9 678.8 672.3 665.5 659.2 657.3 655.5 653.7 655.5 657.4 659.3 664.4 672.4 682.5 691.1 687.6 679 672.7 656.7 641.6 630.8 619.7 609.2 599.6 582.8 581.9 579.9 570.3 560.7 549.4 537.7 530.1 522.1 512.4 505.9 502.7 503.2 504.3 506.7 508.9 515.9 528.1 541.7 552.7 565.9 582.5 598.4 611.5 622.1 635.1 645.3 653.4 660.2 667.5 674.6 679.2 680.5 681.3 678.1 677.8 687.5 693.7 690 702.6 712.9 722.6
672.1 687.1 699.6 706.7 712.4 713.1 710.5 700 693.9 688.3 679.2 673.1 666.1 659.2 654 652.1 649.8 648.6 646.5 647.1 645.3 647.5 652.9 660.2 668.5 674.8 676.4 671.1 662 650.7 637.2 626.3 615.3 605.6 594.9 582.8 572.3 554.4 555.7 544.9 535.7 528.7 525.1 516.3 506.1 499.3 500 500.3 502.6 507.2 510.4 517.3 528.2 543.1 556.5 568.1 583 598.7 611.5 622.3 634.8 644.4 653 659.9 666.5 673.3 678.6 683 685 688.1 690.1 686.5 687.1 692.8 697.1 698.7 695.2 703.3
671.4 691 700.8 703.5 705.1 701.5 694.4 686 679.6 670.7 661.5 653.6 646.7 643.3 642.6 640.3 639.6 638.3 636.8 635.9 636.6 638.9 646 653.5 661.8 666.3 661.9 651.7 642.8 631.9 620.3 611.3 600.5 586.1 575.1 563.3 553.2 539.7 533 524.4 521.8 518.4 511 503.1 497.2 501.3 503.4 506.4 509.9 515.1 524.3 533.8 549 559.9 571.4 585.4 599.4 610.1 620 632.4 643.1 651.4 658.2 663.8 669.8 675 681.4 684.8 688.2 691.7 694.5 696.4 695.3 694.6 695.4 700.1 704.3 708.8
668 687.4 696.6 694.4 684.3 679.5 673.9 666 660.1 652.2 645.6 639.7 634.8 632.4 629.4 625.6 626.1 625.4 626.2 625.4 626.9 630.7 637.4 645.6 651 646.7 640.3 631.1 621.9 614.9 604 594.1 580.2 566.3 556.4 546.7 535.7 527.1 521.6 513.9 507.7 504.7 500.5 496.1 497.3 502.6 508.8 511.6 519.9 530.4 540.8 551.4 564.3 575.9 587.8 602 612.8 620.9 630.1 640.8 652 658.9 664.8 669.2 674.8 679.7 683.4 687.1 691.1 695.4 696.9 697.9 700.8 701.4 699.7 700.8 699.8 704.3
651.8 673.3 681.5 673.8 666.1 659.9 650.5 650.6 644.4 636.1 630.4 627.4 622.9 618.2 616.7 616 615 615.7 616.9 616.4 617.9 621.8 627.5 631.8 629.4 623.5 617.9 610.4 604 595.6 583.8 572 559.3 545.8 534.7 527.6 520 513.7 511.7 505 499 495.8 495.7 496.2 499.6 507.7 514.8 525.4 533.3 544.7 558.3 569.8 581.3 593.6 604.4 615.3 626.3 634 643.1 653.1 660.5 667.2 672.4 675.1 680.3 684.3 686.6 690.7 695 698 698 699.5 702.8 707 707.1 707.4 708.3 709.7
634.1 655.7 656.1 652.9 647 644.4 635.6 633.3 626.8 620.4 618.2 615.2 609.7 610.2 608 607.2 604.5 605.8 606.3 604.2 608.2 611.7 613.7 613.8 609.7 605.5 599.8 591.8 583.7 573.8 561.6 549.7 537.2 528.4 519.4 510.8 504.9 502.1 503 499 493.7 494.3 497.1 501.6 509.6 519.8 534.9 546.6 557.2 564.1 575.7 588.9 600.2 612.6 621.5 632.8 640.1 647.9 655.4 661.7 668.3 674.2 680.2 685.3 687.8 690.6 694.9 697.3 701.7 705.8 709.5 713.2 718.8 718.2 718.3 719.4 718.3 715.9
617 630.5 633.1 634.5 634.5 629.8 619.1 616.3 612.6 609.7 605.3 606 601.7 599 596.6 598.1 595.5 593.7 590.2 590 593.3 595.2 595 593.2 590.2 585.2 577.8 570.1 560.9 549.5 538.9 528.3 520.4 511.6 504.9 500.5 495.6 496.8 496.6 493 497.7 501.6 508.3 517.8 526.3 533.9 545.3 559.3 571.6 579.3 593.8 609.7 619.2 628.8 637.5 647.3 654.3 662.7 670.1 675.8 683.3 687.9 692.1 695.3 700 704.5 708.7 712.6 715.9 720.3 730.8 736.2 741.5 739.4 741.5 738.8 736.7 732.9
597.5 610.6 618.8 619.3 614.2 609.4 607.6 605.1 601.4 596.7 597.2 594.6 590.9 587.7 586 582.4 579.7 574.8 569.9 569 573.1 575.3 575.3 572.5 568.9 561.7 554.9 547.2 538.9 529.4 521.5 512.6 505.6 501.9 498.1 492 492.3 491.8 491.7 498.4 505.7 514.5 524.9 532.3 539.6 549 558.8 579.2 594.4 604.7 614.9 623.6 636.4 642.5 649.9 659.9 667.9 676.2 681.6 690.8 699.2 710 712.3 712.5 715.1 719.8 728.4 734.5 737 754.2 759.2 766.7 761 756.9 759.7 766.9 760.3 746.7
583.6 594.2 596.9 600.5 600.4 597.7 595.3 592.1 590 588.3 589 581.5 576 572.9 568.1 562.8 557.1 551.7 549.4 544.6 551.5 553.4 552.2 548.9 543.6 538.6 532.5 525.6 517.5 509.1 503.3 498.9 496.3 493.9 490.2 489.5 492.8 496.5 502.2 511.2 517.9 527.4 536.8 545.9 557 569 581.7 598.5 609.5 621.2 630.7 639.8 649.7 655.6 665.9 675.4 686 692.8 700.4 707.6 711.7 719.5 725.6 727.5 732.3 744.2 751.1 756.4 759.3 771.9 779.1 779.1 778.3 775.2 775.8 775.4 769.6 756.2
569 579.2 586.8 589.8 587 582 581.1 579.2 581.1 576.2 570.2 563 558.1 552.5 547.5 540.8 534.9 529.6 529.4 526.2 530.6 532.9 535.1 529.5 523.7 519.4 513.2 507.6 501.4 497.2 493.8 492.1 491 490.1 488.5 491.8 500.6 506.9 515.6 523.5 533 541.7 550.9 564 574.5 587.6 601.9 614.6 625.9 636 645.2 654.1 659.8 667.3 676.1 687.7 697.7 702.9 712.3 719.3 722.8 731.6 736.7 742.6 747.9 754.5 760.4 769.1 773.9 777.7 783.9 787.1 786.9 784.8 784.7 782 777.5 763.7
554.9 568 574.7 575.8 571.5 570.7 569.9 571.1 565.6 557.3 552.3 545.1 539.9 532.2 526.7 521.1 512.8 509.9 509.5 503.9 511 514.8 515 507.4 500.2 501.1 497.6 495 491.5 490.6 490 489.9 487.1 487.3 490.1 501.2 511.2 519.5 529.5 537.9 547.3 558.3 569.2 581.2 592.8 608 616.7 628.3 641.5 654.2 661.1 663.5 672.4 682.3 693.2 701.8 711.2 718.6 727.5 732.2 736.2 742.1 746.9 751.3 756.1 761.9 769.4 775.8 781.5 783.6 789.3 791.5 793.5 792.4 790.2 787.4 782 769.9
534.9 549 557.5 562.3 561.8 560.6 557.4 551.6 546.7 540.1 534.9 528.2 521.5 514 508.3 497.4 492.2 488.6 490.2 484.7 490.1 491.2 488.2 487.2 484.1 485.7 486.9 487.7 487.7 488 488.8 486.6 486.6 495.5 502.9 511.6 522.7 532.7 542.8 552.6 563.3 574.1 586.4 597.8 608.8 620.9 631.2 642.3 656.2 659.6 666.8 673.2 682.4 691.5 703.5 712.5 719.2 725.1 733.9 738.9 746.7 752.6 755.3 757.9 762.7 769.8 773.2 776.6 780.2 786 789.9 793.8 799.2 800 794.8 791.3 785.2 767.2
524.8 532.6 540.4 542.6 544.6 542.9 540.6 534.7 528.2 522 514.8 509.7 502.8 492.2 484.7 478.6 474.4 472.6 469.4 471.4 470.2 472.8 478.1 480.7 482.2 483.1 483.7 485.9 485.8 487.6 487 488 497 508.3 515.8 526.7 536.2 547.3 557.9 568.5 580.5 592.1 601.5 612.4 622.4 634.7 644 655.9 660.8 668.5 676.3 681.9 689.2 699 710.2 718.1 726.5 733.1 741.7 747.3 754.4 759.1 761.3 762.5 765.6 769.3 771.5 774 776.2 780.3 785.2 794.3 799.1 798.5 794.4 787 776.2 757.8
512.3 523.1 526.4 527 527.6 525.8 519.8 513.6 508.8 501.4 493.5 486 477.1 473.2 468.4 462.4 461.9 456.1 457.7 463.6 462.2 467 469.9 474.4 479.3 479.7 481.5 482.2 482.3 482.3 492.1 500.5 510 518.5 529.3 539.9 551.5 562.7 574.1 585.6 595.7 607.1 615 625.4 638.5 647.6 657.9 662.1 668.4 675.1 684.6 689.6 699.8 712.4 719.5 727.5 733.3 741 747.9 752.3 756 759.7 763.4 763.1 762.7 764.3 767.2 769.5 771.5 774.7 779.4 783 786.8 787.4 783.2 775.7 766.1 753.2
497.9 505.8 510.8 512.2 506.2 504.8 497.1 487.5 482.3 478 470.4 464 462.4 457 451.8 446.7 449.7 450.4 463.7 457.6 473 473.9 476.7 472.8 470.7 473.1 476.1 479.1 490.3 499.7 507.7 513.7 523 531.7 543.7 554.5 566.9 578.6 589 599.8 612.5 618.9 628.1 639 650.2 658 666.5 670.7 674.9 682.2 691.2 699.3 711.3 719.5 726 730 737.7 746.4 751.8 756 758.3 759.2 760.4 760.9 760.4 759.8 760.1 762.1 764.6 767 770.6 775.5 779 778.3 774.1 768.5 759.4 745.9
482.9 488.4 489.7 489.8 484.9 477.1 472.7 464.6 457.2 455.2 451.8 450.6 447.3 439.9 446.4 450.1 452.5 455.6 455.5 466.2 474.4 479.7 480.1 480.9 481.8 484 489 494.8 503.2 511.5 518 525.2 534 546.2 556.1 569.8 581.5 592.1 601.8 611.7 618.3 627.5 637.5 649.8 655.3 662.5 671.7 675.3 678.9 689.8 698.1 703.9 713.9 722.3 726.4 730.5 738.9 746.1 751.7 756.5 759.2 758.3 758.1 758.2 757.2 755.5 755.4 756.6 757.8 759 761.1 763.8 766.7 769.3 768.3 762 751 738.5
464.5 470 471.6 469 461.4 456.1 450.3 447.6 445.6 443.9 437.1 432.7 439.6 448.7 448.4 455.7 457.7 460.5 463.1 467.1 471.1 476.2 483.2 485.4 488.5 492.4 499.8 507.8 515 521.6 530.1 539.2 547.9 559.8 572.7 583 593.5 602.8 610.9 621.1 630.4 639.9 649.6 656.8 660.3 668.2 673.3 679.5 683.9 694.4 701.7 707 715.3 722.3 727.1 732.6 738.8 745 750.6 754.6 756.3 755.8 755.2 754.3 752 750.2 749.5 748.6 749 751.1 754 756.4 755.9 757.3 755.5 751.2 740.7 730.8
442.8 449.6 450.4 449 444.4 441.5 439.2 433.5 429.4 435.9 441.7 445.1 448.2 451.3 455.7 458.9 462.6 467.6 468.7 461.6 472.8 477.6 484.2 489.8 495.5 501.9 509 517.1 525.8 534 542.1 552.8 565.3 576.4 585.3 593.9 602.9 612.6 622 634.1 643.6 648.4 657.1 664.4 669.8 674.1 678.9 683.1 691.2 697.9 705.1 711.4 718.2 724.7 730.8 736.3 741.1 745.7 748.8 750.8 751.9 751.9 751 749.4 746 745 744.1 743.5 744.3 744.7 744.7 745.3 747.2 747.9 746.2 740.1 731.7 724.5
422 429.5 433.5 434.9 432.2 432.8 421.9 434.2 438.5 441.7 445 448.2 452.1 455.4 460.5 466.1 474.7 479.8 479.8 476.5 477.8 481 486.9 494.5 502.2 508.8 517.7 525.8 535.3 543.2 553.8 567.8 578.3 587.3 594.8 604.7 615.9 626 635.8 648.2 651.4 655.4 660.8 668 673.5 677.5 682.5 686.7 694.4 702.9 709.4 715.8 721.5 726.4 732.1 738.1 742.7 745.6 745.7 746.8 746.5 745.6 744.6 742.7 740.4 738.8 738.3 739 739.2 739.9 740.7 740.1 739.3 737.7 735.5 731.3 722.9 718.9
408.8 417.7 420.7 423.3 424.6 418.3 431.3 436.4 441.3 446.6 452.3 456.3 462.1 464.6 475.6 472 486.3 489.4 491 485.3 481.7 486.3 491.9 498.4 506.7 515.6 524.5 532.5 543.4 552.9 564.5 576.6 587.4 597 608.7 619.7 627.9 636.8 648.5 654 657.8 662.4 664.5 669.1 673.8 680.7 686.3 691.5 700 706.6 712.7 719 725.1 729.9 734.2 736.6 740.4 742.3 742.6 741.8 740.2 738.5 737.1 735.5 734 733.2 732.4 732.6 732.9 734.2 735 734.1 731.8 729.5 725.8 720.4 717.5 713.7
390.5 393.9 400.6 399.6 424.1 429.7 436.9 445.9 452.7 462.1 469.5 472.8 478.6 478.8 490.1 496 501.4 500.6 496 483.5 473.4 492.9 498.4 504.2 511.2 522 532.2 543.4 553.1 564.6 577 588.4 598.4 608.1 621.6 632.2 638.7 647.1 652.4 655.6 659.4 667 671 673.4 676.6 682.6 689.8 697.9 706.6 712.7 716.2 722 727.9 732.5 735.2 736.8 737.3 736.9 736.2 733.8 733.8 732.3 730.9 729.3 728.5 727.7 726.7 727.4 728.2 728.6 728.4 727.1 724.8 720.9 718.2 714.9 712.5 708.8
402.7 412.4 416.6 423.3 432.1 440.9 449.8 459.3 469.6 479 485.9 490 493.4 504 498.5 518.6 503.7 513 482.7 477.9 493.1 498.8 503.7 511.6 519.3 529.6 542.3 552.6 564.3 576 586.8 599 608.3 618.9 630.2 639.3 644.3 649.7 653 656.3 661.4 670.5 673.8 674.7 680.6 686.5 692.3 700.8 708.8 715.4 722.2 728.8 732.6 733.8 733.8 733.4 732.2 730.3 729.2 727.8 728.3 727.1 725.1 723.3 721.7 721.1 720.3 719.7 720.1 719.5 719.1 718.1 716.1 714.8 710.9 708.9 706.6 704.7
414.1 424.3 431.9 438.7 446.4 456.2 464.9 476.6 488.3 497.8 506.7 513.4 517 520.7 510.2 538 515.6 516.1 480.7 486 499.1 507.3 512.9 519.2 527.1 540.6 551.4 564.4 576.2 588.5 599 609.5 620.9 630.7 640.4 644.3 646.7 650.6 653.8 658.9 666.4 669.2 674.7 676.2 679.3 685 691.1 694.6 700.1 711.8 717.4 723.6 727.7 728.7 729.3 727.5 725.9 724.6 724.4 723.4 722.4 720.9 718.4 716.9 715.5 713.9 713.4 712.1 711.6 711.4 711.7 710.2 709.1 707.3 704.7 703.1 701.6 701.7
423.1 435.9 446.7 455.8 463.4 473 482 497.4 511.5 517.9 526.6 535.1 537.5 543.4 521.9 526.1 537.1 506.9 512 506.6 494.3 517 524.4 532.1 538 552.9 565 576.4 588.1 598.1 609.4 617.3 626.5 635.3 644 646.4 648.1 650.8 654.5 660.4 663.8 666.7 671.3 675.9 680.3 685.7 693.8 698.4 702.1 709.6 716.2 717.6 720.1 720.8 721.5 720.6 720.6 719 718.7 717 716 714.6 711.9 709.4 707.4 707.1 706.9 705.7 705 704.6 704.1 703.3 701.9 700.8 699.1 699 699.4 700.1
435.4 446.7 462.9 473.5 482.5 493.4 507.2 519 530.2 537.9 541.5 551 559 560.6 538.4 529.5 530.8 545 544.2 545.1 529.6 525.1 537.7 545.3 553.7 562.7 576.1 588.1 598.2 605.9 613.6 622.6 630 636.9 642.6 645.1 646.9 648.1 651.7 655.3 659.6 664.4 667.8 672.3 677.4 684.2 692 697.1 702.3 706.2 713.5 715.6 715.2 715.3 715 714.3 713.4 712.6 711.9 711 709.3 706.4 704.7 702.1 700.7 699.1 699.6 699.3 699.4 699.4 699.3 697.7 697.2 696.7 697.3 697.8 698.9 699.1
439.8 458.8 471.1 484.2 500.6 513.7 524.8 539 549.3 553.2 563.7 567.3 572.1 572.4 563.5 560.8 570.6 568.8 563.7 559.2 548.5 530.9 546.3 555.9 564 575.3 584.4 592.3 600 607.5 614.8 623.6 630.7 633.8 635.7 639 640.6 642.3 644 647.5 652.1 657.8 662.6 668.8 674.4 678.9 684.7 691.7 695.3 700.9 707.3 709.7 708.8 707.3 707.5 706.3 705 706 705.5 705.4 702.8 700.7 698.2 697.1 694.9 684.2 685.2 685.7 692.6 694.4 694.7 695.1 695 696 695.6 694.7 695.2 695.6
447.4 468.9 483.2 496.7 510.4 524.4 539.6 547.5 558.6 566.1 573 576.4 574.9 580.2 581.8 582.2 580.8 578.1 573.5 569.5 562.8 546.8 544.7 559.2 568.7 578.1 586.3 593.2 599.1 605.1 612 619.4 623.1 625 626.3 627.4 626.8 620.5 622.6 634.2 643.5 648.7 653.4 659.9 666.5 672.5 679.1 683.3 688.2 693.9 697.7 699.5 700.7 699.6 699.2 698 699.2 700 699.5 696.3 696 695.7 693.5 691.7 689.3 683.5 687.1 688.1 687 691.4 692.5 692.4 691.3 691.8 693.3 695.3 697.4 699.1
451.4 471 489.8 503.9 517.3 529.3 544.6 558.3 564.8 572.5 578.3 581.4 582.7 584.9 586.5 587.8 587.2 584.4 582.1 579.9 573.6 560.9 541.9 550.2 565.9 575.8 584.5 590.4 596.1 601.8 606.3 610.6 613.8 615.9 614.2 613.4 619.6 626.2 629.8 633 634.4 630.9 636.1 650 657.3 664.3 670.3 676 680.9 685.9 688.8 689.6 688.7 685.6 688.2 689.5 692.6 692.2 691.5 692.1 689.6 690.4 688.2 683.1 682.3 684.3 689 690.2 691.3 691 692.7 693 695.2 696.9 699.1 701.6 703.8 703.5
452.1 470.8 493.4 508.7 521.8 538.1 550.8 562.9 569.4 575.7 580.4 584.6 586.8 588.3 590.8 591.8 591.5 589.6 586.4 585 573.8 567 563.8 568.8 567.7 569.3 576.8 581.2 589.3 595.3 602.1 600.8 603.2 601 612.2 619.2 629 636.9 640 643 644.5 642.5 644 641.9 646.1 653.2 659.7 665.9 669.4 672.6 674.2 673.8 676.5 677.4 681 683.6 685.2 686 686 684.7 684.6 683.7 679.9 679.7 685.1 686.1 689.6 691.2 692.8 694.2 696.6 699.3 703 705.3 706.8 709.4 711.5 712.4
452.8 475 496.4 513.6 528.5 542.1 555.9 564.8 568.7 575.9 581.5 587.3 589.5 590.6 593.3 594.1 594 592.4 591.2 588 583.9 586.9 586 583.2 582.7 579.3 580.9 586.7 585.5 588.7 595.1 602.2 609.8 619.1 623 629.2 635.4 640.3 646.6 650 651 652.8 653.5 653.5 650.6 645.5 651.3 653.5 656.8 659.5 661.3 662.4 666 671.2 674.4 670.3 671.4 673.8 676.3 678.1 676.4 678 680.2 682.9 685.4 688 690.4 693.3 696.1 699.1 702.7 709.2 716.2 717.6 719.3 722.5 724 727.1
449.3 473.3 498.2 513.7 528 545 556.7 562.9 572 576.1 582.4 587.2 590.2 592.9 594.9 595.8 596 595.3 595.4 589.7 589 595.4 594.7 594.6 592.2 593.1 595.2 598.7 600.7 604.2 607.6 610.6 615.7 620.1 626.5 634.2 641.3 646.5 651.8 654.3 656.5 659.7 662.1 661.6 661.6 661.2 660.2 661.3 658.2 655.3 657.9 661.1 663.2 664.6 665.4 667.6 669.7 672.1 673.9 674.7 674.5 679 681.8 684.3 686.6 689.6 692.5 695.7 699.4 703.9 712.2 719.3 725.8 732.2 734.7 740 740.3 744.9
