app/static/ascii/NH51.asc
ncols 200
nrows 200
xllcorner 250000
yllcorner 810000
cellsize 50
[rows 140 to 174 of 200, columns 0 to 77 of 200]
286 279.2 265.9 255.6 262.6 273.1 280.9 291.7 303.4 317.2 327 333.4 341.2 347.5 352.8 354.9 356.9 362.6 370.7 377.6 384.1 392 404.5 419.2 425.5 429.9 437 441.7 447.4 452.7 459 469.2 482.5 498.9 518.1 529.7 536.1 540.7 538.4 537.8 538.2 534.5 529 525.3 524.8 525 527.4 530.2 533.2 536.6 539.8 543.2 548.2 551.6 555.5 560.3 562.6 565.9 569.5 568.9 566.7 563 557.7 550.1 535.8 525.9 519 513.9 508.7 506.6 505.3 505.1 505.7 506.6 509.9 513.4 513.4 515
290.3 288.5 277.2 265.2 257.9 263.2 273.1 280.9 294.9 306 316.3 324.5 334.4 346 350.7 350.4 351.7 358.7 366.1 373.5 382.5 393 406.5 417.9 422.6 426.7 432.7 440.9 445.5 450.3 461.5 479.5 489.9 502.7 511.4 525.8 528.5 529.5 531.2 531.1 530.7 527.9 523.6 521.5 522.3 522.1 525.2 529.9 533 535.5 538.6 543.6 547.8 551.2 553.4 556 558.8 562.8 565.4 564.7 560.4 554.8 545.3 535.8 526.7 517.9 509.9 506.7 504.4 502.8 501.6 502.1 502.6 503.6 506.1 509.9 512.7 513.7
293.6 291.6 283.8 273.2 266 261.3 260.8 269.5 281.5 293.8 305.4 319.7 335.1 342.7 341.5 343.9 352.3 357.8 365.5 374.5 384 395.7 407.4 413.8 417.5 422.2 428.7 438.2 444.5 451.3 464.8 479.7 488.4 496.6 504.5 512.4 516.5 517.2 518.1 516.7 517.1 517.7 517.3 517.6 518.4 519.2 521.7 525 529.9 533.1 534.3 539.2 543.9 547.1 549.9 551.6 555 558.5 559.3 557.2 554 545.9 535.9 525.8 517.4 509.1 504.5 502.4 500.2 498.6 498 499.1 499.6 500.6 503.3 507.2 511.1 511.4
296.6 294.3 287.5 280.2 271.6 265.4 260.7 265 267.9 280.3 292.4 308.6 323.4 327.6 323.3 343.3 350.4 358.1 365.6 375.5 386.9 397.9 406.5 412.7 417 421.7 430.8 438.9 445.1 452.1 462.4 474.1 484.6 491.3 497 502.1 506.4 507.7 507.9 508.8 509.2 510 512.9 513.8 513.7 514.4 516.3 519.1 522.2 525.3 528.9 533.4 535.9 540.9 544 547.6 551.2 555.7 560.8 552.8 546.2 537.1 526.7 517.3 508.3 502.8 499.5 498 495.9 494.3 494.4 495.6 496.6 496.6 500.4 502.8 509.4 510.4
300.4 296.8 289.9 282.9 274.9 271.6 265.8 265.1 265.9 268.2 271 291.4 305.8 303.1 314.1 338.5 348.1 357 365.2 377.4 389.5 400.9 411 419.6 419.7 425.1 432.7 440.6 446.4 454.9 461.8 471.7 479.1 485.3 489.7 493.3 496.2 497.9 499.6 502.8 503.6 504 505 506.6 506.4 507.9 508.5 509.5 512.8 516.8 521.4 525.6 528.6 534.6 539.3 543.7 551 556.3 560.7 551.1 538.6 527.5 516.9 507.5 501.5 496.7 494.4 493.2 491.7 490.3 490.1 491 492.7 492.6 498.7 502 509 511.7
305.1 302.9 297.7 286.7 286.6 284.7 271.7 263.5 265.4 267.5 268.1 275.2 284.2 291.9 316.6 330.4 343.8 354 362 377.8 390.4 400.7 409.6 416.5 420.4 426.8 434.6 442.5 448.6 455.5 461.8 467.3 473.6 478.9 482.4 485.8 490.2 493.6 494.8 495.9 496 494.9 495 496.5 497.1 498.1 498.3 499.2 503.5 509.5 515 517.9 521.6 527.7 533 539.8 549.4 556.3 548.9 542.4 531 517.8 507.4 500.6 495.1 491.1 488.6 487.4 486.8 485.9 485.7 486.5 489.8 492.5 500.5 505.7 510.9 514.8
308.9 307.9 302.6 288.9 300.9 297.3 285.5 273.5 267.6 267.8 268.5 270.6 273.2 293.6 308.1 323.9 339.8 346.3 356.8 372.8 386.7 398 407.8 413.6 420.1 426.5 434.1 443.6 451 454.9 459.4 463.4 467.8 470.8 473.5 477.7 481.4 484 485.1 484.2 483.8 482.4 482.6 483.4 484.6 484.7 486.6 491 497.2 502.4 506.1 509 514.3 520.3 527 533.8 544.6 554.3 543 534.6 517.6 507.8 500.6 493.6 489.6 485.4 482.9 482.1 481.5 481.3 481.8 480.2 486.7 493 501.1 507.8 513.7 519.6
311.9 311.9 308.4 297.6 304.1 310.6 298.2 283.6 271.4 270.6 268.9 269 268.5 280.1 300.1 315.1 324.9 336.9 349.2 366.3 383.5 396.4 406.9 413.8 420 426.1 433.8 442.6 449.1 453.1 455.1 457.3 460.2 462.1 464.2 467.1 469.9 470.9 470.3 469.5 469.2 469.2 468.3 469.6 469.7 473.7 478.4 483.2 488.4 494.4 498.1 501.8 507.3 513.8 520.6 527.7 536.2 539.9 538.6 525.2 508.2 499.8 492.8 486.4 482.9 479.4 477.8 477.4 475.8 474.5 476.7 480.4 486.2 493.3 500.9 509.4 518 531.7
314.9 315.2 313.7 305.2 298.7 310.9 310.5 297.2 283.7 276.1 271.1 269.8 269.6 270.6 286.6 303.5 316.3 327.6 345.1 362.4 379.3 393.4 403.6 412.3 419.2 424.9 430.9 438.2 443 447.1 449.7 449.2 449.2 450.8 451.9 453.2 453.6 454.9 456.5 455.8 453.6 454.1 452.5 456 458.3 462.5 468.6 472.7 477.6 482.8 488.8 490.8 499.6 506.6 514.4 521.5 531 537.2 525.5 508.3 497.9 491 484.2 479.6 475.7 474.1 473.5 472.9 471.9 469.9 473.4 481.2 487 493.6 500.6 511.7 520.6 537.7
318.5 320.3 318.3 310.2 302.1 311.1 313.3 310 296.5 283.4 275.3 271.8 270.4 269.9 270.2 294 309.6 326.6 335.5 351.7 373.3 387.8 399.1 407.7 415.8 422.5 428.2 432.3 436.1 438.2 437.7 437.2 438.2 439 437.8 437.1 436.2 437.3 437.7 437.3 437.3 438.4 441.4 442.3 445.9 448.9 453.9 461.2 467.2 468.9 471.3 480.5 491.2 499.6 507.8 518.8 529.2 531.1 512.7 495.8 488.6 481.8 476 472.4 469.5 469.2 468.4 468.8 469.5 469.2 475.8 481.8 487.8 493.7 503.3 515.5 525.2 535.5
325.1 323.1 320.8 306.8 309.1 311.7 313.6 312.1 304.3 292.9 279.8 274 270.3 270.1 269.4 283.5 302 315.8 326.8 341.8 358.2 377.2 393.3 402.3 410.5 416.7 422 425.5 427.4 427.8 426.8 425.7 426.4 424.4 421.6 421.7 420.6 419.2 417.8 418.5 420.1 423 425 426.8 430.5 435 441.5 448.5 454.3 457.7 460.1 469.4 480.9 491.4 501 512.6 523.7 519.2 504.6 487.1 479.3 474.1 469.3 466.3 465.5 464.6 463.6 462.1 461.1 470 475.9 482 488.1 495.6 507.1 519.7 527.7 530.7
327.1 326.6 320.6 313.5 319.8 318 317.9 317.9 314.1 301.5 288.6 281.2 274.5 270.5 269.6 274.9 289.9 306.7 322.6 335.7 350.9 368.6 388.6 399.4 407 411.7 415.8 417.7 417.5 417.3 416.1 413.4 411 408.3 403.8 403.5 402 397.4 396.9 401.3 403.7 405.7 411.1 414.2 417.4 423.1 431.8 438.9 443.9 447.9 453.9 460.3 470 478.3 488.4 501 508.4 508.4 498.6 481 471.1 467.8 464.1 461 460.6 461 459.6 459.7 463 469.2 475.9 482.5 489.4 503.3 513.4 523 532 538.8
327.8 327.8 322.8 317.5 323.7 324 322.5 319.4 318.9 308.2 297 286.5 279.9 274.9 271.1 269.9 282.3 302.4 319.5 331.4 347.6 365.8 387.5 407.3 411.1 407.7 408 409.1 407.8 406.8 405.6 401.7 397 393.3 389.2 387 385.1 379.4 382.2 388.2 388.9 389.1 397.6 398.8 405.3 412.9 421.6 428.9 434.3 439 446.3 454.1 462.8 469.9 476.7 488.3 494.7 501.6 497.9 475.6 464.3 461.2 459.3 457 455.3 454.9 450.9 459.6 463.7 468.7 475.8 483.5 495.7 509.8 516.4 526.1 534.6 542.7
330.4 330.1 322.1 322.4 327.5 326.7 325.9 322.5 319.8 314.1 303.9 289.3 285.1 281.3 274.8 270.5 280 299.8 317 326.5 345.6 365.7 390.3 402.6 405.3 400.4 402.1 404 402.4 398.3 395.2 389.1 383.4 378 377.2 371.6 368 367.8 370 377.8 376.2 380.4 385.2 382.1 392.9 402.8 411.4 419.6 425.9 430.2 438.3 447.7 453.9 460.8 466.4 473.3 477.4 478.2 475 466 456.7 455 453 450.9 449.8 450.7 450.3 458 462.9 467.8 475.5 485.4 502 512.6 518.3 525.9 534.1 541.9
333 333.2 321.3 327.8 329.3 329.6 328.3 327.4 324 318.8 308.4 303.9 300.4 290.7 280.4 277.4 278.5 293.5 310.9 324.7 343.1 369 393.4 399.9 396.6 392.6 393.6 396.3 394.9 390 384.8 377.9 372 365.8 364.6 358.6 357.1 357.1 356 362.4 363.2 368.2 370.6 371.1 381.9 392.7 401.6 409.3 417 423.2 432.5 440.9 446.9 451.9 456.3 460.2 462 461.8 461.1 457.2 450.2 448.2 446.6 445.3 444.1 440.2 447.4 455.5 460.7 467.1 477.1 487 502.5 513.1 518.5 525.7 532.8 539.2
336 332.3 327.6 333.5 335.9 335.2 331.6 329.8 329 325 319 316.9 314.4 299.1 287.9 279.4 278.6 284 304.2 320.5 337.2 357.2 380.2 388.9 384.5 382.4 381.5 381.9 382.9 380.1 374.8 367.8 359.7 354 350.1 345.7 345.2 344 341.6 345.3 349.3 353.2 350.1 366.6 370 382.8 392.6 400.2 408.4 416.7 425.5 432.6 438.2 441.1 443.5 446.7 449.5 450.1 449.3 448.4 444.3 442.1 441.1 439.8 440.1 437.4 446.1 452.9 458.3 466.8 478.6 488.3 501.6 512.1 517.2 522.9 529.9 534.4
337.8 331.4 330.6 336.7 339 337.7 335.8 332.9 333.3 331.9 328 325.3 324.2 310.1 296.5 284.3 278.6 280.9 292.5 314.8 331.9 350.3 368.7 377.8 375.3 374.4 374.5 375.9 374.2 370.1 364.8 355.9 346.9 341.9 338.6 332.8 334.7 333.4 329.1 331.6 335.6 335 345.6 353.7 362.4 373.5 383.2 390.3 401.8 411 420 425.2 426.7 429.1 432.3 435.7 438.2 438.5 440.1 439.7 437.9 435.9 435.1 435.4 433.8 433.4 443.7 450.1 456.8 464.5 475.8 487.6 500 510.4 516.1 520.7 525.5 530.1
340.3 333.9 334.1 338.8 339.3 339.1 338.5 338.5 338.5 338.4 336.2 334.3 331.9 322.5 305.4 290.2 279.5 280.1 286 306.8 325.3 354.3 366.4 368.1 367.3 366.7 369.8 370.9 366 359 352.6 343.7 335 330 326.7 317.3 307 307 317.2 320 317.3 320 331.8 346.7 355.5 364.6 374.9 385.2 395.1 408.4 413.5 415.2 416.3 418.3 421.8 425 428.1 430.2 431.8 432.1 431.1 429.9 430.4 431.4 425.9 432.8 441.2 448.4 454.5 462.3 473.9 485.6 499.3 508 514.4 518.1 522.4 526.8
342.7 338 337.1 340.1 343.6 341.2 342.1 344.3 344.2 343.5 344.9 344.9 342.2 335.2 318.4 297.7 286 279.2 285 300.4 318.9 340.2 351.7 356.6 358.1 359 360.1 357.9 353.9 346.7 340 331.9 323.5 318.3 312.7 307 307 307.3 307 312.6 316.5 317.1 324.1 335.7 346.8 362.8 371.6 380 388.9 399.9 403.7 405.1 405.9 408.3 413.1 416.9 420.4 423.4 425.9 426.5 425.3 424.3 425.1 425.4 423.1 431.4 438.2 445.4 453.1 461.5 471.8 483.5 496.1 503.7 511.3 516 519.9 523.5
344.1 339.3 341.9 343.6 347 345.5 346.1 347.9 349.8 352.6 355.4 354.4 351.5 345.2 328.5 308.6 291.1 281.6 281.2 286.7 304.7 321.2 333.9 342.8 345.6 345.7 344.5 344.3 341.5 333.6 325.7 315.3 307.6 303.3 307 307 307 308.4 308.2 309.2 320.3 323.4 318.1 325 344.4 359.4 367.4 374.6 383.5 389.6 394.4 395.7 397.5 402.8 407.9 411.3 414.5 417.8 420 420.5 419.4 419.8 421.3 416 422.1 428.7 435.3 442.7 450.2 459.5 469 479.2 489.7 498.5 506.3 512.6 516.6 520.4
342.4 342.9 346.5 343.7 349.1 348.8 350.5 352.6 356.6 362.1 365 363.8 359.7 353.1 341.3 321.2 302.5 287.3 280.9 286.8 289.4 300 314.4 323.6 329.5 331.6 331.1 331.9 329.3 319.8 310.3 302.4 303.8 320.8 329.6 329.1 328.1 328.4 323.6 311.2 314.6 326.5 325.5 322.1 330.5 353.1 361.9 369.8 375.6 382.3 387.6 389.4 392.9 396.6 401.6 405.1 410.1 412.4 413.7 414 414.9 415.9 414.6 411 420.7 426.4 432.4 439.4 447 455.9 464.4 474.7 483.7 492.1 501.7 509.6 514.1 516.9
348 348.6 348.9 347.9 350.7 352.6 355.2 357.4 363.7 371.7 374.9 375.4 368.2 361.5 349.9 334.8 318 300.5 288.5 283.9 285.3 292.1 295.9 307.3 312.6 318.8 318.7 319.4 314.6 308.6 302.2 301.4 324.3 336.9 345.3 343.5 343.9 346.2 344.7 327.9 309.8 327.7 326.5 322.8 327.8 339.5 357.8 366.8 371.9 377.1 381.6 385.2 388.7 392 395.4 398.6 403.1 406.2 407 407.6 408.8 411.4 407.7 413.2 418.2 423.3 429.4 435.9 443.3 451.4 459.8 470.1 478 485.7 494.6 503.4 511.4 513.7
353.1 354.4 354.7 352.7 355.8 358.6 361 367.1 376.6 383.6 390.9 391.1 379.6 370.6 361.2 347.7 333.7 320.1 305.8 288.9 286.7 285.6 288.7 294.9 299.1 302.9 304.7 301.3 300 300.3 299 320 334.8 344.2 348.6 350.4 352.6 352.4 351.1 333.4 314 326.9 328.1 326.3 324.9 331 349.6 359.9 367.4 373.3 377.5 381.1 384.5 387.3 390 394.2 397.3 399.8 400.7 400.2 401 395.5 400.8 409.2 415.5 420.6 426.2 432.6 439 446.9 455.2 464.6 472.3 479.8 487 495.1 509 515.2
359.7 361.8 363.2 358.9 362.9 366.2 368.7 378.2 390.1 402.6 412.9 416.3 400.3 383.7 371.4 360.3 349.5 337.7 327.5 307.9 296.5 289.4 288.1 293.1 295.3 297.6 297.9 298.4 298.6 299.1 315.3 333.8 343.4 350.4 353.6 354.8 356 356 353.7 340.8 319.5 321.9 330.2 329.3 327.5 328.3 337.7 353 364.1 368.3 372.6 376.2 378.4 381.2 384.6 388.9 391.2 393.5 395.5 392.4 388.9 395.1 402.4 408 412.7 417.7 423.5 430.4 436.5 442.9 450.6 458.8 466.3 473.6 481.1 493.8 509.3 515.2
368.3 372.2 373.4 365.1 373.2 376.7 382.5 392.9 406.1 420.5 433.3 435.8 417.3 394.8 381.5 370.4 363.1 352.6 341.6 330.1 318.8 307.5 293.7 288.5 291.1 290.7 295.8 298.1 300.1 314.6 336 346.3 348.7 355.3 356.6 357.8 359.2 358.2 355.9 347.4 328.5 319.8 333.4 330.9 328.5 327.7 333 341.1 356.8 363.3 367.3 370.1 372.1 374.6 379.7 382.8 385.4 388 390.8 380.4 390.9 395.8 400.8 405.5 410.1 415 421.8 428.1 434.3 440 446.4 452.5 459.8 468.7 478.1 490.1 505.2 512.3
380.2 385.5 382.1 381.1 383.9 390.1 396.9 406.3 419.3 433 445.8 450 430.9 409.2 393.3 379.2 373.7 367.7 356.3 344.6 340.4 329.3 317.3 305 296 301.8 307.4 309.6 313.5 319.5 342 350.9 354.1 357.7 360.7 361.8 362.5 362.4 359.1 350.8 324.8 316.8 333.7 332.2 328.8 329 329 332.4 343.3 356.6 361 361.5 363.7 367.1 371.2 374.3 378.3 383.6 382.1 385.6 388.2 392.4 397 402.5 407.3 412.6 418.5 424.8 431.3 435.4 442.6 448.4 454.4 463.4 473.2 483.9 494.8 508.6
391.8 391.7 391.4 391.9 394.4 404 411.3 420.7 429.9 441.3 459 477.6 458.6 425.5 407.2 394.3 385.7 378.7 370.2 362.6 357.6 350.7 338.2 331.2 331.6 331.1 330.7 335.4 334.6 345.9 337.4 356.5 359 361.4 364.3 366.6 367.8 366.8 362.6 354.3 339.9 320.5 319.3 331.8 329.8 331.9 332.5 331.5 333.6 343.7 350.7 352.8 354.9 358.2 361.9 367.1 372.6 374.1 380.2 384.8 386 389.6 393.7 398.1 403.7 409.7 414.6 421.1 427 431.3 437.2 442.9 453.3 463.3 473 484.6 498.3 507.1
401.7 402.7 403.2 401.1 404.9 416.7 425.7 434.1 443.9 455.8 477.6 489.9 479.8 446.2 424.2 413.6 400.6 389.6 382.1 378 373.7 367.9 360.6 356.5 355 353 353.7 355.6 355.3 355.1 348.2 361.8 363.5 365.4 368.5 372.4 373.4 371.8 366.3 357.3 346.7 330.2 318.3 319.1 326.9 333.3 334.3 333.3 334.9 334.5 338.1 343.1 345.9 348.9 354.4 359.1 362.6 363.8 375.7 381.6 384.6 388.4 392 395.6 400.2 406.7 412.4 419.5 424.3 430.4 436.5 446.7 457.1 467.2 476.5 486.9 495.5 503.2
410.3 411.4 411.6 409.6 417.1 426.1 435.7 446.8 455.2 470.3 490.9 498.9 489.1 470.7 448.9 435.9 417 404.3 395.2 390.9 386.3 381.5 376.5 372.1 368.5 368.4 368.7 366.5 362.8 365.2 366.8 368.2 369.6 371.4 374.3 378.5 380.7 376.4 368.6 360.7 354.1 346.1 331.9 321.9 320 331.4 335.2 334.8 335.3 335 335.4 337.5 339.7 342.6 347.8 351.8 354.1 360.3 367 373.2 381.3 386.9 391 394 395.5 400.2 406.8 418.3 424.8 431.2 437.1 446.8 457.1 467.7 478 488.7 497.2 504.1
417.9 420.7 419.8 421.5 429.2 436.4 446.1 456.3 465.9 477.1 489.8 497.1 500.1 492.9 474.1 455.5 434.3 417.2 407.6 402.5 397.5 392.8 388.4 384.9 383.1 382.6 379.4 376.2 372.7 373.7 370.7 374.6 376.2 378.3 382.1 384.7 385.1 381.7 373 365.4 359.1 352.4 346.2 338.5 326 320.1 330.6 336.6 337.6 336.5 336.4 337.6 338.7 341.1 346.1 347.7 349 354.1 361.8 364.7 373 383.3 384.3 389 397.8 402.6 408.3 415.4 422.3 429.2 436.1 446.1 456.5 470.2 482.6 491.5 499.1 506.7
425.5 428.9 429.5 429.6 435.4 443.1 454.5 463.7 472.7 481.5 491 500.1 505.2 503.4 492.4 472.4 453.8 438.1 421.8 413.5 408.6 404 399.7 396.2 395 392.1 388.8 383.4 379.4 381.2 379.9 382.4 383.9 387.7 391.3 391.7 390.7 386.4 377.7 369.7 364.3 357.7 352.6 344.5 337.4 319.6 324.6 331.6 341.2 343.4 340.8 339.1 339.3 339.8 345.2 346.7 349 352.6 362.4 375.1 370 372.5 378 387 394 398.6 405.5 412.4 419.5 427.6 435.8 445 455.8 470.1 482 492.7 500.4 508
433.8 435.4 434.8 432.9 440.3 450.4 459.7 468.3 477.1 484.1 492.2 501.1 506.4 507 504.1 498.4 475.6 456.5 438.6 426.5 420.2 415.4 412.7 409.7 406 402.8 398.4 391.7 389.3 390.4 387.8 390.8 392.7 396.5 400.7 401.3 397.5 391.6 382.4 375.1 368 359.8 355.3 349.2 341.2 327.6 318.8 326.5 339.2 349.3 350 346.9 345.1 342.4 345.4 347.3 348.7 350.3 356.7 358.9 363.3 371.4 374.2 382.8 389.4 395.8 402.8 409.6 417.8 425.9 434.6 444.6 457.5 469.9 483.3 493.9 501.5 511.1
441.6 442.5 441.9 439.3 450.1 456.8 465.1 473.6 479.2 486.8 497.7 505.9 511.3 516 511.1 508.5 490.1 474.7 466 450.1 438.7 432.6 429.1 425.8 419 413.6 408.5 400.6 399.7 399.2 396.7 401.8 403.8 411.6 416.1 417.9 412.1 404.4 387.9 381 371.8 363.8 357.4 351.4 342.3 328.5 318.4 318.4 329.5 346.3 351.9 350.1 351.8 346.3 345.1 348 349 348.9 351.8 357.3 358.8 364.2 370.9 377.7 386 392.9 399.8 407.1 416.5 424.3 433 444.3 457.6 469.3 482.2 494.9 504.6 514.5
448.4 449.5 447.7 446.7 453.9 463.4 470.5 475.4 481.4 490.9 501.9 508.2 519.5 524.1 516.8 520 517.2 512.4 490.9 470.2 458.2 450.6 445.2 439 433.7 427.7 422 414.7 411.9 409.5 410.5 415.8 420.8 428.9 436.7 440.8 436.7 418.8 399 386 377.5 368.7 361.6 354.3 344.5 327.9 318.4 318.4 319.7 334.4 345.7 350.9 357.4 360.6 360.7 354.8 349.5 351.3 356.2 358.4 360.9 358.8 366.7 374.1 382 389.9 397.2 404.7 414.6 423.5 432.9 444 456.7 468.4 481.4 494.3 507 517
454.9 456 452.9 456.1 458.1 468.7 474.5 480.3 486.9 494.5 504 511.4 521.5 524.7 536.4 538.5 531.9 522.7 503.9 488 476.2 467.8 461.8 455.2 448.9 444.8 438.1 434.3 431.2 427.7 427.7 432.8 440.1 449 458.8 467.6 474.1 466.6 410 393.1 383.7 374.6 367 360.1 346.8 327.6 318.5 318.4 318.4 319.9 331.1 342.1 354.4 359.4 362 362.9 366.5 369.3 369.3 372.4 379 364.4 366.4 374.4 380.6 386.4 394.4 403.1 413.2 423.2 433.2 443.7 455.7 467.8 482.9 496 508.4 518.6
