app/static/ascii/NH52.asc
ncols 200
nrows 200
xllcorner 250000
yllcorner 820000
cellsize 50
[rows 35 to 69 of 200, columns 0 to 79 of 200]
66.8 65.9 72.4 73.4 80.1 85.3 93.6 98.8 103.9 113.2 122 125.1 131.1 138.2 146.2 154.8 160 163.2 165.4 168.2 164.2 171.5 175.1 178.4 181.5 184.7 188 193.5 199.7 206.8 213.3 219.9 225.5 231.5 235.5 236.9 238.6 241.6 242.3 240.7 238 227.3 225.2 228.7 225.5 220.2 206.2 187.2 167.1 146.4 119.8 108.4 96.5 80.8 60 35.2 15.3 15.3 15.3 15.3 15.3 15.3 15.3 15.3 15.3 15.3 15.3 15.3 15.3 15.3 15.3 15.3 15.3 15.3 15.3 15.3 15.3 15.3 15.3 15.3
72.4 73.5 77.3 82.1 98.6 98.5 105.9 112.5 116.4 126.1 134.7 137.9 143.2 152.2 159.3 166.7 171.1 173.2 175 174.7 175.5 179.2 183.9 187.8 191 194.9 199.4 205 212.6 218.6 224.5 229.3 233.8 237.1 240.4 242.1 243.2 245 246 245.7 243.9 232.3 226.8 225.7 220 209.6 197.5 178.4 161.4 134.6 106.5 95.2 86.1 64.5 44.1 16.2 15.3 15.3 15.3 15.3 15.3 15.3 15.3 15.3 15.3 15.3 15.3 15.3 15.3 15.3 15.3 15.3 15.3 15.3 15.3 15.3 15.3 15.3 15.3 15.3
78.6 79 84.4 99.3 108.8 112.2 117 125.3 131 141.2 148.8 153.7 157.8 159.5 171.6 177.1 179.2 180.6 182.2 183.7 184.9 187.2 192.7 196.8 201.5 205.9 210.5 216.1 222.1 227.6 232.5 236.9 240.6 242.8 244.7 245.9 246.8 248.4 250.5 252.3 251.2 242.7 234.3 224.3 212.3 196.5 179.8 167.6 151.7 126.2 102.4 83 71.1 57.8 31 15.3 15.3 15.3 15.3 15.3 15.3 15.3 15.3 15.3 15.3 15.3 15.3 15.3 15.3 15.3 15.3 15.3 15.3 15.3 15.3 15.3 15.3 15.3 15.3 15.3
83.7 94.5 101.5 107.7 116.2 126.6 130.3 138.3 146.4 153.3 161.7 167.1 171.5 173.5 178.3 183.8 186 187.6 189.2 192 192.8 194.1 200 204.2 209.4 215.2 219.8 225 230 234.7 238.8 242.9 247.1 248.3 247.5 247.1 247.2 250.2 254.5 255.5 254.5 247.4 236.2 216.1 196.3 180.9 166.7 149.9 136.3 120.7 94.7 67.6 60.5 43.7 25.3 15.3 15.3 15.3 15.3 15.3 15.3 15.3 15.3 15.3 15.3 15.3 15.3 15.3 15.3 15.3 15.3 15.3 15.3 15.3 15.3 15.3 15.3 15.3 15.3 15.3
102.9 105.8 107.6 121.3 132.3 137.7 144.6 151.5 159.9 167.2 172.9 178.3 181.9 184.6 185.3 190.6 192.7 194.3 196 199.1 200.9 202.7 205.3 210.1 217 222.4 226.1 230.2 235.2 239.9 244.2 248.2 250.8 252.1 247.7 247.6 247.5 254.1 260.5 258.9 256 248.7 231.2 204.3 184.6 171.2 162.2 150.8 131.8 111.6 76.1 51.9 42.9 33.6 15.3 15.3 15.3 15.3 15.3 15.3 15.3 15.3 15.3 15.3 15.3 15.3 15.3 15.3 15.3 15.3 15.3 15.3 15.3 15.3 15.3 15.3 15.3 15.3 15.3 15.3
113.6 119.5 123.6 137.7 144.9 150.1 157.8 165 171.5 179.1 183 186.8 189.8 192.6 188.6 196.5 199.4 200.9 203.1 205.8 209.8 211.8 211.7 217.9 224.5 228.7 232.1 235.9 240.1 244.5 248.7 251.7 254 254.8 249.2 247.6 248.5 256.8 259.7 257.6 253.6 243.2 222.4 192.5 173.1 161.2 158.8 150.8 125.4 89.9 62.4 44.1 27 15.3 15.3 15.3 15.3 15.3 15.3 15.3 15.3 15.3 15.3 15.3 15.3 15.3 15.3 15.3 15.3 15.3 15.3 15.3 15.3 15.3 15.3 15.3 15.3 15.3 15.3 15.3
127.2 134.7 136.7 149 157.1 164 169.6 177.1 181.9 187.8 191.9 194.9 197.5 199.2 199.9 199.9 205 207.5 210 212.6 216.4 219.1 219.3 224 230.8 234.2 236.7 240.5 244.4 247.5 251.1 254.5 256.8 256.7 251 247.9 254.1 261.6 258.9 253.8 246.3 230.2 212.3 187.3 162.5 155.3 155.9 141.5 113 70.2 55.6 35.3 15.3 15.3 15.3 15.3 15.3 15.3 15.3 15.3 15.3 15.3 15.3 15.3 15.3 15.3 15.3 15.3 15.3 15.3 15.3 15.3 15.3 15.3 15.3 15.3 15.3 15.3 15.3 15.3
141.9 146.7 151.9 159.6 168 176.4 181.5 188.4 192.4 195.4 199.2 201.7 203.8 205.1 205.5 196.7 210.6 213.7 216.2 219.1 222 225.2 226.8 228.7 234.4 237.6 240.7 244.5 248.3 250.9 252.4 254.9 257 257.3 253.8 258.6 261.9 261.1 258.4 251.6 240.9 222.7 201.5 172.9 151.8 151.9 145.5 125.9 103.7 59.4 37.3 16 15.3 15.3 15.3 15.3 15.3 15.3 15.3 15.3 15.3 15.3 15.3 15.3 15.3 15.3 15.3 15.3 15.3 15.3 15.3 15.3 15.3 15.3 15.3 15.3 15.3 15.3 15.3 15.3
152.5 159.2 165.4 171.3 179.1 186.6 193.7 197.4 201.5 204 206.3 207.8 209.2 210.4 211.1 207.3 211.9 219.6 223.3 225.8 228.7 231 232.6 233.9 238 241.2 243.9 247.5 250.7 252.8 252.5 254.4 257.4 259.2 256.8 258.2 259.3 258.9 254.1 245.5 232.1 214.9 185.5 155.7 148.4 145.5 124.3 107.6 82.8 50.5 18.1 15.3 15.3 15.3 15.3 15.3 15.3 15.3 15.3 15.3 15.3 15.3 15.3 15.3 15.3 15.3 15.3 15.3 15.3 15.3 15.3 15.3 15.3 15.3 15.3 15.3 15.3 15.3 15.3 15.3
162.2 171.4 177.7 185 188.6 197.5 203 206 209.2 211.3 212.1 213.6 214.3 215.4 216.3 216.9 207.3 222.5 228.8 231.8 233.5 235.2 236.7 238.4 241.4 244.7 246.7 248.7 251.3 252.8 251.2 254 257.2 259.7 260.4 253.3 258.5 255.9 248.8 237.1 223.3 202.3 165.5 147 141.2 123.9 105.3 82.5 61.7 34.9 15.3 15.3 15.3 15.3 15.3 15.3 15.3 15.3 15.3 15.3 15.3 15.3 15.3 15.3 15.3 15.3 15.3 15.3 15.3 15.3 15.3 15.3 15.3 15.3 15.3 15.3 15.3 15.3 15.3 15.3
172.4 182.2 188.8 195.8 200.8 204.8 211.1 213.8 215.6 216.9 218 218.7 219.3 220.3 221.6 222.1 216.7 222.5 233.6 235.5 237.4 239 240.6 242.4 244.7 246.7 248.3 250.2 252 251.8 251.1 251.2 253.8 260.4 261.4 260.8 256.4 251.2 241.5 228.4 213.6 185.5 150 144.3 127.5 117.5 86.6 65.8 42.2 15.3 15.3 15.3 15.3 15.3 15.3 15.3 15.3 15.3 15.3 15.3 15.3 15.3 15.3 15.3 15.3 15.3 15.3 15.3 15.3 15.3 15.3 15.3 15.3 15.3 15.3 15.3 15.3 15.3 15.3 15.3
183.4 191.7 200.2 206.3 211 211.5 217.9 220.1 221.3 222 222.5 223.6 224.3 225.3 226.6 228.2 226 221.6 238.1 239.2 241.2 242.4 243.9 245.8 248 249.9 251 251.2 251.3 251.1 251 251.3 253.4 254.6 255 255.5 250.3 245.5 234.6 222.4 198.8 164.9 139.6 133.7 123.9 114.9 80.8 56.8 30.8 15.3 15.3 15.3 15.3 15.3 15.3 15.3 15.3 15.3 15.3 15.3 15.3 15.3 15.3 15.3 15.3 15.3 15.3 15.3 15.3 15.3 15.3 15.3 15.3 15.3 15.3 15.3 15.3 15.3 15.3 15.3
195.2 202.3 210.1 215.4 219.2 221.1 222.8 225.8 225.7 226.2 226.4 227.8 228.8 230.2 231.6 233.9 233.3 226.4 242.3 242.4 243.8 245 246.4 248.5 250.7 252.7 253.2 251.3 251.9 251.9 252.7 255 255.2 254.9 254.7 248.4 242.1 236.4 227 209.1 182.6 145.8 127.6 128.1 126.2 108.2 72.2 47.8 15.3 15.3 15.3 15.3 15.3 15.3 15.3 15.3 15.3 15.3 15.3 15.3 15.3 15.3 15.3 15.3 15.3 15.3 15.3 15.3 15.3 15.3 15.3 15.3 15.3 15.3 15.3 15.3 15.3 15.3 15.3 15.3
205.8 213.4 217.6 222.7 226.5 228.8 226.2 230 230.4 230.4 230.5 231.6 233.1 234.5 235.9 238.7 239.7 240.5 239.5 244.1 245.6 247.2 248.6 251 253.3 254.8 253.4 252.3 253 254.2 258.4 259 258.7 257.1 252.9 246.5 236.2 226.4 210.7 189.7 162.9 132.9 118.6 130.5 120.6 96.3 70 35.1 15.3 15.3 15.3 15.3 15.3 15.3 15.3 15.3 15.3 15.3 15.3 15.3 15.3 15.3 15.3 15.3 15.3 15.3 15.3 15.3 15.3 15.3 15.3 15.3 15.3 15.3 15.3 15.3 15.3 15.3 15.3 15.3
216.8 222.4 225.7 229.6 232.3 233.9 231.7 234.4 234.2 234.1 234.6 235.5 237.1 238.7 240.4 242.1 243.2 244 238.2 245.6 247.2 248.9 251.3 254 256.2 257.2 254.5 254 258.9 258.2 262.9 259.6 256.3 253.5 247.9 238.6 225.4 213.8 195.4 175.5 142.8 124 114.2 122.3 104.5 78.3 55.4 15.3 15.3 15.3 15.3 15.3 15.3 15.3 15.3 15.3 15.3 15.3 15.3 15.3 15.3 15.3 15.3 15.3 15.3 15.3 15.3 15.3 15.3 15.3 15.3 15.3 15.3 15.3 15.3 15.3 15.3 15.3 15.3 15.3
226.7 230.4 233 235.1 236.7 237.4 235.1 237.8 237.6 237.5 238 239.1 240.6 241.9 243.4 244.4 245.5 246.6 241 247.3 248.8 251.4 254.6 257.3 259.6 261.4 258.2 255.8 259.6 260.4 266.4 258.2 255.3 250.4 242.9 232.8 215.6 195.7 178.3 157.4 126.3 111.1 105.9 97.7 76.1 53.9 23.3 15.3 15.3 15.3 15.3 15.3 15.3 15.3 15.3 15.3 15.3 15.3 15.3 15.3 15.3 15.3 15.3 15.3 15.3 15.3 15.3 15.3 15.3 15.3 15.3 15.3 15.3 15.3 15.3 15.3 15.3 15.3 15.3 15.3
233.7 237.1 238.9 240.4 240.2 240.8 239.3 240.1 240.2 240.4 241.4 242.4 243.8 244.3 245.7 246.3 246.9 247.8 244.4 248.7 250.4 253.9 256.9 259.6 263.2 267.1 266.5 257.5 258.5 259.1 256.9 257.1 251.3 244.5 234.2 219.3 201.2 179.6 161.7 135.7 112.1 102.1 91 77 56.6 23.5 15.3 15.3 15.3 15.3 15.3 15.3 15.3 15.3 15.3 15.3 15.3 15.3 15.3 15.3 15.3 15.3 15.3 15.3 15.3 15.3 15.3 15.3 15.3 15.3 15.3 15.3 15.3 15.3 15.3 15.3 15.3 15.3 15.3 15.3
239.5 241.8 243.5 244 243.9 243.8 242.9 242.3 243 243.6 244.6 245.8 246.9 247.4 248.1 248.1 248 248.5 246.8 250.1 253.2 256.5 259.6 261.6 264.3 268.7 270.6 269.4 260.4 256.6 250.2 248.5 244.2 233 218.5 204.1 186.2 165.9 146.9 120.6 100.8 92 75 60.2 24.1 15.3 15.3 15.3 15.3 15.3 15.3 15.3 15.3 15.3 15.3 15.3 15.3 15.3 15.3 15.3 15.3 15.3 15.3 15.3 15.3 15.3 15.3 15.3 15.3 15.3 15.3 15.3 15.3 15.3 15.3 15.3 15.3 15.3 15.3 15.3
243.8 246.1 246.6 246.3 246.3 245.4 245 245.2 246 246.8 247.6 248.9 249.5 249.8 249.9 249.7 249.5 249 249.3 251.2 255.9 259.4 262.6 262.4 265.1 268.8 270 268.4 267.6 258.8 251 250.5 239.8 218.6 200.9 187.9 173.1 152.1 135.1 106.4 88.6 72.6 58.5 26.4 15.3 15.3 15.3 15.3 15.3 15.3 15.3 15.3 15.3 15.3 15.3 15.3 15.3 15.3 15.3 15.3 15.3 15.3 15.3 15.3 15.3 15.3 15.3 15.3 15.3 15.3 15.3 15.3 15.3 15.3 15.3 15.3 15.3 15.3 15.3 15.3
248.2 249 248.9 248.7 248.3 247.7 247.1 248 248.7 249.3 250.1 250.7 250.9 250.9 250.8 250.4 249.8 249.2 249.4 254.3 259.3 262.6 264.4 261.2 261.3 264.6 268.4 263.7 259 252.4 251.4 249.4 235.7 211.6 191.8 182.3 159.2 139.4 121.7 90.1 72.3 57 22.1 15.3 15.3 15.3 15.3 15.3 15.3 15.3 15.3 15.3 15.3 15.3 15.3 15.3 15.3 15.3 15.3 15.3 15.3 15.3 15.3 15.3 15.3 15.3 15.3 15.3 15.3 15.3 15.3 15.3 15.3 15.3 15.3 15.3 15.3 15.3 15.3 15.3
251 251 250.9 250.5 250 249.5 249.4 249.5 249.8 250.4 251.3 251.5 251.1 250.9 250.8 250 249.4 249.2 251.1 257.5 262.3 263.5 264 258.6 257.5 258 259 257.1 250.3 241.7 245 237.3 230 207.8 183.1 169.4 141.8 127.7 101.2 79.5 61 30 15.3 15.3 15.3 15.3 15.3 15.3 15.3 15.3 15.3 15.3 15.3 15.3 15.3 15.3 15.3 15.3 15.3 15.3 15.3 15.3 15.3 15.3 15.3 15.3 15.3 15.3 15.3 15.3 15.3 15.3 15.3 15.3 15.3 15.3 15.3 15.3 15.3 15.3
253.1 252.8 252.6 252.2 251.8 251.2 251.6 251.5 251.7 251.8 251.4 251.5 251.3 251 250.6 249.8 249.2 250.8 254.5 260.9 263.7 263.1 261.3 256.2 256 254.9 258.1 250.7 239.5 235.5 232.3 222.8 218.8 196.6 164.1 153.6 127.2 106.6 85 68 43.2 15.3 15.3 15.3 15.3 15.3 15.3 15.3 15.3 15.3 15.3 15.3 15.3 15.3 15.3 15.3 15.3 15.3 15.3 15.3 15.3 15.3 15.3 15.3 15.3 15.3 15.3 15.3 15.3 15.3 15.3 15.3 15.3 15.3 15.3 15.3 15.3 15.3 15.3 15.3
254.4 253.3 253.8 253.7 253.5 253.3 253.8 253.7 253.7 253.1 252.5 251.8 251.5 251 250.5 249.7 251.2 254.4 258.6 261.9 263.4 261.1 256.4 255 258.5 254.8 250.6 242.9 232.5 227.9 223.7 211.7 197.1 177.2 146.6 132.7 111.6 90.8 68.5 51.1 21.4 15.3 15.3 15.3 15.3 15.3 15.3 15.3 15.3 15.3 15.3 15.3 15.3 15.3 15.3 15.3 15.3 15.3 15.3 15.3 15.3 15.3 15.3 15.3 15.3 15.3 15.3 15.3 15.3 15.3 15.3 15.3 15.3 15.3 15.3 15.3 15.3 15.3 15.3 15.3
254 254.1 255 255 255.2 255.7 256.5 255.9 255 254.4 253.8 253 252.1 251.2 250.3 251.8 255.6 259.5 260.8 261.3 261.7 259.3 257.1 255 255 254.9 247.7 236.6 232.4 223.4 212.2 198.6 179.1 155.3 130.3 106.9 86.5 69.5 54.3 30.9 15.3 15.3 15.3 15.3 15.3 15.3 15.3 15.3 15.3 15.3 15.3 15.3 15.3 15.3 15.3 15.3 15.3 15.3 15.3 15.3 15.3 15.3 15.3 15.3 15.3 15.3 15.3 15.3 15.3 15.3 15.3 15.3 15.3 15.3 15.3 15.3 15.3 15.3 15.3 15.3
256.7 256 256.8 257.1 257.2 257.4 258.3 257.2 256.2 255.3 254.5 253.7 252.8 251.9 252.2 255 259.2 262.4 263.2 261.3 260.2 258.6 256.9 253.2 247.9 248.2 238.4 223.3 215.9 209.6 202.2 179 153.5 134 107.3 85.1 65.3 53.4 30.8 15.3 15.3 15.3 15.3 15.3 15.3 15.3 15.3 15.3 15.3 15.3 15.3 15.3 15.3 15.3 15.3 15.3 15.3 15.3 15.3 15.3 15.3 15.3 15.3 15.3 15.3 15.3 15.3 15.3 15.3 15.3 15.3 15.3 15.3 15.3 15.3 15.3 15.3 15.3 15.3 15.3
258.5 258.3 258.6 258.8 259.1 259.2 258.4 257.9 256.9 256 255.2 254.4 253.5 253.1 255.3 257.8 261.4 264.8 264 261.2 259.2 257.1 255 250.3 245.5 239.5 220.1 213.7 203.9 191 180 154.9 136.7 108.4 87.3 71.2 54.2 31.6 15.3 15.3 15.3 15.3 15.3 15.3 15.3 15.3 15.3 15.3 15.3 15.3 15.3 15.3 15.3 15.3 15.3 15.3 15.3 15.3 15.3 15.3 15.3 15.3 15.3 15.3 15.3 15.3 15.3 15.3 15.3 15.3 15.3 15.3 15.3 15.3 15.3 15.3 15.3 15.3 15.3 15.3
259.7 259.9 260.4 260.6 260.4 259.7 259 258.2 257.1 255.9 255 254.1 253.2 255.4 257.8 260.1 263.8 266.3 263.9 261.1 258.8 256.7 253.6 247.8 239.9 225.1 214.3 206.3 185.8 173.4 154.3 135.7 119.8 89.5 72 61.2 37.6 15.3 15.3 15.3 15.3 15.3 15.3 15.3 15.3 15.3 15.3 15.3 15.3 15.3 15.3 15.3 15.3 15.3 15.3 15.3 15.3 15.3 15.3 15.3 15.3 15.3 15.3 15.3 15.3 15.3 15.3 15.3 15.3 15.3 15.3 15.3 15.3 15.3 15.3 15.3 15.3 15.3 15.3 15.3
261 261.4 261.9 261.7 261 260.2 259.5 258.5 257.4 256 254.6 253.5 255.2 257.5 259.8 262 264.8 266.4 264 260.9 258.7 255.8 252.9 246.6 233.3 216.5 207.7 196.9 180 163.9 141.9 124.6 101.1 75 60.6 45 19.6 15.3 15.3 15.3 15.3 15.3 15.3 15.3 15.3 15.3 15.3 15.3 15.3 15.3 15.3 15.3 15.3 15.3 15.3 15.3 15.3 15.3 15.3 15.3 15.3 15.3 15.3 15.3 15.3 15.3 15.3 15.3 15.3 15.3 15.3 15.3 15.3 15.3 15.3 15.3 15.3 15.3 15.3 15.3
262.5 262.8 262.9 262.3 261.8 260.1 259.1 258.2 256.8 255.4 254.1 254.5 257.1 260.5 263.9 265.2 265.3 265.6 264 261.1 258.8 255.9 252.4 245.7 229.6 220.5 208.1 194.8 178.9 158.7 134.3 112.6 85.6 64 54.1 28.2 15.3 15.3 15.3 15.3 15.3 15.3 15.3 15.3 15.3 15.3 15.3 15.3 15.3 15.3 15.3 15.3 15.3 15.3 15.3 15.3 15.3 15.3 15.3 15.3 15.3 15.3 15.3 15.3 15.3 15.3 15.3 15.3 15.3 15.3 15.3 15.3 15.3 15.3 15.3 15.3 15.3 15.3 15.3 15.3
263.9 264.1 263.3 262.5 261.9 260.2 258.8 257.6 256.2 254.8 254.2 255.9 258.9 263.4 266.5 267.9 267.4 265.9 263.4 261.7 259.3 258.6 259.7 256.7 249.1 232.7 208.6 189.6 170.5 145.9 126.6 100.8 78.5 60.2 38.2 19.3 15.3 15.3 15.3 15.3 15.3 15.3 15.3 15.3 15.3 15.3 15.3 15.3 15.3 15.3 15.3 15.3 15.3 15.3 15.3 15.3 15.3 15.3 15.3 15.3 15.3 15.3 15.3 15.3 15.3 15.3 15.3 15.3 15.3 15.3 15.3 15.3 15.3 15.3 15.3 15.3 15.3 15.3 15.3 25.1
264.9 265 264.1 262.9 262 260.3 258.4 257 255.6 254.6 255.7 257.5 260.9 265.5 267.3 268.2 268.5 267.3 264.9 262.6 261 262.5 262.1 258.9 253.5 241.7 214 186.7 164.5 138.2 110.9 87.7 68.8 50.7 28.6 15.3 15.3 15.3 15.3 15.3 15.3 15.3 15.3 15.3 15.3 15.3 15.3 15.3 15.3 15.3 15.3 15.3 15.3 15.3 15.3 15.3 15.3 15.3 15.3 15.3 15.3 15.3 15.3 15.3 15.3 15.3 15.3 15.3 15.3 15.3 15.3 15.3 15.3 15.3 15.3 15.3 15.3 15.3 21.6 45.6
265.9 265.4 263.9 262.6 260.9 259.4 257.7 256.3 255.2 255.4 257.1 259.6 263.1 266.6 266.6 267 267.2 267.1 266.4 264.8 265.6 266.9 263 256.8 247.5 235.1 215.4 176.3 150.8 128.4 95.3 78 62.6 36.6 18.3 15.3 15.3 15.3 15.3 15.3 15.3 15.3 15.3 15.3 15.3 15.3 15.3 15.3 15.3 15.3 15.3 15.3 15.3 15.3 15.3 15.3 15.3 15.3 15.3 15.3 15.3 15.3 15.3 15.3 15.3 15.3 15.3 15.3 15.3 15.3 15.3 15.3 15.3 15.3 15.3 15.3 15.3 18.5 36.8 63.3
266.2 265.6 264 262.1 260 258.4 257.2 256 255.8 256.5 258.1 261.4 265.3 266.1 264 263.8 266.3 267.5 267 267.8 269.1 269.5 266 257.3 244.4 230.9 208.8 175.4 135.3 106.6 83.1 68.3 45.2 24.9 15.3 15.3 15.3 15.3 15.3 15.3 15.3 15.3 15.3 15.3 15.3 15.3 15.3 15.3 15.3 15.3 15.3 15.3 15.3 15.3 15.3 15.3 15.3 15.3 15.3 15.3 15.3 15.3 15.3 15.3 15.3 15.3 15.3 15.3 15.3 15.3 15.3 15.3 15.3 15.3 15.3 15.3 16.4 37.3 55.2 82.7
266.5 265.4 263.9 261.3 259.3 258.2 257.2 256.5 256.9 257.7 261.1 264.1 266.4 265.8 264.6 266.3 268.1 268.4 268.2 269.7 271.5 269.4 264.2 256.5 236.3 218.1 195.1 162.2 119.8 90 74.2 56.4 28.3 15.3 15.3 15.3 15.3 15.3 15.3 15.3 15.3 15.3 15.3 15.3 15.3 15.3 15.3 15.3 15.3 15.3 15.3 15.3 15.3 15.3 15.3 15.3 15.3 15.3 15.3 15.3 15.3 15.3 15.3 15.3 15.3 15.3 15.3 15.3 15.3 15.3 15.3 15.3 15.3 15.3 15.3 16.7 35.4 51.9 69.5 97.2
266.7 264.7 263.1 260.4 259 257.9 257.2 256.9 257.6 258.8 262 263.9 264.4 265.1 266.2 267.9 269.6 268.9 266.8 274.2 274 268.7 260.9 250.3 231.3 199.1 177 144.4 108.1 79 66.9 36.5 15.3 15.3 15.3 15.3 15.3 15.3 15.3 15.3 15.3 15.3 15.3 15.3 15.3 15.3 15.3 15.3 15.3 15.3 15.3 15.3 15.3 15.3 15.3 15.3 15.3 15.3 15.3 15.3 15.3 15.3 15.3 15.3 15.3 15.3 15.3 15.3 15.3 15.3 15.3 15.3 15.3 15.3 19 37.1 54.8 65.8 86.6 115.9
