app/static/ascii/NH53.asc
ncols 200
nrows 200
xllcorner 250000
yllcorner 830000
cellsize 50
[rows 72 to 107 of 200, columns 0 to 79 of 200]
225.5 219.3 207.1 195.8 184 175.9 171.9 169.6 169.2 169.1 172.5 175.8 178.5 183.2 191.6 198.6 204.1 209.2 213.3 215.5 217.8 218.7 219.1 219.5 222.5 226.1 231.3 233.8 236.2 238.8 242.2 244.6 246 245.7 245.1 244.5 243.9 243.6 244 249.1 257.3 262.2 267.6 272.8 277.6 281.5 283.7 285 285.4 286.3 287.1 287.8 288.7 289.5 291.2 292.4 293.8 295.1 296.4 297.1 296.2 293.8 289 285.3 281.8 278.8 275.7 271.9 270.1 267.5 265 262.8 263.5 265.2 267 268.3 268.4 267.5 266.2 265.5
226.4 215.8 203.7 190.9 176.4 174.5 172.7 171.7 171.8 173.6 177.4 180.7 187.8 194.4 202.6 209 213.2 218 222 224.7 226.8 226.1 226.6 227.3 231 235.7 239.6 243 245.6 248.3 251.2 252.5 252.4 252.2 252 251.4 250.5 250.2 250.3 251.2 256.8 262.1 266.7 271.4 276 279.1 280 281.2 284.6 285.5 285.3 286.4 287.2 288.1 289.6 290.3 291 292.3 293.8 294.8 294 290.1 285.4 281.3 277.5 275 272.4 269.7 268.4 266.9 264.1 263.9 265.1 267.2 268.8 269.2 268.9 267.3 266 266.1
224 212.3 200.6 188.6 176.4 174.8 174.9 175.7 177.5 178.3 182.5 188.4 199.1 206.3 213 218.1 222.4 227.3 231 233.9 233.5 233 233.6 235.8 240.4 245.5 249.3 252.3 255.2 257.9 260 259.4 257.7 257 256.8 256.6 255.7 255.2 255.4 256.1 259 263.8 267.9 272 274.9 276 277.1 278.9 281.8 284 283.6 284.4 285.6 286.6 287.4 288.1 288.8 289.5 290.8 291.4 289.7 286 281.5 277.2 273.8 271.2 268.8 267.8 266.5 265.2 264.4 265.3 267.1 269.1 270 269.8 268.4 267.1 266.6 266.5
220 208.4 197 186.4 177.9 176.3 179.1 180.8 182.5 184.8 190.1 200.9 210 217.5 222 227.3 232 237.1 240.4 240.8 239.8 239.3 240.7 245.9 249.6 252.9 256.7 260.1 264 266.8 266.8 265.8 263 262.6 262.2 261.7 260 259.9 260.1 260.3 262.1 266.1 269.8 272.1 274.4 275.7 276.5 278.1 279.8 281.7 282.4 283.3 283.8 284.3 284.7 285.5 286.3 287 286.8 286.1 283.5 280.3 276.4 273 270.2 268.4 267.8 267 266.1 265.6 265.8 267.9 269.6 270.5 270.6 270 269.3 268.2 267.2 266.9
216.5 205 193.8 185.3 178.1 179.3 183.3 185.2 189.4 194.3 201.8 212 220.6 227.5 230.5 236.7 242.7 246.3 248 247 246.1 246.4 251 255.9 259.8 262.7 266.1 269.9 273.5 274.3 272.6 270.4 268.9 268.9 268.3 267.7 268 264.1 264.1 264.1 265.7 269.7 271.4 272.3 273.9 275.8 276.6 278.2 279.6 281 281.2 280.7 281.3 281.9 282.3 282.7 283.4 283 283.4 281.5 278.7 275.2 272.4 268.8 267.8 267.9 267.1 266.4 266.3 266.8 268.6 270.1 270.8 271.6 270.2 269.8 269.4 268.7 268 267.3
213.4 201.3 191.5 183.7 177.8 184.1 188.1 191.2 196.5 203.4 214.8 224.7 232.1 235.3 239.5 247.9 253 255.4 255.5 253.1 252.3 255.9 260.7 265.4 269.1 272.7 275.8 279.9 279.9 278.6 276.6 274.7 272.9 273.7 274.3 273.7 274.2 271.2 268.4 269.1 270.8 272.6 273.6 274.6 275.6 276.5 277.7 279.2 280.8 281 280.2 278.5 278.8 279.4 279.9 280.2 279.9 278.8 278 276.9 274.6 271.6 269.4 267.1 267.2 267.2 266.6 267.1 268.2 269.6 270.7 271.8 272 271.6 269.9 269.6 269.3 268.8 268.1 268
209.5 197.6 188.8 180.4 183.6 189.7 193.4 198.7 204.6 214.4 227.4 236.4 240 243.3 252.5 259.7 262.7 263.5 260.7 260.5 261.8 266.6 271.1 275 278.8 282.5 287.6 287.2 285.5 282.5 280.6 278.4 276.8 277.7 278.5 279.4 279.8 276.8 272.7 272.7 273.4 274.7 276.3 277.5 278.4 279.3 280.4 281.5 282.2 280.2 277.8 276.2 276.6 277 277.5 277.6 276.3 274 272.3 271.1 270.2 268.5 266.9 266.9 267.5 267.4 268.1 269.4 270.5 271.8 272.2 273.4 273.2 271.2 269.7 269.3 269 268.7 268.2 268.7
204.3 194.2 185.3 182.5 190.3 195.7 199.9 205.5 215.7 227.7 238.2 246.3 250.1 254.1 264.5 269.5 270.6 270 266.8 267.9 272.2 277.4 281.3 285.1 290.1 294.2 294.4 292.1 288.6 285.7 283.8 282 281.2 281.9 282.6 283.4 284.3 279.3 276.5 275.6 276 277 279 280.6 281.3 282.1 283.1 283.7 282.5 279.1 276.1 273.8 274.2 274.6 274.8 272.8 271 269.2 268.2 267.3 267.4 267.6 267.7 267.9 268.1 269.5 270.9 271.9 272.7 274 274.3 274.2 273.6 271.3 269.4 269.1 268.8 268.5 268.2 269.4
200.2 190.9 185.9 183.1 196.9 202.4 207.5 216.4 227.6 242 250.6 254.3 257.5 266.8 275.6 278.7 278.1 274.7 274.5 279 283.5 288.3 292.2 296.3 300.5 302 299.7 296.1 292.8 290.2 288 285.9 286 286.7 288.6 288.8 286.4 282.4 280.7 279.4 278.5 279.4 281.7 283.6 284.4 285 285 284.5 281.3 277.7 274.8 272.6 272.1 271.7 271.4 270.4 269.3 268.9 268.3 267.6 268 268.2 268.5 269 270.7 272.2 273.6 274.5 275.1 276.1 276.1 275.2 272.5 270.6 269.1 269.2 268.9 268.6 268.9 270.8
197.5 195.5 185.9 187 201.8 206.9 216.5 231.5 246.6 257 259.5 262.2 267.6 278.8 285.4 287.2 283.3 281.3 284.3 290.7 296.3 300.2 303.3 306.1 308.1 305.4 302.9 300.2 297.1 295.2 293.3 291.7 291.1 292.7 295.7 292.6 287.2 284.1 283.6 283 282.5 281.8 284.5 286.6 286.6 286.7 284.9 282.7 279.6 277.1 274.9 272.8 271.4 270.9 269.8 268 269 269.3 269.1 268 269.3 270.2 271.1 272.7 274.6 275.3 276.4 277 277.6 277.8 276.5 274.2 272.2 270.2 268.7 269.1 268.9 268.7 269.9 272.1
209 194.3 185.8 193.1 206.9 215.3 230.8 248.8 261.3 266.5 267.7 269.3 281.3 289.1 293.9 292.7 289.2 290.4 297.1 302.3 306 307.4 310.6 310.9 308.7 308.1 305.8 303.5 301.8 300 298.9 297.8 297.2 299.4 296.6 291 286.9 287 287 287 286.6 286.3 289 290.1 290 288.4 285.1 281.9 279.5 277.5 275.5 273.4 271.5 270 269.1 268.6 269.3 269.7 269.5 270.8 272 273.8 275 276.8 278.6 279.7 279.2 279.2 279 277.9 275.7 273.6 271.4 270 269 268.5 269 269.2 270.8 273.4
210.6 194.9 187.2 199.2 212 225.6 247.2 266.7 273 273.4 273.3 276.9 291.3 296.8 299.7 296.7 294.2 300.5 306.3 309.1 310.9 312.4 314.3 309.1 309.1 309.2 307.7 306 304.7 302.9 301.6 301 301.7 297.5 295.7 291.2 291 290.9 290.4 290.5 290.7 291.1 292.6 294.1 293.7 289.2 285.3 282.3 280.2 278.2 276.1 274 272.1 270.4 268.8 269.2 269.3 269.5 271.3 273.1 275.1 277.8 279.1 281 283.2 282.8 281.7 280.2 278.2 276.2 274.6 272.5 271 270.3 269.6 268.8 268.5 269.3 271 274.4
216.1 196.5 189.1 200.1 218.8 241.8 260.9 276.8 278.2 278 276.2 285.8 296.4 301.3 301.2 298.9 300.8 305.1 308.5 311.4 312.4 312.7 309.9 308.7 308.6 309 309.1 307.4 306.6 305.9 303.6 303.1 303.2 300.6 295 294.2 293.9 293.9 294 294 294.4 295.3 296.7 297.8 295.9 290.3 285.9 282.9 280.9 278.9 276.8 274.7 272.4 269.4 268.7 269.5 269.7 271.5 274 275.8 279.7 282.1 284.1 286.3 285.7 284.8 282 280 277.7 275.3 273.1 272.1 271.4 270.6 269.9 269.3 268.8 268.9 270 271.8
220.7 200.4 190.6 204.1 228.4 249.8 266.7 276 277.7 278.8 278.5 287.3 295.8 301.6 302.4 300.4 303.9 307 309.6 313.6 310.9 309.4 308.9 308.7 309.1 309 309.1 307.8 306.6 306.3 305.2 304.9 302.7 300 298.8 298.7 298.6 298.5 298.4 298.9 299.1 299.8 302 301.2 296.3 291.3 287.6 283.8 281.8 279.7 277.6 274.7 271.6 269.1 268.6 269.4 272 275 277.7 279.9 283.2 286.6 289.4 289.3 288.1 285.7 282.8 279.4 276.8 274.3 272.2 271.8 271 270.2 269.5 269 269 268.6 269.7 271.3
224.9 204 192.3 208 232.2 247.4 257.9 266.4 272.7 275.9 279.3 284.8 286.8 290.3 295.8 299.8 303.9 308 309.4 310 309.5 309.3 309 309.4 309.5 309.2 307.5 307.7 307.3 306.4 305.6 305.3 303.8 303.9 303.7 303.7 303.6 303.5 303.8 303.9 303.8 303.6 305.8 302 297 292.9 289.4 285.6 282.7 280.6 278.1 274.9 271.4 270.5 270 272 275.7 279 281.6 284.2 287 290.4 292.1 291.3 289.2 285.7 282.2 278.7 275.8 273.3 271.5 271.4 270.8 270 269.2 268.6 268.4 268.6 269.9 271.9
224.8 207.1 195 204.3 222.2 237.5 251.6 263.9 270.8 275.2 279.8 285.6 291.2 292.4 299.1 300.9 300.8 303.6 305.6 307.6 308.6 308.7 308.5 309.2 308.1 307.5 307 307.1 307 306.9 307 306.8 308.8 309 308.6 308.8 308.6 308.6 308.5 308 307.9 307.8 306.6 302.9 297.9 294.2 290.7 287.2 283.9 281.1 278.6 275.5 272.9 273.7 275.8 279.1 281.8 283.8 287 290.2 293.2 294.5 293.2 292.2 288.4 285.1 281.6 278.1 275.1 272.3 270.9 270.6 270.6 270 269.5 269 269 270 270.4 272.5
227 212.4 198.1 205.5 222.4 233.3 247 261.7 269.5 273.9 279.5 290.6 293.1 295.4 299.8 297.2 298 299.5 301.5 303.6 302.5 302.5 303.3 303.8 304.2 305.4 307 307.4 307.6 308.4 309.8 312.8 315.2 313.7 312.3 312.6 313 312.9 312.4 311.7 310.4 309.1 306.4 302 297.9 294.9 291.9 289 286 283 279.1 275.2 277.1 279.8 283 286.1 288.4 290.8 293.8 295.9 297.4 297.5 294 291.5 287.5 284.2 280.9 277.4 274.5 271.6 271.1 271.8 271.2 270.6 270.3 270 269.7 271.3 271.8 272.5
230.7 217.2 200.8 207 224.8 236 248.4 261.5 267.9 271.6 274.8 286.1 288.4 291.5 292.1 292.3 292.4 292.4 295 294 295 295.9 298.8 299.3 300.8 302.7 305.2 308 309.4 311.4 313.7 318.7 320.4 318 315.8 315.6 315.4 315 314.6 313.4 312 310.6 307.4 302.4 298.4 295.5 292.8 290.9 288.4 284.4 278.6 280.6 283.1 285.5 288.6 292.2 295.1 297.8 299.5 301.1 302.4 300 295.6 290.8 286.8 283.4 280 276.8 274.3 272.7 272.1 272 272 271.7 271.4 271.1 270.8 272.1 273.1 273.2
229.7 215.5 203.1 209 224.6 236.1 249.7 262.2 265.8 266.7 262.8 270.1 273.9 276.8 282.5 283.6 283.5 284.9 287.6 289 291 293.6 294.7 297.2 299 301 304.4 308.9 311.3 314 317.4 322.5 324.1 321.5 319.7 317.9 316.5 316.2 316.2 315.3 313.9 312.2 309 303.7 299.4 296.2 293.7 291.8 289.8 284.5 282.3 284.3 287.5 291.1 294.7 298 301 303.6 305.7 306.5 306.1 301 296 291.2 286.4 282.7 279.6 276.7 274.7 274.1 273.5 273.1 272.9 272.7 272.4 272.1 271.8 272.8 273.3 274.8
224 211.2 202.6 211.9 228.8 240.3 253.7 261.2 261.4 255.8 254.3 256.9 260.5 267.3 272.5 274.6 277.1 281.1 282.4 284.5 288.6 292.1 295.3 296.3 298.8 302.4 306.4 311.2 314.1 317.4 321.5 327 327.1 325.5 323.9 322.3 320.5 319.5 318.8 317.2 316.3 313.3 310.4 305.4 300.3 297.2 294.5 292.4 289.1 284.6 285.4 289.5 293.5 297.1 300.7 303.9 307.4 309.8 309.7 308.7 305.4 300.5 295.5 290.6 285.8 282.8 279.5 277.1 275.2 274.5 273.9 273.6 274 273.5 273.3 273.1 272.8 273.3 274.5 276.5
218.3 214.2 203.8 207.9 228.3 245.7 255.7 256 254.1 249.5 249 250.9 254.3 257.7 258.9 267.9 272.9 279.3 282.9 286.1 289.4 293.9 296.1 298.2 301.2 303.6 308.5 313.9 317.7 321.9 326.2 330.2 330.7 328.5 327.1 325.8 324.4 322.4 320.5 318.7 317.6 315.6 312.1 307.5 301.9 298.2 295.5 293.1 289 286.8 289.4 294.3 298.8 303.2 306.7 310.3 313.8 314.6 312.2 309.9 305 300.2 295.1 290.2 285.7 282.4 279.7 277.7 275.6 274.9 274.4 274.1 274.1 274.6 275 274 274 275 276.1 277.3
237 229.2 211.2 203.1 217.5 236.4 243.1 242.7 242 242.7 242.5 243.4 252.9 262.8 272.9 279.6 283.7 286.3 289.5 292.2 294.7 296.6 298 300.7 304.3 306.8 311.3 316.7 321.1 325.9 331.4 333.9 334.5 332.2 330 327.9 326.2 324 322.1 320.2 318.9 316.7 313.5 308.3 303.3 299.3 296.3 294.1 292.3 290.2 294.2 299.1 303.6 308.4 313.4 317.8 318.9 319.2 314.3 309.4 304.4 300.1 295.1 289.9 285.4 282.3 280.1 278 275.8 275.4 275 274.6 274.4 274.7 275.2 275.4 274.8 276.5 278.3 277.4
251.8 239.4 221.8 209 206.1 215.8 222.6 225.8 230.4 235.4 232.6 254.3 270.2 280.4 286.1 288.5 290.2 292.2 294.1 296.7 298.3 300 301.6 304.3 307.2 310.8 314.7 319.1 323.8 330.3 336.8 340.2 338.8 334.7 332.5 329.9 327.8 325.8 323.7 321.8 320.2 317.8 314.7 308.5 303.3 299.8 296.8 296 295.5 296.6 299.4 305 310.2 314.9 319.8 321.7 322.5 319.3 313.9 308.8 303.9 299.5 295.2 289.9 285.2 282.1 280.1 278.1 276.2 275.9 275.5 275.1 274.9 274.8 275.3 275.6 277.4 279.3 280.7 278.1
260.5 246 237.4 227 216.6 217.9 219.6 214.2 224.8 225.5 249 270.4 284.3 287.8 291.3 293.8 295.2 297.3 297.7 299.1 300.6 302.6 304.4 306.9 309.9 312.9 316.6 321.7 327 334.7 341.7 345.1 343.1 339.1 333.9 330.9 329 327.1 325 322.8 320.4 317.9 314.2 309.1 304.8 301.6 298.7 299.3 301.2 303.6 306.5 311.8 317.1 321.2 324.7 325.1 324.5 319.3 313.6 308.3 303.3 298.9 293.7 288.5 284.1 281.7 279.7 278.1 277.3 276.5 276.1 275.6 275.4 275.4 276.2 278.3 280.5 282.4 282.8 279.9
268.6 262.4 256 248.2 238.5 240.3 231.9 216 220.1 238.1 260 278.7 286.3 291.3 294.5 296.9 298.5 299.2 300.3 301.3 302.6 304.7 307 309.8 311.5 313.5 317.8 325.8 331.7 338.2 343.8 345.1 341.8 337.2 333.4 330.9 328.7 326.6 324.4 322 320 317.4 313.1 308.7 307 304.2 301.2 304.4 307.1 311.1 313.6 318.9 324.1 328.5 330 328.1 325.3 319.6 312.6 307.1 302.4 297.3 291.8 287.3 283.4 281.6 280.4 279.7 279.2 278 277.1 277 277.1 277.8 278.5 280.8 283.6 284.7 284.7 282.2
271.7 262.8 255 248.9 243.3 234.5 224.5 216.4 226.1 245.8 267.6 280.1 288.9 294.4 297.5 300.2 301.5 301.5 302.3 303.4 304.7 307 310.1 311.1 313.1 315.3 319.2 327.4 334.5 339.5 342.4 345.2 338.9 334.9 331.5 330.2 328.2 325.9 323.8 321.2 319 315.7 311.6 308.7 307.2 305.8 304.2 310.7 314.3 317.7 320.8 325.4 330.4 333.4 334.2 330.8 325.5 318.3 311.2 305.7 301 296.3 291.1 286.5 283.8 283 282.6 282.2 281.2 280 278.6 278.4 278.8 279.5 281.3 284 286.5 287 286.6 284.2
271 258.3 250.1 244 234.3 225.4 217.3 218.9 233.2 254.4 271.5 285 291.3 296.7 300.3 302.3 301.9 302.4 303.9 305.2 306.8 309.6 310.6 312.6 314.8 316.9 319.9 327.2 334.4 339.4 342 340.3 336.3 332.8 330.7 329.4 327.8 325.3 323 320.4 317.6 313.8 310.5 308.4 306.4 307.1 310.7 317 319.9 322.9 326 330.3 334.2 336.5 335.1 330 324.4 317.1 309.8 304.2 299.5 294.8 290.1 285.1 283.3 283.2 283.8 284.7 283.2 281.9 280.5 279.9 280.4 282.4 285.1 287.8 289.4 289.6 289.3 286.3
267.1 252.7 246 237.9 223.9 216.3 215.5 221.2 241.1 263.1 282 290.4 294.9 300 302.8 302.7 302.5 304 305.5 306.5 308.3 310.7 312.2 313.6 315.7 318.3 321.7 327.8 333.5 337 338.5 336.6 334.3 331.3 330 328.7 327.4 324.9 322.4 319.9 316.2 311.9 309.9 308 309.9 312.5 317.7 322.3 324.9 327.4 330 333.3 335 333.3 331 327.6 320.9 313.7 307.5 301.4 297 292.6 288.2 283.9 283 283.5 284.9 285.7 284.1 281.9 280.6 281.9 282.9 286.1 288.7 291 292.5 292.7 292.7 289.2
260.8 248.4 240.6 225.1 215.8 215.4 216.6 228.2 245.7 271.7 288.5 294.3 299.1 302.2 303.2 303.3 303.8 305.7 306.9 307.6 309.8 311.1 313.2 314.7 317.1 320.1 322.5 326.7 331.3 333.5 333.8 332.3 331.3 330.6 329.2 327.9 326.7 324.5 322 319.5 315.7 311.9 310.7 310.2 314.5 317.5 322.4 326 328.1 330.4 333.1 333.2 331.4 330.3 326.7 322.8 317.3 310.9 305.8 299.6 293.6 290.2 287.1 283.9 284 284.8 286.3 285.4 283.5 281.1 282.1 283.2 285.8 289 292.4 294.1 296.5 295.7 295.3 292.1
254.1 243.6 229 218.1 215.3 215.7 218.6 231.3 254.7 282.2 293 297.4 301.2 302.9 303 303.1 305.3 307.1 307.3 308.4 309.8 311.2 313 315.6 318.3 319.1 321.8 324.4 327.4 330.1 331.1 330.5 330.7 331.1 329.6 327.8 326 323.9 321.4 318.9 316.2 313.6 313 311.5 315.8 319.6 324.2 326 328.7 332.6 333 331.6 328.7 326.5 322.4 318.3 313.3 309.1 303 296.5 292.6 289.9 286.9 284.2 286.5 287.2 287.6 285.2 282.9 282.9 284.2 285.2 289.7 292.5 296.5 299.1 301.1 299.7 298.3 296.1
248.1 234.8 220.7 216.3 216 216.9 220.2 235.5 261.8 286 295.7 299.9 301.4 302.4 303.4 305.3 305.9 306.5 307.7 308.4 310.2 311.4 313.5 317.9 319.8 319.8 321.8 324 325.6 326.5 329.1 330.4 330.9 331 328.7 326.9 325 323.1 320.8 318.2 315.7 313.3 312.9 312.7 315.4 318.5 321.5 324.7 332.4 334 331.7 329.3 326.2 322.4 318.4 314.5 310 305.9 300.1 294.1 291.4 288.9 286.4 286.7 286.2 287.2 286.9 284.7 284.4 285.4 286.5 288.8 292.5 295.7 300.7 303.4 304.6 303.2 301.6 299.2
241.6 226.6 218.4 217.4 217.2 217.9 221.1 236.5 266.4 289.4 297.6 299.8 300.9 301.3 303.9 304.9 304.2 305.3 306.8 308 310 313.6 317.5 320.4 321.3 321.9 324.6 329.8 331.6 332.2 332.2 331.8 331.3 330.4 328.2 326 324.1 322.1 320.2 317.9 315.4 313 313 313 313.6 313.5 319.8 326.2 333 331.8 329.4 327.1 324.5 320.8 315.2 311.3 306.4 301.6 296.1 292.4 291 288.8 286.8 286.9 286.9 286.6 286.3 286.9 287.3 288.1 289.5 293.6 295.7 300.2 304.7 308.1 308.1 307.5 306.1 305
236.5 225.3 217.8 217.5 217.3 218.9 225.8 239.9 267.5 292.5 298 299.8 300.3 300.6 301 302.2 303.2 304.3 305.5 307.2 313.1 316.8 320.3 321.8 323.1 324.7 330.7 335.3 337.1 337.3 336.4 334.2 332.3 330.3 327.5 325 323.1 321.5 320.3 318.2 315.8 313.4 313 313.1 313.4 316.2 322.2 327.9 330.1 329.4 327.1 324.9 322.6 319.3 314.5 308.7 302.9 297.8 293.8 290.8 289.8 288.9 287.8 287.9 287.8 287.6 287.5 288.2 289.1 290.5 294.2 298.5 301.7 305.3 308.7 312.4 311.8 311.5 311.1 312.2
232.6 221.1 217.9 217.3 217.7 219.8 230 242.2 263.4 292.7 296.8 299 299.1 299.2 299.4 300.1 301.6 303.2 305.7 310.9 316.5 320.4 322.1 323.9 326.5 330.5 338.2 339.5 340.7 341.1 340.9 338.4 336.5 331.4 327.4 324.2 322.7 321.5 320.3 318.5 316.1 313.7 312.7 312.7 314.5 318 323 325.4 328.1 326.9 325.4 323.3 321.2 318.5 312.6 305.9 299.2 293.7 291.2 290.7 289.3 288.9 289.2 289.4 289.2 289 288.7 289.8 292.2 295.3 298.4 302.3 307.2 309.4 315 316.8 316.3 317.3 317.8 318.8
227.7 220 218.4 218 218.7 219.9 239.5 246.3 265.4 286.3 295 296.3 296.2 296.9 296.8 297.8 301.7 307.2 311.3 316.2 321.2 323.4 323.9 326.3 330.6 339.7 342.6 343.2 343.7 344.1 343.7 342.4 337 331.7 327.6 324 322.7 321.5 320.4 318.9 316.5 314.1 312.9 312.4 314.1 317.3 321.6 326.8 327.3 325.5 323.4 321.6 319.2 316.1 309.4 302.7 296 291.8 290.5 290.6 289.9 290.2 290.6 290.9 290.6 290.4 290.2 292.2 294.4 297.5 302.8 306.8 311.1 314.9 319.8 321.5 320.6 322.6 324.5 325.5
225.8 221.7 219.2 218.9 219.5 224.3 251.2 252.5 262 280 289.5 292.6 291.7 291.3 294.8 301.6 306.1 311.5 317.1 321.3 324 325.6 326 328.5 340 344.1 345.1 345.5 346 346.4 345.7 344.4 338.4 332.4 328.1 324 322.7 321.6 320.4 319.2 316.8 315.2 314.2 313.9 313.7 315.7 319.1 322.9 322.9 321 319.8 318.4 315.8 312.4 306.1 299.8 294.1 290.8 290.5 291.3 291.2 291.5 292.4 292.1 291 291 291.5 293.5 296.3 301.4 307.9 312.3 316.6 320.7 323.4 323.9 325.6 327.9 329.9 332.1
