app/static/ascii/NH54.asc
ncols 200
nrows 200
xllcorner 250000
yllcorner 840000
cellsize 50
[rows 117 to 155 of 200, columns 87 to 173 of 200]
11.6 11.7 11.8 11.9 12.2 12.4 12.7 13 13.3 14 14.7 15.5 16.2 17 17.8 18.6 19.3 19.7 20.1 20.4 21.1 21 20.8 20.6 20.4 20.3 22.2 24.5 27 28.5 28.6 27 24.8 22.8 22.1 21.8 21.5 21.5 21.4 21.1 20.8 20.6 20.4 20.6 20.6 20.8 21.7 22.5 23.4 25.8 29.3 33.4 41.7 48.7 53.6 56.9 52.5 54.5 61.3 65.6 69.6 72.7 76.1 78.5 81.7 84.3 86.2 87.7 88.6 90.7 93.3 96.7 99 101.2 102.7 104.2 106.7 111.2 115.2 118.2 121.7 127.8 133.3 138.7 143.5 146.4 149.2
11.8 11.9 12 12.2 12.4 12.7 12.9 13.3 13.6 14.2 14.9 15.7 16.5 17.3 18.1 19 19.5 20 20.5 21 21.7 21.7 21.7 21.7 21.7 22.7 25.4 27.2 27.7 28.2 27 25.5 23.6 22.4 22.2 22 21.8 21.6 21.8 20.8 20.7 20.6 20.5 20.6 20.8 21.9 22.9 23.5 25.7 30.1 36.8 42.8 49.8 56.1 60 60.5 56.4 62.2 66.4 69.6 74.3 78 79.9 82.5 85.7 88.3 90.4 91.7 92.6 95.2 98.1 100.7 103.2 104.9 105.9 107.1 112.6 118.2 122.3 124.5 129 134.1 139.2 142.5 145.8 148.6 151.6
11.9 12 12.2 12.4 12.7 12.9 13.2 13.6 14 14.5 15.2 16 16.8 17.7 18.5 19.3 19.8 20.3 20.8 21.3 21.8 22 22.4 22.7 23.7 25.8 27.3 27.6 27.3 26.9 26 24.2 23.4 23 22.8 22.6 22.1 21.8 21.9 21.7 21.4 21.2 21 21 21.2 21.9 24 26.8 30.5 39.3 46.6 52.4 56.3 60.6 60.3 58.7 64.5 70 72.8 75.9 79.6 82.5 84 85.4 89.2 92.2 94.3 95.9 97 99.2 102.3 104.9 107 108.3 109.6 112.4 118.3 124.7 130.9 132.9 136.8 141.1 143.8 145.8 148 151.9 154.7
12.1 12.4 12.6 12.8 13 13.2 13.5 13.9 14.3 14.8 15.5 16.4 17.2 18.1 18.9 19.6 20.1 20.5 21.2 22.1 22.1 24.2 23.9 24 24.9 26.5 27.7 27.6 26.5 25.9 25.4 24.2 24 23.6 23.4 23.2 22.9 22.4 21.9 22.1 22.1 21.9 21.7 21.6 21.6 23.5 27.3 31.8 39.4 46.1 53.6 59.2 62 61.7 61.8 65.7 71.9 75.7 78.9 81.3 84.1 86.8 88.2 90.5 92.9 95.7 97.4 98.6 101.2 103.5 106.7 109 110.8 112.3 114.2 119.2 124.4 130.5 136.3 140.8 143.8 146.5 149 150.8 153.1 156 158.7
12.2 12.8 13 13.2 13.3 13.5 13.8 14.2 14.7 15.2 15.9 16.8 17.6 18.4 19.3 19.9 20.8 21.5 22.2 23 23.4 23.3 23.4 24.2 25 25.8 27 26.8 26 25.5 24.9 24.7 24.5 24.3 24.1 23.9 23.6 22.8 21.9 22.3 22.6 22.5 22.4 22.5 24 28 34.1 43.4 49.2 54.1 60.5 62.3 61.8 63 66.7 72.7 77.2 80.8 84.4 86 88.2 90.6 93.3 96.2 98 100.1 100.8 103.5 106.9 109.3 111.8 114.1 115.5 117 119.3 123.3 129 135.7 142.3 146.1 148.9 151.5 153.6 155.6 157.6 160.5 163.3
12.5 13.3 13.4 13.6 13.6 13.7 14.1 14.6 15.1 15.7 16.4 17.2 18 18.9 19.7 20.4 21.1 21.8 22.5 23.1 23.4 23.3 23.6 24.5 25.4 26.4 26.9 27.3 26.8 26.2 25.8 25.6 25.4 25.2 25 24.8 24.6 23.8 23.3 23.6 23.8 23.7 23.7 24.3 27.4 34.5 44.6 53.5 56.1 62.1 64.1 61.7 65.5 68.6 73.9 78.6 82.9 86.1 88.7 90.3 92.8 95.2 97.7 100.5 102.7 104.4 106.9 109.8 112.7 114.7 116.7 118.5 120.2 121.9 122 127.5 134 140.1 146.3 150.3 152.6 154.7 157.7 159.6 162 164.9 167.3
17 15.6 14 14.2 13.9 14 14.4 14.9 15.5 16.1 16.8 17.6 18.5 19.3 20.1 20.8 21.5 22.2 22.8 23.5 24 24.4 24.9 25.6 26.5 27.4 27.6 28 27.7 27.2 27 26.8 26.6 26.4 26.2 25.9 25.6 25.3 24.8 25.4 25.2 25.1 25.7 28.1 34.3 43.5 52.6 58.2 63.4 68.1 65.7 64.2 72.4 76.5 82.2 83.9 89.2 91.8 93.2 94.8 97.7 100.1 102.5 104.7 107 111.4 111.2 113.8 116.6 118.8 120.8 122.6 124.3 126.4 129.6 133.1 139 145 150.2 153 155.5 158.1 161.1 163.9 166.5 168.9 170.7
20.4 17.5 16.8 14.9 14.3 14.3 14.8 15.3 15.9 16.6 17.3 18 18.9 19.7 20.5 21.2 21.9 22.6 23.3 23.9 24.5 25.1 26 26.9 27.7 28.5 28.4 28.5 28.7 28.4 28.1 27.9 27.7 27.5 27.2 26.9 26.6 26.3 26.5 27.3 27.6 28.5 28.5 35.5 43.6 51.1 60.5 65.6 70.4 73.2 65.6 69.7 78.6 83.7 89.1 87.8 93 96 98 100 102.5 105.1 107.6 109.9 111.9 113.6 115.6 118.3 121 122.8 124.8 126.7 129.5 132.3 135.7 138.3 143.5 149.3 153.7 156.5 159.6 162.7 165.4 167.7 170.1 171.1 172.1
22.2 22.6 18.5 15.2 14.5 14.3 14.8 15.3 15.9 16.6 17.3 18 18.9 19.7 20.7 22.1 22.8 23.4 24.1 24.5 25.1 25.8 26.7 27.7 28.6 29.3 29.1 28.8 29.5 29.4 29.2 29 28.8 28.9 28.5 28.4 28.2 27.9 28.5 29.5 30.8 32.7 37.2 44.3 52.2 59.9 65.7 70.4 76.4 71.9 68.4 76.3 83.8 90.3 93.3 94.2 96.9 99.8 102.3 104.5 108.5 110.9 113 114.7 116.2 117.9 121.7 124.3 126.5 127.7 129.4 132.5 135.2 137.8 140.8 142.5 147.9 153.1 158 161.1 164.2 167.1 169 170.9 171.4 173.1 174.2
27.1 22.5 16.3 14.9 14.3 14.2 14.6 15.1 15.7 16.4 17.1 17.8 18.7 19.5 20.8 22.8 23.9 24.6 25.3 25.4 25.8 26.5 27.4 28.4 29.3 30.2 29.8 29.4 30.4 30.4 30.2 30 29.8 30.4 30.3 29.6 29.2 29.4 30.6 32.9 35.1 38.6 44.6 52.4 59.9 66.5 71.8 73 75.7 69.3 74.5 83.4 89.9 94.9 98.2 101 102.2 104.5 107.8 111 113.5 115.8 117.9 119.6 120.5 124.1 126.4 129.7 131.5 133 134.5 137.5 140.3 143.1 145.1 147.9 153.2 158.2 162.9 165.9 168.5 170.8 172.9 173.6 174.1 175.2 176.8
26 17.8 15.2 14.7 14.2 14.1 14.5 14.9 15.5 16.2 16.8 17.6 18.5 19.5 20.9 22.9 25.1 25.8 26.2 26.3 26.4 27.2 28.1 28.7 29.7 30.8 31.7 31.2 31.4 31.3 31.2 31 31.2 31.8 32 31.6 31 30.3 33.1 36.4 38.8 45.3 53.9 59.5 66.2 72 78.2 80.1 75.3 73.3 82.9 90 97.4 98.8 103.6 106.2 109.6 112.9 114.3 116.6 119 120.9 122.9 123 126.7 130.6 132.8 134.5 137.7 139.4 141.2 143.2 145.6 148.3 150.7 153.9 159.2 163.8 168.6 171.9 174 175.1 176.4 177 177.2 178.7 179.6
21.4 15.5 15.1 14.6 14.1 13.9 14.3 14.7 15.2 15.9 16.6 17.4 17.8 19.4 21.1 23.4 26.2 27.5 27.5 27.1 27.4 27.2 27.9 29 30 31.2 32.1 32.3 32.2 32.6 32.5 32.3 32.7 33.3 33.4 33.5 33 34.3 38.4 44 49.7 51.1 62.7 70.6 71.9 73.9 78.9 79.2 74.7 82.7 92.4 97.1 99.5 103.2 107.9 112.2 115.4 118.3 119.7 122 124.4 126 127.2 127.3 134 136.5 138 139.8 142.9 145.7 147.3 149.1 151.5 154 157.2 162.5 166 170.4 173.7 176 177.3 178.1 179.4 180.7 180.9 182 182.5
14.8 15.4 15.2 14.7 14.1 13.7 13.9 14.4 15 15.7 16.3 15.8 17.5 23.1 27.1 29.3 30.4 31.2 31.7 31 30.5 28.8 28.7 29.1 29.9 31.1 32.5 32.8 32.7 33 33.4 33.8 34.4 34.9 35.1 35.4 36.4 40.1 45.2 51.9 58.6 58.8 66.7 75.4 77.3 75.3 76.1 76.9 79.5 93.3 99.3 102.9 107.2 109.7 113 118.2 120.8 123.4 125.2 127.6 129.5 130.7 132.5 133.7 139.5 141.7 143.3 145.7 148.6 151.2 152.7 154.3 157.5 160.9 165.9 169.9 172 174.5 176.9 178.7 180.2 181.4 182.6 183.7 184.4 184.9 185.3
14.5 15.1 15.1 14.9 14.5 14.4 14.4 14.8 15.4 15.8 17.2 23.3 27.7 32.3 34.4 35.8 36.2 36.7 36.8 35.4 33.6 32 29.9 29.7 30.6 31.7 32.8 33.2 33.3 33.4 33.8 34.6 35.8 36.6 38 38.7 40.7 46.5 51.6 58.3 63.9 65 66.9 76 76.2 77.4 81.6 86.5 95.5 98.9 103.7 107.8 112.1 114.5 117.4 121.9 125.6 129 131.9 133.1 135.1 137 141.5 143 146 147.6 149.2 151.3 153.5 156.2 158 160.2 163.2 166.2 169.9 173.1 175.6 178 179.9 182 183.6 184.7 185.9 186.6 187.2 187.6 187.3
14.4 14.6 14.8 14.9 14.9 14.8 15.1 16.2 18.1 21.4 25.5 31.4 37 40.1 40.7 41.2 41.9 41.4 40.8 39.2 37.9 36 32.9 30.2 31.4 32.5 33.2 33.9 34 34.1 34.8 35.7 36.8 38.8 40.2 41.4 47.1 53.8 60.1 64.8 68 71.2 69.1 75.8 81.5 85.2 93.3 99.9 103.7 107.8 109.5 115.3 116.9 119.2 121.9 125.6 130 135.5 138.6 140.3 142.9 145.2 147.7 150.9 152.8 154.3 155.9 158.4 160.5 162.7 164.7 166.9 169.4 172 174.6 177.1 179.9 182.2 183.4 185.4 187 188 189 189.4 189.8 189.6 189.1
14.3 14.5 14.7 15.2 15.1 15.6 17.7 19.3 22.6 28.6 35.2 41 43.6 44.9 45.5 47.4 46.5 45.5 44.5 43.5 42.5 40.5 35.4 32.5 32.5 33.5 33.9 34.4 34.9 35.4 36 36.8 38.9 41.4 42.6 46.8 54.2 60.8 66.8 70.2 73.5 77.1 77.4 80.4 87.2 93.4 101.3 107.2 110.9 115.1 119.7 126 128 128.7 128.4 132 137.6 141.9 146.7 147.9 149.2 152.2 155.1 157.7 159.5 161.1 162.4 165.4 167.6 170 172.9 175.4 177 179.2 181.3 183.2 185.4 187.3 188.2 189.1 190.4 190.9 191.2 191.5 191.7 191.2 190.4
14.9 14.6 14.8 15.5 17.5 19.7 22.2 25.9 31.2 37.6 41.8 44.9 47.4 50 52.2 50.2 49.4 49.5 49.4 48.5 46.9 44.8 39.5 36.3 36.5 36.1 36.4 35.9 36.4 36.4 37 38.5 41.2 44.2 48.4 56.5 63.6 69.3 72.2 74.9 78.9 83.4 87.2 90 93.5 100.2 107.3 113.1 118.3 122.3 127.6 132.6 135.5 137.4 138.8 140 145.5 148.8 151.1 153.6 156.5 158.5 161.9 164.5 166.4 169 171 173 175.7 178.5 181.1 183.2 184.6 186.4 187.9 189.2 190.7 192.7 193.6 193.9 193.6 193.9 193.4 193.6 193.3 192.7 191.7
15.9 15.7 15.6 16.6 19.7 24.6 29.3 33.9 38.4 42.2 46.5 48.9 50.4 53 51.9 51.1 52.7 54.6 54.4 53.8 52.8 49.4 45.1 42.3 38.9 39.5 40 39.1 38.4 37.9 38.2 40.2 43.3 51 60.6 66.1 70.7 74.6 77.5 80.9 85.1 90.8 95.6 99.4 102.7 106.7 113.3 119.9 124.8 128.9 134.1 138.8 142 144.8 147.7 149.2 151 158.1 160 162.2 164 166.1 168.6 171.2 173.5 176.4 178.9 181.8 184.6 187.2 189.7 192.6 193.9 195.9 197.6 198 197.3 198.3 198.2 196.8 197 196.9 196.4 195.9 195 194 193
18.1 17.9 17.6 19.1 23.7 30.1 37.1 40.1 43.6 47.2 50.7 52.7 52.3 53.6 57.7 64.1 65.2 61.3 60.6 60 58 53.9 50 45.6 41.9 43.9 43.7 43.2 43 42.6 41 42.2 48.2 60.4 69.5 73.1 76.9 79.7 83.1 87 91.3 97.3 102 106 110.7 115.8 119.4 127.7 132.2 136.4 140.8 145.1 148.8 151.9 156.4 158.9 157 162.8 166.8 170 170.2 174.2 177.2 179.7 182.2 185.3 187.7 190.7 193.8 196.6 199.6 202.6 204.2 204.6 205 204.6 203.5 202.9 201 200.3 200.3 199.3 198.2 197.2 196 195.2 195.8
20.6 20.7 20.8 24.5 31.2 39.6 44.7 47.7 51.7 56.4 59.6 62.7 64.7 67.4 72.3 77.3 74.9 71.1 67.1 63.8 61.6 58.1 54.8 49.5 48.8 50.1 49.4 49.9 51.1 50 46.6 46 56.8 71.9 78.6 80.7 84.3 86.1 88.4 92.5 97.4 102.1 107.6 112.9 118.3 122.5 126.6 133.6 139.4 143.7 147.6 151.9 157.1 161 162.8 166.5 167.5 168.5 173 175.6 178.1 182.7 185.9 188.2 190.9 194.3 196.5 199.4 202.4 205.4 208.3 210.2 210.7 210.6 210.1 209 207.8 206.3 204.8 203 201.8 200.3 199 198.2 197 197.9 200.5
23.4 24.2 26 31.4 43.3 50.1 56.5 60.8 65.7 70.8 70 72.2 74 82.7 86.1 87.2 84.2 78.8 73.6 70.7 68.1 64.3 60.1 57.9 57.1 57.5 56.7 58 61.9 59.5 52.2 51.3 72 85.8 86.1 88.2 90.7 92.5 94.4 97.9 102.1 106.8 112.5 119.3 124.7 129.5 134.4 140.5 145.8 151.2 155.5 160 164.6 168.4 170.9 173.4 175.7 174.6 181.2 184.2 186.9 190.8 194.6 199.5 201.9 203.7 205.6 207.8 210.2 212.9 214.3 214.5 214.5 214.1 213.2 212.2 211.3 209.8 207.9 204.8 203.2 201.9 201 201.7 202.7 204.5 207.4
27.7 29.8 36.4 44.9 53.8 66.3 72.1 75.8 78.2 80.2 76.9 81.6 91.7 96.4 96.4 96.1 92.2 84.3 80.8 78.3 75.4 72.7 69 67 66 66.4 68 70.1 75.2 67 56.7 55 80.5 90.6 91.2 93.2 95.3 97.2 99.4 103.4 108.1 112.3 117.5 124.8 131.1 137 142.6 148.1 153.3 159.4 163.8 168 172.1 175.6 177.7 179.6 182.1 183.8 187.4 191.1 199.2 201 207.5 212.7 214 215.3 215.7 215.7 215.8 217.6 218.6 218.5 217.9 216.9 215.8 214.4 213.1 212.1 209.1 206 204.4 203.4 204.9 208.2 211 212.7 213.5
33.9 39.7 48 57.7 70.3 79.2 81.8 82.8 83.9 84.2 86.8 105.4 109.3 109.4 106.3 103.1 98.4 93.2 90 87 83.4 81.6 78 75.4 74.9 76.4 78.2 81 88.8 71.4 59.2 57.8 81 94.1 94.9 97.2 99.5 102.4 105.4 108.8 113.5 119.1 124.9 130.8 138.1 143.9 149.5 155.4 162.1 167.6 171.8 175.6 179.7 182.9 184.2 186.1 188.8 192.6 196.8 203.5 208.9 212.8 218.4 220.5 221.3 222.1 223.5 224.5 223.1 223.7 223.3 222.6 221.4 220.1 218.7 216.5 214.5 211.4 208.8 206.4 205.3 208.4 212.5 216.4 219.2 219.6 219.9
43.1 49.9 59.7 75.4 84.3 91.5 96.6 98.1 94.1 91.8 105.3 121.9 123.4 120 116.4 111 105.7 101.8 99.5 94.7 93.5 90.5 87.1 83.6 84.2 86 87.8 92.5 96.3 74.8 62 60.9 80.6 96 99.3 101 103.6 106.7 109.8 113.5 120.5 126.7 132.3 138 144.5 151.4 157.2 164.3 170.8 176.1 179.7 183.5 188.4 190.5 191.2 193.8 197.4 202 209.1 215.7 218.5 221.1 224 226.2 227.2 227.8 228.5 228.8 228.2 227.6 226.5 225.5 224.1 222.8 221.5 219 215.2 211.5 208.4 206.9 212.2 215.2 219.4 222.2 224.1 224.8 226.2
52.5 62.2 77.3 87.2 93.5 102.6 107.8 110.6 104.2 101.8 123.8 134.7 133.5 129.1 124.3 121.1 115.9 113.1 111.6 109.8 104.9 100.7 95 91.8 94.1 95.9 97.6 100 97.5 78.7 65.4 63.3 78.5 95.5 101.9 104.5 107.3 110.4 114.7 119.9 127.1 133.9 140.1 144.7 150.9 158.8 166.1 173.1 178.7 183.6 186.7 191.3 195.4 197.4 199.5 202.7 208.4 214.9 220.1 224.1 226.8 229.5 232 233 233 233 233.1 232.9 231.8 230.5 229.2 227.9 226.1 224.8 223.1 220.4 216.3 212.4 212 215.5 218.6 221.2 223.2 226.1 227.3 230.7 234.9
65.4 78 88 97.8 112.2 118.2 121.4 116 107.9 110.4 137.5 144.3 142.2 136.8 134.6 131.1 129.5 127 125.3 120.8 116.9 111.6 106.6 103.3 104.7 108.5 107.5 105.8 99.8 82.2 65.9 64.1 79.3 96.4 103.6 107.9 110.6 114.4 119.6 127.2 133.6 139.8 146 152.1 158.3 165.8 172.7 176.6 184.6 188.9 193.2 197.7 201.1 203.6 206.7 211.5 217.2 222.3 227.3 230.9 234.1 236.4 236.8 237.8 237.4 237.4 236.6 236 234.7 233.6 232.6 230.8 229.2 227.4 224.6 221.4 218 214.1 218.7 222.3 224.5 225.3 227.3 229.7 232.3 238.9 243
78.1 87.8 100.4 117.1 129.8 132 125.3 116.5 113.3 120.8 147.5 150.6 151.3 148.7 146.5 146.3 145.1 142.5 137.2 130.6 126.5 120.6 115.9 111.9 114.9 118.6 114 108.7 100.8 84.9 67.5 64.8 80.9 98.8 105.1 109.5 114.1 118.8 125.5 133 139.4 145.5 151.1 156.8 164.4 172.2 177.6 183.4 190.4 194.8 198.5 203.3 207.2 209.7 212.4 217.5 223.5 228.7 233.4 237.3 240.8 242.9 243 242.5 241.9 241.4 241.3 243.3 242.5 241 238.1 235.3 232.5 229.8 227.1 224.4 220.8 220.4 224.3 227.3 228.9 230.5 232.1 235.2 239.9 247 250.2
86.5 99.6 119.5 136.1 143.4 142.6 129.2 122.1 124.2 133.2 158.9 163.7 163.8 163.7 160.7 162 160.9 154.7 148 141.1 133.6 126.9 122.4 118.3 119.1 121.4 115.4 108.5 100.4 84.4 65.6 65.6 82.9 100.4 106.8 113.5 119.2 124.6 131.4 138.7 146.1 152.3 157.7 162.5 171.1 177.4 183.6 189.6 195.5 200.3 204.5 208.6 212.8 216.4 218.5 223.8 229.6 234.8 240.1 244.4 246.5 248.3 249.3 249.8 250.9 250.9 251.1 251.4 249.9 248.1 244.5 240.3 235.4 232.7 229.8 226.9 223.2 223.9 227.7 231.3 234.5 236.1 238.9 242 245.6 250.7 254.7
96.9 115.4 137.1 149.9 153.1 150.2 131.4 126.6 133.9 151.8 175.7 176.7 180.9 179.7 181.6 177.8 173 164.8 157 148 139.4 132.5 128.7 123.9 121.6 119.8 115.3 108.5 100.1 86 70.7 66.8 86 102.4 110.2 118 124.5 130.4 137.2 144.8 151.8 158.6 164.7 169.8 176.7 182.7 188.6 194.7 200.2 203.8 208.7 213.6 218 222.1 225.9 230.8 235.2 240.3 245.6 249.5 252.2 253.6 255.7 257.9 258.7 258.6 258.8 258.5 256.3 253 249.9 243 237.8 235 232.1 229.2 223.7 227.3 231.4 235.2 239.2 241.2 243.3 245.9 249.4 253.8 259.1
104.9 120.1 141.3 164.5 163.4 157.2 137.1 135.8 142.4 166.5 180.9 188.5 200.7 202.7 198.8 192.1 182.8 172.2 161.8 152.1 143.4 136.8 132.5 127.2 123.1 120.2 113.1 106.4 98 84.7 71.5 68.2 86.8 103.6 114.9 122.4 130.3 136.2 141.7 149.2 156.4 163.4 170.1 174.8 181.1 187.3 193.5 199.6 205.4 209.2 213.6 218.4 223.6 227.5 231.8 235.4 240 245.1 250.8 254.9 257.9 260.6 262.8 264.1 265.3 265.5 265.9 263.9 260.5 256.3 251.2 245.5 240 237.1 234.5 232 228.7 232.4 235.8 239.4 243 245 246.6 249.5 254.1 258.5 263.8
120.5 129.2 146.8 170.9 175.2 165.3 144.6 146.8 153.3 181.3 192.4 217.2 222.6 224.2 213 200.3 188.8 176.3 164.4 154.7 146 140.4 134.4 129.1 124.5 118.9 111.3 104.7 95 82.8 67.6 70.1 90 107.1 118.1 126.9 134.8 140.9 146.5 152.8 160.9 168 174 180.1 185.8 191.8 198.8 204.8 209.9 213.3 217.4 222.6 228.3 232.2 235.8 239.3 244.5 251.5 257 260 263.4 266.7 268.4 270.1 271.4 271.6 271 269.1 264.8 257.9 252.7 246.6 242.8 239.8 238.2 235.5 234.5 237.3 239.6 242.9 245.3 247.4 249.5 253 257.7 264 270.8
136.8 142.6 154.8 178.5 187.7 175 154.5 158 174 193.7 204.9 219.5 226.3 232.8 223.2 207.1 192.3 178.5 166.2 156.5 149.1 142.4 135.8 130.6 125.7 120.3 111.9 103.4 93 83.7 67.9 71.9 96.3 112.1 123.3 131.3 138.8 145 151.9 159 166.5 173.6 178.6 184.4 191.6 197.1 203.4 209.3 213.3 217.2 221.5 228.3 233.4 236.6 239.4 245.1 252.3 258.6 261.6 266.2 270.4 272.7 274.2 276.2 278 277.5 275.7 272.6 267.1 259.5 254.3 249.4 246 242.7 240.4 239 240.1 241.2 242.8 245.5 247.3 249.3 252.4 255.8 263.3 270.8 276.3
146.5 162.8 177.2 192.1 197.1 184.7 167.9 170.5 186.4 205.9 212.2 229.4 233.9 230.7 226.3 211 194.3 178.2 167.1 157.6 150.1 142.5 136 131.1 126.9 123.5 113.2 101.2 81.4 74.4 70.3 73.1 104.4 118.6 127.1 135.2 142 148.5 154.6 163.1 171.3 178.5 184.2 189.9 195.8 201.3 207.9 214.4 218.9 223.1 227.8 233.3 239 242.4 245.3 251.1 256.6 263.1 268.4 273.2 276.5 279.1 282.2 285.4 285.5 283.2 279.1 276 270.1 261.7 256.7 252 248.5 244.5 244.2 243.6 244.2 244.7 246.1 247.5 249.4 251.8 254.2 261.2 269.5 276 280.6
152 168 184.8 202.1 200 191.2 180.5 183.6 193.6 212.6 225.7 232.7 233.6 225.4 219 209.3 193.9 178.7 167.1 157.5 149.7 142.2 137 132.7 128.3 123.5 111.6 103.3 84.5 91.4 87.3 72.7 112.6 122.7 131.3 138.8 145.7 152.4 160.4 167.1 174.4 181.9 189.4 196 201 206.9 214.1 219.6 224.1 228.6 233.5 238.2 243.9 248 252.3 256.6 261 268 274.5 279 281.9 285.2 289.2 291.6 291.4 288.4 283.8 277.7 271.7 264.9 259.3 254.6 250 248.9 248 247.3 248 248.6 249.5 250.9 252.7 254.6 259.2 266.4 273.3 279.2 283.8
152.7 169.3 185.1 198.7 198 196.1 188.5 192 204.5 216.7 231.2 231.9 230.5 218.7 210.1 202.5 189.4 176.5 166 156.7 149.2 142.2 138.1 134.1 130.8 128.6 109.5 95.8 100.4 98.3 89.2 74.9 114.4 126.2 134.4 142 148.5 155.9 164.6 170.9 178.2 185.8 192.5 201.4 207.9 213.5 219.9 225 229.1 233.3 237.7 242.8 247.9 251.4 255.8 260.5 265.1 271.5 277.5 282.5 286.8 290.6 293.7 294.8 295.5 293.9 288.5 281.5 276.1 269.4 264 259 253.7 252.8 251.3 250.9 251.5 252.2 253 254.8 256.6 259.4 264.5 270.1 275.9 281.9 286.2
157.7 169.6 182.1 192.3 196.5 197.5 194.4 196.1 215.8 217 223.9 223.1 214.7 208.3 202.5 195.1 183.7 172.1 163 156 149.4 143.6 139.2 134.8 130.4 124.5 103.3 108.7 109.7 105.2 83.6 83.2 122.4 129.9 137.2 144.5 151.2 158.7 166.9 174.5 182.7 190.9 198.4 206.5 212.6 218.6 224.4 229.9 233.9 237.8 241.7 247.3 251.6 254.6 259.2 264.4 268.8 275.4 281.8 286.7 291.2 294.9 296.7 297.7 301.1 301.7 297.5 290.5 281.8 275.3 270.1 265.5 262 257.4 255.2 254.8 254.7 255.4 256.7 258.9 260.9 264.3 268.1 274.1 279.3 284.2 287.8
162.4 168.9 179.7 189.6 194.7 202.2 200.1 204.5 213.9 212.5 216.9 212.8 208.7 205.6 201.2 192.3 179.3 168.1 160.4 156 150 144.3 139.6 135.2 130.5 125.1 109.2 121 117.4 108.5 83 118.7 125.9 132.3 139.7 147.5 155.5 162.7 170.1 178.4 187.3 196.5 205.1 210.9 217 223.2 229.2 233.9 238.2 241.9 246 250.1 254.2 258.7 263.3 267.4 272 279.4 285.9 290.9 295.5 296.7 299.2 305.5 308.9 310 307.6 298.8 288.4 280.5 275.1 270.5 263.3 260.3 259 258.6 257.8 258.5 260 262.7 264.7 267.6 271.1 277 282.1 285.6 290
164.2 168.3 175.8 183.3 192.4 206 205.3 205.6 207.6 209.3 213.3 213.2 210.6 206.7 197.9 187.9 176.1 166.6 159.8 154.9 150.2 145.2 140.4 135.7 130.6 127.1 117.1 124.9 120.8 110.4 82.4 122.4 128.6 135.1 141.1 149.3 157.3 164.7 174.4 183.9 192.8 201.7 209.8 215 221.2 227.4 232.6 237.5 241.6 245.7 249.9 253.9 258.4 263 267.2 273.2 280.1 285.4 290 295.4 297.2 300.9 307.9 314.3 319 319.6 314.4 305 294.3 284.7 278.5 270.7 266.8 263.7 262.5 262.1 261.1 261.4 262.8 266 268.6 270.3 275.4 281.2 285.7 289.1 292.5
165.4 169.6 174.8 181.8 191.8 203.7 205.2 206.8 208.4 213.7 217.3 216.1 211.7 204.5 195.2 184.1 173.3 166 160.2 155.2 150.3 145.7 141.2 136.6 132.1 128.7 125.1 127.2 123.4 113.5 79.2 121.1 132.9 137.2 142.6 150.7 158.8 167 177.1 188.7 199.2 207.1 213.8 219.7 225.4 230.8 236.2 241.3 244.8 248.8 253.2 257.7 264 268.4 275 283.3 289.8 294 298.1 301.5 305.1 312.5 317.7 324 326.9 322.6 312.9 302.6 291.8 285.2 277.1 274 269.9 267.3 265.8 265.3 264.4 264.7 267.6 268.9 269.9 274.6 281.4 285.5 290.2 294.1 295.2
