app/static/ascii/NH56.asc
ncols 200
nrows 200
xllcorner 250000
yllcorner 860000
cellsize 50
[rows 35 to 69 of 200, columns 79 to 157 of 200]
264.4 262.7 261.8 259.1 255.6 251.2 243.7 240 239.5 238.8 236.1 232.9 231.8 230.5 228.1 224.7 222.5 220.4 217.2 215.1 213.4 213.7 215 211 209 210.6 209.8 209.2 206.8 204.8 206.7 206.9 197.7 194.5 190.3 183.6 174.3 169.4 168.2 169 169.8 171.5 169.3 173 182 188.4 192.3 195.8 197.5 196.3 192.3 185.4 183.9 189.5 190.4 192 200.8 207 213.2 222 232.8 240 248.6 254.2 259.7 268.8 272.2 276.9 279.4 285.9 290.1 295.7 300.1 311.1 318.4 324 325.8 328.5 335.9
266.4 264.6 263.3 260.2 255.8 249.3 245.7 246 244.9 240 236.9 233.8 231.6 230.1 228.1 226.2 223.7 221.2 219.2 217.5 216.4 215.8 218.1 215.7 210.4 211.7 211 211.6 209 206.3 206.4 205.3 201.1 193.7 188.7 180.9 172.2 165.7 159.8 159.7 158.1 158.3 153.9 152.5 165.4 173.5 180 185.6 192.9 195.5 194.8 189.5 182.4 180.4 180.8 187.1 191.4 199.4 210.8 222.7 232.3 238.1 247.4 254.1 260.2 266.3 271.3 277.2 282.6 289.6 294.5 300.7 306.6 313.5 321.2 325.7 327 332.1 336.7
268 266.5 264.3 261.6 255.4 250.7 251.6 250.9 248 245.1 239.9 235.7 232.6 230.2 227.5 225.2 223.7 222.2 221 220.3 219.8 217.5 218.4 215.1 211.4 211.4 209.9 208.8 207.2 206 204.5 202.8 201.4 193.3 184.3 172.9 165.1 161.9 158.9 157.8 157.3 156 155.1 152.6 154.4 157.1 162.1 167.8 185.7 192.4 191.7 191.7 184.1 177.9 177.5 181.2 187.1 197.6 210 221.3 231.8 239.3 247.4 256.1 263.6 269.8 274.2 281.5 289.2 296.4 302.8 307.1 308 315.5 321.2 324.9 327.6 333.7 337.1
271.6 267.4 264.8 261.4 255.1 256.2 255.8 254.2 251.1 247.5 243.9 238.9 235.3 231.7 228.9 226.7 224.5 223.8 222.7 221.7 221.4 217.9 216.3 214.6 212 211.2 209.6 208.6 206.9 203 200.2 190.8 188.5 185.5 181 177.3 167.7 166.1 164.9 162.2 161.1 156.5 155 153.5 152.2 151.7 151.5 152.1 161.4 179 191.1 190.3 189.6 183.7 177.2 175.8 183.5 194.1 205.9 218.9 229.3 237.9 247 256.3 264.8 272.2 279.1 287.1 294.8 302 307.6 310.9 314.1 317.6 321 324.7 327.6 333.5 338.3
273.8 269.3 264.8 261 260.4 258.6 258 256.6 251.9 248.7 245.3 242.3 237.5 234.2 231.6 227.8 225.7 224.7 223.2 222.9 223.1 222 218.7 214.6 212.9 211.4 209.1 207 202.6 201.4 200.4 187.6 188.4 191.2 190.8 195.5 193.2 188.6 180 168.7 168.3 162.7 155.2 152.9 152.3 152 150.3 149.2 150.1 162.3 182.4 190 189.2 188.8 184 176 177.8 187.3 200.1 212.4 223.4 232.7 242.7 252.3 262.2 271 280 288.4 296.7 303.5 309.1 313.6 317.4 320.4 322.1 324.9 328.8 334 339.1
272.9 268.7 267.3 265.3 263.3 260.4 258.7 257.5 253.9 250.9 247.5 243.6 239.1 235.4 232.9 230.2 227.2 225.4 223.8 222.7 222.8 221.7 217.9 214.3 212.5 210.5 209.1 207.3 201.7 194 191.3 196.9 204.8 202.7 205.5 203.5 196 193.4 190.8 181.8 176 171.1 164.7 160.1 157.2 154.5 150.4 149.9 149.2 152.9 163.8 182.3 189 188 187.4 181.5 177.1 178.8 190.4 202.5 212.9 222 233.4 243.8 254.5 264.1 273.5 283.2 291.8 299.5 306.5 311.9 317.2 321.2 322.7 324.7 329.8 333.8 340.2
273.8 272.3 269.6 267 265.2 263.4 260.5 258.1 255.1 253.5 250.6 248 240.5 237 234.6 231.9 229.1 226.4 224.2 222.5 221.2 217.7 216 215 213.8 211.6 210 205.8 184.3 189.3 199 211.3 211.7 207 211.5 213 201.7 193.8 192.3 189.7 183.2 176.8 171.3 165.3 161.1 158.8 154.4 152.5 149.2 148.2 147.6 155.8 172.8 187.6 186.8 183.1 177.9 174 179.5 190.2 201.2 208.8 220.5 231.3 242.1 252.6 261.2 271.6 281 289.7 300.1 309.9 317 321.6 323.6 325.6 329.2 333.6 338.8
275.4 273.8 271.3 268.8 266.7 265.4 262.5 259 255.8 253.9 252.8 248.8 242.7 238.7 237.2 234.4 230.8 226.9 225 223 220.7 218.8 216.2 215.9 213 204.5 201.6 187.3 185.9 194 205.1 211.3 212 209.9 210.4 210.1 205.1 197.1 192.4 190.2 185.8 179.8 176.2 170.1 165.6 164 161.4 156.5 153.5 151.5 149.2 147.4 149.7 171.1 186.2 184.2 178.8 172.6 172.6 179.2 191 201 209.1 217 227.1 239.8 248.5 254.2 267.4 278.9 295.8 308.8 317.6 321.3 323.1 324.8 329.1 334.3 337.1
276.3 273.9 272.2 269.4 267.7 265.4 262.1 258.8 256.7 254.3 250.5 247.2 245.4 243.4 240 236.3 221.7 219.1 218.4 219.1 218 218 217.8 217.2 204.8 196.7 190.7 188 194.4 202.5 209.6 212.8 212.8 212.2 209.6 208.1 206.6 203 197.5 190.9 184.9 180.3 177.6 172.6 167.8 166.4 165.2 161.2 157.7 155 151.7 146.5 143.5 154.4 181.5 184.5 180.6 174.6 170.8 172.5 181.2 192.1 200.9 207.1 216.3 228 238.5 245.4 252.7 269.7 290 305.4 315.9 320.6 321.5 324.7 328.9 332.7 335
277.7 276.1 274.6 271.1 267.8 264.9 262.9 260.2 257.4 253.3 249.5 247.9 246.9 244.9 241.5 238.4 214.8 215.7 214 216.3 214.3 208.4 209.8 212.3 195.3 188.9 189.6 199.5 207.7 211.5 213.7 213.2 213.2 216.2 215.2 212 209.2 207.5 202.7 194.4 187.2 183.3 178.2 174.5 168.4 166.4 166.6 164.3 159.1 155.1 150.4 143.8 143.9 148.5 167.4 179.5 182.2 175.9 170.5 169.5 173.1 183.6 192.9 199.9 208.8 217.4 228.1 235.2 247 261.8 284.2 300.3 311.1 317.1 319.8 322.3 327.5 331.1 333
278.7 275.6 273.6 271.8 268.2 265 263.3 260.7 257 253.2 250.4 245.2 236.3 234.8 235.1 228.1 223.8 223.2 218.5 217.6 218.9 214.1 207.4 204.5 204.3 203.8 205.8 211.8 216.2 216.6 215.6 214.5 214.8 219.1 219.8 218.1 215.7 212.2 207.2 200.5 190.6 183.7 178.4 176.9 170.6 167.8 165.9 164.8 159.9 154.4 147.2 142.8 144.4 145.2 162.3 175.9 180.4 177.5 172.4 169.5 168.7 177.1 186.2 194.3 201.7 212 223.1 234.7 243.6 259.3 278.4 294.1 304.4 310.5 312.5 316 322.2 329.4 330.9
280.6 278 275.1 271.6 267.6 265.5 257.4 255.8 253.8 250.8 239.9 233.5 231.8 233 235.4 235 232 231.6 228.9 227 224.8 223.7 221.6 219.1 217.5 216.8 217.9 219.5 219.6 220.5 220.1 219 221.6 224.8 225.5 225.2 221.1 216.4 210.8 206.1 197.7 190.1 182.5 177.1 175 165.2 163 162.5 157.5 151.1 146.7 141.7 142.5 147.8 162.7 174.6 180.1 179.1 173.9 169.4 167.7 172.9 181.6 189.8 196.9 207.8 220 231.5 239.7 255.6 275.8 288.1 295.4 306.8 309.9 312.9 315.7 322.6 327.8
281.7 279.1 275.1 272.3 268.2 265.2 263.7 259.8 253.3 239.4 228.7 234.5 242.1 243.8 243.7 241.6 240.1 238.7 237 233.6 230.3 229.7 229.1 227.3 225.2 224.7 224 224.1 223.9 223.7 223.9 225.5 229.3 230.3 231.3 233.3 230.8 224.7 216.1 211.4 205.9 197.8 189 181.8 174.3 165.1 156.8 157.9 154 148.4 145.5 143.4 140.8 150.3 164.2 174.4 179.7 179.7 175.1 169.6 168.8 170.7 180.2 187.2 195.5 205.1 215.3 226.1 234.7 254.7 275.3 289.1 299.4 305.6 307.1 309.2 311.3 314.8 319.4
284.2 282.9 276.4 273.1 269.3 267.7 264 260.4 247 233.8 240 246.1 250.1 249.1 246.5 244.6 243 240.3 237.4 236.4 234.8 232.3 229.7 228.9 227.6 228.8 229.7 229.4 228.2 228.7 230 232.3 237.1 240.2 240.7 239.9 237.4 232.6 224.3 214.7 210.8 205.1 196.9 188.2 178.4 171.1 160.9 154.2 150.1 145.4 143.4 142.7 140.5 150.9 163.8 173.7 178.3 178.6 173.9 168.3 167.2 169.9 179.8 187.6 195.6 203.4 211.9 220.8 231.8 256.9 276.8 291.3 301 306.8 308.2 309.7 309.8 306 311.1
284.3 282.4 282 274.2 271.7 265.8 266.5 260.3 241.2 246.3 250.6 253.8 253.3 250.7 249.6 250.3 244 240.4 239.6 238.7 237.5 234.9 231.7 230.2 231 232.3 232.3 231.6 230.7 233.7 236.3 239.9 246 251.2 252.3 248.7 242.5 238.7 232 225.4 218.2 210.4 203.3 195.2 185.8 175.7 168.3 157.3 150.9 145.7 143.5 141 141.9 147.4 160.4 171.9 176.9 176.9 172.5 167.3 165.9 169.4 181.1 189.3 196.5 203.9 211.8 222.4 235.6 260.9 279.1 292.8 302.8 307.4 307.3 307.3 307.4 301.4 300.6
270.1 267.9 261.8 264.9 262.3 263.7 247.2 243.6 251.1 255.5 258.2 257.6 255.6 253.1 251.1 247.4 244.5 242.7 241.1 239 236.8 235.7 233.6 232.7 233.6 233.9 234.8 236.4 237.7 240 242.9 246.3 253.3 261.7 264.4 262.2 250.7 244.3 236.5 229 223.5 216.6 207.3 198.8 191.3 183 174.1 162.8 152.6 147.1 140.8 140.8 141.1 145.4 155.7 169.4 176 176 175.8 170.6 169.1 171.3 183.3 190.9 197.3 207.1 214.4 224.9 243.6 264.3 281 293.1 301.5 306.7 307.5 306.5 303.9 296.9 289.5
281.4 278.6 272.4 263 253 246.3 260.7 265.2 263 261.9 260.8 260.7 257.9 255.3 250.9 248.3 246.2 245 243.5 240.9 239.6 237 236.3 235.1 234.9 236.8 238.7 240.4 242.1 244.5 247.1 252.4 260.7 273.2 277.8 277.6 265.7 253.2 243.6 234.3 226.4 219.7 212.4 201.8 194.5 186.6 178.7 170 160.7 150.8 142.5 139.7 140.5 143.8 149.8 163.3 171.7 175.9 175.3 171.5 171 173.3 185.1 193.4 200.7 208.4 217.1 227.3 245.9 265 280.6 292.3 298.1 301.5 302.1 301 297 290.2 280.9
293.5 286.7 280.9 275.7 268.6 272 274.4 270.5 268.2 264.5 265.9 264.9 259.8 256.5 252.5 250.9 249.3 247.3 245.5 244.3 241.9 238.3 237.2 238.1 238.2 239.8 240.6 242.1 244.8 247 250.8 256.1 267.7 285.5 305.7 296.6 278.4 263.4 252.5 241.7 230.9 222.3 215.1 206.6 199 191.3 182.5 174.7 168 162.4 153.6 144.3 138.6 142.3 142.9 157.2 167.2 172.6 173.9 169.8 169.1 172.5 184.6 194.2 201.7 209.3 217 227.5 244.9 260.4 275.6 290 291.8 293 292.6 290.7 286.5 278.7 272.4
296.7 289.2 287.2 284.8 280.7 279.6 276.5 272.6 270.1 268.4 266.5 264.3 261.4 259.1 256.2 252.9 251.4 249.1 247.5 247.1 244 241.7 240.3 240 240.9 241.7 242.3 244.4 246.9 248.5 251.3 256.1 269.2 289.5 313.3 312.2 290.9 272.9 261.7 251.2 240.5 229.4 220.1 211.4 202 194.8 187.8 180.6 176.2 170.5 163.2 152.2 137.6 140.4 141.7 149.3 160.5 167.6 169.5 167 165.6 169.2 181.7 191.5 199.3 205.2 213.4 222.6 237.1 251.4 264.2 273.9 279.1 280.1 278.6 276.7 272.1 266.6 260.1
294.8 293.4 288.8 286.3 282.9 278.7 277.6 275.7 272.6 269.2 267.5 265.3 263.8 261 258.2 256.2 254.6 251.3 250.6 248.1 246.1 243 241 239.9 241.2 242.4 243.1 245.2 247.3 248.6 249.8 254.5 262.6 276.3 287.1 297.2 292.7 279.7 267.7 258.9 248.6 238.2 228.3 218.5 208.8 199 191.3 185.8 180.7 175.7 169.8 159.8 140.9 138.9 138.7 139.1 151.2 159.1 162.5 162.5 160.2 163.5 176.4 187.2 194.5 200.8 207.1 215.8 225.2 236.7 247.7 255.9 260.5 261.6 260.6 258.4 255.4 251.5 246
299.1 295.9 292 289.2 285.6 281.5 279.5 278.5 273.9 272.7 270.9 267.9 265 262.9 260.8 258.8 256.6 253.4 251.3 249.4 246.6 243.8 241.8 241.2 244.2 244.5 244.8 244.5 245.6 246.6 248.9 252.3 256.4 261.5 267.2 272.3 269.8 265.6 262.1 257.3 249.7 241.4 232.9 223.4 214.7 205.6 196 189 184.4 181 176 167.4 155.6 140 137.5 137.1 140.3 147.1 152.2 154.3 153.7 157.2 170.2 181.3 188 193.1 200.1 205.6 212.6 218.6 227.8 235 239.3 240 236.7 236.6 236.8 235.7 234.5
301 297.5 296.3 292.4 288 284.8 281.8 280 276.5 275.3 273.3 269.7 267.8 265 262.4 260.1 258.7 255.5 252.5 250.6 247.9 245.7 243.7 242.6 244.7 244.9 244 244.5 244.8 245.3 247 249 251.4 252.5 254.1 254.3 253.2 252.6 251.1 248.7 244.2 238.9 233.1 225 217.6 210.7 200.8 193.9 185.1 183 179.2 172 162.9 152.5 143.8 136.6 136.1 136.3 141.7 144.6 146.6 154.6 166.8 175.4 181.8 183.6 190.6 195.9 200 205.8 209.3 213 215 216.2 214.6 213.6 215.7 218.7 222.8
301.5 299.5 298.6 296 290.4 286.1 284 279.4 277.6 276.1 274.4 272.5 269.8 267.4 263.4 260.7 258.1 256 254.2 252.1 249.7 246.4 245.2 245.1 244.7 244 242.3 244.1 243.1 242.3 243.6 244.2 245.6 247 245.9 243.6 242.4 241.7 240.9 237.1 235 233.7 228.8 224.2 217.2 209.4 201.5 193.4 186.2 183.6 180.9 174.6 165.8 157.5 148.2 140.3 134.9 135.2 134.5 135.8 141.1 149.2 161 169.4 175.8 179 183.6 187.8 188.9 193.6 194.8 196.7 198.1 198.6 199.2 200 202.3 207.1 213.9
302.3 298.9 297.6 296 293.1 288.2 285.6 282.8 279.2 276.3 276.2 274.3 270.4 268.4 264.8 261.8 260 256.6 255.2 253.1 250.4 245.6 244 243.8 244.3 241.6 240.8 240.7 240 239.6 239.6 240.9 240.3 241.5 240.7 237.8 236.1 235.1 232.6 231.3 229.9 226.4 220.7 216.8 213.1 207.7 199.9 191.9 185.5 183.1 181 176 168.5 157.9 150.3 143.2 137 133.9 131.7 130.7 135.6 141.3 153.5 161.5 168.6 173.7 178.8 180.3 181.8 183.6 183.1 184.2 184.3 186 188.1 188.4 190.2 195.4 204.6
303.1 299.7 296.6 295.4 293.7 290.3 285.9 284.1 281.4 278.2 277.5 275.7 271.3 268.6 268.4 264.5 261 257.7 255.2 253.5 250.5 245.9 243.9 243.4 243 241.1 239.4 237.2 236.8 236.1 235.2 235.5 235 234.8 235.8 234.9 231.7 229 227.7 227.1 225 220.5 215.7 211.7 206.5 200.7 191.8 185.8 182 185.4 180.9 176.7 168.8 150.9 150.4 143.2 141.4 139.3 133.2 131.4 130.7 134.7 144.6 152.1 160.2 164.5 168.2 172 173.6 173.8 173.8 174.7 175.2 178 178.4 178.7 182.1 185.2 193.5
303.4 301.1 298.8 295.5 295.6 292.8 288.6 285.8 283 279.9 276.9 274.6 271.9 268.9 269.5 266.6 261.4 259.4 256.3 253.4 250.5 246.5 243.3 242.6 241.3 239.7 238.1 235.5 234.9 233.1 231.3 230.8 229.9 229 229.6 229.5 227.4 225.2 224.2 221.7 218.4 213 211.8 207 196.5 194 191.6 193.3 196.5 197 193.1 186.3 180.2 170.2 163.3 157.1 151 147 143.8 134 129.7 130.9 133.5 141.3 147.2 152.4 157.7 160.1 163.4 164.6 163.3 163.9 165.6 168.1 169.1 170.1 171.1 175.6 182.5
306.5 304.9 301 297.2 296.1 294.1 289.2 286.1 283.5 282.5 278.2 274.6 271.9 269.3 269.6 267.8 263.5 259.6 257.2 254.5 251.4 248.2 243.5 241.2 239.7 239.2 237.8 234.7 233.2 231.8 229.6 227.4 226.1 225.1 224.9 223.5 223.9 223.1 220.9 213.5 205.5 205.4 203.5 202.7 200.3 203.1 204.9 206.3 207.4 207.6 204 196.8 191 184.3 177.5 171.1 163.8 155.7 146.1 139.6 133.6 129.3 127.3 132.1 135.1 139.5 142.6 150.4 158.7 159.6 157.6 152.3 154.1 156.9 159.4 161.3 162.8 164.1 169.8
308.2 306.1 301.7 297.7 295.8 292.4 289.2 288.1 287.3 285.2 280.3 275.7 273 269.5 268.6 267 263 259.7 256.3 255.2 251.8 249.4 246.5 242.2 239.7 238.9 237.3 236.4 233.1 229.6 227.8 226 224.4 224.4 223.6 221.5 220.2 219.9 214.6 210.4 214.1 216.1 216.7 216.2 216.4 216.8 216.2 215.3 216.1 216.7 214.3 207.3 199.8 192.3 186.6 181.2 174 165.2 154.2 147.2 140.9 133.6 128.4 128.2 126.4 129.6 134.9 140.4 144 148.3 147.5 144.6 145.6 148.1 150.7 153 154.8 158.9 161.6
307.8 304.7 301.3 297.9 296.3 293.2 289 287.3 287.2 285.9 281.6 275.8 274.4 271.2 268.4 265.6 263.7 260.9 257.4 254.4 252.2 249.7 246.1 242.2 239.5 236.7 234.4 233.9 230.5 228.4 226.7 224.3 223.4 222.3 221.4 221.1 219 217.1 212.8 217.6 221.8 225.3 225.5 225.9 225.2 225.1 224.3 223.1 224.7 224.3 222.3 217.7 211.5 203.2 196.5 190.2 180.9 168.1 162.4 155.5 147.6 141 136 130.6 128.1 125.8 128 133.5 135.7 139.5 139.4 141.1 141.6 143 146.6 146.6 147.8 151.4 154.2
311.9 307.7 303.4 297.9 295.8 292.4 287.4 286.7 286.4 284.4 281 275.8 274.5 271.5 270.4 268.5 264.5 260.9 256.3 254 251.7 248.4 244.8 241 238.7 235.6 234.1 232.9 230.1 228.1 227 224.9 221.9 220.9 219.7 221.2 220.8 219.7 220.6 223.4 226.5 228.2 228.4 228.6 229.1 229.6 229.4 229.4 230.3 229.6 228 224.9 220.4 214.8 208.4 199.9 186.7 173.6 167.1 160.2 151.8 144.8 140.8 134.4 129 127.4 125 128.2 130.9 132.4 132.3 135.4 135.1 135.3 138.6 140.2 141.4 142.6 146.1
311.2 307.9 302.9 297.9 294.9 291.5 288 287.3 286 282 279.2 276.5 273.8 271.9 270.6 268.5 263.9 258.2 255.2 252.9 250.3 246.6 243.1 240.8 238.8 234.6 233.3 232.2 229.9 227.9 226.3 224.8 223 220.8 219.7 221.5 220.7 220.8 221.8 224.5 229.2 230.7 230.9 231 231.9 232.5 232.1 230.9 232 232.9 231.6 227.2 224.7 222.1 216.9 208.8 196 179.3 172 165.5 157.1 151.2 144.2 137.1 132.3 127.8 124.1 123.2 126.6 127.5 126.7 128.8 127.7 130.6 131 135 136.1 137.4 140.2
308.2 304.6 301.2 297.2 295.3 291.9 288 285.6 282.6 282.3 278.4 276.2 274.4 271.6 268.9 265.7 260.5 257.1 254.7 250.9 249 246.1 243.7 241.6 238.9 235.6 233.2 232.9 230.3 228.1 226.3 225.3 224.9 223.5 223.6 224.1 223 222.9 223.5 227.7 230.7 231.4 232.5 233.6 234.5 235 234.4 234.7 234.7 234.3 235 233.2 229.3 226.3 222.3 215.9 208.2 196.4 183.2 173.3 166.1 159.5 151.4 138.4 136 132.9 133.2 126.5 126.2 122.8 123.9 123.9 124.8 126.2 126 128.5 130.4 130.4 129.9
306.9 305.7 303 298.6 294.5 291.7 288.8 288.4 286.8 283.8 277.7 276.1 273.6 272.2 269.9 265.6 260.6 256.5 253.8 251.6 248.1 246.4 243.3 240.9 239.1 236.1 234.4 234 231.2 228.6 226.8 228 226 226 225.5 224.6 223.4 224 226.1 229.4 231.7 233.2 233.8 235.8 236.9 236.9 237.9 238.5 238.3 238 238.3 239.4 237.3 231.5 228.4 221 218.2 209.1 195.6 184.4 175.6 168.1 161.2 153.6 146.7 145.3 143.4 139.2 130.1 124.8 123.7 122.1 122.9 122.1 122.4 123.2 122.7 119.3 119.3
311.3 309.9 306.3 300.6 295.7 292.2 289.6 289.5 288.8 282.8 277.4 275.3 273.1 272.9 269.9 264.9 261.5 258.6 255.2 252 249 246.6 244.1 241.6 239.4 236.2 235.1 234.6 231.4 230.7 230.2 230.4 228.2 228.1 228.5 228.4 229 229.6 228.9 230.4 232.1 234.1 236 238.1 239.9 241 242 242.4 242.4 243.3 243.9 243.7 243.4 240.2 235.4 232.4 227.6 219.1 205 195.1 187 180.2 171.3 165.8 161.2 156.8 154.9 152.3 138.6 129.8 125.3 122.6 120.8 120.9 121 119.2 117 118 117.3
314.4 311.4 306.7 300.8 296.1 291.9 289.7 289.4 288.2 281.3 277.5 274.4 273.4 271.6 266.8 263.8 260.8 257.8 255.2 252.7 250.2 247.5 245 241 238.2 236.5 234.6 233.6 232.1 231.6 232.1 232.8 230.9 232.1 234 234.1 234.7 234.4 233.5 232.8 234.5 235.6 238.6 241.5 243.4 244.8 246.1 246.5 247.8 249.2 249.2 249.3 247 244.6 240.9 238.8 236.3 229.1 217 206.4 198.3 189.9 182.8 176.1 169.6 164.9 160.2 156.2 149.9 143 135.7 131.9 128.3 125.6 128.1 123.8 118.5 116.9 116.5
