app/static/ascii/NH57.asc
ncols 200
nrows 200
xllcorner 250000
yllcorner 870000
cellsize 50
[rows 140 to 174 of 200, columns 0 to 77 of 200]
323.8 301.6 282.9 276.4 264.2 253.5 241.7 234.6 229.2 216.9 216 216 216 216 216 216 216 216 216 216 216 216 216 216 216 216 216 216 216 216 216 216 216 216 216 216 216 216 216 216 216 234.4 252.3 268.9 291.1 306.2 327.2 354 396.9 405.6 407.8 414.4 423.6 433.1 440.2 444.8 450.8 454.7 455.9 456.6 462.3 465.9 472.1 479.2 490.8 502.7 514.6 527.6 538.4 547.8 557.4 565.1 571.9 577.9 583.9 590.4 594.9 598.5
356.1 341 324.1 308.5 294.9 281.4 264.2 251.7 243.1 234.1 229.3 220.7 216 216 216 216 216 216 216 216 216 216 216 216 216 216 216 216 216 216 216 216 216 216 216 216 216 216 216 216 216 221 240.5 256.3 274 298.6 310 329.9 362.7 384.3 387.6 398 413.4 423.9 426.5 429.5 434.9 440.8 443 444.4 450.1 455.1 458.9 468.3 481.4 496.7 507.5 517.7 528.7 538.8 548.7 557.6 565.5 574.2 580.4 587.3 594.7 600.7
400.2 388.8 372.4 352.5 334 316.7 298.8 276.8 262.7 252.2 243.9 235 229.5 222 216 216 216 216 216 216 216 216 216 216 216 216 216 216 216 216 216 216 216 216 216 216 216 216 216 216 216 216 225.9 247.5 258.5 272.7 291.2 315.6 337.5 355.7 367 381.5 399.9 414.6 416.8 418.4 421.5 426.1 427.7 430.7 436 441.7 445 452.7 472.6 486 499.6 510.8 522.2 533.6 543.3 552.4 560.2 569.4 578.5 584.7 593.8 603.4
443.4 434.9 421.5 396.3 365.5 344.7 320.6 300.7 286.1 271.6 259.6 252.8 247.9 238.4 227 216 216 216 216 216 216 216 216 216 216 216 216 216 216 216 216 216 216 216 216 216 216 216 216 216 216 216 216 232.8 248.5 259.5 274.3 295.9 317.3 336.8 352.8 365.8 383.1 399 405.8 409.6 411.2 409.9 411.7 416.9 425.8 431.4 437.7 445.8 463.1 473.8 485.5 497.2 511.7 526.4 539.6 549.3 557.4 565.8 575.7 585.5 597.2 609.4
464.9 460.8 452.8 425.9 394.3 364.3 345.6 331.7 313.7 297 292.6 289.2 272.9 255.7 239.9 229.2 218.4 216 216 216 216 216 216 216 216 216 216 216 216 216 216 216 216 216 216 216 216 216 216 216 216 216 216 225.4 240 250.2 263.7 278.1 297.8 318.1 342.6 356.1 371.6 384.4 393.2 396.4 397.4 397.8 398.7 407.2 417.8 417.5 430 433.6 445.7 460.7 472.3 483.6 501.1 516.7 533.1 546 554.2 563.9 576.5 589.1 600.5 612.4
488.1 484.1 470.1 451.5 426.2 391.2 374.2 358.9 344.1 335 331.6 319.1 293 266.5 248.2 242 230.6 216 216 216 216 216 216 216 216 216 216 216 216 216 216 216 216 216 216 216 216 216 216 216 216 216 216 216 232 241.7 253.6 269.4 285.5 303.8 323.3 335.9 355.4 382.4 389.7 391.9 389.6 390.2 391.6 395.9 404.3 414.4 417.9 426.8 440.8 452.5 464.5 477 492.8 508.5 527.5 542.8 552 564.6 577 591.3 604.1 616.1
509.8 503.4 492.3 473 447.2 420.8 403 386.5 377.4 371.3 355.1 337.2 305.8 282.8 273 261.4 246.5 231.2 218 216 216 216 216 216 216 216 216 216 216 216 216 216 216 216 216 216 216 216 216 216 216 216 216 216 224.9 235.3 245.9 263.4 277 291 303.1 313.6 330.8 363.2 380.7 384.3 381.5 380 380.7 384 394.1 406 412.7 424.4 436.8 448.8 461.7 472.7 487.7 504.6 520.6 537.4 552.3 567.2 578.7 593.5 608 619.4
520.6 518.5 506.3 490.4 468.5 444.9 422.8 405.4 394.8 387.9 370 350.8 322.3 306.3 299.9 288.3 269.4 250.3 232.4 219.2 216 216 216 216 216 216 216 216 216 216 216 216 216 216 216 216 216 216 216 216 216 216 216 216 216 226.6 242.7 257.1 270.6 282.4 292.5 300.8 318.1 336.6 357.2 365.7 366.3 369 370 373.1 383.4 395.1 402.5 419.7 435 448.7 461.5 471.3 480.4 500.9 517.1 534.2 551.3 566.7 580.3 596.8 610.6 620.1
536 532.6 525.1 515.5 493 464.6 436.9 423.6 416.3 404.3 388.7 362.3 340.4 328.6 322 308.5 291.3 271.8 253.9 234.5 219.7 216 216 216 216 216 216 216 216 216 216 216 216 216 216 216 216 216 216 216 216 216 216 216 216 216 234 250.5 264.4 276.1 288.5 301.9 316 330.8 339.9 348.4 352.2 355 357.4 359.8 372.8 383.5 392.3 413.6 431.8 447 459.2 471.1 483 494.9 516.1 533.9 551.1 565 579.5 596.6 610.5 616.3
550.8 547.6 539.6 529.8 509.2 484.1 459.8 447.4 431.2 417.7 402.6 378.3 359.5 349.2 342.6 326.3 307.1 291 273.4 252.9 232.8 219 216 216 216 216 216 216 216 216 216 216 216 216 216 216 216 216 216 216 216 216 216 216 216 216 221.8 240.7 255.9 270 283.6 296.4 309.2 321.5 330.3 335.2 335.6 342.6 345.6 353 361.4 374.5 389.5 408.9 427.7 443.2 457.2 473.9 487.1 499.4 512.4 531.6 547.8 561 576 593 607 608.8
563.8 558.8 548.6 534.2 522.9 501.1 479.3 461.2 445.8 428.4 412 402.4 381.9 366.4 357.2 341.6 323.5 304.5 286.9 268.8 251.1 234 221.9 216 216 216 216 216 216 216 216 216 216 216 216 216 216 216 216 216 216 216 216 216 216 216 216 228.3 245.8 263.3 277.5 289.1 299.2 311 318.2 321 322.6 333.7 340.2 345.6 351 358.4 381.3 402.2 423.8 442.1 458.7 474.5 489.4 503 515.3 527.6 542.2 555.9 570 585.8 598.8 599.3
580.2 568 554.8 549.6 536.6 515.3 493 469.7 456 440.5 440.9 429.6 408.4 389 377.1 356.5 337.8 320.5 298.4 280.8 264.4 247.9 233.5 225.9 216 216 216 216 216 216 216 216 216 216 216 216 216 216 216 216 216 216 216 216 216 216 216 216 236 255.2 271 282.4 290.5 299.8 304.4 304.2 314 325.5 331.6 335.5 340.9 350.9 372.3 397.8 420.2 439.1 456.5 472.9 487.9 503.2 518.3 528 539.9 552.6 565.4 577.8 588.7 588.2
602.1 588.4 578.4 566.4 550.2 532 510.6 484.3 475.4 473.4 470.8 459.3 440.1 414.4 394.5 370.5 349.3 330 310.3 290.8 272.4 258.4 246.3 237 225.7 216 216 216 216 216 216 216 216 216 216 216 216 216 216 216 216 216 216 216 216 216 216 216 224.4 247.1 262.9 274.5 284.1 289.3 288.8 294.8 307.3 315.9 321.4 325.6 326.4 339.4 363 391.4 413.9 434 452.4 469.6 486.3 501 516.3 529 541.4 553.5 565.3 575.9 582 582.6
625 609.8 593.4 577.4 564.5 546.4 530.1 522 506.5 501.7 495.3 488.1 469.7 446.3 418.7 392 366.5 344.1 320.6 297.2 280.8 271.6 259.6 247.3 235.5 225.1 216 216 216 216 216 216 216 216 216 216 216 216 216 216 216 216 216 216 216 216 216 216 220 238.6 256.3 268.5 276 278.3 279.1 291.2 301.3 307.8 311.4 312.5 324.3 337.7 358.5 383.7 405.4 425.1 447.2 465.3 480.5 493.8 509.6 523.5 535.1 550.1 561.1 569 575.5 577.2
628 610.8 598.6 588.3 572.3 563.7 540.9 533 521.4 515.1 510.4 507.1 497.2 471.2 444.6 416.9 390.7 365.1 338.3 316.4 298.3 286.2 275.9 258.4 244.1 234.2 227.1 216 216 216 216 216 216 216 216 216 216 216 216 216 216 216 216 216 216 216 216 216 216 234.9 250.1 262 268.1 270.7 276.4 284.9 293.2 298.3 300.6 309.5 321.4 338.1 352.9 372.1 395.6 415.9 439.1 457.4 472.8 486.8 500 515.4 525.8 538.8 551.1 560.2 565.6 564.9
632.9 620.8 609.9 596.4 581.3 564.6 543.3 530.6 523.5 519.2 515.7 512.2 500.2 485.2 466.8 443.5 417.7 388 362 336.4 313.4 297.2 277.7 265.8 255.1 246.5 240.7 229 216.9 216 216 216 216 216 216 216 216 216 216 216 216 216 216 216 216 216 216 216 216 230.1 243.4 254.6 261.1 265.5 270.1 274.5 284.5 289.4 299.6 310.4 322.8 335.3 347.2 363.3 385.7 407.8 429.5 448 462.1 475.6 491 506.6 518.2 528 535.3 543.2 551.1 553.1
652 635.7 621 600.8 589 559.5 540.2 531.2 525.5 524.2 521 518.5 511.6 494.8 479 461.3 436.8 409.1 379.8 348.9 325.2 310 291.5 275.3 265.7 256.4 249.1 237.7 225.6 216 216 216 216 216 216 216 216 216 216 216 216 216 216 216 216 216 216 216 216 225.7 236.5 245.4 254.6 261 263.5 266 275.3 282.7 294.8 306.4 318.8 332.9 344.3 356.2 377.6 399.3 418.5 436.4 451.1 464.4 480.2 498.3 510.9 519.5 524.6 529.1 534.8 537.5
659.5 651.8 631.5 606.8 581 557.6 535.2 530.5 527.2 525.6 525.1 522.1 517 505.2 485.5 464.6 440.5 419 397.7 372.9 354 332.1 311.5 290.4 276.3 263.9 254 244.4 234.2 225.5 216 216 216 216 216 216 216 216 216 216 216 216 216 216 216 216 216 216 216 216.4 229 236.1 246.7 253.8 257.4 260.1 269.3 280.7 291.7 304.5 318 331.1 343.7 357.5 374.6 394.2 412.2 426.2 441.1 457.9 474.6 492.4 506.3 516.1 519 520.5 523.2 522.8
676.7 666.4 636.9 604.4 566.3 544.2 538.2 534.4 532.2 531 528.6 524.3 519.8 510.3 503.3 487.5 465 438.1 416.2 392.4 374 350.5 326.2 304.9 286.1 271.2 258.1 247.4 239.3 231.3 222.7 216 216 216 216 216 216 216 216 216 216 216 216 216 216 216 216 216 216 216 222.8 232.1 239.4 246 253.9 258 265.6 281.2 295.1 306.9 319.4 331 345.3 361.3 377.1 392.5 410.4 422.3 438.4 452.5 466 482.9 496.4 508.4 512.7 513.5 513.8 510.9
684.7 658.6 621.5 586.5 559.9 552.8 551.8 546.7 540.5 535.1 531 524.8 521.6 522.1 517.4 509.8 492 462 429 405.1 381.1 359.4 335.9 314.5 293.3 277.6 265.1 256 247.1 237.3 228.3 216 216 216 216 216 216 216 216 216 216 216 216 216 216 216 216 216 216 216 216 226 234.4 242.8 251.1 256.9 265.8 282.3 296 306.4 320 333.6 347.5 361.5 376 389.3 403.6 416 435.3 451 464 475.3 490.6 499.4 507 509.6 506.9 503.5
682.3 643.4 608 575.2 567 563.5 557.8 551.3 544.7 539.9 535.8 529.9 526.4 524.3 521.7 516.3 501.9 479.2 447.1 418.4 393.2 373.5 352.9 329.4 307.8 289.8 277.2 266.2 256.1 242.3 231.3 220.9 216 216 216 216 216 216 216 216 216 216 216 216 216 216 216 216 216 216 216 217.5 227.6 236.9 247.1 255.9 267.6 281.6 295.2 305.7 317.8 333.3 348.5 359.5 373.1 387.2 400.3 412.6 426.5 448.1 464.3 474.4 485.9 493.4 500.7 503.8 504.2 498.8
661.3 628.7 596.7 575.8 572 571 566.4 558.3 552.1 548.2 538.7 534.5 529.4 526.9 522.6 515.8 505.8 486.9 460.4 435.1 412.6 393.5 374.3 353.5 330.3 307.4 286.7 274.2 260.4 247.6 235.9 226.5 218.9 216 216 216 216 216 216 216 216 216 216 216 216 216 216 216 216 216 216 216 222.1 230 239.6 248.4 264.3 279.9 292.5 306.2 316.1 333.8 347.6 359 369.9 382.7 398.9 411.5 424 441.9 457.9 470 478.5 489.4 495.8 497.1 495.1 495.3
652.9 621.6 591.5 580.8 578.6 577.5 570.3 566.6 562.5 554.2 544.6 536.7 531.7 528.5 523.8 516 505.6 493.2 475.1 448 423.9 410.7 389.1 368.7 349.2 325.4 302.6 281.2 267.3 254.8 242.8 234.6 229.2 225.7 221.2 216 216 216 216 216 216 216 216 216 216 216 216 216 216 216 216 216 216 219.6 228.1 244.8 260.6 277.6 291.6 306.3 317.8 330.8 345.4 356.5 368 379.2 393.8 408.5 418.8 437.5 450.9 463.5 471.8 481.8 491.6 492.2 491.1 490.2
645.1 619.2 596.2 589.6 586.7 585.6 579.2 575.3 570.4 564.3 552.5 544 535.2 528.5 523.5 515.7 509.1 497.6 480.7 459.5 434.3 413.9 399.1 377.9 361.3 334.4 311.8 292.1 273.5 260 249.8 240.2 236.2 234 229.1 222.6 216 216 216 216 216 216 216 216 216 216 216 216 216 216 216 216 216 216 222.6 239.5 254.1 272 288.3 304.3 315.2 324.1 341.6 354.7 366.2 376 389.6 406 416.4 429.6 443.8 456.3 463.3 473.5 482.2 486.8 487.2 484.5
633.7 614.7 601.8 594.9 595.4 596.5 592.2 588.1 582.8 575.2 564 552.4 541 530.6 523.1 516.8 510.3 503.3 487.6 466 446.7 423.2 404.2 387.3 366.2 343.2 324.5 302.7 281 268.8 258.6 249.8 243 237.9 232.4 226.3 217.8 216 216 216 216 216 216 216 216 216 216 216 216 216 216 216 216 216 217.1 234.7 248.1 264.7 283.5 299.2 312.7 322.9 337.3 348.6 361.7 372.8 387.5 402.8 415.5 423.9 435 445.8 454.3 464.5 474.1 478.8 478.3 479.5
640.3 625.4 612 605.4 610 611 607.3 607.1 603.3 593.7 580.9 577.8 565.3 541.5 527.1 519.3 511.6 504.2 493.9 476.6 458.1 435 410 392.9 372.3 353.3 333 311.4 288.1 276.7 264.1 255.6 247 240.6 235.2 228.8 223.9 216 216 216 216 216 216 216 216 216 216 216 216 216 216 216 216 216 216 231.1 244.8 259.8 274.8 291.8 308 320.8 335.1 346.9 359.5 370.7 385.6 398.5 411.1 423.1 430.5 436.3 444.3 451.9 463.4 467.5 467.7 468.6
649.1 641.2 628.7 630.6 635.1 634.3 634.8 634.6 628.3 616.7 610.3 607.2 584.1 549.9 532.9 523.4 512.3 504.2 496.1 484.1 465.5 439.1 415.3 392.8 376.4 357 338 318.1 298.8 283.1 275 260.8 250.3 244.6 240.5 235 228.2 218.9 216 216 216 216 216 216 216 216 216 216 216 216 216 216 216 216 216 226.3 242 257.5 272.4 285.6 301.3 314.4 330.2 344.5 357.1 368 382 395 405.6 417.3 424.4 430.4 438.2 444.1 449 455 455.9 456.2
668.2 658.8 654 658.6 663.1 665.5 666.1 662.6 655.6 638.8 630.1 618.4 590.4 555 536.2 525.6 515.7 508 499.3 490.5 476.1 449.4 422.9 400.9 380.9 361.9 340.3 321.6 307.1 296.3 285.6 269.2 255.5 247.3 243.8 237.4 231.5 225.3 216.5 216 216 216 216 216 216 216 216 216 216 216 216 216 216 216 216 220.8 235.3 252.1 266.2 279.4 295.6 311 324.5 340 353.3 364.7 377.4 389.9 400.8 409.2 416 423.6 433.5 441.6 444.7 443.6 444.5 443.1
700.7 691.3 687.7 692 694.1 696.4 696.5 693.3 682.5 652.8 640.8 624.3 592.8 562.3 538.8 527.8 517.7 508.9 504 494.3 480.3 459.5 438.3 410.7 389.8 370.4 348.9 329.1 315.4 303.6 296.2 278.4 260.9 252.4 245.7 240.4 232.8 228.8 223.1 216 216 216 216 216 216 216 216 216 216 216 216 216 216 216 216 216 226.7 245.2 261.4 276.5 290.9 304.2 319.7 334.4 348.1 358.3 371.5 385.3 396.6 404.1 408.1 414.3 423.4 431.2 436.6 437.5 439.3 435.2
742.2 730.3 723.8 724 725.8 727.8 729.2 721.4 684.5 658.6 645.3 627.2 594.4 567.9 549.2 531.3 522 511.3 504.8 495.6 482.5 467.8 450 426.2 400.1 380.6 359 341.4 329.5 314.8 300.9 285.9 268.4 257.6 249.7 243.1 236.4 232.3 226.9 221.9 216.1 216 216 216 216 216 216 216 216 216 216 216 216 216 216 216 216.6 235.9 255.6 270.6 282.8 296.2 310.5 327.8 341.9 352.2 363 376.5 388.9 397.9 401.5 404.8 410.9 417.9 422.8 428.1 432.8 430.8
770.2 761 756 755.4 759 761.7 759.9 733.1 694.8 668.6 658.6 627 594.1 569.7 553.2 536.6 525.6 514.6 503.2 493.2 484.2 474 460.7 442.7 416.2 393.4 375.9 352.1 334.7 322.6 307.2 292.4 275.9 261.5 254.5 246.6 241 235.5 229.9 226.5 221.7 217.1 216 216 216 216 216 216 216 216 216 216 216 216 216 216 216 227.5 248 262.4 272.4 288 302.4 318.3 333.5 344 354.3 366.1 379.2 388.6 393.1 395.9 398.8 404.4 408.1 411.9 418.3 419.6
791.2 787.3 786.1 789.7 791.8 789.7 770.1 740 708.9 684.1 651.8 625.2 595.4 573.4 554.7 539.5 529.7 518.2 506.5 494.7 486 477.5 468.1 455.8 432.1 407.2 384.1 362.5 342.6 326.9 312.8 298.2 283.9 268 259 251.3 243.7 238.9 234.3 228.8 226.1 220.5 216 216 216 216 216 216 216 216 216 216 216 216 216 216 216 221.4 241.3 255.7 268.1 279.2 296 310.2 323.9 335.5 346.6 357.2 367 377.2 383 386.1 387.4 390.3 393 396.8 402.7 405.6
815 816.8 817.7 819.5 818.3 793.6 757.5 730.8 699.8 671.7 646.7 620.3 597.1 573.9 557.2 543.9 533.2 525.8 515.8 502.5 493.2 483.5 475.1 464.8 449.2 426 398.5 375.9 353.4 331.5 317.6 304 290.4 275.9 265.5 257.8 249.3 243.8 238.1 230.4 225.9 222.7 216 216 216 216 216 216 216 216 216 216 216 216 216 216 216 216 235.6 248.1 264.3 277.7 291.6 302.6 310.9 325.8 339.6 349.4 355.7 362.4 370.4 375.3 376.6 378.5 380.1 384.3 388.5 390.9
843.4 841.5 840.7 836.5 828.2 787.1 739.8 713.5 683.9 660.5 642.9 622.7 602.4 581.7 565.2 553.2 544.3 539 530.3 513.3 501.6 492.1 485.1 475.4 460.7 436.5 413.5 389.8 365.7 341.1 321.7 308.3 296.1 281.8 271.3 262.3 255 247.2 242.2 234.5 227.1 223.7 220.6 216 216 216 216 216 216 216 216 216 216 216 216 216 216 216 228.8 244.8 260.1 273.5 285.1 294.2 302.8 316.1 331.3 341.9 349 354.3 358.4 363.5 368.2 369.9 370.4 374.2 379.2 379.1
860 854.7 847.8 840.1 815.4 775.6 731.9 700.6 673.4 650.5 640.2 627.9 608.7 593.3 578.2 567.5 560.7 555.9 541.1 524.5 512.6 501.8 492.5 480.4 467.1 445.2 423.1 401.3 376.2 354.2 332 314.8 300.5 287.1 276.7 267.3 260.1 252.4 244.8 239.4 229.7 226.3 224.1 221 216 216 216 216 216 216 216 216 216 216 216 216 216 216 220.1 239.3 254.8 267.5 279 288.1 298.8 310.8 323.2 333.4 340.7 346.1 348.9 353.9 358.2 359.7 362.9 366.1 371.5 371.2
