app/static/ascii/NH58.asc
ncols 200
nrows 200
xllcorner 250000
yllcorner 880000
cellsize 50
[rows 70 to 104 of 200, columns 0 to 77 of 200]
336.9 339.5 343.6 348 352.4 357.2 365.4 373.4 380.8 389.1 396.8 405.5 412.3 419.6 427.8 437 445.6 452.7 461.1 468.6 477 482.3 485.9 487.4 487.5 488.5 489.8 494.3 500.3 504.9 507.2 507.9 507.6 504.6 501.3 497.7 488.8 479.3 468.4 459.5 451.9 445.8 443 440.1 439.6 440.4 441.5 443.7 444.5 444.5 441.5 438.4 434.2 430.3 427.8 423 417.2 415.4 414.4 414.2 413.7 415 416.3 417.8 419.9 422.8 424.1 426.3 427.7 430 431.9 432 435 435.9 441.1 444.2 446.7 449.7
337.6 339.6 344.6 348.4 352.8 359.2 367.4 374.8 384.3 392.2 400.4 408.8 415.6 423.8 431.1 439 445.9 454.1 461.6 467.4 473.9 480.5 483.1 484 485.4 486.4 489.7 493.7 499.2 502.5 505.8 506.6 505.5 505.1 501.7 496.6 488.5 480.2 469.3 459.6 452.8 446.3 442.1 439.8 437.8 435.8 434 433.4 433.8 433.2 432.4 431.4 427.8 425.5 423.1 420.6 416.2 415.3 414.8 412.8 411.7 414.4 415.1 415.1 416.9 418.9 420 421.4 422.3 423.3 424.9 425.8 428.2 431.3 435.6 438.3 439.4 440.2
339.4 341 346.2 349.8 354.9 361 368.8 376.6 386.9 394.5 403.2 411.9 420.6 427.3 435 442.7 450.4 456.4 462.5 468.1 474.8 479.2 482.2 483.6 483.7 486.6 490.5 494 499.4 502.2 504.8 506.1 508 505 500 494.6 489.9 483.8 474.2 466.3 457.4 447.7 442.4 439.6 438.7 436.8 435.5 432.9 431.5 426.3 423.2 422 420.6 419.2 417.3 415.4 412.7 411.5 410.5 410.5 409.2 411.8 411.9 413.4 414.8 416.7 417.4 418.4 419 419.9 421.9 424.1 425.9 427.4 430 430.2 429.1 429.3
344.5 340.7 346.3 353.4 358.2 362.8 369.8 379.3 388.8 396.8 406 416.3 423.7 431 439.3 447.4 452.5 459.1 465.3 469.9 476.1 480.6 483.2 484.2 486.2 489.3 490.5 495.5 500 503.9 506.4 509.5 509.1 506.3 499.4 494.1 488.6 479.6 470.9 465.3 458.9 450.4 444.4 440.3 439.8 439 437.5 438.5 439.5 434.7 427 420.7 417.7 416.7 415.1 413.2 413.2 410.5 409.9 408.1 407.7 409.7 409.8 412.8 414.1 415.9 415.9 415.8 417.1 418.2 419.4 422.3 422.5 423 424.2 424.7 424.9 425.2
350.7 342.9 346.9 353.2 358.4 363.2 371.8 381.5 390.1 399.1 409.7 418.6 427.8 436 444.1 449.6 456.5 462.1 466.5 471.9 477.3 481.6 484.8 488.4 490.1 493.3 496.5 498.4 502.5 505.9 509.7 511.7 511.9 507.6 500.8 492.8 486 476.3 469.5 462.5 455.3 449.2 445.1 441.9 441.3 443.7 446.4 443.3 438.7 432.9 426.4 421 418.7 416.4 415.8 414.9 414.4 410.9 409.7 408 407.9 408.6 410.7 412.8 414.6 414.7 414.5 414.3 414.7 415.8 418.4 418.6 417.6 420.3 421.5 422.1 422.4 420.3
353.2 350.1 345.4 351.7 358.2 365.3 373.1 381.6 391.9 400.9 411.1 421.8 430.7 440.1 446.8 454.3 459.9 464.4 468.8 475.4 479.3 483.5 487.4 492.1 494.7 499.1 503.3 505.8 506.7 507.1 510.4 511.2 510.9 505.2 498.3 490.7 481.5 475.3 469.2 461.8 450.6 447 445.7 444.2 444.5 447.7 445.7 441.5 437.2 430.4 423.2 419.2 416.8 416.3 416.8 414.6 411.8 410 408.6 406.5 408.5 409.9 411.3 412.9 414.4 414.4 413.8 413.3 411.9 412.5 413.4 413.1 413 415.7 416.4 415 414.5 414.9
357 354.4 352.2 351.6 360.2 365.9 373.1 381.6 393.2 402 413.8 424.8 433.7 442.8 451.1 457.1 463.8 468.5 474.4 477.1 481.4 484.9 490.6 495 496.7 501.1 504.7 508 509.5 510.3 510.8 512.6 510.7 506.2 499.1 491.6 480.6 471.2 464.3 455.4 447.1 445.2 445.5 443.5 445.4 446.1 440.8 437.3 431.9 424.8 419.8 415.4 413.4 416 415.1 411.2 409.6 407.8 407.1 406.7 408.9 410.2 412.1 412.9 413.9 413.6 413.1 412.4 411.5 409.9 409.7 408.1 408.8 409.3 409 407.9 406.8 405.2
357.7 358.2 354.6 351.3 358.8 365.8 373.2 383.2 393.9 405 416.9 427.3 435.9 445.6 454.3 460.9 466.4 471.5 475.3 478.6 482.1 488.1 493.5 497.6 499.9 502.9 505.6 507.3 510.6 514.5 515.5 514 509.7 504.3 496.5 487.5 475.7 464.3 455.4 450.5 441.1 435.8 435.6 438.7 438.6 438.2 433.3 428.7 423.2 418.8 413.5 411.8 412.5 410.9 409.3 407 406.3 407 408.7 408.7 409.5 410.9 411.5 412.5 412.9 412.7 412.5 411.1 410.1 409.1 407.7 406.6 406.3 404.6 402.4 401.1 400.4 399.8
364.5 363.1 359.4 352.7 358.3 364.8 373.4 385.1 395.5 406.9 419.4 428.7 439.1 447.8 456.2 463 467.9 472.1 476.6 479.2 483.5 489.5 494.9 499.3 501 503.5 506.1 507.4 511 515.8 517.6 515.4 510.1 501.7 491.7 482.5 470.2 459.1 450.4 442.4 436.6 428.8 429.7 432.5 430.7 430.5 429.6 424.4 419.3 414.4 410.4 409.7 410.2 408.8 406.4 407.5 408.1 409.5 409.5 409.5 409.5 410.9 411 411.1 412.2 412.3 412.7 412.3 411.3 408.8 406.3 404.4 401 400.2 398.8 397.5 396.5 397.4
368.1 363.8 364.4 356.4 359.1 364.7 373 385.9 396.1 408.9 421.7 430.3 440.7 448.6 456.9 463.6 468.2 472.9 478.2 481.2 485.4 489.4 494 496.3 498 501.7 505.5 505.3 505.6 508.8 512.3 512.1 506.1 495.7 486.2 476.1 465.2 458.5 449.3 439.2 428.9 423.2 423.8 424.5 424.6 426.7 422.7 418.4 413.2 408.6 410.3 408 406.8 406.9 406.1 406.1 407.7 408.2 408.3 408.7 409.7 409.5 409.9 410.2 410.5 411.2 412 411.4 408.7 406.8 403.4 401.2 394.1 394.9 396.4 395 393.1 392.1
374.7 370.1 364.6 360.9 359.7 364.3 372 386.2 396.4 410.3 422 432.8 442.7 451.7 460.2 466.2 470.3 474.1 479.4 482.6 485.8 488 491.6 494.3 496.2 499.2 499.4 499.3 500.4 503.2 503.2 502.9 497.6 491.5 482.8 476.5 471.6 460.8 449 438.2 428.3 421.7 421.1 420.3 421.3 420.2 417.6 413.5 409.4 411.3 412 411.6 410.9 410.4 409.5 408.3 405.4 405.5 407.4 408 408 407.6 408.3 408.2 408.6 408.4 408.1 407.1 405.6 403.5 401.6 395.7 391.2 391.6 392.8 389.7 388.5 387.6
383.8 378 371.8 368 363 362.4 374.1 385.3 396.8 409.7 421.2 434.3 445 453.8 461.9 467.6 471.1 475.8 479.9 482.6 484.7 487.7 490.9 494.8 496.7 493.5 491.3 491.4 492.5 497.4 497.7 497.2 493.6 489 480.7 474.5 466.7 456.1 445.8 434.3 424.5 420.4 419.5 419.9 420.3 418.5 415.5 411.6 412.3 413.7 416.2 417.8 417.7 414.9 412 410 408.8 407.6 404.5 405.7 407 406.9 406 405.5 404.6 403.9 403.2 402.3 399.8 398.4 393.7 392.5 390.9 389.8 387.8 387.6 386.9 386.2
397 390.3 382.9 377 370.7 369.7 369.5 384 398.3 410.2 421 435.6 445.9 454.3 462.6 467.9 471.4 475 479.1 481.5 482.5 485 487.8 488.2 487.5 487.4 488 488.5 488.8 494.4 501.4 500.1 492.1 482.5 472 466.4 459.5 450.6 443.7 432.5 424.1 421.4 419.9 418.6 418.7 416.6 414.6 416.4 417.3 419.7 420.8 419.8 418.7 417.1 414.4 411.8 410.1 408.3 408 405.1 402.8 401.8 402.1 402.7 400.7 399.1 398.2 395.7 394 392.1 390.8 389.6 389.2 388.3 386.2 386.2 384.9 385.5
404.5 397.4 394.6 386.3 379.4 377.6 369.1 383.1 395.3 410.8 423.4 434.9 445.7 453.8 462.4 466.7 471.6 476.4 479.5 481.2 480.9 482.6 484.6 483.9 486 487 487.8 488.3 488.5 491.8 493.3 488.6 484.5 474.1 467.2 463 455.2 450.6 439.4 429.7 423.1 421.3 420.8 420.2 419.4 418.7 421.6 424 426.2 425.1 424.3 424.3 422 421 417.2 413.4 412.6 412 410.1 408.3 406.8 406.2 403.5 396.5 395.8 392.1 394 391.7 391.2 389.9 389.7 389.3 388.4 387.5 385.9 384.6 386.4 385.3
412.7 408.5 402.2 393.3 386.3 383.9 380.8 380.8 393.7 409.1 421.3 433.5 443.4 452.5 461 467.6 472.5 476.6 479.4 481 482.1 483.8 486.3 487.4 487.8 488.7 490.6 489.1 488.1 487.4 484.4 481.3 476.7 471.6 465.1 460 451.6 440.1 436.5 432.2 424.3 421.7 422 422.1 423.8 426.3 430.1 432.4 432.1 431.1 430.5 429.2 427.6 424.1 420.2 417.8 417.4 415 414.1 411.8 410.2 407.5 404.3 400.9 397 394.5 390.2 389.7 389.3 389.5 389.1 388.9 388.2 388 387.6 387.7 386.9 385.8
426.9 422.4 407 396.2 391.8 387.8 388.4 385.2 394.6 407.6 419.6 431.3 441.1 450.4 460.7 467.6 473 476.8 480.5 483.9 486.5 489.3 489.8 490.4 492.4 494.7 494.1 492 489.6 488.9 487.6 484.9 482.7 478.2 474.2 467.7 457.4 450.1 447.6 441.3 429.3 425 427.6 429.3 433.1 433.6 434.8 436.7 437.3 437.2 436.5 434.9 432 427.6 424.9 422.8 421.6 420.1 417.5 415.2 413.4 410.3 406.2 400.3 397.1 395 391.4 388.7 385.7 384.8 388.1 388.2 388 387.9 388.4 387.3 385.1 383.6
442 428.8 415.5 400.3 393.1 392.3 390 387 395.9 406.8 417.6 429.3 438.6 448.7 456.8 464.5 470.8 476.7 480.9 486.2 490 492.7 493.5 496.8 496.4 495.1 494.9 494.9 493.5 492.9 491.9 492 489.6 487.6 483.6 478.7 470.8 463.5 456.1 448.4 439.3 439.6 438.7 438.8 438.4 439.6 441.6 443.3 444.4 445.1 442.7 440.2 435.9 434.8 431.2 428.5 424.7 421.4 418.9 416.6 414.1 410.4 403.4 398.5 395.5 393.1 390.9 389.1 387.1 386.3 386.9 387.5 386.9 386.8 386.5 385.3 383.3 382.8
460.7 442.9 426.6 411.1 396.4 392.9 393.5 391.6 397.8 405.4 415.7 426.1 435.9 446.5 451.5 457.5 467.8 470.9 478.2 484.8 490.8 493.7 495.7 497.2 497.5 496.6 497.7 497.6 497.3 496.6 497 497 499.9 495 487.6 483.3 477.1 472.8 463.2 456.2 446.2 446 443.2 442.8 444 447.2 448.8 450.3 451.3 451.6 448.7 446.1 444.1 440.4 436.9 434.2 429.1 423.1 419.4 416.8 412.7 407.1 402.9 397.9 393.6 393.1 390.1 389.1 388 386.4 384.3 386.1 386.1 385.4 385.5 384 382.8 385.3
473.1 460.4 441.8 425.3 410.1 398.9 394.6 390.5 397.1 405.3 415.4 421.2 432.4 443.7 446.6 450.3 456.7 463.5 473.8 480.5 488.2 491.2 494.3 496.1 496.4 497.9 499.5 499.6 500.8 499.7 502.1 503.3 502 498.2 495.2 494.6 489.1 480.2 471.1 461.6 456.6 452.4 448.9 448.7 451.5 454 455.7 456.9 458.8 458.4 455 454.5 450.1 447.1 443.3 440.2 435.2 425.3 421.4 415.9 410.5 406.7 404.5 400 396.2 396.1 393 389.3 388.8 386.9 385.2 384.2 384.3 383 382.4 382.2 385.8 387.2
487.5 473.8 458 441.7 424.5 405.6 398.3 392.3 396.8 407.7 414.2 417 424.5 432.7 438.1 442.6 443.5 454.7 465.1 472.7 481.4 486.6 488.9 491.9 495.7 498.1 499.4 500.6 502 505.7 507.1 505.9 503.2 502.3 499.3 493.8 487.7 480.5 472 466 462.7 459 456.2 456.5 458.2 459.8 460 463.2 463.8 463.2 462.8 458.8 458.8 453.5 447.9 442.8 435.3 431 424.1 418.1 413.3 411.6 408.6 401.4 400.1 401.8 396.7 393 393.1 387.9 384.9 384 383.4 385.7 386.4 386.7 387.8 390.8
501.4 484.9 467.6 453.6 431.9 412.4 397.3 394.6 398.9 405.3 408.5 410.9 415.6 419.1 428.3 433.4 439.2 446.3 453.3 462.4 471.9 478.3 481 486.5 490.8 495.2 498.6 500.4 505.4 508.1 508.4 508.5 506.5 505 499.4 490.4 482.7 477.8 475.6 473.5 469.8 466 464.1 464.6 466.2 466.8 466.4 466.9 467.5 469.4 467.8 468.8 467 461.9 458 451.1 443.5 435.7 429.2 423.1 417.1 415.4 412.6 407.8 409.5 409.6 404 401 398.1 391.9 387.1 385.6 385.1 387 388.4 390.1 393.3 395
506.7 491.4 474.9 459.2 435.9 417.6 402.5 397.2 399.7 405.7 407.3 408.4 410.7 413.6 419.5 426.8 433.5 436.5 443 452.1 459.7 466.3 470 478.8 485.9 490.8 495.9 499.3 502.4 505.3 507 509.5 509.3 501.7 495.7 488.3 480.6 480.2 480.1 479.2 478.6 475.6 474.9 479.1 480.4 478.3 473.2 477.2 476.1 475.2 473.4 471.6 469.5 467 462.8 458.2 448.9 440.3 433 431 423.2 420.1 417.7 416.6 426.1 414.4 407.6 402.3 395.8 389.6 387.2 388 387.1 387.3 389.7 392.1 395.1 398.8
500.9 490.1 480.6 464.8 446 425.1 409.6 401.6 399.4 404.1 407.9 408.2 408 409.6 413.5 417.6 424.3 427.2 431.9 439.9 448.3 452.2 459.2 468.1 475.1 484.7 488 490.8 495.1 497.3 502.2 507.3 506.4 499.4 495.4 487.7 482 482.7 482.5 483.1 483 481.8 485.5 488.1 487.4 484.7 485 485.4 483 483.5 483.6 480.2 478.5 472.9 470.5 463.6 455.3 446.7 445.7 437.3 426.6 423.6 424.6 428.3 422.8 411.3 409.9 404.3 394.9 396.1 391.8 389.9 390.8 389.7 390.5 392.7 396 398.1
505.3 494.9 486.8 470.4 444.3 424 413.8 404.4 400.8 404.8 406.6 406.8 405.4 405.2 407.1 408.5 412 417.8 422.3 426.2 434 439.5 448.2 456.6 462.1 469.6 474.6 480 484 489.3 497.1 501.3 500.5 497.2 491.9 485.8 485.3 484.2 483.4 484.5 484.5 486.8 493.4 493.2 493.3 492.1 494.1 493.9 492.7 494.7 493.7 491.6 489.7 486.2 478 469 462.6 455.3 447.4 437.6 429.7 431.4 432.5 428.8 422.5 413.1 409.5 401.7 400.4 403.5 402.9 401.5 402.3 400.5 398.5 396.8 397.4 397.9
509 502.9 485.9 462.8 434.9 423 417.1 410.9 407.7 402.7 404.1 403.6 405 404.4 404.7 404.5 405.1 408.9 412.2 415.4 419.6 425.3 433.5 440.4 447.9 454.1 461.4 466.9 475.7 484.3 490.5 492 494.7 491.8 488.3 489.3 489.7 486 485.9 486.9 490.7 500.9 505.8 502.8 500.7 502.9 504.3 502.7 502.8 502.7 501.7 500.7 500.3 491.9 482.9 475 464.2 467.7 459.1 449 439.7 445.9 439.4 432.8 425.4 419.3 413.4 405.7 412.4 408.2 414.8 415.2 409.3 414 408.6 405.4 401.4 401.9
515.5 503.1 477.7 455.6 436.9 430.5 424.4 419.1 413.6 408.4 405.9 404.1 403.8 404 403.6 403.3 404.1 404.8 406.3 408.5 411.8 415.7 420.3 428 434.5 443.1 451.8 459.1 465.4 475.7 481.7 485.1 484.8 483.2 484.5 491.6 491.6 491.1 490.8 493.2 501.3 512.3 515.3 511.9 510.8 512.1 513.2 511.9 515 514.5 509.3 496.7 489.3 478.9 471 469.6 471.7 473.6 468.1 456.1 453.2 449.4 440 433.9 426.9 419.6 417 420.1 417 417.9 420.5 417.1 420.4 419.2 413.2 410.7 409.9 406.8
516.6 507.2 490.6 463.9 448 439.5 434.1 426.9 419.2 414.1 408.4 406.9 405.3 403.9 404.4 404.6 403.9 404.4 403.8 404.9 407.8 410 411.8 416 420.9 431.6 442.2 449.8 456 464.4 473.2 474.5 476.9 477.5 481.6 487.5 490.3 491.9 493.4 498.5 509.7 517.1 520.7 520.3 522.8 523.3 522 522.3 516.7 513.4 493.1 480.8 472 467 467.3 469.5 475.6 470.6 466.1 458.8 451.7 443.6 437.3 431.9 423.5 425 426.4 424.9 423.4 428.3 428.9 432.6 430.5 422.9 420.8 420.7 420.3 418.2
511.2 499.2 485.4 468.1 457.4 446.2 437.7 430.9 422 415.8 415.2 412.6 410.9 407.2 406.6 405.3 404.3 404.4 403.9 403.3 405.1 405.9 406.7 408.5 413 418.5 429.2 436.8 446 452.1 458.8 465 471.5 475.6 481.8 484.6 487.9 493.6 499.3 507.4 517.7 524.8 528.5 530.4 529.7 529.1 527.2 519.1 504.6 488.1 477.3 471.2 465.4 465.2 464.1 466.6 467.5 467.1 461.7 461.2 451.8 444.2 437.8 434.9 428.2 426.2 430.2 428.7 429.4 431.7 438 438.8 434.7 434.7 432.1 427.2 425.7 431.3
502.6 492.1 481.1 471.8 462.3 452.4 440.6 430.1 427.2 424.1 420.5 418.1 416.2 412.3 410.2 407.5 405.5 404.2 403.9 404.7 403.8 403.6 404.6 405 406.7 410 417 425.6 433.5 442.3 450.5 459.5 466.9 475.1 480.1 484.1 489 495.8 505.8 515 524.6 531.9 536.2 535.7 533.4 529.2 521.5 506.9 488.7 479.9 472.1 460.3 458.3 460 460.4 461.6 460.2 458.9 462.4 456 450 444.4 443.9 439.1 436 432.4 435.3 435 438.1 439.1 443.8 443 442.4 441.2 437.5 435.6 436.8 444
495.3 489.7 481.3 473.9 457.4 451.8 443.1 441.2 436.9 433.6 429.6 426.6 422.7 419.8 415.4 412 409.4 407.2 405.4 405.4 406 406.2 405.9 404.7 404.5 406.5 410 414.8 423.3 433.9 443.7 453.6 464.7 473.6 481.2 485.7 491.4 500 511.6 522.4 530.8 537.6 540.4 540.9 535.9 528.8 516.7 499.9 484.3 474.5 464.1 454.4 453.2 453.7 456.9 457 456.2 455.6 453.9 451.9 447.4 446.5 444.8 440.6 440.9 440.2 442 443.5 446.8 449.9 450.3 448.1 447.1 445.7 442.7 444.4 446.8 450.8
488 486.6 483.8 477.6 473 463.8 457.3 455.2 453.3 448.7 444.3 439.3 433.4 428.8 424.5 419 415.5 412.9 409.8 408.9 409.7 409.5 407.9 406.8 405.3 404.3 406.1 408.3 414.2 424.2 437.5 449.3 460.9 472.3 480.6 486.7 494.7 504.4 515 525.3 535.2 539.8 541.3 536.8 528.9 519.2 507.4 494.1 487.2 475.4 464.5 454 453.1 455.5 455.6 455.9 456.1 454.1 452.4 450.5 447 449 447.7 445.9 447.1 448.3 452.2 453.8 456.1 458.1 457 455.2 452.8 452.6 455.2 454.8 454.1 453.6
497.9 497.9 495.1 492 488.5 483.4 478.8 474.3 468.1 465.2 460.8 457 451.6 445.4 440.3 434.8 426.4 420.1 416.3 413.4 413.4 411.6 409.9 409.6 408.1 407 404.7 406 408.6 415.9 429.4 441.8 453 465.1 476.8 486.1 495.8 505.8 517.3 527.9 536.2 542.5 534.8 525.5 513.3 505.3 497.2 492.6 478.3 472.8 462.5 454.9 453.1 454.4 455.8 455.7 455.1 452.6 451.6 450.7 450.1 451.3 451.7 454 455.5 460 462.5 464 467.1 466.4 465.5 464.4 462.2 463.8 463.6 462.1 459.8 456.5
506 507.2 506.3 505.4 502.8 499.9 496.3 495.5 488.5 484.1 480 475.7 470.5 462.4 456.6 452.2 442 434.4 426.4 419.7 418.8 414.5 413.8 412.6 410 408.3 406.8 405.5 405 410.4 420.3 432.3 445 457.5 470.4 482.7 494.1 506.5 517.2 527.3 537.4 535.5 525.2 514.3 504.5 499.2 495.9 482.4 473.8 466 455.6 453.9 452.5 452.5 455.3 455.8 455.5 456 453.6 452.4 454.3 456.9 459.6 462.7 466.3 470.7 473.2 475.2 475.5 474.6 474.6 473.6 475.2 470.7 468.9 466.4 462.9 459.3
513.1 514 514.6 513.6 511.4 512.7 509.6 508.3 499.7 498.9 498.6 492.6 485.2 480.6 475.6 472.3 463.1 449.7 439 430 426.4 425.3 422.1 414.9 411.9 409.7 408.1 406.1 405.2 406.2 413.3 422.1 436.3 448.8 460.7 475.5 489.5 503.2 514.9 525.1 532.6 528.2 521.8 506.4 497.6 496.3 490.2 482.1 466.7 458.7 455.5 452.4 451.5 454.1 460.5 459.2 456.9 456.1 455.1 457.2 460.2 462.7 466.4 471.9 476.2 478.9 480.9 482.3 482.9 484.5 482.8 480.4 480.1 477.1 472.1 466.8 463.3 463.2
517 518.7 520.3 519.5 519.2 520.2 519.5 519.4 516.8 511.5 514.2 509.1 505.4 497.8 491.3 486.2 476.7 462.5 449.9 446 439.7 438.3 433.3 424.7 418.9 414 410.9 408.3 407.4 404.7 408.4 416.4 425.3 436.3 448.2 464.5 480.5 496.3 510 520.8 523.7 517.2 503.6 496.3 494.7 487.6 477.5 466.4 457.6 455.5 453.1 450.5 451.7 459 460.9 461.3 460.1 459.4 460 461.5 465.4 468.4 473.4 479.4 484.2 487.4 487.1 488.2 489.2 488.3 486 481.8 479.3 476.2 472.2 467.2 463.2 463.6
