app/static/ascii/NH59.asc
ncols 200
nrows 200
xllcorner 250000
yllcorner 890000
cellsize 50
[rows 105 to 139 of 200, columns 80 to 159 of 200]
193.7 191.9 190.9 189 187.8 185.2 183 180.7 179.8 178.8 176.8 174.4 171.5 168.6 165 161.7 158.6 156.2 153.7 151.2 148.7 147.1 145.9 146.4 147.6 146.9 145 143.7 142.7 141.3 141.6 141.4 141.3 140.8 139 137.7 134.8 129.7 126.2 122.7 119.9 116.9 113.9 111.1 109.4 107.5 104.5 103.4 104.5 105 101.5 97.4 92.9 85.1 74.9 67.4 59.3 50.2 41.1 31 22.6 21 19.6 19.2 19.1 19.1 19.1 19.2 19.2 19.1 19 18.6 18.1 18.2 16 13.5 16.8 -1.5 -1.5 -1.5
195 192.5 190.7 188.7 186.9 184.6 182.4 180.5 179.2 177.6 176.1 174.5 172.2 169.7 166.7 163.6 160.5 157.9 155.4 152.9 150.4 147.9 146.6 146.9 147.5 145 144.3 143.6 142.6 141.9 142.1 142 140.9 140.4 136.7 134.3 131.7 129.7 127 123.1 119.6 116.1 113 110.9 108.8 106 102.4 99 98.1 97.7 94.3 91.1 88 82.8 72.4 62.1 55.2 48.2 41.1 34.9 27.2 21.5 18.4 18.7 18.6 18.6 18.8 19 18.9 18.9 18.8 18.2 16 23.1 17.7 15.4 17.8 6 -1.5 -1.5
197 193.6 191.2 188.7 186.6 184.8 182.5 181.6 179.9 177.8 176.1 174.4 173.1 170.8 168.4 165.5 162.5 159.6 157.1 154.7 152.2 149.6 147.5 147.2 147.3 146.7 146 148 145.7 142.8 142.5 144.3 141.4 136.8 134.1 131.3 129.4 127.1 125.5 123.2 119.9 115.9 113.5 111 108.8 105.9 101.4 97.3 93.4 90.6 87.7 84.9 81.8 78.9 73.2 62 53.7 47.5 42.4 36.4 30.5 24.9 17.1 18.4 18.2 18.4 18.5 18.4 18.3 18.3 18.5 18.2 16.3 17.5 18.6 17.9 17.8 -1.5 -1.5 -1.5
201.8 195.1 191.1 188.2 186 184.6 184.4 183.1 180.2 178.4 176.4 175.5 173.8 171.8 170.3 168.4 165.4 162.7 159.6 157 154.5 151.9 148.7 146.7 146.4 146.3 147.6 148.7 148.6 143.2 142.3 142.1 136.8 134 133 130.5 127.2 125.2 123.4 121 118.6 115.6 113.6 111.1 109 106.7 101.7 96.5 91.6 87.2 83.1 79.6 76 73.2 69.3 62.2 54.7 48.9 42.2 37.6 30.9 25.6 20.9 17.1 17.8 18.3 18.6 17.9 17.8 17.9 18.2 17.9 17.7 17.6 17.4 17.5 17.6 -1.5 -1.5 -1.5
205.8 200.5 194.1 188.4 186.1 185.2 183.9 182.9 181.2 179.6 177 176.2 175.1 173.7 173 171.4 169.6 166.3 163.4 160.1 157.6 154.8 150.7 147.6 144.3 143.2 142.8 141.9 141.4 141.6 140.7 141.2 136.4 132.1 130.2 127.8 125.1 122.9 120.6 117.8 116 114.5 112.6 109.4 108.8 107.4 100.6 95.5 90.8 86.4 81.6 76.7 72.8 69.8 66.6 61.3 55.7 49.6 43.7 36.9 30.9 24.9 19.9 17.7 17.9 18.4 18.3 17.9 17.4 17.7 18 17.8 17.6 17.4 17.2 17.4 14.3 4.8 -1.5 -1.5
209.2 203.2 197.4 193.2 189.1 189 186.5 184.9 183.6 182.1 179 178.3 177.8 176.6 175.7 172.9 170.9 168.8 167.1 163.4 159 156.8 152.3 148.8 144.8 142.8 140.9 138 136.4 135.7 135.7 135.4 134 130.4 128.3 125.6 123.2 120.4 118.4 116.1 114.6 113.3 110.5 107.1 106.6 104.1 98.2 93.4 90.2 86.3 80.2 74.6 69 66 64.2 61 55.8 48.2 44 38.2 30.6 23.9 19.3 17.7 17.6 17.9 17.7 17.7 17.4 17.6 17.4 17.2 17.3 17.4 17.4 16.8 16.2 3.2 -1.5 -1.5
211.8 205.7 202.7 197.6 196.8 194.6 190.8 187.3 185 182.5 180.8 178.7 176.7 175.5 174.1 173.3 170.9 168.1 164.5 160.6 158.3 155.3 154.8 149.9 145.4 141 138 135.5 134.5 133.2 130.9 129.1 129 128.7 126.4 123.7 121.9 118.6 115.8 114.8 114.5 111.7 108.4 105.1 102.4 102.7 97.4 91.4 87.8 84.9 80.8 75 69.9 64.6 61.5 56.6 52.6 47.5 41.9 37 32.2 25.2 20.1 17.7 17 17.8 17.8 17.4 17.3 17.3 17.3 17.3 17 17.1 16.6 15.9 12.5 4 -1.5 -1.5
214.5 210.5 206.8 203.3 199.9 195.4 191.1 187.9 183.9 180.9 178.2 176.2 175.1 173.5 171.3 169.6 167.6 164 161.7 159.1 156 154.7 153.7 149.3 143.8 141.5 141.4 139.3 138.3 137 134.6 131.2 126.7 123.1 121.6 120.2 118.5 116.2 114.6 111.4 110.4 108.2 105.7 102.6 99.2 95.9 92.8 88 82.8 80.1 78.3 74.8 69.3 65.4 62.2 61.2 58.1 50.7 43.2 35.4 32.7 26.7 21.5 17 14.5 15.9 17.4 17.1 17 17 17 17.1 17.1 16.8 16.3 15.9 15.3 5.4 -1.5 -1.5
217.7 212.3 208.1 204.4 200.2 195.5 191.3 187 183.2 180.7 180 176.9 176.3 173.4 171.6 170.9 170.5 166.4 165.4 163.1 160.3 158.9 157.1 152.7 148.6 146.4 145.1 143.1 140.9 139.3 137.3 134.4 131.2 127.5 123.8 118 116.6 114.8 111.8 111.4 107.2 104 101.5 99.5 97.6 94.4 93.3 89.9 86 83.2 79.5 76.7 74.1 73.2 72.6 70.4 64.9 58.7 49.7 41.4 33.4 31.5 28 21.3 15.8 14.3 16 17 16.7 16.7 16.7 16.8 16.8 16.6 16.4 15.9 15.8 15.6 -1.5 -1.5
220.8 215.3 210.4 205.4 201.3 196.8 193 186.7 186.5 187 185.3 184.3 182.6 178.7 175.4 175.2 173.7 169.9 169.5 167.2 164.1 162.1 159.3 154.5 151.9 150.6 148.4 145.8 142.8 141 139.2 137.3 134.8 132.3 129.3 125.3 122.7 120 117.8 116.1 112.4 108.5 105.7 104.2 101.5 99.8 98.7 95.3 90.4 85.7 82.3 81.1 81.6 82.9 80.3 74.5 66.8 61.4 55 45.6 37.9 33.3 33 29 21.2 15.3 13.5 16.6 16.5 16.4 16.4 16.4 16.5 16.4 16.3 15.9 15.6 15.7 -1.5 -1.5
223.9 218.8 212.9 207.4 203.3 199.4 197.9 195.8 191 188.7 187.5 186.1 184.8 182.7 181.7 179.4 177.4 175.5 174.9 171.3 167.5 164.5 160.9 158.2 155 153.8 152.1 148.4 145.5 143.2 141.5 139.6 137.7 135.2 132.7 130.3 127.1 124.3 122.1 121.1 118.8 115.1 110.9 106.6 103.5 101.6 99.2 97.7 97 95.6 91.5 88.5 88.5 85 80.9 75.1 68.6 63.3 57.9 51.9 44.6 34.7 31.8 32.9 26.6 19.7 12 12.1 11 16.2 16 16 16.1 16.2 16 15.6 15.3 15.6 15.1 -1.5
225.8 221.3 215.7 210.6 205.7 202.1 200.9 198.2 195.5 191.9 190.1 188.3 186.9 185.2 183 180.6 178.2 177.7 177.2 174.6 170 167.1 163.5 161.7 159.4 156.3 154.7 151.3 148.7 146.1 143.7 141.9 140.4 138.3 135.8 133.4 131.1 128.7 126.4 123.9 121.7 119.1 115.3 112.1 108.8 105.5 104.1 102.2 99.5 96.9 92.8 88.4 85.7 82.5 78.8 74.7 71.3 67.5 62.6 58.4 52.3 44.3 36.4 30.5 28.4 25 18.5 12.7 11 10.6 10.1 14.2 13.6 15.8 15.4 15 14.8 15.7 14.4 -1.5
226.2 221.5 216.5 212.5 208.5 206.2 204.5 203.9 200.3 197.3 195.6 193 189.7 187.2 185.8 184 181.5 179.2 178 174.9 172.1 169.4 167.1 164.7 163 161.3 157.4 153.8 151.8 149 146 144.3 142.8 141.2 138.9 136.5 134.1 131.9 129.6 127.3 125 122.5 119.9 116.7 113.8 110.7 110 109.2 107.4 100.9 97.7 94.8 91.1 87.5 83.9 78.6 75.3 71.7 68 63.9 58.3 51.9 44.7 39.9 34.6 30.5 24.5 18 16.6 9.5 10.2 10.2 9.7 11.9 14.7 14.9 14.3 14.9 15.1 -1.5
227.5 223 218.6 214.5 210.7 208.5 206.7 206 204.5 202.1 199.7 197.7 194.7 192.1 189 186 183.3 182.6 179.4 178 175.6 173 170.4 169 167 164.9 160.9 159.4 157.1 152.8 148.3 147.4 146 144.4 142 139.6 137.2 135 132.7 130.6 128.6 126.1 123.4 120.8 118.1 115.8 114.1 112.1 109.9 105.5 101.8 99.6 97.2 94.7 90.2 84.9 79.8 76.5 72.3 67.9 62.9 57.7 52.7 47.1 42.2 37.2 30.1 23.8 17.9 16.2 15.9 14 10.6 8.3 8.8 10.4 13.9 14.4 14.9 -1.5
229.5 224.7 219.1 215.1 212 209.5 208.2 207.3 206.1 204 202.4 200.7 198.7 196.8 193.9 191.3 188.6 186.6 183.2 180.8 178.3 176.7 175.1 174.1 172 168.8 165.8 162.8 159.7 156.2 154.2 152.3 151.2 149.5 145.5 142.6 140.4 138.2 136 134 132 129.5 126.9 124.2 121.2 118.5 116.3 114.3 111.9 109.2 106.1 103.8 100.5 96.5 92.7 88.3 84.8 81.2 76.2 71.2 66.4 61.6 56.8 52.4 48.2 42.3 35.4 29.8 23.3 17.1 16.2 15.5 15.5 10.7 7.3 6.7 12.4 13.8 14.9 12.8
231.7 226.7 221.5 217.4 213.7 210.9 209.7 208.6 207.4 206.8 205.1 203.2 201.2 199.7 197 193.2 191.1 188 184.1 182.1 180.9 178.8 177.9 176.4 174.2 171.4 168.6 165.4 161.5 159.1 157.2 156.1 154.9 153.4 149 145.7 143.6 141.3 139.4 137.4 135.3 132.9 129.9 126.9 123.8 121.1 118.7 116.7 114.2 112.2 109.4 106.2 103 98.9 96 93 88.7 84.3 79.6 75.6 70.6 65.7 60.4 55.9 51.8 45.6 40 35.6 29.5 21.8 17.6 16.3 15.8 15.6 14.6 7.5 6.7 13.8 14.4 12.6
231.7 227.6 223.6 219.7 216.1 213.2 212.4 212.4 212.7 211.4 209.6 207.6 204.9 201.7 198.4 195.4 193.3 190.8 187.9 186.4 183.6 180.2 178.6 176.4 174.1 172.1 169.9 167.3 165.3 164 160.1 157.4 155.5 152.1 149.8 148.4 146.1 144 142.1 140.2 137.9 135.2 132.5 129.4 126.3 123.7 121.2 119 117.5 115.4 112.3 109 105.7 102.7 99.6 96 92.2 87.7 83.8 80.3 76.2 71.2 64.9 60.4 55.9 50.8 45.3 39.6 33.9 28.1 24.6 18.6 16.1 15.8 15.2 14.6 9.8 5.4 5 5.5
230.2 226.3 222.4 218.9 216 213.7 213.7 214 216.3 215.9 214.6 212.5 209.8 206.1 202.4 197.2 195.2 192.2 189.8 186.7 183.8 181.1 179 177.8 175.2 173.1 171 168.8 166.6 164.6 162.2 159.8 156.8 154.6 151.9 149.8 147.9 145.5 143.7 142 139.8 137.1 134.4 131.6 128.9 126.3 123.8 121.9 120.2 118.4 115.2 111.8 108.6 105.7 103.4 99.7 95.8 91.6 87.8 84 80.6 77.1 70.8 66.6 62.6 57.1 51.5 47.7 39.7 36.6 32.8 27.2 20.1 15.8 15.5 15 14.8 10.9 12.9 4.3
230.4 226.2 221.7 218.5 215.6 214.3 214.5 214.5 217.2 218.8 218.1 216.7 214.3 210.9 205.2 200.8 196.9 193.4 190.6 187.8 184.6 182.1 180.3 179.1 176.7 174.7 172.7 170.5 168.3 166.2 163.2 161.5 158.9 157.1 155.2 152.5 149 147.2 145.2 143.5 141.3 138.8 136.1 133.3 130.8 128.6 126.4 124.6 122.9 120.3 117.2 114.3 112 109.7 107.4 103.7 99.3 94.9 91.7 88.7 84.7 80.7 75.6 72.7 69.2 64.9 57.7 53.6 48.6 44.9 39.9 34.4 28.6 23.3 18.9 15.2 14.6 14.4 13.2 5.4
227.2 225.9 222.8 218.7 215.8 214.3 213.8 213.6 214.8 218.7 220.3 219.8 217.3 213.6 208.2 204 199.8 195.1 191.9 188.8 185.6 183.3 181.4 179.9 178.3 176 173.9 171.5 169.2 166.8 165.5 163.4 160.4 159.2 156.8 153.7 151 148.8 146.9 145.1 142.8 140.4 137.7 135.1 132.7 130.6 128.4 126.7 124.8 122.2 119.5 116.8 114.6 112.8 111 107.1 102.3 98.7 96.4 93.4 89.8 84.9 81.8 78.4 74.6 70.2 62.1 59.6 55.3 51.1 47.1 41.9 36.9 31.8 27.2 22.5 17.6 14.2 12 13
224.5 223.4 221.1 218.6 215.8 213.6 212.8 212.8 212.9 212.7 215.3 217.2 216.6 213.2 209.5 205.7 201.2 196.8 193.6 190 186.8 184.2 182.4 180.7 179.1 177 174.8 172.4 170.2 168.1 166.9 165.2 162.7 160.9 158.7 156 153.4 150.6 148.6 146.9 144.2 141.7 139.5 136.9 134.7 132.5 130.3 128.7 126.5 124.1 121.9 119.3 117.2 115.5 113.4 109.4 105.4 102.7 100.4 97.8 94.4 91.2 87.2 82.9 76.8 71.2 68.5 65.2 60.6 56.4 52.6 48.5 43.8 39 34 29.5 24.5 19.5 14.7 7.9
223.3 221.6 219.4 216.9 214.4 212.1 211.2 211.5 211.7 211.7 210.4 211.5 211.3 210 208.9 205.9 202.2 198.4 195 191.3 188 185.5 183.3 181.4 179.6 177.8 175.7 173.6 171.5 169.4 167.8 166.2 164.4 162.6 160.4 157.2 154.6 152 149.6 147.3 145.5 142.6 141 138.7 136.6 134.4 132.3 130.6 128.3 126.4 124.2 122 119.4 117.5 115.5 113.1 108.9 106.1 104.3 101.5 97.8 93.6 89.7 86.1 81.2 77.6 75.1 70.4 66 61.8 57.7 53.6 49.2 45 40.2 35.3 30.1 25.2 20.5 15.7
222 220.1 217.9 215.4 212.8 210.4 209.5 209.5 209.5 210.1 208.8 207.5 207.2 206.5 205.4 204.3 202 199.1 195.8 192.6 189 186.3 183.8 182.1 180.2 178.4 176.8 174.8 172.7 170.8 168.9 167.6 165.9 164.2 161.9 158.7 156.1 153.4 150.8 148.8 146.6 144.5 142.8 140.4 138.3 136.3 134.5 132.4 130.4 128.4 126.6 124.7 122 120.5 118.5 115.9 112.8 109.4 107.5 104 100.4 98.3 95.1 91.2 87.1 83 79 73.7 71 66.3 62.1 58.1 53.6 49.3 44.6 39.9 34.7 28.6 26.1 21.5
220.4 218.2 216 213.8 211.4 208.9 207.6 207.6 208.3 207.4 206.3 205.1 204.2 203.4 202.4 201.4 199.9 198 195.9 192.8 189.7 186.6 184.5 182.7 181 179.6 177.9 176 174.1 172.2 170.3 168.7 167.1 165.6 163.3 160 157.2 154.5 152.4 150.7 148.2 146.5 144.5 142.1 139.9 138.5 136.8 134.6 131.6 129.6 128.2 126.7 124.6 122.6 120.5 117.9 114.7 111.7 109.8 107.2 104.5 101.6 98.4 93.8 90 86.2 82.3 78.8 73.9 69.7 65.9 62.1 58 53.5 48.7 44.1 37.9 33.2 30 25.1
218.1 216.1 214.2 212.1 209.7 207.1 205 205.2 205.4 204.6 203.5 202.4 201.4 200.2 199.2 198.1 196.6 195.2 193.7 192.4 189.7 187.1 185 183.1 181.2 179.8 178.6 177.1 175.5 173.6 171.8 169.8 167.9 166.3 164.4 161.2 158.9 156.6 154.4 152.7 150.3 148.4 146.4 143.7 141.7 140.4 139.1 136.8 133.2 131.7 130.2 128.7 126.2 124 122.1 119.4 116.1 113.4 111.4 110.1 109.5 106.3 101.5 96.6 92.8 89.4 85.3 81.3 76.9 73.3 69.7 65.9 62.1 57.5 52.4 45.9 38.9 38.6 34.3 29.5
216.7 214.4 211.6 209.4 207.1 204.7 203.1 203.2 201.8 201.2 200.5 199.4 197.9 196.7 195.6 194.4 193.3 192 191.1 190.1 188.7 186.9 185.3 183.1 181.1 179.7 178.3 177.5 176 174.8 173.4 171.3 169.3 167.5 165.4 162.8 160.7 158.6 156.4 154.5 151.9 150.1 148.4 146.2 144.2 142.1 140.6 138.3 135.4 134.4 133.4 131.1 128.5 126 124.6 121.5 118.7 116 113.9 111.7 109.2 106.6 102.6 99.7 97.4 93.2 88.9 84.5 80.4 76.7 73.1 69.2 65 60 54.5 48.4 45.7 42.4 38.1 33.1
215.8 213.2 210.5 207.6 205 203 201.6 200.6 199.2 198 197.3 195.8 194.4 193.1 192.1 191.1 189.9 188.9 188.1 187.2 186.4 184.9 183.3 181.8 180.3 179.5 178.1 177.2 176.2 175.1 173.9 172.7 170.7 168.6 166.7 164.2 162.1 160.1 158.2 155.5 153.7 150.8 149.1 147.6 145.5 143.4 141.5 139.6 138.7 136.5 133.7 132.6 130.2 127.9 126.4 124.1 122 118.8 116.9 114.7 111.7 108.8 104.7 101.6 99.1 96.5 92.1 88 83 79.3 76.1 72.3 67.6 62.6 57 51.3 50.3 46.1 41.8 37.2
215 212.8 210 207.1 204 201.7 199.7 198.6 197.1 195 193.7 192.3 190.9 189.7 188.9 187.8 186.7 185.9 185 184 183.2 182.5 181.2 179.6 178.4 177.6 177 176.3 175.6 174.9 174 173.2 172 169.8 167.8 165.6 163.7 161.8 159.9 157.3 154.9 152.4 150.5 148.8 146.9 145.4 143.9 142 140 137.8 135.8 134.2 132.3 130.5 129.1 127.7 125.1 122.8 119.5 117.5 113.1 110.3 107 103.3 100.3 97.6 94.9 91.4 86.6 82 78.1 74.2 70.2 64.7 58.7 56.2 53.3 49.1 44.9 41.2
213.7 211.6 209.4 206.6 203.1 200.8 198.7 196.8 194.8 192.8 190.8 189.1 187.7 186.6 185.7 184.6 183.4 182.5 181.6 180.6 180.2 179.7 178.6 177.6 176.5 175.7 175.5 175.3 174.7 174 173.5 173 172.5 171.1 169.3 167.5 165.9 163.8 161.8 159.3 157.1 155 152.8 150.7 149.1 147.1 146 143.7 142 140.4 138.6 136.9 134.7 132.4 131 129 126.7 124.4 121.8 119.7 116.5 112.5 108.6 105.8 103.7 99.6 95.5 92.5 88.9 84.2 80.1 75.8 70.8 65.9 62.8 60.2 56.2 52 48 43.9
210.5 209.2 208.1 205.6 202.1 199.9 197.7 194.8 192.7 190.7 188.7 186.6 184.5 183.4 182.6 181.8 180.4 179.1 178.2 177.7 177.2 176.8 175.8 175.3 174.5 174.1 173.9 174.1 173.5 172.6 172.1 171.6 171.5 171.3 170.2 168.8 167 165.4 163.4 161.3 159.1 157.1 154.9 152.6 150.6 148.8 147.1 145.1 143.4 141.6 139.9 138.1 136 133.9 131.8 130 127.4 124.5 122.5 120.9 118.1 115.1 112.5 108.1 104.9 101.4 97.2 93.2 89.8 86.2 81.2 76.7 72.2 68 65.8 63.3 59.5 54.9 50.7 46.7
207 206.1 205.4 203.3 200.9 198.4 195.6 192.8 190.6 188.6 186.3 183.8 181.6 180 179.1 178.9 177.5 175.9 175.1 174.7 174.2 173.8 173.1 172.7 172.4 172.1 172.4 172.8 172 171.3 171 170.8 170.6 170.5 170.1 169.3 167.9 166.4 164.9 163.1 160.9 159.1 157.2 154.7 152.4 150.6 148.6 146.5 144.7 142.9 141.1 139.3 137.3 135 132.7 130.7 128.5 126.5 124.7 122.6 120.5 117.4 113.1 110 106.7 103.1 99.1 95.5 92.2 88.3 83.7 79.7 76.1 71.1 69 66.7 62.2 57.5 53 49.6
204 203.4 201.9 200.5 198.8 196.3 193.7 191.1 188.8 185.9 183.1 180.6 178.6 177 175.3 174.9 174 173.3 172.2 171.9 171.4 170.9 170.5 170.1 169.8 169.9 170.3 170.8 170.3 170.3 170.1 169.9 169.8 169.6 169.3 168.8 168.3 167.2 165.7 164.4 162.8 160.7 158.7 156.6 154.2 152.2 150 148 146 144.2 142.4 140.6 138.3 135.9 133.6 131.4 129.2 127.4 125.3 123.2 121 117.9 115.1 111.7 108.8 105.4 103.3 98.7 95 90.9 86.5 82.9 79.1 75.4 73 69 64.6 59.9 56.4 53
198.1 198.4 199.1 199 196.6 194.4 192 189.5 186.6 183.1 180.2 177.5 175.5 173.8 171.9 170.7 170 169.3 168.8 168.8 168.6 168 167.5 167.4 167.1 167.1 167.8 168.3 168.1 169.3 169.2 169.1 168.9 168.8 168.5 168 167.6 167.3 166.4 165 163.6 161.6 159.8 157.9 156 153.7 151.5 149.3 146.9 145.2 143.4 141.5 139.1 136.7 134.5 132.1 130.1 128 125.9 123.8 121.8 119.3 115.9 112.6 110.1 108.5 107 103.3 98.6 93.5 89.4 85.7 81.7 78.7 75.9 72.1 68.2 64.2 60.1 56.4
193.5 193.3 193.5 194.3 193 191.3 189.6 187.6 184.7 181.7 179 175.7 172.9 170.3 168.4 166.9 165.8 165.3 164.9 164.8 164.4 164.6 164.6 164.4 164.4 164.4 164.8 165.5 165.9 167.2 168.4 168.2 168 168.1 167.7 167.2 167 166.7 166.3 165.5 164 162.3 160.5 158.6 156.5 154.8 152.8 150.4 147.9 146.1 144.3 142.3 140 137.6 135.4 133 131 128.8 126.7 124.8 123.1 120.6 117.1 114.9 112.6 110.7 107.6 104.7 101.3 98.6 94.7 90 87 82.3 78.5 74.8 72.2 67.7 63.6 59.7
190.2 189.4 188.7 188.9 188.7 188 186.5 184.8 182.9 180.5 177.7 175 172 169 165.5 163.1 161.7 161.3 160.9 160.2 160.1 160.1 160.1 160.7 160.7 160.8 161.5 162.3 163.3 164.6 165.3 166.9 167.2 167.3 166.9 166.6 166.4 166.1 165.7 165.1 164.5 162.9 161 158.8 156.8 155.2 153.4 151.5 149 147.1 145.1 143.1 140.8 138.6 136.7 134.7 132.6 130.5 128.2 126.1 124.3 121.8 118.9 116.9 114.9 112.3 109.7 107.1 104.9 101.6 97.4 95.7 92.3 85.8 83.5 78.6 74 69.5 66.1 62.8
