app/static/ascii/NH62.asc
ncols 200
nrows 200
xllcorner 260000
yllcorner 820000
cellsize 50
[rows 70 to 104 of 200, columns 0 to 77 of 200]
222 222.4 222 221.8 223.9 230.1 240.6 249 261.5 271.3 281 290 297.6 304.7 311.1 316.8 321.1 324.8 327.4 328 328.4 328.9 329.2 332.1 335.3 338 341.4 346 351.8 360.2 366.4 372 376.2 379.5 384 386.4 377.8 373.9 375.7 374.6 372.1 370.7 363.7 350.5 327.2 314.9 302.8 292.2 285.4 274.5 266.2 256.9 246.7 239.6 238.4 238 237.7 237.7 237.2 237 236.8 236.6 236.4 236.2 236.8 236.7 236.3 235.9 235.7 235.5 235.1 234.7 234.3 234.2 234.1 233.7 234.4 234.7
221.7 221.1 222.4 222.9 225.9 233.1 243.5 252.2 264.2 274 282.6 291.2 298.8 305.7 312.3 317.3 321.2 324.1 326 326.9 327.6 328.1 329.3 332.3 336 340 343.9 348.7 354 360.1 367.2 373.2 379 386 390.2 383.8 375.3 372.4 369.2 366.5 360.7 360.6 349.9 339.8 327.8 306.9 290.3 280.7 273.7 266.5 258.4 248.7 239.4 238.8 238.5 238.2 237.8 237.7 237.5 237.4 237 236.6 236.3 236.6 237 237 236.2 235.7 235.8 235.9 235.5 235.1 234.7 234.3 234.1 234.3 234.9 235.1
221.9 222.9 222.9 224.5 227.8 236.8 248.9 255.7 267.2 276.7 283.4 291 298.7 305.6 311.8 316.4 319.7 322.4 324.6 325.6 326.7 327.3 330 333.1 336.9 341 345 350.4 356.2 362.1 368 374.9 381.3 391.5 390.3 377.8 376 372.4 369.6 367.3 351.4 341.1 333.2 320.7 307.6 295.9 287.1 279.1 271.1 261.4 250.1 240 239.4 239 238.7 238.4 238.1 237.9 237.7 237.6 237.1 236.9 237 236.8 237.1 237.5 236.7 236.8 237 236.3 235.9 235.5 235.4 234.8 234.8 235.3 235.5 235.5
221 223.1 224.1 225.4 229.7 239.2 251.1 257.2 269.9 277.5 283 290.5 297.7 304.3 309.9 314.7 317.7 320.4 322.1 324 325.5 327.8 330.8 333.8 337.7 341.5 346 351 355.8 361.9 367.7 376.9 382.6 384.2 379.2 377.3 379.3 374.2 370.6 369.6 358.3 345.2 333.4 323.5 313.1 301.3 288 274.2 262.4 251.5 242.1 240 239.6 239.2 238.9 238.7 238.5 238.2 238 238 238 238 238 237.5 237.5 237.8 238.2 238.5 238.6 238.1 237.2 236.9 235.9 235.5 235.5 235.7 235.9 236.2
222.8 224.2 224.4 225.4 230.7 243.7 253.7 263.5 271.6 278.1 283.5 290.4 296.4 302.5 307.6 311.9 315.1 317.9 320.7 322.9 325 327.8 331 334.1 338.1 342.1 346.9 351.1 355.6 360.9 367.6 375.8 381 376.5 375.1 377.9 376 375.3 376.2 378.4 373.4 354.8 333.7 316.2 305.6 291.2 277.8 261 250 242.8 241.2 240.1 239.7 239.4 239.2 239.1 239 238.8 239.1 239.3 239.3 239.3 239.3 239.2 239.1 239.3 239.3 239.5 239.3 238.9 238.5 237.4 237.2 236.4 236.5 236.7 236.9 238
223.8 224.6 225 226.6 236.7 247 254.8 265.6 273 279.1 284.8 291.1 296.3 301.7 306.6 310.4 313.1 316.2 319.6 322.4 324.5 327.3 330.5 333.9 337.9 342 346.1 350.1 354.6 359.3 363.7 369.3 368.6 372.4 369.4 376.5 374.5 377.5 371.8 379.1 370.6 344.3 321.6 305.1 292.9 277.3 260.3 251.9 243.8 240.7 240.1 239.9 239.7 240 239.8 239.7 239.9 240.3 240.6 240.7 240.7 240.6 240.6 240.8 240.9 240.9 240.7 240 239.7 239.4 238.8 237.9 237.8 237.2 237.2 237.6 237.9 244.9
224.5 225.4 226.2 231.7 241.5 250.6 260.3 267.9 274.2 279.9 285.4 290 295.5 300.3 304.4 308.4 311.1 314.6 318.1 321.1 324.1 326.8 329.9 333.4 337.1 340.6 344.3 348.2 351.9 354.3 355.1 359.4 368.8 370.1 360.2 355.7 353.6 360.9 350.7 352.9 354.9 327.8 312.6 296 277.1 262.4 252.4 245 241.1 240.4 240.2 240.1 239.9 240.7 240.8 240.6 241.4 241.8 242.1 242.1 242 242 242.1 242.3 242.4 241.8 240.8 240.3 240.1 239.8 239.2 238.6 238.2 237.8 237.8 237.9 239.2 246.6
225.5 226.6 227.7 236.7 246.9 255.3 262.9 269.8 275.4 280.3 284.7 289.2 293.7 297.6 301.7 306.1 309.4 312.9 316.5 319.6 322.6 325.3 328.4 331.7 335.3 338.6 341.9 345.5 348.9 350.1 355.2 360.1 361.5 359.3 346 338.8 334.7 335.1 326.8 323.7 322.4 312.6 302.6 280.4 264.5 253.3 246.1 241.8 240.9 240.5 240.4 240.3 240.3 241.2 241.7 241.7 242.5 243.3 243.5 243.4 243.4 243.5 243.7 243.6 243.1 241.9 241 240.6 240.4 240.5 239.7 239.3 239 238.5 238 238.9 242.9 252
226.6 228.2 233.2 242.1 250.6 258.7 265 270.4 275.7 280.2 284.1 287.5 291.4 295.4 299.8 304.1 307.8 311.4 314.9 317.9 321 324 327.1 329.8 333.2 336.5 339.8 342.2 345.4 349 350.9 350.3 346.3 339.7 332.1 321.6 314.2 312.1 310.3 306.1 299.3 290.5 277.8 264.3 251.4 246.1 242.4 241 240.7 240.7 240.6 240.5 240.8 241.7 242.6 242.9 243.7 244.3 244.5 244.4 244.8 245 244.9 244.6 244.9 245.5 245.6 246.5 246.5 244.4 240.2 240 239.7 239.3 238.6 239.1 249.3 255.3
226.4 231.2 238 245.6 253.1 260.7 266.2 271.2 275.8 279.5 283.2 286.4 289.5 293.9 298.3 302.7 306.7 309.8 312.4 315.2 318.6 321.7 324.6 327.5 331.1 334.7 337 338.9 341.1 342.3 340.7 333.5 329.3 322.3 317.5 310.7 305.1 302.5 299.3 291.4 282.9 272.8 261.5 247.6 244.4 243.9 241.4 241.2 241.1 240.9 240.8 240.6 241.3 242.3 243.2 243.8 244.3 244.7 244.9 244.9 245.2 245.6 246.7 249.7 250.9 251.9 252.4 254 252.6 248.4 240.7 240.4 240 239.5 239.4 241.1 245.9 256.3
224.3 237.3 243 248.4 255.5 261.9 266.9 270.8 275.1 278.6 282 285.1 288.1 291 295.7 300.3 304.3 307.2 310 312.3 314.9 318.2 321.2 324.9 328.8 331.5 332.8 334.8 337.9 339.7 340.8 335.7 328.5 322.6 317.2 311.8 305.1 297.8 289.6 282.4 273.9 260.9 248.5 243.7 242.8 241.9 241.5 241.6 241.5 241.6 241.6 241.6 242.1 243 244.5 244.6 244.7 245.1 245.3 245.3 245.5 247.7 252.9 255.8 257.7 258.8 259.9 260.5 257.5 251.4 241.1 240.7 240.5 240 239.8 240.6 247 256.6
225.7 240.8 245.3 250.8 257.5 262.8 266.6 270.6 274.3 277.5 280.5 283.5 286.3 288.9 292.5 297 300.7 303 305.7 308 311.2 314.5 318.3 322.2 325.5 327.9 330 330.4 335.9 340.3 344.2 340.9 334.5 327 320.5 311.6 304.2 294.2 282.5 272.1 260.2 250.7 244.4 243.6 242.7 242.2 242.2 242.1 242.2 242.3 242.5 242.6 242.9 244.4 245.5 245.7 245.8 245.9 245.6 245.7 246.6 255.4 259.2 262.1 264.9 266.6 266.8 265.1 259.7 251.5 241.7 241.6 241.2 240.7 240.5 241 245.4 246.4
226.3 241.8 246.4 252.3 257.2 262 265.8 269.4 272.8 275.9 278.7 281.3 284 285.9 288.4 292.3 295.7 298.3 301.3 303.5 307.4 311.1 315 318.8 322.3 324.4 326.4 328.4 335.5 339.9 349.9 345.7 339.8 330.2 319.4 308.1 297 285.6 274.1 262.1 251.4 245.4 242.6 243 242.9 242.9 242.8 242.8 242.7 242.9 243.2 243.4 243.7 244.5 245.4 245.8 246.4 246.7 246.2 246.7 256.6 262.1 265.9 269.6 272.4 273.2 272 268.4 261.5 251 242.1 241.6 241.4 241.4 241.1 242.8 246.4 247.7
228.4 235.7 246.9 252 256.3 260.5 264 267.4 270.7 273.7 275.3 277.8 280.2 281.6 283.3 287.3 290.5 294.1 297.9 299.6 304 307.8 311.6 315.4 318.7 321 323 328.1 336.3 340.4 347.8 351 341.6 327.1 313.6 298.4 286.1 274.8 265.1 252.5 247.2 244.3 242.7 243.5 243.6 243.6 243.5 243.5 243.5 243.7 243.9 244.2 244.4 244.8 245.6 246.2 247 247.4 247.6 255.4 265 268.6 274.7 276.5 279.4 277.9 275.2 270.4 259.2 251.4 242.7 243 242.7 242.4 241.9 245 249.1 249.5
228 231.5 240.9 250.5 253.5 257.8 261.8 264.7 267.7 270.3 272.3 274 274.8 275.3 278.7 282.3 286.4 290.2 294 296.9 300.5 304.4 308.2 311.9 315.1 317.4 321.2 325.7 333.9 338.6 351 348.7 337.7 315.8 304.1 289.5 277.4 261.8 257.3 250 246 243.5 243.6 243.7 243.8 244.1 244.3 244.3 244.3 244.5 244.8 245 245.4 247.2 246.2 247 247.8 248.4 256.8 266.7 272.1 279.3 285 285.6 284.9 282.8 280.2 272.5 263 249.9 242.9 244.1 243.9 243.6 243.3 245.2 249.3 249.5
229.2 229.3 233.7 245.9 251.5 255.5 258.4 261.9 264.3 266.2 267.3 268.2 269.6 269.9 274.9 278.4 282.6 286.3 290 293.2 296.4 300.3 304.5 308.4 311.3 313.8 317.4 322.5 326.6 333.7 340.3 345.4 324.3 302.3 286.8 277.2 266.3 257.5 252 247.4 245.1 244 243.9 243.8 244.2 244.6 245 245.1 245.2 245.4 245.6 245.9 248.2 248.7 246.9 247.8 248.6 255.9 267.2 274.4 282.9 289.7 290.8 290.7 290 289.2 284.8 277.1 264.4 249.5 244.2 244.8 244.7 244.4 244 247.3 247.6 248.6
232.5 227.3 231 239.5 249.1 252.3 254.3 257.6 259.3 259.5 260.3 262.2 263.9 267.2 272 274.6 278.3 281.8 285.2 288.3 291.5 295.7 300.2 303.5 306.7 310.2 314 316.3 317.6 319.4 327.6 331.7 304.5 286.8 274.1 266.3 258.5 253.4 247.3 245.1 244.2 244.5 244.3 244.3 244.7 245.1 245.5 245.9 246 246.2 246.5 246.8 249.1 248 247.8 248.4 252.6 267.4 277.1 283.5 289.5 295.4 296.4 298 298.1 296.6 292.1 283 261.8 247.8 245.1 245.5 245.5 245.3 245.3 249.6 247.2 247.5
232.9 233.2 229.9 233 244.9 248.3 249.5 251.3 253.4 253.9 254.9 257.4 260.4 264.3 267 269.8 273.7 277 280.4 283.5 287.3 291.6 296 298.8 301.7 305.7 308.4 309.9 310.4 310.3 311 298.5 279.5 270.1 264.4 260.1 254.7 248.4 245.1 244.2 244.6 244.7 244.8 244.8 245.2 245.6 246 246.4 246.9 247.1 247.4 247.7 248.3 249.3 248.5 249.1 264.4 276.9 285.3 292.1 296.6 301 305.1 306.9 307.1 304.6 296.5 279.4 262.7 248 246 246.3 246.2 245.8 248.7 247 247.5 255.2
232.9 233.9 231.9 231.2 236.2 244.4 245.3 245.9 247 248.5 250.9 254.1 257.2 260.4 263.3 266.4 268.4 272 275.6 279.1 283.4 287.5 291.3 294.2 297.1 300.1 302.5 302.4 299.6 296.6 289.2 279 269.2 262.2 258.1 255.2 250.5 246 244.7 244.8 245.1 245.1 245.1 245.5 246 246.6 247.1 247.6 248.1 248.4 249.4 251.3 249 249.6 249.9 257.8 273.9 284.7 292.3 298.4 304.4 312.8 316.5 318.3 315.8 309.4 296.1 277.5 262.2 247.3 247 247.2 247.3 246.5 248.7 248.5 250.5 263.2
233.2 234.5 233.8 230.7 231.2 238.1 241.2 242.1 243.7 244.7 247.3 250.7 253.8 256.7 258.7 261.4 263.5 266.6 270.5 275 279.5 283.5 286.5 289.4 292.3 294.4 295 292.9 289.6 284.1 277.2 270.3 264.4 259.7 255.2 250.1 246.7 245.5 245.2 245.3 245.4 245.5 245.9 246.4 246.9 247.4 248 248.3 248.4 248.6 249.1 249.2 250.3 250.3 251.1 268.9 283.1 290.9 299.1 306.8 316.3 326.9 327.2 325.4 321.6 311.1 295 277.9 261.4 247.6 247.4 247.9 248.2 247.8 248.8 252.1 252.2 267.8
234.7 235.1 234.7 233.9 231.6 232.4 236.9 238.8 240.8 241.9 244.3 247.4 250.5 253.2 254.5 256.1 258.5 261.7 265.8 270.4 274.8 278.5 281.6 284.4 286.9 288.2 287.1 284.6 279.2 274.7 269.1 263 258.6 254.3 250.9 247.3 247.2 246 245.8 245.7 245.8 246.2 246.7 247.2 247.6 248.1 248.5 248.9 249.3 249.6 249.8 250.1 251.2 251.5 262.6 279.5 291.4 298.1 310 322 334.2 337.8 336.4 331.9 322.9 307.1 291.2 276.9 261.4 248 247.8 248.3 248.8 249.3 251.7 254.1 254.9 270.7
235.9 235.9 235.5 234.7 234 231.3 230.8 234.9 237.4 240.3 242.3 244.3 247.1 249.1 250.8 252.5 254.3 256.9 260.8 265.1 269.4 273.3 276.7 279.2 280.5 280.9 279.4 276.2 271.8 268 262.9 257.9 254.7 251.7 248.4 247.6 247.3 246.5 246.3 246.2 246.5 247 247.4 247.8 248.5 249 249.5 249.9 250.3 250.6 250.8 251 252.9 255.4 274.1 289 297.7 306.8 322 331.3 334.9 344.6 344.2 332.6 319.4 304.1 290.8 278.8 263.2 249.8 249.4 249.9 250 249.1 255.2 256.4 258.7 274.7
234.8 236.6 236.2 235.8 235.2 233 232.1 231.8 235.4 238.8 240.6 242.5 244.2 245.5 247.2 249 250.8 252.5 256.2 259.5 263.7 267.4 270 272 273.8 273.3 272.2 268.2 264 260.4 257.3 254.2 252.4 249.9 247.8 247.9 247.1 246.6 246.6 246.7 247.1 247.5 248 248.5 249.2 249.8 250.4 250.9 251.3 251.6 251.8 251.9 253.2 266.9 283.7 293.2 303 314.7 321.3 327.6 340.7 345.9 342 327.2 312.4 301.2 290.6 281 265.7 250.7 250.8 251 251 250.3 258.8 261 265.7 278.4
233 236.6 237 236.5 235.9 234.4 233.5 232.9 235.5 237.4 238.6 240.7 241.2 242.3 243.7 245.4 247.1 248.6 251 253.7 257.6 261.1 263.7 265.8 266.4 266.1 264.8 260.6 258 255.6 253 250.7 249.3 248.2 248.7 248.3 247.7 247.3 247.3 247.4 247.6 248.1 248.5 249.2 249.9 250.5 251.1 251.7 252.3 252.5 252.8 252.6 256.5 276.3 287.6 295.5 306.6 318.1 327 334.8 335.3 336.4 326.1 318 308.7 300 290.3 279.4 268.2 255.4 251.4 252.1 252.1 250.8 261.7 261.4 270.2 280.8
233.3 234.8 237.5 237.3 236.2 235.1 234.8 235.3 232.6 235.3 236.5 236.9 236.8 239.3 241.1 243.4 243.7 244.7 246 248.3 251.8 255.5 258.1 259.9 260.1 259.4 258.8 255.3 252.8 250.8 249.5 248.2 248.2 248.4 248.8 249.1 248.6 248.1 248.1 248.1 248.1 248.6 249.1 249.7 250.6 251.5 252.2 252.8 253.2 253.6 253.8 255.2 255.8 279.1 288.4 301.2 310.2 321 326.4 331.8 332.3 328 323.6 318.1 310.9 300.8 291.6 281.7 271.6 262.4 252.8 253.3 253.1 251.5 262.7 262.4 275.1 288.3
233.2 233.6 235.8 238.1 237.7 236.4 236.1 235.5 235.9 235 234.9 236.6 237.5 237.1 240 241.4 241.2 240 241.2 244 246.9 250.1 252.6 254 254.3 254.5 253 250.1 250.1 248.7 247.9 248 248.3 248.7 249.3 249.4 249.4 248.9 248.9 248.9 248.8 249 249.5 250.3 251.2 252.1 253 253.8 254.2 254.6 254.9 257.8 259.6 277.3 288.2 297.5 306.8 320.2 325.6 329.3 325.6 324.5 324.2 321 312.8 302.2 292.8 284.7 277 268.8 258.7 254.3 253.9 252.9 263.4 267.3 281.3 294.3
233.6 234.2 235.3 237.2 238.6 237.8 237.9 236.3 236.9 237.5 237.7 237.9 238.3 238.7 237 237.9 238.1 238.7 238.5 241.4 243.4 245.7 247.2 248.7 248.8 248.9 247.7 247.3 247.4 248.2 247.9 248.5 248.8 249.3 249.8 249.8 249.8 249.7 249.6 249.5 249.4 249.6 250 250.9 251.8 252.7 254.2 254.9 255.3 255.7 256 257 266.6 277.9 287.2 295.4 305 315.2 320.6 321.9 324.3 323.8 323.9 322.4 313.1 303.8 297 290.4 282.1 273.2 263.3 254.8 255 256.4 265.4 269.9 282.7 298
233.6 234.3 235.2 236.4 237.9 239 238.5 238.1 237.5 238.2 237.5 239.1 240 240.5 240.9 240.5 238.5 239.2 239.2 239.5 241.4 243 244.5 246.2 246.2 246.3 247.5 247.4 247.6 248 248.4 249 249.4 249.9 250.4 250.6 250.6 250.4 250.2 250.1 250 250.2 250 251.2 252.1 253.6 255.2 255.8 256.4 256.8 257.5 258.2 269.4 278.1 287.2 295.1 303.8 311.1 316.5 320.8 323.1 322.9 322.4 320.2 315 310.4 304.2 295 283.5 274 267.1 260.3 256.5 258 267.2 274.3 288.3 303.2
234 233.9 234.8 235.6 236.6 238.4 239.2 238.7 238.2 239 238.5 239.8 240.1 240.9 241.2 241 240.9 241.7 242.5 243.3 240 241.4 243.7 245.2 245.7 246.2 247.3 247.9 248.3 248.7 249.1 249.6 250.2 250.7 251 251.4 251.4 251 250.7 250.5 250.6 250.9 250.1 251.9 254.1 255.8 256.4 257 257.5 258 258.4 259 272.1 279.1 286.9 294.2 301.7 310.5 316 320.9 324.2 327.1 327 327.6 323.1 318.7 308.5 294.2 282.5 275 271.1 266.8 257 257.7 270.2 278.4 292.9 308.5
235 234.3 234.8 235.5 236.1 236.2 238.5 239.2 238.9 239.8 240.1 240.4 240.9 241.3 241.3 241.3 241.7 242.4 242.4 243.5 243.9 241.6 243.7 245.2 246 246.6 247.9 248.6 249 249.4 249.9 250.5 251 251.4 251.9 252.4 252.7 251.6 251.2 251.3 252.6 254.2 256.2 257.6 257.6 257.4 257.9 258.5 259.4 259.8 259.7 260.4 276.2 279.4 284.3 291.7 297.3 307.2 318.3 326.4 331.5 335.6 340.6 339.9 333.9 325.3 308.9 293.5 282.9 276 272.7 271.4 265.6 259 270.3 281.4 295.8 309.6
239.2 239.7 237.8 234.9 235.4 236 236.4 238.1 239 240.4 241.8 241.3 241.6 242 242.1 242.1 242.8 242.7 242.9 243.9 243.9 241.9 244.4 245.5 245.6 247.5 248.5 249.2 249.7 250.2 250.9 251.7 251.9 252.4 252.9 253.4 254.1 253.9 255.8 257.9 257.4 257.7 258.1 258.2 258.2 258.7 259.1 259.7 263.7 261 261.9 261.4 270.4 275.4 282 288.1 296.4 310.4 323.1 332.2 339.4 346.3 355.4 352.5 343.7 326 305.8 292.3 284.2 279.2 276 273.4 269.9 260.2 265.4 283.4 298.1 310.1
242.5 242.9 242.4 243.2 236.8 236.4 236.8 237.3 238.7 240.3 242.9 242.7 242.4 243 242.3 242.7 243.3 243.3 243.5 243.9 244 243.7 246.5 246.8 248.3 248.9 249.3 249.9 250.5 251.6 252.7 253.1 253.2 253.4 253.8 254.7 258 259.8 261.2 260.4 259.6 258.9 259.5 259.7 259.8 260.2 261.2 264.5 263.7 262.4 264.6 263.3 269.1 273.5 280.9 286.1 294.6 310.2 331.6 344.8 356.9 365.5 367.9 358.2 341.3 321.1 303.9 293.1 286.9 282.6 279.5 273.8 271 261.8 267.6 283.1 299.4 310.7
246.1 246.1 246.5 246.3 244.7 237.7 238.2 237.7 238.8 240.2 242.6 243.5 243.4 243.4 242.7 243.2 243.6 243.9 244.2 244.5 244.3 246.1 248.9 249.1 248.2 249.6 250.3 250.5 250.9 253.5 254.2 254.5 254.6 254.6 255.7 259.7 262.8 262.5 261.8 261.1 260.3 261.8 270.5 271.7 267.7 268.3 273.3 279 276.2 263.9 264.8 264.2 269.8 274.4 279.5 284.7 293.8 314.9 336.8 353.2 362.9 372.5 376 360.7 336.9 315.1 299.5 294.2 289.9 285.1 281.6 276.1 272.3 263.5 272.2 289.1 300.6 314.3
250.1 250.1 250 248.6 246 239.7 240.4 239.3 238.6 239.1 241.8 243.4 243.8 243.3 244 244 244 244.1 244.3 244.6 243.7 249.4 250.5 250.4 249.8 250.1 250.5 250.7 254.8 255.5 255.7 255.7 256.1 257 261.8 265.2 264.1 263 262.3 261.7 268.5 276.5 280.1 280.5 281.2 280.8 279.3 272.7 269 265.4 264.4 268.5 280.1 277.6 278.3 287.1 304.9 319.2 336.6 347.8 358.5 373.4 377.4 363.2 329.5 309.4 298.9 296.7 294.1 288.1 281.2 276.7 274 264.4 277.1 291.1 302.2 314.2
254.4 253.7 252 249.9 247.5 240.2 241.3 240.7 240 239.4 240.5 243.5 244.6 244.6 244.5 244.2 244.4 244.4 244.4 244.6 247.1 251.3 250.2 250.4 250.5 251.2 251.9 254.3 256.9 257 256.9 256.7 257 262 265.2 265 264.5 263.4 262.6 275.4 279.2 281.3 279.5 276.4 275.4 272.6 273.6 271.8 271.1 273.6 265.6 267.3 273.7 274.5 282.4 293.3 305.2 318 329.2 343 354.9 361 370 347.2 320.9 302.3 298 298.9 298.6 291.8 282.3 276.7 276.9 267.4 279.7 294.8 306.9 317.7
