app/static/ascii/NH64.asc
ncols 200
nrows 200
xllcorner 260000
yllcorner 840000
cellsize 50
[rows 0 to 37 of 200, columns 0 to 83 of 200]
137.2 139.7 140 139.8 138.2 136.4 134.3 133 131.3 129.6 126.8 124.5 122.3 118.5 115.2 111.5 106.4 99.5 92.4 84.4 76.2 70.7 64.2 59.7 55.9 52.9 53.1 53.3 53.7 54.4 55.2 55.2 55.8 56.8 57.9 58.5 60.3 63 64.7 65.5 64.9 64.7 57.5 60.8 58.3 55.5 55.6 56.4 56.1 55.8 55.5 55.3 54.8 54.3 54.6 54.7 53.2 52.7 51.2 50.2 49.4 49.2 48.8 47.7 44.7 44 45 50.7 56.6 61.4 64.8 67.9 70.7 73.2 76 77.9 79.7 80.9 82.1 82.2 83.2 84.4 85.1 85.8
140.1 141.3 141.8 141.1 140 138.2 138.3 137.8 135.6 132.9 129.4 127.3 124.9 120.9 116.6 110.1 101.2 93.2 86.7 79.4 73.8 66.9 60.9 57.3 56.5 55.9 56.1 56.4 56.7 57.1 57.8 58.1 59 60 62.5 64.6 66.1 67.4 68.5 68.7 67.7 65.8 63.3 59.3 60 58.5 59 59.7 59.2 58.9 58.6 58.2 57.5 57.1 57 56.4 55.4 54.2 53.2 52.2 51.2 50 48.1 45.8 44.2 45.4 49.8 55.8 60.6 64.2 67.4 70 72.2 74.6 76.4 78.3 79.5 80.5 81.2 81.9 83.1 84.2 84.7 85.3
140.4 141.6 142.6 142.4 141.5 141.1 141.2 141.2 139.7 136.9 133.6 130.7 127.4 122.3 115.3 104.4 93.8 87.6 80.8 74.9 67.4 63.1 60.2 58.8 58.7 58.7 58.6 59 59.6 60.1 60.6 61.2 62.6 65.9 69.7 71.1 71.6 72.5 73.1 70.9 68.2 65.9 64 62.3 61.9 61.5 61.5 62.8 62.4 62 61.7 61 60.3 59.7 59.5 58.2 56.8 55.4 54.1 53.1 51.5 49.2 47.2 45.9 45.5 48.9 54.5 59.6 62.4 66 68.9 71.8 74 75.1 76.9 78.3 79.1 79.9 80.6 81.8 82.9 84 84.4 84.9
140.4 141.5 142.4 143.7 143.2 143.2 143.2 143.2 142.8 140.3 138 131.4 124.3 117.9 107.4 95.8 88.3 81.9 74.9 69.3 66.3 63.5 62 61.1 61 61 61 61.5 62.1 62.8 63.7 66 68.9 72.2 74.7 75.9 76.8 76.4 73.2 68.8 66.8 65.4 66.3 66.2 66.3 66.9 63.3 63.3 66 65.1 64.5 63.5 62.4 61.6 60.5 58.9 57.6 56.3 54.7 53.4 50.5 48.8 47.8 46.6 48.1 54.4 57.7 62.2 64.9 67.2 69.9 72.1 73.8 75.5 76.9 78.2 78.9 79.8 80.5 81.5 82.7 83.9 84.3 85
140 141.4 142.9 144.7 144.9 145.1 145.2 145.2 145.1 143.1 137.3 130 121.1 107.4 96.4 87.7 83.5 77.3 72.4 69.4 67.4 65.5 63.9 63.1 63 63.2 63.4 64 64.8 66.5 69.4 72.3 75.1 77.8 79.7 80.4 78.7 72.6 68.5 68.2 67.1 67.1 69.2 70.4 70.9 71.1 70.5 68.3 63.4 66.1 66.2 65.2 64.2 63.1 61.3 59.6 58.2 56.8 55.1 53.3 50.3 48.2 47.4 48.8 53.9 57.7 60.2 64 66.3 68.5 70.7 72.5 74.1 75.4 76.8 78.1 78.7 79.4 80.4 81.2 82.4 83.7 84.3 85
139.4 141 143.6 145.7 146.7 146.9 147.1 147.3 145.1 139.8 132.1 122.2 107.9 97 89.5 83.8 79.4 75.8 73.3 70.9 68.9 67 64.9 64.4 65.2 65.4 66.3 67.6 70.4 72 74.8 79.3 83.3 83.4 80.3 75.5 71.4 69.3 69.5 69.2 69.2 72.1 73.9 74.7 74.9 74.3 73.7 72.1 69.6 64.1 64.6 66.2 65.6 64.8 62.8 60.6 58.9 57.2 55.1 52.3 50.2 47.9 48.6 52.7 56.9 59.4 62.4 65.3 67.5 69.6 71.2 72.8 74.2 75.3 76.6 77.9 78.5 79 80 81 82.2 83.6 84.3 85.6
138.5 140.3 143.4 146.2 148.5 148.7 147.4 142.4 136.1 129.8 120.1 108 99.1 91.8 85.6 80.6 77.8 75.1 73 71 69.5 67.8 66.1 65.3 67 68.7 70.8 73.1 75.1 78.2 82.5 84.9 82.4 77.7 72.6 70.5 69.7 70.4 70.7 73.1 76 77.9 78.7 78.5 77.7 76.9 76.1 74.4 72.5 70.6 68.6 63.5 66.5 63.7 61.3 60.2 59 57 54.2 51.1 49.1 48.9 52.7 55.9 58.7 61.6 64.3 66.4 68.5 70.1 71.7 73.2 74.5 75.4 76.5 77.8 78.3 78.8 79.6 80.6 82.5 83.5 84.8 86.1
136.4 138.1 141.3 141.9 146.4 145.6 141.5 136 128.2 117.9 109.5 99.4 92.6 88.4 84 80.6 77.9 75.4 72.7 70.8 69 67.4 66.2 68.6 71 73.7 77.1 78.4 81.3 84.7 84.3 80.9 76.3 72.8 70.1 70 70.9 73.9 77.3 80.7 82.6 82.8 82.4 81.6 80.7 79.6 78.2 76.3 74.6 72.4 70.3 67.7 62.8 62.4 61.2 59.8 58.4 56.2 53.5 49.7 50.1 52.4 55.7 58.4 61.2 63.4 65.7 67.3 69 70.7 72.2 73.6 74.9 75.7 76.6 77.6 78.1 78.6 79.3 80.2 81.7 82.9 84.1 87.6
133.2 134.8 135.2 136 134.4 130.9 127 121.8 115.7 108.5 100.6 94.3 90.5 87.3 84.2 80.2 76.7 74.7 72.4 69.8 68.1 69.7 72 73.7 76 79.3 82.8 85.6 88.6 83 79.8 75.7 72.8 70.6 70.2 72.2 77.2 82.1 84.5 87.3 87.2 86.5 85.2 84.1 83.1 81.7 80.4 78.6 76.6 74.3 72 68.4 65.4 62.7 62 59 57.2 54.8 55 53.2 52.1 55.5 58 60.8 62.5 64.5 66.3 67.6 69.5 71.2 72.5 73.6 74.6 75.7 76.5 76.6 77.4 78.1 78.6 79.7 81 83.3 86 89.8
129.7 130.2 130.8 130.9 128.9 126 121.2 115.4 109.2 102.9 97.9 94.8 91.6 87.7 84.6 80.3 76.5 74.2 72.3 71.3 72.7 74.2 76.2 78.3 83.8 86.3 91.6 95.4 84.5 80.3 75.7 72.3 71.6 71.2 74.8 81.2 86 88.4 89.7 90 89.6 89.2 87.9 86.7 85.2 83.9 82.5 80.8 78.7 76.5 72.8 68.4 65.5 62.8 61.4 61.6 58.8 56 56 54.8 56.5 58.3 60.3 62.2 63.7 65.2 66.5 67.7 69.2 70.8 71.9 72.8 73.7 75.1 75.3 75.2 75.8 76.7 77.7 79.3 80.6 83.9 87.4 91.5
126.9 127 126.7 126.4 124.7 122 116.5 111.8 107.5 103 98.8 94.6 91 87.8 84.7 80.2 76.4 74.5 74.5 75.1 76 77.7 80.3 87.7 89.4 88.9 96.5 82 79 75.6 72.7 72.2 72.6 78.4 85.5 88.6 91.9 91.7 92.3 92.8 92.8 91.9 90.4 88.9 87.4 86 84.6 83.1 79.5 76.7 72.4 67.7 64.8 61.8 60.3 59.5 61 59.2 58.1 57.1 58.6 59.8 61.1 62.4 63.9 65.4 66.4 67.8 69.1 70.2 71.1 72 72.9 74 73.9 73.9 74.2 75.1 76.4 78.9 81.1 84.9 88.7 93
123.5 122.9 122.3 122 120.7 118.7 114.9 111.4 107.8 103.4 99.1 94.7 90.6 86.6 82.5 78.7 76.9 76.5 76.5 77.9 79.4 81.8 86.7 86 84.8 85.2 82.6 78.5 75.1 72.8 72.4 74.2 80 85.5 87.8 90 91.4 92.7 93.4 97 95.9 94.5 93 91.5 90 88.5 86.7 81.9 77.5 74.4 70 66.1 63.2 59.9 59 61.1 60.8 60.4 58.9 58.4 59 60.5 61.5 62.5 64.1 65.5 66.5 67.7 68.8 69.4 70.2 71.1 72 72.3 72.5 72.5 72.6 73.7 75.4 78.3 81.7 85.3 88.9 92.8
120.5 120 119.4 118.8 119 117.6 115.6 111.9 107.4 103.1 99.2 94.4 89.2 84.2 80.2 79.6 79.2 78.8 79.5 81.5 83.6 84.9 85.5 85.5 84.8 81.9 78 74.3 73.1 73 74.4 76.9 80.3 82.8 85.1 87.1 88.6 90 92.6 95 96.7 97.6 96 94.3 92.3 90.2 86 80.7 75.6 72 68.8 65.1 60.9 59.4 61.7 61.3 60.4 59.2 59.3 59.3 59.8 60.9 61.8 62.7 64.2 65.6 66.6 67.6 68.2 68.7 69.3 69.5 69.8 70.1 70.2 70.4 71 73 75.5 78.7 81.9 85.5 89.1 93
117.8 117.5 116.7 116.8 119.5 119.1 115.4 111 106.3 101.4 96.7 91.7 87.2 84.3 82.1 81.7 81.4 81.2 82.1 84.3 86.5 88 88.5 84.6 80.8 76.3 74 72.6 72.6 74.2 76 77.9 80 81.7 83.3 84.9 86.7 88.8 91.4 95 99 100.3 99.2 97.2 94 90.8 85.7 79.6 74.5 70.1 66.5 63 59.7 59.9 59.8 60.3 59.5 59 59 59.5 60.4 61.3 62.1 63 64.1 64.6 65.9 66.4 66.7 67 67.6 67.7 68 68.4 68.6 68.3 69.5 72.4 75.1 78.7 82.3 85.7 89.3 93.5
114.7 115.3 117.1 120 123.4 119.1 113.3 107.1 102 96.8 93.5 90.3 86.7 83.4 83.2 83.3 83.1 83 84.1 85.5 85.1 86.7 81.1 77.4 75.3 73.2 72 72.2 72.5 74.8 75.9 77.8 79.5 80.9 82.4 83.5 84.8 86.9 89.5 94.7 103.1 103.6 101.8 99.3 94.9 90 84.7 78.1 72.3 68.1 62.3 59.8 59.8 59.7 59.5 59.3 59 59 60.3 57.4 61.4 61.2 62.3 63.2 63.1 63.5 64.5 64.8 65.1 65.4 65.8 65.9 66 66.5 66 65.1 67.7 69.9 74.6 78.2 81.9 85.5 89.1 92.9
111.5 113.2 121.8 122.3 118 112.9 107.4 101.5 96.5 92.9 91.2 89.2 85.6 81.5 81.1 81.1 80.3 81.8 83 79.9 77.4 76.1 74.9 73.5 72.4 71.3 70.1 71 72.2 74.9 76.2 77.4 78.6 79.7 80.5 81.6 82.9 84.7 87.4 92.6 107.8 105.3 101.5 97.4 92.3 86.2 80 74.2 70.2 65.6 61.5 58.5 59.5 59.5 59 58.8 59 59.9 61.7 61.2 56.3 61.4 61.4 62 62.1 62.2 62.5 62.8 63.1 63.5 63.9 64.1 63.7 64 63.6 63.8 65.1 69.5 74.2 77.6 81.2 84.8 88.6 92.2
109.6 115 118.9 113.7 109.7 105.2 100.3 95.3 91.6 89.6 87 85 81.2 76.9 72.1 72.4 73 73 73.3 73.1 72.5 73.1 71.9 71.1 70 67 65 66.4 69.6 73.2 74 75.3 76.4 77.5 78.5 79.7 81 82.7 84.5 88.6 102.2 102.5 98.6 93.2 86.6 80.5 75.4 71.8 69.4 66.8 62.2 57.5 57.9 59 58.4 58 60.3 60.9 61.7 61.5 61.3 54.5 60.4 60.4 60.5 60.4 60.3 60.5 60.8 60.7 61 60.7 61.2 61.9 61.8 58.4 64 69.7 73.7 76.9 80.6 84.1 87.9 91.7
108.2 109.1 107.9 104 100.2 96.4 88 82.3 82.6 84 80.2 75.3 70.4 64.8 59.2 61.4 64.7 67.7 68.2 67.9 68.9 69.1 67.1 64.7 58.2 57.5 60.2 61.7 62.7 67.1 69.4 71.2 72.8 74.3 76.3 77.6 78.9 80.5 82.1 83.9 90.1 97.1 93.7 87 81.4 76.5 73 71.4 69.1 66.7 63.5 59.2 58 54.5 54.1 55.7 59.8 59.8 60.3 61 60.8 59.5 53.4 56.3 58.8 58.3 58.2 58.3 58.4 57.9 58.1 57.5 58.5 59.2 59.3 54.6 63 68.5 71.6 76.8 79.4 83.4 87.3 91
100.4 99.8 97.5 94.1 90 83.5 78.8 75.4 72.1 71.8 66.9 61.4 53.9 49.5 50.8 51.9 53.7 58.4 61 64.4 64.5 62.6 57.7 53.1 54 55 55.5 58.4 59.9 60.5 60.9 62.9 65.6 68.5 70.9 73.6 76.4 78.1 79.4 80.6 81 81.8 82.5 79.4 77.4 76.4 73.8 71.7 69 65.9 63 59.7 60.4 60.8 55.9 50 57 58.3 58.8 58.3 58.7 57.4 56.6 52.6 51 56.2 55.7 55.4 54.9 54.7 53.2 52.7 56.5 54.9 50.1 54.7 56.8 58.4 60.7 68.8 74 81.9 85.9 88.5
91.8 88.4 84.9 83.7 82.7 74.6 69.3 64.7 61.8 59.7 52.9 42.8 36.6 35.5 35.4 38.8 43.9 46.5 50.8 53.6 54.1 50.1 47.3 47.8 51.3 51.8 52.1 55.4 58.5 56.5 57.4 58.7 59.6 59.9 63.9 68.1 73.5 76.1 77.3 77.9 77.7 77.7 77.5 77.2 78.9 77.3 74.5 69.9 66.8 64.8 63.8 62.2 61.2 60.8 58.1 44 54.7 55.6 51 48.9 50.6 51.3 51.9 50.2 52 50 47.8 47.5 49.6 49.7 45.4 45.1 51.6 43.9 46.5 49.7 47.9 48.8 53 60 67 79 82.9 85.2
73.8 70.5 68.8 68 66.3 59.5 56.9 54.1 51.5 43.7 31.7 27 25.8 26.3 26.7 27.4 28.9 31.6 33.1 35.7 39.4 36.7 34 35.9 39.3 44.6 46.7 44.9 48.1 50.4 53 55.5 57.4 58.9 60.5 63.6 73.2 74.3 75.3 75.9 76 76.7 78.5 80.9 78.7 75.2 70.9 67.4 65.5 64.8 63.9 62.4 61.1 59.9 57.5 43.9 44.7 49.4 40.5 37.6 39.6 40.9 41.3 37.2 36.4 37.3 38.1 40.1 42 43.1 41.3 40.3 40 38.5 38.9 39.6 43.7 45 45.5 51 58.8 74.6 79.9 81.5
55.3 53.8 52.3 52.9 53.1 51.4 50.6 45.6 29.9 21.1 17.6 17.6 18.2 18.9 19.8 21.7 22.8 23.6 23.8 23.5 22.5 23.6 25.2 27.1 29.1 32.7 36.6 38 41.5 44.1 47.5 49.6 51.8 54 56.5 59.6 71 72.1 73.2 74 75.2 76.7 79.6 77.7 73.8 71.6 69.1 68.2 65.1 64.9 64.2 63.6 60.4 57.9 53.4 40.3 34.4 32.7 29.8 28.1 28.1 27.5 27.4 28.6 30.2 31 29.8 29 29 29.5 29.7 29.8 31 31.9 31.7 35.2 37 36.4 42 49.7 57.8 71.2 75.1 76.3
39.5 42.5 43.5 43 43.7 43.6 36.6 27 20.5 14.7 13.1 13.4 13.6 13.3 14.7 16.5 17.6 17.6 17.2 15.9 15.3 16.6 18.2 20.8 24.2 27.9 32.7 36.9 38.5 41.6 44.7 47.2 47.4 49 50.7 54 65.3 66.5 69.3 73 74.6 76.2 76 74.2 71.9 70.1 67.2 63.4 62.3 62.5 61.5 60.7 56.3 48.1 39.5 28.2 28.2 26.5 24 23 22.2 22 22.2 23.3 25.3 26.4 24.8 23.9 23.9 26.8 27.8 28.3 29.2 30.7 30.7 30.6 31.4 35.8 37.5 45.4 51 65.5 69.9 69.4
28.3 29.1 29.6 30.8 30.7 33.7 27.6 23.2 17.4 14.1 13.3 12.8 12.5 12.2 12.4 13.5 14 13.8 13 12.2 10.8 10.9 12.9 15.7 18.5 22.2 28.1 32.8 35.1 36.7 42.8 46.6 45.4 45.7 47.1 57.2 61.7 63.2 65 71.4 72.9 73.3 73.1 72.2 70.2 68.5 63.7 61.5 64.4 61.6 59.3 56.2 47.5 35 26.8 25.3 24.8 21.7 20.2 19.3 19.2 19.7 20.7 20 21.7 22.1 19.9 19.6 21.7 24.7 29.6 30.6 30.8 31 30.4 30.6 30.8 30.4 31.7 36.2 36.4 50.2 55 57.1
23.4 24.4 23.9 24.8 25.9 26 26 21.4 16.7 13.7 12.9 12.3 12 12 12.2 12.4 12.5 12.7 12 10.7 9.6 9.4 9.8 11.8 14.8 19.3 23.4 27.6 31.6 33.9 36.2 40.1 39.2 41.8 46.2 51.6 54.5 58 61.2 62.6 66.5 68.7 70.4 70.5 69.6 67.4 61.1 59.1 61.9 61.7 56.7 52.1 31 25.1 22.6 22.7 22.1 20.8 19.6 17.5 16.3 16.9 17 17.2 18.5 20.1 17.2 17.5 19.4 22 23.4 24.1 24.9 25.8 27 30 30.2 28.5 28.6 29.9 31.5 36.2 36.4 36.5
19.9 19.7 18.8 18.9 21.5 23.2 23.2 20.8 16.7 13.8 12.9 11.8 11.5 11.8 12 12.2 12.1 12.4 12.1 11 9.9 9 9.2 10.7 11.6 15.7 20.9 24.2 27.9 31.3 32.7 34.5 36.6 37.6 44.1 47.8 50.9 53.9 57.2 58.8 59.7 61 62.4 66.7 69 66.5 60.5 59 61.3 60.2 50.3 30.8 26.3 22.7 22.6 22.9 21.3 20.6 18.6 16.1 15.5 14.5 13.7 14.2 16.5 15.5 15.2 15.2 15.3 16.2 17.4 17.7 16.3 17.4 19.3 23.7 26.7 23.9 23.8 25.4 27.2 28.3 29.5 29.7
21.7 20.5 20.7 21.3 21.4 19.5 19.7 20.9 16.6 13.1 12.2 11.4 11.6 11.6 11.9 11.7 11.7 11.8 11.7 10.8 10 9.2 9 9.6 10.1 12.4 17.6 22.3 25.1 27.3 28.8 30.6 33.7 36.9 41.3 45.9 49.1 51.9 55.1 55.8 55 56.4 58.7 60.7 65.4 64.7 57.9 58.4 57.7 45.5 29.8 28.3 26.3 24.9 23.4 22.4 20.3 19.9 19 17 15.3 14.1 12.9 12.7 11.9 12.5 13.9 14.7 14.2 13.3 13.4 12.2 12.1 12.1 12.7 18.6 22.5 23.4 20.6 21.1 24 26.3 27.6 27.9
14.8 13.5 16.7 16.7 18.2 19.2 20.4 18.9 15.5 11.7 10.7 10 10.9 11.6 11.4 11.2 11.4 10.5 10.2 8.7 7.6 7 8.3 9.1 9.5 11.4 14.6 19.9 23.5 26.2 25.4 26.7 29.9 35.3 37.3 41.4 46.8 50.4 53.3 53.1 52.3 51.8 53.2 56.6 62.1 64.7 50.2 43.9 39.1 27.9 27.3 25.1 21 18.8 19.8 20.6 20.4 20.2 19.7 18 14.4 13.4 12.2 11.8 11.6 11.9 12.6 13.4 13.3 12.8 13.5 12.8 12.1 12.5 14.9 15.6 18.7 20.8 20.9 20.8 20.6 23.7 26 26.6
6.6 6.3 6.8 8.4 10.5 11.8 14.8 14.8 11.7 9.6 8 6.4 5.7 7 6.9 7.3 7.4 7.7 7.6 7.2 5 5.1 7.1 7.9 9.1 10.3 13 17.6 22.8 26.6 25 24.2 25.8 27.1 28.7 30 35.2 41.1 43.7 46.3 48.4 48.4 49.4 60.5 66.9 50.6 35.1 23.5 24.7 25.2 24.6 21.3 16.8 15.6 15.8 17.2 18.7 19.6 19.9 15.1 13.9 13.2 15.9 14.3 12.8 12.6 13.5 12.5 10.6 10.5 12.2 13.2 12.2 12.6 12.6 13.6 14.9 16.9 18.6 21.9 18.8 20.9 24 25.3
2.5 2.5 3.1 3.2 5.4 6.9 7.4 7.7 7.3 6.6 5.1 3.7 2.5 2.6 2.7 3.4 3.5 4.3 4.2 4.1 3.8 3.5 4.6 7.6 8.6 9.6 12.6 16.7 21.1 24.5 26.9 26 23.5 23.3 23.4 23.6 23.5 25.7 28.7 37.6 42.9 47 51.7 58.1 49.9 31.5 19.8 19.7 20.3 21.9 21.8 20 16.8 15.3 15 12.6 13.1 14.9 16.7 16.7 16.8 13.7 13.2 15.4 15.3 15 13.8 12.1 10.5 9.3 11.4 13.2 11.5 10.3 10.7 12.1 13.7 14.3 16.1 20.9 21.7 22 22.5 24.1
1 1.1 1.3 1.5 2.1 2.5 3.3 3.3 3.1 2.3 2.2 1.8 1.5 1.4 1.7 1.8 2.1 2.5 2.5 3.2 3.4 3.9 3.9 5.6 9.3 11.8 14.6 16.3 18.5 21 23.7 23.5 21.5 21 20.6 19.1 18.2 18.3 21.2 25.2 32.4 44.8 52.6 44.9 25.6 18.8 18.9 19.2 19.8 19.4 19.1 19.3 17 12.9 10 9.5 9.4 11.9 15.3 15.5 13.4 15 17.9 20.3 15.8 12.8 11.4 10.2 9.4 8.7 10.1 11.4 10.5 9.6 9.7 10.6 12.4 12.5 13.5 14.5 14.5 21.6 22.7 20.1
-0.5 -0.4 -0.3 -0.1 0.2 0.5 0.9 0.8 0.8 0.6 0.4 0.2 0.1 0.2 0.5 0.7 1 1.3 1.4 1.8 2.2 2.4 3.9 4.2 7.4 11.9 14.5 14.9 15.8 17.6 20.3 21.7 20.9 18.8 16.4 13.7 12.9 13.1 13.9 17.2 22.4 31.6 43.3 23.1 18.7 18.4 19.3 19.9 17.6 14.5 14.1 12.6 10.1 7.2 5.7 5.5 5.9 7.6 9.7 17.5 19.5 22.7 23.8 20 13.8 10.6 9.3 8.1 7.1 7.2 8.4 9.5 9.6 9.1 9.2 9.4 11 9.9 7.4 5.2 5 5.6 9.3 15.3
-1.5 -1.5 -1.5 -1.5 -1.5 -1.5 -1.5 -1.5 -1.5 -1.5 -1.5 -1.5 -1.5 -1.5 -0.7 -0.4 -0.1 0.2 0.4 0.8 1.2 1.5 1.9 2.3 4.3 7.1 9.8 11.5 13 14.6 17.6 18.6 18.4 15.7 12 10 9.2 8.9 9.2 9.8 13.6 25.4 20.7 18.5 18.2 18.2 20.4 15.9 11.4 9.9 8.7 6.8 5.6 3.8 2.8 2.3 2.4 3.1 4.3 5.9 8.3 10.2 10.1 10.9 9.6 7.8 6.2 5.5 5 5.8 6.7 7.7 8.7 8.6 8.7 8.6 8.3 6.8 3.8 2.5 0 1.5 4.3 5.9
-1.5 -1.5 -1.5 -1.5 -1.5 -1.5 -1.5 -1.5 -1.5 -1.5 -1.5 -1.5 -1.5 -1.5 -1.5 -1.5 -1.5 -0.8 -0.6 -0.2 0.2 0.5 1 1.5 2.1 2.5 5.7 6.8 7.6 10.8 13 14.3 14.6 12 10.8 9.4 7.3 7 6.4 6 4.8 6 8.1 11.1 13.8 10.6 10.7 9.6 8.4 7.3 5.8 3.7 2.5 2.2 1.5 1 1 1.3 1.8 2.2 2.4 2.5 4.8 5.1 5 4 3.3 2.6 2.6 3.3 3.7 3.5 4.6 6.8 7.4 6.4 5.3 3.9 1.8 2.6 2.4 2.2 2.1 2.4
-1.5 -1.5 -1.5 -1.5 -1.5 -1.5 -1.5 -1.5 -1.5 -1.5 -1.5 -1.5 -1.5 -1.5 -1.5 -1.5 -1.5 -1.5 -1.5 -1.5 -0.8 -0.3 0.3 0.9 1.4 1.9 2.3 2.5 4 5 7 10.2 11.9 12 10 9 6.4 3.9 3.3 3.3 3.2 3.5 4.1 4.9 5.6 5.8 5.8 5.4 3.8 4.5 2.8 2.2 1.1 0.4 0 -0.3 -0.3 -0.1 0.2 0.4 0.6 0.9 1.5 1.6 1.5 1.6 1.5 1.4 1.5 1.9 1.8 1.9 1.9 2.3 2.5 2.4 2.5 2.4 2.1 1.9 1.7 1.5 1.5 1.8
-1.5 -1.5 -1.5 -1.5 -1.5 -1.5 -1.5 -1.5 -1.5 -1.5 -1.5 -1.5 -1.5 -1.5 -1.5 -1.5 -1.5 -1.5 -1.5 -1.5 -1.5 -0.9 -0.3 0.3 0.8 1.2 1.5 1.7 1.9 2.3 3.4 6.3 7.3 7.2 7.8 6.8 4.7 3.7 3.3 1.8 2.2 1.8 2 2.5 2.2 2.1 1.8 1.5 1.1 0.6 0.2 -1.5 -1.5 -1.5 -1.5 -1.5 -1.5 -1.5 -1.5 -1.5 -1.5 -0.7 -0.4 -0.3 -0.3 0 0.2 0.2 0.5 0.9 1 1 1.1 1.4 1.6 1.6 1.7 1.7 1.5 1.3 1.1 0.9 1 1.3
-1.5 -1.5 -1.5 -1.5 -1.5 -1.5 -1.5 -1.5 -1.5 -1.5 -1.5 -1.5 -1.5 -1.5 -1.5 -1.5 -1.5 -1.5 -1.5 -1.5 -1.5 -1.5 -0.8 -0.3 0 0.3 0.7 0.8 1 1.4 1.9 2.3 3.7 3.7 3 2.5 2.5 3.2 3 2 1.1 0.6 0.7 0.8 0.5 0.3 0 -0.4 -1.5 -1.5 -1.5 -1.5 -1.5 -1.5 -1.5 -1.5 -1.5 -1.5 -1.5 -1.5 -1.5 -1.5 -1.5 -1.5 -1.5 -1.5 -1.5 -1.5 -0.5 0 0.1 0.1 0.2 0.5 0.8 0.8 0.9 0.9 0.8 0.7 0.5 0.3 0.4 0.8
-1.5 -1.5 -1.5 -1.5 -1.5 -1.5 -1.5 -1.5 -1.5 -1.5 -1.5 -1.5 -1.5 -1.5 -1.5 -1.5 -1.5 -1.5 -1.5 -1.5 -1.5 -1.5 -1.5 -1.1 -0.8 -0.4 -0.2 -0.1 0 0.4 0.9 1.2 1.5 1.6 1.3 1 1 1.1 0.9 0.4 -0.2 -0.6 -1.5 -1.5 -1.5 -1.5 -1.5 -1.5 -1.5 -1.5 -1.5 -1.5 -1.5 -1.5 -1.5 -1.5 -1.5 -1.5 -1.5 -1.5 -1.5 -1.5 -1.5 -1.5 -1.5 -1.5 -1.5 -1.5 -1.5 -1.5 -0.8 -0.7 -0.7 -0.3 -0.1 0.1 0.2 0.2 0.1 0 -0.2 -0.3 -0.2 0.1
