app/static/ascii/NH69.asc
ncols 200
nrows 200
xllcorner 260000
yllcorner 890000
cellsize 50
[rows 105 to 139 of 200, columns 78 to 155 of 200]
176.7 175.1 172.6 171.8 171.1 171.1 172.4 175.4 179 184.2 191 198.1 204.2 209.7 214.2 218 221 222.4 224.3 226.1 225.9 225.8 225.7 226 226.3 225.7 224.9 224 222.4 220 218.4 216.8 215.5 214.7 214 213.9 214.1 215.4 216.7 218.1 219.6 222 225.7 230.4 239.3 248.1 254 266.6 282.9 296.3 304.6 312.3 309.4 298.5 289.9 278.7 252.9 239.1 230.7 217.6 206.7 191.8 172.4 154.9 144.4 143.1 141.2 136.7 140.1 147.8 156.1 164.1 171.6 180.8 191.1 197 198.9 200.1
176.4 174.3 172.1 171.3 170.5 170.5 170.4 173.7 177.9 184.3 192.1 199.5 207.4 214.1 219.6 224 227.2 230.8 232.9 234.7 234.9 235.5 235.2 234.6 234.4 232 230.6 228.6 226.9 224.7 223 220.9 219.3 218.4 217.5 217.5 219.3 221.9 224.9 225.7 224.8 226.4 228.3 231.5 240.8 249.1 256 268.8 283.3 296.2 305.7 314.3 312.1 297.1 284 257 238.2 227.6 220.2 212.3 201.7 189.3 173.1 157 146.6 141.9 140.1 141 136.3 143 150.1 157.6 164.4 172.2 179.5 186.8 193.2 196.1
175.2 172.8 171.7 170.7 170 170 170.7 173.5 176.4 184.1 192.2 200.8 209 217.8 224.3 229.4 233.6 237.2 240.6 243.6 244.7 246.1 246.2 245.7 243.5 241 237.7 234.8 232.8 229.8 227.4 225.3 223.3 222.6 222.2 223.3 224.9 226.1 227.7 230.8 233.5 234.2 234.3 235.7 239.5 247.7 256.2 270.3 278.9 283.4 293.2 304.1 301.7 282.5 267.2 246 227.6 217.9 210 203.9 194.7 185.8 173.3 159.4 147 141.3 138.9 138.3 133.3 136.3 141.9 149 156.2 162.2 168 174.1 181.1 187.3
174.1 172 171 170 169.4 170.7 170.7 172.4 176.3 184.5 193 201.6 210.4 219.9 229 235.2 239.4 243.6 246.8 250 253.4 255.2 257 256.7 255.7 252.7 248.5 244.4 241.5 238.5 234.7 231.1 228.6 228.2 227.7 229 230 229.7 229.9 233.6 236.8 240 242.8 242.2 242.3 244.8 249.1 259.8 266.2 273 277.5 286.5 285.9 273.9 258.7 239.4 219.8 206.8 199.7 193.6 186.2 184.5 171.7 158.5 147.9 141 137.6 135.4 133 133.2 136.4 140.2 147.1 152.9 158.4 162.9 168.2 175.8
172.8 171.9 170.3 168.2 167.7 170.2 170.2 171.9 176.7 184 193.5 202.3 210.6 220.2 231.2 240.7 246 249 251.4 254.4 258.4 262.5 263.8 264 264.1 263 259.9 255.6 250.8 247 243.2 239.4 236.3 237.5 239.7 241.1 240.5 238.8 239.5 242.4 246.1 249.8 252.6 251.6 249.3 249.6 250.8 254.2 260.4 267.7 271.7 274 274.1 265.1 252.3 238.1 223.4 214.8 200.4 191 181.2 174.2 165.5 158.3 149.3 141.3 136.9 135.7 133 131 133.4 135.5 139.1 144.4 149.8 154.6 159.3 164.6
172.3 170.8 169 166.9 167.4 168.1 169.8 171.9 177.6 184.2 193.4 201.9 210.6 220.3 230.2 239.5 248.3 254.2 256.3 257.3 258.8 261.9 264.6 266 267.6 267 265.8 263.8 260.3 257.4 253 248.7 245.4 245.7 248.7 251.1 251.7 251.2 250.8 253 255.3 257.1 258 259 257.7 257.8 256.5 261.9 266.4 272.2 277.1 279.4 280 275.2 267.2 257.2 246.3 235.6 219.5 202.5 190.5 177 165.9 157.1 151 141.9 136.5 135.2 133 131.5 130.4 131.1 134.2 137.5 141.8 146.8 151.5 155.5
171.9 169.3 167.4 166.2 166.8 167.8 168.5 170.9 177.3 185.6 192.9 201.7 209.2 217.6 228.2 236.4 244.5 253 257.2 258.3 259.5 260.6 262.2 264.7 267 267.9 268.2 267.4 266.5 264.8 262.3 258.5 254.6 251.7 254 258 261.5 261.5 261.6 262.5 265.2 266.2 265.7 265.7 263.4 263.9 264.5 269.2 275.4 280 284.1 287.5 288.8 286.7 283.2 276.8 267.7 259.1 243.4 222.8 203.5 185.8 171.2 158.2 149.3 143.2 137.4 134.9 133.3 131.9 130.8 129.6 132.7 133.3 136.6 140 142.2 144.9
170.2 168.3 166.4 165.3 166 165.5 166.7 170.9 177 183.8 191.9 200.9 209.5 215.4 225.1 233.9 241.1 247.6 253.5 257.7 259.5 261.7 262.8 264.6 267.9 272.6 272.2 271.2 270.3 269.2 268.1 265.6 263.1 260.3 259.1 261 264 267.2 270.6 273.3 277.3 282.2 287.1 285.6 279.3 272.9 274.2 277.4 282.7 287.8 291.8 295.2 296.4 295.1 290.5 284.7 277.2 267.6 254.8 240.9 222.1 200.6 178.5 161.8 151.2 143.2 139 136.1 133.7 132.3 130.9 129.5 130.7 131.4 132.7 134.1 136.3 138.9
170 167.4 165.5 164.7 162.7 164.6 169.7 174.8 180.3 187.2 194.8 199.9 206.6 214.1 221.2 229.3 237.7 243.3 248.3 253.3 259.3 265.4 271.9 272.5 272.7 278.3 280.6 280.9 279.5 277.4 275 272.4 270.1 268.5 267.8 267.5 268.2 271.2 275.1 284.1 293.5 299.2 302.2 304 297.5 288.3 290.9 294.9 295.6 298.5 299.8 299.4 299.6 298.4 295 289.8 283.9 274.1 263.3 250.2 233.7 208.1 188 171.2 156.9 145.2 140.3 136.9 135.2 133 131.5 130.4 129 129.8 130.3 131 131.2 133.1
169.5 165.5 163.7 162 162.5 167.3 172.1 179.4 184.9 192.8 199 204.4 208.5 213.2 218.4 224.2 231.4 237.3 241.8 247.1 253 261.8 269.7 276.4 277.3 279.7 289 291.4 288.1 285.6 283.6 281.5 279.3 279.2 279.6 278.3 279.1 280.7 286.1 298.7 309.7 315.6 316.3 314.3 310.3 304.2 304.2 304.5 306.5 310.8 315.5 313.3 310.4 305.6 298.3 292.2 285.3 277.4 266 253.7 237.5 215.9 199.7 180.9 167.4 152.7 144.4 139.4 136.4 133.6 132.4 132.2 130.2 127.8 128.6 128.8 128.6 129.4
166.5 163.7 159.3 158.6 165 170.9 177.9 185.1 193.7 199.8 204.8 209.4 212.8 215.3 219.3 223.5 227.3 231.3 236.3 242.3 248.5 255.9 261.7 268.4 275.1 279.5 287.4 291.3 293.6 293.7 290.5 287.6 285.7 287.2 288.5 290.6 297 302.8 304 312.2 324.5 332.3 332.8 330.2 328.5 325.6 323.4 315.2 316.2 321.2 330.6 325.5 318.8 313.5 312.3 308.4 294.8 282.8 269.6 251.6 235.2 222.3 208 192.5 180.4 168.1 154.9 144.6 139.2 135.9 134.1 132.4 131.4 129.7 127.6 127.4 127.1 126.5
164.9 160.6 156.8 160.1 167.9 178.2 188.1 194.8 201.3 208.4 214 216.8 219.8 221.8 223.7 224.6 226.3 228.9 233.6 239.3 243.4 249.9 256.2 263 271.7 279.5 285.9 290.9 294.4 296.4 298.7 297.7 297.1 296.6 299.2 303.5 309.9 315.4 320.2 322.7 329.5 338.7 341.1 342 342.4 337.1 327.7 317.2 318.6 325.7 330.8 326.8 315.9 315.1 315 313.3 304.1 291.5 277.2 258.5 238.2 225.4 214 201.2 188.1 177.4 169.4 159 148.5 140.6 136.6 134.7 133 130.9 129.9 127 127.5 128
160.8 158.1 154.7 161.1 171.2 182.4 192.8 200.5 206.7 213.1 218 224.2 228.7 230.8 232.7 235.4 235.1 232.2 232.1 237.3 243.7 246.8 252.4 258.4 269.9 281.7 290.5 296.2 301.2 308.4 313.2 318.9 319.7 311.3 308 313.6 316.3 317.2 325.1 331 336.8 341.7 342.7 340.9 336.8 329.1 314.1 306.2 311.2 322.8 325 320.8 308.6 312.4 310.4 312.2 305.3 292.9 274 258.6 243.7 227.8 215.8 201.5 190.5 179.4 171.2 163.4 154.7 148.1 141.7 137.9 135.7 133 131.9 130.6 129.5 128.9
156.2 151.8 155.5 162.5 176.2 187.9 196.2 204.7 212.3 219.7 226.4 231.2 236.3 239 243.4 245.7 245.6 242.1 238.4 236.6 237.6 241.8 248.4 258.3 265.9 276.6 286.8 295.4 307 319 325 328.7 329 326.2 318.6 317.3 317.5 319.5 327.9 333 337.5 344.5 344 340.7 334.5 322.6 304.7 298.3 304 310 311.8 306.1 298.8 294 292.2 299.3 297.1 280 270.3 260.6 247.6 230.6 215.3 201.9 187.6 177.2 168.3 163.1 158.2 155 150.3 143.1 138.1 135.5 134 132.8 131.3 130.3
149.3 152.7 157.6 165.5 179.6 191 199.8 207.8 216.4 224.9 232 236.4 241.3 245.9 247.1 251.3 250.9 248.8 245.4 241.4 239.5 239.5 243.1 252.6 263 274.7 285.4 297.5 313.2 326.9 336.4 340.3 338.2 334.6 327.2 325.3 328.5 331 330.5 327.7 325.4 330.4 334 333.3 329.9 312.1 296.9 290 294.7 296.9 295.5 292.5 286 277.4 269.7 269.1 271.5 266.3 259.9 251.2 241.4 230.7 215.7 200.7 189 176 166.7 161.3 156.3 155.9 156.4 145.7 143 139 136.2 134.3 133.1 131.6
148.9 154.6 161.8 173.4 182.3 192.4 201.1 209.6 218.5 227.5 234.2 239.2 242.8 246.2 250.8 251.8 251.8 251.6 250 245.9 242.9 241.9 242.9 250.2 260.3 274.6 285.2 295.7 311 326.8 337 343.3 344.8 342.2 338.6 335.5 333.2 330.3 327.9 325.2 319.7 314.7 316.5 315.5 311.7 297.4 286.2 278 280 279.6 275.8 271.8 266.5 260.9 252.9 248.4 247.8 244.6 241.5 236.9 230.5 222.9 212.3 201.1 189.7 176 167.5 159.9 153.4 149.3 148.2 145.4 147.1 144.1 139.9 135.3 133.4 131.7
150.7 159.4 170.3 180.4 187.4 194.6 202.4 210.6 219.5 229.1 236.9 241.6 245.7 248.9 249.6 250.6 251.1 250 250 248.8 246.9 245.5 246.4 251 257.3 269.2 282.1 292 301.3 313.4 327.5 337.9 342.8 345.4 343.2 338.3 332.7 327 323.4 320.9 316.2 310.2 305.4 299.5 288.6 277.6 274.4 272.3 269.8 265.9 260.5 256 250.8 246.9 241.2 238.1 235.3 229.7 225.5 222.2 218 213.1 207.8 203 193.1 180.2 166.3 159.5 152.2 148.1 146.3 144.5 144 144.1 139.2 139.2 139.6 140.2
152.9 165 174.4 183.2 191.4 198.6 205.7 213.2 221.8 231.4 239.4 246.6 252.2 254.7 254.8 253.4 251.1 249.4 249.9 249.3 247.8 248.9 249.6 253.3 256.5 262.6 271.2 280.5 290.9 299 307.4 314.3 319.6 332.9 336.3 330.6 317.9 309.3 300.6 299.8 294.7 290.5 283.1 278.1 270.3 268.4 273.4 270.6 266 260.3 252.4 248.8 243.6 239.7 233.1 226.8 224.1 219.3 215.1 212.2 207.6 202.6 204.6 203.3 195.9 187.1 175.1 165.5 157.1 148.8 146.4 144.1 142.5 140.2 139.5 141.5 143.5 144.4
150.8 163.3 174.9 184 192 200.3 208.6 217.8 227 235.6 242.7 250.4 256.8 261 260.9 258.6 254.5 251.6 250.7 249.7 248.9 250.5 253.2 255.7 259.4 263 267.4 271.6 279.3 287.7 292.8 292.7 293.1 298.6 301.6 287 278.9 274.8 272.1 273.6 270.3 260.8 253.3 248.7 251 257.8 263.1 263.5 261.5 256.6 248.4 241.4 241.1 237.3 231.1 224.5 218 213 207.9 204.7 200.4 197 201.2 202.9 199.6 190.2 180.2 170.4 163.7 155.6 148.9 146.1 144.2 143.5 142.4 142 142.2 142.8
150.5 161 172.9 183.3 192.5 201 210.4 220.6 230.6 239.2 246.5 253.9 260.1 263.5 264.3 263.7 261.1 255.9 252.2 251.2 251 252.4 254.4 257.9 262.1 265 269.6 269.9 266.7 271.7 277.2 279.4 276 272.4 260.6 253.2 248.3 248.6 249.8 250.3 243.9 236.3 228.5 227.5 228 239.1 244.1 247.1 247.7 245.4 240.9 236 237.3 234.8 228.3 222.1 215.4 209.4 204.4 200.2 195.6 192.8 195.8 198.7 198.3 191.2 186.9 179.2 167.1 153.8 151.7 148.5 147.4 146.2 144.7 143.9 143.5 143.1
149 156.9 170.5 181.3 190.2 199.2 210 222.6 232.2 239.9 246.4 254.2 260.9 264.2 264.6 264 262.3 260.3 257.1 252.9 252.5 253.4 255.8 259.3 264.2 266.3 269.7 268.7 264.3 257.9 250.4 251.1 247.6 243.7 237.4 231 231.3 231.9 229.6 227.5 227.5 227.5 227.5 227.5 227.5 227.5 228.4 232 234.9 234.6 232.9 229.7 229.9 228 223.4 216.3 211.7 208 204 199.4 195 192.2 189.6 190.9 190.1 188.4 187.8 183.4 168.2 164.3 156.2 153.8 149.9 148 146.2 144.8 144.4 144.1
145.4 154.4 164.8 176.5 186.9 196.1 203.9 214.2 230.2 240 244.6 250.3 256.4 259.8 262.5 263.2 261.7 259.7 257.4 255.3 252.9 253.3 256.9 259.7 263.2 264.4 265.6 263.9 261.8 256.3 247.6 238.8 231.2 227.5 227.5 227.5 227.5 227.5 227.5 227.5 227.5 227.5 231.4 232 230.1 229.4 231.2 230 228.4 226 223.2 221.1 218.9 216.2 212.4 209.1 206.4 203.3 200.8 198.1 195 191.4 188 184.4 181.8 180.4 178.2 180 181 178.7 172 161 155.6 152.7 148.9 146.8 145.7 145.5
143.9 152.2 162.1 172.3 182.1 191.6 199 205.5 214 227.7 238.4 245.5 250.3 254.6 258.4 258.9 259.3 258 256 254.1 252.3 251.5 256.8 262.3 263.9 265 263.7 261.9 258.5 253.1 245.7 236.5 227.5 227.5 227.5 227.5 227.5 227.5 227.5 228 229.7 233.7 236 236.3 236.8 239.2 240 241.2 239.3 235.6 233 228.2 222.6 217.4 210.7 204.7 199.8 197 194.4 192.8 190.1 188.7 186.3 185.8 184.6 183.9 183.7 183.4 182.7 179.9 172.2 162.1 171.9 163 154.5 151.3 148.2 147.6
143.4 149.8 162.5 174.1 182.9 190.3 197.3 203.9 209.6 215 222.4 228.9 238.2 245.5 252.4 254.6 254.7 254.8 253.9 252.8 251.7 248.9 251.8 261.8 264.5 267 267.8 262.3 257.5 252.7 244.3 233.6 227.5 227.5 227.5 227.5 227.5 231.3 235.1 237.6 239.8 241.9 244.4 244.5 244.5 245.9 249.1 250.5 250.4 250 248 245.3 242 238.4 234 228.3 220.4 212.1 204.9 200.4 198.8 197.2 196 193 193.3 193.5 189.9 187.9 186.2 179.6 179.9 179 176.9 171.3 165.4 160.6 156.4 153.5
143.7 150.4 162.7 174.1 183.5 191.9 199.7 205.7 210.4 214.7 219.1 224.3 226.8 229.1 233.9 241.9 244.7 247.2 246.9 249.6 249.6 246.7 246.1 252.3 258.4 260.7 263.1 265.2 260.4 252.7 239.5 229.4 227.5 227.5 227.5 227.5 227.5 236.1 242 244.1 246.7 249.1 251.4 252.5 252.6 253.1 256.3 258.7 260.2 260.2 259.3 258.6 257.5 255 250.8 247.2 241.5 234.8 227.4 221.4 216.9 212.1 208.6 205.5 205.2 203.1 202.3 201.1 197.2 191.4 194.1 192.8 191.8 188.2 182.9 179 172.8 167.2
142.7 148.9 158.9 169.7 179.6 188.7 197.2 205.6 211.8 215.3 218.3 221.2 223.3 224.5 224.8 225.3 225.2 228.5 232.4 235.8 237.3 238.7 240.4 245.3 250.7 251.5 252.3 252.3 249.7 243.6 234.4 227.5 227.5 227.5 227.5 227.5 231.4 237.8 245.9 250.7 254 256.6 258.1 259 258.9 260.6 263.3 266.3 268.3 268.5 268.3 267.6 267.5 266.4 264.4 260.7 256.1 251.2 246 239.8 234.1 228.7 224.6 220.2 217.9 218.5 216.3 214.6 211 206.7 202.7 201.2 201.8 201 201.4 199 193.7 186.9
141 146.1 156.2 165.3 174.4 183.6 192.6 200.9 207.8 213 217 219.6 221.3 223.1 224.1 224.9 224.6 224.6 225 225.4 227.1 228.7 231.8 234.9 237.6 238.5 237 238.1 235.9 233.5 231.9 231.5 233 235.1 234.7 234.8 237.5 242.7 247.5 254.3 259.3 262.3 264.6 265 265.6 267.1 270 272.6 273.5 273.6 274.5 274.8 274.1 273.4 272.3 269.7 267 263.3 258.7 253.9 249 244.7 240.4 235.4 231.8 232.6 232.5 229.7 223.2 219.4 215.1 212.8 211.7 210.2 208.3 207.6 205.2 202.2
140.5 147.1 154.2 164.5 171.8 179.1 186.8 194.7 204.2 211.6 216.2 220.2 223 224.7 225.4 226.1 226.6 226.4 225.9 225.6 226.7 228.3 230.2 232.4 234.5 235.8 235.7 235.1 234.8 235 236.2 239.1 241.5 242.3 243.8 246.3 250 253.4 258.8 263.6 267.6 270.3 272.4 272.8 270.7 270.8 272.4 275 275.7 276.2 276.6 276.9 277.3 277.7 278.2 277.8 276.8 273.1 269.3 264.8 260.8 257.2 252.4 247.9 243.9 242.8 241 238.4 230.2 230.2 226.9 223.9 220.8 216.4 213.7 212.1 210.1 208.2
142.7 148 152.2 159.3 169.1 178.1 185.9 194.7 202.7 209.7 217.1 222.4 225.7 227.3 228.5 234.4 237.8 235.4 233.2 232.7 231 231.1 232.6 235.2 236.7 238 240.5 242.5 246.9 245.8 243.9 244.1 246.4 248 250.2 255.1 258.9 263.3 269.3 274.5 278.3 281.1 280.9 279.3 277.2 274.3 273.5 274.2 275.1 275.6 276.3 277.4 277.8 278.3 278.7 279.1 279.3 279.4 278.2 273.8 269.4 265.6 262.6 258.9 254.4 250.3 245.9 241.7 240 238.5 234.7 231.3 229.1 226.9 223.3 218.9 218.3 213.6
143 147.1 154 159.8 167.2 176.1 185.5 194.8 201.8 208.5 214.9 221.9 228.6 230.9 231.5 238.3 245.3 246.6 242.9 237.6 235.7 239.3 243.3 246.2 247.9 246.6 246.8 250.8 253.8 255.3 255.7 254.5 253.8 254.8 257.8 263 266.3 271.4 276.5 281.6 284.1 285.2 285.5 284.7 282.6 278.7 275.7 274 274 273.8 274.8 276.8 277.6 278.1 278.9 279 279.3 278.8 277.8 276.3 274.6 271.6 268.2 265.5 261.2 257.6 251.9 244.7 247 244.3 240.3 236.3 234 232.9 229 223.7 220.3 217.1
142.8 146.7 153.3 159.2 165.6 174.7 184.8 193.1 199.7 206.3 212.6 217.6 222.6 227.8 229.6 234.6 238.9 243 244.4 241.9 241.3 247.5 251.1 252 256.8 259.4 257.2 253.4 252.9 253.5 254.4 254.7 257.9 259.2 262.4 266.2 270.7 275.2 279.2 283.4 286 287 287.5 286.4 283.8 281.1 277.9 275 273.3 272.5 272.5 273.1 275.9 278.4 279.2 279.5 279.4 278.5 275.8 273 270.8 267.8 266 264.6 263.2 262 259.2 255.8 252.9 248.6 245.1 240.9 237.4 235 232.1 228.4 224.5 220.4
141.5 146.4 154.2 158 165.5 173.7 182.3 190.7 197.6 203.8 208.6 213.1 217 221.1 224.9 228.5 232.1 234.8 236.1 238.2 243.3 246.5 252.4 253.9 257.5 259.8 261.8 260.3 258 256.5 254.9 252.7 253.1 256.6 259.9 266.4 272.2 277.5 284 289.6 290.4 291.1 291.7 290.6 287.6 284.1 279.8 276 273.6 272.5 271.2 271.4 272.8 275.8 278.6 280 279.7 277.9 274.4 271.3 269 268 268.6 266.8 265.5 265.2 265 263.1 260.1 257 252.6 252.6 249.6 243.1 236.7 233.2 230.6 226
141.3 146.4 152.9 158.8 166.6 173.2 180.2 188.3 194.3 199.7 204.3 208.6 212.1 215.6 219.1 222.7 226.1 229.8 232.6 239 246.1 254.2 257.5 256.6 260.4 260.7 260.2 258.8 258.5 254.8 250.2 247.4 249.6 254.3 262.1 270.5 278 285.6 290.6 292.7 293.5 293.7 293.5 292.9 291.2 286.8 282.2 277.9 273.7 272.3 271.1 270.3 270.1 271.2 272.8 275.2 275.5 273 271.2 270.3 270.5 274 275.7 275.7 277 277.2 274.7 273.3 273.1 269.9 266.4 262.5 260.2 254.1 245.1 236.3 236.2 233.1
142.2 147.5 153.3 159.2 166.6 172.3 179.1 185.2 191.1 196 200.7 204.9 208.4 212.2 214.9 217.5 221.6 227.2 232.6 237.5 243.6 247.1 251 255 257.9 259.3 259.3 257 250.9 245 240.2 241.9 245.6 251.8 259.5 268.6 275.9 284.9 291.5 296 297.5 296.9 295.5 293.6 290.9 288 284.1 279.6 274.8 272.5 271.1 270 269.2 267.5 267.4 267.4 267.4 267.4 271.8 276 281.7 281.3 279.4 279.6 281.2 281.4 280.5 278.4 277.7 275.6 271.4 268.7 264.1 259 251.8 241.6 235.4 232.8
141.8 146.1 153.2 159.7 165.7 171.7 177.4 182.7 188.4 193.1 197 201.3 205.2 208.9 212 214.2 216.2 218 222.3 228.3 233.9 237.5 240.9 245.2 249.2 251.3 251.2 248.2 242.9 238.2 238.1 240.4 251 259.2 268.5 273.4 281.9 285.1 291.3 297.1 298.9 299.9 298.7 295.2 291.5 287.2 284.1 279.5 275.3 272.9 271.4 270.5 269.8 267.6 267.4 269.4 270.4 272.6 278.6 281.6 284.4 284.6 283.4 281.1 282.1 281.1 281 280.2 279.7 278.8 275.6 270.2 265.9 259.4 251.2 243.1 236.3 231.3
