app/static/ascii/NH70.asc
ncols 200
nrows 200
xllcorner 270000
yllcorner 800000
cellsize 50
[rows 70 to 104 of 200, columns 78 to 155 of 200]
776.2 780.6 783.4 786 783 776.2 768 757.1 747.2 735.9 724.8 713 697.7 684.5 673.2 663.2 655.4 645.8 637.7 633.3 627.3 621.1 615.8 609.5 601.6 587.5 578.5 571.3 567.3 563.5 561.4 558.7 556.1 542.4 547 551 556.1 561.1 566.2 571.9 578.4 586.2 594.7 596.3 593.7 589.8 587.3 584.1 580.9 575.6 570.2 564.6 558.3 549.6 540.1 537.1 538 529.5 527.5 530.5 532.7 530.4 527.1 520.9 512.8 506.5 499.6 491.4 485.2 482.7 480.8 477.8 472.8 474.7 477.5 479.8 481.2 481.2
769.9 774.6 777.1 778.6 774.6 767.5 759.5 750.4 742 730.8 718.8 705.1 691.7 678.6 666.9 658 650 639.8 635.7 630.1 622.7 617.3 611.1 604.8 595.2 583 574.7 568.3 564.6 561.1 557.9 554.8 551.9 545.7 536 546.1 552.1 557 562.5 569.1 576.3 583.7 592.3 592.9 590.6 587.8 585.5 579.8 579.2 576.2 572 553.5 554.1 547.6 540.4 536.6 531 528.3 532.9 534 534.7 531.8 527.1 517.7 509.5 503.7 497.6 490 483.5 478.6 477.1 474.4 468.3 472.2 474.3 475.5 476.2 476.3
762.9 766.2 768.8 769.1 764.8 759.3 751.6 745 736.9 723.9 709.9 697 686.3 672.2 661.6 653.5 645.1 637 632.9 627.3 619.7 612.8 605.5 598.6 589.6 579.9 572 565.8 561.6 558 554.6 551.3 547.7 542.6 533.6 540.3 548.3 553.4 559.8 566.8 574.2 581.9 588.5 588.6 587 585.9 582.5 588.7 587.2 581.3 572.9 563 552.3 545 541.3 536.4 531.4 534.1 536.9 536.7 536.7 532.4 526.9 514.2 507.3 501.6 495.7 487 481.7 475.9 471.6 470.1 466.8 469 469.9 470.7 471.3 471.5
754.1 756.8 760 760.1 757.1 751.9 744.5 738.6 727.9 713.5 699.6 689.5 677.5 664.8 658.3 650.7 641 635.3 630.2 624.4 616 608.2 600.9 594 585 577.3 569.6 563.6 558.4 554.8 551.2 547.8 542.8 538.5 534.5 535.4 544.9 550.7 557.7 565.8 573.3 581.3 585.8 586.6 587.1 587.9 592.6 593.2 587.4 581.9 572.5 562.3 552.4 545.7 541.5 536.4 536 538.8 540.9 540.3 537.9 533.4 524.7 511.7 505.2 497.7 491.5 484.7 479.7 474.7 467.2 467.5 462.5 465.1 465.4 465.9 466.3 466.5
745.7 747 750.1 752.1 750.6 744 736.4 729.3 717.3 703.2 691.9 680.9 668.4 659.1 652.6 645.4 637.6 633.2 628.3 620.9 613.5 605.5 596.7 589.4 581.4 574 567 560.5 555.1 551.4 547.8 542.8 537.9 533.7 526.6 533 541.8 548.5 556.4 565.1 572.9 580.2 584 585.3 588.1 591.9 598.7 595.4 588.6 582.1 571.8 561.5 551.4 544.9 540.1 536.4 540.5 543.4 545 542.3 539.2 533.6 522.1 509.3 501.8 494.4 488.2 482.1 476.4 471.3 467.5 460.2 460.8 460.5 460.7 461.1 461.3 461.6
739.2 741 743.2 743.4 742.6 736.3 729.3 720.4 707.7 695.6 684.6 673.6 662.8 654 646.9 639.5 634.9 630.9 624.5 617.1 610.4 602 594 585.1 577.2 569.6 562.9 556.7 551.8 548 544.2 538.6 533 529 523.1 527.3 537 547.1 555.1 564 572 578.2 582.6 586 590.1 595.5 600.4 595.8 589.9 581.2 570.6 558.8 551.4 545.6 541.4 540.7 544.9 548.2 548.6 545 539.8 533.1 521.3 507.6 499.7 492.3 485.4 479.4 473.4 468.6 464.8 460.9 453.4 446.4 456 456.1 456.3 456.6
733.2 736.4 738.3 738.7 737.4 731.8 724.3 712.8 700.6 690 678.9 668 657.8 649.8 642.6 636.5 632.4 627.1 620.6 614 605.8 598.3 590.2 582.1 572.9 565.6 558.8 553.4 548.7 544.4 539.3 533 527.2 523.7 521.6 526.2 536 545.6 554.4 562.6 570.9 577.7 582.8 587.4 592.6 598.2 600.4 596.5 590.6 579.6 568.4 557.3 552.2 549 543.7 546.8 549.9 552.3 551.2 545.7 539.9 530.6 518.7 506.8 497.8 489.3 482.6 476.5 470.4 466.1 462.1 458 455 442.2 451.1 451.5 451.6 451.8
728.6 731.8 733.3 732.7 729.4 726.1 717.5 706.3 696.2 685.8 674.8 663.9 652.2 643.2 638.3 633.7 629.1 623.8 617.3 609.6 601.8 595 586.4 578.8 569.8 561.6 554.9 549.6 544.5 540.5 534 528 522 518.9 517.4 526.1 535.6 545.1 554.3 561.9 569.8 577.4 583.1 590 595.4 601.2 599.5 595.9 588.8 577.9 565.2 558.4 555.2 551.3 548.2 551.2 554.5 556.5 552.4 545.7 539.4 527.8 515.8 504.9 495.3 486.2 479.8 473.7 467.4 462.9 458.6 454.4 450.9 442.9 444.2 447.3 447.6 447.5
724.5 726.8 728.6 726.3 723.4 719 711.3 702.1 691.9 681.6 670 658.3 646.8 639.2 633.9 630.3 625.6 620.5 614.1 605.7 599.2 591.5 582.5 574.9 566.7 557.8 551 545.4 539.7 534.9 528.9 522.9 517.2 515 518.6 526.8 535.5 545.3 554.2 563 570.5 578.9 586.5 592.3 599.6 601.5 598.3 594.6 585.9 574.2 562 558.8 555.2 552 552.5 555.9 560 558.5 552.4 546.4 536.9 524.4 512 501.9 492 483 476.5 470 464 459.3 454.8 450.9 447 440.1 435.7 442.8 442.7 441.7
718 719.9 722.1 720.3 717.9 712.3 705.6 696.7 687.9 676.7 664.4 652.7 643 635.2 630.9 626.6 622 616 608.8 602.7 596 586.9 578.4 570.4 561.6 553.8 546.9 541.1 535 529.5 524 517.7 513.8 511.3 517.4 526 535.4 545.3 554.1 563 572.2 581.5 590.2 594.1 600.8 598.8 594.6 588.7 581.4 569.4 560.6 558.8 554 553.7 556.5 560 562.6 557.6 551.7 546.4 530.8 519.3 509.1 499.1 489.5 480.4 472.6 466.1 460.8 456 450.8 447.1 443.3 436.7 431.8 437.4 441.8 438.9
710.6 713.1 715.4 714 710.8 705.5 699.7 691 681.9 670.9 657.6 647.1 638.4 631.4 626.5 622.3 617.5 611 603.8 598.2 591.9 583 574.5 565.6 556.1 545.5 537.2 533.3 527.2 515.5 511.8 511.1 510.2 510.4 516.3 524.9 535 544.9 553.6 562.5 572.1 582.8 591.2 595.6 599.2 593.9 588.5 583.2 576 564.4 558.7 556.4 552.1 555.3 558.4 559.4 556.9 553.4 550.6 541 525.7 515.5 505.8 494.7 485.5 477.1 469.4 462.3 457.3 452.1 446.6 442.9 439.2 436.1 425.2 433.2 439.9 433.3
703.6 706.1 708.1 707.7 703.7 698.7 693.2 684.6 674.9 662.6 649.1 642.4 634.4 627.7 622.3 616.3 611.1 605.7 598.7 593.4 587.9 579.4 569.8 560.2 550.6 543.2 538.4 533.1 528.3 523.2 516.1 509.9 507.3 509.7 515 524 534.6 544.5 553.2 561.6 571.6 582.4 589.7 595 595.1 589.1 580.4 574.2 570.1 559.1 554.3 550 549.2 552.7 555.8 553 549 547.4 550 530.5 520.3 511.4 500.9 490.2 481.9 472.6 464.9 458.6 453.4 447.9 442.4 438.7 435.1 430.7 419.7 433.2 429 427.7
696.2 699.1 700.5 700 696.5 692.4 686 677.6 666 653 644.5 636.7 629.4 621.4 614.9 608.8 604.3 599.7 593.9 588.9 583.5 574.2 564.7 555.2 545.9 539.8 534.5 530.4 525.4 520.6 519.8 512.9 504.1 508.5 515.6 527.3 537.3 544.4 552.4 559.9 570.1 579.6 586.9 590.5 588 579.6 570.6 565.6 561 551.3 545.8 543.4 543.2 546.5 546.2 543.2 539.6 540.3 534.1 523 514.6 506.4 495.2 485.6 476.4 468.2 460.6 454 448.4 442.7 439.8 436.2 430.8 428.7 417.1 423.5 424.1 424.1
691.2 693.7 694.2 691.9 688.3 683.4 677.4 668.2 656 645.6 638.1 630.3 621.9 614 607.4 602 597.6 593.3 589.2 584 576.2 567.7 558.8 549.1 541.6 536 530.7 525.9 520.5 515.6 512.7 512 504.5 506 514.1 528.1 537.6 542.5 549.5 557.2 566.4 575.3 582 581.6 577.1 568.6 562.1 557.1 551.5 542.4 538.1 536.3 535 535.7 534.9 532 530.1 529.8 522.9 516.7 509.1 499.3 488.7 479.6 470.9 462.8 455.1 449.2 445.1 441.1 433 429.1 426.2 423.3 414 417.9 420.3 420.4
686.5 687.5 687.6 683.9 679.8 675.4 667.6 657.7 648.6 639.3 631 621.2 613.3 605.7 599.3 595.6 592.1 587.9 583.9 577.5 569.1 560.6 552 543.7 537.2 532.1 526.8 521.3 515.5 510.2 507.1 505.7 502.5 501.9 510.5 524 531.5 539.6 546.6 554.3 562.9 569.8 573.8 571.6 566.2 560.3 555.2 550.3 542 535.7 531.4 528.7 527.1 525.9 524.5 522.3 521.3 519 515.4 510.2 502.9 492.8 482.8 474.1 465.8 457.6 450.7 445.2 441.8 432.2 428.4 425.2 422.5 419.5 416.8 411.6 414.4 415.4
681.3 681.3 679.9 675.8 671.4 667.2 658.9 649.1 639.9 631.6 621.9 612.4 605.2 597.8 591.5 588.4 585.5 581.8 577.5 570.4 561.9 553.4 544.9 538.3 532.1 526.9 521.7 515.8 510.5 505.4 503 502 497.8 505.3 508.7 520.7 529.3 537 543.8 550.9 559.3 562.9 563.8 561.2 557.9 554.1 549.4 542.1 535.2 529.8 525.5 522.8 520.1 518.8 516.7 514.8 515.1 512.3 509.1 504.2 496.2 487.4 476.1 468 459.9 452.5 447.2 440 436.2 428.7 424.8 421.2 418.5 415.8 414 413.8 405.1 408.3
676.2 675.6 673 669.2 665.5 658.7 650.8 641.6 631.4 622.6 612.8 604.1 596.4 589.7 585.5 582 578.9 574.7 569.3 562.6 554.7 546.4 539 532.7 526.9 521.6 516.2 511.6 506.7 502.1 499.2 496.9 499.3 504.7 507.3 519.3 527.5 534.3 540.5 547.4 554.5 557.2 556.9 555.7 552.7 548.2 541.9 534.4 528.5 524 520.5 517.6 514.7 511.7 509.7 505.8 504.2 505.3 503.2 496.6 488.1 478.1 468.8 462.6 455.2 448.1 442.4 436.5 428.7 424.7 421 417.2 414.6 412.4 411.6 410.8 408.5 401.8
672.2 671.5 667.8 663.9 660.1 652.5 643 632.7 622.6 613.2 604.3 596 588.8 583.7 579.5 576.1 572.1 567.4 561.5 553.9 546.4 539.6 533.6 527.3 522.2 516.8 512.3 508.1 503.3 498.9 495.7 493.1 503.2 505.3 506.9 518.2 525.6 531.6 537.6 543.9 549.2 552.2 553.1 551.6 547.3 540.8 533.4 526.6 523.6 521.2 517.4 513.7 511.5 509 504.2 502.2 500.3 495.8 495.4 489.3 480.5 470.2 464 458.4 450.9 443.3 439.1 430.6 425.3 420.9 417 413.3 411.4 409.6 408.5 408.1 405.6 404.7
668.7 667.9 663.8 658.6 653 644.2 632.5 623.6 616.9 608.4 598.9 589.4 582.8 577.6 573.3 569.7 564.9 560.1 553.6 545.4 539.5 534.3 527.8 522.7 517.6 513.2 508.9 504.7 501.1 497.2 492.1 487.5 504.7 500.9 506.1 516.3 523 529 533.8 538.7 543.2 547.4 548.4 545.1 537.8 531 525.6 522.1 519.4 515.9 514.1 512.6 510.3 506.4 501 496.3 493.3 490.9 487.7 481.1 473.6 464.2 458.3 453.3 445.9 438.5 432.8 430.4 421.8 417.2 413 409.3 407.1 405.4 404.3 402.8 399.6 398.3
664.3 663.9 660.7 655.7 648.7 634.8 625.8 620.1 613.4 604.9 594.4 584.4 577 571.4 567.1 563.1 558.1 552.8 544.5 538 533.5 528.1 523.1 518.3 513.7 509.4 505.7 502.1 500.5 499.3 491.6 488.3 497 499.6 504.3 513.9 520.2 525.4 529.9 533.7 537 540 540.2 536 528.8 523.6 520.5 516.5 513.9 514.1 512 509.2 504.9 499.6 494.2 490 486 483.3 480.1 473 466.6 458.4 454.1 448.9 439.9 433.2 429.8 425.3 416.3 412.5 408.9 404.7 401.1 399.4 397.7 396.3 396.3 397
659.2 660.8 659.7 652.5 640.3 631.3 625.5 619.5 611 600.9 590.5 580.8 572.5 566.2 560.9 556.6 551.6 545.1 537.9 532 527.1 522.4 518.5 514.2 509.9 505.8 502 499.2 501 499.5 494.2 484.4 494.4 497.5 502.6 511.5 516.8 521.2 525.6 528.4 530.8 530 530.4 526.4 522 519 515.7 512.2 510.9 510.4 506.2 502.2 497.2 492.6 488.6 484 479.7 475.6 471.7 464.7 459.1 453.1 448.9 441.9 434.6 430.5 428.7 420.1 412.1 408.1 402.1 399.1 399.2 399.6 398.6 397.7 394.8 395.5
653.1 656.8 655.4 645 636.9 632.7 627.2 620.2 608.8 597.1 587.2 578.2 570.1 562.2 556.5 550.6 544.2 538.6 531.7 526.2 520.7 517.7 514.3 509.6 505.5 502 498.4 495.2 498 497.6 485.3 484.4 490.9 495.7 500.8 508.3 512.6 516.9 520.4 523 524.1 522.6 520.8 518.2 515.9 514.5 511.3 508.3 506.9 503.7 498.4 495 491.5 487.1 482.7 477.7 473.3 468.9 462.9 458.4 453.2 447.4 442.8 436.3 431.5 428.4 422.8 413.4 408.7 402.2 400.2 398.5 398.3 398.6 398.1 396.3 394.3 394.9
648.3 650.3 648.5 643.2 639 633.8 627.2 616.6 604.5 594.8 585.1 576.3 568 560.7 554.6 548.3 540.4 533.7 529.3 522.7 517.4 513.1 509 505.2 501.7 498.1 494.6 491.7 493.4 500.4 479.5 482.6 489.6 494.3 498.4 503.9 508.3 512.6 515.4 516.6 517.4 516.2 514.5 512.4 511.8 510 506.3 504.2 502 497 492.6 490.1 485.1 480.2 475.8 471 465.6 460.3 455.6 452.5 447.2 442.3 436.6 431.8 428.6 419.6 412.6 407.4 402.3 400 398.6 398.1 397.7 397.3 396.4 394.7 393.9 394.3
641.5 647 644.8 641.7 636.6 629.6 621.5 611.3 601.7 592.6 582.1 575.1 567 560.1 553.7 547.6 540.5 532.4 527.6 520.6 515.1 510.9 505.7 501.4 497.9 494.3 490.8 487.4 486.5 484.3 475.2 480.3 486 491.3 494.1 499.2 504 507.8 509.9 510.5 511.2 510.3 509.6 509.4 508.9 504.9 502.6 499.7 495.2 490.2 487.4 482.9 478.1 473.3 468 462.9 457.5 452.2 448.2 444.9 441.2 436.3 432.1 430.8 424.4 413.4 407.7 402.2 399.8 398.2 397.8 397.3 396.6 395.6 394.7 393.2 395.2 398
634.4 639.8 639.8 636.4 631.7 625 617.9 609.1 598.6 589.4 580.2 573.6 566.3 558.4 552.1 547 539.5 530.5 525.2 517.8 512.4 508.4 502.5 497.6 494.1 490.5 487 487.1 488.4 481.1 474.1 474.2 482.6 487.6 490.9 493.9 499.7 503 503.9 504.6 505 503.8 505 505.8 503.3 499.3 497 492.6 488.8 485.8 479.2 474.2 469.5 464.5 458.9 453.8 449.9 445.4 442.6 439.4 435.6 431.5 430.9 426.2 414.5 408.7 402.8 399.2 396.9 396.9 396.4 395.8 395 393.8 392.6 395.4 397.4 396.1
625.8 632.3 634.2 631.8 628.1 622 615.3 604.8 595.4 586 577.9 570.1 562.2 554.6 549.3 543.2 534.7 526.3 521.8 515.2 509.7 506 500.4 494.3 490.5 487.1 484.7 485.6 491.8 487.7 485.6 466.7 475.3 482.4 487.8 490 493.4 497.1 498.2 498.9 498.4 498 499.3 499.6 496 492 487.5 485.2 486.3 478.8 468.5 465.7 460 455.6 450.8 447.6 443.9 441.6 441.4 435.3 429.1 423.8 420.2 414.7 409 403.5 400.5 396 395.2 395 394.9 394.3 393.4 392.4 393.2 395.4 396.2 394.6
617.3 624.3 627.8 628.7 623.6 616.3 609.5 601.2 592.2 581.6 575.7 568.5 560.1 554.2 548.9 541.9 529.5 521.9 517.6 511.8 505.9 501.6 496.5 491.5 488.1 483.7 479.4 479.7 486.8 489.9 486.7 466.7 474.3 478.7 482.4 484.6 487.1 491.3 492.4 492.5 491.8 491.2 491.3 490.4 488 484.6 481.1 481.8 476 466.7 461.9 458.3 453.4 449.5 445.7 442.1 440.2 438.4 434.6 427.7 423.5 418.8 414.8 409.3 403.7 399.8 397.9 394.9 393.6 393.4 393.3 392.9 392.4 392 394.1 395.2 394.3 391.5
607.9 616.4 621.4 622.7 616.7 610.8 604.1 597.1 587.1 578 573.1 566.1 556.8 551.1 546.4 540 527.1 518.5 513.8 508.3 502.3 498.1 495 489.9 485.6 479.5 474 484.5 480.3 474.9 473 464.3 470.3 477.6 476.1 479.5 481.8 484.9 485.7 485.9 485.2 483.8 483.1 481.1 478.9 477.9 476.8 472.7 466.3 459.4 456.6 454.1 450.4 445.2 442.1 438.5 436.1 431.9 427.5 423.5 419.8 416 408.9 403.7 401.3 397 392.1 391.7 392.2 392 391.8 391.8 392.1 391 393.9 393.1 391.7 389.4
597.5 606.8 614 615.6 613.1 607.5 600.2 591 579.8 576 571.9 562.9 555.2 549.9 545.1 536.6 524.5 517.9 510.8 505 499.7 495.6 493.7 487.4 479.9 472.8 468.8 473.6 480.1 468.4 467.1 459.5 465.4 468.7 469.1 473.1 477.1 479 479.2 479.5 479.2 479 478.3 476.1 472.2 470.7 468.8 463.3 458.5 455.7 452.7 450.5 447.8 441.3 438.7 434.6 429.5 425.3 423.1 418.7 414 409.2 403.7 400.8 397.1 393.9 388.5 383.2 388.9 390.3 390.3 390.1 390.6 390 392.5 391.8 389.1 386.5
586.8 596.4 604.7 611.1 609.3 604.3 593.7 580.2 574.8 572.9 570 562.9 556.7 549.6 541.9 531 524.2 519.3 510.8 501.6 495.6 491 487.2 482.8 475.4 468.2 465.6 465.7 466.3 465 464 457.4 465.9 466.4 464.4 468.2 472.5 473.6 473.5 474.8 474.8 473.9 470.2 464.5 463.4 462.5 459.7 457.1 455.1 452 449.2 446.4 441.3 435.1 431 426 421.7 417.1 414.2 410.2 406 402.8 399.5 397.9 395.4 389.1 384.9 383.5 379.1 386.6 388.3 389.3 391.7 391.8 389.1 385.9 385.4 382.5
575.2 586.5 593.7 599.1 597.8 590.9 581.5 575 573 572 569.9 565 555.2 546.6 535.4 531 529.3 520.4 509.1 499.5 491.4 486.3 483 476.5 472.4 467 463.9 465.6 461.1 462.1 460.3 450.8 462.6 463 459.6 462.5 465.4 464.9 463.3 468.1 469.5 467.3 463.6 458 458.1 457.1 454 451.4 448.8 446.4 443.6 439.3 433.8 427.1 420.5 414 407 406 404.8 402 398.2 396.4 395.4 393.3 390.2 388.3 390.2 388.8 387.5 383.1 378.1 387.3 392.2 392.1 389.1 384.6 380.9 380
562.9 574.8 583.2 585.8 584.8 580.6 576.3 572 571.6 571.1 570.8 567.3 550.6 539.6 533.5 532.1 528.3 518.7 507.4 498.2 488.7 483 477.6 470.7 467.7 464.4 462.1 460 456.5 455.6 454.3 448.6 458.3 458.6 455.2 456.1 458.3 458.8 454.2 458.8 459.3 458.2 455.5 451 451.5 449.4 447.5 445.6 443.3 439.9 436.6 431.8 422.4 413.4 407.2 411.5 407.9 398.9 398.9 399 397.2 397.1 394.7 393.4 392.2 392 391.1 389.4 387.8 385.3 380.9 378.9 390.5 388.9 385.7 383.3 380 377.6
550.1 561.4 570.2 573.1 574.8 571.7 568.7 570.1 572.7 575.6 573.9 565.9 544.9 537.1 531.7 526.7 520.7 515 506.3 497.4 486.7 478 470.6 467.1 464.2 461.1 464 453.2 451.8 450.6 453 444.9 453.1 454.3 453.2 446.8 450.2 450.9 450.4 451.3 450 448.9 448.1 446.1 445.9 443.9 441.4 439 436.7 433.8 426.1 415.1 407.4 418.4 417.6 413.8 410.3 406.6 404.1 401.6 399.4 397.2 397 396.4 396.2 396.5 396 395.2 391.3 387.1 384.3 371.5 370.1 368.3 371.7 378.7 377 376.2
533.2 544.8 553.7 559.9 562.3 561.2 562.9 568.4 575.3 578.6 569.6 556.8 543.6 535.8 529.5 524.4 519.4 513.1 505.4 492.9 482.6 472.3 466.2 462 456.8 464.3 449.9 451.1 449.1 445 448.4 443.1 443.4 449.3 447.3 447.3 439.6 441.8 442.3 442.8 442.7 442.7 439.6 438.3 438.8 437.7 436.1 430.6 427.3 419.8 410.1 415.5 421.4 420.8 417.4 413.4 410.3 409.4 406.9 403.8 402.2 400 400.2 400.1 399.6 399.4 398.1 396.9 393.8 391.1 390.7 390.9 381.9 381.2 365.3 366 374.6 375.3
517.8 527 539.3 547 549.1 553.6 559.7 568.1 574.8 576.8 560.8 551.4 540.9 534.4 530.9 523.7 518.1 510.8 500.6 488.6 476.9 466.8 461.8 457 451.5 451.9 449.1 451.3 445.4 441.9 439.8 439.5 437.5 437 434.4 433 432 429.7 426.5 426.2 427.2 427.6 427.5 426.6 426.9 427.3 424.8 419.9 412.4 422.1 427.1 427.7 426.2 424 418.2 414.6 412.9 412.2 409.3 406.2 404.2 403.2 403.3 403.4 403.1 402.2 400.3 398.6 395.1 392.8 391 389.2 385.9 379.2 363.9 364.9 368.7 373.3
