app/static/ascii/NH71.asc
ncols 200
nrows 200
xllcorner 270000
yllcorner 810000
cellsize 50
[rows 35 to 69 of 200, columns 78 to 155 of 200]
575.3 567.9 550.8 533.1 523.8 519.7 500.5 510 543.1 570.1 591.9 607.3 620.8 632.6 642.4 649.1 655.3 661.1 664.9 668.4 670.2 673.8 678.4 681.5 683.4 684.9 685.1 684 683.1 682.5 682.7 683.5 683.5 682.6 682.1 680.7 680.2 679.5 681.6 685 688.5 691 694.1 695.4 696.2 697.7 700.4 702.8 707 712.4 715.1 717.9 718.5 718.7 717.9 716 712.2 705.9 700.6 697 693.6 688.3 682.3 675.8 669.6 664.5 659.3 652.4 645.2 638.4 630.9 624 614.6 621.2 619.3 616.5 612.5 607.1
597.6 583.7 569.5 559.4 551.1 537.9 510.5 524 553.2 580.1 596.9 610.3 621.4 632.9 642.5 648.3 654.1 660.1 665.5 667.7 670 674.9 679 681.5 682.3 682.9 682.4 680.9 678.8 677.6 677.5 677.7 677.6 676.7 676.6 676.7 676.2 678.5 681.9 685.5 688.3 690.9 695.5 697.9 699 699.6 701.2 703.9 707.4 710.8 712.2 713.8 713.1 713.2 711.8 709.9 706.2 701.5 697 693.4 690.2 685.4 680 674.3 668.7 664.1 658.5 650.9 644.7 638.7 632.7 620 627.6 627 623.7 620.3 616 610.8
610.9 603 599.6 589.2 577.8 557.6 534.4 539.7 542.3 570.5 596.4 609.7 620.7 632.5 642 648.7 654.6 658.9 662.8 665.4 668 672.2 676 678 679.1 678.4 676.7 675.1 673.9 671.3 670.8 670.8 672 672 673.2 674 675.4 678.7 681.9 685.8 687.9 691.9 696.5 699.1 699.4 699.2 701.8 704.6 708.3 710.7 711.3 710.9 709.5 707.9 706.7 704.4 701.2 697.7 693.4 690 686.8 682.5 677.3 671.6 666.8 661.4 655.6 649.9 643.9 637.9 628.2 633.3 633.9 631.2 627.6 623.4 619.1 613.2
622.7 621.4 615.4 607.9 592.6 575.8 555.5 572.9 578.5 581.9 594.8 607.6 619.1 629.3 639.5 647.4 652.5 656.5 660.2 662.3 664.7 667.4 670.1 672 672.3 671.9 669.8 666.7 663.6 661.9 662.5 669.2 668.6 670.9 671.7 673.4 675.3 678.3 681.6 684.8 686.4 689.2 694.3 696.9 698.3 699.9 702.7 705.6 708.9 711.5 711.4 709.7 707.6 705.3 703.3 700.6 696.8 693.5 689.8 687 683.4 679.4 674.1 668.2 663.4 657.7 653 648.1 640.3 634.5 636.3 637.7 636.7 633.8 629.9 625.9 621.1 615.8
632.3 627.1 621 612.6 598.4 580.6 564.6 586.9 582.5 591.7 600.2 608.2 618 626.8 634.4 644.3 650.4 654.2 657 659 661.6 663.5 664.4 665.7 665.2 663.5 654.6 655.2 663 668.1 671.7 673.5 674.2 673.9 673.8 674.3 675.1 678.1 681.1 683 684.8 687.3 691 694 696.7 699.8 703.6 706.5 709.7 711.8 710.7 709.1 706.4 703.6 700.7 697.4 693.3 690 684.5 684.8 680.5 676.7 671 665 660.7 653.8 647.3 647.3 645.5 643.7 643 641.8 639.7 635.6 631.8 627.3 623.2 618.6
630.7 625.1 619.2 610.2 597.3 581 581.1 594.3 585.3 593.4 605.3 612.2 618.3 625.9 635.7 642.4 647.7 652.2 653.8 655.7 657.8 658.9 659.7 660.1 658.7 650.2 653.3 664.2 671.8 676.9 679.9 680.6 679.5 678 677 676.2 675.9 678 679.3 681.2 683.2 685.6 688.7 692.5 695.2 698.7 702.5 706.2 709.1 711 709.8 708.4 705.8 702.8 699.6 695.6 692.2 688.1 685.2 682 678.5 674 669 664 659.4 655.9 654.9 654 650.7 649.4 649.3 647.6 644.9 640.9 635 629.6 626 621.6
624 618.4 613 604 592.1 581.7 586.1 593.5 601.7 602.6 606.3 616.8 620.9 624.7 635.2 642.3 646.9 649.4 651.3 652.8 653.7 654.4 655.1 654.4 650.5 646.1 659.5 669.7 678.4 683.3 684.9 684.9 683.9 682.9 681.8 679.6 676.7 679.1 679.6 681.4 682.4 684.2 687.5 690.6 693.9 697.6 701.4 705.3 707.6 709 708.8 707.4 705.6 703 699.9 696.4 693 689.1 685.9 682.4 677.7 672.5 667 660.5 663.1 661.6 659.3 659 657.9 658.1 656.7 654 651.3 646.5 640.2 634.2 630 623.8
615.3 610.2 604.4 596.4 590.1 583.1 585 589.3 603.7 604.2 611.7 619.7 621.8 626.8 635.3 642.2 645.4 648.3 649.2 651.1 651.9 651.2 651.2 648.9 639.5 649.8 661.2 671.7 680.7 686.4 688 686.9 686.6 685.5 684.1 681.7 679.7 680.3 681.4 681.9 682.6 684.3 686.4 689.7 692.9 696.1 700.2 704.3 705.6 706.7 707.5 706.6 705 702.9 700.5 697.9 694.7 691.4 687.6 683.9 679.3 673.6 665.9 666.9 666.5 664.9 663.9 664.6 666.1 665.8 664 660.4 656.9 652 644 636.8 631.1 625.6
606.5 601.2 596.5 591.7 587.1 582 586.8 592.9 601.5 605.7 614 620.1 622.4 629 635.5 642.1 645.5 647.6 649.1 650.1 650.2 649 646.8 642.5 638.7 650.5 660.3 669.9 679.1 684.7 687.1 687.8 687.5 687.2 684.4 682.5 680.9 682.2 682.9 682.7 683.1 684.4 685.5 687.6 689.8 693.6 697.7 700.7 702.2 703.5 704.8 705.1 704.2 702.8 700.6 698.3 695.9 693.6 689.8 685.9 680.9 673.5 669.4 669 668 668 668.6 669 672.3 675.4 671 665.1 660.9 654.6 645 636.6 631 626.7
598.2 594 592.5 588.5 586.2 586.5 590.3 594.5 602.5 605.5 611.4 618.6 623.5 630.2 635.4 641.8 645.1 647 648.7 650 647.9 643.9 641.9 636.9 639.5 649 658.2 666.5 674.3 679.8 683.6 685.6 685.5 684.4 682.1 679.9 681 682.6 682.9 682.5 683.4 684 684.1 684.8 688.2 690.8 694.4 696.4 698.6 700.3 702.2 703.3 702.5 701.1 699.3 697.6 695.9 694.5 691.4 687.2 681.7 676.3 672.5 671.5 672.4 671.9 672.8 673.3 677.7 681.5 676.2 669.6 662.5 654.4 644.9 636.6 631.7 626.9
591.4 587.1 586.7 586.8 586.5 588.5 591.8 596.8 603.3 607 608 618.3 625.1 631.1 635.4 640.6 644.3 646 647 647.3 645.2 640.4 635.7 628.5 639.1 646.7 654.7 661.5 667.7 672.9 677.1 678.7 678.3 677.3 676.1 676 677.3 679.5 681 681.7 682.7 683.3 683.4 684.1 686.5 688.7 691.7 693.7 695.7 697.7 699.6 701.1 700.3 699.2 698.9 697.8 696.3 695.2 692.7 688.4 684.1 681.8 679.8 677.9 678.2 675.8 677 679.3 683 686.1 680.7 672.3 662.8 652.3 645.2 638.6 633.1 628.4
583.4 582.4 584.7 585.7 587.1 589.7 594.7 598.9 604 609.4 608.6 619.2 626.8 632.6 636.1 639.1 642.3 644.8 645.2 645.1 641.9 637.6 632 627.9 637.3 644.5 650.5 656.9 661.6 665.5 668.1 669.8 670 669 668.5 669.3 671.3 674.3 677.6 679.2 681.1 681.7 683.2 683.3 685.3 687.3 689.3 691.1 693.1 694.8 696.3 698.2 698.5 697.5 697.3 697 696.7 695.8 691.2 690 688.1 687.7 685.9 684 683.6 680 681 685.4 689.1 689.3 682.9 674 662.8 652.9 646 640.7 635.1 631.2
577.1 579.3 583 585.4 588.2 592 599.3 603 607.3 608.5 614.1 621.5 627.9 632.1 635.8 638 640.5 642.8 643.1 642.4 639.5 635.3 629.6 625.9 635.2 641.6 647.3 653 656.4 659.4 661.2 661.5 661.1 660.8 661.1 662.1 665.3 668.8 672.4 674.6 677.6 679.9 680.3 680.8 684.1 686.8 689 690.6 691.5 693.1 695 696.1 696 695.8 696.3 696.3 695.5 695.5 695.4 694.7 693.5 693.1 691.9 690.3 688.5 684.9 685.8 689.1 692.4 690.9 683 676.2 666.9 657.3 650.7 645.2 636.8 635
570.5 576.4 581.7 586.9 591.9 596.3 603 606.7 608.7 612.1 617.1 622.5 628 631.4 634.2 636.6 639 640.2 640.4 639.7 637.2 633 629.2 619.5 632.9 639.1 644.6 648.7 650.5 651.8 654.1 654.1 654 654.5 655.3 657.1 660.3 664.1 667.3 670.7 674 674.8 674.4 681 685.2 688.2 689.3 690.5 691.5 692.1 693.8 693.9 695.4 695.5 696 695.9 696.8 697.6 698.4 698.6 698.2 697.5 696.6 694.9 692.6 688.9 691 693.1 693.6 691.2 685.8 680.8 671.8 663.9 658.3 650.9 639.2 639.8
567.8 576.2 583.1 588.6 594.1 599.5 604.6 608.5 611.9 616.7 619.6 623.4 626.9 629.9 632.5 635 636.3 637.4 637.6 637 634.8 631.1 627.4 616.3 628.9 635.4 639.2 642.3 644.1 645.8 646.6 648.5 648.3 649.3 650.2 652.4 655.6 658.9 661.5 664.1 666.7 666.6 675.7 681.8 685.4 688.6 691 692 692.1 693 693.4 695.1 695.6 695.9 696.7 697.2 698.4 699.8 701 701.5 701.4 700.9 700.4 698.7 696 693 693.6 694.8 694.6 691.8 687.6 683.7 676.4 670.6 664.1 652.7 641.5 643.7
569.4 578.4 584.8 590.2 595.4 600.8 606.1 610 614.4 617.1 619.5 621.4 623.9 628.4 630.9 632.5 633.6 634.2 634 633.3 631.2 628 624.7 618.9 624.7 630.8 634.9 637.7 639.1 640.4 640.6 642 643.2 644.1 645 647 649.5 652.3 654.9 657.2 659.9 668.9 675.8 681.4 685.2 688.3 690.9 692.4 693.2 694.4 694.8 695.9 696.4 696.7 697.7 699 700.3 702.1 703.7 704 704.4 704.1 703.7 701.9 699.5 697.1 696.8 696.9 694.8 692.4 689.2 686 681.2 675.5 667.8 654.2 642.7 647.9
575 582.6 587.7 591.4 596.1 601.6 606.2 610.1 614.1 616.8 618.8 621 623.3 625.9 628.6 629.8 630.4 630.5 630.6 629.6 627.3 625.1 622.7 619 613.5 625.7 630.3 633 634.3 634.6 635 635.9 637.3 638.4 639.7 641.7 642.4 645.2 646.5 651.1 660.6 667.5 674 678.9 682.8 686.3 689.6 692.8 694.2 695.6 696.2 697.3 698.3 699.7 700.3 701.4 702.7 704.6 705.9 706.5 706.8 707.2 706.1 703.9 701.8 699.8 699.1 697.9 695.5 692.8 689.5 686.6 682.2 676.1 668.2 650 644.2 650.5
579.7 585.9 590.9 593.9 597.5 601.2 604.9 608.2 611.7 614.7 617.3 619.3 621.4 623.6 625.7 626.4 627 627.6 628.3 627.1 624.8 622.7 620.4 617.5 606.9 618.7 626 628.7 629.5 629.6 630.1 631 632.2 632.9 633.6 634.5 635.6 635.7 640.5 651.2 658.5 665.2 670.3 675.4 679.5 683.2 686.8 690.8 694.3 696.1 697.8 699.3 701.4 702.8 703.7 704.8 705.4 706.2 708 708.7 709.2 709.4 707.3 705.2 703 701 700.1 697.8 694.2 690.9 687.1 683.1 677.9 672.6 662.3 645.3 645.1 649.4
582.2 586.8 589.6 592.7 596 598.9 602.6 605.9 608.8 611.6 614.9 617 619.2 621.5 622.9 623.6 625.4 625.7 625.8 625.2 622.2 620.2 617.9 614.5 609 611.4 620.1 623.7 624.6 624.7 624.7 625.4 625.6 625.5 625 627.9 629.8 628.3 642.1 649.4 655.4 661.2 666.1 670.4 674.4 678.1 682.2 687.1 692.1 695.5 697.8 701.5 704.1 705.6 705.7 706.2 706.9 708.2 710.1 710.5 711.1 710.8 708.4 706.2 703.9 702 700.1 695.5 691 687.2 682.6 677.4 669.7 662.2 653.1 643.7 643.3 646
580.1 583.4 586.1 589.7 590.3 594 599.4 602.3 606.2 608.3 613 612.7 615 619.1 620.6 622.4 624.3 625.4 625 623.7 621.1 618.2 614.3 609.7 601.9 610.8 616.3 618.2 620 619.1 618.3 617.3 616.3 615 614.1 615.6 620.9 628.9 641.1 646.9 651.5 656.3 660.6 664.8 669.3 672.8 676.9 682.4 687.7 692.2 696.5 701.8 705.7 706.7 707.2 707.5 708.7 709.3 711.8 712.5 712.2 710.5 708.3 706 704.3 702 698.1 692.9 687.6 680.6 674.1 668.5 661 651.6 646.4 641 638.4 639.7
571.7 575.9 572.5 579.8 588.1 594.5 599.7 603.8 607.1 610.2 614.2 616.8 618.8 619.8 621.2 623.2 624.5 625.4 624.5 621.4 618.1 614.6 610.1 605 600 610.3 614 614.7 615.6 613.9 611.3 610.4 609.2 615 620.2 624.5 624.1 628.6 638.4 644.1 648.2 651.9 656.6 661.2 664.5 668.4 672.3 677.4 682.8 688.3 693.7 699.3 704.8 706.2 706.8 707.1 707.9 709.6 711.5 712.1 710.9 709.5 707.8 705.7 703.5 700.4 695.6 689.1 680.6 671.9 664.1 657.5 649.4 644.6 641.7 637.2 632.2 633.3
552.6 566.9 576.1 584.4 589.6 595.2 600.4 604.9 609.2 613.2 617.7 619.3 621.4 623.1 623.9 625.4 625.9 626 623.9 619.9 615.9 612.5 606.8 598.3 604.8 610 611.2 611.7 610.5 604.8 601.2 603.9 617.8 622.4 626.5 630.8 631.5 631.5 629.9 640.4 645.6 648.4 652.9 657 660.4 664.5 668.2 673 678.5 684.3 690.4 696.2 701.4 703.4 704.2 704.8 705.1 707.3 709.9 710 708.7 707.2 705.5 704.1 701.6 697.3 691.8 681.5 671.4 663.5 655.5 646.8 640.2 637.6 635.6 632.7 629.3 627.9
559.8 569.9 578 584.7 590.5 596.4 601.7 605.9 612 617.4 620.7 621.9 623.4 625.1 626.3 626.9 627.4 625.4 622.4 617.9 614.1 610.1 602.4 588.2 603.8 607.3 608.4 608.1 604.3 606.3 610.7 617.9 623.2 627.7 631.6 635.1 636.9 638.5 638.2 635.1 641.4 646.8 650.4 655.2 658.1 661.6 665.2 669.1 674.4 680.3 686.3 692.2 696.8 698.5 699.7 701 702.2 704.1 705.6 706 705.5 704.7 703.1 701.5 697.5 692.9 684.4 673.3 664.6 656.6 646.3 640.5 639 635.8 630.8 628.4 615.2 619.1
560.2 569.8 579 586.4 593.3 598.8 603.5 609.6 615.1 619.8 622.8 624.4 625.7 626.6 627.1 627.1 626 623.6 620.2 615.9 612.2 604.2 596.6 587.5 601.4 604.5 604.8 603 596.7 610.2 617.4 623.5 630.1 635.4 638.9 641.1 643.3 644.1 644.1 643.9 638.3 644.6 648.6 652.4 655.8 659.7 663.3 666.4 670.4 676.2 682 687.5 691 692.4 693.6 695.1 697.4 699.3 700.8 702 701.5 701 699.8 697.6 692.8 685.9 674.8 664.7 658.9 649.6 644 642.4 641.3 637.3 640 626.1 611.6 609.2
562.1 570.9 581.3 590.4 596.6 601.6 606.4 612 617.5 621.8 625.4 626.8 627.9 628.2 628 626.6 624.6 621.6 618.1 614.4 609.8 602 593.1 587.1 598.5 600.3 600 591.8 606.9 615.6 623 629.6 635.7 641.1 644.1 647.2 650.1 650.1 648.5 647.9 647.7 645.6 646.1 650.3 655.4 659.1 661.7 664.6 667.5 671.6 677 681.6 684 685.9 687.6 690.2 692.3 694.5 696 697.5 697.3 696.9 695.1 691.8 685.9 673.3 664.7 658 649.7 645.6 643.1 640.4 632.3 626.5 621.8 621.4 625.2 623.2
564.5 574.8 585.6 592.4 598.8 604 609.3 614.7 619.7 623.5 626.7 629.1 629.9 629.9 628.4 625.7 623.2 619.6 616.2 612 606.4 599.1 590.3 585.3 592.7 592.8 585.4 600.6 614.7 622 628.2 634.1 641.1 646.8 649.7 653 654 653.2 652.1 651.7 652 651.5 651.3 651.2 654.3 657.8 660.3 662.9 665.4 668.8 672.3 676.2 679.1 681 683 685.6 687.8 690.1 691.3 692.8 693 691.9 689 684.3 677.4 661.8 656.8 652.1 648.7 646.1 643.3 642.6 641.1 646.7 647.1 638.2 635.2 632.5
570 581.5 587.6 594 600.3 605.8 610.9 616 620.7 624.9 627.6 629.7 631.4 631 628.9 625.2 621.5 618.4 614.4 608.7 602.6 594.3 576.2 579.4 581.7 592.6 605.5 612.9 621.8 626.5 632.5 638.5 645.5 651.7 655.3 656.9 656.9 655.8 655.6 655.2 654.7 653.4 653.7 655.3 655.5 655.3 658.3 661 663.3 665.7 668.6 671.8 675.2 677 679 681.9 683.4 685.7 686.9 688.1 688.6 686.9 676.5 671 664.8 656 653.9 651.5 648.8 646 639 642.3 654 655.2 650.6 645.1 642.7 639.6
577.6 585.3 588.5 593.6 600.4 604.3 608.6 614.6 620.5 624.8 627.8 630.5 632.2 632.3 631.1 627.2 621.8 617.1 611.4 604.9 597 585 572.9 588 597.5 605.1 610.7 617.3 622.5 626.1 635.3 642.9 649.7 656.1 659.1 660.1 659.8 658.8 658.4 658.1 656.8 654.4 655.5 657.1 657.2 655.8 655.9 659.5 661.4 663.9 666.5 669 672 673.7 676.5 679.4 680.5 681.8 681.6 681.3 679.4 670 657.9 655.8 654.8 655.6 654.2 652 650 645.7 647.5 658.3 660.4 659.4 654.4 651.4 649.5 646
583.4 585.3 587.2 589.3 591.4 595.4 601.1 609.2 617.2 623 626.6 629.7 632.8 633.1 633.3 628.7 622.4 614.9 608.7 600.8 591.3 577.3 577.8 592.3 600.8 608.3 614.6 620.4 626 630 636.6 646.1 653.4 659.9 663 662.9 662.8 662 661.2 660.1 659 657.5 658.6 659.1 657.8 656.3 657.1 658.9 660.2 662.1 664.1 667 669.8 672.6 675.3 677.9 680.4 682 685.1 687.7 688.3 683.7 670 656.2 656.5 655.2 653.2 648.7 650.9 655.9 661.1 664.5 665.7 664.5 660.1 658.3 655.7 652.1
580.2 579.6 572 565.3 564.6 572.8 583.5 596.6 607.4 617.2 622 628.3 631.1 633.3 633.5 628.8 621.6 613.8 604.7 595.4 581.2 563.6 582 593.5 602.1 610.2 617.4 623.8 628.4 631.4 637.9 649.1 656.8 663.1 666.5 666.5 665.1 664 663.9 662.4 661.3 660.2 660.7 662.5 659.5 658.8 659.7 660.2 660.4 662 664.4 666 668.7 672.2 675 677.9 681.8 685.9 688.6 691 690.4 687.1 681 673.4 660.4 656.2 655.6 656.1 657.7 662.1 668.5 671.7 671.9 669.7 666.1 664 661 656.5
573.5 561.4 543.6 530.8 531.9 542.5 556.5 572 585.4 604.1 617.4 624 627.5 629.8 630.5 626.3 619.4 610.2 599.4 587 570.2 563.7 582.6 593.9 603.6 611.6 618.9 626.2 631.1 636.4 644.2 652.5 659.4 665.1 668.6 669 668 667 666.5 665 663.6 663.4 663.7 663.5 662.7 662.5 662.3 662.2 662.1 662.9 664.1 665.4 666.9 671.4 675.6 680.2 684.5 687.8 690.6 693.1 692.2 689 683.4 676.9 670.2 664.9 659 661.3 663.1 666.9 675.3 677.7 676.9 674.4 671.1 668.3 665.3 660.3
558.1 539.7 516.5 487.7 495.4 508.4 525.7 537.2 557.2 582.5 605.5 617.5 621.4 623.8 624.5 621 615 606.5 594 578.5 557.5 569.7 585.6 595.1 604.5 612.9 620.2 628.2 634.7 642 647.7 654.4 661.1 666.1 670 671.3 670.8 670.5 669.6 667.8 666.1 666 666.1 665.7 665.2 664.8 664.6 664.1 664 664.2 665.6 666.7 668.6 672.8 676.4 681.1 685.9 689.5 692.6 695.1 694.9 689.8 684.3 678.7 672.7 665.4 665.4 666.9 669 674.3 680 681.9 680.4 678.4 675.4 672.6 668.3 663
535.7 516.3 489.9 501.8 517.7 516.5 511 508.8 532.1 561.5 588 608 614.9 617.8 617.7 614.8 608.7 600.6 586.4 570.8 554.4 572.9 587.4 596.6 605.6 614.2 621.6 630.3 637.7 643.7 649.2 655.6 662.4 667.2 671.1 672.7 674 674 673.6 671.6 669.5 668.4 668.3 668.2 667.7 667.2 666.9 666.1 665.9 665.7 666.5 668.1 670.1 673.6 677 681.9 686.7 690.4 694 696.6 694.7 690.2 684.9 679.7 674.3 669.5 671.4 673.1 675.1 680.3 683.5 684.2 682.9 681.4 678 674.2 669.2 663.8
514 491.6 492.4 514.1 528.3 539 538 527.3 512.7 544.8 575.5 599 609.2 612.4 611.4 608.3 601.6 592.7 577.1 552.2 558.5 576.3 589.1 598.7 607.4 615.3 623.1 632.6 639.2 645 650.5 656.9 663.3 668.1 672.6 675.2 677.1 678.5 678.4 677.7 676.4 674.8 673.7 673.2 672.1 671.1 669.8 668.7 668 668 668.2 669.6 671.6 674.1 677.8 682.7 687.5 691.5 694.4 695 693.4 689.6 685.1 680.3 674.9 676.1 677.3 679.1 681.4 683 685.2 683.9 682.1 680.2 676.9 672.6 668 662.1
487.2 478.7 503.5 523.4 539.8 551.3 555.5 542.6 507.2 533 561.7 586 598.9 603.2 602.2 598.1 591 580.9 565.9 550.5 567.6 583.2 585.8 601.4 608.4 615.4 623.3 632.5 639 645.5 651.6 658 663.8 669.5 674.6 677.7 681.3 682.9 683.7 683.6 683.4 683.3 681.5 679.8 678.5 676.4 674.2 672.8 670.9 671 670.4 671.2 673 675.5 679 683.1 687.4 691.7 693.5 692.7 691.4 688.3 684.3 679.6 680.8 681.5 683.2 684.5 686.3 686.7 684.3 681.8 678.5 677.1 674 668.6 664.5 661.4
