app/static/ascii/NH72.asc
ncols 200
nrows 200
xllcorner 270000
yllcorner 820000
cellsize 50
[rows 140 to 174 of 200, columns 78 to 155 of 200]
387.3 391.7 398.1 411.8 424 433.4 441.9 447.4 451.2 452.9 451.2 443 432.3 413.8 395.6 377.2 362 353.9 348.4 346.5 343.8 342.2 339.6 338.6 337.1 348.7 367 387.6 405.6 419.3 430.8 436.7 435.9 438.1 436.6 434.7 433.8 432.6 431.8 430.5 432.8 439.5 450.4 460.3 472.8 488.7 493.8 497.8 499.3 494 480.9 473.8 470.7 463.7 461.2 459.3 461.1 463.3 461.7 463.2 458.8 457.5 459.1 460 469.6 479.8 492.7 503.5 511.5 508 504.4 494.2 481.6 467.9 455.6 445.9 438.9 459.3
370.4 369.1 376.1 389.7 404.5 413.8 421 427.2 430.7 431.5 431.3 427.5 418.3 402 384.4 366.3 357.4 349.6 345.2 346.9 341 340.4 340.1 338.1 339.5 351.8 372.4 392.4 410.5 425.2 440 445.5 446.4 447.2 444.5 442.4 442.3 441.2 438.9 435.9 437 443.3 454.2 464.3 481.3 497.6 502.2 504.7 505.3 498.7 488.3 480.9 475.1 468.7 466.2 466.3 468.4 471.1 468.1 469.8 467.5 463.1 464.8 461.3 471.5 485.7 496.2 508.6 513.1 510.4 507.1 500.8 488.1 474.8 463 451.9 437.3 458.2
369 369 363.5 367.9 381.2 391.7 400.2 408.1 409.4 411.2 411.6 409.6 403.9 389.2 371.5 363 355.5 348.3 343.6 341.6 340.5 340.9 338.4 340.1 341.8 352.9 375.2 395.8 414.1 430.6 447.2 454.2 454.7 456.4 451.5 447.7 448.3 447.8 444.3 442.6 443.7 449.6 460.3 472.9 488.3 501.6 506.9 510.6 509.2 502.1 494.2 483.7 477 473.1 472 473.8 474.1 476.8 478 476.2 470.9 468 467.9 466.4 472.2 489.3 498.4 508.8 514.6 512.5 509.3 505.9 495.2 481.7 469.3 458.1 441.6 452.7
380.7 377.1 373.2 366.2 363.2 371.1 378 384.6 388.2 390.5 391.5 393.5 389.7 380.7 367.7 361.2 351.2 343.5 343.2 342 345.5 338.6 340.6 340.5 340.2 349.9 375.8 396 415.7 432.2 446.7 461.4 462.8 460.6 457.2 454.6 453.9 453.3 452.2 449.4 450.4 456.4 469.3 480.1 492.1 501.7 509.8 514.4 513 505.5 494.9 485.8 482 477.4 475.1 477.1 481.2 482.9 489.6 485.6 480.1 474.1 472.6 470.8 476.9 490.4 502.8 509.9 515.3 514.4 511.3 507.8 499.9 487.4 475.3 465.3 455.5 445.2
378.6 382 382.1 377.1 368.2 361.3 363.2 369.3 372.9 374.4 376.6 378.9 377.2 370.7 362.8 354.3 347.8 345.5 343.4 342.9 345.3 338.6 340.8 340.7 340.6 344.8 370.4 394.7 415.9 432.3 448.6 465.4 470.7 470.7 465.1 461.1 459.7 460.1 458 457.2 458.3 463.5 474.9 484.2 492.5 498.8 511 515.6 512.3 503.1 491.7 488.8 485.1 480.1 478.2 485.2 489.7 492.3 497.9 492.5 489.1 485.1 480.8 478.1 485.5 494.8 505.2 511.2 515.9 516.7 511.6 508.9 502.3 492.3 481.8 472.4 463.7 450
382 385.5 387.5 386.3 378.9 366.9 359.9 362.4 366.9 366.4 367.5 368.1 365.4 361.4 358.1 350.8 346.9 345.2 343.5 347.5 345.4 338.8 341.1 340.9 340.7 342.3 366.7 390.1 411.3 431.1 450 471.9 481 479.3 469.8 464.9 465.5 465.5 463.8 465.2 466.6 471.6 479.9 486.9 496.6 500.4 503.3 497.8 504.7 504.7 498.4 490.5 485.2 481 481.5 492.7 499.8 500.9 507.3 502.2 501.4 498.1 492.4 483.7 492 499.5 505.7 512.9 516.8 517.3 517.3 512.1 504.4 495.6 486.2 477.5 470 461.1
389.7 390.9 389.8 388.8 385.6 379 361.1 356.5 362.2 363.7 361.4 360 351.9 349.1 348.7 347.3 346.5 345.2 347.5 348.6 341.4 339.1 341.6 341.4 341.2 341 359.3 381.4 402.8 427.3 455.7 477.4 486.9 484.2 474.8 471.2 472.3 470.8 471.2 472.5 474.2 479 486.7 492 500.3 505.1 512.9 514.8 506.3 491.8 497.5 486.6 482.7 484.1 490 499 504.5 508.3 510.8 510.2 508.5 506.3 502.3 494.7 499.8 504.4 510.9 516.1 519.2 521.8 519.3 514.5 507 498.9 490.3 481.1 474.6 468.7
402 400.9 398.1 393.9 390.5 387.2 377.5 364.4 355 359.3 359.1 358.6 351.4 352.5 350.7 347 348.1 348.1 351.2 351 342.4 341.3 341.2 341.3 341.2 341.3 352.3 370.5 395.5 423.9 453.5 478.7 488.1 483.6 479.9 479.5 478.5 477.2 478 479.1 482.2 487.4 493.8 499.1 505.1 510.5 515.1 514.5 511.2 511.9 509.6 505.4 504.3 499.6 498.6 506 509.9 515.1 517.3 518.1 515.2 512 509 504.3 508.9 511.9 516.2 519.5 522.5 521.5 518.3 515 509.1 501.2 493.7 485.9 478.1 470
418.8 416.3 410.2 401.9 395 391.3 387.6 384 371.4 356.6 357.5 355.2 352.6 353.6 350.5 350.3 351.1 352.8 354.2 354.1 339.2 341.8 341.8 342.3 342 342.9 351.5 366.9 390.7 421 449.6 474.3 483.9 484.6 486.9 487.8 484.1 483.4 484.7 486.1 489.8 494 500.1 505.1 509.4 512.8 513 516.7 519.5 517.8 513.2 516.2 516.6 509.9 509.9 510.7 516.4 519.8 522 522.1 519.3 516.7 510.9 510.4 512.6 517.2 521.1 521.7 523.3 520.7 517.8 516 510.3 504.9 497.6 490 481.1 469
439.6 433.5 422.7 413.5 407.6 402.6 395.6 390.1 383.4 372.3 363.5 353.8 353.7 356.8 356.9 353 354 355.7 354.8 352.5 339.5 342.2 342.3 342.6 343 345.9 350.4 365.8 391.7 419.4 442.4 467.2 478.6 487 490 492.7 489 488.1 490 492.7 497.5 502.2 506.4 511 517.8 521.9 523.5 521.2 516.7 517.7 520.6 522.7 522 518.4 517.1 517.2 518.7 519.8 520.6 522.6 518.8 514 514.3 516.2 518.9 523.1 526.7 528.3 527.9 525.1 520.9 517.4 512.2 506.3 499.1 491.7 480 462.6
454.5 446.1 438.6 430.4 426.3 421 410.8 403 395.9 385.2 378.8 370 364.7 361.1 356.3 355.1 356.4 355.9 355.6 339.8 341.9 342.2 342.5 342.9 344.7 348.1 355 365.7 387.2 408.4 431.7 453.2 474.9 486.8 491.4 494.4 493.9 495.4 497.9 499.2 503.6 508.8 514.1 520.6 527.4 533.9 535.5 533.3 525.1 524.2 527.3 527.6 527.6 523.3 521.4 521.7 522 523.1 522.8 520.2 519.1 515.3 519.3 521.8 523.7 527.6 529.9 531.8 532.4 527.5 522.6 518.3 513.4 506.9 500.6 492.3 481.6 468
472 467.9 463.4 453.2 446.9 438.3 425.5 416.4 410.3 402.2 390.4 382.7 372 365.3 360.3 361.5 362.7 358.1 355.8 339.7 342.3 342.4 342.6 342.9 345.5 349 356.4 366.7 382 396.7 418.7 442 466.7 485.2 491.1 494.5 499.1 500.9 503.4 505.6 508.2 513.5 522.9 532.7 537.7 546.4 548.2 546.3 540.2 535.2 533.4 533.7 533.6 528.6 526.5 527.9 529.4 529.5 527.5 525.6 523.7 520.2 522.6 525.4 528.3 530.1 533 534.6 533.5 529.5 524.6 519.4 514.3 506.8 499.7 491.3 478.3 482.5
496 493.8 485.2 476.4 468.7 455.9 444.5 435.5 426.5 419 408 396 383.6 374.6 373.7 374.4 371.1 365.7 349 342 342.4 342.6 342.8 343.1 346.1 349.7 357.7 369.1 388.1 415.1 430.3 431.9 455.1 479 487.1 493.4 498.8 503.6 507.4 509 511 518.5 532.1 542.7 550.9 558.4 559.3 555.1 549.8 543.8 541.2 540 538.3 536.1 533.7 533.6 533 531.4 529.4 527.3 525.6 525.5 526.2 528.8 530.3 531.9 535.1 535.6 533.7 529.5 525 520.4 514.7 506.9 497.7 488.3 481.5 490.3
508.2 518.2 503.3 496.9 488.2 476.4 462.9 450.7 440.5 433.9 422.8 409.1 393.6 389.9 386.5 384 374.4 363.5 343.9 342.3 342.4 342.6 342.8 343.7 346.2 350.8 364.2 377.6 399.2 420.8 441.7 458.7 462.8 470 483.3 493.2 499.5 504.2 510.5 512 518.2 524.8 539 551.8 560.9 567.8 565.7 562.2 554.9 550.8 548.2 545 542.3 539.1 536.8 534.4 534.2 533.3 531.3 529.5 528.7 529.9 530.3 530.6 531.5 533.3 535.5 534.7 531.2 528.8 525.4 519.7 514.2 505.1 491.8 481.4 493.9 497.4
504 519.2 518.9 513.3 504.7 492 478.8 467.7 459.9 447.6 434.5 423.5 418 410.8 401.7 389 371.3 360.9 342.1 340.4 342.6 342.7 343.6 344.4 346.9 360.1 373.5 393.4 419.4 436.6 447.6 463.3 472.4 476.9 481.9 493.6 499.9 506 511.7 515.1 519.9 530.5 545.2 558.5 569.6 574.6 570.9 565.7 559.6 556.7 554.4 550.5 545.8 543.9 539.3 537.9 537.5 535.6 534.6 533.2 532.3 531.6 531.8 532.1 532.2 533.1 534.5 531 527.9 526.1 522.2 519.3 514.2 504.3 484.8 495.4 499.8 504.9
490 507.3 521 522.9 514.9 503.9 493.6 483.6 472.5 461.8 451.8 443.7 437.3 427.3 411.2 394.6 373.5 360.6 342.4 341.2 343.6 343.4 344.4 346.3 354 372.8 388.3 410.9 437.5 458.1 464.9 469.6 476.2 483.2 488.4 493.9 501.4 509.4 515.7 519.2 522.8 540.1 551.9 566.2 574.6 576.7 573.8 568.3 563.9 561.2 557.9 551.4 548.2 546.8 544.5 544.8 544.3 542.7 540.1 537.6 535.8 535.2 534.1 533.1 532.9 532 530.7 528.9 526.2 523.5 520.8 517.1 514.1 497.6 498.3 501.9 507.5 511.9
473.4 489.2 505.5 515.9 521.3 514 506.3 493.8 483.5 475.2 466.2 458.6 449.3 433.6 418.1 400.9 375.3 355.8 343.7 343.5 341.7 344.1 344.6 345.9 364 382 404 430.7 455.7 473.8 477.5 481 486 490.6 494.9 497.9 505.2 512.3 519.7 524.2 530.6 545.8 558.3 570.9 575.2 575.6 573 568.9 566.3 563.6 556.2 549.8 551.4 552.4 551.6 550.2 548.9 546.9 544.4 542.1 540.5 540.4 539.3 536.3 533.4 532.3 530.9 532.5 529.3 526.9 522.6 517.4 511.2 495 507.2 511.3 512.7 512.3
457.8 472.9 489 504.9 517.6 520.7 515.1 506.4 495.8 488.1 481.8 470.9 458.4 446.1 423.4 396.8 371.9 348.8 343 342.5 342 344 344.5 356.4 374.1 396.8 422.1 448.1 476.9 486.6 489.3 494.3 497.1 500.4 503.1 505.1 509.6 516.3 523.5 529 537.7 553.1 564.3 576.5 580.4 580.6 579.4 572.4 566 563.1 558.2 556.3 560.8 560.1 556.5 554.9 553.1 550.5 548.4 546.8 545.5 544.7 543.7 540.7 537 534.2 533.5 534.5 531.4 528.2 522.8 517.7 511.3 500.8 514.2 517.7 519 518.4
444 459 474 491.9 507.5 520.9 518.2 517.6 510.7 500.6 491.9 478.3 463.2 448.1 421.9 392 368.7 346.4 343.5 343.4 342.9 343.3 348.6 363.6 387.1 414 442.7 477.4 497.7 500.9 502.6 508.6 511.4 512 515 515.6 513.8 521.4 527.2 537 545.1 560.5 572.1 581.9 587.1 589.1 589.2 584.4 579.6 576.8 574.2 571.6 569.3 566.7 562.4 559.5 556.6 553.9 553.2 550.6 548.6 547.1 546.9 543.5 540.5 537.9 536.8 536.8 532.7 527.5 522.6 517.6 507.4 501.8 516.6 523.1 524.8 522.5
433.2 447.9 462.9 478.3 495.6 511.8 522.7 525.1 517.3 510.6 501.5 486.4 472.2 452.2 420.2 392.7 369.6 346.3 344.1 344 343.8 343.7 352.1 373.5 399.6 428.7 459.2 496.3 513.9 518.4 516.2 521.2 524.3 521.3 522.2 523 523.6 526.9 535.2 545.8 554 567.1 577 587.2 596 600.4 601.5 597.8 592.8 589.5 586.1 581.7 578.7 574.2 569.9 565.9 561.4 559.2 558 555.3 550.5 547.1 546 545.5 543.5 540.2 539 537.1 532.8 527.8 520.8 520.6 515.9 506.6 519.6 528.5 530.1 526.2
424.5 437.6 452.2 466.8 484.3 504 522 528.3 523.6 521.2 509.7 497 475.3 450.5 418.9 389.1 365.6 344.9 344.4 343.5 342.2 345 361 385 413.4 443.3 475.6 510.2 526.4 529 531.6 537.8 538.4 531.7 531.4 532 534 531.6 540 551.4 562.1 573.1 580.7 594.1 606.5 612.6 613.2 610.7 606.2 602.2 597.1 592.1 588 584 579.8 575.6 570.5 566.9 563.9 559.2 552.5 545.6 544.7 539.4 544.2 540.5 538.6 534.9 531.7 525 528.5 526.7 520 509 519.6 531.1 534.2 528.8
415.5 429.7 442.9 457.8 475 496.3 515 525.8 528 524 513.7 498 478.1 450.2 416.2 385.6 360.5 345 344.3 343.5 342.6 348.2 368.2 397.3 427.9 459.2 495.7 528.5 540.9 542.3 550.3 556.8 556.3 545.1 543.2 547.4 547.2 542.6 544.4 560.3 569.4 577.6 586.4 604.8 616.3 622.7 623.7 621.3 617.6 613.4 608.4 601.9 596.3 592.6 587.6 581.9 578.3 574.8 569.4 563.5 550.7 543.4 543.2 541.9 536.6 534.3 532.6 534.1 534.2 534.8 533.5 530.2 525.7 512.5 520.5 529.2 535.5 529.5
409.3 422.4 435.3 451.2 469.3 488 506.6 521.5 527.4 524.6 515.1 500.2 477.5 444.5 411.3 379.7 355.7 345.1 344.2 343.5 342.7 352.4 378.4 409.6 441.8 479.9 519.7 549.6 558.6 564.1 566.6 571.2 570.8 557.3 558.1 559.3 558 557.2 551.5 567.7 575.7 583.6 594.9 612.2 623.9 632.1 632.4 631.4 627.5 623.2 617.9 611.6 606.2 601.2 595.4 589.5 584.2 578.2 572 562.1 559.1 553.6 549 544.8 541.4 543.4 540.7 539.9 540.9 539.1 538.1 535.1 529.5 517.1 523.5 526.7 533.8 527.2
405 416.7 428.9 444.9 462.4 481.2 501 515.2 524.8 522.6 512.8 496.3 472.9 439.8 409.4 374.3 351.5 345.7 344.4 343.6 343.4 363.4 391.3 421.7 455.1 493.7 540.3 565.6 575.1 576.9 578.2 583.1 581.2 568.8 568.6 567.9 566.9 566.7 559.5 574.6 581.9 590.3 600.8 615.9 629 637.4 639 638.3 634.4 631 625.6 619.4 614.1 608.3 602.3 594.8 587.5 580.3 570.1 567.2 561.4 556.6 552.6 548.5 544.1 546.8 546.1 544.9 543.2 541.6 540.2 537.5 531.9 523.9 524.8 527.3 528 527.5
401.2 412.1 422.4 436.1 454.2 472.6 492.1 506 512.9 513.5 507.4 492.1 469.9 439 407 372 347.4 345.1 345.2 343.8 346.7 375 404.1 436.1 470.6 507.5 554.3 579.2 586.8 588.2 589.1 593.2 589 578.7 576.4 575.6 574.6 574.1 566.1 580 587.1 595.3 604.4 618.4 631.4 639.8 643.6 643.8 640.4 636.1 631.3 624.9 619.8 613.6 605.1 595.5 586.8 578.2 572.4 567.7 561.4 556.6 553.6 551.5 547.6 549.1 547.6 545.9 544.2 542.9 541.5 538.2 532.8 525.5 528.6 529 530.7 539.2
396.4 405.9 416 425.2 442.4 462.2 479.8 492.2 498.5 499.4 493.8 480.2 455.6 427.3 393.4 366.9 345.6 344.8 344.7 345.3 356.5 386.7 416.2 447.4 480.8 520.8 564 590.1 595 596 597.5 602 594.3 585.5 582.9 582.4 581.4 578.8 572.8 585.1 592.3 599.9 607.1 618 631.1 639.7 644.7 646.9 644.1 639.8 634.6 628.6 622.6 614.7 604.5 594.1 584.3 575.6 570.3 564 559.8 557.2 554.5 552.7 550.2 550.7 549.7 547.5 545.9 544.7 541.5 538.6 535.1 530.3 532.1 532.8 538.2 545
387.7 400.2 409.4 417.2 424.7 443.1 460.5 475.2 480.9 481.4 476 462.2 438 407.9 379.8 356.7 345.8 345.4 345.8 346.8 362.7 395.8 427.7 458.5 491.9 526.9 572.4 595.6 600.9 603.2 604.3 604.1 597.4 590.9 588.4 586.3 585.5 582.2 578.1 590.4 597.2 602.7 609.4 616.7 628.6 635.7 642.4 645.9 645.2 641.1 636 628.9 619.5 612 602.9 587.8 574.6 567.9 564.4 561.5 559.7 557.6 555.3 551.9 553.3 552.6 551.6 550.9 548.4 544.7 542 539.3 535.2 536 537.4 538.9 544.7 553.1
385.8 389.6 401 408.8 415.3 421.3 435.1 450.1 456.3 460.4 457.6 441.6 414.8 390.2 366.5 345.3 346.1 347.9 347.4 348.3 375.6 407.5 440.5 475.9 507.3 548.9 584.3 602.8 608 608.8 606.6 603.5 598.4 593.4 591.6 590.8 589.4 584.1 587.3 595 600.6 605.1 610.4 616.4 625 632.4 637.5 641.4 640.9 640 634.8 625.8 610.4 607.5 592.5 573.8 570.8 567.8 563.5 559.9 557.5 556.6 556.3 556 555.3 554.2 553.4 552.9 550.7 546.6 542.8 539.3 533.9 540.1 543 546.8 553.4 561.4
390.2 385.5 391 402 409.5 414.9 420.6 431 436.3 440.7 437.6 419.4 394.4 371.8 345.4 347 350.5 351.4 350.7 360.8 389.6 419.9 454.2 492.9 523.7 565.2 597.9 608.6 613 610.3 606.2 602.2 598.2 595.6 593 592.1 590.7 586.5 587.3 596.6 602.8 606 609.5 615.6 621.5 627.8 632.5 635.7 636.7 634.9 627.7 606.2 588.8 589.6 576.9 580.8 583.3 569.7 566.9 563.8 561.4 561.4 559.3 558.8 558.3 557 555.1 555.1 553 549.6 544.9 538.6 541.4 545.9 550.8 555.9 561.7 569.8
395.3 391.8 384.2 391.2 402.1 408.6 413.5 419.2 426.4 427 416.2 399.4 376.9 349 347.1 349.8 355 355.9 357.6 374.4 400.4 436.5 483.3 504.3 531.9 564.7 593.3 608.7 612.3 608.9 604 601.5 598.2 595.9 593.7 591.2 590.1 588.9 586.9 596.1 601.3 605.2 608.6 614 618.4 622.4 626.9 629.1 628.3 623.1 607.2 595.3 599.1 588.1 593.6 596.2 589.5 577.9 574.7 572.7 570.5 568.3 565.8 564.9 563.7 562.2 557.9 556.7 554.8 552 545.2 545 545.5 551.2 558.8 562.9 568.9 578.2
396.8 394.1 388.2 384.6 393.9 399.5 404.9 408 408.4 405.3 393.7 378.1 361 345.6 348.2 352.4 358.4 360.8 366.7 384 412.5 441.9 478.2 492.8 513.4 544.5 571.9 595.3 606.9 605.3 600 597.8 597.3 595.4 592.4 589.9 589.3 588 586.8 592.8 598.5 602.3 605.5 609.1 612.5 616.8 620.7 621.1 610.9 608.2 600.4 616 620 613.5 607.6 602.6 597.6 589.1 581.6 579.2 576.8 574.2 572.2 570.7 568.6 566.3 562.3 557.4 555 551.7 544.8 549.2 548.8 554.9 565.6 570.1 576.9 584.2
398 395.5 391 383.3 385.6 389.9 394.5 398 395.9 385 373.7 360.2 350.7 346.6 348 351.2 354.9 359.9 370.9 387 411 433.6 452.5 467.1 487.9 515.4 545 575.9 597.2 599.6 596 596 595.4 594 590.1 588.3 587.7 587.1 585.1 587.1 592.7 597.6 600.8 603.1 606 609.6 614.5 609 619.8 621.1 624 630.1 629.6 622.3 613.5 607.6 602 595.4 588.5 584.5 582.1 579.5 576.8 574.6 572 569.3 565.9 561 556.2 552.3 549.6 552.6 553.5 559.4 566.3 574.6 583.5 589.9
400.6 397 391.5 385.5 380.4 380.4 379.8 377.4 375.1 365.6 356.4 349.4 349.1 347.9 347.4 351.5 365.5 378.3 367 373.7 390.4 410.2 421.2 440.3 464 491.8 523.6 552.2 581.6 588.8 591.2 592.4 590.8 589.3 587.8 586.7 585.7 584.2 582 581.8 585.9 590.4 593 595.4 598.6 603.1 607 618.9 623.9 626.2 630.4 635.2 634.9 628.3 620.7 613.7 607.1 600.1 593 588.3 584.7 582.3 579.9 577.3 574.7 571.7 568.4 564.9 559.1 555.3 554.8 557.3 559.5 563.6 567.4 577.1 588.1 595.3
402.2 397.8 392.4 388 382.5 380.4 375.7 370.1 356.7 352.5 349.9 349.5 349 348.4 347.6 359.4 381.7 397.3 397.5 388.6 387.1 387.4 390.7 414.4 442.7 470.8 500.2 529.3 561.4 576.3 582.4 584.1 582.3 581.3 581.8 583 581.5 579.2 577.9 576.6 577 579.8 582.7 586.8 590 599 610.5 621.5 628 631.7 635.6 638.1 638.5 634.8 627.1 618.8 611.4 604.5 597.4 592.9 588.6 585 582.5 579.9 577.2 574 570.7 567.4 563.4 560.9 560.1 561.7 564.1 567.3 571.8 581.3 591.2 599.3
403.2 398.3 393.3 385.1 380.8 373.8 362.9 354.9 352.6 351.2 350.4 349.7 349.4 348.5 347.8 375.2 399.2 415.1 422.3 421 422.2 420.7 411.7 396.7 420.2 449.3 478.4 510.1 534.5 554 567.4 572.5 572.4 573.8 575.8 577.6 576.1 573.6 570.4 566.7 563.9 567.1 570.9 575.2 585.2 598.7 611.3 622.6 631.3 637.2 640.9 642.9 643.2 639.2 632.8 624.6 615.4 608.4 602.2 596.6 592.3 588 584.8 582.1 579.1 576 573 569.8 565.6 561.1 566.3 568.8 571.4 573.8 577.7 585.4 594.6 602.1
