app/static/ascii/NH73.asc
ncols 200
nrows 200
xllcorner 270000
yllcorner 830000
cellsize 50
[rows 0 to 34 of 200, columns 0 to 77 of 200]
231.1 231.5 232.1 232.7 233.4 234 234.6 235.9 235 234.9 235.5 236.4 237.2 237.9 238.7 239.9 241.4 242.5 244 245.8 247.5 248.5 248.8 249.1 249.2 248.8 247.4 245.3 243.4 241.7 240.3 238.9 237.2 235.5 233.9 232.4 231.2 230.3 229.4 227.9 226.3 224.6 222 219.5 216.6 213.7 211.5 211.4 210.3 206.9 206.8 207.8 207.4 205.2 188.4 182.5 175.8 166.3 158.5 152.7 139.6 134.3 155.1 168.9 177.1 190.5 202.1 208.3 212.5 219.6 225.2 232 230.4 239.8 242.5 248.2 253.3 259.8
233 232.7 233.4 234 234.6 235.2 236.2 236.9 236.5 236.6 237.1 237.8 238.9 240 240.7 241.8 243.2 244.7 246.7 248.5 250.4 251.2 252 252.7 252.1 250.7 249.4 247.1 244.3 243.1 241.8 240.8 239.3 237.5 236.1 234.9 233.8 232.8 231.9 229.7 227.9 225.6 223.1 220.5 217.7 214.9 210.1 211.5 208.3 204.7 205.4 206.6 207.6 199.6 186.1 178.9 169.9 163.1 159.2 155.2 141.9 133.8 161.6 175 180.7 190.7 202.6 209.6 213.6 221.6 225.2 233.1 237.8 238.4 243.4 248.3 252 256.6
234.4 233.8 234.4 235.1 235.9 236.5 237.7 238 237.4 237.8 238.6 239.4 240.1 241.3 242.4 243.8 245.2 247.1 249.1 251.1 252.9 253.9 254.3 254.2 253.1 251.8 250.5 248.2 246.1 244.6 243.4 242.4 241.4 239.9 238.7 237.5 236.4 235.3 233.7 231.5 229.7 227 224.1 221.5 219 216.3 212.1 208.9 206.1 204.8 203.6 204.6 206.9 198.9 184.5 175.1 167.5 163.3 160 147.2 134.5 150.5 169.1 179.6 185.5 201.2 206 210.4 215.4 220.4 224.8 229.7 234.6 234.9 243.1 248 247.4 254
235.4 234.9 235.6 236.2 236.9 237.7 238.1 238.6 238.6 239.2 240.1 240.9 241.7 242.9 244 245.9 247.6 249.3 251.5 253.8 254.6 255.6 255.5 255.1 254.3 252.8 251.2 249.4 247.5 246.4 245.5 244.4 243.4 242.3 241.3 240.1 238.9 237.9 235.5 233.3 231.2 228.3 226 222 219 215.7 211.9 206.5 203.6 200.5 201.6 205.1 207.5 202.1 184.4 172.5 165.7 161.3 142.2 135.8 150.7 159.8 169.1 184 198.1 205.6 207.9 210.7 214 219.7 222.7 225.9 227.8 231.5 236.5 240.8 242.3 249.5
236.3 236.2 236.5 237.1 237.7 238.3 238.8 239.3 240.3 240.9 241.7 242.5 243.4 245.1 246.5 248 249.8 252.1 254.4 256.2 256.6 257.2 256.9 256.1 255.3 253.7 252.2 250.5 249.1 248.7 247.6 246.5 245.4 244.3 243.3 242.3 241.3 239.6 237.3 235 233 230.9 227.8 222.5 217.8 214.8 209.1 204.5 201.2 197.9 199 202.4 202.4 188.9 177.7 169.5 164.2 145.4 147.7 161.6 172.9 179.6 184.5 179 199.4 204.5 207 208.5 213 218.4 223.4 221.7 223 232.1 235.1 236.3 238 244.7
238.2 237.9 237.9 238.1 237.9 238.8 239.5 240 241.3 242.6 243.4 244.2 245.2 247.2 249.3 251.3 253.3 254.9 257.2 258.3 258.7 258.8 258.2 257.6 256.5 255 253.3 251.7 251.1 250.8 249.7 248.5 247.4 246.4 245.4 244.3 243.3 241.3 238.4 236.8 235.9 233.2 229.3 222.6 216.9 211.9 203.8 198.2 200.4 196.1 195.1 197.2 192.2 175.7 162.7 164.4 159.5 144.9 158.6 175.2 180.1 184.6 194.1 201 203.1 201.2 203.9 205.6 208.4 213 220.9 216.1 219 225.2 231.7 233.5 235.8 240.4
238.7 239 239.1 238.6 238.2 239.1 240 241.1 242.5 243.9 245.1 246 247.4 249.7 252.4 254.8 256.6 258.3 259.9 260.2 260.3 259.9 259.6 258.7 257.7 256.5 255 253.9 252.8 252.2 251.4 250.5 249.5 248.4 247.4 246.4 245.4 243.2 241.1 239.7 238.7 234.8 229.4 223.7 215.5 205.7 199.1 195.4 198.8 195.4 192.3 189.3 188.5 164.1 145.8 157.9 152.2 152 168.4 178.4 184.6 194 200.8 204 204.2 204.4 206 207 206.7 208.2 211.7 212.9 216.2 220.6 225.6 232.1 235.2 239.4
238.6 238.9 239 238.7 239.5 240.5 241.6 242.6 244 245.6 247.2 248.3 250.4 253.5 255.7 257.7 259.3 261 261.4 261.8 261.3 261 260.6 260 258.9 258.5 257 255.8 254.6 253.4 252.9 252 251.2 250.4 249.4 248.4 247.5 246.2 244.1 243.1 240.5 236.5 229.4 220 210.3 200.8 195.4 193.2 198.1 194.8 194.8 185.7 180.1 149 138.7 139.9 139.1 159.7 174.1 181.8 194.9 203.4 205.7 206.6 205 203.7 207 208.8 208.3 210.5 212.5 215.2 218.8 222.8 224.4 229.3 235 239.2
239.7 239.7 239.6 240 241.1 242.1 243.1 244.2 245.7 247.4 249 250.6 253.3 255.5 257.6 259.7 261.7 262.7 263.3 263 262.5 262.2 261.6 261.2 260.9 261.1 259.6 258 256.5 255.3 254.3 253.5 252.9 252.4 251.2 250.2 249 248.8 248.2 246.2 242.3 237.3 226.4 216.1 205.2 198.1 193.8 192.5 194 192 194.8 182.4 166.3 143.2 139.9 138.3 149.1 167.8 178.8 190.5 200.4 207.3 209.3 208.5 205.4 203 205.8 208.3 210 212.5 216.5 217.8 221 224.2 228.4 228.5 232.9 236.5
240.8 240.9 241 241.6 242.7 243.7 244.8 245.9 247.5 249.1 250.7 253.1 255.3 257.6 259.6 261.7 263.2 264.5 264.7 264.1 263.6 263.4 263 263.2 264.4 263.7 262.2 260.6 259.1 257.6 256.1 255.1 254.6 254.2 253.6 252.1 251.3 251.5 252.9 249.6 244.7 232.8 221.9 210.2 201 195.6 191.3 192.5 195 195 199.7 179.1 157.7 144.1 156.3 145.7 155.9 171.4 182.7 194.1 202.3 208.3 209.4 209.5 206 202.2 205.1 209.9 212.3 214.7 219.4 218.7 221.7 225.3 229 231.9 233 237.7
241.9 242 241.9 242.9 244.4 245.4 246.5 247.5 249.1 250.8 252.6 255.9 257.4 259.7 261.6 263.7 264.9 266.2 265.8 265.3 264.8 264.3 264.9 266.2 266.5 266.3 264.8 263.3 261.8 260.3 258.9 257.7 257.1 256.5 255.8 253.7 253.7 256.1 257.6 256.6 244.6 227.6 216.2 205 198.5 193.1 191.1 192.5 192.8 192.3 190.9 179.2 155.6 154.5 156.3 149.2 159.5 171.2 182.4 193.5 198.6 203.9 207.8 209.4 202.9 201.8 205.2 210.4 212.5 215.9 216.5 216.9 220.1 225.9 228.4 230.4 232.6 233.8
243 242.8 242.7 243.8 245.4 247 248.2 249.2 250.8 252.6 254.9 257.8 260 261.8 263.7 265.6 266.5 266.5 266.3 266 265.6 266.4 267.6 268.1 268.1 268.1 267.5 266.1 264.7 263.2 262.1 260.6 259.9 259.2 257.9 256.2 256.4 263.1 267.1 259.7 242.7 224.7 210.7 200.2 194.4 190.4 190.4 190.3 189.2 186.3 180.1 165.6 155 152.5 158.3 154.7 163.6 172.3 181.3 190.8 196 200.4 202.8 202.4 197.9 201.3 201.9 208.5 210.5 212.4 214.1 215.6 221.5 227 230.7 232.7 234.3 237.8
243.9 243.6 243.5 244.8 246.4 248 249.6 250.9 252.8 255 257.3 260.3 262.6 264.4 266.3 267.4 267.3 267.2 266.9 266.8 267.7 268.9 269.8 269.9 269.9 269.9 270 268.7 267.4 266.2 265.4 263.9 262.7 261.5 260 259.9 264.2 272.9 269.1 258 237.1 219.9 204.6 198.1 195.6 188.8 186.6 188.6 187.2 181.2 168.6 159.6 148.5 154.2 158.4 160.3 168.3 176.9 187.2 189.3 193.5 193.3 193 193.2 194.1 197.3 196.5 198.7 197.4 198.8 201.6 209.7 217.7 224.4 229 232.2 233.6 233.9
244.4 244.2 244.3 245.7 247.3 248.9 250.5 252.6 255 257.3 259.7 262.5 265.3 266.8 267.5 268.3 267.7 267.5 267.2 268 269.1 270.2 271.1 271.4 271.6 271.7 271.8 271.2 270.4 270 270.1 267.5 265.1 263.7 263.7 266.5 275.6 281.8 267 248.5 231.7 214.4 200.1 205.8 195.2 183.7 185.4 186.4 184.2 170.5 159.2 149.9 139.3 156.2 157.4 165.8 171.1 175.2 181.7 183.4 182.4 191.3 194.7 190.5 193 193.7 194.8 195.7 197 198.1 200 203.5 211.9 220.2 227.1 229.1 230.2 231.1
245 244.5 245.6 247 248.3 249.7 251.4 254.5 256.9 259.3 261.8 264 266.1 267.3 267.9 268 267.3 267.6 267.5 269.8 272 272.6 273.4 273.5 273.6 273.5 273.8 274 274.6 277 275.6 271.7 266.1 265.9 269 274.2 282.4 280 232.3 234.1 222.9 209.9 196.9 197.4 187.9 184 179.4 178.6 169.7 156.9 151.7 151.9 152.1 156.5 159.7 166 167.8 176.8 177.2 178 186.4 200.2 197.9 194.1 197.3 206.3 205.1 202.6 205.6 212.9 203.2 201.8 202.4 216 224.7 230 233.3 235.3
246 246.1 247.3 248.5 250 252 254.1 256.4 258.9 261.3 263.3 265.4 266.5 267.9 268.2 267.5 266.4 266.8 268 270.5 273.2 274.5 275.6 275.3 275.1 275.3 275.8 277.1 278.1 277.6 275.6 271.7 267.8 262.4 244 244.2 285 260.2 227.7 223.7 216.3 202.9 193.4 193.1 186.5 180.6 176.2 170.3 160.5 153.7 151.3 153.1 154.2 153.5 159.2 161.1 171.4 167.9 173.7 175.1 184.6 201.1 207.3 206 206.8 207.3 204.4 203.1 207.4 213.2 212.7 210.3 202.9 210.9 220.7 229.2 236.8 241
247.1 247.9 248.9 250.3 251.9 253.9 256.1 258.5 260.8 263 265.1 266.4 267.1 268.4 267.9 266.2 265 265.5 267.9 270.6 272.9 275.4 276.3 277.3 275.9 277.1 279.8 281.6 282.1 280.5 273.6 270.6 263.3 236.4 213.8 227.9 247.4 219.1 210.5 213.8 200.1 195.6 190.6 189.9 186.1 180.6 169.8 162.1 149.9 150.3 154.9 155.6 157.3 160.8 161.2 170.4 179.4 175 173.1 179.7 194.3 199.8 197.3 202.2 199.2 203.2 204.9 205.5 208.1 211.8 213.5 213.5 205 207.6 213.4 226.2 240.5 245.6
248.8 249.7 250.5 252.3 254.1 255.9 258.1 260.1 262 264.8 266.2 267.4 267.7 267.2 266.4 263.9 263.2 264.7 267.8 269.8 271.9 274.2 275.5 275.8 276.4 278.6 282.6 285.7 286.4 277.6 247.2 247.2 243.5 210.2 210.4 210.5 209.7 209.6 208.5 211 202.3 191.9 190.9 192.2 187.2 172.1 161.1 152.5 147.1 154.5 156.4 158.1 161.3 165.1 172.5 177.3 184.2 183 182.4 184 191.1 191.1 190.2 192.4 193.1 199.5 201.1 201.8 203.6 213.8 216.2 216.7 218 213.2 207.8 221.9 238 248.5
249.6 250.7 251.8 253.7 255.6 257.4 259.2 261 263.1 265.2 266.7 267.3 265.6 264.6 262.4 261.1 262.8 266.1 267.4 269.1 270.4 272.7 274.4 275.2 276.1 281.7 287 291.5 275.5 256.5 235.8 210.6 210.6 210.6 211.2 210.7 208.7 216.9 208.7 202.2 197.7 194.8 188.9 190.8 174.9 164.3 151.3 150.3 151.6 155.7 157.7 161.1 167.7 175.2 182.3 189.4 188.2 186.8 186.1 183.1 183.9 185 187 188.2 190.6 192.8 193.5 195.4 197.9 208.3 217.9 219.4 220.5 221.3 210.2 212.7 230.1 245.5
250.3 251.6 253 254.9 256.7 258.2 259.9 261.9 264 264.8 264.8 266.2 263 260.4 258.7 259.1 261.6 264.9 266.6 267.6 268.8 271 272.8 274 277.2 283.6 290.4 277.8 269.6 246.4 230.3 228.4 213.3 211.4 211.8 230.1 228.1 210.1 203 201 199.3 191.6 188.7 170.4 163.9 151.1 151.8 153.6 156.8 158 160.6 168.1 176.5 179.6 197.6 203 193 189.3 185.8 184.8 185 186.2 190.9 191.5 192.1 194.3 207.7 203.3 199.1 208.4 217.3 219.6 221.4 222.7 214.5 213.8 220.8 234.9
251.7 252.4 254.2 256 257.6 259.1 260.6 262.3 263.1 262.8 262.5 261.4 259.8 257.3 257.4 258 260.4 263.6 265.3 266.5 268.1 270 272 274.4 277.9 284.3 292.3 276.5 275.3 260.7 258.4 250.2 233.7 231.7 235.7 223 212.6 203.6 202.7 201.4 189.9 189.7 181 167.3 150.2 148.1 154.5 157.5 158.1 161.4 166.2 170.8 177.6 186.9 201.9 205.9 198.8 191.4 190.6 194.9 186.7 190.8 193.5 197.4 202 209.4 214.2 212.2 208.1 207.6 217.3 220.7 225.4 227.2 223.4 219.1 215.2 219.8
252.9 253.8 255.3 256.9 258.5 260 261.4 261 261.1 260.9 260.6 259 257.1 255.8 256.9 257 259.8 261.8 263.5 265.6 267.3 268.8 271.1 273.5 276.9 283.8 286.3 284.5 281.1 273.4 263.8 253.9 249.3 234.3 224.3 214.8 204.3 200.3 198.6 192.1 192.4 189.9 167.6 159.8 148.1 151.4 158.4 159.6 160.1 169.3 171.5 172.9 180.4 189.5 197 200.2 200.4 196.9 198.8 200 193.8 199.4 199.1 197.9 204.5 209.6 216 216 213.5 213.4 216.8 224.9 230.3 233.1 229.5 224.7 227 226.2
254.1 255.4 256.7 257.9 259.3 260.3 260.3 259.6 258.8 259 258.7 256.7 255.4 256 256.4 256.1 258.2 259.8 261.5 263.4 265.2 266.7 268.7 271.8 274.2 279.8 280.4 275.9 270.3 262.8 255.5 243.7 234.3 227.6 217.3 205.4 196 194.9 193 192.5 200.2 174.6 163.9 149.8 150.2 157.5 158.8 161 163.8 171.5 174.2 178.2 180.6 187.1 194.6 199.7 202.4 203.5 205.8 207.5 207 207.9 208.4 211.1 221 216.1 222 223.7 220 219.4 219.2 224.1 231.8 238 235.4 229.8 232 238.9
255.6 256.5 257.5 258.3 259.3 258.5 258.6 258.3 257.5 257.2 256.4 255 255.5 255.7 255.6 254.8 255.9 257.5 259.1 260.6 262.4 264 265.3 268 270.3 272 270.3 267 260.9 253 243.4 236.2 231.3 221.6 211 201 198 193.5 189.9 188.5 184.7 168.6 155.3 149.2 157.7 160.1 160.7 162.9 167 171.3 175.4 180.7 183.4 189.2 196 202 205.1 208.2 211.2 214.3 213.3 217.4 219.2 224.8 230.8 230.2 230.5 230 231.2 230.5 227.9 229.3 231.9 235.5 233.6 230.9 230.1 235.5
256.1 256.8 257.2 257.9 257.5 257.3 257.3 256.8 256.1 255.3 254.8 254.7 254.5 254.3 254.1 253.3 253.8 254.7 256.3 257.7 259.1 260 261.6 262.8 264.8 263.5 260.5 258.4 253.1 244.5 237.6 231 222 214.8 211.5 205.6 200 193.1 190.7 180.5 168.7 160.6 148.5 152.5 159.3 161.4 162.7 165.6 167.9 168.2 176 181.2 185.7 192.8 200 207 210.6 213.7 215.9 217.4 217.4 223.6 225.1 229.1 235.6 237.5 239 240.3 239.1 239.8 237.6 235.1 234.9 234 234.5 234.9 232.7 232
256.4 257.1 257.7 257.1 256.9 256.5 256 255.6 255.2 254.5 254 253.8 253.6 253.4 253.2 252.8 252.2 252.7 253.2 254.3 255.5 256.3 257.8 257.6 257.9 257.5 254.1 251.6 245.7 238.6 231.7 222.6 213.2 208.2 206.5 202.6 197.6 191.4 187.3 169 159 148.5 153.1 153.6 157.5 162.8 164.8 169.8 177.2 175.2 178.5 182.8 189.8 196.7 204.8 211.7 215.5 219.1 219.8 219.2 220.2 224.2 227.3 236.1 239.6 242.7 245.2 246.5 247.1 248.8 247.2 244.4 243 238 234.1 241.2 240.8 235.2
256.9 257.2 256.9 256.6 256.4 255.8 255.3 255.1 254.9 254.2 253.2 253 252.9 252.6 252.3 250.9 250.2 250.2 249.9 250.8 251.8 252.3 252.2 252.3 251.8 250.5 247.8 244.3 239.5 232.9 224.9 214.9 205.9 198.6 190.9 192.3 188.8 184.6 167.6 160.5 154.1 155.4 156 158.8 162.7 164.1 166.5 175.2 178.7 179.4 181 183 194.9 203.1 210.3 215 219.9 221.3 220.9 219.8 223 226.9 235.9 239.9 244.4 247.3 250.1 252.4 253.5 255 255.2 252.8 251.5 249.4 242.9 241.6 242.5 241
256.7 256.7 256.4 256.1 255.8 255.3 254.9 254.7 254.3 253.7 252.6 252.3 252.1 251.4 250 248.6 248 247.2 246.6 247.6 247.9 247.3 246.7 246.5 246 244.2 242.2 239 233.1 226.9 218.3 208.9 200.2 194.7 188.9 179.6 178.3 170.5 160.9 151.9 150.4 156.4 160.7 163.3 163.7 164.8 169.4 173.6 179.9 183.4 184.9 192 200.6 207.6 214.2 218.7 221.1 221.8 221.2 222.2 225.9 233.2 238.3 242.4 247.6 251.9 253.9 256.9 258.7 260.9 262.2 260.8 259.6 257.3 256.6 251.8 249.9 245.6
256.2 256 255.8 255.6 255.2 254.9 254.8 254.7 254.3 253.2 252.7 251.5 250.6 249.5 248 246.9 245.9 244.7 243.6 243.4 243 242.2 240.9 240.1 240.5 239.9 235.9 231.6 227 218.8 216.2 209.6 206.2 206 197.4 179.5 170.5 162.9 147.5 157.3 155.8 161.7 163.4 163.7 164.2 165.3 174.1 174 175.1 180.7 186.7 197.6 209.4 214.1 218 222.3 222.2 222.3 222.7 225.7 230.8 234 241 246.5 251.8 254.6 257.3 260.9 264.2 267.2 269.4 268.1 265.8 263.3 262.5 261.3 260.7 257.2
256.2 255.7 255.4 255.1 254.9 254.8 254.8 254.7 254 252.6 252 250.8 249.6 248.3 246.1 244.7 243.4 241.8 239.8 238.7 238.3 237.1 235.3 235.5 236.9 237.4 232.5 227.4 220.9 212.7 208.9 205 206.6 198 183.2 171.8 165.5 154 153 157.1 161.8 164.3 164.7 164.7 165 168.5 174 176.3 179.9 186.7 192.5 200.7 212.8 218.2 220 221 223 224.6 225.6 228.8 234.1 239.6 245.1 250.6 254.6 257.5 260.9 265.3 269 271.2 272.8 272.7 270.8 268.9 268 268.6 267.7 265.7
255.8 255.4 255.3 255.3 255.2 254.9 254.8 254.6 253.4 252.1 251.2 249.9 248.5 246.8 244.3 242.8 241 238.4 235.6 234.3 232.6 231.4 229.7 231.3 232.8 233.2 226.9 221.6 212.4 204 197.9 194.6 189.6 181.9 172.9 166.7 159.2 148.1 156.9 158.5 164.6 166.2 165.3 165.4 166.6 173.7 175.5 179.6 186.3 191.6 198.4 208.4 212.8 219.6 222.4 223.2 223.1 225.7 229.9 233.9 238.1 244.9 249.1 254 257.6 260.9 264.4 268.9 273.1 274.6 276 276.9 275 273.2 272.1 272.3 272.4 271.6
255.7 255.6 255.6 255.6 255.5 255.3 255 254.3 252.9 251.6 250.3 248.9 247.1 245 242.8 240.4 237 234.3 230.8 228.2 226.3 225.1 224.3 227 228.4 228.3 219.2 210.6 203.7 196.3 191.4 187.5 181.6 174.7 168.5 161.7 150.5 154.7 158.5 158 167.9 166.8 165.8 166.2 169 174.8 178.4 184.4 191.8 200.5 207.2 213.9 218.9 222.3 223.3 223 223.4 225.3 231.4 237.1 242.2 249.1 253.3 257.5 261 264.4 267.8 272.3 274.9 277.2 279.1 280.5 279.2 277.7 276.5 276.4 276.6 275.9
256 255.9 255.9 255.9 255.8 255.6 255.2 253.8 252.9 250.9 248.5 246.4 244.5 242.4 240.3 237.7 233.2 228.6 224.6 222.3 220.6 218.7 218.6 220.2 221.1 217.3 208.4 198.7 196.6 187.1 182.2 177.2 173.2 168.8 163 157.5 153.4 159.4 160.3 168.2 167.1 166.9 166.7 168 173.4 177.9 187.6 193 198.3 205.6 212.8 219.9 222.3 224.4 225.1 223.5 225.2 229.2 236.2 241.4 246.4 251.9 256.2 259.6 263.5 267.4 271.3 273.8 276.3 278.6 281 283.4 283.7 281.9 281.1 281 280.9 279.3
256.5 256.3 256.2 256.2 256.1 256 254.8 253.4 252.3 250.4 248 245.5 243.1 240.4 236.8 233.9 229.5 223.9 219.2 216 213.5 211.3 209.8 211.8 211 206.8 199 192.7 186.5 179.3 176.2 171.5 167.9 164.5 159.7 153.7 156.9 161.6 167.4 168.1 167.3 167 167.8 169.9 174.6 188.3 197.7 200.2 206.1 211.8 216.5 223 225.4 225.6 225.2 224.9 227.1 232.2 238.7 245.3 250.5 254.7 258.3 261.7 265.5 269.5 273.4 275.9 278.6 281.1 283.6 286.2 287.5 286.1 285.7 285.7 285.3 283.2
257 256.7 256.6 256.5 256.5 255.8 254.4 253 251.5 249.7 247.4 245 241.7 237.6 233.5 229.7 224 217.8 212.6 208.5 206.8 203.9 200.4 201.7 203 197.2 191 183 177.4 173.3 170 165.6 162.7 159.6 155.5 156 164.3 162.1 169.1 168.7 167.8 168.7 169.6 171.1 177.2 180.6 197.5 202.6 211.5 218.4 222.1 224.1 225.1 225.4 226.2 226.9 228.1 233.4 240.5 247.1 251.8 255.3 260.1 263.8 267.5 271.5 275.3 278.3 281.4 284.3 286.8 288.9 290.1 290.8 290.5 290.1 289.1 287.7
