app/static/ascii/NH79.asc
ncols 200
nrows 200
xllcorner 270000
yllcorner 890000
cellsize 50
[rows 72 to 107 of 200, columns 81 to 161 of 200]
206.1 205.4 204.4 203.3 201.7 199.2 196.1 192.5 190 186.5 182.9 178.2 173.3 167.6 161.5 154.6 148.8 144 138.8 133.8 128.2 118.7 108.7 98.4 90.8 90.8 90.8 90.8 92.9 107 110.6 116.7 124.1 130.9 134.9 134 125 115.3 107 98.7 90.4 82.2 74.9 73 67.7 57.3 49.1 44.7 42 39.7 36.8 32.6 29.5 28.5 25.2 24.1 23.4 22.7 22.5 22.9 23.2 23.6 20.3 16.9 13.8 9.6 3.9 1.8 1.4 1.1 0.8 0.4 0.1 -0.2 -0.5 -0.8 -1.2 -1.4 -1.4 -1.4 -1.4
213.6 212.4 210.9 208.9 207 204.4 201.4 197.5 193.6 190.2 186.8 183 180.7 175.3 170.8 163.6 159.2 155.6 151.6 147.3 142.4 133 123.2 110 97.3 90.8 90.8 90.8 90.8 103.2 105.9 110.1 115.5 119 122.6 122.8 119.2 110.5 102.8 95.2 88 78.7 70.6 66.1 62.6 54.8 45.8 41.6 37.2 35.2 33.1 34.6 33.9 30.8 26.5 23.3 22.8 22.5 21.8 22.1 22.4 22.5 21.4 18.6 15.4 11.4 4.5 1.9 1.5 1.2 0.9 0.6 0.3 0 -0.3 -0.6 -1 -1.4 -1.4 -1.4 -1.4
220.5 218.6 216.7 215.7 213.4 210.3 206 201.7 197.6 194.1 190.6 188 187 183.3 179.9 177.5 176.6 174.2 170.3 165.3 160 152.3 145.3 130.7 115.5 100.1 90.8 90.8 90.8 98.4 103.8 107.8 110.6 113.8 116 116 112.2 107.3 100.8 94.2 86.5 77.2 68.5 63.2 58.3 50.9 46.1 51 45.7 42.9 42.9 41.1 38.2 33.6 30.8 27.3 21.8 22.2 21.4 21.3 21.6 21.9 20.5 18.5 17.3 13.5 5.9 2 1.6 1.4 1.1 0.8 0.6 0.3 -0.1 -0.4 -0.6 -0.8 -0.9 -0.9 -1
229.1 223.3 220.8 220.1 219.4 217.9 212.7 205.1 200.7 197.2 194.4 194 195.8 197 195.5 195.9 197.3 203.1 200.6 197.5 190.2 182.1 172 157 139.7 120.7 103.5 91.8 90.8 94.2 101.5 108.1 110.2 110.7 112.5 113.7 110.3 106.9 101.9 96.7 87.8 78.6 70.1 65.5 59.9 52.2 51.6 53.1 49.5 47.6 45.3 42.6 39.4 36 32.5 29.7 25.5 21.2 21 20.7 20.9 21.6 20.2 19.8 18.5 15.1 6.4 2.9 1.9 1.6 1.3 1.1 0.8 0.5 0.2 0 -0.2 -0.3 -0.4 -0.5 -0.6
238.6 231.9 224 220.9 220 217.8 214.3 209.7 203.1 199.3 199.4 201.5 205 206.9 209.1 210.2 225.8 238.1 236.7 232.5 225.5 217.2 208.2 193.4 174.6 145.9 123.2 108.9 101 96.9 101.5 108.4 111.5 112.2 112.5 112.2 110.3 107.7 103.8 97.4 91.7 84.2 77.5 69.4 61.4 54.5 58.1 54.5 52.4 50.1 47.2 44.4 41.7 37.9 34.8 31.5 27.8 24.8 22 20.1 20.3 21 21.5 21 19.6 17.1 9.6 3.6 1.9 1.9 1.6 1.3 1.1 0.8 0.6 0.4 0.2 0.1 0.1 0 -0.1
240 236.3 228.7 221.2 218.6 216.5 213.3 210.2 206.6 202.2 203.3 207.1 213.2 215.9 217.3 225.2 246.9 254.7 252.7 247.4 238.3 227.1 215.8 203.4 183.2 162 135.9 120.4 111.8 105.5 104.4 108.4 111.5 112.2 111.6 111.6 111.4 108.7 102.9 97.2 92.3 86.9 81 67.2 68.7 67.1 63.5 59.8 56.3 52.4 49.4 46.4 44.1 40.6 36.8 33.4 30.4 27.6 24.8 22 20.3 19.9 20.7 21.2 21 18.9 14.2 6.8 4.7 2.6 1.9 1.7 1.4 1.2 1 0.8 0.7 0.6 0.5 0.4 0.3
236.6 234.2 229.7 222.6 217.6 214.8 212.5 209.4 206.9 207.2 208.1 210.8 214 220 226.5 241.9 253.9 260.3 260.5 254.4 244.2 231.2 217.3 198 179.1 156.9 138.3 126.1 117 113 112.6 111.5 111.2 110.8 110 109.9 110.8 107.8 101.9 97.7 92.4 87.1 74.1 77.2 78.4 74.4 69.3 64.8 61.7 57.1 53.7 50.7 47.6 43.7 40.1 36.6 33.6 29.2 26.5 24.4 23.1 21.2 20.5 19 18.9 20.5 17.6 10.6 6.2 4.9 2 1.9 1.8 1.6 1.4 1.3 1.2 1.1 1 0.9 0.8
230.3 229.9 228.2 223.3 218.6 213.6 211.1 207 206.4 211.9 210.6 210.3 213.9 221.8 242.8 258 261.8 260 256.7 253.8 241.2 223.4 206.5 189.6 165.8 147.6 129.9 121.1 117.8 119 117.6 117.9 115.2 111.9 110.5 109.6 106.4 103.9 99.7 95.3 88.9 80.3 85.4 87.6 84.2 77.8 74.1 69.5 64.9 61.8 59.1 56.1 51.7 48.6 45.3 42.1 38.9 34.4 30.8 27.7 25.7 24.5 23.4 23.1 21.9 16 13.9 16.6 12.4 6.2 3.7 2.1 2 1.9 1.9 1.8 1.7 1.5 1.4 1.3 1.2
219.7 219.2 219.8 217.5 216.3 211.7 207.9 201.7 198.9 203.6 204.9 203 211.5 236.8 267.9 267.3 265.1 259.7 250.8 240.1 221.6 200.8 181.5 164.1 147.4 133.6 126.4 121.1 119 119.7 119.6 120.6 118.5 114.3 113.1 110.3 106.4 103.3 98.4 96.1 96.8 94 91.7 89 84.6 79.1 77.1 73.4 70.1 66.8 64.4 60.2 57.8 55.2 51.4 47.9 44.2 42.2 39.8 37.7 34.3 31.9 29.8 28 26.6 25.1 24.4 22.8 20.6 16.4 9.7 6.1 5.5 6.3 6.3 5.4 4 2.7 1.9 1.8 1.7
213.8 210 208.9 209.3 210.4 210.2 204.7 198.8 195.8 193.8 194 196.5 208 246.1 270.7 271.1 262.8 249.4 231.6 209.3 184.1 166.8 154.5 143.4 134.6 128.5 126 121.6 120.1 120 120.9 120.5 119.2 116.8 114.5 113.1 109.2 106.3 105.5 104 101.7 98.4 94.7 89.9 86 82.4 79.3 77.1 73.3 70.9 67.3 64.6 62.5 60.2 56.6 54.4 51.9 49.7 47.5 44.3 41.7 39.7 38.2 35.6 34.7 32.2 31 30.2 28.4 26.5 24.8 21.5 19.8 19.3 16 13.5 11.7 9.2 5.8 4.4 4
211.4 209.3 208.6 205.7 201.5 201.8 200.5 196.7 193.2 188.4 185.8 189.6 199.3 226.3 255.1 256.4 250.5 213.6 192.6 180.5 172.6 162.4 151.6 141.9 133.9 128.4 125.5 122 121 120.5 120.5 119.8 119 118.1 117.9 117.4 117.5 111.7 109 107.7 103.6 98.1 94.8 92.7 88.9 86.1 81.9 78.7 75.1 72.1 69.6 68.8 66.6 63.5 61.4 60.6 58.6 56.3 53.5 50.6 48.3 47.2 45.1 44.2 42.9 40 39.3 38.6 36.9 34.7 34 33.3 32.2 30.8 29.4 27.5 24.6 21.2 16.2 12.9 10.7
211.5 211.5 211.1 208.7 203.8 198.4 193.8 191.9 189.8 186.3 183.9 183.2 186 203.3 231.8 234.9 222.6 195 181.7 175.7 169.8 161.8 152.9 144.3 136.5 129.5 124 122.3 121.8 121.4 121.3 120.5 119 117.7 118 119.9 123 116.5 111.5 113.2 106.9 101.8 96.3 91.9 90.1 86.5 84 80.2 78.9 74.6 72.7 71 69.3 67.5 65.1 64.5 62.4 61.4 59.6 57.1 54.8 53.4 52.2 51.3 49.8 48.1 47.4 46.9 46 43.2 43.9 43.7 42.2 40.6 38.9 36.9 34.8 32.8 30.7 27.3 22.8
211.8 212 213.5 212.3 208.5 204.5 198.7 192.6 187.2 184.5 182.7 180.5 180.7 182.8 193.9 205.2 197.8 180.8 170.8 162.5 157.1 145.6 137 132.5 129.1 125.7 123.8 122.1 121.9 122.1 123.6 121.5 120.2 119.5 117.7 118 119.1 117.5 112.4 110.3 109.9 106.8 100.6 96.4 91.8 86.6 86.9 83.9 80.7 76.9 75.6 73.4 71.2 69.3 68 67.4 66.1 64.7 62.9 62.3 61.4 60 58.7 57.5 56.1 54.8 54.3 53.9 53.2 51.5 52.4 52.2 50.9 49.5 47.9 46.2 45 42.1 39 35.7 33.5
214.9 216 217.3 212.7 208.8 205 201.5 193.9 188.1 185.3 186 184.3 179.7 175.8 177.4 180 181.2 172.9 159.8 149.6 142.6 137.4 133.6 129.8 127.4 124.8 123.2 122 121.8 122 122.7 122.9 125.8 121.5 118 116.3 115.7 111.9 108.6 105.9 110.1 108.5 104 99.7 95.6 91.7 88 84 80.7 79.4 77.7 75.7 73.8 71.1 69.7 69.4 69.6 67.1 66.1 66.1 65.3 64.7 64.3 63.3 62.4 61.1 60.7 60.5 59.4 59.5 60.3 60 59.8 58.3 56.7 54.7 53.1 50.8 47.6 44.5 42.1
215.7 216 217 215.1 209.3 205.3 202.7 196.8 190.7 187.4 182.8 180.6 179.6 175.6 173.1 171.5 169.7 162.6 152.1 144.3 140.3 138.5 136.3 133.1 129.5 124.3 122.3 121.7 121.4 121.6 122.6 124.2 126.1 121.8 116.4 113.4 110.8 108.8 106.5 101.8 103.1 106.2 104.4 102.7 99.8 97 93.1 87.4 84.5 81.2 80.4 79.1 75.7 73 71.8 70.8 69.7 69.1 69.5 68.9 69.2 67.5 70 68.1 67.2 67.1 66.9 66.7 66.2 66.9 68.2 68.5 68.7 67.1 65.5 63.3 61.2 58.8 56.3 53.4 50
216.3 215.9 216.5 214.3 212 213 209.5 201.1 193.4 186.5 181.8 179 176.4 174.3 171.8 165.6 162.2 162.3 153.2 156.3 153.1 148.6 143.5 137.8 133.4 126 121.5 121 120.2 120 120.9 122.1 125.3 123 118.4 111.4 110.1 108.8 102.7 97.9 94.2 96.5 101.9 101.4 99.7 97 94.6 90.8 86.1 83.5 82.3 80.5 76.8 75.9 74.7 73.2 72 71.5 71.1 70.1 70.3 70.2 71.3 70.5 70.8 71.2 72.6 72.5 73 74.6 76.3 76.8 76.6 75.7 74.1 71.7 69.2 66.6 63.9 60.5 57.1
217.7 212.7 216.7 218.4 213.4 208.1 205.2 200.6 193.9 189.9 185.5 181.6 177.2 174.5 171.6 168.1 164 161.1 161.1 161 158.2 153.4 148.9 145 143 132.2 123.3 120.1 118.1 117.8 117.5 116.8 118 119 116.8 110.5 111.4 113.6 107.8 100.7 92 90 96.6 97.1 95.9 95.9 93.3 89.7 91.4 87.1 83.5 81.4 79.1 77.6 76.2 75.3 74.6 73.2 73 71.7 71.8 72.6 73.3 72.7 74.2 75 76.8 78.1 79.5 81.8 83.5 83.9 83.8 82.8 81.1 78.8 76 73.2 70.2 66.7 63.2
218.4 210.5 203.4 206.4 207.5 204.5 197.5 195.2 191.8 188.7 181.8 178.5 180 182.2 176.6 170.7 165.7 163.2 162 160.9 156.1 153.5 151.8 148.9 147.5 137.6 130.2 122.5 120.6 118.3 116.3 115 113.1 110.8 111.8 111.2 96 98.8 95.8 97.9 90.8 87.4 91.6 93.1 92.5 91.7 91.1 90.9 89.8 90.6 87.1 84.9 80.5 79.3 77.4 76.4 76.2 75.4 75.9 73.1 74.1 74.2 74.5 74.7 76.1 77.8 80.4 82.1 85.3 87.8 88.7 89.2 89.2 88.5 87.8 85.6 82.9 79.7 76.3 72.8 69.3
217.5 207.8 199 195.6 193.9 193 191.6 188.5 184.1 180.5 178.5 178.9 179.3 179.9 180.7 177.6 171.3 166.2 162.9 162.2 161.4 154.5 151.3 148.6 144.4 140.5 135.5 129.1 126.2 122.8 116.3 113.4 114.6 113.8 112.5 110.5 106.8 90.9 89.4 86.1 86.8 85.8 87.8 90.3 88.2 87.2 86.8 87 86.8 87.7 86.8 85.7 84.2 82.3 79.3 77.5 76.8 75.6 76.1 74.3 76.4 76.8 75.7 75.2 77.3 80.4 82.8 86.1 90.1 92.3 93 93.8 93.8 93.6 93.5 91.5 88.7 84.8 81.1 78.1 74.8
208.9 201.3 193.6 185.6 181.3 180.5 179.9 179 178.3 178.7 176.3 177.9 179.5 180.9 180.7 179.9 177 172.6 166.9 161.7 158.4 156 152.1 147.9 142.9 139.2 134.8 133.9 128.1 124.8 121.5 117.2 115.8 114.4 112.9 108.7 105.1 100 93.1 86.8 84.5 83.1 84 84.8 85.5 83.5 83.6 82.8 81.6 83 83.8 85.3 84.3 82.4 80.7 79.6 78.2 77.9 78.3 76.6 77.4 76.2 76.1 76 78.3 82.7 84.9 89.5 93 95 95.7 96.2 96.3 97.2 96.9 95.4 92.5 88.6 84.9 81.6 78.6
200.6 192.9 184.7 177.1 174.4 173 171.4 170.4 171 169.1 170.2 174.3 179.5 185.4 186.9 184.9 181.2 177 171.8 166.6 161.8 155.7 152.7 148.6 144.1 140 133.8 132.9 127.6 125.8 119.2 117.6 116.3 114.7 110.7 108 106.9 104.1 96.1 89 84.9 83.5 81.7 83.1 83.5 82.8 82.5 80.4 78.9 78.2 78 82.4 82.4 83.4 81.3 79.2 77.2 76.3 77.5 76.1 76.9 76.1 76 75.7 79.4 83.7 87.1 90.9 94.4 96.1 96.5 96.9 97.5 98.1 97.7 95.8 92.6 89.9 87.1 83.8 80.4
192.8 182.7 176.6 170.2 167.5 165.9 166.2 167.1 167.7 166.2 169.9 173.6 179.8 189.9 193 191.7 188.9 184 178.4 173.5 171.1 165.4 158.6 150.9 146.8 144.6 137.2 131.7 126.5 123.4 121.7 119.9 117 111.3 108.9 104.9 102.3 100.7 97.5 93.1 88.7 86.5 82.9 80.6 81.2 81 82.7 80.1 78 77.1 76.8 82.3 78.3 76.4 75.5 73.7 73.7 74.6 74.9 75 75.8 76 76 77.8 81.6 85.5 89.1 92.6 94.5 95.6 95.9 95.9 95 94.4 93.7 92.6 90.8 89.1 86.6 83.4 79.9
180.5 173.8 168.5 165.3 163.2 160.6 161.7 162.2 163.4 164.7 168.9 171.9 180.7 190.4 195.2 199.1 198.3 196.5 193.3 192.4 190.8 178.9 168.4 159.7 151.8 143.9 138.7 135.1 130.2 124 121.2 122 118.3 110.8 106.1 103.7 100.6 98.8 97.9 93.5 91.2 85.6 84 81.5 80.2 78.9 79.1 78.4 77.7 76.3 75.2 74.7 74.5 75.4 74.2 74.4 72.8 73.8 74.1 74.4 75.7 76.5 77.1 79.1 83 87 89.8 92.4 93.6 94.7 94 93.1 92.8 92.4 92.3 90.4 88.4 86.2 83.4 80.4 77
171.3 167.1 163.7 161.5 159.1 157.3 154.8 155.1 158.1 160.8 167.1 172.7 179 185.6 191.3 200 203.8 203.9 203.8 202.7 198.3 191.2 180.1 169.9 158.4 151 143.8 135.9 130.5 125.6 120.6 119.4 114.6 108.2 105.2 102.9 100 97.5 98 95.7 90.2 85.1 83 81 79.8 79.1 78 76.4 76.4 76.6 75.2 75.4 76.1 75.2 74.8 74.7 73.4 73.6 73.9 74.2 74.8 75.2 75.7 81.7 86.9 84.7 89.9 90.5 91.9 92 91.4 90.9 90.6 89.8 88.6 87.1 84.5 82.1 79.7 77.2 73.8
169.3 166.8 165.5 163.1 160.2 155.1 152.8 150.5 151.7 156.9 163.1 169.3 175.2 181.1 186.1 192.4 199.6 202.4 202.6 201.4 198.4 193.1 184.4 175.4 163.9 156.3 149.6 142.2 135.7 128.8 123.9 117.6 113.6 108.2 105.1 102.7 99.2 97 95.9 93.4 89.2 86 82.3 80.2 79.4 79.3 79 77.5 77.7 77 76.4 76.1 76.1 75.1 75.2 75.2 74.5 74.3 75.1 74.6 75.1 75.7 78.9 83.3 86.4 87.3 88.9 88.9 89.4 89.2 88.6 88 87.1 85.9 84.8 82.2 79.7 77.7 75.5 72.8 69.3
169.7 167.6 166.5 168.2 165.8 157.9 153.7 149.1 147.5 148.3 154.7 161.9 172.6 175 181 185.7 192.4 203.2 203.1 200.2 195.1 188 182.9 176.1 168 160.1 155.3 147.4 141.9 137.8 131.4 121.9 117.4 112.8 108 102.5 98.8 97.4 95.9 92.5 90.1 86.8 83.5 80.8 80.2 79.8 79.7 78.8 78.4 77.8 76.7 76.3 75.7 74.3 74.2 76.3 75.7 74.3 77.3 77.8 77.2 77.5 80.8 83.9 87.1 88.5 88.8 87.1 87.2 86.7 86.2 84.2 84.2 82.2 80.6 77.6 75.4 73.3 71.2 68.3 63.8
169.1 167.8 170 173.6 169.4 163.1 158.6 153.6 147 144.3 145.8 154.6 166.1 170.4 176.1 180.1 183.5 187.5 194.4 194.9 191.5 184.9 177.1 171.1 164.5 158 153.3 149 142.4 138.6 132.5 128 124.6 119.1 113.5 108.1 103.6 97.4 95.5 93 90.1 87.9 85.5 82.6 81.4 80.8 80.3 79.7 80 78.8 78.5 78.7 77.4 76.9 74 74.7 75 74.5 78.7 78.4 77.4 78.7 82.1 84.3 85.5 86.2 86.1 85.3 84.7 84.7 83.2 81.3 81.1 78.9 76.4 73.8 71.8 69.3 66.8 63.8 59.9
168.2 168.1 174.8 181.2 176 168.2 163.7 159.6 153.3 146.5 142.2 142.6 149.2 160.1 165.4 169.9 174.9 177.4 179.7 182.4 182 179.9 173.6 165.8 159.3 154.1 149.2 144.5 142.1 138 132.5 128.9 126.6 120.4 115.1 111.3 108.2 102.8 98.4 95.6 91.1 89.3 87.5 84.5 83 82 80.8 85.2 83.8 83.2 80.4 81.1 78.4 79.8 77.2 75.2 74.3 71.8 75 77.4 77.2 77.5 80.3 81.7 82.2 83.1 82.9 82.7 82.3 81.3 80.1 78.8 77.3 75 72.9 70.4 68.1 65.9 62.8 59.9 58.3
167.3 169.7 178.4 181.6 177.8 174.3 170.9 165.1 158.3 151.6 146.5 140.1 139.7 147.4 154.9 160.3 167.8 170.3 172.8 174.8 175.3 170.8 167.3 162.5 155.8 150.7 145.6 140.7 136.9 133.8 130.3 127.6 123.7 119.5 116.7 112.8 107.6 102.9 100.9 100.1 95.2 91.1 89.4 86.6 84.5 82.8 85.4 84.2 82 81.3 80.2 80.4 78.7 78.7 78.1 76.9 77.6 75.7 73.3 76.1 76.7 76.1 77.8 79.1 79.1 79.6 79.4 79.3 79.1 78.3 77.4 76.4 73.5 71.2 70 67.6 65.4 63.3 60.3 57.1 54.7
165.8 171 180.8 181.3 179.1 178.9 170.2 167.1 161.7 155.5 148.8 142.5 138.8 138.3 145.7 152.7 158.9 163.8 164.3 164 168.6 165.5 161.3 157.1 153 147.7 143.3 140 137.3 130.6 127.8 124.4 121 117.5 113.6 110.8 107.6 104.8 100.9 101 99.7 93.3 92.4 86.7 85.2 87.8 88.2 85.8 84.4 83.8 82 80.2 78.6 79.9 78.1 76.4 76.1 75.6 73.1 73.9 75.3 75.2 75.7 76.1 76.1 76.1 76 75.9 75.7 75.1 74.1 72.6 70.6 69 68.2 66.3 66.9 64.4 59.9 56.3 54.4
166.1 173.6 182 188.6 188.5 181.9 173.9 169.5 165.2 158.7 153.3 148.5 141.2 136.9 136.4 142.7 149.7 152.8 152.2 153.5 157.8 158.2 154.6 152.1 149.7 144.6 140.6 136.4 132 128.3 125.5 122.1 120.6 117 112.9 109.9 109.6 106 100.1 97 96.4 95.9 93 87.6 89.4 89.7 88.6 87 86.3 85.4 84 82.1 80.4 78.1 77.9 78.6 77.8 75.4 73.5 71.8 74.5 74.5 74 73.8 73.3 72.4 72.7 72.5 72.2 71.9 70.1 68.6 67.3 67 66.9 66 64.2 61.4 58.7 56.8 53.9
168.7 176.5 182.9 188.2 186.6 183.8 180.8 174.9 171.4 164.8 156.9 151.4 143.8 139 135.5 133.3 135.7 140.8 144.6 146.3 148.3 147.6 146.1 146.5 142.8 139.5 136.7 134.5 131 127.7 123.4 121.2 118.8 115.2 112.5 111.1 111.2 107.7 102.3 99 96.2 94.2 90.1 90.7 91.6 88.4 88.2 87.4 86.7 85.9 86.9 85.4 83 79.3 79.6 78.7 76.9 75.5 72.2 71.1 73.7 73.1 71.7 71.5 70.4 70.1 69.8 68.7 68 66.9 66 64.1 62.8 63 64 62.3 60.6 60.2 59.6 55.8 52.4
173.4 181.6 186.7 188.3 185 183.4 179.1 175.2 173 166.5 162.5 155.9 146.7 141.8 137.5 134.3 129.7 131 133.6 138.7 138.3 137.2 136.3 136.4 136.4 134.8 133.9 131.9 127.9 125.5 121.9 119.8 116.7 114.4 113.3 111.3 110.6 107 103 101.9 98.2 91.8 93.4 96.7 92.8 88.8 87.8 87.6 86.8 85.6 86.3 86.3 83.8 81.2 79.2 77.1 75.5 74.4 71.6 71.6 71.8 71.7 69.3 65.8 61.9 66 64.5 64.8 62.6 60.8 59.6 58.4 57.4 55.6 53.4 53 54.2 55.6 55.1 51.5 46.1
175.9 185.5 192.9 189.9 186 183.4 178.2 174.1 170.6 168.3 166.3 162.7 157.4 149 141.1 137.4 130.5 126.6 126.5 126.5 127.7 127.3 127.7 127.1 128.3 128.4 127.1 127.2 126.4 123.9 120.9 118.6 115.8 114 111.6 109.5 108.9 107.4 104.3 103 97.2 99.8 98.1 96.8 95.4 93.1 90.6 88.7 87.9 86.6 85.4 85.3 83.3 82.9 79.9 77.9 76.8 75.3 72.2 68.9 70.7 66.8 69 66 63.7 60.7 56.3 56.8 54.5 52.1 51.1 51.2 46.9 50.4 46.7 41.6 39.8 40 44.6 41.4 39.8
174.9 186.7 194.7 193 189.4 186.3 180.5 177 173 173.7 173.8 173.1 165.9 159.3 150.4 142 135 128.7 124.7 123.3 122 121 121 122.7 122.8 122.5 121.5 120.5 120.7 121.6 121.1 116.5 114.6 113.2 110.3 108.7 108.1 107.2 106 104.2 97.8 102.9 101.9 100.8 101.9 99.2 97.5 95.7 94.4 92.5 92.1 87 86.4 86.4 85.3 81.9 80.4 78.8 78.6 78.3 77.3 75.4 75.4 73.2 72.4 69.1 67.7 66.1 66.4 65.4 64.8 59.7 54.8 51.4 47.3 50.5 53.3 53.2 49.5 46.3 40.9
173.1 186.9 197.6 199.7 194.4 190.4 185.8 181.6 179.1 179.6 185.4 182.9 177.6 169.2 160.8 152.1 142.8 135.9 129.4 123.5 121.8 120.1 118.9 118.9 118.4 118.9 117.9 117.1 117.4 118.7 117.5 115.5 113.9 112.2 109.7 108.2 107.8 106.1 104.9 104.7 99.6 101.1 103.8 103.7 102.2 100.8 99.9 99 98 97.2 94.8 92.7 91.2 89.6 89.6 86.9 85.4 83.9 83.3 83.4 81.7 80.8 80.9 79.7 77.3 77.2 75.7 75.2 74.9 73.5 70 67.2 66.8 64.2 61.9 60.6 60.1 59.8 58.2 57.4 55.7
