app/static/ascii/NH80.asc
ncols 200
nrows 200
xllcorner 280000
yllcorner 800000
cellsize 50
[rows 140 to 174 of 200, columns 0 to 77 of 200]
222.7 220.5 220.3 220.1 220.3 222.5 220.6 220.4 220.2 220.4 219.7 218.5 218.5 219.8 220.3 218.5 218.5 220.4 220.6 218.5 219.6 219.2 219.2 219.2 219.2 219.1 218.2 218.2 218.3 218.2 218.3 218.3 218.3 218.3 218.3 218.6 218.9 218.4 220.2 227.7 238.7 243.5 238.9 237 237.6 244.5 256.1 268.2 283 295.6 301.8 306.8 307.1 301.9 291 285.4 287.7 287.6 284.1 278.5 272.1 265.6 265.8 270.1 273.6 271.6 270.3 270.3 271.2 272.9 274.2 276.6 278.7 281.9 285.8 289.3 290.9 292.1
220.1 220.3 220 219.8 220.4 221.3 220.8 218.4 220.4 218.5 218.9 220.9 220.4 220.2 219.9 219.5 219.3 218.6 218.5 219.8 219 219 218.9 218.9 218.9 218.9 218.5 218.2 218.2 218.3 218.3 218.3 218.3 218.3 218.3 218.3 218.5 218.7 220.1 232.3 243.5 245.6 241.1 238.7 242.6 251.4 261.7 275.4 290.7 302.5 308.2 308.4 304.5 296.1 292.4 290.3 300.1 300.5 298.9 291 284.1 276.1 273.4 273.6 274.6 274.2 274.1 275.7 276.5 274.5 276.2 278.2 281 283.6 286.4 288.8 289.8 290.4
220.1 219.8 220.1 220.7 221.5 221.2 220.7 218.9 218.5 219.6 221.3 220.6 220 219.8 219.5 219 219.3 219.6 219.6 219.3 218.9 218.8 218.7 218.6 218.6 218.6 218.4 218.2 218.3 218.3 218.3 218.3 218.3 218.3 218.3 218.3 219.5 219.3 221 235.2 242.7 242.7 241.5 243.6 251 256.2 264 280.5 296.1 303.4 309.1 309.5 306.1 298.1 294 303.5 312.5 312.5 307.6 301.9 299.8 292.3 281.2 276.9 276.1 277.6 278.2 279.5 278.8 277.3 277.9 280 282.5 285 286.2 287.9 288.5 288.5
220 221.6 220.5 221.3 221.8 220.8 220.5 220.5 218.7 220.6 220.4 220.2 219.7 219.2 219.2 218.9 220 219.8 219.2 218.9 218.8 218.7 218.6 218.5 218.4 218.3 218.2 218.3 218.4 218.5 218.4 218.3 218.3 218.3 218.3 218.5 219.2 219.8 223.8 232.8 238.8 240.5 243.4 249.4 256.9 258.2 266 283.6 296.2 302.4 306 307 305 298.7 309 320 323.4 322.8 321.6 316.1 314.4 304.2 288.8 281.5 278.8 280.6 281.9 281.7 281.3 279.9 279.8 281.3 283.3 284.4 285 286.3 286.7 286.3
219.8 219.6 219.9 221 220.8 220.2 220.5 218.5 220.7 219.7 219.4 219.3 219.2 218.9 218.7 219.2 219.5 219.8 219.2 218.8 218.7 218.6 218.5 218.4 218.3 218.2 219.5 219.2 218.5 218.6 218.7 218.5 218.3 218.3 218.4 218.8 219.3 220.2 223.4 229.4 235.7 240.7 247.5 256.3 261.5 262.5 269.9 285.7 295.5 300.3 304.4 305.3 300.2 306.5 317.3 327.2 329.6 332.8 337.4 348 330.8 310.1 295.9 285.6 281.9 282.6 283.7 284.4 283.7 283.2 282.8 282.5 283.1 283.4 284.1 284.4 285.5 285.7
219.5 219.3 219.1 219.4 219.3 219.8 219.7 218.4 220.2 219.9 219.5 219.1 218.9 218.6 218.8 218.9 219.2 219.6 219.2 218.9 218.8 218.6 218.5 218.3 218.1 218.2 218.4 219.3 219.3 219 218.8 218.8 218.6 218.4 218.6 219 219.5 220.2 229.3 230.3 236.9 244.2 251.5 257.6 262 271.3 274.4 285.9 294.3 297.4 300.3 301.2 301.5 312.2 322.1 329.6 334.5 342 345.5 345.8 332.5 317 301.1 287.7 284.3 285.2 285.9 286.6 286.8 286.4 286.1 285.7 284.8 283.6 284.3 285 285.7 286.2
219.2 219.2 218.8 219.5 219.8 219.7 219.6 220.1 218.4 220.1 219.7 219.3 218.9 218.7 218.8 218.9 219.1 219.2 219.2 219.1 219 218.8 218.6 218.3 218.2 218.1 218.2 218.3 219 219 219.1 219 218.6 218.5 218.9 219.2 219.7 224.3 235.5 236.2 239.7 248.1 255.5 261.2 266.4 280.5 280.5 284 291.6 294.8 298.1 302.6 306.3 314.1 324 331.9 337.7 343.6 345.5 346.2 334.1 320 299.1 287.1 285.9 288 289.3 290 290.1 289.7 289.3 289 288 286 284.3 285 285.7 285.5
218.9 218.6 219.8 219.9 219.8 219.7 219.6 219.9 221.2 218.4 219.8 219.3 218.7 218.7 218.9 219 219.1 219.2 219.3 219.1 218.9 218.8 218.9 218.2 218.2 218.2 218.2 218.2 218.3 218.7 218.7 218.8 218.5 219 219.2 219.5 220.4 231.7 239.4 240.8 242.9 248.4 256.5 263.4 269.9 281.7 282.5 284.5 291.1 295.8 302.4 307.7 310.5 316 323.1 332 337.7 342.5 343.7 344.3 338.9 319.1 299.2 288.6 287 288.9 291.1 293.2 293.5 293.1 292.6 292.3 290.8 287.5 284.7 284.1 284.5 284
218.8 219.1 219.8 220.3 220.2 220 219.7 219.7 220.8 218.4 219.4 219 218.6 218.7 218.8 218.9 219 219.1 219 218.9 218.8 218.7 218.7 218.5 218.3 218.2 218.2 218.3 218.3 218.3 218.5 218.4 218.8 219.2 219.9 220.3 222.5 236.5 242.5 241.9 242.9 248.5 257.3 266 270 280.4 281.5 288.8 294.1 301 306.3 309.7 313.2 318.5 323.6 329.2 335.3 338.6 341.1 343.7 339.4 327.4 315.1 301.2 290.6 290.2 292.6 295.6 296.7 296.4 295.9 294.7 292.1 288.7 286.2 284.7 283.7 283.6
218.8 219.1 219.8 220.5 220.7 220.6 220.4 220.6 218.4 219.6 219.3 218.8 218.6 218.7 218.8 218.9 218.9 218.9 218.9 218.9 218.5 218.4 218.7 218.6 218.5 218.4 218.3 218.3 218.3 218.3 218.4 218.6 219.1 219.5 220 220.6 227.1 239 246.8 245.3 244.2 249.9 258.9 267 271.3 278 282.1 287.9 294.1 300.4 305.6 309.9 314.3 318.7 323.7 328.9 334.8 338.2 341.6 345 344.2 340.9 341.2 315 293.7 291.6 294 297.6 298.3 298.2 298.2 296.4 294.1 290.4 287.9 286.3 284.5 283.3
218.9 219.1 219.8 220.5 221 221.1 221.2 218.2 219.1 220 219.3 218.6 218.5 218.6 218.7 218.8 218.7 218.7 218.7 218.6 218.4 218.4 218.4 218.6 218.6 218.5 218.4 218.3 218.3 218.3 218.6 218.9 219.2 219.7 220.2 221 231.4 243.7 253.8 249.3 247.7 252.6 260.1 267.8 273.9 278.8 281.3 286.6 292.9 299.9 305.8 310.7 315.2 319.6 324 328.9 334.3 338 340.9 342.6 343.1 345.7 340.5 320 302.5 293.5 294.1 296.5 298.8 299.7 299 298.4 296 292.7 289.7 287.5 285.2 283.6
218.8 219.1 219.8 220.5 221.2 218.1 218.8 220.1 219.3 219.3 218.8 218.5 218.5 218.5 218.6 218.6 218.6 218.6 218.6 218.4 218.4 218.4 218.4 218.4 218.5 218.5 218.5 218.4 218.3 218.5 218.9 219.2 219.4 219.8 220.3 221.2 234.7 245.2 253 251.8 250.7 254.6 260.6 268.3 275.5 280.4 282.8 286 292.7 300.3 306.6 311.5 315.9 320.4 324.8 329.2 333.5 337 339.3 339.7 340.2 342.5 334.1 320.5 308.8 293.9 289.9 292.8 295.9 297.5 298.3 298.9 297.3 294.8 291.7 289.3 287.2 286.2
218.8 219.3 220.3 220.3 218.1 221 220.7 220.1 219.2 219.7 218.7 218.6 218.5 218.4 218.4 218.4 218.4 218.4 218.4 218.4 218.4 218.4 218.3 218.4 218.4 218.4 218.4 218.4 218.5 218.9 219.3 219.6 219.8 220.1 221.6 227.6 239.1 247.2 250.6 252.7 252.8 256.2 262 268.8 276.1 281 283.4 287.1 293.8 301.2 306.9 312.2 316.9 321.4 326 329 331 332.8 334.2 333.9 336.7 340.1 331.5 333.6 323.4 304.5 287.2 287.4 290.9 294.2 295.3 296.1 296 295.6 293.2 290.5 288.6 288.7
219.4 219.2 220.2 221 218.1 221 220.6 219.8 219.2 218.9 219 218.9 218.9 218.7 218.5 218.4 218.4 218.4 218.4 218.4 218.4 218.5 218.4 218.2 218.3 218.4 218.4 218.4 218.9 219.3 219.6 220 220.2 221.1 224.4 231.7 240.3 247.5 250 252 255.1 258.8 264 270 275.8 280 284.2 288.8 295.5 302.7 308.6 313.5 318.2 322.5 325.5 327.1 328.6 330.1 332.2 332.7 332.9 332.9 335.9 338.9 343.4 321.5 286.3 283.8 286 288.1 289.6 291.2 292.9 293.2 293.1 290.3 288.8 289.7
219.3 219.6 219.9 221.1 218.4 220.1 220.6 219.7 218.9 219 219.2 219.2 219.2 219 218.7 218.4 218.4 218.4 218.4 218.4 218.4 218.4 218.5 218.1 218.2 218.3 218.4 219.2 219.6 219.9 220.2 220.2 224.3 222.3 227.2 234.7 242.2 247.5 250.8 254 258.3 262 266 272 277.3 278.8 283.7 290.5 299.8 306.3 310.2 314.6 318.4 322.1 323.7 325 326.4 327.8 329.7 331 331.3 331.6 330.9 332.6 339.5 342.2 306.7 282.8 282.3 282.1 282.8 282.1 284.8 287.8 290.9 290.4 289.4 288.9
219.3 219.6 219.9 220.2 221 217.9 220.9 218.9 218.9 219.1 219.3 219.4 219.5 219.3 218.8 218.5 218.5 218.4 218.4 218.4 218.4 218.4 218.4 218.5 218.4 218.1 219.2 220 220 220.3 225.8 231 231.2 225.7 230 236.9 242.4 247.5 252.2 256.7 261.2 264.5 268.2 274.9 280 280.8 282.5 290.4 299.8 307.6 312 315.4 318.2 320.3 321.7 323 324.4 325.8 327.1 328.3 329.7 330.7 331.2 330.3 336.6 342.7 317.2 281.8 281.4 280.8 279.2 275.8 275.8 283 286.6 288.6 287.8 288
219.4 219.7 220 220.5 221.3 217.9 219.9 219.7 219 219.1 219.3 219.4 219.5 219.3 218.7 218.5 218.5 218.5 218.4 218.4 218.4 218.4 218.4 218.3 218.5 219 221.4 224 221.5 228.1 231.1 231.6 232.4 224.7 231.5 237.3 242.3 247.4 252.8 257.3 262.7 267.1 270.9 277.6 280.9 281.6 283.1 289.9 296 304.3 311.1 314.2 316.5 318.4 319.7 321 322.4 323.7 325 326.2 328.4 330.5 331.4 330.4 333.1 335.3 314.1 280.7 277.3 278.6 277.3 275.9 275.8 277 281.4 283.2 285.9 285.3
219.5 219.8 220.3 220.8 221.2 217.9 220.3 220.1 218.8 218.9 219 219.1 219.2 218.8 218.6 218.6 218.5 218.5 218.5 218.4 218.4 218.2 218.3 218.3 218.4 220.9 225.8 229.1 225.4 224 226 229.1 236.1 228.3 233.9 239.3 242.9 247.3 253 258.8 264.5 267.5 273.1 276.5 279.8 282 284 289.7 295.6 301.6 308.5 312.2 314.4 316.5 317.8 319 320.4 321.7 323 324.8 328.4 331.1 330.4 328.7 331.5 332 318.5 280 277.3 277.3 277.1 276.2 275.8 276.7 278 278.6 283.2 283.7
219.6 220 219.9 221 221.4 217.7 220.9 219.7 218.8 218.8 218.8 218.7 218.9 218.7 218.7 218.7 218.6 218.6 218.5 218.5 218.4 218.4 218.3 218.2 219.2 220.1 231.4 232.3 228.5 224.1 224.2 225.7 237.6 234.8 238.5 241 244.5 247.7 251.7 258 264.2 268.2 272.6 275.9 279.2 281.3 285.6 289.9 294.9 300.1 305.9 310.1 312.3 314.6 315.9 317.2 318.8 320.7 322.5 325.2 328.1 330 328.5 323.5 326.6 326.7 311 280.9 277.3 277.3 277.3 277 277.1 277 277.1 277.3 280.8 280.1
219.7 220.1 220.8 219.4 220.1 217.7 221.6 218.6 218.5 218.7 218.7 218.7 218.7 218.7 218.7 218.7 218.7 218.7 218.6 218.6 218.6 218.5 218.5 219 220 225.2 231.2 232.2 231.6 228.1 225.9 226.6 233.8 237.6 241.3 243.1 246.2 249.1 251.7 256.8 261.5 265.1 270.1 274.2 278.4 282.3 286 289.7 293.7 299.1 303.6 307.8 310.2 312.4 314.2 315.6 317.6 319.6 321.5 323.8 325.8 326.9 325.3 321.4 318.8 316.1 305 292.8 280.9 278.9 280 279.1 278.4 278.4 278.3 277.2 278.1 278
219.8 220.1 221.1 221.1 217.7 221.3 218.5 218.4 218.3 218.4 218.6 218.7 218.6 218.7 218.8 218.8 218.8 218.7 218.7 218.7 218.7 218.6 219.3 221.3 223 230.6 233.8 233.9 232 229.9 229.3 231.1 236.2 239.3 242.1 245.4 248.1 250.6 253 256.5 260.2 264.2 269 273.9 278.5 281.8 285.5 289.2 292.3 296.9 300.3 304.5 308.1 310.3 312.9 314.6 315.9 317.9 319.7 321.5 322.5 322 319.5 315.7 312 305.8 298.4 289.8 283.2 281.3 280 279.6 279.1 278.8 278.4 277.4 277.5 278
219.9 220.2 221.2 220.5 217.8 218.8 218.9 218.7 218.6 218.4 218.6 218.7 218.5 218.6 218.8 218.8 218.8 218.8 218.8 218.7 218.8 219 220.1 222.2 226.8 234.4 240 238.4 236.2 234.5 233.3 234.9 237.6 240.7 243.8 246.7 250.2 252.4 254.3 257.5 261.3 265.1 269.4 273.9 278.4 281.8 285.1 288.3 291.4 295.1 299.1 302.1 306 308.6 311.1 313.2 314.8 316.2 317.8 318.4 318.6 316.9 313.8 310.6 307.2 300.2 293.9 287.4 282.4 280.3 279.4 278.9 278.5 278 277.9 277.8 277.9 278.4
220.4 220.3 221.3 219.5 221.2 218.8 219.2 219.1 218.9 218.5 218.7 218.7 218.5 218.5 218.7 218.8 218.8 218.8 218.8 218.8 218.9 219.6 220.4 223.2 230.5 239.2 240.7 240 238.2 237.7 236.9 237.1 239.4 242.2 245.6 249 252.1 254.5 256.9 260 263 266.6 270.6 275.1 279.8 283.1 286 288.3 291.2 294.2 298 301.5 303.9 306.3 308.8 311 312.8 314.3 314.2 314.3 313.4 311.7 309.2 306.1 302 296.4 290.6 285.1 279.8 278.5 278.5 278.2 277.8 277.6 277.6 277.6 280.7 281.3
221.3 221.4 217.9 217.9 219.6 218.9 219 219.5 219 218.6 218.7 218.7 218.4 218.5 218.6 218.7 218.8 218.8 218.9 218.9 219.3 219.9 220.7 223.7 231.1 236.9 240.5 240.2 240.1 239.4 238.3 238.8 241.2 244.8 248.6 252.3 254.2 256.6 259.8 262.9 266 269.1 272.2 275.9 280.1 283.9 286.6 288.6 291.2 293.8 297.2 301 303.2 304.9 307.2 309.6 311.4 311.2 310.7 309.9 308.5 307 304.5 301.4 297.4 292.4 287.3 282.4 277.6 277.6 277.6 277.6 277.6 277.6 277.6 277.6 284.6 286
217.9 217.9 219.5 221 218.6 218.6 218.6 218.6 218.6 218.6 218.4 218.4 218.5 218.3 218.5 218.6 218.8 218.9 220.2 220.5 220.2 220.2 221.8 225.4 229.9 235.7 238.7 239.9 240.6 242.1 241.6 241.7 244.4 248.1 252.4 256.5 257.7 259.3 262.6 266 269.1 272.1 275 277.3 279.9 284.2 287.1 289.1 291.3 293.8 296.6 300.1 302.9 304.8 306.3 308.2 308.3 308.1 307.7 305.6 303.9 302.4 300.1 297 293.1 288.8 284.9 280.6 277.7 277.6 277.6 277.6 277.6 277.6 277.6 277.6 286.3 285.9
220.1 221.9 219.3 218.9 218.6 218.6 219.1 219 218.6 218.6 218.5 218.7 218.7 218.7 218.7 218.8 219.2 220.2 220.1 220.8 221 222.9 228.1 227.8 232 235.9 237.5 239.3 240.8 242.4 244.1 245.6 247.4 251.1 255.4 259 261.2 263.1 265.8 269.1 272.4 275.2 277.7 278.8 281.2 285.3 287.6 289.5 291.5 293.6 296 299 302.3 304.4 306.4 307 306.3 306 304.9 302.6 299.5 297.6 295.4 293.1 289.6 286.1 282.9 280.4 279 278.1 277.6 277.6 277.6 278.4 277.7 278.5 286.2 287.3
221.7 221.3 219.4 218.8 218.5 218.7 218.8 218.8 218.6 219.6 219.4 219.2 219.3 219.3 219.1 220.1 221 221 220.4 221.1 221.3 229.4 229.1 231.9 235.9 238.3 239.1 240.6 241.2 242.8 244.7 248.1 251.2 255.1 258.9 261.7 264.3 266.4 268.8 272.1 275.4 277.8 279.4 281.2 283.6 285.6 287.9 289.8 291.6 293.4 295.7 298.1 300.5 303.7 306 306 305.3 304.7 303.9 301.5 297.8 294.2 291.4 288.7 286 284.1 282.2 280.9 280.5 280 279.7 280.7 282.9 283.9 280.1 279.4 279.6 285.5
221.4 221.8 219.5 218.9 218.7 218.8 218.6 218.6 218.7 219.3 219.8 219.6 219.6 220.4 221.4 221.3 222 223.3 224.7 225.2 224.5 227.7 232.7 235.7 238.4 239.7 240.4 241.2 243.3 244.5 247.2 250.4 254 258.7 261.6 264.4 267.1 269.5 271.5 274.8 277.9 279.9 280.9 282.7 284.6 286.3 288.2 290 291.7 293.5 295.5 297.3 299.4 301.9 304.2 303.8 303.8 304.5 305 302.7 299.1 295.7 292.4 288.7 285.6 284.3 283.1 282.4 282 281.7 282.3 284.8 288.5 291.2 286.5 281.8 280.5 283
221.3 221.9 219.7 219.5 219.3 219.5 219.1 218.7 219.1 219 219.6 218.5 219.9 221.6 223.2 224.1 225.3 230.4 231.8 232.7 229.5 231.8 232.8 236.4 238.5 239.4 240.3 242.4 245.5 247.8 250.2 253.1 257.1 261 264.2 266.8 269.4 271.9 273.9 276 279.2 280.9 282.4 283.8 285.6 287.4 289.2 290.9 292.7 294.4 295.9 297.6 299.6 300.8 301.8 303.3 304 304.8 305.6 304.3 300.7 298.1 294.9 291.3 287.8 286.1 284.5 282.9 282.6 282.8 283.6 286.1 291.1 296.2 293.2 288.3 282.1 281.7
220.9 221.4 219.8 219.7 219.2 219.1 218.6 218.8 219.3 219.2 219.4 219.2 221.8 223.4 225.3 226.6 228.2 232.1 235.8 237.3 235.2 234.6 236.2 237.5 239 240.2 241.7 244.3 248 250.4 252.9 255.4 258.9 262.8 265.6 268 270.3 272.7 275.2 277.2 279.6 281 282.4 285.1 287 288.7 290.5 292.2 294 296 297.7 298.5 300.1 300.4 301.1 303.1 304.5 305.3 306 305.3 303.1 300.5 297.4 292.7 288.7 287.3 286.2 285 284.9 284.7 285.3 287 291.6 296.5 298.9 296.6 290.4 283.9
220.5 220.2 219.8 219.8 219 218.6 218.9 219.4 219.9 219.8 219.8 220.5 227.6 232.2 233.3 230.6 230.4 234.9 239.2 240.7 240.1 240.1 240.8 240 239.9 241.1 243.2 246 248.8 252 254.9 257.7 260.3 264.1 266.9 268.7 271 273.5 275.6 277.7 279.8 281.1 283.2 285.8 288.4 290.3 291.8 293.6 295.6 297.6 299.5 299.4 300.6 300.5 301.1 302.7 304.3 305.8 305.7 304.9 303.3 300 296.1 292 288.8 287.5 286.6 288.2 291 291.3 291.1 292.4 295.8 298.8 300.2 301.2 298.1 292
220.6 220.8 220.2 220 218.6 219.9 219.5 219.7 220.1 220.1 220.1 222.9 227.4 232.1 234.4 234.3 234 239.1 242.9 242.5 243.1 242.6 243.2 243.8 242.9 243.4 245.5 248.3 251.8 255.2 257.1 259.9 262.6 265.4 268.3 269.6 271.7 273.7 275.2 276.8 279 282.3 284.5 286.8 289.2 291.8 293.7 296 297.2 299.3 301.3 300.5 301 300.6 300.9 301.8 303.4 303.8 304 302.8 300.9 297.8 293.9 291 289.2 287.9 288.1 292.2 298.4 301.2 300.4 300.4 300.6 301.1 300.8 301 301.4 300.6
219.6 220.7 221.1 220.8 220.3 220 218.7 219.6 220.2 220.5 220.8 222.8 227.7 231.2 234.2 237.3 238.8 241.3 244.3 244 243.4 243.1 244.1 245.5 247.6 248 249.4 252.5 256.4 258.6 260.3 261.9 264.3 266.8 269.7 271.4 273.6 275.3 275.8 277 280.1 283.5 286 288.2 290.5 292.9 296 298.4 300.9 301.6 302.9 302.4 302 301.4 300.8 301 301.4 301.5 301.7 300.3 297.8 295.3 293.3 291 289.1 288.8 291.3 296.9 302.9 306.5 307 304.9 303.6 301.8 300.4 299.7 299 298.9
219.2 218.8 220.8 219.4 220 219.8 219.7 219.9 220.3 220.8 222 227.1 231.2 234.3 237.2 239.9 241.1 243.6 245.6 245.5 244.5 244.8 246 247.7 249.7 253.1 255.7 258 260.2 261.3 262.7 264.3 266 268 271.2 273.7 275.9 277.1 278.8 279.9 283.1 285.9 287.9 290 292.4 295.2 298.5 301.4 303.6 305.5 305.2 304.3 303.3 301.8 300.7 300.4 298.6 298.3 298.7 298.1 296.5 294.5 292.5 290.7 289.5 291.4 295.3 300.4 305 309.6 310.7 308.5 305.8 302.6 299.8 298.7 297.6 296.6
218.6 218.4 220 220.3 220.3 220.2 220.1 220.3 220.9 223.5 230.6 234.9 236.6 238.7 241.2 242.8 244.1 245.3 245.8 246.3 246.6 247.4 248.7 251.1 254.3 257.3 261.6 263.5 264 264.6 265.8 266.9 268.1 270 272.9 275.4 277.9 280.2 281.7 283.8 286.5 288.8 291.1 293.2 296.1 299.6 302.1 304.5 306.4 307.5 307.3 305.6 304 302.5 300.6 299.2 297.5 297 296.9 296.4 295.1 293.5 291.9 291 291.5 295.4 299.4 303.9 307.6 312 313 310.3 307 303.1 300 298.1 296.7 295
