app/static/ascii/NH81.asc
ncols 200
nrows 200
xllcorner 280000
yllcorner 810000
cellsize 50
[rows 140 to 174 of 200, columns 78 to 155 of 200]
694.3 699.9 707.1 713.3 714.9 712.5 709.8 708.5 706.7 702.4 699.5 697 694.3 694.5 694 693.7 693.6 693.1 690.5 684.8 676.2 669.8 664.1 659.2 656.5 651.6 646.1 639.3 632.5 626.9 621.4 613.5 607.9 609.4 614.4 621.1 630.3 640.7 649.2 658.2 669.1 678.4 682.9 688.4 694.9 697 688.9 674.5 685.4 682.6 667 653.4 649.5 630.4 620.9 617.3 593.8 569.3 556.1 540 534 519.8 508.8 503.9 499 494.8 491.9 492.4 479.1 458.3 445.6 438.3 437.2 440.1 434.3 418.2 401.1 386.9
707.4 713 720.7 726.6 726.9 722.1 718.1 715.2 712.8 708.7 705.4 702.3 699.8 699.1 696.9 695.2 694.7 692.2 687.9 681 674.3 667.7 662.4 658.9 655.5 651.5 646.2 639.2 632 625.2 617.1 609.1 604.8 604.8 611.4 617.6 628.1 639.5 648.3 658.1 669.4 675.3 680.1 684.1 686.8 687.5 674.9 674 684 677 667.5 656.3 651.6 634.5 622 612.9 596.5 577.1 556 538.9 531.6 516.1 505.6 501.1 496.7 492.6 489.2 487.3 483.1 461.3 450.7 443.6 439.5 443.6 438.2 420.6 401.3 400
720.9 726.4 734 738.3 738.2 733.2 725.7 721.2 718.6 715.7 712.3 709.6 706.8 703.1 700.8 698.6 695.3 691.2 685.3 680.2 673.4 666.4 661.9 658.5 654 650.2 646.2 639.2 631.6 622.9 614.5 606.4 601.3 601.3 605.8 613.4 625.3 636.7 646.4 657 667.4 672.3 677.5 679.4 682.1 679.2 669.6 668.1 677.9 668.7 665.3 659.6 647.8 633.2 620.9 613.3 598.7 581.9 557.7 541.3 532.6 517.5 504 498.9 496 492.1 488.7 489.8 488.2 464.4 451.3 446.1 443.3 444.7 436.6 420.3 401.9 411.9
733.7 739.9 745.9 748.7 749.7 742.7 733.6 727.9 724.4 722.9 720 717.4 714 709.4 706.4 702.8 696.7 689.4 682.8 678.2 671.3 664.9 660.7 656.6 652.5 649.5 645.1 638.5 630.3 620.5 611.7 603.1 597.4 595.8 600.5 608.4 619.5 631.6 643.7 655.6 663.7 668.3 675.2 676 674.6 671.2 661.6 661 665.5 661.8 664.6 661.5 639.7 633.8 620.7 611.2 595.6 583.2 565.7 548 534.8 518.8 503.8 497.1 495.5 493.6 490.2 496.7 486.3 463.9 452 446.8 446.1 444.6 430.4 420.5 409.9 422.5
747.1 752.8 757.2 758.9 759 751.5 742.4 736.3 732.3 729.6 727.6 724.9 720.6 715.6 711.2 705.9 698.7 688.4 680.5 674.8 667.4 662.2 658.1 654 649.5 646.4 642.7 636.7 628.6 619.6 609.2 600.3 595.9 590.9 595.1 602.8 613.9 625.9 638.8 651.4 658.1 666.9 672.9 673.2 668.4 662.5 651 648.4 649 653.3 655.5 651.6 632.8 635 623.7 606.5 588.9 578.2 569.7 552.2 535 522.2 502.9 495.7 494.5 492.7 492.3 496.4 483.5 463 453 447.5 448.5 445.1 431.2 420.9 416.3 426.9
758.1 764 767.6 769.4 767.1 758.9 751.9 745 740.3 737.5 733.9 729.3 726 720.6 714.5 707.7 699.6 687.2 679.6 671.6 663.9 659.4 655.5 651.4 646.2 643 639.5 633.3 625.4 616.9 606.7 598 592.3 586.3 590.4 597.5 607.6 621.2 634.2 646.4 656.1 664.1 668.9 665.5 658.9 649.9 633.6 629.6 636.9 640.5 643.3 638.6 635.7 631.7 622.9 604.6 585.6 575.3 570.8 552.1 532.2 515.5 506.6 497.9 495.5 495.5 497.6 493.4 486.3 466.1 455.7 448.8 449.7 446.6 441.2 428.3 421 434.2
767.7 773.1 777.8 778 774.2 767.4 759.9 753.1 747.9 743 738.6 734.9 731.3 725.2 717.4 708.3 697.4 686.1 677.3 667.9 661 655.5 651.4 646.9 641 637.2 633.7 628.7 621.7 613.9 605.2 595.4 589.2 585.7 584.2 591 601.7 614.9 627.6 640.1 652.3 659.1 663.7 659.6 648.3 631.8 620.6 615.6 620.3 623.6 627 624.8 625 622.9 614.8 603.8 582.1 572 565 543 530.5 513.5 507.1 499.4 498.2 501 505.7 494.1 493 469.6 455.4 448.9 450.5 454.3 449.7 441.5 426.8 437.5
776.6 782.4 786.1 784.7 780.5 774.1 765.6 758.2 755.5 748.3 742.2 738.8 734.2 728 719.2 707.6 695.1 685 675.3 665.2 658.6 653 647.1 642.4 636.7 629.6 625.9 620.8 617.2 611.5 603.9 594.1 586.5 581.8 576.6 584.4 593.9 607.7 620.1 633.5 646.4 654.7 657.9 653.9 637.8 617.4 609.2 601 603.7 606.7 607.9 611.7 617.6 618.3 610.7 595.2 575.8 563.7 554.2 538.6 532.1 514.8 508 504.9 505.4 507.8 508.4 499 487.9 468.5 453.8 450 451.9 455.6 453.4 446.3 432 447
785.4 791.6 793.7 789.6 785.5 778.3 771.6 767.3 760.9 752.5 744.1 738.7 734.4 728.1 717.7 705.1 693.4 683 672 663.3 656.6 650.5 644.2 638.2 633.1 625 618.9 615.6 612.6 607.8 601.5 592 584.6 578.3 570.7 577.6 585.1 598.8 612.9 626.6 638.9 648.3 651 645.4 631.1 610.5 597.3 586.9 586.7 588.7 592.7 598.5 599.3 600.1 594 582.5 565.4 553.1 547.5 536.4 525 513.8 509.1 511.3 518.5 513.8 516.1 512.3 493.5 464.2 450.9 451.2 455.3 456.4 453.8 446.1 437 444.2
793.1 798.3 799 793.7 787.1 780.2 774.6 770.2 762.7 753.8 744.6 737.9 732.9 725.8 714.8 702 692.5 679.4 669.7 661.6 654.7 648.5 640.6 634.7 627.8 619.4 613.1 611.8 609 604.4 597.8 590 582.4 576.2 569.3 570.5 577.5 590.7 605.3 619.4 631.3 641.5 643.8 635.8 623 601.8 585.2 572.8 571.6 573.9 579.4 582.6 581.9 577.6 569.3 565 549.2 547.7 536.2 531 517 508.9 509.1 512.7 523.5 523.9 527 527.3 510.4 469.3 452.7 453.8 454.7 457.5 452.8 446.9 440.7 443.1
799.3 802.9 801 795 787.9 781.3 776.5 769.8 761.8 752.4 743.6 737.2 730.4 721.1 710.5 700.6 690.4 676.8 667.6 660.1 653.2 645.9 638.3 630 621.8 613.9 609.2 607.5 604.8 600.6 593.9 587.3 579.8 572.8 566 564.3 571 583.2 597.6 611.9 622.7 633 635.5 632.2 617 593.5 575.4 561.9 557 561.1 563.8 563.5 562.6 558.6 553.1 545.9 540.1 534.9 524.8 517.8 508.5 503.3 509.3 516.8 524.5 529.7 530.7 531.9 526.3 483.2 455.9 454.3 457.2 456.7 454.3 447.6 443.9 442.2
804.9 804.7 802.2 794.9 787.5 781.8 777 769.2 760.1 750.7 742.7 733.8 724.7 716 707.3 698.6 687.5 674.6 666.5 658.7 650.7 644.1 634.9 625.5 617.1 610.8 606.5 602.2 600.6 596.3 590.8 584.5 576.9 569.6 562.1 557.7 564 576.7 590.4 603.2 615.3 626.9 628.9 625.1 609.6 587.3 566.6 551.8 543.4 546.1 549.7 547.9 546.5 542.1 535.6 524.9 526.5 519 510.1 504 500.2 499.8 510.7 517.1 525.6 528.8 531 532.7 526.2 504.1 473.3 457.6 457.5 456.9 452.5 446.6 444.4 446.6
807.2 805 800.2 793.7 786.7 781.6 775.1 767 757.1 748.9 739.8 729 719.9 711.3 704.1 694.7 683.7 673.2 665.1 656.1 648.3 641.7 630.9 621.6 613.6 608 603.4 594.5 595.3 591.9 587.9 581.1 572.8 566.1 558.4 547.3 556.5 568.5 582.4 595.4 607.2 619.7 621.4 619.8 602.6 583.5 561.5 542.5 532.4 530.2 534.3 533.6 533.3 528.6 519.3 514.4 513.3 505.5 497.7 494.6 493.7 498.7 509.9 516.8 525 523.4 525 526.5 518 506 492.6 463.6 463.6 462 460.4 447.3 450.5 450.4
805.6 802.5 797.2 790.8 784.2 778.4 770.9 762.8 754.4 745 734.3 724.7 715.6 707.3 699 690.7 680.5 670.8 662.5 653.9 644.8 636.2 625.6 618.1 608.5 604.1 598.8 591.2 588.4 588.2 584.6 577 567.9 561.2 554.3 545.9 548.9 561.3 575.7 587.6 599.7 610.4 611.7 611.3 595.9 576.8 558.1 536.7 524.9 517.1 517.9 517.1 517.4 514.1 505.8 499.4 497.8 490.4 483.9 483.9 489 494.9 502.2 512.9 518.1 514.3 512.9 516.6 516.7 510 487.4 476.9 469.3 465.7 467.6 453.2 449.8 451
802.2 796.5 791.3 785.2 779.2 773 765.6 758.3 749.3 740 731.6 722.1 711.9 702.5 693.7 686 676.9 668.4 659.9 650.4 640 629.6 621.3 613.4 605.6 599.5 593 585.7 582.5 583 579.5 571.5 563.3 555.1 547.6 539.2 541.1 554.2 569.8 579.2 592.1 600.3 602.8 602 586.9 570.5 552.5 531.5 517.1 508.5 502.6 505.1 502.1 498.6 490.8 485.5 483.1 479.3 475.9 479.3 484.4 485.8 493.8 505.5 508 506 499.7 512.9 515 505.7 490.4 493.5 487 467.3 468.3 459.3 453 450.1
793.7 787.6 782.4 778.1 772.7 767 760.9 753.6 744.6 736.1 728.8 719.1 708.3 698.3 687.7 681.9 673.9 666.4 656.6 646.6 635.1 625.8 617.7 609.4 602 595 587.8 581 576.2 575.9 572.4 564.7 556.3 548.6 541.4 535 531.8 546 559.9 569.8 582.1 592.6 593.3 591 577.6 563.7 547 524.7 510.1 501.3 490.9 488.5 486.2 482.8 476.7 471.9 469.6 466.3 465.2 471.1 475.7 476.2 484.1 493.6 496.9 496.5 488.8 507.4 509 497.5 498.6 502.6 492.9 476.3 462.4 461.1 453.2 455.6
783.7 776.3 772.3 769.5 766.2 761.8 757 749 740.5 732.4 725.5 715.7 705 693.5 683 678.3 671.6 663.7 653.3 642.4 631.7 622.6 614.1 607.2 598.4 590.4 582.4 575.7 568.9 567.5 565.6 558.4 550.6 544 537.5 529.6 520.2 535.9 549.9 562.2 572.3 584.2 580.3 577.4 572.7 560.1 543.3 517.9 505.2 496.2 484.4 474.2 473.1 469.8 464.8 460.1 455.9 452.9 455.8 460 464 465.4 473.1 478.8 483.3 489.3 485.3 496.1 500.6 491.6 499 501.2 486.6 477.3 456.9 461.9 455.1 458.2
777.5 769.4 763.2 761.2 759.3 756.8 751.4 744.6 736 729.4 721.9 711.8 699.9 688.7 680.6 675.5 669.2 660.3 650.1 638.9 628.3 619.4 610.8 602.9 594 585.4 575.9 569.1 563.6 557.4 556.6 551.9 546 540 534 525.4 511.8 527.9 540.2 553 563.9 567.3 564.2 563.8 561.6 551 531.7 512.2 498.7 489.1 478.3 463.5 461.2 455.5 453.1 448.2 444.1 443.3 444.7 448.5 450.8 454.9 464.6 465 469.3 482.1 484.5 486.7 487.9 482.9 492.3 492.6 480.2 473.8 456.9 452.9 459.9 454
772.3 763.4 757.1 752.9 752 749.7 745.5 740 732.2 724.8 716.8 705.9 693 683.6 678 673.9 668.1 657.9 647.2 635.7 625.6 615.4 608.3 600.4 592.2 582.7 571.7 562.1 558.5 554.1 549.4 545.8 540 535.1 528.2 521.1 504.2 514.4 527.3 540.3 550.7 548.6 548.7 548.9 547.4 535.3 521.4 505.1 493.2 481.9 470.9 459.9 443.3 444.4 440.8 436.6 434 434.2 436.9 441.7 444.6 448.9 456.6 461.2 467.3 481.1 479.3 475.7 474.8 474 482.5 479.4 467.7 465.2 456.6 448.3 451.7 452.5
767 757.4 750.2 745.6 742.8 739.8 736 733.1 727 718.7 709.8 697.4 687.2 680.8 676.6 672.5 666.9 657.3 646.3 634.5 622.7 613.2 605.6 599.4 591.8 581.6 570.8 562 555.8 550 543.6 535.4 534.6 529.7 521 513.5 504 494.7 510 525 532 532.8 530.8 531.6 528 517 506.1 498.2 485.7 473.9 462.6 452.3 438 432.5 428.3 426.3 423.8 426.5 431.8 436.6 441.4 447 455.1 464.2 470.2 477.2 469.7 460.7 455.5 460.6 464.2 462.6 453.4 456.3 456.3 446.2 446 448
763.4 750.8 744 737.6 733.2 728.3 725.8 724.4 719.6 711.6 700.8 690 683.4 678.7 673.9 668.7 663.1 655.2 646.1 633.5 620.7 612.9 605.8 600.7 592.7 583.7 575 565.3 558.6 552.4 548.2 541.8 532.2 527.8 520 509.7 501 495.6 489.8 502.6 511.1 514.2 510.8 512 509.3 502.9 496.3 487.5 475.3 465.6 454 440.3 432.7 421 415.4 416.3 414.6 421.4 424.4 430.1 440.1 447 459.1 471.2 469 466.7 456.9 447.5 443.7 445.4 454.3 452.5 444.7 445.1 448.6 443 447.2 448.5
760 747.9 739.5 730.3 722.9 717.7 715.1 714.2 710.9 703.2 693.5 685.9 679.9 673.6 668.7 662.6 658.1 651.6 645.1 631.9 620.8 612.6 607.8 602.9 595.2 586.6 577.8 569.5 561 554.8 551.4 548.7 539.7 533.5 526.8 519.2 512.9 505.7 494.8 479.9 482.9 492.4 490.9 490.1 489.6 485.9 482.5 475.2 464.9 455.2 444.8 434.2 426.6 418.4 408.8 407.9 403.7 414.1 418.7 427.6 439.3 443.4 455.7 461.9 453 450.6 441 435 434.8 433.3 435.6 436 436.6 435.2 434.9 437.7 445.5 442
756 743.2 732.4 719.7 713 708.8 706.2 705 701.6 694.6 687.5 681.2 675.3 668.1 662.4 656.1 651.3 648.2 640.3 627.8 619.6 611.6 607.4 602.5 597.3 591.5 584.8 575.2 566.1 559.4 562.3 556.1 545.6 539 531.7 522.9 517 510.2 502.9 492.9 471.8 466.1 466.5 466 467.8 469.2 466.9 461.9 454.1 446 435 427.9 419.7 411.3 405.7 396.4 394 402.9 413.7 422.1 430.8 436.3 441.8 442.2 437 429.7 425.3 423.1 423.5 425.9 423.8 424.3 427.3 429.6 425.4 430.7 442.3 439.8
752.5 739.4 725.6 712.2 706.1 701.4 696.5 696.6 694.2 688.8 681.8 675.9 668.5 662.6 655.4 649.5 645.5 641.6 634.5 625.3 616.9 610.3 605.7 602.2 598.3 596.8 590.5 579.6 569.7 565 569.4 564.6 557.5 549.2 539 529.2 521 514.4 508.4 500.5 493.3 480.9 471.4 459.2 447.6 450 451.7 447.5 442.1 433.8 428 416.2 405.2 400.3 394.5 384 380.7 398.4 407 414.9 420.7 429.8 428.6 426.6 420.2 417.7 414.4 412.2 412.9 414.3 414.3 415.5 415.3 420.9 421.4 421.7 435.7 434.4
747.7 734.4 722.7 706.8 698.3 693.8 689.8 687 686.3 681.9 676.2 669.4 660.9 653.7 647.1 642.2 638.2 634.3 627.9 621.2 613 608.7 603 600.9 598 598.7 590.4 583.2 571.5 567.9 572.3 572.8 570.8 563.7 549.5 537.2 528.4 520.3 513.4 506.8 498.2 487.4 478 469 458.2 447.6 434.6 431.6 429.1 416.6 406.3 407.9 406.2 394 383.7 374.8 368.9 390.5 398.6 407.2 410.5 413.3 415.2 411.7 407.4 405.8 403.5 401.8 403.2 405.8 403.6 406.4 408.2 411.1 415.3 415 424.6 422.9
742 729.6 719.7 701.5 691.1 685.2 679.2 676 674.9 673.2 667.1 658.3 650.4 643.4 637.5 632.6 628.6 624.8 621.1 614.4 609.2 604.5 600.8 598.4 596.6 595.2 587.5 582 572.2 570.2 574.6 579 584.5 581.1 564.1 549.3 538.6 530.8 522.6 514.9 506.9 496.6 486.9 476 466.4 457.8 448.5 437.4 431.3 431.4 435.9 430.9 426.2 417.2 403.7 389 368.3 372.2 387.1 395.1 398.8 399.5 397.8 395.6 395.4 392.8 391.5 393.1 396.7 395.1 394.9 396.3 398.2 404.8 406.8 409 412.3 415.6
736.5 726.6 717.1 699.6 687.7 679 669.4 663.4 662.3 660.3 655.3 647 639 633.1 626.7 623 619.5 616.7 612.5 608.3 603.7 598.8 596.5 594 593 589.6 584.4 577.1 573.4 571.7 577.1 584.5 591.6 590.1 576.4 567 554.5 546 537.5 530.6 521.1 511.9 498.8 486.5 476.9 469.7 460.8 456.1 453.3 450.2 445.2 439.7 430 419.6 407.1 395.7 379.4 351.7 374.7 382 384.8 382.3 381.6 383 380.8 379.5 380.5 382.7 387.5 385.7 385.7 386.3 391.7 398.5 401.6 395.7 399.2 407.6
734.4 726.5 714.8 699.9 686.2 673.1 660.4 650.7 649.1 645.3 641.4 634.1 627.7 620.8 616.5 613.7 611 608.4 605.5 602.9 598.3 592.9 589.1 587.7 586 582.8 578 574.3 570.8 573 581.2 588.3 592 587.6 582.1 578.3 573.3 569.5 565.6 550.2 539.5 529.5 514.3 501.1 490.3 481.9 474.9 468.5 467.3 463.1 457.3 447.6 433.4 422 408.5 396.4 385.3 367 349 366.1 365.3 362.9 362.7 367.9 366.8 367.8 370.1 374.5 376.6 376.5 376.6 378.2 383.8 394.5 392.9 390.2 391.6 395.4
735.1 726.2 713.9 698.4 687.6 674.8 661.3 642.1 627.6 630.6 627.8 621.8 617.5 611.9 608.2 606 603.1 600.9 597.7 595.8 590 584.9 581.9 579.8 577.9 575.3 572.3 569.8 568.8 573 580.2 589.7 590.4 587.4 585.1 585.8 589.2 597.1 592.1 576.2 565.3 550.8 530.2 515.6 506.9 498.6 489.9 484.2 483.4 479.5 469.6 458.2 438.9 424.7 411.9 400.2 388.8 377.2 357.4 338.6 345.9 349.2 349.8 349.7 355.3 357.2 361.3 364.9 367 367.8 368.7 370.6 376.9 384.8 388.2 386.7 382.6 394.4
736.1 726.8 715.5 702.2 689.1 675.7 661.6 644.8 633.1 616.2 615.3 612.4 608.7 604.8 601 597.8 595.5 591.8 588.5 586.2 582.4 578.5 575 573.2 570.4 567.3 566.4 564.5 563.2 570.1 577.8 584.8 584.1 582.6 584.8 590.1 594.6 599.5 595.8 588.2 575.8 559.3 535.2 523.4 515.7 508.4 498.8 501.9 504.4 494 483.4 468 445.4 431.7 417.1 404.5 390.9 380.9 369.2 352.3 330.3 330.7 333.6 335.6 339 346.2 352 355.5 358.2 359.2 360.3 362.9 366.8 369.1 379.1 377.6 373.1 389.1
738.3 729 718 705.3 694 679 662.5 646.2 631.7 613.3 599.6 600.2 600.2 596.8 592.9 590.3 587.6 584.6 581 578.4 576 572.3 569.2 566.5 562.9 559.9 559 556.7 555.5 563.2 571.3 574.3 574.4 575.5 581 587.3 591.2 593.8 591.9 585.3 565.1 550.2 532.2 524.1 516.1 506.5 502 516.1 513 496.7 492 476 454.3 439 422.1 407 392.6 381 370.9 357.7 342.1 330.6 317.9 322.4 331.8 338 343.5 347.3 349.1 350.2 352.2 354.1 355.2 355.9 361 363.5 367.1 375.1
740 731.3 721.2 707.1 695.8 682 663.9 647.5 627.9 611.3 597.4 586.8 588.1 586.3 583.6 580.2 578.1 576.7 573.9 571.2 568.8 566.2 563.5 559.4 553.9 551 550.4 548.5 547.1 553.7 560.1 562 563.2 565.8 571.6 578.4 581.7 581 582 572.7 556.2 540.4 527.9 517 507.8 495.9 499.2 512 505.1 498.8 493.9 471.5 456.7 444.2 427.4 410 394 382.5 370.6 357.2 346.3 340.9 326.8 312.2 326.1 330.5 334.8 338.8 340.8 341.8 342.5 342 343.3 348.7 356.3 363.7 367.8 371.1
741.8 733.1 723.5 710.4 696.7 683.3 665.7 646.5 625.7 610.4 597 584.5 570.7 575.1 572.2 570.2 569.8 568 565.8 563.8 561.4 558.8 555.7 551.9 547.3 542.6 541.8 539.6 538.3 542.3 546.9 550 551.4 554 559.1 566.1 568.8 567.7 567.7 557.9 544.3 534.5 517 505.8 493.5 487.4 490 493.5 493.2 492.5 484.3 466 458.8 445 429.8 413.3 396.4 381.9 368.9 355.6 346.5 342.9 328.1 313.8 317.7 321.7 324.6 328.5 331.8 332.6 333.2 332.2 331.5 341 351 356.7 366.7 373.8
743.1 734.3 724.5 712.4 698.8 684.1 666.1 646.1 626.2 610.4 596.6 581.8 570.5 558.8 559.8 560.9 560.7 559.3 558.2 556.2 553.9 551 548.5 545.3 540.3 532.2 532.6 531.2 528.3 530.9 533.3 537.4 538.8 541.7 546.5 551.8 555.7 556.1 554.6 545.9 536.4 527 506.4 494.1 482.8 475.4 474.8 476 477.6 474.7 471.4 462.8 458.3 440 433.8 415.6 398.4 379.7 365.1 352.5 344.5 340.6 325.3 306 301.3 310 314.1 318.8 321.9 323.5 325.5 322.4 321.4 331.4 338.2 356.8 374.1 377.2
743.7 734.8 725.2 713.4 700.5 684.6 665.2 646.3 628.4 611.4 596.6 579.9 568.2 556.9 548.9 550.2 550.5 551.2 550.4 548.7 545.5 542.9 540.5 537.9 533.1 527.4 523.4 523 520.2 518.6 519.3 523.9 526 528.1 532 537.4 542.4 544.5 543.1 538.5 530.6 518.2 496.9 481.5 471.9 464 458.7 458.1 458.2 455.5 452.2 454.8 448.8 431.3 427 412.8 393.1 375.2 358.5 346.6 341.4 336.6 327.7 308.4 294.2 300.5 297 304.2 308.1 313.3 315.4 310.5 314.2 322.9 335.8 356.6 372.2 373.4
