app/static/ascii/NH82.asc
ncols 200
nrows 200
xllcorner 280000
yllcorner 820000
cellsize 50
[rows 105 to 139 of 200, columns 78 to 155 of 200]
400.8 391.3 389.4 365.8 357.1 375.1 381.9 404.2 410.5 425.3 437.4 448.3 458.8 468.8 479.2 489.8 501 512 520.7 531.3 543 548.6 548.5 541.4 534.4 524.2 510.5 497.2 484 469.7 455.5 441.5 431.2 421.5 412 402.4 395.5 388.2 376.9 374.7 367.3 362.6 363.3 361.5 354.7 354.9 354.4 353.8 353.5 352.9 351.7 350.5 349.5 348.9 348.8 349.4 350 350.7 351.1 352.4 353.2 353.2 355.7 360.1 363.4 361.7 365.3 368.1 367.1 363.3 358.5 352.4 350.1 348.2 346.5 345.7 344.5 343.5
399.8 390.6 391.9 371.3 354.6 369.6 377.9 388.5 401.2 417 426.9 437.4 447.1 457.5 468.4 478.9 489.2 501.1 511.9 523.4 534.8 541.7 541.1 533.2 525.8 515.9 502.6 488.7 474.7 459.9 446 434.9 424.5 416 405.9 398.1 391.1 376.2 369.3 364.9 361.1 358 356.2 354.4 353.9 353.2 352.8 352.4 352 351.1 349.6 348.3 347.8 347 347 347.9 348.1 348.7 351.3 353.3 353.3 351.5 352.2 355.2 358.3 358.9 362.6 366.5 364.6 360.9 355.6 351.4 349.2 347.2 345.7 344.8 344 343.4
395.1 389.9 389.6 374.3 356.2 356.9 365 381.3 397.4 408.5 417.6 427.3 437.7 448 458.2 469.3 481.2 492.4 504.2 515.7 527.6 536.3 536 526.7 518.1 508.2 493.8 480.5 465 451.3 438.3 427.5 418.8 410.2 402.1 395 387.2 369.5 363.1 360.8 359.9 356.5 355.3 354.1 353.5 352.7 352 351.6 351 349.8 348.3 347.8 347.4 347 345.9 345.6 346.4 347 347.8 352.9 352.7 352.2 350.5 353.3 354.2 357.9 359.7 361.6 360.3 358.1 354 350.8 348.6 346.4 345 344.3 343.6 342.3
385 389.2 384.1 372.9 364.5 354 357.7 379.1 388.3 400.2 408.7 418.5 428.6 438.9 449.1 460.6 473 486.8 497.4 508.4 520.3 531 532.1 522.9 515.4 503.1 488.3 473.2 458.2 443 430.8 421.3 413.4 405.4 398.5 392 379.9 365.4 360.1 359.8 359 355.2 356.4 355.7 353 352.3 351.5 350.7 350.1 349.6 351.4 348.4 348.2 347.8 347.3 345.9 344.7 345 344.9 344.7 344.9 347.1 347.8 350.2 353.7 355.4 349.3 355 355.9 354.4 352.1 350.8 348.5 346.5 345.1 343.9 343.2 342
385.3 389 386.2 378.3 376.7 364.4 352.9 371.6 382 394 403.9 413.1 422 429.8 440 451.6 466 480.5 492.7 504.7 516.7 527.2 530.6 522.8 513.1 500.6 485.9 468.1 451.3 436.2 424.9 416.1 408 400.9 394.9 388.4 371.9 361.2 357.9 358.2 356.9 354.5 356.2 364 354.9 351.7 351.3 351 349.7 349 350.4 349.7 348.4 347.3 346.7 346.1 345.3 343.5 343 341.9 342.9 340.4 343.3 347.5 351 349.9 334.3 332 338.8 351 350.3 350.2 349.8 346.6 345.3 343.9 342.8 341.8
385.5 388.8 389.2 380.6 378.6 364.9 351.4 366.4 381.5 383.6 396.7 407.8 416.2 422.5 431.2 443.7 458.7 474.4 487.5 501.3 513.6 522.7 526 522.9 512.5 499.9 482.6 463.6 446.3 430.3 419.5 410.8 402.7 397.1 391.8 381.7 364.2 358.5 355.4 354.6 354.5 356 362.8 367.1 353.2 351.6 351.4 351.2 350.6 350.4 353.1 351.9 348.6 347.4 347.4 347 346.7 344.8 342.5 340.5 341.2 342 344.8 351.3 355.3 341.7 332.3 334.4 331 332.2 337.9 342.1 347 346.5 345.2 344 342.7 341.6
384.4 385.3 390.2 385.8 376.7 364.2 351.9 361.8 379.9 381.3 388.1 399.2 409.1 417.4 423.6 434 450.3 465.6 480.1 494.4 508.7 516.9 521.4 520.5 511.9 498.3 479.5 458.7 440 425.5 414.2 405.4 399 393.7 387.9 370.2 361 357.1 354.4 353.6 355.7 364.1 360.6 357.9 352.5 351.9 351.4 350.3 349.4 352.1 356.6 356.9 354 349.5 348.2 348.6 348.1 346.9 345.6 344.7 341.7 339.9 345.5 350.5 350.4 335.8 340.9 352.5 342.2 333.1 328.8 333.8 343.7 344.7 344.5 343.8 343.5 341.8
383.2 382.8 389.7 387.5 380.6 367.3 352.3 350.4 370.1 380.2 383 392.9 403.1 411.4 416.7 426.7 441.4 455.6 470.3 485.6 500.8 509 513.6 514.3 509.2 494.2 473.3 452.2 431.6 419.7 409.8 401.5 395.7 390.2 383.7 365.6 359.2 355.1 353.4 352.9 355 356.2 353 353.2 352.3 351.5 350.5 349.4 348.5 358 362.7 360.7 358.5 356.1 355.9 357.6 359.4 359.6 356.9 355.7 352.8 345.2 336.6 345.1 345.9 333.9 350.8 354.8 352.2 350.5 343.8 331 335.6 343.2 344.6 344.2 343.9 342.6
384.4 381.2 386.6 385.5 379.4 372.5 354.6 349 358.6 374.2 380.2 384.5 396.3 405.4 410.8 419.5 430.6 445 458.2 473.8 489.6 500 506.1 507.5 501.5 486.1 465.1 446.1 426.4 414.7 404.5 398.3 392.1 385.4 374.6 360.9 357.9 356.2 352.7 353.4 355.9 355.5 354.5 352.9 352.1 351.5 349.9 348.7 352.2 364.1 366.2 363.7 361 358.7 359.6 359.7 361 361.2 359.6 358.5 356.5 355.5 347.6 336.9 335.6 335.5 351.9 354.5 353.1 350.6 348 340.5 323.4 326.9 334.2 342 342.6 341.3
387.1 379.8 383.5 377 376 367 359 349.6 350.2 365.7 377.5 380.3 388.9 398.4 405.2 412.9 423.8 435.3 447.8 461.4 477.5 490 497.3 498.5 492.1 476.6 458.1 438.5 419.2 409.2 400.4 394.2 386 374.8 366.3 360.7 357.2 357.7 352.6 355.8 358.8 358.1 354.1 352.8 352 351.2 349.6 351.6 360.3 371 368.5 366.5 362.1 359.8 359.3 359.6 360.6 361.3 359.2 358.4 357.6 356.4 353.3 346.2 342.3 340.4 353.5 354.2 352.6 350.2 347.4 343.9 336.8 325.1 321.2 324.1 327 328.7
399.5 387.6 378.4 380.9 378.5 374.9 364.5 351.2 348.1 360.7 373.6 377.7 381.6 389.3 398.2 406.3 415.9 427.1 438.5 450.1 465.3 479.1 484.1 484.8 478.2 465 449.3 431.9 412.7 404.1 396.3 389.9 378.1 368.4 361.5 359.7 358.6 355.6 351.6 353.2 356.1 353.3 353.2 352.6 351.6 350.2 350.6 357.8 367.7 373.5 369.7 366.2 361.9 359.2 358.8 359.5 360.2 360.4 359 357.8 356.1 353.4 349.9 350.9 352.5 352.3 352.6 352.7 351.8 349.5 346.2 343.5 342.1 337.3 330.6 324.6 321.2 320.8
404.5 404.3 381.9 383.8 380.5 379.4 377.3 363.3 346.5 355 365 372.8 377.9 384.5 390.4 399.7 408.8 419.6 430.1 440.5 453.8 466.3 469.7 468.1 462.6 452.5 435.6 417.7 406.2 397.1 391.1 381.4 370.7 363.5 360.2 358.7 353.5 352.5 351.5 351.5 352.1 351.2 350.9 350.4 349.4 352.1 358.9 365.9 372.6 372.9 370.1 365.1 360.7 358.3 358.4 358.8 359 359.3 357.9 355.7 353.4 351.1 350.4 351.5 352.7 352.2 352 351.8 350.2 347.9 345 342.7 341.1 341 339.1 334.3 333.6 334.5
403.3 396.3 399.2 393 381.5 380.4 380.3 374.5 350.5 349.1 357.1 358.4 360.3 373.4 386.4 392.6 402.6 412.2 422.2 430.7 439.8 454.8 458.8 458.2 451.6 438.8 423 409.7 400.2 390.9 382.9 371.8 363.7 360.8 358.2 353.2 352.1 351.6 353.8 351.7 351.2 351.2 352.4 354 356.4 360.5 367.7 373.2 373.9 372.2 368.4 363.6 360 358.4 357.6 357 357.4 357 355.1 354 352.8 351.3 351.5 351.9 351.9 351.6 351.1 350.2 347.5 346.3 343.4 341.7 338.7 338.2 337.1 334.5 333.8 333.2
406.5 408.1 397.1 393.8 386 381.2 382 378.3 362.1 345.3 349.7 353.8 354.7 360 376.2 387.7 390.6 401.8 412.3 421.4 433.5 446.4 453.1 448.3 439.2 425.4 411.9 401.9 390.2 380.3 372.3 364.6 359.9 352.7 352.3 355.5 356.4 358 361.1 360.7 356.2 354.9 361 363.3 363.8 366.3 370.6 373.5 373.3 371.2 366.5 361.6 359.1 358 357.1 356.2 355.4 355.2 354.4 353.1 351.3 351.6 351.2 350.8 351.4 350.6 348.9 346.3 343.3 340.7 338.9 337.2 336.3 335.5 334.9 334.4 333.4 332.4
410.4 403.8 394.5 389.2 385.9 385.8 381.4 380.9 375.4 354.8 344.4 345 346.6 352.5 367.4 375.9 388.4 390 397.1 411.1 426.7 436 440.3 435.8 426.3 413.7 399.8 386.9 369.5 368.2 363.1 357.3 362.9 362.5 358 362.8 366.6 369.4 369.8 369.5 367.4 365.8 366.9 367.2 366.3 366.3 369.4 372 371.5 369.8 365.5 359.5 358.8 357.6 356.7 355.8 354.8 354.3 353.7 352.3 350.5 349.8 350.1 348.5 344.9 344.6 347.7 347.6 346.1 343.5 340.9 339 336.5 334.9 334.2 334 332.9 331.9
409.6 408.2 403.4 398.9 396 391.9 381.7 382.8 381.4 374.3 358.6 344.7 343.4 342.7 350.2 371.9 382.4 391 390.6 390.6 410.4 421.4 422.9 421.3 413 401.4 385.7 374.2 364.7 363.6 375.8 373.7 373.4 374.3 373.1 374 374.4 373.4 373.9 372.6 371.4 370.1 369.2 368.9 366.1 365.9 367.4 368.7 368.7 367 362.7 359.1 358.4 357.3 356.3 355.7 354.3 353.2 352.9 351.5 350.1 349.2 348.6 348.5 348.7 348.2 346.4 344.8 343.7 341.1 338.9 337.4 335.2 334.4 333.8 333.4 332.3 331.3
407.5 405.7 403.9 399.7 398.1 396.1 390.7 386 381.6 380.4 373.4 360.9 347.9 345.1 344.1 360.7 372.8 381.6 393.8 391.4 390.7 392.1 392.7 402.3 392.8 395.3 374.2 363.7 373.6 379.9 377 374.6 386.5 385.7 384.3 382.5 380.5 378.4 376.9 375.6 374.2 372.4 370.8 367.7 367.7 367.4 365.5 365.8 366 364 361.8 359.3 358.5 357.5 358.5 357.2 355.8 353.6 352.5 352.1 351.4 349.9 348.9 347.8 347.1 346 344.2 342.5 340.9 338.7 337.3 335.8 334.7 334 333.3 332.6 331.8 330.7
406 404.2 402.4 400.6 399.1 398.4 394.1 389.7 382.3 378.1 376.4 370.2 353.4 346.6 343.7 352.7 371.3 375.5 389.9 394.7 406.3 402.4 397.9 395 378.1 370.6 364.2 389.5 389.5 389 387.6 388.7 389.2 391.7 389.9 386.7 384.4 382.9 380 378.4 376.5 375 373 370.4 367.8 367.5 368.9 368.7 367.2 365.7 362 360.6 360.1 358 356.9 355.5 354.3 353 351.8 350.4 350 348.8 347.8 346.8 345.7 343.9 342.2 340.4 338.6 336.9 335.4 334.8 334.3 333.6 333 332.3 331.3 330.1
405.5 404 402.2 400.5 397.7 395.8 393.4 390.1 385.5 380.8 367.9 374.5 368.6 357.5 342.3 347.3 365.5 372.4 375.3 379.7 398.1 393.2 380.2 370.9 366.5 376.4 387.8 400.5 404.8 405.7 405.8 400.8 399.6 397.6 395.3 391.6 388.7 385 385.1 382.7 380.1 375.9 373 370.4 368 366.5 364.2 362.3 361.8 361.1 360.2 359.3 358.8 357.5 356.4 355.2 353.9 352.5 351.2 349.8 348.4 347.4 346.3 345.3 344.3 342.6 340.8 339 337.2 335.7 334.7 334.3 334 333.3 332.7 332 331.1 329.8
404.6 403.4 402 398.9 396.3 393.8 391.4 390.5 388.6 384.8 380.7 376.8 371.3 356.9 343.4 353.2 369.8 372.4 371.9 371 368.8 368.3 375.3 380.5 397.5 403.6 406.1 408.7 410.9 412.3 412.8 411 409.4 408.5 406.3 401.8 397.5 394.8 394.3 389.2 385.3 380.3 375.2 369.3 366.6 365 363.3 362.2 361.6 360.9 360 358.9 357.8 356.9 355.9 354.9 353.5 352.1 350.4 348.8 347.3 346.1 345 343.9 342.8 341.2 339.6 338.1 336.6 335.2 334.2 333.9 333.6 333 332.4 331.7 330.8 329.6
403.1 401.9 400.1 397.6 395.9 393.8 392.1 392.5 392.8 388.3 386.3 382.1 374.7 366.1 343.2 349.2 359.7 371.7 380.1 383.1 381.8 388.5 394.8 399.6 406.8 410.7 414.4 414.3 416.3 418.4 419 419 420.5 421.2 416.7 412.7 410.2 405.6 399.4 393.9 388.3 382.7 378.5 371.9 367.2 365.2 363.5 362 361.4 360.8 359.7 358.5 357.5 356.5 355.7 354.8 352.8 350.4 349.3 347.8 346.2 345.1 343.9 342.8 341.7 340.5 339.1 337.6 336.1 334.7 333.6 333.7 333.1 332.8 332.1 331.4 330.6 329.3
401.7 400.4 398.3 397.3 396.2 394.3 392.6 393.5 393.4 391 387.2 382.9 375.2 370.1 348.8 341.6 356.1 372.4 383.1 384.1 387.6 393.2 400.4 403.8 411.8 416 419.3 421.2 423.7 425.4 427.4 428.8 430.4 429.8 426.3 421.7 416.7 410.9 403.6 397.3 391.6 384.4 378 372 366.7 365.3 363.7 362.2 361.3 360.6 359.5 358.3 357.2 356.3 355.4 353.9 351.1 348.8 347.7 346.6 345.2 344 342.9 341.9 340.8 339.8 338.5 337.1 335.6 334.1 333 333.5 332.9 332.3 331.8 331.2 330.4 329
401.6 399.5 398.3 397.2 396.1 395.2 394.8 394.3 394.2 392.3 388.3 384.1 375.5 365.1 349.5 340.5 358.4 376 386.4 387.3 391 397.5 403.6 408.8 415.4 421 425.2 427.8 430.6 434.5 436.8 439.4 438.1 434.8 431 425.2 419.6 414.3 406.1 399.4 392.4 385.3 378.2 372.1 366.5 365.1 363.8 362.3 361.2 360.5 359.3 358.1 356.9 355.7 354.1 352.6 349.7 347.3 346.1 345.2 344.3 343.1 342 341 340 339 337.8 336.6 335.1 333.6 332.4 332.9 332.8 332.1 331.5 330.9 330.1 329
401.7 399.6 398 397.8 396.7 395.3 394.7 394.7 394.7 392.2 389.5 385.8 376.3 362.6 350.3 340.1 362.9 378.3 383.9 388.2 395.4 402.9 408.8 413.2 419.4 424.3 428.6 435 439.8 443.9 447.3 449 445.9 439.8 434.2 427.9 422.2 414.9 407.1 400.2 393.1 386.1 379 372.2 366.5 365.1 363.5 361.9 361.2 360.3 359 357.6 356.3 354.4 352.8 351.2 348.6 347 346.2 345.4 343.7 342.2 341.2 340.1 339.2 338.1 337 335.8 334.6 333.1 331.7 332.2 332.6 331.9 331.2 330.7 329.9 328.9
401.8 399.8 397.7 397.5 397.3 395.7 394.3 394.5 394.3 391.2 387.7 382.9 374.4 365 349.5 339.6 363.7 379.4 383.7 390.6 399.3 407.6 413.1 417.5 422.3 428.9 435.4 441.4 448 452.8 456.7 454.7 449 442.1 435.4 429.3 422.9 415.2 407.4 399.6 393.5 385.3 377.1 370.9 366.3 364.5 362.7 361.3 360.5 359.3 358.1 356.8 355.3 353.2 351.6 350 348.7 347.2 346.4 344.9 343.2 341.5 340.3 339.3 338.3 337.3 336.2 335 333.8 332.6 331.1 331.6 332.1 331.8 330.9 330.3 329.3 328.4
402 399.9 397.9 396.6 396.6 396.5 393.5 391.9 392.7 389.7 385.2 378.9 369.6 364.9 351 339.3 358.6 379.1 385.9 394.5 402.8 409.4 415.9 421.4 426.6 433 440.6 447.6 455.6 460.2 462.2 457.3 450.3 443.4 436.4 429.3 421.8 414.4 407.2 399.8 391 382.4 375.1 369 365.3 363.7 361.9 360.7 359.5 358.2 357.3 355.9 354.3 352.1 350.4 349 348.5 347.3 346.1 344.4 342.7 341 339.4 338.4 337.5 336.5 335.3 334.2 333 331.9 330.6 331 331.4 331.2 330.6 329.7 328.8 327.8
402.2 400.2 398.1 396 395 392.7 388.7 387.6 387.2 385.8 380.4 370.7 365.3 362.5 350.8 338.7 355.1 372.6 388.7 397.8 404.6 411.2 417.8 424 430.5 436.8 445.1 454.5 461.9 466.8 466.3 458.5 451.6 443.7 435.3 428.5 420.8 413 405.8 396.7 387.8 380.3 373.6 367 364.2 362.9 361.1 360 358.1 357 356.2 355.1 353.3 350.9 349.2 348.4 347.8 347.5 345.6 343.9 342.2 340.5 338.8 337.6 336.7 335.7 334.5 333.3 332.1 330.8 329.9 330 330.3 330.2 329.9 329 328.1 327.2
402.5 400.5 398.4 395.7 392.7 390.2 388.7 388.5 387.4 383.8 377.8 366.4 365.3 357.9 345.5 339.9 355.8 369.4 385.6 399.9 406.5 413 419.6 427.7 433.8 440 449.8 460.2 467.6 473 469.2 460.7 452.5 442.6 434.3 428.5 420.3 410.7 402 393.7 386.2 378.7 371.7 365.4 363.1 361.8 360.3 358.7 356.8 355.9 355.1 354.2 352.3 349.9 348.3 347.9 347.7 347.5 345.9 344.1 342.3 340.5 338.8 337.1 336.6 335 333.4 332.1 330.7 329.8 329.3 329.2 329.4 329.5 329.1 328.3 327.4 326.5
402.8 400.8 398.1 395.3 391.1 389.5 388.5 388.1 382.2 378.5 374.8 367.3 360.3 346.5 338.6 345.8 361.9 379.2 393.9 401.7 408.2 414.8 421.3 429.2 436.1 443.3 453.7 463.5 471.7 475.6 469.6 461.6 452.7 441.6 434.7 428.5 417.7 407.6 399.1 391.4 383.9 376.5 369.1 364.3 362.7 361.2 359.4 357.3 355.6 354.8 354 353.2 351.1 348.7 348.2 347.9 347.7 347.4 346.7 344.3 342.5 340.7 338.1 337.3 336.2 334.5 332.4 330.6 329.6 329.1 328.6 328.3 328.4 328.8 328.4 327.5 326.6 325.8
402.7 400.4 397.7 393.7 389.2 388.6 388.1 383.1 376.1 377.4 370.7 362.9 352.7 339.5 340.1 351 368.8 385.8 396.7 403.4 410 416.5 424 432.3 439.4 446.3 456.5 465.7 473.4 475 469.3 461.6 451.3 441.4 434.5 424.8 414.2 404.5 396.8 389.1 381.6 374.2 366.8 363.8 362.3 360.5 358.4 356.2 354.2 353.3 352.4 351.4 349.6 348 348.3 348.1 347.6 347.4 347.1 345.1 342.8 340.3 337.8 337.4 335 333.3 331.7 330.2 328.7 327.5 327.3 327.3 327.4 328.1 327.6 326.8 325.9 325
401.5 399.5 396.8 391.8 389.1 388.4 388.2 379.6 373.5 376.1 366.8 358.1 345.4 338.5 341.1 356.1 374.8 390.5 398.7 405.3 411.8 418.1 426.9 434.9 441.7 449.4 459.1 467.4 473.1 471.6 466.5 460.1 449.1 439.7 430.9 421.3 410.6 402.1 394.4 386.8 379.3 372.1 365.9 363.6 361.7 359.4 357.2 355 353.3 351.7 350.8 349.5 348.4 347.7 348.1 348.3 347.9 347.5 347.2 346.5 344.9 340.8 337.9 336.2 334.6 333 331.5 330 328.5 326.9 326.5 326.3 326.5 327.4 326.9 326 325.1 324.3
401.4 399.4 395.1 390.9 389.1 386.7 385.4 370.1 370.2 371.2 360.8 351 340.3 339.7 347.8 363.7 381.4 392.7 399.8 406.2 412.6 420.4 429 436.2 443.2 451.9 460.9 466.8 467.7 467.2 463.4 456.5 447.1 436.7 427.6 418.4 408.3 399.9 392 384.4 377.2 370.1 365.4 362.7 360.8 358.4 356 354.1 352.3 350.6 349.8 349.5 349.2 348.7 348.3 348.4 348.8 349.6 349.8 349 346.3 342.5 338.4 336.4 334.4 332.8 331.3 329.8 328 326.6 326.2 325.9 325.7 326.5 326.1 325.2 324.4 323.5
402.6 399.2 393.7 390.7 389.7 385.4 373.7 367.7 366.2 361.4 349.9 344.9 337.7 341 355.5 372.8 386.9 394 400.5 407 413.6 421.6 430.1 437 445.6 453.4 459.6 463.1 463.1 462.9 459.3 453.3 444.6 434.5 425.7 416 406.6 398.3 389.9 380.3 373.3 368.4 365.2 362.5 360 357.5 354.9 354 353.4 352.8 351.9 351.7 351.4 350.9 351 350.9 351.4 352.2 352.3 351.5 348.9 344.9 339.5 336.6 334.5 332.6 331 329.2 327.5 326.4 326 325.5 325.3 326 325.4 324.5 323.7 322.8
402.1 398.4 391.9 389.2 383.3 380.2 370.4 366.5 358 350.2 346.8 341.2 337.4 348.9 367 381.8 388.6 395 401.3 408.1 414.8 422.7 430.9 438.7 446.5 453.3 457.7 459.8 460 458.6 455.2 449.5 443.1 435 426.2 416.3 406.3 397 388.6 378.7 372.3 368.5 365 362.3 359.4 357.6 356.9 356.5 355.8 355.6 354.3 353.8 353.6 353.9 355.4 354.5 354.1 354.9 354.8 353.9 351.6 346.3 341.4 337.1 335.1 332.5 330.5 328.7 326.9 326.2 325.7 324.9 324.8 325.2 324.6 323.8 322.9 322.1
401.9 394.8 391.5 390 386.6 384.9 375.6 369.9 352.6 347.1 341.5 337.5 339.7 358.4 375.8 384.6 389.9 395.7 402 408.7 415.7 423.8 431.8 439.4 446.4 451.8 455.6 456.7 456.9 455.9 454.1 447.9 441.1 435.1 425.9 416.3 406.3 396.2 387.2 379.1 373.3 368.3 365.1 362.7 360.9 359.9 359 358.7 358.4 358.3 357.5 357 356.9 358.3 359.3 358.2 357.2 357.5 357.2 356.4 354.5 349.1 342.6 338 335.1 332.3 330 328.2 326.4 325.9 325.1 324.3 324.4 324.4 323.8 323 322.2 321.3
