app/static/ascii/NH83.asc
ncols 200
nrows 200
xllcorner 280000
yllcorner 830000
cellsize 50
[rows 0 to 34 of 200, columns 0 to 77 of 200]
544.1 536.3 530.9 527.1 522.9 527.3 533.4 544.6 555 563 568.1 571.4 575.3 578.1 579.6 581.3 582.9 584.4 585.7 586.8 588.6 587.6 586.6 585.5 585 585.1 586.8 588.2 589.9 590.3 590.1 589.4 587.5 586.4 585.6 585.2 585.9 586.8 587.7 588.4 588.5 588.5 588.2 586.1 583.5 582.2 580.8 580 580.4 580.9 581.9 582.4 582.9 582.4 582.1 583.3 584.1 585.2 587.8 590.3 592.1 593 590.3 587.2 582.5 578.8 575.7 573.2 571.3 568.7 565.1 560.6 551.5 544.7 549.1 547.9 544.9 537.6
547.1 539.2 534.8 530.5 525.4 529.3 534.4 541.3 552.4 561.9 568.7 573 577.2 580.1 582.5 584.2 586 587 587.7 587.9 588.4 588.1 587.5 586.2 584.4 584.8 586.7 588.7 590.7 590.7 590.7 590.4 587.7 586.3 585.1 583.9 586.4 587.2 588 588.7 588.6 588.3 588.1 585.9 584.1 582.5 580.5 579.5 579.8 580.1 580.6 581.5 582 583.4 584.5 585.5 586.6 588.6 591.8 595.4 597.6 597.7 596.9 592.5 585.2 579.5 576.4 573.5 568.6 565.6 560.3 556.8 552.7 555.2 557.2 555.2 551.8 544.3
548.4 542.3 537.6 532 531.2 532.4 536.2 541 549.2 559.8 567.4 573.6 578 580.9 583.1 585.3 587.2 588 588.5 588.2 588.7 588.2 587.4 586.7 584.1 583.5 586.1 588.5 590.6 590.5 590.2 588.9 587 585.9 585.5 583.9 586 586.4 587.2 588.8 587.9 587.5 586.6 585.4 584.2 582.9 581.5 579.8 579.6 579.9 580.2 581.3 582.9 584.9 586.2 587.2 589.1 591.3 595.2 598.8 601 601.8 600.7 595.9 586.5 580.6 577.7 574.4 570.8 568.5 567.6 564.3 561.5 562.4 563.3 559.6 555.9 547.9
548.4 542.9 538.2 531.7 535.1 536.4 538.4 542.7 548.2 558.2 566.3 572.4 577.4 580 581.7 583.2 587.6 587.4 588 588.5 588.5 587.4 587.8 587 583 582.6 584.5 587.1 589.2 589.5 589.2 587.5 586.2 585.6 585 585.3 585.6 586 586.9 587.8 587.3 587.4 586.7 585.3 583.9 582.7 581.5 580 579.7 579.9 580.5 581.9 583.4 585.4 587.8 589.2 591.7 594.6 598.5 601.6 603.8 604.4 602 595.5 586.6 582.6 579.5 577.1 575 573 571.8 569.5 567.2 566.5 566.3 561.7 558.1 550.9
546.7 542.2 537.5 536.8 538.7 540 541.2 544.4 548.9 557 565.1 570.8 575.8 579 580.9 582.6 586.3 587.1 587.4 588.1 588.4 588.5 587.5 586.2 582.6 582.5 583.8 586.1 587.5 587.7 587.6 586.8 585.4 585.3 584.3 584.4 584.7 585.6 587.2 588.6 588.3 587.9 587.4 586.2 585 583 581.4 580.2 580 580.3 581.1 582.7 584.7 586.8 588.7 590.7 593.6 597.8 601.2 604 604.4 603.4 600.5 594.3 588.6 585.6 583.5 581.1 578.9 577.1 575.2 572.4 570.3 568.2 567.8 563.5 558.2 549.7
544.9 540.8 538.7 540.2 542.2 543.5 544.5 546.1 550.3 556.7 564.5 570.7 575.5 578 581 582.3 584.2 585.7 586.8 588.5 588.4 587.5 586.5 584.7 582.3 580.5 582.7 584.5 585.6 585.6 585.1 584.9 584.4 583.6 583.3 583.5 584.3 585.6 587.5 589.3 589.5 589 588.5 587.3 586 584.7 582 579.5 581.3 581.1 582 584.1 586.1 588.2 589.8 592 594.9 599.6 602.6 603.8 603.5 602.4 599 594.7 590.4 588.1 586.2 584.3 582.4 582.1 578.1 575.3 571.6 568.4 566.8 564.3 556.5 548.5
543.3 540.4 541.6 543.8 546 546.9 547.9 548.9 552 556.8 564.1 570.3 575 578.4 581 582.3 582.4 584.7 586.3 587.7 587 586.1 585.3 583.9 581.7 579.9 580.3 581.5 582.5 583.3 582.5 582.2 582.3 582.6 582.2 581.9 584.1 585.6 588.3 590.2 590.5 590.3 589.7 588.4 587.1 585.8 583.4 580.6 581.3 581.3 583.2 585.3 587.4 589.5 590.8 592.8 596 600.2 602.5 602.9 602.7 602 598.8 596.4 592.4 590.5 588.6 586.7 584.6 582.4 580.6 577.1 573.5 569.4 565.2 562.2 554.8 546.9
541.4 542.1 545.5 549.3 550.3 549.8 551 552.2 555.7 558.5 565.1 569.6 574.8 579.3 581.3 582.6 582 583.8 585.8 586.9 585.6 584.2 583.7 583.1 581.1 578.7 577.3 578 578.9 579.9 579.6 579.8 581 581.7 581.1 581.2 584 586.3 589.6 591.3 591.6 591.4 590.8 589.9 588.7 587.1 584.2 582.2 581.8 582.8 584.4 586.7 589 590.7 590.9 592.9 596.6 599.9 602 602 602 601.4 599.8 597.9 596.3 594.4 592.6 588.5 586 583.7 581.7 578.4 574.9 569.1 564.4 559.4 552.1 543.8
543.4 545.5 549.6 552.8 553.5 552.1 552.7 554.5 558.1 561.2 566.7 570.7 576.2 581.2 582.8 582.8 582 583.8 585.5 585.8 584.7 583.4 583.3 581.9 579 575.7 573.7 574.6 575.8 576.8 577.2 577.4 579.5 580.9 580.4 580.8 583.2 586.8 589.6 591.2 591.3 591.3 591.1 590.9 589.8 587.7 585.8 584 583.4 584.1 586.3 588.5 590.6 591.3 590.9 592.9 596.4 599.3 600.8 601.8 601.9 601.9 601.4 600.2 599.8 598 594.4 590.3 586 583.2 581.3 577.7 573 568.3 561.7 551 558.4 559.7
546.5 549.3 553.1 555.7 556.2 554.2 554.2 556.2 560.1 564 568.6 572.7 578.9 584.5 585.5 583.7 582.2 583.4 583.9 583.7 583.5 582.6 580.4 578.2 574.1 570.5 568.7 570.7 572.2 572.6 573.6 574.5 577.2 579.1 579.8 580.7 582.2 585.8 588.9 590.4 590.9 591.1 591.6 591.2 590.5 588.9 587.2 585.6 585 586.1 587.4 589.2 590.9 591.1 591 592.9 595.7 598.1 599.4 600.5 601.7 601.7 602.6 601.3 599.7 597.2 593.3 589 585.1 581.6 579.2 575.6 571.2 566.4 562.5 560.8 563.2 563.5
549.2 552.1 555.2 556.8 557.3 555.6 555.5 557.5 561.9 567.2 571.3 576.3 583.1 588.4 588.1 584.1 582 581.8 581.4 581.1 581 580.1 577.9 574.2 568.2 565.1 564.6 566.2 567.6 568.6 569.3 571.1 574.3 576.7 578 579.1 580.1 583.6 587.4 588.9 590.4 591.4 591.7 591.5 591.6 590.3 588.6 587.7 587.1 588.2 589 589.9 590.5 590.8 591.4 592.9 594.8 596.6 598.1 599.3 600.5 601.7 601.7 599.6 597.1 594 590.3 586.5 583.1 580.2 576.1 572.6 568.6 565.8 560 564.5 565.9 566.3
551.1 553.7 554.9 555.4 555.6 555.2 555.5 557 561.8 567.9 572.1 578.8 585.9 589.7 587.7 581.9 579.6 578.3 578 578.3 577.4 576.1 574.8 569.9 563.6 560 558.8 560.4 562 563.2 563.3 566.6 570.5 574.3 575.4 576.4 577.4 580.5 584 586.4 589.1 591 592.1 592.3 592.4 591.7 590.6 589.9 589.1 589.9 590.7 591.3 591.5 591.7 592.3 591.6 593.2 595 596.6 598.1 598.7 598.8 597.8 596.1 593.7 590.7 587.1 584.6 581.8 578.9 570.9 571.3 566.1 562.4 566.8 568.9 570.3 570.3
550.9 552.6 553 552.8 552.7 552.5 553 554.9 558.9 564.4 570.3 578.8 586.6 585.8 581.8 578.2 575.8 573.3 572.7 572.2 571.5 571.7 569 562.3 557.1 554.4 553.2 554.2 555.8 556.1 557.2 561.4 567.1 570.9 572.5 573.5 574.6 577.3 580.2 583.9 587.3 590 591.1 591.9 593.3 593.4 592.9 592.2 591.2 591.3 592.1 592.4 592.6 592.8 592.4 591.4 592 593.7 595.6 596.2 596.6 596.3 595 593.1 590.2 588 585.9 583.7 581.7 579.2 574.9 570.1 565.7 567.1 570.1 572.1 573.7 574.3
550.1 550.6 550.3 550 549.5 549.7 550.1 550.7 554.8 560.5 568 577.3 582.1 580 575.7 572 568.9 565.8 564.9 564.2 563.3 562.1 559.8 554.8 550.7 548.7 546.7 547.9 548.6 549.4 551.8 556.9 562.7 567.1 569.5 570.7 572.1 574.6 578.4 582.3 585.4 588.1 590 591.8 593.8 594.3 595.3 594.5 593.5 593 593.4 593.6 593.7 592.9 592.1 590.9 591 592.7 594.2 594.4 594.5 593.9 592.4 590.2 588.5 586.9 585.2 583.5 582 577.4 574.1 570.1 569.4 571.2 573.7 575.4 577.8 579.3
547.1 546.1 545.4 545.2 545.3 545 544.4 545.5 549.7 556.5 563.6 572.1 575 573 569.5 564.5 559.6 556.2 554 552.9 552.8 552.1 549.5 547 544.2 542.6 540.1 541.2 542.6 544.3 548.6 554.9 559.7 563.9 566.5 568.4 570.3 573.3 577.4 582.1 584.7 587.5 590 592 594 596.2 598.5 597.6 596.7 595.9 595.6 595.4 594.2 593.4 592.5 589.4 589.4 591 592.4 593.4 593.5 592.9 591.2 590.1 588.9 587.3 585.1 583.3 580.1 577.2 575.2 573.8 574 575.3 577.1 580 582.4 584.3
543.2 542.1 541 539.9 538.8 538.3 538.4 539.9 543 549.8 556.7 562.5 565.7 564.6 561.1 554.9 547.9 543.4 541.6 541.4 542.1 541.3 540.2 539 537.1 535.7 533.7 535.4 537.9 542.4 547.7 553.4 558.2 561.7 564.5 567 569.6 573.4 578.2 583 585.3 587.8 590.4 592.8 595.8 599.4 601.7 600.9 600 599.1 598 596.7 595.4 594.1 591.5 589.6 588.3 589.6 592.1 593 593.1 593.1 592.3 591.1 589.5 587.8 585.6 582.1 578.8 577.8 578 578 579 580.4 582.5 585.1 586.9 588.9
537.1 535.7 534.9 533.8 532.3 531.8 531.5 532.4 536.6 541.4 547.4 552.4 554.5 554.2 551.4 545 537.1 533.4 532.1 531.4 531.6 531.2 531.7 530.9 530.4 530.2 525.5 528.1 536.3 540.9 545.4 551.6 557.4 560.9 564.2 566.5 569.7 574.3 579.2 583.8 586.5 589 591.4 594.2 598.8 602.8 604.8 603.5 602.6 600.4 599.1 596.7 595.1 593.6 591.7 589.7 588.6 589.4 590.8 592.5 593.3 594.1 593.5 591.6 589.9 588.3 585.6 582.6 579.8 580.3 581.3 582.2 583.8 585.5 587.9 590.5 591.9 593.1
530.6 529 528.2 527.2 526 525.2 525 525.6 527.3 531.7 536.8 541.6 544.3 543.9 540.1 534.7 528.4 525.7 524.3 523.3 522.6 523.2 523.9 523.9 523.5 522.5 519.9 529.4 535.2 539.4 544.9 551.5 556.8 560.6 564.2 566.8 570.7 575.5 581 585.7 588.7 590.5 594.4 598.2 602.6 606.8 608.8 607.5 604.7 602 599.4 596.6 594.9 593.8 592.4 590.5 589 589.2 589.8 591.4 593.5 594.6 594.1 592.3 590.7 589.2 586.8 584 582.5 582.5 585 586.6 588.3 589.9 592.8 595.1 596.6 594.6
524 522.3 520.7 520 519.2 518.3 517.6 518 519.1 522.2 526.4 530.3 533.3 532.1 528.3 523.5 519.4 516.4 514.8 513.9 513.9 515.1 516.3 517.2 512.7 519.6 525.1 529.7 535.1 539.2 545.7 551.1 556.2 560.4 564 567.6 572.2 576.9 582.3 587.6 590.6 592.7 597 601.5 606.2 611 612.9 611.3 607.7 603.9 600.2 596.6 595.2 593.9 592.7 591.2 589.4 588.1 588.8 590.4 592.7 594.6 594.5 593.2 591.7 590.2 588 585.8 584.2 585 587.8 591 592.6 594.2 596.2 599.2 598.3 595
516.5 514.9 513 512.1 511.8 510.8 509.9 510.1 510.8 513.8 516.6 519.7 521.9 520.4 516.8 512.5 509.8 506.2 504.5 502.3 506.4 508.3 509 506.3 516.2 519 523.8 528.1 533.4 540.7 546.2 550.8 555.9 560.4 564.3 569 574 578.7 585.6 590.2 593.4 595.8 598.9 604.1 609.4 613 614.6 612 607.9 604.6 600.1 596 594.7 593.6 592.5 591.4 588.8 587 588 588.5 590.9 592.4 593.5 593.7 592.4 590.5 588.4 586.4 585.9 586.1 589.4 592.9 594.3 596.8 597.7 597.5 594.3 590.4
508.2 506.1 504.9 503.8 502.9 501.7 500.3 500.3 501.3 502.9 507.8 509.7 511.6 509.3 505.7 501.9 498.4 495.7 495.3 496.4 499.7 497.5 497.5 506.5 513 519.6 524.9 530.7 536.4 542.4 547.8 552.5 557 561.1 565.4 570.4 575.4 580.8 587.9 592.5 595.7 598.1 601.2 607.2 610.8 612.7 613 610.1 605.9 603.6 599.3 595.3 594.1 592.9 591.8 590.3 587.9 586 587.1 587.8 588.2 589.7 590.5 591 590.9 590.6 588.6 586.7 585 584.4 587.1 589.8 591.5 592.4 592 590.7 587.5 583.7
499.6 497.7 496.7 494.7 492.9 491.8 489.6 490.7 490.9 491.4 495.4 498.5 499.8 498.4 495.1 492.1 488.9 484 482 489.2 495.3 504.4 505.5 516 520 523.2 527.8 533.5 538.9 544.2 549.6 553.9 558.4 562.4 567.1 573.3 578.3 583.1 589.7 594.2 597.9 600.2 604.4 608.5 610.5 610.2 609.1 606.1 603.6 601.3 597.7 594.3 592.9 592 590.9 589.1 585.9 584.7 585 586.1 586.3 586.9 587.1 587.7 588.5 587.5 585.1 583.9 582.5 580.8 581.6 583.7 586 586 584.9 582.2 579.3 576.3
490.4 488.6 487.2 485.8 484.4 483.7 481.7 480.6 480.7 482 483.9 487.7 488.5 487.3 484.8 482.5 479.5 481.1 492.2 497.5 504.5 511.3 516 518.1 522.4 525.7 530.7 536.2 541.6 546.9 551.3 555.6 560.1 564.6 570 575.8 581.1 585.5 590.5 596.2 599.9 602.3 605.4 607.7 608 607.2 605.1 602.8 600.5 598.1 595.9 593.3 591.7 591 589.9 587.9 585 583.9 584 584.2 584.5 584.2 583.7 583.6 583.2 581.8 579.2 577.9 575 572.8 574.3 575.3 575.4 575.5 573.8 570.9 569.3 566.1
482.9 481.4 479.1 477.4 475.7 473.9 470.5 470.3 470 470 472 475.1 477.2 477.4 475.8 470.6 478.4 487.6 494.2 499.5 507.8 515 519.4 521.8 524.3 528.5 533.8 539.2 544.3 549.4 553.9 558 562.1 567.5 573 578.1 583.1 587.3 591.7 597.8 600.5 603 604.8 605.5 604.9 604 602.1 600.3 597.7 595.5 593.2 591.2 590.4 589.6 588.4 587 584.5 583.8 583.6 583.6 582.8 582.5 580.3 580.2 577.1 574.3 569.9 565.8 562.9 560.6 561.7 564.5 563.8 562.4 558.1 557.3 554.8 552.4
475.1 473.6 471.1 469.3 467.7 464.3 462.2 460.3 460.4 461.1 463.3 464.4 460 460.3 464.5 474.6 484.1 489.3 496.7 502.6 510.9 518.8 522.8 525.1 527.6 532 537.5 543.1 548.3 552.3 556.5 560.7 564.4 570.1 575.4 580.4 584.5 588.4 592.7 597.4 600.1 601.9 603.1 603.5 602.6 600.8 599.4 597.9 595.4 593.4 591.3 589.5 588.6 587.8 586.8 585.7 583.8 584 583.6 583.1 582.1 580.9 578.7 575.3 570.8 565.1 558.7 550.8 545.9 544.6 547.8 551.1 550.6 548.5 545.1 543.4 540.8 537.4
466.8 465.6 463.3 461.6 459.1 455.9 451.6 448.4 445.1 447 452.3 461.2 465.2 469.9 474.8 480.9 485 490.5 498.3 505.8 514.6 521.7 526 528.4 531.3 536.1 541.8 547.5 552.1 555.9 559.4 563.3 566.9 571.8 577.2 582 584.7 588.5 592.5 596.2 598.4 600.5 601.6 601 599.5 597.7 596.6 596.3 593.7 591.6 589.3 588.1 586.9 586 585.3 584.4 583 583.4 583.3 582.8 581.1 579.1 576.6 570.1 558.2 558.5 541.5 534.2 531.3 531.1 534.7 536.7 537.7 534.8 530.4 528.2 524.2 521
459.6 457.6 455.4 454.1 452.3 444.6 444.4 440.5 448.3 454.2 459.5 463 467 472.2 477.6 482.8 487.4 492.9 500.3 509.9 518.7 524.6 528.6 531.7 535.3 540.6 546.3 551.5 555.9 559.4 562.5 565.4 569.3 573.3 577.1 580.9 584.2 587.7 591.6 595.1 597 598.4 598.8 597.7 596.1 594.6 594.3 594.4 592.1 589.5 587.8 586.7 585.6 584.2 583.9 583 582.2 582.9 583.2 582.5 581.2 579.4 577.1 573.3 564.5 546.1 542.7 535.5 524.7 511.7 519 522.9 524.1 521.6 515.7 512.4 504.8 499.4
454 451.6 449.5 448.1 446.3 437 435.2 445.1 449.1 455.2 459.5 463.5 467.8 473.9 479.7 485.2 490.1 495.5 502.9 513 522.6 528 531.4 534.2 539.4 545.3 550.8 556.1 559.1 562.1 565 567.1 569.5 572.6 576.1 579.3 582.6 585.9 589.5 592.9 594.8 595.5 595.1 594.5 593 591.6 591.6 591.8 590 587.4 585.8 584.8 584 582.5 581.3 581.3 581.3 582.7 583 582.3 581.5 580 577.9 574.6 569 560.7 553.8 546 541 522.8 502.8 498.9 510.5 507.1 499.9 492 488.1 483.5
448.6 446.7 444.7 442.1 434.7 432.6 441.1 446.2 450.8 455.2 459.5 464.5 468.7 475.5 481.6 487.1 492.6 499.2 507.7 517.2 526.4 530.7 534.3 538.6 544.3 550.1 555.6 560.2 561.1 563.5 565.6 567.4 569.4 572.3 574.6 577.3 580.5 583.6 586.9 590 591.4 591.2 590.3 588.7 587.3 586.6 588 589.1 588 585.2 583.9 582.7 581.6 580.4 579 578.8 580.8 582 582.4 581.5 581 580.5 579.4 576.4 571.9 563.4 555.6 549.9 534.2 535.4 515.9 495 492.2 487.1 481.2 478.8 470.1 466.2
443.9 442.6 440.8 438.1 427.1 433.4 440.7 446.3 450.8 455.2 459.7 465.3 470.2 477.8 484.2 489.8 497.2 504.4 513.5 522.3 530.2 534 538.8 544.2 550.2 554.1 558.5 560.3 560.4 562 563.3 566.1 568.6 570.9 573.2 575.9 577.7 580.6 582.9 585.3 586 585.9 584.4 582.4 582.3 582.9 584.8 586 585.4 583 581.8 580.6 579.3 578.1 576.9 576.4 579.1 580.1 581.5 580.7 580.8 581.1 580.5 577.9 572.8 565.6 558.5 544 537.1 517.1 511.2 501.2 484.1 475.9 464.3 455.7 450.9 440.6
439.2 437.8 436.7 425.3 428.2 435.9 441.1 445.7 450.6 455.5 460.3 465.8 471.7 480 485.6 493.2 501.6 509.7 519 527.6 534.8 538.4 544.1 550.2 554.8 558.5 560.4 559.3 555.6 556.1 560.1 563.9 567 569.3 571.2 573 574.7 577.1 579.2 580.8 580.7 580.3 578.3 576.6 577.3 579.2 581.7 582.5 582.4 580.6 579.4 578.2 577 576.1 575.5 574.8 576.4 577.2 578.3 579 580.4 580.8 580.8 578 572.6 568.1 561.6 559.1 551 542.3 534.1 523.5 503.6 484.2 475.8 467.2 473.8 459.8
435 434.3 424.8 421 428 438 443 447.5 452.2 456.9 461.3 466.3 473 481.6 489.3 496.8 506.6 516.1 525.3 533.3 539.4 544.3 550.1 556 559.2 562.8 561.3 557.7 550.5 550.8 555.8 560.4 564.9 567.1 568.6 570 571.8 573.7 575 576 576.1 575.3 573.2 572.9 573.5 575 577 578.9 578.8 578.2 577 575.8 574.7 574.4 574.6 572.2 573.6 574.4 575.5 577.3 579.5 580.5 578.5 575.5 570.7 569.4 566.2 559 550.6 543.3 521.4 511.1 503.7 487.1 481.1 481 466.1 444.9
430.3 429.6 420.7 424.2 433.4 438.3 443.2 447.8 453.1 458.1 462.6 467.8 475.3 483.4 490.9 500.4 512.7 522.1 531.1 538 544.9 551.2 556.8 561.6 564.5 564.2 562.3 555.9 546.2 546.1 551.5 556.8 561.9 564.6 566 567 568.6 569.2 570.7 570.8 571.6 570.7 569.7 569.7 569.8 570.2 572.3 574.9 575.3 575.1 574.7 573.4 573.1 572.8 573.2 571.5 570.7 572.3 573.6 575.2 576.4 576.2 574.5 571 568.2 571.7 567.3 557.3 548.9 543.7 537 530.8 515.8 504.1 492.4 475.4 451.3 470.1
426.6 420 417.7 428.2 434.6 439.3 443.6 448.5 453.8 458.4 463.3 469.4 477.5 485.3 492.8 504.6 517.4 526.5 536.5 543.8 549.1 556.3 560.4 564.9 566 564.7 560.9 548.7 541.7 541.7 546.1 552.1 558.1 560.8 563 563.7 563.1 564.4 564.9 564.7 565.2 565.8 566.1 566.4 566.4 566.6 569.2 572 571.8 571.4 571.2 571.4 571.4 571.2 571.4 569.5 569 570.8 571.5 571.3 571.5 570.6 569.7 565.7 565.2 563.6 559.8 552.6 539.2 543.7 539.5 532.7 524.3 505.1 478.4 466.9 484 483.4
418.2 413 425.3 432.1 436.6 440.9 445 449.6 454.3 458.7 463.9 471.2 478.3 486 495.4 507.2 518.4 529.2 540.4 545.4 551.8 558.8 561.4 563.4 564 562.5 557 545.7 540.3 538.1 540.9 547.6 554 557.8 559.1 558.4 557.9 558.8 558.6 558.4 559.5 560.9 562.1 562.7 563.1 564.5 566.7 568.8 568.6 567.7 567.7 568.2 568.8 569.4 568.9 566.7 567.6 569.4 570.1 569.9 569.3 567.3 565.2 561.7 560.6 559.4 557.6 553.7 544.8 523.8 522.6 511.7 497.9 480.7 483.2 492.8 492.3 487.1
