app/static/ascii/NH89.asc
ncols 200
nrows 200
xllcorner 280000
yllcorner 890000
cellsize 50
[rows 0 to 37 of 200, columns 0 to 85 of 200]
144.5 140.4 141.9 144.8 148 150.1 153 150 147.1 146.9 145.1 141.6 139.1 135.3 131.2 127.8 125.2 121.1 117.4 114 111.4 109.8 108.9 108.7 107.4 105.1 105.2 103.5 100 98.5 92 84.5 83.2 80.9 79.4 76 72.9 69.3 66 61 56.5 51.5 49.2 45.6 42.7 39.8 35.4 32.5 29.2 26.2 21.6 19.2 16.4 14.8 12.2 13.6 12.5 7.9 7.2 7.5 6.4 6.3 5.7 4.9 4.1 3.9 4.6 1.9 1.7 2.3 1.3 0.9 0.2 0.3 0.8 0.9 1.8 3.5 3.9 -1.4 0.5 -0.9 -1.4 -1.4 -1.4 -1.4
145.4 139.5 135.9 136.4 140.4 142.1 144.5 143.2 141.8 141.9 140.9 138 136.3 133.5 130.5 127.6 124.9 120.8 116.7 113.3 109.5 106.4 104.4 104 103.3 102.6 98.6 95.5 91.5 91.3 86.8 76.3 75 72.9 69.5 65.6 62.7 61.6 56.4 53.8 49.7 46.3 42.6 39.6 37 34.4 31.8 28.8 25 20.3 19 16.5 14.6 11.1 12.5 9.9 7.4 6.8 7.1 6.7 5.8 6.2 5.4 4.5 4.4 3.3 1.6 1.2 0.8 1 0.6 0 -0.8 -1.4 -1.4 -1.4 -1.4 0.7 0.3 -1.4 -1.4 -1.4 -1.4 -1.4 -1.4 -1.4
142.3 134.5 130.4 129.5 130.7 133.4 133.7 133.7 132.7 137 134.9 133.6 132.7 130.8 128.6 125.2 122.8 120.3 117.1 114.1 111.2 106.9 103.7 101.1 100 98.4 94.4 89.2 83.6 80.7 78.1 71.2 67.5 64.7 62.9 58.5 55.8 54 50.8 47.2 44.8 43 40 35 32.8 30.5 28 24 20.6 18.7 16.4 14.5 10.1 11.3 9.6 7.2 6.8 6.9 6.9 5.8 6.1 6 5 3.3 2 1.5 1 0.5 0.1 -0.2 -0.1 -0.7 -1.4 -1.4 -1.4 -1.4 -1.4 -1.3 -1.4 -1.4 -1.4 -1.4 -1.4 -1.4 -1.4 -1.4
136.4 126.7 120.4 113.1 118.6 122.2 124.1 125.4 124.6 127.9 128.1 127.2 126.5 125.8 124.4 122.7 119 116.7 114.4 112 108.4 106 103.5 99.8 96.4 89 89.4 87.5 80 73.2 70 65.9 64.6 62.1 59.5 55.7 52.6 49.5 46.7 43.1 40.2 36.4 34.9 31.7 29.8 26.7 23.4 20 17.9 16.1 14.2 12.5 11.9 10.6 8.5 6.7 5.9 6.4 6.6 5.6 5.7 5.5 3.2 1.8 1.3 0.9 0.4 -0.1 -0.6 -0.9 -1.4 -1.4 -1.4 -1.4 -1.4 -1.4 -1.4 -1.4 -1.4 -1.4 -1.4 -1.4 -1.4 -1.4 -1.4 -1.4
130 117.1 107.5 104.2 103.1 108.4 113.9 117.9 115.5 122.7 121.1 120.9 120.5 119.8 119.2 116.9 114.6 111.9 108.6 106.2 104.2 101.3 99 97.2 93.6 88.4 79 77 73.7 72.9 70.2 68.6 61.9 59.6 57.5 55.5 50.3 46.2 43.7 40.8 38 35.8 33.1 29.8 26.2 21 19.4 17.3 15.2 13.7 13.4 9.8 10 8.8 6.7 7 7 6.7 5.7 5.4 5.9 4.4 1.7 1.2 0.7 0.2 -0.2 -0.7 -1.4 -1.4 -1.4 -1.4 -1.4 -1.4 -1.4 -1.4 -1.4 -1.4 -1.4 -1.4 -1.4 -1.4 -1.4 -1.4 -1.4 -1.4
113 102 90.7 85.9 92.3 95.6 102.4 108.5 103.9 114.2 114.4 115.6 115.1 115.9 114.4 110.9 108.2 104 101.1 99.7 97.8 95.3 92.4 89.7 83.6 78.9 75.7 68.5 70 68.4 69.5 64.3 59 57.2 55.5 50.6 46.8 42.1 40.7 35.6 34.3 33.5 30.6 24.1 19.5 17.8 16 14 13.1 10.9 9.1 9.1 9.1 7 6.5 7.3 7.8 6.7 6 6.1 5.1 1.4 0.8 0.5 0 -0.4 -0.8 -1.4 -1.4 -1.4 -1.4 -1.4 -1.4 -1.4 -1.4 -1.4 -1.4 -1.4 -1.4 -1.4 -1.4 -1.4 -1.4 -1.4 -1.4 -1.4
97.9 93.2 85.2 69 76.7 84.7 91.9 94.2 99.1 104.6 106.6 107.8 109.1 107.5 105 103.1 98.2 96.2 92.9 89.8 86.5 85 81.2 77.2 74.3 71.2 67.1 57.5 62.8 64.8 62.4 56.8 54.5 51 47.7 45.5 43 38.7 36.6 33.4 31.2 27 21.2 17 15.5 14.7 13.4 11.2 10.1 9.3 8.1 8.6 7.9 6.7 6.3 7 7.1 5.7 5.7 5.5 1.3 0.4 -0.2 -0.4 -0.7 -1.4 -1.4 -1.4 -1.4 -1.4 -1.4 -1.4 -1.4 -1.4 -1.4 -1.4 -1.4 -1.4 -1.4 -1.4 -1.4 -1.4 -1.4 -1.4 -1.4 -1.4
94.6 90.3 79.1 66.6 62 69.2 76.6 79.6 84.1 88.3 91.8 95.1 95.9 95.9 93.3 91.5 89.3 86.7 83.4 81.8 80.2 76.3 72.9 70.5 68.5 65.4 63.7 55 55.3 57.5 54 51.2 48.6 46.2 44.4 41.2 38 35.2 32.9 28.9 22.5 18 14.8 14 13 11 10.3 9.3 8.1 7.8 7.6 8.2 7.2 6.5 6.1 6.8 6.3 4.9 1.9 1.5 0.2 -1.4 -1.4 -1.4 -1.4 -1.4 -1.4 -1.4 -1.4 -1.4 -1.4 -1.4 -1.4 -1.4 -1.4 -1.4 -1.4 -1.4 -1.4 -1.4 -1.4 -1.4 -1.4 -1.4 -1.4 -1.4
78.6 74.9 70.6 70.3 63.1 56.1 64.9 67.8 70 70.8 74.8 76.2 78.7 76.9 74.6 72.8 73 73.1 72.1 70.2 68.7 67.4 66.9 63.3 63 58.6 58 52.2 39.9 50.3 49.1 45.3 43.9 41 39.3 37.3 35.4 34.6 26.7 19.1 17.1 14.1 12.1 10.9 9.8 8.8 7.9 7.2 7.4 6.2 6.8 8.4 7 6.3 6.4 6.9 5.1 1.4 0.3 -1.4 -1.4 -1.4 -1.4 -1.4 -1.4 -1.4 -1.4 -1.4 -1.4 -1.4 -1.4 -1.4 -1.4 -1.4 -1.4 -1.4 -1.4 -1.4 -1.4 -1.4 -1.4 -1.4 -1.4 -1.4 -1.4 -1.4
77.1 76.1 77.5 75.6 72 58.2 57.2 59.5 61.5 62.2 63.1 65.9 65.8 68.7 65.2 64.9 63 64.4 65.3 64.1 60.2 59 61.8 56.5 54.4 52.8 50.8 46.4 35.6 43.3 41.8 39.3 38.8 37 35 30.2 28 21.4 18.2 16.6 12.5 10.8 9.7 8.6 7.6 6.9 6.2 6.3 5.8 6.7 8.6 6.4 5.3 6.1 5.9 1.9 1 -0.2 -1.4 -1.4 -1.4 -1.4 -1.4 -1.4 -1.4 -1.4 -1.4 -1.4 -1.4 -1.4 -1.4 -1.4 -1.4 -1.4 -1.4 -1.4 -1.4 -1.4 -1.4 -1.4 -1.4 -1.4 -1.4 -1.4 -1.4 -1.4
86.1 86.2 82.8 81.4 74.1 68.4 56.9 54 56.9 58.1 57.8 58.6 58.3 60.2 61 59.8 57.7 57.3 57.1 55 52.5 52.1 52.2 49.7 47.3 45.6 43.8 40.1 35.2 36.2 36.2 35.3 33.7 30.7 27.3 19.2 17.2 14.1 12.3 11 10.4 9.2 8.2 7.2 6.3 5.5 6.1 6.2 6.3 7.8 7.6 5.6 5.5 6.7 2.3 0.9 -0.3 -1.4 -1.4 -1.4 -1.4 -1.4 -1.4 -1.4 -1.4 -1.4 -1.4 -1.4 -1.4 -1.4 -1.4 -1.4 -1.4 -1.4 -1.4 -1.4 -1.4 -1.4 -1.4 -1.4 -1.4 -1.4 -1.4 -1.4 -1.4 -1.4
85.4 84.3 80.2 76.1 73.1 68.8 65.4 51.5 52 54.4 54.3 54 52.9 53.8 53.4 52.4 51.7 50.1 49.1 47 45.8 45.6 45.9 43.9 42.8 40.1 39.1 35.4 33.9 31.5 33.1 32.1 26.6 18.3 15.2 13.8 12.5 11 9.2 9.1 8.6 7.6 6.9 5.9 5.5 5.5 6.2 6.6 6.9 8.5 6.9 5.1 5.2 5.2 1.3 -0.1 -1.4 -1.4 -1.4 -1.4 -1.4 -1.4 -1.4 -1.4 -1.4 -1.4 -1.4 -1.4 -1.4 -1.4 -1.4 -1.4 -1.4 -1.4 -1.4 -1.4 -1.4 -1.4 -1.4 -1.4 -1.4 -1.4 -1.4 -1.4 -1.4 -1.4
81.8 79.4 76.8 73.1 70 65.6 63.1 50.5 44.6 48.2 49.3 48.8 48.4 48.2 46.6 45.3 43.5 42.8 43.1 41.6 41.6 41.1 40.5 39.4 37.3 33.2 32 32.2 29 26.9 25.4 19.7 14.7 12.1 11 9.9 9.4 8.9 7.5 7.1 6.8 6.1 5.8 5.8 5.9 5.9 6.2 6.9 8.2 8.1 5.4 5.2 5.2 1.9 0.5 -1.4 -1.4 -1.4 -1.4 -1.4 -1.4 -1.4 -1.4 -1.4 -1.4 -1.4 -1.4 -1.4 -1.4 -1.4 -1.4 -1.4 -1.4 -1.4 -1.4 -1.4 -1.4 -1.4 -1.4 -1.4 -1.4 -1.4 -1.4 -1.4 -1.4 -1.4
76.2 74.7 72.3 69.7 66.3 62.1 59.8 47.8 39.7 40.4 41 42 41.1 39.3 37.7 39 42.1 39.6 35.5 34.9 36.2 35.5 33.7 30.9 29.5 28.1 25.7 23.4 20.4 17.9 15.6 12.8 10.1 8.2 8.3 7.5 7.4 7.6 6.6 5.8 5.5 5.6 5.8 5.9 6.1 6.3 6.4 7.5 10 7.3 5.2 5.2 5.3 1.2 -0.2 -1.4 -1.4 -1.4 -1.4 -1.4 -1.4 -1.4 -1.4 -1.4 -1.4 -1.4 -1.4 -1.4 -1.4 -1.4 -1.4 -1.4 -1.4 -1.4 -1.4 -1.4 -1.4 -1.4 -1.4 -1.4 -1.4 -1.4 -1.4 -1.4 -1.4 -1.4
72.2 70.8 67.9 67.2 63.7 59.4 56.6 52.8 37.1 31.9 35.1 34.4 32.8 31.2 31 30.2 31 36.5 33.7 33.3 32 33.6 32.4 31.4 28.7 24.1 19.6 15.7 14.9 14.4 12.7 10 7.2 6.9 6.8 6.4 6.1 6.2 5.6 5.6 5.6 5.7 5.8 6 6.1 6.3 7.2 9.5 8.9 5.4 5.2 5.2 1.9 0.4 -1.4 -1.4 -1.4 -1.4 -1.4 -1.4 -1.4 -1.4 -1.4 -1.4 -1.4 -1.4 -1.4 -1.4 -1.4 -1.4 -1.4 -1.4 -1.4 -1.4 -1.4 -1.4 -1.4 -1.4 -1.4 -1.4 -1.4 -1.4 -1.4 -1.4 -1.4 -1.4
67.5 64.3 62.9 60.6 58.1 55.5 52.9 50.7 48.5 42.6 29.4 26.1 24.6 27.2 27.7 26.3 24.6 25.6 26.6 25.8 26.4 24.4 24.4 20.1 16.1 13 11.6 11.3 12.1 12.7 11.2 9 7.1 6.4 6.2 5.9 5.9 5.7 5.7 5.7 5.7 5.7 5.8 6 6.2 6.3 8.3 10.9 7.3 5.2 5.2 5.3 1.2 -0.3 -1.4 -1.4 -1.4 -1.4 -1.4 -1.4 -1.4 -1.4 -1.4 -1.4 -1.4 -1.4 -1.4 -1.4 -1.4 -1.4 -1.4 -1.4 -1.4 -1.4 -1.4 -1.4 -1.4 -1.4 -1.4 -1.4 -1.4 -1.4 -1.4 -1.4 -1.4 -1.4
63.4 60.9 57 54.6 53.2 50.5 47.4 46.7 43.5 41.2 37.5 34.7 29.5 21.7 24.4 24 23.5 21.7 20.7 19.9 18.5 15.8 13 11 9.5 8.3 8.4 8.9 9.4 10.3 9.6 8 6.9 6.6 6 5.8 5.8 5.7 5.8 5.8 5.9 5.9 5.9 6 6.2 6.6 9.1 8.7 5.4 5.3 5.4 1.8 0.3 -1.4 -1.4 -1.4 -1.4 -1.4 -1.4 -1.4 -1.4 -1.4 -1.4 -1.4 -1.4 -1.4 -1.4 -1.4 -1.4 -1.4 -1.4 -1.4 -1.4 -1.4 -1.4 -1.4 -1.4 -1.4 -1.4 -1.4 -1.4 -1.4 -1.4 -1.4 -1.4 -1.4
58 56.2 52 49.3 48 44.5 40.9 39.4 37.7 35.1 33 30.5 27.1 21.6 18 21.5 20 18.7 17 13 10.9 9.2 8.1 7.1 5.9 6.5 7.7 8.3 7.9 8.1 8.5 7.4 6.6 6.3 5.9 5.8 5.8 5.8 5.8 5.9 6 6 6 6 6.2 7.5 10 6.8 5.1 5.2 5.4 1 -1.4 -1.4 -1.4 -1.4 -1.4 -1.4 -1.4 -1.4 -1.4 -1.4 -1.4 -1.4 -1.4 -1.4 -1.4 -1.4 -1.4 -1.4 -1.4 -1.4 -1.4 -1.4 -1.4 -1.4 -1.4 -1.4 -1.4 -1.4 -1.4 -1.4 -1.4 -1.4 -1.4 -1.4
53.4 50.9 48.2 45.7 43.4 39.8 35.9 33.9 32.6 30.1 27.7 25.6 24.3 19.5 16 16.1 12.6 10.6 9.4 7.9 7.2 6.7 6.9 6.6 6 6.4 7.1 7.6 7.3 7 6.8 6.4 6.3 5.9 5.8 5.8 5.8 5.7 5.6 6 6 6.1 6.1 6.2 6.6 9.2 9.1 5.2 5 5.3 1.9 0.3 -1.4 -1.4 -1.4 -1.4 -1.4 -1.4 -1.4 -1.4 -1.4 -1.4 -1.4 -1.4 -1.4 -1.4 -1.4 -1.4 -1.4 -1.4 -1.4 -1.4 -1.4 -1.4 -1.4 -1.4 -1.4 -1.4 -1.4 -1.4 -1.4 -1.4 -1.4 -1.4 -1.4 -1.4
49.5 45.5 42.8 40.6 38.3 35.6 33.7 29.6 26.9 25.9 23.7 20.6 17.8 14.3 12.3 12.4 10.2 8.6 7.5 7 6.5 6.3 6.4 6.7 6.3 6.3 6.6 6.9 6.8 5.8 6 6.3 6 5.8 5.7 5.7 5.7 5.7 5.7 6.1 6.1 6.2 6.2 6.3 7.8 9.5 8.1 5.1 4.9 4.8 1.3 -0.3 -1.4 -1.4 -1.4 -1.4 -1.4 -1.4 -1.4 -1.4 -1.4 -1.4 -1.4 -1.4 -1.4 -1.4 -1.4 -1.4 -1.4 -1.4 -1.4 -1.4 -1.4 -1.4 -1.4 -1.4 -1.4 -1.4 -1.4 -1.4 -1.4 -1.4 -1.4 -1.4 -1.4 -1.4
44.4 40.1 38.2 36.2 33.6 31 28.9 26.1 22.8 20.2 16.8 13.4 10.1 10.2 10 9.7 9.4 8.8 8.1 7.1 6.8 6.5 6.3 6.4 6.6 6.5 6.4 6.5 6.5 5.7 5.9 6 5.8 5.7 5.6 5.6 5.6 5.7 5.7 5.9 6.2 6.3 6.3 6.5 9.1 9.6 7.3 5 5 5 0.7 -1.4 -1.4 -1.4 -1.4 -1.4 -1.4 -1.4 -1.4 -1.4 -1.4 -1.4 -1.4 -1.4 -1.4 -1.4 -1.4 -1.4 -1.4 -1.4 -1.4 -1.4 -1.4 -1.4 -1.4 -1.4 -1.4 -1.4 -1.4 -1.4 -1.4 -1.4 -1.4 -1.4 -1.4 -1.4
40 35.9 34 33 30.5 26.3 23.6 20.3 16.5 12.9 10.4 7.9 7.5 8.3 8.8 8.6 9.1 8.5 8.1 7.6 7.1 6.6 6.3 6.2 6.5 6.4 6.3 6.2 6.1 5.6 5.8 5.8 5.7 5.6 5.5 5.5 5.5 5.6 5.6 5.7 6.3 6.4 6.5 7.9 9.6 9.8 6.2 5.4 5.7 1.9 0.3 -1.4 -1.4 -1.4 -1.4 -1.4 -1.4 -1.4 -1.4 -1.4 -1.4 -1.4 -1.4 -1.4 -1.4 -1.4 -1.4 -1.4 -1.4 -1.4 -1.4 -1.4 -1.4 -1.4 -1.4 -1.4 -1.4 -1.4 -1.4 -1.4 -1.4 -1.4 -1.4 -1.4 -1.4 -1.4
37.3 35.6 30.1 26.4 23.9 18.6 16 13.4 11.1 10.3 8.1 7 7 7.5 7.9 7.8 8 8 7.8 7.4 6.8 6.3 6.2 6.1 6.3 6.2 6.1 6 5.9 5.8 5.8 5.7 5.6 5.5 5.4 5.4 5.4 5.5 5.5 5.6 6.2 6.5 6.9 9.3 9.9 8.7 5.7 7.1 6 1.5 -0.2 -1.4 -1.4 -1.4 -1.4 -1.4 -1.4 -1.4 -1.4 -1.4 -1.4 -1.4 -1.4 -1.4 -1.4 -1.4 -1.4 -1.4 -1.4 -1.4 -1.4 -1.4 -1.4 -1.4 -1.4 -1.4 -1.4 -1.4 -1.4 -1.4 -1.4 -1.4 -1.4 -1.4 -1.4 -1.4
31.4 30.2 23.9 17.3 13.6 12.2 10.3 8.7 7.2 8.3 7.4 7.1 7.2 7.4 7.3 6.7 7.1 7.6 7.3 7 6.5 6.1 6 6 6.1 6.1 6 5.9 5.8 5.7 5.6 5.6 5.5 5.4 5.3 5.3 5.3 5.4 5.4 5.6 6 6.4 7.8 9.6 9.8 7.4 5 5.7 6.1 1.1 -0.5 -1.4 -1.4 -1.4 -1.4 -1.4 -1.4 -1.4 -1.4 -1.4 -1.4 -1.4 -1.4 -1.4 -1.4 -1.4 -1.4 -1.4 -1.4 -1.4 -1.4 -1.4 -1.4 -1.4 -1.4 -1.4 -1.4 -1.4 -1.4 -1.4 -1.4 -1.4 -1.4 -1.4 -1.4 -1.4
22 18.5 14.9 11.8 10.3 9.1 7.1 7 6.9 6.9 7 7.1 6.3 6.3 6.6 6.9 7 7.2 7 6.6 6.2 6 5.9 5.9 5.9 5.9 5.8 5.7 5.6 5.6 5.5 5.4 5.4 5.3 5.2 5.2 5.2 5.3 5.4 5.6 6 7 8.7 9.9 10 6.6 5.5 6.4 2.1 0.7 -1.4 -1.4 -1.4 -1.4 -1.4 -1.4 -1.4 -1.4 -1.4 -1.4 -1.4 -1.4 -1.4 -1.4 -1.4 -1.4 -1.4 -1.4 -1.4 -1.4 -1.4 -1.4 -1.4 -1.4 -1.4 -1.4 -1.4 -1.4 -1.4 -1.4 -1.4 -1.4 -1.4 -1.4 -1.4 -1.4
13.3 11.5 9.5 8.2 8.1 7.5 6.8 6.7 6.9 7 6.9 6.9 6.4 6.3 6.6 6.8 6.8 6.7 6.9 6.2 6 5.8 5.7 5.8 5.7 5.7 5.7 5.6 5.5 5.4 5.3 5.2 5.2 5.2 5.1 5.1 5.2 5.3 5.4 5.7 6.3 7.4 10 9.7 8.5 5.2 5.5 5.5 1.9 0.2 -1.4 -1.4 -1.4 -1.4 -1.4 -1.4 -1.4 -1.4 -1.4 -1.4 -1.4 -1.4 -1.4 -1.4 -1.4 -1.4 -1.4 -1.4 -1.4 -1.4 -1.4 -1.4 -1.4 -1.4 -1.4 -1.4 -1.4 -1.4 -1.4 -1.4 -1.4 -1.4 -1.4 -1.4 -1.4 -1.4
7.9 7.7 7.1 6.6 6.6 6.4 6.5 6.7 6.8 6.8 6.8 6.7 6.5 6.4 6.5 6.6 6.6 6.4 6.4 6.2 5.9 5.8 5.6 5.6 5.5 5.5 5.5 5.4 5.3 5.2 5.1 5 5 5 5 5.1 5.2 5.3 5.4 5.7 6.8 8.9 9.6 9.5 6.8 5.6 5.7 5.4 1.3 -1.4 -1.4 -1.4 -1.4 -1.4 -1.4 -1.4 -1.4 -1.4 -1.4 -1.4 -1.4 -1.4 -1.4 -1.4 -1.4 -1.4 -1.4 -1.4 -1.4 -1.4 -1.4 -1.4 -1.4 -1.4 -1.4 -1.4 -1.4 -1.4 -1.4 -1.4 -1.4 -1.4 -1.4 -1.4 -1.4 -1.4
5.8 5.7 6 6.4 6.3 6.3 6.3 6.5 6.6 6.7 6.8 6.7 6.6 6.5 6.5 6.4 6.4 6.3 6.2 6.1 5.9 5.8 5.5 5.4 5.5 5.5 5.4 5.4 5.2 5.1 5 4.9 4.8 4.8 4.8 5 5.1 5.2 5.4 6.3 8 9.7 9.4 9.8 5.7 5.6 4.3 3.2 0.6 -1.4 -1.4 -1.4 -1.4 -1.4 -1.4 -1.4 -1.4 -1.4 -1.4 -1.4 -1.4 -1.4 -1.4 -1.4 -1.4 -1.4 -1.4 -1.4 -1.4 -1.4 -1.4 -1.4 -1.4 -1.4 -1.4 -1.4 -1.4 -1.4 -1.4 -1.4 -1.4 -1.4 -1.4 -1.4 -1.4 -1.4
5.5 5.7 6 6.1 6.2 6.3 6.2 6.3 6.4 6.5 6.7 6.7 6.6 6.5 6.4 6.3 6.3 6.2 6.1 6 5.8 5.6 5.4 5.3 5.4 5.5 5.6 5.6 5.4 5.2 4.9 4.7 4.7 4.7 5 5.3 5.5 5.7 6.1 7.3 8.1 9.6 10 8.3 5.4 3.5 3.6 1.8 -0.1 -1.4 -1.4 -1.4 -1.4 -1.4 -1.4 -1.4 -1.4 -1.4 -1.4 -1.4 -1.4 -1.4 -1.4 -1.4 -1.4 -1.4 -1.4 -1.4 -1.4 -1.4 -1.4 -1.4 -1.4 -1.4 -1.4 -1.4 -1.4 -1.4 -1.4 -1.4 -1.4 -1.4 -1.4 -1.4 -1.4 -1.4
5.6 5.6 5.9 6 6.2 6.2 6.1 6.1 6.2 6.4 6.5 6.6 6.5 6.4 6.3 6.3 6.2 6.1 6.1 6 5.6 5.3 5.4 5.2 5.2 5.3 5.4 5.5 5.5 5.3 5 4.8 4.7 4.9 5.2 5.5 5.8 6.4 7.3 8.2 9 9.5 10.1 5.9 5.5 5.8 4.7 1.2 -1.4 -1.4 -1.4 -1.4 -1.4 -1.4 -1.4 -1.4 -1.4 -1.4 -1.4 -1.4 -1.4 -1.4 -1.4 -1.4 -1.4 -1.4 -1.4 -1.4 -1.4 -1.4 -1.4 -1.4 -1.4 -1.4 -1.4 -1.4 -1.4 -1.4 -1.4 -1.4 -1.4 -1.4 -1.4 -1.4 -1.4 -1.4
5.5 5.6 5.8 5.9 6.1 6.1 6.1 6 6.1 6.2 6.3 6.4 6.4 6.2 6.2 6.3 6.2 6.1 6 5.8 5.6 5.3 5.3 5.2 5 5.1 5.2 5.2 5.3 5.2 4.9 4.7 4.8 5.6 5.6 5.6 6.8 7.3 7.6 8.9 9.2 9.5 8.8 5.5 6.8 6 4.2 0.9 -1.4 -1.4 -1.4 -1.4 -1.4 -1.4 -1.4 -1.4 -1.4 -1.4 -1.4 -1.4 -1.4 -1.4 -1.4 -1.4 -1.4 -1.4 -1.4 -1.4 -1.4 -1.4 -1.4 -1.4 -1.4 -1.4 -1.4 -1.4 -1.4 -1.4 -1.4 -1.4 -1.4 -1.4 -1.4 -1.4 -1.4 -1.4
5.5 5.5 5.7 5.8 6 6 6 6 5.9 6 6.2 6.2 6.2 6.1 6.1 6.2 6.2 6.1 5.9 5.7 5.6 4.9 5.3 5.2 4.8 4.9 4.9 4.9 5 5.1 4.8 4.6 4.9 5.8 6.2 6.7 7.2 7.4 7.7 9.5 9 10.2 7.6 4.2 3.3 4.1 1.9 0.3 -1.4 -1.4 -1.4 -1.4 -1.4 -1.4 -1.4 -1.4 -1.4 -1.4 -1.4 -1.4 -1.4 -1.4 -1.4 -1.4 -1.4 -1.4 -1.4 -1.4 -1.4 -1.4 -1.4 -1.4 -1.4 -1.4 -1.4 -1.4 -1.4 -1.4 -1.4 -1.4 -1.4 -1.4 -1.4 -1.4 -1.4 -1.4
5.5 5.5 5.6 5.7 5.9 5.9 5.9 5.9 5.8 5.9 6 6 6 6 6 6.1 6.1 6 5.9 5.8 5.7 5.4 5.1 5 4.6 4.6 4.6 4.6 4.7 4.9 4.7 4.6 5 5.8 6.8 7.1 7.1 7.5 8.5 9.3 9 9.4 4.9 3.7 3.2 4.1 1.4 -0.3 -1.4 -1.4 -1.4 -1.4 -1.4 -1.4 -1.4 -1.4 -1.4 -1.4 -1.4 -1.4 -1.4 -1.4 -1.4 -1.4 -1.4 -1.4 -1.4 -1.4 -1.4 -1.4 -1.4 -1.4 -1.4 -1.4 -1.4 -1.4 -1.4 -1.4 -1.4 -1.4 -1.4 -1.4 -1.4 -1.4 -1.4 -1.4
5.5 5.6 5.6 5.7 5.8 5.9 5.8 5.8 5.8 5.7 5.8 5.8 5.9 5.9 5.9 6 6.1 6.1 6 5.8 5.2 5 4.5 4.9 4.6 4.4 4.2 4.2 4.4 4.6 4.6 4.7 5.1 5.9 6.4 6.8 7.3 7.8 9.2 8.7 9.6 8.2 4.3 3.5 3.1 4.5 0.7 -1.4 -1.4 -1.4 -1.4 -1.4 -1.4 -1.4 -1.4 -1.4 -1.4 -1.4 -1.4 -1.4 -1.4 -1.4 -1.4 -1.4 -1.4 -1.4 -1.4 -1.4 -1.4 -1.4 -1.4 -1.4 -1.4 -1.4 -1.4 -1.4 -1.4 -1.4 -1.4 -1.4 -1.4 -1.4 -1.4 -1.4 -1.4 -1.4
5.6 5.6 5.6 5.6 5.7 5.8 5.8 5.7 5.7 5.7 5.6 5.6 5.6 5.5 5.3 5.5 5.9 6.1 5.4 5 4.9 4.9 4.8 4.9 4.7 4.5 4.3 4 4.1 4.3 4.5 4.8 5.1 6.5 6.6 7 7.6 7.9 8.9 9.2 10.7 6.4 4.1 3.8 3.2 1.8 0 -1.4 -1.4 -1.4 -1.4 -1.4 -1.4 -1.4 -1.4 -1.4 -1.4 -1.4 -1.4 -1.4 -1.4 -1.4 -1.4 -1.4 -1.4 -1.4 -1.4 -1.4 -1.4 -1.4 -1.4 -1.4 -1.4 -1.4 -1.4 -1.4 -1.4 -1.4 -1.4 -1.4 -1.4 -1.4 -1.4 -1.4 -1.4 -1.4
5.6 5.6 5.7 5.7 5.7 5.7 5.7 5.7 5.6 5.6 5.6 5.5 5.4 5.2 5.5 5.5 5.4 5.1 4.9 4.9 4.8 4.7 4.7 4 4.6 4.3 3.9 4.1 4.2 4.3 4.5 4.7 5.1 6.4 6.9 7.2 7.8 8.6 8.5 9.2 10.5 5.2 3.6 3.4 3.6 1.2 -1.4 -1.4 -1.4 -1.4 -1.4 -1.4 -1.4 -1.4 -1.4 -1.4 -1.4 -1.4 -1.4 -1.4 -1.4 -1.4 -1.4 -1.4 -1.4 -1.4 -1.4 -1.4 -1.4 -1.4 -1.4 -1.4 -1.4 -1.4 -1.4 -1.4 -1.4 -1.4 -1.4 -1.4 -1.4 -1.4 -1.4 -1.4 -1.4 -1.4
5.7 5.7 5.7 5.7 5.7 5.7 5.6 5.6 5.6 5.6 5.7 5.6 5.4 5.4 5.7 5.4 5 4.8 4.7 4.7 4.7 4.6 4.6 4.8 4.4 3.9 4 4.3 4.3 4.4 4.5 4.8 5.3 6.2 7.1 6.4 7.7 8.9 9.4 9.8 8.4 4.1 3 3.3 3.7 0.7 -1.4 -1.4 -1.4 -1.4 -1.4 -1.4 -1.4 -1.4 -1.4 -1.4 -1.4 -1.4 -1.4 -1.4 -1.4 -1.4 -1.4 -1.4 -1.4 -1.4 -1.4 -1.4 -1.4 -1.4 -1.4 -1.4 -1.4 -1.4 -1.4 -1.4 -1.4 -1.4 -1.4 -1.4 -1.4 -1.4 -1.4 -1.4 -1.4 -1.4
5.6 5.6 5.6 5.6 5.6 5.6 5.6 5.5 5.5 5.6 5.7 5.6 5.4 5.5 5.3 4.9 4.7 4.6 4.6 4.6 4.5 4.5 4.6 4.8 3.2 4.3 4.2 4.4 4.5 4.5 4.6 5 5.6 6.2 6.2 7.7 8.4 8.6 9.1 10.3 6.5 3.5 3.2 3.2 2 0.5 -1.4 -1.4 -1.4 -1.4 -1.4 -1.4 -1.4 -1.4 -1.4 -1.4 -1.4 -1.4 -1.4 -1.4 -1.4 -1.4 -1.4 -1.4 -1.4 -1.4 -1.4 -1.4 -1.4 -1.4 -1.4 -1.4 -1.4 -1.4 -1.4 -1.4 -1.4 -1.4 -1.4 -1.4 -1.4 -1.4 -1.4 -1.4 -1.4 -1.4
