app/static/ascii/NH91.asc
ncols 200
nrows 200
xllcorner 290000
yllcorner 810000
cellsize 50
[rows 70 to 104 of 200, columns 0 to 77 of 200]
288.6 279.6 274 267.9 261.4 254.1 246.2 240.9 238 236.8 232.4 232.4 232.4 232.4 234.7 232.4 232.4 232.4 232.4 235 237.3 237.6 239.2 239.7 239.3 239.4 241.3 243.4 242.4 242.8 240.1 238.3 238 235.2 237.3 239.3 239.4 237.6 235.1 233.2 233.1 231.7 230.8 233.5 229.6 225 223.9 224.4 224.7 223.7 222.1 223.8 222 222.1 220.2 220.7 216 212.5 209.7 209.4 210.6 208.8 208.8 209 209.8 211.1 211.7 212.5 213.4 212.5 213.6 214.3 212 209.1 205 203.1 205.9 218.1
287.9 279.8 273.5 264.9 257.7 251 246.4 241.5 237.5 234.8 232.4 232.4 233.6 236.5 238.5 239.1 235.8 236.7 237.5 237.6 237.9 238.4 238.3 239.2 238.8 239.8 242.6 244.2 240.4 242.6 243 238.7 236.6 235.3 237.2 238 236.7 232.9 229.9 229.5 230.9 229 232.2 232.7 230.9 228.4 227.7 227.2 227.5 223.2 222.3 220.7 217.7 215.2 216.7 212.4 210.6 209.4 208.4 208.3 209.4 209.7 209 209.5 210.1 212.5 212.2 212.1 213 213 213.2 213.7 214 207.8 203.1 203.8 207.8 212.9
286 279.2 274.2 262.7 256.5 249.1 245.1 240.8 237.8 237.4 232.4 232.4 236.1 234.3 239.2 239.8 240.4 239.9 239.7 237.4 236.9 237.5 237.4 237.8 238.7 237.7 240.5 242.4 242.9 243.4 241.3 238.4 234.8 234.4 235.3 234.5 231.5 229.9 228.9 228.9 228.6 231.4 227.6 227.6 230.5 229.7 230.8 229.8 227.6 223.7 220 217.5 214.8 212.4 210.5 209.4 208.9 208.1 207.4 207.9 208.6 209.1 209.3 209.3 211.5 213.2 213.2 213.1 213.4 213.3 212.5 212.7 212.9 207.2 203.1 205.7 206.8 213
282 278 271 260.4 255.3 249.6 243.4 238.6 235.5 237.2 232.4 233.8 240.1 239.5 240 241 241.4 238.4 235.2 234.9 235.8 236 237 236 234.8 235.9 240 240.4 241.8 239.2 238.1 235.9 234.6 234.3 234.8 233.4 230.5 229.2 227.9 227.9 231.2 227.4 227.2 227.7 229.2 228.6 226.7 227.6 225.2 222.2 220 216 215.3 210.8 209.2 209.6 207.6 207.4 207.4 207.4 208.3 209.3 209.4 209.3 210.5 212.2 213.8 213.7 214.1 213.5 212.3 212.4 211.8 204.4 203.1 205.8 208.9 212.9
282.6 275.3 270.1 258.4 254.1 248.7 242.8 239.9 236.6 237.3 235.2 237.9 240.1 240.4 238.9 238.6 239 240.1 234.5 232.3 233.5 233.9 236.6 234 232.6 235.3 240.1 239.6 239 237.9 236.2 234.2 234.9 236 234.6 232.9 230.5 229.4 228.1 228.1 229.5 229.5 230.8 228.9 229.3 231 227.2 222.8 220.7 220.8 216.6 215.5 213.2 209.2 209 209.2 207.4 207.4 207.4 211.1 209.3 209.6 210.1 210.3 210.5 211.2 213.5 213.9 213.2 212.9 212.2 212.2 210.1 203.1 206.3 206.4 211.5 213.5
278.2 275.3 267 255.3 252.3 246.4 243.7 241.2 237.3 237 237.5 237.7 237.7 236.7 235.2 233.7 235.3 237.4 234 231.7 233.2 235.3 236.9 233.8 231.5 235.9 238.7 238.3 237.5 237 235.5 232.3 231.7 232.2 231.1 230.2 230 229.1 227.1 227 228.6 231.4 231.6 231 231.9 231.1 227.9 225.5 223.1 223.6 223.1 220 217.6 214.2 211.9 210.1 207.4 207.4 207.4 212.3 210.4 211.8 216.3 217.7 216.2 211.8 211.3 211.8 212 212 212.2 211.7 208 203.1 206.5 206.1 208 210.6
276.4 273.6 263.8 252.4 249.2 244.2 243 243.5 239.3 235.6 240.7 241.2 236.6 231.7 229.7 231.1 232.1 233.1 234 238.2 238.3 238.4 238.4 234.1 236.7 238.7 237.5 237.7 237.2 236.7 235.7 232.7 231.3 230.2 229.6 229.3 230.1 230.2 228.4 226.2 228.5 230.7 229.7 229.7 230.6 230.7 230.5 230.8 228.7 227.7 225 225.3 224.3 221.7 217.4 210.8 209 208.3 209.1 214.6 211.2 212.5 214.2 215.8 219.6 214 211.1 211.6 211.8 211.5 213.1 214.9 206 203.1 207.1 206.5 207.2 209.1
273.9 266 255.1 252 248.5 243.2 248.2 245.3 240.8 239.7 239.9 235.4 229.7 227.9 228.7 229.9 230.7 230.5 231.6 231.4 232.8 233.3 234.1 234.3 239.3 239.2 238.1 237.4 236.9 236.4 235.3 233.2 234.6 233.7 232.1 230.9 229.2 229.4 229.7 231.3 233.7 231.4 229.6 225.5 228.3 229 230.4 230.6 228.9 229.9 227.1 229.7 229.3 228.3 226.5 223.4 219.3 216.5 214.4 219.2 217.7 215.6 217.3 218.7 218.2 217.8 213 211.1 210.4 212.7 217 211.9 203.1 203.9 206.7 206.7 207.5 209.8
269 258.8 252.2 251.6 246.5 243.8 245.9 244.8 245.3 244.4 238.6 231.5 225.6 226.7 226.8 229.2 229.8 231.5 231.9 231.6 233 233.2 233.2 236.3 237.3 238.5 237.3 237.7 236.4 235.5 233.9 233.7 234.3 235.5 234.2 232.9 230.6 232.5 231.3 229.4 232.1 231.9 228.8 226.8 226.8 228.1 229 228.6 229.9 229.8 225 227.1 226.4 225.8 228.5 226.5 226.1 223.9 218.3 212 209.3 207.9 207.8 208.3 209.4 212.7 214.4 211.9 208.5 208 213.1 207.3 203.1 203.1 207.5 207 208.1 209.4
264.3 254.4 252 250.7 250.7 247.7 245.3 245.8 247.2 243.6 235.5 227.6 227 228.1 229.1 238.9 239.1 231.9 232.4 232.1 234.2 236.5 235.9 236.2 234.8 234.2 236.7 236.9 236.2 233.8 232.6 234.4 235.5 234.8 234 231.6 233 231.9 229.1 229.7 229.4 230.5 227.7 227.4 226.9 226.5 226.7 228 229.7 225.6 225 227.9 225.4 225.2 225.4 224.1 223.3 220.3 217.5 213.2 208 206.5 205.8 205.8 205.8 206.5 209.8 210.3 214.3 208 206.3 205.8 203.1 203.1 208 207.6 207.4 207.8
260.9 253.3 251.5 251.1 249.6 249.9 249 247.5 244.5 240.5 234.6 229.4 236.7 238.4 237.3 235.9 235.6 232.3 231.9 233 235.5 237.1 236.4 235.7 234.3 232.4 234 235.1 235.4 232.3 233.1 233.9 234.2 233.9 233.7 232.5 233.1 232.8 230 230.3 231.7 230.8 228.8 225.1 223.3 223.2 225.8 230 226.5 225.1 227 223.4 227.2 226 225.1 226.1 223.8 221.5 221.3 217.8 212.3 207.2 205.8 205.8 205.8 205.8 205.8 207.4 209 214.8 212.5 206 203.1 204.6 207.8 207.5 211.1 208
257.9 252.8 251 251.8 244.9 245.8 247.7 244.3 241.5 238 233 232.6 237.8 238.5 230.6 233.1 233.2 232.3 232.5 234 235.3 236.6 236.3 235.1 233.8 235.5 234.7 234.6 233.3 232.6 233.8 233.5 233.3 232.5 233.2 233 232.5 232.2 230.8 230.9 229.4 227.5 226.5 223.7 221.5 222.4 223 225.3 226.9 226.5 228.5 227.1 227.7 226.2 225.1 224.6 225.8 226.6 225.9 225.1 219.9 208.7 206.4 205.8 205.8 205.8 205.9 206.5 209.7 213.8 216.6 206.4 203.1 203.1 207 208.2 212.7 210.3
256.4 254.8 250 250.9 243.1 246.3 243.2 240.3 238.3 236.6 235.8 237.2 234.3 234 233.4 231.4 232.2 231.6 232.8 233.4 234.7 235.2 234.4 233.1 231.9 235.3 235.8 234.2 233.6 233.3 233.5 234.4 233.1 233.6 233.2 232.1 230.7 229.5 229 226.7 226.4 224.7 226.6 223 221.8 222.1 222.1 219.7 224.2 224 223.7 227.6 228.5 229.4 227.3 225.1 224.9 224.6 226.4 223.8 214.6 207.8 206.7 205.8 205.8 205.8 206.9 208.2 212.4 214.1 210.9 207.7 207 205.4 203.1 207.2 213.1 211
253.8 255 248.1 252.1 239 245.3 243.7 239.5 234.4 236.7 236.5 233.1 235.1 234.3 231.5 234.5 231.4 231.9 233.7 233.7 233.8 233.5 233.2 232.3 231.5 231.8 234.5 235.2 233.6 233.3 232.9 233.4 232.1 234.5 233.2 232.7 229.7 228.1 226.1 227.2 225.5 224.3 223.5 224.4 223.3 222.7 218 214.5 218.7 221.1 221.2 226.6 223.9 226.5 224.9 224.5 225.1 221.2 218.7 215 212.4 211 210.4 209.8 207.3 206.6 208.7 209.8 214.7 215.6 209.6 208.9 207.2 206.1 206.7 203.1 212.8 212.3
254.2 250.7 247.7 243.6 240.2 244.8 240 237.6 234.1 235.2 235.9 232.1 233.2 232.7 231.7 230.8 230.5 232.5 233.8 233.5 233.3 233.2 233.3 233 231.6 233 233.1 233.3 233.7 232.1 232.6 228.4 234 233.2 233.9 233.6 232.9 229.8 229 229 227.9 226.8 222.6 224.3 222.4 218.3 215.8 221.3 223.8 223.5 220.7 222.3 217.4 218.1 221.7 223.2 223.9 225.4 223.4 219.5 216.5 216.8 216.6 217.7 209.8 207.6 209.1 211.7 212.3 209.6 210.4 208.1 206.3 206.2 203.7 205.5 210.8 211.9
254.6 248.2 245.2 243.1 243.5 237.9 237.9 237.9 237.3 236.5 235.5 234 232.9 231 229 230 230.9 232.3 233.7 233.7 233.2 233.2 233 230.6 231.4 232.3 231.9 232.8 231.5 230.6 229.2 231.3 231.7 230.8 231.3 230.2 227 226.6 226.2 226.9 229.8 228.4 225.8 227.7 224.3 221.4 223.5 228.1 226.4 226.5 218.7 212.1 217.2 226.4 227 224 224.9 222.9 226.7 227.5 223.2 221 221.6 220.7 211.6 210.3 215.2 214 213.8 210.9 208.9 206.8 206.2 203.1 203.1 212.3 211.6 211
249.8 247.4 241 239.2 238.5 237.1 237 236.4 234.7 234.1 233.8 232.4 230.7 228.7 227.6 230 231.5 232.4 233.1 233.5 233 234 234.1 230.4 230.6 230.2 231.3 232.1 232.6 231.3 230 230.8 231.2 232.7 229.6 226.5 224.9 224.2 222.9 223.5 226 224.9 224.3 221.8 216 218 222.8 222.5 221.1 217.4 207.7 212.3 216.2 226.1 217.8 215.5 220.5 226.7 224.2 224.9 226.2 224.5 223.3 222.2 218.2 217.8 224.4 220.2 212.6 208.9 207.8 205.6 203.1 203.4 211.4 212.7 212.8 211
242 246.4 239.5 239.1 238 237.3 238 235.1 232.7 232.9 233.2 232.7 229.9 227.3 227 228.2 230.5 230.7 231.5 231 231 231.1 230.1 229.7 228.9 229.2 229.2 229.9 230.6 229.9 230.9 230.9 229.7 229.5 230.4 228.5 225.4 223.9 221.5 224.6 224.2 223.3 221.1 216.5 215.5 216.6 218 218.1 216.4 214.1 214.7 219.7 221.2 221.9 221.5 214.5 213.6 220.6 220.1 222.9 224.8 223.9 226 225.3 222.7 219.9 215 207.3 206.5 203.9 203.1 203.1 205.6 207 210.9 212.7 211.2 209.2
244.6 243.1 238.3 236.1 239.2 237.2 238.4 235 229.3 234.7 233.2 232.2 231.8 229.3 227.9 225.2 225.2 225.2 230.6 230.2 229.5 229.6 229.5 228.3 226.2 225.9 226.5 227.6 228.5 229.7 229.3 230 231.1 230.2 229.7 227 222.7 221.7 222.5 226.2 225.5 223.5 220.3 216.4 212 212.5 212.2 212.5 215.4 218.5 222.6 224.5 223.8 217.8 210.6 210.3 212.2 218.9 222.7 222.9 225.8 221.7 220.1 220.2 214.7 206.3 203.1 203.1 203.1 204.6 206.2 205.7 205.7 207.7 208.6 209.7 210.1 207.6
245.5 241.2 240 234.8 235 237.3 238.1 233 235.3 232.6 229.4 228.3 229 228.5 228.5 227.2 225.5 227.7 229.6 230.3 229.8 230.7 230.3 229.3 226.3 223.8 224.3 226.1 229.3 228.8 228.3 228.2 230.3 229.3 227 226.8 222.4 225.1 223.2 223.2 223 220.9 219.1 214.8 211.8 210.4 211.9 213.5 216 217 218.3 222.3 224.2 218.6 210.9 207.5 207.1 207.7 212.4 217.3 216.6 215.6 211.8 206.6 203.1 203.1 206.4 206.6 205.8 206.1 207.2 211.1 208.6 206 205.4 207.2 208.8 208.8
245.9 242 240.8 239.6 238.1 237.8 235.5 235.2 234.2 229.2 226.6 227.1 227.1 227.6 227.3 228.9 226.9 228.5 227.6 229.5 227.5 225.7 227 229 228.8 225.7 225.5 225.7 228.4 229.7 228.7 226.5 226.7 226.4 226.5 225.3 224.1 224.6 225.6 223.3 222.5 220.6 218.2 214.2 211.6 210.4 210.1 210.3 211 211.3 213.6 215.5 220.2 216.4 215.8 214.7 215.5 212.1 208.6 211.1 210.2 206.9 203.1 203.1 206.6 206.5 206.7 207.1 206.1 210.2 211.3 211 210.5 207.3 205 204.8 209.2 206.6
243.7 237.5 239.3 239.9 238.7 237.6 236.5 236.5 233.7 233 212.5 228.8 227.9 225.6 224.2 224.8 224.2 227.4 226 224.8 224.4 223.9 222.3 224.1 226 224 223 225.6 225.7 227.6 226.1 226 225.6 227.4 225.9 224.6 224.3 223.6 224.6 226.4 224.2 218 212.9 210.6 208.9 209.1 208.9 209.8 209.9 208.8 210.6 212.8 216.6 216.7 218.7 219.4 218.5 216.4 213.2 208 203.1 203.1 205.7 206.6 207.1 207.3 207.6 208.1 210.4 210.4 210.1 207.8 207.5 206.4 205.6 206.8 207.1 212.6
236.2 234 235.1 239.3 237.3 235.7 235.7 234.8 233.4 223.4 212.5 227.8 226 225.7 221.7 222.7 222.2 221.5 220.9 224.2 225.1 224.2 223.8 226.8 222.2 221.9 224 225.5 225.4 224.1 228.8 225 225 223.8 223.4 221.3 219.2 218.3 217.6 217.7 222 218.7 214.3 212.4 211 210.1 213.1 212.4 212.4 213 209.7 207.7 208.1 208.5 210.6 211.8 210.2 209.1 203.1 203.1 206.1 206.2 206.5 207.7 208.1 208.9 208.7 209.5 210.3 210.9 212.1 212.3 211.7 210.6 206 206.6 208.7 215.5
235.1 234 237.7 237.6 232.9 233.9 231.7 233.1 228.8 224.1 218.2 228.3 224.4 222.8 220.9 220.9 220.9 220.9 222.1 224.8 224.6 224.4 223.8 222 220.5 222.5 225.3 224.2 225.5 224.7 227.3 225.7 225.6 225.9 225.5 223.5 219.4 215.7 215.1 216.2 215.9 211.6 213.1 211.7 212.2 212.5 216.7 221.2 218.4 217.3 211.9 210.4 208.8 207.8 207.5 209.9 208.4 203.1 204.3 206.2 206.4 206 207.8 209.2 208.7 208.2 209.6 211.1 211.7 213.2 214 213.6 212.5 209.3 206.1 207 212.8 216.9
241.5 239.3 238.2 235.8 233.1 232.9 228.2 227.2 224.7 223.8 225.9 224.2 225.9 224.2 226 223.5 221.6 223.5 226.8 226.6 224.2 224.1 223.8 222.4 220.9 222.6 225.6 222.9 224.3 226 226.8 224.5 223.5 221.7 219.6 217.7 213.1 212.7 215.7 215.7 207.9 207.3 207.3 210.8 214.7 220 221.4 223.4 223.7 218.2 211.8 211.9 211.3 209.9 207.3 207.1 203.3 203.1 206 205.8 207.1 211.6 213.6 214.8 210.6 210.1 212.4 212.2 212.3 213 212.8 213 212.1 207.4 206.6 207.4 207.9 209.6
237.6 237.5 236.3 233.6 232.6 229.8 226.1 227.3 229.9 230.1 232.2 225.4 226.3 230.3 230.6 230.5 228.5 227.4 226.4 224.8 223.4 223.9 223.8 225.9 224.1 223.2 226.7 227.3 225.3 224.3 222.1 223 223.9 223.1 221.9 219.8 218.6 216.4 214 207.3 207.3 207.3 207.3 207.3 211.4 216.3 219.8 223.2 222.4 213.6 213.3 213.2 212.4 210.8 207.4 206.7 203.1 205.9 206.4 205.9 214 213.4 213.5 213.6 211.9 212 213.4 213.4 213 212.8 212.1 211.9 208.5 208.3 207.8 215.6 214.4 209.7
237.6 236.9 232.4 232.4 230.1 227.7 224.4 228.8 229.8 228.7 227.7 227.6 227.6 229.3 229.9 228.9 225.3 224 221.8 221.2 223.4 224.1 223.6 225.3 223.7 223.4 225.9 228 226.9 224.5 224.1 225.5 224.1 225.2 224.2 222.6 222 222.3 217.1 212.3 207.3 207.3 207.3 210.6 216.4 218.4 221.4 223 217.1 213.8 213.8 212.8 212.7 210.3 206.9 205.8 203.1 206.5 206.5 213.7 214 214.3 214.4 213.2 211.9 212.3 212.9 212.9 211.6 210.8 210.5 208.9 209.1 215.2 216.2 217.7 215.1 209.5
238.2 233.1 229.3 229.5 227.4 225.2 223 224.6 226.4 224.6 224.4 225.6 227.8 228.7 226.8 223.7 222 220.5 220.1 220.6 222.9 221.9 220.6 220.9 224.3 227.2 227.8 229.3 227.8 226.1 225.7 225.2 225.2 225.2 223.5 223.2 225.9 223.6 219.6 215.1 207.3 207.3 207.4 207.3 209.5 215.2 217.7 214.7 214.1 214.3 213.5 212.4 211.6 208 206.6 205.3 203.1 206.5 210.9 215.5 215.6 215.5 214.8 213.1 212.2 212.1 211.1 210.6 210.5 210 210.3 208.1 210.4 214.2 216.9 215.8 211.2 209.6
239.4 230.8 230.1 228.1 226 224.1 223.2 222.6 225.5 227 226.5 224.7 225.2 224.7 224.2 222.6 221.6 222.1 221.5 222.3 222.2 219.9 220.8 222 225 226.8 227 226.7 225.9 226.6 225.8 226.1 224.9 221.5 219.6 221.1 223.5 222.5 219.7 217.7 211.1 207.3 207.3 207.3 207.3 207.3 207.3 214 214 213.5 212.8 211.8 209 207.2 206.7 205.8 203.1 208.3 215.4 215.4 215.4 215.3 215.7 215.8 214.8 212 211.7 211.2 211.3 210.2 208.9 208 209.6 213.7 212.3 211.6 212.7 210.3
235.9 230.8 229.1 227.1 225.1 224.2 227 227.7 231.3 230.9 228.4 226.6 225.4 226.3 225.5 223.2 222.8 220.7 221.7 223.3 220.7 221.2 223.1 222.9 225.7 225.7 227.4 228.1 229.4 229.1 226.7 227.1 223.9 219.4 217.4 218.1 215 214.3 214.1 211.6 207.9 207.3 207.3 207.3 207.3 207.3 207.3 213.7 213.6 212.8 212.2 210.7 209.7 207.3 206.8 206 203.1 214.8 215.1 215.4 215.1 215 215.2 215.4 213.9 212.8 211.7 211.6 212.1 216.1 210.5 208.6 209.6 217 214.7 216.5 220.8 211.2
233.1 229.6 227.7 227.2 229.2 229 233.8 233.6 233.6 230.2 229.4 226.6 228 226.1 227 223 221 218.8 220.1 222.1 222.6 223.1 224.1 223.5 226.1 225.3 226.8 230.4 230 229.8 226.4 226.5 224.5 222.5 218.4 216.8 212.1 210.1 212.1 214.7 213.5 211.4 207.9 213.3 216.4 210.8 210.3 213.2 213 212.3 211.8 210.5 209.7 207.5 206.9 206 203.1 215.5 215.2 214.8 214.6 214.4 214.2 213.7 212.7 211.9 213.3 217.5 215.5 218 214.4 210.4 210 215.4 220.9 212.1 222.8 211.8
233.2 229 229.5 231.5 237.3 238.4 236.6 229.7 230.3 229.5 227.1 228.3 226 223.9 222.8 221.4 219.3 221.5 217.2 219.8 221.3 223 222.5 224.3 225 225 224.8 230.5 230 228.5 226 224.9 223.1 222.4 218.2 214.8 212 212.6 215 219.1 218.4 214.6 215.5 216.3 213.5 211.6 211.1 212.4 211.8 211.3 210.8 211 207 205.9 203.1 203.1 206 214.9 214.6 214.3 214.1 213.9 213.9 213.6 213.2 213.2 218.5 214.8 213 218.2 212.6 210.6 210.8 209.9 219.8 213.4 221.9 213.8
229.5 228.5 232.7 229.8 236.4 237.8 230.6 222.4 228.8 225.1 226.9 225.6 222.6 221 220.9 221.4 221.3 219 219.2 219.7 220.2 221.8 222.1 222 223.8 224.3 224.2 226.8 228.8 228.2 225.3 225.7 224.1 221.7 218.6 217.4 219.1 220.5 220.3 221.2 218.5 216.8 215.4 214.2 211.5 210.4 210.3 211.3 211.4 209.9 208 205.4 203.1 203.1 203.6 206.1 218.8 217.3 216.7 216.3 215.8 216.3 215.4 214.5 214.3 219.5 217.5 211.7 210.7 211.3 210.8 219.2 211.8 209.7 218.1 211.7 220.3 218.1
225.6 229.6 229.8 230.1 232.4 232.6 230.6 229.2 229.9 225.5 224.9 224.1 220.2 220.4 220.6 221.1 219 219.1 219.6 219.6 217.7 219 222.2 221.7 221.3 225 226.6 228.4 227.6 229 227.4 224.9 221.8 218.6 216.7 217 219.5 221.2 221.7 221 218.3 215.3 213.7 212.2 209.9 209.8 208 210.1 209.1 207.4 203.1 203.1 206.2 207.4 207.7 217.2 220.1 220.2 219.9 218.3 218.5 220.1 219.7 218.4 220 219.6 215.6 212.3 210.7 211.3 210.8 219.2 216 210.2 216.8 216.5 221.6 214.4
229.2 232.2 230.7 230.5 231.7 231.6 230.9 229.2 227 227.5 227.8 227 223.1 220.4 220.5 220.8 220.8 220.5 222.1 220.9 218.4 219.7 222.7 222.7 221.6 223.4 226.3 228.5 230 228.5 228.1 222 218.8 215.9 212.8 217.2 221.1 221.1 221.4 221.1 219.5 215.4 212.3 210.6 208.6 206.9 206.1 206.3 206 203.1 203.1 207.1 206.3 208 219.4 218.2 218.8 219.1 219.5 216.3 219.6 219.9 220.3 220.7 220.7 219.9 214.9 212.7 217.8 222.7 221.4 222.6 212.5 212.2 216.4 228.2 217.1 217.6
