app/static/ascii/NH92.asc
ncols 200
nrows 200
xllcorner 290000
yllcorner 820000
cellsize 50
[rows 140 to 174 of 200, columns 78 to 155 of 200]
301.5 297.8 290.3 282.9 278.9 273 264.6 259.1 251.3 249.5 253.8 257.3 250.9 244.9 247.2 252.5 251.2 248.9 246.3 244.2 246.6 246.1 243.5 242 240.9 240.4 239.4 238.1 237.1 237 236.8 235.8 235.7 235.1 234.4 233.9 233.3 233.5 234.8 236.1 237.5 240.4 246.2 250.9 257 259.6 261.3 261.2 260.9 261.2 264.9 270.7 276.6 283 289.4 292 295.5 298.9 298.1 291.6 286 282.6 274.2 266 258.7 251.9 245.7 241.3 238.6 236.7 235.8 235.5 235.2 235 233.7 232.7 230.1 228.1
300 295.8 286.7 282.5 278.8 272 266.3 260.1 251.5 250.6 251.4 253.6 253.1 248 249.2 250.8 248.9 252.8 249.4 247.3 248.4 246.6 245.8 245.3 244.6 244 241.9 240.5 239.3 238.9 238 236.8 236 235.8 235.5 235.1 235.2 235.1 236.4 238 240.1 242.6 249 255.7 260.6 263.2 265.2 265.8 265.5 265.1 268.2 274 279.5 285 289.7 293.7 294.7 295.4 295.4 290.3 284.4 279.6 271.8 264.2 256.2 249.6 243.3 240.6 237.8 236.4 235.9 235.6 235.1 234.2 232.4 230.6 228.9 227.1
299 292.4 285.4 282.1 278.2 272.9 267.3 260.7 253.3 251.6 251.4 251.4 250.8 250.6 252.7 253.9 254 256.6 253.5 250.2 249.4 249.1 249 248.2 248.2 246.4 244.3 243 241.7 241.9 240.4 238.6 237.9 237.7 237.5 236.6 236.9 237.1 237.8 239.7 242.3 246 253.5 260.7 265.4 268.4 270.3 269.4 268 268 273.3 279.9 285.6 289.5 292.4 294.9 297.6 296.8 294 289.7 283.5 276.3 268.6 261 252.8 246.5 241.2 238.8 237.1 236.4 236.1 235.2 234.3 233.4 233.3 230 227.9 226.2
295 290.4 285.3 281.3 276.9 272 267.1 260.6 254.6 255.5 252.6 253.1 253.7 256.4 258.4 260 260.1 258.9 256.3 252.8 251.5 252 251.9 252.5 252.6 250.1 247.9 246.3 244.6 244.1 242.8 241.1 239.6 239.7 239.6 238 238.4 238.7 239.2 241.8 245.1 250.5 258.9 266 270.7 272.7 274 272.6 269.6 273.1 278.4 285.3 289.6 293.4 297 299.5 301.8 299.9 294.5 287.9 280.7 273.4 265.9 256.2 249.4 244.3 239.2 237.2 236.9 236.4 235.3 234.3 233.5 232.7 231.8 230.7 228.2 225.8
292.3 289.8 285.1 280.5 276.5 272.9 268.1 261 255.6 258.8 254.1 254.7 255.1 257.5 260.3 260.9 262.3 262.3 259.8 255.4 254.6 256.1 256.6 257.7 256.5 254.1 252.2 250.5 248.7 247.9 246.2 244.3 242.3 240.8 241.3 239.4 240 240.3 240.9 244 248.9 256 262 269.7 274.3 276.4 277.7 275.6 271.9 275.6 281.8 290.7 294.2 296.8 300.3 302.3 302.6 298 292.3 284.7 276.9 269.6 261.6 252.2 246.2 241.1 237.2 236.8 235.6 234.7 234.3 233.5 232.6 231.8 230.9 228.5 225.3 223.6
292.4 289.2 285 281.3 278.2 274 269.1 261.2 256.4 260.7 254 254.6 254.9 257.6 260.9 262.2 265.5 264.3 261.8 259.8 259.6 260.8 261.6 261.6 260 257.6 256.3 255.2 252.9 252.3 249.5 247.6 246 245.1 243.3 240.8 240.7 241.2 242.9 247.3 252.8 261.3 269.3 275.2 278.5 280.3 281.6 278.3 274 277.3 284.6 295.3 296.9 296.9 299.5 299.1 297.2 293.4 286.6 279.7 272.5 265 255.8 248.1 242.7 237.8 235.9 234.8 233.6 232.7 232.5 232.2 231.4 230.7 229.1 225.9 222.6 221.3
291.9 288.6 285 281.8 278.2 274.7 268.5 262.5 257.6 259.5 259.4 254.7 254.8 255.9 260.4 263.2 267.6 268.3 266.8 265.1 265.2 266.2 267.9 267.5 264.7 262.3 260 258.2 257.5 255.6 253.9 252.3 251.2 249.7 246.2 242.6 241.9 242.5 245.9 250.5 260.9 270.6 277.1 282.4 284.1 285.4 285.5 281.8 278.6 280.1 288.6 294.4 292.9 291.8 292.4 293.5 293.5 287.3 280.2 273.2 266.2 259 250.3 244.3 240.3 236.5 234 232.8 231.6 230.7 230.6 230.7 228.7 226.7 225.1 223 220.2 218.8
291 288 283.9 278.4 275.2 271.6 266.5 263.7 261.9 255.9 254.2 254.2 254.6 257 261.7 265.7 268.8 271.1 270.2 270 269.7 272.2 273.6 272.4 270.6 268.3 266.5 264.7 262.4 261.3 259.8 259.8 258 255.7 249.7 243.7 242.3 244.2 250.6 258.1 268.5 278.4 285.8 290.1 292.5 292.2 289.3 285.4 282.5 284.1 290.3 290.4 288.7 289 289.9 288.8 285.8 280.4 273.6 266.4 259.1 251.6 246.1 242.7 238.9 235.1 232.3 230.9 229.7 228.7 228.3 226.1 224.7 222.7 221.2 220 218.9 218.1
286.6 284.9 281.3 274.9 272.6 268.3 265.9 266.6 266.2 261.8 255.8 254.8 255.3 260.7 267.4 271.7 274.1 274.9 275.2 276 275.9 278.1 278.7 277.3 277.3 274.6 273.1 270.5 269.1 268 266.2 263.6 261.9 259.7 255.1 248.2 246.3 250.7 254.8 263.7 274.6 285.3 292.8 298 300.7 298.1 294.7 289.6 286 286.8 287.2 286.1 284.2 285.2 284.6 282.3 278.8 273.9 267 259.9 252.4 247.8 242.9 240.2 237.5 233.7 230.9 229.1 227.8 226 223.8 222.1 220.4 218.8 218.7 218.6 218.5 218.2
280.5 278.6 275.8 273.6 270.7 267.5 268.2 268.2 267.6 263.2 258.1 257.5 259.5 266 273.2 277.1 279 279.9 281 281.6 281.9 282.6 283.4 283.3 283.1 283 281.3 276.6 276.3 275.3 273.1 270.5 267.6 264.5 260 254.6 252.7 255.1 260 267.8 279.9 290.3 299.3 306.7 307.2 302.1 298.1 293.7 289.5 286.5 285.1 282.5 281.2 279.8 278.8 276.8 272.6 266.4 260.1 253.5 247.8 243.7 239.7 237 234.2 232.2 229.5 227.1 225.5 223.6 221.9 220 218.9 217.5 216.7 216.6 216.7 216.5
279.4 274.8 271.9 270.2 268.5 268.1 271.1 269.4 267.9 264.8 262.9 261.7 263.8 270.9 278.1 281.4 284.2 285.8 286.9 287.2 287.6 288.4 288.6 288.8 289.2 287.5 286.3 283.4 282.8 280.6 278.9 276.5 273.8 269.3 264.5 260 258.8 261.3 266.9 274.2 283.8 294.5 305.9 313.5 308.4 302.6 300.8 297.7 292.6 286.7 281.5 278.4 276.9 274.6 273 271.2 266.3 260.6 253.5 248 243.2 239.7 236.9 233.9 230.9 229 226.4 224 223.6 221.4 220 218.3 217.4 216.6 215.4 216.3 215.4 215.7
282.4 277.4 272 269.7 268.4 268.7 274.3 271 269.3 268.6 266.9 267 268.2 275.1 279.1 287.4 291.2 294.2 293.7 293.1 293.4 294.8 293.8 294.1 294.5 293.5 291.9 290.9 288.5 285.7 284.2 281.8 278.6 274.5 270 266.9 265.6 267.4 272.7 280.3 288.8 298.7 309.3 311.2 306.5 301.9 301.4 298.7 293 287.8 280.5 275.1 273.2 270.9 268.2 265.1 260.1 254.9 248.9 243.9 239.8 236.8 234.1 231.2 228.5 225.4 223.1 221.9 221.8 219.6 218.2 216.8 216 215.2 214.4 214.4 214.3 214.9
283.3 279.8 273.4 269.4 269 270 278.9 277.3 272.6 271.4 271.5 271.8 272.4 276.7 285.8 295 299.2 301.1 303.8 301 300.6 300.2 299 299.6 299.4 298 295.9 294.1 293.1 291.3 289.4 287.2 283.2 279.2 275 271.6 271 273.6 277.7 284.3 290.6 300.2 307.1 306.4 302 302.5 300.5 296.6 290 285.6 277.2 272.3 269.6 267.2 263.3 259.2 254.2 249 244.7 240.9 237.6 234.5 231.5 229.9 227 224 221.1 219.9 219.8 218.4 216.6 215.3 214.5 214.3 214.5 214.7 214.6 214.6
281.7 280.2 275.9 273.9 273.4 272.5 276.8 280.7 281.3 277.2 275.2 276.1 280.9 289.3 298.4 305.5 308.7 311.8 314.9 311.7 308.2 306.6 304.8 305.3 303.7 302.3 300.2 299.2 298.6 297.3 295.1 292.7 288.8 284.6 279.8 275.6 274.5 276.9 280.3 286.3 292.3 298.5 300.1 299.2 301 303.1 299.7 292.3 286.5 280.5 274.9 271.3 266.1 261.3 256.9 253.2 249.9 245.3 241.1 238.2 235.8 232.6 230.6 228.2 225.8 222.8 219.8 217.9 217.6 216.9 215.5 214.7 214.5 214.7 214.9 215 214.4 213.9
280.4 280.8 280.8 280.9 280.2 280.1 280.8 284.5 287.4 288.2 287.7 288.7 296.6 304.9 311.2 315.6 319.3 322.7 323.8 320.7 316.3 312.5 311 310.4 308.6 306.8 306 304.8 304.3 303.6 302.1 300.4 295.5 290.3 284.9 281 279.6 279.4 282.5 287.2 292.7 294.9 296.2 297.6 300.2 300.1 294.8 288.8 282.6 277.3 274 266 260.5 255.9 252 248.3 245 241.4 238.2 235.3 233 230.9 228 225.5 223.4 221.6 218.5 216.1 215.5 214.9 213.8 213.3 213.8 214.3 214.7 214.8 213.8 213.1
283.5 285.7 286 286.2 285.7 285 286.9 291.2 296.2 297.1 299.2 301.2 309.4 316.6 321.5 325.3 329.3 332.6 332.5 328.1 323.9 319 316.6 315.4 313.6 314.6 315 313 311 310.2 308.9 306.5 301.3 295.9 290.5 286.2 284.6 283.1 285.1 288.8 291.1 293.4 293.9 295.8 296.2 293.3 288.8 283.9 279 274.2 269.3 262.9 256.8 251.8 248.3 244.6 242 238.9 235.7 233.5 231.3 228.9 226.3 224 221.4 218.7 216.3 214.6 214 213.2 212.3 212.7 213.2 213.7 214.2 214.5 213.7 212.8
288.5 289.9 290.9 291.1 290.6 291.3 295.1 301.1 304.9 304.7 307 312 320.2 326.8 332.1 333.2 335.2 338.6 337.3 334.9 330.1 324.6 322.1 321.1 320.7 322.8 323.9 321.7 318.4 316.9 314.8 311.1 305.8 300.2 294.3 291.4 288.7 286.5 287.6 290.1 291.9 293.2 292.7 291.9 289.4 286.4 283 279.8 275.5 269.9 263.8 258.1 252.9 247.7 244.4 241.9 239.5 236.3 233.4 231.9 229 227 224.5 222.8 220 217 214.2 213.1 212.5 211.8 211.5 211.9 212.2 212.4 212.6 213 212.5 212.3
293.2 294.8 295.6 296 295.9 296.2 302 308.3 312.3 312.4 312.7 320 329.1 338.4 342 340.4 340.5 342.9 342.2 343 337 332.9 331.2 329.6 330 332.4 332.9 330 326.1 322.6 318.2 314 307.7 302 298.6 295.7 292.9 290.2 288.8 291.2 293 293.9 291.9 288.5 285.1 282.1 279.3 276.6 273.5 265.5 259.7 254.1 248.9 244.6 241.1 238.6 236.6 233.8 231.5 229.4 229 225.1 223.3 221.5 218.6 215.3 213.2 211.5 210.9 210.2 210 210.3 210.5 210.7 211 211.6 211 210.5
298.9 299.2 299.8 300.2 300.5 302.8 308.2 315.7 320.6 320.4 317.4 324.8 335.1 344.9 347.4 344.3 345.5 348.1 350.6 351.3 347.3 342.6 340.4 339.2 338.7 341.5 340.2 335.5 330.4 324.6 320.2 314.6 308.4 303.9 300.9 298.9 296.1 294.1 292.2 292.7 294.6 293.5 290.6 286.7 281.9 279.1 276.2 272.9 269.1 261.7 255.9 250.2 245.8 241.5 237.8 236.1 234.6 232.1 229.7 227.7 225.7 223.9 222.2 219.9 216.7 213.9 211.4 209.7 209 208.9 208.4 208.6 208.8 209.1 209.6 210.1 209.6 209.1
304.8 304.5 304.2 304.8 306.4 309.1 314.4 321.9 329 326.2 322.9 326.6 335.3 343.9 345.9 346.5 350.1 354.1 362.1 359.4 356.3 352.4 347.4 345 344.8 347.5 347.8 340.1 334 327.2 320.3 314.9 309.1 303.5 302.1 300.8 299 297 295.1 294.5 293.9 292.2 289.4 283.2 278.8 275.6 272.1 268.7 265 258.6 252.5 247.2 242.4 238.4 234.6 233.7 233.1 231.1 228.4 226.1 224.2 222.4 220.6 218.1 214.9 211.8 209.8 208.8 208.6 207.5 206.8 207 207.2 207.5 208.1 208.6 208.1 207.6
308.4 308.9 308.4 311.1 314.9 316 322.4 329.2 334.3 331.4 327.8 328.4 333.5 339.7 343.2 345.4 349.2 355.8 362.4 362.2 360.7 357.7 350.3 345.7 345.2 347.8 347.2 341.3 333.7 325.7 318.5 312.3 307.6 304.1 302.4 300.8 299.4 297.8 296 294.5 292.2 289.3 286.6 281.6 275.7 272.4 269.5 266 261.7 254.6 248.8 244.3 238.8 234.8 232.6 230.6 229.9 228.7 226.3 224.7 222.7 220.9 219 216.2 213.3 211.1 208.8 207.4 206.3 205.6 205.1 205.3 205.5 206 206.6 207.2 206.6 206.2
312.7 312.6 315.3 319.2 323.3 324.4 328.7 334.4 336.1 331.9 329.9 329.8 333.2 337.2 340.6 343.6 347 353.6 358.9 360.7 360.9 357.1 350.7 345.6 342 341.7 338.8 335.6 328.9 321.1 315 308.9 304.6 303.1 301.8 300.7 299.5 298.8 296.8 293.5 289.5 286 281.8 278 274.2 268.8 266 263.2 258.4 251.3 244.2 240.7 235.6 233.2 231 228.9 226.8 225.7 223.8 222.3 220.9 219.3 217.5 214.5 210.1 208.3 207.3 206.3 204 203.3 204 204.9 205.3 204.8 205.1 205.7 205.3 205
326.1 324.1 325.7 328.3 331.4 332 332.5 336.9 336.8 331.5 329.9 331.5 331.5 334.7 338.1 341.2 345.2 348 352.8 355.5 355.9 352.3 344.4 339 333.6 331.7 328.6 326.6 322.6 315.2 310.5 305.4 302.4 300.8 300.1 299.4 299.7 299.5 298.3 292.6 287.1 283.1 278.7 274.9 270.5 266.2 262.2 259.7 253.7 245.7 240.2 236.3 233.7 231.6 229.5 227.4 225.3 223.7 221.6 220.7 219.1 217.5 215.9 212.4 208.6 206.5 205.8 205.6 203.5 203 203 203.9 206.5 205.9 205 204.6 202.9 202.1
339.6 337.7 337.2 337.9 337.4 336.6 336 337.9 336.3 332.5 329.2 330.6 329 332.2 335.8 339.5 343 343.8 345.7 346.8 346.2 343.6 338 331.6 325.3 322.8 321.4 317.3 315.2 308.8 305.1 302.6 299.3 297.7 297.4 297.2 297.6 298 296.3 287.9 284.5 280.4 275.7 272.7 267.9 262.5 258 252.6 246.9 240.1 236 232.9 230.9 229.5 228 225.9 223.8 221.6 220.3 219.8 218.7 217.1 215.3 211.4 208 205.3 205 206.1 204.3 202.4 202.4 203.4 207.3 204.8 202.5 200.8 200.6 200.1
350.3 349.4 347.1 346.6 343.8 340.9 338.8 337.6 334 328.8 326.6 326.1 326.1 328.4 333.4 337.6 340.2 340.5 341.2 340.4 338 335.4 330.2 325.1 318.5 316.8 314.1 309.1 305.7 303.4 300.9 298.4 295.8 293.7 293.1 293.4 293.8 293 290 285.4 281.3 277 273.5 269.3 263.7 257.9 252.4 247.2 242.8 238 232.7 230.1 228.4 226.9 225.4 223.9 222 220.6 219.5 218.7 218.1 216.7 214.6 210.2 207.3 204.6 203.9 206.9 204 201.9 202.4 204.9 204.9 203.6 201.7 200.8 199.7 199.4
360.8 358.5 356 353.8 349.9 345.1 340.5 337.3 330.7 325.2 321.8 322 322.4 324.9 329.6 333.4 336.3 337.1 338 337.3 335.1 331.1 325.2 319.7 312.5 308.4 305.8 301.6 299.8 298.9 296.6 294.1 291.6 288.2 288.6 288.9 289.9 288.8 285.9 282.6 277.9 273.5 270.6 264.8 258.8 252.8 247.3 242.1 238.4 235.4 230.3 227.9 226.5 224.8 223.4 222.4 221.2 220 218.8 218 217.3 215.9 213.8 210.2 207.6 203.4 203.1 203.9 202.3 204.9 201.8 203.9 204.7 204.8 201.5 199.4 199.1 198.8
368.3 365.7 363.4 359.2 353 348 341.8 335.6 328 321.8 319.4 318.4 319 321.5 325.1 329.9 333.8 335.5 336.1 335.4 332.6 326.7 320.4 313.3 306.2 301.1 298 296.4 294.7 294.2 292.4 289.9 287.2 285 283.4 284 282.7 281.8 281.9 278.3 273.7 269.1 265.4 259.9 253.9 247.8 242.1 237.4 234.1 231.2 228.3 227.1 224.7 222.9 221.2 219.4 219.4 219.5 218.1 217.4 216.2 214.3 212.3 209.9 206.5 203.9 205.8 204.7 200.4 201.6 204 208.7 209.2 203.9 199.4 198.2 198.2 198.3
372.6 369.4 365.1 358.1 351.8 346.7 341.5 334.4 327.2 320.6 317.9 316.6 316.5 318.4 322.6 327.1 330.8 334.3 335.5 335 331.5 324.4 316.9 308 299.7 292 289.4 290.5 289.6 289.7 288 286 282.3 279.9 278.8 278 278.1 277.4 274.7 272.1 268.5 263.1 257.5 252.3 247.1 241.9 237.4 233.6 230 228.4 227.4 229.3 223.7 220.9 219.1 217.5 217.8 218 217.6 216.4 214.6 212.7 209.9 206 205.8 207.2 204.9 200.2 201.6 202.1 202.8 206.6 204 198.4 198 197.9 197.9 198.2
375 370.8 363.6 354.7 348.6 343.2 338 332.5 327.1 320.8 318.9 317 315.4 315.3 320.2 324.2 327.5 331.8 335.4 334.5 329.3 322.7 313.9 304.8 293 284.2 282.1 281.2 283.1 284.1 282.4 280.1 276.1 273.6 273.9 274.5 274.8 273.5 269.8 266.9 263.5 257.2 251.9 246.9 242.3 237.7 233.7 230.1 227.7 226.1 226.3 225 220.7 218.3 215.5 216 216.3 216.5 216.1 214.6 213 211.3 207.7 203.4 201.9 204.7 202.4 199.3 200.5 200.5 201.1 203.1 201.1 198 197.6 197.6 197.9 198.2
376.2 367.2 358.7 352 345.9 339.8 334.4 329 324.5 321 319.2 317.8 315 313.8 317 319.9 324 327.2 329.5 329.8 326.1 319.7 310.7 301.8 291.2 283 275.4 273.8 274.6 276.9 276.5 273.1 270.1 270 270.8 271.2 270 267.4 264.9 262 258.6 252.5 247.4 242.8 238.2 233.6 229.9 226.2 224.6 223.1 223.4 221.2 216.5 213.7 213.1 213.6 214.6 214.9 213.7 212.4 210.8 208.4 206.3 203.3 200.1 199.6 198.8 199.4 199.6 199.3 198.4 198.2 198.2 198 197.5 197.5 197.8 198.1
374.6 364.7 356.5 348.5 342.3 336.6 331.5 327.7 323.1 320.7 318.5 316.5 313.8 312.6 313.7 314.8 317.6 320.9 322.5 323.5 321.1 316 306.3 297.6 291.7 283.1 274.7 270.7 271 271.1 270.3 266.9 266.8 267 267.9 267.9 265.2 262.6 260.2 257.3 253.7 248.7 242.8 238.6 234.1 229.7 226 222 220.5 219.3 218.5 216.1 211.7 210.8 210.7 211.2 212.4 212.3 211.2 209.9 206.3 204.7 203 201.7 199.5 199 198.2 198.9 198.6 198.3 197.8 197.9 198 197.9 197.5 198 197.8 198.1
371.5 361.7 353.6 345.6 339.1 333.6 327.4 324.6 322 318.5 315.1 314.7 312.2 311.3 310.3 309.3 311.2 314.2 315.8 315.5 313.1 308.6 301.2 296.5 289.2 282.2 275.5 271.7 270.7 268.8 266.9 265.7 265.5 265.6 265.3 264.1 261.6 258.6 255.7 252.4 247.4 242.4 238 233.3 229.9 225.8 221.9 217.9 216.3 215.7 214.6 211.6 209.3 208.4 208.4 209.1 209.9 209.5 206.8 207.1 202.5 201.2 200.1 200.2 200.1 198.6 198 198 197.7 197.6 197.7 197.9 197.8 197.9 197.8 198.5 198.5 198.3
368.5 359.8 351.3 343.6 337.1 329.6 323.8 320.3 318.8 315.8 312.6 310.9 309 307.2 306.1 305 304.3 306.2 307.4 307.2 304.7 300.5 297.6 293.6 286.7 279.5 275.5 272.2 270.3 268.2 265.8 263.5 263.8 263.7 262.5 260.4 258.6 255 251.7 247 241.7 236.5 232.5 228.8 225.4 221 217.2 214.3 212.2 211.7 211.1 210 208.4 208.1 207.5 207.5 206.1 206.5 205.7 205 205.7 204.7 201.9 201.6 201 199.6 198 197.7 197.6 197.8 197.9 197.8 197.7 197.9 198 198.9 198.8 196.9
366.6 358.3 350 342.3 335.9 327.7 321.3 317.4 315.4 312.7 309.4 306.8 304.9 302.6 301.2 299.5 299 299.2 298.4 297.4 295 294.1 292.4 288.1 282.9 277.4 275.7 272.5 270.8 266.8 263.1 260.6 260 260.2 259.6 258.2 255 250.9 246.4 241.2 237 232.9 229 225.2 221.2 216.1 212.3 212.2 210.3 209.1 208.9 208.1 208.4 207.8 207.1 206.5 205.8 206.3 207.2 207.9 208.5 206.9 203.7 203.4 204.3 199.4 198.2 197.6 197.6 197.9 198.1 199.5 197.1 197 196.7 196.5 196.3 196.1
365.6 357.3 349.1 341 334.2 325.9 319.9 315.3 312.2 308.4 305.5 302.9 299.9 297.5 295.8 294.6 293.5 291.4 289 286.9 286 285.6 285.3 282.4 279.6 276.2 276.2 273.3 269.2 263.8 257.8 256.7 256.1 256.4 256.4 254.6 251.3 247 242.6 238.4 234.7 230.5 225.6 221.9 218 211.5 208.3 209.2 209.3 208.6 206.9 207.2 207.4 208.4 206.8 206.6 206.4 207.4 208 208.6 207.8 204.6 202.6 202.7 201.8 199 198.4 197.9 197.5 199.3 196.8 196.4 196.4 196.2 196.2 196.1 196 197.2
