app/static/ascii/NH93.asc
ncols 200
nrows 200
xllcorner 290000
yllcorner 830000
cellsize 50
[rows 140 to 174 of 200, columns 78 to 155 of 200]
382 379.9 377.8 376.2 375.7 375.5 375.2 376.2 372.7 366.9 362.4 357.4 351.7 345.5 339.7 338.1 336.9 334.7 336.9 342.4 342.7 340.2 336.6 335.7 337.5 333 322.1 315.2 311.4 310 308.4 308 309.1 310 310.6 309.9 310 309.7 309.4 307.1 306 306.8 307.6 307.6 307.7 308.1 309.2 309.9 310 309.6 309.1 309 309.7 310.3 314.4 312 317.4 322.7 325.3 324.1 324.9 326.5 328.4 336.4 350.1 353.6 354.7 353.5 360.6 366.8 371.3 376.8 382.1 384.8 388.9 393.8 399.1 408.6
383.5 381.5 379.4 378.1 377.4 376.9 376.7 379.5 376 372 365.9 359.2 353.5 346.9 340.2 338.7 337.3 335.9 331.6 338 340.2 338.4 335.1 331.7 331.5 328.5 322 314.2 310.5 309.5 308.4 308.8 310.3 310.9 311.1 310.5 310.2 310.1 308.8 306.8 306.6 307.4 308.2 308.4 308.8 309.3 310.1 310.5 310.8 311.3 311.5 311.2 312.4 313.9 315.4 315.8 315.4 318.3 322 324.2 331.3 334.9 338.2 339.1 344.7 347.9 353.2 362.8 364.3 368.2 372.5 376.7 379.9 382.7 385.8 392 396.6 403.5
385.2 382.9 381 379.9 378.9 378.9 379 382.3 379.8 375.6 369.5 360.8 354.6 346.8 340.8 340.3 339.5 337.4 331.7 336.2 337.5 336.1 333.1 329 325.6 322 317.2 311.7 310 309.4 308.5 310.2 310.2 310.6 311.1 311.4 311 310.5 309 307 307.1 307.9 308.7 309.2 310.3 310.4 311.7 311.8 311.8 311.7 311.9 312.5 312.5 313.5 315.6 317 319.9 322.7 324.9 325.3 337.1 343.5 341.6 339.4 344.3 346.7 349.4 355.2 367.8 372.8 372.6 375.5 378.1 380.8 383.8 388.5 394 399.5
387 384.2 382.7 381.2 380.6 380.9 381.2 385.6 383 379.6 370.4 362.5 353.5 345.6 341.9 341 340.7 339.3 334.3 329.6 333 332.6 328 324.3 322.7 318.6 312.8 310.4 310.1 309 309.6 310.3 310.7 311 311 311.7 311 310.6 309.4 306.8 307.6 308.4 309.3 310.5 311.9 312 312.2 312.3 312.3 312.3 312.7 313.3 313.7 315.5 317.1 319.5 322.8 325.1 324.5 327 340.9 348.5 345.9 341 345.6 346.9 349.8 354.5 361.6 369.4 372.4 375.5 378 380.3 382.1 385.1 391.2 396.6
389.5 387.3 386.2 384.6 383.7 383.5 383.2 388 385.1 382 371.7 362.6 353.1 346.4 343.2 342.7 341.9 340.1 334.7 321.3 325.1 325.6 321 319.3 317.8 313 311.1 310.4 309.8 309.5 310.2 310.4 311 311.4 311.1 311.1 311.3 310.8 310.7 308.4 307.8 309.4 311.6 311.6 312.3 312.5 312.6 312.7 312.8 312.9 313.5 314.1 315.1 317.5 318.9 322.1 325 325.8 326.8 334.4 343.3 350.2 347.3 345.2 345.6 348.7 351.8 355.7 363 368.2 372.2 375.4 377.9 379.7 381.5 383.9 386.7 393.4
390.5 389.2 388.1 386.5 385.5 385 384.9 389.3 387.7 380.4 371.2 362 351.5 346.6 344.5 343.3 342.2 340.3 334.8 323.3 318 316.6 314.2 313.5 312.4 311.5 310.8 310.3 309.6 309.7 311 311.3 311.5 311.6 311.1 311.1 311.1 311.9 310.7 309.2 307.9 311.4 312.1 312.7 312.8 312.9 313.1 313.2 313.3 313.8 314.8 315.8 317.6 320 322.3 325.4 326.9 326.9 330.3 337.2 346.4 353.9 349.3 348.3 347.3 349.9 351.6 355.9 362.2 368.6 372.2 375.2 377.7 379.5 380.8 381.8 384.7 389.4
393 392 390.9 389.9 387.2 386.7 386.1 389.5 386.7 379.1 371 361.3 351 347 345.1 343.7 342.1 340.1 337.7 329.9 322.7 317.6 314 312.8 312.1 311.5 311.2 310.8 309.7 309.7 311.3 311.8 312.4 312.5 312 311.1 311.1 312.4 310.2 308.3 310.2 310.6 312.6 314.1 313.5 313.5 313.9 314.3 314.8 315.6 316.5 317.5 320.1 321.4 325.2 327.6 327.2 327.5 335.7 340.8 348.1 357.2 351.5 350.6 350 349.4 353.3 356.6 362.2 368.7 371.7 375.4 378.7 380.1 381.3 382 382.8 385.7
394.8 394.5 393.8 393.4 390.2 387.7 386.2 388.3 385.6 377.9 369.6 360.1 351.4 347.9 345.5 343.3 342.1 341.8 340.9 336.6 326.7 321.8 317 313 311.6 311.1 310.8 310 309.2 310.1 311.5 311.9 312.4 312.5 312.7 311.1 311.1 311.9 310.4 310.5 310.6 310.6 314.2 314.9 314.4 314.5 314.9 315.7 317.1 317.5 318.5 319.9 324.3 327.6 328.9 328 328.2 332.4 339.9 344.1 349.9 359.4 352.3 352.1 352 351 353.9 356.5 362.3 367.6 371.3 378 380.6 381.8 382.3 382.3 382.8 382.7
397.1 397.3 397 395.3 392.7 389.5 386 386.1 383.2 376.1 367.9 359.6 351.7 349 346.5 344.2 344.1 344.5 342.6 338.9 333.2 325.8 319.8 314.9 312.4 311 311.1 311.1 310.7 309.8 311.6 312 313.6 313.4 313.5 312.9 313.1 313.1 313.6 309.8 310.4 311.1 315.7 316.7 315.7 315.4 316.3 317.4 318.6 319.7 320.4 324.2 326.6 328.5 328.1 328.2 332.9 337.8 342.1 346.1 349.5 352.9 353.6 353.6 353.7 352.7 354.1 356.4 362.7 366.5 371.4 379.3 382.5 384.9 383.1 382.7 382.8 384.3
400.2 401.6 400.4 397.8 394.6 391.9 385.1 384.5 380.7 374.1 366.4 358.2 352.8 349.9 347.5 345.7 345.7 346.3 345.7 341 335.4 328.6 322.7 318.2 313.6 311.9 312.2 311.8 310.9 310.3 311.1 312.1 314.8 314.9 314.8 315.8 313.5 313.2 313.8 310.3 310.2 311.8 317.1 318.8 318 317.4 318.6 320 321.9 322.2 323.4 325.9 328 327.6 328 334 338.5 341.9 344.7 347.4 350.8 352.8 354.1 354.5 354.5 353.4 353.4 356.5 361.1 365.5 372 379.6 382.7 384.6 383.1 383.2 385.6 386.2
403.6 404.9 403.4 400.1 396.4 392.9 385 382.3 378.6 372.1 364.6 358.1 354.3 351.5 348.8 347.1 347.1 348.1 347.6 345.5 339.1 332.3 325.3 322 314.9 312.7 312.4 311.3 310.5 310.7 311.1 319.7 323.7 322 317.3 313.8 313.6 313.3 313 311.4 310.3 312.7 317.1 319.6 320.5 320.2 321 322.1 324.5 326.2 326.4 329.1 328.5 328.7 334.6 338.1 342.3 345.1 347.7 349.3 352.6 354.7 354.6 355.2 355 353.5 353.2 355.6 359.5 364.5 371.2 378.7 381.7 383.2 382.9 383.8 385.3 387
406.7 408.6 407.3 402.2 397.1 392.8 385 379.8 374.5 369.3 362.6 359.2 355.9 352.8 350.2 349.2 348.8 349.7 349.5 347.7 343.9 337.2 330.9 324.9 314.8 313.2 311.8 311.2 311 311.1 311.5 314.5 319.6 321.2 318.5 314.6 313.5 313.3 313.1 312.3 311.4 313.2 318 320.8 321.6 322.1 323.4 324.9 325.4 327.4 329 329.2 328.8 336.2 339.3 342.7 347.1 350.2 351.7 353.1 357.7 355.5 355.5 355.6 355.4 353.7 353.4 355.7 357.7 364.2 371.1 376.8 380.7 382 383.2 385.6 388.8 388.9
409.2 410.1 410 404.3 397.8 392 385.2 380.2 373.5 366.6 363.8 359.8 356 354 352.6 351.8 350.5 350.3 352.8 351.3 347.3 339.8 327.9 318.4 314.5 315.2 314.3 313.1 311.9 311.8 313.9 316.4 322.1 323.1 318.7 316.5 314.6 313.3 313.1 312.6 311.6 314.2 317.7 321.2 323 323.9 324.6 325.4 326.8 328.9 329.9 332.4 334.8 341.4 344 347.9 354 355.8 357.2 359 363.3 357.5 356.7 356.4 356.1 355 353.6 353.6 355 363.7 369.8 374.5 379.3 381.5 382.8 387.2 389.4 391.2
411.6 412.5 412.5 407.3 397.6 391.5 385.2 380 374.7 369.6 364.5 360.3 356.6 354.6 354.5 353 347.9 341.9 353.9 353.9 347.3 334 316.9 321.6 320.9 320 317.5 316.6 313.2 311.6 312 314.9 318.6 324.6 321.6 318.4 313.7 313.7 313.6 313.2 311.8 314.9 316.2 319.2 322.5 323.3 324.4 326 328.4 331 334.3 337.7 338.2 346 349.7 354.6 358.9 360.8 362.5 364.4 363.6 359.5 357.8 357.2 356.1 354.7 353.6 353.6 353.6 359.8 367.2 372.9 378.6 381.3 383.6 388.4 391.2 393.4
413.2 413.8 413.8 407.2 397.3 391.6 384.8 379 374.2 370.1 366.5 361.2 356.9 356.3 356 350.3 338.8 333.8 332.8 338.8 326.3 326.7 334 332.9 330.5 325 319.1 320 316.1 314.3 314.4 315 315.3 318.5 321.5 317.5 316.6 314.5 314.6 312.8 312.2 314.2 317.1 322 322.2 323.4 325.9 327.5 330.6 333.7 336.5 338.9 343.7 350.1 355.8 360.1 364.4 367.8 369.1 369.9 365.3 360.8 358.4 357.5 356 354.2 353.6 353.6 353.6 356.5 364.7 371.4 377.9 381 384.8 389.7 393.3 395.4
414.8 415.3 414.3 407.4 397.1 390 383.6 378.7 374.5 370.3 364.6 359.8 357.7 357.9 357.7 344.4 346.1 349.4 356 356.1 347.5 340 340 337.1 331.7 329 323.8 321.6 316.1 315.1 316.5 322.1 323.5 315.6 314.4 314.5 314.5 314.6 313.3 313.6 313.2 316.4 317.5 318.9 322.1 324.2 327 331.5 333.6 336.7 338.7 339.8 348.5 356.4 360.1 366 371.4 374.6 375.7 373.7 369.8 361.8 358.6 357.2 355.7 353.6 353.6 353.6 353.6 353.6 360.7 369.4 377.2 381.5 385.5 390.9 394.7 397.4
416.4 416.6 415.7 407.8 397.1 389.3 383.3 379 374.5 367.4 363.2 360.1 358.6 359.4 352.3 338 348.3 353.8 362.5 362.4 351.5 344.7 342 340.6 337.9 338.4 334.5 327 319.2 318.4 320.4 327.3 331.1 327.3 317.9 314.4 314.2 314.1 313.9 317.8 314.3 315.2 317.4 319.3 322.4 325.4 329.8 334.2 336.2 339.2 340.7 345 354.7 361.9 365.9 370.8 377.4 379 381.3 376.4 369.6 362.3 358.1 357.4 355.8 353.6 353.6 353.6 353.6 353.6 358.2 367.5 376.6 381.6 386.6 392.2 396.8 399
415.3 417.3 413.5 406.5 396 389.2 383.3 377.7 372.3 367 363.3 361.7 360.9 360 343.8 340.9 350.3 357.9 365.1 362.7 349.2 345.7 345.8 344.8 339.7 336.7 330.1 322.6 320.4 319.7 320.6 325.9 333.3 333.4 328.8 321.3 315 315 316.4 315.3 315.2 316.1 318.6 321.3 323.1 326.4 330.5 334.1 337.8 340.7 344.5 350.5 358.3 367.5 371.2 376.5 380.7 380.5 386.5 377.7 370 364.6 358.5 357.3 356.1 354 353.6 353.6 353.6 353.6 354.1 365.5 375.5 381.5 387.1 392.9 398.2 400.5
416.2 415.4 409.3 403.8 394.7 388.1 382 376.2 370.7 366.7 363.2 362.8 363.5 351.6 340.6 347.4 353.1 362.6 369.5 369.7 355.6 354.1 351.7 347.5 341.3 337 328.9 323.8 322.9 322 323.4 328.3 336.7 336.7 332.4 328.3 318.9 317 319.5 318.6 315.6 318.4 320.5 321.9 323.9 327.4 330.9 334.8 338.4 341.4 345.8 353.6 362.3 370.7 375.1 380.7 383.6 383.4 387.5 376.6 370.5 363.7 359.8 357.3 356.1 354.3 353.8 353.6 353.6 353.6 353.6 361.5 372.5 382 388 394.3 399.3 402.1
413.1 410.3 405.7 400.5 392.5 387 381.2 375.7 370.4 366.2 364.1 362.3 357.9 345.8 340.6 351.6 362.2 366 375.1 376.7 370.1 363 354.9 348.6 344.7 339.5 332 326 325.3 324.8 326 331.3 339.2 338.9 334.5 328.3 323.3 318.7 320.9 319.3 316.9 320.5 321 323.1 325.2 328.3 332.4 336.3 338.9 342 347.1 354.8 363.6 371.4 378.1 381.9 383.5 384.3 385.5 380.8 369.9 365.8 361.3 357.6 356.4 355.5 354.7 353.6 353.6 353.6 353.6 357.9 370.5 381.4 388.9 395.2 400.5 403.8
410.3 404.6 400.3 394.4 390.9 387.8 379 374 369.4 367.1 362.6 358.5 354 343.4 345.2 360.3 365.6 368.4 379.2 381.2 377.1 361.4 355.4 349.4 346.7 340.4 333.4 329.2 327.7 328.1 329.7 335.7 342.9 342.8 338 332.5 330.1 321.4 321.7 319.6 318.3 319.2 322.1 323.7 325.6 329 333 337.2 340.1 343.4 347.6 356.3 367.3 374 380.4 382.7 382.7 382.6 384.2 377.1 370.5 367 361.5 358.5 357.3 356.7 356.1 354.4 353.6 353.6 353.6 357.2 369.4 380.9 389.2 395.6 401.6 405.6
401.8 396.5 396 398.6 391.6 384.9 378.5 374.6 367.9 363.3 358.5 355 350 343.3 354.3 366.5 366.4 369.1 378.9 386 378.9 363 357.6 350.6 347.9 340.6 333.7 332.4 331.1 334.3 333.5 338.1 346.8 346.6 341.8 333.8 329 323.6 322.9 320.5 318.8 320.2 323.8 324.6 327.2 330 333.9 337.7 340.4 344.5 348.8 358.2 368.8 376.2 380.9 383.1 382.4 383.3 386.1 374.3 370.3 367.7 362.1 360.3 359.5 360.3 357.8 355.9 353.8 353.6 352.7 359.6 369.4 381.2 389.3 396.2 402.7 407.2
397.9 397.3 399.7 395.6 388.5 381 376.2 369.9 363.6 361.5 358.8 353.5 347.1 344.4 359.6 366.5 367.8 371.6 373.8 383.7 382.7 363.3 354 351.8 341.8 337.1 334.6 334 338.2 336.7 337.5 341.3 348.8 349.7 343.9 335.9 332 324.9 325.4 321.8 319.9 321.9 324.7 326.2 328.4 331 335.7 338.5 341.5 344.8 349.5 357.9 369 375.7 380.5 382.5 382.3 384.1 386.2 372.5 371.3 367.9 365.4 365.3 364 364.6 359.8 356.3 354.6 353.8 354.3 359.6 367.9 381.4 389.3 396.8 405 408.7
400.2 396.5 395.1 391.2 381.9 376.5 372.7 368.3 362.7 358.6 357.7 352.4 345 350.6 362 366.7 369.5 373.8 376.8 388.1 383.1 362.3 355 351.3 341.9 340.5 338.2 338.3 339.7 337.4 338.5 345.3 351.9 352 348.9 338.2 331.4 329.8 323.9 321.6 319.7 325.6 326.4 327.6 328.9 331.3 336.6 339.8 342.7 346 349.8 358.3 368 375 379.5 381.3 382.5 387.7 381.5 373.1 372.5 371.2 369.6 370.2 367.9 367.4 362.2 358.4 355.7 354.4 354.2 359.6 368.5 381 390.2 397.2 405 408.4
398.5 391 388 382.2 377.6 374.6 370.4 364.6 353.9 348 348.9 346.3 345.4 357.8 365.9 367.2 368.8 371.9 379.8 387.3 375.8 367.4 359.9 356 341.8 338.8 337.2 338.8 340.3 341.8 342.8 348.5 356 355.1 347.4 339.6 333.4 329.6 323.4 320.8 321.2 325.2 327.7 328.1 329.4 331.9 336.5 339.7 342.8 346.1 350.5 358 366.7 372.5 377.3 380.3 383.8 385.8 374.9 373.8 373.1 372.5 371.9 374.2 370.8 372.1 365 360.5 355.6 354.4 354.5 358.6 368.9 379.3 388.8 395.7 403.6 408.1
391.1 387.1 382.1 375.7 372.7 366.2 365.5 355.9 350.2 347.4 346.6 346.5 350.2 363.6 365.9 367.8 368.8 371.8 377.3 384.1 377.7 367.3 359.9 353.6 343.4 340.3 341.2 342.3 344.4 345.5 348.1 355.4 360.7 356.4 350.5 342.3 335.8 332.1 325.3 321.5 321.5 325.2 327.8 328.6 329.3 332.6 336.4 339.6 342.9 346.6 350.8 356.9 365.1 371 375.4 380.4 384.2 383 376.5 374.6 374 373.4 374.5 379.8 375.1 376.1 367.8 362.6 356.6 353.5 356 359.2 368.7 377.5 389 393.6 401.9 407
386.5 380.1 376.2 377.1 377.4 373.3 372 358.3 348.5 348.6 349.6 352.2 360.1 365 367.1 368.2 369.3 373.4 376.8 375.7 372.2 361.5 355.1 347.3 344.8 345.9 347.3 346 349.3 354 354 361.1 362.7 359.4 352.7 345.8 339.4 336 328.3 322.1 323 324.9 327 328.7 329.8 333.5 337.2 340.4 343.7 347.2 350.7 355.9 363.6 368.8 374.5 380.5 384.8 383.1 380 375.2 374.8 374.6 379 385.2 378.7 379.1 370.8 365.4 357.6 354.3 357.1 361.1 369.6 376.3 387.9 392.3 400.1 407.5
381.6 378.2 379.9 380.2 378.7 374.6 369.9 353.5 348.1 351.4 352.6 357.1 362 367.2 368.7 368.7 371 376 381.5 382 364.3 353.5 348.9 346.3 349.8 353.4 355.1 353.1 358.3 359 360.7 365.1 367.3 364.1 356.3 349.6 344 338.8 331.4 324.9 322.2 324.8 326.9 328.5 329.7 333.1 337.3 341.1 344.4 347.3 351 355.7 362.4 368 373.6 379.4 384.7 385.1 379.9 375.9 375.4 376.5 382.5 388.4 381.6 382.6 374.7 364.4 355.9 355.1 358 363.7 367.4 374.9 386.3 390.7 400.7 406.9
378.4 377.9 381 380.5 376.4 375.9 362.5 349.8 348.4 355.6 355.7 359.9 365.3 367.4 368.2 368.8 369.9 376.3 382.6 378.5 369.7 358 358.4 360.3 360.2 360.9 360.2 354.7 359.7 362.4 366.2 371.3 372.5 369.1 362 354.6 346.4 340 332.7 324.7 321.8 324.9 326.6 327.3 330 332.9 336.7 340.5 344.2 347.3 351.7 355.5 361.2 366.9 372.5 378.8 385.4 384.7 377.5 376.3 376.6 378.3 382.7 387.8 384.2 385.6 379.4 361.6 355.6 356.5 359.4 364.2 366.3 372.3 383.6 389.1 397.8 404.9
379.4 380.5 380.1 377.8 376.1 377.2 361.8 348.4 357.1 358.3 358.8 360.4 364.4 368.5 370.5 369.8 370.9 377.5 384.8 379 366.5 360.1 365.1 364.2 363.2 363.4 363.3 361.1 363.8 367.6 371.6 375.3 379.3 376.2 369.3 361.8 352.2 345.3 335.3 324.8 321.7 323.2 326.3 328 330.7 333.5 336.8 340.4 344 347.1 350.8 354.6 359.4 365.1 371.8 378.3 382.8 383.1 376.6 376.4 379.9 382.6 382.4 387.6 387 381.1 371.4 359.1 355.8 356.7 360.1 364.5 367.6 370.9 380.5 388.9 395 401.9
381.1 381.4 380.2 379.4 377.8 378.8 361.9 347.7 359.1 361.1 363.6 363.3 365.4 370.2 376.9 372.6 372.6 381.7 387.1 369.9 363.8 369.5 370.4 369.3 368.5 371 369.1 366.3 368.2 373.4 377.1 382.6 386.8 386.2 378.8 368.3 354.8 346.8 334.4 325.1 322.1 323.6 325.6 327.9 330.3 333.2 336.8 340.4 344.1 347.2 350.6 354.1 357.9 364.5 369.9 376.8 381.1 380 376 379.8 382 390.3 383.5 386 386.6 377.7 367.7 358.8 357.1 358.2 361.9 364.2 367.6 371.7 378.2 390 392.9 400.2
380.8 380.9 381.6 380 378.2 376 355.9 348.5 361.8 364.6 366.3 366.1 367.4 373.8 373.1 372.2 373.9 381.1 380.2 375.6 374.1 378.4 380.2 377.5 375.5 378.4 375.1 372.2 373.9 379 385.1 394.4 399.7 396.5 386.8 373.9 354.4 343.7 332.9 324.7 322.8 322.5 324.7 327 329.9 333.2 336.8 340.5 344.1 347.3 350.3 353 356.3 362.1 369.5 374.9 378.6 376.7 375.3 380.4 383.1 383.8 383.6 384.4 380.9 374.2 365.8 359.4 357.8 359.4 365.1 368.4 370.1 373.2 379.3 387 390.7 398.9
380.7 380.1 378.6 377.8 379.4 369.5 350 355.7 366.4 369.1 369.5 368.5 368.4 371.5 372 375.1 378.3 381.6 385.1 384.7 383.4 386.6 388.7 384.2 381.9 386.4 385.5 383.7 382.3 386.9 397 408.6 409.5 401.7 388.9 372.9 352.8 340.7 332 325.6 324.1 323.1 323.4 326.3 329.8 333.1 336.7 340.5 344.1 347 349.5 351 354.2 360.6 368 373.4 377.2 376.2 375.9 378.5 381.8 382 381.6 384.2 377.1 368.5 362 359.9 359.7 364.7 369 371.7 373.5 374.2 380.8 387.5 389.7 397.1
382.1 379.3 378.6 380.1 374.1 356.7 348.2 364.3 372.7 371.5 371.1 369.9 369.9 371 372.8 375.2 380.7 385.9 394 392.6 394.6 393.2 394.4 390.9 394.3 395.7 394.9 392.8 391.6 400.1 409.8 418.2 418.7 404.2 393.1 368.9 351.5 339.6 331.3 324.9 324.3 323.3 322.8 326 329.3 332.8 336.6 340.5 343.6 346.3 348.8 350.5 351.9 358.7 365.8 371.3 374.6 374.1 373.9 376.3 379.9 379.2 379.7 385.6 378.5 368.1 362.7 361.7 364.7 369.4 372.1 374.4 376.7 375.7 380.5 384.7 388.4 399.4
381.4 378 379.2 371.8 357.6 348.7 359.5 375.8 374.1 374.2 375.4 374.5 374.3 374.7 374.4 376.9 383.8 392.6 405.4 400.3 400.8 403.7 401.4 398.1 403.5 410.1 407.7 404.1 401.9 412.6 422.4 423.9 417.3 403.2 389.5 367.5 350.6 339.6 331 325.2 323.8 323.6 322.7 324.7 328.2 331.6 335.6 339.9 343.3 345.8 348.1 348.8 349.9 357.2 362.8 370.3 373.5 373.1 373.8 374.6 376.7 377.6 379.2 385.1 376.8 370.1 366 366.7 370 373.7 375.6 379.3 380.4 378.9 380.1 385.7 388.4 398
