app/static/ascii/NJ00.asc
ncols 200
nrows 200
xllcorner 300000
yllcorner 800000
cellsize 50
[rows 68 to 101 of 200, columns 77 to 153 of 200]
972.7 985.3 1000.2 1022.4 1043.2 1057.3 1052.5 1042 1026.7 1006.4 984.9 964 945.7 925.9 903.1 879.3 858.1 837.1 820 802.7 782.2 767.8 758.4 755.6 756.7 757.1 758.8 760.7 758.3 754.7 753.6 753.6 753.3 753 751.4 749.4 747.3 744.3 740.9 735.4 728.4 718.8 707.4 696.5 686.4 675.5 669.5 685.5 698.8 718.5 736.3 740.5 740.8 746.6 753.2 763.8 771.7 777.5 786 783.8 775.7 767.2 758.4 750.2 742.2 733.6 729.1 724.6 718.8 713.8 709.9 706.3 703 697.1 689 681.1 673
979.2 992.3 1006.2 1027.2 1049.6 1063.7 1061.2 1054.3 1039.7 1019.1 997.1 976.1 957.3 936.5 914 891.5 868.9 847.4 831.3 816.6 795 777.5 767.3 765.1 764.3 764.2 764.4 767.1 763.9 760 759.4 757.9 756.8 756.3 753.6 750.2 745.2 741.3 736.3 729.7 721.1 710.8 699.8 690.1 682.3 671.6 677.1 689.3 702.3 719.6 735.6 739.4 744.1 749.3 758 770.5 779.5 788.3 793.4 788.8 781.2 772.4 763.7 755.4 747.5 738.7 733.8 727.4 721.8 716.4 711.8 706.4 702 694.8 687.2 679.8 671.7
982.2 995.2 1009.2 1029.7 1053.5 1071.6 1072.4 1065.3 1051.2 1030.4 1009 988.3 969.8 949 926.2 903.6 881 858.7 842.5 830.2 810 789.1 775.9 775.3 772.4 770.5 770.7 772 769 765.2 763.8 762.2 761.1 758.5 755.5 750.9 744.8 738.6 731.4 723 712.7 703 693.4 686.3 675.8 672.2 684.4 692.4 704.6 719.4 733.4 740.6 745.8 752.1 761.3 774 784.3 793.2 795.7 789.8 783.3 775.5 767.3 758.8 749.2 746.6 738.1 732.9 726.9 719.3 712.8 707.2 700.8 693.3 685.8 678.4 670.6
978.2 992.4 1006.8 1027.6 1052.5 1071 1077.9 1073.5 1061.6 1041.2 1018.3 999 981.5 961.2 937.7 915.1 892.6 871.2 854 842.3 823.5 800.1 793.1 785.1 779.1 774.9 774.6 774.8 771.2 767.8 766.7 766.2 763.6 760.8 756.8 751.6 743.6 736.2 726.1 714.1 703 695.6 689.5 682.7 670.5 681.9 688.9 694.8 707.2 722 732.3 740.1 746.2 753.6 764 776.4 785.6 793.8 793.4 788.9 782.5 775.6 768.4 761.8 759.2 759.9 752.1 746.6 732 723 715.1 708.3 700.3 691.9 684.5 676.9 668.5
972.8 985.8 1002.1 1023.7 1048.6 1069.7 1082.9 1081.4 1070.7 1051.4 1027.5 1009.5 992.5 972.7 949.1 925.7 903.7 882.5 865 853 837 821.3 808.3 794.4 784.6 779.5 777.2 775.4 772.3 769.9 769 767.4 765 761.2 757 751.7 742.5 730.2 717.9 706.4 697 691.4 686.3 673.8 677.4 688.2 694.1 699.4 711.8 725.5 734.3 741.4 746 755.7 765 775.2 783.7 788.9 788.8 785.8 780.2 773.6 768.1 762.8 763.7 765.8 761.7 751.7 736.4 726.6 717 709.4 700.2 691.2 683.4 675.8 666.3
965 979.3 995.9 1018.5 1044.7 1067 1085.1 1082.4 1073.6 1058.6 1036.5 1019 1002.3 983.6 960.1 936.2 914.3 892.8 874.7 863.6 850.7 839.9 820.2 802.2 788.7 781.8 778.5 776 772.6 769.6 768.5 767.5 764.4 760.2 755.3 749.6 739.1 722.9 709.6 699.2 692.6 687.5 676.9 672.3 685.9 694.7 701.3 706.7 718.1 730.6 737.3 743.8 752.9 759.2 766.6 773.6 780.2 783.5 783.6 781.4 776.7 770.7 766.4 762.4 764.9 766.3 762.7 753.5 742.5 732.9 720.7 710.3 699.7 691.1 683.2 673.9 664.3
957.6 973.3 991.2 1015.1 1041.5 1064 1078.6 1077.3 1072.7 1062.1 1044.7 1027.1 1011.3 993.1 970.2 945.5 923.4 902.6 883.8 872.5 863.3 849 827.4 806.6 791 783 778.7 775.7 772.4 768.9 766.8 765 762.3 756.7 750.9 743.4 729.5 713.8 701.5 693.2 687.8 680.4 672.4 680.4 695.4 704.8 711.9 717.1 725.9 735.5 741.5 747.7 759.4 765 769.1 773.7 777.5 778.7 779.2 776.8 772.3 767.5 763.8 762.2 763.7 764 760.1 752.4 744 733.4 721.6 710 699.4 691.5 683.2 673.2 663.1
954 968.1 986.7 1010.2 1036.2 1056.4 1068.4 1070.1 1070.5 1061.3 1047.2 1031.4 1016.5 1001.2 979.8 954.4 931.4 909.9 891.2 881.6 870.9 853 830.7 809.7 792.3 783.6 778.6 775.3 770.9 766.7 764.1 761.4 757 750 742.7 730.3 717.1 705.2 694.2 687.3 675.9 678.6 683.9 694.1 708 718.3 724.6 729 736.4 741.9 747.4 754.9 765.5 768.5 770.7 772.8 773.6 774.5 775.2 772.5 767.1 763.8 762.1 760.7 760.5 759.8 755.8 749 741.8 732 720.8 709.6 699.6 691.4 683 672.8 661.1
950.6 963.6 981.3 1004.1 1028.2 1046.6 1058.2 1061.6 1063 1057.8 1047.9 1034.8 1021.2 1007.8 988 963.7 939.8 917.9 898.8 888.6 875.4 854.4 830.9 809.3 792.9 783.1 777.3 773.1 768.8 764.5 759.1 754.9 748.9 738.5 728.2 717.7 706.7 696.1 688.3 675.7 683.4 686.6 694.5 709.7 725.6 734.3 738 741.8 746.7 751.2 754.9 764.6 772.1 773.6 775 774.3 773.2 772.7 771.9 767.8 764.9 761.4 759.4 758 757.8 754.3 749.8 744.4 737.2 727.1 718.6 708.4 698.1 689.8 682.8 671.5 659.3
947.7 959.4 975.5 995.4 1018.4 1035.8 1048.1 1053.8 1057.5 1054.8 1047.2 1034.8 1024.2 1013.9 995.3 972.5 948.2 924.7 904.9 892.5 876 851.5 827.6 806.9 792.6 781.3 775.3 770.5 766 760.6 753.9 746.4 737.5 725.9 716 706.8 698 690.5 679.1 685.9 690.5 697.3 711.1 729.1 746.2 750.2 752.3 755.5 758 762 765.4 774 778.5 779.4 778.8 776.2 773.7 772.8 769.9 765.9 763 759.2 756.8 755.4 753.6 750.7 745.1 739.9 731.3 722 714.6 705.9 696.8 688.8 681 671.2 658
945.5 956.4 969.4 987.3 1007.7 1023.1 1037.8 1046.7 1051.9 1051.3 1045.8 1034.5 1027.1 1018.7 1001.9 979.2 954.3 929.2 909.5 892.9 873.5 846.8 822.3 804 790.1 778.6 772.5 766.4 760.4 754.3 745.5 736.7 726.4 715.2 706.9 698.9 692.2 683.7 681.9 691.4 701.3 714.7 733.4 753.7 764.8 766.5 767.6 770.2 771.3 775.2 777.6 782.8 786.4 787.2 785.2 779.3 775 771.8 768.1 764.4 760.8 757 754.5 751.7 749.1 746.7 741.4 735.3 725.9 717.8 711.1 703.1 694.6 687.1 678.7 669.4 659.1
942.7 953.1 965.1 980 997.4 1014.9 1029.9 1040.4 1046.6 1046.7 1042.5 1033 1028.9 1022.3 1006.7 983.5 958.3 932.3 910.2 891.8 871.8 845.8 820.8 800.7 784.6 773.7 765.6 759 754.1 747.3 737.1 728.4 717.7 707 699.7 693 686.1 681.3 690 698.8 711.9 731.1 755.4 774.8 780.2 781.7 781.9 782.2 783.7 785 787.4 792.2 795 795 791.2 781.1 776.1 771.4 766.5 761.4 757.4 752.7 749.7 747.5 745.4 743.5 737.7 730.1 721.6 715.1 707.4 701 694.2 684.9 675.5 675.3 666.6
938.9 949.5 961.1 975.2 990.9 1007.8 1023.7 1035 1042.1 1044.2 1039.8 1031.3 1027 1022 1007.8 985.1 958.4 931.7 908.7 890.5 870.6 844.6 818.4 797 779.4 766.8 757.8 752.4 747.5 740.8 730.4 722 711.4 700.4 693.8 687.5 682.1 687.3 695.6 708.3 726.2 751.2 774 787.9 792.6 793.2 791.1 790.7 792.4 793.9 797.5 800.8 801.8 801.6 794.9 784.7 776.2 770.9 765.1 759.9 755.8 750.1 748.2 744.9 742.1 740.1 734.2 724.8 719.1 713.2 706.3 698.3 691.6 690.6 684.2 677.7 666.2
937.3 947 957.7 970.4 985.6 1001.5 1017.6 1029.9 1038.6 1040.5 1036.2 1026.8 1021.5 1016.9 1005 983.2 956 929.4 905.4 889.6 869.3 838.7 811.8 789.9 772.1 759.1 751 745.3 741.3 734.7 724.9 715.4 704.1 695.6 688.4 681.7 684.2 692.5 705.3 723.6 747 770.7 788.5 796.7 799.4 798.8 796.3 797.4 799.7 804 806.3 808 808.2 807.1 799.4 788.7 778 772.5 765.1 758.9 754.2 749.8 747.3 743 739.8 736.6 729.7 720.1 717.6 713.7 705.3 701.9 699.1 693.9 686.4 679.1 667.3
937 945.5 954.6 967 980.6 995.9 1011.4 1024.6 1034.5 1036.7 1030.4 1019.2 1011.9 1007.2 996.9 975 948.8 923.2 901.2 886.3 862.1 831.7 803.7 781.4 764.3 751.9 743.9 738.2 733.3 726.1 716.8 706.6 696.7 689.4 682.6 684.9 687.4 699.6 715.5 737.5 762 782 794.5 800.7 803.1 803 801.6 803.7 808.2 812 814.5 816.4 815.5 813.5 804.1 793 781.9 773.5 765.9 760.3 753.8 750.2 746.8 742.8 738.7 734.8 728.7 723.3 719.4 714.4 711 707.6 702.5 695.4 687.8 679.6 672.4
936.8 944.5 953.2 963.8 975.9 991.2 1005.6 1018.8 1029.3 1031.7 1023.8 1010.8 999.7 1002.9 981.6 963.5 938.6 915.4 894.5 878.6 853.7 822.8 794.7 773.6 757 744.7 734.6 727.9 721.9 715.7 706.9 699.1 691 684.5 685.7 687.7 696.2 707.7 725.9 748.4 769.8 786.6 796.8 802.6 805.4 806.3 807.5 810.1 815.1 820.2 825.2 828 824 819.2 809.5 798 786.9 777.8 769.3 762.7 756.1 751.4 747.5 743.2 738.6 734 728.4 724.3 718.7 717.3 714.8 709.9 703.6 695.5 687 678.4 666.8
939.2 944.2 952.1 961.2 972.2 987.1 1002.7 1016.4 1026.6 1027.4 1017.4 1003.1 990 978.2 971.5 951.8 928.3 904.4 882.8 863 837.8 809.6 784 764.4 748.4 736.2 724.9 717.8 712.1 706.8 698.4 691.9 687.5 687 688.3 694.6 703.3 717 736.4 757.6 775.8 789.1 797.4 803.9 806.7 809.4 812.2 815.7 820.8 826.5 833.1 833.3 826.9 821 814.1 804.8 792.8 781.5 771.7 764.5 758 753 748.4 743.6 738.9 733.8 730.6 722.8 723.6 720.8 717.4 711.5 704 694.3 684.9 675.6 661.3
939.4 943.9 950.9 959.5 970.6 984.7 997.5 1010.3 1021.3 1020.1 1010.6 994.7 980.6 966.1 953.6 938.3 916.2 892.7 868.3 840 819.8 794.4 771 753.4 737.8 725.4 716.5 709.4 703.8 699.4 690.8 689.4 688.5 688.9 695 700.1 710.7 728 746.6 764.4 779.5 790.2 798.2 804.8 808.5 813.3 816.7 820.5 825.5 829.2 832.4 829.4 823.9 818.5 814.4 806.7 795.2 783.1 774.3 766.3 760 754.2 749.6 744.8 739.8 735.5 729.9 729.8 727.5 723.3 718.9 712 703 692.8 680.9 667.4 654.3
939.6 943.6 949.6 957.7 967.6 980.6 993.1 1004.1 1012.4 1012.1 1002.4 987.3 972 957 938.6 924.4 904 879.7 854.4 827 801.8 778.8 758.5 741 726.4 715.2 707.3 698.8 693.4 692 691 689.6 688.9 694.8 700.3 707.1 720.3 738.7 754.9 770.9 782.8 792.8 800.2 806.7 812.7 817.3 821.6 825.7 828.9 830.3 829.2 825 820.1 815.7 811.3 803.4 793.5 783.2 774 766.6 760.2 754.6 749.9 745 739.9 736.2 736 733.4 730.5 725.3 719.2 711.1 699.7 688 673.2 658.6 641.7
939.9 943.2 948.4 956.1 966.3 977.9 989.7 999.2 1005 1003.2 993.9 980.2 964.9 950.3 933.6 915.3 891.6 864.3 838 812.7 788.6 766.8 746.1 730.3 716.5 707.2 698.9 693 694.5 693.2 690.9 691.8 695.4 699.7 704.8 714.6 730.5 747.7 763.2 775.9 786.8 796.1 803.5 810.8 817.5 823.6 828.4 830.6 830.5 829.2 825.7 820.3 815.9 812.4 806.8 799.1 790.2 780.6 772.7 765.7 759.1 753.7 749.2 743.8 739.2 737.1 736 733.9 730.3 725.4 717.4 706.7 694.7 680.4 663.3 648.2 630.8
939.6 942.6 946.7 954.4 964.7 976.6 986 993.9 997.5 995.1 987 974 961.1 946.4 929 907.5 879.5 851.9 823.9 799.5 773.9 755.1 737.6 723.6 711.9 702.2 696.3 696 697 692.9 694 695.7 699.6 705.2 712.2 723.8 740.7 755.4 769 781 790.9 799.6 807.5 816.2 824.5 831.1 834.3 832.9 830.1 826 820.5 813.9 811.6 807.6 801 793.2 784.8 777.4 770.6 763.6 757.7 752.4 747 741.1 737.8 736.3 733.1 730.4 724.8 718.5 710 699.7 686.9 670.7 653 637.7 621.3
939.3 941.5 945.2 952.1 962.2 973.2 981.3 989.3 992.3 989.8 981.7 970.6 958.3 943.6 923.4 898.3 868.6 842.2 815.5 789.6 764.8 740.2 728.4 717 706.2 700.7 698.9 698 695.8 697.2 698 700.5 704.5 710.3 719.8 734.4 749.2 762 775.3 786.1 795.4 804 812.5 821.9 832.7 844.9 840.4 832.8 827.5 820.5 813.3 809.9 806.2 799.9 793.8 787.3 779.7 772.9 767.2 760.3 755.4 750.5 745.5 739.5 735.1 732.3 728.1 722.8 717.5 709.9 700.7 690.7 677 660.7 642.1 627.2 611.8
938.4 940.1 943.7 949.8 958.4 968.4 977.9 986.1 989.9 986.4 977.7 967.2 955.2 938.2 915.5 889.1 860.5 832.1 805 780.3 757 732 721.5 711.8 705.2 699.4 700.7 700 700.2 701.7 702.5 705.7 710.7 718.3 730.1 744.3 757.2 769.6 781.7 791.2 799.8 808.4 817.1 826.5 837.3 841.8 838.5 830.1 821.7 816 810.2 805.4 800 794.1 787.6 780.9 774.7 768.3 762.9 758.1 753.2 748.3 743.4 738.5 734.1 728.5 723.5 716.4 710.1 702.4 692.9 681.1 666.7 648.3 631.9 615.7 598.3
937 939.1 942 947.2 954.7 964.6 974.3 982.4 987.1 983 974.7 963.6 948.9 929.2 903.9 878.4 852.3 826.1 800 774.5 752.6 731 717.4 708.8 702.5 699.8 702.5 701.6 705.1 706.8 708.4 713.4 719.8 728.4 742.4 755 766.8 777.3 787.4 796.3 804.3 812.9 821.7 830.8 836.3 837 832.8 824.9 817.6 811.5 805.6 799.5 793.9 788.2 782.1 775.6 770 764.2 760 755.7 751.1 746.2 741.5 737.1 730.5 725 720.3 711.9 705.2 695.3 684.5 671.1 654.5 637.2 623.1 610.5 599.5
935.7 938 941.2 944.9 951.9 960.6 968.9 977.2 981.9 979.1 970.5 957.5 940.3 916.7 892 866.6 842.2 817.4 792.5 769.5 747.5 727.3 713.6 705.3 702.1 706.8 705.9 707.4 710.6 711.5 718 723.8 730.7 741.9 755.2 766.1 775.1 785.2 793.7 801.3 809.5 818 826.3 832 835.2 832.7 827.6 820.5 812.3 807.1 800.9 795.4 790.5 785.5 778.8 771.1 765.4 760.9 757 752.8 748.4 744 738.8 733.4 728.3 723 716.6 707.8 699.4 688 673.9 656.5 641.1 626.7 614.8 607.2 599.8
934.1 937.3 940.3 943.2 947.8 954.4 962.6 970.1 976.5 975 963.5 945.4 925.9 902.5 878.7 854.8 831.5 808.2 784.4 762.7 742.5 726.2 708.1 710.5 712.7 709.2 711.8 714.7 716.9 721.5 728.2 736 745.6 758.4 769 776.5 783.2 792 800.1 806.5 814.1 822.5 829.3 833.2 833.8 831 823.6 816.6 808.8 803.2 797.2 791.5 786.9 782.6 775.7 767.5 762.4 757.5 753.5 749.5 745.1 740.3 735.6 730.9 725.8 719.9 712.4 704.5 694.1 679.8 662.7 651.8 629.2 616 608.1 600.4 597.4
933.3 936.7 939.6 941.8 944.4 949.2 955.3 962.5 969.1 970.8 952.1 926.3 906 886.1 863.3 841.2 819.3 797.4 775.5 755.1 737.6 722.3 711.4 714.1 714.7 713.5 717.5 722.3 726.3 734.5 743.9 752.2 762.8 772.4 780.1 786 792.2 799.3 805.9 812 819.2 827.1 832.4 834.9 834.7 830.6 823 814 806.4 800.3 794.5 789.4 784.2 780 772.4 765.9 757.5 754.1 750.1 746 741.7 736.7 731.9 727.8 722.9 718 710 700.2 686.5 669.8 655 635.4 618.2 606 599.7 597 596.8
930.8 935.4 938.5 940 941.8 944 948.3 954.2 960.7 962.7 935.5 906.4 881.7 863.7 843.2 822.8 803 785.2 766 748.3 733.7 718.9 714.6 715 718.7 719.4 725.9 733.1 739.9 749.7 761.6 770.3 779.6 785.6 791 795.8 800.6 806.7 812.2 818.1 824.7 831.4 836.8 838.8 837.8 832.2 823.7 814.5 806.2 799.9 793.1 787.8 782.8 777 769.3 762.7 756.3 752.4 748 743.3 737.8 732.8 728.6 724.4 721.5 717 707.4 694.5 680.9 664.7 644.2 623.5 607.7 598.5 597.2 596.9 597.4
928.2 933 936.7 938.3 938.3 939.8 941.7 946.4 951.7 948 919 888.9 862.3 840.7 822.1 803.3 786.8 772 756.6 742.8 729.1 714.4 716.1 719 724.7 730.3 738 746.3 755.3 766.7 777.4 786.8 792.7 797.3 800.9 804.9 809.2 813.8 819.4 825.1 830.7 836.8 842.6 844 841.8 836.5 827.7 819.1 808.5 800.1 792.2 785.4 780.4 774 766.8 759.8 753.9 749.7 745.3 739.6 733.7 729 725.1 722.9 720.5 717 705.5 691.1 677.8 658.3 636.1 614.9 600.1 598.3 598.4 598.1 597.3
925.2 930.1 933.2 934.3 934.8 934.4 935.1 937.3 939.9 932.1 902.7 871.7 848.8 824.5 803.4 785.6 771.7 758 746.7 735.5 722.2 721.2 723.3 726.1 732.5 741.8 751.7 760.8 770.8 780.4 791.8 800.5 804.2 806.8 809.9 813.7 817 821.7 827.4 833.3 839.1 844.2 848 848.5 847.5 842.5 833.9 824.6 814.4 803.8 793.3 786.4 778.9 771.9 764.8 757.8 752.6 747 741.8 735.7 729.8 725.4 722.4 719.4 717.5 712.8 701 687.7 672 648.4 628 606.9 600.2 599.2 598.9 598.1 597.5
921.2 925.3 928.3 929.3 929.2 928.9 928.6 930 929.9 919.3 885.6 855.3 832.7 811.5 788.6 770.9 757 746.5 737 726.7 719.9 728.1 731.2 736.3 743.9 753.9 765 774.2 783.6 793.5 804.1 811.5 813.9 815.9 818.3 821.3 825 831.3 837.1 843.3 848.4 852.4 853.4 854 852.7 849.3 841.3 830.6 823.7 809.7 797.3 787.1 778.3 770.2 763.1 756.9 750.3 744.3 738.4 732.2 726.1 721.4 717.4 714.2 711.5 707 695.6 681.4 660.5 640.1 619.4 608.1 604 607 597.4 596.9 596.5
913.1 916.9 921.3 923.6 922.8 920.7 921 921.6 922.3 905.1 869.5 841 819.3 796.7 775.9 757.4 746.6 736.9 726.9 725.8 728.5 732.8 740.4 747 755.4 767.1 777.4 784.6 793.2 803.5 813.8 820.4 824 826.1 828 829.4 834.4 840.5 846.8 853.2 859.4 864.2 862.1 862 857.9 855.1 848.5 841.3 833.2 818.8 802.8 789 778.2 769.3 761.6 755.2 748.7 741.8 735.4 729.2 722.8 717.7 712.9 709.1 705.7 699.3 689 672.5 649.5 628.8 613.8 612.2 610.5 598.3 598.7 598.7 598.7
920.8 907.4 911.4 913.8 914.6 914.2 914.9 916.1 916.8 894.9 862.2 833.5 808 784 763.9 746.2 735.8 732.3 725.1 729.5 733.2 739.6 747.4 757.9 768.2 779.7 786.5 793.4 802 812.1 821.2 827.9 832.9 835.9 837.2 839.2 844 849.7 856.2 864.1 869.3 870.5 866.5 864.8 862.6 858.7 849.5 850.1 840.6 825.8 807.1 792.1 779.4 768.9 760.1 753.6 747.1 740.2 732.5 725.8 719.8 714.2 709.3 704.4 699.8 687.9 678.8 659.6 637.7 618.6 612.1 605 599.3 600.3 599.8 599.7 600
927.9 917 900.9 897.6 904.2 905.2 906.3 908.1 909 887.3 854.9 824.9 798.1 772.9 751.4 735.8 729.3 727.2 727.6 733.1 740 747.6 757.2 768.9 781.5 789.2 794.8 800.9 809.5 818.7 826.4 833.6 839.6 844.3 846.4 849.1 852.8 857.5 863.6 870.6 874.4 872.4 869 865.9 863.2 859 856.4 853.2 844.1 828.8 810.1 792.9 778.8 768 759.6 752.4 745.2 736.7 728.5 722.4 716.9 711.3 706.3 701.2 694.8 686.5 661.1 640.6 625.2 613.5 610.5 601.2 599.5 601 600.9 600.7 601.3
