app/static/ascii/NJ01.asc
ncols 200
nrows 200
xllcorner 300000
yllcorner 810000
cellsize 50
[rows 105 to 139 of 200, columns 78 to 155 of 200]
446 435.8 427.7 422.1 418.2 413.4 408.4 405.8 402 398.6 395.4 391.9 389.5 387.7 387.5 383.4 379.6 376.2 372.4 369.9 366.8 363.1 359.5 356.1 352.5 351.1 349.3 352.7 354.9 357.1 359.3 361.6 363.8 367.6 371.9 376 384.8 394.9 393.9 386.2 383.9 384 385.1 386.2 390.6 401 404.8 405.4 414.1 431.8 453.9 475.7 493.4 506.4 512.5 508.4 496.9 473.6 473.4 478.6 498.9 522.4 538.6 549.8 554 553 551.9 546.6 537.2 529.4 523.1 519.9 527.2 531.6 534.4 536.2 537 534
458.2 450.4 440.8 434.6 428.9 423.6 418.7 414.8 412.5 407.9 402.6 396.7 394.1 392.2 390.4 390.6 387.1 384.6 378.4 373.5 369.2 365.1 362.6 359.5 356.7 354.4 352.2 352.3 356.2 360.1 362.4 364.6 366.8 369.4 373 377.5 383.9 392.4 385.8 383.5 383.2 384.2 385.7 386.8 391.3 399 403.4 405.8 409.1 427.6 444.8 466.3 484.1 499.6 511.1 513.5 497.7 471.7 487.5 503.2 511.9 532.9 549.4 560.3 564.9 564.8 561.7 554.3 545.1 537.7 531.6 531.5 537 540.5 543.3 545.3 544.7 541.7
471.3 465.2 455.2 446.6 439.9 434.4 428.9 424.1 420.9 415 407.9 401.6 396.3 393.4 391.5 391.4 390.6 390.2 384.3 378.7 371 367 364.8 362.2 359.2 356.2 352.1 354.5 357.2 360.9 364.6 367.8 369.9 372 376.5 378.9 382.8 386.8 382.6 382.5 383.2 384 385.3 387.3 391.8 398.3 403.8 406.3 407.8 421.3 438 457.4 474.9 491.3 505.8 512.2 499.9 485.4 501.8 513.5 529.4 546.5 564.3 572.3 577.7 578.4 573.1 564.7 554.9 546.5 541.1 542.9 546.2 549.3 552.2 554.1 552.4 549
483.6 479.3 470.4 461.9 452.4 443.9 437.6 432.3 428.4 421 412.6 404.5 396.9 393.9 392.6 388.2 387.8 387.7 385.9 380.1 373 368.5 366 363.3 360.8 358.6 355.4 354.9 359.9 363.4 367 370.6 374.8 381.4 381.3 383.1 384.8 382.2 382.4 382.9 383.6 384.3 385.8 388 392.4 398.1 404.7 406.3 408.6 418.1 433.8 450.6 467.1 483.8 499.9 506.6 498.1 515.7 515.9 523.9 540 557 575 585.4 589.6 590.8 585.1 576 563.8 557.2 553.5 551.3 554.6 557.7 560.8 562.4 559.6 555.9
493.8 492 483.7 473.8 466.9 454.2 444.9 439.6 434.8 424.8 413.1 403.5 396.7 393 388.7 386.2 384.6 384.4 384.3 380.7 374.6 370 367.5 364.8 363.4 361.1 356.9 356.7 368.3 370 371.6 373.6 381.5 386.7 394.5 384.8 381.4 382.7 382.9 383.3 383.9 384.7 386.5 388.8 393.1 398 404.2 407.2 411.5 416 429.9 446.5 462.6 478.3 494.7 500.9 513.6 521.6 521.6 534.5 549.8 567.6 583.8 597.1 602 600.3 594.2 586.5 573.9 566.5 564.4 562.4 562.2 565.5 568.9 571.2 567 562.4
500.6 498.2 491.8 483.8 473.6 460.1 451 439 432.9 423.5 410.3 400.5 395.1 390.7 386.5 384 382 382 383 381.6 377.6 376.4 374.7 369.2 367.4 364.8 361.3 359.1 372.6 378.5 378.6 379 385.2 385.3 383 381.9 383.3 383.9 383.5 383.8 384.7 385.4 387.5 391.3 394.9 397.9 403 408.9 412 415.1 428 442.7 458.5 475.7 491.4 500.8 513.2 520.1 531 544.2 560.6 577 591.4 603.8 612 610.8 603.9 595.3 585 574.9 572.7 570.4 569.7 571.7 574.2 576.7 574.3 567.6
503.7 501.7 493.2 485.2 472.8 454.5 443.1 432.8 424.3 415.2 404.7 397.2 392.9 388.6 384.4 382.8 382 382 391.4 391.8 385.2 388.5 387.4 382.3 378.6 367.2 363 360.4 372.6 379.4 378.7 378.7 377.9 378.4 380.5 383.7 383.8 386.3 386.7 387.2 388.7 388.9 389.9 392.6 395 397.8 402 408.6 412.2 416 426.8 441.4 455.9 472.1 488.7 499.2 512 523.6 538.8 556.6 573.1 586.2 598.4 608.7 617.4 618.6 612.5 603.7 594.9 584.2 579.4 577.2 578.4 579.3 579.8 580.7 577.8 572
501.7 498.8 489.5 479.3 462.2 444.6 432.1 423.9 415.2 406.8 400.1 395 390.6 386.3 383.3 382 382 386.6 397.4 395.2 393.7 397.8 391.7 385.9 382.6 368.6 365.8 365.4 365.9 372.5 373.7 374.6 377.2 380.6 383.4 384.4 384.3 388 388.9 390.3 391.7 392.3 392.6 393.4 395.7 400.7 405.8 409.1 413.9 417.2 426.2 440 454.1 467.4 482.5 496 511.5 527.3 545.9 563.9 580.8 592.5 603.3 612.5 620.2 623.5 618.7 611.6 604.6 597.1 590.1 588.5 588.9 587.7 586.7 583.1 577.8 569.1
492.9 491.1 482.6 468.4 446 433.7 426.3 415.4 408.6 402.8 397 393.1 388.6 384 382 382 382 394.4 399.4 395.8 393.6 393.3 384.4 379.5 377.8 372.7 370.5 365.2 371.2 369.8 373.5 379.4 384.7 389.8 390 386.3 388.7 390.3 391.9 393.6 395.3 396.1 396.2 396.9 398.8 403.5 414.9 413.8 413.2 417.6 425.5 439.8 453.5 465.3 477.3 493.9 511.2 530.2 548.4 565.3 582.1 597.2 607.5 616 621.7 624.6 620.7 618 612.7 606.5 603.1 600.1 598.3 596.6 593 587.2 576.9 564.4
480.7 478.6 471.9 453.3 435.1 425.5 416.6 409.1 404.1 398.9 394.1 390.5 385.9 382 382 382 382 393.5 397.2 389.5 390.6 390.6 385 380.8 375.9 374.6 370.8 367.5 374.2 378.6 379.8 386.7 399.2 397.6 393.6 387.9 392.7 395.5 396.2 397.5 398.9 400.1 399.7 404.5 407.1 410.6 416.9 415.9 414.8 419.3 427.1 440.2 452 463.2 475.6 491.5 508.9 527.7 545.7 562.8 580.7 596.8 610.9 618.9 624.1 624.9 622.6 620.6 617.5 613.3 610.8 609.8 607.5 605 600 591.1 576.9 560.6
466.3 465.5 457.6 440.9 425.8 416.3 409.9 404.5 399.8 394.8 391.3 387.6 383.1 382 382 382 386.9 393.9 394.7 387.7 387.5 386.2 384.6 382.3 378.1 376.6 375.1 371.4 377.1 388.3 388.4 393.4 397.6 393.1 389.3 388.3 393.9 400.8 403.4 403.2 406.9 410 412.5 416.2 417.3 418.2 418.1 418.1 417.9 421.9 429.3 440 451.6 462.6 475.3 489.1 506.1 523.4 542.7 560.5 578.1 593.5 608.6 619.5 624.8 625.9 624.7 622.8 620.8 619.4 618.8 618 615.5 611.7 604.5 591.8 575.1 557.4
451.1 449.5 440.7 430.6 419.1 410.7 404.1 400.4 396.5 393 388.8 384.7 382 382 382.2 382 393.8 393 387.7 387.8 388 388.2 386.1 384.1 381.6 379 373.1 372.1 373.7 376.4 388.9 389.8 388.4 388.5 390.6 393.1 398.9 405.7 409.8 414.7 417.9 419.2 418.8 419.5 419.4 419.5 420.2 420.5 426.3 427.4 432.3 441.1 450.4 461.4 474.2 486.6 500.9 518 538.1 557.4 573.5 589.1 603.8 616.1 624.7 626.5 626.7 625.3 624.5 624.9 625.2 625.3 625.2 619.3 606.6 591.7 571.8 552.7
435.2 434.4 430.5 422.6 412.9 405.8 400.4 397.6 394.1 390.8 387.5 383.9 382 382.2 382.9 386.3 387 389.6 387 387.7 389.6 393.1 389.6 386.2 383.7 381 376.2 378.7 380.2 376 380 382.5 386.7 389.1 393.9 397.9 404.6 414.4 417.3 422 427.2 421.9 421.8 423.2 429.8 430.7 419.4 421 429.6 431.5 435.7 442.4 451 460.4 473.1 484.2 498.5 513 531.9 551.4 568.9 584.4 598.3 609.9 619.3 626.1 628.7 628.8 628.5 628.3 629.3 630.6 631 623.5 608.8 588.1 567.8 546.6
422 422.1 421.6 414.4 407.2 400.4 396.2 393.7 391.2 388.6 385.3 383 382.1 382.4 383.1 384.8 385.1 385.7 386.8 387.8 388.5 389.4 390.3 388.1 385.2 381.4 380.4 381.5 382.5 383.1 385.1 383.8 384.1 390.8 393.3 399.8 409.3 417.1 421.7 428.2 423 435.4 437.1 437.5 437.6 434.4 421.3 434.4 434.2 435 440.4 444.2 450.7 460.3 471 481.9 494.8 509.5 526.7 545.1 562.3 577.3 592.3 603.5 613.5 623.9 629.1 632.6 632.7 632 631 630.1 628.6 622.9 606.8 586.6 563.4 537.5
409.8 410.7 410.1 406.8 400.7 395.3 392 389.5 386 384 383.3 381.8 382.4 382.6 382.9 383.3 383.4 385.1 386.9 387.6 388.7 389 389.8 388.5 386.3 383.2 381.7 382 384 388.8 387.9 386.4 387.5 393.1 395.5 400.5 409.8 418.2 424 428.5 442.1 444.8 441.8 443.6 443.7 436.8 433.9 441.8 441.5 440.5 442 446.3 452.1 459.8 468.9 480.8 491.6 505.1 521.6 539.2 555 570.4 587.1 600.7 612 620.6 628.4 633.7 635.9 634.2 631 627.7 620.6 609.4 593.8 574.6 553.1 530.7
398.1 400 398.7 398.1 394.4 390.2 387.7 385 382.5 381.3 381.5 382.3 382.9 383.2 384.4 383.4 382.4 384.5 386.7 387.6 389.1 389.7 389.5 388.9 387.1 385.2 382.9 382.3 385.3 388.7 391.6 391.5 390.5 392.7 398.5 402.7 408.5 419.6 425 436.7 441.8 444.2 443.9 445.9 444 437.9 441.6 446.7 445.9 444.5 444.9 448.3 454.9 461.9 468.7 479.6 490 502.2 517.7 532.2 546.6 564.6 582.9 598.3 610.2 618.8 627.1 632.6 635.2 634.1 629 622.7 612.5 594.1 577.9 559.9 539 519.6
390.5 392.1 391.3 390.2 386.7 385.1 383 381.5 379.3 378.7 379.6 381.6 383.6 384.6 388.7 386.4 383 384.7 386.5 387.7 389.5 390.4 390.2 390 388.3 387 386.2 385.5 385.8 388.3 392.1 395.4 391.9 395.8 399.3 405.6 416.8 413.9 427.1 435.6 438.7 441.7 443.3 444.2 443.5 443.2 446.3 448.8 448.8 448.1 448.3 450.6 456.8 463.5 471.8 480.3 489.7 501.5 515.2 530.9 546.2 563.2 580.5 596.3 608.7 618.1 625.6 629.9 630.9 629.7 625.1 616.3 601 582.5 563.1 543.9 525.8 508.1
382.9 384.2 383.5 383.3 381.6 380.2 379.4 378.3 377 377.2 379.4 381.3 389.2 392 390.5 386.7 384.6 385.2 386.8 388.2 390 391.1 391.1 391.1 389.8 389.2 388.5 389.2 388.1 388.8 394.7 400.8 402.5 397.2 401.4 412.7 422.1 425.3 428.5 438 441 441.1 441.8 443 443.9 445.5 447.3 449.5 451.1 451.5 451.7 453.4 457.7 465.1 472.2 479.3 488.4 500.1 513.8 529.8 546.6 562.5 580.2 594.9 607.3 616.5 624.1 625.9 623 615 608.6 599 585.6 569.2 549.6 531.9 515.9 497.6
377.1 376.9 376.7 377.2 376.5 376.1 375.4 375.9 375.9 378.5 380.3 387.5 397 395.6 389.1 386.7 385.3 386.7 387.3 388.5 390.4 391.7 391.9 391.9 391.9 391.3 391.2 391.6 390.6 391.8 398.6 404.1 409 400.1 404.2 416.7 427.3 427.4 425.8 432.9 439.2 439.4 440.4 441.5 442.9 444.1 446.4 448.8 451.5 453.3 454.1 455 459 465.1 472.2 479.3 487.3 499 512.5 528.4 545.6 563.2 579 592.9 605.2 614.2 619.8 618.9 611 602.5 591.6 580.6 567.2 552 535.7 520.6 509 490.5
372.8 373.2 373.1 373 374.6 374.2 374.8 374.8 374.5 382.1 385.8 397.2 396.6 394 388.7 388.3 387.8 388.7 389.6 390 390.4 391.7 392.3 392.9 393.7 394.2 396.4 398.7 397.7 398.6 401.6 406.1 413.2 404.9 403.7 413.9 425 439.1 441.7 440.7 438.6 440.4 441.8 441.2 443.6 443.1 445.8 447.4 450 453 454.1 456.9 461.3 465.4 472.3 479.4 487.2 498 511.8 527 544.8 562.5 577.5 590.8 601.9 610 613.4 607.7 599.1 587.8 576.5 563.6 550 536.6 523.2 514.6 503.7 488.5
369.8 371.3 370.8 370.3 371.2 376.3 374.1 375.7 382 389.1 394.1 400 395.6 389.6 389.3 389.6 389.9 391.6 394.2 393.9 396.3 396.5 396.6 397.4 397.7 400.4 403.6 405.9 405.5 406.2 408.6 413.9 425.5 424.8 408.7 415.3 439 442.5 442.2 441.5 442.1 442.8 443.6 444.6 446.6 445.9 447 449.7 450.8 451.7 454.9 458.4 462.6 467.3 472.3 479.1 486.4 497.6 511.6 527 544.5 561 576.5 588.3 596.9 601.6 601.6 596.5 586.6 575 563.2 548.1 532.9 523.9 517.1 508.4 498.5 488.1
368.3 369.3 369.1 368.7 368.7 369.8 374.3 376.9 381.9 391.3 396.7 400.9 395.6 390 389.8 390.2 392 394 399.9 402.8 405.8 405.2 403.9 405.8 407.5 409.8 409.9 412.2 412.9 412 416.7 423.3 427 425.7 410 413.9 437.4 443.3 443.5 443.7 443.9 444.2 444.5 444.9 445.3 445.3 450.9 453.7 453.8 455.1 457.2 460 463.7 468.3 472.5 478.7 485.3 498.6 512.7 528.1 545.3 560.8 574.7 585.3 592.1 593.4 590 583 574.3 564.2 552.9 540.4 528.1 519.5 511.6 503.6 499.6 494.6
364.9 366.2 366.6 368.1 368.6 372.1 376.7 381.7 390.4 396.4 395 399.5 395.2 392.8 391.9 394.1 397.1 401.7 407.1 410.8 414.7 413.8 413 414.5 416 414.7 414.4 417.3 419.4 419.3 426.7 434.7 439 439.9 413.2 415 435 443.3 443.6 444.1 444.7 444.8 444.8 445.2 446.6 449 452.5 455.3 456.5 457.7 458.9 462 465.3 469.1 473.1 478.6 486.5 500.6 514.2 530.1 546.9 562.4 574.1 583.7 586.3 585.1 580.1 571.8 563 554.8 545.3 535.2 524.8 515.6 507.8 503.1 503.4 498.4
361.4 364.2 367.3 368.8 368.9 371.5 374.3 385.7 396.7 395.9 397.7 394.4 394.4 393.9 395.9 399.5 403.7 409.3 413.9 416.1 418.2 421.9 422.4 423.2 422.8 423 421.3 421.3 426.5 430.1 439 443 443.8 442.9 413.8 420 437.7 443.6 444 444.6 445.5 445.7 445.8 447 449 452.5 455.5 457.6 459.2 460.4 461.5 464.6 467.8 471.6 475.5 480.5 488.8 503.1 515.9 531.9 548.4 563.1 573.6 579.5 581.5 577.5 569 560.6 551.2 543.3 537.6 529 520.3 511.9 504.8 502 504.3 496
362.9 365.6 368.3 369.4 370.6 372.2 375.5 386.3 390.2 394.6 394.5 394.3 395.2 396.1 398.2 401.7 409.4 413.9 418.2 424.1 429.9 431 432.1 432.5 432.8 431.1 429 427.2 433.6 439.3 441.5 442.2 444.3 443.8 433.9 419.4 426.5 444.1 444.3 445.2 446 446.6 446.7 449.8 453.1 456.5 457.9 459.9 462 463.1 465.1 467.1 470.3 474.1 478 482.5 491.8 505.8 519.3 535 550.8 565.3 574.1 575.7 574 569.6 559.2 547 537.4 533.2 529.2 522.5 515 507.5 500.9 496.1 496.2 491.3
365.1 367.2 369.8 371.9 375.2 375.8 383.2 389.5 391.3 398.5 396.2 396.8 397.1 398 400.6 407.4 413.2 418.3 425.1 434.7 441.5 442.6 443.5 443.9 443 438.8 435.2 433.4 441.3 446.2 445 442.4 443.7 443 437.9 434.3 423.7 436.5 444.8 445.6 446.6 447.4 450.2 453.9 457.3 461 463.9 465.1 466.9 467.9 469.8 471.5 473.2 476.6 480.5 485.8 497.9 510.7 523.3 538.2 553.6 567.9 577.8 580.2 569 560.3 547.3 531.1 530.3 527.9 525.4 517.9 511.3 505.1 495 494.9 493.4 492.5
366.1 368.2 371.2 375.3 377.7 386.1 387.7 392.9 396.4 397.8 397 397.5 398 400.4 404.2 410.7 415.9 423.4 435.4 445.6 450 448.3 448.8 447.8 446.9 445.5 442.9 442.9 443 444.6 441.4 444.1 444 443 444.1 444.1 426.4 434.2 444.5 445.8 446.2 449.6 456.3 459.6 463.4 467 470.4 472.3 474 473.7 475 477.1 478.2 479.6 483.5 491.2 500.9 514.7 526.5 541.9 557 570.8 582.6 587.3 583.7 573.3 553 539.1 528.5 520.1 514.1 515.2 513 506.9 498.2 496.7 496.2 507
367.5 369.6 372.7 377.5 384 387.1 388.3 393.6 401.4 395.9 395.9 397.5 400.3 403.9 408.7 413.3 419 431.1 444.9 459.6 464.2 464.3 459 452.3 450.2 447.5 445.8 445.9 445.4 446.1 443.9 444.1 444.2 444.2 445.3 445 433.9 433 439.2 446.6 447.8 455.6 464.7 467.9 470.5 473.4 476.8 479.4 480.8 481.8 481.9 482.5 483.1 484.1 490.2 495 506.4 518.9 531.4 545.6 560.1 573.3 585 592.1 589.3 579.4 561 545.1 536 530.3 525.8 522.7 515 507.2 499 499.2 506 516.9
368.5 371.1 377.5 379.8 387.9 388.5 390.8 399 399.2 394.6 395.7 398.9 403.3 406.6 413.2 415.2 422.3 435.9 454.4 473.2 477.2 479.2 476.8 470 461.3 459.8 451.2 448.8 447.5 447.5 446.5 446 445.4 445.5 446.3 445.8 434.9 434.6 443.4 447.2 450.8 458.6 466.3 471.8 476.7 480.2 482.8 486 487.4 488.5 489.1 488.4 489.2 491.1 493.7 500.4 512.2 525.6 537.5 549.9 562.5 575.5 587.4 594 590.9 581.4 565.3 544.9 538.7 533.7 527.3 525.2 516.2 506.1 502.2 503.7 517.4 530.3
372.7 372.5 376.3 381.3 387.2 389.2 396.4 397.7 393.4 395.5 398 402 406.8 410.3 414.8 417 425.5 438.9 459.2 478.8 487.1 490.7 490.4 485.5 474.7 471.5 467.4 458.5 455.7 453.5 450.3 448.3 447.8 447.5 448.5 446.4 439.9 436.4 438.9 447.3 451.6 457.5 466.8 475.1 482.4 487.1 489.8 492.8 494.2 494.8 495.9 496.2 497.7 497.2 503.6 509.9 520.4 532 542.7 554 565.4 576.7 587 592.2 588.2 580.6 567.7 554.1 542.8 535.6 529 521.5 511.7 505 505.3 511.6 521.7 538.8
375.3 374.8 380.5 381.2 386.8 398 394.3 393.5 395.5 397.6 401.8 405.2 411.1 413.9 416.5 418.1 426.8 440 458.7 481.4 494.6 499.5 500.3 497 487.9 482.5 477.6 469.5 465.2 460.5 456.4 451.3 450.2 450.2 449.6 447.6 444.2 442.6 441.1 445.8 451.9 457.6 469 479.9 487.7 494.9 498.4 501.4 502.4 503.4 504.1 505.5 506.8 511 516.8 522.7 529.8 540.9 550.1 558.5 567.9 577.7 585.6 587.1 585.5 577.7 566.3 554.5 544.3 531.6 524.5 516.4 507 507 508.6 510.8 529 545.9
376.7 378.2 382.8 389.9 395.6 393.2 395.7 397 399.1 401.7 403.9 409.2 414 416.2 419.1 420 428.3 439.9 459 479.3 495.6 504.6 505.7 502.7 499.6 493.5 487.6 478.2 474.9 469.8 466.5 466 461.3 460 462 457.4 450.2 448.1 450.3 445.9 453 460.7 470.4 481.2 491.4 500.9 507.2 509.6 510.6 512.6 514.7 516.7 517.6 523.2 528.5 532.5 539.2 547.8 556 563.5 569.6 576.6 584.2 582.9 579.5 571.8 558.1 546.4 540.7 530.9 521.5 506.3 510.3 509.2 520.6 514.1 534.2 550.1
378 384.2 381.5 384.9 392.7 390.6 395.7 400.3 402.2 403.7 407 411.5 414.7 416.5 422 422.6 430.4 445.1 458.4 478.7 495.2 506.3 503.7 502.4 504.1 503.3 499.8 496.1 493.5 494.2 487.6 480.5 475.2 474.2 474.2 466.6 460.4 456.3 453.3 456.1 451.9 455.2 469.9 480.1 491.7 502.7 510.7 516.7 519.7 521.6 523.7 525.2 527.1 532.7 537.9 543 549.4 555 562.8 569.7 571.5 568.6 576 571 565.7 556.3 541.4 533.4 521.4 517.8 513.2 514.6 523.4 526 530.5 521 536.7 553.1
380.7 390 394 389.3 389.9 394.8 397.6 402.8 404.3 407.4 410.2 413.4 415.9 418.9 426 421.6 433.6 447.8 460.1 479 495.3 507.9 513.8 515 515.5 515.8 512.1 505.6 502.2 503.1 500.2 495.1 487.9 493.7 487.6 479.3 471.8 464.9 462.2 462.5 460.7 457.4 462.9 478.1 490.9 502.8 510.9 519.9 524.6 528.2 530.4 533.9 536.8 542.1 547.2 554.1 557.1 562.9 570.4 576.1 570.4 578.7 577.6 581.6 575.7 568.8 562.9 559.5 549 536.1 533.9 540.9 541.2 537.4 535.5 523.8 540.6 556.1
384.7 393.6 397.8 394.1 395.5 397.6 400.7 403.8 407.9 412.2 412.7 415.5 417.8 423.6 426.7 423.8 437.8 449 459.5 479.2 496 508.8 518.8 522.5 527.5 528.2 523.5 513.5 507.1 509.9 511.8 506 500.4 508.2 499.5 491.9 484.5 478.9 475.5 471.3 468.5 466.7 462.9 475 489.4 500.1 508.9 518.6 524.3 530.2 534.5 541.1 545 550.8 555.6 561 564.5 569.5 576.7 577.1 590.7 593.1 594.2 592.5 585.7 582.5 575.6 569.9 554.8 559.3 555.4 551.5 544.9 541 537.8 533.7 546.3 556.3
