app/static/ascii/NJ03.asc
ncols 200
nrows 200
xllcorner 300000
yllcorner 830000
cellsize 50
[rows 0 to 34 of 200, columns 0 to 77 of 200]
284.8 284.8 284.6 284.4 283.6 282.9 280.4 273.9 273.3 273.1 273.2 273 272.2 266.4 264.7 277.3 284.1 286.9 290.1 292.1 297 300.2 305 310.5 312.9 314.3 312.3 309 304.4 300.5 297.4 294.5 292.2 292.7 295.1 296.8 298.7 300.7 304 308.5 313.4 323.7 332.4 338.8 345.6 351.1 355.9 358.3 358.7 358.6 349.7 339 332.8 330.4 324.5 318.3 312.4 311.3 310.9 310.7 311 312.9 314.3 315.2 316.1 316.1 316.5 315.1 312.5 309 305 300.5 296.1 294.5 294 294.3 295.5 296.8
284.3 282.6 283 281.1 282.7 283.8 283.4 283.1 282.8 280.5 277.3 275.7 274 271.1 264.2 274.3 284.1 287.8 290.5 295 299.9 301.9 307.6 312.1 314.9 316.2 314.4 310.7 305.8 302.2 299.6 297.3 296.4 298 298.7 300.6 301.7 303.3 307 310.8 315.9 323.6 332.7 340.2 347.8 353.2 359 361.3 364.7 366.6 358.5 345.3 338.6 334.1 330.6 325.1 320.4 317.3 316.3 316.3 316.7 317.9 319.5 321 320.6 320.2 322.1 321.2 318.9 314 308.8 304.3 300.4 298.5 297.5 297.8 299.1 300.6
284 282.6 282.8 279.3 279.3 279.7 282.9 283.2 283.1 278.8 277.4 277.9 275.5 274 268.6 269 280.6 288.8 292.2 295.8 300.5 304 309.5 314.1 316.5 317.7 315.8 312 307.7 304.9 302.7 300.5 300.2 301.4 301.7 303.1 304.1 306.7 309.4 313.5 318 324.6 331.9 341.2 350.4 356.7 361 364.9 369.6 373.3 362.9 352.7 345 340.7 337.6 332.3 328.6 325.6 324 322.2 322.7 324 325.8 326.8 326.6 326.8 327.6 328.8 325.4 319.6 313.4 308.4 304.7 302.7 301.7 302.1 303.1 304.6
284.7 284.4 284.2 282.2 279.3 279.3 282.1 282.8 284 279.5 277.6 280.6 276.9 275.5 273.3 267.3 277.8 288.2 294.8 298.3 301.3 306.3 312.1 316.2 318.6 319.4 317.2 313.6 310.8 308.3 305.1 303.7 304.2 305 304.9 306.2 308.1 310.5 313.3 316.3 321.3 326.2 335.5 343.3 350.9 359.2 364 368.3 373.3 374.6 364.6 359.4 351 347.8 346.6 341.1 335.9 333.5 330 328.7 330 330.8 331.9 332.7 332.4 333.1 335 334.8 332 326.3 318.3 313.5 309.7 307.4 306.5 306.5 307.4 307.9
284.4 284.9 284.2 282.3 279.3 279.3 282.8 284.8 284.8 283.5 283 279 278 278.6 275.6 272.2 272.4 286.2 294.8 300.2 303.3 309 313.4 317 320.7 321.2 319.3 316.1 313.7 311.6 308.3 307.5 308 309.3 309.7 311.5 313.6 315.4 318 322.1 324 328.6 335.5 344.8 354.3 360.8 365.7 372.7 377.8 374.9 370.3 366.9 358.5 355.2 352.8 348.8 342.9 337.5 336.1 335.4 335.4 336.9 338.5 338.3 339.2 339.2 340.7 340.9 336.1 330.2 322.5 318.2 314.6 312.3 311.6 311.5 311.6 311.9
285 284.9 284.3 279.3 279.3 279.3 283.4 284.9 285.6 285.8 279.1 277.7 277.6 279.2 278.5 274.2 267.9 283.4 293.4 300.2 305.6 311 315 318.7 322.3 323.3 322.5 320.2 317.8 314.8 313.2 312.6 312.7 313.2 313.8 316.1 318.1 320.8 324.2 326.5 328.2 332 338.1 345.3 354.8 361.7 368.7 375.9 379.5 378.5 376.6 373.2 365.8 361.9 359.9 356.4 350.4 345 342.2 341.4 342.1 343.5 345.5 344.5 345.6 346.2 345.5 344.2 339.6 332.8 326.4 322.7 320.2 317.9 315.7 316.5 315.9 315
285.6 285.5 285.2 284 284.6 283.4 284.1 284.3 284 278.6 273.2 272.7 273.2 277.3 280.1 274.7 269 282.6 293.3 301.7 307.4 312.4 316 320 325.6 329 329.3 325.1 321 318.9 317.5 318 319 319 319.2 320.5 322.2 324.5 329.2 333.4 333.3 335.7 341.6 346.8 355.1 362.9 372.4 379.7 382.5 381.6 383.1 381.3 374.6 370.3 367.4 364.1 358.3 352.8 349.5 347.9 348.7 350 353.1 352.7 353 351 349.7 347 342.1 335.4 330.3 326.9 324.6 322.4 320.7 320.6 319.7 318.8
285.1 285.6 285.6 284.3 283.7 283 282.7 279.8 271.4 270.5 271.9 271 270.7 273.2 276.9 274.7 268 286.9 296.8 303.8 309.2 313.3 316.7 321.9 330.8 336.1 334.9 330.4 325.7 324.1 322 322.3 324.9 325 324.8 325.3 326.9 329.5 333.9 339 338.5 339.7 344.2 348.6 355.3 363.3 375 382.1 385.1 385.9 390.7 388.7 380.6 378.7 375.1 371.8 366.1 361.2 356.7 355.3 356.7 359.2 359.5 358.8 359.8 355.5 353.3 350 344.9 338.3 334.3 330.9 328.4 326.6 325.3 324.3 323.8 322.7
284.6 285.6 285.3 285.4 282.9 281.6 280.9 270.8 271.5 272.3 274.4 274.7 270.8 270.6 272.4 270.4 273.7 290.6 299.3 305.8 310.1 314.3 318 329.2 340.1 342.8 340 335 329.5 327.5 326.6 326.6 328.2 328.7 328.7 331.8 333.2 335.7 340 346.8 345.4 345.2 347.2 351.5 357 364.8 376 383.4 386.9 390.2 397.2 394.8 386.5 384.8 382.5 381.2 374.3 369.8 364.2 362 362.7 365 364.7 363 362.6 358.8 356.1 352 346.7 341.7 338.3 334.9 332.6 331.2 329.8 328.8 328.1 326.3
285 285.5 285.2 283.3 280 280.7 279.3 269.8 272.5 273.9 274.8 275.1 274.2 271.2 268.6 271.5 284.8 294.1 300.6 307 310.7 314.8 322.2 332.4 341.5 346.2 344.1 338.4 334.8 333.5 331.9 331.1 331.8 332.1 333.3 337.1 340.9 344.1 347.3 351.7 351.7 351.4 352.8 356.3 359.4 366.7 377.3 384.4 388.3 395.2 402.2 398.9 391.8 390.2 390.2 389.6 380.9 375.7 369.7 366.9 366.1 367.3 367.5 365.3 363.4 361.7 358.1 353.5 348.3 344.1 340.7 338.1 336.8 335.2 333.8 333 332 330.2
285.3 285.2 285.6 283 281.5 282.3 282.7 270 273.4 274.3 275 274.7 274.5 274.6 274.3 276.6 287.1 295 302.4 308.2 311.4 316.9 326.9 337.5 346.5 351.2 347.4 342.8 341.4 340.5 338.5 337.6 337 337.6 340.2 345.4 347.7 351.2 354.8 356.6 357 355.8 358.5 360.4 362.4 369.5 378.3 385 388.6 398.4 403.2 400.5 394.5 396 396.1 393.5 383.1 378.6 373.3 371.5 369.5 370.4 369.5 367.8 366.2 363.3 359.8 355.1 350.2 346.3 343.8 342 339.8 337.9 337.1 337 335.8 334.2
286.1 286.8 286.5 285.1 285.1 285.6 285.2 270.3 273.5 274.5 274.9 275.1 275.4 276.1 276.7 279.7 289.1 295.3 301.8 308.1 312.3 319.5 328.6 342.4 348.6 356.3 350.8 346.3 346 346 345.2 345.8 345.2 345 347.4 352.1 354.3 356.8 361.9 364.7 364.1 363.3 363.2 364.1 366.3 371.4 377.5 385 389.5 398.6 401.9 400.3 395.1 397.1 395.5 391.4 384.5 379.9 375.4 372.3 371.5 371.6 369.9 368.2 366.1 363.3 360.2 356.4 352.6 349.1 346.8 344.3 342.6 341.3 340.8 340.4 339.4 337.2
286.9 288.2 287.7 287.5 289.6 289.7 285.5 270.5 273.7 274.8 275.2 275.6 276 276.7 277.4 281 289.1 297.4 303.2 308.6 314.1 323.3 332.8 344.3 350.8 356.1 351.8 349.8 350.1 350.7 350.9 352.4 354.9 356.1 357.5 359.8 363.1 367.9 371.6 374.6 372 368.4 368.5 369.5 371.7 376.2 380.9 385.4 391.8 398.1 399.6 396.2 395.5 397.2 390.4 387.2 383.7 379.1 376.1 371.4 371.3 370.9 369.9 367.8 365.7 363.2 360.5 357.4 354 350.7 348.3 346.6 345.4 344.2 343.9 343.6 342.2 339.6
286.6 287.8 286.7 286.4 290.9 290.9 285 272.5 274.3 275.8 276.4 276.3 276.5 277.3 278.4 281.4 288.5 298.9 303.9 310.4 317.5 328 334.2 348.2 353.9 355.6 352.8 353 355.4 355.7 355.7 359.2 364.7 366.5 367 368 372.3 377.1 383.8 385.6 379.9 375.9 375 376.2 377.6 382.2 384.7 389.2 392.8 396.4 394.6 393.2 394.6 394.8 388.7 385.8 382.1 378 374.9 372.7 371.1 370.1 368.9 367 364.9 362.6 360 357.9 355 351.8 350 349 347.9 346.8 346.5 345.9 344.6 341.8
286.3 287.6 286.6 287 290.7 290.5 277 271.7 274 276 277.3 277.3 277.6 278.3 279.7 282.6 288.7 299.9 305.7 313.4 324.1 330.9 340.2 350 356 356.2 355.3 355.5 359.1 360.1 362 368.3 374.3 375.4 378.5 377.8 385 395.2 397 392.7 385.6 381.8 381.6 382.5 383.5 385.7 386.3 388.8 391.6 392.5 391.7 390.6 390.9 389.5 386 383 379.7 376.3 373.9 371.2 368.8 368.3 366.9 365.7 364.1 362 359.6 357.6 355 352.9 352.7 351.7 349.8 349.2 348.7 348 346.8 343.9
285.6 287.3 288.3 289.5 290.7 290.2 285.2 273.4 273.8 276.7 277.8 278.3 278.8 279.3 281.2 284.2 289.6 300.5 308.9 316.7 326.4 334.3 339.2 350 356.3 356.6 356.3 357.5 361.8 363.8 367.3 376.7 382.7 383.6 387.4 386.8 398 403.6 404.8 397.9 390.3 386.3 387 388.8 388.2 388.1 387.6 387.8 388 387.3 385.5 384.4 384.1 383.7 381 378.9 375.8 374.2 371.4 368.1 365.9 365.4 364.5 363.3 362.2 361 359.3 357.7 356 354.3 353.7 353 350.5 350.8 350.1 349.2 347.5 344.9
283.9 285.5 286.7 290.6 291.2 291.7 282.6 274.7 274.3 276.2 278.6 279.3 279.6 280.9 282.6 286.2 292.9 301.2 312.4 319.4 327.1 336.1 341.4 347.3 356.5 356.6 357.3 359 363.7 365.8 371.8 383.8 389.3 390.7 396.1 394.8 402.4 408.1 408.3 402 394.6 390.9 392.2 392.9 390.4 389.2 386.5 384.1 382.2 380.3 378.6 377.6 377.2 376.7 375.7 374.1 372.3 370.4 367.1 364 361.5 360.6 361.6 361.4 360.7 359.8 358.9 357.5 356.8 355.5 353.9 352.8 351.4 351.2 350.7 349.3 346.9 344.2
280.9 282.1 281.2 289.5 291.6 285 276.4 275.5 273.9 275.5 279.5 280.7 281.5 282.8 285.1 288.4 301 305.6 314.5 321.1 328.2 337.2 341.4 346.4 354.9 355.9 356.4 359.9 364.8 367.2 374.4 388.7 394.2 395.5 402.5 403.1 402.5 412.2 410.8 404.7 397.4 394.7 395.3 394.5 390 388.4 384.2 378.7 373.9 372.1 370.1 369.2 368.8 368.5 368.8 369.6 367.4 365 361.7 358.9 356.9 356 357.8 358.7 358.7 358.3 357.7 356.9 356.2 355.2 353.8 352.3 351.1 350.8 350.1 347.9 345.5 342.6
285.5 289.8 291.2 291.8 287.6 276.5 275.8 275.9 272.5 274.4 280.3 282.4 283.4 284.4 287.2 289.2 300.7 309.3 318.5 323.6 329 337.5 340.2 345.1 351.2 353.6 354.8 360.7 364.9 367.3 376.5 389.5 395.3 397.9 407 406.4 403.6 414.1 413 406.9 399.2 396.1 395.6 392.9 387.8 384 378.6 371.5 365.2 363.6 361.9 361.3 360.2 359.7 360.8 362 361.1 358.8 356.8 354.7 353.5 352.7 353.9 355.4 356.1 356.3 355.9 355.9 355.4 354.5 352.7 351.6 350.4 349.2 348.4 345.8 342.9 339.7
283 292.2 292.5 292.2 279.2 276.6 276.4 275.7 273.9 274.5 282.5 283.4 284.8 286.6 287.9 292.3 300.7 311.4 319.5 324.4 328.8 335.1 337.7 342.1 347 350 351.7 357.9 363.1 365.9 374.2 384 390.4 395.8 405 405.7 403.2 412.6 412.5 406.9 399.9 396.4 393.7 388.1 382.8 378.5 370.9 364.3 360.4 358 355.8 355.3 353.1 351.8 353.1 352.9 354.8 353.6 351.8 350.7 348.4 348.4 350.2 351.9 352.7 353.9 354.1 354.1 353.7 352.5 350.8 349.3 347.9 346.2 345.3 342.7 339.6 335.6
286.6 288.6 289 287 277.6 277.9 277.5 276.4 274.4 276.8 282.4 284.9 286.7 288.5 289 294.9 300.9 311.8 318.2 323.1 327.4 331.6 335 338.7 341.3 344 347.4 353 357.2 361.1 366.7 374.6 380.6 386.3 392.8 399.7 400.3 406 408.3 404.1 398 393.8 389.8 383.8 377.2 371.2 364.8 360.5 356.6 354.1 351.3 349.9 347.7 346.4 345.8 346.5 347.5 348 347.3 346.3 343.6 344.7 346.1 348.2 349.5 350.9 352.2 351.9 350.9 349.7 348.1 346.1 344.4 342.6 341.1 338.3 334.9 331.3
276.7 278.4 277.6 276.1 277.7 276.7 277.2 276.1 273.2 279.9 284.7 287 288.9 290.4 290.5 295.9 300.4 311.2 317.2 321.6 325.7 328 330 333.2 335.4 337.7 341.3 345.5 348.2 352.5 357.6 364.8 371.7 377.7 383.6 389.2 391.1 397.3 401 398.8 394.4 390 385.2 379.1 371.9 364 359.2 356.5 353.5 350.8 347.3 343.7 343.5 340.9 340.9 340.3 340.9 342.4 341.8 339.2 339.6 340.4 341.6 343.4 346.5 347.9 348.9 349.1 348.7 347 344.8 342.4 340.4 338.8 336.4 333.1 329.5 324.8
275.7 276.1 276.5 276.3 275.8 275.4 275.4 275.1 277.1 283.9 287.4 289.5 292.1 292.4 292.2 295.9 301.2 309.1 314.6 319 323.7 325 326.7 328.1 330.8 333 336.4 340.5 343.1 346.1 349.6 355.5 362.1 368.3 373.8 377.8 381.9 389.4 393.6 392.2 389.6 385.8 380.4 374.1 365.3 359.1 356.1 353.5 350.6 347 342.8 339.7 338.3 336.9 336 335.4 335.4 335.3 334.9 335.6 336.3 335.9 338.2 339.7 342.7 344.7 345.5 345.6 344.8 343.2 340.6 337.5 335.2 333.2 330.3 326.4 322.4 319
274.7 275.4 275.7 275.4 275.2 274.8 274.8 276.3 282.2 286.6 289.5 292.1 293.9 294.3 294.6 296.4 300.3 307 311.8 315.9 319.9 321.7 323.2 324.6 326.7 328.8 331.5 334 337.6 340.9 345.4 348.6 352.5 357.7 363.3 366.7 372.9 381.8 386.5 387.3 385.1 381.3 375.5 369.1 359.7 356.7 354.1 351.9 348.4 343.3 339.2 338 336.8 335.4 334.2 333 332.1 332.1 332.2 332.7 331.5 332.3 335.1 336.9 339.9 341.5 342.2 341.9 340.5 338.5 335.4 332.2 329.9 327.7 324.5 320.9 317.5 314.3
274.4 274.5 274.2 274.4 274 274.7 276.1 278.7 285.1 288.9 292.2 294.4 295.7 296.3 296.9 298.2 300.1 305.5 309.7 313.9 316.5 318.8 320.4 323.1 325.6 327.6 328.3 330.1 332.4 334.7 338.6 342.5 347.1 352.1 356.8 361.3 365.7 374 378.8 381.4 381 377.2 371 362.9 356.6 352.9 351.3 349.7 344.6 339.1 337.3 336.4 335.4 333.9 332.5 331.5 330.7 330.4 330 329.1 328.2 330 332.1 334.5 337.5 338.6 338.7 337.5 335.9 333.5 330.9 327.4 324.5 321.8 319 316.6 313.7 313
277.3 274.8 274.6 274.8 273.3 275.6 276.5 280.7 285.6 291.9 294.8 296.5 297.4 298 298.2 298.5 299.6 303.5 307.8 311.2 313.5 316.3 319.1 321.7 324.3 326.2 327.2 328.7 330.7 332.7 335.1 338.3 342.6 348.8 353.6 358.5 361.7 367 372 376.1 375.8 372.2 365.9 357.7 354.5 351.4 349.2 345.9 339.6 336.7 335.6 334.7 333.8 332.6 331.3 330.5 329.8 329.5 329 327.7 326.4 328.5 330.6 332.7 334.5 335.1 335.7 334.6 333.5 330.7 327.2 323.3 320 317.8 315.6 313.6 312.9 312.3
283.4 276 276.2 275.5 273.9 275.8 276.9 280.9 286 290.7 293.9 296.2 297.5 298.1 298.4 298.8 299.4 301.7 305.8 309.1 312 315 317.8 320.3 323 325.1 326.6 328.1 329.6 331.6 333.8 335.7 340.8 346.6 353.1 356.6 360.9 366.9 369.9 370.4 371.1 367.5 361.4 355.3 352.4 349.6 346.8 340.9 336.9 335.2 333.8 333 332.1 331.3 330.5 329.7 329 328.6 328 327.5 325.7 327.3 329.2 330.5 331.6 332.7 333.5 332.4 330.9 327.1 323.3 320.2 317.9 315.4 313.5 312.8 312 312.4
280.4 276.9 276.1 275 275.2 277.3 277.5 282.7 286.1 289.3 291.2 293.7 296 297.1 297.8 298.2 298.7 300.6 304.5 307.5 310.6 313.7 316.4 319.6 322.4 324.7 326.4 327.9 329.4 330.9 332.4 335.1 341 347.3 351.4 355.4 359.8 366.7 367.8 366.6 365.6 362.9 357.1 352.4 349.7 347.2 342.3 337.3 334.6 333.2 332.4 331.5 330.7 330.1 329.6 328.8 328.2 327.7 327 326.1 325.4 326.3 327 328.1 328.6 330.4 331.2 330.3 327.7 324.3 320.8 318.4 316.3 314.2 313 312.2 312.2 313.8
280.3 276.5 275.3 274.9 275.2 277.2 279.7 282 286.2 289.6 290.5 292.1 294.6 296.5 297.4 297.2 298.2 300.2 303 305.9 309 312.1 315.8 319 321.7 324 326.2 327.7 329.2 330.8 332.7 336 339.1 346.1 352.2 356.9 363.9 365.5 365.9 363.6 360.4 358.6 353.2 349.6 346.3 342.5 337.7 334.5 332.4 331.7 330.9 330.1 329.3 328.9 328.5 328 327.3 326.5 325.4 325 324.6 324.7 325.6 326.8 327.1 328.3 328.8 327.2 324.7 323 319.6 317.1 315.2 313.7 312.7 312.3 313.1 314.5
280.6 277.5 276 274.7 275.5 276.1 279.7 283.2 284 289.9 290.8 291.3 294.2 295.9 293.2 293.4 296.4 299.3 302.1 304.6 307.3 311.1 315.1 318 320.8 323.3 325.6 327.5 329.2 330.6 332 334.8 338.8 346.6 352.7 357.6 363.9 366 363.9 361.1 357.7 354.1 350 345.5 341.2 337.4 334.5 332.5 330.4 330.1 329.3 328.6 328.1 327.7 327.4 326.9 325.5 324.8 323.8 323.8 323.2 324.2 325.2 325.3 325.8 327 326.4 324.8 323 321.3 318.6 316.3 314.4 313.4 312.9 313.1 313.7 314.8
280.7 280.7 276.3 275.3 275 275.9 277.9 283 285.3 288.4 290.1 291.8 290.5 289.4 290.3 291.6 292.6 298.5 301.6 303.6 306.2 310.1 314.1 317.1 319.8 322.4 324.9 326.9 328.4 329.8 331.2 336.5 342.2 347.5 351.6 356.4 364 366.8 364.8 359.4 355.1 350 345 340.1 336.2 333.2 331.6 329.6 328.4 328.3 327.7 327.1 326.8 326.4 326 325.7 323.5 321.7 320.4 320.6 322.1 324.2 324.3 324.2 324.5 324.9 324 323.5 322.1 319.7 317.5 315.5 313.7 313 313.7 313.6 313.5 315.2
281.1 279.5 276.5 275.8 275.8 275.8 277.2 283.4 285 286.5 290.7 291.8 287.9 291 293.4 293.1 292.4 298.3 301.7 303.2 305.1 309.1 313 316 319.1 321.8 324.3 326 327.6 329.1 330.8 336.1 340.9 346.5 350.7 356.8 364.2 367.3 363.1 356.8 352.3 346.9 341.3 336.8 333.3 331.2 328.8 327.4 326.7 326.2 326.3 325.8 325.4 324.9 324 323.3 321.6 318.9 321.2 321.7 322.2 323.4 323.3 323.2 323.3 322.9 322.4 321.6 320.7 318.1 316.2 314.6 313.3 313.4 314.4 314.6 313.8 314.6
282 278.3 276.8 275.7 275.2 275.8 277.2 282.3 285.3 285.5 285.6 285.4 294.6 296.3 296.8 294.8 293.2 297.1 301.8 303.1 304.3 307.6 312 315.5 318.9 321.7 323.8 325.4 326.8 328.3 330.2 335 339.9 344.9 350.6 358.4 366 365.8 362.4 352.9 348.8 343 338.3 334.4 331.8 329.7 327.5 326.1 325.5 325 324.7 324.4 324.1 323.7 322.4 321.2 319.9 318.3 320.3 320.6 321.7 322.4 322.4 322.3 321.5 320.7 320.9 319.8 317.8 316.1 314.9 314 313.4 314.1 315.1 315.3 315 314
282.6 282.4 277.2 275.4 275.5 276.2 276 278.5 281.8 285.3 290.6 299.7 306 306 300.3 295.6 294.8 295.3 298.6 301.8 304.3 306.6 311.2 314.8 318.2 321.6 323.6 325.1 326.2 327 329.1 332.4 337.9 344.4 352.7 360.9 366.6 365.1 358.9 350 345 340.2 336.7 333 330 328 326.1 324.9 324.4 323.8 323.4 323.2 322.9 322.5 321.2 320.1 318.9 319.1 319.8 319.7 321 321.3 321.1 320.7 319.4 319.3 319.6 317.8 316 314.8 313.9 313.6 313.4 314.6 315.7 315.8 316 315.5
282.8 282.8 280.7 275.3 275.4 276.5 277.3 280.1 287.8 287.7 289.8 300.8 309.9 307.6 301 295.6 297.4 300.3 300.6 298.6 302.8 305.6 310.3 314.1 317.6 321.1 323.2 324 324.9 325.7 327.8 330.4 334.9 342 351.3 360.5 368.4 364.3 357.8 349.5 342.2 339.1 334.8 331.4 328.5 326.9 325.4 324.1 323.1 322.6 322.4 322.1 321.8 321.4 320.3 319.2 317.7 319.6 319.5 319.2 320 320.3 320 319.1 317.9 318 317.8 316.1 314.8 314.2 314 313.6 314.6 315.8 316 316.2 316.3 316.5
