app/static/ascii/NJ11.asc
ncols 200
nrows 200
xllcorner 310000
yllcorner 810000
cellsize 50
[rows 0 to 34 of 200, columns 78 to 155 of 200]
467.2 462.3 455.9 450.1 444.2 438.6 434.2 429.9 425.3 421 415.8 409.8 401.3 390 376 357.9 339.9 320.6 306.6 299.1 298 286.7 293.1 299.9 307.6 309 308.7 311.6 328.3 333.6 339.1 344.5 349.8 356 363.6 369.9 373.6 375.6 374.1 372.7 372.2 372.7 371.5 370 367 363.4 359.6 355.6 351.9 348.7 347 344.7 342 337.8 333.1 328.7 323 311.5 311.3 311.9 324.3 332.2 338.9 345.9 351.1 357.7 363.4 368.3 369.8 368.5 366.4 362.3 357.4 354.1 353.5 352 348.9 347.9
463.8 457.6 451.2 445.7 440.1 435 430.1 424.8 419.2 414.6 409.5 402.6 393.4 385.3 371.7 350 332.7 316.3 302.6 300.3 302.1 288.3 286.4 289.6 303.1 309.8 310.9 318.6 328.8 337.2 343.5 349.9 354.4 358 363.4 368.6 371.8 375.4 374 375.1 375.6 376.2 374.2 372.2 368.3 363.7 359.1 355.4 351.8 349.7 347.3 345 341.7 337.8 333.3 328.1 322 312 312.1 312.4 321.2 327.9 334.2 340.8 347.4 354.1 359.2 362.7 364.2 363.9 360.9 356.5 351.9 348.8 347.8 345.5 346.7 351.7
459.7 452.5 446.4 440.6 435.5 431.1 425.7 420.6 414.9 408.7 401.5 393.8 386.2 380.4 370.3 347.1 326.8 309.5 301.3 301.1 301.5 283.5 285.6 308 313.6 315.4 320.6 324.8 331.7 340.1 345.2 350.6 357.6 359.8 363.8 366.5 369.5 373.7 376.3 378.6 378.9 377.1 374 371 367.3 363.5 358.8 354.7 351.6 349 346.8 344.3 341.9 337.5 332.2 326.3 320.8 312.4 312.7 312.8 314.1 323.9 330.6 337.3 342.9 349.5 354 357 358.8 358.4 355.6 350.7 346.6 342.2 341.8 343.9 349.8 352.2
455.6 449.1 441.9 436.2 431.8 426.8 420.4 414.9 409.5 401.8 393.2 386.5 380.9 374.7 366.5 349.6 324 306.1 300.1 298.2 295.9 282.9 285.7 311.8 320.3 325.9 327.2 330.7 334.9 341.3 347.8 351.2 354 358.2 361.6 364.1 369.1 374.9 378.5 379.7 378.1 376.2 373.3 369.6 366.1 361.8 357.6 353.8 351.5 349 347.3 345.3 342.7 338.4 331.1 324.5 319.3 312.3 312.8 313.3 313.8 321.3 326.7 333.2 338.1 343.3 347.6 350.7 352.4 351.9 349.3 344.4 339.5 340.4 346.1 346.5 349.5 352.5
453 445.9 438.1 430.8 425.2 419.3 413.5 407.6 401.4 394 385.5 376.6 372.8 367.6 359.7 348.2 327 305.3 298.8 296.1 290.5 282.7 286.8 317.4 322.6 329 331 334.4 338.3 342.3 348.5 351.7 351.8 355 359 362.4 368.8 375.4 379.3 378.5 376 374.2 371.9 367.9 364.5 359.7 355.7 352.9 350.8 349.6 347.9 345.8 343.2 338.5 329.6 322.4 317.2 313.1 313.1 313.7 314 314.3 323.9 328.7 333 337.3 341 344.3 345.9 345.8 343.3 338.5 338.6 343.6 345 345.9 349.6 353.2
448.5 440.1 431.1 422.6 415.8 411 404.8 400.3 394 386.7 376.9 369.4 364.3 359.9 353.3 345.4 330.8 307.7 298 294.4 289.4 286.3 286.3 323 329.8 335.3 335 337.3 341.3 343.1 347.5 349.9 354.1 356.4 357.4 360.6 366.9 373.5 376.9 375.3 373.1 372 369 366.1 363.5 358.6 354.6 352.1 350.3 349.4 347.7 345.1 342 335.3 327.3 320.4 314.1 313.5 313.7 314.2 314.5 314.5 315.2 324.3 328.4 332.3 335.2 338.2 339.8 339.7 338.1 335.1 339.2 342.2 343.9 345.8 349.9 353.1
441.6 432 420 412.3 406.8 402.3 396.9 392.3 385.8 374.8 367 363.2 358.2 353.9 348.4 342.2 331.8 312.5 299.2 291.8 285.5 286.6 286.5 325 340.3 342.8 341.1 342.4 343.8 342.8 346.8 350.3 355.4 358.8 356.9 358.6 362.6 367.4 370.1 370.2 369.4 368.3 365.6 363 360 355.9 353.4 351.1 350.5 349 347.4 345 339.1 330.8 323.9 315.2 313.5 313.6 314.5 314.9 315 314.8 315.2 321.4 324.9 327.6 329.8 332.1 334.6 335.1 334.4 334.6 337.8 341.2 343.3 346 350.8 354.7
431.2 419.1 410.3 405.4 398.7 393.6 388.1 382.4 374.4 367.7 361.1 357 353 347.9 343.1 337.7 329.8 313.8 302.9 291.8 286 287 286.8 310.2 341.7 344.8 346.3 345.6 344.8 343.3 346 350.3 355.6 358.3 356.8 355.6 356.8 360.5 362 362.7 362.4 360.6 358.8 359 357.1 353.5 351.6 350.3 349.8 349.1 347.1 342.7 332.5 325 319.2 315.1 316.3 314.6 315.4 315.3 315.6 315.3 315.4 320.7 323 324.8 327.3 328.9 329.9 331.2 331.7 333 336.5 340.3 343 346.7 350.7 356.6
420.2 411.1 405.1 399.3 391.6 386.3 379.7 372.3 366.2 361.7 356.1 353 348.6 345 341.1 335.1 327.2 313.5 306.7 296.5 289.4 285.3 287.5 297.3 334.9 343.9 346.2 345.3 343.2 340.9 345.6 351.5 355.2 357.6 355.2 351.2 352.2 352.3 350 350.4 350.4 347.9 346.2 348 350.5 350.9 351.1 350 349.5 348.6 343.8 332.3 324.1 319.1 318.3 317.8 317.2 315 315.1 315.6 315.5 315.6 315.8 319.8 321.7 323.1 324.7 326.2 328 329.4 331.8 334.3 336.5 339.6 342.8 347.3 351.8 357.5
413.5 407.6 400.8 394.6 385.7 377.8 372.1 367.2 362 357.1 352.4 348 345.1 338.7 333.8 330.7 324.8 315.1 307.9 302.4 292 285.8 287.8 289.6 323.4 339.1 341.3 341.1 340.2 339.5 343.9 349.7 353.8 354.8 352.5 347.4 339.7 338.4 335.2 331.1 326.8 326 327.3 328.2 334.5 341.5 344.4 345.5 346.3 345.4 333.6 321.5 320.1 319.3 318.8 317.9 317.6 317.4 316.7 316.1 315.6 316.2 316.4 316.5 319.7 322.6 325 326.3 327.8 329.5 331.4 333.5 336 339.1 343.3 347.7 352.7 357.8
408.9 404.3 397.6 390.6 380.5 373.8 367.4 362.5 358.3 353.9 348.8 343.9 339.2 335.4 333.4 329.5 324.9 316.1 310.2 304.1 295.5 286.9 288 289.7 311.7 328.4 332.7 335 337 339.6 343.1 346.3 344.5 326.4 351.1 344.2 329.6 318.5 315.8 317.4 317.4 318.5 320.3 321 321.9 324.1 331 335.2 338.2 336.5 322.7 320.5 320.1 319.8 319.4 318.4 318.1 318.3 317.7 316.7 316.1 316.4 316.8 317.3 317.8 318.2 321.4 324.5 326.3 328.1 330.4 332.6 335.4 339.6 343.9 348.2 352.9 357.6
404.2 402.2 397.2 388.7 379.2 370.3 364.1 359.4 355.4 351.1 346.1 339.8 334 332.9 331.1 328.3 322.9 319.1 315.4 308.1 298.2 289 286.5 288.2 299.8 313.2 319.7 325.8 330.9 337.7 342.5 345.6 332.8 329.9 344.7 330.6 317.4 303.2 303.1 306.6 310.4 316.7 317.5 317.8 319.1 320.7 321 321.2 322.7 322.4 321.3 320.4 323.2 321.9 323.8 320.7 318.3 318 318.1 318.1 316.8 317.1 317 317.8 317.9 318.3 318.9 320.2 323.3 326.3 328.4 331.7 335.2 340 343.6 347.8 353.6 357.7
400.4 399.3 396.1 387.5 378.6 369.3 361.7 356.3 352.5 348.6 343.8 338.1 332.7 330.7 328.7 326.3 325.4 321.1 309.4 298.2 294.4 296 289.5 287.1 288.3 292.2 304.3 317 323.6 333.6 338.3 343.4 338.3 325.3 318.2 297.5 294.3 294.2 298.4 302 305.4 309.7 317.5 319.1 319.6 319.4 319.1 319.5 320 320.2 321.2 321.2 324 326.5 327.1 324.9 319.2 318.6 318.7 318.9 318 317.7 317.4 317.2 317.7 318.6 319 319.5 320 321 327.4 331.1 335.3 340 343.3 347.2 352 356.7
397.8 397.2 394.2 386.3 376.9 367.3 358.7 354 350.5 346.5 342.3 337.9 331.8 328.9 325 314.5 310.9 307.9 309.4 310.6 306.6 309 300.2 289.7 287.3 289.5 289.5 298.4 312.9 324.1 330.2 332.5 323.6 305.1 293.7 292.6 294.1 294.3 295.3 299.9 302.6 310 319.5 320 320 319.5 318.9 319.2 319.6 320 319.6 322.9 328.5 328.9 329.6 326 321.9 318.6 319.1 319.4 319.7 317.7 318.2 317.8 318.3 319 319.4 319.6 320.4 321 324.5 330 335.2 340 343.1 346.5 350 354.8
393.1 392.6 390.5 383.4 373.9 363.5 356.2 351.9 348.6 344.5 340.7 336.3 334.1 325.4 315.4 317.8 316.8 316 317.2 318.2 317.2 316.5 310.1 299.6 292.1 287.7 289.9 289.7 300.9 309.3 312.5 309.5 294.9 290.6 291.2 291.5 291.7 291.9 292.4 297.9 300.2 303 313.4 320.4 320.9 320.7 319.6 319.8 320.4 320.9 321.6 324.9 328 331 330.6 327.6 324.1 320.5 319.6 319.8 320.1 319.2 318.6 318.9 319 318.6 319.4 319.8 320.4 321 321.9 328.9 333.9 338.9 342.6 345 348.4 352.4
387.2 385.7 384.3 377.9 370.9 362.2 355.4 350.7 347.2 342.8 339.4 336.3 326.9 318.7 323 324.7 326.7 327.5 327.4 325.1 324.3 322.8 318.5 311.5 307.2 298.1 288.3 288.8 290.7 292.9 293.9 290 290.8 292.8 298.7 304.8 303.1 293.6 294.2 293.5 294.2 300.4 304.5 317.6 321 321.1 321 320.9 321.1 322.1 325.3 328.1 329.6 331.1 330.7 329.4 326.1 323.2 321.3 320.5 320.7 320.8 319.8 319.2 319.7 319 319.6 319.9 320.5 321.1 321.9 321.9 331.8 336.1 340.5 343.2 346.2 349.9
381.9 378.6 376.6 371.3 366.5 359.7 353.7 349.7 346.5 342.6 336.7 331.2 324.5 324.8 330.2 331.8 333 333.5 332.3 329.6 328.4 326.3 325.3 322.9 325.2 320.4 308.5 291.3 288.5 289.5 290 291.7 293.1 308 316.6 314.2 308.2 293.8 294.7 295.2 294 294.6 300.7 309.5 320.9 321.3 321.1 321.1 321.4 323 326.2 328.5 331.5 332.1 331.2 330.9 328 325.4 323.3 321.9 321.6 321.4 321.2 320.2 320.1 320.1 320.7 320.7 321.2 321.6 322 322 323 333.4 337.5 341 344.1 347.3
378.4 374.6 370.7 366.1 361.5 356.5 352.3 348.5 346.1 342.1 333.4 325 333 332.9 335.5 336.9 337.2 337.2 336.2 334.1 332.3 331.1 332.3 332.5 332.5 331 328 322.4 316.6 310.5 309 310 318.5 320.1 320.2 318.4 310.7 294.2 295.9 295.9 295.7 295 300.9 301.9 313.8 321.6 321.3 321.6 321.7 322.6 325.6 328.2 331.3 333.2 333.8 332.4 329.8 327.5 325.5 323.9 324.2 324.1 322.7 322.1 320.7 320.3 320.8 321.3 322 322.1 322.4 322.8 323.1 330 334.3 338.1 341.1 344.9
375.2 371.3 366.5 362 358.4 354.6 350.6 347.8 345.7 338.1 334.4 343 340 340.2 341 342 342.3 341.6 340 338.3 337.2 338.1 339.1 339.4 339.1 336.9 334.5 331.9 329.8 325.5 322.8 324.6 325.5 324.5 324.1 321.3 315.8 296 296.5 296.9 295.8 295.9 297.2 301.6 306.9 320.5 320.9 321.7 322.3 323.9 325.8 328.2 331.7 334.3 334.8 334.3 332.3 330.5 328.4 326.5 326.7 327.2 325.9 324.8 324.2 322.8 321 322 322.4 322.5 322.6 322.9 323 323.4 324.7 334.1 338.9 342.6
373.4 367.6 363.8 360.4 356.6 353 349.3 344.7 338.1 335.7 343.7 348.6 349 346.9 346.1 346.2 346.6 345.4 343 342 342.6 343.2 343.3 343.7 343.6 342.9 340 338.2 336.8 334.3 331.3 331.1 331 328.6 326.5 324.8 321.7 296.4 297 296.7 296.6 295.7 296.4 299.4 304.2 313.2 321.5 321.8 322.3 323.6 326.7 328.3 331.7 334.1 335.4 334.9 334.2 333.5 331 330 329.7 330.2 329 327.9 327.1 325.5 322.3 322.1 322.7 323.1 323.3 323.7 324.4 324.1 323.3 324.6 335.4 340.5
375.1 367.4 363.1 359.5 356.2 352.1 348.3 342.7 343.7 345.8 351.9 354.7 353.6 353.1 351.1 350.7 350.8 348.5 346.2 346.6 348.5 348.2 347.2 346.8 347.1 346.2 343.9 342.2 341.1 338.3 336.5 336.5 335 333.5 332.8 333.3 326.8 300.8 297.5 295.8 297.4 296.3 296.3 298.5 301.1 307.3 321.6 321.9 322.3 322.7 325.8 329.1 331.5 333.5 335.6 337.4 335.3 335.1 334.1 333 333 333 332.2 331.4 330.8 328.5 327 325.8 324.4 323.8 324.7 324.9 324.7 324.5 324.6 323.9 333.1 337.7
374.9 368 362.8 359.2 355.6 351.6 345.9 347.3 349 356.3 359.8 360.6 359.6 357.8 356.6 356.5 354.7 353.4 351.3 352.6 353.9 351.9 350.8 351.1 350.3 348.5 347.3 346 345.4 342.4 341.3 341.1 339.9 338.4 340 338.2 332 304.4 296.9 297.6 297.9 296.7 296.9 298.6 300.9 302.2 311.8 322.1 322.3 322.5 323.8 328.8 331.6 333.8 336.7 337.3 337.4 336.5 336.9 335.5 335.7 335.7 335.3 333.9 332.4 331.1 329.5 328.6 326.7 325.5 326 325 325.1 325.2 325.1 324.5 327.6 334.4
376.2 368.8 362.6 358 354.4 350.1 351.6 353.6 358.8 362.2 364.2 365.2 364 362.6 364.2 364.9 363.1 358.8 357.8 359.1 358.6 356.2 355.9 356.5 354.9 353.9 351.8 350.2 349.4 347.2 346.9 346.2 344.4 344.1 342.8 341.3 336.8 313.8 298.2 298.1 298.3 296.9 297.4 298.8 299.4 302.8 306.8 321.9 322.4 322.3 323.9 327.6 331.1 333.3 336 338.1 339 338.4 339 339.2 338.1 338 337.2 336 334.2 333.1 331.5 330.3 329.5 326.9 326.2 325.5 325.3 325.7 325.8 325.5 325.5 327
376.1 368.3 361.8 355.1 356.2 355.7 357.3 359.5 363.4 365.8 367.8 369.5 369.6 370.1 370.8 371.2 369.2 364.9 364.5 364.5 363.2 361.8 362.2 362 360.7 358.8 356 355.7 354.5 352.6 351.9 349.4 348.4 348 346.5 343.7 337.7 321 299.8 297.9 298 297.2 297.7 298.1 299.7 300.3 303.4 315.1 317.3 322.4 324 326.4 330.4 332.3 335.4 338.2 339.4 339.9 339.9 340.4 340.4 340.4 338.8 336.5 334.7 333.7 332.1 330.8 330.1 328.7 327.4 326.6 326.1 325.7 326.1 326.2 325.9 326.4
373.5 367.2 361.2 361.2 361 362.1 365.8 367.2 368.8 371.6 373 374.6 375.2 375.3 375.6 376.5 374 370.9 370.5 369.4 368.1 368.2 368.3 369 370.8 366.8 365.7 364 361.1 358.3 355.9 353.7 352 350.3 347.7 344.9 340.6 326.7 311.4 299.6 299 298.6 298.1 299.3 299.4 300.5 302.8 307.7 315.7 321.9 323.6 326 329.4 332.3 335 337.8 339.7 341.7 341.9 341.3 341 340.7 339.9 337.7 335.9 334.2 333 331.8 330.9 330.1 329.1 328.1 327.7 327.7 327.9 327.1 326.8 326.1
369.5 365.6 366.2 366 368.3 372.6 375.7 373.8 374.9 378.4 379.3 380.4 380.1 379.6 380.4 381.3 380.2 377.7 377.5 376.2 377 376.6 378.7 380 380.5 377.5 375.3 372.6 367.5 362.5 360.1 357.3 354.2 350.9 348.3 345.5 342.1 327 311.3 301.9 299.8 299.2 298.4 299.7 299.7 299.9 301.8 305.5 310.8 321.1 323.1 325.6 328.8 331.8 334.6 337.5 338.3 342.5 342.6 342.7 342.8 341.4 339.6 338.4 336.7 335.3 333.7 332.7 331.9 331.2 330.5 329.6 328.6 328.5 328.9 328.3 327.7 327.5
371.4 371.5 375.3 378.2 379.7 381.3 381.9 379.4 381.8 384.4 384.4 385.7 386 385.3 387.3 389.5 386.8 386.5 388.2 389.1 390.9 391.4 392.4 390.3 387.9 384.3 380.8 376.1 370.3 365.8 362 357.6 353.5 349.4 347 345.3 336.3 318 308 309.9 299.9 299.2 299.2 299.8 299.8 299.4 301.4 303.2 309.2 317.1 320.9 324.6 327.7 330.6 332.9 335.5 339.5 342.1 341.8 342.3 342.1 341.1 339.8 338.9 337.5 335.9 334.6 333.6 332.9 332.2 331.3 331.3 330.6 329.6 329.6 329.9 329.7 328.8
382.7 385.7 386.7 386.5 386.2 386.7 386.5 386.1 388.7 389.3 390.6 393.1 394.8 395.8 396.2 397.9 398.2 398.8 399.6 400.6 400.8 399.7 398 395.6 391.3 387.2 383.1 378 371.7 366.7 361 355.4 345.9 336.6 332.9 329.9 325 326.1 325.2 310.7 300.5 300 299.8 300.5 300.4 300 301.5 303 305.3 309.4 315.9 322.9 326.5 330.1 332.4 333.4 336.4 339.5 340.3 341.1 341.1 341.1 340.2 339.8 338.3 337.1 335.9 334.9 334 333.3 332.6 332.6 332.6 332.4 330.3 330.3 330.8 331.1
394.4 393.9 393.6 393.5 392.8 392.4 391.4 392.3 394.3 395.1 396.6 400.1 402.7 405.8 407 408.1 408.2 408.2 407.9 407.2 405.9 403.9 400.9 397 393.2 388.6 383.9 378.5 372.4 366.6 360.6 345.5 349.2 350.3 347.6 344.8 342 337.2 331.2 312.7 300.2 300.4 299.7 299.1 300.7 300.6 301.5 303.2 304.5 311.8 324 323.6 325.8 329.7 332.5 333.7 334.4 336.3 339 339.2 340.5 341.7 340.9 340.6 339.7 338.6 337.4 336.4 335.4 334.5 333.9 333.6 333.7 334.5 333.2 331 331.7 332
402.7 401.4 401 400.4 400.2 399.1 397.6 397.5 399.8 402.4 405.9 407.5 410.5 413.3 416.4 417.4 417 416.5 415.1 413.6 410.4 407.4 402.8 398.1 393.9 389.3 384.6 379.6 374.6 368.6 352 358.5 357.5 355.8 354.2 350.2 346.3 341.8 334.3 314.3 300.8 300.9 299.9 300.8 301.2 301.2 302.2 303.4 304.3 310 322.4 324.5 324.9 329.6 333.7 335 335.5 336.8 338.1 339.6 341.1 342.5 342.2 341.8 341.6 340.1 338.9 338.3 337.8 336.3 335.5 335.5 335.2 336.1 336 335.7 336.2 335.2
409 408.7 408 408.1 408.5 407 405.3 407.4 410.4 414.1 416.6 418.3 420.3 422.7 425.2 426.6 425.6 423.9 422.2 419.5 415.7 410.8 406.2 401.6 396.4 391.8 386.3 381.1 375.9 364 364.2 365.2 363.5 362 359.5 355.4 350.5 346 339.2 321.3 301.3 301.5 300 301.6 301.6 302 302.9 303.7 305.1 307.8 313.1 318.1 323.4 328.6 333.9 335.7 336.8 337.9 339.6 341.7 342.1 343.5 343.8 343.5 343.7 342.1 340.6 339.9 339 338.5 337.9 337.2 337.3 337.7 337.8 338 338.1 337.5
417 417.6 416.3 416.2 417.2 417 419.1 424.1 426.5 428.3 430.5 432.6 434.7 435.7 435.6 435.4 434.7 433.6 430.7 426.4 421.1 414.8 409.6 404.7 399.5 393.6 387.7 381.7 377 363.1 372.9 371 369.8 367.6 365.3 360 354.3 349.7 342.2 331.3 310.2 301.7 301.2 302 302.1 302.8 303.2 303.8 304.8 308 315.3 319.7 321.3 326.3 331.5 335.8 338 339.9 341.4 343.8 345.1 346.7 347.6 346.2 346.7 344.3 343.1 342.7 341.8 341.6 340.9 340.5 340.4 340 339.5 339.4 339.7 339.5
431.5 433.6 432.6 430.3 428.9 430.7 434.4 435.6 437.7 439.2 442.2 446 447.5 447.8 446.6 445.3 443.6 443.3 440 434.4 427.9 420.4 412.8 408.2 403.1 396.3 389.3 383.4 371.6 377.7 378.1 377.8 375.7 374 370.1 364.8 358.7 352.9 345.7 335.1 317 301.9 301.6 302.3 302.5 302.7 303.1 303.7 304.7 307.4 317.1 325.6 323 324.5 330.9 336.7 339.1 342.5 345 347.1 348.4 350 350.9 349.2 349.3 347.4 346.9 345.6 345 344.8 344.4 344 343.9 343 342.8 341.9 341.5 341.3
448.6 448.7 447.2 445.6 446.3 446.6 445.7 446.1 447.8 448.4 453 456.5 458.6 458.8 458.2 456.2 455.1 453 449 442.3 434.8 426.7 417.8 411.6 406.1 399.4 392.8 383.6 382.1 383.8 383.6 381.9 379.9 378.3 375 369.7 362.2 355.2 342.5 339.2 321 301.4 300.8 302.6 302.7 303 303.6 304.1 304.9 308.8 317.7 326.3 323.9 323.6 329.4 337.1 341.2 344.5 347.5 350.2 351.7 353 353.5 352.6 351.4 350.8 351 349.3 348.6 348.2 347.8 347.4 346.4 346 345.3 344.3 343.9 344
460 459.2 459.3 457.7 456.4 456.6 455.2 455.2 456.9 460.9 464.1 467 468.5 470.3 467.9 466.3 463.7 461.4 455.9 449.2 441.6 433.1 422.8 415.5 408.7 401.9 393.3 390 389.7 388.9 387.7 384.9 381.7 378.1 374.5 369.7 364.4 357.2 349 340.3 320 302 301 302.8 303.1 303.4 304 304.5 305.4 310.2 319.7 326.4 324.3 324.5 328.7 336.2 342.2 346.5 350.6 353.5 354.5 355.8 356.5 355.8 354.9 353.4 354.7 352.7 351.5 351.5 351.1 350.3 349 349 348.1 348.3 347.8 346.9
