app/static/ascii/NJ12.asc
ncols 200
nrows 200
xllcorner 310000
yllcorner 820000
cellsize 50
[rows 0 to 34 of 200, columns 0 to 77 of 200]
347.6 341.5 335.4 328.9 321.6 314.4 310.4 304.2 298.2 292.1 285.5 277.4 270.1 264.1 258.2 252.7 247 242.9 244 243.8 242.3 239.5 234.4 234.7 245.2 255.9 263.5 269.8 274.7 278.9 283.2 290.7 298 305.9 313.5 323.3 337.1 348.2 360.6 372.5 384.1 393.6 404.6 415.5 424.5 431.4 438.2 438.1 427.2 417.9 410.7 403.8 388.6 369.2 380.9 400.5 416.9 431.2 447.1 463.1 477.3 493.2 505.8 517.8 528.8 538.1 544.7 551.5 558.6 566 576.7 589.7 603.4 614.2 629.3 648 662.8 681.8
347 341.7 336.2 329.2 322.5 313.9 311.1 306.1 299.6 293.6 287.1 279.7 272.6 266.1 260.1 253.5 248.6 246.8 247.4 247.9 249 243.5 239.7 236.1 238.6 252.2 261 268 272.4 277.8 282.2 289.7 297 303.8 311.5 320.1 331.8 344.6 355.4 367.9 379 389.2 400 411.3 421.4 428.8 437.1 441.1 432.9 421.1 414.9 407.7 396.2 381.7 373.5 392.7 410 425.6 440.2 455.3 469.5 485 499.6 514.3 527 538.5 547.1 554.9 562.2 572.1 584 596.6 610.3 620.3 638.2 656.4 672.7 691.4
346.5 341.2 335.9 329.1 321.4 315.6 311.9 307.1 300.7 294.2 288.1 281.9 275.2 269 263.2 255.9 252.3 249.6 249.6 249.8 249.7 244.2 237 238.1 238.1 245 258.3 264.7 270.3 276.1 281.5 289.5 296.6 303.1 308.8 319 328.6 340.4 349.9 361.8 374.1 383.5 395.1 407.5 418.2 425.9 435.3 441.6 437.7 428.9 418.1 413.4 405.9 393.5 380.6 383.6 402 414.1 429.2 443 461.1 479.5 496.1 512.2 526.4 538.1 548.6 557.6 566.9 578.2 590.2 602.9 615.8 631.2 644 662 680.2 697
345.2 340.3 335.4 329.2 322.6 317.2 313.8 309.4 303 295.4 289 283.3 277 269.7 263.6 261.1 256.5 251.6 252 251.7 249.2 246 241.5 238.7 242.4 245 251 260.4 267.5 273.9 280.1 287.5 296.2 301.2 306.9 313.1 326.1 335 345.4 356.7 368.8 379.4 390.5 403.3 414.8 422.8 434 441.3 439.7 432.2 423.5 419.5 415.2 405.9 394.8 384.4 397 412.6 428.1 445.6 462.1 478.4 494.7 511.4 524.9 537.3 549.3 561.6 572.9 584 597.3 611 622.2 638.8 654.6 668.6 687.1 700.7
343.4 339.5 335.1 330 322.7 319 316 313.2 305.2 297.9 291.7 285.6 278.6 270.1 263.9 259.4 254.6 254.4 253.5 252.7 251.1 248.2 242.2 241.5 244.9 248.4 250.6 257.7 265.8 272.6 279.2 285.8 294.2 300.2 304.8 310 322.4 333 340.7 352.5 363.4 374.6 385.7 398.2 409.5 418.1 432 440 441.2 435.4 430.4 425.9 422.2 414.8 405.2 394.2 397.9 411.2 428.6 445.5 461.9 478.2 493.9 510.4 524.2 537.3 550.2 563.8 576.4 588.9 605 617.7 632.5 649 662.6 676.1 691.9 701.9
342.7 338.3 335.6 331.2 326.7 323.3 320.2 316.3 308.6 301.7 295.1 288.4 280.5 272.7 267.3 263.7 262.3 257.7 254.1 254 252.2 249.8 247.1 242 245.4 249.8 252.4 256.2 259.9 268.3 274.6 282.1 288.6 294.3 298.8 307 317.6 328.1 336.5 347 358.4 370.4 380.9 392.3 404.5 413.7 427.1 438.5 442 441 437.7 433.3 428.6 423.4 413.2 406.1 403.7 414.9 430.6 446.4 462 478.7 494.8 509.8 523.7 537.7 551.7 565.3 579.7 595.8 612 624.3 642.5 657.7 669.3 682.1 693.5 701.3
340.4 338.2 336.4 333.4 330.1 326.5 323.3 320.5 314.1 305 297.2 290.8 284.2 277 271.8 267.3 262.8 258.2 258.1 254.1 252.4 249.3 244.4 243.9 250.7 254 256.5 260.3 263.1 268.8 273.1 278.6 282.2 282.6 286.8 297.4 306.6 318.9 329.2 341 355.5 365 376.6 387.1 398 410.5 420.9 434.1 440.8 443.8 442.6 439.5 434.6 430.6 423.4 413.4 405.7 422.4 435.4 450.4 464.5 478.9 494.7 509.7 523.8 537.5 551.9 566.9 583.7 600.5 617.3 630.9 651.1 664.4 676.1 685.6 693.7 699.7
339.2 338.3 337.5 335.1 332.6 329.4 325.3 319.7 315.7 307.4 299.9 293.9 286.8 281.4 275.5 270.5 265.2 261 257.7 256.6 254.1 246.2 246.3 252.3 257.5 253.5 257.9 261.7 266 273 278.2 283.4 288.7 294.2 296.7 297.4 298 302.5 318.4 333.6 348.5 360.2 372 381.9 392.5 407.3 416.4 430.5 439.7 444.2 445.8 444.2 441.2 437.3 432.1 422.1 408.5 422.7 435.8 450.9 464.9 479 494.4 509.4 523.5 536.8 552.8 569.3 586 603.7 621 635.7 656.1 669.4 681.3 689.9 693.7 697.3
338.8 338.6 337.9 336 334.5 331.8 327.6 322.9 318.1 310.7 303.5 297.1 291 285.2 278.6 273.2 267.9 261.4 259.9 262.3 254.9 247 252.4 254.2 258.8 256.8 259.7 264.1 268.4 273.9 280.3 285.6 291.6 296.9 300.8 304.2 308.3 309.6 308.2 324.2 341.2 354.8 366.3 378.4 389 403.3 414.5 427.8 439.1 444.1 447.8 449.2 446.8 443.6 440.2 432.3 423.9 419.8 432.7 449 462.3 476.4 492 507.7 522.3 536.3 553.2 570.9 587.6 605.3 623.5 641.3 660 673.7 686.3 693 695.4 695.2
338.2 337.5 336.5 334.9 334.4 332.3 328.1 323.7 319.4 313 305.9 301.4 295.8 289.8 281.9 275.7 270.6 263.4 258.3 257.4 249.8 253.3 255.7 257.4 260.1 259.4 262 266.2 271.2 277.5 283 288 294 299.4 303.8 308.3 313 317.7 319.1 316.9 333.6 349.7 361 372.6 385.4 400.4 412 427.2 438.1 444.7 450 453.2 452.4 449.3 447.4 443.3 436.9 434 434.2 436.3 452 469.3 486.7 504.7 520.7 537.3 554.8 571.9 590.2 608.1 627.4 645.7 663.3 678.1 689.3 694.6 696.1 694.3
335.5 334.1 333.4 332.7 332.1 330.2 326.7 323.7 320.2 313.9 307.8 303.7 299.9 294.4 285.9 278.7 271.9 265.9 259.7 257.8 250.7 255.8 256.9 258.5 260.4 261.7 264.1 269 272.5 278.5 283.8 289.3 296.4 302 307.3 312.1 317.8 323 325.5 318.9 328.3 344.6 357 367.8 381.8 398.4 410.9 427.4 438.6 445.8 451.9 456.2 456.4 455.4 454.3 451.7 450.5 447.8 448.6 446.6 448.8 459 479.2 500.3 519.4 536.6 555 573.3 592.4 610.7 631 649.2 667 681.8 691 695.9 695.8 692.2
330.3 328.8 328.3 328.5 328.4 326.5 323.9 322.2 319.6 314.4 308.7 305.3 302.7 297.3 288.3 280.9 273.4 266.9 261.5 256.5 252.8 254.7 258.1 259.9 262.7 265.1 266.6 271.8 275 280.2 286.6 292.4 299.4 304.8 310.7 316.7 324 330.1 332.9 334.4 327.7 339.3 354.2 364.5 379.2 397.1 411.5 426.8 438.1 446.1 453.3 458.4 460.4 460.4 460 460 460.4 461.5 462.9 461.4 459.8 461.9 473.2 496.3 517.5 536.9 555.3 575.3 595 614.5 634.4 652.8 670.5 684.4 692.8 696.8 695.6 691.3
325.1 323.5 323.2 324.1 322.7 321.4 320.5 319.6 317.6 314 309.4 306 304 298 289.9 282.1 274.9 268.9 262.4 257.5 254.5 256.2 259.4 262.2 266.4 268.1 269.1 273.8 277.7 282.7 289.4 296 302.5 309.7 313.8 326 333.1 339.1 342 342.4 340.7 334.7 350.7 362.2 377.1 394.2 408.9 425.4 437.5 445.8 454.2 459.5 462.7 464.6 465.8 467.1 468.5 470.7 475.1 477.2 476.9 477 477.2 491.5 514.8 536.1 556.6 578 598.5 618.2 637.9 655.4 673.2 686.2 694 697.5 696.2 691.4
319 317.7 317.6 317.3 316.6 316.6 316.3 316.2 314.8 312.7 308.8 306.2 303.5 298.3 291.8 284.1 276.3 269 262.4 263.5 255.2 256.4 260.2 264 266 269.7 272 276.1 280.9 284.5 291.8 300.2 306.8 313.5 319.2 333.6 341.4 346.5 351.5 352.9 351.4 345.5 347 358.4 375.8 391.8 407 423.2 435.4 445 454 459.9 464.1 468.2 471.3 473.9 477.5 479.8 482.9 488.1 492.7 494.4 494.3 495.9 511.9 535.9 557.8 579.9 600.7 621.3 642 659 675.4 687.6 695.3 698.5 696.7 691.9
312.3 311.1 311.7 311.4 311.1 311 311 311.8 311.8 311.8 308.1 306.3 304.2 298.8 291.9 284 276.5 268.2 260.6 258.3 257.7 257.7 259.8 262 270.6 274.1 275.2 276.7 282.1 286.4 295.7 301.2 310.8 318.4 329.3 339.6 348.1 353.9 360 363.9 365.1 356.1 345.1 356.1 372.6 391.3 405 421.3 432.4 443.7 452.4 459.1 465.4 470.8 475.1 480.2 484.4 488.9 492.3 498.6 505.6 511.2 516.1 519.5 523.2 534.5 560.2 583.4 603.6 625.5 646.1 662.1 677.8 689 695.5 699.3 697.1 692.2
304.5 303.3 304.7 305.7 305.5 305.4 305.7 307.2 308.2 308.6 307 305.1 302.8 298.9 291.5 284 276.3 268.4 262.9 258.6 260.2 261.1 264.7 269.3 271.2 277.5 281.4 281.9 281 290.9 297.4 306.5 314.7 325.6 334.8 343.5 354.4 360.1 365.5 370 371.1 365.5 358.2 355.7 371.4 389.2 402.9 417.7 428.7 439.1 449.2 457.2 465.1 471.8 478.3 485.2 490.7 497.2 501.5 508.4 515.9 523.3 529.2 537.9 544.8 552.4 561.9 586.2 608.6 630.9 650.4 666.3 680.5 690.5 696.9 699.2 696.5 691.7
296.9 297.1 298.1 298.2 299 299.9 299.9 302.4 304.3 305.9 304.8 303.8 301.1 296.5 291 284.9 277.4 268.7 259.8 261.3 263 264.3 268.2 273.2 277.6 282.8 287.6 287.7 283.7 292.4 299.7 308.2 319.2 330.5 340.5 349.6 359.4 365.4 370.5 374 376.6 375.5 368.6 356.4 369.5 384.3 400.2 413.4 423.2 433.3 444.4 453.3 461.9 471 480.3 488.3 495.4 503 509.3 515.9 524.1 531.5 541.3 550.9 562.8 574.3 586.2 598.2 616.9 638.1 655.4 670.4 682.8 691.6 696.8 697.7 694.7 690.2
290.4 290.2 290.2 291.7 293.4 295.3 296.4 297.8 299.7 301.5 300.8 300.9 299 295.1 290 285.6 277.6 268 260.5 263.6 265.1 265.7 271.1 276.7 282.3 285.8 290.8 292.4 288.2 297.7 303.1 313.4 324.6 336.1 345.1 353.9 364.2 370.6 375.4 381.1 385 385 382.6 376.5 364.6 378.2 390.3 406.4 415.4 425.7 436.8 447.1 458.8 468.9 480.5 489.7 498.3 505.8 513.1 521.7 529.7 539 551 564.7 576.1 589.9 602.5 615.9 630.9 647.7 662.5 675.9 686.8 693.6 697.2 696.9 693.6 688.3
282.6 282.2 283.1 285.5 288.1 290.4 292.2 294 295.7 296.9 297.8 297.5 296.9 293.6 288.8 283.5 275.9 267.5 260.8 263 265.7 269.4 276.6 281.7 286.2 288.6 295.4 295.3 292.8 300.3 306.1 317.6 326.3 338.8 348.2 357.2 368.3 374.1 381.9 390.4 393.6 393.7 391.5 389.8 386.7 381.9 377.3 387.8 400.7 414.6 428.2 439.6 453.9 464.9 477.7 488.2 498.8 507.2 516.3 524.4 535.1 546.3 558.6 574.6 589.8 605.2 618.4 631.7 645.3 657.7 671.1 681.6 690.4 695.3 697.8 696.5 693.1 687.9
274.3 275.4 277.6 279.9 283.1 285.7 287.9 290 291.9 292.8 293.7 292.8 292.8 291.6 287.7 283.2 276.6 267.3 261.6 262.2 270.4 270.9 281.9 285.8 288.4 290.6 299.5 298.4 295.8 302.1 307 317.8 329.6 340.7 350.5 360.5 370.5 376.9 388.1 398.2 402.5 403.5 403.4 402.6 401.9 399.5 398.7 398.4 395.8 402.2 419.8 432.8 445.9 458.7 471.7 484 495.6 505.3 515.9 525.8 537.1 550.9 565.4 583.3 601.2 617.9 631.2 644.1 654.9 666.9 679.4 688.2 694.4 697.8 698.9 696.7 693.1 689.5
268.2 270.2 272.7 275.3 278.3 280.9 283.3 285.9 288.2 289.8 290.7 290.4 289.7 288.8 284.7 280.2 274.6 264.9 262 264.7 276.5 274.7 283.3 289.6 291.5 298.4 302.8 302.8 300 302.2 308.6 321.2 331.2 341.7 350.7 362.1 372.1 380.7 392.8 402.9 409.4 413.5 415.3 413.8 414.5 415.3 413.2 411.3 410.4 404.6 410.9 424.7 438.8 451.7 464.4 476.8 489.4 501.3 513.2 524.7 538.6 552.4 569 588.5 610.4 627 641.6 653.1 663.7 673 688.1 694.2 698.4 700.5 700.6 698.7 695.2 692.3
264.7 266.6 269.1 270.4 274.1 276.7 279 281.8 284.2 286 287.1 287.5 287.1 285 282.3 278.2 271.6 267.1 262.6 271.5 281.1 277.7 286.3 290.1 294.2 301.7 306.1 303 305.7 305.5 312.6 322.3 332.6 342.3 352.1 362.5 373.6 384.1 395.3 405.8 415.4 420.9 424.3 423.1 424.7 425.3 425.2 422.5 420.5 419.2 417.6 413.4 428.8 443.2 454.9 468.2 481.7 495.4 509.6 523.4 538.5 552.1 571.8 592.9 615 632.8 648.3 659.6 673.3 686.8 694.7 698.8 701.5 702.6 702.3 700.5 698.5 696.4
261.3 263.4 265.8 267.4 270.2 273.4 276.2 278.4 280.4 282.1 283.1 283.4 283.5 281.9 280.3 276.9 271 266.9 264.4 278.3 284.4 283.9 282.3 293.8 297.2 303.8 308.2 307.4 310.6 310.1 314.5 319.3 332.1 342.1 351.9 361.6 373.4 384 395.6 406.6 416.5 424.6 432.1 436.2 439.8 436.3 433.9 435.2 433.5 432.6 428.7 429.3 423.6 432.9 443.7 456.8 473.9 488.9 504.7 519.3 536.1 552.9 572.3 595 616.4 634.8 650.5 663.4 679.9 691.9 697.4 701.2 703.3 704.2 704 703.7 702.8 699.9
257.7 260.1 262.5 264.9 267.7 270.5 272.9 275.1 277.3 278.6 279.8 280.4 279.2 277.7 276.1 274.6 272.8 268.1 272.7 281.4 285 288.3 286.3 287.4 300.1 304.6 307.8 309.4 313.5 314.5 315.2 323.4 331.3 339.6 350.2 360.6 371.7 382 393.5 405.3 415.8 424.7 440.3 450.7 446.3 445 444.8 445.8 446.2 446.5 445.9 441.3 440 442.8 445.7 452.3 464.1 481.1 498.7 516.4 533.6 552.4 571.5 593.7 615.1 634 649.4 665.4 680.5 691.9 697.4 701 703.7 704.7 704.8 705.9 703.5 699.5
255.7 257.8 260.4 262.6 266.4 268.7 270.9 273.1 275 276.1 277.2 278.5 279.1 278.2 276.5 273.7 269.5 272.3 279.5 283.9 286.5 289.3 290.1 297.3 292.9 303.1 309.4 310.5 312.7 316 320.7 322.2 330.7 337.1 347.9 358.6 369.2 379.2 390.7 402.5 413.7 422.5 440 451.1 450.6 451.8 453.5 455.6 457.1 457.9 457.5 455.6 455 454.3 462.2 461.6 469.2 476.9 494.3 510.6 529 550.1 569.6 590.9 613.4 632.6 647.8 666.6 680 690.4 695.9 699.4 702 702.3 703.8 704.4 700.4 694.3
253.9 256.1 258.1 261.5 264.2 265.7 269.6 272.2 273.7 275.1 276 275.9 275.6 276.1 276.1 272.7 274.6 281.1 282.2 286 289.3 291.3 293 298.5 301.9 307.8 307.2 313.7 313.7 317.9 322.8 327.4 329.9 337.1 342.8 353.4 364.4 375 386.6 397.9 409.9 418.6 434.5 447.7 453.1 456.6 460 463.7 466.7 468.5 468.5 469.6 470.1 469.2 473.1 475.1 484 491 494.7 504.9 523.9 545.9 567.9 588.8 612.2 631.9 649.1 665.8 679.2 687.6 693.1 696.5 698.9 699.7 700 699.5 695.2 688
254 257.2 260.5 263.4 266.1 269.1 271 271.8 274.3 275.8 276.3 275.7 274.5 273.2 272.5 276 281.1 284.6 287 289.7 292.3 295.6 301.2 304.5 309.2 310.6 309.1 307.1 307.1 317.2 323.2 327.9 333.7 337.7 340.2 348.9 357.9 368.7 380.4 392.3 405 415 430.3 443.5 450.9 458.3 463.2 469.8 474.5 477.1 478.2 480 481.6 481.8 483.6 490.2 495.7 503.4 511.6 522.5 537 548 571.9 593.4 614.6 634.4 652 666.5 678.8 685.3 690.1 693.4 695.4 695.7 694.8 692.6 687.7 676.2
257 260.2 262.7 265.4 268 271.7 274.2 273.6 276.4 276.8 277.5 277.9 277.9 277.7 281.6 283.9 286.4 288.3 292 295.8 297.9 297.8 303.1 311 314.2 313.6 312.8 315.8 318.1 318 324.4 329.6 336.7 344.3 350.6 354.4 352.4 358.3 372.4 384.9 400.6 410.9 426.5 439.2 448.4 456.6 464.2 472.4 479.8 483.3 486.8 488.7 490.6 493 494.8 501.4 506.6 514 522.9 536 549.6 565.8 581 599.1 619.3 638 655.9 666.5 677.1 682.5 686.5 689.6 691.4 690.2 689.5 686.1 678.7 668.9
260.5 264.1 266.9 269.9 272.5 276.1 277.8 278.1 278.3 279 279.6 280.9 282.2 283.7 286 288.1 290.7 293.2 296.8 299.4 302.9 307 309.3 315.3 317.5 319.1 320.2 319.1 324.8 314.1 326.8 333.4 341.9 350.1 355.6 359.8 364.2 368.1 363.7 379.4 392.2 404.5 420 433.2 443.8 453.8 461.7 471.8 481 487.1 492 495.1 497.3 500.3 503.6 507.2 514.5 524.4 536.6 547.7 562.3 578.5 591.4 609.4 626.7 642.6 658 666.5 674.4 678.9 683 685.3 685.8 685.1 684.4 678.9 670 664.4
264.8 268.3 271.5 274.8 277.5 280 281.2 281.6 281.7 281.7 282.7 284.6 286.4 288.4 289.4 291.8 293.8 297.3 299.9 301.7 305.4 308.4 315.9 320 322.3 324.4 324.2 322.7 329.2 318.3 328.5 337.8 347.2 354.9 360.2 364.5 369.4 375.1 378.7 372.5 385.4 398 413.7 426.3 437.7 448.9 458.2 469.4 478.8 487.6 494.5 499 502 505.9 509.9 515.9 523.9 535.7 546.9 559.2 573.1 586.7 602.5 616.8 633.8 649 659.1 665.2 671.1 675.3 678.4 680.2 680.3 679.3 677.6 670.6 663.9 658.1
267.6 270.8 274.4 277.7 280.4 282.5 284 284.9 284.9 284.6 286.1 287.2 289.8 291.6 292.7 294.7 296.8 299.5 302.5 304.8 310.2 316.9 321.1 323.7 326.7 329.8 332.3 328.3 331.4 335 326.5 338.5 350.6 359.9 364.1 368.9 375.1 381.3 386.1 388.9 381 390 409.3 421.5 435.1 445.6 455.9 466.3 475.9 486.3 495 500.7 505.5 510 515.8 523.1 533.4 544.1 555.7 568.6 581.5 597.2 610.6 623 640.9 652.1 659.3 664.2 668 670.9 673.3 675.2 674.5 672.9 669.7 664.7 658.6 650.4
269.9 273.2 276.3 279.3 282.5 285 286.2 287.1 287.7 287.8 288.7 290.7 292.9 294.2 295.8 297.5 299.8 302.8 305 310.6 314.4 322.1 325.3 329.2 332.5 336.3 334.8 339.4 341 342.6 340.9 338.6 352.5 362.5 367.7 373.5 378.8 386 391.8 397.8 399.9 396.9 404.8 421 433.4 444.4 454.1 464 475.1 486.7 495.1 502 507.1 513.1 520.5 527.7 538.2 550.3 563.4 576.6 590.6 604.9 617.2 628.9 644.2 652 657.8 661.7 664.1 666.3 668.4 669.1 668.1 666 662.5 659.3 649.7 639.7
271 274.4 277.5 280.6 283.5 286 287.5 288.9 289.9 290.8 292.5 294.2 296 297.3 299.1 300.7 302.6 306.5 309.2 315.7 322 326.4 331.4 334.6 340.5 343.7 344.9 346.3 347.1 348.5 351.1 336.7 353.3 365.3 372 377.6 382.7 390.2 398.1 406.8 410.5 409.9 407.1 411.5 431.6 443.5 454.3 465 475.5 486.5 494.6 502.2 508.1 514.8 522.7 531.7 543.4 555.1 569.5 583.4 596.4 611 620.9 633.5 645.3 650 655 658 659.5 660.9 661.6 662.2 660.8 658.8 657.3 652.3 642.8 629.9
271.5 275 277.9 280.8 283.6 286 288.2 290.1 291.8 293.9 296.3 297 299.7 300.8 302.6 305.6 308.6 311 315 321.7 327.2 332.9 338.3 342.5 349.8 353.3 355.2 356.6 355 356.2 359.8 348.7 349.9 366.1 376 382.2 387.4 395.3 406.5 413.4 418.9 421.7 419.3 415.2 427.1 440.7 453.8 464.6 476.7 487 494.6 501.7 508.5 515.7 524.2 534.2 545.7 559 573.7 587.1 600.7 613.8 623.1 634.8 643.8 647.1 649.7 652.5 653.1 654.5 654.6 654.1 652.3 650.8 650.4 642.1 631.8 621.7
271.8 274.9 278 281 283.9 286.5 288.7 291.4 293.8 296.1 299 301.2 303.1 303.9 306.4 309.5 311.8 315.1 319.9 325.9 333.4 340.1 345.8 351.2 358.6 363.8 366.9 367.8 366.2 364.4 365.7 364.3 346.3 366.6 378.8 386.2 390.9 400.5 411.5 419.3 426.4 430 429.5 426.6 419.4 438.7 451.8 463.4 476.4 486 493.6 500.9 508 516.3 525.1 536.5 548.4 562.3 576.7 589.6 603.4 614.2 622.9 633.7 640.5 642.8 645.1 645.6 646.7 646.4 645.7 643.8 641.2 641.4 637.5 633 623.6 614.1
