app/static/ascii/NJ21.asc
ncols 200
nrows 200
xllcorner 320000
yllcorner 810000
cellsize 50
[rows 35 to 69 of 200, columns 78 to 155 of 200]
463.3 472.4 474.5 476.4 477.6 478.8 479.2 480.5 481.6 482.6 485.3 488.8 489.1 490 486.7 493.2 501 513.9 523.5 530.2 532.7 530.7 525.5 517.1 507.3 499.2 490 486.4 483.8 481 477.6 473.1 471.9 474.7 491.6 510.7 533.5 552.7 570.7 587.2 603.2 620.3 636.6 655.3 673.7 694.2 714.1 737.8 757.8 774.4 789.6 797.9 799.8 798.1 793 785.7 776.4 765 755 744.5 730.1 712.9 693.2 669.9 666.2 664 668.8 668.5 662.3 651.4 638.9 624.6 608.3 591.2 614 640.3 662.6 678.2
472.5 480.4 484.4 486.5 488 490.3 490.5 491.9 493.4 494.6 496.9 501 503.4 504.5 503 505.8 517.3 530.9 540.4 545.2 545.6 541.3 536.5 528.7 518.1 507 497.2 492.7 489.3 485.2 480.1 476 479.7 482.3 481.3 499.6 522.3 544.5 565.3 586 605.6 624.7 643.6 665.2 686.6 707.2 727.1 746.2 763.6 779.3 790.8 796.6 795.9 792.6 786 776.4 766.1 759.3 751.7 741.4 728.3 713.8 694 674.4 651.8 642.2 649.4 650 643.9 634.6 621.4 607.5 591.8 590.6 619.4 642.1 663.1 676.3
481 490.5 496.3 499.3 501.7 504.2 505.3 506.2 507.7 509.3 511.5 514.2 515.6 518.5 518.1 519.3 533.1 546.7 554.5 558.4 559.2 554 548.5 538.7 528.2 514.9 504.9 499.1 494.4 489.9 483.5 479.6 491.2 493.5 495.4 493.5 509.9 535.8 560.5 583.4 606.7 627.6 649.7 674.1 697 718.8 737.5 755.3 771.1 785.4 793.8 794.4 792.1 786.4 777 764.1 758.3 752 744.9 736.7 725.3 711.2 694.3 671.7 654 636.3 626.1 628 624.6 617.9 601.4 586.4 576.9 602.2 627.2 648.3 668.6 679.3
488.1 500.7 509.2 513.5 519 521.3 521.9 524.4 525.7 526.9 530 530.4 529.5 532.3 533 536.6 548.4 559.9 566.6 572.8 572.2 571.5 565.2 554.4 539.8 524.4 513 504.8 499.3 494.2 488.6 488 500.3 511.3 514.6 513.5 514.7 527.9 556.6 581.6 606.1 629.9 655.6 681.4 705.9 727.7 747 763.4 780.4 790.9 792.8 791.1 785 777.6 762.5 756.4 746.6 738.8 734.2 730.2 721.5 707.7 688.6 672.3 654.8 641.8 618.8 605.8 608.4 599.7 580.1 570.1 592.1 613.4 635.4 656.1 674.7 683
496.5 510.5 519.9 527.8 534.6 537.2 539.8 542.1 543.5 545 544.8 545.2 545.4 546.3 549.9 554.4 564.8 575.1 584.9 588.5 588.8 587.4 580.3 569.8 553.5 534.5 523.4 514.2 504.4 499 493 489.3 508.9 520.4 526.6 533.1 537.1 542.3 553.8 582.5 609.3 635.6 661.8 687.3 711.1 733.6 753.5 772 789.7 792.5 791 784.8 776.1 764.2 752.7 744.7 734.1 726.2 721.9 721 713.6 701.6 686.3 671.8 657.4 643.2 624 600.7 583.9 581.1 563.8 580.3 599.2 621.1 643 662.5 680.1 687.1
505.1 518.5 530 541.2 550.5 552.3 559.4 562.5 563.1 561.2 561.7 563.5 563.6 565.7 567.5 575.5 585.7 595 601.7 604.9 605 602 594.4 581.5 564.5 552.4 539.3 526.8 515.2 505.2 497.6 493.1 510 524.4 535.5 546.9 555.8 566.1 574.8 590.4 616.2 641.4 666.3 690.8 715 738.1 759 778.2 790.5 791 785.4 776.3 765.8 755.4 743.8 731.9 718.7 710 708.7 710.1 705.6 693.5 683.5 672.4 658.3 642.8 626.2 608.8 587.9 563.9 558.7 580.4 603.1 625.9 648.3 668.7 682.6 687.8
513.5 528.1 539.5 554.8 565.4 570.3 576.8 582.6 583.1 579.3 578.6 579.5 584.2 593.2 596.4 600.3 606.2 612 616.8 617.1 618.4 615.4 609.3 598.6 587.5 572.5 555.5 541.7 526.5 512.9 503.1 497.2 508 527.2 542.2 560.6 574.5 585.6 598.6 614 628.8 649.5 671.8 696.1 719.8 742.3 762.5 780.2 788 786.1 778.8 768.6 758.3 746.1 733.2 716.6 703.1 689.1 690.1 695.9 693.6 685.2 678.6 669.1 654.9 639.9 626.8 609 586.9 563.2 558 579.7 603.8 628.3 651.4 673.2 683.9 688.2
525.2 539 554 568.3 581.5 586.2 592.7 597.5 598.1 597.2 600.6 603.9 611.6 616.5 618 621.7 624.9 628.3 629.9 632.6 632.9 629.4 623 614.9 606.8 592.2 572 555.2 539.7 524 509.1 500.8 508.1 529.4 551.2 571.8 589.6 604.1 618.2 631 645.4 662.4 681.2 702.9 726.4 746.6 764.8 779.2 784.9 781.8 769.2 761.3 751.1 737.6 721.1 702.8 686.1 672.2 670.3 677 677.4 673.7 669.3 662.1 649.9 638.4 625.4 605.8 579.3 555.4 558.7 579.8 603.7 629.1 653.7 675.6 684.9 688.7
543.4 555 567.5 578.5 592.9 600.8 606.9 608.1 612.5 620.9 628.3 630 632 633.8 634.8 638.3 640.6 639.7 644.1 646.8 646.4 643.4 637.3 630.6 621.8 609 586.8 568.4 550.9 533.8 516.1 504.4 508.8 533.7 557.9 581 601.1 618.4 633.4 647.6 661.8 678.5 695.6 714.6 735 751.7 766 775.1 778.8 769.4 764.3 755.6 743.9 729.1 709.1 691.1 671.4 656.9 646.7 654.3 658.3 657.4 657.4 653.3 644 635 622.5 600.4 572.7 545.1 559.4 578.5 601 628 654.1 676.7 686.4 689.5
562 570.4 580.4 591.5 604.1 609.3 613.8 623.3 636.6 644.6 646.2 646.2 644.6 646.5 648.7 651.3 651.1 653.5 657.6 659.6 658.9 655.8 651.2 644.9 636.4 623.8 602.7 582.2 562.6 543.5 521.9 508.6 512.3 537.5 562.7 586.3 608.5 628.2 645.2 661.2 678.1 694.8 711.3 726.8 744.1 756.3 767.3 770.5 768.6 764.2 758.4 748.4 734.9 717.3 697.7 681.4 662.2 644.1 625.4 629.3 634.8 640.6 643.4 639.9 636.7 628.9 616.8 594.1 568.7 543.1 556.6 575.6 597.3 624.2 649.6 672 684.9 687
580.8 589.2 596.1 598.6 611.2 619 632.8 648.2 653.6 657.6 657.9 656.5 654.9 656.5 658.4 658.9 658 662 666.8 669.8 670.2 668.6 665.5 658.7 649.6 637.7 617.6 595.3 573.1 551.3 528.3 512.5 516.7 541 566.4 589.8 612.8 633.5 653.1 674.1 693.3 710 726.2 740.5 752.9 762.6 766.2 766.5 762.8 758.2 748 733.4 717.6 701.9 688 671.7 651.4 632 614.7 609 614 620.6 623.4 622.8 622.7 617.9 606.4 590.3 567.7 540 551.9 570.7 591.3 615.6 638.9 662 675.5 678.9
596 605 610.9 615 622 636.7 654.5 662.8 665.8 665.1 664 663.7 663 663 663.9 662.4 662 665.8 670.2 675.2 677.7 678.4 677 672.6 664.2 650.3 630.9 606.6 583.4 560.7 535 517.7 521.5 543.7 567.5 591.4 614.6 637.6 659.6 682.2 704 723.2 739.8 752.7 759.6 763.8 763.7 762 756.3 744.2 729.3 713.4 699.4 686.5 673 656.8 636.7 617.3 601 588.1 590.7 596.5 599.3 602.3 605.5 600.9 592.2 584.3 567.4 539.5 544.6 561.1 579.5 601.8 624.5 645.4 662.3 667.6
608.5 617.3 625.9 635.6 643.3 656.4 662.3 665.1 665.9 666.1 666 666.5 666.9 666.5 665.9 664.2 664 666 670 676.5 681.6 684.7 685.1 681.9 673.7 660.7 640.9 617 593.3 569.3 541.7 526.3 527 543.2 566.7 591.2 615.5 640.6 663.8 686.3 709.7 729.7 746.6 759.1 763.7 764.6 762.4 756.8 745.6 728.1 710.4 691.7 676.7 664.6 652.5 638.2 620.7 602.4 600.6 599.2 588.9 580.4 574.5 577.7 582.4 583.2 579 573.7 562.6 544.3 530.9 546.9 562.8 583.3 605.6 626.4 643.8 652.2
624.8 631.3 640 649.8 656.7 660.6 662.7 663.1 663.3 663.3 664.3 665.3 665.9 665.3 664.5 663.2 661.6 662.3 666.7 674.3 681.7 686.9 688.5 687.5 681.3 668.8 648 623.7 598.8 574.4 546.6 538.4 540.2 538.9 563.6 590.3 615.5 640.7 664.8 688.1 711 731.4 748.5 760 764.6 765.1 760.6 751.4 735.8 712.1 690.8 670.4 651.7 636.7 626.1 616 611.5 616.2 620.4 615.6 606.5 597 588.6 578.3 563.6 561.6 562.1 558.9 549.9 540.6 532.1 527.2 542.6 562.2 584.3 604.8 621.6 631.6
637.8 644.3 654.1 657.5 660.1 660.6 660 659.8 658.6 658.1 659.1 660.6 661.2 661 660.7 659.5 657 657.7 661.3 669.5 678.6 685.7 689.3 689.3 685.8 674.1 650.2 626.3 602.3 576.2 554.3 559.1 558.9 556.4 556.1 584.7 611.9 638.3 663.1 687.1 710.2 730.3 746.9 760.6 765.5 764.7 756.3 746.9 725.8 701.8 677.6 655.6 652.4 645.5 639.1 636.1 637.2 641.6 639.9 634.1 625.6 616.2 606.7 595.1 582.9 571.7 557.2 546.6 541.7 545.9 545.7 534.6 523.4 540.5 561.3 581.6 598.7 610.5
648.8 654.8 659.8 660.2 659 657.7 656.1 653.4 651.9 650.6 647.9 650.8 653.5 654.2 653.3 652.6 650.6 651.4 657.6 663.2 672.9 682.2 688.1 689.8 687.6 678.1 653.7 630.7 605.6 579.2 579 585.9 582.5 578 577.6 578.5 607.9 635.3 660.4 685.6 709.1 730 749.6 764 766.4 763.8 754.7 744.1 723.5 697.7 681.9 677.2 671.2 666.7 665.3 663.5 665.3 663.7 657.2 651.9 645.1 636.3 626 614.1 601.2 590.9 579.3 570.5 568 565.7 559.3 549.5 531.9 519.8 538 557.4 573.6 587.5
658.4 662.5 661.5 659.4 656.2 652.7 646.8 643.3 640.8 640 641.1 641.5 643.1 644.4 645 642.1 639.1 644.4 650.5 655.9 667.4 677.1 684.9 688.6 688 681.4 658.6 636.1 611.3 584.6 598.4 609.1 607.1 601 597.8 600.8 606.2 633.6 658.5 685.6 711.3 734.6 753 764.9 768.6 765 757.7 743.8 725.5 712.4 703.4 696.7 693.3 691.7 691.4 691 687.8 682.7 675.3 670.3 664.2 655.6 645.1 632.9 621.3 610.5 599.9 594 588 582.1 575 564.5 545.8 528.4 516.5 531.9 548.9 565.2
663.5 663.8 660.5 656.1 651.9 644.9 639.3 635.2 632.1 630.8 631.4 631.9 633.8 633.9 632.1 629.1 626.7 634.2 643.1 651 661.2 672.3 681.1 686.5 687.3 682.8 663.8 642.6 620.1 597 608.3 621.5 628.9 626.4 623.8 624.8 626.9 638.2 660.2 687.6 715.9 738.5 756.3 767.7 770.5 767.8 760.7 749.9 741 731.5 723.6 718.2 718.5 715.8 711.7 709.4 706.7 701.3 695.9 692.2 683.4 672.8 661.3 649.3 637.5 628.9 619.6 610.3 603.4 597.5 589.8 578.7 562.9 552.9 533 513 523.8 541.4
663.2 660.5 655.1 650 644.7 637.5 630.7 623.8 616.7 616 619 621.7 623.4 623.8 622.7 619.4 613.3 620.4 633.7 643.2 655.2 667.1 676.7 683.5 685.8 684.2 669.7 650.4 629.6 609.8 613.5 630.1 645.1 654.2 654.4 654 653.9 657.9 670 695.5 722.6 742.5 759.9 770.6 774.8 772.7 766.8 758.2 751.8 745.7 744 741.2 735.6 730.5 728.7 723.7 721 720 715.3 707.1 697 685.9 674.2 661.7 651.8 642.4 634.3 625.5 619.4 611.3 605.2 594.9 588.8 575.1 555.9 534.2 510.2 518.1
656.9 652.3 644.8 638.9 631.2 627.2 621.4 613.1 602.7 598.2 605.1 609.7 611.8 611.7 611.1 606.7 602 611.9 624.9 635.8 648.7 661 671.9 679.8 684.9 684.8 676.8 661.5 644 625.7 617.4 636.4 654.4 670.5 679.7 682.9 685.3 688.7 696.6 712.7 731.6 747.6 763 774.7 779.7 779.1 776.1 772.7 769.9 766.5 761.8 755.9 750.3 745.9 742.6 738.9 735.9 733.5 727.3 718.5 707.5 695.5 683.3 671.7 662.5 654.3 646.5 639.1 634.5 628.7 621.6 614.6 605.3 592.2 575.4 555.7 532.6 507.4
647 638.5 630.7 624.2 619.7 616.1 609.7 601.4 591.1 585.1 590.8 596.1 597.7 598.8 598.3 593.3 592.4 603 617.9 630.3 643.3 656 667.6 677 684.4 685.6 684.3 675.8 659.9 641.6 621.5 642.4 662.3 679.8 693.9 703.7 710.3 714.6 721.5 732.1 744.9 756.7 768.5 780.9 787.9 789.3 787.7 785.9 782.4 777.4 771.2 765.9 760.7 755.3 750.7 747.4 743.7 741.3 734.9 727.5 714.4 700.3 690 681 673.1 665.3 657.9 650.5 646.5 641.2 633.8 627.4 617.7 604.8 590.4 573.8 553.2 531.2
631.7 620.8 615 611.9 608.9 603.9 598.8 591 577.3 572.2 576.5 579.3 582.5 585.5 583.6 578.2 585.2 596.8 610 625.2 638 650.8 664.4 674.8 682.5 687.8 688.8 687.7 675.7 659.1 642.7 649.1 670.1 688 704.5 716.6 725.8 731.8 738.9 748.9 756.2 765.6 777.5 787 792.5 795.9 797.2 795.1 790.4 782.8 775.6 769.5 763.8 759.1 752.8 748.7 746.1 742.1 736.1 726.2 714.3 701.3 693.3 686.4 680.2 674.5 667.5 660.6 655.7 649.6 645.3 637.2 626.1 613.5 600.4 585.9 569.4 547.3
620.5 611 606.5 603.6 598.4 592.5 587 576.7 566.1 561.1 563.9 565.5 568.1 570.1 569.1 569.3 580.7 593 604.8 619.9 634.1 647.6 661.4 673.2 683.5 690.2 695.9 697.7 692.4 676.9 662.7 653 676.8 696.7 714.1 726.2 735.1 742.6 752 760.9 768.5 775.7 784 790.9 794.5 797.4 798.4 797.1 791.5 785.1 777.1 769.1 762.4 756.9 751 745.4 740.8 735.4 727.7 718.9 707.4 698 691.6 686.7 680.8 677.9 673 667.2 661.2 657 653.2 642.5 630.8 618.4 605.4 591.5 575.7 554.8
613.6 605.7 599.7 593.5 587.2 580 572.8 564.4 558 553.3 555.3 555.6 556.4 558.3 557 565.2 575.9 588.1 599.9 614.7 630.1 644.3 658 671 683.1 693.2 702 707.2 708.2 693.1 681.6 662.7 686.7 704.7 721.2 731.8 740.3 751.7 761.7 770.6 776.5 781.3 785.5 790.5 794 797 798.2 796.6 790.8 784.3 773 765 756 751.4 744.1 737.2 731.5 723.6 715.8 707.7 698.2 689.6 684.7 680.9 677.9 674.7 672.2 668.6 663.7 659.4 656.5 646.1 632.5 620.5 607.4 593.1 575.6 557.4
606.5 598.6 590.6 584.6 577.8 570.5 563.1 557.3 551 546.3 547 546.3 545.9 547.5 551.7 560.4 570.9 582.4 595.1 610.5 625.3 639.7 654.5 667.9 682.2 695.4 708.1 718.2 721.1 711.9 699.9 687.6 693.6 713.5 727 737.6 747.4 757.5 766.1 775.3 779.5 781.7 785 787.5 791 793.7 794.8 792.5 788 780.1 767.2 759.4 750.6 743.7 734.8 726.5 719 710 701.5 692.9 684.6 677.7 673.4 668.4 667 666.3 666.3 663.4 659.2 656.2 655.1 645.7 632.8 621.1 608.1 591.6 570.6 557.6
597.7 588.8 582.1 574.8 567.2 561.7 555.4 549.2 543.6 539.1 538.9 537.4 536.8 538.5 546.7 555.1 565.9 575.1 589.2 604.9 619.3 634.7 650.2 664.9 681.2 696.4 711.6 724 729.4 726.4 717.7 709.6 696 718.8 732 742.7 751.4 759.8 765.9 773.9 778.2 780.2 781.4 781.7 784.8 787.5 789.5 787.7 783 775.1 762.8 754 742 734.6 723.7 714 704.2 694.9 684.6 676.1 668.6 662.8 657.7 654.4 651.8 652.5 654.7 652.1 648.8 648.7 648.5 641 630.3 619.2 604.9 587.1 568.2 554.2
589.4 580.9 572.6 565 559.3 554 548.1 543 536.9 532.6 530.7 529.4 529.2 534.9 541.3 548.4 557.1 567.8 584.1 599.2 614.5 630.8 647 662.3 680.5 696.1 711.3 724.5 733.4 734.8 731.7 726.2 721.3 719.7 736.4 746.7 753.3 759.4 763 767.8 773 774.5 774 770.1 771.2 779.2 782.8 782.4 778.8 770.9 760.9 749.7 735.4 723.8 707 695.5 685.2 675.5 665.3 657.9 649.3 643.8 637.9 634.8 632.6 634.1 637.9 635.4 635.4 635.6 637.9 634.2 625.7 614.5 600.8 584.6 566.8 553.2
583 573.5 563 554.7 550.5 545.9 539.9 535.6 530.7 527.1 524.4 523 525 530.3 536.6 544.7 553.1 566.8 582.5 598.4 614.5 630.2 645.4 661.4 679.4 694.5 712 725.1 735.9 740.2 741.9 739.3 736.7 734.4 735.6 746.9 752.8 756.7 759.5 761.2 764.5 765.3 760 758.8 762.8 769.4 775.2 777 774.3 767.7 757.2 747.1 734.5 718.8 694.5 673 662.8 654.1 645.5 637.7 630.9 625.9 619.3 615.4 614.1 613.8 616.2 616.7 618.6 620.1 626.3 624.9 619 607.6 594.2 577.7 563.1 548.2
577 564 553.2 545.8 541.6 537.6 532.6 528.5 525 521.9 519.3 518.1 523.4 529.4 536 543.5 551.6 565.8 581.8 600.2 617.8 635 652 667.8 683.6 698.8 713.8 725.7 737.6 747 751.8 749.3 745.5 743.9 742.6 744.2 749 751.5 754.3 754.2 753.6 746.2 743 745.9 751 759.4 767.6 770.6 768.6 763.3 754.3 745.4 733.8 718.1 702.6 679.5 658.1 644.4 631.4 621.8 613.7 606 598.1 592.6 590.9 591.9 593.4 596 598.4 601 609.3 611.9 606.9 597.5 584.8 572.8 556.8 542.2
569.9 557 545 538 533.1 529.4 525.8 522.1 519.2 516.5 514.4 518 522.9 527.9 533.4 541.1 550.4 563.6 579.8 599.8 619.1 638.1 655.1 670.4 685.8 701.6 715.9 728.1 741.4 752.8 757.8 757 752.8 748 746.9 745.4 747.1 746.6 748.1 746 739.5 729.8 723.9 729.5 737.7 749.8 757.3 761.8 761.9 757.1 751.2 743.4 733 721.1 711.1 693.9 675.2 660.3 648.2 636.8 628.3 621.4 616.2 606.9 594.2 579.1 568.5 572.6 577.3 580.6 588.4 596.8 595.1 587.4 577.9 565.4 548.1 538.2
563.3 549.5 538 530.3 525.2 521.6 518.5 516.6 513.6 510.8 513.4 515.8 521.2 525.6 531 539.8 548.2 559.6 576.5 598.8 619.5 638.8 655.2 670.8 686.4 702.3 716.7 729.9 744.2 755.9 762.2 761.6 758.2 753.2 749.8 748 745.6 745.1 740.9 735.2 727.3 717.6 696.6 719.2 727.1 739.2 746.9 751.9 752.2 749.3 746.3 740.4 732.2 723.1 713.4 703.9 692.7 679.7 666.2 656.2 651.6 641.6 630.1 618.9 607.5 594.9 580.8 566.4 550.7 557.8 565.6 576.5 580.6 578.2 570.1 554.5 543.4 529.1
557.1 541.8 530.7 523.5 517.6 514.3 512.3 511.1 508.7 506.8 511 513.6 517.3 522.1 528 535.9 545.2 555.5 572.5 596 617.6 635.9 652.3 668.1 683.5 700.2 714.8 729 744 757.2 765.6 766.3 762 757.6 754 750.5 746.2 739.8 731 724.3 713.8 704.2 682.7 706.1 713.5 723.5 732.5 737.7 740.3 740.4 739.7 735.5 729 721.4 711.2 702.6 695.2 687.3 680.2 674.3 665.3 653.6 641.7 629.2 617.2 605.2 591.9 577.1 561.9 546.4 538.9 553.2 563.1 564.9 557.3 544.1 532.2 521.7
547.8 533.9 525.1 517.2 510 507.8 507.2 506.3 505.6 504.8 507.1 510.6 513.8 517.7 524.3 531.9 540.4 549.8 568.7 590.7 612.6 629.9 646.6 662.4 678.7 695.2 711 726.2 742.2 756.8 767.4 769.1 766.4 761.2 758.4 754.7 747.8 739.7 731.2 715.8 701 688.8 671.7 691.1 697.4 705.6 715.4 722 723.8 727.3 729.7 728.1 722.3 714.8 706 698.4 692.3 685.7 681.1 676.5 668.7 656.9 647 635.1 622.8 611.1 598.9 585.4 571.1 556.7 542.2 527.8 542.1 547.5 539.4 531.7 522.2 517.4
534.3 527.5 518.9 512.3 505 500.9 502.5 502.8 503 502.9 509.7 512.5 514.1 516.4 520.1 525.1 532.7 542.9 561.9 583.5 603.8 620.4 636.5 653.1 670.5 688.6 705.4 722.1 739.9 755.2 766.8 770 768.8 765.2 761.7 755.9 748.8 741.6 730.5 715.7 696.3 668.9 650 668.2 675.2 683.3 695.3 703.1 707.5 712.8 717 716.2 712.4 703.9 697.3 690.7 684.6 678 676.6 671.5 662.7 653.9 645.7 634.8 623.7 612.7 601 588.9 573.2 563.6 550.8 536.1 519.7 525.3 523.1 518.2 516.3 510.6
534.3 518.5 511.7 505.4 498 497.4 499 498.2 506.5 509.6 513.2 516.2 517.5 517 521.4 528.3 536 544 552.5 567.5 587.6 606.5 623.2 640 662.3 682.9 700.8 719.9 738.4 754.2 765.6 770.5 770.3 767.4 763.8 757.7 750.7 741.6 730.2 715 695.4 676.8 647.8 638.5 647.6 658.4 672.3 682.8 689 696 701 701.7 699.4 693.7 686.2 677.9 673 670.1 666.4 660.3 653.4 647.4 639.6 630.3 619.6 609.4 599.3 588.4 576 567.1 557.4 545.6 529.6 511.9 509.4 509.9 509.2 506.5
