app/static/ascii/NJ22.asc
ncols 200
nrows 200
xllcorner 320000
yllcorner 820000
cellsize 50
[rows 140 to 174 of 200, columns 0 to 77 of 200]
421.4 417.6 413.9 409 404.3 399.1 394.8 389.5 384.7 379.5 376.9 375 373.3 370.9 367.4 364.2 361.8 359.3 358.5 358.1 356.1 350.1 338.7 330.3 338.8 344.6 349.7 351.9 352.6 353.8 356.2 358 359.5 359.2 358 356.4 356.1 356.6 356.9 356 355.4 356.3 352.8 336.6 323.2 306.8 295.9 298 316.5 337.6 354.4 364.6 371.8 379.5 386.4 393.9 399.2 403.2 408.3 411.1 414.4 417.4 419.2 419.1 417.1 413.7 410.6 406.8 405.3 403.1 400.6 398.8 395.3 390.5 384.9 379.8 373.2 368.6
420.6 417.2 413.8 409.8 405.2 400.7 397 393.2 388.2 384.8 381.7 378.5 376.1 373.5 370.4 367.3 364.5 361.9 361 360.3 358.2 352 339.8 332 338 346.3 351.9 354.4 355.4 357.7 360.7 363.7 366 366.2 365.8 365 364.8 365.8 367.8 370.3 374.4 376.9 362.5 342.4 325.4 313.1 296.1 297 313.8 332.7 349.3 358.7 364.2 369.6 374 378 379.8 384.5 387.5 390.8 394.7 395.9 400.4 402.5 400 399.1 397.6 395 394.7 393.2 391.3 389.9 386.6 382.5 378.3 373.7 369.4 366.4
419.7 416.5 413.3 409.7 405.5 401.5 398.7 395.1 392 389.3 385.6 382.2 379.2 376.1 372.9 369.2 366.5 364.4 363.1 361.9 359.1 353.3 341.7 332.7 339.4 348.9 354.1 356.6 358.3 362.4 366.3 370.4 372.7 374.1 375 375.2 377 379.8 383 389 390.6 385.7 370.9 351.4 328.1 316.4 306.4 296.9 305.6 325.7 341.2 348.7 353.7 358.3 362.2 366.3 371.2 374.2 376.3 379.4 381.7 381.3 381.4 381.5 386.7 386.4 386.5 385.4 384.6 384.2 382.5 380.3 377.2 374.9 371.8 369.2 366 363.3
418.6 415.8 412.7 409.6 405.8 402.2 399.5 397.2 395.5 392.8 388.8 384.6 380.7 377.5 374 370.6 367.8 365.9 363.6 362 358.4 351.7 342.5 333.7 342.9 351.9 355.8 358 361.4 366.8 371.9 376.7 379.9 382.3 384.6 387.7 390.3 393 397.5 400.8 395.9 389.1 378.9 361.8 338.9 322.5 311.8 304.5 298 313.2 328.3 335.1 341.1 347.3 352.7 357.4 361.9 365.1 368.3 370 371.5 372 372 372.7 374.3 375.8 376.3 375.6 374.8 374.3 373.8 371.5 369.9 367.8 366 364.5 362.2 359.9
417.4 414.9 412.4 409.5 406.9 402.9 400.3 398.4 396.6 394.1 389.7 385.6 381.5 377.7 374.2 370.9 368.2 365.4 363.2 360.7 356 348.5 339.1 336.3 344.2 354.3 357.6 361.2 365.6 371.5 377.2 382.4 386.5 390.7 394.4 400 403.9 405.5 404.9 403.8 397.1 390.8 382.8 370.6 352.6 335.3 320.3 312.1 306.2 299.3 309.6 318.5 327.5 335.9 341.2 346.8 351.5 355.4 358 359.9 361.4 362.2 362.4 363.4 364.7 365.9 365.9 365.9 365.9 365.4 365 364.5 363.3 362.1 360.9 359.7 358.7 356.5
416.7 414.3 411.7 409.1 406.5 403.4 400.6 398.8 396.9 394.6 390.1 385.7 381.7 377.8 374.3 370.6 367.5 363.4 361.3 357.8 351.8 343.6 336.5 339 347.1 355 360.4 365.7 370.3 376.3 382 387.4 392.2 398.3 404 408.2 410.2 409 406.6 403.3 397.4 390.5 382.4 372.2 360.1 347.1 332.9 322.9 311.7 307.5 300.4 305.1 310.9 317.2 326.3 335 341.3 344 346.8 349.4 351 351.8 352.4 353.3 354.6 356.1 356.3 357.3 358.2 358.6 358.3 358.8 357.2 356.4 356.8 355.7 354.8 353.6
416.2 413.7 411.1 408.7 406.3 403.6 400.7 398.6 396.5 393.7 389.5 385.4 381.6 377.8 374 370.3 365.6 361.1 357.5 352.9 346.9 339.5 336.5 342 350.2 356.8 363.9 369.5 374.9 380.9 387.1 392.7 398.7 404.8 410.7 412.7 411.6 409.4 405.7 402.7 396.6 389.7 381.6 373.3 363.8 353.4 343.9 335.2 324.3 313.5 307.6 300.8 301.8 302.4 308.2 318.4 327.8 333.2 336.5 337.2 338.1 338.9 341.3 341.7 345.4 347.6 349.3 350.6 351.2 352.2 352.4 352.5 352.6 352.5 352.9 352.3 351.5 350.6
414.7 413.2 410.8 408.5 405.8 403.3 401 398.5 395.8 392.6 389.2 385.4 381.6 377.7 373.7 369.4 363.7 357.7 353.2 347.5 341.6 338 340.7 344.4 352 358.7 366.4 372.4 379.4 385.6 392.1 398.2 403.9 409.9 413.1 413.7 412.4 409.1 405.3 401.1 395.9 389.2 382.1 374.6 366.9 358.6 351.7 344.5 336.1 326.8 317.5 310.2 306 303.6 303.6 303.3 310.9 318.9 322.2 324.4 325.6 327.4 325.9 329.9 335.7 340.3 342.1 343.6 344.6 346.3 347.4 347.3 348.6 349 349.4 349.1 348.3 347.4
413.4 412 410.3 407.9 405.6 402.9 400.5 398 395.4 392.4 388.8 385.4 382.1 378.6 374.8 370.4 364.1 357.6 352.6 347 340.7 339.4 342 346.8 354.2 360.8 369.6 376.4 383.3 390.3 397.2 403.8 408.7 413.5 416.4 415.6 412.9 408.6 404.2 399.8 395 389.1 382.7 376.1 369.7 363.3 356.9 349.7 342.6 336.3 328.6 319.2 314.3 311.1 307.2 304.6 304.3 304.8 307.2 312.2 316.1 317.5 319.1 323.9 324.5 331.1 334.2 336.2 338.8 341.4 342 342.3 343.6 345.6 345.8 345.8 345 344.3
410.7 410.3 409.1 407.3 404.9 402.5 400.2 397.9 395.3 392.5 389.1 385.7 382.4 379 375.3 370.3 363.8 357.8 352.2 344.8 340.4 343.3 345.2 349.4 355 362.9 372.2 380 387.1 394.3 401.6 408.2 413 416 416.7 415.5 411.4 406.6 401.8 397.7 393.6 388.5 383.1 377.5 372.3 367 360.7 353.8 348.1 342 335.2 328.6 321.8 316.5 314.3 312.9 309.1 304.4 305.4 306.5 308.9 311.5 313.2 315.4 321.3 325.7 327.2 329.4 333.7 337.3 337.5 337.8 340.4 342.3 342.6 342.3 342 341.8
407.7 408.1 408 406.5 404.2 401.8 399.6 397.3 395 392.6 389.2 385.8 382.5 379 374.8 369.7 364.2 357 349.7 341.8 342.6 346.1 348.1 351.6 357.7 365.4 374.9 383.1 390.2 397.1 403.6 410 412.6 414.2 414.1 412 408 403.2 398.8 394.9 391.4 387.6 382.6 377.9 373.6 368.5 362.8 356.6 350.6 344.6 338.2 330.9 324.7 320.3 319.8 319.1 316.5 312.5 307.2 306.9 306.7 308 309.1 309.3 316.3 321.1 322.6 324.5 328.9 332 333.4 334.6 336.9 338.5 339.1 339.1 338.8 339
404.7 405.3 405.7 405.2 403.5 401.2 399 396.8 394.6 392.2 389.1 385.8 382.2 378.5 374.2 368.4 362.1 353.1 344 344 346 350.1 353.9 355.1 359.8 368.3 377.8 385.6 392 398.6 404.3 409.4 412.1 411.1 410.2 407.9 404.6 399.9 395.8 392.1 388.9 385.6 381 376.3 372 367.4 362.2 355.8 349.9 343.8 337.3 330.3 325.6 324.3 323.3 321.3 318.3 314.6 310.1 308.1 308.2 308.5 309.1 312.7 310.8 311.6 313.5 315.4 323.3 326.9 328.8 329.2 330.5 333.8 335.3 335.8 335.7 336
401.1 402.1 402.9 402.9 402.4 400.5 398.2 396.1 394.1 391.7 388.9 385.7 382.2 378.5 375.2 367.1 358.3 347.5 344 347.5 351.3 354.4 358.4 358.5 362.6 370.5 380.2 387.7 393.9 399.8 404.6 406.7 407.9 408.1 406.5 404.6 401.2 397 392.3 388.4 385.4 381.9 377.6 372.9 368.2 363.4 358.6 352.9 346.9 340.3 333.3 329.6 327.9 326.4 324.4 321.3 317.9 314.9 311.4 308.2 310 310.6 312.6 316.3 317.2 315.4 315.7 313 313.2 314.5 314.5 318.8 324.9 329.8 331.1 331.7 332.3 332.9
397.9 399 400.1 400.6 400.4 398.6 397.1 395.6 393.6 391.4 388.4 385.5 382.4 378.6 374.2 364.5 353.5 346.3 347.4 352.2 357.5 360.2 362.4 364.7 367 374.3 381.7 388.8 394.9 399.7 403.2 404.4 405.9 406.2 405 402.2 399.7 395.3 390.2 385.3 381.2 377 372.4 367.6 362.9 358.6 353.9 348.1 341.8 335.3 330.4 329.8 328.6 326.2 322.8 318.8 316 312.9 310 311 312.9 314.3 315.8 317.6 319.6 321 321.6 321.3 321.3 320.6 316.6 316.7 316.8 321 323.1 325.2 321 327.4
395.2 396.3 397.5 398.6 398.5 397.5 396.2 395.6 393.1 390.8 388 384.8 381.7 378.3 373.1 361 348.5 347.7 353 358.7 361.8 363.5 365.8 368.7 372.1 378.6 384.4 390.1 396.3 400.3 403.1 404.1 405.1 406.3 406 402.4 399.4 394.7 388.3 383.2 378.1 372.8 367 362.4 357.6 353.9 349.5 343.4 337.8 332.7 330.3 329.9 328 324.1 319.7 317.2 316.1 314.3 309.9 313.1 315.7 317.3 319 320.6 322.1 323.4 324.5 324.7 325 324.7 322.1 321.2 321.1 320.3 319.8 318.8 320.8 322
392.9 393.9 395.2 396.1 396.8 396 395.1 393.9 392.1 389.8 387.3 384.2 381.1 377.1 368.8 355.9 348.4 352.3 358.2 363.1 364.9 366.8 368.9 371.3 377.5 383.1 388.1 392.9 399.5 403 404.9 406.8 408 409.8 409.8 405.7 400.8 395 388.5 382.2 374.8 370.3 364.2 358 352.7 349.2 344.8 339.8 335 331.8 330.6 328.3 325.2 321.4 319.4 318.5 317.6 315.4 312.3 315.3 318.2 320.9 322.6 323.9 325.1 325.8 326.4 326.8 326.7 326.4 324.8 324.2 324.2 324.3 324.6 320.4 320.8 321.6
389.9 390.7 392.6 393.5 394.2 394 393.6 392.5 390.7 388.6 386.1 383.5 379.8 373.5 362.1 353.9 349.7 356.9 362.6 365.3 367.8 370 372.1 375.3 384 389.3 393 396.6 402 406.8 409 411.1 413.3 414.7 414.1 410.3 404.5 397.6 390.9 383.1 375.6 368.2 363 357.4 351.3 346.5 342.7 338.2 334 332.5 331.2 329.2 326.3 323.6 321.3 319.4 317.5 311.6 313.6 317.5 321.1 324.3 327.9 330.5 331.8 331.3 329.1 328.5 328.5 328.3 327.8 327.3 327.1 327.7 327.8 325.8 324.8 323.6
387.4 388.1 390 390.9 391.8 392.3 391.7 390.6 389.3 387.5 384.7 381.8 378.1 368.8 359.2 353.5 352.2 358.9 364.3 368.1 370.4 373.2 375.1 381.1 388.9 394.5 397.6 400.5 403.8 409.9 412.1 415 418.1 418.2 417 412.7 406.9 400.4 392.2 384.7 376.1 368.3 363 357.7 352.3 347.7 344.4 340 336.9 336.1 335 331.4 327.8 324.6 322.1 319.3 313 311.9 316.6 319.9 323.8 328.6 335.9 339.9 340.4 338.1 334.2 331.3 329.9 330 329.8 329.4 329.2 329.7 330.1 329.7 328.7 328.4
385.1 386.1 387.2 388.2 389.3 390.2 389.4 388.5 387.1 385.2 382.4 379.4 374.6 365 357.9 353.1 354.8 359.4 365.7 370 373.1 376.3 380 386.4 394.1 399.1 401.2 404.4 408.6 413.2 416.5 419.9 421.9 420.2 417 412.5 406.2 398.5 392.1 384.4 377.5 369.4 363.1 357.8 352.6 348.6 345.5 343.5 342.2 340.7 336.8 332.3 328.2 324.6 320.8 316.4 313.6 315.6 318.9 322.6 328.1 335 341.8 347.3 348.1 344.5 339.8 335.3 332.1 331.5 331.3 331.2 331 331.4 331.9 332.2 331.6 330.8
383 384.2 384.3 385.4 386.6 387.4 387.2 386.3 384.9 382.8 380.1 378 371.4 362.9 356.2 352.5 356.9 360.8 367 372 376.4 380.2 384.9 392 397.4 401 404.7 408 414.6 417.4 420.7 424 424.1 421.5 418.2 412.3 405.4 398.5 392 384.1 377 370 362.9 357.9 353 349.2 346.3 345.2 343 339.7 336.2 332.6 328.3 325.6 320.7 316.2 314.5 318.2 321 325.1 331.3 338.2 345.7 352.2 353.5 348.7 343.4 338.6 334.8 333.1 332.7 332.8 332.7 333 333.1 333.4 332.8 332.9
381.1 382.1 382.2 382.9 384 384.6 384.8 384.2 382.9 380.7 377.7 374.7 368.9 361.5 353.6 355.9 359.3 363.2 368.9 374.3 379.8 384.1 389.8 395.5 399.9 403.2 408.9 414.4 416.6 420.4 423.5 424 423.6 421.4 417.7 411.8 404.8 398.2 392.1 384.3 376.7 369.4 362.9 357.5 352.8 348.9 346.4 344.3 341.4 338.7 335.9 331.9 329.5 326.6 321.5 317.4 315.4 320 323 327.9 334.5 341.3 348.5 352.8 353.7 350.5 345.4 340.9 337 335.4 334.4 334 333.9 334.2 334.3 334.3 334.4 334.5
378.5 379.4 380.3 381 381.8 382.6 382.8 382.1 381.2 379 376.2 372 366 359.4 356 358.9 362.7 366.7 372.6 377.7 383 387.4 392.3 398.4 402.7 406 412.7 418.6 421.1 422.1 423.1 422.6 421.5 419.2 415.3 409.9 404.1 397.7 390.4 382.6 375.6 368.8 362.3 356.8 352.4 348.3 345.2 342.5 340.3 338.1 336.8 333.8 329.6 325.7 321.1 317.6 320.7 320.9 325.4 331 337.3 343.9 348.8 351.7 352.1 350.3 346.9 343.6 340.3 338.2 337 336.4 336.3 336.5 336.6 336.5 336.5 336.6
377.1 377.6 378.3 379.2 379.9 380.7 381.1 380.6 379.9 378.8 375.5 369.3 362.6 357.5 358 362.1 364.7 370 376.1 381.5 386.2 390 394.9 400.7 406.5 411.3 416.3 422.5 423.4 423 421.6 420.4 418.6 415.4 411.5 406.4 400.6 394.6 388.5 381.3 374.5 368 361.7 356.4 352.1 347.9 344 341.3 339.8 337.8 334.9 330.9 327.2 322.9 318.9 318 320.4 321.9 327.7 333.2 339.9 345.7 350.2 351.8 351.6 350.6 348.7 346.3 344.6 342.4 341.1 340.9 341.7 340.5 340.4 340 339.3 339.4
376.7 377.1 377.2 377.8 378.4 379.1 379.5 379.2 378.5 377.8 373.7 365.4 359.2 357.9 361.1 365.4 370 373.7 379.3 385.1 389.5 393.1 397.8 403.4 411.1 417.3 420.5 423.9 425.6 422.9 420.2 417.6 414 411.8 408.4 402.5 395.7 390.6 384.7 379.1 372.6 366.6 360.8 355.8 351.7 347.6 343.5 341 339.8 337.1 332.8 327.8 324.5 320.8 321.1 320.6 322.3 323.6 329.3 335.6 341.9 347.1 351 352.7 353 353 352.4 350.4 348.6 347.5 346.7 347 347.5 346.1 344.9 343.1 342.9 342.6
377.6 377.5 376.7 376.5 377 377.2 377.5 377.4 376.5 374.5 369.4 361.4 358.8 361.5 365.3 369.8 374.8 379.4 383.8 388.8 393 396.2 400.3 404.5 411.5 418.8 421.8 423.4 422 420.6 418 414.7 411.7 410 406.2 399.4 392.3 386.7 381.3 375.6 370.1 364.7 359.4 355.2 351.1 347.2 343 340.2 338.4 335.2 330.1 324.1 326 327.1 324.7 321.6 322.3 325.6 330.4 336.4 341.8 346.9 351 353.7 355.5 355.6 355.3 354.7 353.9 352.6 352 352.3 352.5 351.6 349.6 346.8 346 345.3
377.4 377.4 376.8 376.6 376 375.3 375.1 374.2 373.1 370.1 365 360.5 363.2 366 370.1 374.2 378.6 384 388.9 393.5 397 399.7 402.2 406.2 412 418.7 420.5 419.2 416.8 414 411.5 410 408.1 406.6 404.8 397.2 389.2 383.8 378.4 372.6 367.2 362.8 358.7 354.5 350.6 346.8 342.4 339.1 336.6 332.9 326.6 330.7 330.3 329.2 326.1 323.1 323.4 327.2 331.3 336.3 341.3 345.8 350.5 354 356.8 358.2 358.4 358.4 357.7 356.9 356.5 356.7 356.6 355.6 353.5 350.4 348.9 348.1
377.2 377.3 376.9 376.9 376.1 375.2 372.9 372.2 370.2 367.4 363.8 361.9 367.6 370.5 374.3 377.8 382.6 387.3 392.2 397.3 400 402.6 405 408.4 411.9 417.8 420.6 415.6 413.3 410.6 407.8 404.9 403.2 401.3 399.2 395.8 389.2 381.7 375.8 369.9 365.4 361.6 357.6 353.6 349.7 346.1 341.6 337.5 335.9 328.8 331.9 332 331.3 329.7 327.6 324.8 324.9 328.4 332.4 336.2 340.8 345.2 349.6 353.2 356.7 359.3 360.4 361 361 360.4 360 360 359.8 358.9 356.9 354.1 352.3 351
377.1 377.3 376.9 376.8 376 373.7 372.5 372.3 368.5 366 363.2 364.5 369.4 373.1 376.7 381.2 385.9 390.7 395.6 400.2 403.8 405.5 407.5 409.9 412.5 415.3 416.5 413.1 410.1 408 405 401.9 398.9 397.1 394.5 393.5 388 380.5 374.2 368.3 363.6 359.5 356.2 351.8 348.8 345.3 340.7 335.7 330.8 332.9 334.5 334 332.1 330.2 328.3 326.1 325.6 331 334.2 337.6 341.2 345.1 350.2 354.1 357.4 360 362.1 362.9 363.2 363.1 362.7 362.5 362.3 360.8 358.6 356.7 354.8 353.6
377.2 377.4 377 376.7 376.1 375.1 373.8 372 368.2 365.2 363 366.6 370.2 374.4 379.7 383.8 388.7 393.3 397.6 402.3 406.2 408.6 410.2 411.8 414.8 417.3 417.6 412.2 409.7 406.9 403.9 400.2 396.8 394.1 391.1 389.1 385.3 379.8 372.7 367 362.1 358.1 353.9 350.9 347.8 344.6 340.4 334 333.1 336.3 337.3 335.8 333.3 331.3 329.3 327.1 329.1 334.2 337.1 339.4 342.5 346.5 352.1 355.2 358.4 361 363.6 364.3 364.9 365.3 364.7 364.3 363.2 362 360.5 358.9 357.2 356.2
376.1 377.2 377.7 377.6 377.3 377 375.3 371.9 367.8 364.7 365.5 367.5 371.2 376.9 381.9 385.9 390.9 395.7 400.1 404.9 409.3 411.6 412.2 412.6 414.7 420.6 424.9 417.9 413.4 409.1 404.4 399.2 394.9 392.4 388.6 384.9 381.1 376.6 371.9 366.4 361.2 357 353.4 350.5 347.6 344.6 340.2 337.3 339.2 339.7 338.6 337.4 335 333.3 330.8 327.9 331.2 336.1 339.1 341.3 343.9 347.8 353.2 357.3 360 362.5 364 365.5 366 366.3 366 365.7 364.5 363.3 362 360.5 359.2 358.3
376.1 377.2 378.1 378.4 377.9 377.5 376.1 371.3 367.2 365.2 367.3 371.4 376.3 380.2 383.3 387.6 392.6 397.5 403.4 408.4 412.6 414.9 415.2 415.2 416.1 417.3 422.6 421.8 418.3 412.9 407.4 400.4 393.9 390.4 386.3 382.2 378.5 374.7 370.5 365.8 360.4 357 353.4 350.6 348.1 345.6 338.2 342.3 342.7 342.2 339.7 338.4 336.8 335.8 331.9 329.2 334.2 338.1 341.2 343.4 346.5 348.8 354 359 361.8 363.2 364.4 365.8 366.4 366.7 366.8 366.1 365.5 364.7 363.4 362.1 360.9 359.9
376.5 377.6 378.6 378.6 378.3 377.5 375 370.6 366 367.3 369.7 372.5 377.7 381.2 385 389.4 393.6 399.4 406.1 412 416.6 419.2 419.7 420.2 421.6 419.2 419.8 418.6 415.1 410.9 405.1 398.3 392.4 387.9 383.9 380 375.9 372.6 368.6 364.9 360.5 357.6 353.8 350.9 348.7 346.1 343.5 344.2 343.8 341.8 339.9 339.6 338.6 337 333 332.2 337.3 340.5 343.1 345.4 348 351.2 356.1 361.3 363 364 364.6 365.9 366.3 366.6 366.8 366.3 365.6 364.8 364.1 362.9 361.8 361
377 378.1 378.8 378.3 377.8 377.1 374 370.1 367.5 369.9 372.9 374.9 379.9 384.3 386.8 391.3 395.7 403.5 410.6 416.3 420.9 423.7 425.6 426.9 427.8 424.5 418.4 415.1 412.6 407.4 401.4 395.6 390.7 385.8 381.7 377.7 373.7 370.1 366.2 362.1 360.9 358.8 353.1 351.4 348.6 343.1 345.9 346 345.3 343.1 341.2 341.1 339.9 337.9 333.7 334.8 339.2 341.9 344.2 346.5 348.8 353.1 356.8 361.7 363.8 364.9 365.6 365.9 366.4 366.4 366.6 366.4 365.7 365 364.2 363.4 362.2 362
377.6 378.8 378.7 378.1 377.6 376.4 373.2 369.7 370.3 373.8 377.3 380.1 382.3 386.8 389.7 394.1 400 408 415.2 421 425.3 428.4 430.8 432.3 432.2 429 421.9 417.5 411.8 406.8 401.1 395.4 389.8 385.1 381.2 376.2 372.5 369.5 365.1 361.2 357.4 354.3 351 348.3 344.1 346.6 347 347.2 347.3 344.8 342.9 342.4 340.8 338.6 334.4 337.4 341 343.1 345 347.6 350.5 354.2 357.8 361.7 364.4 365.8 366.6 366.5 366.2 366.3 366.5 366.3 365.9 365.3 364.5 363.7 363 363.1
378.1 379 378.7 378.3 377.6 375.4 372.3 370.5 373.1 376.6 380.3 383.8 386.6 390.1 393.1 397.7 404.6 412.6 419.5 425.4 429.5 432.9 435.1 436.7 436 433 426.3 420.3 414.3 408.6 402.6 397 391.8 387.5 383.4 378.5 373.6 370.2 365.5 360 356.1 352.3 348.5 344.3 347.5 348.7 348.7 347.5 347.5 346.4 344.2 343 341.4 339 333.7 338.8 342.1 343.8 345.7 348.8 352.5 354.9 357.6 362 364.9 366.2 366.7 366.8 366.7 366.7 366.5 366.1 365.7 365.3 364.8 364 363.9 363.8
