app/static/ascii/NJ24.asc
ncols 200
nrows 200
xllcorner 320000
yllcorner 840000
cellsize 50
[rows 35 to 69 of 200, columns 0 to 78 of 200]
317.6 316.2 315.7 313.8 312.2 310.3 307.5 305.2 303.8 302.4 301 299.5 297.5 295.7 294.1 291.8 290.1 288.4 286.7 288.1 287.8 287.5 286.9 287.2 287.5 288.5 289.4 290 290.1 290.3 290.7 290.7 291.5 291.7 291.1 290.1 289.1 288.6 288.2 287.8 287.1 285.2 282.9 280.1 275.3 271.1 267 263 258.8 255.7 252.5 249.9 247.2 244.2 243.1 241.9 241.5 240.4 239.7 238 237 235.4 234 232.7 231.4 229.5 227.4 225.7 224.7 224.5 223.6 222.8 221.9 220.9 219.8 218.7 217.3 215.8 213
319.3 318.4 316.5 313.7 312.6 310.5 308 305.7 304 303 301.7 300.4 298.6 296.7 294.4 292.5 291 289.6 290.6 289.9 288.9 288.4 288.3 288.7 289.4 291 291.9 292.7 292.7 292.8 293 293.5 293.9 293.8 293.1 292 290.9 290.1 289.3 288.9 288.1 285.9 283.3 279.7 275.6 271.9 267.8 263.8 259.7 256.8 253.5 250.3 248 247.1 245.4 244.3 244.5 243.1 241.3 240.1 238.9 237.3 235.7 234.5 233.4 231.1 228.7 226.5 226.4 225.9 224.8 223.8 223.3 222.8 221.6 220.4 219.4 217.4 214.5
322.9 320.3 318 314.9 314 310.6 308.8 306.3 304.4 303.3 302.4 301.1 298.3 298.1 296.8 293.7 292.2 291.9 292.5 291.7 290.8 289.9 289.4 290.3 291.2 293.3 294.6 295.4 295.4 295.5 295.5 295.8 295.7 295.7 294.6 293.6 292.7 292 291.1 290.2 289 286.2 283.4 279.8 276 272.3 268.7 264.6 260.5 257.8 254.6 251.5 250.5 248.7 247.6 247.8 246.7 245.3 243.9 242.1 240.7 239.1 237.5 236.2 234.7 232.6 230.4 228.7 228.2 227.1 226.3 225.5 225.2 224.4 223.9 222.7 221.1 218.7 216
325.6 322.7 320.1 317.6 313.9 311.4 309.4 305.8 304.9 302.6 301.9 300 300.1 299.3 296.6 294.9 294.5 294.2 293.5 292.7 292.1 291 291.5 292.4 293.2 294.5 296 297.3 298.6 298.6 297.8 297.7 297.8 297.4 296.8 295.4 294.7 293.9 293.1 292.4 289.9 287.1 283.8 280.1 276.5 272.7 269 265.3 261.6 258.9 256.2 253.6 252.7 251.2 251.1 250.2 249 247.6 246.3 244.6 242.2 241 239.3 237.8 236.1 234.1 232.1 230.7 229.9 229.1 228.6 228.2 227.3 226.3 225.1 223.5 221.7 219.1 216.4
327.7 325.1 322.6 319.3 316.1 313 310.1 307.1 305.4 303.2 301.6 301.7 301.4 299.3 298.8 297.9 294.9 295.2 294.4 293.6 292.8 292.8 293.7 294.4 295 296 297.4 298.5 300.1 301.2 300.2 299.8 300.1 299.7 298.7 297.6 296.9 296.3 295.5 293.4 290.8 287.7 284 280.4 276.7 273.1 269.3 265.7 262.8 260 258.4 256.8 255.5 254.7 254.4 253.1 251.5 250.2 249 246.8 244.8 242.9 241 239.4 237.5 235.7 234.1 232.9 231.9 230.9 231.3 230.7 229.4 228.2 226.1 224.1 222.1 219.5 216.9
332 328.5 324.7 321.1 317.5 314.2 311 308 305.3 304.6 303 301.2 302.4 301.7 300.4 299.2 296.3 296.3 295.3 294.2 293.4 294.2 295.5 296.2 296.8 297.5 298.6 299.8 301 302.5 302.5 302.1 301.6 301.8 301 299.4 299.3 298.9 297.4 294.6 291.6 288 284.3 280.7 277 273.4 269.8 266.8 264.1 261.2 260.6 260 259 258.2 257.9 256.3 253.8 252.7 251.3 249.6 247.9 245.8 243.5 241.3 239.6 237.5 236.1 235.2 233.9 233.8 233.9 232.9 231.6 229.6 227.5 225.3 222.6 220 217.4
336.1 331.6 327.5 323.4 318.1 314.7 311.4 309.7 307.7 305.3 303.1 303.7 302.7 302.3 301.6 300.7 298.3 297.9 297.1 295.9 295.3 296.4 297.4 298.1 298.6 299.1 299.8 300.6 301.8 303.2 303.9 303.3 302.9 302.7 302.8 302.2 301.8 301.2 298.7 295.7 292 288.7 285.1 281.5 277.8 274.2 271.2 267.8 265.1 264.3 263.4 263.3 263.1 262 262.2 263.4 261.1 258.1 254.4 252.6 250.8 248.5 246.2 243.9 241.6 239.6 238.8 237.3 236.8 237.1 236.5 235.4 234.1 230.9 228.8 226 223.6 220.8 218
338.4 333.8 329.4 325.5 320.5 316.1 313.2 310.7 307.7 307.1 306.1 304.7 303.2 302.4 301.8 299.7 299.5 299.1 298.6 298 298.3 298.9 299.6 299.6 300.1 300.7 301.4 301.9 302.6 303.8 304.7 304.6 304.2 304 303.9 303.4 303.3 301.7 299.8 296.1 292.3 289.1 285.9 282.2 278.6 276.3 272.4 270 268.9 268.1 267.3 266.2 266.5 267 267.8 269.9 268.8 264.2 257.8 255.8 253.6 251.2 248.9 246.5 244.2 243.5 241.7 242 240.4 239.7 238.9 237.6 235.3 232.2 229.4 226.8 224.5 221.9 218.9
340.9 336.3 331.7 327.1 322.7 317.6 313.2 310.8 309.7 309.2 307.9 305.3 304.3 302.9 303.1 302.6 302.1 301.1 300.2 299.9 300.7 301.3 301.4 301.4 301.6 302 302.9 303.5 304.3 305.3 306 305.9 305.5 305.3 304.8 304.5 303.2 301.8 300.1 296.5 292.6 289.5 286.3 283 280.4 277.8 274.8 273 272.8 272.1 271.5 270.3 270 272 274.9 277.9 276.8 270.2 262.6 259.5 256.4 253.9 251.5 249.5 248.4 249.6 251.3 251.4 245.6 242.2 241.3 239.3 236.3 233.2 230.3 227.6 225.2 222.9 219.9
342.3 337.9 333.4 329 324.5 319.2 314 312.5 311.8 311.3 309.4 307 305.9 305.1 305.4 304.7 303.8 302.6 301.3 301.8 302.8 303.3 303.2 303.2 303 303.2 304.3 305.1 306 306.4 307 306.9 306.4 306 305 304.3 303.1 301.7 300.3 297.1 293.2 290 286.4 284 281.8 279.6 277.4 277 276.6 275.9 274.8 274.3 274.6 276.3 280.8 284.4 283.3 275.6 267.3 262.7 259.5 256.5 254.1 253.7 253.2 254.6 256.1 256.4 251.2 246.5 243.8 240.3 237.4 234.3 231.3 227.9 225.6 223.5 220.2
343 339 334.7 330.8 326.8 322.2 317.6 315.2 314.7 314.4 311.4 309.5 308.1 307.9 308 307.2 303.8 303.7 303.6 304.1 304.7 305.2 304.5 304.5 303.4 304.4 305.5 306.7 307.1 307.4 307.9 307.8 307.4 306.4 305.6 304.3 303 301.8 300.4 297.7 294.1 290.7 288.1 286.1 284 281.8 280.6 280.3 279.9 278.8 277.6 276.9 278.8 281.5 285.8 288.2 286.5 279.2 271.2 264.9 262.1 259.2 258.2 257.6 258 259.5 261.1 257.5 253.6 249.1 245.8 241.2 238.6 235.5 232.8 229.6 226.8 224.5 222.5
342.9 339.1 335.5 331.5 327.9 324.3 320.6 318.5 318.1 318.5 315.8 312.9 310.5 310.2 310.5 308.4 306.4 306.5 306 305.9 306.4 306.9 305.8 305 304.4 305.6 306.3 306.8 307.8 308.4 308.6 308.6 308.1 307.2 306.3 305 303.2 301.9 300.4 298.4 294.9 292.2 290.1 288.1 286.1 284.3 283.7 283.4 282.8 281.8 280.3 280.4 282.1 285.6 288.1 288.1 285.7 279.8 272.6 267.3 263.8 262.9 262.8 262.6 262.4 264 264.3 260.6 256.9 253.5 247.6 242.8 239.3 238 236.7 234.6 231.1 227.4 225.2
342.3 338.3 334.3 331.1 327.9 324.8 322.8 320.8 320 320.5 319.6 317.7 315.3 314.5 313.9 313.2 310.8 308.8 307.1 306.9 306.8 307.2 306.8 306.2 305.9 306.2 306.3 306.8 307.8 307.6 307.6 307.9 308.8 308.1 306.9 305.9 303.7 302.2 300.8 299.2 296.4 293.9 292 290 288 287.4 286.9 286.5 285.7 284.7 283.6 284.2 285.8 286.9 287.2 287.5 284.9 279.9 274.8 269.6 267 266.7 266.9 267 267.2 268.4 267.8 265.5 263.1 263.1 256.7 247 243.8 241.9 240.4 239.5 236.5 231.3 230.2
339.7 336.6 333.2 329.5 327.1 325 323.1 321.5 321.7 321.6 321.3 320.4 319 318.6 317.2 315.6 313.5 311.4 308.8 308 307.5 307.3 307.4 307.5 307 306.2 306.3 306.7 306.7 306.5 306.6 307.2 308.2 308.9 307.9 306.9 304.7 303.1 301.7 300.5 298.1 295.3 293.5 291.7 290.3 290 289.8 289.5 288.6 287.6 287.6 288 288.5 289.3 289.7 288.7 285.8 281.2 276.2 272 271.3 271.2 271.4 271.5 272.4 273.1 271.9 269.5 268.6 268.5 263.5 252.2 247.9 244.6 243.6 241.1 237.9 234.9 233.5
336 332.7 329.6 327.8 325.3 323.8 321.8 321.9 321.5 322.1 322.5 322.5 321.7 321.1 319.1 316.8 314.5 313.2 312 309.9 309.2 308.4 308 307.8 306.8 306.5 305.9 305.7 305.6 305.4 305.7 306.5 307.5 308.1 308.3 307.3 304.8 303.9 302.6 301 298.9 297.2 294.8 293.6 292.7 292.3 292 291.5 290.8 290.4 290.8 291.1 291.4 291.6 290.6 289.6 286.6 282.3 279 276.4 275.8 275.8 275.9 276.7 278 276.7 275.3 273.6 272.7 272 267.7 255.5 250.4 247.1 244.7 241.9 238.6 237.7 236.6
331.7 330.1 324.8 324.6 322.8 321.8 322.1 322.1 321.3 321.7 321.7 321.9 320.7 320.2 318.9 317.7 315.5 314.3 312.5 310.6 309.5 308.9 307.7 306.4 305.4 304.6 304.3 304.1 304.1 304.2 304.9 305.6 306.3 306.8 307.3 307.5 304.8 304.2 303.6 301.7 300.1 298.5 297.1 295.8 295.1 294.6 294.1 293.5 292.8 292.6 293 293.4 293.8 293.7 293.3 291.6 288.9 286.2 283 281.4 280.8 281.1 281.1 281.4 281.3 280 278.6 276.8 275.3 272.7 266.7 257 251 247.5 245.9 243.6 239.8 240 239.6
331.5 327 323.5 321.7 319.3 319.5 320.2 320.4 320.1 320 319.4 318.7 319.5 319.2 318 316.8 315.4 314.4 311.8 310.3 308.5 307.2 305.9 304.7 303.4 303.1 302.7 302.5 302.4 302.1 302.9 304.8 305.3 306 306.6 307.1 305.1 304.8 304.1 302.6 300.9 299.3 298.1 297.2 296.6 296.2 296.1 295.3 294.7 295.1 295.4 295.8 296.2 295.8 295.7 294.4 292.1 290.6 288 287.3 287.5 288 287.3 287.1 285.8 283.3 281.6 279.2 277.1 273.4 268.9 259.4 253.8 251 248.9 246.7 244.3 244.2 243.4
329.8 325 321.4 318.3 317.3 317.5 317.6 317.1 316.8 316 315.4 316.3 317.3 318.2 316.9 315.4 313.8 312.6 310.7 308.7 306.6 305.4 304.1 302.8 301.5 301.4 301.2 300.9 300.7 300.5 301.2 303 304.6 305.4 306.2 306.4 305.1 304.3 303.4 303 301.7 300.2 298.9 298.5 297.9 297.5 297.5 298 297.1 297.7 297.8 298.2 298.3 298.2 298 297 295.2 293.8 293.9 294.3 294.3 294.9 293.6 292.9 290.5 286.7 284.5 281.7 278.4 274.7 270.4 264 257.9 255.5 253.2 249.8 248.4 248.4 247.2
326.9 322.5 320.3 317.6 315.9 314.3 314 313.8 313.2 312.5 312.7 313.9 314.9 315.7 315.4 313.8 312.2 310.5 309.1 306.7 304.7 303.5 302.2 300.9 299.5 299.2 299.2 299.3 299.1 298.9 299.3 301.2 303.1 304.6 305.4 305.8 304.7 303.5 302.8 302 301.5 300.7 299.6 299.5 299.1 298.9 299.1 299.3 299.6 300.1 300.3 300.6 300.6 300.4 300.3 299.5 299 299.1 299.6 300.4 302.7 303.9 301.8 301.5 300.3 296.9 292.8 287.1 281 276.9 273.2 268.4 264.3 260.5 257.8 254.5 252.3 252.6 251.3
324 319.7 317.7 316.1 313.8 311 310.7 310.5 310.4 309.6 310.1 311.1 312.2 312.4 312.3 311 309.2 307.6 306.2 304.4 302.8 301.6 300.4 299.1 297.8 297.1 297.1 297.2 297.3 297.2 297.4 299.3 301 302.5 303.3 304.1 303.3 302.2 301.3 300.1 300.1 299.9 300.2 300.2 300.1 300.3 300.3 300.4 301.2 301.7 302.2 302.7 302.9 302.7 302.5 302.1 303.2 304.2 305.2 307.8 311.1 312.6 313.2 313.4 312.7 309.7 303.2 296.2 289.1 283.7 278.1 274.2 270.1 265.8 264.2 261.8 259.9 258.6 257.9
321.2 317.4 315.1 314.4 313 310 308.2 308.1 307.9 307.8 307.7 308 308.7 308.6 308.5 307.5 305.8 304.4 303.2 301.4 300.3 299.6 299.1 297.9 296.2 294.8 294.9 295.1 295.2 295.3 295.3 297 298.7 300.3 300.9 300.8 300.9 300.6 299.6 298.8 299.1 299.4 299.6 299.4 299.5 300.4 300.4 300.9 302.3 303.3 304 304.5 304.8 305 304.9 305.2 307.5 308.5 311.2 314.6 318.1 321 323.6 326 325.6 323.3 316 308.2 300.6 293.8 288.1 282.8 277.8 275.2 273.3 271.4 269.5 267.9 266.2
318.7 314.9 312.1 310.9 309.2 307.9 306.9 306 306 305.9 305.7 305.1 305.4 305.2 304.9 304 302.6 301.4 300.1 298.6 297.4 296.7 296.7 296.3 294.4 292.3 292.3 292.3 292.2 292.7 293 294.6 296.3 298 296.9 296.8 297.2 297.6 298 297.4 297.8 298.2 298.4 298.8 298.9 300.2 300.8 301.3 302.5 303.7 304.9 306.1 306.3 306.4 306.8 307.4 310.4 314.1 317.9 321.5 325.4 328.1 331.5 335.2 337 335.4 328.8 320.4 311.3 304.1 298.6 293.2 287.6 285.3 283.2 281.1 278.6 276.2 274.5
315.6 312.3 310.3 308.8 307.6 306.5 304.9 304.2 304.2 303.9 303.3 302.6 302.1 301.6 301 300.7 299.6 298.4 297 295.8 294.6 293.9 293.9 293.3 291.6 290.3 289.2 288.9 289.1 289.7 290.5 292 293.8 295.2 294.2 294.3 294.6 295 295.4 295.7 296 296.2 296.3 296.7 297.9 299.7 301.4 302.1 303.1 304.3 305.3 306.3 307.4 307.8 308.4 311.2 315.6 319.4 324.1 328.6 332.6 335.3 339.5 343.2 346 345.9 339 331.1 322.1 314.2 309 303.5 298.5 296.4 294.2 291.8 288.6 285.4 282.4
313.2 310.2 308.2 307.1 306 304.6 302.9 302.4 302.1 301.5 300.8 299.9 298.6 297.5 297.2 297.4 296.6 295.4 294.2 293 291.6 291.1 291.1 290.5 289.5 288 286.6 285.6 286.2 287.1 288 289.4 291.2 292.3 292.4 291.5 291.7 291.8 292 292.3 293.2 294 294.1 294.3 295.4 297.7 300.4 303 303.7 304.6 305.2 306.6 308.1 308.8 311.7 315.6 320.6 324.9 329.8 334.7 338.4 342.5 345.8 350 354.9 354.9 348.2 340.2 332.3 325.1 318.2 314.1 309.4 307.4 305.1 302 298.8 295.5 291.9
311.2 308.4 306.5 305.4 304.1 302.6 301.3 300.3 299.6 298.7 297.8 296.5 295.1 293.7 293.5 293.4 292.6 291.5 291.2 290.8 288.5 287.6 287.7 287.6 287.1 285.8 284.2 282.6 283.5 284.6 286.1 287.2 289.1 289.5 288.7 288.2 288.3 288.4 288.7 289 289.7 290.6 291.6 292.1 292.8 295.6 298.5 300.7 302.9 304.5 305.3 306.2 308.3 310.1 314.7 318.6 323.1 327.9 333.2 337.4 341.6 346.3 350.7 356.8 361.1 361.7 355.5 347.9 340.6 333.6 328.7 324.5 321.2 318.3 315.3 312.1 308.8 305.6 301.7
309.2 306.3 304.8 303.4 302 300.6 299.2 297.8 296.6 295.7 294.5 293.2 291.6 289.8 288.7 288.9 288 286.9 286.8 286.2 285.3 283.5 283.2 284 284 282.6 281.4 280.5 281.1 282.8 284.2 285.7 286.6 286.9 286.5 285.3 284.9 285.2 285.4 285.7 286.2 287.1 288.1 289 290.6 293.1 295.4 298.1 300.6 302.6 304 306 308 311 315.6 319.6 324.6 329.9 335.2 340.2 345.2 349.8 354.3 359.6 364.3 366.1 360.5 353.2 347.3 341.6 337.3 334.4 331 328 325.3 322.1 318.9 315.7 311.6
307.2 304.8 302.8 301 299.6 298.2 296.4 294.9 293.7 292.6 291.2 289.5 287.7 286 284.6 283.9 283.3 282.4 282.1 281.1 280.4 279.8 278.9 279.3 280.2 278.6 278 277.6 279 280.4 281.8 283.2 284.2 284.7 284.6 283.1 281.2 281.6 282.1 282.3 282.7 283.6 284.9 286.3 287.8 289.4 291.8 294.6 297.3 299.3 301.3 303.2 306 309.5 314 319.1 323.7 327.6 332.4 338.3 344.2 350.2 355.6 359.9 364.5 364.5 362.2 356.4 351.7 348.4 345.5 342.5 340.4 337.5 334.7 332.1 328.9 325.7 321.7
305.9 303.3 300.6 298.6 296.9 295.1 293.3 291.9 290.8 290 287.8 286 284.1 281.8 281.6 281 279.8 278.3 278.4 277.5 276.9 276.5 275.6 275.8 274.1 276.5 275.7 275.6 276.5 278.1 279.4 280.8 281.1 281.5 281.3 280.3 278.2 277.3 277.8 278.7 279.4 281.1 283 284.3 285.1 285.8 288.3 291 293.9 295.9 298 300.2 303.2 306.3 310.3 314 319.5 323.7 327.3 332.8 341.1 348.1 353.1 358.2 361.2 362.1 360 357.8 354.9 353.4 351.8 349.8 348.4 346.3 344.1 341.5 338.6 334.5 329.8
304.2 301.1 298 295.2 293.4 291.7 290 289.1 288.2 287.4 285.4 282.9 280.3 279 279.3 277.9 276.5 275.2 274.8 274.1 273.6 273.1 272.6 272.6 272.8 273.6 272.5 272.5 274 275.7 277.1 278.4 277.7 278.2 278.1 277.5 276.1 275.2 274.3 274.7 275.8 277.6 279.4 280.3 282.3 282.5 284.7 288 290.5 292.3 294.6 297.5 300.5 303.5 306.2 310 314.2 317.6 321.1 327.1 334.4 341.3 347.6 351.5 354.6 355.1 355.3 354.6 354.3 357 357 357 355.7 353 350.4 348.1 345 340.6 335.7
302.8 298.9 295 292.1 289.6 287.8 286.4 286 285.3 284.7 282.5 279.8 277.8 275.8 275.7 275 273.6 272.4 271.6 271.5 271 270.3 270.6 270.8 270.2 269.8 269.5 269.9 271.4 272.9 274.4 275.1 274.4 274.8 274.8 274.4 273.3 272.3 271.3 271.1 272.7 274.7 276.6 277.3 278.8 280 282.1 285 287.6 289.7 291.9 294.8 297.6 300.1 302.6 306 309.4 313.5 317.5 320.6 325.1 331.9 338.5 343.7 346.7 347.8 348.8 348.5 351.9 357.3 361 362.9 362.9 359.1 355.9 353.5 349.8 345.6 340.8
302.3 298.5 293.4 287.8 285.8 283.4 282.3 281.8 282 282 279.5 276.9 274.6 272.4 271.9 272 270.9 270.1 269.4 269 268.7 268.6 268.6 268.5 267.9 267.2 266.8 267.2 268.6 270 271.5 271.8 271.6 271.4 271.7 271.1 270.2 269.2 268.3 267.4 269.8 271.7 273.6 274.5 275.6 277.5 279.5 282 284.5 287.3 290 292 294.6 296.9 298.9 300.7 304.7 308.8 313.1 316.7 320.9 325.4 330.4 335.2 338.8 340.7 341.7 343.9 349.6 355 360 363.6 365.2 363.7 360.6 357.7 354 349.7 344.5
302.4 298.6 295.4 291.8 288.6 283.5 277.2 277.2 278.1 279.1 276.6 273.6 271.3 269.5 269.3 268.9 268.2 267.4 267 266.7 266.6 266.4 266.3 265.8 264.9 264.9 263.7 263.8 265.8 267.2 268.6 268.9 268.7 268.5 268.4 267.5 266.8 266.1 265.2 264.8 266.9 268.9 270.6 271.8 273.1 275.1 277 279.2 281.2 285 288 288.8 291.5 294.1 296.2 298.2 299.9 304.4 308.8 312.9 316.8 320.9 325.4 329.3 332.9 335.1 338.2 340.4 346.8 352.3 357.6 362.2 363.8 362.9 362.2 360.6 357.8 352.8 347.2
302.6 299.3 295.7 292.3 289 285 281 274.4 273.9 274.8 272.3 269.7 267.9 266.6 266 265.3 264.2 263.8 263.4 263.4 264.2 263.7 263 262.5 261.9 261.5 260 261.3 262.7 264.2 265.2 265.2 265 264.9 264.6 264.2 263.3 262.6 261.6 262.1 264.2 266.2 268.2 269.1 270.5 272.6 274.5 276.7 279.5 282.7 284.8 286.8 288.8 291.4 293.5 294.9 296.7 300.5 304.4 308.4 312.5 316.5 320.8 324.4 327.1 330.6 333.8 336.8 342.8 348.6 353.9 358.5 360.6 361.1 360.4 358.4 355.6 350.5 343.8
302.6 298.9 295.3 291.7 288.3 284.4 281.2 278 274 268.3 267.5 266.7 265.5 264 262.4 261 260.1 260.1 260.1 260.2 260.8 260.7 260 259.4 258.6 257.3 254.9 259.1 261 260.7 261.1 261.1 261 260.7 260.6 260.4 259.7 258.6 257.6 258.4 261 262.8 264.5 265.6 266.9 269.8 272.7 275.1 277.7 280.6 282.8 284.8 286.8 289.1 291 292.4 293.9 296.7 301 304.1 308.2 312.1 316.2 319.5 321.6 324.9 328.4 332.8 338.6 344.5 349.7 353.3 355.2 356.7 355.8 352.8 350.1 345.7 339
302.3 298.4 294.8 291.2 287.6 283.9 280.7 277.8 275.2 270 265.8 262 261.6 261.4 260 257.6 256.7 257.4 257.8 258.3 257.8 257.4 256.8 256.3 255.1 253.9 251.7 255.2 258.4 257.3 257 257 256.7 256.5 256.4 256.6 256.6 255.3 253 256.1 258.3 259.1 260.7 262.8 264.7 267.5 270.6 273.4 276 278.5 280.7 282.8 284.8 286.9 289 290.4 291.1 294.7 298.9 300.6 303.8 307.8 311.7 314.6 317.9 321.7 326 330.3 334.6 340.2 344.8 347.7 350 350.4 349.6 347.1 344.6 340.7 334.1
