app/static/ascii/NJ25.asc
ncols 200
nrows 200
xllcorner 320000
yllcorner 850000
cellsize 50
[rows 35 to 69 of 200, columns 0 to 77 of 200]
48.4 48.1 45.9 47 60 66.5 72.5 78.2 82.5 86 88.7 89.5 89.7 88.9 87.4 84.7 81.7 77.7 73.8 70 66.2 62.9 61 60 59.4 59.1 58.5 57.8 57.4 57.1 56.7 56.7 56.7 56.7 56.7 56.6 56.7 56.6 56.6 56.4 56.7 56.5 56.1 56.3 56.1 55.9 55.6 53.5 51.1 50.4 49.3 49.3 53.4 56.1 56.2 56.3 56.4 56.6 56.4 56.2 56.5 56.7 56.5 55.7 54.6 54 53.1 54.1 54.4 54.3 53.9 54.9 55.1 55.8 57 57.8 57.9 57.9
48.9 48.2 46.8 50.7 62.5 69.9 77 82.9 87.2 90 91.9 93.3 93.5 92.9 91.1 87.8 84.1 79.8 75.8 71.9 68.1 64.8 62.7 61.1 60 59.4 58.7 58.1 57.8 57.5 57.4 57.2 57.3 57.1 57.1 57.1 57.3 57.3 57.3 57.3 57.2 56.8 56.5 56.1 55.9 55.7 55.1 52.6 50.6 49.9 50 50.4 55.6 56.2 56.3 56.4 56.7 56.9 56.9 56.8 56.8 57.4 58 57.8 55.4 54.8 53.9 54.6 54.7 54.7 55 55.6 56.1 56.7 57.3 57.6 57.6 57.5
48.6 48.7 48.1 52.3 64.7 73.6 81 87.8 91.5 93.4 96.2 97.6 96.8 95.8 93.5 90.4 86.6 82.2 77.7 73.9 70.2 67 63.9 62.3 60.4 59.5 59.4 59.2 59.1 59 58.9 58.3 58 57.8 57.5 57.9 58.5 58 57.4 57.1 57.2 57.4 57.4 56.6 53.7 53 51.9 51.1 50.1 50.1 49.9 53.2 56.3 56.4 56.5 56.6 56.9 57.2 57.3 57.3 57.5 58.1 58.7 59.4 57.9 56.5 55.2 55.9 56.8 57.8 57.6 57.2 56.9 57.4 57.7 58.1 57.9 58.2
48.8 48.8 47.8 50.9 66.3 77 84.5 91.8 96.1 99 101.2 101 99.8 98.5 95.8 92.8 88.9 84.5 79.9 75.8 72.4 69.2 66.1 63.5 61.3 60.8 60.6 60.5 60.3 60.1 59.7 59 58.9 58.9 59.1 59.1 59.1 59 56.9 57.6 57.6 57.4 58.4 54.1 52.4 52 51.1 50.4 50.9 50.9 51.2 54.8 55.8 56.2 56.5 56.8 57.2 57.5 57.7 58.1 58.1 58.8 59.5 60.3 60.9 60.9 60.8 60.9 60.9 61 60.9 60.4 59.9 59.5 59.1 58.7 59 59.4
49.4 49 51.1 50.3 67.6 79.4 88.3 94.1 100 103.2 105.1 104 102.8 100.7 98 94.7 91.1 86.3 82.1 77.8 74.6 71.4 68.1 64.8 62.1 62 61.9 61.7 61.4 61.2 60.7 60.3 61.6 63.4 63.4 59.8 59.1 58.5 58.5 58.7 55.8 54.2 53.3 52.8 52.3 51.7 51.1 51.1 51.6 52.7 55.6 55.5 55.7 56.1 56.6 57.9 58.4 58.8 59 59.2 59.2 60 60.9 61.8 62.5 62.5 62.4 62.3 62.3 62.5 62.7 63 63 62.5 62 61.5 59.9 60.3
48.9 49.2 50.6 51.3 69.4 81.5 91.5 97.2 102.6 106 107.4 106.9 105.4 103 100.2 96.6 93.1 87.7 83.2 78.5 75.1 71.9 68.7 65.4 63.1 63 62.9 62.7 62.4 62.1 61.8 62.7 65.1 67.7 65.4 59.9 58.9 58.1 58.9 58.6 55.1 54.2 53.3 52.6 52.2 51.8 51.6 51.8 53.6 56.6 56.5 56.1 56.2 56.5 58 59.3 59.9 60.3 60.5 60.6 60.6 61.4 62.4 63.2 64 64.1 64 63.7 63.7 63.9 64.1 64.4 64.7 65 65 65.1 60.5 61.7
49.3 49.9 48.6 51 68.4 81.9 92.8 100 105.1 108.5 109.7 109 107.3 105 101.4 97.5 93 88.1 83.5 78.8 75.3 72 68.9 66.4 63.9 63.7 63.6 63.5 63.2 63 62.8 64.7 66.3 66.5 66.5 62.9 59.2 59 59.9 56 54.7 54 53.3 52.5 52.2 51.9 51.9 54.2 56.4 56.6 56.8 56.7 57 57.7 59.8 60.6 61.4 61.8 62.1 62.1 62.4 63 63.8 64.6 65.4 65.6 65.5 65.2 65.1 65.3 65.6 65.8 66.2 66.5 66.5 66.4 61.3 62.2
50.2 50.1 49.6 51.7 65 80.7 91 99.6 105.5 109.6 111.6 110.4 108.5 105.1 101.7 98 93.1 88.3 83.8 79.1 75.4 72.4 69.9 67.4 65 64.4 64.3 64.2 64.1 63.8 63.5 65.2 66.3 66.7 67.1 62.7 60.3 60.3 60.5 55.3 54.5 53.8 53.1 52.8 52.4 52 54.9 56.3 57 57.2 57.9 58.7 59.4 60.1 61.2 62 62.8 63.3 63.6 63.8 64.1 64.4 65.2 66 66.9 67.2 67 66.7 66.5 66.7 67 67.3 67.4 67.5 67.1 66.4 62.2 62.6
51.1 50.3 51.3 49.8 60.9 79.6 89.7 97.9 104.9 110 112.3 111.8 108.7 105.3 102 98 93.2 88.5 83.9 79.4 75.8 73.3 70.8 68.2 65.6 65.2 65.1 64.9 64.8 64.7 65.2 66.6 66.9 67.1 66.4 61.6 59.5 58.8 54.4 54.3 54.5 53.9 53.4 53.2 53.1 56.3 57.4 57.9 58.3 59.2 60.2 61.1 61.9 62.6 63.2 63.3 64.1 64.8 65.2 65.5 65.8 65.9 66.7 67.5 68.3 68.8 68.6 68.3 68.1 68 68 68.1 68.2 68.2 67.7 67.3 63.1 63.3
52.3 51.7 51.7 51.4 49.8 75 86.5 96.3 103.1 109.5 112 111.9 109.3 105.9 102.1 97.8 93.3 88.6 84 79.3 75.6 73 70.5 67.9 66.4 65.8 66.1 66.3 66.1 65.9 67 67.2 68.1 66.4 63.5 61.1 58.2 55.3 54.6 54.6 54.6 54.5 53.9 54.6 57 57.7 59.2 59.8 60.6 61.4 62.4 63.4 64.3 65.4 65.7 65.4 68.7 69.2 68.8 67.2 67.5 67.4 68.2 69 69.7 70.4 70.4 70.2 70.1 69.9 69.9 69.9 69.9 69.1 68.7 68.3 63.4 63.1
53.5 53 52.2 52.4 50.6 60.2 83.7 92.8 100.8 106.9 110.1 110.8 108.9 105.8 101.9 97.5 93 88.4 83.8 79.4 75.8 72.7 70.2 68.1 67.3 66.8 66.8 67 67.2 66.9 67.1 66.5 66.7 64.1 62.9 59.3 55.8 54.8 55.5 55.2 55.2 55.1 55.9 57.4 58.2 59.2 61 62.1 62.8 63.6 64.6 65.9 68 70.5 73.9 77.5 78 76 73.2 71 69.2 69.2 69.3 70.1 70.7 71.4 72 72.3 72.2 71.9 71.9 71.8 71.1 70.5 70.1 69.6 69 64.3
54.2 53 51.8 52.4 52.8 52.7 69.9 88.7 97.3 104.2 108.5 109.5 108.1 105.5 101.8 97.2 92.6 88 83.6 79.6 76 72.4 70.3 68.9 68.3 67.7 67.2 67.6 68.3 67.5 66.8 66.1 65.4 62.4 58.1 56 55.4 55.7 55.9 56.4 56.1 55.8 56.9 58.3 59.4 61.5 63.8 64.4 65.1 66.6 69.4 71.7 72.1 73.7 77.6 77.9 77.5 76.6 75.7 75.1 70.9 70.3 70.4 70.9 71.7 72.4 73.1 73.6 73.9 73.9 73.8 73.2 72.7 72.3 72.2 71.7 70.7 65.2
54.8 53.7 53 52.7 52.7 51.3 55.2 84.1 93.1 100.6 105.9 106.3 106 103.7 100.8 96.8 92.2 87.5 83.5 79.6 76 72.9 70.7 69.6 69.1 68.5 67.9 67.3 67.8 66.7 66.1 62.8 58.3 57.9 57.4 56.2 55.9 56.3 56.7 57.7 57.4 57.1 59.4 61.9 62.7 64.3 66.1 66.8 67.5 69.4 73.5 74.9 74.4 73.9 74.2 75.2 75.2 73.7 72.6 73.7 71.6 71.2 71.2 71.5 72.2 73 73.8 74.5 74.7 74.9 75 74.8 74.5 74.1 74 73.3 71.8 66.4
55.4 54.6 53.6 52.9 53.2 51.7 53.4 64.6 89.4 96.4 102.1 104.3 104.2 102.1 99.3 96.4 91.6 87 83.5 79.7 76.6 73.8 71.4 70.1 69.4 68.6 67.3 66.3 66.3 63.5 59.5 58.9 57.9 57.5 57.2 56.9 56.5 56.7 57.2 57.9 61.2 59.7 58.6 66.7 67.1 67.5 68.5 68.7 68.6 69.8 73.1 76.5 77.2 76.7 74.5 73 72.8 72 72 72 71.8 71.2 71.2 72.1 72.9 73.8 74.7 75.1 75.1 75.3 75.5 75.4 75.3 75.1 73.9 73 69.4 67
56 55.1 54.4 54.5 54.9 51.8 53.9 54.5 76.8 92.2 97.6 101.2 101.7 100.5 97.7 95 90.9 86.5 83.2 80.2 77.4 74.6 72 70.9 69.4 68 66.3 64.7 61.4 59.8 58.9 58.3 57.6 57.1 56.8 57.3 57.1 57.1 62.2 65.5 67.4 69.7 62 62.2 65.7 67.1 67.9 68.5 70.3 72.1 76.3 78 78.2 77.7 74.2 73.5 72.6 71.9 71.4 71.2 71.2 71.2 71.9 72.9 73.8 74.7 75.4 75.7 75.5 75.7 75.9 76 75.5 74.6 73.5 71.9 68.8 71
57.6 55.7 55.1 55 54.6 53.9 54.3 54.8 54.6 89 94.1 97.4 98.7 98.9 96.2 93.4 89.5 86.2 83.2 81.8 79.3 76.4 74.3 70.3 69.1 67.4 65.2 58.7 59.3 59.5 58.6 57.8 57.1 56.6 56.4 57 60.6 66.6 67.3 68.1 68.8 68 66.4 62.4 62.7 66 67.4 68.9 70.8 72.5 73.9 75.6 75.7 75.6 73.2 72.8 72.3 71.7 71.2 71.2 71.4 72.3 73.5 74.2 74.9 75.7 75.8 75.8 75.6 75.6 75.9 76.1 75.1 74.2 73.4 72.9 70.1 71.3
59.4 55.9 55.3 55.1 54.7 54.4 54.2 55.3 55.1 65.1 90 93.5 95.3 95.8 94.3 91.9 88.5 85.8 83 81.7 81.1 78.3 73 69.9 63.9 59.4 58.8 58.9 59.2 59.4 58.5 57.4 57.5 67.6 69.4 67.7 67.8 68.4 69.4 69.8 69.9 68.8 67.2 64.9 62.4 65.5 67.4 69.1 70.8 72.4 72.3 72.7 72.9 73.1 72.2 71.7 71.2 71.2 71.2 72 73.4 73.8 74.6 75.3 75.9 75.6 75.5 75.4 75.6 75.9 75.9 76.1 75.7 75.3 74.9 74 70.3 72.1
61.2 58.3 55.6 55.4 55.1 55.1 52.9 55.5 55.7 55 85.5 89.5 91.9 92.5 91.5 89.3 86.7 83.4 80.4 79.6 78.1 75 71 61 60.5 59.9 59.4 59.1 59.1 59.1 62.1 68.9 73.8 73.8 72.7 71.7 71.4 71.2 71.9 72 71 69.6 68.4 67 64.1 64.9 67.4 69.1 70.7 72.4 72.1 71.8 71.9 72.8 73.5 72.9 72.2 72.9 74 73.7 74.1 74.6 75.3 76 76.8 77.3 77.1 76.7 76.6 76.9 76.6 76.6 76.8 76.5 76.1 75.5 72.9 73.3
62.9 59.8 58.4 55.7 55.5 55.6 55.8 53 55.8 55.9 82.3 85.6 88.5 89.2 88.6 86.5 84.3 80.7 78.4 78.2 76.4 71.5 63.4 60.6 61.5 60.9 60.3 59.6 63.5 69.6 72.8 75.9 76.3 75.9 75.8 74.8 74.6 74.5 74.4 74.3 72.6 71.2 70.3 69.2 68 65.4 68.1 69.6 70.8 72.4 72.4 72.8 73.7 74.5 75.2 75.9 75.2 75.8 75.9 75.5 76.1 76.6 77 77.5 77.9 78.6 78.7 78.2 77.6 77.7 77.7 77.8 77.9 77.7 77.1 76.4 75.3 72.9
65.1 61.3 59.7 58.6 55.8 56.3 56.4 56.1 56.6 58.2 78.6 82 84.9 85.8 86 83.7 80.9 76.5 77.3 74.6 69.8 63.2 61.7 61.8 62.2 62.3 68.4 71.3 72.9 75.5 77.1 76.9 78 77.9 77.9 77.8 77.5 77.3 77.1 76.2 74.5 72.7 70.9 70.8 70 66.6 69 71.3 72.5 73.3 74.1 74.8 75.4 76.2 76.8 77.5 78.2 78.1 77.8 77.4 78.1 78.5 79 79.5 79.9 80.2 80.4 79.9 79.4 79.3 79.1 79 79.1 78.7 78.1 77.6 75.5 73.4
67.4 62.4 61.2 60.1 59.2 56.9 56.8 56.5 54.2 60.5 75.1 78.6 81 81.9 82.6 81.4 76.3 74.6 68.5 63.3 62 62.9 63.2 64.3 63.8 68 72.5 75.3 76.7 78.5 79.5 79.7 79.8 80 79.5 78.9 78.7 78.5 78.3 77.7 76 74.2 72.4 71 70.4 68 70.9 72.7 73.8 74.4 75.3 76.1 77 77.7 78.3 79 79.6 80 79.6 79.6 80 80.5 81 81.3 81.4 81.6 81.7 81.9 81.6 81.5 81.4 81.3 81.3 80.1 79.5 79.2 75.7 76.1
69.3 63.3 62.3 61.5 62.5 57.1 57 56.9 55.5 61.4 71.9 75.3 77.1 77.8 78.4 77.1 72.8 65 62.7 62.8 63.3 64.2 64.6 66.7 68.5 66.5 73.9 76 79.3 80.1 80.7 81.2 81.5 81.2 80.6 79.9 79.8 79.7 79.5 79.3 77.5 75.7 73.9 71.6 69.2 69.6 73 74.2 74.9 75.6 76.5 77.4 78.3 79.5 79.8 80.3 80.9 81.5 81.5 81.5 82 82.4 82.6 82.7 83 83.4 83.7 83.9 83.9 83.8 83.7 83.6 83.5 82.2 81.2 79.1 74.5 77.3
70.7 63.6 62.9 62.3 62.9 57.8 57.7 57.6 56.7 59.2 69.1 72 72.8 72.3 72.1 67.6 63.3 63.6 63.6 64.2 64.8 66.1 67.7 70.2 74.7 67.4 73.7 78.8 80.9 81.5 81.9 82.1 82.1 82.2 81.7 81 80.9 80.8 80.7 80.5 79.1 76.8 74.7 72.7 69.7 72.6 74.4 75.1 76 76.8 77.8 78.7 79.6 80.9 81.7 81.9 82.3 82.8 83.3 83.5 83.7 84.1 84.4 84.7 85.1 85.4 85.7 86 85.5 85.5 85.5 84.9 84.5 84.1 82.5 79.3 74 77
70.8 63.9 63.4 62.8 62.9 58.3 58.3 58.2 57.5 57.6 63.1 65.6 64.7 64.9 64.7 64.3 64.8 65.1 66.8 68.7 69.7 70.9 73.6 77.4 79.2 76.1 73.9 79.3 81.8 82.6 82.8 82.8 82.8 82.8 82.8 82.1 82 81.8 81.7 81.5 80.2 78.2 76.1 74 71.3 72.8 75.4 76.4 77.3 78.2 78.5 80 80.9 82.2 83.6 83.9 84.4 85 85.5 85.5 85.9 86.2 86.5 86.8 87.2 87.5 87.8 88.1 87.5 87.2 86.7 86.1 85.4 84.5 82.2 79.9 75.5 77.3
70.4 65 64.3 63.7 64.4 58.9 57.1 57 56 57.6 58.9 60 64.7 64.8 64.5 70.2 74.7 78.8 78.1 77.6 78.1 79.2 80.7 81.9 82.1 80.5 73.3 78.5 82.3 83.2 83.4 83.5 83.5 83.5 83.5 83.2 83 82.9 82.5 82 80.7 79.3 77.2 75 72.5 75.4 76.8 77.7 78.6 79.5 80.1 80.7 82.2 83.8 86.5 87.1 87.8 88.1 88.3 87.8 88.1 88.4 88.8 89.1 89.4 89.7 89.7 89.1 88.3 87.9 87.5 86.7 85.9 84.7 81.9 79.9 77.6 77.5
71.5 66.1 65.3 64.7 60.5 59.6 57.6 58.9 58.6 58.9 59.2 59.9 65.2 69.4 73.5 79 80.7 80.8 80.6 80.1 81.1 82.7 84.4 85.3 84.8 82.6 75.6 75.8 81.2 82.7 83 83.2 83.4 83.6 83.8 84.1 83.9 83.5 83.1 82.4 81 79.8 78.7 76.4 74.1 76.1 78.2 79.1 79.9 80.8 81.8 83.1 87.8 89 89.9 90.5 90.7 90.9 91 90.7 90.4 90.7 91 91.4 91.7 91.3 90.7 90.1 89.3 88.5 87.9 87.1 86.2 82.8 81.8 78.5 78.3 80.7
70 67.5 66.9 66 59.7 59.7 59.4 59.7 59.9 60.1 59.9 60 71.5 77.6 80.5 80.9 82 82.7 82.7 83 84.3 86 86.3 87 86.8 87 82.3 77.2 79.9 82.1 82.6 82.9 83.2 83.6 84.2 84.5 84.4 84.1 83.8 82.7 81.7 81 79.8 78.1 75.4 77.9 80 81.2 82 82.8 85.6 89.6 91.7 92.6 93.1 93.3 93.5 93.8 93.7 93.5 92.6 93 93.3 93.6 93 92.3 91.7 91 90.3 89.2 87.8 86.9 83 83.2 82.7 81.1 79.1 80.6
68.5 67.7 66.9 65.9 59.9 60.3 60.6 60.8 60.7 60.5 60.4 72.8 75.2 78.9 81.2 82 82.9 84 84.9 85.9 86.5 86.7 87 87.8 88.8 90.5 86.9 82.9 78.9 82.7 82.8 83 83.4 84.3 85.4 84.8 84.7 84.6 84.4 83.5 82.4 81.3 80 79.4 77.5 79.6 81.9 83.9 84.7 87 90.9 96 95.3 94.9 95.5 96 96.4 96.6 96.4 96.2 95.5 95.2 95.2 94.6 94 93.3 92.7 92 90.7 89.1 87.7 85.2 83.5 84.5 85.7 83 81.8 79.7
67.8 67.8 67.4 65.9 60.8 61 60.8 60.6 61.6 61.4 61.2 75.5 77.6 79.9 81.8 83.1 84 85.4 86.8 86.9 87.1 87.3 87.7 88.3 91.1 93.4 92.5 88.2 82.2 78.7 83.4 83.5 84.3 85.4 85.4 85.2 85.1 85 84.6 83.2 81.9 81.4 81.4 79.4 80.8 81.9 83.9 86 88.2 90.5 92.7 94.9 96.5 97.3 97.8 98.3 98.8 99 98.5 98.1 97.6 97.2 96.6 95.9 95.3 94.7 94.1 92.7 90.8 89 87 84.9 84.6 88.1 92.9 93.1 83.8 82.2
68.8 68.7 68.6 65.6 61.4 61.6 61.4 59.9 61.9 62 62.2 79.3 79.3 81.3 82.6 83.8 85.7 87.3 87.7 87.8 87.8 88.1 88.5 90.5 93.4 95.3 95 91.4 85.6 82.1 80.5 85.4 87.4 87.3 86.1 85.5 85.3 84.8 84.7 83.6 82.8 82.3 81 82.8 83 84 85.9 87.9 90.1 92.2 94.2 96.2 98 99.4 99.9 100.4 100.5 100.4 100.4 100 99.5 99 98.7 98.1 97.5 96.8 95.8 92.3 92 87.1 86.3 85.9 85.1 90.8 98.1 101.1 101.8 91.5
69.6 69.5 69.3 63.3 62.4 62 61.8 61.2 62 62.2 62.4 80.5 81 82 83.1 84.4 87 88.5 88.6 88.6 88.6 89 92.1 94.3 95.1 96.2 94 92 88 84.6 82.3 87.5 89.1 89.4 88.7 87.5 86.5 86.1 85.9 84.6 84.1 83.4 81.9 82.4 84.5 85.8 87.8 89.9 92 94.2 95.9 97.7 99.6 101.4 102.1 102.1 101.9 101.8 102 101.9 101.5 100.7 100.8 100.2 99.7 98.3 96.8 88.6 86.4 86 88.6 91.6 85.8 90.6 101.5 105 105.8 107.5
70.8 70.7 70.5 63.9 62.6 62.6 61.3 61.5 61.4 61.4 63.4 81.4 82.1 83.1 84.1 86.3 88.3 89 89.3 89.4 89.5 91.6 94.8 96.4 96.5 96 93.6 90.8 87.5 84.5 84.5 88.1 89.2 90.1 90.1 89.6 88.6 88.1 87.3 86.2 85.6 84.8 83.9 83 85.4 87.6 89.7 91.9 94 95.7 97.5 99.3 101.1 103 103.7 103.5 103.3 103.2 103.4 103.5 103.4 102.4 102.3 101 99.8 97.8 88.9 87 86.5 87.2 94 94.4 91.5 91.3 105.6 107.7 110.2 111.1
72.1 72 71.8 63.6 63.4 61.8 62.7 62.3 62 61.8 64.5 79.3 82.9 83.9 84.7 87.1 88.7 89.4 89.8 90 90.1 89.7 96.9 98 97.8 95.8 91.3 87.6 85.3 84.1 85.9 88.2 90.3 91.1 91.4 90.8 88.2 88.1 88 87.5 86.8 85.9 85.1 83.9 86.7 89.5 91.5 93.9 95.6 97.2 99.1 100.9 102.5 103.8 104.6 104.9 104.6 104.6 104.8 104.6 104 103.2 102.5 101.7 99.4 95.3 87.5 86.7 87.8 94.3 97.2 97.3 90.4 96.1 107.1 110.5 112.1 114.4
73.4 72.8 63.7 64 62.8 64.1 63.7 62.9 62.5 62.3 65.3 78.3 84.2 85.2 86.2 87.7 89 89.8 90.4 90.6 90.9 91.1 99.2 100.3 98.9 95.5 90.1 86.3 85.4 85.2 86.7 87.6 88.1 89.3 89.7 89 88.5 88.7 88.6 88.3 87.6 86.9 86.3 84.9 87.5 91.7 93.2 95.4 97.1 98.8 100.4 101.8 103.3 104.3 105 105.7 106 106.1 105.6 104.9 104.3 103.8 103.3 101.4 97 88.8 86.6 87.7 93.7 99.6 99.9 100 90.9 101.2 108 113.1 115.8 120.9
70.1 71.9 65.1 63.5 64.9 64.6 64.2 63.7 63 63.5 65 73.8 86.4 87.3 88.2 88.7 89.6 90.5 91.4 91.6 91.8 91.6 99.3 102 100.2 94.6 88.3 86.3 86.3 86.4 87 88 88.6 89.5 89.5 89.2 89.2 89.3 89.1 88.9 88.4 87.7 87 86.9 89.8 92.3 94.6 96.6 98.3 99.8 101.2 102.6 104 104.7 105.4 106.1 106.7 106.5 105.9 105.2 104.6 103.9 101.8 97.2 90.2 88 88.5 93.6 102 102.5 102.5 100 92.8 104.4 111.9 116.5 124.2 129.4
