app/static/ascii/NJ30.asc
ncols 200
nrows 200
xllcorner 330000
yllcorner 800000
cellsize 50
[rows 35 to 69 of 200, columns 0 to 77 of 200]
453.6 469.1 482.2 493.5 502.6 510.5 514.4 517.6 516.5 515.3 517.1 520 526.6 533.4 542.9 552.5 553.8 555 553.5 549.8 543.9 538.7 533.9 526 517.7 507.3 495.9 486.2 479.4 467.7 460.5 455.6 450.5 450.1 450.7 456.7 461.8 464.9 465.6 463.7 459.4 454.1 448.1 441.8 434.2 426.1 415.7 405 395.7 392.8 394.2 395.5 395.4 393.9 392.3 388.9 388.5 401 409.5 416.2 421.6 427.4 434.6 443.7 452.5 462.4 471.2 481.8 499.1 510.3 518.9 519.7 514.5 504.5 501.3 499.2 498.9 499.6
446.6 461.1 473.7 485.6 497.7 507.7 515.3 520.1 520.9 522.3 524.5 530 536.1 542.1 553.1 559 559.8 558.6 556.5 552.7 548 543 537.7 530.6 524.2 514.2 503.2 492.2 482.7 471.6 464.1 459.1 455 456.5 460.5 467 470.7 473.5 472.2 468.9 462.9 455.8 448.2 440.6 430.6 417.6 404.8 398.3 400.1 402.8 402.4 402.1 401 398.6 396.8 393.8 386.5 402.5 412.1 419.7 426.5 432 438.5 446.4 455.5 464.7 474.2 485.4 499.2 512.3 520.6 521.4 516 507.4 503.7 501.5 501.3 502.2
436.4 452.4 464.9 477.5 490.7 500.1 511.7 519.5 523.6 527.2 532.8 538.6 544.8 553.5 561.6 565 566.1 566.2 563 557.8 553.2 548.3 543.9 536 529.3 519.9 508.6 497 486.1 475.3 466.7 460.7 461 463.6 470.5 476.6 479.8 479.9 476.6 472.7 465.8 456.8 448 436.5 422.7 406.7 402.9 409.2 412.8 413.5 411.5 409 406 403.2 401.1 399.2 389.7 403.6 413.6 422.2 430 437 443.8 451.2 459.4 468.9 478.1 487.6 499.2 513 521.2 522.1 518.2 510.3 505.4 503.5 502.7 503
433.5 445.5 457.3 468.9 481.4 492.9 504.1 515.2 523.9 529.4 536.7 545.4 552.2 559.4 569 575.2 576 574.4 572.1 566.5 559.4 553.5 548.3 541.4 532.7 523.1 510.3 500.6 489.3 476.9 469.2 466.9 469.4 475.3 481.3 485.5 487.3 486.3 481.8 474.9 466.7 457.2 445.7 431.3 415.6 407 415 423.9 425.7 424.7 421 417.2 412.1 408.8 406 403.3 396.9 401.9 415.2 424.4 432.6 440.4 447.6 455.3 464.6 474.4 482.1 491.8 504 514.9 523.1 524.9 522.4 515.3 507.6 506 504.6 503.8
433.3 442.4 451.9 463 475.1 485.8 497.2 509.7 520.3 529.4 539.1 550 557 563.9 577.3 585 586.4 586.1 580.7 573.7 566.8 558.2 552.2 543.4 535.5 523.1 510.7 501.6 490.7 477.7 474.5 478.1 480.5 485.2 490.1 493.2 494.6 491.8 486.6 476.9 467.3 455.7 441.6 426 409.2 419.1 428.1 436.6 440.1 436.3 430.6 424 418.9 415 411.5 407.5 404.3 398.3 413.5 424.5 434.6 443.2 450.8 458.4 467.4 477.6 487.2 497.3 507.5 517.3 525.4 529.7 527.9 520.6 513.1 508.5 507.3 505
432.5 442.9 451.4 460.7 470.7 481.7 493.5 505.8 516.9 527.7 539.6 550.4 559.4 568.7 582.2 591.7 594 591.2 588 579.1 571 563.4 553.2 544.2 533.1 522.2 513.4 498.7 487.7 484.8 485.5 487.7 492.2 495.9 498.4 500.1 499.5 496.9 489.3 479 468.1 453.4 437.6 422.5 416.9 431 440.4 447.5 450.1 446.6 439.5 432.2 425.7 421.6 417.2 413.3 411.1 405.2 404.6 420.6 432.3 442.6 452.1 460.4 467.6 477.7 489.7 500.3 511.6 522.6 530.7 534.3 533.4 526.8 518.7 512.3 510.5 508.4
436.3 440.8 450.9 460.2 470.4 479 489.6 502.8 516.6 527.1 537.7 549 561 570.8 583.3 591 594.9 594.9 590.6 581.2 573.4 567.2 553.9 541.9 532.1 522.2 512.8 495.7 496.9 499.2 500.8 501.1 502.8 505.1 506.5 504.9 502.6 498.8 490.8 480.5 468.2 450.6 436.2 421.6 425.2 440 451.4 458.6 459.2 455.4 447.6 439.3 432.6 428.2 423.8 419.7 417.1 413.4 407.1 410.1 428.2 439.3 448.9 458.9 468.2 480 493.3 506.7 518.3 529 536.2 539.9 540.5 534.8 525.4 515.9 514 512.1
445.8 448.4 452.5 459.9 470.6 480.2 489.2 503 516.1 526.6 536 549.7 561.5 571.3 581.4 591.1 594 593.2 590.2 581.9 573.1 567.9 552.2 539.4 531.2 522.3 507.5 508.7 512.8 514.9 516.1 515.4 515.2 514.9 512.8 509.7 506.2 500.2 492.3 481.3 466.6 448.8 436.3 420.5 432.5 447.5 459.5 468.2 468 463.3 455.1 446.6 438.6 433.6 429.3 425.3 422.8 419.7 415.3 406.7 421.1 435 448.5 460.6 472.2 486.4 501 515.2 526.7 538 545.4 547.6 548.4 542.7 533.8 523.1 517.3 515.5
455.6 455.7 459.5 464.6 473.7 482.8 492.7 504.2 516.5 528.3 536.4 550.8 562.3 571.9 579.8 589.9 593.9 594.1 589.5 581.3 571.7 558.9 548.7 539.2 531.2 519 514.4 521.1 525.2 528.8 527.9 527.3 524 521.6 517.8 514 508.3 501.4 492.8 480.3 464.7 448.7 436 421.9 439 453.5 465.1 473.7 474.9 469 462.5 453.6 445.2 439 435 430.9 428 424.9 421.3 412.1 416.9 434.3 449 462.4 477.4 492.9 508.5 523 535.5 546.4 554.4 559 560.8 553.4 543.1 533.9 526.5 520.9
463.9 463.8 466.9 469.9 479.4 488.5 496.2 506.4 520.2 530.9 540.9 553 562.9 573 581.1 587.2 592.6 593.7 585.8 577.5 565.2 556.3 548 540.1 527.7 521 529.7 533.4 536.1 539.4 539.3 535.9 531.1 526.2 522.1 516.4 510 502.4 492.6 479.7 462.6 448.3 433.7 429.3 445 459.5 470.3 479 480.4 476.8 470.4 461.8 453.6 445.8 440.4 437 433.9 430.2 426.3 415.7 413.7 433.4 448.9 464.2 481.3 499.3 515.5 530.7 543.9 557.1 565.7 571.3 570.4 562.8 552.8 542.3 534.4 528.6
471.3 472.9 475.7 481 486.9 493.8 502.7 513.5 524.4 534.5 545.4 554.7 564.7 575.3 583.4 588.6 591.1 590.6 582.5 570.1 559.8 552.6 545.3 536.8 531.3 535.7 539.7 543.5 547.7 550.4 549.9 544.3 537.5 531.9 524.7 518 510.5 501.8 491.6 478.3 461 446.8 431.2 436.4 450.6 465 476 485.3 487.1 484.6 479.5 471.3 463.7 455.6 449.9 445 440.2 435.8 429.6 421.9 412.8 433.6 449.7 466.3 485.3 503.4 520.6 536.4 551.8 565.9 574.6 579.1 577.2 570.4 558.8 547.9 539.4 533.9
481.4 482 484.3 487.7 493.6 500.6 509.4 519.5 529.6 539 548.6 558.5 569.3 578.9 586.4 590.9 592.3 588.1 581.8 567.6 557.9 551.2 545.2 540.1 542.5 543.2 549.9 554.1 556.5 559 556.8 551.6 543.2 533.8 526.2 518 509.7 500.1 489.6 476.8 459.5 444.6 431.5 443.5 457.2 470.4 482.9 491.9 494.2 493.5 489.2 482.5 475 467.3 460.4 453.4 447.2 441.1 432.9 415.3 416.9 434.2 450.9 468.7 487.7 506.2 523.3 540.1 556.8 571.4 579.9 583.2 582.3 576.2 563 553.2 543.1 537.9
489.6 490.6 492.2 494.3 501.9 508.4 515.8 527.3 537.4 545.9 554.7 565.2 575.3 583.1 590 593.8 593.1 589.1 581.7 567.2 558.5 553.5 548.8 551.9 552.8 555.4 559.5 562.4 564.2 565.5 563.4 556.5 546.4 535.8 526.2 516.9 508.3 497.4 487 474.2 458.7 443.5 435 448.4 462.2 476.1 488.7 498.5 502.1 501.8 499.7 493.7 485.9 477.6 469.8 462.1 454.3 444.7 431.5 417.3 419.3 434.3 450.3 469.8 488.3 506.5 524.6 542.3 558.6 571.2 580.4 585 584.9 578 567.5 558 549.2 541.1
500.2 501.2 504.4 506.4 509.7 514.8 522.9 537.1 546.3 554 562.1 570.5 580.2 587.8 593.7 597.3 595.2 590.2 581.2 568.7 562.8 559.8 557.6 559.9 562.9 565.6 567.2 569.2 570.8 571.6 569.1 559.7 549.1 537.2 526.4 515 505.8 493.5 484.4 470.5 457.1 444.8 439 453.5 467.5 481.8 494 505 511.8 513.4 509.9 503.8 496.8 487.2 477.5 468.8 458.4 448.2 433.2 419.8 424.2 436.4 450.5 470.3 489 505.9 523.2 541.9 557 568.8 577.3 582.7 583.7 579 570.6 562.1 554 545.1
508.8 512.5 514.4 515.9 518.8 521.2 530.9 545.3 554.2 561.8 569.3 577.3 588.3 596.4 601.6 601.2 598.3 591.3 581.4 574.6 570.5 569 566.6 568.1 570.6 571.5 573.9 575.3 576.7 573.7 569.8 562.6 549.8 537.3 526.2 512.6 502.4 489.4 481.1 467.2 455.4 443.9 443.6 458.6 472.7 488 500.8 512.1 521 523 519.1 513.8 505.4 495.3 484.9 473.4 462.3 450.1 436.5 423.4 428.5 440.5 454.6 471.9 488.4 504.9 521.9 540.4 554.7 565.5 574.2 580 584.9 582.5 575.4 566.7 558.6 549.4
516.7 519 522.3 524.4 527.2 531.6 539.3 552.3 563 570.6 576.9 585.9 596 603.4 606.4 606 602.9 595 583.9 580.8 577.6 576.6 578.9 580.6 583 582.6 581.6 581.3 579.9 576.2 570.2 561.5 550.1 537.2 525.7 512.2 499.5 487.8 479.4 464.9 454.9 448.4 448.5 463.5 478.7 493.2 506 518.6 528.1 531 527.8 522.5 513 502.1 490.2 477.9 466.1 451.6 438.5 425.9 428.6 441.6 457.3 472.9 488.6 504 520 538.1 551.5 561.4 570.5 578.4 584.6 585 579.1 570.8 561.6 552.3
528.3 527.2 531.9 533.4 533.9 537.2 543.7 555.4 567.2 577.4 584.4 593.5 602 607.8 611.9 611.2 606.6 601.2 594.7 591.1 590.2 589.3 588.4 590.8 590.9 590.6 588.6 586.7 583.7 577.7 570.6 559.6 549.2 535.6 525.1 509.8 495.7 486.8 476.6 468.7 461.9 450.9 450.5 466.2 482.1 497.1 510.9 524.5 536 538.3 536.5 529.2 518.9 506.2 492.9 479.9 466 451.3 436.9 432.5 436.8 436.8 452.6 471.4 486.7 501.4 517.2 535.5 545.8 555.3 564.7 572.2 577.6 580.8 578.4 571.1 561.7 551.9
527.5 530.6 534.3 537.7 539.3 542.1 546.9 558.1 568.6 581 588.8 598.6 606.9 615 618.4 616.7 611.6 605.9 602.5 599.6 597.7 598.1 599.7 603.7 600.3 598.6 595.3 592.6 588 580.9 570.2 559.7 548.6 535.4 524.9 509.6 498.5 487.3 478 475.9 466.4 453.6 452.3 467.7 483.1 499.7 514 529.3 539.9 544.4 542.7 534.4 521.1 507.5 494.2 479.5 465.1 449.7 433.7 440.8 445.2 447.2 446.6 466.3 482.8 496.9 513.6 529.2 539.3 548.4 557.3 565 570.3 574.3 572.4 568.1 558.7 549.7
524 527.8 533.7 539.2 541.7 545.1 549.2 558.6 567.7 580.1 588.7 598.5 610.3 618.5 621.2 618.9 615.2 612.3 609.1 607.8 606.4 607.4 612.6 616 611.1 606.5 601.8 596.9 590.3 582.6 571.5 559.8 546.8 537.6 521.5 510.4 501.3 490.9 484.9 478.7 468.3 455.6 453.4 468.4 484.2 499.9 515.8 529.6 541.4 548.5 548.4 535.6 520.8 507.1 493.1 477.7 462.5 447.8 439.7 451.4 454.5 455.9 458.3 458.7 474 490.2 507 521.1 531.9 541.5 550 557.8 564.3 568.8 568.8 564 555.8 547.2
518.3 523.8 529.4 534.9 539.6 543.7 548.9 556.7 565.4 575.9 586.6 599 607.7 614.5 618.3 619 617.6 616.8 617.5 618.5 620.9 623.2 625.7 626 618.3 612.5 606.2 600.5 592.9 584.1 573.5 559.9 549.6 537.1 520.9 510.8 501.8 494.5 488.1 479.9 469.9 460.5 458 466 482.9 499.1 514.6 528.4 539.5 547.8 546.1 534.6 519.5 505 491.8 475.3 459.4 442.8 447.3 457.7 462.7 465.2 472.5 478.2 480.2 482.6 499.6 512.3 524.1 535.2 543.5 553.8 560.4 564.2 564.2 560.3 552.9 543.3
508 513.4 520.8 528.4 534 540.4 545.7 552.7 560.8 571.3 581.8 593.4 601.6 606.1 609.4 616.1 619.4 621.4 623.2 625.8 628.8 632.6 636.4 637 626.8 617.2 609.6 603.5 596.4 585.4 572.1 563.9 553.6 537.4 524.8 515 506.3 498.5 489.6 483.2 474.4 469 465.1 463.3 477.7 495.7 511.3 525.1 536 542.3 540.6 530.6 517.3 503.1 489.3 473 457.2 448.1 458.5 466.6 471.8 476.7 484.7 490.7 493.1 495.2 494.1 507.3 518.6 528.9 540.1 550 557.8 561.4 561.9 556.6 550.6 541
487.8 498.2 507.5 515.9 524.1 531.2 540.7 546.4 555.3 564.6 572.1 581 590.5 597.4 601.8 609 617.9 622.7 628 632.8 636.3 641.9 652 647.4 636.2 625 614.2 606.6 600.5 588.8 574 566.1 554.5 543 533 521.2 509.6 498.9 493.4 488.1 482.2 477 472.5 473.5 472.1 491.7 507.8 521.7 532.3 538.4 537.5 528.5 515.9 503.1 487.6 471.9 453.2 457.7 466.4 475.4 480.3 487.3 497.4 501.2 503.6 504 503.5 501.8 512.8 525 538.6 550 557.6 560.8 559.9 556 550.6 538.4
462.8 480.6 493.6 503.7 512.5 520.8 529.7 538.5 546.4 554.3 560.3 567.1 575.7 583.7 594.3 603.4 614.1 623.4 629.6 636.2 644.2 649.7 658.1 654.3 644.1 631.4 618.4 611.3 603.9 594.6 578.1 567.8 561 551.7 539.8 526.5 513.5 506.8 499.5 493.5 488.3 483.2 480.3 481.4 475.4 486.6 504.2 518.1 529.2 537 535 526.3 516.4 502 484.8 471.8 455.8 461.7 475.1 485.3 490.7 500.7 510.3 514.5 515.9 513.1 512.7 514.6 516.2 524.7 539.6 551.8 559.1 563.6 561.9 558.2 552.4 542.2
465.9 465.9 477.8 488.5 497.6 508.1 518.4 527 534.6 541.3 547.7 555.1 562.4 569.9 580.8 592.9 606.6 620.1 629.2 638.2 647 653.7 660.2 659.1 649.8 636.9 623.5 613.8 606 598.7 587.3 572.1 567.1 558.1 541.6 530.9 524.4 516.3 507.4 500.1 494.4 489.4 489.2 491 486 482.5 501.4 515.5 527.3 535.3 534 526.1 515.5 501.5 487.6 474.2 461.5 469.3 482.8 494.1 500.9 512.8 524.1 528.7 529.6 527.8 528.1 527.1 530 531.5 542.7 554.5 563.9 568.8 568.1 563.2 557.1 548.3
486 479.4 472.3 477 482.3 491.8 503.8 514.5 521.5 527.9 532.9 540.6 549.5 560 570.3 582.5 595 609 622.4 633.9 645.2 655.9 664.5 663.7 653.4 641.1 632 618.5 611.5 602.9 594.9 582.6 571.5 562.4 553.2 542.6 532.6 523.8 515.4 508.2 501.6 499.9 500.9 500.4 497.2 487.9 496.7 514.7 525.9 534.8 533.6 528 520.8 505.9 490.4 479.2 468 472.7 488.6 501.6 510.9 525 537.2 543.7 547.3 545.7 546.3 546.7 545.6 545.4 548.8 560.3 569.8 573.9 574.6 570.7 564.4 553.6
501.4 498.7 490.7 487.2 485 483.3 487.9 499.2 506.2 509.9 516.5 526.7 536.2 549 560.8 572.8 585.4 598.4 612.8 627.3 639.6 652.2 661.8 661.5 653.2 644.7 634.8 626.4 619 608.3 599.6 588.4 578.9 572.2 563.7 553 541.8 531.1 523.5 516.9 510.4 509.8 510.6 510.9 509.5 503.3 493.9 514.1 526.6 535.4 538 533.2 525.4 511.5 497.1 486.4 476 473 492.1 507.6 518.8 533.6 548.2 556 560.7 563.6 565.6 566.2 563.9 561 560.7 568.2 576.9 581.7 583.1 579.3 571.8 562.1
510.1 515 508.4 502.4 495.7 493.8 490.9 491.7 495.6 500.3 504.5 507.9 520.8 536.9 549.9 563 576.5 589 602.1 616.9 630 644.4 656.1 659.6 653.7 646.9 637.2 630.7 624.6 615.3 605 595.6 588.7 582.6 574.3 566.1 555.2 545.3 534.3 527.5 521.8 521.1 523.3 522.9 520.4 515.4 500.9 516.1 528.9 539.5 541.5 538.7 531.2 520.1 504.4 494.3 483.9 474 494.5 510.9 525 540.7 558 566.7 573 578.1 579.9 581.4 582.6 578.5 574.4 581.9 587.5 591.6 590.6 587.2 578.4 568.4
518.7 526.9 528.9 523.7 515.2 507.1 502.9 503.5 506.2 511.5 515.9 516.8 512.2 522.2 541.3 554.1 567.3 579.8 592.1 606.4 620.4 635.5 649 654.9 655.6 648.6 641.2 635.9 629.9 622.1 609.1 603.6 598.7 595 588.7 577.7 569.4 557.6 551.2 541.3 538.6 538.6 537 534.9 532.8 526.8 512.3 518 534 544 547.5 545 539.2 529.4 512.6 501.7 491.8 483.2 491.4 512.5 528.2 547 564.1 576.7 584.4 590.3 594 598.5 599.3 597.3 593.1 596.8 599.5 601.4 600.3 596.4 587.9 577.5
525.4 536.1 541.4 540.4 534.6 526.3 518 520.7 520.8 527.4 530.2 530.8 528 517.4 530.8 545.4 558 570.4 582.8 596.8 610.8 625.7 640.4 649.3 652.8 649.2 644 640 634.1 627.3 621.8 617.6 615.6 608 602.4 595.4 586.4 574.8 565.5 558.8 556.1 552.8 548.6 545.2 541.9 537.1 524.2 522.8 539.7 550.5 554.9 553.1 547.2 538 521.5 509.5 501.2 492.3 485.8 510.3 530.3 549.6 570 583.2 593.6 601.4 607.6 611.9 615.2 615.1 612.3 614.9 616.4 616.5 613 605.1 596.4 585.7
531.3 541.6 548.5 552.3 549 546.6 539.5 536.6 535.1 536.9 537.6 537.5 535.6 529.3 523.1 537.1 550.9 562.4 574.4 589.6 603.5 615.9 631.1 644.4 649 648.9 646.2 642.3 637.6 634.7 630.6 627.9 626.3 622.6 616.1 608.5 599.3 589.4 577.9 572.5 569.2 565.6 560.6 554 549.1 543.2 528.7 530.3 547.9 557.3 562.9 562.9 556.7 548.9 532 521.8 510.8 501.7 490.4 505.8 531 551.9 574.1 589.5 601.7 610 617.1 623.9 627.1 629.3 629.6 630.1 633.3 632.7 627.6 617.7 606.3 594.6
534 544.4 554.4 560.1 559.7 555.3 548.3 545.5 543.7 544.9 545.3 544.8 542.4 539.5 530 530.1 543 556.3 568.1 583.6 597.3 608.2 624.7 638.6 646.6 648.7 647 644.4 641.4 639.1 637.5 637.1 635.5 633.6 628.6 621.1 611.2 601.2 593.6 587 582.2 576.4 568.5 560 551.6 542.3 525.8 541.3 556.4 565.3 571.1 572.4 566.9 559.3 548.1 533.9 521.4 511.6 500.7 500.9 528.1 551.3 574.1 591.8 605.8 615.8 625 633 638 641.7 644.2 644.6 646.8 645.6 641.9 633.8 622.2 606.6
536.2 550.2 560.1 566.7 567.6 563.2 560.1 555.5 552 552.2 552.5 552 549.6 546.7 539.7 533.3 535.5 549.5 563.5 577.8 592.2 604.7 619.1 636.2 643.9 648.6 649.4 648.5 645.5 644.1 645.2 644.2 644.3 643.9 642.2 635 623.7 615.1 605.5 597.5 590.8 583.7 574.3 560.4 545.5 537 545.7 554.9 565.6 573.5 579.4 580.9 577.1 570.1 559.3 545.6 532.3 520.1 509.4 499.1 525.7 549.6 571.7 590.8 607.3 619.9 630.8 639.5 646.3 651.5 654.8 656.7 659.3 660.4 656.3 649.4 637.5 624.6
539.6 555.8 566.2 571.8 575.7 574.1 570 566.9 562.4 559.9 560.3 559.2 556.5 554.1 548.5 542.4 538.8 544.5 557.8 571.9 588 602.2 618.2 633.4 643 649.1 651.2 652.4 652 651.6 651.4 652.6 655.3 656.3 652.9 646.5 635.8 624.9 614.7 605.9 597.7 589.3 571.6 553.5 551.4 556.5 559.9 567.5 575.9 583 588.7 591 587 580.8 571 556.9 542 528.3 516.9 503.1 524.8 545.9 567.8 588.1 605.8 622.3 634.7 644.5 653 659.5 664.9 669.8 673.5 675.4 672.7 664.5 653.2 640.9
542.4 559.1 570.7 577.9 582.1 581.7 577.9 576.8 574.1 572.2 568.9 565.9 563.4 560.7 557.3 552.3 547.9 542.3 554.8 569.8 586.2 600.3 616.2 632.5 643.8 650.7 654.9 656.1 656.5 657.7 659.2 661.3 663 663 660.5 653.7 644.8 631.6 621.5 612.1 602 588.6 568.7 557.1 564.7 570 570.9 578.2 585.2 592.3 598.7 600.7 598.2 592 583.3 567.6 549.5 537.2 525.2 509.5 526.4 543.7 564.7 585.5 604.8 623.1 638.3 649.6 659.1 668 674.6 679.9 685.3 688.8 685.9 678.7 668.4 656.2
542.3 559.6 575.3 583.2 587.3 588.5 587.1 584.4 582.9 581.6 578.3 576.9 573.1 568.8 564.2 560.4 556.8 551.8 551 567.6 585.1 600.9 615 634.1 644.8 652.9 658.3 660.3 662.3 664.9 666.4 667.7 669.2 670.6 667.2 660.7 650.9 637.3 625.9 616.4 605.6 584.4 566.7 567.9 575.9 580.4 581.7 586.4 593.4 600.5 606.1 609.9 607.7 601.6 593.9 577.8 559.2 546.7 535.1 520.1 530.8 549.2 569.2 588.6 607.4 625.8 640.7 655.4 667.2 676.1 683.1 688.4 693.8 697.5 697.1 692.2 681.5 668.1
