app/static/ascii/NJ31.asc
ncols 200
nrows 200
xllcorner 330000
yllcorner 810000
cellsize 50
[rows 105 to 139 of 200, columns 78 to 155 of 200]
321.4 312.8 311.6 311.6 311.6 330.2 338.2 341.2 345.1 353.6 364 375.4 385.3 394.7 406.8 418.3 429.2 441.4 453.2 465.9 478.4 485.6 487.6 485.5 484.9 484 481.4 476.5 469.2 459.7 469 483.4 492.5 503 511.8 515.2 513.2 504.5 494.3 485.5 476.9 468 459.9 453 446.7 440.8 435.6 430.5 426.1 422.1 417.8 411.2 416.4 421 424.9 428.2 430.1 430 427.1 422.4 416.3 411.2 407.7 402.8 396.3 389.3 374.4 377.4 384.5 385.8 387.6 385.4 383.5 376.9 368.8 360.5 355.1 355.1
316.5 311.8 311.3 311.2 311.7 332.8 352.1 354.7 354 360.4 371.5 381.6 390.3 398.4 408.6 418.9 429.9 439.5 450.2 463.9 474.8 480.5 479.6 477.2 474.9 472.6 468 458.5 449.5 448.1 465.1 478.5 488.6 500.2 510.2 515.5 515.4 508.7 498.9 490.6 480 468.9 460.6 454.4 447.7 441.3 436 430.6 425.4 421 416.6 411.5 411 416.3 418.8 420.5 421.2 420.9 418.8 414.6 409.3 405.6 402 398 393.4 381.1 387.6 390.8 395.4 399.1 401.2 400.6 394.9 386 378.7 373.2 367.7 367.3
320.7 309.6 311 310.8 311.1 343.5 347.2 347.9 353.9 365.5 374.6 382.6 390.9 399 409.4 419.4 428.9 436.5 447.4 457.5 467.7 472.4 471.1 467.9 463.4 459.5 450.8 438.6 432.3 446.6 458.2 472.3 482.6 494.6 505.2 511.5 514.2 508.9 503.7 493.5 481.4 470.6 460.6 454.4 447.2 441 436.1 430.8 425.4 420.3 415.8 411 406.3 411.3 413.3 413 412.5 412 410.6 407.2 402.9 400 397.6 395 389.8 383.1 392 397.5 402.9 408.4 411.4 408.7 402.2 395 388.1 383.6 382 383.9
322.8 309.1 309.9 310.2 320.2 333.3 342.1 344.4 350.1 362 370.7 378.7 387 396.5 407.6 418.2 425.2 430.9 441.1 449.7 458.2 463.1 463 458.8 452.1 444.2 432.3 423.4 427.6 441 452.3 464 475.7 486.7 497.4 504 508 506.3 503.5 494.8 481.8 470 460.6 453.2 446.2 441.2 435.9 430.6 424.7 419.3 415 410.3 405.1 403.1 407.1 406.3 404.9 404 402.5 400.4 397.6 395.4 393.5 391.9 389.4 380.7 393.7 399.8 406.5 412.6 414.2 410.8 406.3 400.8 395.9 393.1 393.9 397.9
333 308.3 309.3 309.4 313.8 331.7 337.3 339.5 346.7 353.6 364.2 370.8 379.1 390.7 402.1 412.7 418.9 423.2 431.5 439.8 448.7 454.7 454.7 450.8 444.4 432.2 418.7 411.4 423.8 436.6 446.6 456.9 468 478.6 487.3 494.8 500.4 500.7 498.6 492.6 480.7 469.2 458.6 449.8 444.9 440.6 435.6 429.9 427.1 424.1 419.8 415.1 410.1 403.9 398.7 399.3 399.3 397.4 396.2 394.4 392.8 391.1 389.3 387.9 383.2 380.3 392.3 399.5 405.5 411.3 411.9 409.7 406.7 404.3 402.3 401.7 403.8 408.5
336.7 311.5 308.8 308.3 307.7 326 327.8 330.6 336.6 346.6 357.1 362.9 370 382.4 393.2 403.1 409.6 413.6 421.7 430 438.9 444.8 446.3 444.4 436.1 421.6 409.8 404.9 419.7 430.7 440.6 450.7 461.4 470.8 479.1 486.1 492.7 494.4 492.3 488.5 478.6 466.9 457.2 447.9 444.3 439.4 434.7 433.6 430.8 427.2 423.2 419.2 414.8 409.6 403.5 396.9 393.6 390.4 388.5 386.1 387 385.8 385.5 383.7 379.3 384.5 390.1 396.6 401.9 406.1 408.2 407.2 406.6 405.9 406 408.2 412 419.6
332.8 328.5 309.1 307.9 306.7 306.5 316.4 321.8 330.1 339.8 348.8 355.6 362.3 372.3 383.1 391.3 397.7 403.9 411.7 420.4 428.4 434.7 438.2 435.5 424.4 411.3 401.9 397.8 413.5 424.1 433.7 445.1 455.2 464.5 473.5 481.9 486.8 489.1 488.5 482.3 473.5 463.3 456 449 444.9 440.7 440.1 438.2 435.1 431.9 427.3 422.7 418.3 413.7 408.1 403.4 399.4 397.2 392.9 388.8 384.2 381.9 380.8 380.6 378.7 382.2 385.9 391.6 396.9 400.3 403.1 404.2 404.7 405.7 408.1 413 418.3 427.1
334.3 328.4 309.1 307.7 306.3 306.1 308.3 316.6 326.7 334.7 342 348.6 354.9 362.3 372.6 380.6 386.7 393.3 402.3 412.1 419.7 424.5 427.7 424.5 414.4 403.7 393.3 395.5 407.2 417.8 427.8 438.4 449.2 460.7 470 479 483.6 484.6 483.9 479.1 469.8 462 456.2 451.1 446.7 445.3 444.4 442.7 440.2 436.9 432.1 427.1 421.9 417.5 412.1 407.4 404 400.5 396.8 392.5 388.2 383 380.3 377.5 376.3 376.8 381.4 385.5 389 392.9 396.2 398.7 400.8 404.5 409.8 416.3 424.3 433.3
332.9 327.8 308.1 306.6 306.5 305.7 304.3 304.1 312.8 329.4 335.7 342.8 348.3 355.9 362.6 371.7 378.8 385.1 393.8 405.1 413.5 417.3 418 414.1 404.9 393.8 384 391.4 403.1 412.7 422.9 433.6 445.4 456.1 467.9 476.8 482.5 483.9 483.5 478.6 470.2 463.4 458.5 454.1 449.8 449.1 448.6 447 445.4 442.2 438.1 431.1 426.5 422 417.3 412.8 409.1 404.8 400 395.3 389.4 387.5 385.2 380.9 374.7 373.8 376 379.3 382.4 386 389.2 393 395.5 403.5 410.9 419 427 438
336 329.3 331 328.3 313.1 305.4 305.2 304.3 303.9 323.6 329 336.5 341.7 349 356.3 363.2 370.5 378.7 389.6 400.1 408.8 412.1 410.1 404.2 394 384.7 376.6 388.2 398.6 408.2 421.2 432.3 442.5 451.7 464.9 474.7 482 486.6 487.4 481.9 473.6 467 461.5 457 454.5 453.3 452.5 451.2 451.4 449.2 446.3 439.5 432.9 427.3 421.9 417.5 412.3 408.5 403 396.5 395.2 394.2 391.1 386.9 381.9 375.9 371.4 373.4 376.6 380.1 381.5 389.4 397.1 403.9 413.5 422.8 431.6 442.1
339.8 335.4 335.8 327.5 328.4 329.1 315.1 316.4 302.5 318.5 326.3 330.2 335.4 341.8 349.4 356.9 363.7 372.8 384.6 394.9 403.1 404.6 401.1 394.8 382.5 373.5 375.2 384.1 396 406.2 418.3 429.5 440.3 450.1 461.5 472.9 482.4 487.3 488.8 484.8 478.2 471.6 466 461.3 458.3 457.4 456.7 458.1 458.5 458.5 457 452.3 445.7 437.7 430.9 423.2 416.8 411.8 408 400.3 402.7 401.6 398.3 392 387.6 381.6 374.3 368.8 368.4 373.2 383.9 394.1 404.7 412.8 421.7 428.2 436.4 446.3
346.1 339.8 333.9 331.5 333.5 335.4 329.5 305.1 302.7 311.5 321.2 323.6 328.6 334.9 342.2 349.6 356.1 364.7 375.8 387.2 393.2 395.2 391.6 384.9 374.4 363.4 370.7 380.3 390.8 401.1 412.2 424.7 437.9 449.9 460.1 472.2 481.6 487.4 490.3 488.6 484.2 479.2 473.3 469.5 463.3 461.7 461.9 464.2 466.9 468.8 469.9 467 461 453.8 445.2 436.8 428.1 423.3 418.1 412.2 410.8 409.1 404.8 398.2 392.4 386.9 377.9 373.3 365 370.4 383.8 396.7 408.7 419.8 429.1 436.2 442.7 451.3
350.1 341.7 336.2 332.1 330.3 331.5 330.1 303.5 302.3 304.7 308.5 315.6 322.5 327.4 335.2 342.7 347.9 355.6 366.2 377.4 383.8 386.6 384.3 377.7 366.2 357.3 364.8 374.8 383.7 394.4 409.7 424 438.7 450.2 461.7 472.8 482.4 489.1 493.4 493.7 491.5 487.2 482.7 477.9 474.1 471.5 470.6 472.6 477.2 479.9 481.7 478 471.6 464.3 456.2 444.6 434.7 429.2 425.2 421.5 418.4 416.2 410.8 404.9 397.6 392.2 385.8 381.2 369.1 368.2 384.9 398.9 412.7 425.2 435.2 443.9 450.9 457
357.2 347.7 342.1 335.1 330 327 328 303.1 302 301.2 300.5 303.9 307.6 322.1 329.6 334.8 340.5 347.1 356.2 366.1 373.3 375.6 374.5 368.8 357 350.9 361 375.6 387.8 399.1 411.4 426 440.3 453.3 464.1 475.1 484.8 493.1 498.8 500.5 498.3 494 488.6 484.6 481.6 478.2 478 480.9 486.2 488.7 490.6 485.3 478.5 470 461.6 450.5 438.9 433.7 429.9 426.7 423.7 420.4 416.2 410.9 403.4 398.5 393.7 385 370.1 365.9 383.2 399.2 414.3 427.8 439.9 449 456.4 463.1
364.3 350.5 338.4 332.8 329.5 325.3 323.6 319.9 301.2 300.8 300.3 299.8 299.7 315.5 323.6 326.7 332.2 338.9 346 354.1 359.9 363 362.1 357.6 349.3 349.5 362.5 376.9 390.2 403.2 415.7 428.1 441.7 454.7 465.3 476.4 487.5 496.4 502.6 505.7 502.1 497.4 493.8 489.7 486.9 484.3 483.5 487.3 491.7 495.8 495.7 490.7 481.9 473.4 463.3 452.9 442.4 436.9 433.7 430 428.4 424.3 420.1 414.2 408.5 403 395.8 386.3 369.3 362.9 381.3 398.8 414.5 428.5 441 451.1 458.8 465.7
369.2 355.1 340.9 332.7 328.9 323.4 319.8 313.6 300.5 300.4 299.7 299.7 298.5 298.4 310 322.2 325.4 330.9 337.4 342.5 347.4 349.8 350.7 347.7 342.6 348.2 365.2 376.6 390.2 402.5 414 426.5 439.3 451.8 463.8 476.4 488.6 497.4 503 505.8 503.5 499 495.4 494 490.9 488.2 487.1 490 494.3 498.3 497.1 492.1 483.8 473.7 463.5 453.4 443.1 439.4 434.8 434.5 433 428.2 423.1 417.2 411.5 406 398.1 383.9 365.7 361.6 379.8 397.7 413.9 426.8 439.1 449.7 456.3 464.7
373.2 360.3 346.1 335 326.5 323.1 321 315.8 301.4 299.6 298.4 298 297 297.3 301.6 321.5 320.6 324.3 329.3 333.8 338 339.7 340.5 339.8 336.1 350.9 366 376.5 387.7 398.8 410.1 421.5 435.3 447.3 460.3 472.9 485.2 492.5 497.3 499.1 496.5 494.5 494 492.8 491.3 487.6 486.8 489.1 491.5 494.8 494.3 488.8 482.2 474.3 464.2 453.7 445.3 441 437.5 437.3 436.1 431.1 426.1 420.3 414.4 408.2 399.5 384.7 365.4 359.8 378 394.8 410.3 422.4 434.4 444.5 452.6 461.6
378 366.2 352.5 340.2 329.7 322 317.1 313.8 311 310.5 311.5 314.7 297.5 297.1 296 317.9 317.6 318.7 322.9 326.4 328.9 331.5 332.2 330.9 336.3 351.7 363.6 374.1 384.6 394.5 405.1 417.5 430.2 442.1 452.8 465.7 478.2 482.8 485.7 487.2 485.7 486.4 486.2 485.7 484.6 480.9 480.5 482.1 485.1 489.2 489.5 484.5 479.8 473.3 463.6 452.5 445.7 442 439.8 440 438.7 434.4 428.8 422.2 415.1 408.3 400.8 386.5 366.3 354.7 373 389.1 403.2 415.2 426.8 438 448.3 459.5
381.4 372.1 360.6 348.2 337.3 326.4 320.1 314 310.6 308.4 305.9 306.4 307.8 296.5 296 308.2 314 313.9 316.8 319.1 321.2 323.4 324.3 326.6 339.1 349.6 360.3 371.2 380.8 389.2 399.5 410.3 423.1 434.7 443.9 457.3 468.7 473.5 472.8 472.7 474 473.5 473.8 473.7 471.8 469 469 471 475 480.2 482.3 478.4 473.9 468.4 460.2 451.3 444.8 441.8 441.7 444.2 443.9 436.9 428.6 422.4 414.6 406.7 398.4 386.2 367.9 352.9 366 382 393.5 404.9 419.4 431.6 446.1 460.1
386.4 378.1 368.4 357.9 347.5 338.7 327.2 319.1 313.9 309.3 308.8 309.1 303.8 295.9 295.6 304.9 311.8 310.5 310.6 313 315.7 317.6 317.4 327.5 337.8 346.3 356.3 366.4 374.8 383.7 393.7 405.1 416.2 426.7 437.2 447.7 458.4 462 460.1 457.8 458.9 459.8 460.4 459.4 457.1 455.4 457.8 459.1 463.8 469.8 473.1 470.8 466.5 461.3 454.9 447.6 443 441.1 442.1 447.6 447.9 437.9 427.7 419.7 411.5 402.6 392.6 377 365 351.2 361.9 372 390.4 403.8 418.1 432.1 447 464.2
389 383.2 375.1 366.1 357.6 349.6 340.3 330.4 317.3 311.4 307.7 306.6 303.6 295.7 294.9 294.6 309.8 308.3 307.1 309.2 310 312 317.8 325.9 333.9 342.5 350.6 359.8 367.7 376.1 387.5 398.8 410.5 419.4 430.1 439.8 447.5 450.3 448.9 446.9 445.8 444.5 445.5 444.9 443.8 443.3 445.8 447.5 452.5 458 463.3 462.5 459.6 456.4 450.4 443.1 437.5 435.2 437.9 445 444.6 435.3 423.5 414.3 404.6 394.1 382.1 368.8 357.5 351.1 365.1 379.6 393.2 406.1 419.6 433.7 450.3 467.1
389.1 385.7 380.7 374.8 367.9 360.7 351.3 340.3 327.8 317.1 308.7 304.4 303.4 297.9 294.4 292.5 292 299.1 301.4 303.5 305.5 312.5 318.5 324 329.8 336.7 345.2 353.9 361.6 368.5 381.3 393.8 405.1 414.2 423 431.3 436.7 439.9 438 435.9 432.6 429.8 430.5 430.1 430.3 430.5 433.7 437 441.6 446.7 451.9 453.4 453.5 451.9 447.2 439.2 429.1 423.2 430.9 437.8 439 428.3 418.3 407.8 395.3 382.5 371.3 362.2 349.6 351.6 369.8 385 398.2 412.3 425.9 441.8 454.2 468
387.7 386.1 382.6 378.9 377.4 373.4 365.5 353.3 340 328.2 315.8 309.4 306.4 303.1 294.1 293.9 293.1 292.2 292.4 303.2 306.6 309.9 315.5 320.7 325.6 330.9 338.9 348 356.1 364.9 376.1 389.3 400.7 408.1 415.3 422.4 426.4 428.7 427 421.9 419.9 417.5 417.4 418.1 418.3 417.6 421.3 425.9 430.6 435.4 440.4 444 445.7 446.6 443.1 433.9 423.6 415.8 420.1 428.2 429.2 421.1 410.1 397.8 383.9 371.3 363.5 356.2 343.1 357.8 374.5 390.6 405.6 417.2 430.9 443.4 456.1 468.7
383.7 382 380.7 376.6 373.8 371.5 368.2 362.6 351.2 341.4 330.7 321.6 313.9 306.8 301.2 293.3 292.6 291.8 291.4 291.2 296.5 305.3 309.5 314.5 319.3 326.1 332.9 342.3 350.9 360.8 372.1 385.1 395.9 402.3 406.1 409.7 412.9 414.4 414.2 407.4 404.7 401.2 403.4 406 405.6 407 410.2 414.9 420 425.5 430.1 433.4 436.9 440.1 434.4 426.7 418.7 410.8 405.8 414.6 416.7 412.2 400.9 382.4 368.8 363.3 357.7 349.8 341 358.5 376.5 393.1 408.5 421.4 432.8 444.8 455.7 466.3
375.8 374.2 371.7 369.3 366.1 363.7 360.6 356.9 352.7 349 342.1 334.8 328 321.1 316.5 306.4 292.1 291.4 290.3 290.7 290.2 289.6 303.8 306.4 312.9 319.5 328.1 336.8 346.3 357.5 367.5 380.8 391.3 396.5 399.3 400.4 400.6 399.2 398.4 394.3 392.4 390.9 392.6 392.2 389.8 389.9 396.1 402.7 409.7 415.4 420.4 424.6 428.2 429.4 425.3 419.4 411.9 402.9 392.5 398.9 403.2 399.6 389.5 378.4 363 355.6 351.7 345.7 342 359.5 376.5 393.5 409.1 421.1 431.7 442.4 452.7 462.6
367.4 364.8 362.6 360.1 357.6 354.9 352.1 348.5 346 344.3 342.6 339.1 337.5 331.5 325.5 316.3 306.6 290.5 290.8 290.1 288.7 288.7 288.5 299.2 307 310.9 322.7 331.3 339.7 351.6 363 371.5 381.1 386.9 389.3 389.4 390 388.4 387.5 384.1 383 381.8 380.7 381.2 378.6 378.9 385.4 392.8 398.9 404.9 410.7 416.2 420.2 421 418 413.3 405 395.5 383 384.8 387.4 385.9 379.5 366.6 355.4 348 344.4 340.8 339 358.5 376.4 391.9 406.2 416.1 426.8 437.4 447.6 458.4
359 356.4 353.6 351.2 349 346.4 343.9 341 339 337.6 336.4 335.9 336.3 337.7 332.9 324.6 314.3 303.9 299.6 292 289.1 287.7 288.2 287.6 300.2 306.8 317.1 325.9 333.1 345.5 354.6 359.6 365.9 372.4 374.8 376.4 378.6 379.1 377.5 374.6 373.2 371.1 370.8 371.4 367.6 367.8 376.1 383.1 390.2 396.2 402 408.4 414 415.5 413.8 408.2 400 389.6 378.7 370.7 372.6 369.8 369.8 359.4 348.6 341 337.4 334 340.3 356.8 373.5 388.1 400.6 411.2 421.7 433.1 444.8 455.5
352.6 349.4 346.5 343.9 341.7 339.2 336.6 333.7 332 331 330.1 330 330.2 330.6 327.9 323.9 317.6 308.2 300.3 298.1 289 288.3 287.7 287.2 285.9 301.6 310.3 319 324.6 332.6 341 344.1 351.8 357.8 361.7 363.9 367.9 369.5 368.2 365.7 362.1 357.3 359.9 359.4 352.1 361.5 369.3 374.6 380.6 387.4 394.5 403.2 410.8 414.2 412.7 406.2 397.2 385.2 377.1 363.6 359.3 358.2 353.3 348 340.5 332.8 326.9 321.7 338.1 355.2 371.2 384.7 397 409.1 420 433.6 443.5 454.8
351.9 346.7 341.2 339.6 337.4 334.9 331.6 329.7 327.5 325.9 323.8 323.1 323.3 323.4 321.8 319.1 314.9 309 301.1 298.1 288.5 288 287.2 286.7 285.4 286.4 303.4 308.9 315.1 321.9 327.5 332.6 336.9 342 346.4 351.6 355.4 357.4 357.3 355.3 351.2 345 347.8 346.6 343.6 353.3 359 365.4 372.6 379.7 388.8 400.7 411.3 416.6 416 407.4 396.4 382.9 371.9 361.2 349 344.5 341.6 336.8 331.6 322.3 314.4 326.1 342.1 357 371.3 383.7 395.1 408.8 422.9 435.1 443.7 453.6
352.5 348.6 344.7 339.8 335.2 332.4 329.9 328 326.2 324.7 322.3 319.2 317.7 316.6 315.2 313.8 311.3 307.8 302.5 297.4 296 289.5 286.6 286.4 285.2 284.7 288.6 301 306.2 310.5 314.1 318 322.3 327 331.2 336.9 341.5 343.6 344.3 343.1 339.5 331 336.1 333.6 337.6 345.1 350.5 356.8 365.3 375 387.6 401.2 413.8 422.4 420.4 411.2 398.2 381.8 367.3 356.4 346.9 338.2 328.5 325.5 322.8 312.8 318.7 331.6 347.1 362.5 374.9 387.8 399.9 414.8 427.2 435.7 444.4 450.9
355.8 352.8 348.8 344.5 339 334.1 331.2 327.7 325.2 323.7 321.4 317.9 315.2 313.2 310 307.5 305.3 302.9 299.2 296 296.4 296.1 295.3 294.9 285.6 284.6 282.8 284.4 294.3 298.7 303.6 306.8 309.5 313.6 317.9 322.9 327.2 329.7 329.2 328.1 326 322.9 325.8 324 330 337.1 342.3 349.7 359.2 371 385.6 400.1 413.1 421.8 418.9 411.5 397.5 383.4 365.2 352 344 336.9 329 320.9 313.5 309.3 323.4 338.3 354.1 369.4 383.7 395.6 407.4 419.6 430.6 438.1 442.8 444.3
361.7 357.6 354.4 350.2 346 342.1 338.2 333.5 329.4 325.6 323.5 320.3 317.2 314.8 311.8 309.2 305.3 301.6 297.5 293.8 294.3 295.6 294.5 293 287.9 284.2 283.6 282.6 283 284.2 292.4 295.7 298.4 301.5 305.5 309.7 314.5 314.1 314.7 314.6 315 314.4 316.4 316.7 321.3 328.4 336.1 344.5 354 368.2 384.3 398 408.8 414.9 410.7 403.7 391.9 379.9 364.9 347.4 339.6 333.8 326.9 319 309.6 306.2 325 342.7 361.1 376.7 390.5 403 413.9 424.5 433.5 439.2 440.1 436.6
365 362.8 360.6 360 358.3 354.2 347.9 340.5 335.7 332.5 329.8 326.2 321.6 318.8 318.1 317.5 311.9 307.4 302.6 296.3 290.8 289.8 284.7 284.3 284.7 283.9 283.6 283.1 282.1 281.3 282.6 283.8 286 287.1 291.5 297 299.5 302.1 303.4 303.5 305.4 307.2 308.2 310.3 314.6 322.6 330.7 339.4 349.8 366 380.3 392.3 400.9 404.9 399.8 395.3 388.7 379 364.5 346.3 335 328.2 322.6 313 305.8 304.2 325.8 348.3 366 382.1 397 410 421.7 431.1 435.5 437.2 433.9 426.2
366.6 365.1 365.8 367.5 367.6 365.4 361.2 352.7 346.2 342.2 340.3 335.7 328.7 323.5 320.4 317.6 312.7 307.1 302.5 298.7 289.2 286.3 284.6 284 283.7 283.6 282.5 282.2 281.8 282.4 281.2 281 280.8 280.5 279.8 281.7 287.2 291.6 295.3 296.9 298.6 300.7 301.6 304 309.5 317.8 325.4 334.5 347.2 361.9 374.3 383.6 390.2 392 390.1 387.7 383.8 378.6 364.6 345.3 331.9 324.3 317.3 308.5 303.1 307.1 331 349.9 368 386.3 400.4 413.8 426.9 432.5 432.9 432 425.2 416.3
368.1 366.8 367.7 371.4 375 375 372.6 368.6 365.1 360 352.7 344.5 336.6 327.4 323.6 320.3 315.4 310.3 303.9 295.1 287.5 285.9 283.7 282.3 283.9 282.8 281.7 281.3 281.3 281.5 280.8 280.1 280.1 279.7 279.1 278.4 278.1 279.5 283.5 288.8 292.9 295 296.3 297.7 304.9 312.1 320.1 329.8 343 356.6 368.1 374.9 377.6 378.5 378 377.4 376 375 363.3 346 329.3 321.3 313.8 306.3 300.6 313.2 331.8 349.5 369.1 386.7 401.8 414.9 427 429 427.5 423.9 416.7 404.9
