app/static/ascii/NJ32.asc
ncols 200
nrows 200
xllcorner 330000
yllcorner 820000
cellsize 50
[rows 0 to 34 of 200, columns 0 to 77 of 200]
476.3 470 464.1 459.2 454.4 450.8 446.3 443.2 439.7 438 433.7 423 407.3 392.7 397.1 410.6 419.5 427.9 435 436.8 438.4 442.2 448.1 454.4 462.1 469.8 479.7 489.3 499.8 506.9 512.1 517.8 525 527.4 534.1 537.2 535.4 533.5 532.2 529.7 519.6 508.5 512.2 517.7 524.3 546.3 561.7 577.2 588.5 597.3 603 607.6 611.2 613.8 616.1 613.6 608.6 605.3 598.4 591.3 581.7 566.4 554.7 545.7 538.4 527.3 520.3 514 506.9 498.2 487.2 475.1 463.4 451.8 441.3 432.3 423.2 415.7
470.5 465 460.1 454.5 452.2 449.7 445.6 443.7 438.4 432.7 420.7 409.3 395.5 394.1 402.6 414.1 425.9 437.2 441.7 444.6 447.6 450.1 454 461.3 469.5 477.9 488.2 497.6 505.4 511.9 520.9 532.6 538.7 543.5 547.9 549.8 551.6 550.8 548.2 542.6 528.9 518.7 520.5 523.8 536.6 549.9 566.6 580.6 590.4 598.3 603.6 608 611.4 613.9 612.7 609.1 604.6 600.5 593.5 587.9 574 560.4 551.7 543.8 532.8 523.2 516.7 509.8 501.9 493.1 481.8 470.4 460.1 449.7 440.1 431.2 422.4 415.7
465.1 457.4 450.3 449.1 449.5 447.4 444.1 434.9 420.7 409.5 401.9 396.2 394.9 409.5 416.3 421.3 433.6 444 448.7 452.3 456.4 461.6 466.1 470.9 480 489.2 497.7 505.7 513.9 522.2 535.4 545.2 551.3 558.8 562.8 561.6 564.1 564.1 559.2 553.4 540 525.6 531.7 536.6 544.2 550.1 571.2 583.1 591.4 598.7 603.5 606.7 609.5 611 609.3 603.8 600.3 594.7 587.3 580.4 566.6 557.2 549.2 537.6 524.5 517.7 512.7 504.8 495.9 487 476.8 466.8 456.9 447.8 438.6 430.6 423.4 416.2
458.3 450.7 442.3 442.2 446.8 444.3 430.8 410.8 402 398.9 401.5 403.5 409.7 418.6 427.3 427.3 439 448.4 454.1 459.7 465.3 470.9 477.9 486.6 494.5 498.8 504.3 514.8 529.4 539.1 552.4 561.2 567.2 574 577.7 578.6 578 577.8 575 568.9 550.5 533.8 535.8 545.8 553.8 554.4 572.5 584.5 593.8 598.1 602.7 605.3 606.5 605.7 601.9 598.3 594.1 587.8 583.1 574.8 563.9 552.4 544.2 532.6 521 513.8 507.6 498.6 488.7 480 471.8 462.9 453.7 445 437.1 429.9 423.4 416.5
453.1 446 434 430.8 440.7 431.2 410.1 403.3 404.7 407.2 409.2 412.7 419.5 428.2 437.9 444.2 443 454.1 460.5 467.5 474.7 482.1 490.3 495.8 503.6 509 518.8 532.4 545.4 557.5 567 573.8 581.5 586.3 588.7 589.2 589.8 589.5 587.1 580 568.5 549.5 545.8 557.5 562.8 569.9 574.8 585 594.8 598.4 601.2 603.2 603.2 599.7 594.6 587.6 583.4 579.6 575.6 566.2 558.9 546.7 536.3 527.9 518.9 510.7 502.7 493.7 484.2 474.6 466.7 458.9 451 442.9 436.2 429.7 423.2 417.2
443.3 433.1 424.8 417.2 418 410 405.9 412.3 417.8 413.1 416.7 421.9 432.5 440.9 448.1 453.4 455.3 458.6 467.5 476.7 485.3 494.2 502.9 511.2 517.6 524.9 537.2 552.2 562.8 572.6 580.6 586.5 591.8 595.5 597.6 598.8 599.5 599.5 597.4 590.9 580.9 564.9 558.5 570.3 572 579.5 583.6 585.6 595 597.1 598.9 599.2 596.2 589.8 585.5 581.4 577.4 573.4 569.2 558 548.9 541.5 532 522.5 516.6 507.9 498.8 489.2 479.7 470.9 462.6 454.9 447.7 441 435.3 429.3 423.1 418
436.3 439.4 435.3 428.7 416.6 409.1 417.8 423.4 423.4 418.3 424.6 434.2 443.5 449.7 455.5 458.9 461.7 466.2 475 485.3 490.8 504.9 517.1 528.1 539.1 549.1 559.4 566.7 575.9 583.8 591.6 595.6 600.4 604.3 605.6 606.7 607.9 606.8 604.7 599.6 592.7 583.6 568.5 582.9 584.1 586 589.4 593.4 594.6 594.7 595.8 593.6 590 584.4 578.9 575.1 570.9 567.3 559.2 548.7 543 536.4 526.7 518.4 512.3 504.2 495.2 485.8 475.9 466.5 458.3 450.6 444.3 439 433.6 428.4 423.4 418.5
447.6 445.2 440.5 431.1 413 423.2 429.6 429.4 428.6 424.9 430.6 441.5 449.1 455.3 460.7 464.7 469.2 474.5 482.6 492.8 506.1 520.4 532.6 544.2 553.6 560.4 570.3 580.5 588.2 593.5 597.7 601.7 605.8 609.9 612.7 613.5 614.3 613.4 609.8 605.3 600.5 596.3 586.3 592.3 591.1 591.4 593.8 595.7 594 594 592.5 587.7 579.2 574.4 570.7 567.4 561.7 558.1 547.7 542.6 537 527.5 517.6 513.3 507 499.6 490.8 481.4 471.4 461.7 453.2 445.5 440.6 436.3 431.7 425.8 422.7 418.6
453.7 449 440.8 423.7 417.5 430.7 433.7 434.8 433.7 432.6 435.2 444.2 453.3 459.4 464.8 470.7 477.6 488.3 495.9 503.1 516.6 528.2 543.2 555.2 562.5 570.4 580.2 589.3 594.6 599.5 603.9 608 609.6 614.4 618.6 620.2 620 618.9 615.8 611.7 606.7 602.3 598.1 599.4 598.3 596.5 597.7 596.9 594 591.3 586.2 581.3 572.2 567.7 564.2 554.6 549.4 545.9 540 534.8 526.5 515.1 511.2 507.3 501.2 493.8 485.2 475.3 465.5 456.1 447.8 441 436.8 432.9 429.1 425.3 421.6 417.2
459.3 449.3 436.1 412.6 420.6 434.1 439.2 440.8 440.7 440.9 443.8 444.8 454.9 463.1 471.4 481.9 491.7 501.2 509 517.9 527 540.2 553.7 566.5 574 579.3 589.7 596.8 601.1 604.7 609 613.3 617.8 618.7 624.1 624.9 625.2 623.8 620.5 617 612.4 607.9 606 605 602.8 600 598.9 595.9 592.9 587.9 581 575.4 568.1 560.7 552 543.4 541.2 535.6 531 525.1 511.9 508.6 504.9 501.2 494.8 487.8 478.9 469 459.1 450 441.9 436.9 432.8 429.5 426.2 422.6 420.2 415.3
456.8 444.3 422.4 424.9 438.4 434.9 439.9 445.2 447.8 449.5 452 454.8 459.6 470.2 480.9 492.4 502.2 511.8 520.4 527.7 538.1 547.7 563.8 576.8 583.9 590.4 596.9 602.4 605.4 609.3 614.5 619.8 622.2 624 627.9 629.3 629.9 628 625 621.3 616.8 612.4 609.8 609.6 606.4 602.6 598.7 594.8 589.9 583.1 576.7 569.2 560.1 545.1 537.1 534.6 533 528.7 524 512.5 505 502.7 499.6 494.8 489 481.6 471.5 461.4 451.5 444 437.5 433.1 429.4 426.5 423.8 420.9 417.6 413.3
448.6 429.8 417.8 437.1 446.1 448 444.4 450.2 454 457.5 459.3 464.1 467 474.6 486.8 500.7 511.5 522.5 532.4 544.3 550.8 564.6 577.3 585.6 591.8 596.2 601.7 606.6 610.2 616.9 624.9 628.2 629.2 628.9 630.9 632.9 633.3 631.5 629.4 624.5 619.3 613.1 613.5 612.9 609 603.1 596.6 591.4 585.8 579 569.2 553.1 539.5 532.7 529.5 527.4 525.3 521.7 512.4 502.9 499.5 497.2 493.6 488.2 482.3 474.1 464 453.2 444.8 438.5 433.8 429.7 426.7 423.7 421 418.1 414.2 409.8
427.5 421 427.2 442.7 449.9 453 450.9 455.6 461.3 464.9 467.1 473.9 478.9 481.7 494.1 506.4 519.3 533.4 544.3 552.7 565 577.1 585.8 591.3 596.6 600.1 605.4 609.9 616 623.2 629.7 634 634.2 633.5 634.1 635 635 634.4 632.1 626.1 620 614.9 616.7 615.2 610 603 595.6 587.8 580.5 571 549.9 539.5 532.3 526.9 521.3 519.5 516.8 512.7 502 497.9 494 491.3 487.4 481.9 475.4 465.8 455.5 446.5 439.5 434.7 430.4 426.7 423.8 421 418.2 414.7 410.4 405.4
428.9 437.7 450.8 443.9 454 457.5 457.6 462.5 468.6 472.2 477 481.4 488.6 494.5 500.3 511.4 527.4 542.1 551.2 561.9 577.2 585.8 590.3 595.9 601.1 604.8 608.4 613.7 620.3 627.4 634.1 637.8 636.7 635.5 634.5 636.4 636.3 635.4 632.7 626.1 620 619.1 617.8 614.9 610.5 601.5 593.4 581.4 572.4 555.7 538.1 532.8 526.1 520.3 512.8 510.9 508.2 502.6 497.5 492.3 489.1 485.2 480.3 475 466.3 457.1 448.2 440.7 435.6 431.4 427.2 424 421.1 418.3 415.4 411 406.5 401.9
439.9 456.8 459.7 456.6 460.1 464.5 468.1 470.8 477.5 481.9 487.1 490 500.7 509.8 513.7 521.4 535.4 549.3 557.4 572.4 585.5 591.6 594.8 599.7 602.9 608.9 611.2 618.7 624.7 633.9 636.8 637.5 637.2 635.7 635.2 636.1 636 634.8 631.4 625.3 620.3 620.3 617.9 614.7 610.3 597.4 588.4 571.7 562.2 542.9 532.4 524.7 518.5 511.3 505.5 502.7 498.5 494.9 489.2 486.4 483.1 478.9 473.3 466.2 457.4 449.4 442.1 436.9 432.2 428.2 424.4 421.3 418.2 415.5 411.8 407.5 403.2 399.1
456 467.2 463.2 466.4 470.2 474.1 479.1 481.5 487.1 493 497.7 505.9 511.9 522.9 530.3 538.4 548.5 559.8 569.6 581.4 589.4 594.8 598.6 601.9 606.8 613.3 616.8 623 628.2 634.5 635.9 636.2 635.7 633.9 634 634.1 634.4 632.3 628 622.6 620.4 620.3 617.1 613.5 605.3 592.5 580.6 564.4 554.1 534 525.8 517.5 508.7 500.8 495.7 492.5 488.7 484.9 482.2 479.8 476.5 471.9 466.4 458.6 450.4 443.6 437.9 433 429.4 425.4 421.8 418.5 415.3 412.3 408.4 404.5 400.5 397
465.5 470.6 474.1 478.1 482 485.5 490.2 492.3 497.9 504.8 512.1 520.1 525.7 532.9 546.2 555.5 563.4 571 577.1 586.3 592.8 597.8 602.2 606.8 612.9 618.4 622.2 625.7 630.2 633.5 634.3 633.7 632.3 629.8 630.5 629.8 631.1 628 623.9 621.1 619.4 618.6 614.9 610.3 598.6 586.7 567 557 544.2 528 518.4 509.9 501.5 493 487.4 483.3 480.4 477.3 475.2 472.6 469.4 464.6 458.9 451.5 444.8 438.9 433.7 429.7 426.2 422.8 419.1 416 412.7 409.4 405.8 402 398.2 394.9
473.3 479.4 484.3 488.2 492.7 497 500.8 506.3 511.4 520.7 529.4 534.6 540.6 545.2 559 567.6 574.4 577 583.5 592.2 598.7 602.5 608.2 614 619.1 622.8 626.4 629.4 631.6 632.4 632.1 630.6 627.7 625.7 624.8 623.4 622.2 620.8 618.8 618.1 616.5 616 611.9 605.3 590.7 575.3 559.6 547.8 534.4 521.4 510.9 502.5 494.4 487.9 481.8 476.1 471.7 470.1 467.2 464.9 461.1 456.4 450.2 445 439.9 434.7 430.2 426.5 423.3 419.6 416.6 413.6 410.3 406.9 403.3 399.8 396.1 392.8
482.4 487.4 492.5 497.3 502.3 505.6 510.6 518.1 524.9 533.3 542.5 550.4 554.4 561.8 570.8 576.1 580.3 585.2 591.8 600.4 606 612.1 615.6 619.9 624.1 628.4 631.2 632.6 633.1 631.6 629.7 626.2 622.3 619.3 616.4 615.1 613.9 612.7 613.3 613.6 612.1 612.5 607.3 596 582.8 568.4 547.1 535 523.6 514.1 503.1 495.7 489.9 482.8 475.7 469 463.7 461.1 459.3 456.7 452.8 447.9 442.7 438.2 434.3 430.5 426.7 423.4 420.1 416.8 413.9 410.9 407.9 404.6 401.2 396.8 394 390.8
489.5 494.5 500.6 505.9 509.9 514 521.6 530.3 541.2 547.8 555.4 563.1 570.9 578.1 581.2 585.6 593.6 601.2 607.3 612.4 617.4 622.8 628.2 633.9 636.4 635.8 634.4 634.5 633.1 630.8 626.4 620.8 612.6 610.4 606 604.6 603.4 602.2 604.2 606 606.5 604.8 598.2 586.9 574.4 553 536.6 525.9 519.1 504.5 499 492.6 483.1 475 466.6 461.7 457.9 452.4 450.7 448.7 444.8 440.3 435.7 432.3 429 425.9 422.6 420.2 417.7 414.6 411.4 408.4 405.7 402.4 399.1 395.1 391.1 387.9
497.8 501.5 507.2 511.5 518.1 524.9 535.2 546 557.1 565.5 571.8 576.5 585.6 590.3 595.2 602.9 611 615.7 621.2 627.4 633.6 636.9 642.7 642 641.4 640 637.3 635.2 632.4 628.1 621.7 610.9 605.1 598 591.3 587.8 587.8 590.1 593.5 594.9 596.2 596.6 587.4 575.8 560.9 545.8 526.8 518.7 513.1 502.1 494.3 488.2 476 465.4 458.6 455.4 452.7 446.6 442.4 441.5 437.4 432.6 428.4 425.1 423.3 421 418.6 416.9 414.7 412 408.8 406.4 403.8 401.5 398.6 391.9 388.2 386.7
505.2 507.9 513.3 519.7 528.7 539.7 548.7 559.8 570.2 578.1 587.7 597.8 605.6 607.2 613.9 623 630.6 634.7 639.9 643.8 647.3 650.4 651.5 649.8 646.6 642.6 639.4 635.5 631.4 625.1 613.9 604.3 598.1 588.5 582.1 577.9 575.7 576.5 579 581.9 584.5 583.1 577.2 566.8 552.3 539.5 519.6 514.2 506.1 497.5 491.3 483 470.3 459.5 454 449.3 444.8 441.7 436.1 434 429.9 424 416.7 414.6 415.1 415.3 414.4 413.4 411.5 409.1 406.6 404.3 402.6 401.2 393.6 389.2 387.2 386.7
513.3 517.3 524.4 534.2 543 552.3 565.5 575.7 582.3 590.7 604.4 615.2 624.2 631.8 636.7 640.5 647.4 650.4 654 656 657.4 658.2 657.2 654.6 649.8 644.2 639.6 635.1 628.8 619.2 605.1 599.1 588.1 577.8 569.3 562.6 558.5 558.9 562.2 566.2 570.7 571 563.9 555 543.9 525.5 516.5 508.3 502.2 494.2 487.6 479.5 466.4 454.7 448.8 444.6 437.4 434 429.8 425.8 422.1 418.9 416.1 413.2 410.3 408 409.3 409.1 408.3 406 404.6 402.8 400.1 396.4 391.6 387.9 386.8 386.4
522 527.7 535.7 544.9 556 568.7 579.7 590.4 599.7 608.3 619.9 634 643 648.3 653.2 655.5 658.8 662.4 665 665.6 666.8 666.3 664.8 658.4 652.8 646.4 640.4 632.5 624.8 609.2 600.2 590.5 576.7 569.1 571 569.7 565 555.2 542.8 546.4 552.9 552.5 550.9 542.6 531.3 518.1 509 502 493.6 487.5 483 473.9 462.2 450.6 446.2 440.1 433.3 431.3 427.7 426 423 419.2 411.5 411.3 409.4 406.2 403.2 403.6 404.4 404.1 403.3 402.5 399.3 392.4 388.2 387.1 385.6 385.4
532.8 539.7 549.2 559 571.4 583.6 594.4 602.4 612.8 624.5 638.3 651.7 658.1 663.1 665.7 668.3 670.9 672.3 673.1 674 672.4 670.3 667.9 661.2 655.2 647.8 640.8 630.4 618.9 604.8 594.5 581.4 580.6 582.5 584.7 582.7 577.5 567.8 549.7 531.4 535 536.3 535.5 530.5 523 509.5 504 497.6 489.6 485 477.2 466.2 454.5 448.2 443.4 439.5 434.6 434.3 432.4 429.9 425.6 421.4 417.9 414 409.7 405.4 397.9 399.4 400.3 401.9 403.2 402.5 397.5 388 386.1 384.9 384.1 384.2
540.4 550.6 561.2 574.4 589 601.8 609.9 617.8 630.2 644.5 659.2 667.4 672.7 676 677.2 679.3 679.7 678.7 676.8 677.6 674.8 671.8 668.2 662.1 655.9 648 640.1 629.4 611.7 599.8 588.2 589.9 594.3 595.8 595.5 592.7 585.5 578.7 562.5 541.6 527.7 521.8 520.1 516 510.1 502.9 496.7 488.9 483.5 477 466 458.4 452.8 448.3 443.2 442.5 442.8 439.5 436.2 432.4 427.8 423.1 418.9 414.7 410.5 407.1 402.8 399.1 396.3 399.6 402.7 399.9 385.8 383.4 383.2 382.6 382.1 382.9
550.7 564.7 577.4 588.7 603.9 613.7 624 636.1 650.4 665 674.2 679 682.4 683.2 683.7 684.6 684.4 681.8 678.8 677.6 676.1 671.9 667.1 661.6 655.1 646.4 638.5 623.2 602.8 600.6 600.1 601.4 604 604.6 602.4 598.5 591.1 582.7 572.2 552.3 535.6 524.8 508.8 503.5 500.1 494.2 487.1 480 473 465.7 462.2 458 453.1 453.1 452.8 452.7 449.9 445.7 440.3 435 430 424.7 419.7 414.7 410.3 406.1 402 398.6 392.3 399.7 394.1 383.9 381.1 380.7 379.8 379.2 379.8 381
566 580.4 593.6 606.2 617.7 626.2 637.6 655.3 672 678.5 683.4 686.2 689 688.3 687.2 687.2 685.1 681.5 679.4 678 674.1 670.7 665 659.7 653.5 644.6 632.8 617.5 606.1 610.6 609.3 609.6 611.3 610.9 607.9 603 596.5 586.9 573.6 561.7 545.5 532.4 521.9 505.9 491.5 486.6 482.1 475.1 470.5 467.4 468 467.4 467.2 468.7 467.1 462.7 456.8 450.5 443.5 437.4 431 425.4 419.5 414.2 409.4 405 400.7 396.7 388.6 395.5 384.6 380.5 378.5 378.1 376.7 375 375.6 377.8
583.8 597.9 609.7 621.5 628.6 638.8 658.7 676.3 683.9 687.1 692.3 693.8 693 690.8 689.1 687.5 684 681.2 678.9 675.8 671.8 667.4 662.6 657.6 650.4 638.9 624.7 613.5 617.1 618.4 620.2 618 617.2 616.6 613.3 605.7 599.2 588.2 571.1 562.4 552.9 538.8 529 514.6 506 501.8 497.2 491.4 483.7 482.9 482.3 481.9 483.1 480.8 476.3 469.8 462.1 454.2 446.3 439.2 431.8 425.3 418.6 412.9 408.3 403.9 399.6 395.2 384.1 382.6 380.5 378.2 375.5 375.3 373.8 372.6 371 373.1
599.9 612.6 625.1 634.6 642.9 659.3 679.3 687.9 692.3 696.1 698.6 698.6 696 692.2 687.9 686 682.9 681.1 678 674.9 670.5 666.2 659.8 653.4 643 631 626.3 629.4 629.6 631 628.8 627.5 624.6 621.7 617.2 609.6 600.6 588.1 570 563.6 554.4 542.4 535.1 528 518.6 514.4 507.7 505.2 500.7 500.9 499.2 497.8 494.2 489.5 483.2 475.1 465.9 457.1 448.7 440 431.7 424 417.5 411.6 406.7 401.9 398 393 385.4 379.4 377.9 375.7 373.4 372.8 371.4 370.8 367 366.7
615.1 627.2 638.3 645.7 658.3 679.1 691.6 696.2 703.3 705.1 705.7 703.7 699.3 693.4 689.4 686.5 682.4 679.6 675.8 672.6 668.3 661.1 655.4 645.7 638.1 634.2 637.4 638.9 638.5 635.9 635.1 633.5 631 626.5 620 611.9 601.8 590.3 571.8 562.5 555.8 546.2 538.2 534.1 528.9 524.5 520.6 517 515.4 512.5 509 505.4 501.1 495.7 488.7 479 468.5 459 449.8 440.5 430.4 422.8 415.7 409.9 404.6 399.5 394.6 389 383.5 376.8 375.7 374.3 372.8 371.3 369.6 369.6 376.8 372.3
629.2 641.3 650.7 660.9 681.3 695.7 701 707 710.7 711.8 710.9 709.1 702.1 696.1 688.7 684.8 682.3 677.8 674 669.7 665.7 657.5 650.5 640.4 639.8 641.8 644.5 645 643.4 642.7 641.3 641 636.2 630.7 623.8 611.9 603 590.8 575.1 564 556.7 547.2 540.6 536.6 532.8 529.6 526.7 524.2 522.5 519.5 515 510.5 505.9 500 491.3 480.6 470.4 460.6 449.8 439 428.2 420.7 413.3 408.1 402.5 396.8 391 385.2 380 376.9 375 374.2 372.2 370.3 378.7 380.6 383.7 386.2
640.3 653.1 664.7 681.1 698.5 708.7 711.6 720.1 721.2 718.5 714.9 711.1 703.9 698.4 689.8 685.8 682.5 677.4 674 667.9 661.7 654.9 649.7 649.7 649.6 651.2 650.5 649.4 648.6 648.5 647.6 646.5 641.6 634.1 624.8 614.1 602.6 592.3 574.7 566.9 560.4 548.2 542.4 539.1 536.4 533.9 531.9 529.7 527.8 523.8 518.8 513.7 508.1 502 492.1 481.3 471.8 460.8 449 437.1 426.1 418.1 411 406 400.3 393.6 387 380.6 378.4 377.7 375.9 373.1 372.6 376.7 384.1 385.5 387.6 389.6
645.9 657.9 671.2 695.6 710.7 716.1 722.7 728.1 726.2 722.3 718.2 713 706 699.9 692.1 688.7 683.9 678.2 671 667.3 663.6 658.1 657.2 656.4 656.6 654.9 656.3 654 653.5 654.6 652.6 649.4 642.5 636 626.1 615.2 601.6 592.6 574.7 566.6 560.8 553.8 545.7 541.7 539.6 537.8 535.6 533.2 529.7 524.8 519.6 514.5 509.1 501.9 491.2 480.8 470.8 459.5 446.9 434.1 423.3 415 408.3 403 396.8 388.5 383.4 381.2 376.2 374.9 374.3 373.5 382.1 386.3 388.7 390.1 391.5 393.2
656.1 669 683.9 707.3 719.5 724.8 732.2 732.2 729 724.4 720.2 714.3 707.9 703.5 696.2 690 684.8 674.8 670.4 668.9 666.9 664 661.7 661.2 661.1 660.8 660.4 660.3 660.6 659.4 656.7 651.3 644.5 637 625.6 611.4 602.6 591.8 575.1 566.4 560.5 553.9 548.2 544.1 541.2 538.8 536.3 534.1 528.6 524 518.6 513.5 508.5 499.5 488.8 478.7 468.8 457 443.4 430.6 420.7 411.8 404.9 398.9 393.4 385.4 383.7 382.2 376.1 375.3 374.7 381.1 388.1 390.2 391.9 393.3 396.6 398.8
