app/static/ascii/NJ33.asc
ncols 200
nrows 200
xllcorner 330000
yllcorner 830000
cellsize 50
[rows 70 to 104 of 200, columns 78 to 155 of 200]
272.6 274.3 276 277.4 277.7 274.6 266.4 248.3 234.9 236.1 235.5 236 246.4 258.4 275.2 295.2 312.9 324.4 337.2 348.1 352.7 351.7 348.4 343 335.6 328.6 330 332.2 333.4 332.8 331 328.4 325 323.9 318.8 309.7 299.2 290.8 277.3 285.3 294.2 300.2 309.3 312.4 318 326.7 333.9 343.5 361.6 379.1 391.4 403.1 413.8 424.5 432.7 445.3 453.3 460.5 467.8 473.6 476 476.2 474.6 470.2 465.4 460.8 455.6 446.4 439.8 432.3 424.5 418.4 412.9 406.7 402.3 396.8 391.2 387.2
276.4 277.5 278.8 279.8 278.7 275.2 268 252.3 236.8 235.5 236.4 239.3 249 263.1 278.8 298 319.2 332.2 345.1 355.4 359.6 359.8 356.4 351.8 343.3 338.3 341.3 344 343.2 342.2 341.3 338.6 335.3 332.9 326.8 316.6 306.4 297.6 286.7 285.5 296.5 303.1 313.9 322.3 329.3 336.4 346.7 361 369.4 371.7 385.9 398.2 410.1 421 431.5 442.4 451.5 460 467.4 473.2 476.3 475.3 473.5 469 463.8 457.7 450.8 442.5 435.1 427.3 419.8 414.4 408.9 404 399.3 394.6 388.7 383.1
279.9 280.1 280.8 281.1 278.2 273.9 268.6 256.8 237.5 236.9 237.2 242.1 255.1 270.3 286.4 308.1 325.7 339 350.9 360.3 367.3 368.6 365.3 361.7 355 350.3 354.3 355.6 355.3 352.7 349.8 348.8 346.6 340.7 333.4 321.1 310.6 303.2 292.7 285.5 297.7 304.1 315.7 323.4 330.7 339.5 352.9 365.8 376.4 386.5 395.7 404.4 416.3 425.4 434.9 443.3 450.6 458.7 466.8 473.9 476.9 475.1 470.7 467.5 462.4 453.4 445.3 437.7 429.7 420.8 415.6 410.8 406.1 401.4 396.3 391.3 386.6 381.1
283.4 283.4 282.3 281 277.8 273.4 267.8 255.3 237.9 238.1 240.4 247.7 262.7 277.1 297.8 316.9 334.2 348.2 357.9 367.3 374 377 375.1 370.6 366.7 367.3 368.6 368.5 367.1 364.2 360.7 358.9 354.5 347.4 338 325.9 315.8 307.6 295.8 288.4 297.8 306.7 317.2 324.2 333.6 343.6 357 368.1 379.5 389.5 399 411.5 420.9 428.3 436.9 444.7 450.4 458.7 467.8 472.4 476.2 473.9 469.5 466.7 458.8 446.5 438.6 430.2 422.4 416.8 412.3 407.7 402.7 398.1 393.1 388.9 383.4 377.3
287.5 285.6 283.7 281.3 277.1 272.1 265.4 248.6 238.4 238.3 242 254.9 270.6 287 307.8 325.4 341.9 355.9 367.7 374.2 379.5 383.7 382.8 380.5 378.2 378.3 378.8 378.6 377.2 375.5 371.6 367 360.3 350.3 341.1 329.1 318.5 310.1 297.2 290.3 298.5 309.2 318.1 325.2 335.7 346.1 358.9 370.6 381.5 390.4 403.4 416.5 423.7 430.7 438.9 445.3 450.9 460 467.2 471.7 472.5 471.3 468.2 461.7 451.6 438.9 429.8 425.2 419 414.6 409.7 404.2 399.2 394.1 389.4 384.2 379.8 373.9
290.3 287 284.4 281.1 276.2 270.6 262.8 250.7 239.2 238.2 245.4 261.6 280.6 297.6 318.2 335.6 349.9 363.4 373.8 380.6 385.4 390 389.7 390 390.3 390.2 390.8 389.1 388.9 385.9 381.6 373.8 363.8 352.4 341.3 330.9 321.7 312.3 292.7 293.1 299.6 309.4 319.2 326.4 336.1 346.4 360.1 370.4 379.4 390.3 408.4 417.6 425 432.3 439.7 446.5 452.1 461.8 468.8 472.1 470.5 468.3 463.6 454 439.7 429.2 425.2 421.3 415.6 411.4 405.5 400 393.9 388.1 384.1 380.9 376.4 372.2
291.6 288.7 285 281.1 275 268.8 258.8 241.9 239.7 239.7 253.1 268.9 287.8 305.8 325.2 342.4 355.5 366.6 380.9 388.1 392.4 395.9 398.6 400.1 402 402.6 402.1 401.3 399.6 395.8 389.5 378.6 366.5 352.6 341.2 332.3 323.3 312.8 299 295.4 300.3 310.8 319.2 327.7 337.1 347.3 358 368.4 377.8 391.5 406.3 416.8 425.1 433.1 440.8 446.9 453 463.3 467.6 468.5 467.7 463.1 454.8 441.7 430.8 426.3 421.4 416.9 411.9 407.5 401.7 395.6 388.7 383 380.8 379.6 377.3 374.1
293.1 289.7 285 280.4 274.9 267.1 252 240.1 240.1 247.7 259.2 276.4 293.7 313.7 330.5 345.2 358.6 372.4 386.1 394.1 400.5 405.9 407.7 410.4 411.2 412.4 412.9 411.8 408.3 404.3 395.5 380.7 366.7 352.7 340.2 332.2 323.2 309.3 298.8 300.9 299.6 309.3 319.1 327.2 336.7 345.5 355.1 365.3 377.7 390.3 404.3 415.6 424.7 433.6 441.4 447.7 453.9 460.1 462.8 463.7 463 456.5 445.7 430.7 425.7 421.6 417.6 411.9 408 403.8 398.5 391.7 383.8 378.4 378.6 378.8 378.1 375.5
296.3 291.8 285.9 280.1 272.7 262.8 244.5 240.8 241.5 253.7 265.3 280.3 297.3 317.5 332.4 346.2 362.1 376.7 389.2 397.8 407.2 412.2 416.8 419.1 420.2 421.5 422.4 420.7 416.3 408.2 395.3 380.5 364.6 351.5 340.8 332.1 322.1 307.1 303.7 305.5 306.9 309.4 319 326.5 336 344.2 354 363.8 376.1 388.4 402.4 415 425 433.6 441.2 447.7 452.6 457.2 458.9 458.8 454.6 447.5 434.7 425.3 421.1 417.1 412.8 408.2 404.4 399.6 394.2 387.4 380.6 373.2 376.3 376.6 376.2 373.5
300.9 293.8 285.6 279.1 269.2 253.2 242.1 241.6 243.4 258.8 267.8 283.6 301.5 316.2 332.9 347.4 364.1 377.4 389 399.9 411.4 418.3 423.3 426.4 427.1 429.6 429.2 425.7 418.3 406.1 391.7 377.9 363.6 351.3 340.5 331.3 317.3 306.5 310.5 312.5 313.3 312.9 316.2 329 335.4 343.4 352.4 363.6 374.7 387.5 403.5 414.6 424.9 433.7 441.1 446.8 450.7 453.2 453 453.3 445.7 435.2 426.3 420.9 416.7 412.7 408.3 404.3 399.9 394.8 389.1 385.1 378.2 371.7 369.7 362.4 369 370.5
304.5 294.8 284.2 267.4 252.2 242.2 242.5 243.2 253.5 262.4 272.2 285.1 298.5 314.6 333 346.2 364 375.7 389.4 402.2 413.3 422.6 429 433.1 435.4 435 431.5 424.9 414.2 399.5 387.5 373.4 363.7 350.3 340.8 329.5 317 313.6 317.9 320.3 321.1 321.6 322.4 326.1 334.7 343 352.6 364.1 375 389 404.1 415.3 424.8 433.6 440.7 445.3 447.4 447.5 444.3 440.4 434.5 425.8 420.4 416.3 412.3 408.7 404.7 399.9 394.6 387.9 384.3 381.5 376.9 370 360.7 357.5 354.6 350.1
305.6 294.4 275.3 256.9 246 245.3 243.8 250.3 258.8 265.8 274.7 286.9 302.5 317.3 335.5 349.2 362.5 376.4 391.1 404.4 416 425.8 433 436.6 437.7 434.8 429.2 420.1 406.5 394.4 383.3 370.6 362 350.5 339.2 329.6 314.4 320.9 323.2 325.5 327.1 327.5 331.4 326.9 338.2 347.1 356.5 366.2 377.3 389.5 403.5 417.1 426.2 434.5 440.5 443.5 443.1 438.1 432.5 429.3 424.1 419.4 415.6 412.8 409.1 405.7 402.1 398 391.4 383.3 379.7 377.2 373.9 365.5 360.7 374.6 372.4 368.7
305.3 286.2 264.8 248.4 246.4 244.8 245.7 255.7 261.5 268.4 277.6 289.5 305.6 320 338.5 351.9 365 377.5 393.1 406.9 418.3 428.7 434.9 437.6 436.1 431.1 421.4 411 400.6 389.5 379.2 367.9 359.4 349.2 338.7 330.2 323.1 327.5 329.7 331 332.7 335 339.9 338.4 334.6 347.4 356.2 369.6 378.8 390.2 405.9 418.3 427.9 435.7 440.1 440.1 437 431.5 426.9 423.7 419.6 415.2 412.8 409.5 406.5 403.2 399.5 395.3 389.6 383.6 377.7 373 362.6 365.3 375.4 379.5 379.2 377.3
303.2 279.8 254.1 247.7 245.6 244.2 253.4 258.7 264.5 269.9 281 295.2 309.8 324.6 340.4 355 365.9 381.5 396.3 408.9 420.5 429.5 433.6 433.9 430.6 422.4 412.9 402.9 394.4 385.9 376 366.5 356.6 347.9 339.7 332.4 329.7 334.9 336 338 340.4 341.1 344.8 346.9 347.8 353 359.4 370.4 380.9 394.9 408.5 420.7 429.7 436.3 439.2 436.8 432.3 427.2 423.8 420.7 416.8 413.2 411.1 408.1 404.6 400.3 396.8 392 389 384.1 379 367.1 367.1 369.5 378 381.4 382.8 382.3
299 274 250.5 246.2 244.9 246.6 257.3 262.1 266.7 274.3 286.4 299.9 314.5 325.2 342.4 357.5 372.3 384.2 399.6 411.4 420.9 426.2 427.9 425.3 420.7 413.7 404.2 397.9 390.8 383 374 365.1 354.2 347.3 341.8 334.7 335.4 339.8 341.8 343.7 347.1 347.9 350.4 353.5 357.2 360.1 363.1 370.9 382.1 397.8 410 420.9 432.5 437.3 436.4 433 428 423.8 420.5 417.8 414.1 411.6 409.4 406.6 402.9 397.4 392.8 389.5 386.6 383.2 378.3 366.9 375.2 371.3 379.1 383 385.6 384.8
284.7 259.6 249.8 246.3 248.7 254.6 261 265.8 271 278.6 289.1 303.4 316.9 330.2 344.9 360.6 375.1 389.2 401.3 412.7 419 420.4 419.1 415.9 411.2 406.1 400.2 393.4 386.7 379.5 371.7 362.6 356.3 348.9 343.4 339.2 340.5 344 346.9 350.1 352.3 355 356 359 363 366.9 370.1 374.7 384.7 399.3 410.7 423 432.9 434.7 433.1 429.3 424 420.8 418.8 415.4 412.5 410.5 408.6 405.4 400.9 395.1 389.5 386.3 384.3 379.5 369.8 376.1 377.3 372.2 380.8 384.8 387.2 386.6
257.7 250.2 249.6 249.5 251.4 258.1 264.3 269.2 274.8 282.6 291.5 305.4 317.9 332.3 348.7 364.1 379.5 391.4 402.6 411 413 413.2 412.1 410 405.6 400.4 395.1 388.6 381.9 374.7 365.9 360.2 356.1 349.5 346.6 345 346.1 348.8 351.8 354.7 358.8 359.8 361.7 364.8 368.4 373.4 377.7 381 389.6 402.7 412.7 422.9 430 431.9 429.6 425.4 421 418.4 416.3 413.9 411.6 409.7 407.9 404.6 399.1 393.2 386.5 381.4 378.6 372.6 377.6 379.3 376.4 375.7 382 386.4 388.4 389
251.8 249.9 255.3 258.9 251.5 258.6 267.4 272.2 278.2 285.5 295 306 319.9 336.6 352.8 368.3 381.8 393.3 401.9 405.3 406.3 406.6 406.5 403 399.6 394.9 389.7 383.9 376.2 368.3 363.4 360 355.9 352.4 350.4 351.1 352.1 354 357.4 360.6 363.4 364.5 367 370.3 375.2 382.6 388.6 394 394.8 404.6 414.3 422.4 428 428.5 426.6 422.8 419.1 416.6 414.5 412.6 410.9 409.1 406.8 402.8 396.8 389.6 383.4 379.5 375.1 379.7 382.2 381.3 375.7 379.3 384 387.8 390 390.9
254 260.8 263.2 262.9 260 257 269 275.5 281.2 286.8 298 310.1 321.3 339.7 356.8 371.6 384.1 394 398 400.2 401.3 400.6 398.7 396.3 392.7 388.2 383.2 376.2 367.6 362.6 361.3 359.7 356.5 354.7 354.7 355.4 357 359.4 361.5 366.4 367.4 369.8 372.8 376.1 382.4 389.9 397.8 404.7 409.2 412.5 416.8 423.2 426 425.4 422.8 420 417.5 414.9 413.1 411.3 410.2 408.4 405.1 401.1 393.7 386.1 382.2 378.8 381.5 382.6 382.8 380.2 381 383.8 387.2 389.8 391.8 393.7
267.2 269 269.2 268.1 264.7 256.6 270.7 278.3 284.4 288.4 299.1 312 324.4 340.8 359.5 374.6 384.2 390.4 393.2 394.1 393.7 392.8 391.2 388.5 383.9 379.3 372.6 365.5 362.6 360.5 360.2 359.4 357.7 356.7 357.7 359.4 361.6 364.3 366.6 369 371.8 375.5 378.2 383.2 392 400.7 408.4 415.1 419.2 421.6 422.7 425.1 424.9 423.1 420.8 418.6 416.1 413.9 412 410 408.6 406 403.4 400 392.7 386.3 381.8 383.2 385.1 384.3 382.1 381.7 384.7 386.8 389.9 392.2 393.8 396.1
274.7 273.9 273.8 272.8 267.9 257.5 267.9 279.4 286.8 290 298.2 310.5 325.4 343.1 361.2 373 379.8 383.5 385.5 385.7 384.7 383.8 381.5 378.3 374.3 367.5 361.7 361.5 360.1 359 358.6 358.4 358.2 359.3 361.5 363.8 365.9 368.6 370.9 373.3 376.8 380.9 386.2 396.2 407.2 412 418.6 424.3 427.8 428.9 427 425.9 424.3 422 419.6 417.3 415.1 413.1 411.5 409.3 406.3 403.4 400.4 397.4 391.6 386.8 385.4 386.9 387.8 385.1 385.7 385.8 386.9 389.9 392.4 396 397.5 400
278.7 277.7 276.8 275 269.2 261.5 263 279.2 286 290.6 297.4 307.4 325.7 342.4 358.8 368 373.3 376.6 377.5 377.2 375 372.8 369.8 366.6 360.9 355.4 356.5 358.2 356.9 356.5 357.7 358.5 360 361.6 364.4 367.9 369.7 373.7 375.7 378.9 382.1 388.5 397.9 410.1 418.2 422.6 427.2 432.1 435.1 433.4 430.4 426.7 424.1 421.3 418.8 416.7 414.9 412.9 410.8 408.6 405.6 402.5 398.8 395.4 391.2 389 389.3 389.5 389.2 386.7 388.4 389.2 390.1 392.8 397.2 400.2 402.6 405.1
281.7 279.9 277.3 273.3 263.9 269.3 264.6 275.6 284.9 286.6 294.6 303.2 322.7 338.6 350.3 358.9 364.9 367.8 368.9 366.2 362 359.5 356.4 351.9 350.7 351.6 353.6 354.7 354.4 354.6 356.8 359.2 361.9 365 367.8 370 372.8 376.3 380.1 385.6 391 400.4 412.2 421.1 427.7 431.6 434.8 438.1 438.7 437.1 432.1 428.8 424.5 420.8 418.7 416.9 415 412.9 410.8 406.2 404.6 400 396.4 395 392.1 392.5 392.9 392.4 390.6 387.3 391.3 393 394.1 396.2 400.8 403.9 406.6 408.5
285 280.7 276.3 267.4 272.5 274.8 274.1 266.1 275.3 280.6 289.7 299.6 317 329.4 340.8 348 354.1 355.2 353.5 352.4 349 349.6 349.4 348.2 348 348 349.4 352.1 352.7 354.3 357.8 361.1 364.8 368.3 370.9 373.5 376.8 380.3 388.1 396.4 405.3 415.3 423.4 431.4 435.6 439.2 442.5 442.5 440.7 438 433.6 429.4 424.9 421 418.6 416.1 414.9 410.6 411.5 408.6 403.9 402.3 399.7 397 395.9 395.4 395.5 394.6 392.3 392 394.5 396.4 398.8 400.8 404.3 407.8 410.5 412.8
286.4 281.9 277.4 272.9 276.2 278.6 277.8 273.8 267.7 275 284.9 293.3 307.4 320.1 331 337.2 341.2 342.3 342.3 342.2 341.5 342 342.8 343.4 342 343 345.7 353.9 351 355.6 359.9 363.7 368 370.9 374.4 378.2 383.1 391.5 400.3 408.5 420 427.9 434.4 440.4 443.9 443.8 444.6 444.2 441.8 438.3 434.3 430 425.4 421.8 419.1 416.9 416 414 411.7 409.6 406.6 404.4 401.1 399.1 398.7 398.3 398.5 397 393.8 395.4 397.7 399.4 401.9 405.7 408.1 411.2 414.7 416.6
287.5 283.1 274.7 277.5 279.8 281.4 281.2 279.5 275.7 269.2 279.7 288.8 297.8 311.8 320.2 325.1 328.6 330.2 331 332.3 332.8 334.2 333.6 333.3 334.3 337.1 340.8 343.6 351.1 356.6 361.1 366 370 373 377.9 384.7 394.2 401.3 411.4 421.9 431 437.4 443.2 447.3 449.4 448.5 446.8 445.2 442.2 438.6 434.7 430.6 426.1 422.6 420.7 419 417 415.5 412.8 409.6 408 406 404.1 402.4 402 402 401.8 399.4 395.3 397.9 400.1 401.2 405 408.4 411.5 414.5 418 419.9
289.2 285.4 276.3 281.9 284.9 285.3 284.6 285.4 282.8 279.5 272.7 279.8 288.4 302.9 308.6 312.5 316.2 319.1 320.4 321.9 323.1 324 324.1 319.1 322.1 336 341.9 348.9 352.6 357.8 363 368 372.1 376.8 383.8 392.8 402.7 409.5 422.5 431.4 438.5 444.5 450.3 453.7 453.2 451.7 449.3 445.6 442 438.8 434.9 430.7 427 424.1 422.2 420.6 418.7 416.8 414.1 413 410.9 409.5 407.3 406.6 406.7 406.2 405.1 401.5 396.6 400.2 402.4 404.8 408.1 411 414 417 420.7 423.1
290.2 286.3 280.3 284.6 286.9 288.2 289.3 290.2 289.4 287.6 286.2 278.5 278.1 286.7 299.8 301 305.2 309.5 310.6 312.3 313.4 313.1 313 322.6 329.6 335.2 341.4 349.5 354.1 359.4 365.3 370.1 375.4 381.4 389.5 399.2 410.4 421.3 431.3 438 445.6 452.1 454.9 456 455 452.9 448.6 444.7 440.8 438.4 434.5 430.7 427.9 425.8 423.8 422.3 420.5 418.8 417.5 415.2 414.4 413 411.7 411.9 411.6 410.5 408.7 404.3 399.4 402.1 405.8 408 410.9 413.9 416.7 419.6 423.5 426.3
287.7 286 284.3 288.3 291 292.8 294.8 296.6 296.6 295.4 294.4 291.4 287.8 278.7 283.3 291 297.8 303.6 303.5 302.8 302.8 311.7 316 321.6 327 332.7 340.1 348.8 354.7 361.2 367.1 372 378.4 385.3 394.2 405.8 416 428 437.7 444.8 452.7 458.6 459.3 458.2 456.1 452.5 448 443.5 439.7 436.4 433.8 431.4 429.2 427.3 425.4 423.7 422.5 420.2 419.3 418.9 417.8 416.6 416.7 416.8 415.8 414.6 411.9 407.9 402.6 406.2 409.2 411 414 416.7 419.4 422.9 426.7 429.2
291.1 289.9 288.1 292.9 296.3 299.1 301.2 301.9 300.9 299.6 298.2 296.8 293.6 289.6 280.4 284 292.3 296 293.6 298.7 303.1 309.6 315.2 321.9 327.4 332.5 338 346.9 355.2 362.3 368.2 374.8 382 390.2 399 411.3 425.3 435.9 444.2 451.3 459.2 462.3 459.5 457.3 454 450.5 445.6 441.2 438.1 436.1 433.8 431.7 429.8 428.3 426.2 425.2 424.1 423.3 422.6 421.9 421.2 420.8 421.3 421.1 419.9 417.7 415.3 411.5 409.4 408.9 412.9 414.9 416.5 419.2 422.3 425.8 428.3 430.9
295.9 294.6 292.4 296.4 300.8 304.5 306.8 308 309 307.6 305.3 301.7 299.2 295.6 289.5 285.5 286.5 291.8 299.7 305.7 308.3 312.2 317.6 325 332.5 339.1 343.7 349.5 358.1 363.7 370 377.3 385.2 393 405.3 416.8 431.7 441.4 449 455.3 462.8 461.7 458.6 454.7 450.7 446.9 442.9 439.4 437.4 435.4 433.4 431.8 430.2 429 427.6 425.9 425.9 425.2 424.8 425 425.2 425.2 425.5 424.5 422.8 420 418.2 415.5 414.5 415.1 416.4 417.6 419.6 422 424.7 427.8 429.8 432.2
300.6 299.8 298.9 298.9 304.2 308.1 310.8 313.2 316.4 315 311.9 308.5 305.3 300.4 292.3 291.8 291.4 289.8 298.1 304.2 309.7 314.5 320.6 327.7 336 343.4 349 353.7 361.6 367 373.7 380.5 389.3 398.1 412.6 425.3 436.6 446.4 452.9 458.2 461.8 459.6 455.9 451.1 447.3 443.5 440.5 437.8 435.6 435.1 433.2 431.9 430.5 429.4 428.6 428 427.4 427 427.4 428.1 428.9 429.1 428.9 427.2 425.5 423.3 421.6 419.9 418.9 419.3 419.7 420.9 422.8 424.2 427 428.9 431 432.3
306.3 305.5 304.8 304 307 311.2 314.5 317.6 321.2 320.5 317.3 313.8 309.7 304.7 298.7 297.3 296.6 294.9 295.3 303.6 311 317.1 323.4 330.7 338.9 347.2 353.1 357.9 364.6 370.5 378.2 386.1 394.7 406.9 420 430.7 442.5 449.8 455.3 458.4 459.2 456.8 452.5 447.3 443.8 440.3 437.8 435.6 433.9 433 433.1 431.8 431.2 430.4 429.7 429.2 428.8 430 430.9 432 432.8 432.7 431.5 429.7 428.4 427 424.9 424.1 423.6 422.9 423.4 424.4 425.5 427.1 429.2 430.6 431.9 433.1
312.8 311.6 310 309.7 310.2 313.3 317.2 321 325.4 325.6 322.4 318.6 314.1 309 304.4 303.3 302 299.6 295.8 305.2 313 318.5 325.1 333.5 342.3 349.5 355.7 362.4 368.1 374.5 383.7 391.8 406.7 418.5 428 438.3 446 452.8 455.9 457 455.8 453.1 448.1 442.8 439.7 437.2 434.8 433.2 432.4 432.7 431.1 431.7 431.7 431.4 430.7 430.6 432.1 433.5 434.7 435.9 436.5 435.9 435.2 433.7 432.8 431 428.1 427.7 426.8 426.1 425.4 427.2 428.4 429.4 430.5 431.8 432.7 433.7
316.7 315.8 314.4 314.4 314.8 316.1 319.1 323.7 330 330.1 327.1 322.7 319 314.2 310.4 309.2 307.4 304.2 299.3 299.7 311 318.6 326.1 336.1 345.6 352.5 359.4 365.8 372.7 381.5 391.8 402.4 415.3 426.2 435.3 444.8 449.2 455.1 454.2 453.3 451.4 447.9 442.6 438.2 435.5 433.6 431 431 430.9 430.4 429.8 429.7 432.2 432.1 432 433.9 435.6 437 438.2 439.6 440.1 440.3 440.4 438.8 437.7 435.5 433.6 431.6 429.9 429 428.3 429.6 430.3 431.2 432.2 433.1 433.3 434.1
