app/static/ascii/NJ35.asc
ncols 200
nrows 200
xllcorner 330000
yllcorner 850000
cellsize 50
[rows 0 to 35 of 200, columns 80 to 159 of 200]
28.8 25.7 20.4 19.9 20 18.7 18 17.7 18.1 18.5 18.8 19 19.3 19.7 19.3 18.9 18.7 19.1 19.6 19.5 19.4 19.2 18.9 18.8 19.2 19.2 19.1 19.3 19.4 19.6 21.4 38.4 46 52.4 58 62.4 66.2 68.6 70.4 70.6 70.7 71.3 72.4 72.9 73.4 73.9 74.2 74.3 74.5 74.4 73.6 72.6 71.2 69.8 69.1 69.1 69.6 70.2 70.6 71.1 71.5 71.5 71.9 72.4 72.2 71.7 69.9 69.1 69.1 68.9 68.1 68 68.7 69.5 70.4 71.4 73.6 75.8 78.4 80.2
29.1 25.2 20.6 20.6 20 18.2 17.8 18.2 18.6 19 19.3 19.5 19.6 19.4 19 18.9 19.3 19.6 20.1 19.8 19.6 19.3 19.1 19.3 19.7 19.6 19.4 19.5 19.7 20 21.8 38.8 46.6 53 58.6 62.7 66.8 69.4 71 70.7 71.2 72 73.4 74.6 75.2 75.7 75.9 75.7 75.5 75.5 75 73.1 70.9 69.6 69.1 68.9 69.1 70 70.7 71.1 70.9 70.8 71.1 70.8 69.9 69.1 69.2 69 68.7 68.5 68.2 68.8 69.8 70.8 71.8 72.7 76.1 78.9 82 83.5
28.5 24.6 20.7 20.3 17.8 17.4 18.3 18.8 19.2 19.6 20.1 20.6 19.7 19.2 19.5 19.9 20.2 20.2 20 19.7 19.5 19.4 19.2 18.9 19 19.2 19.2 19.1 19.4 20.2 23.1 40.4 47.3 53.5 58.9 64.1 67.5 69.9 71.8 71.4 71.8 72.7 74 75.8 76.7 77.4 76.9 76.7 76.5 76.6 75.9 73.5 70.5 69.1 68.8 69.2 68.7 69.6 70.8 71.1 70.5 71.1 71.5 71 69.7 70.4 70.3 70.4 70.2 69.8 70 70.6 71.1 72.1 73.1 73.3 75.3 77 77.1 72.3
28.5 26.2 20.8 18.6 17.9 17.3 18.2 19.7 20.2 20.6 20.5 20.4 19.3 19.8 20.4 20.7 20.4 20.1 19.9 19.8 19.7 19.5 19.3 19.1 20.2 19.9 19.3 19.2 20 20.8 23.8 40.2 46.6 53.6 60.3 65.4 68.1 70.3 72.6 72.2 72.4 73.4 74.5 76.3 78 78.7 78.4 77.6 77.5 77.1 76.3 72.5 69.1 68.7 69 69.4 68.9 69.2 70.6 70.6 70 70.8 71 71.1 72 71.8 71.7 71.6 71.6 71.4 71.9 72.6 73 73.5 73.4 74.5 76.1 75.6 74.4 74.9
26.5 25.9 23.9 19.1 18.1 19.7 23 24.9 24.5 22.4 20.6 20 19.5 20.1 20.4 20.7 20.5 20.2 20.2 20.2 20.1 20.2 20.1 20 21.2 21.4 20.9 20.7 20.8 21.4 26.8 39.4 47.9 55.4 62.1 66.6 69.2 70.9 72.2 73.3 72.9 73.5 75.2 77.2 78.7 79.5 79.4 78.4 77.5 77.6 78.2 76.2 72.6 68.7 67.9 68.2 67.8 69.5 71.2 71.5 70.5 70.7 71.2 72.9 72.9 72.5 72.5 72.5 72.5 72.4 73.2 73.5 73.6 73.8 75.1 76.6 77.5 79.4 79.7 82.3
27.2 25.6 20 19.8 19.3 22.1 24.4 25.7 24.6 22.5 20.7 20.2 19.9 20 20.3 20.6 20.5 20.3 20.5 20.5 20.5 20.8 20.9 21.4 21.8 22.3 22.4 22.3 22.3 22.3 26.2 39.1 49.2 56.6 62.8 67.5 69.8 70.8 71.9 73.9 74.4 74.6 76.2 78.1 79.3 80.2 80.1 79.1 77.3 76.8 76.9 74.3 71.6 68.7 67.9 67.1 68.7 70.6 71.8 72.2 71.9 72.6 73.7 74 74 73.6 73.2 73.2 73.2 72.9 72.8 73.3 73.4 76 79 79.9 79.4 83.9 86.5 89.6
27.9 25.7 19.8 19.7 22.1 24.4 25.6 25.4 23.2 21.1 19.9 20.1 20.3 20.1 20.2 20.4 20.6 20.6 20.8 20.9 21 21.2 21.7 22 22.5 23 23.5 23.6 23.4 23.6 26.2 38.1 49.8 57.3 63.5 68.1 71 71.5 70.4 74.4 75.4 75.8 77.4 79 80 80.8 81.3 79.9 77.5 75.9 74.9 72.5 69.9 68.9 68.3 68.5 70 71.2 72.4 72.9 73 74.1 74.8 75.3 75.1 74.6 74.2 73.9 73.9 73.5 73.4 75.2 77.8 81 83.6 85.3 84.1 84.6 91.6 93.6
30.8 20.9 19.5 20.6 23.1 25.1 25.1 23.5 21.3 20.7 20 20.4 20.5 20.4 20.3 20.4 20.8 21.1 21.3 21.4 21.9 22.4 22.5 22.8 23.4 24 24.7 24.6 24.5 24.7 25.7 40.9 49.6 58.7 63.9 68.6 71.5 72.6 72.5 74.8 76.2 77 78.6 79.3 80.3 81.5 82.3 80 75.8 73.7 72.6 70.6 69.1 68.7 69 69.8 70.6 71.8 73 73.6 74.7 75.8 76.5 76.9 76.7 76 75.3 74.9 75.2 76.7 77.3 79 81.5 84.5 87.4 90.6 89.1 86.1 89.9 96
30.1 19.4 19.3 22.1 23.6 23.3 23.4 20.9 21 21.1 21.1 21.1 21.3 20.7 20.6 20.9 21.4 21.6 21.8 22 22.4 23.1 23.7 23.9 24.5 25.2 25.8 25.7 25.4 25.3 31.9 42.5 51.7 59.6 64.3 69 71.2 73.8 74.8 75.7 77 78.2 78.7 79.1 79.8 81.2 82 78.8 74.2 71.8 70.5 69.5 68.7 68.5 69.3 70.5 71.6 72.3 73.5 74.9 76.3 77.6 78.1 78.5 78.1 77.6 77.5 78 78.8 80.5 81.3 82.8 85.2 87.8 90.8 93.8 95 91.4 89.3 95
25.4 19.7 21.6 22.3 23.4 21.3 21.2 20.6 21 21.6 21.6 21.8 21.5 21 21.1 21.2 21.8 22 22.4 22.6 23 23.6 24.3 25 25.7 26.3 27 26.7 27 26.7 34.7 44.3 53.5 59.9 64.7 68.6 71.2 73.9 75.6 76.7 77.4 77.6 78.3 78.9 79.4 80.6 79.3 77.2 72.4 69.5 68.8 68.4 68.3 69 69.7 71.1 72.5 73.6 73.8 76.1 76.9 78.1 79 80.1 80.3 80.1 80.9 81 81.9 83.8 85.3 86.5 88.9 91.3 94.1 96.7 97.8 96.4 92.5 95.6
19.6 20.7 21.6 22.4 22.3 20.9 21.2 21.3 21.6 21.9 22.2 21.9 21.6 21.3 21.4 21.8 22.2 22.3 22.9 23.2 23.5 24.2 24.9 26.3 27.1 27.6 28.2 28.6 28.1 31.8 37.3 45.9 55.4 60.9 65.1 68.6 71.2 74 75.7 76.6 76.8 77.1 77.6 78.3 79.1 78.6 77.8 75.2 71.1 68.6 67.4 67 67.7 69.1 69.9 71.5 73.1 74.3 75.4 76.9 78.2 79.2 78.5 80.4 81.6 84.7 86.1 86.4 86.1 87.2 89.1 90.3 92.7 95.1 97.4 99 99.4 99.8 97.3 94.7
19.9 21.5 21.4 22.1 21.4 21.4 21.8 22 22.3 22.7 22.6 22.2 21.6 21.6 21.8 22.4 22.5 22.7 23.3 23.8 24.1 24.7 26 26.9 27.8 28.5 29.4 29.9 32.1 34 38.6 47.7 56.1 62 66 68.5 70.5 72.9 75.7 75.9 76.2 76.4 76.9 77.4 77.8 77.1 75.8 72.6 69.3 66.7 66.2 66.5 66.7 68.4 70.1 71.9 73.5 74.9 76.5 79.1 80.6 82.2 84.6 83.3 84.1 88.6 91.2 91.8 89.3 89.6 92.5 94 96.4 98.7 100.2 101.4 101.6 101.8 101.7 98
20.7 30.1 26.7 21.9 21.4 21.8 22.4 22.7 23.5 24.2 24 22.8 21.2 22 22.7 23.1 22.8 23 23.6 24.2 24.6 25.6 26.5 27.4 28.5 29.5 30.6 31.9 34.9 37 39.1 49.1 57.1 61.8 66.6 68.2 69.2 72.6 74.3 74.6 74.8 74.7 75 76.1 76.4 74.6 72.2 68.6 64.9 65.9 66.4 66.7 67.4 69.1 70.4 72.2 73.8 75.3 77.3 80.5 83 85.9 89.9 89.6 84 90.6 94.9 94.7 91.5 92.9 95.4 97.8 99.2 100.8 102.2 103.7 104.4 104.6 104.6 102.1
20.3 27.1 26.8 25.5 21.9 22.7 23.1 22.4 24.1 26.5 26.6 26 27.6 31.3 29.3 26.2 23.2 23.4 24 24.6 25.2 26.1 27.1 28.1 29.2 30.5 31.9 33.3 38.2 39.4 40.8 49.5 58.3 64.1 64.1 67.9 68.5 70.6 72.7 73.1 73 72.6 72.6 73.2 73.3 70.7 66.6 66.4 66.3 66.5 66.7 67.4 68.4 69.9 71.4 72.7 74.3 75.5 78.5 81.7 85.6 89.4 92.9 95.4 94.1 91.1 97.7 97.9 95.6 97.1 99.1 101 102.1 103.1 104.2 105.7 107.1 107.4 107.2 105.8
19.9 25.3 26.1 25.7 22.5 23.4 23.2 23.5 26.2 28.1 28.2 26.6 30.1 32.5 33.1 32.3 31.1 24.1 23.9 24.4 24.7 25.6 27.3 28.6 29.9 31.2 32.7 34.6 37.9 39.2 39.3 45 58.1 62.7 65.8 67.4 68.6 68.9 71.2 71 70.6 70.2 69.3 68.1 66.4 64.1 65.4 67 67.2 67.4 67.9 68.5 69.4 70.8 72.3 73.7 75.6 77.2 80 83.8 87.8 91.3 94.3 98.3 99 89.7 98.9 101.2 101 100.1 102.4 104.2 105.1 106 107.1 108.2 109.2 110.1 109.8 109.4
19.8 24.2 24.4 24.9 23.3 24.6 23.3 27 29.3 30.1 30.1 30.4 30.4 32.7 33.5 33.1 33.4 33.1 32.1 30.1 25.9 24.6 27.2 29.1 30.6 32.1 34 36.1 37.4 39.6 42.4 47.6 50.1 60.4 63.9 65.2 66.3 66.5 68.3 68.3 66.7 64.8 63.1 65 59.9 61.7 64.6 67.7 68.2 68.7 69.2 69.9 70.5 71.7 73.3 75.5 77.5 78.7 80.7 86 90 92.8 95.2 98.8 101.8 91.8 100.4 104.2 104.8 104.8 105 107 107.9 108.9 109.9 110.7 111.5 111.9 111.8 111.7
20 23.8 24.4 23.7 20.4 24.2 26.8 30.4 31 30.9 30.5 30.4 30.4 33.1 33.7 33.8 33.9 33.8 33.8 33.4 33.2 33 31.9 31.6 32.8 33.9 35.1 37.1 38.9 39.4 41.7 47.7 53.7 50.3 51.6 46 52.2 56.6 59.6 56.5 57.9 64 61.6 56.6 65.3 66.1 67.3 69.9 70.2 70.6 71.1 70.8 71.2 72.6 74.2 78.4 81.2 82.5 83.6 87.7 91.4 93.6 95.9 99.8 102.6 97.2 102 106.6 108 108.5 108.9 109.9 110.4 111 111.8 112.5 113.3 113.6 113.4 113.2
19.5 23.5 24.1 24.9 24.2 24.4 24.6 30.7 31.9 32 31.9 30.4 30.4 30.4 34.5 34.2 34.2 34.2 34.3 33.9 33.5 32.8 32.5 33.5 34.4 35.5 36.7 37.9 39.6 39.4 42.1 45 52.9 57.6 59.4 62.6 49.7 50.5 54 51.8 56.9 52.3 55.2 56.3 66.1 68.1 70.4 71.9 72.3 73.1 73.7 72.5 73 75.5 80.8 83.8 85.7 85.2 84.7 89.9 92.6 94.9 97.3 100.7 104.3 102.9 98.7 103.7 108.8 109.7 111.6 112.2 112.6 113 113.6 114.4 115.1 115.2 115 114.8
18.7 23.5 24.3 25.6 25.5 26.9 30.6 26.6 32.4 32.5 32.2 30.4 30.7 34.3 34.1 34.6 34.6 34.6 34.8 34.5 34 33.3 33.7 34.7 35.6 36.8 38 39.1 40.3 41.8 43.9 47 51.8 56.2 61.1 63.2 64.1 63.3 64.6 64.4 61.9 61.6 64.8 59.8 66.7 69.2 70.8 72.5 73.5 75.1 76 76.3 80.6 84.6 87.5 90.1 90 90 87.9 91.9 94.1 96.3 99.3 102.5 105.8 106.9 104.2 105.4 104.9 111.1 112.9 114.4 114.8 115.2 115.6 116.2 117 116.9 116.7 116.8
21.2 22.3 24 25.6 26 27.6 31.1 32.6 31.5 31.3 33 30.4 34.1 34.4 34.6 35 34.9 35.1 35.3 35.1 34.5 34 34.8 35.9 36.8 37.8 39 40.1 41.3 43.4 45.5 47.8 52.1 55.7 60.5 64 66.6 65.6 65.8 65.7 64.7 61.9 66.2 66.9 68.2 69.7 71.3 72.9 74.6 77.5 79.3 83.1 87.2 91.3 94.2 96.4 96.5 95.9 93.1 93.8 96.7 100 102.9 105.9 108.2 109.3 109 108.6 108.6 111.7 114.5 116.6 117.1 117.5 117.9 118.3 118.7 118.9 119.1 119.2
22 18.6 25.2 26.1 27 27.6 30.8 32.8 34.2 35.4 30.9 33.3 33.9 34.9 35 35.4 35.4 35.6 35.9 35.7 35 34.5 35.7 36.9 38 38.8 40 40.4 42.3 44.4 46.6 48.7 51.8 55.3 58.8 63.9 65.9 67 68 68.1 67.7 66.2 66.7 67.9 69.4 70.6 71.5 73.6 76.7 79.8 83.2 86.7 92.7 98.1 101.7 103.2 103.6 102.3 99.1 98.3 100.9 103.7 106.6 109 111.1 112.4 112.3 112 111 109.1 116 118.4 119.3 119.7 120.4 121.2 121.3 121.4 121.6 121.3
22.2 18.4 25.6 26.6 27.5 28.3 29.2 33.1 34.5 35.5 35.8 35.6 33.2 35.6 35.8 35.7 35.9 36.1 36.4 36.3 35.5 35.2 35.9 37.2 38.5 39.9 40.3 41.1 43.3 45.4 47.6 49.8 52.4 55.7 59.1 64 67.1 68.2 69.3 70.4 69.9 68.2 67.8 69.5 71 72.2 72.9 75.7 78.2 81.1 84.7 89.2 95.3 103.4 108.9 110.8 110.6 108.7 106.2 103.6 106.6 107.3 109.8 111.9 114 115.4 115.7 115.4 115.1 113.1 114 119.7 122.1 123 123.9 124.2 124 123.8 123.8 123.9
21.1 18.6 26.2 27.3 28.3 28.9 29.8 32.7 34.7 35.9 36.4 36.3 36.3 36.5 34.5 37.5 36.8 36.9 37.1 36.8 35.9 35.8 37.5 36.9 38 39.3 39.8 41.4 44.3 46.4 48.6 50.9 53.6 56.5 59.9 65.8 68.3 69.3 70.1 70.9 70.6 70.1 69.8 71.2 72.7 75.6 80.4 83 85.7 87.6 89.1 91 94.5 108.6 115.1 117.9 117.9 116.3 113.8 110.7 103.6 111.9 114.4 116.9 118.4 118.4 118.3 118.7 119 116.4 111.6 121.5 123.4 125.3 127.2 127 126.8 126.5 126.9 127.3
19.5 20.7 23.6 28.6 29.4 29.9 30.4 33.2 35 36 37.2 37.2 37.4 37.5 37.9 38.7 35.2 38.8 38.6 37.9 36.6 38.3 39.4 39 38.3 38.7 39.4 41.5 44.4 47.3 49.6 52.3 55.2 57.8 60.6 66.6 69.2 69.7 70.5 71.3 71 70.6 71.8 73.2 79.3 83.7 87.6 91.1 94 96.4 96.4 96.4 97.5 110.8 119 123.4 125.2 124.7 122.6 117.8 111.3 117.1 120.2 122.6 122.4 122.4 122.6 123 123.3 121.2 118.4 113.6 124.6 126.2 129.1 129.7 129.4 129.3 129.6 130.1
24 26.4 28.6 29.7 29.9 30.3 31.2 32.8 35 36.6 37.9 38.4 38.7 38.9 38.8 39.2 39.8 41.1 39.2 40.7 39.1 40.6 41.3 41.1 40.4 39.7 41.3 42.9 44.6 47.7 51.2 55.3 58.6 60.4 62.2 68.7 69.9 70.6 70.9 71.7 71.3 71 76.2 81.5 86 90.6 94.5 98.3 101.8 104.8 105 103.7 104.2 107.9 121.7 127.7 129.3 130.1 129.3 124.3 118.5 119.8 126.2 127.2 127.4 127.2 127 127.3 127.2 125.2 123.7 120.6 118.2 127.3 130.3 132.2 132.2 132.1 132.2 132.8
24.1 26 27.1 31 31.5 29.4 32.1 32.9 34.8 37.3 38.2 39.1 39.9 40.2 40 40 40.5 41 41.7 41.8 38.8 45 44.6 44.9 42.7 41.8 43.2 45.1 47.8 50.6 53.6 59.8 63.9 65.3 64.4 67 71.2 71.5 72 72.1 74.5 80 84.4 89 93.2 97.5 101.3 105.2 108.5 113.3 114.5 114 113.9 106.7 121.6 131.7 134.4 135.7 135.1 129 125.4 123.3 131.8 132.3 132.2 132 131.8 131.6 131 129 128.2 127.5 123.1 121.5 130.4 133.5 135 134.9 134.9 135.4
24.6 25.7 27.3 33.9 35.6 32.5 32.8 34.2 36 38.1 38.7 39.4 40.2 41 41.4 41.1 41.2 41.5 42.2 40.4 43.1 46.4 49 49.5 48.4 46.2 45.7 48.3 51 53.6 56.4 63.7 68.1 69.2 69.1 69.7 72.8 73.2 76.6 80.4 84.4 88.4 92.4 96.2 100.2 104.3 106.6 109.5 115.6 119.8 119.9 120.9 121.5 120.3 121 133.1 139 137.4 133.4 131.4 130.5 129.6 136.2 137.4 137.4 137.2 136.9 136.7 134.6 132.3 131.2 131.5 128.6 119.8 129.6 133.9 136.7 137.6 137.6 138.1
25 25.4 32.9 34.2 35.8 33.8 34 34.4 36.3 37 38.3 39.6 40.9 41.7 42 42.3 42.6 43 43.4 45.1 44.4 44.4 50.7 51.8 53 49.6 48.9 51.6 54.5 57.2 59 65.8 70.3 72.2 73 73.2 75.9 79.9 83.1 87.6 91.4 95.4 99.3 103.1 106.9 110.6 113.1 116.2 121.3 124.3 125.2 126.3 127 125.3 119.6 134.5 135.6 138.9 142.4 140 136.3 139.3 141.9 143.2 143 142.6 142.2 140.7 138.4 136.2 134.6 135.4 132.2 121.9 127.9 134.3 138.1 139.3 140.2 140.6
25.5 29.2 32.7 33.8 34.9 34.6 34.1 34.8 36.1 34.1 37.8 39.3 41.1 42.7 42.7 42.7 43.7 44 44.7 45.6 45.8 45.9 47.6 53.8 55.4 54.8 52 54.8 57.7 60.7 64.5 69 72.3 73.7 75.6 76.4 79.6 80.8 87.2 92.2 97.3 102.2 106.1 109.9 114.3 118.7 122.1 124 126.9 129.2 130.6 131.7 132.5 131.7 120.9 134.3 141.1 145.8 148.5 146.4 145.5 146 146.7 148 148.9 148.6 148.2 145.2 142.4 140 137.1 138.5 134.6 126.5 126.7 135.1 139 141.4 142.6 143.3
25.5 32 33.2 34.3 35.8 37.5 36.5 39.2 37.3 37.3 35.7 39.5 40.2 41.3 42.3 44 45.1 45.4 45.9 46.4 47.1 47.4 47.5 51.2 56.4 58 55.2 58.7 61.2 65.2 69.9 73.1 77.5 80 80.7 76.7 81.7 83.1 90.9 96.4 101.5 106.5 111.9 116.3 121.5 124.5 127.2 129.7 132 134.1 136.2 137.3 138 135.9 123.9 137.2 145.1 149.3 150.5 150.3 147.7 150.6 151.6 152.8 154 154.6 153.7 150.5 147.3 144.5 143.6 142.3 139 127 137.3 134.2 140.5 143.7 145.1 146.3
25.2 32.8 34.1 35.1 36.2 37.3 38.4 39.2 39.8 38.9 38.2 38.6 40.3 40.9 42.5 43.3 46.6 47.3 48.1 48 48.5 49.2 49.7 51 53 58.1 58.7 62.8 66.6 70 74.7 79.1 83.8 86.4 87.1 84.1 82.4 88.8 94.4 99.5 104.8 109.9 117.4 122.4 125.6 128.6 131.3 134.2 137 139.1 141.3 141.9 142.2 140.9 133.2 133.3 146.5 150.5 152.6 153.7 153.3 155 156.3 157.7 158.9 160.1 159 156.6 153.2 149.2 148.4 147.9 143.4 134.9 141.5 143.2 138.7 145.2 149.3 150.1
25.5 32.6 34.1 35.1 36.2 37.2 38.2 39.7 40.1 41.9 42.4 40.7 39.6 41.7 42.8 42.9 42.9 48.3 49 49.3 49.8 51 52.3 54.2 57.5 60.7 62.7 67.1 71.8 76.6 80.4 84.9 89.3 92.5 93 91 83.6 93.1 97.6 102.5 107.6 113 120.1 124.6 128.1 131.9 135.8 138.6 141.5 143.3 145.1 145.3 145.8 144.6 140.7 132.7 146.4 150.5 157.9 158 159.7 160.3 161.5 162.8 164.1 165.3 165.6 162.7 158.4 155.4 152.8 151.4 148.5 139.9 143.1 145.4 146.5 138.8 150.6 153.1
25.4 34.2 34.3 35.2 36.2 36.9 38.1 39.6 41.2 42.7 42.6 43.2 43.3 41 41.4 43.6 44.6 45.6 49.4 51.1 51.9 53.5 55 57 59.8 63 66.2 72.5 78.9 84 87.7 93.6 97.9 100.3 100.1 97.3 92.2 95.8 100.2 104.8 110.2 117 122.7 127.4 131 135.1 139.1 142.8 143.7 141.6 146.8 149.3 149.9 148.1 146 136.3 149.8 157.3 163.1 164.8 165 165.6 166.8 168.1 169.5 170.3 169.4 167.9 163.7 160.4 157 154.9 152.4 146.1 143.4 147.2 150.9 151.9 145.4 153.2
26.1 32 34.8 35.3 36.4 37.1 39 39.3 39.2 41.5 42.4 43.3 44.3 44.6 44.4 41.9 45.3 46.3 47 51.3 53.6 55.5 57.6 60.3 63.5 66.1 70.9 78.6 85.7 90.7 94.9 100.5 106.5 108.8 108.8 105.6 100.2 92 102.7 107.6 112.4 119.6 124.9 130.2 133.8 138.4 142.4 146.1 148.6 149.5 150.5 151.9 153.6 153.3 151.4 135.1 151.3 161.2 166.7 169.1 170.3 170.9 172.1 173.6 175 174.2 173.6 171.7 168.6 165.4 161.9 159.4 155.9 151.4 144.1 151.3 154.5 155.3 154.9 150.1
26.2 29.3 34.2 35.2 36.6 37.4 38.8 39.3 39.3 41 42.2 43.7 44.8 45.5 46.1 46.6 44.4 41.6 46.9 52.3 53 59.3 60.6 64 64.1 71.4 76.3 83.3 90.7 97.2 102.3 107.3 111.7 116.4 117 114.7 108.8 96.5 105 112.6 118.5 122.2 127.3 132.4 137 141.6 145.7 149.4 152.6 154.3 156.9 157.9 159.4 160 158.3 151.8 150.1 163.9 169.7 173.9 176.4 176.2 177.7 179.2 179.7 178.2 177.6 176.6 173.1 170.3 166.9 163.4 159.8 156.4 150.7 155.5 156.3 157 158.8 158.9
27.1 28.4 32.9 35.8 37.5 37.9 38.6 39.2 40 40.2 42.8 44.6 45.8 46.8 47.4 48 49.1 46.5 45.7 50.5 54.4 62 64.4 67.7 65.1 74.8 82 88.2 95.5 102.1 108.3 113.9 118.4 121.6 123.4 122.9 117.3 110 102.4 114.2 120.7 124.3 129.9 134.9 139.8 144.5 148.3 151.6 154.8 157.3 160.1 163 165.2 166.8 165.5 162.7 152.8 166.6 172.8 179.8 181.3 182.7 184.1 184.7 183.6 181.9 180.6 178.9 176.5 173.7 170 167.3 163.4 162.5 161.2 161.6 160.3 161.6 162.4 162.7
