app/static/ascii/NJ40.asc
ncols 200
nrows 200
xllcorner 340000
yllcorner 800000
cellsize 50
[rows 70 to 104 of 200, columns 0 to 77 of 200]
440.5 439.5 432.5 424.6 416.3 408.2 398.5 390.9 381.9 370.2 361.6 354.8 348.5 342.7 335.9 328.4 321.1 314.8 310.5 306.6 305.2 302.8 300.8 294.4 288.7 284.6 277.3 270 262.1 255.8 251.7 248.7 248.2 248.4 249.5 250.5 253.8 256.1 258.3 260.6 263.4 266.8 270.3 274.3 275.7 273.2 271.6 268.3 265.7 266.2 267.6 270.5 275.1 277.5 281.2 288.5 288.8 288.8 285.5 284.5 284.7 284.3 281.4 275.3 271.4 262.1 254.2 247.6 240.7 234.9 234 238.4 242.6 244.7 242.7 242.1 242.5 241.1
438.8 432.5 423.3 415.1 407.3 397.9 386.9 377.4 367.1 358 350 344.9 339.6 333.5 327.7 324.6 316.5 308 303.2 300.1 298.6 299.6 297.1 290.4 285.7 280.9 274.4 266.7 259.5 253.6 249 246.8 246.1 246.4 247 247.8 249.2 251.8 254.9 257.2 259.5 262.7 265.4 271.2 272.3 269.5 265 262.2 260 260.2 260.7 263.2 266.5 269.2 272.1 276.5 279.7 279.3 280.1 281.9 282 282.7 280.1 274.7 267.9 260.4 253.8 247.1 240.6 235.3 232.2 233.6 234.9 236.3 237.7 238.8 239.5 240.7
435.6 426.3 416.5 407.2 396.4 385.9 375.8 366.2 357.1 349.4 341.6 334.4 328.8 323.3 319 317.4 309.4 303.1 298.5 295.5 294.5 293.4 291.2 286.5 281.6 276.8 270.6 261.5 256 251 247.4 245.3 244.3 244.1 244.5 245.3 247.1 248.9 250.7 253.1 254.9 255.2 257.1 261 264.4 261.2 256.9 255.6 254.9 254 253.8 256.2 258.9 263.1 265.2 268.1 270.4 272.2 274 276.4 277.8 278.4 276.7 272.4 265.3 258.7 252.1 245.5 240.1 234.9 229.7 228.6 230.7 232.1 233.4 234.4 235.4 236.5
430.6 419.8 409 398 386.7 375.5 365.9 357 348 339.3 331.5 323.8 319.5 314.5 309.9 306.5 301.6 295.9 293.3 292.5 290.6 287.4 285.6 281.9 277 272 263.9 257.4 252.6 249.7 246.6 244.1 242.8 242 242.1 243.4 245.2 247 248.7 250.5 249.5 249.3 250.4 249.8 251.5 251 250.4 249.9 249.2 248.7 248.4 250.6 253.7 256.7 259.4 262.5 265.2 267.1 268.7 270.7 270.8 270 270.2 266.7 262.9 257 250.3 243.7 239.3 234.2 229.3 226.2 226.1 227.9 229 230 230.7 231.4
423.9 412.1 400.1 390.1 378.5 366.1 356.6 347.7 338.9 330.2 321.5 315.5 310.8 306 301.4 298 293.6 289.3 289.4 288.8 285.5 282.2 279.6 276.1 269.8 264.9 259.1 253 248.9 246.8 244.2 242.3 241.3 240.6 239.8 241.3 243.3 245.1 246.5 246.5 245.7 244.6 243.9 244.2 244.5 245.1 244.8 244.6 244.4 244 244.3 246.5 249.1 252.6 256.1 258.9 261.3 261.9 263.9 265.9 266.3 265.5 265.4 262.3 259.3 254.4 248.4 242.6 238.4 233.6 228.8 225.7 223.7 223.5 224.5 225.3 225.6 226.9
418.4 406.7 392.4 381 369.3 357.6 348.1 339.1 330.7 322.4 314.5 308.4 302.6 297.9 293.3 289.4 286.2 284.5 285.8 284.1 280.7 277.4 273.6 267 260.6 257 252.2 248.4 245.3 244 242.6 240.8 239.5 238.7 238.8 239.5 241.4 242 242 242.2 241 239.7 238.5 238 239.1 239.5 239.8 239.5 239.4 239.3 239.9 242.9 246.1 249.6 252 253.6 255.8 257 258.9 261 263.5 263.5 262.6 259 256 251.2 246.6 241.7 237.5 233.1 228.8 224.5 221.6 220.7 220.5 220.1 220.9 223.2
417.3 404.4 388.1 374.1 361.7 349.9 340.6 332 323.5 315.7 308.2 301.9 296.2 292.3 288.2 284.3 282 279.7 281 280 275.9 271 267.3 263.1 257.3 253.1 249.1 245.2 242.6 241.3 240.7 239 237.6 237.3 237 237.5 239.3 240.7 240.7 239.1 236.9 234.7 233.6 232.9 233.4 233.8 234.2 234.5 234.5 234.9 236.8 239.8 243 245.4 247 248.7 250.4 252.1 253.9 256.4 258.9 261.5 259.8 256.2 254.5 254.1 246.2 242.1 238.4 234.5 230.1 226 221.3 219.2 218.3 217.1 218.4 219.7
413.4 401.4 382.1 369.7 354.6 343.8 335.2 325.9 319.5 310.3 300.8 296.3 291 286.9 282.9 280.2 277.8 275.3 274.4 273 269.2 262.8 260 257.2 254.3 250.5 246.6 242.3 240 238.6 238.8 237.1 235.2 234.7 234.9 235.6 236.3 236.4 236.6 234.8 232.6 231.1 229.8 228.5 228.9 229.4 230.1 230.8 231.4 231.9 233 235.9 238.9 240.6 242.3 243.9 245.5 247.7 248.8 251.2 253.7 256.3 257.4 255.2 258.7 259.6 254.1 248.8 242.4 236.6 231.6 227.5 222.9 218.9 217.7 216.5 216.8 216.9
408.2 392.6 377.8 365.4 351.6 342.2 333.5 324.2 316.1 306.3 298.3 293.4 287.9 283.5 279.3 275.6 273.5 270.9 267.9 263.7 259.5 255.9 254.7 252.3 250.2 247 243.5 240.3 237.9 236.1 236.8 234.7 232.9 231.8 231.7 232 231.9 232.2 232.6 231 228.2 227.7 226.3 224.8 225.2 225.9 226.7 227.3 227.8 228.4 229.7 231.3 234.3 235.9 237.6 239.2 240.6 242.7 245.4 247.3 249.2 251.2 254.5 258.3 261.7 264.4 259.3 254.7 247.4 239.1 234 228.9 224.2 221.2 218.5 215.7 214.1 214
407.7 393.5 377.2 365.3 353.4 342.7 334.6 326.6 318.1 308.4 300.5 294.2 289 283.9 278.5 273.9 269.5 264.7 258.9 254.6 253.6 250.9 249.7 247.5 245.3 243.3 240 237.2 236.6 235.5 235 232.4 230.7 229.8 228.8 228.5 227.7 228 228.4 227.3 223.9 224.2 222 222 222.5 223 223.6 223.8 224.1 224.7 225.8 227.2 229.6 231.2 232.9 235.1 237.3 239.9 241.9 243.8 245.6 247.4 250.9 256.5 263.4 266.5 262.9 257.4 251.7 242.8 235.3 228.1 223.8 219.9 217.1 214.4 212.2 211.4
410.4 394 378.3 368.7 358.6 344.8 336.2 329.5 320 310.1 303.3 297.1 289.7 284.3 278.2 273.8 266.3 258.9 255 251.1 248.5 246.5 244.6 242.5 240.7 239.3 237.5 234.6 232.9 234 233.6 229.1 228.3 227.9 227 226.5 225.4 224 224.3 224.6 221.1 219.3 219.2 219.4 219.9 220.4 220.9 221 220.9 221.2 221.9 223.4 225.5 228 230.6 233.2 235.5 236.5 238.3 240.1 241.9 243.9 247.9 253.2 255.3 251.1 251.5 249.8 244.8 240.4 233.9 229 223 219.2 215.6 212.9 210.8 209.5
411.5 397.1 382.4 371.2 360.6 348.4 336.9 328.3 319.4 312 305.9 300 290.6 284.4 278 271.2 263.8 258.2 253.6 249.7 244.9 243 240.8 238.6 237.7 236.3 234.7 232.6 229.5 228.2 227.8 226.2 225.1 225.2 225.1 224.4 223.6 221 220.4 220.6 219.5 217.8 216.3 216.8 217.3 217.7 218.2 218.2 218.1 218.7 219.5 220.9 223.8 226.3 228.9 231.4 233.2 233.3 234.6 236.4 238.8 241.3 244.9 247 249.1 247.4 244.4 242.6 239.2 235.1 230.6 226.1 221 217.3 214 211.6 209.5 208.3
411.2 397.2 383.6 369.8 359.3 350.5 337.7 327.4 318.1 310.5 303.2 297.3 290.6 283.5 276.2 269.4 262 257.1 253.5 247.7 242.4 239.9 237.5 235 234.3 232.8 230.4 229.4 227.5 225.2 224 223.1 222 221.8 222 219.6 218.8 217.8 217.3 217.5 216.4 214.7 213.9 214.3 214.7 215.1 215.5 215.4 215.4 216.4 217.3 218.4 221.8 224.7 227.2 229.5 230.5 230.8 231.2 233.7 236.2 238.7 241.3 242.5 242.2 241.3 237.7 235.8 235.7 231.7 227.2 222.7 218.2 214.9 212.4 210.1 208.2 207.1
410.3 395.3 382.8 368.3 357.3 349.8 337.8 327.3 318.7 306.5 297.2 291.2 286 279.6 272.1 266.5 260.2 254.7 250.6 245.9 241.3 238.4 234.9 232.9 229.4 228.5 227.3 225.9 225.5 223.3 220.7 219.6 219.2 218.7 218.9 217.6 216.7 215.6 214.2 214.1 213.2 211.6 211.6 211.9 212.3 212.7 212.7 212.1 212.5 213.5 214.5 216.4 219.9 223 225.5 227.2 227.9 229 229.4 230.7 234.8 237.7 241.2 242.2 242.7 238.9 233.4 232 230.6 227.9 223.4 220.2 216.3 212.8 210.4 208.1 206.3 204.8
405.9 392.5 379.9 365.7 353.3 343.8 333.9 324.6 314.9 301.1 292 285 279.9 274 268.1 262.8 258.5 253.5 249.1 244.1 240 236.4 233.6 230.2 228 226.1 224.2 222.9 222.4 219.5 218.1 216.7 216.5 216.3 216.2 215.7 214.6 213.5 211.4 210.7 209.8 209.1 209.3 209.6 210.3 211.2 210.5 209.6 209.3 211.3 213.7 217.1 220 222.9 225.7 227.1 225.9 226.9 228.2 228.6 230 234.9 241 243.3 243.5 239.7 235.6 233.7 226.6 224 222.3 219.3 214.5 211.1 208.4 206.2 204.6 203
401.9 387.5 374.6 361.8 348.5 337.2 327 318 306.9 295 287.2 281 275.1 269.8 264.2 258.8 254.1 251.4 247.6 242.5 239.1 235.4 233.2 228.9 226.7 224.6 222.6 220.9 218.9 216.8 215.6 214.5 214.6 214.9 214.2 213.8 212.6 211.4 209.9 208.9 208.8 208.7 208.9 209.2 209.7 211.2 211.5 210.5 209.7 212 214.4 217.2 221 224 227.4 229.5 227.6 226.6 224.6 224.1 226.4 231.4 238.1 239.2 239.6 240.8 237.1 230.5 224 219.2 216.7 214.6 212.1 209.4 206.4 204.5 202.8 200.9
399.8 381.2 366.6 355.6 343.3 331.8 320.7 309.9 299.2 289.9 282.8 276.8 271.6 266.9 261.4 255.7 249.3 245.9 243.1 240.4 237.5 235 232.2 227.9 224.7 222.7 220.9 219.5 218.6 215.7 213.1 212.6 213 213.5 212.4 211.9 210.6 209.9 209 208.8 208.6 208.4 208.6 208.9 209.2 211.1 211.4 211.5 210.6 212.4 214.3 217.3 221.6 226.4 229.3 230.8 229 226.2 223.5 220.4 221.8 224.4 228.7 230.5 231.5 232.3 230.8 225.6 219.8 214.5 210.9 210.4 208.5 206.6 204.4 202.5 200.7 198.9
397.8 380.7 361.1 350.2 339.5 327.3 315.3 303.4 293.6 285.8 279.3 272.3 268.4 264 258.5 254 248.5 241.2 239.1 236.4 233.9 231.4 228.8 226.4 223.1 220.6 219.5 219 218.3 215.2 212.2 211 211.4 211.9 211.8 210.1 209.4 208.9 208.8 208.6 208.4 208.2 208.3 208.6 209 210.7 211 211.2 211.4 212.6 214.8 218.3 222.3 227.5 230.2 230.2 227.8 223.9 221.5 218.9 217.1 218.7 220.6 221.7 221.6 221.2 220.1 215.1 212.6 208.7 206.4 206.1 204.2 202.4 201.5 200.1 198.6 197.5
393.3 379.3 363.1 345.5 335.7 324.1 310.8 298.7 289.2 282.2 275.5 269.9 265.8 260.9 255.4 250.2 244.1 240.4 235.7 232.3 229.8 226.8 225.1 222.8 220.6 217.8 215.6 216.4 216.4 214.4 211.3 210 209.9 210 210.7 210.2 209.3 208.5 208.4 208.4 208.3 208.1 208.1 208.3 209.1 210 210.4 211 211 212.5 214.5 217.7 220.2 224.6 227.8 225.9 223.9 221 218.3 215.8 213.9 213.5 215 213.7 212.2 210.6 209.4 207.4 205.2 203.4 202.5 201.4 200.1 199.4 199.3 198.7 197.8 196.6
387.8 374 360 342.4 329.1 318 306 295.3 286.3 278.7 273 267.6 263.3 257.8 252.2 245 241.3 237 233.8 229.5 226.2 223.4 220.3 219.3 217.3 215.6 213.7 213.3 213.1 212.7 210.9 209.8 209.4 209.2 208.6 208.6 208.1 207.5 208.1 207.9 207.9 207.9 207.8 208 209.2 210.1 210.3 210.6 211 211.9 213.2 215.3 217.6 218.8 221.8 221.7 219.7 217.3 214.2 212.2 210.2 208.7 209.1 207.6 205.9 204.2 202.6 200.5 199.7 198.9 198.1 198.7 198.9 198.6 198.5 198.1 197.5 196.2
382.2 369.2 355.9 340.1 325.1 311.9 300.7 292.3 284.8 277.7 271.7 266.2 260.4 254 249 240.9 238 233.6 229.7 227.6 224.1 220.9 218.4 217.2 215.8 214.3 212.9 211.7 210.7 209.9 209.3 208.8 208.5 207.8 207.2 206.6 206.4 206.3 207.6 208.2 207.8 207.4 208.2 208.5 209.4 210.4 210.3 210.5 210.7 211.3 211.5 212.6 213.4 214.3 215.5 217 215.6 213 210.5 208.5 206.5 204.5 203.2 202.5 200.8 199.2 197.4 196.9 197.8 197.8 197.8 198.4 199.1 198.7 198.3 197.9 197 195.2
378.9 366.5 354.9 339.2 324.6 309.7 299 290.1 283.3 277 271.1 265.3 258.2 251.7 246.2 240.7 237.7 233.4 228.2 227 222.9 219.4 217 215.2 214 212.8 211.8 210.5 209.3 208.2 207.7 207.4 207.3 206.7 206 205.2 204.7 205.5 207 208.5 208.8 209.4 209.4 210 209.4 210.7 210.5 210.6 210.8 210.9 209.5 209 209.3 210.1 211 212 211.4 209.3 207.2 205.3 203.3 201.1 199.1 198.7 197.2 195.1 194.3 196.8 197.6 197.8 197.8 198.3 198.8 198.8 198.4 197.9 196.7 195.4
376.7 363.6 352.5 338 321.9 309.5 297.8 288 282.1 276 269.6 263.9 257.5 251.1 246.5 239.7 235.3 231.3 228.5 225.3 222.7 219.5 216.2 214.1 212.6 211.4 210.5 209.2 208 206.7 206.3 206.1 205.9 205.7 205 204.2 203.4 204.1 206 207.6 209.8 210.9 210.6 211.2 210.3 210.8 210.8 210.7 210.9 210.3 209.3 207.6 206.9 206.2 207.2 208.5 208.9 206.1 204 201.9 200.1 198.5 197.3 196.1 194.8 192.4 192 194.6 197.2 197.9 198 198.7 199.2 199.3 199.4 199.4 198.1 197.2
375.5 359.6 345.9 332.5 319.1 306.7 296.6 287.8 280.4 273.7 267.7 262.2 256.2 250.1 244.5 239.2 235 228.9 227.5 224.8 221 218.1 215.3 213.4 211.5 209.9 209.1 208.3 207.2 205.5 204.9 204.7 204.5 204.3 203.9 203.2 202.2 201.6 203.5 205.8 207.7 210.5 212.1 212.4 211.8 210.9 211.1 210.9 210.9 208.6 206.3 204.6 203.9 203.6 203.6 204.9 204.8 202.8 200.7 198.7 198.3 197.8 196.7 195.5 195.1 192.6 192.4 195.4 198.3 198.5 199.5 200.4 203.7 203.3 202 201.2 200.2 199.2
373.2 358.4 342.4 327.6 315.5 304.5 294.6 285.9 278.7 271.1 264.9 259.5 254.2 248.2 242.8 237.9 233.5 233 228.4 222.8 220.1 216.5 214.5 212.9 211 209.6 209.4 208 206 204.3 203.5 203.3 203.2 203 202.8 202.2 201 200.3 200.5 202.4 204.5 207.8 211 213.6 213.2 210.9 211.1 209.3 207.2 205.2 203.2 201.7 201.3 201 200.6 201.3 200.6 198.8 197.8 196.9 197.4 197.1 196.2 195 195.8 193.3 195.1 196.6 198.9 200.4 205.1 209 210 208.5 207.1 205.5 205.3 203.7
376.7 360.4 344.5 330.1 316.3 305.3 295.3 286.5 277.6 270.6 263.5 256.6 250.4 245.7 241.2 237.3 232.5 230.1 227.2 222.9 219.8 216.1 213.5 212.7 212.1 210.6 209.1 207.3 205.5 203.4 202.1 202 201.8 201.6 201.4 201.1 199.7 199.1 199 199 199.8 203 206.9 208.7 209.2 209 208.2 205.5 203.6 201.9 200.2 199.7 199.1 198.5 198 197.7 196.9 196.2 195.5 195.7 196.9 196.1 195.6 194.7 195.9 195.7 197.9 200.3 203.3 209.9 213.7 214.7 212.8 211 211 211.1 214.1 211.3
376.4 360.1 345.9 331.6 317.6 304.3 292.2 284 276.8 269.8 262.6 255.6 249.6 243.6 239.7 236.4 234.4 232 227.3 222.4 219.6 216.9 213.8 213 211.8 210.7 209.1 207.2 205.4 203.3 201.2 200 199.8 199.1 199.1 198.7 198.8 198.7 198.7 198.3 198.6 199.5 201.2 202.9 204.7 203.7 202.6 201.5 200.9 199.5 197.3 198.2 197.6 196.9 196.2 195.5 194.8 194 193.4 194.5 195.8 195.6 194.8 194.8 196.2 198.8 201.2 203.9 208.2 219.2 220.7 218.8 213.2 210.4 210.4 215.4 220.9 220.2
379.9 360 345.9 331.4 316.8 303.6 292.4 283.4 275.6 268.6 261.6 254.8 249.3 243.5 238.1 234.4 231.1 229.5 227 223.5 220.7 217 214.1 213 211.8 211 209.2 207.3 205.3 203.2 201 200.1 199 199 198.7 198.2 198.4 198.4 198.3 197.6 197.9 198 199.5 201.3 202 200.8 199.6 198.4 197.7 197.1 194.7 195.7 195.7 194.9 194.2 193.5 192.9 192.1 192 193.1 194.6 195 194.3 194.9 198.4 201.6 205.1 208.6 212.4 218.8 220.7 218.4 211.7 209.5 210.1 214.3 219.5 221.2
380.1 363.8 348.7 332.8 318 305.2 293.8 282.9 274.7 267.5 260.6 253.5 248.8 243.4 238 232.9 228.7 228.9 224.8 221.3 218.5 216.5 214.1 212.4 210.8 209.7 209.5 207.3 204.6 202.4 200.5 199.9 199.5 198.8 198 197.6 197.9 198 197.9 197.2 197.2 197.2 197.9 199.6 199.1 197.8 196.2 195.3 195 195.7 192.8 191.7 192.3 192.2 192.1 191.6 191 190.5 190.2 189.5 191.6 194.2 194 193.8 197.8 202.4 206 209.6 213.9 217.9 218.8 215.1 210.5 207.4 207.2 210.3 216 216.6
384.2 370 355.6 339.2 322.3 306.6 294.5 282.8 272.5 264.6 259.8 252.5 247.6 242.6 240 234.2 229.7 223.9 221.8 218.9 217 215.4 213.6 211.6 209.9 208.6 207.8 206 203.7 201.3 200.1 199.5 199.1 198.5 197.4 197 197.3 197.6 197.5 196.8 196.3 196.3 196.5 197.5 196.2 194.5 193 193.6 192.5 192.1 191.9 189.8 188.9 189.7 190.4 190 189.5 188.9 188.5 188.5 189.8 192.5 193.1 194.7 197.4 202.2 206.7 210.6 212.1 216.5 215.7 211.1 208.3 204.5 204.3 206.2 208 208.9
393.1 382.1 364.1 345.3 326.9 310.7 296 284.6 274.1 265.3 259.6 252.1 246.2 241.6 236.7 232.2 227.3 222.8 220.1 220.6 217.6 216.3 214.4 211.7 210.4 208.6 208.2 205.8 203.9 201.9 199.9 199.4 199 198.8 197.3 196.5 196.7 197.2 197.3 196.8 196.4 196.1 196.2 196.4 194.7 194.1 195 195.3 195.5 195.3 193.4 190.3 188.4 188.8 189.2 188.6 187.9 187.3 187.6 188.8 190 190.8 191.5 193.6 196.7 200.2 204 208.4 211.1 211.3 210.9 208.8 206 202.4 200.6 202 202.7 203.6
400 385.5 369.1 349.2 331.9 313.2 299 286.6 275.3 266.4 259.4 252.5 246.2 241.2 237.3 231.7 227.7 223 222.4 220 218.6 217.8 214.9 212.1 211.5 210.2 208.8 206.7 204.8 202.6 199.9 198.9 198.5 198 197.4 196.7 197.1 197.6 197.7 197.3 196.9 196.6 196.7 196.7 196.5 193.2 191.8 193.4 195.7 195.4 194.9 194.9 188.6 189.4 189.1 188.1 187.2 186.6 187.4 188.5 189.6 190 190.2 191.9 194.7 197.9 201.1 207.2 211.2 209.6 208.5 206.5 203.7 200.9 200.2 199.7 199.8 201.9
401.2 386.9 370.9 351.9 333.4 316.3 301 289 277.1 268 260.2 253.6 247.3 242.3 239.3 234.7 229 224.4 222.6 221.5 219.6 218.5 214.2 213.5 212.8 211 209.2 207.4 204.9 202.4 200.4 199 198.1 197.1 196.8 197.5 198.1 198.4 198.1 197.8 197.4 197.1 197.1 197 197 195 192.7 193.5 195.7 196.6 196.6 194.5 189.6 189.7 188.8 187.8 186.9 187 187.1 188.1 188.8 189.3 189.7 191.4 193 196.1 199.5 203.3 207 206.7 205.6 204.4 201.6 199.3 198.5 197.3 196.8 197.9
398.6 385.2 369.5 350.6 333.1 318.1 301.2 289.7 279.1 269 260.4 254.8 250 247.6 247.1 238 232 227.4 224.3 222.8 221.1 218.9 217.2 216.1 213.5 211.6 209.8 208 206.3 203.2 200.9 199.6 198.5 197.7 197.3 199.6 200.6 199.3 198.5 198.2 197.7 197.6 197.5 197.4 197.3 196.8 196.2 195 198.7 197.9 193.2 192.3 190.4 189.4 188.5 187.5 186.5 187.3 187.3 187.7 188.1 188.5 188.8 190.1 191.5 194.1 197.5 201.6 203.6 203.8 202.9 202.8 200 199.4 197.4 195.8 194.3 194.4
393.6 378.1 364.9 346.5 331.7 317.3 301.7 288.9 277.7 267.5 259.6 254 250.7 248.6 250.9 240.1 233.5 228.3 226.3 224.3 222.4 220.1 219.4 216.9 214.5 212.4 210.4 208.6 206.6 204.6 202.1 200.3 199.1 198 198.8 199.6 200.4 199.5 199.1 199.5 198.8 198.1 198 197.8 195.8 196.3 195.5 189.7 192.1 191.5 190.7 189.4 188.9 189 188 187.1 186.2 187.7 187.7 187.6 187.4 187.5 187.3 188.1 189.2 192.3 194.4 197.7 200.5 200.9 200.6 200.5 200.1 198.4 196.5 194.5 192.9 191.5
