app/static/ascii/NJ41.asc
ncols 200
nrows 200
xllcorner 340000
yllcorner 810000
cellsize 50
[rows 140 to 174 of 200, columns 78 to 155 of 200]
227 226.6 217.4 217.3 215.6 215.7 215.2 215.3 214.9 214.4 214.7 214.5 214.2 213.8 213.5 213.4 213.3 212.6 211.9 211.2 210.3 210.7 208.9 208.3 208.6 208.6 211.6 210.9 211.8 211.4 211.1 210.8 210.6 210 209.9 209.3 206.4 208 207.5 207.4 207.1 206.2 205.6 205 205.6 206.6 206.8 206.4 205.4 202.6 206.4 208.7 213.3 219.9 228.8 242.9 261.7 273.7 279.7 275.4 261.2 246 235.7 240.1 252.6 261.4 268.8 275.6 281.5 281.9 285.5 290.1 295.1 298.5 300.7 304.6 309 313.5
228.9 228 225.2 219.3 217.4 216.8 215.9 215.2 214.9 214.7 214.7 214.4 214 213.8 213.5 213.2 212.8 214.8 214.6 214.7 215 214 213.6 213.3 214.1 215.5 214.3 214.2 213.2 212.5 212.4 211.4 212.1 211.7 211.2 210.1 209.3 208.1 206 205.9 207.6 207.6 208.4 208.9 207.5 206 203.7 203.6 205.4 208.3 211.2 215.7 220 228.5 237 250 272.6 282.3 288.6 279.4 263.8 248.1 236.3 248.2 258.5 267.8 276.8 284.2 294.5 299.3 302.7 305.4 306.9 308.5 311.2 315.4 320 326.3
229.3 228.1 226 220.4 218.1 216.8 215.9 215.5 215.2 215 214.7 214.2 213.8 213.5 212.8 216.4 223.6 225 224.8 225 223.5 221.4 222.5 224.7 224.3 226.3 226.2 225.4 224.7 224.3 224.1 220 219.3 219.1 215.6 214.2 214.1 214.3 215.8 215.3 215.8 215.2 215.8 212.9 209.2 207.4 206.6 208.8 209.6 213.4 217.5 222.4 230.8 239.2 245.9 263 280.6 293.3 292.5 282.2 264.3 249.3 238.5 251.4 264.1 274.9 284.9 296.1 308.1 313.4 318.5 320.6 321.3 321.7 323.6 327.4 331.3 337.2
228.6 228 223.9 227.4 227.8 228.6 226.2 223.7 223.4 219.4 215.6 214.6 213.7 213.4 218.7 225.3 226.9 226.7 226.7 227.5 229 231.4 232 232.2 231.7 233.6 235.2 237.3 238.9 241.4 243.4 238.6 233.6 231.9 228 224.5 224 223.4 223 220.5 219.7 216.8 215.1 213.8 209.7 207.7 206.3 210.4 216.6 219.2 224.2 229.6 238 247.5 256.9 270.4 286.7 296.8 293 282.9 267 254.3 240.3 251.7 266.1 279.8 292.1 305.4 317.3 326.5 331.2 333.1 333.8 335.5 337.7 340.4 343.4 348.2
230 227.6 223.3 228.7 229.8 230.9 228.2 225.8 224.8 223.2 223.2 222.2 218.4 227.2 228.3 231.1 230.4 231.6 232.1 232 231.8 234.4 236.1 236.6 237.8 241.7 244.3 249 253.8 260.1 260.7 258.9 253 245.9 237.9 233.1 229.7 226.8 224.3 222.6 220.4 215.8 214.2 215.4 210.9 208.4 207.5 216.3 222.6 227.2 229.6 234.4 243.5 253.6 266.5 277.6 289.7 296.9 293.1 283.4 270.5 258.9 248.3 244.5 265.5 280.5 293.9 308.6 323 334.9 343.3 345 345.2 346.9 349.5 352.8 356.3 361.6
229.5 225.8 227.1 231.1 231.6 233.1 230.3 227.8 226.9 225.8 226.9 228.6 230.6 233.3 234.4 235.6 237 238.5 237.9 239.4 239.6 240.7 241.5 241.4 245.3 249 252.8 259.8 270.3 277.9 278.4 273 268.9 257.6 248.1 240.4 235.4 231.7 228.6 228.4 226.2 218.8 214.9 214 212.5 209.5 212.2 217.9 226.3 231.9 235.3 244.1 248.1 259.4 269.4 280.8 291.4 298 294.6 283.5 275.4 264.9 255 245.7 258.2 277.4 292.2 307.1 323 336.4 347.1 353.8 355.3 354.2 356.2 360.7 364.7 367.7
229.2 232 230.6 233 233.1 233.7 232.2 231.1 230.6 231.1 233 236.6 234.1 239.4 239.5 239.4 239.2 242.1 242.5 243.7 245.2 246.4 247.9 248.7 252.6 256.2 263 270.9 280.9 289.8 290.9 285.4 276.8 266.5 258.2 250.7 243.7 239.1 235 233.4 228.9 220.4 214.9 212.2 210.7 210.1 215.3 224.1 229.9 235.6 240.2 244.9 253.4 263.7 273.5 284.2 294.5 299.6 297.7 290.1 281.5 272.6 262.9 254 249.1 268.6 288.1 302.1 318.1 331.8 342.9 350 352.8 354.8 357 359.7 362.5 366.2
234.4 233.9 233.9 233 234.8 235.4 234.7 234.9 234.5 236.6 238 238.9 242.1 244.2 243.3 244.1 243.5 244.7 247.2 248.4 250.2 252.9 255.6 259.2 262.1 265.6 270.5 280.1 288.8 299.3 299.8 293.3 284.4 276.2 269.3 261.5 254.5 245.3 243.6 232.5 223.3 217.5 213.3 212.5 211.7 212.6 220.2 227 232.9 238.1 243.4 250.8 257.8 266.2 277.4 288 297.3 303.4 301.9 295.9 286.4 277.9 269.4 259.9 250.6 261 282 297.1 312.2 325 334.3 340 343.1 345.2 348.8 353.2 356.8 358.8
236.7 237.2 237.3 235 236.8 237.9 237.7 237.9 237.6 240.9 242.5 243.7 246.7 248 248.1 247.5 248 249.4 251 252 254.8 258.5 262.4 267.1 273.3 278.6 281.2 286.6 296 305.4 307.3 301.1 292.9 285.7 276.9 270.7 265.5 256.9 236.4 225.1 217.7 214.9 213.6 213.1 211.6 223.2 228.9 233.7 237.4 241.5 249.1 254.9 263.2 271 281.3 291.5 301.6 309.2 309.9 301.8 291.9 283.2 274.7 266.8 259.8 254.1 275.3 289 301.5 314 321.7 326.2 329.6 333.5 337.2 342.9 347.4 348.9
239.3 241 239.1 236.8 239.7 240.3 240 240.4 242.5 245.1 245.7 247.5 249.6 250.5 251.9 252 252.3 252.5 253.7 256.3 260 263.4 271.2 279.6 287.2 293.1 291.9 295.3 302.3 311.2 314.9 312 302.5 293.8 283.2 272.8 258.8 243.8 230 219.9 215.7 214.4 213.6 213.2 215 228.9 234.3 238.4 243.5 247.5 253.3 259.4 267.7 276.2 285.9 297.7 308.6 316.8 317.6 310.4 298.3 289.1 280.5 274.7 266.5 256.7 268.7 281.9 290.6 298.9 303.4 306.1 313.5 319.7 325.7 331.5 337.3 341
242.6 243.8 240.4 238.3 242.3 243.3 243.3 245.1 247.1 248.8 250.4 253.7 255 255.6 255.8 256.1 256.7 257 257.5 260.5 264.4 272.6 282.4 290.7 299.5 302.6 302.1 303.9 311.2 320 326 319.9 310.6 298.2 279.8 261.3 247.9 232.8 219 216.2 214.9 214.7 214.5 215.4 222.3 228.3 236.6 241.9 247.8 254 256.3 265.3 271.7 280.1 293.5 304.7 315.7 322 324.2 319.2 308.9 296.6 286.4 279.6 273.9 266.2 259.3 269.3 278.8 282.1 284.5 290.3 299.5 307 316.2 323.3 329.5 333.3
245.2 246.1 242 243.2 245.4 246.7 247.6 249.7 251.4 253.4 255.2 258.2 259.2 260.5 262.5 262.4 262.3 263 263.2 265.6 271.2 281.3 290 297.1 301.6 303.5 303.5 306.2 313.5 319.9 323.1 316.5 306 288.6 268.3 251.6 235.3 222 217.5 216.1 215.9 215.9 217.3 220 230.8 235.7 237.6 244.2 253 259.4 263.3 268.3 276 284.5 299.4 310.8 320.6 327.7 331 327 317.2 306.1 294.3 284.9 279.1 272.8 265.5 265.6 267.8 268.2 268.9 277.2 285.3 296.3 306.8 314.2 320 323.5
249.7 248.4 242.9 246.3 249.3 250.3 252.1 253.1 255.5 257.3 261.3 265 267 268.8 271 271.6 270.8 270.9 272.5 277.5 281.1 287.9 291.9 293.3 293.4 293.8 295.8 299.5 303.5 307.3 309.2 304.7 294.5 275.1 257.9 241 225.5 218.4 217.7 217.5 217.2 219.1 223.5 223.4 233.5 243.8 246.3 246.6 251.1 261.5 268.7 273.3 280.9 290.3 305.6 316.5 325.7 332.1 334.8 331.4 322.9 312 300.1 290.6 284.5 277.2 272.5 274.5 275.6 276.4 276.2 275.1 274.5 286.4 295.7 303.5 308.2 311
252.2 248.3 247.1 250.9 252.4 253.4 255.7 257.2 259.4 263.4 267.9 272.5 276.2 279.3 281.9 282.3 282.9 282.1 282.8 284.7 288.9 287.3 286.7 284.7 282.8 283.1 286 288.7 290.8 291.3 292.1 290.7 281.8 265.1 247.4 229.5 220.1 219.4 219.2 219.2 218.9 219.6 224.6 228.8 233 240.5 248.9 253.5 257.6 262.4 272 279.6 286.6 299.9 312.4 322 329.9 334.6 337.3 334 326.3 317.1 304.2 297.2 289.4 281.5 279.3 278.5 280.3 280 279.8 280.4 277.3 277 284.3 289.9 293.2 296.7
253 248.8 250 255.2 256.2 256.9 260 263.5 268.3 271.4 274.5 280.5 284.5 288.6 290.4 292.1 292.4 291.4 290 288.4 285.3 280.7 276.9 275.9 273.8 273.4 273.7 274.2 275.1 276.1 277.5 277 269 254.8 237.3 221.5 220.4 220.6 220.7 220.8 221.1 222.3 229.8 236.5 242.7 243 246.9 256.8 265.8 271.4 278 286.9 295.9 308.9 319.7 327.9 334.9 338.8 339.2 335.2 328.4 319.3 309.2 302 293.5 288.4 286.9 286.6 287.3 286.8 285.1 283.9 281.6 278.8 280 282.9 285.7 290.2
252.7 252.5 254.5 258.4 260.7 262.1 265.8 270.5 275.7 278.7 283.3 288 292.3 296.4 298.7 299.2 297.3 294.8 290.8 285.9 279.9 272.3 264 267 264.4 263.6 261.5 259.6 260.8 262.1 263.9 261.3 256.6 244.4 228.2 221.4 222.1 222.3 222.4 222.2 222.4 224.5 230.2 239.7 243.2 248.3 254.3 263.1 272.1 278.9 288 296.7 306.8 316.8 326 333.5 339.6 341.8 340 335.3 328.9 321.1 313.1 306.6 301.2 296.7 293.1 292.6 291.9 292.1 290.8 288.4 286.3 282.9 282.4 285.1 286.7 291.2
254.2 259.7 262 263.1 265.3 265.4 271.2 277.3 283.2 286.3 290.4 294.4 298.7 300.6 300.7 298.3 293.5 288 283.9 277.9 270.5 267.4 259.1 261.1 255.2 251.1 247.3 242.9 244.3 246 247.7 248.6 243.3 229.7 223.4 224 223.8 223.9 223.8 223.4 224.2 226.6 230 240.3 247 255.5 263.1 270.4 277 285.6 296.7 305.7 315.2 323.6 333.2 340.5 344.9 345 341.4 336.9 330.2 324.7 319.3 313.3 307.7 303.8 302.6 302.6 299.4 298.6 296.6 294.1 291 287.5 285.9 288.9 292.8 295.3
258 264 267.1 267.9 269.5 266.6 276.3 282.4 287 289.7 292.6 295.8 297.8 297.6 296.1 293.4 287.3 281.7 277.2 271.3 269.6 263 252.4 252.5 241.3 232.3 233 229 230.7 230.6 231.5 227.7 224.8 223.6 224.1 225.6 225.5 225.3 225 228 233.7 235.1 236.6 242 253.8 263.1 268.1 275.3 285.6 295.7 304.3 313 321.1 330.8 340.6 347.1 352 350.4 346.8 341.5 334.7 329.5 324.4 319.3 316.2 315.4 313.2 310.7 308.9 306.3 303 299.6 296 292.6 289.5 294.3 298.5 301.5
263.5 268.9 271.1 271.5 273.7 277 277.1 284.5 287.7 289.6 291.2 292.7 292.9 291.9 290.1 287.3 282 276.4 271.9 269.5 263.2 256.7 248.6 233.7 228.9 227.2 226.6 226.4 225.7 225.4 225 224.6 224.4 224.5 225.6 226.8 226.8 227.1 228.8 238.9 246.8 246.9 247.5 244.7 256.1 265.5 274 284 293.6 301.7 309.3 317.7 326.4 337.8 348.2 354.7 357 355.7 352.2 347.5 342.3 336.8 332.1 329.5 328.6 326.9 323.9 323 318.7 314.4 308.9 304 300.5 296.3 294.2 302.6 307.3 309.6
269.7 274 274.5 274.9 278.5 280.7 279.3 284.7 287.2 287.9 288.9 289 288.2 287.2 285.4 282.2 277.2 272.5 271.9 265.4 255.5 254.6 240.4 228.8 228.3 228.2 227.2 226.6 226.2 226.2 226.3 227.3 227.5 227.7 230.2 231.5 229.8 229.3 236.8 243.1 251.1 255.5 259.2 258.8 256.4 267.2 278.6 288 297.7 305.2 314.2 323.7 333.3 343.8 354.2 361.4 365 361.9 358.1 355.2 352.2 349.2 344.9 341.9 339.7 338.4 337 332 326.7 320.9 313.4 307.3 303.9 300 298.6 307.3 313.4 316.5
275.4 277.9 278.6 280.2 282.7 284.1 282.9 281.9 285.2 285.7 285.3 285.1 284.6 283.4 281.1 275.6 271.4 269.5 265.3 258.9 253.1 236.7 229.2 228.5 229.5 242.2 245.1 242.7 237.9 237 237.9 238.5 237 237.6 240.4 240.1 240.1 234.8 235.5 248.3 257 263.1 267.4 267.6 266.5 265.8 277.6 289.6 299.8 308.5 316.9 327.2 336.3 344.2 354.3 361.2 366.1 366.5 364.8 362.9 361.2 360.7 358.8 356.8 352.1 349.8 345.7 340.2 333.1 325.6 317.9 311.6 307.9 305.8 302.3 309.5 318.7 322.7
277.9 282 284.3 285.6 286.8 287.2 287.1 287 286.2 285 284.4 284.2 283.5 281.4 277 275.4 273.4 268.6 261.6 249.4 236 230.3 229.2 231.7 246.5 260.9 266.8 262.2 251.5 248.5 248.4 247.2 244.9 247.2 248.3 247.3 244 234.3 239.5 253.9 263.2 268.9 273.9 274.9 273.4 275.6 274.2 289.3 300.6 309.9 318.4 326.6 334.9 342.8 350.8 358.3 363.9 367 368.2 368.6 369.1 370 371.6 371.7 367.2 361.4 355.5 348 339.5 330.4 322.9 317.9 314.3 312.1 309.3 309.5 320.6 327.5
288.2 289 290.5 290.6 291.1 290.9 289.8 289.4 288.5 287.7 285.9 285.5 285.8 283.2 280.5 278.1 275.4 270.2 264.7 248.1 232.4 230.4 235.8 248.4 258.9 270.1 279.6 276 267.2 258.4 256.2 255.6 253.9 255.2 255.3 250.6 243.1 235.1 243.3 260.1 271.1 277.2 281.5 284.4 284.7 284.8 285.7 284.6 297.8 306.6 315 323.3 331.8 339.6 347.5 354.8 361.1 366.3 370 372.6 376.1 379.1 380.2 381.2 376.6 371.4 363 354.6 346.5 336.7 328.1 326 322.8 318.7 314.7 313.4 321.6 331.5
295.1 296.7 296.2 295.7 295.2 294.2 293 292.8 292 290.8 289.1 287.6 289 286.2 283.9 282 277.5 270.5 261.8 244.2 231.7 230.8 246.2 261.8 268.3 277 286.9 286.8 275.6 268.4 266.1 265.7 266.1 262.7 258.3 249.7 237.6 238.5 252.8 266 276.7 284.9 292.7 297.9 297.6 296 294.7 293.5 295.1 299 304.9 318.7 327.5 336.9 344.8 353 359.1 365.4 371.1 377.3 383.3 387.9 389.9 389.9 385.9 378.1 371.1 362.2 353.7 343.8 337.8 332.7 328.2 324.5 320.8 317.1 325.5 334.9
301.8 301.5 301.1 300 299 298.7 297.7 296.7 296.4 294.8 294 290.3 293 291.3 289 282.2 278 271.6 256 239.2 232.3 233.4 250.3 267.4 277.6 283.6 292.5 295.4 291.7 284.7 279.2 277.6 272.5 266.4 258.3 250.4 238.7 248.5 260.6 272.7 282.9 292.4 303.2 307.8 309.5 306.7 305.6 303.8 303 309 315.4 319.8 327.3 336.7 344.6 352.9 359.3 365.7 373.2 381.7 389.5 395.6 398.9 399.2 394.6 386.1 379 370.7 361.8 355.5 348.2 341.2 336.5 332 326.6 323.8 330.9 339
305 304.3 303.7 304.8 305 305.1 303.9 303.4 302.7 302.3 300.5 297.3 300.8 293.7 285.1 280.8 275 269.2 253.3 238.7 233.1 235.8 253.8 267.3 280.6 288.3 299.5 304.4 300.9 296.3 290.2 283.1 275.5 268.4 258.8 248.5 240.7 256.9 272.9 282.4 291.3 301.4 309.6 319.5 321.8 319.5 316.6 314.4 316.5 319.7 324 330 333.1 338 346.2 354.4 361.3 367.3 377.3 387.2 395.3 402.4 405.7 405.9 401.4 394.3 386.4 377.5 370.8 366.8 360.3 353.4 345.4 339.9 334.9 330.5 335.2 342.3
307.2 306.2 307.8 309.9 311.4 312.1 313.1 311.1 309.6 307.8 305.2 302.3 298.9 292.9 290.9 279.9 266.7 258 249.2 236.4 234.3 240.2 255.2 266.9 277.7 289 303.4 308.3 306 303.4 295.2 287 276.8 267 259.1 248.9 247.4 266.2 279.9 289.7 297.9 308.2 319.6 329.6 333.1 330.7 328 325.7 323.9 330.1 333.4 339.5 343.2 347.4 351.9 357.7 365 375.8 384.4 393.7 402.2 410.4 413 411.8 407.8 400.2 393.8 385.2 380.9 375.4 369.7 363.6 356.4 348.2 344.5 336.8 340.3 350.4
308.7 309.7 311.4 314.4 317.1 318.9 319.9 317.2 310.6 306.9 302.6 297.7 293.1 294.8 292.8 274.8 261.8 251.1 242.4 235.5 234.9 242.5 254.4 265 276.5 287.7 302.1 306.2 310.9 306.1 298.9 290.5 281.2 270 260.9 250.4 247.8 268.8 285.8 296.5 304.3 314.7 325.9 337.1 343.3 340.1 339.1 336.6 337.7 340.4 344.8 348.7 352.3 356.9 361.7 366.2 373.2 383.4 391.7 400.6 408.6 415 418.8 419.5 414.4 406.6 401.4 396.5 392 386.7 378.5 372.7 365.3 357.8 351.4 344.1 344.7 356.5
311 313.6 314.2 315.5 317.6 317.6 315.8 312.5 304.4 298.5 293.3 288.9 286.5 285.1 277 266.1 256.4 246.2 239 237.2 236.3 244.1 254.2 264.8 278.1 289.4 299.4 307.9 311.3 307.4 302.2 293.6 282.6 273 262.7 253 247.8 269.2 287.4 298.7 308.9 317.2 328.3 336.9 342.3 344.4 344.7 342 343.6 347.8 352.1 356.9 361.3 367.1 371.8 378.2 384.9 391 399.9 409.1 416.2 423 426.4 424.6 421.2 415.1 409 403.4 400.7 396.5 389.8 381 373.5 365.5 357.4 347.1 356.2 364.4
311.3 314.1 313.5 310.9 310.1 309.4 306.9 303.2 296.1 289.2 281.8 278.2 275.4 273.7 267.9 259 248.7 242.2 240 237.4 240.2 249 256 267.4 280.3 291.3 300.5 307.4 311.6 309.7 304.1 295.9 284.9 273.9 263.3 255.1 251.8 260.7 281.3 294.5 303 311.1 318.4 326.3 330.8 335 338.3 340.3 344 348.3 355.4 361.9 368.7 374.8 380.4 386.9 392.5 398.1 407.5 416.8 424.2 430.5 433.5 433.3 428.1 422.4 417.9 409.9 406.5 402.4 397.5 389.4 381 372.6 364.1 355.8 365.7 372.7
307.7 308.4 305.9 302.1 301.6 299 296.4 293.3 286.6 277 269.1 264.3 260.7 258 257.5 250.9 245.5 242.5 240.1 238 245.7 256 267.8 276.2 285.5 294.9 303.5 309.8 313.8 311.7 304.4 296.1 286.4 272.2 262.5 262.6 257.4 253.1 269.8 280.9 286 288.9 293.5 303.2 311.9 320.2 323 329.8 336.6 344.5 353.4 363.2 372.9 379.6 386.9 394.3 400.5 406.5 414.5 424.1 431.4 437.5 440 439.9 435.2 430.3 425 419.3 414 407.8 400.7 394.6 386 376.7 366.5 368 374.9 381.4
300.4 300.2 298.2 296.5 294.6 291.7 287.7 283.4 276.5 266.1 260 257.5 256.1 257.6 253.9 251.4 248.2 242.9 239.6 243.9 254.4 264.6 278.7 284.1 290.8 297.9 306.1 311.9 315.6 311.4 302.8 295.4 281.2 269.9 273.8 272.2 268.3 264.3 259.6 260.6 262.1 264.9 268.7 278.2 291.7 299.6 306.3 315.7 325.4 335 346 360.4 372.8 381.5 389.1 397 404.8 412.1 421.2 430.8 437.8 443.7 446.2 445.2 441.8 437.6 431.1 424.9 419.5 412.5 405.6 398 389.7 379.7 374 379 383.9 389.9
295.8 294.8 292.4 289.9 287.8 285.1 281 273.6 266.6 270.3 269.4 267.6 266.1 263.9 260.7 256.9 253.8 241.5 240.1 245.2 256.7 269.5 283.6 292.1 299.1 305.3 310.7 315.1 316.4 309.7 299.2 290.6 277.9 281.3 280.8 279 277.9 277.4 279 279.4 279.4 279.3 278 277.1 274.1 276.4 283.1 295.6 311.6 324.2 335.5 351 365.2 377 385.8 394.1 403.9 412.9 425.4 433 442 447.2 450.8 450.5 447.7 443.5 436.8 431.1 424.9 418.1 411.5 402.2 395.9 389.3 385.7 389.6 393.2 399.2
290.5 288.2 284.8 283.1 279.6 276.8 272.8 270.7 275 277.3 277.6 275.7 271.6 268.6 264.6 262.1 254.8 244.1 240.4 248.3 258.7 277.4 290.7 298.2 303.6 310.8 316 319.6 317.3 307.3 297.5 284.5 285.1 288 288.4 289.5 290.7 290 290.9 291.5 290 289.5 288.2 287.3 287 285.2 283.7 280.4 289.7 307.6 321.2 337.2 354.4 367.8 378 388.9 400.1 410.7 423.8 433.6 442.5 449.4 453.9 454.8 452.6 450.2 444.2 438 432 425.1 418.7 412.9 407.5 401.8 398.2 401.8 408.1 414.5
291.5 290 288.6 286.1 285.1 281.7 278.1 277 279.6 281.7 281.7 279.3 276.6 273.2 269.4 264.9 257.8 249.8 244.5 247 260.4 276.1 293.4 304.1 312.1 318.4 322.8 323.6 317.3 305.5 297.6 289.8 295.8 297.2 300.8 302.8 304.3 305 304.7 302.4 298.2 296.8 296.3 296.4 296.5 295.7 293.3 291.9 285.6 286.6 301.1 322.5 341.6 356.9 368.8 380.1 394 408 420.9 431.8 441.5 450.5 455.7 458.7 458.4 457.7 452.2 444.3 438.6 432.5 427.9 422 417.8 413.8 411.2 415.5 423.1 433
