app/static/ascii/NJ42.asc
ncols 200
nrows 200
xllcorner 340000
yllcorner 820000
cellsize 50
[rows 105 to 139 of 200, columns 78 to 155 of 200]
403.6 403.5 400.6 406.3 409.6 407.5 407 406.8 407.9 402.9 413.4 416.2 417.8 416.6 412.7 407.5 401.3 393.5 382.7 376.4 369.6 361.9 357.1 354.8 338.9 340.1 333.6 328.4 326.6 323.9 321.2 317.9 316.2 317.8 317 309.7 305.4 302.2 298.6 295 293.1 292.2 287.8 286.4 280.8 278 276.8 275.6 276.5 276.2 277 277.6 274.7 274.2 274.3 273.4 272.2 271.6 271.6 273.4 274.9 273.8 269.9 264.3 247.6 230.2 216.3 213.4 213.4 212.3 210.2 208.9 228.3 229.5 227.8 225.5 217.4 212.2
407.7 406.7 407.9 408.3 414.8 416.4 417.7 416.5 413.8 404.3 411.5 414.6 412.5 410.4 407.6 404.2 398.4 391 381 374.4 365.9 366.6 364.2 344.6 352.1 347.8 340.7 336.1 333.1 329.7 326.6 323.1 322.3 321.2 319.1 316.1 312.2 308.3 304.6 302.1 300.6 299.1 296.7 294.5 288 285.9 284.1 282.6 283.4 282 281.9 281 277.2 282.8 280.6 280.9 277.6 276.3 277.9 279.1 279.8 278 275 268.9 253.7 227.8 225.2 238 215.3 210.2 230.6 208.2 207.1 215.2 222.3 225.9 218.8 212.2
412.1 413.6 415.6 418.3 418.6 422.5 422.4 424.6 421 410.7 410.3 415.9 412.8 409.6 405.4 400.9 395.9 390.3 383.3 376.8 374.7 372.3 364 357.5 357 350.6 347 343.9 340.1 337.1 334 331.4 331 330.4 329 325.5 321 316.8 314.9 312.8 313 312.4 308.5 302.9 297.8 294.8 291.7 290.8 290.5 287 287.3 285.3 283 284.4 282.1 282.2 280.9 281.8 283.9 285.5 285.3 283.6 280.5 272.1 258.6 252.3 249.1 246.9 244.2 241.4 240.5 227.1 210.8 202.8 201.1 217.8 221.1 214.9
416.2 417.7 419.8 424.8 424 428.2 427.8 429.2 425.7 417.8 418.6 418.4 415.6 411.9 407.5 403.1 399.2 394 386.8 379.8 380.1 376.5 365.2 354.1 361.9 357.1 354.4 351.3 346.6 345.5 342.7 342.6 345.4 346.8 344.5 339.3 333.6 329.8 331.4 332 330.3 325.8 318.9 314.9 310.2 305.8 301.4 298.3 297.1 291.2 292 290.5 291.4 286.2 286.6 288.3 290.6 290.8 291.3 291.3 288.7 285.6 284.4 275.5 269.2 263.8 260.2 255.1 252.2 248.8 246.7 239.8 234.7 226.4 219.6 218.5 204.4 219.5
420.1 421.8 423.9 428.7 431.3 433.1 433 433.5 429.9 416.2 422.9 420.9 418.2 414.9 411.5 407.6 403.2 398.3 394.3 389.2 384.4 380.8 373.8 368.1 356.6 365.2 363.3 360 359.3 358.8 355.9 355.9 356.7 358.8 356.6 352.9 349.8 352 353.8 352.3 348 341 331.6 324.5 318.8 318.8 307.1 304.9 307.1 300.5 298.3 296.2 295.5 287.9 294.5 301.1 303 300.9 300.1 298.3 290.8 286.9 283.3 277.7 271.5 265.8 261.2 258.8 253.5 249.8 245.9 240.1 241.1 236.8 232.4 224.8 198.9 215
424.7 427.3 428 429.9 432.6 435.1 437.5 437.7 420.7 427.5 425.2 423.8 421 418.3 415.1 410.5 406.2 402.7 399.1 389.4 389.2 386.3 383.8 379 362.4 373.1 372.6 371.6 373.3 372 370.8 370.6 370.5 369.8 367.4 366.2 368.5 370.2 369.3 366.2 362.1 353.9 344.5 336.8 329.3 324.6 317.6 313.3 310.9 308.5 303.7 299.8 303.1 292.3 305.5 308.7 310.9 312.2 309.9 305.7 298.6 292.3 284.3 277.3 270.8 265.3 260.6 256 252 248.3 244.9 244.7 242 238.2 231.7 227.3 208 212.6
431.7 432.6 433 431.1 435.1 434.5 434.8 436.7 431.2 429 429.1 426.3 424 421.8 419.3 416.3 412.4 408.5 404.8 396.3 396 392 390.2 381.3 363.4 381.9 380.7 379.8 381.9 383.3 384 384.6 385.7 384.6 382.7 382.8 382.6 382 379.9 376.7 371.8 364 354.5 345.4 331.2 333.6 325 316.5 313.4 309.6 306.8 307.2 310.8 299.1 308.6 311.8 311.2 316.6 314.2 307.6 299.7 291 282.3 275 268.9 264.7 259.9 255.9 252.3 248.1 246.6 239.5 239.5 236.6 230.2 226.5 219 196.8
440.3 439.1 437.5 436.3 438 436.2 435.9 435.1 427 432.5 432 430.1 427.8 426.8 424.3 422.4 418.3 414.2 410.5 402.4 403 400 397.5 383 377 390.2 388.7 388.1 390 391.9 393.7 397.2 400.8 400.2 400.7 400.6 398.5 397.1 395.3 391.8 383.5 373.9 364 353.5 343.2 338 334.4 326.4 323.5 312.5 311.4 312.7 313.2 303.6 311.2 312.4 314.1 313.8 311.8 304.7 295.6 286.2 279.2 272.7 267.1 262.6 261.9 263.3 255.2 249.5 245 239.5 236.2 232.7 229.5 226.2 221.6 202.8
445.9 444.2 439.9 441.1 440.8 439.9 438 434.1 434.3 436.1 436.2 434.7 432.2 431.8 430.2 426.5 421.7 418.6 416.2 411.4 409.6 407.6 404 400.5 392.9 398.5 396.5 395 397.2 399.8 402 406.2 410.8 413.9 414.9 415.5 414.6 412.4 410.5 403.7 393.9 383.3 370.8 358.2 349.5 344.3 337.3 332 318.3 324.6 317.5 317.1 314.4 308 304.6 312.7 313.5 310.6 306.7 298.1 293.8 282.7 276.3 270.3 265.7 262.4 259.9 259.2 254.1 250.2 246.3 241.7 236.1 232.3 228.9 224.9 218.7 205.2
448.9 446.6 442.9 442.2 441.2 440 439.1 436.4 439.2 440.1 439.3 440.1 438.9 437.2 435.1 431.4 427.9 424 423.2 419.9 411.6 413.6 409 406.6 403.7 397.7 402.1 402.1 404.3 407.6 412.3 416.3 418.6 420.9 422.4 423.6 423.3 421.3 419.1 411.7 400.1 389.1 373.9 367.4 357 348 339.8 326.7 327.7 328.2 326.1 322.7 318.1 315.7 309.5 308.5 309.7 307.1 302 296.3 289 280.6 274.2 268.5 265 265.2 262.2 257.9 248.1 247.9 245.4 246 239.3 232.1 227.8 223.8 219.5 203.9
450.7 448.2 443.5 441 440.2 439.7 438.6 437.2 439.8 440.8 442.1 443.7 445.1 443.3 441.6 438.5 435 431.3 428.1 425.4 417.8 419.2 414.1 413.2 411.4 396 408 409.4 411.5 414.4 419.7 424.3 426.1 426.8 427.6 429 427.7 426.2 420.9 412.4 401.3 392.5 383 371.9 365.8 347.6 348.3 343 335.8 333 331.1 327.8 322.5 320.8 317.3 315 310.2 303.9 297.5 292 285.6 277.3 273.7 267.7 267 269.7 265.3 256.1 247.9 241.1 242.4 248.2 242.2 232.3 223.9 220 207.8 196.7
451.4 446.2 441.9 440.1 438.2 436.5 435.6 435.3 436.3 437.9 439.5 441.4 444.2 447.2 445.9 443.3 439.9 435.8 432.6 424.9 427.1 424.3 419 418.3 416.5 412.9 399.5 415.6 417.8 419.9 424.3 427.9 429.8 430.5 430.9 432.1 430.2 428.1 421 412.7 404.2 397.8 388.4 382.5 374.6 355.6 360.7 347.2 343.6 339.2 336.2 333.1 328.1 321.9 320.7 317.8 310.2 302.5 295.5 289.5 283.5 272.2 267.5 267.2 267.8 270.8 267.5 257.4 247.8 238.4 234.8 237.8 238.6 229.1 222.2 213.5 199.4 196.1
451.7 445.9 440.9 438.3 434.8 431.8 430.5 429.9 430.9 432.9 435.7 438.1 439.8 441.5 442 441.1 439.2 436.9 434.6 427.5 431.3 429.2 425.9 424.6 421 416.3 405.7 413 419.7 422.4 426 429.7 431.8 430.2 430.3 431.1 429.7 426.4 421.2 414.2 407.5 404 395.6 390.1 381.2 363.3 367.9 357.4 350.2 345.9 340.5 337.3 331.9 325.6 319.1 315.6 307.9 300.8 294 288.3 282.5 272.7 265.1 265.4 266.8 266.2 266 257.1 246.8 238.7 229.5 228.9 227.8 224.6 217.6 209 196.6 196.9
453.5 447.4 440.4 437 432.6 428.6 425.3 423.9 426 428.6 432.4 435.3 436.7 437.7 437.8 437.6 435.9 434.6 431.9 433 432.4 430.9 428.3 431 424.3 419.2 413.2 411.1 416.8 419.1 420.5 423.2 426.3 426.3 425.9 426.6 424.9 423.1 419.8 414.2 411.7 407.2 400.3 392.1 384.5 374.2 371 366.5 357.6 350.8 344.7 333 331.7 327.5 320.5 315.3 306.2 298.8 291.3 283.6 278.6 265.5 261.4 261.9 259.9 259 260.2 256.2 254 248.6 239.4 220.1 220 217.1 212.2 202.2 196.3 199
456.6 446.2 441.4 437.4 432.1 426.3 422.1 418.7 418.8 423.6 428.8 430.4 433.1 434.7 434 431.6 431.1 431.4 429.2 429.7 429.7 428.9 427.8 427.6 423.4 420.2 416.1 413.8 412.4 413.3 414 416.6 420.3 421.9 421 420.5 418.8 417.1 413.7 410 408.1 408.3 402.5 394.4 385.7 381.7 370.3 366.6 356.7 350.3 336.3 338.7 333.2 325.4 318.5 311.5 303.2 293.6 286.5 276.9 270.8 262.5 256 259 255.9 252.9 253 252.3 251.2 246.7 243.3 230.7 214.6 209.1 203.9 198.1 196.8 206
454.9 448 442.8 437.6 431.5 425.5 419.8 416.2 412.1 416.1 420.2 424 426.7 429.1 427.8 424.5 422.7 423.8 422.3 421.3 421.6 423.1 424.7 426.6 426.2 423.2 416.9 413.3 409.4 408.2 408.2 410.2 414.2 416.5 415.7 414.7 411.6 404 402.3 401 398.7 394.2 394.4 387.2 384.3 381.6 375.2 369.4 361.7 353.4 345 339.6 331.4 322.3 313.8 305.8 301 290.5 281 271.3 262.7 254.7 254.8 257.4 253.7 250.4 249.2 248.1 246.2 243.4 239.1 232.1 221.2 212.9 199.8 196.6 202.2 206.9
460.4 448.4 442.3 437 430.8 424.5 419.4 414 408.2 408.1 410.8 415.1 418.8 420.7 416.7 415.2 413.4 411.9 410.4 411.5 413.5 414.5 417.3 416.7 414.6 414.9 410.9 408 404.6 401 400.1 400.4 402.6 404.7 406 406 405.8 398.9 394.3 390.2 389.1 390.8 389.3 387.1 382.9 375.2 363.2 350.8 352 347.6 342 336.4 326.1 315.9 306.9 299.4 295.3 284.1 278.1 263.6 254.2 248.7 249.7 250 250.5 249.9 248.8 246.3 236.2 232.2 231 222 213.7 201.5 197.2 197.2 204.6 208.4
464.4 446.4 443.9 436.9 430.3 423 417.2 411.2 405.6 400.6 402.4 406.8 411.9 411.8 406.6 402.9 400.7 401.7 400.1 401.4 403.4 405.8 407 407.1 404.1 402.5 399.5 396.5 394.1 390.7 388.9 388.6 388.9 391.7 393.9 393 392.4 388.7 383.8 379.7 377.2 380.2 378.8 376 374.2 366.8 356 353.3 345.4 342.3 334.3 323.5 312.7 306.4 300.8 293.8 285 277.3 267.3 256.1 250 244 244.8 241.3 247.2 247.1 247.3 244.4 237.5 225.1 217.6 211 203 197.5 197.1 196.9 204.6 209.4
470.5 459.6 446.7 437.5 429.6 422.6 414.9 408.8 403.4 394.8 392.8 395.3 399.7 398.7 391.8 387.8 386.5 388.2 386.1 388.6 390.2 393.2 395.4 393.8 391.3 391.7 389.2 384.9 381.1 376.8 376.2 377.8 376.9 376.4 375.8 375.9 375.4 373.9 373.2 370.1 370.3 361.3 361.9 360.3 360.3 358.9 353.2 345 333.8 329.9 323.5 319.8 312.9 304.1 291.8 287.9 280 271.5 260.9 249.4 244 241.8 239 239.2 241.6 240.3 236.7 229.1 219.5 214.5 207.1 201.9 198.4 197.6 197.8 199.1 206.5 209.1
468.2 459.2 449.9 440.8 430.9 421.9 412.7 406.3 401.4 394.9 388.4 382.3 381.7 381.6 378 373 370.6 372.4 372.5 375.1 376.2 378.6 381 381.9 380.8 381.3 377.9 374.4 371.1 367.6 364.8 363.8 363.8 363.3 361.3 361.3 360.3 362.5 362.7 359.8 357.2 356.7 351.3 340.5 349.1 349 345.4 338.7 329.6 321.9 315.8 310.1 302.9 293.8 285.2 277.9 270.8 260.2 252.7 245.6 240.1 236.6 233.2 233.2 231.4 231.5 223.5 213.3 210.6 205 201.8 199.8 198.3 197.7 197.6 198.2 205.7 209.2
463.6 458.3 449 440.2 430.8 420.7 412.6 405.4 400 395.3 390.3 385.2 378.3 367.2 359.5 360.3 357.6 358.8 357.3 359.9 363.5 366.4 368.8 369.4 370 369.6 365.4 363.4 361.9 358.9 354.6 352.1 351.5 350.5 348.4 347.6 347.5 350 349.8 346 340.9 340.7 334.8 325.9 334.7 340.3 336.7 332.1 327.5 313.8 304.6 294.4 286.7 279.2 270.8 265.7 261 254.8 248.6 241.8 237.5 233 225.7 220.9 223.4 223.4 215.1 211.5 208.1 203.4 200.9 199.5 198.5 197.8 197.9 201 211.1 214.9
461.8 456 447.6 438.2 430.1 421.9 412.6 405 399.6 396.1 391.8 385.8 379.7 371.7 362.8 351.9 348 348.9 348.7 348.5 350.2 354.2 356.9 357.2 357.2 357.3 353.6 351.9 351.4 347.7 341.1 337.3 337 336.7 335.1 334.2 333.6 333.7 334.5 329.5 324.2 321.5 314.8 309.2 325.3 328.8 326.9 320.8 313.4 300.5 290.3 282.6 276.4 268.8 260.2 257.1 248.2 245.5 244.8 239.6 234.8 230.2 220.2 208.9 216.7 212.2 213.2 210.6 207.4 203.7 201 199.7 198.7 198 198 207.6 219 219.4
456.4 450.9 444.1 435.5 426.6 418.8 411.1 404.4 399.3 395.3 391.4 386 379.4 371.5 362.6 353.8 344.3 337.3 339.8 339.9 341.2 342.8 343.4 344.7 345.1 343.9 339.3 336.4 334.1 332.4 328.5 324.1 323.3 322 320.7 320.9 318.7 316.8 316.9 314.2 308.8 306.3 296.3 297.5 308.9 313.9 313.1 306.8 299.3 286.3 277.8 273.4 263.6 251.8 247.8 243.4 246.3 235.1 228.6 234.2 221.3 208.5 201.7 201.8 201.2 203.3 212.3 208.9 206.4 204.2 201.7 200.2 199.2 198 198.8 207 226.1 226.6
446.2 441.1 436.7 430 421.8 414.1 406.4 400.3 395.8 392.8 390.5 387.3 382.4 374.9 363.1 355.3 346.7 338.4 325.7 327 328.8 332.2 334.8 335 335.3 332 329 327.5 325.3 322.5 318.9 312.5 312.1 312.3 310.5 308 305.3 301.3 296.7 290.4 294.2 292.4 289.5 288.8 274.8 295.7 293.3 289.9 283.7 273.8 267.2 261.6 250 252.8 250.7 247 248.4 246.3 223.7 215.9 203.8 202 212.5 205.6 201.4 201.1 201 203.7 205.5 203.8 202 200.6 199.3 198.2 201.6 210 215.1 219.9
439.7 433.6 426.8 421 413.1 405.7 400.1 394.7 390.5 388.1 387.1 384.6 381.4 375.6 367.4 358.8 349.6 340.8 333.2 323.1 315.1 318.5 323.2 322.3 321.6 321.7 319.3 318 317 313.2 310.5 304.8 300.9 301.2 299.1 297 293.3 291.7 290 286.7 277.7 277.7 285.2 287.7 270.3 272.5 277 274.2 268.7 261.1 256.6 250.7 247.5 253.1 249 245.3 243.8 242.8 226.5 205 204.3 218.7 231.2 222.3 210.8 201.8 200.7 200.1 199.8 201 200.2 199.4 198.9 198.5 206.2 214.3 216.8 216.7
432.9 426 418.6 412.9 406.1 399.5 393.3 388.5 384.6 382.7 382.1 380 377.2 373.3 368.2 361.7 353 342.8 334.5 326 318.3 310.1 308.4 311.3 310.1 310.6 309.8 308.6 306.7 304.2 301.3 296.7 291.1 290.4 289.1 287.1 283.9 281.5 278.4 275.5 274.5 273.3 278.1 280.2 274 256.9 254.9 253.8 254.2 250.9 245.6 250.1 250.3 246 244.1 242.4 239.8 238.6 222.5 202.8 215.2 235.2 237 236.2 223.9 217.1 209.9 202.3 200.1 199.5 199.3 199.1 199.2 205.8 215.1 222.9 223 222.4
425 418.1 411.8 406.4 400 393.6 388 383.3 379.7 376.9 375.7 374 371.8 369.2 365.2 360.5 354 345.6 336.2 326.2 320 320.9 309.6 298.1 299.1 300.3 299.9 298.5 297.4 293.7 292.3 288.8 283.9 281.4 279.7 276.8 274.6 272.3 269.9 268.3 266.7 263.9 262.6 262.3 256 252.7 250.2 249.7 245.6 244.5 243 243.9 243.3 241.3 239.6 239 238.2 234.5 223.2 203.2 214.5 225.3 232.6 239 235.4 226.6 224.2 217.7 212.5 206.1 201.3 201.3 203.8 213.9 226.1 228.7 227.8 227.4
416.4 409.5 404.3 399 393.2 386.8 382.4 377.5 373 369.6 368 367.5 365 362.8 359.7 355.9 351.2 345.1 337.7 329.1 324.5 318.5 311.2 304.5 297.2 289.6 287.6 289.6 287.9 284.5 282.1 279.8 277.7 272.9 271.9 269.2 266.8 264.9 258.6 258.3 258.4 258 257.9 252.9 250.9 248.5 248 244.9 242.5 240.7 240 239.6 237.7 236.4 234.8 235.1 234 228.6 219 203.8 203.2 205 221.5 236 239.8 233.1 231.6 228.8 226.4 223.5 218.1 216.8 212.9 220.8 232.6 234.6 232.8 232.8
408.3 399.3 394 389.1 384.4 378.9 374.3 369.1 364.8 361.7 359.7 359.5 358.3 356.4 353.3 350.1 346.5 342.4 337.4 331.6 325 317.9 311.7 306.7 301.7 296.4 290.1 280.5 277.9 273.5 274 270.6 266.2 264.6 263 261.9 258.8 255.5 255.7 253.8 253.6 253.1 250.3 248.1 246.5 244.5 243.3 242 239.6 237.5 235.9 234.7 232.3 231.6 230.3 229.9 226.1 219.5 213.7 207.5 203.8 203.7 209 222.9 241 237.4 237.1 240.4 241.4 238.5 231.1 233.3 225.4 231.1 235.9 238 238.8 238.1
411 402 392.9 376.1 372.6 369.3 364.2 361 355.6 352.5 351.1 352.9 352 350 347.8 344.9 341.6 337.7 333.3 328.3 322.5 316.9 312.1 308.5 304.1 297.4 291.6 287 282.9 277.9 273.7 269.2 262.1 257.8 258 255.8 253.9 252.2 250.5 249.5 248.6 248.2 246.4 244.5 242.6 241 240.2 238.4 235.9 234.4 233 231.6 230.6 229.1 227.2 226.1 222.7 217.2 213.1 205.1 204.3 203.4 209.1 213.8 224.4 229.6 232.2 239 237 241.1 236.8 234.8 231.9 230.6 234.4 237.3 239.3 239.3
411.1 401.7 393.7 384.4 375.8 364.7 352.4 349.2 345.7 342.4 339.8 342.1 340.6 340.2 340.8 339 336 332.6 328.1 323.3 318.3 313.8 310.2 306.9 303.7 295.7 290.8 287 281.3 277.1 276.7 272.7 267.7 261.3 255.6 250.3 249.9 248.7 246.6 245.3 244.5 243.8 241.7 240 237.2 235 234.7 233.6 231.8 231.1 230.6 229.7 228.6 227 226 224.9 222.9 218.2 207.1 205.1 204.3 204.5 208.8 212.3 232.8 235 236.2 243.2 236.9 238.1 237.5 236.9 234.5 232.4 236.1 236.9 237.5 232.7
409.6 401 393.1 384.4 376.5 368.4 359.4 349.9 336.6 331.5 328.5 328.4 329.1 328.7 328.1 328.4 327.8 324.6 321.4 317.5 312.7 308.1 305.2 303 299.8 293.7 288.3 282.8 281.7 275.8 274.9 271.6 266.2 258.9 254.8 250.8 245.9 246.7 243.9 241.8 240.2 239.1 237.5 234 233.1 233.1 232 230.3 226 228.6 227 226.1 225.5 222.5 222.2 221.4 220.6 208.2 205.6 204.7 204.4 204.1 209.2 213.3 234.8 241.3 245 244.7 242.1 240.5 239.7 239.2 235.6 232 229.4 231.3 228.6 226.3
406.2 398.8 390.8 382.7 375.2 367.3 359.6 351.3 342.1 330.6 323 317.3 318.3 319 317 315.3 314.3 313.3 310.7 307.8 304.2 299.8 296.4 294.3 292.5 288.4 282.5 280.8 281 278.5 272.6 267.7 262.3 257 253.2 250.3 246.5 242.9 240.2 237.5 234.6 234 231.3 228.1 225.4 223.4 221.9 218.8 216.9 220 225.9 224.8 222.4 216.1 216.3 212 207.5 206.2 205.3 204.8 205 210.3 210.6 211.8 224.7 231.9 236.6 244.4 244.8 244.7 240.9 240.9 234.5 229.5 226.4 225.9 226.1 230.4
402.6 394.9 387.8 380.4 372.4 365.5 358.4 350.4 342.6 334.5 324.2 316.9 308.3 308.8 306.5 303.4 301.9 300.8 299.4 296.3 292.2 285.5 281.8 281.8 280.9 280.2 278.2 277.6 277.6 278.9 272.3 263.9 257.6 253.8 250.5 248.4 245.5 241.8 239.7 238.1 236.9 236.2 236.5 235.1 233.7 233.1 230.2 230.6 224 214.6 223.8 223.5 222.5 220 213.4 207.9 207 206.1 205.2 210.1 210.5 210.9 211.1 212.5 217.9 226.2 234.1 238.6 241.6 238.2 238 235.2 230.1 226.4 226.1 226.9 227.4 231.7
395.5 390.3 383.7 377 369.1 362.3 355.4 348.4 340.9 332.7 325.7 315.5 310.8 306.5 299.6 298.5 297.1 291.1 289 283.7 278.3 274.7 273.7 271 267.9 265.1 266.8 267.1 267.4 271.2 265.9 259.1 254.8 251.4 247.3 244.2 241.6 240.3 240 240.2 238.7 237.8 235.8 233.3 232.2 231.7 228.5 220.7 215.3 213.8 213.6 215.5 217.7 215 209.1 207.8 206.7 205.9 207.3 209.3 210.8 211.5 211.8 213.6 219.8 225.3 229.4 232.5 230.2 226.1 227.2 226.5 225.9 234.2 234.3 236.8 233.1 231.8
