app/static/ascii/NJ46.asc
ncols 200
nrows 200
xllcorner 340000
yllcorner 860000
cellsize 50
[rows 76 to 113 of 200, columns 0 to 83 of 200]
-1.4 -1.4 -1.4 -1.4 -1.4 -1.4 -1.4 -1.4 -1.4 -1.4 -1.4 -1.4 -1.4 -1.4 -1.4 -1.4 -1.4 -1.4 -1.4 -1.4 -1.4 -1.4 -1.4 -1.4 -1.4 -1.4 -1.4 -1.4 -1.4 -1.4 -1.4 -1.4 -1.4 -1.4 -1.4 -1.4 -1.4 -1.4 -1.4 -1.4 -1.4 -1.4 -1.4 -1.4 -1.4 -1.4 -1.4 -1.4 -1.4 -1.4 -1.4 -1.4 -1.4 -1.4 -1.4 -1.4 -1.4 -1.4 -1.4 -1.4 -1.4 -1.4 -1.4 -1.4 -1.4 -1.4 -1.4 3.5 2.7 3.4 3.9 4.9 8 17.5 18.7 19 18.7 19.2 19.3 20.1 22.3 24.7 26.6 28.1
-1.4 -1.4 -1.4 -1.4 -1.4 -1.4 -1.4 -1.4 -1.4 -1.4 -1.4 -1.4 -1.4 -1.4 -1.4 -1.4 -1.4 -1.4 -1.4 -1.4 -1.4 -1.4 -1.4 -1.4 -1.4 -1.4 -1.4 -1.4 -1.4 -1.4 -1.4 -1.4 -1.4 -1.4 -1.4 -1.4 -1.4 -1.4 -1.4 -1.4 -1.4 -1.4 -1.4 -1.4 -1.4 -1.4 -1.4 -1.4 -1.4 -1.4 -1.4 -1.4 -1.4 -1.4 -1.4 -1.4 -1.4 -1.4 -1.4 -1.4 -1.4 -1.4 -1.4 -1.4 -1.4 -1.4 -1.4 4.1 3.2 4.7 5.9 5.6 11 18 18.6 19 19.8 20.1 20.4 20.9 22.9 25.5 27.7 29.4
-1.4 -1.4 -1.4 -1.4 -1.4 -1.4 -1.4 -1.4 -1.4 -1.4 -1.4 -1.4 -1.4 -1.4 -1.4 -1.4 -1.4 -1.4 -1.4 -1.4 -1.4 -1.4 -1.4 -1.4 -1.4 -1.4 -1.4 -1.4 -1.4 -1.4 -1.4 -1.4 -1.4 -1.4 -1.4 -1.4 -1.4 -1.4 -1.4 -1.4 -1.4 -1.4 -1.4 -1.4 -1.4 -1.4 -1.4 -1.4 -1.4 -1.4 -1.4 -1.4 -1.4 -1.4 -1.4 -1.4 -1.4 -1.4 -1.4 -1.4 -1.4 -1.4 -1.4 -1.4 -1.4 -1.4 4.7 4.3 4.2 6 9 13.7 10.5 14 17.2 19 20.3 21.1 21.4 22.5 24.5 26.5 28.5 30.6
-1.4 -1.4 -1.4 -1.4 -1.4 -1.4 -1.4 -1.4 -1.4 -1.4 -1.4 -1.4 -1.4 -1.4 -1.4 -1.4 -1.4 -1.4 -1.4 -1.4 -1.4 -1.4 -1.4 -1.4 -1.4 -1.4 -1.4 -1.4 -1.4 -1.4 -1.4 -1.4 -1.4 -1.4 -1.4 -1.4 -1.4 -1.4 -1.4 -1.4 -1.4 -1.4 -1.4 -1.4 -1.4 -1.4 -1.4 -1.4 -1.4 -1.4 -1.4 -1.4 -1.4 -1.4 -1.4 -1.4 -1.4 -1.4 -1.4 -1.4 -1.4 -1.4 -1.4 -1.4 -1.4 5.6 5.5 4.9 7.3 9.5 12.6 17.3 18.6 19.7 20.3 20.5 15.5 19.5 23 24.2 26.1 28.1 30 31
-1.4 -1.4 -1.4 -1.4 -1.4 -1.4 -1.4 -1.4 -1.4 -1.4 -1.4 -1.4 -1.4 -1.4 -1.4 -1.4 -1.4 -1.4 -1.4 -1.4 -1.4 -1.4 -1.4 -1.4 -1.4 -1.4 -1.4 -1.4 -1.4 -1.4 -1.4 -1.4 -1.4 -1.4 -1.4 -1.4 -1.4 -1.4 -1.4 -1.4 -1.4 -1.4 -1.4 -1.4 -1.4 -1.4 -1.4 -1.4 -1.4 -1.4 -1.4 -1.4 -1.4 -1.4 -1.4 -1.4 1.8 -1.4 -1.4 -1.4 -1.4 -1.4 -1.4 5.9 6 5.7 5.4 6.5 9 17.2 16.9 18.1 18.4 19.7 21 22.3 13 21.3 24.6 25.8 27.7 29.4 30.2 31.2
-1.4 -1.4 -1.4 -1.4 -1.4 -1.4 -1.4 -1.4 -1.4 -1.4 -1.4 -1.4 -1.4 -1.4 -1.4 -1.4 -1.4 -1.4 -1.4 -1.4 -1.4 -1.4 -1.4 -1.4 -1.4 -1.4 -1.4 -1.4 -1.4 -1.4 -1.4 -1.4 -1.4 -1.4 -1.4 -1.4 -1.4 -1.4 -1.4 -1.4 -1.4 -1.4 -1.4 -1.4 -1.4 -1.4 -1.4 -1.4 -1.4 -1.4 -1.4 -1.4 -1.4 -1.4 -1.4 -1.4 2.9 -1.4 -1.4 -1.4 -1.4 5.9 8.5 9.5 6.7 6.8 6.7 9 18.7 19.4 20.6 18.9 22.2 21.2 22.3 23.8 21.7 14.8 24.5 27.4 28.8 29.6 30.4 31.2
-1.4 -1.4 -1.4 -1.4 -1.4 -1.4 -1.4 -1.4 -1.4 -1.4 -1.4 -1.4 -1.4 -1.4 -1.4 -1.4 -1.4 -1.4 -1.4 -1.4 -1.4 -1.4 -1.4 -1.4 -1.4 -1.4 -1.4 -1.4 -1.4 -1.4 -1.4 -1.4 -1.4 -1.4 -1.4 -1.4 -1.4 -1.4 -1.4 -1.4 -1.4 -1.4 0 1 1.6 3.6 1.8 -1.4 -1.4 -1.4 -1.4 -1.4 -1.4 -1.4 -1.4 4.5 4.6 -1.4 5.2 9.3 9.8 9.6 14 13.2 19.3 11.2 13.8 21.2 21.3 21.7 21.2 23.9 24.4 24 24.8 25.4 25.7 24.7 16.3 25.4 28.7 29.6 30.4 31.1
-1.4 -1.4 -1.4 -1.4 -1.4 -1.4 -1.4 -1.4 -1.4 -1.4 -1.4 -1.4 -1.4 -1.4 -1.4 -1.4 -1.4 -1.4 -1.4 -1.4 -1.4 -1.4 -1.4 -1.4 -1.4 -1.4 -1.4 -1.4 -1.4 -1.4 -1.4 -1.4 -1.4 -1.4 -1.4 -1.4 -1.4 -1.4 -1.4 -1.4 -0.1 -1.4 4.9 7.4 7.5 8.2 6.5 4.8 -1.4 -1.4 -1.4 -1.4 -1.4 2.7 5 5.8 6.2 7.3 9.4 12.1 20.5 20.7 21.4 21.2 22.7 21.3 9.4 23.3 23.4 23 22 24.3 25.3 26.1 26.4 26.7 26.9 27.4 18.2 24 28.8 29.6 30.3 30.9
-1.4 -1.4 -1.4 -1.4 -1.4 -1.4 -1.4 -1.4 -1.4 -1.4 -1.4 -1.4 -1.4 -1.4 -1.4 -1.4 -1.4 -1.4 -1.4 -1.4 -1.4 -1.4 -1.4 -1.4 -1.4 -1.4 -1.4 -1.4 -1.4 -1.4 -1.4 -1.4 -1.4 -1.4 -1.4 -1.4 -1.4 -1.4 -1.4 -1.4 1.4 6.1 8.1 19.5 19.1 19.1 8 7 7.1 6.7 6.4 6 5.7 5.8 6.7 6.8 10.5 16.1 22.4 22.4 22.2 23 23 22.9 23.2 23.3 21.6 24.5 24.4 24.4 22.7 23.2 25.5 27.4 27.6 27.9 28.1 28.4 27.8 19 26 29.5 30.2 30.7
-1.4 -1.4 -1.4 -1.4 -1.4 -1.4 -1.4 -1.4 -1.4 -1.4 -1.4 -1.4 -1.4 -1.4 -1.4 -1.4 -1.4 -1.4 -1.4 -1.4 -1.4 -1.4 -1.4 -1.4 -1.4 -1.4 -1.4 -1.4 -1.4 -1.4 -1.4 -1.4 -1.4 -1.4 -1.4 -1.4 -1.4 -1.4 -1.4 -1.4 3.8 7.9 19.8 19.7 19.5 19.3 16 9.2 8.3 12.2 8.7 7.3 7 8.8 18.4 22.9 22.7 23.1 23.6 23.7 23.3 23.9 25.5 25.5 25.5 25.5 22 24.6 25.1 25.1 25.4 25.3 27 28.2 28.8 29.1 29.3 32.8 29.8 30.1 29 24.6 25.8 30.3
-1.4 -1.4 -1.4 -1.4 -1.4 -1.4 -1.4 -1.4 -1.4 -1.4 -1.4 -1.4 -1.4 -1.4 -1.4 -1.4 -1.4 -1.4 -1.4 -1.4 -1.4 -1.4 -1.4 -1.4 -1.4 -1.4 -1.4 -1.4 -1.4 -1.4 -1.4 -1.4 -1 -0.3 0.7 1.5 -1.4 -1.4 -1.4 3.1 7.2 21.5 21.9 21.1 20.8 20.6 20.4 17.9 11.5 10.6 8.9 10.6 19.9 20.6 21.9 23.3 23.9 24.5 24.6 24.5 26.1 26.5 26.4 26.3 26.1 25.9 24.3 24.7 25.2 25.2 26.4 27.5 28.3 28.9 29.6 30.2 30 30.3 30.5 30.2 30.4 30.2 26.9 26.1
-1.4 -1.4 -1.4 -1.4 -1.4 -1.4 -1.4 -1.4 -1.4 -1.4 -1.4 -1.4 -1.4 -1.4 -1.4 -1.4 -1.4 -1.4 -1.4 -1.4 -1.4 -1.4 -1.4 -1.4 -1.4 -1.4 -1.4 -1.4 -1.4 -1.4 -0.2 0 0.3 0.9 1.7 3.9 4.9 5.1 6.1 5.4 6.7 20.5 21.8 21.2 21.4 21.6 21.7 21.3 20.9 20.5 19.9 22.2 22.4 23.2 24 24.6 25.2 25.7 26.2 27.4 26.9 27.7 27.5 27.1 26.9 26.7 26.5 24.5 22.8 26.7 27.6 28.3 29 29.7 30.3 31.6 30.5 30.9 34.6 30.9 31.4 31.5 31.3 30.8
-1.4 -1.4 -1.4 -1.4 -1.4 -1.4 -1.4 -1.4 -1.4 -1.4 -1.4 -1.4 -1.4 -1.4 -1.4 -1.4 -1.4 -1.4 -1.4 -1.4 -1.4 -1.4 -1.4 -1.4 -1.4 -1.4 -1.4 -1.4 -1.1 -0.1 0.7 1.4 1.8 5.3 5.5 5.2 5.2 5.7 6.2 6.2 12.9 21.2 21.7 21.6 21.9 22.1 22.4 22.7 22.7 22.8 22.7 23.1 23.7 24.4 25.4 26.1 26.6 27 28.6 28.5 28.5 28.9 28.8 28.4 28.1 27.9 27.7 25.2 20.4 27.4 28.2 28.8 29.5 30.3 31 31.3 31.8 33.9 31.7 31.8 32.3 32.1 32.1 32.2
-1.4 -1.4 -1.4 -1.4 -1.4 -1.4 -1.4 -1.4 -1.4 -1.4 -1.4 -1.4 -1.4 -1.4 -1.4 -1.4 -1.4 -1.4 -1.4 -1.4 -1.4 -1.4 -1.4 -1.4 -1.4 -1.4 -1.4 -1.4 0 0.8 1.6 5.8 5.5 7.1 7 6.9 6.8 5.8 12.8 4.6 18.9 20.5 21.7 22 22.3 22.5 22.8 23.3 23.7 24 24.1 24.1 24.7 25.6 26.6 27.6 28.3 29.3 29.7 29.7 30 30 29.9 29.8 29.3 29 28.8 27.6 22.3 28 28.7 29.4 30.1 30.9 31.7 32.3 32 32.7 32.8 33 33 33 33.1 32.7
-1.4 -1.4 -1.4 -1.4 -1.4 -1.4 -1.4 -1.4 -1.4 -1.4 -1.4 -1.4 -1.4 -1.4 -1.4 -1.4 -1.4 -1.4 -1.4 -1.4 -1.4 -1.4 -1.4 -1.4 -1.4 -1.4 -1.4 0 1.1 2 6.3 7.1 8.6 12.9 15.6 15.7 16.5 19.8 19 16.4 19 20.3 21.8 22.3 22.6 22.8 23.2 23.9 24.3 24.6 25 25.3 26 26.6 27.8 29.5 29.8 30.5 30.8 30.9 31 31 31 31 30.7 30.3 30 28.8 26.2 28.8 29.4 30 30.7 31.6 32.3 33 33.3 33.6 33.7 34 34.2 34 34 33.9
-1.4 -1.4 -1.4 -1.4 -1.4 -1.4 -1.4 -1.4 -1.4 -1.4 -1.4 -1.4 -1.4 -1.4 -1.4 -1.4 -1.4 -1.4 -1.4 -1.4 -1.4 -1.4 -1.4 -1.4 -1.4 -1.4 -1.4 1.2 5.8 6.5 7.9 16.9 23.2 22.8 22.5 22.2 22 20.4 19.8 17.8 12.1 20.1 21.8 22.6 22.9 23.2 23.9 24.6 25 25.3 25.6 26.5 27.4 28 28.6 32.2 31.1 31.5 31.8 32.1 32.1 32.1 32 32 32 31.7 31.2 29.9 27.5 25.2 29.8 30.2 31.5 33 32.8 33 33 34.5 34.8 35.1 35.4 35.5 35.2 35.3
-1.4 -1.4 -1.4 -1.4 -1.4 -1.4 -1.4 -1.4 -1.4 -1.4 -1.4 -1.4 -1.4 -1.4 -1.4 -1.4 -1.4 -1.4 -1.4 -1.4 -1.4 -1.4 -1.4 -0.4 0 0.4 1.5 6.2 7 9.4 19.3 23.5 23.3 23.2 22.8 22.2 21.8 21.7 21.6 18.7 19.2 20.2 21.8 23 23.2 23.8 24.5 25.2 25.6 25.9 26.7 27.7 28.7 29.5 30.5 32.6 32.4 32.9 33.2 33.5 33.5 33.5 33.4 33.3 33.3 32.9 32.4 31.3 30.1 24.7 29.2 30.8 32.2 33.1 35 34.9 35.4 35.8 36 36.2 36.5 36.8 36.8 36.9
-1.4 -1.4 -1.4 -1.4 -1.4 -1.4 -1.4 -1.4 -1.4 -1.4 -1.4 -1.4 -1.4 -1.4 -1.4 -1.4 -1.4 -1.4 -1.4 -1.4 -0.3 0.1 0.4 0.9 1.3 1.7 6.2 7.3 13.3 24.7 24.3 24.1 23.7 23.7 23.4 22.8 22 21.2 21 20.9 19.8 20.3 21.9 23.3 23.7 24.4 25.2 25.9 26.3 27 28 29.1 29.9 30.8 31.9 33 33.7 34.3 34.7 35 35.1 35 34.9 34.7 34.5 34 33.4 31.8 30.9 29 30.7 31.7 32.7 33.7 34.8 35.8 36.7 37.2 37.5 37.6 37.8 38.1 38.2 38.3
-1.4 -1.4 -1.4 -1.4 -1.4 -1.4 -1.4 -1.4 -1.4 -1.4 -1.4 -1.4 -1.4 -1.4 -1.4 -1.4 -0.4 -1.4 -1.4 0.3 1 1.4 1.7 4.4 6.1 6.6 8.6 8.6 23.7 25 24.6 24.6 24.6 24.7 24.3 23.5 22.6 21.5 20.4 17.4 10 20.7 22.3 23.7 24.4 25.1 25.8 26.5 27.2 28.3 29.5 30.3 31.2 32.2 33.1 34.5 35.1 35.7 36.1 36.7 36.8 36.4 36.2 36 35.7 35.1 34.3 33 30.4 30.2 31.5 32.5 33.6 34.7 35.8 36.8 37.7 38.6 38.9 39.1 39.3 39.5 39.7 39.7
-1.4 -1.4 -1.4 -1.4 -1.4 -1.4 -1.4 -1.4 -1.4 -1.4 -1.4 -1.4 -1.4 -1.4 -1.4 0.4 0.9 0.6 1.1 1.8 4.9 5.5 5.6 6.2 8.1 12.5 10.6 19.1 25.1 25 25.2 25.4 25.5 25.6 24.8 24.1 23.1 21.8 20.5 18.1 19.1 21.4 23.4 24.6 25.2 25.8 26.5 27.3 28.7 29.8 30.7 31.5 32.5 33.5 34.4 35.6 36.1 36.6 37 37.3 37.6 37.7 37.4 37.2 36.8 36 35.2 34.1 27.5 25.2 32.6 33.5 34.7 35.8 36.8 37.8 38.7 39.6 40.3 40.6 40.8 40.9 41 41.4
-1.4 -1.4 -1.4 -1.4 -1.4 -1.4 -1.4 -1.4 -1.4 -1.4 -1.4 -1.4 -1 -0.3 0.6 1.6 2.9 4 5.2 5.8 6.5 6.9 7.1 8.8 11.9 11.8 23.9 26 25.7 25.6 25.6 25.7 25.8 25.9 24.8 23.9 23.6 22.5 21.4 21 19.6 23.4 24.5 25.5 26.1 26.7 27.3 29 30.4 30.8 31.2 32.9 33.8 34.7 35.6 36.1 36.7 37.2 37.7 37.9 38.2 38.3 38.2 37.9 37.4 36.7 36 33.4 26.5 25.6 33 35 36 36.8 37.8 38.8 39.7 40.6 41.5 42.1 42.3 42.3 42.3 42.4
-1.4 -1.4 -1.4 -1.4 -1.4 -1.4 -1.4 -1.4 -1.4 -1.4 -1.4 -0.8 0.1 0.8 1.7 5.4 5.6 5.6 6.3 7.2 7.9 8.4 7.8 7.6 9.1 21.8 25.7 26.1 26 25.9 25.9 25.9 25.9 25.7 24.7 23.7 23.6 22.9 22.2 16.4 18.2 24 25.1 26.1 27.2 27.7 29.5 30.6 31 31.4 32.9 34.4 35.3 36.1 36.5 36.9 37.4 37.9 38.4 38.7 38.9 38.9 38.9 38.6 37.9 37.4 36.9 35.6 27.4 34 35.3 36.3 36.9 37.9 38.9 39.9 40.8 41.6 42.5 43.4 43.6 43.6 43.6 43.7
-1.4 -1.4 -1.4 -1.4 -1.4 -1.4 -1.4 -1.4 -1.4 -1.4 -1 -0.2 0.7 1.6 5 6.2 6.8 7.8 8.3 10.9 11.8 15.6 15.7 19.6 26.6 26.6 26.4 26.4 26.4 26.3 26.3 26.3 26.4 26.4 25 23.6 23.4 23.6 23.2 16.1 14 16 14.7 26.8 28.4 30.3 31.7 31.2 32.2 33.5 34.6 36 36.5 36.9 37.3 37.7 38.1 38.6 39.1 39.6 39.6 39.4 39.3 39.2 38.7 38.2 37.6 37.1 29.2 35.2 36.5 38 38.9 39.8 40.3 41.8 42.3 42.8 43.7 44.4 44.9 44.9 45 45
-1.4 -1.4 -1.4 -1.4 -1.4 -1.4 -1.4 -1.4 -1.4 -1.4 -0.5 0.4 1.2 3.2 5.4 7.8 8.4 16.8 21.3 28.8 30 30.8 29.2 28.4 27.8 26.8 26.5 26.7 26.7 26.7 26.8 27 27.1 27.2 25.8 24.1 23.6 23.7 23.4 23.5 24.6 20.2 16.6 28.4 30 31.2 31.7 32.4 33.7 34.9 35.8 36.6 37.2 37.7 38.1 38.5 39 39.4 39.7 39.9 39.8 39.7 39.6 39.5 39.5 38.7 37.5 36.1 31.4 35 37.1 39.3 40.7 41.7 42.6 43.3 44.5 45 45 45.5 46.2 46.1 46.1 46.1
-1.4 -1.4 -1.4 -1.4 -1.4 -1.4 -1.4 -1.4 -1.4 -1.4 -0.3 0.8 1.8 5.3 7 11.4 26.5 27.8 29 29.5 29.1 28.9 28.9 28.7 27.8 27.1 27 27.1 27.2 27.3 27.5 27.7 27.8 28 26.7 25.3 24.3 24 24.3 24.6 24.9 21.6 20.6 28.8 30.4 31.3 31.7 33.1 34.5 35.4 36.3 37 37.7 38.4 38.9 39.3 39.6 39.6 39.8 40.1 40 39.9 39.8 39.6 39.4 38.6 37.3 36.3 33.9 36 38.2 40.2 41.6 43.2 44.4 45.4 46.1 46.8 46.9 47 47.3 47.1 47.3 47.4
-1.4 -1.4 -1.4 -1.4 -1.4 -1.4 -1.4 -1.4 -1.4 -1.4 0.1 1.3 5.2 6.1 11.7 25.3 27 28.7 29.5 29.8 29.7 29.3 28.8 28.7 28.2 27.7 27.7 27.9 28 28.3 28.3 28.4 28.6 28.7 27.5 26.4 25.7 24.6 25 25.3 25.8 23.3 16.8 28.5 30.3 31.5 32.6 33.7 34.9 35.8 36.7 37.4 38.1 38.8 39.5 39.6 39.7 39.8 39.9 40.2 40.3 40.2 39.9 39.6 39.3 38.8 38 37.2 32.1 36.8 39 40.8 42.5 44.1 45.6 46.3 47.1 48 48.5 48.6 48.5 48.4 48.6 48.6
-1.4 -1.4 -1.4 -1.4 -1.4 -1.4 -1.4 -1.4 -1.4 -0.2 0.9 1.9 6.6 9.5 21.3 25.1 26.8 28.6 29.4 29.9 30.2 29.9 29.4 28.9 28.6 28.5 28.6 28.7 28.9 29.1 29.4 29.5 29.3 29.4 28.6 28 27.3 25.5 25.8 26 26.7 28 25.7 29.3 30.3 31.9 33.3 34.2 35.2 36.3 37.1 37.9 38.5 39.2 39.6 39.7 39.8 39.9 39.9 40.1 40.3 40.4 40 39.6 39.1 38.5 37.8 37.3 35.8 37.3 39.5 41.4 43.3 45 46.3 47.1 48 48.7 49.2 49.6 49.7 49.8 49.7 49.7
-1.4 -1.4 -1.4 -1.4 -1.4 -1.4 -1.4 -1.4 -0.4 0.6 1.7 5.6 7.9 19.6 24.9 25.6 27.4 28.8 29.6 29.9 30.4 30.5 30 29.8 29.5 29.3 29.7 29.8 29.7 29.9 30.5 30.5 30.6 30.2 29.5 28.9 28.7 28.2 26.6 26.6 27 27.4 27.9 27.3 30.8 32 33.6 34.8 35.7 36.6 37.6 38.3 39 39.7 39.8 39.9 40 40.1 40 40 40.1 40.3 39.5 38.6 38.1 38.4 38.7 35.1 35 37.7 40 42 43.8 45.5 47 47.9 48.8 49.4 50 50.3 50.4 50.7 50.6 50.2
-1.4 -1.4 -1.4 -1.4 -1.4 -1.4 -1.4 -1.4 0.3 1.4 4.9 7.5 21.4 27.4 25.2 26.6 27.8 28.9 29.9 30.5 30.8 31 31 30.7 30.4 30.3 30.6 30.9 31 30.9 31.3 32.3 31.5 30.8 30.1 29.5 29.9 30 28 27.3 28 28.9 29.8 28.8 31.4 32.1 33.5 34.4 35.7 37 38 38.7 39.4 39.9 40 40 40.1 40.1 39.9 39.8 40 40.1 39.3 38.5 38.1 37.7 36.9 36 37.5 42.6 40.5 42.8 44.3 46 47.6 48.5 49.2 50 50.6 50.7 50.9 51.1 51.1 50.8
-1.4 -1.4 -1.4 -1.4 -1.4 -1.4 -1.4 0.2 1.4 4.7 6 7.2 16.7 20.2 23.6 26.9 28 29 30.1 30.9 31.1 31.3 31.6 31.6 31.3 31.2 31.5 31.9 32.2 32.2 32.6 32.7 32.2 31.5 30.8 30.7 31.2 31.1 30.1 28.9 28.8 29.9 31.1 32.5 26 31.8 33.6 34.1 35.3 37.1 38.1 39.1 39.8 40.1 40.1 40.2 40.1 40 39.8 39.5 39.6 39.8 39.3 38.4 38 37.7 36 38 38.2 40 40.6 42.3 45.9 46.4 48.1 48.7 49.3 50.1 50.6 50.9 51.1 51.3 51.5 51.4
-1.4 -1.4 -1.4 -1.4 -1.4 -1.4 -1.4 1.7 5.4 7.6 20.7 6.1 8.9 21.9 24.4 26.2 28.2 29.2 30 30.9 31.2 31.5 31.9 32.1 32.2 32.1 32.4 32.8 33.1 33.4 33.4 33.2 33 32.3 31.6 31.5 31.8 31.9 31 30.5 30.1 30.6 31.7 32.6 32.9 25.4 26.4 25 31.1 36.6 33.8 33.1 34 40.1 40.2 40.1 40 39.8 39.6 39.4 39.3 39.6 39 38.4 37.3 36.6 36.3 37.6 38.4 39.5 41.2 43 45.1 46.7 47.8 48.5 49.4 50 50.5 51.4 51.1 51.6 51.6 51.5
-1.4 -1.4 -1.4 -1.4 -0.1 1.2 3.9 6.3 12.9 23.7 24.3 15.9 15 21.5 23.4 25.8 28.3 29.1 29.7 30.8 31.2 31.5 31.9 32.2 32.5 32.9 33.1 33.3 33.7 33.8 33.8 33.7 33.6 33.3 32.6 32.3 32.4 32.6 32.2 31.8 31.5 31.5 31.7 33.2 32.2 33.3 34.3 34.4 36.5 37.5 33.7 34.9 33.7 39.8 40.1 40 39.8 39.5 39.4 39.5 39.6 39.5 38.9 37.9 37.6 37.5 37.1 37.3 38.3 40.1 41.9 43.7 45.6 46.8 47.9 48.6 49.4 50 50.9 51.6 51 51.6 51.3 51.5
-1.4 -1.4 -1.4 -1.4 1.4 5.7 7.3 18 26 24.3 23.1 19.8 12.8 22.3 23.2 25.5 28.3 29 29.4 30.8 31.2 31.6 31.9 32.3 32.8 33.2 33.5 33.8 34 34.1 34.1 34.2 34.2 34.2 33.8 33.1 34.7 33.5 33.1 33.1 33 32.9 32.9 33.5 34.2 34.9 35.8 36.4 36.9 37.8 38.6 39.3 36.9 39.2 39.4 39.7 39.5 39.5 39.6 39.9 39.6 39.3 38.6 38.4 38.2 38 37.8 38.1 39.2 40.8 42.5 44.4 45.7 46.8 47.8 48.6 49.1 49.6 50.5 50.8 50.8 49 51.2 51.3
-1.4 -1.4 0.6 1.9 6.4 8.1 22 25.1 25 23.7 22.4 18.9 17.9 22.7 23.9 24.4 26.9 28.8 29.3 30.6 31.3 31.6 32.1 32.7 33.2 33.4 33.9 34.2 34.3 34.3 34.5 34.8 35 35.2 34.9 35.5 35.4 34.8 34.6 34.6 34.5 34.4 34.1 33.7 33.6 36.8 38.2 38.3 38.3 38.5 38.9 39.7 37.1 38.1 39.5 39.2 39.6 39.8 40.1 39.8 39.6 39.6 39.3 39.3 39.2 39 38.9 39.3 40.5 42.1 43.4 44.6 45.7 46.8 47.7 48.2 48.7 49.2 50 50.4 50.5 51 50.6 50.3
-1.4 2.3 3.7 6.2 13.5 22.9 23.4 24.9 25 23.1 21.7 21.4 21.4 22.4 18.4 17.4 26.3 28.9 29.9 30.8 31.3 31.9 32.4 32.8 33.3 33.8 34.2 34.6 34.8 34.8 35.1 35.4 35.6 35.8 36.1 36.8 36.8 36.6 36.3 36.1 36.8 37.1 36.9 36.2 33.9 38.2 39.6 39.6 39.5 39.6 40 40.4 40.4 40.1 40.9 39.2 40.6 40.3 40.2 40.1 40.1 40.2 40.1 40.1 40.2 40.2 40 40.4 40.9 42.1 43.4 44.6 45.7 46.7 47.3 47.8 48.3 48.8 49.6 50 50.3 50.3 50 50.4
4.9 6.4 11.2 17.4 22.8 23.1 24.6 25 25 23.1 21.3 22.3 23 23.7 24.3 24.4 26.4 27.2 30.2 30.8 31.3 31.6 31.6 32.2 32.9 33.9 34.5 35 35.5 35.5 35.7 36 36.2 36.5 37.5 38.6 38.5 38.3 38.1 38.4 38.9 39.4 39.6 39 35.2 39.4 40.5 40.8 40.7 40.8 41.2 41.3 41 41.2 41.5 40 39.7 41 40.7 40.6 40.6 40.5 40.8 40.9 41 41 40.9 40.3 41 42 43.3 44.5 45.6 46.5 47.1 47.5 47.9 48.4 49.2 49.6 50.1 49.8 50 49.6
6.8 12.6 21.9 22.3 23.1 23.8 25.6 25.7 24.5 22.5 21.9 22.7 23.4 24.1 24.6 25.6 26.9 27.9 28.8 28.9 29.4 30.5 31.1 31.7 32.3 32.9 34.3 34.9 35.7 36.2 36.4 36.6 37 38.1 39.3 40.3 40.3 40.2 40.3 40.6 40.9 41.5 41.5 41 37.3 40.5 41.4 41.7 41.9 41.9 42.3 42.1 41.8 41.6 42 40 39.6 41.8 41.5 41.2 41.1 41.1 41.5 41.5 41.5 41.6 41.2 40.8 41.7 42.6 43.5 44.5 45.3 46.2 46.8 47.2 47.4 47.9 48.5 49 49.5 49.9 49.8 49.2
22.4 17.1 22 22.9 24.2 25.3 26.4 25.2 23.6 22.1 22.5 23.2 23.8 24.3 24.9 25.6 27.4 28.9 29.7 29.9 31 29.2 30.1 30.3 30.6 32.5 33.9 34.9 35.9 36.7 37.1 37.5 38.7 40 41.2 42 42.2 42.3 42.6 42.9 43.2 43.3 43 42.6 42.2 40 42.3 42.6 42.9 43.1 43.1 42.8 42.6 42.4 42.2 40.5 40.5 42 42.3 42 41.8 41.8 42 42.3 42.3 42 41.5 41.5 42.4 43.3 44.2 45 45.5 46 46.5 46.4 46.2 46.2 46.7 47.4 48 48.8 48.7 48.5
