app/static/ascii/NJ50.asc
ncols 200
nrows 200
xllcorner 350000
yllcorner 800000
cellsize 50
[rows 105 to 139 of 200, columns 78 to 155 of 200]
276.8 268.9 263.3 257.2 250.6 244.8 240 235.3 230.6 225.4 221.7 218.3 214.9 211.9 211.1 208.6 206.6 205.7 205.8 206.5 208.3 211.2 213.4 216.6 218.3 220.3 223.5 227.9 231.9 237.4 243.6 249.9 256.5 256.4 255.1 251.4 246.4 241.1 236.2 234.4 232.9 232.9 233.5 236.4 241 243.1 247 251.8 252.3 250.2 246.1 237.4 230.7 225.5 221.3 217.9 214.6 213.1 215.8 218.1 221.3 227 232.1 234.3 232.8 232.2 234.2 236.7 240.1 243.4 249.6 253.8 258.2 261.7 264.1 262.1 257 252.1
275.2 269.3 263.5 256.7 249.2 244.8 240.3 236 230.9 225.7 220.4 216.7 213.3 210.2 208.9 205.3 202.9 202 202.1 202.6 204 205.8 208.1 211.8 213.6 215 218.2 222.6 227.1 232 237.9 243.3 248.4 249.2 247.8 244.8 239.8 235.1 232.2 230.7 228.5 228.2 227.9 228.7 230.7 233.4 237.7 241.4 243.9 243.5 240.4 234.3 227 222.4 218.2 214.9 211.7 209.6 210 210.5 211.7 215.3 219.8 221.3 222.5 223.9 225.9 228.2 231.5 234.5 239.5 243.2 247.3 250.2 255.6 255.8 251.7 250.6
274.8 268.5 262.2 256.2 249.7 244.6 240.4 236.3 231.8 226.8 222.1 218 214.7 211.4 207.3 203.2 200.4 198.5 198.5 199 199.7 201.1 203.9 206.9 208 210.1 214 218 222.3 226.4 232.3 237.9 242.3 244.1 243.1 241 236.1 229.6 226.7 224.1 222 222 221.6 221.3 221.3 223.9 227.8 231.5 235.1 236.8 235.6 231.1 224.7 218.6 215.3 212.1 209 206.4 206.3 206.2 206.3 207.9 210.4 212.6 214 216 217.8 219.6 222.5 225.8 229.2 232.4 236.4 241.9 246.5 248.9 247.3 248.1
272 267.2 261.4 255.5 249 244.9 240.5 236.2 232.3 228.4 224.2 219.9 215.5 211 206.7 202.8 200.1 197.3 195 195.7 196.7 197.6 199.4 202 203.8 205.7 208.8 211.8 216.3 221.2 225.8 232.3 237.7 238.9 239.1 237.5 232.3 226.7 223.2 220.4 216 215 213.7 213.7 213.4 215.9 218.5 222.2 226.7 229.5 230.2 226.3 221.4 216.4 212.6 209.2 206.1 203.8 202.1 202 201.9 202.5 204.3 205.8 208.1 209.9 211.4 212.9 215.2 218 220.1 223 229.9 235.8 239.6 243.3 246.3 246.7
267.8 263.3 258.8 252.9 247.9 243.1 239 235.8 232.2 228.2 223.9 219.8 215.5 210.6 207.8 204.1 200.4 197.1 194.5 192.5 193.4 194.5 196.2 197.6 198.9 200.7 202.7 206.3 209.8 214.1 218.6 223.9 230.6 234 235.2 234.2 231.2 227 220.8 216.4 212.2 209.4 207.1 206 205.5 207.6 209.8 213.4 218.8 223.7 224.4 221.9 217.1 212.6 208.7 206.3 203.5 201.3 199.2 198.1 198.6 198.5 200.4 201.2 201.5 203.5 204.8 206.3 208.3 211.5 214.1 217.4 223.9 228.7 233 237 241.6 246
262.1 258 253.8 249.6 244.2 239.8 236 232.8 230.2 227.3 223.4 220.7 216.6 212.1 209.5 205.2 200.8 197.7 195.2 192.5 189.9 191.1 192.3 193.4 193.5 195.1 196.9 199.8 203.3 207.1 211.7 216.4 223.5 228.9 232.9 231.9 230.6 225.3 219.6 214.2 210 206.1 203 200.6 198.8 199.7 201.3 204.2 209.6 214.7 216 214.4 211.4 206 203.8 202.5 200.9 198.7 197 195.9 195.1 194.8 196.3 196.6 196.4 197.2 198.6 199.9 202.2 205 208.2 212.9 219.5 221.8 226.9 231.2 233.6 238.1
253.6 251.3 247.9 243.6 240.2 235.9 232.9 229.7 226.5 226 223.9 221.4 218.7 214.6 211 206.5 201.8 199.2 196.7 193.8 190.6 187.2 188.2 188.9 189.3 190.4 190.5 193.7 196.9 201.4 206.3 211.9 218.4 224.8 230.6 230.8 228.9 224.3 218.4 212.9 208.1 204 200.4 197.6 193.9 193 194.3 194.6 198.6 203.5 205.2 204.8 202.2 201.2 199.7 198.2 197.4 196.3 194.9 194.1 193 191.6 192.1 191.9 192.3 192.3 193.3 194.4 197.7 200.7 203.5 206.5 211.5 216 221.6 224.2 224.4 227
243.9 241.3 237.2 232.6 231.3 229.3 227 225.3 224.4 224.2 224.4 222.2 221.2 217.9 212.8 208.4 204.7 201.5 198.7 195.9 192.1 188 184.2 184.8 185.6 185.8 187.5 190.5 193.9 198.6 203.4 208.6 216.3 225.2 230.4 229.7 227.4 223.4 217.5 211.9 207.8 203.5 198.7 194.4 189.4 186.7 187 188 190.1 194.2 196.3 196.3 194.6 194.5 194.5 193.5 193 193.9 193.1 192.3 191 190.8 189.8 189 189.2 188.7 189.4 190.2 190.7 193.5 197.3 201.3 206.6 211.3 217 218.8 217.1 217.5
239 230.8 227.2 223 221 220 218.6 219.1 218.6 218.5 221.2 223.5 223.8 221.8 217.2 212.3 208.1 204.8 201.3 197.5 193.5 189.7 185.8 183.6 181.8 181.8 184 186.5 191.1 197.1 203.4 209.9 218.1 226.4 231.9 232.1 228.7 222.8 217.7 212.5 207.5 202.8 197.6 191.8 187.6 183.8 181.1 183 184.8 186.8 187.9 189 187.1 187.3 187.5 187.7 189.3 191 191.4 191.3 192 192 190.6 188 185.7 185.1 185.1 184.9 184.7 187.3 193.2 198.8 203.7 207.7 212.5 214.3 211.6 210.9
230.8 220.5 219.6 216.2 213.9 212.4 212.2 212.9 212.8 215.3 218.5 222 224.7 225.1 221.9 216.6 211.6 207.8 204 199 194.9 190.9 186.9 185.2 182.6 180.2 180.4 182.8 187.5 194.1 201.5 211.8 220.2 227.4 233.3 232.5 228.2 222 216.9 211.7 206.9 201.9 196.7 190.9 186.3 181.8 177.7 179.1 180.4 180.6 181.6 182.5 181.2 182 182.2 182.2 184 187.2 189.5 189.5 190.6 191.8 190.6 188 185.5 182.7 180.1 179.5 178.8 182.7 188.4 194 199 203.4 207.4 210.5 208.4 206.1
221.9 214.5 210 209.6 207.8 206.8 206.5 207.1 207.3 210.2 214.6 219.4 223.1 225.9 223.6 219.9 214.5 210.4 205.5 200.9 196.7 191.5 186.7 183.2 180.3 178.7 178.2 180.8 186 192.7 200.5 212.2 221.9 227.8 233.3 233.6 227.2 220.7 215.1 210.5 206.3 201.4 195.5 189.9 185.3 180.9 176.7 175.1 175.7 176.2 176.2 177 175.5 176.7 177.2 177.3 179.4 183.8 187.6 187.8 188.8 189.5 188.4 186.8 184.4 182 174.7 173.2 171.3 177.4 183.8 189.3 194.2 198.2 201.7 205.6 205.4 206.6
216 208.5 204.4 201.3 202.5 201.3 200 201.2 201.9 203.5 208.4 214.1 219.3 221.8 222 219.8 216.8 212.3 207.8 203 198.9 193.3 188 182.5 178.6 177.3 176.6 179.1 183.7 190.8 202.2 212.9 220.9 226.7 232.1 230.6 224.3 217.6 211.6 207.1 203.3 199 192.9 187.7 182.7 178.6 175.1 171.7 172.1 173.3 172.4 172.4 170.7 169.8 170.8 173.1 176.3 180.4 184.6 186.1 187.1 186.9 185.9 184.5 183.3 179.8 174.5 167.6 164.2 171.7 179.9 185 189.8 192.6 196 199.5 202 201.1
213.5 205.6 198.8 196.5 196.6 195.6 196.5 195.3 195 197.4 202.7 207.2 212.1 215.9 218.8 217.9 215.4 212.4 208.8 204.5 200.2 195 189.8 183.5 176.7 176 175.8 178 182.3 189.1 200.5 211.8 219.6 224.9 226.6 223.7 220.9 214.2 208.4 203.6 199.6 196 190.9 185.8 180.5 175.9 173.2 170.9 169.8 169.1 169 168.2 167 165.8 167.9 170.8 174 177.7 180.5 182.7 183.5 183.5 182.6 181 179.4 176.3 171.5 166.8 160.7 168.1 175.6 182 185.9 188.7 189.7 192.1 194.5 192.1
210.6 203.6 196 191.2 189.2 190.3 190.9 188.6 189.7 192.4 194.8 199.8 204.8 209.9 213.3 214.2 213.8 211.4 208.6 205.3 201.2 196.5 191.6 185 178.3 174.1 174.9 176.3 180.5 186 197.7 209.6 216.7 220.6 220.7 217.6 215 210.6 204.2 198.7 195.9 192.7 188 182.9 177.8 173 170.4 168.4 167.1 165.8 165.4 164.4 162.9 163.2 164.9 167.6 170.5 173.5 176.2 178.5 179.7 180.5 179.2 177.6 175.8 173.6 168.8 163.3 157.8 164.7 172.4 179.7 183.8 182.9 183.7 184.9 187.8 185.3
207.5 199.5 194.1 187.6 182.7 184.1 185.3 184.5 184.8 186.5 187.9 192 197.1 201.7 206 209.9 211.8 210.5 207.6 204.4 201.1 198.6 194.2 186.6 179.7 173.5 173.4 174.5 179.3 187 196.5 205.3 211.9 215.1 214.7 211.6 208.7 206.3 200.1 197.6 192.3 189 185 179.6 174 169.7 167.3 165.2 163.9 162.7 162 160.9 159.4 160.3 161.4 164.3 167.1 169.5 171.9 175.7 177.1 177.4 175.9 175.1 174.4 173.1 167.2 161.4 155.3 160.7 165.9 172.5 178.4 177.9 176.6 173.9 177.8 178.8
203.1 197.7 192.1 184.9 179.8 178.4 179.2 180.4 178.7 180.6 182.7 184.6 189.7 193.3 196.9 201.8 206.3 208 206.4 203.4 200.4 197.6 194.6 190 181.5 172.8 171.8 172.2 177.1 181.5 190.1 200.2 205.8 208.1 207.5 204.9 202.4 200.5 194.1 191.2 188.1 184.9 181.2 175.3 170.9 166.5 164.4 162.1 160.6 160 161 161 159.1 158.6 158.8 161.1 163.5 166 171.6 174 174.5 175 174.1 173 171.9 170.7 165.5 159.4 153.4 154.2 158.5 162.4 168.4 171.7 171.4 165 167.6 168.9
204.4 195.7 189.6 181.5 177 174.8 173.9 174.7 173.8 175.7 178.2 180.1 183 185.9 188.9 193.6 198.4 204.2 204.8 201.3 197.5 195.1 192.6 190.3 183.8 173.8 170.7 170.2 174.4 178.8 185.7 194.4 200.2 201.6 199.9 197.4 194.9 194.2 189.9 186.8 183.8 180.6 176 171.7 167.8 163.4 161 159.1 157.4 158 158.6 158.3 156.4 156.3 156.6 157.9 160 163.5 169.9 171.7 172 172.2 171.6 170.5 169.5 168.4 164.8 159.1 151.7 149.8 152.4 155.8 159.9 162.2 162 156.4 156 159.6
205.3 194.5 184.8 177.1 173 170.5 169 169 170 171.8 173.8 175.7 178.1 181.6 182.9 184.6 187.2 192.5 195.5 193.5 191.9 190.6 190.3 188.7 183.9 175.6 169.6 169 171.8 176 180.9 189.2 193.8 192.5 191.1 189.5 187.3 187.9 185.6 182.8 180.2 176.7 171.8 166.5 163.2 160 157.5 155.5 154.1 153.5 154 154.3 154.1 154.1 154.8 156 157.3 161.1 167.5 169.8 169.9 170.1 169.9 168.8 167.7 166.3 163.1 158.3 152.4 148.7 149.1 150.5 152.5 153.7 153.4 150.3 149.9 154.6
205.1 193.6 184.5 174.8 169.1 167 165.7 165.3 166.2 167.5 169.5 171.5 174.2 176.8 177.7 178.7 180 183.9 187.3 186.9 186.7 186.1 185.6 184.9 181 177.1 171.7 167.6 169.2 172.9 177.1 182.4 185.9 184.8 183.5 181.6 180.3 181.3 180.8 178.9 176.6 173 168.7 161.6 158 154.2 152.7 151.7 150.2 151.2 149.9 152.5 152 152.1 153.3 154.5 155.6 160.1 164.8 168.1 168.3 168.5 168.7 167.7 166.2 164.1 162 157.4 151.5 147.4 147 146.7 147 147.5 149.5 148.9 148.9 151.9
205.7 192.9 182.3 175.2 169.3 165.9 164 163.2 163.9 164.2 165.4 167.3 169.2 170.8 172 172.8 174.9 178.4 180.1 181.8 182.3 181.9 181.4 180.9 178.5 175.4 173 169 166.8 170.1 175.2 178.2 180.3 180.2 178.1 176.2 175.2 175.1 175.2 173.9 172.7 169.3 164.3 157.5 152.1 148.2 147.2 146.2 147.1 149.8 152.4 152.5 150.6 150.5 151.7 152.3 153.3 158.1 163.3 166.4 166.6 166.9 167.1 166.8 165.6 163.5 161.2 156.6 151.5 146.6 145.8 146.2 146.5 146.9 147.1 147.8 149 150
204.1 193.2 182.8 176.1 171.1 166.6 163.2 160.7 161.1 161.5 162.2 162.8 164.5 165.5 166.6 168.6 170.9 173.5 175.8 177.9 178.8 178.3 177.4 176.2 174.9 173.4 171 169.1 166.4 168.7 172.2 174.1 175.2 175.7 174.1 172.4 170.8 170 168.2 168.3 167.4 165.1 160.1 153.6 146.6 142.7 142.2 143.4 144.7 147.5 149.9 151.2 149.9 148.9 149.4 150 151 156.1 162 165.8 165.7 165.2 164.7 164.3 164.3 162.9 161.2 157.4 151.6 146.2 146.6 146.9 147.1 147.1 147.1 147.1 148.8 154.2
205.2 192.7 185.4 178.6 171.9 167.1 163 158.3 158.3 158.5 158 158.3 160.4 162.3 163.4 165.1 167.4 169.9 172.2 173.9 175.5 176.5 174.6 173.4 172.2 170.4 168.5 167 164.9 165.2 168.1 170.7 171.3 170.5 169.5 168.6 167 165.4 162.7 161.2 161.2 161 155.8 150 142.9 138.3 139.6 140.9 142.2 143.8 145.4 146.4 147.4 147.4 147.7 148.1 149.3 155.4 161.4 165.4 164.4 163.5 162.5 161.8 161.8 161.6 159.7 155.7 151.1 146.2 145.9 146.2 146.9 147.1 147.1 147.2 148.3 148.5
202.3 193.9 187.2 180.3 173.4 166.6 161.6 156.6 156 155.8 155.8 155.7 157.6 159 160.5 162.1 164 166.1 168.1 169.9 171.1 171.6 171.4 170.3 169 167.5 166 165 163.8 162.3 164.8 167.1 167.6 167.2 166.7 165.1 163.4 161.9 159 157 156 155.9 152.1 146.4 141.6 136.6 136.5 138.6 140.5 140.8 141.3 141.9 143.1 145.9 146 146.2 148 152.8 157.7 162.1 161.2 160.5 159.8 159.3 158.7 158.4 156.4 152.4 148.3 144.4 145.1 145.8 146.4 147.1 147.4 147.6 148.9 149.1
202.6 194.9 187.9 181 172.9 165.1 160.1 155 154.2 154.1 153.9 153.3 154.2 155.7 157.3 159.1 160.6 162.2 163.9 165.8 166.8 167.5 167.7 166.7 165.5 164.1 162.8 161.5 160.3 159.5 161.3 163.3 164.3 164.2 164.1 163.9 161.7 158.9 156.4 154.5 152.2 150.7 149.2 145.3 140.5 135.4 135.4 136.7 138.4 139.1 139.3 139.6 141.9 144.4 144.4 144.5 146.4 150.5 154.8 158.6 158 157.6 157.3 157 156.2 155.1 152.2 149.1 144.9 144.1 144.9 145.5 146.2 146.6 147 147 148.3 150.2
205.2 196 188.9 182 172.3 164 158.6 153.5 152.5 152.4 151.6 151.3 151.6 152.3 153.9 155.4 156.9 158.4 160.2 162 163.4 164.4 164.3 163.1 161.9 160.9 159.8 158.7 157.6 157.4 160.6 161.6 163.1 163.9 163.4 162.4 159.7 156.9 154.5 152.6 150.7 149.6 146.6 143.8 139.6 134.3 134 134.7 135.5 136.4 137.3 138.1 140.7 142.6 143.4 142.9 144.5 148 151.5 155 154.9 154.7 154.6 154.4 153.5 152.2 149.1 145.8 143.7 144.1 144.9 145.4 146 147.4 152.8 153.5 149.9 155.9
208.7 197.9 189.7 184.6 174.7 164.3 158.1 153.9 150.8 149.9 149 149.3 149.7 150.1 150.8 151.7 153.2 154.7 156.6 158.3 159.3 160.9 160.8 159.1 158.8 158.1 157.4 156 156 157.9 160.1 160.7 161.9 162.7 162.2 161.5 160.6 159.2 156.3 152 149.9 148.7 146.1 142.2 138.1 132.8 132.3 132.1 132.8 134.6 136.6 138.7 139.9 140.8 141.4 141.8 142.2 145.5 149.1 151.3 151.5 151.6 151.7 151.5 150.9 149.6 146.4 143.6 143.8 144.2 145.1 148.7 147.2 151.6 158 158 158 164.8
214.1 201.8 190.3 183.6 173.9 165.3 159.8 155.5 150.5 147.7 146.9 147.2 147.6 148.1 148.8 149.6 150.5 151.5 152.6 154.3 155.2 155.8 155.1 155.2 155.6 155.3 154.9 154.8 155.3 157 159.2 161 161.1 161.2 160.9 160.7 160.7 159.7 157 153.3 149.5 148.4 145.5 141.4 137.3 131.9 131.5 131.1 131 133.3 135.6 137.9 139.3 140.2 140.6 140.9 141.2 143.1 146.6 147.6 147.8 147.9 148.1 148.6 148.8 147.2 144 143.1 143.4 144 149.4 151.2 154.4 164.2 163.8 164.5 166.1 171.3
214.4 203.9 193.6 183.5 174.9 167.2 161.5 157.7 151.7 146.9 145.9 145.2 145.5 146.1 146.6 147.5 148.6 149.6 150.4 151.1 151.8 152.3 152.7 152.9 152.7 152.4 152.1 152.3 153.8 155.7 158.3 160.3 161.1 160.9 160 159.4 159.2 157.7 155.9 154 151.6 148.7 145.8 141.6 136.1 131.2 130.9 130.6 130.7 131.9 134.2 136 137.9 139.5 139.8 140 140.2 140.8 143.3 143.9 144.1 144.9 146 147.1 146.6 144.1 141.6 143.1 143 144.1 149.5 155.5 165.6 171.3 171.7 174.2 171.9 175
216.2 204.8 192.6 183.2 174.9 168.2 162.4 156.8 151.6 146.9 145.8 144.6 143.8 143.8 144.5 145.6 146.7 147.7 148.5 149.2 149.7 150.2 150.5 150.8 150.3 149.7 149.6 151.4 152.3 154.4 156.3 158 159.1 158.9 158.7 158.2 157.7 156.4 154.6 152.8 151.9 149 145.1 140.5 135.6 130.7 130.3 130.2 130.3 130.5 132.3 134 136.1 137.6 138.8 139 139.2 139.5 141.2 143 143.8 144.3 145.5 146.8 146.3 143.5 141.3 141.6 141.8 143.4 151.1 159.3 168 175.2 179.4 181.3 179.9 178.2
211.5 201 195.8 186 177.6 169.3 162.5 154.1 150 146.9 145.2 144 142.9 141.9 142.7 143.9 145 145.9 146.6 147.1 147.7 148.2 148.5 148.7 148.6 148.8 149.1 150.4 151.4 153.3 154 155.7 156.3 156.3 156.3 156.1 156 155 153.4 151.7 151.1 148.1 144.2 139.3 134.5 130.2 129.9 129.6 129.5 129.6 131.3 134.8 137.4 139.4 140 139.6 139.1 138.4 142.1 144.8 145.7 146.1 146.5 146.8 146 143 141 140.9 141.7 146.1 150.7 157.7 167.4 176.7 181.3 182.5 181 181.2
202.9 198.3 191.7 185.2 177.1 169.9 163.2 157.7 152.4 147.6 145.3 143.7 142.6 141.8 141 142.2 143.3 144 144.5 145.1 145.6 146.2 146.5 147 147.7 148.5 148.9 149.5 150.4 151.5 151.8 153.2 153.6 153.7 153.7 154.1 154.3 153.2 151.6 150.3 148.5 146.2 142.7 137.9 133 129.7 129.4 129.1 128.9 128.6 132.6 136.3 139.4 141.3 141.5 140.7 139.9 139.7 143.8 147 147.7 148.1 147.8 147.2 145.4 142.4 140.6 140.8 141.1 144.8 150.3 156.4 165.2 175.6 181.4 185 182.6 181.1
193.4 189 182.7 178 172.5 169.2 163.3 161.1 156.4 151.9 147.6 146.2 144.8 143 141.3 140.5 141.4 141.9 142.5 143 143.6 144.1 144.6 145.3 146 146.8 147.5 148.3 149.2 149.7 150.1 150.5 150.9 151.1 151.2 151.8 152.1 150.9 149.1 147.4 145.7 143.3 139.6 135.7 131.6 129.2 128.9 128.6 128.4 128.6 132.8 137.1 141.1 142.4 143.5 142.6 141.4 142.7 145.9 149.1 149.4 148.7 148.1 147.4 144.9 141.9 140.1 139.9 140.5 144.2 148.7 155 165.3 173.3 180.5 185.6 185.2 181.4
185.3 180.2 175.4 170.6 166.6 162.4 159.5 157.7 153.8 151.2 148.7 146.5 144.3 142.7 141.1 139.5 139.4 140 140.7 141.3 142 142.6 142.8 143.6 144.3 145.1 145.9 146.6 147.4 147.9 148.7 149.2 149.4 149.3 149 149.2 149.5 149.2 147.3 145.5 143.3 140.5 138.3 134.2 130 128.8 128.4 128.1 127.9 128.9 133.8 138.5 141.1 144.8 146 144.9 144.3 145.1 147.5 148.4 149.7 149.8 149.1 147.8 144.6 141.5 139.6 141.1 140 143.7 147.4 154.9 163.6 170.3 176.4 181.1 181.7 180
176.6 172.8 164.9 160.9 158.8 156.9 154.5 152.8 151.3 149.6 147.4 145.5 143.9 142.3 140.8 139.2 139.1 139.3 140 140.6 141.2 141.7 141.6 142.7 142.9 143.5 144.3 145 145.6 146.1 146.8 147.6 148.3 147.7 147.3 146.9 146.9 147.1 145.6 143.6 141.4 139.1 136.2 132.3 129 128.6 128.2 127.8 127.6 129 134.3 139.5 141.5 145.8 147 146.9 146.6 146.4 146.5 146.8 148 148.2 147.8 146.9 144.2 141.2 139.1 139.6 138.5 142.3 146.5 151.7 158.6 164.4 170.3 172.8 172.4 175.1
181.2 173.8 169.4 163.8 160.8 158 154.3 151.1 149.3 147.7 146.2 144.7 143.2 141.7 140.3 138.7 138.9 139.3 139.2 139.9 140.5 140.7 141.9 142.1 142 142.4 143 143.7 144.1 144.5 144.8 145.6 146.8 146.9 146.9 146.5 146 145.6 144.1 141.7 139.5 136.8 134 130.8 128.7 128.4 128 127.8 127.5 128.8 133.8 139.2 142.6 145.8 146.5 146.8 146.7 146.9 146 145.9 145.6 145.4 145.2 145.1 144 141.7 139.5 138.7 138.1 140.6 144.2 146.4 150.1 156 161.8 161.4 167 174.5
