app/static/ascii/NJ52.asc
ncols 200
nrows 200
xllcorner 350000
yllcorner 820000
cellsize 50
[rows 0 to 34 of 200, columns 0 to 77 of 200]
496.1 495.6 495.1 494.2 491.7 486.2 477.8 465.2 457 449.9 443.9 437.7 432.1 422.7 412.6 398.3 383.9 367.8 351.5 336.2 319 299.3 278.9 260.5 244.6 233.4 221.1 210 197 187.5 181.3 176.7 173.8 171.4 168.8 166.4 164.4 162.4 160.9 160 159.6 159.2 159 158.8 157.7 156.1 154.9 154.3 154.5 157.1 159.4 159.3 159.3 159.2 159 158.7 158.7 158.5 158.8 159.3 160.7 162.9 163.2 162.1 162.9 164.2 166.1 166.8 167 166.2 165 169.7 174.3 178.7 181.7 185.7 188.9 190.6
486.9 486.1 485.7 484.7 482.5 476.4 467.4 454.6 443.2 430.2 426.5 420.2 413.1 404.3 393.9 381.1 368.4 352.6 336 321.4 304.7 287.6 263.8 245.7 233.2 222 212.6 203.4 193.1 185.4 180.2 176.1 172.8 169.9 167.6 165.3 164 162.2 160.3 160 159.7 159.3 159 158.8 156.1 154.6 154.6 155.1 157.2 159.2 159.7 159.6 159.5 159.5 159.3 159.2 159.4 159.5 159.9 160.2 161.5 163.7 166.5 167.3 169.2 170.7 171.2 171.7 171.5 172.7 168.9 168.4 172.4 173.6 175.8 179.1 181.6 183.7
477.3 475.9 475.6 474.1 471.9 465.9 456.1 440.7 429.6 416.7 406.2 399 390.3 379.5 369.8 360.6 349.8 334.4 320.8 304.8 289 270.2 252.2 235.7 222.9 213.8 205.7 198.1 191.4 184.4 179.5 175.7 172.9 169.6 166.8 165.3 164 161.5 160.4 160.1 159.8 159.4 159 158.5 154.8 154.6 156.5 157.2 158.7 159.9 160.1 160 159.9 159.7 159.7 159.8 160.8 161.3 161.7 162.1 164.2 167.1 169.5 171 173 174.8 174.2 172.9 171.2 174.1 173.2 169.5 170.5 170.9 171.1 173.8 175.6 177.1
463.4 462.2 461.4 460.7 458.5 451.6 441.4 428.6 417.5 402 387.4 377.4 366.4 358.8 350.5 338.9 328.5 315.7 302 287.7 269.9 253.9 238 224.1 214.4 207.5 201.4 195.1 188.7 182.4 176.9 173.6 170.7 168.4 166.6 166.1 164.3 161.1 160.6 160.2 159.9 159.6 159.1 155.7 155.1 156.8 158.3 158.6 160.1 161.1 160.4 160.3 160.2 160 160.3 161.7 163.2 163.7 164.2 164.9 167.9 173.5 175.1 176.1 177.1 178 177.6 176.8 174.7 172 172.1 170.4 170.3 170.5 170.8 171 171.1 171.9
453.3 451.3 449.4 448.5 446.2 439 429.7 418 404.9 388.9 375.6 355.2 346.1 341.3 332.8 321 310.3 297.7 283.6 265.9 250.9 239.4 226.5 215.9 207 201.7 197.5 192.8 187.3 182.4 176.9 172.7 170 167.8 166.5 166.9 163.8 161 160.8 160.5 160.2 159.7 155.9 155 157.7 158.7 158.9 160.4 162.3 161.9 160.7 160.6 160.4 160.7 162.2 163.9 165.5 166.6 167.1 169 175.7 179.5 181.4 181.6 182.3 182 181.5 180.8 178.1 175.7 171.9 170.3 169.7 170.9 170.6 170.6 170.8 170.9
441.2 440.2 437.9 436.7 433.2 427.4 417.3 405.1 392.7 377.5 363.5 346.4 326.9 318.8 309.8 301 291.6 278.5 263 249.5 237.4 227 218.3 209.6 199.8 195.6 192.5 188.9 185.6 182.2 177.9 174.3 171.3 167.9 167.1 164.4 162.3 161.2 161 160.7 160.2 157.2 155.5 157.7 159.1 159.3 160.3 162.5 162.9 162.4 161.4 161.3 161.7 162.4 163.2 165.1 167.5 169.3 171 172.9 179.3 184.1 188 187.9 187.6 187 186 183.1 179.5 176.3 173 171.6 170.8 172 170.6 170.7 170.7 170.7
426.4 426 424.8 423.2 419.8 413 403.8 392.2 380.2 366.8 352.2 335.9 321.2 299.8 291.3 286 277.4 262.7 247.8 235.6 227 220.1 213.1 206.9 198.1 193.6 189.3 184.5 181.3 179.3 178.3 175.3 172.3 168.3 166.3 164.5 162.1 161.5 161.2 160.8 158.9 155.4 157.9 159.4 159.7 160.7 162.2 164.2 164 163.2 162.3 162.3 163.5 164.3 165.5 167.3 170.1 171.8 174.1 176.8 182.2 188.5 192.9 194.4 195.2 193.5 189.4 185.2 182.1 179.1 176.1 174.6 172.7 169.3 171.2 170.8 170.7 170.8
421 408.6 407.9 407.3 403.8 397.8 389.4 378.3 366.6 352.6 338.8 323.9 308.9 293.6 273 268.8 259.7 245.8 234.3 226 219.8 214.3 208.2 203.1 196.9 192.7 189.5 183 178.3 175.9 173.9 173.1 172.2 169.6 165 163.4 162.4 161.8 161.2 160.4 158 155.7 159.8 160.3 161 162 164.3 165.4 164.8 164 163.3 163.4 164.6 166.4 167.9 169.6 171.8 174.3 177.3 180.7 185.7 191.7 197.4 201 203.2 201.2 194.9 190.3 185.5 182.5 179.3 177.9 175.6 174.9 172.9 172.1 171.9 171.3
415.9 403.3 390 389.2 386 380.1 372.3 361 350.5 337.1 323.9 309.7 293.2 279.8 265.8 250.3 242.8 233 224.6 218.6 211.3 207.3 203.6 200.2 195.6 191 186.8 182.2 178.6 174.9 171.9 169.6 168.1 167.8 167.4 164.2 162.8 162 161.4 160.1 156.2 156.3 160.2 161.6 162.3 163.9 166.3 166.4 165.8 164.9 164.7 165.2 166.3 168.1 169.5 171.2 173.3 175.9 179 182.5 188 193.5 198.6 203.1 206.4 204.9 200.6 193.4 188.1 184.2 180.8 179.4 178.3 175.5 175.2 175 173.6 173.8
410.3 397.1 380.8 371 368.4 363.8 354.9 344.5 333.3 320.2 307.4 293.4 279.6 264 252.7 243.5 233 225.5 219.4 213.8 206.9 200.9 199.5 197.1 193.5 189.4 185 181.6 179.2 175.9 171.9 169.1 167.5 166.1 165.6 164.1 162.8 161.5 161.1 160.1 158.4 158.1 161.6 162.5 164.1 166.6 167.6 167.4 166.6 165.8 166.1 167.5 168.3 169.9 171.4 172.1 174.2 177.2 181.3 183.7 187.5 191.8 196.3 199.3 202.1 202.2 200 194.2 189.1 185 181.4 179.7 181.4 177.4 178.7 179.3 179.3 178
401.3 388.4 374.5 348.4 350.6 347.3 339.2 329.9 320.7 308.5 294.5 278.4 265.9 256.1 247.5 234.2 226.5 219.9 214.5 209.2 204.2 200 195.9 193.8 191.2 188.6 184.3 180.5 177.6 176.1 172.4 168.9 167.3 165.9 164.7 163.7 162.5 160.3 159.7 157.4 156 161.2 163.3 166.1 168.5 169.6 169.2 168.7 167.9 167.3 168.4 170.1 170 171.6 173.6 174.1 175.6 179.6 182.2 184.5 187.9 190.8 193.5 194.8 196 196.4 195.3 191.3 188.4 184.5 181.4 180.5 181 179.3 182.3 183.7 184.4 183.4
389.8 377.5 362.8 345.1 324.1 325.5 320.7 313.1 305.5 292.1 276.8 266.1 256.7 246.7 236.9 228 220.3 214.8 210 205.7 201.5 198 194.4 191.4 187.8 185.6 182.8 179.3 176.4 174.5 173.2 170.4 167.7 165.9 164.7 163.6 162.9 161.8 160.8 157.3 156.9 162.8 166.1 169.3 170.9 171.4 170.7 169.9 169.4 168.9 169.3 171.3 172.5 173.2 174.9 176.5 178.4 180 182.7 186.2 189.9 192.1 193.6 192.5 191.6 191.1 190.2 188.7 185.8 183.6 182.2 181.7 181.2 182.2 185 187.3 187.5 186.9
376.4 364.4 348.1 334.9 321.2 295 297.8 294.9 284.7 273.5 262.2 253.5 246 236.1 227.7 220.7 213.8 210.3 206.6 202.8 199.3 196 192.4 189.3 186.7 183.6 181 179 176.8 173 171.3 171.2 168 165.8 164.1 163.5 163 162 160.1 156.9 157 164.9 169.1 172 173.2 173.2 172.6 172 171.3 170.6 171.1 172 173.2 175.2 176.8 179 181 183.6 187.4 191.5 193.4 193.8 193.5 192.1 190.3 188.3 187 186.1 184.6 183.2 183.1 182.8 182.5 184.4 186.4 188.5 189.1 188.7
365.1 352.4 338.1 325.6 314.4 298.4 274.8 271.9 264.9 257.4 250.3 243.1 236.3 228.3 220.2 213.9 208.1 205.1 202.5 199.8 196.7 193.9 191.1 187.5 183.9 181.7 179.3 176.4 176.2 173.3 169.1 168.1 166.9 164.4 164 163.6 163.3 161.9 158.9 156.6 157 167.8 172.1 174.5 175.4 174.5 173.4 173.2 173.1 172.6 173.1 173.8 175.6 177.3 179.2 181.7 182.9 185.1 193.3 199.6 198.7 196.6 195.2 193.2 190.6 188.6 186.9 185.2 185.1 184.5 183.8 183.1 182.9 185 187.8 190.2 191.2 190.5
351.5 338.4 325.9 313.5 300.5 283.7 270.3 255.4 248.2 244.9 239 235.6 229.4 221.8 214.8 209.3 204.4 200.7 197.9 195.6 193.8 192.1 190.8 187.6 183.2 180.5 178 175.4 173.4 172.5 169.7 166.3 165.1 164.4 163.4 163.7 163.1 160.3 157.3 156.5 164.2 170.8 174.3 176.5 176.2 175.3 174.5 174 174 174.4 175.1 176.2 177.8 179.5 181 182.6 184.2 188.8 202 210.9 207.3 202.1 197.2 194.5 192.2 190 188 186.3 185.6 184.7 184.1 184.1 184 185.1 188.6 190.9 192.6 192.7
329.9 320 310.4 294.7 281.5 268.5 257.8 248.5 237.4 232.8 230.8 227.8 221.9 216.2 210.1 204.9 200.8 197.6 195.3 192.1 190.8 189.2 187.5 186.3 183.3 180.6 178.8 176.9 173 169.6 168.2 165.8 165 163.7 162.1 163 160.4 157.8 157.2 157.4 166.3 172.1 175.3 176.3 175.7 174.8 174.8 174.2 174.2 175 175.5 177.5 179.7 181.4 182.9 184.5 187.1 195.7 211.2 219.1 218.5 207.6 200.7 197 194.1 190.8 187.9 186.3 185.4 184.5 184.1 183.6 184.5 186 188.3 190.8 193.1 193.9
311.5 301.9 288.9 275.5 262.8 254.6 246.3 239.3 231.1 224.1 221.9 219.2 214.7 210.2 206 201.6 197.4 194.5 192.4 190.1 187.5 186.4 185.1 182.4 181.6 179 176.8 175.8 171.5 168.3 166.5 165.7 164.8 160.6 157.2 157.3 157.5 157.7 158.4 158.9 167.7 172.5 174.4 175 174.8 174.2 174.2 173.9 175.2 176.3 176.8 178.7 180.7 183 185.1 186.2 190.7 209.3 218.8 224.2 225.1 217.1 203.4 199.1 195.4 191.7 188.7 186.1 185.2 184.7 184.4 184.1 184.7 186.1 188.3 190.5 192.7 193.9
293.6 281.2 269 259.4 250.6 243.5 237.3 231.4 225.8 220.1 215.1 213.9 211 206.5 202.7 198.6 194.9 191.5 189.1 187.1 185.9 183.6 182.7 179.9 178.2 176.9 173 169.7 166.7 166.1 165.8 164.1 163.1 156.8 158.1 156.8 159.1 160.2 161.1 161.8 168.4 171.8 173.3 173.5 173.4 173.3 173.5 173.8 175.3 176.9 178.8 180.7 182.6 184.5 186 189 200.5 214.7 220.9 225.9 230.8 221.1 206.1 200.3 196 191.7 188.6 186.1 185.3 185 184.7 184.6 185.3 186.8 188.7 190.1 192.4 193.4
275.3 263.9 255.6 248.3 240.9 236.3 230.9 225.9 221.2 216.5 212 210.5 208.2 204.3 200.3 196.4 192.9 190.1 186.1 183.2 183.3 182.7 180 179.2 176.3 174.4 171.2 167.2 166.3 165.9 165.6 165.2 160.6 158.1 158.4 160.3 161.1 162.3 162.7 164.2 168.6 170.4 170.9 171.6 172 172 172.7 173.8 175.4 176.9 179.7 181.3 183.5 185.1 187.4 195.2 203.8 211.6 220 222.1 225.8 221.2 209.7 200.7 195.7 191.8 188.7 186.1 185.4 185.1 184.9 185.3 186 187.2 188.8 190.3 191.2 192.5
258.6 251.2 244.4 240 234.3 229.6 225.1 220.8 216.7 213 208.9 207 206 202.9 199.4 195.1 191.8 189.6 186.6 182.1 176.6 180.5 178.8 176.7 176.6 171.7 168.4 166.9 166.3 166.1 165.7 163.2 158.5 158.1 157.2 161.5 162 163.4 163.4 165.1 168.8 168.9 169.3 169.6 170.2 171.5 172.3 173.8 175.5 177 179.4 181.8 184.8 186.2 190.7 199.7 205.4 210 214.4 217 218.6 216.2 208.9 201.6 194.9 190.4 187.4 185.8 185.4 185.2 185.3 185.6 186 187 188.6 190 190.8 191.4
246 241.3 237 232.4 228 223.9 219.6 215.6 211.8 208.7 205.2 202.3 202.7 200.2 197.6 193.9 190.6 188 185 182.6 179.5 173.8 176.9 174 172.8 168.6 167.3 167.1 166.7 166.2 164.9 160.7 158.9 158.6 158.6 161.7 163.1 163.8 163.8 163.7 166.4 167.1 168.6 169.1 170.1 171.6 172.5 174 175.9 177.4 180.6 182.2 185.7 187.9 194.4 200.9 205.6 208.5 209.7 211.1 212.1 210.6 206.8 200.9 195.1 189.9 187.5 185.9 185.7 185.6 185.6 185.8 186.2 186.6 187.8 189.2 189.8 189.8
238.6 233.6 230.2 226.6 222 218.3 214.2 210.5 207.7 204.9 202.4 198.5 198 196.4 193.7 189.1 185.8 183.5 182.9 180.4 178.9 172.2 171.7 172.3 168 166.6 166.7 166.8 166.8 166.5 161.7 160 158.6 158.5 157.6 162.4 163.4 163.9 164.4 164.3 164.8 165.9 167.9 169 170 171.3 172.7 175 176.6 178 180.8 183.1 186.7 190.8 196.1 200.8 204.4 206.6 207.3 207.2 206.3 204.5 202 197.8 194.6 189.9 187.6 186.4 186.2 186.1 186.2 186.3 186.3 186.6 188.4 189.6 188.4 188.2
231.4 227.8 224.2 220.9 217.2 214 210.3 206.5 203.6 201.4 199.1 196.1 194.1 194.1 193.2 190.5 186.8 183.6 182.1 180 177.7 175.6 171.9 165.9 165.9 164 165.7 165.8 166.7 165.5 160.7 159.5 158.9 158.6 159.1 162.9 163.8 165 165 164.6 164.8 165.7 167.5 169.1 170.6 171.9 174.2 175.6 177 179.5 182.2 185.3 189.5 193.7 198 202.3 204.5 205.7 205.8 205.2 203.9 202.3 199.5 196.4 193 189.6 187.9 186.9 186.7 186.7 186.6 186.5 186.4 186.7 188.7 188.8 187.4 187.5
225 222.8 219.1 215.9 212.7 209.5 206.2 203.1 200.4 198.1 195.8 193 191.5 190.6 190.3 188.6 186 183.1 180.2 178 176.4 174.3 170.1 164.5 161.6 160.7 160.3 159.5 161 164.1 160.8 159.5 158.8 157.6 159.8 162.9 165.8 167.5 166.9 166.2 166.1 166.9 168 170.2 171.5 172.8 174.5 176 178.5 181.4 184.3 187.4 192.2 196.6 200.7 204.6 206.4 206.8 206.2 204.6 202 200.2 197.6 194.9 191.9 189.6 188.4 187.7 187.2 186.9 186.8 186.6 186.5 186.9 187.5 187.3 187.3 187.6
219.2 217.3 214.7 211.7 208.5 205.4 202.7 199.9 197.7 195.4 193 190.3 188.6 188 187.2 186.1 183.8 181.3 179.2 176.8 174.6 171.8 167.2 161.6 160.9 160.5 160.7 160.5 160.1 159.5 159.6 159 159.3 159.8 162.7 165.6 168.8 169 168.5 167.9 167.7 168.6 169.9 170.3 171.5 173.2 175.3 177.9 180.5 183.5 186.5 188.7 193.3 200.5 205.7 208.9 209.7 209.5 207.1 204.6 201.1 198.1 195.6 193.2 191 188.9 188.1 187.7 187.2 186.9 186.8 186.7 186.7 187 187 186.5 186.4 186.7
214.1 212.5 210.3 207.8 204.9 202 199.3 197.1 195 192.7 190.3 187.8 186.3 185.9 184.7 183.7 182.3 180.5 178.5 175.7 173 169.1 163.1 161.6 161 160.4 161.4 160.7 160.1 159.7 159.6 159.6 158.2 162 165.1 169.5 170.9 170.2 169.8 169.3 169.7 170.7 171.5 172.6 174.2 175.7 177.2 179.8 182.5 185.6 188.8 191.1 195.5 205.1 211.4 213.6 213.5 211.8 209.2 205.3 201.6 198 194.5 191 189.8 189 187.8 187.7 187.3 187 186.6 186.2 186.7 186.5 186.4 186 185.5 185.7
209.6 208 206 203.8 201.5 198.8 196.2 194.7 192.9 190.4 187.9 185.6 184.4 183.5 182.5 181.4 180.3 178.5 176.9 175 170.2 164.2 161.4 160.4 161.6 162.2 162.8 163.2 162.1 159.8 164.3 159.9 160.4 164.2 169.1 171.2 171.8 171 170.1 169.8 170.6 172.3 172.8 173.9 176.1 178.1 179.7 182.1 184.9 187.3 190.4 193.4 199.8 210.8 218.9 217.9 216.6 214.1 211.1 207.5 201.8 198 194.9 192 190.3 189.1 188.4 188.5 188 187.3 186.8 186.5 186.2 185.8 185.5 185.7 185.1 184.9
205.4 204.1 202.1 200.3 198.2 195.3 192.6 191.7 190.4 187.8 185.2 183.4 182.1 181.9 180.3 178.9 178.7 176.7 171.9 167.7 163.5 161.6 161.7 161.7 162.1 162.7 163 163.1 162.6 161 163.1 160.3 161.9 168.5 171.8 172.7 172.5 171.2 170.8 170.8 171.7 173.3 174.5 175.3 177.5 179.9 182.1 184.7 187.3 189.5 192.5 196.1 204.9 216.1 222.4 221.2 218.9 215.6 212.1 208.3 201.5 196.2 193.6 191.3 190.5 189.1 189.5 189.8 190 189.2 188.2 187.2 186.3 185.9 185.6 185.2 184.9 184.5
201.5 199.6 198.5 196.6 194.4 191.6 189.1 187.3 187.3 185 183.1 181.5 179.9 179.7 178.2 176.2 173.7 171 165.3 163.1 163.1 162.9 161.9 161.7 162.3 162.8 163.4 163.1 162.4 161.7 162.9 161.3 167.8 171.6 173.3 173.2 173.2 173.3 172.5 172.2 173.9 175.4 176.3 176.9 179 181.6 184.3 186.8 188.9 191.4 194.7 199.9 211 219.9 223.7 222.3 219.6 215.5 211.8 208 203.5 197.1 193.2 191.7 190.8 190.8 190.7 191.4 192 192.2 191.4 189.8 188.2 186.5 186.1 185.8 185.4 185.1
197.5 194.3 195.4 193.5 191.5 189 186.6 184.6 184 183 181.5 179.9 178 175.9 174.3 171.9 169.4 165.5 163.6 164 164.5 164.3 161.9 162.1 162.5 164.5 164.4 163.1 162.2 161.8 161.3 161.8 171.9 173.3 174 173.8 173.4 173.7 173.6 173.4 174.6 176.2 177.3 178.5 180.6 183.3 185.8 188.3 190.3 193.2 196.8 205.2 214 221.7 224.5 223.1 219.5 215.6 211.5 207.2 201.7 196.9 194 192.6 191.3 191.3 192 193.1 193.7 195.7 195 192.5 189.9 187.4 187.2 186.6 186.3 186.2
191.7 188.8 191.9 191 189.1 187 185.4 183.3 181.9 181.2 179.9 178.2 176.6 173.1 169.4 166.6 164.7 165.3 164.9 165.3 165.3 165 163.2 161.8 164.3 165.6 164.6 163.2 162.9 162.5 162.3 169.9 173.3 174.6 175.1 174.8 173.6 173.7 174.1 174.6 176 177.2 178.6 180.4 182.4 185.3 187.8 189.8 192.3 195.2 200.2 209.4 216.2 222.6 225.3 224.2 221 217.7 214 209.3 204.5 199.3 196.1 193.6 192.5 192.2 192.9 194 195.7 198.3 199.8 195.8 191.8 189.5 188.7 188.2 187.8 187.5
186.4 183.9 187.7 187.8 187 184.9 183.3 181.3 178.9 177.9 177.8 175.8 174.3 171.7 167.8 165.6 166.4 168.1 165.6 165.6 165.5 164.9 162.6 162.2 165.4 166.6 166.4 164.7 163.8 163.2 164.6 172.3 173.7 174.3 174.5 174.4 174.1 174.7 175.2 176.4 177.9 178.5 180.1 182.1 184.5 186.7 189.2 191.2 193 198.4 204.7 213.1 218.8 224.1 226.4 224.4 222.7 220.9 217.6 212.4 206.7 200.9 196.8 194.2 192.7 192.5 193.2 194.1 196.5 198.9 199.5 196.2 193.8 191.9 190.5 190 189.5 188.7
183 179.7 181.5 183.1 184.9 183.3 180.6 178.1 175.4 173.6 173 172.5 171.1 168.6 166.1 166.2 168 168.7 167.1 165.9 165.7 165.2 162.8 162.2 166.6 167.4 167.5 166.5 164.9 163.5 170.7 172.4 173.8 174 174.3 174.3 174.8 175.3 176 177.4 179 180.1 181.5 183.7 185.9 188.5 191 192.8 195.6 202.2 209.9 215.6 219.8 224.4 224.7 222.6 220.5 218.5 216.2 212.2 205.9 200.7 196.7 194 192.3 192.3 192.4 192.9 195.1 196.9 196.9 195.8 194.8 193.8 193.1 192 190.9 190.4
182.2 177.3 177.2 177.9 181.2 180.8 177.1 173 170.4 168.8 169.6 168.2 167.2 166.3 166.5 167.8 168.4 169 168.3 166.6 165.9 165 161.7 162.4 166.6 167.3 166.9 167.1 167.6 163.8 171 171.8 172.7 172.7 173.2 173.5 174.4 174.9 175.6 177.4 179.5 180.7 182.8 185.1 187.8 190.4 192.7 195.6 200.1 207.7 213.2 217.8 220.2 220.9 220.5 218.8 216.6 214.5 211.7 208.4 203.6 199.8 196.1 193.6 191.8 192 191.9 192.2 192.8 194.2 195 195.6 195.3 194.8 194.1 193.1 192.6 192.5
182.1 177.8 174.8 174.6 176.4 174.2 170.6 169.9 169.8 169.5 168.7 168.7 169.8 168.6 167.2 167.4 168.7 169.7 169.2 167.3 165.9 164.6 162.5 163 167.8 168.6 169.4 171.8 170.3 164.4 166.3 171 173.1 173 173.4 174.3 175.3 175.8 176.8 178.5 180.2 181.9 184.4 186.4 189.3 192 194.2 198 204.3 211.5 216.6 218.4 218.8 217.7 217.1 215.2 212.7 210.5 207.9 204.6 201.3 198.1 195.7 193.7 192.2 191.7 191.1 191 191.5 191.9 193.2 194.1 194.8 194.2 194.9 194.4 193.4 193.1
