app/static/ascii/NJ53.asc
ncols 200
nrows 200
xllcorner 350000
yllcorner 830000
cellsize 50
[rows 35 to 69 of 200, columns 78 to 155 of 200]
140.5 138.4 135.7 134.8 134.1 134.8 135.2 135.9 138.3 141.2 141.8 143.7 145.6 146.9 148 148.6 149.6 150.8 151.7 152.2 153.2 154.5 156.4 158.2 162 166.9 170.2 174.6 176 173.3 169.3 167 166.1 163.8 161.3 160.2 158.9 158.1 158.5 158.4 158.1 156.8 154.1 151.7 148.3 149.9 152.5 155.6 157.9 161 161.9 164.3 166.2 167.9 169.4 170.9 172 174.5 177.2 180.3 182.7 182.3 180.5 178.9 174.9 170.6 166.2 162.8 158.4 155.5 153.6 151.7 148.7 148.6 150.3 154.1 157.4 159.2
141.3 139.6 138 137 136.8 137.1 137.3 138.5 140.1 140.9 140.1 142 143.9 145.7 146.8 148.4 149.4 149.8 150.5 151.4 152.5 153.3 155 157.1 160.1 163.2 165.3 170.3 174.4 173.4 170.3 170.4 169.8 167.4 164.1 161.9 160.6 159.9 159.8 159 157.9 156.2 154.1 153.1 151.2 151.1 151 156.8 159.6 161.5 163 164.8 166.8 168.2 170.3 171.9 173.6 176.3 179.3 182.7 183.6 182 179.4 176.6 172.8 169.8 167.3 164.4 159.6 156.2 154 152.2 149.3 149.3 151.7 155.2 158.5 160.9
144.5 142.5 140.8 140 139.8 140 140.2 141.3 141.8 142.3 141.9 140.5 144.6 145.8 146.1 147.8 148.6 149.1 149.5 150.6 151.7 153.2 154.7 156.6 158.6 160.9 164.6 169.1 171.7 172.3 172 173.6 173.1 170.4 166.2 164.4 162.7 161.7 161.6 159.7 157.6 155.8 155 153.7 152.9 153.4 155.1 157.1 160.2 162.4 164.1 165.5 167.5 169.5 171.5 173.3 175.3 178.2 181.3 184.2 183.7 181 178 175.1 171.3 169.3 167.5 163.8 159.8 156.7 154.8 152.9 150.6 150.2 152.4 155.5 158.8 161.5
149.8 146.7 144.2 143.1 142.8 143.2 143.4 143 143.3 143.8 143.1 142.8 142.7 144.8 145.9 147.4 148.4 148.7 149.4 150.5 151.8 153.6 154.7 156.5 158.7 161.5 165.1 168.6 171.8 173.5 173.9 176.9 176.1 172.7 169 167.5 165.4 164.1 163.3 161.9 158.8 157.1 156.1 155.1 154.9 155.4 157.3 158.8 159.6 162.7 164.2 165.6 167.7 169.8 172 174.1 176.6 179.5 182.3 183.7 182.1 178.8 175.6 172.8 170 168 165.5 162.3 159.8 157.6 154.7 152.2 149.9 151.7 153.6 156.4 159.9 163.1
157.3 152.8 150.1 148.6 147.9 148.2 147.6 146.7 145.1 145.3 144.2 143.6 143.5 144.3 145.3 146.2 147.5 148.7 149.4 150.4 151.7 153.4 155.2 158.2 160.7 164 167.7 171.2 174.4 176.7 179 175.3 177.7 174.6 172.5 170.5 167.7 165.7 165.1 163.1 160.4 158.9 158 158.3 157.4 158.3 159.8 159.2 161 163.3 164.6 165.9 168 170 172.2 174.5 177.3 180.4 182.1 181.4 179.5 176.4 173.5 170.8 168.8 167.2 164.5 161.7 159.4 157.5 154.9 151.9 152 153.2 155.7 158.4 161.6 167.1
165.8 162.5 158.8 156.2 154.2 153.8 152.1 149.5 148.2 146.7 145.6 144.4 144.3 144.7 145.2 146 147.7 149 150.1 151.4 152.9 154.7 156.8 159.6 163.1 166.6 170.8 174.4 177.2 179.3 180.9 180.4 178.6 177.1 175 172 168.9 167 165.7 163.7 162.6 161.1 161 160.3 160.3 160.9 161.2 160.8 162.3 164.2 165.7 167.2 169.1 170.8 173.7 176.3 178.3 180.9 180.5 179.2 176.9 175.3 172.4 169.8 167.9 165.6 163.5 161.8 160.1 157.6 154.5 152.8 154 155.9 157.9 161.5 164.6 169.8
177.1 174.4 172.3 170.7 165.8 159.1 155 153.9 153.1 150.9 149 146 145.3 145.4 145.6 146.8 148.9 150.2 151.5 153.1 154.6 156.6 159.2 162.4 165.8 169.4 173.7 176.9 179.6 181.2 181.8 181.3 179.6 177.6 175.7 172.8 170.8 168.2 166.2 165.2 164.4 163.4 163 161.9 161.8 162.2 162.7 162.1 162.9 164.9 166.7 168.3 170.2 172.4 175.9 178.4 180.2 180.2 178.5 176.7 175.1 173.6 171.5 168.8 166.8 164.9 163.1 161.9 160.1 157.3 153.2 154.2 156.1 158.8 160.9 164.5 167.6 172.1
190.1 189.1 186.4 183.4 180.4 175.2 169.1 164.5 160.6 157.2 152.9 147.9 146.8 146.5 146.7 148.3 150.5 152.3 154.5 156.9 159.4 161.5 163.6 166 169.1 172.3 176 178.9 181.3 182.2 182.5 182.3 181.1 179.2 177.2 175.2 173.3 170.4 168 167.3 166.4 165.8 164.3 163.4 163.1 163.8 164.1 163.6 164.5 166.2 167.8 170.6 172.8 175 178 180.4 181.4 179.5 177.6 176.1 174.3 172.2 169.8 167.8 166.1 164.4 162.6 161.4 159.2 155.2 155.5 157.1 160.3 162.5 164.4 167 170.3 173.9
200.6 198.3 195 191.7 188.6 185 180 175.3 170.6 166 160.1 154.2 150.2 148.2 148.3 150.5 154.1 157.6 161.6 163.7 165.2 166.4 168.5 170.6 172.2 174.5 177 179.9 181.7 182.1 182.6 182.5 182.2 180.4 178.7 177.4 176.6 173.8 173.2 169.8 168.9 167.4 166.1 165.4 165.2 165.1 165.6 165.5 166.1 167.6 169.6 172.2 174.6 177.3 180.2 182.7 183.1 181.2 178.2 176.3 174.2 171.5 169.1 166.8 165.1 163.5 161.7 159.2 156.4 156.5 159.3 160.8 164.2 166.7 168.5 170.4 173.9 177.4
206.3 203.4 200.2 196.1 192.6 189.2 184.9 180.4 176.3 170.6 163.6 159.3 154.6 151.1 149.7 154.5 160.1 165.8 168.9 169.9 170.1 170.4 172.6 173.2 174.4 175.2 177.1 179 180.3 181.4 182 182.6 182.5 181.9 180.8 179.8 178.1 178.3 173.4 172.6 171.6 169.6 168.2 167.5 167.1 167.3 167.4 167.7 168.4 169.9 171.8 174.3 176.5 179.5 182.7 185.1 184.9 181.6 179.3 177.2 176 172.4 168.7 166.4 164.8 162.9 160.5 158.4 158.1 158 161.6 165.2 168 170.2 171.8 174.7 178.3 181.9
209.6 206.7 202.7 199 195.1 190.9 186.6 182.6 177.9 172.3 166.6 163 158.7 154.2 150.4 157.4 163.7 169.3 173.6 174 172.3 172.9 175 174.8 175.3 175 176.2 178.1 179.4 180.6 181.1 181.8 182.9 182.8 182.9 182.2 180 179.8 178.8 176.4 174.2 172.2 171.1 170.4 169.7 169.7 170.5 170.4 171.2 172.7 174.3 177 179.4 181.7 184.9 186.7 186.2 183.4 180.4 177.9 176.4 174.3 169.4 167.2 165.6 163.9 162.2 159.4 160.2 161.9 164.6 167.3 169.8 172.4 174.2 178 181.8 186.6
211.6 207.7 203.4 198.7 194.4 190.3 186.3 181.5 177.2 172.1 167 163.8 159.4 154.6 151.6 157.4 162 167.8 170.9 172 172.2 173.2 174.2 173.4 174.2 174.1 175.2 176.4 177.8 178.7 180.3 181.6 182.8 183.7 184.5 184.4 183.3 182.8 182.8 183.1 177.8 176 174.3 173.6 172.4 172.5 173.1 174 174.1 174.7 176.9 179.5 182 184.3 186 187.1 187.4 184.7 181.4 178.9 176.9 174.7 171.3 168.1 166.3 164.6 162.6 160.1 161.8 164.3 166.5 168.8 171.4 173.9 176.4 179.8 183 188.2
210.5 206 201.4 196.3 192.5 188.5 183.9 179.2 174.5 170 166.2 163.1 159.5 155 153.4 153.8 157.9 161.7 164.4 165.8 166.7 168.7 169.7 170.5 170.4 171.7 173 174.1 175.4 176.4 178.9 180.9 182.3 183.9 185.5 185.7 186.6 186.9 186.4 186.2 185 179.7 177.6 176 176 175 175.2 176.3 177.1 177.3 178.9 181.1 183.3 185.4 186.3 187.3 186.9 184.9 181.8 179.9 178.6 176.4 173.6 169.4 167.5 165.7 163.2 161.4 163.2 165.9 168 170.5 173.4 176.5 178.8 182.6 186.8 192.9
208.1 203.9 198.6 193.8 190.1 185 181.7 177 172.2 168.3 165.1 162.2 159.3 156.7 155.7 155.5 155.9 156.8 157.7 158.3 159.6 161.4 163.1 163.6 165.9 168.5 170 171.6 172.9 175.3 177.5 180.2 183.3 185.3 187 189.1 190.2 191 190.4 191.8 190.1 188.6 180.4 179.6 178.5 177.3 177.1 178.1 179 179.3 181.1 182.4 183.4 185.6 186.3 186 186.4 184.4 182.3 181.7 180.4 178.4 174.5 170.7 168.8 167.4 164.1 162.3 164.3 166.9 170.5 173.6 176.9 180.2 182.7 187.6 192.4 198.9
205.7 201.2 196.6 191.8 187.8 183.4 179.4 174.9 170.9 167 164 161.8 159.8 158.1 158.2 158 158.1 158.6 160.1 161.5 163.6 164.3 165 166 164.8 167.4 169.9 170.9 172.1 174.5 176.8 179.8 182.7 185.8 189.3 191.7 194 195.2 196.1 197.1 195.5 191.5 191.5 183.9 182.3 180.6 179.5 180.2 181.3 181.9 182.5 183 183.7 184.6 185.3 185.5 185.8 185 183.7 183.2 182.1 180.1 175.4 172.1 170.4 168.4 165 163.8 166.5 169.9 174.8 178 181.1 185.4 188.3 193.5 198.3 205.5
203.6 199.9 195.1 189.7 185.6 181.7 178 173.8 170.2 167.5 164.5 163 161.5 161 160.9 160.9 160.4 161 162.6 164.4 165.8 166.6 167.3 168.4 168.7 167.5 169.6 171.1 172.4 174.1 176.7 179.5 183 186.9 191 194.8 197 199.5 200.2 200.4 199.8 196.6 193.8 194.8 187.5 184.7 183 183 184.1 184.9 184.3 184.3 184.6 184.6 184.4 184.6 184.6 184.7 184.8 184.2 183 179.7 175.8 173 171.4 169.8 166 165.1 169.5 174.7 178.4 181.6 185.9 190.3 193.1 197.6 205.9 212.7
202.6 199.1 194.8 189.3 184.3 180.5 177 173.5 170.3 168.1 165.8 164.9 163.7 163.4 163.5 163.5 163.1 164.6 167.1 168.9 168.8 169.3 170 170.3 170.4 169.3 169 170.8 172.8 174.4 177.1 180 183.5 187.6 192 196.8 200.1 204.1 205.1 206.4 205.2 202.9 198.3 194.7 197.5 191.1 188.6 187.8 187.7 187.7 186.4 186 185.8 185.8 185.1 185.5 185.8 185.8 185.7 184.7 181.9 180.1 176.9 174.2 172 170.5 166.5 167.3 173 178.2 181.2 185.2 189.6 194.6 199.8 205.3 211.7 221.1
202 198.6 193.5 189.7 184.9 180.5 177 173.6 170.7 168.7 167.5 167 165.9 165.3 165.6 166.2 167.1 168.8 170.5 171.2 171.2 172 172.4 172.6 171.8 171.4 170.8 170.7 172.7 174.6 177.1 180.5 185.1 188.4 192.6 198.4 202.6 206.7 208.9 210.8 211.3 209.3 203.3 199.2 198.6 200.3 195.3 192.6 191.1 190.6 190.3 189.6 189 188.5 189.1 189.1 188.9 188.5 187.7 185.9 183.3 180.5 178.4 175 172.8 169.7 167.2 171.1 176.8 181.1 184.7 188.8 193.6 198.8 205.5 211.9 219.2 227.2
203.1 199 194.5 190.8 186.3 181.6 178.2 175 172.4 171 170.1 169.4 168.4 167.8 168.6 169.4 170.6 171.5 172.9 173.8 173.8 174.7 174.7 174.9 174.2 173 172.5 172.3 173.2 175.1 178 181.2 185.4 188.7 193.5 198.6 204 208.4 212 214.5 215.9 215.1 211.2 206.6 205.4 204.7 203 201.7 196.3 195.7 196.5 194.5 194.4 194.8 195.8 196.3 194.6 193.5 191.6 189.1 185.3 182.6 179.3 175.7 173.5 170.2 169.9 174.9 179.5 183.3 187 191 197 202.5 209 216.7 224.3 231.7
204.4 199.7 196.1 192.4 187.8 182.5 179.1 176.2 174.3 172.6 172.1 172.1 171.5 170.9 171.5 172.9 174.1 175.9 177.1 177.1 177.1 178 178 177.2 175.8 174.7 174.5 174.6 172.7 175.8 179.1 183.7 186.3 189.5 194.3 199.7 205.4 210.9 216.2 219.6 221.9 221.3 220 216.6 212 209.2 205.7 205.4 202.6 202.3 203.3 200.4 200.7 201.4 202.2 200.9 199.6 198 194.8 190.8 186.7 183 179.6 178.1 175.8 172.1 172.4 177.7 180.5 184.1 188.1 192.8 199.2 204.8 211.1 219.8 227.8 235.3
204.8 200.4 197.1 193.8 189.7 184.4 180.7 178.5 176.3 175 174.4 174.8 174.6 174.8 175.7 178 179.7 180.3 180.9 180.8 180.9 180.6 180.3 179.1 178.1 176.9 176.3 176.1 175 175.6 180.1 183.6 186.5 191.4 196.5 202 207.3 212.9 218.5 223.1 225.3 225.3 224.9 222.8 219.4 213.9 210.8 210.2 208 208.3 207.4 206.9 206.8 206.3 205.9 204.3 202.8 200.1 195.4 191 186.5 182.8 180.2 179.7 178.5 174.5 172.6 178.8 181.2 184.7 188.6 193.1 199.3 205.5 212.1 220.1 227.6 233.5
202.3 200.4 197.7 194.9 191.5 186.2 183.6 181.1 179.3 178 178 177.8 178.4 179.7 182.7 187 189.2 189.4 188.5 186.5 184.7 183.2 182.5 182.2 180.9 179.7 178.3 177.9 177.2 176 180.1 183 187.5 192.5 197.4 202.5 208.3 214 219.5 223 226 227.7 228 227.1 225.2 219.5 215.9 213.6 213.4 210.8 212.3 212.2 211.9 211.2 209.4 207.1 203.9 200.3 195.6 190 185.8 183.1 181.2 181.1 180.2 175.2 173.9 176.5 181.6 184.9 188.5 193.1 198.5 204.8 211 217.9 224.6 228.9
199.7 198.6 196.9 195 192.9 189.3 187.2 185.3 182.4 181.3 180.3 182.4 184.2 187.1 192.2 196.5 200.1 201.3 198.4 194.2 190.2 186.6 185.5 185 183.7 182.2 180.4 179.8 179.7 178.6 178 182.4 187.4 192.7 198.1 202.7 207.9 213.2 218.2 221.9 225.4 227.8 229.9 231.3 230.4 224.6 219.5 216.9 216.9 217.7 212.6 217.1 217.1 215.7 212.4 207.6 203.8 199.1 195.1 190.6 187 183.9 182.4 181.8 179.4 176.1 177.4 177.5 180.9 183.8 187.6 191.8 196.6 203.1 208.9 214.8 221.2 225.4
196.7 196.2 195.4 194.2 193.7 192.7 191.7 190.1 188.2 186.6 185.9 187.9 190.7 195.1 199.7 204.7 208.1 209.2 206.1 201.5 195.9 191 189.5 187.8 186.9 184 182.4 182 181.8 180.6 178.8 182.2 186.7 191.8 197.3 201.8 205.7 210.1 215.8 220.5 224.5 227.8 230.1 230.4 230.8 227.8 223.6 220.8 220.3 220.8 221.1 214.1 219.5 218.3 213.3 208.6 204 198.8 195.2 191.4 188.1 185.5 184 181.7 177.7 178.3 179.3 180.1 178.4 182.1 186.6 191 195.7 200.9 206.8 212.1 217.5 221.8
192.7 193 193.5 193 193.8 195 195.5 195.1 194 192.6 193.2 195.2 198.4 202.3 207.7 212.9 215.1 215.4 212.5 206.9 200.8 195.7 193.5 191.8 188.7 185.6 184.4 184.2 183.7 181.4 179.6 182.3 186.1 190.6 195.6 199.3 203.2 207.5 212.7 217.7 222.3 226.8 230.1 232 231.2 229.9 227.3 224.6 223.5 223.6 224.4 223.4 216 217.6 213.1 209.1 204.3 199.7 195.8 192.2 189.1 186.7 184.5 181.8 179 180.6 181.9 183 182.7 181.5 186.2 190.2 193.9 199.1 204.4 209.2 213.3 217.5
188.7 189.3 189.6 190.9 192.8 195.6 197.7 198.2 197.9 198.7 200.8 202.7 205.7 210.3 214.5 219.4 221.6 221.2 217.5 211.5 205.9 200.3 197 194.4 190.6 187.6 186.7 186.2 185.3 183.4 181.5 182.3 185.6 189.6 193.4 197.1 200.8 204.6 209.1 214.2 219.8 225.1 229.4 232.7 232.4 232.1 231.2 229.1 227.5 226.8 227.1 224.4 221.6 216.8 213.4 209.1 205.4 200.6 196.6 193 190.2 187.3 184.5 181.5 182.1 183.9 185.2 186.1 185.4 185.7 184.9 189.4 193.6 197.5 200.8 204.5 207.8 211.8
184.5 184.8 186.6 188.6 191.1 194.9 197.9 199.6 201.3 203.8 206.5 209.5 213.5 218.4 221.7 225.8 228.3 227.9 223.8 218 211.7 204.6 199.5 195.8 191.8 189.9 188.8 188.1 187.1 185.7 184 182.9 186.4 189 192.9 196.1 199.7 202.8 207.2 211.9 217 222.5 227.8 231.4 234.4 236.1 235.8 235.7 236 234.3 232 227.5 223.2 218.9 214.1 210.8 207.4 202.3 197.5 193.8 190.7 188 185.4 183.5 185.5 188 189.3 188.8 187.7 188.5 188.5 188.1 191.9 197.1 199.5 201.3 203.8 207.1
181.3 182 184.3 186.8 189.6 193.5 197.5 200.9 204.5 207.5 211.4 215.9 219.3 224.7 228.2 232.1 234.6 233.2 229.2 223.8 215.9 208.4 202.3 197.5 193.9 192 190.7 190 189 187.8 186.3 184.5 185.6 190.1 193.6 196.3 199.1 202 206 210 215.5 221.3 227.2 232.4 237 239.9 242.2 244 244 241.4 236.9 232.3 226.2 222 218.3 212.3 208.1 204.1 199.4 194.9 191.6 189.3 187 185.4 188.4 191.3 192 191.2 190.1 190.9 191.5 189.8 190.6 194.8 197.9 200.2 202 203.9
178.5 179.9 182.2 184.8 188.3 191.9 195.9 200.1 204.3 210.4 215.8 219.5 224.5 229.4 232.6 236.6 239.1 237.5 233.6 228.7 222.4 214.7 206.3 199.7 196.1 194.4 192.3 191.4 190.6 189.6 187.8 187.4 186.8 191 194.3 196.8 199.2 202.1 205.4 209.1 214.7 221.6 228.2 233.6 239.1 243 246.9 249.2 247.8 245.7 242.9 238.1 231.1 226.8 220.9 214.2 210.2 206.2 201.8 197.1 193.7 191.2 188.9 186.9 191.1 194 194.9 194.3 193 193.5 193.4 191.4 193.2 193.9 196.8 199.3 200.8 202.5
176.8 177.9 180.7 183.5 186.9 190.9 195.5 200.1 206.2 212.9 218.1 222.3 226.6 231.6 235.4 239.6 241.4 240.9 237.4 232.2 226.2 219.1 209.7 202.7 198.6 196.5 194.1 192.8 192 191.2 190 189.7 187.9 190.8 194.3 196.6 199.2 202.3 205.6 209.3 215.3 222.9 229.6 236.1 241.5 246.2 250.2 252.9 253 250.2 247.6 243.6 236.8 231 224.8 220.5 212.4 209 204.2 199.9 196.1 193.5 191.2 189.2 193.8 196.8 197.7 197 195.8 195.9 195.2 195.8 196.3 197.3 198 199.3 201 202.2
175.8 178.2 180.5 183 186.3 191 197.6 204.4 210.4 215.9 220.7 225.2 228.5 233.7 237.4 241 243.5 242.6 239.2 234.7 228.7 222.1 212.8 206.4 201.3 198.7 196.3 194.2 193.5 193.1 192.5 191.9 190.6 191.3 194.6 196.8 199.6 202.9 206.1 210.6 216.5 223.9 231.3 238.5 244 248.9 253.5 256.7 257.5 255.7 251.3 246.9 242.1 236.8 231.3 222.3 215.8 211.8 206.9 203.1 199.5 196.2 194.1 191.4 193.8 198.6 200.4 199.4 198.2 197.7 197.5 196.8 198.2 199.3 199.8 200.4 201.7 202.2
176.7 178.7 181 184.2 187.5 193.8 202.6 207.7 211.5 217.2 222.2 227.2 231.4 235.4 238.7 241.6 244 242.1 238.9 234.7 229.1 222.8 215.5 209.9 204.9 201.4 199.1 196.6 195 194.7 194.3 193.7 193.7 191.6 196.2 197.4 200.3 203.7 207.2 211.9 217.9 225.7 233.3 241 246.3 251.1 256.5 262.2 265.4 264.8 259.4 252.9 247.2 241.5 236.8 229.4 222.1 214.7 209.6 204.8 201.5 198.6 195.4 193.4 196.6 199.3 201.2 201 200.1 199.4 198.8 198.5 199.9 200.4 201.1 202 202.8 203.5
178.3 179.6 182.7 185.9 190.5 196.3 202.5 207 212.4 219.1 224.6 229 233.1 236.5 239.2 240.5 241.3 240.3 237.7 234.3 230.4 225 219.5 214.3 209.3 205.4 202.6 199.2 197.4 196.2 195.7 195.4 196 195.8 193.8 198.8 201.3 205 208.5 213.4 219.5 227.2 234.6 243 248.8 253.6 261.2 265.4 271.4 272.3 268.3 261.4 254.8 246.8 240.7 234.1 223.3 219.3 212.6 207.3 202.6 199.4 196.5 195.7 197 199.2 201.6 201.9 201.5 200.8 200.1 200.1 200.7 201.9 202.3 203.1 203.6 204.4
180.5 182.5 185.2 189.1 195.5 198.8 204.4 209.7 213.7 220.9 226.2 230.5 234.1 237.1 238.6 239.1 239.4 238.8 237.6 235.3 232 228.2 223 217.9 213.1 209.5 205.5 202.1 200.2 198.4 197.5 198 198.3 198.7 197.6 199.7 202.6 205.9 209.7 214.3 220 227.4 236 244 249.5 256 262.2 269 274.5 276.6 275.6 269.4 260.9 255.6 247.4 238.8 229.1 223 216.9 210 204.6 200.3 196.9 196.7 198.5 200.6 202 202.9 202.5 202 202.1 202.5 201.5 204 204.8 204.6 205.4 206.6
184.3 186.4 189.1 193.9 199.3 202.3 207.1 212.6 217.6 224 228.5 232.2 234.4 236 236.9 237.1 237.4 237.6 237.6 236.3 233.9 230.3 226.6 221.7 216.4 212.8 208.8 205.6 203.1 201.2 200.3 200.6 200.9 201 200.7 198.7 203.7 206.5 209.9 213.1 219.3 226.1 234.2 242.1 249.9 256.9 263.2 269.4 276.8 279.4 279.8 277.7 268.5 259.4 252.4 244.1 234.5 225.2 217.5 210.6 206.3 202.1 198.8 198.7 200.5 202 203.1 204 203.9 203.6 204 204.8 204.9 205.3 206.2 206.1 207.7 209.3
