app/static/ascii/NJ54.asc
ncols 200
nrows 200
xllcorner 350000
yllcorner 840000
cellsize 50
[rows 105 to 139 of 200, columns 0 to 78 of 200]
158.5 160.4 161.8 162.7 164 164.3 164.4 163.9 163.4 162.7 162 163.2 166.7 173.1 175.7 175.5 174.6 171.4 167.1 162.6 158.1 150.9 145.4 140.5 136.7 133.4 131.1 129.4 128.2 128.8 130.5 133 136.6 140.2 146.2 154.7 162.6 168 184.4 194.5 189.4 181.7 177.2 174.7 172.5 169.7 167.2 164.9 162.7 160.6 158.8 153.6 145.8 139.6 136.2 134.4 132.5 130.1 128.6 126.5 124.6 122.9 121.1 121.4 121.7 121.8 121.4 120.8 117.7 115.2 113.2 111.3 109.3 107.5 103.6 99.6 95.6 93.2 90.7
161.6 164.1 165.8 167.2 167.7 168.6 169.6 170 169.2 168.1 169.7 168.5 170.7 177.5 177.5 176.5 175.5 172.7 168.2 163.8 159 152.7 146.5 141.7 138.2 134.9 133 131.3 130 130.1 132.5 133.5 135.9 139.4 144.1 150.7 159.8 164.6 175.8 188.1 186.8 179.4 176.9 175.4 173.3 170.9 168.3 163.8 160.9 159.3 158.1 151.6 145.2 139.1 135.9 133.5 131.1 128.8 127.1 125.5 124 122.2 122 122.5 122.7 122.7 122.2 122.1 116.1 115.1 113.3 111.4 109.5 106.6 103.4 99.8 96.3 93.7 91.2
166.2 168.3 169.8 171.8 173.7 174.7 175.6 176.1 175.3 174.6 174.3 174.2 175.1 178.4 179.6 178.9 176.5 173.3 168.9 164.1 160.4 155.4 149 143.9 139.7 136.4 134.3 133 131.1 131.1 133.3 134.2 136.2 139.2 143 149.2 158.5 163.5 171.2 181.7 183.3 177.2 174.6 174.1 173.3 169.3 164.4 160 156.9 153.9 150.2 146.6 141.7 137.3 135.2 132.7 130.2 127.7 125.6 124.2 122.8 122.7 123.1 123.5 123.9 123.8 122.9 120.3 116.3 114.3 113.3 111.5 109.6 105.6 102.8 99.2 96.4 93.7 91.2
170.5 171.7 174.4 177 179 180.7 181.7 182 181.5 181.2 180 179.9 179.3 180.2 182 180.9 177.8 174.3 170.1 166 162.1 157.2 151.2 146 141.4 138 136 134.4 132.6 131.7 133.4 135.1 136.6 139.7 142.6 147.9 155 161.6 167.9 178.1 178.7 174.3 172.7 171.1 170.6 165.6 160.3 155.9 151.9 149.1 146.3 143.3 139 135.2 134.9 132.5 129.6 126.5 124.2 122.9 122.6 123.4 123.4 123.4 123.5 124.2 123.9 120.8 115.5 113.7 112.4 111.5 109.7 104.6 101.1 99.2 96.5 93.9 91.9
175.7 177.6 180.2 182.7 185.6 187.1 187.8 187.9 187.8 187.1 185.7 185.3 183.8 184.5 183.6 181.4 178.5 175.4 172.3 168.6 164.5 159.8 154.5 149.2 143.1 139.7 137.4 136.6 135.1 133.7 134.6 136.1 138 140.6 144.1 148.7 154.5 160.7 166.2 173.1 175.7 171.7 169.9 168.1 166.2 161.5 156.7 152.1 148.2 145.7 142.9 140.5 137 135.1 134.2 131.8 128.9 125.9 123.5 122.8 122.6 122.2 122.3 122.5 123.2 124.2 124.4 120.9 115.7 113.1 111.7 110.8 109.6 108 103.3 100.9 98.4 96.3 94.4
181.6 183.6 186 188.5 191 193 194.1 194.2 194.2 193.4 192.1 190.6 189.4 187.7 185.5 183.3 181 178.9 175.9 173 168.3 162.8 157.7 152.9 146.2 141.8 139.8 138.4 136.3 134.1 135.9 137.2 139.2 141.4 145.1 149.6 154.7 159.6 165.2 169.9 171.9 170.2 167.5 164.8 162.2 159 155.6 150.5 144.6 142.2 139.9 138.4 135.9 134.7 133.6 131 128.4 125.4 123 122.4 121.9 121.5 121.5 122.5 123.6 124.9 124.9 121 114.6 113 112.2 110.4 110.1 110.1 105 102.1 100 98.5 96
188.8 189.3 191.6 194.1 196.5 198.8 200.4 200.5 200.5 199.6 198.2 196.3 194.9 193.1 190.9 188.6 186.3 182.8 179.8 176.9 173.4 165.9 160.7 154 147.7 142.8 140.9 138.7 136.3 134.9 136.3 137.8 139.9 142.6 146.4 150.4 155.2 160 164.1 168.5 171 170.2 167.5 164.9 162.2 159.4 156.1 149.1 142.1 139.8 138 136.4 135.1 134 133.1 129.7 127.4 125 122.7 121.5 121.1 121.3 122 122.5 123.5 124.5 123.5 119 115.9 113.6 113.1 112.3 111.5 108.3 105.1 102.5 102.7 100.7 97.8
198.1 198 198 200.4 202.5 205.5 208 207.9 207.8 205.4 203 200.6 198.1 196 195.1 194 191.6 188.5 184.6 181.6 178.8 175 164.8 154.3 149 143.7 141.7 139.3 136.6 135 136.7 138.3 140.8 144 147.5 151.5 155.8 160.1 163.9 167.7 170.2 169.4 167.8 164.9 162.3 159.9 152.9 145.3 140.8 138.2 136.5 134.9 133.8 132.7 131.7 131 127.5 123.7 123 122.3 121 121.3 121.7 122 122.2 122.2 120.8 117.8 114.6 114.5 114.4 113.6 112.3 108.8 105.5 103.6 105.1 103.3 97.9
207.4 207.1 210.7 212.4 212.8 214.9 216.7 216.5 216.1 214.3 207.6 204.1 200.9 198.4 196.9 195.3 194.2 191 186.1 181.8 178.6 175.5 168.1 156.3 149.6 143.8 141.3 138.6 136 135.3 137.3 139 141.9 145.3 148.8 152.4 156.9 160.6 164.4 167.5 169.1 168.7 167.2 165.2 162.4 159.5 152.6 145.2 140 137.4 135.8 134.4 133.2 131.9 130.7 130.1 127.6 124.6 123.9 122.6 121.9 122.1 122.1 121.9 121.6 121.1 119.2 117.3 117 115.7 115.7 114.6 112.8 109.6 106.8 104.1 105.7 105.3 99.4
214.8 213.3 219.8 225.3 224.2 224.6 226.4 226 226.4 221.9 213.4 205.5 203.6 199.9 197.1 195.1 193.4 190.4 185.3 178.7 174.9 170.4 167.2 155.1 150 145.3 141.9 139.5 137 136.2 138 139.9 143.2 146.6 150.3 154.3 159.2 163.4 167 170.4 171.6 169.3 166.9 165.8 162.8 158.2 152 145.4 140 137.2 135.2 133.8 132.6 131.4 130.3 129.2 127.7 126.4 125.4 124.7 123.6 122.3 122 121.6 121.9 121 120.4 120.4 119.4 118.2 116.9 115.1 113.3 110.9 108 105 105.2 106.4 102.4
218.9 221.5 228.8 237.3 235.9 236.7 238.1 237.7 237.5 234 225.2 215.8 207.4 202 199 194.2 191.9 188.5 182.3 176.7 172.6 167.2 162.7 156.8 150 147 146.3 142.1 139.1 136.9 138.8 141.2 144.3 148.2 151.9 156.4 161.5 166.1 169.6 173.8 177.1 176.5 170.1 166.2 163.8 159.8 153.4 146.6 140.4 137.4 135 133.2 132.1 130.9 130 129.3 128.4 128 127.9 126.9 124.5 122.5 121.8 121.4 121.6 121.9 122 122.2 121.5 120.2 118.5 116.5 115 113.3 108.8 105.2 105.2 106 105.7
224 231 242.4 249.4 248.6 249.4 250.7 248.4 244.7 239.7 233.3 224.2 215.1 206.2 200.6 195.2 191 187.1 181.6 176.8 171.3 168.3 165.8 162.5 155.2 151.6 146.7 144.1 140.6 136.9 139.8 142.4 145.6 149.5 153.8 159 164.2 169.1 173.1 178.8 181.1 181.5 173.7 167 164.7 161.2 155 147.9 141.3 138 135.6 134.1 132.6 131.1 130.1 129.5 129 128.1 128 128.8 126.2 123.8 121.7 121.1 121.9 123.1 123.4 124.1 124.4 123.1 120.7 117.3 114.8 112.7 108.4 105.6 105.6 105.6 106.6
234.2 244.4 253.1 259.3 261.2 263.4 262.9 260.6 254.1 245.1 235.8 228.7 220.4 210.9 203.6 197.2 191.9 187.1 183.1 178.1 173.4 170.6 168.1 165 160 155.4 150.3 145.7 142.1 138.8 140.8 143.4 147.1 151.7 156.2 161.7 167.2 172.3 178.3 182.5 185.4 183.9 173.3 167.5 164.9 161.6 156.4 149.4 143.3 140.2 137.1 135.2 133.6 132.1 131.1 131.2 130.5 129.4 128.6 128.9 128.3 125.5 122.8 122.5 124 125 125.6 127.4 127.9 126.2 123.4 118.2 115.4 111.9 107.8 106.7 106.3 106.1 106.6
245.7 254.5 260 265 268 270.4 268.8 263.9 259.2 250.6 239.6 231.4 223.6 212.8 206.7 199.8 194.1 188.9 184.4 180.3 176.1 173.1 169.3 165.4 163.1 158.9 153.3 146.6 143.1 139.8 141.6 144.3 149.5 154.2 158.8 164.4 170 175.9 181 183.9 186 180.3 172.1 167.8 164.9 161.5 156.4 150.8 145.7 142.6 139.2 136.8 134.8 134.8 134.3 133.5 132.4 131.4 131.4 130.5 130.3 126.8 124 124.3 125.8 127.9 128.4 130 131.5 129.4 126.8 119.6 114.9 111.7 108.8 107.3 107 106.8 106.9
254.1 260.3 266.8 271.7 276.3 280.2 274.8 267.6 260.1 252.2 243.3 234.7 226.4 213.9 208.6 202.3 196.6 191.2 186 182.4 178.7 176 171 165.4 162 157.6 152.7 145.9 142.9 140.4 142.9 145.8 151.1 156.6 161.4 167.2 173.3 177.8 180.2 181.7 182 178.1 171.9 168 164.6 161.4 156.6 151.8 148.1 144.6 141.1 139.7 139.4 137.5 136.3 135.4 134.4 133.4 132.7 131.7 132.1 128 125.2 126.1 128.1 130.1 131.9 134.3 137.1 133.9 128.9 120.9 115.4 112.5 110 108.5 107.7 107.5 107.3
259 265.7 272.3 277.3 282.5 288.2 283.8 273.8 263.3 253.2 247.2 239.9 229.6 217 210.8 205.7 200.1 193.7 188.6 186.3 184.9 179.7 173.3 166.9 161.7 157.6 151.8 146.6 143.5 143.4 145.2 148.4 152.8 157.9 164.4 170.4 175.8 177.5 179.9 179.2 178 175.7 170.2 166.1 164.1 161.3 157 153.4 150.4 147.5 144 143 140.9 138.4 138.6 137 136.2 135.7 134.4 133.6 133.8 129.5 126.5 127.3 128.5 132.1 138.2 141.7 142.8 139.3 131.2 121.4 114.6 111.3 109.2 108.3 108 107.7 107.9
263.5 270.1 276.1 281.6 288.5 296.6 296.6 282.7 269 256.5 250.7 243.4 234 222 215 208.9 204.4 197.5 191.8 188.5 186.3 181.9 176.5 168.1 162.4 158.1 153 147.1 144.5 144.9 146.9 150.6 154.6 159.7 165.9 172.1 177 179.6 179.9 179.1 177.8 175.3 172 168.2 164.6 161.4 156.8 153.9 151.8 149.7 146.9 144.9 144.2 143.3 141.2 138.5 139.3 138.9 138.7 138.6 135.2 130.7 127.9 128.2 130.2 136.5 143 146.7 147.9 142.7 132.5 120.7 114 111.1 109.3 108.6 108 107.3 107.9
267.4 273.9 279.7 284.4 293.6 301.6 311.6 293.6 276.8 263.3 254.9 246.9 238.3 227.3 219.5 213.9 208.9 202.1 193.8 190.9 187.2 182.9 178.6 169.2 163.1 158.9 153.5 147.9 146.4 146.1 148.2 152.1 156 160.5 166.8 173.1 177.1 180.4 180.5 180.2 178.3 176.2 174.2 170.9 167.2 163.6 157.9 156.1 154.1 152 149.3 148.3 147.9 146.8 144.5 144.8 145 144.1 145.5 142.3 137 132.5 129.9 129.6 132.8 140.2 145.9 149 150.6 144.1 131.5 118.9 114 110.8 108.8 107.8 107.1 106.6 103.5
270.9 277.3 283.2 288.1 297.9 304.9 313.7 294.6 278.6 267.6 258.3 248.8 240.2 230.6 224.4 220 214 205.9 198.2 192.1 187 182.2 176.5 169.4 164.1 159.9 154.3 148.7 146.8 146.2 149.9 153.6 157.3 161 167.3 172.6 176.7 180.6 180.4 180.4 180.2 178.4 176.4 174.2 173 171 165.1 159.5 157.1 154.5 152.1 150.7 150.5 149.5 148.7 148.4 149.6 151.1 150.6 146.7 138.9 133.1 130.8 133.5 137.2 142.1 146.2 150.4 151.7 144.7 131.7 118.8 114 111.2 108.5 109.8 109.6 107.3 105.2
273.1 279.7 286.5 291.9 300.6 305.8 308.1 293.2 280.1 270.1 259.9 251 242.8 235.3 230.8 227 219.4 209.7 199.6 193.5 188.2 182.8 176.3 170.4 165.1 160.3 154.8 149.4 147.2 147.6 155.7 158.2 159.3 161.8 167.8 172.4 178 181.8 181.4 182.9 182.6 180.9 179.1 177.2 175.8 172.9 167.5 162.4 159.5 157.2 154.9 153.2 152.8 151.5 150.9 151 154.3 157.2 154.9 149.4 141.4 133.3 131.8 135.2 139.2 143.4 146.6 150.9 151 142.7 131.1 118.4 115.5 112.6 110.4 112.7 109.2 108.2 107.7
273.9 281.5 287.1 293.1 302.8 303.9 300.5 292.5 282.2 272.1 262.2 254.3 246.2 239.9 236 234.3 224.2 212.4 202.2 194.9 188.7 182.7 176.8 171.9 165.7 160.7 155.4 150.1 147.3 150.6 158.7 160.5 161.4 163.1 168.1 173.2 178 185.9 188.2 188.2 186.6 185.2 182.5 180 177.4 173.5 169 165.7 162.6 159.6 157.8 155.7 154.8 153.5 153.3 153 155.8 158.4 155.7 149.7 141.6 133 133 136.8 140.7 143.9 147.1 147.8 147.2 140.4 128.6 118.1 114.1 112.6 112.1 114.8 110 108.6 108.1
274.5 282.4 287.4 291.5 302.6 301.7 292.8 290.2 283.8 274.1 265.1 258.7 252.8 247.1 243.9 238.3 226.8 214.8 204.4 196 189.3 183.1 176.5 171.2 166.2 161 154.9 150.2 150.1 153.5 157.9 161.4 163.3 166.6 171.2 175.7 185 194.4 198.1 197.9 194 189.3 186.9 183.8 179.2 175.2 171.7 168.7 165.6 162.7 160.4 157.9 156.6 155 154.7 154.5 155.8 156.4 153.9 147.7 140.5 134 135.3 139.6 143.3 144.5 145.9 146.9 144.2 139.2 127.9 118.8 112.7 113 114.2 114.9 111 108.1 107.6
276.3 281.6 286.6 289.2 298.3 297.3 291.3 286.7 281.6 274.5 267.6 262.5 255.8 253.1 254.8 240.9 228.8 215.8 205.8 196.5 189.2 182.1 174.7 169.4 164.4 159.3 153.7 151.6 153.3 156.4 159.3 162.2 165.4 170.2 175.2 183 195.1 204.2 208.4 207.3 201.8 195.6 192.9 189.5 185.9 180.5 175.6 171.8 168.6 166 163.2 159.6 157.7 156 155.3 155.8 156.3 154.2 151.7 145.4 139.5 135.8 138.1 142.6 145.5 146.4 146.5 146.7 142.2 135.8 127.1 118.7 112.8 113.5 114.6 115.8 112.6 109.4 108.3
275.7 280.6 285.1 287.7 290.7 291.1 287.9 282.6 278.9 272.7 266.8 262.5 257.6 256.7 252.8 240.7 226.8 216.5 206 195.9 188.3 181.8 173.4 166.5 162.2 157.5 152.2 152.9 155.3 158.5 161.4 164.3 168.1 172.9 180 192.2 204.2 213 216.4 216.2 212.9 203.6 199.6 196.2 192.3 184.7 179.5 174.8 171.7 168.6 165.9 161 158.8 156.9 156.4 156.8 155.1 152.5 149.8 142.6 138.8 137.2 139.9 144.1 147.5 148.4 148.2 147.7 141.5 134.4 127.2 118.8 113.3 114.2 115.1 115.4 114.5 112.1 110.2
272.2 277.6 281.5 285.3 284.9 284.3 282.5 279.5 274.9 270.6 265.2 259.9 256.4 252.5 244.8 230.4 219.3 212.7 202.6 193.6 187.4 181.6 173.2 164.3 159.2 155 153.3 154.4 156.7 160.7 163.6 166.5 169.8 174.2 186.2 200.5 212.5 219 223.5 224.9 223 214 208.7 203.7 200.6 188.7 182.6 177.7 175.2 171.8 168.6 165 160 157.7 157.1 156.1 153.7 151.3 148.3 142.6 138.9 138.3 140.8 145.1 149 150.2 150.2 148.6 141.9 133.8 127.1 119 114.7 115.1 114.6 113.9 113.2 111.8 109.7
269.1 273.4 277.3 281.4 280.7 279.3 276.5 273 270.2 265.8 259.9 255.3 249.4 245.9 235.2 224.6 213.4 205.8 198.1 190 185.4 181.2 173.1 163.6 158.9 154.8 153.6 154.8 158 162.2 165.8 168.8 171.9 179.7 191.2 209.8 219.7 226.2 232.3 236.3 232.5 225.7 220.1 214.2 206.5 196.2 186.5 182.7 180.7 177.8 174.7 171.5 165.1 158.4 157.2 155.7 153.9 151 146.8 142.7 139.8 138.8 140.8 145.6 150.1 152.1 152.2 151.3 142.6 134.5 127.2 118.7 114.9 115.1 114.1 112 112.6 113.2 112
268.5 271.1 274.7 276 275.6 275 272.3 267.2 264.2 258.1 251.1 246.5 241.5 235.6 225.9 214.5 207.2 200.6 191.2 186.9 183 177.7 171.4 163.9 157.6 155 153.8 156.1 159.1 163.5 167.8 170.8 173.6 185.1 199.6 214.1 222.7 230.5 241.6 242.3 237.6 233.4 229.8 222.6 214.7 205.2 193.1 188.6 186.6 186.3 184.1 180.7 170.3 162.4 158.2 156.6 152.7 149.8 145.8 143.2 140.6 138.9 141.1 145 150.6 153.5 154.7 153.2 145 135.3 127.7 118.5 114.9 114.5 113.3 114.3 115.3 115.2 113.8
268 270 271.9 272.7 273 272.1 268.5 263 257.3 250.8 243.9 238.2 232.1 224.5 215.8 208.6 201.4 193.7 187.2 183.5 179.4 173.7 168.3 161.6 156 154.8 155 157.7 160.7 164.5 168.9 173.4 180.6 191 202.1 211.9 221.5 231.5 243.5 245.3 243.5 243.2 239 231.8 222.4 212.6 199.1 195.2 194.6 194.8 193 188.4 178.4 168.3 160.3 157.2 153.5 149.9 146.3 143.1 141.1 139.6 142.7 145.9 150.2 154.6 156 154.7 146.6 137.8 127.7 120.8 114.9 113.5 114.2 115.9 115.8 114.5 113.1
269.1 269.3 270 269.2 268.4 266.6 263.9 260.3 254 247.9 240.4 236.2 226.4 218.7 210.3 203.4 196.3 187.9 182.1 177 173.9 169 164.1 158.3 155.5 155.3 156.2 159 162.3 166.7 171.2 179.5 186.5 199.2 206 212.9 221.2 230.1 239.5 246.2 248.4 247.5 242.7 233.5 224.4 214.8 205.1 200.4 201.7 196.7 197.7 190.7 181.4 172.3 162.3 157.7 154 150.2 146.5 142.8 141.4 140.9 143.7 147.2 151.4 153.6 155.3 155.3 146.8 138.9 130.2 123.1 119.4 116.5 116.2 117 116.1 114.6 113.1
267.6 268.2 267.3 266.6 262.6 260.4 257.6 253.8 249.6 246.5 241.8 233.4 223.3 213.9 205.3 199.1 190.6 183.7 177.8 173.2 169.3 164.8 159.7 156.7 155.8 156.2 158.1 160.2 164.6 169.9 176.7 183.9 194.1 205.6 208.5 212.6 220.3 228.9 236.4 242 244.6 243.5 237.8 230 221.2 213.4 206.3 204.3 206.3 200.8 196.1 189 181.6 174.1 164.4 158.2 154.5 150.5 146.1 142.4 142.1 142 144.7 147.6 150.6 152.1 152.6 153.1 146.8 139.4 131.9 125.5 122.6 119.1 117.9 117.9 116.5 115.1 113.6
266.4 265.8 265 263.6 260 255.6 251.7 247.9 244.9 243.8 241.8 232.3 219.6 210.2 201.3 194.1 185.7 179.6 174.8 170.4 165.7 161.4 157.3 155.9 156.1 157.9 159.9 164.1 167.5 172.7 181.3 188.6 198.2 205.8 207.2 210.4 216.4 223.4 229 234.4 236.6 233.2 226.9 220.4 214.6 210.1 207.2 208 205.8 197.5 191.1 185.8 178.6 170.7 163.9 158.7 154.5 150 145.4 142.9 143.1 143.3 145.6 149 150.8 150.6 150.4 149.4 145.9 138.5 131.6 126.1 122.7 119.5 119.3 119.1 117.8 116.2 114.1
259.1 260.9 260.7 260.2 256 250.5 245.7 242.2 238.9 240.1 241.1 228.8 214.2 204.6 196.9 189 181.7 177.4 173 168.2 163.3 158.6 156.9 156 157.4 159.3 161.5 165.5 169.9 174.9 181.8 189.3 195.7 201 204.2 208.1 211.8 217 221.5 224.4 225.6 222.6 216.8 212.7 209.1 206.3 203.7 205.3 201.2 191.9 187.6 182.5 175.8 168.9 162.1 157.4 154.5 149.7 144.9 143.2 143.5 143.7 146.5 150.3 150 149.6 149.2 147.4 144.6 140.3 133.3 127.9 123.4 121.5 122.2 121.3 119 117 114.4
249.5 253.6 254.4 253.1 251.1 244.5 240.7 235.9 231.7 230 229.7 221.4 207.7 199.4 192.1 185.1 178.5 174.8 170.5 166 160.9 158.1 156.5 156.5 158.6 160.5 163.1 166.7 170.5 175.3 181.4 187.5 191.7 197.2 202.5 205.8 208.7 210.6 214.5 216.3 215.8 212.7 209.3 205.6 202.7 201.1 199.9 198.7 196.3 190.9 185.8 179.4 173.4 167 160.1 156.1 154.1 150.1 145.3 143.9 144.2 144.4 147.4 150.7 149.8 148.3 147.9 145.8 143.2 140.6 137.4 132.7 129.5 128.2 124.7 122.3 119.3 116.8 115
239.4 243.7 247 246.2 243.8 238.8 235 231.2 225.4 220.9 217.2 210.6 202.8 193.5 186.6 180.1 175.2 171.8 167.9 163.8 158.1 157.6 156.4 157.1 159 161 164.6 168.2 171.8 175.3 180.7 186.5 190.5 196.1 201.1 203.4 204.2 203.9 205.7 207.1 206.8 204.1 202.5 200.5 197.8 196.4 195.3 194 192.5 189.1 182.9 177 171 165.1 158.2 153.9 152.4 150.5 146.3 144.8 144.5 145.9 147.8 151.1 150.2 148.8 146.9 144.2 141.9 139.8 137.7 135.4 132 129.7 127.3 124.2 120.4 117.6 115.7
233.1 235.8 238.6 239.1 236 233.8 231.1 227.7 219.9 213.5 208.5 202.9 195.5 190 182.6 176.2 171.6 167.1 164.6 161.1 158 157.2 157 157.4 158.7 161.9 165.8 169.1 172.6 175.1 178.9 184.4 189.6 194.2 196.7 198.4 198.7 198.4 198.6 200.2 199.1 198.5 196.7 194.9 193.5 192 190.6 189.5 187.6 185.2 179.9 174 168.1 162.2 157.4 150.4 151.5 150 147.3 145.5 144 147.4 150 151.6 151.1 149.7 147.3 144.9 142.3 140.4 138.6 137.1 133.9 131.5 128.8 126.1 122.7 118.3 116.2
