app/static/ascii/NJ55.asc
ncols 200
nrows 200
xllcorner 350000
yllcorner 850000
cellsize 50
[rows 105 to 139 of 200, columns 0 to 77 of 200]
151.7 150.8 149.7 150.2 151 151.2 151.3 151.4 151.5 151.6 150.8 149.8 147.7 146 146.2 146.3 145.6 145 144.4 143.8 143.1 142.3 141.5 139.9 139.3 139.3 142.5 145.7 149.2 152.4 156.5 160.2 161.9 163.7 165.8 167.8 168.8 169.7 170.9 171.7 171.4 171.6 171.7 171.4 170.9 170.3 169.6 169.5 169.8 171.1 172.4 173 173.7 174.8 177.7 180.1 181.6 183.8 187 193.1 198.2 205.4 213.1 220.2 226 229.7 236.1 241.7 247 254.8 261.5 278.9 295.2 306.7 310.7 313.8 313.7 311.6
150.7 149.7 148.5 148.8 149.2 148.8 148.9 149 149.1 149.3 148.6 147.1 145 145.4 145.6 145.3 144.8 143.9 143 142.3 141.7 140.9 139.7 138.6 138.3 140.3 143.9 147.2 149.9 153.4 157.5 161.7 164.1 166 168 169.9 171.4 172.8 174.3 175 174.6 174.2 173.8 172.8 172.2 171.6 170.9 170.4 171 172.1 172.6 173 173.7 174.6 175.5 178 179.3 180.5 185 190.5 195.7 203.3 210.4 216.1 220.1 224.3 229.4 233.5 237.8 245.1 252.9 262.9 276 286.5 290.2 294.5 295 294.4
149.6 148.6 147.2 146.8 148.2 147.3 146.9 146.7 146.8 146.9 146.5 144.5 144 144.9 144.6 144.3 144 143.2 142.3 141.3 140.4 139.5 138.7 137.9 137.5 141.6 145.1 148.1 150.6 154.4 158.5 162.7 166.3 168.2 170.4 172.9 174.8 176.3 177.6 178.3 178 177.6 176.8 175.1 174.3 173.4 172.6 171.7 171.6 172.1 172.6 173.1 173.8 174.7 175.6 176.1 177.1 178.3 182.6 187.7 193 200.3 206.2 210.9 214.6 218.3 221.6 226.1 232.8 239 243.8 251.2 260.3 266.5 268.5 273 276.3 276.5
148.3 147.2 145.9 145.1 146 145.9 145.1 144.9 144.8 144.6 144 142.9 143.2 143.8 143.6 143.3 143 142.5 141.5 140.6 139.7 138.9 138.3 137.4 140 142.4 145.6 148.4 150.5 155.9 159.8 163.8 167.8 170.6 173.1 175.6 178.2 179.7 180.8 181.5 181.3 180.8 179.9 177.9 176.6 175.7 174.9 173.8 171.8 172.2 172.6 173.1 173.9 174.4 174.5 174.5 174.4 175.7 179.5 185 190.3 197.1 202.8 205.9 208.2 212.4 215.7 220.1 224.6 231.3 236.4 240.2 244.9 250.5 255.7 258.8 262.2 261.6
146.8 145.4 144.2 143.4 143.8 143.7 143.6 143.2 143 142.8 142.6 141.5 142 142.7 142.5 142.2 142 141.6 140.8 139.9 139 138.2 137.6 137 140 143.5 146 148 151.1 156.8 161.5 165.3 169.6 173.4 175.8 178.4 181 183.2 183.9 184.7 184.5 184 183 181 179 178.1 177.2 175.4 173 172.4 172.8 172.6 172.7 172.8 172.9 172.9 172.9 173.2 176.1 180.8 187.1 191.8 195.8 200.1 203.3 206.5 210.1 213.9 218.7 224.1 228.5 233 237.9 242.7 246.3 249.6 250.5 250.3
145 144 143.3 142.4 141.8 141.7 141.5 141.4 141.1 140.9 141.3 140.4 140.7 141.5 141.4 141.1 140.9 140.6 140.1 139.2 138.4 137.5 136.9 136.3 141 143.2 145.5 149 150.2 155.8 162.7 167.2 171.8 176.2 178.6 181.1 184.1 187.1 188 188.9 188.3 187.1 186 184.1 182.1 180.4 179.2 176.9 173.8 172.1 171.9 171.4 171.2 171.5 171.3 171.3 171.4 171.4 173.2 177.8 183.5 187.7 191.7 195.6 199 202.2 205.3 209 213.2 217.8 222.1 227.7 232.4 235.7 238.9 240.9 241.7 242.1
143.1 142.5 142.3 141.6 140.5 140.1 140 139.5 139.3 139.2 139.8 139.3 139.2 139.9 140.3 140.1 139.8 139.6 139.3 138.5 137.7 136.9 136.2 136.3 140.7 143.6 145.9 151.9 153.1 154.5 163.2 169.5 174 178.3 181.7 185.3 188.5 191.4 192.4 193.2 192.9 191.2 189.2 187.2 185.3 183.3 180.9 177.8 174.3 173 172 171.4 170.9 170.9 170.6 169.9 169.6 169.6 171.2 175.2 179.4 183.6 187.6 191.4 194.8 198 201 204.3 208.5 212.4 216.4 221.6 225 228.2 231.3 233 233.4 233.8
141.3 140.9 140.6 140.5 139.6 139 138.5 137.9 137.6 137.7 138 138 137.5 138.3 139.3 139.1 138.8 138.6 138.6 137.9 137 136.2 136.1 135.9 140 143.7 148 152.7 152.3 157.4 164.5 172.1 177.9 182.1 186.6 190 192.9 195.7 196.7 197.6 197.3 196.1 194.1 192.1 189.9 186 182 179 175.8 173.8 172.1 171.4 170.9 170.5 170.2 168.5 167.9 167.6 169.4 171.7 175.3 179.5 183.4 187.1 190.6 193.7 196.7 199.7 203.6 207.2 211.2 215 218.8 221.6 224.3 226.3 226.4 226
140 139.6 139.3 138.7 138.3 138.2 137.5 137.2 136.9 136.3 136 135.7 136.1 136.7 137.7 138.1 137.8 137.8 137.8 137.2 136.4 135.7 135.7 135.7 141 144.1 148.7 154.8 157.4 162.6 169.3 175.6 182 186.4 190.9 194.4 197.5 200 201 202 201.9 201.2 199.1 196.1 192.2 188.2 184.3 180.4 177.3 174.6 172.2 171.4 170.9 170.5 169.8 166.9 165.9 165.7 167.2 169.6 172.9 176 179.2 182.8 186.4 189.5 192.5 195.8 199.2 202.8 206.2 209.8 213.2 216 218.8 220.9 221.5 221.1
139.3 139.3 139.3 138.7 138.4 138.3 138.2 137.4 137 136.4 135.5 134.3 133.4 135.7 136.2 137.1 137 137 137.1 136.6 135.8 135.3 135.1 136.1 141.4 144.3 151 158 161.9 167.6 175.4 180.4 185.3 189.8 193.5 197.2 200.4 203.2 205.3 206.4 207.6 207.6 205.2 199.6 194.2 190.2 186.3 181.9 177.8 175.3 172.8 170.8 169.8 170.2 170 166.7 164.2 163.8 165.1 167.5 170.4 173.5 176 178.6 182.5 186.5 189.8 193 196.3 199.8 203 206.2 209.6 212.4 215 216.5 217 216.2
138 138.9 139.2 138.8 138.4 138.3 138.1 137.5 137 136.5 135.7 134.2 132.6 134.2 134.6 135 136.2 136.3 135.4 134.6 134.3 134.8 134.9 138.4 140 143.6 152.8 161.5 166.7 172.9 179.2 184 188.3 192.5 196.2 199.9 203.3 205.7 207.9 209.8 212.2 211.9 209.2 203.9 197.4 192.2 188.3 183.3 178.2 175.5 173.1 170.6 168.6 168.5 168.7 165.9 162.6 162.3 163.2 165.8 168.5 171.1 173.1 175.1 179.1 183.7 187 190.3 193.6 196.9 200 203.2 206 208.8 211.7 212.5 212.4 211.4
138.1 138.4 139.1 138.8 138.5 138.3 138 137.6 137 136.5 135.8 134.3 132.7 131.8 132 132.2 135.2 134.7 133.5 133.3 133.1 132.9 137.8 140.8 143.3 144.4 154 163.7 170.3 176.3 181.2 185.5 189.8 194.2 197.9 201.4 205.2 208.1 210.3 212.1 214 215.3 212.7 207.1 201 195.1 189.9 184.3 178.6 175.5 173.1 170.5 168.5 167.7 166.6 164 161 161.4 163 165.4 167.2 168.3 170.3 172.7 175.9 180.5 184.3 187.5 190.8 194.9 198.5 201.7 204.3 206.9 209.1 209.6 209.6 208.5
138.6 138.7 138.9 139.1 138.9 138.7 137.9 137.1 136.6 136 135.1 133.3 131.6 129.8 129.6 130 130.5 131.1 135.2 136.8 136.6 136.7 138.5 142.3 145 146.8 155.2 165.9 170.8 175.6 180.4 184.8 189.1 193.5 198.5 202.1 206 209.4 212.1 214.3 216.1 217.8 216.1 210 203.9 197 189.9 184.5 178.9 175.5 173 170.5 168.3 167.2 164.6 162 159.6 160.5 161.8 164.1 165.1 166.1 167.8 170.5 173.8 177.4 181.6 185.7 189.7 193.7 197.1 200.1 202.7 204.9 206.8 207.1 206.8 204.3
137.7 138.6 139.3 139.6 139.2 138.1 137.3 136.5 135.9 135 134 132.3 130.5 128.1 130.1 131.4 131.8 132.8 135.1 136.3 137.2 137.8 139.7 142.6 144.1 153.8 161.3 167.1 171.2 175.7 180.1 184.7 189.4 194 198.7 202.4 206.9 210.9 213.6 215.9 218.3 219.3 216.9 211.5 204.4 197.2 189.9 184 178.5 174.9 172.5 170.2 167.8 165.5 163.2 160.5 159 159.7 160.6 162.3 162.9 163.9 165.5 168.7 171.8 176.2 180.1 184.2 188.9 193.1 195 198.3 200.5 202.7 204.2 202.9 199.5 197.6
138.1 139.8 140.4 139.7 138.4 137.6 136.7 135.9 135 133.9 132.9 131.4 130 128.9 131.7 132.8 133.6 134.9 135.7 136.5 137.4 138.8 140.8 145.5 150 156.7 163.5 168.2 172.5 176.5 180.9 185.3 190 194.5 198.9 203.3 207.7 212.2 215.1 218.2 220.6 221.2 217.8 211.4 204.3 197.3 190.1 183.5 178.1 174.4 171.4 169 166.5 164.1 161.7 159.4 158.9 159.5 159.8 160 160.6 161.7 163.6 166.3 170.9 175.2 179.6 184.5 188.9 191.8 193.3 195.8 197.4 198.6 198.6 195.3 191.7 189.9
138.9 140.4 140.8 140.6 138.7 137.3 136.4 135.5 134.4 133.2 131.6 130.2 127.3 130 131.9 133.4 135 135.9 136.6 137.4 138.2 140 144.1 149.1 155 160.4 165 169.8 174.1 177.8 181.6 186.2 191.1 196.1 200.9 205.3 209.6 213.9 217.7 220.7 222.5 222.7 217.7 210.7 203.6 196.2 188.9 182.1 176.6 172.9 170.2 167.7 165.3 162.9 160.5 159 157.8 158.1 158.4 158.5 158.5 160.2 162.5 165.9 170.6 175 179.9 184.9 188.7 190.4 191.9 192.6 192.6 191.8 190.3 187.3 184.1 182.4
139.8 140.2 140.5 140.8 139.1 137.6 136.1 135.1 134 132.2 130.6 128.9 127.4 129.9 132.5 133.9 134.8 135.8 137.5 138.3 139.4 142.4 146.7 151.9 157.1 162.6 166.8 171.4 175.8 179.4 184.3 189.3 193.8 198.7 203.6 208 212.4 216.5 220.7 223.1 224 223.2 216.3 208.9 201.6 194.2 186.9 180.6 174.8 171.7 168.9 166.5 164.1 162.2 160.8 159.4 158 156.7 157 157.1 157.5 159.3 161.7 165.5 170.1 174.6 179.8 184.6 187.4 189.1 188.6 187.3 185.4 183.6 182.2 179.9 177.3 175.4
140.9 140.5 140.4 140.6 139.4 137.9 136.4 134.9 133.5 131.6 129.3 127.7 127.6 130.2 132.9 134.1 134.4 134.7 137 139.1 141.5 144.9 149.3 154.3 159.3 164.8 169.1 173.3 177.5 182.4 187.3 192.3 196.9 201.4 206.3 210.7 215.7 220.1 224.2 225.3 225 223.7 215.7 207.3 199.6 192.2 185.1 179.1 173.4 170.4 167.7 165.4 164 162.6 161.2 159.8 158.4 157 155.6 156 156.6 158 160.9 165.1 169.6 174 178.9 182.9 184.2 183.1 181.1 179.8 177.4 175.4 173.9 171.9 170.3 169.5
141.7 141.2 141 140.4 139.3 138 136.6 134.9 133 131 127.9 126.6 127.3 130.1 133.1 133.9 134.4 134.6 136.2 139.4 143.8 147.3 151.8 156.8 161.8 166.9 171.3 176 180.8 185.5 190.4 195.4 200 204.4 208.9 213.9 219.1 224.1 227.7 227.5 226.8 223.4 215.1 206.8 198.3 190.2 183.6 177.7 172.4 169.2 166.8 165.1 163.4 161.7 160 158.3 156.6 155.5 154.8 154.9 155.5 157.4 160.2 164.5 168.9 173 177.1 178.7 178.8 176.9 175 172.9 170.6 168.4 166.7 165.6 164.7 164.1
142.1 141.7 141.1 140 138.8 137.7 136.4 133.8 131.9 130.2 129 125.4 127.3 129.8 132.6 133.7 134.5 134.6 136.7 140.4 145.9 149.6 155.1 159.9 164.7 169.6 174.8 180 184.4 189 193.6 198.5 203.1 207.6 213 217.7 222.4 227.6 230.3 229.2 227.3 223.9 216.4 207.4 197.5 188.4 181.4 175.5 171.1 167.4 164.7 163 161.3 159.6 157.9 156.2 155.5 154.7 154 153.8 154.6 157 159.5 163.6 167.5 171.3 172.9 172.4 171.5 170.3 168.6 166.1 164.4 163.3 161.2 160.4 159.8 159.8
142 141.5 140.6 139.5 138.3 137.2 135.1 132.7 131.1 129.7 128.3 124.5 127.3 130.3 131.5 131.4 132 134.5 138.3 142.6 148.3 152.6 158.9 164.5 169 173.9 179.3 184.6 189.1 193.5 197.9 202.3 207.3 212.8 218.2 223.6 228.4 232.3 232.1 230.5 227.3 223.6 217.8 209.1 195.5 185.7 178.7 173.5 169.3 165.4 162.7 161 159.2 157.5 156.1 155.4 154.7 154 153.3 152.8 154.2 156.9 159.7 162.3 165.7 166.3 166.2 165.7 164.8 163.9 161.5 159.9 158.7 157.8 157 156.1 155.5 154.8
141.8 141.3 140.1 139 137.8 135.9 133.6 131.3 130 128.7 127.4 124.2 127.9 129.3 129.4 128.1 130.7 137.3 141.2 146 151.5 157.1 163 168.8 173.4 178.7 183.9 189.2 193.9 198.2 202.6 207.1 212.9 218 223.4 229.4 234.1 235.5 234.5 231.8 227.4 223 217.3 206.8 191.8 182.5 176.5 171.3 167.2 163.2 160.6 158.8 157.1 156.1 155.4 154.6 153.9 153.2 152.5 151.8 153.8 155.8 157.9 160.5 161.2 162.2 161.7 160.8 160.1 158.2 156.6 154.9 154.5 153.5 152.7 151.6 150.8 149.9
141.7 140.9 139.8 138.7 136.9 134.5 132.2 130 128.8 127.5 125.6 123.5 126 125.7 125.6 126.4 131.6 139.2 144.5 149.9 155.2 160.5 166.1 172.7 177.5 183.7 188.7 193.8 198.8 203 207.3 212.6 218.4 223.9 231.2 237.1 239.3 239.1 237.1 232.7 227.1 221.6 215 203.9 190.1 180 173.8 169.4 165 161.2 158.6 156.8 156 155.3 154.5 153.7 152.8 152 151.4 151 152.7 154.6 156.5 157.1 157.6 158.4 158 156.2 155.4 153.8 152.7 150.8 150 149.2 147.9 146.2 145.2 144.6
141.7 140.9 139.5 137.4 135.6 133.3 130.8 128.8 127.5 126.3 123.7 121.3 125.2 125 124.9 126.8 136.9 142 147.3 153.8 159 164.3 170 176 182.1 188.6 193.7 198.6 203.6 207.8 212 218.3 225.3 232.9 238.8 242.6 242.3 239.6 235.5 230.2 223.8 217 208.6 198.6 187.1 177.5 171.3 166.7 162.2 159.7 157.1 155.4 154.6 153.7 152.9 152 151.6 151.1 150.7 150.2 151.8 153.3 154.9 154.6 154.4 154.7 154.4 152.4 150.8 148.8 147.4 145.8 144 142.4 141 139.4 138.9 138.4
141.7 140.7 138.6 136.4 134.3 132 129.5 127.4 126 124.5 123.1 119.5 124.4 124.4 124.5 131.1 139.9 145.2 152 158.5 162.5 168.4 174.5 181.5 187.8 194.1 198.5 203.9 209.8 215.4 220.3 226.4 233.8 239.6 242.6 243.5 239.7 235.5 230.8 224.5 218.1 211.7 202.6 193.8 184.6 173.1 167.8 163.3 160.5 158.1 155.7 154 152.9 152.2 151.7 151.2 150.6 150 149.3 148.8 150.2 151.7 153 152.4 152 152 150.9 148.9 145.8 143.4 141.6 140.1 138.5 136.7 135 134.3 134.1 134
140.9 139.6 137.5 135.4 132.9 130 127.5 125.6 124.2 122.7 121.9 120.1 122.8 124.4 129.2 135.9 143.2 148.8 154.3 160.2 166.7 173.4 180.1 187.2 193.9 199.8 205.6 210.1 218.5 224.6 230.2 235.5 239.4 241.7 241.7 239.3 235.4 230.6 224.8 219.3 213.5 207.6 199.5 188.8 179.3 169.3 164.7 161.6 158.8 156.5 154.3 152.7 151.4 150.8 150.2 149.6 148.8 147.9 147.1 147.4 148.7 150.1 150.8 150.3 149.8 149.5 146.8 143.7 140.3 137.8 136.2 134.4 132.9 131.3 130.9 130.9 132 133.4
140.3 138.6 136.5 133.8 131 128.1 125.4 123.8 122.5 121 120 121 122.9 125.7 132 139.4 146.6 153.1 159.2 164.6 171.1 178.5 185.6 193.4 200 207.9 216.8 221.6 232 236.2 239 239.6 239.7 239.2 235 232.2 228.2 224.1 218.7 214.7 208.7 202.7 194.7 184.2 173.8 166.3 163.2 160.1 157.1 154.9 152.8 152.1 151.3 149.1 148.2 147.4 146.6 145.7 144.9 145.9 147.3 148.6 148.7 148 147.6 145.4 142.1 138.7 135.2 132.4 131.2 130.7 128.4 128.4 128.8 129.5 130.7 132.1
139.2 137.6 134.8 131.9 129 126.2 123.4 122 120.7 119.5 118.6 120.5 123 127.6 135.7 143.3 150.3 157.4 162.9 169 175.6 183.9 192.5 202.1 212.1 221.1 229.2 237.1 243.2 245.3 242 239.5 236.6 233 229.6 225 220.7 217.6 213.4 209.9 202.5 194.1 186.7 176.7 168.2 164.1 161.2 158.1 155.2 153 151.5 150.2 149 147.7 146.6 145.5 144.4 143.3 143.2 144.6 145.7 146.3 146.4 146.1 144.1 141.1 138 134.5 132 129.7 128.4 127.5 127.1 127 127.5 128.5 129.6 130.9
137.7 136.1 133 129.9 127 124.2 121.4 120.6 119.7 118.4 119 120.4 124.1 131.2 139.8 148.9 154.8 161 166 172 180 188.8 200 212.2 223.6 233.7 240.4 246.1 246.8 245.5 240 234.8 228.6 224.7 220.2 217 213 211 208 202.6 194.2 187.3 177.8 170.8 164.7 161.9 159 156 153.3 151.6 150.1 148.8 147.6 146.4 144.8 143.6 142.4 141.2 141.8 142.8 143.5 143.9 144.2 142.4 139.9 137.3 134.3 131.2 129 127.7 126.8 126.4 126 125.7 126.4 127.5 128.5 129.6
135.8 134 131.2 128.2 125 122.1 119.8 118.6 118.1 119.1 119.8 122.4 128.3 135.6 143.4 151.8 158.3 163.8 169.1 176.3 184.3 195.1 207.8 220.7 233.4 242.9 245.4 246.1 243 238.4 233.5 227.3 221.7 217.8 213.4 209.3 206.4 201.7 199.1 194 186.2 178.6 171.4 166.2 162.5 159.6 156.7 153.8 151.8 150.3 148.7 147.4 146.2 145.2 143.9 142.7 140.5 138.3 139.5 140.7 141.7 141.2 139.6 137.4 135.2 132.6 130.4 128.9 127.7 126.4 125.8 125.4 125 124.6 125.2 126.3 127.3 128.4
133.1 131 128.3 125.5 122.6 120.2 118.1 117.4 117.7 119 120.9 125.3 133 139.8 147 155.2 161.2 167.4 173.7 180.3 190.6 202.9 215 227 238 244.7 244.1 240 234.9 228.2 224.9 219 215.7 211.9 207 202.5 198 192.2 187.8 184 177.4 172.5 168.2 164.6 160.8 157.8 155 152.2 150.3 148.9 147.4 146.1 145 144 142.9 141.4 140.6 138.2 137.6 139.1 137.9 136.8 135.3 133.4 131.3 129.5 128.7 127.8 126.6 125.7 125 124.6 124.2 123.8 123.8 124.9 126 127.1
130.6 128.2 125.6 122.7 120.5 119 118.3 117.1 117.9 119.8 123.5 129.3 137.8 144.4 151.5 158.7 165.4 171.9 178.4 185.5 194.9 205.8 218.7 230.2 239.5 241.5 237.3 232.1 225.9 221.4 217.7 214 209.8 205.3 200.2 194.8 189.2 182.7 178.3 174.2 170.6 167.8 165 161.4 158.8 156.2 153.3 150.8 148.8 147.4 146 144.8 143.8 142.8 141.8 140.2 139 137.6 133.8 135.6 134.1 132.6 131.1 131.1 130 128.7 127.8 126.8 125.8 125 124.2 123.8 123.4 123 122.6 123.6 124.7 125.8
128 125.5 122.9 120.8 119.3 117.8 117.3 116.8 118.4 121.7 126.2 132.6 141.7 148.2 155.6 161.7 168 175.4 182.8 191.5 198.1 207.4 218.9 230.4 236.7 236.6 232.6 228.3 222.6 218.4 212.1 207.8 202.9 198.2 192.7 186.8 180.8 175 171.7 169.2 166.9 164.1 161.8 159.6 156.9 154.4 151.7 149.4 147.3 145.9 144.9 143.9 142.8 141.6 140.6 139.2 137.5 135.2 132.3 132.2 131.2 130.2 129.7 129.6 129 127.9 126.9 125.9 125.1 124.2 123.4 123 122.6 122.2 121.8 122.2 123.3 124
125.1 123.1 121.1 119.2 118 116.7 116.2 117 120 124.1 128.9 136.3 144.9 151.5 158.8 166 173 179.9 187.4 195 200.8 208.5 219.6 230.1 234.4 234.1 231.7 225.9 220.2 214 207.5 201.3 196.1 190.7 184.7 178.9 174.2 169.6 167.1 165 163.5 161.8 159.9 157.9 155.3 152.6 150.3 148.1 146.1 144.9 143.8 142.8 141.7 140.6 139.6 138 135.4 133.3 131.1 129.5 129.4 128.9 128.4 127.9 127.6 126.9 126 125.2 124.3 123.5 122.7 122.2 121.8 121.4 121 120.8 121.9 122.1
122.7 121.3 119.6 117.5 116.2 115.9 116 118.4 122 126.1 131.8 139.5 148 155.2 162.4 169.7 177 184.5 191 196.1 202.3 209.6 218.8 228.6 232.2 233.8 231.7 226.7 218.5 211.7 203.6 196.7 189.5 182.7 176.8 172.7 169.8 166.3 164.5 163 161.6 160 158 156.1 153.6 151.3 149.2 147.1 145.3 144 142.8 141.7 140.8 139.6 138 135.9 133.4 131.7 129.9 128.6 128 127.7 127.2 126.7 126.2 125.6 125 124.4 123.6 122.8 122 121.4 121 120.6 120.2 119.8 120 120.6
