app/static/ascii/NJ56.asc
ncols 200
nrows 200
xllcorner 350000
yllcorner 860000
cellsize 50
[rows 152 to 189 of 200, columns 0 to 85 of 200]
125.3 117.6 111.2 105.8 102.3 98.7 95.2 93.3 92.1 90.9 89.6 88.4 87.2 84.8 86.9 89.1 90.3 91.4 90.4 89.2 88.1 87 85.9 84.5 83 81 76.8 71.4 61.5 58.8 75.4 82.3 86.9 93.7 100.5 106.8 112.4 118.9 124.2 128.2 131.4 136.4 140.8 145.3 149.5 153.3 155.1 157 158.8 160.6 162.3 162.2 161.9 161.5 161.1 160.7 160.3 159.8 158.8 157.3 155.3 153.4 151.1 148 143.9 141.4 138.9 136.4 133.4 129 124.7 120.5 116.7 112.9 111.4 108.9 107.9 107.5 105.6 104.7 105.3 106.5 100.9 99.4 97.9 97.4
119.8 112.6 107.5 103.4 100.4 97.6 94.1 92.5 91.4 90.4 89.3 88.2 87 87.2 89.3 91.4 92.9 93.1 92 90.9 89.8 88.5 87.1 85.8 84.3 82.5 79.5 76.3 63.1 58.4 75.4 83.3 88.5 94.2 100.8 107.1 113.7 120.4 125.9 129.9 134 139 143.8 148.2 152.4 155.8 157.7 159.6 161.4 163.2 164.5 164.6 164.3 163.9 163.5 163 162.3 160.9 160 157.9 155.9 153.8 151.5 147.2 142.3 139.6 137.1 134.4 131.5 127.4 123.2 119.2 115.3 111.8 110.2 109.1 108.7 107.8 106.3 108.9 105.9 105.3 101.1 99.5 99 98.5
114.4 108.2 104.8 101.4 98.5 96.5 93.2 91.7 90.6 89.5 88.5 87.7 86.9 89.5 92.2 94.3 95.5 94.5 93.3 92.3 91.2 89.3 87.6 86.2 84.8 83 80 76.8 61.9 60 77.5 83.3 88.4 93.6 100.9 107.9 114.9 121.8 127.6 131.6 135.7 139.8 145.3 150.8 155.3 158.2 160.2 162.1 164 165.8 166.7 167 166.7 166.2 165.6 164.9 164 162 160.8 158.7 156.6 153.8 151.2 146.4 141.4 137.8 135.4 132.5 129.5 125.9 121.8 117.8 114.5 112.6 110.7 109 108.8 109.1 108.3 109 107.2 104.4 103 102.8 102.7 102.1
110.3 105.4 102.3 99.1 96.7 94.6 92.5 90.8 90.1 89.8 89.5 89.2 89 91.7 94.4 97 97 95.8 94.7 93.6 92.2 90.1 88 86.3 84.5 82.8 80.3 75.3 60.5 71.2 79.4 83.7 88.5 94.1 100.3 107 114.2 121.2 126.4 130.4 134.5 138.7 145.1 150.4 156.1 160.6 162.6 164.6 166.5 168.4 168.8 168.7 168.8 168.1 167.4 166.6 165.4 163.3 161.6 158.9 155.8 152.8 150.2 145.4 140.6 136 133.4 130.5 127.9 125.6 120.7 117.2 115.4 113.5 111.6 109.8 109.5 109.9 109.1 108.4 105.9 105 107.8 107.5 106.2 105
107.1 103 100 97.9 96.5 94.3 92.9 91.3 91.4 91.8 92.2 91.9 91.6 94.2 96.8 99.1 99.5 98.4 96.6 95 92.7 90.1 87.6 85.9 84.2 82.5 80.8 70.9 62.7 73.7 81.7 85.8 88.8 94.4 99.9 106.2 113 119.6 123.9 128 132.2 137.1 143.9 150.1 155.7 160 164.3 166.3 167.7 168.3 168.9 168.8 169.2 169.5 168.8 167.7 166.1 164 161.1 158 154.8 151.9 149.3 144.5 139.7 134.8 131.4 128.6 127.4 125.8 120.5 118.3 116.4 114.6 112.7 110.8 110.7 111.1 110.1 109.2 109 108 108.7 108.1 107.6 107.1
104.1 100.8 98.8 97.3 96.3 94.4 93.3 91.9 91.8 92.2 92.7 93.1 93.8 96.6 99.2 100.6 101 101.4 98.5 94.8 92.2 89.5 87.1 85.4 83.6 81.9 80.5 69.8 65.9 77.1 79.1 87.1 89.1 94.6 100 105.1 111.5 117.3 121.4 125.7 129.9 135.7 142.5 149.3 155 159.2 163.3 166.6 167 167.8 169 169 169.3 169 168.2 167.1 165.5 163.3 160.5 157.2 153.9 151.1 148.3 143.5 138.2 134.2 129.2 128 126.9 125.7 121.1 119.3 117.5 115.6 113.8 111.9 111.8 112.3 111.6 111.4 111.2 110.5 110.4 110.3 110.1 110
102 101.1 98.8 96.8 96 94.7 93.6 92.6 92.2 92.6 93 93.4 95.9 98.7 101.2 101.6 101.9 101.1 98.1 94.1 91.5 89 86.7 84.9 83.1 81.4 78.7 68.6 68.3 80.4 84.6 86.3 87.6 94 98.8 104.1 110 114.9 119.2 123.4 127.7 134.2 141 147.8 153 157.2 161 164.6 166.3 167.3 168.5 169.2 168.8 168.3 167.6 166.5 165 162.7 160 156.6 152.7 149.8 146.7 141.1 137.5 133.9 128.8 126.9 125.3 122.9 121.6 120.2 118.5 116.6 114.8 113 112.8 113.9 113.8 113.6 113.4 113.4 113.3 113.2 113 112.7
101 100.7 99.5 98 96.5 95.2 94.1 92.9 92.6 92.9 93.3 95.1 98 100 101.7 102.2 102.3 100.3 97.3 93.4 90.8 88.4 86.2 84.4 82.7 80.5 71.1 67.8 67.2 81.8 85.2 88.4 90.7 90.5 93.1 101.6 107.2 112.5 116.9 121.1 126.2 132.8 139.6 144.6 149.6 154.4 158.8 162.3 165.2 166.4 167.4 168.2 168.1 167.6 167 165.9 164.5 161.8 159 154.9 150.8 146.5 144.7 140.9 137.2 133.5 129.6 125.5 123.6 122 121.2 119.8 118.3 116.8 115.4 114 114.5 116.2 116 116 116.2 116.1 116.2 116.1 115.9 114.4
100.6 99.9 99 99 97.3 95.8 94.6 93.5 92.7 93.1 94.3 97.2 98.9 100.5 102.2 102.7 101.4 99.2 96.1 92.6 90.2 87.8 85.9 84.5 82.7 79 70.6 67.3 73.9 83.4 86.5 90 93.6 96.9 99 100.4 103.8 109.1 114.5 118.9 124.8 131.4 136 141.3 146.2 151 155.7 159.6 162.4 164.2 165.1 166 166.4 166.7 166.4 165.1 162.5 160.1 157.5 154.1 149.4 143.1 143 141.1 135.6 132.6 128.3 125.3 122.9 121.6 120.4 119.4 117.9 116.4 114.9 114.7 116.8 118.4 118.2 118.8 119.1 118 117.7 118.9 118.8 116.1
102.9 102 101.6 99.9 98.1 96.6 95.2 94.3 93.7 94.2 95.9 97.6 99.3 101 102.7 102.1 100.4 98.2 95 91.9 89.5 87.5 85.2 83.9 83.2 77 72 68.4 81.7 84.9 88.4 91.9 95.5 98.8 102 105.2 107.9 110 113.1 116 123.3 127.7 132.7 138 142.7 147.4 151.9 156.4 159.5 161.3 162.9 163.7 164.2 164.7 164.3 162.5 159.9 157.5 155 152.3 147.3 142.7 140.2 139.5 134.8 131 127.9 125.1 122.9 121.6 120.3 119 118.4 117.8 116.2 117.4 118.4 120.5 121.1 121.5 121.8 121.8 119.9 119.4 120.7 116.6
105.3 103.2 102.3 100.6 99.2 98.3 96.8 95.8 95.9 95.9 95.9 97.3 99 100.7 101.5 100.9 99.2 96.9 94.3 91.3 88.5 86.6 84.6 83.5 82.9 73 67.8 75.1 84.5 87.6 90.7 93.8 97.3 100.7 105 110 112.6 115.4 118.3 120.4 122 122.5 129.4 134.5 139.1 143.6 148.1 152.6 156.6 158.4 160.2 161.5 161.9 161.5 160.9 159.6 157.4 154.9 152.5 150.3 145.8 142.1 139.1 136.6 133.8 130.6 127.3 124.7 123.5 122.3 121.5 121 119.2 117.8 119.6 120.3 121.8 122.6 124 124.3 124.6 124.8 123.7 121.8 122.1 122.4
106.5 104.4 103 101.3 100.4 99.5 98.5 97.6 96.8 96.9 96.9 97.1 98.7 99.5 100 99.2 97.7 95.4 92.7 90.4 87.6 85.6 82.5 76.6 71.7 68.4 80.3 84.4 87.4 90.4 93.5 96.6 99.7 103 108.2 113.4 116.3 119 121.5 123.7 126 124.6 125.9 131.9 136.5 141 145.6 150.4 153.8 156.1 157.9 159.2 159.3 158.4 157.5 156.4 154.7 152.3 150.3 147.3 145.1 141.5 138.5 135.4 133.4 130.4 127.9 125.3 124 123.6 123.2 122.5 118.4 120.1 123.9 125.6 126.5 127 126.6 126.6 126.9 126.6 126.9 125.3 123.5 123
107.6 105.6 103.7 102.5 101.6 100.7 99.8 98.9 98.1 98.1 98.1 98.1 97.5 98 98.5 97.4 96 93.9 91.4 88.6 86.2 78.4 70.8 71.5 81.7 79.1 83.7 87.6 91.1 92.6 95.5 98.6 102 106.1 111.3 116.6 119.7 122.4 124.2 126 127.7 127.9 125.9 130.1 134.7 140.1 144.1 147.5 150.8 153.6 155.7 156.7 156.2 155.3 154.4 153.2 151.4 148.9 144.3 139.8 140.1 139.5 137.9 135.2 133.7 132.2 129.8 126.2 125.3 125.4 125.6 120.7 120.2 126.5 129.2 130.3 130 129.6 129.2 128.9 129.1 127.5 128.5 128.4 127.3 125.6
108.7 106.5 105.4 104.4 102.9 102.1 101.2 100.3 99.6 99.6 98.7 97.2 96.4 96.5 96.9 95.6 94.2 92.4 90 87.1 79.3 73.3 79.7 81.8 84.2 83.8 86.8 91.4 94.5 97.1 98.1 101.2 104.7 109.1 114.2 119.4 122.3 124.3 125.9 127.6 129.3 129.6 130 129.3 134.5 137.9 141.2 144.5 147.9 151.2 152.8 153.8 153.1 152.1 151.2 147.1 145.7 140.1 134.1 130.8 133.5 135.5 135.9 134.3 131.7 129.2 127 124.7 126.2 127.3 127.4 120.3 130 132.5 133.8 133.3 132.8 132.3 131.8 131.4 130.4 128.3 128.6 129 127.6 126.7
109.2 107.8 108 107.5 106.5 104.9 103.4 101.9 100.8 99.3 97.8 96.3 95.4 95.5 95.2 93.8 92.4 90.5 85.5 81.5 72.4 72.5 84.1 84.9 85.4 87.7 88.4 94 98.3 100.5 100.4 103.8 107.5 112.2 117.3 122 124.3 126.1 127.7 129.3 131 131.5 132.4 133.2 134.4 137.3 140.1 143 145.9 148.8 150 150.9 149.9 149 145.1 141.1 138.4 131.4 132.9 133.6 129.9 132 133.5 132.2 129.2 126.3 124.6 124.3 125.8 128.5 122.5 133.1 135.4 137.4 137.5 137.1 136.6 136 134.9 133.4 131.3 129.4 131 129.1 126.1 125.8
111.2 110.2 109.9 109.8 109.4 108.5 107 105 100.6 98.9 97.1 95.5 94.5 94.2 94 92 90.7 89.9 80.1 74.7 69.1 81.4 84.9 86 88.1 90.7 92.5 94.4 100.2 103.7 104.4 105.8 110.1 115.9 120.6 123.7 126.4 128 129.6 131.1 132.6 133.7 134.4 135.2 135.9 135.7 138.6 141.5 144.4 147.2 148 148.1 146.8 143.8 139.1 135.3 131.5 137.1 142.1 139.3 133.9 129.1 130.5 129.6 126.5 124.6 125 125.8 123.1 129.3 134.7 140 141.4 141.3 141.3 140.1 139 137.9 136.5 134.5 132.6 130.8 131.3 131.5 128 124.9
114.6 113.6 113 111.7 110.8 110.5 109.6 106 100.6 98.8 97.1 95.4 93.3 92.8 92.5 89.8 83.4 78.3 74.2 71.9 79.3 86 86.1 88.5 91.4 94 95.4 100.4 103.7 106.2 108.7 109.5 111.3 116.9 123.2 126.2 128 129.5 130.9 132.3 134 135.5 136.3 137.1 137.9 138.6 137.7 139.9 142.8 144.2 146.7 144.4 142.3 137.2 133.6 132.7 139 142.7 143.8 142.8 139 128.8 127.9 127.1 126.5 128.8 133.9 137.9 140 144.2 144.6 145.6 145.7 145.7 143.7 142 140.9 139.6 137.6 135.8 134 132.1 131.7 132.2 129.6 126.1
116.6 116.4 114.7 113.1 112 110.8 108.5 104.6 100.5 98.9 97.2 95.3 93.1 91.1 91.4 76.4 73.7 73.7 72.3 73.5 87.6 88.3 89 92.4 95.4 97.8 100.2 102.7 106.3 109.4 111 112.5 114.9 118.5 125.9 128.9 129.2 130.6 132.1 133.7 135.4 137.1 138.2 139 139.8 140.6 141.3 140.2 139.7 140.7 141.6 136.7 135 134.6 136.8 142.4 146.9 148.1 149.2 148.9 147 138.7 132.7 130.9 135.9 144.7 146 147.6 148.4 149.1 150 149.8 150.1 148.1 146 144.4 142.7 140.8 139 137.1 135.3 133.4 132.2 132.4 130.9 127.7
116.9 115.7 115.4 113 110.7 108.6 106.4 103.7 100.4 99 97.3 95.1 92.9 90.6 86.6 75 74.8 75 75.1 79.2 88.7 90.1 92.6 96.1 99.5 102.3 104.2 106.1 110.2 112.1 113.1 115.2 119 124 121.8 129.9 130.4 131.8 133.4 135.1 136.8 138.4 140 140.8 141.6 142.4 143.2 144 144.1 139.2 142.7 144.1 146.9 149.6 151 151.3 153.9 156.5 157.6 156.2 156.4 155.1 150.8 151 154.5 154.2 154.4 154.7 154.9 155 153.1 153.3 151.8 149.6 147.8 146.6 144.8 142.4 140.5 138.5 136.6 134.8 132.9 132.6 131.1 130
116.1 114 112.9 110.6 108.5 106.4 104.3 102.1 100.2 99 97 94.8 92.5 90.2 84.3 75.4 75.9 78.2 80.7 85.2 91 91.9 94.6 98 101.5 105.5 108.3 110.1 112.2 115.3 115.9 118.3 122.1 126.4 127.3 128.4 131.5 133.1 134.8 136.5 138.2 139.8 141.5 142.6 143.4 144.2 145 145.6 147.9 149.5 151.1 152.2 153.6 156.5 159.2 159.3 161.9 164.4 165.2 165.9 165.8 165.5 164.3 163 162.5 161.4 161.7 161.9 161.5 160.9 159.2 158.4 156.1 153.5 150.7 147.3 145.7 144.1 142.1 140.2 138.2 136.3 134.3 133.2 132.4 131.6
115.9 113.7 110.6 108.4 106.2 104.1 102 99.9 99.1 97.9 96.8 94.5 92.2 89.3 81.1 76.2 80 90 91.4 90.2 92.4 93.8 96.3 99.8 103.4 107.6 111.1 112.9 114.8 117 118 120.1 124.3 128.3 130.4 129.6 132.8 134.5 136.2 137.9 139.5 141.2 142.9 144.5 145.3 146.1 146.7 148.9 150.7 152.4 154.3 156.8 157.9 160.4 163.3 166.3 169.1 171.5 173.7 174.3 173.6 172.6 171.7 170.5 169.4 168.5 167.9 167.4 166.8 166.2 165.6 163.7 161.4 158.7 156 150.8 145.5 144.2 143.2 141.2 139.3 137.7 136.3 134.7 133.9 133.1
115.7 112.6 109.2 106.1 103.9 101.8 99.6 98.6 97.9 96.8 96 94.4 91.8 88 80.9 77.2 82.3 90.9 92.8 94.1 90.9 95.7 98.3 101.5 105.4 109.6 113.5 115.8 117.8 119.3 119.8 122.2 126.4 129.1 130.6 132.2 133.7 135.6 137.4 139.2 140.9 142.6 144.3 146 147.1 147.9 149.7 151.4 152.8 154.2 156.1 159.2 162.4 164.2 167.2 170.4 173.5 176.5 178.3 179.8 179.1 178.1 176.6 175.1 174.1 173.4 172.7 172.2 171.7 171.2 170.4 169 166.7 164 161.4 155.8 151 147 144.4 142.4 141.9 140.4 138.3 136.7 135.4 134.5
114.7 111.2 107.7 104.6 101.6 99.4 97.4 97.2 96.7 95.7 94.9 94 91.2 85 80.7 78.4 83.2 91.4 94.1 96.7 96.5 97.1 100.3 103.2 107.5 111.9 115.6 118.6 120.8 122 123.2 124.3 124.9 128.7 130.8 133.3 134.4 136.6 138.4 140.2 142 143.9 145.7 147.4 149 150.3 152 153.5 154.9 156.3 157.9 161 164.3 167.2 170.6 174 176.8 178.7 180.6 182.4 182.7 182 181.2 179.8 179 178.3 177.5 177 176.5 175.9 174.4 173.1 171.8 169.4 166.1 161.2 156.3 150.3 149 146.9 144.5 142.4 140.3 138.7 137.4 136
114.1 109.7 106.3 103.2 100.1 97.7 96.3 95.8 95.4 94.2 92.7 92.2 88.4 79.8 78.8 76.7 87 93.5 95.6 99.1 99.5 99.4 99.9 104.9 109.8 114.1 117.6 120.6 122.8 124 125.1 125.5 127.5 129.8 131.6 133.4 135.2 137.4 139.4 141.2 143.1 144.9 146.6 148.3 150.6 152.6 154.3 155.6 157 158.4 159.8 162.7 165.3 168 171.3 174.7 177.4 180 182.5 184.6 186 185.6 185.4 184.7 183.9 183.2 182.4 181.8 181.3 179.8 178.3 177 175.8 173.8 169.7 164.9 159.7 154.3 152.2 150.3 146 144.4 142.3 140.7 139.4 138.1
112.7 107.5 104.3 101.8 98.8 96.7 95.4 94.9 93.9 92 90.6 89 80.8 80.9 81.1 80.6 88.3 94.5 98.6 101.9 102.6 103.8 104.9 103.3 111.2 116.4 119.7 122.5 124.7 125.8 126.9 126.6 129.1 131 132.7 134.4 136.2 137.9 140.1 142 143.6 145.3 147.6 149.9 152.3 154.6 156.4 158 159.6 161.2 162.7 163.6 166.2 168.9 172 175.2 177.7 180.3 182.9 185.5 188.2 188.4 187.8 188.2 187.9 187.5 187.1 186.6 185.2 183.6 181.7 180 178.3 176.8 172.3 167.7 162.4 158 155.7 153.7 149.3 145.4 144.2 142.8 141.6 139.3
105.8 102.6 101.2 98 97.1 97 95.7 93.8 92.4 90.9 81.2 81.8 81.2 82.2 83.8 90.2 92.7 94.6 100.5 104.6 106.1 108.1 109.8 108.9 107.5 116.6 121.8 124.2 126.5 127.7 128.6 128.5 130.4 132.1 134 135.9 137.8 138.6 140.5 142.4 144.6 147 149.3 151.6 154.2 156.8 159.8 161.4 163 164.6 166 166.6 167.7 169.8 172.6 175.5 178.1 180.6 183.3 186.3 189.1 190.5 190 190.4 191 190.6 190.2 189.9 188.6 187 184.5 182.4 180.5 178.7 176.4 171.5 165.9 161.7 159.4 157.1 153.8 150.2 147 145.3 143.2 140.3
112.1 107.3 102.9 98.5 95.9 92.3 92.2 90.8 88.9 84.9 84.2 83.6 85.4 86.5 89.9 93.5 97.7 99.3 100.5 107 107.9 110.4 114 115.9 113.4 115.6 121.8 125.4 128.3 129.5 129.6 129.9 131.8 133.7 135.6 137.5 139.4 140.1 141.7 144 146.3 148.8 151.4 154 156.5 159.2 162.6 164.9 166.5 168.1 169.2 169.8 170.7 171.8 173.3 175.8 178.4 181.3 184.3 187.3 189.9 192.3 192.1 192.5 193.4 193.7 193.3 193.1 191.9 190.4 187.6 185.2 183.3 180.3 177.4 174.7 172 166.4 162.6 160.6 160.2 155.7 151.2 147.9 145.9 142.3
115.4 110.9 106.1 101.9 99.6 95.5 91.9 90.8 89.4 87.6 84.9 86.2 87.1 89.5 92.1 95.3 99.5 103.7 104.6 104.9 111 113.7 118.4 119.9 118.2 121.5 122.6 125.4 128.9 130.4 130.8 131.5 133.4 135.3 137.2 139.2 141.5 141.9 143.5 146 148.6 151.2 153.8 156.3 158.9 161.9 165.3 168.4 170 171.6 172.5 173.1 173.8 174.9 176 177.1 179.3 182.3 185.4 188.2 190.7 193.2 194.3 194.7 195.5 196.3 196.7 196.2 195 193.7 190.6 189.8 186 182.9 180 177.2 174.4 171.5 167.4 164.4 162.4 160.2 155.9 151.9 148.7 144.6
118.5 114.4 109.9 105.9 103 98.8 94.7 93.1 91.3 90 83.8 86.5 88.3 90.8 93.7 97.7 101.9 105.9 108.6 110.8 110.5 116.9 120.1 122 121.6 124 126.4 127.6 129.2 131.1 132 133.1 135 137.2 139.5 141.8 144.1 144.3 145.8 148.4 151 153.5 156.1 158.7 161.3 164.5 167.9 171.3 173.5 175 175.7 176.4 177 177.9 179.1 180.3 181.5 183.4 186.4 189.1 191.5 194 196.4 196.8 197.9 199.2 199.9 199.6 199 197.8 196.1 192.5 188.7 185.5 182.6 179.9 177.9 175.6 172 168.6 166.7 163.7 159.6 155.6 151.2 146.3
118.1 115.3 112.4 109.6 106.6 103.1 99.6 97.1 95 91.9 84.5 86.5 89.6 92.2 95.6 100.1 104.4 108.2 111.2 113.7 115.6 118.7 121.7 124.2 124.3 126.7 129 130.7 131.7 131.9 133 135.3 137.6 139.9 142.2 144.5 146.3 146.4 148.2 150.7 153.3 155.9 158.5 161.1 163.8 167.2 170.5 173.9 176.9 178.4 179 179.6 180.8 181.9 182.9 183.9 184.9 185.9 187.4 189.9 192.8 195.4 197.9 199.6 200.9 202.2 203 202.5 202 201.4 198.8 195.5 191.5 188.1 185.5 183.3 180.9 178.6 174.9 171.5 168.6 166.5 161.5 158.1 153.3 148.4
120.4 116.5 112.7 109.4 106.4 103.2 100.7 98.6 96.7 93.2 87.6 85.5 88.4 94.2 98.1 102.5 106.2 110 113.4 115.8 118.5 119.3 123.3 125.6 126.8 128.6 130.3 132 132.5 133.4 134.6 136.9 139.7 142.5 144.8 147.2 148.4 149.2 150.7 153 155.7 158.3 160.8 163.4 166.4 169.8 173.2 176.5 179.9 181.6 182.9 184.3 185.5 186.6 187.6 188.6 189.6 190.6 190.9 193.2 195.8 198.4 200.5 202.2 203.8 205.2 206 205.5 204.7 203.4 201 198.2 194.5 190.8 188.5 186.1 183.7 181.5 177.9 174.4 171.2 168.6 163.8 159 154.5 149.8
121.8 116.2 112.5 109.3 106 103 100.4 98.5 97.3 93.4 89.1 86.5 89.4 95.2 100.5 104.1 107.7 111.7 115.1 117.8 120.2 122.6 122.5 127.4 128.9 130.7 131.7 132.2 133.5 134.9 136.2 138.2 141 143.9 146.7 149.5 150.9 151.9 153.5 155.4 158 160.6 163.2 165.8 169.1 172.4 175.8 179.2 182.7 184.7 187.5 189 190.1 191.3 192.3 193.3 194.3 194.9 194.9 196.2 198.8 201.3 202.9 204.6 206.3 208 208.9 207.9 207 205.2 202.9 200.4 197.6 194.5 190.9 188.7 186.5 184.5 180.8 177.4 172.2 167.4 163.2 159.1 154.6 150.2
121.5 115.8 112.4 109.5 105.7 101.2 99.3 96.3 92 88.2 88.8 86.8 96.7 99.6 102.4 105.6 109.2 113.4 116.7 119.9 122.5 125.6 125.4 129.3 130.5 131.5 132.2 133.6 135 136.4 137.8 139.5 142.4 145.2 147.9 150.5 151.7 153.6 155.3 157.6 160.2 162.9 165.6 168.3 171.7 175.1 178.6 182.1 184.9 188 191 193 194.8 195.9 197 198 199 199 198.9 199.3 201.9 203.7 205.4 207.1 208.9 210.8 211.2 210.3 209.3 207 204.7 202.2 198.6 195.8 192.8 190.8 188.8 186.3 183 177.8 172.6 168 163.4 159.1 154.9 150.6
119.5 115.5 113.3 109.6 104.8 100 94.4 90.7 90.9 96.5 93.3 96.3 98.6 101.4 104.3 107.3 110.6 115.1 118.3 121.7 124.6 127.5 129.3 130.3 131.3 132.3 133.7 135.1 136.5 137.9 139.3 140.8 143.5 146.2 148.9 151.1 153.4 155.1 157.4 159.9 162.3 165 167.7 171.1 174.5 178 181.5 185.3 188.3 191.3 194.4 196.6 198.5 200.3 201.7 202.7 203 203 202.9 202.9 204.5 206.3 208.2 210.1 211.9 213.8 213.5 212.5 210.9 208.5 206.2 203.4 199.6 196.1 193.6 192.4 190.3 187.2 183.8 177.3 172.3 168.5 163.9 159.3 155.2 150.9
122.7 118.1 113.6 109 104.4 98.4 92.8 91.3 93.5 95.8 96.2 98 100.4 103.2 106.1 109.1 113.3 117.5 120.8 123.7 126.5 129.4 130.1 131.1 132.4 133.8 135.2 136.6 138 139.3 140.7 142.5 145 147.5 150 152.6 155 157.2 159.7 162.1 164.5 167.1 170 173.7 177.3 180.6 184.2 188.7 191.9 194.7 197.7 200.3 202.1 203.9 205.8 207.1 207.1 207.1 207.1 207.1 207.8 209.3 211.2 213.1 214.9 216.8 215.7 214.7 212.4 209.6 207.3 205.1 201.3 197.2 193.6 191.6 190.7 187.4 183.4 177 171.5 167.6 163.9 159.7 154.4 151.2
121.1 116.2 111.7 107.5 103 95.8 91.3 93.5 93.8 96.3 99.1 99.9 102.3 105 108.7 113.5 117.5 120.3 122.9 125.7 128.6 131.4 133.7 133.2 133.8 135.2 136.6 138 139.4 140.7 142.1 144.2 146.7 149.2 152 154.6 156.9 159.3 161.8 164.3 166.8 169.2 172.5 176.3 179.8 183 187.5 192.1 195.7 198.4 201.2 203.9 205.9 207.9 209.9 211.5 211.5 211.5 211.5 211.4 212 213.1 214.2 216 217.9 219.3 218 216.5 213.9 211.2 207.8 205.5 202 197.3 192.7 190.5 190.6 187 182.9 177.1 172.2 168.1 164.2 161.1 156 151.6
120 114.4 109.7 105.4 101.6 95.6 91.8 93.1 95.6 98.2 100.8 101.7 103.7 108.4 113.3 118 120.7 123 125.3 127.8 130.7 133.5 135.6 135.7 135.5 136.6 138 139.4 140.8 142.1 143.5 145.9 148.5 151.3 154.1 156.6 158.9 161.2 163.6 166.1 168.5 171 174.6 178.5 182.2 186.1 190.9 195.4 199.2 202.2 205 208 210.2 212.2 214 215.9 215.9 215.9 215.8 215.8 215.7 217.3 218.4 219.4 220.9 221.5 219.9 218.2 215.4 212.6 208.6 204.9 202 197.3 192.2 189.3 189.5 186.2 182.3 177.4 173 168.8 164.9 162.1 159.3 154.8
123 116.6 110.1 106.1 102.3 96.1 92.9 94.1 96.8 101 103.2 104.3 106.9 112.5 117.3 120.7 123.2 125.7 128 130.4 132.7 135.5 137.4 138.1 137.9 138.1 139.4 140.8 142.2 143.6 145 147.8 150.6 153.4 156.2 158.7 160.9 163.2 165.5 167.8 170.3 172.8 176.4 180.4 184.4 189 194 198.8 202.7 205.9 208.8 211.9 214.4 216.3 218.1 220 220.3 220.3 220.2 220.1 220 221.6 222.7 223.6 224.5 223.5 221.7 219 215.3 213 209.9 205.9 202 197.9 192.7 188.1 188 183.7 180.2 177 171.8 167 164.8 162.6 159.8 156.9
