app/static/ascii/NJ60.asc
ncols 200
nrows 200
xllcorner 360000
yllcorner 800000
cellsize 50
[rows 70 to 104 of 200, columns 0 to 77 of 200]
235.5 231.4 228.4 225.6 223.1 222.4 221.6 220.7 219.8 221.4 222.1 224.9 228.2 230.5 232.6 234.9 235.1 236.4 236.3 235.3 233.2 229.9 226.3 221.7 219.1 219 219.3 218.9 219 219.1 218.6 217.1 214.5 212 210.4 211.8 211 219.4 223.1 227.2 231.5 236.2 240.1 244.6 250.3 257.1 263.5 262.4 259.1 255.8 252.7 250 247.5 245.8 245.4 243.8 241.4 240 238.5 236.7 235.9 236.3 236.3 237.2 239.4 241.5 243.4 244.7 245.2 246.7 248.6 248.9 249.9 251.4 254 256.7 259.4 264.5
236 231.9 228.7 225.1 220.9 220.1 219.3 218.4 218.5 219.3 219.7 221 223.6 226.9 229.7 231.5 231.7 231.8 231.2 230 228.5 225.1 221.6 220 217.9 216.2 216.6 216.4 216.6 216.8 214.5 211.9 209.3 206.7 206 210.1 217.9 220.8 224.1 227.7 232.1 235.8 239.3 242.2 247.7 249.3 255.1 253.3 250.6 247.4 244.5 242.4 240.8 240.5 240.1 239.3 236.9 234.5 232.3 232.1 232 232.6 233.3 234.2 235.4 236.9 238.3 239.9 241.4 243 244.3 245.7 247.2 248.5 250.9 253.5 256.7 260.8
236.5 232.5 228.6 223.9 220.3 219.2 218.8 218.2 217.3 217.7 217.2 218 219.7 224.1 228.3 229.5 230.4 229.2 227.2 225 223.7 220.7 218.6 217.4 216 214.4 213.7 213.9 214.1 213.7 211 207.3 204.4 201.8 209.8 216.3 220.9 223.8 226.7 229.6 231.1 234.7 237.1 239.8 243 243.9 246.7 244.3 241.5 239.7 238.3 236.8 235.3 234.8 234.7 234.3 232.4 230 229.4 229 228.8 229.6 230.1 230.6 231.5 232.6 233.8 235.5 237.2 239.1 240.9 242.6 244.4 245.8 247.7 250.3 253.8 257.2
237.8 231.3 227.3 224.1 221.3 219.8 219.6 217.9 216.1 215.9 215.3 216.3 218.8 223.5 227.4 228.9 227.2 226.3 224.1 222 219.9 217.8 215.6 214.6 213.5 212 211.3 211.5 211.6 210.3 208.1 203.7 200.7 207.2 214.2 220.2 224 227.9 231.1 231.5 231.7 233.2 235 237 237.6 238.1 238.5 236.3 234 233.4 232.6 231.2 229.7 229 229 229 227.9 226.6 226.4 226.1 226.4 226.9 227.5 228 228.8 230 231.1 232.6 234.1 236 237.4 238.9 240.8 242.6 243.7 246.6 249.8 255.2
239.1 233.6 229.2 226.4 223.5 221.6 219.7 217.9 216.2 214.7 215.4 217 218.5 221.8 224.3 225.2 224.1 223.3 221.2 219.1 217.1 214.8 212.7 211.8 211 209.7 209.1 209 208.2 206.8 205.2 201.6 203.1 212.2 218.2 224.8 229.3 232.6 232.7 232.4 232 232.4 233.4 232.4 230.4 230.1 230.5 228.7 227.4 227.1 226.8 225.5 224.1 223.3 223.2 223.2 222.6 223.6 223.4 223.2 223.7 224.5 225.4 226.1 226.7 227.5 228.7 230.1 231.4 232.7 234 235.2 237.1 239.4 241.4 244.2 247.1 251.7
240.3 235.7 231.5 228.6 225.8 224.3 221.5 219.1 217.5 215.9 215 215.3 217 217.8 220.2 221.2 219.1 219.6 218.2 216.3 214.2 211.9 209.7 208.9 208.3 207.6 206.8 205.5 203.7 201.9 200.7 199.4 208.1 216 222.8 229.5 233.5 233 232.8 232.7 232.4 232.1 230 228.4 226.4 224.4 222.6 221.7 221.3 220.9 220.6 219.9 219.3 219 219 219.1 219.2 220 220.5 221.5 222.2 223.2 223.9 224.2 224.8 225.5 226.2 227.5 228.2 229.2 230.2 231.6 234.3 236.5 239.3 242 244.8 248.3
242.2 237.6 233.8 231 228.6 226.3 223.7 220.5 218.3 216.1 212.5 212.9 214.8 215.6 216.3 217.1 215.4 215.9 215.1 213.1 209.6 207.7 207.1 204.7 203.6 204.3 201 200 197.6 195.6 196.6 203.6 211.7 218.6 228.2 232.7 234.3 235.9 232.9 231.5 231.4 229.8 227.1 225.9 223.1 221.4 220.1 218.6 218 217.6 217.6 217.8 217.3 216.8 216.8 216.9 217.1 217.9 218.7 220 221.1 221.8 222 222.2 222.8 223.6 224.1 224.3 225.4 226.5 227.7 229.2 231.7 234.3 237.1 239.9 242.5 245
244.3 239.5 236.3 233.7 230.8 228.2 225.1 221.9 218.4 215.9 213 210.2 210.9 212.5 212.6 212.7 212.7 212.7 210.2 207.5 206.5 205.9 204.7 203.1 202.2 202.4 199.4 196.9 195.7 194.8 203 205.2 212.8 219.7 228.5 233.5 235.2 236.8 238.3 234 229.8 227.4 225.2 223.1 221 219.4 218.2 217 216 214.9 215 215 215.1 214.1 213.8 214 215.1 215.9 216.7 216.8 217.9 218.8 220.5 220.3 220.8 221.2 221.5 222 222.9 224.2 225.6 227.1 229.2 231.5 234.2 236.9 239.2 240.6
245.8 240.5 237.2 234.4 232.3 229.8 226.3 223.2 219.7 215.4 211.8 210.6 210.8 210.5 210.7 210.8 210.7 209.2 206.6 205.6 204.8 204.1 203 202.1 201.2 200.2 196.9 195 194.9 196.3 201.8 204.9 211.3 220.2 228.4 235.8 236 237.4 236.8 234.7 228.7 226.3 223.9 221.5 219.5 217.8 216.4 215.4 214.6 213.7 212.9 212 211.6 210.3 210.9 212 213 214 214.9 214.5 214.9 215.6 216.4 217.1 218 218.7 219.2 219.8 220.7 222.2 223.6 225.1 226.7 228.9 231.2 233.2 234.6 236
245.6 241.3 237.2 233.5 231.2 226.9 224.3 222.1 219.1 214.8 211.1 204 205.9 208 207.1 206.7 206.1 205.5 204.5 203.2 202.5 201.8 201.3 200.3 199.2 198.3 194.2 193.4 194.1 197.1 200.8 204.3 209.8 217.5 224.3 230.9 233.9 233.5 232.8 230.7 228.3 224.7 222.4 220.1 218.1 216.4 214.7 213.9 213 211.2 209.2 207.2 206.9 208 208.6 209.5 211.3 212.1 212.8 213.1 213.7 214.4 214.8 214 215.2 218 218.3 218.7 219.5 220.7 222.2 223.6 224.4 226.2 228.1 229.6 230.5 231.5
243.8 240.1 235.6 231.8 228 223.9 221 218.7 216.7 214.9 212.7 208.1 204.3 205.1 203.9 202.9 202.3 202 200.9 200.5 199.8 199.4 199.3 198.3 197.3 196.4 192.9 191.9 193 195.6 199.3 203.1 206.4 211.8 218.8 225.6 228.7 229.6 228.6 226.4 224.4 222.2 220.5 219.7 217.6 216.3 214.2 212.4 211.2 209.8 207.8 205.8 205.3 206.2 207.5 208.6 209.5 210.3 211.1 211.6 212.4 213.2 213.1 213.9 215.6 217.1 217.2 217.6 218.5 219.4 220.7 222.1 222.6 223.9 225.4 227 227.5 227.9
240.5 236.1 231.3 227.7 224.7 221.8 218.5 216 214.2 212.4 210.3 206.4 203.4 202.4 201.8 201.3 201.4 200.8 199.2 197.7 197.2 197.1 197 196.4 195.4 194.5 192.6 191.3 192.5 195.1 198.1 201.8 206.3 211.9 215.2 220.3 223.4 225 224.7 224.8 225 223.5 222.6 220.9 217.5 216.5 213.9 210.8 209.4 208 206.3 204.5 203.7 204.8 205.6 206.5 207.4 208.5 209.1 210 211 211.9 212.3 213.2 215.1 215.5 216 216.8 217.6 218.5 219.3 220.4 221.5 222.6 224.2 225.2 225.1 225.1
237.7 233.5 229 225.4 222.1 219.3 216.3 213.5 211.8 210 206.4 204 203.9 202.4 201.1 200.6 200.1 199.4 197.8 196.2 194.9 194.9 194.8 194.8 193.8 192.9 192.2 191.3 191.2 194.3 197.2 200.5 207.3 213.5 217.2 221.3 224.8 227.5 228.4 227.8 228.8 225.5 224 222.1 218.5 216 213.5 209.8 208.1 206.4 204.8 203.2 202 202.7 203.5 204.4 205.5 206.4 207 207.9 209.2 210.5 211.5 212.2 213.3 214 215.1 216.2 217 217.8 218.8 219.6 220.4 221.5 222.9 222.9 222.9 223
235.9 231.5 226.9 223 219.4 216.8 213.9 211.5 209.3 208.2 205.5 205.5 203.8 202.3 200.9 199.8 199 198.1 196.9 195.8 193.7 193 193.2 193 192.6 191.8 190.9 190.6 189.9 192.8 196.2 201.8 208.9 215.4 219.9 224.7 228.8 231.6 233.4 232.1 232.4 229.5 225.8 223.2 219.4 214.9 211.5 208.8 206.9 204.9 202.9 201.9 200.6 201 201.4 202.6 203.8 204.3 204.9 206 207.3 208.6 209.9 210.9 212.1 212.9 214.4 215.5 216.3 217.5 218.5 219.1 219.9 220.8 221 221.1 221.2 221.2
234 229.8 225.7 220.7 216.8 214.4 211.9 209.9 209.8 208.6 207.7 205.5 201.4 200.3 200.2 199.1 198.3 197.4 196.6 195.3 194 192.7 191.4 191 190.5 190 189.8 189.8 189.7 193 196.7 205 210.4 215.8 222.6 228.1 232.2 235.3 238.3 237.9 235.5 233.7 228.8 224 217.8 212.5 210.8 207.7 204.9 202.5 200.9 200 199.1 199.7 200.4 201.1 201.7 202.2 202.8 204.1 205.5 206.8 208.1 208.6 208.7 211 213.7 214.9 216.1 217.4 218 218.7 219.4 220 219.7 219.5 219.6 219
229.5 227.5 224.6 221.5 220 215.9 213.6 212.6 211.2 210.1 207.9 204.6 201.8 200.2 200.1 198.5 197.6 196.7 197.6 196.3 195 194 193.2 190.5 189.3 189.3 189 188.5 190.2 193.5 197.1 203.2 209.7 216.3 222.7 229.1 233.3 237.8 241 240.1 235.8 228.6 224.2 219.1 214.5 210.5 208.7 205.7 202.4 200 199 199.5 201.2 202.3 202.9 203.5 204.5 204 204 204.2 204.5 204.9 206.3 209.2 211.6 213.2 214.8 214.1 216.1 217 217.6 218.2 218.8 218.7 218.4 218.4 218.5 218.5
235.2 231.8 227.9 224.9 221.8 218.4 214.5 212.5 210.2 209.3 207 204.8 203.2 202 203.1 201.1 198.6 198.8 198.8 197.9 197 196 195.6 192.2 190 188.9 188.5 188.1 188.2 195.2 198.7 202.9 209.3 214.1 217.6 223.1 228.3 231.7 233.7 233.1 229.8 223.4 217.9 212.7 210.1 206.2 203.4 201.4 199.1 198.2 200 201.8 203.4 204.8 205.6 206.6 208.1 207.9 208.3 208.6 209 209.3 210.7 212.7 214.2 215.7 217.1 215.2 216.2 217 217.1 217.5 218.1 218.5 218.6 218.7 218.8 218.9
237.9 234.6 230.9 226.4 223.4 220.3 215.9 214 212 210.2 207.7 207 207.9 208.4 209.5 207.5 206.1 205.5 203.3 200.6 199 198.1 196.1 192.8 190.1 189.1 188.6 188.1 187.9 196.4 199.2 202.3 207.8 210.6 213.1 214.4 219.5 219.4 221.3 220.2 217.3 213.3 208.8 205.9 203.7 200.9 198.1 197.9 199.9 201.1 202.4 204 205.6 207 208.2 209.7 211.2 212.1 212.5 212.9 213.3 214 215.2 215.9 216.7 218.2 218.4 217.5 216.7 217.9 217.7 218.3 218.3 218.9 218.9 219 219.1 219.8
239.5 236.3 233 228.9 225 222.4 219 216.8 214 213.9 212.5 212.1 214.9 215.8 215.9 215.1 213.8 211 208.6 206 203.2 200.2 197.5 194.7 190.4 189.3 188.9 188.4 189.1 197.8 201.7 202.8 205 208.2 209.1 208.3 210.7 210.3 208.9 207.5 207.2 205.1 200.8 199.9 200.5 197.8 196.1 200.4 202.9 205.6 208.5 209.1 209.3 210.9 212.1 213.5 215.1 216.3 216.6 216.8 217.5 218.1 218.8 219.5 220.1 220.8 220.6 219.8 219 218.9 218.2 218.9 219.3 219.2 219.2 219.6 220 220.8
241.7 238.1 235.2 231.9 228.5 225.8 224.5 223 222.1 222.9 223.3 222.5 223.7 224.2 224.4 222.3 220.8 217.4 214.1 211.1 206.8 202.8 199.6 196.5 192.1 188.3 187.4 186.7 188 199.4 202.7 202.9 203 205.8 205 204 203.3 202.7 200.4 199.2 198.9 196.1 193 194.7 196.5 194.4 199.3 203.1 207.6 210.8 214.7 215.8 214.5 215.5 216.2 217.6 219.1 220.5 220.7 220.6 221.1 221.6 221.9 222.5 223.1 223.7 223.6 222.1 220.6 219.8 219.8 219.2 220.6 221.8 221.8 221.4 221.1 221.8
248.4 244.6 241.4 240.7 239.4 237.6 236.5 235.3 233.8 233.3 234.5 234.5 234.7 233.8 232.5 229.5 227.3 223.5 217.5 213.4 209.3 205.5 202.1 197.4 192 188.2 186.4 186.7 187.5 194.3 198.6 202 202.2 201.6 200.1 199 197.8 197 194.9 191.8 189.9 191.1 193.8 194.9 195.5 199 204.2 209.8 214.5 217.5 220.4 222.1 221 218.9 220.4 221.9 223.5 224.6 224.5 224.5 224.7 224.9 225.2 225.5 226.1 226.2 226.3 225.9 224.5 223.9 222.8 222.3 222.6 223.3 223.6 223.5 223.1 222.6
259.6 255.8 255.3 253.5 252 248.7 247.2 245.4 244.3 242.6 243.7 244.1 243.5 241.9 239.4 236.5 231 225.1 218.5 215.2 211.6 207.3 201.5 195.5 191.7 188.6 185.4 185.2 186.6 190.9 196 197.1 197.1 198 195.9 195.1 193.1 191.3 189.7 186.6 190.6 194.2 196.9 199.1 200.9 204.2 211.1 218.1 221.4 224.6 227.3 229.2 228.1 227 226 227.5 228.8 228.2 227.7 227.8 228.1 227.8 228.1 228.4 230 229.3 228.8 228.7 229.8 229.3 227.2 225.7 225.4 224.8 225 225.4 225.2 224.7
272.8 270.4 267.1 266.2 263.9 259.6 255.5 251.6 250.5 249.9 250.3 249.6 249.3 247.1 243.4 238.1 232.4 226.1 219.7 216.1 211.5 206.3 200.4 195 192.5 189.6 186.4 183.2 185.1 190.6 196.3 196.3 194.2 194 192.5 191.1 189.7 187 184.6 188.5 193.5 197.3 200 202.6 206.4 209.8 217.6 225.3 229.2 231.9 234.1 235.5 235.4 234.5 233.5 233.1 232.5 231.7 231.1 231.7 231.7 231 230.8 231.7 234.3 234.9 234.2 234.3 235.3 233.7 231.5 229.4 228.6 227.8 227.3 226.8 227.6 227.8
282.8 279 277.2 274.3 270.9 265.6 261.4 257.6 256.6 255.3 256.2 254.4 252.5 248.6 244.2 237.3 231 224.5 219.1 214.6 209.9 204.9 199.4 195.1 192.6 190.1 187.5 184 183.2 184.3 191.1 195 193.3 190.1 189.1 187.7 186.4 183.8 187.8 191.2 195.8 198.3 203.6 206.6 211.7 216.3 224 230.4 235.2 239 240.5 241.2 241.2 239.2 237.8 238.5 239.2 236.6 235.8 236.1 235.4 234.7 234.7 235.9 238.5 240.5 240.3 240.9 240.2 238.3 236.1 233.9 233.3 232.6 231.8 231.2 231.5 233.3
287.1 283.5 280.7 277.2 272.4 267 263.3 260.6 259.6 258.5 257.1 256 252.2 248 242.4 236.4 229.8 223.1 217.8 213.1 208.1 203.1 198.2 195.2 192.9 190.5 188.1 185.8 183.8 182.2 184.5 185.1 184.2 184.1 183.7 182.9 185.2 188.8 192.7 196.1 200.2 203.7 208.3 210.7 215.8 222.3 229.1 235.3 240.8 245.5 248.7 248.7 248.4 245.1 243.7 245.5 246.5 243.4 242.1 242 241.9 241.9 243.7 244.1 244.8 246.3 247.3 247.7 246.4 244.3 241.6 239.7 238.9 238.7 238.5 238.4 238.2 239.1
287.8 284.5 280.9 276.7 272.2 267.1 262.2 259.7 259.9 257.4 255.9 253.7 249.9 245.9 239.6 232.7 227.1 222.5 216.9 211.2 206.2 201.2 197.5 195.7 193.1 190.7 188.3 187.4 185.5 182.4 181.7 181.2 180.7 180.5 181 185.7 192.3 196.4 199.4 203.9 208.2 210.3 213.9 216.2 219.8 225.2 232.2 239 244.1 249.5 254.6 256.7 258.9 258.6 257.5 256.3 255.2 253.8 252.7 250.4 249.5 250.5 252.6 253.1 253.1 253.9 255.3 256 255.1 253.2 251 249.9 249.4 248.8 248.6 247.4 246.8 247.3
286.7 285 280.3 276.2 271.1 266 261.4 257.9 255.8 253.7 251.4 248.4 245 238.6 232.8 227.9 222.8 218.3 213.9 209.9 204.7 199.3 197.8 196.3 193.7 191 188.6 187.4 185.3 181.7 180.8 180 179.9 182.9 187.4 194.5 199 203.6 206.8 211.6 215.7 217.7 219.7 221.6 224.4 229.3 234.9 241.4 246.9 253.6 260.3 266.2 269.9 271.4 271.5 269.7 267.4 265.2 263 260.3 260.5 260.7 261.5 262 262.4 263.3 265.1 265.1 265.2 263.8 262.3 261.6 260.7 259 258.6 257.3 257.1 257.9
283 282.4 279.3 275.3 269.4 264.4 259.1 254 250.6 248 245.4 241.9 237.7 230.7 225.9 221.9 218.7 215.2 210.4 206.2 202.1 200 198 197 194.3 191.6 189 186.7 185 180.3 179.3 179.1 182.2 186.5 192.3 200 205.3 209.8 214.2 218.5 224.2 225.8 227.3 229.3 232.8 236.6 240.7 245.1 250.2 259.7 267.3 275.5 280.9 285.2 285.3 283.8 281.5 277 273.5 271.8 271.9 272.6 272.6 274.7 276 278.5 278.8 281.7 281.5 277.3 274.4 271.4 270.5 269.4 268.2 267.3 267.6 271.4
279.3 280.4 277.4 272.8 267.9 263.6 256.8 249.8 245.8 242.5 238.8 234.9 230.4 224.5 220.2 215.7 214.2 212.3 208.7 204.1 200.2 199.7 198.7 197.4 195.1 192.9 190.4 187.3 184.7 178.9 177.8 180.3 184.7 190 195.7 203.4 210.9 216.1 222.8 227.1 231 235 236 238.9 242.1 246.2 249.4 254.9 259.3 267.6 276.2 283.8 291 297.1 299.4 297.6 294.7 288.7 286.4 285.2 284.6 285.1 287.6 289.9 293.1 298.7 299.9 297.7 292.3 288.7 285.1 282.1 278.2 278.1 280.3 283.6 285.4 286.1
275.1 277 274.8 272.6 268.8 263.3 257.1 252.1 247.5 242.4 237.2 231.8 226.5 221.7 216.7 211.7 209.3 208.7 205.1 201.7 199.7 198.8 197.8 196.9 195.4 194.4 191.5 187.7 183.5 177.7 177.5 180.5 186.8 193.2 200 207.4 214.9 222.1 229.4 235.8 239.4 242.4 245.3 247.5 251 255.7 260.9 267.2 272.2 277.8 283.2 291.8 299.7 308.5 313.7 309.4 306.4 303.6 300.9 301.4 299.2 298.5 301.3 303 306 310 309 305.7 300.3 294.5 293.2 292.1 288.2 291.1 296.9 301.7 304 301.6
270.6 272.6 270.7 271.1 269.9 266.5 261.3 256.2 251 245 239.2 231.7 224.7 219.7 213.5 208.3 206.2 205.1 201.7 199.4 198.4 197.9 197 195.8 194.2 192.5 188.4 184.8 180.9 177.1 177.5 183.7 191.5 198.2 205 211.9 219.2 227.5 235.6 242.3 247.2 249.8 252.7 256.7 260.7 266.4 271.7 277.4 283 286.5 290.7 298.5 306.8 314.9 319.3 319.9 318.6 318.5 316.6 314.8 313.6 312.9 313.8 313.8 314.5 316 312.8 307.4 302.3 299.3 299.4 299.2 302.2 307.7 311.2 316 315.6 311.3
265 267.6 268.4 271.5 272.8 271.3 268 263.2 256.8 249.7 242 232.9 224.6 219 212.6 207 204.4 201.7 199.7 197.6 197.1 197 197.7 194.7 193 189.2 185 181.4 177.4 175.4 180.2 190.1 197.9 205.1 212.1 216.7 224.9 232.1 241.3 248.1 253.6 257.7 261.2 265.3 271.5 276.9 282 286.9 291.9 295.9 299.8 306 313.5 320.4 327.1 332.7 333.4 332.8 328.9 327 324.8 322.4 321.5 321.1 318.2 313.2 307 300.9 298.2 296.6 300.7 302.4 306.8 312.5 318 319.2 315.5 309
261.8 263.5 267.8 270.8 273.9 276 274.6 269.8 262.8 253.4 244.5 234.2 225.3 219 212.7 208.9 204.9 199 197.2 195.7 195.4 195.7 194.4 193.6 190.3 186 181.7 177.9 174.9 177.5 188.2 198.4 208.3 214.8 220.7 226.5 231.5 238 247.1 254.5 260.4 265.9 269.8 273.3 279.1 284.9 292.1 297.2 300.8 303.5 306.6 312 318.7 327.2 335.9 342.8 345.7 344.7 340.3 335.6 331.6 327.4 324.4 318 309.8 302.9 296.2 290 287.9 289.9 295.1 299.4 303.3 307.9 312 311.5 308.4 305
253.7 260.1 268 271.7 277.2 279.8 278.2 273.1 266.4 255.7 245 235.2 224.9 219.1 213.4 208.4 202.4 196.6 194 193 192.3 192.1 189.4 186.8 185.5 182.6 178.8 179.4 177.8 186.5 198.4 209.3 219.1 226.8 232.2 237.5 240.7 245.5 254.1 259.6 265.8 271.2 276.3 280.7 286.3 293.6 301.2 305.9 307.4 308.3 311.3 316.8 324.1 332.7 342.3 347.9 351.4 350.2 346.4 340.3 333.6 326 319.3 311 302.4 292.1 285.4 279.8 277.6 281.7 286.3 290.9 295.9 299.1 300.5 301.3 297.7 293.2
250.5 259.2 267.2 273.1 278.9 282.5 280.3 274.5 266.4 256 245.6 236 225 219 212.3 206 200 194.3 190.5 189.3 188.8 187.1 184.3 181.6 179.2 177.9 178.3 179 183.2 195.5 207.6 219.4 228.3 236.5 243.2 247.1 249.8 252.6 259.1 264.9 270 275 280.4 286.5 294.2 301.7 308.4 312.4 313.2 314.7 315.5 320.1 327.1 335.6 343.1 348.7 351.4 350.8 345.9 339.1 331.3 323.5 312.9 300 286.8 281.7 276.7 270.2 269.4 272.8 277.8 283.4 286.4 288.4 289.6 289.3 286.6 282.9
