app/static/ascii/NJ61.asc
ncols 200
nrows 200
xllcorner 360000
yllcorner 810000
cellsize 50
[rows 70 to 104 of 200, columns 79 to 157 of 200]
355.1 358.5 360.2 363.6 367.2 370 373.3 380.4 388.6 400 409.5 417.4 422.4 428.4 431 431 429.3 427 426.1 425.5 421.8 418.9 418.7 416.1 417.3 417.9 424.8 428.5 433.2 429.4 424.2 413.4 399.2 384.7 372.8 365 350.8 341.6 331.6 326.4 324.9 321.3 311.3 300.7 290.6 277.9 268.4 264.5 269.6 279.1 288.9 290.2 294.9 296.5 290 278.8 263 246 227.7 212.7 196.6 183 174.3 163.3 157.4 149.4 143 138.3 135.3 131.2 125.7 123 119.4 115.1 112.6 110 106.5 104.5 101.6
352.8 356.1 356.9 359.7 363.6 367.7 371.4 376.2 383.6 393.8 403.3 411.5 416.1 417.7 419.6 420.9 420.5 418.6 417.7 421.6 421.9 420.9 421.3 419.9 422.2 423.6 426.9 429.6 427.6 421.8 410.9 400.1 386 369.8 354.4 348.3 334.8 322.8 314.3 312.9 313.7 313.6 306.1 296.9 287.2 275.7 263.8 257.8 261.8 270.6 280.1 282.1 276.9 280.6 279.1 271 258 240.3 223.9 212.3 196 184 171.6 163.7 157.3 151.6 144.8 140.4 136.9 132.8 127.6 124.2 120.5 116.2 112.8 109.3 105.7 102.5 100.1
349.7 352.2 352 354.5 358.1 363.5 367.9 372.6 380.8 389.6 396.7 403.3 406.4 407.7 409.1 410.3 409.4 408.4 410.6 415.7 417.2 416.4 417.5 416.3 417.6 423.8 424.8 425.5 417.4 409.8 396.8 383.5 370.7 355.3 339.7 329.5 318.6 307.9 299.2 299.6 301.3 303 301 291.9 282.7 271.7 260.7 254.5 254.6 260.9 269.9 275 271 269.2 266.9 263 252.7 235.2 222.1 210 195.7 182 171.9 164.8 159 153.4 146.6 141.9 138.7 135.3 130.6 125.9 121.1 116.7 112.7 109.4 105.9 101.9 98.5
347 349.4 349.8 350.3 353.3 359.6 365.3 370.8 379.1 386.7 391.9 395.9 400.5 401.5 400.3 400.1 399.3 397 399.3 405 406.3 406.6 407.7 408.8 407.2 411.1 411.1 416.5 408.4 396.5 383.3 367.9 353.5 339.9 325.2 315.3 304.6 294.7 286.7 284 288.4 291.4 290 282 275.5 265 256.2 248.9 246 250.2 259.7 264.8 263.4 263.3 257.9 251.3 244 232.2 218.9 206.8 195 179.6 170.5 163.5 158.9 154.6 149.6 144.2 139.4 134.7 130.2 125.5 120.7 116.4 112.2 108.5 105 101.2 97
343.8 345.4 346.4 346.9 348.4 354.2 362.5 368.7 376.8 382 386.6 390.5 390.8 392.4 392.1 391.1 388.1 385 388.1 394.1 394.8 394.7 396.3 395.2 393.8 393 390.4 396.6 392.1 377.7 363.9 348.5 336.1 323.8 311.7 301.2 289.9 280.7 273 271 276.9 277.7 277.3 272.8 267.3 257.8 251.9 244.1 233.8 239.8 249.2 254.6 254.2 255 252.5 245.4 236.8 227.7 213.9 202.5 190.3 177.3 166.1 161.1 160 155.6 149.6 143.8 137.4 133 128.6 124.4 120.1 115.2 111.5 107.9 104.5 100.2 96.3
340.1 342.4 342 342.5 344.3 348.4 357.8 365.1 371.3 377.5 382.5 385.1 384 384 382.1 379 375.1 372.6 376.8 380 379 376.9 377.5 381 378.8 378.7 370.5 371.1 366.3 356.6 343.8 333.1 320.2 310.9 299.5 287.9 278.5 268.5 261.4 260.4 263 265.3 264.7 261.9 257.8 251 243.9 236.1 227.2 229.8 237.6 244.2 246.7 247 243.6 236.7 227.8 218.5 209.2 198.1 187.6 175.1 167.9 162.5 159.3 155.2 150 143.8 136.8 131.3 127.1 123.4 118.8 114.3 110 108 103.7 98.9 95.5
337.5 338.8 337.3 336.1 337.6 344.1 351.7 359.2 366.3 373.1 379.3 381.2 380.2 375.7 369.2 366 354.6 355.6 361.4 364.3 363.9 362.6 362.8 365.8 365.7 362.2 357.4 353.1 348.7 339.2 328.2 319.5 307.8 298.8 287.2 277.5 268.5 258.7 252.8 248.4 247.3 250.9 251 250.2 246.4 240.8 233.9 227.6 220.9 219.9 226.3 234 238 237.6 233.6 226.9 218.1 208.6 200.7 191.4 180.2 173.2 167.7 163.5 159.3 154.5 149.4 143.9 136 130.7 126.5 122.1 118.8 115.4 111.4 107.9 104.1 99.8 96.5
332.3 332.1 329.3 329.1 332.2 338.9 346.7 356 363.5 368.7 373.8 373.7 372.5 367.8 360.6 350.2 341.9 341.8 343.7 345.9 346.3 345.7 344.7 346.3 344.5 341.3 337.6 333.6 330 323.9 317.1 309.9 299.5 287.3 277.2 269.2 260.6 254.1 247.7 240.9 239.9 241.3 241.8 239.2 235.8 231.5 225.7 219.1 214.2 208.1 214.7 223.3 227.4 226.7 221.6 216 208.5 201.1 193.8 182.9 178.1 173.1 168.3 163.2 158.4 153 146.7 142 135.6 130.1 125.8 121.9 118.1 115 111.6 107.6 104.3 100.8 97.2
328.3 325.2 320.9 321.6 326.8 335.2 342.3 350.9 359 363.6 367.3 368 365.7 360.2 354 342.5 334.7 332 329.9 328.9 329.2 329.2 330 327.9 325.1 323.5 321.9 319.4 316 314.1 309.1 300.4 289 279.3 271 264.2 257.4 248.3 240.5 233.9 230 230.8 231.3 228.8 226.2 223.4 215.6 209.5 204.4 196.6 201.7 210.1 214.8 212.9 208.9 205.5 201.7 194.3 184.7 179.9 176 171.5 166.4 161.3 155.7 151.1 146.2 141.2 135.8 130.4 126.8 122.5 118.9 115.7 111.9 108.2 104.8 101.1 98.3
323.2 318.5 315 316.1 319.8 328.5 337.3 347.4 354.4 359.5 362.3 363.6 361.4 356.1 347.1 336.7 325.9 324.1 321.8 319.6 319.1 323.1 323.1 321.3 318.7 317 315.2 310.6 306.7 305.2 300.3 292.3 283.5 275.3 267.4 260.4 253.2 243.3 234 226.9 218.9 215 216.1 215.4 215.2 212 204.1 199.6 195.3 190.7 189.7 195 200.7 201.7 199.7 196.7 193.1 185.6 179.2 175.4 172.4 169.6 164.9 159.8 154.9 150.8 147.1 141.5 136 132 128.3 124.7 121.2 118.6 114.2 109.9 106 102.3 99.5
321 316 313.2 311.9 315.3 326.9 334.6 344 348.7 354.5 359.5 360.2 357.6 352.3 342.8 330.8 318.4 312.3 311 307.8 309.5 313.8 316 315.4 312.4 309.3 306.6 302.7 299.6 296 291.1 284.7 276.8 268.2 261.5 254.6 245.2 236.9 229.3 220.9 214.3 207.9 201.5 198.7 197.5 196 193.1 189.3 185.6 183.9 181.4 181.7 184.4 187.5 188 185 181.7 177 173.5 170.6 168.3 166 162.5 157.6 152.9 149 144.9 140.6 136.5 133.1 129.4 126.8 123.3 120.6 116.5 111.8 108.2 105.5 101.9
315.9 313.2 308.9 308.9 310.6 319.8 333.1 339.2 344.5 350.3 356.1 354.9 352.9 346.9 337.8 327.2 314.1 302.5 300.7 300.7 300.5 302.1 301.5 301.2 301.6 299.1 296.1 292.9 289.9 287 282.5 276.3 269 261.6 255.1 248.8 241 232.2 222 214.9 208.8 202.8 197 192.3 188.6 185.6 183.5 180.3 178.5 176.5 174.4 175.9 177 179.8 179.3 176.7 174.6 171.4 169.8 168 165.2 162.8 159.8 152.5 149.7 147.1 143.7 140.7 137.6 134.2 131 128.6 125.3 122 117.7 115.1 111.1 107.8 103.7
307.8 306.5 306.4 308.1 311.4 318.2 328.2 333.2 342.6 345.9 344.7 345.2 346.6 344.6 334.8 321 307.2 295.7 295 293 290.1 290.4 289 288.2 287.9 286.9 284.8 281.9 278.3 274.4 271.7 267 260.3 253.6 248.6 242.5 234.7 227 216.2 209.9 204.6 198.3 192.4 187.4 183.3 179.5 176.6 173.6 170.7 169.5 169.3 169.9 170.6 170.6 170.5 170.1 168.1 166.1 165.6 164 161.9 158.6 157.2 154.8 153.3 149.8 146.6 143.7 140.3 137.5 134.4 131.4 128.1 124.4 122.5 120.1 116.2 111.5 107.6
300.1 301.9 305.2 308.2 311.5 314.7 323 328.2 336.6 341.8 340.7 343.3 345.7 342.4 333.3 321.9 304.9 291.5 287.7 285.3 281.9 280.8 279.6 278.1 275.2 273.8 271.5 269.2 265.4 263 259.9 255.8 251.1 245.1 240.6 235.4 230.3 221.8 213.8 206.1 200.4 195.2 189.3 184 179.3 175.4 171.4 168.3 165.5 164.7 166.2 164.8 165.1 165 164.2 162.6 161.3 160.9 161.3 159.2 158.5 159.3 162.6 162.4 158.2 154.2 149.5 145.4 142.3 139 135.6 133.2 130 126.4 124.4 122 118.7 115.2 111.2
295 298.8 305.9 310.1 312.6 314.3 317.9 320.2 325.3 338.1 340.1 337.9 338.2 341 334.5 322.5 307.3 292.7 279.7 275.5 272.8 272 270.7 269.3 266.4 263 259.9 257.2 253.9 251.3 248.7 244.5 241.1 236.5 232.5 227.5 222.7 215.7 209.4 203.3 196.6 191.9 186.5 180 176.4 172.4 168.6 165.2 163.2 162.3 162.7 161.7 160.1 159.6 159.3 158.1 157.5 157.3 157 156.3 156 157 156 155.7 153.6 150.9 147.5 144.9 141.9 138.6 135.3 132.5 130 127.3 125.4 122.9 119.7 116.5 112.8
294.7 299.2 303.9 306.5 309.8 311.9 314 314.8 316.9 327.2 330.2 330.2 332 335.8 333.3 322.7 306.8 295 280.8 271.4 264.9 261.5 259.8 259.6 257.7 255.7 251.4 246.2 244.5 241.2 238.6 237.1 234.8 231.2 228 223.3 218.7 214 208.1 201.2 194.6 188 184.4 179.3 175.3 171.8 168.1 164.8 161.9 160.6 159.6 159.1 157.6 157.2 156.4 155.1 156.3 155.4 154.7 153.7 152.4 151.9 151 149.8 148.6 146.3 144.2 141.7 139.6 136.9 134.1 131.3 128.7 126.7 125.5 122.9 119.7 116.9 111.7
296.1 299.4 302.4 304.3 306.9 309.3 311.4 312.6 314.5 316.1 321.5 324.2 327.9 330.3 328.4 319.3 307.2 293.7 280.5 272.7 262.9 257.6 255.1 253.3 249.3 245.1 241.1 238.2 236.1 233.7 230.4 229.8 227.9 224.6 222.4 218.8 215 210.2 204.8 198.3 191.9 186.4 182.3 178.2 174.3 170.8 167.1 163.5 161.3 159.2 157.2 156.2 154.8 153.9 153.7 153 153.2 152.8 151.4 149.8 148.5 147.5 146.6 145.3 143.9 142.2 139.9 137.9 135.6 133.3 130.9 128.3 126.6 125.5 124 122 119 113.8 110.5
295 298.4 301.3 303.7 305.7 307.7 309.4 312 314.9 318 321.4 322.9 323.8 323.6 320.6 310.3 303.4 289.7 279.5 271.4 262.1 257 254.2 250.4 246.7 238.5 236.6 233 228.9 226.3 224.2 223.1 221.1 218.9 216.7 212.6 208.4 203.9 198.9 194 188.8 183.8 179.7 176.2 171.9 168.3 164.5 161.4 159.5 156.5 155 152.9 152.7 151.6 150.9 150.8 149.6 148.9 147.3 145.6 144.6 142.5 141.6 140.9 139.7 138.1 135.8 133.2 130.8 129 126.9 124.3 123.4 122.8 119.8 116 114.5 105.5 104.5
294 297.7 300.8 303.6 306.1 307.8 309.8 312.7 317.1 321.5 324.2 326.1 325.8 326.4 326.7 323.2 317.1 304.2 291.9 280.3 272.6 263.7 257.9 253.1 247.8 242.2 236.2 227.9 222.7 220.3 217.4 214.3 212.8 212.8 209.8 206.2 202.8 198.5 193.9 189.4 184 180.1 176.5 172.2 168 164.5 162.4 160 157.5 154.1 152.9 150.6 149.6 148.8 148.4 147.5 145.3 146.2 145 143.5 142.4 140.3 138.4 136.3 134.1 133.1 131.8 129.8 126.5 125 122.8 120.7 120.1 119 115.3 110.8 105.5 105 104.2
293.4 297 300.1 303.7 306.6 309.1 311.5 315.2 320.9 324.1 326.7 330.9 333.1 335.3 336.3 333.5 326.7 317.2 306.5 295.1 283 271.3 262.2 256.1 250.1 244.2 239 232.4 225.4 216.8 208.7 209.5 207.1 206.8 203.8 201.2 197.2 191.9 188.2 184.4 179.8 176.8 172.5 169.3 165.5 161.9 159.1 156.4 153.8 152 150.9 147.8 147 146.2 145.4 144.9 143.3 140.2 141 140.8 139.5 137.7 135.9 134.3 132.7 130.5 128.6 126.6 123.9 122.1 120.5 118.5 116.8 113.4 110.3 107.6 102.1 101.4 101.5
297.2 299.8 302.6 306.1 308.5 311.6 315 319.6 324.6 327.6 330.9 335.4 339.3 340.6 342.3 338.2 329.8 320.3 310.8 298.8 286.8 274.2 263.4 257.8 252.8 246.5 240.6 234.7 228.6 221.7 214.2 208.8 203.3 199.5 198.1 195.4 191.6 187.4 183.9 180.7 176.6 171.8 168.5 165.8 161.9 158.1 154.8 152.6 151 149.6 148.4 145.2 144.4 143.1 142.1 141.7 140.8 139.4 134.8 132.8 135.1 133.3 131.6 130.4 128.8 126 125.7 124.5 123.2 120.7 118.1 116.2 113.7 108.4 107 104.1 102.4 100.6 100.2
301.7 303.2 305.2 308.2 311.5 314.9 319 323.3 326.5 329 332.6 338.7 341.3 340.5 338.9 333.6 327.4 318.5 307.5 298.7 286.2 276.1 266.4 259.2 255.4 250.9 244.4 238.2 229.6 222 216.4 210.2 204.2 197.7 191.2 186 184.9 182.3 178.9 174 168.2 163.9 163.2 161.9 158.2 154.5 152.4 149.5 147.2 145.7 143.7 142.6 140.6 140.5 139.6 138.3 137.4 135.4 132.7 128.5 129.3 128.2 126.8 125.3 122.6 118.8 120.7 121.7 120.2 118 115.6 113.1 107.5 106.2 105.7 103.1 102.7 102 103.7
305.7 307.1 309.6 311.4 314 316.9 321.3 325.4 328 330.5 335.2 340.9 341.8 339.5 335.5 329.2 318.7 309.5 299.1 290.1 280.3 272.5 266.3 262.3 259.3 255.5 250.6 244 235 224.7 217 209.8 203.4 198.5 193.4 189.3 185.1 179.9 177.5 174.8 170.6 164.4 158.2 157.9 155.3 152.5 149.6 146.4 144.7 142.8 141.3 140.3 139.1 137.6 136.6 135.5 135 132.9 131 128.3 121.6 124.1 117.8 115.2 112.7 112.1 115.6 118.3 116 111.1 108.2 107.2 106.8 105.7 105.7 105.7 106.6 104.5 105.5
310.1 313.9 316.2 317.9 319.3 320.8 324.2 327.8 330.8 332.8 339.1 342.3 340.5 335.1 328.8 319.3 310.6 301.7 291.9 280.9 271.9 267.5 263.8 261.4 260.3 257 252.3 246.6 238.3 227.4 219.4 211.4 205.2 199.5 193.9 189.8 186 182.6 179 175.4 172.4 168.3 162.1 156.3 152.3 150.1 147 145.1 142.6 140.1 139 138.1 136.5 135.3 133.8 132.2 131.4 128.2 126.5 123.5 121.1 115.2 114.8 116.2 115.5 114.1 110.4 112.2 108.1 107.1 107.6 106.7 107 105.7 106 104.6 104.5 104.4 104.6
317.5 319 321.7 323.2 324 325.1 328.6 330.8 333 336.8 341.3 339.4 333.9 328.2 320 309.9 302 292.6 282.3 271.2 265.3 262.5 259 257.2 256 254.6 250.4 244.2 237.3 228.5 217.6 208.3 203.7 198.1 193.2 189 185 181.8 177.7 174.3 170.2 167 163.6 159.8 156.2 152.3 148.5 145.6 141.8 138.9 137.1 134.5 133.7 133.1 130.4 127.7 125.8 124.8 121.1 117.8 116 114.8 115.7 115.7 114.8 112.9 109 108 106.7 106.7 106.6 107.2 106.6 104.5 106 104.8 104.4 104.1 103.9
321.9 324.6 326.5 328 329.4 333.9 335.6 333.9 334.1 337.2 335.5 331.8 327.7 321.9 314.2 303.5 290.5 279.3 271.9 263.7 259.6 255.8 252 249.9 247.7 245.7 243.3 239.7 232.9 226.1 216.8 207.2 199 194.2 190.8 187.5 183.9 180 176.3 172.8 169.5 166.2 163 160.1 156.9 153.8 150.7 146.6 143.1 140.1 138.1 135.6 132 129.2 127.7 127.1 123.9 122 119.2 116.3 114.5 113.5 112.9 113.9 113 111.3 108.2 107.1 107.8 108.9 108.7 108.2 106.6 106.5 104.9 104.1 104.4 103.9 103.2
330.1 333.1 334 337 340.5 339.8 338.9 337.6 336.4 334.3 330.2 325.2 318.9 310.6 300.8 290.2 279 272.1 259.6 255 250.4 246.1 242.2 240.1 238 235.6 233.8 230.8 225.1 217.1 211 204.2 196.5 191.6 187.9 184 179.9 177.2 174 171.8 169.2 167 164.4 162.2 159.5 156.3 152.7 148.5 146.1 142.1 140.2 137.9 134.8 132.4 130.5 128.6 126.3 123.7 120.4 117.4 114.8 112.7 112.7 110.2 110.4 108.2 106.4 106.3 105.9 105.1 105.2 105.9 104.4 104.9 103.4 103.8 103.5 102.1 101.1
340.5 341.7 344.3 345.2 345.9 345.8 345 344.4 340.5 332.7 324.8 315.8 305.7 297 287.9 278.8 269.1 260.4 252.9 239.3 239.8 236.8 234 230.9 228.1 224.3 221 218 212.9 209.1 204 198.4 192.7 187.2 184.5 180.9 177.9 176.1 174.1 172.1 170.8 170.1 168.1 165.8 162.3 158.1 153.7 149.8 146.7 142.7 141.1 139.5 136.4 133.3 130.3 127.6 124.2 120.8 116.9 115.8 114.6 113.2 112.1 109.2 107.9 107 105.6 106.4 106.9 106.9 104.2 104.1 103.3 102.4 102.3 101.2 100.6 100 99.3
348.4 349.8 350 350.3 349.7 351.4 350.1 348.1 341 330.5 318.8 306.9 296.4 289.4 279.4 268.2 258.4 249.9 241.3 234.6 228.5 225.3 222.4 222.3 220.1 216.4 213.3 210.9 207.5 201.6 196.7 191.9 186.8 183.3 179.8 178.1 174.6 173.5 173.3 172.8 173.2 171.1 169.7 166.8 162.4 158 153.3 149.2 146 142.5 142 139.4 135.8 131.2 127.5 124.6 121 116.6 115.9 113.6 113.8 111.3 109.3 107.9 107 106.1 105.1 103.8 106.7 102.5 103.6 104.4 103.1 101.2 100.1 99.4 99.2 99 98.5
354.7 355.5 354.9 352 351.3 353.9 353.8 349.4 341.5 332 315.9 303.4 292.2 279.5 269.1 259.9 249.8 242 235.7 229.5 223.4 218.7 215.9 212.5 210.6 209.5 206.6 204.9 200.4 195.9 191.2 186.5 183.1 179.8 176 174 172 171.7 171.9 171.6 171 169.6 167 163.9 159.7 155.6 150.8 146.8 143.4 140.9 139.9 135.3 130.5 127 123.4 121 117.5 116.8 113.6 113 111.8 108.7 107.8 106.1 105.2 105.1 104.6 103.1 102.6 102 101.4 101.3 100.5 100 100.3 99.7 99.2 98.8 98.7
356.1 356.4 353.3 354.4 358.9 361.4 358.7 350.7 340.8 327.6 316 301.8 289.9 278.3 267.2 256.1 246.7 238.6 231.2 225 218.4 213.3 210.3 207 203.6 201.7 199 196.9 195 190.6 185.9 182.8 178.4 175.6 172.7 170.8 169.8 169.2 168.7 168 167.3 165 162.8 159.4 155.3 151.4 147.2 143.2 140.5 138.1 135.1 130.3 128.1 126.8 123.4 120.8 118.5 116.5 115.5 112.9 109 107.6 106.9 107.1 106.2 105.5 104.7 104.1 104.2 104.1 103.6 101.7 101 101.2 100.7 100.2 100.3 99.8 100.3
353.6 348.9 352.1 355.9 363.1 367 365.1 355.2 339.8 325.1 309.7 297.1 285.7 273.6 262.4 253.4 244.7 237.2 230.5 221.7 214.8 209.3 206.5 202.9 197.6 195.5 192.5 188.6 184.2 181.7 177.7 175.7 174 171 169.2 167.9 166.5 165.4 164.4 162.9 161.9 159.9 157.4 153.4 150.4 147.3 143.3 139.4 137 133.5 130.7 126.1 126.4 124.3 120.7 118.6 117 115 112.9 110.3 108.1 107.9 108.4 108.4 109 108.2 107.4 106.6 107 105.9 105.6 104.8 104.1 104.6 104.7 104 103.4 102.9 102.6
347.7 346.9 352.5 361.3 366.9 371.9 369.8 358.1 343 327.4 311 295 282.9 271.2 260 250.8 244.8 236.3 227.3 218.9 212.2 206.3 202.6 198.2 194.5 191.7 187.6 182.6 179 175.1 174.3 171.8 170.2 168 166.8 165.2 163.7 162.3 160.9 159.2 157.4 155.3 152.5 149.7 145.7 142.3 139.2 136 131.5 129.4 126.9 123.3 123.1 121.3 118.1 116.3 114.4 111.1 109.2 109 109.4 110.1 112.8 113.3 113.3 112.1 110.7 110 109.7 109.2 109.3 109.3 108.7 108 107.4 106.8 106.4 106 105.5
339.5 344.2 353.7 363.1 371 380.3 374.9 362.3 348.3 332.6 315 298.9 286 273.7 263.2 256 247.6 238.8 230 219.6 210.8 205.3 201.2 196.3 191.5 187.5 182.9 179.3 176.2 173.1 170.3 168.5 166.9 165.8 164.4 163 160.7 159.7 158.1 156.1 154 151.7 148.6 145.6 142.3 139.7 136.4 133.3 125.5 122.8 121.9 120.2 118.1 116.1 114.6 113 111.7 112.2 112 112.1 113.2 115.3 117.4 116.5 116.9 115.8 114.8 113.7 112.4 112.8 112.4 111.9 111.3 110.6 110 109.9 109.7 108.8 108.2
335 343.6 354.9 366.3 379 385.8 381.6 369.8 355.1 338.7 319.1 305.8 292.6 281.8 272.1 263.5 254 244.5 234.4 221.7 212.4 205.3 199.7 194.7 190.7 186 182.3 177.9 174.5 170.6 168.1 166.2 164.6 162.9 161.4 159.9 157.9 156.7 154.5 152.5 150.2 146.6 144.6 142.3 139.4 135.9 127.9 126.9 123.6 122.4 123.9 120.7 119.4 115.9 114.7 114.2 114.4 114.8 113.9 115.8 116.6 119.4 120.9 119.8 119.8 118.7 117.9 117 116.4 115.4 114.9 114.4 114 113.3 113 112.8 112.8 111.8 110.6
