app/static/ascii/NJ63.asc
ncols 200
nrows 200
xllcorner 360000
yllcorner 830000
cellsize 50
[rows 140 to 174 of 200, columns 78 to 155 of 200]
174.4 172.1 170 167.9 165.9 164 162.1 161.2 158 154.7 150.6 146.4 141.3 141.7 152.7 161 167.6 173.8 177.9 181.9 183.6 184.5 184.2 181.8 180.7 180 181 183 186.6 190 193.9 196.5 197 197.3 196.9 197.5 201.3 202.9 201.3 200.9 198.7 195.2 190.9 185.5 177.5 172.5 166.8 162.1 159.3 156.7 155.7 159 160.9 162.1 164.6 167.8 173.3 177.7 177.6 174.5 171 167.5 164.1 160.6 157.7 154.2 150.7 146.7 143.2 137.8 136.3 136.5 140.6 145.1 147.5 148.4 148.4 147.1
172.1 169.5 167.8 166.2 164.3 162.6 161.2 160 156 153.5 150.1 146.2 141.2 141.7 153.5 162.2 167.7 173.2 177.9 180.8 182 181.8 181.7 178 175.9 174.9 174.9 175.9 178.3 181.2 184.6 188.2 190.9 191.4 191.3 190.8 193.7 197.2 196.2 194.3 192.3 190.2 186.7 182.2 173 170 164 160.3 158.3 155.7 153.4 156.6 158.5 160.1 162.5 166.1 172.1 175.5 175.2 172.2 168.5 165.1 161.4 157.8 153.8 150.5 145.3 143 139.2 135.7 135.9 135.8 140.4 144.1 146.3 147.6 147.2 145.5
169.3 168.3 166.6 165 163.5 162 159.8 158.5 155.3 152.6 148.9 145.1 140.5 141.5 154.5 161.5 167.5 171.7 175.2 177.7 178.8 178.1 175.5 173.7 171.2 170 170.4 169.7 171.2 173.5 176.7 180.7 184.1 184.4 184.5 184.4 184.6 189.3 186.2 186.4 185.5 181.9 180 177 172.5 165.4 159.4 157.7 155 153 151.1 151.5 154.8 156.6 159.1 163 168.4 171.4 171.6 169.3 165.8 161.8 157.3 153.7 149.4 145.3 139.8 137.5 135.3 135 135.1 135.8 139.1 142.3 144.5 145.1 144.1 142.2
166.5 166.3 164.9 163.2 161.1 160.2 158.4 157.4 155 152.2 148.6 144.3 140.8 142 150.8 157.8 162.4 165.3 168.3 170.4 171.4 171.1 169 167.3 165.9 164.7 164.4 164.3 165.3 167.3 170.1 173.2 176.3 178 177.4 177.5 183.9 182.6 180.8 179.1 177.6 175.9 173.8 172.1 165.5 160.4 156.7 154.8 152.1 148.3 147.6 148.6 150.7 153.1 155.5 158 162.5 166 166.5 150.6 154.3 158.9 152 146.7 143.2 139.2 135.3 134.6 135.3 134.4 134.7 135.3 137.8 140 141.7 141.8 140.5 138.9
163.5 163.5 162.8 161.2 158.9 157.7 156 155.5 153 150.8 148.2 144.4 139.7 138.5 146.7 153 156.7 158.9 161.4 162.3 163.8 164 162.7 161.2 160.6 159.6 158.7 158.8 160.1 161.7 163.9 166.8 169.3 171.1 171.9 172.1 175.4 175.7 174.4 173.4 170.6 166.6 164.2 162.5 160.3 157 152.6 151 147 145.1 145 146.5 148.2 150.2 152.1 154.4 156.4 158.5 152.8 146.9 146.9 152.3 147.7 141.8 139.3 135.9 133.7 134.9 134.9 134 134 134.7 135.8 136.2 137.1 136.8 136.1 134.7
160.1 160.2 160.8 159.6 158.1 156.4 155.2 154.6 152.1 149.4 146.5 142.7 139 137.1 143 148.2 152 153.5 154.6 155.9 156.8 156.7 156.7 156.2 156 154.8 153.6 153.4 154.8 156.3 157.9 159.1 161.4 162.2 164.3 163.3 166.7 167.1 166.6 165.7 162.8 159.6 158.3 156.4 154.2 151.1 147.2 146.9 145.3 144 142.8 144.3 146 147 148.2 148.9 149.4 150.3 150.7 146.4 142.1 144.8 142.5 138.6 136.2 133.7 133.3 133.3 133.8 133.6 133.3 133.6 134.4 133.6 133.1 132.5 131.9 131.1
157.1 158.2 159.4 159.2 158.4 156.7 155 154 150.6 148 145.4 143.1 139.5 137.1 139.4 144.4 147.2 149.3 150.5 151.2 151.8 152.4 152.7 152.6 152.5 152.6 153.8 153.8 153.6 151.8 151.9 152.9 160.5 160.5 159.5 159.6 158.3 159.8 159.7 158.7 156.3 154 152 150.4 148 145.6 144.1 143.3 142.3 141.5 141.6 142.3 143.2 143.9 144.6 143.8 142.7 143.3 146.6 143.4 138.4 139.3 140.6 135.5 132.7 132.6 132.6 132.8 132.9 133 132.9 133 133.2 132.6 131.6 130.8 130.9 131.2
153.8 155.7 157.4 158.3 158.1 156.9 154.5 153.6 150.5 147.5 144.5 138.8 137.3 136.5 138.8 141.6 143.4 145.1 147.2 148.1 149.4 149.6 149.6 149.9 149.9 151.3 152.6 153.2 154.5 154.7 155 152.5 151.7 156.9 156.2 155.6 153.3 153.3 153.9 153.6 152 149.7 147.5 145.6 144.8 143.1 141.8 141.3 141.3 140.8 140.5 140.3 139.7 139.3 139.3 138.3 137.9 139.6 141 140.6 138.8 135.7 134.9 133.8 133 132.1 131.7 131.9 131.7 131.3 131.6 131.5 131.3 131.1 130.7 130.8 131 131.2
150.8 153.2 155.3 156.7 156.9 156.4 154.5 153.3 151 147.8 143.7 136.9 136.9 136.6 138.4 140 141.9 142.3 143.6 146.3 145.5 146.4 147.7 148.9 149.6 150.5 151.2 152.7 154.2 154.3 155 154.9 152.8 149.8 152.3 153.6 154.1 152 149 149.3 148.2 145 144.7 143 142.1 140.9 139.7 139.5 139.5 139.4 139.5 139.1 139 138.5 137.4 136.3 136.2 136.1 135.4 134.9 134.4 134.1 132.8 131.8 131.6 130.4 130.5 130.8 131 131.2 131.2 131.2 130.8 130.9 130.9 130.9 131.2 130.7
148.6 149.4 151.6 153.7 155.3 155.1 154 152.8 150.4 147.5 143.8 136.1 136 136.4 138.2 138.9 140.1 141.5 142.5 143.6 144.7 147 148.7 149.7 150 150.1 151.6 153 154.1 155.3 155.8 155.3 154.9 150.1 148.2 145.7 148.5 151 150.3 146.4 144.4 142.8 141.6 140.8 139.6 138.9 138 137.8 137.7 138.2 138.5 138.4 138.1 137.4 136.3 135.3 134.6 134.1 133.9 133.7 133.2 132.6 131.8 131.4 131.2 130.9 130.6 130.6 130.8 130.9 130.8 130.8 130.7 131 131.5 130.5 131.3 132.2
148.8 147 147.9 150.3 152.3 152.8 151.8 151.5 149.4 147.2 144.3 139.9 135.3 135.2 137 138.2 139 140.4 141.1 143.5 147 149.7 150.7 151.4 151.5 152.8 154.3 155.6 156.1 156.3 156.8 155.7 154.7 153.2 151.3 150.1 145.7 146.6 147.1 146.8 143 141.6 139.9 138.9 138.2 137.5 136.7 136.6 136.3 136.6 137 136.8 136.7 136.5 135.5 134.8 134 133.9 133.9 133.6 133.3 132.7 132.5 132.1 131.5 130.9 130.4 130.4 130.5 130.6 130.6 130.5 130.8 131.2 131.4 131.7 131.4 132.1
149.1 146.7 145.7 147.3 149.6 150.5 150.3 150 148.1 146.6 144.3 142.7 134.7 135 135.9 137.6 140.7 142.5 143.2 144.6 148.1 150.6 151.4 152.1 152.9 154.3 156.2 157.5 157.1 156.6 157.1 156.3 155.6 154.2 152.7 150.4 146.5 142.1 141.2 140.9 140.5 139.6 138.3 138.1 137.7 137 136.2 135.6 135.5 135.3 135.4 135.6 135.4 135.6 135 134.4 133.9 133.6 133.7 133.6 132.9 132.8 132.7 132.2 131.5 130.9 130.3 130.1 130.3 130.4 130.4 130.5 130.6 130.5 131.3 131.5 131.7 132.7
149.7 147.2 144.1 144.3 146.5 148.2 148.8 147.7 147.3 145.8 143.9 141.9 134.7 134.5 135.6 139 141.7 144.4 147.3 146.2 147.4 150.1 151.7 152.6 154.1 156.4 156.9 156.7 156.5 156.8 157.2 156.8 156.3 155.2 152.9 150.3 148.1 144.4 140.6 139.7 139.1 138.5 138.7 137.8 137.5 137 135.8 135.6 135.5 135.2 135.5 135.4 135.6 135.2 134.6 134.2 133.8 133.7 133.6 133.4 133.1 132.6 132.5 132.4 131.5 130.9 130.4 130.3 130.3 130.3 130.4 130.4 130.2 130.5 131.2 132 132 132.4
149.2 147.1 145.5 142.9 142.6 145 147.6 146.5 146.5 145.3 143.2 140.6 134 134 135 138.5 143.2 147.2 149.8 151.2 148.8 150.7 152.8 153.3 154.7 155.8 156.4 155.5 156.2 156.5 156.8 156.7 156.2 155.3 153.2 150.5 148.3 146.1 143.1 139.4 138.8 138.4 138.1 137.4 137.1 136.9 135.3 135.4 135.7 135.3 135.5 135.4 136.1 136.4 135.1 134.5 134.3 134.1 133.6 133.4 133.3 132.9 132.6 132.3 131.8 131.1 130.6 130.3 130.5 130.5 130.6 131.1 131.1 131 131.1 132.1 132.8 132.6
149.2 147.9 146.4 144.5 142.1 140.9 145.4 144.7 145.1 143.9 141.7 139.3 134.9 133.6 134.4 141.1 145 147.8 151.5 154.9 154.1 151.9 153.6 154.2 154.7 155.3 155.2 155.5 156 156.2 156.4 156.4 156 155.4 153.5 150.2 147.8 145.7 144 141.5 139.3 138.5 138.8 138 137.2 137 135.2 135.4 135.5 135.6 136.1 137.1 137.7 137.1 135.4 134.6 134.6 134.3 133.8 133.4 133.3 133 132.7 132.4 132.1 131.5 130.9 130.4 131 131.5 131.9 132.3 131.4 131.1 131.2 132.5 133.5 133.4
148.8 148.5 147.6 146.6 144.6 140.1 140.6 143.5 144.1 142.9 141.5 139 135.1 132.7 135.4 142.9 145.9 148.6 151.2 155.3 156.9 155.1 153.5 153.8 154.6 155 154.8 155.3 155.8 156 156.2 156.2 155.6 154.6 152.8 149.8 146.9 145.2 143.7 142.1 140.1 139.5 139.5 138.5 137.1 137.2 135.8 136.3 136.9 137.4 137.8 140 139.4 138.5 137.1 135.2 134.4 134.3 133.9 133.7 133.3 133.1 132.8 132.3 132.5 132.2 131.5 130.8 130.7 131.3 131.5 131.9 131 130.7 131.3 132.8 134.1 133.7
148.7 148.3 147.9 147.5 145.8 142.5 138.4 140.7 141.3 141.3 140.3 138.6 133.5 131.6 140.2 143.7 147 149.4 151.5 155.6 157.5 157.3 156 154.7 154.3 154.6 154.2 154.9 155.6 156 156.2 155.6 154.8 153.7 152 148.6 147 145.5 144.1 142.4 141.8 141.9 142 138.9 137.4 137.4 136.8 137.5 139.7 140.9 140.6 141.3 141.1 139.3 138.1 136.5 134.8 134.3 134.4 134.3 133.7 133 132.5 132.7 132.9 132.8 132 131.2 130.1 130.5 130.9 130.7 130.8 130.6 131.6 133.1 134.2 133.9
146.8 146.9 146.7 146.1 144.9 143.5 139.9 137.3 137 138.3 138.5 137.2 133.2 131.6 140 144.3 147.1 149.4 152 155.5 157.5 157.7 157.7 156.2 155.9 155.4 154.8 154.8 155.3 155.8 156.2 155.3 154.2 152.5 150.6 148.2 146.7 145.4 144.3 143.3 142.4 142.7 142.5 139.6 137.5 137.9 137.9 138.8 141.6 142.4 141.9 141.7 141.7 140.4 138.8 137.3 136.1 134.8 134.5 133.9 133.3 132.9 132.9 133.1 132.9 132.4 132.5 131.5 130.8 129.5 130.2 130.6 130.4 130.6 131.9 133.1 134 134
146.3 145.3 144.9 144.8 143.8 142.5 141.2 138.4 134.6 135.4 136.1 135.2 132.2 132.7 140.3 145.3 147.4 149.7 152.5 155.4 157.3 158 157.9 156.7 156.2 156.5 155.9 155 155 155.5 155.5 154.4 153.3 151.4 148.5 146.8 145.4 144.6 144.1 142.8 141.8 141.7 140.9 138.8 138.6 138.7 138.6 139.2 141.2 141.8 141.3 140.7 141.3 140.1 138.7 138.1 137.6 135.7 135 134.2 134 133.4 133.4 133.5 133.7 133.8 133 131.8 131.4 130.6 130.3 129.9 130 130.9 131.6 132.9 133.8 133.7
145.6 144.6 143.5 143.4 143.1 141.8 140.4 139 135.4 133.5 134.1 132.9 130.9 133.9 141 144.6 147.9 149.8 152 154.7 157 158 158.1 157 156.8 156.8 156.1 155.3 154.8 154.8 153.8 152.8 151.5 149.5 147.3 146.1 144.7 144 144 142.6 141 140.6 139.4 138.7 138.5 138.7 139.1 139.3 139.9 140.8 140.8 139.8 139.3 139 138.2 137.6 137 136.3 135.5 135.3 135.4 134.1 134.4 134.8 135.4 135.2 134 132.6 132.3 132.4 131.2 129.6 129.7 130.4 130.9 132 132.9 133
145.8 144.1 142.6 142 142.6 141.2 140 138.4 136.6 132.6 132.1 131.3 130.6 134.5 141.1 144.7 147 149.6 151.9 154.2 156.8 157.6 157.8 157 156.7 156.4 155.7 154.9 154 152.8 152 150.7 149.6 148.5 147 145.4 143.8 143.7 143.8 142.8 141.4 140.5 139.6 139 139 138.9 139 139.2 139.4 139.3 139 139.1 137.6 137.5 137.2 136.7 136.5 136.1 135.6 135.4 136.8 136.5 135.4 135.9 136.9 136.6 135.4 133.6 133.2 133 132.2 130.6 129.9 129.5 129.9 130.7 131.5 132.2
146.1 144.3 142.6 140.7 140.3 139.6 139.2 137.6 136.2 134.9 131.2 130.4 130 135.8 141.2 144.1 147 149.4 151.3 153.6 155.4 156.7 156.6 156.4 156.2 155.8 155.2 154.5 153.5 152.4 151.4 149.6 147.7 147.1 145.6 144.4 143.1 143.2 143.2 142.6 141.2 140.3 140.1 140 140.8 140.4 140.1 140 139.5 138.5 137.9 137.8 137.3 135.9 135.7 135.3 135.4 135.3 135.2 136.5 139.2 140 137.9 136.7 138.2 137.8 136.6 134.7 133.9 133.5 132.9 131.6 130.4 130.9 129.2 129.8 130.8 132.2
146.6 144.8 143.3 141.5 139.8 138.4 138.7 135 134.1 133 131.1 129.6 129.1 136.3 140 143.1 145.8 149.4 150.8 151.8 153.8 155.7 155.6 155.3 155.1 155 154.9 154.4 153.4 152.7 151.6 150.2 147.6 146.3 145.6 144.3 143.3 143 142.8 142.9 141.9 141.1 140.7 141.5 143.2 142.1 141 140.1 139.5 138.8 138.4 137.6 137 136.2 135.5 135.3 135.8 136.9 136.4 137.7 139.8 140.4 139.5 138.5 138.8 138.8 137 135 134.5 134.1 133.6 132.1 131.2 131 128.6 129.3 130.4 132
147.3 145.6 144.2 142.5 141.3 140.1 138.6 134.8 132 130.9 129.7 129.2 129 135.6 139.4 142.1 144.9 147.6 149.8 150.5 151.5 153.9 154.7 154.3 154 153.8 153.6 153.8 154.3 153.9 152.4 150.8 149.6 147.8 145.4 144.3 143.8 143.7 143.7 143.6 143.1 142.1 142.2 144.6 144.5 142.7 141.6 140.6 140.3 140.3 139.9 139.1 138.1 137.8 137.8 137.5 137.4 137.9 138.4 138.6 140.2 140.8 140.6 139.5 139 138.1 137 135.3 135.1 134.8 134.2 132.8 131.9 130.9 128.1 128.9 130.1 132.1
148.3 147.1 145.9 144.9 142.7 140.7 139 137 133.2 128.8 128.3 127.9 126.9 134.7 138.3 141 143.6 145.8 147.4 148.3 150 152 153.1 153.6 152.9 152.8 153.1 154 154.8 154.8 153.2 151.6 150.2 148.5 145.4 144.5 144.7 144.6 145.2 145.5 144.8 143.3 144.9 145.6 144.5 142.8 142.2 141.3 140.5 141.3 141.1 139.9 138.9 139.2 140.1 140.3 140.9 139.9 139.2 139.2 139.7 140.6 140.8 139.2 137.7 136.9 136.1 135.5 135.3 135.5 134.9 133.8 132.8 131.2 128.7 128.4 129.2 131.6
151 148.6 147.6 146.1 143.9 141.4 139.4 137.7 134.8 132.3 127.2 127.5 128.2 132.4 136.8 139.1 142.1 144.6 146 145.6 146.3 148.1 150.4 151.7 151.9 152.6 153.5 154.3 155 154.6 154.1 152.9 150.5 149 146.6 145.4 145.4 145.3 146.7 147.6 147.5 145.6 146.8 146.3 144.8 143 142.2 140.9 140 141.8 141.9 140.7 139.8 139.5 140.1 140.3 140.8 141 139.7 138.7 138.6 139.2 139.1 137.4 136.2 135.1 135 134.8 136 136.9 136.1 135 133.8 133.1 131.2 128 127.8 129.4
156.5 153.5 149.9 147.7 145.3 142.8 139.9 137.9 135.6 133.2 128.1 127.2 126.7 130.2 135.1 137.2 140.5 143.1 144.3 144.7 146.4 146.4 148.6 149.5 151.3 152.5 153.4 154.3 154.7 154.4 154.1 153.4 151.2 150.5 149.9 148.1 145.6 146.2 147.8 148.6 148.5 147.5 147.5 146.8 145.5 144.4 141.7 140.1 139.8 142 142.6 141.9 141.1 140.3 139.9 139.9 140 139.6 139.2 138.2 137.9 137.6 137.4 136.4 134.3 133.6 133.3 133.5 135.1 136.7 136.1 135.5 135.1 134.4 133.1 131.1 127.5 129.1
163.5 161 153.4 150.1 146.6 143.3 140.3 137.6 135.5 132.2 130 126.3 126.2 129.1 133.1 135.3 137.5 140.6 142.6 142.8 143.6 144.9 145.8 148 150.5 152.4 153.4 154.3 154.5 154.4 154.1 153.6 152.1 151.1 150.5 148.7 146.6 146.9 147.9 148.6 148 147.3 147.5 146.6 145.6 144.5 142.6 140.3 139.4 141.5 142.7 142.7 142 140.9 139.9 139.6 138.4 138.7 138 137.5 137.1 136.6 135.9 134.2 132.4 131.9 131.7 132.3 134 135.8 134.7 135.3 135.6 135.1 133.5 132.5 128 129.5
168.5 164.3 158 151.5 147.2 143.7 140.1 136.8 134.8 131.9 130 124.4 125.7 125.6 130.8 132.8 135 137.2 139.2 141.7 141.9 141.7 145.2 147.7 149.6 150.8 152.8 154 154 154.1 153.9 153.3 152 150.5 149.4 148.6 147.5 147 147 147 146.8 145.9 146.6 146 144.7 143.4 141.6 139.4 139 140.2 141.7 142 141.5 140.4 139.2 138.2 137.2 136.7 136.5 135.7 135.8 135.3 134.6 132.3 131.4 130.9 131.2 131.3 132.1 133.9 133.8 134.5 134.7 133.9 133.4 132.5 127.6 128.3
171.4 165.7 158.8 152.4 147.9 143.6 139.4 135.9 133.7 131.9 130.2 125.2 125.2 125.3 125.2 130.6 132.7 135 136.3 138.7 138.3 140.4 144.8 147.7 148.8 149.7 150.5 151.7 152.4 153.2 152.8 152 150.7 149.1 147.9 147.3 146.5 146 145.3 145 144.3 143.6 144.8 145.4 143.2 141.1 140.1 138.9 138.2 139.4 140.2 140.1 139.7 139.2 137.9 136.6 135.5 134.4 134.7 134.6 134.2 133.9 133.5 132.1 131.3 131.1 131.7 132.1 132.1 132.4 132.5 133.4 133.9 133.4 132.9 132.1 128.4 128.6
171.6 165.6 158.7 152.6 147.6 142.3 137.8 135 132.7 131.4 130.3 126.4 124.6 124.2 124.1 128.4 131.1 132.4 134.3 135.3 134.7 140 143 145.6 146.6 148.1 149.5 150.3 151.1 151.9 151.6 150.9 149.6 148.2 147 146.1 145.5 144.8 144.1 142.7 142 142.7 143.5 142.5 140.3 138.2 137.3 136.5 137.1 138.4 138.9 138.3 137.8 137.6 136.5 135.2 134.2 133 132.4 132.8 132.9 132.5 132.2 132.1 131.6 131.6 132.2 132.2 132.2 132.5 132.2 132.5 133.1 133.1 131.7 130.9 127.8 129.7
166.3 163 157.6 152.5 147.6 141.7 137.4 134.3 131.3 129.9 129.6 127.2 122.9 124.2 124 126.1 129.2 130.3 131.9 131.9 133.8 138.2 142.4 143.6 144.6 147 148.3 150 150.5 150.7 150.2 149.5 148.7 147.5 146.1 145.1 144.4 143.7 142.9 141.9 141.2 141.3 141.7 140.3 138.3 135.9 134.9 135.1 136 137 137.5 136.9 136.5 135.8 135 133.8 132.8 132.2 131.2 130.7 131 131.2 131.1 131.2 131.3 131.6 130.5 131.5 132 132.8 132.3 132.6 132.3 132.1 131.3 130.9 126.7 128.7
159.1 157 153.9 150 146.2 141.3 137.5 134.2 130.8 128.5 129.4 128.3 123.1 123.2 123.2 122.7 127.1 129.5 130.2 131.2 132.7 137.1 140.6 142.3 142.5 144.4 147.5 149.5 150.3 150.3 150.1 149.6 148.1 146.4 144.7 144.1 143.2 142.3 142 141.4 140.8 140.1 139.2 137.7 136.1 134.5 134.5 134.3 135.2 135.9 136.4 135.9 135.4 134.9 133.3 132.2 131.7 131.2 130.5 129.7 129.3 129 129.2 129.4 129.8 130.3 130 129.8 130.8 131.2 131.8 132.1 132 131.7 131.2 130.2 125.7 130.1
152.4 150.9 148.9 146.2 143.5 140.7 136.8 134.2 131.2 128.6 128.6 127.3 123.9 123 123.2 123.2 125.1 127.4 129.2 130.9 131.3 135.4 138.8 140.5 141.8 142.9 146.5 149.2 150.3 149.9 149.8 149.1 147.1 145.6 144.5 143.9 143 142.1 140.8 140.1 139.3 138.3 137.6 136.4 135 134.5 134.7 134.5 135.5 135.3 135 134.9 134.4 133.9 132.1 131.4 131.3 130.7 129.3 128.3 128.2 127.8 127.7 128 128.2 128.6 128.3 128.8 129.6 130.2 130.8 131.5 131.4 131.3 129.4 126 126.5 131.5
148.4 147.1 145.3 142.8 141 138.3 135.6 133.1 131.7 130.8 129.5 128.4 125.6 122.9 123.2 123 124 125.3 127.1 129 130.6 133.4 135.8 138.5 140.5 142.3 145.1 148 150.1 150.2 149.5 148.6 147.1 145.2 144 143.8 143.6 142.9 141.6 139.5 135.2 135.2 136.2 135.4 135 134.5 133.7 134.8 135.2 134.7 134.3 133.9 133.3 132.8 132.1 131.2 130.8 129.8 128.2 127 126.9 126.5 126.5 126.8 126.9 126.9 126.9 127.2 128.1 128.5 129.3 130.3 129.9 129.6 127.8 124.9 127 131.7
