app/static/ascii/NJ64.asc
ncols 200
nrows 200
xllcorner 360000
yllcorner 840000
cellsize 50
[rows 105 to 139 of 200, columns 79 to 157 of 200]
143 140.7 140.8 136.3 137.1 137.9 138.5 140.6 140 139 138.3 139.3 143.3 147.1 150.5 155.9 160.7 165.1 168 172.1 175.3 176.8 175 174.7 178.3 183.6 189.2 193.8 195.8 198.8 202 202.6 201.4 199.6 196.3 191.6 187 183.4 180.9 178.6 178.3 177 173 164.5 159.8 153.6 146.1 139.7 133.9 127.4 119.5 112.6 109.8 107.6 107.4 109.9 114.5 119.4 124.2 129.1 132.8 138 143 146.8 149.4 152.3 154.4 156.1 157.8 161 165.4 170.5 178.6 184.1 187.2 188.9 189.8 190.6 191.3
145.6 142.8 140.5 138.9 139.9 140.7 141.4 142.3 143.8 144.1 143.2 142.6 144.9 148.8 152.6 158 163.2 167.8 172.4 176.9 180 182.3 183.1 183.5 188.1 194.7 199.4 202.1 203 204.5 206.4 206.3 203.2 200.2 196.8 191.1 187.1 184.9 183.1 182 180.6 179 175.1 168.2 162.6 155.6 148.7 142.3 136.5 130.8 123.1 116 112.4 109.8 107.8 107.8 111.5 116.2 120.9 125.6 130.6 136 140.7 144.1 146.7 148.9 150.5 152.2 154.1 158 163.1 168.8 176.4 183.4 186.2 187.5 188.5 189.5 190
144.7 141.6 139.7 140.5 141.7 142.9 143.9 145.1 146.9 148.2 148.2 147.9 146.3 150.9 154.1 158.7 164.2 169.8 174.6 178.6 183.2 186.5 185.4 191 197 205.8 209.5 211.1 211.4 212.6 211.7 210.3 206.5 202.2 197.5 191 186.9 184.4 182.7 181.5 180.7 179.4 175.3 169.2 164.1 156.5 149.7 143.6 137.4 130.7 123 118.9 115.2 112.1 110.7 110.9 109.6 112.3 117.2 122.1 127.5 133.7 137.8 141 143.4 145.4 148.1 149.7 152.6 155.9 160.4 167.1 173.8 181.3 184.5 185.9 186.8 187.7 188.5
144 141.6 140.9 142.1 143.6 145.4 148.1 150.1 151.5 152.2 152.9 152.6 151.2 150.7 155.1 158.8 164.9 170.8 175.5 180.1 185.1 191.1 194.4 198.6 204.3 212.9 216.7 218.8 218.9 219 217.4 214.6 209.2 203.3 198.3 191.9 186.6 183.9 182.1 179.6 176.4 174.4 173 167.3 161.6 150.3 143.8 140.9 138.7 134.8 128.5 122.4 118.3 115.4 113.5 113.2 113.5 112.4 113.2 118.2 123.6 129.1 133.8 137.4 140.1 141.7 144.9 147.9 151.2 154.4 158.2 164.4 171.7 178.2 181.7 183.7 185.1 186 186.8
144.3 143.3 143.2 144.7 147.1 149.9 152.8 155.1 156.4 157.2 157.9 157.3 155.7 155.5 156.3 160 165.3 170.5 174.4 180.4 186.7 191.9 198 203.6 210.3 218.5 222.1 223.8 223.4 222.3 219.3 215.4 211.1 204 199.4 192.9 188.2 183.9 181.2 176.8 176.5 172.4 167.9 163 160.1 156 151.5 147.9 143.3 138.4 132.4 126.5 123.7 120.5 117.4 115.5 115.3 113.9 112.4 114.7 118.9 124.3 129 132.8 136.2 138.8 142.9 146.3 149.6 153.3 157 163.2 169.9 175.1 178.6 180.8 182.4 183.8 185
146.4 146 146.9 147.8 151.3 154.9 158.3 160.1 161.1 162.1 162.8 161.9 160.5 158.5 158.8 161.6 166 169.3 173.7 179.6 186.8 192.7 199.6 206.1 213.2 222.2 224.6 225.9 225.2 222.5 219.7 215.8 210.4 203.1 198.2 192.9 188.5 184.9 181.8 181.5 181.5 179 175.2 170.6 166.2 161.9 157 152.6 147.3 142 138 134.6 131 127.6 123.5 119.5 117.6 116.5 115.4 113.9 115.1 119.5 123.9 128.2 132.6 136.9 141.1 144.7 148 151.6 156.4 162.4 167.4 172 175.3 177.7 179.6 181.3 183
148.5 147.8 147.6 150.9 154 157.6 162.1 164.4 165.7 166.8 167.5 166.5 164.6 162.5 162.5 163.7 166.5 169.8 173.2 178.8 187 193.9 201.1 207.4 214.6 223 224.8 225.6 224.1 221.4 218.2 212.8 207 200.6 196.6 192.8 189.1 185.8 184.7 186.3 185.3 181.9 177.9 173.8 169.5 165.6 161.2 156.5 151.2 146.8 143.6 141 138.2 135.3 131.1 125.7 122.5 120.4 119.3 117.7 117.1 115.9 119.4 123.5 128.8 134 138.9 142.6 146.3 149.9 155.3 160.3 165 168.3 171.4 174.4 176.4 178.6 179.9
151 150.1 151 154.4 157.7 162.3 165.7 168.3 170.2 171.5 171.8 170 167.8 165.8 164.7 165.2 168.1 171.4 174.4 178.2 185.3 194.3 201.7 208.2 215.4 221.5 223.9 224 222.1 219.4 215.5 209.4 203.9 199.3 196 193.3 190.3 188.1 189.5 190.3 188.7 184.7 180.6 176.6 172.4 168.2 164.1 160 155.9 152.3 149.2 146.3 143.3 140.6 137.8 132.6 128.9 126.4 124.3 122.2 120.7 120.1 116.4 120.2 125.3 131 136.1 139.9 143.8 147.7 153.1 158.1 161.5 164.4 167.4 169.8 172.1 174.2 175.5
154.2 153.7 155.7 159.9 163.1 167.4 169 172 174.7 176.1 176 173.8 171.4 169.1 168.1 168.1 169.9 173.1 176.7 180.7 186.1 193.7 200.8 208.6 215.6 220.7 222 222 220 217 212.9 208.1 203.2 200.2 197.2 193.9 191.6 192.5 194.2 193.9 192.2 187.9 183.4 179 175 171 167.2 163.3 160.1 156.9 154 151 148.4 145.7 143.1 139.3 135.7 133.3 130.4 128.1 125.8 123.8 121 117.2 121 126.6 132.4 136.6 140.7 144.8 149.9 154.8 157.8 160.7 163.5 165.3 167.6 169.7 171.4
159.6 159.5 161.8 165.3 168.3 172 173.1 175.1 177.8 179.6 179.6 177.8 175 172.5 172.1 171.9 171.9 174.8 178.2 182.2 187.8 193.8 199.8 207.8 214.1 218.6 220.1 220 218.1 215 211.5 208.5 203.8 201.1 198.1 195.2 194.3 196.5 198.5 197.3 195.6 191.8 187.5 182.9 178.5 174.6 170.8 167 163.8 160.8 157.9 155.1 152.9 150.9 148.3 145.5 142.3 138.5 135.3 132.5 130.2 127.2 125.2 123.1 119.2 121.6 127.9 132.5 136.5 140.2 145.6 150.4 153.6 156.8 159.6 161.5 163.1 165.3 166.6
165.4 165.6 167.9 170.5 173.5 174.1 175.1 176.9 179.7 182.6 182.8 181.3 178.6 176 175 174.8 174.2 175.7 179.7 183.7 188.8 194.1 197.8 206.1 213 217.1 217.9 217.5 216.6 213.4 210.6 208 204.7 201.7 199.4 196.4 198 200.3 201.6 201.2 199.1 195.2 191.4 187 182.8 178.5 174.4 171 168.7 164.6 162.1 158.9 156.5 154.5 152.6 150.7 147.7 144 140.1 136.5 133.8 130.7 128.7 126.5 124.5 120.9 122.9 128.4 132.1 135.8 140.8 145.8 148.5 152.6 155.5 157.6 159.1 160.9 161.9
170.4 170.1 173 176.4 177.4 176.9 177.5 179.9 183.2 185.8 185.7 184.8 182.9 180.4 177.9 178.9 177.9 179.4 183.7 187.5 190 193.3 197.7 205.5 211.6 214.9 216.3 216.7 215.1 212.6 210.2 207.8 204.8 201.8 200.3 198.4 200.3 202.5 203.9 204.1 202.6 198.6 194.8 190.4 186.5 182.7 178.9 175.8 172.9 169.3 165.5 162.5 159.9 157.9 155.9 153.6 151.1 147.1 143.3 140.4 137.2 134.2 131.9 129.9 128 125.4 122.9 123.9 126.6 130.8 135.2 139.2 143 147.3 150 152.5 154.7 156.7 157.4
177 177.5 179.4 182.2 182.4 181.6 181.6 183 187.2 188.9 189.1 187.6 185.9 184.3 182.2 181.8 183.1 184.5 188.5 191.6 193.8 195.9 199.8 205.4 209.7 212.9 214.2 215.2 213.7 212.1 208.8 205.8 203.9 202 200.6 199.8 201.8 203.8 205.4 206.1 204.9 202 197.8 193.3 189 185.2 181.9 179.6 176.6 172.7 168.4 165.3 163.1 161.2 159.2 156.9 154.2 150 146.7 143.9 140.3 138 134.4 133 131.3 128.5 126.5 124.9 124.8 125.5 129.5 133.8 137.5 142.4 145.5 148.3 150.7 152.8 153.6
183.3 183.9 185.9 187.5 186.8 187 187.3 188 190.5 192.4 192 190.3 188.6 186.9 185.2 185.5 187.4 192.1 194.3 195.9 197.3 199.8 201.6 205.2 208.1 210.3 212 213.3 212.9 211.5 208.2 204.6 203 201.8 201.4 201.2 202.5 204.9 206.4 207 205.8 203 199.9 196.1 191.8 188.2 184.8 182.5 179.8 176.3 172 168.7 166.1 164.3 162.4 160.2 156.6 152.7 148.3 144.4 142.9 140.3 137.4 135.4 133.9 131.5 130.8 130.1 129.4 128.8 127.4 127.3 131.9 136.9 141 143.8 146.8 148.9 149.9
188.5 189.5 192.1 193.7 192.6 192 192.2 192.8 195.7 196.1 195 193.3 191.6 189.9 188.5 188.7 190 196 201 202.4 201.6 203.4 204.5 205.3 206.9 209.2 211 212.2 211.3 210.8 207.9 204.8 203.1 202.8 202.5 202.7 203.9 205.9 206.1 205.7 205.2 203.5 200.4 196.7 193.1 190.3 187.7 184.8 181.8 178.7 175.7 172.6 169.7 167.4 165.5 162.4 158.9 153.9 149.4 145.8 144.2 142.1 139.5 137.6 136.1 135.2 135.3 134.7 134 133.5 132.2 127 131.1 133.8 134 138 141.4 144.1 145.1
193.2 195.2 197.5 198.6 198.6 197.9 197.3 199 200.7 200.2 198.7 196.5 194.8 193.1 192.6 192.5 196.5 201.6 206 207.5 205.9 206.6 207.4 207.6 208.3 209.1 210.5 211.7 211.3 210.4 208.3 205.3 203.9 203.7 203.6 204 204.7 206.1 205.3 204.5 203.6 202.5 199.9 196 193.7 191.6 189.1 186.9 184.1 181.2 178.3 175.5 172.8 170.1 167.2 164.4 160.2 154.6 150.4 147.4 145.5 143.9 141.3 139.4 138 137.3 137.5 138.7 138.4 137.3 135.9 129 133.3 139 138.4 137.4 138.2 140.3 142.6
196.9 200.4 202.8 203.8 205.1 205.8 204.7 205.7 205.4 205.2 202.5 199.9 198 197 197 197.3 202 206.3 210.5 212.5 210.4 210 210.1 209.9 209.5 210.6 212.5 211.8 211.7 210.6 208.6 206.1 204.7 204.6 204.4 205.2 206.5 206.6 206.1 204.6 203.2 201.1 198.7 195 193.1 191.1 189.1 186.6 184.2 182.2 180.1 177.2 174.5 171.8 168.9 165 160.8 155 150.9 149 147.2 145.3 143 141 139.6 139.3 140 141.6 142 140.8 139.2 128.8 132.2 141.4 143 142.6 142.3 143.4 145.8
200.1 204 207.3 206.2 209.2 209.8 210.6 210.6 210.2 209.8 207.7 204.9 201.2 201 201.1 202.1 206.2 210.5 214.8 217.6 214.6 213.9 212.9 212.3 212.1 213.5 214 212.6 211.8 210.7 209.1 206.8 205.6 205.1 205.3 206.5 208.1 208.2 207.3 206.2 203.6 200.2 196.9 194.4 192.4 190.4 188.4 186 183.4 181.5 179.6 177.4 174.6 171.7 168.3 164.5 159.6 154.3 152.3 150.6 148.8 146.9 144.1 142.3 141.3 141.3 142.2 143.3 143.7 143.4 140.9 130.3 137.7 142.6 144.6 145.8 146.3 146.5 147.9
200 204.9 208.5 208.3 211.3 212 213 213.9 214.6 214.1 213.2 207.8 204.6 204 205.1 206.5 209.8 214.2 218.3 220.7 219.5 217.9 215.7 214.9 215.1 215.9 215.9 214.4 213.6 211.9 209.7 207.5 206.5 206.2 206.7 207.8 209.4 209.8 209 208.2 205.6 201.6 198.1 195 192.4 190.4 188 185.5 182.9 180.3 178.1 175.9 173.3 170.1 166.4 162.7 157.5 153.5 152.1 150.7 149.4 147.5 144.8 143.2 141.9 141.2 141.5 142.3 144.1 142.8 137.4 133.6 142.4 144.6 145.8 147 148 147.9 148.6
197.9 203.7 206.8 208.1 209.6 210.4 212.1 213.4 215.4 216.3 216 212.3 207.5 206.5 207.8 209.4 213.7 217.9 221 224.1 223 220.5 217.8 217.7 217.4 217.8 217.3 215.2 214.1 212.8 210.7 209.7 208.5 207.8 208.4 209.9 210.6 211.8 211.7 211.2 208.5 204.2 199.9 196.3 193.8 191.3 188.3 185.4 182.9 179.5 175.8 173.4 170.8 168.2 164.7 160.9 156.9 153.3 151.9 150.5 148.4 145.9 143.1 141.6 140.3 139.7 140.2 141.1 141.5 139.2 132.3 137 144.1 145.7 147 148.2 148.6 148.8 149.5
194 198.6 201.3 203.5 205 207 209.6 212.3 215.6 217.5 217.8 216.3 211.9 210.4 211 212.8 217.7 223.4 226.5 227.6 225.8 223.1 220 219.7 219.2 218.8 217.5 215.4 214.6 213.8 212.5 212 211.2 210.4 211.9 213 213.6 214.2 214.7 214.4 211.5 206.9 202.6 198.2 195.3 192.9 189.8 186.5 183.1 179.5 175.9 172.2 168.7 166.1 163.1 159.6 155.8 152.8 151.3 149.1 147 144.4 141.6 140.1 138.8 137.7 137.7 138.3 137.6 133.9 133 140.2 144.7 146.6 147.8 149.2 149.6 149.8 150.6
185.9 190.9 192.6 194.3 197.7 202.1 205 209.1 213.8 216.6 218.2 217.6 214.3 214.1 213.8 217.4 224.2 229.5 231.9 230.6 228.4 225.3 222.2 221 219.6 218.4 217.1 215.6 215.1 214.6 214.1 213.6 213.1 212.5 214.3 216 216.6 217.3 217.7 217.2 214.4 209.9 205.2 200.4 197.2 194.8 191.3 187.2 183.4 179.9 176 171.8 168.1 164.6 161.8 158.3 154.8 152.4 150.2 148.2 145.8 143.5 141.2 138.9 138 137.1 135.7 134.5 133.5 132.5 135.3 141.6 145.7 146.9 148.1 149.8 151.4 151.7 152.1
175 179.2 181 182.4 186.9 193.6 199.3 204.1 211.3 215.4 217.4 217.7 217 216.8 216.2 220.4 227.8 232.4 233.2 232.5 230.3 227.5 224 221.2 219.4 218.1 216.7 215.4 215.8 215.8 215.5 214.7 214.4 214.3 216.5 218.6 219.7 220.5 220.7 219.5 216.7 212.2 207.3 202.7 199.7 196.4 193.1 188.8 184.3 179.3 175.1 171.1 167.5 164.1 160.9 157.4 154.2 152.8 150.9 149.3 146.9 144.6 142.6 141.7 140.1 138.9 137.5 135.5 134.6 134.8 136.4 141.2 145 147.3 148.7 150.2 151.7 152.7 153
161.9 164.9 168.2 172.3 177.4 183.8 190.9 198.6 206.1 213.3 215.9 217.5 217.8 218.4 219.6 223.3 230.6 233.5 234.1 233.1 231.1 228.2 223.9 220.2 218.2 216.9 215.6 214.4 215 215.5 215.7 215.6 215.2 216.3 217.8 220.2 221.8 223.1 223.1 221.7 218.3 214 209.4 205.1 201.3 197.6 193.7 189.2 184.3 179 174.3 170.4 166.8 163.5 160 156.5 154.2 153 152.1 150.5 148.3 146 144.5 144.2 142.6 140.9 139.2 136.9 135.9 136.8 137.8 140.3 143.6 146.5 148.7 150.4 152.3 153.9 153.9
154.7 157.7 160.7 164.2 168.9 175.6 184.9 193.1 200.6 209.4 214.1 216.5 217.7 219 220.3 224.9 230.3 232.8 233.6 232.1 229.8 226.6 222.5 218.6 216.4 215.5 214.1 213 213.4 213.8 214.2 214.6 214.9 217 218.8 221.4 223.3 224.4 224.5 222.6 219.3 215 210.2 206 202.4 198.6 194.1 189.5 184.2 178.9 173.6 169.7 166.1 162.9 159.6 156.4 154.2 152.9 151 150.3 148.2 146.1 146.8 146.5 144.7 142.7 140.1 137.1 137.5 138.5 139.4 141.2 143.2 146.2 148.4 150.6 151.9 153.4 154.5
148.6 151.6 154.6 157.5 161.7 168.6 177.8 187.5 196.5 204.4 210.2 212.1 215.4 217 219.2 224.2 229.1 231.5 231.6 229.6 227.5 224.4 220.4 216.6 214.2 212.8 211.9 211.5 211.8 212.2 212.2 212.2 213.1 214.8 217.8 220.5 222.6 224.2 223.9 222.2 219.3 215.4 211.1 207 203.2 199.5 194.4 189.3 184.1 178.9 173.7 169.5 166.1 163.2 159.7 156.7 154.3 152.2 150.3 149.4 148 147.4 147.9 148.6 145.6 143.1 140.1 138.8 139.6 140.5 141.4 142.5 144.9 147 149.3 151.5 152.4 153.2 154.5
141.4 145.3 147.9 150.6 155.4 162 170.9 180.5 189.3 197.4 203.8 206.8 210.3 213.6 217.3 223.1 227.1 228.3 227.7 225.8 223.2 221.2 217.8 214.2 211.2 210.1 208.9 208.1 208.2 208.6 209.2 210.2 211.2 212.9 216.1 219.4 221.7 222.7 222.4 220.5 217.8 214.8 210.7 207.2 203.7 199.2 194.6 189.6 184.4 179.3 174.1 169.9 166.4 163.4 160.2 157.4 155.2 153.2 151.4 149.2 148 147.5 147.5 147.5 145.6 142.9 139.7 140.6 141.6 142.6 143.4 144.1 145.8 147.9 150.2 152.2 153.1 153.9 154.7
134.9 138.6 141.3 144.3 148.5 155 162.2 170.4 179.5 187.2 193.6 201.2 204.4 208.5 212 218.6 223.9 223.6 222.5 220.9 219.9 218 214 210.2 207.8 206.7 205.5 204.8 204.6 205 205.9 207.2 208.5 210.7 213.8 217 219.6 220.7 220.9 218.8 216.5 213.2 210.2 206.4 202.9 199.5 194.8 189.9 184.9 179.7 174.6 170.4 166.8 163.7 161 159.5 157.9 155.1 153 150.4 148.6 147.3 146.2 144.8 143.8 141.5 141.4 142.6 143.7 144.5 145.2 145.9 147.1 148.8 151.1 152.9 153.7 155.1 156.9
133 135.4 137.7 140 142.5 146.4 152.6 160.1 167.6 174.3 182.3 192 196 201 206.6 214.2 218.6 218.2 217 216.4 214.6 211.6 208.3 205.8 204.1 203.1 202.5 202 200.8 201.3 202.9 204.6 206.4 208.6 211.3 214.6 217.8 219 219.4 217.2 215.2 211.8 208.7 205.6 202.2 198.7 195 190.2 185.2 180.1 175.7 171.2 167.5 164.9 163.4 162 160.5 158.5 155.7 152.1 149.7 148.2 146.5 144.7 143 142.6 144.3 145 146 146.6 147.1 147.8 149 150.3 151.9 153.9 155.6 157.3 159
137.3 137.2 138 138.8 140.8 143.4 145.9 151 156.2 163.7 171.4 180 186.1 192.8 198.7 204.5 210.2 212.1 212.2 212.1 210 206.5 204.2 202.2 200.6 200.1 199.6 199 198.2 199.4 200.7 202.4 204.3 206.5 209.2 212.5 216.3 217.7 217.7 215.7 213.9 210.7 207.9 205.8 202.1 198.3 194.6 190.5 186.2 181.7 177 172.3 169.6 167.9 166.2 164.7 162.9 161.5 158.6 155.6 153 150 147.8 146.1 144.4 145.1 146.8 148 148.8 149.7 150.5 151.3 153.1 153.5 153.9 155.8 157.7 159.8 161.8
141.5 140.9 141 142.9 143.4 144.9 147.5 150.3 151.4 155.7 160.6 169.8 177.4 184.3 190.2 196 200.8 204.1 206.3 206.3 204.6 202.3 200.3 198.6 197.6 197.3 196.9 196.5 196.7 197.6 198.8 200.4 202.1 204.5 206.5 209.9 214.1 217.2 217.8 217.3 214.6 211 207.5 205.5 202.3 198.6 195 191.6 187.4 183.3 178.7 175.6 172.6 171.5 171.1 168.6 166.8 165.6 162.8 159.6 156.3 153.1 149.6 147.1 145.2 146.4 148.7 151 151.9 152.8 153.7 154.9 156.2 156.9 156.6 158 160.8 163.2 165.2
146.4 145.5 145 147.2 148.3 149.4 153.6 155.4 158.7 159.9 161 160.9 168.2 176.4 184.3 190 194.8 198 200.6 200.7 199.7 198.2 196.9 195.6 195.4 195.5 195.1 195.7 196 196.4 197 198.9 201.5 203.3 205.4 208.7 212.9 217.1 218.5 217.5 214.9 211.7 208.3 205.3 202.6 199.1 195.7 192.3 189.6 185.4 182.8 180.3 177.4 177 175.2 173.7 171.3 168.7 165.8 162.1 158.9 155.4 151.9 148.4 147 149.2 152.1 154.8 155.4 156.2 157.7 159.3 160.1 160.9 160.6 160.8 162.7 165.6 168.6
154.8 153 151.8 155.1 160.3 163.8 167.9 170.6 170.7 169.5 170.9 171.8 163.9 169.5 179.2 185.5 190.3 194.6 195.4 196 195.3 195.1 193.9 193 193.2 193.7 194.4 195.1 195.2 195.5 196.2 198.3 200.5 202.7 204.1 208.6 213.3 217.1 218.1 217.6 215 212.3 209.3 206.1 203 199.8 196.4 193.4 191.6 188.5 187.8 185.3 182.7 182.3 180.4 178.3 175.4 172.5 168.5 164.6 161.2 157.6 154.1 150.5 149.1 152.3 155.5 158.1 159.6 161 162.4 163.5 164.4 165.3 164.8 164.5 165.4 167.6 171
165.5 164 164.2 167.7 174.9 180.1 182.6 182.4 180.2 177.8 177.3 176.4 173.3 173.2 171.3 178.4 185.7 190.5 192.1 192.9 192.8 191.6 190.8 190.4 191.4 192.8 193.6 194.3 194.3 194.9 196 198.3 200.5 202.4 203.4 207.9 213.3 216.8 217.5 217.1 215.1 212.5 209.6 206.5 203.4 200.3 197.2 195.3 193.4 192.3 190.9 189.8 188 186.2 184.5 182.3 179.6 175.7 171.3 166.3 162.5 158.8 155 151.4 152 155.1 158.4 161.9 164.7 166.2 167.8 167.8 168.4 169.7 169.2 168.5 169 171.6 174.2
176.8 178.1 179.2 182.8 188.1 192.6 194.4 193.1 190.2 185.4 183.1 181.5 179.3 179.3 177.5 175.3 175.4 182.5 189.2 190.2 190.8 188.8 187.9 188.9 190.5 191.8 192.7 193.2 194.1 194.8 195.9 198.2 200.5 202.2 203.2 207.5 212.4 215.8 216.4 216.1 214.6 212.7 210 206.9 203.8 200.7 198.2 196.3 194.5 194 193.9 193.1 191.6 189.5 187.4 185.1 181.6 177.5 173 167.5 163.5 159.6 155.7 152 154.9 158.2 161.4 166.4 169.3 171.7 172.8 172.9 172.6 174 174 172.8 174.4 175.5 178.5
