app/static/ascii/NJ65.asc
ncols 200
nrows 200
xllcorner 360000
yllcorner 850000
cellsize 50
[rows 105 to 139 of 200, columns 0 to 78 of 200]
141.6 140.7 138.5 136.2 134.2 133.6 133.5 131 126.2 119.4 118.4 122.2 124.5 125.6 126.1 126.6 126.9 127.1 127.9 128.7 128.7 128.3 127.7 127.2 127.3 127.6 128.4 129.7 130.8 131 131.2 130 129.2 127.9 130.6 132.3 133.9 134.7 136 138.5 142 144.9 147.9 149.2 150.1 150.3 150.2 150.1 149.6 149.6 151.5 154 156.8 158.4 158.9 160.6 163.9 167.4 170.9 173.8 176.4 178.7 180.5 182 183.3 186 189 193.4 198.4 203.4 209 215.3 221.6 229.1 235.8 239.5 238.3 234.4 230.1
143.8 141.7 139.6 137.3 135.1 133.4 132.7 129.7 126.5 119.9 116.2 119.6 122.3 123.5 124.2 124.9 125.3 126.2 127 127.4 127.4 127.1 126.3 125.8 125.3 126 127.3 128.6 129.3 129.6 129.8 128.9 127.9 128.2 130.5 131.8 133.1 134.4 136 138.6 142 145.4 147.7 148.9 149.5 149.7 149.4 148.9 148.4 148.5 150.3 152.3 155 157 157.3 159.9 163.7 167.2 170.8 174.1 176.7 178.7 180.4 181.7 182.8 184 186.7 190.7 195.4 200.3 206.2 212.7 220 228.4 237 240.9 240.9 238.2 233.6
144.1 142.4 140.6 138.3 136.2 133.9 131.7 128.8 125.4 120.6 116.1 117 119.9 121.8 122.7 123.7 124.6 125.4 126.3 126.5 126.4 125.9 125.1 124.5 123.9 124.3 125.6 126.9 127.4 127.3 127.3 127.3 124.8 127.7 129.7 131 132.3 134 136 138.5 142.2 145.7 147.8 147.8 147.9 148.1 147.9 147.6 147.1 147.4 148.8 150.7 153.2 155.8 156.2 159 162.7 166.4 170 173.7 176.3 178.3 179.5 180.7 181.8 182.9 184.9 188.4 192.9 197.8 204 211.6 219.2 229.2 238.4 241.9 241.5 240.1 236.1
144 142.1 140.9 139.5 137.4 135.2 132.9 129.3 125.8 121.3 117 114.9 118.1 119.7 121.4 122.9 123.8 124.7 125.5 125.7 125.3 124.7 124 123.3 122.7 122.6 124 125.3 124.9 124.8 124.8 124.6 123.7 127.4 128.9 130.5 132.4 134.3 136.2 138.3 141.9 146 146.3 146.2 146.2 146.4 146.3 146.2 145.8 146.4 147.4 149.1 151.5 153.7 155.1 158.5 162.3 166.3 169.2 172.9 175.9 177.6 178.6 179.7 180.8 181.8 183.1 186.3 191.1 196.5 203.9 211.1 219.7 230.2 238.5 242.5 243 241 238.8
144.7 143.9 142.9 141.8 139.6 137.4 134 130.5 126.2 121.5 117 113.2 116 117.6 119.2 120.8 122.4 124 124.8 124.8 124.1 123.5 122.8 122 120.6 121.4 122.6 123.5 123.2 122.6 122.2 122 124.3 126.9 128.8 130.7 132.7 134.6 136.5 138.4 141.4 144.7 144.7 144.7 144.7 144.7 144.7 144.9 144.9 145.5 146.6 148.5 150.5 152.4 154.5 158.2 162.1 166.6 169.5 172.3 175.5 176.6 177.7 178.7 179.8 180.3 181.9 185.7 190.8 197.5 204.1 210.7 219.4 230.2 237.6 241.9 242.1 241.2 239.9
146.6 145.9 145.2 144 141.9 138.5 135.1 131.7 127.1 122.1 117.1 113.5 114.2 115.8 117.5 119.2 121 122.9 123.8 123.9 123.2 122.4 120.9 119.5 119.2 120.3 121.3 121.7 121.4 120.6 119.2 123.7 125.2 126.7 128.6 130.6 132.6 134.5 136.4 138.3 140.8 143.1 143.1 143.1 143.1 143.1 143.1 143.5 144 144.9 146.4 148.4 150.8 152.7 155.2 158.3 162.3 166.9 170.1 173.1 175.1 176 177 178 177.8 178.6 181 185.2 189.4 195.7 202.6 209.2 217.4 227.4 234.5 238.6 239.1 239.8 239.3
148.6 148.1 147.4 146.3 143.1 139.7 136.3 132.9 128.2 122.8 117.5 113.8 112.8 114.5 116.3 118.1 119.9 121.9 122.9 123.5 122.8 121.4 119.2 117 118.1 119.2 120.3 120.2 119 118.3 121.9 123.2 124.8 126.4 128.4 130.3 132.3 134.3 136.3 138.2 140.4 142 142 142 142 142 142.2 142.7 143.8 144.8 146.2 148.4 150.7 153 156 159.6 164.3 168.7 171.7 173.8 175.1 175.7 176.7 177.3 176.6 176.6 179.4 184.1 188.7 194 201 207.3 214.1 222.3 228.8 232.6 235.6 237.2 237.2
150.3 151.1 150.3 148.8 145.2 141.6 138 134.4 129.4 123.4 117.4 113.6 112.5 113.4 115.1 117 119 120.8 122.1 122.6 122.4 120.3 118.1 116 116.9 118.2 119.4 118.2 116.4 119.8 121.6 123 124.4 126.1 128.1 130 132 134 135.9 137.8 139.7 140.4 141 141 141.1 141.3 141.8 142.8 143.8 144.9 146 148.3 151.2 154 157 161.6 166.3 170.5 173.2 174.8 175.3 175.7 176.4 176.2 175.4 175.1 177.3 181.8 186.5 191.2 196.9 203.1 209.3 214.8 222.5 226.2 229.8 233.9 235.2
153.1 154.1 153.8 152 148.8 145.2 141 136.1 130.8 124.6 118.3 113.5 111.6 112.9 114 116 118 119.8 121.1 121.4 120.7 118.5 116.3 113.8 117.8 117 115.2 113.6 115.9 119 121.3 122.7 124.3 125.6 127.5 129.5 131.4 133.3 135.2 137.1 139 139.8 140.2 140.4 140.6 141 141.8 142.6 143.8 144.9 145.9 148.7 151.7 154.9 158.2 163.6 168.3 172.1 174.6 175.6 176 176.3 176.3 176.2 175.6 174.5 175.8 179 183.4 187.3 192.7 198.7 205 210.2 215.6 220.5 225.2 229.8 233.3
156.2 158 158.2 156.5 152.1 147.2 142.3 137.5 132 125.6 119.1 113.8 110.5 112.2 112.4 113.8 116 117.1 118.7 118.6 118.2 116.4 114.4 111.1 114.8 115.5 113.1 112.7 118.9 120.4 121.9 123.7 125.4 126.5 127.6 128.9 130.7 132.6 134.5 136.4 138.3 139.4 139.7 140 140.3 141.1 141.8 142.6 143.5 144.7 145.9 149.5 152.8 156 159.4 164.7 170.1 173.6 176 176 176.1 176.2 176.3 176.4 175.1 173.9 173.8 176.6 179.9 183.8 188.4 194.5 200.6 205.9 211.6 217.4 222.2 227.5 230.7
159.8 163.7 164.4 162.1 157.1 150 144.8 139.5 133 126.6 120.1 114.5 111.6 110.6 110.9 110.7 112.3 112.9 113.6 115.6 115.4 113.9 108.7 108.1 109.2 110 110.5 112.2 119.8 121.6 123.1 124.8 126.3 127.4 128.5 129.6 130.9 132.2 133.8 135.7 137.6 138.9 139.2 139.6 140.4 141.1 141.9 142.7 143.5 144.5 145.8 149.5 153.1 156.8 160.5 166.1 171.7 175.3 177.7 177.9 178 178.1 178.1 177.2 175.4 173.4 171.5 173.8 177.4 180.9 185.5 192.7 198.5 204.3 210.2 216.1 220.8 226.5 231.2
163.6 169 171.1 168.6 162.5 154.5 146.9 141.6 134.5 127.7 121.2 115.3 111.9 109.3 108.7 108 108 106.9 105.9 109.2 112.2 108.1 106.3 111.8 114 116 118.3 119.6 121.3 122.8 124.3 125.9 127.2 128.3 129.4 130.5 131.7 132.9 134.2 135.5 136.9 138.5 139.1 139.9 140.6 141.4 142.1 142.9 143.6 144.3 145.8 149.4 153.1 156.8 161.5 167.8 172.9 176.9 179.4 179.6 179.8 179.9 179.8 177.9 175.8 173.7 171.7 171.1 175.5 180.2 186.6 193 199.6 206.9 214.1 219.7 223.3 226.5 230.4
166.2 173.4 176.7 173.9 167.1 158.8 150.5 143.1 136 128.8 122.4 116.8 113.5 111.5 111.1 109.2 108 106.9 112.4 107.8 104.7 105.8 108.5 112.5 115 116.7 118.8 121 122.5 124 125.5 127 128.1 129.2 130.3 131.4 132.5 133.7 135 136.2 137.5 138.3 139.2 140.1 140.9 141.7 142.3 142.9 143.5 144.1 145.6 149.2 153.1 157.3 162.3 168.7 173.9 178.2 182.2 182.3 182.1 182.2 181.3 178.5 175.9 173.5 170.9 169.1 174.1 181.2 188.1 194.5 202.7 211 218 222.6 226.3 229 230.4
168.3 176 179.6 176.5 170 162.9 154 145.2 137.2 130.2 123.7 118.7 115.5 113.9 113.3 112.3 112.1 111.7 112.3 110.8 106.3 103 107 111.9 115.2 117.3 119.5 121.8 123.8 125.3 126.8 127.9 128.7 129.9 131.1 132.3 133.4 134.5 135.7 137 138.2 138.2 139.1 140 140.9 141.5 142.1 142.7 143.3 143.9 145.4 148.6 153.3 157.8 163 169.2 174.5 179.6 184.6 186.2 185.8 185.5 183.6 180.5 175.8 172.9 170 166.4 173 180.1 188.3 195.9 204.9 214.6 221.8 226.5 228.5 230.8 229.5
168.5 175.1 179 177 171.1 163.8 155.8 147.8 139.1 131.3 125.1 121.3 117.2 115.8 114.5 114.1 114.3 113.2 112.6 110.5 105.8 103.4 108.4 112.9 115.9 118.1 120.4 122.7 125.1 126.6 128.2 128.9 129.4 130.6 131.8 133 134.2 135.4 136.5 137.7 138.2 138.1 139 139.9 140.6 141.3 141.9 142.5 143.1 143.6 145.1 147.8 152.6 157.9 163.3 169.4 175.1 180.8 186.2 190.3 190.8 189.9 186.2 181.1 176 172.9 170.1 165.8 171.5 179.1 187.3 196.8 206.9 216.1 223.4 229.2 230.2 230.7 229
167.2 172.9 176.7 176.6 172.2 165.4 157.4 149.4 141.3 133.2 127.2 123.2 119 116.7 115.4 114.6 113.9 113.2 113 109.4 105.8 102.8 110.8 113.1 116.1 119 121.3 123.5 126 128 129.2 129.8 130.3 131.2 132.4 133.6 134.8 136 137.2 138.3 138.1 138.1 138.8 139.6 140.3 141.1 141.6 142.2 142.8 143.4 144.5 147.3 152.1 157.7 163.4 169.4 175 180.6 186.2 191.3 193.7 192.6 187.6 181.8 176.3 172.7 169 164.9 169.2 177.5 186.1 197.2 207.8 217.4 223.9 229.3 231.2 229.7 227.2
165.3 169 172.5 172.8 171.7 165.9 159.2 151.7 143.8 135.9 129.6 125.1 120.9 117.4 115.1 113.5 113.1 112.6 110.8 104.9 101.6 108.5 110.5 113 115.9 118.8 121.7 124.4 126.8 129.3 130.1 130.7 131.2 131.9 133.1 134.3 135.6 136.8 137.9 137.8 137.6 137.6 138.3 139.1 139.9 140.7 141.5 142.1 142.7 143.4 144 146.9 151.6 156.6 162.4 168.8 174.6 180.2 185.7 191 194.5 194.4 189.2 183.3 177.2 171.7 167.7 163.8 167 175.2 184 196 207.2 216.6 223 228.2 230.7 228.7 224.7
161.1 164.5 167.9 169.1 169 165.5 159.4 152.4 145.5 138.6 132.5 126.9 122.6 118.7 115.4 112.6 110.6 107.9 104 100.6 104.4 107.8 110.4 112.2 115.2 118.2 121.1 124.4 128.2 130.3 131 131.6 132.2 132.6 133.6 135.1 136.4 137.6 137.4 137.2 137 137.1 137.6 138.3 139 139.8 140.7 141.6 142.5 143.3 143.9 146.8 151.4 155.7 161.5 167.6 174.2 179.7 185.1 190.4 194.4 194.3 190.3 184.3 177.6 171.2 166.3 161.3 165.2 172.5 181.9 192.8 204.2 214.4 220.8 226.4 228.2 225.8 220.2
158.4 160.8 163.8 165 165.8 163.3 158.9 152.9 146.5 140.3 134.3 128.8 124.4 120.4 117.1 113.4 109.2 107 101.7 101.4 103.4 106 108.8 111.4 114.3 117.3 121.3 125.5 129.3 130.9 132 132.5 132.9 133.1 133.7 135.1 136.6 137 136.8 136.6 136.6 136.7 137 137.6 138.2 139 139.8 140.7 141.6 142.5 143.5 146.4 150.7 154.9 160.4 166.2 172.7 178.4 183.6 188.9 193.4 193.6 190.9 184.6 177.5 170.5 164 159.4 163.9 170.2 177.2 187 198.6 209.4 216.5 220.8 223 221.8 216.6
155.9 158.4 160.8 162.8 163.9 162.4 158.1 153.9 148 142.1 136.1 130.9 126.2 122.2 118.4 114.5 110.7 105.4 99.8 101.1 103.1 105.7 108.2 110.8 113.6 118.2 122.6 126.8 129.8 131.6 132.9 133.3 133.4 133.6 134.2 135.2 136.1 136.3 136.2 136.1 136.2 136.3 136.4 137 137.6 138.2 139 140 141 142.1 143.1 146 150 154.2 159.3 164.7 170.9 176.7 182.1 187.4 192.4 193.5 190.9 185.2 178.1 171.3 163.1 158.2 162.7 167.5 174.2 182.7 192.7 203.4 210.5 214.6 216.6 215.4 212.1
154 156.3 158.3 160.3 162 160.9 157.1 153 148.2 142.8 137.9 132.4 127.7 123.2 119.2 115.3 111.3 103.8 99.6 100.7 102.7 105.3 107.8 110.3 113.7 118.3 123 128.4 131 132.7 133.7 133.8 133.9 134.1 134.7 135.3 135.4 135.5 135.6 135.7 135.8 135.9 136 136.4 137 137.6 138.5 139.6 140.6 141.7 142.7 145.7 149.5 153.5 158.1 163.3 169.1 174.8 180.6 185.9 190.5 192.8 190.5 185.9 179.1 171.8 163.6 157.1 161.5 166.2 171.2 178.7 188.1 197.7 204.1 207.8 209.2 208.1 205
153.5 154.5 156.7 158.8 159.7 158.6 155.5 151.3 146.5 141.3 136.5 131.7 127.5 123.6 120 116.4 112.4 103.9 99.4 100.5 102.3 104.8 107.4 109.9 113.9 120 126.3 131 133.2 134.7 134.5 134.5 134.5 134.6 135 135.2 135.4 135.5 135.4 135.5 135.5 135.5 135.6 135.8 136.5 137.2 137.9 139 140.1 141.2 142.3 145.4 149.2 152.9 156.7 161 166.5 172.3 178 183.8 188.3 191.3 189.7 185.5 179.7 172.8 165.3 159 157.3 162 166.6 174.4 183.8 192.2 197.1 200.1 201.5 200.7 197.1
153.6 154.6 155.6 157.4 157.7 156.2 153.5 149.4 144.7 139.8 135 130.1 126.1 122.3 118.5 116 113.5 104.6 98.1 99.7 100.7 102.8 105.7 109.1 114.5 121.7 128.3 133.1 135.6 135.2 135.2 135 134.4 134.1 134.4 134.8 135.1 135.4 135.5 135.5 135.5 135.4 135.4 135.5 136.1 136.8 137.4 138.4 139.6 140.8 142.1 144.7 148.2 151.9 155.6 159.6 164.2 168.9 174.6 180.3 184.9 187.3 187.4 185.3 179.6 172.8 166.1 160.5 155 157.8 162.2 170.1 177.9 185.6 189.9 193 194.2 193.6 189.6
153.1 154.2 155.6 156.3 156.4 154.2 150.5 146 141.5 137.3 133.1 128.6 124.8 121 117.2 113.3 108.6 104.1 96 98.1 99.3 100.4 103.3 107.8 113.2 122.7 130 133.3 134.2 134.6 134.1 133.6 133.3 133.3 133.5 133.9 134.2 134.6 134.8 135.2 135.2 135.1 134.8 135.4 136 136.6 137 137.9 139.3 140.7 141.7 144 147.5 151.1 154.6 158.4 162.4 166.4 171.1 176.7 181.3 184.6 185.5 183 179.4 172.9 166.7 161.1 156.4 155 158.8 164.1 171.5 178.9 183.2 186.3 187.7 185.9 181.6
152.4 153.1 153.9 154.2 153.6 151.3 147 142.6 138 133.8 129.6 126 122.4 118.9 115.3 112.6 107.3 103.5 98.8 97.6 98.7 99.7 100.8 105 111.6 120.4 129.2 133.2 134.2 133.2 132.8 132.5 132.4 132.4 132.7 133 133.4 133.5 133.6 133.8 134.8 134.3 134.6 135.3 135.7 136 136.3 137.1 138.5 140 141.1 143.8 147.4 151.2 155.2 157.6 160.3 164.3 168.5 174 178.3 181.7 183.5 183.1 179.6 173.8 167.3 161.7 156.2 151.6 155.1 159.9 165.4 171.4 175.9 179.1 180.4 178 179.2
150.4 151.2 150.5 149.4 148.1 147 143.3 139.1 134.6 130.2 126.6 123.1 119.6 117.1 114.8 112.4 107.5 101.9 95.7 96.9 98 99.3 100.7 103.2 110 115.6 123.7 128.7 131.2 131.8 131.6 131.6 131.6 131.6 131.8 132.1 132.3 132.3 132.3 132.4 133.9 133.9 134.4 134.7 135.1 135.4 135.7 136.4 137.5 139.2 141.6 144.2 147.5 151.5 155.5 158.2 160.5 162.8 166.3 170.9 175.3 179.9 182.1 182 179.7 174.3 167.9 161.9 156.2 151.1 151.6 156.4 160.8 164.7 169.6 171.9 171.6 172.2 178.2
148.2 147.7 145.9 144.8 143.6 142.3 138.9 134.8 130.6 127.5 124.2 121 118 115.6 113.2 111.2 109.9 100.8 95.3 96.4 97.7 99.6 101 102.9 108.1 112.6 117.9 125 129.2 130.2 130.6 130.7 130.7 130.7 130.9 131 131.1 131.3 131.6 132.3 133.1 133.5 133.8 134.1 134.4 134.7 135 135.8 136.7 138.6 141.2 144.2 147.9 151.8 155.8 158.8 161.1 163.4 165.6 168.1 172.7 177.8 180.6 180.9 178.9 174.4 168.4 162 156.2 151.4 148.3 151.7 156 159.1 162.3 164.4 167.9 173.1 177.6
145.9 143.9 141.9 140.3 139 137.4 134.4 130.2 128.4 126.6 122.5 119.4 116.3 113.6 111.8 107.8 103.2 100.8 95.9 95.7 97.2 99.2 101.3 103.2 105.9 110.2 115.8 122.8 127 128.6 129 129.2 129.4 129.6 130 130.3 130.6 130.8 131.5 132.3 132.9 133.2 133.3 133.4 133.8 134.1 134.4 135.1 136.1 138.2 141.2 144.5 148.3 152.2 156.1 159.4 161.7 163.8 165.8 167.8 170.9 175.7 178.8 179 177.5 172.6 166.6 160.5 155.8 152.1 148.8 147.1 151.5 154.2 156.7 161.4 166.7 171.2 177.1
144.1 141.9 139.7 137.1 134.5 132.6 130.5 128.7 126.9 125.1 121.7 118.3 115.2 113.4 111.6 107.6 110.1 101.6 94.5 95.4 96.7 98.4 100.2 104 107.9 111.3 112.2 120.9 122.6 125.8 127.4 127.7 127.9 127.9 129.5 129.8 130.1 130.8 131.4 132 132.6 133.2 133.2 133.3 133.4 133.4 133.7 134.4 135.6 137.7 141.5 144.9 148.8 152.6 156.6 160 161.9 163.7 165.6 167.5 169.8 173.7 176.5 176.5 174.5 170.8 164.7 159.3 154.6 150.9 148.1 144.8 147.8 150.6 154.2 159.1 163.1 169.8 176.3
143.5 140.8 138.2 135.7 133.5 131.7 129.7 127.7 125.7 123.8 120.9 117.4 114.9 113.5 112 110.6 111.5 101.4 94.1 94.8 95.5 96.9 100.5 104.6 108.4 114.6 117.3 119.7 119 121.9 124.2 126.1 126.2 126.6 129.1 129.4 130 130.6 131.2 131.7 132.3 132.9 133.2 133.2 133.3 133.4 133.4 133.5 135 137.5 141.4 145.3 149.3 153.2 157.1 160.7 162.9 164.8 166.6 168.4 169.2 171.5 173.6 172.8 171.5 167.5 162.1 157.1 152.8 150 147.3 144.5 145 149.1 153.6 158.1 164.1 168.9 175.5
143 140.5 138 135.3 133 131.1 129 126.9 125 123 119.9 116.5 114.5 112.9 111.3 110.4 110 100.8 95.2 94.4 95.1 95.7 100.8 105.2 112.3 117.5 120.2 122.6 122.2 120 122.7 124.7 124.5 126 128.1 129.1 129.7 130.3 130.9 131.4 132 132.6 133.1 133.2 133.3 133.3 133.3 133.5 135.2 137.4 141.2 145.8 149.8 153.8 157.7 161.5 163.7 165.8 167.5 168.4 169.1 169.9 170.4 168.2 166.1 162.9 159.1 154.9 151.3 148.5 145.6 142.7 143.2 148.2 153.2 158.3 162.8 167.6 174.2
143.6 140.7 138.5 135.7 132.8 130.4 128.3 126.2 124.2 122.3 118.8 116 113.5 111.7 110.1 109.5 109.3 99.7 95 93.3 94.3 95.2 99.3 108.8 115.8 120.1 123.5 125.9 126.3 123.7 123.9 124.9 125.1 126.5 128.3 128.9 129.4 130 130.6 131.2 131.7 132.3 132.9 133.2 133.2 133.2 133.2 134.1 135.8 137.6 141.2 145.6 149.9 154.2 158.2 162.1 164.4 166.2 167.6 168.4 168.9 168.4 166.9 164.1 161.3 159 156.8 151.3 149.2 146.3 143.5 140.6 142 147 152.1 156.5 160.1 165.1 171.6
144.4 141.2 138.9 135.5 132.9 129.8 127.7 125.6 123.5 121.2 118.3 115.6 112.8 110.6 108.7 109.3 109.6 98.8 94.7 92.2 93.8 95.3 101.4 111 117.6 121.7 125.8 127.4 127 126.4 125.8 126 126.2 127.2 128.2 128.8 129.2 129.7 130.3 130.9 131.4 132 132.6 133.2 133.5 133.8 134 134.2 135.8 137.8 140.8 145.2 149.5 153.8 158.1 161.9 163.8 165.2 166.9 168.5 166.9 166.2 162.7 160 157.4 154.6 151 149 147 144.4 141.8 139.1 140.7 145.9 150.7 154.2 157.7 161.9 166.8
144.9 142 138.9 136.2 132.9 129.7 127.2 125.1 122.9 121.3 118.6 115.7 112.4 109 106.1 107.3 110.1 97.3 94.5 92.4 93.2 94.7 102.7 111.4 118.5 122.7 126.8 127 126.6 126.2 126.2 126.5 126.7 127.1 128 128.8 129.1 129.4 130 130.5 131.1 131.7 132.3 133 133.3 133.7 134 134.4 135.4 137.3 139.2 144.1 148.9 153.5 156.8 159.3 162.1 164.2 165.8 167.4 165.2 163.1 159.4 156.3 153.7 151 148.7 146.7 144.7 142.1 139.7 137.9 139.2 144.7 148.9 152 154.6 157.3 161.3
145.4 142.5 139.5 136.2 133 129.7 126.6 124.5 122.4 121.2 118.4 115 111.6 108.2 103.9 102.2 105.7 97.2 94.1 92.1 92.9 96.6 103.8 112.4 118.4 123.1 125.4 126.5 126.1 126 126.1 126.4 126.6 127.2 127.9 128.7 129.1 129.4 129.7 130.2 130.8 131.4 132 132.8 133.2 133.5 133.9 134.6 135.6 136.8 138.7 142.4 147.3 151.8 154.1 156.7 159.2 162.6 164.7 166.8 164.7 162 158.1 155.1 151.5 148.5 146.5 144.5 142.4 140.3 138.1 136.3 138.7 143.9 147.8 150.3 152.1 153.5 155.3
