app/static/ascii/NJ73.asc
ncols 200
nrows 200
xllcorner 370000
yllcorner 830000
cellsize 50
[rows 140 to 174 of 200, columns 78 to 155 of 200]
148.3 150.8 153.2 155.1 157.4 160.4 164.5 169.4 174.5 179.3 182.4 184.7 187.3 190.7 192.7 193.8 193.8 193.8 192.3 189.8 187.4 185 182.5 180.5 178.9 177.4 176.4 178.3 180.5 183.4 187.1 191.6 195.6 199.4 203.5 207.4 211.5 215.1 220.6 227.8 234.7 240.3 242.9 242.9 240.9 238.4 236.2 233 229.3 225.5 222.9 221.2 219.5 218.4 217.2 214.8 211.6 208.6 206.4 203.8 201.9 200.3 199.3 198.8 198.2 197.6 196.9 196.4 196.3 196.2 195.4 193.1 189.3 184.4 182.5 182.7 181.3 178.2
143.9 145.7 147.5 149.4 150.9 152.7 156.3 161.1 166.8 171.9 178 181.5 185 189 191.5 193 193.8 193.3 192.5 190.2 187.8 185.6 183.6 181.8 180.7 179.8 179.2 179.2 180.3 183.7 187.4 191.5 195.6 199.4 202.7 206.2 209.3 212.7 218.4 225.1 231.9 238.1 241.8 242.4 241.1 239.3 237.3 234.3 231 228.8 226.5 224.9 223.5 222.5 221 218.9 216.5 214 212.5 210.3 208.2 205.9 204.5 203.4 202.4 201.7 201 200.4 199.9 199.1 198.5 196 192.8 187.8 188.9 188.7 187 183.7
139.8 141.6 143.5 145 146.6 148.3 151.8 155.6 159.8 164.4 168.8 176 182.8 186.9 190.1 191.6 192.7 192.9 192.2 190.6 188.6 186.5 184.4 183 181.8 181.7 181.8 181.4 182.4 184.2 186.9 190.8 195 198.9 202.1 204.9 208.1 211.1 216 222.5 228.9 235.2 239.4 241.2 241.1 240 238.2 235.4 232.8 231.2 229.5 228.2 226.9 225.7 224.4 222.3 221 219.6 218.1 216.4 213.6 210.7 208.9 207.5 206.4 205.2 204.1 203.1 202.7 202.1 201.2 199.4 193.9 194.8 194.5 194.1 192 188.5
136.8 138 139.6 140.8 142.3 145.1 148.4 151.8 154.5 158.3 163 169.1 177.6 183.7 188.8 190.2 191.4 191.6 191 190.1 188.8 186.7 185.2 184 183 183 183.6 183.6 184.7 186.5 188 190.2 194.3 198.4 201.4 204.5 207.5 210.6 215 219.9 225.9 232.1 236.8 239.4 241.3 240.6 239 236.2 233.7 231.8 230.3 229.4 228.5 227.1 225.6 224.7 224 222.6 221.3 219.3 217.2 214.6 212.3 210.3 208.9 207.8 206.7 205.7 205.4 205 203.8 201.6 201.8 201.4 200.3 199.5 197.5 193.7
133.7 135 136.5 137.9 139.6 142.2 145.5 148.2 150.6 153 158.3 162.2 169.3 178.1 185.2 189 190.3 190.3 190 189.3 188.3 187.5 186.3 185.2 184.9 185.2 185.8 186.2 187.1 188.9 190.8 193 194.6 197.8 201.4 204.5 207.4 210.5 214.1 218.6 223.5 229 233.9 238.2 241.2 241.2 239.8 237 234.3 232.5 231.1 229.5 227.8 226.7 225.7 224.9 224.5 223.9 222.4 220.4 218.6 216.6 214.6 212.8 211.1 210.4 209.3 208.4 207.8 206.7 206 206.9 206.9 206.7 206 204.7 203.3 200.2
130.1 132.3 133.7 135.2 136.9 139.3 142.5 145.1 147.6 150.8 154.8 157.1 162.5 170.2 176.8 182.7 186.8 188.4 188 188.5 188.4 188.1 187.8 187.4 187.5 188.4 189.5 190.7 192 193.3 195.1 197.2 199 200.5 202.4 204.8 207.7 210.6 213.4 217.3 221.6 226.7 231.4 236.2 240.1 241.5 240.6 237.7 234.7 232.3 230.4 228.3 226.3 225.2 224.4 223.9 223.9 223.9 222.7 221.1 219.3 217.4 215.6 213.9 212.3 211.6 210.9 210.4 209.4 208.4 208.8 210.1 211.5 211.9 211.5 210.2 208.9 206.8
128.1 129.8 131.4 132.7 134.2 136.4 139.4 142.1 145.1 148.2 151.4 154.7 159.3 164.4 170 176 181.7 185.3 186.6 187.2 188.5 189.2 189.8 190.9 191.9 192.8 193.8 195.3 196.9 197.8 199.1 200.4 202 202.7 204 206.1 209.3 212 214.2 216.9 220.8 224.4 228.7 233.7 238.3 241.8 241.1 238.3 234.9 231.5 228.8 226.4 224.4 223.3 222.1 221.6 221.4 221.1 220.9 220.3 218.7 217.1 215 213.9 212.5 211.9 211.4 210.9 210.6 210 210.6 212.7 215.2 216.2 216.3 215.8 214.3 212.8
126.4 127.5 129.1 130.3 132.1 134.1 137 140 142.8 146 149.3 152.4 156 160.7 165.2 170.4 175.8 180.2 183.1 185.8 188.6 191.2 192.5 194.7 196.3 197.3 198.2 199.6 200.7 201.2 201.7 202.9 203.8 204.8 206 208.4 210.6 212.9 215 217 219.8 222.7 226.4 231.1 236.1 241.7 238 237.1 234 230.7 226.8 223.8 221.8 220.8 219.4 218.5 218.3 218 217.8 217.2 216.4 215 213.9 213 212.2 211.3 210.9 210.7 210.6 211.1 212.7 215.2 217.6 220 220.2 219.4 217.9 216.5
124.8 126.1 127.4 128.9 130.5 132.9 135.5 138 140.6 144.1 147.2 150.1 153.4 156.6 161 165.1 170 174.9 179.2 183 188.4 192.5 195.9 198.4 200.3 201 201.7 202.4 203.2 203.3 203.8 204.8 205.9 206.8 208.7 211.2 213.9 215.2 216.4 218.5 219.4 221.5 224.4 228.2 232.6 235 234.3 234.7 232.2 228.5 224.7 221.3 218.7 217.3 215.9 215.3 215.1 214.9 214.7 214.1 213.2 212.8 212.1 211.3 210.8 210.3 210 209.9 210.1 211.4 214.4 217.6 220.1 222.5 222.9 222 220.8 219.4
123.7 125.1 126.6 128.1 129.8 131.7 134.2 136.7 139.3 142.1 144.9 147.9 151 154.2 157.4 161.3 165.5 170.3 175.7 180.7 187.1 193.4 197.1 200.8 202.8 204.1 204.7 205.1 205.7 205.8 205.9 206.7 207.9 209.4 211.6 214.7 217.6 218.6 219.1 220 221.2 221.4 222.9 226 228.8 231.5 232.4 231.6 229.5 225.9 222.4 219.4 216.5 213.9 212.5 212.3 212.6 212.2 211.5 210.7 210.8 210.6 210.3 209.7 209.3 209.1 209.2 209.1 210.1 211.4 214.7 218.1 221.2 223.8 225.3 224.4 223.3 221.7
123.1 124.3 125.8 127.5 129.3 131.1 133.1 135.5 138.3 140.8 143 145.5 148.6 151.9 155.2 158.4 162.4 166.6 171.7 177.1 183.2 189.1 196.8 201.4 204.5 206.7 207.6 207.9 208.2 208.9 209.7 210.6 211.8 213.8 216.6 219.6 221.7 222.6 222.3 222.5 223.1 223 222.5 221.8 225.7 228.1 229.4 228.6 227 223.6 220 216.7 214.1 211.4 209.9 209.2 209.5 209.1 208.2 207.7 208 208.8 209.1 208.3 208.1 208 207.9 208.3 209.3 211.1 214.7 218.1 221.3 224.1 226.4 225.9 224.9 223.3
124.1 123.7 125.3 127 128.7 130.5 132.5 134.6 137.3 139.6 141.9 144 146.4 149.7 153.1 156.2 159.5 163.6 168.4 173.2 180.1 186.5 194.2 201 204.9 207.6 209.4 210.7 211.7 212.5 214.7 216.6 218 219.8 221.6 223.9 226 226.5 225.9 225.3 224.9 224 222.8 221.1 222.7 225 225.9 225.6 224.5 221.1 217.5 214 211.3 209.1 207.2 206.3 206 206.2 204.9 205.1 205.7 206.3 206.2 206.8 206.9 206.8 206.7 207.1 208.8 210.5 213.8 217.9 221.3 224 225.1 224.6 223.8 222.9
123.9 124.6 125.3 126.7 128.2 130 132 134 136.2 138.6 140.8 142.8 145.1 147.8 150.9 154.3 157.7 161.6 165.6 169.5 176.7 182.5 190.1 197.8 203.7 207.5 210.6 212.5 214.9 217.3 219.4 221.8 223.6 225.1 226.6 228.4 230.2 230.2 229.7 228.6 227.5 225.7 223.6 221.4 218.5 222.2 222.5 222.3 221.5 218.6 215 211.3 209.1 206.9 204.8 203.4 202.9 203.3 202.3 202.4 202.9 203.6 204.1 204.9 205.3 205.3 205.4 206.1 207.6 209.3 212.7 216.6 220 222.2 223.4 223.2 222.5 221.5
123.5 124.8 125.7 126.8 128.3 129.6 131.4 133.5 135.3 137.6 139.6 141.7 144 146.6 149.5 152.7 156 159.9 163.7 169.2 173.6 179.3 186.1 193.4 200.6 206.1 209.8 213.5 216 219.3 222.3 225.3 227.2 229.1 230.7 231.9 233.8 233.9 233.5 231.8 229.6 227.5 225.2 222.9 220.2 216.6 219.8 218.6 217.3 215.3 212.6 209.7 206.9 204.6 202.5 200.2 199.5 200 200 199.9 200.1 201 202.2 202.9 203.7 203.7 203.7 204.4 205.8 207.5 211.2 215.2 218.5 220.4 221.3 221.3 220.8 219.7
123.1 124.4 125.5 126.5 127.9 129.2 131 132.9 134.7 136.5 138.5 140.6 142.9 145.4 148.8 152.1 155.5 159.3 162.9 167.4 171.1 176.6 182.4 189 196 202.4 208.1 212.1 216.5 220 223.5 226.8 230 231.7 233.5 234.8 235.8 236.7 236.2 234 231.2 228.9 226.3 223.7 220.9 218.6 215.1 213.3 213.9 211.4 209.7 207.5 203.9 200.6 199.2 197.7 196.1 196.4 197.1 197.6 197.3 198.3 199.7 201.3 202.3 202.3 202.1 202.7 203.9 205.9 209.6 213.5 216.6 218.3 219.1 219.1 218.6 217.7
122.5 123.5 124.9 126 127.5 128.9 130.6 132 133.7 135.6 137.4 139.5 142 145 148.9 153 156.7 159.9 162.1 166.3 170.1 174.7 179.8 185.2 191.4 197.8 204.1 209.9 214.4 219 222.4 226.3 229.5 231.7 233.3 234.9 237.1 237.7 236.7 234.6 232.4 229.7 227 224.4 222 220 218.5 215.5 212.5 207.8 206.5 204.1 202.1 200.2 198.2 195.8 192.6 192.6 193 194.1 194.4 195.8 197.3 198.9 200.1 200.1 199.8 200.7 202 204.5 207.7 211.3 214.4 215.8 216.4 216.8 216.4 215.8
121.8 122.6 124.1 125.5 126.8 128.1 129.6 131 132.6 134.8 136.7 139.7 142.5 145.8 150.5 154.8 158.5 160.9 162.2 166.3 169.5 173.3 177.8 182.9 188.2 193.6 199.8 206.6 211.9 217 221.5 225.3 228.6 230.5 232.2 233.5 234.9 236 235.2 234.7 232.7 230 227.3 225.3 223.2 221.2 220.6 219 217.9 216.5 213.9 211.5 209.2 206.6 203.8 201.5 198.4 193 189.8 189.6 190.2 192.4 194.4 195.6 196.9 197.4 197.6 198.5 200.1 202.3 205.6 209 212.1 213.9 214.5 215.3 214.9 214
121.2 121.8 123.1 124.2 125.5 126.9 128.5 130 131.9 134 136.8 139.6 144.1 147.5 152 156.6 159.8 161.3 161.8 165.7 168.6 171.8 176.2 180.2 185.2 190.4 196.2 202.3 208.8 214.4 219.5 223.5 226.4 228.1 229.1 230 231.3 232.5 233 232.9 231.8 229.6 227.3 225.3 223.6 222.9 222.4 222.5 222.3 221 219.3 216.6 213.3 209.8 206.3 204 201.4 197.3 193.2 190.6 185.1 188.5 190.7 192.4 193.8 194.8 194.5 195.5 197.5 200.2 203.5 206.5 209.3 211.4 213 214.1 213.4 212.4
119.4 121 121.8 122.9 124.2 125.7 127.3 128.8 131 133.9 136.6 139.5 143.5 148.3 153.6 157.8 160.3 161.4 162.5 163.9 166.7 169.9 173.7 177.8 182.1 187.3 193 199.5 206.1 212.2 217.1 221.2 223.7 224.9 225.9 226.6 227 227.7 228.7 229.6 228.7 227.7 226.3 224.5 223.7 223.7 224.3 224.4 225.1 224.6 223 220.8 216.9 212.9 208.9 206.4 204 200 195.9 192.2 188.8 184.6 186.4 188 189.5 190.5 190.7 192.3 194.4 197.5 200.7 203.9 206.5 209.1 211.4 212.6 212.7 211.6
121.2 119.6 120.6 121.6 123 124.5 126.1 127.7 129.9 132.8 136.2 139.3 142.9 148.2 153.7 157.9 160.4 161.2 158.9 161.3 164 167.1 171.2 175.2 179.3 184.1 190.1 197.2 204 209.9 214.1 218 220 221.1 221.6 221.6 221.1 222 222.6 223.7 224.4 224.1 223.3 223.2 223.2 224.2 224.9 225.8 227.1 226.8 225.3 223 219.1 215.5 211.9 209.1 206 202.1 198.4 194.3 190.5 186.7 181.5 183.4 185.8 186.2 187.2 189.5 191.8 194.6 197.8 201 204 206.8 209.5 211.5 212.2 211.5
122.9 121.4 119.1 120.3 121.8 123.3 124.9 126.6 128.9 131.6 134.8 138.4 142.8 148.3 153.6 158 161.4 161.9 158.8 158.8 161.2 164.2 167.9 171.9 175.9 180.8 186.8 194.1 201.3 206.7 210.6 213.8 215.5 216.8 216.5 216 215.3 215.7 216.1 216.3 217.3 218.5 219.1 220 222.1 223.4 224.3 225.5 227.4 228.8 227.1 224.7 221.2 217.6 214 210.7 206.9 203.1 199.2 195.6 192.1 188.6 184.5 180.5 181 182.3 183.9 186.3 189.1 191.7 194.9 198.2 201.1 203.9 207.3 210.1 211.7 211.5
124.7 123 120.7 118.6 120.3 121.9 123.5 125.1 127.5 130.2 132.9 136.8 142.1 148.2 152.4 156.6 161.2 163 160.1 153.5 157.9 161.2 164.5 168.3 172 176.5 182.8 188.5 195.2 201.4 205.4 208.2 211.1 210.9 210.5 209.1 208 207.4 207.3 207.7 208.6 210.4 212.9 215.8 219.2 221.8 222.5 223.6 226.4 228.4 227.3 229.5 223.2 219.4 215.6 212.1 208.3 204.3 200.6 198 194.4 190.3 186.3 183.1 178.5 177.7 180.8 183.4 185.6 188.8 192.2 195.3 198.2 201.2 204.7 209 210.9 211.7
126.3 124.4 121.9 119.5 118.3 120 121.7 123.3 126 128.4 131.2 134.8 139 145.3 150 153.7 157.6 158.8 157.6 150.2 153.8 157 160.9 164.7 168.2 173.8 179.4 183.3 187.1 190.9 194.9 198.6 202 204.1 202.7 199.9 199.1 198.2 198 198.6 200.2 203.4 206.9 210.9 214.7 217.2 218.4 219.7 222.8 224.6 227.3 228.9 222.9 219.5 216 213.2 209.6 205.8 203.1 199.8 195.9 192.3 188.4 184.9 180.5 175.4 176.7 179.9 182.3 185.4 189.1 192.5 195.5 198.6 202.1 207.1 210 211.3
127.4 125.6 123.4 120.8 118.8 118.3 119.8 121.5 124.2 126.7 129.2 132.5 136.2 141.3 145.6 149.4 152.7 153.2 153.3 150.7 149.7 153.5 157.7 162.4 166.3 170.2 175 179 181 182.6 184.4 186.9 189.9 191.7 191.2 189.5 189.2 188.4 188.5 189.3 192.2 196.3 201.5 205.6 208.9 210.8 211.9 213.4 215.8 219.3 222.2 223.5 221.5 218.4 215.8 213.3 210.7 208.1 205 202.1 199.3 195.7 192.1 188 183.4 178.2 172.1 174.9 177.8 181.5 185.4 189.2 192.5 195.6 200 205.2 210 210.9
127.7 127.6 125.3 122.7 119.6 117.8 118.7 120 122.3 124.5 127.2 130.1 133.7 137.3 141.3 145.1 148 148.8 148.8 147.6 146 149.4 154.3 160.1 163.4 166.7 170.6 174.2 176 176.3 177.1 177 178.6 179.1 178.3 177.9 178.2 178.5 178.7 181 185.5 191.2 195.9 199.5 202 203.7 204.7 205.8 208.6 212.8 216.5 219.2 219.7 217.9 215.4 212.9 211.2 209.9 207.8 205.3 202.7 200.2 196.2 191.6 187.3 182 176.4 170 173.8 177.6 181.5 185.4 189.5 193.3 198.2 203.2 207.6 210.2
127.6 128.1 127.6 125.3 122.4 119.8 118.1 118.3 119.9 122.1 124.6 127.6 131.1 134.1 137.5 141.3 144.8 145.6 145.6 145.4 144.5 147.8 152.1 156.8 160.6 162.8 166 169.1 170.3 170.2 170.1 170 169.6 168.7 167.8 166.8 165.9 165.6 167.9 173.5 179.4 185.2 189.5 192.9 195.1 195.8 196 197.4 199.8 205.2 209.7 213.2 216 216.4 214.4 212.2 211.4 210.6 210.3 208.1 205.9 203.7 199.9 195.4 190.9 186.5 180.2 174 169.8 173.6 177.4 181.4 186.2 190.5 194.6 199.8 203.9 206
127.6 128 128 127.2 126 123.5 119.7 117 117.9 119.7 122 125.1 128.5 131.2 133.9 137.5 141.1 142.6 143.3 143.7 143.4 147.8 149.7 153.5 157 159.5 162 164.9 164.4 164 162.9 162.7 162 160.8 159.8 158.5 156.2 155.9 158.9 165 171.5 176.5 181.1 184.5 186.8 187.1 186.3 186.9 190.1 196.5 202.2 206.6 209.9 212.3 212.4 211.7 211.5 212.7 212.8 210.8 207.8 205.2 203 199 194.5 189.9 184 177.5 171.5 168.1 172.6 177.2 182 186.6 190.9 195.2 198.7 200.6
127.7 127.6 127.4 126.8 125.6 123.8 121.3 118.1 117.3 117 119.1 122.4 125.3 128.5 131.2 133.8 137.3 139.4 140.3 141.2 141.6 145.7 147.9 150.2 153.4 156.3 158.4 160.7 159.8 157.7 156.5 155.9 154.9 153.5 151.9 150.7 148.6 148 152 157.4 162.5 166.9 171.5 175.6 178.1 178.4 177.6 176.5 181.3 188.2 193.7 198.7 202.5 206.4 208.2 209.3 210.3 212 213.2 211.6 208.4 205.5 203.5 200.4 196.7 192.2 187.5 181.1 174.4 167.1 167.6 172.4 177.8 182.5 186.7 190.7 193.8 195.4
128.1 127.6 127.1 124.9 127.2 126.7 125.1 121.8 120.5 118.5 116.4 118.6 121.8 126.2 128.4 131 133.7 135.9 137.3 138.5 140.2 142.7 144.9 147 149.7 152.4 154.9 155.7 155.6 152.7 149.5 148.5 147.7 145.8 144.3 143.4 142.2 142.6 144.5 149.9 153.5 156.6 161.9 165.6 168.7 169.8 169.3 167.8 173.1 179.6 184.9 190.5 195.1 198.9 202.3 204.9 207.1 209.4 209.9 209.1 207.7 205.6 203.4 201.3 198.3 194.1 189.5 184.6 178.1 171.4 164.9 166.9 172.6 178.4 182.2 186 188.8 190.2
128.2 127.7 126.5 129.3 129.7 129.4 128.7 127.2 124.7 122 118.8 116.1 117.2 123.1 125.7 128.5 131.2 133 134.5 137 138.3 140.1 142 144 146.2 147.9 150.8 151.3 152 149.3 145.5 141 140.2 138.9 137.9 137.6 137.3 138.2 139.2 141.5 145.3 148 152.8 156.4 159.5 161 161 160.6 164.7 171.3 177.4 183.2 187.4 191.2 194.4 197.9 201.7 204.3 205.6 205.1 204.5 203.4 202.7 200.7 198.4 195.5 191.2 186.5 181.1 175.1 169.5 163 166.2 172.9 177.3 180.6 183.2 184.9
128.5 127.8 127.5 130.1 130.5 130.2 129.7 129.2 127.9 125 121.7 119.8 115.5 117.8 122.8 126.1 128.8 128.8 133.1 135.5 137.9 139.2 140.3 141.6 142.8 143 145.7 146.8 146.2 145.4 142.2 136.7 134.9 133.9 133.4 133 133.5 134.1 134.6 134.8 137.1 140.9 144 147.3 150.3 152.3 152.1 152 156.4 161.2 168 174.3 179.7 183.3 186.4 190.4 194.1 197.6 199.3 200.2 200.2 199.8 199.8 198.8 197.6 194.9 191.9 187.7 182.2 176.8 172.1 166.8 158.5 166.3 171.8 175 177.8 179
128.8 128 128.8 130.6 131.2 130.8 130.1 128.4 127.2 124.8 121.5 118.3 115.4 113.9 118.8 122.4 122.8 130.4 133.7 135.9 137.9 138.9 139.4 140.7 140.4 140.5 141.4 142.3 142 140.7 137.8 134.3 131 129.6 129 130 130.2 130.5 130.6 131.5 133.1 134.3 136.8 138.7 141.4 143.7 143.7 144.5 148 152.1 156.6 162.8 168.9 173.8 178.5 182.1 186.3 190 192.5 194 195.1 195.9 196.8 196.9 195.8 193.6 190.9 187.2 183.1 177.8 172.9 168.4 162.8 158.1 165.7 169.5 172.6 173.7
129.1 128.5 129.4 131 131.8 131.5 131.2 129.8 127.7 122.4 126.4 120.2 119.4 116.5 114.3 118.6 120.7 130.3 135.3 137.9 138.9 138.7 138.5 139.7 139.5 138.8 137.9 138.4 137.8 135.9 134 131.3 128.4 125.7 125.9 127.1 127 127 126.6 127.5 128.1 129.3 130.5 132.9 133.3 136.3 137.5 138.4 140.4 144.4 148.9 153.1 157.3 162 166.7 172 177 181 185.3 188.1 190.3 192.2 193.4 194.4 193.6 191.7 189.1 186.2 183.4 178.9 175.2 171.4 167.3 160.6 158.7 164.3 167.1 169.5
130.5 129.4 130 131.8 132.4 132.3 132.2 131.3 129 126.2 127.2 127.8 129.3 126.1 121.3 111.2 117.8 125 133.9 139 139.2 137.5 135.8 137.4 137.3 136.8 134.7 134.5 134.6 133 130.2 128.5 125.9 123.4 122.7 125.1 124 123.4 123.1 122.9 123.5 124.7 126.9 128.4 128.9 130.5 132.1 133.5 135.3 138.4 142 145.4 148.6 151.6 154.4 159.3 164.8 171 177 181 184.6 187.8 189.2 190.5 190.1 188.6 186.7 183.7 181.8 180.1 177.1 173.8 170 165.5 157.4 154.6 160.4 164.1
131.9 131.1 131.1 132.5 132.5 132.5 132 131 129.8 126.7 127.4 134.7 134 131.6 128.1 122.5 112.1 115.9 128.9 133.1 135.4 135.5 133.5 132.6 134.1 134.2 130.9 129.7 131.6 130.8 127.1 124.9 123.3 121.1 119.4 121.8 121.4 120.6 119.4 118.3 119 119.9 121.9 123.7 125.5 127.1 128.5 130 131.8 133.7 136.1 138.5 141.2 144 146.2 149.2 153.2 160.2 166.9 173.3 177.2 180.7 183.3 184.5 184.7 184.5 183.8 181.3 180.1 179.7 178.2 175.1 172 169.1 163.7 157.8 150.5 158.5
