app/static/ascii/NJ76.asc
ncols 200
nrows 200
xllcorner 370000
yllcorner 860000
cellsize 50
[rows 148 to 184 of 200, columns 85 to 169 of 200]
141.8 139.2 135.9 133.8 131.2 131.9 133.1 135.8 138.8 142.9 147.6 152.3 157 161.5 165 167.3 168.7 166.7 163.6 160.4 157.1 154.5 152.4 150 148.3 145.5 142.4 140.3 138.4 136.4 134.5 133 131.2 128.6 125.9 123.5 124.8 124.8 125.3 128.5 135.4 142.4 146.5 150.7 157.4 164 166.6 163.6 160.2 156.7 155.6 154.8 155.2 155.7 156.3 156.9 156 155.3 154.9 154.5 154.2 156.7 159.6 163.1 166.6 169.7 171.9 174.3 176.5 177.1 176.3 174.2 172.3 170.8 169.3 168.5 167.3 166.2 166 164.6 162.9 159.9 156.2 152.4 148.7
141.9 139.2 135.9 132.9 131 131.4 132.4 134.9 137.9 141.8 146.5 151.1 155.8 160.4 164.7 168 169.3 167 164 160.8 158.5 156.2 155 154.2 153.4 151.2 148 145.1 143.1 141.2 139 136.6 134.7 132.1 130 128.5 128.7 129 128.8 129.2 134.6 141.2 146.7 150.6 157.7 164.5 167 165.2 162.1 160.2 159.5 159.5 159.4 159.4 159.9 160.5 160.1 159.3 158.6 157.9 157.6 159.1 162.3 165.8 169 172.2 174.7 177.1 179.4 180.8 178.6 176.5 174.4 172.2 169.5 167.3 165.6 163.9 161.7 160 158.3 155.5 152.5 148.5 145.7
142 139.3 135.9 132.5 131.1 131.1 131 133.5 136.3 140.8 145.4 150 154.6 159.2 163.2 166.8 169.2 167.5 164.8 162.7 160.6 159.1 158.2 157.3 156.9 155.1 153 150.5 147.8 145.9 143.1 140.6 138.3 135.7 133.4 132.8 133.1 133 132.5 131.7 135.1 140.5 144 151.6 158.9 164.6 167.9 167.2 165.6 164.2 164.2 164.3 164.4 164 164 164 164.2 163.4 162.1 161.1 161.1 161.6 163.9 166.6 169.4 172.9 176.5 179.3 181.8 182.7 180.8 178.3 175.7 173.1 170.1 166.6 164.4 162.8 159.5 155.4 153.7 150.9 148.4 144.7 142.5
142 139.4 135.8 131.3 128.6 128.3 129 131.9 135.1 139.7 144.3 148.9 153.5 157.9 161.5 165.1 166.8 165.1 165.2 164.6 163 162.3 161.4 160.5 160.4 158.6 156.6 154.5 152.4 150 147.2 144.7 141.7 138.6 137.2 136.9 136.4 135.9 135.4 135.1 136.3 141.7 147.9 154.5 161.2 165.7 169 169.8 169 168.7 168.9 169.1 169.2 169.1 168.6 168.6 167.6 166.1 164.7 163.7 163 163.2 164.9 167.1 170 173.5 177.1 180.6 182.9 182.8 181.3 179 176.7 174.1 170.7 167.2 163.7 161.6 158 153.8 149.7 147 144.8 141.5 139.3
140.6 137.9 134.4 129.9 126.9 125.7 127.4 130.3 133.5 137.7 141.8 145.9 150.1 155.2 159.8 161.8 162.4 161.7 162 163.1 163.9 163.3 163.4 162.9 162.8 161.8 159.7 157.6 155.6 154.3 151.4 147.7 144.4 141.9 141 140.7 139.4 138.8 138.3 138 138.9 143.3 150.7 157 163 168.8 171.8 174.2 173.3 173.2 173.2 173.5 173.8 174.1 173.4 171.9 170.4 168.6 167.3 165.9 164.7 164.8 166.2 167.5 169.4 172.9 176.5 180.1 182.3 181.9 181.1 179.1 176.7 174.2 170.8 167.4 164 160.6 156.6 152.5 148.4 144.9 141.2 138.4 135.8
137.8 134.5 131.2 127.7 125.3 123.7 126.4 128.9 131.5 134.5 138.3 142.4 147 151 154.3 156.3 158 158.3 158.9 160.3 161.8 162.5 162.2 163.5 163.6 162.8 161.9 160.5 158.3 155.9 153.9 150.5 146.9 145.2 145 145.3 144.4 143.2 141.9 141.5 142.4 145.9 152.6 159 164.5 170.1 173.9 177.2 177.9 177.7 177.6 177.7 177.9 176.8 175.3 173.6 172.2 170.9 168.5 166.7 165.1 164.6 164.9 166.4 167.6 170.7 174 177.4 179.8 180.9 179.6 177.9 176.1 173.6 170.1 166.6 163 159.2 155.3 151.2 147.1 143.6 140.2 134.9 131.9
134.1 130.8 127.8 124.5 122.6 122.7 124.9 127.4 129.9 132.9 135.7 138.6 142.6 146.4 148.3 150.3 152.3 154.5 156.1 157.6 159.1 160.5 161.2 162.1 162.1 162.1 161.7 161 159.2 156.8 154.8 152.9 149.3 148.3 149.1 149.5 149.3 148.2 146.6 145.8 146.6 148.7 154.6 160.3 165.7 170.4 174.2 177.5 180.7 181.1 181.7 181.5 180.5 179 177.2 174.9 172.5 170.1 167.8 165.6 163.8 163.4 163.1 164.4 165.3 167.3 170.7 173.7 175.9 177.3 177.2 176.4 174.8 172.5 169 165.5 161.8 157.9 153.9 149.9 145.9 142.3 137.4 134.7 131.3
130.2 127.2 125.1 122.3 120.5 121.5 123.3 125.8 125.2 130.7 133.2 135.3 138.3 142.1 144 146 148.6 151.5 153.1 154.6 156.1 157.6 159.2 160.1 160.3 160.5 160.2 160.1 159.1 157.7 155.4 153.5 151.6 151 155.2 154.8 154.4 152.8 151.2 150.1 150.8 151.1 156.3 160.5 164.8 169.3 173.3 176.8 180.1 182.4 182.9 182.4 181 178.9 176.3 173.9 171.8 169.4 167.1 164.9 162.6 162.2 162 162.3 163 163.9 167.3 169.8 172 173.4 173.3 173.1 172.2 171 167.9 164.4 160.5 156.5 152.5 148.5 144.6 140.9 137.3 133.8 130.5
127.6 124.6 122.1 119.7 118.8 119.9 121.9 123.7 125.1 128.4 130.4 132.5 134.6 137.8 139.9 142.7 145.6 148.4 150 151.5 153 154.6 156.1 157.4 158.1 158.8 158.7 158.8 158.6 157.3 155.9 154.1 152.6 152.3 159.5 160.7 159.1 157.4 155.8 154.4 154.7 155 158.1 161.5 165.2 168.8 171.9 175.1 178.1 180 180.3 179.6 178.6 177.5 175 172.8 170.3 167.8 165.5 163.2 161 159.5 159.2 159.2 160.5 161.4 163.7 165.7 167.6 168.8 169.1 169 168.7 168.4 166.8 163 159.1 155.1 151 147 143.2 139.8 136.3 132.7 129.6
125.9 122.8 121 118.5 117.7 119.4 121.3 123.1 124.8 126.6 128.5 130.4 132.4 134.3 136.8 139.7 142.5 145.4 146.9 148.5 150 151.5 153 154.5 155.3 156 156.9 156.9 157 156.6 155.3 155.5 155.2 155.1 160.9 164.8 163.8 162.2 160.6 158.5 158.3 158.3 158.9 161.8 164.5 167.6 170.6 173 174.7 175.5 175.7 175.3 174.4 174.1 173.7 171 168.3 165.7 163.4 161.1 159.1 157.3 155.9 155.6 156.9 158.1 159.4 161.3 163.2 164.1 164.5 165.3 165.2 164.9 164.5 161.5 157.4 153.4 149.4 145.5 142.1 138.7 135.2 131.7 128.9
123.9 121.1 119.3 117.6 116.8 118.6 120.4 122.3 123.9 125.3 126.9 128.8 130.7 132.8 133.8 136.6 139.5 142.3 143.9 145.4 146.9 148.5 150 151.5 152.4 153.1 154.3 154.5 154.8 155.4 154.9 155.1 155.3 157 161.2 165.6 168.7 167.1 164.1 162.7 162 161 160.4 162.1 163.9 165 166.5 168.9 169.8 170.5 171.2 171 170.3 169.9 169.8 168.8 166.3 163.6 161.3 159.1 157.3 155.4 153.5 152.3 153.2 153.7 155 156.9 158.8 159.5 159.5 160.8 162.5 162.1 161.6 159.2 155.8 151.7 147.8 144.4 140.9 137.5 134.1 130.8 127.4
121.8 119.4 117.7 116.8 116.8 117.8 119.6 121.4 122.6 123.6 125.2 127.2 128.9 131.3 132.4 133.6 136.5 139.3 140.8 142.3 143.9 145.4 146.9 148.5 149.6 150.3 151.7 152.2 152.6 153.3 154.7 155.3 155.7 157.4 161.1 164.7 168.4 170.9 168 165.4 164.4 162.9 161.8 161.3 162.2 163.2 164 164.3 164.8 165.5 166.2 166.6 166.1 166 165.8 165.7 164 161.6 159.2 157.3 155.4 153.5 151.7 149.5 148.9 149.3 150.7 152.5 154.4 154.4 154.4 156.2 158 159.2 158.5 156.9 153.4 150 146.6 143.2 139.8 136.3 133.4 129.2 124.7
119.7 117.9 117.8 117.5 117.4 118.3 119.3 120.3 121 121.3 124.8 126.2 127.4 129.8 131 131.9 133.4 136.2 137.7 139.3 140.8 142.3 143.9 145.4 146.8 147.7 149 149.8 150.8 152.2 153.5 154.6 155.2 157.5 160.9 163.4 165.8 169.3 169.8 168.7 166.9 164.7 162.9 161.4 159.8 160.4 160.5 160.4 160.8 161.3 161.8 162.1 162.1 162 161.9 161.7 160.8 159.1 157.2 155 152.9 150.8 148.6 146.8 146.5 146.8 146.4 148.1 149.3 149.4 149.9 151.5 153.9 155.4 155.1 153.8 151.6 148.4 145.3 141.9 139.1 136.3 133.6 129.5 122.9
116.9 117.3 117.8 118.3 118.9 118.7 118.7 119.6 120.1 123.4 124.2 125.5 127 128.4 129.6 130.5 131.4 133.1 134.7 136.2 137.8 139.3 140.8 142.4 143.9 145.1 146.4 147.7 148.8 149.9 150.9 152.2 154 156.3 158.7 161.1 163.5 165.4 166.7 166.7 166.6 166.5 162.9 160.9 159 156.9 156.6 156.5 156.9 157.2 157.3 157.4 157.4 157.4 157.4 157.4 157.7 156.5 154.8 152.8 150.3 147.8 145.6 144.5 145.2 144.9 143.7 143.9 144.2 144.4 145.3 147.8 150 151.2 151.8 150.3 148.9 147 144.5 141.9 139.3 136.5 133.7 129.7 121.9
118.7 119.2 119.5 120 120.6 120.4 120.2 120.1 119.4 121.3 123.1 124.8 126.1 127.5 128.9 129.6 130.2 130.7 132.2 133.8 135.3 136.9 138.5 140 141.4 142.1 143.3 144.6 146.1 147.3 148.4 149.8 151.1 152.6 155 157.4 159.1 160.9 162.6 163.9 164.1 164.8 164.2 160.5 158.5 155.9 154.1 153.4 152.5 152.5 152.6 152.7 152.7 153 153.5 154.1 154.1 153.5 152.3 150.4 148.4 146.2 144.1 143.3 144 143 141.5 141.1 140.8 141 142 144 146 147 148 147.7 147.2 145.8 143.8 141.3 138.8 136.2 133.8 129.6 121.8
120.8 121.2 121.5 121.8 122.3 122.2 122.4 122.3 120.3 120.3 122 123.7 125.1 126.5 128.2 128.7 129.1 129.4 130.2 131.8 133.3 134.9 136.3 137.9 139 139.4 140.3 141.5 143 144.5 145.8 147.1 148.2 149.3 151 152.8 154.6 156.5 158.4 160.2 161.3 161.8 162.6 160 158.1 155 152 151 149.6 148.9 148.3 148.6 149.2 149.7 150.3 150.8 150.6 150 150.8 149.7 147.7 146.7 144.3 143.3 142.7 141.3 140 138.2 137.5 137.3 138.1 139.9 142.3 143.6 144.9 146.1 145.6 144.4 142.6 141 138.8 136.3 133.8 129.7 120.7
122.8 123.1 123.4 123.8 124.2 124.7 124.2 122.1 120 119.4 120.9 122.6 124 125.7 127.4 128.3 128.1 128 128.2 129.8 131.3 132.7 134.3 135.9 136.6 137 137.5 138.5 139.9 141.5 143.1 144 145.1 146.3 148.8 150.7 152.6 154.5 156.3 157.8 158.4 159.1 159.9 161.1 156.8 153.9 151.1 148.8 147.2 146.6 146.3 145.8 145.9 146.5 147.1 147.6 147.1 147.9 148.8 148.4 148 147 145.3 144.4 144 142.2 139.7 137.5 135.3 133.5 133.6 135.4 138 140.8 142.2 143.5 144 142.6 141.3 139.8 138 136.2 133.9 128.6 118.2
124.6 124.9 125.8 126.1 126.5 127.1 125.5 123.1 120 118.2 120 121.6 123.2 124.8 126.3 127.3 127.1 126.4 126.7 127.6 129.1 130.7 132.3 133.8 134.2 134.6 135.1 135.7 137.2 138.8 140.4 141.2 142 144 146.8 148.7 150.6 152.4 154.1 155.1 155.6 156.4 157.2 157.9 155.5 153.5 150.7 147.9 146 144.9 144.3 143.3 143.3 143.5 143.8 144.2 144.7 146 147.8 148.7 148.6 148 147.4 146.3 145.5 143.9 140.9 138.7 136.6 134.1 131 130.6 133.7 136.8 139.4 140.7 142.1 141.3 140 138.6 136.7 134.4 132 126.4 114.4
126.1 126.3 127.2 128.1 128.9 128.9 125.9 122.6 119.4 115.3 118.1 119.7 121.2 122.7 124.2 125.7 125.7 123.8 124.6 125.5 126.9 128.6 130.3 131.4 132 132.6 133.1 133.9 134.8 136.1 137.8 138.7 139.2 141.7 144.8 146.6 148.5 150.4 151.4 152.3 152.9 153.7 154.4 155.2 155.2 153.3 150.6 148.1 145.8 143.4 142.3 141.3 140.8 140.9 140.8 142 143.5 145.3 147.3 148.5 149.5 149.7 149 148.1 147.2 145.5 142.5 139.9 137.7 134.5 131.4 128.7 128.9 132.2 135.4 138.3 139.8 139.4 138.1 136 133.9 131.5 129.1 123.5 110.2
127.3 127.9 128.6 129.2 129.8 131.3 125.8 122.3 118.9 115.6 116 117.3 118.3 119.8 121.3 122.8 122.3 121.5 121.4 122.8 125 126.6 128.3 129.5 130.1 130.7 131.1 132.1 133 133.9 135.1 136.1 137.8 139.6 142.5 144.6 146.5 147.7 148.6 149.5 150.2 151 151.7 152.3 152.9 152.6 150.8 148.5 146.3 144.4 143.1 141.8 139.8 138.1 138.3 140.5 142.8 144.8 146.9 148.9 150.7 151.1 152.1 151.1 149.8 147.4 144.5 141.1 138.1 134.9 132 128.7 125.4 127.3 131.2 135.3 137.2 136.4 134.9 132.8 130.8 128.7 126.5 119.2 104.8
127.2 127.7 128.2 129.2 129.9 131.2 125.3 122.3 118.5 115.9 113.7 114.7 115.7 116.7 118.1 118.6 118.5 118.4 118.4 120.6 122.7 124.9 126.4 127.6 128.2 128.6 129.3 130.2 131.2 132.1 133 134.7 136.4 138.3 140.2 142.6 143.9 144.9 145.9 146.7 147.5 148.1 148.8 149.6 150.6 151.7 150.5 149.2 147 145.6 144.3 142.4 140.7 138.5 136.5 138.7 142.1 144.5 147.3 149.8 151.8 153 154.3 154 152.3 149.8 146.1 141.6 138.1 135.2 132.1 128.9 125.6 122.8 128.1 132.3 133.9 133.4 131.7 129.6 127.6 125.6 122.6 114.1 99.2
125 126.2 127.5 127.9 128.9 127.3 124.8 121.6 117 113.6 111.8 112.7 113.6 114.5 115.2 115.5 115.8 115.6 116.9 119.4 121.5 123.7 124.9 125.7 126.3 126.6 127.5 128.4 129.4 130.3 131.9 134.1 135.7 137.3 138.9 140.2 141.2 142.2 143.2 144 144.8 145.8 146.9 147.9 149 150 150.1 148.7 147.9 146.8 145 142.8 140.5 138.3 136.1 137.4 141.2 145 148 150.5 153 155.8 156.4 156.9 154.7 151.2 147.4 142.3 137.6 134.9 132.4 129.2 125.9 121.5 122.9 129.2 130.4 130.3 128.5 126.5 124.5 122.3 117.9 109.1 96
121.6 122.9 124.1 125.3 126.6 125.3 123.3 119.1 114.9 111.8 110 110.8 111.5 112.1 112.5 112.8 113.2 113.6 115.4 118 120.3 122.5 123.5 124 124.1 124.7 125.7 126.6 127.5 128.7 131.2 133.5 135.1 136.7 138.2 139.8 140.6 141.3 141.2 142 143 144.1 145.2 146.2 147.3 148.3 148.8 149.2 148.6 148.3 146.1 143.9 141.7 139.5 137.2 134.6 141.5 144.9 148.4 151.3 154.4 156.8 156.9 157.4 155.8 152 147.7 142.2 136.5 134.8 132.3 129.5 125.8 122 118.6 124.1 125.7 127.1 125.3 123.1 121.3 118.6 112.3 103.8 92.5
118.2 119.5 120.7 122 123.2 122.8 120.8 116.8 112.9 110.4 108.5 108.4 109 109.4 109.8 110.4 111.1 111.7 113.9 116.5 119 121 121.5 121.4 122.3 123 123.8 124.7 125.8 128 130.5 132.9 134.5 136.1 137.4 139 139.9 139.6 139.3 140.1 141.2 142.2 143.3 144.4 145.4 146.5 148 149.3 149.3 149.8 148.6 146.4 144.2 141.9 137.9 132.3 140.6 144.4 148 150.9 153.5 155.8 157.3 156.4 153.8 150 145.5 140.3 134.7 131.7 130 129.2 125.3 121.3 116.7 119.6 122.4 123.3 122.8 122.3 120.4 116.6 109.1 97.2 90.7
113.3 114.6 115.9 117.2 118.5 118.7 116.7 114.1 111.1 108.6 107.5 106.7 106.7 107.3 108 108.6 109.3 110.1 112.2 114.7 117.3 118.5 118.3 118.9 120.3 121.2 121.8 122.9 124.8 127.3 129.8 132.3 133.9 135.2 136.5 137.4 137.9 137.5 137.6 138.2 139.3 140.3 141.4 142.5 143.6 145 146.8 148.4 149.9 150.5 150.3 148.9 146.6 143.9 138.6 130.6 137.9 143.3 147.2 149.4 152 154 154.9 153.9 151.5 148 143.3 138.4 132.9 128.7 127.7 126.5 124.3 120.2 117.3 115.7 120 120.7 121.3 121.5 119.6 115.2 102.9 90.4 90.5
109 109.4 110.6 111.9 113.2 114.4 113 110.9 108.6 107 106 105.2 105.4 105.5 106.1 106.7 107.4 108 110.5 112.7 116.1 115.8 115.4 116.8 118.7 119.5 120.1 121.3 123.8 126.3 129.1 131.7 133.1 134.4 135.1 135.3 135.4 135.5 135.8 136.3 137.4 138.4 139.5 140.6 141.9 143.8 145.6 147.1 148.4 149.5 149.6 148.4 147.1 144.2 138 129.6 136.1 143.1 146.5 147.7 149.3 151.4 151.7 150.8 148.7 145.4 141.1 136.2 130.5 126.6 124.2 122.6 121.1 118.8 115.2 108.3 118.1 120.1 121 120.5 118.2 110.6 89.2 90 90.4
107 107.5 107.7 107.9 108.1 109.1 109.3 108 107 105.6 104.4 104 104.2 104.3 104.5 104.8 106.3 107.9 110.9 111.6 113.5 113.1 113 115.7 116.9 117.5 117.6 120.6 122.9 125.1 127.7 130.3 131.6 132.1 133.7 133.6 133.5 133.5 134 134.4 135.5 136.5 137.7 138.9 140.7 142.6 144.3 145.9 146.9 147.3 147 145.9 144.7 141.9 135.6 127.3 135.7 142.4 144.5 146 147.4 148 148.3 147.3 144.7 141.1 137.2 132.9 129.3 126.2 122.5 119 117.5 115.7 112.8 113.9 117.9 120.1 121 119.1 113.5 89.7 89.6 89.9 92.1
104.4 105.8 106 106.2 106.4 106.6 106.5 105.6 104.7 103.9 102.7 102.8 102.9 102.9 102.8 103.3 105.1 106.7 108.5 109.1 109.7 110.3 111.8 113.1 114.4 116.1 118.1 120.2 122 124.2 126.4 128.3 130.2 131.5 131.5 131.4 131.4 131.8 132.2 132.6 133.6 134.8 136 137.5 139.4 141.3 143.1 144.4 144.8 144.6 144.4 143.4 142.3 139.1 133.8 125.3 132.7 139.4 142 142.4 142.9 143.4 143.9 143.8 140.3 136.7 133.1 129 126.4 123.8 120.1 117.3 114.2 112.5 105.6 114.6 119.1 121 121 117.1 104 89.1 89.5 95.2 109
101.7 103.3 104.3 104.5 104.7 104.9 104.4 103.5 102.6 101.8 101.3 101.1 100.9 100.8 100.7 101.6 103.8 105.8 106 106.6 107.2 108 109.6 111.2 113.1 115.5 117.5 119.5 121.3 123.5 125 126.1 128 129.4 129.4 129.4 129.6 130 130.5 130.9 131.8 133.1 134.4 136.3 138.2 140.1 141.9 142.4 142.1 141.9 141.7 140.8 139.6 136.6 131.8 124.8 128.9 136.2 139.1 139.5 139.8 140.1 140.4 140.3 136.6 132.8 129.1 125.7 123.4 121.1 117.4 113.5 110.8 108.1 107.4 115.4 120.5 120.7 118.2 113.9 89.4 89.2 93.2 104.5 114.6
100.2 100.9 102.2 102.9 103.1 102.7 102.2 101.4 100.5 99.9 99.7 99.7 99.5 99.2 98.8 99.9 102.5 103.3 103.6 104.1 104.7 106.5 108.1 110 112.6 114.9 116.9 118.9 121 122.2 123.2 124.4 125.9 127.3 127.3 127.5 127.9 128.3 128.8 129.3 130.3 131.3 133.2 135.1 137 138.9 139.9 139.6 139.4 139.2 139 137.8 136 133.1 129.6 123.9 125.3 132.2 135.1 136.7 137 137.3 137.5 137.1 133.8 130.1 126.9 123.6 120.7 118.1 115.7 110.9 106.9 98 110.1 116.1 119.8 118 114.6 96 89.2 90.8 100.2 108.6 115.8
98.9 99.6 100.3 101.1 101.1 100.6 100.1 99.3 98.6 98.3 98.2 98.2 98.2 98 97.7 98.7 100.6 100.9 101.1 101.5 103 105 106.8 109.4 112 114.3 116.3 118.3 119.6 120.9 121.5 122.7 123.8 125.3 125.3 125.8 126.2 126.7 127.2 127.9 128.9 130.3 132.2 134.1 136 137.8 138.6 138.3 138 137.8 137.6 135.4 132.4 129.7 126.9 123.8 121.2 128.5 131 133.8 134.2 134.4 134.5 133.9 131.1 128 124.9 121.5 118.5 115.7 112.8 109.4 104.9 106.4 110.9 114.8 117.4 115.6 103.8 88.6 88.8 100.1 109.1 111.4 117.6
97.7 98.3 99 99.7 99.2 98.5 98 97.3 97 96.6 96.6 96.6 96.6 96.9 96.7 97.1 97.9 99 100.3 101.5 103.6 104.5 106.5 108.9 111.5 113.7 115.7 116.8 118.4 119.4 119.7 120.9 122.1 123.2 123.7 124.1 124.6 125.1 125.5 126.5 127.7 129.4 131.3 133.2 135 136.4 137 137.2 136.9 136.6 136.3 134.1 131.6 128.8 125.6 122.4 118.5 122.8 127.2 130.4 131.3 131.3 131.3 130.9 128.9 126.3 122.8 119.5 116.4 113.6 110.7 107.3 96 107.1 109 111.1 111.9 109 91.6 88.2 91.7 106.1 110.4 112.2 117.1
96.5 97.4 98.3 98 97.5 96.9 96.2 95.7 95.3 95.1 95.1 95.2 95.6 96.5 95.9 97.3 99.6 101.4 102.7 104.2 105.1 106.1 107 108.5 110.9 112.9 114.4 115.9 117.5 118 118.5 119.3 120.9 122 122 122.5 123 123.5 124 125.1 126.7 128.5 130.4 132.2 133.7 134.8 135.4 136 135.8 135.5 135.1 133.8 131.5 128.5 125.6 122.6 119.3 119.6 124 128.1 128.2 127.7 127.7 128.2 126.6 124 120.8 117.4 114.4 111.4 107.9 102.9 91.6 105.8 106.3 101.9 99.5 98.8 87.8 87.5 96.3 109.5 111.2 112.9 116.7
95.6 96.6 96.7 96.3 95.8 95.3 94.7 94.2 93.7 93.7 93.9 94.2 95.3 96.6 97 99.3 101.3 103.3 105.1 106.1 107.1 108.2 109.2 110.2 110 111.9 113.4 115 116.5 116.9 117.6 118.6 120.1 121 121 121 121.4 121.8 122.6 124.2 125.7 127.6 129.4 130.9 132.3 133.2 133.8 134.4 134.8 134.7 135.1 134 131.2 128.3 125.4 122.5 118.7 114.7 121 124.4 126 124.7 124.2 123.7 122.8 120.5 117.8 114.7 111.3 108.3 105 100.8 89.7 102.7 101.7 90.3 87.1 87.3 87.7 88.1 100.3 109.7 111.5 113.3 116.4
94.6 94.9 94.8 94.5 94.1 93.6 93.1 92.6 92.7 93.1 94 95.7 96.7 97.7 99.2 101.6 103.6 106 108.8 110 111 112 113 113.3 112.5 111.8 112.9 114.1 115.2 116.3 117.4 118.5 119.3 119.9 120 120 119.9 120.2 121.6 123.2 124.8 126.6 128.1 129.5 131 131.6 132.2 132.8 133.7 134.7 134.8 134.1 131.5 128.3 125.2 122.3 118.7 111.6 118.1 122 123.8 122.3 120.3 119.4 118.5 115.9 112.2 109.9 107.5 104 99.7 94.9 88.4 92 91.9 87.3 87.2 87.3 87.7 91 108.3 110.2 111.9 113.6 115.8
91.6 92.1 92.2 91.9 91.7 91.4 91.9 92.7 93.4 94.4 95.9 97.9 99.6 100.6 101.8 103.9 106.5 109.3 112 113.9 114.9 115.8 116.5 116.1 114.9 113.5 113.2 114.2 114.1 115 116 117.1 118.8 118.8 118.9 118.9 118.8 119 120.6 122.2 123.8 125.3 126.7 128.2 129.5 130.1 130.6 131.7 133 134.2 134.5 134 132.4 129.4 126.2 122.6 117.3 111.6 114.8 118.7 119.4 117.4 115.9 114.8 113.5 110.6 106.8 105.1 102.7 97.7 91.9 85.7 86.5 86.2 86.6 87.3 87.4 87.5 91.4 105.5 108.4 110.3 112.2 114.1 116.6
89 89.3 89.6 90.4 91.3 92.1 93 93.7 94.8 96.4 97.9 100 102.2 103.5 104.6 106.8 109.6 112.4 115.2 117.8 118.6 119.4 119.8 118.5 117.1 115.7 114.3 114.5 114.1 113.4 114.4 115.8 116.8 116.9 117.1 117.4 117.4 118.4 120.1 121.8 123 123.9 125.4 126.8 127.9 128.5 129.7 130.9 132.1 133 134 133.6 132.4 130.1 126.4 121.9 117.3 111.9 107.2 114.4 115.1 112.9 111.3 110.1 108 99.5 90.1 87 82.5 83.3 83.7 83.6 85.2 85.4 86.8 87.7 94.9 100.8 104.7 106 108.2 110.4 112.5 115.3 118
