app/static/ascii/NJ81.asc
ncols 200
nrows 200
xllcorner 380000
yllcorner 810000
cellsize 50
[rows 148 to 184 of 200, columns 0 to 84 of 200]
93.9 96.8 96.8 97.7 101 102.6 103.8 103.4 106.9 106.1 108.9 109.5 110.9 113.1 115.1 116.7 117.4 117.9 117.7 116.8 115.4 114.3 111.6 110.2 107 104.3 100.7 96.6 95.5 94.1 92.1 93.4 87.7 87.2 89.2 87.6 83.3 82 81.6 79.2 79.7 78.9 78.3 76.3 76.7 75.9 75.4 75 74.9 75.2 74.8 75.8 76.2 75.3 74.7 74.9 76.6 77.9 80 81.5 82.9 85.6 89.9 93.7 96.8 97.9 105.1 113.6 121.3 127.7 134 140.9 147.8 153.1 157.3 162.5 167.8 173.7 180.4 188 195.6 201.3 207 212.5 219.8
97 98.9 98.9 98.2 102 103.2 102.9 102.1 104.3 104.8 107.1 108.4 109.4 111.7 114.2 116.9 117.7 118.4 118.9 118.3 117.5 115.5 113.2 109.7 106.7 104.1 100.6 98.1 95.1 91.5 90.3 88.1 86.3 85.3 83.1 81.7 80.4 82 82.3 80.8 76.9 76 74.8 74.9 74.9 74.7 74.4 74.9 74.6 74.9 74.3 73.8 73.9 73.8 73.6 74.8 75.8 76.5 77.8 79.7 81.4 84.2 88.3 91.9 95 96.7 101.4 107.9 116.8 124.4 130.5 137.1 144.4 150.4 154.7 159.7 165 170.2 176.4 184.6 193.5 200.4 206.8 213.1 220.2
98.4 98.9 99.3 98.2 100.1 100.5 101 101.5 102 103.7 103.9 104.9 106.8 110.2 112.4 115.8 117.8 118.4 118.6 118.6 117.4 115.6 113.2 110.8 107.8 104.9 100.6 98.8 95.5 92.6 90.3 87.8 85.1 83.7 83 81.7 80.4 79.2 77.7 76.4 75.2 74.1 76.9 76.7 76.5 74.7 74.8 74.7 74.5 74.4 73.8 73.4 73.2 73 73.3 74.2 75 76.4 76.9 78.7 80.4 83.1 85.5 89.3 92.7 96.1 100.2 104.1 109 116.9 124.9 134.2 142.6 148.2 152.6 156.5 162.4 167.6 173.3 179.8 187.3 197.2 205.3 212.3 219.4
97.8 97.5 97.2 98.1 97.1 97.9 98.9 98.8 98.6 100.2 100.6 102.2 104.3 107.5 111 114.8 117 117.9 117.6 117.4 116.5 114.5 112.1 109.8 107.2 104 99.9 97.7 94.7 91.4 91 88.2 85.8 83.9 83 81.5 80.3 78.8 77.4 76.4 75.4 74.9 74.7 74.4 74.1 73.6 75.5 75.4 75.2 74.7 73.2 73 72.8 72.5 73.6 74.5 74.4 74.7 76.6 77.6 79.6 82.2 84.3 87.1 89.8 93.8 98.8 102.8 106.9 113.2 121.6 131.5 141.1 146.1 150.7 153.7 157.7 163.5 169.8 176.3 183.9 192.3 199.8 208.8 217.2
95.8 96.4 96.5 96.8 97.5 96.4 96.9 96.9 96.4 98 98.8 100 102.2 105.4 109.3 113.2 115.2 116.1 116.1 115.4 114.5 112.9 110.7 108.1 105.4 102.4 98.7 96.6 94 92 90.4 88.2 85.9 83.9 82.7 81.3 80 78.8 77.7 76.7 75.9 75.7 75.1 74.6 74.3 73.9 73.5 73.1 72.8 72.7 72.3 74.6 75.1 75.5 74.4 74.6 74.5 74.5 76 76.6 78.9 81.3 83.9 85.8 88.4 92.1 96.9 101.4 105.5 113.1 122.8 131.2 138.1 143.4 148 151 154.9 157.9 164.2 171.1 178 185.4 192.6 199.5 207.9
93.5 94.3 95.2 95.8 96.6 92.8 94.9 95.2 95.8 97.6 98.4 98.3 101.1 103.7 108 111.4 112.8 113.5 113.2 112.8 112.1 110.1 108 105.3 102.4 99.5 97.4 94.9 92.4 93.3 89.8 87.7 85.7 83.7 82.4 81 79.9 78.8 77.7 76.7 76.1 75.5 74.9 74.4 74 73.8 73.6 73.2 73 72.7 72.6 72.7 73.2 73.8 73.6 75.9 76.3 77.2 78.3 78.5 80.1 80.6 84.3 85.9 87.7 90.4 94.8 99.3 105.6 113.5 122.5 127.7 127.9 139 143 145.4 149.2 153.1 156.8 163.1 170 178.4 185.8 191.9 196.1
92.9 93.8 94.7 94 95 94.8 92.1 92.6 93.5 94.5 95.7 97.2 99.5 103.5 106.8 109 110.4 110.3 109.8 109.2 108.3 106.9 104.9 102.3 99.7 97.8 95.8 93.7 91.6 89.5 88 86.4 85.2 83.3 81.9 80.5 79.3 78.2 77.2 76.4 75.8 75.2 74.8 74.3 73.8 73.5 73.6 73.3 73 72.7 72.8 72.9 73.3 73.8 73.7 73.7 74.1 75.1 76.4 77.3 81.5 83.4 84.5 86.3 87.5 89.9 93.1 98.3 104.2 112.7 115.1 115.4 115.3 134.5 136.7 138.9 142.1 147.3 151.1 155.9 161.9 168.9 178 185.5 188.8
92.8 93.2 94.1 93 92.7 92.2 90.6 92 92.9 93.4 94.4 96.4 97.1 102.7 106.5 107.8 108.7 108.6 107.6 106.6 105.4 104.2 101.8 99.8 97.5 95.8 94.1 92.1 90 88.2 86.7 85.3 83.9 82.5 81.3 79.9 78.7 77.6 76.8 76.2 75.6 75.1 74.6 74.1 73.7 73.3 73.6 73.4 72.9 72.9 73 73.1 73.3 73.9 73.8 73.9 74.3 75.1 76.2 77.4 78.9 81.5 84.9 86 87.5 89.9 92.9 95.4 98.1 104.6 110.6 116.5 121.7 127.1 129.3 133.1 136.3 141.2 144.9 149.2 154.7 160.2 168.8 175.7 181.7
93.5 93.5 93.3 92.7 92.1 91.3 90.4 90.2 92.1 92.6 93 95.7 95.9 99.9 103 105 106.1 105.6 105.2 104 102.7 101.1 99.3 97.4 95.1 93.1 91.5 89.9 88.3 87.1 85.7 84.4 83 81.6 80.4 79.2 78.1 77.2 76.6 76 75.4 74.9 74.5 74 73.5 73.1 73.6 73.2 73 73.1 73.2 73.3 73.4 73.9 73.8 74.2 74.5 75 76.3 77.6 79.2 81.5 84 85.1 86.1 88 89.7 92.3 95 105.9 106.1 105.3 107.1 108.9 113.5 120.2 128.5 134.5 139 144.1 147.7 152.5 157.8 163 169.3
94.9 93.7 93.4 92.8 92.1 91.3 90.8 90.5 92.5 92.8 92.3 94.2 94.6 98.3 99.1 100.2 100 99.9 100.4 99.6 98.5 96.8 94.9 93.1 92.3 90.5 88.8 87.7 86.7 85.7 84.8 83.5 82.1 80.7 79.5 78.3 77.1 76.8 76.1 75.4 74.7 74.4 73.9 73.4 73.2 73.1 73.6 73.2 73.2 73.3 73.4 73.5 73.6 73.9 74 74.4 74.8 75.2 76.3 77.8 79.2 81.1 82.8 84.4 85.4 87 88.4 89.8 91.7 93.7 96.6 100.8 102.5 108.6 112.7 115.2 113.9 114.6 122.1 136.3 140.9 143.6 146.9 153 159.2
96.4 93.8 93.6 93.4 91.9 90.9 90.1 89.3 90.9 90.7 91.2 91.5 92.9 93 94.7 95.5 96.1 95.6 95 94.4 93.7 93.2 91.9 90.7 89.1 87.9 87.1 86.1 85.1 84.7 83.2 82.2 81.2 79.8 78.6 77.4 77.1 76.6 75.6 74.8 74.1 73.7 73.5 73.4 73.3 73.1 73.5 74.1 74.1 74 73.6 73.7 73.8 74 74.3 74.7 75 75.4 76.3 78 79.3 80.3 81.8 83.4 84.8 86.3 87.2 88 89.3 90.8 93.7 96.8 99.7 102.4 106.3 110.6 115.3 118.7 116.7 117.5 128.3 135.2 138.4 142.8 151.5
98.5 96.7 94.9 93.6 92.3 91.2 90 89.1 89.7 89.8 89.4 89.5 90.4 90.4 89.2 90.4 90.6 89.8 90.2 89.7 89.2 88.7 88.4 87.2 86.5 85.8 85.5 84.5 83.5 83.1 82.4 80.6 79.7 78.7 77.8 76.9 77.3 76.9 74.9 74.2 73.5 73.4 73.4 73.3 73.2 73.1 73.9 74.1 74.1 74.1 74.1 74.1 74.1 74.2 74.5 74.8 75.1 75.5 75.9 77.7 78.6 79.7 80.9 82.4 84 85.2 86.1 87 88.3 89.8 91.9 94.8 97.3 99.5 102.7 106.1 108.5 110.8 114.4 115.8 118.7 125.4 129.4 134.4 144.9
100.3 98.4 96.6 94.8 93.1 91.9 90.7 89.8 88.9 87.3 87.8 87.8 87.4 86.6 85.9 85.9 85.8 85.9 86.1 85.9 85.4 85.1 85.3 85.1 84.4 83.7 83.6 82.8 81.8 81.5 81.2 78.7 78.1 76.9 77.1 76.8 76.6 75.1 74.4 73.7 73.4 73.4 73.3 73.2 73.3 73.3 74.1 74.1 74.1 74.1 74.1 74.1 74.1 74.3 74.6 74.9 75.2 75.6 76.1 77.4 77.9 79.1 80.3 81.6 83 84 85 86.2 87.3 89 91 93 95.1 97 98.8 101.9 103.5 105.4 109 111.9 114.5 119.4 123 131 144.2
101.3 100.2 98.4 96.9 96.3 95.2 93.3 91.6 90.4 88.3 86.4 86.9 86.4 85.4 84 83.1 82.2 82 82.3 82.3 82.5 82.6 82.7 82.6 82.3 81.6 81.5 81.2 80.2 79.9 79.6 79.3 76.2 76.5 76.1 74.9 74.4 74.3 74.3 73.9 73.4 73.4 73.3 73.4 73.5 73.5 74.2 74.2 74.1 74.1 74.1 74.1 74.2 74.4 74.7 75 75.3 75.7 76.2 77 77.3 79.2 80.3 81 81.2 82.9 84.1 85.5 86.3 88.3 90.3 92 93.3 94.9 96.7 98.7 99.9 101.3 104.3 107.2 109.6 112.9 121 129.2 141.3
102.7 101.9 100.7 99.6 98 97.1 95.7 94 91.8 89.3 88.8 86.9 85.4 84.1 83.1 82.7 82.2 81.4 80.7 79.9 79.9 80.1 80.2 80 79.8 79.5 79.4 79.3 78.6 78.3 78 77.6 77 76.3 76.3 74.6 74.1 73.9 73.8 73.6 73.4 73.5 73.5 73.6 73.6 73.7 74.2 74.2 74.2 74.2 74.2 74.2 74.3 74.5 74.8 75.1 75.4 75.7 75.9 75.8 76.7 79.4 79.4 79.9 80.5 81.4 83.5 84.5 85.6 87.6 89.2 90.8 92.1 93.2 94.6 96.9 98 98.6 100.2 102.9 105.8 109.3 116.8 122.2 137.3
104.2 103.3 102.2 101.1 99.3 97.4 95.6 93.9 93.6 91.7 89.6 88.9 87.8 86.1 83.8 82.9 82.1 81.1 80.4 79.4 78 77.6 77.6 77.5 77.4 77.4 77.3 77.2 77 76.6 76.2 75 75.6 75.1 75.5 74.8 74.2 74 73.8 73.6 73.7 73.6 73.7 73.8 73.8 74 74.2 74.2 74.2 74.2 74.2 74.3 74.3 74.6 75 75.3 75.4 75 75.5 76 76.1 77 78.9 79.2 79.8 80.6 82.1 83.9 84.8 86.4 88.1 89.3 90.6 91.7 93.6 94.8 95.8 96.4 98 100.6 104.3 107.9 112.1 122.6 131.6
105.5 104.5 102 100 98.7 97.9 98.4 97 94.6 94.9 93 90.7 89.1 86.7 85.6 84.5 82.1 80.8 80.6 79.8 77.9 76.7 76.3 76.1 75.7 75.4 75.4 75.4 75.4 75.2 75 74.5 75.3 75.4 75.7 75 74.4 74 73.8 74 73.9 74.2 73.8 74 74 74.3 74.2 74.2 74.2 74.3 74.3 74.4 74.5 74.8 75.1 75.3 75 75.3 75.9 76.6 76.9 76.7 78.1 78.4 79.1 78.9 79.5 81.5 84.4 85.7 86.8 87.6 89 90.2 90.9 92.2 93.2 94.5 96.8 99.8 103.4 107 111.6 120.9 124.5
106.7 105.7 104.2 103.2 102.4 101.7 102.1 99.5 99.8 98.1 96 93.2 91.3 89.2 88.2 87 84.6 82.6 81.7 79.5 77.9 78.5 78 77.2 76.2 76 76.3 76.7 76.8 76.2 75.4 75.5 75.7 75.8 75.8 75.2 74.6 74 74.2 74.5 74.2 74.4 74.4 74.1 74.2 74.3 74.3 74.2 74.3 74.3 74.4 74.4 74.6 74.9 75.2 75 75.3 75.6 76.3 77 77.6 77.7 77.7 77.3 77.5 78 78.8 80.4 82.1 83.6 84.7 85.8 87.3 88.2 88.2 89.3 90.4 92.2 95.6 99 102.5 106.1 110.8 120 126
108 107.7 106.4 105.4 104.5 103.7 104.1 103.5 102.2 100.6 97.7 96.4 93.5 92 91.1 90.3 88.6 86.6 86.6 84.4 83.2 82.5 81.9 79.2 78.3 77.3 77.6 78.2 78.2 77.8 76.7 76.3 76.7 77.3 77.3 76.4 75.6 74.9 75 75.1 74.4 74.9 75.3 74.8 74.4 74.5 74.3 74.3 74.4 74.4 74.5 74.5 74.7 75 75 75.4 75.5 75.9 76.6 77.3 78 79 79.8 79.1 79.1 79 79.6 80.5 80.4 80.6 81.3 83.2 84.8 85.3 85.4 85.7 86.4 89.2 91.7 95.6 100 103.8 109.3 114.6 122.4
112.2 111.1 109.4 107.7 106.5 105.4 105.5 104.6 102.7 100.4 98.6 98.6 97.3 95.6 94.2 92.8 92.2 90.8 89.3 87.7 86 85.3 83.8 82.4 84.4 83.6 81.7 79.9 79.6 79.6 79.1 79.7 80.2 80.5 80.5 80.2 79.9 79.2 78.3 78.2 77.7 76.8 76.5 76.5 75.5 74.8 74.8 75.1 74.4 74.5 74.5 74.6 74.8 75 75.5 75.6 75.7 76.2 76.9 77.6 78.5 79.6 80.9 82.1 82.2 82.3 82.4 82.1 80.3 80.8 80.6 80.7 81.5 82.8 83.4 82.9 83.3 84.6 87.2 91.6 96.1 100.5 105.3 109.2 113.8
116.2 114.4 112.7 111 109.3 107.8 107.3 106.3 103.9 102.1 100.7 99.3 98 96.7 95.1 94.2 93.6 91.5 89.8 88.7 87.8 87.1 85.7 86.5 86.6 86.2 83.1 81.6 83 83.2 82.9 83.6 84.2 84.6 84.9 84.6 84.3 83.8 83.5 83.2 81.3 80.9 79 78.5 77.6 76.5 75.9 76.6 75.2 74.4 74.6 74.7 75 75.6 75.7 75.8 75.9 76.5 77.2 78 79.1 80.2 81.6 83.5 84.4 84.8 84.9 84.9 85.2 83.8 82.6 83.1 84 83.2 82.5 83.3 83.8 83.8 85.2 88.3 92.3 96.1 100.8 103.7 107.2
119.5 117.9 116.2 114.6 112.6 110.9 109.5 108 105.8 103.7 102.2 100.7 99.3 98.6 98 97.1 95 92.5 91.3 90.3 89.4 88.6 88.3 88.1 88 87.4 84.8 84.2 84.4 85.6 87.8 87.7 88.2 88.6 89.1 89 89.8 89.4 88.7 88.2 86.7 85.2 83.6 81.6 79.7 78.3 77.2 78.1 77.6 75.3 74.8 75.2 75.7 75.8 75.8 75.9 76.2 76.8 77.6 78.6 79.7 80.9 82.3 84.7 86.2 86.7 87.1 87.1 87.6 88.2 86.8 85.8 85.6 84 84.5 84.4 84.5 84.8 85.3 86.7 89.3 93.3 96.1 99.3 102.2
122.4 121.2 119.8 118 115.5 113.4 111.7 109.9 108 105.9 104.1 102.6 101.1 100.3 98.9 97.3 96.1 93.7 92.4 91.8 90.8 89.4 89.7 89.9 89.7 88.3 87.1 87.1 86.8 90 93.3 93.6 94.5 95.5 96 96.4 96.1 95.1 94 92.9 91.7 89.3 87.2 84.6 82.7 80.9 79.9 80.3 79.1 76.9 74.9 75.3 75.7 75.9 76 76.1 76.6 77.2 78.1 79.2 80.4 81.5 83.1 85.3 87.2 88.1 88.9 90.7 91.6 92 91.4 90.4 89.3 88.7 87.3 86.5 86.1 85.9 86.9 87.1 87.4 90.1 91.9 93.2 94.1
125.4 124.3 123.5 120.9 118.3 115.7 113.8 111.9 110 108 106.1 104.5 102.6 101.4 99.8 97.5 96.3 94.8 93.4 92.8 91.4 90.2 90.7 91.3 91.5 90.2 89.2 90 92.3 95.5 99.3 100.2 101.5 101.8 102 102.2 101.7 99.9 97.5 96.5 95.2 92.4 90 87.6 85.7 83.9 82.7 80.9 79.8 77.4 75.2 75.2 75.6 75.9 76.1 76.3 76.9 77.6 78.7 79.9 81 82.1 83.8 85.1 86.9 88.3 91 93 95.3 95.9 96.8 95.8 95.5 95.1 93.6 92.1 90.8 91 91.1 90.6 88.3 88.3 88.6 89.3 90.8
129.4 127.9 126.6 123.9 120.2 117.8 115.6 113.8 111.9 109.8 107.7 105.7 103.6 102.5 100.7 97.7 96.5 95.3 94.2 93.1 92.4 92.8 92.8 92.9 92.4 91.7 90.9 92.3 98 100.7 104.3 106.2 107.4 107.9 108.1 107.7 106.6 104.4 102 100.1 97.9 94.9 92.1 90 87.8 85.6 83.5 81.5 79.6 77.8 76.2 75.8 75.5 75.8 76.1 76.4 77 77.8 78.9 80 81.2 82.3 83.6 84.9 87.4 88.8 91.6 95 98.1 100 100.8 101.1 100.6 100.3 99.4 97.1 94.6 93.9 92.1 89.9 88.5 88.5 88.9 89.9 90.9
132.3 130.1 128.3 125.9 122 119.6 117.4 115.5 113.6 111.3 108.7 106.7 104.6 103.4 100 98.5 97.5 96.9 96.4 95.7 95.2 94.6 94.2 94.3 93.3 92.1 92.6 96.4 101.1 105.1 108.7 111.5 113 114 113.6 112.5 111.1 108.3 105.4 102.5 99.4 96.3 93.1 90.4 88.1 85.8 83.7 81.7 80 78.3 77 76.2 75.8 75.8 76.1 76.5 77 77.8 78.8 79.9 81 82.2 83.5 84.9 87.8 90.3 92.6 97.2 99.9 101.7 103.7 105 105.4 105.2 104.4 101.3 98.7 95.9 94.3 90.5 90.9 91.3 91.3 91.1 91.8
134.1 131.9 129.1 125.7 123.7 121.5 119.2 117.3 115 112.8 110.2 107.7 105.8 102.7 100.9 100.2 99.3 98.7 98.1 97.3 96.1 95.9 95.7 95 93.2 93.6 95.7 99.2 102.8 107.4 111 114.1 115.2 116.4 116.2 114.1 112.7 109.1 105.7 102.7 99.6 96.5 93.4 90.7 88.5 86.2 83.9 81.9 79.9 78.1 77 76.5 76.3 76 76.1 76.6 77.1 77.8 78.8 79.8 80.9 82.1 83.5 84.9 87.6 90.8 92.8 97.9 100.8 102.9 104.8 106.2 107.4 107.6 106.9 104.5 101.5 98.6 97.6 96.7 96.4 96 95.8 94.9 98.6
135 133.4 131.9 129.6 126 123.2 121 118.7 116.5 114.2 111.6 108.6 106.8 104.3 102.7 101.4 100.4 99.7 99.3 98.2 97 96.8 96.4 94.1 94.1 96.3 98.6 101.3 105.2 109.5 113.2 115.8 117 118.2 118.4 116.7 114.3 111.2 106.3 103.1 100 97 94.1 90.6 88 85.6 83.2 81.5 79.6 77.8 76.8 76.6 76.4 76.1 76.3 76.8 77.3 77.8 78.8 79.8 80.8 81.9 83.4 85.1 87.4 90 93.5 96.4 101.4 103.4 104.7 105.7 106.5 106.4 105.7 104.3 102.6 100.8 100.4 100.8 100.7 100 101.5 102.4 106.7
137.6 135.7 133.3 130 127.3 124.8 122.6 120.1 117.8 115.2 112.2 109.6 107.2 105.4 103.8 102.7 101.7 100.7 100 99 97.9 97 95.4 94.6 95.7 97.9 100.2 103.5 107.5 111.8 116 119.5 120.3 121.2 121.3 120 117.2 113.6 108.4 104 101.2 98.3 94.9 91.5 88.1 85.2 82.6 81 79.4 77.6 76.5 76.3 76 76.4 76.9 77.2 77.1 77.4 78.4 79.3 80.2 81.2 82.2 83.9 85.5 88.5 92.8 95.1 99 100.3 101.4 102.3 103.1 103.7 103.1 103.2 102.9 102.8 103 105.8 105.3 105.4 107.7 109.4 112.3
140.5 138.3 136.4 134 130.6 127.4 124.3 121.9 118.9 115.9 113 110.3 108.3 106.5 105.1 104.1 103.1 102 100.3 98.8 97.4 96.5 96.1 96.5 97.3 99.3 102.1 105.9 109.9 114.2 118.8 122.8 124.5 125 124.9 123.5 120.7 116.8 112.3 106.7 102.7 99.4 96.4 93.2 89.2 85.9 83.2 80.6 78.2 77 76.4 76.1 76.1 76.9 77 76.8 76.7 77.1 77.9 78.8 79.7 80.6 81.6 82.2 82.7 84.3 85.9 90.4 94.2 95.7 95.9 97.5 98.9 99.1 99.4 105.8 107.5 106.5 109 111.2 110.4 109.2 110.8 113.1 115.8
144.2 142.3 140.1 137.3 134.2 131 127.8 124.5 120.7 117.2 114.1 111.5 109.4 107.6 106.3 105.1 104 102.8 100.1 98.4 98.6 98.4 97.9 98.6 99.4 100.8 104.5 108.5 112.4 116.7 121.7 125.4 128.1 129.1 130 130.5 127.7 122.7 117.4 112.4 107.7 103.6 99.4 95.2 91.5 87.7 83.8 81.4 78.8 77.9 76.5 76.3 76.2 76.2 76.2 76.3 76.4 76.8 77.4 78.3 79.2 80.1 81 82 82.3 82.8 84.1 88.7 91.9 94.5 95 93.3 93.6 97.6 102.3 106.6 107.1 108.8 111.3 115.2 113.8 112.6 116.3 116.8 119.6
146 144.8 142.6 140 136.7 132.6 129 125.5 122.6 119.7 116 113.6 111.7 109.5 107.9 106.1 104.9 102.9 101.7 100.6 102 101.1 100.2 101 101.8 103.3 106.5 110.6 115 119.1 124.6 133.9 141.2 145.7 144.4 141.8 137.4 131.4 125.1 119.8 114.2 108.2 102.1 97.4 94.3 90.7 86.4 83 80.1 78.6 77 76.4 76.2 76.4 76.5 76.6 76.6 76.9 77.4 78.6 79.5 80.1 80.7 81.4 82.1 82.9 83.9 86.1 89.1 91.7 91.5 92.7 96.8 101.2 104.3 106.3 107.6 108.6 112.1 115.4 116.7 115.9 116.8 119.8 122.3
147.1 146.1 144.2 141.7 138 133.7 129.6 126.2 123.3 120.4 118 115.7 113 111.4 110 108 106 105.4 105.9 105.7 105.2 102.9 102.7 103.6 104.9 106.7 109.7 112.8 117.1 125.8 136.1 144.3 149.2 151.2 150.9 148.1 142.6 136.5 130.7 125.3 118.7 112.8 106.8 101.1 96.4 92.9 89.3 85.6 82.4 79.7 78.1 76.7 76.2 76.5 76.7 76.9 77 77.4 78.1 79 79.7 80.3 81 81.6 82.4 83.8 84.7 86.1 88 91 92.1 93.8 98 101.8 105 107.8 109.1 110.4 113.1 116.5 118.1 119 119.5 122.9 127.5
148.7 147.3 145.5 142.8 139.3 135 130.6 127 124.1 121.5 119.1 116.8 114.6 112.7 110.8 108.6 109.6 109.9 109.5 108.8 107.7 105.9 105.9 107.2 108.4 110.3 113.2 116.3 124.2 132.7 140.6 146.7 151.5 153.6 153 150.7 146 140.8 134.7 128.7 123.2 117.4 111.4 105.8 100.2 95.9 92.2 88.5 85.6 82.7 79.7 77.4 76.5 76.6 76.8 77.1 77.4 78 78.6 79.3 79.9 80.6 81.2 81.8 83 84.1 85.2 86.7 88.5 90.6 92.5 94.3 98.8 102.3 105.7 108.5 110.7 112.2 115 117.9 119.9 122.1 122.9 126.2 130.8
150.4 149.5 147 144.3 140.6 136.2 132 128.1 125 121.8 119.9 117.5 115.2 112.9 111 111.5 113.3 113.8 114.2 113.8 111.9 108.4 109.4 110.6 111.3 113.1 116.1 119.7 126.9 134.9 140.4 146.5 150.7 152.6 153 151.6 149.4 146 140.3 133.8 126.8 120.9 114.9 107.9 102.4 98.6 95 91.9 88.7 85.5 82.5 79.8 77.8 77.1 77.1 77.4 77.6 77.9 78.5 79.1 80 80.8 81.4 82.1 83.5 84.5 85.7 87.3 89 90.8 94 95.8 98.4 102.7 106.4 110.5 113.9 116.4 119.3 121.6 124.7 127.1 129.1 132 135.4
151 150.3 147.8 145.4 141.5 137.4 133.4 129.1 126 122.8 120.2 118.3 116 113.7 111.3 112.4 114.2 115.4 116.5 115.7 113.1 112.1 112.5 113 113.8 115.1 118 121.4 126.9 133.2 139.2 144.7 148.8 151.1 152.7 152 149.8 146 140.9 135.2 129.5 123.3 116.7 110.3 105.6 101.8 97.6 94.7 91.5 88.3 85.6 83.1 80.6 78.8 77.8 77.6 77.8 78 78.3 79 79.7 80.9 81.6 83 84.1 85.1 86.1 87.9 89.6 91.4 93.1 97.2 101.3 105.1 107.9 112.6 117 119.6 123.4 126.2 129.1 132 134.2 135.8 138.8
152.4 151.2 149 146.6 142.2 136.8 133.8 130 127.1 123.8 120.3 118.5 115.8 114.4 113.2 113.5 114.9 115.4 115.3 115.6 113.6 113.8 114.4 115.4 116.2 116.8 118.7 122.3 125.6 131.1 136.3 140.2 144.2 148 149.2 149.1 147.1 144 140 136.7 131 124.7 119.3 113.4 107.2 103.5 99.6 96.8 94 91.3 88.8 86.3 83.8 81.4 79.2 78.4 78 78.3 78.4 78.8 79.6 80.5 81.7 83.5 84.5 85.6 86.7 88.2 89.9 91.6 95.3 100.9 104.6 106.9 109.3 114 119.1 122.9 126.5 129.8 132.3 134.8 137.4 138.9 141.7
