app/static/ascii/NJ83.asc
ncols 200
nrows 200
xllcorner 380000
yllcorner 830000
cellsize 50
[rows 0 to 36 of 200, columns 0 to 84 of 200]
119.3 119.9 118.3 119.7 118.9 118.5 118.4 118.6 116.1 114.7 115.9 115.3 116.2 115 114.7 114.2 113.9 113.2 110.5 110.3 110.3 111.6 112 112.2 110.6 109.2 107.6 107.1 105.6 104.1 102.7 101.2 99.1 96.8 95 93.9 92.7 92.8 92.9 93.2 92.6 90.8 90.2 89.3 88.9 87.5 85.7 85 84.1 83 80 76.6 73.5 70.1 65.5 60.7 56 48.4 45.8 57.1 64.8 68.2 72.4 73.5 73.4 72.9 72 72 72.6 71.9 71.6 72.2 72.6 70.9 67.3 63.9 62.2 61.1 60 58.4 56.8 55.5 55.8 53.9 37.2
121.3 121.5 119.5 117.6 118.2 116.3 116 114.1 112 110.5 109.8 110.1 112.3 112.5 113.5 114.2 114.7 112.8 111.1 109.7 109.8 110.9 111.6 111.2 110 108.8 108.4 107.9 107 105.5 103.6 101.7 99.8 98 97 95.7 94.8 95.5 94.7 94.8 94.7 93.9 93 92.2 91.6 90.2 88.5 87.9 87.2 85.6 83 79.9 77.1 74 69.7 64.7 60.1 55.2 43.2 46.2 59.8 65.4 69.5 69.8 70.6 70.2 70 69 69.1 68 66.1 67.3 68.4 68 63.9 63.2 62.5 61.5 60.1 58.7 57 55.2 55.4 53.5 43.9
120.4 121.2 120.1 116.4 112.5 112.1 111.5 110.4 109.3 108 107.3 107.7 108.4 109.4 110.3 112.2 113.3 112.7 110.7 108.1 106.6 109.6 109.9 109.5 109.1 107.9 107.7 107.5 107.3 105.7 103.5 101.8 99.7 98.4 98.4 97.4 97.7 98 97.1 96.3 96 95.7 95.6 95 94.2 92.5 90.9 90.4 89.3 88.4 86 83.3 79.8 76.3 71.9 67.7 64.2 59.3 51.5 41.2 51.5 59.9 65.5 68.4 68 66.5 66.2 65.9 65.3 64 59.5 60.4 61.2 61.7 59.4 61 62.8 60.7 59.7 58.7 56.3 53.6 52.4 44.6 43.5
117.7 117.6 115.4 112.1 110.2 109.5 108.6 107.4 106.7 106 105.9 106 106.3 107.1 107.2 109.3 110.5 109.8 109 108.1 107.1 108.1 108.1 107.8 107.4 107.1 106.8 106.6 106.3 105.1 102.4 101.4 99.4 99.1 99.6 99.8 100.4 100.2 99.3 98.8 97.9 97 96.8 96.8 95.6 94.2 93.4 92.4 91 89.8 87.4 84.7 81.8 78.4 74.3 71.1 68.1 62.5 58.7 52.1 39.3 53.2 60.8 64.1 62.7 61.2 61 60.8 59.7 56.5 51.8 53.5 53.7 54.8 55.5 59.2 61.8 62 58.9 57.9 54.8 51.5 46.4 41.5 32.6
114.4 114 111.2 108.7 107.8 106.8 105.3 104.8 104.7 105 105 105 105.2 105.4 105.6 106.2 107.6 106.9 106.3 105.6 103 104.7 106.4 106.8 106.5 105.3 105.3 105.6 105.4 103.9 101.3 100.6 99.2 100 100.6 100.6 100.6 100.9 101.5 101.1 99.6 98.2 98.1 98 96.9 95.8 94.3 92.9 91.6 90 87.7 85.4 82.2 80.2 77.6 74.4 72.1 66.8 60.6 57 46.9 41.3 54.9 59.3 59.3 56.9 56.2 54.6 52.1 48.1 43.8 43.6 46.8 49.5 51.6 55.3 59.9 59.9 56.4 55.9 54.4 48.7 40.4 31.7 32
110.4 111.1 108.4 106 104.9 104 103.4 103.1 103.3 103.8 103.9 104.3 104.6 104.8 105.1 105.3 105.5 104.7 103.9 103.1 102.4 100.5 103.5 104.2 104.6 103.3 103.8 103.2 103.6 102.2 100.2 99.7 99.1 99.3 99.7 99.6 99.6 100.1 101.5 101.9 101.6 99.9 99.6 99.4 98.2 96.6 94.2 92.8 91.7 89.4 87.3 84.7 84.1 82 79.8 77.7 76.4 70.8 64.3 58.4 54.8 44.3 39.9 54.2 56.2 52.3 50.5 48.4 45.9 40.1 37.5 35.8 35.8 43.2 45.7 49 53.9 56.1 54.1 53 52.4 45.6 34.4 35.3 52.1
107.6 107.5 105.8 104.2 103.1 102.2 101.7 101.3 101.8 102.6 102.1 103.3 103.9 104.3 104.5 104.8 104.3 103.4 102.6 101.8 101 99.5 101 101.3 101.8 102 101.7 101 100.7 99.9 99.1 98.6 98.9 98.6 98.8 98.6 98.6 99.2 100.6 102.1 102.1 101.6 100.7 99.7 98.4 96.4 94.1 92.6 92.6 90.6 88.7 87.2 85 82.7 80.8 79.8 78 73.4 66.7 62.5 56.6 50.9 38.3 41.2 50.1 42 43.1 38.1 35.9 34.8 34.8 32.9 31.6 29.8 35.6 40.4 45.1 49.5 50.4 49.4 47.3 42.3 36.4 37.8 50
106 105.6 103.9 102.5 101.4 100.4 100 99.9 100 101.3 101.2 102.2 102.9 103.5 104 104.1 103.1 102.2 101.4 100.6 99.7 98.3 98.3 98.4 98.7 99.2 99.7 99 98.5 98.2 97.9 97.6 98 97.9 97.9 97.2 97.6 98.4 99.9 101.7 101.2 100.8 100.2 98.8 97.4 95 92.8 93.1 94 91.4 89.1 87.7 85.3 82.9 81 80.3 78.3 74.8 69.4 66.7 59.8 54.5 47.5 37.4 37.5 39.3 37.4 35.6 34.7 33 29.8 29 27.4 26.7 26.8 26.5 27 29.5 40.7 44.6 44 39.4 35.4 33.6 46.6
104.8 103.2 102.1 100.8 99.7 98.8 98.7 98.5 97.5 99.9 100.2 101 101.8 102.5 103 102.9 102 101 100.1 99.3 98.2 97.2 95.9 96 95.9 96.4 96.9 96.9 96.3 96.7 96.6 96.3 97 97.4 97 96 96.5 97.6 99.1 100.5 98.9 98.6 97.4 96.2 94.5 92.3 90.9 92.6 92.4 91 89.5 87.6 85.3 83 81.1 78.8 78.2 74.9 70.7 67.8 63.3 57.2 50.3 42.7 37.2 32.6 33.9 32 30.1 27 26.6 26.1 25.7 25.4 26.1 25.7 26.9 26.6 27.2 28.2 39.2 38 33.9 29.8 39.9
103.6 101.4 100.2 99.4 98.2 97.7 97 96.6 96.5 98.1 98.3 100.6 101.8 101.4 102 101.3 100.4 99.8 98.9 98.1 97.1 96.4 95.6 93.5 93.3 93.7 94.2 94.4 94.7 95.1 95.2 94.8 95 95.8 96.4 95.4 95.3 96.9 98.4 98.5 97 96 94.8 93.7 92.7 91.8 90.6 88.9 89.1 86.9 86.3 85.9 82.8 80.9 79.4 76.6 77.5 74.6 69.6 66.7 62.8 58.5 47.5 38.4 37.1 30.5 28.9 28.3 27.5 26.8 26.2 25.8 26.5 26.4 26.9 26.5 26.5 26.4 25.7 25.9 27.7 34.8 32.7 28.8 39.6
101.7 100 98.5 97.9 96.5 95.6 94.2 94.3 93.6 95.2 98.3 101.1 101.9 101.7 101.7 101.6 100.7 99.6 98.5 97.2 95.5 95 93.9 92.5 91 91.2 91.8 93.1 93.9 94.5 94 93.4 93.7 94.4 95.4 95 94.3 96.3 97.5 96.5 95.8 95 93.9 92.5 90.8 90.3 88.8 86.6 84.4 82.5 81.1 82 81.4 79 78 75.1 74.9 73.6 68.4 64 60.6 55.5 42.8 36.9 28.9 28.7 28 27.6 27.2 26.7 25.1 27 26.8 27.5 27.7 27.9 28.3 27.6 26.9 26.4 26.8 30.3 31.5 27.5 35.1
99.8 99.3 98.5 96.4 92.9 91.8 92.5 92.3 90.4 95.4 98.6 101 101.2 100.5 100 99.9 101.3 100.2 99.1 97.5 95.5 93.2 92 90.7 89.8 90.7 90.3 91.8 93.3 93.5 93.2 92.2 92.4 93 94 94.7 93.7 95.6 96 94.8 93.5 93.1 92.3 89.9 88.3 86.6 85.7 82.4 77.5 76.2 74.6 74.9 76.5 75.9 75.1 72.1 71.5 69.7 64.8 61.5 57.1 52.4 39.7 29.4 26.7 27.3 27.3 26.9 26.7 26.2 26.8 31.7 33.5 33.5 31.8 30.1 29.9 29.2 28 26.3 26.7 27.1 29.1 27.8 30.4
97 97.4 96.4 93.8 91.4 89.3 89.2 88.2 90.3 95.1 98.1 100.6 100.4 99.9 99 98.2 99.7 101 100.3 98.3 96.4 93.8 91 89.4 89.1 89.5 88.8 89.9 91.5 92.4 92.1 91.4 91.4 91.7 92.6 93.3 93.4 93.8 92 91 91 90.2 89.5 87.5 83.4 79.9 78.4 76.8 72.9 70 69.3 69.5 69.9 71.6 71.9 69.6 70 69.2 67.3 64.7 59.5 52 38.4 26.7 26.2 26.9 26.2 25.7 26.8 28.8 34.8 40.7 40.8 40.4 37.8 35.9 32.7 30.7 29.8 27.1 25.4 27.5 28 27.6 28.1
93.9 93.7 93.1 91.4 89.4 87.2 85.6 85.6 89.5 95.7 98.8 100.6 100.5 99.8 98.4 96.1 97.5 99.3 100.1 99 97.2 94.5 91.7 89.4 87.8 87.8 87.3 88.3 89.8 90.7 91 90.5 90.3 89.7 88.8 90.2 90 90.2 86.6 84.7 83.3 80.4 79.6 74.1 73.7 71.7 69.6 68 68 64.8 64.6 65.2 64.7 65.3 67.5 65.9 68.5 70 67.6 65 58.8 52.1 27.8 26.3 26.7 25.9 25.4 27.3 31.1 35.1 49.7 49.2 48.3 47.1 43.4 40.4 38.1 34.7 32.4 28.4 27 26.9 27.2 27.3 27.4
94 92.8 92.9 90.6 90.4 89.3 86.5 84.1 90.5 96.2 99.1 100.3 100.9 99.5 97.1 94.5 95.3 97.4 98.8 98.9 97.3 94.7 92.1 90.4 88.4 86.4 86.1 86.7 87.6 88.4 88.9 88.7 88.9 88.6 87.3 86.4 85.3 82.3 75.8 64.7 56.3 44.4 34.2 33.9 36.4 45.5 51.5 50.1 47.9 49.3 59.4 60.2 61.1 60.2 61.6 58.9 62.5 66.2 65.2 62.7 55.4 38.4 26.9 26 27.1 26.7 29.2 40.9 53.4 58.5 60.3 58 55.8 53 51.3 48.5 43.7 40 36.9 33.8 29.4 26.5 25.8 26.3 26.8
96.9 95.8 94.9 94.9 94.7 93.9 91.1 84.6 89.6 95.7 97.6 98.7 98.7 97.7 95.2 92.8 92.6 95.3 96.8 97.8 96.7 94.1 91.7 89.6 87.5 85.4 84.3 84.3 84.9 85.4 85.3 86.2 87.6 88.5 87.4 84.8 79.8 76.5 62.8 36.4 28.6 29.1 27.3 27.9 27.6 26.4 28.2 27.8 27.9 28.6 33.8 43 59.2 57.9 57.8 53.9 55.6 59.8 60.3 57.7 48.2 31 26.7 26.4 27.6 32.1 48.2 59.9 64.1 66 67.4 65.1 63.1 63.2 62.5 59.5 53.9 52.3 43.1 40.2 35.2 31.2 27.3 25.8 26.3
99.1 97.7 97.8 97.8 97.3 96 93.2 87.6 84.5 91.8 94.1 94.2 94.2 93.7 92.3 90 91.7 94.2 96.3 97.8 96.4 93.7 90.7 88.8 87 85.5 85.5 83.6 81.6 82.3 82.7 83.2 86.9 87.8 87.6 83.7 75.4 61.9 43.4 28.4 28 28.4 28.5 28.1 28.1 28 28.4 27.2 28.4 27.7 27.7 28 39 56 53.1 51.9 52.3 55.7 55.2 51.7 37.6 29.9 26.7 26.3 33.7 49.9 63.6 68.4 71 72.9 72.7 72.6 70.5 70.9 72.4 70.4 67.6 63.3 54.4 47.7 44.1 39.4 33.5 27.2 25.4
101.2 99.7 98.5 98.5 97.8 96 93.5 90.4 80.6 86.5 89.4 89.5 88.9 88.8 88.1 88.2 90.1 93.2 95.3 96 94.4 91.2 89.2 88.8 87.4 87.6 87.9 85.5 82 80.7 80.3 81.4 84.9 85.6 84.6 81.1 64.7 42.1 29.4 28.1 29.9 32.3 34.5 35.6 34.8 33.8 32 30.6 28.9 27.7 27.7 25.6 28.3 44.8 50.4 48.8 49.1 51.4 51.3 46.6 35.3 28.6 26.7 27.3 50.7 64.7 72.2 75.2 77.6 78.7 77.4 79.2 77.3 78.4 80.3 78.1 75.7 73.7 65.8 55.2 51.8 45.9 40.2 33.8 26.8
102.5 101.3 99.1 97.3 97.1 95.4 93.1 90.9 86.5 74.9 81.8 82.4 82.8 83.3 82.6 86.7 89.4 91.5 93.5 93.5 90.4 88 88.6 88.7 87.5 87.4 88.3 85.9 83.3 80.7 78.1 78.7 82.5 83.9 81.2 73.1 50.3 28.9 28.4 30.2 31.7 35.6 40.6 41.9 40.5 40.1 38.5 36.4 33.9 32 30.9 28.3 27.8 26.8 39 42.3 44.9 44.9 41.8 38.6 32.1 26.8 26.1 39.7 64.8 71 76.8 79.7 83.6 80 82.6 82 81.9 84.2 84.4 82.5 80.2 77.2 71.8 65.8 58.5 52 47.6 40.9 33
103.9 101.6 100 98.2 96.1 94.1 91.7 90.4 89.1 87 78.8 67.5 74.7 76.9 79 84.6 87.2 88.5 89.4 89.7 87.1 86.2 87.1 88.1 86.8 88.2 87.7 86 84.8 81.9 77.1 75.5 80 80.5 79 64.3 38.7 27 30.2 32 32.2 44.5 56 54.6 48 44.4 42.3 41.6 38.9 36.7 34.4 31.1 28.2 27.4 27.4 28.5 34.7 33.1 31.3 28.8 27.1 25.5 27.6 50.3 68.1 73.2 79.7 84.1 84.2 85.2 86.9 86.7 86.8 87 86.8 85 81.9 81.4 78.1 74.4 68.4 59.3 53.2 48.3 42.2
103.6 101.4 99.5 98.1 96.9 95.3 93.5 92.1 90.9 89 84.4 75.8 62.5 67.3 76.3 80.8 83.8 84.8 85.3 84.7 84.1 83.5 84 84.8 85.6 86.4 86.1 84.8 84.4 82.3 77.2 73.1 71.7 75.7 72 58.1 32.8 27.8 33.1 29.5 43.4 62.6 68.2 65.5 59.6 51.6 46.5 46.4 44.6 41.3 38.7 35 30.5 27.9 27.7 27.2 27.2 27.9 28.5 26 27.1 27.3 29.7 60.7 70 75.4 81 84.5 86.5 87.5 90.1 89.7 90.7 89.5 88.6 87.1 86.3 85.2 82.3 79.3 74.8 68.5 60.2 56.4 49.5
103.4 101.1 99.1 97.5 96.9 97.2 94 92.7 91.5 88.7 84.4 79.5 69.5 54.7 68.7 78.5 78.7 80.1 80.6 81.1 79.4 78.8 78.9 79.5 80.5 82.6 82.8 81.4 82.6 82.2 79.8 76 72.5 64 62.9 51.9 32.5 29 29 30.3 63.6 71.1 73.8 76.1 71.2 62.3 57.5 54.5 52.8 48 43.1 39.4 36 32.7 28.2 27.9 28.3 26.7 26.1 26.4 27.1 27.5 48.4 70.8 75.6 77.7 81.3 84.5 86.6 88.1 91.5 92.3 92 90.8 90 89 89.1 88.5 86.2 84.4 80.1 75.5 70 66.6 59.3
102.2 100.2 98.6 97.3 96.7 93.6 92.4 91.1 89.8 84.6 81 78.3 70.3 54.7 63.8 71.6 71.1 71.1 70.5 69.1 70.5 70.9 73 73.6 75.1 77.6 78.8 78.2 79.2 80 79.6 77.4 75.6 71.8 63.1 49.5 36.2 29.5 27.6 33.9 70.6 75.4 78 81.5 78.7 69.9 64.9 62 59 56.7 50.9 45 41.6 38.4 34.3 29.9 29 28.1 26.9 27.7 27.9 40.2 66.9 77.6 82.5 82.8 82.1 84.8 86.7 89 92.1 93.8 93.1 92.1 91 90.7 91.4 91.2 89.7 89 86.4 81.3 77.4 73.3 67.2
101.3 99.7 98.2 96.7 95 93 92.2 91.3 84.7 75 72.3 67.3 58.6 53.5 42.3 49.1 47.5 49 52.1 47.9 52.5 55.6 64.5 67.5 70.1 71.5 73.3 75 76.2 78.3 78 77.3 76.3 73.3 69.1 58 39.6 30 27.7 35.5 74.4 78.9 81.9 85.1 79.3 73.4 69.6 66.8 65.3 63.4 61.8 55.8 49 42.9 39.8 36 33.9 31.2 28.6 28.5 33.4 67.4 74.1 82.5 87.7 85.7 84.5 85.8 87.6 89.8 93 93.5 93.5 92.6 91.6 92.2 94.2 94.1 93.7 91.9 88.8 85.6 81.5 77.6 72
99.7 97.9 96.4 95.2 92.8 90.1 86.2 81 73.2 60.1 48.7 41.3 31.7 30.7 30.8 29.4 29.3 29.4 30 30 30 29.6 33.7 49.3 63.1 66.2 67.9 71.1 72.4 74.8 75.2 74.8 74.7 71.7 69.4 61.2 43 30 27.4 33.1 77.8 82.6 83.9 84 79.4 75.4 73.6 70.1 68.7 73.6 76.1 73.3 65.1 54.6 47.5 43.6 40.2 37.9 33.9 33.3 55.9 71.9 79.6 86.5 90 88.1 87 86.9 88.6 90 91.9 94.3 93.8 92.5 91.1 93.1 95.5 95.7 94.8 90.5 88.2 87.1 82.7 78.9 74.5
97.7 95.3 94.2 93.3 92.4 88.4 80.5 70.1 54.3 41.4 32.7 30.9 31.3 32 31.4 31.6 31.1 30.4 30.1 28.2 29 28.9 28.8 29.5 38.5 51.2 59.5 62.8 68.1 69.7 71.1 70.4 70 69.3 67.5 60.5 45.5 32.6 27.8 29.8 52.3 80.6 83.3 83.2 80.6 78 76.1 72.6 72.5 79.1 84.8 83.2 77.6 66.6 57.5 51.2 46.5 44 46.2 53.7 65.8 75.1 82.9 88.5 90.5 90.2 88.9 89 88.5 90.4 92.3 94.1 93.9 92.8 91.7 94.2 95.5 94.9 92.8 88.9 86.6 85 83.7 78 75.3
94.9 92.1 91.3 90.3 89.4 85.9 79.4 64.7 40.4 33.1 30.8 31 36.9 38.4 38.4 37.3 35.9 35.3 34.8 33.9 32.2 32.7 31.4 28.9 28.1 29.8 31.9 42.2 53.9 60.5 62.4 64.6 65.7 64.9 62.3 55.5 46.9 35.8 28.6 27.7 35.5 64.5 81.1 83.7 83.4 81.1 77.2 73.1 76.7 82.5 86.1 87 82.8 75.2 65.4 56.7 51.8 53.1 59.8 67.4 72.9 81.2 87.2 90.7 92.1 92 91.1 89.6 89.1 90.8 92.6 94.1 93.8 92.5 92.2 93.4 93.8 92.7 89.4 86 83.7 82.1 79 76.4 74.2
91.7 89 88.2 87.3 86.4 81.5 72.6 54.7 36.7 31 29.8 38.6 41.9 45.9 49.1 47.7 46 44.9 42.8 42.1 42.7 43.1 41 35.3 31.7 29.4 28 29.9 31.2 38.7 45.5 51.5 53.7 54.3 54.6 49.7 41.6 34.6 28.8 28.7 29.3 52.6 81 84.4 84.8 83.5 79.1 78.5 80.2 84.9 88.1 88 86 78.6 69.9 63.6 58.8 59.6 70.1 73.5 80.6 86.8 90.9 92.9 93.8 93.5 92.2 90.5 90.1 91.5 92.9 94 94.3 93.7 93.2 92.3 91.9 90.3 87.4 83.8 80.9 78 74.4 72.7 70.7
90.5 86.8 84.3 83 81.3 75.2 63.3 46.9 32.6 30.9 31.3 48 54.6 61.6 63.4 62.1 57.6 56.4 54.5 54.9 55.8 55 53 47.1 39.9 34.4 31 29.4 29.6 28.3 30 33.2 38.1 41.4 43.3 36.2 33.7 31 28.7 29 30.2 50.5 72.5 83.4 84.8 84.5 84.8 84.5 84.8 87.3 89.6 88.9 85.1 79 72.7 67.7 64 66.5 73.1 77.6 84.2 89.8 93.2 94.7 95.5 94.8 93.1 91.5 91.6 93 94.7 96.6 96.2 95 93.7 91.2 90.4 89.6 87.5 83.5 79.6 76 73.1 71.4 69.6
90.1 87 83.3 79 76.2 66.9 57.6 41.3 31.5 31.3 38.8 60.3 77 78.6 78.7 77.1 74.1 68.1 63.5 61.9 63.6 62.9 59.6 52.7 47.4 43 39.1 35.5 31.9 30 29.2 29.7 27.7 27.6 29.8 29.8 30.2 28.8 28.5 28.9 32 64.9 77.1 81.1 86.2 89.6 88.5 89.7 89.6 91.7 92.2 90.1 86.3 78.8 74.8 71.9 69.4 70.8 75.6 80.3 85.6 91.1 95.1 96.5 97.4 95.5 93.9 92.9 93.2 94.4 96.2 98.2 97.6 95.9 93.6 91.4 90 90.4 88.6 84.4 80.4 77 74.5 72.8 72.5
88.4 86.3 83.1 78.6 70 61 50.8 37.9 30.9 32.2 54 76.8 86.1 85.6 84.2 82.3 79.5 75.7 71.8 70.1 69.8 66.1 59.7 61.4 56.1 50.7 46.1 41.4 37.5 32.3 30.4 32.1 31 30.1 29.2 27.7 27.3 28.9 29.2 31.9 57.1 84.6 85 83.8 88.3 92.3 94 94.8 95.1 96.7 95.1 92.8 87 81.7 78.6 75.1 73.9 75.4 77.8 81.3 85.6 91.9 96.9 98.5 99.2 97.4 96.2 94.7 94.8 95.9 97.8 99.2 98.9 96.8 94.2 91.9 90.5 90.1 89.4 85.3 81.1 78.2 75.8 74.9 74.8
86.8 85.2 82.7 78.7 70.3 59.4 46.3 35.8 31.3 39.5 67.4 86.6 90.6 90.4 89.8 87.9 84.4 80.3 77.2 74.7 72.8 67.6 67.3 66 63.1 59.6 58.2 55.8 51.5 44.6 48.6 43.3 44.4 41.8 39.2 35.6 33.9 33.3 44.3 64.8 84.6 88.1 89.5 88.8 89.1 93.9 97.6 99.7 100.7 100 98.5 94.1 89.3 84.7 82.1 79.2 77.2 79.3 80.9 83.4 87.6 93.3 97.9 100.2 101.4 100 98.4 96.2 96.3 97 98.9 99.5 99.7 98 95.3 92.9 90.9 89.8 88.6 85.1 81.5 78.5 77.2 77.7 77.7
82.5 82.8 81.6 78.8 70.1 57.4 43.3 35.3 30.6 45.4 76.7 92.6 95.2 95.3 93.4 91.3 88.7 85.3 82 78.8 76.2 75.4 74.9 73.1 70.6 71.3 72.9 76.6 75.3 73.8 72.7 64.7 66.2 70.9 75.1 76.3 73.9 71.1 83.1 94.4 94.9 94.2 92.8 92.5 92.2 95.3 99.8 102.9 103.9 103.6 100.7 96 91.4 87.8 84.9 82.7 82.7 84 86.2 87.9 91 96.1 100.2 102.4 102.9 102.2 99.8 97.8 97.9 98.2 99.3 99.9 99.6 98.8 96.3 94.1 92.4 90.7 88.1 84.4 80.8 79.5 79.2 80 80.7
79.1 79.2 78.9 75.2 68.2 53 42.3 33.2 31.4 56.7 85.7 95.7 98.6 98 96.6 94.6 91.8 89.1 86.4 83.4 80 79.4 80.4 78.9 79.7 81.2 83.3 85.2 84.9 83.9 80 77.6 70.1 84.2 92.8 98.9 101.2 104.7 103.1 101.1 99.7 98.2 96.1 95.2 94.7 97.3 100.7 104.4 105.9 105.5 102.9 99.1 94.3 91.6 87.9 86.8 89.5 90.2 91 92.9 95.9 99.8 102.9 104.5 104.1 102.9 100.9 99.4 99.5 98.9 98.6 98.7 98.2 97.6 95.6 93.7 92.2 90.7 88.6 85.1 82.2 81.3 81.3 82 82.6
70.1 74.4 74.5 69.5 60.6 45.1 37.1 32.4 40.1 71.8 94.8 99.4 102 101 99.7 97.2 94.5 91.9 90.1 86.3 82.5 81.6 84.7 85.7 87.5 88.8 89.7 90.5 89.9 88.8 84.8 84.2 83.7 85.2 95.3 101.4 105 107.7 106.7 105.5 103.6 102.4 100.4 97.7 97 98.4 101.6 104.8 106.4 105.7 103.8 100 97.3 93.4 90.4 91.2 93.5 94.4 94.9 97.5 100.9 104.2 106.2 107.2 106.4 104.2 101.5 99.5 99.1 97.7 96.7 96.8 96.4 95.5 94 92.8 91.5 90 88.7 86.4 83.7 82.9 82.8 83.5 83.3
55.7 65.9 64.2 58.8 49 39.6 32.2 31.9 54.8 85.6 96 102.2 104.5 104.3 102.4 99.7 97 94.3 92.5 89.1 85.4 84.6 87.6 90.3 92.8 93.8 94.2 94.1 92.6 89.7 89.5 89.9 90.3 85.8 96.1 102.2 106 108.9 108.7 107.2 105.9 105.2 102.3 99.2 98.4 100.3 103 105.9 107 106.1 104.6 101.9 98.5 93.2 92.3 96 97.3 97.6 99 101.6 104.2 107.1 108.8 109.6 108.6 106.7 104.2 101 99.7 99.5 99.1 95.7 93.4 93.1 92.5 91.5 90.6 89.5 88.1 86.4 85.2 84.5 84.8 84.9 84.1
55.8 48.9 49.1 42.8 36.3 32.3 31.4 38.2 63.9 85 95.2 102.3 106.4 106.8 104.6 101.9 99.2 97 94.9 92.1 88.2 86 89.7 93.3 96.1 96.9 97.1 97 94.7 92.4 93.5 93.9 94.2 92.6 96.4 102 106 108.9 109.3 108.1 107.6 107.2 104.8 102.3 101.5 102.1 104 107.3 107.6 107.2 105.1 102.2 98.5 96.3 98.5 98.8 99.3 101 103.2 105.3 107.2 109.1 110.3 110.3 108.8 106.6 104.6 102.6 100.6 97.3 97.1 96.3 91.8 91.6 89.6 88 86.7 87.2 87 84.9 84 84.5 85.1 84.6 83.7
