app/static/ascii/NJ95.asc
ncols 200
nrows 200
xllcorner 390000
yllcorner 850000
cellsize 50
[rows 111 to 147 of 200, columns 0 to 84 of 200]
128.2 126.6 125.7 125.2 123.4 122.5 123.3 122.6 122.1 121.6 121.9 121.9 123.6 125.6 126.7 127.6 126 122.7 119.7 117 115.5 115.1 116 116.8 117 117 116.4 115.4 113 110.5 109.2 109 108.7 108.2 109.6 110.3 110.6 107.5 104.6 103.9 103 101.9 100.3 98.7 96.2 93.4 90.9 88.8 87.1 84.8 82.6 80.4 79.6 77.6 77.3 78.1 80.2 81.8 82.3 81.9 80.1 78.4 77.6 76.9 76.9 76.5 74.7 72.2 73.6 76.2 79.7 78.7 82.4 81.2 80.2 78.1 76.1 72.8 70.2 67.4 64.4 62.3 60.3 58.4 57.2
128.5 127.5 127.1 126.7 126.5 126.2 125.6 125 124 123.2 124 125.8 126.4 127.3 128.2 128.2 126.7 123.8 120.8 118.2 117.3 117.8 118 118.5 118.5 118.1 117.4 115.5 113.2 110.8 109.8 110.3 109.8 108.6 108.1 107.8 107.7 105.4 103.5 102.7 102 100.2 99 96.9 94.6 92.2 89.8 88.1 86.5 85.2 82.7 80.1 78.8 78.6 79.5 79.9 81.3 80.2 81.8 81 79.4 78.3 77.6 76.7 75.7 75.2 74.3 72 70.8 72.3 75.8 79 78.4 77.4 76.6 75 73.1 71.6 68.9 66.1 63.3 61.5 60.1 59.1 57.7
129.3 128.7 128.3 127.9 127.6 128.1 128.2 128.2 127 125.5 126.5 127.8 128.2 128.5 129.4 129.3 127.5 125 122.1 120.1 119.8 121.3 121.6 120.8 120 119 117.8 115.5 113.3 111 110.5 109.9 109.6 109.8 109.1 108.8 107.1 104.8 102.7 101.6 99.7 97.9 96.9 95.7 93.4 91 89 87.4 85.8 84.6 82.1 80.1 81.1 83.3 83.4 83.3 82 80.8 81.5 82.1 80.6 78.8 78.2 77.2 76.1 75.2 74.2 72.5 71.6 69.4 72.1 73.9 74.5 73.7 73 71.4 70 69.5 67.2 64.5 62.9 62.3 61.1 59.8 58.3
131.2 130 129.6 129.1 129.6 130.2 130.5 130.9 129.5 127.5 128.8 129.5 129.8 130.1 130.3 129.7 127.8 125.5 124.3 124.3 124.5 124.9 124.8 123.5 121.9 119.6 117.8 115.6 113.4 111.2 110.1 109.5 109.4 109.5 109.7 109 106.6 104.3 101.9 99.6 97.4 95.6 94.9 93.9 92.2 89.9 88.2 86.6 85 83.8 81.7 82.1 84.2 86.7 86.3 84.4 85.5 82.6 83.5 83.5 82.3 79.8 78.6 77.7 76.8 76 75.2 73.6 72.6 70.9 70.4 69.1 70.2 70.4 69.3 68.2 67.8 67.3 65.6 63.5 62.3 61.7 61 60.3 58.9
132.1 131.5 131.2 131.5 131.5 131.5 132 132.5 130.8 128.7 130.5 130.8 130.1 130 129.7 128.5 127.4 126.9 126.7 126.3 126.3 126.6 125.5 124.7 123.3 120.8 118 115.8 113.6 111.2 109.9 109.1 109.1 109.3 109 107.4 105.1 102.7 100.4 98.2 96.4 94.6 93 92 90.7 89.2 88 86.8 85.3 84.2 83.5 83.3 86.7 89.5 87.6 85.3 83.4 83.5 84.4 84.2 83.6 80.9 79.3 78.4 77.6 76.8 76 74.8 73.4 71.4 70.2 69.2 67.9 66.7 66.9 66.3 65.5 65.1 64.1 62.8 61.7 61 60.4 59.8 59.1
132.7 132.8 133.4 133.1 132.8 132.9 133.4 132.6 130.7 130 132.2 130.7 129.6 129.5 129.3 128.4 127.4 127.4 127.2 126.9 127.1 127.1 126.2 125.2 123.8 120.9 118.4 116.2 113.6 111.2 109.8 108.7 108.2 108 107.3 105.7 103.5 101.2 99.5 97.6 95.8 94 92.8 92.6 91.9 91.1 89.7 88.5 86.3 84.5 83.9 84.2 86.9 87.1 86.9 85.2 84.8 84.8 84.8 84.8 84.8 82.8 80.6 79.2 78.4 77.6 76.8 75.7 73.9 71.9 70 69.7 69.2 67.5 66.3 65.7 63.5 62.6 62.1 61.9 61.1 60.5 59.9 59.2 58.7
133.3 133.9 134.2 134.1 133.8 133.7 133.7 132.1 131 131.4 131.8 130.6 129.1 129.1 128.8 128.3 127.7 127.9 127.7 127.6 127.7 127.4 126.9 126 123.6 121.2 118.9 116.4 113.2 110.8 109.4 108.4 107.6 106.9 105.4 103.7 101.8 100.3 99.6 97.7 95.9 95.1 94.8 93.9 93.5 93 91.7 89.6 87 84.5 84.2 85.2 85.9 86.6 85.5 86.6 86.8 87.2 87.1 86.9 86.7 84.5 81.9 79.8 79.1 78.3 77.5 75.8 73.6 71.5 71.6 71.6 69.7 68.7 66.3 67.2 66.2 65.6 64.3 62.4 61.2 60.3 59.3 58.9 58.2
134.4 134.7 135 135.1 134.6 134.4 133.6 131.9 131.1 131.3 130.8 130.3 129 128.5 128.3 127.9 128 128.3 128.2 128.3 128.4 127.9 127.4 126.5 124.1 121.7 119.4 116.4 113.2 110.8 109.8 108.5 106.2 104.8 103.3 101.7 100.4 99.6 99.6 97.8 97.3 97.3 97.2 96.2 95 94.5 92.6 90 87 84.9 85.8 87.5 87.9 88.2 88.4 89.6 90 90.4 89.8 89.1 87.4 85.4 83 80.9 79.1 78.7 76.9 74.8 73.5 73.6 74.1 73.2 69.6 66.7 70.1 69.7 69 67.7 64.8 62.2 60.6 60.1 59.3 58 57.3
135.3 136.3 136.6 136.7 137 136.1 134.1 132.9 131 130.6 130.6 129.7 128.7 128.8 128.6 128.4 128.4 128.7 128.8 128.9 128.4 127.9 127.3 126.7 125.2 122.5 120.1 118 115.9 113.7 111 109.1 107.1 105.7 104.7 103.6 102.4 101.1 99.7 99.6 99.4 99.2 99 97.4 95.9 95.1 92.4 89.9 87.1 87.2 88.6 89.7 90.6 91.2 91 92.3 92.6 92.3 91.8 89.5 87.7 86 83.9 82.4 80.8 78.9 76.1 75.2 76.1 78.3 78.1 75.7 71.2 66.6 72.1 71.3 70.6 69.6 65.8 63.9 62.6 62 61.3 60.2 58.5
135.3 137 138.2 139.8 140.9 139 135.9 133.9 131.8 130.3 130.2 130 129.3 129.2 128.9 128.5 128.1 128.5 128.5 128.7 128.3 127.8 126.7 126.2 126.6 123.9 121.2 119.6 117.5 115.2 112.6 110.3 108.3 106.5 105.5 104.4 103.3 102.3 100.9 100.9 100.9 100.7 100.1 98.4 96.7 95.7 92.2 89.8 89 90.1 91.2 92 92.8 92.5 93.1 93.8 94.5 94.2 92.4 90 88 86.3 84.9 82.9 81.5 78.8 77 77.7 79.8 80.6 80.2 78.1 72.3 70.2 73 73.8 72.8 69.9 67.1 65.6 65.2 64 63.5 62.4 62.1
136.1 139.3 141.2 142.9 143.9 142.1 138.2 134.3 132.4 130.5 130 130 129.7 129 128.6 127.9 127.2 127 127.4 127.7 127.3 127.1 126.1 125.7 127 124.3 122.1 120.5 119 116.7 114.2 111.9 109.6 107.5 106.3 105.3 104.3 103.3 102.2 101.6 101.9 102.1 101.3 99.6 97.8 95.8 92.2 90.5 91.4 92.3 93.3 94.1 94.5 95.2 95.7 96.2 96.2 96 93.6 91.3 88.8 87.1 85.9 83.8 81.6 79.3 79.4 81 82.3 82.1 81.4 78.1 73.7 76.4 76.7 76.2 73.2 69.7 66.7 68.9 68 66.7 66.1 66.6 67.4
137.6 141.8 144.5 146.1 145.7 142.4 138.2 133.7 131 129.4 129.1 129.5 129.3 128.7 128.1 127.2 126.5 126.1 125.9 125.9 125.8 125.7 125.2 126.1 126.3 125.1 122.9 121.4 119.9 118.2 115.8 113.5 111.2 108.9 107.2 106.2 105.2 104.2 103.2 102.4 102.6 102.5 101.2 99 97.1 95.2 92.8 93.6 94 94.4 95.3 96.3 97.3 97.4 97.9 98.4 98.2 97.6 95.2 93.2 91.3 89.2 86.9 84.6 82.3 80.7 81.2 83.2 83.8 83.3 81.6 80.7 79.3 79.4 78.6 77.5 73.8 71.6 71.2 71.2 71.6 70.8 70.8 71.9 73.6
136.7 141 145.1 146.7 145.2 142.1 137 131.6 130.2 128.9 128.7 128.8 128.5 128.2 127.4 126.6 125.8 125.4 125 124.2 124.1 124 124.6 126.5 126.6 124.9 123.6 122.3 120.9 119.4 117.2 114.6 112 109.5 107.9 106.8 105.8 104.9 104 102.8 102.8 102.4 101.1 98.9 96.8 94.3 94.5 95.9 96.4 97 97.4 98.6 99.7 99.9 100.1 100.5 100.2 100.3 99.2 96.7 94.2 91.8 89.2 86.4 84.4 83.7 82.9 83.6 83.9 83.4 82.9 81.7 82 82.6 81.3 79.2 74.9 75.2 76 76.4 75.8 75.4 76 77.1 78.3
134.6 138.6 143.1 143.7 143 139.2 134.2 131 129.4 128.7 128.3 128 127.8 127.6 126.8 126 125.2 124.7 124.3 123.3 122.1 122 123.5 125.7 125.4 124.4 123 122.2 121.2 120 117.6 115 112.5 110.4 109 107.2 106.3 105.4 104.4 102.7 103.2 102.5 101 99 98.4 97.1 96.7 97.7 98.4 98.8 96.3 100.7 102.6 102.5 102.4 102.7 103.6 104.2 103 100.8 98.3 94.8 91.6 88.9 87.5 86.8 85.8 85.2 84.9 84.3 83.7 83.9 84.7 85.5 84.5 82.5 77.9 80.9 81.6 81.3 80.7 81.1 82.4 83.6 84.1
131.7 135.1 139.5 140.9 138.2 135.8 133.1 130.6 129 128.2 127.6 127.4 127.2 126.9 126.1 125.3 124.8 124.2 123.7 122.6 121.3 120 122.7 124.7 124.7 123.8 122.5 121.3 120.7 119.8 117.9 115.5 113.2 111.2 110.1 108.3 106.8 105.9 104.4 104.1 103.6 102.8 102 100.4 99.2 98 98.4 99.4 100.2 100.4 100.9 103.7 106 106.6 106.7 107.1 108 107.8 107 104.5 102 98.5 96.1 93.6 91.8 90.1 88.6 87 86.3 85.8 85.8 86.7 88.3 89.7 89 87.2 81.5 85 87.1 87.2 87.5 90.2 93.8 95.1 94.8
129 132 134.2 136.2 135.5 133.1 131.2 130.1 128.5 127.7 127.1 126.7 126.5 126.2 125.4 124.7 124.3 123.9 123.1 122.1 121 119.9 120.4 124 123.6 123.2 121.9 120.5 119.8 119.2 118.1 116 114.1 112.2 111.2 109.5 107.7 106 105 104.3 103.9 103.5 103 101.8 100.5 99.6 100 101.1 102.2 99.3 106 110.9 113.1 112.6 111.7 111.7 112 111.6 109.7 107.1 104.6 102.6 100.1 97.6 95.4 93.5 91.6 89.6 88.4 88 89 91 93 95.2 93.9 88.7 83 89.2 91.7 93 96.7 101.1 106.7 107.3 106.7
126.4 129.1 131.4 132.4 133.2 131.6 130.3 129.5 128.4 127.2 126.6 126.2 125.8 125.5 124.7 124.3 123.9 123.5 122.6 121.3 120.3 119.3 117.2 122.7 122.6 121.9 121 120 118.9 118.2 117.4 115.1 114.1 113 111.8 110.5 108.4 106.3 105.2 104.9 104.8 105.3 104.5 103.3 102.4 102.2 101.9 102.7 105.4 106 111.8 115.1 117.3 116.6 116.4 116 115.5 114.7 112 109.4 107.7 106.3 104.1 101.5 99 97.1 94.9 92.8 90.8 91 91.1 92.8 94.6 96.3 94.3 90.5 86.2 92 95 98.3 102.9 108 111.8 112.9 112.4
124 126.1 128.9 129.9 130.9 130.5 129.4 128.6 128.1 127.3 126.2 125.7 125.2 124.8 124.3 123.9 123.5 123.1 121.9 120.5 119.4 118.4 117.6 118 121.2 120.7 119.7 118.5 117.8 117.2 116.5 114.2 113.2 112.3 111.4 110 109.1 108.1 108.5 108.1 107.6 107.8 106.8 105.8 105.1 104.8 104.4 104.2 102.6 109.2 113 116.3 119.1 120.4 120 119.1 118.2 116.5 114.4 112 110.7 109.4 108.1 105.4 102.9 100.8 98.1 96 95.1 94.9 94.1 95.2 95.3 95.9 94.4 90.8 87.6 93.4 96.9 101.8 107 111.6 115 115.9 115.9
123.7 125 127.7 128.2 128.7 129.2 128.4 127.8 127.3 126.8 126.1 125.5 124.9 124.1 123.5 122.9 122.3 121.5 120.6 119.2 117.9 116.7 115.6 114 118.4 118.6 117.5 116.7 116.7 116.1 115.4 114.2 113.8 112.9 112.2 112.1 111.6 111.6 112.1 111.7 110.4 109.9 109.3 108.6 108 107.4 106.4 105.4 104.6 110.6 114.4 117.4 119.8 120.8 120.9 120.6 120 118.3 116.6 115 113.7 112.4 112.3 108.9 106.4 104 101.5 99.4 98.8 98.1 97.2 96.9 96 95.2 93.5 91.3 87.8 94.1 98.6 103.9 109 114.3 118.6 120.1 120
123.2 125 126.6 127.6 127.8 128.2 127.5 127 126.4 125.9 125.5 125.4 124.8 124.7 124 121.7 120.7 120.7 120.7 120 117.6 116.8 115.9 114.9 114.3 116.6 115.6 115.4 115.4 114.9 114.8 115 114.9 114.8 114.4 115.4 115.5 115.6 116 115.4 114 112.6 111.9 111.2 110.6 110.2 109.3 107.4 107.7 111.3 114.5 117 118.9 119.4 120 120.4 120.7 120.1 118.9 117.8 116.7 115.6 113.3 110.9 109.1 106.7 104.4 102.3 101.3 100.3 99.3 98.3 97.2 95.8 93.7 91.5 89.7 93.8 98.9 104 111.1 116.1 120.3 123.2 124.1
122.4 124.6 126.4 127.1 126.9 127.2 126.7 126.1 125.6 125.1 124.8 125.3 124.8 125 125 124.7 124.3 124.2 122.1 120.1 118 117.2 116.2 115.2 114.2 112.6 114.2 114.2 114.2 114 114.5 115.6 115.9 116.3 116.2 117.1 118 118.4 119 119.2 117.2 115.4 114.7 113.7 113 112.2 110.9 108.5 108.8 111.9 114.4 116 117.7 118 118.9 119.6 119.9 120.5 121.1 119.7 118.2 116.6 114.6 113.3 112.1 108.8 106.4 104.5 103.2 101.9 101.3 100.1 98.3 96.4 94.3 93.1 92.5 94.3 98.5 103.9 110.2 116 121.1 125 127.5
121.5 124 125.9 125.7 125.4 126.2 125.7 125.1 124.5 124.1 124.1 124.6 123.4 126.7 127.3 127.8 127.1 124.4 122.3 120.3 118.5 117.5 116.5 115.5 114.5 112.8 111.4 113 112.6 113.2 113.8 115.2 117.2 117.7 118 118.6 119 119.4 119.8 120.2 120 118.1 116.6 115.4 114.3 113.2 112.1 109.8 109 112.2 114.1 114.9 116.3 117 117.9 118.8 119.1 120.1 118.9 119 119.4 118.1 117.3 115.8 112.6 110.2 107.9 106.2 104.9 103.6 102.3 100.9 99 97.8 96.9 96.2 95.3 95.1 98.5 102.7 109 114.8 120.3 124.3 128.2
119.4 122.9 124.1 123.7 123.7 124 124.2 123.7 123.1 122.5 123.1 124.4 126.7 128.3 129.7 130.1 128.4 125.6 122.8 120.3 118.9 117.9 116.9 115.9 114.9 113.2 111.7 110.5 111.1 112.1 113 115.2 117.6 118.4 119 119.1 119.4 119.6 120.5 120.6 119.7 118.2 116.8 116 115 113.8 112.7 111.2 109.2 111.9 113.2 114 115 116 116.9 117.9 118.3 118.2 117.3 117.8 118 118.1 118.5 116.7 114.1 111.7 109.6 107.9 106.5 105.2 103.9 102.1 101.7 101.8 100.9 99.6 98.1 96.9 100.2 103.5 108.1 113.5 119.4 123.8 128.6
116.8 118.3 119.6 121.4 121.7 122.4 122.1 121.7 121.3 120.3 122.4 124.4 127.7 130.1 130.8 131.2 129.5 126.6 123.7 120.8 119.2 118.3 117.3 116.2 115.2 113.8 111.4 110.7 109.8 111 113.6 115.9 118.3 118.6 118.5 118.8 119.1 119.1 119 119.5 118.8 118 116.5 115.7 115.4 114.5 113.1 111 108.9 110.4 111.7 112.8 113.8 114.9 115.9 116.9 117.5 116.9 116.1 116.4 116.7 117.4 118.1 117.8 115.5 113.1 111.3 109.7 108.1 106.9 105.4 103.4 103.3 104.1 102.9 101.5 99.8 98.2 101.5 104.8 108.8 112.6 117.9 122.7 127.8
112.5 114.5 116.3 117.1 117.4 120.5 120 119.6 119.4 118.2 120.2 124.6 127.8 130.2 131.5 131.2 129.8 126.9 124 121.2 119.5 118.4 117.5 116.5 115.6 114.2 112.4 111.7 110.2 111.4 114 115.9 117.8 118 118.1 118.3 118.3 118.2 118.1 118 117.7 117 116.3 115.3 114.8 113.2 111.7 109.4 107.5 108.9 110.3 111.3 112.1 113.3 114.5 115.7 116.2 115.4 114.8 115.6 116.3 117 117.8 117.4 116.9 114.7 113.1 111.4 109.9 108.5 106.7 105 105.1 105.2 103.9 101.7 100.5 99.2 103 106.2 109.4 112.3 116.6 121 125.9
111.8 111.9 113.3 114 115 115.7 117.1 117.7 117.3 116 118.5 123 127.2 128.6 129.7 130 128.9 127.2 124.4 121.5 119.8 118.7 117.7 116.7 116 115 113.5 112 110.5 109.1 111.8 113.7 115.7 117.4 117.4 117.4 117.4 117.3 117.2 116.4 115.5 115 114.6 113.8 112.4 110.9 109.5 107.9 106.9 107.9 109.3 109.8 110.7 112 113.3 113.7 114.1 113.4 113.5 114.9 115.9 116.7 117.4 117 116.4 115.8 114.8 113.1 111.6 110.1 108 106.8 106.5 104.6 102 100.9 100.3 99.9 102.4 105.4 108.6 111.7 115.5 119.6 124.4
113.3 112 110.5 111.5 112.5 113.4 113.9 113.5 113.3 113.1 117.3 121.7 123.7 125.2 126.4 127.4 127 125.8 124.7 121.9 120 119 117.9 117.1 116.6 115.6 113.5 111.8 110.4 109.1 108.4 111.1 113.1 115.5 116.3 116.6 116.5 116.3 115.2 114.1 113 112.4 111.5 110.6 109.6 108.7 107.4 106.3 106.1 107.2 107.8 108.6 109.7 110.6 111.1 111.5 112 111.4 111.5 112.6 114 115.4 116.9 116.3 115.5 114.6 114.4 114.2 113.2 111.5 109.6 107.9 106.7 105.5 104.4 101.6 101.3 101.7 102.1 103.9 107.5 110.6 114.3 118.7 123.1
114.6 113.9 112.1 109.5 109.4 109.8 110.6 109.8 110.3 111.4 116.1 118.8 120.2 121.7 123.1 124.4 125 123.9 122.9 122 120.3 118.7 117.5 116.9 116.6 115.6 113.6 111.6 110.5 109.2 106.4 108.3 110.9 113.2 114.4 114.9 115.3 114.2 113.1 112 111.2 110.5 109.8 109 108.2 107.5 106.5 105.4 105.4 104.9 106.5 107.6 108.4 108.7 109 109.3 109.7 109.7 109.8 110.4 112.1 113.7 115.4 115.2 114.5 113.7 113.3 113.2 113.4 111.7 110.2 110.2 108.8 107.2 105.4 103.9 104.2 103.5 103 102.8 106.7 109.5 112.6 116.3 120.4
115.6 114.7 113.6 112.4 111.4 109.2 107.5 107.8 108.4 110.6 112.6 115 116.8 118.9 120.4 121.6 122.7 122.3 121.5 120.6 119.3 118 117.1 116.6 116 115 113.3 111.4 110.9 109.5 107.6 105.6 108.6 110.8 112.5 112.9 113.2 112.5 111.4 110.4 110 109.6 108.8 108 107.3 106.5 105.7 104.8 104.8 104.8 105.5 106.1 106.7 106.9 107.2 107.5 107.8 108.3 108.7 109.3 110.6 112.3 113.9 113.7 113.3 112.8 112.1 112.2 111.7 111.2 111.8 111.9 111.2 109.5 107.5 106.5 106.9 107.1 106.6 108.1 108.8 110.1 113.4 115.3 117.8
116.5 115.6 114.6 113.4 112.2 110.8 108.9 107.7 106.6 107.4 110 111.2 114.4 116.4 117.8 119.1 121 121.2 120.4 119.5 118.2 117.4 116.7 116.2 115.3 114.5 113.9 112.7 110.7 109.4 108.2 104.9 106.4 108.7 110.5 110.8 111.1 110.8 109.7 109.1 108.8 108.4 107.8 107 106.3 105.5 104.7 104.1 104 103.8 102.6 104.4 104.9 105.2 105.6 106.3 106.8 107.4 107.9 108.6 109.5 110.8 112.4 112.2 111.8 111.4 111.3 111.3 111.7 112.9 113.4 114 113.6 112.1 111 109.8 109.9 110.1 110.2 111.4 113.4 114.8 115.4 116.4 117.7
117 116.1 115.1 114.1 112.9 111.6 110.3 108.6 105.6 107.4 107.3 109.2 111.5 113.7 115.4 117.3 119.2 119.7 119.4 118.2 117.1 116.6 116.2 115.5 114.7 113.9 113.5 111.5 109.2 108.2 107.2 106.4 102.7 105.5 107.6 108.4 109 109.1 108.3 107.9 107.6 107.2 106.8 106.1 105.3 104.5 104 103.5 103 102.7 103.6 102.9 103.4 104.2 104.8 105.3 105.7 106.2 107.1 107.8 108.7 109.7 110.9 110.7 111.1 111.7 112.4 113.2 114.2 116.2 116.6 117 116 114.6 113.3 112.4 113.2 114.4 116.1 117.8 118.6 117.6 118.1 118.4 119.7
117.5 116.5 115.5 114.5 113.6 112.4 111.4 110.8 107.9 104.9 106.4 106.6 109.5 110.1 112.9 115.5 117.5 118.1 118.1 117.7 117.8 117.7 117.3 116.5 115.9 114.9 113.8 111.9 109.8 107.3 104.9 105 102.7 102.7 105.1 105.8 106.5 107.2 107.1 106.7 106.4 106 105.7 105.4 105.1 104.7 104.3 103.9 103.3 102.9 102.6 102.1 102.7 103.2 103.8 104.3 104.6 105.1 106.2 108.1 109 109.9 110.9 111.5 112.2 112.8 113.5 114.2 116.3 119 119.8 119.7 118.4 117 115.6 115.9 118.2 120.7 121.5 121.7 120.9 119.8 120.2 120.8 121.6
117.9 116.9 115.9 115 114 112.9 112.8 112.3 111.8 108.7 104.3 104 106.1 107.7 110 112.6 115.8 117.5 118.6 118.7 118.5 118.1 117.7 117.2 116.1 114.5 113.3 111.6 109.5 107.4 105.2 103.9 103.3 99.2 102.9 104.2 104.8 105.6 106.4 106 105.7 105.4 105.7 105.8 105.5 105.1 104.7 104.3 103.7 103.3 102.5 101.8 101.8 102.3 102.9 103.2 103.5 103.9 106.5 109.1 110.3 111.2 112.3 112.6 113.3 113.9 114.6 115.6 117.8 119.8 121.6 121.6 119.3 118.6 117.5 119.4 122.7 123.8 124.5 124 122.8 121.9 122 123.3 125.4
117.4 117.1 116 114.7 113.6 112.8 112.7 113.3 112.9 111.1 108.2 102.8 103.7 104 109.4 112.2 115.7 117.5 118.1 118.3 118.2 117.8 117.5 116.7 115.2 113.9 112.8 111.3 109.2 107 104.6 103.6 103 100.3 100.2 102.3 103 104.2 105.8 105.3 105.3 105.7 106 106.3 105.9 105.5 105.1 104.6 104.1 103.6 102.3 101.4 101 101.4 101.8 102.1 102.4 104.1 106.9 109.4 111.6 112.7 113.8 114.1 114.5 115 115.8 117.2 119.2 121 122.3 121.3 119.4 118.7 118 120.5 123.6 126.5 126.3 124.8 123.4 123.1 122.7 126.3 130
116.4 116.7 115.2 114.3 113.6 112.8 112.8 114.1 112.9 110.9 108.8 107.1 101.7 102.8 108.7 111.9 115.7 116.9 117.3 117.7 117.7 117.4 116.6 115.7 114.4 113.3 112.2 110.9 108.8 106.4 104.3 103.4 101.9 100.4 98.9 99.7 100.7 102.8 105.3 105 105.9 106.1 106.4 106.6 106.3 105.8 105.4 105 104.5 103.4 102 101 99.9 100.7 100.5 100.5 100.9 104.2 107.1 110 112.3 114.3 115.2 115.5 115.8 115.8 115.7 117 118.6 120.7 121.6 120.7 119.5 118.5 117.6 119.7 122.2 124.5 124.7 123.4 122 121.9 123.1 126.1 129.8
114.9 114.3 114.7 113.7 112.8 111.4 111.9 112 110.7 109.4 108.2 106.5 99.6 102 107.5 111.6 114.3 115.9 116.5 116.9 117.3 116.5 115.8 115 114.3 113.4 111.9 109.4 107.3 105.7 104.2 103.2 102 100.7 99.4 95.6 99.5 103.3 104.7 104.8 105.8 106.8 107.1 107.5 107.6 106.8 105.9 105.4 104.5 103 101.4 100.5 100.1 100.4 99.4 99.1 100.7 104.3 107.5 110.2 112.8 115.3 115.5 115.2 114.7 114.3 114.8 115.3 116.4 117.9 117.9 117.7 117.3 117.9 117.1 118 120.3 122.3 121.5 120.4 119.8 121.3 122.9 126 129.4
114.4 113.5 113.2 111.8 110.4 109.4 109.5 108.8 107.7 106.7 106.2 104.6 101.1 104.1 106.8 110.1 112.8 114.9 115.5 115.9 116.9 117 116.3 115.5 114.7 114 112.6 110.2 107.9 106.6 104.7 103.6 102 100.4 99.1 97.3 97.7 101.5 103.4 104.6 105.7 107.1 107.9 108.3 108.4 109.6 109.4 107.8 104.5 101.8 100.8 100.4 100.3 100.3 98.8 98.8 100.5 104 107.6 109.6 112.2 115.2 114.6 114.1 113.4 112.6 113.1 113.6 114.3 114.8 115.4 115 114.4 114.6 115.6 116.2 118.4 118.7 118.1 117.2 117.1 119.9 121.7 125.2 128
