app/static/ascii/NL69.asc
ncols 200
nrows 200
xllcorner 60000
yllcorner 790000
cellsize 50
[rows 0 to 37 of 200, columns 85 to 169 of 200]
19.3 13.6 7.3 5.9 2.5 2.9 3.2 4.1 5 6.5 5.9 8 11.7 13.7 21.5 38.7 53 56.7 66.2 65 64.4 71.5 73.3 76.8 93.3 102.8 103 109.8 116.7 133.1 148.7 158.6 169 183.1 186.4 195.9 191.8 190.3 191.8 177.5 171.3 171.3 172.3 172.8 173.8 175.6 169 162.9 165.7 176.4 191.1 190.8 192.5 187.2 180.6 173.2 173.1 173.5 178.1 184.6 194.3 204.9 215 227.3 241.3 257.1 284.9 306.3 325.7 343 353.2 348.8 339 325.1 314.5 301.4 287.6 287 302.1 323.7 332.3 332.7 334.9 326.7 313.4
20.6 13.3 6.6 6.1 3.8 2.6 2.8 3.3 3.9 4.9 5.7 8.4 13.2 17.5 19.3 24.6 38.3 50.6 62 69.5 73.9 75 76.7 83.6 97.2 100.8 106 115.7 120.2 138.5 151.8 160.7 172.3 189 192 193.9 189.4 184.5 186.5 180.3 171.3 175.6 180.1 176.4 176 172.2 168.4 172.4 182.6 189.5 202.4 210.1 209.2 204.3 197.7 191.3 184.7 185.1 189 195.8 201 206.6 216.7 225.8 243.9 254.3 277.2 297.1 314.6 331.4 341.9 335.8 330 311.6 306 294.3 288.1 274 284.2 303 324.2 329.6 334.4 336.1 324.7
13.5 10.7 6.9 3.3 3.7 2.7 2.6 2.5 2.5 2.5 2.6 7.8 11.5 18.2 19.1 21.7 34.3 52.9 60.3 64.8 73.3 76.3 76.8 85.9 88.4 103.9 109.8 120.5 123.2 138.8 151.9 158.4 172.3 183.4 189.5 185 179.6 178.3 176.9 172.2 178.9 186.1 192.4 183.7 173.8 168.2 168.3 178.7 188.9 198.8 209.6 221.7 223.4 221.9 215.6 213.8 205.6 203.3 200 205.4 209.4 212.1 214.6 225.4 238 251.7 272 294 312.6 327.3 333.3 329.5 321.5 307.5 297.3 291.3 279.4 271.1 266 277.6 299.3 315.6 322.9 333 328
8.8 2.7 2.5 2.5 2.4 2.5 2.5 2.5 2.5 2.5 2.5 6.1 8.8 12.3 15.7 20.5 34 46.1 52.6 71.9 69.2 74.1 78.6 80.5 88.2 99.4 106.1 123.2 130.5 150.3 154 164.4 175.5 178.6 181.6 176.9 175.7 174.4 175.2 174.8 182.3 183.9 186.1 191.3 180.7 171.3 168.6 184.5 191 205.9 211.5 226.7 232.5 234.5 232 225.2 215.9 212.6 208.3 211.6 219.3 219.2 225.1 239.4 249.6 258.4 275 294.3 313.7 321.8 325.4 319 310.2 301.7 288.8 282.1 270.3 265.5 257.7 258.7 276.3 294.1 304.4 311.2 318.3
15.4 5 2.5 2.5 2.5 2.5 2.5 2.5 2.5 2.5 2.5 4.1 5.7 10.4 17.9 20.9 29.4 40.5 50.5 65.5 79.1 79 75 84.5 85.9 86.6 95.4 109.4 131.5 149.4 160.2 163.4 167.6 175.4 181.5 183.7 182.4 173.6 168.4 171.8 172.4 181.3 181.2 185.4 172.5 172.8 169.3 183.7 193.1 208 214.3 224.2 233.3 236.5 238.8 231.3 224.3 217.9 210.6 215 221.9 226.9 238.8 255.5 263.6 271.7 286.7 301.6 315.4 321 318.9 314.1 305.4 290.8 277.3 265.6 259.2 252.5 251.1 238.9 250.7 270.1 279 287.5 297.1
25.1 11.2 3.7 2.5 2.5 2.5 2.5 2.5 2.5 2.5 2.4 3 4.5 8.5 17.4 22.4 27.3 34.5 48.5 49.7 68.8 77.9 80.2 78.5 80.4 82.5 89.8 95 113.3 130.5 154.4 163.2 174.6 180.2 181.8 183.2 183.6 178.4 167.3 162.5 162.6 178.4 184.5 185.7 173.1 169.4 173.3 181.3 192.5 204.1 210.3 215.2 223.6 230.8 234.5 234.2 224.5 215 213.2 221.8 228.9 233.5 244.4 270.6 275.2 284.3 298 315.3 330.3 335.7 332.4 317.7 299.6 283.6 269.8 256.7 248.1 241.9 239 229.3 215.5 235.3 251.5 255.7 262.8
44.4 22.2 7.6 4.8 2.5 2.5 2.5 2.5 2.5 2.5 2.5 2.5 3.9 9.2 19.7 24.4 26.3 30.3 36.8 43 51.2 65.8 76.6 73.9 78.6 82.3 84.3 89.7 100.5 108.3 125.4 150 169.2 177.7 180 178.2 179.8 178.7 177.7 168.8 156.6 162.5 163.4 159.8 159.1 160.2 170.6 183.5 183.4 190.3 198.3 188 189.7 196.7 209.4 210.8 208.9 205 213.5 227.2 228.9 238.2 252.4 276.2 285.9 296.6 314.4 331.8 347 345.4 336.8 321.9 308 288.1 267.7 246.2 238.5 233.1 226 211 204.7 203.6 221.7 236.4 242.7
68.1 39.4 19.6 10.6 5.8 2.5 2.5 2.5 2.5 2.5 2.5 2.5 2.5 12.5 18.8 22.2 25.8 25.5 29.6 33.1 42.9 58.1 69.1 69.1 74 75.9 81.3 84.9 96.6 106.1 116 122.6 147.2 169.8 176.5 174.3 175.5 174.5 173.5 165 157.5 154.2 156.6 151 149 150.9 157 177.3 175.8 183 178.3 180.9 171.4 173.1 177.2 179.2 194.3 200.3 206.6 220.3 231.1 239.4 255.8 274.7 286.1 301.8 323.8 338.3 355.8 353.9 340.9 324.9 309.1 294 277.3 257.9 235.5 212.6 203 196.6 195.5 188.3 194.7 208.6 224.7
77.5 53.5 33.6 19.5 11.4 7.8 4.3 2.5 2.5 2.5 2.5 2.5 4.1 10.5 12.3 18.9 20.5 23 25.7 25 31.1 43.2 59 65 59.6 73.8 84 84.9 85.9 96.3 112.7 116.6 135.2 146.9 164.2 162.2 163.8 168.7 169.1 164.7 162.6 154.3 147 145 142.5 143 142.7 157.8 162.7 160.7 166.8 168.2 163.5 154.6 156.7 158.1 174.6 187.9 195.4 209.5 224.2 235.1 248.5 268.3 280.8 295.7 318.8 342.7 355 364.4 350.4 336 321.5 304 282.9 260.8 240.7 227.9 212.8 199.3 182.7 181.1 182.4 196.9 201.7
101 82.6 52.5 26.7 20.3 17 13.1 8.7 4.8 3.5 6.1 8.1 8.2 14.3 15.5 17 16.1 18.1 22.4 25.2 26.2 36.5 47.2 54.9 56.2 62.6 71.4 72 74.9 85.2 95.2 110 116 132.2 138.3 143.9 150.1 152.8 161.6 164.1 166.5 156.8 145 138.5 133.6 130.5 131.5 134.2 154.5 148.6 152.4 149.7 147.6 143.1 141.7 146.2 153.1 165.3 191.3 197.5 213.7 227 239.7 256.3 270.8 284.3 309.3 337 359.6 374.9 363 345.1 333.2 313.2 293.1 270.2 249.4 227.3 217.7 206.5 189.1 182.6 171.9 177.9 179.8
122.1 100.6 61.2 42.9 27.5 22.9 22.8 21.1 15.9 18.4 17 23.2 17.2 16.1 18.4 18.4 19.3 19.7 18.6 26.3 24.8 25.1 34.6 41 45.4 50.1 64.8 68.5 71.6 74.5 90.5 104.2 113.9 113.6 122 124.5 130.3 139.7 152 165.6 170.5 154.9 143.7 137.4 135.1 128.9 124.4 122 135 138.1 135.9 133.5 131.8 136.1 132 139 140.5 153.5 181 189 197.9 203.8 219.1 241.7 253.7 272.1 295.1 323.7 343.7 366.9 374.6 357 340.5 314.4 289.4 272.3 250.6 229.8 213.4 204.2 188.7 182.1 171.5 166.2 172.6
139.4 108.3 72.5 63 41.3 27.5 31.6 28.6 27 27.9 26.1 32.7 34.2 31 24.2 26 27.8 25.4 22.8 22.3 23.5 24.1 23.4 28.1 31.7 32.6 45.2 52.9 72.8 81.5 81.5 93 102.2 106.6 107.8 113.7 119.6 126.2 140.4 155.4 163.5 153.6 150.4 142.5 133.8 129.5 126.6 114.4 117.6 122.1 122 126.6 124.3 128.8 126.4 128.8 129.5 143.9 167.1 181.1 184 191 205.2 220.8 234 258.3 279.1 305.5 330.5 353.7 373.9 374.8 342.7 316 289 270.2 249.3 226.1 206.3 198.9 186.2 179.3 167.3 162.2 159.4
147 122.6 86.6 72.9 48.6 38.2 36.9 36.5 34.5 38.5 40.8 43.3 42.3 37.8 39.4 44.9 38.1 30.3 25.9 24.1 23.1 21.4 21.1 18.2 19.2 22.2 30.7 38.3 57.6 70.2 70.7 77.1 86.6 91 107.7 105.1 102.6 118.5 120.5 138.9 147 143.9 147.9 146.7 134.5 119.6 114.7 110.7 102.2 102.4 109.5 121.1 117.6 123.5 123 115.5 123.2 127.8 157.6 168 170.7 177.5 192.6 196.2 212.5 239.4 259.5 286.1 313.9 336.6 359.4 377.1 349 319.4 287 262.3 244.3 220 202.9 187.4 177.1 169.9 163.7 152.2 149.2
156 136.5 110.9 78.6 64.5 47.2 39.6 43 43.8 46.3 47.2 47.6 47.6 50.7 57.4 63.3 55.4 37.8 29.7 27.3 23 21.4 19.3 17.1 15.7 16.3 23.8 26.9 33.8 53.2 69.9 73.2 74.7 83.1 90.4 101.6 96.1 99.5 115.2 116.3 127.8 135.2 144.9 140.1 135.9 117.9 106.9 100.9 97.1 98.2 97.3 106.5 111.9 117.3 115.6 110.3 112.9 116.8 139.4 152.9 159.9 169 175.7 188.2 199.8 219.6 240.3 268.1 294.3 317.4 338.7 350.2 347.9 317.5 287.9 259.9 239.4 217.2 197.1 178.4 165.5 158.6 153.4 141.3 136.3
169.4 150.6 125.8 89.1 74.9 61.2 48.1 40.2 47.6 50 50.6 48.8 51.7 53.7 65.8 71 65.6 52 38.3 30 25.4 24.1 24.6 23.8 20.1 14.5 14.8 19.3 22.2 31.9 48.1 60.5 66.6 73.1 79.8 91.2 95.1 85.2 97.9 110.8 108.1 113.3 124.2 130.2 127.2 117.2 104.2 93.5 91.4 95.1 88.4 89.8 102.2 105.1 107.6 104.2 96.6 107.6 120.3 142.5 150.6 158.8 167.6 177 187.2 204.3 224.1 246.2 270.8 294.8 319.9 323.2 317.7 311.7 290.5 262.5 238.7 218 196.3 176.5 161.4 150.2 147.1 134 130.4
181.5 161.6 137.5 112.4 86.1 65.9 56 52.4 45.4 51.1 53.1 53.5 59.1 64.3 73.4 73.5 68.3 61.2 49.8 40.5 32.6 27.7 28.9 26.6 25.6 19.5 13.7 15 18.3 21.6 30.4 40.3 51.7 62.7 69.6 72.4 78.3 76.6 75.2 92.4 101 105.4 110.4 121.5 129.2 117.1 106.8 98.1 95.4 82.1 79.7 83.3 92.6 97.4 101.7 97.4 94 101.7 108 129.3 142.4 153.2 159.4 167.3 177.5 188.1 206 222.4 249.7 272.1 290.4 298.8 295.7 290.2 282.2 262.2 236.9 218 196.4 173.5 158.3 148.9 136.9 129.7 119.1
194.9 172.3 144.4 128.8 102.3 76 65.1 58.7 49.4 46.8 54.1 56.8 61.4 70.5 79.5 82.3 77.8 65.1 55.4 57.8 44.9 32.9 28.9 28.6 24.5 17.3 11.8 12.3 13.9 19.1 21.6 30.4 34.9 40.2 53.3 59.2 57.6 60.7 64.9 73.7 93.3 102.9 112.9 115.7 118.1 114.3 101.4 102.8 92.8 78.5 74.1 76.3 84.5 98.2 98.7 93.4 93.2 95.1 103.3 119.8 134.7 147.3 150.3 159.2 162 167.2 178.4 197 224.6 250.7 266.4 275.7 276.4 265.6 267.6 248.3 226.4 209.5 190.9 173.1 155.5 148.2 135.5 119.9 109.1
205.4 180.6 160.8 138.2 113.9 88.6 79.1 68.8 59.3 49.4 49.7 57.2 68.6 75.6 88.6 88.1 75 69.4 70 68.7 58 42.4 28.4 23.8 20.5 11.2 8.6 9.3 10.4 15.3 22.3 26 31.3 37.3 41.7 43.9 45.5 48.5 52.9 61.5 77.8 95.5 104.7 108 110.1 107.2 99 99.1 92.1 77.5 73.3 71.8 76.6 87 95.4 95.1 93.3 94.2 98.1 112.3 126.1 140.1 137.6 142.4 142 152.6 161.8 179.4 199 225.1 239.5 242.3 244.5 241.8 234.2 235 216.4 201.5 186.8 169 153.5 147.7 136.4 124.2 99.2
214.6 187.6 169.4 147.3 122.2 94.3 83.6 71.8 61.8 55.1 52.8 62.8 76.4 85.1 91.6 90.6 85.4 83 79.5 70.2 64.1 52.1 29 18.3 15.3 10.2 8.2 8.4 11 15.9 21.6 29.3 32.2 36.9 38.5 41.4 48.9 47 49.5 60.1 70.4 74.2 82.3 90.7 99.5 98.7 93.2 87.3 85.9 78.5 74.2 70.4 71.7 76.9 84.9 92 92.1 90.3 96.9 109.1 120.1 129.7 131.1 130.3 137 140.1 151.8 165.1 176.4 200.2 213.4 214.8 217.6 218.8 212.5 211 205.2 198.8 184.2 168.2 151.4 143.4 128.2 117.3 99.5
225.8 202.3 176.7 154.4 129.6 102.1 94.3 80 64.3 59.7 65.3 67.4 75.4 82.2 83.8 77.2 84.7 84.4 80.2 71.7 61 42.6 28.1 19.6 17.4 10.6 6.8 7.1 8.3 14.9 23.5 30.2 33.8 34.2 40.9 49 54.2 55.8 59.8 65.1 74.7 78.5 87.4 93 96.1 94.1 92.4 89.6 80.2 77.6 73.5 71.6 69.1 70.1 73 80 81.5 85.6 93 100.6 113.8 118 126.7 125.1 133.3 131.4 140.6 150.5 158.5 171 186.5 187.4 188.2 192.6 192.7 188.1 191.4 192.4 175.9 162.7 151.9 142.2 129.4 116.8 98.8
236 215.3 194.2 164.5 130.6 110 98.2 87.8 71.7 66.1 74 73.8 71.5 79.3 71.6 74.2 78.9 79.7 73.4 62.8 48.5 40.9 35.3 20.3 14.8 8.5 6.7 6.8 9.3 16.3 23.6 31 42.5 40.9 43.4 45.7 53.1 57.9 62.6 70 78.9 84.3 92.3 100.9 111.2 108.8 106.3 99.3 85.3 74.3 71.3 70.5 68.4 68.7 66.5 68 72.1 80.2 80.9 89.3 102.6 108.6 112.1 113.9 120.5 119.7 125.5 137.8 143.9 149 158.3 164.8 170 174.5 174.7 171.3 169.5 170 164.9 159.7 150.3 140 126.5 110.2 95.7
241.2 227.4 206.5 176 153.2 135.2 113 96.2 82.9 72.4 79.8 80.4 74.7 66.2 62.3 67.4 68.6 61 51.4 48.9 43.7 43.8 36.9 24 11.2 6.4 6.3 7.1 10.2 16.1 25.5 29.6 40.6 43.1 39.5 42.1 46.7 52 56.1 71.2 82 93.1 102.8 113.8 123.1 112 114.8 107.8 98.7 83.8 73.2 69.7 72.1 67.8 65.8 66 65.3 65.6 67.8 75.2 85.9 96.6 104.3 106.3 105.1 105.2 105.7 119.3 125.2 130.7 137 147.3 150.9 151.5 157.5 155.2 150.1 153 154.5 152.1 144.1 132 117.5 101.8 85.7
246.6 231 213.2 188.1 172.1 146.4 127.6 101.4 93.4 85.2 84.2 85.9 78.1 63.6 60.9 60.4 56.1 56.2 52.8 48.6 41 39.2 34.9 26.6 11.7 6.4 6.6 6.8 8.7 14 20 26.7 33.8 38.1 36.9 37.6 43.9 52.5 59 70.8 83.1 93.3 103.2 123.6 121.7 112.7 118.4 110.6 104.6 91.3 75 68.7 70.7 74.1 68.8 64.9 64.6 64.6 67.6 72.1 74 83.9 92.9 102.1 103 99.2 98.4 104.7 108.7 115.4 123.7 131.6 135.3 135 136.1 135 134.1 139.9 142.7 137.7 127.2 114.5 97.8 88.9 83.9
246 233 215 202 186.1 162.9 137.4 109.2 102 95.4 86.1 85.6 68 63.5 63.6 59.5 67.2 64.2 60.4 49.5 42.9 36.4 29.3 22.1 13.3 6.9 6.7 6.4 6 9.9 14.5 22.4 26.3 26.7 32.1 37.9 46.7 53.5 59 70.4 78.8 88.6 100.2 117.6 118.5 111.8 116.1 110 104.5 90.1 75.4 67.2 69.6 78.2 74.9 65.1 64.6 65.7 67.4 72.9 69.9 74.7 87.2 97.6 92.2 92.3 91.9 93.7 97.9 103.2 111.2 117.8 123.2 121.8 121.8 120.3 124.9 125.5 124 121.5 114.9 106.9 94.2 85.9 78.5
237.9 229.2 218.7 209.4 195.3 172.7 149.9 126.5 113 101.7 90.9 74.9 69.7 68.8 67.7 66 63.2 70.3 64 54.8 45.3 35.1 26.5 18.4 12.8 9 6.4 3.7 3.6 5.6 8.1 15.6 18.9 25.3 31.8 32.8 41.4 51.6 61.9 68.1 77.7 86.4 93.5 106.9 109.1 106.6 111.8 110.2 101.7 91.8 78.6 68 66.4 77.2 76.9 66.5 65.7 67.2 62.4 67.3 65.6 74.2 87 102.7 99.5 96.2 85.3 86.8 86.8 90 99 103.8 108.9 110.1 110 108.5 111.7 111 109.3 107.2 102.3 94.7 86.3 81.2 70.6
233.2 224.2 219.2 211.8 199.6 177.3 156.5 139.1 122.9 104.7 96.6 84.3 81.5 79.4 76.2 74 68.8 61.1 63.4 51.4 43.3 32.5 22.1 16.4 9.5 8.1 5.6 4.1 3.4 3.4 5.6 13.9 22.6 23.8 30.4 29 39.2 52.5 61.9 66.1 75.6 75.7 80.6 89.7 101.7 102.1 110 107.8 104.5 95.1 77.7 66.3 60.7 67.7 69.3 65.7 70.7 65.7 59.1 57.1 60.4 69.5 80.3 96.7 98.4 92.4 88.6 80.9 82.2 86.5 91.6 95.2 98.5 101.3 102.4 101.2 100.2 99 96.8 91.6 87 81.3 76.5 72.8 65
227.8 223.6 216.7 211.6 204.6 189.6 159.1 137.5 124.6 115.9 111 98.7 90 90 85.8 77.2 71.8 59.9 49.1 45 37.7 29.7 20.7 13 6.1 -1.6 2 4.8 3.4 4.1 5.6 13.3 19.3 22.3 26.6 28.4 32.6 47.3 63 64.7 67 64.3 67.6 79.1 97.6 95.5 112.2 105.7 102.7 92.6 78.1 64.4 57.8 59.5 59.5 59.6 62 62.7 55.6 51 56.6 69.7 75.1 88.3 88.4 85 80.9 75.3 77.7 80.8 84.3 88.8 97.9 95.3 94.9 94.5 99.2 94.9 88.6 82.5 77.8 72.2 69.1 65.5 56.1
219.9 222.5 218.9 212.8 209.7 198.1 178.2 165.1 153.4 143.7 129.1 113.4 101.1 95.1 89.6 77.6 73.6 61.4 48.3 36.8 30.8 23.4 18.2 13.6 6.4 -1.6 -1.6 -1.6 5.3 6.1 6.1 7.4 14.7 17.9 19.9 25.7 33.2 34.3 55.8 54.3 53.3 55.3 60.2 75.6 88.8 87.5 110.6 105.4 100.7 89.9 74 60.4 54.7 58 57 56.8 53.9 58 56 45.5 55.3 65.3 68.7 78 83.5 77.3 72.5 69.3 68.9 73.1 76.5 81.9 91.5 99 98.9 98.5 98.9 97.3 93.9 88.2 81 72.2 63.8 57.2 51
221.4 227.8 227 230.1 224.1 211.5 198.8 184.3 168.3 155.6 141.5 124.4 110.8 96.8 89.6 77.4 65.1 60 47.9 35.3 24.1 19.4 14.4 7.9 4.6 -1.6 -1.6 -1.6 3.6 7.3 7.7 8.9 9.9 13.1 15.3 21 27.6 28 36 40.4 45.2 52.6 57.9 72.6 84.6 79.1 84.1 100.5 98.8 89.3 71.1 59.8 49.7 52 54.1 55.7 52.3 47.2 48.3 40.7 49.8 64.7 65.2 65.9 73.3 77.2 66.3 63.3 61.7 63.8 66.5 73.7 82 94.4 96.4 98.2 98.2 97.9 97.5 96 89.3 80.6 71.6 63.8 55.3
229.7 236.5 238.3 236.5 227.3 218.9 206.5 190.4 174.5 161.7 141.6 133.3 120.3 104.4 90.2 79.4 66.4 49.7 46.1 34.7 26.6 16.8 12.2 5.1 -1.6 -1.6 -1.6 -1.6 -1.6 6.5 7.6 7.1 8.7 9.6 10.7 14.7 21.9 22.1 26.7 31.7 38.1 51.6 56.1 66.3 79.8 72.6 60.2 77.5 81.4 77 69 54 42.5 44.2 47.9 49.5 48.3 44.5 48.3 37 46 53.3 62.1 58.1 61 63.7 59.8 56.5 55.5 58.1 59.4 63.9 75.8 87.9 94.1 98.4 99.7 102.5 102.3 99.9 95 87.8 79.4 71.8 64.3
235.3 239.4 243.5 237.3 228.4 218.1 205.2 191.7 179.7 163.2 148.3 139.3 126.8 109.7 97.2 81.4 71.5 53.9 35 32.8 28.8 19.7 10.5 6.6 -1.6 -1.6 -1.6 -1.6 -1.6 4 6.2 4.5 5.4 6.9 7.7 11.2 15.5 22.2 25.5 24.6 27.5 36.4 46.3 53 67.5 66.6 51.5 62.8 66.2 58.3 53 52.2 39.5 33.8 40 40.3 40 39.7 41.9 35.4 36.7 43.5 49.3 50.7 52.1 52.9 50.8 52.7 52.4 51.6 54.6 56.3 67.6 80.6 91 95.3 102.7 108.1 110.7 109.4 106.5 102 93.3 84.1 74.1
233.4 236.1 234.4 233.6 225.9 214.1 202.2 187.7 173.1 161 146.5 134.2 125.8 112.3 98.7 83.1 75.5 60.8 41.8 31.9 29.2 19 6 -1.6 -1.6 -1.6 -1.6 -1.6 -1.6 3.3 5.2 4 4.7 5.6 6.9 11.3 15.8 23.1 19.8 16.1 17.9 19.1 31.5 33.2 43.7 50.2 45.1 47 46.5 44.1 42.5 48.3 36.9 30.1 28.9 31.7 35 33.8 33.3 35 28.7 34.5 37.2 44.4 43.7 46 44.9 46.1 48.1 47.6 49.3 54.6 66.3 81.5 95.9 104.4 112.3 120.9 124.7 127.4 125 119.2 110.2 99.4 87.3
224.6 225.7 226.2 224.7 218.7 207.9 196.5 183.8 169.5 160 145.5 132.4 117 107.1 96.6 85.2 70.3 62 47.2 34.9 24.2 16.1 4.1 -1.6 -1.6 -1.6 -1.6 -1.6 -1.6 4.6 4.9 4.2 4.6 4.6 4.6 9.1 12.7 11.5 11.3 8.7 8.7 5.5 10.5 15.7 20.5 34.3 36.7 27.3 34.5 33 28.3 30.1 32.4 28.4 25 23.2 28.9 28.4 28.3 30.4 25.6 27.9 31.5 36.1 38.5 38.8 39.3 42.1 44.4 45.3 51.6 57 68.3 86 104.1 115.3 124.5 136.6 140.8 143 135.2 125.9 119.1 105.3 94.6
216.7 214.8 215.7 212.8 209.3 201.8 189.6 178.1 164 154.7 139.5 126.5 109.9 97.3 87.9 78.1 67.5 54.8 49.9 35.1 23.9 14.6 -1.6 -1.6 -1.6 -1.6 -1.6 -1.6 -1.6 4.1 8.2 4 2.6 2.6 1.1 3.5 7.3 7.7 3.2 -1.6 -1.6 -1.6 3 7 15.9 24.3 26.1 20 28.6 26.8 20.7 27.7 28.7 27.8 23.1 17.7 18.2 21.2 21.7 24.8 23.1 21.2 25.4 29.4 33.4 35 37.7 38.9 41.9 45.3 52.9 57.9 70.7 91.4 113.6 125.4 135.6 145.3 145 150.7 142.6 128.6 119.5 107.5 100.7
207 203.3 200.3 196.2 195.2 192 183.7 171.6 156.6 151.3 135.2 119.4 103.6 93.1 79.5 68.8 55.6 49.1 45.7 30.1 22.9 16.6 -1.6 -1.6 -1.6 -1.6 -1.6 -1.6 -1.6 5 7.6 4.7 2.2 2.1 2.3 2.5 2 1.2 -1.6 -1.6 -1.6 -1.6 -1.6 -1.6 8.8 14.3 17.2 11.9 17.6 21.2 18.5 16.2 20.1 25 20.6 15.5 13.7 14.6 16.2 19.2 22.2 20.5 21.3 23.5 32.1 40.1 40.5 39.6 40.1 43.3 54.8 62.6 72.1 99.4 118.3 131.3 133.4 140.1 143.4 147.8 145.6 143.9 138.6 126.6 117
193.9 187.8 181.9 181.5 178.7 179.4 171.8 162.5 152.2 145 133.4 116 97.6 86 75.9 59.4 51.4 41.8 33.2 23.9 21.9 13.3 8.4 -1.6 -1.6 -1.6 -1.6 -1.6 -1.6 4.4 4.9 5.5 3.2 3 4.7 4.9 2.9 -1.6 -1.6 -1.6 -1.6 -1.6 -1.6 -1.6 -1.6 8.5 10 6.4 9.8 16.2 14 10 15.7 20.3 16.1 15.2 8.2 11.8 13.2 13.1 16.7 18.1 21.4 25.3 29.3 40.7 43.2 42.5 43.9 46.4 56.2 69.8 75.3 92.9 110.8 123.1 128.8 134 145.1 156.8 156.7 151.2 144.6 135.5 126.5
180.6 173.4 167.4 163.6 160.9 159.3 159.6 149.8 140.6 134.4 128.6 113.6 95.2 88.3 75.8 59.3 47.9 36.2 27.2 22.4 16.2 12.3 6.4 -1.6 -1.6 -1.6 -1.6 -1.6 -1.6 -1.6 3.4 5.6 6.1 4.3 5.3 5.3 2 -1.6 -1.6 -1.6 -1.6 -1.6 -1.6 -1.6 -1.6 2.8 5.6 2.1 2.4 4.7 8 7.3 7.2 12.9 11.6 8.5 5.8 6.6 9.2 11.3 14.7 22 25 26 32.6 41.2 44.8 46.1 48.7 55.4 61 72.6 88.9 94.1 106.8 120.1 127.7 135.7 141.1 145.6 157.5 153 151.1 146.4 141.3
160.8 157.9 154.6 148.4 142.4 144.6 144.3 137.4 129.4 126.9 124.9 112.8 95.5 82.4 73.9 60.3 43.7 34.9 32.4 21.3 13.6 7.9 2.3 -1.6 -1.6 -1.6 -1.6 -1.6 -1.6 -1.6 3.8 6.1 7.7 7.5 5.2 1 -1.6 -1.6 -1.6 -1.6 -1.6 -1.6 -1.6 -1.6 -1.6 -1.6 -1.6 -1.6 -1.6 -1.6 -1.6 -1.6 4.2 2.7 5 5 5.7 6.8 7.3 9.9 14.5 21.7 28.7 32 39.9 46.3 50.7 53.1 58.2 67.5 73.4 74.7 88.9 98.8 106.2 111.6 120.8 128 133.3 139.3 141.8 143 144.1 143.6 146.3
