app/static/ascii/NM52.asc
ncols 200
nrows 200
xllcorner 150000
yllcorner 720000
cellsize 50
[rows 70 to 104 of 200, columns 79 to 157 of 200]
172.4 180.9 180.9 183.9 189.3 188.2 193.8 194.7 203.1 206.7 206.9 207.4 206 202.9 212.4 215.8 223.5 227.5 236.8 245.1 252 263.5 268.4 272.4 278.2 287 292.3 293.2 295.5 297.4 297.6 300.3 302 302.2 303.2 305.1 309.2 312.7 319.2 330.4 342 353.2 369.7 375.2 390.8 404 423.3 441.7 448 445.4 439.6 433.7 427.4 417.6 411.5 406.5 401.8 397.4 393.1 394.4 392.5 393.8 391.7 388.9 384.9 384 383.1 383.9 384.8 385.4 384.7 378.5 371.3 362.7 353.5 344 330.2 320.4 312.2
182.5 186.8 190 191.4 196 199.6 195.9 201.9 207.2 211.8 212.7 212.6 213.8 212 215.2 216.5 225.8 233 239.7 249.3 258.9 263.9 270.7 274.8 280.9 284.9 292.1 293.6 295.5 297.4 299.6 302.5 303.2 302 304.8 308 311.6 315.6 321.5 332.4 342.5 355.2 372.4 379.1 388.9 407.5 422.2 447 453.5 450.7 443.6 436.4 429.2 418.7 412 406.5 403 396 389.3 389.8 387.4 388 386.8 381.8 377 376.2 374.1 375.4 375.2 374.8 372.5 368 363 355.5 347.2 341.1 331.2 321.6 314.2
190 194 197.1 205.1 200.4 203.9 199.6 206.1 214 216.4 218.4 219.2 220.2 219.7 220 226.8 232.5 236.3 244.6 252.6 261.6 269.3 272.7 274.2 281.2 285.5 289.4 292 294.4 297.3 299.5 303.1 304.4 306.1 307 311.9 317.6 321.3 325.5 335.8 345.9 356.1 372.3 383.5 388.6 402.4 421.1 443.3 458.1 457 449.3 439.2 430.6 420.8 413 406.8 402 395.2 390.3 384.1 383.2 381.8 380.5 375 368.6 367.5 365.9 366.2 365.8 365.4 361.4 359.1 352.2 348.8 342.7 338.8 331.5 323.9 321.6
194.9 200.3 201.7 210.2 205.5 209.6 209.6 214.5 222.1 221.8 226.8 230.7 230.7 227.5 224.4 230 236.6 243.4 249.1 253.4 262.9 272.3 276.8 279.6 280.1 285.9 286.8 291.9 294.8 297.1 300.3 305.5 307.3 308.8 307.9 315.8 320.5 325.3 328.6 340.5 347.8 358.6 370.1 383 392.8 404.4 421.2 440 465.3 462.2 452.7 442 432.2 420.5 412.3 405.8 400.4 393.8 390.3 385.8 378.1 376.7 373.5 369.1 361.8 357.7 355.3 356.4 358.1 361 356.6 352.3 347.8 343.6 340.2 337 334 327.7 325.5
199.5 207.4 211.2 217 216.5 221.6 215 219.2 229.3 230.4 234.8 239.7 238.2 235.9 233.8 238.2 241.9 250.3 255.8 260.6 268.3 276.4 279.8 283.6 285.3 286.9 289.8 295 298 299.9 301.8 306.6 308.3 311.5 314.8 317.9 322.3 329 333.3 343.8 350.5 359.8 370.6 384 394.5 407.9 420.2 437.5 461.9 462.6 453.2 442.9 431.4 419.8 410.6 403 398.7 392.3 386.9 382.7 377.3 371.4 369.3 363.7 357.8 351.8 347.6 347.1 350 354.2 355.6 350.3 346.3 343.2 340.6 338.1 339 333.1 329.6
210.3 211.9 217 221.9 224.8 228.9 227.7 221.7 234.4 238.4 240.4 244.3 245.8 246.3 245 244.3 248 254.6 258.2 265.6 271.6 276.7 281.3 286.5 289.7 291.2 294.6 298.7 302 303.7 303.3 310.4 314 314.7 320.7 316.6 325.3 335.4 335.4 347.5 353.8 362 370 384.2 393.2 408.7 419.8 442 461.8 462 452.4 441.5 430.8 419.6 410.3 404.5 398.4 389 384.9 380 374.8 370.1 366.5 360 354.3 348.3 343.4 341.2 342 344.3 348.7 347.6 345.1 343.1 342.5 341.7 341.6 340 335.3
217 216.2 224 229.7 230.2 233.9 238.3 230.5 244.6 250.5 253.9 256.6 256.6 255.9 256.5 253.3 252.9 259.2 263.5 270.8 275.7 281.1 284.4 288.8 293.5 295.4 300 303.7 306 310.5 311.3 314.3 318.7 320.6 324.8 323.8 332.7 338.8 343.9 352.6 358.6 366.3 371.5 384.9 391 406.5 418.7 431.2 456.3 460.9 450.7 441 428.5 418.2 409.7 402 395.6 388.5 380.1 377.7 373.7 365.7 362.7 355.9 350.5 347.2 341.5 337.7 337.5 337.7 341.4 343.1 342.8 342.3 342.7 342 343.6 343.1 341.7
222.8 223 230.1 233.4 236.1 240.2 245.5 247 252.2 260.1 262.4 262.3 262.6 264 262.6 259.5 258.6 265.5 270.6 274.8 277.7 282.4 286.7 293.1 298.2 299.8 305.4 309 314.1 316.8 319.4 318.4 326 327.9 332.4 328.5 341.1 344.6 352.7 357.7 364 368.1 374.4 383.4 391.1 403 413.4 427.4 451.1 456.1 449.5 442 426.8 416.9 408 400.3 390.6 384.2 376.5 370.5 364.2 359.1 355.2 351.1 347.1 340.7 336.6 335.4 334.6 334.8 336.4 341.6 342.7 344.2 344.4 340.9 343.1 343.5 346.1
227.9 232.9 235 239.1 240 243.2 250.8 257.9 265.7 268 271 267.9 269.9 272.8 272.2 270.2 268.2 270 274.5 280.1 283.1 286.9 291.8 298.4 303.5 304.8 311.5 316.7 319.4 322.4 326.9 328.8 334.4 333.5 336.8 332.1 348.4 353.1 358.5 362.8 367.2 372.6 377.7 382.1 392.5 402.2 411.7 426 436.1 450.1 443.5 441.2 425.5 412.9 403.2 395.8 386.8 378.3 370 361.3 354.7 343.2 334.2 340.5 336.3 336 334.5 332.1 332.1 332.9 335.3 339.9 343.8 344.4 346.2 345.4 347 346.1 348.9
233.6 239.1 240 246.9 248.9 251.8 257.4 266.9 273.6 277.1 281.5 280.6 282 281.3 280.1 276.8 276.8 273.5 278.3 282.5 285.1 290.7 296.6 305.9 310 312.6 317.6 322.5 328.9 329.3 333.9 335.3 340 341.1 344.5 341.8 352.4 359.7 364 368 367.4 374.1 378.9 383.8 392.1 401.9 412.4 417.1 423 436 437.6 435.2 424.1 408.9 400.7 390 381.5 372 362.8 351.3 342.4 324.9 304.6 325.6 326.7 327.5 330.1 328.9 328.4 329.8 332.8 337.7 342.6 345.9 346.6 350.9 348.5 351.5 351.1
242.5 246.1 247.5 252 256.6 260.6 264.4 273 280.6 286.9 289.7 289.7 290.7 289.2 288.8 284.8 283.4 281.9 282 285.5 290.3 295.3 301.1 310.3 314.8 318.3 321.5 327.3 337.6 337.2 341.4 343.3 343 348.8 347.2 345.3 359.7 365.2 370.5 373.4 374 376.9 381 382.5 389.3 400.7 408.2 414.6 419.5 425.1 426.8 424.3 421.5 407.1 394.6 386.1 379.7 369.1 357.2 345.8 332 307.1 276.6 294.9 313.2 318.9 323.3 327.1 324.9 327.5 331.9 334.4 338.8 345.7 349.1 354.6 355.5 355.7 357.6
249.8 251.4 254.4 258.8 264.3 269.7 275.4 279.5 287.9 295.4 298.2 298.4 298.6 296.8 295.9 291.6 289.4 288.4 287.6 288.4 292.8 299.2 304.9 312.6 317.8 322.2 328 333.9 343.1 345.2 347.6 351.7 349.4 353 355.8 354.3 363.9 368.4 377.5 381.2 381.9 382.6 386.4 387.1 390.5 399.2 405.5 409.6 412.6 415.5 411.1 408.8 403.8 407 391 382.9 372.8 363.8 352.9 337.2 322.6 294.8 262 268.4 290.5 307.5 317.4 324.2 323.6 324.9 328.8 332.9 338.2 346.2 351.9 359 361.8 359.8 362.3
257.7 258.5 261.7 263.1 268.4 273.4 281.1 285.7 293.1 301.1 306.2 303.9 305.3 303.7 302.8 299.9 295.4 292.9 293.5 292.1 293.5 298.5 307.7 314.1 319.9 326.1 332.3 340.8 349.2 351.9 354.9 357.5 357.7 356.9 361.5 364.2 368.9 373.2 381.6 390.1 384.4 388.5 390.6 391 393 397 400.8 403.1 406.4 407.2 406.1 399.7 396.1 392 388.3 376.3 368.5 355.4 345.9 331.5 313.8 288.5 256.3 245.1 260.6 286.7 308.6 316 318 320.9 324.9 331 337.7 350.7 357.5 364.3 370.3 365.9 363.4
263.6 266.1 268.6 270.2 273.1 275.4 283.3 291.1 299.9 306.1 311.7 312.7 312.2 310.2 308.8 306.9 301.3 299.4 296.4 296.5 300.2 305.1 308.9 318.1 324.3 329.4 336.7 345.3 353 356.7 360.5 362.1 362.7 363.7 370.9 371.7 375.9 380 390.4 394.7 392.6 394 396.1 396.9 397.3 397.5 399.6 399 399.2 399.7 399.7 393.1 388.8 386.7 382.4 371.9 362 349.1 336 317.3 302 281.8 248.8 209 239.6 265.4 294.9 305.7 314.9 319.2 322.7 330.9 336.7 346.7 363.8 375.5 377.6 372.4 368.2
270.2 272.2 273.1 274.9 274.9 279.6 288.1 297.8 305.6 310 316.4 320.5 317.9 316.2 315 312.1 306.1 304.2 302.4 302.9 303 305.8 311.8 319.9 325.9 331.8 339.4 353.2 356.4 364.2 367.5 367.8 370.7 373.7 378.4 381 382 387.8 397.5 402.9 404.2 400.7 402.3 402.8 402.5 399.7 399.1 398.2 395.9 392 389.9 388.2 380.9 376.7 372.4 368.1 357.8 343.1 329.7 313.3 276.2 252.4 240.2 198.5 224.6 245.3 269 296.8 311.1 318.3 321.6 328.1 332.6 339.8 359.7 375.7 382.1 378.1 371.8
276.3 277.3 279.3 281.1 281.9 286.2 291.7 300.4 308 312.2 317.2 322.8 325.4 321.8 320.3 317.2 310.6 308.7 306.5 307.9 310.3 311.8 315.9 320.2 327.1 334.2 342.7 356.2 361.9 368.6 374.6 376 376.1 381.4 384.8 387.6 393 395.9 408.2 414.1 412.8 410.8 410.3 409.9 410.2 403.1 402.7 398.6 394.9 390.3 384 379.2 375.9 368.5 362.6 358 352.4 340.9 326.8 309.9 287.9 258.2 229.6 190.5 206.7 218 253.7 285.6 303.7 318.8 319.3 322.7 327 332.8 346.1 363.5 385.6 387.3 377
282.3 283.1 285 286.9 288.2 290.5 295.8 306.7 312.2 315.6 321.2 325.8 330.5 327.2 324.5 322 315.9 313.7 313.1 316.8 315.4 313.9 321.7 322.9 329.9 337.7 348 357.4 366.8 375.6 380.8 381.1 387.7 392.2 394.1 400.6 403.2 406.9 416.1 426.6 422.4 418.1 415.5 414.3 415.1 407.4 405.4 400.5 393.7 388.2 380.9 374.7 363.9 361.4 355 349.3 343.4 333.7 321.9 308.5 285 254.8 226.7 189.5 191.3 213.5 236.9 267.7 292.7 317.3 318.8 315.1 321.4 328.5 337.7 353.6 373.2 389.1 384.1
288.1 288.6 290.3 292.5 295.8 297.8 298.8 307.8 315 318.4 323.3 327.2 331.4 332.1 327.3 324.9 321.8 320.7 320.5 325.4 324.9 323.2 324.8 329.4 334.3 341 349.9 363.1 373.1 380.2 385.7 395.8 400.4 400.6 404.2 410.6 414.8 417.8 426.6 430.8 432.7 424.2 421.9 421.1 419.4 410.5 404.7 399.7 392.1 386.5 378.5 371.8 361.3 350.6 346.9 340.7 332.7 326.1 317 304.5 279.6 249.1 218.7 191.9 173.5 199.7 223.3 250.3 275.7 298.3 312.4 310.9 317 321.4 327.3 339.6 364.7 384.9 391.9
290 292.9 295.6 297.1 299.5 303.1 302.2 307 316.2 320.4 322.8 325.4 328.4 332.1 328.5 328 326.4 326.3 327 329.3 332.2 331.5 333.1 336.4 340.9 347 353.4 365.9 374.8 384.4 395.3 407.3 410.9 409.8 414.7 419.8 425 430.3 431.9 436 438.2 431.7 432.8 428.8 425 413.7 408.6 401.3 395.5 385.6 377.7 369.7 362.2 350.2 335.9 330 322.4 314.6 305.9 289.8 271.2 243.9 214.2 190.4 159.6 182.4 205.6 231.4 257 283.6 299.8 309.2 312.3 317.2 322.3 332.3 350.2 376.4 394.3
289.3 292.2 296.4 298.7 301.3 303.4 303.4 310.6 314.6 317.9 319.3 321.5 324.2 329 330.8 328.3 329.7 330.4 331.5 336.3 338.9 338.7 338.5 344 348.8 353.3 361.3 368.9 381 394.4 407 415.8 420.1 421.6 426 429.7 438.6 441.2 439.6 441.4 442.9 440.8 439.6 437.9 427.9 420.7 408.3 401.4 394.6 385.3 376.4 366.6 355.6 344.9 331.7 319.2 309.9 302.4 289.9 275.1 253.3 233.8 209.9 184.7 147 169.1 189.2 213.4 241.3 263.8 288.6 304.7 309.2 311.6 315.4 322 335.3 359.4 386.3
287.5 289.4 293.2 297.9 300.4 303 301.9 307.1 312.1 314.3 316 318.5 322.1 326.6 330.2 331.2 332.1 332.9 336.1 340.9 345.3 345.5 343.3 349.3 356.3 359.3 368.4 374 386.9 403.5 410.8 426.2 428.1 431.9 435.6 441 445.6 449.5 453.1 450.1 452.1 447.6 444.4 447.2 436 426 410.6 403.1 391.4 382.1 371.3 362.2 353.5 342.9 328.9 315.4 299.6 288.5 275.8 256.2 239.9 221.8 200.7 182.6 149.1 154.7 173.5 195.9 221.8 249.8 271 296.5 305.7 305.6 308.7 315.7 326.4 343.6 368.6
284.4 286.8 290.5 294.6 297.2 299.6 298.9 305 307.7 311.1 313.6 315.8 320.3 324.5 328.6 332.3 333.8 336.6 340.5 344.8 352.6 354 354.6 359.4 363.2 367.3 373.2 382 399.2 412.4 421.1 436.7 437.5 440.9 443.6 451.4 454.5 456.7 460.3 459.5 457.9 452.6 448.1 452.9 442 430.1 414.8 404.6 393.4 380.9 371.6 360.1 347.4 335.8 325.3 312.8 296.9 279.9 267.1 240.7 216.8 204.9 190.2 169.5 147.7 140.7 157.9 177.2 203.2 234.6 256.7 275.4 293.7 299.6 302.1 309.5 318.1 332 355
285.3 286.5 290 289.6 294.6 298.1 299.6 303.4 306 308.7 310.6 313.9 318.6 322.7 328.4 332.7 338.1 338.5 345.3 350.7 358.2 360.8 362.6 365.5 369.8 374.4 379.8 398.8 406.1 422.6 432.4 443.3 450.2 450.3 454 459.6 465 465 468.5 468.7 464.7 458.1 454.4 451.1 446.1 433 418.3 407.2 394.1 381.7 370.1 359.8 349.4 336.3 323.3 308.5 294.9 279.4 259.4 227.4 206.8 180.3 171 158.3 144.4 124.3 147 164.5 186.3 213.7 238.8 259.4 275.1 290.6 291.1 299.9 312 323.5 339.9
289.7 287.4 289.8 292.4 296.8 300.4 303.3 306.2 306.6 308.4 310.2 315.1 319.5 325.6 331.2 333.3 338.1 341.8 347.8 356.5 363.3 368.7 372.7 378.6 381.6 383.8 386.3 406.7 422.5 430.7 443.5 453.4 461.4 461.1 464.3 467.5 473 472.2 474.8 476.2 471.6 466 458.7 455.1 444 431 421.7 409.1 394.8 382.3 371 360 346.5 329.5 320.5 307.3 295.8 281.1 255.1 229 202 176.6 152.6 143.5 135.8 119 135.7 151.6 170 193.3 221.1 240.2 255.5 272.9 281.1 297.5 300.1 313.9 330.3
294.7 294.6 291.2 296.3 299.9 302.8 304.3 306.4 311.7 307.9 311.3 315.7 322.7 327.2 330.1 333.5 341.8 352.5 354.9 361.5 366.8 377.5 383.7 388.7 391.6 394.5 398.9 416 432 445.9 452.2 459.2 469 470.6 475.1 476.1 480.4 480.7 479.8 478.8 480 475.5 469.4 457 444.9 436.4 422.4 413 399.3 389.8 374.2 361.2 348.7 334.1 318.5 307.3 295.3 289.6 259.3 224.6 199.8 177 153.1 136 120.7 109.4 125.9 138.6 154.1 173.3 201.2 224.1 240.6 257.8 270.2 283.1 293.4 304 320
299.7 297.9 295.2 298.3 301.6 304.7 306.3 307.6 315.7 310.7 314.1 318.5 323 328.3 333.2 336.8 348.8 360.6 365.3 368.5 376.3 387 393.6 395.5 403.8 406.9 410.3 428.9 440.2 448.2 464.6 466.8 473.8 478.8 481.7 484.4 487 488 482.3 484.5 485.4 480.5 475.9 463.4 449.2 442.2 424.8 413.5 406.2 395 379.9 365.9 356 345.5 328.6 311.6 300.6 300.5 269.7 233.5 205.9 180 158.1 140.1 121.6 105.8 111.1 127.9 141.4 156.6 179.1 204.6 224.7 245.5 260.8 269.2 286.5 295.3 312.9
302.4 302.5 300.7 301.5 304.2 305.3 307.9 309.7 313.1 316.7 315.9 317.9 323.4 330.4 335 341 358.7 368.3 371.6 377.2 386.5 397.9 404.5 406.3 413.1 416.8 423 435.2 442.1 456.9 467.4 475.1 477.7 483.8 486.7 490 490.2 490.7 484.5 489.6 489 486.2 480.8 469 452.8 449.1 430.1 416.2 407 396.9 384.1 368.2 359.2 355.6 340.6 323.4 312.9 302.7 275.1 243.4 215.2 187.4 163.9 144.3 128.8 113.2 98 115.5 130.6 143.4 159.2 186.1 210.6 230.4 248.6 258.9 271.1 287.2 305.2
302.4 305.6 304.6 304.9 305.6 306.3 308.5 309.9 312.7 317.6 312.7 320.2 323.7 329 339 347.4 365.3 372.6 375.9 382.5 394.5 407.5 413.7 417.1 422.9 428 435.8 445.2 451.3 461.4 469.8 476.9 482.7 492.1 490.3 491.9 488.7 489.4 488.3 494.1 500.6 494.5 484.4 474.1 464.6 443.9 437.1 417.4 410 399.6 383.9 370.6 359.2 352 344.7 331.7 318.7 301.4 283.3 253.2 220.3 190.7 167.8 147.9 128.9 115.8 105.6 105.8 116.4 127 146.3 167.4 193.8 216 231.9 248.7 262.4 275.3 293.1
305.3 306.1 306.6 307 307.4 307.8 308.2 310.7 313.7 318.2 314.9 319 324.8 329.7 338.5 352.9 365.4 373.3 378.9 386.5 400.9 415.6 423.7 424.1 430.3 439.3 443.2 450.9 457 463.9 470.2 478.4 480.9 491.4 497 492.8 487.4 489.5 493.9 491.3 494.3 500.1 489.4 477.9 465.7 449.9 431 419.2 404.8 393.1 383.3 372.2 361 354 345 332.2 317.5 304.6 286.6 264.1 228 204 176.5 152.5 134.4 118.4 105.4 96.2 107.6 119.6 134.7 152.9 173.9 198.8 221.3 241.1 258.2 265.5 282.3
305.1 305.4 305.1 306.2 306.5 306.8 307.5 309.4 311.8 317.1 317.4 317.9 326.4 332.5 337.6 355.4 366.6 375.2 382.5 391.2 403.3 422.1 433.8 433.4 436.5 444.7 449.4 454.8 460.8 466 473.1 480.3 483.2 491.4 497 493.3 486.7 485.3 487.3 486.3 493.8 498.8 494.1 479.6 466.5 454.9 439.3 418 407.1 392.7 381.8 371.8 362.9 358.7 348.3 331.8 320.5 307 288.1 272.1 250 225.5 187.4 156.1 133.4 116.7 104.7 93.7 101.2 110.5 122.7 137.6 154.9 179.2 205.9 232 250.9 258.7 272.9
305.2 304.7 305.3 304.7 304.9 305.3 307.6 309.6 311.5 315.6 322.3 319 329.5 333.1 343.6 356.3 367.3 378.2 386 392.9 401.9 418.9 440 440.8 442 449 451.3 458 461.1 465.6 469.5 476.9 487.6 489.5 490.5 489 484.3 481.6 482.8 481.4 494.7 492.9 491.3 477.8 464.5 451.3 439.4 422.2 405.7 393.4 383.8 373.7 366.1 356.7 348.7 333.3 320.6 310 292.7 279.4 261.7 235.2 193.4 162.5 138.5 120.3 103.2 94.2 92.2 102.7 113 125.5 141.9 163.2 189.4 217.5 239.2 253.5 261.7
304.8 304.6 303.8 304.2 303.5 304.7 307.3 309.8 311 314.2 321.8 321.2 327.5 334.5 344.7 356.5 366.7 376.5 389 395 403 417.1 439.5 442.2 445.8 451.9 454 457.6 460.6 464.2 467.6 469.1 479.3 483.3 491.3 485.1 479 477.1 480.4 474.9 483.1 487.6 487.5 476.4 458.3 449.7 441.3 422.1 407.4 394.7 384.7 372 361.8 353.2 345.7 336.3 321.6 312.3 301.8 284.2 266.9 231.1 197.2 165.3 145 121.7 104.6 91.2 85.6 94.3 103.1 114.2 128.1 146.5 172 202.5 228.5 241.7 250.6
299.6 303.7 302.5 304 305.4 305.9 306.8 310.3 312.7 313.7 318.6 327.9 326.4 333.7 343.3 357.6 366.9 373.7 388.1 396.7 405.8 414.4 431.7 444 445 449.9 453.5 455.2 457.8 461.4 466.1 466.5 471.3 484.3 484.4 481.6 478.1 472.7 471.2 471.2 475.5 477.5 482 468.9 452.4 445.2 439.4 419.6 401.9 392.2 384.7 372.8 357.7 349.6 345.7 338.5 326.5 312.8 302.2 289 268.3 238 203.3 174 147.4 124.8 105.2 91.9 82.3 88.2 96.7 104.3 118.6 130.6 150.8 184 211.7 231.4 239.5
291.6 295.5 301.2 304.7 307.1 308.7 310.4 313.6 315.7 319.1 321.8 327.1 333 335.7 348.3 355.8 365.6 377.7 386.6 398.1 405.3 410.6 424.2 431.6 439.5 444.8 451.7 451.9 454.1 454.4 460.4 460.2 462.1 475.3 484 478.3 470.7 466.8 461.9 464.7 463.8 463 472.9 465.5 450.1 439.2 429.2 418.1 403.1 393.6 380.4 371 353.3 341.1 336.1 337.8 318.9 311.8 303 288.6 270 241.9 208.1 178.7 150.5 125.1 106.9 91.9 82.5 81.9 87.1 96.1 108 121.4 135.5 161.4 190.8 218.4 233.5
288.1 296.3 300.5 305.4 308.1 311.2 314.4 317.4 318.3 323 323.9 334.4 340.4 342.1 349.2 357.2 363.7 376.6 388.2 395.3 404.9 409 419.8 426.4 432.5 438.7 443.7 448.4 450.4 449.3 452.5 455.3 456.7 467.7 477.8 471.4 463.3 461.9 454 456.5 459.1 460.8 459.9 455.5 443.7 431.6 422.2 410.4 401.6 388.7 376.3 363.8 355 341.7 330.7 318.3 312.5 303.1 296.4 283.6 267.5 242.5 210 180 150.5 123.9 105.4 91.1 82.8 76.1 75.3 86.7 96.1 109.2 123.6 142.7 166.7 197.3 222.8
