app/static/ascii/NM62.asc
ncols 200
nrows 200
xllcorner 160000
yllcorner 720000
cellsize 50
[rows 0 to 35 of 200, columns 0 to 81 of 200]
292 268.8 249.9 230 212.5 194.2 185.7 174.5 165.7 159.2 158.1 156 160.6 159 158.9 167.9 171.9 175.8 182.8 189.5 197.4 207.1 216.7 227.5 238.4 245.1 251.3 252.7 246.2 243 238.4 230.5 222.9 214.5 204.8 194.3 183 172.8 163.3 152.3 149 144.9 149 147.3 149.2 144 135 129.7 126.1 122.7 122.8 126.6 129.2 132.9 136.2 141 148.4 159.4 171 186.3 209.8 225.1 241.7 265 278.7 299.4 311.2 320.4 320.2 323 328.7 336.4 344 352.2 361.9 368 374.7 382.5 391.9 393.6 399.7 400.1
272.1 253.2 234.2 220.6 199.6 186.5 175.6 168.4 163.9 156.6 153.4 153.1 153.7 158.2 164.7 170.6 176.4 184.9 195.2 197.4 208.1 221 233.6 244.2 256 267 268.9 270 265.9 258.7 252.5 239.3 228.2 218.1 207 197.4 188 176.3 166.1 155.2 146.1 139.8 147.7 144.5 144.1 135.3 128.9 125.7 122.2 126.5 127.6 128.4 132.5 139.7 146.2 152.8 161.7 173.1 185.2 208.1 227 250.4 267.7 285.5 302.2 311.7 315.6 324.9 327.4 329.1 334.7 343.6 355.5 367.7 372.6 374.7 383.6 399.7 401.5 402 414.4 420.9
254.7 230.9 213.8 204 185.3 176.3 169.3 165 159.3 154.1 150.2 152.4 158.5 162.3 172.9 179.8 186.1 192.5 202.6 212.2 223.3 238.9 253.8 267.5 279.8 287.1 290.3 287.6 283.5 272.3 260.9 249.4 234.4 221.2 209.9 201 191.2 178.6 168.4 154.7 140.2 139.9 144.8 139.8 136.1 127.6 122.2 122.2 122.2 125.8 129.7 133.5 137.4 144.2 152.8 164.2 175.4 187.7 207.4 234.2 260 276.6 287.2 305.4 316.7 321.8 327.9 329.5 334 336.2 342.4 354.5 371.3 377.5 378.6 385.1 395 411.6 409.8 417.5 427.3 430.2
242.6 214.4 191.2 175.7 169.3 159.9 156.7 154.2 153.1 150.8 150.9 157.5 164.5 173.5 177.5 182.9 190.9 197.5 211 222.9 238.8 259.6 276.9 290.5 304.6 312.5 313.6 308.6 299.4 286.7 273.2 254.3 241.5 224 209.1 203.8 198.9 189 172 152.3 140.1 133.3 138.3 133.1 125.5 122.2 122.2 122.2 127 128.5 133 145.3 154.3 159.9 167.6 178.8 191.6 210.9 232 263 280.9 293.5 302.3 310.1 323.7 334.9 340 338.6 342.2 346.6 355.6 366 380 387.1 391.7 401.6 411.5 420.7 425.3 426.1 429.9 432.5
227.3 202.3 179.2 162.6 154.3 149.3 148.2 148.1 146.1 145.4 152.8 159.1 166.9 177.1 186 193.3 199 209 218.3 232.2 251.1 276.4 298.7 321.3 328.3 327.8 324.8 317.9 306.5 292.7 279.4 262.9 242.1 227.8 210.1 202.5 192.3 175.6 165.4 157.9 145 134.7 129.9 129.7 123.4 122.2 122.2 122.2 127.2 136.6 147.1 154.9 164.6 174.4 188 200.6 217.6 238.2 259.5 275.4 291.7 305.2 311.2 323.9 337.6 349.1 351.4 347.9 351.3 355 366.7 377.2 389 395.2 403.9 419.5 430.4 430.7 431.8 435.9 435.7 438.6
194.5 177.8 163.9 150.6 145.6 142.2 142.7 143.6 143 146.8 152.6 157.7 168.4 178.9 186.2 193.3 205.1 218.6 232.4 247.1 265.6 290.4 311.4 329 342 342.6 339 334 316.2 298.7 279.3 256.3 242.5 227 212.8 200.6 191 172.8 162.4 152.3 142.2 135 128.8 127.3 123.7 122.2 122.2 131.1 134.2 144.2 156.2 166.1 172.6 184.7 207.8 227.2 249.1 268.8 282.2 290.4 302.6 319.3 336.3 344.2 355 360.2 354.8 354.1 358.7 368.1 377.7 393.4 398.5 413.1 418.5 425.4 440.3 443.6 445.6 447.5 440.4 443.6
172.3 157 147.4 144.5 138 137.5 138.6 138.4 142.2 148 154.6 162.9 174.4 186.2 193.3 199.4 211.6 223 235.8 253.4 269.9 291.2 303.4 336.3 352.7 351.3 343.5 328 310.6 291.4 272.3 259.4 244.1 224.6 212.3 200.1 185.8 171.7 162 149.5 142.4 136.6 128.7 127.7 122.2 127.4 130.4 134.3 136.9 149.8 157.7 163 180.2 201.6 224.8 259.3 284.7 300 305.3 313.5 327.5 336.8 349 359.4 364.9 365.1 356.1 359.7 366.4 379.8 392.3 405.4 415.3 423 427.8 440.8 449.3 449.2 452.5 453.2 456 452.4
154.5 142 138.2 139.3 137 136.3 139.6 141.4 146 151.2 162.4 179.4 191.5 200.7 208.8 218 231 240.8 248.3 264.6 273.8 288.9 304.8 326.9 351.7 350.1 340 326 309.3 288.4 275.2 263.3 244.9 228.2 212.2 196 184 172.1 164.7 153.1 140.2 133.5 128.7 127.1 122.2 122.2 132 133.9 139.5 153.7 159.2 171.4 194.5 225.5 267.1 292.6 306.4 321.4 330.2 328.2 335.7 348.2 354 362.5 368.6 367.3 366.2 376.4 382.4 396.9 403.9 412.9 419.7 428.3 438.1 446.2 448.2 451.7 457.2 464.9 462.9 455.2
145.6 136 133.6 134.1 133 135.6 140 141.8 154 166.8 189.8 200.2 214.1 214.1 226 232.5 241.7 250.9 260 271.1 280.7 297 310.7 331.7 351.6 359.5 352.9 339 319.5 297.9 280.1 261.6 245.3 225.3 211.9 196.9 180 168.8 161.3 153.8 145.7 136 128.8 122.2 122.2 122.2 122.2 130.7 141.4 152.8 164.3 185.3 213.2 248.1 294.3 310.2 319.9 330.5 332.5 334.5 337.1 348 356.8 363 366.3 381.8 387.9 405.3 399.8 404.9 414.7 423.9 436.7 440.4 446 450.9 455.8 460.3 464.8 469 466.6 458.3
140.2 133.9 133.1 132.6 132.8 133.6 135.4 148 163.7 179.5 195.7 208.3 216.9 223.7 232.4 243.8 250.8 257.7 266.7 280.9 293.4 308.2 320.4 337.7 354.5 359.9 354.2 337.5 317.3 299.6 283 264.8 246.8 228.8 211.2 198.6 185.7 174 164.5 154.9 149.4 137.5 128 122.2 122.2 122.2 122.2 123.8 134 142.3 164.5 192.1 234.6 268.8 309.2 316.1 323.3 328 330.1 334.1 339.4 346.3 353.1 351.5 350.3 357.5 381.9 405.7 410.9 410.3 419.1 436.3 450.4 449.5 454.6 453.3 459.7 466.3 465.2 468.2 469.6 460.3
132.4 131.4 131.9 132.2 132.2 132.9 142.8 156.9 172.2 181.2 192.1 206.8 217.6 233.4 242.6 251.5 257.4 263.6 273.4 286.6 304.9 323.4 334.6 343.5 354.2 355.8 347.3 336.3 322.9 305.8 286.9 267 251.1 234.9 219.3 204.7 195.4 182.4 169.3 158.3 148.3 136.1 126.4 122.2 122.2 122.2 122.2 122.2 135.7 152.4 167.6 195.2 231.1 269.2 294.4 284.6 293.9 303 324.6 334.9 340.2 342.9 338.6 340.4 331.4 342.6 366.7 404.9 400.4 411.4 429.7 444.1 449.2 458.1 453.6 457.2 467.6 469.5 464.8 469.3 473.3 467.2
130.4 129.3 130.6 131.3 133.5 136.3 151 165.1 177.5 189.7 205.4 220.7 229.6 243.8 254.4 261.4 268.2 275.3 288.5 304.2 320.5 336.3 348.3 357.8 366.3 367.8 361.4 347.5 330.9 315.3 298 278.4 257.9 239.9 223.7 210.1 198.8 187.1 175.1 161 144.6 134.8 128.2 122.2 122.2 122.2 122.2 127.2 146.4 158.5 173.4 187.6 229 252.2 263.8 267.3 275 293.2 315.5 332.2 334.2 330.4 324.4 323.2 328.9 341.4 370.7 394.3 404.1 418.7 445.9 459.3 464.1 451.6 468.4 474.4 480 472.9 469.1 473.3 473.5 470.3
129.5 129.7 129.7 131.6 136.9 146.9 157.7 170.2 186.6 204.5 223.3 239.2 249.2 258.1 266.1 276.8 286.8 293.5 305.5 323.2 339.4 350.8 369.7 383.8 390.4 388.8 376.4 362.6 342.7 324.7 304.5 282.4 262.7 244.3 229.3 216.7 201.4 187.3 176.1 165.2 148.8 138.3 132.2 122.2 122.2 122.2 122.2 134.6 153.2 169.9 172.4 183 208.5 241.1 259.8 256.5 264.3 283.3 302 320.1 326.1 323.4 322.9 323.2 331 352.3 375.1 393 410.8 430.6 439 438 431.8 446.9 468.5 475.8 483.2 484.6 480 472.4 474.5 473.8
130 132.4 137.7 143.1 151.8 163.1 171.9 183.1 201.6 219.5 235.1 250.2 260.7 272.5 277.5 287.5 298.6 308.7 321.1 338 357.3 374.6 392.9 404.7 410.6 405.2 396.7 380.1 355.1 330.7 310.2 288.2 269.4 252.7 238.2 224.8 212.7 196.7 183.1 170.2 158.5 146.5 138.1 123.9 122.2 122.2 122.2 127.7 146.8 159.1 177 180 190.6 209.7 244.4 244.3 251.7 278.1 307.6 320.2 317.3 314.6 318.1 322.8 341.1 364.3 393.6 407.2 428.8 417.7 415.8 414.3 417.7 424.9 438.7 445 458.6 467.8 470.3 481.8 485.9 489.4
135.7 141.3 149.3 153.8 167.6 176.7 188.2 199.9 222.9 243.9 252 262.6 272.1 286.4 296.3 304.2 317.6 331.2 347.3 365.9 384 403.4 425.5 434.7 432.6 423.2 417.5 406.4 378.4 349.4 320.2 294.8 275.8 258.7 245.4 230.4 215.4 204.7 186.8 172.2 163.5 151.2 140.7 132.9 123.5 124.7 123.9 131.6 141.8 147.4 160.2 172.6 187.5 203.2 221 235 244.3 266.8 306.3 324.7 311.1 314.7 320.7 335.2 354.1 380.4 398.6 412.1 413.8 407.8 408.1 410.5 416.7 423.6 431.2 438.8 444.4 455.6 464.8 471.9 482.7 487.9
150 159 162.7 167.9 183 200.2 205.8 220.1 236.2 265.4 273.4 284.4 294.4 304.8 322.8 337.3 345.6 363.9 376.3 395.2 416.2 440.5 455.8 461.6 457.9 449.7 440.7 430.1 406.6 365.3 331.3 305.3 288.6 266.2 253.2 234.1 218.1 204.1 189.8 176.3 169.1 156 145.8 134.9 128.8 127.3 127.8 131.4 142 145 152.2 168.4 179.3 190.4 203.5 229.3 244.6 264.4 296.9 314.4 309.2 314.5 325.6 351.5 363.5 378.8 393.7 406.1 405.7 404.9 406.1 409.8 415.3 425.7 430.7 437.9 450.8 463.3 479.9 481.2 483.3 485.6
147.6 156.8 177.2 184.2 196 209.1 228.2 243.5 265 279.2 293.9 311.2 325.9 338.6 350.4 369.5 384.4 414.8 436.5 443.3 446.9 472.4 487.3 481.1 474.5 466 457.1 443.6 415.7 378.1 344.2 313.6 290.9 272.4 253.8 242 223.5 211.8 196.5 183.6 172.6 159.2 149 137.7 133.8 128.3 128.7 131.5 135.5 142.9 145.6 153.2 173.3 181.2 194.2 212.2 244.7 267.5 289.4 302.7 307.3 318.7 341 360.6 376.6 388.5 404.1 407.9 405.2 407.8 407.5 410.2 417 429.2 441.3 441.9 447.1 460 480 482.1 481.5 486.5
160.6 170.6 183 195 210.6 227 244.2 260.3 280.2 296.8 312.9 332.1 351.7 369.2 391.7 407.5 428.4 469.1 486.6 495.3 503.1 505.9 500.2 493.5 478.4 471.2 464.9 451 432.1 400.9 362.6 328.7 302.6 278.8 260.3 241.8 227.3 214.2 200.7 184.7 172.7 164.7 152.8 141.7 135.1 130.4 129.3 132.4 135.5 140.2 146.6 163.8 172.9 176.9 188.4 212.7 221.5 246.8 282 299.1 317 325.3 351.7 374 379.6 386.1 390.9 397.7 401.3 405.8 409.9 414.5 423.9 434.8 439.2 444.1 453.1 476 487.9 490.8 490.4 476.7
172.4 188.7 202.1 215.3 231.5 246.9 268.9 288.1 304.8 321 335.3 355.8 376.4 402 419.4 434.4 458.8 483.8 492.3 498.2 499.6 496.2 496.9 491.7 478 461.1 453 446.1 429 405.9 384.7 355.1 314.9 291 266.8 247.9 232.3 218 204.5 188.2 173.4 161.2 150.9 141.6 136.3 130.5 129 131.1 137.2 144.9 150.3 165.1 176.5 179.5 192.2 210.5 229.9 254.5 283.4 310.2 326.3 346.5 365.5 374.2 379.5 388 391.1 398.9 405.2 412.2 414.5 420.2 428.1 435.1 442.4 461.7 479.6 493.3 500.6 488.4 473.9 452.8
193.6 204.9 223.1 238.2 259.4 283.2 301.1 316.3 331.6 345.4 363.9 379.2 399.2 425.8 449.5 466.5 483.7 493.8 500.9 505.9 504.4 499.3 495 495.5 475.9 457.6 444 426.2 412.1 395.3 378.2 357.7 318.5 294.3 272.5 250.2 231.9 215.7 203 188.9 173.9 160.6 150.2 140.3 135.2 129.3 128.4 128.4 134.5 143.2 147.6 160.8 170.7 185.2 194.8 206.9 227.4 254.9 286.6 312.7 344.5 365.9 368.8 375.5 387.7 396.6 403.7 409.2 412.7 418.2 425.1 428.3 446.2 457.8 469.5 483 485.5 481.9 471.4 464.4 456.2 440.5
207.8 225.5 247.4 265.5 289.4 309.6 324.8 342.4 362.5 382.1 394.4 411.7 428.9 465.8 487.4 499.8 506.8 508.7 508 503.8 499.7 494.8 486.7 481.1 473.2 455.9 431.8 419.5 404.6 389.6 373.5 340.3 315.4 293.2 270.1 248.8 234 215.5 200.4 186.1 174.7 166.3 150.9 141.8 134.4 128.7 128.4 128.4 128.5 137.6 144 163.2 181.4 190 195.5 206.9 225.8 254.8 290.9 318.6 347.7 367.2 381.3 391.9 398.8 406.3 418.5 420.9 425.7 430.3 438.9 452.2 472 483.6 482.3 479.4 471.1 463.6 452.9 448.4 440.2 427.3
225.9 243.9 272.4 298 321.2 337.1 350.3 364.1 381.5 396.6 418.4 440.2 453.6 485.9 503.2 510.5 519.8 518.4 514.2 506.7 502.1 496.2 492.4 483.5 471 453.5 434.7 418.4 404 384.8 362.8 338.1 311.6 293.9 273.1 254.1 236 217.4 201 185.9 174.1 161.9 154.4 143.7 135.9 128.4 128.4 128.4 128.4 128.4 137.8 156.4 179.4 194.2 196.7 207.8 227.9 253.5 285.3 317.8 360.2 378.7 396.9 403.3 408.7 419.6 425.5 426.7 432.8 448.2 466.3 482.4 487.9 484 475.6 462 455 451.9 439.6 438.4 427.5 426.3
255.8 290.8 314.4 326.8 335.5 350.8 366.1 383.3 394.7 413.7 429.6 455.7 467.3 478.7 501.8 518.7 523.6 521 520 515.7 505.9 504 494.7 480.5 469.1 448.8 433.5 409.6 393.9 378 358.8 335.3 313.3 290.8 272.2 254.8 236.9 218.5 199.5 183.9 170.4 158.9 149.7 141.1 136.4 129.6 128.4 128.4 128.4 129.5 135.6 152 167.3 178 188.9 205.6 231.2 257.2 287.2 320.1 366.5 392 410.6 415.8 421 429.3 434.9 443.5 456.9 467.7 478.7 478.6 473.8 465 462.6 450.6 441.7 438.1 434.1 427.9 426.5 424.7
276.2 304.7 335.1 353.6 367.2 384.8 399.1 412.1 417.8 430.7 439.2 457.1 477.1 486.6 498.8 521.7 531.4 524.6 518.5 515.8 511 501.9 489 478.4 466.2 454.2 434.4 410.8 390.5 370.6 351.6 334.3 324.3 306.1 285.5 262.3 239.2 223.1 204.7 185.2 169.8 156.3 147.4 140.6 134.6 130.6 128.4 128.4 128.4 132.3 139.9 147.9 161.7 170.9 187.7 206.2 229.7 256.3 286.1 320.6 354.5 388.2 405.4 422.4 422 435.1 433.3 448.8 454.4 456.7 461.1 456.3 453.2 452.5 452.2 445.8 435.2 431.3 427.1 425.4 419.3 411.8
306.8 324.6 342.7 355.8 376.2 402.7 420.3 428.5 436.6 446.6 453.6 462.8 471.3 486.9 504.5 513.8 518.4 520.8 518 512.8 506.7 497.7 492.4 485.5 476 463 449.5 419.1 395.8 381.4 365.4 350.5 343.4 326.9 305 279 251.1 225.3 206.3 187.2 169.3 155.6 143.8 137.2 132.8 128.4 128.4 128.4 128.5 134.3 139.7 150.2 159.9 169.7 181.9 196.1 225.8 255.9 283.9 310.5 335 356.8 374.6 383.5 396.5 410.6 416.3 425.6 433.7 437.9 436 436.4 436.4 437.7 444.1 442.9 440.4 431.3 428.2 423.7 411.8 400.5
332.1 347.9 359.3 373.8 388.1 408.5 425.1 437.9 443.4 455.7 468.6 476.3 483.8 495.2 517.4 529.9 532.7 532.8 530.1 520.9 513.1 499.1 489.6 480.2 473.4 455.7 448.7 417.8 392.2 371.1 360.7 350 340.3 324.4 304.2 280.4 265.4 253.5 213 188.8 165.4 154.7 140.9 134.9 131.6 128.4 128.4 128.4 128.4 134 140 145.6 157.5 169.2 186.9 202 225.8 243.2 264.8 284.5 311.5 332.6 361.9 375.7 385.8 391 401.4 410.9 422 429.5 431.8 425.6 426.4 430.9 434.9 441.4 443.4 436.8 433.1 426.8 406.7 387.2
349.8 365.9 381.2 391 409.6 419.3 437.3 453 463.6 465.6 472.9 478.4 487.8 500.3 525.5 541.1 549.3 548.1 541.3 537.5 525 516.2 499.3 489 475.3 461.7 442.5 416.3 388.1 372.3 361.3 357.4 338 322.6 300 286.6 274 252.5 220.8 189.4 169.8 153.9 138.4 130.6 128.4 128.4 128.4 128.4 128.4 132.1 139.1 151.3 161.5 171 191 208.3 232.9 266.9 295.9 312.1 329.4 358 374.5 372.1 378.4 385.8 395.2 407.8 415.6 415.2 416.8 421.7 421.4 431 441.2 445.6 447.4 441.2 434.1 421.8 402.5 381.5
357.1 377.1 393.8 405.6 420.5 431.6 444.7 459.6 464 472.2 479.3 479.5 487.1 503.4 523.1 542.1 551.6 547.7 545.1 536.4 527.1 506.6 493.2 485.2 465.7 455.4 431.1 400.2 376.3 360.4 346.7 337.8 325.5 317.7 286.1 272.6 257.9 242.7 222.6 186 169.3 154 141.2 128.4 128.4 128.4 128.4 128.4 128.4 130 143.4 148.5 161.4 175.8 191.3 214.2 239.2 281.3 310.6 322 351.8 358.5 373.6 375.3 381.2 384.3 390.5 401.3 407.1 408.1 412.7 415.6 424.5 432.3 440.4 443.8 447.1 449.8 431.1 413.6 399.1 377.2
359.7 380.5 399.7 416.8 429 436.8 451 459.7 464.1 468.6 475.3 484.2 500.8 508.3 522.4 541.4 545.4 546.7 537.6 522.3 509.3 496.5 479.4 469.1 465.8 442.8 407.5 382.6 360.9 345 328 317.4 302.3 285 264 248.7 234.6 219.9 199.5 184.6 169.3 152.3 140.8 129.5 128.4 128.4 128.4 128.4 128.4 128.4 136.7 149.4 163.7 175.9 190.3 213.2 241.2 271.3 308.1 334.5 361.9 373.3 375.3 379.5 383.1 389.9 391.3 397.4 404.2 407.3 408.9 421.1 433.8 436.2 441.5 450.7 452.9 448.7 427.5 418 397.7 372.5
376.8 381.1 397.3 419.4 430.8 449.9 463.2 463.1 464.5 469.9 474.5 489.2 512 517.2 520.1 531.8 544.9 542.6 533.7 519.3 494.9 475.7 459.1 454.9 445 424.2 395.1 368.5 350 331.1 313.2 298.2 287.2 268.1 253.2 241.7 227.2 213 200.5 184.3 169.9 156.5 143.6 133.2 128.4 128.4 128.4 128.4 128.4 128.4 142.3 156.4 162.6 174.5 193.7 215.3 241.8 271.7 305.9 344.9 371.9 383.2 389.5 393.1 391.8 394 398.3 400.4 405.2 413.5 419.3 433 442.8 442.8 443 455.3 452.4 443.5 433.9 419.7 396.1 370.3
388.7 397.6 401.7 416.6 431.5 451.2 465.6 467.2 469.1 471.9 481.3 492.3 511.1 518 521.6 530.2 537.5 540 529.9 514.9 489.5 471.1 454.5 440.4 425 405.1 379.5 360.3 338 320.2 304.2 288.4 272.6 258.9 247.8 238.4 222.4 212.6 202.4 186.4 168.5 159.9 148.8 140.1 128.9 128.4 128.4 128.4 128.4 128.4 130.9 145.2 153.2 172.5 193.1 215.7 243.6 273.1 309.6 365.6 382.5 391.2 391.7 394.3 401 406.2 404.7 408.5 419.3 430.6 431.5 443.4 452.5 449.4 448.9 448.6 447.5 443.8 436.1 417.4 397.7 378.9
420.1 420.1 422.5 429.8 440.1 449.3 462.2 468.8 475.8 482.9 492.7 509.9 517.1 521.9 526.7 530.9 532.9 530.3 525.3 510.7 488.6 475 453.4 437.4 418.6 398.7 374.1 351 332 317.8 297.8 284.3 271.3 258.8 251.6 242.3 228.4 218 202.1 187.4 170.6 164.7 153.7 145.2 132.3 130.1 128.4 128.4 128.4 128.4 131.3 142.1 155.2 169.3 189.8 214.7 247.5 284.1 320 356.2 377.9 387 394.5 400.4 406.1 409 412.7 431.4 440.9 441.4 439.2 444.1 451.7 453.9 453.4 449 450.6 443.8 435.1 420.8 400.4 395.9
466.5 456.3 455.5 458.3 456 461.1 467.8 476.5 481.6 489.1 500.8 510.9 525.7 528.6 531.3 536.8 536.5 534.1 520 504.6 481.6 463.8 445.8 426 410.3 389.1 366.6 350.7 329.9 311.5 298.1 280.3 266.7 256 250.7 248 236.5 220.8 210.9 197 182.2 164.1 153.2 141.1 133.3 130.6 128.4 128.4 128.4 128.4 128.4 143.2 157.9 171 187.1 213.7 245.4 282.5 336.1 370.2 385.6 397.1 406.5 414 416.6 420.7 442.8 447.3 451.5 450.8 448.6 447.8 448.9 453.7 454.8 448.1 440.8 433.2 434.7 427.5 399.5 411.8
487.5 499.2 496.6 484.5 478.2 476.3 480.1 487.1 491.8 498.5 505.5 517.8 534.8 538.5 540.5 543.7 539.1 530.2 514.2 496.9 479.5 463.2 449.5 430.3 411.3 394.7 371.1 353.2 332.3 314.7 299.8 283.4 265.6 257.8 250.1 243 238.7 229.5 217.1 205.9 190.8 167.1 158.4 152.3 133.9 129.1 128.4 128.4 128.4 128.4 128.4 137.3 161 173.2 182.5 208.1 242.3 301.1 328.3 376.8 395.6 404.1 414.1 422.7 427.3 446.6 460.9 462.6 458.6 459 456.5 458.4 447.9 446 448.1 440.6 436.2 429.4 426.8 422.9 413.2 415.9
494.6 507.5 518 516.7 511.3 497.2 496.7 496.8 503.5 504.9 513 524.8 539.1 548.2 551.9 553.5 545.3 527 510.7 495.4 478.3 462.6 448.9 434.1 421.9 403.6 375.8 353.8 335.1 314.3 297.7 281.5 270.1 256.7 246 237.4 233.3 229.7 221.6 205.6 192.7 180.1 166.4 151 134.8 128.4 128.4 128.4 128.4 128.4 128.4 131.2 152.7 169.5 186.8 211.8 240.7 276.1 322.3 373.3 393.3 407.9 417.5 427.5 447.3 459.3 467.7 469.8 465.6 463.3 453.4 448.6 445 439.4 441.2 436.3 433.2 430 425.9 427.9 426.1 421.4
507.7 513.3 516.2 521.6 522.4 521 515.7 511.2 514.3 516.2 523.5 534.5 553.2 560.7 559.3 554.3 540.4 518.6 501.9 485.7 468 452.6 437.7 422.7 405.4 391.6 371.6 349.2 335.3 317.5 298.4 279 266.7 252.1 241.4 234.7 226.5 222.6 220.9 214.3 204.8 190.6 180 153.2 135.5 128.4 128.4 128.4 128.4 128.4 128.4 128.6 144.3 162.1 182.9 208.6 239.2 271.5 335.9 364.9 400 416.8 428 431.9 448.1 463.3 467.6 469.8 467 460 458.7 451.8 444.7 440.9 437.1 439.1 438.8 436.7 443.5 436.4 442 451.4
