app/static/ascii/NM69.asc
ncols 200
nrows 200
xllcorner 160000
yllcorner 790000
cellsize 50
[rows 152 to 189 of 200, columns 85 to 169 of 200]
-1.8 -1.8 -1.8 -1.8 -1.8 -1.8 -1.8 -1.8 -1.8 -1.8 -1.8 -1.8 -1.8 -1.8 -1.8 -1.8 -1.8 -1.8 -1.8 -1.8 -1.8 -1.8 -1.8 -1.8 -1.8 -1.8 -1.8 -1.8 -1.8 -1.8 -1.8 -1.8 -1.8 -1.8 -1.8 -1.8 -1.8 -1.8 -1.8 -1.8 0.9 3.8 15.9 16.3 18.3 41.7 64.3 66.4 53.3 40.5 38.4 37.8 53.3 50.3 38.8 34.5 31 29.1 16.8 4.8 3.7 2.7 3.5 3.4 1.8 -0.1 -1.8 -1.8 0.9 12.5 29.5 17.6 11.3 22.6 39.9 35.6 27.6 20.4 15.4 22.1 33.1 20.2 16.2 11.9 11.3
-1.8 -1.8 -1.8 -1.8 -1.8 -1.8 -1.8 -1.8 -1.8 -1.8 -1.8 -1.8 -1.8 -1.8 -1.8 -1.8 -1.8 -1.8 -1.8 -1.8 -1.8 -1.8 -1.8 -1.8 -1.8 -1.8 -1.8 -1.8 -1.8 -1.8 -1.8 -1.8 -1.8 -1.8 -1.8 -1.8 -1.8 -1.8 -1.8 -0.1 1.5 3.6 19.9 25.7 27.9 43.1 66.2 81.2 65.1 45.1 38.2 37.8 40.6 48.1 34.6 28.6 29 26.4 19.5 10.2 8.6 4.5 4 5.1 3.1 0.8 -1.8 -1.8 0.1 2.4 22.1 13.8 8.1 12 27.6 30.9 27.8 20.5 13.2 20.2 23.9 17.1 14.9 10.8 11
-1.8 -1.8 -1.8 -1.8 -1.8 -1.8 -1.8 -1.8 -1.8 -1.8 -1.8 -1.8 -1.8 -1.8 -1.8 -1.8 -1.8 -1.8 -1.8 -1.8 -1.8 -1.8 -1.8 -1.8 -1.8 -1.8 -1.8 -1.8 -1.8 -1.8 -1.8 -1.8 -1.8 -1.8 -1.8 -1.8 -1.8 -1.8 -1.8 1 3.1 7.2 11.9 35.6 40.6 43 71.5 84 77.3 55.1 36.4 34.7 33.8 33 31.1 21.2 22.7 22.7 20.7 17.3 15.8 9.4 4.5 7.4 5.3 1.5 -1.8 -1.8 -0.4 1.4 6.3 4.7 3.4 5.2 13.3 22.6 19 17.6 5 4.6 8.3 10.1 10.5 11.3 11.2
-1.8 -1.8 -1.8 -1.8 -1.8 -1.8 -1.8 -1.8 -1.8 -1.8 -1.8 -1.8 -1.8 -1.8 -1.8 -1.8 -1.8 -1.8 -1.8 -1.8 -1.8 -1.8 -1.8 -1.8 -1.8 -1.8 -1.8 -1.8 -1.8 -1.8 -1.8 -1.8 -1.8 -1.8 -1.8 -1.8 -1.8 5.7 2.4 2.4 7.4 5.6 11.2 38.5 57.5 47 62.6 80.9 80.8 64.5 52.1 33.4 29.2 25.4 20.8 14.8 16.1 19.1 20.9 20.3 21.7 16.5 8 8.1 10.7 2.4 0.3 -1.8 -1.8 0.7 1.9 3 2.4 -1.8 -1.8 -1.8 -1.8 1.7 5.2 15.1 11.8 19 21 19.1 17.9
-1.8 -1.8 -1.8 -1.8 -1.8 -1.8 -1.8 -1.8 -1.8 -1.8 -1.8 -1.8 -1.8 -1.8 -1.8 -1.8 -1.8 -1.8 -1.8 -1.8 -1.8 -1.8 -1.8 -1.8 -1.8 -1.8 -1.8 -1.8 -1.8 -1.8 -1.8 -1.8 -1.8 -1.8 -1.8 -1.8 -1.8 5.2 13.3 8.9 8.6 7.6 10.2 28.7 54.3 62.4 58.1 79.4 78.3 66.3 60.8 45.6 30.5 22.3 17.1 13.5 14 15 21.5 28 30.8 23.6 12.6 8.8 13.7 9 4.5 -1.8 -1.8 -0.1 0.3 0.7 -1.8 -1.8 -1.8 -1.8 -1.8 17 20.1 29.4 24.6 15.2 22.5 30.1 28.6
-1.8 -1.8 -1.8 -1.8 -1.8 -1.8 -1.8 -1.8 -1.8 -1.8 -1.8 -1.8 -1.8 -1.8 -1.8 -1.8 -1.8 -1.8 -1.8 -1.8 -1.8 -1.8 -1.8 -1.8 -1.8 -1.8 -1.8 -1.8 -1.8 -1.8 -1.8 -1.8 -1.8 -1.8 -1.8 -1.8 -1.8 5.4 19.8 19.2 8 6.5 9.5 13.6 38.9 62.9 61.9 65.9 69.7 63 58.6 51.9 31.3 19.8 15.5 12.7 12.9 13 23.7 30 31.2 25.1 13.2 9.6 13.1 14 10.5 -1.8 -1.8 -1.2 -1.2 -1.8 -1.8 -1.8 -1.8 -1.8 11.4 24.3 36.3 39.8 33.6 17.3 24.2 32.4 35.5
-1.8 -1.8 -1.8 -1.8 -1.8 -1.8 -1.8 -1.8 -1.8 -1.8 -1.8 -1.8 -1.8 -1.8 -1.8 -1.8 -1.8 -1.8 -1.8 -1.8 -1.8 -1.8 -1.8 -1.8 -1.8 -1.8 -1.8 -1.8 -1.8 -1.8 -1.8 -1.8 -1.8 -1.8 -1.8 -1.8 -1.8 -1.8 19 22.2 15.7 7.6 10 12.7 23.2 51.6 65.4 63.2 63.1 54.9 49.2 48.3 32.6 19.3 12.1 11.6 11.7 11.8 27.3 37.9 37.6 27 18 9.9 11.8 12.8 13.9 6.7 -1.8 -1.8 -1.8 -1.8 1.5 10.6 -1.8 0.9 15.4 31.4 43 46.1 35.4 19.8 21.5 33.1 50
-1.8 -1.8 -1.8 -1.8 -1.8 -1.8 -1.8 -1.8 -1.8 -1.8 -1.8 -1.8 -1.8 -1.8 -1.8 -1.8 -1.8 -1.8 -1.8 -1.8 -1.8 -1.8 -1.8 -1.8 -1.8 -1.8 -1.8 -1.8 -1.8 -1.8 -1.8 -1.8 -1.8 -1.8 -1.8 -1.8 -1.8 -1.8 3.6 16.1 18.4 10.4 11.4 13.3 24.8 38.4 57.6 49.8 45.9 49 42.8 40.8 29.1 18.3 11.3 10.6 10.8 13 29.8 40.7 40.9 30.1 22.5 13 11.5 12.9 20.4 13.9 2.9 1 0.3 1.6 8.7 11.3 2.4 2.4 16.3 29.8 32.9 33.1 31.1 23.6 28.7 31.5 54.2
-1.8 -1.8 -1.8 -1.8 -1.8 -1.8 -1.8 -1.8 -1.8 -1.8 -1.8 -1.8 -1.8 -1.8 -1.8 -1.8 -1.8 -1.8 -1.8 -1.8 -1.8 -1.8 -1.8 -1.8 -1.8 -1.8 -1.8 -1.8 -1.8 -1.8 -1.8 -1.8 -1.8 -1.8 -1.8 -1.8 -1.8 -1.8 -1.8 6.8 5.9 -1.8 6.1 12.1 25.3 28.2 35.5 26.5 27.9 30.6 34 29.8 22.3 14.3 11.1 10.2 10.8 12.6 32 45.7 49 39.9 30.6 17.1 11.9 13.6 25.7 21.1 10 3 2.4 6.6 22.4 13 2.4 2.4 19.4 45.3 41.2 36.8 31.2 26.5 29.7 30.2 41.5
-1.8 -1.8 -1.8 -1.8 -1.8 -1.8 -1.8 -1.8 -1.8 -1.8 -1.8 -1.8 -1.8 -1.8 -1.8 -1.8 -1.8 -1.8 -1.8 -1.8 -1.8 -1.8 -1.8 -1.8 -1.8 -1.8 -1.8 -1.8 -1.8 -1.8 -1.8 -1.8 -1.8 -1.8 -1.8 -1.8 -1.8 -0.6 -1.8 2.4 2.5 -1.8 -1.8 4 23.3 21.9 16.5 12.3 14.5 16.7 20.3 20 14.6 10.4 11.9 11.4 12 11.9 28.4 52.6 57.6 49.1 36.1 22.7 12.8 15.3 27 22.5 17.1 16.5 8.5 12.7 31.3 15.4 12.6 10.2 22.4 55.4 59.5 48.6 40.6 29.3 29.3 30 37.1
-1.8 -1.8 -1.8 -1.8 -1.8 -1.8 -1.8 -1.8 -1.8 -1.8 -1.8 -1.8 -1.8 -1.8 -1.8 -1.8 -1.8 -1.8 -1.8 -1.8 -1.8 -1.8 -1.8 -1.8 -1.8 -1.8 -1.8 -1.8 -1.8 -1.8 -1.8 -1.8 -1.8 -1.8 -1.8 -1.8 -0.2 1 1.8 4.9 4.2 6.1 -1.8 4.3 15 22 16.9 9 9.1 14.7 20.6 13.4 10.1 10.1 10.3 10.3 11.7 13.3 25.6 53.1 60.6 51.6 40.3 27.7 19 21.3 29.5 24.2 19.2 18.4 13.5 16.6 27.4 16.2 10.1 8.8 23.9 57.1 58.7 51.3 49.5 41 31.7 30.7 30.1
-1.8 -1.8 -1.8 -1.8 -1.8 -1.8 -1.8 -1.8 -1.8 -1.8 -1.8 -1.8 -1.8 -1.8 -1.8 -1.8 -1.8 -1.8 -1.8 -1.8 -1.8 -1.8 -1.8 -1.8 -1.8 -1.8 -1.8 -1.8 -1.8 -1.8 -1.8 -1.8 -1.8 -1.8 -1.8 -0.5 0.6 1.8 4.2 15.9 7.5 7 2.7 2.9 7.2 19.2 18 10.2 9 9.6 15.7 10 9.5 8.9 8.7 9.3 10 10.6 12.8 29.7 45.4 48.5 43.1 31.8 23.9 29.8 34.7 23 18.9 20.2 23.9 30.4 20.7 13.9 7.7 6.9 24.5 41.3 48 56.3 57.6 49.3 42.5 32.9 32.2
-1.8 -1.8 -1.8 -1.8 -1.8 -1.8 -1.8 -1.8 -1.8 -1.8 -1.8 -1.8 -1.8 -1.8 -1.8 -1.8 -1.8 -1.8 -1.8 -1.8 -1.8 -1.8 -1.8 -1.8 -1.8 -1.8 -1.8 1.6 -1.8 -1.8 -1.8 -1.8 -1.8 -1.8 0 0.5 1.4 3.4 12 8.5 4.4 13.3 5.5 3.4 8.3 14 14.9 14.2 9.6 9.5 9.8 10.2 10.3 8.7 8.8 9.4 9.8 10.9 12.6 15 34.8 43.3 41 33.2 28 30.6 35.2 25.7 19.2 23.3 34.1 33.2 22.5 13.6 8.3 14.2 19.7 37 44.7 50.7 53.6 57.5 54 40.4 40.6
-1.8 -1.8 -1.8 -1.8 -1.8 -1.8 -1.8 -1.8 -1.8 -1.8 -1.8 -1.8 -1.8 -1.8 -1.8 -1.8 -1.8 -1.8 -1.8 -1.8 -1.8 -1.8 -1.8 -1.8 3 -1.8 2.4 2.4 0.6 -1.8 -1.8 -1.8 -1.8 0.5 2.5 2.4 2.4 12.9 9.3 6.6 5.6 12 13.4 2.3 5.8 13.7 14.2 12.9 11 10.6 10.3 10.5 10 10.6 9.9 9.3 9.5 10 13.3 17.3 42.3 47.8 39.7 31.6 29.3 29.3 30.1 21.3 20.1 31.1 38.3 23.1 34.7 18.7 11.6 17.9 22.4 26.9 43.5 45.7 49.9 54 52.4 46.9 49.9
-1.8 -1.8 -1.8 -1.8 -1.8 -1.8 -1.8 -1.8 -1.8 -1.8 -1.8 -1.8 -1.8 -1.8 -1.8 -1.8 -1.8 -1.8 -1.8 -1.8 -1.8 -1.8 -1.8 -1.8 -1.8 -1.8 -1.8 -1.8 2.4 1.7 0.8 0.2 0.9 3.5 3.5 4 8.7 9.3 7 5.4 6.2 7 12.2 5.7 5.3 8.3 13.9 12.4 12.5 11.3 9.9 7.6 8.4 8.4 9.3 9 9 9.5 10.5 17.1 38.7 50.7 45.2 34.9 29.7 27.1 27.6 20.7 21.5 29.4 24.2 47.5 37.8 20.3 14.6 30.3 23.2 26.7 33.7 39.4 48.1 53.5 56.4 50.9 51.6
-1.8 -1.8 -1.8 -1.8 -1.8 -1.8 -1.8 -1.8 -1.8 -1.8 -1.8 -1.8 -1.8 -1.8 -1.8 -1.8 -1.8 -1.8 -1.8 -1.8 -1.8 -1.8 -1.8 -1.8 -1.8 -1.8 -1.8 -1.8 2.4 2.4 2.8 2 2.4 9.9 3.2 4.6 6 6.4 5.9 6.4 7 7.8 11.7 15.1 4.6 3.6 5.1 11.1 12 12.6 7.4 8.2 10.4 9.7 10 9 9.1 9.5 10.2 14.2 25.4 40.9 41.3 34.3 28.7 24.9 23 18.9 24.7 25.3 50.1 59 40.4 22.8 18.6 24.9 25.1 28.1 32.3 33.8 40.3 50.5 51.9 52.7 42.3
-1.8 -1.8 -1.8 -1.8 -1.8 -1.8 -1.8 -1.8 -1.8 -1.8 -1.8 -1.8 -1.8 -1.8 -1.8 -1.8 -1.8 -1.8 -1.8 -1.8 -1.8 -1.8 -1.8 -1.8 -1.8 -1.8 -1.8 -1.8 -1.8 -1.8 4.4 2.1 8.3 2.5 5.1 7.3 7.8 6.6 6.8 7.5 8 9.6 10.5 19.6 8.2 5.5 5 5.9 7.1 6.6 6.6 7.1 14.5 15.6 14.9 10.9 9.7 10.3 11.6 14.9 26.7 38.3 40.8 32.8 28.8 25.1 22.2 25.8 22 29.6 46 51.1 47 25.4 19.9 30.5 29.2 29.9 38 31.2 36.2 41.2 42.4 43.8 37.7
-1.8 -1.8 -1.8 -1.8 -1.8 -1.8 -1.8 -1.8 -1.8 -1.8 -1.8 -1.8 -1.8 -1.8 -1.8 -1.8 -1.8 -1.8 -1.8 -1.8 -1.8 -1.8 -1.8 -1.8 -1.8 -1.8 -1.8 -1.8 -1.8 -1.8 -1.8 2.4 6.5 5.4 6.1 10.3 12.2 8.5 14.5 12.8 11.5 10.6 10.9 16.5 14.1 6.1 6.7 8.5 8.1 6 5.3 7.2 19.4 20.6 20 15.3 10.2 11.1 12 16.2 29.4 47.5 49.3 37.4 30.1 27.7 21.4 19.6 21.6 29.4 56.5 59.8 49.1 21.6 29 31.2 29.9 31 30.7 28.7 30.9 34 32.5 37.6 31.5
-1.8 -1.8 -1.8 -1.8 -1.8 -1.8 -1.8 -1.8 -1.8 -1.8 -1.8 -1.8 -1.8 -1.8 -1.8 -1.8 -1.8 -1.8 -1.8 -1.8 -1.8 -1.8 -1.8 -1.8 -1.8 -1.8 -1.8 -1.8 -1.8 -1.8 -1.8 3.8 5.7 7.5 9 13.3 18.6 14 15.8 15.9 12.6 11.4 11.8 18.2 20 8.6 9.1 12.5 17.5 17.6 11.8 6.3 20.8 20 20.7 15.9 10.6 12.3 12.5 16.9 31.1 48.7 49.3 39.7 31 24.8 22.9 21.7 23 28.2 52 52.9 34.7 21.6 31.3 35.2 34.1 31.3 39.8 27.1 29.3 31 30.4 29.5 28.1
-1.8 -1.8 -1.8 -1.8 -1.8 -1.8 -1.8 -1.8 -1.8 -1.8 -1.8 -1.8 -1.8 -1.8 -1.8 -1.8 -1.8 -1.8 -1.8 -1.8 -1.8 -1.8 -1.8 -1.8 -1.8 -1.8 -1.8 -1.8 -1.8 -1.8 -1.8 2.4 4.7 9.1 8.3 9.7 15.8 16.5 17.4 18 15 12.8 13.3 19.2 22.7 17.6 14.2 15.5 18.9 16.6 13.9 6.4 12.5 18 20.9 16.7 11.2 15.6 16.8 24 34.3 48.1 36.7 41 29.8 25.7 24 22.8 22.4 33.5 44.6 46.4 29.3 23.4 36.2 39.3 41.3 35.6 36.1 26.7 25.2 27.7 29.7 27.8 25
-1.8 -1.8 -1.8 -1.8 -1.8 -1.8 -1.8 -1.8 -1.8 -1.8 -1.8 -1.8 -1.8 -1.8 -1.8 -1.8 -1.8 -1.8 -1.8 -1.8 -1.8 -1.8 -1.8 -1.8 -1.8 -1.8 -1.8 -1.8 -1.8 -1.8 -1.8 2.9 6.4 9.8 11.7 13.4 13.6 16.3 16.9 19.8 18 16.9 17.2 23.8 28.7 24.7 21.3 21 20.8 18.3 11.7 8.5 7.2 11.9 17.3 16.1 12.9 18.8 27.1 38.5 43 40.6 44.8 41.1 33.2 26 24.3 23 23.4 42 50 42 24 28.1 48 52.2 50.8 36.7 27.6 23.8 23.9 24.7 26.5 24.7 22.4
-1.8 -1.8 -1.8 -1.8 -1.8 -1.8 -1.8 -1.8 -1.8 -1.8 -1.8 -1.8 -1.8 -1.8 -1.8 -1.8 -1.8 -1.8 -1.8 -1.8 -1.8 -1.8 -1.8 -1.8 -1.8 -1.8 -1.8 -1.8 -1.8 -1.8 -1.8 3.3 7.7 9.7 9.3 10.8 12.4 18.6 19 20.7 26.2 30.1 29.1 38.9 51.7 42.4 31.6 40.3 35.8 26 16.4 13.9 7.4 9.6 13.4 12.2 12.6 19.6 29.3 37.1 44.8 52.5 48.6 39 35.3 26.7 25 23.6 26 39.1 46.6 34.2 23.5 30.1 53.2 59.9 59.3 36.8 29.7 25.1 20.9 22 23.3 21.9 20.4
-1.8 -1.8 -1.8 -1.8 -1.8 -1.8 -1.8 2.4 1.9 -0.3 -1.8 -1.8 -1.8 -1.8 -1.8 -1.8 -1.8 -1.8 -1.8 -1.8 -1.8 -1.8 -1.8 -1.8 -1.8 -1.8 -1.8 -1.8 -1.8 -1.8 -1.8 -1.8 3.1 4.4 5.2 9.1 13.9 12.8 12.6 16.1 30 33 39.8 50.7 60.8 54.1 39.5 48.8 51.2 43.1 25.7 21.1 9.9 8.2 10 12.7 13.3 23.3 30.3 43.8 44.7 57.5 53.2 41.6 33 27.3 25.4 25.6 29 39.2 39.1 25.9 22.6 32.2 51.2 59.8 52.5 37.7 28.4 22.2 18.5 20.6 20.7 20.4 20.3
-1.8 -1.8 -1.8 -1.8 -1.8 -1.8 0.8 1.8 2.4 0.8 -1.8 -1.8 -1.8 -1.8 -1.8 -1.8 -1.8 -1.8 -1.8 -1.8 -1.8 -1.8 -1.8 -1.8 -1.8 -1.8 -1.8 -1.8 -1.8 -1.8 -1.8 -1.8 1.6 2.4 3.5 6.9 13.3 9.7 11.4 13.6 21.8 31.5 37.1 46.1 56.1 54.2 45.4 46.8 58.1 57.2 40.6 29.5 17.7 10.1 10.2 12.7 14 21.5 27.9 50.1 52.9 60 60.6 47.7 36.2 30.5 30.8 28.1 36.4 39.4 32.6 24.2 22.6 35.3 58.4 59 49.5 37.2 23.7 18.8 18.4 18.2 18.4 18.6 18.9
-1.8 -1.8 -1.8 -1.8 -1.8 -1.8 -0.6 0.6 1.9 2 -1.8 -1.8 -1.8 -1.8 -1.8 -1.8 -1.8 -1.8 -1.8 -1.8 -1.8 -1.8 -1.8 -1.8 -1.8 -1.8 -1.8 -1.8 -1.8 -1.8 -1.8 -1.8 1.4 1.8 2.9 5.8 11.3 9.9 14.5 16.9 27.9 31.6 36.2 38.9 45.5 49.8 49.6 48.8 58.5 60.8 50.1 41.4 22 14.3 11.5 14.2 17.2 22.8 43.2 55.5 59.2 60.7 61.3 49.8 37 31.2 30.9 31 39.3 36.5 30.2 24 23.6 38.3 48 52.4 44.4 32.9 19.1 18.1 17.7 17.8 17.9 17.9 18.1
-1.8 -1.8 -1.8 -1.8 -1.8 -1.8 -1.8 -1.8 -1.1 -1.8 -1.8 -1.8 -1.8 -1.8 -1.8 -1.8 -1.8 -1.8 -1.8 -1.8 -1.8 -1.8 -1.8 -1.8 -1.8 -1.8 -1.8 -1.8 -1.8 4.7 1.3 1.4 2.4 16.5 9.1 6.4 13.9 19.7 30.6 35.3 44 40 39.6 40.2 50.4 61 59.7 56.4 59.3 58.2 51 39.5 25.3 17.4 14.3 17.8 23.4 28.7 47.5 60.8 60.4 60.6 59.3 47.3 38.4 33.8 32 32.5 37.5 40.5 33.7 25.6 29.4 39.3 43.2 44.7 39.2 29.1 18.5 17.3 17.4 17.5 17.7 17.8 17.6
-1.8 -1.8 -1.8 -1.8 -1.8 -1.8 -1.8 -1.8 -1.8 -1.8 -1.8 -1.8 -1.8 -1.8 -1.8 -1.8 -1.8 -1.8 -1.8 -1.8 -1.8 -1.8 -1.8 -1.8 -1.8 -1.8 -1.8 -1.8 -1.8 3.7 2.4 1.2 3.5 15 19.8 14.2 14.4 21 32.6 39.9 49.5 41.7 41.1 48 62.8 70.5 69.8 61 66.2 60.1 56.2 45.7 31.7 22.5 16.3 20.3 28.2 33.5 50.5 50.5 58.3 69.1 70 59 43.9 38.8 37.3 37.5 38.8 40.8 35 26.5 33.9 40.6 40.7 41.1 35.7 23.4 17 17 17.2 17.3 17.4 17.5 17.7
-1.8 -1.8 -1.8 -1.8 -1.8 -1.8 -1.8 -1.8 -1.8 -1.8 -1.8 -1.8 -1.8 -1.8 -1.8 -1.8 -1.8 -1.8 -1.8 -1.8 -1.8 -1.8 -1.8 -1.8 -1.8 -1.8 -1.8 -1.8 -1.8 3 7 6.9 7.3 15.1 19.8 17.8 15.4 20.4 30.1 29.9 38.3 36.6 41.7 50.2 62.4 68.4 71.2 69.1 69.9 69 60.1 50.5 35.6 23.9 18.5 22.8 28.5 36.1 54.8 67.6 66.1 72.7 80.6 74.4 60.7 50.3 51.1 48.2 41.6 40.2 34 26.5 32.8 40.9 40.5 40.6 31 16.6 17.4 17.3 17.3 17.2 17.3 17.4 17.4
-1.8 -1.8 -1.8 -1.8 -1.8 -1.8 -1.8 -1.8 -1.8 -1.8 -1.8 -1.8 -1.8 -1.8 -1.8 -1.8 -1.8 -1.8 -1.8 -1.8 -1.8 -1.8 -1.8 -1.8 -1.8 -1.8 -1.8 -1.8 -1.8 2 3.2 5.9 7 16.1 20.8 19.3 19.6 21.1 29.2 29.3 28.3 30.3 39.1 45.2 51.7 60.9 76.1 79.1 80 72.2 59 51.3 39.9 27.4 22.4 26.8 33.7 45.5 55.9 71.6 73.1 75.5 87.6 81.1 75 64.2 57.9 59.4 50.4 38.6 28.4 25.7 29.3 39.1 40.6 38.5 28 17.1 17.8 17.7 17.7 17.6 17.6 17.5 17.5
-1.8 -1.8 -1.8 -1.8 -1.8 -1.8 -1.8 -1.8 -1.8 -1.8 -1.8 -1.8 -1.8 -1.8 -1.8 -1.8 -1.8 -1.8 -1.8 -1.8 -1.8 -1.8 -1.8 -1.8 -1.8 -1.8 -1.8 -1.8 -1.8 -1.8 2.5 5.3 5.6 9 19.8 19.7 20.6 26.6 23.7 24.2 23.9 29.2 36.8 42.7 50.3 59.5 78.3 79.5 79.3 80.1 69.9 62.2 48 33.6 28.7 32.5 40 47.7 54 67.7 73.6 75.9 81.2 80.6 90.5 77.9 58 59.5 53.7 34.5 24.2 23.7 24.8 36.2 40.5 40.7 23.5 16.7 17.5 17.9 17.8 17.8 17.7 17.7 17.7
-1.8 -1.8 -1.8 -1.8 -1.8 -1.8 -1.8 -1.8 -1.8 -1.8 -1.8 -1.8 -1.8 -1.8 -1.8 -1.8 -1.8 -1.8 -1.8 -1.8 -1.8 -1.8 -1.8 -1.8 -1.8 -1.8 -1.8 -1.8 -1.8 -1.8 2.4 4.8 5.3 7.9 12.9 13.9 18.2 19.6 19.4 20.5 20.5 24.1 26.7 32.6 43.5 50.7 60.7 71.2 80.5 88.3 77.7 68 53.9 38.1 35.2 44.5 49.3 49.9 58.6 71.1 73.8 77.8 79.6 89.7 96.6 88.9 58.8 55.9 51.5 32.8 21 23.4 23.7 29.1 34.5 32.4 18.1 15.4 16.2 17 17.8 17.9 17.8 17.8 17.7
-1.8 -1.8 -1.8 -1.8 -1.8 -1.8 -1.8 -1.8 -1.8 -1.8 -1.8 -1.8 -1.8 -1.8 -1.8 -1.8 -1.8 -1.8 -1.8 -1.8 -1.8 -1.8 -1.8 -1.8 -1.8 -1.8 -1.8 -1.8 -1.8 2.3 2.4 5.6 4.3 7.8 12.5 15.8 18.6 22.7 18.1 18.2 18.7 19.9 21.3 26.8 34.3 46.6 62.5 74.1 77.6 89.3 84.6 75 61.6 42.5 34.7 50.9 50.2 54.3 63.7 74.6 80.7 79.2 81.5 97.6 101.6 89.8 67.9 48.3 45.2 32.7 18.3 22.5 20.8 21.7 26.3 23.5 15.1 15.4 15.7 16 16.5 17.3 17.9 17.8 17.8
-1.8 -1.8 -1.8 -1.8 -1.8 -1.8 -1.8 -1.8 -1.8 -1.8 -1.8 -1.8 -1.8 -1.8 -1.8 -1.8 -1.8 -1.8 -1.8 -1.8 -1.8 -1.8 -1.8 -1.8 -1.8 -1.8 -1.8 -1.8 0.4 2.5 5.5 7.9 16.8 13.7 27.3 25.6 22.2 20.1 17.2 17.3 18.2 19.4 20.5 25.7 39.4 53.8 55.8 69.4 74.4 89.4 90.5 81.7 65.7 52.2 41.1 58.3 53.8 58.6 57.1 73.6 80.2 80.7 86.1 98.7 102.6 86.9 71.6 43.8 35.9 25.5 16.5 22.7 19.8 16.1 17 14.3 15.2 15.5 15.7 16 16.3 16.6 16.9 17.6 17.9
-1.8 -1.8 -1.8 -1.8 -1.8 -1.8 -1.8 -1.8 -1.8 -1.8 -1.8 -1.8 -1.8 -1.8 -1.8 -1.8 -1.8 -1.8 -1.8 -1.8 -1.8 -1.8 2.4 1.8 -1.8 -1.8 -0.3 1.4 2.4 5 13 15.3 16.7 17.4 23.8 24.1 20.4 18.4 16.2 15.7 16.8 18.6 21 26.1 40 52.7 55 63.7 69.1 80.4 86.6 84.5 71.2 57.7 47.8 59.7 59 60.7 64 80.7 81 82.1 85.8 95.2 97.3 79.8 66.2 45.5 31 22.7 15.3 16.6 17.7 14.9 13.9 14.3 15.2 15.7 15.9 16.1 16.4 16.7 17 17.2 17.5
-1.8 -1.8 -1.8 -1.8 -1.8 -1.8 -1.8 -1.8 -1.8 -1.8 -1.8 -1.8 -1.8 -1.8 -1.8 -1.8 -1.8 -1.8 -1.8 -1.8 -1.8 -1.8 -1.8 2 0 -0.3 0.2 1.8 2.8 5 12.8 19.6 18.9 16.6 18.8 21.2 17.3 15.6 15.6 15 15.9 17.7 20.9 24.4 33.9 46.1 47.2 57.7 64.7 68.4 79.6 89.6 75.1 62.5 54.3 60.2 64.5 61.9 70.4 83.6 78.5 80.5 87.2 91.9 90.9 76 62.3 47.6 28.9 21.1 14.2 19.5 18.4 17.3 13.4 14.3 15.1 15.9 16.2 16.4 16.6 16.8 17 17.3 17.6
-1.8 -1.8 -1.8 -1.8 -1.8 -1.8 -1.8 -1.8 -1.8 -1.8 -1.8 -1.8 -1.8 -1.8 -1.8 -1.8 -1.8 -1.8 -1.8 -1.8 -1.8 -1.8 -1.8 2.4 1.1 0.9 1.3 2.1 3.4 4.8 6.4 10.7 11.2 10.5 11.7 12.8 12.8 12.1 14.7 14.8 15.5 17.2 20.9 23.1 27.9 34.3 39.7 54 62.6 64.2 75.7 90.1 76.8 60.8 55.3 64 67.1 64.5 67.4 75.5 77.5 78.7 88.3 93.8 92.1 75 60.3 45.7 29.9 22.5 14.1 15.7 19.7 14.4 13.7 14.2 15 15.9 16.4 16.6 16.8 17 17.2 17.4 17.7
-1.8 -1.8 -1.8 -1.8 -1.8 -1.8 -1.8 -1.8 -1.8 -1.8 -1.8 -1.8 -1.8 -1.8 -1.8 -1.8 -1.8 -1.8 -1.8 -1.8 2.4 2.4 2.8 5.9 2.3 2 2.3 3.7 3.3 4.4 6.5 7.1 7.5 8.9 8.8 8.1 10 11.1 15 14.2 15.1 16 19.5 22.2 28.5 34.5 44.6 54.3 63.6 63.9 69.5 75.7 69.3 60.3 55.7 64 64.6 64.4 65.7 68.4 75.2 88 93.1 98.6 95.2 75.6 60 44.6 29 23.7 15.4 13.4 13.2 13.4 14.1 14.4 15 15.8 16.6 16.9 17.1 17.3 17.5 17.7 17.9
-1.8 -1.8 -1.8 -1.8 -1.8 -1.8 -1.8 -1.8 -1.8 -1.8 -1.8 -1.8 -1.8 -1.8 -1.8 -1.8 -1.8 -1.8 -1.8 -1.8 -1.8 1 2.4 7.1 2.5 2.4 3.1 4 3.8 3.7 3.7 4.9 5.9 5.8 6.5 7 9.3 12.7 14.4 15.4 14.7 15.4 18.5 23.7 34.3 40.8 57.3 60 70.5 71.2 69.1 70 69.8 60.9 55.8 60.6 62.8 63.7 65.6 73.5 87 100 101.6 102.6 101.6 78.5 61.4 46.7 31.2 28.6 13.7 13.2 12.8 13.5 14.2 14.8 15.2 15.7 16.6 17.1 17.3 17.5 17.7 17.9 18
