app/static/ascii/NM78.asc
ncols 200
nrows 200
xllcorner 170000
yllcorner 780000
cellsize 50
[rows 36 to 71 of 200, columns 0 to 79 of 200]
442.3 428.6 428.5 434.2 441.5 436.6 426.3 417.1 411 407.7 418.3 439.9 448.7 457.7 466 451.4 447.2 447.2 455.7 452.8 449.4 439.5 424.4 415.1 415.4 415.5 410.4 403.1 402 401.8 383.3 389.8 398.8 427.3 430.4 432.3 441.2 457.2 441.5 434.5 437.7 441.3 447.1 456.2 461.4 471 477.9 479.8 453.7 452.9 462.6 486 509.9 530.8 536.1 548.5 545.6 549.5 550.4 553.4 555.9 549 535.2 524.3 517.7 511.2 490.9 481.7 459.7 430.8 398.2 381.8 365.8 359 355.4 360.5 356.9 378.1 391.3 406.3
430.3 424 421.9 424.4 421.1 412.3 411.2 406.5 408.4 405.2 419.8 435.7 445 455.8 461.8 453.3 460.6 448.3 456.5 452.4 440.4 424.8 419.1 419.6 422.3 421.4 401.3 393.8 393.5 384.6 381.2 394 410.1 443.3 456.1 450.9 447.2 439 417.4 412 413.3 429.7 439.8 444.5 443.7 448.2 451.5 436.2 434.1 443.9 447.1 469.5 490.7 512.7 527.5 538.3 539 546.5 549.4 550.2 550 545.8 541 527.2 520.7 514 503.9 495.5 490.5 461.5 429.8 411.2 393.3 389 387.4 388 391.8 415 440.5 460.3
415.3 420.7 415.9 410.6 403.8 399.2 399.5 398.2 395 408.2 421.6 425.8 438.6 449.9 450.7 460.5 464 448.3 449.2 440.3 441.2 437.2 438.1 438.7 428.3 408.3 391.9 378.2 378 377.3 383.7 397.3 415.1 438.4 444.7 445.1 427.8 408.2 393.1 390.9 408.3 412.5 410.4 401 403.4 409.5 414.5 418.6 420.4 430.9 436.5 451.2 475.3 503.6 516.3 523.3 532.7 540.2 544.2 542 539.1 538 540.2 528.9 526.9 522.1 512 501 496.1 482.9 468 446.8 424.8 425.9 425 421.3 439.9 468 470.6 465.6
407.1 412.6 410.5 402 391.9 388.2 390.9 391.6 388.1 400.4 403.4 411.9 426 431.4 429.3 456 471.1 449.7 443.7 447.2 454.1 449.7 447 439.9 415 393 377.2 364.1 361.1 369.3 376.1 386.3 401.8 416.9 422.3 415.8 395.6 374.9 368.9 379.2 387.7 386.8 383.6 387 398.9 403.1 409.5 419.8 418.3 420.5 421.7 440.2 468.2 491.5 497.1 511.1 523.3 522.9 523.6 522.9 525.4 530.5 530.5 529.9 529.6 529.4 521.5 510.3 499.8 495.4 485.2 472.5 449.4 456.9 462.7 460.3 461.9 474 470.7 463.9
402.9 419.5 413.8 404.9 384.6 379.6 381.9 380.6 376.8 376.3 385 400.7 407 408.6 426 450 446.2 430.6 438.4 455.5 458.6 453.6 440.1 415.4 386.5 375.6 364.6 356.1 357.6 364.2 369 377.7 386.2 397.1 395.5 383.1 365.7 364.1 360.3 364.4 372.9 365.7 370 376.6 382.5 398.4 399.3 399.6 400.5 411.2 420.9 440 466.4 488.2 509.6 518.9 517.8 505.3 506.4 507.4 516.7 522.6 526.8 529.2 533.2 539.1 529.2 520.5 511 504.2 496.1 483.9 472.7 475.3 483.2 470.6 468.2 479 475.4 464.4
408.3 410.9 412 398.8 378.7 373.8 368.8 369.2 367.3 362 372.9 386.4 385 404.2 428.4 439.5 416.6 420.4 429 437.9 444.1 447.5 427.9 396.5 370.3 365.1 357.8 351.3 352.6 360.8 363.8 369.8 376.5 377.4 372.1 362.8 352.4 351.9 357.5 357.2 352.6 347.8 353.8 361.9 370 381.7 385.5 387 397.4 413 429 447.3 469.3 501.7 502.3 510.8 509.3 502.5 502.5 502.5 508 514.4 520.7 526.4 537.3 544.5 537.9 529.3 521.3 510 506.1 494.2 484.9 481.8 479 476.1 472 471.6 475.3 468.9
403.6 404.9 402.8 388.3 377.8 368.2 361.3 361.5 361.2 357 364.3 373.2 375.1 392.4 404.2 409.1 406.7 420 420.6 421.9 423.7 430.3 417.1 385.2 367.3 359.4 355.1 348.4 348.3 350.9 360.3 364.3 365.6 365.2 361.2 346.3 345.6 345.6 345.6 345.6 345.6 345.6 345.6 352.6 355.3 364.1 375 381.6 392.1 400.2 407.4 420.7 449.4 472.4 486.6 488.1 501.4 501.6 502.5 502.5 502.5 509.8 520.6 529.3 535.6 543.5 544.9 540.6 535 530.2 521.4 509.6 496.1 487.5 481.6 477.8 476.6 476.6 475.3 465.7
400.8 396 381.8 375.8 367.9 362.8 360 357.1 354.7 344.6 351.8 364.6 373 385.5 392.5 392.1 399.4 410.9 417.2 411.6 415.8 412.8 399.7 382.7 363.5 361 358.5 350.9 346.7 348 359.5 360.1 361.2 355.5 345.6 345.6 345.6 345.6 345.6 345.6 345.6 345.6 347.5 352.7 353.8 358.1 365.9 374.7 377.9 385.9 394.1 401.4 426 443.1 455.3 463.6 485 498.7 501.6 505.9 504.1 512.3 521.5 531.2 537 553.8 549.7 549.9 550.2 538 528.3 518.5 504.7 492.9 488.2 479.6 483.6 482.9 477.1 466
386.8 382.9 375.2 365.2 362.6 361.4 354.7 350.1 346.5 337.9 340.6 361 370.9 376.1 378.8 383.5 399.3 417.5 408.4 408.8 409.8 402 386.9 375.8 365.3 364.9 363.8 353.1 345.8 347.2 350.8 352.7 355.5 347.7 345.6 345.6 345.6 345.6 345.6 345.6 345.6 345.6 349.4 353.2 351 352.4 358.1 363.8 365.8 372.4 380.9 387.4 398.4 414.5 424 442.4 458.1 474.1 494.2 501.7 509.4 514.4 523 533.8 539.4 550.8 552.1 552.1 550.4 538.7 530.5 520.5 511.8 500.8 491.5 485.9 488.4 486.6 477.9 465.6
370.1 370.1 366.5 361.4 359.4 353.3 346.6 341 340.6 338.9 339.3 360.5 366.3 369.6 371.4 382.6 398.6 416.9 409 412 405.4 386.3 379.5 370.4 368.6 368.1 365.5 354.3 345.7 345.8 347.4 348.2 348.4 345.6 345.6 345.6 345.6 345.6 345.6 345.6 345.6 345.6 346.9 348.9 350.9 354.2 357.6 359.9 361.8 364.3 373.8 382.8 392.2 401.6 411.5 424.8 441.2 465 483.4 491 505.7 515.4 527.7 540.8 544.4 554.3 555.8 553.5 551.5 535.5 527.8 521.6 515.8 505.9 497.2 494.5 492.3 485.8 473.6 458.5
362.4 360.5 361.1 359.5 356.7 347.4 341.9 339.2 341 339.9 338.7 353.7 361.5 363.1 362.2 375.3 390.3 395.5 403.3 398.1 384.1 373.3 365.7 362.9 365.8 366.8 369.2 355.6 347.7 343.8 344.8 345.5 345.6 345.6 345.6 345.6 345.6 345.6 345.6 345.6 345.6 345.8 346.9 348.6 351.8 356.9 359.5 361.1 362.4 366 375.5 386.6 399.2 412.5 420 424.8 438 460.6 487.5 494.7 503.7 516 531.4 537.2 544.9 551.4 555.9 556.9 551.7 545.1 528.9 525 519.4 507.5 504 498.1 488.4 480.9 470.1 457.3
355.1 352.5 350.8 355 353.7 347.8 339.9 336 339.8 337.1 335.9 348.4 353.7 355.5 357.5 368.6 373.5 373.8 376.9 374.3 366 357 353.9 354.4 362 361.2 363.1 348.1 347.1 349.6 350.2 347.9 346.6 345.6 345.6 345.6 345.6 345.6 345.6 345.6 345.6 346 347.8 349.3 354.3 359.3 365.6 368.9 372.2 379.7 384.4 390.7 406.4 418.2 433.8 444.3 452 464.1 492.7 502.4 510.4 523.7 533.8 537.4 540.7 546.3 550.1 550.4 547.1 540.4 530.7 529.7 525 510.3 507.4 501.8 487.1 476.3 464.4 451
345.7 342.2 345.1 348.7 350.4 346.6 338 332.7 335.7 334.7 333.7 336.8 343.9 344.1 355 362.1 361.5 361.9 362.1 359.7 360.1 353.9 353.9 353.9 353.5 348.3 344.2 346 355.5 359.1 358.9 357.9 351.1 345.6 350.6 356.1 361.2 355.4 347.2 345.6 347.8 351.7 352.9 356.4 358.5 363.6 373.7 383.4 394.4 403.5 404.5 400.2 404.9 410.7 422.6 442.8 461.3 470.3 489.5 502.6 513.7 524.8 532.1 536.3 540.6 540.7 545.6 544.7 538.4 531.4 529.8 523.6 517.5 508 503 494.2 479.6 468.8 458.7 445.7
331.4 334.2 334.3 339.1 343.5 342.6 336.1 330.5 337.7 335.2 333 337.4 335.8 338.3 353.2 355.1 352.6 358.9 359.1 361.9 358.4 356.2 354.6 354.1 350.4 342.1 343.4 351.5 360.9 365.4 365.5 359.1 356.3 351.6 356.6 364.3 364.3 359.1 360.5 364.4 363.1 369.4 372.6 371.6 372.8 373.7 379.8 392.4 405 418.8 420.5 421.3 423.1 427.8 444.1 444.1 450.3 466.3 477.6 489.7 497.7 507.3 519.2 530.8 540.6 544.1 549.9 547 539.7 533 527.1 518.4 509.5 503.4 494.1 484.8 473.6 460.6 450.7 439.3
322.7 325.1 326.4 331.4 335.8 337 335.3 330.3 335 333.5 333.4 339.3 339.1 338.5 342.8 348.4 351.5 357.6 365.6 372 373.6 379 368.4 352.9 344.4 340.1 348.9 356.6 365.5 374.5 378.4 366.2 359.7 359.7 361.8 362.1 361.8 362.6 369.4 382.8 385.2 388.4 392.5 394.3 393.2 394.6 391.2 405.6 413.1 424.3 433.3 436.2 437.6 442.5 453.7 458.6 458.5 460.3 467.9 474.7 484.8 501 518.1 531.3 550.1 559 556.5 551.7 541.2 534.9 527.8 516.8 508.4 498.5 489.2 480.4 466.5 453.8 441.5 430
311.1 315 317.4 324.5 327.7 330.4 330.3 332 332.8 333 332.7 330.6 334.7 337.8 341.7 352.1 360.6 361.9 369.4 380.3 379.6 381.4 368.2 356.5 345.1 341 350.6 356.5 366.4 372.8 367.2 362.5 365.4 372.9 371.9 367.8 369.2 375.8 388.2 402.5 418 418.7 412.9 411.1 412.3 412.7 409 423 433.4 440.1 441.5 448.1 450.6 454.2 459.4 470.8 472 476.1 476.3 475.4 483.6 496.1 510.7 521.3 527.7 541.3 545.9 549.5 539.1 531.4 530.3 517.4 509 494.7 483.7 476.9 462 448 436.7 426.5
306.1 307.2 309.4 315.5 315.3 317.3 321.4 323.7 325 326.5 332.4 330.2 326.2 329.8 345.1 356.2 369.1 364 371.3 379.8 377.2 379.5 361.8 345 338.8 345.2 348.9 351.7 358.2 356.1 359.6 359.1 369.6 374.7 380.4 375.1 372 386.1 405.1 419.6 435.2 435.9 431.9 433.6 433.9 432.7 427.8 438.5 447.2 451.8 459.4 460.7 458 466.8 469.7 472.1 482.6 492.8 491.4 491.1 491.3 503.2 519.1 519.9 524.9 527.7 529.6 528.3 531.4 528 528.9 520.1 508.1 491.5 480.3 471.8 458.9 445.6 435.1 423.1
302.6 307.3 310.2 311.5 314.6 318.7 319.6 324.2 324 337.7 332.2 328.5 320.9 344.7 361.7 363.7 366.7 368.9 369.5 377.9 370.6 362 348 317.1 339 341.4 343.7 346.9 348 346.9 348.6 355.3 370.9 370.1 370.1 371.6 377.3 395.6 423.4 440.3 450.2 449.6 441.7 454.5 458.8 450.7 448.8 454.6 461.5 467 469.6 480.6 475.2 474 477.3 484.1 492 499.9 504.9 504.7 506.2 507.9 516.7 526.2 530.2 526.2 522.8 520.3 519.3 516 514.2 509.2 497.3 487.3 475.6 465.1 452.9 443.1 433.7 422.9
300.7 305.9 310.6 310.4 319.1 325.6 321.7 328.2 330.4 334.7 329 318.4 327.9 352.3 368.2 380 378.4 375.8 370.5 368.4 357.2 344.9 325.8 327.6 333.9 334.2 336.3 338.5 339 342.8 348.8 353.1 361.5 360.5 366.1 371.3 383 405 427.8 454.9 462.5 459.9 461 473.1 477.3 468.3 470.4 468.5 474.5 481 486.3 490.2 492.6 493.7 493.7 497.7 506.3 510 518.3 519.7 518.5 518.3 515.4 518.8 527.2 532.5 526.4 521.5 519.3 510.4 506.6 499.5 489.6 481 470.5 459.4 449.1 440.6 432.3 424.9
299.5 302.3 309.2 309.3 317 317.2 324.9 326.3 318.8 323 314.3 313.7 324.7 343.5 357.7 373.5 378.2 381.2 369.3 365 346.7 337.9 303.7 325.4 328.6 328.1 329.5 333.4 337.1 343.1 350.1 351.1 352.4 357.2 360.1 372.7 391.3 403.5 425.9 454.2 471.1 477.1 474.7 485.9 486.9 476.3 477.8 484.1 487.8 489.2 490.4 493.3 499.1 507.6 517 519.5 515.3 516 520.6 521.8 521.6 527.7 528.9 520 526 534.8 527.5 520.8 515.9 508.4 504.3 497.6 488.1 478 468.6 458.1 446.1 437.9 431 427.1
300.3 301 301.9 310.8 311.7 315.7 322 323.8 317 313.3 311.8 314.3 333.1 340.9 346.9 368.4 377.9 380.6 364 360.5 337.1 317.8 302.4 318.2 319.2 321.1 327.5 330.6 336.8 353 353.6 354 351.5 355.1 364 382.1 405.3 421.8 427.8 443.8 465 484.1 486.3 488.4 491.6 490.9 485.8 493.2 495.8 496.3 498.4 502.2 505.8 521.4 536.2 539.6 529.3 524.4 524 521.5 521.2 524.4 526.2 520.5 521.5 519.9 520.4 520.9 512.8 505 502 495.4 485.4 474.7 467.2 455.5 443.2 436.2 430.1 426.5
302.3 301 301 303.1 307.3 308.3 316.5 321.6 319.6 318.4 311.5 323.2 337.8 340.4 344 351.1 365.7 369.9 359.8 342.2 325.1 306.9 303.4 309.5 311.6 313 322.3 330.6 352.6 359.2 359 353.5 352.1 357.2 378.7 398.9 416.9 437.2 448.6 447.2 457.3 471.9 480 482.2 490.3 495.8 502.3 500.9 502.6 506.9 514 513.9 519.4 529.2 537.2 545.3 547.5 534.5 529.7 529.9 525.9 521.9 519.1 519.4 512.1 515.1 510.7 508.9 508.2 501.5 498.9 490.1 481.8 470.2 459.9 449.5 438 432.1 427.3 425.4
309.7 301 301 301 301.9 306.3 315.6 320.5 321.3 312 310.5 325.7 340.8 339.5 339.6 342.5 356.8 358.5 345.9 325.7 311.1 293.7 293.7 301.6 302.4 306.2 315.3 327.1 341.2 361.3 359.6 350.9 352.3 376.8 403.7 420.3 426.3 447.5 460.4 468.1 466.7 463.8 463.1 472.5 488.7 499.6 511.5 518.4 512.6 515.2 522.1 529.2 532.1 535.2 539.7 544.7 541.5 537.6 532.1 531.8 531.8 528.2 520.6 519.5 512.1 510.1 508.9 508.3 509 510.6 508.2 495.1 486.5 474.2 462.2 447.7 436.6 428.1 422.7 420.8
318.8 306.4 301 301 303 311.5 320.9 327 312.6 306.8 306.9 325.6 339.2 340.6 339.3 333.1 339 337 326.5 303.8 291.3 278.9 290.1 290.8 293.2 302.3 308.7 322.3 342.3 356.8 350.2 347.9 359.3 383.9 411.6 435 452.4 460.2 472.5 482.3 483.6 469.6 466.4 467.1 480.8 502.1 514.3 520.3 520.5 524.6 531.1 534.7 540.2 540.7 538.5 541.4 541.2 539.8 544 542.8 533.3 528.4 522.7 521.4 515.4 510.5 510.3 515.5 523.5 531 515.8 499.3 489.9 478 464.1 449.6 433.8 420.3 420 420.6
331 315.3 305.7 308.6 313.4 323.5 323.8 319.7 308.2 306.8 306.8 314.9 327.1 332.6 334.9 333.8 331.5 324.8 313 295.1 277.4 276.1 280.3 281.3 283.7 293.9 308.4 317.6 323.7 327.4 333.4 345.4 365 384.4 408.3 436.8 456.9 466.3 468.6 478 481.9 471.5 470.1 474.8 494.6 505 510.1 516.7 519.8 519.9 529.4 535.1 531.9 538.2 531.4 532.5 534.1 535.7 538.3 538.8 536.8 534.8 530.1 527.7 524.5 523.6 531.9 537.6 537.2 531.4 509.7 500.1 488.2 476.4 464.5 449.2 433 420.9 418.2 417.5
329.6 328.6 318.6 311.3 318.2 319.3 317.6 317.5 311.8 306.8 306.8 319.7 325.5 330.5 332.2 340.3 328 312.9 298.7 287.1 271 270.6 273.5 272.6 282.8 293.8 299 304.8 311.2 319.9 332 349.1 367 380.1 400.7 425.4 448.9 467 468.2 473.5 475.7 471.7 482.2 490.8 503.9 520.3 517.1 512.1 516.6 513.9 519.4 528.1 528.8 527.3 525.3 527.1 528.9 531.1 534 536.9 538.9 539.8 543.9 547.4 547.5 552.2 551.1 544.2 539.4 525.8 510.5 500.1 486.8 475.5 463.6 449.6 436.1 419.2 413.9 412.6
331 325 319 311 315.1 315.4 317.2 319.3 312.3 306.8 306.8 317.7 324.5 328.1 329.1 333.1 321.9 301.7 283.4 274.1 265.6 268.7 269.2 281.4 289 290.6 296.5 306.5 310.3 317.2 332.1 348.9 363.5 379.2 396.4 416.4 439.4 450.6 461.1 468.6 461.2 464.5 487.5 501.1 507.5 508.9 511.1 508.8 504.9 509.2 513.7 516.7 519 519.4 520.3 521.8 525.8 530.2 538.8 544.5 549 552.9 551.6 555.8 560.2 560.7 556.7 553.2 539.5 529.9 514.3 497.1 483.9 474.4 461.9 443.9 433.1 419.6 411.2 408.9
323 312 306.2 309.4 311.1 314.1 316.8 317.3 306.8 306.8 318 319.4 321.9 327.1 319.4 316 305.2 282.3 268.7 263.7 266.4 270.6 278.1 288.3 293.8 298.7 300.5 301 307.8 318.4 331.4 344.3 356.5 369.5 383 402.9 417.3 426.3 431.1 427.8 435.9 450.9 476.7 498.5 507 510.9 509.7 501.6 498.3 511.6 516.2 524.5 524.5 518.1 518.1 521.1 530.3 544.1 552.3 555.1 560.9 566.7 569.4 571.2 571.6 568.5 565.3 558.8 538.3 532.3 518.1 499.7 487.4 474.1 462.7 444.9 429.4 416.7 410.1 405.3
311.4 303.7 302.6 304.5 305.9 310.8 311.8 310.8 308.5 310.4 329.3 331 328.8 326.9 315.1 300.9 284.7 265 264.7 270.2 274.7 279.6 285.5 293.8 300.8 304.9 302.5 302.3 314.9 325.9 335.3 343.5 356.9 364.9 374.4 383.2 395.5 407.4 411 409.2 414.8 441.9 468.9 489 499.8 499.5 497 497 499.4 504.9 512.9 525.2 533.2 525 522.2 524 538.5 553.9 559.8 562.3 568.6 571.4 576.2 579.4 578.1 575.5 571 558 538.4 530 517.6 500.4 486.9 474.1 458.9 444.4 428.3 416.1 408.5 402.4
306.2 302.6 302.6 303.8 302.4 308.2 306.4 306.2 306.2 317.8 329.7 339.2 340.6 322.5 304 284.3 264.7 264.2 272.3 276.2 284.1 290.8 293.3 297.9 303.8 308.9 309.2 302.3 319.7 330.4 339.2 347.1 356.8 363.8 370.7 378.5 382 392.6 400.4 402.5 411.9 444 474.7 496 503 505.9 502.3 498.3 497 499.3 510.5 523.6 530.2 531.4 531.9 530.1 545.7 558.4 564.4 569.4 571.6 576.7 584.2 587.6 586.5 581.1 568.4 547 531.9 520.6 511.1 496.8 482.7 471.4 454.3 439.5 426.6 416.6 409.2 405
308.6 304.5 304.6 308.2 301.5 299.2 300.5 301.2 312.1 325.9 331.1 339.1 330 309.3 285.3 259.8 268.5 277.4 279.1 285.9 297.1 304.1 305.8 303.9 307.3 313.1 316.4 310.2 322.2 327.7 337.3 346.7 355.7 361.4 370.6 378.4 383.9 394 402.5 400.1 410.9 438.9 460.8 487.4 506.9 510.9 512.8 512 504.3 503 510.8 520.1 527.3 529.2 536.2 539.9 556.5 570.4 574.2 579.4 578.3 585.8 589.6 588.8 587.2 571 558.2 542.1 527.3 512.7 503.2 488.8 477.7 467.9 450.4 438.9 427.7 418.7 411.4 409.9
319.9 301.5 304.5 305.6 306.7 300.3 306.8 305.5 310.6 314.7 322.6 319.1 302.5 289.8 254.7 265.8 274.1 280.8 284.5 296.9 313.2 324.5 319.7 314 316.8 314.3 317.9 321.6 327 329.8 339.7 349.4 359.4 362.5 372.2 384.9 395.4 409 416.5 414.3 412.6 436.7 453.3 467.8 488.5 505 516.5 519.9 514.6 514 515.5 524.7 530.9 533.1 542.9 555.9 588.8 589.6 589.3 590.5 589.3 586.7 584.2 581.3 574.8 561.3 549.3 533.8 520.2 510.1 497.5 485.8 470.6 459.9 446.6 436.4 424.2 416.9 409.7 408.5
322 297.7 294.7 296.9 301.2 294.8 307.3 309.1 304.5 298.9 292.5 286.2 279.7 262.4 252.3 265.6 272.5 278.3 290.5 302.6 324 330.2 319.9 319.4 322.7 319 315.5 324.1 340.8 343.9 349.8 359 369.3 377.8 380 390.7 398 410.8 416.5 420.4 419.5 436.7 450.5 462.5 478.4 492.4 505.1 510.3 511.2 519.3 522.2 531.6 540.3 549.1 550.9 555.3 578.6 589.4 584 578.2 580.3 572.1 558.9 559.3 555.6 548.7 533.8 523.9 514.5 507 497.8 482.8 464 453.2 441.4 431.7 419.4 411.8 409.5 407.3
313.3 289.8 281.4 290.7 296.5 279.6 297.5 295.4 283.4 276.9 266.7 265.7 259.4 239.7 255.9 262 265.8 273.6 287.8 302.5 314.1 322.3 316.3 317.2 321.2 316.3 315.9 337.7 345.7 353.9 365.5 380 382.6 385.1 392.7 400.7 401.8 403.2 410.1 415.2 419.3 430.9 441 453.5 472.2 486.3 488.9 492.4 500.4 509 517.9 531 542.4 550.6 555.2 561.8 577.8 575.7 571.6 570.2 559.9 554.5 548.9 550.8 541 532.8 519.1 512.8 507.8 502.6 493.8 477.2 461.2 448.9 434.3 424.1 414.7 403.2 406.8 408.2
297.4 281.9 266.8 274.6 276.2 273.5 281.6 272.1 260.2 259.3 248.6 244.5 228.2 243.4 254 259.3 263 276.5 289 300 300.6 307.3 309.1 318.5 316.9 316.5 331.3 337.9 347.8 358 373.9 388.3 396.7 402.5 402.4 408.1 408.5 408.5 408.3 410.2 421.1 427.8 439 460 471.6 484 488.4 489.6 491.1 498.2 513.5 527.7 539.9 549.1 551.6 558.6 567.3 559.3 557.9 551.6 545.6 541.6 542.7 532.9 530.6 525.4 517.4 509.4 500 499.6 487.6 469.1 460 442.8 429.3 414.3 406.8 394.3 397.3 393.5
291 276.3 255.4 249.4 241.5 262.6 265 254.6 245.2 238 235.1 219.6 228.4 236.2 247.8 254.3 262.5 280.2 291.1 293.5 291.4 295.3 300.8 313.6 317.1 317.3 335.1 338.8 348.3 358.7 370.9 393.4 411.8 416.8 411.3 408.3 413.9 419.3 420.3 419.6 418.3 424.4 439.2 459.3 471.3 475.3 474.8 489.5 493.1 501.1 513.2 533.9 541.5 548.1 550.2 544.5 546.1 543.3 550.3 546.6 536 526.5 520 517.6 521.7 518.2 512.1 506.7 499.8 491.2 475.1 469.6 453.3 434.6 422.6 405.7 397.4 389.7 390.1 386.4
