app/static/ascii/NM79.asc
ncols 200
nrows 200
xllcorner 170000
yllcorner 790000
cellsize 50
[rows 36 to 71 of 200, columns 0 to 80 of 200]
-1.8 -1.8 -1.8 -1.8 -1.8 -1.8 -1.8 -1.8 -1.8 -1.8 -1.8 -1.8 -1.8 -1.8 -1.8 -1.8 -1.8 -1.8 -1.8 -1.8 -1.8 -1.8 -1.8 -1.8 -1.8 -1.8 -1.8 -1.8 -1.8 -1.8 -1.8 -1.8 -1.8 -1.8 -1.8 -1.8 -1.8 -1.8 -1.8 -1.8 -1.8 -1.8 -1.8 -1.8 -1.8 -1.8 -1.8 -1.8 -1.8 -1.8 -1.8 -1.8 -1.8 -1.8 -1.8 -1.8 -1.8 -1.8 -1.8 -1.8 -1.8 -1.8 -1.8 -1.8 -1.8 -1.8 -1.8 -1.8 -1.8 -1.8 -1.8 -1.8 -1.8 -1.8 -1.8 -1.8 -1.8 -1.8 -1.8 -1.8 -1.8
-1.8 -1.8 -1.8 -1.8 -1.8 -1.8 -1.8 -1.8 -1.8 -1.8 -1.8 -1.8 -1.8 -1.8 -1.8 -1.8 -1.8 -1.8 -1.8 -1.8 -1.8 -1.8 -1.8 -1.8 -1.8 -1.8 -1.8 -1.8 -1.8 -1.8 -1.8 -1.8 -1.8 -1.8 -1.8 -1.8 -1.8 -1.8 -1.8 -1.8 -1.8 -1.8 -1.8 -1.8 -1.8 -1.8 -1.8 -1.8 -1.8 -1.8 -1.8 -1.8 -1.8 -1.8 -1.8 -1.8 -1.8 -1.8 -1.8 -1.8 -1.8 -1.8 -1.8 -1.8 -1.8 -1.8 -1.8 -1.8 -1.8 -1.8 -1.8 -1.8 -1.8 -1.8 -1.8 -1.8 -1.8 -1.8 -1.8 -1.8 -1.8
-1.8 -1.8 -1.8 -1.8 -1.8 -1.8 -1.8 -1.8 -1.8 -1.8 -1.8 -1.8 -1.8 -1.8 -1.8 -1.8 -1.7 -1.8 -1.8 -1.8 -1.8 -1.8 -1.8 -1.8 -1.8 -1.8 -1.8 -1.8 -1.8 -1.8 -1.8 -1.8 -1.8 -1.8 -1.8 -1.8 -1.8 -1.8 -1.8 -1.8 -1.8 -1.8 -1.8 -1.8 -1.8 -1.8 -1.8 -1.8 -1.8 -1.8 -1.8 -1.8 -1.8 -1.8 -1.8 -1.8 -1.8 -1.8 -1.8 -1.8 12.4 -1.8 -1.8 -1.8 8.7 18 -1.8 -1.8 -1.8 -1.8 -1.8 -1.8 -1.8 -1.8 -1.8 -1.8 -1.8 -1.8 -1.8 -1.8 -1.8
-1.8 -1.8 -1.8 -1.8 -1.8 -1.8 -1.8 -1.8 -1.8 -1.8 -1.8 -1.8 -1.8 -1.8 -1.8 22 5.7 -1.8 -1.8 -1.8 -1.8 -1.8 -1.8 -1.8 -1.8 -1.8 -1.8 -1.8 -1.8 -1.8 -1.8 -1.8 -1.8 -1.8 -1.8 -1.8 -1.8 -1.8 -1.8 -1.8 -1.8 -1.8 -1.8 -1.8 -1.8 -1.8 -1.8 -1.8 -1.8 -1.8 23.5 23 -1.8 -1.8 -1.8 -1.8 -1.8 -1.8 -1.8 -1.8 -1.8 -1.8 -1.8 -1.8 9.4 18.2 2.9 -1.8 6 15.1 32.2 14.9 3.7 16.9 -1.8 -1.8 13.7 -1.8 -1.8 -1.8 -1.8
-1.8 -1.8 -1.8 -1.8 -1.8 -1.8 -1.8 -1.8 -1.8 -1.8 -1.8 -1.8 -1.8 7.5 24.4 51.5 39.3 29.3 -1.8 -1.8 -1.8 -1.8 -1.8 -1.8 -1.8 -1.8 -1.8 -1.8 -1.8 -1.8 -1.8 -1.8 -1.8 -1.8 -1.8 -1.8 -1.8 -1.8 -1.8 -1.8 -1.8 -1.8 -1.8 -1.8 -1.8 -1.8 -1.8 -1.8 -1.8 28.8 52.7 50.1 32.3 13.7 -1.8 -1.8 -1.8 31.5 12.9 -1.8 4.2 1.5 0.6 1.1 10.4 21 22.5 22.8 28.3 26.8 42.6 42.8 11.9 24.4 20.4 4.3 19.5 -1.8 -1.8 -1.8 -1.8
-1.8 -1.8 -1.8 -1.8 -1.8 -1.8 -1.8 -1.8 -1.8 -1.8 -1.8 -1.8 15.9 31.8 44.5 75 88.1 62.1 25.7 -1.8 -1.8 -1.8 -1.8 -1.8 -1.8 -1.8 -1.8 -1.8 -1.8 -1.8 -1.8 -1.8 -1.8 -1.8 -1.8 -1.8 -1.8 -1.8 9.4 11.3 16.2 16.7 10.7 21.2 28.4 2.9 2.5 23.3 30.1 34.6 51.7 62.4 57.8 42.2 43.2 25.2 50.9 63.3 43.7 39.6 32.3 26.7 11.9 5.7 17.9 39.1 43.6 36.7 39.6 40.8 46.5 50.8 28.8 28.1 19.2 14.6 19.4 11.5 -1.8 -1.8 -1.8
-1.8 -1.8 -1.8 -1.8 -1.8 -1.8 -1.8 -1.8 -1.8 -1.8 -1.8 14.2 27.6 46.4 68.7 98.7 114.2 88.8 55.9 39 23.6 13.2 -1.8 -1.8 -1.8 2.2 -1.8 -1.8 -1.8 -1.8 1.1 20.1 9.6 -1.8 -1.8 -1.8 19.4 52.8 39.7 51.3 43.7 39.8 35.4 39.9 71.2 29.5 26.5 34 44.2 59.6 72.6 72.9 71.4 71.8 56.8 61.9 79.8 91.3 67.1 66.7 56.6 52.1 34.9 21.1 39.3 46.7 50.6 45.4 45 51.4 52.5 52 40.3 31.1 20.3 21.4 27.4 16.2 -1.8 -1.8 -1.8
-1.8 -1.8 -1.8 -1.8 -1.8 -1.8 -1.8 -1.8 -1.8 -1.8 7.8 32.7 43.9 67.1 92.7 125.7 141.3 121.2 91.9 70.6 58.7 65.1 69.4 45.8 35.2 32 22.2 20.8 16.5 12.8 19.6 48.5 34.3 18.1 12 34 65.4 73.1 71.8 108.1 75.5 62.7 63.7 88.8 84.2 63.9 57.8 53.3 59.7 65.2 75.2 85.2 93.4 91.1 75.6 83.8 99.5 101.6 85.8 75.1 71.3 76.3 55.6 34.8 47.5 55.5 58.8 51.1 48.8 52.6 56.3 66.5 59.9 51.5 39.6 31.4 38.2 38.3 11.5 2.4 -1.8
-1.8 27.8 22.4 12.2 11.5 26.5 12.7 6.1 16.2 21 32.4 65.6 70.6 98.1 122 151.7 168.4 151.2 129.8 99.4 90.8 96 111 86.1 76.8 63.4 56.9 44.7 37.3 38.7 40.7 66.1 81.5 44.7 48.7 67.2 91 103.4 113.4 135.1 103.5 88.7 91.9 113.1 109.6 100.4 114.8 110.4 101.1 90.7 89.2 98 108.4 106.8 99.5 100.6 118.7 115 110.2 96.8 92.5 92.8 67.3 51.4 74.4 83.7 74.3 64.9 72.1 94 80 69.2 70.5 62.2 56.4 50 38.8 40.7 22.5 1.4 -1.8
23 49.2 54.9 51.6 38.6 44.6 44.3 29.4 39.8 56.3 59.3 83.5 103.3 125.6 152.7 176.8 190.1 180.8 144.6 127 128.4 131.6 134.1 142.1 111.6 103.2 98.8 76.6 67.1 71.6 72.8 86.3 102.9 86.9 78.3 80 99.6 124.4 130.1 144.8 125.2 116.1 133.9 142.5 143.4 163 177.1 183.9 175.1 166.4 147.9 154.4 151.2 133 134.7 143.1 139.3 143.8 149.3 136.5 126.7 122.3 92.7 79.9 109.5 112.5 90.7 87.6 122.3 116.3 111 95.1 92 82.7 73.7 56.6 38.2 32.7 17.6 -1.8 -1.8
30.9 56.8 64.5 73.5 73.5 69 71.6 64.8 66.7 78.7 94 111.6 152.5 170.5 184.9 196 210.7 204.7 170.8 155.3 162.1 177.3 179.6 200.8 149.2 146.2 128.9 108.5 99.5 95.2 104.2 119.1 137.6 120.5 116.2 125.7 125.1 136.9 161.2 161.1 144.1 140.7 170.6 162.3 172.1 192.6 218.9 221 223.1 222.1 213.5 194.8 173 160.7 157 155.4 158 157.3 154.6 155.5 154.8 140.3 135.2 106.4 130.7 134.3 111.5 110.6 151.6 140.2 133.6 117.1 101 95.6 97.2 73.4 45.6 30.7 15.9 -1.8 -1.8
34.2 54 66.9 80.8 97.2 100.3 104.8 108.1 98.2 116.9 138.8 161.5 181 209.3 217.6 238.1 239.4 229.8 194 180.3 189.2 214 219.3 227 209.2 182.9 177.7 153.5 148.9 133.8 143.9 168 176.8 167.4 157.7 172.1 181.3 204.5 177.4 177.5 163.5 164.6 198 180.2 194.6 216.2 246.6 262.3 276.1 273.9 251 222.7 198.4 188.1 179 171.3 168.5 169.8 170.4 167.2 165.5 163.8 164.2 143.8 142.4 155.5 138.1 135.2 154 155 145.6 137.9 115.1 103.6 101.5 84.3 53.4 34.7 17.3 2.8 -1.8
39.9 58 74.4 83.3 105.8 121.3 127.4 141.6 131.7 157.5 183.5 206.1 228.6 244.4 243.8 263.9 277.4 260.3 228.2 209.6 215.3 228.9 260.8 274.6 268 240 227.8 202.8 182 181 182.7 210 210.8 234.9 227.1 201.6 220.2 244.7 218.4 193.2 184.1 192.5 210.5 192.2 218.6 237 261.9 300.4 322.7 314.3 287.7 282.8 254.5 236.4 234.1 224.1 198.9 182.5 183.6 185.2 184.3 187.7 190.5 161.3 168 177.6 158.9 172.7 184.6 166.3 172.9 160.7 137.7 117.3 112.5 92.3 71.1 39.7 28.3 9.9 0.8
64.3 71.9 83.1 94 114.7 138.1 136.2 150.9 157.7 178.9 202.4 235.8 252.6 269.9 266.4 275.8 292.6 287.4 254.8 236.9 240.8 251.4 291.7 303 302.6 287.4 267 264.1 263.4 228.9 220.9 231.6 244 264 272.7 240.3 260.7 266.4 246.5 213.5 207.1 212.6 224.1 213.8 231.9 255.9 290.7 340 362.2 355.6 326.6 331 315.1 280.8 291.5 289.3 259.2 216 194.7 195.2 199.2 203.8 208.3 179.8 181.6 197 180.1 188.4 207.5 190.9 190.6 181.6 150 138.3 135.4 112.4 87.6 50.6 28.7 15.2 -1.8
88.1 94.7 96.6 108.5 130.2 155.7 154.8 159.2 172.1 190.4 213.7 249 271 281.8 282.8 292.6 312.2 305.9 282.2 260.4 261.6 273.2 307.7 320.5 320.2 324.7 313.5 296.3 300.8 278.1 254.9 274.2 297.6 319.2 321.2 278.2 284.9 279 251.2 235.7 226.1 236.2 240.7 236.6 262 290.1 314.3 381.1 395.8 394.2 396.7 393.5 367.9 352.6 345.4 328.5 299.1 244.1 211.4 205.3 209.1 214.3 214.2 206.9 203.7 217.2 203.8 232.1 237.9 213.4 200.9 188.8 161.8 144.2 140.7 127.7 105 68.3 38.8 23 -1.8
105.2 106.5 117.3 132.3 153.5 167.3 177.3 184.4 190 206.9 224.4 252.8 277.3 290.8 292.1 305.1 328.1 326.8 310.4 279 281.8 299.9 322.3 334.5 335.3 340 344.5 343.7 333.5 322.7 293.9 305.9 321.2 345.4 353.9 349.1 317.9 305.6 276.3 258.3 251.8 254.1 256.1 259 275 302.6 339.2 377 415.5 414.3 423.2 427 421.5 422.8 396.6 366.9 328.4 280.8 235.1 215.8 220.2 227.5 226.2 235.9 228.5 239.1 225 254 258.2 243.5 224.1 202.3 174.9 168.9 141.8 128 109 80.8 52.2 27.6 -1.8
111.9 116.6 136.8 149.8 169.7 182.1 190.4 200 198.6 209.8 239.7 248.6 272.3 291.4 296.4 313 329.9 336.3 332.5 307.6 300.3 313.1 337.2 346 345.4 356.5 360.6 359.4 354.5 352.5 338.5 338.5 364.2 379 382.1 368.1 347.5 326.8 301.7 283.3 273.4 270.4 276.8 277.2 304.2 326.3 362.2 411.8 440.2 439.8 457.8 463.7 466.1 461.9 435.5 397 348.8 305 260.7 239.9 233.9 240.4 244.6 256.6 241.8 255.3 245.7 263.7 271.4 261.6 240.7 222.6 190.7 190 162.6 136.1 117.5 81 55.8 33.7 -1.8
113.5 119.1 150.6 160.8 183 197.2 200.3 208.1 201.4 209.1 234.3 264.7 282.5 290.4 294.2 314.1 328.3 339.6 339.2 326.2 314.7 324.1 344.7 353.4 357.1 369 374.1 371.7 371.5 368.8 372.6 368.6 381.3 392.4 396.4 387.4 371.3 355.8 343.6 310.9 295.3 290.6 306.2 302.5 339.7 348.6 383.7 429 451.3 463.7 481 495.2 507.5 506.6 483.7 456.9 408.7 344.1 295.6 270.1 248.9 250.8 256.5 261.7 253.3 258.9 262.2 273.8 282.3 273.6 257.5 230.2 202.8 203.1 172.1 140.9 118.5 91.6 63.5 37.6 16.5
120.2 132.5 156.7 172 195.9 206.8 211 211 205.1 210.5 238.7 273.5 291.6 291.6 298.3 310.8 321 333.2 338.6 330.3 322.9 331.5 346.4 357.1 363.5 376.6 385.1 385.6 387.1 381.7 387.4 389.2 388.4 398.6 401.6 400.9 392.5 382 369.9 347 322.8 313.5 319.6 330.2 349.8 364.8 401 437.5 452.7 466.8 485.6 499.3 508.2 519.4 517.1 494.6 436.1 374.9 336.2 305.2 289 278.8 272.2 276.9 264.9 264.8 275.4 289.2 289.3 283.9 274.9 252.2 224.2 223.9 192.3 165 118.4 92.6 71.2 46 14.1
127.2 141.8 165.1 179 201.6 216.9 220.8 215.7 210.4 214.6 238.4 267 287.4 290.6 295.9 311.9 320.6 326.9 340.1 330.5 327 339.2 355.7 360 367.4 385.7 393.5 405.2 404.4 394.3 397.1 400.3 401.6 405.8 410.3 412.4 407.4 399.8 393 383.5 362 344.8 364.7 367 358.4 370.9 409.3 446 449.5 462.6 475.7 498.7 509.8 512.1 513.2 510.6 444.8 391.4 378.8 354.4 331.2 323.5 312.1 292 277.3 295 296 293.1 292.2 286.3 276.1 264.8 243.3 237.5 205.1 180.3 132.4 98.5 76.2 47.9 20.4
135 146.7 165.5 185.8 210.4 226.1 225.3 220.7 217.8 219.8 231.4 256.6 268.7 281.3 300.1 307.6 315.3 327.1 335.3 329.6 328.7 341.3 360 361.1 365.8 389.6 399.2 424.7 423.8 409.9 410.7 409.4 409.4 411 418.5 418.6 413.5 406.4 400.8 398.1 385.6 373.5 382.5 383.6 370.9 377.3 405.2 435.7 439.6 454.1 466.4 484.6 497.2 502.3 502.4 508.3 488.3 492.3 445.2 403.2 388.6 382 338.9 311 300.5 316.1 313.9 308.5 314.4 298.6 277.7 258 249.3 244.1 220.8 184.1 142.8 104.4 74.5 46.5 18.4
139.8 149.1 171.6 188.5 216 228.2 229.5 227.8 229.6 228.4 231.7 245.1 255.9 272 293.3 302.3 312.4 322.7 319.5 324.2 328.4 334.9 353.7 359.3 368.5 387.7 413.4 441.2 444.4 428.6 424.8 421.4 419.9 419.2 421.8 422.6 418.1 415.3 409.7 410 410.3 393.8 394.5 395 387.8 384.3 403.3 424.4 436.8 454.4 465.5 471.1 485.3 500.4 500.1 501.1 504.6 488.6 465.7 443.5 419.1 402.2 364.5 332.5 318.2 331 325.6 328.7 321.1 304.5 283.7 254.1 231.4 227.6 220.2 184.8 141.4 103.6 65.8 38 18.3
142.5 148.6 173.3 194.2 211.6 225.5 229.3 231.1 231.1 229.1 228.2 237.7 247.5 260.6 282.3 301 307.6 321.5 315.6 316.7 324.2 333.9 350.7 360.3 372.4 387.8 423 450.5 456.4 446 432.4 429.6 428.9 428.1 432 426.8 422.2 422.2 416.2 417.1 416.6 403.6 400.6 402.8 399.1 397.6 407.3 425.4 447 460.4 475.1 480.9 496.9 514.4 517.3 510.8 506.7 496.1 469 444.3 417.4 403.3 375.5 343.5 329.7 332 326.2 325.3 312.2 297.4 280.7 255.9 225 206.7 194.3 172.1 135.8 98.1 55.8 28.9 14.5
143.6 155.3 178.5 201.5 214.7 220.9 219 228.9 231.1 229.5 229 232.1 237.9 254.5 273.3 296.2 302.8 306.3 304 315.3 324.1 335.8 349.8 357.5 368.7 388.7 427.9 453 459.9 452.2 441.7 435.4 432.9 437.6 441.3 433.9 430.1 429 423.5 427.2 421.5 412.8 409.1 409.6 410.8 410.8 408.2 417.9 443.9 457.1 472.1 482.2 498.8 510.2 510.6 500.1 491.8 492.7 473.7 448.8 427.7 413.1 394.3 356 331.9 325.1 326.6 319.6 306.6 271 241.6 221.8 202 178.2 157.2 138.6 112 85.1 53.2 27.2 8.2
150.4 161.4 174.3 192.5 213.6 216.9 217.8 228.3 228.3 230.9 229.8 229.4 235 244.4 264.9 285.5 294.3 291.8 296.9 307.3 313.5 328.4 340 351.9 370.7 394.3 435 466.9 468.8 463.2 455.1 448.4 440.1 448.3 451 440.6 440.1 439 432.8 430.5 430.2 425 415.4 417.3 421.1 420.5 412.5 412.7 425.5 445.1 464.7 486 491.5 493.4 493.6 485.5 481.4 472.9 459.3 446.1 432.2 419.1 397.3 375.2 353.2 344.2 347 337.6 321.9 276.8 245 209.4 184.4 157.9 135 112 91.9 73.4 53.1 29.4 9.7
161.2 165.8 174.8 195.6 209.1 210.8 213.2 218.2 220.5 227.8 229.2 230.6 232.6 241.9 257.5 269.9 286.4 282.1 290.4 304.6 309.1 315.8 333.2 353.1 367.2 396.5 434.5 470.7 481.5 477.6 469.9 458 454.3 460.1 461.2 450.6 449.2 447.9 442.8 438.1 441 435.1 425.3 427.5 426 428.7 420.4 416.9 436.1 448.3 469.9 482.9 482.8 483.8 482.6 478.8 470.7 462.7 457.1 443.8 424.8 405.8 392.5 380.3 364.2 353.9 353 343.9 329.7 290.4 253.8 228.6 200 167.8 141.4 118.7 95.4 75.9 52.6 31.9 14.8
168.2 174.7 174.6 190.7 203.2 207.6 209.3 213.2 215.8 222.1 230.5 229.1 230.3 239.2 253.3 267.2 268.9 274.5 292.2 307 311 312.2 327.3 355.7 360.6 387.8 424.6 472.2 488.4 485.2 480.6 468.5 460.1 461.8 463.4 457 450.4 452.7 450.7 443.4 441 439.2 433.6 429.8 430.9 433.3 425.7 418.6 437.3 450.4 462 480.7 478.9 479.9 479.9 470.1 467.8 462.8 452.5 439.2 422.7 405.1 381.4 365.8 358.1 356 351.1 341 328.3 299.9 266.7 249.3 222.4 177.2 147.6 120.2 94.2 75.6 52.9 37.4 28.1
174.7 181.1 181.4 191.1 198.9 204.2 210.5 210.9 210 220.3 223.9 226.3 233 243.2 254.9 261.2 259.9 273.9 289.6 308.3 311.2 309.5 322.8 345.7 357.7 378.5 410.7 458.8 492.6 491.2 486.1 479.5 466.8 468.9 469.8 461.8 457.1 454.9 455 448.5 438.4 433.6 430.2 429.5 428.7 433.4 430.1 428.8 439.3 445.6 455.8 473.8 470.9 471.8 472.2 462.7 461 461 450.7 432.8 421.6 403.5 386 363.2 360.1 343.6 340.4 333.2 316.7 294.1 270.5 253.9 225.3 188.1 155.9 128.7 102.6 83.2 63.9 48.5 41
180.7 180.6 183.8 191.2 196.6 199 207.3 210.9 209.8 215.8 215.7 219.5 233.8 245.9 258.1 257.2 255.7 269.3 283.3 297.6 303 304.6 322 339.7 356.9 373.9 403.2 432.7 486.3 492.1 490.9 484.4 471.1 469.6 469.7 465.2 463.7 461.2 454.6 446.5 436 429.4 425.9 424.1 425.4 426.8 423.5 428 432.8 435.8 444 459.8 459.3 464.9 459.8 456.6 454.2 446.7 442.9 431.8 416.9 395.8 378.6 361.9 357.1 341.6 333.9 314.9 289.1 274.7 257.6 242.4 216.4 184.5 158.3 134.8 112.9 98.7 81.8 59.3 53.4
178.6 182.2 186.3 190.1 192.9 196 202.4 210 206.2 210.8 209.5 216.7 232.8 245 250 249.1 252 268.1 278.1 282.6 290.6 297.4 320.2 330.7 352.6 374.5 397.1 424.3 475.7 489.4 494.2 489.1 477.5 470.8 468.5 462.7 464.7 463.8 457.6 448.9 437.5 428.9 421.3 420.4 421.3 420.9 417.1 424 427.6 430.4 438.9 459.4 460.5 454.2 448.8 440.7 438.2 439.1 440.8 429.3 408.9 392.2 370.2 360.5 351.6 334.2 326.9 313.4 289.5 273 259.6 239.3 215.2 192.7 170 147.4 129.7 115.8 102 72.9 61.9
179.6 185.3 189.4 189.7 191.4 193.2 199 201.2 199.1 200.3 203.7 214.1 229.8 243 250.1 249.2 249.9 265.6 274.1 279 287.6 296.3 319.2 326.4 345.5 372.3 394.8 425.3 470.6 489.2 491.8 497.7 486.6 478.7 469.5 463.3 461.9 463 460.9 452.2 439.1 424.8 419.4 420.4 421.3 421.2 417.1 423.9 426 428.2 437.7 463.3 461.2 457.9 447 437.1 425.5 420.9 426.9 426 404.1 383.4 362.3 356.1 341.8 327.8 315.8 305.9 303.8 293.5 281.2 268.3 241.5 220.9 202.7 179.8 154.6 133.8 123.1 88.1 71.7
188.6 189.7 189.6 189 190.9 190.9 198 199.4 199.1 197.6 194.5 208.5 229.3 239.5 248.7 249.5 249.2 262.7 272.2 280.4 291.1 294.8 305 320.8 343.4 365.5 396.8 433.5 475 489.9 494.9 505.7 501.5 491.6 477.7 469 464 465 465.2 451.5 440.1 424.6 418.9 419 421.2 421.2 419.3 425 429.2 428.8 446.7 463.2 459.6 454.4 449.7 439.4 438.4 420.7 419.9 410 386.1 369.2 358.9 352.2 351.1 336.1 317.5 309.3 310 293.5 285.9 274.8 257 239.7 215.7 200.2 176.6 149.4 133.6 99.2 75.3
183.7 189.6 185 183.4 187.7 190.6 198 201.1 200.5 194.2 189.2 201.5 221.4 235.9 246.8 249 248.6 257.7 270.8 280.7 292.1 293.6 298.1 315.4 342.5 358.6 393.4 435.1 463.4 480 494.1 511.6 519.6 500.8 487 478 479.3 474.1 465.6 454.3 438.9 426.6 419.8 415 417.6 421 418.9 422.6 421.6 429.7 442.8 459.7 453 448.5 443.2 438.9 440.2 439.5 432.3 407.2 378.8 360.7 350.8 350.1 350 328.6 310.3 304.7 310.9 292.2 283.9 269.5 257.1 241 215.5 206.3 178.5 149.1 127.1 97.5 78
171.4 180.7 178 175.9 173 184.5 191.6 197.4 201.2 194.7 188.8 193.9 211.5 228.7 246.5 249.1 248.6 249.7 267.5 277.2 291.3 291.1 295.4 315.9 333.3 352.6 379.6 415 455 469.7 482.6 504.8 522.9 515.8 491.1 484 490.2 487.3 471.9 454.3 435.4 427.5 420 410.7 409.1 413 410 420.8 418.8 425.2 436.6 449.5 441 440.5 435.7 431.8 439.6 428.5 419.8 393.2 372.6 352.1 343.3 340.7 340.1 321.5 309.9 298.9 300.8 295.1 282.2 271.1 255.7 234.7 213.7 202.2 179.8 161.3 140.9 101.7 81.7
159.8 149.6 152.5 164.2 161.6 172 179.5 184.5 186.7 188.3 182.6 188.9 208.4 225.6 248.2 247.8 249.4 248.7 259.1 266.6 279.7 286.5 288.4 312.2 337.7 351.3 368.9 402.5 451.1 475.8 479.6 505.3 531.9 539.6 506.2 489.9 489.4 486.3 469.4 448.5 431 423.3 410.3 404.5 401.5 400.8 403.6 412.1 412.5 425.5 434.8 441 436.9 429.9 423.7 417.6 418.4 408.5 389.4 372.5 352.3 348.2 340.9 336.9 323.3 316 311.4 295.7 292.4 290.4 281 269.4 254.1 229.8 210.7 200.3 184.3 171 146.7 109.7 90.3
145.1 141.8 146 153 150.4 162.3 171 176.4 174.4 177.1 174.5 190.8 206.1 220.1 234.9 236.3 244.1 246.2 254.2 260.8 271.3 277.6 282.9 304.8 330.1 352.1 363.8 392.8 425.7 463 477.2 505.9 529.5 543.7 525.4 494.9 490 479.1 464.5 440.6 423.1 413.8 400.9 391.1 388.2 384.3 398.1 408.4 408 416.9 429.2 434.1 435.6 431.2 418.4 403.5 397.5 392.3 374.4 357.5 346.2 341.9 334 323.6 317.2 312.2 308 297.3 284.9 277.2 271.4 259.6 246.4 230.2 214.8 205.8 195.8 181.9 151.6 122 104.2
