app/static/ascii/NM80.asc
ncols 200
nrows 200
xllcorner 180000
yllcorner 700000
cellsize 50
[rows 144 to 179 of 200, columns 83 to 165 of 200]
169.9 162.5 152.3 161.3 159.1 145.3 140.2 138.9 142.9 137.3 127.4 122.2 160.9 150.7 162.9 170.6 183.1 182.5 181 174.3 179.1 185.9 189.5 189.7 188.6 188.9 189.2 185 182.7 186.1 185.6 199.4 207.2 197.2 175.7 157.6 148 138.5 127.3 116.1 104.6 89.7 88.6 82.4 77.9 75.6 71.9 63 53.9 41.1 42 42 42 42 42 42 42 41.6 39.5 42.3 42.7 46.5 48.8 49.4 52.8 56.9 69.1 82 99.2 109.4 107.4 116.8 119.9 129.9 150.9 151.5 159.8 155.9 158.8 173.6 193.8 196 182.2
171.3 163.8 154.2 148.6 148.5 138.6 135.7 135.7 137.7 130.6 120.7 126.3 149.8 150.5 166.1 179.4 183.4 179.6 175.4 171.3 180.6 188 190.4 189.6 187.2 186.9 192 193.7 205.5 211.5 203.5 210.4 212.7 200.3 177.3 164.2 154 146.8 138.1 123.5 111.3 103.6 89.8 75.9 74.1 71.2 67.6 61.3 53.8 39.6 42 42 42 42 42 42 42 42 41.2 42.3 44 45.3 47.4 50.7 53.3 58.2 65.9 80 93.4 102.4 106 114.9 109.3 129.7 139.8 154.8 155.5 152.1 159 187.6 198.8 198.4 179.6
170.5 164.9 155.5 149.1 142.3 135.5 131.3 128.2 129.3 124.7 116.3 132.6 144.9 165.2 169.4 178.5 177.9 174.8 169.6 170.8 178.4 186.3 188.6 189.7 188.3 188.5 194.3 212.7 219.7 225 216.5 215.1 211 203.4 190.4 179.8 164.8 156.5 144.7 132.7 124.1 116.2 102.4 87.4 73 66.7 63.4 58.8 51.4 39.1 42 42 42 42 42 42 42 42 42 42.1 44.4 45.9 48.6 52.5 56.2 58.6 58 72 85 94.8 108.7 112.2 111.5 126.7 131.7 148.4 147.7 150.6 171.8 199.6 202.8 188.2 179.3
164.2 159.2 154.9 148.1 145.2 141.4 137.6 130.7 119.6 116.3 117.5 140.1 150.3 161.3 168.4 172.5 173.2 170.7 165.1 168.2 174.6 180.8 184.8 188.8 193 191.4 191.6 209.3 231.1 230.4 225 216.8 223.8 205.8 200.5 186.6 175.4 169.2 148.9 140.4 135.4 123.1 113.1 98.3 84.1 69.1 59.9 57.2 50 39.1 42 42 42 42 42 42 42 42 42 42 44.1 47.7 50.3 54.1 53.4 52.7 57.5 62.3 73.9 91.4 106.6 101.2 121.4 120.7 132.1 142.4 143 153.2 176 196.4 195.3 185.5 189.6
160.6 154.5 153.2 147 146.6 142.9 137.2 133.4 119.8 114.6 120.7 137 150.9 155.3 162.2 169.2 171.8 167.5 160.8 164.6 169.4 175.2 179.1 185.4 191.5 188.5 189.9 221.8 226.5 230.8 230.7 221.5 216.5 207.6 201.1 186.7 185.3 170.8 148.6 143.7 138.4 128.6 117.8 101.4 85.9 74.5 61.7 57.1 45.3 39.2 42 42 42 42 42 42 42 42 42 42 43.9 49 50.6 53.7 51.5 54.2 63.9 70.4 69.8 86 97.8 95.5 115.4 118.4 129.3 136 145.3 164.4 177.9 191.6 194.4 187.1 191.9
156.9 150.3 149.3 146.6 146.4 140.9 137.1 133.5 117 112.9 121.1 133.5 143.4 150.6 154.9 162.2 166.2 164.5 157.8 158.3 164 168.8 174 180.2 185.6 185.7 206 231.6 235.7 233.7 237.7 226.4 209.7 201 195.6 184.9 182.6 168.4 149.3 151.9 140.9 130.6 122.3 104.5 87.8 70.6 58.3 53.3 45.3 39.4 42 42 42 42 42 42 42 42 42 42 45 47.6 50 49.9 51.2 54.4 67.3 72.4 69 79.2 85.6 99.2 109 117.1 130.5 137.9 143.6 162.9 181.3 194.7 188.4 187.6 176.2
155.9 148.7 144.2 144.2 143 139 137.2 123.4 113.3 111.9 123.8 130.2 132.5 134 144.4 148.6 153.1 154.3 150.6 148.4 157.6 163.4 172.9 183.9 189.2 216.6 235.6 248.4 257.3 255 242.2 223.6 203.5 196.6 184.2 188.1 177.9 158.3 159.6 154.6 142.6 131 116.5 100.7 85.8 62.4 55.9 51.3 45.4 39.1 42 42 42 42 42 42 42 42 42 42 47.5 46.2 46.8 48.1 54.6 58 64.4 67 69.4 73.5 75.7 102.2 97.9 112.8 124.4 130 137.7 161.3 185.1 186.4 184.5 171.5 152.5
154.7 147.1 141.5 138.8 138.6 137 130.4 114.7 111.2 114.7 123.2 135 129.8 127.1 127.8 134.9 138.8 139.9 142.2 144.4 144.6 160.2 176.5 188.1 197.9 237 251.8 261.1 267.4 262.2 243.6 217.3 193.9 186.6 184.9 179.1 166.5 160.9 164.2 151.1 138.2 126.7 112.8 97.4 79.2 63.8 55.1 52.4 49.4 41.9 42 42 42 42 42 42 42 42 42 43.7 46.3 43.7 46.6 49.1 53.3 54.5 56.4 58.4 62.2 63.9 73.3 80 90.4 102.7 112.3 120.1 137.6 167.3 186.9 184.9 178.7 150.9 143.4
150.4 143.4 139.7 134.8 134.5 134 121.9 111.8 109.9 120.6 128.9 135.7 125.6 127.8 126.6 125 126.6 130.8 133.7 138.3 142.5 156.9 174.8 190.2 210.2 254.1 259.8 275 270.7 253.9 230.1 206.7 185.8 184.1 190.5 177.3 168.7 165 161.6 136.1 130.7 120.2 109.8 84.7 74.9 60.8 56.9 55.4 51.7 41.8 42 42 42 42 42 42 42 42 38.3 39.4 41.4 46.3 50.2 49.3 50.6 52 53.7 56.8 57.1 62.5 66.8 75.7 84.4 93.9 105.3 122.8 147.1 170.4 182.9 175 153.9 140.1 140.5
148.3 139.9 134.7 131 130.4 125.8 113.9 109.5 116.2 124.3 134.9 123.5 125.4 127.3 123.2 123.5 127.4 132.9 138.9 142.5 146.5 156.1 170.9 188.3 203.5 256.1 262.9 277.4 261.6 238.3 215.3 185.9 172.8 182.6 184.4 177.8 170.6 167.7 154.3 134.9 126.5 112.2 93.5 83 73.9 63.1 55 54.4 51.5 43.8 42 42 42 42 41.2 41.6 41.9 42.3 51 48.4 47.6 50.7 48.4 48.8 49.6 50.8 52.4 54.3 58.1 60.2 68.7 75.5 83 92.3 104.6 128.6 150.1 166.6 170.8 148.8 140.3 136.7 131.9
144.8 136.7 129.2 127.5 126.6 117.7 111.2 107.6 116.5 127.1 124.6 120.8 124 122.3 122.9 129.1 137.6 145.5 153 158.8 165.1 167.3 172.4 181.3 183.9 214.9 241 260 240.5 208.3 185.1 159.6 153.7 177 182.9 178.7 170.2 164 148.7 130.8 120.1 105.5 91.4 82.3 76.2 67.1 52.6 50.8 50.2 39.3 42 42 42 40.4 40.5 40.2 40.7 48.2 53 53.4 52.9 51.6 49.4 48.6 49.4 50.4 51.9 53.4 55.6 58.9 65.8 72.7 81.1 92.5 108.6 137.4 151.6 155.6 142.8 137.7 130.7 122.8 116.5
139.5 132.6 126.9 124.9 122.3 118.1 113.6 105.7 117.6 127 117.6 119.2 117.4 122.9 130.3 140.6 151.8 154.5 159.2 173.1 180.2 181.9 179.6 174.4 168.4 172 178.2 184.6 183.6 174.4 154 147.6 148.8 165.5 183.4 176.5 174.3 164.7 146.3 123.3 105.7 94.2 89.5 82.4 82 64.2 49.5 40.6 38.6 40.6 37 40.7 42 42 42 39.9 47.3 53.2 53.4 53.2 52.4 51.3 50.5 49.9 49.9 50.4 51.5 52.9 53.7 55.7 61.4 68.1 76.8 84.6 112 136.6 136.4 131.9 126.4 126.5 120.4 108.2 97.5
139.6 131.4 129.7 125.7 117.3 112.1 105.6 96.1 111.5 109.8 114.5 112.9 117.7 129.6 141.4 151.9 158.5 157.9 160.2 177.5 185.6 189.7 187 180.1 174.4 166 156.5 150.8 147.8 146.9 144.7 146.2 143.3 158.9 181.1 182.7 176.4 170.5 154.1 122.8 95.9 93 88.4 85.9 74.8 56.1 46.6 38.2 38.3 38.8 37 38 42 42 42 39.7 51.8 52.4 52.7 51.8 50.1 50.4 50.7 50.9 51 51.3 51.6 52.1 52.7 54.1 58.4 64.6 70.8 81.6 96.9 108.7 109.8 108.8 111.3 103.1 95 92.1 80.7
135.7 132.9 138.5 136.1 122.6 116.8 108.6 98.8 94 103.5 108.4 105.2 118.7 130.7 140.2 151.6 154.5 155.3 160.8 173 184.9 188.7 186.9 180.2 177.3 174 164.5 153.5 148.1 143.2 138.1 141.1 135.7 158.2 177.2 186.6 177.6 169 127.8 97.6 95.3 95.5 88.4 79.4 67.2 55.2 44.4 38.6 37.9 37.7 38.2 38 37.5 38.8 38.5 44.1 52.4 46.6 41.7 46.2 47.8 48.5 49.3 50.9 51.5 51.6 51.7 51.7 51.2 51.9 56.1 62.9 69.3 80.6 91.3 89.4 90.5 89.9 97.2 83.4 77.4 73.2 62.2
134.9 142.6 141.6 133.7 125.7 120.4 113.9 105.6 92.1 94.4 99.4 103.2 115.9 128 134.5 145.5 153 157.8 160.1 165.1 179.5 183.6 181.9 175.2 174.3 168.1 162.5 155.8 155.1 152.1 142.7 128.7 126.7 150.9 179 194.4 179.4 137.2 102.6 90.3 96.8 99.1 88 72.9 59.8 51.6 39.5 37.8 37.3 37.3 37.5 37.3 38.3 40.9 42.4 41.6 40.1 39.9 41.7 47 47.7 48.7 47.2 47.3 51.9 51.8 51.8 52 50.4 51.8 55.2 60.1 68.1 79.7 80.1 74.8 73.3 75.8 76.4 68.5 65.4 60.1 55.3
142.6 148.5 143.5 132.6 127.9 124.4 114.9 106.2 91.9 92.3 95.8 102 111.4 123.1 127.5 145.6 157.2 162.8 166 163.4 166.8 174.9 172.6 169.5 170.6 165.6 165.6 169.5 174 164.6 155.3 129.1 108.2 128.4 171.3 165.4 142.3 112.5 83 69.3 91.6 102 87 66.9 55.9 42 38.1 38 37.7 37.5 37.9 38 39.9 46.9 42 40.6 40.2 44 47.2 47.4 52 53.2 50.1 49.7 51.1 51.6 51.7 51.9 50.1 50.7 53.3 56.1 63.4 69.4 66.8 66.8 68.8 63.6 64.5 59.1 55.5 53.5 54.6
151.1 148.8 140 133.8 133.7 124.1 117.9 103 92.1 95.4 94.9 98.5 105.6 117.8 127.4 156.1 162.7 167.6 174.9 168.4 166.4 168.7 169.8 166.5 166.1 165.6 168.4 175 178.2 159.7 143.9 126.4 101.2 93.4 95.9 94.6 85.5 74.9 65 58.9 71.3 86.6 73 63.4 46.5 38.3 38.7 39.3 39.1 38.4 38.4 41.5 44.8 39.1 43.3 50.8 51.3 49.8 52 52.8 53.8 52.5 49.5 48.8 49.3 47.3 47.9 49.9 49.9 51.2 51.3 52.5 52.6 55.3 55.5 58.4 59.1 53.6 54.2 52.3 52.6 54.4 55.5
151.1 151.3 140.6 141.7 134.7 125.3 116.2 101.4 87.9 93.6 94 96.1 102.9 113.5 130.1 158.8 165.3 176.3 185.1 183 170.5 170.1 167.5 165.4 165.1 169 171.5 174.6 165.4 146.4 140.5 117.6 94.1 80.4 72 67.7 58.3 54.2 52.3 49.4 51.1 54.9 52.3 50.3 38.7 38.7 39 40.1 41.1 41 38.9 40 39.5 44.1 53.5 67.7 68.2 62.4 58.3 57.5 55.7 53.2 51.1 52.3 52.2 49.2 49.3 48.5 49.7 50.9 50.6 50.6 50.7 50.5 51 51.5 52.1 50.7 50.6 51.8 54.2 54.9 57.4
151.2 147 144.9 149.4 131.9 121.6 114.3 97.7 85 90.3 93.5 100.8 113.1 121.1 132.8 152.6 168.3 187.2 203.2 195.5 179.8 171.3 167.5 165.5 165.8 173.5 171.5 170.9 145.6 139.2 134.2 105.7 90.3 87.8 75.6 59.2 56.5 53.4 50.4 43.5 39.9 38.3 37.4 38.7 38.7 38.7 40.2 39.6 39.7 44.2 53.4 42.7 47.2 55.2 66.9 75.4 78.2 77.5 71.4 66.2 62.8 58.7 55 53 50.4 50.8 50.7 47.4 48.7 49.9 50.2 50.1 50 49.8 49.7 50.3 49.9 50 51 52.2 54.7 58.1 67.3
152.6 146.5 152.1 148.3 129.9 118.6 110.4 93.6 82.5 91.8 98.7 116.9 124 130.8 137.7 143.9 161.7 191.7 205.7 207.6 191.1 177.1 171.1 166.4 167 171.3 165.9 155.9 137.1 134.6 125 97.5 93.7 96.6 78.2 56.5 53.4 53 47.9 41.7 38.3 38 38.7 38.7 38.7 38.7 39.3 40 42.1 55.5 56.4 51.7 63.2 73.4 77.2 81.7 86.8 88.3 81.5 78.1 73.4 63.7 59.4 54.4 52.7 51.6 50.7 47.7 48 49.1 49.6 49.4 49.3 49.1 48.9 48.9 49.8 51.2 52.1 52.8 58.9 68 75.2
149.6 151.9 161.3 138.9 126.9 116.8 105.7 94.2 81.1 92.2 101.4 126.2 130.8 132.1 138.2 141.8 156.8 188.1 203.7 210 202.1 185.3 177 171.8 171 166.4 156.7 142.1 134 129 114.7 93.5 100.7 94.1 66.8 52.3 49 47.8 43 39.9 42.4 40.5 38.6 38.3 38.9 39 41.6 42.6 48.3 59.7 56.4 66.7 81.5 91.7 86.1 90.7 94.9 96.6 90.6 87.2 81.4 74 66.5 59.8 56.3 53.4 50.7 50.1 47.2 47.9 49.4 49 48.6 48.4 48.3 49.1 49.9 52.4 54.1 55.3 66.5 72.2 80.1
150.5 153.1 154.8 135.4 120.1 110.3 102.6 84.9 78.1 90.5 112.6 143.2 143.7 138.9 138.9 143.6 154.1 185 203.3 208.5 208.8 192.6 182.1 179.3 176 162.9 149.2 135.5 131.5 116.7 100 88.4 93 75.9 56.5 47.9 46.7 45.3 42 43.7 48.4 45.9 41 39.2 40.9 41.8 48.1 46.3 52.2 58.5 64.1 77.3 103 103.1 102 104.6 100 99 96.4 96 92.2 86.2 76.9 67.2 61.5 56.4 52.9 52.6 48.3 47.6 47.8 47.6 47.6 48.6 48.9 49.5 50.2 52.6 54.8 60.2 64.8 72.7 82.1
149.5 156.1 141.7 132.5 113.2 103.2 91.4 81.4 82.5 102.4 119.9 144.1 147.7 138.1 135.6 141.5 162.1 194 203.1 211.2 211.3 195.7 189.5 184.9 178 163.6 148.2 132 123.3 107.1 91.1 84.7 69.5 59.1 49 45.6 45.7 45.7 43.5 45.2 47.5 48 45.5 45.1 43.4 49.4 49.3 51.2 54.5 63.4 74.5 100 117.3 112.1 116.7 117.2 115.8 104.7 102.5 105.1 100.7 94 83.9 72.9 65.8 60.7 55.2 52.6 50.4 48.4 48.8 47.6 47.6 47.3 49.6 49.9 50.2 51.8 58.1 66.3 67.2 76 80.4
154.2 154.1 135.6 117.2 107.3 95.5 81.2 73.5 96.3 129.3 132.7 140.5 145.6 138.9 132 143.1 171.6 192 201.6 212.4 210.6 200.9 195.1 184.1 177.1 163.9 145.5 130.9 122.9 106.6 87 68.1 56.1 52 47 44.1 45.3 46 45.7 46 46.9 47.2 47.2 48.2 47.4 50.1 50.5 56.9 64.8 75.5 87.7 117.1 122.3 122.4 129.1 132.8 131.1 119 112.7 111.7 106.6 97.1 89 78.2 69.8 64.3 58 53.7 52.6 49.1 48.1 48.3 48.3 47.9 47.6 48.8 50 51.2 59.5 63.8 68.3 72.7 73.8
157.6 137.8 127.2 112.7 100.9 88.6 65.3 79.9 102.5 131.6 139.7 143 139.9 132.6 129.7 139.5 179.2 195.1 200.7 207.1 204 201.2 197.2 185.9 175.3 160 143.4 131.3 119.6 100.7 80.7 60.6 51.7 47.2 44.6 44 45.5 45.8 46.3 47.2 48 48.3 48.8 50.3 51.8 51 60.2 67.7 76.9 87.1 98.4 119.7 128.8 133.6 142.3 143.3 136 127.7 119.5 115.1 109.7 98.3 90.5 80.5 72.4 64.2 59.6 54.7 51.6 49.5 48.6 49.1 48.8 48.3 48.2 49.7 50.3 51.6 54.8 60.8 68.5 72.1 72.9
144.8 129.9 115.5 106.2 94.5 71.7 70.2 77.9 92 113 136.8 143.7 133.1 127.8 127 134.7 168.7 192.8 197.8 206.7 200.3 199.7 194.3 185.2 173.4 158.9 138.6 132.4 111.9 97.1 64.4 53.8 46.5 43.9 42.5 44.3 44.3 45.2 46.8 47.9 48.7 49.3 51.3 53.8 59.2 60.9 66.2 74.4 86 96.6 106.1 126.5 135.5 141.8 147 143 137 133.8 124.9 115.6 109.5 101.3 90.5 81.2 72.4 64 60.1 54.4 51 48.7 48.4 49.4 49 48.4 48.4 50.2 51 51.5 53.3 58.4 65 64.7 77.9
124.4 119.3 112.1 95.8 84.8 62.8 68.4 75.5 80 97.6 135.4 134.5 125.1 123.7 124.9 130.8 166.6 189 198.7 200.2 199 197.1 188.2 179.8 169.2 151.7 129.2 120.4 105.5 74.3 52.7 43.2 42 45.1 48.6 59.6 66.4 57.8 46.9 47.7 48.5 51.1 57.8 62.9 70.5 72.6 72.7 82.3 92.8 102 115.3 128.4 139.3 146.6 148.6 142.8 140.6 135.7 126.9 120.4 109.1 98.8 89.8 80 69.5 65 58.1 51.8 49.9 48.4 49.2 48.6 48.4 48.1 48.3 49.8 50.7 51.6 54.2 57.9 59.6 69.3 72.5
113 109.5 99.5 85.5 72.2 62.7 69.1 76.1 79.2 101.8 131.1 125.2 117.6 112 117.5 127.4 164.2 188.1 188.7 189.8 192.4 196 186.8 173 158.8 141.6 127.4 112.6 89.8 59.2 43.9 41.4 46.2 48.8 53 79.2 78.2 66.4 58.7 56.1 52.7 59.7 65.9 75.9 80.1 81 85.1 86 97.9 114.3 127 128.5 138.5 147.7 145.5 145.7 143.8 135.9 129.3 122.6 108.2 97.8 88.3 77.4 69.5 64.7 56.4 54 51.3 49.2 48.9 48.6 49.1 49.7 48.3 49.5 50.4 52 54.1 56.1 59.6 73.3 76.1
105.1 97.3 90.6 72.3 54.5 65.6 69 73.3 80.7 127.2 132.6 124 115.4 107.5 105.9 123.7 134.7 153.8 166.9 171.7 182.2 179.9 173 163.4 144.5 122.9 123.2 111 70.9 51.5 42.1 45.4 48.5 49.3 64.7 87.6 81.2 72.6 73.1 73.4 69.7 67.6 77 83.2 86.3 89 93.6 90 108.1 129.4 135.9 135.2 135.8 140.9 143.7 145.3 140.9 139.6 132.8 123 109.5 97.8 87.7 73.4 70.2 60 56.8 52.3 50.4 51 50.4 48.5 48.8 48.4 48.6 50.3 52.1 52.3 53.9 56.3 61.6 73.2 78.9
94.1 87.6 80.8 56.6 50.1 61.9 58.7 63.2 95.9 141.2 137 123.8 107.9 100.8 93.4 111 130 130.4 148.9 156.5 159.4 161.4 161.2 146.8 130 110.6 113.6 90.8 57.6 45.4 42.8 48.4 49 49.9 73 90.1 85.7 83.2 83.1 86.8 92.9 92.9 90.2 91.7 94 96.4 102.1 100.1 122.5 136.4 140.9 144.2 141.2 138.9 139.7 141.7 141.7 137.2 129 119.7 110.5 100.5 86 75.4 63.1 58 55 52.1 51.5 51.7 50.2 48.8 48.4 48.4 48.8 51 52.6 54.1 54.5 56.9 62.5 72.9 78.8
84.3 80.3 66.2 48 54.7 54.8 54.7 61.1 90 137.3 136.3 116.9 93.7 86.7 69.7 78.2 97.3 100 119 146.6 156.6 154.3 142.3 127.7 108 92.8 87.6 63.7 48.5 41.4 45.6 48.6 49.1 51.7 59.9 78.8 88.5 94.9 94.6 100.3 115.1 121.1 119.9 108.7 104.3 107.3 111.8 108.3 124.8 138.2 145.5 147.1 145.6 139.7 137.4 141.2 140.5 136.9 126.5 119 111.1 101.7 89.2 78.8 70.5 59.9 56.2 54.1 52.6 51.4 50.2 49.1 48.6 48.9 49.7 51.7 53.2 54.6 55.5 58.5 63.7 70.3 81.9
77.5 68.4 52 42 49.4 53 55.3 55.2 76.2 115.2 129 103.6 76.1 65.5 52.1 45.3 48.5 61.8 94.9 126.4 141.4 143.6 129.6 120.9 89.6 73.2 64.3 49.4 43.3 42.7 47.9 48.4 50 50.8 53.5 65.8 88.6 103.6 108.1 116.6 131.8 138.7 139.9 129.5 114.1 117.9 122.9 112.5 124.8 136.2 146.2 144.6 141.3 134.7 136.5 139.9 138.8 135 124.8 119.3 111.1 101.6 89 79.2 70.6 61.3 58.1 53.3 52.2 51.2 50.2 49.2 48.4 49.7 50.2 51.3 51.9 52.7 56 62.8 69.2 78.7 87.6
67.5 54.8 46.2 42.3 46.2 54.2 53.9 52.4 51.5 73 91.2 75.2 56.1 49.9 39 37 38.2 45.8 105.8 126.8 129.7 129.2 123.5 107.5 71.7 60 49.3 42.4 42.2 46.2 48 48.9 51.3 51.9 58.2 76.2 89.8 106.8 121.1 132.9 141.7 148.8 149.4 140.3 123.1 125.9 128.6 124.2 122.4 133.2 145.3 144.7 144.1 134.2 133.6 133.3 136.1 129.7 131.3 122.6 112 99.2 89.5 78.6 69.3 66.4 60.8 53.3 52.7 51.2 50.3 49.5 48.7 48.6 49.3 50.5 52.1 51.9 58.2 67.8 74.6 85.2 92.6
56.4 45.8 37.7 45.8 50.6 42.6 33.4 39.9 48.3 49.6 52.1 42.7 39 37.3 38.1 44.1 40.5 37.7 62.2 92.1 116.6 112.7 103.6 71.4 54.3 44.2 41.8 43.5 44.2 47.5 49 52 51.7 54.5 72.5 89 106.5 115.1 125 138.5 144.1 150.4 149.4 136.2 131.6 129.1 130 128.3 127.5 130.2 141.1 145.2 145.5 135.1 140.6 144.2 136.3 142.4 135.2 121.9 109.7 95.8 84.5 75.1 67.8 62.2 60.5 53.2 52.4 51.8 51.4 51.1 50.4 50.1 48.8 50.7 51.6 52.7 60.1 69.5 80.2 92.4 99.2
50.9 39.8 39.4 52.5 48.1 32.4 32 33.7 33 33.6 35.3 36 36.6 38.7 44.7 45.5 42.8 40 42.4 62.1 80.7 82.2 65.7 47.6 42.7 42 44.2 45.8 47.6 48.1 50.3 51.6 51.6 64.4 78.8 99.8 111.2 116.2 123.6 131.2 149.4 157 152.7 137.2 136.1 133.9 130.4 128.9 126.1 132.3 135.6 143.9 144.3 137.6 147 139.3 144.4 145.4 131.4 116.5 101.2 91.6 81.9 70.7 74.4 67.4 56.6 53 53.3 54 53 52.6 52 52.2 52.3 49.1 50.1 54.4 63.3 72.6 83.8 97.8 106.2
47.3 36.5 39.3 38.1 32.1 40.3 53.2 53.1 51.7 47.3 45.5 45.3 43.6 48.8 54.1 52.9 49.7 49.3 39.3 40.6 47.2 46 41.8 41.3 42.6 45.4 46.8 46.8 48.9 48.5 49.8 50.7 52.5 71.4 85.5 106.9 112.6 116.9 118.1 140.9 155.2 158.6 137.6 137.4 136.6 140 135.7 130.1 126.1 134.7 135.8 142.2 144.7 143.8 146.6 140.5 152.6 146.1 125.3 108.4 96.3 86.6 75.7 75.6 76.9 66.1 54.7 55.5 55.8 56.2 55.2 53.6 53 52.1 51 49.5 51.7 56.2 65.2 74.7 86.3 103.2 111.7
