app/static/ascii/NM82.asc
ncols 200
nrows 200
xllcorner 180000
yllcorner 720000
cellsize 50
[rows 74 to 110 of 200, columns 85 to 169 of 200]
157.7 163.1 164.6 157.2 140.8 151.2 156.6 148.3 140.7 135.3 127.1 120.1 124.5 124.5 125.4 122.2 116.5 111.5 109.1 105.8 100.7 105.8 110.9 107.5 97.8 82.9 72.8 71.1 73.3 63.3 61.1 60.8 63.9 57.6 56.7 79.9 96.7 101.2 102.9 97.5 90 104.5 104.2 96.4 92.3 96.1 104.7 109.4 111.4 115.7 109.4 98 83.2 73.6 69.2 67.4 58 55.8 45.2 42.6 42.7 42.3 42.7 42.8 42.8 42.6 36.7 33.8 35.8 45.2 47.9 50 48.6 43.5 31.4 21.9 20.4 19.6 19.1 18.7 18.3 17.4 17.2 18.3 19
154.7 155.1 161.2 154 144.2 136.8 142.6 142.1 140.1 130.9 115.6 115.4 118.6 118.6 119.7 117.8 116.2 113.2 108 99.5 96.3 100.3 106.8 103.8 93.1 79.2 67.6 71.7 78.3 72.9 67.4 61.2 64.9 57.7 67.1 90.2 97.1 96.9 94 89.2 94 94.8 98.9 97.8 94.2 97.3 106.7 116 114.7 114.5 110.2 102.9 88.2 73.5 71 59.4 52.5 43.6 43.2 43.2 41.9 42 42.3 42.4 42.3 42.4 43.1 43.2 44.4 50.5 49.5 51.5 53 45.7 30.5 19.6 20.2 19 18.7 18.5 18.1 17.2 16.7 18.1 18.8
161.2 153.3 156.3 153.6 144.5 131.8 129.6 132.3 128.6 118.1 107.7 110.4 113.3 115.2 115.4 116.4 116.7 115.6 108.1 106.3 92.1 87.1 94.5 90.6 81.1 65.8 63.6 67 79.7 77.4 70.9 66.5 65.8 56.8 76.4 101.3 100.6 94.4 89.7 86.1 89.8 91.8 92.7 96.6 93.7 98.3 107.5 116.3 116.4 114.2 112.5 102.4 89.5 69.1 64.8 54.3 44.6 43.3 49.2 46.7 50.4 42.8 42.3 41.9 41.8 41.9 44 46.1 47.4 51.6 57.6 55.3 50.7 37.8 26.3 20.6 19.7 18.3 18.1 18.3 17.9 17.2 16.6 18.7 19.8
168.1 153.8 152.7 151.3 144.1 136.8 122.7 121.3 117.4 106.5 96.1 103.7 102.1 102.9 106.8 110.7 111.5 112.3 108.3 93.8 84.4 78 76 75.1 66.2 70.2 61.2 65.5 80.2 82.9 74 62.2 55.2 63.8 88.5 103.3 97.8 95 84.8 85.5 88.4 90 89.3 89.1 92.7 98.8 103.3 111.1 112.2 109.6 105.3 97.1 75.6 60.2 54.1 48.2 48.5 58.8 62.8 55.6 46.7 42.7 41.4 41.4 41.6 48.2 53.1 54.6 51.5 57.8 55.9 53.2 42.7 32.5 22.4 19.1 18.6 17.9 17.9 18 17.5 15.9 17.2 18.3 21.4
169.7 158.7 152.1 146.7 139.2 135 128.4 121.3 114.2 110.3 91.6 94.1 94 93.5 99.3 103.2 105.6 103.9 99.3 91.8 79.6 69.7 64.8 65.3 70.1 68.4 60 72.4 81.3 82.1 71.7 56.6 55.4 71.6 98 104.2 94.4 90.5 83.7 84.8 88.1 90.5 88.6 87.7 85.6 92 97.7 102.9 104 102.5 97.5 87.3 67.7 55.2 50.8 51.3 66 67.9 66.7 63.4 47.2 42 40.9 41 47.7 54.1 59 55.6 60.8 55.8 55.2 36.9 40.5 33.6 21.6 19.4 18.6 17.7 17.7 17.7 16.9 15.1 17.8 19.2 28.1
171.4 163.3 152.4 147.3 140.6 131.5 129.2 122 117.5 109.5 104.4 79.9 80.8 80.9 86.4 92.6 97.7 101.6 101.4 91.7 63.1 61.1 63.1 60.2 54.9 56.5 60.8 72.3 71.5 73.1 63.8 56 57 83 102.4 100.1 96.1 88.4 83.4 84.1 87.4 90.1 89.8 89.4 83.4 82.3 90.1 94.6 93.4 90.9 87.4 80 55.7 50.4 55.3 61 70.8 68.8 68.9 65.5 49.4 41 40.7 41.7 48.9 52.7 55.7 55 61.1 51.5 44.1 35.6 33.8 30.6 20.1 19.5 18.3 17.7 17.6 16.7 14.3 18.5 19.2 21.8 32.2
176.4 162.2 153.7 157.8 149.4 137.2 124.3 124.6 117.9 115.8 110.2 95.4 80.4 76.2 72.3 76.4 85.6 90.4 73.1 64.7 58.9 61.9 60.7 57.8 57.2 49.5 57.6 60.4 58.5 57.2 59.8 55.5 75.6 95.4 101.3 102.7 98 86.7 82.8 83.6 85.9 87.6 92.1 88.7 85.1 86 84.3 90 86.5 85 78.8 58.7 54.5 55.1 58.8 60.2 68.7 68.7 65.2 58.6 41 41.5 43.6 41.6 45.5 50.9 50.3 51.4 50.9 42.1 37.4 40.5 28.1 25.1 19.7 18.5 17.4 17.1 17.3 13.7 17.4 19.4 20.3 27.4 29.4
172.3 158.2 145.9 156.4 151 139.3 128.3 130.3 116.6 109.4 104.8 102.9 86.3 83.5 71.1 70 68.5 68.1 66.1 67.9 59.3 60.6 63.5 61.8 55.5 48 47.1 49.4 50.6 52 49.7 65 87.3 94.5 101.7 103.9 95.2 82.6 82.8 83.1 84 87.6 92.1 93.4 82.5 81.6 73.9 80.2 81.1 67.4 61 61.6 60.1 70.2 64.4 56.3 62.5 61.3 61.5 42.4 44.6 53.2 52.8 42 44.7 50.9 43.5 44 35.9 40.2 45.1 33.1 35.1 28.1 20 18 17.3 17.4 13.7 15.8 17.7 19.1 20 24.1 28.7
171 160.6 139.3 144.2 143.9 138.4 134 129.7 114.4 110.7 106.4 98.1 92.4 96.5 89.4 72.1 69.5 73.8 71.8 72.4 70.1 78.2 91.1 66.4 58.9 50.6 42.7 41.2 43.4 45.6 54.6 76.4 89.5 99.1 102.7 104.7 91.8 84.2 83.1 82.9 83.1 84.2 86.7 89.4 82.1 74.6 74.7 66.8 65.7 58.6 62.7 72 84 81.5 74.8 61.7 50.8 52.1 42.2 48 52.2 53.8 49.6 39 41.9 45.1 36 31.6 38.8 40.9 33.5 36.3 33.1 26.5 17.9 17.3 17.3 17.8 13.8 15.3 17.6 18.6 20.1 22.9 32.9
171.6 160.9 139.9 137.3 144.8 130.2 133.3 128.4 126.1 117.6 105.7 99.6 97.5 101.3 95.9 82.8 86.3 88.8 85.8 77.6 84.9 92.7 90.3 74.4 59.3 47.5 40.7 37.1 37.6 46.4 52.6 65.7 86.4 94.7 97.3 94.9 81.9 86.9 85.2 85.5 83.4 84 85.7 84.1 76.4 70.1 67.8 61.4 59.8 60.2 74.7 87.2 85.5 84.2 72.1 49.8 46.1 44.5 43.7 47.4 49.3 48.4 43.9 31.5 33.6 32 27.3 30.7 33.8 34.9 37 37.5 29.4 22.4 17.6 17.2 17 17.5 14.7 14.2 17.3 18 19.5 22.1 31.7
171.3 163.6 153.8 131.8 133.2 127.1 126.3 125 126 121.6 104.4 100.5 98.9 91.9 92.6 103.9 100.4 101.4 90.9 86.5 83.6 84.5 78 72.3 50.8 44.7 37.6 35.4 36.7 40.7 45.8 56.7 74.2 86.8 88.9 81.6 91.6 95 90.6 90.1 97.7 89.5 94.6 83.5 72.4 65.1 62.1 60.7 66.5 73.8 75.5 77.3 83 71.9 61.1 57.2 55 40.4 36.6 37 36.1 35.8 33 28.2 25.7 27.7 25.3 32.7 36.9 36.4 36.1 32.5 28.4 16.7 16.7 15.9 14.5 15 14.4 12.9 16.1 17.3 19.6 21.6 32
164.4 163 153.8 135.7 123.6 125 121.7 129.5 125 114.7 100.5 94.7 91.3 91.6 95.8 100.3 101.4 95.8 89.6 87.6 87.1 87.2 70.2 52.5 40.9 38.4 36.9 35.2 39.8 40.6 43.3 49.5 63 76.4 78.7 82.3 90.8 96.5 97.6 102.7 108.2 94.8 86.3 77.2 64.2 62.3 64.3 73.5 75 76.5 75.7 64 59.1 63.3 62 59 53 36.6 30.4 25.6 27.6 23.2 22.1 23.1 19 20.3 24.1 31.1 31.7 33.9 31.6 32.3 27.2 15.4 13.9 13.6 14 14.3 14.8 14.5 14.2 18.1 18.3 24.6 34.2
163.6 144.3 137.6 123.4 120.9 123.9 126 130.1 112.8 105.1 101.1 98.5 95 97.7 94.1 94.9 95.9 94.4 87.3 86.4 72.8 77.6 69.3 41.6 37 34 34.3 38.1 42.2 47 51.1 48.5 50.9 71.1 92.6 97.1 97 101.5 105.4 104.3 102.7 92.3 84.3 70.2 65.3 68.3 72.5 74.2 74 74.4 70.7 56.8 59.7 57.1 54.3 49.2 39.9 32 28.3 17.6 20.6 19.1 17 17.2 22 20.3 21.7 28.2 29.8 29.9 28.1 21.1 14.4 11.7 11.3 12 13.5 13.8 14.2 13.8 13.3 17.8 19.1 28.5 36.2
162.4 135.2 127.5 121.5 120.5 117.5 118.8 113.9 113 107.2 108.5 104.1 99.1 101.1 95.6 92 93.9 96.4 87.3 82.9 71.2 64 65.5 38 33.5 31.5 45.1 47.1 61.7 55.8 58.8 54.9 57.9 72.2 91 100.9 106.8 113.6 116.3 116.1 101.8 86.6 79.2 72.7 70.7 73.1 76.5 73.4 72.7 72.5 65 58.4 58.1 51.8 47.9 40.7 37.3 32.2 19.7 15.2 14.1 14.4 18.1 21.5 21.5 20.5 21.7 22 22.7 19.7 18.7 12.3 9.6 10.4 10.2 11.1 12.1 13.3 13.4 12.5 12.2 16.8 21.6 30.3 38.6
140.2 130.1 125.3 120.5 119.4 120.5 121.1 126 121.3 115.7 110.1 106.2 102.4 98.6 95 92.4 93.6 94.1 89.7 79.5 69.4 55.9 56.2 33.8 29.4 49.3 54.4 65.2 73.3 63.2 64.7 59.9 64.1 71.7 83.2 96.4 106.5 109.1 105.6 101.2 99.3 85.4 82.5 81.1 81.4 71.1 77.3 78 70.6 69.4 49.9 54.8 54.1 53.1 50.4 42.7 34.9 29.4 18.3 13.7 17 14.5 15 17.4 23.9 23.9 18 15.8 14.4 13.9 12.4 8.9 10.3 11.2 12.4 10.8 11.7 10.6 11.6 13.6 16.1 18.6 23.1 30.3 41.7
136.2 132.6 125.1 120.5 120 124.7 138.4 131.5 126.9 117.1 109.3 115.8 106.9 94.8 93.5 86.7 89 84 87.6 72.6 62.2 53.8 48.4 27.1 47.9 62.2 66.9 69.6 78.5 67.1 68.8 66.4 62.8 70.1 74.7 80.7 88.3 99.1 101.5 92.9 97.6 91.8 86.1 85.5 82.7 77.5 63.4 64 59.2 49.7 54 51.7 48.3 48.2 46 38.1 32.3 29.2 13.7 11.9 12.4 12.4 13.3 14.7 17.7 20.3 13.9 14 13.4 12.2 9.1 9 11 11.8 12.4 13 11.3 11.7 15.1 15.5 20.6 22.9 25.3 32.4 44.9
138.1 133 135.3 126 127 126.7 146.1 131.1 128.2 121.3 110.1 117.1 117 96.8 92.4 83.5 85.1 79.3 73.3 65.9 51.6 52.6 37.3 32.7 47.3 60 65.4 75.6 76.5 69.9 67.7 73.8 64.1 63.7 65.4 67.8 73.6 82.4 85.7 93 91.7 96.2 91.2 86.2 83.7 80.5 73.5 56.7 47.9 48.5 51 49.2 45.8 45.1 43.9 37.8 27.7 20.8 16.8 11.1 11.6 12.1 12.4 12.8 14.4 13.3 13.2 13.4 12.3 10.7 8.7 8.5 10 11.6 12.4 12.8 13 13.1 15.5 16.3 18.9 27.4 30.9 38.3 50.2
135.7 130 127.8 120.9 130 134.5 144.8 142 115.8 120 103.5 117.3 115.2 93.4 91 85.9 73.8 66.2 62 58.3 45.8 41.6 37.4 27.9 43.7 53.6 62 77.1 87.4 84.2 70.2 71.3 69.5 64.1 65.2 72.6 88.9 87.1 81.6 82.4 88.7 90 88.6 83.1 79.4 75.1 68.1 50.6 53.2 41.5 47.1 45.6 42.1 41.5 38.8 29.2 25.1 25.8 22.5 10.7 10.9 11.3 11.6 12.2 12.7 13 13.3 13.4 11.9 8.3 7.8 8 10.8 12 12.2 12.6 12.9 14.2 15.8 16.9 20.7 29 41.1 51.7 50.6
132.1 123.1 115.1 112.6 120.8 136.3 136 131.3 110.3 97.1 98.5 117.6 111 91.3 91.4 78.5 71.4 56.5 48 42.3 39.1 38.4 35.6 27.5 37.3 49.2 64.3 85.9 95.5 85.9 74.4 74.1 79.7 80.3 92.3 110 117.4 106.8 97.3 83.4 86 84.1 85.7 72.5 71.9 61.4 52.4 54.1 57.5 53.3 36.7 39.5 36.9 32 28.4 27.8 25.4 26.5 26.3 11.7 11 10.7 11.1 11.5 11.8 12.1 13.5 12.3 10.6 9.4 8.8 7.4 9.6 12.9 12.1 12.5 13.5 16 16.4 17.1 21.1 29.4 43.5 55.5 49.6
117 107.5 106.4 103.3 121.5 138.1 136.3 124.1 99.3 89.1 85.5 117.4 110.8 84.6 85.3 75.6 68.7 50.7 28.8 30.4 32.7 30.4 29 23.5 33.8 46 63.5 82.2 82.2 76.7 79.1 83.8 98.9 104.1 120.1 137.8 135.1 121 112.7 100.8 86.9 79.9 80.4 69.9 58.4 52.1 54.8 56.7 58.3 58.1 51 32.6 31.1 27.2 28 32.6 25.5 23.7 28.9 13.5 10.2 10.2 10.6 11.1 11.1 11.4 11.9 10.5 10.1 9.4 8.9 7.5 7.6 10.7 13.2 15.5 15.3 15.6 16.8 15.6 21.5 31.4 37.1 41.8 56.4
107.4 99.7 99.8 101.8 116.8 135.8 134.4 124.3 98.2 79.5 67.5 79.8 92.3 71.1 69.6 60.2 50.9 33.6 21.1 21.6 24.2 22 21.2 24.4 32.1 41.4 58.7 68.9 82.4 93 92.5 95 97 112.8 129.4 146.3 152.6 144.3 121 111.4 91.4 75 70.1 66.2 53.5 58 59.4 56.8 55.3 53 42.9 35.7 26.7 26 27.1 29.6 26.6 22.3 23.7 14.8 9.9 9.9 10.4 10.5 10.4 10.7 11.3 10.7 10.3 9.7 8.6 7.7 7.2 10.2 14.3 15.1 13.7 11.3 11.3 12.6 14.5 26.8 33.3 55.5 53.9
101.9 98.3 101.6 105.8 121.2 135.5 135.4 122.1 99.3 69 54.4 46.9 46 50.9 44.6 31.6 20.6 16 16 18.5 19.7 18.8 20.6 29.2 33.2 39.8 56.2 68.2 87.2 95.7 90.9 83.5 96.1 112.1 133.6 155.6 153.5 151.9 128.4 109.5 99.3 79 78.1 57.6 59.4 60.4 58.5 53.5 51.9 45.2 38.7 32.4 29.5 23.8 25 23.5 22.6 22.3 19.6 22.3 10.3 9.7 9.9 10 10.5 10.2 10.1 10.1 9.6 9 8.2 7.6 6.7 8.6 13.1 12.2 10.7 10.8 11.4 11.8 15.5 17.3 39.1 55.1 55.5
103 92.5 98.4 103.4 124.1 135.9 129.7 121.9 90.3 59.5 50.6 41.8 34 31.7 22 18.8 14.2 14.7 15.3 16 17.2 18.3 20.4 30.2 39.4 44.3 58.1 70.1 75.2 80.4 73.9 84 96.8 108.3 131.9 157.7 151.7 146.4 130.9 108.1 99.2 89.4 76.2 58.5 55.4 56.5 58.2 49.3 42 36.1 33.8 33 34.4 28.3 18.8 20.5 18.4 19.9 20.1 12.6 10.1 9.4 9.7 9.4 9.2 9 9.1 9.3 9 8.7 7.8 6.6 6.3 7.3 8.3 10.6 10.6 10.8 11.4 11.9 14.6 18 36.4 51.2 58.1
94.3 88.3 90.7 100.5 121 137.3 124.9 116.9 84 49.9 43.5 39.6 29.9 27.8 20.8 17.9 13.7 14 15 15.8 17.6 20.7 29.3 41.3 50.2 51.1 55.5 70.4 74.4 73.3 92.3 98.7 110.5 111 131.9 140.1 148.2 140.1 127 115.8 97.2 84.5 70.5 61.9 60 52 52.7 47.7 38.7 34.8 34.2 35.3 30.2 25 20.5 13.4 12.1 12.9 18.4 11.7 9 8.5 8.7 8.6 8.6 8.7 8.8 8.8 8.6 8.3 7.7 6.5 6.3 6.7 7.9 9.7 11 11.5 11.6 12.3 14.1 16.3 28.2 47.7 57.3
89.8 85.8 87.2 99.8 116.5 132.7 119.4 94.2 60.6 36.3 30.8 29.3 26.5 18.1 14.1 12.9 13.4 13.6 14.4 16.4 25.6 35.9 44.4 48.6 48.5 56.1 57.6 68.1 78.5 86.8 100.6 113.7 116.3 117.2 137.3 143.3 148.5 140.7 128 113.8 97 80.7 74 71.7 63 54.2 47 46.8 40.4 36.5 33 31.4 25.5 23.9 17 12.9 9.9 9.3 10.6 10.2 7.9 8.1 8.3 8.3 8.3 8.4 8.5 8.6 8.6 8.3 7.9 6.5 5.9 6.5 7.5 8.5 9.2 10.6 10.9 12.7 13.3 14.2 20.1 38.2 47.1
81.3 77.4 87.4 97.1 108 116.6 113.1 74.7 43.3 26.1 24.6 23.1 21.5 16.9 12.3 12.6 13.4 13.8 25.1 42.1 50.5 47.5 55.6 53.3 54.3 64.7 71.9 86.3 98.9 113.7 126.9 139.1 128.4 126 136 145.9 141.5 136.3 130.2 112.1 97.3 86 76 77.3 64.9 57.6 62.5 59.1 49.7 36.7 29.9 24.3 19.6 16.6 10.6 8.2 6.8 6.6 5.9 6.2 7 7.7 7.9 7.9 7.9 8.2 8.2 8.4 8.5 8.3 7.5 6.5 5.7 5.6 7.1 8.2 8.8 9.5 10.8 12.1 13.1 14 14.8 21.8 27.1
71.6 76.4 83.6 89 79.9 83.3 83.5 51.5 26.1 21 20.2 18.1 15.1 11.7 12 12.8 14.7 38.3 52 59.2 62.4 57.5 63.3 59.7 56.6 75.7 92.7 108.7 118.7 130.6 139.5 147.3 143.3 129.4 128.2 129.8 136.3 129.7 117.6 102.3 101.1 100 90.9 81 74.2 61 65.5 67.7 57.6 36.7 21.5 17.3 12.1 8.4 6.5 4.2 4.2 4.3 4.5 5.5 6.3 6.3 6.5 6.6 7.4 7.9 8.1 8.3 8.3 8.5 7.2 5.8 5.4 5.1 7 8 8.5 9.6 11.7 12.3 12.8 13.4 14.2 15.1 15.9
69.5 75.5 80.1 76 65.3 57.8 57.6 34.4 19.2 18.8 12.6 11.6 11.9 11.1 12.3 15.3 26.1 49.3 70.4 75.3 72.8 65.2 57.6 65.7 81.4 98.7 111.5 122 127.6 131.7 138.1 145 138.4 122.1 109 120.1 118.6 117.6 106.4 106 95.3 98.4 96.7 86.8 73.9 62.3 61.5 61.2 49.8 27.2 11 10 9.4 5.4 4.7 2.9 3.2 2.7 3 4.1 5.4 6.7 5.7 6 6.4 7.1 8 8.2 8.1 7.8 6.3 4.6 4.3 4.6 7 7.7 8.2 9.4 10.9 13.3 12.4 13.2 13.9 14.6 15.6
69.3 73.2 75.8 60.2 52.6 44.3 33.9 26.1 21.5 20.3 10.9 10.7 10.7 13.2 23.2 45.5 46.3 54.3 76.7 74.4 68.8 68.1 77.4 90.5 105.6 108.8 115.7 126.5 135.8 135 134.6 138.6 128.5 110.9 97.2 105.6 97.2 100.3 100.8 99.3 90.6 84.5 77.1 75.1 67.7 59.7 53.7 43.9 22.2 9.4 6.1 2.9 1.8 1.1 0.4 -1.1 -1.1 -1.1 1.9 3.2 4.9 5.3 5 5.9 6.3 6.8 7.8 8 7.8 7.4 4.8 4.7 4.5 4.6 6.8 7.4 8 9.2 10.4 13.5 13.1 13 13.7 14.5 15.4
65 68.4 62.3 54.1 48.3 40.1 33.4 25.6 21.4 18.9 9.6 10.1 15.9 36.6 56 53.5 51.9 52.2 66.4 64.1 65.8 81.6 96.5 104.7 105.7 109.3 114.3 122.9 135.3 138.3 132.9 127.4 113 99.6 105.8 93.5 90.5 97 99 88.9 82.2 74.2 65.1 58.3 51.4 44.2 32.7 17 7.9 4.3 1.7 0.8 -1.1 -1.1 -1.1 -1.1 -1.1 -1.1 -1.1 -1.1 3.9 3.8 2.7 4 5.1 6.5 7.4 7.7 7.7 7.1 5.6 5.1 5.1 4.7 7 7.5 8 8.9 10 12.2 13.7 13.4 13.6 14.4 15.1
62.1 60.4 57 50 40.6 35.3 32.4 24.8 12.5 9.7 9.1 12.1 36.2 51.9 56.7 53.3 55.9 58.7 60.4 62.1 75.8 95.6 106.3 105.7 107 110.4 115.1 119.8 119.3 133.5 129 118.9 113.5 105.3 94.1 93.9 75 86.5 89.4 82.9 72.8 62.3 46.9 34.9 22 13.3 15.4 6.8 4 -1.1 -1.1 -1.1 -1.1 -1.1 -1.1 -1.1 -1.1 -1.1 -1.1 -1.1 1.6 1.9 1.9 1.9 1.6 5.3 6.6 6.4 7.4 6.9 5.8 5 4.6 4.5 6.7 7.6 8.2 8.6 9.9 10.8 13.3 8.5 8.6 9.2 9.8
54.1 55.6 53.9 44 37.2 32.4 26 17.4 9.8 8.6 8.9 23.8 39.8 46 49.4 53.4 67.1 71.7 64.7 68.9 82.2 101.7 105.9 106 106.4 108.6 109.2 97.7 102.1 110.3 119.7 111.1 103.2 94.1 77.9 79.3 70.3 68.7 74.1 69 47.3 35.2 29.6 13.1 5.8 2.3 -1.1 -1.1 -1.1 -1.1 -1.1 -1.1 -1.1 -1.1 -1.1 -1.1 -1.1 -1.1 -1.1 -1.1 -1.1 1.3 1.7 0.8 -1.1 -1.1 2.5 3.3 4.6 5.9 4 3.6 4.3 4.7 6.3 7.2 7.8 8.6 9.6 10.1 9.3 8.6 8.9 8.8 9.6
47.7 47.9 41.9 37.4 32.1 23.6 18.3 12.9 9.3 6.5 11.5 23.7 36.7 46.9 61.2 70.1 71.9 72.5 71.4 70.4 81.4 94.9 105.3 105.7 99.8 97.1 91.5 98.9 103.8 102.7 96.1 95.6 94.5 79.7 66.5 66.1 62.9 53.7 47 39.3 31.1 29.5 11.7 6.8 -1.1 -1.1 -1.1 -1.1 -1.1 -1.1 -1.1 -1.1 -1.1 -1.1 -1.1 -1.1 -1.1 -1.1 -1.1 -1.1 -1.1 -1.1 -1.1 -1.1 -1.1 1.9 2 2.8 2.8 3.3 3.6 3.2 4.2 4.8 5.2 7.8 8 8.7 9.4 9.5 7.5 7.2 9 13 14.1
40 28.7 25.6 19.2 17.4 17.2 12.8 9.1 5.4 8.1 11.3 19.8 31.5 52 66 63.7 77 69.3 58.5 68.7 76.5 82.1 85.3 85.3 82.5 90.2 102 107.1 110.4 108 96.8 84.7 78.2 70.7 53.6 42.3 48.5 45.3 36.1 23.5 17 10.7 5.1 -1.1 -1.1 -1.1 -1.1 -1.1 -1.1 -1.1 -1.1 -1.1 -1.1 -1.1 -1.1 -1.1 -1.1 -1.1 -1.1 -1.1 -1.1 -1.1 -1.1 -1.1 -1.1 -1.1 2.2 2.6 4.5 3.4 3.5 3.3 4.3 5.1 5.2 6 7.6 7.3 6.4 7.1 7.1 7.9 11.9 22.4 29.8
17.5 16.8 10.2 8.2 9 11 8.5 6.1 4.6 6.8 7.9 12.4 28.7 46.1 58.6 72.8 52.7 49.9 58.3 67.5 76 83.5 87 89.7 98.5 108.2 117.3 119.1 115.5 113.7 100.8 82.8 66.6 58.5 45 28.4 28.1 28.7 24.1 15.5 9.6 3.9 -1.1 -1.1 -1.1 -1.1 -1.1 -1.1 -1.1 -1.1 -1.1 -1.1 -1.1 -1.1 -1.1 -1.1 -1.1 -1.1 -1.1 -1.1 -1.1 -1.1 -1.1 -1.1 -1.1 -1.1 2.3 3.7 3.5 3.6 3.4 4 4.4 5.3 5.5 4.5 6.8 7.9 8.6 7.3 8.4 12.8 22.6 31.9 44.6
8.2 6.5 4.9 5.1 7.8 5.9 5 3.5 4 4.8 5.9 9.9 24.8 40.1 42.9 37.5 39.6 53 66.7 77.9 87 92.3 96.2 106 116.9 129.1 126.4 121.7 119.2 117.3 100 78.9 58.1 46.7 37.1 20.9 13.5 18.3 12.1 7.5 3.7 -1.1 -1.1 -1.1 -1.1 -1.1 -1.1 -1.1 -1.1 -1.1 -1.1 -1.1 -1.1 -1.1 -1.1 -1.1 -1.1 -1.1 -1.1 -1.1 -1.1 -1.1 -1.1 -1.1 1.5 2.4 3.4 3 3.5 3.5 4.1 4.2 4.6 5.1 4.8 4.8 5.6 6.4 6.8 6.8 7.8 16 22.9 33.4 46.9
4.5 2.3 1.9 1.9 2 2.5 2.8 3 3.3 4 5.2 7.2 10.8 22 23.9 32.4 42.6 58.7 73.1 83.6 92.4 98.5 106.1 120.7 135.3 132.7 129.4 124.6 122.5 111.7 93.4 78 55.7 35.9 26.6 19 10.5 8.1 3.4 -1.1 -1.1 -1.1 -1.1 -1.1 -1.1 -1.1 -1.1 -1.1 -1.1 -1.1 -1.1 -1.1 -1.1 -1.1 -1.1 -1.1 -1.1 -1.1 -1.1 -1.1 -1.1 -1.1 -1.1 -1.1 1.9 2.7 3.4 3.3 3.7 4.5 4.6 4.8 4.8 4.8 4.8 4.8 5.4 6.1 6.5 6.3 7.5 10.8 14.5 25.9 42
