app/static/ascii/NM88.asc
ncols 200
nrows 200
xllcorner 180000
yllcorner 780000
cellsize 50
[rows 144 to 179 of 200, columns 0 to 79 of 200]
40.2 39.5 42.9 45.5 49.2 49.9 57.6 71 86.1 90.4 74.5 63.6 54.1 50.5 43.7 34.6 29.3 28.6 31.6 33.1 34.1 34.4 36 39.5 47.2 44.7 51.8 60.2 71.7 79.5 71.5 74.7 80.9 93.6 110.2 126.5 143.7 170 191.6 200 210.7 217.9 219.3 227.8 243.7 252.6 269.8 293.2 303.7 310.7 307.9 309.9 313.3 320.1 310.4 297.8 296.5 291 287.9 281.6 288.4 282.5 278.7 262.8 274.2 295.8 322.1 356 363 385 400.7 429 437 435.3 437.4 436.7 456 448.8 431 413.6
33.5 33.4 32.4 34.9 38.1 38.4 46.7 60.7 64.8 59.3 48.7 41.1 37.6 32.8 28.6 28.6 28.6 28.6 28.6 28.6 28.6 28.6 34.4 30.7 31.6 36.1 40.4 50.8 61.8 65.7 63.8 58.9 64.4 79.6 97.3 114.8 138 151.1 170.1 187.9 199.4 206.3 206.3 207.6 221.3 238.3 256.9 274.8 280.1 286.1 283 282.5 289.7 288 280.4 272.6 271 266.9 267.7 257 257.9 248.6 246.7 268.7 291.6 313.7 322.6 336.7 364 382.6 400.3 418 422.2 421.3 412.9 410.1 430.6 421.7 410.6 393.8
28.6 28.6 28.6 28.6 28.6 29.5 36 36.4 34.8 29.8 28.6 28.6 28.6 28.6 28.6 28.6 28.6 28.6 28.6 28.6 28.6 28.6 28.6 28.6 28.6 28.6 34 42.9 49.6 49 52.1 46.7 52 66.1 89.9 116.2 128.9 137.4 161.8 174.1 189.3 189.4 191.6 197.1 206.1 217.1 233.4 249.2 252.3 252.5 259.5 260.1 263.3 263.2 251.4 249 250.1 243.8 236.3 224.5 222.6 239.7 264.6 290.5 301.3 304.2 303.9 323.7 342.6 374.1 388.8 395.7 398.3 396 384.4 385.8 395.4 396.8 380.3 369.7
28.6 28.6 28.6 28.6 28.6 28.6 28.6 28.6 28.6 28.6 28.6 28.6 28.6 28.6 28.6 28.6 28.6 28.6 28.6 28.6 28.6 28.6 28.6 28.6 28.6 28.6 28.6 32.2 34.2 37.8 41.9 38.9 41.6 59.9 83.9 93.6 110 137.9 160.3 172 185.2 184.5 189 192 197.1 195.8 210.2 221.5 220.1 219.1 228.3 232.4 221.5 226.5 229.4 225.2 223.5 217.4 203.5 211.6 228.4 249 261.5 286.5 278.8 273.6 285.6 311.2 329 351.5 367.2 378.9 373.5 364.4 358.8 377.4 360.8 359.6 349.5 339.8
28.6 28.6 28.6 28.6 28.6 28.6 28.6 28.6 28.6 28.6 28.6 28.6 28.6 28.6 28.6 28.6 28.6 28.6 28.6 28.6 28.6 28.6 28.6 28.6 28.6 28.6 28.6 28.6 28.6 29.7 31.2 32.9 37.4 56.7 74.7 80.8 107.1 141.6 158.4 170.2 173.8 174.2 181.1 186.6 184.9 183.1 186.4 192.3 188.6 191.2 192.3 196 193.3 203.4 205.3 193.5 195.3 187.7 193.7 216 218.6 239.4 238.9 253.9 243.3 251.5 273.1 296.9 315.9 345.3 345.8 353.4 343.4 336.1 329.6 342.1 332.7 323.5 320 322.2
28.6 28.6 28.6 28.6 28.6 28.6 28.6 28.6 28.6 28.6 28.6 28.6 28.6 28.6 28.6 28.6 28.6 28.6 28.6 28.6 28.6 28.6 28.6 28.6 28.6 28.6 28.6 28.6 28.6 28.6 28.6 28.6 33.7 50.7 64.7 67 77.9 115.1 139 143.4 154.5 160.3 167.9 175.8 173.6 170.4 169.7 173.9 165.7 165.9 162.8 168.3 171.4 172.4 172.6 172.7 174.7 188.6 193.2 205.3 208.3 221.1 210.4 221.1 217.2 236.1 256.3 282 299.3 312.7 316.5 316.7 310.2 292.6 289.5 297.2 292.5 295.1 285.8 324
28.6 28.6 28.6 28.6 28.6 28.6 28.6 28.6 28.6 28.6 28.6 28.6 28.6 28.6 28.6 28.6 28.6 28.6 28.6 28.6 28.6 28.6 28.6 28.6 28.6 28.6 28.6 28.6 28.6 28.6 28.6 28.6 28.6 37 47.1 51.5 56 85.2 105.1 109.4 121.9 129.6 151.4 150.6 152.8 159.2 155.1 144.4 152.4 155 147 145.9 143.2 157.1 170.3 170.1 168.3 172.2 168.8 179.2 181.9 178.5 176 177.2 197.4 214.8 235.5 247.7 274.6 293.9 291.7 285.3 277 255.4 257.1 254.5 258.1 266.7 287 317.8
28.6 28.6 28.6 28.6 28.6 28.6 28.6 28.6 28.6 28.6 28.6 28.6 28.6 28.6 28.6 28.6 28.6 28.6 28.6 28.6 28.6 28.6 28.6 28.6 28.6 28.6 28.6 28.6 28.6 28.6 28.6 28.6 28.6 32.2 37.1 41.6 46.6 53.5 66.9 74.2 87.1 96.6 120.8 134.1 139.9 135.1 134.2 129.9 135.9 131.6 123.1 123.9 143.4 167.3 179.1 168.2 145.8 142.4 140.1 145.7 148.6 150.6 147.5 155.4 175.1 197.8 214 220.5 239.1 262.8 254.3 250.1 240.8 220.6 220.6 239.3 261.3 273.6 290.7 317.3
28.7 28.6 28.6 28.6 28.6 28.6 28.6 28.6 28.6 28.6 28.6 28.6 28.6 28.6 28.6 28.6 28.6 28.6 28.6 28.6 28.6 28.6 28.6 28.6 28.6 28.6 28.6 28.6 28.6 28.6 28.6 28.6 28.6 28.6 30.9 34.4 34.9 30.3 29.4 46 68.4 73.7 102.9 122.1 123 117.3 109.3 110.2 108.1 102.3 112.9 128.7 149.2 153.5 157.4 141.7 116.1 116 118.5 127.8 134.6 124.9 125 139.9 151.3 172.5 177.4 187.6 210.1 218.9 215.2 214.2 201.2 201.3 224.9 248 253.6 266.6 272.7 306.5
28.6 28.6 28.6 28.6 28.6 28.6 28.6 28.6 28.6 28.6 28.6 28.6 28.6 28.6 28.6 28.6 28.6 28.6 28.6 28.6 28.6 28.6 28.6 28.6 28.6 28.6 28.6 28.6 28.6 28.6 28.6 28.6 28.6 28.6 28.6 28.6 28.6 28.6 28.6 28.6 49 56.4 80.3 96.6 92.2 90.1 86.4 84.3 84.4 98 114.6 128.1 140.1 134.8 126.1 111.6 96.9 97.2 104 109.8 104.5 101.8 111.8 124.7 134.8 153 151.6 149.1 157.4 176.8 188.2 180.9 159.5 192.3 213.2 225.6 231.6 237.7 268 293.1
28.6 28.6 28.6 28.6 28.6 28.6 28.6 28.6 28.6 28.6 28.6 28.6 28.6 28.6 28.6 28.6 28.6 28.6 28.6 28.6 28.6 28.6 28.6 28.6 28.6 28.6 28.6 28.6 28.6 28.6 28.6 28.6 28.6 28.6 28.6 28.6 28.6 28.6 28.6 28.6 38.4 45.5 52 61.7 64 68.8 66.4 77.3 96 104.9 112.1 118.3 116.4 107 100.4 96.4 85.1 75.9 76.5 78.8 84.7 92.3 97.8 102.9 112.9 123.5 120.6 122.7 133.5 150.4 152.3 149 155.2 179.1 198.4 200 211.8 223.6 260 284.1
28.6 28.6 28.6 28.6 28.6 28.6 30.2 32.1 32.2 30.6 29.7 28.6 28.6 28.6 28.6 28.6 28.6 28.6 28.6 28.6 28.6 28.6 28.6 28.6 28.6 28.6 28.6 28.6 28.6 28.6 28.6 28.6 28.6 28.6 28.6 28.6 28.6 28.6 28.6 28.6 32.1 35.6 39.3 45.6 53.4 64.6 71.6 87.5 107 108.6 105.8 103.1 92.7 84.2 79.9 81.4 72.1 62.1 54.9 61.6 72.8 71.2 83.9 83.5 92.2 101.8 101.1 109.6 114.5 121.5 126.3 119.7 141.8 161.7 169.9 172.6 186 222.1 248.9 256.2
34.7 32 28.6 28.6 30 33.6 42.8 44.8 46.2 38.2 34.6 32 30.2 30.2 31.9 34.2 35.2 32.3 28.6 28.6 28.6 28.6 28.6 28.6 28.6 28.6 28.6 28.6 28.6 28.6 28.6 28.6 28.6 28.6 28.6 28.6 28.6 28.6 28.6 28.6 31.5 34.5 37.6 46 63.2 71.4 76.5 90.9 88.8 89.9 89.9 81.7 75.5 77.8 76.8 68.6 56.1 44.8 42.7 49.6 56.4 66.4 79.6 79.4 81.8 81.4 77.5 85 92.5 104.1 100 109.7 124.7 136.8 138.3 149.2 177.9 204.4 224.8 227.8
54 46.1 37.1 32 36.5 39.8 50.2 51.8 50.3 44.3 42.9 38.7 39.4 44 53.5 61.4 59.5 55.6 44.9 33.6 30.7 28.6 28.6 28.6 28.6 28.6 28.6 28.6 28.6 28.6 28.6 28.6 28.6 28.6 28.6 28.6 28.6 28.6 28.6 28.6 28.6 31.7 35.2 47.4 65.7 70.4 66.5 68.3 68.7 68.3 64.3 60.7 71.7 71.5 62.8 47.8 34.7 31.1 33.6 39.8 47.1 53.8 63.9 61.3 64.9 69.2 68 67.6 77.8 85.5 90.5 100.3 111.2 116.4 119 145.7 174.3 202.5 204.9 200.3
70.7 61.8 55 50.8 43.1 45.6 51.6 52.9 54.8 57.7 58 57.5 60.7 65.8 73.5 74 71.7 70.9 61.9 50.9 45.3 43.4 40.4 36.9 35.3 36.7 34.7 29.8 28.6 28.6 28.6 28.6 28.6 28.6 28.6 28.6 28.6 28.6 28.6 28.6 28.6 31.5 33.7 39.7 46.1 48.7 51.5 53.8 51.2 47.3 46.3 60.9 60.6 47.7 33.7 28.6 28.6 28.6 28.6 29.3 32.6 34 32.4 39.7 45.5 68.8 56 58.1 65.8 68.8 80.4 84 97.9 92 104.3 120.8 151.7 180.9 185.2 169.7
87.6 79.1 74.3 65.5 56.7 54.3 57.9 61.3 70.8 78.1 82.7 84.5 94.9 113.5 109.3 109.5 107.8 103.6 78.2 69.5 66.8 68.8 65.5 56.5 47 52.7 59.6 47 33.3 31.4 28.6 28.6 28.6 28.6 28.6 28.6 28.6 28.6 28.6 28.6 28.6 28.6 31 30.3 31.1 33.1 35.7 38.1 37.6 37.1 36 35.6 31.6 28.6 28.6 28.6 28.6 28.6 28.6 28.6 28.6 28.6 28.6 28.6 32.9 42.7 43.6 48.6 52.6 57.5 60.4 63.4 65.2 68.3 88.8 113.5 123.5 150.9 152.9 150
109.7 101.6 90.9 78.4 77.7 75.5 78.3 89.4 103.4 107.3 106.7 111 114.3 124.9 134.1 137.8 137.5 117.2 99.2 104.9 92.5 101.9 101.8 82.3 63.4 60 61.4 57.2 46.4 37.8 37.3 31.9 28.6 28.6 28.6 28.6 28.6 28.6 28.6 28.6 28.6 28.6 28.6 28.6 28.6 28.6 28.6 28.6 28.6 28.6 28.6 28.6 28.6 28.7 28.6 28.6 28.6 28.6 28.6 28.6 28.6 28.6 28.6 28.6 28.6 28.6 32.8 36.2 39.3 43.1 43.9 43.6 44.1 52.1 70.7 98.2 108.2 123.5 122 123.4
133 124.6 111.9 105.7 104.1 96.8 108 127.3 139.5 138.7 132 134 133.6 142.6 150 159.5 158.6 129 122.9 126.7 116.3 118.8 113.5 102.1 93.7 76.3 69.7 64.4 57.2 47.7 40.8 40.4 34.7 30.7 28.6 28.6 28.6 28.6 28.6 28.6 28.6 28.6 28.6 28.6 28.6 28.6 28.6 28.6 28.6 28.6 28.6 32.2 36.5 38.5 39 39.5 40.3 39.6 36.9 28.6 28.6 28.6 28.6 28.6 28.6 28.6 28.6 28.6 31 33.3 33.3 29.8 33.9 38.1 51.6 67.7 89.8 91.2 93.7 101
160.7 149.9 143.3 149.1 141.2 137.1 132.3 153.2 164.7 169.6 169.4 168.7 169.5 165.3 165.5 166.2 157.5 139.3 146 147 137 134.4 124.1 123.9 118.7 103.5 93 77.5 68.5 58.3 48 43.1 38.5 31.6 31.1 30.3 28.6 28.6 28.6 28.6 28.6 28.6 28.6 28.6 28.6 28.6 28.6 28.6 29 30 35.6 37.3 47 60.8 60.4 56.9 72 69.1 59.6 45.7 35.4 28.6 28.6 28.6 28.6 28.6 28.6 28.6 28.6 28.6 28.6 28.6 28.6 30.5 36.2 43.5 56.9 72.7 82.4 92.7
191.7 179.3 181.1 177.3 165.4 162.1 166.3 176.8 185.8 189.4 191.2 190.2 189.5 181.6 177.2 179 164.2 162.4 167.9 177.8 172.4 160.6 157.7 144.2 140.9 131.9 120.8 112.1 90.5 74.4 55.4 47.1 40 34.7 34.9 31.9 30.5 28.6 28.6 28.6 28.6 28.6 28.6 28.6 28.6 28.6 28.6 28.6 32.4 33.8 36.3 39.3 54.8 70.2 65.2 80.1 103 111 86.5 83.1 68.8 42.6 30.9 28.6 28.6 28.6 28.6 28.6 28.6 28.6 28.6 28.6 28.6 28.6 28.6 28.7 37.7 46.9 56.3 55.5
221.2 213.4 205.4 191.5 185.8 191.2 201.8 209.6 212.5 207.2 202.8 204.5 203.5 192.9 199.4 193.4 177.1 176.9 185.7 199.3 197.9 190.1 186.7 183.1 165.1 142.5 138.3 122.1 108.3 89.2 70.9 52.1 41.7 39.8 35.3 32.5 31.4 30.4 29.1 28.6 28.6 28.6 28.6 28.6 28.6 28.6 28.8 32.4 36.4 38.4 41.5 50.4 60.4 70.8 75 97.5 121.4 124.6 113.6 112 90.6 70.7 46.3 29.5 28.6 28.6 28.6 28.6 28.6 30.6 29.7 28.6 28.6 28.6 28.6 28.6 28.6 28.6 28.6 28.6
237.8 230.7 220.2 212.1 209.9 218 229.2 232.1 229 221.3 218.4 225.8 223 214.1 211.1 201.2 195.5 194.4 209.1 221.1 220.8 211.8 206.1 193.7 172.7 152.8 137.5 123.9 111.4 97 78.7 54.8 45 39.6 35.2 33.5 32 30.8 30.4 30.9 28.6 28.6 28.6 28.6 29.2 31.2 33.6 34.9 36.7 41.6 50.9 62.6 69.1 83.8 104.7 113.3 143.9 143.3 148.3 164.1 127.8 100.2 73.2 46.5 31 28.6 28.6 28.6 30.3 29.6 29.8 30 30.4 28.6 28.6 28.6 28.6 28.6 28.6 28.6
249.9 239.6 238.7 235.7 239.5 242.6 243.8 239.9 243.1 240.6 242.4 241.4 238.4 241.2 224 219.3 216.5 207.7 210.1 221.8 220.2 201.8 181.6 174.3 161.2 150.5 134.6 118.3 97.4 81.9 66.2 57.3 46.1 40.9 37.8 35.2 32.4 31.3 31 29.7 30.5 30.6 30.7 31.6 32.5 36.1 44.8 48.7 49.4 55.7 71.7 81.9 86.9 105.7 124.8 137.9 156.6 167.5 190.9 202.4 167.6 134.8 96.3 70.1 47.5 38.7 32.5 32.3 31.7 31.7 31.9 32.2 32.9 30.9 28.6 28.6 28.6 28.6 28.6 28.6
259.1 252.2 258.3 256.1 258.2 262.6 262 263.8 261 259.1 257.2 262.3 263.8 253.7 233 230.6 230.3 216.7 208.9 200.4 192.3 178 165.2 154.4 141.6 128.6 116.4 112 110.1 95.3 82.5 62.7 51.1 44 42.1 40.3 35.7 34.9 33.9 31.9 31.2 31.4 39.3 42 44.8 51.4 58.4 63.2 68.5 75.8 99.4 100 106.2 126.1 139.4 160.4 173.6 199.5 226 219.5 202.7 158.6 116.8 92.8 72.3 53.9 42.5 40.6 38.3 34 34 34.8 35.4 33.4 31.3 28.6 28.6 28.6 28.6 28.6
273.1 270.7 272.7 275.3 278.6 281.2 283.9 280.5 279 271.9 267.5 265.8 257 245.1 229.6 221.3 212.4 201.3 191.4 185.9 183 178.5 173.2 170.4 154.4 149.5 149.1 150.2 139.1 109.6 71.2 70.7 64 55.3 53.5 47 40.6 39.1 39.9 37.8 35.2 34.4 42.6 51.5 52.7 64 72.3 76.7 80.7 92.4 109.3 117.4 134.8 156.9 169.7 189.5 209.4 235.4 244 234.2 209.7 179.1 139.2 117.1 94.5 83.3 71.2 49.9 45 39.4 36.1 37.6 37.9 36.5 36.9 31.9 29.5 28.6 28.6 28.6
296.7 292 300.3 291.3 300.9 293.4 291.1 280.7 272.9 263.3 254.8 246.5 245.8 240.9 239.6 235 226.7 219.4 211.7 205.8 206.8 198.7 187.6 178.2 162 157.3 153.8 143.4 114.2 88.7 97.1 88.6 77.7 66.8 62.1 54.5 51.8 50.8 50.3 46.8 40.7 42.7 45.7 57.6 63.5 73.8 78.7 90.1 99.3 112.1 131.3 147.4 161.2 197.5 216.6 225.2 254.1 270.7 269.2 252.5 222 195.7 170.2 135.8 117.2 109.2 91.9 70.8 51.4 44.4 36.5 40.3 40.5 39.5 38.2 35.9 33.9 31.4 28.6 28.6
299.9 299.5 285.8 277.8 278.1 275.1 272.8 275.7 280.2 280.8 272 260.8 269.9 259.6 249 250.4 239.6 228.5 219.5 210.8 209.2 201.9 185.4 172 162 148.9 132.9 122.4 119.2 125.5 120 105.9 91.6 82.4 75.8 73 67.5 69.3 64.8 58.8 53.8 53 54.6 60.3 75.2 83 98.4 118 114.2 137.3 167.2 178.9 210 239.7 252 264.8 284.5 289.8 280.1 263.8 238.8 208.2 185 173.1 143.9 125.1 106.2 86 65 48.1 40.9 41.2 41.8 42.1 41.2 38.2 35.8 31.1 28.6 28.6
276.5 273.6 272.9 273.4 273.3 276 281.8 287.4 290.9 289.6 275.3 271.9 277.4 267.4 252.2 250.9 243.9 230.6 223.8 211.6 204.1 192.5 172.4 158.3 144.9 141.7 148.3 154.5 154.6 142.2 136.7 126.3 109.8 102.4 90.3 81.3 79.9 81.3 76.1 77.4 73 70.1 70.6 75.9 71.1 89 119.7 127 139.6 167.8 194.1 216.8 242.6 259.3 269.9 290.1 301.9 294.6 284.8 267.9 245 216.4 204.8 185.2 157.9 138.8 127.4 95.2 70.1 53.9 45.6 43 44.1 44.6 44.7 42.3 35.9 33.9 32.3 32.6
279.3 276.8 280.4 282.7 285.6 285.5 288 290.9 290.9 282.4 271 276.9 276.6 268.7 257 250 244.3 233.1 219.6 202.9 186.7 174.7 157.8 155.4 159.8 163.2 163.8 166.6 161.8 154.9 147.2 133.5 122.6 116.9 110.6 110.7 103.7 97 94.2 97.5 95 99.4 95 89.5 89.4 106.7 117.7 142.3 162.1 196.9 221.3 246.8 262.3 281.3 283.8 308.8 315.4 302.4 286.1 270.7 252.3 228.2 213.3 190 165.3 151.1 124.2 101.3 74.7 59.4 49.8 46.2 47.6 49.5 48.4 45.4 42.2 38.9 37.6 40.7
292.9 299.1 299.8 304.5 315.7 307.8 306.7 302.6 288.4 279.8 272.7 277.6 278.5 271.8 260 250.9 243.3 230.8 214 195.1 175.7 163.9 170.2 174.4 173.9 172.6 170.4 171.2 170.5 166.5 160.5 151.3 138.9 136.8 133.6 137.3 129 125.8 120.2 123.1 128.4 138.8 125.6 111.9 108.7 118.7 134.8 149.2 170 203.5 233.6 254.9 266.7 281.2 289.4 314.7 310.7 299.9 286.1 269.5 250.7 231.9 216 198.9 167.2 150.5 125.3 104.9 90 74.9 57.8 49.2 50.6 53.9 55.1 54.7 51.3 44.9 49.9 58.8
308.4 311.7 313.9 318.3 330 329.4 323.8 308.8 294.4 278.1 274.1 270.2 272.3 280.7 266.6 254.8 240.2 226.7 201.9 181.9 176.4 177 180.1 181.5 181.8 180.4 178.2 176.9 175.8 179.3 171.3 165.2 161.8 157.2 165 166.5 161.6 156.9 161.7 160.9 159.6 155 147.3 131.6 128.2 137.4 153.6 172.2 185.8 211.4 233.6 250.4 266.1 276.7 291.7 306.9 298.1 291.8 281.1 265.3 249.5 230.9 217.5 201.5 172.1 151.9 131.5 114.9 101.1 84.6 65.8 55 55.9 59 63.6 62.5 55 57.9 65 74.6
310.7 323 331.4 348.1 338.3 330.7 326.7 308.2 290.2 285.7 281.7 265.5 262.2 261.8 260.4 251.2 228 210.3 191 194.8 188 185.7 188.9 191.1 193 189.2 191.1 192 191.1 190.6 190.3 189.4 192.1 189.2 202.1 200.3 197.2 200 200.4 198.8 189.3 178 169.2 154.1 151.3 157.7 170.9 185.3 206.3 234.7 250.3 253.1 257.7 271.2 286.3 292.4 283.8 275.7 265.6 255.1 241.2 227.3 217.7 197.6 167.9 146.6 125.8 106.8 99 84.7 68.1 56.8 59.7 60.2 59.4 61.3 63.7 71.2 80.4 93.1
360.9 379.9 376.2 362.8 351.6 331.2 315.3 301.1 290.5 299.7 291.4 272.5 253.7 244.9 240.4 230.2 214 200.8 204.7 202.5 196.3 198.7 204.2 210.3 212.8 217.5 217.4 216 216.8 213.5 215 216.5 220.3 217.9 226.7 228.4 235.9 235.4 239.9 230 226.5 216.3 200.5 185 178.1 170.9 187.5 198.6 224.7 252.1 259.5 260.2 260.1 266.7 273 270 265.9 253.9 244.5 234.2 225.6 216.5 198.8 181.6 163.9 138 116.1 103.8 90.7 77.9 59.9 65.2 67.4 67.4 69 73.5 78.6 89.1 98.7 115.4
375.4 393.7 385.1 363.9 349.3 332.5 309.4 297.7 296.2 298.7 290.5 279.1 262.2 239.7 226.7 215.7 213.4 217.4 217.6 211.1 209 216.4 224.9 225 234.5 245.4 253.2 250 257.5 259.8 261.3 271.5 272 246.7 257.9 271.7 284.8 283.3 277.7 283.5 266.6 259.5 239.7 215.9 202.5 179.6 192 209.7 239 258.3 252.9 251.9 254.3 258.1 258.1 258.2 240.8 230.3 224.7 218.1 206.7 200.3 188.3 171.1 148.2 130.3 114.6 102.4 84.7 73.2 68.6 72.7 71.7 75 79.7 83.7 95.9 105.9 117.4 146.9
389.7 390.3 376.1 362.1 340.9 323.6 307.2 296.9 292.6 290.1 277.9 269.8 249.4 231.1 222.8 225.8 231.4 232.3 229.9 227 229.4 237.3 247.8 252.2 261.8 275.3 289.6 293.1 298.9 305.4 302.7 307.4 325.1 283.7 308.5 319.5 324.8 313.8 320.6 320.1 305.7 307.3 282.1 255.6 222.9 199.4 194.3 210.8 225.1 234.8 236.5 239.5 243.8 239.5 233.4 229.4 223.6 217.3 214.9 207.1 197.7 182.8 167.6 152.7 135.2 122.2 111.5 96.4 83.3 71.9 80.1 83.7 82.4 86 95 96.2 107.6 119.2 132.4 169.2
396.5 377.7 365.9 351.6 335.2 316.4 300.7 288 280.7 278.4 261.6 248.9 237 233.9 233.9 238.9 243.2 244.3 243.5 242.8 250.2 259.7 271.7 290.1 304.5 322 329.3 325.3 334.9 343.3 360 359.7 358.9 334.5 353.2 358.1 355.4 350.9 343.6 344 332.4 326.5 319.8 298.6 251.7 226.5 199.9 205.3 210.6 223.1 234.9 256.5 247.6 232.4 224.5 215.7 211.3 207.6 209.4 197.2 189.9 174.1 157 144.8 128.6 117.2 110.6 102.1 85.3 82 90.6 90.6 93.4 98.7 105.2 114.8 118.7 132.8 152.6 182.7
