app/static/ascii/NM89.asc
ncols 200
nrows 200
xllcorner 180000
yllcorner 790000
cellsize 50
[rows 148 to 184 of 200, columns 83 to 165 of 200]
636 640.6 647.8 655.3 661.8 656.1 666.4 679.2 688.9 681.6 674 664.3 655.5 632.5 610 594.7 584.6 574.7 558.9 544.4 535.6 529.7 525.8 521.5 521.6 532.2 549.5 560.6 563.6 565.4 578.1 595.5 623.9 638.8 646.9 658.8 665.4 678.5 666.7 651.7 628.5 604 582.7 568.5 569.7 557.3 543.3 524.9 505.6 485.9 472 458.9 451.8 439.8 431 415.1 405.1 394.1 378.6 368.1 360.1 359 359.9 355.3 356.4 359.2 358.1 359 344.2 342.9 338.8 345.2 333 336.1 343.9 347.4 332.7 326.8 327.3 307.6 296.8 303.4 317.6
644.5 650.1 650.1 667.2 675 678.5 680 689.8 700.1 702.3 697.4 688.8 671.8 658.9 640.5 621 605.7 599.9 580.2 563.3 552.9 549.9 546.9 542.1 543.2 549.4 575.5 585.6 589.4 590.8 600.9 607.2 633 641.4 645.6 657 664.7 667.8 640.7 627.9 603.3 578.6 562.9 548.6 535.1 520.1 508.2 496.2 484.7 465.4 448.7 433.3 419.6 408.6 396.9 382.6 372.4 365.5 359.9 352.6 342.2 330.5 325.3 317.1 327.1 314 314.3 303.2 306.5 304.7 297.8 295.8 300.5 305.5 311.8 307.9 286.7 275.6 262.7 260.8 251.6 248.7 264.7
652.9 650 655 672.6 688.4 692.3 695 700.7 708 718.2 721.8 708.7 693.1 684.2 668.4 646.9 629.2 615.4 600.4 588.6 579.4 576.9 569.8 566.2 574 582.2 580.3 599.5 615.3 620.7 625.4 627.4 635.1 645.5 654.5 660.5 660.1 646.2 617.1 602.1 564.4 545.8 533.8 528.1 512.1 493.9 482.8 469.7 460.8 449.6 433.3 412.7 401.1 385.7 368.6 356.4 341.6 331.8 325.4 321 320.6 318.9 298.5 290.6 281.1 277.5 271.8 270.5 273.9 267.2 263.7 261.2 255.2 265.6 278.5 267.9 248.7 237.7 229.7 220.3 218.5 217.5 225.1
658.5 650.4 661.4 682.2 702.7 713.6 712 707.6 718.5 722.5 726.1 716.5 706.7 705 691.9 677.8 659.5 643.7 627.6 617.4 612.3 603.2 596.4 602.6 613.9 616.2 611 612.5 623.9 640.6 642.7 641.8 645 656.2 665.7 664.8 654.3 620.6 595.7 568.6 544.4 525.5 509.5 498.4 483.8 468 461 449.2 434.7 422.7 409.7 396.3 378.7 364 348.9 334.6 316.2 304.4 299.2 296.5 292.3 286.7 270.8 256.9 249.6 245.6 243.6 245.7 242.2 239.1 232.1 229.8 229.9 242.1 250.8 238.5 223 206.8 200.8 203.6 200.4 192.1 197.3
656.9 659.8 668.7 689.5 708.7 718.7 717.8 711 724.1 723.5 720.8 717.3 713.5 710 709.9 705.8 687.1 670.8 656.4 646.4 645.1 636.7 646.8 648.4 648.5 642.1 648 646 643.5 647.8 650.5 649.6 649.8 654.3 662.2 661.8 640.9 606.2 579.2 552.6 530.4 505.6 488.4 473.6 454.5 441.2 431.7 422.6 408.1 398.7 382.5 364.5 354.7 342.4 329.2 314.2 295 285.8 275.6 276.1 276.6 268 248.3 232.2 226.7 224.3 221.2 214.7 213.6 211.1 214.1 210.9 219.5 228.3 225.4 211.2 189.1 180 181.4 180.1 180.4 179.3 180.1
656.1 668.2 671.3 694.9 713.1 720.6 712 701.9 705.3 704.8 703 699.7 705.4 706.5 699 692 684.4 690 687.2 677.2 670.6 672.1 673.3 675.2 676 667.2 671.9 665.7 660.9 657.5 660 655.1 657.5 657.2 657.4 641.3 625.1 604.8 571 535 507.4 488.3 467 444.3 426.9 413.2 401.8 391.4 381.7 374.3 359.9 337.7 325 319.9 310.7 298.1 282.3 268.5 258.1 253.3 253.6 242.7 231.1 218.2 210.9 208.2 205.9 194 198.3 191.2 200.7 209.4 219.6 210.1 196.8 171.3 162.8 163 160.7 162.5 162.1 169 178.4
656.8 658.8 667.1 696.7 703.1 699.2 682.5 670.8 675.3 683.2 679.7 670.2 680.3 684.8 679.3 675.2 675.3 681.2 694.7 699.9 686.2 681.1 680.5 691 692.6 685.1 679.7 667.1 662.1 660.3 660.4 660.9 657.8 661.1 651.5 630.7 615.4 591 559.3 529.3 505.2 475.9 448.6 426.8 409.3 392.4 378.2 368.6 358.7 347.5 328.1 307.2 296.3 300.7 298 285.4 269.4 256.1 242 235.5 228.7 219.2 215.2 210.4 199.7 193 181.5 162.6 160.8 165.4 163.6 183.9 180.2 177.2 161.3 144.3 139.6 145.8 149.9 148.8 154.4 158.3 166.2
633.2 637.6 639.7 642 650.3 648.7 641 643.1 649.4 655.2 653.3 649.3 661.2 670.5 665.4 658.7 659.4 669.2 681.8 698.3 688.6 679.9 670.2 678.8 682.8 679.5 671 662.7 659.9 658 649.7 651.5 658.7 641.9 635.9 628.6 613.2 567.5 534.4 507.6 487.5 459.1 434.4 412.3 390.9 375.1 368.2 345.3 328.8 311.4 295.5 277.8 269.1 273.3 260.8 254 253.7 240.8 232.6 227.3 218.4 207.8 204.6 202.6 190.6 175.9 161.9 137.5 129.9 130.8 132.2 150.3 160.3 147.6 126.9 122.4 136.2 144.5 154.9 147.4 150.9 163.3 188.6
606.4 600.6 609.1 610.8 617.7 613.6 612.9 627.4 629.9 626.1 629.3 627.4 639.1 642 652 648.8 652.4 653.6 661.9 675.7 666 660.7 652.6 653.3 656.6 648.7 643.3 643.3 639.9 631.7 626.8 626.3 628.3 622.9 619.4 605.8 570.2 537.1 506.1 478.8 464.4 442.7 415.2 394.6 371.6 352 340.2 322.4 302.8 281.1 268.3 249.4 238.5 232.6 236.8 231.1 227.1 227.3 220.5 214.1 207 199.8 201.4 193.6 171.6 151.6 142.6 118.7 108.7 106 106.3 127.5 138.3 124.3 118 128.6 142.4 150.5 160.8 158.9 161.5 180.2 205.1
585.2 579.4 575.7 578.9 588.5 596 590.1 604.4 607.7 607.6 613.1 614.6 616.5 624 638.2 638.6 644.1 644.2 651.7 659 650.7 644.3 638.1 642.4 636.9 632 628.3 622.4 615.2 600.3 595.5 595 590.5 585.3 581.7 557.8 535.1 512 481.2 452.9 432 412.3 398.3 380.7 358.8 334.5 310.4 298.5 283.4 263.5 242.7 225.9 211.4 203 204.2 205.5 215.4 217.7 204.7 192 188.2 192.2 181.9 170.6 144.5 136.9 126.9 99.4 90.6 88.8 102 120.3 121.3 118.6 144.5 180.8 182.2 174.8 171.5 193.7 189.4 194.1 221.2
573.1 567.7 555.3 556.3 561.6 576.5 574.6 577.1 580.3 576.6 588.2 597.8 602.7 607.2 614.1 624.9 631.4 630 642.2 637.7 623.8 622.8 620.6 621.8 614.3 615.5 608 593.6 588.2 575.7 572.7 572.1 566.7 559.8 546.9 528 506.7 476.2 450.6 426.1 406.2 393.1 382.6 366.4 340.3 316 290.7 275.4 257.8 236.8 219 206.2 192.8 180.5 181.2 191 192.5 193.2 178.6 160.7 161.2 164.4 159.2 146.1 123.7 118.9 101.8 80.4 76 79.6 95.6 114 117.7 142.9 177.2 212 218.5 207.9 214.6 222.5 213.4 214.2 243.6
556.5 549.8 539.8 531.7 544.2 558.6 561.6 559.9 567 559.2 559.3 571.8 571.4 583 588.5 605.9 613.4 620.2 615 613.1 602.7 597.5 597.7 601.8 600.1 600 590.2 578.8 571.6 559.6 560 558.1 557.4 542.7 523 505 475.3 450.6 426.3 402.6 383.8 364.2 348.6 330.7 313.1 291.8 273 254.6 236.5 215.7 198 186.1 175.9 164 160.9 158.9 156.6 155.9 154.1 139.5 143.3 143.8 141.7 122.7 108.2 96.6 81.9 65.6 69 80.3 98.9 108.4 136.7 166.8 207.6 221.6 258 241.4 250.8 248 239.5 237.2 270.3
532.5 528.6 521.2 508.7 523.1 537.6 539.4 540.8 543.3 538.3 544.8 549.1 554.7 564.4 573.9 588.7 599.3 607.9 604.3 590.7 577.4 578.2 584 580.2 582.3 582.6 577.2 566.9 554.9 545.4 541.2 541 534.6 523.4 502 481.3 460.2 428.7 403.1 380.1 359.6 347.2 326.6 300.7 281.1 265.7 248.3 230 214.1 198.8 183.5 166 156.2 145.8 146 144.7 138 133.3 128.4 113.6 120.5 130.3 119 106.1 90.5 75.6 62.2 63.4 80.8 114.1 129.3 139.7 158.1 196.9 229.3 284.5 279.1 268.2 293.8 286.6 271.5 270 278.5
505 507.5 496.7 478.9 488.4 510.2 513.6 518 516.9 523.9 536.4 543.1 544.4 557.2 566 572.9 577.6 579.7 584.2 581.3 564.8 550.4 552.4 550.5 554.7 571.6 568.6 550.9 541.1 531.6 522.5 525.7 517.8 498.1 476.3 452.6 430.6 393.5 381.7 361.2 335.6 314.4 297.8 280.7 261 243.4 227.3 214.1 200 183.1 164.2 148.8 137.3 131 127.6 130.4 125.1 121.8 113.7 93.5 97.9 105.8 100.6 87.7 73.7 61.4 61.2 84.4 104.4 131.4 178.9 185.9 191.8 214.9 285.8 303.9 296.6 298.4 326.9 317.9 339.1 326.4 319.6
484.7 483 471.7 452.4 456.9 477 488.5 488.6 495.7 504.7 518.1 532.9 533.3 536.7 544.9 555.1 565.4 565.4 563.3 561.2 548.7 539.4 536.9 524.1 527.8 549.7 549.9 524.1 515.2 506.8 504.4 503.6 488.8 470.5 442.2 410.7 385.9 364.8 348.1 330.5 317.9 293.8 275.2 258.4 241.3 226.1 211.9 200 184.2 165.8 144.5 130.3 121.2 123.6 107.5 113.2 106.9 105.9 100 86.4 77.9 92.2 85.9 65.8 60.5 58.5 86.8 108.1 137.4 164.8 207.4 224 227.2 242.2 300.5 328.3 326.4 340.5 355.7 369.3 379.4 373.4 367.2
464.4 461.6 450.2 434.6 430.7 442.3 463 468.2 477.5 478 490 504.8 506 514 520.4 540 548.7 552.8 540.2 544.4 548 532.3 517.8 514.3 509.9 511.7 517.2 499.4 490 478.7 463.8 460.1 449.7 430.9 413.2 391.7 376 353.1 327.6 310.8 297.8 278.4 259.9 242.8 224.7 205.6 192.7 183 165.8 143.2 123.7 111.5 103.1 98.6 83.6 92.5 87.7 91.4 84.5 70.3 65.8 82.5 77.9 52.8 59.6 70.9 96.8 124.3 155.9 191.3 235.5 251.1 259.6 279.4 329.8 346.9 360.9 370 376.6 404.9 409 406 399
449.6 441.8 428.8 418 404.2 415.9 432.6 457.1 458.8 458.3 466.9 479.5 485.6 493.9 513.4 530.3 532.8 528.9 529.4 525.5 530.8 515.6 504.9 505.1 499.5 498.1 494.1 479.4 466.1 459.2 448.5 439.9 437 423.9 407.6 386 366.6 336.3 312.4 290.1 276.2 262.2 247.1 231.7 208.8 185.7 172.6 160.2 141.2 124.7 106.1 93.4 86.8 76.7 63.3 68.7 78.1 81.5 74.9 54.6 63.6 77.5 55.6 56.4 70.4 95.4 115 148.2 178.8 229.9 266.5 279 303.7 333.2 343.8 362.4 383.8 390.1 400.9 426 424.2 423.8 423.8
432 424.2 412 398.8 386.6 391 402.4 429.7 436.7 438.8 448.8 455.1 460.5 475.5 494.2 506.7 514.9 519.9 503.4 505.5 509.4 499.5 490.2 496.9 488.1 483.1 475.6 468.4 456.6 447.2 439.6 423.4 419.3 402.5 385.5 366.5 342.4 319.8 298.5 276.6 257.8 240.6 229.6 209 185.3 165.3 151.4 136.3 119.4 103.2 92.2 84.4 68.9 56 52.7 56.6 68.1 74.7 63.9 43.8 46.2 49.3 49.1 63.7 83.4 118 133 177.3 222.5 261.2 291.9 304.4 334.3 351.6 360.7 377.4 395.5 410.4 424.2 434.9 440.7 448.6 451.7
404.7 408 394.7 381.4 370.2 373.5 385.2 400.2 411.9 421 425 433.8 445.3 463.1 482.7 493.5 498.5 505.1 495.2 477.5 476.7 473.2 464.9 465.2 459.2 456.5 453.3 448.1 437.5 439.7 423.6 405.7 397.4 380.3 367 350.9 331.1 311.5 284.4 262.7 237 221.3 203.7 185.8 168 151.4 131.8 116.6 96.6 85 81.2 76.2 49.5 39.5 44 50.9 58.8 62.4 56 38.8 39.5 51.6 63.9 80.7 104.3 130.1 151.3 205.1 260.4 294.7 318.1 328.3 334.4 355.5 374.5 399.6 416.2 428.4 447.7 459.4 470 473.5 476.2
382.4 385.8 380.2 360.5 351 356 363.5 381.1 392.3 400.1 405.5 418.7 429.8 447 471.2 478.7 472.2 483.1 486.6 467 446.6 438.8 438.1 430.8 424.2 422.2 424.8 417.5 417.9 412.5 400 384.8 375.7 367.4 359.4 338.8 319.7 300.5 278.9 258.9 231.7 212.1 195 172.3 155.9 139.4 120.3 101 81.9 67.7 66.6 54.3 29.4 28.9 33.4 38.6 43.8 46.6 43.3 30.5 47.6 60.7 71.1 90 111.4 134.4 165.2 219.1 287.7 314.3 332.5 350.6 353.8 373.5 397.4 423.6 438.7 448.2 456.7 474.1 487 497.1 502.6
365.3 368.7 360.6 340.3 333.5 335.1 346.1 359.4 370.6 379.9 384.3 394.1 410.1 433.2 449 454.3 439.1 448.6 454.3 438.1 420.6 414.9 393.3 390.6 382.8 393.8 385.5 382.5 391.6 387.9 386 368.8 358.5 344.2 331.6 317.8 300.1 280.8 264 242.7 224.7 205.4 181.5 162.7 145.3 125.2 109.8 89.7 67.8 53.8 48.4 33.5 24.3 23.7 25.1 28.4 29.7 40 37.7 35.9 51.1 70.6 81.3 106.4 122.8 159.2 186.3 222.8 285.8 329.1 350.5 369 383.1 400.3 423.2 444.8 460.6 475 473.3 499.8 511.8 521.9 516.7
341.9 345.8 328 316.5 319.2 321.6 337.2 341.2 349.2 358.9 365.8 377.5 385.6 411.5 421.8 421.2 413.7 418.5 419.4 398.9 390.3 373.2 364.6 348.3 350.4 354.2 348.5 352.3 365.2 371.7 358.3 341.5 342.7 321.4 311.3 302.7 280.8 268.1 255.7 235.7 213.4 193.3 172.8 152.3 134.5 108 91 75.7 54.4 43.9 36.5 25.9 20.2 20.6 20.6 24.1 30.5 42.3 29.5 38.1 54.6 71.4 88.7 116.7 143.7 180.9 195.7 246.1 290.4 337.7 365.5 384.9 411.2 422.4 441.5 459.6 482.5 496.5 502.9 517.2 522 526 531.5
310.4 309.8 297.9 288.9 306 300.7 317.3 317.4 322 333.4 345 354.6 360.3 376.1 388.1 385.6 370 379.3 382.3 359.8 349.1 343.6 341.4 323.5 312.8 322.6 319.4 329.8 334.4 342.7 334.1 323.9 316.2 293.1 298 281.3 273.3 260.4 241.3 221.3 205.7 180.7 162.3 147.9 123.7 99.2 74.2 60.1 45.3 38.1 29.8 22.7 18.9 18.8 19.1 22.1 27.5 29 30.1 45 58.7 76.7 97.9 134.7 156.8 176.9 213.3 262.6 298.2 343.4 373.2 405.4 433.6 444.8 458.9 476.9 496.8 518.8 527.8 532.8 542.7 551.3 562.1
283.9 279.2 274.3 262.9 281.7 277.9 292 295.8 300.1 308.3 330.3 322.8 327 335.8 351.8 358.1 339.5 335 338.6 327.9 309.5 311.4 309.6 305 286.1 290.5 293.3 297.8 316.1 320.8 318.8 293.5 283.9 260 262.1 255.8 242.4 232.8 215.7 203.6 191.9 168.8 150.9 133.4 107.6 84.1 67.8 52.2 40.3 33.8 25.3 18.5 18.6 18.9 18.4 22 26.5 28.2 29.8 50.6 73 93.1 120.6 162.5 208.3 229.5 250.3 279.4 313 350.1 385.6 416.2 440.5 455.5 475.1 496.7 515 523.3 539.1 543.4 555 565 564.3
237.6 247.5 251.4 242.2 236.2 253.4 256.3 267.9 277.4 283.5 293.7 287.6 293.3 310.2 317.7 323.9 315.4 301.9 293.9 286.1 284.7 290.6 292.9 286.7 264.4 270.9 280.3 286.8 298 304.5 284.2 259.5 248.5 238.4 220.8 221.1 211.2 198.3 176 175.9 164.6 151.8 132.9 116 86.5 65.1 54.5 42.3 32.9 28.5 20.6 18.9 18.9 18.9 21.6 24.7 29 33.1 39.9 59 92.7 121 161.3 184 232.6 266.7 294.5 310 330.3 376.8 410.5 419.9 434.6 456.8 481.5 485.7 505.1 514.3 527.3 533.4 541.4 547.4 559.1
217.4 222.9 225.9 218.7 209.1 225.6 233.1 235.3 238.9 251.9 265.1 263.1 270.2 288.2 295.4 293.5 277.5 268.5 266.9 266.4 271.9 275.2 285.1 275.8 251.8 242.8 257.9 257.1 259.3 259.8 245.6 231 220.1 206.8 189.3 185.2 163 148.3 140.6 136.2 132.2 119 112.5 86 61.8 44.9 37.8 30.6 26 21.1 18 18.3 18.4 18.4 22 25.5 30.9 38.6 50.5 76.6 115.5 156.9 231.8 249.5 256.2 289.4 323.3 347.1 365.6 380.8 410.5 423.6 434.8 439 451.6 479.4 497.9 497.3 494.8 493.6 504 527.9 535.7
200.9 206.1 205.9 197.1 189.7 191.3 202.9 193.8 195.6 220.8 237.1 239.7 244.2 256.6 263.5 252.4 250.2 251.4 250.3 247.2 248.2 251.8 251.8 247 233.1 213 221.2 227.2 231.7 225.3 212 205.7 201.1 175.5 160.6 151.3 135.6 118.9 110.2 104.7 95.6 87 75.7 58 41.1 30.2 24.3 21.8 18.6 17.6 16.6 17 17.4 17.9 22.3 28.6 42.7 51.5 67.3 112.7 156.5 195.7 252.5 289.5 309.2 314 344.9 369.7 386.9 401.6 402.8 407.4 405.3 411.4 431.7 453.1 465.4 462.3 460.8 464.5 469.6 496.1 535.2
189.8 191 183.7 177.5 170.9 168.5 167.3 168.1 172.9 186.2 205.8 211 214.2 224 227.4 242.9 244.5 239 227.7 220.8 222.7 215.9 215.4 217.7 208.6 201.4 182 194.7 207 211.1 183.5 193.4 181.1 157.6 133.5 112.7 100.7 92.7 85 78 71.7 60.8 51.5 40.5 30.7 20.9 17.7 16.6 15.7 14.7 13.7 13.3 15.5 17.4 22.6 37.2 54.8 69.7 111.9 153.4 207.5 244.8 278.5 321.7 339.1 360.6 368 380.4 381.5 381.2 377.3 376.2 373.3 388 402.3 416.4 417.8 421.3 429.8 448.2 459.6 473.8 509.2
175.1 169.9 160.6 154.7 151.6 150.8 149.9 148.5 146.7 152.5 175.9 184.9 193 197.2 214.1 243.3 234.5 219.8 207.2 189.6 197.5 195.5 192.6 192.6 189.1 176.6 163.1 164.5 175.7 185.8 159.2 149.9 128.4 111.2 101.6 88.9 72.9 67.1 65.1 60.9 56.1 40 27.1 28.7 23.8 17.7 14.9 14.5 14.4 13.5 12.5 12.8 14.3 16 31.1 48.7 63.1 101.3 135.6 182.3 241.1 282.5 317.6 340.8 350.7 359.8 358.1 355.2 349.1 347.7 351.2 345.4 350.8 357.8 364.1 378.1 392.7 399.7 399.6 440.6 459.4 450.2 462
160.9 150.6 138.1 132.5 136.5 135.4 134.6 132.6 127.2 129.6 150.1 161.5 169.3 193.5 204.7 217.3 214.4 195.1 183.5 166.2 168.1 169.1 178.5 174.1 164.9 154.4 149.9 142.4 141.6 145.2 128.1 109.7 97.2 85.4 71.4 60.6 53.5 50.3 49.3 45.1 41.4 34.4 22.5 20.4 17.7 14.3 13.7 13.6 13.5 13.1 12 12.6 14.5 22 39.4 54.4 80.6 126.5 156.3 195.4 254.4 288.6 303.7 308.4 327.1 333 328.8 331.4 314.2 309.8 310.3 320.3 322.8 329.3 348 363.3 362.2 371 370.1 374.9 411.6 419.8 433.3
137.1 130.1 117.6 117.4 113.8 117.5 116.7 114.5 110.5 113.1 128.5 146.9 166.4 182.2 192 197.5 185.3 169 163.5 146.4 138.6 144.9 143.1 144.2 140.9 141.3 138.3 126.4 124 112.3 106.5 97.4 79.6 69.1 60 46.5 38.1 36.8 38.9 34.8 31.5 28.4 19.6 15.5 14.8 13.3 12.5 12.7 12.5 12.4 11.6 12.4 17.5 29.3 45.2 66 100.1 144.4 174.7 211 241.1 258 260.8 291 291.9 300.3 294.7 286 271.6 274.1 290.2 296.4 299 305.9 322.3 337.6 342.3 345.8 344.7 346.8 366.4 387.8 402.9
111.1 105.5 92.9 98.5 93.4 96.3 92.5 91.9 84.9 93.3 118.2 134.3 154.3 164.8 180.1 180.7 162.6 157 145.5 130.1 120 122.2 127.8 122.5 116.4 120.3 120 117.9 97.7 95.8 88.1 78 63.3 49.3 41.6 34 28.1 29.6 30.5 25.5 22.8 19.1 14.6 14.2 13.7 12.5 11.3 11.3 11.5 11.5 10.8 26.9 32.5 40.4 58.8 87.2 117.8 154.6 188.9 215.8 222.5 226.5 242.7 248.3 248.5 249.6 243.7 242.6 250.9 264.6 280.4 282.2 278 280.5 292.6 313.1 317.1 325.7 337.1 331.7 342.8 354.3 372.7
84.6 78.7 76.8 73.1 72.3 75.9 71 66.8 72 83.6 102.7 127.6 141.5 160.2 167.4 157.8 144.6 131.4 126.5 116.4 107.8 105.1 107.3 106 97.1 95.2 96 94.9 82.5 73.4 66.6 56.5 46.7 35.2 24.9 20 19.2 17.4 18.7 15.5 14.3 14.4 13.1 13.3 12.6 12 10.1 10 9.8 10.3 25.9 37.8 45.4 56.2 71.3 100 136.6 172 196.7 204 197.7 204.1 213.6 218.8 217.5 218.4 221.4 239.8 244.3 256.1 265.1 267.1 263.2 263.7 274.8 292.8 303.3 302.6 310.7 318.1 323.6 329.9 342.8
58.9 60.8 57.8 52.1 52.7 59.8 61.4 57.9 69 79.7 89.2 114.1 122.2 141.3 143 141.1 125.8 117.4 113.4 105.1 97.7 88.8 88.6 89 81.5 78.2 76.3 74.7 68 57 54.9 46.2 36.1 21.7 14 9.2 9.8 10.8 11.1 11.6 11.8 12.4 11.7 11.2 11.9 11.1 9.8 9.8 10.1 17 37.3 50.8 57.6 70.4 94.9 128.6 157.9 169.9 176.9 178.2 182.8 178.1 185.7 189.2 197.4 204.6 222.5 239.3 240.8 248 258.3 260.4 259.2 259.7 269.6 284.2 286.7 288.6 293.2 301 309.9 316.5 322.4
43.3 42.2 35.4 27.5 36 39.7 41.3 50.3 62.3 68.4 75.9 90.7 100.8 117.4 119.8 122.8 116.9 112.6 104.5 94.5 87.5 77.7 71 72.3 66.2 58.4 57.2 59 54.6 47.6 50.5 39.1 24.5 12.5 9.2 9.2 9.2 9.2 9.2 9.2 9.9 10.4 10.6 9.2 10.2 10.5 9.9 9.8 10.7 24.5 42.3 55.6 67.8 83.9 108 130.5 145.8 150.6 153.4 151.5 149.7 157.7 163.4 185.5 210.3 221.4 239.3 238.1 238.5 248.7 262.8 261.1 255.3 258 262.3 268.5 275.2 279.5 284.9 288.7 296.1 299.5 302.2
19.2 18.8 18.1 19.3 26.4 35.5 40.1 49.7 55.6 56.5 64 70.3 90.2 97.8 104.2 101.9 100.6 109.3 92.2 81.3 72.7 58.9 43 46 44.2 39.1 34.2 30.5 33.9 32.4 33.6 21 10.7 9.2 9.2 9.2 9.2 9.2 9.2 9.2 9.3 9.2 9.2 9.2 9.2 9.6 9.8 10.5 15.2 31.4 42.5 56.3 71 88.8 103 118.3 123.4 122.9 120.9 137.1 146.3 162.1 183.8 204.8 220.2 233.2 239.5 238.5 237.9 239.3 243.5 253.7 254.1 260.7 267.5 270.8 269.6 271.8 280.1 280.6 285.3 287.3 293.7
9.2 12.8 13.1 14.4 22.8 32.5 42.3 42.3 51.1 60.8 63 63 69 78.4 91.8 87.3 82 87.7 79.1 69.5 65.5 51.6 30.4 25.7 20.9 18.7 18.1 16.9 22.4 18.5 15.1 9.9 9.2 9.2 9.2 9.2 9.2 9.2 10.2 9.7 9.2 9.2 9.2 9.2 9.2 9.2 9.2 9.3 14.9 27.9 38.5 57.3 65.8 76.7 82.6 93 102.5 122.6 139.8 151.2 165.4 185.7 214.2 223.1 239.9 251.2 256.7 255.7 253.7 264.3 268 268.5 270.9 277 282.7 282.5 277.2 278.4 279.5 282.2 283.1 286.8 292.6
