app/static/ascii/NM93.asc
ncols 200
nrows 200
xllcorner 190000
yllcorner 730000
cellsize 50
[rows 0 to 37 of 200, columns 86 to 171 of 200]
100.7 100.7 100.3 100.5 101.9 97.8 93.6 93.6 86.9 81.5 81.1 83.7 86.9 89.3 91.4 92.5 94 98.4 94.9 93.9 97.6 100.6 106.3 114.5 114.8 113.1 114.1 113.3 110.1 110 113.3 113.7 116.6 118.2 120.8 122.1 123.1 127.9 131.2 130.2 133.2 135.5 135.8 138.1 144.6 149 149.3 148.1 148.7 143.9 140.2 137.5 135.9 119.5 101.9 140 156.4 176.1 193.6 209.2 222.3 236.3 249.5 261.3 276.6 293.5 306.6 322.6 340.1 354 368.9 382.9 392 404.2 412.5 427.6 443.5 461.7 477.7 490.5 504.5 514.9 527.3 534.3 548.8 566.5
105.3 107.7 105.4 106.6 108.2 101.6 93.1 92.2 87.8 89.8 89.7 92.4 94 97.8 98 100 102 100.5 99.9 104.7 108.2 107.1 110.5 113.5 115.3 117.7 119.3 119.1 116.6 115.3 117.6 119 121.4 124.5 126.7 126.1 130.2 141 147.7 138.5 137.2 139.4 141.1 143.7 151.3 155.6 157.6 153.7 152.2 149.4 145.5 140.3 136 125.8 106.7 134 152.4 169.7 188.3 202.7 214.1 229.5 241.8 253.1 269.2 284.8 300.2 312.1 328.4 343.4 359.6 375.8 389 399.9 412.5 428.7 443.5 454.6 468.8 481 490.8 504.3 525 538.5 546.9 559.8
107.1 110.9 108 111.1 109.8 102.7 94.6 96 97.2 98.8 100.4 101.8 103.9 102.8 102.6 103.5 104.5 104.5 105.7 112.5 115.2 117 119.3 120.5 122.3 117.6 120.6 121 119.4 121.4 122.4 123.8 129.4 133.4 135.2 133.3 139.2 150.9 158.4 150.7 148.2 147.9 148.3 147.7 153.8 158.4 160.6 157.7 156.1 158 149.2 143.9 137 130.9 118.5 119.2 141 162.6 181.2 193.1 205.4 222.3 235.4 244.8 258.5 274.5 289.4 301.3 318.9 339.6 358.4 374.1 384.8 402.2 413.4 428.7 442.5 455 471.1 478.8 484.1 503.5 516.5 528.2 540.4 546.5
108.1 111.2 111.9 110.8 108.3 100.9 99.6 104.1 106.9 107.3 108.3 110.4 109.5 107.4 106.3 106.1 107.9 105.5 112.1 119.2 123.6 128.4 127.9 129.3 129.7 121.2 123.5 125.2 126 127.7 128.2 131.1 137.1 143.2 144.8 141.6 148.3 158.1 168.4 159.5 158.3 157.1 156.6 154.6 156.9 159.4 160.9 160.7 160.5 162.3 152.5 146.1 137.7 133 119 123 127.8 151.3 168.5 184.8 198 214 227.2 240.2 256.4 275.7 288.7 302.2 319 333.9 351.9 368.5 382.6 395.2 416.6 430.4 442.8 458.8 469.9 473.1 487.2 496.3 508.6 518 527.1 533.1
110.8 112.1 111.1 109.2 105.9 104.5 108.9 114.1 114.2 115.2 115.2 116 115.9 114.2 112.5 113.2 114.8 110.6 117.6 124.3 127.5 129.4 129.7 131.5 129.3 126.5 128.3 129.8 130.4 130.8 133.8 137.7 148.4 155.1 154.8 150.3 153.1 163.4 171.5 170.8 165 165.9 166 167.6 163.4 167.3 162.9 163 163 163.1 155.2 145.9 138.4 128.8 120.5 124.2 127.9 146.6 171.1 176.7 189.6 207.6 219.6 233.5 247.7 270.7 285.5 300.5 314.4 330.8 349.4 370.6 378.5 397.5 411.9 428.7 439.1 450.6 464.6 476.1 484.4 497.7 508.2 516.8 528 531.8
114.6 114.9 111.6 112.8 111.5 110.1 118.1 120 119.2 119.1 117.8 116.7 121.5 119.5 118.1 116.8 110.7 115.1 120.9 125.8 128.7 130.5 131.4 133 131.9 131.4 131.7 134.4 136.7 137.4 147.5 157.7 165.7 170.6 167.9 157.7 158.6 165.9 173 178.7 173.1 173.4 174.6 171.1 170.6 172.1 168.6 165.7 164.2 161.6 154.1 145.2 139.1 120.7 122.4 125.7 128.5 139.1 162.6 177.8 186.3 199.7 212.7 227.9 247.2 266 285.2 298.4 312.4 328.1 344.6 368.4 380.2 395.8 413.4 420.8 430.9 444.5 461.1 479.3 482.7 488.6 502 511 520.6 523.7
115.9 116.2 119.7 120.8 118.6 113.4 124 126.1 121.8 120.8 119.8 125.9 126.2 118.7 117.9 111 110.8 121 124.5 127.3 129.9 131.8 132.9 134.9 136.9 138.5 138.1 141 145.2 155.9 162.3 172.4 182 183.4 182.8 176 167.3 169.2 174.8 182.6 181.2 181.2 179.2 177.9 179.8 177 174.5 171.1 169.7 168.4 156.6 146.5 139.8 121.1 123.3 125.1 130.5 131.8 153.7 170.5 183.7 195.5 209.6 224.7 245.4 260.5 279 295.4 308.3 324.9 343.3 361.6 377.4 390.5 408.4 417.5 428.2 439 452.9 467.9 471.2 478 488.9 503.8 510.9 513.4
117.3 119.9 122.7 123.7 122.4 125 129 128.2 126.1 126 127.2 125.4 119.8 120.4 113.4 112.3 114.4 119 123.1 126.9 129.6 132.3 134.4 137.1 140.1 144.6 148.4 148.6 160.1 168.3 174.6 184.1 188.1 188.5 194.2 189.2 180.2 179.7 185.2 190.4 188.1 188.4 187.4 183.9 182.9 182.1 181.5 174.9 171.5 165.8 156 146.7 138.8 121.5 123.6 124.4 130.4 133.1 142.3 163.6 179.2 190.6 205.9 220.2 239.1 252.7 268.6 286.1 303.1 323.2 340.4 359.4 374.1 392 406.7 410 418.9 434.3 442.8 452.5 456.6 465.7 477.8 489.2 497.2 505.4
122.6 122.2 125.8 126.1 122.2 136 133 128.4 126.9 125.4 124.1 123.9 121.7 121.8 118.4 119.4 121.5 122.3 124.4 123.3 126.6 131.7 136.5 142 146.7 152.3 153.3 157.6 167.7 176.1 183.9 188.5 192.4 193.5 195.9 197 195.9 195.4 192.9 199.8 193.8 198 196.7 187 184.2 184.7 185.8 174.9 168.4 161.7 155.3 146.9 137.1 122.7 124.2 126 126.7 132.2 135 155.1 172.3 187.3 201.8 218.3 235 249.9 266.8 282.5 299.7 321.9 339.3 360 381.6 388.3 394.5 402.4 414 420.8 429.9 442.9 443.7 459.7 472.3 476.3 482.2 496
129.3 128.9 129 127.6 124.7 136.2 132.1 130.6 126.5 126.5 126 126.2 129 133.7 134.1 134.3 129.2 127.5 128.2 124.5 127.4 132.7 142.4 147.4 152 156 157.4 166.5 173.3 180.4 188.9 192.8 197.7 199.5 203.1 206 203.7 201.1 198.9 204.6 199.9 206.5 196.7 190 183.1 183.9 178.1 172.6 165.8 159.6 155.9 148.3 141.4 126.8 125 128.8 127.6 129.7 135 148.3 164.7 178 196.7 212.4 231.3 249.7 270.4 289.4 299.9 317.5 337.3 357.2 373.2 376.6 385.8 395.2 405.6 412.4 420.8 432.2 438.1 451.1 463.7 473.3 475.7 484.1
133 136.1 130.5 128.3 127 135.4 134.7 130.4 130.3 128.2 129.1 132 144.5 144.1 143.8 142.2 137.1 133.3 129.8 127.2 130.4 136.8 145.6 149.6 151.9 158.6 167.3 174.4 180.1 186.4 190.8 195.1 202.3 205.6 208.8 211.5 212.1 209.6 211.5 210 204.9 205.9 199.1 191.3 184.9 182.5 173.4 169.2 165.6 161.8 156.4 151.4 144.8 131.1 122.9 128.6 129.5 128.6 132.4 139.1 155.2 175.1 197 208.4 229.4 248.9 270.8 292.8 305.1 318.8 333.4 346.5 367.7 367.4 374.4 382.2 399.1 407.2 415.7 425.5 435.8 444.4 458.9 463.1 469.9 475.8
133.3 133.4 136.7 131.4 132 133.2 137.6 133.7 133.2 132.1 139.3 140.8 144.8 145.2 146.1 147.6 141.1 137 132.9 131.3 134.9 136.3 142.1 148 155 168.5 178.1 180 184.1 190.5 192.7 198.3 207.2 210.5 213.4 215.8 217 217.6 219.1 219.1 210.7 204.3 199.9 193.3 193.7 189.6 184.6 170.2 167.1 165.9 159 150.9 144.2 138.8 125.9 124.8 129.8 130.1 129.8 137.4 151.5 166.4 189.5 206.1 227.5 247.3 262.6 286.2 304 313 318 341 356.2 361.7 367.2 377.5 390.6 403.8 408.6 420.9 428.2 433.2 443.7 451 463.5 468.6
137.6 139.4 137.5 135.4 137.9 138 138.7 134.3 137 138.3 140.8 143.1 145.2 146.6 149.3 150.3 140.9 139.4 135.9 137.1 141.4 140.1 147 156.3 165.6 174.5 180.6 180 182.9 187.6 195.4 204.7 211.7 214.9 218 218.5 220.1 220.6 220.1 217.5 210.9 204.9 201.1 203.2 202.5 190.7 182.6 180.9 172.3 167.3 160.6 156 152.7 139.8 130.1 125.2 127.9 130.8 129.3 132.2 144.8 159.4 180 196.5 217.6 236.2 256.9 274.9 285.8 292.3 305.6 330.4 341.7 344.2 359.1 369.8 381.2 397.5 402.3 412.8 417.2 423.9 432 438.9 447.2 450.5
138.6 140 143.5 139.9 140 139.4 138.4 136.7 136.4 137.4 142.2 145.7 147.4 147.6 149.3 147.5 146.3 140.4 140.6 137.6 142.6 149.4 154.5 159.5 166.2 173.1 176.4 175.8 179.2 188.6 197.6 206.5 214.1 217.6 216.1 218.6 221.7 220 217.1 213.6 205.4 204.5 202.6 205 195.4 190.3 187.1 187.1 182.4 176.7 171.3 165.9 155.9 147.9 134.4 125.9 125.1 130.9 131.3 130.1 138.2 152.4 169.3 186 203.8 222.5 241.8 252.9 265.8 276.6 294.1 314 327.2 337.5 343.2 359.8 368.7 379.8 392.8 399.4 410.6 415.2 422.3 433.4 435 435.3
143.2 143.7 145.4 141.6 141.7 140.2 137.8 136.5 137.3 140.8 144 146.8 147.9 146.7 146.1 148.4 142.7 139.5 138.7 139.4 145.9 151.9 150.8 159.2 164.6 165.7 167.5 170.2 175.2 187.2 195 202.7 209.4 206.5 205.1 209.5 211.2 209.8 211 196.8 196.9 199.3 200.9 200 197.9 195.8 192.9 191.5 187.7 184.3 183 173.6 162.6 156.5 147.4 133 125.2 128.4 133.2 131.8 132.2 142.5 155.7 172.6 192.2 208.5 220.1 233.3 249.1 263.1 283.4 307.9 320.2 328.5 329.5 343.7 352.4 367.9 378.9 386.1 396.5 401.2 403.3 413.1 421.2 425.2
146.9 146.8 144.4 145.1 142.6 140 138 143.2 147.1 144.1 144.5 145.4 147 146.8 144 143.6 135.5 135.3 136 140.4 143.9 144.4 148.1 151.4 154.9 155.2 161.8 170.6 177.8 187.2 188.2 191.5 193.9 190.6 193.9 194.8 198.5 197.1 195.9 193.5 193.3 195.8 197.9 200.6 202.5 200.4 197.8 194.5 191.7 191.1 187.2 179.1 168.7 168 158.7 142.1 126.4 126 132.5 133.5 131.5 133.4 145.1 157.7 173.2 189.3 202.8 208.8 231.2 243.8 271.9 295.3 302 309 314.1 323.7 337.9 348.3 356.1 370.6 385.3 393 402.5 408.7 414.1 413.6
149.8 151.6 148.6 150.2 149.1 143.8 144.4 149.5 148.1 144.5 143.1 142.2 140.9 137.7 131.9 130.8 126.5 132.5 135.5 134.7 133.9 136.5 141.1 147 152.5 156.4 165.4 172.7 176.6 182.6 186.2 184.2 187.4 187.7 187.8 190.6 192.8 192.4 190.5 188.7 189.2 192.1 199.8 202.3 203.1 202.7 202.4 197.8 198 196.4 191.6 183.4 174.2 169.3 162.7 151.7 143.9 127.7 129.9 135.7 134.9 133 136.4 146.4 157.8 173.4 188.1 197.9 214.4 229.9 254.5 270.6 277.6 285.6 297.9 310.1 324.9 338.8 355.8 368.6 381.9 385.9 391.7 394 404.1 413.8
149.9 150.7 149.6 150 143.9 143 143.7 145.9 144.3 143.8 143 141.2 137.9 128.1 123.6 123.6 124 126.2 126.7 128.6 129.4 132.9 135.9 143.2 147.5 152.5 160.1 166.6 171 178.2 177.8 179.2 182.7 183.4 184 187 188.5 188.5 187.9 186.4 188.8 193.3 200.8 203.7 205.3 206 205.4 203.9 204.9 202.5 196.7 187.8 178.5 174.9 167.3 157.3 147.1 136.5 127.8 133.8 135.6 135.4 134.6 136.9 147 157.6 173.5 187.9 198.4 214.7 235.3 246 257.2 263.5 286.1 307.1 316.9 333 346.9 365.1 368.8 368.5 388.9 395.3 404.4 415
149.5 146.7 146.2 144.6 142.1 144.7 143.5 144.7 144.6 144.4 142.9 136.8 123.6 123.6 123.6 123.6 124.9 125.6 128.9 131.3 130.2 136.3 138.5 141.5 147.8 155.2 162 168 169.6 170.5 168.6 171.3 179.8 180.3 181.8 184.5 185.1 185.2 184.9 188 191.4 195.8 204.5 206.6 209 213.9 215.6 212 213 210.9 205.4 196.6 186 180.2 171.6 164.6 151.3 144.2 134.2 128.6 134.4 135.7 135.3 138 139.7 144.5 155.5 172.2 185.3 198.3 215.4 224.4 237.4 254.9 274.5 293.9 309.6 318.1 335.3 351.9 353.1 364.9 385.4 395.1 401.4 410.5
150.6 147.8 143.7 142.5 143.7 144.2 144.4 144.7 144.8 141.8 138.3 123.6 123.6 123.6 123.6 124.6 126.1 132.8 132.2 131.8 135.2 145.3 149.1 153.2 151.9 156.6 162 164.3 162.5 163.6 167.6 175.7 175.4 179.9 181.3 183.7 185.6 185.1 186.8 196.6 200.2 202.8 207.9 213.1 220 223.6 214.7 217.7 218.9 220.4 215.7 205.9 194 185.4 177.9 170.9 160.4 149.6 141.9 134.2 130 131 137.4 138.7 139.4 141.6 146.2 156.2 172 186.5 199 210.1 222.4 240.5 262.5 278.8 296 309.4 325.4 336.6 348.2 360.2 376.2 388.2 392.7 403.9
153.6 149.3 144.6 149.8 147.5 144.5 142.5 139.4 137.2 132.6 123.6 123.6 123.6 123.6 125.5 131 131.5 129.6 131.5 134.2 143.6 150.2 154.5 153.6 156.7 155.5 156.2 157.5 166.6 168 169.6 178.4 180.2 180.4 181.8 183.6 186.3 187.7 190.5 199.2 204.8 209 218.5 224.6 226.8 224.8 220.7 224.1 223.8 224.2 219.7 208.3 196.8 189.2 182.5 177.4 167.5 157.9 148 142.9 137.1 132.3 132 135.5 140.5 140.9 142.7 147.2 160.8 174.3 187.5 200.8 212.2 226 241.5 263.7 280.9 303.7 320.6 340 347.7 370.8 388.1 388.3 391.9 406.1
155.2 149.2 150.1 150.7 148.9 144.3 140.2 134.6 125.8 123.6 123.6 123.6 123.6 125 129 131.8 133.8 132.2 131.3 141.5 150.2 153.7 154.3 154.4 158 159.8 164.7 163.3 167.5 174 170.8 175.7 180.3 183.1 184.4 187.2 186.8 190.6 194 200.7 206.5 216.2 226.5 229.6 234.1 230.3 227.4 228.3 229.1 229.5 227.3 210 198.8 191.6 187 182.8 174.9 166.2 157 149.7 140.7 140.9 131.4 132.5 136.8 141.6 142.6 146.7 153.2 162 174.5 190.7 202.7 214.9 230.6 250.2 269.9 284.1 314.3 329.8 343.8 367 384.2 388.4 391.4 407.6
152.6 145.7 151.2 149.6 146.6 139.7 138.3 130.7 123.6 123.6 123.6 124.1 127.5 129.3 130.9 133 134.8 134.4 139 147.6 149.5 153.3 155.8 157 159.4 161.2 160.6 164.4 168 171.3 173.6 178.5 180.3 185.2 186.2 189.7 192.1 192.9 196.9 202.2 207.1 217.4 227.9 232.6 232.7 233.9 236.2 231.7 229 225.7 217.4 208.1 199.2 192.5 190.3 187.6 179.9 172.2 163.7 154.7 141.4 146.8 141.3 132.6 134.1 137.1 140.8 143.8 147 152.9 164.6 179.1 193.5 204 222.9 241.3 260.3 284.2 308.8 318.9 342.2 365.2 378.5 380.3 387.6 402.4
147.1 146.2 148.6 146.3 142.4 137.2 133 130.2 123.6 123.6 123.6 126 132.6 132.3 131.4 133.2 143.4 145.4 145.4 150.8 151.2 154.7 159.4 159.9 162.2 165 165.2 163.4 168 171.8 175.9 178.3 181.9 184.5 191.2 195.6 196.5 195.4 199.8 203.8 207.3 219.5 226.2 230.4 231 232.8 234.8 232.1 227.7 224.1 217.4 209.2 200.2 192.4 192.1 190.8 183.2 176.7 170.8 164.3 164.7 158 151.3 142.2 133.5 134.9 136.3 139.5 144.2 151.3 159.5 166.7 183.4 201.3 220.3 237.1 253.7 280.8 295.6 314.2 331.4 357.8 366.2 380.8 392.1 400.1
148.6 149.9 146.9 143.5 141.3 136.6 132.6 123.6 123.6 124 129.7 131.4 133.1 133.4 132.9 145.2 152.1 155.4 158 155 159 159.5 161.4 162.5 165.6 168.4 168.8 168.5 167.4 170.3 172.7 179.8 182.7 190.3 196.7 200.3 203 200.2 203.4 208 211.2 224.3 224.7 227.4 230.1 231.7 233.6 230.9 227 222.5 215.1 209.4 200.9 191 191.4 190.8 183.8 177.8 174.3 173.7 172.4 169.7 164 150.3 144 133.6 134.5 136.6 139.7 149.8 157.6 166 178.5 194.9 215.2 232.1 248.9 272 293.7 315.1 326.8 337.1 358.9 379 385.3 393.2
150.7 147.7 143.1 138.8 135.7 134.6 131.5 123.6 125.3 126.6 131.6 130.3 132.6 133.5 147.6 151.7 152.9 161.1 163.4 159.6 161.2 162.3 162 163.1 165.7 167.7 169 169.1 167.8 169.2 173.1 182 187.5 193.5 200.7 205.5 208.4 209.2 208.5 213.5 217.2 227.4 227.4 225.7 230.6 231.6 233 231.1 226 221 216.4 207.8 200.7 190.5 187.1 185.4 180.2 183.2 181.3 186.1 186.1 182.3 177 168.5 153.3 150.1 141.1 135.2 136.9 147.6 156.6 165.9 178.4 189.8 207.9 227 244.1 265 290.1 308.5 329 344.6 356.9 362.8 374 384.5
151.1 145.3 140.6 136.8 130.6 132.4 124.6 125.1 128.5 127.8 128.5 131.4 133.4 143.8 146.5 150.9 160.7 162.2 168.5 161.7 161.8 160.9 160.5 164.7 167.3 168.7 170.1 171.8 171 169.8 184.8 187.5 188.1 195.9 204.4 208.9 213.3 216.1 219.2 220.2 220.1 226.5 224.9 226 229.1 231.3 232 230.5 227.8 222.5 217.7 209 200.6 188.4 187.2 189.8 191.6 192 189.3 194.6 195.8 199.4 192.6 184.2 169.9 154.4 150.8 144.7 136.4 139 152.5 164.9 176.8 186.2 203 222 242.9 263 281.9 302 313 334.2 350 359.3 371 379.1
145.9 141.2 133.6 128.9 126.8 125.1 125.1 129 134.7 135.9 139.1 135.6 142.6 145 149.4 154.9 157.9 159.1 160.5 159.9 159.3 158.2 158.8 161.1 164.2 169.2 170.6 174.4 176.4 176.2 190.7 196.7 197.6 199.8 207.5 211.9 216 217.7 223.6 228.3 229.1 228.6 232.2 226.4 229.3 231.1 232.6 231.8 229.4 224.6 218.7 209 198.8 194 191.5 189.4 193.7 195.2 195.3 201.3 207.5 208.7 206.1 196.4 184.5 167.5 153.3 149.1 146.1 136.7 144.6 156.8 166.4 181.7 199.8 216.4 231.7 253.7 268 286.2 306.2 325.9 345.7 361.2 370.1 380.5
140.1 125 125.7 124.9 124.9 126.4 129.2 134.4 137.7 139.7 139.5 142.9 144.7 149.4 154.2 156.6 158.1 159.1 160.6 159 157.2 157.9 159 161.7 166.1 170.1 172.1 175.1 176.5 186.9 190.7 195.9 199.5 206 209.1 214.1 217.7 223.6 228.8 232 240.3 245 232.9 229.8 230.9 233.1 234.9 235 230.3 224.8 217.7 206.4 199.2 193.2 197.5 193.1 196.1 199.7 202.5 209.6 216.8 217.9 217.6 213.9 200.6 184.3 163.2 154.2 149.5 146.7 137.9 148.9 162.5 174 194.5 207.9 219.8 238.9 252.7 285.1 298.7 316.9 337.2 361.1 370 370.1
124.8 125.4 131.4 132 126.2 131.8 137.7 141.8 145.5 141.3 141.3 145.2 147.6 152.9 154.9 157.3 158.7 159.5 161.5 156.4 157.1 158.6 163.4 168.4 170.5 172.4 178.8 180.3 190 197.5 194.7 198.2 204.2 209.8 213 216.5 220.2 224 229.4 239.5 243.4 245 239.4 234.7 236.7 239.1 241.3 236.3 231 225.3 216.3 206.8 201.3 196.3 200.3 196.4 200.9 203.8 210.9 223.6 233.3 239.9 241.8 239.9 227.3 207.6 179.8 159.4 152.7 149.4 141.4 138.7 153.6 168 183 199 212.2 226.1 237.9 266.3 288.1 311.8 332.5 348.4 354.4 365.6
125.3 132.2 132.1 131 130.3 136.4 140.5 144.6 140.8 139.5 144.3 149.6 156.5 157.2 157.6 160.8 158.5 155.6 152.9 154.5 155.8 158.9 161.1 169.4 176.8 177 182.8 193.1 201.2 200.6 199.3 202.5 207 213 216.1 218.9 221.6 225.4 229.4 234.3 240 241 239.6 238.8 243.6 247.3 249.1 239.2 235.3 229 221.1 207.9 203.7 199.4 200.6 204.6 209 220.2 227 239.7 252.9 258.5 263.9 260.8 252.8 231.1 200.1 175.5 162.6 154 148.5 138.3 145.8 159.6 174.2 188.4 203.4 216.7 230.5 251.4 289.8 301.3 322.4 333.2 349.5 358.1
128 130.9 130.9 131.3 131.9 138.7 142.2 141.7 137.3 138.2 142.6 151.2 154 158.5 155.9 153 147.5 149.7 149.5 150.6 152.9 156.2 162.8 173.4 176.1 182.4 190.5 198.4 199.6 198.6 200.7 203.7 208.2 217.1 220.3 226.5 232.8 230.4 231.1 234.7 237.8 235.7 235.5 239 245.8 250.2 247.8 241.8 237.7 232.9 229.6 214.9 205.8 201.8 204.4 213.2 221.4 230.8 240.9 257.1 266.1 270.8 277.4 277.2 266.9 252.2 228.6 192.1 181.7 159.1 153.1 146.3 140.1 152.6 165 180 194.5 207 225 251.9 270.1 285.4 299.3 320.1 337 347.6
127.6 128.1 128.5 129.6 133.5 139.9 141.1 134.5 135 140.9 143.8 147.2 151.8 150 146.7 145.3 147.9 149.8 152.4 150.7 153 160.4 165 172.5 175 179.5 192 195.2 194.8 198.1 201.5 206.3 211 217.7 221.5 229.7 225.3 227.1 230.1 231.2 232.7 232.7 233.3 241.8 244.2 249.5 247 242.4 238.1 249 251.3 230.9 212.3 205.1 210.4 216.3 227.1 241.5 256.3 256.6 267.7 273.7 281 283.8 276.1 263.5 248.8 229.7 203.2 179.3 159.9 158.3 140.5 143.9 159.5 172.6 185.4 197.7 219.3 238.2 250.1 264.5 286.7 309.3 330.7 345.8
126 124.2 125.2 131.1 134.9 135.9 133.5 133.5 139.5 141.1 143.9 144.4 142.5 146.4 150.9 149.3 150.1 152.7 153.2 154.9 158.3 163.6 165.4 167.5 169.9 181.8 189.6 191.7 193.9 196.2 207.3 210.8 215 217.2 225.5 218.7 220.9 224.8 227 228.9 232.1 234 237.9 237.4 242.7 248.2 245.2 242.6 252.8 269 269.3 243.8 226.4 210.7 220.8 229.5 234.6 248 259.5 263.7 268.8 276.2 281.6 281.7 277.5 277.5 268.5 251.2 227.9 201 180.7 160.8 152.9 142.2 152.3 163.2 177.3 193.3 203.9 218.9 240.3 257.2 278.1 302.9 329.7 339.7
119.5 124 126.5 129.3 131.4 127.1 131.3 134.1 137.1 141.1 136.9 144.8 153 156.7 152.9 151.2 152.1 153.4 153.8 156.2 160.9 164 161.1 161.7 173.3 183.2 186.9 189.7 190.6 197.2 203.2 207.1 209.4 213.8 215.1 215.2 217.7 224.2 230 235.1 237.7 240.9 243.9 241.4 242 248.1 245 250.3 276.9 283.4 269 250.7 241.5 217.8 239 247.5 245.8 252.7 261.4 265.7 269.4 277.1 280.8 280.4 283.6 284.4 278 264 243.8 218.9 196.2 175.2 159.9 143.4 145 159.2 170.7 185.2 199.2 220.1 234.6 253.1 272.9 297.9 315.7 323.4
119.7 124.2 126.6 128.6 124.2 125.7 131.8 133.4 134.5 134.2 143.9 149.7 153 153.5 152.4 152.8 154.2 155.4 153.7 153.3 155.8 159.3 158.6 164 174.9 179.7 185.1 187.5 187.8 191.4 196 200.6 204.4 211 212.8 216.9 220.2 226.7 234 240.5 241 244.6 244.9 244.4 247.6 249.6 253.4 273.1 281.3 283.1 275.5 258.4 251.7 228.5 251.3 258.1 256.9 261.6 264.6 267.6 271.4 279.3 281.5 282.7 291.3 287 282.2 271.7 256.3 218.3 209.8 193.3 176.3 152.7 141.6 155.2 164.4 178.3 192.6 208.8 227.2 246.7 270.8 290.1 300.4 309
116 120.3 124.3 131.8 129.6 125.6 127.6 132.8 131.2 131.9 144.4 149.3 149.4 149.6 151.2 152.6 154.2 158.8 152.1 150.5 156.1 157.3 159.4 166.2 173.3 177.7 183.8 184.6 185 187.2 191.7 199.1 206.7 214.5 220 223.1 224.7 225.2 231.1 237 240.9 243.6 244.9 249.8 259.7 272.4 282.2 287.9 289.9 287.2 287.9 284.8 262.7 244.1 260.6 265.5 265 268.5 273.5 272 275.1 280.9 282.4 287.6 294.8 288.1 283.3 274 254.3 245.8 233.4 221.2 198 169.8 143 149.9 163.6 172.7 185.3 200.9 221.2 242.9 263.1 279.5 285.4 300.4
117.2 123.7 130.3 133.1 130.2 126.6 127.1 128.6 128.4 133.6 138.7 142.2 146 148.8 151 151.3 156.1 153.3 150.5 147.7 150.2 151.8 160.3 163.7 169.8 174 180.4 179.7 182.1 186.1 189.7 196.9 204.6 212 217.1 222.8 226.6 229.4 231.6 240.2 240.9 242.5 245.4 253.7 274.8 288 287.8 290.4 292.5 294.4 301.8 307.4 275.2 252.5 265 271.4 274.2 276.1 278.8 273.7 275.9 281.2 286.5 292.6 292.6 286.2 278.8 273.2 276.7 260.9 248.2 246.6 221.6 186.1 152.2 143.3 159.1 171.9 183.7 194.9 212.1 235 246.7 258.9 271.6 279.8
