app/static/ascii/NM94.asc
ncols 200
nrows 200
xllcorner 190000
yllcorner 740000
cellsize 50
[rows 76 to 113 of 200, columns 87 to 173 of 200]
11 12 13.2 14.3 19.5 17.3 21.6 35.2 40.6 46.4 54.4 60.2 67.6 75.1 81.1 95.7 107.1 109.8 113.7 119.5 126.1 135 135 136.9 132.1 135.5 141 142.6 148.2 153.5 163.3 155.8 129.1 127 124.1 127.7 129.1 129.1 133.5 137.8 139.3 142.5 151.8 149.5 137.6 132.5 129.5 127.9 125.5 114.9 85.4 119 121.6 117.7 122 134 139.2 148.3 148.9 158.8 167.7 175.8 182.2 200.3 225.4 248.7 276.6 305 305.3 333.3 336.4 346.2 368.7 389.7 392.8 398.2 408 415.2 404.8 396.8 394.3 391.5 406.2 430.5 443.1 456 467.1
11 11.8 13 14 15 16.7 19.1 22.7 26.2 39.4 46.1 51 57.4 62.8 70.7 82.8 94.1 97.7 102.9 114 121.7 123.9 128.7 126 123.8 130.4 136.5 139.9 142.5 144.7 147 121.9 118.4 119.5 114 123.5 122.9 124.8 132 131.7 134.7 140.7 135.3 131.7 126.6 125.2 124.7 123.4 122.5 113.1 86 106.1 110 110.3 119.3 129.8 133.8 146.1 157.7 166.4 178.6 185.1 188.5 208 231.1 257 287.5 307.5 308.8 329.3 331.3 351.3 370.3 376.9 390.4 399.8 407.5 393.9 391.8 385.1 383.7 392 423.6 439 452.2 468.9 476.1
11.2 11.9 12.8 13.8 14.9 20.2 18.2 20.7 22.6 23.4 34.3 36.3 43.8 49.6 55.9 65.1 77 80.4 91.4 98.7 108.5 112.7 109.6 114.6 119.3 123.6 126.6 126.3 129.3 132.1 115.8 108.6 112.3 112.8 112.8 115 114.2 123.7 125.8 124.6 130.4 128.7 125.8 122.1 121.8 119.6 120.8 120.4 119.8 104.9 86.5 94.8 99.5 112.6 124.7 132.8 142.3 153.6 163.3 174 183.3 186.3 191 213.6 239.3 261.8 287.5 302.4 317.9 322.2 335.7 350.7 363.5 373.9 394.8 394.5 382.3 390.3 377.8 372.8 386.9 408.9 435.6 444.6 463.8 476.6 493.6
10.9 11.8 12.6 13.2 14.1 17 24.5 23.7 26.9 30.2 31.6 33.7 29.4 30.8 37.8 48.1 56.9 58.9 67.9 77.9 89.7 99.4 107.5 108.8 110 111.9 113.5 113 114.3 109.7 103.1 104.6 105.2 102.7 105.7 107.9 114.7 117.3 117.9 119.3 119.1 117 116.7 115.7 114.9 115.8 115.8 112.9 103.2 87.9 77.5 90.8 105 119.4 128.2 139.1 149.2 159.8 167.3 174.9 183.7 187.1 195.5 218.1 244 265.7 284 297.6 305 318.2 341.5 364.8 379.2 385.9 390.3 374.3 376.1 368 359 377.5 408.3 423.9 437.1 454.1 472.5 491.7 506.3
9.9 11 11.8 12 13 15.7 21.9 22.1 24.7 26.4 30.8 36.4 36.5 38.2 38.4 33.4 38 45.3 55.1 63.4 77.1 88.1 96 96.7 97.9 99.8 100.2 99.3 96.6 93.7 94.7 96 98.2 99.5 102.4 106.2 108.3 107.5 110.2 109.7 109 109.6 108.9 109 109.6 112.5 106.4 97.2 84.9 79 90.6 100.9 114.6 127.3 137.9 146.4 153.7 161.3 170.4 179.8 183.2 188.4 202.8 222.4 249.8 260.2 275.8 290.8 306.8 328.8 353.7 368.6 377.2 382.4 366.2 360.8 359.3 347.7 368.4 390.8 415.2 437 451.7 469.1 486.5 498.4 506.1
9.4 10.2 11 11.1 11.7 15 17.4 18.2 19.6 21.5 27.9 32.8 36.5 39.2 42.4 45 47.5 41.4 42.8 53.5 66.5 81.2 87.8 88.6 89.5 89.3 89.3 87.2 87 87.3 89.2 87.8 89.5 95.6 98.4 104.3 105.7 104.1 103.1 102.3 103.7 105.8 103.3 105.6 107.4 100.2 87.9 83.5 72.1 87.9 99.7 110.1 122.8 133.1 146.4 152.6 157.9 166.9 174.4 178.7 182.8 193.8 210.3 231.4 248 268.1 288.7 303.5 318.9 347 357.8 363.4 366.5 352.5 340.5 343.1 329.4 356.1 384.4 401.2 427.6 453.5 475.1 491.3 497.9 502.6 504.2
9.3 9.6 10.1 10.5 11 12 12.4 15.4 17.4 20.5 26.5 28.8 33.2 39.8 44.3 46.9 49.7 52 47 44.3 59.9 72.4 79.2 79.2 78.9 79.4 79.6 78.9 79.7 78.4 81.6 80.9 87.2 91.9 98.4 100.2 100.7 98.9 96.1 94.7 96.1 96.8 98.8 98.6 91.4 82 67.7 77.4 85.5 97 107.7 119.4 130.2 141.5 151.5 163 167.4 171.3 175.3 178.7 185.4 201.3 221.9 242.7 261.3 286.3 298.2 309.3 338.6 341.9 343.3 356.3 340.1 324.7 324.3 313 341.6 370.8 386.7 415.7 450.8 472 485.6 501 500.3 503.6 498.7
9.1 9.6 9.9 10.4 11 11.4 12 14 15.9 17.3 19.6 25.9 29.1 37.1 43.1 45.9 48.5 50.6 51.9 46.1 55.9 61.4 67.9 68.9 68.7 70.1 69.5 70.5 71.2 69.2 77.3 82 86.6 90.8 93.9 95.3 93.3 89 87.5 86.9 91.6 90.3 90 82.3 74.3 62.9 77.6 85.4 95.2 106.9 118.4 126.3 137.4 145.1 163.2 170.7 172.5 175 176.7 180.7 196.3 212.7 236.8 259.6 277.8 299.7 305.1 317.8 324.4 317.8 333.6 320.7 310.1 302.9 300.5 328.7 355.9 374 405.1 438.1 459.9 478.7 489.1 493.1 491 493.8 495.5
9.3 9.8 9.9 10.4 11 11.7 12.5 13 13.6 14.6 17.6 22.1 26.4 33.3 38 41.3 43.4 46.3 49.8 46.4 47.8 48.4 54 55.3 56.6 60 63.1 64.6 66.5 71.8 77 81 83.9 86.2 87.6 85.4 81.5 79.4 81.5 81.7 80 72.2 65.5 56.8 60.3 70.6 81.2 92.1 102.9 115.4 126.7 136.4 144.3 153.4 167.2 172.6 179.4 177.6 180.1 192.5 207.9 218.2 236.2 257.7 283.4 298.6 292.9 297.5 299.8 309.7 303.8 291.8 286.8 280.4 314.9 341.8 365 408.1 423.8 440.2 460.9 476.9 486.2 481.5 483.8 485.1 480.3
9.7 9.8 9.9 10.6 11.3 12.1 13 13.4 13.9 14.8 16.5 18.3 24.5 31 34.4 36.7 31.8 34.1 44.1 44.8 47.5 40.3 37.1 42.8 48.1 51.8 54.5 59.3 60.6 69.3 73 76.7 80 78 75.7 74.4 75.4 73.4 71.3 68.1 50 54.3 63.9 69.6 75.6 81.5 90.2 101 111 124.1 135.5 143.2 147.1 158.7 168.8 175.9 182.2 184.2 191.7 198.9 205.6 220.4 235.3 260.1 272.7 280.9 280.6 281.4 293.5 283 274.2 273 264.4 291.9 324.2 355.1 389.9 400.4 423 436.3 448.7 462.3 465.1 459.3 457.6 457.2 446.4
12.6 10.1 10.9 12.6 13 14.5 14.1 13.9 14.3 15.2 16.5 17.8 22.4 29 33.1 29.9 25 28.5 31 32.7 35.5 40 45 49 45.5 47.2 50.6 55.3 61.5 63.7 68.4 72 68.8 66.7 67.4 67.7 66.8 63.1 60.4 42.9 63 66.8 72.6 74 82.8 91.8 103.5 109.5 120.9 129.5 135.3 142 150.7 160.2 171.4 185.6 191.6 189.2 191.8 194.1 210.1 225.2 237.6 257.3 268.6 269.5 260.3 265.3 266.2 253.8 252 244.4 271.7 297.9 322.4 363.8 374.6 401.8 412.4 426.8 433.1 435.2 436.1 430 431.9 426.6 414.1
10.5 10.9 13.6 15.1 17 18.4 15.6 14.5 14.8 15.7 16.7 17.5 19.3 22.3 22.1 22.5 26.7 34.8 37.6 38.4 38.8 38.6 38.8 39.2 42 45.7 48.8 45.2 55.5 59.5 61.9 61.3 60.8 60.8 59.5 58.5 56.7 56.7 40.6 59.5 65.5 66.4 69 78.5 91.4 101.6 106.4 113.7 122.6 128.3 136.7 145.9 153.8 166.9 179.3 187 185.3 182.8 185 189 205.9 218.1 231.8 243.5 252.2 234 235.2 252.2 235.2 225.7 221.5 250.4 275.1 293.3 326.8 351.4 376.5 388.8 406.2 399.8 399.4 402.1 412.3 407.2 398.5 389.8 386.5
10.8 13.3 16 19.5 21.6 22.6 20.6 18.7 17.5 16.5 17.1 19.5 22.3 23.7 26.2 29.4 32.3 33.8 34.5 35.1 34.9 34.5 34.9 35.5 38.2 40.8 41.5 45.4 49.9 55.1 56.3 55.3 54.8 54.1 53 53.6 51.6 45.4 47.8 59.9 63 66.1 76.2 87.4 98.8 105.2 108.5 115.5 122.2 129.2 141.7 154.6 164.2 173.7 180.3 174.5 170.5 169.4 178.9 188 200.1 211.7 222.7 225.1 213 212.1 222.9 215.9 202.2 199.1 223.7 252.6 277.8 288.9 322.6 336.7 354.8 373.9 376.5 380.7 377.3 378.9 377.7 371.5 367.5 368.6 366.2
15 17.6 18.5 20 21.9 22.3 22.3 22.6 21.9 21.8 23.2 22.9 23.1 25.6 28.1 30.1 31.6 32.8 33.6 34 33.1 32.7 33 33.7 35.1 37.2 38.6 44.2 49.6 50.9 50.2 50.3 51.3 50.6 49 46.3 39 34.7 49 58.3 64.3 74.3 81.8 90.2 94.7 101.1 108.5 115.6 125.5 138.1 149.7 162.1 167 167.6 166.8 147.8 153.1 157.9 171.4 182.6 194.7 207.3 201.5 191 190 200.7 194.3 180 171.8 197.2 225.3 246.4 263.4 291.3 305.6 321.3 339.9 348.8 352.8 350.1 352.9 352.9 348.3 342.2 342.2 340.2 333.2
17.4 18.5 20.2 22.4 22.5 23.1 23.6 24.8 26.3 27.7 28.8 28.4 29 29.3 30.6 29.9 26.2 30.6 32.7 32.6 31.9 31.6 31.9 32.3 34.6 35.7 38.4 43.5 44.5 45.7 46.6 47.7 47.2 46.5 43.3 31.6 38.4 45.9 53.6 59.6 68.3 76.2 79.3 86.8 94.2 102.2 110.3 120.7 132.6 145.8 156.7 161.4 158 150.8 135.9 134.4 139.7 152.7 168.2 175.4 192.5 189.8 176.5 176.5 173.7 172 158.4 158.1 180.1 200 225.8 246.9 272.5 289.1 302 306.6 316.6 324 321.5 328.3 332.5 324.9 316.6 320.8 318.6 306.5 304.5
18.5 19.9 22.1 23.9 24.9 24.7 25.2 26.1 27.2 28.8 29.8 30.9 32.3 32.6 33.6 33.6 32.9 33.3 32.5 30.9 29.4 29.7 30.2 31.3 34.1 34.6 37.2 40.4 43.3 43.9 44.8 44.6 42.6 41 33.5 32.5 41.9 49.8 57.1 61.3 67.3 73.6 80.3 87.1 93.9 103.1 114.7 124.5 136 147.9 153 150.1 143 136.2 125.5 124 136.1 148.6 158.3 170.4 179.3 158.6 160.2 147.7 150.1 139.2 137.8 162.6 174.3 200.7 223.9 246.7 262.5 268.9 277.7 289.7 293.9 299.1 305.4 306 305 297.8 292.9 286.4 280.1 281.3 283.1
21.9 22.7 25.4 27.7 28.7 27.8 26.9 27.3 28 29.2 30.2 30.8 31.4 32 32.4 34 33.5 33 32.3 31.3 30.5 30 29 29.3 31.7 33.6 35.3 37.9 40.5 43.5 41.8 40.5 39.1 36 30.1 38.3 43.9 51.8 58.4 64.1 70.4 74.8 79.9 88 96.5 105.2 114.4 127.3 139.8 150.5 148.3 137.4 131.2 119.8 107 120.7 136.6 144.8 155.1 160.4 140 140.6 129.9 126.3 117.1 113.7 142.3 154.6 171.1 192 214.7 230.5 241.6 253.9 259.2 271.2 280.5 277.8 281.5 281.4 278.5 272.2 258.2 256.8 253 258 254
29.8 29.9 31 31.8 32.7 31.3 28.9 29.2 28.6 29.5 30 29.8 30.1 30.4 29.7 29.4 29.7 31.4 31.1 30.3 29.9 29.4 29 26.3 26 29.8 32.3 35.3 39.4 39.2 36.7 34.6 32.9 30 25.9 40.3 46.4 52.5 59.8 63.2 68.2 74.2 81.4 88.7 95.9 106.3 117.5 128.1 135.9 131.4 125.4 121 111.4 99.2 102.7 118.8 128.3 137.7 134.2 118.3 122.5 126.1 105.1 99.8 97.8 112.6 134.7 144.9 165.7 188.5 206.2 214.1 223.5 235.7 249.6 254.2 256.7 257.9 260.5 255.8 243.8 235.8 231.3 230.3 236.1 231.6 230.3
45.1 45.6 41.6 37.5 35.7 34 30.7 30 29.3 29.6 28.5 28.8 29 27.8 28.2 28.6 27.1 26.7 27.2 27.4 27.8 27.6 27.9 27.6 25 27.5 27.6 29.8 32.1 31.4 30.9 29.6 27 21 35.6 42.3 47.3 52.7 55.3 61.7 68.7 75.7 82 88.9 97.9 107.3 114.7 119.8 120.3 111.9 108.5 100.8 91.2 90.7 101.7 113.6 115.2 108 98.2 102.8 110.4 94.3 82 76.2 86.1 110.8 122.7 141.2 165.1 184 195.4 197.9 209.5 225.4 226.5 231.6 230.5 227.3 229.3 221.1 209.8 207.2 204.6 207.1 205 210.7 208.4
58.5 57.3 52.2 46.5 40.7 35.4 34 32.2 30.5 29 27.7 27.4 26.2 24.9 24.4 24.2 24.8 24.3 23.8 23.3 24 24.6 24.3 25.3 21.4 23.7 25.3 25.8 26.6 27.2 27.8 25.9 19.2 27.9 37.1 43.2 47.5 48.7 54.5 63 70 76.7 81.5 86.5 93.7 100.1 102.7 103.5 96.4 94.2 85.9 83.6 79.7 92.4 103.8 103.3 92.3 77.4 89.6 93.9 86.8 62.8 61.1 64.8 90.6 101.1 117.7 142.6 163.8 173.6 179.1 189.5 194.4 199.4 201.4 210.9 194.8 205.4 195.2 185.4 184.2 178 186 191.7 185.8 187.3 186.6
71 67.5 56.5 51.6 48.5 44.2 37.8 34.5 31.3 28.4 26.1 24.3 23.4 22.8 23.1 21.7 20.6 19.5 20.4 20.9 20.5 20.3 19.9 20.1 19.2 22.8 23.5 24.4 24.3 23.9 23.6 22.2 19.2 29.2 36.5 41.3 44.3 50.4 56.6 62.7 68 73.5 77.8 82.1 86 88.3 89.4 83.8 74.5 69.3 74 72.4 78.7 88.4 86.3 69.9 58 72.4 76.9 73.1 51.6 44.1 50.5 60.5 80.4 95.7 116.2 131.2 136.9 155.1 164.5 167.7 173.3 178 176.1 173.3 177.1 169.5 169.2 159.6 159.2 156.7 163.6 166 163.6 159.2 160.3
82.5 69.5 57.1 55.1 48.7 44.7 38.5 33.7 30.4 26.5 23.7 21.8 20.8 20.4 20.3 21.1 19.7 18.3 17.3 16.9 16.6 16.9 16.6 16.9 17.3 16.6 17.3 19.3 20 21.7 21.7 20.5 16.4 28.1 34.1 39.4 45.6 50.9 54.4 59 62.3 65.2 69.7 74.2 75.9 75.1 69.4 64.8 61.9 62.6 64 67.1 74.3 80.9 61.9 45 54 56.9 52.4 42.4 29.8 34.2 39 53.1 73.7 88.5 107 112.1 127.2 138.1 146.3 150.6 157.8 154.6 156.6 158.9 141.8 142.5 136.1 142.4 140.8 137.9 144.7 149.3 145.3 139 136.2
75.4 65 61.5 57.4 50.1 43.9 37.5 31.6 27.7 24.5 22.3 20.1 18.8 18.3 17.8 17.3 16.8 16.5 15.6 15.7 15.5 15.3 15.6 16 16.2 15.7 15.3 16 16.6 17.6 18.7 13.8 21 28.6 34.7 39.9 44 46.4 48.9 52 55.7 57.8 60.2 60 62.2 58 59.3 58.9 58.6 60.2 49.2 60 61.8 52.2 35.8 32.9 33.5 32.2 30.5 24.4 22.5 25.9 35.2 45.8 60.5 81.1 92.2 105.9 112.4 121.3 132.8 134.8 130.4 137.2 136.5 117.1 117 118.4 123.9 116.3 118.7 122.2 129.6 126.6 123.1 117.8 122
70.5 72.9 75.8 65 53.3 43.4 39.6 37.1 33.3 27.2 22.4 19.9 18.3 17.7 17.2 16.7 15.8 14.8 14.8 15.2 14.6 14.3 14.7 15.2 15.1 14.6 14.7 15.2 16.1 17.2 15.3 12.4 20.7 25.1 31.9 36.7 39.1 40.7 42.4 45.2 48.3 50.4 48.6 46.7 47 47.5 47.9 50.7 51.4 45.6 44.4 45.8 39.2 31.5 30.2 24.2 22.1 21.6 20.1 17.4 18.4 20.7 30.5 38.3 59.4 75.9 85.1 94.8 99.6 107.2 107.1 115.7 115.8 113.8 97.4 95.9 95.6 98 101.9 101 104.7 114.1 114 115 106.1 109.4 106.5
76.8 81.6 77.3 56.3 48.3 49.9 48.1 44.9 39.8 35.5 32.3 26.2 19.6 17 16.6 16.9 16.1 15.2 15.1 15.5 13.8 13.8 14.1 14.3 13.9 13.9 14.1 14.5 15.4 15.6 13.3 13.3 19.5 23.5 26.7 30.4 32.6 33.3 35.9 36.2 36.5 35.1 34.4 36.3 33.8 35.7 38 36.7 33.2 30.4 33.1 26.1 22 24.4 25.4 17.8 15.4 13.4 13.8 14.2 15.4 17.7 25.8 44.7 66.9 78.8 79.1 85.8 95.8 95.3 91.6 91.2 92.7 80 74.2 73.7 76.7 88.6 93.3 89.5 98.8 100 99.4 99.1 94 95.2 93.3
81.6 76.8 63.1 52.4 52.5 54.5 55.7 56.9 51.9 46.4 40.1 33.3 23.5 17.5 16 14.7 15.7 14.8 14.3 13.4 12.6 13.2 13.7 13.9 13.2 13.4 13.6 13.8 13.7 12.8 11.8 10.1 17.3 19.7 22.2 24.7 26.3 25.6 24.7 23.6 24.8 24.7 25.2 24.5 24.8 25.6 27.5 30.5 20 18.5 16.9 16.5 15.4 17 14.1 12.7 11.6 11.4 11.8 12.6 12.4 18 35.2 50.9 65 72 75.8 79.9 82.8 79.1 78.9 76.5 67.9 64.1 63.6 65.1 75.9 78.4 73.6 79.2 78.5 80.9 88.4 89.3 76.8 82.6 73.5
78.4 68.4 58.5 62.3 65.1 66.8 66.8 65.9 59.6 52 46.6 37.2 28.3 20.7 16.1 15.2 13.4 13.1 11.7 11.7 11.9 11.9 12.3 13.2 12.8 13.1 13.4 13.4 11.8 9.6 10.1 6.6 15.5 19.3 20.5 20 18.3 18 15.7 17.8 17.1 19 19.2 18.9 18.6 19.8 16 15.3 13.4 13.7 13.8 13.4 13.6 14.5 14.1 11 8.1 9.3 10.1 10.7 9.5 30.1 47.9 56.3 57.5 64.2 70.6 68 66.2 68.2 67.3 57.1 56.2 50.9 56.4 67.6 71 68.8 62.9 64.6 71.5 74.6 78.8 75.3 56.3 49.3 49
72.9 67.5 66.8 68.3 74.1 75.9 72.5 72 62.1 53.3 46.9 36.1 27.8 22.3 15.6 13.9 12.6 11.5 11.5 11.6 11.5 11.2 11 11.7 12.4 12.6 12.9 12.3 9.2 8.9 8.1 7.8 14.2 16 15.5 14.6 14.1 14.5 14.9 15.7 16.3 16.8 14.8 13.2 11.9 12.1 11 8.8 9.4 8.4 9.9 8.1 6.4 5.3 3.9 3.8 5.6 6.6 7.7 8.3 8.3 31.6 46.6 52 49.9 50.3 54 52.7 53.7 46.3 42.6 41.1 43.6 46.2 52.3 50.6 57 54.2 48.3 50.9 53.4 61.8 63.7 53.3 43.8 42.1 35.7
70.5 73.6 74.1 77.8 80.7 73.9 71.9 66.1 60.4 53.9 43.7 31.1 23.7 19.8 15.3 15 13 11.9 11.1 10.6 10.9 10.9 10.7 11 11.4 11.7 12.1 11.9 8.5 7.2 6.5 8.8 13.3 13.3 13.2 13.2 14.1 14.7 15.1 13.8 10.4 7.8 7.6 7.3 5.9 5.6 5.4 4.7 5 3.5 5.5 4.5 3.3 2.3 -1.1 -1.1 -1.1 2.9 10.1 6.3 7 29.1 36.4 31.3 36.1 35.8 40.7 43.7 34.9 30.5 28.2 31.4 35.8 40.1 41.2 41.8 43.6 44.2 47.2 46.2 47.9 52.1 50.6 43.4 40.4 37.4 29.4
75.3 78.3 82.8 80.3 79.5 73.7 71.2 67.3 63.5 54.7 37.7 26 20.6 16.3 15.3 14.1 12.3 12 10.1 10 10.6 10.4 10.3 10.3 10.2 10.7 11 11.4 7.9 5 3.6 9.7 12.1 12.7 12.5 13.4 14.2 15.1 13.7 10.1 6.1 3.8 2.7 1.8 -1.1 -1.1 1.2 -1.1 -1.1 -1.1 -1.1 -1.1 -1.1 -1.1 -1.1 -1.1 -1.1 -1.1 2.9 5 12.2 27.9 26.9 23.3 28.6 30.7 34.6 26.3 25.7 19.3 21.7 28.2 35.8 41.3 39.7 46 44.6 44.7 46.8 42.5 52.7 49.4 40.9 32.6 33.4 28.7 21.4
81.5 80.7 80 78.9 77.5 74.2 71 66 57.6 44.3 29.2 21.8 17.4 16 15.4 13.3 11.6 10.2 9.5 10.2 10.1 9.9 9.9 9.9 9.8 9.3 9.8 7.3 4.3 3.8 4.3 9 10.2 11 12 13 11.6 10.6 9.4 6.1 2 1.4 -1.1 -1.1 -1.1 -1.1 -1.1 -1.1 -1.1 -1.1 -1.1 -1.1 -1.1 -1.1 -1.1 -1.1 -1.1 -1.1 0.9 3.9 6.6 22 22.7 21.2 16.8 14.1 15.3 11.3 11.2 12.4 18.7 25.6 33.4 36 43.6 47.4 40.9 42.7 35.6 33.4 35.8 27.4 24.2 24.7 18 14.1 11.3
77.6 80.3 79.5 76.3 75.8 73.6 70.5 59 44.4 33.1 23.8 19.5 16.2 15.9 14.6 11.9 10.3 9.7 9.7 9.7 9.6 9.4 9.5 9.5 9.6 9 7.4 5.2 2.2 3.6 8 7.8 7.8 8.7 8.6 7.7 6.8 6.9 5.2 1.8 0.3 -1.1 -1.1 -1.1 -1.1 -1.1 -1.1 -1.1 -1.1 -1.1 -1.1 -1.1 -1.1 -1.1 -1.1 -1.1 -1.1 -1.1 -1.1 4.3 13.6 22.7 25.1 15 11.9 9.9 9.7 9.5 11.2 12.6 19.2 23.6 28.9 37.1 45 44.2 37.3 36.7 19.2 21.1 15.4 12.9 13.7 9.8 8.7 6.3 3.9
79.3 79.7 77.3 72.7 70.5 67.1 56.2 47.5 37.3 26.6 19.7 17.5 15.1 15.5 13.3 10.7 9.8 9.2 8.8 8.8 9 9 9.1 9.1 9.1 9.1 4.4 3.8 2.8 -1.1 4.5 6.3 5.6 5.9 6.1 3.9 2.8 2.2 1.3 -1.1 -1.1 -1.1 -1.1 -1.1 -1.1 -1.1 -1.1 -1.1 -1.1 -1.1 -1.1 -1.1 -1.1 -1.1 -1.1 -1.1 -1.1 -1.1 -1.1 7.7 12.5 11.4 13.3 4.3 5.7 5.1 2.2 4.3 9.8 14.9 24.4 27.6 32.2 33.4 35.1 35.1 31.4 23.8 10.2 10.6 5.6 8 -1.1 -1.1 -1.1 -1.1 -1.1
75.1 79.1 69.6 65.3 62 55.3 48.5 37.9 25.7 19.6 16.5 15.8 14.9 14.2 12.2 10.5 9.7 9 8.4 8.2 8.7 8.5 8.5 8.4 8.4 8.5 3.8 3 2.4 -1.1 -1.1 4.1 3.9 3.1 2.9 2.1 0.9 -1.1 -1.1 -1.1 -1.1 -1.1 -1.1 -1.1 -1.1 -1.1 -1.1 -1.1 -1.1 -1.1 -1.1 -1.1 -1.1 -1.1 -1.1 -1.1 -1.1 -1.1 -1.1 -1.1 -1.1 -1.1 -1.1 -1.1 -1.1 -1.1 0.8 2.6 9.4 14.2 24.7 31.5 33.2 33.3 33.8 24.2 19.3 6.1 5.8 -1.1 -1.1 -1.1 -1.1 -1.1 -1.1 -1.1 -1.1
78.9 69.9 66.1 60.7 56.6 47.2 40.3 25 19.7 17.2 15 14.9 14.7 13.3 11.3 10.4 9.5 8.9 8.1 7.9 8 8.1 8 7.9 7.8 7.5 3.1 2 2.3 -1.1 -1.1 3 0.9 -1.1 -1.1 -1.1 -1.1 -1.1 -1.1 -1.1 -1.1 -1.1 -1.1 -1.1 -1.1 -1.1 -1.1 -1.1 -1.1 -1.1 -1.1 -1.1 -1.1 -1.1 -1.1 -1.1 -1.1 -1.1 -1.1 -1.1 -1.1 -1.1 -1.1 -1.1 -1.1 -1.1 -1.1 -1.1 12.8 15.1 23.9 24 30.3 33.6 24.3 26.3 10.5 -1.1 -1.1 -1.1 -1.1 -1.1 -1.1 -1.1 -1.1 -1.1 -1.1
77.8 74.2 71.7 63.2 56.6 46.6 34.3 22.9 18.5 16.1 14.7 14.5 13.5 12 10.6 10 9.3 8.6 7.8 6.8 5.9 7.6 7.4 7.2 7 6.6 5.8 -1.1 -1.1 -1.1 2.1 -1.1 -1.1 -1.1 -1.1 -1.1 -1.1 -1.1 -1.1 -1.1 -1.1 -1.1 -1.1 -1.1 -1.1 -1.1 -1.1 -1.1 -1.1 -1.1 -1.1 -1.1 -1.1 -1.1 -1.1 -1.1 -1.1 -1.1 -1.1 -1.1 -1.1 -1.1 -1.1 -1.1 -1.1 -1.1 -1.1 -1.1 11.1 15.1 13.2 16.5 21.3 17.2 16.7 8.7 -1.1 -1.1 -1.1 -1.1 -1.1 -1.1 -1.1 -1.1 -1.1 -1.1 -1.1
74.9 76.5 73.4 68.5 60.5 48.1 34.6 24.1 18.1 15.5 14.1 13.9 12.9 11.7 10.5 9.5 8.4 8.2 8.3 6.4 7.7 6.6 7.3 6.8 6.3 5.4 -1.1 -1.1 -1.1 0.8 0.6 -1.1 -1.1 -1.1 -1.1 -1.1 -1.1 -1.1 -1.1 -1.1 -1.1 -1.1 -1.1 -1.1 -1.1 -1.1 -1.1 -1.1 -1.1 -1.1 -1.1 -1.1 -1.1 -1.1 -1.1 -1.1 -1.1 -1.1 -1.1 -1.1 -1.1 -1.1 -1.1 -1.1 -1.1 -1.1 -1.1 -1.1 -1.1 -1.1 -1.1 -1.1 -1.1 -1.1 -1.1 -1.1 -1.1 -1.1 -1.1 -1.1 -1.1 -1.1 -1.1 -1.1 -1.1 -1.1 -1.1
78 77.5 71.2 67.1 57 45.5 35.2 24.1 17 14.7 13.4 12.9 12.5 11.7 10.6 9.7 8.9 8.6 8.5 8.2 7.9 7.6 6 6.5 6 4.3 -1.1 -1.1 -1.1 -1.1 -1.1 -1.1 -1.1 -1.1 -1.1 -1.1 -1.1 -1.1 -1.1 -1.1 -1.1 -1.1 -1.1 -1.1 -1.1 -1.1 -1.1 -1.1 -1.1 -1.1 -1.1 -1.1 -1.1 -1.1 -1.1 -1.1 -1.1 -1.1 -1.1 -1.1 -1.1 -1.1 -1.1 -1.1 -1.1 -1.1 -1.1 -1.1 -1.1 -1.1 -1.1 -1.1 -1.1 -1.1 -1.1 -1.1 -1.1 -1.1 -1.1 -1.1 -1.1 -1.1 -1.1 -1.1 -1.1 -1.1 -1.1
