app/static/ascii/NM95.asc
ncols 200
nrows 200
xllcorner 190000
yllcorner 750000
cellsize 50
[rows 0 to 37 of 200, columns 0 to 84 of 200]
91.6 90.7 90.1 91.5 93.2 93.3 92.4 92.9 88.6 85.2 82.3 81.3 80.1 76.6 74.6 74.2 73.9 72.5 73.8 73.8 74.5 74.8 74.9 72.4 69.3 68 65.1 63.8 59.4 55.3 54.3 53 54 53.5 58.8 64.2 66.6 72.7 81 88 90.6 92.6 94 101.6 106.7 105.9 106.2 115.8 112.8 94.4 79.5 66.7 60.2 59.4 43.1 32.1 23.8 21.7 28.7 40.2 56 72.5 85.1 100.4 108.6 115.4 122 132.7 125.3 133.3 135.1 134.7 132.8 131.6 117.9 118.6 112.3 103 92 88.3 87.5 82.8 71.9 80.5 81.4
95.2 94 94.4 94.4 95.5 95.6 96.4 94.1 91.8 87.6 86.4 83.7 83.8 78.7 77.7 78 78.7 76.5 78.9 79.1 79.3 81 80.9 79.8 75.7 71.5 66.9 66.5 61.6 57 54.3 53.2 50.8 50.7 50.6 53.3 57.7 63.8 65.4 73.9 77.7 78.5 79.3 83.2 88.6 87.2 86.4 86 89.8 82.8 65.5 55 53 49.9 40.4 29.3 24.8 22.4 26.1 36.4 50.7 60.1 70.1 82.9 98.7 106.9 108 108.7 116.1 112.3 115.9 113.7 114.5 112.4 99.7 94.1 88.8 83.9 73.9 68.9 73.9 74.4 65.4 70.8 57.7
105.2 98.3 98.8 100.2 98 98.4 97.7 98 95.8 94 91.6 89.5 86 86.5 87.1 88.4 88.6 86.6 88.7 86.7 88 89.9 92.3 90.7 89.1 78.6 71 68.4 64.8 59.2 56.6 56.5 53.3 51.9 49.1 48.2 48.6 48.7 54.5 58.7 65.7 70.5 71.9 72.2 72.3 76.6 75 67.9 70.5 75.9 66.7 53.5 41.4 37.2 31.6 26 22.7 21.6 25.6 32.5 44.3 54.3 56.7 66.4 84.7 94.1 89.2 88.5 93.3 88.7 95.3 97.4 91.3 82.9 79.6 70.5 68.4 65.5 61.6 53.2 56.8 56.1 50.2 54.9 44.1
122.1 113.6 107.3 104.2 102.1 103.3 101.6 102.3 102.2 101 100.1 98.2 96.9 103.5 100.7 100.8 98.3 101.6 104 99.1 98 99.1 102 105.2 95.6 84.9 80.5 76.6 69.1 65.9 61.3 57.9 56.7 55 52.3 54.6 55.1 52.5 46.1 48.6 54.6 57 65.3 67.2 64.5 60.3 60 61.1 57.8 64.9 66.5 53.9 38.3 31 27.2 20.8 20.7 21.9 23.8 28.8 38.8 39.3 46.7 52 55.3 66.1 67.6 69.8 70.9 76.9 72.8 72.8 68.3 62.3 56.7 52.9 50.1 48.3 49.3 41.8 41.9 40.1 32.3 30 25.2
136.6 126 120.1 114.8 110.8 109.9 111.1 114.2 113.7 112.9 112.5 113.3 117.1 119.9 115.3 113.7 113.3 113.5 112.6 112.6 114.1 116.8 110.7 108.8 101.9 100.2 93.2 82.9 74.8 72.8 68 63.3 60.9 60.7 56.7 56.2 56.9 55.1 51.8 46.9 42.4 46.2 52.7 58.2 57.7 58.5 53.1 50.2 46.6 46.5 48 48.7 38.9 31.2 24.8 17 18.9 20.3 22.1 24.9 29.8 31.9 34 40.3 42.4 42.6 45.9 49.3 58.8 66 61.2 56.4 54.2 49.7 44.9 38.6 36 34.7 33.6 29.9 30.6 29.5 23.7 21.4 15.7
158 144.2 135.8 129.6 123.4 120.8 123.7 126.1 126.9 127.2 128.2 131.3 132.3 134 131.1 128.5 130.2 128.7 127.5 127.6 129.3 128.7 127.3 122.3 110.2 103.6 97.9 90.2 83.2 80.5 77 72.9 69.3 69.3 67.8 63.1 61.1 64.4 61.8 56.7 51 45.8 40.6 44.3 47.4 52.1 53.6 45.1 38.7 41.9 37.3 34.1 33.3 27.8 22.1 16.7 14.8 17.9 21 21.1 24.2 24 26.6 30.3 31.1 32.7 34.7 35.3 40.1 43.2 43.6 40.9 39.7 36.6 34.2 31.6 24.3 21.5 24.8 22.9 23.5 17.7 17.8 14 9.3
178.3 165.2 157.3 143.2 138 135.6 137.3 140.6 142.7 145.1 143.8 154.3 153.8 154.6 147.2 152 151.2 150.4 150.6 147.4 147.7 147.3 144.2 137.9 128.2 118.7 114.6 101.8 93 91.3 86.7 85.7 78.4 80.1 79.2 77.7 75 79.4 77.3 76.1 69 63.8 52.1 42.3 37.4 36.7 43 44.4 32.1 28.8 33.6 27 21.5 21.5 19 16 15.4 15.8 17.6 17.7 18 21.7 23.1 24.7 24.7 23.1 24.8 27.2 32.7 36.2 36.7 33.2 27.8 26.9 27.2 25.6 24.3 19.4 17.5 17.3 15.1 14.1 12.2 12.2 8.7
200.8 183.4 175.3 157.4 153.7 152.7 156.9 156.4 159 162.2 160.8 176 178.7 173.7 172.4 174.7 175.9 176.7 175.3 171.7 170.9 171.6 168.2 158.9 153.7 146.6 131.7 125.5 111.2 100.2 98.7 94.9 86.2 86.7 87.1 89.2 91.4 96.1 95.8 96.9 89.8 84.7 75 67.4 55.6 49.6 45.3 40.5 38 35.9 30.5 19.4 16.6 15.3 15.7 14.6 12.9 13.8 14.4 15.2 14.9 16.8 20.2 21.6 21.1 19.7 24.2 27.1 30.5 33.1 36.1 28.5 23.7 23.3 24.4 24 20.8 17.4 13.5 13 9.6 9.5 8.9 8.4 7
215.2 203.3 189.8 179.3 173.6 172.4 177.2 180.8 183.7 185.9 182 186.3 198.1 199.3 201.7 203.3 205.2 206.6 204 201.6 199.9 195.5 191.1 187.9 185.6 167.4 155.4 147 134.3 120.6 110.7 103.5 98.3 101.8 104.6 106.8 109.6 119.4 123.2 120.4 112.4 105.1 99.4 92.2 85.9 79.5 75.2 67.6 63.8 56.8 46.7 35.4 25.1 19.9 17.6 15.7 14 11.5 12.9 13.1 13.3 13.8 15.8 16.9 17.7 21.6 25.7 29.9 29.3 28.6 26.9 23.8 22.3 21.3 21.5 23 28 23.4 14.6 13.3 10.2 7.6 7.4 7.2 6.4
233.1 219.5 203.5 202.3 200.9 195.1 198 203.7 216.4 211.3 207.8 212 217 232.7 229.7 232.8 238.8 239.8 242 235.3 229.6 229.2 234.7 222.3 208.1 191 186.2 173.1 153 141.8 131.3 121.9 113.6 119.4 122.9 126.7 130.4 133.6 140.6 140.4 140.8 134.6 125.1 117.7 111.4 104.8 102.9 98.3 88.7 78.7 67.6 58.9 49.3 26.9 18.3 16.9 15.2 13.2 11.7 12.4 12.4 12.7 13 11.9 15.6 21.1 26.2 31.4 28.4 24.1 21.6 20.9 20.1 19.2 21.7 24.8 30.1 33.9 25.9 13.4 8.6 6.8 5.9 6 4.3
255.7 235.9 227.4 228.7 222.9 224.5 222.8 231.2 241.8 243.5 242 244.1 239.5 251 255.8 263.1 268.8 277 277.3 267.1 274.3 276 263.6 249.4 227.7 217.4 213.3 198 180.1 169.4 159.9 146.1 135 138.7 145.2 152.3 154.1 150.1 157.3 167.3 167 162.4 149.1 146.8 143.6 135.5 136.4 131.8 117.3 104.2 86.7 79.8 65.8 55.3 29.8 17.9 16.2 15.2 12 12.2 11.8 11.3 11.1 10.8 12.5 17.5 24 33.5 33.4 31.3 24.5 20.4 17.9 17.6 20.6 23.3 29.9 32 28.8 15.2 7.9 6.2 6 3.4 -1.2
277.8 259.7 255.3 251.5 250.2 249.2 252.9 262.1 280.8 284.9 280.7 275.4 267.1 268.9 280.2 297.9 300.4 306.8 308.2 308.8 310.4 307.6 296.3 274 257.2 246.1 243.9 228.9 221.3 203.7 197 170 154.3 163.9 169.2 171.6 176.9 172.7 174.2 195.5 197.6 188.6 179.7 173.6 170.5 165 164.4 161 151 129.7 111.7 102.5 91.3 74.2 52.4 26.6 16.4 15.3 10.6 10.7 10.8 10.7 10.2 10.1 10.7 12.6 18.6 26.9 28.4 26.9 23.2 15.9 15.9 16.9 18.4 24 22.8 17.7 14.7 8.7 6.4 5.4 4.6 3.2 -1.2
300.5 285.5 277.2 278.7 279.3 279.1 286.9 302.4 321.9 321.3 317.9 303.9 289.7 290.9 308.9 320.3 329.4 338.9 343.5 347.7 349.8 344.7 332.3 316 296.3 287.4 280.7 264.6 250 243.6 221.4 194.1 172.8 182.2 197.5 201 197.6 196.3 199.9 207.2 219.4 213.3 211.4 216.4 208 204.7 195.2 184.9 167.6 142.2 135.4 124.6 106.9 82.8 61.5 36.1 16.3 14.5 11.5 10.2 10.4 10.1 9.5 9.2 10.2 10.6 12.9 14.4 16.7 16.4 13.2 11.3 12.4 14.4 13.2 14.6 11.2 10.2 7.6 5.9 5.6 5.1 3.8 2.4 3.8
314.6 305.8 305.8 305.6 310.6 314.6 328.3 336.7 348.9 353.2 355.2 338.1 315.9 317.8 338.7 352.2 356.9 369 376.7 381.8 378.9 375.1 363.5 353 339.5 330.5 316.3 288.9 263.8 241 217.2 199.8 193.9 197.4 211.4 221.5 234.1 231 226.7 225 234.7 235 242.1 238.3 238.2 234.5 215.1 200.4 174.8 168.4 154.3 134.4 117.2 94.7 66.2 44.9 23.7 15.2 13.2 11.9 10 9.4 8.9 8.2 9 10.4 11.9 13 13.2 11.8 10.7 9.6 9.3 8.9 7 4.6 4.1 4 3.9 5.3 5.5 4.4 2.4 6.2 12.5
341.7 332 327 327.3 333.5 341.3 356.1 367.2 379.6 389.6 385.5 365 357.4 352.2 354.6 379.1 397.1 401.2 403.1 406.9 413.3 412.9 403.3 395.3 381.2 373.3 341.3 300.3 267.7 240.7 218.6 212.2 213 215.3 232.3 252.6 268.3 267.8 255.1 233 233 237.6 242.2 234.5 226.5 221.2 201.1 192.2 178 165.3 148.1 124.5 108.6 92.6 80.4 59.8 35.5 18.8 14.9 13.1 11.8 11.4 11.4 9.3 9.2 6.7 10.2 11.1 11.1 10.8 10 9.2 9 7.9 6.1 4.1 3.9 4 4.3 3.6 2.7 3.9 12.1 20.7 21.5
366.9 359.6 351.5 349.7 354.3 370.9 390.1 404.5 425.1 424.5 427.4 405.7 404.3 399.9 392.3 399.8 428.2 434 432.2 428.6 439.2 438.7 434.2 430 415 387.3 352.5 319.8 291 262.7 236.6 230.8 232.3 237.3 253.1 274.9 291.7 287 270.5 248.7 223.6 219.9 216.7 206.9 197.6 190.1 181.3 175.8 158.3 137.2 124 116.7 112.5 106.5 90.3 73.3 54.6 32.4 27.4 20.6 13.8 13 12.4 11.7 9.8 10.1 9.1 7.8 10.2 10.2 9.6 8.9 8.6 7 5.3 3.9 3.8 4 4.5 3 4 10 23.3 35.5 40.9
399.8 387.3 380.5 381.4 392.4 405.2 417.3 441 459.4 463.2 465 455.3 444 439.8 435.2 430.6 446.4 458 457.2 450.2 444.4 445.4 441.6 431.6 431.8 419.3 404.1 363.3 329.7 289.5 263.9 253.6 256.7 264.4 269.5 293.6 302.2 301.9 292.3 268.7 234.5 207.9 185.2 177.8 168.3 160.2 158.2 149.6 135.7 117.9 111.4 113.2 125.6 120.8 107.1 90.6 66.7 52.5 37.9 29.3 22.9 19.2 14.6 12.8 10.9 10.6 10.2 8.8 6.1 8.5 8.7 7.3 6.8 5.8 4.5 3.8 3.8 3.6 3.2 5.7 7.2 11.1 19.6 34.6 36.3
435.2 425 419.9 425.6 438.3 447.1 453.4 462 478.5 481.9 479 486.9 491.5 487.2 482.6 474 468.1 458.7 459.1 456.2 451.6 443.7 437.1 435.9 438.2 428.1 412.6 395.1 375.6 330.4 299.7 287.7 288.7 294.6 294.5 299 306.4 306.9 295.9 274.4 247.9 213.2 191.4 166.3 158.6 144.5 137.8 128.8 113.6 103.3 107.8 110.4 114 122.1 105 88.6 72.7 64.2 51.6 41.3 38.1 29.6 21.4 14.5 11.2 10.6 10.3 9.6 8 7.2 5.3 5.9 5 6.3 7.8 13.7 10.5 10.4 10.7 10.3 10.7 13.5 18.7 23 23.3
442.2 434.8 439.1 445.8 450.5 459.7 472.3 473.1 473.1 478 485.6 492.5 502.7 508 502.2 490.7 477.9 471.7 463.4 455.9 445.1 443.5 435.3 430.6 430.3 420.6 409 396.1 389 381 355.9 331.4 320.5 314.2 312.4 310.9 306.2 305.2 303.1 283.8 258.6 230 195.8 173.8 150.9 129.8 126.5 110.8 105.9 99.6 96 102 112.2 106.3 102.6 95 83.3 70.6 58.9 49.7 45.9 43.1 30.4 19.5 11.6 10.8 10.1 9 7.6 6.5 5.3 8.7 18.3 21.3 21.4 33.2 33.9 31.1 27 23.9 23 25.1 26.6 21.2 16.7
434.2 433.3 441.1 451.6 453.9 461.5 463.4 468.2 470.4 473 485.9 497.6 500.1 501 498.8 484.5 481.6 470.7 462.2 458.6 451.7 445.4 433 424 423.3 409.5 394.4 384.4 381.3 379.2 361.4 344.2 330.8 330.3 322.4 314 308.9 309.4 297.5 287.2 267.1 237.4 210.3 177 153.4 133.9 114 106.3 96.6 88.6 83 91.2 100.8 101.8 101.4 103.1 81.7 70.3 59.7 53.2 47.5 40.1 29.9 19.7 16 12.3 9.4 8 7.3 6.8 9.9 20 30.5 34.1 39.4 41.3 43.9 49 45.3 40.2 36.4 32.7 26.1 18.9 19.9
416.9 420.5 427.9 436.8 448.5 463.1 462.9 466.7 471.1 472.9 470.2 479 482 492.3 485.5 478.2 477.9 468.5 460 454.4 452.7 450.6 437.3 434.5 414.2 391.4 373 367.7 361.5 359.7 341.3 331 336.8 336.8 327 325.8 314 313.6 304.9 291.3 264.2 236.9 211.9 182.1 158.4 139.4 123.6 107 84.2 80 79.2 84.3 85.8 89.9 94 89 79.8 67.6 57.7 48.9 41.2 34.2 26.5 17.4 12.3 10.5 9.3 10.3 13.9 16.2 16.7 22.7 32.4 45.6 54.6 54.5 51.3 55.2 55.5 50 44.7 31.4 25 23.9 33.4
396.4 405.6 412.9 426 439.9 452.3 452.2 458.7 468.9 478.6 467 459.9 457.9 461.4 466.6 469.1 465.4 461.1 450.1 444.9 449.6 443.2 432.9 426.2 414.8 402.1 384.5 358.4 339.3 333.1 328.9 331.7 334.4 333.9 328.1 326.5 319.8 312.9 308.8 289.3 264.2 238.2 209.5 180.3 156.4 141.8 124 109.2 91.1 76.7 73.4 75.9 75.6 81.3 84 85.4 76.9 64.9 54.9 42.9 34.3 26.4 19.4 17.7 14.1 10.7 11.1 13 15 19.6 31 36.9 37.5 44.2 53.3 62.9 59.1 67.3 62.8 52.9 38.6 28.7 27.2 39.2 46.8
378.5 384 394.5 411.3 422.6 435.1 433 444.4 456.4 462.9 460.5 455.9 446 435.3 437.1 446.3 451.3 442 432.7 437 441 433.2 427.9 421.5 405.7 391.4 372.4 351.9 346.4 335.1 328.4 325.2 328.9 327.8 322.8 320.5 324.7 307.2 304.1 280.8 256.5 238.4 202.2 176 148.1 139 120.6 102.9 89.3 77.3 67.2 64.5 65.2 70 73.4 79 78.6 65.5 53.1 38.6 28.8 26.3 25.1 25.1 20.2 13.7 14.3 16.1 18.8 25.6 33.6 40.8 48.5 52 56.3 60.1 61.4 62 53.2 37.8 28.4 28.3 31.3 40.1 45
366.1 370.9 378.3 387.7 400.1 413.2 416.7 431.2 439.7 443.9 446.7 446.1 436.1 420.3 410.2 416.1 423 421.6 424.1 430.1 426.8 424 416.2 408.9 392.4 386.2 361.6 353.4 354.5 345.7 337 319.4 310.3 307.9 310.7 307 307.2 291.1 290.1 271.4 248 219.7 190 161.7 139.6 123.1 110.6 101.9 88.9 71.6 62.6 57.4 57.1 59.8 65.7 72.4 74.4 58.7 48.7 41 36 33 30.1 28.7 22.6 22.1 25.9 29.8 36.4 42 45.2 50.8 59.5 72.9 75.9 72 68.9 60.4 38 27.4 24.5 24.6 27.2 39.3 48.5
355.2 360.4 363.3 369.3 378.2 383.9 393.6 411 420.5 428.7 421.5 421.7 410.5 399.6 392.2 385.3 397.4 396.9 406.7 411.3 414.9 408 400.9 390.7 374.4 363.2 364.8 354.1 352.3 346.8 338.4 332.7 309.3 279.3 279.1 280.5 281.8 275.3 269.7 255.7 236.6 206.8 182 154 131.3 109.5 101.2 95 80.8 66.1 59 55 54.4 55 60.4 64.2 61.1 57.9 53.6 46.4 41.3 38.7 35.1 29.9 26.7 32.2 41.2 56.1 66.2 76.6 81.8 84.4 83.9 85.1 82.2 76.7 65.9 48.2 36.9 29 24.4 21.6 27.5 42.4 51.3
344.1 348.1 350.8 355.6 360.9 364.8 375.5 384.9 389.5 394.8 396.6 394.7 387.8 377.5 371 370.3 363.5 366 375.9 389 388.1 386.6 389.2 374.5 366.2 363.6 358.9 350 340.6 336.1 333.7 326.5 318 297.7 267.3 239.2 251.2 249.9 241.6 230.3 218.1 198.8 168 141.9 117.5 100 94.3 82 70.8 60 54.7 53.5 53.3 51.9 57.8 60.5 61 62.4 60 52.4 52.5 46.2 40.9 36.3 32.1 45.1 68.1 81.5 90.4 102.8 111.7 111.4 105.5 98.3 95.6 82.6 65.2 55.9 43.1 33.8 24.3 21.5 20.1 32.4 41
331.2 336.1 339.1 340.5 344.6 350.6 359.6 365.2 374 379.1 383.4 381.1 372.7 364.3 358.2 354.6 354 346.4 344.7 353.9 356 360.7 371.1 351.9 355.1 353.3 347.8 342.1 329.1 331.6 327.2 324.5 320 318.3 284.7 246.2 204.4 207 208.2 204.4 200.6 170.9 144.2 124.9 104.3 92.6 82.4 72.4 63.2 54.3 51 51 51 51 55.4 60.5 64.5 67.1 65.6 61.2 62.8 55.5 49.3 45.3 42.6 61 79.9 88.5 103.1 111.1 112.4 110.3 101.7 96.5 89.4 88.4 81.1 66.6 48.7 39.8 29.5 29.5 21.9 20.5 19.5
316.8 323.5 325.2 326.2 328.1 336.9 341.8 346 352.6 364.3 372.7 372.8 366.6 356.1 346.5 340.7 337.5 323.9 319.9 322.3 327.3 330.7 340.3 330.8 343.9 340.3 335.5 331.9 318.9 320.8 318.7 319.9 320.1 306 281.1 262.2 233.7 198 169.2 181.1 171.3 148.2 127 108.9 91.1 83.2 75.4 63 54.8 51 51 51 51 51 59.2 64.1 73.1 73.5 77.3 67.8 68.7 64 60.7 57.3 57.2 72.6 84.7 95.2 103.8 102.5 102.9 99.6 98.1 98.2 101.5 99.5 88.6 66.1 46.1 35.4 30.5 32.5 21.7 14.3 12.9
301.5 306.7 311.9 310.4 312.3 317.7 323.6 327 332.1 345.1 364.8 369.3 362.9 352.7 339.1 315.2 305.5 297.6 298.7 296.7 296.8 297.9 299.9 312.9 321.2 321.6 315.5 321.6 308.4 308.3 307.8 312.6 302.3 287.3 276.2 263.9 242.7 211.9 175.6 142 145 126.4 108.6 91.2 77.3 72.1 66.6 55.4 51 51 51 51 51 56.1 64.1 76.5 85.9 83.3 87.5 77.6 71 68.8 68.6 62.3 71.8 77.7 86.8 92.1 88.9 90.1 90.3 92.8 96.5 110.9 113 95.9 73.5 56.3 47.1 37.8 27.6 18.2 14.3 13.4 14.2
292.1 293.9 295.1 296.7 299.3 299.3 310.2 308.6 312.9 326.7 343.2 346.6 349.1 347.8 334.8 321.8 301.5 282 271.1 273.7 277 274 283.5 286.5 290.6 288.3 289.7 296.8 292 296.4 293.3 295.2 285.1 273.7 259.9 247 231.5 204.7 176.5 148.1 116.9 110.5 94.1 80.9 68.7 61 55 51 51 51 51 51 51 66.3 76.9 83.7 89.2 87.8 84.7 80.8 73 65.9 65.6 65.2 69.5 73.3 75.5 80.9 87.8 88.7 89.2 92.4 101.3 110.6 105.2 82.4 65.6 65.7 43.7 30.5 24.8 14 10.8 12.9 21.8
287.2 286.4 287.4 285.9 286.6 286.7 291 296.1 297.1 306.9 322.4 328.5 332.2 331.2 326.8 320.7 314.6 298.6 269 251.4 253.4 250.7 251.6 252.3 253 255.9 261.2 269.6 267.9 272.6 278.1 278.4 271.1 252.2 237.7 220.9 204.8 181.2 173.9 141.2 114.1 96 84.9 74.3 60.9 54.9 52.3 51 51 51 51 53.2 63.1 83.8 87.5 90.9 87.9 83.5 81.7 81.1 75.2 62.7 62.5 62.5 62.5 63.2 69.1 78.8 85.8 86.3 89.5 96.9 108 106.2 94.4 85.6 77.8 66.7 45 34.8 24.4 10.9 6.7 12.5 12.9
286.2 283.7 282.3 281.1 279.9 280.2 281.9 284 290.6 292.5 298.8 309.5 316.4 321.2 327.3 331.4 323.3 305.6 276.9 247.4 227.8 223.9 225.4 224.3 227.3 232 239.7 237.4 241.6 237.1 239.9 246.5 235 228.7 210.5 190.6 177.9 162.5 151 124 97.6 88.7 78 66 57.4 54.6 52 51.8 51 54.8 60 60 72.8 83.8 91.5 91.9 89.7 86.5 76.4 77.5 76.8 62.5 62.5 62.5 62.5 62.5 68.6 77.7 82.8 87.3 97.8 111.6 127.1 120.2 100.5 89.3 78.4 64.6 50.8 34.2 12.6 4.6 -1.2 -1.2 -1.2
288 285.6 283.2 280.7 279.1 279.6 278.2 278.7 281.7 282.6 286.9 302.2 311.4 317.5 324.8 325.5 311.8 295.6 280.1 246.6 225.2 212.9 196.3 202.5 202.4 206.8 205.9 206.6 214.9 205.9 209.4 209.8 201.6 192 181.7 164.2 154.7 142.4 122.9 100.5 90.6 81.9 72.3 61.5 57.1 54.9 53.5 51.3 53.9 58.9 62.3 61.1 72.9 86.6 98.8 90 93.6 85.4 73.2 70.3 62.5 62.5 62.5 62.5 62.5 66.3 72.7 78.4 90.3 102.2 116.1 128.7 129.1 122 117.8 103.3 86.7 73.4 57.2 39.3 19.3 -1.2 -1.2 -1.2 -1.2
291.3 290.8 289 286.6 283.1 279.1 277.2 277.5 274.8 276.4 277.4 288.6 305.3 317.7 307.5 301.1 292.4 284.9 275.4 254 236.2 220.2 203.5 183.1 175.5 182.2 183.1 181.6 186.9 179.9 184.1 173.5 170 159.2 152.6 140.4 131.8 122 101.4 89 87.4 79 71.8 58 56.1 55.2 53.4 52.9 52.6 55.9 53.6 57.2 73.2 101.2 103 83.4 84 79.5 65 62.5 62.5 62.5 62.5 62.5 62.5 71.9 76 88.2 104.3 123.1 132 133.8 137.1 144.3 131.4 109.2 87.9 67.6 47.8 29.2 -1.2 -1.2 -1.2 -1.2 -1.2
300.9 298.2 296.1 293.7 291.6 287.8 283.1 280.3 278.3 273.8 274.1 276 289.9 305.9 299.9 290.1 284.2 276.7 267.5 266 259.3 223.9 201 185.1 168.7 153.2 159.2 158.5 163.2 160.8 157.7 150.2 145.7 136.3 126.3 117.8 113 100.1 84.3 84.4 81.1 73 62.6 57.5 56.2 57.7 58.1 54.5 51.3 50.9 51.8 65.9 89.1 96.3 97.8 84.1 76.7 71.3 62.5 62.5 62.5 62.5 62.5 62.5 65.1 73.2 82.9 96.9 110.3 127.1 141 151.2 152.4 147.6 135.3 108.8 77 55.8 25 -1.2 -1.2 -1.2 -1.2 -1.2 -1.2
308.8 308.8 306.5 305.2 301.2 297.7 291.7 285.5 282.8 280.1 276.7 272.5 274.2 281.3 290.5 286.8 272.8 270.5 272 271.8 254.8 218.7 193.6 178.8 168.2 155 134 130.2 135.9 138.1 133.8 132.4 131.1 117.6 107 99.3 93.4 80.3 72.8 75.1 78.5 64.8 58.9 57.3 61.1 60.8 57.9 51.8 50.7 50.9 60.8 81.1 96.8 105.2 108.4 94 75.8 66.1 62.5 62.5 62.5 62.5 62.5 62.5 74.1 92.3 96.5 110.9 129.1 149.6 166.7 169.2 160.4 134 106.7 77.9 52.9 27.6 -1.2 -1.2 -1.2 -1.2 -1.2 -1.2 -1.2
319.7 319.3 319.5 316.2 311.5 306.7 301.5 295.6 289.9 282.8 281.3 279.7 275.2 269.6 273 267 260.3 257.5 268.3 260.5 246 214.2 185.9 166.6 159.5 149.8 138.6 121.6 109 116.2 118.3 113.9 110.3 100.8 90.7 83.9 75.5 66.3 67.2 67.3 65.8 62.2 58.5 63.1 64.9 61.3 57.4 52.4 51.9 54.8 66.8 94.5 113.2 116.4 115.3 95.8 77.6 67.5 62.5 62.5 62.5 62.5 62.5 72.5 101.5 109.9 115 130.7 155 167.1 171.6 165.3 156 124.6 78.3 66.2 34.9 -1.2 -1.2 -1.2 -1.2 -1.2 -1.2 -1.2 -1.2
331.3 330.9 328.6 327 323.6 318.1 311.7 306 300.2 289.7 285.9 286.6 279.3 274.3 267.5 258.7 248.3 247.5 238.9 237.4 224.3 200.7 177.4 164.8 153.5 139.1 127.6 113.3 103.4 99.1 105.9 106.2 96.1 83.4 75.6 67.9 60.3 58 60.5 62 59.5 57.2 58.3 63.5 60.6 59.3 60.9 50.8 59.5 64.2 79.9 104.5 126.1 123.2 108.1 88.1 79.1 69.8 62.5 68.8 73.1 73.4 80.7 101.9 123.8 136.1 143.3 168.1 184.1 180.7 175.4 170.1 150.5 112 80.4 36.5 8.1 -1.2 -1.2 -1.2 -1.2 -1.2 -1.2 -1.2 -1.2
