app/static/ascii/NM98.asc
ncols 200
nrows 200
xllcorner 190000
yllcorner 780000
cellsize 50
[rows 105 to 139 of 200, columns 79 to 157 of 200]
579.5 568.8 552.6 534 520.2 502.2 485.3 462.5 453.6 432.6 403.9 380.3 352.7 325.6 308.6 294.4 280.5 281 289.5 302.2 314.7 327 333.7 332 338.8 340 339.6 341.6 336.6 329.7 318 317.8 320.5 323.4 327.4 321.7 309.1 298 292.2 290 289.4 289.2 291.3 296.6 304.7 316.5 327.3 340.4 356.7 373.9 393.7 417.2 442 468.5 494.3 522.9 555 597.8 645.6 660.2 659.3 650.4 628.4 619.6 615.4 575.6 559.8 530.5 511 495.4 472.4 458.1 446.2 440.2 435.2 433.5 426.1 415.4 400.9
571.9 562.9 552 531.8 507.3 495.3 475.8 454.3 453.2 438 407.5 374.5 348.7 323.7 304.2 286.9 276.1 273.8 279.5 292.1 302.6 311 307.6 309.6 315.9 320.9 317.3 316.4 312.6 304.4 300.7 311.2 319.3 320.7 321.3 309.8 297.9 291.5 289 289 290.6 292.8 296.5 302.3 312.3 326 340.6 353 369.6 389.1 410.5 435.3 462.5 486 512.5 538.4 574.2 621.8 655.4 671 666.5 648.6 630.5 620 608.6 569.7 547.1 520.8 509.2 490.2 466.3 451.7 437.6 429.4 421.4 415.9 410.5 399.8 383.3
549 535.8 532.9 517.2 502.3 478.7 463 441 427.1 412.2 395.3 369 342.1 321.6 302.1 283.8 268.2 263.2 271.9 279 287.5 291.1 287.7 286.2 293.3 297.4 297.6 297.7 291 284.5 290.9 307.9 319.4 320.4 315.3 300.9 289.3 288.9 289.7 292.7 296 298.8 304.2 311.6 322.9 334.7 348.3 365.7 384.9 404.3 429.9 455.2 480.4 505.1 530.8 561.9 591.8 634 662 665.2 656.5 641.5 629.2 615.8 589.5 566.8 542.8 515 497.6 481.5 465.2 446.3 432 422.8 416.1 407.1 401.3 387.1 373.5
538.2 519.6 500.5 501.3 487.7 462 444.8 425.5 407.1 385.8 374.2 355.5 332.8 312 296 281.7 266.4 257.3 261.9 265.9 273.9 269.5 267.1 269.4 272.1 275 278 273.8 270.3 265.1 281 300.9 300.8 289.9 291.6 286.6 289.5 290.7 293.3 298.9 306 309.6 315.4 327.6 335.6 347.7 364.9 381.6 400.9 425 450 475.7 502.3 527.4 552 585.8 620.8 649.6 662.6 659.6 652.2 641 625.4 609.1 585.8 568.1 545.4 510.7 492 478.2 459.4 445.4 430.7 421.6 409.5 398.5 399.3 380.3 365.5
546.9 518.7 492.2 468.1 467.4 458.3 432.1 411.4 396.9 383.9 360.3 337.2 321.1 304.2 290.8 278.7 264.7 253.3 248.8 250.4 256.3 252.7 251.7 251.8 257.9 259.1 257.9 250.6 248.9 253.4 262.4 277 272.2 285.5 308.6 301.4 297.8 297.6 300 305.5 314.5 321.6 330 335.8 349.7 365.4 384.5 401.4 421.1 447.2 471.7 496.8 523.8 550.2 576.5 613.2 648 671.3 667.8 659.1 649.1 637.5 623.3 607.9 579 560.2 532.9 508.1 492 478.2 454.9 436.4 414.6 405.1 396.4 384.2 380 371.8 354.3
546.3 514.2 488.3 459.7 434.1 421.8 410.1 402.1 379.3 362.2 347.5 330.1 312.2 296.6 284.1 269.9 255.6 249.5 233.6 232.9 235.4 236.9 238.9 238.4 242.1 245.9 246.4 243.3 250.9 257.8 261.4 264.9 274.4 282.1 301.2 306.8 304.4 306.2 311.2 316.3 328.8 336.2 346.6 354.5 367.4 384.2 402.5 419.5 445.3 469.1 492.2 514.7 543.1 579.2 614.2 646 676.8 677.7 671.7 662.4 654.7 646.4 635 613.4 589.6 563.2 537 520.3 495.2 474.7 453.4 422.9 399.2 382.9 379.7 367.1 354.2 342.5 332.6
548.4 517.9 480.5 453.6 426.6 406.7 393.4 385.4 375.9 349.5 333.9 318.9 305.4 291.7 271.3 255.3 242.5 239.4 229.9 225.2 224.1 227.8 229 225 228.3 233.1 237.9 247.8 260.6 272.2 275.8 298.9 304.1 307.6 309.9 311.3 316 321.6 328.2 336 343 353.2 362.6 372.5 387.7 403.6 423.5 445.3 471.8 494.5 514.2 540.1 575.4 612.7 644.4 678.1 679.6 677.7 669.4 660.3 655.3 648.3 630.7 610.9 588.1 562.7 535.9 512.4 492.2 467.8 445.6 426.6 393.7 377.1 362.7 351.8 342.9 336.4 321
541.6 509.9 486.4 463.2 442.1 417.8 384.9 357.1 346.4 336.3 321 311.1 302.7 287.4 265.6 244.8 232.7 225.9 221.2 221.8 221 220.3 219.8 214.2 223.9 234.9 245.1 258.2 273.5 288.4 297.6 318.5 325.4 330.7 331.2 330.6 335.9 342.1 347.8 353.4 359.3 369.9 381.1 392.4 407.3 424.1 443.5 474.4 494.9 514.9 538.6 568.8 598.2 634 673.3 678.8 679.1 672.1 664.7 657.5 652 643.8 629.5 606.1 583.5 560.4 531.7 506.3 479.8 463.5 441.5 418.4 383.7 365.8 354 340.3 332.4 326.9 318.2
555.7 524.9 496 465.2 439 408.6 367.5 342.7 322.3 316.9 304.9 297.6 298.1 290.2 259.7 236.7 228.2 220.7 218.8 218.1 217 214 212.2 219.4 237.3 249.9 263.1 273.5 289.8 308.5 332.8 346.7 357.2 362.5 356.1 354.6 358.8 363.2 367.9 372.9 377.5 388.3 398.7 413.4 426.2 445.1 468.4 493.3 513.1 536.2 567.2 601.4 624.7 657 676.4 680.9 675 665 660.2 653.1 649.7 643.6 625.4 604.4 575.7 551.8 526.8 490.4 457.5 440.7 419.6 398 372.8 357.2 345.1 335.5 324.4 318.6 307.2
567.5 529.4 489.2 462.2 426.8 394.2 353 333.4 312.8 298.2 289.4 283 276.7 275.4 251.6 232.8 224 219.2 218.1 213.7 213.4 209.3 215.1 237.6 253.6 264 281.2 292.1 307.3 335.4 354.9 370.7 380.9 383.7 377.3 378 379.7 382.9 387.6 394.4 402.7 409.5 417.1 432 449.2 466.1 488.4 510.6 531.5 561.6 597 622.7 647.3 675 688.6 680.9 673.4 661.4 651.1 645.3 638.7 634.6 621.7 590.5 569.5 552.4 528.4 479.8 444.7 425.8 404.4 388.3 373.2 355.4 344.3 332 319.1 304.5 294
557.6 517.7 484.2 448.5 413.4 376.2 354.8 328.3 307.5 291.3 280.2 271 264.4 253.5 237.7 227.1 220.2 219.8 216.8 213.6 210.9 209.2 230.9 253.5 268.7 280.2 292.9 308.5 321.5 351.1 381 410.4 415.1 407.4 400.2 399 398.3 403.7 410.4 417.5 426.7 430.3 437.7 448.8 469.2 486.6 508.9 530.1 559.1 593.5 613.7 632.9 667.2 678.7 679.6 671.9 669.6 659.6 642.7 632.1 624.4 617.2 607.1 578.6 563.6 543.5 522.3 481.8 449 416.5 399.6 384.3 369.5 353.3 343.5 335.4 322.7 307.1 290.9
530.7 494.5 463.2 431.7 401.9 374.3 351.2 325.4 305.9 288.4 273.3 261.2 255.2 242 225 219.4 218.7 217.5 214.9 211.1 204.1 209 241.3 258.1 288.3 298.4 306.8 324.9 335.2 374.8 393.9 419.8 420.7 415.2 412.5 415.4 419.2 427.4 436.3 447.2 450.9 452 458.6 473.5 485.5 505.4 530.9 559.9 590.6 611.6 624.9 642.3 661.2 668.3 670.1 659.6 653.6 647.2 636.8 626.4 614.1 605.5 587.8 562.4 551.6 531.7 511.4 478.5 441.6 416 398.2 385.4 371.1 354.7 336.7 325.8 318.3 307.4 289.9
509.4 472.2 441.4 414.4 390 370 353.3 333.3 310.9 288 266.8 248.7 241.3 235 219.4 217.1 217 214.6 210.9 206.7 201.9 207.4 239.9 268.7 289.5 306.5 324.8 338.7 341.9 375.2 392.8 416.8 421.9 420.6 423.3 429.3 440 448.4 460 471.1 473.3 469.9 478.8 490.7 508.2 529 554.1 589.1 608.2 623.7 631.8 645.7 649.4 654.7 658.1 650 641.5 638.8 627.8 616.1 606.5 593.9 578.3 550.9 537 520.6 501.4 482.1 451.1 427 403 375.5 362.7 343.8 330 320.4 306 300.9 268.8
478.7 457.2 428.4 400.5 377.9 357.7 346.8 342.2 312.6 290.8 268 242.7 231.2 222.9 215.2 213 213 209.9 204.9 201.5 199.2 213.2 234 271.8 298.5 318 338.8 349.8 349.9 366.7 381.5 410.5 424.1 428.9 430.6 446.6 456.5 466.6 479 486.6 489.1 484.8 494 507.7 534.7 552 580 598.6 618.6 626.3 637.7 649.9 645.1 641.9 644.7 639.9 638.4 626.7 613 601.6 593.7 578.8 568.2 542.3 521.1 505.1 497.3 477.5 448.8 421.8 387.6 359.5 348.6 339.2 327.7 312.2 290.7 276.1 258.5
472.8 445.9 417.7 392.5 370.3 352 338.7 322.5 301.6 284.2 262.2 238.6 222.3 218.8 210.7 205.1 203.7 199.7 197.7 193.2 203.3 221.9 245.4 280.6 306.2 329.2 355.8 361.9 358.8 361.3 385.8 404.7 420.3 423.2 445.6 462.6 469.9 482.3 492.2 498.3 498.1 495.6 501.8 522.6 555.7 581.3 594.6 607.8 620.7 629.7 634.7 639.3 636.5 632.2 632 623.5 620.2 603.9 588.8 575 563.7 557.8 545.3 530 504.8 482.6 470.1 448.9 426.7 401.6 370.2 344.4 338.1 332.1 316.4 299.4 276.7 262.2 250.9
462.7 438.6 411 388.7 368.6 350.2 328.2 311.8 293.2 267.2 246.4 232.6 218.8 212.8 206.4 201.1 197.8 193.3 189 196.5 209.7 234.8 260.6 298.2 324.4 343.8 358.1 369.7 365 366.6 383.7 395.5 409.1 430 454.3 466.5 480.1 494.6 500.8 506.7 508.7 502.7 510.6 536.7 577.2 593.8 608.8 626.5 631.4 633.8 633.3 634.6 629.6 624.6 620.4 611.5 603.1 579.1 555.5 544.1 533.1 519.5 502.8 498.3 486.9 459.7 439.4 414.4 391.6 368.3 353.3 332.1 323.8 313.3 299.1 289.9 263 243.3 230.5
453.3 429.5 405.2 384.5 364.8 346.5 328.1 309.8 286.1 256.5 239.9 227.6 214.2 204.8 200.2 197 193.6 189.3 191.4 200.1 211.2 230.7 267 297.7 325.7 339 359.2 363.7 369.7 370.7 375.8 387.7 408.3 428.3 451.8 470.5 483.4 501.7 509.7 511 510.6 509.5 519.7 552.9 581.8 600.9 617.4 631.4 633.3 634.5 633.8 631.9 631 620.9 608.2 595.2 584.6 557.9 540 526.3 506.8 489.7 475.1 462.1 450.5 433 408.5 388.6 364.9 342.6 328.3 322.9 318.7 301.5 290.4 276.3 247.7 221 206.9
446.5 424.5 404.1 383.9 365.7 345.8 325.8 303.4 276.5 255.4 237.6 222 211.4 201 196.1 191.8 187.4 187.3 194.4 202 209.8 222.7 257.3 291 323.6 332 346.2 362.9 372.9 374.2 380 390 399.2 420.1 448.3 468.6 481.5 502.2 510.6 511.8 510.6 512.1 533 566.5 591.5 605.9 624.2 629.6 631.6 633.4 631.8 628.8 626.7 619.3 602.9 584.1 570.3 546.7 530.5 510.5 488.9 479.5 454.9 439.9 429.2 414 392.5 371.6 353.9 334.8 328.1 320.4 309.2 290 278.8 260.7 232.7 211.1 194.7
442.4 422.2 405.4 387.1 368.2 347.6 327.9 303.5 283.3 266.1 242.1 225.5 212.4 200.9 193.9 186.4 184.8 193.2 199.5 202.9 208.7 230.9 254.4 288.4 308.9 327.6 350.7 367.5 377 375.8 372.5 381.6 390.5 410.4 440.8 461.1 476.1 486.8 503.3 511.1 510.5 514.2 544 570.2 590.3 604.1 615.7 622 628.5 630.7 627.3 624 617.2 610.1 591.4 580.7 566.2 547.2 524.3 496.5 477.8 453.3 441.3 429.3 415.7 408.5 385.9 365.4 345.6 334.6 325.8 314.9 295.5 286.3 271.1 247.7 229 212 187.3
435.2 418.5 405.6 390.1 373.5 355.9 336.8 312 293.5 272.4 251.5 229.5 212.4 199.3 192.4 183.8 185.5 198.6 192.8 195.9 204.5 228.5 253.8 264.4 295.7 321.4 348 369.2 371.1 369.5 363.4 372.3 385.7 409.5 437.8 458.3 472.6 478.3 494.7 506 503.2 513.8 540.6 564.7 582.9 595.7 607 616.5 621.1 622.8 615.8 612.8 604.4 594.9 583.2 569.6 543.3 526.1 507.7 483.9 468.9 451.6 421.6 410.1 395.6 387.4 377 358.5 342.5 332 316.3 297.7 279.2 275.2 256.8 237.7 216.8 194.5 177.5
427.9 416.4 403.2 389.7 377.4 363.9 344 326.1 303.9 278.8 258.2 238.8 220.5 200.3 190.5 183.5 182.5 185.7 183.6 186.9 195.2 215 246.2 261.9 292.4 320.4 332.8 348 358.6 352.2 351.5 365.5 383.8 401.7 431.8 451.9 462.7 476.4 487.3 496 501.3 516.7 535.3 556.3 575.9 590.2 601.1 608.6 608.8 609.2 600.9 595.9 589.8 581.4 564.7 544.8 518.5 497.9 479.7 459.9 445 428.1 414.9 396.9 371.9 364.5 354.5 342.1 331.4 317 303.7 287.9 268.6 253.2 236.3 219 202.9 181.8 166.6
419.9 411.3 400.3 392.1 381.2 366.5 347.5 328.6 302.4 286.2 270.2 247.4 230.6 210.2 193.3 182.4 179.7 179.3 178.6 179.1 187.6 206.6 239.1 271.4 291.6 310.2 321 337.3 345 338.8 346.9 362.9 382 402.4 425.6 442.7 460.3 478.6 486.8 492.9 502.7 518.4 530.6 550.9 570.9 584.3 594.6 599.9 599.5 595.6 591 588 576.8 559.3 540.2 525.8 506.4 484.1 456.9 435.8 419.4 406.5 397.4 383.4 371.1 350.2 328.9 318.9 308 296.3 289.5 271.5 257.6 244.9 226.1 204.2 189.8 177.5 160.7
413.5 406.1 399.5 393.3 382.5 369.7 348.3 336.2 316.6 297.7 282.1 261.3 239.4 216.4 195 183.8 178.9 176.9 178.3 178.4 188 206.9 246.8 256.3 268.9 293.1 303.5 318.2 326.9 328.4 346.8 364.2 382.9 403.8 424.8 437.6 455.1 474.5 486.4 495.4 507 520.7 534.5 554.1 567.6 581.1 589.8 594.2 592.8 582.5 577.7 565.9 551 531.8 515.7 502.7 481.5 469.1 445.3 421.7 403.3 394 383.8 371.7 358.7 339.4 326.4 305.8 286.4 280 267.7 253.7 240.2 219.1 204.5 193.9 182 165.7 151.9
410.8 404.4 400.4 394.2 385.2 376.5 354.3 334.5 324.8 312.9 295.1 276.7 246.7 223.1 202 187.9 177.3 175 177.7 179.6 191.7 206.4 236.7 244.5 258.8 273.7 288.1 301.5 310.4 326.1 341.4 363.2 383.7 403.2 422 438.2 455.6 476.3 490.3 496.9 511.4 526.1 540.9 552.3 564.7 579 588.8 590.9 585.1 560.7 551.6 528.1 513.1 502.9 487.6 477.6 464.1 451.7 430.6 414.8 391.4 377.4 359.5 349.7 340.8 323.3 307.7 296.7 285.4 262.2 248.3 235.9 219.8 203.1 187.2 172.1 165.9 145 134.4
406.7 399.6 395.5 391.3 386.4 382 374.3 369.9 356.7 329.6 308.5 286.4 260 234 210.2 193 179.2 173.7 176.2 182.3 197.4 206.5 227.3 240.3 246.6 257.2 275.8 294.8 315.4 336.8 357.9 376.5 397 417.5 431.2 446.1 460.6 479.1 488.5 497.7 516.6 529.7 542 555.8 569.7 577.8 582.6 585.7 577.2 540.3 512.4 492.1 480.3 473.1 463.1 458.2 443.8 426 407.2 391.6 371.9 359.7 345.2 327.1 312.5 303 294.6 286.6 267.3 254.2 241.2 223.4 206.9 190.7 171.5 154.4 143.7 132.3 121.5
404 397.6 392.1 387.9 383 380.3 374.6 372.2 355.3 340.1 328.6 299.9 269.5 242.8 211.4 197.9 180.2 173.3 171.8 179.7 189.6 201.8 214 229.5 249.9 268.8 295.4 303.1 318.9 340.3 366.2 385.5 407.1 427.1 448.6 464.7 479 487.2 495.4 507.2 523.1 535.7 547.2 557.9 570 578 573.1 562.1 539.1 517.3 483 468.4 456.2 448.9 436.7 431.1 415.6 399.9 383.7 369.8 348.8 336.8 325.7 311.7 291 281.6 276.3 265.9 262 251.2 234.2 218 197.3 175.3 158.8 143.9 136.1 128.5 116
401.8 395.6 388.5 382.9 380.9 367.4 356.9 350.5 331.5 336 319.8 293.5 267.5 240.5 237.5 215.9 188.5 172.9 169.4 179.1 196.8 215.8 236 250.8 261.7 269.6 286.9 302.8 322.2 348.9 370.2 388.5 411.6 446.2 464.1 481.3 486.8 493.2 500.8 514.3 533.9 549.4 548.9 546.2 549.5 548.4 537.2 519.3 496 475 453.9 437.2 428.1 421.8 412.5 401.3 391.7 379.7 362.4 343.1 328.1 313 300.6 286.5 275.6 264.1 259.7 248.1 246.2 238.1 221.2 199.8 184.7 163.2 150.9 138.6 130.3 122.6 112.2
401.9 393.1 381.7 373.8 366.4 352.7 338.7 334.7 315.9 312.2 296.6 273.9 257.5 247.9 236.9 216.6 185.3 171.1 169.5 185.7 214.4 236.5 248.8 260.9 261.4 268.1 282.8 306.9 328.1 346.9 364.5 394.2 423.8 452 476.1 486.7 485.8 493.1 504.7 524.2 544.9 551.3 546.4 535.4 526.7 514.7 502.5 487.8 467.5 449.8 432.4 418.7 405.1 394.3 388.1 379.7 371.9 359.2 345.6 332.8 317.5 300.8 287.4 273 257 246.6 241.2 236 226 214.9 198.7 184.7 171.5 156.1 144.1 133.3 123.5 116 108.4
410.8 397.5 381.7 366.1 347 336.4 318.7 311 295.1 282.5 275.2 267 264.6 254.8 228.1 198.1 175.1 165.2 165.7 177.6 214.7 239 235.4 252.3 258.6 265.3 287.9 315.1 334.2 359.4 384.9 410.2 433.7 456.2 473.4 483.3 484.9 491.7 509.6 527.1 540.7 549.9 544.8 530 507.7 492.2 479.8 460.9 444.6 426.6 412.2 397.1 384.8 373 362.7 356.9 347.5 338.9 326.4 311.9 300.1 289 272.2 258.1 248.3 238 226.5 221.9 216.2 206.4 198.2 185.7 163.2 144 134.6 125.9 118.6 111 104.8
418.4 408.9 387.9 359.5 335.3 317.9 305.1 295.7 288.2 280.4 271.4 269.5 259 242.1 215.5 198.5 180.2 163.9 160.7 167.8 189.9 211.2 217.1 237.5 246.8 264 292.5 316 342.7 379.9 403.7 423.2 448.8 466.1 479.9 482.5 481.3 487.9 508.9 521.9 531.8 535.7 530.6 507.2 487.9 460.2 441 431.4 418.9 405.1 389.7 386.4 363.8 354.7 340.5 331.9 321.8 315 305.7 291.6 278.5 265.3 254.1 247.1 235.3 231 217.9 198.1 187 176.1 166.2 153.7 135.9 127.7 122.7 115.9 109.8 105.3 99.2
431.1 413.7 381.5 363.4 343.2 335.1 312.4 300.6 287.2 274 262.4 259.9 250 238.6 230.9 209.8 183.7 164.6 157.5 164.3 189.5 206 209.7 222.7 240.9 266.2 288.5 325.2 349.7 383.3 406.6 435.5 453.3 465.4 479.3 481.2 480 487.8 500 511.1 510.9 508.6 497.3 482.4 461.3 435.9 416.6 403.7 390.1 380 366.1 354.7 348 332.6 320.6 306.4 301.1 291.4 283.7 272.2 261.2 247.3 238.8 222.4 215.3 209.1 194.2 181.5 170.5 158.5 149.8 141.5 126.3 117.7 112.8 108.4 104.9 102.8 99.6
429.1 406.8 385.2 374.9 366.1 352.8 327.7 310.2 292.1 268.6 258.1 259.9 252.7 249.7 244 219.9 189.1 166.9 156.3 160 175.8 184.5 199 216.6 241.6 266.7 293.8 323.4 354.7 380.1 408.6 439.4 449.3 462.6 472.7 477.6 485.8 492.5 499.6 511 508.6 490.1 463.1 446.7 430 410.9 397 384 371 361.6 349.3 342.5 330.6 319.7 305.7 292.7 285.3 276.4 266.7 256.9 239.5 228.8 220.1 206.6 193.7 186.3 177.8 171.9 159 146.8 138.5 129.5 120.2 112.4 105.7 103 102.5 100.6 98.5
435.2 418.4 402.9 391.2 375.8 355.5 333.7 311.4 284.1 254.4 243.5 240.8 250.3 250.3 238.5 213.1 189.4 167.7 157.7 157.3 169.7 181.4 200.9 228.3 245.9 277.7 299.2 327.4 355.7 379.8 405.7 425 445.5 458.3 464.7 470.9 487.7 491.9 493.7 499.3 499.3 477.1 456.9 430.5 408.2 399.1 382.6 369.9 357.8 344 332.2 324.3 315.5 299.5 292.3 280.4 268.8 262.7 251 237.2 221.3 209.5 201.5 192.2 184.1 173.9 162.6 153.5 146.9 136.2 130.1 121.1 114.1 108.2 101.2 98.1 99.3 96.6 94.5
439.2 423.7 400.9 371.8 367.5 340.5 322.7 289.9 272.5 246.9 237.6 240.2 243.6 233.4 227.9 212.7 192.6 176.2 153 153.2 166.7 182.6 203.5 225.9 249.5 277.2 305.4 333.3 359 378.8 398.3 419.1 436.8 447.4 453.2 473.8 486.9 491.8 490.2 483.5 477.4 462.5 441.1 417.6 399.5 383.4 369.5 355.4 340.9 331.4 316.5 306.7 297.8 284.9 273.1 260.6 248.8 240.5 232.9 219.7 204.5 192.9 187.1 180.8 173.6 166.7 158.4 144.8 134.5 125.3 119.4 116.6 107.5 103.7 99.5 93.8 91.5 91.4 89.9
429.2 402.1 376.7 345.2 339.6 320.7 296.5 275.9 259 247.7 237.7 238.7 238.1 221.2 220.1 216.7 198.5 182.1 155.1 153.7 167 185.8 207.8 224.8 245.1 271.7 303.2 332.1 359.1 382.3 402.2 416.8 425.7 437.7 448.3 467 475.5 478 479.9 471.8 460.6 451.3 428.4 405.3 385.4 367.7 354.1 340.1 323 315 300.3 289.4 282.6 271.2 258.7 244.6 234.8 221.4 210.3 200.4 193 182.6 173.2 166.1 163.7 157.4 147.4 137.8 127.3 117.4 112.5 107 100 99.3 99.9 98.7 89.9 84.9 89.4
