app/static/ascii/NM99.asc
ncols 200
nrows 200
xllcorner 190000
yllcorner 790000
cellsize 50
[rows 0 to 34 of 200, columns 78 to 155 of 200]
355.9 351.7 348.1 346.6 342.3 335.7 330.7 323.5 321.4 327.2 315.5 299.3 296.7 288.6 281.5 274.7 269.8 262.4 251.5 241.7 234 231.9 225.2 222.7 218 215.4 220.3 201.3 192 192 192 192 192 192 192 192 192 192 192 208.6 192 192 192 206.6 192 192 192 192 203.4 214.6 217.2 221.8 229.1 233.4 236.6 237.8 240 245.2 256.9 263.6 267.5 269.8 275 283.3 289.2 293.1 296.9 312.2 322.7 329.7 334.9 359.2 378.3 378.4 382.5 370.9 366 362.5
318.2 315.8 327 324.5 319.9 321.3 316.4 306.1 308.3 304.5 294.6 284.5 273.1 267.5 264 259.6 249.9 242.7 234.8 226.4 224.6 218.2 214 212.7 200.8 201 201.5 192 192 192 192 192 192 192 192 192 192 192 192 203 192 192 209.4 209.9 201.8 192 192 192 215.2 224.3 223.4 226.5 236.1 239.6 242.8 244.1 249.5 261.4 267.6 272.1 276.6 283.3 293 298.9 302.4 302 310.7 327.9 337.2 349.3 364.8 387.7 401.8 405.7 401.9 392.9 380 378.9
281.5 287.8 298.8 298.9 301.2 306.2 294.4 291.9 291.1 285.9 274.8 266.1 256.3 250.1 246.4 242.9 235.7 226.3 218.5 215.5 209.1 201.9 200.4 192 192 192 192 192 192 192 192 192 192 192 192 192 192 192 192 192 192 192.5 215.6 211.3 207.3 196 192 212.1 224.9 233.7 231.7 235 239.2 244.4 248.7 254.6 261.5 273.2 275.3 282.3 289.7 299.2 305.4 311.2 314.4 315.9 328.8 346.2 358 374.6 380.8 403.7 421 425.2 420.9 409.3 399.9 395
261.3 269 275.3 271.6 282.3 286.9 279.8 290.5 274.5 264.3 255.4 248.2 241 234.2 231.2 226.1 219.9 210.5 203.1 199.8 192 192 192 192 192 192 192 192 192 192 192 192 192 192 192 192 192 192 192 192 192 206.7 220.1 214 210.5 207.5 212 222.5 233.6 243.6 244.5 243.6 249.5 250.8 257.8 264.7 272.1 279.7 285.4 293.7 303.8 311.5 317.2 322.7 328.6 332.1 351.3 366.4 380.2 397.3 406.9 430.4 441.4 440.9 433.8 424.5 417.4 410
239.4 254 255.5 260.1 255.3 264.1 276.4 272.5 258.3 248.3 244.3 236.6 228.3 220.4 217.9 206.8 199.5 192 192 192 192 192 192 192 192 192 192 192 192 192 192 192 192 192 192 192 192 192 192 192 192.9 210.4 220 217.2 214 210.1 221.1 231.5 241.5 251 251.7 250.6 257.1 260.6 267.5 274.4 281.5 289.8 296.8 307.8 314.9 321.9 327.8 336 342.6 351.4 369.3 381 393.9 414.1 430.6 453.9 462.7 457.2 446.5 438.6 431.2 423.2
225.1 236.6 239.2 243.9 235.9 244 262.4 256.6 243.4 239.2 238.4 224.5 216.8 210.2 200.9 192 192 192 192 192 192 192 192 192 192 192 192 192 192 192 192 192 192 192 192 192 203.3 192 192 194 210.4 219.9 228.4 222 218.8 223.9 233.7 242.9 250.5 257.7 262.3 261.2 265.6 271.6 277.6 285.8 292.1 300.1 308.3 315.2 321.9 330.7 340.2 349.4 358.7 371.9 385.3 395.5 407.9 426.8 443.7 466.2 473.4 469.5 465.4 456 448.6 437.6
212.1 225.1 229.9 221.5 217.6 225 237.2 237.2 233.2 228.7 225.6 218.9 210.9 196.6 192 192 192 192 192 192 192 192 192 192 192 192 192 192 192 192 192 192 192 192 192 204.3 204.2 194.4 201.8 209.2 218.7 230.4 230.8 227.8 228.7 239.1 248.5 254.3 259.9 267.3 272.1 271.8 276.1 284.1 291.9 296.5 302.6 310.8 324 327.4 334.8 349.8 354 362 372 386.4 400.6 413.1 423.3 442.7 458 474.4 483.8 483.4 482.4 474.1 460.1 455.7
201.8 210.3 218.3 215.1 197.6 201 208.3 211.7 217.3 219.3 219.8 207 199.3 192 192 192 192 192 192 192 192 192 192 192 192 192 192 192 192 192 192 192 192 192 196.4 212.1 198.4 200.7 210.7 218.3 228.3 234.1 233.8 232.5 239.4 251.6 260 265.7 270.9 276.7 283.4 285.2 288.9 297.7 304 308.7 313.1 324.3 334.1 341 349.6 356.9 365.2 373.3 384.9 397.9 414.9 433.1 440.6 463.7 477.2 489 496.9 500.3 496.5 491.9 476.2 471.1
192 192 193.8 202.9 192 192 192 192 192 202.1 206.9 194 192 192 192 192 192 192 192 192 192 192 192 192 192 192 192 192 192 192 200.1 192 192 192 207.8 205.7 208 210.8 217.4 225.8 235.7 240 238.8 243.1 252.2 262.9 271 277.1 282.8 290.4 299.3 304.2 308.4 308.6 312.6 317.1 323.5 333.2 341.7 350.9 357.3 366.2 374.4 386.1 398.4 412.4 432.4 453.7 472.9 488.6 501.6 509.9 515.5 520.6 513.1 505.7 491.6 485.4
192 192 192 192 192 199.6 197.7 192 192 192 192 192 192 192 192 192 192 192 192 192 192 192 192 192 192 192 192 192 192 208.1 214.4 203.7 198.8 192 204.8 207.9 211.2 217.4 224.8 232.2 240.5 243.8 247.9 256 265.1 270.2 278.8 289.4 297.9 310.4 321.3 326.6 324.3 321.3 324.7 327.1 334.8 342.4 351.8 361.7 368 375.3 385.4 397.5 412.4 427.3 451.5 476.8 498.5 513 522.4 528.9 535 543.8 536 521.3 504.5 494.1
192 192 192 192 192 192 208.5 192 192 192 192 192 192 192 192 192 192 192 192 192 192 192 192 192 192 192 192 192 203.5 221.1 214.6 206.8 211.8 207.7 211.5 212.6 215.5 225 234.4 239.3 247.6 252.8 260.1 269.2 273.6 278 291.2 307.3 322.9 335.6 337.1 338.4 337.1 334.3 341.6 346.4 350.4 356.5 365.6 374 380.7 387.2 397.9 412.5 427.5 445.1 470.6 498.3 518.7 532.7 544.5 549.5 556.5 562.1 557.1 536.6 513.5 495.8
192 192 192 192 192 192 192 192 192 192 192 192 192 192 192 192 192 192 192 192 192 192 194.4 192 192 192 192 192 204.3 217.9 208.5 209.5 213.1 213.2 213.8 217.3 223.1 233.5 241.7 247.7 256.5 265.1 271.5 276.4 281.4 290 303.5 326.6 343.8 357.9 350.5 352.9 350.6 351.5 357.2 361.7 365.5 371.6 379.7 387.6 394.2 402.2 413.5 428 443 466.4 494 517.7 542.4 555.5 569.5 577.2 581 582.5 568.2 540.6 515.2 495.8
192 192 192 192 192 192 192 192 192 192 192 192 192 192 192 192 192 192 192 192 192 192 192 192 192 192 197.8 192 207.6 210.5 207 209.6 217.4 217.6 218.9 222.8 232.3 242.8 250.3 254.7 262.9 270.8 279.3 285.2 293.6 304.4 319.3 344.1 359.4 368.1 369.8 373 372.7 371.6 371 376.3 380.8 387.6 395.6 402.5 411.2 419.8 429.9 446.1 467.3 492.7 516.9 541 562 577.1 595.1 600.9 601.8 600.5 575 544.9 522.1 503.6
192 192 192 192 192 192 192 192 192 192 192 192 192 192 192 192 192 192 192 192 192 192 206.4 192 192 196.3 199.1 192 205.8 209 214.9 222.3 221.6 222.3 225.3 230.2 240.8 249.7 257 263.9 269.1 276.9 286.5 296.7 311.4 323.8 342.6 361.6 377.8 385.9 387 391.1 395.8 392.6 387.9 394.3 397.5 405.9 414.3 423.6 432.2 447.1 458.2 473.4 494.2 517.1 539.1 562.6 583.3 602.6 619.2 623.7 623.7 620.3 585.3 554.9 530.4 511.5
192 192 192 192 192 192 192 192 192 192 192 192 192 192 192 192 192 192 192 192 192 192 192 192 192 204.4 199.2 205 207.4 213.7 230.1 228.7 228.5 227.9 233 238.4 248 256.4 263.7 271 277.3 285.4 295.2 311.6 323.7 342.5 360.7 379.1 398.2 406.1 407.2 412.6 414.8 416.1 407.6 409.4 414 426.2 437.2 449.7 457 473.8 485.7 499.3 515.5 535.4 558.7 581.2 604.4 622.5 639 647.4 643.2 622.9 592.7 563.5 544.4 525.2
192 192 192 192 192 192 192 192 192 192 192 192 192 192 192 192 192 192 192 192 192 192 192 192 192 201.2 204.3 202.2 204.9 217.6 223.2 229.7 229.1 231.8 239.4 248.6 255.9 262.8 270.2 277.8 288.7 299.3 307.7 326.5 338.5 359.3 374.2 396.9 416.5 424.3 427 432.9 436.5 441.1 429.7 423.6 438.6 455.4 466 475 487.5 498.6 510.1 521.3 535.1 553.4 577.2 600.8 621.8 645.2 664.6 672.3 657.3 627.1 596.8 574.2 554.2 530.7
218 192 192 192 192 192 192 192 192 192 192 192 192 192 192 192 192 192 192 192 192 192 192 192 192 192 192 192 199.3 210.9 218.5 228.8 229.4 236.2 245.2 256.5 263.3 269.8 279.4 290 301 313.9 327.1 342.4 357 375 389.8 413.6 433.3 441.9 445.9 458.5 465.1 463.6 453.3 446.6 463.7 487.9 494.2 503.6 519.3 525.3 531.2 546.3 562.9 579.1 598.5 621.7 638.7 665.9 690.4 693 674.9 644.5 614 586.9 564.2 542.2
222.9 213.4 192 192 192 192 192 192 192 192 192 192 192 192 192 192 192 192.8 192 192 192 192 192 192 193.9 192 192 192.8 205.1 212.6 219.6 229.7 229.3 239 251.8 259.5 267.8 278.7 289.6 300.6 313.8 327.2 342.6 356 369.1 388.4 401.8 429.2 449.8 456 462.8 484.4 494.8 484.8 475.2 458 492.5 518.7 526.9 532.8 541.2 545.6 551.9 567.3 583.6 600.2 618.9 641.2 664.6 688.3 714 712.6 693.9 664.8 634.3 607 577.3 558.1
238.9 213.2 196.7 192 192 192 192 199.6 199.5 192 192 192 192 205.4 205 197.6 200 206.7 207.3 202 201 192 192 197 207.3 199.9 192 202.8 207.8 214.1 221.8 228.1 234.5 243.1 254 263.4 274.9 285.8 297.8 311.5 324.9 338.2 352.3 366.5 380 395.9 416.6 441.2 461.3 466.9 479.3 496.8 504.1 501.8 495.9 476.5 506.6 530.9 548.3 551.7 558.4 560.9 571.8 582.4 600.2 619.1 640.4 658.1 679.2 702.5 720.5 721.2 706.5 688.7 671.6 640.3 603.7 576.6
219.9 212.8 204.4 199.8 204.1 211.2 219.5 218.6 210.8 204.6 200.4 201.7 211.9 214.1 213.7 212.9 215.3 218.5 218.2 212.6 205.4 206 192 214.4 219.5 211.5 203.5 209.7 216 220.8 229.8 234.9 240.1 252.6 262.1 271 282.3 294.3 308.9 322.4 337.3 352.8 366.9 380.2 393.3 415.8 431.7 448.3 466.4 482.7 497.7 506.8 513.1 508.9 504.7 500.8 500.5 530.9 547.9 551.5 558.8 567.7 579.6 594.8 604.8 626.2 642.3 656.6 676.4 694 708.4 716.5 711.4 696.9 673.7 644.4 611.1 583.9
223.5 217.9 216.1 215.9 223.7 232.8 234.7 227 220.8 219.5 216.7 216.8 223.3 225.1 223.8 223.8 230 228.1 228.8 220.8 212.7 210.4 211.1 215.6 220 215.2 209.7 216.5 225.1 231.4 237.2 243 251.7 260.2 270.3 279.7 290.8 305.4 319.8 334.7 351.9 368.3 385.7 402.5 417.3 437.2 453 468.3 485.5 506.4 516.2 522.5 526.4 520 524.4 533 522 536.2 544.9 551.7 561.1 571.5 584.6 598.8 611 629.1 647.1 665.4 683.7 702.2 721 722.2 710.9 680.8 650.4 629.4 604.2 582.4
234.7 229.5 230 245.1 248.7 255.3 246.9 238.4 235.9 233.7 230.2 233 236 236.4 241.2 241 240.2 238.8 238 229.5 219.5 216.5 214.6 216.7 220.6 219.2 214.3 222 231.1 240.5 246.3 251.4 260.7 269.8 277.8 287.9 302.6 317.5 332.1 349.4 366.6 386.7 405.3 425.6 439.7 460.6 475 490.5 507.7 526.9 536.5 542.8 545.4 539.5 541 534.1 546.5 547.5 551.7 559.5 566.6 578.1 593 608.8 625.1 641.8 659.8 676.6 695.4 712.4 722.5 724 709.3 674.7 646.8 621.5 597.9 575.1
244.4 244.5 251.1 264.9 270.4 267.4 261.9 255 249.6 245 244.6 248.2 249.9 252 257.6 260.2 253.1 249.6 245.2 237.5 231.8 227.1 225.9 219.3 221.7 222.1 220.2 225.1 237.1 245.6 251.7 259.7 269.5 278.6 288.1 298.7 311.2 329.2 349.5 365.6 382.1 403.7 426 445.9 460.4 480.1 497.3 514.6 532.8 544.7 554.7 561.7 561.6 562.3 559.4 552.8 556.1 557 558.8 566.7 571.5 583.3 599.2 617.2 636 656.3 673.4 687.8 703.1 718.2 721.8 720.9 703.4 668 646.7 620 596 566.7
264.2 263.3 275.1 282.3 284.4 282.5 277.2 273.7 264.9 261 260.3 263.6 266.5 271 278.9 271.4 262.6 260.6 255.3 243.7 242.9 241.7 235 226.8 223.6 225.6 223 234.6 243.5 250.4 258.2 268 277.8 287.4 297.6 309.8 321.5 338.9 359.3 376.8 400.2 421.9 444.1 466.6 478.4 495.8 521.7 540.7 556.1 564.3 574.4 580.3 582.5 584.2 580.7 570.6 564.7 564.2 565.9 569.8 571.4 590.1 602.4 619.6 643.5 661.8 679.3 696.8 710.1 718.1 720.5 711 680.5 655.4 637.8 616 587.2 556
288 287.9 294 303.2 304.7 297.9 292.2 291.4 282.4 276.7 276.4 281.3 283.8 292.3 295 282.2 272.7 269.7 260.4 255.3 251.8 248.8 241.4 234 232.1 232.3 232.9 241.7 250.7 261.4 268.5 276.2 286.1 295.9 307.1 319.8 333.5 349.1 368.9 392.4 412.9 438.7 461.6 482.1 499.3 520.9 543.7 563.7 575.7 588.2 596.3 601.6 603.8 606.4 603.6 594.2 587.9 572.7 569 569.3 580.1 598.3 616 632 650.7 674.7 688.1 704.7 723.5 726.1 716.9 699.9 670.7 644.1 622.9 604 578.1 548.2
314.8 314.3 314.2 321.8 324.1 316.2 312.2 310.5 301.5 294.7 294.8 300.9 302 305.9 300 293 285.8 278.6 270.4 267.4 265.5 260 247.2 239.9 243.1 243.8 238.9 252.3 266.5 272.5 277.3 283.1 293.3 302.8 318.1 332.1 347.8 363.9 384.9 406.5 427.2 453.7 477.6 499.8 523.3 549.3 572.1 587.1 601.1 612 621.4 629.6 633.5 639 632.6 617.7 599.4 585 583.8 588.1 598.8 612.6 629 644.6 666.2 686.8 701.8 720 737.9 728.6 711.3 695.6 661.8 639 615.5 594.1 567.9 541.8
334.2 329.4 328.7 333.5 334.9 331.2 337.2 327.7 322.4 317.8 315.8 319.7 322.5 319.1 314.4 307.1 298.5 289.2 281.6 279.1 276.6 270.4 251.6 249.1 257.3 256 248.3 263.2 272.2 279.9 286.3 292.3 300.6 313 328 342.6 360.5 379.7 400.3 423.9 446.6 466.5 494 522.4 548 574.3 595.4 611.3 623.4 635.8 645.1 650.4 658.8 668.8 654.8 633.6 615.9 606 604.1 608.4 615.4 630.3 645 656.2 678.3 695.2 713.9 726.1 735.5 724.1 705.2 684.2 660.5 630.5 607 584.3 559.2 535.9
351.1 350.6 346.7 352.7 353 351.5 355.2 346 342.7 344.8 340.2 337.1 336.7 334.2 331.6 321.4 312.8 301.6 293.2 289.2 285.2 275 260.7 262.6 272.7 268.6 258.4 273 281.6 287.4 293.8 299.8 309 321.7 336.4 351.4 371.5 393.7 415 437.9 459.4 485 513.1 539.9 567.8 599 617.4 631 644.2 658.9 668.7 671.7 679.4 684.7 673.1 651.7 639.5 629.8 626.7 626.7 634.3 643.7 657.7 671 694.4 715.6 724 734.6 726.7 713.7 687 664.9 642.4 625.1 601.1 573.3 551.1 525.5
375.7 374.6 366.1 372.9 373.5 375.5 372.1 367.1 370.5 369.7 359.7 360.1 360.2 355.3 345.2 338.3 329.6 320.7 309.5 304.2 292.2 281 271.9 282.6 290.3 269.9 263.3 283.7 289.9 295.2 299.9 307.6 317 330.8 347.9 363.3 383.4 404.9 428.2 448.3 475.4 501.1 527.5 555.4 584.8 611.4 635.8 650.8 667.3 680.2 691.3 697.7 706.7 712.4 696.6 677.1 666.3 656.9 655.9 655.8 663.2 671.5 675.5 692 715.4 731.4 733.7 736.7 723.3 698.3 668.7 646.9 630.3 613.8 593.7 566.3 543.9 516.3
398.8 397.3 391.3 397.3 400.6 395.9 390.7 389.4 392.6 386.1 385.1 379.7 373 365.3 361.3 357.5 357.6 346.3 335.9 320.4 308.3 293.9 284.1 290.6 289.2 269.1 274.8 286 293.9 299.2 304.9 314 326.5 339.7 356.9 375.9 395.1 414.7 435.2 458.8 487.4 512.7 541.8 573.1 604 632.6 654.7 674.3 691.1 707.1 716.6 725.8 736.2 740.2 727.4 710.9 690.8 695.9 692.4 689.6 690.8 688.6 693.8 705.7 726.1 741.9 745.2 736.1 716.8 682.5 652.7 634 616.1 598.8 578.3 556.4 531.2 505.3
414.8 416.1 413.3 418 417 414.9 414.8 411.8 408.1 406.6 406.3 395.1 391.8 387.6 381.6 385.6 384.9 374.8 355.1 335.8 322.5 306.4 294.1 291.8 287.8 274.8 284.9 292.4 298.3 303.2 310.7 319.4 333.5 348.7 367.9 387.4 406.6 425.7 447.6 470.4 499 527.2 556.9 586.6 624.7 653.5 677.8 697.1 715.4 731.6 741.8 754.5 765.5 768.4 765.3 756 761 756.3 732.7 718.8 714.2 712.3 721.6 736.4 745.8 752 751 734.7 703.9 668.4 636 617.5 601 586 566.4 542 518.5 493.4
430.1 431.7 432.9 438 439 442.3 439.9 438.4 432.7 424.3 419.5 415.2 409.1 406 404.2 406.8 403.2 388.1 370.6 348.1 329.1 318.9 304.8 299.3 286.3 287.3 289.9 298.4 303.1 309.3 317.7 326.9 340.3 358.5 377.3 396.1 414.6 435.5 460.5 487 515.6 542 578.5 607.7 646.6 672.7 699.4 720.4 738.8 754.5 767.7 780.9 793.6 798.5 804.3 807 799.5 777.3 757.1 745 737.1 740.1 747 758.3 764 762.5 755.6 717.2 689.5 658.5 632.6 612.6 595.5 575.5 555 528 503.2 483.4
452 454.5 457.6 456.8 459.6 464.7 465.8 463 452.8 440.2 433.5 429.7 425.1 422.9 418.1 419.4 413.8 399 376.1 353.3 338.6 326.6 308.5 293.5 283.4 295.1 296.8 302.5 308.2 315 323.7 335.8 350.1 365.4 382.5 403 425.6 447.5 473 499.7 529.2 561.1 596 630.3 662.8 692.3 718 742.6 763.8 781.1 796.1 812.4 826.1 833.9 831.4 822.4 811.2 799.1 784 769.5 765.3 770.9 771.2 781 787.6 776.1 748.1 712.6 687 660.1 631.4 611.3 591.3 568.9 543.3 515.5 493.4 472.9
487.6 486.2 487.7 492.6 496.4 502.5 493.2 481.1 472.3 461.3 450.9 449.5 443.4 439.3 433.5 430.7 422.2 404.2 378.7 355.4 338.9 323.2 307 292.2 290.4 298.6 302.2 307.2 312.8 319.7 329.9 344.4 358.9 373.7 390.3 410.7 432.7 458 484.1 511.2 541.2 574.4 614.6 648 679 710.9 737.4 767.8 791.8 811 828.5 848.1 857.5 860.8 852.3 837.6 826.6 817.6 807.6 799 796.3 797 794.3 804.2 801.5 776.9 742.6 712.2 687.9 661.7 632.9 610.4 588.8 561 533.1 508 487.5 470.2
515.5 520.6 522.1 530.7 532.9 521.6 508.8 503.6 499.4 488.8 475 466.5 460.4 452.9 444.9 439.7 426.1 401.1 379.2 359.1 337.2 323.4 308.3 296.3 298.1 304 308.2 313.2 318.2 324.6 334 349.5 365.2 382.4 399.8 420.9 443.7 468.7 494.7 523.1 556.3 594.7 629.7 662.7 690.6 728.5 761 798.9 821.4 839.7 863.4 884.2 883.7 880.4 866.4 852.5 841.1 837.3 833.5 829.3 827 825.4 828.8 832.4 810.3 774.8 738.2 711.7 687 660.1 634.2 607.2 579 554.6 528.9 505.8 484.6 470
