app/static/ascii/NN03.asc
ncols 200
nrows 200
xllcorner 200000
yllcorner 730000
cellsize 50
[rows 70 to 104 of 200, columns 0 to 78 of 200]
405.6 419.9 436.3 454 468 487.1 505.3 518.6 528.6 527.6 523.2 522.9 525.4 524.6 526.2 522 523.6 532.5 538.5 553.7 559.3 565 561.9 559.5 554.4 553.1 550.7 550.7 546.1 543.8 541.1 538.5 535.7 545.1 552.8 556.9 572.7 590.8 601.3 625.7 644.4 642.3 645.8 637.6 623.3 602.6 585.4 576.6 577.5 592.4 591.2 588.1 579 563.8 552.3 548 545.3 534.8 525.1 507.3 483.1 463.8 445.7 417.1 412.4 407.2 402.7 402.8 400.2 404.7 394.9 377.8 357.9 347.2 333.9 320.3 306.7 286.2 256.9
407.2 430.6 447.8 465.6 482.1 488 496.9 510.3 514.5 510.3 506 508.9 512.9 510.5 512.5 510.4 512.5 517.8 528.9 537.4 548.3 547.6 547.7 544.1 538.7 535.9 529.6 524.6 524.3 525.7 521.5 514.7 530.9 538.3 536.9 550.5 574.9 591.1 608 617.6 616.3 618.9 615.5 602.7 593.3 578.6 560.8 571.9 572.4 575.3 571.2 559.7 543.4 533.6 528.1 527.2 531.9 524.6 516.2 501.6 469 450.9 426.9 431.2 443.5 444.8 438.9 432.4 421.5 420.3 420.1 401.8 391.3 373.8 355.7 343.3 309.4 280 249.4
416.5 435.5 456.7 467.7 478.6 482.7 487.8 497.7 499.4 495.2 490.5 496.1 502.4 502.3 498.4 497.5 500.1 507.3 520.9 528 524.9 517.9 525.5 528.8 523 512.4 508.1 508.5 501.9 500.3 497.4 503.2 511 524.4 542.1 553.6 564.9 587.4 604.6 600.9 593.6 590.8 580.3 566 558.1 546.3 552.3 553.1 546.6 552.3 542.7 524 513.3 506.4 504.3 496.7 505 513.7 501.6 476.4 455.9 441.9 451.8 455.8 473.4 469.2 450.2 441.9 433.7 431.4 412.7 410.1 395.7 379.1 360.9 339.1 306.7 266.2 237.2
418.4 439.9 455.4 465.4 470.9 473.4 477.8 485.9 483.6 479.7 476.7 483.9 489.4 492.1 484.1 485.5 481.6 493.5 498.4 504.5 503.3 498.8 496.1 498.2 495.7 493.2 483.2 486.2 483.4 484 483.2 499 519.3 528.3 540.1 545.5 556.1 563.3 573.1 577.7 570.6 550.5 537.3 523.6 515.4 532.6 538.6 528.9 526.3 529.7 512.4 487.9 483.6 481.8 472.1 473.6 484 496.8 475 459.4 455.4 463.1 471.3 479.6 477.8 472 455.3 448.9 440.8 418.4 420.2 407.4 387.2 368.1 351.3 327 297.4 254.2 232.9
411.6 432.4 447.1 451.6 458.8 464.2 461.5 471.6 469.7 467.4 461.8 467.4 471.8 471.9 465.3 465.4 464.2 477.9 482.9 484.3 478.9 474.7 472.8 473.3 473.5 469.5 463.2 462.9 465.1 464.4 477.6 489.2 505.8 516.6 532.9 539.8 547.9 558.2 550.6 537.6 524.8 512.7 502.4 495.3 506.6 509.6 507.3 510.6 506.2 498.4 484.5 469.1 459.8 456.9 455.6 453 475.6 470.4 457.4 457.9 475.4 479.6 496 491.8 478.2 465.4 452.8 450.1 423.3 417.8 415.7 391.1 376.6 355.7 340.2 310.8 268.1 242.4 223.3
414.3 426.6 431.5 443.3 445.6 442.2 443.1 448.3 445.5 445.2 441.4 442.3 447.2 449.5 443.3 441.5 452.6 455.6 462.1 459.9 457.9 451.4 449.2 452.1 449 442.6 439.2 443.7 441.3 456.7 465.9 477.5 490.4 506.9 517.3 523.5 530.7 532.5 523.3 515.6 498.4 483.5 475.9 476.3 483 485.7 482.9 480.1 473 469.2 464.6 455.6 443.9 438.2 436.3 443.6 454.5 449.7 457.5 473.8 485.5 498.6 498.6 481.4 466.6 453.4 457.1 433.5 416.2 413.1 399.4 387.8 361.9 340.5 316.3 284.8 252.9 228.7 216.2
413 423.7 423.4 421.8 419.2 416.6 419.6 424 423.6 424.6 418.2 417.6 420.9 415.8 420.2 421.5 431.4 435.7 439.2 438.4 432.1 430.3 429.1 428.7 428 425.2 421.8 420.9 423 444.2 455.4 475.3 492.7 492.1 503.5 498.8 496 497.4 497.9 485.6 471 465.4 467.6 458.1 461.8 461.9 458.3 453.7 448.7 449 444.7 438.6 428.2 425.4 425 426 430 450.9 478.2 488 492 491.7 476.5 468 458.6 446.6 433.8 411.9 409.7 393.1 391.4 372 351.8 322.9 298.7 270.9 243.9 220.7 208.9
401.3 413.8 416.1 414.1 416.6 407.6 400 398.1 391.3 386.5 386.8 392.8 391.9 388.8 386.2 399.6 411.8 415.5 420.1 419.7 411.7 407.6 406.3 408.6 409.8 407.1 404.8 405.9 420.7 433.6 448.1 459.6 471.1 469.8 472.6 472.4 465.4 465 456.9 449.4 454.7 451.3 451.9 449.1 443.1 448.8 438.6 432.6 432.6 427.5 422 419.7 420.3 419.2 408.9 409.4 428.4 459.9 488.1 491.4 489.1 481.8 469.9 455.3 447.2 433.1 412.1 410.9 391.4 381.6 368.5 355.6 328.8 302.4 273.3 267.4 237 213.2 203.6
387.2 400.6 396.7 394.8 392.8 392.4 384.6 377.6 376.7 378 372.8 377.7 368.7 366.2 372.7 384.5 387.8 394.9 399 395.3 390.4 386 387.8 389.2 390.9 387.2 386.4 389.1 402.3 416.7 434.1 449.7 447.4 449.9 451.9 452.2 441.8 438.3 435.4 445.3 447.1 447.8 453.2 451.5 448.4 447.5 435.6 425.5 416.6 410.2 406.1 404.7 406.4 406.3 399.4 405 433.5 456.3 468.6 478.5 474.3 468.1 459.1 447 434.8 413.3 403.7 388.3 377.1 363.3 347.6 340.6 318.2 282 257.5 248.7 226.5 201.6 194.1
371.8 381.6 384.4 384.6 381.5 377.5 368.5 372.5 369.2 358.4 350.6 348.3 353.7 349.1 358.7 369.1 376.8 378 369.4 368.5 364.2 362.3 363.5 364.1 370.5 368.7 375.7 378.7 389.4 401.3 416.5 425 422.8 426.5 423 427 427.2 421.5 432.2 438.9 435.8 444.8 450.2 450.7 448.9 443.3 436.5 428.9 417.7 410.6 405.4 401.2 402.7 396.7 396 412.1 427.9 449.7 468.7 475.4 459.7 452.7 449.2 437 417.8 403 388.4 372.5 363.2 344.4 326.2 314.7 289.2 257.4 238.2 225.3 207.5 189.4 178.6
357.8 365.9 362.7 366 361.4 362.8 359.3 358.3 350.9 341.9 334.2 328 328.5 344.2 346.1 351.1 353.5 348.4 344.1 349 346.7 343.7 345.6 352.7 356.7 358.5 361.5 368.6 376.5 386.8 398.6 397 401.5 406.3 413.2 413.5 412.5 421.4 424.2 428 435.8 432.3 434.8 430.8 427.3 422.4 425.2 423.5 409.6 410 403.1 397.1 393 397.3 412.6 428 439.5 443.8 455.2 452.3 444.6 442.6 436.5 421.1 410 389.2 363.9 351.4 339.5 319.4 303.7 289.1 269 245.3 223 206.1 188.5 175.3 154.7
341.3 348.1 343.5 347.1 347.1 346.8 342.8 343.4 336.1 333 330.2 322.6 312.5 324.8 332.9 328 334.4 329.6 328.4 330.1 335.1 339.5 345.1 350.4 352.3 352.3 351 350.2 356.3 359.4 370.3 375.9 379.7 394.8 403.1 407.3 413.5 419.3 416.4 419.6 424.7 417.1 410.7 404.8 402.9 397.8 401 403.6 397.2 397.3 391.4 378 391.5 411 428.4 433.8 460.4 471.4 467.9 454.7 454.5 445.2 435.4 427.6 407.9 388.7 366.6 335.1 307.3 296 295.8 279.4 266.4 249 226 202.8 191.6 170.5 145.9
325.6 332 330 328.1 333.1 332 324.5 326.1 316.3 317 308.8 305.8 302.6 304.8 299.8 301.5 309.8 307 306.2 316.9 320.5 325.8 341.2 347.2 350.3 342.1 333.3 331.4 333.8 346.7 364.4 379.9 391.8 403 406.9 411.7 416 409.7 406.9 407.7 409.5 402.4 393.7 385.7 384.6 383 384.4 383.3 382.4 376.4 364.7 382 400.7 418 434.7 448.7 480.4 483.4 476.2 465.7 451.9 443.2 449.1 440.8 420 405.2 387.6 364.1 336.6 315.5 271.4 244.2 240.9 229.6 208.3 189.1 174.8 160.2 139.6
306.1 313.8 315.4 312.6 309.2 314.8 309.9 302.8 295.4 298.2 287.8 287.9 285.5 279.8 280.5 274.8 283.7 288.4 294.9 288.9 296 310.8 323.7 339 329.3 323.8 322.9 321 322.6 330.4 349.2 366.4 376.9 386.2 404.9 413.5 406.1 399.2 393.7 390 396.7 390.6 386.7 375.8 371.9 369.9 370.1 373.8 365.8 352.3 370.8 394.2 414.3 426.3 440.9 460 467.7 484.1 485.5 463.5 456.8 453.2 441.8 431.2 419.4 416.5 403.3 375.8 351.5 317 302.6 271.9 240.4 211 185.8 169.3 154.1 141.7 128.4
281.6 283.6 288.5 295.1 296.3 295.8 289.6 281 276.9 275.2 268.2 270.5 266 265.2 266.3 261.5 262 263 273.2 278.6 285 300 307.6 311.2 312 307 307.4 310.3 314.8 320.3 329.4 338.7 352.8 371.9 382.5 383.2 384.2 379.9 376.9 376.9 375.8 370.3 364.3 364.2 362.4 363.8 359.7 350.6 344.5 357.2 369.4 388.2 408 426 450.8 462.2 470.1 478.8 469.8 456.1 460.7 451.7 441.2 436.8 424.2 402.2 387.4 360.1 332.5 326.5 312 283.2 257.8 228.6 202.8 175.2 153.8 132.4 106.6
258.9 261.9 260 258.5 263.3 270.9 267 260.9 257.3 258.7 253.8 256 256.4 255.3 257.7 249.8 249.2 252.8 258.9 262.3 274.5 287.2 289.2 296.1 293.2 292.4 298.4 306.4 303.6 309.8 315.3 321.5 329 341.7 347.2 349.5 360.5 361.6 358.8 358.3 353.9 349.9 350.9 347.9 347.3 352.9 342.6 337.9 342.5 350.7 355.5 382.1 406.8 423.3 451 452.8 469.8 464.7 456.9 460.1 449.1 439.1 431.2 428 415.6 392 372.5 335.2 314.5 311.9 291.8 267.2 245.5 217.6 197.6 169.2 147.5 129.2 106.7
238.9 249.8 244.1 241.3 255.7 257.1 243.9 242.7 228.4 227 231.7 237 237 236.9 234.8 242 248 248.8 244.1 244.3 254.3 268.6 274.1 279.8 276.7 281 287.6 290.5 294.4 298.6 302.9 310.2 323.7 330.1 330.1 334.6 339.1 337.7 336.7 334.8 332.8 331.3 339 337.7 330.9 336.7 335.4 340.1 355 368.6 363.8 365.8 391.3 420.1 433.7 443.4 461.6 447.7 448.4 431.4 438.1 425 413 402.2 390.9 374.8 353.7 328.5 308.1 285.3 261.2 246.1 224.9 206 185.7 161 145.3 126.8 105.8
220.1 226.7 226.9 223.7 230.6 227.7 222.5 220.3 212 209.6 211.5 212.4 211.5 213.8 220 225 230.9 237.7 239.9 238.9 243.6 252.7 257 261.1 265.4 271.7 276.5 282.1 285.5 286.8 294 305.2 319.4 322.5 326.4 333.3 328.3 317.7 308.2 307.4 313.7 314.8 316.6 313 330.7 332.3 335.2 351 367.8 383.4 378.3 378.8 396 407.3 408.9 434.8 433.2 431.2 443.1 422.3 407.5 406.5 388.1 378.9 370.5 363.4 336.8 316.8 290.9 275.3 256.2 225.2 205.5 181.2 164.3 146.9 131.1 115.5 93.7
194.4 200.7 199.8 196.9 194.8 196.2 195.2 194 191.6 195.6 197.5 200.2 203.6 206.3 208.8 212.5 214.9 219.6 226.1 231.9 235.4 241.5 247.7 249.6 248.8 256.1 264.7 265.5 271 276.1 282.4 294.7 304.7 305.4 310.9 319 307.5 297.5 295.5 293.7 289.2 296.4 315 333.5 334 335 341.9 358.5 375.6 384.2 390 394.8 395.1 393.7 404.3 410.5 410.2 421.5 416.4 413.4 400.7 377.9 356.6 343.3 339.2 333.6 319.8 303.6 273.3 253.9 233.9 218.3 197.6 165.7 143.2 125.7 111.5 99 89.2
165.2 166.9 169.6 169.2 172.9 171.9 173.1 172.2 179.6 188.2 196 202.2 211.5 216 219.5 223.9 227.6 228.6 230.9 233.5 232.9 232.2 234.9 235.5 239.2 241.5 243.5 245.5 248.8 257.1 268.3 273.2 279.4 283 286.8 287.4 283.6 280.3 278.7 279.9 286.2 298.1 307.9 315.8 324.2 346.8 353.9 356.2 369.6 385.2 386.6 385.8 384.1 382.7 378.2 384.8 393.1 404.4 401 391.3 382 366.5 345.6 317.1 299.1 305.7 290 273.8 253 228 203.5 188.7 174.3 150.2 129.9 113.9 103.6 93.9 73.9
136.9 147.8 150.5 162 170 180 186.3 196.8 201.7 209.3 214.5 222.8 232.9 236.3 234.2 243.9 246.5 246.7 248.2 250.5 253 254.6 254.9 255.8 257.4 257.3 258.3 260 260.2 261.6 262.6 261.1 257.8 259.5 261.7 267.1 268.1 270.8 269.9 272.2 275.8 289.6 296.2 298.5 315.6 328.9 347.7 356.4 362.3 367.7 376.5 376.4 376.9 379.7 364 363.9 379.9 389.4 394.7 383 359.8 335.9 315.9 302.2 275.4 276.6 267.8 255.1 236.1 202.2 183.2 161 145.5 130.3 122.2 116.8 125.6 106.6 83.8
158.6 165.7 173.2 179.6 189.7 198 201.8 207.7 212.3 217.2 221.8 230.2 241.3 244.2 246.2 251.8 258.3 261.9 263.1 264.8 266.7 268.2 271.3 270.2 269.9 273.5 273.3 274.3 275.7 281.5 278.5 276.5 272.8 267.6 264.7 265 263.5 264.9 267.6 270.3 276 286.2 289.3 300.7 323.5 334.1 335.4 337.9 347.3 347.4 350.1 352.6 364.5 367.3 351.3 342.4 346.7 366.9 357.3 348 327.9 305 297.5 271.3 256.1 238.6 230.4 218.7 195.7 176.1 157.1 141.8 136.6 130.9 120.1 121.9 115.4 97.1 75.3
170.1 178.9 190 200.4 210.4 223.9 232 238.6 240.6 243.5 243.5 252.2 259.5 260.9 265.6 275.2 286.9 290.2 287.8 286.6 284 284.7 288.5 285.8 282.7 283.6 287.1 287.7 293.3 301 296.4 294.1 291.5 285.1 282.3 282.6 285 278.9 271.3 272 279.4 277.4 288.3 314.6 336.2 353.1 349.1 342.1 338.1 330.9 332.9 334 334.2 337.1 337.8 330.4 318.2 314.4 319.6 308.2 299.6 280.1 257.4 244.8 233.2 222.4 203.9 187 172.8 160.7 150.1 139.2 129.2 122.6 120.4 106.7 90.8 68.6 58.2
184.4 201.2 217.8 231.8 248.9 251.7 265.9 267.1 275.8 278.4 282.2 289.1 288.3 287.2 291.5 299.7 309.1 311.9 309.5 307.1 311.1 315.3 312.3 308.1 300.2 293.9 300.1 301.2 306.1 313.9 319.9 319.2 317.7 310.5 306.7 301.2 299.7 300.4 293.7 287.8 279.3 277.1 291.5 313.4 333.4 349.2 352.8 346.9 341 325.6 313.3 316.4 312.8 311.8 319.9 311.8 301.5 289.7 278.5 269.6 260.4 246.4 228.6 218.6 213.3 209.7 192.4 178 171.6 165.9 156.7 133.4 124 117.1 114.9 95.8 71.9 54.1 45.6
196.8 222.7 243.1 252.9 261.9 279 289.9 291.9 305.6 308.8 310.1 317 320.4 319.1 322.5 328.6 332.4 331.9 327.1 330.3 331.6 340.4 342.1 338 322.7 318.2 314.4 318.2 325.3 342.5 343.6 338.8 344.9 348.1 346 334.8 328.5 317.4 310.5 302.4 295.7 293.5 291.8 290.9 300.7 317.8 325.4 335.4 326.6 326.8 312.9 301 293.5 287.5 286.5 286.6 279 266.1 254.6 240.3 234.5 225.8 210.6 198.6 192.5 188.2 185.4 180.2 168.6 159.6 141.8 122.4 111.9 100.7 88.8 75 58.6 42.5 33.1
200.8 239.1 257.6 266 281.8 293.3 314 326.1 332.4 336 336.8 340.1 334.1 337.9 346.6 350.9 349 344.4 353.7 353.4 357.5 360.9 361.4 357 345.5 334 337.4 338.8 349.1 354.8 357.7 372.7 374.3 379.3 374.4 365.1 349.7 331.1 331.6 316.3 312.2 308.4 305.5 303.6 305.5 302.9 303.7 308.7 314.6 319.5 305.9 297.2 287.6 279.1 272.9 265.5 255.3 248.4 235.8 222.2 212.3 203.8 196.8 193 190.1 187.5 186.9 175.2 162.2 154.9 133.6 116.1 103.8 85.4 71.5 59.3 42.2 32.6 23.3
199.5 245.1 265 280.9 298.1 316.8 327.8 336.3 341.8 341.9 347.2 346.3 350.5 355.7 359.4 363.6 358.1 362.5 371.9 372.6 373.1 372.1 375.4 370.6 356.6 363.9 363.4 370.1 360.8 362.5 376.3 391 396.1 398.9 399.6 383.8 360.4 361.9 352 336.2 329.7 330.9 336.5 334.2 324.9 319.7 315.3 310.3 305.8 298.9 295.3 291.5 286 279.1 265.4 254.4 244.4 234.6 225.5 217.2 205 197 191 188.6 187.5 180.5 170.4 160.5 156.4 151.9 137.6 115.7 90.7 77 64.9 49.4 39.1 26.1 19.4
190.2 227.3 263.8 279.5 310 323.8 338.5 350.9 353.4 356.3 355 359.1 362.3 370.8 373.6 369.2 371.9 379.8 383.2 384.5 385.6 379.6 372.8 361.9 360.8 367.9 382.8 379.6 382.4 387.5 404.3 413.1 411.5 410.8 409.4 392.4 395.9 381 371.4 369.1 361.3 359 353.6 357.9 351.7 349.8 342.5 336.4 324.5 313.5 303.1 296.1 292.3 281.3 271 260.2 251 241.1 231.7 219.9 207.1 191.1 184 178 174.3 166.4 156.1 146.7 143.5 134.6 119.6 104.6 88.3 72 57.7 42.4 28.9 17.8 9.5
186.5 217.3 262.8 280.5 306.1 318.9 343.2 357.6 364.8 369.4 370.5 373.1 374.4 380.1 379.9 378.1 389.9 397.7 391.3 388.9 380.5 369.9 367 367 366.6 372.8 382.8 397.4 400.8 399.6 417.6 425.3 425.4 420 404.1 412.1 398.7 405.7 399.5 407.9 400.3 391 386.9 374 370.7 362.4 362.8 358.7 347 337.7 329 317.2 306.4 296 285 272.1 259.6 248.7 234.2 218.3 205.5 191.3 181.3 171.6 163 152.2 139.4 130.4 126.4 117.9 105.9 92.5 81.1 67.4 50.7 35.4 21.8 11 2
180.7 209.8 259.7 279.1 289.5 311.1 338.3 363.9 374 384.7 382.8 388.7 386.8 389.6 384.9 385.1 395.3 401.2 399.8 389.9 377.9 377.7 375.6 382.6 387.4 392.1 406.8 415.5 424.2 426.5 431 435.3 432.9 418.2 418.8 428.1 432.8 438.6 448.5 445.7 433.5 421.5 413.9 404.5 403.2 396.3 388.8 380.8 377 373.3 356.9 349.6 343.1 325.9 307.2 290.6 277.6 261.2 246.9 229.5 215.7 202.1 186.7 173.8 165.2 156.5 133.4 117.6 113.7 107.5 97.5 87.8 79.3 69.1 49.7 28.6 15.9 5.5 -1.2
169.2 200 248.8 263.3 272.9 305.7 341.4 372.3 383.5 390.6 392.9 405.8 409.8 408.7 405.5 406.6 406.1 405.2 405.1 396.4 393.1 394.3 394.2 406.8 414.8 427.5 432.1 437.2 445.2 447.4 443.9 438.9 429.3 424.8 441.2 451.1 457.2 457.2 468 464 453.4 445 448.1 445.1 439.9 434.2 414.4 408.1 401.2 394 386.3 382.1 375.1 357 337.4 324.3 302.8 293.9 278.3 263 245.7 232.8 213.3 200.4 179.6 153.6 134.4 118.9 98.6 93.4 88.8 82.5 73.5 65.1 50.3 31.3 10.4 -1.2 -1.2
159.7 186.2 219.2 239.5 258.9 291.6 326.1 353.3 375.1 390.4 399.6 409.4 420.3 426.6 428.6 427.3 423.8 422.5 414.5 415.3 409.1 418.9 412.7 418.2 435.6 447.7 450.6 450.8 454.2 448.9 440.8 434 434.2 442.2 461 469.6 470.2 477.3 487.9 484.8 472.2 476.3 489.5 492.8 480.2 458.9 452.5 444.3 437.2 425.2 412.9 406.9 400.4 385.8 379 345.5 340.4 324.3 311.4 296.8 271.3 253.3 236.9 223.6 203.8 178.2 153.3 134.3 111.5 91.7 75.7 62.6 59.9 53.8 45.8 27.8 8.4 -1.2 -1.2
146.2 160.6 194.3 219.7 245.8 270.5 303.4 347.4 374.3 391 408.6 422 428.5 432.8 438.5 439.6 436.7 439.6 440.9 447 438.4 429.7 434 438.5 448.3 460 462.2 454 448.2 437.2 436.3 441.3 452.3 457.4 456.9 466.5 479.7 488.5 498.4 503.5 493.1 512.5 512.3 518.9 512.8 497.1 495.6 477.1 465.3 456.1 442.4 426.6 419.2 418.1 401.2 392.1 374.2 360.1 337.6 318.3 300.4 282.5 259.8 237.3 218 201.8 179.4 148.6 134 119.6 99.6 81.1 57.7 34.2 29.8 17.5 9.5 -1.2 -1.2
128.7 144.2 169.8 191.9 229.2 255.9 287.9 324.3 363.6 375.5 397.8 409.9 419.4 427.7 429.2 441.6 448.7 454.9 451.1 457.9 457.2 462 461.6 469.9 464 463.9 464.9 449.2 433.6 430.2 432.5 451.3 462 467.8 474 475.2 490.3 498.8 506 525.1 531.7 534 530.9 531.7 526.8 525.3 518.8 500.5 490.3 483.8 470.6 458.6 453.9 430.4 421.9 395.9 384.4 371.2 336.9 323.4 303.7 292.2 276.2 250.5 231.7 210.7 185.7 162.6 140.6 117.1 104.6 88.1 71.2 60.8 50.4 31 8.5 -1.2 -1.2
112.8 126.4 147.7 180.9 209.6 246.6 278.5 314.4 337.8 354.7 369.8 381.7 407.1 420 428.7 440.1 446.4 446.2 456 466 471.5 472.5 472.5 470.4 471.4 468 458.4 437.6 423.7 424.8 439.1 458.3 473.8 483.2 490.3 507.5 521.6 524.9 531.5 528 543.1 547.1 548.8 538.8 533.5 524.3 507.4 498.2 495.2 483.9 468.5 460.4 452 442.8 416.1 384.9 360.4 337.1 332.4 316.8 303.1 290.4 275.2 259.1 237.3 214.8 189.1 166.4 149.9 132 108 93.9 79 67.1 59.3 41.1 20.1 -1.2 -1.2
