app/static/ascii/NN05.asc
ncols 200
nrows 200
xllcorner 200000
yllcorner 750000
cellsize 50
[rows 0 to 34 of 200, columns 79 to 157 of 200]
-1.2 -1.2 -1.2 -1.2 -1.2 -1.2 -1.2 -1.2 -1.2 -1.2 -1.2 -1.2 -1.2 -1.2 -1.2 -1.2 -1.2 -1.2 -1.2 -1.2 -1.2 -1.2 2.5 7.7 9.3 12 12.9 13.1 13.3 13.5 12.3 8.2 1.9 -1.2 -1.2 -1.2 -1.2 -1.2 -1.2 -1.2 -1.2 -1.2 3.5 -1.2 1.6 6.1 10.9 15.9 19.7 18.9 16.3 17 17.6 26.5 35.5 45.7 51.1 46.7 51.5 48.9 43.5 42.4 48.9 49.9 46.2 47.1 49.6 57.7 67.5 76.6 83.4 85.7 93.2 89.1 72.2 71.1 65.1 58.5 52
-1.2 -1.2 -1.2 -1.2 -1.2 -1.2 -1.2 -1.2 -1.2 -1.2 -1.2 -1.2 -1.2 -1.2 -1.2 -1.2 -1.2 -1.2 -1.2 -1.2 -1.2 -1.2 -1.2 2.1 7.4 9.7 13.6 13.9 13.8 13.8 13.4 4 -1.2 -1.2 -1.2 -1.2 -1.2 -1.2 -1.2 -1.2 -1.2 -1.2 -1.2 -1.2 -1.2 2.9 9.6 16.1 15.8 15 11.7 13.5 14.6 18.7 31.6 43.3 49.8 45.3 48.8 52.2 47 42.4 42.2 42.7 42.9 43.8 45.1 55 62.3 66 75 77.7 80.8 74.5 64.4 59.3 54.9 49.8 42
-1.2 -1.2 -1.2 -1.2 -1.2 -1.2 -1.2 -1.2 -1.2 -1.2 -1.2 -1.2 -1.2 -1.2 -1.2 -1.2 -1.2 -1.2 -1.2 -1.2 -1.2 -1.2 -1.2 -1.2 -1.2 4.2 5.7 8.5 12.1 13.2 12.1 -1.2 -1.2 -1.2 -1.2 -1.2 -1.2 -1.2 -1.2 -1.2 -1.2 -1.2 -1.2 -1.2 -1.2 -1.2 3.7 7.5 14.2 13.7 8.4 7.5 9.1 10.7 18.5 30.3 36.5 43 43.4 45.9 45.7 51.6 55.1 55.5 47.5 47.1 52.9 65.8 70 68.1 66.4 63.2 64.4 60.7 52.7 39.9 41.3 34.2 21.5
-1.2 -1.2 -1.2 -1.2 -1.2 -1.2 -1.2 -1.2 -1.2 -1.2 -1.2 -1.2 -1.2 -1.2 -1.2 -1.2 -1.2 -1.2 -1.2 -1.2 -1.2 -1.2 -1.2 -1.2 -1.2 -1.2 -1.2 -1.2 4.8 6.7 6.3 -1.2 -1.2 -1.2 -1.2 -1.2 -1.2 -1.2 -1.2 -1.2 -1.2 -1.2 -1.2 -1.2 -1.2 -1.2 10.6 9.6 5.4 5.9 5.4 6 7.1 7.8 9.6 16.1 24.2 30.6 33 34.8 37.7 46.5 57.3 59.3 47.4 42 43.4 57.1 64 67 66.3 62.2 58.1 53.3 40.6 30.9 23.9 14.9 8.5
-1.2 -1.2 -1.2 -1.2 -1.2 -1.2 -1.2 -1.2 -1.2 -1.2 -1.2 -1.2 -1.2 -1.2 0 -0.1 -1.2 -1.2 -1.2 -1.2 -1.2 -1.2 -1.2 -1.2 -1.2 -1.2 -1.2 -1.2 -1.2 -0.9 -1.2 -1.2 -1.2 -1.2 -1.2 -1.2 -1.2 -1.2 -1.2 -1.2 -1.2 -1.2 -1.2 -1.2 -1.2 -1.2 14.7 22.5 13.2 6.2 6.2 6.1 8 9.7 12.2 14.2 16.5 25.4 33.1 33.7 33.2 36.3 41.3 38.9 34.7 27.1 31.9 40.5 46.2 50.2 51.9 50 45.5 41 33.3 23.3 15.4 9.1 5.1
-1.2 -1.2 -1.2 -1.2 -1.2 -1.2 -1.2 -1.2 -1.2 -1.2 -1.2 -1.2 -1.2 -1.2 1.2 1.3 1 0.3 0.3 1.1 0.9 -1.2 -1.2 -1.2 -1.2 -1.2 -1.2 -1.2 -1.2 -1.2 -1.2 -1.2 -1.2 -1.2 -1.2 -1.2 -1.2 -1.2 -1.2 -1.2 -1.2 -1.2 -1.2 -1.2 -1.2 -1.2 7.8 16.5 14 11.3 11 17.3 14.8 14.8 22.8 12.1 12.9 19.5 19.2 16.9 22.5 26.6 28 28.2 22.6 17.6 23.2 30.9 34.6 34.1 33.2 31.8 29.8 27 20.8 10.6 9 5.1 -1.2
-1.2 -1.2 -1.2 -1.2 -1.2 -1.2 -1.2 -1.2 -1.2 -1.2 -1.2 -1.2 -1.2 -1.2 2.2 2.6 2.3 1.8 2.2 3.8 2.6 2 1.6 -1.2 -1.2 -1.2 -1.2 -1.2 -1.2 -1.2 -1.2 -1.2 -1.2 -1.2 -1.2 -1.2 -1.2 -1.2 -1.2 -1.2 -1.2 -1.2 -1.2 -1.2 -1.2 -1.2 -1.2 5.1 6.4 10.8 12.7 14.2 14 11.7 14 10.5 3.2 4.5 7.8 9.6 10.8 13.4 13.7 11.4 12 12.1 13.4 17.3 22 23 22.6 19.3 21.1 18.1 13.2 3 -1.2 -1.2 -1.2
-1.2 -1.2 -1.2 -1.2 -1.2 -1.2 -1.2 -1.2 -1.2 -1.2 -0.9 -1.2 -1.2 -1.2 -1.2 3.9 3.3 3 3.8 3.8 3 4.9 6.6 5.9 22.4 7.4 -1.2 -1.2 -1.2 -1.2 -1.2 -1.2 -1.2 -1.2 -1.2 -1.2 -1.2 -1.2 -1.2 -1.2 -1.2 -1.2 -1.2 -1.2 -1.2 -1.2 -1.2 2.4 8.4 10.4 12.7 11.3 6.9 3.1 1 -1.2 -1.2 -1.2 3.4 4.6 5.8 10.8 7.6 4.9 6 5.7 6.8 8.3 11 10.4 9.7 9.7 9.2 5.6 -1.2 -1.2 -1.2 -1.2 -1.2
-1.2 -1.2 -1.2 -1.2 -1.2 -1.2 -1.2 -1.2 0.1 0.2 0.4 0.7 1.3 -1.2 4.7 5.2 5.3 4.9 4.6 4 4.8 6.5 10.4 13.3 19.8 17.2 13.5 10.6 5.4 -1.2 -1.2 -1.2 -1.2 -1.2 -1.2 -1.2 -1.2 -1.2 -1.2 -1.2 -1.2 -1.2 -1.2 -1.2 -1.2 -1.2 -1.2 2.4 6.3 10.6 12.7 10.1 5.7 -1.2 -1.2 -1.2 -1.2 -1.2 -1.2 -1.2 -1.2 -1.2 -1.2 -1.2 -1.2 -1.2 -1.2 3 5.8 6.4 6.2 5.4 3.2 -1.2 -1.2 -1.2 -1.2 -1.2 -1.2
-1.2 -1.2 -1.2 -1.2 -1.2 -1.2 -0.3 0.7 1.8 1.9 1.8 2.2 4.7 6.4 7.3 5.4 5.4 5.4 4.6 5.6 6.2 10.3 13.4 16.3 18.7 19 17.7 13.6 10.2 6.5 -1.2 -1.2 -1.2 -1.2 -1.2 -1.2 -1.2 -1.2 -1.2 -1.2 -1.2 -1.2 -1.2 -1.2 -1.2 -1.2 0.5 3 6.9 10.8 12.3 8.4 3.7 -1.2 -1.2 -1.2 -1.2 -1.2 -1.2 -1.2 -1.2 -1.2 -1.2 -1.2 -1.2 -1.2 -1.2 2.4 5 4.9 3.7 1.9 -1.2 -1.2 -1.2 -1.2 -1.2 -1.2 -1.2
16.5 11.7 8 4.2 -1.2 -1.2 2 2.4 3.5 4.2 4 5.4 8.5 9.2 9.5 5.8 6.2 7 10.6 7.9 7.7 13.7 15.1 16 17.3 17.9 17.9 14.9 11.6 8 6.6 7 8.4 -1.2 -1.2 -1.2 -1.2 -1.2 -1.2 -1.2 -1.2 -1.2 -1.2 -1.2 -1.2 -1.2 -1.2 3.9 8.1 11.7 13.2 7.6 2.3 -1.2 -1.2 -1.2 -1.2 -1.2 -1.2 -1.2 -1.2 -1.2 -1.2 -1.2 -1.2 -1.2 -1.2 -1.2 2.3 3.3 -1.2 -1.2 -1.2 -1.2 -1.2 -1.2 -1.2 -1.2 -1.2
39.6 32 19.6 12.1 10.8 7 6.9 6.6 6.5 7.1 8.6 9.6 11.5 11.2 11.3 7.7 8.2 8.1 10.7 8.9 10.1 13.7 15.3 15.4 16.7 17 17.1 16.5 12.9 11 11.1 12.1 12.7 10.7 7 5 -1.2 -1.2 -1.2 -1.2 -1.2 -1.2 -1.2 -1.2 -1.2 -1.2 -1.2 -1.2 8.3 12.4 11.6 6.5 -1.2 -1.2 -1.2 -1.2 -1.2 -1.2 -1.2 -1.2 -1.2 -1.2 -1.2 -1.2 -1.2 -1.2 -1.2 -1.2 -0.2 -0.1 -1.2 -1.2 -1.2 -1.2 -1.2 -1.2 -1.2 -1.2 -1.2
61.9 51.3 40.3 27.8 18.9 14.7 14.4 13.1 11.4 10.9 13.1 14.2 14.1 12.9 13.5 13.1 9.3 10 12 11 13.3 14.7 15.7 15.5 16 17.1 17 18.2 16 12.9 11.6 11.7 12.3 12.6 12.4 11.3 8.3 4.7 -1.2 -1.2 -1.2 -1.2 -1.2 -1.2 -1.2 -1.2 -1.2 -1.2 3.9 9.4 7.2 5.1 -1.2 -1.2 -1.2 -1.2 -1.2 -1.2 -1.2 -1.2 -1.2 -1.2 -1.2 -1.2 -1.2 -1.2 -1.2 -1.2 -1.2 -1.2 -1.2 -1.2 -1.2 -1.2 -1.2 -1.2 -1.2 -1.2 -1.2
92.2 80.2 64.3 47.4 35.5 27.4 22.2 19.7 16.9 15.8 16.9 16.5 15.1 14.1 14.6 15.1 13.4 12.1 12.8 12.2 13.6 15.6 15.6 16.1 16.5 17.9 20.7 24 22.3 16.1 14.1 14.5 12 12.3 12.4 12.8 12.8 11.9 11.2 7.8 6.3 1.6 -1.2 -1.2 -1.2 -1.2 -1.2 -1.2 -1.2 4.5 2.6 -1.2 -1.2 -1.2 -1.2 -1.2 -1.2 -1.2 -1.2 -1.2 -1.2 -1.2 -1.2 -1.2 -1.2 -1.2 -1.2 -1.2 -1.2 -1.2 -1.2 -1.2 -1.2 -1.2 -1.2 -1.2 -1.2 -1.2 -1.2
116.3 103.3 85 66.7 51 40.6 33.5 28.6 25.3 22.7 20.7 20.2 17.3 16 16.7 17.4 11.6 15.6 14.4 12.9 15.2 17.1 17.5 17.2 18.1 19.3 22.5 26.7 26.6 23.4 24.1 21.5 14.7 14.1 13.9 12.5 12.9 12.9 12.8 7.8 5.7 3 -1.2 -1.2 -1.2 -1.2 -1.2 -1.2 -1.2 -1.2 -1.2 -1.2 -1.2 -1.2 -1.2 -1.2 -1.2 -1.2 -1.2 1.7 1.8 -1.2 -1.2 -1.2 -1.2 -1.2 -1.2 -1.2 -1.2 -1.2 -1.2 -1.2 -1.2 -1.2 -1.2 -1.2 -1.2 -1.2 -1.2
134.9 121.3 103.6 82.6 68 54.8 45.1 40.8 34.9 31.4 27.4 22.7 20 18.6 19 19.4 13.6 17.4 17.5 16.5 17.1 19.3 21.1 20.8 22.5 26.1 25.7 29.1 34.1 31.9 35.3 37.1 33.8 24.9 15.7 14.3 13 12.8 13.1 13.6 8.5 3 -1.2 -1.2 -1.2 -1.2 -1.2 -1.2 -1.2 -1.2 -1.2 -1.2 -1.2 -1.2 -1.2 -1.2 -1.2 -1.2 0.9 5.6 5.3 2.4 -1.2 -1.2 -1.2 -1.2 -1.2 -1.2 -1.2 -1.2 -1.2 -1.2 -1.2 -1.2 -1.2 -1.2 -1.2 -1.2 -1.2
152.9 137.6 120.8 103.2 88.5 74.6 65.5 57.2 46.7 39.8 35.5 28.6 24 20.6 21.1 21.2 16.9 20.5 20.5 21.3 20.1 22.1 23.9 25.3 28.9 31.9 29.2 33 41.5 37.6 46.6 52.4 52.3 47.5 40.8 28 15.1 13.8 12.3 9.9 6.2 3 -1.2 -1.2 -1.2 -1.2 -1.2 -1.2 -1.2 -1.2 -1.2 -1.2 -1.2 -1.2 -1.2 -1.2 -1.2 -1.2 -1.2 6.2 6.4 -1.2 -1.2 -1.2 -1.2 -1.2 -1.2 -1.2 -1.2 -1.2 -1.2 -1.2 -1.2 -1.2 -1.2 -1.2 -1.2 -1.2 -1.2
173.8 159.1 143.6 126.5 111.2 98.3 86.2 75.1 63.8 52.6 44 36.4 27.3 23.1 23.5 24.5 21.2 24.4 24.1 24.1 30.8 29.4 29 31.3 34.4 34.2 37.5 46.2 49.9 45.8 58.4 70.1 71.3 69.1 63.3 46.5 20.9 19.2 15.2 13.1 7.9 4.2 -1.2 -1.2 -1.2 -1.2 -1.2 -1.2 -1.2 -1.2 -1.2 -1.2 -1.2 -1.2 -1.2 -1.2 -1.2 -1.2 -1.2 -1.2 4.1 -1.2 -1.2 -1.2 -1.2 -1.2 -1.2 -1.2 -1.2 -1.2 -1.2 -1.2 -1.2 -1.2 -1.2 -1.2 -1.2 -1.2 -1.2
192 184.2 170.2 151.4 133.2 116.7 105.5 92.2 78.7 66.4 52.3 43 32 27.8 26.7 26.4 25.8 27.5 27.7 31.6 34.6 35.4 34.8 36.4 39.1 43.7 52.8 59 58.1 56.6 78.7 89.3 92.7 90.9 84 60.9 37.5 33.1 32.9 34.9 30.5 9.9 2.7 -1.2 -1.2 -1.2 -1.2 -1.2 -1.2 -1.2 -1.2 -1.2 -1.2 -1.2 -1.2 -1.2 -1.2 -1.2 -1.2 -1.2 -0.9 -1.2 -1.2 -1.2 -1.2 -1.2 -1.2 -1.2 -1.2 -1.2 -1.2 -1.2 -1.2 -1.2 -1.2 -1.2 -1.2 -1.2 -1.2
216.1 206.4 191.4 174.6 155 139.8 125.4 110.9 95.8 79.2 63.8 50.1 39.6 32.8 29.7 26.7 28.7 31.7 34.7 40.1 43 42.9 42.3 42.3 47 54 63.2 69.7 68.1 75 97 113.6 119.5 118.4 109.4 72.7 66 67.2 66.5 55.5 49.7 35.4 11.7 2.9 -1.2 -1.2 -1.2 -1.2 -1.2 -1.2 -1.2 -1.2 -1.2 -1.2 -1.2 -1.2 -1.2 -1.2 -1.2 -1.2 -1.2 -1.2 -1.2 -1.2 -1.2 -1.2 -1.2 -1.2 -1.2 -1.2 -1.2 -1.2 -1.2 -1.2 -1.2 -1.2 -1.2 -1.2 -1.2
242 234.5 218.6 199.2 177.2 160 146.9 130.2 111.7 92.3 74.3 57.6 47 40.4 34.8 30.8 33.6 38.6 44.7 51.6 54.4 53 51.6 53.5 55.6 63.5 76.4 84.8 78.7 98.5 122.3 139.6 144.8 145.9 128.6 94.3 86.5 82.2 77.5 69.2 64.3 51.6 33.8 16.1 6.2 -1.2 -1.2 -1.2 -1.2 -1.2 -1.2 -1.2 -1.2 -1.2 -1.2 -1.2 -1.2 -1.2 -1.2 -1.2 -1.2 -1.2 -1.2 -1.2 -1.2 -1.2 -1.2 -1.2 -1.2 -1.2 -1.2 -1.2 -1.2 -1.2 -1.2 -1.2 -1.2 -1.2 -1.2
265.2 257.4 244.6 228.9 210.3 189.5 165.8 148.7 126.7 104.6 83.3 65.8 53.2 46.1 39.1 34 38.9 48.2 51.6 58.4 61.2 64.8 65.5 68.8 71.2 75.1 82.8 89.7 104.8 126 145.8 164.7 164.4 159.2 139.9 121.3 111.5 104 95.4 83.3 76.1 65.1 51.5 36.8 23.9 12.3 6.6 -1.2 -1.2 -1.2 -1.2 -1.2 -1.2 -1.2 -1.2 -1.2 -1.2 -1.2 -1.2 -1.2 -1.2 -1.2 -1.2 -1.2 -1.2 -1.2 -1.2 -1.2 -1.2 -1.2 -1.2 -1.2 -1.2 -1.2 -1.2 -1.2 -1.2 -1.2 -1.2
291.2 287.7 274.2 256.9 238.7 218.8 193.8 163.5 140.1 115.6 92.4 74.6 59.3 52.3 45.4 39.2 47.1 57.8 60.2 63.4 73 79.8 81.7 83.3 87 93.2 95.7 116.6 140.5 154.4 167.8 181.2 178.9 168.2 154.5 146.6 135.7 125.2 115.5 104.6 92.2 77.6 70.4 57.3 44.8 34.1 23 11.3 8 -1.2 -1.2 -1.2 -1.2 -1.2 -1.2 -1.2 -1.2 -1.2 -1.2 -1.2 -1.2 -1.2 -1.2 -1.2 -1.2 -1.2 -1.2 -1.2 -1.2 -1.2 -1.2 -1.2 -1.2 -1.2 -1.2 -1.2 -1.2 -1.2 -1.2
320.4 315.4 303.4 286.1 265 242.4 215.1 183.9 149.8 126.2 102.2 81.4 65.4 57.8 50.1 42.1 58.6 67.1 69.8 70.5 83.1 95.4 99.9 99 104.2 109.7 117.5 148.2 169.2 178.1 187.9 194.3 188.6 178.3 173.6 171.3 160.6 151.5 139 121.4 110 99.2 85.4 69.6 66.7 56.9 41.2 30.4 20.9 11.1 5.6 -1.2 -1.2 -1.2 -1.2 -1.2 -1.2 -1.2 -1.2 -1.2 -1.2 -1.2 -1.2 -1.2 -1.2 -1.2 -1.2 -1.2 -1.2 -1.2 -1.2 -1.2 -1.2 -1.2 -1.2 -1.2 -1.2 -1.2 -1.2
350.7 347.7 335.5 317.2 290.5 260.1 230.5 200.9 163.6 135.9 111.3 89.5 71.2 63 55.2 46 65.9 75.7 80.3 82.4 95.1 107.4 114.7 116.3 122.1 128.9 142.1 160.2 185.5 206.4 210.7 207.8 198.5 193.8 199.2 198.2 189 176.8 160.4 142.6 126.8 118.7 105.9 91.3 78.7 67.3 57 51 46.3 39 18.1 6.9 3.9 1.8 -1.2 -1.2 -1.2 -1.2 -1.2 -1.2 -1.2 -1.2 -1.2 -1.2 -1.2 -1.2 -1.2 -1.2 -1.2 -1.2 -1.2 -1.2 -1.2 -1.2 -1.2 -1.2 -1.2 -1.2 -1.2
388.8 375 358.3 335.4 307.3 274.9 244.1 211.2 177 146.9 119.4 95.2 77.6 67.8 60.3 50.8 69.7 81.3 88.7 94.8 111.7 121.6 125.8 130.5 138.5 149.1 165.8 178.2 198.8 221.3 228.3 222.8 213.4 220.5 224.6 222.8 214.8 200.5 182.6 160.8 147.4 137.3 124.3 111.9 101.2 85.9 71 66.6 63.4 55.8 33.1 16.3 8.3 3.5 -1.2 -1.2 -1.2 -1.2 -1.2 -1.2 -1.2 -1.2 -1.2 -1.2 -1.2 -1.2 -1.2 -1.2 -1.2 -1.2 -1.2 -1.2 -1.2 -1.2 -1.2 -1.2 -1.2 -1.2 -1.2
425.7 407.3 384.1 354.3 321.9 286.7 252.7 221.9 190.8 152.3 125.4 101 83.8 72.1 63.9 51.2 69.1 84.4 97.2 109.2 119.4 133.9 138.8 144.9 154.8 167.4 182 193.5 207.4 223.1 234.1 229.6 227.6 239.9 246.5 242.9 233.1 217.7 201.7 182.5 163.9 156.5 145.2 131.4 123.7 110.3 97.9 87.7 76.9 61.1 44.2 26.7 8.5 8.3 -1.2 -1.2 -1.2 -1.2 -1.2 -1.2 -1.2 -1.2 -1.2 -1.2 -1.2 -1.2 -1.2 -1.2 -1.2 -1.2 -1.2 -1.2 -1.2 -1.2 -1.2 -1.2 -1.2 -1.2 -1.2
458.4 439.7 405.8 371.8 334.3 299.4 263.8 230.9 200.8 159.7 130.6 106.6 88.5 76 67.9 54.9 71.9 88.9 105 120.5 129.6 140.3 150.8 159.6 168.4 181.2 194 207.2 219.3 232.1 236.3 237.6 242.8 253.9 261 260.2 251.3 238.7 223.1 202.5 185.4 178.8 169.8 158.6 146.3 130.5 114.1 99.2 82 68.2 49.8 31.1 11.5 8 7.4 -1.2 -1.2 -1.2 -1.2 -1.2 -1.2 -1.2 -1.2 -1.2 -1.2 -1.2 -1.2 -1.2 -1.2 -1.2 -1.2 -1.2 -1.2 -1.2 -1.2 -1.2 -1.2 -1.2 -1.2
487.5 464.4 423.8 385.8 348.1 308.8 275.5 239.2 207.4 168.4 137.8 112.2 93.1 80.2 71 59.7 75 92.8 111.5 127 139.1 150.2 161.7 171 180.4 193.1 208.7 219.8 232.1 241.6 241.5 247.7 261.6 267.8 279.5 272.5 268.8 260.8 245 225.5 209 202.1 190.5 176.5 160 142.6 124.4 106.6 91 74.5 47.9 26.5 13.7 10 9 6.3 0.9 -1.2 -1.2 -1.2 -1.2 -1.2 -1.2 -1.2 -1.2 -1.2 -1.2 -1.2 -1.2 -1.2 -1.2 -1.2 -1.2 -1.2 -1.2 -1.2 -1.2 -1.2 1.9
505.3 461.7 428.8 393.5 353.4 317.2 281.5 245.5 213.7 177.5 144.3 117.8 97.3 85.9 76.4 64.4 76.2 95.7 117.8 133.3 149.5 159.5 169.5 180.7 191.5 203.4 220.7 238.8 251.9 253.8 256.1 257.7 274.5 283.8 286.6 287.7 289 287.3 276.2 256.6 233.1 218.9 204.2 192.9 170.8 152.8 132.7 111.7 92.4 69.1 45.6 29.5 23.3 21.2 11.8 8.8 5.8 -1.2 -1.2 -1.2 -1.2 -1.2 -1.2 -1.2 -1.2 -1.2 -1.2 -1.2 -1.2 -0.8 -1.2 -1.2 -1.2 -1.2 -1.2 -1.2 -0.2 -1.2 3.5
522.9 482.6 447.7 408.4 364.9 324 283.7 248.8 217.2 183.6 149.8 123.9 103.7 91.5 82.4 74.3 77.9 98.1 122.2 140.1 154.7 166.2 178.9 191.3 203.4 214.2 229.3 253.9 263.6 266.7 274 287.3 289.7 299 303.5 311 313 310.3 303.3 287.6 255 230.6 212.5 197.2 175 145.8 116.6 99.1 79.8 59.9 44 31.9 25 18.2 10.9 10.4 7.8 5.2 -1.2 -1.2 -1.2 -1.2 -1.2 -1.2 -1.2 -1.2 -1.2 -1.2 -1.2 4.2 -1.2 -1.2 -1.2 -1.2 -1.2 2.2 3 -1.2 3.1
537.1 502.6 468.5 423.4 374.7 327.7 287.2 250.9 220.9 190.4 153.4 130.3 109.3 96.4 87.5 79.3 81.3 102.7 126.5 142.8 158.6 170.9 184.5 198.9 214.7 227.6 241 255 265.8 278.5 297.8 311.7 312.9 314.5 321.9 330.2 334.1 323.1 302.7 276.8 249.7 226.1 203.4 180.4 157.9 132.6 118.7 99.9 82 66.4 48.9 31.9 25.3 22.2 18.1 13.4 10.4 9.4 8.7 4.3 -1.2 -1.2 -1.2 -1.2 -1.2 -1.2 -1.2 -1.2 -1.2 4.6 5.5 8.3 2.8 2.9 3 3.7 -1.2 -1.2 2.4
518 493.9 467 431.8 379.4 329.9 287.5 250.5 223.6 196.2 163.2 136.8 116.3 102.3 92.1 83.2 86.6 109 130.1 146.4 162.4 175 190.7 207 223.6 240.4 262 271.3 286.5 302.7 311.5 328.8 337.5 340.6 345.5 342.7 338 330.3 303.8 273.1 244.3 222.6 199.5 173.8 165.8 156.8 131.8 110.2 91.9 71.9 47.8 42.2 38.4 26.1 25.6 28.8 33.1 33.1 28.5 29.9 19.4 12 4.9 -1.2 -1.2 -1.2 -1.2 -1.2 -1.2 4.2 6.9 7.2 3.2 3.6 3.3 3.4 5.1 -1.2 -1.2
497.9 461.2 439.5 414.8 373.9 328.9 287.3 251.3 225 199.7 172.4 141.9 122.4 107.3 96.1 87.4 93.8 115 134.9 150.6 166.1 179.3 195.7 214.2 233.7 252.7 271.5 290.6 311.3 329.3 338.8 343.8 362 370 370.8 370.8 361.6 345.5 313.1 272.7 239 222.4 212.1 203.6 193.2 166.5 141.6 115.3 92.2 78.7 59.2 72.9 61.5 46.5 46.4 53.4 59.3 55 52.1 58.1 48.6 43.6 34 19.1 8 6.5 5.8 5.9 5.8 5.8 5.4 5 4.5 4.2 4.1 4.6 4.5 4.5 -1.2
516 471.2 430.6 398.3 363.3 326.4 287.9 252.1 226.4 200.7 172.4 143.9 126.3 111.2 99.1 89 102.6 120.1 139.2 155.6 168.1 181.6 199.7 220.5 243.7 267.7 287.8 310.1 332.9 355.4 372.8 377.5 381.6 395.3 403.7 402.6 377.2 353.9 333.8 307.3 276.6 261.6 240.8 225.9 205.5 171.9 139.7 123.6 112.1 96.9 84.8 93.4 73.4 72.6 75 77.5 79.9 76.6 78.3 85.5 76.2 75.7 70 55.3 34.3 20.5 14.5 6.4 7.4 16.7 5.8 6.6 4.4 5.4 5.2 4.9 4.4 3.7 3.9
