app/static/ascii/NN06.asc
ncols 200
nrows 200
xllcorner 200000
yllcorner 760000
cellsize 50
[rows 144 to 179 of 200, columns 80 to 159 of 200]
119.5 111.6 111.2 111 112 112.5 112.2 111.9 112.6 112.9 116 114.1 115 119.3 120.5 123.5 131.4 137.9 142.8 146.3 147.3 151.6 156.2 165.7 171.8 173.2 166.6 165.6 172.6 183.4 187.1 195.2 201.5 204.1 205.7 203.7 199.6 192.5 189.3 174.3 165.6 164.5 165 166.4 164.9 155 138.9 135.3 133.9 133.5 133.8 132.3 133 134.3 134.3 136.4 138.2 140.1 147.3 153.5 168.5 188.1 200.9 218.5 233.2 242.1 252.2 255.4 260.5 266 271.2 281.1 292.1 300.1 307.3 315.9 327.2 331.8 339 348.2
112.8 110.8 111.1 111.4 112 111.8 112.4 113.7 116.4 120 124.5 119 121.1 122.5 128.7 140.4 151.7 161.1 164.5 166.4 172.4 180.2 185.5 199.6 207.7 208.6 201.1 194.4 197.1 198.8 204.9 211.4 219.5 219.4 217.8 219.4 217.2 215.4 203.8 184.8 173.8 173.5 176.2 174.4 170.4 152.6 144.2 139.3 139.4 140.5 141.3 140.9 137.9 136.7 136.9 142.7 148.1 148.8 159.2 170.8 184.7 200.3 217 229.7 240.3 245.2 251.6 257.6 267.4 273.2 279.8 288.5 295.1 308 316 334.9 343.5 348.8 355.5 365.4
114.2 111.8 112.4 112.4 112.4 114.3 118.4 134.7 139.1 138.6 134.2 131.9 131.2 140.3 152 159.6 165 166.5 174.1 181.5 192.6 208.4 216.1 226.2 230 229.7 225.6 227.4 229.8 223 229.3 235.5 236.3 238.4 239.9 244.1 241.6 227.2 215.8 200.4 188.3 186.5 184.9 182.8 167.3 164.4 161.1 150 145.7 146.1 148.4 147.5 144.4 141.9 145.9 150.7 156.6 158.7 176.3 190.3 204.6 215.5 223.3 234 240.1 249.1 259.1 266.8 271 279 287 294.3 306.5 317.7 329.2 347.9 358.5 361.7 365.8 378.1
121.1 115.9 116.4 116.1 123.4 133.1 146.8 151 148.4 147.8 146.1 152.4 159 168.3 177 178.7 187.9 197.2 196.4 204.4 216 232 243.6 251.6 251.8 261.3 260.6 258.9 256.7 251.1 249.2 247.1 251.7 260.6 266.7 258.6 246.6 231.3 221.5 213.1 204.6 199.8 192.2 179.9 181 176.7 170.1 158.2 159.2 154.4 152.3 155.6 149.7 153.6 157.8 164.5 168.1 176.4 185.3 199.6 212.1 221 229.1 237.9 249.9 258.6 265.4 271.6 277.4 285.5 296.7 306 318.2 330.4 343.2 355.9 365.6 369.6 372.8 388.1
127.6 125.6 126.8 135.7 146.5 161.3 176.4 163.7 165.1 163.9 177 182.4 187.7 195.8 203.7 209.6 219.4 222 232.4 234.5 243.8 261.1 268.9 274.3 281.6 285.8 286.7 283.9 270.5 265.6 264.2 261.9 270.4 281.5 276.1 265.6 251.5 239.2 228.9 225.2 219.4 210.4 204.9 200.2 199.3 192.5 181.1 170.5 167.3 166.7 168.1 168.6 161.2 170.5 173.1 180.1 184.5 194.6 202.3 204.4 219.2 231.1 237.3 245.6 255.5 264.3 270.8 277.8 283.9 293 304.8 314.8 326.8 339.5 349.8 364.5 374 376.5 383 398.4
149.6 147.1 148.4 159.1 177.7 190.9 183.9 181.1 181.9 189 197.9 208.6 219.9 231.1 241.2 243.1 245.5 251.5 256.5 262.3 269.2 282.3 294.1 307.4 308.7 312.5 310 296.1 286.9 286.3 279.2 279.4 287.5 289.4 287.7 272.4 263.2 249.6 239.8 237.5 225.2 219.9 219.1 217.6 213.5 201 189.4 181.5 182.5 181.3 177.2 180.1 178 176.9 184.3 192.2 196.7 203 209.7 218.2 224.7 236.1 243.7 252.8 259.8 266.9 274.3 282.6 292.2 302.2 314.9 324.6 336.5 348.2 358.3 371 385.2 382.9 394 405.5
161.4 165.1 180.2 193.9 202.7 200.8 194.3 199 203.6 214.2 226.2 235.8 243.6 255.5 258.6 257.2 262.2 270.4 277.2 283.1 295 309.2 320.2 326.4 330.4 329.7 316.9 302.8 302.4 300.3 297 299 304.3 302.1 294.9 283.2 271.5 261.4 247.8 237.2 234.8 235.5 234.6 230.1 219.7 208.2 195.1 181.3 191.6 190.5 189.2 189.2 189.8 191.3 195.2 200.4 208 213.5 219.1 226.9 234.8 241.2 249.3 255.9 263.5 269.7 277.7 288 299.4 314.2 326.3 334.7 345.5 356.9 362 370.4 382.3 391.1 413.1 417.2
181.3 200.9 209.9 218.6 221.5 213.3 209.8 215.7 226.1 239.7 243.4 249.8 259.3 264 264.4 270.3 281.4 288.5 293.8 300.2 314.9 330.4 338.4 344.9 343 333.7 325.8 324 319.6 313.3 318.3 320.5 324.5 313.1 300.1 287.7 279.9 272.4 264.5 251.9 249.3 249.5 241.4 235 222.5 213.2 205.3 202.1 200.3 198.9 193.4 198.4 199.7 197.8 205.3 211.6 219.8 222.5 228.1 236.5 245.2 251.5 259.7 264.9 273.2 278.1 285.8 294.3 306.9 321.6 333.1 344 357.4 367.5 376.2 388.3 392.7 394.4 418.9 420.7
208.8 218.5 223 227.5 227.1 210.3 217.6 230.2 241.1 245.3 249.5 257.7 261.6 266.6 279 289.8 294.3 295.9 299.6 319.8 335.4 344 351 351.6 351.1 349 341.1 332.3 324.2 327 332.2 337.9 326.7 310.9 304.9 298.5 297.7 294.6 281.2 267.6 268.3 261.2 250.1 238.2 230.2 220 210.7 210.4 210.1 209.6 205 207.9 211.8 213.3 217.8 223.5 229.1 235.8 238.2 248.7 257.8 266.8 271.2 274.7 282.5 291.2 299.4 301.1 312.9 330.2 344.1 356.6 369.2 382.8 390.6 399.5 402.1 405.6 427.7 431
217.3 226.2 233.9 240.7 227 215.5 225.9 239.2 248.5 248.9 256.2 267.8 273.3 279.2 289.6 296.7 306 311 324.2 335.4 352 359.4 361.9 362.3 361.1 360.4 350 339.4 341.2 344.5 344.4 337 332.6 332.6 327 324.4 316.8 308.1 287.7 281.7 281.8 274.7 264.6 248.4 236.1 230.3 226.9 222.4 221.4 221.8 213.6 213.6 220.9 223.5 233.4 237.1 240.1 247.6 252.2 261.4 269.2 277.2 281.1 283.3 292.2 301.3 313 314.2 325.2 338.6 352 364.6 379.1 393.9 401.6 407.6 411.2 421.3 438.9 444.2
227.9 231.1 243 244 222.1 222.5 237.3 257 257.7 261.5 275.5 272.9 274.3 281.8 294.8 305.9 315.9 327.6 340.8 353.9 362.9 368.3 372 371 373.4 366.6 349.7 353.8 349.1 354.1 357.6 356.8 356.7 354.6 346.2 342.9 326.2 328.3 298.7 302.1 302.4 291.6 276.2 258.4 245.8 246.7 243.6 236.4 234.4 233 221.8 222.5 231.1 239.8 241.1 244.7 249.8 255.9 261.2 271.7 281.9 288.4 294.9 296.5 308.1 306.6 317.8 325.1 334.2 345.6 356.1 368.6 384.9 396.3 403.7 412.7 421.7 435.8 451.4 461.1
241.1 244.2 251.9 244.3 226.2 231.5 241.6 256.5 261.8 261.8 266.8 272.3 279.5 292.3 305.9 317.6 329 343.5 353.7 361.4 370.7 376.6 377.3 380.9 381.2 365 357.7 356 359.9 362.9 364.4 367.1 371.6 356.5 346.1 340.6 342.5 324.2 317.4 318.7 314.8 307.8 294.2 267 263.1 264.7 251.4 246.3 245.8 241.3 228.4 229.5 239.9 243.7 247.7 252.7 258.6 265.3 272 283.5 291.5 302.6 311.9 314 319.1 320.9 325.6 336.7 346.6 357.1 369.6 378.9 391.5 405.1 419.9 432.6 437.5 449.3 464.7 477
248.3 254.8 267 245.1 234.3 237.9 246.4 259.9 263 268.5 270.7 278.6 289.4 302.6 317.1 330.6 341.1 350.4 358.4 366.2 376 381.1 382 384.2 368.7 363.3 363.5 359.3 361.7 364 370 374 365.5 354.6 352.3 350.2 341.5 333.3 334.8 332.4 329.1 321 294.7 284.3 287.9 281.7 259.4 260 258.8 252.8 236.9 243.1 246.7 256 259.4 265.4 268.2 275.4 287.7 292.6 300.5 314.8 324.6 329.1 331.6 337.2 341.8 352.3 365 375.4 388.1 398.5 411.8 425.6 439.1 451.6 457.2 460.6 479.2 493.5
275.3 280.4 264.1 243.7 237.7 247.2 253 259.5 266.8 273.2 280 290.2 307.6 313.8 325.9 342 349.4 356.2 362.4 371.1 378.6 382.6 382.6 372.6 372.5 368.2 357.2 358.8 360.8 367.7 371.4 367.3 366.8 357.5 361.1 357.4 348.3 338.4 342.2 345.8 337.4 323.9 314.4 303.6 301.7 290 276.4 274.3 271.6 261.8 248.8 254.8 261.1 269.6 273.2 275.2 283.1 291.9 304.4 311.9 314.3 327.9 339.8 343.1 347 352.1 361.9 373.2 386.6 398.6 409.9 422 438.3 450.8 459.2 471 477.1 480.1 490.2 506.4
288.8 276.4 268.4 259.1 243.3 254.3 259.4 264.8 274 284 289 302.4 311.2 322.3 336.5 343.2 345.9 352.4 365.1 372 375.7 377.5 367.8 369.2 366.4 361.8 353.8 357.8 362.2 371.2 366.5 367.6 366.6 366.2 371 360.6 349.1 350.2 351.3 348.5 347.7 336.8 334.6 321.1 311.6 294 291.6 289.4 284.7 273.7 268 273.2 287.1 288.3 292 292.1 304.1 312.2 324.9 331.5 338.5 346 363.5 365.5 368.7 375.5 386 395.5 407.6 418.4 430.7 443.9 459.6 473.4 489.3 497.8 503.3 505.4 515.6 537
292.8 272.9 266.5 260.1 258.7 255.8 265.8 268.5 268.9 279.9 292.7 301.3 311.7 321.9 326.8 334.1 343.6 354.3 361.2 368 371.1 361.8 358.8 361.8 362.4 351 350.9 347.1 358.9 364.6 366.8 369.5 371.4 370.7 365.1 355.2 356.2 356.1 359.3 360.3 357.2 353.7 350.9 336.1 316.7 306.9 308.3 305.6 300.6 283 283.6 291.1 304.2 311.5 318.3 322.3 330.8 341.3 349.6 358.4 368.1 373.8 380.7 382.5 388.7 395.6 401.8 413.9 427 438.8 451.2 466.1 482.1 499.8 515 524.6 527.9 529.7 530.8 556.4
285.6 265.1 262.4 256.5 257 261.5 269.8 266 264.5 277.7 294.1 302.4 307.1 312.7 318.6 327.2 336.8 346.2 354 358.9 349.7 346.5 348.9 356.8 347.8 343.5 339.2 339.7 356.7 368.5 374.3 373.6 372.2 372.3 365.8 366.3 360.4 371.3 370.1 369.7 368.5 362.9 354.9 342 325.5 322.1 324.6 324 316.8 294.1 303.3 313.4 327.7 340 349.1 356.3 358.5 366.1 371.6 377.7 391 395.1 397.6 402.1 409.8 414.7 421.1 432.9 445.1 458.7 473.1 487.3 505.1 525.1 539.9 553 554.2 551.8 547.5 574.7
273.7 260.1 250.8 253.5 252.1 249.5 249.8 255.6 266.1 276.7 282.2 291.4 297.5 297.5 308.4 317.1 322.7 327.3 331.7 333.1 326.6 327.5 343.8 347.1 341 336.9 335 352.3 369.8 377.5 377.4 371.4 380.2 374.2 371.5 365.5 372.5 377.9 377.2 378.9 369.3 371.2 365.6 352.5 344.1 337.1 342.4 339.4 321.4 313 324.2 339.5 355.7 364.3 370.3 377.8 382.7 387.4 390.6 399.8 409.3 413.8 418.7 424.8 429.3 435.5 443.2 456 465.3 473 488.9 504.7 528 549.4 565.2 571.8 570.9 573.8 566.2 587.3
265.8 259.8 247.6 245.3 240.2 229.5 238.3 242.8 251.8 263.6 264 272.5 273 277.4 288.3 299.3 305.5 312.8 308.9 299.5 308.1 330.9 338.9 337.3 334.3 330.8 348 362.7 372 374.8 367.8 369.7 373.5 369.3 367.6 368.9 377 380.7 381.1 386.9 376 377.4 377.9 372.2 362.6 353.5 359.4 346.8 326.3 334.6 344.3 359.2 372.8 381.9 389.6 397.4 404.9 408.7 410.3 420.1 427.8 432.5 440.3 445.6 449.5 452.7 462.6 473 478.6 491.2 506.8 525.8 549.3 572 583.3 591.4 593.9 591.6 581.4 599.4
264.2 245.4 250 232.2 215.2 214.5 222.2 225.8 234.3 241.4 245.1 247.5 258 263.1 267.5 274.1 272.7 276.9 283 298.4 315.2 322.6 325.7 326.9 326.2 337.1 350.1 356.6 360.7 365.6 363.2 367.1 364.2 367.3 368.8 372.5 381.2 383.9 388.5 387.1 381.6 391.6 396.7 384.6 375.8 367.9 364 350.4 341.5 349.8 357.5 370.4 383.7 399.3 408.6 416.2 422.8 421.2 429.6 438.8 444.4 451.5 456.2 459.2 459.1 465.1 478.4 489.5 497.6 508.7 527.2 541.5 564.9 586.3 597.9 605.4 604.6 604.9 601.5 604.7
238.4 246.6 234.5 214.4 202.7 197.1 197.2 200.9 209.4 218.9 227.6 233.1 237.9 243.1 248.6 252.5 269.1 276.6 284.8 291.5 299.1 306.9 315.3 317 326.8 339.6 346.9 350.3 350.2 352.4 351.1 354.7 361.8 367.6 372.9 381.3 389.1 381.7 377.2 378.5 387.4 403.1 404 396.9 386.1 375.1 364.6 355 354.9 363.8 374.6 387.2 397 414.3 424.2 431 433.3 433.5 443.9 454.7 464.3 466 471.3 474.7 476.8 479.9 493.6 501.8 515.5 527 539.1 551.6 576.3 593.3 606.9 612.1 612.9 610 604.6 602.7
224.1 234.8 205.2 189.6 178.4 173.8 164 168.5 188.5 200.1 206.9 219.3 220.8 228.4 236.1 247.1 259.9 270.8 278.9 284.4 292.8 303.4 306.1 314.5 319.9 320.3 327 332.3 334.4 338.2 346.6 354 362.6 368.6 376 381.8 376.9 368.9 372 383.5 396.3 403.5 408.3 405.2 384.8 365.6 358.2 360.8 367.2 373.4 387.7 397 412.9 426.3 433.3 437.4 436.9 439.6 450.7 460.8 468.5 471.7 475.8 483.7 485.2 493 504.9 518.7 533.6 538.1 553.2 558.3 573 595.4 607.1 613.4 612 604.4 597 595.2
208.3 199.6 174.2 171.5 158.1 150.8 146.2 155.1 170.3 189.9 199.2 205.3 208.3 214.5 227.2 244.3 258.8 269.4 272.6 279.3 289.1 292.8 290 290.3 293.1 303.8 312.1 312.2 318.8 327.7 340.1 345.6 352.4 363.5 367.4 371.2 362.8 372.6 376.7 383.4 398.9 409.3 411.1 388.7 358 342.5 354.8 367.3 373.6 376.8 394.1 405.9 418.9 428.6 434.7 437.2 438.1 452.3 452.2 461.4 469.3 476.5 481.6 488.5 494.8 501.4 516.3 531.1 544 554.6 559.9 562 573.4 597.4 604.8 606.9 604.8 594.2 580.3 584.6
180.1 159.7 156 149.3 140.7 127.8 131.2 148.6 169.8 179.8 180.9 187.2 193.4 208 226.2 241.4 249.2 251.1 259.9 269.3 270.2 269.2 271.1 274.9 272.3 284.7 291.4 300.7 306.6 311.5 324.1 336.2 348.4 353.8 361.9 361.7 359.6 374.6 371.5 375.6 395.5 400.4 383.3 347.2 337.4 330.9 353.1 363.3 361.4 371.8 390 402.1 417.4 425.1 433.8 435.6 449.3 462.7 464.2 469 474.4 481.8 488.1 495.7 507.2 511.7 521.1 538.4 553 568.8 562.1 562.6 577.6 598.7 603 603.7 594.4 579.6 569.7 574.5
143.3 128.8 131.2 125.5 121.4 111.5 134 145.7 149.9 152.1 159 167.2 187 197.7 209.7 220.2 222.1 230.1 238.2 246.7 246.6 251.2 257 257.3 249.3 264.8 272.3 280.8 289.4 301.1 312.8 325.4 337.3 348.1 355.5 344 359.4 353.8 362.1 377.4 379.5 376.6 350.6 320.3 317.1 322.3 341.9 336.3 346.1 362.9 378.6 396.1 410 414 425.9 438.1 458 468.2 474.9 475 480.5 482.1 490.3 502.5 512.7 517.5 529.2 544.4 560.8 568 558.9 558.1 582.4 588.4 592.3 591.8 577.5 568.8 559.1 561.4
106.8 97.7 104.5 99.1 96.6 119.2 127.3 125.2 124 131.3 143.6 162.3 169.7 178.7 191.5 191.9 201 209.4 222 218.4 234.6 234.7 234.2 228 222 236.9 251.5 260.3 270.3 287.8 303.8 316.5 329.8 328.3 333.6 332.8 336.7 342.2 346 355.4 352 338.7 315.5 296.3 298.8 317.5 319.1 315.7 334.8 345.1 356.8 380.7 395.7 410.3 421.5 436.3 456.3 467 475.3 475.7 481.7 482.9 488.6 499.7 510 515.9 534.7 553.5 565.9 556.5 553.7 555.1 581.2 586.4 579.9 569 561.1 551 544.8 537.1
75.2 71.6 74.7 85.3 95.8 97.4 101.3 103.1 110 126.2 132.1 141.2 153.2 163.7 167.2 178.4 182.1 191.7 195.3 191.6 203.7 203.5 200.4 202.5 201.7 215 229.7 245 259.5 276.5 291.5 303.7 310.3 311.6 302.2 308 314.4 320.2 327.7 325.1 315.3 306.6 292.4 274.2 290.9 304.9 297.8 302.5 309 323.7 351.3 373.4 386.3 400.1 413.5 435.9 453.5 467 474.4 472.1 471 475.8 484.9 503.4 517.9 522.8 537.8 552.6 558.4 542.7 547 557.6 571.5 573.1 558.7 547 538.9 535.7 535 516.4
46.1 52.4 65.2 69.5 75.1 79.4 84.5 95.4 107.6 115.1 115.3 130.7 139.3 139.4 145 152.2 161.8 168.8 170.9 175.3 183.6 172 178.2 182.8 176.6 195 214.8 226.2 241.7 254.3 265.9 274.9 276.9 276.9 270.9 277.9 289 296.6 297.7 288.7 279.2 280.5 272.9 261 279.6 288.5 281.6 280 301.1 329.1 349.9 366.5 381.1 392.9 408.1 425.7 443.5 457.4 464.8 459.4 462.3 468.7 486.8 498.9 507.7 516.5 534.8 549.7 538.5 530.4 537.3 553.5 552.8 547.8 533.1 531.9 523 519.7 511.7 489.9
31.5 39.8 48.2 53.7 59.1 69.1 78.8 88.4 92.8 97.6 109 112.8 118.5 124.3 132.2 140.7 144.9 148.7 137.5 147.6 150.1 154 157.4 151.9 165.2 179.3 189.7 207.4 220 233.9 244.6 250.8 248.7 245.4 241.1 246.5 257 257.9 255.4 251.5 255.4 255.5 257.3 245.6 263.9 269.5 263.4 270 292.2 319.5 343.2 363 376.3 386.5 403.2 417.1 430.8 440.3 449.4 446.7 454.8 463.8 479.9 491.1 497.2 510 524.2 534.7 519.5 517.9 526.2 534.7 528.1 517.1 514.1 509.5 504.6 507.5 494.4 466.2
26.1 29.4 37.5 51 57.1 59 66.7 75.8 89.3 96.1 98 104.9 109.2 114.5 120.7 119.9 121.5 120.5 126.4 129.2 133.4 136.2 136.7 137.9 141.7 159.4 176.9 190.4 199.8 201 219.8 216.6 204.5 212.9 199.8 211.8 217.8 219.3 226 228.5 231.5 235.2 235.8 218.4 242.8 247.3 234.2 257.3 280.3 306.9 331.9 353.5 364.4 378.1 391.1 405.3 416.6 426.6 432.8 431.8 442.5 455.7 467 477.6 484.8 497 512.1 515.5 504.6 503.2 515.1 515.1 503.9 501.5 489.8 487.6 487.5 486.6 467.6 445.2
8.6 10.4 26.1 38.1 38.5 52.4 65.7 75.6 81.5 90 99.7 100.6 93.1 94.1 94.7 97.6 100.8 107.7 112.5 116.6 117.3 117.5 118.9 119.8 122.8 134.7 154.1 161.9 161.8 166.9 173.6 168 171.6 166.8 173.6 181.9 184.9 196.9 204.9 206.3 211.3 216.6 217.8 203.2 223.1 227.7 224.4 248.7 268.8 296 318.8 341.5 353 366 377.2 391.3 404.1 411.8 415.8 420.4 430 445.9 456.3 466.1 475.8 495.7 497.5 484.9 478.8 484.4 497.8 494.6 486.8 477.5 469.7 471 468 457.2 442.3 427.4
2.2 5.8 7.7 9.6 22.1 42.6 50.3 74 90.8 93.3 82.1 78.4 73.7 77 81.1 82.6 86.3 90.5 93.9 100 98.9 101.3 100.3 94.5 101.9 111.9 119.8 117.7 120.5 126.9 127.2 131.3 138.6 143.4 156.8 164.9 166.1 177.6 185.3 190.1 195.2 200.2 194.7 188.6 201.8 192.1 216 237.5 261.7 288.4 311.8 328.2 340.6 353 365.2 378.6 385.4 394.3 402.9 406.9 419.9 437.2 450.5 454.5 463.2 473.8 465.3 465 461.3 473.2 483 480.2 470.4 459.3 453.1 449.8 445.4 435.8 418.2 413.3
-1.3 -1.3 1.8 6.2 9.3 13 25.1 38.9 56.5 54.8 53.9 48.8 48.5 47.2 57.4 59.9 64.5 66.8 65.2 72.6 72.3 74.3 73.6 74.9 67.9 79.6 79.7 85.7 97.4 100.2 100 106.2 117.3 131.8 138 132.8 151.8 158.7 163.5 170.7 177.9 179.5 169.4 170 175.4 183.7 210.2 231.9 256 280.8 302.6 315.8 329.2 341.3 355.1 365 371.1 382.5 389.6 396.9 408.5 420.6 433.7 442.9 450.6 454.7 444.5 447.3 446.6 460.3 468.4 458.1 453.8 440.4 439 433.6 424.2 411.1 404.9 402.9
-1.3 -1.3 -1.3 -1.3 3.3 4.5 9.4 29.1 39 32.1 14.7 13 15.6 21 31.6 28.1 28.2 30.6 35.5 37 37.8 40.4 40 39 35.6 49.8 65.2 67.2 77.7 75.4 73.2 83.6 91.2 102.1 103.6 120.5 133.1 137.8 144.6 153.4 157 157.5 146.8 153 148.1 180.4 204.2 229.3 254.2 272.4 288.8 302.5 314.2 327.5 337.7 347.5 359.8 370.2 380.4 391.9 393.7 405.6 419.8 432.1 443.2 437.6 425.1 429.1 435.5 447 449.5 441.3 435.7 421 419.5 419.4 408.7 394.5 391.2 382.7
-1.3 -1.3 -1.3 -1.3 -1.3 -1.3 2.8 8.6 10.6 9.1 8.1 7.6 7.9 9 10.3 5.9 4.4 6.7 8.6 8 10.7 8.9 12.5 14.9 27.3 36.1 36.2 43.2 49 53 57.5 62.5 73.6 79.4 88.6 107.3 119 125.2 129.5 134.8 135.1 134.4 123.4 120.5 150.6 175.5 199.1 223.7 243.8 259.2 273.1 285.5 296.9 307.7 323.5 340.2 350.2 361.6 374.4 383.5 380.4 396 412.9 439.3 447.5 429.3 414.3 418.3 421.7 430.7 424.7 423.1 414.8 401.2 397.7 393.6 382.6 374.8 372.3 364.1
-1.3 -1.3 -1.3 -1.3 -1.3 -1.3 -1.3 -1.3 -1.3 -1.3 1.1 1.2 -1.3 -1.3 -1.3 -1.3 -1.3 -1.3 -1.3 -1.3 3.2 4.9 5.7 10.2 14.6 12.1 12.3 27 34.6 34.8 39.7 46.2 55.7 66.6 83.4 95.3 103.8 108.5 114.2 116.2 118.3 114.9 100.2 122.2 150.9 173.6 198.9 217.7 234.9 247.2 257.4 268.7 278.6 295.6 311.1 320.9 334 346.6 357.7 368.5 363.7 382.3 415.8 442.9 444.4 431.2 410.8 404.3 410.1 416.2 408.8 404.5 395.2 383.7 380.7 375.3 359.7 358.9 353.4 349.3
