app/static/ascii/NN07.asc
ncols 200
nrows 200
xllcorner 200000
yllcorner 770000
cellsize 50
[rows 35 to 69 of 200, columns 79 to 157 of 200]
-1.4 -1.4 -1.4 -1.4 -1.4 -1.4 -1.4 -1.4 -1.4 -1.4 -1.4 -1.4 -1.4 -1.4 -1.4 -1.4 -1.4 -1.4 -1.4 -1.4 -1.4 -1.4 -1.4 -1.4 -1.4 -1.4 -1.4 -1.4 -1.4 -1.4 -1.4 -1.4 1.4 5.8 5.8 9.1 8.2 11.4 17.5 19.9 22.8 26.7 28.9 33.4 34.7 33.1 37.3 40.9 41.6 46.4 46.9 52.1 53 55.4 60.2 57.6 63.7 63.1 73.6 78.3 78.4 84.9 89.9 90.8 91.4 93.6 96.4 96.9 105.3 104.4 106.6 109.8 108.7 109.1 111.5 111.5 116.2 112.6 116.2
-1.4 -1.4 -1.4 -1.4 -1.4 -1.4 -1.4 -1.4 -1.4 -1.4 -1.4 -1.4 -1.4 -1.4 -1.4 -1.4 -1.4 -1.4 -1.4 -1.4 -1.4 -1.4 -1.4 -1.4 -1.4 -1.4 -1.4 -1.4 -1.4 -1.4 -1.4 -1.4 -1.4 -1.4 5.4 8.5 7.6 9.8 13.5 14.9 19.3 21.6 24.3 23.6 26.6 27.6 28 29.8 34.4 40.4 39.4 41.1 43.2 49.4 53.2 52.3 57.1 60.6 68.9 72.9 81 85.9 87.4 88.2 87.8 91.6 91.6 93.3 100.2 99.9 97.4 103.7 103.7 100.5 104.9 110.6 109.5 106.8 109.1
-1.4 -1.4 -1.4 -1.4 -1.4 -1.4 -1.4 -1.4 -1.4 -1.4 -1.4 -1.4 -1.4 -1.4 -1.4 -1.4 -1.4 -1.4 -1.4 -1.4 -1.4 -1.4 -1.4 -1.4 -1.4 -1.4 -1.4 -1.4 -1.4 -1.4 -1.4 -1.4 -1.4 -1.4 0.8 4.4 8.8 8.8 9.8 11.3 12.2 15.3 15.7 17.7 20.3 20.3 19.9 19.4 23.2 30.6 29.1 31.2 38.4 43.9 47 47.8 48.8 53.3 61.3 70.1 80.6 86.4 86.2 86.2 84.5 85.3 86.1 89.8 89.8 88.7 90.1 94.3 94.7 97.2 101.4 101.6 102 102.5 104.9
-1.4 -1.4 -1.4 -1.4 -1.4 -1.4 -1.4 -1.4 -1.4 -1.4 -1.4 -1.4 -1.4 -1.4 -1.4 -1.4 -1.4 -1.4 -1.4 -1.4 -1.4 -1.4 -1.4 -1.4 -1.4 -1.4 -1.4 -1.4 -1.4 -1.4 -1.4 -1.4 -1.4 -1.4 -1.4 -1.4 -1.4 4.8 5.9 6.8 6.5 8 8.1 8.4 11.1 12 12.7 13.2 15.4 17.6 19.3 21 29.9 32.2 33 33.5 37 42.1 52 63.8 70.7 75.3 76.5 79.6 81.2 85.9 85.2 86.7 88.5 86.7 91.4 93.7 95.4 91.7 92.4 97.1 101 100.5 99.9
-1.4 -1.4 -1.4 -1.4 -1.4 -1.4 -1.4 -1.4 -1.4 -1.4 -1.4 -1.4 -1.4 -1.4 -1.4 -1.4 -1.4 -1.4 -1.4 -1.4 -1.4 -1.4 -1.4 -1.4 -1.4 -1.4 -1.4 -1.4 -1.4 -1.4 -1.4 -1.4 -1.4 -1.4 -1.4 -1.4 -1.4 0.8 -1.4 -1.4 -1.4 -1.4 -1.4 3.2 6.4 6.5 6.9 7.3 8 8.6 11 14.6 20 18.4 23.4 24.2 31.2 40.2 45.4 46.8 52.3 58.1 61.8 67.1 70 72.8 77.7 81.3 86.8 84.9 88 95.9 96.7 90 90.8 98.6 104.1 97.5 96.1
-1.4 -1.4 -1.4 -1.4 -1.4 -1.4 -1.4 -1.4 -1.4 -1.4 -1.4 -1.4 -1.4 -1.4 -1.4 -1.4 -1.4 -1.4 -1.4 -1.4 -1.4 -1.4 -1.4 -1.4 -1.4 -1.4 -1.4 -1.4 -1.4 -1.4 -1.4 -1.4 -1.4 -1.4 -1.4 -1.4 -1.4 -1.4 -1.4 -1.4 -1.4 -1.4 -1.4 -1.4 -1.4 -1.4 -1.4 -1.4 -1.4 2.7 5 8.1 10.2 12.3 14.8 21.2 28.3 33.2 39.7 44.7 47.7 54.5 58.4 60.5 67.3 73.4 75.5 77.9 81.7 79.7 82.8 86.8 84.2 82 89 93.5 96.6 94.8 93.1
-1.4 -1.4 -1.4 -1.4 -1.4 -1.4 -1.4 -1.4 -1.4 -1.4 -1.4 -1.4 -1.4 -1.4 -1.4 -1.4 -1.4 -1.4 -1.4 -1.4 -1.4 -1.4 -1.4 -1.4 -1.4 -1.4 -1.4 -1.4 -1.4 -1.4 -1.4 -1.4 -1.4 -1.4 -1.4 -1.4 -1.4 -1.4 -1.4 -1.4 -1.4 -1.4 -1.4 -1.4 -1.4 -1.4 -1.4 -1.4 -1.4 -1.4 -1.4 -1.4 5.9 6.6 11.1 24.9 30.3 35.5 39 41.5 44.8 48.7 49.6 55.6 62 68.3 70 75.4 77.9 78.1 78.3 77.1 76.8 80.6 86.7 88.6 92.1 94.6 90.7
-1.4 -1.4 -1.4 -1.4 -1.4 -1.4 -1.4 -1.4 -1.4 -1.4 -1.4 -1.4 -1.4 -1.4 -1.4 -1.4 -1.4 -1.4 -1.4 -1.4 -1.4 -1.4 -1.4 -1.4 -1.4 -1.4 -1.4 -1.4 -1.4 -1.4 -1.4 -1.4 -1.4 -1.4 -1.4 -1.4 -1.4 -1.4 -1.4 -1.4 -1.4 -1.4 -1.4 -1.4 -1.4 -1.4 -1.4 -1.4 -1.4 -1.4 -1.4 -1.4 1.2 4.9 8.2 15.5 24.4 31.9 36.8 37 38 39.5 44.4 52.2 57.2 63 66.1 73.2 74.4 71.4 72.1 72.4 76.4 77.6 80.6 84.8 90 94.4 88.5
-1.4 -1.4 -1.4 -1.4 -1.4 -1.4 -1.4 -1.4 -1.4 -1.4 -1.4 -1.4 -1.4 -1.4 -1.4 -1.4 -1.4 -1.4 -1.4 -1.4 -1.4 -1.4 -1.4 -1.4 -1.4 -1.4 -1.4 -1.4 -1.4 -1.4 -1.4 -1.4 -1.4 -1.4 -1.4 -1.4 -1.4 -1.4 -1.4 -1.4 -1.4 -1.4 -1.4 -1.4 -1.4 -1.4 -1.4 -1.4 -1.4 -1.4 -1.4 -1.4 -1.4 1.5 5.6 8.7 16 24.4 28.3 27.2 28.1 34.8 38.4 43.6 44.1 56.9 63.8 68.6 69.8 67.7 66.4 74.5 75.1 74.4 75.9 78.8 83.2 86.5 84.5
-1.4 -1.4 -1.4 -1.4 -1.4 -1.4 -1.4 -1.4 -1.4 -1.4 -1.4 -1.4 -1.4 -1.4 -1.4 -1.4 -1.4 -1.4 -1.4 -1.4 -1.4 -1.4 -1.4 -1.4 -1.4 -1.4 -1.4 -1.4 -1.4 -1.4 -1.4 -1.4 -1.4 -1.4 -1.4 -1.4 -1.4 -1.4 -1.4 -1.4 -1.4 -1.4 -1.4 -1.4 -1.4 -1.4 -1.4 -1.4 -1.4 -1.4 -1.4 -1.4 -1.4 -1.4 1.8 5.7 9 12.2 17.1 21.9 22.6 28.1 33 34.2 41.1 50.2 54.3 62 59.9 59.7 60.7 68.1 66.7 66.7 70.4 76.2 77.7 79.2 76.9
-1.4 -1.4 -1.4 -1.4 -1.4 -1.4 -1.4 -1.4 -1.4 -1.4 -1.4 -1.4 -1.4 -1.4 -1.4 -1.4 -1.4 -1.4 -1.4 -1.4 -1.4 -1.4 -1.4 -1.4 -1.4 -1.4 -1.4 -1.4 -1.4 -1.4 -1.4 -1.4 -1.4 -1.4 -1.4 -1.4 -1.4 -1.4 -1.4 -1.4 -1.4 -1.4 -1.4 -1.4 -1.4 -1.4 -1.4 -1.4 -1.4 -1.4 -1.4 -1.4 -1.4 -1.4 -1.4 -1.4 6.1 5.8 9.2 10.1 17.6 22.8 27.9 27.4 34.5 40.3 45.1 46.9 45.2 52.3 58.8 62.8 62.4 63.1 70.4 71.1 74.1 72.2 70.5
-1.4 -1.4 -1.4 -1.4 -1.4 -1.4 -1.4 -1.4 -1.4 -1.4 -1.4 -1.4 -1.4 -1.4 -1.4 -1.4 -1.4 -1.4 -1.4 -1.4 -1.4 -1.4 -1.4 -1.4 -1.4 -1.4 -1.4 -1.4 -1.4 -1.4 -1.4 -1.4 -1.4 -1.4 -1.4 -1.4 -1.4 -1.4 -1.4 -1.4 -1.4 -1.4 -1.4 -1.4 -1.4 -1.4 -1.4 -1.4 -1.4 -1.4 -1.4 -1.4 -1.4 -1.4 -1.4 -1.4 -1.4 2.6 5.7 6.5 9.2 15.3 20.5 22.5 25.6 34.7 36.7 36.7 41.4 51.2 57.5 60.7 58.9 62.2 65.9 67.4 67.4 66.2 64.8
-1.4 -1.4 -1.4 -1.4 -1.4 -1.4 -1.4 -1.4 -1.4 -1.4 -1.4 -1.4 -1.4 -1.4 -1.4 -1.4 -1.4 -1.4 -1.4 -1.4 -1.4 -1.4 -1.4 -1.4 -1.4 -1.4 -1.4 -1.4 -1.4 -1.4 -1.4 -1.4 -1.4 -1.4 -1.4 -1.4 -1.4 -1.4 -1.4 -1.4 -1.4 -1.4 -1.4 -1.4 -1.4 -1.4 -1.4 -1.4 -1.4 -1.4 -1.4 -1.4 -1.4 -1.4 -1.4 -1.4 -1.4 -1.4 -1.4 2.1 6.5 9.4 13.1 17.1 23.7 25.8 30.7 30.7 39.2 45.2 49.4 50.7 56.9 64.9 68.2 65.2 64.9 62.5 59.8
-1.4 -1.4 -1.4 -1.4 -1.4 -1.4 -1.4 -1.4 -1.4 -1.4 -1.4 -1.4 -1.4 -1.4 -1.4 -1.4 -1.4 -1.4 -1.4 -1.4 -1.4 -1.4 -1.4 -1.4 -1.4 -1.4 -1.4 -1.4 -1.4 -1.4 -1.4 -1.4 -1.4 -1.4 -1.4 -1.4 -1.4 -1.4 -1.4 -1.4 -1.4 -1.4 -1.4 -1.4 -1.4 -1.4 -1.4 -1.4 -1.4 -1.4 -1.4 -1.4 -1.4 -1.4 -1.4 -1.4 -1.4 -1.4 -1.4 -1.4 2.3 6.2 8.8 11.1 16.1 23.3 21.9 27.2 31.9 42.2 45.9 52 55.8 65.2 67 61.6 62.7 58.7 54.5
-1.4 -1.4 -1.4 -1.4 -1.4 -1.4 -1.4 -1.4 -1.4 -1.4 -1.4 -1.4 -1.4 -1.4 -1.4 -1.4 -1.4 -1.4 -1.4 -1.4 -1.4 -1.4 -1.4 -1.4 -1.4 -1.4 -1.4 -1.4 -1.4 -1.4 -1.4 -1.4 -1.4 -1.4 -1.4 -1.4 -1.4 -1.4 -1.4 -1.4 -1.4 -1.4 -1.4 -1.4 -1.4 -1.4 -1.4 -1.4 -1.4 -1.4 -1.4 -1.4 -1.4 -1.4 -1.4 -1.4 -1.4 -1.4 -1.4 -1.4 -1.4 1.6 4.8 8 13.2 17.9 16.5 19.3 25.3 32.1 40.5 47 48.8 56.5 57.2 57.1 56.4 52.9 49.9
-1.4 -1.4 -1.4 -1.4 -1.4 -1.4 -1.4 -1.4 -1.4 -1.4 -1.4 -1.4 -1.4 -1.4 -1.4 -1.4 -1.4 -1.4 -1.4 -1.4 -1.4 -1.4 -1.4 -1.4 -1.4 -1.4 -1.4 -1.4 -1.4 -1.4 -1.4 -1.4 -1.4 -1.4 -1.4 -1.4 -1.4 -1.4 -1.4 -1.4 -1.4 -1.4 -1.4 -1.4 -1.4 -1.4 -1.4 -1.4 -1.4 -1.4 -1.4 -1.4 -1.4 -1.4 -1.4 -1.4 -1.4 -1.4 -1.4 -1.4 -1.4 0.2 1.2 2.8 9.4 12.3 13.3 15.3 18.1 20 27.7 32.8 40.1 44.9 48.6 47.7 49.1 48.5 47
-1.4 -1.4 -1.4 -1.4 -1.4 -1.4 -1.4 -1.4 -1.4 -1.4 -1.4 -1.4 -1.4 -1.4 -1.4 -1.4 -1.4 -1.4 -1.4 -1.4 -1.4 -1.4 -1.4 -1.4 -1.4 -1.4 -1.4 -1.4 -1.4 -1.4 -1.4 -1.4 -1.4 -1.4 -1.4 -1.4 -1.4 -1.4 -1.4 -1.4 -1.4 -1.4 -1.4 -1.4 -1.4 -1.4 -1.4 -1.4 -1.4 -1.4 -1.4 -1.4 -1.4 -1.4 -1.4 -1.4 -1.4 -1.4 -1.4 -1.4 -1.4 -1.4 0.1 1.7 6.7 9.8 10.7 14.2 15.4 15.3 17.2 26.2 35.7 41.3 46 44 41 43.5 44.8
-1.4 -1.4 -1.4 -1.4 -1.4 -1.4 -1.4 -1.4 -1.4 -1.4 -1.4 -1.4 -1.4 -1.4 -1.4 -1.4 -1.4 -1.4 -1.4 -1.4 -1.4 -1.4 -1.4 -1.4 -1.4 -1.4 -1.4 -1.4 -1.4 -1.4 -1.4 -1.4 -1.4 -1.4 -1.4 -1.4 -1.4 -1.4 -1.4 -1.4 -1.4 -1.4 -1.4 -1.4 -1.4 -1.4 -1.4 -1.4 -1.4 -1.4 -1.4 -1.4 -1.4 -1.4 -1.4 -1.4 -1.4 -1.4 -1.4 -1.4 -1.4 -1.4 -0.6 0.9 4 6 11.2 15.6 15.6 15.9 16.2 22.4 32.8 44.1 43.7 38.5 35.9 37.1 37.9
-1.4 -1.4 -1.4 -1.4 -1.4 -1.4 -1.4 -1.4 -1.4 -1.4 -1.4 -1.4 -1.4 -1.4 -1.4 -1.4 -1.4 -1.4 -1.4 -1.4 -1.4 -1.4 -1.4 -1.4 -1.4 -1.4 -1.4 -1.4 -1.4 -1.4 -1.4 -1.4 -1.4 -1.4 -1.4 -1.4 -1.4 -1.4 -1.4 -1.4 -1.4 -1.4 -1.4 -1.4 -1.4 -1.4 -1.4 -1.4 -1.4 -1.4 -1.4 -1.4 -1.4 -1.4 -1.4 -1.4 -1.4 -1.4 -1.4 -1.4 -1.4 -1.4 -1.4 -1.4 1.8 5.2 10.8 16.9 14 16 16.4 17.6 27.9 32.7 34.3 32.4 31.8 30.8 32.2
-1.4 -1.4 -1.4 -1.4 -1.4 -1.4 -1.4 -1.4 -1.4 -1.4 -1.4 -1.4 -1.4 -1.4 -1.4 -1.4 -1.4 -1.4 -1.4 -1.4 -1.4 -1.4 -1.4 -1.4 -1.4 -1.4 -1.4 -1.4 -1.4 -1.4 -1.4 -1.4 -1.4 -1.4 -1.4 1.1 0.9 1.3 -1.4 -1.4 -1.4 -1.4 -1.4 -1.4 -1.4 -1.4 -1.4 -1.4 -1.4 -1.4 -1.4 -1.4 -1.4 -1.4 -1.4 -1.4 -1.4 -1.4 -1.4 -1.4 -1.4 -1.4 -1.4 -1.4 -1.4 3.2 10.2 16.5 15.7 13.7 12.4 14.9 19.2 22.7 25.1 23.8 25.4 27.7 28.9
-1.4 -1.4 -1.4 -1.4 -1.4 -1.4 -1.4 0.7 1.8 4.6 6 5.7 4.5 3.9 4.8 2.3 -1.4 -1.4 -1.4 -1.4 -1.4 -1.4 -1.4 -1.4 -1.4 -1.4 -1.4 -1.4 -1.4 -1.4 -1.4 -1.4 -1.4 1.9 6.6 6.8 9.4 9.4 7.8 5.9 4.3 4.5 3.8 2.9 2.5 -1.4 -1.4 -1.4 -1.4 -1.4 -1.4 -1.4 -1.4 -1.4 -1.4 -1.4 -1.4 -1.4 -1.4 -1.4 -1.4 -1.4 -1.4 -1.4 -1.4 3 8.7 15.7 15.3 15.2 14.2 12.8 13.8 14.5 15.2 16.9 20 24.8 28.1
-1.4 -1.4 -1.4 -1.4 0.5 0.6 2.4 4.9 7.6 9.8 11.4 10.8 9.8 8.8 9 5.4 4.1 4.3 5.2 0.5 -1.4 -1.4 -1.4 0.6 0.8 -1.4 -1.4 -1.4 0.9 2 5.6 5.2 5.5 9.5 17 20.4 20.7 15.7 14.1 13.4 15.7 12.2 9.5 7.9 5 1.8 -1.4 -1.4 -1.4 -1.4 -1.4 -1.4 -1.4 -1.4 -1.4 -1.4 -1.4 -1.4 -1.4 -1.4 -1.4 -1.4 -1.4 -1.4 -1.4 6.2 11.3 15.4 15.3 15.1 14.6 13.8 13 12.3 11.8 12 13.7 19 25.1
2 2.3 2.9 4 6 5.8 8.1 10 11.1 16.6 15.6 16.6 17.8 18.7 16.7 11.8 9.4 9.3 6 1.9 0.7 0.7 1.3 1.9 4.3 3.3 3.9 4.9 5.7 7.8 8.4 9.3 10 16.3 21.8 22.5 23.2 22.7 16.4 21.1 26.8 21.7 16.4 12.2 8.4 6.6 4.8 3.3 2 -1.4 -1.4 -1.4 -1.4 -1.4 -1.4 -1.4 -1.4 -1.4 -1.4 -1.4 -1.4 -1.4 -1.4 1 6.3 8.8 13.3 14.6 14.1 13.8 14.2 13.8 13.1 12.7 11.8 11.7 11.2 14.4 20.9
5.8 6.1 7.5 8.2 9.9 9.7 12.5 14.4 19.2 21.7 21.5 21.3 21.8 21.1 20.3 18.2 14 11.5 9.9 7.3 3.3 3.4 4.8 2.8 6.1 7.4 9.2 10.8 10.7 11.2 15.1 13.5 13.4 16 19.1 22.3 23.9 24.4 23 23.8 26.1 27.3 27.7 19.1 13.4 9.5 6.5 5.4 4.4 4.6 2 1.5 1.2 -1.4 -1.4 -1.4 -1.4 -1.4 -1.4 -1.4 -1.4 -1.4 -1.4 1.5 6.9 10.6 14 14.1 13.5 13.5 13.5 13.4 13.3 12.8 12.4 11.7 11.7 11.4 14
9.9 10.8 11.2 13.9 17.8 16.7 18.1 22.1 22.8 24.4 27.5 27.4 27.1 24.4 20.8 19.8 15.8 12.2 13.6 12.2 8.7 4.8 5 6.9 7.5 11.4 15.5 15.5 13.3 15.6 16.4 15.7 13.6 20.7 23.5 24.3 26.3 28.6 31.6 27.1 27.9 31.7 36.4 27.1 18.7 14.8 11.5 10.8 7.8 7.2 6.6 6 4.8 5.4 6 -1.4 -1.4 -1.4 -1.4 -1.4 -1.4 -1.4 -1.4 -1.4 3.4 11 12.7 13.6 13.4 13.7 13.7 13.6 13.3 12.8 12.3 11.9 11.7 11.3 11.4
25.7 23.7 25.3 24 22.6 24.3 23.6 25.1 26.4 28.9 29.7 31.5 29.2 26.4 20.4 20.2 15.2 18.3 18.9 13.3 9.3 7.6 7 9.1 8.5 13.5 16.1 18.3 18 18.3 18.8 15.1 22.4 25.2 28.2 28.4 28.4 32 34.2 32.5 31.4 33.6 38.3 31.2 26.8 18.5 16 15.9 14.3 12.6 11.1 10.4 7.9 7.1 9.4 8.7 -1.4 -1.4 -1.4 -1.4 -1.4 -1.4 -1.4 -1.4 -1.4 7.3 11.3 13 13.1 13.4 13.5 13.4 12.9 12.6 12.1 11.7 11.3 10.8 11.3
27.5 28.5 31.1 28.8 25.7 25.2 29.8 35 39.4 39.8 41 39.6 36.2 31.1 28.4 23.2 20.7 20.8 17 16.6 12.2 10.4 9.3 10.1 10.8 14.7 17.2 23.3 23.6 19.4 21.6 20.1 22.4 28 31.4 32.8 31.5 34.9 35.9 35.6 36.1 34.1 32.4 30.3 27.7 23.9 23.2 19.1 19 15.2 14.8 16.5 13 11.5 12.7 12.9 8.7 -1.4 -1.4 -1.4 -1.4 -1.4 -1.4 -1.4 -1.4 -1.4 7.1 9.7 12.7 13.1 13.3 12.4 12.2 12.2 11.9 11.5 10.2 10.9 10.9
28.2 32.2 32.3 30 30.4 31 39.8 45.2 45.2 49.5 46.5 42 38.2 33.7 35.6 30.6 25.4 23.8 23.1 20.5 16 13.4 11.8 11.6 10.3 15.8 21.1 21 23.5 22.5 24.1 25.6 24.8 28.5 32.3 34.2 40.3 39.8 40.4 37.1 36.8 35.4 31.7 29.1 25.5 25.3 23 23.6 22.5 27.2 31.2 31 27.9 17 13.6 12.9 12.8 8.9 1.5 -1.4 -1.4 -1.4 -1.4 -1.4 -1.4 -1.4 -1.4 3.8 11.1 12.8 13 11.4 11.4 11.5 11.5 11 9.1 9.7 8.4
36.7 36.8 36.8 39.1 40.5 41 44.3 49.2 53.9 51.2 49.2 46.6 45.1 41.2 39.9 38.7 32.6 28 28.9 25 22.3 16.9 19.2 16.1 14.2 14.8 22.1 23 24.2 24.5 25.5 31.5 29.4 31.8 36.7 40.2 43.5 43.4 44.4 43.5 39.8 37.6 34.2 30.8 29.2 28.9 27.7 31.5 33.6 41 42 47.1 42.2 28.7 21.6 15.2 13.5 12.8 11.3 5.7 -1.4 -1.4 -1.4 -1.4 -1.4 -1.4 -1.4 -1.4 -1.4 7.7 9.8 10 8.3 8.5 8.6 9.1 7.4 7.8 7.2
38.9 41.7 48 47.1 51.5 46.2 48.8 53.2 56.7 55 53.7 54 56 47.8 45.3 41.3 36.2 31.7 31.3 31.6 27.1 26 23.1 21.5 18.2 17 24.7 24.5 26.4 27.9 29.1 32.6 33.5 37.7 40.9 44.6 45.9 49.7 47.8 45.3 42.8 39.3 36.3 33.9 33.3 35 36 41.9 45.4 52.2 54.4 57.3 52.6 42.3 31 27.3 24.4 22.2 20.6 15.5 11.6 9 7.2 -1.4 -1.4 -1.4 -1.4 -1.4 -1.4 -1.4 2.8 5.4 5.5 4.8 4.3 5.6 6.5 6.5 8.5
42.4 45.4 49.3 50.1 52 52.7 53.3 57.1 58.9 58 56.3 58.7 58.1 52.8 48.4 45.6 42.7 38.1 40.7 37.8 34.3 31.3 31 27.9 25.2 26.9 25.5 27.6 28 32 34.5 35 37.4 38.4 41.5 45 49.2 52 49.7 51.3 49.2 45.1 38.4 38.8 41.2 41.5 43.4 49.7 56.7 58.5 61.4 66.9 61 53.4 42 35.6 34.8 33.7 32.5 33.5 29.7 32 29.6 14.5 -1.4 -1.4 -1.4 -1.4 -1.4 -1.4 -1.4 2.3 2.8 -1.4 3.3 7.8 7.6 7.7 9.1
44 44.1 48.3 50.5 53.2 54.1 56.7 58.3 61.1 65.9 63.3 66.2 63.1 56.1 50 55.5 41.9 45.3 44.5 46.5 42.5 35.8 36.9 35.2 33.6 31.2 29.2 32.7 33.2 33.2 38.4 41.6 40.9 42.8 42.6 48 51.7 56.2 52.2 52.9 51.2 47.7 43.7 43.5 51.9 53.1 53.1 54.9 62.9 64.7 67.2 70.5 66.3 60.3 49.9 47.2 44.7 45.1 48.6 54.9 53.1 44.8 42.8 16.7 -1.4 -1.4 -1.4 -1.4 -1.4 -1.4 -1.4 0.2 0.7 -1.4 5.5 9.5 6.9 8.7 8.7
44.1 48.9 48.7 51.1 51.5 54 57.1 59.9 67.2 72 71.5 68.9 62.8 57.6 60.1 51.3 50.7 55.6 54.1 53.1 50.5 44.1 45.7 44.6 42.2 36.6 35.6 37 37.2 35.2 41.5 45.6 45.3 45.9 44.6 50.2 54.7 53.7 53.2 54 52.2 49.9 48.9 53 59.7 61 63.9 65.1 66.3 70 71.5 73.8 71.4 65.3 61.5 62.6 49.9 53.8 64 69.6 66.3 65 44.1 14.6 -1.4 -1.4 -1.4 -1.4 -1.4 -1.4 -1.4 -1.4 -1.4 -1.4 3.7 4.9 5.6 7.2 8.6
50.8 51.4 53.5 54.8 55.5 55.4 58 61.7 65.2 68.6 69 67.5 63.9 69.2 65.3 56.3 58.3 57.4 54.9 54.1 56.2 52.5 52 50.4 47.9 43.4 39.8 39.1 42.4 39.5 46.9 51.7 48.5 52.1 48.5 49.8 55.4 57.2 56.2 58.1 57.8 53.3 54.1 61 68.6 71.9 74.5 72.1 74.2 78.2 81.5 81 75.7 72.4 70 73.1 59.8 60.9 70.3 74.9 69.6 63.6 40.3 21.2 9.9 -1.4 -1.4 -1.4 -1.4 -1.4 -1.4 -1.4 -1.4 -1.4 1.3 3.5 3.9 5.4 8.3
53.2 55.7 57.7 58.2 57.7 60 63.5 62.1 64.5 68.2 69.8 67.6 64.6 63.4 62.6 59.8 59.8 59.5 58.9 55.1 58.2 56.1 53.9 52.3 51.9 51.3 44.3 47.9 46.9 46.5 52.1 55.6 53.2 54.5 52.9 53.3 56.5 59.6 59.8 64.5 65.3 60 61.7 67.2 76.6 80.8 81.6 80.4 83.6 87 91.1 92.5 85.7 78.8 76.2 73.4 67.2 68.7 74.8 75.6 66.3 57.3 48.7 41.1 24.6 6 -1.4 -1.4 -1.4 -1.4 -1.4 -1.4 -1.4 -1.4 -1.4 2.1 4.4 3.4 8.8
