app/static/ascii/NN08.asc
ncols 200
nrows 200
xllcorner 200000
yllcorner 780000
cellsize 50
[rows 35 to 69 of 200, columns 78 to 155 of 200]
337 330.7 323.8 317.7 312.1 307.1 299.8 295.1 290.1 286 281.6 279.1 275.3 269.6 265.9 262.3 258.2 254.5 251.7 250.1 248.3 244.5 243 241.4 237.7 235.3 231.2 229.4 228.2 227.1 224.6 224.4 223.3 223.1 223.9 225.8 226.5 226.8 226.8 228.6 230.7 234.8 240.4 243.5 247.2 251.9 262.1 269.5 272.6 277.2 282.2 292.1 297.7 309.2 318.1 325.2 336.5 347 356 368.7 376.3 383.8 398.3 414.2 425.1 435.2 442.2 449.6 457.7 468.2 476.7 485 490.7 496.8 501.1 504.1 506.3 507.9
320.3 314.8 307.5 302.4 294.7 289.7 283.7 278.9 274.1 270.2 266.4 264.2 260.4 254.6 250.4 246.7 243.7 241.5 236.7 234.5 232.8 231.5 229.7 227.7 224 222.9 219.4 215.6 213.5 211.5 210.2 208.5 207.8 208.3 209.1 210.9 211.8 211.4 211 213.5 214.5 217.7 220.8 223.4 226.3 230.5 236.8 248.4 253.4 257.2 259.7 267.3 272.1 281.4 291.5 300.6 309.2 316.4 326.8 336.1 346.5 366 377.1 388.2 402 412.2 419 428.4 437 446 455.7 463.3 469.7 476 483.4 488 491.1 493.1
304 298.3 292 285.9 280.7 275.7 270.7 265.5 260.9 257.8 253.8 250.5 246.3 241.3 237.2 234 232.4 228.9 224.8 223.4 222.8 220.8 218.9 217 212.8 211.7 207.8 204.8 203.8 199.4 197.9 197.1 196.5 197.1 196.5 198.1 198.9 199.2 199.4 200.9 201.6 203.5 205.7 207.8 208.9 211.8 220 229.3 236 238.8 242.8 246.2 248 257.8 266.8 276.4 284.4 290.9 302.2 313.7 333.3 344 354.1 368.1 377.3 387.9 397 407.5 418.4 427.8 435 441.2 445.8 452.1 459.9 464.7 470.3 473.7
292.9 286.2 279.6 274 269.5 264 258.7 253.7 249.3 248.1 243.6 239.6 236.2 231.1 225.9 224.1 221.7 215.8 213.6 212.1 210.3 209.3 208 206.7 204.1 200.5 197.5 195.4 193 191 189.7 189.7 187.4 187.2 187.4 187.6 187.2 187.7 188.2 188.9 190.4 191.7 192.9 194 195 196.4 199.7 207.7 214.9 219.8 223.3 227 230.4 238.1 249.4 256.7 262.2 274.1 280.7 298.1 310.7 319.7 330.1 344.1 351 361.1 371.7 385.5 395.6 404.4 412.1 420.4 424.8 427.8 432 439.5 443.2 442.8
287.4 279.6 271.4 264.5 258.2 253 248.4 243.6 239.5 238.1 233.4 229.4 225.7 221.1 216.2 214.5 210.7 207.7 205.1 201.8 201.9 202 199.8 197.9 196.6 194.5 191.7 188.6 185.7 184.1 182.4 181.5 180.9 181 180.1 179.7 179 178.2 178.9 179.2 180 181.1 182.3 183.5 184.2 184.9 189.7 195.8 199.5 204.1 205.7 207.6 214.5 221.8 229.2 242.5 245.3 253.9 267.5 277.4 285.9 292.4 302.2 313.3 320.7 333 342.2 354.4 366.5 372.4 382.4 393.2 404.2 403.2 400.6 406.6 409.7 412.7
284.4 277.8 271.3 262.2 254.9 246.2 239.3 234.8 231.7 228.7 224.7 220.3 216.7 213.1 209.1 205.9 203.6 201 198.3 197 197.2 196.7 194.2 192.6 190.6 189.5 187.7 185.1 182 180.7 178.7 177.4 177.3 175.5 174.1 172.9 173.5 171 171.4 171.9 172.3 173.6 174.6 174.3 174.5 176.3 181.3 186 188.5 191.2 192.5 193.1 201.3 205 210.7 221.2 230.6 237.5 247.3 257.1 261.2 267.8 276.2 284.6 293.9 301.5 309.8 317.9 329.4 337.5 350.5 360.6 372.5 378.7 371.2 373.7 378.6 385.9
281.3 274.7 268.7 262.1 255.2 247 239.3 231.5 224.5 220.7 217 215.3 212 208.4 205.5 201.7 198.5 195.4 194.1 193.6 193.1 190.7 189.2 187.3 185.1 184.3 183.5 182 183.2 183.2 183 182.2 181.6 179.2 177.9 175.8 173 170.6 168.3 166.2 165.1 166.5 167.3 168 169.5 171 172.8 176.2 177.9 179.4 179.6 180.8 191.9 191.3 196.7 205.2 214.7 220.1 227.8 236 239 245.1 251.4 259.8 268.5 275.4 281.3 283.6 294.7 304.2 315.2 328.4 331.2 334.8 338.1 343.8 348.9 351.1
276.3 270.4 264.2 259.5 250 242.1 234 228.9 222.6 215.8 211.6 209.9 207.8 204.5 202 198.4 198.6 198 197.2 195.1 194.7 193.5 191.2 192.4 188.5 187.4 188.1 189.6 191.7 191.7 192.1 190 186.6 184.1 181.8 178.7 176.1 172.7 169.8 168 167 165.7 164 164 165.4 166.4 167.4 167.6 168.7 170.2 169.9 171.1 178.3 179 185.9 189.8 197.1 205.9 212.9 215.7 219.7 226.9 229.8 237.9 245.4 250.9 256.4 258.2 268.2 275.9 282.4 290.5 295.4 299.5 304.5 307.8 314.8 314.9
267.9 261.8 255.5 250.1 243.4 235.7 229.1 222.9 217.8 212.1 209.6 205.8 203.1 201.7 200.2 202.5 202.7 202.6 203.4 204.2 204.7 205.3 204.2 202.1 201.7 202.3 203 202.6 202.3 202.6 202.3 198.8 197.1 192.3 189.2 185 180.6 178.1 174.5 171.9 169 167.2 165.3 163.4 161.2 162.4 163.7 164.1 163.8 163.4 163.1 163.8 166.9 171.2 176 180.1 185 193.6 197.8 200.4 208.7 211.8 213.2 221.1 225.9 230.1 235.1 237.8 246.1 254.4 255.4 260.8 266.1 270.8 276.8 278.7 286.6 290.2
259.4 253.2 248.8 244.1 237.4 230.3 223.7 218.3 214.4 213.6 209.1 206.4 205.2 205.1 206.8 210.9 213.4 215.5 217 218.5 219.4 222.5 219 219.4 219.4 218.7 218.6 218.5 216.4 211.8 209.9 207.3 206.2 201.9 197.1 191.4 188.5 184.8 180.6 176 172.4 171.5 169.7 166.7 163 160.6 160 160.7 160.3 159.8 159.7 161 161.6 164.2 168 171 174 182.7 184.4 186.2 191.9 196.6 200.1 206.9 211.9 216.2 217.6 220.5 226.5 232.9 234.2 238.5 241.4 247.5 250.2 253.9 257.8 263.5
251 246.4 242.2 238 231.6 225.1 218.7 214.4 211.6 207.4 208.3 210.3 212.8 215.3 219.5 223.9 227.6 230.5 231.8 232.7 233.7 235.5 234.9 234.5 234.1 232.1 228.7 229 226.4 223 220.7 217.3 213.4 210.8 205.5 201.6 198 193.2 187.4 183.5 180.3 178.7 175 171.8 169.1 167.6 163.2 161.5 159 158 156.9 158.3 159 159.6 162.4 164.3 166.7 171.4 173.1 174.7 179.1 183.6 188.9 194.3 197.1 205.2 208.2 205.1 206.5 207.4 215.4 219 225.6 228.5 230.5 232.7 234.9 239.9
244.6 239.8 236 233.1 228 223.4 215.4 211.6 212.5 216.9 219.3 221.8 226.1 230.5 235 237.4 239.7 242.1 243.1 243.6 246 249.7 250.5 246.6 245.6 242.9 241.3 240 237.2 234 230.5 225.3 222.3 220.7 217.7 213.9 209.7 203.6 197.5 194.1 191 188.5 182.9 178.8 175.8 172.9 168.4 165.9 161 159.4 158.1 156.8 156.5 157.1 157.9 159.5 160.7 161.9 164 167.4 170.8 173.1 179 181.1 183.7 190.2 197 192.2 192.4 194.9 202.2 200.5 206 210.1 213.3 215.7 217.2 217.6
237.3 232.3 231.4 227.7 218.5 215.8 219.1 222.3 225.9 229.3 232.8 237.6 242.3 249.5 249.7 251.2 252.7 254.5 255.7 255.9 257.3 262.7 258.1 257.9 256.1 253.9 251.2 248.1 244.2 240.6 236.7 236.9 238.4 236.5 230.1 225.9 222.2 216.6 212.7 213.8 204.8 203.6 199.9 193.5 187.6 182.9 177.2 172.5 164.7 160.8 159.3 157.4 155.2 155.2 155.2 156.3 156.9 155.9 157.6 160.9 162.3 164.1 166.8 166.7 169.7 174.6 178.7 178.5 181 185.3 185.4 185.9 190.1 194 197.4 199.2 199 200.7
230.3 223.4 220.6 217.8 223.6 227.6 232.4 236.1 239.6 244.4 249.2 254.3 259.5 264 266.7 268.2 267.6 268.3 267.7 267 266.2 268.2 269.5 269.2 267.3 263.9 261.8 259.5 255 253.1 252.6 252.1 251.2 244.9 244.8 241.8 240 235.1 232.4 229.3 217.8 215.2 209.1 203.4 197.9 193.1 183.7 178.6 169.9 165.9 161.4 158.2 155.6 154.2 153.3 153.1 153.1 153.5 153.2 153.8 155.1 157.6 159.2 159.8 159.6 163.9 164.6 165.5 167.5 171.7 173.2 173.5 176.9 181.7 183.5 183.8 184.8 186.3
222.2 224.4 226 232.3 237.2 242.4 246.5 250.1 255.7 260.4 265.3 271.3 276 278.6 280.7 279.5 279.3 278.8 279.2 282.4 284.1 284.8 282.2 280.5 278.7 275.3 274.6 274.2 272 269.5 269 264.1 261 258.8 260 257.3 251.8 244.9 239.4 233.8 224.5 222.5 218.6 213.3 205.6 196.4 190 181.3 174.8 172.2 167.8 161 157.1 156 155 153.2 152.6 152.2 151.8 151.5 152.5 154.5 155.2 154.2 155.2 157.8 156.7 156.7 157.1 160.3 162.9 164.7 167.3 171.2 171.7 171.4 171.7 172
234.6 236.6 240.6 246.3 252.6 258.2 261.3 266.7 272.7 276.6 284.1 289.3 290.8 294.4 296.7 299.8 297.8 296.2 299.5 300.6 299.3 298.2 295.9 292.8 290.1 285.4 284.5 284.2 283.8 283.7 280.2 276.6 273.8 274.5 270 266.1 259.8 255.5 250.5 242.5 237.3 233.5 227.1 220.9 212.6 204.6 197 187 180.6 176.3 170.3 164.8 160.4 159.4 157.2 154.5 153.2 152.2 151 150.8 151.3 152.7 152 149.6 149.2 149.6 148.2 149.2 149.4 154.7 153.5 155.6 159.2 161.4 162.3 162.9 162.1 161.7
246.3 250.9 257.3 264.9 270.7 273.7 279 285.6 290.2 296.1 301.9 305.2 308.7 313.2 314.2 313.7 311.3 317 319.2 318.9 315.6 314.5 312.5 306.8 297.8 295.6 294.1 293.5 295.3 292.5 289.5 285.8 281.8 282 279.2 275.2 268.9 262.6 256.8 251.8 248.8 245 237 230.7 223.3 213.8 205 195.8 188 181.3 174.7 167.9 164.3 163.3 160.5 157.7 154.6 153.7 150.9 149.8 149.8 149.4 148.1 145.7 144 143.3 144 144.8 143.8 145.2 145.5 148.6 150.5 152.9 155 155 154 153
263.5 269.6 275.7 281.1 286.1 293 299 303.8 309.4 314.3 319.4 323.1 327.8 330 332.5 334.3 335.3 333.3 333.8 331.5 328.9 328.7 321.3 313.2 310.4 305.1 303.6 308.3 307.5 304.2 301.9 297.4 294.8 292.7 289.4 285.3 278.8 272 265.8 262.5 261.2 255.5 248.3 240.8 233.1 224.3 215.1 205.3 197.2 189.9 183.4 179.4 173.5 168.8 164.8 160.9 157.7 155.1 152.7 151.4 150.4 148.4 146.3 144.5 143.2 142.2 141.5 141.7 140.6 139.3 139.7 142.5 144.4 145.8 147 148.2 147.5 146.6
280.3 287.3 293.3 299.7 304.9 310.2 317.3 325.1 328.7 332.9 338 342.8 347 349.5 352.8 357.9 354.2 350.7 350.2 347.5 342.5 334.8 328.9 322.5 317.2 318.5 320.1 320.8 321 321.5 318.5 315.1 311 306.1 301.6 298.9 290.1 282.4 275.9 272.7 269 263.9 259.2 252.3 243.3 236.4 227.9 216.1 208.1 202 194.5 187.5 180.3 175.4 168.6 164.8 161.6 158.3 155.3 153.8 153.1 150.3 147.4 145.5 143.9 142.2 141.6 141.1 140.2 137.2 134.3 137.2 138.8 140.1 140.5 141.3 140.7 139.5
299.6 306 311.4 318.1 324.6 329.7 338 343.6 348.6 354 358.7 361.3 363.5 370.6 370.1 370.6 369.8 369.5 368.5 364.9 360.6 353.2 344.1 337.6 332.7 334.7 334 334.9 334.5 333.9 333.1 332.6 327.8 324.4 319.5 310.1 303.4 294.4 289.2 285.5 277.9 270.5 266.4 258.5 254 247.3 240.8 228.6 219.4 213.1 204.9 195 186.8 182.4 175.3 168.9 165.8 162.9 159.1 157.3 155.3 151.8 148.6 146.3 144.7 144 143.9 142.9 140.8 138 134.9 131.9 131.9 132.6 136.5 135.7 134 132.5
318.9 325 331.4 338.4 342.6 350.2 358 362.1 368.3 375.9 376.3 380 388.6 386.1 386.8 391.6 393.8 387.5 389.2 389.9 388.5 376.4 365 353.5 349.1 350.7 347.5 348 347.3 344 345.2 345.7 340.8 333.3 325.3 317 314.5 312.2 306.7 301.6 289.2 279 273.3 266.8 261.4 254.2 247.2 238.8 227.9 221.4 214.4 202 195.2 189.2 180.3 174.6 171.6 168.4 167.8 161.9 158.7 153 149.9 147.5 146 146.3 143.9 140.6 140.8 141 140.2 139 137.8 136 130.5 128.4 128.4 127.5
338 343.8 352.5 358.9 364.5 371.9 380.1 384.6 390.2 394.7 400.5 404.1 405.1 405.5 408.6 411.3 411.3 415.4 411.7 410.5 407.4 395.8 382.3 376.3 373 366.9 362.2 360.8 359.6 358.2 355.6 353.4 347.6 339.9 330.6 324.7 322.4 318.8 312.6 304.9 295 284.7 278 273.5 273.9 258.5 251.8 243.6 234.7 225.6 217.6 207.6 201.5 194 186 181.5 178.1 174 171.5 165.6 158.5 155.1 155 150.7 148.5 143.6 142.8 144 145.3 145.5 142.8 140.8 138.9 138.2 135.6 132.2 132.3 130.4
356.9 364.6 373.1 380 386.8 393.9 401.2 408.5 414.3 421 427 429.8 429.2 430.6 431.4 435.4 437.2 436.4 432.5 430.7 424.1 416.1 410.9 399.1 389.5 379.5 376.3 374.5 373.9 371.7 368.1 361.7 358.1 347.6 338.8 329.7 323.9 319.1 315.5 309.8 302.2 291.7 283.7 277.5 269.7 262.4 258.2 253.3 244.1 232.8 221.7 212 205.9 199.6 192 185.1 181.2 176.3 170.1 165.6 162 159.3 157.2 151 147.5 148.3 148.5 147.1 146.8 147.8 144.8 142.4 140 138.8 135.6 134.5 135 132.7
375.6 384.3 393.2 400.7 408.1 417.2 426.8 436.2 443 451 457.6 460.7 460.4 460.4 466.4 469.2 465.7 465.1 460.9 453 442.8 435.7 424.4 414.5 406.1 396.3 391.8 386 382.1 379.3 376.9 372.7 370.4 357.4 348.6 341.5 329.6 319 315.2 309.2 301.8 296.9 289 280.9 273.7 268.5 263 255.1 246.8 237.2 225.6 221.1 217.4 208.1 196.8 189.2 184 177.7 172.3 169.8 166.4 161.1 156.6 151.3 151.2 152.1 150.2 148.6 147.4 145.9 144.2 143.3 140.8 139 137.2 137.8 136 133.8
394.3 403.8 413.3 421.9 431.3 441.8 452.7 465.9 474.1 480.5 484.7 488.1 488.5 488.7 489.9 487.7 482.4 477.5 470.6 466 458.7 448.9 439.1 426.2 417 413.2 402.6 396.8 390.5 387.6 385.4 383.3 376.6 367.4 355.7 346.1 335 321.6 313.9 308.6 303.8 296.4 290.8 281.6 272.9 269.1 264.4 256.1 246.7 236 228.1 222 217 208 198.2 190.7 184.9 178.8 174.8 170.1 168.8 161.6 155.4 154.7 154.7 152.8 151.5 149.7 148.3 147.1 145.6 143.7 141.1 140.1 139.3 138.3 135.3 133.4
413.5 423.3 433.8 445 454.5 465.6 481.1 489.6 496.9 502.2 505.4 507.5 506.7 505.4 506.4 502.2 493.4 486.4 481.3 476.2 470.4 462.8 452.1 446.1 430.1 421.5 415.6 408.6 402.9 398.1 388.9 384.6 377 365.4 353.9 342.1 332.5 318.2 312.6 307.1 301.7 293.6 286.4 278.3 270.6 267 262 255.4 245.8 237.3 231.1 224.1 214.2 205.7 196.5 189 183.9 178 174.5 169.7 165.4 158.8 158.1 162.2 156.9 156.2 154.3 152.9 150.5 148.8 147.6 145.4 143 142.3 142.4 140 137.2 136.9
432.8 442.2 453.9 463.6 472.9 485 494.9 502.7 511.8 518.5 518.2 517.3 514.3 512.1 508.5 503 497 491.2 488.8 482.4 470 461.7 452.7 440.2 432.5 428 419.1 412.1 408 394.5 385.3 383.5 372.9 360.3 345.3 335.2 324.8 312.9 308.7 303.6 299.5 291.4 282.8 273.8 265.1 262 255.7 251.1 241.1 233.5 225.2 218.5 210.1 202.2 194 186.9 182.9 178.1 173.7 164.8 160.9 165.7 164.4 164.3 160.5 159.3 158.5 156.2 154.1 153.4 152.1 149.8 148.5 147.3 147 147.7 143.8 142.2
449.5 458.9 468.8 477.9 489.1 499 507.3 514.3 521.7 525.7 522.7 518.6 516.6 513.6 508.9 502.5 495.4 490.1 485.8 473.3 462.4 458.3 450.2 436.7 432.8 425.3 419.9 413.1 403.2 391.8 376.7 364.3 353.8 345.4 330.7 320.6 311.7 306.1 301.5 299 294.8 285 276 271.1 260.7 255.2 248 242.9 235.4 225.5 218 212.1 205.8 198.4 192.2 185.5 181.7 175.6 165.4 168.1 172.3 169.8 168.8 166.1 165.6 163.6 163.8 162.1 159.6 159.3 159.4 158.2 156.8 154.3 155.7 154.4 155.6 152.9
462.3 470.6 480.1 491 500.8 508.3 517.4 523.8 523.9 522.4 520.6 517.9 514.6 512 505.7 497.6 491.4 481.4 476.6 464.4 455.1 451.3 444.2 431.1 425.2 417.3 407.7 395.6 386.6 378.1 362 348.7 337.3 326.2 318 308.2 302 297.2 291.5 289.5 283.8 277.6 267.7 259.6 251.7 244.8 239.2 230 224.7 217.5 211.9 204.6 200.6 194.5 191 182.7 174.9 170.4 178.4 176.5 175.2 174.8 173.3 173.2 172.5 171.2 171.5 169.5 168.1 168 168.1 167 166.6 166.9 169.5 167.2 167.1 163.7
475.7 482.4 490.1 499.3 507.3 512.6 519.4 524.6 521.8 519.3 515.1 510.7 507.4 503.1 496 488.9 484.5 476.9 467.7 453.6 444.3 440.9 429.8 417.9 409.8 396.8 388.7 376 365.3 355.9 344.7 330.8 323.1 312 305.3 296.8 290.3 288 279.5 278 272.9 262.5 255.1 247.7 238.3 233.2 229.8 220 213.2 207.9 202.6 197.4 192.5 187.4 179.4 174.4 181.5 182.4 182.3 181.7 181.7 182.8 183.7 182.8 183.5 181.6 179.4 182.4 178.5 180.1 180.1 181.5 182.2 181.6 182.5 181.3 179.7 176.2
487.7 492.7 499 505.6 509.2 511.9 514.5 516.4 515.1 513.1 508.7 500.6 497.8 490 486.4 474.3 468.9 459 446.5 440 430 420.3 410.2 400.5 390.9 379.2 366.6 351.1 342.8 331.9 321.3 314.2 306.1 296.1 289.1 281.2 277.9 273.1 266.7 261.6 254.8 246.1 239.3 232.3 225.9 217.7 217.6 212.1 200.4 195.9 186.7 183.4 184.3 186.8 187.9 190.4 190.2 190.1 191.5 190.6 191.2 192.7 194 194.8 193.9 192.5 190.4 198 192.8 193.5 194.6 194.9 194.4 195 196.6 196.6 194.1 188.5
494.6 500.8 505.9 508.7 508.1 507.3 506.2 507.2 505.8 502.9 497.8 490.3 482.5 474.3 466.8 459.4 449.3 436.3 426.3 418.8 409.7 399.8 389.4 379.3 368.3 357.3 344.9 333.3 322.6 314.3 307.2 298.4 288.8 280.8 272.3 264.6 262.7 255.9 251.7 244.7 237.7 231 225.4 216.6 210.3 199.3 197.1 191.8 195.7 195.8 199 199.6 197.5 198.8 199.2 201.5 199.8 199.6 202.1 201.8 202.5 203.8 204.7 207.1 204.6 205.9 205.2 206.8 207.9 210.1 213.4 212.4 207.6 208.5 211.3 209.8 206.3 201
500.8 505.3 512 514.2 511.4 504.3 500.2 497.8 495 491.8 484.3 476.3 470.6 457.7 446.3 439.1 430.4 415.8 409.7 399.5 391.7 377.5 372.6 361.9 351.8 340.7 328.4 317.3 308.2 299 291.2 282.2 273.3 266.7 257.9 252.3 245.1 240.4 236.2 227.8 221.3 215.1 210.5 206.8 206.8 208 210.7 208.9 211.1 213.3 212.3 209.9 209.4 209.1 211 209.1 210.8 212 212.1 215.3 216.5 218.7 219.5 220.1 218.2 219.4 222.8 223.3 223.1 226.1 228.2 222.8 226.1 222.8 222.3 219.4 216.5 215.6
502.3 501.7 502.5 507 508.2 498.1 492.7 488.9 481.3 474.9 469.8 454.9 449.1 442.4 424.1 418.8 408.8 399.4 390.4 380.2 376 363.3 354.4 346 338.8 326.3 315.2 306.4 296.2 289.7 281 269.2 259.3 252.6 246.1 239.2 231.2 227.5 219.9 217.6 213.2 219.2 223 221.4 223.4 222.4 220.8 221.7 222 224.5 224.2 222.2 222.1 222.6 222.9 221.5 224.9 225.3 226.2 228 228.7 230.7 231 232.1 232 235.5 238.6 237.2 237.9 240.5 241.2 242.3 238.6 236.2 236 233.5 232.5 237.2
495.2 491.8 492.5 493.9 489.8 485.4 476.6 471.1 463 453.7 447.4 436.6 431 423.8 411.5 405.6 392.8 384.5 370 363.3 356.9 347.8 337 330.7 320.2 308.4 299.9 293.6 284.6 279.9 270.4 258.9 246.9 239 234.5 224.9 226.5 224.8 227.5 232.7 234.6 235.5 235.7 235.8 235.9 235.3 232.2 233.1 236.4 239.2 239.2 238 236.4 238.3 237.5 236 240.8 237.6 238 240 240.4 241.3 244.1 246.9 242.8 249.3 251.2 252 253.5 256.1 258.8 255.4 250.5 249.4 246.3 247.1 248.4 249.9
