app/static/ascii/NN09.asc
ncols 200
nrows 200
xllcorner 200000
yllcorner 790000
cellsize 50
[rows 0 to 34 of 200, columns 0 to 77 of 200]
310.7 306.3 303.8 309.1 313.1 313.7 322.3 333.5 335.6 343.7 353.7 368.6 382.5 396.3 414.5 432 448 459.7 476.8 494.3 510.4 523.8 538.5 551.8 557.4 562.8 561.5 552.4 528.5 513.4 511.8 514.3 520 528 532.6 537.8 544.7 552 561.9 572.3 584.9 602.9 625.2 651.1 674.9 700.7 731 751.9 756.8 755.3 757.2 760.3 764.5 762.6 750.6 742.8 738.7 733.9 719.8 702.3 657.2 575.6 548.5 516.8 491.2 473.9 463.9 459.1 460 453.2 444.4 434.4 427.8 426.4 429.9 436.4 447.5 457.2
317.9 314.3 310.8 315.8 317.4 320 328.3 338.1 341.9 349 357.3 363.5 380.1 393.9 411.2 429.6 448.5 463.8 482.9 503.9 520.5 537.5 555.8 568.6 576.6 581.5 583 572.8 546.5 530.5 523.2 522.7 524.5 532.9 541.6 548 553.4 561.6 571.9 582.1 596.9 617.2 643 668.1 693.6 721.4 755 772.8 775.1 777.4 782.3 783.9 784.5 778.4 771.1 762.6 755.6 744.8 719.6 664.8 603 565.5 534.8 514.4 499.5 483.8 468.9 466.1 465.1 459.7 452.9 445.9 441.3 442.9 449.9 462.3 482.5 497.4
323 319.9 318.2 321.1 323 325.9 332.8 342.2 349 356.1 363.2 368.1 374.8 387.4 402.8 420.4 440.2 461.9 487.7 512.7 532.9 551.2 567.9 583.8 593.3 600.5 606 599.7 573.6 556.1 545.2 535.3 531.3 535.3 545.2 555.2 562 569.6 579.3 589.8 606.7 631.8 659.5 687.6 714.7 744.4 780.2 795.5 799.5 801.6 805.8 807 804.3 797.7 790.1 775 756.7 733.9 699.3 641.5 589.4 559.8 536.4 528.3 512.3 497.2 478.6 473.1 469.7 466.8 463.7 459.9 458.6 464.8 478.6 496.6 514.1 528.9
328.2 323.6 323.2 327 330.1 332.3 336.5 346.9 355.3 363.1 366.7 373 383.8 393.9 401.8 412.5 438.6 459.5 486 515.7 540.6 557.9 575.6 592 606.5 617.2 622.6 624.5 604 583.3 566.6 549.9 540.3 545.2 547.9 557.7 568.5 577.7 586.8 597.8 621.2 645.5 672.1 701.7 733 767.5 794.2 814.6 821.1 822.3 824.6 824.7 818.5 808 797.5 761 730.2 705.8 662.7 621.1 580.5 558.7 550.7 542.4 531.1 497 484.4 479.8 475.4 474.8 476.5 481.3 485 494.1 511.4 534.3 547.4 558.7
335 330.4 327.8 330.9 335.6 337.9 345.6 349.6 360.4 368 372.7 376.9 390 402.7 421.3 433.5 443.9 458.9 486 512 534.8 555.9 574.5 593.2 611.2 624.3 635.2 643.5 635.8 617.8 586.7 567.5 558.3 553.9 551.7 559.9 573.5 585.1 595.7 608.5 632.4 660.1 687.2 717.7 749.7 784.1 812.1 833.9 836.4 838.3 842.8 841.9 839.1 829.4 793.5 749.4 721.6 687.2 655.4 624.3 589.4 574.7 562.1 548.5 514.9 498.1 490.3 486.2 482.1 484.6 491.3 501.4 509.4 522.6 541.8 558.9 566.7 571.9
339.4 340.7 329.6 332.4 337 343.2 347.4 353.1 360.8 370.2 377.4 378.9 391.9 411.5 433.4 449.1 461 475.5 487.1 507.8 530.6 553.3 572.7 591.3 611.3 628.6 642.7 657.5 666.9 641.2 613.7 587.3 586.3 567.3 563.7 569.9 580.3 595.1 604.3 620.9 643.7 672.7 702.3 735 768 800.8 831.9 854.7 861.8 862.2 866.3 866.1 864.5 843.3 799.6 765.6 735.9 694.9 658.8 624.9 601.3 586.4 575.1 542.6 511.9 501.3 494.8 491.4 490.7 496.8 506 516.8 530.8 546.8 558.5 566.8 573.3 575.8
343.8 341.9 337.5 335.2 340.2 348.7 353.9 358.5 361.3 367.3 376.1 384.2 395.3 413.7 433.6 459.7 486.8 496.9 510.1 520.6 533.2 550 569.8 592.9 612.9 633 650.4 661.9 675.3 678.5 638.9 613.9 605 585.9 582.5 580.7 589.8 606.9 617.8 632 652.4 682.8 713.1 744.9 781.5 817 841 870.9 882.8 884.3 887.4 888.6 884.8 872.6 834.8 795.2 752.3 707.9 662.8 637.2 617.2 601.3 566.8 542.7 523.8 510.9 505.2 504.2 505.6 513.3 524.1 537.5 554.2 562.7 565.3 571.7 577.1 577.9
350.1 347.1 338.9 336.8 341.9 345.7 353.5 359.3 361.8 365.5 379.1 389.9 396.3 411.7 433 469.4 494.3 510.8 527 537 549.8 560.4 567.9 589.6 612 633.4 650.8 663.1 677.4 691.9 661.9 645.9 630.1 612.3 607.4 599.6 602.7 615.6 632 642.9 661.4 688 714.1 744.8 783.3 816.9 854.6 889.4 894.5 900.1 903.7 905.2 903 895.3 852.9 824.5 771.8 712.4 678.1 659.3 636.9 619.3 577.1 548.9 534.8 525.5 522.5 523.3 525.8 534.5 543.6 552.1 563.7 566.4 566 570.8 575 577.9
358.7 347.9 342 338.9 341.9 345.5 353.8 358.2 361.5 367.3 374.9 385.6 399.8 414.2 436 466.6 497.9 522.7 536.1 551.1 565.7 576.6 584.7 588.7 609.2 630.3 648.9 665.4 680.2 695.5 701.5 689.5 668.3 644.1 635.9 622.6 620.8 631.2 641 654.1 673.4 698.2 732.4 765.6 799.7 831.1 871.2 898.9 904.9 911.4 914.5 917.9 911.1 901.5 882.2 834.4 792.6 732.5 702.2 680.4 666.6 649.1 599.4 570.1 552.2 540.6 539 539.3 540.5 546.1 553.4 557.5 562.3 563.2 563.5 567.5 571.9 574.1
361 352.8 348.5 341.7 343.6 346.6 350.3 354.5 360.9 369.6 374.8 389.1 406.7 427.6 450.7 474.3 501.7 525.1 543.9 561.7 577.9 587.7 595.5 601.3 608.1 628.4 645.5 663.5 682.4 698.3 712.2 701 698.9 677.1 661.8 643.6 643.1 646.9 652.7 671.1 688.7 722.3 746.9 780.5 816.4 855.7 886.5 898.5 905.4 909.7 891.2 880.4 878.4 872.4 868 852.6 806.2 763.9 735.4 722.3 700.4 678.1 626.8 596.9 572.3 561 557 553.2 554.7 557.3 557.6 558.6 561.1 563.4 563.6 567 571 574.1
362.1 355.3 348 345.7 346.4 348.4 349.5 353.4 358.7 372 378.4 393.3 407.8 431.9 453.8 479.8 513.3 533.1 558 580.2 592.4 604.1 609.8 614.8 622.3 631.4 645.5 663.3 683.2 699.7 709.5 717 725.6 715.2 699 687.2 686.3 686.4 689.4 697 714.6 745.6 784.8 814.3 841 866.6 887.8 895.6 896.6 892.2 863.6 840 821.2 822.9 829.5 842.6 829.1 800.3 778.8 748.1 718.3 677 638.3 613 595.9 580.5 578.6 569 564.3 562.1 561.7 561.2 558.6 561.2 562.2 565.3 566.8 567.8
363.7 354.3 349.5 350.5 349.9 352.8 352.6 362.1 361.8 367.8 380.3 395.2 412.2 431.5 456.4 487.2 520.3 547.9 575.2 596.5 610.6 622.8 627.4 631.5 633.1 638.3 655.7 669 683.6 693.9 705.3 717.3 728.7 739.5 735 721.3 726.8 721.7 724.1 731.1 744.2 774 816.4 853.2 872.1 889.2 890.6 894.6 887.8 875.8 854.8 823 789 772.8 781.1 802.4 794.4 788 763.7 731 704.7 678 653.6 629.8 612.2 601.6 586 577.2 572.5 567.5 564.7 561.5 556.6 552.4 555.8 558.3 561.1 563.4
362.6 355.1 351 350.8 352.1 358.8 358.9 367.2 374.5 374.8 382.3 398 416.9 444.6 467.6 493.1 530.5 562.2 588.7 609.2 625 635.4 642.6 644.1 644.1 648.3 660.2 671.9 683.3 694.8 704.6 712.7 721.9 734.2 749.1 759.9 774.3 773.5 767.2 767.9 778.2 802 838 872.4 878.2 880.3 883.1 874.5 869.4 861 830.8 802.4 773.8 744.8 740.3 751.7 758.6 748.8 729.8 706 690.3 675.1 658.8 640.3 624 607.4 592.6 581.7 573.1 567.9 559.5 558.1 557.2 549.6 548.7 551.3 553.8 555.5
360.3 357 353 353.8 355.1 363.6 365.2 373.4 381.3 391.6 388.3 403.5 426.8 456.5 483.3 512.8 536.3 567.8 599.1 617.8 630.7 638.2 648.5 649.6 652.8 657 668 682.1 690.4 699 703.6 707.4 716.7 726.7 739.9 759.4 775.3 792.2 807 803.5 812 841.8 852.3 859.6 863.6 864.1 862.1 858.1 851 837.9 814.2 788.5 756 727.8 690.8 710.3 719.5 709.6 695.3 679.9 670.4 658.7 646.7 634.2 611.7 594.6 583.1 572.9 564.8 559.1 555.2 548.4 543.2 538.7 537.9 539.6 543 546.9
360.4 357.7 357.7 356.8 357.1 364 369.5 381.3 396.1 406.2 401.4 412.9 433.4 461.5 488.5 520.3 543.8 575.5 605 620.9 628.3 638.2 647.8 654.9 661.4 670 680.1 690.9 701.8 704.5 705 707.7 714.6 722.9 732.4 745.9 759.5 772.5 788 801.9 820.1 833.8 839 844.8 848.8 831.2 847.2 847.9 818.2 795.4 782.6 758.8 727.4 690.8 659.5 655.8 669.7 666.6 661.6 652.5 645.6 636.1 624.5 609.4 592 579.1 569.1 561.5 551.4 548 542.7 537.3 534.7 527.3 527.5 528.3 529.7 531.6
360.7 358.4 358.2 357.3 357.5 364 374.3 388.1 412.5 415.5 410.9 420.3 442.5 463.3 491.9 519.6 550.7 577.1 600.5 616.7 629.7 642.2 654.9 667.8 672.2 684 701.8 710.3 711.6 709.5 707.5 708.3 713.2 719.7 723.1 729.8 737.4 750.9 770.4 788.4 806.9 818.6 823.4 827.3 821.8 802 784.4 800.4 790.6 755.3 738 732.6 704.1 662.6 635.8 604 632.5 632.4 627.4 623.5 618.7 611.1 599.9 587.2 572.5 561.9 552 545.8 536.3 532.6 525.8 520 514.3 511.9 514.6 515.4 516.4 518.5
363.3 359.4 358.6 357.8 358.5 364.3 374.1 390.4 416.8 421.1 420.4 423.4 441.5 462 487.3 513.6 542.1 567.7 596.6 618.4 634.7 650.4 664.2 675.3 683.7 705 720.1 719.7 716.1 711.9 711.4 710.4 711.2 713 712.6 717.7 725.7 735.2 744.9 760.1 779.2 796.3 796 799.2 783.7 753.3 742.4 730.1 732.1 699.2 687.9 672.1 661.8 629.6 605.6 574.5 603.2 599.2 589.1 587.7 586.3 582.3 570.1 558.8 550 541.2 533.7 526.9 518.7 513.1 507.6 503.4 501.9 498.6 500.9 501.9 504.6 506.1
363.7 360.7 359.7 359.2 360.8 365.3 376 396.6 423.3 433 430.5 427.7 441.1 463.2 482.2 509.6 540.9 576.9 601.5 620.3 640.2 654.4 669.9 682.2 698.2 712.5 722.6 726.9 721.6 715.9 713.8 712.6 708 705.1 703.5 709.9 717.7 717.9 726.8 738.3 760.3 772.3 754.8 745.9 733.8 710.9 703.5 686.3 659 660.8 638.3 629.5 613.8 593.8 573.9 552.3 565.8 564.8 557.7 556.9 549.6 545.4 538.6 531.2 523.4 517.7 512.6 506.2 501 496.6 490.2 489.6 490.9 488.4 488.5 491 492.6 493.6
364.7 362.4 360.5 362.3 365.2 370.2 387.2 416.7 436.9 445.7 435.7 430.6 445.9 468.1 492.8 515.4 548.9 580 605.3 629.5 646.2 664.2 679.8 692.2 702.6 715.9 721.8 725.8 722.9 716.5 710.9 707.6 700.2 698.8 699.8 713.6 706 685 691.3 714.2 729.9 735.8 711.9 705 688.4 673.8 652 638.8 626.7 605.4 590.2 591.5 578.5 556.5 543.6 528.5 530 530.9 524.8 523.9 518.3 513.6 509.2 503.3 499.8 497.2 490.9 484.6 483.4 479.5 477.8 479.7 480.4 480.1 478.5 477.4 478.1 480.6
367.3 365 363.3 364.6 367.7 376.1 389 412.7 434.6 445.9 439.2 438.1 455.1 485.1 508.2 534 568.6 593.5 614.5 637.1 657.3 673.6 686.7 700.3 708.4 713 719.3 724.3 720.3 716.6 707 699.6 694.8 695.4 700.1 703.6 670.6 644.7 654.7 671.7 696.2 694.6 671.5 666.3 653.7 627.4 601.4 588.8 576 568.9 555.2 555.1 539.6 525.3 512.8 504.3 499.3 499.9 495.8 493.8 491.2 487.4 484.6 480.1 476.7 473.1 468.8 466.3 465.6 466.1 466.2 468 467.6 463.1 457.8 454.8 455.7 455.4
369.4 367.3 366.5 367.1 369.3 375.9 387.1 404.3 420.7 435.7 439.9 445 465.2 499.5 524.4 545.4 575.8 599.8 619.5 641.4 659.4 678.5 689.6 697.8 704.9 713.5 721.4 721.4 713.2 711.2 703 695.6 691.3 691.4 693 673.3 636.6 602.3 606.5 634.3 658 645.2 633.2 619 592.6 578.4 567.3 544.9 537.6 526.4 516.3 512.4 504.3 493.3 485.3 478.6 471.6 473.4 469.5 467.2 465.2 462.7 460.6 457.6 455.2 452.5 448.8 448 446.6 446.9 445.4 442.4 436.7 434.4 432.1 428.4 430.8 427.6
370.6 367.7 367 366.8 367.2 375.2 388.1 401.8 415.7 430.6 434.7 447.3 469 500.6 533.5 556.6 586.6 601.9 623 642.4 660.8 675.1 683.9 696.3 704.2 710.2 714.5 712.8 707.7 702.4 696.1 692.1 696.5 683.4 674.5 627 594.5 559.1 584.5 608 618 593.1 580.5 573.8 545.7 538.2 526 509.9 499.8 491.4 485 475.7 470.4 464.6 458.3 453.8 438.6 447.6 443.7 441 438.7 437.7 435.6 432.6 430.2 428 424.9 422.1 420.3 419.5 415.4 410.3 406.5 404.9 403.7 403 405.8 405
371.3 367.4 367.1 367 366.8 372 383.8 397.8 410.9 423.8 431.7 444 460.5 490.4 525.8 555 581.4 600.3 623.6 638.4 652.6 668.9 681.8 691.6 697 698.2 701.2 702.2 696.7 694.8 688.8 687.6 677 654.9 629.3 595 558.7 522.2 551.7 571 561.1 548.8 529.8 519.2 504.3 497.7 485.6 475.7 466.1 460.4 456 449.5 442.8 438.7 433.2 429.2 410.3 423.9 419 416.7 413.8 412.3 410.5 406.9 404.6 402 397.6 393.4 389.1 385.8 384.6 380.8 380.4 379.7 377.5 378.1 380.3 381
371.6 367.4 367.1 367 366.9 368.1 376.7 388.1 399.4 413.5 421.2 435.9 458.8 485.9 515.8 547.8 570 589.3 611.6 631 643.1 657.8 672.7 673.8 677.1 682.2 690 688.8 686.7 676.6 656.5 657 641.8 620.5 593.5 563.2 529.1 499.2 502.7 523.8 503.5 495.2 488.1 481 470.6 461.1 451.9 445.7 438.5 434.4 429.7 424.4 419.5 414 408.2 405.9 399.4 401.6 398 394.6 392.4 390.8 388.4 384.7 380 375.5 371.7 367 362.3 360 358.4 357.2 357.6 355.8 354.8 356.1 358.7 358.4
375.4 368.8 367.3 367.2 364.8 366.2 371 382.4 396.1 404.7 416.2 429 451.7 481.8 498.1 527.2 546.6 569.2 590.2 605 621.1 636.5 647.5 654.8 662.9 665.1 668.4 665.7 659.3 638.4 615.9 601.6 590.9 569 549 527.7 492.3 470.6 456.3 466.3 464.4 459.4 452.5 448.6 438.4 428.3 422 416.7 412 408.1 404.1 399.5 397.5 391.8 387 385 381.5 380.6 377.6 374.2 371.7 369.5 366.8 363.2 358.4 352.5 347.7 341.4 338.1 335.7 334.9 334.1 336.5 335.7 334.7 335.7 338 339.5
380.2 372.7 368.4 367.4 365 366.2 369.3 378.5 385.6 391.4 403.3 417 445.4 458 476.8 497.6 517 539.4 549.6 574.4 599.4 613.2 624.8 632.6 636.1 626.9 623.7 618.2 623.2 605.4 579.5 568.3 542 522 508 493.4 464.5 442.1 422.3 433.6 433.3 427.1 420.4 412.8 404.9 398.8 394.6 388.8 385.1 381.4 378.8 377.9 376.7 372.2 367.7 365.7 363.7 360.1 358.4 354.4 353.5 352.4 352.8 346 343.3 338.5 326.7 319.7 316.7 315 313.8 312.6 313.8 315.7 315.6 317.7 320.8 322.5
386.2 378.5 370.2 368.2 366.2 367 366.6 370.4 381.4 390.4 393.5 410.1 428.3 444.8 460.6 479.2 498.2 505.4 519.7 544.9 566 578.7 588.6 599.9 599.1 590.5 585.8 579.6 567.5 557.9 536.8 516.1 499.7 477.9 465.5 445.2 427.3 410.4 406.8 404.4 400.8 395.3 390.6 384.9 377.5 372.4 367.6 365.6 362.7 359.5 357.3 356.8 355.9 351.7 349.1 347.1 345 337.2 339.6 334.8 333.8 333.3 332.9 327.5 322.1 316.2 304.8 303.2 299 296.5 297 295.1 296.9 297.8 298.4 300.4 303.2 306
391.9 383.4 371.7 367 364.6 363.8 361.4 363.6 367.7 374.8 382.9 401.5 418.3 428.9 444.9 454.8 465.1 470 491.2 514.6 542 558.9 566.8 574.3 568.8 562.4 549.2 550.9 540 522.5 489.8 474.9 458.3 441.5 429.7 413.1 395 386.5 384.3 379.9 372.1 367.5 363.3 358.5 352.4 348.2 345.4 344.4 341.5 338.4 336.7 335.9 335.2 332.9 330.6 328.5 325.1 316.2 319.2 316 313.9 312.7 309.6 304.7 297.7 293 287.2 287.4 280.9 280.2 279.6 278.4 277.2 279.2 283.1 283.9 286.7 289.7
392.1 381.7 370.2 364.7 361.4 362.2 357.2 356.3 358.6 363.4 370.7 380.9 392 400.8 415.1 424.8 434 448.3 474.8 493.9 505.9 532.5 537.5 529.7 534.6 525.6 505.9 510.9 493.4 468.6 455.9 438.2 420.5 407.1 392.7 380.3 370.1 363.7 358.1 354.1 348.1 343.3 338.8 334.4 328.1 327 325.1 323.7 321.3 318.4 316.5 315.5 315.1 312.1 309.3 305.8 303 298.2 300.4 297.6 299 292.9 291.1 283.4 276.8 271.5 269.4 269.8 266.6 263.9 263.7 264.1 260.9 263.6 268.6 269.8 270.4 270.4
393.1 381.6 370.5 364.1 359.2 356.8 354.8 352.4 351.8 353.7 358.9 366.6 375.1 383.2 394.8 400.5 415.5 421.4 437 456.2 472.5 489.7 499 497.4 491 490.7 467 464.4 450.6 442.8 417.2 396.8 385.9 373.2 363 354.7 346.6 341.3 336.5 333.8 327 322.3 316.4 314.3 309.1 307.6 306.6 305 301.2 299 297.4 295.9 294.8 291.8 288.6 285.5 283.6 282.2 279 276.5 275.9 267.4 267.8 261.2 256.9 253.7 250.4 250 249.7 248.9 247.9 248.4 247.8 249.4 252.3 255.8 257.7 255.7
393 381.3 371.2 364.1 358.7 355.5 353.8 348.3 344.9 344.5 347.9 356.4 357.2 363.3 370.8 381.8 388.8 393.1 408.5 429.1 442.7 458.8 470 475.3 467 444.7 432.1 427.3 417.6 403 375.5 362.1 351.8 343.4 336.9 330.3 325.2 319.5 316.1 313.7 306.9 301.2 297 295.7 291.5 288.7 286.7 284.9 283 281.1 279.4 276.6 275.7 273.5 270.9 267.5 265 264.5 262 257.8 253.3 249 247.8 242.2 237.3 234.4 234.1 234.1 233.7 233.6 230.9 234.9 235 235.2 237.1 241.7 243.8 241.8
392.2 381.1 371.6 364.6 360.1 354.3 348 345 341.6 338.2 338.9 340.9 343.6 344.1 349.6 357.2 366.4 372.3 390.5 409.6 420.6 430.6 437.4 439.3 430.2 411.2 395.4 378.6 374.2 356.8 341.9 332.5 325.9 319.5 313.1 308.9 305.4 300.5 296.4 292.9 286.4 281.6 278.8 276.4 274 271.2 268.8 267.2 266.1 263.9 262.3 260 259.9 256.3 253.8 251.1 248.1 248.4 247.1 240 233.5 233.9 231 227 222.4 218.7 219 218.2 218 217.3 218 220.1 221.1 221.2 222.8 229.3 230.7 229.1
391.7 381.7 373.7 365.5 361 352.5 346.9 340.7 337.1 334.8 333.3 329.6 327.8 328.7 332.7 338.5 348.1 353.1 362.5 375.6 384.6 391.4 398 403.2 395.8 369.5 356.9 343.4 336.8 327.3 314.7 308.4 303.4 298.7 291.4 286.4 284.2 282.3 277.2 272.7 267.8 264.4 262 259.9 256.6 255.3 252 251.8 249.3 247.7 247.4 244.4 244.9 241.7 238.9 237.1 233.6 235.4 233.3 226.5 220.3 218.4 217.6 214.5 209.8 205.6 204.4 204.3 204.8 204.7 206.2 206.7 207.9 209.6 211.8 217.7 216.7 216.2
398.3 390.3 375.5 363.1 355.4 349.9 344.3 338.2 334.2 331.8 330.2 325.1 321.1 320.4 322.2 327.3 330.5 330.5 335.6 341.1 351.1 361.2 363 352.3 336.3 330.7 324.2 317.3 309.3 302.2 293 286 281.4 277.3 270 266.6 264.3 261.3 258.5 255.1 252.7 249 246.4 243.8 240.6 239.4 237.6 237.2 236.2 235.3 233.9 232.2 229.6 228.7 226 226.1 222.2 222.2 220.5 214.8 207.9 204.7 203.9 202.6 197.8 194.4 194.2 194.2 193.5 193.9 194.5 195.4 195.9 197.6 201.7 204.4 209 209
394.8 385.9 375.4 364.6 358.2 356.1 350.4 342.6 335.7 331 326.7 325.1 322.9 321.2 315.9 315.5 315.9 314.2 314.9 321.6 327.4 329.6 322.6 314.3 306.4 301.5 295.6 292.1 285.4 278.6 271.5 265.2 260.5 256.6 251.9 248.5 245.9 243 241.4 239.8 236.9 234.6 233.3 229.9 228.2 225 223.7 223.3 222.4 220.8 219.5 221.3 217.4 215.7 215 213.7 211.3 208.6 207.8 202.8 198.3 194.8 193.1 191.4 190.2 187.2 187.5 185.1 184.1 185.9 187.1 187.2 188.6 187.7 191 193.1 195.3 195.8
