app/static/ascii/NN13.asc
ncols 200
nrows 200
xllcorner 210000
yllcorner 730000
cellsize 50
[rows 70 to 104 of 200, columns 0 to 77 of 200]
35.4 34.2 31.2 30.4 28.5 25.4 24.5 23.6 25.6 26.6 27.7 27.8 29.3 27 25.4 25.5 26.2 28.1 28.5 28.5 29.1 30.3 29.5 31.9 37.9 38.6 31.9 34.9 35.1 42.4 56.8 63.5 74.6 87.6 109.8 125.4 131.3 145.6 150.5 151.9 155.4 165.3 179.3 189.6 200 215.5 227.6 228.4 235.2 230 229.8 240.2 256.1 252.7 259.2 264.9 275.9 287.5 281.1 295.1 300.2 294.9 306.3 302.3 313.1 329.3 333.2 326.3 316.9 301.8 286.4 263.9 234.4 225.8 203 187.9 178.5 166.5
45.2 42.9 39.3 39.5 38 34.4 31.5 26.9 25.5 23.9 25.7 25.3 24.7 25.3 25.5 26 26.6 26.7 27 27.2 27.5 27.8 28.1 28.1 30 27.7 28.4 29.6 36.8 38.9 47.7 59 69.5 66.1 69.4 87.8 99.2 112.5 119.4 123.1 126.4 139.7 157.2 161.2 170.3 188.5 184.8 183.8 200.9 192.2 200.4 220.1 219.3 213.5 230 247 251.5 255.4 254.5 260.8 259.5 268.2 272.9 272.5 292.6 302 287 294.8 287.5 275.9 255.5 242.4 209.1 192.1 175.7 160.6 150.9 138.3
55.2 49.7 47.8 47.7 46.5 46.8 44.5 38.8 32.2 29.9 28.3 26.8 26.3 26.4 26.4 26.6 27.1 27.1 27.6 28 27.8 28.2 27.6 27.1 26.5 26.7 27.9 31.1 31.5 32.4 35.6 40.6 42.8 45.5 52.9 50.2 57.5 76 82 92 100.5 106.4 111.3 127.7 144 140.5 145.1 148 152.6 151.6 160.9 169.7 177.3 181.9 199 209.2 218.6 214.6 220.7 228.5 218.9 234.2 237.8 248.1 248.3 257.7 247 257.1 248.9 238.1 233.6 208.8 184.4 168.1 143.8 133.6 124.8 117.3
65.3 63.4 59.5 58.9 58.4 58 53.7 46.2 41.9 39.5 38.7 35.6 29.9 27.4 26.6 27.3 28 28.7 29.1 29.4 29.6 28.6 27.4 26.9 26.5 27.3 27.2 31.9 32.7 27.7 28.9 29.3 28.7 31.6 35.7 39 47.5 55.5 62.4 62.6 67.8 72.9 81.4 98 107.7 104.2 107.7 109 114.5 121.5 129.1 142 150.6 151.6 168.1 173.3 181.4 183.5 192 204 196.6 210.4 210.9 218.6 218.7 215 209.6 215.5 208.5 203.1 199.4 184.4 159.9 139.3 123.7 113.5 97.6 92.7
87.8 84.2 77.9 75.6 76.2 72.1 65.9 60.5 52.4 51.2 48.2 45.2 40.7 35.4 29.3 30.4 30.1 30.4 30.5 30.8 30.6 28.4 26.5 26 27.2 27 26.5 26.9 27.2 26.9 27.3 27.9 27.8 27.8 27.7 30.6 34.5 41.3 46.5 48.1 50.7 56.9 71.8 76 77.4 81.7 85.9 90.7 96.2 101.1 109.4 122 134.6 131.8 141.7 149.8 160.1 160.8 163.6 175.4 171.9 182.5 184.8 186.7 184.9 182.2 176.6 179.3 180 173.6 168.3 146.5 127.8 112.6 102.2 93.6 83.6 83.1
110.5 107.7 100.5 98.2 92.6 90.2 84.5 77.8 72.9 66.3 63.3 55.7 50.7 48.2 43.7 39 36.7 36.4 34.9 34.3 32.7 29.7 28.1 27.6 27.9 27.1 26.2 26.4 27.7 28.4 27.1 28.1 28.3 28.1 27.8 27.8 28.8 30.3 32.1 35.8 37.6 44.9 54.9 58.1 59.6 62 67.9 72.7 79.5 82 87 100.2 110 112 123.4 128.9 136.9 137.7 147.7 153.9 147.9 149 155.3 162.1 158.1 164.6 147.8 147.1 148.8 141.3 137.1 114.5 99 90.5 84.9 79.6 74.5 71.2
120.4 119.6 116.4 115.2 112.9 108 100.2 93.8 92.2 88.8 83.9 79.7 73.2 66.4 60.3 52.5 48 44 42.4 41.1 38.5 35.5 32 29.1 27.9 27.8 27.5 27 27.8 28.4 27.1 27.9 28.7 28.4 27.9 28.2 28.3 28.5 28.8 29.8 32.4 33.1 32.9 33.8 34.7 39.1 47.3 54.2 63.1 65.4 69.4 75.4 84.8 90.1 100 106 111 114.7 118.7 127.1 122.8 128.3 130.2 129.4 127.8 132.4 126.8 117.2 108.3 103.6 97.1 89.4 78.4 72 68.6 65.6 63.5 62.4
135 133.1 129.9 126.3 122.7 118.5 120.2 118.3 120.3 111 107.3 104.9 99.1 90.5 79.2 70.4 62.8 58.5 55.8 52.5 47 44.6 40 36.7 30 28.4 27.9 27.6 27.8 28.3 27.8 27.6 28.6 28.7 28.1 29.1 29.1 28.7 28.6 29 29.2 29.5 29.9 30.5 31.4 33.4 38.1 41.6 43.5 48.4 56.9 61.6 68.1 75.8 82.6 89.2 90.1 94.3 101.3 109.4 104.5 105.2 105.3 103.4 105.4 108.6 102.6 97.1 87.9 80.9 77.8 67.7 62.7 59.9 60 60.2 57.6 58.1
153.4 144.7 142.8 139.9 143.6 138.2 140.1 143.8 147.3 133.7 136.8 130.3 125.3 118.6 104.7 97.1 86.8 79.3 74.6 66.8 64.4 58 52.8 50.2 38.1 31.6 28.3 27.9 27.9 28.2 27.8 28.4 28 28.4 28.4 29.4 29.8 29.4 29.2 29.5 29.6 29.9 29.8 29.7 30 31.2 33 33.6 34.8 38.4 45.8 51.4 56.1 61.9 66.8 71 74.3 80.3 87.5 88.4 88.4 88.5 86 86.2 84 85.1 87.8 83.7 76.7 68.4 61.1 50.7 52.6 53.1 53.9 54.7 51.7 54.2
177.5 170 161.7 159.6 167.8 164.1 160.9 162 172.1 161.3 163 152.8 150.8 147 136.4 125.7 111.4 103.9 97.4 88.5 86.5 76.2 70.4 65.7 57.1 44.5 34.8 29.6 28.6 28.2 28 28.9 28.6 28.2 28.7 29.2 29.1 29.4 29.8 30.1 30.2 30.1 29.9 29.7 30 30.5 31.2 32.4 33.8 39.7 43.5 47.3 48.2 48.6 54.2 57.4 58.7 61.9 70.8 74.3 73.2 73.5 74.9 73.4 72.8 73.4 77.4 74 64.8 56.6 49.9 47.2 47.4 49.1 49.7 49.5 48.3 51.2
203.5 198.2 195.2 192 194.8 184.6 186 185.9 199 190.3 186.4 180.2 181.5 173.8 166.7 152.6 141.5 131.3 126.9 120.4 116.9 102.4 92.7 84.2 74.6 62.7 49.6 41.3 32.7 32.1 29.9 29 29.3 29 29.3 29.5 29.3 29.3 30.1 30.4 30.5 30.4 30.4 30.5 30.9 30.9 31.5 33.9 36.8 41.3 41.5 42.8 44.2 45.7 46.8 49.2 51 52.3 61.6 62.3 58.9 62.3 66.4 66.6 65.7 71.1 68.6 64.2 56.7 50.8 48 46.9 47.4 47.6 48.3 46.7 43.1 41
234.4 232.8 227.1 223.5 220.3 214.4 211.6 210.9 218.8 216.8 209.7 207.8 212.5 200 193.1 182.2 171.3 160.5 163.2 150.2 141.9 129.1 114.8 104.3 95.8 81.6 67.4 56.8 48.5 42 34.8 32.3 30.2 29.2 28.6 29.1 29.2 29.3 30.4 30 30.8 30.6 30.6 30.7 30.9 31.3 32.3 34.1 37.4 39.7 40.9 42.5 52.7 46.9 42.1 42.5 43.3 46.8 48.4 50.8 50.9 52.8 57.6 63.5 60.8 58.9 57.5 54.8 50.8 45.1 48.6 48 47.9 48 46.4 43.5 38.7 39
263.2 260.2 259.2 257.3 250 241.5 241.1 238.3 236.8 243.4 235.9 235.8 238.4 227 215.2 216.4 201.8 197.4 188.7 179.4 167.8 153.1 138.4 125.6 118 100.9 87.1 74.2 62.8 55.5 46.6 41.4 38.1 32.8 29.4 29.9 29.6 29.5 30.7 30.1 30 30.8 30.8 31 31.2 31.3 32.4 34.8 38.3 38.2 41.6 43 52.4 43.9 40.2 39.3 39.6 44.7 46.4 45 46.2 47.8 52.2 55 55.2 55.7 54.5 47.1 44.1 44.8 50.5 48.6 51 44.6 40.7 38.7 39.3 40
283.6 284.6 282.7 284.4 280.8 270.9 271.2 268 268.5 273.5 265.8 264.8 256.1 251.4 248.7 246.8 231.4 234.6 216.1 205 190.2 176.2 159.6 145.3 134.3 120.4 108 92.3 78.5 69 61.4 54.7 51.7 47.1 38.1 30.8 29.8 29.6 29.5 29.8 30.6 30.9 31 31.3 31.5 33.2 34.2 36.5 38.7 40.1 39.2 38.6 44.7 38.2 39.1 37.6 37.5 41.4 43.7 41.3 44.8 47.3 47.3 49.8 48.8 46.5 46.6 45 42.1 43.6 43.2 41.8 41.6 38 38.3 41.7 42.9 40.9
302.2 306.6 305.4 303.6 305.7 308.7 299.7 298.8 293.4 300.7 289.7 284.3 284.9 284.6 280 282 265.7 268 245.9 235.4 220.1 197.6 179 166.3 155 139 125.1 112 98.8 89 80.2 72.3 69 61.6 55.9 46.3 41.2 34.9 31 31.1 29.8 30 30.7 31.4 31.6 33.3 35.5 40.5 42.3 41.7 38.9 36.7 35 34.7 39.4 34.7 34.8 37.8 38.2 38.9 42.9 45.3 44.7 45.1 44.4 44.2 41.2 37.5 38.2 38.1 37 36.8 39 39.1 41.8 49.2 47.9 43.9
313 319.9 320.1 322.4 322.9 320 312.3 315.6 312.1 312.9 302.3 299.3 307.8 313.1 312.6 308.6 291.1 299.8 289.5 268.4 248.3 220.9 201.7 192.9 174.6 158.6 146 138.9 124.7 114.9 106.9 98.2 94.3 80.5 73.6 68.3 60.3 50.1 45 42.1 39.6 34.2 32.1 29.5 30.7 34.2 37.9 41 38.9 38.2 39.9 36.4 33 32.8 34.4 34.5 34.3 33.1 34 36 36.9 38.5 39.2 36.1 36.6 37.6 39.1 37.5 38.2 37.4 38.2 38.6 40.2 40.3 39.9 44.8 43 43.9
317.3 321.5 320.8 319.8 322.1 317.4 318.4 320.1 318.5 307.7 312.9 315.2 327.2 332.8 329.9 327.8 314.7 320.6 316.7 297.7 276.6 247.1 228.5 219.7 200.9 177.6 175.6 167.3 152.4 144.1 127.2 119.1 114.9 102 92.5 85.1 75.6 67.6 60.7 52 52.2 48.4 41.5 36.7 32.7 32.5 36.8 35.2 32 31.4 31 32.4 32.4 33.4 34.2 33.5 34 33.8 34.3 34.3 34.4 36 36 38.3 40.9 42 43.5 44.9 40.9 40.4 41.1 40.4 40.5 40.7 42.1 43.8 49.5 51.2
315.9 318 316.4 312.4 312.9 308.3 312.7 318.4 314.7 322 331.5 336.1 349.4 349.9 345.5 335.1 330.9 325.6 321.2 305.5 294.9 265.7 248.8 240.9 221.3 212.7 202.5 190.7 177.3 165.8 151.5 138.4 131.3 119.3 109.3 103.7 90.6 81.5 73.1 66.2 66.2 59.9 49.2 41.3 37.4 37.6 34.5 30.1 30.7 31.2 32.5 33 33.5 34.1 34.8 34.8 34.3 33.9 34.7 35 35.2 37 36.5 41.6 41.9 44 43.1 41.3 41.4 41.8 42.7 41.8 41.7 44.2 50.5 58.6 64.6 67.3
308.1 309.9 309.2 306.3 306 306.9 311.6 315.4 318 334.3 342.5 343.5 344.2 343.6 336.6 331.9 327 318.4 309.7 298 289.5 275 260.4 245.9 241.4 230.5 219.8 204.8 190.4 178.7 167.6 154.3 142.9 127.1 116.8 110.1 99 93.4 83.4 73.1 71.1 65.4 53.7 45.7 44.9 43.3 43.7 40.9 41.4 33.8 32.6 34 33.3 34 35.2 35.9 35.2 34.9 35.2 35.5 36 36.3 36.6 37.2 38.3 39.2 41 42.6 43.5 44.1 45.4 45.9 49.3 54.3 60.8 66 72.9 80.9
301.8 302 303.2 301.8 300.6 306 310.4 319 329 339.9 334 331 324.2 325.6 320.4 318.1 309.2 306 295.2 283.2 275.5 265.5 252.1 240.9 234.3 221.5 214.2 196.3 182 173 157.5 146.3 138.8 127.2 116.6 104.1 96 88.3 83 79.8 72.9 65 62.4 55.1 51 47.4 44.3 42.4 41 37.1 35.6 35.7 34.7 34.8 35.3 36.3 36.8 36.8 37.1 37.9 38.1 39.9 46.3 47.3 44.2 44.1 45.6 44 47.2 49.9 49.3 56.3 61.4 69.6 68.9 72.5 81.5 89
295.6 297.7 299.3 298.9 300.3 303.5 309.7 320.3 331.8 331.8 323.9 313 312.3 307.6 305.6 296.5 289.6 286.9 276.6 266.6 256.6 251.8 237.4 221.8 211.3 197.2 186.8 172.6 160.1 152 148.6 148.1 146.7 140.3 131.3 129.4 122.1 113.5 110.6 102.3 92.9 82 77.3 70.3 62.8 62 57.1 52.1 45.1 45.2 45.5 44.1 44.9 39.8 36.9 36.5 37.6 38.6 40.6 40.8 42.1 45.9 49.9 51.2 49.3 51.6 52.9 53.5 52.4 54.9 60.5 66.6 73.6 79.4 83.8 84.8 89.8 95.7
286.1 289.6 294.7 292.7 297.1 294.6 310.2 307.1 309.7 310.5 303 294.8 293 289.9 286.1 281 276.1 268.2 262.9 254.4 245.2 235.7 224.6 217.1 207.7 195.3 187.3 178.9 174.9 170.3 170.8 169.8 167.3 160.9 155.5 154.3 146.4 136.6 136.2 131.2 117.7 104.9 97.7 93.8 80.6 81.3 77.4 70.1 61.1 60.2 60.7 60.8 61.3 57.5 53.8 49.1 43.4 43.1 46.6 48.5 48.4 50.3 55.4 58.6 54.5 56.7 59.7 60.6 63.8 66.1 71.5 74.7 82.7 89.6 96 100 104.9 111.1
270.7 278.7 281.1 282.3 285.9 293.3 290.8 288.7 285.8 284.1 283.7 279.5 278.7 283.8 281.6 278.3 275.1 268.3 260.9 251.7 243.7 238.6 233.5 228.2 224.6 212.5 211.7 204.6 199.5 195.4 198 192.1 186.7 178.7 178.9 177.5 168.6 158.3 156.4 155.6 143.3 136.7 121.9 111.2 106.3 102 96.6 92.2 83.1 77.8 78.2 76.8 78.8 77.2 72.7 69 60.5 54.1 57.5 61.7 59.3 58 59 61.1 64.4 64.9 67.2 68.3 71.6 73.1 76.6 84.2 91.5 99.9 107 111.6 115.5 119.8
247 255.2 258 267.4 266.7 263 259.8 263.2 274.1 285 286.4 287.8 285.5 283.9 282.2 281 277.4 272.3 264.6 257.1 249.8 244.1 239.1 233.4 228.5 224.5 223.6 221 218.1 221.3 226.8 226.2 216 200.9 201.9 195.7 189.7 189 183.8 171.5 163.2 157 145.7 131.5 129.4 120.8 120.9 115.5 102.6 96.3 96.7 91.2 90.5 92 89.2 85 80 78.2 79 76.5 75.3 73.8 74.9 72.8 76.7 73 75.4 76.7 76.6 80.8 83.6 91.1 100.5 109.1 116.4 121.8 124.2 132
223.2 227.5 232 246.5 263.1 267.9 271.4 278.9 284.6 291.2 290.1 287 289.4 286.6 286.4 285.5 276.9 269.5 263.7 258.9 254.8 252 246 238.5 235.5 233.2 232.3 234.1 239.5 242.3 251.3 248.2 241.5 225 230.5 221.9 220.4 217.5 207.5 191.1 181.3 175.6 161.6 154.1 147.7 138.3 134 120.9 117 109.9 106.6 104.7 104.5 104.9 101.5 102.2 104.2 108.9 113.4 92.9 91.7 93.7 92.4 90.4 91.6 90 92.6 87.9 86 88.2 90.8 98.6 106.1 117.2 124.5 128.8 134.7 138.6
224.6 232 241.5 262 274.3 270 274.8 281.1 292.1 295 292.4 289.6 288.2 288.6 286.7 281.7 276 270.4 267.6 263.5 259.2 256.7 254 247.8 247.1 242.4 244.7 250.7 258 265.7 276.7 276.1 274.3 258 259.7 256.2 254.4 244.9 233.6 215.1 205 192.6 177.2 176.3 165.2 147.9 142.3 133.6 128.8 127.3 125.5 126.7 123.7 121.4 120.4 117.7 121.9 126.1 123.5 110.4 110.9 111.7 109.4 107.3 108.1 107.4 107.5 105.8 104.2 103.5 103.9 112.3 115.1 117.6 127.5 136.9 145 151.1
223.9 234.5 238 250.3 260.8 262.8 269.6 284.3 293.8 297.9 296.3 292.6 290 287.4 283.8 279.8 276.2 272.5 272 269.7 265.7 264.6 260.1 255.7 258 256.1 258.7 267 279 289.9 304 304.3 300.2 292.3 300.3 291.4 285.5 275.4 259.9 238.4 224 201.8 195.8 187.8 176 162 155.6 151.4 154 152.6 148.9 145.4 143.3 144.4 146.1 148.7 152.6 150.4 145.1 133.7 133.1 129.6 128.7 125.1 123.5 121.6 122.1 119.2 116 114.5 112.7 121.8 124 127.1 130.3 142.7 157.1 166.8
229.8 236.7 242.4 246.2 252.4 258.9 263.2 272.4 286.2 289.7 287.3 287.1 289.4 290.4 286.4 282.3 278.7 278 279.9 277.6 277.4 274.8 269 267.6 270.9 272.5 277 285.8 297.8 304.8 316.7 326.1 329.8 325.9 322.5 321.3 311.8 297.9 271.9 251 231.8 218.5 205.7 201.6 197.7 190.5 179.2 180.6 184 180 174.6 173 169.2 173 170.5 174.1 176.7 172.3 175.7 154.3 156.3 151.7 143.9 141.1 137.2 135.6 132 131.3 129 123.2 123.7 130.6 132.7 137 145.7 156.7 161.2 165.4
229 237.2 242.2 247.6 256.5 264.6 272.7 279.6 286.3 291 291.3 289.5 292.9 293 290.7 286.3 283.7 284.6 286.3 284.9 284.1 280.7 277.8 281 285.6 290.6 296.8 304.9 313.4 327 338.8 354.1 359.5 357.2 344.3 339.3 325.3 303.3 281.9 266.8 249.5 239.7 225.7 217.1 208.9 206.5 198 196.1 203.2 200.1 194 194.4 195.8 193.9 199.3 203.2 202.9 198.3 200.7 183.6 178.9 175.9 166.9 162.4 154.3 150.7 143.3 141.5 137.3 134.3 132.5 136 140.8 146.3 153.5 164.3 172.4 178.7
227.3 233.2 239 245.6 254.3 267 281.4 294.1 299.5 305.6 310.8 305 299.6 301.1 301.2 296.5 298 304.2 306.7 310.8 306.9 302.2 298 302.1 303 310.1 316.6 323.5 329.7 338.8 350.4 361.8 367.5 369.4 360.9 350.6 339.3 320.3 299.8 284.6 266.3 256.6 249.1 233.3 227.4 220.7 214.7 213.9 216.6 211.4 213.2 217.7 216.7 216.5 224.9 227.7 228.5 219.1 219.2 207.5 198.3 192.4 186.1 177.2 170.3 164.8 158.6 158 150.1 146.9 146.6 146.9 151.1 155.4 163.4 173.7 181.6 188.6
229.6 233.3 240.2 242.2 253.2 265.6 279 295.3 305.6 314.5 324.1 318.9 315.5 317.8 319.7 320.3 321.7 333 343.1 350.3 342.9 350.4 344.9 340.2 349.9 342.9 347.1 352.6 357.7 366.4 380.9 392.6 397.6 392.9 381.8 375.3 366.7 344 324.5 306.2 293.4 285.4 268.7 255 245.3 236.3 229.8 225.1 224.4 223.1 228.4 238 244.7 248 249.2 248.3 246.3 242.8 237 225.1 216.9 209.5 205.2 197.3 186.1 183.4 173.2 164.8 162.8 159.4 157 156.8 159.5 164.6 172.8 183.2 190.7 198.1
229.8 237.5 241.7 242.6 251.4 262.1 274.6 288.5 304.6 315.2 324.9 332.3 332.3 333.8 338.3 336.8 340.9 359.1 380.8 384.2 389.7 404.9 409.2 389.3 408.7 380.9 386.2 390.3 394.1 407 420.3 429.7 431.1 426.4 419 410.3 391.2 372.5 354.6 333 321.4 304.6 290.5 274.3 262 251.8 246.7 239.5 236.5 244 253.6 259.6 267.9 268.5 267.3 266.7 263.3 259.2 253.4 243.9 234.7 228.2 224.7 218 204.8 197.7 189.1 178.3 175.1 172.2 168 168.6 169.2 174.6 181.8 192.4 199 208.5
232.5 234.5 238.6 244.4 251.2 260.7 275.3 289.9 301.6 312.4 322.4 342.9 351.4 353.8 362.2 365.9 368.1 378.2 398.2 408.6 423.3 446.2 450.3 448.4 450.8 432.3 426.6 436 439.6 456 472.7 479.1 474.6 464.2 455.9 441.5 415.8 405.1 384.5 367.7 350.7 330.1 313.1 294 288.1 280.4 274.1 272 274 278.3 276.1 287.2 294 296.6 295.4 289.5 280.2 274.9 268 253.8 256.9 250 244.3 232.5 228.1 217.4 205.2 194 187.3 184.7 183.3 184.8 180.6 183.8 190.1 197.9 206.8 217.7
241.1 246.4 251.2 250.5 248.3 258 270.7 284.6 299.3 310.8 323.3 343.9 358.3 361.5 366.8 376.3 379 388.2 406.1 424.3 433.6 453.3 472.5 481 480.1 476.2 471.7 485.2 502.3 508.9 518.4 513.4 509.1 496.5 490.4 473.1 470.3 442.3 413.9 395.4 377.2 359.3 342.3 334.6 317.3 306.5 298 295.9 301 303.8 301.1 306.5 315 317.9 319.9 312.3 300.8 295.3 284.6 276.3 278.3 267.6 262 254.9 245.6 233.9 219.4 211.7 205.9 198.8 197.1 198.2 193.6 190.6 199.5 207.8 215.2 225.4
255.8 258 263.3 264.1 256.3 265.2 276.3 286.4 295.2 305.9 318.8 327.1 338.5 346.3 348 360.1 369.1 376.6 395.5 409.3 417.5 441.2 459.8 470.2 484.5 491.9 493.2 502.8 521.1 536.9 540.9 543 535.8 526.6 515.7 520.4 512 484.4 450 428.4 417.6 391.3 373.2 368.2 352.4 345.6 344.6 339.2 333.3 338.1 329.5 332.7 335.8 338.4 337.9 328.5 318.5 310.3 299.9 293.5 292 286.7 284.9 272.9 268.4 256.6 243.3 232.3 225.7 220.3 214.8 211 207 200.8 207.6 217.6 227.4 240.8
