app/static/ascii/NN14.asc
ncols 200
nrows 200
xllcorner 210000
yllcorner 740000
cellsize 50
[rows 105 to 139 of 200, columns 0 to 78 of 200]
316.2 274.4 243.4 216.4 187.1 156.8 133.9 108.1 82.5 64.7 50.1 34.2 19.7 10 -1.2 -1.2 -1.2 -1.2 -1.2 -1.2 -1.2 -1.2 -1.2 -1.2 -1.2 -1.2 -1.2 -1.2 -1.2 -1.2 -1.2 6.3 11.2 19.6 28.6 39.3 50.9 61.2 74.6 97.2 126.3 142.6 156.2 180.2 206.9 211.5 233.2 254.3 259.3 282.5 300.6 320 326.8 314.4 289.4 279 292.4 333.3 367.7 405.5 435.7 456.2 473.4 490.3 489.9 487.5 476.8 450.2 411.4 367.6 332.2 298.3 272.1 248.4 229.1 212.8 227.5 240.8 247.3
303.6 262 232.1 201.9 174.2 144.7 122.4 98.6 73.6 54.9 40.5 25 11.9 3.3 -1.2 -1.2 -1.2 -1.2 -1.2 -1.2 -1.2 -1.2 -1.2 -1.2 -1.2 -1.2 -1.2 -1.2 -0.3 2.7 8.2 14.2 20.7 29.7 39.9 53 66.1 78.8 94.8 119.1 150.5 178.8 186.6 207 228.1 242 264.9 285.1 300 314.2 331.5 355 366.1 356.2 330.8 313 300.9 334.5 368.3 409 444.4 467.4 484.3 493.8 499.8 500.3 490 453.7 409.2 365.3 330.8 296.6 268.2 244.6 227.8 223.8 240 258.5 264.8
288.4 249.3 218.5 189.5 161.9 135.6 107.5 88.3 65.9 48.1 33.2 18.8 6.7 -1.2 -1.2 -1.2 -1.2 -1.2 -1.2 -1.2 -1.2 -1.2 -1.2 -1.2 -1.2 -1.2 -1.2 4.1 4.1 9.5 16.8 23.7 32.2 44.1 57.7 67.7 82.8 97.6 118.4 138.6 168.4 207 229.5 241.6 257.5 268.5 296.6 322.2 334.7 361.8 374.9 391.9 398.9 395.8 381.5 349.4 332.1 337.4 376.5 413.2 453 476.8 495.8 498.9 505.9 505.6 488 445.4 405.3 362.8 328.1 295.3 267 246.4 231.6 236.6 258.7 279.2 286.9
270.7 237.4 209.3 173.8 148.3 122.8 98.5 79 56.9 40 26.4 13 2 -1.2 -1.2 -1.2 -1.2 -1.2 -1.2 -1.2 -1.2 -1.2 -1.2 -1.2 -1.2 -1.2 4.3 8.9 11.5 18.2 24.6 35.3 44.7 57.3 69.8 87 98.2 114.4 138.2 159.3 189.2 224.6 254.9 273.2 284.9 297.3 325.1 352.8 380 390.1 417.2 435.7 438.9 430.8 421.2 391.5 369 361.8 393.7 422.5 460.9 487 498.6 511.3 514.2 512.3 489.5 437.8 398.2 361.5 326.7 294.2 269.3 250.3 233.4 247.5 271.7 301 302.8
256.6 223.8 197.3 163.1 134.1 112.6 89.5 69.1 50.5 32.2 19.5 8.4 -1.2 -1.2 -1.2 -1.2 -1.2 -1.2 -1.2 -1.2 -1.2 -1.2 -1.2 -1.2 -1.2 -1.2 8.9 13.4 18.1 26.1 31.5 45.7 55.9 72.8 83.4 99.1 114.7 128.6 156 191.9 215.1 251.2 282.6 298.6 313 328.3 354.1 382 413.6 438.1 452.8 461.8 475.8 463.9 450.9 425.2 408.1 383.3 412.3 441 474.3 494.1 506.9 521 522.4 515.9 492.1 441.2 400.6 360.2 327.1 297.3 271.5 256 237.5 254.9 279.8 313.5 328.6
240.4 210.5 174.3 146.1 123.7 102.3 81.8 60.3 42.9 29.3 17.3 6.1 -1.2 -1.2 -1.2 -1.2 -1.2 -1.2 -1.2 -1.2 -1.2 -1.2 -1.2 -1.2 3.6 8.7 14 19.7 25.2 34 44.5 56 73.1 82.5 99.3 115.6 132.8 148.4 181.2 219.9 245.3 272.5 302.6 316.8 338.1 368.1 378.2 409.2 443.3 477.2 493.7 516 509.8 504.6 476.6 450.7 438.3 422.8 436.4 460.1 490.5 505.8 525 537 535.4 525.1 495.7 444.1 402.3 361.5 328.5 299.9 274.7 259.5 249.6 263.5 289.6 322.3 350.3
223.5 194.3 163.4 135.4 113.6 94.3 74.2 56 39.4 26 14.8 3.8 -1.2 -1.2 -1.2 -1.2 -1.2 -1.2 -1.2 -1.2 -1.2 -1.2 -1.2 2.7 8.7 14.1 19.3 27.2 34.5 43.2 53 65 82.8 96.6 113.4 130 146.5 171.6 199.8 231.7 268.2 298.3 317.4 334.1 360.7 395.2 420.6 435.6 468.3 502.4 533.1 551.4 544.3 530.4 508.3 477.7 465 452.9 463.8 484.2 508.3 532.5 551.5 563.7 558.8 533.1 496.7 446.9 402.2 365.3 333.7 304.4 280.4 267.9 263 265 299.5 336.9 362.8
205.2 179.7 150.2 123.3 102.6 83.9 66.2 48.6 34.8 21.9 11.4 1.9 -1.2 -1.2 -1.2 -1.2 -1.2 -1.2 -1.2 -1.2 -1.2 -1.2 -1.2 6.5 12.6 18.1 25.6 34.8 44.3 52.8 65.4 76.9 90 109.3 126.9 145.4 160.8 186.9 223.8 249.6 277.8 305 328.5 351.9 381.5 414.7 456.2 481.6 497.8 529.5 564.8 583.8 580.4 557.8 533.9 510.3 495.6 482.5 491.2 513.3 529.8 559 576.9 586.9 579.4 536.2 490.3 448.9 406.7 371.1 338.5 308.7 285.8 274.3 263.2 277.7 307.4 349.5 374.3
187.3 165.8 141.1 113.5 92.3 75.1 56.7 42.6 29.4 17 9.1 1.7 -1.2 -1.2 -1.2 -1.2 -1.2 -1.2 -1.2 -1.2 -1.2 -1.2 -1.2 11.5 17.2 23.7 32 41 56.4 63 75.1 87.6 101.7 120.7 138.4 158.2 174.8 196.3 223.9 254 288.1 314.6 339.5 375.3 404.3 445.5 481.5 515.5 541.2 575.7 592.9 620.3 611.5 587.8 557.6 534.6 518.7 511.1 527.3 538.2 556.4 590.6 608.1 610 580.2 536.6 496.1 450.1 410.3 375.4 340.8 310.7 289 280.7 261.9 288.3 313.9 349.2 382.4
174.8 152.5 125.6 102.6 79.5 63.8 47.4 34.5 21.8 13.2 5.6 -1.2 -1.2 -1.2 -1.2 -1.2 -1.2 -1.2 -1.2 -1.2 -1.2 -1.2 5.3 14.2 23 30.7 39.7 52.7 63.5 75.1 85.9 98 113.2 135 150.7 169.2 187.2 208.9 237 270.1 297.4 323.9 352.1 388.8 430.1 465.3 513.4 556 577.2 617.6 637.7 639.5 629.6 605.8 573 550.4 536.3 538.5 548.3 560.8 591.9 623.3 628.8 619.5 587.7 542.7 496.5 455 413.6 379.7 346.8 316.8 291.5 284.4 264 294.1 320.4 351.7 386.8
158.4 137.4 116.9 93.5 72.3 53.7 37.3 26.3 17.5 8.6 -1.2 -1.2 -1.2 -1.2 -1.2 -1.2 -1.2 -1.2 -1.2 -1.2 -1.2 -1.2 9.4 17.6 27.1 36.5 46.5 56.5 69.6 84.8 96.9 108.2 126.3 145.9 162.9 181.1 198.8 226.6 248.6 274.5 306 336.5 369.5 417.1 454.4 494.9 536.9 588.1 613.4 643.8 655.6 656.2 647.3 622.4 593.4 565.1 556.4 556.2 567.2 589.2 622.1 649.1 645.8 627.9 593.9 547.5 500.6 457.7 419.5 386 353.3 321.2 296.2 289.8 268.7 300.6 324.7 357.2 391.9
146 124.6 103.9 81.9 63.3 44.9 30.6 20.5 12.2 4.2 -1.2 -1.2 -1.2 -1.2 -1.2 -1.2 -1.2 -1.2 -1.2 -1.2 -1.2 5.1 13.4 22.2 30.8 40.3 52.3 67.2 81.7 92.1 109.3 119.6 137 159.7 175.5 194.3 219.7 243.3 268.5 296.1 323.3 351 391.8 439.6 482.7 522.6 566.6 612.9 655.7 673 679.1 677.7 668.9 636.6 600.3 579.2 574.7 574.2 588.4 619.1 647.6 671.4 665.6 642 599.6 551.5 502.7 458.6 422.1 388.7 353.4 321.5 301.3 295.3 278.2 307.9 334.2 363.6 395.2
136.1 112.3 93 73 54.8 38 25.4 15.3 7.5 -1.2 -1.2 -1.2 -1.2 -1.2 -1.2 -1.2 -1.2 -1.2 -1.2 -1.2 -1.2 9.2 17.5 27.3 36.9 47.3 59 71.7 84.6 98.9 119.2 129.7 147.3 170.3 187.4 205.5 227.8 255.2 280.3 309.6 341.9 377.7 423.3 468.6 510.7 545.8 595.4 644 683.6 701.4 706.5 701.4 683.4 648.7 622.5 607.8 597.5 603.3 615.5 648 676.2 689.4 675.2 649.3 606.1 557.9 508.3 460.3 422.4 385.9 351.4 322.3 306.4 300.9 289.7 316.2 340.6 371.2 401.5
127 105 80.8 62.8 44.3 32.1 19.5 9.6 -1.2 -1.2 -1.2 -1.2 -1.2 -1.2 -1.2 -1.2 -1.2 -1.2 -1.2 -1.2 -1.2 11.5 18.4 26.2 39.2 48.2 62.3 75.5 90.9 107.6 125.1 142.7 151.8 177.8 194.2 216 234.6 261.6 292.7 324.5 361 399.2 441.4 485.9 531.6 579.9 626.4 673 703.2 720.7 730.6 729.3 709.5 673.4 652.9 637.4 636.4 636.6 662.6 688.6 704.4 707.3 683.7 651.6 606.5 559 502.8 460.5 421.8 383.5 351.6 325.5 312.1 307.4 296.5 324.9 348.9 376.8 406.9
119.4 94.9 73.9 57.3 39.8 26.1 15.7 6.9 -1.2 -1.2 -1.2 -1.2 -1.2 -1.2 -1.2 -1.2 -1.2 -1.2 -1.2 -1.2 -1.2 10.5 17 30.4 41.3 54.6 64.9 82.5 97.9 113.2 135.2 156.1 168.3 188.2 204.8 224.4 249.5 275.4 305.4 338.9 374.1 416.5 460 502.7 547.8 592.5 644.8 680.2 714.4 741.3 752.1 747.9 737.5 702 677.7 670.5 677.7 684.2 709.6 730.6 731.4 719.3 693.1 652.6 608.2 547.3 500.8 454.1 417.8 383.7 356.5 334 318.8 315.3 305.1 333.6 356.2 381.9 408.1
108.5 85.6 69.3 48.9 33.6 20.3 10.5 -1.2 -1.2 -1.2 -1.2 -1.2 -1.2 -1.2 -1.2 -1.2 -1.2 -1.2 -1.2 -1.2 -1.2 9.4 20.3 32.9 46.5 60.2 72.7 85.5 103.1 120.3 139.7 166.2 188.2 184.5 209.4 234.7 259.9 287.5 318.4 348.7 383.8 429 471.4 512.5 554.7 600.1 641.1 677.8 714.6 749.5 763.9 766.1 763.7 731.7 713 705.3 712.8 730.3 749.9 760.8 752.8 731.5 692.3 649.7 598.6 541.8 500.3 459.3 418.7 382.6 355 334 323.2 323.8 316.5 340.5 362 384 408
99.3 77.6 61.9 43 27.6 16 6.5 -1.2 -1.2 -1.2 -1.2 -1.2 -1.2 -1.2 -1.2 -1.2 -1.2 -1.2 -1.2 -1.2 3.5 13.3 27.1 38.3 53.2 66.5 81.1 92.7 107.4 127.5 152.6 174.4 198.8 213.4 214.4 233.6 262.5 293.4 326.6 360.6 395.4 434.7 468.1 508.7 549.1 591.9 632.2 669.9 712.2 758.5 770.5 776.9 777.1 773 752.7 749.9 754.1 767.5 781.6 775.7 764.4 738.8 692 638.5 597.8 559.3 503.5 460.4 419.2 383.9 355.4 335.8 331.2 335.3 326.8 347.4 366.2 388.1 408.9
90.4 70.7 53.8 36.1 22.6 10.6 5.4 -1.2 -1.2 -1.2 -1.2 -1.2 -1.2 -1.2 -1.2 -1.2 -1.2 -1.2 -1.2 -1.2 6.8 18.5 31.1 43.4 57 72.1 86.9 98.3 113.7 134 157 179.7 204.9 230 238.8 242.7 265.3 289.1 318.8 347.3 371.3 407 448.9 495.2 538.5 582.1 618.5 666 707.3 758.3 772.6 780.7 789.9 796.2 792.7 793.3 792 797.7 800.3 789.7 766.2 741.3 693.5 658.5 613.5 559.5 503.3 463.7 421.4 386.3 359.8 343.3 342.7 345 338.3 354 371.2 390 413
81.5 61.8 45.6 30.3 18.1 7.6 -1.2 -1.2 -1.2 -1.2 -1.2 -1.2 -1.2 -1.2 -1.2 -1.2 -1.2 -1.2 -1.2 -1.2 10.6 25.3 37.5 49 63.5 76 90.3 105.3 125.8 143.3 165.1 190.4 214.9 239.9 267.5 257.4 270.6 288.1 320.4 349.6 384.4 422.8 458.1 492.5 538.3 584.5 623.2 663.8 709.6 745 771.6 785.9 798.3 808.3 819.8 821.9 818.4 810.2 803.5 786.5 759.6 730.4 702.3 662.6 611.8 557.7 509 463.7 424.7 390.9 364.8 353.8 355.6 359.8 345.2 363.9 376.4 399.7 426.3
72.4 55.4 40.3 27.1 14.4 5.1 -1.2 -1.2 -1.2 -1.2 -1.2 -1.2 -1.2 -1.2 -1.2 -1.2 -1.2 -1.2 -1.2 -1.2 17 28.3 40.4 55.7 67.3 82.5 98.4 114.8 136.1 159.4 174.7 205.3 227.8 260.6 293.4 299 283.1 295.2 320.4 347.8 378.9 414.5 451.8 490 531.4 565.9 609.5 654.9 719.5 750.8 770.6 785.7 800 816.1 823.1 835.9 831.2 822.8 790.2 767.4 743.1 714.3 686.7 647.2 600 556 516.7 471.7 430.6 404.4 371.5 366.4 372 375.3 348.2 371.3 387.8 412.1 440.8
64.6 48 34.4 21.4 11.7 -1.2 -1.2 -1.2 -1.2 -1.2 -1.2 -1.2 -1.2 -1.2 -1.2 -1.2 -1.2 -1.2 -1.2 9.2 20.3 35.1 46.7 60.6 76.3 89.6 104.8 122.1 143.1 169.8 192.4 214.2 243.3 287.2 314.8 344.7 324.7 309.1 317.7 352.4 384.8 415.8 443.1 481.3 516.1 555.9 602.9 652.7 699 736.7 758.2 773.1 790.7 820.3 841.4 848.6 836.4 811.9 781.7 741.3 713.7 689.5 657.4 618.1 585 554.4 521.4 474.4 437 408.1 384.4 379.6 384.8 386.6 353.2 385 400.2 424.3 454.9
56 42.2 29.2 18.7 8 -1.2 -1.2 -1.2 -1.2 -1.2 -1.2 -1.2 -1.2 -1.2 -1.2 -1.2 -1.2 -1.2 10.1 16.1 28 38.1 56.2 69.8 83.1 97.3 114.3 133.7 158.3 174.6 200.2 228.4 269 309.7 339.2 368.4 385.2 346.7 339.4 340.6 382 417.2 448 484.3 525.9 566.2 601.6 642.6 688.5 715 732.3 762.2 791.6 824.2 852.7 855.9 833.9 797 754.9 719.9 689.1 658.6 629.4 601.3 588.2 559.4 533.7 485.3 445.9 415.2 399.3 392.9 400.5 399.5 372.6 393.9 411.1 436.6 472
48.6 33.9 21.1 10.2 -1.2 -1.2 -1.2 -1.2 -1.2 -1.2 -1.2 -1.2 -1.2 -1.2 -1.2 -1.2 3.3 8.3 16.5 25.6 34.5 47.6 63.7 76.7 88.7 105.9 121.5 141.9 163.9 189.4 215.2 247.7 289.3 329.2 360.7 389.1 416.2 394.6 376 380.6 386.7 415.7 449.9 481.4 519.7 554.7 589 633.8 661.8 702.7 748.8 778.8 809.2 834 859 850.6 821.2 777.5 734.8 700.3 676 651.1 611.8 585 576.3 559.8 538.8 496.3 459.3 429.5 410.2 407.2 412.7 409.8 389.1 403 421.6 448.9 486.7
41 26.7 15.8 -1.2 -1.2 -1.2 -1.2 -1.2 -1.2 -1.2 -1.2 -1.2 -1.2 -1.2 -1.2 -1.2 8.4 12.7 20.7 32.3 42.1 52.3 69.5 83.5 95.8 112.3 131.2 156.9 176.1 197.1 229 266 304 341.1 381.2 416.3 446 451.2 416.8 421.6 404.5 424.6 460.5 492.2 529.3 563 605.2 639.4 683.8 719 753.1 784.8 825.2 849.2 867.6 823.7 790.7 760.9 727.8 697.1 669.4 644 614.5 578.5 560 549.4 542.7 509.7 470.6 446.1 430.3 425.7 428.2 420.9 398.2 414.1 431.4 459.6 492.6
33.7 21.9 11.1 -1.2 -1.2 -1.2 -1.2 -1.2 -1.2 -1.2 -1.2 -1.2 -1.2 -1.2 -1.2 8.2 14.1 18.5 28.1 37.6 51.1 60.7 72.6 86.3 105.1 120 136 167.1 186.4 211.5 248 284.4 316.4 354.8 391.2 439.2 475.9 502.1 469.5 458.5 435.2 435.8 466.1 497.3 538.9 576.9 614.3 649.4 686.4 720.4 752.6 796.4 836 856.8 859 812.8 781.7 760.3 732.4 700.4 680.7 649 611.1 580.9 564.9 547.7 533.2 504.4 479.6 469 451.5 444.6 442 431.6 410.2 418.9 439.6 466.4 504.2
29 18.1 8.8 -1.2 -1.2 -1.2 -1.2 -1.2 -1.2 -1.2 -1.2 -1.2 -1.2 -1.2 -1.2 12.4 17.6 25 31.2 42.8 55.6 69.8 79.6 93.3 110.9 128.2 146.8 172.5 195 226.3 260.5 296.1 329.4 364.9 413.2 462 498.2 528 526.2 494.2 457.9 460.9 483.9 506.7 536.8 570.6 606.9 638.3 668.6 705.7 745.1 793.7 836 858.1 861.7 818 782 757 736.2 713 682.2 651 619.9 593.5 577.6 563.4 538.6 518.1 503.5 491.9 476.4 462 452.3 439.2 419.7 426 444.8 474.9 507.9
26.3 15.7 5.8 -1.2 -1.2 -1.2 -1.2 -1.2 -1.2 -1.2 -1.2 -1.2 -1.2 -1.2 8.4 16.1 23.1 31.7 40.6 53.3 62.1 73.9 89.7 103.2 117.6 135.9 158.6 179.5 206.2 236.9 269.7 304.9 340.9 378.7 434.6 480.6 526 555.5 563.2 527.8 497.4 497.8 501.3 525.9 559 590 613.2 647.9 681.2 717.3 751.9 795.1 830.6 854.3 864 825.5 791.7 762.5 736.9 712.5 690.7 662.7 640.7 623.1 602.6 590.2 574.2 542.4 524.8 514.2 497.1 480.6 464.2 446.7 427.1 430.6 452 479.4 507.3
21.4 11.9 -1.2 -1.2 -1.2 -1.2 -1.2 -1.2 -1.2 -1.2 -1.2 -1.2 -1.2 -1.2 12.8 20.9 27.8 37.1 46.7 57.3 72.3 82.1 99.3 113.3 124.2 141.6 162.6 187.6 215.6 246.6 278.3 314.4 349.9 390.5 440.5 494.4 534.4 573.1 597.8 569.5 536 535.1 533.8 543.2 572.1 601.3 638.7 668 703.4 738.8 766.6 800.5 836.9 861.5 878.2 836.3 799.4 770.3 746.9 721.2 695.5 669.3 651.5 637.6 632.7 606 591.7 573.8 553.2 540.8 520.3 495.6 474.3 457.6 436.8 433.1 450.8 477.7 506.1
17.1 9.1 -1.2 -1.2 -1.2 -1.2 -1.2 -1.2 -1.2 -1.2 -1.2 -1.2 -1.2 6.3 14.2 22.6 31.5 40.1 52.4 65.7 76.6 86.8 104.5 119.9 134.6 152.1 174.5 198.4 227.7 258.2 289.6 324.2 362.3 404.4 454.9 501.2 541.4 585.7 617.9 607.2 583 571.6 569.6 576.5 584.6 612.3 648.7 685.7 722.7 759.7 783.1 821.7 854.5 881.1 888.5 845.1 806.8 771.9 749 727.1 711.1 684.9 673.6 660.8 646.9 623.7 613.4 600.4 584.3 568.2 557.3 530.7 495.1 469.8 448.5 438.3 454.2 478.7 507.9
15.7 7.5 -1.2 -1.2 -1.2 -1.2 -1.2 -1.2 -1.2 -1.2 -1.2 -1.2 -1.2 7 18.3 25.8 35.8 47.3 59.1 70.8 83.2 96.4 108.6 124.7 141.3 158.5 182.3 208.6 237.3 267 302.3 332.2 369.6 410.2 461.4 508.4 546.2 582.9 627.7 659.8 636.9 609.4 606.1 609.8 605.4 624.2 654.7 689.3 730.1 765.3 798.7 832.6 868.4 887.4 894.7 844.4 809.1 769 744.5 727.8 716.1 709 700.3 684.5 669 654.8 642 630.4 615.8 599 582.2 550.5 517 485.9 460.3 445.5 461.2 486.7 515.1
13.7 7.5 -1.2 -1.2 -1.2 -1.2 -1.2 -1.2 -1.2 -1.2 -1.2 -1.2 -1.2 7.9 17.4 27.6 39.9 52 64.3 77.8 90.2 106.9 117.8 129.5 147.3 171.3 192.1 219 247.4 277.8 309.9 346.6 381.1 419.4 470.5 514.5 562.8 600.4 643.9 680.8 689.1 658.1 646 641.9 642.7 644.4 667.8 697.9 736 769.3 802.8 839.2 873.6 899.3 876.2 835.3 804.6 766 740.8 727.6 727.7 723.3 724.5 718 696.1 685.8 678 665.6 649.1 627.6 600.7 567.2 536.6 506.2 476.8 457.4 466.1 487.9 513.7
10.5 6.3 -1.2 -1.2 -1.2 -1.2 -1.2 -1.2 -1.2 -1.2 -1.2 -1.2 -1.2 12.2 20.8 29.4 39.8 51.6 66 79.4 94.9 111.2 126.9 139.1 158.7 181.5 207.8 229.4 257.9 288.3 321 357.1 391.4 435 481.7 524.5 572.6 626.4 668.8 710.3 717.6 709.4 689.7 676.2 671.9 675.4 682.3 711.7 744.7 774.2 805.4 843.2 875.6 902.1 871.5 827.7 792.4 763.8 747.4 740.8 739.6 741.7 749.8 740.9 725.6 726.9 732.9 720.5 692.5 648.3 614.3 582.6 550.3 521.9 493.9 464.1 478.5 494.7 517.5
5.7 2.1 -1.2 -1.2 -1.2 -1.2 -1.2 -1.2 -1.2 -1.2 -1.2 -1.2 -1.2 14.5 23.6 32.2 43.2 54.2 66.5 83.2 99.4 115.5 129.8 147.8 161.1 189.6 215.2 240 266.3 296.5 332.5 366.2 405.9 454.4 492.5 530.5 580 624 668.6 706.1 745.5 761.7 732.4 711.9 705.7 707 717.3 737.9 755.3 784 820.7 859.2 892.1 917.4 869.6 827.5 792.7 773.8 762.7 756.9 752.7 766.5 771.3 763.8 765.2 786.2 783.9 752.4 696.7 659.2 623 593.5 561.4 534.9 505.1 478.8 492.2 505.1 524.8
-1.2 -1.2 -1.2 -1.2 -1.2 -1.2 -1.2 -1.2 -1.2 -1.2 -1.2 -1.2 6.3 14.5 24.5 35.1 46.8 60.6 75.3 88.6 102.3 120.4 136.2 158.1 181.4 195.6 212.6 247.6 278.7 307 340.4 376 414.6 453.7 494.1 537.6 578.9 616.4 641.6 674.3 741.7 779.5 781.4 755 741.9 747.1 754.4 771.6 783.3 801.7 839.3 879.2 910.6 936.7 879.6 837 806.7 793.4 790.8 781.4 777.2 798.2 800.4 799.4 811.4 824.9 810.9 758 705.5 670.3 639 610.4 576 550.1 520.6 504.1 500.2 513 531.3
-1.2 -1.2 -1.2 -1.2 -1.2 -1.2 -1.2 -1.2 -1.2 -1.2 -1.2 -1.2 10.4 17.4 26.6 38.6 48 62.6 78.8 95.5 115 130.5 147.3 165.4 187.5 213 232.9 221.8 267.5 315.5 348.9 382.6 419 455.5 492.7 527.3 561.7 587.5 613.3 647.6 688.4 745.2 779.3 796.4 784.8 786.1 797.7 807.6 816.8 827.6 853.7 890.4 923.3 949.3 892.4 859.5 841.6 823.7 819.5 813.8 810.4 819.7 822.3 830.3 845.3 852.7 816 751.2 715.4 682.6 656.3 632.1 599.4 565.2 536.2 519.6 507.8 522.2 539.8
