app/static/ascii/NN15.asc
ncols 200
nrows 200
xllcorner 210000
yllcorner 750000
cellsize 50
[rows 0 to 34 of 200, columns 78 to 155 of 200]
384 365 335.3 300 281 291.3 303.6 315.4 323.4 335.1 336.6 334.3 333.7 338.1 339.9 341.4 334.8 321.5 311.9 300.7 277.1 243.5 220.1 223.6 224.3 228.1 228.3 225 221.4 215.9 220.3 233.1 246 258.3 276.1 295.6 316.2 344.5 366.2 388.7 412.9 433.6 462.5 485.1 503.4 523.4 546.4 562 584.2 601.4 621.2 652.7 677.5 690.5 716.9 747.8 767.7 782.7 813.9 812.3 823.3 819.5 802.1 788.5 778.9 777 763.5 749.2 735.6 718.2 701.7 690 678.4 667.7 656.9 642.3 621.6 606.1
407 382.9 345.8 325.1 306.7 308.4 315.7 326.7 334.4 344.5 353.6 357.6 362.3 377.7 387.5 390.2 388 383.4 365.3 339.2 303.5 255.3 246.2 252.7 249.9 252.7 250.8 245.3 240 233.1 225.5 226.6 242 255.9 269.5 285.8 307.2 333.1 354.9 376.2 397.6 419.7 455.7 479.1 497.5 518.3 529.8 540.3 557.4 573 592.2 615.6 640.1 663.5 692.8 707.1 728.1 755.7 766.8 778.9 791.7 790.4 773.1 758.7 749.1 741.4 727.8 713.6 695.2 681.7 668.9 655 643.4 636.5 629.8 611.7 590.9 575
423.2 399.5 371.8 348.4 345.3 341.3 338.7 341.6 348.8 361.3 379.3 391.9 398.3 407.6 430.9 440.3 426 418.8 404.7 366.1 318.5 301.8 300.2 293.3 285.8 284.7 281.9 272.3 268.6 257.2 243.6 236.8 240.9 252.5 268 283.8 300.9 321.3 342.4 365.2 380.4 407.9 438.1 465.4 485 510.2 527.2 535.5 542.6 550.9 569.8 593.4 618.1 644.3 661.5 674.6 685.9 705.2 716.2 751.8 759.7 755.5 740 726.5 721 705.8 691.6 672.2 658 648.4 634.9 614.9 608.4 606.6 604.2 579.5 566 556.3
453.4 422.7 399.2 381.9 375.9 373 372.4 364.1 368.2 387.6 406.1 419.6 436.7 454.4 475.5 476.8 474 463.5 439.7 386.2 345.1 345.1 347.1 344 338.2 331.7 321.9 310.5 296.1 280.1 267.7 257.3 251.1 250.5 266 283.1 297.8 313.1 333.3 356.2 372.3 395 417.6 444.5 468.3 486.3 511 524.2 531.1 538.6 555.1 572.4 596.1 615.2 630.6 642.7 652.4 667.9 699.8 722.7 727.8 719.6 706.6 696.6 688.2 676.2 654.9 641.7 624.7 613.4 598.8 584.3 580.6 579.7 576.8 554.1 543 540.7
474.2 445.1 418.2 399.9 410.4 408.8 406.7 396.8 397.2 411.7 433.4 449.5 469.8 498.3 511.7 520.1 509.6 492.9 466.8 413 390.8 380.9 376.3 382.4 378.6 383.8 369.9 349.9 324.4 315 298.7 284.1 271.8 264 259.1 280.9 296 311.6 329.3 341.3 361.6 380.7 401.1 423.1 449.6 470 492.3 510.6 521.4 529.3 538.8 550.7 568.3 584.8 595.2 608.7 621.3 632.1 646.6 671.8 685.1 676.3 671 662.8 655.9 640.4 620.6 611.7 594.7 578 565.9 555.7 554.1 552.5 538.9 522.4 513.2 507
502.9 472.4 434.1 416.5 428 431.6 426.9 429.7 432.1 442.5 469.2 504.2 521.6 549.5 556.1 558.5 558.9 529.3 493.6 457.9 431.1 415.9 410 419.8 424.9 417.7 403.4 372 359.5 347.4 330.5 314.8 297.1 285.8 274.1 278.9 295.2 308.9 320.5 338.7 356.4 370.9 388.1 406.2 432.3 458.1 477.6 492.4 508.3 526 534.8 535.7 549 559.1 571.5 581.4 596.4 604.2 618.6 632.9 643.9 636.3 632.8 621.9 611.9 602.7 588.1 576.4 559.8 543.8 537.2 535.6 530.9 522.3 502 493.1 483.9 473.9
534.2 493 449.2 431.7 435.8 446.7 450.4 450.8 465.9 486.6 513 535.9 562.9 584.1 589.8 589.7 584.4 553.4 516.7 490.7 460.7 442.3 438.6 435.4 448.9 450.8 431.3 418.6 402.1 381.7 358.3 342.6 321.6 304.1 293.5 279.1 299.1 312.7 333.3 344.7 354.7 364.6 379.2 402.6 430.6 448.9 468.6 484 504.7 524 526.5 527.2 538 553.3 555.5 561.7 572.6 578.5 587.9 599.2 603.8 598.3 597.2 588.5 578.4 569.1 551.3 542.1 531 520.6 516.5 514.1 504.7 493.3 479.3 469.7 463.3 457.1
548.9 511.8 466.7 445.8 439 454.4 460.4 471.5 483 507.2 531.7 561.9 587.2 608.6 620.3 625.5 618.2 588.6 550 516.1 488.2 470 465 465.1 476.1 479 471.7 463.3 449.1 424.9 400.9 371.1 348.4 329.4 312.3 301.4 293.5 318.1 339.8 350.1 362.8 376.8 382.6 402.8 425.9 443 459.4 483 507 515.8 518.3 521.9 531.3 538.8 543 553.3 553.2 559.2 558.4 562.8 563.5 565 567.2 562.9 550.9 540 527.2 518.5 508.3 499.2 499.7 491.6 478.1 467.7 460.6 446.3 440.3 437.7
563.9 525.9 482.7 461.2 453 461.2 470.8 481.3 499.6 518.3 555.2 582.2 605.9 629.6 636.9 639 637.8 606.4 560.8 553.4 528.8 506.5 494.4 492 489.5 500.4 513.3 501.1 493.2 475.5 446 409.1 380.4 357.3 336.3 318.8 299.3 321.2 343.8 355.4 369.1 381.2 396.3 413.8 433 443.9 456 476.8 495.3 506.3 508.2 512.3 516.3 518.4 531.4 545.9 546.8 541.3 540.7 542.2 543.2 542.8 548.2 549.4 526.9 515.9 505.5 497.6 490.6 486.5 483.6 469.8 461.6 451.7 446.4 434.1 428.7 427.5
568.9 534.1 502.7 478.6 466.5 462.7 477.1 487.2 503.7 527.1 568.3 599 617.9 643.5 656.4 662.7 651.7 619.8 617.3 592.8 571.6 537.5 526.1 517.7 511.7 524.1 529.3 535.1 534.7 512.5 480.2 439.5 407.4 380.1 363.9 339.1 326.2 321.6 346.3 363.1 374.2 386.4 406.3 420.6 434.5 451.9 468.5 492.7 510 519.1 521.8 519.6 516.6 518.5 533.9 539.3 537.3 534.4 536.9 530.5 528.1 532 547.5 536.8 514.7 501.7 492.1 482.9 475.7 467.8 459.7 447.3 446.8 441.3 436.2 427.8 420.3 420.8
576.5 552.8 524.9 504.1 482.8 474.3 476.5 487.6 504.9 526.4 556.1 598.7 631.7 655.7 671 680.1 669.8 660 646.9 620.1 595.1 572.7 551.1 530.1 539.3 547.6 551.8 550.8 553 543.5 509.4 464 451.3 407.6 383.1 365.2 345.7 339.1 348.8 363.4 379 391.1 409.5 423.4 443.4 459.7 477.3 502.3 519.6 527.5 532.1 527.7 525.3 525.7 533.8 534 535.7 536.6 535.5 527.4 519.7 528.1 527.2 522 504.5 490.7 485 475.9 465.2 454.7 443.4 432.9 430.3 430.1 429 419.6 417.6 412.2
592.4 575.4 545.7 530.2 510.3 490.9 484.7 490.5 504.9 523.1 548.5 583 628.4 659 683.4 693.6 697.2 681.9 670.9 654 628.1 595.3 569.3 551.1 564.2 571.6 577.8 579.4 582.7 563.3 537.8 500.4 474.4 441.7 410.8 382.3 362.7 356.2 352.7 375.7 385.2 394.6 410.6 428.3 450.3 472.6 492.5 510.9 526.9 533 533.8 532.1 530.8 539.6 535.5 539.4 546.7 550.5 546.1 528.3 522.2 517.1 506.1 499.4 492.9 483.5 471.4 462.3 454.2 442.9 429.1 426.5 422.8 419.3 416.2 412.4 414.1 398.8
613.2 607.5 568.6 562.1 539.8 521.5 500.7 501.8 505.6 523.7 547.6 577.1 621.3 661.2 686.4 707.6 721.6 714.4 707 684.9 646.6 609.7 582.6 579.8 588.4 598.5 608.3 611.9 614.1 605.7 562.9 535.8 506.5 463.6 432.5 402.9 378.6 365.7 365.5 375.7 392.6 402.5 417.6 437.3 463.2 482.7 506.5 517.4 530.7 538 536.9 539.5 542.8 551.9 554.3 554.7 562.3 572.6 565.1 536.6 533.1 525.3 508.5 497.1 487.9 476.5 462.7 453.6 440.6 430.4 426.3 421.6 418.7 413.9 413.2 408 404.3 394.7
632.8 632 591.8 588.3 567.7 552.6 541.4 530.1 519.8 526.2 548.5 575.5 607.9 652.6 682.7 726.4 738.8 741.5 734.4 699.8 652.6 619.9 593.6 602.9 613.3 628.2 638.8 646.6 646.8 637.1 614.1 577.5 540.1 479.4 446.2 417.5 390.6 372.7 375.2 400.2 407.3 410.4 423.6 450.3 472.6 492.1 513.2 522.7 533 538.8 551.6 559.5 565.2 573.9 569 567.9 581.2 581 569.9 541.9 533.7 521.2 506.3 492.7 484.5 470 456 445.5 438.6 431.3 424.1 418.2 414.1 409.9 409 404.9 399.5 394.7
648 667.3 610.2 600.5 601 589.8 578.5 569.1 550.2 530.2 552 578 609.8 643.1 679.6 717.5 744.9 749.7 735 704.2 666 632.3 621 626.4 639.9 653.9 667.5 681 689.4 665.3 633.1 589.1 554.9 502.1 455.7 426.8 403.1 380.8 389.8 411.7 416 427.8 440.5 458.5 479.7 504.3 514.3 528.5 538 555.6 571.9 584.5 588.8 591 582.3 585 590.3 584.7 567.5 546.1 533.2 517.5 506.2 493.7 481.5 462.7 451.2 444.3 434.2 429.4 423.4 417.4 415.1 410.7 406.9 401.2 399.5 396.3
670.2 682.5 635.6 609.9 620.8 614.7 608.9 600.8 586.1 563.6 567.3 586.8 608 638.3 676.6 715.4 739.2 754.7 734.8 707.6 680.3 649.8 651.1 655 666.1 680.1 696.8 714.4 716.6 689.1 646 601.1 565.1 523.8 467.5 437 412.2 390.4 402 420.5 436.6 448.7 456.2 475.9 497 512.8 521 534.5 558.7 575.1 598.6 616.2 625.5 613.9 608.2 605.1 604.9 588.6 571.4 550.4 535.7 520.4 505.7 494.1 473.2 458.7 449.6 443.2 433.9 428 422.5 420.7 419.2 410.9 407.5 404.6 402.4 400.1
699.7 709.9 660.4 633 646 646.2 642.4 630.6 617.1 601.9 585.6 595.3 613.8 637.9 673.5 718.3 741.7 753.6 734.6 712.2 688.9 686.5 683.7 686.1 695.9 707.5 724.4 740.2 737.4 689.2 638.4 596.7 552.7 515.1 482.9 450.3 424 402.1 415.5 433.1 456.9 462.7 475.6 493.7 513.3 526.5 530.7 558.3 578.7 597.1 626 634.4 641.2 631.3 632.7 615.7 612 593 583.2 564.2 540.9 521.8 504.8 490.2 471.3 458.5 450.8 442 435.3 429.9 429.8 430 427.3 417.9 411.9 409.4 407.3 407.3
718.4 728.4 678.3 652.1 658.6 659 660.7 653.9 643.8 630.1 605.9 605.2 615.7 638.8 673.4 717.7 749.1 751.1 734.7 719.3 705.3 711.8 715.2 716.3 725.9 740.4 755.9 758.5 736.5 685.3 630.6 591.5 556.6 519.3 484.3 456.5 436.8 413.4 429.4 449.7 477 484.1 494.5 509.6 529.2 547 557.2 570.2 593.2 624.4 636.6 645 646.7 651.7 643.6 630 610.2 598.3 580.1 561.6 538.1 521.2 502.3 485.9 471.3 461.4 453.4 445.5 442.4 437 439 439.9 434.1 423.2 418.6 416.3 416.4 417.9
736.9 743 690 672.7 667.6 668.8 676.7 686.2 671.2 649.7 630.1 620.2 619.6 642.4 673.5 714.1 748.9 753.5 738.6 727.7 721.5 727.8 735.9 744.7 757.3 772.5 785.7 762.9 713.8 672.4 630.8 597 556.9 519.3 487.6 465 445.8 430.5 441.9 462.7 489.2 502 511.3 527.8 546.8 568.4 587.8 603 613.5 627.4 640 660.6 674.4 673.2 662.9 647.6 631.4 604 583.6 563.1 552.7 524 501.3 482.5 471.6 464.9 457.3 454.6 450.1 446.7 446.9 442.8 437.6 432.2 429.2 433.3 432.5 434.2
753.6 761.1 706.1 683.6 687.6 683.9 699.3 699.4 697.4 670.2 645.1 635 622.1 639.7 672.3 712.9 754.2 757.1 744.1 739.4 738.7 744.4 755.2 767.3 781.7 796.6 804.2 760.4 706.9 670.4 633.2 596.9 553.5 519.3 492.3 473.1 456 454.7 471.2 479.6 503.1 522.4 535.9 553.3 574.7 600.4 619 639.1 648.3 647.4 651.3 669.2 680.7 682.3 674.7 664.9 640.7 628.6 602.8 579 560.1 528.7 503.9 487.9 479.8 468.9 469.1 464.7 460.4 459.8 460.1 454.7 446 443.4 448.5 459.9 460.2 460
774.9 784.3 730 696.3 702.9 711.3 716.3 721.4 715.8 677.9 651.6 645.3 630.7 644 674.1 708 746.4 759.6 756 750.5 753.5 759.7 773.3 792 808.1 827.9 829.8 797.7 722.4 671.9 637.7 604.9 565.4 527.1 502.7 481.2 467.5 469.8 486.8 504.7 516.7 539.1 560.3 577.5 612.9 637.8 659.4 674.4 680.7 683.6 677.5 671.9 674.2 683.5 688.8 677.2 662.3 638.2 611.4 587.8 561.2 532.4 507.5 493 482.7 478.7 479.5 474.7 474.1 474.1 471.3 463.5 463 466.4 468.9 482.8 490.3 489
797.3 809.1 766 729.1 717.3 726.1 737.6 731.9 715.6 675.8 653.6 654.9 645.2 650 675.8 707.7 747 769.6 768.1 765 768.1 773.4 786.4 806.3 828.5 846.5 848.6 823.4 749.8 684.5 648.9 615.6 578.2 547.1 510.1 490.3 483.6 489.6 502.3 523.9 537.9 552.2 577.7 604.1 630.1 656.5 690.1 707 715.1 723.7 715.9 701.5 688.7 697.8 700.7 690.1 669.1 646.5 614.1 589.6 561.6 533.6 511.5 497.8 490.3 486.9 486.2 486.9 486.6 485.9 481.2 488.7 491.1 494.7 503.8 516.9 523.2 521.9
817.1 830.8 800.9 766.4 745.1 742.4 755.3 751.3 720.1 685.6 667 664.7 656 661.9 681.4 709.1 746.9 775.7 781.2 782.7 784.4 791.1 801.5 818.3 839.6 865.5 853.5 823.1 765.4 687.7 652.8 618.1 599.3 558.1 522.9 502.5 499.7 503.5 519.7 534.9 549.8 573.4 598.4 631.3 662.4 688.9 708.6 734.5 750.2 751.8 743 727.4 715.1 710 709.2 704.6 681.4 646.3 612.2 584.4 557 534.4 517.2 506.8 499 496.5 498.1 500.4 502.6 499.3 511.3 526.5 526.6 527.2 541 561 566.1 565.9
839.6 854.3 839.6 799.5 779.1 776 777.9 765.7 725.1 694.4 683.6 682.5 678.3 679.5 690.9 712.1 751.2 794.5 804.8 797.9 799.3 805.3 814.7 829.4 844.2 839.4 827.7 810.1 775.9 690.6 653.3 628 607.5 570.7 536.3 517 515.4 518.4 527.7 549.2 567.8 587.9 621.5 652.6 686.2 714.1 733.4 753.7 774 778.1 768.9 752.2 735.3 729.9 720.4 713.4 687.1 650.5 614.7 589.8 569.5 546.6 522.6 513.6 508.4 512.4 513 516.4 518 524.4 546.6 556.8 558.4 562 589.2 601.8 615 611.6
856 861.7 850.9 847.6 830.6 821.5 811.6 763.8 738.6 728.4 715.1 708.1 693.1 694.3 707.1 723.3 754.7 808.4 817.5 814.9 815.1 823.1 830.5 844.2 826.2 807.2 794.5 779.2 747 690.4 660 638.8 616.9 587.6 559.7 536.3 528.1 531.9 542.2 558.8 584.6 607.9 656 680.6 708 735.8 759.6 786.5 794.9 801 790.7 773.9 755.2 743.1 731.4 712.9 685 642.7 611.9 589.4 568.6 544.5 525.9 529.5 532.4 528.9 532.5 537.8 547.7 551.7 578.1 584 593.2 619.4 633.7 650.8 658.8 666.4
870.3 867.5 867.1 872.7 878.8 868.1 813.4 782 763.2 754.3 738.8 723.3 709.2 717.4 716.4 731.3 761.9 814.7 828.3 834.7 837.6 842.3 846 842.1 807.9 783.5 764.5 751 720.1 685.4 662.9 639.3 616.6 590.2 565.9 548.3 540.1 551.4 562.5 578 609.1 646.4 683.4 716.9 733.4 760.9 789.3 814.5 826.3 827.1 818.5 794 769.2 748.3 728.4 707.3 669.9 632.1 607.2 586.2 562.5 539 546.8 547.3 554.5 549.5 553.3 568.8 573 589.3 602 621.4 640.5 674.4 682 692.2 698.4 702
875.9 877.8 880.3 884 888.2 876.2 834.7 798.7 785.7 768.6 746.6 730.9 728.5 726.8 731.8 751.1 775.4 819 845 853.8 863.3 867.1 858.9 835.6 798.6 770.3 751.9 732.3 701.3 673.3 646.8 635.1 609.6 590.3 574.8 563.5 558.9 571.5 585.3 606 637.6 693.4 708.8 743.2 765 784.5 818.7 844.4 859 855.2 839.1 810.2 781.1 746.1 721.3 689.8 656.5 624.8 599 579.7 556.4 550.2 566.5 564.7 567 574.7 582.3 588.7 602.8 615.7 640.9 655.5 695.1 716.2 721.2 732.1 739.2 740.5
883.2 884.4 892.5 897.3 896.1 861.2 815.8 793.3 785.5 764.9 751.5 742.1 736.7 737.2 752.1 772.9 802 835.1 861.4 873.3 885.6 885.2 863.4 828.3 796.3 766.7 744.2 716.4 687.4 660.5 636.5 623.9 607.9 600.7 594.4 595.1 585.7 601.3 607.6 626.3 655 729.6 752.8 757.6 790 809.8 842.5 874.2 884.9 876 846.1 811 769.6 737.6 715.6 686.7 648.2 618.4 594.3 569.5 572.3 572.3 572.1 582.8 587.3 596.5 606.8 622.8 627.6 637.9 662.4 690.4 716.7 747.4 756.7 763.3 771.8 780
894 897.7 902.2 907.2 891.4 843.4 811.6 790.2 775.1 762.7 756.6 752.4 760 756.3 775.3 789.6 827.7 856.5 877.1 893.1 904.4 900.2 864.5 832.4 799.8 767.6 737 708.5 680.7 656.9 642.9 639.3 623.9 622.9 626.9 633.7 637.2 638.2 640.9 649.7 682 750.8 798.4 804.7 813.6 836.3 866.5 891.4 899.4 858.3 827.8 791.9 756.4 726.5 697.4 669.9 640.7 616.4 587.1 590.6 588.4 583.5 592.6 599.7 608.5 626.6 647.3 658.6 659.5 671.7 689.2 705.2 738.2 780.8 796.5 810.2 813.8 817.5
905.3 911.6 913.2 914.3 881.8 843.9 811.7 788.4 774.6 765.1 761.7 764.6 780.5 785.7 797.1 811.2 857.4 876.1 895.3 913.2 926.1 908.3 874 840.6 806.2 770.9 740.4 714.3 684.7 676.1 667.6 660.2 664 659.7 667.7 670.2 667.6 675.4 676.4 677.3 722.5 780.5 819 856.9 840.4 862.6 887.6 908.5 872.6 837.7 805.5 775.1 745.8 717.9 689.5 665 643.4 611.4 605.8 603.2 605.7 605.4 614.8 620.4 639.9 659.7 671.9 696.2 702.9 710.2 713 731.1 763.3 801.9 826.1 847 860.3 858.1
919.3 923.8 926.4 914.9 877.7 847.1 815.4 797.5 780.3 771.4 769.2 777.1 797.5 810.9 813.3 840.1 872.3 894 895.5 919.4 930.6 921.2 886.8 854.1 812.8 772.2 740.5 719.2 709.9 706.3 696.8 701.3 702.7 694.9 698.9 704.9 716.5 720.3 715.5 716.4 761.1 815.1 845 889.1 886.3 891.4 913.5 898.8 856.4 824.3 792 765.9 737.9 710.8 687.6 665.9 638.2 629.2 619.7 617.9 619.9 624.9 635.1 640.5 660.4 674.4 688.3 710 725.5 738.9 748 756.3 784.8 826.6 849.3 863.3 871.4 874
932.2 936.4 940.1 921.8 883.7 855.2 831.6 805.7 789.5 782 786.8 794.5 814.3 829.2 836.1 862 889.4 891.3 851.6 867.6 886.9 861.7 856.7 864.4 821.9 785.3 761.2 746.7 744.1 749.2 737.5 735.9 730.6 724.3 724.8 743.2 774.1 792.8 765.6 769.4 799.5 837.1 882 903.6 928.3 928.9 921.3 883.1 847 814.2 785.7 759.6 733.9 709.3 687.2 672.9 664.2 658.9 640.4 631.7 640.6 650.7 654.8 661.5 672.4 684.9 705.8 738.3 760.6 777 788.4 790.3 813.5 846 854.3 862.2 866.7 869
942.5 948.1 952.6 935 892.1 868.1 851.6 825.3 801.8 794.4 803.5 822.7 834.3 845.8 857.6 881.4 895.3 869.9 828.6 830.1 853.4 813.4 806.6 820.4 837.4 818.8 791.8 782.6 790.6 794.4 783.8 776.4 765.1 761.1 789.5 803.2 833.4 845.7 829.7 829.7 849.2 874.3 911.3 935.2 950.1 943 919.6 884.3 841.4 812 784.9 758.4 736.5 719.2 711 691.9 685.4 679.7 666.9 660.7 664.8 671.2 674.5 688.2 698.6 712.2 732.5 773.4 792.7 809.9 829.2 839.1 841 844.2 847.5 849.9 851.3 852.3
949.9 955.2 964.2 955.4 916.4 895.6 877 844.5 825.2 820.8 834.9 851.8 863.2 872.5 886 873.5 873.2 833.2 793.9 787.4 804 772.5 769.4 773.5 813.9 817.6 856.3 827.8 853.3 846.5 831.6 822.2 822.2 839.3 862.1 855.1 886.1 891.3 893.6 907.9 910.6 910 896.4 907.2 941.3 943.3 920.6 883.7 842.8 817.8 793.3 772.9 753.2 743 724.4 717.2 712.6 707.9 694.3 682 686.7 687.1 692.2 711.1 726.6 746.4 774.4 793.7 837.9 841.1 839.6 835.5 829.1 831.3 832 831.8 831.3 832.2
942.9 950.2 957.5 959 947 936.4 915.8 882 864.9 864.2 871.6 879.2 885 874 850.8 833.3 815.5 796.9 766.1 746 755.4 726.1 713.7 730 764.5 761.2 809.1 859.6 891.9 886.2 868.4 861 893.3 889 872 857.5 884.5 899.2 904.9 894.3 889.2 869.2 859.2 891.7 923.2 906.7 895.4 890.1 863.9 845.7 827.1 806.1 785.7 771 761.7 748.1 735 732.3 723.6 710.7 704 712.5 736.6 741.2 756.1 780.1 808.5 834.5 837 830.9 820.9 812.9 808.5 810 808.4 808.4 809.7 813
