app/static/ascii/NN16.asc
ncols 200
nrows 200
xllcorner 210000
yllcorner 760000
cellsize 50
[rows 0 to 34 of 200, columns 78 to 155 of 200]
36.6 47.2 52.5 64 77 94 107.1 123.9 135.2 160.1 188.5 218 260.7 292.1 324.9 355.3 400.9 434.2 480.9 526.2 563.8 605.6 657.1 705.9 736.8 750.6 790.3 821.6 853.6 880 908.2 940.1 962 957.4 967.7 968.9 948.4 940.9 920.4 906.5 893 904 879.6 836.2 791.4 752.4 717.9 682.8 652.6 631.6 619.3 603.2 600.3 611.7 631.6 670.8 699.7 708 716.7 717.4 703.5 694.5 687.8 682.4 667.8 644.5 629.6 612.1 597.9 584.8 569.8 555.3 548.2 545.4 567 581.7 579.5 564.5
33.9 38.8 49.7 61.3 73.9 84.9 98 111.2 128 151.2 178.8 214.6 245.9 274 312.4 351 394 433.5 482.9 524 567.6 609.2 657.2 693.8 692.4 736.2 765.8 800.1 829.7 862.1 900.7 926.9 927.3 915.7 923.4 925.9 905.6 896.3 879.9 868.2 854.2 875.9 852 819.3 791.2 758 719.4 681.8 646.6 626.3 609.6 595.5 580.2 593 606.5 632.6 662.2 656 668 662.6 653.7 642.6 624.7 631.5 619.5 605.6 595.3 584.7 565.1 553.1 543.6 538 531.8 537.1 545.8 564.2 557.9 586.2
30.1 37.6 51.7 60.1 66.1 76.1 86.7 99.3 117.2 140.2 163.3 192 233.6 275.3 304.3 339.3 381.8 431 476.3 517.4 551.4 593.7 636 636.5 682.3 724.8 760.7 801.2 833.5 865.7 890.1 890.1 890 881.5 883.1 885.6 866.2 867.6 833.7 827.4 820.6 845.9 817.7 785.9 764.8 747.5 724.7 693.8 650.4 619.9 600.3 581.7 565 569.9 580.6 609.3 627.2 617.4 617.4 614.7 602.8 593.3 581.9 577.9 576.3 566.5 556.2 549.7 538.3 532 524.4 521.2 518.3 522.9 524 537.7 583.1 601.9
29.7 31.7 43.5 54.6 59.1 66.9 78.7 95.1 109.8 132.9 158 186.4 219.1 257.5 291.5 326.2 369.5 411.9 453.6 496.8 544.1 583.7 583.8 629.6 674.7 717.5 758.7 801.4 840.4 861.4 871 851.6 850.4 844 844.4 846.5 830.3 828.3 800.3 793.3 793.6 814.7 798.4 759.5 733.7 721.8 710.5 689.9 647 610.3 581.1 557 534.5 538 549.4 572.5 593.9 571.9 572.6 571.3 560.9 548.5 546.2 539 536.9 530.6 524.2 516.3 509.2 508.3 505.6 512 515.5 508.2 519.3 550.2 595.3 626.3
29.4 30.7 40.4 45.5 51.3 60.9 73.5 88.8 102.1 121.5 147.6 176.5 208.8 243.7 278.3 307.2 349.2 391.4 443.2 493.7 532.4 547.3 575.4 630 671.9 719.8 762.6 789.9 821.7 839.5 826.7 805.5 812.6 802.1 813.3 807.6 807.2 794.4 775.8 749.5 757.1 780.8 761.2 748.9 702.5 690 683.5 655 625.6 586.7 546.4 521.4 497.9 499.1 513.5 526.5 533.1 532.8 535.8 533.5 524.7 513.4 509.7 506.7 501.1 489.6 483.4 485.5 484.5 484 492.6 497.1 488.6 486.6 519 560.4 602.8 661
30.8 31.2 32 38.2 45.1 56 65.3 78.2 89.4 108.5 139.2 164 194.8 226.5 256.3 292.4 344.4 384.6 435.4 488.3 512.9 516.6 569 613.6 653.7 711.6 735.4 765.6 794 808 786.7 768.5 783.5 773 779.2 763.9 759.9 763.2 735.4 707.7 733.2 738.7 724.9 699.6 676.4 645.4 621.6 598.2 568.8 539.5 511.1 487.9 469.4 467.8 474.6 482.4 483.5 484.3 494.3 494.3 484.5 480.1 472.2 469.1 461.8 456.8 452.5 460.5 456.1 456 467.2 464.4 460.3 480.4 515.4 558.8 614.8 651.2
31.2 29.9 31.1 33.7 40.1 51.5 58.5 63.9 79.1 97.6 121.9 152.7 181.2 208 241.2 290.9 338.5 380 431.4 466.3 466.2 522.6 559.2 591.9 640.9 674.2 711.7 735.2 760.4 774.1 757.8 734.1 746 726.4 746.9 733.1 707.9 723.4 700.9 673.9 691.7 692.4 682 660.7 647.3 618.8 584.8 545.9 509.3 493.7 473.1 457.9 444.7 437.9 437.8 438.1 441.4 445 450.9 452.2 446.3 444.9 439.8 434.8 429.8 424.7 424 424.2 424.6 423.4 424 422.1 445.9 479.4 515.7 553.2 608 646.2
31.6 30.8 31.5 32 34 37.7 45.3 56.3 71.4 87.9 120 144.2 172.1 200.3 225.4 267.1 320.2 353.6 404.3 422.7 468.4 512.2 541.2 576.4 615.1 654.3 673 705.8 735.1 732.3 728.5 705.9 695.3 689.1 711.6 709.7 676.9 681.4 657.8 625.6 654.8 636.1 621.1 617.3 605.5 576.8 535.1 497.4 470.3 451.1 437.1 427.1 412.4 404.2 404.3 405 409.4 409.1 410 413.5 412.5 410.6 409 398.1 400.6 396.8 400.8 400.9 403.8 397.1 392 399.8 431 459.4 501.5 583.4 627 671.7
31.8 30.5 30 31.3 33.4 35.5 41.3 50.6 62.7 86 118.3 132.9 160.8 194 215.2 256 292.2 327.4 359.1 401.7 455.1 498.6 520.9 563.7 595.8 618.5 646 666.2 700.9 692 698.6 666 654.6 650.4 676.4 676.8 649.5 633 629.3 592.9 602.6 586.7 581.2 578.6 567.8 534.2 494.1 459.5 439.7 422.5 405.7 395.6 386.6 371.4 372.5 371.1 375.9 373.7 373.5 374.3 377.1 379.3 374.2 367 370.5 370.6 374.5 368.8 369.5 362 351 377.4 406.3 444.1 495.7 567.3 622.8 676.1
32.3 32.6 32.6 31.8 31.8 33 35.5 45.2 56.1 77.5 105 124 146.4 172 212.5 239.2 268.6 306.5 340.5 385 446.8 480.6 504 545.1 572.9 590.5 612.3 650.3 663.5 649.4 659.9 636.6 623.4 617.3 629.8 621.7 607.5 578.8 585.3 556.3 553.4 541 528.9 533.3 506.4 486.4 453 429.4 409.5 390.6 375.8 362.8 361.1 346.9 341.2 340.8 343.7 342.1 341.3 342.8 344.8 347.8 345.1 342 344.8 347.2 342.2 335.9 342.2 319.6 324.7 366.6 398.3 438.6 478.7 597.2 636.2 664.8
32.6 32.8 33.3 33.5 32.5 32.6 35.4 45.3 57.4 74.3 97.1 116.5 130.7 161.7 214 248.5 270.3 297.6 325.7 354.4 394.1 431 466.5 500.2 522.7 567.7 581.8 610.7 626.8 611.2 623.8 603.7 595 565.5 577.4 569.9 558.9 533.7 518.5 493.1 504.9 492.7 498.4 489.5 458.3 443.8 423.3 396 380.3 364.3 348.1 334 329.3 319.7 312.1 313.7 314.5 311.8 309.6 313 316.1 319 315.9 316.3 316.6 320.7 310.6 300.9 300.1 279.8 306.9 349.3 381.7 421.1 468.2 579.8 608.8 653.9
33.2 33.6 34 33.7 32.4 34.2 38.7 45 55.4 71.1 87.4 102.3 124.1 154.7 199.4 251.9 268.9 289.1 315.9 340.4 372.2 407.2 444 461.4 481.7 512.1 550.2 567.6 570.2 576.2 581.8 569.8 552 529.1 529.5 518.7 502.7 486.8 475.8 454.1 465.7 453.5 454.6 438.1 414.3 401.3 382.5 364.9 350.1 334.5 319 308.1 300.7 296.5 288.1 284.2 282.5 285 283.7 282.9 289.8 289.5 287.6 294 289.2 293.5 278.9 268 255.4 260.5 296.1 336.1 367.6 404.7 446.2 498.5 552.2 590.9
34 34.4 34.3 34 33.7 35 36.9 43.8 53 65.2 79.4 93.4 117.9 158.5 181 217.6 245.3 275.3 302.9 325.8 364.1 389.9 414.4 435.7 462.5 489.1 506.7 528 531.1 543.4 542.8 531.1 513 500.8 487.5 478.8 466.6 453.7 445.3 430.4 429 421.4 413.6 392.8 381.9 369.1 348.8 331.8 321 307.7 290.7 281.1 273.3 271.2 259.7 258.5 256.6 259 260.6 260.1 260.8 265.9 263.7 265.8 255.5 253.8 246.4 231.1 218 251.6 291.5 320.4 357.5 396.8 442.8 494.7 549.7 579.2
34.9 35.3 35 34.7 33.4 35.6 36.9 41.3 52.9 63.7 74 90.4 116.6 163 175 201.7 229.5 262.1 290.6 314.3 344.3 372.2 391.1 414.7 438.5 464.3 487.6 495.2 499.3 501.9 502.8 496.6 474.8 465.2 453.8 447.6 430.3 418.6 409.2 401.6 384.7 388.8 378.4 364 351.8 336.6 319.2 306.5 291.5 278.6 267 257.1 250.1 247.7 234.2 234.4 233.5 234.6 229.9 229.7 233.8 236.2 239.1 234.5 225.4 216.5 206 199.9 206.3 244.3 277.1 310.6 347.7 385.7 439 493.6 548.5 582.7
35.1 35.5 35.3 34.9 32.8 35.1 37.2 41.3 52.1 62.1 75.7 93.5 119.6 146.8 170.7 193.4 230.5 259.5 282.6 299.7 323.6 350.8 373.3 393.5 414 432.1 450.3 461.8 463.9 466.3 466.3 461.5 448 431.5 419.2 408.4 395.6 386.2 381.5 376.2 354.3 354.6 346.6 334 321.8 306.6 294.1 278.8 262.5 249.3 241.5 233.8 225.3 223.5 212.7 209.7 206.1 203.5 199.4 202.2 208 206.8 205.7 201.3 189.1 183 171.1 167.9 187.1 228.5 260.4 292.6 328.9 378.1 427.5 486 547.7 574.1
35.6 35.7 35.8 35 35.3 36.5 39.4 41.5 55.2 66.1 79.2 96.1 117.8 133.7 161.1 187.4 207.7 240 269.8 290.7 310.4 331.9 355.7 385.6 409.1 420 424.5 433.1 437.8 436.2 432.2 421.8 422.3 420.7 398.8 389 374.8 365.2 352.3 341.2 325.7 319.8 309.9 303.1 292.2 283.7 268.5 253.6 235.4 221.2 215.3 207.4 202.4 195.7 190 187.4 180.2 177.5 177.1 177.2 180.5 174.5 171.4 169.5 160.1 155.4 146.5 152.9 170.3 214.2 245.9 277.6 310 359.4 407 468.3 531.4 563.1
36.6 36.2 36.3 34.9 36.2 42.9 47.2 47.4 50.5 66.1 77.2 94.6 114.3 127.9 156.9 189.6 216.9 243.2 269.7 286 304.7 332.9 368.8 402.3 420.8 433.5 441.8 437.9 438.2 424 420.8 408.4 397.5 390 374.6 367 340.6 339 330.5 314.9 289 282 276.6 274.6 265.1 259.8 250 232.3 207.3 194.5 186.1 181.9 175.5 173.2 162 158.1 156.2 158.2 159.7 155.3 154 152.6 150.8 147.2 142 135.6 139.7 155.3 153.2 201.4 233 258.2 291.3 344.2 386.9 450 507.9 546.1
37.3 35.4 34.8 40.4 48.3 54.5 58.6 60.4 60.5 65.2 77.6 90.4 107.9 124.1 157.9 184.8 205.9 242.2 265.4 282.2 309.2 340.5 368.4 396.8 419.7 435.3 430.1 428.3 420.8 411.8 403 391.4 370.9 359.5 341.1 328.3 317.3 312.6 303.3 296.3 268.7 263.6 248.2 247.4 238.5 238.6 230.6 208.2 184.4 171.9 164.7 154.5 144.5 136.6 137.7 141.3 144.5 141.2 137 140.6 141.4 144.8 142.2 136.3 130.7 136.5 152.2 177.6 173.8 179.9 216.5 242.6 277.9 313 355.4 400.5 431.9 479.5
35.8 35.4 37.8 54.9 68.7 72.9 74.8 80.2 80.4 78.8 86.2 97.8 109.9 125.6 148.8 178.8 201 230.6 252.1 295.5 328 352.2 369.6 390.7 409.7 428.3 429.5 424.2 434.4 423.7 404.9 383.2 364.4 344.6 327.5 311 299.4 296.8 275.2 260.3 262.4 244.4 235.2 225.8 226.7 231.2 215.6 189.8 168.2 155.8 144 132.1 126.3 122.8 127.1 128.8 135.7 132.4 132.9 133.6 132.8 129.1 126.4 129.3 134.7 149.5 165.8 186 183.9 169.6 214.7 265.2 284.3 314.6 365.4 410.4 447.1 473.9
37.3 38.7 44.6 64.3 77.5 86.8 91.6 105.5 103.5 102.1 102.7 113.9 123.4 143.8 161.6 187 210.3 231.3 260.2 303.6 343.1 369 382.4 387.9 410 424.3 420.3 419.8 408.6 405.5 378.8 362.5 343.4 324.5 305.3 292.9 279.6 258.9 251 252.4 242.2 223.2 222.4 216.4 223.6 213.7 198.5 181.5 159.9 143.6 127.6 118.4 115.2 117.5 119.6 119.7 121.5 121.7 116.9 120.1 127.2 129 138 149.3 169.6 170 184.6 195.7 203.3 192.4 213.5 261.7 285.6 303.9 368.4 399.2 413.7 428.5
38.9 42.5 51.1 69.5 84.1 94.9 118.7 128.6 133.6 124.1 123.3 140.4 161 178.4 189 209.1 232.1 254.7 276.2 304.5 334.4 372.9 389.3 397.2 412.9 405.4 402 397.1 374.8 369.7 355.6 332 317 299 281.4 261.4 230.8 228.8 231.7 234.2 209.6 202.7 204.3 210.6 192.7 186.6 174.9 160.5 146.2 128 110 109.8 112.1 113.4 115.3 118.4 119.8 121.3 124.5 127.8 133.5 140.3 161.5 183.3 207.5 204.9 210.8 211.7 241.1 233.7 192.4 245.8 277.8 291.9 307.9 335.8 376.2 437.4
39.9 41.2 51 65.4 91.9 112.9 122.9 133.6 143.7 165.8 176.8 173.4 192.8 197.7 211 235.2 261.5 283.3 298.1 319.6 347 360.9 379.3 378.7 367.1 365.9 366.4 362.6 328.5 325.2 307.3 293.3 285 271.7 244.7 221.6 210.5 218.2 206.9 204.8 188.4 185.8 191 179.3 165.4 161.3 148 135.4 129.9 110.9 109.5 110.7 113.9 114 116.3 118.5 120.9 123.2 131.9 139.1 148.1 164.1 185.2 208.4 230.4 236.6 245.9 243.7 269.1 253.1 207.3 213.4 252.8 258.4 286.3 324.4 364.1 425.4
38.7 44.5 50.6 63.8 88.8 106.2 120.4 138.8 160.3 177.8 193.8 189.1 192.5 220.3 238 252.9 278.9 297.2 311 318 334.1 316.9 319.6 318.7 317.3 326.6 344.4 310.7 289.6 279.4 260.1 264.8 256.1 236.8 214.3 197.9 201.1 194.1 195.9 183.6 172.8 174.7 170.3 166 164.7 158.8 136.2 122.6 116.9 106.2 108.4 110.5 113.6 114.4 117.2 119.6 127.4 136.9 153.9 169.4 196.6 211.2 215.8 235.2 252.2 266.5 272.7 268 272.2 270.2 259 212.3 223.3 236.8 280.8 346.4 357.3 377.2
36.6 49.8 52.3 56 76.7 94.3 113.3 132 151 164.3 180.7 188.6 200.6 227.6 241.3 259.1 276.2 293.1 291.6 287.2 277.7 262.9 268.9 296.1 278.5 290.4 287.2 262.3 255 238.2 241.7 237.3 221.6 200 179.2 184.2 186.2 188.1 182 174.2 165.1 169.3 183.9 176.8 164 138 124.2 110 106.7 105.1 108 110.9 114 117.3 118.8 125.2 134.6 163.4 178.5 215.7 237.3 233.3 245 254.1 262 294.2 306.4 285.9 276.3 273.4 257.2 217.2 211.2 217.6 276.2 328.8 324.2 324.7
37.8 42.9 51.1 53.2 67.6 90.7 102.9 113.9 131.6 138.6 154.1 162.2 179 205.9 242 236.6 237.8 238.4 234.9 235.8 248.5 223.3 236.1 240.3 250.8 240.6 229.6 231.8 204.5 199.2 205.3 196.7 183.3 167.3 176.2 192 191.1 194.8 197.3 175.1 163.1 171.8 172.2 154 135.5 119.6 108 105.7 103 105.8 110.6 120.4 123 125.3 122.4 133.4 151.7 169.6 210.2 236.9 255.3 266.5 287.3 283.9 335.5 338.3 310.9 298 302.5 268.5 243.4 220.8 211.6 212.9 238.6 274.7 286.8 302.8
41.2 41.3 44.2 47.1 56.4 76.7 87.6 98 100.7 109.6 125 143.2 159.2 177.3 194.5 197.7 191.9 200.4 209.3 223.5 196.4 184 188.5 206.7 216.1 202.1 191.1 189.6 177.7 177.6 182.7 176.2 154.5 151.6 165.2 183.9 208.2 204.5 183.7 158.4 156.4 154.6 136.9 126.9 116 106.5 102.2 102.2 110.5 116.1 132.8 141.8 137.7 131 138.2 157.5 193.9 205 225.9 252 262.1 294.6 323.4 331 360.8 343.6 320.6 317 288 261 257.8 243.8 214.1 213.4 215.5 235.9 263.2 277
39.5 39.3 41.3 46.9 48.5 59.4 65.5 74 79.6 88.3 95.1 109 133.2 139.9 142.3 159.1 158.2 172.9 173.3 170.4 150 150.2 156 170.2 165 159.6 166.9 153.2 153.9 155.9 150.6 134.5 137.9 137.6 149.5 167.7 198.5 183 167.7 145.8 146.4 133.1 119.3 112.7 107.4 100.2 105.3 114.3 127.9 154.8 161.1 157.4 144.2 154.5 175.2 199.7 223 226.7 244.3 265.9 279.5 307.2 341.7 365.8 370.9 352.6 329.9 305.7 287.5 268.7 269.6 259.4 230.2 212.1 213.6 218.3 236.8 258.2
40.5 39.2 39.3 39.9 40.5 44.8 53.2 60.5 67.2 69.7 76.7 84.8 94.3 106 107.8 112.6 122.1 126.5 125.5 117.2 114.5 119.1 120.2 115 139.1 117.5 114.7 140.6 137.6 111.5 112.3 112.2 123.1 127.3 137.9 171.6 176.9 168 143.1 147.4 134.9 117.5 109.2 106.4 104.2 110.3 124.6 156.2 176.3 179.8 170.5 161.5 165.3 193.6 227.9 249.6 250.6 263.3 295.6 313.7 323.4 343.2 354.3 369.8 368.4 348 330.3 318.2 297.2 303 298.4 292.2 248 219.2 212.6 214.5 216.7 230.2
46.1 42.7 44.4 42.4 42.7 42.6 43.8 41.6 46.2 53.9 63.1 66.5 72.1 80.9 83.1 87.8 95.3 99.1 95.2 93.7 92.2 92.3 90.7 88.7 91.8 91 94.9 93.3 90.5 91.5 91.6 98.2 106.3 115.9 146.9 161.5 158.2 140.5 126.6 142.5 128.6 102.7 103.4 109.4 117.5 131.2 155.2 172.4 186.7 180 174 174.6 193.8 221 258.7 292.9 320.4 334.7 342.9 355.8 370.1 383 389.9 382.4 376.1 360.4 347.9 330.8 315.7 325.9 327.2 305.4 285.8 240.7 213.1 212.4 214.7 216.8
53 47.9 44.7 43.7 43.9 45.4 45.9 45.3 44 45.5 43.1 57.4 60.2 64.9 67.6 69.6 73 72.3 80.9 81 77.8 79.4 78.1 74.9 72.9 70.3 70.9 71.5 72.5 72.3 79.3 86.3 97.2 109.9 125.2 137.9 119.4 110.1 127.8 127.1 101.7 93.6 104.7 114.9 125.9 145.5 182.7 184.5 183.5 188.8 195.1 203.4 238.1 266.9 302.5 330.4 345.1 353.9 367.4 391.2 401.1 404.7 397.7 395.9 392.1 374.7 359.5 344.7 356.1 353.7 346.1 323.5 294.3 264 243.7 216.5 212.1 215.7
62.8 57.4 51 48.9 47.4 48.1 48.2 47.6 46.5 49.4 51.3 51.6 57.3 55.8 58.9 60.3 61.2 61.2 65.2 62.1 65.1 64.9 65.7 64.7 61.9 60.6 60.8 63.8 67 68.6 73.2 82.7 102 119.5 103.7 102.8 100.6 104.9 105 94.8 93.6 95.6 108.8 123.7 135.3 159.3 193.3 195.9 204.3 219.1 234.9 255.3 283.5 296 333.2 352.7 363.9 379.5 395.6 413.6 416.9 418.7 422.1 419.2 408.7 390.6 378.2 381.1 388.1 377.7 351.7 316.8 289.2 266.2 250.1 230.6 218.9 214.5
71.2 68.2 61.9 56.6 51.5 51.2 50.7 50.3 49.9 53.1 54.9 47.1 49.6 52.8 55.1 55.3 53.3 57.5 57.6 58.6 59.5 61 59 58.8 60.7 61.7 60.9 60.4 62.9 67.5 72.7 84.5 100 99.2 96 94.7 92.5 93.5 90.4 86.3 92.8 102.1 116.6 135.5 151.6 174.6 214.3 233.8 253.8 273.3 284.7 302 320.6 332.7 346.8 375.1 384.4 388.9 404.7 406.2 411.4 421.4 411.9 405.8 402.3 395.8 402.2 404 397.5 369.2 335.6 309.8 284.5 261.4 244.3 233 224.7 216.8
81.5 74.6 72.2 66 58.5 55.7 54.1 53.8 52.9 53.5 55.3 55.9 53.2 57.3 56.7 57.5 57.8 56.4 56.4 55.7 57.2 57.5 58.7 59.3 60.2 61.5 63.6 65.1 61.8 70.8 76 82.6 82.9 84.7 87.6 89.4 88.5 82.1 89.3 92.3 99.8 112.9 131.7 154.8 165.2 183 218.4 246.6 263.5 275.4 291.6 305.1 319.7 328.1 352.5 360.1 367.9 368.8 379.8 379.7 383.6 387.4 387.8 407.5 410.6 422.3 434.1 446.9 444 410.2 363 320.4 297.1 271.3 246.1 235.1 227.1 219.5
89.5 81.1 80.6 70.8 62.7 61.2 59.7 55.9 57.7 58.9 58.2 58.8 58.1 55.9 60.8 61.1 60.9 62.6 64.5 67.1 69.1 68.4 66.9 68.2 69.3 68 69 68.6 70.4 67.9 71.1 72.2 76.8 79.2 83.2 84.7 84.5 92.1 95.9 103.2 112.1 126.8 145.4 169.2 185.8 202.2 223.4 244.1 264.4 298.6 321.8 333.4 351.5 372.6 383.6 382.5 393.3 388.5 388.4 392.8 398.8 397.7 416.7 431.4 435.7 455.2 460.5 461 460.3 441.2 397.3 342.1 324.2 289.8 263 246.8 234.4 232.7
94.6 89.7 85.7 79.2 71.7 70.5 62.6 60.5 62.5 61.7 62.5 62.9 60.9 58.8 63.3 65.8 65.3 66.7 70.6 76.6 80.5 83.7 84.2 86.8 88 89.6 87.7 87 86.4 86.6 88 89.6 80.4 73.6 73 79.9 94.1 105.3 107.9 116.7 130.7 148.1 169.4 193.2 216.1 232.3 266.2 290.4 316.3 326.7 338.3 352.6 371.8 379.6 376.2 393 391.1 400.1 404.2 409.4 414.1 427.6 439.6 435.2 456.2 465.3 471.7 477.2 464 439.9 398.6 359.8 346.2 310.1 275.7 261 249.8 253.3
