app/static/ascii/NN19.asc
ncols 200
nrows 200
xllcorner 210000
yllcorner 790000
cellsize 50
[rows 0 to 34 of 200, columns 0 to 77 of 200]
177.4 184.1 189.5 194.8 200.1 204 211.1 209.9 214.2 216.2 211.5 210.5 210.7 209 208.9 208.9 208.9 209.3 209.5 210.5 209.6 208.9 210.3 213.3 218.8 218.4 221 221.1 213.5 207.3 206.2 209.3 213.5 217.9 221.8 227.6 231.2 231.2 228.9 225.2 223.1 220.6 215.2 211.4 208.1 204.2 196 192.5 189.6 181.8 173 164.9 158.8 153.6 149.1 148.9 145.5 142.9 143.4 146.2 148.8 151.8 152.8 154.5 158.3 161.7 165 168.9 173.8 177 176.5 167 157.5 149.4 142.5 131.8 129 132.1
188.1 197.6 203.7 209.5 208.6 212.1 219.5 221 221.7 221 211.8 209.4 209.8 209 208.9 208.9 209 208.6 208.7 210.2 209.5 208.4 205.6 209.7 207.2 208 210.2 209.7 202.1 199.2 199.8 206.4 210.4 214 217.9 220 221.5 223.2 222.8 220.1 220.3 215.5 207.4 204.1 199.6 196.8 190.1 186.6 181.8 176.3 166.5 158.1 153.8 149.3 150.4 150.1 149.6 150.5 151.4 157 161.7 164.3 164.8 164.6 169.6 174.6 179.7 184 187.1 189.3 189.9 185.1 177.8 174.8 163.6 153.9 141.4 140.8
202 207.1 210.3 211.2 217.3 216.8 218.9 220.2 219.8 215.7 209.7 207.4 206 209 208.9 208.9 208.7 208.1 207.6 208.9 209.8 205.6 200.4 200.5 199 199.2 200.5 200.2 197.1 196.3 196.7 199.3 203.1 207.2 211.3 213.3 214.9 216.8 215.5 214.9 212.8 208.2 201.4 196.2 191.4 187.7 181.5 177.6 175.2 169.3 158.1 150.5 149.3 150.6 152.4 152.7 153.1 150.9 160.2 167.2 173 175.5 176.6 176.8 178.7 184.1 190.6 195.4 199.2 198.4 197.4 194.9 188.8 188.7 181.2 168.6 152.9 151.9
215.4 211.3 211.3 215.3 221.1 219.3 212.8 210.3 211.1 210 206.6 203.9 202.3 206.4 208.9 209.7 208.2 207.7 206.8 207.7 205.9 205.3 199.1 196.9 194.9 194.5 194.3 195.3 192.8 193 192.1 192 193.9 198.9 203.3 206 210.4 210.9 209 209.3 207.9 203.9 197.4 190.2 185.6 180.3 175.2 169.4 166.1 161 151.5 149.3 155.3 159.7 158.6 156.1 155.3 161.2 168.6 175 182.3 184.7 185.3 186.5 189.9 190.2 193.2 198.5 204.4 210.5 208.5 206.7 208 201.8 197.4 183.7 171 160.2
217.4 211.6 212.4 215.3 217.2 214.8 211.7 206.8 203.3 203.6 201.6 200.2 199.9 202.9 210.8 212.4 211.2 209 207.4 206.1 204.7 201.9 198.2 194.5 191.5 189.9 188.1 187.7 189.3 189.6 188.9 187 186.9 189.9 193 196.7 200.3 201.3 201.1 202.1 199.9 196.8 195.6 190.3 183.6 176.7 169.8 164.8 160.4 155.1 145.8 150.7 157.4 159.5 160.5 158.5 157.3 162.1 168.6 177.6 183.1 186 186.9 189.4 192.1 192.2 193 193.9 194.8 196.1 198.1 198 197 192.9 184.6 176.9 174 172.3
219.4 214.8 214 216.3 217.5 216.8 214.3 208 203.8 202.2 202.3 200.9 200.7 204.7 211.5 213.4 215.4 215.1 212.9 211 207.8 203.7 199 192.4 190.2 188.3 187.2 186.9 186.8 186.9 186.9 186.9 186.9 186.9 186.9 191.2 191.5 192.9 193.9 194 192.3 190.9 189.6 189.8 183 175.9 169.2 162.4 157.5 152.3 146.6 153.6 160.2 162.4 162.4 162.1 162.4 164.7 171.3 178.6 183 184.5 185.6 187.7 190.8 191.5 191.4 190.8 190.2 190.3 190.4 188.8 186.3 183.4 177 177.7 177.7 179.1
221.1 217.7 216.2 217 219.6 222.7 221.6 213.4 206.2 202.9 202 201.2 202.5 206.6 210.1 211.9 214.8 215.4 212.4 210.3 207.2 203.1 196.7 191.6 189.1 187.2 187 186.9 186.9 186.9 186.9 186.8 186.9 187 190 190.2 188.4 189.3 188.9 187.9 186 184 182.7 181.7 180.7 173.6 164.5 158.6 154.5 150.5 148.3 152.7 156.9 160.5 163.3 165.3 167 168.6 171.8 178.5 182.8 182.7 182.7 182 183.9 184.7 184.9 185.1 183.8 182.8 182.2 181.2 180 176.8 174.9 178 177.6 174.5
225.7 220.6 216.5 217.3 220.2 225.2 224.7 214.5 208.2 205.8 202.4 200.8 202.1 204.6 206.6 208 210.4 209.7 206.3 204.7 202.4 200.1 195.2 191.6 189.1 186.9 186.9 186.9 186.9 186.9 186.9 186.9 186.9 186.9 189.8 187.6 185.7 184.2 183.4 182.6 180.4 178.6 175.7 171.8 170.5 167 160.3 154.8 151.2 148.5 150.1 152.2 154.1 157.3 161.3 164.7 167 170.1 173.6 176.6 180.2 183.1 182.2 181.8 181.7 181 180.8 180.7 181.6 182.1 183 182 182 180.4 174.7 171.3 170.1 166.4
228.8 223 218.1 217.2 216.5 217.8 217.8 213.5 211.5 209.3 205.1 201.4 201.1 203 203.4 204.7 206.4 207.5 206.7 204.2 200.8 196.3 195 191.6 189.3 187.1 187 186.9 186.9 186.8 191.3 187.7 189.1 187 188 186.5 185.9 181.4 178 177.4 174.9 173.3 170.9 165.1 162.1 159.5 155.6 152 149.2 149.6 151.9 154 156.1 157.4 160.2 163.3 167.1 170.2 173.3 175.3 176.2 179.1 180.4 182.1 182.5 180.9 180.8 180.3 180.5 182 182.9 183.3 184.2 183.1 179.8 175.4 170.4 166.9
231.3 225.7 219.8 218.1 216.5 216.5 217.1 216.1 214.4 210.6 205.9 202.5 203.6 203.9 204.9 203.9 205.1 209.3 207.1 205 202.3 197.9 194.6 192 189.9 187.6 186.9 186.8 188.5 191.5 189.9 188.6 190.5 189.9 191.7 187 186 182.6 177.8 173.1 170 169.6 166.9 160 157 154.5 152.7 152.1 152.9 153.4 153.9 155.4 157.4 160.4 162.5 165 167.5 171.1 174.9 178.1 177.7 177.7 177.6 180.8 181.3 181 181.3 181.5 183.4 183.8 184.5 185.6 186.6 186.3 184.9 180.8 174.9 170.6
232.9 228 224.2 222.6 220.6 218.8 220.4 218.9 215.2 209.9 211.4 210.5 206.4 206.4 206.8 204.6 205.4 208.7 208.3 206.1 203.6 199.4 196 193.7 191.7 189.8 189.2 187.8 187 190.8 189.1 188.7 193.1 191.3 193.6 191.6 188.8 184.6 180.1 174.9 169.5 165.8 161.5 159.3 157.6 155.3 153.8 154.7 155.2 155.8 156.6 158.1 160.2 163 162.8 167 170.9 174.3 178.1 183.8 185.2 184.5 183.9 182.3 182.3 182.1 182.6 184.4 185.8 188.2 188 188.3 189.4 189.9 188.7 182.7 180.4 176.6
234.1 229.7 226.7 226.3 225.2 223.8 219.3 216.5 214.9 216.5 218.2 218.2 212.5 210 211.2 209.4 208.6 208.5 209 207.2 204.9 201.1 197.6 195.3 195.4 195.3 194.2 191.9 189.7 190.4 190.9 191 193.5 191.2 196.7 195.3 192.3 188.9 183.9 179.7 175.1 169.6 163.7 160.8 158.5 155.7 156.6 157.9 158.7 159.2 161.4 163.6 165.5 167.1 169.1 171.1 174.5 177.6 181.7 188.4 188.6 187.5 184.8 185.6 185 185 185 187.2 192.2 194.6 195.5 197.9 197 193.8 191.6 188.6 187.3 184.2
231.1 227.7 226.5 225.9 224.3 219.2 217.2 218.2 220 221.9 222.7 223.1 219 215 214.7 212.4 215.6 212.3 212.4 209.4 206.4 204 201.2 202.6 202.1 201.5 199.5 197.7 194.9 193.7 193.8 195.1 195.1 198 201.3 200.6 197.8 194.4 189.8 185.6 181.1 174.9 170 163.7 158.8 157.9 159.6 160.8 162 163.2 166.6 170.1 173.5 175.5 177.5 179 179.1 181.4 183.6 189.1 188 186.4 189.5 195.4 197 195.3 193.3 194.3 200.6 203.8 206.8 207.1 204.8 203.3 200.1 197.4 195.2 193
225 223 221 221.1 219.7 221.1 223.2 224 222.8 222.8 222.9 223.4 223.7 216.4 212.6 212.2 213.9 216.1 215.8 213.9 212.3 210 209.3 209.5 207.6 203.6 199.6 196.6 197.5 200.5 202.1 201.5 202.7 206.5 208.7 207.3 204.1 200.5 196.3 191.2 186.3 180 173.2 167 161.7 161 162.3 163.9 166.1 170.7 173.7 178.1 182.1 184 185.1 184.8 184.4 185.6 187.8 191.1 192.3 195.3 204.4 210.4 205.9 201.8 197.5 201.4 210.5 215.7 216.2 214.6 214.2 212 210.6 207.2 205.1 202.7
220.5 220 220.2 220.3 221.3 224.6 228.8 226.7 225.3 222.9 220.3 220 218.6 217.5 217.3 219.9 221.1 221.9 223.3 222.2 217.5 217.4 217.6 213.3 208.9 204.4 199.8 198.1 204.4 212.1 210.6 210.8 213 218.4 220.2 215.8 210.5 207 203.5 197.6 190.3 184.1 176.7 169.5 165.1 165.5 166.7 168.3 174 178.3 181.8 186.7 191 191 190.6 190.2 189.9 191 193.7 198.2 202.9 212.6 214.1 212.1 208.8 205.6 204.9 212.2 216.5 222.8 221.7 221.6 221.4 219 217.9 216.4 214.4 209.7
220.5 221.5 223.6 225.1 227 227.9 229.5 229 226.6 223.6 222 224 225.3 224.8 226.4 228.2 226.2 227 230.6 228.2 223.8 218.2 219.8 217.4 209.5 205.1 202 205.3 211.6 216.6 219 221.3 224.4 229.1 227.2 222.3 215.5 212.9 208.7 202.8 194.5 186.9 178.8 174.1 168.5 170.7 172.9 177.9 182.4 185.8 189.3 192.9 196.3 197 196.3 196.2 196.1 197.9 201.1 204.5 213.3 219.6 215.5 212.5 210.1 208.7 213.5 217.5 222.9 225.5 225.9 224.8 223.8 223.7 223.6 219.4 215.8 211.4
221.7 225.2 228 231.4 237.2 235.9 233.4 232.8 229.9 228.1 228.2 232 232.3 232 235.4 233.7 232 233.6 235.6 233 226.6 221.4 220.1 216.7 212.7 210.5 210.9 213.7 219 224.1 229.2 233 237.3 239.6 237 234 226.7 219.8 214.4 204.9 196.2 188.6 180 173.7 174.4 178.4 183.3 186.3 190.1 193.3 196.5 199.2 202.3 202.6 202 201.8 201.8 205.6 209.7 212.2 219 218 215.9 214.8 213.6 214.6 220.1 223.1 227.5 229.4 230.4 229.1 228.1 225.4 222.9 220.4 217.4 215.7
231.8 232.5 235.2 237.4 240.6 236.9 234.8 236.8 233.3 230.3 234.4 234.6 235.9 237.9 241.1 238.9 238.6 240.9 238.5 233.7 227.7 225.9 223.7 220.4 219 219.9 220.7 221.7 227.3 233.4 238.8 243.3 244.5 244.8 243.7 242.1 236 227 215.4 203.6 195.3 187.3 180 176 184.2 188.5 192.8 196.2 197.4 200.6 203.9 209.3 209.4 208.4 207.6 207.4 210.6 217.9 220.5 221.8 222.6 222.1 222.1 221.5 219.6 221.6 225.1 228.2 231.4 233.8 234.5 233.6 232.5 228.5 224.8 222.5 222.8 222.3
242.4 245.4 244 243.2 241 238 240.4 238.6 234.5 236.5 238.8 239.5 241.2 244.4 247.8 248.5 249.7 246.8 242.7 240.1 233.4 229.7 227.3 227.8 230.1 231.1 231.2 232.8 236.9 243 247.1 249.9 250.2 248.4 245.7 243.6 237.9 229 213.6 201 191.6 181.9 183.1 189.3 193.1 197.2 201.7 205.8 206.1 208.5 212 215.7 215.9 214 211.7 215 220.4 229.1 230.8 231.3 232.4 230.5 230.1 228.6 228.8 229.3 229.9 233.1 236.4 238.3 239.3 238 235.4 232.2 230.1 227.5 226.9 224.1
244.1 255.5 251.1 244.6 239.2 239.7 239.3 240.6 240.6 243.9 244.2 245.3 248.5 251 254.9 257.1 256.2 250.9 245.8 239.5 238.3 235 233.2 236.6 239.3 241.3 241.2 243 247.9 251 254.8 259.1 259.5 252.5 247.7 239.2 234.8 222.9 209.5 198.9 187.9 191.8 196.2 203 204.1 206.6 211.1 215.4 216.9 218.2 220.2 220.7 218.2 217.8 219.3 227.7 233.5 238.5 239.4 241 244 242.7 240.1 240.1 237.9 237.6 236.4 239 241.7 244.2 244.8 243.5 240.9 238.3 236 233.3 230.8 227.1
242.5 240.3 239.8 239.7 237.9 241.8 242.9 244 249 252.4 251.6 254.4 256.1 258.4 260.4 260.9 259.1 253.8 249.9 248.4 243.8 239.6 239.8 242.9 246.4 249.4 250.2 252.8 254.8 259 262.1 266.3 264.1 253.7 244.7 235.4 230.8 220.8 209.2 198.3 197.8 203.6 210.6 212.3 214.4 212.3 221.6 226 229.6 228.8 225.4 223 223.4 226.6 235.1 241 249.7 253.8 254.5 254.2 254.4 255.2 254.8 252.3 249.6 244.8 243.5 244.6 248.8 250.9 250.6 248.7 246.6 244.9 242.5 239 235.6 231.3
240.8 238.2 238.6 241 243.9 246.7 247.9 250.9 257.5 261 263.2 262.6 262.4 263.4 265.8 270.1 264.5 260.6 254.7 248.9 245.7 244 246.8 249.7 252.7 256.2 260.9 262.2 261.2 264.4 267.8 267.9 262.5 248.5 237.9 229 220.8 212.7 205.2 196.9 204.7 210.4 217.4 222.6 229 228.7 227.4 234.1 230.7 232 225.7 228.2 232.4 240.6 249.6 258.1 267.6 272.7 275.4 270.4 270.5 269.7 268.7 261.9 258.5 251.7 250 252.4 255 257.1 255.3 255.3 255.1 253 249.4 245.9 241.3 235.8
241.1 240.7 242.7 246 250.8 253.6 256 257.4 257.6 262.4 267.3 270.5 273.2 274.8 274.7 274.2 266.9 265.3 255.2 250.1 249.6 250.7 253.7 256.6 259.4 263.2 269 268.8 268.7 268.6 272.3 270.8 258.1 244.8 231.6 224.3 216.9 209.6 204.2 209.2 215.9 220 223.4 230.5 238.3 241.2 233.6 233.9 229 227.4 229.1 235.1 245.4 253.7 263.3 273.4 284.3 289.5 285.7 285.6 281 277.5 274.4 265.7 259.1 258.4 262 262.1 262.4 263.9 264 264.1 263.8 262.9 257.2 252.2 246.6 242.4
245.1 245.7 249.2 251.3 256.8 262.2 265.4 266.2 267.2 265.2 266.8 273.4 279.1 281.9 280.2 271.3 263.4 259.2 255 253.1 256.3 257 260 263 265.9 269.1 274.8 275.2 274.6 273.7 273.8 264.8 253.2 238.1 226.8 219.1 211.9 206.1 213.6 222.9 223.9 227.6 233.8 238 236.4 235 232.2 232.4 231.8 232.5 237.3 244.1 255.5 267.1 278 288.4 297.9 294.6 289.8 284.8 278.1 272.6 269 268.4 268.7 271.2 272.2 273.4 274.1 275.1 274.3 273.5 273.7 271.1 264.6 257.2 252.1 248
248.4 251.9 255.7 257 264.4 269.2 273.4 275 275.3 274 271.9 269.2 269.7 270.8 269.6 268.9 263.2 259.6 258.9 258.3 260.8 261.6 264.6 267.3 269 272 278.5 277.7 275.6 271.8 265.1 258.1 246.6 229.9 221.2 213.2 211.8 213.5 220.1 229.4 225.9 229.1 236.4 242.6 235.7 234.7 233.5 233.8 236 242.9 248.4 256.7 265.1 275.2 288.9 296.4 294.1 288.7 286.5 282.7 279 277.4 276.1 277.5 280.2 281.8 283.7 286 287.1 288.3 288 286.3 281.7 276.7 269.5 263 257.9 252.2
255.6 258.6 262 265.1 271.4 275.2 278.6 278.6 278.1 275.8 273.7 270.4 267.1 265.8 265.7 265 261.9 263.3 264.5 263.5 263.9 265.5 268.3 270.1 270.4 273.6 277.2 276.1 271.1 264.3 251.4 242.8 232.2 221.7 216.3 212 217.3 220 224.4 229.9 231.4 230.6 235 235.6 234.8 235.3 239.8 243.1 245.5 253.9 262.1 267.4 274.9 284.1 287.7 292.3 292.7 294 291.3 288.2 286.3 285.6 286.7 289.7 292.3 294.8 296.4 298.4 300.6 303.1 301.5 299.8 292.1 283.9 281.5 272.9 262.7 254.4
261 264.7 268.7 272.7 277.2 280.1 281.4 280.3 279.9 277.6 275.3 271.9 268.5 264.9 265.4 264.9 265.7 267.1 269.7 269.9 269.8 270.9 271.9 271.2 271.7 274.1 277.1 267.6 261 252.2 241 233.4 224.8 217.6 213.8 216.7 219.5 222.7 232.4 235.8 233.2 232.9 232.3 232.8 235 246.3 247.3 253.1 253.9 262.3 269.8 277.3 285.5 289.4 291.2 292.8 294.1 295.8 296 294.9 296.9 297.3 300.7 305 307.6 310.3 311.7 312.3 314.2 314.8 314 308.9 299.8 291 287.4 274.2 267.3 256
269.7 271 275 278.2 283.5 285.3 285.6 283.2 282.1 280.5 277.2 274 271 266.8 265.7 269.4 269.7 270.1 273.8 278.4 277.6 275.4 274.9 271.9 270.2 273.6 269.4 259.4 250.2 240.2 232.5 229.9 221.8 215.8 215.2 217.9 221.8 226.3 234.7 237.5 234.2 233.6 234.1 236.5 244.1 254.8 256.4 259.9 261.6 268.9 277.8 285.1 292.8 296.8 298.7 300.2 301.6 302.6 304.5 305.8 308.2 311.3 316.9 321.5 324.3 326.3 327.4 327.1 328.4 324.9 321.8 313.2 304.4 295.4 283.5 274.5 265.9 257.4
271.9 276.9 281.2 283.9 287.3 288.9 289.9 289.6 287.9 284.5 280.5 275.8 273.4 270.4 269.5 271.3 273.6 271.9 274.3 275.8 274.4 276.2 278 270 265.8 262.1 257 247.7 241.4 237 227.9 224.4 219.5 216.1 216.5 220 225 226.7 231 233.8 234 234.9 242 248.1 251.5 258 265.1 267.3 269.4 277.3 286.6 294.1 299.9 304.5 306.5 308.9 311 313.3 317.5 321.9 322.6 326.7 331.4 336.5 340.5 341.3 341.7 343 338.6 333.3 325.1 315.6 306.2 294.5 281.9 273.5 263.2 261.2
278.6 283.4 287.3 290.9 293.4 293.7 292.7 291.1 288 284.6 279.6 279.4 278.9 274.8 272.7 272.1 272.7 271.3 269.9 269.8 266.2 268.3 271 273.5 268.7 253 245.1 237.9 233.8 230.7 224.1 219.2 217.5 216.6 217.2 219.8 225 226.4 229.4 235 238.3 242.2 255.8 260.1 262.8 265.8 270.1 273.8 279.3 287 295.6 300.3 305 310 313.8 318.2 321 325.8 331.2 335.6 337.9 340.6 345.1 350.1 354.7 354.6 354.8 356.2 349.8 341.5 333.1 319.7 311.2 297.5 283.9 273.7 268.7 266.6
288.2 290 293.2 296.8 299.8 298.8 295.9 292.3 288.5 284.7 283 283.1 281.3 277.1 273.5 272.6 270.9 267.1 264.5 263.2 262 260 256.7 255.3 254.6 243.7 235.4 230.3 228.7 225.9 222.1 218.6 219.2 218.3 219.5 222.3 226.3 230 235.1 240.8 247.3 256.3 260.7 268.3 271.2 274.6 279.1 284 289.9 297.4 303.2 307.1 313 318.1 323 328.3 333.5 338.1 343.7 348 350.8 353.7 357.5 363.3 368.3 369.4 369 366.6 358.8 348.1 337 324.9 310.4 297.4 283.1 276.9 272 270.9
294.2 295.8 299 302.1 304.1 303.5 301.5 298 293.6 291.8 289.8 286.5 284.2 280.9 277.8 275.5 272.8 267.1 263.6 257.7 253.7 251.5 245.8 240.9 235.3 230.5 231.7 229.7 229.3 224.2 221.3 220.9 220.7 221.3 223.5 226.8 235.9 238.6 243.2 248 258.6 267.8 270.2 275.4 278.9 283.6 288.7 292.9 297.4 304.5 311 316.8 322.2 327.1 332.2 339.7 345.1 349.5 354.9 359.3 362.4 365.3 368.9 373.7 378.9 385.1 386.2 376.2 365.3 355.3 341.8 327.7 313.1 299.6 288.8 280.3 277.1 272.2
302.6 303.3 303.2 306 307.8 309.4 307.5 302.6 300.4 298 295.7 291.4 288.5 286.2 284 281.2 276.3 270.8 265.2 261.6 258.6 248.2 244 239 233.8 230 232.4 229.8 228.6 222.8 224 223.7 224.2 225.9 227.6 236.5 242.2 244.8 249.1 257.5 264.8 275.6 281 284.8 288.7 293.1 297.1 301 306.1 310.4 317.5 323 329 335.8 342.2 351.3 355.3 359.4 364.3 369.1 373.1 376.8 380.7 384.5 388.5 394.5 393.6 384.2 369.5 357.7 345.2 328.2 314.5 303.2 294.2 287.4 281 276.6
309.7 309.6 310.4 311.7 311.5 313.8 311.4 308.6 306.3 303.9 301.5 296.4 293.7 291.8 294.7 290.1 280.3 270 261 255.4 252.9 245.9 242.5 239.3 235.5 229.9 236.2 227.2 224.6 226.1 227.4 226.5 227.4 229.3 233.3 241.8 249.7 251.1 260.4 266.3 276.5 288.5 291.7 295.5 299.3 302.5 305.1 309.5 314 318.2 325.2 332.1 337.7 343.8 351.5 359.4 364.2 369.1 374.6 379.6 384.9 389.1 392.4 394.8 396.9 399.8 395.2 385.6 371.5 359.5 346.7 332.7 319.5 312 300.7 292.5 285.5 280.5
320.5 317.4 317.7 317.9 317.6 320.9 318.8 315.2 312.1 309.7 307.4 301.8 299.4 297 294.2 284.3 273.2 265.8 258.4 254.4 250.9 246.1 241.9 238 236 232.3 228.8 227.4 227.3 229.3 230.2 230.5 231 233.9 239.8 250.1 256.7 257.3 266.4 277.2 284.4 294.4 302.5 304.9 308 311.4 313.8 317.7 322.3 327.7 334.5 341.2 346.4 352.1 359.2 366.2 372.5 378.9 384.6 390.4 396 401.2 401.9 403.8 405.5 405.6 401.8 391 378 366.1 352.6 338.3 328.1 318.9 309.7 300.6 290.7 286.4
