app/static/ascii/NN23.asc
ncols 200
nrows 200
xllcorner 220000
yllcorner 730000
cellsize 50
[rows 35 to 69 of 200, columns 78 to 155 of 200]
432.2 439.6 443.8 456.9 468.5 482.3 489 499.8 500.8 501.9 506.6 504.9 497.3 488 483.1 477.5 470.8 470.6 473.9 479.6 488.6 505.9 525.7 542.4 562.3 584 594.6 600.5 602.5 609.4 617.1 615 606.9 592.7 579.9 564.3 547.7 526.4 508.7 490.4 465.1 446.9 421.1 399.9 386.1 379.4 368.7 361.6 360.1 357.1 364.8 371.2 379.6 394.6 408.9 422.1 442.1 466.2 497.8 530.4 565.5 596.4 614.5 632.9 635.4 631.4 627.8 620.8 610.7 597.4 584.7 569.3 552.4 535.7 521 514.3 505.7 482.2
453.1 457.3 464.3 473 486 498.3 502.6 504.3 509.3 514.1 514.2 511.8 504.7 494.1 488.1 481.2 477.3 480.4 486 492.7 504.8 518.4 535.9 557.1 573.9 592.9 602.2 607.8 611.3 620 622.2 615 607.5 597.2 584.9 568.2 546.3 518.2 503.5 480 460.6 430.3 414.1 398.9 387.4 378 370.5 371 365.4 370.9 372.8 380.9 391.6 405.4 422.9 436.3 460.9 488.8 521.2 552.4 587.7 611.3 622.5 630.1 633.4 620.4 617.4 604.4 592.6 578.2 561.2 547 536 528.7 516.8 506.4 491.5 469.6
466.2 475.5 484.8 494.2 503.8 514.3 517.3 517.7 519.5 521.2 517.6 513.4 505.9 498.5 492.7 488.9 485.7 490.3 496.6 509 523.9 540.2 557.8 571.6 586.7 600.5 605.8 609 620.7 628.5 625.1 618.4 613.8 604.4 582.7 562.4 537.7 515.6 497.1 476.5 447.3 427.9 414.4 399.2 389.1 378.7 378.8 377.4 376 378.5 381.6 393.5 409.1 419.1 435.5 453.7 484.5 514.3 541.9 580.6 607 617.1 620.3 620.7 617.1 604.2 600.5 589.9 578.5 567.7 555.7 541.2 527.7 513.5 496.7 482 472.5 462.8
487.7 496.7 507.7 515.4 521.7 523.9 530.7 531.1 528.3 526.2 519.4 512.9 504.5 504.5 503.3 498.6 493.2 499.8 508.5 520.9 541.3 557.9 572.3 587.9 597.1 604.1 606.8 612.4 623.6 627.6 627.6 623.8 616.3 605.4 572.3 557.3 528.3 510.4 498.9 468.9 446.5 434.3 416.8 403.2 389.7 391.6 388.9 386.1 384.1 386.5 394 406.7 419.5 434.2 450.2 472.2 505.7 531.8 563.9 599.3 609.6 615.1 611.3 607.9 601.7 594.5 582.7 575 569.1 559.5 543.3 526 509.1 497.8 487.4 478.8 468.6 457.8
506.7 514.7 521.7 530.7 532.3 536.2 537.8 538.4 526.6 522.6 514 507.6 512.4 512.4 508.2 501.9 502.5 506.9 516.9 531.9 556.2 572 582 598.6 606.1 608.4 615.1 625.6 631 632.7 629 621.4 611.8 587.9 573.7 552.2 525 504.4 488.2 469.9 451.4 440.5 418.3 404.1 402.7 402.2 399.3 395.8 395.7 399.8 407.3 418.3 433.9 447.6 467.1 494.4 527.2 551.1 574.5 603.7 615.1 609.3 608 602 596.2 583.1 575.9 566.1 556.5 544.5 530 514.8 503.3 494.2 482.5 472.2 457.4 437.8
521.7 525.9 532.2 536.1 539.7 544 542.5 531 521.9 512.1 510.5 515.6 521.2 516.8 509 505.7 510.4 516.9 528.8 547.2 565.2 580.6 596.3 609.5 614.7 610.6 631.9 638.3 641 639.5 634.1 626.2 610.8 583.2 570.5 552.9 517.2 497.3 486.7 474.7 459.5 440.2 421.2 412.2 415.2 412.8 410.4 407 408.6 411.6 421.2 434.9 448.7 465.7 485.9 516.5 543.7 571.4 587.4 610.3 613.5 609.5 602.6 596.3 587.2 573.8 563.4 552.2 538.7 528.1 516.4 505.6 494.7 484.7 476.7 453.3 435.2 419.4
519 525.1 535.5 541.2 542.1 540.6 529 522.1 516 518.6 526.4 524.4 517.7 510.3 510.5 513.1 519.2 525 539.6 561.8 578.3 591.6 605.2 613.6 617.2 622.8 632.8 639.9 643.9 639 628.7 614.8 603.7 577.4 564.5 542 515.7 504.3 490.5 478.9 463.4 442.5 432.9 426.6 426.2 424.9 422.5 419.6 420.2 427.5 438.8 450.3 462.5 482 497.2 524.1 555 585 595.5 608.5 612.4 605.6 596.1 588.5 578 563.7 551.4 537.7 529 518.2 505.4 494.6 483.2 475.9 463.1 430.1 414.4 401.2
515.4 525.7 532.4 527.2 524.1 527.3 534.9 531.2 523.6 526.2 530.7 528.1 514.4 512.5 513 519.4 527.2 535.4 554.8 574.9 593 609.3 618.9 619.8 621.8 634.1 643.6 648.7 646.1 635.1 622.7 613.4 598.3 572.8 559.8 533.7 514.8 503.3 489.1 479 463.1 455.1 452.6 447.5 444.7 440 436.5 435.4 436.1 442.3 451.4 465.3 484.7 499.4 517.4 536.3 565.2 588.3 604.2 604.7 605 595.3 587.7 578.3 568 555.2 543.3 533.3 523.6 511.5 497.3 474.9 463.9 452.5 429.4 411.7 388.7 365.6
513 518.1 524.4 527.2 535.1 539.3 538 532.8 532.2 533.6 534 522.7 514.1 512.5 515.8 524 531.9 549 565.7 581.5 606.2 619.4 621.5 620.9 636.9 646.2 650.9 651.6 643.9 630.6 616.2 599.2 584.4 573.6 553.1 528.9 506.8 493.4 484.3 469.8 467.6 471.8 465.9 469.3 467 459.9 457 454.2 453.2 457 467.1 481.2 500.4 512 530 555.3 584.9 598.9 611.1 608.5 601.3 589.2 583 577.4 565.8 548.1 535.1 523.8 504.4 488 466.3 446.5 433.5 420.5 409.1 385.3 360.9 340.2
518.1 523.6 531.5 535.4 543 540.8 534.3 534.5 532.8 529.2 530.6 521.8 517.8 517.9 521.5 530.8 537.8 554.2 570.3 590.7 613.3 620.4 622.1 636.2 649.1 652.3 655.9 648.8 635 618.7 608.4 595.4 582.8 561.3 541.5 524.2 497 486.2 480.4 480 486.9 477 478 480.3 481.2 480.4 475.6 470.7 464.6 469.7 482.2 494.6 507.9 521.9 547.4 573 599.2 607.8 610.5 604.6 594.5 581.9 575.9 562.1 546.6 534.5 514.4 493.4 471.3 454.8 438.6 421.7 407.8 396.8 378.1 357.7 336.4 316.6
526.5 528.9 528.5 537.7 534.9 533.1 533.5 528.1 520.9 518.4 520.5 520.7 524.2 527.3 527 537.5 539.8 558 575.5 595.9 614.5 622.3 626.8 648.4 656.1 659.7 652.2 641.8 625 612.8 603.6 591.1 573.1 553.3 539 520.8 496.5 490.8 489.1 488.8 482.6 484.1 487.2 495.2 493.7 484.7 481.3 475.8 477 488.2 492.2 510.2 522.9 538.3 560.3 590.2 611.4 616.6 608.3 599.9 585.8 577.2 562.2 541.7 523.9 502.1 483 463.9 445.2 429 411 391.5 381.1 361.8 348.2 331 316 297.3
527.2 526 517.7 526.5 521.4 522.3 522.4 518.7 518.4 520.4 523 528.7 537.5 536.1 533.7 535.3 542.1 559 583.3 603 618.7 624.2 638.8 656.4 660.9 654.5 647.6 632.4 621.7 605.5 594.8 578.4 562 549.4 535.2 520.4 498.3 494.3 493.4 485.6 485 488.7 496.4 501.1 494.5 498 491.6 484.3 493.4 503 512.8 528.5 541.6 562 582.3 604 613.1 617.6 606.1 600.5 584 570.2 549.7 525.9 498.4 485.6 468.2 448.1 426.5 408.9 390.1 364.6 346.6 325.4 318.3 306.8 293.8 278.4
522.6 516.3 518.3 522.6 523.2 521.3 517.3 512 519.7 525.7 529.6 533 530.4 529.9 533.5 539.8 543.4 566.1 597.1 610.2 621.4 629.2 648 659.7 660.5 655.3 645.9 632.9 616.4 593.8 583.8 568.6 550.3 544.8 536.3 515.4 497.9 497.4 487.7 485.3 484.5 484.5 494 503.6 506.9 500.5 496.9 497.6 503.6 519.2 534.2 546.7 562.8 583.9 594.7 605.9 607.3 609.2 600.8 590.4 568.8 548.8 529.5 501.5 477.7 462.2 448.8 428.5 401.8 385.8 369.1 347.6 326.7 311.2 298.2 285.6 272.4 257.1
515.8 519 517.6 522.2 526.5 517.2 512.4 512.1 526.9 531.9 534.8 532.7 525.8 531.3 541.2 543.7 548.6 573.8 607 620.1 622.3 635.7 649.7 661.5 661.4 649.4 637.6 622.5 604.6 593 569.8 558.6 549.5 541.3 530.2 507.9 493.6 492.8 488.5 484.5 485.3 488.2 492.5 502.4 507.8 511.5 505.1 509 516.6 534.7 545.4 566.1 583.4 592.8 600.2 602 598.7 587.5 572.9 559.6 545.5 530.1 507.1 479.4 454.6 440.8 416.1 400.7 376.5 359.1 343.1 325.6 309.4 293.3 278 265.4 251.3 236.2
516.3 512.9 520.3 523.1 515.3 509.7 512.2 519.2 529.3 533.5 533.7 529.8 528.1 536.1 545.3 539.6 557.8 584.4 604.3 615.6 624.4 636.8 648.7 653.5 646 636.7 620.9 601.5 574.7 568.8 561 551.8 545.2 530.4 521.3 499.6 491.5 491.4 488.9 490.5 493.2 493.7 498.6 511.6 514.7 512.9 507 522.7 535.3 549.1 558.6 586.2 599.2 600.5 597.5 591.1 582.2 563.3 547.4 535.1 522.4 502.6 479.5 455.4 429.9 402.6 386.3 370.8 355.7 339.1 322.2 304.1 288.3 272.9 258.9 245.9 232 216.8
508 510.4 518.4 516 510.3 513.7 516.9 516.8 524 527.5 528.5 525 526.5 537.2 536.2 534.9 561.3 593.4 614.2 621.7 633.7 644.9 650.5 647 630.4 622.9 605 581.8 570.3 562.4 556.8 545.5 537.6 522.5 513.7 492.5 493 494.1 494.6 497.9 498 495.9 509.7 515.8 514.8 508.6 510.1 527.9 543.4 555.9 570.5 598 603 596.5 587.2 568.7 557 542.6 529.5 509.9 490.2 470.2 447.6 426.2 399.7 379.3 364.6 350.5 334.6 318.3 300.4 283.3 267.9 253.7 239.7 225.9 211.9 197
506.7 507.9 510.5 507.8 516.9 507.1 512.6 519.4 521.3 522.2 519.8 512.3 519.4 525.4 522 535.7 567.7 594.5 608.3 632.7 642.4 647.6 646.1 641.6 631.1 602.3 587.3 580.6 570.4 556.3 544.9 525.8 513.3 503.9 496.7 485.7 496 497.4 500.3 504.5 497.1 502.6 510.2 511.6 514.4 509.7 517.2 537.9 556.2 563.1 581 600.6 599.4 592.3 573.3 548 533.2 520.4 501.3 481.7 461.2 443.1 416.4 395.2 379.5 358.8 344.7 330 312.7 297.1 281 264.9 249.1 235.6 221.8 207 192.7 179.7
486.8 492.6 500.9 509 506.4 500.1 507.6 515.7 517.2 515.6 505.9 509 518.1 514.9 521.9 534 566.3 590.8 610.1 629.9 638.3 644.7 640.8 631.7 608 597.5 581 566.7 550.3 538.8 529.1 517.3 508.5 497 489.8 481.9 493.8 489.3 491.1 487.8 493.4 507.1 513.5 508.5 512.3 516.8 528 547.3 557.8 574.2 585.1 599.1 593.9 580.4 555.7 534.8 517.2 496.6 477.5 459.2 439.3 413.5 391.6 375.5 361 338 323.3 309.6 293.3 277.6 262.8 246.8 231.3 217 203.2 187.4 175.3 166.7
470.4 486.6 493.8 494.6 497.7 497.4 500.3 503.9 504.5 498.4 491.3 500.8 505.1 508.3 515.1 533 562.5 588 612.3 624.1 632.9 637.7 628.9 614 598.2 575.2 567 544.5 533.7 517.8 514.2 509.7 499.5 491.4 489.4 479.6 483.4 491.6 487.8 488.6 506.2 510.9 512 507.9 508.6 523.4 535.5 543.4 563.2 578.1 583.4 585.3 569.8 552 535.4 516.7 500.7 476.2 455.7 436.4 409.2 392.3 376.1 356.8 341.9 323.5 303.4 289.7 274.2 257.7 243.1 228.7 213.2 196.8 183.9 173.3 163.5 157.5
464.4 474.8 480.6 485.4 487.5 493.8 497.2 492.8 484.8 482.3 480.4 485.8 489 495.2 507.3 527.8 555.1 586 603 607.9 614.4 612.9 607.5 594.2 572.2 562.6 543.7 525.6 516.2 505.8 498.3 498.4 482.3 480.6 468.7 468.9 473.3 481.7 487.7 495.8 502.3 506.3 511.1 508.2 511.3 526 534.9 549.8 566.7 564.8 569.5 559.4 544.5 528.5 514.2 496 476.9 450.9 431.9 410.6 390.6 376.2 357 338 321.8 303.9 283.1 268 254.4 239.1 224.3 209.4 194.3 180.7 171.3 160.8 156.3 151
457.1 461.5 460.9 467 474.5 480.5 480.3 477.3 474.5 464.2 464.6 473.1 476.4 486.9 504.4 523 548.9 575 584.6 589.1 591.1 581 562.5 556 542 533.7 520.8 516 503.6 484.7 475.5 468.9 464 458.3 458.9 467.3 467.4 475.7 496.4 506.1 509 509.1 510.5 507.2 514.6 530.5 547.3 560 559.2 554.1 545.6 533.4 522 506.7 489 468.6 451.6 430.9 412.9 389.6 370.7 354.2 336.4 318.3 302.5 283.2 263.3 245.7 233.2 220.8 206.3 191.5 178.6 169.4 159.4 152.9 149.1 145.6
441.4 449.6 453.3 457.7 465.7 465.8 465.4 466.5 460.7 448.6 447.7 451.4 466 476 496.1 517.3 551.4 565.1 567.4 566.9 557.7 546 535.7 528.8 518.4 514.7 513.1 501.5 484.1 475.7 469.4 459.8 451.7 446.8 457 456.1 460.7 477.1 491.3 505.2 508.1 501.7 506.4 507.1 516.4 534 550.9 554.6 548.6 535.7 521.6 513.1 500.9 486 466.6 446.5 424.8 406.7 390.7 367.6 350.1 333.2 316.4 299.4 283.3 264.3 246.2 229.1 214.2 201.9 190 178.5 167.2 159 151.5 146.7 142.9 138.8
432.4 438.7 441.2 444.6 446.1 448.2 450.3 449 441.1 426.3 429.2 434.5 449.7 459 484 510.1 542 543.7 546.7 539.3 533.4 528.2 520.6 514.1 513.9 512.9 499 482.1 479.6 478.2 464.1 460.5 443.3 432.2 439.4 446 462.8 478.4 492.7 501.2 503.3 502.4 504.8 509 517.8 532.5 542.9 535.1 523.4 512.9 498.8 487.6 475.4 461.6 442.1 424.6 402 387.9 368.4 348 330 313.3 296.8 280.3 264.4 247.8 230.1 215.1 200.2 188.5 177.9 166.4 156.8 150.1 144.6 140.7 136.7 134.4
413 421.9 425.1 423.6 427.8 431.5 431.6 425 417.7 404.2 405.6 419.3 431.4 445.4 468.1 497.8 520.4 521.2 523.6 518.1 514.3 506.1 498.1 494.3 491.7 492.9 485 478.3 473.6 467.4 455.6 451.1 434.8 419 425.7 438.3 459.4 476.2 492.3 499.3 500.2 499.9 500.1 511.9 517.2 527 521 514.1 501.8 488.9 475.6 464.5 450.1 435.5 416.3 400.5 380.4 363.3 345.6 327.7 311 294.3 278.6 262.3 245.9 231 214 199.8 187.1 176.1 166.9 155.8 146.3 142.2 139.4 135.7 132.9 130.8
394.4 397.4 400.8 404.4 411.1 409.4 407.9 402.8 396.8 385.9 390.5 407.5 421.1 432.8 458.7 479.1 493.6 494.9 493.5 491.9 487 479.3 479.2 479.9 479.4 472.8 461.3 456.9 459.1 452.4 441.9 433.8 418.6 410.8 424.4 437.1 454.4 474.3 486.5 491 496 498 492.4 500.4 519.9 514.3 501.9 490.5 478.3 464.1 451.9 441 425.3 408 391.3 375.1 358.8 342.1 325 307.2 291.6 277.3 260.7 244.2 227.5 212 197.7 184.2 173.1 162.8 153.8 144.7 140.2 137.5 135.7 132.5 129.9 128.9
371.4 375.4 380.4 385.2 388.9 388.5 387.9 385.5 380.7 367.4 379 393.3 407.8 417 437.4 455.1 465.6 467.8 465.8 467 467.5 462.1 466.5 468.7 460.1 450.7 444.4 442.6 442.2 435.7 428 420 410.7 404.3 422.8 433.9 450.9 468.4 479 484.2 488.9 488.3 482.8 495.3 503.5 492 483.4 471.6 452.6 437.1 427.8 419.1 407.5 390.3 371.6 355.4 339.4 323 304.9 285.8 270.3 257.8 242 224.3 208.7 193.9 181.2 169.5 160.6 152.7 143.7 139.8 136.5 134.2 131.6 128.5 128.1 127.5
354.5 356.9 359.4 363.5 366.1 366.7 366.2 363.5 359.6 351.9 367 376.6 385.1 400.2 418.8 430 436.5 441.3 443 451.9 446.7 444.6 447.7 441.9 442.5 440.2 432.2 423.5 424.4 423.3 412.2 402.5 403.3 402.8 419.7 434.5 451.3 459.7 465.5 472.5 472.9 471.6 465.7 482.5 481 464.2 457.6 445.9 429 414.7 408.2 399 388.4 370.4 353.7 337.2 320.6 305.2 287.1 268.5 255.1 239.3 219.3 201.6 191.5 177.6 167.1 158.5 150.6 143.8 140 136 132.9 130.2 128.5 127.1 127.3 126.9
339.7 339 339.9 345 346.6 348.1 348.1 347.4 340.3 340.9 351.5 358.3 368.2 384.4 398.9 409.1 415 420.8 423.9 424.8 421.6 429 423.5 425 430 422.9 412.3 408.6 415.3 408.3 400.1 389.2 387.9 400.4 418.7 433.3 447.8 452.3 465.8 466.6 460.4 456.6 462.5 470.8 455.3 434.2 423.9 415.5 403.3 396.1 387 376.3 365.2 349.7 333.8 317.8 303.1 288.6 270.3 250.8 234.2 217.5 199.9 187.4 175.6 164.6 156.5 148 141.5 138.4 135.2 132.1 129.7 128.1 127.5 126 126.5 125.8
321.3 322.5 323.1 326.4 327.1 328.8 331.1 329.5 322.9 326 333.3 343.4 353.2 368.8 381.8 390 397.9 404.9 407.5 404.2 404.7 405.4 408.8 411.7 408 409.3 401.6 401 398.3 388.8 378.1 368.6 378.6 393.9 411.7 426.3 433.8 445 450.9 448.4 445.1 447.8 450.5 446.9 432.1 411.8 397.9 389.5 383.9 377.4 372 354.6 342.3 328.1 314.7 300.3 286.5 270.3 251.3 231.7 215.5 199.7 188 175.6 163.6 154.5 146.4 140.1 136.7 133.5 130.7 129.5 128.5 126.3 125.5 124.6 123.6 123.6
307.7 307.3 308.8 311.8 313.4 315.5 315 313.7 307.3 313.7 321 327.4 338.1 352.1 366.8 376.7 382.9 388.6 389.5 389.5 387 392 394.6 394 394.5 394.5 387.1 379.4 376 368.6 355.3 345.2 376.3 393.4 408.1 415.7 421.9 429.8 437.4 432.6 430 427.1 418 415.6 404.9 394.8 383.4 373.3 365.5 359.1 350.6 333.2 320.7 307.7 295.4 282.9 267.3 251.8 234.5 217.5 201.2 192.4 176 162.6 153.4 147.3 141.4 136.4 132.3 129.8 128.7 127.8 127.2 120.3 126.8 128.5 129.2 129
295.8 296.7 294.9 296.1 297.6 299.5 300.8 299.6 296.9 303.6 310.4 319 327.2 341 352.2 359.8 364.5 370.9 370.7 372.9 372.5 377.2 374.1 369.2 376 379.6 373.7 365.3 360.7 355.4 321.5 355.1 377.8 392 406.3 415.1 417.1 422.5 421.1 416.9 411.6 397.2 388.1 384.3 380 377.8 370.8 359 347.3 338.2 331.6 318.8 301.7 289.7 277.7 263.7 249.6 234.9 221.3 206.4 191.7 176.9 164 152.8 145.7 139.8 135.4 132.9 129.4 126.4 127.6 126 120 127.9 130.3 132.4 133 133.3
281.9 283.8 283.3 281.5 284.3 286.2 288.1 288.9 286.6 292.4 300.8 309.6 316.4 329.2 336.3 342 344.8 347.9 354.1 356.6 357.5 357.1 355.2 354 356.4 359.2 354.6 347.2 341.9 328.3 326.4 353.5 372.4 388.9 404.7 409.3 407.4 408.1 408.1 397.1 387 379.6 361.9 355.9 354.7 358.1 355.4 344.3 328.9 324.5 315.9 304 284.5 271.1 260.3 246.4 232.4 219.9 207 193.7 179.6 162.9 153.4 144.7 138.7 134.3 131.8 129.9 126.7 123 122.5 121.7 126.9 130.4 132.6 134.5 136.1 136.7
273.5 274.5 273.8 271.6 272.3 274.8 277.1 278.4 279.4 284.6 291.4 296.4 303.8 314.8 323.6 324.9 329.5 332.8 337.9 342.5 338.6 339.8 343.4 343 340.5 340.4 338.2 329.2 314.3 302.7 330.5 351.4 365.3 377.3 389 390.3 387.8 385.3 383.7 374.9 361.2 356.6 342 336 333.5 335.3 331 317.8 311.9 304.5 297 282.5 268.6 255.5 243.3 228.7 214.4 204.2 193 178.7 165.3 152 144.3 139.2 133.3 129.9 129 130.9 124.1 119.5 122.9 128 129 131.9 134.6 136.4 138.3 139.5
265.6 264.8 265.4 266.4 265.8 267.2 268.7 269.2 267.1 273.1 277.8 283.6 288.4 301.8 309.7 312.4 317.5 321.5 326.3 326.7 323.5 322.5 327.2 324.7 323.9 323.2 319.6 305.4 284.2 308.2 325.1 341.9 353.1 365.7 367.6 367.7 366.2 363.1 359.4 353.1 338.7 332.6 326.3 321.4 318.6 314.7 309.8 299 294.5 284.6 275.2 264.9 254.4 241.6 227.8 213 200.6 192.7 178.6 167 153.8 145.3 138.3 133 129.5 126.5 123.9 121.7 119.5 125.4 128.6 131 131.4 133.7 136.4 137.6 138.7 141.4
247.9 251.8 257.9 258.7 261.4 262.2 263 260.3 259.8 263.2 267.2 272 278.3 289.2 295.4 300.4 303 307.1 315 310.5 306.5 304.4 306.2 305.1 301.2 300.8 291.7 274.7 292.8 311.7 319 331.5 336.6 342.3 346.1 348.6 345.8 339.8 335.4 328.7 322.5 315.4 311.4 308 306.1 298.3 290.9 279.1 272.4 263.6 259.7 249.5 237.7 224.3 211.1 197.4 187 178.3 165 154.3 144.4 139.1 132.9 128.7 126.5 122.7 119.8 120.6 124.6 127.8 132.3 135.7 135 135.7 137.5 138.4 141.3 144
