app/static/ascii/NN24.asc
ncols 200
nrows 200
xllcorner 220000
yllcorner 740000
cellsize 50
[rows 0 to 34 of 200, columns 78 to 155 of 200]
1029.3 992.5 957.3 933.6 914 901.2 881.8 865.5 856.4 852.9 852.8 850.6 844.4 843.3 841 838.6 836.5 833.8 834.1 832.3 832.5 832.5 831.7 831.5 830.1 832.5 835.4 832.5 836 838 837.1 835.8 836.9 837 834.3 829.6 824.9 819.5 814 805.4 797.3 785.2 769.2 754.6 731.8 708.5 691.2 676.4 662.6 649.8 644.9 640.2 633.3 623.8 614.9 601.7 595.4 586.4 576.9 566.4 558 547.4 540.2 528.9 517.7 505.8 493.6 481.7 469.3 459.1 449.2 438.8 423.5 415.5 410.4 403.6 392.5 386.1
1029.9 989.2 955.7 922.8 897.4 876.9 856.6 834.3 822.8 818.2 816.7 813 808.5 804.4 805.1 802.8 801 796 795.9 793.8 794.4 795.2 794.5 797.1 796.7 797.1 799.1 800 802.4 802.7 802.7 802.1 804.3 804.1 802.2 798.2 795.8 793 790.7 785.2 778.3 767.1 757.6 746.2 725.6 705.1 688.7 669.8 655.1 644.5 636.8 631.3 625.3 617 611 597.7 583.7 577.2 567.9 555.5 546.6 538.5 530.2 519.4 508.7 495.6 483.7 472 463 451.7 442 431.5 418.7 407.6 400.7 395.6 386.5 380.2
1044.5 991.5 959.8 920.7 882.7 857.6 834.5 810.9 795.7 787.9 781.8 778.2 771.9 766.4 766.7 767.9 766.1 761.9 759.7 758 756 761.9 757.8 757.9 762.9 760 762.7 765.1 767.2 766.6 767.8 767.6 772.5 771.6 770.5 768.6 770.1 770.4 771.5 767 759.9 751.9 747.2 735.8 721.9 707.9 688.4 671.8 653.8 638.7 629.4 623.7 615.4 610.2 601.3 591 579.1 567.9 557.4 544.5 534.2 528.7 519.7 507 498 486.8 477.1 465.8 455.7 445.6 436.8 425 413.2 403.3 396.3 388 379.9 375.3
1037.1 988.9 960.1 920.8 881.3 842.6 817 792.3 777.4 768.4 756.5 747.5 743.4 735 733.6 734.5 731.1 727.4 725 722.9 721.4 720.6 721.8 726.1 725.7 726.1 726.2 733.6 733 733.8 734.2 736.9 739.2 738.8 738.6 742 745.7 751.7 752.2 750.1 743.2 738.2 733.9 729.1 721.2 706.5 688.5 670.6 651.2 635.4 622.7 618.1 612.8 604.3 593.6 584.6 574.6 558.2 545.8 532 524.3 516.7 507.9 497.1 489.5 476.9 468.3 456 445.6 436 427.7 421 408.7 397.8 390.7 382.4 374.2 368.8
1022 984.9 952.9 917.3 874.8 836 801.1 777.8 767.5 754.9 740.9 726.4 715.1 705.6 698.9 702.4 698.5 698.4 695.6 697.2 693.6 691.4 690.1 693 692.2 692.6 696.5 701 704 706.5 706.3 708.9 713.2 711.3 712.2 717.4 722.6 731.1 733.6 731.7 725.3 722 717.7 713.9 711.6 702.1 683.8 667.1 656.4 638.8 622.6 617.5 613.6 600.2 590.8 582.2 570.5 558.7 545.7 526.2 515.3 506.9 497.2 485.4 476.6 465.1 454.5 443.5 432.2 423.6 416.4 411.4 399.3 391.8 385.2 378.4 370 365.6
1012.9 977.3 943.7 905.9 864.8 828.2 800.5 772.5 760.8 746.9 729.6 708.5 696.7 685.3 675.6 674.8 674.8 671.2 670 674.1 670.6 669.5 668.5 664.1 665.2 666.9 676.1 678.7 681.8 682.7 682.5 684.7 689.6 688.8 688.9 694.9 702.9 711.8 712.4 713.3 708.9 705.5 702.2 700.4 701.6 694.7 681 666.9 655.4 640.6 624.1 615.4 607.6 594.9 590.9 582.9 570 556 541.4 522.2 507.9 498.8 486.8 475.6 467.7 456.7 448.4 437.1 425.4 414.3 407.3 398.6 390.3 383 377.4 372.2 366.5 362.1
1014 967.8 931.6 894.9 859.1 825.3 799.3 778.3 759.5 731.7 716.7 700.7 685.3 675.9 666.3 661.7 659.8 656.2 652.5 648.3 650.9 648.9 647.4 643.6 644.2 646.2 654 659.6 660.5 663.2 663.1 663.7 666.1 666.1 669.6 676.9 688.1 692.4 695.9 695.1 693.1 689.6 686.1 689.2 692.2 688.3 676.6 665.7 652.9 639.2 623.6 614.6 605.6 600.7 590 582.2 564.8 545.6 531.7 512.9 502 488.3 477.7 467.3 458.8 449.9 441.3 430.2 417.8 407.9 397.1 390.9 383 376.5 370.4 365.2 361.4 358
1015.9 964 927.7 893.6 861.7 828.5 804.3 785.2 760.9 734.7 716.4 703.5 690.2 680.8 669.4 660 656.3 651.6 645.1 641.9 638.7 637.7 634 629.7 628.6 632.5 639 638.6 642.1 643.1 645.3 644.9 644.9 649.5 652.6 660.5 668.9 675.1 678.7 679 677 676.1 673.7 680.2 685.7 684.2 681.5 672.5 658.7 643.1 629.1 620.8 612.2 607.5 597.7 587.3 574.8 561.5 539.8 526.6 504.4 482.7 467.3 458.5 450.9 443.3 433 423.5 412.2 398.6 389.6 386.6 378.1 371.1 366.5 360.9 355.5 353.3
1040.1 979.4 940.7 906.7 870.8 839.9 812.3 799.2 778.6 766.1 741.5 727.1 713 697.3 677.7 662.9 661.2 660.2 649.7 643.2 635.2 634 628.8 626.1 625.7 625.9 627.5 625.7 627.3 628.6 629.1 629.4 632.3 633.7 639.4 647.2 654.1 661.3 666.6 666.7 662.6 663.3 665.6 671 678 682.4 685.6 679 667.6 653.1 641.7 636.4 621.6 613.4 602.3 593.3 586.9 569.8 552.9 529.5 506.9 483.4 466.3 454.1 443.1 436.2 425.8 416.8 405.4 393.9 385.2 380 374.8 369.6 363.2 357.3 353.7 350.8
1044.1 995.6 955.2 917.4 886 867.5 838.7 819.2 803.5 795.9 778.3 761.9 736.7 711.8 688.4 680.9 672.7 670.5 657.1 647.5 638.5 636 633.1 627.5 627.1 630.4 632.2 622.8 622 616.8 617.8 615.7 618.7 622.1 626.1 631.5 641 647.6 653.2 655.6 653.9 653.7 657.4 663.2 671.3 679.4 684.3 686 676.3 666.4 654.5 652.1 642 625.9 616.5 606.4 594.4 574.9 555 537.2 513.6 486 463.8 447.8 438.9 431.1 421.9 411.2 398.1 392.8 380 372.6 369 364.3 359 356.1 352.1 349.4
1050.4 1023.3 969.9 935 920.7 892.2 870.8 848.1 828.8 824 808.3 790.5 767.9 738.6 716.3 712.6 696.2 684.4 670.1 661 654.3 642.8 639.3 642 646.6 639.1 640.5 626.6 611.8 605.3 609.1 604.5 608.8 607.3 611.6 619.3 625.2 633.9 640.1 644.1 644.4 644.9 648.9 654.6 662.7 673.5 681.1 686.6 685.2 677.8 673.6 664.4 661.1 652.2 641.6 619.9 599.2 586.2 572.6 545.2 516.1 486 459.6 444 435 428.2 420.8 411.4 407.6 393.4 382.1 372.3 364.9 360.7 357.1 354.4 351.9 348.7
1054.9 1044.1 989.6 966.6 944.2 913.8 895.7 880.3 856 847.9 839.9 826.9 802.5 772.2 754 746.7 721.5 705.7 697.1 679.9 672.9 656.4 659.3 664.9 670.5 663.2 648.9 629.4 620.5 603.7 594.5 596.9 598 597.9 600.5 606.5 612.1 618.1 628.4 634.4 634.3 635.8 639.7 646.8 655.3 666.6 676.9 683.8 689.2 691 682.1 679.9 683.6 676.9 661.4 638.6 617.1 602.1 584.1 544.7 515 481.4 455.1 440.8 432.1 426.4 421.1 415.1 406.5 394 379.7 369 361.7 358.7 356.7 353.6 354.4 352.6
1060.7 1067 1048.5 1008.3 968 937.5 925.9 905.5 883.6 878.4 873.1 863.3 835.2 807.7 803 784 748.9 735.8 719 706.1 693.9 684.9 686.3 687.8 685.6 675.9 661.6 634.9 614.7 596.2 593.2 590.9 591.8 591.7 592.3 597.4 600.2 606.2 612.1 619.2 623.8 627.9 631.7 637.8 646.3 656.1 665.9 675.9 689.6 694.8 692.7 690.6 694.3 691 678.2 662 639.2 613.5 581 545 514.3 477.4 449.8 437.4 432.1 426.2 421.4 414.3 399.4 390.7 377.6 367.1 359.9 357.2 355.7 354.9 359.4 354.4
1069 1084.6 1098.2 1073.6 1034.1 967 955 932.2 915.1 913.4 907.5 893.4 866.3 842.5 845.2 811.4 782.1 771.1 748.5 734.5 724.8 718.5 712.7 707.1 705.2 690.9 664.8 638.6 605 595.6 592.2 590.1 591.8 584.3 586.2 583.7 583.3 595.4 598 606.8 610.3 613.8 619.8 627 635.5 645.3 658.9 670.6 684.4 691.3 695.7 699 700 695.6 692.8 678.7 649.2 614.5 587.5 542.8 509.4 481.2 457.2 438.8 431.5 427.3 420.3 411 399.1 382.9 372.2 365.1 358.8 356.6 354.9 354.6 356.8 357.8
1078.5 1086.4 1092.8 1097.4 1050.1 998.3 978.4 957.5 948.2 946.6 941.4 921.4 896.5 881.2 864 838.9 818.8 799.8 781.6 770.8 765.9 755.3 748.4 737.5 734.7 706.9 685.3 644.5 615.8 602.7 592.5 586.8 580.5 572.4 579.3 568 570 580 582.8 590.2 593.1 597.7 609.3 614.3 625.3 636.5 650.8 663.1 675.3 682.6 687.3 693.5 696.8 694.5 688.8 671.5 646.8 617.1 582.7 545.3 501.2 471.7 451.1 438.5 429 422.5 414.8 401.2 387.5 379.2 371.3 364.4 360.3 355.4 354.6 353.1 354.2 355.9
1081.5 1087 1090.2 1092.7 1060.4 1027.4 1007 990.4 981.1 990.6 988.5 966.7 931.7 910.1 889.8 872.3 854.5 839.6 825.9 808.3 805.7 795.4 788.9 772.8 754.3 726.6 689.5 654.9 624.2 611.4 588.3 573 563.6 562.9 561.6 556.4 557.2 560.8 565.1 564.9 569 583.6 593.7 604.5 611.6 625.9 641.2 652.2 663.5 672.8 674.6 685.4 687.7 688.4 686.7 672.7 642.2 608.6 563.1 524 493.5 464.7 449.3 438.4 425.1 416.8 405.6 393.4 383 375.7 370.1 366.6 362.2 358.9 355.7 353.7 352.1 352.9
1080.1 1079.7 1080.7 1080.5 1072.9 1063.3 1041.4 1032.7 1038.4 1040.9 1032.6 1010.1 974.5 949.2 925.8 905.1 887.8 874.7 861.7 846.5 841 835.3 819.5 800.8 767.8 734.7 706 669.3 644.5 623.2 595.7 576.1 559.6 549.8 548.3 545.2 544.5 543.4 542.1 546.6 556.4 569.9 579.6 591.6 600.9 612.2 627.7 636.9 649.5 657.9 657.8 669.7 676.3 680.3 675.2 653.3 609.6 562.7 522.5 502.8 477.8 459.4 440.1 433.5 419.1 410.3 399.9 389 382 373.2 370.8 368.1 363.6 359.6 357.1 354.8 350 346.9
1074.7 1070.8 1068.9 1068.9 1065.3 1057.5 1050.6 1045.6 1041.1 1035.5 1028.8 1022.1 1016.3 994.3 975.8 952.7 936 936.8 913.5 892.3 885 867.6 840 814.9 782.6 745.6 716.6 681.7 662.5 640 612.4 582 567.5 552.6 536.6 531 530.3 530.4 529.3 535.6 545.8 554.8 563.4 573.1 586.8 601.3 610.2 620.4 629.7 635.7 646.2 653 657.5 648.1 627.8 602 555.5 519.2 502.1 485 463.9 447 434.6 425.7 417.3 407.5 392.7 386.9 377.7 371.5 368.1 365 362.8 358.8 358.2 356.9 351.8 345.1
1066.9 1062.9 1058 1054.3 1047.6 1042.6 1036.3 1030.8 1026.8 1021.1 1013.8 1013 1015.3 1007.3 1002.8 995.8 991.1 979.4 960.9 939.7 913.2 887.6 856.2 825 788.9 755.5 719.8 690.5 672.2 661.4 618.1 589.2 570.5 552.2 537.8 527.4 521.2 521.3 519.8 528 532.7 541.1 550 558 572.3 585.8 591.7 600.5 608.6 611.2 624.8 628.1 621.5 600.7 569.1 534.3 508.3 494.5 479.3 461.8 447.9 435.8 425.7 412.9 402.6 399.1 391.1 381.1 373 368.7 362.5 357.4 356.8 357.1 355.5 354.8 347.8 342.4
1054.2 1048.6 1042.7 1036.9 1031.4 1024.8 1014.4 999.4 983.5 978.8 976 984.1 977.7 976.4 965.6 958.4 958.7 957.1 952.9 942 927 898.4 861 828.7 796.7 767.2 736.1 701 678.7 649.9 611.4 591.5 570.1 550 535.3 524.5 514.6 510.5 511.4 513.3 517.8 526.3 536.3 539.5 545.8 557.8 566.2 572 561.8 566.6 564.9 555 549.2 535.4 515.6 496.5 478.5 466.2 455.7 441.9 430.3 422.5 411.7 400.1 388.8 382.7 379.4 370.3 363.8 360.7 357.3 351.9 349.4 349.9 349.8 347.9 343.4 339.2
1037.5 1032.8 1023.4 1012.1 997.2 990.3 975 959.6 941.6 934.2 933.2 933.5 930.2 930.1 923.1 914.4 917.1 918.1 919.7 914.4 909.7 906.7 881.9 857.3 824 790.6 759.4 719.6 691.6 639.2 618 589.7 567.3 550.5 532.9 520 507.8 497.3 496.6 497.9 492.7 499.2 510.2 514.3 511.6 509.8 515.1 516.1 524.3 517.4 506.1 499.8 493.4 487.1 479.8 467.6 453.7 440.7 431.3 424.2 415.5 405.9 401.9 393.8 382.8 375.3 369.6 366.3 362.2 359 353.9 349.5 344.9 342.9 346.1 346.4 342.7 338
1012.9 1000.2 983.7 966.5 952.1 950.2 936.1 918.3 905.3 894.8 892.3 889.1 883.2 886 881.6 872.9 871.7 876.1 879 877.1 875.2 880.2 875.4 873 857.6 821.3 774.1 738.1 681 644.1 621.6 585.9 564.1 548.3 524.5 509.2 500 484.2 476.8 473.7 466.6 474.2 475.9 476.2 474.1 471 475.1 474.8 464.7 466.3 465.2 461.8 458.4 454.8 451 439.2 431.5 425.2 416.8 408.6 400.8 394.1 390.5 386.9 378.6 369.9 363.5 362.1 358.9 353 348.8 348 343.5 340.2 342.2 344.8 340.9 337.6
971.6 955.6 939.5 925.3 912.1 911.5 897.7 881.6 868.9 858.4 852.4 847.1 841.2 842.2 840.7 832.4 830.9 834.7 839.9 839.6 837.2 848.6 839.5 836.4 828.4 818.8 782.9 736.2 683.3 648.1 614.9 582 559.8 541.7 512.1 501.2 483 468.5 457.4 453.8 448.2 450.8 449.8 446.8 445.6 439.7 440.3 437.6 435.1 435.8 433.9 430.3 428.8 426.9 423.4 418.1 414.7 410 401.6 394.2 389.7 384.8 382.5 377.3 371.2 366.1 359.2 357.5 354 345.3 345.2 343.4 340.7 338.4 337.6 338.7 340 336.1
930.1 912.8 899.4 890.2 873.9 870.3 860.2 847.4 834.6 822.6 814 807.6 802 801.1 800.5 791.9 791.9 796.1 801.8 800.3 804.7 807.4 801.2 787.9 787.1 775.6 760.2 728.8 691.1 651.1 613.4 576.4 548.9 521.3 497.4 486.6 471.9 457.1 440.5 442.6 431.5 433.4 428.6 428.2 421.2 415.7 416.6 414.3 412.6 407.4 406.7 406 403.4 402 403 401.5 401 396.5 387.7 382 379.3 374.1 372.5 368.6 363.2 360.8 356.7 354.2 346 344 342.4 340.9 337.5 336.1 334.9 334.9 334 329.4
890.8 873.9 863.1 851.5 837.5 826.6 819.5 807.6 794.6 787.5 779.2 770.2 763.6 762.1 761.3 754 755.4 760.3 763.1 761.9 765.7 768.5 759.5 748.7 744.5 734.2 720.5 693.6 674 639.4 596.2 563.3 534.9 508.8 488.5 470.2 453.2 443 434 425 420.9 416.4 409.5 406 403.7 401.5 401.1 397.2 392.9 387.8 386.8 386.4 385.8 385.6 382.9 381.2 383.1 378 373.8 370.7 366.6 365.5 367.1 362 357.3 357 353.2 347.9 344.4 341.2 339.9 338.6 335.4 334.8 334.6 331.4 329.2 326.1
851.4 833.7 823 814.8 800.1 785.8 786.1 772.7 759 750.6 741.9 734.8 729 726.6 724.3 719.1 719.3 723 725.6 719.3 727 723.1 719.6 708.5 704.6 697.2 686.7 660.8 637.4 610.2 581.9 549.1 522.3 501.1 479.8 460.9 446.1 438.2 430.4 422.5 407.9 406.3 397.7 397.2 392.5 391 388.5 384 377.9 375.9 372.5 372.9 371.1 370.3 368.7 367.1 363.8 363.5 357.6 357.3 357.3 358.9 360 357.2 354.4 353.3 347.5 344.7 341.6 338.3 337.2 336.2 333.7 333.5 335.5 333.2 329.5 327.5
821.6 801.2 787.3 779.1 764.2 749.5 746.9 737.1 726 715.3 707.7 702 695.4 691.2 688.9 684.3 680.7 683.6 682.3 677.8 678.9 683.3 677.1 669.7 664.8 657.4 647.4 628.4 604.6 576.5 553.3 529.9 504.2 486.1 466.1 453.5 440.8 432.8 424.4 418.4 411.8 404.2 399 394.2 389 384.3 381.6 379.6 370.5 369.4 365.9 365.1 362 360.3 357.5 355.9 354.3 352.6 347.8 348 348.5 351 354 353.2 351.2 347.8 344.5 342.4 339.2 336.4 334.8 333.4 331.8 332.6 336.7 337.8 327.5 324.7
793.9 771.5 754.7 744.4 735.8 719.2 711.2 703.4 694.2 682.8 674.4 668.1 662.3 660.1 657.4 650.6 646 643.5 639.6 630.1 638.4 628.4 637.6 630 626.1 619.4 611.2 585.9 565.7 547.6 525.7 505.8 485.4 467.6 453.6 442.6 433.5 426.3 419.4 413.5 409.7 404.9 400 396.1 391.4 384.8 376.5 370 366.9 362.4 361 359.3 357.9 355.8 352.9 350.5 349.3 346 343 344.8 344.1 345.5 346.9 349.5 348.3 343.4 341.7 340.5 337.1 334.9 333.1 331.6 329.8 331.2 334.6 335.8 327.4 322.4
764 740.2 722.9 712 703.2 690 675.9 669.9 662.3 650.5 640.7 634.1 628.8 625.2 620.8 615.4 609.9 607.3 600.8 595.3 592 589.2 593.5 591.9 587.6 580.7 581.1 554.8 535.9 519.7 499.9 482.6 465.6 453.7 441.2 432.2 424.5 418.8 412.6 407.8 404.7 401.6 397.4 393.2 388.5 381.3 374.6 368.3 362.5 359.1 355.7 352.7 352.7 353 350.2 347.3 344.5 341.8 341.1 341.7 342.5 345.6 344.3 344.5 343.1 340.2 339.4 336.5 333.6 332.7 331.2 329.2 328.2 328.5 331.5 334.7 328.6 320.1
737.1 713.4 694.1 681.1 672.5 661.5 646.7 635.2 628.8 617.8 607.9 602 597.3 592.1 585.3 579.6 575.2 571 565.3 561.6 556.2 554.8 556.1 553.5 548.3 545.2 535.5 525.2 506.3 489.4 475.7 462.4 448.9 439.2 431.9 421.9 416.2 411.3 405.5 400.8 397.9 394.8 390.5 383 378.3 373.4 367.2 362.6 358.9 356.3 354.9 353.3 348.1 348.1 347.5 344.1 341.3 339.9 339 339.6 340.5 342.5 341.7 340.9 339.9 338.8 337.6 334.4 332.2 331.5 329.9 327.9 326.3 327.2 330 330 324.3 318.7
709.9 687.5 666.3 649.1 640.8 633 614.7 604.1 597.8 589.8 578.7 572.4 566.1 560.9 552.2 546.8 542.5 539.4 533.7 528.9 524 520.7 518.2 516.6 514.2 509.5 500.5 489.2 475.9 462.5 453.5 445.8 436 429.5 421.1 414.7 408 403.2 398.4 394.7 391.4 388.6 382.8 376.1 370.3 365.5 360.9 359.2 355.8 353.8 353.5 353.4 346.9 344.4 342.7 341.5 339.9 338.6 337.4 338.1 339.3 340.5 340.3 340.4 339.3 337.5 335.1 332.8 331 327.7 326.7 326.8 323.9 325.5 324.5 322.6 319.5 317.5
678.9 661.3 642.8 623 607.5 600.7 588.7 565 568.2 560.5 553.1 543.7 537.7 532 524.1 518.1 511.9 507.9 505.5 498.9 496.2 488.3 485.7 484.2 479.8 474.6 469.3 461.5 453.9 444.2 436.9 430.3 423 417.8 412.3 406.6 399.3 396 391.9 389.4 385.8 382.1 376.4 369.9 363.6 359.7 355.5 353.7 352.1 350.5 348.4 346.7 343.7 342.6 341.2 339.8 338.5 337.7 336.9 336.8 337.7 339.1 339 339.3 339.6 336.7 333.6 331.8 327.6 325.1 323.3 322 320.9 320.4 319.4 316.4 317 316.1
652.2 634.8 617.3 600.9 586.1 572.8 560.4 551.4 542 534.3 525.1 517.5 511.3 504.2 497.9 489.9 486.4 482.2 475.3 473.8 468.6 461.5 458 457.3 454.6 447.7 443.9 439.9 433.1 425.7 417.8 413.5 409.7 405.1 400.2 394.1 390.9 388.2 386.5 382.7 380.1 376.7 370 364.3 360.5 356.7 352.9 350.3 348.3 347 344.1 343.1 342.4 341.2 339.9 338.5 337.8 336.9 335.9 335.5 336.3 336.4 337.9 338.1 336.3 334.3 332.3 330.1 325.9 326.3 326.6 323.5 322.4 320.4 319 319.5 316.4 311.8
626.9 609 594.1 578.9 564.8 552.9 541.5 531.5 519.2 510.5 501.7 493.5 487.6 481.1 473.5 466.9 462.4 456.7 451.5 451.2 445.2 441.7 440.4 435.8 433.4 427.4 422.9 417.1 414 409 402.1 398.9 396.1 390.5 386.5 383.4 381.5 380.1 377.2 375.5 374 370 362.3 358.5 356.3 353.6 349.9 347.7 345.4 343.4 342 341.6 340.9 339.9 338.5 337.8 337.2 336.6 335.7 334.8 334.9 334.7 334.4 332.7 331.9 332.1 330.3 328.5 328.6 329.1 328.1 325.7 324.6 324.4 323.9 320.9 320.6 316
602.9 588.4 573.1 560.9 548 535 516.9 508.9 497.3 489.1 479.9 473.8 467.6 457.6 451.1 447 440.5 437.1 431.3 429.5 426.5 423.6 420.9 415.1 413 409.6 405.4 400.2 397 393.8 389 386.2 382.7 379.9 377.7 376.1 374.4 372.5 370.8 369.9 365.8 360.4 356.9 354.7 351.9 349.5 346 344.8 342.7 340.9 340.6 340.2 339.5 339.1 337.7 337.2 336.6 336 335.4 334.6 336.3 337.5 335.9 335 332.7 331.5 330.7 332 332.5 332.3 330.5 330.2 331.2 332.1 330.9 329.7 319.7 316.3
