app/static/ascii/NN25.asc
ncols 200
nrows 200
xllcorner 220000
yllcorner 750000
cellsize 50
[rows 70 to 104 of 200, columns 78 to 155 of 200]
690.3 693.7 702.2 711.9 718.9 728.7 736.3 746.8 757.5 771.8 786.2 796.6 801.8 809 812.5 814.4 811.7 806.1 801 797.5 786.5 775.2 760.3 740.4 714.2 693.9 671.6 647 624.7 599.1 569.6 549.7 529.3 518.7 510.1 494 477.3 459.3 446.4 434.5 424 415.8 414.8 418.3 427.3 434.7 444 453.5 467.2 476.1 486.8 495.4 504.2 513 522.6 527.6 534.2 538.5 542.7 543.6 544.9 543.7 541.4 534.5 525 519.6 514 509.1 502.7 494 488.4 481.7 478.5 473.3 467.9 464.4 455.3 444.6
674.9 682.2 691 700.1 707.7 716.8 724.2 735.8 743.5 763.2 774.1 780.3 786.5 791.8 794.9 794.2 788.8 785.9 783 777.3 770.8 762.6 750.8 737.4 719.5 700.6 677.8 652.1 627.4 604.5 573.2 554.5 534.3 523.2 517 503.9 479.4 455.7 438.7 425.7 416.6 407 401.1 404.2 409.9 420.7 428.6 436.4 447 458.1 466 475 484.6 492.4 501.9 505.2 512.1 519 521.7 522.8 523.5 521.6 523 516 508.9 503.5 497.7 495.1 489.4 480.3 477.6 472.1 466.9 462.6 460.4 453.4 444.9 437
660.9 667.8 675.6 684.1 695.4 704.2 710 720.8 733.7 752.4 755.8 756.8 762.7 770.2 772.3 772.7 769 763.6 760.8 756.7 751 742.7 735.2 725.4 712.9 698.6 681.7 658.7 629.9 607.4 579.7 558.6 538.3 524.9 515.8 496 472.7 449.5 427.7 413.4 406.7 396.6 391.1 393.1 395.3 405 413.8 423.7 430.5 439.1 444.5 451.9 461.1 469.9 477.7 483.9 491.8 493.9 499.3 500.1 498.3 499.1 497.6 492.8 485.8 482 477.5 476 472.1 465.5 462.2 459.8 454.8 451.3 446.6 442.1 433.3 430.8
649.4 654 661.4 670.5 683.3 689.3 697.1 708 719.2 733.4 732.5 729.6 732 737.5 742.1 743.6 743.8 738.6 734.1 730.1 725.3 722 715.2 706.7 698.6 686.7 675.5 659.3 640 615.1 587.9 562.8 545.2 520.1 494.1 472.1 456.9 436.7 414.5 408.9 396.6 388.6 383.9 382.1 386.1 391.6 399.7 407.7 413.8 423.1 429.2 433.2 440.2 445 450.4 457.5 463.5 466.6 470.7 472.4 471.1 472.5 470.5 466.3 459.8 456.2 455.4 453.2 451.9 448.4 443.7 441.4 439.7 434.4 430.4 426.4 422 421.9
632.1 638 647 653.1 666 676.5 682.2 689.4 697.8 702 690.6 695.2 697.5 701.9 709.6 703 708.3 704 705.4 702.1 698.6 692.9 693.1 687.7 677.8 670.3 660.8 649.3 630.3 607 579.5 551.3 532.8 505.5 476.4 448.5 432.2 417.2 405.3 398.9 390.2 382.9 377.3 370.4 375.3 380.4 386.3 391.6 398 405.3 409.4 413.5 418.4 423 427.6 433.6 437.7 442.1 444 446.9 448 448.9 446.6 443.3 438.8 434.6 433.9 432.5 432 429.3 428.3 425 424.9 421.7 419.8 416.1 414.8 410.4
603.7 615 625.2 633 639.5 654 654 658.7 667.4 654.8 648.1 654.4 653.2 669.6 668.6 661 668.5 660.2 665.9 666.5 664.7 660.3 655.9 658.7 655.4 643 631.1 619.3 602.9 579 558.9 533.8 510.3 484 458.1 434.7 418.4 402.9 398.8 388.3 380.9 375.2 371.9 365.5 366.5 370.1 372.8 377.3 384.6 389.9 391.5 395.1 397.3 401.9 408.1 409.8 414.6 415.5 419.5 424.5 424.8 422.9 421.8 419.4 415.7 413.9 413 413.1 413.4 412.1 407.7 408.4 407 410.4 406.7 402.6 401.9 400.4
572.1 588.5 600.4 604.3 599.5 611.2 615.5 613.3 612.4 608.8 606.5 608 613.7 625.6 627.4 625.2 625.1 622.3 627.8 625.7 619.5 624 618.6 613.4 611.7 605.3 591.9 576.6 561.9 544.2 525.7 502.7 480.5 459.9 442 420.5 405.5 400 390.6 380.7 373.7 368.1 364.4 361.9 359.6 361 363.8 365.8 369.3 372.1 374.6 377 378.1 382.9 385.6 386.9 390.8 392.4 396.7 397.1 401.1 401.3 398.8 397.3 396.1 393.9 393.7 393.8 392.7 389.9 391.7 391.8 391.5 391.5 391.5 389.3 389.3 389.6
539.3 552.1 562.1 564.7 565.9 569.5 574.3 564.6 565.7 564 564.3 570.4 575.3 582.1 583.7 581.7 577.7 580.6 588.2 585.5 577.6 579.8 575.7 571.5 568.7 559.6 555.9 538.2 526.9 510.7 489.6 472.3 455.9 439.7 424.9 410.3 397.6 387.8 379.8 372.2 366.5 360.1 357.2 355.1 347.4 352.5 355.4 356.4 358.7 361.5 362.6 362.2 364.7 367 370.1 369.6 371.3 373.4 376.8 377.3 379.7 380.7 380.5 380.1 377.9 376.3 377.2 377 377.2 374.8 376.1 374.8 376.7 377.5 376.6 375.5 378.1 376.5
501.5 514.8 523.1 523.1 527.8 528.5 534.8 525.1 524.4 523 525.8 527.4 533.2 538.4 541.7 539.6 539.1 541.3 542 543.3 536 537.9 537.2 530.1 529.5 523.6 515.2 506.5 489 471.6 459.4 442.6 432.1 418.7 407.5 392.5 385.1 377.7 372.2 364 358.8 353.8 349.8 346.6 343.7 345.3 346.4 347.9 348.8 350 351 352.2 355.3 353.1 355 356.4 357.1 358.1 359.2 359 363 364.5 365.3 365.8 360.4 361.4 362.3 362.1 361.2 363 361.7 360 362.2 362.4 361.8 363 363.2 364.4
466.3 474.3 485.4 483.2 492.7 493.5 497.7 487.4 488.5 487.7 491.6 492 494.5 499.7 500.4 499.5 503.1 504.1 501.6 499.6 494.9 496 497.1 494.5 488.5 484.6 477.9 471.5 458.4 441.6 430 417.7 408.7 398.3 389.6 378.9 373.5 366.5 359.9 356.1 352.5 347.4 343.4 339.4 336.9 337.5 339.7 340.1 341 341.3 341.4 342.3 344.2 343.2 345.8 346 345.3 347 346.2 347 349.3 349.9 350.2 351 349 349.8 351.6 349.8 350.2 351.2 348.6 347.4 348.8 348.2 350.4 350.9 351.1 350.7
433.8 444.5 448 448.9 455.3 458.4 458 451.6 454.4 455.6 458.1 459.9 459.4 463.5 462.9 467.3 468.3 470 465.1 462.7 462 461.2 457.4 456.5 452.9 449.4 442.1 437.9 425.9 414.4 404.9 395.2 387.9 383 371.9 365.2 360.8 356 350.3 347.5 345.4 341 335.1 332.1 330.3 332.3 333.3 333 332.9 333.5 333.4 332.5 335.2 334.3 335.8 337.3 336.8 337.8 337.7 338.5 339.6 339.8 338.4 340.6 340.2 339.8 340.5 343.1 342.5 340.1 338.2 338 337 338.6 340 341.2 341.8 339.7
405.9 414.9 421.2 422.9 423.8 425.8 420.3 422.4 426.3 426.8 430.3 432.3 431.2 431 432.8 434.6 436.2 435.6 431.6 431 429.6 430.2 424.6 422.8 420.7 418.3 412.9 407.2 399.4 391.4 383 376 371.9 364.8 357 352.8 351.1 347.7 341.1 340.1 337.8 333.5 329.2 327.1 326.9 328.5 327 327.2 327.2 327.1 325.2 324.2 326.2 325.8 327.5 327.4 328.1 329.5 330.2 332.3 331.3 331 331.2 331.3 330.2 331 333.2 334 334.3 333.5 332.9 335.5 332.7 331.4 333.4 334.2 333.9 333.4
384.4 389.3 393.3 396.3 398.5 394.1 396 397.5 399.1 402.1 402.8 404.7 405.9 403.3 407.1 404.8 406.5 406.3 405.4 403.3 402.2 399.8 397 394.6 392.9 390.4 386.8 383.1 377.2 373.1 365.1 361.1 356.3 349.8 347.3 343.2 341.6 337.2 331.7 333.1 331.3 327.8 324.4 322.1 323.5 323.6 322.1 321.8 322.8 321.8 317.2 320 316.8 317.8 319.5 320.9 319.3 321.6 322.4 323.8 323.2 324.3 324 324.3 324.8 324.1 324.2 327 327.7 326.7 327 328 326.9 327.4 327.2 326.7 327.2 327.1
363.3 366.6 373.2 376.3 375.4 374.1 369.6 373.1 377.5 380.6 380.4 382.5 382.6 381.6 382.9 384.4 384.6 383.3 380.7 378.7 376.1 378.1 374.3 372.9 371.8 369.2 367.2 363.4 359 356.6 352.8 350.3 344.8 336.5 333.2 334.3 333.5 330.1 325.5 324.9 324 322.4 319.8 318.1 317.1 318.4 317.3 317.3 316.8 314.7 311.7 312.3 313.5 311.9 312.8 313.3 311.6 315.2 318.2 316.7 315.5 317.7 317 318.7 317.7 317.2 318.7 322.3 322.2 319.4 319.9 320.9 321.4 322.9 321.8 320.8 322.4 324.3
348.2 348.2 355.6 358 355.4 354.4 353.3 353.5 360 361.2 361 363.1 363.7 362.5 363.1 364.2 364 363.6 362.2 360.4 358.1 356.9 357.3 356.2 354.6 352.2 350.8 348.3 344.4 342.9 341.1 338.6 332.9 326.7 324.5 323.6 323.8 322.2 319.4 318.6 317.6 316.4 314.1 311.8 311.1 313.2 313.3 312.8 311.1 308.6 305.9 305.5 310.2 308.6 306.2 305.9 306.9 308 311.8 312.6 310.6 311.6 311 312 311.6 312.1 315.5 317.1 317 315.4 316.4 316.5 315.6 319.9 316.9 317.8 318.7 318.3
331.1 335.1 338.2 340.3 340.2 338.9 339.7 339.4 342.9 344.9 344.5 344 344.8 344.6 346.3 347 347 346.1 346 343.5 341.9 342.8 341.3 340.5 339.8 339.4 337.7 335 332.2 330.3 330.2 326.2 324 321.4 318.4 316.7 316 313.4 312.6 312.5 311.6 310.9 308 305.7 304.9 308.3 308.8 308.5 306 303.9 303 302.8 301.7 301 300 299.1 301.2 303.6 306.7 305.3 305.3 306.3 306.7 307.2 307.3 308.2 311 311.5 310.8 310.5 310.5 310.7 311.8 313 313.1 313.3 313.4 312
324.3 321.4 322.6 323.7 326.3 326.6 327.5 327.7 330.4 330.7 331.2 330.3 330.2 330.8 331.8 333.5 332.9 333.4 333.3 332.5 330.5 329.9 329.5 329.7 328.7 327.6 327.7 325.4 323.9 324.5 321.8 319.7 317.4 315.1 311.5 309.7 307.4 304.5 304.9 305 305.6 305.3 302.6 299.4 301.1 302 302.8 303.6 301.2 300.5 299.6 300.3 299.9 297.2 296.5 295.9 296.3 300.4 301.7 301.1 300.8 303.5 302.8 303.4 303.1 306.2 306.2 306.1 307.3 307 307 307.5 309.9 309.6 311.1 308 308.8 311.9
311.2 308.8 308.8 312.4 314.4 314.7 316.9 317.5 319 319.7 318.7 318.3 319 319.6 319.7 321.6 322.1 321.5 321.3 320.6 320.7 320.4 319.6 318.6 319.1 318.9 318.1 317.7 318.5 317.7 315.2 313.3 309.4 308.2 304.9 302.5 300.3 299.1 297.3 297.6 298 299 296.9 294.4 296.1 296.8 296.4 297.8 296.6 296.5 296.8 296.7 294.6 292 293.4 291.9 293.5 295.3 296.3 294.3 295.7 296.2 297.5 298.3 300.4 302.8 303.1 302.7 303.7 303 302.9 304.7 306.1 305.7 306 305.3 305.2 305.4
299.7 298.7 299.1 302.4 302.8 305.6 307.2 308.9 311.5 311.2 308.5 307.4 309.4 309.5 310.6 310.7 312.2 311.7 310.9 310 311 312.6 311 312.9 310.1 308.5 310.7 309.5 310.1 308 305.6 305.3 301.5 299.2 297.7 295.5 293.7 292.2 291.3 290.4 291 292.1 291.1 288.6 291.7 291.6 290.7 292 292.2 292.1 290.9 289.8 288.7 288.5 288.4 288 287.9 288.4 288.2 289.6 291.4 292.5 293.1 296.8 298.1 298.3 299.3 300.5 300.6 300.3 301.5 304.6 303.6 303.9 303.9 303.2 301.5 302.6
291.5 287.8 289.5 290.6 293.9 294.8 297.9 298.4 302.3 300.9 302.6 299.8 299.8 301.4 300.6 302.4 303.1 301.5 300.6 301.5 302.7 303.6 302.8 302.6 303.3 300.8 301.2 302.3 301.2 299.5 297.8 296.6 293.9 291.5 290.8 289.3 288.5 287.4 286.9 285.8 285.8 287.4 285.5 284.7 286.4 286.5 286 287.1 288.9 286.1 284.2 283.5 282.8 284 284.8 284.3 283.5 283.1 285.1 285.2 286.8 289.6 290.4 293.5 294.8 296 296.6 298 297.7 296.9 298.7 300.6 301.2 301.3 300.3 302.1 299.3 298.2
283.3 279.8 281.8 282.3 283.7 285.8 287.4 287.1 289.6 290.4 291 293 292.8 293.2 293.1 292.4 293.6 292.6 293.9 293.5 294.3 293.7 293.8 294.5 294.1 293.4 295.1 295.2 294.5 291.8 290.6 288.4 286.5 284.1 283.8 282.7 281.2 282.1 279.6 279.7 281.2 280.9 282.4 280.1 281.3 280.8 282.2 283.1 282.9 280.6 279.9 277.9 277.5 278.3 278.5 279.1 278.3 278.6 277.7 280.8 279.9 283.8 287 288.9 291.9 293.5 295.1 295.1 294.3 294.3 296.5 297.9 297.9 297.8 296.1 298.4 298.3 296.5
276.7 273.3 273.9 276 276.1 278.1 279.6 278.5 280.7 281.3 282.1 283.3 285.1 286.5 284.6 286 285.1 284.3 284.6 285.6 286.1 285.8 286.6 286.4 286.6 286.3 287.9 287.7 285.4 284.4 283.2 280.6 279.3 278.2 277.4 277.9 276.9 277.4 274.6 273.8 274.2 276.1 277.4 276.7 275.8 276.5 279.2 279.5 277.2 274.7 274.4 274.7 275.2 274.1 275.7 277 276.5 278.1 276.7 278.1 277.4 282.1 287.8 290.1 290 290.5 293.3 293.8 293.8 294 295.2 296 296.1 294.8 295.1 295.7 294.7 293.8
270.4 269.9 266.7 266.5 268.7 271.4 273.7 273.3 273.2 274.3 275.5 277 277.7 277.6 278.2 277.8 279.2 277.1 279.3 277.8 278.3 278.5 279 279.9 280.1 280.3 281.4 281.6 279.1 278 276.6 274.1 274.4 273.5 273.4 273 272.1 270.8 270 269.5 270.1 272.1 273.1 270.8 270.7 272.9 274.6 272.5 273.2 270.9 271.8 270.3 271.5 270.7 270.7 273.6 273.3 274.6 272.8 278.1 276.1 281.5 287.6 290 292 291.6 292.4 293.6 292.7 292.2 294.2 296.4 296.2 294.2 293.1 293.6 293.1 294.4
266.4 264.4 262.3 261.5 261.6 265.7 266.8 268.1 268.5 268.8 270.1 273.2 271.2 272.3 271 270.7 269.8 271 272.3 271.3 272.3 273.2 273.9 274.3 275 276.2 276.1 275.3 274.1 273.9 271.1 269.3 268.5 268.3 268.4 268.4 268.1 266.1 266.2 266.3 267.4 269 268.8 270.6 266.6 268.7 267.6 266.3 266.2 267.5 266.8 266.7 267.8 268.6 268.9 269.7 270.8 270.9 271.7 275.1 276.8 282.8 287.9 291.8 294.7 294.6 292.4 292.6 291.3 291.9 292.1 293.3 291.8 291.2 291.8 289.2 291 291.9
259.2 257.8 256 255.6 255.6 258.8 259.8 261.5 262.3 263.7 265.3 266.5 266.5 266.5 266.1 265.8 265.5 266 266.7 267.7 268 269.3 270.9 271 271.4 272.2 273.4 272.6 271.2 268.6 266.2 264.6 263.6 263.6 265.6 264.5 263.1 262.4 262.6 263.1 263.3 264.6 265.2 266 263.1 264.5 263.7 262.2 263 265.6 266 267.3 266.6 268.1 266.4 268.4 269.1 268.8 272.1 273 278.7 283.3 287.9 291.3 291.9 292.1 289.9 289.4 289.2 289.6 291.9 290.1 288.4 288.5 287.7 286.7 287.8 292
249 249 251 251.3 252.4 253.8 255.5 257.8 258.1 260.1 261.5 261.9 262.8 262.4 263.6 263.3 262.7 262.9 261.3 261.8 263.1 265.3 267.2 267.4 269.9 270.5 269.4 267.5 266 263 260.9 259.7 259.3 259.4 261.2 259.6 259.1 259.5 258.6 260.2 260.3 261.1 261.3 261.9 261.4 261 261.8 260.1 261.2 261.8 262.5 260.4 261.9 263.2 265.6 267.5 267.8 267.2 270.1 271.7 275.7 280.6 285 287.7 290.5 287.6 287.8 287.4 285.9 287 289.3 289.4 287.6 286.8 284.5 286.3 286.1 287.8
249.4 245.7 248.2 248.6 250 251.2 252.3 253.3 256 257.1 257.8 259.9 259.5 259.4 260.7 260.7 260 260.1 259.1 258.5 259.4 261 261.3 263.1 265.7 265 263.3 261.1 259.7 257.4 256.8 255.7 254.4 255.3 257 256.8 255.4 256.4 257.5 257.6 258.9 258.6 259.5 259.3 259.1 258.3 260.9 258.9 259.6 260.9 262.2 259.4 263.9 264.2 265.2 266.4 267.7 266.4 270.7 270.8 275.7 277.8 281.1 283.6 284.6 283.9 284.6 283.3 283.1 284.1 284.4 284.7 283.9 284.1 284.4 284.9 286.2 287.9
251.9 248.1 244.8 247.6 248.9 249 249.8 251.2 253.1 253.4 255.2 256.2 256.3 256.8 257.8 258 255.3 257.1 256.8 255.3 254.7 255.5 256.4 258.4 259.8 258.9 258 256.7 254.2 253.4 252.3 251.2 250.4 251.4 251.8 250.8 252.2 253.4 254.2 257 257.8 256.6 257.8 257.9 258.4 256.3 260.6 260.3 259.9 259.3 259.8 258.6 259.6 261.2 262.9 263.8 265.7 265.6 268.4 271 273.1 275.9 278.5 281.3 282.9 281.9 282 284.1 282.6 282.6 282.6 282.5 282.3 283.2 283.9 284.9 286 287.3
252.8 247.5 241.9 245.5 246.6 247.8 247.9 249.2 250 251.1 252.9 253.5 254.6 255 254.7 255.4 253.4 253.7 253.2 252.7 252.1 251.7 253.2 254.5 256 255.4 255.2 253.4 251.1 250.4 248.1 247.9 247.4 249.3 249.6 248.7 249.4 250.9 250.7 252.2 254.5 254.6 256 255.8 256.6 253.5 256.2 258.2 257.2 256.7 257.3 257.4 259.1 260.1 260.7 259.9 260.9 263.7 265.2 267.6 270.1 274 278.4 281.5 281.5 279.7 280.3 280.8 280.3 281.2 281.4 280.3 280.4 283.9 284.4 284.7 284.3 285.1
253 245.2 242.6 240.2 245.5 246.4 247.4 248.2 248.8 249.3 250.1 251.5 252.3 252.7 252.2 252.2 251.7 250.6 250.5 249.6 249.9 250.8 250.5 250.4 251.7 251 250.8 249.7 248.8 246.8 245.8 244.4 245.8 247 247.3 247.1 247.1 248.7 249.1 250.9 252.2 253.1 253.9 253.5 253.8 253 254.4 253.7 254.1 254.8 254.2 254.5 256.3 256 256.6 261.1 262.4 264.6 265.5 268 267 274.5 278.1 279.3 278 278.2 277.7 280 279.3 279.3 279.5 281.4 282.3 281.1 281.1 283.1 285.5 284.2
251.8 244.1 242.2 241.2 243.5 243.9 245.2 246 246.2 246.7 248.1 249.2 249.8 250 249.9 249.4 249 248 246.8 246.9 245.9 246.4 246.4 246.6 246.8 247.1 248.4 247.5 246.5 244.8 243.3 241.9 244.5 244.6 246.7 245.1 247.9 247.6 249.3 249.9 251.1 250.6 250.9 252.5 250.8 251.6 251.4 252.2 252.4 252.6 251.8 252.3 252.4 255.9 257.9 259.3 262.7 265.2 266.6 268.4 271.2 274.1 276.5 277.1 279 278.7 279.1 278.8 278.9 280.3 280.9 281.3 284.7 285.2 283.9 284.7 285.3 286.3
250.5 244.2 241.6 240.2 240.9 241.9 243.6 243.9 244.1 244.3 245.8 246.5 247.4 247.1 247.4 247.2 246.1 245.1 244.3 244.4 243.2 244.1 244.3 243.9 243.6 243.6 244.9 246.7 245.2 242 241.1 240.4 242.1 242.7 243.2 245.9 246 247.9 248.2 247.7 248.1 248.4 249.1 249.7 249.9 249.6 249.4 249.3 249.2 249.3 250.2 252.2 254.8 256.2 257.7 261 263.8 266.1 268 269.8 273.1 278 280.5 281.9 280.9 280.9 279.5 279.8 279.7 280.7 281.8 282.5 285.3 287.7 286.1 285 286.4 287
249.8 243.1 240.6 240.3 239.5 240.7 242.6 243.4 243.9 243.6 244.5 245 245.2 244.8 245 244.7 243.6 242.7 242.5 242.5 241.6 242.1 242.4 242.1 241.8 241.6 242.4 242.9 242.2 240.9 240.2 241.7 240.8 241.1 243.3 244 245.4 245.8 246.9 246 246.4 247.1 247.4 248.3 247.2 248.6 247.7 247.2 248.6 250.4 251.6 253.4 255.7 256.7 259.9 262.6 265.1 268.9 270.8 273 274.9 279.9 283 284 283.2 283.2 280.7 280.4 281 282.4 284.4 287 289.1 292.8 291 289.9 289.4 289.5
246.3 242.4 240.8 240.5 238 239.2 241.8 242.5 242.5 243.1 244.5 244.3 244.2 243.5 243.6 243.1 242.4 241.9 240.7 240.9 240.2 241.1 240.7 240.5 240.3 239.6 240.7 240.8 239.7 240 240.2 239.5 240.7 241 241.9 243.3 244.1 243.7 243.9 244.4 245 245.6 246.4 246 245 245.2 246.4 248.1 249.3 251.1 253.4 253.7 257.3 258.3 261.1 265.2 270.1 272.4 273.1 275.9 278.2 283.4 286.3 287.3 286.1 286.7 285.2 284 284.4 287.1 289.2 289.5 291 292.8 292.6 291.4 292.4 292.4
248.6 246.6 242.5 241.1 238.8 238 239.4 241.1 241.4 242.1 243.2 243.9 243.9 243.4 243.5 243 242.3 242.2 241.4 241 239.6 240.7 238.8 238.9 239.1 239.3 238.5 239.3 239.7 240.6 240.2 240.3 240.8 241.6 241.1 240.7 241.2 243.1 243.5 243.7 245.1 245.7 246.4 244.8 246.1 246.6 248.7 248.5 251.2 252.8 254.3 256.5 259.2 260.3 264 267.5 270.8 276.7 279 278.8 283.5 286.3 287.6 290.1 289.5 288.9 288.1 286.4 286 289.3 292.1 294.5 296.6 299.9 298.6 296.3 298.9 298.5
