app/static/ascii/NN26.asc
ncols 200
nrows 200
xllcorner 220000
yllcorner 760000
cellsize 50
[rows 0 to 34 of 200, columns 0 to 77 of 200]
768.8 783 799.2 808.8 823.3 822.9 809.6 805.4 790.9 780.6 770.1 767.3 748.1 735.9 714 682.3 651.6 630.9 613.3 600.8 591.7 588 591.8 597 589.1 585.7 581.5 586.3 583.6 582.9 590.4 598.3 604.1 607.6 611.1 614.4 614.1 612.7 611.3 607.9 604.6 600.6 596.8 590.8 580.6 567.8 552.4 540.8 537.3 529.3 518.2 511.8 513.4 510.6 504.4 494.2 484.2 493.6 491.4 489.6 486.6 486.7 480.4 473.1 467 461.6 454.4 448.8 444.9 440.4 435.9 430.8 426.7 422.5 418.2 413.6 407.9 401.2
745.3 737.7 760.6 771.2 774.9 778.3 774.3 762.9 755.6 747.9 730.5 722.2 720.3 715 701.9 665.1 635.6 612.7 594.9 584.4 579.3 583.2 591.6 588.4 575.2 563.9 560.4 561.1 565.2 572.3 577.7 582 586 588.7 592.7 595.7 595.5 594.3 592.6 589.4 586.2 583.5 577.7 571.3 561.2 548.5 532.6 521.5 519.3 516.4 505.7 494.2 500.1 497.4 490.8 482.7 473.1 478 475.7 474.2 470.7 469.1 465.2 458.8 453.4 445.7 441.4 437.2 432.6 429.1 425.8 421.8 418.2 414.8 410.6 404.8 398.8 396
718.2 704.5 716.8 734.2 739.6 731.8 726.1 729 719.6 713.3 692.9 685.9 690 684 667.3 646.2 614.3 594.5 580.9 571.2 568 580.5 574.2 564.7 547.4 538.3 541.7 548.7 550.4 556.3 560.5 563.6 566.7 571.7 573.2 574.7 574.3 572.4 568.3 566.9 563 558.7 553.3 549.6 540.8 528.7 517.2 506.7 506.2 503 498.7 480.9 486.2 481.9 476.7 469.6 459.7 461.6 460 457.1 453.3 450.6 448.1 444.3 438.7 432.7 429 426 420.7 418.3 415.1 412.6 409.2 406 402.7 397.5 394.4 393.4
682.3 677.7 680.5 686.1 699.4 696.6 688.2 688.9 683.7 672.6 653.9 647.3 654 648.2 638.9 625.7 600.9 580.5 568.4 557.7 560.2 554.9 552.8 537.9 526.9 528.8 538.4 530.4 535.1 540.3 544.8 548.8 552.7 554.1 553.7 552.1 551.1 548.3 543.9 540.7 539.2 535 530.1 524.3 520.6 513.5 505.2 490 488.9 489.8 479.5 468.6 470.4 464.9 459.8 454.6 445.8 445.3 443.8 441.5 439.5 437.9 435.1 432.3 426 420.4 417.2 415.4 411.2 408.7 405.8 403.7 401.5 398.9 396.2 393.2 391.3 392.3
675.2 669 662.4 655.2 664.4 663.6 660 649.1 646.7 635.5 622.9 620.3 622.5 621.8 618.2 600.4 586.2 565.5 556.3 546.9 545.4 533.6 528.9 517.6 516.8 515.2 511.1 517.3 521.3 524.2 527.4 530.4 534.3 535.1 533.3 530.7 528.2 525.4 521.6 518.6 515.6 510.9 506.6 504.1 499.9 493.5 488.6 478.6 474 470.2 461.9 452.6 452.6 448.6 444 439.4 432.2 430.5 430.8 429.4 428.4 427.8 424.3 420 413.1 410.2 408 405.2 402.3 399.7 397.9 396.4 394.2 393.6 392.8 391.3 390.4 390.8
644.9 648.8 645.8 631.1 625.2 621.7 628.8 626.7 618.4 610.8 596.8 600.7 599.1 596.6 588.7 583.6 573 553.1 544.4 531.9 522.1 517.1 505.7 507.8 501.5 494.8 502.7 509 509.2 510 511.8 516 518 518.5 512.7 508.1 506.9 503.1 498.4 495.9 492.1 489 486.3 484.3 478.3 472.7 469.5 460.2 461.2 450.7 444.7 436.6 435.9 434 429.2 425.7 418.8 420.1 421.2 420.2 418.9 417.4 412.8 408.5 403.3 402.4 400.4 397.7 394.5 392.3 391.1 390.3 389.4 389.9 389.8 388.4 386.4 390.1
629.2 632 624.9 609.2 597.2 588 592.9 594.4 591.4 582.9 571.7 576.1 577 573.7 575.6 567.6 563.2 543 525.7 513 508.2 498 493 487.4 483.4 486.7 493.1 494.8 496.4 497.8 500.1 502 499.8 497.9 495.4 492.2 488.6 483.4 479 474.8 471.3 467.2 465.5 462.3 459.4 455.1 452.7 442.3 436.5 431.8 428.2 422.5 420 419.1 415.9 413.5 411.1 411.3 411.9 410.9 409.7 407.8 403.7 400.2 396 394.6 392.2 388.6 387.1 385.9 385.9 385.7 385.8 386.3 384.5 381.9 387.2 394.4
600.3 601.1 589.9 586 572.3 561.5 558.3 570.1 564.5 559.5 552.5 556.3 562 562.1 552.3 549.3 542.5 523.2 509.7 500.3 489.5 488.1 476.7 471.2 475.7 482.1 481 479.9 483.4 484 486.2 485.3 481.9 480.3 478.3 475.8 469.3 463.8 459.5 455.9 452.2 451.2 444.9 442.5 439 435.6 432.4 426.5 418.7 416.2 413.2 409.7 405.4 405.6 403.7 402.6 403.8 405.5 405.1 404 403 401 396.9 393.3 389.7 386.9 384.6 381.8 380.9 380.4 380.7 381.2 381.4 381.4 379.9 381.8 387.1 390.3
563.9 556.4 563.9 567.5 551.4 547 541.9 547.1 541.4 541.4 543.3 546.1 542.3 540.6 542.2 534.7 523.3 508.4 498.5 487.6 475.7 467.1 460.8 464.1 467.8 469.2 470.2 470.1 470.2 470.7 470.4 468.8 465.8 462.3 460.9 454.1 451.9 446.9 442.7 438.5 434.6 432.1 428.6 425.2 421.5 417.2 413.1 409 405.5 403.4 401.3 397.7 392.5 393.9 395.2 395.8 396.5 399.3 399.2 398.4 396.2 392.1 390.1 387.4 383.8 380.5 378.1 375.7 374.7 375.5 375.2 375.8 376.6 378.6 380.8 383.3 389.2 388.5
554.7 548.8 546 548.4 536.2 532.9 531.8 527.2 526.1 520.4 522.7 531.6 535.8 532.7 531.9 523.4 507.6 496.9 486 476.8 463.4 454 452.3 455.4 455.7 458 458.8 459.8 458 457.3 455.9 453.6 448.2 446.4 442.4 437.9 436.1 432.1 428.1 424.3 421.1 417.7 414.7 410.9 406.9 401.9 398.7 397.4 392.4 390.8 389 387.4 384.5 385.5 387.9 389.8 392.7 393.2 392.2 391.3 386.9 384.3 382.9 380.8 376.6 374.7 374.1 372.9 373.7 373 371.5 370 372.8 376.2 381.8 386.4 389 389.5
534.1 533.7 529.2 528.7 519 518.7 519.8 509.9 506.3 503.9 507.4 517.5 517.6 510.6 507.9 502.3 493.3 483.7 476.7 468.5 457.1 443.1 441.2 446 448 448.7 450.5 449.6 447.8 446.4 443.3 441.2 436.3 431.2 426.6 424.8 421.2 418.1 414.8 411.8 408.5 404.2 401.2 397.8 394.3 392.6 390.3 386.1 382.1 378.5 378.5 376.8 377.2 379.9 383.3 384 386.2 385.4 383.6 382.3 380.4 377.5 374.6 371.5 368.6 369.7 370.1 370.7 370.1 368.3 367.1 368 372.6 378 388.5 399.1 394.1 390.2
508.5 506.1 502.5 502.8 500.7 503.5 499.4 487.9 490.1 484.8 491.1 498 495.6 494.3 494 487 475.8 468 462.6 453.6 443.8 431.2 430.6 438.9 439.8 440.6 440.5 440.2 437.1 434.5 432.2 429.4 424.4 419.1 414.6 412.6 408.3 404.3 402.5 398.9 396 392.5 390.5 389 387.9 385.8 382.7 379.7 375.1 369.1 367.6 369.3 372 375.5 378.6 377.1 380.6 378.1 376.8 376.2 374.2 371.2 366.5 363.2 363.9 365.9 366.2 366.3 361.9 362.8 365.2 365.1 374.4 382.3 391.6 393.8 391.5 385.2
483 479.8 477.8 478.4 481.8 481.4 477.5 466.4 460.9 471.1 482.5 481.5 479.7 483.1 475.5 465.2 454.8 452.4 448.4 439.5 432.7 422.3 427.3 429.3 431.5 431.5 431.1 430.7 425.6 424.3 421.2 417 411.7 407.3 404.6 400 396.9 394.1 391.5 388.9 386.6 383.3 382.8 383.2 381.9 379.5 375.2 373.2 369.6 364.1 362.4 364.3 368.1 372.2 374.7 372.6 372.6 369.3 367.2 367.4 365.5 362.3 356.3 358.5 361.1 357.1 358.8 359.9 360.6 362.2 363.6 368.4 372.9 376.6 382 379.5 378.1 372.9
450.8 452.7 454.5 457.3 462.4 457.1 450.4 449.4 442.4 458.8 461.8 459.1 459 460.1 452.5 446.4 442 439.2 433.1 424.5 423.2 411.8 420.4 420.4 423.7 426.1 425.1 418.8 419.2 416.2 410.9 404.9 400 394.6 391.8 389.6 387.2 385 384.4 380.5 378.2 377.3 377.8 378.6 377 373.6 369.1 364.2 360.7 358.3 357.9 363.1 368.3 367.3 364.1 360.3 359.7 358.9 355.2 353.1 354.5 355.6 357 362.1 366 372.5 374.1 374.7 366.8 366.8 369.3 367.4 365.4 365.2 366.6 367.7 369.2 370.6
407 414.4 422.7 423.7 431 430.3 430.7 431.6 427.7 431.2 435.4 434.7 435.9 433.5 432.5 430.1 426.6 424.4 416.6 412.9 409.1 411.2 414 412 418.1 415.4 409.7 411.6 415.4 403.3 397 391.8 386.3 384.4 382.8 381 379.4 379.4 377.3 373.9 371.1 370.7 372.2 373.6 371.9 366.5 360.3 355.5 353.9 354.2 356.1 360.4 362.3 359.2 355.9 353.1 351.8 353.9 356.1 358.9 356.1 359.5 366 376 385.4 387.5 385.4 382.4 380.6 381.1 383.3 379.7 376.3 375.2 372.5 368.6 369.5 371.5
376.1 381 389.2 391.6 399.8 404.7 404.5 402.5 404.5 411 413.8 415.3 414.3 414.2 415.9 412.1 409.2 408.5 404.5 398.3 401.2 402.2 401.3 410.6 405.9 405.1 404.6 410 397.2 390 382.3 378.2 375.8 375.7 374 373.4 374.2 371.9 370 367.8 365.6 364.5 365.8 368.7 365.3 357.3 350.5 350.2 349.1 352.7 353.9 351.9 350.1 350.1 349.7 350 352.4 354.9 358 359.1 361.3 370.7 373.1 382.1 385.9 387.7 385.7 388.3 389.8 395.5 394.1 386.7 387.8 386 375.2 370.3 370.9 372
356.3 360.8 364 366.9 372.3 376.3 378.2 382.1 384.3 392.4 392.4 396 397.3 397.3 397.1 394.8 394.5 394.1 389.9 394.7 395.1 388.7 395.2 394.7 397 402.6 397.7 389.9 383.2 376.6 371.1 368.8 367.6 368.8 367.9 367.3 366.4 364.5 363.6 363.2 359.9 360.1 359.3 361.4 355.2 348.3 346.8 347.4 347.1 347.1 347 347.5 348.3 348.5 352.5 362.5 364 359.4 360.9 365.4 373.4 376 380.2 388.2 384.8 393.7 393.4 390.6 392 393.6 390.6 388 388.6 385.6 374.1 370.7 371.9 372.3
335.5 339.2 342.6 347.6 350.8 355 362.6 370.4 369.3 371.1 372.4 377.2 379.6 380.9 383.5 383.8 383.4 378.4 381.2 382.7 378.7 381.8 379.2 388.2 389.3 385.8 378.3 375.6 369.3 363.6 358.7 358.2 360.9 363.8 365.3 365 363.5 358.3 358.9 357.3 353.4 353.2 353 353 345.1 343.1 344.5 344.5 346 346.1 346.9 353.5 362.9 378.9 375.9 375.6 380.9 381 377.6 376.1 379.5 386 391.4 390.9 388.3 394.3 391.9 392 391.5 388.1 388.5 386.9 384.9 380.8 375.5 374 373.7 376.1
320.1 322 324.8 328.5 331.9 335.8 340.6 347.1 350.7 355.3 357.8 358.7 360.1 364 369.9 369.7 366.4 360.5 363.9 368.8 371 369 375.8 379.6 374.9 368.1 362.1 357.1 352.9 346.5 350.1 357 362.5 365.3 363.3 362.7 357.6 356.9 353.1 349.2 347.2 345.8 343.9 345.8 341.9 342 343.5 347.3 356.3 368 382.7 392.9 400.5 399.7 395.6 393.3 396.8 403.2 404.4 398.7 396.7 399.5 401.1 402.9 402.2 399.5 393.6 392.1 389.4 388.4 387.2 385.3 382.7 378.8 376.1 374.3 378.5 384.2
308.9 309.5 311.1 313.5 319.2 324.6 328.3 331.6 337.9 342 344.6 341.7 342.9 354.5 357.6 353.6 347 348.4 359 361.4 358.3 366.1 367.9 364.4 364.9 352.3 344 340.8 337.6 346.2 350.6 357.2 350.9 353.6 355.7 351.2 348.3 344.5 341.7 340.1 340.8 340.2 340.7 339.8 340.6 346.9 356.4 365.4 379.8 385.5 396.3 401.3 408.9 409.9 407 410.2 416.1 420.5 422.4 420.2 418.5 417.6 414.7 414.4 412.9 410.7 403.1 395.5 389.9 389.5 387.5 384.6 380 378 374.8 378.8 381.1 386.2
294.3 294.1 297.7 305 310 316.6 319.5 320.1 328.5 328.4 326.4 326.3 333 340.9 339.3 330.3 339.3 345.9 348.3 350.7 354.4 355.7 354.4 353.4 348.3 338.6 327.8 328.4 334 336.6 339 339.5 343.8 348.6 344.3 340.9 335.4 337 340.7 339.8 339 338.2 341 351.1 363.2 378.2 374.8 386.4 393.4 401.5 402.9 409.4 419 423.5 426.3 430.1 434.5 436.5 434.6 433.6 432.1 434.8 432.9 433.1 427.6 421.8 415.3 406.2 396.3 390 388.3 385 380.9 383 383 384.7 387.1 390.1
280.7 280.7 283 292.1 299.8 306.6 312.5 315.1 320.6 321.1 320.7 322.2 327.2 331.1 322.3 330.3 336.8 339.4 341 347.7 348.6 346.8 345.1 341 331.7 320.2 315.2 317 327.8 329.8 332.9 337.1 340.9 339.8 338.7 333.8 337.5 341.4 343.1 343.1 343.2 349.1 361 373.8 383 388 397.2 403.9 408.8 412.8 416.1 426.9 432.1 441.2 446.5 448.2 448.4 447.4 447.3 444.5 443 442.9 442.9 443.8 432.4 428 419.2 412.9 402.3 391.9 390.1 381.9 384.1 385.3 386.4 390.2 389.6 390.8
274.8 274.5 281.3 287.9 292.6 297.2 303 308.1 316.5 315.5 314.1 317.7 321 315.1 323.7 328.7 332.5 334.2 338.2 342.2 338.3 339.7 334.8 326.3 321.8 313.4 327.2 318 323.7 326.7 330 335.5 335.6 333.8 335.2 340.1 343.9 346.9 349.2 359.1 368.8 374.8 389.2 397.3 403.5 410.3 413.7 425.6 434.1 436 442 446.8 451.1 454.4 463.2 465 461.4 457.9 455.7 455.3 450.4 451.4 447.9 441.2 432.8 427.7 420.6 410.8 400.2 394 385.3 382.8 385.9 387.7 389.5 390.6 390.7 391.8
272.5 273.9 277.3 279.4 282.6 286.7 293.6 299.4 309.4 312.1 305.1 302.6 312.7 319.3 324.8 326.7 328.8 332.5 332 330.7 335.7 328.6 319.6 321.4 313.3 324.4 330.1 324.1 321.9 325.1 332.5 338.6 341.4 344.9 344.1 345.7 354.7 365.9 379.2 401.3 404.1 421.3 426 431.9 442.7 442.3 449 462.7 470.5 475.4 471.9 474.5 477.7 474.5 479.5 479.5 474 469.1 465.7 461.3 455.5 453 447.3 437.3 431.3 424.1 417.1 406.9 398.1 392.8 385.2 384 390.8 389.4 388.9 390.6 393.4 395.1
270.1 270.8 271.2 273.6 274.9 279.8 286.9 293.7 299.3 301.7 297.8 306 315.3 320.3 323.9 324.3 324.1 324.8 326.8 327.3 323.2 317.7 316.2 311.2 326.5 331.6 332.6 328.2 328.1 338.5 348.3 352.1 349.7 353.3 360.2 364.3 373.2 401.9 420.2 423.1 425.8 442.4 451.1 461.9 469.9 475.3 481.9 486.1 492.1 505 510.4 503.8 506.1 507 499.3 492.2 482.7 476.3 471.2 467.2 459.7 452.9 445.4 435.7 430.6 424 417.6 409.4 398.8 389.2 385.9 386.6 390.5 389.2 389 396.4 398.5 400.4
282.6 279.5 281.6 279.4 277.2 277.6 286.8 291.3 294.6 295.8 298.5 306.7 313 319.3 322.9 323 321.7 321.6 323.3 320.3 320.4 311.5 306.4 322.7 331.2 341.3 336.7 334 338.9 341 349.5 357.2 365.1 375.2 382.9 396.1 407.9 420.8 432.9 440.5 450.1 460 471.8 480.2 489.7 496.1 505.8 516.4 516.3 519.3 529.9 529.5 531.5 529 517.6 503.3 495.4 481.9 475.3 469.6 462.4 454.2 443.8 434.7 430.1 424.8 417.8 408.5 399.4 391 388.6 388.1 388.9 393.4 396.8 400.6 404.4 407
300 293.2 291.7 288.5 283.6 278 286.4 294.4 299.5 300.3 301.4 317 323.1 325.1 324.3 322.8 319.8 319.8 320.3 320.1 309.3 311.1 322.8 331.4 337 340.7 339.4 339.9 344.4 350.5 361.9 373.8 382.2 387.6 399.1 412 423.5 439.4 448.5 456.9 465.7 478.9 488.5 497 504.9 513.7 521.5 531 534.1 541.2 537.1 542.3 543.3 539.4 526.7 510.1 500.2 485.4 477.9 471 462.9 452.9 444 436.7 430.8 425.1 416.4 406.6 397.8 394.2 388.8 388.8 391.2 395.3 404.7 405.7 409.1 415.2
328.7 315 304.3 297.7 291 277.8 288.9 296.1 306.1 309.3 327 327.5 329.7 327.2 325.3 321.8 319.3 319.5 320.1 310.2 318.4 321.3 331.4 337.5 340.7 344.7 345.7 350.8 357.8 374.4 395 399.1 398.4 403 416.6 424.6 434.9 452.6 462.9 470 481.4 489.9 498.8 510.1 522.4 530.6 533.8 542 548.9 560.2 554.3 550.1 550.7 543 532.3 517 502 490.2 481.3 472.5 462.8 453.5 445 437.6 431.2 424 414.9 404.4 398.1 392.5 390.1 390.9 398 403.6 405.5 414.2 415.5 426.3
340.4 327.3 321.3 310.2 300.1 276.2 294.5 301.5 312.2 323.6 320.7 331.5 332.3 331.7 326.7 320.3 320.5 321.5 314.5 308.7 318.6 330.9 339.5 344 348.6 356.4 359 367.7 381.7 398 411.5 420.5 429.5 435.2 447.9 455.3 464.5 470.4 483.3 497.1 505.5 508.3 509.9 521 536.1 540.6 547.4 552.4 559.9 563.4 555 551.9 548.8 538 535.2 522.4 504.2 492.3 482.3 473.4 463.9 455.1 445.5 437.4 430.7 422.3 413.7 403.6 397.2 392.4 392.3 396 399.7 409.3 411.4 422.7 427.2 438.9
340.6 336.3 329.7 318.9 307.5 296 296.3 302.6 312.6 313.4 317 323.6 322.6 319.5 315.9 316.7 318.2 308.8 303 314.5 323.8 331.6 345.8 358.1 375 380.9 388.1 405.8 415.6 427.4 429.8 439.6 444.5 455 465.9 479.4 489.1 500.6 504.8 512.3 522.5 529 539.8 545.8 543.9 550.8 562.5 572.9 570.4 567.6 559.2 555.3 552.8 547.5 546.3 525 505.9 494.4 482.8 473.6 464.1 454.7 445.4 436.7 429.3 420.3 411.4 401.5 394.1 395.9 396 402.2 408.2 410.8 421.3 427.7 439.3 446.6
348.8 343.5 338.3 330 317.7 304.6 294.1 302.4 305.1 308.1 309 309.5 305.1 302.4 299.9 301.7 301.6 303.6 320.2 326.6 341.5 357.9 379.3 390.7 401.5 406.4 421.3 422.5 439.2 448.8 456.1 462.9 468.1 482.3 489.6 496.8 508.5 519.1 524.6 530.2 542.1 554.6 560.5 563.5 562 568.1 574.6 589.4 580.5 574.8 567.8 565.2 563.1 558.1 550.7 526.1 506 492.1 482.9 473.3 463.7 454 443.8 436.7 429.1 419.3 409.5 400.6 397.6 402.3 399.2 404.9 412.3 416.7 422.5 440.4 452.4 460.3
352 350.5 349.9 339 327.4 310 298.3 296.8 299.3 300.3 297.9 300.6 302.9 306.6 310 315.8 323.6 329.7 343.7 355.9 371.3 386.6 403 407.6 419.5 431.1 440.1 444.8 457.8 467.1 475.7 484.1 491.5 497.6 506.1 513.8 523.5 530.2 543.9 547.8 555.9 565.9 576.4 578.7 583.4 579 584.6 590.5 586.2 584 582.6 578.1 565.2 561.3 546.4 527.2 508.8 492.5 481.8 472.4 463 453.9 444.1 438.2 430.8 419.8 410.3 401.8 399 402 403.3 403.1 413.9 420.6 433.2 445.1 458.5 471.4
369.1 360.9 346.2 336.1 323.6 307.3 299.7 297.3 296.7 300.6 304 308.1 310.8 314 318.9 329.2 342.6 353.8 366.5 385 395.6 408.1 413.7 423.4 440.7 450.7 457.5 462.7 475 484.5 491.3 499.8 506.1 508.6 516.6 526.5 535.7 543.1 548.6 556.1 562.2 572.4 581.7 589.4 593.9 593.3 593.7 593.9 592.5 592 593.9 579.7 566.7 556.8 541.4 529.4 507.2 491.9 480.4 472.3 463.3 454.2 445.8 438.9 430.9 421.8 412.2 402.6 404.8 404.5 408.9 405.8 412 426.4 439.7 452.3 467.3 478.3
369.1 360.4 347 335.2 322.8 309.5 301.7 298 303.1 306.3 309.3 314.3 320.7 322.7 332.9 346 360.2 373.6 386.1 398 411 421.7 428 443.6 456.4 465.4 472.9 478.6 488.8 497.5 506.4 513.6 519.5 534.1 540.7 548 551.9 559.5 564.4 574.3 579.2 584.8 595.2 602.8 604.6 607.3 605.5 601.9 600.2 598.8 587.2 579 566.6 552.7 540.1 530.7 507.1 491.8 481.5 473 464.1 454.5 447 438.1 428.6 419.7 411.7 410.2 406.8 403.6 409.8 410.7 414.3 427.1 444.3 461.4 476.1 490.4
376.3 368.3 351.7 337.8 325.5 309.8 300.2 305.5 307.7 314.1 316.6 323.4 332.2 336.3 350.8 365.3 381.8 391.5 402.1 415.1 428.3 438.6 448.3 458.1 471 481.8 490.1 496.9 506.7 514.6 523.8 534 541.8 550.4 559.9 566.4 573.9 580.3 585.7 593.3 597.3 608.9 618.2 626.3 630.2 630.7 624.9 618.1 610.5 605.1 592.5 581.3 568.1 554.2 542.3 528.5 506.9 492.3 482.2 473.2 464 454.5 445.8 435 425 417.6 414.5 413.9 410.7 409.8 412 417.8 423.3 428.2 449.3 463.3 484.6 502.9
