app/static/ascii/NN27.asc
ncols 200
nrows 200
xllcorner 220000
yllcorner 770000
cellsize 50
[rows 35 to 69 of 200, columns 78 to 155 of 200]
129.7 130 130.6 131.8 133.1 134.5 136.4 138.9 142.3 146 150.9 156.2 161.3 166.5 171.7 176.5 183.6 186.6 196.1 205.5 215.6 226.5 238.8 252.9 261.7 269.2 275.5 281 282.7 282.2 284.6 286.6 286.3 284.8 282.9 280.5 280.3 287.7 294 297.3 295.2 292.3 264.8 272.8 294.6 304.7 312.5 313.5 307.6 312.5 320.8 331.5 340.9 348.3 358.6 365.1 369.5 371.5 370.4 376.6 382.8 389.6 394.2 398.7 403.1 405.4 407.7 409.5 411.7 414.7 414.1 414.2 408.4 400.7 399 400.3 398.5 403.1
131.2 131.8 132.5 133.5 135.2 136.8 139 141.7 145.2 149.7 155 160.2 165.5 171.3 177.6 184.8 191.7 197 202.7 212.1 225.3 237.5 251.8 265.3 274.3 281.3 286.9 288.1 285.7 286.7 290.3 292.8 293 294.3 294.5 292.2 288.3 287.5 297.5 301.5 303.6 302.6 282.6 259.8 282.7 297.6 308.9 310.6 310.6 316.5 324.5 336 348.9 359.6 369.3 376.3 375.5 372.3 376.5 388.2 397.8 406.1 409.6 412.8 417.8 417.4 418.2 420.2 423.5 424.2 422.1 419 412.4 406.6 406.1 410.5 412.4 403.5
132.6 133.2 134 135 136.8 138.7 142.1 145 148.7 153.8 159 164.3 169.6 176.7 184.7 191.1 198.9 206.3 213.1 222.7 233.7 246.6 261 273.8 283.8 292.3 294.7 291.1 293.3 294.8 295.3 300.2 301.1 303.9 305.7 304.2 298.2 293.9 300.1 311.3 313 313.5 301.8 297 284.5 290.7 306.4 311.4 313.7 319.9 327.6 340.4 356.7 374 383.3 384.5 378.9 375.3 386.3 398 412.8 423.2 423 433.1 431.1 427.8 429.7 432.5 433.9 434.2 431.8 426.3 417.5 413.9 415.6 419.5 417.3 411.4
134 134.7 135.5 136.3 138.1 141.1 144.6 147.9 151.4 157.4 162.9 169.4 175.5 184 192.5 199.5 207.8 216.8 226.6 236 244.4 256.2 266.3 276.8 285.7 292.3 293.8 295.4 297.8 300.4 301.9 305.8 307.7 310.8 314.2 314.1 307.9 305.8 301.7 309.3 313.2 317.1 317.7 317.7 300 279 302.6 311.8 315.7 324.4 331.7 342.3 358.9 383.4 392.7 387.9 379.1 382.2 393.2 405.8 421.7 427.2 437.1 442.1 437.6 438.4 440.8 442.9 442.2 443.3 440.5 433.4 426 421.9 422.9 422.6 420.5 421
135.9 136.4 137 137.7 139.9 143.5 147 150.6 155.1 160.9 167.2 174.9 182.1 191.8 198.9 207.3 216.9 227.6 238.3 247.9 255.9 264.1 269.9 277.1 285.5 293 296.6 300.9 305 308.8 310.7 314.1 315.6 317.6 320.5 320.5 317.1 311.3 303.4 310.8 318.6 321.6 323.8 325.7 315.1 295.3 295.8 307.1 314.8 323.3 334.7 345.7 359.4 383.7 389.9 383.9 382.2 388 396.9 408.8 422.8 434.6 449.5 450.7 443.7 448.9 457 460.8 452.8 451.1 447.9 442 434 427.4 428 426.4 422.9 423.7
137.9 138.4 139 139.6 142.4 146 149.6 153.7 159.8 165.4 171.9 178.9 187.6 196.7 206.1 216.4 227.1 238.1 249.2 259 266.4 270.9 277.6 285.5 290.5 294.4 302.8 308.8 314 319.2 320.9 323.6 324 328.1 332.7 327.5 323.7 319 312.7 310.5 318 325.1 330.5 328.6 319.7 312.7 281.1 305.3 313.4 318.9 330.2 342.9 355.3 369.1 374.8 379.3 383 390.8 403 416.1 429.9 443.6 454.4 452.1 454.6 464.3 471.8 473.1 465.1 461.2 456.3 448.9 441.2 433.8 433.9 431.1 428.3 426.6
139.9 140.4 141 141.6 145 148.6 152.1 157.5 164.1 170 177.3 185.8 194.1 204.2 215.6 226.2 238.6 250.4 260.9 268.5 276 281.9 287.5 293.2 299.4 304.6 310.7 317 322.7 327.1 327.6 328.7 331.4 337.6 343.6 337.9 330.5 325.5 321.9 316.6 318.3 325.6 332.6 329.2 326.4 318.3 300.3 299.8 307.8 315.8 325.4 336.7 348.7 358.3 364.6 371.5 383.6 397.1 411.4 424.6 438.3 453.7 459 461.2 469.5 481.8 489 489.2 479.3 469.4 462.7 453.5 445.8 443.4 437.4 433.6 432.9 431.4
141.7 142.3 142.9 143.9 147.5 151.1 154.8 161.4 168 175.6 183.9 193.6 202.9 213.9 225.2 237.7 250.2 261.8 270.6 278.1 285.5 291.8 294.8 299.7 305.9 312.5 318.4 323.4 328.8 331 332.6 335.7 343.4 347.8 346.8 342.9 336.9 333.3 330.4 327.9 327.9 325.9 331.7 337.8 336.5 328 313.1 289.8 300.7 309.9 320.6 332.8 345.7 355.3 364.3 371 387.1 403.7 418.2 432 445.7 467.2 467 474.2 485.4 500.2 503.3 495.8 489.4 479.4 466.6 457.2 450 444 439.7 441.1 440.1 439
143.3 143.5 144.1 146.9 150.4 153.7 158.6 165.4 172.9 182.1 192 201.9 213 223.9 235.9 248.9 261.3 271 279.9 287.8 295.1 300.4 302.1 308.5 315 321.1 326.2 331.3 336 339.8 341.4 345 350.8 352.8 350.2 347.5 344.9 343.3 341.4 339.9 338.5 335.4 335.5 340.9 343.6 337.2 328 308.5 300.5 308.5 323.2 339 354.3 365.7 369.8 377.6 390.3 404.1 420.8 440.8 452.8 468.2 473.8 488.5 501.9 511.8 506.6 497.8 491.1 484.5 474.3 462.1 451.6 446.1 450.5 451.2 449.3 447.9
145.6 145.1 146.5 149.8 153.4 157.8 163.5 170.7 179.6 189.4 199.8 210.1 222.8 233.8 246.6 259.9 269.9 279.5 288.7 296.9 304.6 309.1 313.3 319.1 324.8 331 335.7 339.8 344.2 348.8 351 352.9 356.4 358 358.6 355.5 355.3 355.3 354.9 353.1 349.7 342.8 340 342.6 344.5 338.3 332.1 317.5 298.6 310.4 324.4 343 356.9 365.1 374.5 382.3 393.9 405 419.6 445.2 460.4 467.9 478.6 500 514.7 514.6 506.3 499.1 498.1 490.7 480.6 467 455 454.8 460.6 463.1 460.4 456.3
148.2 148.4 150.5 154.2 159.2 163.9 170.1 177.3 187.1 197.2 207.9 219 232.6 243.9 257.4 269.5 279.2 288.3 297.3 305.7 312.9 319.3 324.4 329.6 335.3 341 345.7 349.5 352.7 357.6 360.3 364.1 365.6 367.2 367 367 366.4 366.6 366.6 365.6 359.6 351 343.9 344.1 347.9 342 332.8 320.9 317.6 312.2 338.7 347.7 354.2 364.3 376.2 383 392 405.6 419.5 438.8 455.7 466 478.9 500.1 510.4 507.9 502.5 505 504.6 499.1 485.8 473.1 462.5 464.8 469.2 472.5 470.9 465.3
152.4 152.8 155.3 160.6 166.4 172.2 178.5 185.1 194.7 205 215.7 228.4 242 254.7 266.7 278.3 287.8 296.9 305.9 313.8 320.4 327.3 334.5 340.3 345.8 351.2 355.5 358.8 362.3 367.8 371.1 372.8 374.1 375.6 377.3 377.6 377.9 378.6 378.7 376.8 369.5 360.9 353.9 348.8 348.6 342.3 338.1 339.1 336.6 314.1 349.4 355.7 359.2 367.3 374.3 378.4 387.8 400.9 420.7 439.2 455.1 464.7 474.7 499.2 512.7 507.2 507.3 508.9 508.5 499.1 489.5 479.8 470 478.3 477.4 477.6 476.3 473
156.9 157.2 161.4 167.5 174.5 181 187.1 193.5 202.2 212.4 223.9 237.2 251.6 265 276.4 286.4 296.2 305.4 314.3 321.2 328.1 335.4 342.5 349.6 356.3 361.5 364.9 368.4 373.6 378.8 382 383.3 385.9 385.9 386.4 387.7 389.7 390.5 390 386.5 380.9 371.8 361.8 355.9 352.5 349.9 348.4 346.6 348.7 344.5 335.8 359.6 362.5 369.6 372.8 377.6 389.3 403.6 421.7 440.3 451.4 462.6 473.3 492.2 507.3 512.8 516.8 516.6 510.3 503.5 495.4 487.8 483.3 488.1 486.5 484 483.2 479.7
161.1 161.4 165.9 172.4 179.8 186.7 193.5 200.3 210.1 221 234 248 262 274.8 284.8 294.9 304.5 313.3 321.6 328.9 336.1 343.4 350.8 358.1 364.8 369.2 374.4 378.6 383 388.1 391.4 393.1 397.3 396.8 397.6 399.8 402.2 403.1 401.5 398.5 391.4 383.6 371.1 361.8 357.7 354.7 353.4 353.1 356.2 354.7 342.6 342.9 358.2 367 374.3 383.1 400.7 421.8 440 443.7 447.5 461.8 472.3 485.9 503.7 516.6 523.2 523.8 512.5 508.1 502.3 486.9 493.7 494.7 493.5 491.5 489.5 485.6
165.2 166.4 170.4 177.3 184.7 191.9 198.7 208.3 219.3 231.6 246.5 260 272.8 283.4 293.4 303.4 312.2 320.5 328.8 336.7 344.1 351.4 358.8 367.2 373.9 380.4 385.3 389.3 393.4 397.1 400.5 403.2 406.6 407.5 409.8 411.7 414.2 415.6 413.6 410.4 402.9 394.2 382.7 371.4 362.9 357.3 356.7 357 360.7 360.3 356.4 349.4 347.1 364.4 373.5 386.7 404.6 429.7 442.4 441.3 445 459.2 472.7 484 500.4 513.4 515.1 515.3 511.8 511.9 501.4 496 500.5 500.8 500.2 499.5 495.4 492.3
169.5 170.1 175.3 182.9 190.7 198.1 207 217.4 229 242.7 258.3 270.8 281.6 292 301.9 312.6 321.3 329.5 337.4 345.8 352.9 359.5 369.9 377.7 385.3 392.1 396.8 400.7 404.7 407.7 410.7 414.5 418.2 421.8 424.1 425.8 426.8 427.5 426.1 421.7 415.4 407.5 397.6 388.1 375.7 361.4 359.4 360 360.9 362.1 361.2 355.2 345.2 359.4 372.9 388.3 406.4 422.6 426.9 432.6 443.2 456.3 472 484.2 491.8 503.3 509.8 511.6 508.5 504.1 499 504 508 508.2 506.9 504.6 501.1 500.5
173.2 174.6 180.9 189.3 196.9 205.6 214.9 225.9 238.8 252.5 265 277.4 288.8 299.8 311.1 321.9 330.4 338.6 347 355.7 364 371.8 380.7 388.2 396.6 403.5 408.9 413 416.6 419.3 421.7 426.4 431.6 436.1 438.5 440.4 442.1 443.2 440.4 434.7 429.3 425 419 410.1 395.2 378.3 365.8 368 364.5 365 364.9 360.8 353.8 354.2 370.6 388.3 404.8 409.8 415.4 426.4 439.3 452.4 471.6 485.6 494.3 500.9 511 515.2 516 503 504.9 510.5 514 515.1 513.3 510.4 509.3 508.5
178.6 180.5 186.6 195.6 204.7 213.9 223.7 235.4 248 260.5 274 285.1 297.3 309.2 320.8 331.8 341.4 350.2 358.9 366.9 374.8 383.4 392.3 399.7 406.9 414.6 421 425.4 428.4 431.2 433.8 438.9 444.8 451.2 454.7 456.6 458.1 459.5 455.9 452.4 450.7 453.3 450.6 442.4 428.4 414.2 405.1 406 407.5 381.1 370.9 366.8 362 351.4 367.6 385.1 393.7 397.2 407.3 423.6 438 451.8 471 485.4 494.6 503.7 511.9 511.9 508.6 506.9 509.3 515.9 521.3 522.5 520.5 518.4 519.6 519.4
185.7 187.3 193.1 200.9 213.8 223.1 233.4 245.2 257.8 270.5 283.2 295.4 307.6 319.6 330.8 342.3 352.6 361.8 370.5 378.8 386.7 395.1 403.9 411.4 418.7 426.2 433.3 437.5 440.4 443.3 446.9 452.7 458.7 465.2 470.5 472.8 475.6 475.6 472.8 474.2 481 486.1 489.9 486.4 470.5 462.1 455.4 436.6 427.3 410.7 383.8 375.4 368.2 361.8 362.1 375.9 380.7 391.5 403.7 425.5 441.2 454.6 467.9 477.8 488.1 502.4 507.2 510 510 514.4 518.5 525.3 532.1 530.9 529.5 532 533.6 533.1
192 193.6 199.5 209 221 231.8 243.7 256.3 269 281.7 294.3 306.1 317.9 329.9 341.3 352.9 362.9 373.3 382 390.4 398.8 407.2 415.6 423.4 431.1 438.8 445.6 449.4 453.4 457 461.4 467.1 475 482.6 489.3 491.4 492.6 492.7 491.1 500 507.6 516.5 525.6 526.7 531.5 534 514.4 493 469.1 442.4 418.4 387.5 374.1 369.1 364 367.7 379.3 386.6 399.4 421.5 438.9 450.5 462.5 470.9 481.3 495.3 501.7 509 516 521.2 527.2 535.6 541.5 541.2 544.9 546.9 546.5 547.3
195.8 199.7 207.6 218.2 228.3 241.4 254.3 267.3 280.2 292.8 305.3 317.1 328.6 340.2 351.8 363.4 374 383.6 393.7 402.2 411.4 420.6 429 437.2 445.1 452.5 458.9 463.8 467.9 471.5 476.7 483 490 499.6 506.8 509.6 510.5 511.6 520.5 527.9 533.9 541.8 546.2 555 560.8 554.6 540.9 517.3 486.2 445.4 421.8 396.6 382.3 377.3 372 363.1 369.7 379.5 392.4 415.1 431.8 440.5 451.6 466.1 475.3 485.3 495.3 508.4 519.7 527.4 537.2 546.1 551.6 559.3 565.4 566 563.5 565.4
199.5 208.5 215.6 225 237.1 250.1 263.4 277.1 290.7 303.6 315.6 328.5 340.2 352.3 363.4 374.4 385.1 394.6 404.7 414.7 424.2 433.6 443 451.1 459.2 467.1 472.9 478.1 482.9 487.6 493.4 499.4 505.5 513 520.9 525.4 529.8 537.2 544.2 548.8 554.4 559.4 562.6 566.7 570.4 564.5 554 539.5 507.9 465.7 448.5 432.2 417.1 394.2 379.6 373.7 366.5 374.8 384.6 400.1 416.1 429 444.6 465.2 471.9 478.8 493.2 507.3 520.3 530.3 543.5 557.6 569 576.1 584.8 584.3 588.2 586
207.7 219.2 224.7 233.5 245.9 258.4 271.4 284.8 298.6 313 326.2 340.2 352 364.3 374.9 386.6 398.2 407.8 417.6 427.9 437.3 446.8 456.3 465.3 473.4 480.9 486.5 492 498.7 504.2 509.7 515.5 521.4 528.1 535.2 541.2 548.2 556.8 563 567.2 571.1 575.7 578.8 580.9 580.6 578.3 573.2 556.1 532.9 502.1 477.2 454.5 436.7 423.2 401.2 387.2 375.9 368.9 377.8 389.6 401.3 420.1 438.4 455.1 468.3 476.6 489.7 500.9 515.3 532.9 551.7 569.7 585.4 594.5 604.6 609.6 610.7 608.6
216.5 230.1 237.2 241.7 254.3 266.9 279.5 292.4 307.1 322.5 336.9 351.3 364 376.3 388 399.4 411.1 421.1 431 441.1 450.5 460 469.5 479 487.6 494.2 499.4 507.7 514.7 520.2 525.7 531.2 537.1 543.3 550.3 557.5 566.3 573.6 579.6 582.6 586.7 590.3 593.3 595.1 593.8 590 585.3 578.6 562.8 532.1 502.7 472.7 454.9 441.8 420.1 407.4 389.4 377.5 371.1 385 395.8 407.2 424.9 442.3 456.4 468.5 483.6 495.1 513.1 535.8 558.8 580.9 596.8 613.4 626.5 634.2 637.4 634.3
219.7 242 247.5 247 259.5 272.2 285.1 299.3 315.4 330.7 345.2 360.6 376 388.4 400.9 412.3 424 434.5 444.4 454.4 464.1 473.7 483.3 492.8 500.1 506.3 514.6 523.2 530 535.8 541.6 547.1 552.8 559.1 565.6 573.2 582 588.5 593.2 596.9 601 604 606.4 606.9 605.5 602.5 600.1 594.4 574.3 545.3 518.1 501.3 485 454.9 436.7 423 404.7 387.9 376 377.9 388.9 400.6 411 430.6 447.3 465.3 478.9 491 515.8 543.1 573.2 594 615.2 632.6 645.8 660.2 666.2 663.2
223.3 235.9 244.3 251.8 264.4 277.5 291 307.9 324.1 338.8 354.8 371 387.2 401 414.4 426.1 438.4 448.2 458.1 468.5 478.9 488.4 497.5 506.7 513 521.2 529.7 537.6 544.3 550.3 556.3 562.2 568.3 574.3 580.3 587.3 595.4 601.3 606.4 610.6 614.7 617.9 620.1 618.8 618.5 617.8 615.6 605.4 585.4 566.8 555.2 539.4 522 482.8 446.9 428.7 412.1 395.3 379.2 381.2 390 400.6 407.6 419.3 437.4 455.3 472.7 491.7 518.4 548 580.1 606.7 631.6 651.7 674.6 690.1 696.7 692.4
224.5 232.2 244 254.9 270 283.1 299.4 316.3 333.2 350.1 366.9 383.5 399.4 414.1 426.5 438.9 450.8 460.8 471.2 481.9 492.7 502.8 511.6 520.1 527.8 535.7 543.7 551.6 559.1 565.4 571.5 578 583.8 589.6 595.6 601.4 608.9 614.3 619.6 624.2 627.9 630.7 633.3 633.4 634 633.8 631.2 622.1 608.4 594.6 584.2 562.6 532.4 506.5 468.6 438.8 420.4 402.5 386.4 377.7 389.6 401.2 408.3 415 426.7 445.6 471.2 498.9 523.2 551.9 589.2 621.2 647.7 671.8 694 711.6 722.3 723.3
225.7 235.7 248.2 259.9 274.1 289.9 306 322.2 341.5 359.5 377.5 395.8 411.4 425.4 437.4 449.4 461.7 473.3 484.5 495.2 506.2 517.2 526.1 534.8 542.6 550.2 557.8 565.6 573 580.7 587.4 593.7 599.3 605 610.8 616.1 622.7 628.6 633 637.6 640.5 643.7 646.6 648.1 649.8 649.2 644.8 637.1 625.9 609.5 590.5 571.6 545.3 522.8 498.9 450.1 426.1 407.1 395.1 385.6 388.2 403.2 410.2 416.1 424.6 447.1 477.5 505.5 527.3 559 595.9 629.9 661 690 712.4 730 745 753.2
228.4 236.3 250 262.4 276.9 292.9 310.7 329.6 350.8 369.4 387.6 405.6 422.6 435.1 447.4 459.4 471.8 484.7 497.1 508.1 519.3 531.7 540.7 549.4 557.3 564.9 572.3 579.7 587.5 595.4 602.4 609.3 614.8 619.9 624 628.5 634.2 641.4 646.4 650.9 654.1 656.9 661 664.1 666 665 659.5 652.1 639.3 620.2 597.5 582.8 559.2 532.3 497 458.9 434 414.9 402.8 388.7 389.9 401.1 410.7 417.1 428.5 458.5 485.5 509.1 529.6 563.4 601.7 638.3 674.8 703.6 727 747.5 762.2 772.9
231.1 242.6 261.1 265.2 281 298.2 315.8 337.2 359.9 377.9 396.7 414.2 429.5 444.1 457.2 469.4 482 494.9 508 520 532.8 544.5 555.4 564.1 572 579.9 587.5 595 602 608.9 617.7 624.9 630.5 633.6 637.5 642.8 647.9 652 657.8 663.1 667.7 671.8 676.1 680 680.5 678.8 674.1 665.8 648.9 622.6 603.8 586.6 566.8 534.9 503.5 475 442.1 421.9 409 396.2 389 404.1 412.5 421 439.2 462.7 490.9 511.5 532.2 567 614.1 643.2 682.9 710.5 733.2 753 769 780.1
234.1 247 260.3 270.4 286.4 303.6 321.2 346 368.8 386.7 405.1 422.2 436.6 450.9 466 479.3 491.5 505.2 518.7 533 546.2 557.9 568.8 579.1 587.3 595.3 602.8 609.9 616.9 623.9 631.8 638.8 643 646.8 652.2 657.5 662.6 667.5 671.8 676.4 679.9 684.2 691.9 694.1 694.1 691.3 685 674.3 656.1 632 606 584.2 564.4 538.7 520.8 486 451.6 427.5 413.7 398.9 389.8 402.5 411.7 422.9 442.5 471 490.3 511.8 535.8 572.7 620.6 649.8 685 713 734.7 756.6 772 785.4
235.6 250.3 267.2 278.4 292.1 309.7 329.1 353.6 377 395.4 412.7 428.6 443.8 458.6 473.9 488 501.2 515.4 530.9 546.8 559.8 571.8 582.9 593.5 602.8 610.5 617.6 624.7 631.9 639.2 646 652.5 656.4 661.1 665.4 669.9 674.9 680.2 685.5 690.6 695.1 699.9 703.7 706.2 705.3 701.4 691.3 678.8 658.4 634.8 607.3 581.9 563.3 543.5 516.4 481.1 445.2 430.9 418.1 407.9 396.7 400.3 412.2 424.8 448.5 471.5 493.8 521.3 543.3 571.4 618 652.4 683.7 709.7 735.7 756.6 774.9 789.4
231.1 253.4 271.7 285.8 296.7 315.6 337.3 362.1 383.4 401 417.6 434.2 449.8 465.7 481.8 496.2 510.8 527.1 543.6 559.5 573.1 586 597.3 608.5 618.4 625.6 632.6 640.7 647.8 652.5 659.6 666.1 671 674.7 678.2 682.3 687.4 692.7 698 703.3 709.4 714.8 717.2 719.8 718.7 713.1 698.8 679.2 652.8 625.6 603.5 581.1 553.6 530.8 492.9 470.3 464.5 443.9 427.2 413 402.2 401.6 414.2 428.6 446.6 474.6 501.3 527.8 549.6 573.8 616.9 652.1 676.3 705.1 733.2 755.6 774.8 791.4
247.6 251.3 274.7 285.8 301.3 322.3 345.2 368.4 390.5 406.4 422.7 439.9 455.6 471.4 487.5 504.3 522.2 539.5 555.9 571.2 584.8 597.7 611.7 623.4 632.3 640.4 649.3 657.7 661.9 666.3 674.1 680.8 684 687.7 691.3 693.7 699.1 704.8 710.5 716.5 724.3 729.1 732.1 734.1 733.7 724.3 706.9 677.4 646.4 625.6 596.4 570.2 540.9 521.1 517.8 511.8 493.1 461.2 438.5 420.1 409.8 397.7 416.8 433.4 453.5 478.1 502.7 530.6 553 585.8 617.3 643.6 669.5 698.8 729.5 753.9 774 792.3
266.2 247.7 278.9 296.8 310.9 331.3 350.1 371.2 392.5 409.3 428.3 445.6 461.2 477.1 494.1 515.2 534.3 550.2 566 582 596.6 610.3 624.8 636.8 647 656.8 666.5 675.9 678.6 683.8 691.7 695.5 698.3 699.6 702.8 704.8 709 715 722.2 730.3 738.1 743.2 746.8 748.1 742 730.5 710 668.2 633.6 610.4 584.9 563.5 561 562.3 552.1 533.2 506 477.8 450.2 428.2 414.6 406.5 420.7 438.3 464.2 482 503.7 535.8 560 589.7 612.6 636 661.9 692.7 721.9 747.9 770.6 790.1
