app/static/ascii/NN29.asc
ncols 200
nrows 200
xllcorner 220000
yllcorner 790000
cellsize 50
[rows 35 to 69 of 200, columns 79 to 157 of 200]
485.3 504.2 527.9 532.8 525.9 510.8 487.2 453.2 433.2 404 375.2 353.5 345.7 340.7 339.3 339.4 337.1 337.7 339.2 340.1 336.9 334 335.4 337.3 336.6 336.1 335.3 331.6 328.4 327.3 329.8 328.7 327.6 327.6 327.7 326.9 325 324.2 324.5 323.4 321.7 321.9 323 323.8 324.7 322.4 320.4 321.1 322.1 323.4 322.9 323 324.4 324.3 322.6 319.5 316.4 313.7 311.6 310.4 307 304.1 302.6 302 302.2 301.5 301 298.1 295.5 294.2 292.7 290.8 289.7 287.6 284 281.8 280.7 279.1 277
518.5 549.7 551.2 541 531.8 512.6 493.5 482.8 455.6 411.4 384.2 366.9 356.8 351.9 348.9 346.4 347.4 347.4 350.8 351.2 349.3 344 342.8 344.4 344.5 345.1 343.7 342.8 342.3 340.1 339.6 337 336.6 337 337.4 335.6 334.1 334.9 334.8 330.8 330.5 331 330 328.7 329.1 326.8 325.2 325.4 325.6 326.1 327.2 328.2 330.6 330.1 326.3 321.8 318.6 316.1 312.4 308.9 309 308.3 307.1 306.1 304.5 302.7 301.2 299.5 296.9 295.6 293.8 291.9 290.3 289.4 287.7 282.6 281.4 280.9 280.6
543.1 549.8 541.8 532.8 520.1 504 483.3 465 445.4 422.1 396.4 381.5 371.4 365.2 364.1 359.6 360.4 360.4 359.5 359.5 358.3 358.8 356.4 356.9 359.1 358.2 359.1 359.8 357.3 351.7 347.5 347.8 347.1 346.4 347.9 347.6 349.4 349.4 348.4 344.5 340.3 337 334.9 332.4 329.8 329 329.9 329.7 329.6 329.6 331.5 333.3 332.6 331.8 330.8 326.1 321.2 316.9 312.9 309.2 308.9 310.7 309.8 307.8 305.9 304.2 302.5 300.9 298.5 296.9 294.9 293 291.1 289.9 289.9 284.7 282.2 281.9 281.5
540.9 532.6 521.5 514 505.4 492.9 480 464.5 450.3 439.8 421 403 391.4 382.2 382.4 378.9 376.6 378.2 379.9 380.6 378 372.4 371.5 370 373.2 372.9 376.6 376.1 373.5 366.3 360.4 358.7 358.2 358.3 358.5 361.6 362.9 363.5 361.9 355.9 348.7 343.3 340 337.7 335.5 334.5 334.7 334 333.6 334.4 336.6 337.3 336 334.1 331.9 327.8 321.6 317.6 313.7 310.5 309.6 311.4 306.9 307.6 307.2 305.2 303.2 301.6 300.2 298 296 294.1 292.1 290.3 289.3 285.7 282.4 282.3 281.5
547.6 533.9 526.6 520.4 518.4 512.2 503.5 489.8 473.4 464.5 449.4 440.3 424.6 407.2 397.7 400.9 399.1 403.4 407.6 406.7 404.5 394.3 390.8 388.2 390.4 391.8 394.4 397.1 393.7 391.5 381.9 375.1 374.5 374.4 375.8 374.8 374 371.5 368.4 362.4 355.8 350.5 347.6 344.9 342.7 341.1 339.3 338.9 338.8 339.8 342 339.1 337.4 335.6 332.5 328.6 321.2 317.9 314.6 312.7 311.3 310.6 307.2 308.4 309.4 308.6 307 305.3 302.5 299.2 297.7 295.7 293.5 291.2 289.8 286.5 279.3 281.5 281.7
559.3 553.5 548.4 542.6 543.3 540.8 531.9 516.1 508.3 499.4 482.3 465.7 457.8 437.4 427 426.1 426.6 429.4 432.3 428.3 427.6 418.1 417.1 415.7 414.4 418.5 426 431.3 428.1 426.3 414.5 389.7 392.9 397.4 401.7 401.7 396.3 386.9 376.1 365.5 361.5 358 355.3 352.5 350.2 349.1 347.1 345.7 344.8 344.6 343.8 341.1 338.8 336.6 333.1 329.4 323 319.6 317 315.1 313 311.3 309.9 312.6 312.8 312 310.8 308.9 304.3 299.9 298.8 296.9 294.4 292.1 290.1 288.5 283.1 275.5 276.7
575.5 571.5 568 565.3 564.9 555.5 546.9 539 527.6 522.7 516.5 503.4 490.3 476 470.9 471.4 467.4 459.1 457.6 467.8 464.2 463 453.3 446.3 447.8 459.7 464.1 462.5 457.1 461.9 440 411.4 410.7 419.7 426.1 416.5 406.5 399.9 384.8 374.5 368.3 363.1 360 357.8 356 354.6 353.3 350.4 348.7 347.3 346.9 343.8 340.7 337.4 333.8 330.5 326 322.6 319.4 317.3 315.1 313.6 314.7 316.8 316.6 315.9 315.2 309.7 304.8 300.3 298.7 298.8 296.3 293.1 290.7 289.7 286.5 280.2 272.5
593.1 595.2 591.4 585.5 583.1 573.4 569.9 565.9 562.7 556.6 548.1 530.6 521.1 504.3 496.8 502.1 499.8 494.1 486.4 503.3 497.5 506.4 499.8 502.8 496.6 489.3 494.4 490.9 487.9 493.5 462.9 436.5 441.7 447.4 446 426.4 410.3 400.7 392.1 382.9 376.2 370.3 365.7 363.7 361.9 360.3 358.9 354.5 352.4 350.2 350 347.4 343.3 338.4 335 332.6 330.4 327.1 324 320.4 319 318.1 318.9 319.8 320.4 320.1 318.4 312.5 306 301.2 300.9 300.6 296.6 294 291.6 290.2 288.9 285.6 279.9
617.2 617.4 614.8 609.6 603.9 594 595.1 592.5 591.4 584.5 573.5 561.8 553.9 540.4 534.4 526.2 524.3 524.5 530.3 547.7 545.2 543.3 537.5 534 530.9 520.3 525.3 521.8 528.1 514.9 484.2 466.8 479.9 476.6 464.4 439 419.7 405.2 400 393.8 384.6 377.5 374.4 369.9 367.8 366.1 363.2 358.6 356.3 353.1 350.6 349.4 345.1 339.6 337 334.4 332.5 331.2 326 319.6 319.2 320.6 321.6 322.5 321.6 320.3 319.2 314.2 308.5 304.3 300.1 299 297.9 295.3 293.7 292.7 291.3 288.8 283.8
633.4 635.1 635.3 634 626.6 621.8 617.5 619.7 615.3 608.6 607.9 602.2 585.4 570.7 566 548.8 558 551.3 559.3 575.7 585.1 594.3 592.3 573.7 558.7 556.9 552.6 550 550.8 530.9 502.5 501.7 503 500 476.5 450.2 431.5 412 405.1 400.7 393.3 385.9 380.1 376.1 372 370.3 366.2 361 357.6 353.6 351.1 348.6 344.5 340.3 337.8 336.3 333.9 331.3 325.7 323 321.6 323 324.3 324.1 322.3 320.6 319.4 316.2 310.9 306.7 302.2 299 298.8 298.4 297.4 296.6 295.7 293.1 288.1
649.4 653.3 659.2 662.6 657.4 645.7 645.4 645.1 642.7 645.4 638.3 631.5 626 608.5 594.6 583.6 585.2 585.9 601.2 610.4 619.3 625.8 628.8 624.4 602.8 594 587.2 573.9 566.3 545.7 527.3 535.6 531.5 511.7 486.9 459.1 439.6 424.4 409.8 403.8 398.1 393 386.6 380.7 376.4 373.1 368 362.8 358.1 354.1 350.9 346.9 342.3 341.2 338.7 336.1 333.5 330.9 328.8 330.7 327.7 326.8 326.9 325.1 323.3 321.6 319.9 317.2 313.6 309.1 304.6 301.1 302 302.1 299.4 297.4 296.2 294 292.1
666.8 676.8 678.9 683.3 684.1 682.3 678.3 673.7 671.9 668 659.4 658.4 657 642.8 629.5 618.8 621.1 622.8 634.8 641.8 646.2 648.7 652.5 650.8 645.2 628.9 613.8 596.1 579.1 560.7 562.3 557.5 536.7 515.2 492.2 473.7 454.2 437.7 420.8 409.6 404.4 400.7 394.2 387.2 379.6 374.5 369.2 364 358.5 352.3 349.2 346.1 341.8 338.1 337.4 334.9 332.4 330.2 330.8 330.5 330.8 330.7 328.8 326.8 325.1 323.9 322.1 320.3 316.4 311.8 307.5 305.4 306.9 307.7 303.4 299 296.3 290.6 290.1
681.2 687.1 695.9 701.4 710.5 710.3 708.1 701.6 700.2 697.5 689.2 688.7 679.4 679.6 672.5 655.5 655.1 656.2 655.3 660.5 661 663.1 663.8 659.8 655.8 643.3 624.4 607.5 590.6 582.9 578.7 563.7 541.7 525.6 506.8 482.7 467.6 450.3 432.4 420 411.9 404.8 399.5 391.6 382.4 376.4 370.6 365.2 358.5 351.1 347.9 345.3 341.5 338.1 336 333.5 332.5 331.2 334.7 331.9 331.6 330.7 330.8 329 327.9 326.7 323.8 320.8 318.2 313.4 309 308.9 310.7 312 307 302.4 296.8 288.5 283.9
709 714.6 718.6 725.6 736.9 740.5 735.6 729.2 724.6 720.1 715 712.3 705.7 698.7 690.1 673.5 673.4 672.1 671.7 672.1 671.4 670.5 670.9 666.2 654.4 640.3 626.2 611.5 599.5 590.7 582.5 563.8 545.5 529.5 510.7 494.2 473.5 456.5 442.7 430.5 420.2 409.5 401.8 394 386 378.4 371.4 364.3 357.8 352.2 349.9 344.7 341.2 338.2 334.6 333.9 332.6 331.4 336.9 336 334.7 333.1 331.6 330.4 330.4 328.1 325.2 322.2 318.6 313.8 310.8 311.2 317.7 317.5 311.9 305.9 295.4 285.8 278
741.7 743.9 744.9 752.4 763.1 767 759.8 754.2 746.4 742.2 737 731.7 724.3 717.7 706 694 690.1 689.2 685.9 684.2 679.8 673.7 667.8 660 649.3 637.7 624.9 610.8 599.7 590.9 577.2 561.2 545.2 526.4 510.9 493.4 474.7 461 450.9 437.8 426.2 416.7 402 393.9 385.6 377.5 370.2 362.6 358 354.3 351.6 347.5 342 336.9 332.9 332.2 332.9 332.5 336.2 337.8 336.5 334.9 333.4 331.7 331 329.3 327.2 321.4 317 312 309.1 310.7 316.9 318.3 312.4 304.8 293.4 280.9 273.1
769.1 774 775.6 778.5 785.1 786 779.6 772.2 767.1 763.8 754.1 745.8 738.2 726.1 711.8 704.9 699.8 691.6 691.8 689.1 681.8 671.9 661 651.5 641.3 631.4 619.2 606 594.3 583.8 571.1 557.1 543 524.9 511.1 493.3 478.6 464 453 443.5 431.3 417.2 402.7 393.2 384.9 376.5 369.6 364.3 360.4 356.5 352.4 349.5 344 337.2 332.5 330.6 329.6 329.6 333.2 339.2 338.1 336.8 335.4 333.4 332.2 330.7 327.8 319.2 316.4 311.4 308.9 310 314 315.7 308.8 298.6 287.3 278.7 269.1
799.9 799.1 799.6 803.6 803.7 802.1 795.8 788.1 789.8 785.1 773 757.7 743.1 729.9 722.4 715.2 706 698.6 691.1 683.1 676.3 667.7 656.8 646.7 636.3 626.5 614.8 597.9 583.4 572.6 560.9 548.6 538.1 522.4 504.6 491.1 476.5 464.3 455.3 443.7 430.2 414.6 402.8 391.9 383.8 375.7 370.6 366.5 362.6 358.7 354 349.7 343.9 340.2 335.5 331.3 329.6 329.6 329.7 335.8 339.4 338.9 337.1 335 332.9 331.5 326.7 321.1 316.7 311.9 308.7 308.2 309.5 309.2 302.4 291.7 280.5 275.7 268.9
822.5 820.6 824.7 824.6 822.7 818 813.4 808.1 806.2 798.9 782.4 766.3 749.4 736.3 729.4 721.5 717.6 709.8 694.7 679.5 670 662.5 652.7 643.3 632 618.6 602.4 585.3 571.8 561.2 550.9 539.1 528.4 515.6 499.5 487.1 473.8 462.2 451.5 436.8 426.3 413.6 402.9 391.7 382 376.5 373 368.9 364.8 360.9 355.9 350 345.9 343.3 339.8 335.1 330.7 330.5 330.8 333.4 338.6 337.5 335.8 334.2 332.2 331.4 329.2 324.9 321.1 314.9 307 303.4 300.1 296.7 292.2 284.6 275.6 269.5 269.2
847.5 850.7 849 844.3 842 836.8 832.9 830.5 821.9 807 793 773.8 753.7 740.4 730.9 722.7 715.8 708.2 690.8 674.6 661.4 654.8 649.1 642.8 626.5 602.9 584.6 570.7 557.2 548.9 538.2 527.6 518.9 508 494.3 480.7 468.9 458.2 446.4 432.7 419.4 407.5 402 391.5 382.7 378.4 375.3 371.2 367.1 362.9 357.7 352.1 347.8 345.1 343.6 347.2 339.2 333.9 333.1 333.5 334.6 335 333.5 332.1 331.2 331.1 332.3 332.8 326 314.5 304.6 297.6 293.6 289.6 283.7 276.9 270.7 269.1 270.1
872.3 875.5 872.1 866.8 860.7 854.4 850.8 839.9 826.7 807.6 793.5 771.4 748.7 732.4 722.8 718.2 708.6 693.3 677.3 666.6 656.9 651.1 646.2 634.5 616.7 588.7 568.6 553.5 542.7 534.7 526.8 515.5 506.6 498.5 488 473.2 463.7 451.5 439.2 427.7 415.2 406.2 401.3 391.8 385.4 380.5 377.2 373.5 369.1 364.5 359.1 353.7 349.7 346.2 347.5 350.6 343.6 340 335.6 332 330.7 331.1 331.1 331.3 331.5 331.2 339.8 332.7 321.6 307.8 299.7 294.4 289.1 283.8 278 272.6 270.6 271.5 272.2
883.6 890.4 894.9 880.1 870.8 859.2 850.8 834 814.6 797 781.4 764.3 741.4 722.3 711.2 707.6 699.2 684.2 670.9 662.1 655.6 649.5 639.9 623.7 603.9 574.6 553.2 538.4 526.7 519.8 514 503 494.8 487.5 478.5 465.7 454 443.6 432.9 422.1 411.9 405.4 402 393.3 386.1 381.6 379.5 374.8 368.5 365.9 360.5 356.1 352.9 349 349 349.3 345.8 341.4 337.9 331.2 329.4 329.7 331.1 331.4 331.6 332.9 332.3 324.1 314 304 296.2 290.6 287.7 283.5 281.1 278.3 278.1 279.9 282.1
888.7 898 890.7 876.6 863 848.7 833.4 814.4 798.4 779.6 765.8 750.4 728.7 711.2 702.6 695.2 686 676.1 666.1 658.9 653.8 644.3 628.5 610.3 594.5 574.2 548.3 533.4 516.3 505.4 497.9 488.8 482.6 477.2 469.3 460.1 450.4 440 428.3 417.4 410.4 404.6 399.3 390.3 385.2 382.9 380.1 375.4 370.3 367.1 363 359.1 356.7 353.4 349.4 347.1 345.9 344.6 340.7 332.5 328.9 328.9 330.1 331.2 330 329.8 323.7 316.3 310.9 303.9 294.2 288.8 288 287.1 284 285.6 287 288.6 287.4
871 871.8 862.2 850.2 836.3 822.8 806.1 790.7 773.3 758.6 745.2 731.5 710.9 698.9 690 681.6 672.1 664.4 657.4 652.2 644.6 629.9 614 595.2 581.9 554.8 541.8 527.8 512.8 499.3 488.5 477.9 471.3 467.1 461.7 453.4 446.7 436.7 424.1 414 407.6 401.7 396.2 389.9 386.1 383.4 380.8 376.5 371.6 367 363.4 361 361.1 357.2 351.8 348.1 344 342.5 340.5 332.1 326.3 321.6 324.4 326.3 324.5 323.7 320.7 312.3 306.6 298.1 290.9 288.5 289.9 291.5 291.2 294.4 289.8 289.2 289.3
836.6 831.5 825.8 817.8 803.7 788.3 773.5 758.6 744.1 731.9 717.7 703.8 690.6 679.4 672.2 663.9 656.3 649.7 645.8 635.9 622.7 610.8 590.1 574.6 562 541.9 532.4 520.5 508 496.4 481.8 470.7 463.8 458.9 455.5 450.4 443.8 431.4 421.4 412.1 404.8 399.5 394.2 391.5 386.5 384.2 381.7 377.3 371.6 367.1 363.6 362 360.3 356.5 352.4 348.5 344.2 340.2 339.3 330.4 323 318.9 317.6 320 319.5 319.8 314.8 306.4 299.1 293.9 290.8 290.4 290.8 291.2 300.4 298.8 293.3 290.1 288.6
802 795.4 793.4 784.6 769.3 757 743.2 727.2 713.1 701.9 688.8 677.9 666.9 657.3 648.9 643.9 639.8 634 628.5 618.4 602.1 588 571 552.5 537 526.8 520.5 510.8 499.4 488.1 477.2 467.2 461.3 455.3 450.2 444.8 438 425.1 417.2 409.9 402.6 397.1 393.2 391.3 387.1 383.1 381 376.8 371.6 367.1 361.4 361.1 357.8 354.9 351 344.3 339.5 337.6 332.7 328 320.2 317.3 315.2 314.3 317.2 317.2 311.1 303.9 303.5 297.3 297.2 296.4 291.2 290.7 297.6 299.1 295.7 289.9 285.1
762.1 756.2 754.6 748.7 737.9 725.4 711.5 694.5 681.4 671.5 662.4 651.6 641 632.3 626.8 622.2 617.8 610.8 602.4 593.1 579.3 566.1 544.5 533.1 522.1 513.1 508.5 498.4 489.7 478.2 467.9 461.8 456.5 450.8 445.1 439 430.1 423.2 415 407.8 400.7 394.7 391.5 389.9 385.5 381.4 380.2 374.3 369.6 364.6 359.8 357.4 353.7 350.2 345.2 337.7 333.1 329.8 326.6 321.4 318.2 314.6 312 312.1 318.1 319 315.2 313.2 312.2 306.3 301.1 301.7 292.4 288.8 293.4 300.4 296.3 290.2 280.3
725.6 719.1 718.3 711.1 703.1 690.3 674.3 661.5 653 642.8 634.9 624.2 616.2 608.6 603.8 599.5 595 586.4 577 565 554.5 538.4 524 518.3 510.3 501.3 493.8 485.8 476.6 465.4 457.5 454 448.6 442.9 437.9 432.2 425.3 420.9 413.4 406.3 399.2 390.8 390.3 387.3 381 379.8 375.7 371.5 366.7 361.5 356.8 353.7 349.7 344 338.2 332.2 328.8 327.6 321.2 318.6 315.3 311.8 310.2 311.6 321.2 325.5 320.3 320.8 315.7 305.4 298.9 294.3 289.9 287.2 294.3 301 291.6 286 275.2
689 683.7 685.5 678.8 662.1 651.1 642.5 634.4 624.8 617.7 608.2 601.6 591.1 585.8 581.1 576.3 568.8 563.3 557.2 547 534.3 519.2 510.2 506 497.7 489.6 483.3 473.9 465.7 457.1 451.1 446 442 436.6 432.4 426.6 420.9 417.5 412.7 407.4 400.4 390.2 387.6 384.7 380.6 376.4 371.5 365.8 362.4 356.1 350.1 348.5 344.1 340.7 335.2 330.9 328.3 329.5 326.4 320.1 315.1 309.3 305.4 312.1 321.2 329 318.5 312.4 307.4 300.7 301.1 302.2 293.5 287.1 290.9 293.8 283.2 280.4 270.3
654.8 650.7 648.2 639.2 625.1 617.3 609.4 601.8 595 587.5 580 576.6 571.9 566.1 561.6 556.7 547.2 541.5 536.3 525.7 515.7 507.3 498.9 493.3 484.1 478.2 470.7 463.1 457 451 445 439.5 436 431.4 428 422.3 419 414.5 409.4 404.8 399.5 390.4 382.8 380.7 380.5 372.1 362.2 358.4 355 349 343.3 341 338.4 336.3 331.7 327.9 325.9 329.7 329.7 321.2 313.6 304.8 298 307.1 317.4 320.6 318.5 315 308.3 302.3 300.9 301.2 291.7 282.6 286.3 289 279.4 275.2 267.8
617.8 616.8 611.1 603 593.8 586.1 578.6 570.2 565.7 560.9 558.2 556.3 552 547.6 542.7 536.1 529.5 522.9 516 507.1 500.6 496 490.3 482.1 473.3 468.2 462.6 454.8 450.9 444.9 439.1 433.5 431.5 427.8 421.1 414.1 412 410 405.5 400.8 395.1 388 380.7 371.2 369.8 357.5 348.7 348.4 342.2 339.4 336.7 336.5 335.3 332.3 330 323.2 320.1 323.6 325.4 313.9 300.2 286.3 275.2 287.9 302.3 307.4 314.9 321.1 315.4 304.5 294.4 290.2 284.2 282.5 283.4 290.3 284.5 271.4 260.1
586.2 583.6 578 572.1 565.3 558.7 552.5 545.4 542.9 542.9 540.4 538.2 534.4 528.8 525.5 519.1 512.9 508.1 500 489.6 488.7 486.3 480.6 472.3 466.8 461.6 456.9 451.8 447 441.6 436 429.6 426.7 421 415.1 409.7 404 400.5 397.7 392.2 383.7 380.6 378 361.2 351.9 345 337.2 328.7 325.4 326.5 328.3 329.4 328.2 330.4 321.9 312.7 305.9 308.6 306 299.3 271.2 257.6 251.5 267.8 283.5 294.3 313.7 320.8 312 300.7 290.5 284.5 283.4 283.3 289 290.3 278.2 267.2 252.7
558.5 555.7 551.6 547.6 542.7 536.9 535.1 529 523 524.1 523.9 525 519.6 512.6 509.5 503.3 497.3 493.5 486.8 481.3 480.1 477 471.3 465.8 460.5 455.2 450.3 447.6 443.6 438.6 431.8 425.7 420.3 415.5 410.7 405.6 399.9 394.5 388.4 378.5 370.6 360.4 356.1 347.6 338.2 330.8 323.6 315.1 311.8 314.2 312.3 311.6 314.6 316.2 306.9 296.4 279.1 269.9 267.3 259.9 236.1 221.7 228 246.3 263 279.9 295.9 301.7 302 299 293.2 288.7 284.2 289.5 291.5 286.8 272.6 255.7 237.7
538.4 534.5 531 527.4 523.2 518.9 515.9 514.3 510.8 512.3 510.5 508.8 508.4 503.1 497.2 490.8 484.8 480.1 476.1 473.7 471.1 467.5 463.8 458.6 453.4 448.2 445.2 442.6 438.2 433.2 428 421 417 411.8 407 400.3 391.6 383 369.2 362.7 353.4 342.2 335.7 331.1 320.9 314.8 305 299.2 297.5 293.7 293.3 289.1 285.2 283.1 278.6 260.8 244.7 233 234.1 236.5 241.2 228.2 206.8 222.5 245.6 262.5 284.4 290.1 298.7 297.4 293.1 292 285 284 284.5 276.6 265.5 243.1 224.2
525 521.2 519.3 514.8 511.8 508.9 505.2 502.9 500.5 498.5 499.5 498.2 495.3 489.5 483 474.7 472.1 470.4 466.7 464.8 462.6 460 455.9 450.6 446.8 443.8 440.4 434.6 431.3 428.6 424 420.9 415.8 410.1 402.8 387 374.3 364.6 352.8 343.4 336.4 326.3 318.7 311.5 304.2 297.6 297.8 294.3 291.9 286.2 278.8 273.5 269.4 267.6 269.1 269.6 275 278 277.2 281 275.4 240 206 181.2 211.7 243.7 267.8 276.2 291.1 293.7 290 289.2 283.4 274.4 268.8 258.3 249.4 227.5 210.6
518 515.1 511.9 510.1 508.1 505.3 502.5 501.6 498.1 494 487.3 484.7 481.5 478.1 473.6 469.5 469.9 465.9 461 456.3 455.2 451.3 447.5 444.4 441 437.2 432.1 427.1 424.8 422.6 419.7 414.4 409.2 402.7 385.1 370.3 354.5 342.4 333.3 331.9 320.3 312.1 309.1 313.1 318.2 318.9 325.4 323.5 323 318.3 312.2 308.2 307.6 307.3 306.9 306.7 304.8 298.8 298.2 302.9 282.4 237 200.6 156.3 186.6 217 240.3 261.6 283.1 289.5 285.6 276.7 266.4 266.2 254.5 238.3 224.9 212.2 198
