app/static/ascii/NN30.asc
ncols 200
nrows 200
xllcorner 230000
yllcorner 700000
cellsize 50
[rows 37 to 73 of 200, columns 0 to 83 of 200]
296.6 281.6 252.7 230.1 209.2 189 162.7 184.6 198.1 197.2 190.8 176.9 149.7 129.7 119.5 138 154.3 146.8 149.2 157.7 169.7 178.7 191.1 195.9 202.9 219.8 233.6 241.2 231.8 226.2 216.9 215.4 215.2 212.8 207.6 194.1 185.6 182.2 173.5 158 139.7 124.2 119.1 110.3 96.4 83.5 71 57.9 46.4 30.6 17.7 6 6 6 6 6 6 6 6 6 6 6 6 6 6 6 6 6 6 6 6 6 6 6 6 6 15.9 43 56.1 80.2 92.5 133.5 172.1 180.8
305.7 284.8 263.9 239.1 214 189.8 170.6 153 177.3 180.7 183.7 164.6 140.2 122.9 119.9 130.9 139.6 139.1 147.9 160.4 167.1 181.1 191.1 189.9 207.4 223.1 231.4 232.2 227.9 221.2 219.9 219.1 221.1 218.9 212.9 199.5 188.2 184 176 161.2 142.7 129.5 128.9 121.7 107.3 91.1 78.3 65.4 51.9 36.3 26.9 13.3 6 6 6 6 6 6 6 6 6 6 6 6 6 6 6 6 6 6 6 6 6 6 6 6 8.5 30.2 51.6 69.9 84.4 134.7 161.9 171.7
311.3 292.8 279.7 252.1 226.7 203 176 150.7 155.5 165.7 163.2 143.1 125 115.6 119 124.2 128.2 128.1 142.8 158.6 162.6 169.7 181.1 183.4 203.6 222.3 228.2 231.6 223.4 220.7 221.9 222.6 227.6 232.2 226.1 210.9 193.4 183.4 175.3 162.7 146.1 139.1 141.3 134 118.2 100 85.2 72.7 58 42.9 34.1 24.8 9.6 6 6 6 6 6 6 6 6 6 6 6 6 6 6 6 6 6 6 6 6 6 6 6 6 19.8 43.5 61.7 88.5 118.4 147 149.1
325 297.5 285.1 263.2 235.4 208.5 179.5 157.3 135.4 146.3 142.9 134 117.3 111.2 120.5 122 122.7 120.1 132.1 150.1 152.2 164.5 173.2 176.4 190.9 207.2 214.2 219.3 218.4 220.6 221.6 227.6 234.9 243.6 239.5 221.2 199.6 183.2 173.3 161.6 150.7 141.5 151 143.3 128.7 107.7 91.9 77.8 64.2 49.1 39.9 32 13.3 6 6 6 6 6 6 6 6 6 6 6 6 6 6 6 6 6 6 6 6 6 6 6 6 19.7 32 54.6 84.8 102.2 125.1 134.4
335.2 310.1 289.5 271.2 239.7 211.2 188.3 164.7 142.8 121 129.1 117.8 105.5 112.5 120.2 120 121.8 120.9 129.7 139.3 151.4 162.6 170.5 172.4 179 196.5 203.5 205.9 220 221.2 221.7 229.3 243.2 250.4 237 224 214.6 194.7 173.4 160.5 151.8 148.6 149.8 140.3 126.3 112.3 97.6 81.6 62.8 51.8 42 34.1 14.9 6 6 6 6 6 6 6 6 6 6 6 6 6 6 6 6 6 6 6 6 6 6 6 6 10.1 30 56.6 78.1 93.1 108.2 115.8
349.5 326.1 288.9 272.4 245.1 222.1 195.4 172.2 152.3 127.7 108.8 106 97 110.3 111.5 113.8 118.4 122.1 135.5 139.5 156.8 160.5 162.7 167.6 174.1 182.2 190.7 210.6 220.6 221 219.1 231.4 242.3 242.6 233.6 231.4 219.3 198.9 179.1 166.4 157.5 151.4 144.1 139.1 128.4 111.8 97.9 82.8 65.1 53.8 44.5 32.1 14.1 6 6 6 6 6 6 6 6 6 6 6 6 6 6 6 6 6 6 6 6 6 6 6 6 6 27.3 55.4 68.9 82 93.5 107.9
359 335.9 310.4 280.2 261.4 226.6 199.9 178.1 159.9 135 111.6 97.6 89.1 101.7 101.7 103.6 113.9 130.6 141.1 147.6 152.1 156.5 159.2 162.6 166.8 173.8 184.7 215.2 215.8 210.9 213.1 228.5 238.7 240.2 237.1 234.7 223.9 205 187.9 173.4 164.9 156.2 148.6 136.8 127.1 110 98.3 80.7 68 56.9 45.3 31.5 15.2 6.4 6 6 6 6 6 6 6 6 6 6 6 6 6 6 6 6 6 6 6 6 6 6 6 6 27.6 53.4 59.9 71.9 89.5 103.7
352.9 341.7 310.3 288.8 261.7 236.2 204.8 181 161.1 132.2 115.2 99.8 89.5 92.8 89.5 94.2 107.8 137.3 140.7 141.9 146.1 152.1 154.9 158.6 163.5 168.1 186.8 202.6 201.7 193.6 210.9 225.1 234.1 237 238.9 237.6 225 210.4 200.1 180.6 170 166.8 153.4 141.7 132.5 112.8 94.9 81.8 69.4 57.7 45.4 29.9 15.4 8 6 6 6 6 6 6 6 6 6 6 6 6 6 6 6 6 6 6 6 6 6 6 6 6 29.5 39.5 63.4 75.4 90.2 105.9
346.4 335.7 310.3 287.7 253.8 235.8 210.7 180.4 165.6 137.2 118.6 103.6 92.8 82.8 80.4 86.5 109.8 125.3 134.3 134.1 139.9 146.4 148.7 154.7 159.5 169.6 181.8 187.2 184.2 191.2 207.9 220.9 231.8 234.6 237.7 232.2 221.8 218.1 208.9 185.8 177.1 172.6 158.8 146.8 132.8 115 99.5 83 71 58.7 47.5 32.8 18 6 6 6 6 6 6 6 6 6 6 6 6 6 6 6 6 6 6 6 6 6 6 6 6 6 29.2 40.8 67.5 75.2 91.8 111.7
337.5 324.1 306.4 290.1 262.2 229.8 200.1 179.6 168.5 145 126.6 107.1 97.3 86.4 79.5 84.5 113.1 117.9 123 126.7 131.4 139.3 141.7 153.7 159 166.8 172.7 168.1 168.8 187.6 202.3 217.2 227 230.5 229 224.5 220.8 214.4 204.8 189.4 181.4 173.8 162.5 146.8 131.9 117.6 107.9 89.1 72 58.7 47.6 34.9 18.6 8.3 6 6 6 6 6 6 6 6 6 6 6 6 6 6 6 6 6 6 6 6 6 6 6 6 32.7 52.9 68.1 76.5 93.8 116.1
332.4 317.2 308.4 287.8 257.7 230 196.5 180.7 170.5 152.9 133.6 111.2 99.3 89.8 79.6 86.3 97.2 105.3 111.6 115.8 120.3 125.7 134.8 148.1 155.9 161.1 161.3 160.1 171.5 186.7 199.2 213.8 220.3 217.7 216.2 213.8 209.9 206.1 200.6 193.8 185 174.7 161.3 146.4 131.3 123.3 110.5 94.6 78.3 63.3 47.2 35.5 21.9 6 6 6 6 6 6 6 6 6 6 6 6 6 6 6 6 6 6 6 6 6 6 6 6 6 33.7 45.8 59.3 79.3 98.3 117.3
322.8 309.2 291.1 277.2 248.2 222.8 194.9 177.4 168.7 157.1 138.1 113.6 97.9 88.9 80.5 81.9 88.7 88.5 95.9 100.8 106 112.8 124.5 133.4 146.3 152 150.3 162.3 177.5 191.4 201.5 209.1 212.3 211.5 209.7 206.7 202.8 199.1 193.1 189.4 184.3 174.6 161.4 146.4 132.1 126.3 115.8 98.5 81.3 67.9 53.2 35.9 22.7 8.9 6 6 6 6 6 6 6 6 6 6 6 6 6 6 6 6 6 6 6 6 6 6 6 10.5 35.6 42.5 52.3 83.9 102.5 117.9
321.1 298.3 281.8 260.7 246.6 216.1 193.2 172.8 166.5 156.7 141 117.2 99.8 87 77.1 71.2 77.3 76.1 81.8 89.1 94.6 108 117.3 121.3 135.1 142.1 148.6 169.4 184.7 197.1 206.3 210.5 209 205.1 203.1 200.2 196.3 193.2 185.5 180.8 178.2 170.9 161.7 151.9 141 133 122.5 102.1 87.4 74.8 60.3 39.7 26.3 12.3 6 6 6 6 6 6 6 6 6 6 6 6 6 6 6 6 6 6 6 6 6 6 6 10.1 30.8 38 48.4 91.1 117.8 121.3
301.9 289 273 249.6 236.2 202.2 188 172.9 165.7 159.8 142.9 120 99.6 81.8 70.1 62.7 65.4 69.9 71.7 74.3 84.9 102.8 109.9 113.8 133.2 137 156.7 176.1 192.4 205 209.5 209.1 204.7 200.4 196.4 193.7 191 187.7 179.6 177.9 175.6 171 171.5 163.1 152.1 141.7 125.8 106.9 94 79.1 70.9 49.2 30.7 14.5 6 6 6 6 6 6 6 6 6 6 6 6 6 6 6 6 6 6 6 6 6 6 6 6 17.2 29.5 60.7 100.8 136.4 120
281.2 265.6 260.2 239.9 227.4 199.4 179.5 171.6 164.6 156.2 139.1 121.5 100.8 76.8 67.5 57.9 58.7 64 66 64.6 74.5 91.5 95.1 109.9 127.9 137.4 165.3 184 198 209.8 209.9 205.3 200.2 198.2 194.7 191.3 187.5 183 181.9 181.2 183.2 182.5 186 180.2 172.5 154.8 137.7 124 108 90.6 73.9 53.6 34.8 19.8 6 6 6 6 6 6 6 6 6 6 6 6 6 6 6 6 6 6 6 6 6 6 6 6 6 22.5 62.3 110 135.7 114.6
263 253.5 243.9 228.3 216 195.8 177.6 171.7 163.4 155.9 142 123 97.9 76.4 65 50.8 52.4 56.8 59.6 57.6 69.9 84.8 86.5 100.3 118.5 147.2 169.8 185.9 200.9 208 206.4 200.7 201.8 199.7 198.4 195.4 191 188.9 196.1 198.9 194.9 195.3 198.9 192.6 195.5 178.7 153.1 139.4 125.3 103.8 85.5 58.5 38.2 19.8 6 6 6 6 6 6 6 6 6 6 6 6 6 6 6 6 6 6 6 6 6 6 6 6 6 16.8 60.5 101.7 126.3 113.7
254.7 250.3 229.8 215.8 198.9 186.2 174.8 170.9 162.5 154.5 142 124.4 95.8 71.1 57.4 48 49.6 51.2 58.6 53.9 65.8 78.9 78.7 98.4 125.2 150.6 170.5 187.1 201.2 202.1 203.1 202.4 205.7 214.9 215.7 210.5 206.1 206.3 215.5 212.9 209.5 212.8 209.2 206.3 200.8 187.3 162.3 147 131 112.9 95.6 78.7 49.3 23.9 6 6 6 6 6 6 6 6 6 6 6 6 6 6 6 6 6 6 6 6 6 6 6 6 6 10.6 61.5 97.1 118 106.3
241.9 235.3 222.5 215.4 201 180.1 174.1 170.6 155.4 144.5 132.1 118.9 91.4 68.6 54.3 41.1 44.4 48.7 58.6 49.1 64.7 70.5 76.4 104.5 133.9 151.3 170.2 188.2 200.5 199 202.2 212.4 232.1 244.7 239.6 226.3 219.6 220.3 222.5 221.4 221.5 221.8 216.7 213.2 205.6 189.1 167 152.7 136.8 118.9 101.4 84.1 59.8 34.5 13.1 6 6 6 6 6 6 6 6 6 6 6 6 6 6 6 6 6 6 6 6 6 6 6 6 7.5 59.2 92 111.1 96.7
229.3 222.3 219 211.7 197.6 178.2 171.6 169.8 152.1 140.1 125.1 114.2 88.8 64.2 53.7 39.6 39.8 42.8 55.3 46 58.2 64.9 74.8 117.4 137.9 153.8 172 186.4 194.4 197.9 210.6 236.1 244.4 250.5 245.7 235.7 229.6 226.8 227.8 226.7 229 228.8 222.7 216.6 205.6 190 170.7 156.1 142.8 126 107.2 87.5 68.3 47.1 26.8 6 6 6 6 6 6 6 6 6 6 6 6 6 6 6 6 6 6 6 6 6 6 6 6 6 52.2 80.6 96.8 93.1
231.9 222.2 210.6 208.6 188.7 172.8 170.3 160.3 149 136 118.7 106 82.8 62.5 51.5 36.7 33.7 37.5 43 39.1 48.6 64.3 87.5 121.1 143 161.4 172.1 185.7 192.3 202.3 222.7 244.1 249.3 251.6 250.8 242.6 235.1 232.8 235.8 237.1 237.8 233.4 225.5 217.4 203.6 187.8 175.7 163.3 150.5 133.3 115.4 96.3 72.5 54.1 33.5 17.5 6 6 6 6 6 6 6 6 6 6 6 6 6 6 6 6 6 6 6 6 6 6 6 6 44.7 70 92.2 84.7
230.4 220.7 200.3 195.6 178.8 171 166.3 158.9 148.2 134.2 117.9 98.3 67.2 61.6 43.4 30.9 30.4 38.2 40.3 39.4 41.3 70.6 101.1 123.3 143.2 160.9 174.3 183.5 193.9 211 230 240.8 246.6 250.2 250.7 248.7 243.3 238.7 241.4 249.6 249.8 239.6 232.6 218.9 203.2 192.2 181.5 174.5 158.8 139.4 122.5 102.3 78 58.2 41 26.4 11.1 6 6 6 6 6 6 6 6 6 6 6 6 6 6 6 6 6 6 6 6 6 6 6 31.3 66.6 84.1 74.1
225.1 216.4 196.8 179.2 175.3 170.9 165.3 152.1 143.6 129.8 112.9 89.1 60.8 60.6 35.4 29.6 37.4 38.9 40 38.9 41.8 78.3 109.8 127.6 147.4 163.1 173.9 181.5 197.3 218 230.9 239.5 246 248.4 252.4 256.3 253.4 247.2 248 249.6 248.6 241.8 236.3 218.8 204.3 194.4 185 179.3 163.3 144.4 123.9 104.3 82.7 64 47 32.6 15.7 6 6 6 6 6 6 6 6 6 6 6 6 6 6 6 6 6 6 6 6 6 6 6 19.2 58.2 73.6 64.6
209.5 194.7 185.6 178 177.5 174.5 171.4 155.4 143.1 128.8 110.3 84 55.9 44.2 29.5 32.7 40.8 36.4 38.2 38.6 52.9 86.7 113.8 130.9 151.4 162.5 172.2 183.6 210.7 222.8 233.2 243.7 254.6 259.5 264.4 265 255.3 249.2 247.4 245 241.3 237.4 232.5 211 197.2 191.3 186 177.3 161.9 147.4 127.6 105.5 85 68.7 51.4 36.4 20.4 6 6 6 6 6 6 6 6 6 6 6 6 6 6 6 6 6 6 6 6 6 6 6 6 53.4 64.2 55.6
210.8 190.7 181.2 178 179.2 181.5 179.4 166.8 150.8 131.4 111.3 90.5 59.7 38.3 23 23.4 28.7 27.8 30.4 36 61.6 92.6 114.8 135.1 151.8 159.7 169.1 190.7 209.9 223.1 247.7 261.6 262.4 268 270.9 265.8 258.4 245.4 239.8 240.1 240.7 235.2 222.4 211 200.8 189.7 184.5 177.6 172.9 159.7 140.9 113.6 91.8 73.7 55.5 36.3 23 6 6 6 6 6 6 6 6 6 6 6 6 6 6 6 6 6 6 6 6 6 6 6 6 45.3 49.2 46.1
214.5 197.1 181 180.1 183.5 193.2 190.6 170.5 151.9 130.1 110.6 83.6 61.2 44.1 20.9 19.2 19.7 19.7 27.9 44.5 70.9 96.3 113.3 135.1 149.6 156.9 167.9 189.1 210.4 229.4 251.8 258.4 275 280.7 283.5 283.2 271.2 251.5 238.6 239.8 240.8 239.5 222.7 219.7 213.1 204.6 189.2 184.6 184.3 171.3 154.7 131.2 104.9 82.7 60.1 41.6 25.8 7.3 6 6 6 6 6 6 6 6 6 6 6 6 6 6 6 6 6 6 6 6 6 6 6 26 37.3 40
213.1 192.9 178.1 175.6 185.8 185.2 176.5 159.7 143.4 128.4 99.9 77.8 51.3 29.4 18.7 18.6 17.9 17.8 31 51.4 76.2 101.2 119.1 135.2 146 155.7 180.8 200.5 219.8 241.5 263.5 290.6 301.1 290.5 290.5 287 277.2 268.8 240.1 239.7 240.8 237 223 219.4 212.2 206 196 193.9 199 196.1 170.9 146.2 124.4 93.3 67.2 48.7 30.4 11.1 6 6 6 6 6 6 6 6 6 6 6 6 6 6 6 6 6 6 6 6 6 6 6 21.5 31.8 34.9
208.7 188.5 175.2 168.7 177.4 172.3 157.2 145.7 137 123.4 91.3 66.6 43.5 19.1 17.4 16.9 16.9 18.6 35.7 53.5 83.2 109.4 126.8 137.5 144.8 163.5 189.8 204.9 228.9 265.2 284.2 300.6 299.5 289.9 289 283.2 271.1 264.1 242.8 238.2 235.5 228.1 217.3 214.8 205.5 199.7 199.6 200.8 201 195.9 174.3 152.2 137.1 104 76.5 54.9 36.1 18.4 6 6 6 6 6 6 6 6 6 6 6 6 6 6 6 6 6 6 6 6 6 6 6 17.3 29.8 31.9
202.8 182.5 171.1 159.2 158.3 155 148.9 143.1 123.2 103.6 79.7 57.1 30.5 18.1 17.1 15.9 15.1 23.8 36 55.4 89.4 115.9 125.7 133.7 151.4 171.5 196.4 228 252.9 272.5 284.5 294.6 293.8 286.9 281.2 274.2 269.1 257.3 236.5 233.1 229.3 217.4 210.3 205.3 199.5 197.5 199.7 200.9 201 189.7 169.3 150.1 136 101.7 79 57.3 41.9 34.1 14.9 6 6 6 6 6 6 6 6 6 6 6 6 6 6 6 6 6 6 6 6 6 6 10.7 18 28.8
194.2 174.6 169.8 155.4 142.7 137.2 133.6 126.7 111.8 94.4 70.3 51.2 18.8 18.1 18.1 16.6 17.1 23.5 41.4 60.8 92.6 110.8 122.4 129.9 156.7 179 209.7 244.8 251.9 264 281.1 291.8 290.9 280 271.7 264 261.1 247.8 234.2 229.7 218.3 202.9 199.5 192.1 190.8 190.3 195.2 200.5 196.1 186.3 162.7 142.7 125.6 99 76.8 59.7 48.9 47.1 21.1 6 6 6 6 6 6 6 6 6 6 6 6 6 6 6 6 6 6 6 6 6 6 6 14.4 20.6
183.6 166.4 164.1 151.3 148.6 128.5 108.3 103.2 102.4 87.9 57.2 38.4 18.1 18.1 18.1 17.8 18 26.6 42.4 64.2 90.5 110 119.6 129.3 158.3 190.3 225.7 239 249.6 270.1 274.1 288.7 289.7 273 265.6 258.6 250.9 240.3 230.6 224.4 212.6 210.5 212.6 197.8 185.8 184.9 186.4 191.7 191.8 185.2 163.7 135.2 113.9 92.3 74.8 60.9 60.5 52.6 26.2 6 6 6 6 6 6 6 6 6 6 6 6 6 6 6 6 6 6 6 6 6 6 6 8 13.4
172.1 159.5 148.7 143 144.6 121.2 97 77.9 78.9 59.7 47.9 30.3 17.9 17.8 17.6 17.6 22.5 29.2 47.9 67.1 94.7 105.2 117.9 143.3 180.1 208.8 227.8 239.2 255.4 269.4 270.1 270.9 277.4 271.2 265 255.6 247.5 239.9 239.7 227.5 214.8 216.3 215.2 202.3 181.7 176.7 177.8 181.5 177.9 171.4 148.7 123.8 106.3 89.3 75.3 61.1 61.8 52 27.6 6 6 6 6 6 6 6 6 6 6 6 6 6 6 6 6 6 6 6 6 6 6 6 6 6.4
161.3 150.1 137.7 128.6 137.7 116.9 80.9 59.9 53.7 45.7 40.1 19.3 16.5 16.4 16.7 20.1 26.9 37 56.4 77.3 100.5 110.4 127.8 169.1 200.6 217.5 233.5 245.3 257.8 262.5 274.9 276.5 287.5 284.4 270.6 259 252.2 242.9 240.1 229 219.8 218.4 209.2 199.9 184.8 169.3 167.3 168.8 165.6 157.2 135.4 111.8 107.8 99.4 80.6 61.1 58.9 47.4 27.4 6 6 6 6 6 6 6 6 6 6 6 6 6 6 6 6 6 6 6 6 6 6 6 6 6
152.2 147.7 133.8 111.1 119.1 93.5 63.1 42.3 37.2 33.6 23.3 17.3 15.7 14.4 15 22.6 35.5 50.2 66.9 79.4 106.1 122.7 149.5 188.3 207.1 224.5 242.4 259.1 274.3 277 296.3 291.9 301.7 296.8 278.3 264.9 256.4 243.8 240.4 227.1 219.4 218.6 208.2 199.2 183.5 165.4 157.6 156.5 151 147.2 119.5 108.9 110.1 103.7 84.2 62.6 51.3 42.5 21.9 6 6 6 6 6 6 6 6 6 6 6 6 6 6 6 6 6 6 6 6 6 6 6 6 6
152.1 131.8 112.1 108.2 100 77.1 47.8 31 22.2 15.1 14.9 15.6 14.2 14.5 23.4 38.5 54 66.5 86.6 98.5 111.6 135.5 165.1 194.8 212.6 239.1 264.5 277.3 286.4 295.2 299.9 306 310.6 307.2 277.3 262.7 254.3 241.9 236.7 226.9 221.5 215.9 203.6 194.2 180.9 167.5 159.3 138.9 140.8 131.8 110.2 105.3 108.1 100.9 83.9 63.1 49.6 40.1 18.6 6 6 6 6 6 6 6 6 6 6 6 6 6 6 6 6 6 6 6 6 6 6 6 6 6
148.8 119.3 95.7 84.3 71.9 57.7 44.1 24.9 13.4 12 12.1 13.4 12.4 18.8 38.4 52 67.3 87.4 105.9 121.5 144.8 166 176.9 198.2 240.5 257.5 273.7 288.4 294.5 304.7 320.9 315.9 316.2 318.3 289.1 258.9 247 238.1 231.3 232 229.7 220 208.6 198.6 184.8 164.8 155.3 141.4 125.9 113.5 105.5 101.9 100.2 92.4 76.8 61.2 53.3 42.3 17.1 6 6 6 6 6 6 6 6 6 6 6 6 6 6 6 6 6 6 6 6 6 6 6 6 6
129.6 103.5 79.9 64.1 54.3 45.9 35.4 16.5 12 11.6 11.6 15.6 19.8 33.9 54.1 67.2 86.7 106.7 130.2 149.3 169 190.2 206.3 218 248.8 268.8 281 292.4 311.5 329.9 328 320 321.4 319.8 291.1 260.8 242.3 239.2 236.1 241.1 230.2 223.9 216.6 202.8 183.3 166.6 152.6 139.1 123.6 110 102.3 96.9 92.2 81.1 73.3 60.4 54.5 41.8 12.7 6 6 6 6 6 6 6 6 6 6 6 6 6 6 6 6 6 6 6 6 6 6 6 6 6.7
117.4 77.2 59.4 48 37.5 32.4 23 12.2 11.9 11.1 13.4 21 37.8 51.7 72.9 93.7 110 125.3 145.6 169.4 189.3 211.3 236.4 245.2 263.6 281.8 295.2 320.5 335.7 338.8 329.1 319.8 321 313.5 287.2 258.6 244.4 240 239.3 239.8 234 223.6 215.2 203.2 183.1 167.1 152.8 141.2 124.4 112.9 105.6 94.2 83.5 75.3 64.7 55.1 51.2 32.2 8.3 6 6 6 6 6 6 6 6 6 6 6 6 6 6 6 6 6 6 6 6 6 6 6 6 8.6
