app/static/ascii/NN31.asc
ncols 200
nrows 200
xllcorner 230000
yllcorner 710000
cellsize 50
[rows 72 to 107 of 200, columns 0 to 80 of 200]
290.7 278.2 269.5 272.7 271.3 268.1 264.3 263.4 267.9 278.4 285.7 300.3 308.3 312.2 315.5 327.1 332.2 331 318.7 306.4 270.3 232 198.5 167.5 143.3 129.7 116.2 92.4 64.1 37.7 20 13.1 7.7 6.5 5.7 5.7 5.7 5.7 5.7 5.9 13.9 38.7 74 105.4 131.3 139.7 137.8 149.2 145.3 124.8 96.1 90.8 106.6 123.6 141.5 161.8 174.7 188 200 221.1 245 254.6 276.8 287.2 293 310.8 334.7 351.2 386.7 419.2 438.5 469 483.1 501.4 508.5 499 488 479.6 463.1 452.9 443.6
282.1 270.8 278.4 277.3 272.9 269.6 271 275.5 284 293 304.1 314.7 325.7 332.6 336.4 338.1 341.2 338.4 334.1 327 300.5 249.5 211.7 181.3 156.9 140.3 124.8 98.6 74.6 47.4 26.1 13.7 10.1 6.5 6 5.7 5.7 5.7 5.7 5.7 6.9 27.6 67.5 92.5 119.5 143.4 135.5 136.2 140.7 130.8 103.7 91.3 104.6 120.1 131.9 149.9 169.7 181.3 191.3 206.9 232.9 250.4 266.1 278.4 293.5 305.8 317.8 351.1 380.2 409.6 435.8 461.2 479.5 499.8 509.7 503.1 496.6 486.4 473.2 466 451.2
277.2 280.8 281.1 278.5 273.9 278.2 279.5 286.4 297.9 311.6 324.9 333.8 344.3 348.6 353.1 348.2 349.9 344.8 339.1 333.4 318.6 271.7 242.6 206.3 171.9 141.8 125.5 100.3 75.9 53.2 31.4 14.1 9.6 7.9 6.5 5.7 5.7 5.7 5.7 5.7 5.7 26.4 57.2 76.7 96.6 123.5 140.4 131 122.9 119.8 106 93.8 99 113.2 124.5 139.5 167.4 183.2 189.3 201.9 213.1 228.8 243 268.2 291 304.5 315.5 343.8 377.8 407.3 434 447.3 474.4 497.4 501.4 495.8 490.5 488 478.7 470.5 454.9
280.8 281.1 280.2 277.9 281.3 285.1 288.5 300.7 316.3 329.2 335.3 343.4 351.5 356.5 360.3 360.7 347 346.1 334.6 331 324.2 278 259.4 232.2 182.9 139.5 119.6 98.9 72.9 58.7 38 20.1 10.8 9.6 6.5 6 5.7 5.7 5.7 5.7 7.9 25.4 42 64.1 87 97.8 116 119 111.4 103.4 99.4 97 99.7 107.5 119 131.5 161.9 174.4 182.5 191.8 201.5 216 236.3 265.4 286.3 300.9 313.7 342.2 380.8 408.3 416.8 436.5 464.4 483.7 472.6 471.4 477.9 478.5 477.5 475.1 463
281.6 280.6 280.8 283.8 287.8 292 302.8 313.1 328.7 337.7 346.8 356.2 364.8 370.4 372.5 371.7 351.3 332.4 312.1 319.6 304.7 270.4 266.9 243.5 186.1 136.9 108.8 88.9 67.8 57.6 45.3 23.7 10.7 9.2 7.4 6.5 5.7 5.7 5.7 6.4 9.1 17.2 29.6 50.8 80.9 85 87.3 97.6 100.7 95.9 95.1 97.9 95.8 101.8 113.9 122 149.6 165.4 176.3 187 199.1 213.6 228.9 254.6 282.4 296 304.7 337.9 374.7 397.2 413.3 431.6 448.8 452.8 450.5 452.5 457.7 470.4 472.8 472.4 468.9
280.6 282.3 286 289.7 296.1 305 316.7 329.8 338.1 350.1 361.2 369 375.9 380.4 385.7 379.5 356 303.6 296.5 304.9 287.8 259.3 260.2 236.3 182.7 134.6 101.5 80.3 65.6 54.5 41.7 25.9 11.4 9.3 9.6 6.5 6.5 6.4 6.6 8.9 10.5 11.6 18.7 34.2 65.2 68.6 72.6 85.8 88.7 83.3 88.5 92.3 95.1 96.3 105.7 113.8 132 155.3 165.4 180.6 196.1 209.2 228.5 243.9 269.1 294.7 294.3 323.2 359.5 390.5 411 421 422 423.6 432.2 441.7 454.1 457.6 469.7 468.9 469
283.2 285.9 290.4 296 305.4 314.9 324.6 340.4 351.1 355.6 365.4 374.8 378.4 379.7 382.2 382.9 359.1 303.5 283 287.2 278.5 255 241.5 211.4 174.2 137.1 101.4 77.4 63.1 49.4 40.3 29 17.4 9.8 11.3 8.3 6.5 7.2 8.7 9.7 10.5 10.7 14.1 30.2 38.8 48 59.1 70 77.4 73.3 75.5 85.6 90.4 86.6 95.4 98.3 122.6 146.5 157.3 175 191.8 206.1 226.1 241.3 257.2 273.9 289.5 310.5 339.2 379.7 399 410.5 414.6 421.4 422.8 429.4 446.6 462.9 472.2 467.2 469.5
286.5 290.4 296.5 304.8 314.6 327.7 337.5 347.4 354.4 355.7 369.9 376.8 378.4 379.5 381.5 384.7 342.6 306.3 274.4 284.3 276.1 253.3 223 198.6 173.7 141.3 105.2 80.2 62.7 49.8 37.3 29.2 20.6 13.4 11.8 9.3 6.5 6.6 8.5 9.1 8.6 8.6 9.9 17.3 26 35.7 51.9 61.2 66.3 62.4 61.8 67.9 76 85.6 82.3 92.3 111.3 136.9 146.5 165.5 178.6 200.4 222.1 236.9 251.7 262.1 276 302.6 330.9 351.8 378.7 391.9 409.6 419.8 415.9 424.4 441.1 456.6 472.7 464.6 454.5
288.4 295.4 303.5 313.6 326 342.9 352 361.4 366.6 359.7 372.5 378.4 381.3 384.6 375.5 376.1 323.2 283.4 266.5 277.3 262.2 250.7 214.7 192.8 173 147.6 112.2 73.5 61.7 46 38.5 28.1 21.2 15.4 10.8 9 6.8 6.5 7.7 6 6.1 6 6 6.8 14.6 21.5 34.7 43.4 50.3 48 48 47.1 57 66 68.9 84.3 101.2 127.1 139.3 157.1 173 194.6 216.4 225.3 246.3 261.5 273.8 292.4 316.2 336.6 360.3 381.3 405.4 413 402 411.2 420.4 442.5 450.9 449.1 444.2
293.7 300.2 312.5 326.7 338.2 354.3 365.3 369.4 376.8 372.7 374.2 380.8 383.4 383.9 369.3 354.3 317.7 282.3 258.1 255 245.2 238.4 209.8 186 171.1 149.6 117.3 81.1 58.6 46.1 36.1 29.8 21.5 14.8 10.3 9.8 7.3 6.5 6.5 6 6 6 6 6 6 10.3 24.3 30.6 35.5 35.5 33.9 35.8 47.4 55.3 60.1 78.2 94.2 116.3 131.4 150.1 166.9 189.5 210 220.8 239.3 252.5 268.6 278.7 298.5 326.2 353.4 368.8 383.2 394.8 407.5 422.4 424 420.3 434.9 445.9 440.5
298.2 304.6 320.4 334.6 343.3 363.6 373.6 383.7 389.9 391.8 383.1 378.4 367.6 374.6 347.1 342.4 326.4 292.3 265.3 242 233.4 221.5 204.1 178 164.8 145.4 121.2 88.9 59.9 47.4 33.8 24.9 21.2 17.4 14.7 13.9 11.3 7.3 6.5 6.5 6.4 6 6 6 6 6.8 10.4 20.7 22.9 22.6 20.9 28.8 45.4 59.9 56.3 75.8 91.5 106.3 124.9 143.2 160.5 184.4 201.6 217 228.5 237.7 256 284 307.2 320.3 348.7 371.1 375.7 388.6 399.9 409 424.6 432.1 424.6 436.2 444.1
304.9 310 323.7 339.2 345.4 357.2 367.1 385.5 400.1 410.4 395.3 393.5 354.8 347.6 339.1 330.5 317.6 300.8 276.2 237.2 225.1 208.9 191.2 167.3 151.6 139.8 118.6 97.5 65.7 49.8 37.7 25.9 20.6 18.6 17.1 14.4 13.9 13.2 8.1 6.2 6 6 6 6.6 6 6 6 10.4 14.4 14.3 14.5 23.3 41.7 53.2 49.9 74.4 88.2 97.8 115.6 134.7 153.6 173.8 195.9 213.6 214.6 227.5 255.5 282.9 313.4 326.9 346.8 369.3 373.5 397.5 402.8 415.1 425.5 433.5 429.2 429.6 432.9
311.8 320.2 325.6 337.7 343.8 355.8 363.8 383.7 398.8 410 404.7 376 365.9 347.3 328.8 323 319.5 297.7 266 237.8 218 196.9 183.6 170.4 156.9 135.1 116.1 95.8 68.8 45.6 42.4 41 20.6 18.8 17.1 14.7 14.3 11.2 8.8 6 6 6 7.5 6.8 6 6 6 9.3 14 11.4 11.9 16 41.4 44.5 47.3 73.8 91.3 93.2 105.5 125 145.3 166.5 183.5 203.9 205.2 223.9 251.9 284.4 310.6 331.6 344.6 354.6 370.5 402.2 414 422 427.7 428.8 432.6 439.6 446.9
321.4 328.1 331.1 338.4 344.4 352.9 366 373.4 388.4 397.8 408.8 383.8 376.7 364 335.1 310.8 314.4 284.2 267.5 240.9 227.5 190.8 177.1 168.3 158.9 135.5 110.8 89.7 68.3 51.5 44.3 32.2 20.1 17.8 18.1 14.7 11.9 6 6 6 6 6 6 6 6 6 6 6 6 9.4 10 11.5 26.9 38.8 43.6 63.6 88.2 93.3 95 114.8 135.2 155.5 175.2 190.8 194.5 220.7 250.1 285.2 314.5 334.6 342.7 351.3 368.6 395.6 415.3 419.1 422.7 424.8 430 442.1 450.8
329.3 334.9 338.7 345 352.1 357.1 366.4 380 385.4 392.2 394.4 385.7 379 379.1 338.2 317 296 273.3 261.8 236.9 223.9 185.8 169.5 161.8 147.1 131.1 101.4 76.8 57.9 51.9 43.9 41.9 25 17.5 17.8 13.4 6 6 6 6 6 6 6 6 6 6 6 6 6 9.5 10.2 11.3 25.9 37.9 37.6 44.7 76.3 91.7 89.7 104.1 125 145.9 163 170.8 185.3 209.7 239.1 276.1 311.5 330.9 341.7 352.1 367.4 377.3 397.5 416.2 433 434.6 436.3 447.1 463.5
336 341.8 348.2 355.7 363.1 364.6 370.9 385.7 387.2 391.3 400.2 390.8 367.4 355.6 335.7 312.9 288.3 271.7 249.2 224.2 202 179.7 159.6 149.3 140.6 115.4 92.7 69.5 60 51.1 42.3 38.2 32.5 16.2 15.3 6.5 6 6 6 6 6 6 6 6 6 6 6 6 6 6 6 10.8 17.3 23.6 30.6 35.4 53.6 83.9 88 92.6 113.7 134.2 148.2 159 177.9 203.7 230.1 264.4 294 314.7 337.8 351.5 373.1 386.5 416.7 426.1 443.3 453.1 451.4 457.4 466.5
343.5 350.9 359.5 366.6 374 378.8 378.3 389.8 394.8 387.7 387.2 389.7 381.3 341.4 324.3 310.3 293.7 276.2 242.2 218 196.4 176.4 151.9 134.6 122.9 107.7 78.7 63.8 53.8 52.5 43.8 36 25.1 15.6 14.5 9.7 6 6 6 6 6 6 6 6 6 6 6 6 6 6 6 9.2 14.6 17.4 22.7 25.1 41.4 63 80 79.9 98.7 117.2 126.2 152.5 170.2 193.7 218.9 248.8 276.9 301.2 323.7 353.2 377.7 400 414.7 424.2 445.6 456.7 456.3 457.9 464.8
352.4 363.3 370.8 376.4 382.7 388.6 391.1 395.6 397.2 393.8 387.5 381.5 367.8 343.4 319.5 302.4 293.9 274.1 251.6 223.8 203.4 178.2 150.7 121.1 105.3 93.4 86.4 73.1 61.8 45 37.9 28.3 20.7 16 12.5 10 6 6 6 6 6 6 6 6 6 6 6 6 6 6 6 6 11.4 13.9 21.3 20.5 33.5 52.6 72.8 73.2 83.5 102.4 125.7 144 163.6 188.1 211.7 233.8 256.9 290.5 319.4 351.5 367.7 395 407.3 425.6 434.5 457.9 457.2 460.5 464.2
362.3 374.1 381.6 388.6 394.8 403.3 407.5 405.5 405.5 401.6 393.4 384.1 372.2 349.8 321.3 304.6 286.5 269.8 247.7 227.3 205 179.9 152.6 121.4 108.7 96.3 86.9 74.1 64.1 52 38.3 25 18.8 16.5 13.4 10.4 6 6 6 6 6 6 6 6 6 6 6 6 6 6 6 6 9.4 10.6 14.9 15.6 21.4 38.1 56.2 65.6 71.7 100.2 123 142.2 162.2 186 208.3 225.9 246.1 275.3 315.1 342.1 358 381.6 413.2 426.8 437.4 455.1 457.4 465.4 460.1
377.6 387.3 392.5 401.1 407.7 418.2 423 428.5 429.3 431.4 419.2 403.2 386.8 360.9 333.5 308.6 284.9 267.7 242.5 225.4 206.1 181.4 153.3 130.1 110.7 93.6 79.4 71.2 62.4 52 44.5 34 21.5 21.4 15.3 11.1 6 9.6 8.9 6 6 6 6 6 6 6 6 6 6 6 6 6 6 6 6 10.3 14.9 26.1 42.5 50.7 60.3 86.8 113.6 140 162.8 181.9 199.1 217.3 237.5 275.3 310.4 343 358.4 382.9 407.2 416.2 425 435.3 443.1 452.5 452.7
385.4 394.1 406.4 415.2 422.7 432.1 450.3 455.1 450.9 448.8 446.6 421.7 411.2 401.4 357.8 317.4 287.1 266.2 247 226.5 210.4 187.2 163.2 137.8 117.1 99.6 83.4 68.6 59.3 55.3 46.8 48.5 36 29 22.3 13.3 10.6 9.5 7.3 6 6 6 6 6 6 6 6 6 6 6 6 6 6 6 6 10.4 15.4 22.2 32 41.4 60.1 87.3 118.5 140.3 158.8 175.4 193.1 212.3 234.5 269.1 298.8 333.4 355.4 377.9 413 425.2 426.6 436.2 439.6 453.2 457.8
394.9 404.1 416.3 425.7 436.2 454.4 465.4 470.1 471.5 462.2 446.6 430.8 418.6 410.1 357.9 324.5 292.9 271.2 253.2 233.7 215.9 193.6 172.2 150.1 129.5 112.1 93.2 72.5 63 52 46.1 39.5 31.6 31.4 26.4 21.5 14.7 11.2 6 6 6 6 6 6 6 6 6 6 6 6 6 6 6 6 6 9 13.8 19.1 24.7 32.6 50.1 86 117.7 135.4 154.9 166.5 187.4 206.8 223.9 256.9 288.3 320.5 353.5 364.5 396.4 419.1 430.4 430.2 441.3 445.6 449.1
403.5 414.8 426.9 435.9 444.2 458.3 468.7 474.7 472.6 455.1 442 430.8 425 415.2 373.9 334.9 301 277.8 261.6 238.7 225 205.8 180.8 156.1 132.4 119.3 99 85.4 72.3 61.4 51.1 45.4 35.7 28.6 22.8 19.6 17.7 10.6 6 6 6 6 6 6 6 6 6 6 6 6 6 6 6 6 6 6 8.8 13.8 17.1 23.8 37.6 75.9 108.7 129.9 149.1 158.1 181.9 203.9 221.1 241.1 266 300.2 324.2 351.5 378.7 405.7 423.9 435.4 442.1 447.2 447.8
416 427.2 436.3 444.5 454.3 464.6 473.1 475 467.4 458.1 457.5 444.3 428.1 405.3 370.9 349.5 312.3 285.5 265.7 244.4 223.7 210 190.3 164.2 142.3 130.1 116.4 98 81.3 67.5 61.1 50.4 47.9 36.3 31.4 22.8 20 16 6 6 6 6 6 6 6 6 6 6 6 6 6 6 6 6 6 6 6 6.6 9.3 16.5 32.2 67.8 98.2 125.3 145.7 156.5 176.3 196.7 217.7 237.6 259.6 282.8 309 330.4 359 392.7 425 442.9 451.4 450 450.8
431 440.1 448.6 459.7 468.5 475.1 488.7 488.2 474 471.8 474.5 459.7 450.8 417 380.7 353.4 329.3 302 273.3 252.5 228.2 211.4 197.5 171.8 153.2 144.1 127.9 109.6 93.7 78.9 68.3 59.1 52.9 44.9 38.9 32.7 20 19.6 15.5 10.8 6 7.7 6 6 6 6 6 6 6 6 6 6 6 6 6 6 6 6 6 9.2 27.6 51.3 84.3 116.7 143.2 158.4 168.8 186.9 214.2 229.3 247.8 273.3 299 325 354.7 391.1 419.8 442.8 451 447.4 450.4
449.6 457.5 463.5 473.6 487.6 491.9 491 492.6 481.2 478.5 476.9 473 459.6 450.1 419.8 377.7 348.4 318.8 287.9 264.3 240.5 220.8 201.9 181.4 162.6 148.2 137.4 125.2 104.9 91.6 79.5 69 60.7 53.2 45.1 37.4 31.9 23.4 17.1 15.7 13.1 11.9 10 7.8 6 6 6 6 6 6 6 6 6 6 6 6 6 6 6 9.4 24.3 43.6 73.7 100.4 130 155.5 165.9 180.6 205 218.5 244.4 275.9 303.5 323.4 357.4 389.2 410.5 432.5 442 444.2 446
465.7 473.1 478.7 485.2 499.9 503.8 498.9 506.9 491.4 486.8 482.8 480.9 472.9 460.9 432.1 400.6 365.8 338.7 299.4 273 252 230.7 210.4 189.1 177.4 165.7 152.3 134.8 120.6 103.8 90.1 78.8 68.7 61.2 56.4 51.2 43.3 34.8 24.8 18.6 13.5 13.2 11.6 10.8 9.4 6 6 6 6 6 6 6 6 6 6 6 6 6 6 10.1 22.6 38.2 66.3 91.1 118.4 146.2 164.6 176.4 194.8 213.2 242.8 275.3 300.2 327.5 341.5 380.3 405.9 415.5 423.8 434.3 443.7
482.5 490.8 501.1 498.9 504.8 507.3 509.5 512.6 502.8 495.5 484.1 483.2 471 477.8 444.9 423.4 383.7 345.4 308.4 280.4 261 240.8 218 199.9 188.8 178.2 165.3 148.8 130.1 116.5 102.4 87.1 75.9 68.7 60.1 50.7 45.9 40.1 33.7 24.3 19.1 14.7 14.1 13.2 10.8 6.4 6 6 6 6 6 6 6 6 6 6 6 6 6 7.9 20.9 35.2 54.4 80.1 109.2 132 149.1 173.1 192.4 211.9 239.4 269.9 308.3 333.2 364.2 386 413.9 416.5 416.4 429.7 444.8
497.2 501.1 507.6 508.5 512 518.9 527.8 523 512.4 509 490.6 481.9 471.3 473.1 437.2 417.1 395.5 361.4 325.2 295.3 271.2 254.1 232.3 213.3 201 187.3 175.8 161.2 143 125.7 110.4 96 84.3 75.5 63.6 55.5 47.5 40.6 33.5 28.9 24 17.9 17 16.6 12.9 10.7 6 6 6 6 6 6 6 6 6 6 6 6 6 6 14.4 31 45.7 66.7 95.9 115.7 134.5 155.5 178.6 202 230.5 263.4 308.9 338.6 368.9 397.8 402.1 414.1 422 427.4 444.5
514.8 516.5 523.1 523.2 529.1 541.1 539.2 535.2 530.2 516.2 500.6 483.3 468.3 475 443.2 417.7 406 379.6 346.2 308.6 284.1 268.6 252.6 237.9 216.4 199.7 185.6 171 153.1 132.6 116 103.8 88.1 78.3 72.4 63.6 55.2 47.4 42.8 38.1 22.2 22.2 20.3 17.2 15.8 13.9 6 6 6 6 6 6 6 6 6 6 6 6 6 6 11.6 25 39.5 58.1 83.6 106.6 126.1 146 166.4 193.8 223.6 259.6 293.6 331.7 361.6 394.7 393.7 401.7 422.3 434.6 447.7
522 526.1 530.1 536.8 546.2 557.2 551.7 546 538.4 528.3 512.6 501.6 478.1 470.7 468.3 433.4 410.1 388.1 359.9 330.9 303.5 284.1 271.1 255.1 237.7 215.8 194.5 179.5 164.3 144.2 122.3 109.1 97.3 85.3 77.6 71.9 57.8 48.9 43.3 30.6 25.6 29.5 22.3 19.7 18 15.4 10.2 6 6 6 6 6 6 6 6 6 6 6 6 6 9.1 17.5 32.1 54.8 75.9 96.2 116.6 138 157.1 179.8 213.5 244.2 277.8 314.5 335.7 358.6 366 385.6 422.2 447.3 458.1
525.6 536.6 547.7 553.6 571.7 576.3 570.5 563.7 562.6 542.5 519 511.1 481.3 468.8 472.5 453.9 420.1 391.6 369.1 345.1 318.1 298.6 289.1 268.5 247 224.4 204.7 187.7 172 156.2 133.1 117.7 104 92 82.1 71.5 64.9 59.2 45.4 32.2 30.1 26.7 25.8 21.9 19 14.3 12.1 8.4 6 6 6 6 6 6 6 6 6 6 6 6 6 8.5 27.9 44.5 63.5 84 109 128.9 148.6 166.6 194.3 225.7 261 287.3 304 323.6 341 369.7 424.1 452 465.9
536 550.1 559.5 575.8 592.3 600.3 587.3 579 575.3 559.4 533.4 513.5 495.4 475.2 462.8 454.5 434.2 396.8 376 352.8 335.1 321.4 306.2 287.3 261.4 247.9 214.9 196.8 180.8 164.4 138 124.4 110.2 97.2 83.5 74.4 68.3 66.1 44.8 37.7 33.8 29.1 26.7 21.9 19.5 16.2 13.3 10.3 6 6 6 6 6 6 6 6 6 6 6 6 6 6 20.6 36.1 53.5 75.6 101.4 117.2 136.7 158.8 181.2 207 241.8 269.2 291.3 308.7 333.7 367.1 408 437.6 470.4
545 558 574 588.6 600.9 609.5 607.6 595.2 585.1 566.7 542.9 517.8 500.5 495.1 473.1 447.7 431.7 411.9 376.9 363.1 342 337.9 327.3 308.1 279 253.4 228.3 206.1 189.3 167.8 143.8 126.6 114.5 101.2 81.6 74 67.5 57 48 40.6 35.3 31 27.5 23.6 19.5 16.6 13.8 9.8 6 6 6 6 6 6 6 6 6 6 6 6 6 6 8.5 24.6 42 67.7 79.6 104.1 123.1 143.3 169.3 196.4 230.3 261.7 284.7 298.9 326.2 363.3 397.1 433.5 464.8
551.1 571.3 593.2 600.6 612.5 611.8 613.2 607.6 605.7 589.2 570.5 547.9 519.5 504.1 480.6 458.8 434.4 416.9 388.2 377 355.9 342.4 335.4 318.2 291.8 269.5 241.2 212.4 193.9 173.3 150.1 128.8 115.7 103.5 87.9 73.5 63.9 58.6 50.8 43.8 37.7 33.2 28 25 21.2 17.2 13.9 8.7 6 6 6 6 6 6 6 6 6 6 6 6 6 6 6 16.4 31.6 52.7 76.3 88.9 104.1 131.8 165.7 191 229.1 258.5 282.3 296.8 323.3 358 398.2 431.3 455.3
558.2 577.4 605.5 610.6 624.6 635.9 631.6 622.4 618.5 613.5 590 570.5 544.2 518.1 484.8 464.8 437.4 414.3 400.5 380 351.9 335 329.7 318.5 295.3 266.8 246.3 215.2 196.4 174.1 153.9 132.2 115.4 101.2 88.4 77.5 68.1 60.6 54 45.7 39.3 34.4 29.8 25.4 21.2 16.9 12.8 9.2 6 6 6 6 6 6 6 6 6 6 6 6 6 6 6 15.2 26.8 42.5 55.1 72.1 93 124.9 157.5 187.7 232 256.8 278.7 296.3 320.6 361.3 400.8 424.4 458.5
