app/static/ascii/NN32.asc
ncols 200
nrows 200
xllcorner 230000
yllcorner 720000
cellsize 50
[rows 140 to 174 of 200, columns 0 to 77 of 200]
509.2 504.8 509.7 511.2 508.3 505.3 501.7 500.6 497.4 497.2 497 492.5 486.7 486.2 483.9 479.6 474.7 468.9 460.7 449.2 436.2 424.7 414.9 400.2 389.4 376.3 361.7 348 340.6 331.4 325 319.2 313.4 298 306.6 310.1 314.9 325.3 337.3 345.7 360.6 376.1 386.4 398 410.5 415.6 434.5 463.1 487.5 506 516.7 517.7 516.1 515.9 515.1 511.6 507.4 510.6 517.2 509.1 501.3 492.6 486.3 480.9 476.5 472.1 467.2 464.6 460.4 456 450.8 445.8 441.5 437 432.3 425.6 417.7 409.7
502.3 500.5 499.9 499.9 502.8 497.2 496 497.6 494.1 491.3 489.3 487.5 484.2 485.8 486.7 477.8 470.6 462.2 456.7 453.2 444.8 432.4 420.2 408.9 393.1 376.1 361.4 352.9 342.1 329.9 323.2 315.3 311.1 300.4 303.4 305.6 311.1 316 325 338 352.6 362.2 372.8 382 397 403.5 415.6 445.2 472.1 488.1 492.2 504.8 504.5 506.9 506.7 505.4 502.1 499.3 505.1 501.2 489.6 478.5 475.1 471.5 467.6 464 464.9 461.2 457 452.9 449.2 444.2 439.6 435.5 431 424.4 416.8 407.1
498.5 497.8 498.3 498.4 494 493 492 491.8 490.4 492.3 489.1 483.8 485.1 487 485.3 484.8 480.8 471.2 457.1 447.5 433.6 429.8 420.5 404.7 386.4 371.2 355.9 346.1 337.8 332 328.6 319.3 308.7 298.8 292 303.3 310.6 313.8 317.8 329.3 337.8 349.5 359.6 369.1 384.6 390 399.4 415.9 456.2 473.2 482.5 487.5 491.7 495.8 497.9 497.4 494.6 492 489.7 478.7 473.7 467.9 464.2 461.3 458.8 457.6 457.9 456.2 452.8 449 445.3 441.5 437.4 433.3 428.4 422.5 414.7 405
497.3 498 498.4 495 494 495.1 495.7 495.9 496.3 499.6 492.7 491.6 489.5 492.2 487.3 483.6 477.5 467.6 456.2 450.6 439 424.2 411.6 396.4 384.9 374 362.1 356.7 348.2 336.6 327.9 317.5 307.9 299.7 291.2 301.1 302.7 302.3 307.9 314 328.9 339.6 347.3 358.5 368.9 379.4 385.5 394.2 416.7 451.6 454 465.9 482.5 487.6 485.3 482.1 480.9 477 465.7 465.1 461.7 457.3 455.9 453.9 452 450.8 451.9 451 447.9 444.9 439.1 437.4 434 430 425.8 419.8 412.2 404.2
497.6 498.4 498.4 498.3 502.2 504.1 505 500.6 498.9 493.1 489.4 487.9 487.4 485.7 482.8 476.8 470 462.7 460.2 453.5 441 428.3 415.5 402.7 388.3 376.7 363.3 352.6 343.9 334.3 325.3 315 306.1 297.7 291.7 288.9 295 296.1 300.6 310.6 322.2 328.7 338.4 344.4 354.2 365.3 370.2 378.6 384 402.2 417.8 431.8 446.9 476.2 473.6 463.8 456.6 460 452.4 447.7 442.8 444.3 449.6 444.1 446.7 445.8 446.2 446.2 443.1 439.5 436.3 433.6 430.4 426.8 421.9 416.6 408.9 401.5
499.5 499.5 499 499.1 501.3 500.8 498.2 497.9 495.4 493.1 490.2 490.3 487.3 483.6 482.5 479.8 472.6 467.1 459.7 451.5 444.2 431.2 420.1 411.6 400.8 384.6 373.1 362.5 357.7 341.7 326.6 318.3 309.9 298 291 288 286.2 295.9 299.2 307.4 310.6 317.9 327.2 338.7 343 346.9 354.8 362.8 373.5 383.7 395.5 405.8 411 431.3 445.1 430.1 425 435 433.3 435.3 429.5 443 439.4 436.9 436.9 437.3 439.6 440.1 438.4 434.1 431 429.9 426.7 423.5 418.1 412 405.8 398.5
498.9 499 499.7 499.4 499.2 498.8 499.3 500.9 498.5 497 495.9 494.8 490 484.1 482.9 479.9 471.6 466.6 460.6 455 445.3 435.2 424.9 416.2 409.9 397.4 379.8 362.1 351.8 339.2 329.5 319.6 309.6 298.8 292.6 287.3 284.3 300.7 302.7 299.3 305.9 313.5 324.9 334.4 341.8 346.4 351.7 357.8 358.1 372.3 381.9 381.5 387.7 397.4 402 406.1 409.9 408.5 411.2 418.6 415.1 431.5 423.5 421.8 428.9 434.9 432.8 432.6 432.8 429.3 427.1 425.1 422.4 419.3 415.1 408.3 401.5 394.8
497.5 501 498.8 498.9 500.5 500.6 502.3 507.6 505.9 500.9 498.9 502.4 495.2 491.3 483.3 473.5 469.8 466.3 460.7 456.1 446.9 441.6 432.6 422.2 411.9 400.4 382.7 362 350.7 342.2 334.6 323 313.8 299.7 293.7 288.6 282.9 289.5 292.2 292.7 303 313.8 322.7 326.9 333.9 342 350 345.3 349.1 352.5 357.6 357.7 365.3 374.1 388.3 397.4 399.9 396.5 400.8 406.8 399.1 401.2 406.3 417.8 422.9 425.4 426.8 427.3 427 424.2 423 419.6 417 414.1 409.9 405 399.4 390.5
493.2 497.1 493.2 495.9 497.3 501.8 504.5 503.6 500.6 499 503.5 501.6 499.5 498.9 491.7 482.3 478.2 473.9 468.1 458.9 452.2 442.2 436.4 419 406.1 393.2 381.4 366.7 355.8 348.4 335.8 327.5 317.3 306.6 299.1 291.5 281.7 284.1 285.8 293.3 297 306.6 317.3 322.7 328.9 337.9 337 332.4 333.7 333.8 335.4 341.3 345.8 356 371.3 375.3 376.8 381 381.5 386.9 380.3 385.7 395.9 411.1 417.5 418 420.3 421.4 419.8 418.8 417.1 414.3 411.7 408.2 405.1 399.7 393.4 386.1
488.6 488.6 490.6 496.2 502.8 503.9 504.7 501.1 500.3 507.6 509.4 507.5 505.4 502 495.7 489.7 482 476.9 469.2 458.8 450.2 441.5 428.7 417.2 408.5 391.3 382 369.4 356.8 344 335 327.7 316.3 308.3 300.1 294.6 286.3 280.3 280.2 281.7 290.5 300.1 307.3 319.2 325.2 333.6 329.7 323 319.5 323.6 318.7 323.7 330.4 337.1 346.8 349 350.2 357 360.8 364.8 363.4 371.3 390.8 406 399.4 412.1 415.8 416 413 410.4 409.8 405.5 408.3 404.2 401.2 394.5 387.6 380.5
488.7 488.6 489 494.3 501 499.5 499.5 502.2 505.6 506.2 508.2 504.4 501.8 501 498.5 491.3 482.2 477.8 467.4 461 456 446 432.5 422.1 411 398.7 383.4 372.4 359.8 350.4 342.6 329.4 319.4 314.6 311.1 302.9 295.5 285.8 282.2 278.3 276 282.9 294.3 309.3 318.7 323.7 316.9 306.7 309.4 305.3 302 309 310.6 319.1 323.2 325.2 331.3 334.8 341 344.5 347.5 362.4 374.1 383.3 396.6 406.2 407.3 409.1 406.2 404.8 404.1 402.2 400.6 399 393.8 388.7 381.9 374
491 488.6 494.6 499.1 499.6 500.5 500.7 502.2 505.8 505.3 504 503.5 503.6 500.6 497.7 495.3 488 477.8 469.8 468.2 460.7 450.9 441 432.5 420.1 409.4 396.5 382.3 372.2 355.3 344.5 336.7 334.8 327.5 321.6 316.6 307.5 297.4 295.3 282.5 278 275.5 278.8 285.6 293.5 298.6 293.9 291.7 291.6 292.5 291.7 297.1 297 303.1 305.6 309.9 312.3 315.3 323.1 325.5 327.6 348.4 355 365.6 392.4 398.8 396.7 397 398.9 398.5 397.5 396.8 395.3 392.5 390.5 383.2 377.3 368.3
489 490.3 499.7 501.8 503.8 504.5 503.9 503 506.2 512.1 509.1 507.3 507.2 507.4 507.7 504.9 488.2 477.2 472.6 466.6 460.6 454.8 446 439.2 425.8 410.4 400.5 391.4 376.4 365.3 356.8 351.3 342.9 334.2 327.1 318.8 313.2 310.1 302 294.3 283.2 280.8 273.4 271.6 271.8 278.5 275 273.5 273.7 277.8 280 284.7 290.4 292 294.8 296.1 299.8 298.6 305.2 306.2 317.1 330.3 343.3 362 382 385.9 390.8 389.6 390.3 392.2 390 389 389.6 387.5 382.6 374.2 369.5 361.7
488.9 491.3 497.1 499.5 502.3 504.8 506.6 506.1 508.5 510.5 510.4 511.1 510.3 506.5 502.8 500.8 488.4 477.4 479.4 475.1 468.4 462.9 452.3 442.8 434.2 423.4 406.2 397.7 388 375.7 366.6 357.4 347.8 344.2 338.9 330 321.1 315.1 308.5 302 296.2 288.5 285 281.9 273.9 263 260 253.6 256.5 263.5 263 266.9 277.1 277.7 283.8 285.9 287.2 286.4 289.6 300.2 308 316.1 331.3 357.2 371.7 375 381.1 380.6 382.1 382.6 385.5 382.8 381.5 376 373.2 367.3 357.9 352.9
490.9 492.2 494.2 496.4 499.6 502.4 504.9 506.4 507.2 509 509.9 511 509.2 503.9 497.7 494 486.1 482.9 478.1 473.2 468.9 464.7 458.4 451.9 437.6 426.7 419 405.6 392.6 383.3 370.3 365.6 359.2 353.3 344.6 336.1 328.5 321.6 314.6 308.4 303.6 298.8 293.7 287.7 283.2 277.7 271.6 262.3 257.9 248 250.6 252.3 261.2 261.1 262.5 274.3 271.8 270.1 280.6 289.7 295.3 305.6 323.4 339.4 355.5 367.2 371.2 368.5 374.1 377.2 371.6 371 370 368.1 363.9 357 349.3 342.1
491 493.1 495.9 496.5 495.4 498.3 501.8 506.6 505 505.4 508.5 508.4 506 504.4 499.6 496.3 494.3 490.3 479.5 475.5 471.5 467.3 465.2 461.9 450.2 437.4 429.9 413.5 397.2 386.1 381.1 375 371.3 362.2 350.3 341.9 335.7 328.4 322.6 316.8 311.8 308 303.5 295.9 290.3 286.3 278.1 272.4 263.5 254.4 242.2 237.7 245.3 249.8 251 252.4 254.8 255.2 265.9 270.5 278.8 295.6 313.1 319.4 329.2 354.4 350.5 354 364.6 367.5 363.1 361.8 364.2 360.9 353.5 347.2 342.2 338.5
489.6 492.4 498.5 498.1 495.4 497.1 502.1 507.5 507.8 508.3 508.9 509.7 509.2 507.4 506.6 501.9 497.1 490.6 485.1 479.5 477.6 472.3 466.9 465.3 457.2 443 432.6 418.1 409.1 401.3 393.6 385.6 379.5 369 362.7 350.8 345.4 339.1 331.5 326.4 318.4 312.5 310.4 304.3 302.4 294 286.8 284.2 276.4 264.6 246.6 236.5 228.2 232.1 234.5 235.9 234.8 248.5 251.3 258.2 270 279 292.8 302.4 315 330.3 338.9 346.9 351.5 353.5 356.9 355 353.1 350.9 346.3 337.1 330.9 326.8
494.4 498.7 499.1 499.2 497.6 502.8 507.5 505.9 510.3 509.3 510.3 511.7 511.5 511.1 511.1 509.2 506.6 501.3 492.1 486.7 481.9 476.2 469.7 467.9 458.7 445.7 435.8 428.5 419.3 412.4 405.3 395.7 384.6 376.6 369.4 357.1 352.2 345.6 337.1 330.9 326.3 318.4 314.3 311.6 308.1 304.6 294.6 288.5 281.9 269.3 252.3 240 227.9 215.8 217.5 221.3 232.6 236.1 241.9 251.7 260.4 266.5 274.5 292 302.8 316.4 328.4 336.4 340.8 341.7 340.2 345.3 343.2 339.4 333.1 328.4 321.3 318.3
495.5 499.3 498.4 500.2 500.4 502.8 503.9 505.6 508.9 512.5 514.1 517.3 517.5 515.7 513.1 511.8 508.7 502.8 498.1 485.5 480.8 477.3 474.3 469.2 460.9 446.9 441.3 428.1 428.6 423.3 413.1 400.9 387.9 379.2 372.3 367.2 356 348.5 342.6 335.7 331.1 324.4 320.8 320.1 316 313.4 303.4 291.2 283.6 269.7 256.6 245.6 232.4 218.3 209.4 217 223.2 230.9 240.3 249.5 258.2 260.9 261.9 277.7 292.4 305.8 312.9 321.7 330 330.9 328.5 330.3 330.5 327.2 325 317.6 316.9 312.3
495.8 498.8 498.4 498.2 498.8 501.4 503.5 507.3 509.7 512.5 521.8 518.3 519.6 518 514.1 512.2 510 509.8 505.2 490.4 488.5 486.5 480.7 476.4 466.3 454.9 440.1 435.2 435.9 429.8 419.2 410.9 402.3 390.7 379.8 370.4 365.2 357.9 353 345.2 333.3 332.7 330.2 326.9 322.1 321.6 307.7 292.9 282.2 273.5 262.5 248 237.8 224.8 212.5 205 214.7 222.8 234.6 245.9 250.2 246.8 257.2 263.1 280.6 293.4 299.2 306.4 313.3 317.6 318.5 321.4 321.1 319.7 315.9 304.7 306.6 299.2
496.4 498.4 498.4 498.4 499.4 501.4 501.8 504.3 511.6 516.1 517.6 519.9 520.1 518.8 516 513.6 508.7 509.8 501.9 491.1 488.7 487.3 483.7 479 470.4 459.8 442.3 443.7 446.5 437.5 428.4 422.5 417.6 402.6 391.5 381.2 372.2 368.2 361.1 346 340.7 341.9 337.3 333.8 327.2 319.1 306.2 293.9 281.7 274.1 265.5 254.3 245.1 228.5 215.6 205.5 214 219.8 224.6 233.1 236.4 237.8 241.5 248.2 264.3 277.4 286.1 291.7 298.5 305.7 309.1 309.2 316.1 311.1 304.7 292.3 285.2 283
497.7 498.4 498.4 499.7 502.2 499 501.8 504.9 509.7 514.7 518.2 520.2 520.3 516.3 511 508.3 504.4 501.6 498.5 495.7 495.7 491 488.7 481.9 471.5 466.2 447.7 444.3 444.1 436.8 425.5 422.2 417.7 400.1 396.7 389.9 375.5 370.3 360.4 349.3 347.5 343.6 338.6 335.6 329.5 317.7 309.7 299.3 288 279.6 272.6 263.2 249.6 234.1 220.6 206.7 207.3 214.1 223.4 224.1 227.2 222.7 227.5 235 249 261.2 271.5 278 287.6 290.3 293.7 300.8 304.5 299.4 289.3 282.1 277.7 272.5
499.6 498.6 499 499 499 498.3 504 508.2 508.7 512 516.7 520 519.6 517.1 513.3 510.5 508.7 506.8 504.4 501.8 497.3 494.3 488.8 477.6 468.3 459.7 439 441.2 436.3 423.9 415.5 415.4 414 405.8 398.5 388.9 381.4 373.7 369.3 362.8 352.9 350.8 346.7 345.4 334 326.9 319.9 308.8 298.9 286.4 276.7 267.9 255.8 241.7 229.2 220.1 207.6 198.2 215.1 216.4 210.1 208.7 213.2 221.8 237.2 247.5 257.3 265.7 273.8 274.8 279.5 288 292 285.5 277.1 271.4 269.7 263.7
499.5 499 499 499 499 502 505.5 508.6 511 513.2 514.7 517.5 518.9 517.7 514.9 512.7 511.5 510.4 506.9 505.7 499.7 494 487.4 475.7 465.4 450.2 433.5 425.6 415.5 415.5 415.5 415.5 418.4 410.6 402.5 396.4 392.4 382.2 373.7 368.4 362.8 358.2 355.3 348.2 343.7 336 328 313.1 303.3 290.1 273.9 265 254.3 246.7 237.5 225.7 215.6 198.3 195 200.8 197.5 193.7 201.3 210.8 224.3 236.3 244.3 255.9 258.7 261.9 266.9 271 272.7 269.4 263.6 261.8 263.7 258.4
499 499 499 499 499 504.8 507.1 508.1 508.5 510.8 514.6 516.6 518.4 518.7 516.4 512.3 511.9 509.9 506.4 501.8 499.1 499.4 488.3 472.6 455.3 445.6 432.5 422.2 415.5 415.5 415.5 421.1 431.7 415.9 408.7 401 402.9 394.4 380 374.4 370.2 361.6 358.1 354.1 349.7 340.8 330.3 310.8 297 282.8 267.7 260.9 255.6 248.3 235.7 225.4 213.2 193.2 178.7 190.6 188 182.6 190.4 199.6 211.1 222.4 229.7 240.1 242.7 248.8 257 259.4 258.3 258 252.4 255.9 254.1 249.7
499 501.2 499.2 499.9 502.1 502.4 503.1 505.5 508.3 510.7 512.9 514.7 515.1 515.4 513.7 513.2 511.4 509.4 506.4 501.5 497.9 491.2 480.6 465.2 446.6 433.2 429 427.7 422.1 420.4 417.9 424.1 433.3 414.5 411.5 408.7 395.8 386.3 377.5 371.5 369.8 364.3 363.7 362.7 355.6 344.2 334.3 311.5 290.4 278.8 267.4 261.5 258.5 250.3 236.9 221 211.6 195.2 174.6 176 174.8 174.2 179.7 188.5 203 209.1 216.4 226 228.9 242 249.5 250.9 250.6 250.5 245.9 249.6 245.7 242.8
501 500.7 499.5 500.2 502.8 503.6 501.8 503.2 504.5 505.8 507.6 508.8 510.6 511.4 510.1 507.9 507.1 505.6 503.5 499.9 496 491.9 480.1 452 440.7 422.9 421.9 418.9 417.1 412.2 411.7 412.5 417.6 417.3 410.8 409.8 402.3 383 379.5 378.1 373 370.2 371.4 382.8 368.8 355.7 331.7 310.2 292.5 281.9 265.4 259.2 258.9 252.9 237.8 220.7 204.4 195.9 177.4 165.1 168.3 169.3 170.7 177.2 189.8 197.6 204.3 212.9 221.8 233.8 239.7 241 238.9 240.6 239.6 235.3 234.7 229
500.4 501.1 500.7 502.1 503.6 502.7 500.8 498.6 498.9 500.6 502.3 503.2 504.9 507.5 504.3 501.1 499.6 497.3 498 499.5 493.6 488.4 476.2 457.6 438 418.3 413.9 415 416.3 413.6 412.2 410.6 408.8 408.6 405.3 395.9 394.7 388.5 387.1 380.9 374.8 374.1 377.7 397.6 386.6 360.4 322.7 294.9 286.6 279.2 263.7 255.9 250.5 241.4 234.6 215.6 204.1 197 186.6 171.7 162.2 163.4 163.2 168.5 177.8 188.2 199.8 205.9 213.9 224.7 227.4 235 233.3 233.8 233.5 231.4 223.5 221.2
498.4 499.6 501.1 502.2 503 502.2 499.5 494.8 493.3 494.5 496.7 496.5 494.6 499.3 496.8 491.9 486.4 484.1 479.3 483.1 483.2 482.3 473.9 453.8 434.4 413.5 407.9 411.7 414 413.7 414.8 413.1 406.7 396.7 391.8 391 391.4 389.5 385.4 379.5 377.1 374.8 373.7 396.3 372.2 339.4 310.6 289.7 279.8 259.5 256.5 248.3 237.5 235.5 231.9 214.2 198.9 191.9 186.8 179.8 163.8 156.9 157.9 161 165.2 181.9 194.4 196.3 205.7 215.6 221.4 225 224.5 226.3 226.3 221.2 215.3 211.6
496 498.9 501 500.7 500.2 499.4 497.7 494.7 488.1 483.4 485.2 485.2 481.9 479.7 478.4 476.6 470.4 465.3 463.2 460.3 464.3 469.7 467.8 444.7 428.6 406.6 399 407.3 412 413.8 413.5 413.1 407.8 399.3 398.1 394.5 394.5 392.1 386.7 379 373.3 366.5 360.3 374.3 343.1 319.7 299.2 279.1 265.4 255.7 251 240.6 229.6 225.4 221.2 208.7 201 193.3 184.1 180.5 164.5 148.5 151.8 154.6 159.3 172 182.3 188.7 195.8 208.3 210.1 213 215.5 215.6 216.3 212.2 206.9 204
490.1 494.1 497 498.9 499.2 497.3 493.1 491.8 485.7 479 469.9 473.6 471 468.4 465.8 461.5 458.5 456.2 452.2 446.7 444.4 450 442.4 435.4 432 402.5 394.1 402 412 414.2 414.8 413.9 408.5 403.8 399.7 393.4 391.2 386.4 381.5 376.7 368.5 359.9 348.7 352.6 323.7 300.6 277.4 261.2 247.4 252.5 245.2 231.7 225.3 219.4 211.1 207.9 198 190.4 180.7 174.7 162.3 144.9 144.6 148.7 153.2 161.2 171.5 179.6 191 195.1 199.6 205.1 207 207.9 208.3 204.5 200.7 197.4
486 488.2 492.7 496.4 498 496.2 493.5 490 485.7 480.1 469.9 463.8 463.2 460 457 454.3 451.4 444.8 438.2 429.8 429.1 430.6 424.5 413.9 413.6 400.7 385.9 398.5 410.9 415.8 417.5 416.5 412 408.6 400.1 398.3 394.6 386.7 376.3 370.7 354.6 335.7 321.5 314.1 296.4 277.9 257.3 244.4 241.4 245 235.4 227.9 216.9 212.8 207.3 203.5 196.1 189 180.7 168.1 157.8 143.3 138.5 142.1 146 152.2 162.3 170 181 192 197.9 201.6 202.9 203.1 201.4 198.7 193.7 189.1
480.5 484.8 489.3 493.2 496.2 493.6 490.1 485 480.1 475.1 466.2 457.5 444.1 443 440.8 436.1 433.1 430.5 427.1 417.2 411.5 417.4 408.1 403.1 393.4 390.3 379.8 395.7 409.3 416.6 420.4 419.1 415.2 406.5 397.6 397.6 391.1 372.7 351 338.9 316.8 302.7 300 288.7 273.1 259.4 245.4 236.9 235.5 233.9 232.1 223.2 211 205.7 202.2 201.7 193.7 186.5 179.4 165.3 157.9 142.9 131.2 138.3 140.6 145.4 152.6 161.3 173.7 190.7 195.3 199.4 201.1 195 194.4 193.7 185 180.9
466.7 475 480.1 485.8 491.9 492.2 491.5 486.3 476.9 469.2 462.6 454.2 446.9 434.1 423 416.6 412.6 406.6 402.5 398.8 397.1 399.2 398.2 383.7 370.9 369.3 372.5 398.9 414.6 422.3 429.7 425 413.2 399.4 389.5 385.5 381.1 354 328 312.2 306.5 292.4 279.5 268.5 261.3 252.6 241.3 232.2 230.4 229.3 225.6 216.8 211.9 199 196.7 197.7 189.7 183.1 176.3 162.1 153.8 144.1 129.6 135.6 136.3 139.8 145.9 154.9 167.9 181.2 185.4 192.1 194.5 185.8 182.4 180.1 175.9 171.9
455.5 467 474.6 482.3 488.1 490.5 487.4 483.5 478.1 469.7 461.4 452.4 442.8 436.4 428.7 417.3 406 389.9 385.1 381.9 383.5 375.7 374.9 374 370.3 358.5 363.6 391.9 411.3 423 421.5 418.3 413.4 395.4 388 384 379.5 340.5 320.1 308.8 298.7 284.3 270.2 260.6 250.7 237.2 231.4 231.1 227.8 223 218.4 210 199 191.6 192.7 189.5 183.2 180.9 173 162.9 152.3 142.4 129.6 132.7 132.6 135.5 140.8 151.5 165.8 174.3 180.1 182.4 184.4 178.5 172.7 170.4 167.7 164.5
