app/static/ascii/NN33.asc
ncols 200
nrows 200
xllcorner 230000
yllcorner 730000
cellsize 50
[rows 0 to 34 of 200, columns 0 to 77 of 200]
182.5 194.9 209.1 217.8 225.7 231.9 243.7 255.5 264.7 272.5 283.5 291.9 300.1 310.3 320.1 329.8 337.2 347.3 356.4 365.6 378.8 388.7 399.4 409.4 419.7 431.5 442.3 452.6 463.2 473.1 482.4 487.5 482.6 493.3 505.1 517.6 528.6 536.3 545.5 551.6 559.5 571.6 583.6 599.2 623.4 648.6 680.9 692.7 725.1 761.2 791.1 788.4 777.8 777 774.9 766.8 754 741.3 726.3 710.3 694.6 683.7 669.6 660.2 652.8 644.2 640.3 637.3 633.8 631.5 629.8 625.7 619.4 612.5 605.4 600.7 591.6 582.7
184.8 196.1 208.8 219.4 228.4 234.8 243 252.9 263.1 272.4 280.8 286.9 296.9 306.1 316.2 328.3 336.8 344.8 352.8 360.7 359.8 381 393.4 402.4 412.9 423.6 432.7 442.3 451.7 461.6 468.4 472.3 485.9 496.6 510.6 529.1 539.4 550.1 557.8 562.2 567.9 576.3 583.7 598.9 622.2 656.2 679.4 690 712.1 740.1 778.7 768.9 759.6 752.7 747.7 740.5 731.2 716.6 703 685.9 670.4 660.5 649.1 644.1 635.8 630.1 624.7 619.9 617.2 617.4 615.8 614.7 610.7 602.8 597.5 595 598 595.6
184.5 195.3 207 221.3 229 235 242.8 248.7 260.4 268.7 278.6 289.1 296.9 304.1 314.6 326.1 335.2 342.3 345.3 350.9 368.1 372.8 384.5 391.4 403.9 418.3 426.9 434 445.6 458.5 472.1 483.2 492.7 501.1 514.2 536.1 547.7 560.8 567.4 572.1 581.8 587.4 593.5 609 625.5 658.7 682.6 697.1 711.9 728.1 748.7 747.7 737.4 730.4 722.8 718.3 710.6 693.6 678.9 662.8 650.5 640.1 633.1 630.1 624.2 618.4 616.3 614.9 613.9 613 611.9 611.4 609.4 609 607.3 606.7 606.8 606.3
191.8 197.8 207 220 228.3 235.5 240.3 247.7 255.5 264.5 275.4 287.9 296.5 305 311.8 317.9 326.6 330.9 335.9 359.7 375 378 394.1 399.6 410.1 419.2 431.1 439.7 453.5 464.9 476.9 488.7 498.7 505.9 524 542 553 570.1 579.9 585.4 595.1 601.3 609.7 623.9 644.2 680.8 694.3 704.6 722.7 744.1 746.6 737.6 723.7 717.1 710.2 701.5 691.4 676.2 662.4 650.5 642.3 632.9 627.2 623.1 619.9 617.9 617 614.7 613.8 615.9 618.2 619.6 620.1 620.6 621 620 620.9 620.3
192.5 201 208.6 214.8 222.2 230.9 240.1 244.7 253 258.8 265 274.5 285.1 299.9 312.5 320.5 329.6 337.4 353.1 363 376.4 387.1 395.4 398.9 411.1 423 433.7 443.2 458.7 469.1 483.1 495.9 504.7 512.1 533.5 548.6 557.4 578.5 591.1 602.7 613.5 620.1 634.9 648.4 670 715.6 720.3 719.5 736 760.7 753.7 741.6 722.9 712.7 707 700.3 688.8 671.7 659.7 650.1 641.3 635.3 631.3 626.6 625.4 624.1 623.6 625.8 628.6 632.5 634.4 637.5 638 638.3 637.1 634.2 632.8 629.7
192.2 199.1 206.4 205.5 215 221.5 228.5 234.1 241.4 255.2 269.3 282.3 292.6 301 314 324.7 333.5 342.4 351.3 363.2 377.2 384.8 392.7 403 411.8 423.1 436 449.3 463.3 474.6 489.5 501 510.7 519.8 537.8 555 571.9 594.8 609.4 627.2 641.4 649.2 664.6 681.6 745.7 755 743.5 739 753.8 775.6 764.4 747.7 728.7 716.8 710 705.3 689.9 672.5 660.2 656.2 648.4 642.1 638.4 638.4 637.4 639.5 644.7 646.1 648.3 649.5 650.7 654 652.3 649.7 647.3 643.8 640.4 636.2
188.3 193.6 200.3 209.4 215.9 223.5 231 240.9 251.6 264.1 273.2 281 288.1 299.7 312.1 323 333.5 341 350.8 361.4 374.4 385.5 392.5 402.7 416.2 427.5 439.7 450.5 469.7 483.5 493 505.8 517.1 531.9 553.2 566 589.4 614.6 635.2 655.3 673.8 685.5 712.6 720.2 797.4 785.9 764.7 758.9 780.5 798 776.6 755.2 738.2 724.7 717.6 711.1 689.7 674.9 667.2 662.1 654.2 651.9 648.3 650.7 650.9 656.9 662 662 665.7 663.5 659.6 658.1 656.7 656.9 653 650.1 647 644.3
190.3 196.7 202.2 208.4 215.6 224.6 236.1 245.8 253.7 263.3 271.9 280.2 291.6 301.6 312 322.2 333 342.6 352.4 360.8 371.7 385.1 395 406.4 419.1 432.2 442.9 455 471.6 487.6 499.6 516.3 526.7 539.8 561.3 579.7 606.1 636.5 661.1 684.3 708.8 728.9 756.9 790.3 824.2 807.5 785.1 783.2 804.9 806.8 785 764 747.6 734.7 723.6 712.5 701.9 687.2 677 669.1 661.4 662.5 661.2 662.8 665.8 672.2 675.4 673.4 675.2 672.9 669.2 666.6 663.3 658.8 657 655.5 653 649.8
189.7 196.7 202.4 210.6 217.7 225.4 237.1 245.8 255.5 262.7 270.6 279.6 291.3 301.1 311 322.9 334.2 343.7 353.1 363.6 376.2 387.6 401.1 414 423.7 435.7 446.8 462.5 474 488.4 504.7 522.5 534.1 548.7 566.4 589.6 618.5 647.1 676.2 706.7 746.4 766.8 797.9 842.4 837.5 825.8 806.8 808.4 822.4 817 790.9 772.6 755.9 742.9 728.7 723.1 717.2 699.2 687.6 680 675.4 671.9 675.4 677.1 681.6 688.6 684.3 685.5 684 680.2 679.6 673.5 668.5 663.9 661.8 660.4 656.8 653.8
188.7 194.7 201.7 210.1 216.2 225 234 243.6 253.1 262.1 268.6 279.5 289.9 298.7 310.3 321.8 333.2 341.4 353.8 365.7 378.3 389.1 403.4 417.7 428.9 439.4 450.5 465.7 479.9 492.8 507.7 527.7 542.7 557.6 576 602.5 631.2 655 687.5 723.3 772.9 798 827.1 853.5 850.7 842.3 826.7 832.7 832.8 825.5 803.2 780.6 769.7 759.2 737.9 740.1 728.5 712.8 701.9 698.5 692.6 689.1 689.9 691.6 695.3 697.7 694.7 695.4 695.1 692.1 688.2 678.9 671 666.4 664 663.9 662.4 659.4
187.6 194.1 199.6 209.6 215.2 224.3 233.5 241.5 249.6 260.3 266 277.3 288.8 299.2 308.3 321.2 332.2 344.9 354.8 365.1 376.4 388.7 404.2 419.2 432.4 441.4 456.6 468.6 483.6 497.7 515.1 533 548.8 563.8 585.7 610.4 638.3 666.2 696.4 730.6 768.9 805 834.9 851.4 852.6 849.1 845.1 843.8 840.7 831.9 816.4 822.6 796.4 784.5 767.1 765 743.1 724.9 718.3 711 706.4 696 699.7 702.2 705.7 704.2 704.8 703.8 702.8 698.5 693.8 683.4 676.9 669.5 666.4 664.6 664.1 665.3
187.6 192.2 198.3 207.8 213 221 233.2 239.6 246.2 255.4 265 272.6 286.7 298.2 308.6 321.9 334.4 342.8 353.7 369.7 379.8 394.7 407.2 419.8 434.2 446.4 457.3 470.8 485.4 502.2 517.3 536.3 553.3 570.8 593.1 616.7 643.9 669.9 699.6 734.8 772.3 809.4 842.9 852.5 851.6 851.8 855.8 848.6 844.9 837.7 830 838.2 813.7 801.4 790.2 781.7 757.8 740.1 732.6 726 716.8 708.4 712.7 717.9 719.3 721.9 719.7 721.7 722.5 714.1 710.3 707.9 690.3 680.7 673.7 671.1 671.4 672.3
186.4 191 197.8 204.9 215 220.5 231.2 236.8 243.5 252.8 258.8 267.9 279 295.6 305.7 319.5 331.7 344.6 357.4 368.7 381.5 396.8 409.9 421.9 435.6 446.5 459.6 476.6 491.7 507.7 525.7 539.6 558.2 577.1 599.8 622.6 647.7 672.8 701.2 734.3 770.7 808.5 849.3 861.1 859.4 857.7 855.4 849.5 845.7 839.9 832.5 835.9 825.1 818.5 800.3 787.5 771.6 758.8 748.5 738.1 728.6 722.7 726.9 730.4 731.3 733.6 740 747.6 750.1 741.8 744.8 739.4 733.6 704.4 685.5 681.3 680.7 683.4
183.6 190.6 197.2 203.7 213.2 221.9 229.3 233.5 240.1 249.5 256.5 267.3 279.7 292.4 305.2 316.5 328.6 343.3 358.5 368.9 379.6 395.5 407.9 420.9 435.4 450.3 463.6 481.4 495.3 513 529.7 546.8 564.1 583.3 605.5 626.9 649.4 675.3 702.1 734 773.8 809.8 849.9 867.6 869.5 865.5 859.1 853.4 850.1 840.2 834 832.1 831.1 829.8 813.6 797.2 783.9 770.3 762.2 748.7 735.8 734.2 737.6 747.5 747.9 750.1 753.2 761.4 766 762.2 761.1 755.7 747.2 735.9 719.9 696.6 694.5 696
181 189.4 197.8 202.2 209.6 216.3 223.1 232.9 240.9 245.9 252.2 262.5 276 287.6 300.7 315.3 329 343.6 357.9 370.2 382.6 395.4 411.6 422.8 438.3 452.9 465.9 483.5 501.3 519.8 535.6 550.3 568.9 588.9 610.7 632.5 654.3 679.7 705.6 737.7 774.8 808.9 845.4 870.7 875.2 871.6 865.7 863.5 855.3 843.5 839.5 841.5 844.9 842.9 830.9 816.4 787.7 776.3 762 753.4 741.9 742.3 746.9 757.3 756.6 756.6 758 765.7 773.2 772.3 770.2 762.8 754.8 743.3 728.1 712.2 708.1 706.6
180 185.8 193.9 200.9 207.5 215.1 220.1 230.6 237.9 242.4 250 260.2 272.9 285.7 299.7 314.3 329.6 342.2 356.2 369.6 383.9 398.7 411.1 424.9 440.7 456.3 469.2 486.7 504.9 522.9 538.9 556.2 573.9 593.6 615.4 636.8 658.7 683.5 710.1 742.4 775.9 810.8 847.9 870.4 880.8 879.5 872.1 871.3 867.9 856.9 853.9 858.7 860.2 854.5 844.2 827.9 796.2 784.2 782.7 794.3 769.5 755.5 755.9 756.5 756.8 759.9 756.9 763.7 772.7 773.9 772.6 768.5 752.4 741.3 721.2 711.3 710.3 705.4
181.8 188.7 191.7 197.5 202.4 208.9 216.1 225.5 233.4 240.2 251.2 260.7 270.5 282.8 297.1 311.6 328.1 341.8 357.5 370.2 384.9 398.8 411.1 424.9 439.9 457.8 473.8 489.4 507.6 529.4 545.4 558.1 576.6 596.2 618.4 640.3 663.5 687.5 717.3 749.5 779.5 817 857.8 877.6 885.5 884.4 877.9 877.4 874.3 867.2 867.4 868 867.8 856.1 840.7 825.6 812.3 803.1 806.2 818.4 790.4 773.6 765.3 760.3 761.9 765.1 763 778.2 786.2 783.1 781.9 773.5 757.3 736.5 716.2 712.3 710.6 700.7
182.6 189.7 190 194.6 201.5 205.5 213.7 226 231.6 238.6 251 260.3 273.3 281.5 294.4 308.6 324.3 341.2 355.6 370.5 387 399.5 412.9 427.9 442.3 456.5 476.8 495.3 513.7 532 548.9 564 581.4 599.9 619.5 645.1 667.3 693 722 755.1 785.3 824.8 866.3 885.2 889.8 889.1 883.5 886.6 881.7 870.9 869.2 873.4 868.7 853.9 842.6 836.1 827.3 815.7 833 833.5 808 786.8 780.7 787.3 785.6 798 795.2 795 806.1 803 796.1 788.1 764.4 729.3 715.7 704.8 703.4 696.1
181.6 187 188 193.1 201.7 207.4 214.5 222.1 229.4 237.6 249.3 259.1 271.7 283.2 296.9 309.1 322.9 338.9 354 370.2 385.6 399.8 413.7 429.2 444.4 460.3 476.7 494.3 514.1 533.2 550.4 566.2 583.5 602 623.1 645.2 669.1 697.5 726.7 761.1 790 827.2 865.6 889.2 894.6 892.6 892.4 903.6 894.5 877.2 874.4 880.1 878.9 870.8 860.1 861.4 854.9 838.1 841.6 843.9 832.8 815.2 803.7 805.9 817.3 823.3 819.2 815.2 823.1 818.9 812.2 798.6 754 724.9 706 702.2 693.2 691.7
179.7 181 189.6 193.9 198.4 206.2 214.8 222.4 227.9 239 250.9 261.5 273 283.4 298.1 309.9 324.7 336.4 351.4 367.8 384.7 398.3 413.5 427.5 445.4 460.6 477.3 496.1 513.7 532.6 549.2 567.9 585.2 602.2 622.7 643.3 669.7 699.6 730.4 763.4 795.6 830.3 873.8 897.3 904 901.5 901.7 908.8 898.7 884 896.6 897.7 895.7 888.8 881.6 874.7 870.7 880.6 867.9 852.5 848.1 834.8 831.5 838.8 849.1 856.1 849 838.7 837.4 832.4 818.4 787.1 748 724.1 699 694.2 679.3 681.1
179.4 184 190.1 192.4 197.6 200.8 208 217.9 228.6 241.2 256.6 265.5 275.1 284.4 295.7 308.5 322.2 335.4 349.6 369.3 385.1 399.1 415.1 428.5 445.2 461 476.6 494.2 512 531.8 547.8 568.2 586.4 603.8 622.6 643.5 668.8 700.3 733.1 766.8 798 835.2 885.1 915.3 924 922.9 922.6 931.7 922.4 900.9 905 907.1 904.5 897.6 894.2 889.3 880.2 892.5 888.7 871.3 858.5 852 849 860.2 872.9 879.5 865.1 850.6 843.6 833.3 803.3 776.2 745.3 716.9 680.9 678.3 672.7 669
179.9 181.8 185.1 189.8 195.3 199.9 207.4 216.1 228.2 241.9 253.7 266.3 277.1 286.8 295.8 307.8 322 335.7 349.3 368.6 383.9 400.4 414.1 430.1 445.7 460.9 479.1 492.4 509.6 529.4 547.9 568.5 586.2 604.2 624.7 644.3 668.5 696.8 732.2 764.9 798.6 840.3 891.7 924.3 936 940.8 944.9 952.4 937.5 915.7 910.8 914.8 909.1 903.2 903 898.5 891.1 903.5 903.2 891.6 880 869.6 872.1 885.2 893.4 894.3 880 856.3 847 821.6 794.3 773.3 730.5 696 671.3 664.6 668.6 660
180 180 184.9 191.3 195.9 200.5 209.8 216.6 230.2 242.4 252.9 264.5 275.9 286.6 296.9 307.8 320.3 334.3 347.6 366.1 379.4 396.5 414.4 427.9 445.6 459.4 477.2 492.5 508.5 525.7 548.6 566.3 585.6 605.2 624.8 645.7 669.5 695.7 730.8 761.9 797.1 840.3 893.8 928.8 952.2 960.9 958.7 964.4 948.7 932.4 919.7 917.1 915.3 913.6 909.3 906.1 905.2 913.9 912 902.6 893.4 889.6 891.4 908.2 917.6 914.6 890.3 857.9 838.6 815.1 795.7 760.6 722 686.1 669.3 659.6 653.5 645.4
177.1 179.8 185.2 190.8 198.3 200.8 205.4 216.8 229.5 240.6 252.8 263.9 272.3 284.5 297.5 305.6 316.6 331.6 344.9 362.9 376.7 393.5 413.1 429.4 445.8 461.8 475.7 491 507.5 527 547.1 564.6 585 606.1 625.3 647.3 670.2 695.8 729.9 758 798.1 839.6 891 931.4 962.4 974 971.9 972.8 956.2 942.3 925.5 918.5 925.2 922.6 917.1 914.9 916.7 915.2 916.4 912.8 915.2 912 921.2 938.8 944.8 923.4 896 862.3 839.9 816.2 798.5 760.1 728.8 690.5 673.1 663 654.5 643.2
176.3 180.7 182.8 189.1 193.9 197.8 204.6 216.5 226.8 238.5 250 262.4 273.7 283.6 295.8 307.2 317.4 329.5 345.8 361.7 376.4 391.1 408.2 426 442.4 458.2 472.9 492.5 512.1 528.3 544.9 564 584 602.2 625.2 647.8 670.1 695.7 726.5 759.1 793.9 833 884.6 929 960.6 985.8 988.9 985.8 969.9 948.5 933.6 928.3 935.9 928.6 924.8 921 923.3 922.7 926.9 929.5 939.4 943.3 956 971.4 966.5 936.6 903.7 866.7 836.4 816 788.1 762.3 727.7 695 679.5 666.2 657.1 645.7
178.2 180 181.8 186.1 192.6 200.5 208.9 213.9 222.8 235.9 247.4 259.8 272 282 292.6 305.1 316.4 328.2 344.7 358.9 374.9 390.9 406.6 424.7 440.8 456.5 474.7 493.8 514.3 529.2 544 562.7 583.1 603 624.5 647.9 670.2 695.3 724.3 756.7 792.4 827.3 872.6 917.5 954.9 993.6 996.8 997.8 985.1 957.4 938.2 934.1 935.4 932.1 926.3 927.4 932.4 935.3 942.6 951.9 964.4 977.1 985.6 986.3 977.2 948.5 913.5 873.3 834.7 812.7 786.1 754.8 731.7 710.9 691.2 674 657.7 645.1
178.4 180.7 179.7 183.5 188.2 195.9 209.3 214.9 221.4 231.3 244.5 256.3 267.7 277.8 289.4 301.9 313.9 325.3 342 357.5 372.3 388.2 403.7 421.7 438.9 454.5 473.7 491.7 508.8 526.4 543.8 560.6 580.2 600.1 623.5 646.2 668.9 693 720.9 752.2 788.7 820.3 865.7 910.7 949.5 983.9 999.9 1009.5 993.7 967.5 946 940.8 943.5 941.1 936.7 937.3 940.6 947 954.6 969.4 982.2 988.3 992.2 985.2 972.9 953.5 921.8 881.9 842.9 815.2 786.4 754.6 739.9 722.9 705.2 675.6 655.5 643.2
170.7 177.9 179.1 179.7 189.7 196.6 205.1 211.3 219.8 229.7 240.2 253.7 265.4 275.4 287.6 297 309.2 322.9 337.6 352.7 367.9 385.5 402 419.2 435.4 451.8 471 489.7 506.7 524.2 540.7 558.1 576.9 596.3 619.3 644 667.7 691.6 716 746.7 779.8 811.7 852.7 901.6 938.1 972.7 994 1012.8 1001.5 985.1 963.8 953.5 948.7 947.8 941.6 946.8 950.9 956.6 965.5 978.4 986.5 987.3 980.9 974.5 954.4 939.1 919.1 892.9 855 823.7 800 775.9 747.4 732.4 717.6 680.5 654.7 635.7
180.4 180.2 177.9 180.8 186.7 196.9 203.9 209.3 216.6 224.3 234.8 247.8 257.8 270.6 281 295.1 308.8 320.2 335 348.7 364.6 381.5 397.9 415.8 431 448.1 467.6 486.3 499.7 520.2 536.6 556.2 575 594.4 617.9 641.8 665.8 690.1 715.3 743 774.4 805.5 840.1 886.2 922.1 959.7 989.3 1007.5 1006.7 993.2 966.1 960.5 952.9 952 949.7 951 960 967.1 975.2 983.4 983.9 971.7 954.7 946 928 914.2 902 884 862.7 835.8 817.9 794.5 764 741.6 722.8 690.1 652.7 630.1
182.1 181.6 179.8 187.9 186.6 195 203.4 209.3 213.8 220.6 230.4 242.7 255.3 267.3 279.8 291 304.9 318.3 330.5 345 361.2 377.4 391.7 408 424.9 443.1 462.2 480.6 500.8 518.3 535.6 554.6 572.7 592.7 616.3 639.8 664.1 689.2 714.7 742 771.1 802 837.1 882.9 919.8 951.3 983.6 1005.9 1014 1008.5 983.6 966.6 960.6 960.7 958 962 968.9 977.4 983.1 981.4 966.2 942.6 922.1 916.2 901.2 888.1 879.5 865.9 850.3 829 817.8 804.8 778.2 754.9 724.8 693.4 660.7 631
180.6 181.2 186.6 193.7 189.5 193.4 199.6 206.2 211.7 218.9 227.8 239.7 253.7 265.8 279.6 289.6 302.4 312.9 322.2 337.1 354.3 371.3 389.1 406.1 421.8 440.5 460.4 478.7 496.8 512.3 534.6 552.1 569 590.7 613.2 638.6 661 684.4 710 737.7 768.1 800.6 835.7 873.4 913.8 946.2 979.7 1003.6 1022.2 1020.9 1001.2 981 970.1 968 970.5 971.5 981.7 986.7 987.8 967.4 940 922.6 905.4 891.6 877.2 867.9 858.7 851.2 839.8 827.4 802.9 796.3 781.7 762.2 728.6 696.2 665 636.7
172.7 173.8 185.6 190.9 191 194 200.2 204.1 209.9 217.5 225.6 236.2 248 260.3 274.3 284 296.5 307.2 321.9 337.3 353.2 366 383.1 401 418.3 436.5 455.2 473.4 493.2 512.8 529.9 547.6 565.2 587.9 608.6 631.5 656.5 679.7 705.9 733.9 765.1 798.1 832.3 868 909.3 942.9 977 1003.5 1026.6 1029.1 1015.3 997.1 983.9 977.2 981.7 987.8 996.3 994.1 979.2 960.3 929.6 910.7 899.3 880.8 857 844.9 841.5 834.3 827.1 817.2 794.3 783 776.4 757.2 727.8 693.6 667.3 638.2
168 169.8 179.1 185.5 190 193.6 197.6 206.2 212.2 217.9 225.6 234.1 246.4 258.5 270.9 281.6 293.9 304.1 317.6 334.7 348.4 361.7 377.7 395.3 413.7 431 448.8 468.4 487.2 506.6 522.1 541 561.3 582.1 603.4 627 652.8 678.8 704.4 732.8 764.3 798.3 831.4 866.1 904.6 941.1 973.9 1004.9 1032.8 1038.6 1029 1017 1002.9 994.7 996.7 1005.6 1005.5 996.6 979.1 940.4 903.3 888.3 878.4 855.8 838.3 823 819.8 814.3 805.6 799.9 784.8 771.8 755.8 741.8 721.3 691.5 664.8 636.1
166.8 171 175.9 179.8 185.4 190 195.9 203 209.8 214.4 221.6 230.2 241.7 253.9 268.1 276.7 289.7 299.7 311.5 328.9 343.8 357.8 373.5 389.2 405.3 419.9 444 463 479.8 500 515.9 537 558.9 579.1 601.5 624.4 650.1 676.3 702.7 732.1 764.4 796.6 829.2 865.1 902.4 941 974.8 1004.9 1034.8 1050.8 1044.5 1035.3 1027.4 1016.8 1020.2 1019.7 1014.6 993.1 955.7 913.6 887.5 864.4 845.1 837.4 819.2 803 794.9 792.7 787.9 777.9 770 760.6 749 732.4 712.9 688.1 658.9 627.4
171.3 174.1 172.8 177.9 180.1 185.2 191.4 198.2 205.7 210.8 219 227.7 237.6 251.6 263 274.7 284.9 295.8 306.7 321 336 350.8 363.7 376.5 398.1 414.7 435.2 457.1 474.6 494.5 513.1 532.4 554 575.1 597.1 620.9 646.8 673.3 701.4 732.1 765.4 794.6 827.1 861.1 899.6 937 972.7 1007.4 1038.8 1058.6 1054.8 1048 1042.7 1030.5 1017 1023.1 984.4 964.2 927.8 892.4 858.4 830.6 810.9 805.6 789.1 774.9 768.3 768.9 767.7 762.4 754.3 747.7 734.2 725.7 709.1 674.3 644.4 610.2
