app/static/ascii/NN34.asc
ncols 200
nrows 200
xllcorner 230000
yllcorner 740000
cellsize 50
[rows 140 to 174 of 200, columns 78 to 155 of 200]
837 875.4 909 932.5 958.1 983.6 1008.3 1014.5 1010.4 1001.4 989.7 976.8 964 955.1 940.9 921.2 908.4 897.2 887.3 884.8 879.4 873 863 846.9 831.5 812.9 798.9 787.2 774.4 760.4 749.3 737.5 737.2 733.3 729.6 725 722.8 721.2 717.1 710.4 702.3 693 688.5 685.4 678.9 672.8 668.8 671.9 670.2 670.8 666.4 653.5 645.9 636.8 630.1 624.1 618.7 613.7 598.6 609 613.5 610.9 611.5 609 603.3 602.8 605.6 601.5 594.7 588.6 580.7 565.5 557.4 550.4 537.3 533.2 524.4 517.2
860.7 892.7 917.4 939.8 963.9 986.7 1001.1 1004.3 998 987.9 975.8 962.1 949 939.8 913.1 894.5 883.8 870.7 863.4 860 857.8 849.4 843.8 828.6 818.4 805.9 793.4 781.1 767.8 755.3 741.3 730.8 731 726.7 718.6 713.6 709 707.6 703.6 696.4 685.9 675.2 667.7 663.9 658.9 653.4 650.8 651.8 653 648.3 641.1 633.6 624 617.4 611.3 604.2 598.8 594.3 585.6 590.3 591.4 592.1 588.3 585.8 579.6 578.3 577.9 576.7 569.9 558.3 555.1 545.4 530.5 524.1 516.6 510.8 503.6 499.7
872.2 896.3 923.6 946.4 969.5 985.3 991.3 992.8 986.4 974.3 961.5 944.3 935.8 908.7 888.4 874.2 862.2 850.9 841.7 838.1 836.7 832.5 827.2 815.7 807 798.1 786.7 773.4 760.3 745.6 732.4 720.9 724.1 716.5 709.9 704.3 695.4 695.2 690.1 680.7 670.1 661.6 652.1 646.4 643.6 636.2 635.5 630 631.5 624.8 618.4 608 600.8 590.4 588.7 583.1 577.4 572.3 567.1 567.5 569.3 569.2 566.5 564 556.9 553.6 553.2 547.9 543.1 535.7 529.5 519.9 513 500.9 496.6 493.7 488.5 482.3
872.6 897.6 925.6 948.1 968.2 980.4 981.7 980.6 974.7 962.1 942.9 929 920 882.6 856.2 842.3 836.1 825.3 825.3 825.1 825.3 818.3 815.2 809.7 798.9 790 777.2 765.4 752.3 738.1 725 714.2 715.2 710.1 701.9 694.3 685 680.8 676.3 667.8 657.6 649.9 639.8 634 629.2 621.7 614.9 614.2 607.3 600.4 597 588 581.1 573.3 566.6 561.6 557 553.2 548.4 542.1 543.4 546.7 540.3 538.7 535.9 529.3 526.5 523.8 516.5 508.5 506.5 496.9 494.5 485.9 481.5 475.3 468.6 463.6
872.4 900.4 926.3 949 968.4 975.1 975.2 974.8 963.8 945.3 924.8 910.8 884.5 858.3 828.7 821.8 821.4 818 816.4 817.2 814.5 809.8 805.4 801.3 792.1 781.5 768.8 758.3 745 730.4 718.9 709.3 705.9 703.6 697.1 687.6 677.7 670 664.9 657.4 645 637 629.5 624.2 613.3 604.2 598 592.5 585.7 580.5 572.2 564.9 560.3 553.4 546.6 539.6 536.2 533.6 531.7 520.5 522.3 519.7 521.5 517.8 511.4 507.8 504.4 499.4 492.9 488.2 482.7 475.9 474 470.6 467.1 458 451.3 445.9
872.7 900.6 926.9 946.5 960.4 970.4 973.3 967.3 953.1 928.8 900 880.9 859.2 837.9 818.2 816.1 816.3 814.8 813.4 811.1 807.9 804.6 801.3 797.5 785.9 776 765.4 752.1 737 723.5 714.2 704.8 699.3 697.4 692.4 682.2 673.7 662.7 648.4 648.8 634.5 627.6 619.8 610.5 601.4 590.7 581.5 578.8 566.6 558.8 550.4 542.7 536.9 534.4 529.2 523.3 518.7 513.8 513.4 505.1 501.5 500.5 496.1 494.6 488.8 486 481.2 479.5 475.1 470.2 466.7 459.5 457.9 453 448.3 443.6 438.6 432.6
869.2 897.7 921.9 941.1 955.6 964.4 966.8 960 935.3 901.7 878.9 857.7 844.4 828 817.1 815.6 814.6 813.9 813.5 812.3 806.7 802.1 796.5 792.6 782.7 772.7 760.3 743.5 728.1 718.6 709 699 694.8 691.9 687.2 677 668.4 656.2 645.5 628.9 625.5 618.9 608.2 597.1 587.6 577.6 568.4 563.7 551.2 542.3 533.4 528.2 518.5 513.9 512.8 507.7 502.2 497.1 493.6 488.4 486.1 485.2 479.7 474.7 470.1 467.6 466.9 465.4 461.8 457.9 453.3 449.5 444.5 442.8 438.2 435.4 425.8 422.1
862.8 890.2 913.3 933.2 952.1 961.2 963.6 956.8 921.7 886 861.9 842.3 827.7 824.2 819.9 816.8 815.1 816.2 814.6 810.6 803.3 798 792.9 783.8 777.2 766 754.3 742.1 723 713 702.9 694.6 689.6 686 680.7 673.3 663.6 651 638.8 629.5 614.8 605.8 596.8 584.6 571.6 561.2 554.3 550.2 537.1 526.8 518.2 516.1 509.3 500.4 505.8 499.9 494.2 487.9 482.7 479.2 473.4 471.4 468.8 462.3 456.8 454.7 452.1 449.1 447.2 443.4 440.9 439.6 436.9 433.8 428.3 425.2 424.3 423.7
853.3 876.3 899 930.7 947.6 958.8 961.1 946.7 909.7 879.3 858.7 832 823.9 821.9 821.1 821 820.8 818.5 813 804.8 798.1 793 787.2 779 768.7 756.4 748.1 732.3 718.4 708.5 698.5 690.4 686 680.4 672.7 665.5 658.1 644.6 633.5 623.8 611.8 597.8 584 574.3 563.2 553.2 546.2 539 529.5 519.9 512.5 505.3 502.5 493.2 487.9 484.7 481.8 478.9 475.2 469.2 466 461.8 455.9 451.5 447.2 443.4 443.4 439.5 438 436.7 435.5 434.3 431.6 429.6 429.5 429.9 430.3 433.7
838 862.5 894.5 928.5 946 958.8 954.8 935.3 901.6 871.1 846.5 828.6 824.3 820.8 823 822.3 819.7 815.1 808.4 801.3 794.7 789.1 783 775.2 765 751.5 740.1 725.9 714.5 704 693.8 685.2 681.1 675.7 667.5 658.5 651.9 641.2 629.5 621 607.9 592.6 583.3 571 559.9 550.9 544.3 530.4 523.1 514.7 509 505.3 496.4 487.7 481.3 477.3 475.6 471.8 466.4 467.6 465.5 464.6 459.9 457.4 449.6 453.6 450.2 450 445.2 447.2 447 445.7 447.6 447.4 449.6 446.4 446.3 444.7
824.5 855.6 893.3 929.1 947.1 960.2 949 930.7 897.4 861.4 837.2 824.6 822.9 820.6 821.8 816.3 814.5 811 805.7 799 792.6 787.2 780.7 771.2 761.7 749.5 735.6 722 708.3 698.6 690 682.4 677.1 670.9 664.4 654.6 647.6 634.8 624.3 613.5 603.4 588.8 579.1 567.4 556.9 548.1 538.1 528.9 517.7 508.4 504.5 501.6 491.2 482.9 477.8 472.4 471.8 472.3 472.7 472 470.3 466.7 468.6 461.2 460.9 460.4 463.6 461.1 460.1 464.1 464.3 463.3 465.2 464.1 460.4 464.8 464.6 464.9
819.1 852 891.6 926.4 952 957 944.2 923.1 899.4 868.4 837.9 826.9 822.7 820.2 817.1 812.1 807.7 806.9 803.8 797 791 784.2 776.9 769.7 758.3 746 732.3 718.2 705.3 695.5 688.3 681.3 675.3 665.9 657.2 647.5 641.4 628.7 615.9 605.5 594.2 583.1 572 563 553.8 543.8 534.5 523.7 514.2 507.2 506 503.2 495.9 493 486.8 481.3 477.2 475.6 477 476.1 475.3 476.6 475.9 473.4 473.9 476.8 478.4 476.7 480.9 481.1 480.8 480.6 479.9 479.1 482.1 484.9 485.9 480.2
819 851.4 893.2 926.4 952.8 956.9 946.2 923.6 900.7 875.9 853.8 830.7 824 820 816.7 809.9 803.9 805.6 803.3 798.8 791.1 783 774.8 766.1 754.3 742 728.8 716.2 703.8 695.1 688.8 683.3 675.5 665.2 652.8 643.7 634 618.2 604.9 600.4 587.4 578.2 567.8 558.5 548.1 540.5 529.5 516.6 515.9 517.4 517.8 510.8 508.7 500.5 495.5 491 488.8 487.7 486.2 487.6 486.5 486.6 484.8 489.5 493.3 493.3 493.7 493.6 495.3 495.8 496 495 495.4 495.9 501.9 503 498.7 496.2
820.5 853.5 890.4 929.2 959.8 960.2 951.1 929.8 901.7 879.7 862.7 841.5 827.4 818.2 816.5 804.9 801 803.4 802.4 799.4 792.1 782.6 774 763.4 752.3 739.5 726.5 714.2 705.7 696.9 688.1 680.6 672.7 660.9 649.1 640.3 630.2 616 601.5 592.3 581 573.9 563.4 552.4 546.9 541.6 532.7 532.5 535.2 536.3 540.1 536.1 520.1 512.7 506.3 507.6 505.1 504.1 501.1 497.2 496.5 499.7 498.5 501.9 504.1 507.4 507.3 509.9 510.4 507.8 508.2 509.6 511.5 515.7 516.1 512.8 514.9 509.8
818.5 852.9 891.5 936.4 962.2 967.9 962.6 940.8 916.9 898.1 887.5 870.2 847.8 829.5 822.8 816 800.2 798.5 799.2 796.7 790.6 783.3 774.4 762.4 751.5 737.9 726.9 715.1 705.3 695.2 685.6 677.6 666.2 656.6 645.6 637.2 626.9 611.7 601.4 591.4 582.1 573.6 562.9 557.5 554.7 553.5 549.7 555.6 559.6 564.9 564.4 552.2 537.3 531 531.8 529 527.5 520.8 513.1 512.9 511.2 506.7 513.9 510.5 514.8 516.9 520.3 524.7 518.9 520.7 523 524.5 525.4 527.1 527.5 527.2 524.5 527
810.9 854.1 896.3 936.7 973.7 978.8 975.5 955.7 925 905.8 890 876.6 863.3 840.9 830.3 819 811.7 806.8 802 796 788.3 781.5 772.3 762.1 750.8 738.1 726.1 715.4 705.6 695.2 684.7 674 663.7 654 643.1 633.1 620.4 610.7 599.5 590.8 578.9 576.6 569.8 572.6 573.4 575.3 573.8 582.9 586 588 581.5 569.1 562.2 558.7 549.9 546.7 541 533.8 525.1 519.6 514.6 513.6 521.7 519.2 523.8 524.2 528.5 530.3 531.4 534.7 532.8 534.5 535.9 539.3 537.7 539.4 539.4 542.3
809.6 850.6 893.9 940.4 970.1 986.3 986.5 974.9 938.4 914.4 899.8 878.3 865 843.2 835.2 829.8 823.3 816.1 808.2 798.8 790.4 781 773.4 763.8 751.9 739.1 726.6 716.4 705.1 694.9 682.9 671.8 660.7 649.6 638.7 629.3 621.4 610.3 600 588.3 587.3 583.4 589.2 591.2 594.3 593.5 597.5 602.6 606.8 608 607.8 601 593.1 587.4 580.3 570.2 555.2 542.4 535.5 526.7 519.3 518.1 523.5 525.6 526.1 529.4 532.1 536.7 539 542 542.1 542.6 547.7 546 548.3 553.7 549.7 551.6
805.2 845.8 892.9 924.5 967.4 992.3 995.3 989 965.4 932.6 915 895 874.4 850.8 840.5 832.3 825.2 815.9 807.8 799.8 791.6 782.2 773.3 763.3 750.9 737.6 725.8 715.6 703.9 691 680.9 670.1 658 643.9 635.1 626.5 619 607.9 597.2 596.2 597.3 602.1 603 609.4 613 611.5 616.8 625 630.1 635.4 646.6 642.3 631 617.9 617.3 594 574.4 564.4 550.3 538.6 526.1 525.3 526.7 530.1 528.7 535.2 536.5 538.5 541.3 546.2 549.7 551.7 557.4 554 558.2 562.5 561.7 560.1
799.4 832.3 878.2 934.7 967.2 995.8 1002.3 997 986.8 956.4 935.9 915.1 896 864.9 849.3 838.2 826.2 816.2 807.1 798.5 790 781.4 771.7 761 749.5 735.4 723.3 712.5 701.9 689.2 677.5 665.8 651 637.7 630.2 624 616.4 606.6 606.4 608.7 611.5 614.9 619.4 624.4 629.4 634.5 641.6 648.8 660.9 664.9 672.4 675.2 661.1 650.2 633.4 617.6 603 591.4 574.6 560 545.1 538.4 532.8 533 532 537.9 538.7 541.5 543.8 549.2 555.1 559.9 560 560 563.4 569.5 570.6 569.6
783.9 823.7 873.1 928 963.4 991.7 1002.2 1000.6 990.8 979.2 962.4 941.7 906.9 877.7 859.6 844.4 830.4 818.6 806.8 796.7 787.7 777.5 767 756.7 742.8 729.3 720.2 707.8 694.8 683.3 671.3 658.7 643.7 634.2 626.6 621.5 613.8 613.4 618.2 619.6 622.9 626.6 634 640.5 646.9 654.6 662.5 674.5 680.2 685.4 692.2 705.6 704.2 679.4 671.6 658.9 637.4 622.4 607.7 594.6 571.1 558.4 545 541.8 539 538.4 541.3 545.9 548.1 551.2 560.8 564.7 565.3 564.8 568.6 576 573.3 576.3
781.6 818.6 861.4 922.4 946.8 978.5 996.7 997.1 988.1 977 964.7 950.1 928.6 905.8 879.6 861.2 843.5 825.8 810.6 796.5 783 775.7 759.5 747.2 735.4 718.3 712 699.7 687.1 674.9 663.1 653 638.7 631.2 623 622.1 622.5 624.6 628.7 633.5 635.2 638.5 648.2 656.7 665.1 671.9 682.6 694.8 697.7 706.5 713.1 719.3 708.4 710.1 707.8 696.9 686.2 668.7 668.5 632.2 601.3 583 567.2 559.6 551.9 543.3 544.3 555.2 559.7 555.3 560.5 567.3 573.4 569.8 573.9 576.6 578.6 579.8
773 809.2 846.3 891.4 924.1 971.6 987.1 991 983.8 970.3 958.1 947.2 938.5 919.4 905.6 888.5 863.1 840.3 816.8 796 779.4 766.8 757.5 746.9 734.9 713.8 700.1 689.7 680 668.2 656.6 645.3 635 627.3 625.8 627.4 633.4 634.8 639.9 643.6 647.3 652 661 671.2 680.1 689.6 698.4 704.4 710.3 719.3 726.7 728.7 732.8 733.4 729.1 721.8 717.4 701.4 678.7 652.4 638.4 620.9 595.4 578.9 572.6 561.3 561.5 570.5 563.3 567.7 565.9 574.3 579.8 574.2 576.3 579.5 581.6 585.1
764.1 800.8 837.2 864.7 910 943 971.2 983 974 962 951.2 939.6 931.2 920.5 913.4 903 882.6 859.7 831 803.2 777 764.9 755 744 731.5 706.2 694.2 685.7 672.6 663 652.8 643.2 633.7 631.2 634.3 640 645.5 646.1 649.8 653.3 659.2 667.8 676.1 684.2 696.3 704.8 712.6 718.3 725.1 731.7 736.5 741.1 748.9 745.8 740.2 739.1 737.5 723.1 705.9 686.9 681 650.7 613.8 609.4 600.3 595.7 591.9 591.8 584.3 581.8 576.9 586.6 588.6 582.1 577.7 584.6 582.1 585.2
747.7 787.1 817.6 847.5 883 919.4 962.3 972.6 964.7 951.4 940.8 930.5 920.3 912 904.7 896.9 885.9 866.1 834.3 808.5 775.7 763.5 747.8 736.2 715.6 700.1 688 677.6 668.9 659.5 647.9 640.2 633.6 635.6 644.2 650.3 651.7 655.1 658.7 663.1 670.8 678 684.1 694.6 702.7 716.4 725.4 732.1 738 741.5 747.5 754.1 758.8 753.8 753.2 747.9 742.9 728.4 719.9 709.6 702.1 670.1 662.8 646.8 649.7 632.2 615.5 612.7 598.8 595.3 591.6 604.8 595.8 588.7 586 586 583.1 586.2
731 762.9 803.4 838.9 873.9 913.4 949.8 964.7 954.6 942.5 930.5 919.2 907.5 900.4 892.7 885.8 876.6 861.9 831.5 799.8 771.5 754.8 739.9 722.3 710.3 693.4 682.4 671.8 661.1 652.7 643.5 638.6 636.5 645 653.3 655.6 658.4 662.5 666.3 672.8 679 686.7 693.6 704.9 715.1 725 732.3 743.3 751.6 751.7 757.3 762 763.6 764.8 762.3 756.7 751.4 739.2 727 727.4 716.3 701.2 695.3 702.3 683.8 663.2 637.8 634.9 625.8 611.5 610.7 613.8 614 603.9 606 601.3 596.8 592.6
722.9 751 782.5 830.9 864.8 903.7 942 957.3 945.5 933.9 921.3 908.6 894.2 886.4 878.7 873.3 863.4 849.9 823.7 791.6 766 750.6 735.2 716.8 705.7 685.7 674.3 664.2 653.2 645.7 638.4 638.8 641.6 652.7 657.7 660.9 664.7 670.4 675.3 680.5 688.8 695.5 705 714.7 723.8 731 741.3 752.5 760.4 763.5 767.8 769.6 769.5 774.6 775.1 766.5 765 753.5 747.1 741 734.8 726.6 726.7 727 718.1 694.7 665.1 662.7 659.8 666.6 639 634.2 630.8 629.4 632.4 629.3 623.6 625
718 738.8 767.6 811.5 856.6 894.6 931.2 949.5 938.4 926 911.7 894.1 878.6 870.8 863.7 857.9 848.4 830.6 808.5 781.1 758.9 746.3 732.7 711.6 699.3 679.9 665.2 655.6 642.1 635 637.1 640.3 649.5 661.9 665 666.8 669 676.6 683.8 689.4 698.1 705.1 714.6 724.1 730.1 739.4 750.7 760.6 771.9 771.8 775.6 782.4 776.8 784.6 781.1 778.3 773.6 771 758.2 752.5 744 744 749.8 751 739.9 727.2 700.7 703.5 698.3 687 663.8 666.9 667.9 677.7 674.3 671.5 676.8 670.1
710.2 732.8 757.8 796.9 854.3 883.6 922.4 942.3 933.1 919.7 902.4 883.2 871.6 859.5 850.9 845 834.3 818.9 795.3 773.8 753.5 736.8 721.7 701 686.7 671.2 658.3 646.2 634.7 629.7 634.3 642.2 655.2 666.3 672.3 674.2 679.1 686.4 693.5 698.9 708 715.2 725.9 734 740.2 750.7 758.9 767.7 775.4 783.2 788.7 796.3 789.8 790.2 795.7 793 787.8 780.1 772.1 765.7 763.3 762.3 763.4 764.2 754.7 748 741.5 736.9 736.4 720.3 699.4 706.8 725.3 719.2 715.5 721.5 704.8 691.6
702.7 726.3 746.1 780.5 833.9 873.7 915.9 936.6 930 915.5 894.2 876.7 865.5 852.2 842.4 833.6 824.1 805.3 787.3 766.8 748.1 732 715.4 694.5 678.1 662 650.7 637.2 628.8 626.1 631.6 643.7 658.4 669.6 676.2 680.9 686.8 696.5 702.3 708.2 717.3 725.1 736.5 743.8 752.4 762.7 773.1 775.6 781.9 790.6 805.7 805.4 802.1 795.1 808 804.8 798.6 794.8 787.5 786.1 778.8 776.9 780.5 778.8 779.6 777.7 777.5 771.3 760.8 732.4 742.6 753 763.3 770.8 771.7 749.3 733.6 719.6
700.4 719.8 739 772.2 815 856.5 899.4 931.4 930.1 915.2 891.3 873.6 859.8 849.9 838.4 824.2 811.9 796.4 780.5 755.8 739.9 721.4 707.5 691.8 672.5 657.2 639.4 629 622.6 623.1 633.3 644.8 658.5 674 682.8 690.5 695.8 702.4 709.7 718.3 726.5 737 744.7 756.3 761.6 771.2 780 782.2 790.8 807.5 810.9 816.9 820 813.2 811.4 812.4 810.1 805.6 807 795.1 790.8 799 797.8 802.1 806.2 808.3 807.4 799 772.3 778.9 786.8 794.1 807.2 799.2 779.5 770.4 762 765.5
695.7 713.4 731 759.4 802.7 838.8 881.4 925.3 930.6 915.4 889.4 871.3 858.4 845.4 833 817 803.7 789.7 769.9 747 729.6 713.9 701.8 683 663.6 645.8 631.1 620.2 614.7 619.4 633.9 646.6 661.2 676.8 687.9 697.3 705.7 712.9 718.6 726.9 734.1 746.5 753.5 759.3 770.4 779.4 784.8 792.4 801.3 816.4 825.5 829.3 830.7 826.8 823.6 824.8 821.6 817.5 811.7 806.5 808.8 814.6 820.3 829.8 836.8 837.9 830.7 813.2 807.6 815.4 820.4 824.4 819.2 810 805.8 821.3 815.7 806.3
688 704.3 724.6 750 788.7 827.6 871.8 914.7 932.5 915.9 889.8 867.8 852.6 837.9 823.3 810.6 796.3 782.4 754.8 731.1 718.2 704.4 689.5 676.3 657.2 635.6 623.7 608.1 611.2 621.6 634.7 649 665.1 679 689.9 701 711.7 720.2 725.3 736.4 740.9 758.2 762.8 766.5 779.3 791.2 800.8 810.1 815.8 824.3 835.8 841.5 839.4 833.5 833.5 836.7 831.6 826.9 823.5 821.4 827.4 837.8 849.2 855.8 861.2 863.9 854.3 840.8 836.9 837.2 839.8 834.7 822.6 838.1 847.3 864.6 861.7 860.1
681.9 696.6 714.8 739.7 789.8 818.3 864.7 903.3 932 916.4 890.1 864.5 845.7 831 816.5 804 786.3 768.3 741.2 724.8 705.6 696.3 680.8 666.7 650.1 625.9 611.8 599.7 603.3 619.2 634.4 650.8 667.5 682.9 694 705.8 713.7 721.7 732.4 743.9 750.8 762 770.9 778.7 792.4 802.5 813.7 824.6 830.1 836 845.8 848.9 844 839.1 838.3 841.5 837.9 837 837.6 840.5 847.7 863.6 871.7 880.3 885.9 888.2 887.3 879.6 870.4 860.2 855.4 841.3 832.5 858.2 879.9 891.7 892.5 883.3
675.5 689.9 705.6 731.1 766.8 807.2 863.8 902.4 930.4 914.5 890.9 862.8 838.5 824.3 812.9 797 779.4 751.6 732 718.4 698.3 680.9 670.7 656 640.3 620.1 601.2 591.2 599.9 617.7 634.3 653.5 668.6 684.8 697.4 709.2 719.2 733.1 742.8 751.1 758.8 772.3 785.7 793.6 809.5 817.9 837.4 843.6 845.9 849.7 854.5 855.8 848.9 843.9 843.6 842.5 843.6 847.4 850.4 857.3 868.4 881.4 889.9 896.6 905.1 910.8 911.8 907.3 894.7 877.8 867.2 851.4 859.9 880.1 909.7 911 899.5 886
673 688.2 703.5 724.7 759.3 806.7 853.6 895.4 928 911.2 888.6 865 842.4 823.5 808.6 789 771.9 741.9 723.3 709.6 688.2 675.4 660.7 634.6 623.6 608.3 593.3 583.2 595.5 616.5 633.9 651.8 670.4 687 701.9 710.1 724 738.4 746.2 757.5 770.6 782.6 797.8 814.1 828.8 842.9 857.5 862.4 860.6 862 862 858.3 850.8 847.7 845.4 846.6 851.2 856.3 862.2 871.5 882.2 894.4 900.4 906.2 915.9 922.3 924.8 924 917.6 903.7 887.4 877.7 891 911.3 924.2 912.4 898.3 884
