app/static/ascii/NN35.asc
ncols 200
nrows 200
xllcorner 230000
yllcorner 750000
cellsize 50
[rows 140 to 174 of 200, columns 0 to 77 of 200]
306.6 305.1 307.8 308.8 307.2 307.3 307.3 306.3 305.5 304.6 305.6 304.4 304.2 303.3 304.6 302.5 301.2 299.6 298.4 297.5 296.5 298.9 298.4 298.3 297.9 297.2 296.9 295.2 295.1 298.8 301 295.3 295.5 294.7 295.1 296.6 299.1 303.8 302.5 301.7 303.4 305.9 302.6 300.6 299 298.4 297.2 295.8 295.5 294 291.8 290.9 290.1 288.2 286.5 286.5 287.3 286.4 286.5 287.2 288.5 290.5 292.9 294.3 294.2 294.1 293.7 293.1 294.9 292.2 292.1 292.5 295.4 299.4 305 309.3 311.5 313.6
310.6 307.3 308.1 310.7 309 308.8 308.5 307.4 308.3 305.5 304.8 305.4 303.6 305.3 304.4 302.4 300.7 298.8 297.3 295.2 297.1 298.9 298.2 297.5 297.4 296.5 295.1 295.1 295.1 295.1 296.3 297.6 297.3 295.6 298.3 298.4 300.9 305.4 304.8 303.9 303.8 302.1 300.4 299.4 298.4 297.5 296.5 294.8 294.3 292.9 290.3 288.5 288 287 286.5 286.5 286.5 286.5 286.5 288.1 290.4 292.4 293.9 295.1 296.2 295.3 294.8 293.9 294.6 293.4 293.9 295.9 299.6 303.9 307 310.4 312.3 313.9
312.9 309.9 310 311 310.6 310.1 309.3 308.2 313.9 305.1 306.5 307.2 303 302.7 302 302.8 302.2 300.5 299.7 298 298.7 298.4 298.4 297.3 297.1 296.3 295.4 295.1 295.8 298.9 300.1 299 298.5 297.2 299.3 302.6 303.8 304.9 305.5 303.8 302.6 300.4 299.1 298.1 297.2 296.2 295.2 294.1 292.9 291.4 289 287.4 287.5 289.9 286.9 286.5 286.5 286.3 287.9 289.5 291.8 293.4 295.3 296.3 297.6 296.7 295 294.7 294.2 294.3 296 297.7 299.5 301.8 306.5 315.2 313.9 314.4
316.8 311.7 312.3 312.5 311.5 311.2 310.1 308.8 312.7 311.6 304.9 303.6 310.6 305.8 308.2 305.6 304.5 302.9 301 300 300.2 299.5 298.1 298.9 300.1 297.9 296.7 297.3 300 302.5 302.6 300.7 299.5 298.7 304.8 305.6 305.4 305 304.2 303.2 301.7 299.1 297.8 296.7 295.9 295 294.1 292.8 292.1 290.8 288.2 287.6 288.1 288.6 288.2 287.2 288.1 287.9 289.3 291 293.1 295.1 296.7 297.4 297.8 296.9 295.9 293.7 292.6 294.4 298.2 299.7 301.5 303.4 307.2 314.2 311.9 314.2
316.6 313.7 313.1 313 311.4 311.2 311 309.9 306.9 315.8 304 304.5 307.6 306.5 307.6 306.9 306 304.2 302.1 301.3 301 298.5 298.2 297.4 298 297.6 297.2 297.8 303.5 305.1 305.6 302.2 301.5 300.4 305.1 305 305.2 305.5 304.6 303.7 301.4 298.5 296.4 295.3 294.6 293.9 292.7 291.2 291.9 289.9 287.7 287.8 288.6 289.1 288.5 289 289.8 290.1 290.8 292.2 294.6 296.3 297.1 297.8 297.5 296.7 295.2 293.6 293.5 296.2 299.6 300.6 301.9 302.9 305.4 307.5 311.4 311.3
316.6 316.2 314.3 315.1 311.4 310.1 309.2 307.8 307 306.5 308.3 305 305.5 306.8 307.2 307.2 306.6 305.3 303.2 302.7 302.1 301.4 299.2 299.9 298.8 300.4 297.4 300.2 303.5 304.8 307.1 305.1 303.6 304.4 304.2 306 306 305.9 305.5 303.6 301.1 297.9 296.2 295 295.9 296.6 289 289.9 288.3 287.4 287.4 288.3 289.3 289.8 290.3 290.9 291.4 291.9 292.7 294.3 296.5 296.9 297.5 297.1 297 296.4 295.2 293.8 295.5 298 300.6 300.7 300.7 301.2 301.7 304.2 306.3 308
317 316.8 315.9 316.8 312.2 309.2 307.8 308.2 307.2 306.9 306.5 305.7 305.6 307.4 308.3 309.2 307.6 306.3 304.7 303.8 303.3 302.7 300.5 303 300.1 303.2 301 305.9 305.7 305.6 305.7 308.8 307.8 306.3 306.6 307 307.3 307.3 306.2 303.9 301 298.5 296 293.1 293.9 293.1 288.4 290.1 290.3 288.8 289 289.5 291.2 291.7 293.3 294 294.5 294.5 294.9 296.5 297.7 298.3 297.6 296.6 296.2 295.4 295.1 294.9 297 299.7 300.8 300.5 300.1 300.7 300.7 302.1 304.5 305.4
319.1 319.5 317.4 314.3 311.8 308.9 308.9 315 310.3 307 309.1 308.1 308.3 307.7 310.9 310.8 308.8 307.1 306.1 304.8 303.1 302.2 301.8 302.5 302.3 304.8 306.4 307.1 307.2 307.6 308.2 309.8 309.6 308.1 308.6 309.1 308.3 306.9 305.5 303.9 301 298.6 298.7 297.4 292.5 290.6 289.8 291.4 292.6 293.2 291.4 292.1 292.9 294 295.3 297 297.1 296.8 297.4 298.3 298.8 298.5 298.2 296.7 295.1 294.6 295.2 295.4 298.8 301.1 301.2 301.1 300.8 300.3 300.4 300.3 302.6 304.9
321.2 314.8 319.6 319.8 311.6 308.3 311 312.3 312.1 311.3 311.2 311 310.9 309.4 308.6 311.8 309.5 309.4 306.5 305.4 307.1 303.5 303.6 302.9 303.2 306.7 310.1 309.2 310.6 312.1 312.2 311.3 310.9 309.7 310.2 311 310 307.3 304.9 302.9 300.6 296.8 294.1 291.6 289.4 289.2 290.7 293.2 293.9 297 294.3 293.8 295.1 296.6 297.6 299.1 299.9 298.9 299.2 299.1 298.9 298.6 297.5 296.3 294.7 296 296.6 297.2 301.4 301 301.7 301.3 301.2 300.3 300.1 300.1 301.8 304.9
324.3 318.7 313.6 313.3 312.7 312.4 312.4 311.7 315.2 312.2 311.4 309.8 309.4 309.6 310.9 311.4 311 310.1 308.1 308.4 308.9 307.9 306.5 306.3 313.7 314.3 310.5 311.7 316.2 316 313.3 310.8 310.5 309.6 312.1 311.1 308.8 306.8 304.2 301.5 299.4 297.3 294.7 295.1 291.8 290.4 292.6 293.4 302.1 300.5 298.2 296.6 298.1 298.6 299.3 300.8 300.9 299.8 299.4 299.1 298.9 297.8 296.8 295.9 294.6 295.9 296.7 297.9 300.4 302 302.3 301.5 301.1 300.4 300.1 300.1 300.7 304.7
315.7 314.8 315.1 314.2 312.8 311.7 311.7 311.8 313.7 312.8 312.3 311.2 310.7 311.9 316.3 314.9 316.5 316.7 311 311.9 310.6 311.9 309.1 308.8 311.6 321.5 321.3 318.3 319.7 318.4 320.6 316 310.9 311.7 311.4 309.6 305.9 302.2 301.8 300.8 299.6 297.5 296.3 296.9 291.6 292.9 295.5 297.4 302.1 302.1 300.7 300.3 299.8 300.2 301.1 302.3 301.5 299.9 298.8 298.4 297.8 296.7 295.6 295.4 296.2 297.5 296.6 298.4 301.1 302.4 302.9 302.7 302.1 301.2 301.3 300.9 302.5 304.4
317.5 314.9 315.9 312.5 313 312.4 311.7 312.4 312.7 312.6 313.4 314.8 313.8 315.1 316.5 316.8 317.4 316.9 314.5 314.8 312.5 312.6 312.1 312.9 316.1 326.5 323.4 322.2 319.3 316.4 315.1 313.3 309.5 309.6 309.2 305.5 302.7 300.9 301 300.2 299 299 298.7 297.5 297.8 298.9 300.1 304.3 303.4 301.9 302.6 302.6 302.1 302.4 300.3 301.9 301.5 299.8 298.6 297.6 296.6 295.7 296 296.5 296.9 296.7 296.9 298.3 300.9 302.5 303.9 304.5 303.4 302.6 302.5 303 303.8 303.3
318.1 316.4 316.3 314.2 313.1 312.2 312.3 313.2 313.8 313.4 312.7 313.7 316.2 316.6 319.3 317.8 317.9 317.1 315.9 315.2 313.3 315.4 316.1 316.5 322 325.1 325.4 320.3 316.8 315.2 313.4 309.5 309.1 308.3 305.6 304 302.4 301.3 300.3 299.7 300.2 300.5 299.9 300 299.9 306.4 305.6 309.6 305.4 304.2 303.2 302.4 302 301.5 300.3 302.2 300.3 299 297.8 296.4 296.1 294.9 296.9 297.7 297.7 297.6 298.1 298.9 300.8 304.1 307.5 308.2 307.2 304.5 304 305.1 305.1 304.4
321.2 318.5 319.5 319 315.4 314.2 314.2 315 315.6 314.9 314.3 314.9 319.2 318.9 319.6 320 320.8 319 318.3 317.1 316.9 320.1 319.3 320.7 325.2 325.4 323 316.6 313.7 311.7 315.1 309.4 307.3 305.6 303.3 301.7 301.4 300.6 299.8 299.4 300.1 300.8 301.1 301 305.6 305.7 309 308.3 305.9 304.3 303 302.2 301.8 301.6 300.8 301.1 299 298.3 297.2 295.8 294.3 294.3 296.8 297.4 297.8 298.4 299.4 300.2 303.6 308 310.7 311.6 310.5 308.2 307.6 306.1 305.4 304.9
324.6 322.6 321.6 321.4 318.7 316.5 316.5 317 317.6 317.6 317.4 317.3 318.9 322.7 323.2 322.2 320.8 320.9 320.6 325.3 318.3 319.6 320.5 322.6 325.6 323.7 321.9 316.6 312.5 316 312.6 308.7 305.5 303.1 302.1 301.1 300.3 299.9 299.5 299.3 300.5 301.2 301.7 301.8 304.4 308.5 311.2 310.2 306.2 304.3 302.8 302.1 301.9 301.7 301.1 299.2 297.6 297.1 296.6 295.1 294.3 294.3 296.7 297.9 298.5 299.3 300.4 301.9 304.9 308.2 310.3 310.6 310.4 309.2 308.5 307.4 306.7 306.1
324.6 325.7 324.8 326.3 323 319.7 319.5 319 319.3 318.4 319.7 319.5 319.5 323.1 328.7 326 321.6 322.3 324.2 325 328 320.7 321.7 323.2 325.6 322.5 320.6 317 312.7 311.3 309.8 307.1 304.6 303 302.2 300.8 300.3 300 299.6 299.5 300.1 301.3 301.5 302.1 303.8 306.7 307.8 306.9 305.6 304.2 302.8 302.2 302 301.8 301 299.8 298.7 296.2 295.6 295.2 295.4 296.1 297.5 299 299.1 300.2 301.4 302.9 305.8 307.6 309.3 309.2 309.2 309.5 309.6 309.1 308.2 307.5
328.2 328.9 330.1 328.5 328 322 322.7 322 320.7 319.7 320.4 320.1 320.9 322.8 324.2 327.2 326.7 324.5 328.7 323.1 326.4 321.7 323.1 321.7 319.6 320.6 320.7 314.9 312.2 309.9 306.8 305.2 303.6 302.7 301.5 300.4 300.3 300.1 299.9 299.8 299.9 300 300.4 301.3 302.3 305.8 305.5 305.4 305.3 304.2 303 302.6 302.3 302.6 301.5 300.2 298.9 297.2 295.7 295 295.6 297.3 299 299.2 299.9 301 302.2 303.3 304.8 305.9 307.4 308.6 310.2 311 311.2 310.5 309.8 309.1
331.9 331.6 331.5 331.4 335.1 331.4 326.8 325.4 323.5 322.3 320.8 320.5 322.2 323.9 323.8 324.3 325.3 323.8 323.7 320.3 319.9 322.7 319.8 321.2 319.1 316 315.6 312.8 310.1 306.9 303.9 303.5 303 301.8 300.8 300.4 300.3 300.2 300.2 300.4 301.1 301.1 301.2 301.8 303.6 304.8 305.4 305.9 305.1 304 303.3 303.9 303.7 304.3 302.5 300.3 299 297.8 296.3 295.3 295.8 296.8 298.1 299.3 300.3 301.7 303.1 304.3 304.5 304.9 305.9 308.3 310.7 311.3 310.9 309.9 309.4 309.1
334.6 335.5 335.4 336.3 333.9 332.6 331.1 329.9 325.9 325.2 324.5 323.6 325.6 325.3 325.6 327 326.1 324.2 322.7 320.4 317.7 318.4 318.5 318.4 317.3 313.5 310 310.6 307.5 304.8 302.5 301.6 301.5 301.3 300.4 300.2 300.5 300.9 300.9 301.2 302.2 302.2 302.3 302.6 304 305.6 305.9 306.2 305.9 304.5 304.1 305.6 305 304 302.8 300.5 299.3 298.1 296.9 295.9 296 296.3 297.6 298.8 299.1 300.4 303.1 303.8 303.9 304.1 304.7 306.9 308.9 310 309.7 309.2 310 310.1
338.3 339.6 345.2 338.6 335.8 334.9 334.3 333.7 332.1 328.9 327.1 326.3 326.4 326.9 329.1 329.5 327 324.5 322.2 320.2 317.4 317.5 317.2 316.1 314 310.9 308.7 312.4 305.9 303.6 302.7 302.1 301.1 300.6 300.3 300.9 301.4 301.8 301.9 302.5 303.3 303.3 303.7 304.5 306.1 307.7 307.6 308.5 307 304.9 305.5 306.2 305.3 304.3 303 300.7 299.5 298.3 297.4 296.5 296 296.2 297.2 298.1 298.4 299.8 301.9 302.5 303.2 303.4 303.7 305.2 306.6 307.7 307.2 311.4 313.5 311
339.8 342.4 347.1 344.7 339.2 337.6 337.2 336.2 334 331.5 329.1 327.5 327.7 327.7 328.2 327.1 325.7 323.7 321.7 319.1 317.9 317.4 315.7 312.2 309.2 307 307.2 306.8 303.9 302.3 302.5 302.2 302 301.4 300.8 300.2 301 302.3 302.8 303.4 303.6 303.8 305.3 306.5 307.8 308.6 308.1 308.7 307.7 305.9 307.4 306.5 304.9 303.5 302.2 300.8 299.4 298.3 297.3 296.5 295.9 296 296.8 297.7 299 300.1 301.9 302.3 302 302.4 302.9 303.8 304.9 305.4 306.7 310.1 309.1 309.2
343.8 344.7 346.8 345.4 342.8 341 340 337.2 335.3 333.2 330.3 329 328.4 327.9 327.3 326.9 325 322.6 320.9 319.9 321.4 319.6 315.2 310.6 307.1 306.1 305.6 304.4 303.5 300.8 302.6 302.4 301.9 300.8 300.8 300.7 300.2 300.8 302 302.7 303.8 305.4 306.9 308.4 309.6 310.4 309.7 310 309.1 307.6 312.1 306.4 304.3 302.8 301.3 299.9 298.6 298.1 297.3 296.4 296 296.3 296.7 297.8 299 300.2 301.6 302 302.3 302.2 302.3 302.6 302.5 303 305.3 305.5 305.7 305.7
346.5 347 347 346 344.7 344 341.8 338.4 336.3 334.7 332 329.5 329 328.6 327.9 325.8 323.1 321.4 320.3 325 321.1 317.8 313 308.6 307.7 306.6 305.9 305.1 304.2 300.6 301 300.6 300.5 300.7 300.9 300.6 300.9 300.7 301 303 306 307.7 309 311.1 312.5 313.1 311.8 311.8 310.2 308.9 309.6 308 305.8 306.3 302.5 299.9 298.6 297.6 296.9 296.3 296.5 296.6 296.8 297.5 299 300.3 301.3 301.7 302.1 302.1 302.2 301.5 300.6 301.6 303 303.5 302.5 302.2
354.3 349.5 348.9 348.1 346.4 345.7 343 339.9 337.5 335.6 333.2 330.7 329.6 329.3 327.8 325.2 322.6 321.8 323.7 324 320.7 316.7 312 308.8 308.1 307.8 307.2 305.7 303.7 301.8 300.8 300.9 301.2 301 301 301.6 301.9 302.1 302.5 304.1 306.9 309.3 311.6 313.7 314.6 316.2 312.8 313.2 310.4 307.6 306.8 306 303.6 302.1 301.1 299.6 298.6 297.3 296.5 296.3 297.4 297.5 297.6 298.1 298.7 299.8 300.6 301.3 301.5 301.4 301.2 301 299.6 301.7 300.9 301.3 300.6 299.9
356.3 356.7 355.4 349.9 347.9 346.2 344.5 341.6 339.1 336.1 332.9 330.9 329.9 329.2 327.5 324.7 326 324.8 323.7 322.6 319.7 316.7 312.6 308.4 308.3 311 307.9 306.4 304.3 303 301.9 301.1 300.8 300.8 302.2 302.3 302.9 303.5 303.8 304.8 306.6 309.7 312.6 315.6 319.8 316.1 313.5 311.5 309 305.7 304.6 302.5 300.3 299.4 299.2 298.7 297.7 296.9 296.6 297 297.8 297.7 298 297.4 297.9 300 300.5 301.2 300.8 300.8 300.5 300.3 299.4 300.1 300.2 299.9 299.2 297.9
355.1 355.9 353.9 351.9 349.2 347.4 347.2 342.9 340.5 337.6 333 331.1 330.3 329.2 328 327.1 328.9 328 325.3 322.3 319.4 316.3 312.9 310.6 313.8 310.9 307.5 306.3 305 303.7 302.4 301.1 300.8 300.8 300.8 302.9 303.9 309.5 306.1 305.6 307.1 309.9 313.4 323.3 320.8 315.8 313.6 310.6 307.5 304.2 301.4 299.4 298.2 297.5 297.5 297.2 296.6 296.9 297.4 298 297.6 297.6 298 296.8 297.9 300.1 300.9 301.3 300.7 300.1 299.9 299.7 298.2 298.6 299.2 298.8 298 296.9
357.1 357.8 355.1 353.6 349.9 348.9 348.9 345.2 342.9 338.6 334 332.2 331.4 330.4 330.6 330.4 330.4 330.3 325.6 322.3 319.1 316.1 314.5 313.5 311.8 308.8 307.4 305.8 304.6 303.2 301.9 301 300.8 301.6 300.8 302.5 304.2 305.7 307.1 305.7 308.4 310.6 315.1 320.3 316.9 314.5 311.9 308 306.3 301.9 299.4 297.1 296.7 296 295.7 295.9 296 296.7 297.9 298.5 297.8 296.8 296.8 296.8 299.3 301.9 301.1 301.2 300.4 299.3 298.8 298.6 297.1 297.9 298.4 298 296.8 295.8
360.1 360.6 357.8 354.6 352.1 350.4 348 346.6 344.1 340.4 337.6 335.1 333.2 332.7 333.4 333.5 332.4 329.8 325.7 322.7 319.3 316.6 314.9 314.8 312.6 309.1 305.5 304.9 303.9 302.5 301.1 301.4 300.7 300 299.9 301.5 303.2 304.9 306.9 307.5 309.3 310.5 313.4 315.8 315.7 314.5 309.6 304.9 301.7 300.1 298.5 296.7 296.1 295 294.2 294.7 295.5 296.4 297.9 298.5 297.8 297 296.8 296.8 299.5 302 301.1 300.4 299.7 299 298.1 297.6 296.4 297.5 297.4 297.6 295.6 294.9
363.3 363.1 360 358 356.7 352.4 349.8 347.8 346 343 340.1 337.1 335.7 336.6 337 336.3 332.7 330.5 325.5 321.9 318.3 316.6 316.2 315.5 311.6 309 306.7 301.9 302 300.7 300.9 299.8 299.4 298.8 299.1 300.2 303.8 305.4 306.9 311.3 309.6 309.8 310.7 312 314.4 311.4 305.4 302.2 298.1 297 297 294.7 295 293.6 294 292.9 295.1 296.8 297.4 297.5 297.7 297.4 296.8 296.8 299.3 300.3 300.9 300.8 299.8 298.7 296.3 295 294.5 295.5 295.9 296.8 294.6 294.7
366.1 363.7 361.2 361.1 360 357.1 354.9 348.8 346.8 345.2 342.5 339.3 338.7 340.5 339.9 336.9 330.2 328.8 325.4 320.5 318.5 317.9 315 310.8 308.9 308.5 307.6 303.5 300.9 299 298 298 298.2 298.2 298.9 300.3 301.7 303.8 305.3 306.9 307.2 308.4 308.7 307.6 307.4 305.1 302.2 300.2 297.2 294.8 294.2 293.4 293.4 293.4 293.4 293.4 295.8 298 298.6 298.6 298.6 298.4 297.7 296.8 299.2 300 300.7 300.8 300.2 298.9 297.5 295.6 295.6 293.9 294.3 293.8 293.4 293.4
366.1 363.6 360.8 361.8 362.3 359.4 355.1 348.9 347.1 345.7 342.9 341.1 342.8 343.2 339.4 334.1 332.1 325.5 322.2 320.8 318.9 317 312.3 308.6 306.3 306.8 304.8 302.9 300.7 298.4 297.6 297.7 298.1 298.3 298.7 300 301.3 302.7 303.9 305.6 308.1 304.7 304.1 302.7 302 301.3 299.2 297 295.8 294.7 293.4 293.4 293.4 293.4 293.4 295.7 297.2 298.8 299.5 299.7 299.7 299.1 298.4 298.7 299.1 299.7 300.3 299.7 299.1 297.8 295.7 293 295.3 293.4 294.4 293.4 294.3 293.4
366 367.1 365 364.1 362.9 359.7 355.7 350.3 344 344.1 342.2 343.6 345.2 341.6 336.5 334.4 328.4 323.4 321.2 318.9 315.7 312.3 308.5 305.9 303.5 303.9 303.5 301.3 299.1 297.9 297.5 297.7 298.2 298.3 298.3 299.6 301 302.3 302.1 301.9 300.8 302.1 302.1 301.6 300.2 299.9 298 295.5 295.1 294.8 294.2 293.4 293.4 293.4 293.4 293.4 298.2 299.9 300.3 300.9 300.7 299.7 298.9 299.2 299.4 299.4 299.2 298.5 297.6 296.9 294.3 293.4 293.4 293.4 293.4 293.3 295.5 296.4
369 370.2 367.2 365.5 362.7 359.2 355.2 349.7 342.5 342.5 343.5 346.8 339.3 336.1 334 330.2 324.3 321.1 319.2 313.4 309.6 308.3 304.7 302.9 300 301.5 302.8 299 297.9 297.3 297.7 298 298.3 298.4 298.4 299.2 300.5 301.9 301.9 300.9 302.4 300.7 301 300.1 298.8 298 296.5 296.1 296 295.4 294.4 293.4 293.4 293.4 293.4 295.3 299.2 301.2 301.9 301.7 301.1 300.3 299.4 299.5 299.5 299.2 298.6 297.7 296.8 296.1 293.4 293.4 293.3 293.4 295.9 297.2 298.1 299.2
375 373.3 370.5 369.3 363.1 359 355.3 348.7 344.4 341.7 340.7 340.5 335.1 332.5 329.8 326.3 321.3 317.3 316.6 309.6 306.7 303.8 300.5 298.1 297.9 298.1 297.4 297.4 297.6 297.2 297.4 298 298.3 298.4 298.5 298.6 300.1 301.6 305.7 300.4 301.7 301 299.4 298.6 297.5 296.4 296 296 296.2 296.6 295.8 293.7 293.4 293.4 293.4 294.8 296.1 301.3 301.5 300.6 300.1 299.8 299.6 299.4 299.1 298.8 297.8 297 295.4 293.5 293.4 293.4 293.4 293.4 295.6 298 299.2 301.5
377.8 376.6 372.2 370.6 363.8 359.8 354.9 348.6 343.5 340.5 339 334.7 331 327.8 326.2 322.6 314.9 312.5 309.8 305.4 302.8 301 298.6 296.5 296.1 296 295.3 295.3 295.8 296.8 297.5 296.5 297.8 298.4 298.6 298.4 298 300.8 300.3 299.6 302.4 300.5 298.8 297.6 296.4 296.2 295.9 296 296.5 296.8 296.1 293.4 293.4 293.4 293.4 293.4 293.4 297.6 299.1 299.3 299.2 299 299 298.8 299.1 298.7 295.3 293.4 293.4 293.4 293.4 293.3 293.4 295.6 296.8 298 299.3 302.2
