app/static/ascii/NN36.asc
ncols 200
nrows 200
xllcorner 230000
yllcorner 760000
cellsize 50
[rows 70 to 104 of 200, columns 78 to 155 of 200]
538.1 529.4 521.6 514.8 509.8 499.7 492.7 486.3 480 471.7 463.2 455.6 450.1 447.5 445.1 442.2 436.6 431.6 428.1 425.3 424.5 423.5 421.2 419.1 417.8 416.5 416.2 414.9 411.2 407.7 407.4 407.1 407.1 407.8 408.5 409.9 408.2 408.2 412.6 413.6 414.1 414.2 412.9 411.8 410.5 409.3 408.4 405.6 403.3 401 399.2 398.3 397.8 397 398.7 398.7 399.9 401.1 400.1 400.1 399.5 401 401.7 400 399.7 400.6 405.7 410.9 418.2 428.2 437.7 450.4 463.9 474.3 488.9 506.4 519.8 530.7
527.8 521.4 517.2 509.6 502.5 494.5 489 483.5 477.1 469.7 462.1 456.5 452 449.4 446.8 443.5 439.2 435.5 430.8 427.1 423.7 423.2 423 421.1 419.1 417.6 416.6 412.4 410.5 407.8 407 406.8 406.7 408.4 408.9 408.6 408.2 408.2 412.1 412.4 412.9 411.2 410.7 410.4 410.6 409.7 408.3 404.8 402.6 401.6 400.5 399 398.6 398.3 401.2 399.7 402.1 402.2 401 400.5 401.6 399.4 399.3 399.2 399.8 404.4 409.7 414.3 424.7 433.2 442.6 458 469.2 479 491.6 505.7 518.5 528.6
518.7 515 507.6 503 496.4 490.5 483.3 479 473.3 468.9 464.4 457.4 453.8 452.3 447.8 444.5 440.8 435.9 431.1 427.5 425.7 424.8 424.7 424.4 421.4 416.6 414.3 413.1 411.4 408.6 407.7 406.5 406.3 406 405.6 407.7 410.5 411 412 411.2 410.9 410.7 410.2 409.3 409.2 408.6 407.6 405 403.9 402.8 401.7 400.1 398.3 398.6 398.2 399.5 402.3 401.6 402.1 400.2 399.4 399.8 400.3 402.7 404.5 408.9 413.5 419.6 429.3 437.4 445.7 460.6 471.3 481.1 494 505.2 517.9 526.3
509.3 503.3 500.9 496.2 490 487 482.6 479.2 476.6 470.3 465 459.7 456.4 453.8 448.4 443.3 438.6 433.7 430.3 428.2 429 426.3 425.3 424 419.2 415.9 415.2 413.8 411.8 409.8 408.4 407.5 406.6 405.7 405.1 407.9 409.5 410.1 412.5 411.7 410.5 410.3 409.7 408.6 407.5 407.6 406.6 405.3 404 403.1 402.3 401.3 399.6 399.8 399.4 399 399.6 401.4 399.8 398.9 399.1 401.1 400.7 401 402.9 406.7 412.2 420.4 431.9 437.6 448.9 460 471.4 482 495.3 504.7 515.5 525.3
499.7 496.9 494.3 488.7 487.3 483 479.2 477.1 474.6 470.5 465.7 460.3 456.5 451.3 444.9 444.3 442 438.2 434.2 433.7 430.9 427.4 424.4 421.9 419.1 417.7 416.6 415.7 413.6 412.7 410.5 409.6 408.3 407.5 406.3 404.2 407.4 407.2 408.1 407.9 410.4 409.6 409.2 407.9 406.4 406.4 405.4 403.8 403.3 402.2 402.2 401.8 401.5 401.2 400.9 400.5 399.4 399.6 398.8 399.6 399.8 399.5 400 400.5 402.4 406 411.7 421.9 430.4 440 451.8 463.5 472.3 482 492.5 502.8 511.3 520.7
492 490.9 487.5 484.9 483.3 479.9 477.4 475.3 471.5 468.9 464 459.5 457.5 452.3 451.4 449.8 445.8 442.2 439.6 436.9 432 427.8 426.6 424.2 421.6 419.6 418.7 417.3 414.7 412.9 411.4 411.3 410.9 410.5 410.4 410.9 409.2 404.6 404.3 406 404.6 407.5 407.4 406.2 405.6 404.8 404.5 403.2 402.5 402.3 402 401.8 402.1 401.7 402.2 402.4 402.4 402 404.8 402 400.4 400.1 400.3 400.8 402.6 406.9 412.7 419.2 431.4 440.2 450.8 462.2 473.8 481.2 489.8 499.4 508 516.9
488.7 487 485.2 482.9 480.4 478 475.4 472.4 470.5 467.5 461.7 462.3 459.7 457.4 455.9 453.3 447.8 445.3 444.1 438.4 437.9 436.6 432.2 428.4 424.2 422 420.1 418.9 415.7 413.2 412 412.7 412.3 411.9 411.7 411.5 412.6 409.4 408.4 405.1 403.2 405.5 406.5 405.4 404.1 403 402.8 402.7 402.3 402.2 402.8 402.3 403.5 401.4 402.4 402.2 407.1 402.1 402 401.5 401.4 401.6 400.7 401.5 404.8 408.8 411.5 419.1 428.4 436.9 450.5 462.1 472.5 478.8 487.9 496.3 503.4 512
485.8 483.5 481.6 480.2 477.9 475.8 473 471.1 470.4 466.3 466 464.5 463.8 461.5 458.3 453.4 450.6 448.6 447.9 447.6 444.6 440.5 436 430.3 427.6 425.3 423.2 420.9 418.1 415.5 414.7 414.6 414.7 413.9 412.3 412.1 411.3 410.3 405.8 404 404 402.6 404.6 403.9 402.6 401.3 401.2 401.2 401.8 401.9 402.5 401.9 401.2 401.5 401.9 402.5 400.7 402.6 402.3 402 401.7 400.2 401.8 404.6 405.5 406.9 411.6 421.1 428.7 438.5 452.4 461.6 468.2 477.8 487.7 494.4 499.9 504.8
483.6 482.6 480.5 477.4 474.2 475.3 473.5 472.7 469.4 470 468.6 467.1 466.2 463.4 460.7 458.3 455.5 453.3 451.2 450.7 446.9 443.1 440 436.8 431.9 428.5 426.1 423.4 420.9 418.7 417.6 417.2 416.9 416 414.8 412.9 411.3 409.4 407.3 406.4 402.5 398.2 399.2 397.8 400.1 400 399.6 399.5 399.8 400.9 401.8 401.2 401.2 401.2 401.2 402.1 400.7 401.9 401.2 401.3 402.2 403.4 405.5 408.2 409 414.2 414.9 422.5 430.3 441.8 449.6 459.2 466.5 474.4 482.4 488.5 495.9 500.1
483.6 482.7 479 480.2 479.5 478.1 476.3 475.2 474.2 473.5 471.9 470.9 470.4 465.7 464.2 462.3 458.5 456.8 454.5 453.7 450.1 444.8 441.4 437.6 435 432.9 430.1 427 423.5 421.5 420.5 420.2 419.2 417.6 413.9 411.9 410.4 406.9 404.6 403.1 399.7 398.2 397.8 399.2 401 399.4 399.1 398.1 397.8 401.1 401.9 401.2 401.2 401.2 401.1 401.3 400.4 400.8 401.5 401.1 402.7 404.3 400.5 402.6 404.4 407.4 412.6 418.9 427.6 436.4 448.6 456.8 462.5 472.2 477.9 485.9 490.7 496.4
480.2 478.9 481.8 481.8 481.5 480 480.9 478.9 478.9 477.7 475.4 474.1 472.4 470.1 468.5 465.9 462.4 460.3 459 456.8 454.3 449.3 443.5 439.4 438.8 437.7 435 431.4 428.3 424.9 423.4 422.2 419.5 417.9 415.4 412.6 411.3 408.7 406.5 402.8 400.2 400 400 402.8 400.7 397.6 398.9 397.5 397.8 399.7 401.7 403 402.6 402.1 401.7 401.8 402.4 401.9 401.5 401.5 400.1 401.4 397.8 400.1 402.4 408.1 412.9 417.9 428.8 438.8 447.2 453.6 460.2 469.6 476 481.1 485.8 490.1
484.2 484.3 484.1 483.7 483.6 484.2 484.2 484.3 483.5 482.1 479.5 477.4 475.9 475.3 472.8 468.2 467 464.9 463 460.5 456.8 453.7 448.2 445.9 444.2 442.5 440 435.6 430.7 427.7 424.8 421.7 420 417.7 415.4 413.2 411 408.9 407.4 406.5 404.2 406.6 404.3 403.6 403.1 400.1 397.6 397.8 397.8 397.5 401 401.6 401.8 402.9 402.7 402.6 402.5 401.9 399.2 397.8 397.8 397.8 398.8 402.8 407.9 410.5 414.3 418.3 428.2 438.9 445.3 450.8 457.2 464.3 470.7 476.2 484.4 488.1
486.5 487.4 487.2 486.4 487.5 488.6 488.9 488.4 487.5 486 483.5 481.5 480.6 477.9 475.3 473.8 473.8 470.3 467.3 464.3 461 457.3 453.7 452.3 448.8 445.4 441.1 437.3 434.5 429.4 427.2 424.4 422.2 418.9 415.3 411.6 409.3 407.7 406.5 406.5 404.3 403.5 405.3 403.2 397.8 397.8 397.8 397.8 399.4 398.8 399 398.3 400.6 401.4 402.2 401.8 398.3 398.9 397.8 397.8 397.8 397.8 401.5 406 408.3 410.6 413 417.8 426.3 438 443.4 448.8 454.8 461.3 467.6 473.6 477.7 482.9
489.1 489.9 490.9 490.1 491.4 492.8 493.2 492.3 491.7 489.9 488.6 486.6 483.7 481 479.7 478.8 478.2 475.9 472.7 468.4 465 461 458.1 456 452.6 449.2 444.5 441 437.6 434.1 431.2 428.8 425.8 421.6 417.2 412.9 412.2 411.3 407.2 404.2 402 400.7 400.4 400.7 399.2 397.6 397.8 397.8 397.8 397.8 397.8 397.8 399.2 400.1 397.8 398.4 397.8 397.8 397.8 397.8 397.8 399.1 403.8 406.2 407.3 409.1 412.4 414.7 421.6 433.6 438.8 444.1 452.4 457.2 461.8 468.6 473.2 477
493.2 494.1 494.6 494.9 496 497.7 496.9 496.3 495.2 494.9 493.2 490.7 488.3 487.2 486 484.5 482.7 479.9 477.1 473.6 469.6 467 462.1 458.9 455.9 452.8 448.8 445.3 442.3 438.5 435.2 432.1 428.2 424.2 419.4 415.1 414 409.9 406.4 402.8 403.1 402.1 404 398.7 397.4 397.4 397.8 397.8 397.8 397.8 397.8 398.1 397.8 397.8 397.8 397.8 397.8 397.8 397.8 397.8 397.8 400.7 401.5 404.2 406.2 408.4 410.7 415 422.6 431.6 438.7 445.4 451.8 455.6 459.6 466.6 471 475.1
497.6 497.8 499.2 499.3 500.9 502.4 500.5 500.2 499.4 499.4 497.4 495.7 493.2 493 491.4 488.2 486.3 484.9 482.7 479.2 474.3 471.7 466.9 462.7 459.4 455.9 452 448.6 445.2 441.6 437.9 434.2 430 425.7 422.3 418.2 414.7 410.4 407.2 405.7 402.5 401.3 401.4 399.2 398 397.8 397.8 397.8 397.8 397.8 397.8 399.9 399 397.8 397.8 397.8 397.8 397.8 397.8 397.8 401 402.2 402.5 404.8 406.9 404.4 409.1 414.8 421.1 427.5 438.9 443.4 447.2 449.6 455.5 463.4 468.8 471.8
502.8 502.5 504.3 507.5 506 503.7 503.1 502.6 502.4 501.8 501.4 499.2 498.2 497.2 494.8 492.1 490.6 489.2 487.1 483.6 479.1 477.5 470.9 466.2 462.4 458.4 454.3 451 447.6 444.1 440.7 436.5 431.6 427.8 424.7 420.7 416.7 412.3 408.9 408.7 407.4 405.7 403.5 399.8 398 401.4 400.3 401.2 401.2 399.9 399.9 399.9 399.8 401.4 401.2 397.8 397.8 397.8 397.8 397.8 399.2 401.8 402.4 402 402.1 402.5 408.8 413 419.4 426.6 432.1 436.9 440.4 445.2 451.2 457.5 463 466.1
507.7 507.6 511 512 510.4 509.5 509.2 507.8 505.6 506.2 506.1 503.5 502.2 500.1 499.9 501.5 498.7 493 490.5 487.6 483.9 479.4 475.8 470 465.9 461.6 457.4 454.6 451.6 446.8 443.1 439.3 435.6 431.1 427.6 423.2 418.2 413.8 410.9 409.6 408.4 405.2 403 402.7 399 401.1 401.1 401.9 402.2 402.3 402.7 400.8 398.6 397.8 397.8 399.6 398.1 397.8 397.8 397.8 397.8 398.4 399.7 400.7 401.5 404.1 407.5 413.3 419.1 425.3 429.3 435.7 440.3 443.8 448.5 452.4 457.6 461.2
514.7 517.4 517.6 517 516.5 514.2 514.2 513.8 513.9 511.8 512.3 509.3 507.2 505.8 506.1 504.1 499.5 494.5 493.2 489.3 484.1 479.8 476 473.8 469.7 465.6 461 457.7 454.9 450.9 446.4 443.9 439.8 434.7 431.6 427.1 422.2 416.3 414.4 411.8 410 410.6 408.8 408.4 402 402.4 401.8 402.4 402.2 402.5 401.1 400.2 398.7 400.9 399.9 400.7 400.5 397.5 397.8 398 399 398.7 399.2 401.2 402 406.4 409.5 412.5 417.5 422.4 427.8 433 439.2 442.6 446 449.7 454.4 458.2
523.9 523 525.1 523.3 523.6 522.8 520.6 519.3 521.2 516.7 516.3 514.1 513.4 512.7 509.7 507.6 503.5 500 496.7 491.4 486.6 482.8 478.7 476.6 472.9 469.3 464.7 460.8 456.8 453.3 450.5 448.6 444.3 440.4 434.5 430 424.4 420.3 417.7 413.9 411.6 408.4 406.3 405.3 406.6 404.5 403.5 402.7 402.4 401.7 399.6 399.6 399.5 405.6 401.3 400.6 400.7 399.1 399.2 399.3 400.3 399.2 400.4 401.9 403 406.1 410 412 414.2 421.1 427.8 430.4 435.5 439.9 442.9 446 449.4 452.4
529.3 533.2 533.5 535.2 534.8 530.4 527.1 526.3 524.5 522.6 522.3 521.8 521.9 522.5 517.4 515.2 510.3 505.5 502.9 500.7 495.9 488.8 483.7 481.4 476.3 473.4 468.5 463 458.5 455.9 454.2 452.7 449.2 445 439.2 433.3 428.5 424.1 421 418.1 414.4 410.4 411.3 409.5 407.5 408.4 406.6 404.4 402.6 402.3 400.7 399.1 396.7 399.4 400 400.7 400.8 400.1 400.4 400.6 400.3 401.3 402 403.1 403.7 404.6 407.5 410.1 411.6 418.6 422.8 429 433.1 435.7 439.7 441.7 443.7 447.2
541.1 541.7 541.8 541.5 539.8 538.2 535.8 532.9 531.1 530.9 529 528.2 529.3 532 530.5 524.4 517.8 514.7 511.8 508.2 502.4 495.8 492.3 487.9 483.8 479.8 474.1 468.2 463.6 459.4 458.2 456.1 452 446.7 442.3 436 433.2 428.6 425.5 422.2 419.4 416.6 416.3 415.2 411.5 411 408.5 407.2 404.4 402.1 400.4 399.7 399.7 398.9 398.1 399.3 399.6 400.6 400.6 400 400.1 400.2 400.6 401.4 401.8 402.2 403.3 406.1 409.1 415.6 420.2 424.7 429.7 432.8 432.7 434.7 440 443.2
552.1 550.4 549.4 549.5 546.9 545 543.5 541.4 538.7 538.8 536.4 536.3 538.6 538.5 538.5 533.7 529.4 524 519.4 514.6 508.8 505 500.6 494.8 490.6 482.9 479 474 470.1 465.7 462.4 461 456.1 449.4 445.5 441.7 437.3 434 430.6 427 424.4 423.2 421.2 419.7 415.2 412.9 411.7 409.7 406.2 402 400.3 402.1 401 400 397.6 395.9 397.8 398.2 398.6 398.2 398.3 398.7 399 399.5 400.1 400.5 400.5 403.4 408 413.3 417.9 420.6 422.8 423 425.7 431.1 435.2 439.1
561.3 560.3 559.6 557.3 554.7 552.5 550.6 548.7 548.7 546.2 546.3 546.4 546.7 546.8 544.8 542.8 536.2 532.7 527.2 523.6 519.4 514.5 507.4 498.2 492.3 489.8 486.2 479.3 475.2 470.9 466.3 463 458.2 454.5 449.8 446.4 443.2 438.5 436 433.7 431.4 429.2 427.2 424.2 419 414.5 412.5 410.6 408.8 404.3 402.5 401.1 398.3 398.2 397.7 396.4 396.7 396.6 397.5 396.4 396.4 396.9 397 397.9 398.4 398.9 399.9 402 405.4 408.7 416 418.3 419.6 420 422.2 425.4 429.2 433.7
573.5 572.9 571.8 566.4 565 561.8 559.1 558.7 559.4 555.6 557.8 558 554.1 555.2 555.3 549.5 546.2 540.4 536.8 531.9 525 519.4 512.1 507.7 500 494.6 488.7 483.5 478.2 474.4 468.6 463.6 460 457.4 454.1 450.6 447.4 443.6 440.7 439.2 437 435.3 430.9 426.8 422.5 417.3 413.6 411.8 408.6 406.6 403.7 401.5 400 396.7 394.5 395.3 397.4 395.9 395.3 395.9 394.3 394.8 395.2 396.3 396.9 397.7 399.3 400.7 403.8 408.1 411.6 415.9 417.5 419 420.1 421.8 425.4 427.2
587.5 583.8 583.5 580 579.8 574.9 571.7 570.1 571.3 567.4 569 567.9 567.4 566.2 562.3 557.2 552.6 548.5 545.4 540.1 531.4 526.7 518.6 509.9 501.6 495.5 489.1 483.2 478.6 475.4 471.7 466.4 463.9 460.9 458.6 454.6 451.9 449.5 446.8 444.8 441.3 439.8 434 428.8 424 419.2 415.4 413.1 410.8 406.8 403.2 400.5 398.1 395.4 396.2 391.5 391.9 394.2 393.8 392.8 391.8 392 394.3 395 395.8 396.8 398.7 399.8 401.3 406.4 408.5 411.8 414.3 416 418.3 419.5 422.8 424.4
599.7 601.1 601.7 603.2 594.4 589.4 584.5 584.3 582.6 583.7 583 583.5 578.2 573.4 570.5 565.3 559 553.8 549.4 542.3 534.5 525.9 517.9 510.8 504.6 495.8 489 483.6 480.4 478.7 477.9 473.3 469.9 466.5 464.2 460.7 457.4 455.4 452.7 448.3 446.5 440.8 435 429.6 424.7 420.4 416.5 413.1 410.1 406.2 403.1 400.4 399 396.7 394.6 392.2 391 392 391.2 391.1 392.3 392.8 394.3 395.3 395.5 396.2 397.7 399.1 400.7 403.4 407.8 412.2 412.9 413 415 416.1 420.4 422.4
619 627.7 635.1 639.9 623.5 610 605.7 604.3 604.9 603.4 599.9 592.7 588.3 581.9 574.5 567.1 560.2 554.2 545.4 537.4 529.6 522.8 516.9 510.5 503.1 495.7 491.5 486.6 485.2 486.7 486.4 478.5 475 473 470.4 467.5 466.1 461.9 458.6 453.4 446 441.9 434.9 430 425.3 419.6 415.6 412.2 409.4 406.7 403.9 401.1 399.7 395.9 394.8 392.6 392.3 390.8 390.4 390.5 392.9 393 393.5 394.3 395.6 396.5 397.5 398.8 400.1 402.2 404.9 410 414.7 413.2 414.4 416.5 418.1 420.5
641.9 648.9 656.2 654.9 654.8 642.1 635.5 633 631.7 626.8 625.6 606.7 599.5 585.7 574.2 566 558.1 550.3 541.7 533.6 527.2 520.6 515.4 510.4 504.2 498.3 495.4 490.5 491.1 492.8 488.7 482.5 481.8 479.8 478.7 476.1 476.8 470.6 461.1 456 448.8 441 435.8 431.3 424.5 419.3 414.9 411.4 409.4 406.6 404.3 401.8 398.6 399.3 395.8 394.2 392.7 392.4 391 390.4 392.3 392.8 393 393.1 393.7 395.2 396.7 397.6 397.8 398.4 401.7 403.1 408.5 412.1 413.1 414 415.5 418.3
662.6 679.7 686.2 683.1 677.1 672.1 668.9 667.1 658 641.6 632.9 614.6 598.8 583 571.7 562.9 555.6 546.6 539.1 532.5 525.7 519.1 515.8 511.1 506.2 501.8 497.5 495.2 496.1 498.5 492 488.1 489.6 490.9 486.2 484.1 484 478.8 467.2 458.6 448.4 441 436.2 431.3 425.7 420.4 415.4 412 410 406.8 403.6 401.4 400.2 399.3 397.4 395.7 393.8 392.3 392.4 390.2 391.3 392.1 391.5 392.6 392.6 393.4 395.3 395.8 396.1 396.6 398.4 400.3 404.8 408.9 410.9 412.8 413.7 415.7
691.8 705.3 711.2 704.9 700.1 701 695.8 677.5 662 648.2 628.5 610.5 594.7 579.5 569.1 560.1 551.5 544.8 539.6 533.1 526.5 520.8 516.5 510.6 506.2 501.6 498.6 497.3 499.7 501 497.2 498.1 496.2 496.3 492.9 486.8 482.6 480.5 471.9 456.7 448.8 443 438.1 431.1 427.1 421.9 416.8 413.5 410.9 407.8 404.8 403.3 401.4 400.2 399.5 397.8 396.4 394.1 392.6 391.7 391.4 389.7 390.7 392.6 392.6 392.5 392.7 394.5 394.9 395.5 396.7 398.9 400.5 404.1 408.3 411.2 412.5 413.7
726.1 739.9 732.5 726.9 716.9 703.6 692.4 678.4 663.3 644.4 621.2 605.8 589.1 575.2 564.4 558 550.7 545.1 541.1 535.1 528 522.7 517.1 512.1 507.6 504.8 503 502.7 503.4 505.9 504.4 502.8 501.4 498.8 491.9 486.4 482.3 476.3 466 456.4 451 444.7 438.1 433.7 428.1 423.9 418.5 414.5 411.9 408.9 406 404.8 402.7 401.2 400.3 399.1 398.5 397 396 392.5 392.3 390.9 388.5 391.2 392.1 391.7 391.6 392.1 393.4 394.6 395.7 397.6 400.2 403.3 405.8 407.8 409.9 410.1
746.7 755.3 751.1 735.8 716.5 705.7 686.2 669 650 631.9 614.1 600.1 582.7 572.9 564.6 557.9 551.7 545 541.2 535.8 529.1 524 518.2 515.2 510.8 508.1 506.5 504.7 507 509 506.5 507.4 503.4 499.4 495 488.6 481.2 472.6 464.7 456.5 451 445.8 440.2 436.3 429.5 426 420.7 415.6 412.7 409.6 407.1 405.7 402.9 401.4 398.7 397.4 395.9 396.3 396.3 392.6 392 390.4 389.8 389.9 391.3 391.1 390.8 391.1 392.1 393.2 395 397.8 400 401.8 403.6 405.6 407.4 408.6
770.2 774.3 767.7 733.4 715.9 693.5 674.2 654.4 635.9 622.1 608.5 596 582.7 571 564.2 558.6 551.3 545.5 540.4 536.6 531.3 527 522 516.7 513.4 509.7 507.8 509.7 511.7 511.3 510.2 508.2 503.5 499.7 494.3 489.4 485 472.3 465.3 456.4 451.9 446.7 442.1 436.5 432.2 433.2 422.9 416.7 413.1 410.1 409.1 406.3 404 402.2 398.3 395.4 394.7 395 395.2 395.6 393.7 392.8 394.2 389.1 389.8 390.4 390.2 390.6 390.9 393.2 395.7 397.4 399.1 400.9 402.5 403.9 405.5 406.8
794.1 786.3 759.1 725.9 703 684.6 670.7 653.8 633.4 618.6 606.7 594.4 579.6 569.4 563 559 552.2 546.3 545.1 539.4 535.3 530.3 524 517.7 512.4 510.9 511.7 514.6 515.9 514.5 513.5 509.5 505.2 500.8 494.4 489.6 483.5 472.7 466.3 458.8 453.7 449.3 445.5 439.4 435.3 429.2 422.7 418.1 414.1 414.3 413.7 406.2 403.9 403.6 398.8 395.4 394.1 393.3 392.3 396.3 394.2 392.2 392 394.4 390.3 388.9 389.8 390.7 391.7 393.4 395.3 396.8 398.4 400.1 401.8 402.8 403.7 404.8
