app/static/ascii/NN37.asc
ncols 200
nrows 200
xllcorner 230000
yllcorner 770000
cellsize 50
[rows 105 to 139 of 200, columns 0 to 77 of 200]
454.5 457.4 461.1 461 459.1 460.1 469 478 478.9 482.1 488.1 500.6 514.4 531.2 549.4 564.5 581.8 589.6 596.5 611.7 623.9 633.1 645.9 654.6 666.5 675.6 682.5 691.6 706.4 722.2 739.1 751 764.5 783.4 793 803.6 811.4 818.7 827.4 834.2 843 853.2 867.2 880.2 889.9 897.8 905.7 910 911.3 907.6 875.3 849.4 819.9 790.8 775.7 770.3 764.6 750.1 739.2 729.2 702.1 663.2 639.1 605.4 590.3 584.7 580.8 554.5 538.5 483.4 450.7 414.8 381.6 345.9 314.2 298.8 279.9 260.7
462.4 469.9 472.6 471.6 469.5 468.2 475.4 484 491.3 496.8 504.8 517.8 534.9 551.1 566.1 578.1 594.1 608.8 624.6 635.5 647.7 658.2 671.7 679.4 686.8 692.2 703.1 721.2 735.4 750.3 767.1 779.4 786.5 796.8 803.4 812 823 831.7 840.6 849.6 858.9 867.9 877.3 887.8 897.6 904.6 911.2 919.4 924.3 923.9 892.4 860.9 828.4 788.9 769.4 767.8 770.4 752.6 741 721.5 703.3 666.4 644 600.3 583 573.1 557 528.8 501.9 468.7 434.2 412.4 382.3 351.8 320.9 294.7 277.3 264.1
470.9 478.3 484.7 488.8 484.8 483.8 481 496.6 508.4 515.3 528.1 543.9 562.4 581.8 593.1 601.8 612.3 625.1 641.4 649 667.7 676.6 694.2 705.3 712.6 720.3 734.4 748.9 765.9 779.8 790.8 796.6 799.8 805.3 814.4 823.8 834.2 843.1 852.8 864.4 872.4 878.7 885.9 895 903.5 909.9 921 929.7 939 940.8 912.6 871.1 837.1 801.9 772 763.1 762.1 751.2 742.4 731.9 708.6 667.9 633.5 595.8 574.6 554.4 539.2 519.9 489.8 459.6 438.3 418.9 396.9 336.4 317.3 291.3 277.7 266.2
477.4 484.8 495.1 504 504.6 503.2 499.7 500.9 525.5 539.2 553.1 572 587.9 603.2 611.2 623.1 627.3 637.3 650.9 661.5 681.8 694.4 708.9 716.3 726.9 741.5 757.3 770.7 779 786.3 793.3 800.3 810 817.2 824.9 832.4 841.8 850.5 860 870 879.9 887.9 894.9 902.6 911.2 920.4 931.6 942.9 951.3 951.3 923.6 881.2 851.6 813.3 778.5 765.7 758.9 756.4 752.5 735.8 709.6 670 637.4 610.7 576.2 551 537.8 520.5 499.4 480.5 450.1 426 384.2 337.6 313.6 297.6 277.5 254.6
484.9 494.7 505.2 512.1 514.4 520.2 520.4 523.7 535.1 553.3 567.9 581.5 595.6 609.1 620 627.8 635 646 658.7 672.1 688.7 702.2 711.5 724.5 739.6 754 767.2 778.6 784.6 789.8 797.3 806.7 816.3 826.4 833.4 839.4 848.9 857.3 865.2 877.3 887.9 895.9 903 910.9 920.5 931.3 943.2 953.3 958.8 958.9 940.9 907.6 863 822.9 791.4 775.5 772.9 762.2 754.1 738.5 714.2 679.8 649.9 613 577 553.8 537.7 530.8 514.7 488.2 456.3 416.9 383 335.7 317 295.5 269.3 236.7
497.2 508 520.1 523.4 527.2 528.7 532.7 547 558.1 562 572.8 587.9 600.8 612.7 623.2 631.8 641.2 654 668.4 678 695.2 704.6 716.7 732.3 746.5 759.8 772.5 782.5 787.8 796 803.7 812.4 822.9 837.2 848.9 853.7 856.8 864.5 873.7 884.3 894.4 903.2 911.6 918.6 929.6 941.7 952.8 960.9 965.7 968.5 954.9 916 866.2 832 809.2 786 779.5 766.1 755.5 741.3 711.7 687.6 647.4 609.8 587.9 559 536.7 531.8 515.5 488.2 453.3 414.2 365.5 330.7 315.2 288.2 272 236.7
528.4 536.7 539.7 543.1 551.7 549.7 550.5 560.7 566.2 575.9 586.7 595.6 605.2 615.3 624.6 634.1 645.1 661.7 678 685.8 698 708.4 720.6 734.2 750.1 760.7 770.3 781.1 791.7 803 812.7 821.8 836.8 847 855.4 861.8 866 872.5 879.4 890.6 900.2 911 921.7 927.4 938.7 950.4 960.4 968.1 973.5 976.5 951.9 914.5 884.9 859.7 827.9 793.1 776.6 762.6 755.7 733.4 710.1 682.8 645 616.8 588.6 554.4 535.4 526 506.2 485.8 446.1 388.3 354.3 327.9 311.1 288.4 268.3 236.7
550 555.5 561.7 580.6 585 582.2 572.4 574.5 584 593.2 600.4 606.4 608.3 621 628.1 638.6 651.1 665.7 680.1 689 703.6 713.8 726.1 740 753.2 768.1 779.3 790.5 806.9 825.4 838.1 845.2 851.7 859.8 861.7 869.7 877.1 878.2 885.3 897.8 908.7 919 927.6 936.3 946.9 957.2 966.3 973 978.1 970 938.7 910.1 887.7 853.7 821.7 789.5 771 758.4 739.2 721 699.2 671.3 640.2 615.5 580.6 547.7 528.8 515 504.7 469.7 417.6 386.4 351.8 325.6 303.3 280.4 257 236.7
557.3 569.9 581 586.1 592.4 601.5 603 601.6 614.5 624.3 619.6 619.6 616.6 624.8 633.6 647.3 660.2 673.8 685 694.1 706.9 719.6 731.2 743.3 761.7 776.2 789.1 804.8 824.1 840.3 853.8 862.9 878.9 882.1 884.8 891.2 892.7 886 894.6 907 915.8 921.6 929.6 942.6 952.9 963.8 972.2 973.8 970.8 948.1 917.9 892.9 867 839.2 805.7 776.8 767.1 745.7 725.2 703.7 679.9 650.5 629.3 600.6 566.3 541.1 522.8 510.7 498.5 453.1 425.6 382 359 323.6 292.6 264 236.7 236.7
573 587 598.1 606.5 612.2 621.4 628.3 627.9 634.9 640.7 636.6 634.5 628.7 630.8 640.2 653.8 666.7 678.6 690.5 699.4 710.1 723.3 736.8 748.8 767 785.8 803.1 822.4 842.1 855.8 871 883.7 892.1 893.1 899.2 910.5 907.8 903.4 908.5 914.9 918.4 924.5 936.8 950.5 962.8 976.3 981.3 967.3 942 916.4 886.3 863.6 840.7 816.6 787.8 771.7 753.6 730.5 707.1 685.2 660 635 612.2 587.3 563.5 533.6 513.2 499 488.6 454.7 419.6 381.8 357.4 316.6 281.2 245.1 236.7 236.7
590.5 607.9 623.3 629.6 634.8 649.6 654.4 651.1 649 654.3 651.2 648.4 641.1 639.3 647.3 657.1 669.2 683 695.9 704.3 715.6 729.3 744.7 758.8 779.7 799.7 821.9 843.2 861.8 876.6 889.3 896.8 903.2 908.4 919.7 927.2 921.8 920.5 923.2 927.9 928.7 937.3 949.1 961.2 975.2 981.9 965.7 939.5 912.8 889.1 857.6 835.9 820.2 798.6 781 758.3 733.9 710.5 688.4 668.2 644 625.6 605.9 584.7 552.9 524.9 501.5 493.2 475.2 441.4 407.3 385.5 349.1 311 274.4 236.7 236.7 236.7
616.1 632.8 640.7 655.9 668.4 674.4 676.1 672 665.3 666.3 662.9 658.1 651.6 646.4 653.3 661.1 672.1 686 699.8 710 723.5 739 753.7 770.5 792.6 815.8 839.4 866.4 886.5 897.3 905 910.6 917.9 928.5 941.7 943.1 938.9 935.1 936.8 941.1 941.7 950.9 960.9 972.5 983.2 956.5 932.1 912.5 891 862.4 836.4 827.6 807.1 781.3 760.6 737.4 715 696.2 673.9 653.2 631.4 615.6 592.9 563.4 539.5 513 493.9 472.6 456.1 426.7 403.7 370.6 332.2 292.8 268.7 236.7 236.7 236.7
633.5 650.8 667.5 679.6 693.9 702.5 710.3 694.5 682.5 676.5 672.5 664.8 658.9 653 657.2 665.2 676.5 690.4 704.3 717.4 729.1 746.1 763 782.6 806 836.2 865.3 884.7 902.8 915.5 924.2 930.9 937.7 954.4 959.8 958.3 954.1 951.1 949.8 951.9 952.7 960.6 970.4 979.8 981.4 938.1 912.1 894.4 879.6 844.7 831.6 818.2 787.3 770.8 748.2 721.5 705.1 685.4 663.5 641.5 620.1 596.2 571.5 549.4 526.5 500.8 487.1 464.3 444.6 428.2 385.2 346 312.3 285.4 260.9 236.7 236.7 236.7
647.3 670.2 686.6 704.3 721.4 736.4 736.3 727.2 717.4 693.9 680.5 672.2 665.5 659.9 660.7 670.1 681.2 694.9 709.7 723.9 734.4 749.5 774 797.4 826.1 857.5 885.7 905.9 918.5 934.7 942.3 953.7 966.3 972.6 974 972.6 968.3 965 962.3 962 962.6 969 976.2 985.7 983.8 938 905 879.8 860.7 835 823.2 811.6 782.9 766.1 735.5 715.1 693.9 671.3 651.8 629.9 606.1 583.3 557.7 534.3 513 487.9 477.9 460.2 436.3 404.6 365.1 330.6 303.5 273.9 251.6 236.7 236.7 236.7
663.9 688.3 707.5 726.2 742.4 754.7 767.7 767.7 753.2 714.4 687.9 680.2 673.1 668.2 667.8 675.3 686.5 700.7 715.6 727.7 736.4 752.7 782.6 813 844.5 876.1 902 921.1 932.6 935.8 950.6 963.3 976.6 982.4 987 986.3 981.4 978.3 975.2 973 974.9 982.1 989.6 989.8 972.6 939.5 899.7 870.8 854.3 834.2 817.9 800.4 776.3 760.1 733.6 709.7 681 662.5 639.3 620.1 595.5 565.5 540.9 522.7 498.4 476.2 468.2 449.4 416.6 382 345.7 317.4 289.4 269 237.7 236.7 236.7 236.7
685.8 707.9 726.9 745.7 756.8 772.1 778.9 782.4 766.6 733.9 693.9 689 682.5 676.8 677.8 678.6 689.2 704.4 718.2 729.5 739.4 760.9 793.1 826.1 859.1 889.5 914 934.1 944.4 952.2 961.3 970.6 981.5 992.1 997.7 998 994.6 990.6 986.1 985.6 991.1 996.5 998.2 995 968.6 938.3 892.5 864.5 846.4 828.9 815.5 793.1 772.6 755.5 724 694.1 668.5 651.6 629.6 604.3 580.4 552.9 528.2 510.8 483.8 465.5 455.5 428.5 393.1 366.9 338.6 312.2 280.8 261.8 236.7 236.7 236.7 236.7
710.9 728.7 741.3 754.4 768.2 785.5 789.2 798.3 790.2 747.1 704.6 697.8 694.3 688.2 689.2 688.2 694.9 705.7 719.8 734 746.8 768.8 801.7 835.4 867.9 899.2 923.6 941.9 957.7 965.3 973.2 983.2 995.2 1004.7 1009.5 1010.5 1007.2 1002.7 999.7 1000.8 1004.1 1005.3 1003.7 999.1 974.2 939.8 898 866.6 852.6 835.7 820.3 799.2 767.7 738.7 713.9 684.5 661 641 615.4 588.7 561.8 539.9 521.6 501.7 475.7 459.3 442.9 405.9 382.2 354.9 337.3 296.6 267.8 236.7 236.7 236.7 236.7 236.7
720.5 734.3 748.8 765.7 784.5 797.1 804.4 807.4 796.4 758.7 718.7 709.5 705.4 699.2 699.8 700.7 698.5 710.2 724.2 739.5 754.3 774.2 803.5 836.7 871.9 909.8 932 953.4 967.4 982.1 990 1000.5 1013 1020.2 1023.4 1022.6 1019.5 1016.5 1016.9 1014.2 1010.9 1009.1 1005 997.3 982.6 944.8 907.3 882.6 867.3 850.9 824 786 757.1 728.6 706.6 677 653 631.1 603.2 574.4 549.5 530.5 514.4 489.8 470.3 453 434.1 402 375.4 350.1 318.1 284.4 259 236.7 236.7 236.7 236.7 236.7
726.8 749.5 766.2 778.7 795.9 808.9 824.6 823.7 814.2 787.6 746.1 721.2 714.4 712.4 711.6 712.1 711.4 715.6 730.3 747.7 763.8 780.2 805.5 839.3 876.5 903.2 924.3 950.7 975.3 995.9 1009.4 1021.6 1030.7 1038.1 1039.6 1037.1 1035.1 1032.5 1028.1 1023.3 1013.7 1006.7 993.9 989.6 978.4 957 921.7 897.9 877.7 848.5 810.7 778.3 760.6 736.5 702.5 665.9 640.7 618.1 589.9 566.1 542.6 526 504 480.5 461.2 446.4 429.3 400.9 374.9 335.3 311.6 286.8 259.4 236.7 236.7 236.7 236.7 236.7
748.3 767 779.9 790.7 805.6 823.2 839.1 842.5 832.1 808.2 760.4 735.3 738.8 727.1 722.3 721.8 721.2 725.5 738.6 755 772.2 788.4 811.3 840.9 873.3 898.1 922.8 952.4 980.8 1007.4 1031.5 1043.5 1050.9 1055.9 1057.4 1056.3 1048 1042.7 1031.8 1010 988.8 982.5 981.8 969 958.3 946.4 920.6 899.8 875.1 844.9 809.6 791.6 778.6 745 702 665.2 633.1 607.5 577.8 557 539.6 521.8 497 470.4 450.7 441 421.8 385.3 354.9 325.8 302.9 286 262.1 236.7 236.7 236.7 236.7 236.7
758.8 774.7 789.5 801 814.2 836.6 846.2 856.5 854.7 818.1 799.9 775.1 752.4 755.5 744.2 737.1 730.4 733.8 747.9 764.8 780.1 792.6 812.9 839 871.6 903.5 937.1 969.2 997.5 1023.1 1048.2 1062.9 1073.6 1079.2 1079.6 1075.4 1061.2 1041.8 1005.4 977.3 955.6 953 945.5 938.6 931.7 920.7 905.8 886.9 864 842.5 815 797.9 778.8 740.6 701.7 666.1 624.3 595.9 575.6 553.5 538.9 516.1 489.2 463.1 441 429.3 401.8 372 346.4 321.1 298.5 288.5 264.7 236.7 236.7 236.7 236.7 236.7
766 784.3 797 809.3 823.1 837.4 850.4 861.4 861.4 844.3 822.1 821.7 798.9 761.3 753.6 742.6 741.1 750.5 760.6 771.9 785.9 802 814.2 837.6 873.8 912 950.7 982.2 1011 1039.8 1065.3 1081.4 1092.9 1099.3 1097.5 1085.4 1042.6 1006.8 965.7 938.3 919.7 909.5 903.9 903.7 898.2 887.9 869.3 854 840.4 827.3 808.1 787.5 760.7 728.2 691 656.9 616.9 593.4 572.7 551.4 532.7 507.8 480.6 454.3 431.3 414.7 390.1 365.8 351 326.9 302.2 283.2 254 236.7 236.7 236.7 236.7 236.7
775.3 791.6 803.6 813.3 824.6 836.3 850 854.7 861.8 862.1 864.7 839.7 820 790.3 769.2 763.5 760.8 763.8 771.2 777.8 796 809.8 818.3 841.7 877.4 919.6 960.6 993.3 1026.3 1059.1 1086 1101 1105.5 1106.4 1096.9 1057.3 1006.1 968.1 935.8 908.5 886.3 873.4 869.1 866.9 867.1 854.4 829.1 807.4 796.9 794.4 784.3 764.4 734.4 713.2 676.5 650.1 611.3 590.4 566.6 542.9 521.6 496.7 469.3 444.1 422.9 407.2 387.8 368.3 352.6 328.8 303 275 236.7 236.7 236.7 236.7 236.7 236.7
777.3 795.1 803.5 813.5 825.6 836.1 840.9 851.5 861.2 872.7 878 855.2 827.7 822 789.2 773.1 781 775.7 777.3 787.5 802.9 813.8 824.4 846.6 878.8 920 963.7 1001.7 1038.9 1074.1 1093.1 1098.2 1097.9 1094.2 1079.7 1036.1 991.3 945.7 909.4 885.2 861.4 842.2 838.2 826.7 824.1 818.8 794.1 782.3 766.4 753.1 742.4 736.9 719 687.3 661 632.9 603.4 577.9 551.5 528.6 506.3 480.7 457.6 432.8 418.1 402.2 386.2 369.6 356.8 325.4 285.6 259 236.7 236.7 236.7 236.7 236.7 236.7
772.2 788.8 799.3 811.4 819.9 828.9 840.1 851.7 865.1 874.2 882.1 874.8 852.7 831.2 824.4 798.9 804.7 791.4 795.8 805.9 809.5 814.2 831 852.6 881 915.1 953.7 996.7 1037.2 1069 1079.6 1081.5 1080.1 1075.9 1068.8 1030.2 984.8 943.6 906.7 870.5 843.4 823.6 805.4 791.9 784.2 779.2 760.7 748.2 742.9 724.1 702.6 697.9 696.4 664.7 647.3 614.6 591.6 558.7 537.4 512.4 491.9 468.6 446.7 423.4 409.5 399.9 391.4 376.9 345.5 313.3 268.4 236.7 236.7 236.7 236.7 236.7 236.7 236.7
767.5 780.8 792 804.7 816.4 828.6 843.1 855 867.2 881.4 890.7 895.3 885.8 867 831.6 817.9 816.9 819.4 826.2 829 817.6 818.4 839.3 857.7 884.8 918 955 997 1040.8 1057.1 1061.9 1062.7 1062 1060.7 1055.1 1040.8 1017.1 985.1 930 878.4 830.3 808.8 786.9 768.9 747.9 740.3 732.6 731.5 721.4 703.2 677.8 668.9 665 654.5 623.7 599.4 571.3 541.7 519.3 496.2 475.4 455 432.3 417 409.8 399 386.5 367.8 330.4 294.2 257.4 236.7 236.7 236.7 236.7 236.7 236.7 236.7
764.9 775.6 790.2 808.5 820.9 834.8 846.9 860.8 873.7 883.2 906.5 919.2 914.4 886.8 867.6 845.4 845.7 848.4 852.3 840.3 825 825.5 844.2 862.6 888.2 920.5 956 998.2 1035.2 1039.9 1040.8 1041.4 1043.3 1043.3 1039.5 1032.1 1024.2 1002.8 979.9 914.6 839.2 796.8 770.8 747.6 718.9 700.3 695.3 697.3 693 680.3 662.5 650.5 635.6 622.4 600 576.7 545.8 519.3 499.6 480.9 458.3 438.3 418.5 411.6 413.2 400.5 375.6 346.3 313.6 281.6 246.2 236.7 236.7 236.7 236.7 236.7 236.7 236.7
762.5 774.3 795.6 812.2 825.7 839.5 853.6 866.2 879.1 901.8 921 931.6 938.9 904.8 892.3 877.1 869.6 871.1 866.8 852.2 839.1 839.8 850.5 863.8 892.7 926 962.4 1008.9 1017.5 1019.2 1020.1 1024.4 1026.2 1026 1021.1 1018.1 1012.9 1006 989.3 940.2 873.1 806.6 782.7 754.1 711.7 680.5 663.1 654 657.3 657.7 639.3 625.4 609.6 579.2 557.5 538.5 515 497.6 482.6 460.8 439.2 420.7 409.5 404.2 405.8 387.7 359 322.5 294.5 269.7 236.7 236.7 236.7 236.7 236.7 236.7 236.7 236.7
760.2 784.4 800.2 813.6 829.4 845.7 862.5 881.2 892.6 908.5 922.6 942.5 954.8 941.6 930.3 925 901.6 899.4 889.6 873 862.9 858.6 865.6 879.2 900.2 933.6 981.2 997.5 998.6 999 1002.8 1005.8 1005.8 1006.6 1005.4 1002 1000.7 992.9 980.5 950.6 904.2 842.7 816.7 793.6 724.5 674.9 655.5 640.3 632.4 629.6 619.5 605.2 582.2 559.4 535.4 509 493.6 481.9 462.2 441.2 426.6 411.9 400.7 395.7 389.2 371.9 337.9 307.8 282 247.8 236.7 236.7 236.7 236.7 236.7 236.7 236.7 236.7
766 787.6 802.5 817.4 835.7 853.8 873.5 882.1 891.3 909.1 932.8 959.4 982.3 989.8 979.9 971.5 948.7 929.2 916.6 903.1 890.8 884.2 895 907.7 923.8 957.1 980.6 979.3 978.5 982.8 985.7 986 988.1 990.5 988.5 988 984.5 972.9 963.8 947.6 924.7 877.1 826.3 784.1 739.9 694.9 667.8 637.5 622.3 611.3 598 584.8 564.5 547 527.3 500.5 477.7 459.8 441.2 428.6 415.5 402.7 393.8 384.9 372.4 348.2 319.5 294.9 271.1 236.7 236.7 236.7 236.7 236.7 236.7 236.7 236.7 236.7
773.7 790.4 806.7 827.2 844.4 860.4 868 872.9 894.2 918.2 949.3 980.9 1015.2 1036.3 1031.8 1016 972.8 962.2 948.6 930.8 916.4 913.6 925 939.7 955.7 964.8 965.8 962 962.8 965.1 966.1 969.4 971.6 972.6 976.5 972.2 962.8 956.7 948.6 932.6 907.9 876.9 846.2 826.9 805.5 751.3 684.6 629.8 607.1 597.3 582.7 560.5 543.8 532.7 514.2 484.7 461.3 439 427.3 418.3 405.8 395.2 385.9 373.4 353.5 329.2 301.5 277.4 248 236.7 236.7 236.7 236.7 236.7 236.7 236.7 236.7 236.7
777.8 793.7 814 839.1 850.3 857.4 860.8 880.3 903.2 937.8 970.3 1000.6 1032.1 1057.2 1072.4 1044.9 1029.9 1003 970.7 949.5 936 937.9 953.2 969.4 966.6 959.2 952.5 949.5 947.6 947.7 950.2 951.9 953.1 957.7 957.7 951.2 946.5 946.1 924.8 902.9 882.8 860.8 851.7 846.9 807 754.5 687.6 632.8 605.5 595.8 573.4 551.1 518.6 508 490.5 464.9 447 430.4 417.2 407.7 396.8 387.5 374.4 361.6 338.4 321.8 291.3 263.1 236.7 236.7 236.7 236.7 236.7 236.7 236.7 236.7 236.7 236.7
780.3 798.2 826.1 841.4 850.1 851.8 862.3 887.5 925.1 956.8 986.3 1015.5 1046 1069.2 1089.6 1090.3 1067.3 1047.9 1004.6 978 967.6 972.9 985.3 979.3 965.5 952 940.9 934.7 932.5 931.5 932 933.7 937.2 939.1 937.5 934.5 935.1 932.9 902.3 880.5 865 854.4 846.2 839.3 809.9 756.8 692.8 642.8 617 599.6 568.8 545.3 526.3 506.8 482.6 456 434.2 426.8 411.2 397.2 388.1 372.1 362.5 348.8 329.8 304.2 278.6 252 236.7 236.7 236.7 236.7 236.7 236.7 236.7 236.7 236.7 236.7
783.9 808.1 825.6 839.2 843 848.1 868.1 908.9 941.6 971.7 997.8 1026.9 1051.6 1072.6 1093.1 1109.6 1110.7 1074.6 1035.6 1009.3 1000.3 998 990 974.8 957.7 940.8 929.9 921 918.3 914.4 914.9 918.6 920.4 920 920.5 922.7 922.7 906.7 883 870.5 857 841.6 836.8 829.3 810.4 763.2 703.6 660.4 633.5 605.6 583 554.5 526.5 504.2 477.7 452.4 430.1 411.3 405.3 391.7 374.1 367.1 351.1 335.4 319.3 296.7 270.3 236.7 236.7 236.7 236.7 236.7 236.7 236.7 236.7 236.7 236.7 236.7
789.2 808.3 824.8 834.6 837.4 858.2 889.9 919.7 950.4 976.7 1008 1032.9 1053.6 1072.8 1092.6 1111.2 1101.1 1077 1051 1024.6 1006.3 992.6 980.4 967.6 948.5 936.7 921.7 910.6 903.9 900.6 901.1 902.4 902.9 902 909.6 905.4 899.2 883.1 868.9 854 838.4 824.9 821.8 817.6 805.7 780.9 717.7 674 650.6 626.7 604.7 573.3 531.2 502.9 472.7 447.9 429.1 411.8 394.4 375.9 365.5 345.6 339.8 322 299.2 284.7 258.9 236.7 236.7 236.7 236.7 236.7 236.7 236.7 236.7 236.7 236.7 236.7
