app/static/ascii/NN38.asc
ncols 200
nrows 200
xllcorner 230000
yllcorner 780000
cellsize 50
[rows 140 to 174 of 200, columns 78 to 155 of 200]
350.1 345.5 343.2 341.7 342 337 329.8 329 327.3 325.5 324.4 322.4 320 319.6 320 319.7 319.4 318.8 317 317.3 318 316.2 317 317.8 321.8 321.8 321.4 324.8 328.1 332.9 335.2 336.9 338.5 340.7 343.1 345.4 347.1 349.6 352.8 356.2 359.3 362.1 364.6 365.9 366.3 367.6 371.2 374.5 378.1 378.2 372.6 368.2 360.9 375.6 385.8 395.8 407.5 422.4 435 453.6 470 485.1 500.1 517.9 532.6 543.5 558.2 561.2 564.7 567.4 578.5 588.5 589.6 589.3 577.3 568.3 563.9 559
357.7 351.9 350.6 349.7 349.4 345.7 343.8 344.5 341.3 338.6 339.7 335.9 335.3 332.7 330.7 330 328.7 325.4 322.8 321.4 320 317.9 316 315.3 317 318.6 318.8 319.7 321.8 326.6 329.3 331.2 332.3 335.2 337.8 340.1 341.7 345.1 347.4 349.6 352.7 356.1 358.3 358.9 358.5 361.5 366.1 369.5 370.8 369.8 368.3 362.5 359.5 372.4 382.7 392.7 404.6 421.7 438.3 458.3 471.1 484.5 498.9 515.7 530.7 540.4 550.3 559.4 553.2 557.6 572 569.7 568.8 572.5 567.1 548.3 554.3 545.5
364.7 361.6 359.8 360.4 359.3 357.3 357.8 355 352.5 350.4 348.8 348.4 346.7 344.1 342.7 341.1 337.2 333.4 331 327.8 326.3 324.2 322.2 319.7 317.3 315.5 316.3 317.6 319.3 321.2 321.3 324 326.3 329.5 332.5 334.5 336.5 340 343.5 345.3 347.5 350.8 352.5 353.7 352.1 356.5 360.6 363 363.9 362.9 361.3 356.7 362.6 373.4 380.4 392.2 405 421.4 439.6 454.5 465.6 477.9 492.3 507.5 525 537.1 536.3 532.2 535.6 544.4 548.5 554.6 554.2 551.6 542 532.4 535.9 524.6
372.6 371.4 370.9 370.1 369.7 368.2 369.2 364.9 362.3 361.7 360.5 358.8 357.1 355.6 353.4 350 346.6 342.2 340.1 336.7 333.3 331.1 329 325.6 321.4 318.4 316.9 315.2 317.5 317.8 318.4 319.5 320.8 323.9 327.1 329.2 331.4 334.9 338.4 341.4 343.7 346.2 347.6 348.2 346.6 348.7 353.5 356.7 356.7 355.9 354.2 349.3 362.5 370.1 382.7 393.6 404.8 420.4 436.3 448.1 459.2 471.8 487.1 497.4 504.6 508.8 510.9 513 516.2 525.4 536 537.2 533.9 518.8 518.3 508.9 510.5 501.1
381.3 381.8 380.8 379.8 377.6 375.5 375 371.5 369.4 369.1 370.5 367.4 367.2 365.3 362.1 358.6 355.2 353.7 349.4 344.9 341.9 338.1 335.4 331.8 327.6 321.9 318.9 317.5 317.4 317.9 315.7 317.1 318.8 320.6 322.3 323.8 326.3 329.8 333 336.2 339.6 342.4 342.6 342.8 342.2 341.3 344.4 347.9 348.6 350.2 351 345.1 359.5 370.1 380.7 391 402.5 421 434.4 444.8 458.7 466.8 474.7 486 490.2 494 487.9 492.3 501.6 509.5 508.4 505.4 497.2 489.6 485.9 488.7 487.3 489.6
390.9 390.6 390.5 387.9 385 383 382.4 381.7 380.9 379.7 378.7 375.8 374.5 373 370 367 364 360 355.7 351.4 347.1 344 341.8 338 332.7 328.1 324.2 322.6 319.2 318.8 315.3 314.9 315.8 317.5 319 319.8 320.8 324 327.1 330.4 333.7 336.1 336.4 337.8 339 339.6 339.8 341 342.7 345 341.2 345.2 359.7 368.6 378.4 386.8 396.9 415 430.1 442.1 457.3 457 463.4 476.8 479.2 469.3 465 471.1 483.1 478.7 473.5 474.9 472.4 465.9 462.6 470.2 467.3 469
399.5 398.6 396.8 395.3 393.4 391.1 391 391.2 390.6 387.7 386.5 384.9 383.3 381.4 378.6 375.8 372.8 369 364.6 360 355.1 350.8 348.4 344.1 339.7 335.2 331.7 329.3 325.9 322.5 319.6 316.7 314.4 314.8 316.4 317.3 318.6 320 322.6 325 327.9 330.4 332.3 334.2 335.4 336.3 338.4 338.2 339.2 339.2 339.6 350 359 366.6 375.3 382.3 391 400.7 415.3 427.7 437.8 446.3 452.8 451.6 450.9 449.3 448.9 448.6 453.7 452.1 451.4 453.7 451.2 444.6 447.7 447.9 450.8 447.1
405.5 403.7 402 401.6 399.8 397.9 397.6 397.6 397.4 395.4 395.2 393.9 392.1 390.1 387.6 384.6 381.8 378.2 373.3 368.4 363.5 358.4 356 351.6 346.7 343.4 339.9 335.9 332.4 329 325.9 321.9 317.1 315.1 314.1 315.5 316.7 317.8 320.3 322 323.6 325.8 328.1 330.5 332.1 333.1 334.1 333.9 333.6 329.5 339 348.1 356.2 362.8 370.1 377 384.2 393.2 403.3 413.4 422.7 431 435.4 436.2 441 443 441.6 443.2 444.1 439.2 434.2 431.3 428.8 427.2 428.8 431.4 431.9 426.6
410.3 408.8 407.4 408 405.6 404.4 404 403.9 404.3 403.8 403.5 402.7 400.7 399 397.5 394.2 392.3 389.1 383.1 377.7 372.1 368.2 364.9 358.5 354 351 346.9 342.5 338.8 335 331.1 327 322.1 317.7 315.4 314 315.3 315.1 317.6 318.1 319.2 321.8 323.1 325.1 327 328.4 329.8 330.6 329.9 329.9 335.7 342.8 349 355.3 362.9 369.9 375.6 383.2 392.9 401.7 410.4 417.7 422.9 425.1 432.3 439.8 433.8 432.2 431.3 426.5 421.5 418 417.4 415.9 414.7 417 415.1 409.9
413.6 412.9 412.3 413.6 411.2 411.1 410.8 410.5 411.4 411.3 411.6 410.5 409.8 408.8 407.9 405.2 402.8 400.1 395.2 389 383.5 377.2 371.5 366 361.2 357.5 353.9 350.1 346.1 341.2 336.9 331.8 325.4 320 317.4 314.9 313.5 313 312.8 312.7 315.5 319.7 320.3 320.9 321.5 322.9 323.4 322.9 325 328.1 332.9 337.3 341.3 347.6 354.4 359.3 365.4 371.7 380.4 389.7 396.8 406.6 415 414.2 416.8 418.8 418.7 412 410.3 407.8 405.9 405.9 405.9 405.3 404.4 405.3 409.1 408.6
416.5 416.3 416.9 418.4 417.7 418 417.9 417.6 418 418.8 421 420.2 420 418.9 417.8 416.7 414.6 412.4 409.7 403.3 396.2 389.2 380.1 372.6 367.2 363.8 361 357.6 352.7 347.3 342 336.7 330.6 325.3 321 318.1 316.3 314.3 315.3 314.5 313.2 317.2 317.6 318 318.3 318.6 319 319.6 320.8 324.1 329.2 331.9 334.2 338.1 342.9 349.2 354.6 360.8 367 374.4 381.7 389 394.8 397.8 401.4 400.6 399.5 397.9 396.7 395.4 395.8 395.6 395.4 396.2 398.7 401.1 403.8 402
419.3 419.3 420.9 423 424.4 424.7 424.7 425 425.9 427.6 430.9 430.1 428.8 429.5 431.1 431.2 430.6 427.9 424.3 419.2 412.1 400.1 390 381.6 373.9 368.2 364.4 359.9 355.2 350.7 346.6 341.5 335.9 331.3 325.9 321.3 320.5 318.3 317.2 315.8 314.5 313.1 315 315.4 316.4 316.8 317.1 317.5 319.4 320.3 323.4 325.5 326.8 332 336.7 341.8 346.9 352.1 358.1 363.3 368.9 373.2 377.1 383.2 386.7 386.8 386.9 387.1 387.4 389 388.4 388 388 389.3 392.7 395.3 397.1 396.1
422.5 422.7 424.9 427.1 429.6 431.7 431.1 434.6 437.4 439.2 440.9 440 440.6 443.2 445.5 446.7 446.3 444.7 442 431.7 418.5 408 398.5 390.5 380.1 372 365.6 360.1 355.7 353.2 350 344.5 338.5 332.3 327.9 323.7 320.9 318.9 317.3 316.2 315 313.9 312.9 313.7 314.7 315.1 315.2 315.5 317.2 317.5 318.6 320.2 322.6 325.3 330.5 335.3 340.6 344.9 348.6 355.2 359 363.2 367.9 373 378.2 375.8 375.2 376.8 377 379.3 379.8 382.4 383.5 384.1 386.2 388.6 390.8 392
426.4 426.7 429.1 431.4 433.8 436.3 440.1 444.5 448.7 450.2 447.8 449.5 453.4 456.4 459.9 462.4 463.8 462.7 456.6 442.7 427.2 415 405.4 395.7 383.8 375 366.4 361.1 356.2 353.2 350.4 343.8 337.2 331.4 326.9 322.6 320.4 318.4 316.9 315.7 314.6 313.4 313 312.5 313.1 313.4 313.5 313.6 314.4 315.1 314.8 315.8 318.6 320.4 324 328.6 331.6 335.3 338.9 344.2 347.5 351.7 356.8 360 361.1 362.2 363.8 365.7 368.3 371.1 374.3 376.1 377 378.1 380.3 382.5 384.6 388.9
430.3 430.5 433.1 435.7 438.3 443.5 448.5 451.8 454.7 456.4 457.2 460.3 464.1 469.4 471.2 473.3 470.7 467.9 458.8 446 437.2 425.9 411.3 398.5 386.6 375 367.3 360.5 354.5 350.8 346.1 340.3 334.4 328.6 323.8 321.6 319.9 318.1 316.5 315.3 314.2 313.5 313 312.5 312.1 311.9 312 312.1 311.9 312.7 311 312.7 314.3 315.7 316.8 321 324.1 327 329.4 333.4 337.4 340.6 343.4 346.1 349.2 352.2 355.2 358.3 361.4 365.2 367.7 368.9 369.9 371.4 373.4 375.3 375.8 379.3
429.1 432.4 435.9 439.3 443.7 448.8 452.3 457.5 460.3 460 462.6 467.3 470.6 471.9 472.8 475.9 468.5 460.8 453.7 447.4 445.9 433.4 413.1 398.8 386.3 373.9 365.6 357.6 351.9 347 341.5 336.3 331.4 325.8 321.2 319.7 319 317.8 316.2 314.9 314 313.6 313.1 312.8 314.2 311.7 310.6 310.4 310.1 310.4 309.5 309 309.9 309.7 310.8 313.5 316.5 319.5 322.4 323.9 327.3 331.3 334.8 337.1 340.2 343.3 347 350.4 353.8 357.3 359.7 361.9 363.2 364.1 365.7 366.5 366.5 371.1
427.9 432.5 436.2 439.8 445.3 449.9 455.1 459.7 460.6 463.2 466.9 469.1 469.4 471.1 470.8 466 458.9 454 449.4 445.9 437 417.9 403.2 391.6 379.3 369.4 361.1 354.6 349.1 343.8 338.6 334 329.3 324.4 319.8 319.9 319.7 318 316 314.5 314.1 313.6 313.2 314.2 314.3 314.6 314.6 312.9 309 308.7 308.2 308.3 307.8 308.8 309.6 309.2 310.1 312.7 315 318.3 321.3 325.2 328.7 330.7 332.7 334.4 337.4 341.7 345.1 347.2 348.6 350.8 353.9 354.3 355.9 357.1 356.6 359.1
427.6 432.3 436.6 440.3 444.7 449 453.6 458.4 460.4 461.8 464.3 466.1 465.1 464.9 464.9 458.5 456.5 453.2 444.7 434.2 418.8 405.4 393.7 383.5 374 364.9 356.5 350.8 345.6 340.6 335.9 331.2 326.7 322.8 320.5 320.1 320.4 318.4 316 313.7 313.4 313 312.7 313.1 313.4 313.8 313.7 314 313.9 313.1 307.7 307.6 307.2 307.8 308.7 306.4 306.1 307.7 310.8 313.4 316.4 319.3 322.6 324.6 325.8 327 328.9 330.7 334.1 336.3 338 339.7 342.4 342.8 343.1 345.2 344.9 344.9
426.6 430.2 434.1 440.2 442.2 445.9 450.5 455.6 459.7 459.6 460.2 461 460.1 457.2 454.4 452.1 452.3 446.7 431.5 420.8 405.6 394.7 383.7 375.5 367.5 358.8 352.5 347 342.6 338.7 332.8 328.4 324.9 321.9 320.5 320.5 319.3 316.8 314.9 312.1 312.2 311.9 311.7 312.3 312.6 312.8 312.9 313.5 313.3 312.6 310.3 310.3 308.7 306.2 306.7 304.4 303.3 303.8 306.5 308.8 311.1 313.5 316.4 317.4 318.4 319.5 322.9 324.9 327.3 328.7 330.2 330.1 332.6 334.7 335.4 336.2 336.1 336
421.8 425.5 429.3 432.9 436.6 441.8 446.6 449.4 453.1 453.6 452.7 452.6 450.7 447.7 444.8 444.3 440.9 431.4 422.5 411 401.7 391.6 381.4 370.2 361 354.7 349 343.4 339.2 334.5 329.8 326.1 323.4 321.8 321.1 319.1 316.2 314.5 313.5 311 310.7 310.7 310.7 311.3 311.8 312 312.1 312.8 312.8 311.9 309.4 309.5 309.9 309.5 306.8 302.6 301.5 300.3 302.3 304.6 307.3 309.7 309.5 309.9 311.3 313.5 317.4 318.8 320.3 321.7 319.9 322 324.6 327.7 329.6 329.4 330.6 331.6
416.6 420.8 423.8 428.3 432 436.9 440.4 443.4 446.4 447.8 444.6 444.7 442.4 438.5 436.3 435.1 431.8 425.4 417.9 411 401.2 389.9 378 368.7 357.3 350.2 343.9 337.9 333.6 329.2 326.5 324.4 322.9 321.1 318.7 316.2 313.1 312.1 311.2 309.9 309.2 309.2 309.8 310.3 310.9 311.2 311.3 311.9 311.5 309.2 308.4 309.2 309.5 310.3 308.4 304 300.9 300.2 299.4 300.4 302.5 309.1 309.3 307.9 306.4 308.8 309.2 311.5 313 316.4 315.8 316.3 316.6 320 321.9 324.6 327.3 329
409.4 414.5 418.9 422.6 427.1 430.7 434.3 437.7 440.1 438.6 436.7 437.7 435.4 432.6 429.1 428.1 426.4 422.7 413.8 405.7 394 382.6 371.3 362.9 354.5 346 338 332.1 328.5 326.3 324.1 322.1 320.2 317.7 315 312.7 310.8 309.8 308.9 307.9 308.2 308.9 309.6 310.1 310.6 311.1 311.1 310.3 309.6 307.8 307.1 307.1 307.6 309 306.6 303.8 300.4 298.6 297.3 298.8 299.7 303.9 306.2 305 303.9 305.8 307.2 304.2 306.3 311.1 311.4 309.5 310.4 313.6 315.9 319.3 321.6 319.9
400.6 406.6 411 415.7 420.7 424.1 426.5 428.2 430.5 430.1 429.3 430.7 429.5 427.2 425.4 423.2 422.4 420.2 408.8 395.2 384.9 375.1 365.5 356.9 348.3 340.1 332.9 328 325.2 323.6 321.7 319.7 317.7 315.1 311.6 309.4 308.7 307.7 306.8 306 306.3 307.4 308.5 309.5 310.4 311.1 311 310 308.4 306.9 306.1 305.4 306 306.7 304.6 302.2 300.4 296 293.2 295.3 297.3 299 299.8 300.2 301.3 304.1 306.6 301.3 300.5 300.9 301.7 302.5 304.6 307.2 309.9 311.1 313.8 313.1
389.6 395.3 400.5 405.9 411.4 415.2 418.2 420 424.2 423.8 424.1 424.3 423.5 421.9 420.5 416.3 414.8 406.3 395.6 387.4 377.7 368 359.4 350.8 342.1 334.6 328.3 325.2 323.7 322.4 319.5 317 314.2 313.2 310.2 307.5 306.5 305.7 304.7 304.4 304.4 305.5 306.6 308 310.2 312.1 313.2 311.8 310.5 307.9 305.7 304 303.4 304 302.7 300.2 296.3 291.3 290.1 290.1 290.1 291.5 293.3 295 297 301.2 305.5 302.5 300.7 298.6 295.9 296.4 299.1 303.3 302.9 301.8 304.9 305.7
383.2 386.6 390.6 396.1 401.6 406 409.4 413.7 418.1 421.3 420.7 419 419.9 419.4 416.3 409.5 406.2 397.6 389.8 381.8 371.4 361.3 352.4 344.4 337.4 331.7 327.1 323.6 322.4 319.3 315.9 312.2 310.7 309.6 307.7 306.3 304.4 303.6 302.7 302.9 302.9 303.6 304.7 305.7 308 309.4 308.2 309.6 312.3 312.3 308.5 302 300.7 301.4 300.8 299 294.2 291 288.7 290.2 290.2 289.3 289.4 289.8 292 296.2 299.6 302.5 301.8 299.5 292.3 291 293.3 298.5 295.4 295.7 297.7 297.2
374.1 376.4 381.7 387.6 394 398.3 402.6 408.9 413.1 415.6 411.5 413.9 417.7 419.6 419.2 413.6 405.3 395 384.8 373.7 361.3 350.1 340.1 336.8 333.5 330.6 326 322 316.9 312.8 310.7 308.8 307.3 305.9 304.8 302.9 302.7 301.5 301 301.4 301.4 301.7 302.8 303.7 305.7 305.4 304.4 304.3 304.4 304.7 303.4 301.4 299.2 299.5 299.1 297.5 294.2 291 288.2 288.4 288.8 287.3 286.2 287.3 289.1 291.2 294.9 298.4 300.1 299.8 296.2 291.4 287.7 290.8 289.3 288.9 290.3 290.6
365.4 369.1 374.3 380 386.8 391.9 396.9 402.1 404.7 404.3 409.8 414.3 419.4 422.6 421.4 417.1 401.1 385 372.3 359.1 346.8 339.6 333.4 332.6 330.5 327.3 321.5 314 309.2 308.1 306.9 305.5 304 302.5 301.1 299.6 299.2 299.1 299.5 299.9 299.9 299.8 300.8 301.8 302.7 302.5 301.4 300.6 299.7 298.2 297.8 296.5 295.9 297 296.3 296 292.9 290.1 288.2 288.9 287.5 286.5 284 285 286.7 288.4 291.5 294.8 298.5 299.4 296.9 293.1 287.5 283.2 282.4 282.4 283 284.9
354.4 360.3 366.6 373.7 380.3 386.5 392 396.6 399.5 401.6 410.6 414.8 415.8 414.7 409.1 395.3 378.6 363.9 350.6 342.4 335.2 333.2 328.6 327.1 325.8 321.7 316.3 308.1 306 304.7 303.4 302.1 300.6 299.1 297.6 296.3 295.5 294.8 297.2 297.9 298.2 298.3 299.9 300.9 301.6 301.1 300.8 300.6 299.8 300.1 299.7 304.5 300.1 294.5 290.8 291.1 289.6 290.2 287 287 288.1 287.1 284.3 282.5 284.1 285.6 289.5 292.7 297.4 297 293 290.2 286.8 280.1 279.4 280.2 278.9 278.6
345.5 349.8 356.1 364.6 371.7 379.2 384.6 390.2 394.9 401.1 408.9 405 402.9 396.5 384.6 369.7 357.8 343.4 336.7 330.4 329.9 327.4 322.6 321.1 319.1 315 309.7 305.9 302.8 301.5 300.2 298.9 297.5 296.2 294.8 293.5 291.5 290.9 293.8 295.4 296.1 296.6 298.9 300.2 301.2 301.5 301.2 300.7 300.7 303.1 303.8 307.3 306.8 301 296.5 293.7 289.7 289.7 287.6 284 288.6 287.5 284.8 281.2 281.1 283.9 288.9 289.9 293 292.5 289.3 284.3 281.1 279.7 278.6 278.2 277.5 276.9
337.4 342.5 348.9 352.8 359 367.4 374.2 380.5 388.4 392.4 387.8 381 375.4 371.6 356.6 348 341.6 337.3 330.7 330.5 328.9 321.4 318 315.1 312.8 309.3 305.3 301.5 299.6 298.6 297.4 296.5 295.1 293.7 292.2 290.8 290 289.8 290.5 292.7 293.6 295 297.2 299.5 300.6 301.6 301.5 301.3 303.6 307.2 308.1 308.7 307.4 307 302.8 299 296.4 296.2 295.4 289.3 285.4 282.1 280.8 280.4 279.4 279.3 282.6 285.4 289 289.6 285.9 280.7 282.1 280.9 279.8 277.3 272.4 275.6
327.3 333.1 337.1 341.3 347 354.6 360 365.2 366.8 366.4 360.8 354.8 347.3 341.9 340 337.4 331.1 322.2 319.8 319.2 317.2 318.2 316.8 314.6 309 305.5 301.1 299.1 296.5 295.5 294.5 294.1 292.7 291.5 291.3 291 290.6 289.7 289 289.9 290.9 291.8 293.8 296.1 298.2 300.8 301.2 302 304.9 309.1 310.1 310.4 310.1 310.1 306.7 304.1 304.2 304.9 305.4 304.9 302.7 293.3 289.4 283.7 280.6 278.4 277.1 277.8 285.5 284.9 282.4 280.4 281.4 282.8 281.6 276.5 272.4 271.1
311.8 317 323.3 328.3 336.6 342.3 346.4 349.5 346.1 341 335.9 331.7 332 330.4 326 321.3 315.2 312.4 313 313.3 312.9 317.9 319.6 314.7 310.1 306.2 299.6 297.9 293.3 292.2 291 291.7 292.1 292.1 291.9 291.6 291.2 289.7 284.9 285.6 287.8 289.2 290.1 292 293.7 296.5 299.8 300.4 301.7 306.7 309.9 309 308.2 309.6 309.2 308.8 309.7 310.4 311.4 316.2 312.8 305.7 299.2 293.1 287.2 280.1 274.4 271.2 271.4 273.5 278.4 275.6 278.2 282.3 283.7 278.8 269.7 273.2
293.5 299.2 304.4 311.1 317.6 324.4 324.4 322.5 318.2 315.4 313.2 312 312.1 309.3 305.8 302.8 304.3 305.4 306.2 307.3 309.4 311.8 317.2 314.5 310.4 303.5 300.3 299.1 293.3 288.1 287.3 289.4 291.2 291.6 292 290.4 289.5 287.3 279.8 280.8 281.3 285.1 285.6 287.4 289.3 291.5 294.3 294.8 296.5 301.7 305.8 305.6 306.4 308.7 309.6 309.6 310.5 310.8 311.1 318 315 310.6 303.4 296.4 291 285.1 279.8 274.6 271.5 270.7 268.6 269.5 271.6 273.7 271.4 268.5 268.7 267.9
275.4 279.6 285.4 289.1 294.9 299.5 296.7 295.2 294.4 293.1 292.9 293.8 294.4 293.8 293.2 292.8 295 297.8 298.5 300.5 302.2 303.7 307.6 307.1 304.7 302.3 302 299.6 289.2 283.3 282.9 285.4 290.4 291.8 292 290.7 290.8 287.8 281.2 279.2 279.4 279.7 281 282.9 284.8 286.7 288.6 289.8 292 296.1 299.8 300.5 302.4 303.4 306.5 307.6 308 309.2 310.5 308.6 308.2 305.4 299.9 297.3 292.8 289.7 287.7 278.7 270.9 271.1 270.1 267.9 268.1 267.7 266.8 267.7 248.4 248.4
257 261.2 266.6 273 276.9 275.5 276.2 276.5 275.8 276 277.2 278.6 281.2 280.9 281.3 283.6 285.1 286.8 289.2 291.6 293.9 295 299.2 299.8 300 299.9 300.6 293.4 282.2 278.6 279.2 282.3 288 291.1 291.9 292.1 299.7 292.7 286.4 281.4 278.1 275.2 275.9 279.3 281.5 283.5 285.2 285.9 285.8 288.3 291.7 294.3 297.4 298.9 301.1 302.2 300.7 302 302.7 302.4 300 297.7 296.6 294 291.4 291 287.1 277.6 271.5 271.4 270.8 268.9 268.2 267.3 269.4 267.7 266.5 265.3
