app/static/ascii/NN40.asc
ncols 200
nrows 200
xllcorner 240000
yllcorner 700000
cellsize 50
[rows 105 to 139 of 200, columns 0 to 78 of 200]
474.5 477.7 477.2 479.7 488.1 491.3 494.7 501.3 500.2 486.8 481.6 476.7 476.6 480.3 478.4 463.4 449.5 437.8 434.8 436.2 446.2 451.2 448.6 439.8 428.2 413.8 398.9 387.3 370.7 347.5 313.9 287.1 260.2 230.5 202.3 173.3 150.1 129.6 115 104.7 99.7 95.3 89.4 89.4 89.4 89.4 89.4 89.4 89.4 89.4 90.4 89.4 89.4 90.1 94.3 98.7 99.8 101.1 106.4 112.5 125.6 134.2 140.5 148 165.2 182.7 199.4 210.8 227.6 246 266.3 292.6 317.4 346 376.2 407.3 434.4 458.6 482
462.1 475.4 477.4 485.9 493.3 496.4 497.6 503.5 503.1 491.4 481.1 476.7 478.8 486.7 476.4 460.5 454.2 438.6 435.9 444.2 448 454.7 455.3 445 435.6 423.5 417 399.6 378.1 339.9 307.1 288.1 266.8 244.3 219.6 194.5 170.4 149.8 132.9 117.6 106.5 98.4 90.7 89.4 89.4 89.4 89.4 89.4 89.4 89.4 89.4 89.4 89.4 91 93 95.1 97 98.3 100.4 111 120.5 126.4 136.8 150.2 163 176.7 190.6 202.1 222 241.3 262.6 292.9 320.7 349.3 379.4 410.9 440.8 470 492.3
464.6 478 479.3 487.9 492.9 499.2 498.2 503.7 502 495.8 487.4 474 475.7 481.2 467.5 454 445.6 437.8 441.3 451.2 448.7 455.9 454.2 443.8 438 426.9 424 412.1 384.1 345.8 314.5 293.5 273.4 255 233.9 211.9 190.7 170 151.7 132 120.6 107.7 96.3 93.4 89.9 89.4 89.4 89.4 89.4 89.4 89.4 89.4 89.4 91.3 92.9 94.3 95.9 97.7 100.6 107.2 115.7 124.6 136.2 147.1 155.6 164.1 181.4 199.3 217.5 237.5 263.9 295.9 322.5 354.8 387 418 440.4 466 484.2
460 472.2 481.2 486.4 494.3 496 501.6 501.6 503.3 500.7 491.9 474 472.9 475.9 457.1 444.7 440.5 440.1 446.5 454.6 453.7 449.8 449.2 448.4 443.5 433.3 429.2 419.8 405.8 374.7 340.9 313.7 288.9 263.7 244 222.4 204.7 187.1 168.8 151 133.4 116.6 102.1 97.6 94.1 91.1 89.4 89.4 89.4 89.4 89.4 89.4 89.7 91.7 93 94.7 96.1 97.3 99.4 106.3 116 122.1 131.8 140.2 145.5 159.9 177.7 193.3 213.3 234.1 262 294.1 324.4 355.3 385.3 410.7 438.5 456.3 467.2
452.6 472.3 480.3 484.6 494 495.6 498.4 501.7 504.8 502.4 492.7 478.9 467 466.2 453.4 445.1 450.9 445.7 448.2 450.4 450.3 449.7 450.9 449.9 452.2 443.5 435.8 434.7 424.1 396.5 361.9 327.4 301.5 281.2 262.2 242.2 224.8 206.9 188.6 168.2 146.8 125.7 111.1 105.6 100.3 96.3 93.6 89.4 89.4 89.4 89.4 89.4 89.4 90.4 93 95.3 95.7 95.6 96.4 105.8 114.1 118.5 124.5 129.7 144.8 161.1 176.1 190.1 207.5 230.8 262.3 297.3 325 349.2 384.1 409.1 431.9 445.3 462.7
453.1 469.4 478.4 484 495.7 500.6 497.5 496.8 504.4 503.6 496.3 475.9 467.6 461.5 447.5 447 460.7 452.6 450.7 448.8 448.9 449.3 450.2 450.9 452 455 441.7 435.7 425.8 411.5 374.9 332.9 305.6 293 277.2 260.2 243.3 223.4 203.8 181.2 159.5 138.4 117.1 114.1 108.7 101.1 97.7 93.6 89.4 89.4 89.4 89.4 89.4 89.5 94.4 95.8 93.5 93.9 95.5 104.8 111.1 114.5 119.2 131.2 144.1 157.4 170.2 184.5 204.3 231.6 260.8 293.3 317.6 346.4 376.5 402.8 425.7 440.7 449.2
449.5 465.6 471.6 476.3 492.7 500.8 497.2 490.1 496.5 496.9 488.5 473 464.4 453.1 447.9 448.8 455.5 454.6 449.4 448.2 448.7 449 456.5 456.8 455.3 458.5 450.2 433.3 427.5 401.7 369 341.5 318.3 302.5 290.2 274.3 258.7 237.1 216.8 196.2 173.4 150.1 130 125.6 119.3 109.9 103.6 98.9 96.5 89.4 89.4 89.4 89.4 91.3 95 94.8 93 92.3 95.5 102.2 106.4 110.9 118.3 127.2 137.6 147.3 166.1 186.4 205.6 232.4 257.2 286.7 322.5 350.3 372.5 393.2 406.9 416.3 418.2
439.1 454.3 463 470.9 486.2 495.4 500.2 488.2 483.9 474.4 467.6 460.9 460.9 462.2 457.1 453.3 448.1 449.3 447 448.5 450 459.8 458.5 466.8 460.2 460.5 456.2 443.5 424.4 410.8 393.1 367.4 341.6 320 308.8 292.5 273.6 252 230.6 208.1 185.1 164.1 148.2 137.4 128.8 119.6 110.5 101.5 97.9 89.4 89.4 89.4 89.4 89.4 90.4 89.4 89.4 91.9 95.3 97.8 102 105.7 112.3 117.9 125.8 144.8 165.9 185.5 206.3 236.8 265.4 295 320.4 335.7 351.7 372.5 385.9 386.9 382.9
423.3 439 447.6 460.9 475.7 486.1 494.5 485.4 468.3 472.1 460.6 458.1 460 466.2 464.1 457.7 451.3 445.5 449 449.5 459.3 468.8 466.1 465 462.4 467.5 463.6 455.8 448.1 427 421.2 397.9 377.5 347.1 328.7 306.1 283.1 261.7 238.7 214.3 187.9 176.2 165.5 151.7 136.1 130.6 122.2 108.4 97 89.4 89.4 89.4 89.4 89.4 89.4 89.4 89.4 91.4 94.1 97.2 99.2 99.9 102.5 103.5 122.3 144.2 164.2 179.8 206.1 237.6 266.2 285.2 301 315.8 330.4 343 352 355.4 349.2
407.3 419.5 438.4 447.3 463.3 476.1 482.3 476.9 462.6 459.7 451.1 456.4 458.3 466.4 462.8 455.4 449.3 445.3 445.2 451.4 466.4 478.1 470.1 470.4 463.3 468.4 466.8 466.8 455.4 445.2 445.3 433.7 411.4 368.4 338.9 314.9 287.9 266 243.2 215.7 199.2 193.6 182 165.6 146.5 143.4 134.9 120.3 102.7 89.4 89.4 89.4 89.4 89.4 89.4 89.4 89.4 91.4 94 95.5 96.7 96.5 95.6 98.6 118.1 142.5 162.4 178.9 206.6 235.2 260.5 278.2 290.1 300 308.5 326.4 338.6 342.7 337.8
389.8 405 423.6 433 443.9 453.7 463.5 465.7 456.8 447.5 445.7 452.6 454.9 457.5 457.7 450.5 445.3 445.3 445.3 454.5 465.6 474.2 472.3 468.5 463.9 470.3 475.9 470.6 465.3 462.2 455.6 446.2 431.4 400.5 355.5 328.9 293.3 271.4 247.7 227.5 222.1 212.5 197.9 178.3 158.1 156.8 148 132.4 111.6 100 92.6 89.4 89.4 89.4 89.4 89.4 89.4 93 93.2 94 95.4 96.3 93.9 94.9 117.1 138.9 159.4 178 202.7 226.5 248.3 260.8 271.6 285.3 302.2 314.1 327.1 331.5 329.1
369.3 386.1 400.3 409.8 420.9 430.1 441.2 448.1 446 445.3 441.6 449.4 451.1 453.7 452.4 448.2 445.3 445.3 448.3 455.4 460.9 465.5 470.7 464.3 461.8 472.5 478.7 473.3 473.2 471.9 460.4 455.9 441 422.6 378 348 309.1 281.1 263.8 252.7 243.6 230 211.9 187.8 172.3 169.6 160.7 145.3 128.5 114.4 104.1 94.6 89.4 89.4 89.6 90.3 89.4 96.7 92.4 93.2 94.6 95.9 93.2 93.3 110.5 133.8 152.7 172.9 192.4 214.2 231.1 248 262.3 276.7 292.7 308.3 318.7 320.6 321.6
350.8 354 376.3 382 391.7 414.8 426.9 428 429 435 434.2 440.4 446.5 448.5 448.3 446.1 445.2 445.3 450.6 451.6 454.3 462.4 469.4 466.7 459.4 467.9 473.4 473.7 474.5 479.5 463.8 457.8 446.4 422.7 387.1 371.5 338.8 299.7 279.8 276.6 263.1 245.8 225.2 203.4 184.8 182.2 174.2 159.7 138.8 129.3 115.6 108.6 91.5 89.4 94.5 95.8 94.1 93.3 91.9 93.1 95.5 95.7 93.2 92.8 108 128 146.5 166.6 185.1 202.9 219.3 238.2 260.1 272.2 282.2 292 298.4 303.3 303.5
328.5 330.9 343.9 360.9 375.2 390.4 397.9 405.6 421.6 427.1 418.3 436.8 439.5 446 443.6 441.7 443.3 449.4 444.3 445.8 451.8 454.6 466.5 463.9 457.8 469.7 480.2 475.9 472.1 471.3 459.7 451.9 443.2 422.6 400.5 381.5 359.7 320.6 312.5 304.6 280 257.3 236.6 214.5 197.6 195.1 188.2 174.5 156.3 145.1 140.5 131.6 116.1 96.4 97.3 99.3 96.4 91.2 91.5 93.3 96.3 96 92 91.8 107.3 125.7 142.8 158.4 173.9 190.8 206.9 223.5 240 252.5 265.2 272.1 280.9 286.7 287.3
314.8 314.2 320 340.4 356.6 364.5 370.7 383 406.1 409 411 425 431.5 436.4 437.4 438.3 443.9 450.8 440.3 441.7 447.6 450.6 456.9 462.2 456 468 478.8 474.9 472.7 464.9 451.8 438.2 435.6 421.3 400.2 378.8 349.7 341.8 334.1 309.8 287 266.2 243.9 223.5 208.8 207.5 201.4 190.7 178.7 169.9 165.3 155.6 141.1 122.4 105.4 102.3 97.9 90.5 92.3 94.1 95.9 95 91.1 92.3 106.2 120.5 133.5 145.5 159.6 174.2 191.1 207.2 221.9 236.9 247.5 257.5 265.4 267.7 268.5
297.3 302.1 296.5 315.9 336 346.2 350.3 365.6 380.2 389.5 398.1 412.8 421.9 424.1 429.8 433.5 441.8 442.9 440.4 437.5 443.4 448.7 450.3 455.9 454.7 460 467.7 475.4 473.2 467.2 459.8 433.2 424.9 413.9 394 371.5 365.6 357.7 339.1 314.4 301.2 272.9 247.7 230.6 220.1 219.1 213.5 206.3 200.4 194.3 187.6 178.1 164.5 146.1 121.5 110.4 102.4 93.9 91.2 93 94.4 92.3 90.1 91 102.3 112.3 121.2 131.7 144.6 160.2 178.4 195 212 227.5 238.1 246.2 249.5 247.8 248
273.6 275.7 274.1 282.6 307.3 316 328.7 349.1 362.3 374.3 381.3 395.2 411.6 412.2 419.1 425.3 435.2 443 440.5 436 438.3 444.9 450.3 444 451.6 452.7 462.6 471.3 473.5 467.6 467.3 440.9 416 402.9 380.9 370.9 374.2 366.3 349.1 325.7 303.6 278.3 254.1 237.8 229.4 231.3 226.7 219.6 216.7 212.7 207.7 198.3 184.8 165.7 143.2 120.5 113 102.6 98.6 95.7 92.6 87.6 88.8 89.4 96.5 103.1 107.6 118.4 135.4 152.4 171.3 188.6 204.2 216.8 225.9 233.1 236.8 235.8 231.2
247.6 252 251.2 258.7 268.4 285.5 310.5 324.1 338.5 356.1 364 378.1 388.9 400.9 401.9 407.5 421.8 438.3 440.2 436.7 435.5 437.4 452.3 442.8 438.6 442 451.4 455.8 461.1 462.4 467.8 448.7 409.3 394.9 381.2 375.7 376 371 355.9 330.8 306 279.5 256.3 241.2 242.9 245.7 240.8 230.5 229.3 227.8 223.4 214.1 199.2 179.8 156.9 133.6 122.8 113.2 107.3 100.4 91.3 87.6 87.6 87.6 91.1 97.2 101.2 116 133 148.8 165.1 180.6 193.4 202.9 209.7 216.2 223.3 222.3 219.7
226 228.8 232 235.2 238.6 261.6 285.3 295.2 311.5 328.8 343.8 360.1 372.2 382.6 381.5 392.5 411.6 427.4 427.5 430.6 434.8 433.6 438.5 442.5 428.1 427.6 433.9 437.3 445.9 455.5 455.1 433 403.3 397.6 397.1 383.6 378.7 372 364.6 339.7 306.1 277.6 255.6 246.9 249.8 264.3 257.1 242 238.1 237.4 233 222.6 207 186.6 163.7 141.1 130.1 118.8 111.4 101.2 90.1 87.6 87.6 87.6 89.1 95.2 103.3 114.4 126.2 139.2 153.6 166.8 177.9 186.7 198 207.1 210.5 207.9 203
206.7 208.6 211.6 209 221.6 240.1 254.7 268.8 288.7 304.7 318.8 331.5 342.6 352.6 366 381.3 398.5 409.6 413.2 418.7 433.1 431.6 421.4 423 422 421.7 423.2 422.4 429.4 441.3 443.7 422.6 405.3 407.6 407.2 397.1 379.2 373.5 360.8 343.5 301.8 274.3 264.5 253.6 256.9 271.4 268.3 254.5 243.9 241.9 236.1 225 207.7 185.4 159.7 135.5 120.3 113.1 106.9 96.9 87.6 87.6 87.6 87.6 87.6 92.4 99.2 107.4 115.2 126.7 139.4 148.8 160 172.9 188.8 199.1 202.8 200.1 193.1
193.3 192.6 190.9 185.7 203.2 216.2 229.5 254 271.8 289.5 301.1 308.6 324.3 332.7 346.9 368.2 378.6 386.6 389.2 403.8 420.2 425.9 411.9 411.5 413.3 414 418.2 414.3 413.6 421.2 424.2 417.4 406.6 411.5 419 405.1 381.7 367.9 351.4 327.1 301.9 289.9 268.8 258.6 264.9 270.2 275.3 257.7 247 242.2 233.7 221.1 202.7 176.6 147 124.7 112.4 105.5 100.2 94.9 88.8 87.6 87.6 87.6 88.4 90.2 94.1 97.3 104.5 113.3 121.9 135.7 149.1 165.6 180.4 191.1 197.8 199.1 191.5
178.9 181.1 175.1 170.7 186.3 194.5 209.9 229 249.6 267.7 282.5 291.6 294.1 300.5 318.1 347.3 368.7 359.6 366.7 388.9 398.1 399.5 402 406.1 408.2 402.4 410.1 409.3 408.6 410.6 409.1 410.8 407.6 406.3 419 413.4 389.4 373.2 349.9 331.8 319.5 304.9 282.4 264.7 268.2 269.7 274.9 273.9 248.2 235.9 228.1 214.4 193.6 167.8 150.2 126.1 111.8 104.8 100 94.6 91.3 90.4 89.4 88.2 87.6 90.2 92 94.2 98.5 108 118.3 130.5 143.5 157.5 168.9 179.8 193.2 197.2 188.2
165.5 167 162 160.4 170.3 175.9 194.3 208.6 223.5 239.9 260.7 267.2 267.9 274.6 296.7 324.2 346.8 343.5 344.5 368.5 375.6 379.5 382.4 395.4 398.4 387.8 399.4 406.8 405 408.5 406.8 405.1 411.1 398.9 409.4 420.4 405 382.7 363.8 345.6 329.4 320.8 302.4 276.9 269.1 266 265.7 270.1 244.5 224.8 216.8 207.8 194.6 179.5 159.6 141.4 117.7 107.7 107 103.7 102.4 100.1 94.8 90.5 88.8 91.2 92 91.9 95.6 101.4 109.8 120.4 133.8 145.1 153 161 167.1 167.8 165.7
154.1 152.1 152.7 154.2 156.2 162.7 174.2 187 198.2 220.5 234.8 246.1 247.9 257.2 273.8 293.3 313.9 319.8 323.7 339.8 348.2 353.6 366.9 376.5 382.3 375.9 388.2 403.9 399.2 396.7 396.9 392.5 395.1 393 400.4 413.2 419.4 398.6 378.8 362.8 353.2 343.6 322.2 294.6 274.6 255.8 243.7 247.5 236.9 219 215.7 209.4 205.9 188.8 169.2 147.7 124.4 111.4 115.3 115.1 112.6 108.4 102.1 96.9 92.3 93.2 93.1 89.6 88 90.1 99 109.1 119.1 129.6 136.4 143.1 148.9 151.7 151.2
147.6 148 148.8 149 149.1 150.7 156.2 169.7 181.9 196.5 216.6 223 225.9 235.4 255.8 271.8 288.5 297.5 306.7 315 325.7 327.9 340.1 351.1 360.3 367.1 369.8 376.6 384.5 382.3 388.6 386.5 385.2 384.3 393.6 408.9 413.1 404.6 399.5 399.2 382.6 356.2 337.9 315 277.3 247.2 227.4 233.8 227.4 223.1 219.5 214.9 205.3 194.3 174.9 151.6 130.8 120.1 124.3 123.4 120 112.8 109.5 108 105 101 97.5 92.2 85.6 84 91.7 99.7 106.6 115.7 122.6 127.9 131.5 136.3 137.4
145.7 146.1 146.4 146.2 146.4 146.8 149.2 155.4 171.5 192 203.7 204.8 208 216.5 232 248.2 266.4 281.7 295.6 293.6 302 308.5 319 329.9 337.6 342.1 344.3 353.5 362.7 368.9 370.7 375.2 378.3 382.3 381.2 400.9 398.3 405.3 420.8 412.2 392.4 371.5 341 309.5 275.7 248.9 228.7 220.6 227 224.5 227.8 206.6 199.8 190.7 174 154.8 135.2 128.3 131.3 130.3 126.4 119.9 119.3 116.9 112 105.9 99 92.2 85.7 80.8 86 92.7 97.9 101.7 106.8 113 120.7 123.8 131.7
145 145 144.7 144.6 144.2 143.6 145.3 146.2 157.4 172.4 179.5 187.1 192.4 200.8 219.6 230.9 247.7 266.3 278.1 278.3 282.8 290.9 297 304.1 310.1 314.9 316.7 327.1 334.4 343.1 354.1 353.1 364.2 364.2 362.6 374.6 389 412.8 418.3 409.4 395.5 372.8 334 301.4 279 260.9 235.9 214.5 212.3 216.3 213.7 201.1 191.1 183.4 171.1 155.2 140 135 137.3 136.6 134.8 131.6 128 123.4 116.7 106.8 97.4 89.7 81.6 78.9 81.6 85.5 90.8 95.5 101.3 107.5 112.6 116.5 125.8
144.7 144.6 144.8 144.1 145 144.9 144 144.7 147 157.8 165.4 177.8 182.6 186.9 202.3 212 231.2 245.9 262.2 264.4 271.4 270.9 275.2 278 282.7 286.2 292.8 296.8 306.5 316 326.2 332.8 341.5 348.7 346.1 357.4 377 394.4 389.1 379.5 372.2 347.7 325.2 299.7 278.1 257.1 233.9 211.6 199.3 203.4 200.9 193.7 183.9 180.1 168.3 151.5 140.1 136.2 140.3 141.2 141.4 139 133.7 127.6 118.9 108.4 97.6 87.7 81 78.3 80.3 84.3 89.2 93.9 97.2 101.9 104 108.6 118.9
143.8 143.5 143 145.2 145.2 144.9 144.1 144.6 144.5 147.9 155.6 164.7 172.5 172.8 181 200.6 217.6 225 237.2 245.2 250.8 251.4 252.1 254.7 258.5 264.7 271.2 272.7 282.2 292 301.8 312.1 320.6 326.7 328.2 341.2 354.1 365.6 381.4 375.9 357.4 344.4 321.5 302.9 282.5 256.7 230.5 211.1 192.3 197.3 194.9 190.5 184.3 178.3 164.5 147 145 145 143.6 146.2 147.5 143.8 136.5 129.8 119.1 107.8 100.9 92.4 83 77.6 79.4 82.8 87.7 90.7 94.3 95.3 96.3 104.2 112
145 145 145.2 145.7 146.2 146.1 144.9 144.5 144.3 144.8 146.8 152.1 155.7 160.3 167.6 185.3 198.9 204.4 213.4 223.2 229.5 232.7 232.3 233.8 238 247.6 254 257.1 261.1 269.7 278.4 288.9 296.9 300.1 305.7 324.6 336.8 350.1 361.2 360 350.3 340.4 325.7 306.2 284.9 260.9 234.3 203.9 186.7 189.7 191.7 186.8 181.1 177.1 166.7 155.1 153.1 153.2 151.1 150.3 149.5 143.2 136.3 130.7 122.2 112.4 104.8 97.6 88.9 81.6 77.7 80.3 85.3 87.5 88.6 88.6 90.5 97.3 101.7
147.7 150 150.3 149.8 150.7 150.3 146.2 144.7 144.2 144.1 144.6 145.6 148.7 153.7 155.5 173.6 180.1 178 187.5 202.3 210.5 213.4 214.2 214.2 220 230.7 237.3 241.3 246.4 250.6 257 265.6 272.6 276 289.5 309.4 322.5 332.2 343.5 345.6 341.2 335.2 329.2 305.2 283.9 260.5 235.2 208.7 184 177.4 183.8 184.9 183.2 179.2 171.1 163.4 160.8 159.5 155.4 154.5 152 148.6 139.3 133.8 125.4 116.5 107.7 99.6 91.5 86 78.3 78.5 81 82.3 82.2 81.4 81.8 86.5 89.4
153.6 157 158.5 157.9 156.6 155.1 152.4 147.1 143.7 143.4 143.3 144.1 145.1 146.1 146.3 161.3 163.7 157.7 172.4 184.8 194.3 204 199.9 198.4 204.4 212.3 218.3 222.8 228.4 233.8 238.9 241.6 247.8 249.9 274.2 294 308.5 318.4 325 327.6 325.2 321.7 312.8 298.3 279.5 256.6 232.5 205.8 186.6 174.8 177.1 183.3 186.3 185.2 179.9 172.7 167.9 164.6 158.3 157.2 156.4 152.1 144.7 136.2 125.3 118.1 111.7 105.1 95.5 89 81.3 75.6 76.2 77.4 77.1 76.2 75.2 77 79.2
162.9 164.7 165.1 164.3 162.2 159.6 157.5 151.5 143.6 143.2 143.2 143.2 143.4 144.1 144.3 148.4 147.2 148.2 158.1 170.7 182.3 185.3 188.6 187.9 187.8 193 196.7 201.2 207.7 213.7 217.4 218.1 222.5 234.1 258.9 278.2 291.6 300 304.7 307.1 308.1 305.3 298.4 286.5 271.6 251.4 229.1 204.6 184.9 174.9 173.2 182.3 187.2 188.6 185.3 178.7 172.2 165.6 159.7 161.1 161.6 154.8 146.6 137.6 129.1 122.8 116.8 109.1 99.3 90.3 82.5 76.5 73.5 73.2 72.7 71.2 71.5 74.8 75.8
172.3 171.1 168.7 170.9 169.7 166.1 161 154.1 145.1 143.2 143.8 142.8 143.5 144.1 143.9 143.5 145 146.2 147.8 156.9 165.7 168.3 174.5 173.3 175.7 177.7 174.6 177.4 186.9 193 195.1 194.4 199.5 219.8 242.7 260.9 273.2 279 281.1 284 287.4 286.9 281.8 273.3 262.8 245.8 226.3 206.8 189.9 174.9 173.7 180.4 185 186.9 185.6 180.5 172.1 164 163.2 168.9 164.3 156.4 146.2 137.6 131.6 126.2 120.7 111.6 100.5 89.6 81.2 74.5 69.7 68.9 68.8 69.2 69.7 71.3 72
180.7 176.2 175.2 177.6 176.1 171 165 158.6 152.4 144.1 144 143.3 143.3 143.9 143.5 142.9 144.5 143 144.1 144.8 152.2 158.9 160.2 161.5 165.3 164.4 161.1 168 173.8 174.1 174.6 175.9 183.2 205.2 224.6 241.6 253 256.9 258.3 260 265.6 267.7 265.6 260.6 255.3 243.8 227.2 206.6 191.9 177.1 173.5 177 179.4 180.5 181.8 180 169.9 165.6 174.4 171.5 166.1 158.3 150.7 142.7 137 134 127.6 117.8 108.7 97.1 87 78.4 76.5 72.8 70 68.5 68.6 69.5 70.6
