app/static/ascii/NN41.asc
ncols 200
nrows 200
xllcorner 240000
yllcorner 710000
cellsize 50
[rows 140 to 174 of 200, columns 0 to 77 of 200]
294.4 313.8 348.7 366.4 391.8 415.1 425.1 430.5 429.6 447 473.5 496.8 513.9 543.1 552.3 559.4 567.7 563.3 541.5 500.4 462.2 433.6 409.5 393 377.7 357.2 343.3 336.7 332.5 324 318.3 316.4 322.3 327.4 334.3 342.9 351.7 357.8 361 366 374.5 382.3 388.3 397.3 400.4 403.3 407.3 408.8 397.6 401.1 408.5 421.3 431.5 441.8 448 447.7 453.4 459.3 465.1 469.4 474.2 471.1 468.3 464 457.2 451.2 448.6 449.2 455.8 470 466.9 473.8 482.3 487.9 487.3 484.6 476.3 464.3
284.6 294.2 318.5 351.5 377.9 391.6 390.4 389.7 409.1 430.6 459.2 473.3 497.5 521.3 532.8 540.3 547.7 550.4 548.7 517.9 475.3 435.9 410 386.6 368.3 354.6 343.5 335.3 328.6 323.2 318.6 315 319.9 327.7 332.1 341.3 350.9 355.4 358.2 360.7 367.5 376.4 387.8 397.6 402.5 403.3 404.7 401.2 392.4 402.3 409.5 423.4 435 443 450.3 452.3 455.1 464.1 467.5 471.7 476 476.3 474 470.4 463.1 458.1 451.7 447 450.5 459.5 468.2 473.1 474.1 484.4 484.5 484.5 479.9 471.7
271.6 271.7 292.8 314.7 339.9 351.4 350.1 370.6 390.6 418.7 437.2 450 475.2 501.1 513.2 516 524.3 533 531.6 522 489.5 443.3 407.9 385.4 365.2 350.6 343.7 334.5 329.9 323.5 318.6 315.2 318.4 324 332.6 336 343.6 350.9 357.2 362.2 362.6 369.9 385.5 393.4 398.8 400.1 400.5 393 395.6 401.8 410.5 427.2 438.6 445.3 453.4 456.8 458.1 471.9 475.3 477.5 479.7 479.5 480.6 474.2 468.4 461.8 454.1 447.7 446 454 456.6 462.8 472 475.4 480.1 481.7 481 476.2
253.9 254.9 266.9 287.6 306.4 320.1 346.3 356.9 372.8 393.1 408.5 423.7 454.9 482.4 498.6 504.2 507.3 511.5 507.8 498.8 466.9 430.6 397.4 381.6 361.9 347.5 341.9 334.5 328.9 322.5 318.7 315.1 319 326.3 332.2 336.9 343 349.1 357.1 359.8 362.9 365 374 384.6 390.8 399.5 394.3 386.7 396.5 403.8 414.1 428.1 441.8 448.5 455.1 460.7 463.2 475 482.8 484.2 487.1 483.6 485.4 481.6 477.1 467.4 463.8 449.3 444.4 447.9 452.2 459.4 466.9 471 474.4 479.7 479.6 478
235.5 237.5 250.5 268.1 282.6 308.3 323.2 343.7 358 375.3 389.3 404.1 439 469.1 484.8 487.5 482.3 478.7 473.9 461.9 441.3 412.6 385.7 370.4 355.5 347 342.5 333.7 325.9 321.3 317.8 315.3 317 323.6 333.7 336.8 340.4 347.1 354.3 359 363.1 367.8 370.3 375.4 385.1 388.3 387.4 384.8 396.8 405.7 416 431 442 449.9 458.8 467.7 472.2 476.6 487.6 490.7 490.8 488.3 488.8 487.7 485.8 473.7 470.2 454.2 442 445.4 444 452.9 454.9 461.4 468.8 474.4 477.1 476.9
219 224.7 235 248.2 272.5 287.9 308.7 330.6 346.4 359.3 368.3 387.8 413.9 445.7 462.9 472.4 471.6 450.2 445.3 434.7 418.2 392.8 374.2 360.1 351.6 343.7 336.6 331.4 326.6 320.2 312.5 312.7 318.5 325 332 334.7 341.2 347.7 355 359.5 363 367.5 373.4 377.4 382.3 383.6 381 391.4 399.1 409.5 419.5 431.2 440.9 450.8 463.9 471.8 477.3 482.2 495.3 496.7 494.9 493 492.8 490.3 488.5 482.8 468.2 460.7 448 440.4 436.9 444.7 448.4 454.9 463.4 467 470.9 474.8
197.4 211.1 225 240.8 255.8 269.1 286.8 308.7 324.7 334.5 353.5 381.4 391.7 404.1 429.2 447.8 460.3 418.2 415.7 408.7 395.2 378.6 358.4 345.5 338 332.6 327.5 323.7 320.9 317.9 311.1 310.9 320.7 323.5 329.2 335.7 342.2 347.6 354.4 359.1 365.3 370.6 375 379.2 383.8 378.4 384.2 393.3 400.8 411.4 424.4 434.7 442.5 458 470.4 477 481.4 487.7 501.9 501.2 499.4 498.8 497.5 498.7 492 488.3 476.7 461.8 451.5 441.8 436.1 435.1 441.9 450.4 456.3 457.3 465.2 470.4
191.2 211.3 229.5 230.7 237.8 250.4 271.3 287.8 300.1 310.2 340 366.3 381.7 378.4 389.8 415 422.8 388.9 380.8 377.4 367.6 359.6 343.2 332.3 325 324.2 320.3 316 309.3 308.5 306.1 315.6 318.8 324.9 330.1 334.7 343.1 348.3 354.7 360.3 366.1 372.3 378.6 380.4 379 379.3 387.1 394.3 403.4 414.7 431.4 439.5 449.1 464 469.7 477.5 485.7 491.1 503.9 508.2 505.3 503.9 501.6 498 495.2 486.7 479.3 466.8 456.5 444.6 436 429.6 436.1 441.1 447.2 455.1 459.3 465.1
183.1 204.2 209.4 214.7 216.1 231.8 252.7 269.4 277.2 291.3 317.6 336.1 350.1 356.6 360.8 378.6 376.7 363 348.9 344.7 345.7 338.4 325.8 320 319.1 315.8 310.3 305.4 303 301.1 311 313.6 318.5 323.5 330.7 336.6 344.2 349.4 355.2 359.9 367.2 373.8 380.1 380.4 375.6 382.9 388.8 396.2 407 416 430.3 439.9 454.2 467.5 473.3 480.5 485.3 492.7 505.4 509.9 512.1 511.9 506.3 500.1 497.4 489 479 467.8 463.2 454.9 437.2 425.9 432.2 436.7 438.8 447.8 451.5 456.1
170.9 188.1 196.5 197.4 201.9 216.5 229.9 243.5 248.9 273.7 294.7 306 324.8 332.7 336.8 347.4 349.4 333.1 325.3 321.9 317.9 320 314.3 311.5 306 303.1 300.8 296.4 296 307.3 310.1 311.8 316.7 323.7 330.6 335.8 341.9 347 352.1 358.5 366.7 372.5 375.2 372.7 380.4 386.5 392.8 400.8 413.2 421.5 433.7 443.9 449.1 465.6 474 480.5 487.9 494.1 504.1 515.1 517.1 517.6 514.2 500.2 494.1 489.4 481.2 470.8 459.5 452.8 435.6 429.3 427 430 430.7 438.6 444.1 450.7
149.5 164.2 169.6 179.9 187.9 195.9 212.1 221.2 230.9 256.4 275.3 281.7 300.2 310.1 312.3 316.3 337.9 313.3 301.1 295.3 294.3 294.3 296.3 294.1 294.7 294.9 296.9 294.8 296.8 304.4 306.3 309.6 318.5 323.8 329.7 334.7 340.9 347.4 353.7 358.2 367.1 370.4 372.3 379.5 384.6 389.8 398.1 407.9 420.7 427.3 437.7 444 446.2 459.5 472.9 480.7 492.7 498.5 508.1 519.5 527.7 525.3 520.7 503.4 494.7 486.8 475.4 461.6 448.6 439.2 433.6 435.1 421.4 422.4 426.4 430.9 439.5 443.9
127.3 140.2 160.1 167 169.8 176.4 186.6 193.2 213.7 239.6 264.9 265.6 272.9 285.1 285.9 285.9 294.7 291 283.1 279.5 278.5 279.8 280.9 286.4 289.9 290.5 287.5 286.6 297.5 297.8 303.2 310.8 318 323 329.1 333.5 340.1 346.7 351.3 358.8 365.4 370.1 370.1 378.2 385.6 395 407.6 420.8 433.8 434.9 437.2 441.9 447.3 460.7 478.5 484.6 493.2 500.7 513 524.8 528.9 531.2 529.3 511.2 496.5 491.1 482.2 466.3 452.5 434.1 429.8 442.3 424.7 418.6 418.5 422.5 430.2 435.2
125.6 127 141.6 149.7 151.5 156.6 165.2 177.9 198.5 216.4 235.2 244.8 243.8 256.1 263.7 261.5 265.3 267.6 269 272.4 272.2 276.2 275.7 276.4 278.5 281.9 276.8 286.2 289.3 296.9 305.4 310.1 315.8 323.3 328.1 334 338.7 345.8 350.9 357 362.9 369.2 365.3 378.8 387.4 406 415.9 429.5 437.7 439.9 441 445.4 448.1 456.7 482.4 494.4 499.7 505.1 524.8 536.3 539.3 536.8 532 518.4 497.5 484.3 476.2 464.5 456.3 437.3 423 429.2 425.7 409.6 410.9 419.7 419.8 430.3
126.7 123.3 123.8 129.2 133.5 133.1 144.5 161.7 183.1 202.1 210.3 217.2 223.4 227.9 240.5 239.6 240.4 249.4 260.9 265.2 263 265.5 262.7 262.9 268.5 270.7 268.3 281.5 288 297.6 305 311.8 316.7 320.8 326.3 331.7 338.7 345.3 351 355.6 362 366 367.9 380 394.2 412 420.4 430.3 439.3 444.1 447.4 451.6 454.3 454.3 486.4 496.2 504.3 509.8 521.7 533.8 535.3 538.6 534.8 522.3 498.1 484.6 472.6 461.9 450.3 432.5 419.3 411.3 416.9 406.7 403.1 410.6 418.4 424.3
122.2 121.6 120.8 122.1 123.9 125.3 129.6 146.3 166.1 178.9 190.5 199.1 199.1 204.4 213.1 219.9 223.2 235 252.4 250.1 253.8 249.3 249.4 253.6 255.8 256.8 271.9 279.3 288.5 297.6 305.3 308.8 314.3 318.2 325.9 330.9 337.2 343.2 349.4 355.1 361.1 361.5 370.2 380.3 398.8 408.8 422.3 429.2 439.4 444.1 452.2 457 454.1 453.9 470.4 487.8 498.9 505.7 518.7 532.5 539.6 541 537.2 522.2 496.3 480.5 472.1 459.1 439.4 427.5 418.6 407.1 405.8 405.5 397.6 404.8 409 415.5
121.8 125.3 123.7 117.9 118.6 118.3 119.6 130.4 146.3 157.5 162 173.5 179.7 182.1 193.6 197.5 204.5 216.8 230.5 236.1 236.9 233.1 233.8 233.4 254.4 263.8 266.9 277.5 286.3 293.4 302.5 307.7 312.7 317.3 323.8 328.7 336.6 343.1 348.8 354.9 357.5 359.5 372.6 380.8 396.9 411.3 421.8 430.6 440 445.5 453.2 455.1 452 450.6 458.3 475.3 490.8 502.4 502.9 526.4 536.2 536 523.5 517.5 496.5 470.7 471.4 460.1 443 421 416.3 404.5 395.5 398.3 394.2 399.2 407.6 411.8
121.4 126.3 124.8 116.3 113.2 113.2 113.2 114.5 125.7 137.8 143.4 150.9 160.3 163.9 170.5 178.2 184.7 193.4 205.4 215.7 215.5 220.6 221.8 238.4 247.8 258.1 267.6 276.8 283.3 289.1 295 302.2 308.8 315.7 323.1 329.8 336.9 342.6 349.1 354.7 354.4 365.3 374.2 384.9 399.7 415.8 422.3 431.6 438.4 443.8 449 452 448 448.3 452.1 464.8 478.5 495.3 496.8 501.6 512.7 519.6 523.9 515.1 487.5 460.5 453.7 436.6 428.5 414.4 409.3 396.9 388.6 388.8 393.8 394.1 401.7 408
122.4 119.2 113.2 113.2 113.2 113.2 113.2 113.2 114.3 124.2 129.5 138.8 148.6 152 153.9 162.1 167.9 175.9 188.4 197 201.2 209.3 222.5 233.3 244.9 255.1 263.1 270.9 278.9 285.6 293.8 301.5 306.2 313.4 320.9 326.9 334.9 341.5 345.6 345.9 356.7 366 373.9 381.8 398.7 411.6 422.4 434.1 442.5 445.5 449.1 449.1 447.2 444.4 447 455.7 465.9 483.5 488.3 487.2 491.6 507.2 516.9 503.1 471.8 444.4 433 422.3 414.4 403.6 396.4 390.7 386.8 388 390.2 393.2 399.1 403.6
113.2 113.2 113.2 113.2 113.2 113.2 113.2 113.2 113.2 116.5 121.7 133 142 144.1 141.4 149.1 156.1 167.5 175.8 182.9 185.3 210 219.6 229.7 239.6 250.3 258.5 265.3 274.1 281.2 290.3 298 306.1 311.2 322.2 327.3 333.3 337.5 343.1 350.5 358 365.9 374.3 384.6 392.6 408.5 425 434.8 439.7 450 452.3 452.3 449.8 443.6 439.4 444 458.1 464.1 475.9 481.5 477.3 469.1 482 478.7 457 438.6 420.8 407.1 401.2 388.8 383.6 378.6 378.8 389.8 389.7 391.1 393.5 400.2
113.2 113.2 113.2 113.2 113.2 113.2 113.2 113.2 113.2 113.2 116.9 123.9 129.8 130.8 132.7 137.6 150.4 157.5 165 170.7 189.1 205.9 214.9 225.5 233.1 247.3 258.3 261.9 272.9 281.4 290 296.3 303.5 308 317.6 322.1 327.5 336.3 343.7 346.4 355.9 364.8 374.9 386.7 396 404.5 419.2 437.9 450.3 448.1 455.3 452.3 452.6 448.9 437.6 436.9 449 456.4 453.5 464.1 460.6 453 446.4 445.1 447 434.6 415.8 394.7 388.7 381.4 376.2 373.6 379.5 379.7 385.9 387.4 392.5 400.1
113.2 113.2 113.2 113.2 113.2 113.2 113.2 113.2 113.2 113.2 113.2 113.2 116.9 120.1 124.3 132.3 140.1 150.1 156.3 176.5 190.4 199.3 213.3 221.8 232.9 242.1 251.9 260.3 270.6 281.5 288.2 294.2 298.9 308.4 317.6 322.3 329.3 333.9 339.1 347.3 354.7 364.8 377 389.8 399.9 406.4 414.2 429.7 443.3 442.9 447.1 449.3 449.9 450.9 437.4 429.1 428.4 444.1 445.1 440.7 449.1 441.2 428 422.8 415.4 416.3 411.1 387.3 381 378.2 374.4 371.8 375.1 379.9 382.4 390.4 394.8 397.4
113.2 113.2 113.2 113.2 113.2 113.2 113.2 113.2 113.2 113.2 113.2 113.2 113.2 114.4 123.9 131.1 140.1 155.6 165.2 172.7 186.6 195.3 210.6 221.4 231.7 239.9 250.5 255.9 266.4 275.7 287.4 288.7 298.1 306.5 312.3 319.7 328.1 337.4 341.5 346.2 354.3 365.7 379.5 395.1 406.1 407.2 413.4 420.3 434.7 439.9 446.8 453.1 452.7 454.7 446.4 437.3 426.7 425.5 437.9 433.4 423.6 422.7 408.9 404 399.6 403.5 397.8 381.9 378.7 378.2 372.9 369.1 376 376.5 385.3 390.2 392.6 395.3
113.2 113.2 113.2 113.2 113.2 113.2 113.2 113.2 113.2 113.2 113.2 113.2 113.2 113.2 127.2 130 132.8 148.7 159.3 167.5 190 197.6 209.2 221.7 231.7 242 250.6 258.5 262.5 269.4 278.4 287.2 296 304.6 312.1 319.6 328 335.2 336.9 343.7 353.4 366.9 380 393 405.3 408.5 410.4 422.7 425.8 435.6 447.5 451.6 454.4 457.1 451.3 435.5 422.3 405.7 417.4 420 401.5 401 393.3 389.7 387.9 390.9 382.6 379 373.7 372.3 371.7 367.6 370.6 375.5 379.3 383.8 394.4 397.4
113.2 113.2 113.2 113.2 113.2 113.2 113.2 113.2 113.2 113.2 113.2 113.2 113.2 113.2 122.4 126.3 125.1 134.1 147.1 161.8 177.8 195.1 205.7 221.2 225.2 236.4 242.1 253.5 258 266.9 277.7 285.8 292.1 302.3 307.5 315.9 322.9 329.8 337 345.3 351.4 361.8 380.2 393.2 400.7 406.4 409.8 419.4 431.9 433.4 443.9 450.7 451.4 448.3 435.2 422.7 408.7 400.4 402.7 402.1 389.5 391.5 386 381.2 381.9 379.3 373.9 369 363.6 370.1 370.9 366.3 368 373.1 377.5 383.8 389.2 395
113.2 113.2 113.2 113.2 113.2 113.2 113.2 114.2 115.2 113.2 113.2 113.2 113.2 113.2 113.2 115.6 120 124.6 133.5 151.2 168 186.5 195.1 210.6 225.2 240.8 251 261 263.1 264.8 273.6 280.8 285.2 295.1 300.5 313.5 323.4 329.2 332.1 342.5 350.6 361.1 374.1 388.7 400.1 406.4 410.3 416.3 428.4 433.1 442.1 447.2 447.1 443.3 435.2 428.9 413.8 401.7 391 400.3 390.9 380.3 375.6 368 366.6 363.2 370.7 361.2 360.6 366.1 366.2 362.1 365.5 370.9 377.2 378.7 387.8 394.8
113.2 113.2 113.2 113.2 113.2 113.2 115.1 115.4 115 113.2 113.2 113.2 113.2 113.2 113.2 113.2 113.2 117 124.1 145.6 157 174.6 188.9 208.8 225.3 241.5 250.7 256.4 265.8 265.7 271.2 278.7 284.6 288.4 295.1 310.5 318.6 323.1 333.4 341.8 350.8 361.2 374.7 388.3 399.2 408.1 413.4 416.8 429 434.9 435.9 442.9 449.4 450.1 441.2 434.6 420.5 404.7 392.7 385.1 382.5 370.1 365.4 359.5 354.3 356.1 362.1 361.1 356 356.7 359.1 362.8 364.9 365.5 371.8 381.2 385.7 390.6
113.2 113.2 113.2 113.2 113.2 113.2 113.2 113.2 113.2 113.2 113.2 113.2 113.2 113.2 113.2 113.2 113.2 113.2 114.7 130.5 147.7 168.7 186.5 205.1 220.5 236.5 246.2 255.5 263.3 266.7 273.2 279.5 284.6 286.8 294.2 302.7 315.4 323.9 331.9 339.6 348.8 357.2 372.2 386.4 394.4 402.1 409.6 415.6 423.2 432.1 437.3 446.5 452.1 455.5 448 442.7 434.6 420.5 399.3 379.3 372.6 369.6 359.9 352.3 345.6 348.9 356.8 358.2 353.3 353.4 353.9 357.9 359.7 365.3 369.1 375.2 383.9 390.5
113.2 113.2 113.2 113.2 113.2 113.2 113.2 113.2 113.2 113.2 113.2 113.2 113.2 113.2 113.2 113.2 113.2 113.2 113.2 124.4 142.8 163.8 182.6 197.7 218.5 234.5 247.5 255.8 262 264.1 269 277.2 285.3 286.5 290.2 303.1 312.8 323.2 332.9 342.1 351 361.1 376.7 390.4 393.3 399.5 406.6 414.5 426.1 431.3 438.3 444.6 456.8 455.9 456.8 454.4 449.1 435.4 407.6 385.5 365.7 359.5 354 348.5 343.5 339.1 344.8 348.6 349.4 347.5 348.9 352.2 357.5 362.3 367.5 374.3 381 387
113.2 113.2 113.2 113.2 113.2 113.2 113.2 113.2 113.2 113.2 113.2 113.2 113.2 113.2 113.2 113.2 113.2 113.2 113.2 120.8 137.9 156.8 178.8 192.8 210.5 236.4 251.1 257.5 259.2 258.8 265.6 275.6 278.7 278.6 289.1 297.9 307.1 321.3 336.6 344.9 352.6 363.1 384.5 394.7 401 405.1 416.5 421.8 429.1 433.5 440.9 444.4 451.2 457.2 457.6 459.6 448.6 435.7 408.1 381.8 368.2 351 340.9 344.2 343.5 334 332.4 338.4 332.9 342.9 342.2 346.6 352.5 358.3 363.9 371 376.4 383.9
113.2 113.2 113.2 113.2 113.2 113.2 113.2 113.2 113.2 113.2 113.2 113.2 113.2 113.2 113.2 113.2 113.2 113.2 113.2 113.2 133 150.5 172.6 189.2 199.8 219.7 237.1 249.7 247.8 261 266.6 263.3 267.5 275.5 286.9 299.1 313.8 328.8 339.2 346.9 353.7 365.1 395.2 406.5 410.8 412.6 422.7 430 431.4 436.7 440.9 446.3 455.4 468.2 460.8 450 439.8 428.2 397.2 384 363 348.7 333.9 338.2 333.2 330.8 321.8 325.9 322.7 333.3 338.6 344.6 348.7 353.9 360.9 368.7 375.1 381.7
113.2 113.2 113.2 113.2 113.2 113.2 113.2 113.2 113.2 113.2 113.2 113.2 113.2 113.2 113.2 113.2 113.2 113.2 113.2 113.2 126.5 144.9 164.1 185.9 195.7 204.8 216.4 233.8 239.5 252.5 256.6 255.9 264.9 273.5 286 300.5 314.5 332.7 344.7 356.7 359 366.7 396.3 415.8 417.3 421.1 421.3 428.2 430.2 432.9 437.4 440.1 450.1 460.5 464.4 447.4 425.7 412.1 397 378.8 362 348.3 331.6 322.8 321.9 321.4 319.5 313 322.4 325 336.2 341.1 345.7 351.5 357.6 366.9 372.1 378.1
113.2 113.2 113.2 113.2 113.2 113.2 113.2 113.2 113.2 113.2 113.2 113.2 113.2 113.2 113.2 113.2 113.2 113.2 113.2 113.2 124.1 138.3 156.2 178.9 185.8 199.5 206.9 216.6 230.1 243.4 247.7 253.1 258.4 268.6 283.8 298.4 313.3 334.1 350.7 366.4 369.5 370.7 392.5 420.9 426.7 421.4 421.8 424.9 431 436.2 440.5 438.3 443.6 451.5 454.8 435.6 421.5 400.4 390 374.4 363.6 341.7 324.6 316.1 317.1 315.4 315.4 308.4 317.2 326.9 333.8 338.5 342.8 348.1 355.5 361.8 367.8 374.9
113.2 113.2 113.2 113.2 113.2 113.2 113.2 113.2 113.2 113.2 113.2 113.2 113.2 113.2 113.2 113.2 113.2 113.2 113.2 113.2 117.1 134.8 149.3 166.2 183.2 194.4 203.5 208.2 216.3 223 236.4 244 250.5 263.3 278.8 293.8 311.3 335.4 360.6 377.8 381.6 375.5 385 409.2 428.4 424.3 425 437.9 439.7 438.7 438.2 436.3 435.9 435.8 435.8 423.4 409.7 397.2 382.2 373.7 364.8 342.4 321.1 312.1 313 306.9 307.5 303.8 314.6 323.2 330 335 338.4 343.8 351.4 359.9 366.4 372.1
113.2 113.2 113.2 113.2 113.2 113.2 113.2 113.2 113.2 113.2 113.2 113.2 113.2 113.2 113.2 113.2 113.2 113.2 113.2 113.2 113.2 129.8 142.7 156.1 175.9 190.3 198.5 199.2 202.8 217.3 224.9 230.1 242.8 255.7 272.5 291.9 313.3 335.4 359.5 377.2 389.6 383.8 382.8 396.3 420.4 426.1 431.1 440.5 439 439.2 441.4 431.6 429.8 418 411.3 410.1 405.5 413.5 391.1 364.4 349.8 338.6 312.7 309.9 303.6 300.9 298.9 302.3 308.6 316.3 324.4 329.9 335.6 340.4 348.9 356.2 366.7 370.3
113.2 113.2 113.2 113.2 113.2 113.2 113.2 113.2 113.2 113.2 113.2 113.2 113.2 113.2 113.2 113.2 113.2 113.2 113.2 113.2 113.2 126.2 143.5 152.2 162.6 180.7 189 188.8 192.4 214.1 219.9 225.5 234.9 247.8 266.5 288.2 313.2 331.1 356.6 373.6 392.1 387.7 385.2 394 411.9 423.4 432.1 433.6 439 441.9 444.7 426.2 429.2 416.9 405.1 397.9 387.9 389.5 382 361.3 330.9 321.3 305.5 300.8 293.9 292.6 299.2 300.7 301.9 310.4 321 328.7 332.7 336.9 343.6 351.7 360.7 368.2
