app/static/ascii/NN42.asc
ncols 200
nrows 200
xllcorner 240000
yllcorner 720000
cellsize 50
[rows 102 to 135 of 200, columns 0 to 77 of 200]
262 274.3 286 299.2 311.2 322.2 334.9 346.5 362.6 376.5 387.2 397.5 401.4 409.8 409.1 413.8 421.7 420.1 424.9 426.6 424.3 423.3 403.4 393.4 387.4 383 377 367.7 361.6 354.6 343.4 329.4 320.2 312.3 302.9 304.9 312.5 331.2 352.1 378 408.8 448.1 488.8 520.1 543.5 557.2 568.2 580.1 590.3 612.5 664.1 712.7 752 786.1 809.9 824.2 842 859.8 879.2 895.2 909.4 917.8 921.8 930.2 939.7 943.5 941.3 956 969.3 978.7 983.2 989 1006.9 1006.8 975.3 961.8 938.3 917.7
283.9 296.1 309.1 321.3 337.1 346 358.4 374.6 390.9 406 414.8 423.5 431.6 440.9 438.7 439.3 443.5 447.2 442.3 444.3 441.6 431.2 417.1 406.7 402.4 393.1 385.3 374.3 364.5 354.5 342.2 331.6 322.5 313.8 303.4 307.2 315.7 333 355.8 380.6 412.7 451.9 492.1 527.3 554.2 574.6 587 598.3 609.8 617.3 641.2 688.6 736.8 782.7 812.3 838.8 864.5 886.6 909.4 926.4 938.6 946.9 946 945.9 958.4 958.2 960.7 980.8 991.8 1004 1009.6 1026.4 1029.8 1006.2 976 951.9 934.3 921.7
305.5 317.9 332 346.8 358.2 371.7 385.7 406.6 420.5 431.5 444.3 455.7 464.3 471.3 469.4 469.5 470.7 469.9 472.5 467.4 462 449.3 438.5 428.6 418.5 406.8 391 376.8 362.3 351.2 343.8 333.7 323.9 315 303.9 310 317.5 334.5 359.3 384.5 419.5 457 497.5 530.8 561.8 587 601.7 615.2 625 637 645.7 663.7 712.5 759.6 794.1 834.4 870.9 903.1 934.2 955.2 974.8 983.1 982 981.6 981 980.7 991.7 1012.5 1033.2 1040.8 1047.1 1053.1 1056.5 1024.4 987.4 951.9 928.5 915.2
335.1 349.5 360.5 372.1 386.9 402.2 411.2 430.4 449.4 462.8 477.6 487.9 498.9 504.4 502.7 501 499.8 499.1 498.2 490.2 477.6 471 463.8 443.7 425.8 412.2 396.6 379.6 366.3 358.5 349.2 335.5 325.5 315.6 306.6 312.4 319.3 336.1 359.5 388.9 423.1 463.2 501.2 534.4 566.8 598.3 615.1 630.9 644.5 656 666.8 678.8 711.8 750.2 784.6 825 866.4 904.3 939.3 978.4 1004.5 1028.1 1031.2 1025.9 1017.1 1014.1 1025.4 1046.3 1063.4 1069.7 1076 1074.5 1067.1 1033.6 996.3 960.9 936.3 914.6
361.2 372.2 388.3 401.1 414.9 427.4 440 459.7 479.5 494 509.2 521.7 533.6 540.3 539.8 532.8 529.1 526.8 520.2 510.7 503.7 486 475.2 448.8 427 413.5 400.4 383.3 370.9 362.8 351.1 336.2 325.8 315.5 309.4 316.4 322.9 338.3 363.6 392.1 428.4 467.2 502.1 537.3 572.5 605 624.4 643.7 670.9 677.3 686.1 699.3 722.6 754.2 787.3 824 863.4 899.2 936.3 977.8 1018.1 1051.1 1061.8 1066.2 1059.5 1057.4 1069.7 1084.1 1091 1093.2 1091.6 1082.5 1066.7 1041.2 1009.8 984.6 952.2 942.1
381.4 391.5 409.7 425.8 442.5 454.8 471 489.5 510.5 528.2 542.2 555.2 567 579.7 575 563.2 554.2 547.4 532.7 516.6 514.9 495.4 471.2 449.2 429.5 415.3 401.4 384.7 373.6 363.9 350.6 334.2 324.2 314.4 311.2 320 327 342.2 366.1 394.9 429 470.8 506.1 539.9 575.6 610.3 632.7 662.5 696.3 702 705.8 715.4 731.8 753.2 790 829.4 865.3 901.7 935.8 974 1016 1065.7 1078.5 1093.2 1100.5 1101.2 1109 1110.6 1110.8 1106.5 1097.9 1080.9 1055.2 1031.7 1008.9 985.8 958.6 943.8
406.9 414.2 426.2 451.4 467.3 483 501.9 521.1 542.8 561.8 577.6 588.2 595.4 594.7 580 568.4 556.2 545.7 533.3 517.7 513.2 492.2 469.6 453.9 432.8 416 400.8 383.3 374.7 363.1 349.2 334.1 324.5 312.4 317.5 317.9 326.2 344.4 368.8 398.7 434.9 470.8 501.1 541.7 576.8 613.2 647.6 679.8 710.4 724.5 732.6 736.4 746.3 763 793.6 834.6 871.4 905.3 940.5 978.3 1020.3 1069.9 1094.6 1113 1126 1132.8 1138.2 1121.6 1119.6 1114.5 1087.3 1064.5 1041.2 1021.7 1001.2 972.5 952.6 939.4
434.7 442.6 450.2 462.3 486.8 510.4 532.1 548.5 571.6 589.3 606.4 615 618 601.7 582.2 561.7 546.7 532.8 520.1 513.8 509.2 488.5 473.5 452 433.4 417.4 397.9 385.8 375.3 363.5 350.2 337.5 325.5 314.7 320.7 321.5 327.9 347.8 371.8 400.4 439.4 477.5 518.7 552.6 586.9 620.4 655.1 690.5 723.4 743.1 751.5 761.3 768.4 788.9 818.8 848 880.1 913.6 949.1 986.3 1027.5 1074.5 1105.3 1126.1 1141.7 1156.8 1142 1133.2 1126.8 1101.7 1076.8 1054.7 1029.1 1007.1 977.5 953.6 941.4 925.9
460.5 471.6 478.6 494.2 506.6 528.2 559.1 578.8 595.1 610.5 621.4 624.7 623.2 612.8 575.9 550.3 537.1 527 520.1 511.8 506.1 490 475.4 458.2 438.1 419.4 400.4 387.7 379.1 366.9 350.9 339.7 326.3 317.5 321.5 324.1 329 350 374 403.8 441.2 484.2 522.5 556.9 589 622 655.6 692.2 725.7 751.2 766.1 775.8 787.3 814.2 845.4 865.1 899.7 933.3 970.6 1004.4 1043.8 1084.7 1107.9 1129.6 1149 1168.2 1156.3 1147.2 1125.4 1081.9 1065.4 1036.1 1014.7 988.4 965.3 949.7 921.3 910
492.4 499.5 510.1 524.9 534.9 550.8 567.8 590.4 606.3 618.5 629.3 632.4 629 606.7 575.2 559.5 542.1 530.2 515.6 510.4 508.1 497.6 480.8 457.4 436.1 416.7 398.3 390.9 381.7 368.6 352 341.1 327.6 321.7 326.1 327 332.8 350.3 375.3 404.7 444 487.6 527.8 555.9 587.4 618.5 649.8 682.9 716.5 744.2 767.5 782.1 795.9 826.1 855 879.2 913.6 946.9 976.1 1005.1 1037.1 1073 1101.9 1123.8 1146 1165.4 1160.6 1144 1108.6 1080 1049.6 1024 1001.1 966.3 949.3 932.3 913.8 894.1
515.2 532.3 533.8 543.3 556.5 569.8 581.6 595.5 610.4 625.5 635.2 642.7 626.6 602.3 582 558.4 541.8 528.8 515.5 511 510.2 493.8 476.6 456.1 434.1 415.1 399.4 392.4 382.8 369.8 354.5 343.3 330.1 323 332 326.4 335 353.6 377.5 405 441.7 485 522.5 551.3 583.2 612.3 641.2 671.4 702.7 729.5 753.2 770.9 796.3 815.7 844.6 872.7 906.8 938.2 965.3 993.5 1025.6 1057.8 1092.1 1112.6 1133.6 1153.9 1153.7 1129.1 1091 1078.3 1044.2 1010 980.1 959.3 936.5 919.1 897.8 886.7
529.4 546.5 553.3 564.2 574.1 586.5 596.7 606.9 618.1 633 640.2 646.2 624.5 601.7 578.5 560.5 542 528.8 517 513.5 505.8 492.9 472.9 452.3 428.1 410.8 399.1 392.4 381.8 369.6 355 345.7 332.7 327.6 336.6 333.5 337.6 355.2 380.4 404 439.1 475 509.2 544 577.4 603.6 629.1 656.7 684.4 712.5 735.4 755.5 784.5 806.6 832.9 861.8 893 923.6 952.4 976.5 1006.1 1036.3 1068.1 1092 1113.8 1134.9 1135.3 1103.6 1091.4 1067.4 1036.9 996.2 963.3 941.5 924.6 904.3 890.8 873.9
547.4 559.8 576.9 580.8 592 605.2 617.4 627.3 632.1 640.5 650.8 650.3 622 598.9 584.9 564.4 546.5 529.4 518 509.5 499.4 486.7 468.4 444.3 423.1 408.7 397.6 391.1 380.7 369.1 356 345.3 335 330.3 335 334.8 341.6 357.7 380.6 405.2 435 468.4 500.6 531.3 564.8 588.5 615.4 640.9 670.7 691.4 715.6 740.1 767.5 794.6 816.7 847.4 874.1 908.1 934.8 959.1 983.6 1010.8 1038.1 1065.7 1093.8 1116.3 1128.9 1110.3 1085.6 1053.3 1017.6 978.3 948.1 926.3 904.2 885.9 872.2 853.6
561.8 572 583.8 599.2 611.9 628.4 639.3 644.4 650.8 660.6 655.6 649 628.2 612.7 589.5 568.4 551.7 530.8 515.5 504.8 494.2 484.3 465.6 442.1 425.9 409 397 388.5 379 369.6 357.2 349.9 340.4 330.7 335.9 339.8 343.3 360.8 380.5 403 428.3 461.8 491.6 519.5 547.4 574.2 605.4 626.2 653 672.5 697.1 724.4 752.6 777.3 800.7 826.9 855.7 883.6 913.9 937.6 960.5 988.4 1014.9 1044.3 1077.2 1104.6 1117.9 1098 1071.5 1032.2 993.2 960.3 928.9 904.7 885.1 864.5 855.5 843.4
567.9 584.9 597.4 613 631.1 645.3 660 671.4 677.2 681.4 664.6 652.3 642.1 624.3 599.6 577.7 556.9 536.1 519.6 505.1 491.8 477.3 457.3 445 430.2 410.6 400.4 393.2 384.7 373.9 359.2 353.1 344 336.2 337.9 348.7 347.4 363.1 380.6 400.8 425.5 454.9 481.6 507.7 531.2 559 585.4 612.9 634.7 654.8 681.1 708.2 738.1 760.3 782.6 804.6 831.2 856.7 885.7 914.5 939.1 966.8 997 1028.9 1066.8 1093.3 1095.3 1067.1 1036.2 1001.4 967.8 938.7 911.5 887.5 865.2 846.6 841.5 832.3
575.2 592.7 603.6 622.3 637.8 652.4 677.3 687.4 695.1 693.8 669.7 658.8 649.6 638.3 608.8 587.4 564.2 545.6 525.4 506.2 493.6 476.4 462 449.9 435.2 414.9 405 396.6 387.2 377 362.4 355.9 348.3 341.5 339.3 348.9 354.5 366.8 381.2 401.8 423.6 447.8 476.1 495.4 518.6 544.8 573.9 599.6 620.3 641 671.6 696.1 716.4 740.1 765.7 787.3 809.8 833.8 862.5 891 920.5 951.4 984.6 1017.9 1054.9 1080.2 1061.8 1026.2 994.6 961.1 933.9 907.8 886.9 866 844.5 833.5 829.4 821.6
580.8 597.8 613.2 628 642.6 661.3 681.3 698.3 700.7 692 671.9 665.9 658.7 646.4 617.7 590.8 569.9 549.5 527 508 493.4 480.2 467.4 452.7 439 418.2 406.7 400.9 389.7 379.9 367.9 358.4 352.5 347.1 344.5 345.6 356.8 367.8 383.5 402.3 421.1 443.9 468.2 491.1 511.8 533.9 563 585.2 609.4 630.2 658.3 682.9 700.6 722.6 748.5 768.5 793.8 819.2 849.2 880.1 914.7 946.8 979.2 1011.1 1042.9 1054.1 1026 993.8 960.9 933.9 907.4 882.6 864.3 846.1 830.8 824 815.9 809.4
585.4 607.2 620.2 631.1 645.7 665.2 685 700.2 702.6 689 680.7 678.4 666.9 648.9 632.1 603.7 579.8 552.7 530.1 505.7 496.5 486.6 471.7 459.2 443.2 427.2 415.5 405 396.6 385.4 374 364.3 357.5 352.9 352 346.2 360.9 369.6 384 400.9 422.6 442.5 463.2 484.2 500.6 523.2 548.9 573 593 618.3 644.3 665.3 687.7 709.1 731.3 760.6 789.8 821 856 887.9 922.1 951.8 982 1008.5 1027.3 1026.7 995.5 966.7 937.2 909.1 882.2 861.7 844.2 834.1 823.7 810.3 806.7 800.4
579.3 603.3 621.2 630.1 644.2 664.1 683.6 693.8 699.6 691 692.3 683.5 671.8 664.8 654 627.1 593.3 562.8 537.7 511.1 500.1 492 478.1 464.9 450 438.1 426.9 414.5 402.6 387.9 379.8 370.9 365.1 361.3 356.6 355.6 358.5 372.3 385.9 399.3 416.9 440.1 455.5 474.7 492.2 511.8 533.6 553.9 578.6 606.2 628.1 646.7 674.8 703 732.8 762.6 792.4 822.5 860.6 895.4 930.4 961 985.8 1003 1012.7 1005.3 981.4 938.9 911.6 883.6 860.4 840.9 833 823 814.6 804.5 798.2 792.2
574.5 594.9 610.1 625.4 643.7 664.6 676.4 693 695.7 694.2 697.8 695.9 689.5 675.1 666 645.9 608.7 573.3 540.1 513.8 505.2 497.4 486 476.3 465.8 448.9 438.2 425.4 408.7 397.7 390.5 381.3 374.1 367.6 361.3 362.9 357.7 371.2 382.1 396.5 410.8 430.6 447.2 467.8 488.2 508.3 528 542.9 564.6 593 622.2 649.3 674.6 699.9 730.7 760.1 790.8 823.1 859.4 895.2 932.3 962.8 980.3 989.3 995.6 984.8 954.2 918.6 887 857.7 841.5 826.5 818.4 811.6 805 798.3 791.2 783.4
562 579.9 596.6 618 635.6 651.7 670.6 688 696.3 702.4 712.2 712.8 702.9 680.5 665.8 641 615.8 580.4 547.8 521.8 508.2 501 494.5 487.9 477.1 463 452 437.5 420.1 412.3 402.3 392.6 383.3 372.5 370.4 367.2 364.1 369.2 378.2 390.6 405.4 425.2 442.7 462.1 479.3 499 513.8 535.6 560.3 589.2 618.3 642.3 670.6 696 723.4 751.8 782.6 816.5 853.1 891.3 920.7 952.4 962.5 963.9 959.5 949.6 929.5 892.6 860.5 839 824.1 814.4 808.7 804.2 798.4 791.3 784 777.2
543.2 560.3 580.1 601.9 621.5 641.6 663.3 679.9 695.3 704.8 717 726 709.2 683.7 667.8 649.8 621.8 589.4 559.3 536 516.6 506.5 501.9 496.1 486.9 480.4 467.4 456.2 438.7 425.4 413 402.4 392.3 382.4 377.3 373.9 369.5 369.5 376.6 388.4 402.3 421.9 442.1 458 469.1 490.4 506.4 529.1 551.8 580.1 609.9 637.5 664 690.4 716.5 744.6 776.7 806.9 843.6 875.8 906.7 935 939.6 938.4 934.8 925.3 901.3 871.6 847.5 826.4 811.2 804.4 800.2 797 791.6 784.3 778.2 773.6
526.1 545.4 563.4 584.9 608 630.6 655.7 674.4 690.7 713 721.6 730.2 708.3 683.4 668.9 651.5 626.2 606.7 576.1 549.4 527.8 513.9 508.1 502.1 498.2 492.1 484.5 477.8 462.7 442.1 426.9 414.1 401.9 392.3 385.5 380.6 375.5 372.5 374.5 385.3 399.3 414.3 436.9 451.1 462.2 482.5 499.3 519.1 542.5 570.3 600.1 629.1 656.9 685.9 711.2 738.6 769.1 796.6 829.7 860.9 890.6 908.7 913 914.8 912.8 905.7 887.8 861.4 837.3 818.2 800.2 795.4 792.9 789.1 784.4 779.7 775.3 770.6
511.6 529.6 546.1 567.2 590.5 615.5 641.2 665.5 685.9 715.9 724.7 726.8 704.8 684.4 669.8 654.9 637.4 618.6 592.1 569.1 543.8 525.3 512.8 505.3 504.9 503.3 499.9 498.3 482.5 457.4 440.9 426.3 413.6 404.2 395.5 387.7 380.5 378.4 377.8 384.1 395 409.8 429.1 442.3 455.1 473.4 489.4 508.6 532.4 558.5 587.6 615.7 645.5 675 703.2 730.5 759.1 785.7 816.2 846.4 877.3 890 892 894.2 891 886.1 871.5 845.4 832.5 807.5 791.6 786.2 786 784.1 780.8 777 772.4 767.1
505.7 516 533.6 552.7 574.1 604 629.8 652.2 677.4 700.2 717.4 719.5 700.9 690.8 670.3 657.2 641.9 622.5 607.5 588.4 559.2 541.1 524.3 511.6 510.8 510.6 510.9 510.3 493.6 476.6 462.3 443 427.2 412.9 405.7 395.1 384.9 384.6 383.6 382.8 391.9 403.1 420.4 435.1 448.2 462.9 483.9 502 525.4 550.4 576.6 604.6 633.6 661.7 691.9 720.3 746.4 774.4 801.5 832.2 863.5 872.9 875.7 876.7 874.9 870.4 856.9 832.2 809.2 792.9 783.8 781.5 781.3 779.7 777.4 772.6 769.1 764.9
500.2 507.6 521 540.6 562.1 588.4 616.6 643.8 670.6 690.9 705.5 711.6 710 699.7 677.8 661.7 651.6 634 622 601 578.6 571.4 551.2 536.2 521.8 520.3 519.6 518.7 508.2 497.4 480.6 459.4 438 428.6 417.4 404.7 393.5 390.3 386.5 386 392 401.3 412.8 425.4 440.1 455.8 478.1 496.8 520.6 540.4 565.4 592.5 623.4 649.4 678.2 705.4 731.3 757.2 783.1 813.9 841.5 851.8 857.2 862.3 865 861.7 849.1 817.3 793.7 785.7 779 779.5 777.4 775 773.7 771 766.7 761.6
492.6 503.2 511.5 528.7 550.5 573.6 600.8 632.1 660.3 683.6 699.3 707.6 709.6 698.2 694 674.6 659.1 647.8 633 617.7 615 604.1 581.1 564.4 557.5 549.3 538.8 530.2 524.4 513.1 493.9 471.4 460.7 444.4 431.4 417.3 405.3 398.1 392.7 392.8 394.5 400.4 408.5 417.2 433.5 450 468.2 493.4 514.5 533.7 558.5 584.3 612 637.6 665.5 688.6 711.7 740 771.1 794.8 821.2 835.7 843.2 853.4 860.6 856.5 838.6 812.4 784.3 779.1 777.2 776.8 775.6 774.5 772.8 770.6 766 761.5
482.7 495.6 505.6 517.7 539.2 562.4 587.2 618.6 649.8 671.8 696.7 706.6 706.7 706 703.7 694.8 670.4 662.7 647.3 634.3 638.8 632.5 611.7 597.7 598.8 584.5 562.8 547.7 537.2 529.6 508.1 494.2 478.8 461.5 445.5 433.3 419.9 408.7 399.8 395.5 396.5 402.2 408 414.5 426.2 443.8 464.2 488.2 509 527 550.5 572.3 602.6 631.2 654.6 677.9 700.8 722.4 756.7 779.4 801.4 817.3 830.4 847.4 861.1 862.4 837.9 808.9 786 776.4 775.3 774.6 774.4 774.7 773.5 771.9 769.3 766
470 484.5 496.7 508.5 530.4 552.2 576 604.2 635 662.5 689.4 700 709.3 713.6 713.7 712.9 688 680.4 661.6 654.1 655 647.2 639.7 631.5 626.2 615.1 589.6 561.6 548.1 541.2 525.1 511.3 497.6 480.9 466.8 449.5 434.9 420.5 408.5 402.1 397.4 403.8 408.9 418.2 426.2 437.5 458 481.5 501.2 523.4 548.3 568.4 592.8 623.1 646.6 667.8 690.7 714.7 740.9 763.2 782.9 804 826.3 848.7 866 872.5 854.2 829.4 799.6 777.8 775.7 774.5 774.9 774.3 774.1 772.8 772.8 772.2
453.3 469.7 483.7 498.3 518.9 540 565.1 591.7 623 653.7 681.9 702.8 715.4 720.5 723.8 713.8 712 705 685.6 679.5 670.9 670.5 668 656.1 641.6 624.7 607.6 576.1 559.7 549.8 545.9 532.3 516.7 500.1 479.2 459.8 443 426.4 415.4 408.5 403 404.4 410.1 417.9 427.6 441.4 458 476.4 496.2 518.5 541.8 564.4 590.6 616.4 642.6 663.7 685.7 706.2 729.9 754 775.1 797.7 828.5 856.4 875.8 888.6 886.9 862.9 830.8 797.1 781.7 781.7 778.1 777.8 774 775.2 775.7 775.1
447.1 460.2 473.2 485.1 508.9 531 553.7 580.2 613 646.8 677 704.7 717.8 727.5 732 736 736 733.8 721.2 710.2 704.4 691 686.5 672.7 648.3 635.8 615.4 590 567.5 558.5 561.4 549.6 539.4 521.3 502.1 480.3 458.9 437.3 421.8 416.4 408.8 405.9 412.4 420.1 427.9 439.6 454.7 474.5 494.4 513.8 535.8 559 583.7 611.9 640.7 662.7 685.1 707.7 730 752.6 774 804.6 838.9 867.9 887.4 906.3 914 904.5 855.6 814.6 797.9 792.8 785.3 782.3 776.1 776.8 778.2 777.7
442.3 455.8 466.9 478.9 496.8 520.5 545.1 572.7 603.1 636.1 668.5 698.9 721 734 742.5 752 754.9 756 752.1 743.9 737.3 715.7 696.1 674.3 647.7 637.3 618.1 593.7 577.9 570.3 573.3 567.3 562.2 542.1 524.9 498.3 473.9 450.2 430.5 423.1 414.8 407.6 414.3 421.6 429.1 439.1 453.1 473.5 495.9 515.6 540.4 561.8 584.3 607.9 638.4 668.1 690.2 712 734.1 756.8 787.8 822.3 854.4 881.8 904.2 924.5 926.9 906.2 866.7 829.7 816.2 808.9 796.5 786.2 780.1 780.4 781.8 781.4
433.9 451.2 461.5 474.1 487.2 510.1 539 568.8 595.2 624.3 657.7 687.4 720 735.8 752.5 762.3 768.2 770.7 769.7 767.4 747.7 737.9 710.6 682.9 659.4 631.9 620.1 603.5 589.7 586.1 588 583.4 572.7 550.7 527.8 506.6 486.9 462.6 442.4 428.3 420.9 418.6 415.9 424.5 431.8 442.5 453.8 472.9 493.5 515.5 538.5 562.9 586.2 607 636.6 669.5 696.1 717.7 742.4 773.6 802.7 839.1 870.8 898 921.7 942.6 946.1 910.8 884.3 858.4 839 829.9 820.6 803.8 787.5 786.8 785.3 786.6
435 448.7 459.6 472.8 481.4 505 533.3 564.8 594.7 619.7 650.4 682.3 714.1 740.3 758.2 770.4 776.8 783.3 786.7 782.2 768.5 749.1 723 700.3 667 639.5 623.2 611.5 597.8 588.2 594 591.7 576.9 557.2 534.9 514.7 497.3 477.4 452.1 434.6 427.5 423.7 417.7 426.3 430.6 440.4 454.8 474.7 497.2 518 540.6 563.4 589 609.3 637.8 667.8 700 728.4 755.4 784.6 816.8 853.5 884 913 938.8 960.6 969.9 932.8 906.2 884.8 867.3 856.1 843.8 824.3 804 798.8 797.7 798
