app/static/ascii/NN43.asc
ncols 200
nrows 200
xllcorner 240000
yllcorner 730000
cellsize 50
[rows 70 to 104 of 200, columns 78 to 155 of 200]
600.9 593.5 586.8 584.1 579.9 577.2 579.5 575 571.1 566.7 558 548.9 535.8 526 519.2 509.3 496.4 485.8 473.1 460.9 448 436.1 425.6 415.2 404.9 396 385.1 377.3 367.8 355.8 349.2 338.7 329.8 319.8 313.7 309 300.1 294.2 288.5 282.5 277.6 275.3 268.7 263.4 260.1 255.5 251.5 247.3 242.9 236.1 233 231 232.6 228.8 225.6 222.3 218 214 207.3 206.8 206.2 204.1 201.8 213 210.7 211.1 208.7 206.1 205.9 206.6 209 204.5 203.5 202.5 201.8 208.3 197.4 198.1
574.5 571.8 570.9 566.8 561 561.9 556.1 556.7 549.5 543.3 537.5 527.3 522 507.9 497.1 489.9 479.1 466.6 451.8 441.4 430.1 418.5 410.8 400.4 392 383 372.3 364.1 355.2 346.5 337.2 329.9 318.8 308.2 302.2 295.7 290.4 283.9 278.7 272.3 268.2 264 259.3 255.9 252.1 246.5 243.2 237.8 233.9 232 229.2 225.4 224.7 222.9 220.8 218.1 214.5 212.7 212.5 212.6 204.7 204.2 213.6 214.8 215.1 214.9 212.6 213.1 209.4 213.7 210.1 208.6 208.3 205.4 205.3 203.1 200.5 206
560.3 557.4 554.6 549.3 551.1 545.2 537.1 538.8 529.4 525.2 514.9 511 496.8 490.1 477.9 466.3 457.5 445.8 436 425.2 417.4 405.2 393.4 388.4 379.6 370.1 360.4 353.4 341.7 331.9 319.5 311.4 304.1 296.9 291.9 285.2 279.2 274.7 268.3 264 261.7 260 255.7 250.8 248.4 239.9 235.1 230.7 227.9 229.2 225.9 224.5 220.4 218.8 216 213.2 211.7 213.7 219.7 225.8 218 217 215.7 216.8 219.2 219.7 218.6 219 214.1 216.2 217.5 215.7 213.8 210.4 211.3 210.1 210.2 210.4
541.1 538.8 536.5 531.1 531.3 528.1 520.4 517.3 509.7 506.4 497.5 488.5 480.1 470 457.4 445.5 438.7 429.2 419.5 410.2 400.4 389.7 379.5 373.2 367.1 357.6 346.7 336.5 326.4 320.3 308.8 301.1 294.9 284.1 279.9 274.2 270.2 267.7 259.2 258.1 257.3 254.2 247.8 243.6 240.2 233.8 227.8 226.3 224.7 222.3 221.6 220.2 218.6 215.6 213.9 215.4 217.4 219.7 221.1 220.8 218.4 217.1 220 223.7 223.9 225.6 223.5 224.9 220.4 224.3 224.2 225.3 224 221.4 221.8 219.5 220.1 218
520 515.7 513.6 513.4 513.7 511.1 501.5 501.1 492.2 488.3 476.6 467.4 454.4 448.7 437.7 430.3 420.8 410.8 400.3 391.2 384.3 376.4 366.7 358.1 344.6 339 331.8 320.9 310.3 305.3 296.4 288.8 281.7 274.3 268.6 264.9 266 260.1 253.8 253.5 251.6 247.7 242.5 240.2 232.5 228.3 222 221.5 219.7 219.9 219 217.5 213.8 215.7 218.5 219.3 221 221.6 220.6 219.4 218.6 220.4 224.4 226.7 228.7 230.3 229.9 230.7 229 231.4 230 232.3 232.8 232.1 229.8 228.1 228.4 230.2
501.5 499.2 494.6 495.9 496 491.1 483.4 479.9 469.2 464.6 455.3 445.4 439 430.8 416.7 412.1 399.3 391.1 382.6 374.5 367.2 357.5 345.5 343.5 334.8 323.7 318.3 312.9 303.8 292.8 284.8 278.5 275.7 269.9 263 257.3 260.4 257.4 250.3 249.1 245.1 241 236.4 232.8 226.4 222.4 218.7 218.3 217.3 217.4 217.6 214.3 216.3 217.5 219.6 221.2 220.5 220.3 220.6 219 221.5 223.6 227.2 232.4 234.7 234.7 236.5 238 236.4 239.7 238 239.7 239.7 239.9 239.2 239.4 240.6 240.7
481 477.7 476.5 474 474.9 469.9 463.3 456.3 450.2 443 436 427.2 416.3 407.8 400.1 391.1 382.9 370.1 364.2 356.1 349.9 344.6 332.6 324.6 316.3 310.2 304 297.8 287.4 285.9 277.1 272.2 264.9 262.6 257.6 252.4 255 253.7 245.5 241.8 237.4 233.5 231.3 226.2 221.7 219.2 215.8 218.1 217.1 216.8 216.1 215.6 214.6 217.2 218.8 221.9 220.7 221 220.1 221.3 224.3 228.7 231.3 239.1 241.7 243.9 246.4 248.1 245.2 251.2 250.7 252.3 251.1 250 250.6 252.9 253.3 253.3
459.4 458.3 456.9 453.1 454.2 449.5 442.5 433.4 429.4 420.6 413.3 406 394.5 389.2 381.6 373.1 367.6 357.2 347.8 336.9 331 326.4 319.8 313.8 304.4 294.2 294.6 286.6 277.1 273.2 266.5 262.5 254.9 259.3 257 245.2 244.5 242.4 238 236.5 231.9 228.6 226.2 221.1 217.7 215.8 214.3 216.8 214.9 214.1 215.1 215.8 213.6 216.6 217.5 221.5 221.3 220.4 220.9 224.2 230.8 236.4 240 246.4 250.1 252.5 257.2 262.7 261 264.7 262.4 263.1 261.8 264.4 264.5 267.5 266 263.3
441.6 441 439 433.8 434.5 428.3 420.3 415 409.4 399.7 395 386.9 378.7 371.1 365.1 356.3 348.8 345.2 332.8 321.8 311.7 306.9 299.6 299.6 294.6 282.4 276.6 271.8 265.6 262.7 257.8 252.9 248.2 246.3 244.8 240.2 238.8 235.3 232.6 229.7 227.1 224.3 220 217.9 216.3 214.9 217.7 217.9 216.4 216.7 215.9 216 216.1 218.7 218.5 221.8 223 225.5 229.8 233.4 240.2 248.2 253.1 259.1 263.6 263.6 266.8 271.3 272.5 276.3 275.5 276.5 280.8 283.5 283 279.4 275.8 276.4
424.5 425.8 422.8 418.7 413.4 409.6 404.8 398 388.8 384.7 376.3 368.5 362 354.1 350.1 340.7 329.5 323.7 321 312.9 302.1 291.8 286.6 282.4 285.4 276.5 267.1 263.5 258.8 255.1 251.2 245.9 243.4 239.3 238.5 236.5 236.1 229.5 227.9 225 221.9 218.6 216.7 216.1 214.9 216.3 216.1 218.2 217.8 220.1 219.8 218.8 218.2 220.3 222.5 223.8 229.7 233.6 242.6 246.2 254.9 262.8 265 269.7 274 277.5 281.4 284 285.6 290.6 293.3 297.6 297.6 304.3 303.4 300.8 296.3 294.9
413.1 411.7 407.5 402.5 394 393.3 386.8 381.5 373 368 354.7 352.5 343.3 338.8 335 322.8 322.1 310.3 302.9 296 293.7 282.9 275.2 269.2 268.4 264.7 259 251.4 249.4 244.1 244.1 242.4 237.7 235 234 231.5 227 224.7 221.6 218.9 216.8 216.4 214.8 217.3 216.2 215.9 217 219.2 220.5 221 222.1 221.8 221.5 225.7 229.1 234.2 241.5 246.9 257.3 263.8 271.5 278 280.6 284.3 290.1 293.9 301 306.1 306.1 309.4 319.2 324.6 322.3 326.9 324.8 325.8 325 314.6
398.5 395.4 390.6 385.5 380.2 375.9 371.9 363.6 358.3 349.2 338.8 331.7 328.4 321.5 321 308.9 305.2 301.2 288.9 279.8 281.9 273.3 265.1 262.7 256.8 252.6 247.1 243.2 240.6 238.1 237.9 237.7 233.6 231.4 228.5 227.3 222.3 218.3 217.1 215.3 216 216.9 218.3 218.2 218.2 218.3 217.7 219.8 223.4 225.9 224.2 227.1 233.7 234.8 241.1 247.6 256.5 265.3 272.4 280.9 288.6 293 296.5 302.3 307.3 313.2 317.7 324.4 323.9 331.8 348.8 345.8 342.9 349.8 355.1 358.8 355.3 340.6
382.7 379.9 375.4 369 363.9 355.9 352.6 346.1 338.2 330.7 326.8 317.1 311.7 307 301.9 296.7 290.1 285 275.9 273.2 264.8 261.6 256.5 251.2 247.1 245.6 241.1 240.9 234.8 237.7 235.4 232.8 230.7 230.2 227 222.7 219.2 216.1 215.9 216.2 216.9 218.1 219.3 219.7 220.3 219.2 218.7 220.3 228.1 226.1 233.6 235 240.7 248.2 256.7 261.3 273.2 281.7 287.9 296.6 305.2 309.9 315.7 319.6 321.5 329.6 334.7 337.6 337.6 346.9 357.2 367 373.2 382.9 386.4 384.9 375 367.5
364.8 359.5 357.4 351 347.9 342.6 337.3 329.5 326.3 315.5 316.8 312.2 297.9 292.3 288.7 287.3 280.6 279.7 273.1 260.4 254.3 250.5 249.3 244.7 239.8 238 235.4 235.2 231 232.3 229.5 227.3 228.4 226.4 224.6 220 217.3 216.8 217.1 217.3 218.5 218.8 220.6 221.8 222.3 220.7 222.3 223.8 230.8 234.7 242.8 247.8 255 264.1 273.1 281.6 289.7 297.5 305.9 315.2 324.1 330.3 337 339.9 340.7 345 349.7 351.9 355.1 364.3 372.8 388.2 398 401.1 404.5 405.6 400.3 386
350.2 346.8 341.4 334.2 331.9 330.4 321.6 314.6 306.8 299.8 301.1 294.1 291.7 280.3 276.6 268.3 264.4 261.9 255.9 256.9 251.5 245.9 238.3 236 234.4 233.4 229.2 231.2 230.5 227.1 226.8 225.7 226.1 222.1 218.6 217.5 215.9 216.8 217.1 217.6 218.5 220.1 221.1 224.3 225.5 224.2 227.4 233.3 238.7 247.1 255 262.4 268.9 277.1 288.1 300 310 318.4 326.3 335.6 344.2 356.5 367.7 367.5 366.8 365.2 369.5 377.3 378.2 382.4 390.4 412.5 421.9 423.7 420.9 421.5 417.5 425.7
334.9 332.8 328.5 319.2 314.6 315 308.3 303 294.6 285.7 282.5 278 275 268.8 270.2 258.7 256.5 252 247.7 241.8 238.4 240.9 236.4 229.4 230.6 227.7 225.7 226.2 226.5 224.9 225.9 221.7 221.6 218.9 217.5 217.6 215.9 217.5 217.2 217.5 218.7 221.7 226.8 226.3 229 234.7 238.1 243.1 251.5 258.9 265.5 275.3 281.7 294.1 306.8 317.8 328.1 337.4 347 358.4 368.9 382.5 391.4 388.8 389.7 384.4 387.8 391.6 392 403.1 410.9 429 440.4 443.3 443.2 446.4 443.1 445.6
319 318.5 314.1 307 299.5 295.7 292 294.5 285.7 274.5 270.8 268.2 263.8 260.2 257.6 256.1 244.2 248.9 243.8 235.3 232 228.7 228.9 226.4 225 223.5 225 224.3 223.4 225.2 221.8 219.2 218.3 217.5 217.6 217 216.6 217.2 217.5 220.8 227.9 227.4 232.2 233.7 232.3 239.6 244.1 253.5 263 269.9 276.4 287.2 298.1 310.5 324.5 334.4 343.6 354.4 369.2 385.1 394.7 400.8 412.3 407.7 400.6 402.3 406.6 411.9 407.2 418.6 427.1 440.6 449.5 455.3 461.5 465.4 462.7 464.7
309 301 303.7 296.7 287.3 283.8 277.3 273.8 272.6 270.9 258.6 256.7 252.2 249 244.8 245.5 236.8 232.9 231.7 227.6 227.9 226.1 224.3 224.5 228.9 221 220.2 220.1 220 218 217.4 217.7 217.3 217.5 216.9 216.5 217.9 217.8 228.1 232.8 238.3 239.6 238.2 245.2 240.2 242.9 245.2 261.6 273.1 282.5 289.5 301.3 314 326.9 337.3 348.8 359.6 374.3 390.5 406.5 410.6 414.4 420.5 418.2 414.6 420.5 430.8 436.4 424.6 443 443.2 450.4 453.4 463 471.6 468 471.3 473.4
296.7 290.9 288.2 288.7 274.4 272.8 265.6 263.1 262.4 256.7 249 247 244.8 239.5 240 234.3 229.2 227 226.3 222.4 220.5 223.8 220.5 220.4 221.4 219.5 217.8 219 218.3 218.8 218.6 218.3 218.2 217.9 217.9 217.9 220.9 224.4 241.4 240.9 243.6 247 250.3 252 249.8 255.9 258.6 269.1 283.1 295.2 307 318.6 331.3 342.1 351.2 362.3 380.5 391.6 401.8 411.2 416.6 425.7 440.2 440.2 439.7 441.5 447.5 454.9 441.5 454.2 453.7 465.7 471 470.7 479.8 484.2 485.2 476.5
285.4 280.1 282.8 276.3 262.5 263.2 257 251.4 249.8 245.4 240.2 242.4 242.6 231.1 233.1 226.7 224.2 222.5 220.8 220.4 219.7 220.1 219.9 219.7 219.5 218.9 219.7 219.8 219.5 219.2 218.7 221.4 219.2 220 223.7 227 230 234 245 251.9 251.4 256.8 261.9 262.5 259.4 268.2 275.7 274.3 292 310.8 322.5 335 345.9 358.9 369.3 376.7 390.8 400.5 411.7 421 432.2 441.4 448.7 446.5 454.4 460 463 457.8 450.8 458.2 468.3 480.9 485.3 486.7 482.8 488.7 491.5 483.2
269.5 266.3 262.2 256.8 254 253.8 245.9 241.1 238.3 236.8 232.1 230 227.9 227 224.5 222.1 222.2 221.1 220.5 219.9 220.1 219.9 219.7 219.6 219.4 220.6 221.3 220.9 221 220.9 222.2 228 225.2 232.4 236.1 236.6 241.3 249.8 251.2 255.8 261.9 263.2 267.5 269.4 271.4 283.6 290.6 279.7 297.4 315.4 332.3 345.7 356.8 367 375.7 386.3 400.5 406.9 417.5 428.2 440.2 449.8 462 463.9 464.7 466.6 469 464.9 458.4 465.5 480.2 487.9 484.5 482.8 485.6 487.1 490.9 492.3
258.5 254.5 250.5 245.2 242.8 240.1 235.9 235.3 231.9 230.1 227.8 226 224.6 223.4 222.4 221.1 220.8 220.8 219.5 220.3 220.1 219.9 219.3 219.2 222.2 222.8 222.9 223.5 227.4 231.7 232.4 227.6 233.9 244.2 244.8 246.3 250.6 256.5 260.3 265 270.5 276.7 280 286.8 287 296.8 304.7 309.6 324.4 333.9 340.4 352.3 364.6 375.7 385 397.9 407.9 414.6 427.6 439.8 449.4 459.6 470.5 470.3 470.4 476.8 478.7 479.9 469 473.6 477.7 484.2 481.1 485.1 491.5 497.5 496.9 503
251.1 244.2 239.9 236.5 234.6 231.9 229 229.1 224.2 225.1 224.3 223.5 222.7 221.8 221.2 221.1 220.6 219.9 220.1 220.4 220.2 220 219.7 222.1 225.1 226.8 226.2 226.6 230.4 232.8 239.8 239.3 249.6 249.8 256.5 254.8 263.5 272.2 275.2 285.6 294.9 297.8 302.6 305.4 306.7 310.9 321.9 332.6 341 353.7 361.3 365.9 368.2 387.2 395.8 408.2 417.8 427.6 435 447.7 460.1 471.8 471.5 477.4 483.1 487.6 487.4 492 483.5 485.2 478.7 479.3 484.6 491.6 496.8 501.9 509.9 511.6
238.4 235.7 232.6 229.6 226.9 228.1 226.2 224.7 223 222.8 222.4 222.4 221.9 221.4 221 220 220.9 220.7 220 220.8 221.6 220.3 222.1 226.7 233.5 230.7 230.4 231.7 243.2 246.1 250.8 252.4 261.7 262 271.4 272.8 278.7 287.7 304 321.7 319.9 320.8 320.3 327.8 324.2 328.8 339.2 348.8 357.3 366.3 375 382.9 382.3 397.6 408.5 417.2 433.5 444.3 443.7 448.2 461.3 476.8 480.5 481.4 488.1 493.1 495 500 492.3 479.9 480.3 486.2 491.6 497.3 503.8 512.6 520.1 518.8
231.1 230.1 228.9 226.7 224.6 224.3 222.7 223 222.6 222.2 221.5 222.1 221.9 221.6 219.9 225.3 222.2 220.9 224 231.6 228 229.4 233.8 242.6 237.5 236 234.1 238.5 252 255.6 259.6 270 280.6 281.5 285.4 295.9 304 317.5 330.6 340.2 343.5 344.5 342.8 342.2 341.9 349.9 356.1 365.2 373.6 375.8 390.6 394.8 391.9 405.4 425.1 433.4 438.4 446.4 447.6 456.6 464.2 480.8 491.7 490.3 492.9 495.3 499.8 498.3 483 482.1 491.8 496.1 499.1 501.8 517.1 522.2 527.1 522.2
226.7 225.6 225 224.1 223.1 223.8 223.4 223.5 223.5 222.9 222.4 221.7 220.6 222.5 223.5 228.6 224.6 222.9 227.5 230.2 229.7 234.8 246.5 249.1 243.9 242.4 242.5 252.9 259.7 267.5 276.2 286.7 291.1 296.8 307.7 320.1 332.3 341.3 353.1 363.1 360.3 365.1 362.5 358.5 357.7 365.3 373.5 387.5 397.7 402.6 408.2 413.4 416.1 408.8 429.9 437.7 441.8 444.4 447.6 460.1 470.5 481.3 489.5 492.6 499.8 504.3 500 491.2 482.8 489.9 497.8 504.4 508.5 511 517.5 524.6 525.9 523.4
225.6 224.8 224.2 224.6 224.3 224.4 224.6 226.1 225.4 226.9 223.1 225.1 226.6 226.4 229.6 230.2 228.6 232 233.8 235.8 239.7 245.5 250.1 252.9 251 254.8 251.2 264.7 275.1 278.1 283.4 291.2 300 310.5 326.7 339.3 356.3 363.7 371.2 378.9 380.9 380 382.9 385.1 381.6 385.3 395.1 406.6 417.1 426.3 425.9 427.5 431.2 429.7 433.7 443.8 456.7 456.7 459.2 469.5 469.7 478.3 485.3 495.6 506.3 506.1 494.5 490.2 497.8 504 505.7 515.7 522.4 517.9 517.5 522.7 525.8 526.8
225.8 224.2 225.8 226 227.3 227.9 228.7 227.8 226.9 228.1 229.4 231.2 236.2 233.6 241.4 234.3 234.2 241.5 242.2 244.7 254.8 254.3 255.6 260.7 264.6 270.1 269.6 274.8 290.4 289.9 294.4 302.6 317.5 330.1 346 359.9 377.7 390.3 394.6 401.9 411.9 419.1 413.8 409 400.7 406.9 420.9 429 433.4 435.4 439.5 437.8 444.7 439.2 439.2 453.7 460.7 462.1 471.1 472 474.5 482 492 502.4 508.1 507.1 499.9 498.3 502.7 512.7 516.4 522.2 523 525.7 522.5 523.4 527.6 527.9
226.7 228.5 228.4 229.9 228.7 229.5 231.1 231.2 230.3 231 234.4 236.9 239.3 237.8 243.3 239.8 247 249.1 252.7 255.5 263 267.6 266.3 276.2 286.5 292.8 277.9 286.1 295.9 303.5 311.8 320.7 333.2 348.4 363.7 380.3 397.5 413.6 427.7 442 447.5 445.1 436 430.6 435 435.8 448.7 450.5 451.6 448.8 443.4 445.6 445 440.2 448.3 459.2 465.5 465.8 472.1 471.9 478.1 487.8 500.3 504.1 507.8 506.1 498.8 503.2 509.1 513.4 522.8 524.4 525.3 528.4 532.1 529.6 529.8 529
230.8 236.5 234.5 232.9 231.3 232 235.3 232.8 237.3 239.7 246 240.3 245.6 246 246.9 250.8 253.4 258.2 264.2 269.8 269.4 276.9 283.4 296.4 310.3 301.8 284.3 293.6 303.7 314.1 325 335.1 348.3 365.8 383.1 396.5 413.9 435.9 449.4 464.8 470.5 466.9 460.5 461.4 460.5 462.7 472.5 467 462.1 456 448.4 449.4 448.6 445.5 448.9 455.6 465.7 471.7 472.2 475.9 482.3 491.8 497 502.4 506.9 503.7 504.8 510.4 511.9 519.1 526.4 532 533.1 534.8 539.1 537.5 535.4 536.4
234.9 234.7 236.5 235.9 238.2 235.2 238.6 238.1 240.5 253.6 247.2 247.6 251.6 255.4 256.8 261.3 265 271.9 276.8 282.4 296.8 299.8 297.2 307.2 307 303 290.8 299.2 311.7 322.2 333.1 346 360.1 376.3 392 410.6 427.1 447.8 464.2 476.6 486.1 477.5 480 487 482.1 490.5 487.6 485.9 474.7 460.5 468.4 467.7 464.5 454.7 454.4 457.5 466 473 475.6 480.6 478.9 491.3 498.3 508.3 509.2 506 512.8 515.6 517.3 528.7 540 540.4 545.7 546.7 550.2 543 540.3 535.8
239 238.9 241.7 243.5 241.1 242.8 246.3 245.1 250.6 259.8 259.2 258.5 263.1 269.3 271 272.4 276.8 283.3 290.7 298.6 305 301 304.8 306.4 307.8 307.8 298.1 308.5 320.6 331.3 340.6 353.3 369.5 387 402.1 415.1 435.6 457.8 473.4 487.8 492.1 490.1 491.6 498.2 499.3 511.6 503.6 499.2 483.3 474.1 482.5 479.8 472.8 456 463.1 464.6 466.5 472.6 477 486.4 491.7 492.2 496.9 501.4 506 508.1 513.3 522.1 525 534.8 542.3 548.1 551.8 550.4 549.9 545.4 542.8 537.1
246.2 246.3 249.2 252.4 248 251.3 253.3 257 257.9 269 272.3 276.2 284.1 286.9 286.3 286.9 288.3 292.7 298.6 304.6 307.3 311.9 308.8 313.8 313.1 315.6 304.3 316.5 326.9 336.4 347.2 361.7 380.9 392.4 405.6 423.8 448.1 470.4 483.4 496.7 505.2 505.9 506.8 510.1 518 527 517.1 512.3 496.4 491.1 498.4 489 477.6 468.9 467.2 471.8 477.4 480.9 481.6 483.8 488.4 500.3 502.7 503.6 508.9 512.2 518.8 525.6 532.8 539.6 547.6 553.4 554.7 554.9 557.6 550.5 551.1 544.6
254 257.4 263.9 256 261.1 264.4 272.2 271.4 269.9 275.8 282.9 289.8 296.1 302 302.2 303 305.1 304.7 313.5 316 312.1 318.6 317.8 320.5 318.5 318.4 307.2 324.4 334 343.8 357.4 370.7 383.3 396.8 416 433.1 456.1 477.1 492.4 511.3 514.8 513.7 523 527.1 535.8 534 524.7 516.1 500.7 502.4 500.7 488.9 476.6 469.7 474.6 477 492.9 492.9 491.8 495 494.2 502.6 501.9 504.9 514.6 524 527.5 534 540.9 545.7 550.2 556.2 559.4 558 555.6 555.9 558.1 553.6
261.3 265.7 272.2 268.6 277 286 281.2 286.1 283.1 291 294.7 304.9 313.1 315.2 319.9 318.6 316.7 319.9 326.3 324.5 322.3 324.2 326.8 325.3 325.7 322.1 321.4 327.1 343.3 352.5 363.6 373.5 386.9 400.9 418.3 435.8 462.4 482.1 500.5 516.4 525.5 524.7 538.6 543.8 546.6 540.4 535.8 526.4 507.6 505.2 494.7 486.5 479.7 482.3 485.3 486 496.1 499.7 498.4 497.6 508.6 503.6 504.2 511.6 523.3 532.4 533.3 537 545.8 550.3 556.8 561.6 560.7 560.1 563.9 563 556.9 556.7
