app/static/ascii/NN44.asc
ncols 200
nrows 200
xllcorner 240000
yllcorner 740000
cellsize 50
[rows 35 to 69 of 200, columns 78 to 155 of 200]
594 597 596.9 595.8 595.7 594.3 594.1 593.5 593 592.4 591.3 591.4 593.5 593.3 595.2 597.4 597.5 595.9 600.8 604.1 610.1 610.9 615.1 619 622.8 627.3 632.3 639.2 645.6 649.7 655.3 661.3 667.7 675.4 681.7 686.3 689.2 692.3 695.2 696.2 697.2 698 698.9 697.9 700.3 701.1 700.7 699.4 697.8 696.4 696.9 696.5 697.7 698.2 695.5 697.4 696.6 699.2 703.8 707 711.3 714.5 716.8 718.4 724 728.8 732.2 737.5 742.9 749.1 754.6 760.7 766.5 772.4 781.7 786.5 789.6 789.1
600 603.7 605.3 603.4 601.2 600.3 600.2 599.8 598.5 599.3 595.8 597.6 597.8 597 598.2 600 599.2 600.6 601 607.7 609.5 614.1 622 626.6 629.1 630.2 636.6 644.3 651.8 658.4 664.9 671.9 678.4 686 691.2 696.1 700.9 704 707.9 707.3 707 706.9 708.4 709.9 709.9 710.4 709.9 708.8 707.5 704.9 705.3 706.4 704.1 701.7 699.3 700.6 701.1 703.7 704.6 705.6 710.3 710.9 711.4 716 720.7 725 730.1 734.6 740.1 745.5 751.2 757.6 764 771.2 779.3 783.6 785 784.7
607.7 610.8 611 610.5 607.8 607.6 607.2 604 603.3 602.3 601.8 600.5 602.7 601.3 602.6 602.3 601.8 603.2 607 610.7 611.8 615.3 620 628.1 631.5 634.9 640.9 650.1 659.2 666.2 673.8 680.6 689.6 695.5 701.9 707.5 712 714.4 717 719.3 717.5 717.1 718.6 719.3 718.6 718.1 717.7 717.4 716.3 715.5 715.1 713.2 710.4 709.3 706.1 705.7 704.7 706.6 706.2 705.3 709.7 707.8 710.5 712.7 716.2 719.9 725.6 731.4 736.8 742 747.4 753.7 760.3 767.7 775.2 780.5 780.6 780.2
617.5 619.8 621.1 619.9 616.6 614.8 613.4 609.8 608.4 608.3 610.7 608.9 608.8 609.1 606.8 608.2 607.3 607.5 610 612.5 619.9 620.3 623.7 630.3 635.2 640.3 644.9 655.5 665.4 673.9 681.4 690 698.2 706.6 714.8 719.7 725.8 729.9 733 733.3 732.9 731.1 729.6 729 729.1 727.8 726.3 725.7 724.8 724 721.5 720 719.1 714.3 712.1 710.6 706.8 705.8 705.1 706.9 705.8 706.3 708 710 713.2 716.6 721.4 726.5 732.5 738.2 743.5 749.8 757.1 764.4 771.4 777.6 777.1 776.7
627.3 630.6 632.7 631.3 628.8 625 621.2 618.4 618.1 614.3 613.5 612.8 616.6 616.8 616.7 616.1 615.8 615.5 617.9 617 626.5 625.4 627.5 632.1 637.4 642.6 648.4 660.9 669.6 680.4 689.1 700.1 707.8 719.5 728.3 737.9 745.6 752.2 755.6 754.1 747.8 743.3 741.2 740.3 739.7 737.7 735.6 732.9 732.2 730.4 727.1 723.8 721.5 718.8 716.3 713.3 710.7 707.3 705.4 704.1 704.4 704.9 705.3 707.2 709.6 713.1 717.6 721.3 727.1 733.5 739.6 746.6 753.9 761.3 768.7 776.5 771.8 771.1
637.9 643.7 647.9 643.2 639.1 634.2 631.1 628 624.4 621.1 618.9 621.5 624.9 623.7 624.7 624 625.7 625.4 625.6 623.1 624.6 625.4 629.5 635.3 640.8 646.5 652.9 663.4 674 685.4 696.3 710.1 721.8 733.4 749.8 760.2 766.6 772.1 776.4 777.3 765.9 758.2 753.5 751.6 748.6 746.9 742.7 739.8 737.4 734.4 731.8 728 725.2 721.8 718.7 716.4 713.4 709.7 706.4 704.8 703.9 703.3 702.5 704.6 706.7 709 713 716.8 721.8 728.6 735.6 743.3 751.1 758.4 765.5 773.1 771.6 768.7
650.8 655.9 654.6 650.7 647.1 642.8 641 635.1 630 631 634 632.6 635.5 633.8 633.4 632 633.5 633 632.5 630.6 628.8 627.9 630.6 638.7 645.2 650.1 656.7 666.4 678.4 689.6 702.6 716.6 730.3 744.6 758.5 767.4 776.7 784.4 790.4 789.1 780.5 774.7 764.6 762.6 758.3 754 750.4 746.4 741.8 738.3 736.7 732 727.7 724.5 721.4 720.2 716.4 710 708.3 704.8 702.6 700.9 700.5 702.3 704.3 706.5 710 713.5 718.4 724.7 731.7 738.3 746.9 755.3 762.3 769.1 772.3 769
663.8 668.2 666.6 658.1 653.4 652.4 650.6 645.3 642.9 644.6 645.1 644.2 647.5 650 644.9 643.2 639.8 640 638.6 638.9 631.3 630.5 632.1 636.8 643.1 650.9 656.7 667.1 680 691.1 703.9 719.8 734.2 749.8 763.8 779 789.1 797 804.1 804.6 802.7 797.7 784.7 773.1 766.2 757 753.2 750.8 746.3 742.2 740.8 734.7 730.5 728.3 724.6 722.3 717.5 713.6 709.4 705.4 701.5 699.3 699.1 700.2 701.2 704.3 707.4 711.2 715.3 721.5 728.1 734.9 743.9 753 759.8 766.7 770.5 770.9
675.4 678.3 674.4 669.9 664 659.5 656.6 658.1 655.7 655.5 657.3 657.7 662.3 661.2 657.1 655.5 652.3 650.8 645.5 641.5 637.4 635 633.6 637.5 641.5 648.1 657.1 667.6 678.7 690.1 704.1 718.5 734 751.7 770.1 785.8 800.3 810.3 821.9 825.6 823.4 820.4 806.8 787.1 770.3 761.8 756.8 752.8 750.6 745.2 739.4 735.2 732.7 730.8 727.7 723.1 719.6 714.2 709.2 705.5 701.7 698.5 697.8 697.9 698.7 701.1 704.1 707.8 712.1 718.8 725.5 732.1 739.3 749.4 757.5 765.9 772.1 773.5
684.8 683.8 680.1 676.5 673.1 669.9 669.3 669.1 669.3 669.7 669.4 668.5 673.9 672.4 671.9 670.5 666 659.1 653 648.8 642.6 639.6 637.8 638.1 641.7 646.4 651.6 662.5 675.2 689.9 699.8 714.7 732.7 751.6 769.8 787.4 801.2 814.6 824.4 829.8 825.7 820.9 810.5 798.3 777.9 764.8 761.1 754.4 751.1 746.1 738.5 736.6 735 733.1 730.1 723.1 717.9 713.2 709 704.1 700 697.1 694.6 696.1 697.1 698.3 700.7 704.7 709.9 716.4 723.2 729.3 736.2 747.5 757.4 765.1 771.2 771.5
686.9 689.2 685.7 683.4 683.3 680.2 681.8 685.2 684.5 685.3 687.5 690.2 691.5 689.5 685.9 688.2 682.5 673.8 663.1 655.4 648.7 645.9 640.9 640.2 642.4 645.6 649.8 658.3 669.2 682.2 695.7 713.4 731 748.7 767.6 783.8 796.9 810.6 819.3 823.5 821.4 817.9 803.3 794.1 785.8 767.7 764.6 754.8 746.2 743.1 739.5 738.6 736.1 733.7 730.4 723.2 717.9 712.4 707.7 702.5 697.4 694.4 692.7 694.2 695.2 696.1 697.3 700.8 707.2 714.1 720.2 725.9 733.5 742.6 752.9 764.1 768.4 771
687.3 691.1 689.7 689.2 690.7 692 695.8 696 701.4 702.8 705.4 708.8 711.3 707.3 707 703.8 694.9 683.3 670.1 664.9 655.7 652.9 647.1 645.1 642.5 644.2 648.4 655.2 665.5 676.9 695.4 713.2 730.7 746.1 761.5 778 791.7 803.5 811.4 814.8 814.7 809.3 800.6 791.9 781.5 772 760.5 751.8 745 741.4 741.2 738.6 736.1 733.4 730.4 724.6 719 711.5 706.8 701.2 695.8 691.6 690.6 691.4 692.9 693.7 694.4 697.7 704.1 710.4 715.8 723.5 731.8 739.3 753.2 762.1 766.8 768.7
689.7 690.7 694.7 697.7 699.3 701.7 706.1 710.5 714.5 718.7 721.3 723.9 726.2 727.3 727 720.9 708.9 696.1 682.9 677.9 669.5 663 655.9 650 646.7 646.7 649.3 655.4 664.7 678.3 693.6 712.6 729.8 744.6 757.2 772.6 784.4 794.5 802.6 803.9 804.5 800.1 792.8 787.5 780.8 773.3 761.6 750.4 739.7 736.8 738.6 737.2 734.8 732.1 730.4 725.9 718.8 710.9 705.2 699.4 694.1 688.3 687.3 688.6 689.4 689.7 691.4 694.5 700.7 706.5 712.8 720.9 730.7 738.1 751.6 758.7 766.3 769.8
687.7 692.6 699 702.7 704.8 711.2 717.3 721.5 726.9 731.2 735.2 738.4 739.1 740.9 741.4 736.7 723.6 707.7 696.3 689.6 681.5 673.4 664 659.2 654.9 654.9 656.1 658.3 665.9 678.1 693.8 712.2 729.5 741.8 753.1 765.8 776.6 787.4 792 795 795.8 791 787.5 783.5 777.6 767.4 758.8 744.8 736.6 733.7 733.9 734.3 733.7 731.5 731.1 724.5 717.2 709.9 704.4 697.5 691.6 682.8 685.4 685.9 685.4 685.5 688.6 691.5 696.7 702.6 709.8 719 729.8 738.8 748.4 757.9 767.2 774.3
691.4 697.2 704.1 708 711.8 719.6 725.7 730.3 737.5 742.3 745.3 747.7 750.8 752.1 751.2 746.9 737.6 720.7 706.3 699.1 694.1 685.2 680.1 676.9 673.6 668.6 664.8 665 670.2 680 695.3 711.9 726.7 739.3 749.9 759.8 769 777.4 780.3 785 787.2 784.8 782.9 777.5 768.9 759.2 749.3 738.7 732.5 730.6 729.4 730.5 731.1 730.8 727.9 721.4 714.6 707.5 702.1 695.2 687.8 677.5 679.2 680.7 680.6 680.3 683.1 687.1 692.5 699 707.5 717.9 729.1 739.1 748 757.4 766.4 775.1
693.3 698.8 705.7 711.7 718.7 726.5 733.3 740.8 748.1 753.4 756.8 759.5 763.4 767.1 765.4 758.1 749.1 733.7 716.6 710.8 704 701.4 698.9 691.2 689 682.6 678.2 675.7 677.9 686 698.2 712.1 724.4 735.7 745.7 754 761.9 769.4 773.8 778.1 780.1 780.3 778.7 771.5 762.4 752.7 744.6 737.4 731.4 725.9 722.9 724.6 725.5 725.2 722.1 717.6 710.9 703.8 697.9 690.6 681.5 666.3 674.3 672.8 672.6 670.9 679.7 683 689.7 695.8 706.3 716.7 728.4 739.3 746.9 755.2 763.2 770.7
693.4 701.5 708.8 716.4 723.8 731.5 740.8 750.4 758.5 765.9 770.2 771.9 775.5 777.8 772 767.7 753.1 736.2 726.3 722.9 717.1 716.2 710.2 701.5 699.8 694.3 689.9 687.5 682.3 689.1 698.9 710 723.7 732.6 741.6 748.6 757.1 763.7 768.1 772.6 775.5 776.1 774.7 770.8 765.2 758.4 750.9 742.9 733.3 725.7 720.2 718.2 718.3 720.6 717 713 706.6 698.2 692 682.7 673.4 659.7 666.4 665.1 663.1 668.5 673.6 679.8 684.5 691.1 703.9 717.4 729.1 739.2 745.8 753 762 769.5
693.7 702.2 711.5 719.8 727.5 736.3 746.7 756.4 766 775.4 779.4 774.6 777.2 777.6 770.4 761.4 748.8 738.5 734.2 730.7 725.1 722.6 715.7 710.5 707.7 700.5 695.8 693.5 690 694.4 704.2 712.5 721.6 729.8 739.5 747.2 754.3 759.8 763.9 768.2 771.5 772.7 773.5 773 770.4 765.2 759.1 749.7 739.2 727.3 721.3 716.2 708.6 712 708.9 706.5 702.2 695.6 687 675.1 662.4 651 655.8 655.7 652 663 666.9 674.4 679.6 689 702.2 715.5 730.3 739.7 743.5 750 760.3 770
700.3 705.3 712.8 721.9 731.5 742.5 752.7 760.3 766.8 770.8 771.7 771.6 772.9 770.9 765 757.2 746.5 738.6 734.5 731.2 727.2 724.2 720.9 716 711.1 706.9 701.9 698.9 697.5 697.8 706.2 713 719.4 727.7 736.3 745.3 752 756.3 761.1 765.5 768.5 771.1 774.6 778.3 777.7 771.7 764.8 756.1 741.6 730 721.2 714.4 706.3 699.6 700.4 699 695.8 691.4 679.3 667.3 653.5 647.3 644.8 645.4 651.4 655.7 660.3 667.1 674.6 686 698.3 712.8 729.3 735 739 745.7 757.1 770
704.6 710.6 720.5 728.4 735.4 746.2 754.5 758.6 762.3 764.6 763.7 765.4 768.3 764.7 758.9 751.3 744.2 737.6 734.4 731.1 727.7 724.5 722.2 718.5 712.9 711 704.9 700.4 699.3 697.4 704.8 710.4 718.1 724.2 730.1 741.6 746.7 753.3 758.6 761.8 765.5 769.5 773.3 776.8 780.1 775.7 767.1 759.7 747.9 734.4 724.1 715.7 704.7 695.5 689.5 690.1 685.6 681 671.7 659.1 650.6 636.4 638 634.6 642.6 646.3 650.5 661.1 669.4 684.5 694.9 706.5 720.8 726.7 733.3 741.6 750.7 759.6
708.5 715.3 723.5 733.9 739.4 745.6 751.4 754.5 756.2 757.9 758.3 760 759.3 757.6 754.1 746.9 739.9 735.7 733.2 731.2 727.2 723.6 721.1 717.3 713.5 710.5 705.2 700.8 698.2 698.5 702.6 707.1 712.3 720.2 726.3 735.1 740.9 748.6 752.3 757.5 760.3 765 770.4 773.9 777.4 773.3 768.6 761 748.9 738.5 729.5 721.4 711.1 698.3 684.4 673.6 669.9 667.8 658.7 650.3 642.5 630.8 626.8 627.3 632.1 638.4 643.1 653 665.4 680.1 690.2 700.6 709.1 717.1 724.8 734 740.7 750.1
712.7 719.8 728.2 732.8 737.2 741.4 748.3 751.1 750.8 752 752.7 752.9 752.6 750.4 746.7 741.4 737.2 734.3 731.8 731 727.1 722.5 718.1 714 709.2 704.3 700.6 696.4 692.6 695.6 698.9 700.6 705.1 710.9 719.9 728 734.3 738.9 746.5 751.6 755.9 759.8 765.4 770.5 774.3 772.4 769.7 762.5 751.9 743.6 735.3 727 715.3 702.9 691.1 677.2 662.6 646.3 645.8 641.1 632.9 627.4 619.9 619.2 620.5 625.7 631.5 643.7 655.6 670.5 681.2 690.4 698.6 707.2 715.2 726.5 734.4 740
713.9 721.8 729.7 732.5 734.6 737.9 743.2 744.3 746 745.9 746 746 745.7 744.6 741.6 737 733.3 731.6 730.6 727.2 723.4 717.2 712.5 707.4 701.4 695.5 692.2 688.6 686.5 687.5 690.8 693.6 696.5 702.7 709.2 715.5 724.1 732.3 740.8 748 752.4 757 760.6 766.2 770.5 774.2 772.7 767.3 760 751.9 744.4 735.3 723.9 708.7 695.2 680.3 668.1 651.8 635.1 629.2 621 615.8 611.5 610.1 611 615.8 621.6 629.8 640.8 658.9 669.8 682.3 688.3 695.7 708.3 717.8 726.2 728.7
716.7 722.6 730.4 730.6 730.9 734 736.2 736.9 737.4 737.2 737.9 738.6 738.8 737.5 736.9 733.3 729.4 726.2 723.3 719.9 714.4 709.2 704.5 700 692.8 685.3 684.4 680.6 678.2 675.2 674.9 680.7 684.3 688.4 691 697.6 713.4 726.7 735.8 744.4 751.7 756.1 758.4 762.3 767.3 771.6 775.6 772.8 766 760.8 754.6 745 732.9 716.9 699.7 683.1 670.9 655.6 640.2 624.6 615.1 609.6 603.9 600.7 601.7 601.7 606 616.4 626.5 639.9 651.4 664.1 677.4 686.3 697.2 707.7 714.6 718.8
717.8 721.2 724.4 725.3 726.8 728.5 730 729.5 728.9 727.6 728 729 730.3 729 727.2 723.4 720.1 717.9 714.2 705.8 698.9 695.8 690.2 691.8 682.8 674.6 671.8 669.3 664.7 648.6 656.7 660.2 662.4 667.5 669.1 698.4 714.1 722.2 731.5 740.9 749 750.8 754.7 756.9 758.4 763.6 765.9 766.9 769.4 770.1 764.8 755.8 743.7 728.7 709.6 690.4 674.3 656 641.2 628.2 616.8 608.3 600.1 593.7 593.3 589.9 590.7 602.1 609.8 620.6 634.3 648.9 664.6 675.1 681.5 692.5 700.7 701.8
715.3 717.6 718.3 719.7 719.3 720.8 721.3 720 715.8 712.7 712.1 712.5 714.9 714.5 711.3 706.5 699.6 696.6 694.4 684.3 675.6 673.1 667 673.3 665.8 659.1 653.9 649.1 642.6 625.6 633.3 635.1 635.9 647.3 676.7 692.4 703.9 714.9 724.3 732.3 737.6 736.5 737.6 740.4 743.9 742.3 735.9 740.3 766.3 773.7 772.3 766.4 751.9 736.4 716.8 698.2 678.8 661.5 644.3 631 620.6 612 603.4 595.2 590.4 579.2 568.8 587 594.1 600.9 609.2 625.2 639.7 647.3 653.7 664.8 674.9 667.2
712.5 713.5 714.3 714.7 712.8 712.6 710.2 705.8 702 694.9 689.2 688.7 692.1 691.2 682.2 678 668.6 662.7 656.7 651.1 643.2 641.5 640.4 639.8 641.5 639.4 629.8 625.5 616.1 610.1 607 612 632.3 650.1 667.2 680 688.2 693.7 701.6 710.5 716.2 711.8 702.4 702.3 706.7 701 699.9 734.4 761.7 770.3 772.2 768 757.7 742.4 724 705.1 685.8 668.3 650.7 638.7 626.3 617.3 609.2 600.8 594.6 583.6 567.6 562.6 578.8 584.2 591.4 599.7 606.3 616.4 623 627 624.8 611.2
711.2 710.3 708.8 708.5 706 699.9 696.6 691 684.2 675.3 664.8 663.6 662.5 654.6 644.9 639 630.5 620.5 620.3 615.9 609.6 606.8 606.5 608.3 613.6 612.5 609.1 601.5 588.7 585.6 599.8 620.3 626.3 631.2 639.7 652 659.1 661.7 670.3 676.2 679.8 678.5 670.7 669 670 666.8 690.1 726.5 748.3 759.2 764.9 759.9 750.5 745.4 729.7 714.7 698.6 682.8 663.6 652.5 637.1 626.1 615.3 607.8 596.3 585.9 573.5 559.5 561.5 570.2 572.3 575.2 579.8 583.8 588.8 588.2 585.6 583.2
707.5 704.6 702.6 700.8 695.8 687.7 679.8 669 653.7 643.3 635.7 631.3 626 616.7 606.1 601.9 596.2 587.6 584.9 580.3 573 575 572.8 578 582.4 583.1 580.5 572.1 561.8 571.6 588.6 595.6 598.1 598.9 601.6 614.5 619.8 622.5 628.6 637.6 642.4 641.5 636.6 633.2 639.9 641.2 684.3 709.8 730.8 740.2 741.9 734.9 732.4 733.7 732.3 725.9 712.1 699.5 684.9 673 653.5 639.4 625.3 612.4 597.4 585.8 572.9 558.9 550.5 557.1 560 559.9 559.2 559.3 560.9 561.9 561 556.2
702.5 699.8 694.6 689.6 682.5 666.8 651.7 640.9 624.8 611.3 604.9 596.2 592.8 582.5 575.6 570.8 564.2 557.6 553.2 547.2 545.2 544.8 543.9 546.4 550.6 553.3 549 549.3 539.6 549 555.3 559.3 561.8 564.7 567.7 576.1 584 584.2 593.6 601.9 606 603.7 599 603.3 597.8 639.4 665.3 686.2 701.8 707.3 710.1 710.8 716.7 716.4 713.9 711.6 708 708.7 697.3 687.5 674.6 660.4 639.8 627.3 597.7 584.3 572.9 560.3 544.5 541 541.4 545.5 542.7 540.5 539.2 538.3 536.2 534
695.9 689.6 682.5 673.7 658.4 641 619.8 610.4 598.3 586.5 577.7 565 560.6 553.6 546.1 539.1 532.6 526.1 524.7 519.8 517.2 516.3 517.3 517.2 521 523.8 520.7 521 515.5 522.7 523.5 526 529.9 531.7 538 545.2 552.3 550.7 559.5 567.7 570.7 568 568.2 564.5 591.4 619.6 639.7 655.3 671.1 677.3 683 689.6 697.2 696.3 698.8 698 698 712.5 711.1 702.3 691.8 676.7 652 635.1 603.5 587.5 573.1 563.2 549.7 536.7 528.5 525.4 529 527.6 523.7 520.5 517.4 514.8
685.3 675.9 663.8 646.6 629.9 614.1 600.6 579.4 567.5 558.3 548.3 539.2 532.5 525 519.1 514.8 507.1 500.2 501.3 497 497.6 496.9 497.7 494.1 495 494.1 493.2 491.9 491.2 493.1 495.2 496.6 500.1 503.2 506.1 512.7 520 520.9 528.6 534.7 537.4 538.7 543.4 556.7 577.2 594.4 612 626 637.7 647.2 656.7 667.8 671.6 670.5 672.5 688.1 696.4 706.3 720.6 716.7 696.3 683.2 662.2 647 606.9 581.9 569.8 560.6 548 535.4 526.3 517.5 516.8 515 510.9 506.3 503.2 491.3
668.7 652.8 636.6 619.8 602.6 592.8 574.3 557.4 543.4 532.1 525.7 519 509.8 503.6 498.9 494.7 488 481.2 480.3 477.4 480.4 480.9 478.5 478.5 476 472.1 473 473.1 474.4 475.2 472.3 472 474 476.2 480.2 484.2 489 494.4 500.1 505.8 511.5 519.2 516.2 536 548.4 565.9 580.1 594 602.2 620.1 634 641.7 638.6 642.7 644.3 663.6 672.2 686.5 720.2 727.8 705.4 678.8 667 642.2 604.1 581.6 567.4 555.7 545.7 534.4 524.2 512.4 501.9 500.4 496.5 491.6 482.9 471.1
643 624.6 614.2 593.7 581.4 566.6 552.7 539.9 528.4 516.5 508.5 501.6 494 490.4 487.6 476.5 467.7 464.3 462.9 459 460.1 460.3 462.5 463.6 463.1 458.7 458.7 459.1 462 458.8 454.6 453.7 455.9 457.3 458.6 459.7 462.9 470.5 476 482.9 489.9 499.7 496.7 507 518.6 533.8 546.2 558.5 570.5 591.1 606.4 612.9 604.6 608.2 621.5 631.7 640.8 667.6 704.6 732.8 708.6 677.7 653.3 628.9 599.7 574.2 563.1 552.3 541.5 528.5 520.5 512.2 497 485.1 481.6 478.8 469.6 459.1
623.4 602.7 586.1 572.2 559.4 545.5 533.7 521.3 512.7 504.1 496.2 490 480.5 477 474.6 472.2 472.1 467.4 465.3 461.9 456.2 454.1 452.3 450.2 452.2 448.8 448.1 451.3 451.2 449.1 444.6 441.8 441.7 440.5 440.2 441.4 446.1 451.6 458.2 465.5 471.1 478.8 479.8 484.6 491.8 502.2 514.4 526.9 545.4 564.8 575 582.8 578.8 577.3 592.5 598.9 622.6 657.7 685.1 711.5 698.8 659.5 628.2 606.7 581.1 565 552 544.8 530.4 517.8 509.4 503.2 495 476.8 472.1 468.1 460.3 452
