app/static/ascii/NN45.asc
ncols 200
nrows 200
xllcorner 240000
yllcorner 750000
cellsize 50
[rows 105 to 139 of 200, columns 78 to 155 of 200]
322.6 321.2 322.7 323.4 324.2 325.2 327.1 328.9 329.5 328.6 329.2 331.1 332.2 331 334.4 332.2 329.3 327.3 326.2 321.2 316.6 310.9 304.8 300 297.7 304 295.6 283.9 280.8 281.4 279.6 279.9 281.3 280.6 282.9 294.9 297.1 299.3 311.6 321.9 330.4 333.7 338.7 346.4 351.4 352.5 352.6 353.5 358.4 360.4 363.4 366.8 370.4 374.3 378.4 381 384.1 387.6 388.7 389.4 391.5 394.5 390.5 388.3 386.3 384.7 383.9 382.8 382.8 378.9 376 380.3 380.4 381.3 373.2 366.1 359.4 353.2
320.8 321 321.2 321.4 321.7 322.7 323.1 324.3 323.4 323.6 325.4 326.8 327.1 327.3 328.4 325.8 323.2 321.3 318.2 312.6 309.5 301.5 297.2 291.8 290.4 292.1 282.3 281.6 280.6 280.4 283.1 285.2 287 285.5 282.8 294.3 296.1 308.8 316.9 325 332.5 338.7 342.3 345.8 351.2 354.8 356.1 356.6 359.1 361.4 364.7 367.7 369.4 377.4 380.9 381.6 385.6 391.2 392.5 391.7 388.7 389.4 387.5 385.6 383.1 381.7 380.7 379.6 376 371.7 370.8 373.3 373.6 372.9 366.1 362 354.6 346.4
316.9 317.1 318.6 321 318.2 318.9 318.9 319.6 320.1 321 321.5 321 321.5 322 321.7 321.1 319.3 314.6 312.8 309.2 303.4 297.3 294.1 289.9 284.9 282.7 285.3 286.9 284.7 284.1 289.8 291.1 296.1 292.7 291.3 290.9 298.7 311.3 319.6 326.5 334.6 339.8 345.1 348.5 353.1 356.7 358.5 359.2 360.3 362.5 365.6 369.2 369.9 379.5 383.8 385.9 390.6 392.4 388.7 385.1 383.1 385 384.2 382.8 379.7 379.1 375.8 373.4 370.1 367.3 364.7 366.1 366.3 365.8 361.8 357.5 346.5 334.4
313.2 312.6 315.1 316.4 314.8 314.6 313.9 315.3 315.7 316.7 317.2 316.2 317.5 313.7 314.5 316.9 311.7 308.8 305.8 302.7 300.5 293.5 290.5 285.8 282.1 283.8 286 288 289 291 291.5 296.4 303.8 294.7 293.4 293.8 298 311.7 324.3 331.3 337.1 344.2 348.4 351.8 353.6 356.2 360 360.4 361.1 363.7 366.6 370.2 373.1 379.4 384 383 382.1 383.2 381.6 380.4 380.2 380.9 380.8 380.3 377.6 374.3 371.6 368.8 366.1 363.2 361 361.9 360.3 356.8 353.4 346.4 337.3 330
310.2 310.9 311.4 312.4 310.8 311.2 310.7 310.6 311.2 309.5 310.2 311.2 311.4 306.7 304.2 304.7 306.3 305.4 301.7 299.2 298.2 292.6 284.4 281.7 283.5 285.1 286.8 288.8 290.4 300.2 300.2 304.8 302.3 295.1 293.6 297.9 304.8 315.4 326.1 333.8 341 346.3 351.3 353.6 355 357.2 359.5 360.2 359.4 360.4 365.1 368.8 370.8 373 378.6 379.6 379.6 379 377.7 377.6 377.6 377.3 377.9 376.4 374.2 371.2 368.8 366.3 364.4 361.2 358 358.4 353.2 346.3 344.2 335.7 328 328.9
310.3 309.8 308.7 310.5 307.8 307 308 309.1 309.7 306.3 304.8 303.4 301.5 300.3 299.8 301 301.4 300.9 299.6 295.8 292.5 286.5 282.4 283.4 285.1 286.7 287.8 288.6 291.2 299.4 301.2 301.2 298.4 296.9 294.5 300.3 313.3 319.7 327.3 336.5 342.9 348.2 352.5 355.1 356.5 358.3 359.7 359.9 359.8 357.9 360.4 364.5 368.3 371.4 375.1 377.4 377 376.1 374.7 375.2 375.2 374.5 373.3 372.6 370.9 369.7 367.9 365.2 362.6 356.9 352.2 349.9 346 338.6 334.9 324.5 317.6 312.1
309.6 305.8 302.9 301.5 301.5 301.8 303 307.3 309 300.7 300.6 297.9 296.7 298.3 300.1 300.4 298 296.7 295.6 292.8 289.3 282.8 283.7 285.1 286.7 287.8 287.8 289.2 290.4 298.9 301.8 301.9 301.9 297.9 294.7 303.2 314.8 323.2 331.7 340.3 344.3 348.7 351.8 355.2 358 359.4 359.3 359.7 359.7 358.1 358.7 362.7 369 370.7 372.6 374.2 374.2 373.1 371.7 371.9 371.1 370.6 370 370.2 370 367.5 366 361.9 354.9 350.2 351.4 349.1 339.4 329.6 324.3 317 311 301
300.2 299.1 298 297.7 298.1 299.1 301 301.7 299.5 298.7 298.9 297.9 290.9 291.7 294.1 296.8 295.5 293.5 291.8 288.2 282.2 282.5 284.2 286.3 287.8 287.8 288 288.6 293.4 304.2 307.1 308 306.2 298.8 297.5 305.4 315.9 324.8 333.2 340.5 344.6 348.9 350.6 353.5 357.1 359.3 360.8 359.8 359.3 358.4 358.1 361.8 366.9 370.9 370.5 370.9 371.4 370.6 368.7 368.7 365.5 364 367.2 367 365.1 363.6 360.1 352.8 347.7 348.5 346.6 339.8 331.8 323.6 315.9 310.5 303.8 295.6
295.1 295 299.1 298.5 294.2 296.2 299.4 300.6 300.1 299 297.4 294.4 289.9 289.5 291.3 292.6 293.2 292.1 285.8 282 282.9 283.9 285.1 287.2 288.1 288 288.7 291.6 303.1 309.5 308.5 309.6 303.6 301.8 302.6 308.2 318.8 328.8 337.8 341.4 344.6 347 349.6 351.8 355.5 358 358.7 359.2 359.5 358.8 357.5 361.3 366.6 368.1 368.7 367.8 367.6 366.9 365.8 364.8 361.3 358 363.4 362.3 360.9 358.9 353.5 348.5 344.4 344.9 336.9 327 321.9 320.6 312.1 307.9 298 292.3
291.8 293.3 296.3 295.3 291.1 291.1 290.9 296.9 300.4 298.3 290.2 290.9 290.8 286.4 290.8 290.6 292.4 285.5 282.2 284.2 284.7 285.6 286.4 288 288.4 289 289.9 291.3 302.4 309.1 308.9 309.2 306.6 307.7 310.4 314.2 322.1 332.5 340.2 343.2 345.6 348 349.3 350.6 353.9 356.3 357.4 358.3 357.3 357.3 357.3 360.9 363.8 364.4 365.7 365.2 364.4 362.5 362.8 361.1 357.9 352.4 354.7 354.2 353.8 351.4 345.6 340.8 337.9 334.1 328.4 319.9 315.7 314.3 306.6 300.2 297.8 294.8
293.4 291.6 292.2 291.7 287.9 289.5 289.3 293.2 299.7 297.3 289.9 287.6 286.8 285 288.6 289.3 284.5 282.9 284.8 286.7 287.1 287.4 288.2 288.8 289.1 295.9 294.9 294.4 300.8 307.6 310.2 309.4 308.3 308.9 312.8 316.4 323.7 334.4 340.6 343.7 346.3 348.5 350 351.4 352.5 354.8 356 356.1 354.4 355.5 357.3 358.4 359.4 361.5 362.7 361.7 360.7 358.2 360.7 357.7 354.4 348 346.2 346.5 344.6 343.5 339.2 335.3 330.9 326.4 322.7 316.4 309.2 302.5 300.7 296.8 295.7 293.5
297.7 296.6 294.8 291.9 292.4 293.3 294.7 292.1 288.9 289.3 286 286.9 284.8 284 283.9 282.9 283.3 285.1 287.5 289 289.1 289.2 290 291 300.2 309.6 302.9 299.4 303 309.5 311.4 310.9 311.6 314.2 317.5 321 327.2 335.9 341.3 343.8 347.3 349.2 351.1 351.6 351.8 353.4 355.1 355.5 353.2 352.1 353.7 354.4 354.9 357 358.3 356.7 355.6 352.8 353.9 352.1 349.1 338.9 339.8 339.9 336.3 332.7 328.7 327.9 329.5 319.9 314.9 308.3 303.7 296.8 296.1 293.4 292.1 290.8
302 301 301 297.4 297.7 297.9 298.7 298.8 293.9 289.7 289.3 289.3 286.7 284.5 283.4 283.1 284 286.1 288.1 290.3 290.2 294.7 296.2 298.8 303.7 310.5 309.1 308.6 309.2 312.5 312.1 314.1 319.5 321.4 320.9 326 331 338.5 341.2 342.3 344.6 348.7 351.4 351.5 351.8 352.6 353.3 351.7 349.5 350.1 350.1 349 349 350.3 351.8 351 348.9 347.3 348.8 344.7 338.6 333.5 337 334.3 328.9 325.7 322.5 319.9 316.6 309.4 305.4 302.2 297 290.8 291.8 290.4 289 291
307.1 303.6 302.1 301.1 300 299.4 300.4 299.3 298 293 290.4 290.1 287.2 284.6 283.7 283.6 283.7 286.4 289 294.9 301.2 300.6 299.2 302.1 309.2 313.9 315.3 315.2 317.9 318.5 316.7 317.3 318.9 320.7 320.2 326.9 333.2 339.5 341 341.1 342.6 344.5 350.7 350 349.8 350.4 350.1 347.6 346.8 343.7 343.3 344.3 344.9 345.7 346 345.6 342.8 340.6 339.1 335.6 330.2 325.7 329 326.9 322.2 318.6 316 311.5 306.1 300.8 295.3 293.7 289.6 288.9 290.1 289.2 288.7 287.8
313.2 306.9 304.7 303.2 299.3 299.1 301.2 299.2 298.9 294.5 289.9 288.4 286.7 284.3 284.1 284.6 285.8 287.7 289.5 294.1 300.4 301.2 306.9 308.8 315.4 318.7 320.6 319.5 321.3 321.4 321 319.2 318.9 318.9 320.4 328.5 333.7 338.7 339.2 339.4 340.4 342.3 344.1 345.7 345.7 346.3 344.5 342.4 341.9 340 338.3 341.2 341.3 340.8 340.5 340.2 338.8 335.4 333.2 327.9 323.7 320.6 320.3 316.7 313.7 312.7 309.1 304 300.4 296.2 292.8 288.9 288.2 288 287.8 286.7 286.5 286.6
310.3 309.8 308.1 302.2 299.3 300 301.2 300.5 297.8 292.5 289.4 287 286.2 284.8 284.3 284.6 285.7 287.1 288.7 293.4 300.9 301.2 310 311.7 319.8 321.1 321.4 321.3 321.4 321.4 320.9 318.9 318.9 319 321 330 333 335.9 337.6 339.4 339.8 340.8 339.8 341 340.4 340.2 339 338.1 338.3 336.5 335.2 337 335 333.8 332.1 335 333.2 329 325 321 317.3 315.3 310.9 306.7 304 302.2 299.5 297.2 294.5 291.8 290 287.8 287.7 287.7 287.7 285.9 284.9 285.3
311 310.2 308.1 302.7 300.5 301.2 301.2 301.2 297.5 292.6 289.3 288.3 287.2 286.3 285.9 285.1 285 286.5 288 292.6 298.9 301.2 310.1 314.3 320.7 321.4 321.4 321.2 319.2 319.6 318.9 318.9 318.9 319 323.2 329.6 331.5 333.1 333.7 334.8 335.7 336.4 336.8 338.3 337.2 335.4 334.4 333.1 332.8 332.1 332.6 331.7 328.8 329.6 328.9 328 325.5 320.6 314.8 310.8 310.6 307.5 303.4 298.8 296.5 295.5 293.6 292 290.4 289.9 289.1 287.8 287.7 287.6 287.1 285.5 283.2 283.1
310.3 309.2 306.5 308.9 301.9 300.1 301.2 299.1 292.9 294.9 291.1 289.9 288.2 287.5 286.1 284.8 284.7 285.2 288.1 290.9 296.3 301.8 310.6 313.4 321.2 320.5 321.4 319.1 319.3 318.8 319.5 318.9 319 320.9 323.5 327.9 331.2 330.9 330.3 331.4 332.4 332.3 332.6 335.3 334 330.4 329.7 331.1 330.1 330 330.3 326.9 324.9 323.9 321.9 320.6 317.2 313 308.8 303.6 303.6 302.4 297.3 293.4 292.2 292.1 289.6 288.9 289.7 289.6 288.7 287.6 286.4 285.6 284.8 284.1 282.4 280.8
311.1 307 309.9 308.7 304.3 301.2 298.5 293.7 296.8 300.4 296 291.5 288.6 287.2 285.9 284.7 284.7 285.2 287.4 289.6 294.5 299.8 305.7 310.6 318.5 319.6 319.5 318 316.7 317.2 318.4 319.4 319.6 322.2 323.8 325.5 327 329 329.7 329.4 329.4 329.1 329.9 331.3 329.8 327.5 326.9 325.9 325.2 324.1 324.8 320.9 318.5 315.5 314.1 312.4 308.9 306.1 303.4 298.4 299.2 299.6 294 290.4 289.4 290 289.3 288.8 289.5 289.4 288.2 286.9 285.6 284.2 282.7 282.2 282.1 283.3
312.7 314.3 317.4 318.4 308.6 300.1 294.5 297.1 297.4 299.3 296.6 291.5 288.8 286.8 285.5 285.6 288.1 287.4 289 289.4 292.4 297 300.3 309 312.6 317.2 314.3 314.5 310.5 315.6 316.7 317.6 321.4 321.6 322.2 323.2 324.1 324.7 325.4 327.6 327.9 326.7 328 328.1 326.4 325 324.7 323.2 320.1 318.6 315.9 313.3 310.6 308 305.1 301.6 301.1 300.3 298.2 294 292.2 292.8 290 288.7 288.2 289.3 290.1 289 289.1 289.2 287.7 286.1 284.8 283.6 285.5 286.8 285.7 284.4
312.8 313.1 317.6 312.2 301.4 295.6 297 300.4 299.7 301.2 296.4 291.5 288.3 286.4 287.4 290.5 289.9 290.1 289.2 289.5 291.3 294 301.7 309.3 310.9 312.3 309.1 309.1 308.5 310.8 313.2 316.5 321.4 321.4 321.4 320.8 320.9 320.3 322.5 325.4 324.7 324.3 324.4 323.5 322.3 321.6 320.5 317.3 314.1 311.6 308 304.8 302.1 302.1 301.4 299.7 298.5 296.7 294.5 293 291.8 289.5 288.5 287.6 288.4 289.6 290.9 290.2 287.2 286.4 287.9 285.9 284.6 285.6 288.3 291 287.1 284.6
314.4 312.4 312 303.6 296.9 297.2 298.3 300.8 299.1 299.5 298.4 294.9 289.8 288.2 291 290.9 292.2 292.7 292.1 290.7 291.5 292.6 300.3 302.4 306.5 308.5 308.5 308.5 308.5 309.4 308.2 318.3 320.7 321.3 321.4 320.8 319.1 321.5 323.3 322.6 321.8 321.4 321.9 320.2 319.3 317.4 313.4 309.7 308.2 307.6 302 300.7 300.3 300.6 299.9 298 296.1 294.4 292.8 291.5 291.3 291.5 287.8 287.8 289 290.2 291.4 291.9 286.6 283.9 285.1 286 285.4 289.5 290.9 289.5 286.1 284.9
313.7 311.1 303.3 297 298.4 299.1 299.9 301.2 299.1 299.1 299.1 299.3 292 291 290.5 292.4 294.8 296 296.6 294.1 291.5 294.2 298.5 299 302.3 305.8 308.4 308.5 308.5 308.5 310.8 317.5 316.2 318.2 318.9 319.2 318.3 318.5 319.4 320.1 318.7 317.7 315.1 312.8 317.4 310.9 307.6 305.9 301.1 300.2 299.7 298.4 297.4 298.7 297.9 295.7 294 292.6 291.2 290.2 292 292.5 287.5 288.1 289.6 290.7 290.7 289.9 289.6 286.1 287.1 289.8 287.7 288.2 288.8 287.5 285.5 285.1
311.4 301.4 298.6 301 300.4 300.8 300.5 301.2 299.4 299.1 299.1 299.6 292.8 290.6 290.2 293 296.3 298.8 300.1 295.7 293.7 295.4 298.4 298.7 299.3 302.2 308.2 308.4 308.5 311.9 315.4 314.3 313.7 315.4 316.1 316.8 316.3 312.2 311.8 312.5 313.4 310.8 309.5 308.5 310.1 308.5 306 302.3 301.7 302.9 303.4 299.6 298.7 297.6 296.8 295.6 293.7 291.4 289.6 289 290.7 292.5 287.1 288.2 290.1 289.6 289.1 289.3 290.2 290.8 289.4 289.7 288.9 287.5 287.3 287.1 284.7 282.6
301.5 299.1 300.2 300.7 300.4 300.3 300.9 300.8 299.9 299.1 299.1 299.5 297.4 293.2 294.4 296.7 298.6 300.5 300.3 296.7 294.3 295.1 298.4 298.7 299.9 303.9 308.4 309.7 309.6 315.8 314.5 313.4 313.4 315 316.2 315.4 314.5 310.2 308.4 308.3 308.4 309 307.6 306.5 305.7 304.5 303.3 302.2 302.9 303.7 304.5 304.6 303.4 299.4 299.3 296.5 293.8 291.2 291.2 289 286.7 291.3 287 287.6 288 288.5 289.3 290 290.9 289.8 289.2 288.2 286.5 285.1 284.6 283.5 282.2 281.4
299.4 301.5 301.6 303.1 301.3 300.7 300.5 300.1 301.1 299.4 300.6 299.9 298.8 294.4 294.9 297.9 298.5 298.4 298.6 295.3 295.7 298.1 298.2 298.8 301.4 306.1 309 310.2 312.6 316.9 314 312.9 314.2 315.5 315.7 315.4 313 310.6 307.8 307.8 307.7 307.7 306.3 305.1 304.7 304.9 304.1 303.6 304.2 305 305.5 305.7 305.6 302.9 299.6 296.6 293.5 291.8 291.2 291.2 287.6 287.4 286.3 287.2 288.1 288.1 289 289.3 289.3 289.1 288.5 288.2 286.1 283.6 283.3 282.3 280.9 281.2
302.9 304.9 306.4 307.4 305.8 303 299.9 301.2 301.2 301.2 300.7 299.5 296.3 296.4 299 298.9 298.3 299.2 300.1 295.5 298.1 298.2 297.9 299 302.7 306.9 310.8 313.6 317.1 319.2 314.9 314 316 316.7 315.4 313.5 308.8 309.6 307.4 307.1 306.9 306.1 305.7 306.3 307.3 307.2 306.3 305.6 305.4 306 306.4 306.5 305.8 301.7 297.5 295.5 292.6 289.9 289.2 289.9 289.2 285.8 286.2 287.5 287.9 287.8 288.1 288 287.9 287.8 287.9 286.3 284.4 282.1 281.9 282.6 283.4 283.9
309.2 306.8 308.9 309.6 309 304 300 301 300.9 300.9 300.1 300.8 297.1 297.9 299.5 301.2 300.6 299.3 298.5 296.7 299.8 295.7 298.9 300.2 304.7 308.8 313.5 316.9 320 319.8 319.8 318.7 317.9 316.4 314.9 308.5 308.3 308.5 310 309.7 309.7 309.7 309 308.8 310.4 308.9 307.7 306.8 307.8 308.2 307.5 307 306.2 303.7 298.3 295.1 292.3 289.9 288.8 287.6 286.3 285.6 286.1 287.5 287.2 287 287.1 286.6 286.6 286.1 284.9 283 283.6 285.3 284.5 285.2 286 286
310.2 307.7 309.2 308.5 304.4 301.3 299.8 300.7 300.5 300.2 299.2 297.5 297.4 299.9 301.1 300.7 300.3 299.4 299.3 298.2 299.3 299 301.2 303.9 307.4 312.5 317.4 318.7 319 319.9 321.4 319.9 318.1 316.2 312.9 308.5 308 308.2 314.4 314.4 312.8 315.6 310.5 316 314.2 310.5 309.9 310.7 310.4 310.6 309.2 308.2 304 299.5 298 295.2 293.1 291.2 290.2 288.1 287 286.1 285.7 286.3 286.2 286.4 286.1 285.9 285.2 283.9 283 283.9 286.1 287.5 287.2 288.6 288.5 285.4
310.4 307.1 305.6 306.3 304 301.9 301.2 300.4 300.5 300.5 298.8 296.8 298.1 301 300.7 300.4 300.2 299.3 299.3 299.8 301.1 303.2 305.5 307.6 310.2 309.7 315 318.9 320.4 321.3 321.1 319 318.1 316.5 310.4 310.2 310 309.7 314.2 318.1 316.2 317.1 314.8 316.9 317.2 316.4 316.3 315.7 314.7 314.3 311.5 308.9 305.4 302 299.9 297.5 295.5 293.3 291 288.6 287.4 286.4 286.3 285.3 285.6 285.7 285.5 285.2 284.8 285.4 285.5 285.8 287.5 287.1 289.8 289.5 289.8 289.3
310.1 307.5 304.8 308.6 305.2 305.2 303.1 301.4 300.4 301.1 299 297.1 299.2 300.6 300.9 301.3 301.7 301.1 302.1 303.1 305.3 306.1 308.6 310.4 316.1 311.8 316.4 318.9 321.2 321.3 320.9 319.6 319.1 317.4 313.2 315.2 316.7 315.6 317.4 319.6 319.6 319.2 320.4 320.4 319.8 323.4 321.3 320.3 319.8 318.3 315.5 312.3 310.1 306.3 303.8 301.2 298.7 297.4 296.7 291.4 288.4 289.1 289.9 287.2 285.6 285.4 285.8 286.4 286.1 287.1 287.9 288 288.5 289 291.1 290.8 292.5 294.3
309.1 307 305.3 305.5 304.3 305.9 304.4 301.9 300.6 298.5 298.9 301 300.8 302 301.7 302.1 302.5 303.5 305.1 306.3 309.6 309.6 311.3 314.2 317.7 316.3 318.6 321.1 323.5 325.3 324.5 322.7 320.9 320 318.7 319.1 321 320.3 322.5 324.5 324.4 324.3 326.3 327 329.2 332.7 329 326.5 324.6 323.4 321.3 317.8 315.3 312.9 310 307.5 305.7 302.6 299.5 295.5 291.1 289.7 291.3 290.2 287.7 287.1 286.1 287.6 287.2 288.2 288.9 289.1 290.2 291.6 293.3 294.8 297.7 298.9
309.3 307.1 306.5 307.6 309.2 308.8 304.8 301.3 299.4 298.2 299.7 300.7 301.7 303.2 302.5 303.4 304.5 305.9 307.9 310 310.2 310.1 313.9 316.9 320 319.2 323.5 326.7 328.7 329.5 328.7 326.4 323.7 321.3 321 320.5 322.6 325.4 328.6 329.8 329.8 330.4 332.3 335.2 336 339.6 338 336.6 334.3 331 330.5 328.6 325.2 323.7 321.9 315.2 313.2 310.5 305.5 301 297.3 296.5 296.8 296.7 290.9 288.8 287.8 289.7 290.8 289.9 292.1 291.8 293.3 295 296.2 298 301.4 304.3
309.5 308.2 308.2 309 309.7 308.1 304.9 301 298.9 298.1 300.3 301 304 306.1 304.9 305.4 306.7 308.1 309.7 312.8 313.8 313.9 318.7 319.1 321.4 321.8 326.2 330.8 331.7 332.3 330.8 329.6 327.2 325.3 325.2 325.4 326.5 329.2 332.5 335.3 335.7 339.6 341.8 343.4 346 351.4 348.8 348.7 346.8 342.9 342.4 339.3 336.3 333.7 328.8 320.9 322.4 318.5 315.7 309.8 305.4 303.7 302 299.8 297.2 294.1 292.4 292.5 294.1 293.2 297.8 296.6 297.3 299.4 300.6 303.5 306.8 309.5
309.9 309 309.2 309.9 309.2 306.6 303 300.6 299 299 301.7 307.3 308.5 308.4 307.5 307.5 308.8 310.5 313.2 317.6 319.1 318 319.2 320.9 322.3 323.8 327 331.5 334.5 335.1 333.5 330.2 330.3 333.4 334.1 333.1 331.6 332.9 335.8 342.3 344.7 347.6 351.5 353.9 353.6 360.1 359.1 360.2 359.9 356.4 353.2 348.3 342.4 337.5 335.1 331.4 329.2 326.7 325.8 318.7 314.6 311.2 308.6 306.5 304.2 301.3 300 298 299.6 301.8 301.3 300.5 301.1 305.6 306.2 309.9 312.3 313.4
