app/static/ascii/NN46.asc
ncols 200
nrows 200
xllcorner 240000
yllcorner 760000
cellsize 50
[rows 140 to 174 of 200, columns 79 to 157 of 200]
602.7 625.6 649.8 667.7 686.5 702.6 714.8 733.1 760.4 776.3 778.3 778.7 774.9 768.4 756.8 745.5 731.7 718.5 710.9 701.5 690.7 679.6 671.8 663.1 656.7 654 656 663 663.1 661.1 665.1 669 670.5 670.7 670.7 668.4 671 672.9 668.8 665.8 659.7 649.7 639.3 625.7 609.6 590.7 564.5 546.5 522.4 502.8 478.8 459 440.3 425.7 416.4 400 391.6 387.7 385.5 376.7 371.6 369.6 366.7 370.4 367.8 358.9 358 354.2 350.8 351.4 349.6 350 350.2 350.5 358.5 360.9 362.3 364.6 366
596 620.2 646 661.6 690.5 706 716.4 727.3 749.9 770.8 778 781.1 779.5 776.1 767.6 753.7 744 727.3 718.7 705.9 691.6 678.3 670.4 661.4 650.3 640 645.2 650.7 655.6 656.7 656.3 659.2 665.9 670.9 670.5 665 664 664.6 663.2 660.3 657.9 653 641.3 628.8 616.7 601.6 577.6 555.1 531.4 512.4 490.7 469.2 443.3 427.9 415.2 399.2 389.2 387 382.2 378.1 371.4 369.5 364.6 364.2 360.5 358.5 358.2 355.5 355 352.6 349.1 349.5 350.3 350.4 353.7 357.7 362 363.7 366.9
584.9 611.8 632.9 661.2 686.2 709 716.1 720.9 737.8 763.1 783.7 788.6 787.6 781.4 778.7 761.1 750.1 735.4 722.9 709.5 697.2 679.9 669.1 654.5 641.5 631.3 634.3 640.1 645.6 647.6 649 651.7 658.5 665 668 667.3 666.8 668 665.4 657.6 651.2 644.4 629.9 621.2 614.2 604.9 583.9 570.1 547 525.1 495.2 471 450.4 433.4 418 401.9 392.1 386.6 380.1 376.6 371.4 370 365.6 364.4 361 360.9 355.3 354.2 350.5 349.8 348.3 349.4 350.4 350.8 354.8 359.2 359.7 366.5 369.3
576 595.6 621.6 655.5 678.3 699 708.8 716.3 728.3 750.4 779.1 791.9 794.3 788.6 785.4 772.7 757.4 739 726.8 707.6 691.9 677.3 662.1 650.6 634.2 625.9 624.3 627.9 633.8 637.2 641.7 645.7 651.2 655 662.3 665.1 665.9 669.1 665.9 651.9 640.3 631.5 620.9 611.9 603.8 597.9 590.3 577.5 559.2 534.5 501.1 473.6 457.5 439.9 420.2 406.3 398.3 387.5 380.7 376.3 374.6 369.7 366.3 363.3 359.4 360.5 351.1 350 349.3 348.8 349.5 349.6 350.5 351.4 353.5 357.4 360.8 367 372.4
567.9 587.8 610 641 668.6 685.1 699.5 712.9 723.4 737.7 761.7 784.5 791.8 793.1 785 774.6 756.2 744.3 727.1 712.3 697 678 666 651.3 636.4 624.9 618.3 620.7 622.4 627 632.1 639.2 643 646.1 653.2 658.9 662.7 662.6 660.7 648.5 634.7 622.2 609.9 601.6 595.4 590.1 584.6 574.4 562.8 540.9 515 490 470.6 446.3 427.5 413.1 400.2 388 381.5 378 375.2 371 367 362 358.3 354.3 350.5 348.8 348.5 348.7 351.7 350.9 349.9 351.1 353.3 357.6 363.3 367.9 373.7
560.8 579.6 604.2 626 654.8 676.6 692.7 708.8 718.6 728.1 748.3 766.9 785.7 790 787.4 776.9 760.5 746.9 729.6 715.9 697 679.8 668 654 642.4 630.2 617.2 612.4 613.8 617.4 622.2 626.9 632.4 638.9 644.1 648.1 650.7 653 648.2 643.4 633.6 619.6 609.8 598.4 591 583.6 578.4 569.6 563.3 545.7 526.2 503.2 477.3 451.4 432.6 418.3 399.1 391.5 383.8 381.5 375.7 371.2 366.7 359.1 355.6 357.3 349.3 348.3 347.9 349.1 353.7 351.7 351 352 353.6 361.1 367 372.5 374.5
554 569.8 592.8 614 641.1 664 681.8 696.7 711.4 727.3 738.8 756.8 777.8 790.2 785 773.9 762.8 750.9 730 719 698.6 684.3 665.9 652.1 642.3 630.5 614.9 605.8 608.8 611 614.8 614.8 621.4 631.7 637.5 639.9 640 640.8 638.7 629.5 625.9 621.2 607.5 593.2 582.6 576.4 570 564.2 556.4 547 537.4 513.2 480.7 455.7 438.8 417.3 397.3 389.4 387.1 383.7 375.6 371.4 364.4 357.2 351.2 350.2 348.7 347.5 348 350.1 353.8 352.5 352.5 353.3 357.3 362.4 368.7 373.2 375.9
548 562.3 581.8 603.1 626.8 651.5 673.6 691.2 706.1 721 731.9 747 761.4 778.9 776.1 772.1 763.3 751.7 733.4 715.7 694.1 675.5 663.6 651.8 639.2 626.6 612.1 600.8 601.2 609 612.9 612.6 614.3 622.6 629.8 633.5 631.2 628.6 627.1 623.8 621.4 612.5 597.9 584.3 576.3 567.4 559.9 555.1 546.2 537.7 528.1 503.7 473.6 450.5 433.4 408.7 394.9 385.4 383.7 379.7 374.8 370.5 361.7 358.5 354 348.2 348.4 347.5 349.1 351.6 358.1 353.3 352.8 353.7 360.9 364 369.1 373 376.5
541.6 557.4 575.3 594.4 616.7 641.6 663.6 681.9 698.5 713.8 726.8 737.8 755.6 763.9 772.6 768.8 757.6 742.7 727.6 702.7 683.1 668.6 651.3 638 623.6 614.3 603.9 589.7 592.9 600.1 606.4 609.1 611.7 615.2 617.4 620 620.6 616.6 616.1 614.8 612.4 610.3 599.8 583.7 569.1 563.3 553.6 545.7 538.9 527.7 517 495.6 467.1 445.3 423.7 399.8 389.5 381 377.7 376.2 371.4 367.3 360.3 354.6 348.8 348.8 347.6 347 348.1 350.1 354.6 359.3 353.3 357 362.7 366.3 369 373.6 378.3
538.8 554.6 570.6 591 611.8 634.6 658.9 676.9 692 709.1 724.3 729.6 743.5 756.6 754.2 753.6 742.9 728.6 703.5 679.7 659.6 644.9 627.4 612.8 601.8 593.7 587.6 581.3 586.4 592.3 597 601.3 606.3 609 606.6 605.1 605 602.6 598.1 598.1 602.2 599.9 594.2 584.9 568.2 555.4 546 539.8 530.2 522.6 509.6 489.5 459.4 430.9 414.9 397.9 389.2 382 374 370.8 367.1 361 358.5 350.9 347.7 347.2 346.8 349.3 349.9 348.7 351.3 352.7 353.7 358.8 365 366.1 369.1 373.2 377.7
538.3 554.8 570 588.7 613.8 630.4 654.1 674.5 689.9 708.1 719.8 721.5 727.7 742.1 738.2 725.9 715.2 699.9 681.2 662.9 649.7 629.8 613.5 601.2 592.2 588 583.4 579.5 574.1 582 587.8 593.8 600.5 597.9 599.3 596.5 594 591.8 589.3 581.6 587.8 586.8 582.8 576.7 565 551.6 540.2 529.8 522 512.1 501 478.1 451.4 424.3 404.2 392.6 384.6 376.8 372.2 370.1 363.3 357.4 351.7 347.7 346.5 347.8 348.9 350.3 353.4 354.9 349.9 352.7 355.2 360.7 364.2 367.5 370 373.7 378
534.7 550.2 569.1 587.1 610.4 628 650.1 670.9 690.1 703.2 710.4 712.9 716.3 717.4 722.9 721.9 705.1 689.5 674.4 657.5 641.6 623.2 608.9 597 587.1 579.4 575.8 573.9 569.1 569.4 575.4 582.1 587.1 587.1 589.6 588.7 589 585.8 580.7 576.6 574 570.7 573.5 564.4 555.1 544.7 540.3 527.7 515.6 501.9 486.1 461.9 442.3 417 401.4 387.8 380.8 375.1 372.3 369.1 363.1 355.8 348.2 346.2 350 348.1 349.1 348.8 353.2 352.5 351.3 356.9 360.5 361.8 364.9 367.7 371.6 374.2 377.9
530.9 545 565 584.7 604.5 622.8 641.6 662.6 684.9 697.5 700.8 703.9 705.8 703.3 705.6 706.3 687.3 672.8 660 654.3 643.8 623.3 607.1 594.3 585.9 579.1 572.7 568.5 563.8 565.8 569.9 573 573.8 576.1 578.7 580.6 577.2 574.9 573 566.9 566 558 559.7 553.9 551.2 543.5 534 525.8 512 495.8 477.5 457 434.8 417.8 404.5 387.8 376.7 371.6 368.8 367.5 355.6 350.2 347.9 346.1 345.7 345.8 347.7 348.5 349.9 351.9 355.8 356.7 360.1 361.6 363.9 367.1 372.1 377.3 378.8
528 543.5 560.6 579.8 600.1 621.1 640.3 662.2 682.9 693.7 703.6 698 695.5 690.4 688.2 689.5 678.3 659.1 648.9 643.9 632.5 617.1 604.6 590.6 584.3 575.5 568.8 563.5 557.7 558.5 561.5 563 564.4 566.5 570.9 566.7 560.5 564 558.1 556 552.7 550.4 541.5 535.9 531.1 526 521.9 523.2 515.8 495.3 475.3 455.8 442.7 424.9 404.5 383.3 376.6 371 365.6 357.1 352.5 349.2 348 348.8 349.5 348.6 346.2 346.1 347.2 351.5 357 360 359.6 360.4 362.5 368 373.7 378.9 380
525.4 540.7 560.7 578.2 599.4 620.5 640.3 664.2 685.6 698.1 700.5 695.3 686.9 682.1 673 670.2 660.9 643.8 636.1 629.5 625 609.9 594.8 586.5 577.7 569.3 563 561.9 557 548.8 548.9 549.3 552.5 553.5 554.6 548.6 549.5 545.4 542.4 545 539.8 539.8 533.8 526.8 510.7 511.8 505.1 502.9 503.1 491.1 472.4 461.6 449.7 422.1 401.6 386.7 374.8 368.6 361.6 353.6 351.9 351.9 348.9 355.1 352.2 352.8 351.5 347.5 347.5 354.1 358.9 360.3 360.7 362 364.6 368.6 373.6 378.8 380.8
521.3 537.8 556 577 599.4 620.9 641.6 667 693.1 705.9 700 690.8 676.7 672.4 659.9 650.3 641.6 630.1 620 615.1 607 598.2 587.6 582.1 572.6 566.9 559.2 556.3 549.3 543.4 540.4 538.5 539.7 538.2 538.5 535.7 534.4 529.3 529.5 531.6 533.4 529.3 521.2 512.1 504.3 493 488 490.5 487.1 477.4 467.7 458.9 442 418.7 400.2 386.4 372.1 367.5 360.3 353.6 354.5 364 364.7 353.9 355 360.3 354 346.6 348.7 355.3 358.7 358.5 360.8 364.2 366.1 370.2 373.6 377.3 380.7
522.1 537.5 555.1 575.5 598.5 621.9 645 666.3 694.5 709.2 698.9 683.8 670.6 659.5 648.9 641.5 628 614.5 608.4 603.2 595.7 588.5 581.1 577.1 569.1 563.3 557.3 551.4 542.7 535.6 530.9 529.3 528.7 531.2 532 531.4 525.2 518.2 512.7 513.1 512.9 515 507.3 497 494.6 489.3 474.6 467.5 466.7 462.9 458.6 447.5 433.1 410.6 394.1 377.8 369 361.2 357.7 355.8 362.2 364.3 364.4 354.1 353.7 360 360.1 351 348.1 356.8 357.6 357.4 358.9 364.9 369.1 370.4 373.6 377.1 382.5
522.8 536.8 554.4 575.8 598.1 622 645.2 665.3 692.9 704.9 697 682.8 668.1 651.5 640.4 632.7 620.2 607 601.1 595.4 590.1 583.1 577.2 574.2 571.4 562.9 555.7 544.8 536.9 528.4 519.7 512.8 517.5 515.7 518.6 520 512.8 507.7 501.1 499.4 496.6 492.4 487.8 481.2 476.9 468.8 459.9 451.3 447.5 441.9 435.3 426.1 409.8 392.5 378.8 370.1 366.7 362.5 359.7 358.9 363.7 361.4 360.6 359.9 356.9 355.3 354.5 352.4 348.3 352.6 356.3 356.1 358.3 365.5 370.7 371.8 373.8 377.7 383.5
522.8 534.3 552.8 573 595.6 618.7 641.4 663.9 687.2 702.5 697.9 687.4 672.2 654 640.6 632.7 619.3 607.3 597.6 584.2 578.5 574 570.6 570 566.1 556.5 548 542 530.7 522.3 511.4 500.9 503.1 502.9 501.7 500.4 495.9 491.6 487.8 487.3 481.9 478.1 473.7 468.1 459.9 450.2 443 434.4 428.6 421.5 412.7 403.8 390 378.7 370.8 368.7 366.8 359.1 357.3 355.8 353.9 357.3 366.4 357.4 356.4 354.8 350.1 348.9 344.3 350.4 350.6 353.9 357.9 365.5 370.7 372 375.4 379.8 384.5
519.2 533.5 548.8 569.8 592.5 613.6 636.9 660.5 677.4 696.1 701.1 689.9 671.5 654.2 640.5 628.6 622.4 607.8 595.5 583.9 570 568.1 563.1 560.3 557.5 552.3 545.2 531.1 521.7 511.6 502.4 494.6 480.4 486.1 486.8 482.4 478.4 475.4 473.9 470.1 469 464.5 458.1 450.7 442.7 434.3 424.9 417.7 410.3 403.2 394.2 383.6 377.5 371.9 369.4 368 360.1 355.9 353.7 351 350.3 352.2 350.4 347.4 346.5 346 345.9 345.1 341.9 345.8 348.6 353.1 358.1 364.3 368.8 372 376.3 382.4 386.2
515.8 531.1 548.6 568.2 587.5 611.5 631.5 653.6 670.6 688.8 691.1 683.5 667.6 652.7 641.3 635 624 609.4 605.2 589.8 574.6 554.6 549.3 553 553.3 544 532.2 519.2 508.8 499.3 490.6 480.8 473.5 480.4 478.9 470.9 466.4 463.2 459.4 456.7 455.7 451.4 440.5 434.8 426.4 418.7 410.6 404.5 394.7 389.1 382 374 371.3 369.7 366.5 362.5 358.9 354.2 351.7 352.5 353.2 351.7 351.8 350 348.4 348.5 351.6 351.5 343.5 344 349.1 355.4 359.2 364.2 367.5 372.2 376.7 384.4 385.9
511.9 527 548 565.8 586.4 606.7 625.8 643.5 661.6 673.5 677.3 673.5 663.5 655.7 644.8 638.5 628.5 620.7 609 593.1 579 562 540.2 534.5 535.4 527.3 515 498.7 493.7 485.7 476 466.8 459 466 461.3 458.1 457.6 457.3 452.5 447.1 441.1 436 427 417 409.5 404.2 398.3 392 385.9 378.3 374.9 371.5 369.9 368.8 365.9 361.3 356 356.4 356.7 354.2 354.7 357.5 353 349.5 348.5 351.1 351.8 350 343.8 344.1 352.8 355.8 360.4 364.7 367 371.7 376.5 382.9 386.9
506.9 522.1 543.8 563.1 583.2 605 619.4 635.3 649.2 659.8 659.8 659.1 659 654.1 646.3 642.4 629.3 625.7 610.9 594.7 579 556.3 535.9 513.9 507.2 501.2 492.8 479.7 474.8 468.7 462.2 454.3 451.5 449.8 446.2 445.5 447.8 446.8 441.8 436.6 429.2 421.2 411.7 404 397.8 392.6 387.1 381.2 375.5 370.4 369.9 369.1 367.2 365.6 360.6 362.4 362.4 358.9 356.2 353.7 355.6 360.7 353.4 352.2 351.9 351.9 351.4 348.5 342.4 345.4 355.9 357.1 360.9 363 366.9 372.1 376 382.2 388.9
504.7 522.5 540.5 561.9 582.4 606.2 618.1 630.4 640 653.7 653.5 651.9 651.3 651.4 642.8 635.7 629.5 619.6 610.2 593.5 569.9 545.6 524.4 506.4 488.4 477.9 470.9 461.8 456.9 454.1 445.2 443.1 440.6 438.3 437.2 436.2 438.1 437.6 433.7 425 415 405.9 398.9 392.8 387.4 381.3 377.1 374.1 373 374 370.9 368.1 364.5 363.7 368.4 366.5 363.2 358.3 354.3 353.2 352.7 356.3 350.9 350.8 348 348.7 351 344.2 343.5 350.8 352.8 358 360.8 363.5 367.8 373.1 378.3 384.6 390.6
500.6 517.7 535.8 557.7 579.4 600.2 615.9 622.2 630.1 640.9 642 647.1 645.1 641.2 639.1 627.1 620.6 612.8 596.3 576.5 552.3 527.3 506.2 491.5 479.3 470.2 457.4 451.1 442.8 437.4 435.7 432 425.6 425.4 428.6 427.1 427.1 425.7 419.5 410.7 401.3 394.5 389 383.6 378 375.5 374.2 374.4 376.2 376 375 372.9 371.4 370.4 370.2 368.2 362.9 357.9 355.3 353.5 351.5 352 346 345.5 346.2 346.6 343.7 344.4 346.1 351.4 353.4 356.2 359.6 364.3 369.8 375.2 380.4 387.3 393.2
499.1 516 533.6 557.6 574.2 596.4 611 612.7 623.9 629.8 630.8 638.4 638.2 632.4 616 604 591.2 584.7 570.4 546.1 529.3 506.8 489 478.2 470.5 457 446.5 440 432.9 428.9 421.3 418.7 414.8 415.6 416 418.1 414.4 411.7 406 399 391.4 385.3 380.3 377.2 376.2 375.1 376.1 378 380.3 379.8 378.6 376.9 375.5 374 370.6 367.7 362.3 359.1 357.6 354.7 350.9 346 344.2 344.3 344.1 342.3 341.7 348 347.4 353.5 355.2 356.9 360.1 363.7 368.5 375.4 381.9 387.1 392.1
497.3 513 531.3 550.8 570.8 588.9 600.1 600.6 609.8 616.3 621.6 627.9 623.9 617.4 606 585.4 568.2 555.1 536.9 521.1 504.4 488.2 471.2 460.6 454.7 443.8 434.5 427.7 423.7 418.8 413.7 408.9 405 406.4 404.1 404.1 401.1 396.8 392.8 389.3 382.9 380.3 378.7 376.4 375.5 376.7 379.4 382.5 384.5 383.9 382.1 380.1 377.1 374.5 369.4 366.4 364.2 361.3 357 352.2 348.9 345.9 343.9 344.6 344 343 342.8 344.4 347.6 350.4 353.5 356.2 361.1 365.7 370 375.5 382.7 387.3 391.5
495.1 508.7 527.4 546.6 567.5 577.4 589.7 589.6 589.7 592 605.1 609.7 601.1 591.8 577.3 556.2 542.4 529.2 511.9 496.8 483.8 468.8 457.3 448.2 442 432.1 425.7 420.3 415.7 411.4 407 402.8 398.8 396.2 394.8 392.4 388.3 386.6 383.1 380.7 380.3 377.7 377 376 378.2 380.7 385.9 389.6 389.3 387.1 383.5 378.8 373.7 369.8 366.4 364.5 362.5 359.9 356.7 352 347.2 344.9 343.3 343.9 343.8 341.1 343.3 346 348.8 351.2 355.4 356.1 361.5 366.8 372.2 377.7 383.9 388.4 391
487.3 502.6 518.7 539.5 558.6 569.2 568.5 574.2 566.5 568.2 579.5 578.5 567.2 556.5 541.8 526.9 514.6 504 489.1 477.7 466.7 455.2 445.9 438.9 430.6 422.9 416.9 412.1 407.8 405.7 402.6 397.6 394.6 391.1 387.6 384.8 383.2 383 378 377.5 378 377.2 376.8 377.7 382.6 386.5 390.7 392.1 391.1 386.8 381.6 376.4 372.1 366.3 363.1 359.4 356.3 357 355.8 353.3 345.6 343.8 342.8 342.8 342.7 341.7 343.5 345.3 349.6 353 354.7 356.7 362.3 370.4 373.4 381.6 385 389.1 392.9
481.3 495.6 511.2 528 544.3 546 542.9 542.8 540.4 540.9 546.9 541.4 532.7 521.9 510.8 500.4 491.5 482.2 472.2 462.9 454.4 445.1 438 431.7 423 419.5 413.1 408.9 404.7 401.6 400.1 395.8 392.7 390.7 383.9 380.7 379.6 377.4 376 376.6 377.6 377.2 378.5 381.3 386.2 391 393.6 393.2 390.6 383.6 377.6 372.8 369.3 365.6 359.5 354.9 353.5 354.3 353.4 350.9 344.8 343.1 342.6 341.8 342.4 342.8 343.5 345.5 349 353.8 352.4 355.8 362.7 367.5 373.4 380.1 384.1 389.7 394.4
469.1 483.5 496.3 506 512.1 514.1 512.4 512.2 511.8 510.3 511.8 508.3 502.4 494.9 485.5 478.8 470.7 465.8 458.4 452 444.4 435.2 429.5 424 419 413.7 411.7 407.7 403 400 395.7 391.9 388.3 384.1 379.6 376.2 375.7 375.2 375.5 376.3 377.5 378.2 381.3 384.9 389.5 393.5 394.6 392.8 388.4 380.9 373.9 367.5 366.1 362.9 357.7 353.4 351.8 349.7 347.1 343.9 342.4 342.2 342.1 342.8 343.6 343.9 344.6 345.5 347.8 349.3 353.3 363.1 362.9 366.3 370 376.9 384.2 388.8 396
457.8 467.4 478.6 480.9 484.9 484.9 484.5 483.3 484.6 484.6 485.1 483.4 478.5 472.1 466.9 462.3 456 450.9 446.7 441.6 434.7 429.8 424.9 420.7 416.6 412 409.4 405.8 400.3 398 390.9 386.7 383.7 380.1 376.8 372.8 373.1 373.5 376.8 377.2 379.5 386.4 386.4 387.9 390.4 392.1 392 388.8 383.8 375.5 367.9 362.9 362.2 358.3 354.5 352.1 348.8 347.1 343.3 341.8 342 342 342 342.9 343.7 344.2 344.1 344.9 345 355.1 357.3 360 365.7 370 376 381.3 385.4 389.3 396.5
445.4 451.6 456.4 457.2 462.1 462.2 462.2 462.9 464.6 463.4 463.1 464.4 460.5 457.2 452.7 448.9 443.2 439 435.1 432.8 427.5 424.9 421.6 418.2 414.7 409.6 403.2 398.9 395.9 391.6 386.9 383.7 377.2 377.5 370.8 370 371.8 374 376 379.1 382.6 386.2 386 390.1 387.6 388.4 386.6 382.7 377 368.4 363.9 360.3 357.1 354.1 352.1 349 346 343.1 340.6 340.6 341.6 341.7 341.7 342.5 342.8 342.9 343.4 344.7 348.4 360.7 363.6 361.4 367.9 372.2 380.6 383.7 387.5 393.2 399.5
431.9 434 439.2 440.4 444 446.5 446.9 446.3 447.2 447 447.8 447.2 445.4 443.7 439.3 435 432.8 430.4 426.7 421.3 419.2 418.9 415.8 411.3 408 401.9 398.1 394.6 389.4 385 381.5 375.7 369.4 368.6 367.8 370.6 371.4 374.6 376.9 380.5 382.2 385.6 385.4 384.5 381.4 382.5 382.2 374.1 368.1 362 358.7 356.5 352.1 349.7 347.9 345.4 340.8 340.6 340.6 340.6 341.5 341.3 341.1 341 343.5 343.5 344.6 347.9 352.7 360 364.4 364.9 370.4 373 379.7 383.6 387.1 393.4 400.9
418.5 423.6 424.3 427.9 431.4 430.3 431.4 433 432.6 433.5 432.6 434.3 434.7 431.4 427.3 423.9 422.2 420.9 417.1 411 410.3 409.4 407.8 404.7 401 394.5 390.2 385 382.2 377.4 373.6 366.1 364 365.2 367.1 369.2 372.4 374.7 377.3 381.2 381 383.8 383.4 382 377.5 375.6 372.7 370.2 364 358.6 354.4 350.3 347.6 346.2 345.7 343.1 340.6 340.6 340.6 340.7 341 341 340.6 340.6 340.6 347 347.7 350.8 357.3 360.9 364.5 366.8 370.8 375.6 379.8 385.9 388.8 393.5 401.8
