app/static/ascii/NN47.asc
ncols 200
nrows 200
xllcorner 240000
yllcorner 770000
cellsize 50
[rows 34 to 67 of 200, columns 77 to 153 of 200]
484.6 468.1 454.6 450.9 437.4 424.7 417.9 413.4 408.3 403.1 403.4 410.3 402 406.8 414.9 420 427.3 431.4 434.2 439.3 447.6 454.8 462 469 476.3 482.3 488.5 495.7 503.1 510.4 517.2 526.9 536.7 545.1 553.5 565.4 579.9 592.3 602.7 613.1 624.1 637.2 651.5 665.1 678.5 693.9 709.2 724.6 737.4 756.6 778 797.7 819 842.2 864.3 886.8 908.2 925.2 943.1 963 983.9 1004 1021.5 1041.1 1060.2 1067 1058.3 1023 998.2 981 960.2 958.8 968.8 989.6 1015.4 1027.5 1030.5
485.9 474.4 462.8 452.1 442.6 435 426.1 420.2 415.3 407.5 405.3 410.5 405.8 409.4 419.4 423.4 427.6 433.6 439.4 444.9 451.4 458.7 465.1 471.9 479.5 485.5 490.8 498 505.6 513.3 522.2 531.6 541.2 550.7 560.6 573.7 583.3 594.6 604.4 615 628.6 641.7 655.6 667.8 682.4 697.7 712.9 728.4 744.5 763.9 785.2 804.8 828.1 850.5 872.9 895.6 914.4 932.8 952.7 973.9 994.6 1013 1031.6 1051.4 1068 1078.2 1074.5 1056.1 1037.3 1015.6 1000.8 999.5 1007.9 1027.9 1030.2 1030.4 1029.5
489.2 478.2 472.2 461.6 455.6 447.8 440.7 433.1 425.2 413.9 408.4 409.2 406.7 409.4 421.9 426.1 431.6 435.9 442.6 449.3 455.8 462.7 468.9 475.2 482.1 488.6 493.8 500.9 508.9 517.7 527.4 537.2 547.1 556.3 567.9 579.9 589.5 599 608 619 632.8 645.7 659.2 672 685.6 701.2 718 733.1 750 771.1 792.6 813.7 836.7 858.4 881.3 902.5 920.8 940.9 963.2 984.8 1001.8 1020 1038.2 1058.2 1074.7 1085.5 1077.6 1068 1058.2 1045.3 1038.6 1037.3 1036.6 1033.6 1032.1 1029.9 1027.4
490.9 485.6 480.9 478.7 471.1 463.4 455.5 445.1 433.5 422.6 420.1 414 408.5 415.9 422.8 428.5 434.3 440.4 447.1 453.7 460.4 466.9 473.6 479.3 484.6 490.9 498 505.5 513.9 523.7 533.3 542.9 552.8 563.6 575 584.7 594.4 605 615.3 626 635.5 649.4 663.3 676 687.2 704.7 722.7 737.6 754.4 776.9 799.8 821 844 866.2 887.7 909.1 928.6 951.8 973.5 992.8 1010.1 1027.6 1044.3 1065.2 1082.1 1083 1075.7 1070 1062.3 1051.7 1045.5 1045.3 1043.2 1036.2 1033.1 1029.6 1022.1
497.3 491 491.6 492.7 488.9 481.1 468.5 455.8 443.5 437.1 432.7 426.5 410.9 422.9 426.9 432.6 438.3 443.8 450.7 457.7 464.8 472.3 478.7 484.6 489.8 495.5 503.4 511.6 519.8 529.5 539.2 548.5 558.6 569.1 580 590.6 600.7 611 622 632.7 644.7 656.6 668.2 680.1 692.1 708.9 726 740.1 759.3 783.3 805.3 827.5 851.3 872.7 893.1 915.3 938.7 962.7 982.9 1001 1019.6 1035.1 1053.7 1075.9 1079.7 1078.1 1073.4 1068.6 1061.9 1053.8 1047.1 1045.8 1042.9 1037.4 1032.8 1025.7 1016.2
501.4 500.2 505.6 508.5 509.5 495.8 478.5 465.1 454.6 447.2 439.7 431 416.9 430.1 432.1 436.7 442.4 449.2 455.7 462.2 469.4 477.3 483.4 489.2 497.2 502.7 509.9 517.6 525.8 535.4 544.6 553.7 564 574.5 585 597.5 608.6 619 629.5 640.9 653.6 665.7 677.2 687.2 698 714.1 729.3 743 765.2 788.9 811.4 835.3 856.6 877.9 899.8 923.6 950 972.8 992 1011.5 1028.7 1043.3 1062.2 1075.1 1075.7 1074.6 1070.9 1065.1 1059.5 1053.2 1047.3 1045.1 1043.9 1036.8 1028.6 1019.3 1009.9
505.8 510.7 520.6 526.3 526.5 514 487.1 479 462.5 452.4 444.4 440.3 420.5 432.2 437.1 440.5 446.7 453.8 460.4 466.8 474.3 481.6 488.3 496.6 503.5 510 516.6 524 531.8 541.1 549.8 559.4 570 580.7 592.5 605.4 616.6 627.8 639.8 651.8 663.5 674.6 685.8 696.3 707.4 720.6 734 749.5 772.2 795.4 818 842.1 862.6 884.1 908.5 935 959.5 982 1001.3 1017.9 1033.9 1049.3 1063.2 1071.2 1070.7 1068.9 1066 1060.7 1057.1 1051.4 1044.8 1043.5 1042 1035.7 1022.1 1008.9 996.9
515.1 519.1 532 539.3 532.1 524.1 498.8 473.2 463.5 454.3 446.2 439.4 423.5 433.6 443 445.1 449.7 456.3 463.8 471.3 479.3 487.2 494.9 502.2 509.1 516.1 523.6 530.9 538.1 546.4 555.9 565.3 576.4 588.3 601 613.7 626.3 638.5 650.7 663.6 675 685.9 695.5 706.2 719.3 730.3 741.8 758.4 779.8 801.8 824.7 847.7 868.5 894.8 920.6 944.3 967.5 989.8 1006.4 1023.4 1038.8 1050.3 1059.9 1064.8 1063 1062.2 1060.8 1057.2 1053.1 1045.9 1038.9 1040.6 1027.4 1020.1 1003 989.4 971.1
525.2 527.4 536.8 539.5 535.4 532.4 505.6 473.8 463.5 454.3 448.1 437.9 430.9 445.7 447.2 449.7 453.4 458.8 466.8 475.9 484.7 492.5 500.2 507.7 515.6 523.3 530.5 537.6 544.4 553 561.7 571.9 583.6 596.4 609.4 622.7 636.7 649.1 662.5 675.3 686.5 696.7 705.5 719.5 731.4 742.3 752.6 767.4 788.9 810.8 832.2 852.4 877.8 903.8 929.1 952.1 974.1 992.2 1011.3 1029.1 1040.2 1048.3 1056.6 1057.9 1057.5 1057.1 1056.6 1052.5 1045.7 1033 1029.7 1010 990.7 986.9 972.4 955.4 937.9
533.9 528.4 532.3 536.7 532.3 525.1 500.2 473.9 460.9 452.6 445.4 427.1 443.8 451 452.1 454.6 458.8 463.5 472.1 482.4 490.5 498.7 507 514.4 523.6 531.1 538.2 543.8 551 558.8 567.4 579.4 592.8 606.8 618.9 632.6 647.5 661.9 675.5 686.8 697.2 705.9 719.7 733.2 745.6 755.4 765 779.9 798 818.1 842.7 864.8 888.2 912.7 936.3 959.9 977.8 998.6 1019.4 1032.3 1037.4 1043.1 1048.5 1050.2 1051 1051.4 1050.8 1042.2 1009.2 1004.6 993.3 973.7 945.2 946.3 934.1 918 903.5
531.9 526.6 526 530.6 530 517.5 495.2 472.2 457.1 451.9 441.6 434.2 451.8 454.7 456.7 460.5 465 470.1 479.8 489.1 497.7 505.8 514.4 521.8 530.4 538.8 545.1 552 559.3 568.1 577 588.5 602.4 616.2 631.7 647.3 660.4 674.5 687.1 698.2 713.3 725.2 738.4 750.6 761.3 770.3 783.3 796.9 812.7 833.8 851.1 874.4 896.5 918.7 941.2 962.3 986.8 1004.1 1021.4 1027.1 1031.6 1037.6 1040.3 1042.8 1044.5 1045.4 1041.7 1019.5 974.7 968.4 946.7 938.7 908.9 905.3 897.9 878.3 856.5
530.1 523.7 520.7 520.4 517 505 486.4 471.1 455 452 432.1 446 454.3 457.7 461.4 465.3 469.3 476.5 486.5 495.5 503 513.6 521.6 530.4 539.3 546.7 553 560 568.8 579.2 588.3 602 616.4 632.1 649.4 665.3 680.1 691.2 706.7 720.4 734 744.2 755.9 765.7 776 789.7 802.3 817.4 831.8 848.5 867 887.2 906.2 926.3 948.3 971.4 992.2 1003.6 1014.7 1021.2 1028.8 1034 1033.7 1035.3 1036.7 1039.7 1020.8 998 948 917.9 906.8 896.5 880.7 866.3 855.5 836.2 820.2
525.2 519.9 516.5 510.5 504.4 493.1 476.8 459.5 454.3 448.2 436.4 448.3 457.2 461.6 466.1 471.3 476.4 482.7 492.4 501.8 511.3 521.1 529.8 539.9 549.1 556.8 562.6 570.8 579.8 592.1 602.6 618.8 636.7 651.7 668.9 685 700.9 716.5 731 742.8 752.5 761.1 772.2 782.8 796.5 808.1 819.6 834.3 847.9 861.6 878.4 894.9 912.9 934.1 956.7 976.7 989.4 1001.3 1012.2 1017.2 1023.7 1025.4 1025.3 1026.5 1019.5 1014 966.6 959.3 914.5 885.2 866.8 857.9 843.2 820.8 811.2 793 774.1
521.2 516.4 508.1 501 492 480.2 465.9 459.1 454.8 444.2 442 455.7 460.8 465.6 470.4 476.1 482 488.9 498.9 508.2 518.9 528.5 538.8 548.9 557.1 565.5 573.8 583.1 593.3 605.2 619.6 639.9 659.8 676.5 689.7 705.9 725.3 738.7 749.6 760.1 767.7 777 788.6 800.9 813.8 826.2 839.2 851.3 863.9 877.9 891.3 905.5 925.2 943.8 959.6 975.1 986.9 997.2 1007.8 1011.6 1015 1017.4 1016.2 985.2 974.9 969.3 933.2 913.2 880 852.2 827.1 821.2 803.1 788.3 767.6 744.7 732
513.4 506.3 497.5 489.7 481.3 472.1 465 458.9 454.8 439.6 449 460.5 465.5 470.8 476.1 482.4 488.5 497.7 506.9 516.8 527.6 538 549.2 557.5 568.1 577.5 587 596.6 608.2 620.6 638.8 662.1 688.4 699.2 714.1 731 743.1 754.8 765.6 775.8 782.2 790.6 803 815.7 829.4 843.6 858.2 869.3 882.4 892.7 905.5 917.5 935.7 950.7 963.4 973.7 983 991.8 1002.2 1005.5 991.3 991.1 990.7 969.9 937.6 916.9 897.3 859.3 848.8 822.6 798.6 783.3 768.5 745.9 729.4 717.4 702.5
504.4 495.4 490.1 482.1 475.6 469.7 462.6 458.8 452.5 444.6 452.2 464.6 470.4 476.3 482 488.3 495.6 504.9 514.8 527.6 538.3 548.7 559.2 570.3 580.3 589.3 597.2 611.4 625.8 639.6 657 681.3 699.8 716.9 732.7 746.8 758 768.5 782 788.6 796 805.4 817.9 832.9 847.4 861.6 875.1 885 897.5 906.6 917.9 932.6 945.9 956 967.3 974.3 980.7 987.3 994.2 998.9 967.7 948 951.6 930.9 895.3 872.9 857.7 822.2 805 792.1 770.6 750.7 735.8 720.5 701.3 691.6 673.8
497.8 491.6 483.9 475.7 471.4 465.9 462.1 456.7 446.2 452.1 461.7 468.2 474.8 480.9 486.9 494 503.2 513.7 525.9 539.1 550.2 562 571.6 583.1 591.9 598.4 609 626.1 642.3 655.6 674 695.1 712.6 726.1 738.4 755.1 770.3 785.2 795.5 805.8 815 826 839.3 852 865.9 879.9 891.7 901.2 911.5 923.8 934.5 947.8 954.7 962.2 967.9 970.9 977 983.4 988 987.3 952 902.3 903.1 881.7 852.7 824.8 808.8 788.8 771.3 755.1 737.8 716.4 706.3 692.5 677.6 666.4 649.5
497.2 491.6 478.3 469.9 464.9 462.9 459.3 447.7 452.6 461.9 467.2 470.9 477.8 484.5 492 500.3 512.6 527 538.9 552.4 563.7 573.9 585.4 594.8 600.9 612.7 626.6 640.2 654.3 669.6 684.8 701.3 722.5 745.3 761 777 789.7 801.6 813.4 823.6 833 845.1 857.2 868.2 881.3 894.7 907.4 920.4 933.9 947.8 953 956.5 957.3 959.6 958.7 956.4 966.4 973.2 963 939.3 903.7 871.8 850.9 836.2 812.5 783.6 767.6 758.7 738.7 726.1 701 688.7 681.3 664.2 654.5 643.3 632.1
492.8 486.4 474.6 466.6 462.4 458.6 455 449.6 460 469.6 471.4 476.3 480.9 488.3 497.1 509.5 525.7 539.9 552.3 565.3 576.3 587.5 600.6 610.4 618.6 628 639.2 652.2 669.5 686.9 704.1 724.1 739.9 760.2 778.8 794 806.6 817.6 828 841.2 851.8 864.5 873.5 883.6 898.9 916.2 925.7 937.5 946.8 949.9 949.8 947.8 947.3 942.7 924.1 922.3 933.9 927 908.4 879.1 847.7 830.7 808.3 795 773.3 754.7 733.7 715.9 704.4 689.4 675.5 661.5 659.4 645 632.1 623.1 613.4
485 478 468.6 463.4 459.8 455.7 449.6 454.8 464.2 474.4 474.3 480 485.7 492.3 504.9 521.8 542.1 553.9 563.3 579.9 594.8 604.4 614.9 624.3 634.6 643.3 654.7 676.3 697 715.2 728.8 745.9 762.2 777.3 792.2 806.8 818.3 827.6 845.1 853.8 866.5 876 885.6 897.4 915.9 930.3 934.7 932.5 933.5 933.5 932.8 934.2 925.3 910.4 894.2 880.5 885.6 871.3 844.7 822.4 810.5 790.6 777.1 755.9 746 710.1 700.3 683.1 671.1 660.9 650.6 636.1 634.9 625.1 611.8 603.3 594.2
477.3 468.2 462.7 459.4 453.8 456.1 453.4 460 469.5 471.2 476.4 481.1 490.8 501.1 512.6 533 553 564 573.7 590.9 603.5 615.5 631.5 648 659.1 673.3 682.2 696.6 716.7 735.6 747.2 762 775.8 786 800 809.7 820.9 836.9 848.5 861.8 871.1 881.2 892.4 904.6 916.8 924.6 923.3 918.7 916 915 912.5 891.3 883.3 868.9 863.1 830.1 849 820.9 798.4 790.5 765.4 751.4 733.9 719.1 690.5 679.4 667.6 657.8 642.3 633.4 623.3 613.8 614 607.8 595.7 585.1 573.8
469 462.2 458.6 454.4 456.9 457.2 460.2 467.2 474.1 477.1 480.4 485.2 497.3 505.7 523.1 544.3 559.6 574.6 585.2 601.4 617.4 636.7 653.2 669.1 689.1 705.4 713.5 719 730 745.7 756.8 771.3 776.2 785.3 795.5 808.6 821.1 830.7 844.8 857.6 868.3 876.9 882.9 895.1 903.4 907.3 898.5 894.6 890.9 884.3 870.8 852.1 844.1 834.7 831.7 792.1 792 762.5 753.9 738.4 721.6 708.7 691.8 679.7 664.3 649.2 638 632 620 607.5 602.4 595.6 591.8 586.4 577.4 569.8 558.5
469.2 462.9 459.1 455.6 459.7 459.3 459.2 468.4 474.3 480.7 487 495.1 504.2 511.3 533.4 553.3 569.4 583.5 598.3 617.3 638.7 655 669 686.4 704.3 715.9 721.4 735.3 736.8 748.3 757.8 760.9 768.8 776.8 789.5 802.9 811.8 823.5 835 846.4 856.1 861.4 863.1 867.3 861.1 867.2 864.9 861.2 858.7 849.1 834.1 820 800.7 788.7 766.2 737.7 732.2 725.9 714.3 699.8 689.9 670.5 655.2 649.4 638.9 625.8 615.8 606.3 601.3 589.6 583.8 577.3 571.5 565.6 559.8 556.4 551.8
469.4 462.4 459.4 457.6 457.5 461.3 459.3 468.8 475.7 482.8 493.9 503.1 510.8 523.4 543.8 564.2 579.4 594.5 614.8 630.6 648.2 661.9 678.6 695.2 708.7 719.4 729.2 730.7 730.4 736.7 741.8 748.6 755.4 766.3 778.6 788.9 800.5 812.6 822.8 829.6 833.3 832.3 825.8 820 819.1 829.2 830.5 826.3 818.9 811.5 804.9 792 768.1 736.9 718.9 706.6 704.1 697.3 687.4 668.3 643.2 635.5 626.6 619.6 615.8 603.8 591.7 581.9 580.6 573 565 559.7 553.9 547.2 546.5 545.4 546.7
469.9 463.7 463.1 460.8 459.3 461 462.9 473.2 481.2 487.5 497.7 506.7 516.6 535.6 555.6 570.4 586.9 606.6 622.2 636.9 654.2 669.5 682.5 694.6 702.3 709.3 710.2 710.6 716.2 721 723.5 731.2 739.9 751.5 760.5 773.9 784.5 793.8 802.9 804.1 801 793.5 779.1 782 787.3 793.2 791.9 788.3 780.8 771.3 760 751 729.8 701.6 688.8 678.9 678.4 666.6 645.4 627.8 615.1 607.5 601.4 595.9 591.2 583.9 573.3 566.1 562.4 557.6 551.1 547 545.8 543.4 543.5 543.1 542.5
471.5 467.7 467.3 467 461.9 462.8 468.1 478.6 486.8 494.6 502.5 512.1 526.6 547.2 565 579.5 598.5 618.5 629.6 642.2 658.6 670.1 679.8 689.5 688.4 692.6 685.1 687.4 691.1 691.9 700.9 712.1 724 730.7 743.9 754.9 763.4 769.9 772.7 768.3 762.4 747.6 742.1 749 753.7 753.5 750.2 747.7 746.3 739.1 721.2 709.8 679.7 669.1 660 654.2 647.8 622.7 610.8 598.7 589.7 580.5 575 572.8 566.4 562.7 555.6 552.2 549 546.6 545.6 543.4 542.2 542.1 542.5 542.2 544.3
474.7 473.3 472.9 472.2 464.5 464.5 467.5 481 491.5 499.7 508.5 518.4 536.3 555 569.6 584.4 600.2 615.3 629.6 643.8 654.5 660.5 666.5 666.6 663.4 660.4 658.9 663.7 669.6 675.6 680.9 689.9 696.3 708.5 719.5 728.1 732.7 734.7 727.4 723.2 713.3 708.6 711.7 715.2 713.8 717 715 713.2 711.2 694.8 683.7 655.2 647.4 639.3 635.1 625.9 608.8 597.5 586.2 576.8 565.9 557.6 553.8 551.5 548.8 546.4 544.8 543.3 542.2 543.4 543.1 542.1 541.9 542.6 542.4 543.1 546.6
482.7 480.5 477.6 475.8 468.5 469.8 471.7 481.7 494.7 503.1 512.8 525.6 545 556.7 568.8 580.1 594.3 607.4 618.4 626.6 630.7 636 641.8 636.7 641.4 642.8 641.4 644.9 647.4 649.6 655.7 662.3 665.6 678.2 690.3 698.2 704.2 699.1 692.8 688.3 682.6 680.3 677.1 675.6 676.6 681.2 682.7 680.9 666.8 648.7 629.9 623.9 617.3 612.5 605.8 594.4 584.9 571.2 562.2 553 550 542.8 539.3 542.2 538.8 538.6 540.2 540.6 540.9 542.2 541.5 541.5 542.5 543.5 544.5 546.2 552.2
487.4 485.7 481.8 478.8 471.3 467.5 475.1 485.5 497.4 504.5 514.9 526.7 541.2 552.2 562.9 574.7 586.6 596 602.4 606.9 608.2 613.9 614.8 618.1 620.2 621 615.3 613 617.5 617.7 623.6 627.2 632.6 645.9 652.2 660.8 664.5 661.7 656.6 651.6 652.1 649.3 645.8 643.3 646.9 652 650 636.8 613.7 610.1 605.5 598.4 591.6 586.1 578.9 569 561 551.8 545.1 538.8 533.8 533.2 531.4 534 536.5 536.2 538.1 539.7 539.8 540.7 545.3 542.8 544.6 546.3 551 556.1 560.6
492.2 490 485.1 480.7 476.3 470.1 481.5 486.7 497.5 505 513.6 523.7 533.3 543.4 554 563.3 572.3 578.6 583.1 584.1 585.9 586.7 592.5 592.5 593 588.5 584.6 586.1 586.1 586.6 592.3 596 600.6 609.5 615.5 620.9 624.7 624.5 619.8 617.7 617.7 614.7 612.5 611.8 611.9 609.4 604 593.6 582.7 578.2 576.2 572.7 563.3 557.4 553 548.9 544.8 538.8 535.5 531.7 530.8 531.7 532.3 533.4 535.2 537.2 538.3 541 540.8 542 546.7 548.3 553 556.5 561.7 567.1 571.3
495.3 489.7 485.4 482.7 480.7 470.3 484.5 484.6 493.3 503.1 510.9 517.5 523.9 533 541.6 548.9 556 558.3 559.7 560.7 560.5 561.9 561.8 561.6 560.7 557.7 558.7 557.1 557.9 559.5 562.7 567.4 572.9 577.4 583 584.6 587.1 585.6 585.9 584.8 584.3 583.1 582.7 581.5 581.3 577.4 575.2 566 555.6 552.9 552.8 550 542.3 537.7 535 533.8 533.9 532.1 530 531.1 531.3 533.3 534.3 535.2 536.7 538.1 539.3 541.1 543.5 546.1 551.3 557.9 563.3 566 570.8 576.7 582
500 492.6 486.9 485.8 482.1 474.2 475.5 489.4 489.6 498.2 506.1 511.9 516.6 523.3 529.3 534.7 536.5 538 539.8 542.3 541.4 540.8 540.1 541.4 538.8 538.6 540.3 538.1 536.4 540.8 540.7 545.4 548.4 551 553.9 556.2 557.6 560.2 559.9 558.8 560.7 558.9 558.7 556.9 555.7 553.2 552.1 546.3 540.8 535.2 532.6 532.8 532.8 531.4 530.2 530.2 530.2 530.5 531 532.4 533 533.6 536.2 537.8 540 541.5 544.9 549.1 550.9 554.8 561.3 568.5 572.1 575.6 583.7 589.7 597
507.8 498.6 491 485.7 484 482.7 475.9 489.8 493.1 494.3 499.2 504.7 507.9 511.8 518 520.9 521.1 521.5 523.4 525 525 525.3 526.1 527.9 527.2 527.2 527.9 526.1 524.2 526.4 525.7 526 525.6 525.4 528.7 529.2 531.9 538.1 539.7 540.7 539.2 541.1 540 539.3 537.1 534 532.8 533.1 531.1 529.1 527.2 528.8 529.1 530.2 530.2 530.2 530.2 530.5 532.3 533.7 535.1 535.6 538.8 542.7 546 548.8 552.8 557.9 561.6 569.1 573.7 579.2 585 589.3 599 607.3 614.7
508.1 500.2 489.4 486 488.8 488.3 477.1 487.8 490.8 489.6 492.5 493 497.5 500.9 504.7 507.1 509 509 510.8 510 514.3 514.6 513.9 517.7 517.8 516.2 516 516.4 510.3 513.4 512.1 511.7 513 515 516.4 521.6 524.2 524.7 526.9 527.6 528 529.2 530.7 529 529.7 527.8 527.8 527.7 528 526.4 530.8 533.6 533 530.1 530.1 529.8 530.5 532.9 535.5 538.4 540.9 542 546.1 551.3 553.7 557.4 562.8 568.2 573.8 580.4 587.3 594 602.7 610.7 617.3 627.7 635.7
