app/static/ascii/NN48.asc
ncols 200
nrows 200
xllcorner 240000
yllcorner 780000
cellsize 50
[rows 35 to 69 of 200, columns 78 to 155 of 200]
617 626.9 633.9 641.1 648.5 655.1 661.5 666.8 673.6 680.8 689.4 697.8 705 710.8 718.7 727.3 737.3 749.7 761.3 774 786.9 799.9 810.7 821.4 830.6 837.7 840.1 836.5 829.2 820.2 813.4 803.8 814.4 816.9 812.8 811.6 809.8 810.6 810.4 797.5 771.8 724 684.6 651.7 621.5 597.7 570.8 543.2 525.5 508.1 491.2 477 463.5 449.7 435.9 421.2 410.4 403.9 398.8 394.5 389.9 383.4 369.2 363.5 372.7 378.9 384.8 388.8 392.7 396.7 399.4 398.2 398.5 401 396.3 389 378.1 370.1
628.7 637.6 646.2 652.9 660.1 667.2 674.3 681.3 687.6 694.5 703.7 714 720.9 727.6 736.7 748.2 761.3 774.9 790.7 804.9 819.2 832.4 843.3 854.9 864.5 867.5 865.7 861.9 852.8 846.9 838.5 826.6 831.1 830.9 830.4 829.7 828.1 820.2 816.8 797.2 768.6 725.3 687.4 655 622.6 595.9 568.7 542 520.6 504.6 489.2 474.3 461.5 448.4 433.2 418 405.9 398.9 394.5 390 385.6 381 371 357.3 361.3 370.1 376.5 377.4 379.4 383.9 386 385.3 387.8 386 379 370.4 363.3 355.4
640.1 648.2 655.6 663.8 670.9 678 686.6 693.6 700.9 708.8 718.9 729 737.5 745.2 757.4 772.1 789.5 805.2 821.5 837.5 852.4 864.2 874.3 882.3 885.5 881.7 876.9 870.2 858.8 846.4 838.9 837.2 834.2 833.8 832.6 830.5 824.6 816.9 805.1 784.8 758.5 722.4 681 647.7 616.9 587.7 563.2 540 520.6 504.4 489.1 474.4 460.1 446.2 433.2 419.6 405.4 395.6 391 386.4 380.2 376.5 370.8 359.4 349.7 360.1 368.3 366.7 367.1 372.3 374.6 373.9 373.8 367.7 360.5 354.6 346.9 342.1
648.4 655.8 663.6 672.1 678 688.8 697.7 707 715.6 725.4 733.9 743.4 753.2 766 782.1 800.2 819 836.1 854.2 871.4 881.3 889.4 896.6 899.3 893.9 888.4 880.5 870.3 860.9 843.5 847.3 842.1 836.3 830.3 827 822.6 814 804 790.2 770.3 741.2 705.7 670.6 638.2 608.3 581.6 558.5 539.3 521.2 505 490.6 474.6 459.4 446.4 433.5 420.6 407.8 395.9 388.7 384 377.2 370.9 367.2 360.5 351.2 350.2 357.3 357.4 357 359.5 363.8 362 357.8 352.6 346 338.4 330.7 328
655.2 663.5 671.6 680.4 688.7 697.1 707.7 719.1 731 741.3 748.9 758.8 772.8 789.9 810 830.2 849.4 871.6 889.5 900 906 912.9 915.6 911.9 905.1 895.4 885.6 872.4 865.6 850.2 844.3 840.7 832.3 822.8 816.2 809.3 799.9 788.3 771.5 751.4 721.6 688.2 660.3 631.4 601.8 576.3 555.1 538.5 519.6 503.7 489.9 474.7 457.4 444.3 432.2 419.5 407.4 397.4 388.7 380.1 372.6 365.7 361.3 358.8 351.9 340.8 346.8 348.8 350.8 349.9 350.9 349.3 344.9 339.1 333.2 324.2 319.6 316.8
661.2 670.1 679.4 688.6 698.3 710.2 717.8 732.9 745.2 755.7 766.2 778.1 794.7 815.6 837.1 859.8 882.8 906 917.2 923.7 933.2 938.4 933.7 924.4 915.5 906 894.4 883.2 869.9 857.8 846.6 837.2 822.7 810.7 802.8 793.6 782.7 766.6 747.3 727.9 702.6 673.9 648.4 622 596.5 571.9 550.7 536.4 520 503.1 488.2 471.5 454.7 441.3 428.7 416.8 406.3 396.3 388 377.4 368.7 361.8 355.9 351.5 350.1 341.5 337.2 340 345.5 341.2 337.9 337.2 332.8 326.5 320.4 314.5 310.2 306
669.9 679.3 687.9 699.1 712.5 726.1 733.9 743.3 757.5 771.8 784.7 799.5 816 839.2 864.5 891.2 914.8 930.4 941.4 951.5 959.1 958.5 949.8 938.3 926.4 916.8 905.4 892.6 879.1 859.2 849.7 835 817.9 803.4 792.1 780.2 768 746 729 709.6 687.5 663.8 640 615.7 590.9 567.3 551.2 537.2 520.1 502.3 485.5 468.7 451.4 436.5 424.6 413.4 402.9 392.7 383 374.1 364.5 358 352.1 346.4 341.6 336.9 330.5 330.1 335.4 332.8 330.8 326.7 320.2 313.1 308.8 307.5 302.6 298.9
679.1 689.3 701.9 716.2 731 740.6 746.4 757.6 771.3 789.4 804.9 819 833.1 857.6 889.7 915.8 937.4 953.8 966.7 977.5 980.9 973.7 963.3 952.6 940.7 928.8 917.2 905.3 890.6 874.2 857.2 836.5 816.4 802 791.2 779.5 758.3 736.9 716.4 698.6 679.2 656.6 634.1 613.3 590.6 569.6 554.3 538.3 520.2 501.5 483 464.9 448.2 432.7 420.9 410.5 399.8 390.3 378.4 368.8 361.4 354.9 348.9 343.2 337.8 331.2 329.5 323.9 323.3 324.7 323.9 320.1 309.7 301.4 299.3 299.1 294.8 289.9
696.4 707.3 720.2 735.6 751.7 757.5 763.2 770.4 785.5 801.7 819.2 831.3 844.9 867.8 899.6 926.8 951.8 974.5 988.3 995.3 992.7 982.8 973 965.2 954.5 944.5 931.8 918.4 903.7 886.2 867.5 845 822 806.6 790.7 773.7 753.4 733 712.7 694.9 675.4 652.5 632.5 612.5 590.2 573.9 558.5 541.5 522.9 499.8 478.8 461 443.8 429.1 417.5 406.6 396.4 387.9 378 367.5 359.5 352.9 348.1 343 338.4 330.2 326.2 321.3 314.9 315.3 316.3 308.6 300.9 296.7 294 292.4 287.8 284.1
720.7 732.4 740.8 752.6 763.6 779.7 789.5 793.6 806.2 821.8 826.7 831.7 845.1 867 900.4 933.4 965.2 988.4 999.1 999.1 995.3 988.5 980.9 973.2 966.3 956.1 944.5 928.9 913.7 896.5 875.6 855.3 834.6 812.5 791.5 771.2 752.7 736.1 718.3 700 677.8 653 632.1 609.7 592.4 577 561.4 542.7 521.3 496.5 474.9 457 439.6 425.7 413.7 402.3 392 384.5 376.6 367.3 359.3 353.2 347.3 341.3 334.6 325.9 320.8 318.8 316.6 310.4 308.6 304.6 299.5 294.9 291.7 288.4 285.2 282.6
748.4 762.1 768.9 769.5 781.7 800 814.3 825.4 838 838.2 830.8 833.3 844.5 867.1 899.2 936 970.8 990.7 996.2 994.7 992 988.1 983.6 978.6 973.6 963.3 951.2 935.7 918.3 903 880.6 863.8 845.5 825.2 803.2 784.7 763.2 741.6 722.9 703.4 680.5 654.3 632.8 614.2 597.4 580.3 559.9 538.4 516.2 493.6 472 452.4 436.2 421.1 408.9 397.5 386.9 379.6 371.1 362.2 354.3 348.9 343.6 337.3 329.6 322.7 318.1 314.2 312.6 309.3 304.5 302.7 298.2 294.6 291.3 288.2 285.1 281.9
784.1 791.7 801.3 790.5 802.2 820.4 840.1 857.8 869.6 861.2 845.6 842.7 846.1 865.5 898.1 936.7 975.3 989.1 989 987.2 984.9 982.8 982.1 978.7 973.2 964.7 953.6 938.9 919.7 905.3 888.2 872 852 832.7 815.4 795.7 775.1 750.5 722.5 700.5 676.7 652.4 632.7 615.9 598.2 575.7 550.7 532.2 508.7 490.3 470.4 445.9 432.5 416.3 402.2 390.9 381.7 373 363.6 356.4 349.7 343.7 338.6 331.7 323.6 319.2 316.7 313.8 306.8 305.1 302.2 302.2 297.8 294.3 290.9 287.7 285 282.9
827.9 823 822.6 816 825.5 843.7 866.3 892.8 910 893.5 871.2 857.6 856.6 872.4 903 938.9 976.2 983.2 980.8 977.9 975.8 974.3 972.5 970.2 966.7 958.5 945.2 929.4 913.5 901.1 885.5 868 849.8 832.2 815.8 797.5 781.4 763.2 734.3 701.2 675 650.3 629 606.9 586.2 562.9 541 520.6 502.4 483.6 462.3 441 424.6 410.2 397.3 384.7 375.1 367.4 358.6 353.1 347.1 339.6 334.3 328.5 322.1 317.1 312.8 306.6 300.9 302.3 300.1 298.2 295.7 293.7 290.6 287.4 286.6 286.2
865.4 864.1 862.9 844.4 851.4 870.4 895 926.1 938.7 920.6 895.9 882 877.2 887.6 915.4 951.8 980.2 975.8 970.4 966.4 964.5 963.2 961.7 959.9 954.8 945.7 934.4 920.3 906.9 893.9 878.1 859.6 841.9 826.4 810.3 792.5 778.2 762.8 740.2 709.8 677.6 650 625 601.7 577.4 554.9 532.2 513.8 495.6 476.3 455.6 435.8 419.5 407 394.3 382 372.6 364.2 355.8 349.5 343.1 335.2 330.4 325.4 318.8 312.6 305.1 300.6 297.7 298.8 297.6 294.8 294 292 289.8 287.9 286.6 283.8
886.1 887.1 886.9 873.6 881.8 900.3 923.4 960.6 967.8 949.6 926.9 911.2 904 908.9 934.7 969.3 975.4 966.4 959.7 955.3 951.8 949.3 947.3 944.9 939.5 930.8 921.8 908.8 895.1 882.4 866.7 849.9 833.4 817.1 800 784.9 772.2 761.2 740.1 712.2 678.4 645.2 618.5 593.4 570.2 545.8 525.9 506.3 488.3 468.4 450.3 433.3 418.7 406 393.1 381.3 373.6 365.2 354.1 345.3 337.6 330.6 324.8 319.5 311.7 305.1 300.5 297.5 295.2 293.3 293.6 290.8 290.6 289.4 287.7 285.9 284.3 281.4
912.7 913.5 917.6 911.9 916.6 937.2 963 994.9 1003.1 982.8 961.4 942.4 933.7 937.7 959.1 978.5 971 961.1 950.5 941.6 936.1 931.9 930.3 926.2 919.7 913.7 904.1 889.4 877.7 868.5 853.5 837.7 822.9 805.8 789.7 775.7 763.5 750.7 730.6 706.6 676 638.8 608.3 584.7 561.1 538.8 519.8 500.4 482 464 446.2 429.7 415.9 406.2 390.7 381.5 374.3 362.9 352.2 343.1 333.4 325.7 320.2 312.9 307.5 303.1 298.6 295.5 293.3 291.2 289.7 289 285.8 284.8 284.8 284 282 277.6
945.5 946 954.4 955 951.7 976.1 1001 1027 1036.8 1015.6 996.6 981.3 971.8 969.7 980.9 974.4 964.2 948.2 935.3 924.1 916.5 912.4 909.6 906.6 901.9 895.9 885.1 873.8 862.5 852.6 840.5 826.6 811 794.9 780 766.1 754.2 740.4 718.5 694.1 668.1 631.9 598.3 571.6 551.9 532.5 516.1 496.2 476.8 458.8 441.3 425.6 411.7 399.5 387.2 378.8 367.7 356.7 346.5 336.8 328.4 321.8 316.9 310.5 304.9 301 296.5 293.3 291.8 289.3 287.2 285.4 284.9 282 281 280.2 275.8 271
976.7 981.7 993.6 999.9 990.2 1014.9 1026 1051.6 1059.6 1044.8 1029 1015.5 996.5 983.3 975.6 967.3 952.3 934.6 914 900.1 891.7 888 885.2 883.5 879.8 873.9 865.5 857.4 846.8 838.1 827.8 813.4 799.5 783.4 768 754.5 739.5 723.3 703.6 679.5 651.2 618.2 584 559.6 541.8 526.4 510 491.9 472 454.6 437.3 420.6 405.2 391.2 381.7 371.7 360.8 349.7 339.1 330.2 323.3 320.4 316.4 309 302.8 298.3 294.8 291.5 290.3 288.2 285.6 283.4 281.3 280.2 276.6 272 270 267.9
1018 1022.6 1034 1044.6 1025.4 1049.7 1062.2 1060.1 1051.7 1037.2 1019.7 1002.2 989 975.7 966.5 951.7 933.5 913.6 892.7 876.7 872.2 864.2 857.5 855.1 853.7 850.8 844.8 837.1 828.8 822.1 809.4 795.5 782.3 767.6 750.9 737.6 724.2 704.2 687.7 666.7 636.3 602.8 574.8 552.2 534.5 519.6 502.6 485.6 467.6 448.1 431.9 417.6 401.6 388.5 377.2 366.8 355.7 345.6 336.1 327.1 320.4 318 314.1 307.9 301.2 296 293.1 290.2 287.4 285.8 283 281.1 279.8 276.9 274.4 272.7 270.3 270
1060.2 1060 1060.9 1061 1060.3 1059.4 1057.3 1051.9 1041.6 1025.8 1008.3 991 978 964.7 950.3 933 911.6 892.2 874.9 861 852.2 842.2 834.2 830.3 830.7 827.6 822.8 818.1 810.8 801.1 790.5 776.7 762.8 747.4 731.4 717.2 701.9 687.8 678.5 664.1 631.9 601.7 574.9 548.1 529.9 513.4 495.4 475.6 458 442.4 428.9 410.9 396.1 383.4 371.9 360.6 350.6 342.7 334.3 326.5 320.7 317.1 312.6 305.1 298.3 301.3 296.3 292.1 288.2 285.4 280.4 276.9 276.4 277.1 273.8 270.7 268.1 268
1045.9 1046.4 1046.6 1049.2 1050.9 1051 1049.2 1040.8 1030.3 1015 996.8 979.4 965.2 951.1 932.6 913.6 890.8 872.4 857 845.9 831.5 819.9 813.2 810.6 805.7 802.5 798.7 792.9 786.6 778.6 769.5 755.5 740.6 724.4 709 696.3 684.3 676.2 662.5 644.9 624.7 608 580.4 545.9 523.5 504.6 485.2 465.4 449 433.9 418.6 403 390.9 378.2 366.8 358.1 350.8 342.9 333.2 327.7 323.1 318.6 313.9 307.6 303.6 302 298.1 293.7 290.1 285.6 279.1 275.1 274 273.6 272.2 270 269.2 267.5
1017.5 1022.9 1028.9 1033.3 1037.7 1041.1 1037.8 1029.1 1020 1006.1 984.4 968 953.8 936.4 916.6 894.3 873.2 854.3 841.6 827.8 813.6 804.3 797.5 791.2 783.9 778.2 771.1 763.9 758.6 751.7 741.1 727.5 712.4 699.4 688.9 678.5 666.2 657.6 645.4 634 621.1 605.6 577.4 544 517.5 494.2 475.5 458.1 441.3 423.2 408.8 396.5 384.8 373.7 363 355.1 348.9 340.5 332.8 329.7 325.7 320.8 315.6 308.7 305 303.4 300.5 294.6 288.7 284 277.4 274.1 271.6 269.5 271.7 271.2 270.6 266.4
985.1 991.7 1002.3 1012.5 1023.5 1029.9 1025.4 1017.8 1010.8 999.6 972.9 954.6 941.1 923.6 903 879.4 858.7 839.6 826.2 813.1 805.1 795.4 788.3 778.4 767.4 756.6 746.7 737.7 730.4 721.7 710.2 698.6 687.9 676.1 667.6 658.5 649.2 638.6 628.3 621.1 610.3 598.1 573.1 540.7 516.5 491.8 473.1 452.3 434 418.6 404.4 389.7 381.4 368.7 358.7 352.3 345.2 340 334 330.8 327.4 320.7 314.3 308.8 305.3 301.6 297.1 291.6 286.4 281.5 277.6 274.8 269 266.7 270.1 271.3 272.2 267.6
946.4 955.2 967.1 983.5 1003.4 1014.4 1011.2 1006.8 1001.9 987.1 961.6 943.9 928.1 910.8 892.1 867.1 843.7 829.6 816.5 808.2 799.7 790 783 771.7 758.6 744.6 730 717.5 705.7 693 682.8 673.4 663.5 653.8 645 638.3 630.1 620.8 613.5 606.5 593.7 580.3 560.4 541 524.4 504.2 485.7 465.7 444.1 422.3 406.7 392.5 377.4 365.5 354.4 349.2 346 341.6 334.4 330.7 326.9 319.3 313.5 309 305.1 298.5 292.5 289.7 286.7 282.8 277.3 274.5 269.6 266.7 267.7 271.2 268.6 261.4
902.8 916 932 950.9 970.4 985.4 993.6 991.1 986.6 972.5 959.1 939.9 926.5 915 891.6 858.3 836.5 826.2 817.6 809.4 798.4 788.4 778.6 765.7 749.7 734.6 717.8 704.1 687.9 674 661.9 651.2 641 630.8 623.9 617 610.5 606.4 600.8 594.1 584.2 572.1 564.4 554 541.9 522.2 500.6 475.2 450.9 423.9 408.3 393.7 376.8 361.2 353.9 350.1 347.3 339.9 333.6 328.7 323.9 316.9 312.4 308 301.4 297.1 293.8 289.5 285.5 280.4 276.9 274.4 271.4 262.4 264.4 263.6 259.4 255.4
859.7 878.6 897.9 916.7 936.8 954.3 968.1 968.7 966.4 962 950.2 946.8 940 921.2 893.2 857.8 840.7 827.7 820.8 813.2 800.6 787.2 774.5 760.2 744.4 730.1 712.7 696 675.1 652.9 645.1 632.2 619.6 610.5 603.5 597.5 592.1 590.3 588.7 587.5 581.7 571.6 570.1 558.1 544.1 529.2 507.1 478.4 450.8 424.9 409.2 391.7 374.3 359.1 355.3 354.1 349 339.7 332.7 326.1 319.2 313.4 309.4 303.4 298.3 295.4 292.3 285.6 282.3 279.4 278.8 275 268.8 262.9 259.7 258.7 257.3 256.4
826.4 841.4 862.3 884.6 904.2 922.3 936.6 947.1 950.3 949.2 951.5 950.7 938.9 914.8 879.9 855.4 838.8 826.6 819.9 813.3 802.1 788.5 772.7 757.8 740.1 725.5 709.8 692.4 672.5 654.3 638.4 622 604.3 594.2 584.8 578.6 574.6 575 574.1 571.1 564.4 562.2 562.5 552.3 537.5 524.4 502.8 468.4 442.7 429.1 406.7 385.7 369.8 362.1 359.9 358.3 350.5 340.5 331.8 322.6 315.8 310.3 302.2 296.9 294.1 290.1 286.1 284.4 282.4 279.8 277.4 273.1 264.7 267.7 262.3 259.5 257.8 256.4
798 812 828 848.9 869.9 890.6 910.3 923.8 929.9 931.8 935.9 937.8 927.1 914.9 886.4 866.6 850.2 843.2 830.9 825.5 814.5 794.9 775.1 762.2 747.1 730.2 720.3 697 675.1 655.2 634.8 611 595.8 583.5 569.7 561.3 557.6 556.8 554.2 550.3 545.1 546.7 546.1 538 524.7 507.3 481.7 452.9 444.5 427 398 379.6 370.2 365.6 362.7 357.1 350.2 339.4 327.6 318.5 311.5 304.8 297.3 294.1 291.2 288.2 285.7 283.9 279.8 277.8 275.1 272.1 271.4 268.9 266 263.9 262.2 258.6
773.4 785.2 799.3 816 837.5 859.5 880.5 897.7 907.8 915.2 922.4 927.9 927 912.6 892.9 884.6 872.5 860.8 855.3 840.9 829.8 803.6 781.9 775.1 759.4 747.3 735.8 711.6 687.4 661.1 637.9 612.2 592.9 576.2 564.2 549.7 544.2 537.3 532.7 528.1 523.8 521.4 522.1 515.5 502.8 487 454.6 446.3 435.1 410 387.1 377.1 369.9 365.2 359.9 353.5 343.5 328.8 319.6 311 305.3 300.5 296.4 293.8 290.8 288 285 281.9 281.3 279.8 277.1 275.2 275 273.3 268.8 265.7 263.5 260.8
754.4 763.8 775.8 790.9 809.2 827.7 848.6 869.5 884.5 894.6 902.4 912.4 914.4 908.7 897.2 897 896 873.8 866.6 856.5 841.7 815.8 791.7 784.3 773.9 764.9 753.8 729.9 704.5 675.2 647.8 617.7 593 572.9 555.2 542.4 530.2 519.7 513.6 505.9 501.6 498.7 499.2 495 481.8 456.2 440.2 430 413 391.7 380.2 372.4 365.8 358.6 350.4 342.8 328.9 319.5 309.4 304.8 301.4 299.2 304.6 301.4 297.6 297.7 296.7 293.5 289.7 285.8 283.2 281.3 279.9 278.2 272.5 267.4 264.3 265
747.2 747.9 756.9 767.9 782 796.1 810.5 832.1 851.4 867.4 880.3 890.8 895.6 892.3 893.9 898.6 892.6 882.4 881.6 869.8 851.8 829.8 805.4 797.7 791.4 779.3 760.7 742.5 719.3 693.1 659.2 623.9 597.1 571.6 550.8 535.6 516 500.7 494 486.3 480.5 477 478.7 470.3 450.5 436.4 421.2 406.2 390.8 379.5 372.3 366.4 360.1 350 339.2 328.9 317.7 312.8 316.2 320.2 319.7 319.8 319.5 312 307.3 309.7 306.1 303.4 300.7 297.4 295.7 291.9 287 284 274.1 266.6 266.6 268.1
754.5 742.7 742.9 746.2 754.4 764.8 778.8 797.8 821 842.9 857.9 867.2 874.4 875.9 879.7 882.3 882.8 884.1 884.2 872.4 857.8 839.5 817.2 810.3 800.1 782.8 775 760.5 739.1 723.7 685.3 637.5 603.4 574.2 548.9 527.5 504.7 489.5 476.4 469.3 461.8 458.9 453.9 444.1 429.7 416.6 405.3 392.8 380.3 372.4 367.7 363.3 351.9 339.5 326.9 321.9 325.2 324.9 327.6 334.8 333.2 334.6 327.4 320.2 317.2 315.1 313 312.8 312.2 310.1 305.8 303.8 299.2 292 281 274 270.3 268.9
761.6 746.5 735.4 729.8 733.3 740.5 752.9 771.8 794.4 817.4 834.7 844.2 853.3 860.3 864.7 869.5 874.3 877.1 877.3 867.9 861 836.9 819.3 814.8 803.1 788.1 777.6 749.8 719.6 698.9 661.3 623.1 594.3 567.3 542.2 521.6 493.7 480.3 459.6 449.4 445.9 440.8 434.5 423.8 411 402.6 391 379.4 370.3 365.3 360.5 351.8 338.5 330.2 331.2 334.2 333.3 333.7 335.9 341 339.7 339.1 331.3 327.2 323.7 322.7 322.3 323.3 321.9 319.3 314.5 313.3 306.7 299.1 290.3 283.8 274 268.5
755 746.3 737.2 728.4 720.7 725.4 734.9 750.8 769.4 792.1 810.9 825.6 839 846.6 850.2 857.2 868.2 865.8 867.1 863.6 853.5 832.1 817.9 816 801.2 784.5 760.5 733.2 701.9 668.4 639.8 608.6 579.2 552.3 526.9 503.6 481.3 472.2 456.8 434.9 427.9 423.8 417.6 407 396.5 388.2 375.9 365.2 361.3 356.3 351 340.1 338.6 337.9 341.5 341.8 342.3 342.6 342.2 342.7 343.5 342.5 341.5 335.7 331.4 330.2 328.5 328.9 328.7 327.1 321.6 318 312.9 303.8 292.8 283.2 272.9 267.9
746.7 742.1 734.8 726.5 719.7 713.9 721 734.3 750.1 772.5 793.5 808 820.9 830.5 834.6 840.3 846.6 847.8 848.4 853.9 836.8 821.4 808.7 800.3 785.9 760.5 738.8 713 681.5 642.7 616.9 589.5 564 537.1 512 486.6 471.2 458.7 443.9 427.6 411.1 409.1 403.5 392 381.7 371.4 363 357.4 354 347.8 348.6 347.6 344.4 347.7 349.8 351.6 352.8 352 351 351.9 353.5 354.3 352.3 345.5 338 336.4 338.1 344.4 339.1 329.9 326.5 324.3 315 304.6 292.4 280 273.5 270.4
