app/static/ascii/NN49.asc
ncols 200
nrows 200
xllcorner 240000
yllcorner 790000
cellsize 50
[rows 70 to 104 of 200, columns 0 to 77 of 200]
653.9 658.1 658.4 658.8 657.1 654.5 649.1 637.8 635.7 639.4 645.2 651.9 658.9 658.9 659.8 660.7 662.5 664.9 668.7 672.3 671.7 671.9 668.4 656.5 641.1 626 614.9 605.5 592.3 578.5 567 556.8 547.7 542.4 538.9 534.7 530.5 532.3 535.8 537.8 541.2 547 551 553.8 555 555.9 556 556.9 556.9 556.9 555.2 554.8 554.1 552.6 552.4 551.8 549.7 546.8 548 544.9 544.8 542.5 540.2 537.7 535 531.4 526.7 521.3 516.9 512.3 506 501.3 496.3 491 486.3 480.5 474.7 471.3
661.8 667 667.6 665.6 661.8 656.4 650 640 632.2 629.4 635.8 638.7 643.7 644.3 645.8 647 647.9 649.8 652.3 655.3 655.1 655.9 650.9 636 623.3 609 601.7 589.9 577.7 569.3 556.4 547.7 541.2 537.7 533.8 531.7 529.9 525.3 531.6 531.7 534 538.9 542 544.5 545.3 545.2 544.8 545 544.2 544.5 544 543.6 543.7 543.3 543.8 542.6 541.5 539.9 536 535.6 534.5 533.6 532 529.2 525.8 521.7 516.9 511.5 506.9 503 498.6 493.8 489.5 484.9 480.6 476.4 470.1 467.1
667 673.2 675.9 674 669.5 661.9 651.7 640.5 629.6 624.2 626.8 628.3 629.2 628.1 629.3 629.6 630.4 631.4 633.8 636.6 636.7 635.4 628.8 621.1 606.5 596.9 588.4 577.2 565.6 558.2 547.9 544.6 539.2 533.4 529.2 528.1 527.4 522.2 525.8 526.8 527.1 530.7 532.5 534.8 534.9 534.4 534.6 535.5 534.1 534.3 533.2 533.5 534.8 535.3 534.8 533.8 531.6 530.6 527 527.8 527.7 527 525 520.6 513.7 511.7 508 503.2 498.5 495 490.5 487.1 482.9 480.2 475.7 471.8 471 469.4
668.8 675.9 679.9 678.9 675 666.7 655.4 642.6 631.4 619.5 616.6 615.1 614.2 611.6 611.4 611.2 612.4 612.8 615.4 617.2 618.6 617.4 610.4 601.7 590.9 585.4 576.9 567.3 556.1 549.8 542.7 540.5 535.4 528.5 526.4 524.6 523.2 519.8 515.6 519.7 518.8 520.8 524.5 525 526.2 524.9 525.3 526.3 525.3 526.1 525.7 525.9 525.8 524.7 524.9 524.2 523.1 521.1 518.8 521.4 520.3 519.4 515.9 510.7 505.8 500 499.3 495 490.1 486.5 482.3 480.2 477.8 475.7 472.5 470.1 468.6 469
672 680.7 687.2 687.5 681.3 668.8 656.1 645.2 634.5 623.1 607 599.8 600.2 598.3 595.7 598.4 597.9 599.1 601 603.7 604.2 599.9 597.6 585.4 580.1 574.9 567.1 558.2 550.1 544.2 540.8 535.6 530.5 524.7 521.8 521.1 519.7 516.5 506.5 515.1 512.3 513.1 516.3 516.5 518.4 516.6 516.9 517.6 518 517.7 517.2 516.3 515.3 515 514 515.1 515 513.3 511.1 510.7 511.2 510.1 505.7 501.9 497.7 492.5 488.9 486.4 483.8 481.6 478.5 475.5 473.9 472.5 469.6 467.8 467 465.4
678.2 688.2 696.1 695.9 689.8 679.1 664.1 650.7 640.3 628.7 617.9 607 597.9 589.6 582.6 587.4 586.9 586.6 587.8 588.9 590 584.8 581.8 575 566.5 561.9 557.3 551.3 543.1 539.8 535.9 528.6 525.5 521.6 519.1 517.8 515.8 511.8 500.7 509.1 506.8 506.7 507.9 508.2 508.3 507.3 509.1 508.5 508 507.1 506.8 507 505.6 504.9 505 505.6 506.1 504.6 502.1 499.2 502.6 500.1 496.9 493.8 489 486.8 483.9 482.9 479.9 477.5 475.7 473.6 472 471.7 470 465.9 465.1 464.7
683.9 695 702 707.4 701.7 688.3 676.7 662.2 651.1 640.3 628.3 617.1 605.3 596.9 588.1 580.1 576.9 574.8 578.7 579.2 578.6 573.4 570.5 564.9 559.5 556.1 548.6 543.7 538.6 534.9 528.6 524.1 522.5 519.8 516.3 514.1 511.4 507.2 498.2 499.5 500.4 498.5 500.9 501.6 501.9 499 500.2 499.2 498.3 497.4 497.2 497.6 498.4 496.9 497.4 498 496.7 495.8 493.7 490.3 492.5 491 487.7 484 481.4 480.3 479.9 478.2 476.4 474.2 473.5 471.5 470.5 470.2 468.5 465.4 462.6 462.5
687.6 697.7 703.4 707.7 702 695.1 690 676.8 665.7 653.5 638.3 625.5 614.2 606.4 597 587.9 580.7 575.3 569.9 570.9 571.2 567.3 563 560.8 557.3 552.1 549 543.9 539.3 534.3 529.4 525.1 522.9 519.6 514.9 510.2 505.3 501 495.3 488.4 492.1 490.6 492.3 491.8 494.1 491.2 492.4 491.3 490.3 489.7 489.8 490.1 490.4 490.9 491.4 491.6 489.9 488.8 487.3 485.8 483.8 482.9 482.3 479.3 476.7 475.1 474.1 472.7 471.8 471.4 470.7 469.7 468.8 467.1 465.2 463.1 460.7 460.6
690 699.8 704.5 708.7 708.4 705.2 702.1 694.8 681.7 665.9 648.5 635.8 625.9 616.6 607.1 598.1 588.3 579.9 573.8 568.3 564 560.9 561.5 555.2 548.8 548 545.3 545 540.6 535.6 527.4 520.3 521.6 512 513 507.4 501.2 492.7 488.2 480.7 484 484.4 483.6 484.4 486 486.1 485 484 483.3 483.2 483.8 484 484.6 485.3 485.6 485.3 484.1 483.1 481.6 480 477.9 477.6 477.2 475.1 473 472 469.2 467.6 468.2 468.1 467.3 466.1 464.6 463.4 461.8 460.2 458.7 458.7
691.2 701.5 708.2 713.4 716.5 716 714.6 711.7 699.3 683.3 662 648.8 638.6 628.2 618 605.8 594.6 586.1 581.7 575.3 571.9 567.7 563.8 561.6 557 551.8 546.9 538.7 534.6 533.1 527.8 528 521.7 511.9 502.8 502 496.2 488 478.7 473.3 469 475.1 474.9 476.8 478.1 478.2 477.6 477.1 477 477.2 477.7 478.2 478.9 479.8 479.7 479.4 477.2 475.8 476.4 475.1 472.6 471.8 473.1 471.3 469 468.1 465.8 463.8 465.1 464.3 463.1 461.9 460.5 459.2 457 456 454.9 455.2
692.2 703.7 713.7 720 725.8 727.5 728.7 726.1 713.4 702.8 681.3 665.9 650.8 642.1 627.3 613.5 602.5 594.3 587.3 581.9 578.5 574.9 570.6 567.9 564.7 559.1 554.9 550.4 542.7 538.4 534.6 527.4 519.8 511.3 500.1 489.4 488.4 481.9 474.1 466.8 461.2 468.1 469.3 469.4 470.3 471.3 472 471.4 472 472.1 472 472.9 473.8 474.6 474.7 474.5 472.1 469.6 470.3 469.9 467.8 467 468.4 466.9 465.1 463.7 462.1 460.1 460.4 459.8 458.6 457.3 455.8 453.7 451.5 451.6 448.8 449.5
696 709.5 719.9 728 734.5 738.5 741.7 735.8 728.6 715.7 702.1 687.7 673.9 660.1 640.5 622.6 611.7 602.6 595.2 589 584.1 580.1 574.5 570.7 567.3 562.6 558.9 555 548 543.7 537.9 530 522.1 511.6 500.6 488 472.9 474.9 470.6 464.4 456.1 463.7 464.3 463.2 463.7 466 466.5 466.9 467.7 467.1 467.6 468.3 469.1 469.9 470 470 468.5 465.5 464.8 465.5 463.1 460.2 461.9 462.3 460.4 459.2 457.7 456.5 454.7 454.4 453.4 451.4 449.7 447.9 447.5 446 443.9 443.1
701.5 714.8 724.1 732.5 739.5 745 752.3 744.8 734.6 729.4 719.3 717.8 697.4 677.3 655.6 636.3 621 611.4 604 596.2 591.3 586.2 582.4 577.9 573.2 568.4 565 559.7 554.7 549.3 539.7 530.8 520.6 509.9 499 488.9 475.2 466 462.6 458.7 454.8 455.7 458.5 459 458.6 460.3 462.1 463.3 463.9 463 463.6 464.2 465 465.9 466 465.7 465 463.7 458.8 459.7 458.8 456.4 457.5 457.2 455.3 454.6 453.2 451.6 449.7 448.4 446.3 444.6 441.8 442.3 441.2 439.2 437.1 437.4
705.4 717.9 727.2 734.1 742.6 748.6 751.2 746.4 738 732.3 725.8 726.1 709.3 689.4 668.5 651 634.4 621.5 612.5 605.1 600.4 596.8 592.2 587.9 582 576.5 572.8 573.8 566.1 553.3 542.1 528.6 518.6 507.3 496.4 487.5 475 464.6 456.9 454.2 452.2 448.5 451.9 454.6 455.1 456.8 458.6 459.3 458.3 458.1 460 460.1 461 461.8 461.5 461 459.4 458.4 452.3 454.4 454.2 451.5 452.9 452.3 450.5 449.5 448 446.5 444.2 438.7 439.4 439.9 436.7 436 435.4 433.3 430.5 430.4
706.8 717.6 725.4 733.3 740.5 743.6 746.6 740.4 730.9 724.5 719.2 718.9 705.9 687.1 673.8 658.6 647 634.5 623.4 615.9 613.5 610 602.4 596.8 589.2 584 582.1 575 565.8 553 542.1 530.4 515.6 503.3 490.5 482.4 473.1 465 455.8 447.9 446.7 447 447.4 449.8 452.9 454.3 455.1 455.4 455.3 454.3 456.2 455.8 456.8 457.1 456.8 455.9 454.5 452.7 449.2 448.3 448.9 446.8 447.4 447.6 446.7 446.1 444.3 441.4 438.1 436.5 433.6 431.6 429.7 428.6 428.4 426.6 422.8 423
707.5 713.7 721.1 726.5 731 732.5 731.1 722.8 721.9 716.9 707.2 705.7 689.9 677.8 671.5 663.8 657.8 643.1 632.6 627.1 628 624.1 614.8 604.1 595.1 588.7 584.7 575.3 562.4 550.7 538.2 527.6 515.1 501.2 488.8 479.3 472.2 462.9 453.2 449.1 442.7 442.3 443.5 444.9 447.2 450.3 451.9 452.2 450.6 449.8 451.3 451.4 452.6 452.4 452.1 450.7 449.4 447.8 444.2 443.7 443.4 442.6 442.5 442.3 441.8 439.7 437.3 435.2 431.7 429.7 427.3 424.4 424.8 422.4 420.4 420.3 418.3 417.8
706.5 710.5 715.1 719.8 717.8 714.3 712.3 709.1 709.1 703.3 692.6 684.1 676.8 674.5 677.6 670.2 662.7 648 641 635 637.1 633.4 619.1 607.8 599 591.4 585.3 576 561.6 548.7 533.7 521.4 507.4 495.8 485.7 475.6 466.4 459.2 451.3 444.9 441.6 436.3 439.3 441 443.6 446.6 448.8 447.2 445 447.1 447.1 446.9 448 447.7 446.7 445.5 444.3 442.8 441.7 438.7 439 437.2 435.3 436.2 433.7 431.2 430 428.5 424.7 422.3 419.7 418.9 416.3 416.2 413.4 413.8 410.8 411.7
704 702.5 704.7 705.8 701.6 700.7 700.8 696.6 694.6 691.1 683.9 673.8 670.3 669.1 671.4 669.4 666.5 652.7 646.2 642.5 637 631.7 617.7 606.7 602.4 597.5 588.8 568.9 553 539.3 524 512 497.1 485.3 476.1 468.5 462.4 455.5 448.6 443.3 437.9 435.1 432.1 436.7 438.5 443.8 444.6 445.3 444.5 440.9 441.9 442.5 443.3 442.2 441 439.5 438.1 438.1 438.1 433.7 434.7 432.6 425.1 428.1 425.5 423.1 420.3 418 416.9 413.3 412.7 412.3 411.2 410.5 406 405.5 400.2 404.8
697.5 694.3 693 689.4 685.7 684.6 684.7 683.6 682.1 680.1 671.9 667.1 662.3 663.3 665.3 665.8 662.1 653 648.7 641.9 631.7 623.7 615.5 605.3 598.6 588 571.3 561.9 544.1 527.1 512.2 501.3 489.5 475.3 467.7 461.9 456.5 452 446.1 440.6 435.8 434.3 429.4 428.8 434.5 438.2 439.4 440 438.7 435.8 436.9 439.4 437.6 436.4 435.2 433.9 433.6 435 433.7 429.1 429 428.3 423.7 419 418.1 414.9 412 409.8 408.2 406.6 406.2 405.2 403.4 403 400.9 396.5 393.3 396.1
695.3 685.5 680.1 674.1 671.4 670.3 668.4 667.9 668.1 666.7 664.1 659.3 653.7 654.8 656.2 657.5 652 649.7 643.7 637.3 626.5 626.3 612.9 603.1 588.9 572.4 559.3 545.8 531.3 517.9 499.2 487.4 478.6 469.8 461.5 456.1 451.6 448 443.5 436.2 433.3 431.7 428.6 426.9 430.6 431.6 432.2 432.6 433.4 432.5 432.9 433.6 431.8 430.6 429.9 429.5 429.7 430.6 428.4 425.9 423.7 423.2 418.7 414.1 412.9 409.6 406.4 402.7 401.3 399.4 399.2 394.6 395.8 395.3 393.9 387.6 380.8 382.7
691.3 678.6 669.7 665.6 662 659.3 658.2 656.7 657.6 656.3 654.3 647.9 643.9 644.7 646.1 645.3 644.5 641.3 635.2 633.8 625.6 616.7 603.3 589.2 571.9 556.5 544 529.7 516 502.3 488.9 479 469.8 464.8 459.8 453.4 448.2 444.1 438.4 434.7 432.8 430.8 427.3 426.8 428.6 425.8 426.4 427.3 428.1 428.3 429.5 429.3 427.4 426.6 426.8 426.5 425.8 424.9 423.9 422.9 421.8 417.8 414.6 410.8 407 407.2 404.7 399.9 394.1 391.2 391.7 388.6 388 387.4 386.2 381.8 376.5 372.6
681.7 667.8 660.6 657.4 655.1 653.1 650.5 646.8 645.7 644.2 640.6 637.5 634.9 633.9 633.2 634.1 631.5 630.6 627.7 623.2 620.4 607.4 588.3 571.2 559.3 544.4 532.3 517.3 502.5 490.8 479.3 472.2 466 461.7 457.6 451.6 447.2 439.9 436.1 434.9 432.9 429.8 425.7 421.7 423.2 420.9 421.3 422.5 424 423.1 426.7 425.3 423.8 423.4 424.3 423.8 423.4 422.1 421.8 421.7 421.3 419.9 416.9 414.1 410.4 404.9 398 395.5 391.8 387.7 382.4 381.1 380.2 379.5 376.3 373.6 368.1 365.6
675 663.3 654.2 648.7 647.3 645.4 641.5 635.8 630.2 627.7 629.4 627.4 623.4 621.7 622 621.3 620.5 617.6 614.6 607.4 599.2 587.9 568.1 557.6 553 532.5 518.7 504 489.8 479.5 472.4 467.5 463.9 459.4 453.6 448.2 442.7 437.9 436.2 433.5 430.3 427 423 421.1 416.3 416.6 416.9 419.9 421.4 418.9 420.3 421.7 421.5 420.5 421.9 422.8 423.2 423.8 423.4 423.7 424.3 424 421.8 421.4 417.6 411.9 406.1 400.4 394.6 390.2 383.5 378.1 371 371.3 367.2 365.4 361.7 358.6
671 658.2 648 638.9 637.8 635.2 630.2 624.7 619.3 617.3 616.6 615 613.1 611.4 608.9 607.6 606.2 605.6 600.6 591.1 582.8 565.9 548.7 541.5 533 516.8 501.9 489 479.6 473 468.1 463.7 461.3 456.4 450.9 445.1 440.2 436.9 434.6 432 427.7 424.4 421.5 419.5 416.6 411 412.9 414.8 416.9 417 417.7 418.3 418.1 418.6 419.7 421.2 424.4 425.3 425.1 425.1 426.6 427.5 426.9 425.8 422.9 415 408.4 402.3 396.2 392.2 386.4 381.1 375 371.2 362.7 357.8 356.1 354
662.4 651.3 639.4 630.4 624.2 622 618.1 613.1 610 607.8 605.2 604.5 601.3 596.8 594.2 592.5 589.5 593.1 592.1 572.4 568.7 546 534.4 522.8 512.9 500.4 486.8 474.1 470.2 467.2 463.1 460.1 455.6 451.2 446.9 442.9 440.3 438 434.2 431 426.9 425.1 420.8 418.7 416 411 409.1 410.3 413.9 415.4 416.1 417 416.6 417.5 419.3 421.3 423.9 424.7 425.3 426 428 429 427.9 424 420.9 415.2 409.1 402.8 396.8 392.5 384.9 379.1 374.2 371.1 363.5 358.8 354.9 348.3
649 639.1 627.9 620.3 614.6 612.6 605.3 600.7 596.8 594.6 592.3 590.4 585.4 581.5 578.5 574.6 574.4 576 565.8 550.3 538.8 528.3 525.1 507.3 494.5 482.4 475.3 467.3 464.1 460.8 458 455.1 453.4 448.5 445.9 443.6 443.2 439.4 434.2 429.5 427.4 427 421 417 413.3 409.2 406.2 408.3 413.9 414.7 414.7 416.3 415.3 416.9 418.2 420.3 422.8 424.1 424.7 425.7 426.9 424.7 424 421.9 420.6 414.9 407.1 402.7 397 389.4 383.1 377.3 370.6 364.9 360.2 356.6 352.6 349.8
625 618 611.5 609.8 605.1 599.3 592.6 589.6 584.7 579.8 577.1 573.5 570.3 565.8 562.3 560.7 555.9 550.7 542.7 527.3 517.9 507 498 486.5 478.5 473.2 465.8 460.4 460.4 459.2 458.6 454.1 451.2 450.1 447.9 445.3 442.8 439.5 433.3 429 427.4 424.8 420.1 418 413.1 409 403.1 405.9 410.5 411.6 412.6 413.2 413.6 415.3 416.7 419.3 421.5 423.4 424.1 423.4 422.6 420.1 418.5 417.2 415.7 412.1 405.8 401.8 391 385.1 381 372.7 365.4 361.2 356.8 351.6 346 345.2
607.9 604.2 601.6 598.6 593.1 584.6 581.2 579.6 575.1 567.1 561 558.1 557 550.3 547.8 543.2 537.7 530 517 507.2 498 486.9 480.5 475.5 469.8 463.4 459 456.4 457.4 456.5 454.3 453.6 452.3 451.3 449.6 445.1 440.3 434.9 430.6 426.6 425 421.6 418.8 417.2 412.6 405.9 402.6 404.1 407.1 408.1 408.3 408.6 411.3 413.8 415.1 417.7 419.5 422.3 422.7 420.3 417.3 415 413.5 412.1 412.7 409.4 402.9 395.1 386.8 385.1 377.7 369.6 361.7 358.4 350.8 348.4 344.8 341
599.2 598 596.6 587.3 577.9 566 568.5 567.9 559.8 549 539.2 538.4 536.4 535.8 537.2 529.3 520.5 514.3 502.7 489.6 481.6 475.4 469.1 464.8 462.3 455.3 452.3 452.6 452.5 451.8 451.8 451.2 450.6 449.1 446.8 443.3 440.2 433.2 428.5 424.5 422.6 420 416.5 412.1 407.2 402.3 397.9 406.5 403.6 403.8 405 407.3 408.9 411.4 412.4 414.2 415.2 417.1 415.8 413.8 411.8 410.3 408.7 406.7 404.4 399.3 395.3 390.6 381.5 378.5 371.5 364.6 356.7 352.3 346.9 344.4 342.7 340.3
591.8 590.1 577.1 564.6 555.9 546.2 541.4 542.3 538.1 532.2 522.7 519.8 520.6 524.3 526.1 518.9 501.6 496.1 485.5 477.3 469.5 465.1 460.6 455.9 453.8 450.2 447.5 448.4 447.8 448.6 448.5 448.3 449 448.2 445.2 440.5 433.2 428.2 425.2 422.7 422.3 418.5 413.1 407.1 402.2 400.1 397.7 399.3 401 402.3 403.6 404.9 406.2 408.1 409.7 410.7 411 410.7 409 407.5 405.4 403.7 400.6 398.3 395.4 392.5 389.5 385.5 377.6 370.6 366.1 357.4 348.8 345.7 343.4 341 340 339.4
558.8 558 550.6 542.8 536.7 530.9 526 523.4 519.5 515.3 507.9 499 508.7 510 504.7 497.4 485.9 481.6 474.6 463.4 456.9 456.1 452.1 448 444.9 444.5 443.2 443.4 443.3 443.1 443.9 444.9 448.5 449.8 440.1 433.3 427.1 425.1 423.6 420.9 419.3 412.2 404.7 400.2 399 398.1 396.1 399 402.8 400.9 401.9 402.9 403.9 405 406.5 406.2 406.4 405.3 403.9 401.9 400.5 398.3 394.9 391.4 387.4 385.4 383.7 380.9 373.6 365.7 358.9 353.7 349.2 345.7 341.8 339.9 339.7 339.1
531.7 535.2 534.9 527.9 519 513.2 509.4 508 503.8 499.2 489 482.3 490.8 488.8 482 473.8 472.5 462.3 453.6 450.3 446.6 444.8 443.1 440.4 435.7 437.9 435.9 436 437.2 438 438.3 437.5 438.8 431.4 426.6 423.9 422.5 421 418.9 413.9 409 404.3 400.1 398.6 397.2 396.8 393.7 396.4 397.2 399 400.3 401.1 401.9 402.7 401.3 401.3 401.8 400.6 399.3 396.9 395.6 393.7 390.2 389.1 386.2 382.9 377.6 373.6 367.2 362.1 355.2 349.7 345.5 341.3 340.3 339.8 339.4 338.6
504.8 511.6 513.8 504.4 501.7 498.9 491.7 491.4 487.4 484.7 477.7 465.6 474 469.1 462.4 455.4 450.7 445.4 443.3 439 436.4 433.9 432.7 430.5 429 428.4 429 428.7 429.8 430.4 430.6 430.1 427.3 422.5 420.5 420 419.1 416.4 412.2 409.3 405.6 402 400.7 400.3 399.6 398.8 397.4 390.4 393.1 397.6 396.8 395.7 395.3 394.6 394.9 396.4 396.4 395.6 394.7 392.6 390.6 388.3 387.4 389.8 388.7 385 375.3 369.3 363.1 358.2 353 344.9 344.5 341.2 340.5 340 339 338.7
481.6 483.4 485 484.5 482.9 480.2 476.7 474.6 470.9 467.9 462 454.1 454.9 448.8 442.6 439.8 435 431.4 429.7 427.5 425.2 423.4 421.6 421.3 421.2 419.7 422.1 421.3 422.1 422.7 422.8 421.5 418.8 417.5 417.3 417.3 416.7 413.2 412.4 408.3 405.3 404.3 405.5 406.3 406.5 404.4 403.3 400.3 392.6 387.1 395.2 393.6 392.1 389.7 388.9 389.9 390.4 390.3 388.9 386.7 384.1 381.9 381.7 381.8 384.5 383.3 378.6 370.1 362.8 353.6 346.5 343.7 341 340.1 340 339.7 338.6 338.6
465.2 466.8 466.7 465.4 466.4 466.7 458.3 457 455.5 452.4 444.8 436.2 439 433.1 426.8 428.2 422.9 419.9 417.7 416 415.4 413.6 412 412 412.3 412.1 414.3 412.6 413.8 414.8 413.9 413.8 413.9 413.9 414.8 414.6 413.4 412.2 412.5 411.6 410.4 412.1 415.5 420 426.5 419.8 412.1 404.4 395.5 387.8 392.7 392.3 388.3 384.8 383.5 384 384.7 383.9 382.2 379.4 377.9 375.3 374.6 372.9 370.7 367.9 365.1 362.8 355.9 347.9 342.6 341.7 341.5 341.1 340.4 340 339.2 338.4
