app/static/ascii/NN50.asc
ncols 200
nrows 200
xllcorner 250000
yllcorner 700000
cellsize 50
[rows 0 to 34 of 200, columns 0 to 78 of 200]
500.1 506.4 511.7 515.7 507.3 488.3 472.4 450.8 440.8 435.7 428.6 428.9 439 445 438.2 438.6 434.2 434.8 418.6 404.8 399.5 383.1 370.7 360.4 338.5 323.7 305.8 290.7 269.7 263.1 257.9 246.7 233.9 226.8 217 198.3 183.4 170.5 162.7 155.3 155.3 155.3 155.3 155.3 155.3 155.3 155.3 177.4 182.7 191.9 197.6 203.8 208.9 212.5 225.6 235.1 242.2 243.7 246.5 245.9 252 261.6 270 273.1 280.2 293.4 296.6 298.9 294.3 293.9 302.3 300.7 297.7 291.8 288.6 280.9 270.5 257.3 244.6
502.8 511.7 511.8 511 504.8 493.8 486.1 476.6 468.7 464.1 463.1 462 463.9 466.6 457.3 461.6 457.1 455.4 441.9 421.2 416.5 411.6 389.2 379 358.2 329.6 310.1 291.7 274.5 271.9 262.8 254.3 245.3 238.4 232.8 209.9 190.7 178.5 171.2 161.5 155.3 155.3 155.3 155.3 155.3 155.3 155.3 165.2 181.9 186.1 195.2 199.3 205.1 208.9 220.3 226.2 235.2 242 236.5 242.8 245.2 249.4 260.9 262.1 274.6 287.8 291 283.4 280.6 280.7 283.9 286 283 283 271.5 259.5 251.2 242.3 254
502.6 510.1 507.7 506.5 508.5 514 514.7 505.7 499.9 497.5 494.5 483.4 478.9 479.9 484.1 486.4 481 469.2 457.7 443.5 440.9 429.5 405.3 390.8 382.9 355.6 317.9 294.5 282.3 275.8 264 252.7 250 250.4 239.5 228.3 207.6 182.1 180 176.6 156.7 155.3 155.3 155.3 155.3 155.3 155.3 155.3 169.9 181.2 190.4 197.4 204.9 208.5 212.2 217.8 228 229.2 236.8 234.9 238.9 243.3 248.9 257.4 270.8 277.5 283.7 276.6 271.5 269.3 271.5 271.7 268.4 267.2 259.1 235 238.5 245.5 270.7
502.3 507.8 506.9 509.7 527.5 544.9 541.1 532.3 524.2 513.5 509.8 501.1 498.2 504.9 509.1 504.8 498.4 483 468.6 465.4 457.7 442.2 418.2 402.7 392.9 371 335.8 308.4 293 281.6 270.6 261 256 266.6 251 237.2 221.8 195.6 177.9 172.9 163.3 155.3 155.3 155.3 155.3 155.2 155.3 155.3 164.2 173.3 184.9 194.8 198.9 202.5 209 211.6 213.7 226.4 223.8 226.5 233.2 237.9 240.9 251.8 263.1 271.1 274.8 268.1 260.9 259.7 259 257.1 256.6 253.9 248.5 229.1 248.1 271.4 287.3
503.9 507 513.7 519.2 538.7 546.7 544.3 545.7 549.9 529.2 520.3 512.8 512.6 527.7 523.4 518.9 508 494.4 483.1 485.5 479.9 453.5 432.2 414.3 397.1 369.7 343.4 322.2 303.3 287.2 279.1 273 263.7 269.8 258.9 246.8 236 203.7 174.1 163.8 155.3 155.3 155.3 155.3 155.3 155.3 155.3 155.3 155.3 160.5 181.2 196.9 197.7 198.5 201.4 203.1 211.1 214.5 214.3 221.9 224.5 233 238.3 245.9 257.1 260.8 265.6 260.6 254.8 248.3 249.5 244.9 244.5 238.5 229.7 226.5 251.9 277.2 292.4
507.3 511.6 517.9 532 542.9 546.1 542.1 537.5 547.4 540.6 527.7 529.9 530.1 533.5 530.2 528.2 516.1 513.4 507 505.3 498.2 478.6 447.8 424.5 399.3 373.7 353.6 340.8 313.5 294.3 282.1 276 267.4 261.5 266.5 246.8 231.3 200.2 168.1 155.3 155.3 155.3 155.3 155.3 155.3 155.3 155.3 155.3 155.3 155.2 176 195.7 197.6 197.4 200.8 200.7 204.1 208.1 208.4 215.7 219.9 229.4 233.8 240.5 247.8 254 254.6 249.4 243.3 240.9 238.5 234.8 229.9 225.1 223.3 237.6 260.7 282.4 295.9
517.3 515.1 518.7 537.3 543 542.2 536 529.9 533.3 536.4 531.9 538.3 536 531.5 534.1 533.7 524.9 523.8 527.2 528.8 523.5 503.3 461.5 439.6 411.3 389 371.3 345.3 318.5 300.7 284.4 272.3 263.4 260.6 256 244 221.9 201.3 173.4 155.3 155.3 155.3 155.3 155.3 155.2 155.3 155.3 155.3 155.3 157.1 173.7 195.8 198.9 195.8 199.1 198.6 194.5 204.6 207 210.7 215 220.5 227.1 235.8 240.8 246.1 245.8 243.2 235.2 231.1 229.1 223.4 218.3 217.8 232.7 252.8 270.5 284.9 296.9
507.3 509.8 519.5 533 538.9 539.7 538.7 525.6 526 535.1 532.8 538.2 543.8 542 539.7 533.5 531.8 538 549.5 541.8 539.2 517 475.7 452.6 435.9 413.1 389.4 351.8 324.1 307 292.1 275.2 261 263.5 257 241.4 220.7 193.4 174.2 155.3 155.3 155.3 155.3 155.3 155.3 155.3 155.3 155.3 155.3 155.3 164 183.3 195.7 193.5 197.9 192.2 193.9 194.7 198 204.4 208.8 216.7 220.9 225.7 234.9 240.7 240.3 230.6 226.9 223.5 218.5 211.2 213.7 226.8 243.6 260.4 273.9 284.3 297.1
497 502.8 522.4 536.8 540.9 539.4 538.2 528.1 522.5 526.7 535.1 538.7 540.3 549.5 543.9 538.7 538.4 544.8 555.3 558 540.3 528.1 495.3 470.1 445.6 427.6 399.1 368.2 336.6 317.8 303.6 282.8 263.2 256.2 247.1 228.4 208.2 193.3 169.8 155.3 155.3 155.3 155.3 155.3 155.3 155.3 155.3 155.3 155.3 155.3 155.3 167 187.6 192.3 191.2 188.7 188.6 188 190.3 198.3 203.7 207.6 214.3 219.6 226.8 234.2 234.6 225.5 219.8 217 207.9 214.8 231.5 245.1 252.1 262.7 277.9 290.1 303.6
500.2 512.2 518.2 526.9 530 538.1 542.4 529.5 520.5 525.7 539 534.8 532.6 542.9 542.9 540.7 544.6 550.7 564.5 558.7 549.7 537.9 519.6 480.4 457.2 437 411.8 381.7 350.8 334.8 318.7 298.8 273.7 248.3 237 218.9 206.2 186.7 170 155.3 155.3 155.3 155.3 155.3 155.3 155.3 155.3 155.3 155.3 155.3 156.5 164.7 173.6 182.3 182.8 185.7 184.9 185.4 183.6 191.3 201.6 203.3 208.7 214.1 219.4 226.6 226.2 219.1 211.6 208.6 209.9 221.5 242.9 249.6 256.4 270.4 279.6 293.6 306.4
514.1 529.2 530 528.8 530 537.3 537.7 538.1 518.2 523.1 532.8 532.5 531.4 533.4 534.4 531.5 539.9 547.2 554.8 560.3 551.5 542 524.6 490.6 470.2 449.1 425.3 398.7 373.7 356.3 332.4 315.7 287.2 256 231.7 221.7 200.8 184.8 178.1 163.3 155.3 155.3 155.3 155.3 155.3 155.3 155.3 155.3 155.3 155.2 155.3 164 171 181.2 185.3 182.1 180.8 180 174.1 185.5 194.5 197.7 201.8 206 213.1 215.5 212.7 203 206.4 212.8 227.1 235.7 241.6 250.2 258.4 272 283.9 296.5 310.1
511.9 532.5 536.6 545.7 550.3 531.8 531.4 531.1 517 518.1 521.4 521.5 523.2 522.1 520.2 516.7 532.3 545.1 553.4 551.9 547.8 532 521.6 498.5 482.4 459.6 439.7 415.6 401.2 370.9 345.1 328.3 304.2 267.7 238.1 219.8 196.9 179.5 168.7 159.4 155.3 155.3 155.3 155.3 155.3 155.3 155.3 155.2 155.2 155.3 155.3 160.2 168.2 181.1 181.3 179.2 176 172.2 172.7 180.2 185.5 191.9 196.4 196 197.9 199.1 197.7 190.1 208 219.9 228.3 237.3 248 258.4 267.7 275.4 292.1 302.6 317
505.5 528.4 544.6 552.7 549.8 538.1 524.2 519.1 508.8 508.9 508.8 508.4 506.7 507.7 504.8 505.5 528 538.1 544.7 548.8 545.8 539.9 512.7 504.5 494 474.3 457.5 436.9 422.3 383.5 358.1 337.9 306.8 274.6 245.7 220.6 198.7 187.7 181 168.3 155.3 155.2 155.3 155.3 155.3 155.3 155.2 155.3 155.3 155.2 155.2 155.3 160.6 174.3 179.4 179.1 167.3 162.9 171.5 174.7 177.6 184.3 189 187.6 187 185.2 183.2 186.7 206.9 221.3 230 238 248.3 259 270.6 284.1 292.1 304.3 317.2
504.9 529.3 534.7 535.9 541.5 539 526.7 509.1 498.7 500 502.8 506.1 503.5 497.9 494.4 499.7 513.4 528 535.9 540 539.2 524.8 509.6 509.9 504.6 491.3 474.3 450.5 430.6 408.9 368 335.4 300.9 275.5 254.9 233.9 207.8 191.8 178.3 170.2 155.3 155.3 155.3 155.2 155.3 155.3 155.3 155.2 155.3 155.3 155.3 155.3 155.3 155.3 162.1 167.6 162.3 163.2 169.2 170.7 170.3 176 176.4 167.6 182.4 194.2 195.3 203.5 215.3 223 231.9 242.4 250.1 261.9 273 280.5 292.2 304.5 320.5
494.8 508.1 516.4 524.4 535.5 539.6 527.9 510.7 494.3 486.8 488.7 499.9 503.4 495.6 486.6 483.9 501.5 512.9 526.3 523.4 521.6 510.9 514.5 516 512.2 508.6 489.8 460.8 434.5 408 372.9 340.5 304.8 285.3 262.8 239.5 219.9 202.3 183.8 172.2 165.1 155.3 155.3 155.3 155.2 155.3 155.3 155.3 155.3 155.3 155.3 155.3 155.3 155.3 155.3 155.3 155.3 157.4 164.6 166.3 165.8 166.2 159.5 170 189.3 196.6 201.3 207 217 226.7 234.8 244.3 256.3 265.9 277 285.6 299.8 309.4 325.6
505.6 509.9 517.8 525.2 533.6 540.9 538.4 528.4 502.1 484.4 484.2 501.9 508.5 493.3 481.7 481.6 482.2 490.7 500.1 503.9 499 493.6 501.5 518.3 521.5 508.4 498.2 469.9 442.4 409.4 377.9 353.3 318 302.7 284.9 256.4 232.2 210.9 193.2 173.8 163.2 156.4 155.3 155.3 155.3 155.3 155.3 155.3 155.3 155.3 155.3 155.3 155.3 155.3 155.3 155.3 155.3 155.3 156.9 162.1 160.7 155.3 166.4 179.4 190.9 197.1 199.4 205.4 217.6 227.2 234.5 248.6 258.5 264.2 281 292.4 301.8 310 322
510.8 520.8 520.7 525.6 533 533.4 537.3 532.7 505.3 482.7 475 485.1 496.8 486.3 478.3 476.4 477.4 478 479.3 485.4 486.6 487.7 495 504 515.7 515 505.9 480 448.5 418.4 385.6 365.9 342.9 325.4 311.8 279.4 246.3 217.4 198 179.1 166.4 157.3 155.3 155.3 155.3 155.3 155.3 155.3 155.3 155.3 155.3 155.3 155.3 155.3 155.3 155.3 155.3 155.2 155.2 155.3 155.3 155.3 172.2 184 191.4 195.5 199.2 207.3 216.7 232.1 243.8 255.3 265 271.4 281.2 292.6 308.1 316.6 324.1
500.3 523.7 524.6 529.5 532.3 532.3 526.9 521.4 498.2 479.7 468.8 463.7 469.6 470.8 470.5 473.2 478.2 479.9 481.3 483 485.7 488.2 501.8 511.9 518.9 515.5 499.8 474.8 453.7 427.8 396 376.6 362.6 356 345.9 302.4 264.8 230.9 206.9 188.7 170.2 160.7 155.3 155.3 155.3 155.3 155.3 155.3 155.3 155.3 155.3 155.3 155.3 155.3 155.3 155.3 155.3 155.3 155.3 155.3 156.4 167.2 180.9 185.7 190.3 197.2 200.8 205.9 216.1 231.8 247.5 258.7 268.1 274.1 283.9 294 304.7 316.6 328.9
493.3 510.9 523.9 529 524.4 519.5 514.2 496.1 475 463.3 457.2 453.4 461.7 460 459.2 473.2 477.2 480.4 483.9 488 492 491.3 503.5 523.3 525.5 514.4 494.2 471.7 460.5 445.4 417.8 397.6 386.6 391.7 367.7 322.8 282.1 245.2 217.8 200.3 179.5 166 157.7 155.3 155.3 155.3 155.3 155.3 155.3 155.3 155.3 155.3 155.3 155.3 155.3 155.2 155.3 155.2 155.3 155.3 166.6 172.8 179.5 184.4 190.8 191.5 195.7 205.4 214.7 230.9 245.1 256 265.8 273.6 284.5 299.5 307.8 318.7 330.4
488.9 497.9 510.8 513.7 509.2 501 483.5 470.7 458.1 452.1 450.2 447.2 452.9 457.6 453.6 462.6 475.2 478.7 475.9 480.2 487 494 507.4 524.3 525.5 516.9 496.4 478.1 470.4 457 433.9 417.5 417.5 405.7 372.3 338.4 295.2 258.6 229.8 211.3 190.7 170.5 167.6 156.1 155.3 155.3 155.3 155.3 155.3 155.3 155.3 155.3 155.3 155.3 155.2 155.3 155.2 155.3 155.3 157.5 163.9 172.7 176.9 182.7 186 192.3 198.6 210 217.9 230 242.5 253.5 263.4 273.4 282.9 293 306.8 317.2 331.2
474.8 482.3 486.7 485.4 486.8 471.1 466.2 464.6 459.6 454 456.4 455.1 443.1 445.8 449.4 456.9 472.5 475.8 468.7 470.8 476.1 484.9 500.9 519 515.6 506.7 493.9 493.3 483.8 471.2 450.3 446.1 432.4 401.5 374.7 340.7 302.2 267.7 244.3 226.4 203.1 176.2 173.8 163 155.3 155.3 155.3 155.3 155.3 155.3 155.3 155.3 155.3 155.3 155.3 155.2 155.3 155.3 155.3 155.3 162.4 168.7 170 175.7 183.9 191.3 203.1 215.6 221.5 230.8 243.6 252.7 270.8 275.5 285.8 298.3 309.2 321.7 324.2
456.1 460.7 473.5 479.3 477.7 459.5 457.2 455 454 451 456.7 461.3 450.2 440.5 442.2 443.8 459.1 469.4 461.9 464.6 468 475.2 489.8 501.9 497.6 494.5 497.7 495.8 489.3 480 466.6 467.7 442.8 399.5 369.3 334.1 299.3 278.2 261.3 243.4 220.5 188.7 169.5 166.6 157.2 155.3 155.3 155.3 155.3 155.3 155.2 155.2 155.3 155.3 155.3 155.3 155.3 155.3 155.3 155.3 158.8 170.2 172.9 179.1 185 195.4 206.2 218 229.2 232.4 246 253.8 265.6 275.2 283.1 295.4 309.1 324.8 335.8
428.2 443.7 455.4 457.2 460.8 461.4 454.7 453.8 450.6 447 450.5 454.5 454 446.4 441 433.6 441.7 445 447.8 453.7 461.8 463.5 481.1 490.9 488.6 496.9 499.4 494.9 493.3 492.2 480.9 475.8 433.2 393.3 360.9 330.2 311.2 296 275 253.6 235.8 202.5 175.7 161.6 155.3 155.3 155.3 155.3 155.3 155.3 155.3 155.3 155.3 155.3 155.3 155.3 155.3 155.3 155.3 155.3 156.9 166.9 171.7 176.3 183.4 192.5 203.3 216.9 225.1 236.6 242.5 258.7 266 277.9 288.6 293.6 302.9 319.5 337.8
416.4 427 427.1 438.3 457.9 461.2 457.6 464.3 466.6 449.8 445.3 447.5 449.4 449 446.6 442.2 428 431.9 432.3 441.7 453 458.4 472.8 481.9 483.1 485.8 491.2 489.1 501.5 496.6 484.1 473.5 431.6 389 357.1 334.6 323.3 312.5 278.9 255.5 236.6 207.9 184.1 168.2 155.3 155.3 161.3 155.3 155.3 155.3 155.3 155.3 155.3 155.3 155.3 155.3 155.3 155.3 155.3 156.8 162.7 166.8 174.2 181.4 189.8 201 209.1 216.3 224.6 237.4 244.1 253.4 263.5 276.5 286.3 297.9 309.7 313.3 327.5
399.1 405.6 414.9 435.1 447.6 459.2 472.5 470.3 468.5 454.8 444.3 443.2 444.8 446.9 443.7 442.8 426.1 428.5 426.4 427.9 437 446.3 453.2 468.5 474.5 478.5 480.1 481.6 483.1 480 482.3 475.3 427.8 388.9 362 343.8 325.9 310.7 284.3 268.3 242.3 217.3 193.3 173.3 161.5 155.3 157.7 155.3 155.3 155.3 155.3 155.3 155.3 155.3 155.3 155.3 155.3 155.3 155.3 157.5 162.2 167.5 178.6 182.6 187.5 198.5 206.5 218.6 228 236.2 244.7 251.9 263.8 280.6 288.8 298.4 311.1 319.9 328.7
387.1 397.8 413.3 428.3 449.4 461.2 472.1 467.9 467.8 458.6 450.4 444.2 439.4 435.7 436.2 437.5 424.1 420.9 425.3 418.7 424.4 433.4 442.1 451 463.7 464.6 468.8 472.7 469.5 464.3 471 469 427.1 394.2 370.3 350.9 330.7 312.9 291.6 277.9 247.4 222.8 201.6 188.2 167.2 156.8 155.3 155.3 155.3 155.3 155.3 155.3 155.3 155.3 155.3 155.3 155.3 155.3 155.3 161.1 167.5 167.2 176.1 180.4 186.6 192.9 205.1 218.5 228.7 236.3 245.5 255.9 260.4 276.3 290.9 302.2 308.2 317.6 327.4
376.1 396.1 416.1 430.3 437.9 445.6 450.6 456 460.4 462.8 457.7 453.6 443.5 432.7 422.5 427.9 420.8 408.6 409.9 416.9 415.7 419.3 427.4 436.7 445.4 448.6 450.7 463.2 457.5 451.8 460.2 457.6 427.4 402.9 380.2 359.1 342.5 319.8 295.1 278.4 250.4 224.3 212.5 196.2 176.8 159.9 155.3 155.3 155.3 155.3 155.3 155.2 155.3 155.3 155.2 155.3 155.3 155.3 155.6 166 169.2 168.6 168.7 177.2 185.4 195.2 204.6 217.1 229.7 235.9 241.2 250.7 259.4 271.9 285.6 297.7 310.3 324.5 332.8
384.7 393.5 412.9 428.1 443.3 450.8 452.8 461.7 468.5 472.2 466.6 458.4 448.9 433.6 420.4 409.8 414.7 408.8 404.1 413 410.8 410.5 414.9 425.6 430.4 431.9 431.5 438.3 439.4 441.5 444.2 443.8 432.7 423 401.3 372.7 345.6 318.3 295 273.3 251.7 228.9 213.4 198.6 181.3 166.2 155.3 155.3 155.3 155.3 155.3 155.3 155.3 155.3 155.3 155.3 155.3 155.3 160.6 168 165.1 162.5 168.9 177.1 185.5 195.3 204.5 213.5 225.9 234.6 243.5 249.6 257.2 268.5 283.8 300.6 317.1 320.7 333.6
384 405.9 421 426.9 440.3 450.5 462.8 467 471.1 471.6 464.7 452.1 442.4 420.7 419.5 406 397.4 397.3 401.6 410.2 408.2 411.1 414.3 422.8 426.6 429.5 431.2 433.1 430.1 430.5 441 447.7 445.4 443.4 429.1 378.4 344.2 319.4 291.7 270.6 258.9 238.6 222.1 204.1 188.5 172.3 159 155.3 155.3 155.3 155.3 155.3 155.3 155.3 155.3 155.3 155.3 155.3 155.3 155.3 155.5 157.7 171.2 182.6 192.6 199.5 208 217.5 226.1 235.9 243.4 252.7 259.8 270.1 282.2 302.6 317.5 333.5 336.4
380.2 396.5 416.1 421.9 441.5 454.5 459.5 464 466.4 465.6 458.8 442.5 429 421.6 410.5 404.3 400.4 393.2 395.5 398.6 400.8 410.3 414.4 416.2 414.9 426.2 428.5 431.1 430.6 427.7 441.7 440 444.4 441.6 420 370.7 344.1 319.1 294.2 276.6 257.7 242.6 225.6 209.5 194.6 178.4 166.3 155.3 155.3 155.3 155.3 155.3 155.3 155.3 155.3 155.3 155.3 155.3 155.3 155.5 155.3 162.1 177.9 190.7 203.3 209.7 212.8 224.8 229.4 236.8 248.4 252.2 266.2 272.1 284.3 296.5 314.6 328.2 342.2
377.3 387.3 400.2 414.3 421.4 436.4 442.5 442.1 448.8 452.9 456 441 438 431.7 428.5 425.1 418.4 408.6 393.1 385.1 387.6 398.9 408.4 404.5 398.4 410.3 423.5 431.8 429.9 424.2 427.6 431.9 436.1 447.9 409.5 376.5 348.6 320.9 298.8 284.2 267.1 250.7 231.4 212.4 198.5 184.9 173 159.7 155.3 155.3 155.3 155.3 155.3 155.3 155.3 155.3 155.3 155.3 155.2 155.3 155.3 168.2 182.5 195.1 209.2 218 220.8 223.5 233.7 240.9 247 255.6 268.8 279.6 287 303.9 316.3 332.3 351.2
374.2 387.7 396.3 407.1 410.9 422.9 429.3 431.7 438.6 447 448.4 450.3 455.8 452.5 444.9 435.3 429.4 416.7 409.4 391 373.6 384.8 394.4 395.7 391.3 404.8 421.6 427.4 423 422.2 422.3 424.4 425.5 425.5 417.8 385.7 357.1 326.4 306 291.1 274.1 259.3 236.4 215.1 201 189.9 178.8 170.2 160.7 158.3 155.3 157.5 155.3 155.3 155.3 155.3 155.3 155.3 155.3 155.3 155.3 171.8 185.8 198.7 210.3 225.7 231.3 232.4 240.8 249.7 252.1 258.3 270.7 281.3 290.7 302.1 316.5 333.3 353.4
383.3 396.9 406.9 413.8 428.2 438.6 440.1 433.9 431.7 442 447.1 450.1 455.4 456.6 455.9 447.4 441.1 424.8 418.3 405 376.3 371.1 380.8 391.4 387.7 397.6 410.9 417.8 417.3 416.8 420 425.5 423.8 423.6 414.2 386.1 354.5 328 311.4 296.6 279.8 262.2 241.4 224 209 194.1 182.4 174.2 166.1 168.5 170.8 171.2 166.9 155.3 155.3 155.3 156.7 155.3 155.3 155.3 155.3 171.6 184.6 199.9 214.3 228 241.3 239.9 244.3 250.5 256.8 264 277.2 289.8 296.5 304 312.3 325.5 339.1
399.2 404.4 414.2 426.9 422.8 435.6 441.3 433.2 426.5 426.6 432.5 440.2 446.4 455.5 454.4 447.3 442.7 425.8 422.1 414.7 380.6 364.2 365.3 378.4 382.1 394.4 401.9 406.1 412.1 416.6 419.8 423.4 422 418.3 411.7 382 354.1 329.7 313.4 299.6 282.1 259.4 243.2 228.6 216.5 202.1 187.7 178.1 175.7 179.9 183 182.3 176.8 167.3 155.3 155.3 155.3 155.3 155.3 155.3 161.5 173.1 186.7 201.2 214.7 224.6 236.5 242 249.1 254.4 259.9 268.1 282.5 294.6 303.6 313.5 321.3 326.4 334.4
384.6 399.9 419.6 433.9 428.1 413.5 423.7 421 413.3 419.2 421.5 431.5 433 434.2 439.8 436.7 428.3 420.3 415.7 402.6 382.1 366.8 354.2 357.9 374 388.4 394.4 388.9 402 417.8 417.8 424.7 426.6 412.4 399 373 350.5 328.6 312.4 298.7 279.9 261.2 246.4 231.3 223 208.8 196.4 183.3 182.8 188.1 191.3 190.1 183 168 155.3 155.3 155.3 155.3 155.3 155.3 159.3 173.2 186.5 200.2 213.4 224.1 239.7 246.2 254.8 261.9 267.7 273.6 288.4 303.5 315.1 331 345.7 350.3 348.7
