app/static/ascii/NN51.asc
ncols 200
nrows 200
xllcorner 250000
yllcorner 710000
cellsize 50
[rows 35 to 69 of 200, columns 0 to 77 of 200]
481.3 476.9 465.3 471.7 485.3 486.9 481 494.2 496.5 512 531.7 534.3 527.1 525.6 539.3 541.1 544.7 529.4 526.7 530.7 527.1 515.2 507.7 498.3 485.7 477.5 471.7 468.2 458.3 455.9 453.7 459.9 461.2 456.2 459.2 455.4 450.5 441.9 439 431.7 424.7 415.2 410.9 400.7 391.9 378.6 364.3 351.5 339.6 326.1 308.5 293 280.5 265.3 251.8 240.1 228.8 223.3 206.1 198.1 189.5 185.4 185.2 185.7 186.1 186.1 189.2 197.7 202.4 216.7 224.2 234.7 244.5 253.4 264.5 279.6 293.5 316.5
460.7 443.5 438.6 445.8 448.7 451 459.3 474.3 484 497.9 509.4 508.1 511.9 494.5 503.2 512.2 503.1 510.8 502.6 498.6 500.4 493.3 477.9 470.1 463.4 456 451.1 447.6 443.7 439.8 433.8 438.1 437.9 435.7 438.9 437.8 432.7 424 418.8 416.7 409.7 397.7 397.4 392.7 385.3 375.5 364.8 355.2 344.3 330.6 311.4 293.7 283.8 264.9 253.4 236.3 232.4 215.2 204.8 195.5 190 185.9 185.7 186.1 186.2 186.6 192.1 197.2 205.4 214.8 225.1 234.9 244.4 255.8 265.4 281 298.4 323.4
426.9 414.5 408.9 418.9 424.5 426.6 440.9 448.3 464.8 476.6 489.2 497.7 484.9 477.4 474.1 478.3 478.2 479.7 478.2 476 469.6 462.1 457.9 453.1 444.2 438.8 432.7 427 428.4 423.8 422.8 424.3 428.9 420.2 421.9 423.3 418.3 411.2 406.4 401 396.1 392.4 387.8 384.7 379.4 369.6 362 355.7 347.6 330.2 311.7 295.1 280.4 263.3 247.8 235.5 228 215.6 205.8 197.4 191.8 186.1 186.4 186 186.3 188.5 189.8 198.4 208 214.9 224.5 234.5 245.3 257.3 268 280.6 298.8 317.9
399.6 396.9 397.8 402.3 408 417.3 425.7 433.6 445.8 458.2 468.5 470.2 464.3 458 461.5 461.7 461.3 459.4 458.7 452.3 448.3 443.1 439.8 435.4 429 424.6 418.6 415.7 413.8 405.2 403.2 410.6 409.4 404.3 401.3 404.6 401.1 393.5 393.1 394.2 389.5 382.5 378.4 379.4 372.2 366.1 358 350.9 343 327.5 311.3 295.8 277.4 261.9 247.4 243.1 227.6 214.8 203.9 196.1 187.9 186.4 186.6 186.8 186.7 188.2 191.5 198 205.8 214.5 223.1 233.5 247.3 261.1 272.4 284.8 300 316.4
378.8 382.2 380.4 388.1 397.8 404.8 408.4 417 426.6 437.2 441.8 447.4 447.8 443.1 446.8 449.9 450.7 443.8 441.7 438.4 431.4 427.3 420.2 415.8 414.2 408.3 402.7 399.5 396 390.5 387.5 392.8 392.4 389.5 387.5 386.8 386.7 386.5 386.2 385.8 379.7 376.5 373.3 371.1 365.9 360.2 354.2 346.4 336.2 323.4 309.6 294 279.2 261.3 248.6 242.8 225.1 213.6 205.9 198 190.5 187 186.8 187 186.4 187.8 191.8 197.9 204.3 215 222.7 235.3 249.6 260.1 269.6 283.1 296.3 314.9
367 364.5 369.4 380.6 391.7 393 399.4 403.9 411.4 417.1 422.2 423.5 427.3 427.7 430.4 432.3 435.5 433.4 425.6 419.9 415.8 412.3 407.5 405.4 402.8 397.7 397.7 387.5 386.8 379.1 372.6 376.8 380.3 379.4 378.1 378.7 378.6 377.8 376.6 376.4 372.9 371.5 369.1 364.7 360.5 353.5 348.9 342.1 329.2 320.3 307.5 292.4 277.5 262 252.5 237.7 223.7 214.9 208.4 200.2 191.5 187.2 187.3 187.6 187.4 187 190.9 197.5 203.7 214.5 222.2 238.4 251.1 260.7 265.4 281.4 297.2 313
352.6 349.2 350.6 366.4 372.8 377.4 386.6 392.8 397.8 402.6 406.7 409.9 412.3 412.7 414.4 414.6 413.4 410.4 409.5 406 400.4 397.9 394.4 389.6 387.7 385.8 383.3 379.2 375.9 370.2 368.4 365.8 371.5 371.8 369.9 370.7 372.2 370.5 368.8 369.8 365.5 361.7 361.1 356.5 353.8 345.7 343.7 336.1 327.2 314.4 302.9 290.4 277.8 262.6 252.9 235.5 227.3 220.8 209.1 199.7 191.9 188.1 188.1 188.2 188.3 187.1 189.1 196.8 201.8 210.8 223.5 236.1 248.3 254.7 258.2 278.3 296.9 304.5
334.5 332.5 337.4 348 354.8 364.7 372.7 379.1 383.9 389 393.1 396.7 397.9 398.1 399.6 399.4 398.1 396.5 393.3 392 389 385.1 381.9 381 376.4 373.6 376.1 369.3 367.1 363.4 361 355.6 363.3 362 364.4 365.4 364.6 364.3 363.1 361.8 358.1 354.2 350.8 349.8 346.3 340.1 336.5 327.2 319.2 309.2 297 290.6 274.3 263.3 250.2 238.4 232.9 219.8 211.8 203 196 188.9 188.8 188.9 188.9 188.2 188.4 195.2 196.8 207.6 220.8 232.1 242.2 249.6 253.4 269.9 283.9 291.5
323.3 326.1 331.7 337.3 340.9 350.9 358 363.7 369.5 374.8 379.9 383.6 385.6 385.5 385.8 385.3 384.1 382.8 380.7 379.2 377.3 374.7 372.7 370.1 366.6 362.2 361 360 359 355.6 360.5 349.6 356.3 355.1 354.9 355 356.5 354.7 354.8 356.3 354 348.8 342.2 343.4 335.4 333.1 329 321.5 311.4 306.8 293.3 285.4 271.8 260 248.1 239 231.2 220.3 209.1 199.8 193.6 189.9 189.5 189.2 189.5 188.9 190.1 193.4 195 206.9 215.2 225.1 232.7 239.5 250.1 264.1 277.3 290.9
317.4 321.7 325.3 326.6 332.5 337 343.1 349.1 353.3 359.4 365.2 369.1 372 372.9 372.9 372.6 372.3 370.9 369.3 368.1 366.5 362.7 362.6 357.2 354.7 350.7 351 351.7 351.7 350.9 346.2 343.7 346.8 348.6 350.1 347.3 348 349 346.9 346.7 344.1 340.7 338.6 334.6 328.5 325.1 323.7 313.1 304.5 297.7 288.4 277.9 267.9 256.5 244 238.6 230.3 220.1 210.6 202 193.9 191.2 190.4 189.9 189.6 189 190.9 192.1 192.5 201.6 209.4 219.1 227 239.6 248.2 260.7 275.7 290.8
314.2 315.3 317.6 318 326.3 325.8 329.5 334.5 338.4 344.1 349 353.5 356.1 358.1 359.6 359.9 360.5 359.3 358.5 357.5 354.9 356.7 349.3 346.2 341.1 341.9 343.5 344 343.3 346.6 342.1 336.9 340.5 339.9 341.3 339.5 342.2 339.4 338.1 336.6 335.5 333.2 330.3 328.6 323.6 318.1 312.2 308.3 298.6 289.7 284.3 273.1 265 253 241.8 235.8 226.3 219.5 210.1 200.9 194.3 192.4 191.5 190.9 190.6 190.6 189.9 191 190.6 197.7 205.9 213.4 222.2 235.3 246.3 256.9 271.3 287.5
310 311 312.3 312.5 316 316.8 319.5 323.1 326.7 330.3 333.7 337.3 340.6 343.1 344 345 345.7 345.7 345.1 343.3 342.8 343.1 337 335.3 330.4 331.9 332.4 335.9 336.1 337.5 336.7 338 333.1 334.7 333.8 331.2 333.8 332.1 330.5 329.5 328 326.9 324.9 321 316 311.9 307.4 297.4 292.5 282 277.9 267.5 258.5 247.8 238.6 229.4 223.2 215.4 208.1 199 195.5 193.5 192.6 191.9 191.4 190.2 191.4 191 190.8 197.5 203.9 212 220.8 234.8 245.7 254.8 265.8 279.4
323.1 316.2 312.3 306.2 309.6 311.1 312 314.8 316.8 318.7 322.4 324.1 327.6 329.6 330.6 331.6 333.1 332 333.7 333.3 330.3 328.1 328.4 325.9 322.4 329.2 326.7 330.6 332.6 331.9 329 331.8 331 331.7 330.9 326.4 326.7 326.8 323.9 322.6 321 318.8 316.3 311.9 309 304.6 298.6 290.4 285.9 276.4 268.9 257.4 250.5 244.5 235.3 226.4 219.8 211 204.5 198.9 196.2 194.7 193.5 192.7 191.7 191.3 193.6 192.6 191.1 198.6 204.4 211.4 217.9 230.2 237.4 246.6 256.6 271.2
331.3 324.8 319 311.4 304.9 307 307.8 306.2 307.9 309.1 310.1 314.8 315.6 316.6 318.5 319.8 321.4 321.7 320.4 319.4 317 316.9 315.8 320.6 320.5 315.6 317.7 323.5 323.4 325.9 324.6 326.9 328.2 326.2 325 321.4 321 319.5 321 315.7 313.3 312.4 308.6 307.2 300.8 297 292.4 283 279.7 272.5 264.1 254.6 244.8 236.4 228.5 222.4 216.2 209.9 202.1 199 196.6 195.6 193.2 194.6 194 194.5 196.3 194.1 192.3 196.2 202.4 206.9 215.4 218.5 229.8 241.8 247.6 263.9
341.2 332.2 330.1 321.7 310 307.9 299.7 299.5 298.7 302.1 302.1 303.6 304.2 304.6 309.4 308.6 312.1 312.8 311.1 307.4 310.5 309.8 307.6 315.9 310.3 310.4 318.5 316.7 316.5 321.6 314 320.5 320 322.2 319.5 314.5 315.9 312.8 312.3 311.2 306.5 305.7 302.2 299 293.4 290.5 285.7 280.7 273 263.7 260.9 252.7 241.2 232.5 223.5 217.1 213.3 206.5 202.4 199.5 196.7 197 201 198.4 198.2 195.8 197.4 196.6 193.6 198.7 200.7 203.2 208.3 213.5 225.3 232.7 249.1 261
344.9 339.1 334.4 325.4 315.9 311.1 302 296.5 295.9 297.4 295.6 296 297.4 297.7 300.1 298.8 302.7 301.6 304.1 298.5 299.9 302.4 301.1 302.5 304.4 304.8 310.3 311.8 313.2 315.4 307.5 314.8 315.5 314.3 309.6 308.6 308.5 306.3 302.7 303.2 300.5 300.2 296.7 295.4 291.1 286.4 281.9 276.2 269.7 262.8 255.1 248.1 238.3 228.9 220.9 215.8 214.8 205.7 203.6 200.2 203 202.9 204.8 202.4 200.8 198.7 199.1 198.1 193.9 193.9 198.1 202.1 207.4 213.1 223.9 231.5 239.7 252.4
351.9 345.1 335.8 329 317.9 311.2 306.6 300.1 294.5 297.8 291.8 292.7 292.8 293.5 294.1 295.4 296.6 295 295 293.5 292.5 295.3 293 292.7 297.8 300.8 300 302.5 309.2 311.7 304.7 309.6 307.7 307.8 302.2 303.2 298.9 299.2 298.8 299.3 297.8 295 295.1 291 286.3 283.4 279 274.5 268.4 261.5 252.4 245.2 237.4 229.5 224.3 213.1 207.4 207.1 208.7 210.5 208.2 208.2 208.1 208 204.4 205 202.1 199.8 197.5 196.2 195.1 200.5 205.5 211.4 221.4 224.2 231.6 245.6
359.5 347.6 335.8 327 318.8 312.1 304.4 301.1 296.4 292.7 288.3 289.1 289.5 289.8 291.8 290.3 290.7 291.7 289.1 287.8 288.2 288.3 285.2 287.8 289.3 292.8 296.5 298.6 301.8 304 299.2 301.1 301.6 299.2 298.2 298.8 296.6 293.7 293.1 294 295.1 293.3 289.2 287.8 284.2 279.7 275.6 269.7 264.4 258 246.9 235.9 228.2 230.1 219.9 210.2 217.4 216 215.5 212.7 215.6 215 218.4 218.1 209.8 208.6 205.6 202.8 201.4 199.4 195.3 201.2 204.3 209.6 218.1 220 227.5 244.2
363.6 353.3 343.7 335.1 322.5 311.8 305.8 303.6 306.2 297 293.1 285.8 284.7 287.2 288.1 287.3 288.7 287.2 285.8 284.4 284.5 282.8 284.5 285.8 284.5 289.5 290.1 295.6 295.8 295.4 293.6 294.8 293.7 295.5 291.2 291.8 289.6 289.3 291.2 287.6 286.7 287.1 286.8 283.9 280.4 276.6 272.3 265.4 260.8 253.1 242.5 227.3 219.9 217.1 212.2 220.5 224.5 223 222.1 218.9 223.5 225.5 229.7 224.9 221.4 215.7 210.5 205.5 204.7 201.6 196.5 200.8 204.4 215 218.1 221.6 230.1 241.5
375.1 364.2 353.6 344.4 333.3 321.3 311.3 311 308.8 296.7 291.9 289.5 284.5 286.3 287.5 284.9 290.2 282.7 281.5 281.2 281.6 283.1 279 282 281.9 284.8 284 288.3 288 289.3 288.1 290.3 289.8 286.2 284.2 286.9 285.6 282.5 284 283.2 282.1 279.7 278.8 278.4 274.9 271.3 266.2 257.9 251.1 242.9 229.8 222.3 229.4 230.1 229.7 234.5 232.1 232.1 231 232.5 231.8 233.6 236.3 232.5 225.9 220.6 214.7 213.9 206.2 203.8 198.1 199.7 205.8 215.7 216.9 219.7 227.4 237.4
384.8 369.7 360.6 347 336.8 325.5 317.7 309.2 302.7 299.9 300 289.9 287 282.2 283.1 281.4 281.7 280.4 279 280.1 279.9 277.6 277.7 278.1 279 278.8 283.4 283.9 284.7 273.9 275.9 284.7 284.6 281.5 275.7 279.3 279 279.5 278 277.6 275.9 273 274.4 272.9 267.2 259.1 250 237.4 230 227.7 226.1 236 246.9 246.3 245.9 245.1 243.9 243.9 243.3 242.3 243.9 244.8 245.1 243.1 231.1 225.3 220.6 214.1 207.9 204.2 201.1 199.7 205.2 209 215.6 217.7 229.4 239.2
392.2 376.5 361.1 349.4 342.9 329.1 318.7 309.9 307.5 304.8 295.3 290.7 287.6 283.5 280.6 279.1 277.8 278.1 277.1 281.7 278.3 275.7 275.8 276.2 276.2 276.2 278.6 278.5 275.4 270.8 266.8 280.5 274.9 277.7 268.2 265.8 266.1 262.3 264.7 271.3 267.7 267.5 268.2 263.5 247.6 241 235.4 234.7 237.4 236.4 244 256.1 257.2 258 255.2 253.8 256.8 256.2 257.8 252.9 256.1 252.9 249.5 243.6 235.3 230.3 228.3 216.5 211.8 207.4 202.1 199.6 205.7 207.5 210.8 220.8 231.7 246.2
398.3 385.5 372.4 360.3 347.5 334.3 322.4 313.3 309.3 306.7 299.7 294.6 288.3 286.2 282.5 281.1 279.2 277.3 276.9 279.4 276.4 275.3 275.1 275 274.1 275.3 277.2 276.9 269 270.9 266.9 272 269.4 264.3 262.1 258 255.4 253.8 251.3 249.8 247.7 250 257.2 248.7 241.3 239.6 243.8 255.5 257.2 255.6 263.2 266.2 268.6 268.5 268.4 267.7 267.2 268.6 265.9 264.7 264.4 259.3 257.9 252 244.1 234.5 231.4 224.1 213.3 207.5 206.6 204.6 203.2 205.5 211.1 222.2 228.1 235.4
405 392.5 378 368.3 349.4 336.1 325.4 317.6 309.6 304.5 300.6 294.5 288.8 284.4 282.4 280.3 282 278.3 276.2 276.4 276.1 274.4 272.9 273.9 272.6 273.6 275.4 272.3 274.7 270.9 264.9 265 261.9 259.1 257.3 256.9 261.2 261.3 253.8 251.4 252.3 247.5 244.1 242.5 254.7 260.5 267.5 271 273.4 269.7 271.9 276.5 279 275.9 278.1 277.1 277.3 278.7 280.4 275.8 270.5 268.3 262.4 255.2 250.9 242.2 230.6 222.9 216.8 216.7 211.2 211.4 206.1 206.3 209.9 220.3 225 229.9
405.6 396.9 380.2 363.5 354.9 336.6 326 318.3 311.5 305.2 300.7 297.4 287 284 280.9 279 279 278.3 275 275.9 275.7 273.8 273.7 271.5 272.1 271.7 275 279.8 279.7 280.1 265.5 261.5 261.8 265 266.7 270.2 271.6 270 267.3 261.1 261.2 267 261.5 262.9 274.2 274.9 277 277.6 278.7 278 281.3 283.3 285.2 287.3 287.3 288.9 289.3 290.1 290 284.2 280.3 276.1 269.8 262.8 254.1 246.1 235.5 229.5 224.8 219.9 221.2 214.2 210.2 206.8 212.4 219.4 223.1 232.7
405.1 389.1 380 365.2 353.7 339.4 327 319.8 313.3 307.6 299.6 293.8 287.2 285.6 283.5 280.1 277.9 276.3 274.3 273.1 272.8 273.1 272.1 271.7 272.2 272.9 281.5 281.8 280.2 287 281.4 277.3 279.4 277.6 276.8 279.6 276.2 276.8 273.4 274.3 270.5 277.3 281.1 279.9 280.5 280.5 282.3 281.4 283.5 284.8 287.6 290 293 295.4 298.9 300.9 301 301.3 299.7 297.5 292 286.1 277.7 270.9 261.5 250.1 242 235.3 230.2 228.9 224 216.7 213.9 210.5 211.9 214.4 227.5 237.4
399.7 384.3 374.3 363.6 352.2 339.2 332.7 321.6 314 307.7 298.7 295 291.4 289 284.8 280.9 277.7 276.1 275 274.5 273.9 272.7 272.5 272.1 274.4 278.6 285.8 290.3 303.1 302.9 295.9 293.9 292 291 297.6 301.2 297.2 292.4 287 284.6 281.3 282.1 284.8 286.8 289.3 287.7 288.4 287.3 290.5 290.8 296.1 299 303.4 308.7 312.7 315.9 315.4 313.9 310.9 306.9 301.5 295.9 290.3 286.8 267.6 254.5 246.4 241.4 235.5 231 228.4 223.1 220 214.8 214.6 212.9 230.6 233.9
395.8 381.1 370 359.1 351.4 343.5 332.6 323.9 313.8 308.7 300.7 298.3 293.9 288.1 284.1 279.5 277.6 276.9 275.3 274.5 274.4 272.8 273.7 273.2 279.6 291.9 298.9 321.3 336.3 331.9 318 312.7 306 309 312.5 313.5 314.2 305.9 300 296.4 298.6 302.5 303.7 303.6 306.3 306.8 305.2 299.9 301.1 301.6 306.5 312.4 316.8 324 327.3 330.7 331.4 327.7 322.1 316.1 313.1 303.7 297.7 288.6 266.3 258 253.3 248.6 242.2 234.8 229.6 225.6 219.1 219.1 214.8 213.9 223.3 228.8
391.4 379.8 367 358.6 349 340 332 322.3 314.8 306.1 302 298.1 292.1 289.5 283.8 281.1 278.8 277.7 276.4 275.7 273.3 273.7 273.8 275.4 282.6 294.3 312.1 334.6 345.8 356.3 338.7 329 329 329.6 335.3 331.2 326.4 322 315.7 314 320.7 323.1 322.7 326.7 329.6 331.9 330 319.7 318.5 316.9 322.8 329.6 332.3 340.3 343.9 346.7 346.9 342.5 335.6 326.6 319.4 308.1 301.3 292 275 266.2 257.8 251 246 238.7 234.1 227.5 224.4 221.1 215.8 215.9 219.1 231.1
390 378.1 364.2 355.4 346.4 337.3 328 319.1 313.2 308.4 306 304.6 296.3 290.5 286.6 280.2 278.8 277.5 276.5 275.4 275 274.6 274.7 281.2 286.6 299.6 317 336.8 350.5 356.6 350 355.9 352.1 355.3 359.2 363.7 358.5 345.4 334.7 336.4 348.5 350.9 351.4 357.3 359.4 359.4 350 343.1 330.6 337.9 343.7 349.5 352.9 357.1 361.4 364.8 364.8 359.2 346.8 337.2 328 317.3 310.3 294.3 280.8 273.5 261.4 256.4 248.4 243.6 238.4 229.7 223.3 222.2 218.7 221.2 224.7 228.4
388.6 375.9 364.1 351.8 343.5 334.2 326.8 318.8 315.5 315.9 304.2 298.4 298.5 289.4 285.6 281.7 278.7 277.8 278.2 276.6 276.1 274.5 280.3 278.9 285.8 303.3 320.1 336.7 351.4 359.2 366.6 371.6 383.9 391.6 396.7 406.5 403.9 372.3 358 365.4 375.5 380 385.6 392.7 379.7 372.3 368.4 362.6 352.7 359.2 363.1 367.6 370.9 373.7 377.3 382.6 381.9 374.8 362 347.9 337 324.4 311.7 302 291.3 274.2 265.1 261.3 252 246.9 237.7 236.2 232.7 228.4 229.5 229.4 233.6 233.9
383.7 372.1 363.4 353.6 342.7 332.5 327.3 322.2 318.9 311.7 306.9 306.1 293.1 290.3 287 280.5 279.3 278.8 280 278.5 277.7 276 275.8 277.1 288.7 304.1 322.9 336.3 359 371.9 382.8 381.9 400.5 423.3 425.4 433.8 418.4 392.3 391.3 398.2 401.1 416 422.9 413.1 395.8 385.2 386 374.2 373.3 378.3 383.8 382.8 386.7 387.6 392.6 397 388.3 382.3 369.9 356.6 346.4 331.7 318.2 305.9 296.4 285.2 269.9 264 255.9 246.7 240.9 241.7 235.8 233.4 234.9 234.4 233.4 236.1
375.9 366.5 356.8 350.8 339 331 325.9 321.4 318.4 315.3 309.5 299.4 294.3 290 281.6 282 283.4 280.1 279.9 278.7 278.1 277.3 276.6 276.4 293.1 302.9 325.2 338 348.8 361.1 384.7 377 386.6 412.7 421.9 428.9 422.3 422.6 422.5 430.5 436.5 446 445.7 434.8 411.7 405 393.2 389.5 392.4 399.6 402.7 402.1 403.5 404.5 408.7 409.6 402.3 391.4 380.1 366.3 355.5 339.8 326.1 312.1 302.7 292.8 277.1 265.8 256.5 248.2 245.4 243.1 239.9 238.9 238 236.8 239.3 238.3
371.6 362.4 352.5 344.9 335 330.9 327.7 323 318.9 314.5 304.9 297.6 292.6 287.5 291.6 287.6 282.2 281.1 279.6 279.2 278.3 277.2 277.3 278.1 293.1 297.9 310.9 324.3 334.4 338.1 357.5 369 387.1 399.9 414.5 429.7 443.8 449 451.7 464.9 460.5 462.4 452.1 437.5 419.4 417.6 412.4 411.7 410.7 414.8 421.2 421 419 419.9 424.3 422.3 411 401.6 387.8 372 361.2 351.9 335.3 328 311.5 299.8 280.1 269.1 258.1 252.2 247.5 244.2 241.6 240 238.5 238.6 241 240.4
365.9 357.6 350.5 340 338.3 330.7 326.3 325.7 318.4 312 304.9 297.4 292.8 290.4 289.5 283.7 281.6 281.4 280.2 279.4 278.6 278.5 277.3 278.4 292.7 294.5 307.2 323.6 327.2 332.8 348.2 367.4 388.7 407.1 431 445.4 465.1 476.6 472.7 472.4 472.9 472.5 462.9 445.4 439.6 434.8 429.9 430.1 427.9 430.3 438.6 438.1 440.6 440 439.6 431.4 419.6 405.7 391.7 376.6 366.5 357.4 346.4 328 312.3 297.2 281.6 270.7 264.7 255.1 249.1 245.4 242.3 239 237.9 238.8 239.6 240.5
