app/static/ascii/NN52.asc
ncols 200
nrows 200
xllcorner 250000
yllcorner 720000
cellsize 50
[rows 70 to 104 of 200, columns 78 to 155 of 200]
520.5 539.3 558.7 579.1 596.1 607.1 616.3 635.4 649.5 661.6 678.7 682.6 679.8 683.1 668.5 664.7 660.7 659.5 640.4 636.9 627.9 626.2 624.5 630.3 636.6 635.3 637.7 630.4 609.9 599.7 592.3 577.4 564.5 559.2 555.2 543.9 529 521 492.9 466.8 465.6 468.2 465.1 465.6 468.6 474.9 485.5 498.5 499.4 503.2 510.3 529.6 526.9 506.2 475.5 449.1 444.7 435.6 400.3 347.2 308 277.1 252.4 234.3 218.3 209.5 203 197.4 191.4 191.6 191 192.4 199.9 213.2 230.7 248.5 266.1 289.9
518.2 536.6 557 577.7 592.3 605.5 621.3 636.8 650.6 673.4 684.7 694 691.5 681.5 672.9 670.6 670.5 653.9 653.1 653.9 635.9 635.3 640.1 641 648.3 647 649.8 648.3 623.6 601.6 592.3 584.9 579.5 574.6 552.5 544.3 535.5 528.1 500.9 473.1 478 480.9 481.2 480.8 477.7 484.4 490 501.5 507.7 512.5 524.3 534.8 534.6 521 495.4 472.1 461.2 447.4 421 370.7 327.2 293.1 264.8 246.5 237.4 224.2 212.1 202 195.3 189.3 187.6 186.3 187.1 194.2 213.2 236.5 250.9 271.4
523.5 535.3 552.1 572.2 592 601.6 620.6 636.5 657.9 677.1 691.9 698.3 701.9 684.1 679.1 675 673 664.6 659.8 656.4 646.5 646.3 652.3 657.9 658.9 660.3 659.7 662.7 639.3 607.3 597.9 593.6 588.5 577.6 563.4 545.1 533.1 523.2 498.4 480.6 490.1 490.3 496.2 496.8 490.3 490.3 499.6 507.5 513.2 526.5 533.6 543 543.9 531.7 509.8 493.5 484 466 440.5 391.8 347.7 319.4 290.6 264.3 248.8 232.7 220.6 209.9 198.4 191.7 187.2 185.7 185 188.2 200.9 216.7 237.2 259.9
524 538 548.5 568.2 587.4 605.3 623.3 639.7 661.1 684.5 700.4 707 712.7 703 682.1 680.5 672.8 674.8 669.6 663 660 663.1 665.1 667.9 666.5 667.5 672.3 677.6 657.3 622.5 603.6 601.7 595.1 584 566.6 557.2 536.7 523.6 504.8 496.5 503.8 501 501.8 504.2 502.5 499.5 506 519.6 522.2 529.8 539.2 550.1 551.9 543 520.7 496.7 493.7 486.1 449.3 419.8 372.5 351.5 316.7 283.8 265.8 244.7 238 229.5 211.5 196.3 188.4 185 184.3 184.3 191.1 201.7 222.8 244.6
525.3 537.9 550.1 565.2 585.4 615.2 631.7 645 665.1 688.9 704 714.8 711.9 713.4 692.8 683.9 675.2 679.7 678 671.9 682.7 678.8 677.4 672.5 675.5 680.7 682.2 684.4 673.6 644.5 619.9 608.7 605.3 592 574.6 557.7 553.2 532.4 510.5 506 514.9 514.1 511.5 509.4 509.4 507.3 508.4 522.3 531.6 542.5 547.3 557.2 563.6 556.5 530.9 503 500.1 498.4 465.4 431.7 386.9 370.7 343.9 303.4 275.5 265.3 259.4 249.1 234.9 206.4 191.2 184.9 183.3 182.9 186.9 192.8 205.5 229.2
522.8 538.2 552.4 566.4 590.4 617 631.1 647.9 668.3 689.3 709.2 715.5 717.6 716.1 699.5 693.8 688.9 683.1 684.7 689.1 696.9 691.8 687 677.8 682.9 680.1 685.8 690.4 687.5 665.8 643.5 621 607.8 589.5 578.1 565.6 563.7 551.2 525.7 520.7 525.2 523.9 520.8 519.6 516.9 516.8 515 524.4 537.4 548.9 557 560.5 567.5 567.3 545.7 519.2 512.2 507 476.9 436.1 403.6 387.6 361.6 320.4 296.5 291.9 283.7 272.6 249.4 224.4 207.3 193.8 183 181.6 183.7 185.4 193.6 212.6
529.8 538.7 550.2 566.4 589.2 615.5 635.4 650.4 671.3 688.9 710.2 714.8 727.8 722.8 709.5 707.2 703.1 702.4 702.7 708.8 704.5 698.4 694.8 687.3 674.1 673.6 681.2 693.8 691.7 684.4 665.9 638.2 613 598.5 580.7 577.9 571.4 560.1 537.9 533.1 532 535.4 534.1 535.8 529.8 527.2 526.2 529.6 544.8 561.1 566.8 575.1 564.2 564.7 553.7 538.4 520.2 512.4 489.3 448.7 419 395.2 368.1 327.7 321.8 312.7 301.3 290.2 269.9 247.9 227.7 207.8 192.1 181.5 181 181.2 184.6 196.1
530.7 541.5 553.1 565.6 594.3 617.5 637.3 655.2 676.6 691.9 712.1 721.3 732 724 716.6 715.5 716.1 715.7 721.7 722 714.4 694 693 692.2 669.7 659.6 674.4 690.2 697 697.9 678.1 656.7 628.4 608.2 594.9 587 573 561.2 540.9 542.5 546.7 549 547.2 552.7 546.6 540.6 539.6 537.6 559.4 572 581 588.1 580.2 559.8 556.7 553.5 537.7 522.8 494.4 456.8 430.4 408.2 378.2 355.8 344.7 335.4 324.7 316.2 296.4 272.8 250.2 222.9 203.6 184.9 180.4 179.9 180.4 185.2
534.1 542.4 560.4 569.9 595.4 623.1 641.7 659.4 680.2 696.1 712.5 724.3 735.1 724.1 724.5 728.6 734.9 738.9 730.8 714.6 702.4 691.8 674.4 670.2 662.8 654.7 658.9 686.1 703.9 701.9 687.6 670.6 636.5 614.3 602.2 592.5 573.3 562.8 544.3 548.1 555 557.8 560.5 561.4 561.9 556 551.4 548.6 568.7 579.1 589.6 595.9 592 566.2 560.2 559 546.6 528.6 495 467.2 444.9 418.5 397.4 387 376.5 363.9 367.1 354.6 324.7 299.1 271.9 241.8 216.1 198.7 187.7 179.5 179.1 180.1
533 547.7 562.8 584.1 606.2 632.1 659.2 674.7 684.5 705 714.7 725.9 739.6 729.8 735.8 742.7 756.1 748.1 725 701.8 682.5 667.8 651.8 639 645.3 652.9 645.3 667.7 700.4 705.4 690.9 669 647.1 630.7 612.8 599.1 584.7 573.2 553.3 558.1 562.8 567.2 570.7 570.3 573.5 570.5 564.2 560.9 570.2 584.1 590 601.3 597 576.7 564.6 561.5 553.6 543.8 523.7 482.3 455 436.1 419.3 407.8 409.8 406.6 400.7 385.4 353 322.6 291.5 260.1 232.4 214.7 201.1 187.2 179.5 178.6
534 551.4 570.3 593.6 614.5 641.4 671 690 703.4 702.4 717 727.6 740.3 732.4 743.6 762 762.7 742.6 717.4 696.3 673.9 653.5 636.6 623.4 622.3 635.1 633.6 649.8 681.2 706.2 691.4 675.4 657.9 639.8 624 611.6 597.1 576.8 559.6 564.7 570.3 573.6 581.6 580.8 584.6 584.4 572.2 571.1 572 580.5 591.2 591.2 596.7 585.6 571.7 564.1 559.3 552 536.7 498.7 468.2 452.7 445.4 434.9 436.2 430.7 421 400.9 386 345.7 308.5 275.4 249.7 228.4 212 202.3 190.4 178.6
540.4 554.8 569.7 603.5 629.4 652.7 678.5 704 714.4 721.3 716 725.4 737.9 734.5 754.8 771.1 755.3 731 711.5 689.6 665.3 644.2 627.8 610.8 607.6 613.6 619.2 625.5 651.7 680.4 698.4 683.7 662.5 646.6 633.4 620.9 598.4 580.9 567.5 567.7 578.1 585.9 590.1 590.1 595.2 594.7 585.4 576.8 576.6 589 587.5 591.9 590.9 592.9 578.9 571 568.2 558.6 546.2 514.1 489.3 471.8 463 462 461.7 456 436.8 416.8 402.6 375.6 339.4 300.9 267.9 243.6 221.9 211.5 201.8 181.1
548.7 560 581.5 618.4 645.6 661.1 692 709 725.1 728 730 726.3 733.9 740.8 757.4 765.3 745.9 722.6 701.4 674.5 643.6 624.7 613.9 597.7 591.3 589 591.8 596.9 612.6 641.6 678 685.6 655.6 647 633.7 608.9 592.6 581.3 571.2 572 588.3 595.4 599.4 601.8 605.2 604.1 592.5 587.4 581.7 595.2 595.7 594 589.3 580.9 576.1 582.3 578.8 562.7 546.3 521.4 508.2 497.2 481.1 485.3 480.6 471 451.8 429.7 410.8 401.4 365.9 330.3 293 262.8 236.8 214.9 199.6 185.9
552.9 561.6 596.9 633.2 655.3 678.1 699.4 715.5 730 736.4 744.4 743.5 739 754.9 757.8 748.5 730.8 711.3 690.1 657.4 628.8 611 591.5 580.4 575.5 575.2 576.9 575.8 582.4 603.4 633.5 648.7 638.2 642.4 626.7 604.4 592.7 588.9 573.1 577 595.5 603.5 608 606.5 613.8 610.6 598.3 592.8 584.5 592.5 599.8 592.3 578.5 576.4 576.1 582.5 584.6 571.7 548.2 534.4 522.4 513 504 498.6 491.4 485.8 473.7 447.6 422.8 412.4 389.7 352.9 316.9 280.5 250 220.5 200 193.9
555.8 576.1 606.8 644.9 665 684.6 703.6 723.1 737 745.4 752.6 750.3 753.6 765.2 752 735.7 715.6 696.3 673 645.2 618.3 593 575.8 568.7 565.4 567.6 564.4 560.6 560.1 577.8 597.8 611.6 622.2 624.2 615.9 613.1 594.3 583.4 575.2 578.5 598.5 606.5 613.8 610 615.3 614 601.7 591.9 586.6 596.7 595.6 592.4 581.9 579.2 586.3 589.6 590.9 591.8 566.1 549.9 545.7 533.4 528.9 520.5 500.7 494.4 488.7 465.6 433.3 414.1 409.6 371.3 332.5 298.6 263.4 231.1 204.6 199.3
559.8 587 625.4 655.1 673.9 690.4 710.6 725.6 746.2 755.4 757.3 751.8 769.7 771.3 755.5 723.1 702.4 681.9 656.2 631.9 607.6 584.3 565.6 558.7 562.6 559.3 556.3 549.3 545.5 554.4 572.1 586.3 595.9 602.7 599.9 604.3 589.1 572.6 566.8 573.3 597.3 607.5 614 611.7 616.5 616.6 608.2 594.9 588.5 598.8 596.3 586.8 586.7 584.1 591.3 593.7 599.4 600.7 580.7 567.7 557.9 548.8 537.2 529.2 507.4 500 497.3 481.8 446.2 424.8 413.8 379.2 333.8 298.1 266.5 238.4 215.2 193.9
566.5 598.4 640.6 660.7 678.8 706.7 722.2 727.8 747.1 758.5 753 764.1 786.1 782.4 760.7 726 692.1 671.2 646.3 620.3 594.8 572.6 554.5 554.5 554.1 552.8 545 536 536.8 541.1 548.9 557.9 577.9 584 594.6 600.3 584.4 574.2 561 568.4 594.2 606.6 613.4 615.2 616.7 616.5 608.6 588 590.4 602.5 600.6 587 595.4 594 589.2 596.4 605.3 602.3 588.3 586.5 572.2 556.4 543.2 525.1 511.4 507.1 501.1 486.9 456 439 413.4 373 332.1 305.5 270.6 246 226.2 203.3
572.7 607.9 646.5 666.3 680.2 708.2 723.1 729 743.3 751.9 747 770.2 794.7 798.5 762.9 730 692.5 664.7 637.9 608.3 576.8 555.3 549.9 538 547.1 546.9 531.7 527.6 527 529.2 534.4 537.9 560.1 577.3 585.6 588.5 575.9 575.3 555.3 563.4 590.6 603.8 615.6 616.3 612.2 608.3 593.1 585.6 592.4 600.2 598.5 590.9 591.1 598.1 589.5 597.4 606.5 604 609 607.7 595.9 566.9 541 523.3 514.2 512.3 501 482.7 459.2 446.2 412.4 366.9 336.3 309.8 278.6 257.6 237.3 214.5
578 611.7 648.9 670.5 685.4 705.9 724.4 739.9 743.3 746.9 749.1 770.3 796.3 799.1 770.8 734.2 693 657.3 629.2 598.5 568.4 548.1 538.1 536 533.2 528.7 522.1 521 517.5 518.3 520.5 527.5 545.6 571.6 576.4 571.2 559.7 555.1 541.3 558.7 581.3 601.7 611.1 608.7 595.3 583.1 582.3 579 589.7 598.6 600.7 599.5 597.3 593.6 591.8 593.8 603.7 608.6 628.7 628.5 615.1 580.2 548.4 526.9 519.6 515.6 500.9 484.1 467 453.8 413.3 374.5 340.3 315.3 289.5 265.7 246.9 223.3
580.4 611.7 642.8 678 693.7 715 730.6 746.7 748.6 746.9 758.4 775.1 791.6 792 776.7 729.4 692.4 652.6 620.8 587.1 555.7 538.2 529.2 528.9 527.2 515.1 514.6 509.9 511.6 514.5 518.3 521.6 525.6 542.6 561.8 552.1 542.1 531.3 536.3 550.9 572.8 590.9 602.9 594 575.7 565.4 575.9 571.3 589.4 599.1 603.8 603.6 599.5 596.8 595.2 595.2 601.3 616.3 634.8 641.5 636.2 595.6 559.4 536.7 521.2 510 494.9 480.2 470.7 453.6 416.8 373.2 337.8 324 296.3 272.3 255.8 229
585 614.8 642.8 672.6 700.5 720.6 731.9 742.5 751.4 755.7 770.1 781.3 791.8 787 771.8 732.1 691 647.1 611.4 578.6 552.9 535.3 524.9 520.9 511.1 506.7 505.1 506.8 508.4 508.1 510.6 516.2 512.9 522.5 533.5 540.4 525.3 520.7 532 542.3 554.6 573.1 587.9 585.2 562.3 560.8 565.6 568.8 595.4 603.5 607.3 607.7 602.5 602.2 602.6 595.9 605.4 622.8 636.9 651.7 645.7 625.2 571.7 546.8 523 512.3 497.2 485.2 469 446.4 413 374.7 340 328.3 306.9 279.5 255.5 232.6
588.4 621.5 643.5 675.4 699.8 717.7 734.2 743.1 751.1 765.2 774.8 781.6 786.1 788.9 768.9 732.1 689.9 646.6 611.3 579.2 554.4 543 527.9 514.2 509.1 502.1 502.4 498.8 503.2 502.2 502.3 505.9 506.6 507.9 513 518.3 512.6 515.8 527.1 534.8 540.6 554.9 568.9 569 561.5 553 553.4 566.8 590 606.5 611.8 605.7 602.6 604.6 599.5 601.1 617.1 625.1 634.5 648.6 651.9 640.5 592.9 555.1 527.3 515.7 503.3 482.7 472 457.6 424.9 379.1 346.4 331.6 310.7 287 258.5 235.3
583.6 614.4 640.8 670.4 702.1 723.1 731.7 740.4 746 769.5 780.5 783 792.1 793.8 772.7 737.9 695.8 650.4 607.6 573.6 557.8 544.3 524.9 513.5 504 495.7 493.3 493.7 497 493.8 499.2 501.7 504.5 505 503.5 504.6 504.3 511.3 519.6 529.2 531.6 543.3 549.3 555.8 558.7 547.2 545.4 564.3 584.3 597.8 608.6 599.2 598.1 601.5 599.4 602.9 624.3 631.7 638.9 642.2 646.1 647.7 621 572.1 534.8 514.7 508.1 487.2 474.2 462.5 435.5 391.2 353.5 333.6 314.4 290.7 261.5 235.9
587.9 607.5 639.8 662.6 697.1 721.5 729.1 743.4 749 772.7 782.1 786.4 794.1 806.4 792.8 750.4 702.4 654.4 607.3 569.9 558 543.6 517.7 508.7 498.8 488.7 487.4 488.3 489.6 494.2 496.9 497.8 502 503.2 501.3 500.3 504 505.7 511.5 520.4 521 532.9 535.8 542.2 546.5 540.3 539 557.4 576 592 599.1 594.9 593.9 600.1 598.9 604.9 625.1 630.6 637.4 646.4 643.5 644.9 635.4 590.1 548.7 521.4 509.8 492.7 480.1 468.6 445.2 400.3 357.7 340.9 320.9 293.6 268 245.2
590.2 605.4 637.6 661.5 686.7 713.6 731 740.6 750.8 768.2 780.2 787.9 796.9 805.1 796.6 759.5 707.1 655.6 610.7 565.2 554.3 537.3 511.1 503.4 493.7 485.9 486.1 485 486.5 488.8 494 490.4 494 496 495.3 493.8 498.4 502.1 506.7 513.4 514.6 519.4 526.9 531.3 534.8 536.2 536.3 551.5 569.3 580.9 587.8 587.2 586 596.1 593.9 604 624.1 632.6 641.5 649.9 649.6 639.8 632.5 604.4 565.8 530 507.4 495.1 486.9 475.8 448.2 409.3 361.9 349.5 329.1 302 275.6 253.2
588.6 602.1 630.8 657.3 678.6 708.6 732.8 737.7 749.1 767.3 774.4 788.5 795.4 799.3 795.7 761.8 708.6 659.7 612.7 569.1 547.8 529.7 510.6 500 491.6 485.7 486.4 483.6 483.9 483.9 490.5 485.7 485.3 491.2 490.8 489.5 492.9 496.5 504.7 506.3 510.2 515 521.8 526.7 531.3 532.7 535.2 547.4 559.1 576.6 580.3 575.8 575.7 585.3 590.4 607.4 622.8 633.3 637.5 656.7 656 648.1 623.6 609.2 587.5 549.5 516 499.6 492.4 483 445.9 413.9 369.6 353.9 336.9 303.8 282.5 259.8
585.9 599 623.2 651.8 664.8 695.4 732.5 746.4 754.9 763 767.6 784.8 789.4 794.6 795.8 754.6 706.2 661.3 619.7 582.1 552.4 531 511.5 500.2 490.9 485.9 482.3 480.7 479.1 480.8 482.5 482.9 482.1 485.8 488.9 487.4 490 492.2 504.6 508.9 508.5 512.9 518.5 523.6 526.9 530.2 535.6 545.7 554.8 563.6 570.6 569.9 573 580.4 597 615.5 630 633.3 635.2 648.7 659 657.2 636.7 608.7 595.4 567.3 530.2 503 496.7 489.7 458.1 412.8 378.4 356.1 337.4 314.2 289.6 266.1
575.6 590.8 609.6 629.8 646.7 673.3 707.8 747.1 755 761.2 763.2 776 786.7 795.4 792.7 762.7 714.3 669.7 627.2 592.4 558.8 529.6 512.2 501.9 492.7 486.4 478.3 477.3 476.6 478.9 479.8 478.5 479.2 479.3 480.8 483 486.2 488.3 502.5 505.4 504.9 510.9 515.5 522.3 524.8 528.5 533.9 541.3 551.6 559 563.1 568.6 573.8 583.1 598 615 629.3 637.5 636.8 640.9 651.7 657.4 646.9 623.2 601 581.6 540.9 514 500.7 493.4 459.6 416.1 383.3 359.3 338.6 318.7 294.6 270.4
577.1 585.1 596.5 603.5 619.2 647.2 681.3 714.2 732.6 738.9 758.2 770.9 786.7 790.3 790 776.3 721.4 679.6 639.5 603.1 567.9 533 512.6 510.2 497.7 484.8 477.8 476.5 478.2 476 475.5 473.9 474.5 473.7 477.5 483 483 486 496.7 501.4 500.9 506.7 510.6 519.5 523.4 527.5 534.5 543.9 554.5 560.6 564.3 569.3 577.4 592 608.2 615.4 632.7 642.8 644.1 643.9 647.4 648.1 652.1 638.4 612.1 575.1 547 524.4 507.5 485.4 460.1 418 384 364.2 346.1 320.5 300.3 283.3
571.6 581.6 589.3 598.2 605.6 627.2 654.8 684.1 705.7 717.8 746.7 750.9 753 756.4 757.6 742.8 713.3 679.6 644.8 611.2 576.2 541.1 517.5 511.9 503.5 488.4 480.5 477.4 477.4 471.4 468.7 470.8 471 471.1 466.4 472.2 474.7 483.7 491.3 496.1 498.9 503.3 509.3 515 521 525.1 533.5 544.6 553.8 563.1 569.6 575.3 584.7 600.9 608.1 618.4 626.3 641 642 645.1 657.4 654.5 646.8 642.7 623.8 575.7 549.3 531 516 481.2 445.4 414.6 391.8 373.4 352 332.4 312.4 295.1
572.4 580 586.1 592.2 606.4 614.8 634.2 657.7 678.4 692 708.4 713.1 715.7 724.3 726 717.7 698.9 672.4 643.2 613.1 582.6 550.3 521.5 510.1 503.2 492.4 487.1 480.5 476.2 470.9 468 461.3 465.7 464.5 460.9 457.1 467.6 477.1 486.5 484.8 489.4 501 505 507.3 517 522.2 531.6 544.1 555.4 565.1 573.7 583.4 591.3 603.9 612.3 625.2 632.3 633.1 638.3 648.8 658.4 661.5 653.5 638.7 624.8 580.8 552.4 535.9 517.9 480.7 441.4 413.8 396.5 377.7 363.1 345.3 324.8 304.7
578.8 580.2 588.3 592.7 600.8 608.1 618.8 634.4 655 667.7 682.3 681.2 674.9 689.9 696.4 698.1 682 659.2 632 608.9 591.2 548.7 521.3 510.2 507.6 496.4 487.4 483.3 478.6 471.9 466.9 462.7 454.5 452.3 452.4 441.7 458.6 467.7 476.3 479.5 482.1 495.6 503.8 506.8 514.1 519.3 530.7 542.9 554.8 565.2 574.8 585.1 597.2 611.1 622.4 627.5 638.1 645.5 636.9 648.6 658.6 663 660.5 646.7 623.3 587.3 559.2 540.5 524.6 496.7 455.3 421 402.4 385.4 370.9 351.8 333 315
586.1 586.5 595 594.7 593.7 599.2 608 617.4 637.7 654.6 647.2 657.8 645.1 657.7 667.3 676 660.9 639.4 616.3 593.1 581.1 541.9 516.8 511.8 503.1 495 487 482.6 475.8 471.1 466.3 459.9 449.5 447.3 445.5 436.8 444 451.9 465.4 468.2 476.1 488.2 495.1 503.4 511.4 517.5 527.4 539.8 551.9 562.6 574.7 583.4 600.7 620 626.2 631 639 644.4 639.9 646.4 657.6 661.4 660.1 650.7 628.2 594.6 568.3 549.9 532.3 511 465.6 429.1 410.1 394.5 379.3 361.5 342.6 324.8
598.5 597.3 601.5 595.5 593.4 592 595.7 603.6 609.8 617.4 612 604 608.9 626 635.9 641 629.8 611.5 595.5 582.1 561.7 536.4 520.9 516.2 510.8 500.4 491.6 486.3 477.3 471.9 460.2 455.2 446.5 442.2 439.8 435.6 431 436.8 448.7 452.9 465.6 474.3 484 497.8 507.1 514.2 523.5 536.4 547.9 561.5 571 582.2 602.5 619.7 630.1 635.3 639.8 641.2 642 647.3 652.2 660.8 661 655.6 641.1 602.3 571.7 555.6 533.4 514.5 462.7 438.9 419.8 404.3 387.5 371.7 355.2 335.9
606.2 605.8 607.1 598.7 595.2 589.4 584.7 587.9 594.4 589.1 584 583.2 586.2 597 601.8 601.4 595.9 579.7 566.6 560.6 545.9 537.8 527.8 517.1 512.7 505.3 496.4 490 479.6 470.2 457.9 450.4 443.7 439.8 434.7 430.2 422.7 430.1 436.1 445.5 457 466.1 474.2 489.3 502.9 511.3 520.4 531.6 543.2 557.3 566.2 577.2 600.3 619.1 631.1 633.7 639.2 647.3 647.4 650.2 662.6 657.5 658.5 660.4 645.8 616 578.5 552.5 529.4 495.3 469 445.2 429.2 415.2 401.7 383.7 364.9 342.4
