app/static/ascii/NN53.asc
ncols 200
nrows 200
xllcorner 250000
yllcorner 730000
cellsize 50
[rows 140 to 174 of 200, columns 78 to 155 of 200]
549 552.2 554.5 556.6 568.2 573.8 573.6 567.3 559.5 549 538.7 531.5 522.9 515.2 515.1 515.4 512.2 504.3 497.2 497.2 493.3 498.7 504.3 506.4 507.2 503.5 498.1 491.7 495.3 495.4 492.6 494.2 497.1 494.7 485.4 480.3 494.4 505.6 495.2 487.9 478.4 472 471.7 470.9 442 416.4 409.1 398.1 373.3 356.8 340.1 332.1 321.4 309.4 284.2 238.3 218.6 195.3 174.2 162.7 153.7 143.8 136.6 132.1 122.6 118.5 115.3 114.1 114.2 114.4 113.6 113.1 111.4 110.5 109 106.8 107.1 113.5
557.4 560.4 562.4 565 577.3 585.8 586 578.2 569.4 558.3 548.4 541.8 534.4 523.3 516.1 512 508 502.5 497.2 498.1 498.8 502.7 511.9 511.8 511.3 507.1 503.9 501 502.2 500.4 495.9 496.8 499.7 498.2 485.9 486.1 495.8 499.9 503.5 503.6 494.7 479.5 473.9 467.2 442.3 430.2 426.4 399.6 374.3 350.9 337.9 324.4 300.8 285.8 257.7 231.3 209.3 189 173.9 161.4 151.3 142.6 136.9 131.3 122.6 119.3 117.4 115.6 115.2 114.7 113.3 111.6 111 110 106.3 108.5 113.7 113.3
566.4 568.7 569.3 569.7 584.3 591.5 591.5 586.9 582.1 570.6 562.8 555.9 540.8 527.8 527.8 518.4 511.5 504.9 500.7 500.5 503.3 505.3 511.9 512.3 510.9 513.6 513.6 509.7 505.4 499.6 497.8 498.2 498.3 492.7 491.1 494.8 501.5 511.2 515.4 511.4 506.3 487.1 476 462.7 430.6 428.1 406.1 390.8 372 356.1 339.3 315.2 289.9 267.2 241.5 223.7 203.1 187.5 173.2 159.3 148 141.1 136.9 130.2 126 123 119.9 116.9 116 113 112.1 111.5 111.3 106.6 109.8 113.7 113.5 113.2
571.9 576.5 573.9 575.3 590.8 595.2 593.9 594.7 591.6 582.5 576.1 565.3 553 533.7 527.2 519.6 510.2 505.3 502.5 503.8 510.5 506.3 510 511.5 512.9 520.1 520 516 510.5 503.8 498.2 496.7 494.5 495.7 498.7 506.2 510.1 515.5 519.6 515.4 510.1 490.7 471.5 435.6 414.2 402.8 391.5 381.8 364.4 353.9 344.6 321.9 290.6 265.7 239.9 220.8 202.3 185.1 170 158.7 150.7 142.5 136.1 130.1 128.1 126.2 122.8 118.2 114.2 113 112.5 112.6 106.7 111.4 113.7 113.6 113.4 113.2
575.6 577.5 574.8 577.4 592 597 596.5 600.3 600.9 591 584.6 573.8 558.8 538.8 527.7 517.1 510.3 503.7 502.8 504 506.9 504.3 504.2 509.6 510.8 520 521.4 519.3 514.5 507.1 501.8 497.9 496.7 498 497.9 503.5 510.1 512.4 518.2 514 499.8 473.8 450 417.4 399.3 389.3 381 369 356.4 346 332.6 309.6 276.7 257.8 239.1 215 195.2 181.8 166.3 155.5 148.3 146.1 137.7 133.3 130.2 127 120.9 116.4 113.8 113.7 110.8 107.1 111.9 113.1 113.9 113.6 113.3 113.1
574.5 576.3 573.7 577.4 588.9 596.1 597.5 600.8 601.1 594.2 589.1 580.3 559.9 545.6 535.3 525.8 516.5 506.6 504 506.4 507.8 503.9 503 504.3 505.2 515.4 518.5 516.8 514.9 507 502.6 500 497.5 498.3 496.3 502.1 504.3 506.8 506.2 498 476 450.6 424.8 406.1 388.6 379.9 367.3 359 347.6 334.7 312.1 289.7 260.2 246.4 232 207.8 189.3 174.3 161.6 153.8 149.7 143.3 137.9 134.3 130.1 125.7 119.3 114.9 114.1 109.3 107.6 112 113 113.3 114.1 113.8 113.4 113.1
571.6 571.9 571.9 572.5 585.3 594.8 599 597.4 595.1 588.3 586.8 583.7 568.1 555.5 550.2 537.6 522.6 513.2 508.5 506.8 505.9 502.8 501.4 500 502.3 507.3 511.7 513.5 512.8 506 502.6 499.1 496.3 495.3 494.1 499.6 500.9 494.1 493.1 466.7 448.3 423.7 411.9 392.4 377.3 365.1 356 345.2 329.6 312 293.1 267.9 245.2 239.8 223 203.9 182.3 170.2 159.5 150.8 148.9 145.2 139.6 133.1 127.9 124 118.9 114.4 109.4 108.7 114.1 115.6 114.2 113.9 114.4 114.1 113.6 116.8
570.5 570 568.7 567.5 575.1 585 590.6 590 586.7 579.6 583.5 588.7 574.9 563.1 561 546.2 528.3 517.3 511.2 510.6 510.2 505.3 500.3 498.7 502.7 506.4 508.6 509.1 509.7 503.8 498.5 496.3 494 489.5 490.2 489.9 481.9 468.6 458.5 442.6 423.4 404.7 391.5 376.6 363.4 349.8 340.5 326.8 307.9 290.3 272.3 250.8 235 226.6 209.3 195.7 184.5 169 157.4 149.2 147.4 144.9 139.2 130.6 126 121.4 115.1 111 111.5 113.9 117.9 117.2 117.7 115.6 115.9 118.3 121.8 120.7
566.8 566.1 565.3 563.5 566.1 572.1 576.1 574.4 572.7 570.2 570 566.4 564.5 560.5 560.1 547.8 530.1 517.2 511.6 512.1 512.4 505.5 498.8 498.6 504.7 507.6 505 504.9 503.9 498.7 494.2 492 488.7 483.3 479.7 472.6 460.9 448.4 434.4 416.3 401.4 387.6 376.3 361.5 345.7 332.6 320.9 310.6 291.4 273.1 256.3 233.5 227.2 213.8 201.3 188.6 177.9 167.5 157.5 150 144.8 139.1 135.6 128.1 124 117.6 114.6 116 116 118.5 118.4 117.2 119.8 127.9 124.7 126.9 125.8 121.1
562.2 563 563.8 560.7 560.7 562.8 564.7 565.1 567.3 564.2 561 560.8 560.8 552.6 552.3 540.7 528.6 525.2 509.7 504.2 502.5 498.1 495.4 497.9 501.3 497.9 495.4 497.9 493.2 487.7 485.5 482 481 474.1 469.9 459.3 442.7 429.5 412.5 397.8 386.6 374.8 359.8 346 332.3 320.4 305.6 290.6 278.1 261.2 241.8 228.2 211.3 197.4 187 176.9 168.4 161.3 154.1 149 143.7 136.3 129.9 125.5 119.9 115.2 118.4 121.1 121.4 122.1 118.9 118.5 121.9 129 126.3 127.5 126.5 126.7
557.6 556.7 556.3 554.8 554.3 556.8 556.3 559.2 562 559.9 555.7 562.9 559.7 548.8 543.8 532.4 530 523.6 511.4 500.6 498.4 494.7 489.7 488.9 490.7 486 483.8 485.5 479.3 475 472.2 467.6 461.7 456.7 453.9 444.9 426.9 411 396.1 383.8 373.9 361.9 345.6 330.2 317.9 308.2 291.8 278.1 264.7 253.5 227.1 212.6 203.1 191.7 180.6 172.8 162.2 154.8 148.7 144 139.2 135.1 127.6 123.3 119.3 118.3 122.4 123 123 124.8 124.7 123.2 126.9 128.2 128.6 131.8 129.4 131.9
550.5 551.2 551.2 548.8 548.4 551.2 550.8 552.2 553.4 548.2 548.5 553.4 552.2 543.4 536.6 535.5 529 519.1 507.6 497.7 496.8 491.6 486.5 482.3 482.1 480.6 474.5 471.4 467.6 462.6 457.4 451.5 446 440.2 432.3 422.4 409.6 393.8 380.1 369.8 359 346 328.9 312.7 295.8 287.2 274.3 264.8 246.4 221.5 206.1 196.6 193 182.6 171.7 167.3 156.9 148.7 141.5 136.2 133.9 129.4 125.6 123.3 120.6 122.6 125.5 126.1 124.9 132.9 127.1 128.8 131.1 133.2 130.6 131.7 131.5 136.7
544 545.4 545.6 543.9 542.9 545.5 546.8 545.6 543.5 543 543.3 547.1 544.2 536.5 532.6 528.6 520 514.2 505.3 495.7 487.9 482.8 479.1 475.6 475.2 474.1 465.3 460.2 457.2 448.7 440.3 433 426.9 418 408.1 395.8 385 373.8 362.8 351.6 337.7 323.3 307.7 291.8 277.4 257.7 250.3 238 216.7 201.5 191.9 186.4 180.3 173.5 166.7 160.4 154.1 146.5 136.2 131.2 129.6 125.9 124.5 123.2 124.1 125.9 128.5 129.1 128.1 131 135.1 136 138.7 136.5 135.6 135.5 138 144
537.4 540.4 539.8 538.6 534.6 535.6 536.7 536.3 535.2 535.3 537.3 539.6 536.7 530 523.4 520.2 516 509.5 498.9 489.3 481.3 474.1 470.3 469.3 465.9 462.6 455.5 448.5 437.7 431.1 422.6 415.1 406.7 397.3 386.8 372.1 360.6 350.4 338.5 328.1 315 299.8 282.6 264.3 246.3 238.4 229.6 211.8 193.9 184.8 181.7 179.5 174.9 168.5 160.1 153.1 148.4 142.6 130.5 127.5 126.1 126.3 125.8 127.9 129.2 130.7 135.3 133.7 133.1 137.9 137.9 139.2 140.1 138 138 140.1 143.9 148.9
529 531.9 534.3 533.6 528.6 528.8 528 529.7 528.5 528.8 529.4 529.1 526.4 522.7 517.3 513.8 510.1 501.6 493 483.8 474.4 467.8 462.7 461.1 455.8 451.1 441.5 434.8 422.7 414.3 406 397.3 387.5 376 365.4 352.6 336.5 328.4 316.9 303.3 286.8 271.9 256.3 240.2 231.9 223.7 208.2 188.3 183.9 176.9 171 168.1 162.5 162 154 145.7 139.5 133.5 127.9 127.2 126.7 129.3 128.9 130.9 133.2 132.4 135.6 134.6 139.2 137.7 139.3 138.1 140 142.6 142.1 142.2 145.4 150.8
521.9 524.3 526.1 523.6 521.5 521.5 523.5 526 522.9 521.2 519.9 519.7 517.3 516.8 511.4 507.8 502.9 494.3 485.8 475 467.3 460.1 453.9 449.2 445.2 440.8 428.7 418.9 406.9 394.6 384.5 375.3 364.8 354.2 343.5 332.3 315.6 301.8 290.8 278.1 260.2 241 230.8 223.7 210 199 181.6 174.8 169.4 166.7 162 155.4 154.4 148.3 145.3 137 133.2 128.4 127.4 130.1 132.7 134.4 132.8 131.7 135.1 136.8 135.4 137.4 142 136.3 138.5 140.7 141.6 147.7 147.2 144.8 149.5 153.5
517.1 518.6 518 516.3 516.8 515.1 518.4 517.5 515.6 513.9 514.3 512.8 510.7 509.9 503.1 499.6 494.1 484.7 476.4 469.7 460.6 453.6 446.1 435.4 430.6 419.3 411.9 395.2 384.1 375 364.5 355 344.6 329.7 320.7 308.2 292.8 274.6 262 251.2 234.4 218.4 208.4 199.6 189.8 176.7 167.8 170.9 163.5 157.2 151.6 147.4 145.6 140.9 136.5 134.4 129.4 128.1 130.3 132.7 134.1 135 135.2 140.1 137 139.1 144.5 141.1 140.9 138.9 138.2 140 142.5 148 148.4 150.9 153.9 157.7
512.6 512.4 512.3 512.3 512.1 509.1 512.1 511.9 510.1 509.5 508.3 507.4 504.8 501.2 496.2 491.4 484.2 477.4 470.8 464.1 452.1 441.9 429.9 418.9 407 396 387.1 374.3 365.5 357.1 344.9 337.4 324.6 314.7 301.7 287.2 270.5 251.5 243.4 229.1 216.5 203.4 192.5 183 176.6 170.3 164 158.5 156.5 152.6 146.4 141.1 137.5 133.7 130.2 128.8 128.9 130.2 133.7 136.2 139.1 142.1 138.8 139.8 137 137.3 137.6 147.5 146.2 141.4 141.1 139.2 141.5 144.6 146.8 152 156.4 158.8
506.1 506.8 506.7 506.9 506.7 505.1 505 504.8 504 503.4 503.5 500.3 497.1 493.2 488.2 483.1 475.3 469.3 462.3 454.9 441.7 428.2 414.6 399.9 384 375.7 367.7 360.1 346.4 337 324.6 313.8 302.1 289.2 278.7 262.7 249.8 236 224.5 215.5 203.7 193.9 185.5 178 172.1 165.9 161.5 156.6 149.3 142.1 139.4 133.8 132 129.5 129.8 130.4 130.8 131.6 133.7 136.8 140.1 144.3 142.9 144.9 140.7 142.3 140.5 149.8 149.3 147 146.5 144.5 141.9 143.8 147.8 153.1 157.6 160.4
500.1 501.5 500.5 500.9 500.3 499.9 497.8 499.9 498.9 497.9 495.5 492.5 489.3 485.3 479.9 474 466.7 461.1 455.3 448.7 433.4 414.6 402 384.6 365.6 357.9 349.4 338.2 325.4 316.9 306.7 294.3 284.2 271.5 258.6 246.7 236 224 215.9 204 192.1 183.1 177 170.6 164.6 160 155 145.3 140.8 135.4 131.4 129.1 130.2 130.4 131.1 132.7 135.3 140.3 138.4 136.1 142 145.7 144 144.2 148.1 144.6 143.3 146.7 150 150.5 150.9 150.1 148.8 150.2 154.6 157.7 160.3 161.5
492.8 495.4 494.9 494.5 493.2 493.1 491.2 492.3 490.3 488.2 486 483.2 480 475.2 469.5 464.7 457.8 450.9 443.8 434.6 418.7 401 386.6 372.1 345 336.3 329.9 321.2 307.5 306 292.6 281.9 270.8 257.7 247 237.7 229.1 212.5 201.8 186.2 175.4 170.5 167.1 162.1 159.3 154.7 145.4 140.2 133.3 130.6 128.6 131.1 132.3 132.3 133.3 138 141.4 140.5 138 137.1 139 145.9 149.3 146.8 148.7 148.3 146 149.7 153.3 157.3 156.4 155.6 154.5 156.4 159 161.5 163.9 164.6
489.2 487.2 486.2 487.1 485.5 485.4 483.6 482.9 480.7 478.6 476.5 473.6 468.9 464.7 459.4 453.6 446 437.2 425.4 412.3 399.5 380.3 373.2 352.9 324.1 314.3 311 302.6 298.9 292.8 277.1 263.9 253.8 246.7 236.7 230.6 220.3 196.8 185.9 175.1 167.2 162 153.4 153.4 148.5 148.2 137 133 130.2 129.1 129.5 130 132.3 136.3 136 142.2 143.6 143.8 141.3 136.8 140.2 145.7 150.7 150.2 149.8 151.6 151.2 155.9 160.1 162.2 157.5 158.9 159.2 160.5 162.7 165.2 166.8 168.3
479.6 480.3 478.7 477.9 476.3 475.7 475.5 472.8 470.6 468.3 465.8 462.3 458 453.7 447.2 440.9 431.7 423.9 411.2 391.9 376.5 366.3 349.3 324.7 302.3 293 294.5 284.8 284.7 273 259.2 249.7 239.7 235.7 224.8 217.6 201.9 180.7 168.7 166.2 156.9 152.7 146 143.8 138.3 134.5 132.4 130.4 129.5 131.1 131 131.4 132.6 139.2 142.2 144.3 144.8 146.1 144.6 142.5 142.6 148.6 152.1 150.6 152.7 155.8 156.3 156.2 159.8 161.1 165.4 162.5 163.8 164.9 166.4 169 169.8 171.3
471.3 470.6 470.6 469.1 467.2 465.8 464.8 460 458.2 456 453 449.3 444.5 438.4 435.8 428.8 416.3 406.3 394.2 380.1 363.4 341.8 324.5 301 292.8 282.5 275 273.9 263.5 255.6 239 235.9 225.9 217.8 205 196.8 180 162.9 156 154.3 153.7 150.3 144.5 138.7 136.4 133.1 130.5 128.5 131.4 131.7 131.7 134.6 133.5 143.2 141.9 147.1 147.2 147.6 148.1 149.6 152.8 155.1 154.8 154.3 155.9 163.1 163 159.7 162.6 166 167 164.1 165.8 168.4 170.5 172.1 172.8 174.3
464.8 462.3 459.2 458.7 458.4 454.1 452.3 447.9 444.6 442.7 439.9 436.1 429.2 422.1 417.4 407.3 396.7 385.4 380 368.2 343.3 313.2 297.8 283.3 275 269.9 258.8 250.9 236.9 229.8 219.9 211.8 205.1 196.2 184.6 172 159.6 152.3 149 148.1 143.8 139.2 138.9 135.8 134 131.2 128.4 131.3 131.7 131.9 132.2 135.1 138.4 145.1 143.7 145.3 148.7 148.8 150.4 150.2 154.3 156.4 158.5 159.4 164.2 169.5 167 164.2 167 173.2 169.4 167.6 168 171.2 174.3 175.3 176 176.4
455.6 455.2 450.2 450 447.4 443 441.9 437.4 433.5 430.7 426.4 423.1 415.7 409.1 397.8 389.4 380.3 364.4 343.9 332.4 309.9 288.9 277.9 268.2 258.9 253.9 246.3 232.7 218.9 205 197.9 194.7 186.8 176.4 165.6 161.7 151.7 149.8 145.9 143.9 138.1 135.2 136 133.6 131.7 128.5 131.3 131.9 132.3 132.6 132.9 133.9 139.2 146.7 148.2 144 148.7 151.4 153.9 155.5 157.3 162.2 164.2 167.8 171.2 170 169.3 171 172.8 172.3 173.9 173 173.4 176.5 177.9 178.7 180 178.3
446.7 443.4 440.1 438.4 436.7 431.2 428.3 422.9 419.5 415.5 409.6 404.4 399 393.9 379.5 374 368 339.6 318.9 301.9 284.9 268.2 260.8 254.3 245 235.7 225.4 216.1 204.7 193.5 181.6 175.4 171 168.7 158.1 150.5 143.8 146 140 136.1 135.3 133.7 132.6 131.2 128.6 131.2 132.7 132.5 132.9 133.2 133.7 134.7 137.2 142 147.3 146.6 151.1 154.4 158.4 159.9 162.6 167.2 168.2 171.2 171 170.5 170.3 172.1 176.8 175.7 176.6 177.6 179 180.6 181.9 183.1 184.3 182.5
435.8 432.9 428.6 424.5 423 418.8 412.9 406.5 400.3 396.6 390.1 384.6 378.3 369.8 359 337.9 329.6 309.9 289.8 276.1 265.4 257.5 245 235.4 230.1 215.1 207.7 194.5 187.1 181.5 173 174.1 160.7 158 155.2 145.8 137.2 136.3 132.8 130.3 130 128.9 128.9 128.2 131.8 132.4 133.8 134 133.8 134.7 137.6 138.2 143.7 149.1 151.2 151.4 154.1 158.5 162 167.1 171.2 171.2 173.3 174.1 175.2 174.1 173.6 174.8 179.2 181.4 180.6 182.7 183 185.2 187.2 188.4 189.6 188.8
424.3 421 414.8 410.9 407.2 401.4 395.6 391.6 381.8 378.6 372.5 363.2 355.5 346.5 333.2 312.2 298.8 290.1 274.1 257.4 250.1 245.1 232.7 219 206.4 197.6 184.3 172.7 168.8 170 166.4 160.9 159.9 148.4 143.1 138.1 134.9 132.7 130.1 130.8 131.1 130.8 130.8 131.8 133.7 133.8 134.5 134.8 136.9 139.7 141.8 149.7 157.8 160.3 161.3 159.9 158.3 161.9 170.4 174.4 174.2 173.6 176.5 177.8 180.1 182 178.5 176.8 181.4 184.3 183.1 184.9 186.8 188.6 191 193.7 193.9 194.4
412.1 405.3 401.9 396.6 395.2 389.3 379.2 374.1 366.1 359.4 357.1 349.2 333.4 324.9 313.6 294.5 274.1 268.6 256.3 238.5 227 221.3 213.7 199.1 185.8 182.9 174.5 167.3 160 156.3 160.4 157.7 148.8 145.6 139.6 136.6 133.6 130.4 131.9 132.3 131.9 131.6 131.4 133.3 133.8 134.9 135.7 138.5 142.8 146.3 152.4 159.1 162.1 163.9 165 167.1 166.7 170.3 176.4 176.2 175.5 176.1 182.5 181.5 185.3 186.3 183.3 182.3 184.6 184.7 187.1 188.1 191.2 194.2 197 197.6 197.4 198.6
399.1 393.7 389 382.6 377.2 373.7 366.6 360.2 348.6 338.8 338 325.5 310.6 293.1 286.4 277.3 261.5 247.8 235.5 225.6 212.3 206.5 195.9 184.9 177.6 174.3 168.2 159.1 155.2 150.5 148.1 145.2 146.8 140.4 138 134.4 131.9 131.6 133.2 132.7 132.4 132.1 132.7 134 135.1 137.8 141.4 142.9 147.4 154 158.6 161.6 164.6 167.5 168.5 170.9 173.8 178.2 177.7 178 178.5 180.1 186.7 184.7 185.4 188.9 191.1 190.9 192 189.8 191.8 193.7 195 198.1 200.5 202.7 201.7 205
384.9 381.3 379.7 374.6 366.3 355.6 345.4 337 328.7 313.7 310.3 302.4 287.7 271.3 264.3 258 250 235 221.9 208.1 202.5 197.2 186.6 178 173.3 168.1 163.9 154.7 150.1 148.8 143.6 142.2 142.3 138 136.5 132.9 131.8 133.6 133.3 133 132.7 133.5 134.5 139 142.7 146.1 146.4 149.4 154.5 158.4 161.8 164.5 167.1 170 172.1 174.8 180.1 180.5 181.3 181.1 181.3 184.7 189.4 187.6 191.5 194 192.9 195.1 196.8 196.5 196.8 199.9 202.4 203.5 205.2 208 207.3 209.1
364.5 364.1 359.4 351.1 341.9 331.9 325.1 318.8 308.2 297 281.7 277.7 269.4 259.7 251.5 235.8 231.2 222.9 211.2 196.3 191.7 186.6 178.3 173.5 166.3 164 155.8 151.1 148.3 148 141.5 139.5 137.3 135.3 132.2 132.2 134.1 134 133.7 133.8 134.6 135.3 138.2 142.5 150 156.8 149.8 152.2 157.7 161.4 164.8 168.2 170.8 173.3 176.6 178.2 178.8 183.7 186.3 185.7 183.4 189.2 192.7 193.7 194.5 196.9 198.2 201 200.8 203.3 202.2 205.6 211.4 211.4 212.1 213.5 214.9 213.9
345.2 342.3 334.3 327 318.1 310.2 304.6 296.3 286.2 277 264.2 261.8 253.3 244.5 236.7 223.7 214 207.9 192.1 188.3 180.9 180.1 171.9 166.1 158.6 152.2 148.6 143.4 143.8 141.3 139.9 138.5 134.9 131.1 133.3 135.1 135.6 134.7 134.4 136.5 138.4 138.2 142.3 148.6 152.8 153.2 154.9 156.9 160.4 164.5 167.8 171.1 174.5 177.5 181.3 183.8 185 186.9 191.7 192.6 187.7 193.8 197.7 203.1 200.8 200.7 203.3 205 207.8 210.3 213.7 217.4 217.9 217.2 215.9 215.6 215.4 216.5
328.7 321.9 315.4 307.3 295.5 288.7 280.9 274 268.3 261.2 250.1 240.3 234.9 228.5 224.7 217 201.1 190.9 180.6 179.4 173.4 169.9 168.1 158.6 150.1 146.6 143.4 141.9 142.4 141.4 139.1 136.6 132.3 134.8 137.8 138.1 138.7 136.1 135.6 135.7 138.7 139.9 139.9 151.7 153.8 156.6 158.5 157.4 162.1 168.6 172.1 175.5 178.2 181.9 184.9 188.1 189.8 189.1 195.2 199.1 194.8 198.1 201.9 205.3 205.8 205.7 204.9 207.3 214.1 218 221.1 221 222.5 217.7 216.6 216.6 217 218.7
