app/static/ascii/NN54.asc
ncols 200
nrows 200
xllcorner 250000
yllcorner 740000
cellsize 50
[rows 70 to 104 of 200, columns 0 to 77 of 200]
428.2 428.2 428.2 428.2 428.2 428.2 428.2 428.2 428.2 428.2 428.2 428.2 428.2 428.2 428.2 428.2 423 418.9 415 418.6 421.3 423.6 428.2 432.2 422.4 415.5 417.3 419.9 421.1 424.7 428.9 432 436.3 440 442.9 444.5 445.9 442.7 451.9 457.4 465.1 475 482.4 490.9 497.6 504.6 512.8 519.6 527.8 535.4 543 548 550.9 555.1 557.8 560.2 566 560.3 547.4 538.5 536.9 527.7 519.4 509.8 500.8 494.1 493.6 482.8 469.9 457.1 457.4 451 444.6 437.9 430.3 422.3 418.1 409.3
428.2 428.2 428.2 428.2 428.2 428.2 428.2 428.2 428.2 428.2 428.2 428.2 428.2 428.2 428.2 428.2 428.2 415 410.2 417.2 414.9 415.2 417.5 423.3 415.2 410 410.9 413.1 413.6 413.7 419.2 423.8 427.6 430.7 433.6 436.1 436.2 437.9 442.8 448.9 456.4 465 475.6 482.9 488.7 497.3 505.1 510.6 516.3 524.2 532.8 538.6 542.9 546.7 552 551.9 557.4 559.5 544.8 534.8 533.8 528.3 512.9 508.4 505.6 487.6 480.5 474.7 466.2 452.7 443.5 440.8 433.3 420 415.5 411.3 404.7 399.8
428.2 428.2 428.2 428.2 428.2 428.2 428.2 428.2 428.2 428.2 428.2 428.2 428.2 428.2 428.2 428.2 428.2 407.8 406 408.4 407.6 409.1 411.5 414.6 408.2 404.5 403.5 406.5 407.9 407.5 410.5 413.6 418.2 422.1 424.1 426.5 422.9 432.8 434.2 439.8 446.7 456.6 466.6 474.1 483.4 491.3 497.2 501.9 506.3 511.9 522.5 528.1 533 538.7 541.9 544.1 541.9 543.9 540.3 530 525.1 518.9 505.6 498.1 486.6 480 475.5 463.1 456.7 444 427.6 423.7 417.1 409.2 402.7 395.8 394.1 388.3
438.7 441.1 436 428.2 428.2 428.2 428.2 428.2 428.2 428.2 428.2 428.2 428.2 428.2 428.2 428.2 428.2 404.5 402.1 401.7 399.7 400.1 406.9 412.9 404.7 400.5 399.9 403.4 404.6 403.2 402.9 404.9 409.7 414.3 417.1 418 420.8 424.3 425.8 430 435.2 445.3 455.6 463 474.2 481.5 489.3 493 495.8 499.2 507.6 514.5 523 530.6 532.7 531.9 531.8 533.3 532.5 526 519.1 511.5 499.5 485.1 476.6 471.4 462.8 448.9 444.4 435.3 419 403.9 401.3 394.9 391.1 383.8 379 377.3
455.4 452.6 446.9 433 428.2 428.2 428.2 428.2 428.2 428.2 428.2 428.2 428.2 428.2 428.2 428.2 428.2 412.2 407.8 406.5 404.2 401.2 399.1 406.3 402.4 397.3 396.6 397.8 399.1 399.6 398.1 395.8 399 404.4 408.3 409.9 410 414.3 414.9 419.5 425.6 433.5 441.3 451.7 461.7 469.5 476.9 481.4 484.3 488.7 492.8 500.4 509.5 515.7 520.6 520 522.5 523.8 518.4 518.3 512.1 504.3 491 482.7 473.8 462.8 447 437.3 431.6 422.2 405.8 395.7 389.5 385.1 378.9 374.3 371.1 367.2
473.5 467.8 463.7 454 440.4 428.2 428.2 428.2 428.2 428.2 428.2 428.2 428.2 428.2 428.2 428.2 428.2 425.1 415.1 408.1 403.6 401.9 396.5 403.7 402.3 395.3 393.7 397.2 396.8 396.5 395.7 393.1 389 391.9 396.5 398.7 401.7 404.4 403.9 409.5 415.5 422.7 430.5 438.5 447.4 456.7 463.2 469.8 474.8 476.2 479 487.5 493.7 496.6 500.6 506.2 510.5 508.5 503.5 498 495.4 491.7 487.8 480.8 465.9 450.1 435.9 427.4 418.4 405.1 394.8 386.5 373.5 374.6 368.5 360.2 358.1 353.5
486.7 483.2 478.6 471.5 462.8 450.2 428.2 428.2 428.2 428.2 428.2 428.2 428.2 428.2 428.2 428.2 428.2 428.2 424.3 416.5 404.9 398.4 396.9 400.5 404.1 397.8 391.1 394.7 393.5 393.6 393 392.2 390.2 387 383.8 383 389.8 392.8 393.5 394.5 402.6 410.4 418.1 426 434.8 443.2 450.9 457.8 464 466.3 468 470.7 471.9 476.1 479.6 483.6 485.9 485.7 482.5 477.5 473.6 468.8 467.4 462.9 448.8 432.9 421.1 411.8 400.7 389.5 382.4 376.3 369.7 363.5 358.4 351.1 343.8 339.2
504.4 500 492.1 484.5 480.1 472 451.5 432.4 428.2 428.2 428.2 428.2 428.2 428.2 428.2 428.2 428.2 428.7 434.4 422.2 409.4 401.3 395.1 397.7 405.3 401.5 388.4 388.2 388.8 389.4 388.8 388.5 387.4 386 385.8 375 378.3 379.6 380.7 376 390.7 398.6 407.8 414.4 421.2 428.6 435.5 443.3 447.6 450.5 451 450.5 451 453.4 456.9 459.3 461 462.3 461.8 459.8 447.1 444.2 441.1 439 426 412.2 403.3 396.8 387.2 379.9 373.2 367.2 361.6 350.2 347.9 341.7 334.1 327.7
529.3 520.1 508.1 502 494.5 485.9 470.4 455.1 447 439.9 436.1 428.2 428.2 428.2 428.2 428.2 434 443.4 442.6 432.3 415.5 405.1 398 394.7 398.3 398.9 393.6 385.5 384.4 384.6 383.2 381.8 384 383.2 384.6 383.6 357.1 358.3 357.8 358 378.6 391.1 395.3 401.6 407.5 412.6 418.4 426 430.2 433.2 432.3 434.1 434.9 434.9 436.7 438.3 440.9 441.4 439.1 432.5 423.6 421.2 420.1 413.2 408.5 396.5 389.6 382.4 375.4 369.7 366.6 362.4 350.2 342.5 333.9 328.9 322.3 315.7
551.4 540.6 528.1 521.6 510.8 498.5 490.7 481.5 464.2 457.9 458.3 452 447.2 450 444.6 442.1 442.4 447.8 447.2 443.7 421.5 411.1 407.2 397.1 392 395.6 390.8 385.2 384.2 383.8 382.1 379.6 378 378 374.7 363.2 371.8 370.5 353.9 341.1 364.9 381.1 387.7 390.4 392.8 398.1 402.7 407.2 411.7 414.4 417 418.1 419.7 422.6 421.9 423.4 423.3 418.5 415.7 410.7 405.3 402.2 399.2 396.2 394.8 384 378.5 370.6 364.3 360.1 357 350.9 342.4 330.9 324.8 317.6 311.5 304.3
583 565.2 548.4 538.5 529.7 517.3 509.3 500.4 488.4 479.8 480.6 476 470 471 467.5 460.7 453.4 451.4 454.7 454.2 440.7 424.7 405.1 397.6 393.5 391.2 389.9 389.7 388.9 386.6 384.1 381.9 380.9 380.4 377.6 378 375.7 370.3 364.8 337.4 358.6 376.6 381.6 380.6 378 381.7 385.8 390.5 393.8 398.5 400.6 404.4 406.5 407.2 407.5 408.8 405.9 402.1 395.6 390.7 389.2 386.7 385.4 384 378.5 373.7 367 358.5 351.7 349.5 347.1 341.1 334.5 324.6 312.4 305.1 299.4 294.2
613 606.8 568.8 556.7 547.3 537 532.6 524.9 510.8 497.6 499.1 501.6 493 495.6 490.5 480.6 468.4 459.4 459.1 461.1 456.1 438.7 416 403.7 398.4 395.2 393.4 393.4 395.5 391.2 387.2 387.3 387.8 387.8 385 382.1 378.6 374.8 365.5 338.4 356.7 361.3 368.3 371.5 369.5 368.1 369 373.2 377.7 382.8 386.1 390.9 394 395.7 393.6 393.1 389.5 384.5 378.7 374.4 371.9 370.8 370.8 367.7 366 361.5 355 348.3 342.7 339.7 335.7 329.1 322.6 316.3 306.8 297.3 286.1 283.2
637.1 634 591.6 576.6 569.2 563.6 558.6 548.3 530.8 524.1 518.3 520.5 520 520.2 517.6 508.5 489 468.8 466.7 469.1 467.6 462.7 429.4 412.5 404 398.7 394.6 393.6 394.5 394.4 391.9 395.6 400 397.6 394 388.7 381.1 374.7 368.7 343.1 342.8 348.5 356.2 356.1 353.8 352.9 353.3 358 364.6 369.3 374.1 378.8 381 379.8 380.6 377 373.2 368.2 364.7 359.7 358.5 357.4 354.6 353.7 349.6 347.2 343.2 339 334.6 329.4 325.6 315.5 306.9 299.3 293.5 286.2 280.7 267.5
651.4 645.5 631.2 603.3 595.5 587.8 584.5 578.9 559.5 550.8 542.1 533.4 539.4 544.2 536.4 535 512.2 479.4 478.8 479.4 480.2 472.8 443.1 425.6 410.6 407 397.5 394.4 395.9 397.7 399.7 403.8 406.7 404.2 398.9 396.7 386.7 378.5 372 354.5 332.3 335 339.9 340.6 336.7 336.1 337.9 334.1 345 358.5 362.3 366.1 367 365.2 362.7 360.1 354.2 348.3 345.2 342.5 341.1 341 339.9 339 337 333.6 329.5 326.9 324 318.8 312.7 304.7 295.4 287.5 282.2 278.1 271.2 263.6
664.8 657.2 648 637.7 623.5 616.6 611.7 613 602.1 580.8 570.7 550.8 552.6 556.6 556 546.7 529.3 496.3 494.1 494.5 490.8 487.5 470.4 442.7 415.9 413.2 401.5 399 406.2 406.6 406.2 406 407.8 407.1 405.5 399 390.2 382.5 374.6 360.7 340.6 325.1 322.8 322.3 317.9 318.3 315.9 301.7 329.5 349.1 352.6 356.7 359.2 354.7 351.7 348.5 341.6 334.6 329.7 327.5 325.8 325.4 325.4 324.1 322.5 319 316 313.4 311.5 307.6 305.5 296.6 286.5 280.7 275.2 271.7 261.5 252.9
683.1 673.7 665.1 655.3 651.5 644.3 643.3 639.2 630.2 620.4 604.8 581.3 568.5 564.3 564 564.7 540.3 512.7 507.9 506.7 498.5 491.4 478.3 449.2 427.9 426.1 414.4 410.8 413.2 411.5 411.2 409.4 409.8 409.7 402.5 397.6 392 387.6 385.4 372.4 356.9 341.5 339.9 342.2 332.2 318 319.1 308.4 313.3 338.4 347.6 353.1 352.1 348.3 344.5 337.3 330.5 325.8 322.7 320 318.1 312.9 311 312.4 307.7 303.7 301.7 297.2 297.4 294.2 289 283.9 278.4 273.7 270.4 266.4 251.6 244.5
698.3 690.1 681.4 675.5 674.9 672.4 668 668.5 658.7 649.7 634.2 613.3 597.3 594.8 572.2 564.3 558.1 540.2 534.6 522.6 507.5 493.1 486.3 462.4 446.8 429.1 423.9 420.1 413.1 414.9 416.2 413.1 410.3 408.5 403 401.2 398.6 395.4 386.9 378.8 369.4 359.6 356.6 353.4 345.7 340.1 334.5 328.3 291.3 319 333.4 338.1 342.9 345.6 340.5 332.9 325.7 324.3 324.1 324.7 320.9 317.7 311.2 306 301.1 296.7 292.3 285.7 287.4 285 279.7 275.1 269.9 269.1 266.7 258.5 240.7 235.3
712.3 704.3 699.1 696.7 694.2 694.8 692.2 689.1 680 666 661.4 642.3 627.3 627.7 589.5 574.9 572.4 570.4 553.1 530.3 502.7 494.5 488.8 484.4 472.4 437.7 432.8 427.4 418.7 418.9 417.4 415.7 408.5 407 406.3 403.4 400.8 397.7 394.1 387.6 376.9 369 366.2 362.9 356.7 350.9 344 335.1 310 297 321.6 331.5 333.2 333.6 334.4 334.6 329.1 326.8 328.6 328 325.8 320.7 317.4 311.5 308.5 300.9 296.3 292.6 284.8 277.1 275.1 271.7 267.8 266.1 259.9 246.4 235.4 231
724.1 719.5 718.2 717.7 717.9 715.6 714.1 711.9 706.8 690.9 674.1 663.2 651.1 646.1 622.5 593.4 578.4 573 555.4 530.5 510.1 500.9 500 497.2 482.2 447.1 440.4 434.5 424.2 419.9 417.4 414.1 412.6 410.6 409.7 410.5 404.2 401.6 399.1 392.3 382.7 377.9 376.2 369.5 364.1 358.4 352.5 343.3 331.8 303.1 308.9 323.8 329 330.4 333.3 334.6 334.5 334.9 335.4 330.8 327.6 324.9 323.8 319.1 316.3 308.9 303.5 298.7 285.3 285 274.5 269.9 265.4 264.2 259.8 242.9 244.8 235.8
737.8 734.9 738.1 736.8 736.2 735 731.4 727.2 723.5 717.5 705.6 680.8 669.5 655.7 640 623.3 599.8 572.1 553.2 538.2 524.6 512.2 503.2 497.5 476.2 451.5 441 436.9 431.3 424.5 421.8 418.2 416.3 415.6 415.3 414 411.6 404.9 401.5 395.1 388.5 385.8 381.8 374.6 372 369.5 362 352.3 340.2 322.9 288.4 312.7 324.4 331 335 335.4 338.6 341.1 336 330.4 328.7 331.5 329.2 332.7 329.1 315.5 305.1 298.6 289.3 277.4 275.2 266 264.9 265.2 254.7 246.3 244.4 239.5
755.9 756.8 755.8 754.2 753.9 750.7 747.5 739.8 733.7 725.3 714.3 695.7 684 667.9 653.5 641.1 625.5 603.5 570.9 547.1 536.3 519.8 503.3 494.3 479 455.7 441.1 439.1 440.6 431.3 424.4 421.7 420.5 420.6 421.2 419.2 418.3 411.4 407.2 400.7 393.7 390.5 386.1 383.2 380.6 378.3 372.7 366.1 350.1 334.2 294.7 297.6 322.4 335.3 338.7 340.9 340.3 340.1 333.6 329 328.3 328.6 331.9 333.4 323.1 315.3 307.7 300.9 291.9 277.1 268.2 265.1 265.2 257.4 246.5 245.9 241.3 239.9
778.6 785.8 777.8 770.5 764.1 764 757.4 750.6 743.8 738.7 726.8 707.3 691 679.8 663.4 649.2 637.8 629 613.9 562.4 543.5 528.3 508.4 494.7 482.1 462.2 445.8 440.9 440.5 432.8 425.7 423.9 423.1 425.9 424.9 421.6 416.3 412.3 408.7 407.6 399.5 390.5 386 382.5 381.9 381.6 376.4 368 357.5 339.9 320.3 281.1 312.9 334.8 344.9 350.4 340.9 332.5 326.3 322.8 321.2 320.1 321.4 320.5 317 310.3 304.7 297.5 287.9 276 269.6 265.6 261.8 244 243.8 235.8 231.9 232.3
803.4 806.8 795.4 785.2 771.8 766.1 762.7 755 747.7 743.3 735.4 722.6 712.8 689.3 673.4 654.9 641.6 630.2 622.1 598.5 551.6 539.6 517.8 500.8 486.3 468.6 449.8 444.8 438.1 431.6 426 423.1 422.3 422.9 424.2 422 416.2 411.4 408.1 405.6 400.2 392.7 386.5 382.9 378.3 377.6 371.8 364.7 357.8 343.7 326.9 293.7 300.3 328.6 342.7 346.4 330.3 319.4 316.1 312.4 308.1 307.4 304.5 303.8 302.1 297.8 293 288.7 282.1 274.2 270.4 267.2 244.6 240.1 234.4 229.4 227 226.6
821.4 813.9 805.1 799.5 781.4 766.9 759 753.8 745.9 737.5 730.3 722.2 715.1 699.8 677.7 658.8 643.8 630.4 618.4 606.8 561.9 543.3 531.2 514.2 494.2 474.5 457.5 449.8 440.8 432.7 425.4 422.7 421.2 421.2 422 420.3 416.7 410.6 406.5 401.3 398 391.9 386.6 385.1 380.2 372.6 367.7 363 356.3 346 336.1 313 281.6 319.3 329.5 333.7 323.9 321.2 311 302 297.4 291.8 286.2 284.6 283.3 282.6 280.7 275.9 273.2 268.8 265.6 257.7 239 233.8 229 224.8 221.6 221.7
807.8 806.6 798.2 792.2 787.4 767.1 753.5 741.9 735.5 725.5 720.3 717.8 709.3 700.3 680.1 660.6 646.1 632.1 616.6 600.5 568.6 552.5 540.3 528.5 504.5 482.7 469.9 459.8 450.2 439.8 430.7 424.9 422.8 420.3 419.7 416.1 413.9 411.6 408.9 403.9 396.1 388.2 382.4 376.6 373.3 368.2 365.2 358.5 354.4 346.6 337 321.8 282.1 309.5 319 315.4 324.4 322.1 313.5 296.3 284.5 277.2 275 268.8 266.3 267.5 266.3 266.8 264.9 262.1 253.3 238.4 235.9 238 230.6 226.8 222.9 220.3
790.3 788.1 781.2 770.7 761.9 752 745.1 736.2 730 723.7 717.2 710.9 703.6 689.9 679 663.6 646.7 633 619.6 600.4 579.8 561.5 545.2 531.9 518.1 503 484.5 471.6 460.7 447.1 437.4 432.5 428.3 424.1 420.6 418.3 416.7 412.7 411.8 406 397.2 389.6 381.6 374.4 369.7 364.3 363 358.1 351.8 344.9 337.2 323.2 298 294.7 304.7 313.4 313.5 310.1 307 292.8 279.6 273 274.6 268.5 265.6 262.7 261.6 260.4 262.1 257.1 238.8 241.9 241.8 241.1 236 230.4 226.9 225.8
773.2 772.4 767 752.9 741.7 736.9 732.8 725.4 721.3 715.4 710.4 703.8 694 681.7 671.8 661.1 649.7 635.5 622 607 588.7 571.5 555.8 541.4 530.1 514.2 499.6 484.7 469.2 457.2 446.9 440.5 434.7 428.5 421.5 418.5 416.3 413 410.1 407.3 400.1 391.9 382.9 376.3 370.4 367.4 362.1 357.2 350.3 343.7 336 323.7 306 273.2 303.6 305.2 302.9 300.5 293.7 287.3 276.7 268.3 268.2 269.6 268.1 262.1 258.9 260.8 257.1 241.7 241.1 244.2 244.6 242.2 237.4 232.7 229.5 228.3
751.9 750.5 744.1 736 730.8 723.9 723.1 716.5 713.4 711.6 704.1 696.8 687.3 676.2 669.4 659.6 650.5 637.6 623.5 611.6 597.1 581 567.7 551.7 535.8 521.1 508.9 493.3 476.7 466.9 460.9 450.4 440.9 434.1 426.1 419.6 417 413.4 409.3 404 397.8 391.2 383.4 377 370.1 365.2 359.1 353.9 348.3 340.9 335.8 322.6 311.7 277.5 299.1 302.4 300.3 301.6 301.2 296.6 277.5 264.8 263.5 267.5 267.1 261.3 256.3 254.8 245.9 239.6 251 251.5 251.9 246.8 243 235.2 232.4 230.1
737.3 731.7 727.7 721.4 719.5 714.5 711.2 708.4 706.7 703.2 695.5 687.4 680.6 672.9 665 656.6 648.2 638.5 625.5 612 598.5 584.8 571.8 558.8 539.8 525.5 514.1 505.4 488.8 476.6 472.3 463.6 454.7 440.9 433 424.9 419.1 416.3 411.6 405.1 397.3 390.7 382.2 376.1 369.2 362 355.2 349.5 341.7 334.7 328.7 320 309.1 290.8 281.7 294.9 292.3 296.7 296.3 296.3 282.9 266.4 258.9 263.1 264.6 260.3 252.8 245.9 239.5 244 252.6 256.6 257.5 251.5 242.8 235.4 233.7 232.4
723.7 717.3 713.5 708.5 705.9 703.6 699.8 697.3 694.3 691.2 687.5 679.6 673.1 666.3 659.1 651.3 642.4 633.6 622.3 608.5 599 587.2 573.4 558.6 544.5 531.3 519.3 511.6 500.4 490.3 477.7 470.4 462.5 448.8 436.6 429.5 422.8 417.6 414.2 404.1 395.8 387 379.5 373.1 366 359.8 351.9 344.3 337.8 329.5 320.1 313.4 307 297.8 276 283.4 284.6 285.4 286.8 261.6 276.2 265 255.9 259.1 260.7 258.3 252.3 241.4 242.1 243.2 242.9 248.3 251.5 246.6 241.3 236 233.7 232.4
714.9 709.3 701.4 696 693.2 692.6 688.9 685.9 683 678.4 676.7 670.6 664.5 657.4 649.8 641.9 634.5 625.1 617.6 605.3 594.9 586 572.7 559 546.5 533.7 521.6 514.7 506.8 495.5 483.7 473.9 464.9 453.3 441.3 432.7 426.8 418.1 412.4 404.4 393.7 385.8 378.6 371.2 363.2 355.4 349.2 339.7 331.2 323.6 315 305 299.5 293.3 285.6 265.2 277.7 276.6 273.7 258 256.7 260.6 254.4 255.3 253.8 251 247.1 239.4 244.6 242.1 242.3 241.9 243.8 241.4 237.7 234.9 233.4 232
708.3 702.8 694.9 689.9 684.7 682.7 679.9 677.9 670.7 665.6 665.7 662.5 656.2 648 642.3 633.2 626.3 617.9 611.2 604.4 591.8 580.4 567 554.7 546.9 532.3 521 515.4 509.4 498.4 487.4 477.1 467.5 458.4 449.6 440.1 430 422.6 411.4 400.8 392.7 383.9 375.7 368.8 359.2 350.1 342.8 334.8 324.9 317.3 315 308.7 298.9 289.4 278.2 267.1 270.7 269.2 251.5 252 260 255.6 250.6 252.2 251.7 250.8 244.7 242.3 243.3 241.8 239.8 240.8 240.3 239.1 236.3 234.8 233.5 232.3
704.9 695.5 690 683.9 681.1 679.2 674.4 669.7 664.3 658.8 658.3 657.5 651.3 643.8 635.7 630.1 622.2 611.6 603.7 595.1 591.2 576 561.4 549.5 540.9 530.9 518.4 509.7 506.2 498.9 490.2 482 471.1 461.6 453.2 446.9 438.8 424.2 416.4 408.9 397.4 383.6 372.1 363 355.5 352.7 347.5 342.8 336.8 326.7 318.1 310.7 302.5 292.5 283 274 260.2 261.7 252.1 261.7 257 252.8 248.4 247.8 245.8 244.1 240.1 243.8 245.3 242.4 240 239.1 236.5 235 233.1 233.8 232.8 230.7
702.2 691.2 684.6 679.7 676.3 672.8 669.7 666.1 662.2 657.1 653.6 651.2 645.2 639.7 632 624.1 614.2 604.1 598.6 587.7 581.3 577.4 560.5 546 535 525.6 515.1 506.4 500.1 497.9 491.2 482.7 474.8 465.9 456.8 448.5 442.6 427 416.3 407.6 400.1 383.5 377 370.2 365.2 360.6 354.6 349 339.2 332.6 323.3 315 304.2 293.3 284.2 272.6 257.3 255.8 252.3 253.5 252.6 249.2 246.9 245.2 244.3 242.2 240.9 244.8 245.3 243.3 243.1 241.9 241.8 238.5 235.5 234.5 233 233
697.8 688.5 681.6 676.2 671.3 668.5 665.2 661.6 658.6 653.5 649.9 646.4 641.7 635.9 627.1 624.6 610 600.2 592.7 583.9 577.6 564 561.4 545.2 532.1 521.6 511.1 502.8 494.7 494.8 490.8 483.7 475.7 468.5 459.7 453.6 445.2 433.1 420.1 412.5 400.5 394 388.4 381.1 373.2 366.8 360.4 353.7 345.7 338.1 331.7 319.6 308.8 297.4 286.4 272.5 252.9 253.4 253 251.1 248.6 247.5 246.7 245.1 245 243.3 242.2 246.9 247.9 248.4 247 244 241.5 239.2 236 234.5 235.8 237.4
