app/static/ascii/NN56.asc
ncols 200
nrows 200
xllcorner 250000
yllcorner 760000
cellsize 50
[rows 105 to 139 of 200, columns 79 to 157 of 200]
582.3 590.4 601.6 612.2 618.3 620.4 621.4 622.8 622.2 622 621.7 622.3 621.4 621.2 617.8 615.5 618.9 625.8 638.4 648.3 658.9 675.6 688.9 697.3 705.3 704.1 701.7 699.4 709.4 713.1 709.1 706.5 705.7 708.1 710.8 709.5 709.5 705.3 693.4 683.1 675.1 670.1 669.2 664.7 662.7 660.4 651.9 652 647.3 644.8 639.9 639.6 641.2 641.7 645.3 648 651.5 653.8 658.2 660.7 665.6 665.7 665.6 669.3 671.2 670.2 669.7 668.1 665.3 661.6 658.9 653.9 652.8 654.8 655.2 665.1 671.9 671.5 670.6
579.1 587.7 593.6 599.9 611.3 615 616.8 618 618.4 617.1 617.5 618.1 617.3 617.1 615.3 612.2 616.1 621.6 630.2 642.2 652 665 678.4 689.1 696.4 694.6 689.4 684.9 694.6 701.4 697 696.5 694.4 693.1 699.6 697.5 696.1 689.4 680.3 672.4 667.7 660.8 656.2 655.6 655.4 649.3 642.8 633.4 634.6 633.2 628.6 625.7 625.8 624.8 631.1 634 637.8 641.6 643.9 647.1 647.5 650.5 652.8 652.9 653.4 653.3 654.2 654.5 653.2 651.3 648.6 644.8 644 644.3 646.8 652.5 657.6 656.1 654.5
574.7 584.2 590.8 593.6 600.1 607.3 611.3 613.2 614.5 614.8 613.3 613 612.6 613 612.3 608 613.2 616.9 624 635.2 643.5 658.3 668.1 677.2 680.8 679.9 677 671.7 674.3 680.3 681.1 684.5 679.5 681.2 686.8 686.6 680.7 671.9 668.3 661 655.8 650.9 645.5 642.3 640.6 634.5 627.1 622 616.1 618 612 614.1 615.3 613.7 618.1 621.9 626.2 629.1 632.7 636.5 637.4 639.4 641.2 641 640.4 640.1 638.7 640.8 641 639.9 638.9 636.9 631.8 631.6 635 639.9 641.9 642.6 641.7
571.5 581.3 585 588.5 593.9 600.5 604.1 608.5 608.9 608.9 607.7 607.5 608.3 607.4 605.9 604.5 609.4 614.2 620.8 630.8 638.3 651.6 663.9 671.9 672.5 670.7 667.9 660.3 659.7 662.7 667.3 670.3 668.8 668.6 669.4 665 662.1 655.2 650.2 646.2 640.6 638.8 633.8 629.8 625.3 620.3 613 610.5 610.7 602.5 601.6 602.8 600.2 603.5 608.1 612.3 614.1 616.9 618.9 622.3 624.5 627.8 628.1 627.9 627.6 627 627.7 627.8 628.3 627.5 627.5 626.6 621.1 620.1 614.9 627.4 628.3 628.6 628.8
566.4 571.8 576.1 580.5 585.1 592 597.7 601.5 603.4 602.8 602.5 602 603 603.4 599.9 601.4 606 609.5 616.2 625.4 635.7 646.5 660 667.2 666.3 661.5 657.7 650.5 646.5 651.1 647.3 648.2 646 645.9 644.5 645.5 642.9 639.1 632.8 629.6 625.5 623.4 620.4 617.7 612.6 606.9 602.8 599.3 597.8 593.5 587.7 591.5 590.2 593.9 596.7 599.9 602.6 604.8 606.8 608.7 610.4 612.2 613.1 614.2 615.3 616.2 616.7 617.2 617.4 617.6 617.2 617.1 611.6 607.2 612.7 620.1 621.2 623.6 624.1
560.1 563.2 565.8 572.6 578.8 585.1 593.5 596.7 595.2 595.1 596 596.4 597 597.2 595.8 597.5 602.3 605.5 611.9 620.8 628.3 639.2 649.9 658.7 652.9 647.9 645.8 639.4 636 637.8 636.1 633.4 628.4 628.1 628.5 628.5 626.7 622.3 618.3 615.8 613.1 608.8 604.4 600.1 598.6 596 592.7 589.3 586.7 583.5 579.8 576.9 581.2 585.2 587.3 589.3 591.6 592.8 594.8 596.3 597.8 599.8 601.4 601.5 602.9 603.8 605 605.7 606.2 607 607.7 608.1 601.9 594.3 609.5 611.5 613.2 615.4 615.9
545.7 549.1 555.9 567.2 573.5 578.3 585.1 587.3 586.7 588.1 588.8 589 590.3 591.5 588.6 593.6 598.5 602 606.7 612.1 618.8 630.1 636.9 639 637.8 637.1 634 628.5 626.3 626.3 626.8 622.5 616.1 612.8 610.2 612.7 610 606.1 604.8 601.4 599.8 596.1 592.5 591.3 588.2 584.2 580.9 577.8 575 573 570.6 570.1 570.9 573.6 576.3 578.4 580.2 581.3 583.2 584.3 586 587.1 588.7 590.5 591.2 592.1 592.5 593.1 593.4 594.1 595.9 597.4 597.1 581.4 599.7 601.8 602.4 602.8 603
533.6 539.5 545 550.8 562.4 571.2 575.3 575.8 576.3 577.4 577.8 579.8 582.2 583.3 578.5 590.1 594.9 598.3 602.1 604.3 609.4 615.1 620.9 624.2 622.8 623.3 621 617.1 614.7 614 612.8 608.9 602.6 599.5 598.2 595.3 593.3 590.6 590.2 588.8 585.6 584.3 582.3 583.5 579.2 573.8 570.6 568.5 565 563.9 562.3 561.4 562.9 564.5 565.5 566.3 567.4 567.7 569.1 571.1 573.6 576.2 577.9 579.8 580.9 582.1 583 584.1 584.4 584.3 585.6 586.8 586.4 577.5 590.6 592.1 591.5 589.7 589.2
523.9 530 533.7 541.1 551.7 558.2 563.8 565.8 566.5 567.7 569.4 572.3 573.8 570.6 581.2 585.7 589.1 594.1 597 598.6 601.1 604.6 607.9 610.2 611.9 610.6 606.9 606.2 602.9 603.7 602.1 596 591.4 589.8 586.2 581.8 578.7 575.5 576.4 576.1 573.6 572.3 572.7 572.3 567.8 565 562.1 559.7 557.5 555.9 554.1 553.6 556 556.5 557.4 559.2 560.7 561.9 562.7 564.1 565.6 567.1 568.2 568.9 570.3 571.2 571.8 572.3 574.7 575.5 576.4 576.6 566.5 571.4 580.8 580.8 579.7 579.6 579.4
515.8 519.6 523.6 528 539.8 546.7 550.4 553.2 555.4 557.3 559.9 563.7 563.7 570.6 576.6 580 584.8 583.8 589.1 590.8 592 594.1 595.8 597.3 599.6 598.2 595 592.4 591.9 592 589.3 584.9 581.2 577.7 573.6 570.7 569.1 567.5 564.2 563.8 563.1 561.4 561.1 561.7 559.6 556.5 554.5 551.4 549 545.8 545.3 545.3 548 548.9 549.9 550.9 551.9 553.1 554 555.4 556.1 557.4 557.9 559.8 560.7 561.7 563.2 563.7 565.2 565.3 566.5 566.3 556.9 561.8 568.5 569.1 569.9 569.6 570
506.8 511.1 516.9 518.9 526.6 534.2 538.4 542 546 548.2 550.4 553 560.2 568.2 572.8 576.2 578.1 579.1 579.1 583.1 582.4 583 584.5 587 589.1 584.9 583.6 582.5 581.9 582.1 580.1 577.1 572.6 568.4 565.7 562.7 559.9 558.4 555.2 554.1 552.1 552 552.1 552 552.7 547.6 544.4 542.3 540.3 538 537.1 534.6 536.8 538 538 539.7 540.3 542.3 543.3 545.2 545.9 547.5 549.1 550.3 552.1 552.9 553.6 554.1 555.5 555.1 555.5 554.7 553.3 555.1 557.7 558.5 559.9 561 561.3
501.5 504.9 509.7 513 517.4 524.4 529.6 536.7 539.2 541.1 542.5 550.2 557.3 564 569.6 571.5 570.5 572.6 572.9 573 572.5 573.7 575.4 578.3 579.7 574.6 572.7 571.1 573.2 574.2 571.4 567.4 564.2 560.7 556.3 553.6 551.6 550.4 548.2 544.6 543.2 543.5 541.9 540.9 538.7 536 534.6 532.5 532.1 529.7 529 526.3 528 528.4 528.4 528 527.7 529.8 532.2 535.5 537 537.7 539.3 540.8 541.7 542.9 544.7 545.4 545.9 547.2 547 545 544.8 546.4 550.4 551.6 551.2 550.8 551.4
496.3 501.7 508.7 511 513.5 517.9 525 531.5 531.4 531.6 541.5 550.6 557.1 567.5 574.8 575 569.6 563.6 565.5 565.3 564.1 562.7 563.1 564.1 563.1 561 562.4 561.7 561.7 562.3 560.9 558.7 555.4 551.7 547.7 544.9 543.9 542.1 539 536.8 534 534.4 533.1 530 529 526.6 524.5 522.8 522.9 522.2 520.2 519.8 521.1 521.3 520.7 520.3 519.6 520 523.8 526.4 528.3 529 531.6 532.9 534.7 535.5 536.5 537.3 538.3 539.7 538.6 537.8 538.3 539.9 543 543.4 544.3 543.7 543.1
491.1 496.7 502.7 506.7 511.6 512.7 517.5 522.7 527.9 534.6 541.5 553.1 559.7 578.3 583.3 579.1 572.5 566.8 555.3 555.1 559.3 557.8 557.7 556 555.1 554.6 554.8 554.8 553 552.2 551.7 548.7 547 543.8 540.6 537.3 534.5 533.1 532.1 529.8 527 525.7 524.6 523.5 521.4 519.8 517.8 517 515.9 515.1 513.1 513.5 512.9 512 512.3 512.1 512.6 514.5 515 519.1 520 522.8 524.6 526.2 526.9 528.8 530.7 532.1 533.4 534.3 533.3 532.3 532.2 533 535.4 537.3 537.8 538.8 539
489.2 492.2 497 502.4 507.6 510 509.9 519.8 526.7 534 544.2 553.6 565.3 586.6 591.7 587.1 577.7 571.7 565.5 553.9 549.2 551.4 550.1 548.7 549.3 547.3 548.7 551.7 550.3 546.9 544.9 543.2 539.7 537.2 534.5 530.8 530.3 529.3 527.5 525.4 524.8 522.5 520.7 519.4 516.8 514.4 512.6 510.5 509.9 508.5 507.8 507.5 507 506.8 505.3 505.6 506.1 507 510 512.3 515 516.5 518.4 520 522 524.1 526 526.3 527.9 528.8 527.7 527.8 528.1 528.4 530.4 531.7 533 533.8 533.5
486.9 491 494.2 499.4 502.1 502.7 506.8 518.7 526.8 532.9 544.2 553.8 567.4 591.3 598.8 594.8 584.9 577.4 570.4 562 552.4 544.8 541.9 541.8 539.6 538.8 539.5 545.4 547.3 546.1 543.4 541.4 536.8 534.1 531.3 529.1 526.5 523.3 523.1 520.6 519.5 520.3 519.2 515.8 512.6 511.8 510.7 508.3 506.9 507.7 505.4 503.2 505.2 505.4 504.4 503.2 500.2 502.8 506.1 507.2 508.4 509.8 511.1 514.4 517.2 518.5 519.7 521.9 523 523.7 523.1 524.2 524.1 523.3 525.4 526.3 527.1 529.4 529.7
482.8 489.5 491.7 493.5 496.6 500.7 508 517.6 524.7 530.3 539.6 552.2 569.2 587 588.5 585 578.6 573.3 569.3 561.5 553.2 544.8 539.7 533.6 534.7 533.3 533.3 536.8 538.3 537.4 535.7 534.6 531.9 528.7 524.4 523.3 520.4 519.4 517.6 514.9 514.3 513.9 512.6 509.3 507.1 505.6 503.5 502.1 501.5 500.1 500.1 501.4 499.6 501 499.4 500.6 495.7 504.1 505.3 502.7 503.3 505.2 507 510 510.6 513.4 514.6 518.3 519.9 520 519.8 519.7 520.3 519.3 522.5 522.6 523.5 526.3 527.4
478 480.8 484 486.2 488.7 496.2 506.8 512.7 518.2 525.1 536 550 560.4 574 573.8 569 564.7 560.5 554.3 549.5 542.1 537.7 530.3 524.7 525.2 524.7 524.7 528.3 528.4 528.3 526.7 524.6 523.7 521 519 516.5 514.3 514 516.1 511.8 510.2 509 507.5 506.2 503.3 501.7 500 498.2 497.2 496.8 495.6 497.5 494 493.2 494.3 495.2 492.7 496.5 497.8 500.9 499.3 500.8 502.6 503.8 506 509.2 510.7 514.6 516.5 515.6 515.4 516.2 513.6 513.7 518 518.6 519.5 521.7 524.7
474.1 476.5 477.6 483.8 492 494.5 499.5 502.8 509 509.1 529.8 543.2 553.7 552.4 554 550.7 548 546.9 542.7 537 530.8 524.3 519 515.5 517.3 520.3 520.7 523.3 523.4 524.5 521.7 521.5 519.4 517.4 515.5 513.7 510.9 509.3 509.1 507.8 506.5 505.2 504.2 503.6 500.7 498.4 496.6 495.3 493.6 492.8 492.5 492.1 490.2 488.8 490.6 490 489.2 490.2 492 494 493.1 494.6 496.7 502.4 500.1 504.2 508.4 511.1 511.9 511.1 511.6 510.8 509.3 509.1 513.4 514 514.4 516.6 518.4
466.5 470.3 475.2 478.4 482.4 491.3 492.1 494.8 500.7 504.6 518.4 531 536.6 538.3 536.6 531.5 525.5 524.8 527.4 523.4 518.4 513.8 510.7 508.3 511.7 513.6 516.2 517.7 517.2 517.2 518.7 519.6 518.2 515.7 513.7 512.4 509 505.5 506.9 505 505.2 502.7 499.4 497.4 496.1 494 492.7 492.6 490.8 489.3 488.2 487.4 486.7 484.5 485.5 486.2 485.3 485.5 487.6 489.8 490.7 491.9 493.5 495.5 501.7 500.7 503.6 506.5 508.1 505.3 506 505.1 505.7 506.5 509.5 509.5 510.4 511.1 512
461.7 468.2 469.7 474.5 476.3 482.3 488.3 487 493.4 492.6 501.4 509.7 514.1 515.6 512.2 513.5 511.1 510.6 510.3 509.2 506.9 504.4 503.5 505.7 505.9 506.3 512.7 516.3 515.5 517.9 517.9 518.9 518.7 514.1 510.6 507.8 504.5 503 500.8 500.5 499.5 497.4 496.2 496.8 494.1 491.6 489.8 488 489.7 487.7 486.1 486.4 486.2 483.6 479.3 483.2 481.1 483.1 483.2 484.7 486.6 487 488.3 492.2 494.8 497.6 500.7 502.7 503.6 501.6 501.9 500.3 501.3 502.5 504.6 505 505.4 506.1 506.4
459.6 460.3 465 466.7 468.7 473.1 476.9 483 481.5 486.8 491.3 498.5 497.4 496.7 498.3 500.2 499.7 499.3 499.7 499.4 497.9 497.5 497.4 499.9 501.7 503.6 509.2 511.1 514.4 516.8 517.5 517.5 515 509.7 507.9 505.3 502 498.9 497.1 495.5 494.1 492.4 491.8 491 489 487.1 486.1 484.8 483.9 483.8 482.7 483.4 482 479.2 475.6 481.3 480.6 478.8 480.7 481.6 483.3 484.1 484.2 487.2 488.7 494.5 496.7 497.8 497.9 495 496.4 495.4 496.6 497.2 499.1 500.2 501.1 501.8 502.8
456.1 457.1 459.6 462 462.1 465.3 467.9 470.2 475.4 477.1 479.8 482.1 482.2 484 485.3 487.8 488.4 490.1 490.6 491.1 491.2 491.5 491.8 494.5 497.1 500.8 504 508.3 511.2 513.3 515.3 514.3 511.3 505.5 503.5 499.8 499.3 496.6 493.8 489.5 487.1 487.4 487.4 486 483.9 483.3 480.4 479.5 478.3 480.4 479.2 479.8 478.4 478 473.6 476.2 475.4 476.9 478.3 478.2 479.2 480.8 482 483.6 486.5 491.4 491 492.2 491.8 490.2 490.7 491.2 490.3 492 493.6 494.6 496.6 497.8 498.4
453.5 456.5 458 458.3 460.1 459.8 460.2 463.4 465.4 468.2 469.6 473.5 474.7 474.3 474.1 473.6 477.9 480.1 482.8 483.1 485.4 484.3 484.2 485.7 490.1 494.9 498.2 500.2 504 503.4 503.4 503.7 500.3 497.5 496.1 492.4 490.7 489.7 488.8 486.5 481.7 482.5 483 482.9 481.7 481.2 478 474.6 475.5 475.2 477 474.5 474.7 477.1 470.8 472.3 471.2 472.6 474.5 476.9 480 481.5 482.8 483.5 484.4 485.7 486.7 486.4 485.9 485.4 487.2 486.9 486 488.1 490.5 489.6 491.7 493 493.3
452.5 454.6 455.3 456.4 457.1 457.7 458.7 460.7 462.3 462.2 463.5 465.8 468.7 469.6 469.9 471.5 471.5 472.7 474.9 475.7 476.7 478.3 475.6 479.3 484.5 488.4 490.1 493 495.2 494.3 494.8 493.4 492.5 492.1 489.7 487.1 484.2 482.9 482 480.3 478.2 476.8 476.6 476.6 477.3 477.6 474.9 472.4 470.4 471.5 470.8 470.9 471.3 472.9 471.6 468.1 467.4 470.7 473.5 477.1 482.2 484.6 484.8 484.3 484.1 484 484.4 482.7 481.7 481.1 484.5 484.5 481.3 482.3 483.6 485.3 485.9 486.5 489.6
451.1 453.1 454.1 454.2 454.1 454.4 456 457.3 459 459.9 460.2 457 463.5 465.7 465.6 464.5 467.5 466.2 465.5 469.3 470.5 470.5 468.3 472.9 479.3 481.1 483.9 486.2 487 486.3 486.3 487.7 487.4 484.8 482.1 480.7 478.4 476.7 475.8 474.4 473 471.9 473.4 473.2 473.6 475.5 473.4 471.3 470.2 468 468.1 468.2 467.8 467.8 468.4 468.2 465.2 469.2 472.2 477.1 480.9 482 483.5 483.4 483.1 482 482.2 481.2 478.9 480.5 481.4 480.8 478.9 478 481.4 477.9 479.8 481.6 483.4
448.8 451.6 452.9 451.8 451.8 451.7 451.7 453.1 452.5 453.9 454.4 454.2 459.3 461.9 461.8 460.7 462.1 463.1 463.7 463.7 462.8 462 465.7 468.4 472 475.4 479.5 481.2 483.1 482.5 481.4 481.1 480.7 478.5 477.5 475 474.1 473 472.4 469.7 468.1 468.1 467.4 467.4 468.9 470.3 469.7 469.2 467.8 466.2 464 464.4 465 464.4 465.1 464.3 466.3 469.6 470.9 475.2 479.6 478.5 479.2 479.9 479.1 479.6 478.3 478.3 476.3 476 477.4 476.7 476.7 474.8 475.5 473.3 476 477.3 476.6
446.8 449.4 449.8 450.5 450.3 449.7 449.6 450.2 450.2 450.4 449.9 452.2 456 458.3 458.9 458.6 456.7 458.7 458.9 458.9 456.1 452 460.9 463.5 466.2 469.3 473.8 476.2 477.5 477.2 477.2 477.1 476.3 474.6 472.9 471.4 470.1 470 466.9 464.7 464 463.8 462.8 462.7 462.6 462.7 463.5 464.9 466.2 466 464.1 462 463.4 462.4 462.6 462.1 466.5 468.5 470.5 472 472.6 473.2 473.6 474.8 475.5 475.8 474.2 472.2 472.3 472.1 473.1 472.8 473 471.1 470.6 470.4 472 474.4 472.5
445.5 446.6 447.6 447.5 446.7 445.1 445.8 446.2 445.9 445.8 445.3 446 450 452.8 455.9 455 455.8 453.2 454.6 454.8 454 449.7 457.7 459.6 461.7 463.8 466.4 467.8 470.7 471.3 471.5 470.4 470.6 469.3 467 466.9 465.5 464.3 462.9 461.5 461.1 461 460.8 460 460.1 460.3 461.4 462.2 463.7 463.6 463.3 460.6 460.9 461 461.4 465.6 466.2 468 469.1 468.4 468.8 469.2 469.1 469 469.6 471 470.4 468.9 468.4 467.5 468.1 468.4 467.4 465.8 464 463.6 465.3 467.1 467.1
443.8 444.6 445.3 444.6 442.9 442.1 441.6 441.4 441.6 441.9 441.7 443.9 445.7 446.6 447.4 448 450.1 449.4 450.5 450.4 450.9 445.3 453.6 456.4 457.7 458.6 459.8 462.2 464.4 464.9 464.6 466.4 463.7 462.4 462 461.3 460.6 460.1 460.4 460.1 459.2 458.8 458.6 458.9 459 458.9 459.1 459 457.8 457.1 457.9 458.6 458.7 459.1 462.3 465 466.1 468.2 468.3 467 466.1 465.5 466.7 465.7 465 465.3 467.5 465.4 465.8 464 463.6 462.4 461.2 458.7 457.1 459.9 459.8 461.1 460.4
442.7 442.7 443.1 443.3 441.6 441.2 441.2 441.5 442.8 441.9 440.6 440.3 440.3 442.3 442.3 443.2 444.3 444.8 445.3 445.2 445.4 443.6 448.4 451.2 452.4 453.2 455.2 456.2 459.1 458.7 458.8 458.4 458.8 459.2 459 457.9 457.2 456.1 456.9 457 457 457.2 457.1 457.6 458.1 457.3 456.4 456.5 456.1 455.4 456.4 457.9 458.5 459.7 462.2 466.8 465.4 466.6 467.7 465.6 464.5 462.9 462.9 461.9 461.4 460.9 463.7 462.3 460.7 459.1 459.3 458.3 457.7 456 454.3 453.2 454.9 454.7 455.3
441.7 443.1 443 442.3 442 441.7 442.4 443.8 444.5 443.2 441.5 440.6 440.6 439.6 440.3 439.6 439.4 441 440.4 441 442.2 442.3 444.2 445.8 446.9 447.6 451.2 452 453.2 454.3 453.8 454.1 454.1 455.2 455.1 455 454.6 454 454.5 454.7 454.5 454.2 455 455.4 456 455.9 455.6 455.3 454.6 453.1 456 457.7 453.1 458.5 461.4 465.1 465.8 464.8 465.8 464.1 461.7 461.1 460.6 459.2 458.5 457.9 458.1 458.7 456.5 454.5 456.1 453.7 452.8 451.6 450.5 450.6 448.7 448.7 450.4
441.7 442.6 443 442.7 442.8 445 451.3 454.7 453.9 452.8 449.5 446.6 443.8 442.1 441 440.6 439.6 438.3 438.9 438 438.5 438.1 439.7 441.6 442.7 443.1 444 446.1 447.1 448.4 448.1 448.6 451.2 451.6 451.4 452.6 451.7 451.7 451.6 452.4 452.8 451.9 452.9 453.4 453.6 453.8 454.7 454.1 452 454.1 455.3 455.7 451.9 456.1 461.4 462.6 463.8 462.6 459.8 457.3 456.7 456.8 456.1 457.2 457 456.2 455.8 455.3 453.5 450.9 450.6 449.6 448.1 447.6 447.6 446.1 443.8 443.4 445.6
441.1 442.1 447.7 446.1 447.8 457.2 464.3 466.3 464.2 459.6 453.8 451.2 450.8 446.4 443.8 442.1 439.4 437.6 438.4 437.2 437.3 437 437.3 437.5 438.3 438.8 440.1 442.1 443 442.8 443.1 446.4 447.2 447.2 448.1 449.3 449.7 449.2 448.9 448.8 449.6 449.4 450.3 451.6 452 451.8 450.8 451.3 449.8 452.2 451.1 452.5 449.8 453.4 458.1 456.1 456 455.7 454.6 455 455.4 455.1 455 455.5 455.8 454.8 453.4 453 450.6 448 447.1 445.5 444.8 443.5 443.3 442.7 442.8 443.1 439.8
441.9 445.8 451.7 453.3 459.9 470.6 474.9 473.7 472.3 465.5 459.7 457.2 455.4 451.5 447.9 445.2 442.1 437.9 437.9 436.5 435.6 435.3 435.8 436.1 436.3 436.5 437.2 438.6 438.6 438.7 439.7 441.4 442.1 442.7 442.8 443.2 445.4 446.7 446.4 445.9 446.4 447 447.3 448.3 448.7 446.9 447.7 448.6 447.3 447 446.7 448.7 447.2 451.8 452.5 452.4 451.9 451.2 451.3 452.9 453.6 453.4 453.8 454.3 454.8 453.9 452.2 451.7 447.4 444.7 443.6 443.2 441.7 440.3 440.3 439.7 439.2 440.1 437.2
