app/static/ascii/NN57.asc
ncols 200
nrows 200
xllcorner 250000
yllcorner 770000
cellsize 50
[rows 70 to 104 of 200, columns 79 to 157 of 200]
520.7 516.5 513.8 509.4 500.2 484.2 469.1 458.1 451.6 446.5 442.6 439.8 436.6 434.5 433.5 432.2 430.8 429.4 428.1 426.7 425.3 423.7 421.9 420.7 419.7 418.7 415.7 419.9 421.4 421.4 421.6 422.1 422.5 421.9 420 419.2 417.2 412 408.1 402.1 391 384.6 373.1 356 356 356 356 356 356 356 356 356 356 356 356 356 356 356 356 371.1 383.5 396.4 406.9 417.7 433.5 445.3 455.5 465.8 474.6 483.5 492.2 501 510.1 519.5 532.6 546.3 557.9 562.5 567.2
521.8 518.4 516.6 512.2 501.9 488.3 472.6 462 455.3 449.2 443.9 440.4 437.2 435.3 434.1 432.7 430.8 428.5 427.2 425.8 424.4 422.6 420.4 418.1 417.4 416 415.6 417.1 419.5 419.5 419.6 419.5 418 414.8 414.5 413.4 411.9 408.1 400.9 397.7 389.2 378.2 357.2 356 356 356 356 356 356 356 356 356 356 356 356 356 356 356 356 373.9 388.5 399.5 408.8 423.9 438.5 449.6 459.6 470.6 479.5 488.5 497.7 509.3 516.8 525.4 537.5 555.9 566.1 568.7 575.2
521.6 519.2 517.2 512.8 502.6 489.5 476.6 465.6 457.6 451.1 445.3 441.2 437.3 435.8 434.6 432.4 430.1 427.8 426.3 424.9 423.6 421.5 419.2 417 412 414.5 414 415.3 416.6 417.5 417 416.7 415.6 415.1 407.4 408.5 405.6 397.4 397.6 384.1 379.5 370.5 356 356 356 356 356 356 356 356 356 356 356 356 356 356 356 356 356 374.5 390.6 401.7 413.6 430.3 441.2 455.1 465.1 475.2 484.8 496.2 508.2 519.4 527 535.5 547.7 561.2 572.2 577.4 581.3
522.3 520.1 517.9 511.7 503.3 491.4 480.9 468.6 458 451.3 445.3 440.3 436.6 435.4 433.7 431.7 429.4 427.2 425.3 424 422.5 420.3 418.3 416.2 413.8 412 412.9 414.7 414.4 414.6 415.6 414.9 411.6 409.3 404.3 400.1 398.5 399.6 392 378.4 367.1 356 356 356 356 356 356 356 356 356 356 356 356 356 356 356 356 356 361 376.1 390.5 404.6 422.3 436.4 448.1 457.8 469.8 479.9 490.1 505.2 519.4 533.8 540.9 550.3 559.5 568.3 576.6 583.8 588.2
524.4 523.2 518.9 512.6 502 493.3 482.1 471.3 460.6 452 445.6 439.7 436.1 434.3 432.5 430.5 428.4 426.3 424.3 422.9 421.3 419.4 417.4 415.4 413 409.7 411.8 411.8 411.9 411.6 411.1 410.6 410.7 408.2 406 400.6 398.7 392.7 384.3 372.6 362.3 356 356 356 356 356 356 356 356 356 356 356 356 356 356 356 356 356 365.5 381.7 395.6 412.7 427.4 440.7 451.9 464.6 477 486.6 497.3 514.6 532.4 545.4 555.7 562.5 569.7 575.6 582.1 590.6 593.6
524.7 522.4 518.4 511.6 503.9 494.8 483.9 474.3 462.4 453.5 445.5 439.5 435.4 433.1 431.3 429.2 427.1 425.3 423.3 421.5 420 418 416 414.2 411.5 405.2 409.8 410.1 410.1 409.8 409.4 408 407.9 405 401 396.2 390.3 385 379.6 366.5 356 356 356 356 356 356 356 356 356 356 356 356 356 356 356 356 356 356 371.8 385.5 404.7 417.2 431.5 443 455.3 469.8 484 493.5 505.6 523.7 543 558.2 564.6 573.9 578.3 582.1 586.9 593.2 595.7
519.9 519.4 515.6 510.1 504.8 496 486.2 476.7 461.8 453.6 446.2 439.6 435.2 432.1 430 428 426.4 424.6 422.4 420.3 418.6 416.6 415 413.3 410.6 403.6 406.7 408.4 408.3 407.3 406.4 405 403.5 400.7 397.3 393.2 387.6 378.4 368 362 356 356 356 356 356 356 356 356 356 356 356 356 356 356 356 356 356 363.1 377.8 392 408.7 420.9 435.9 449.8 461.4 474.8 489.9 500.4 514.3 529.8 548.8 565.5 573.1 579.2 584.7 586 591.5 596.7 598.5
517.2 516.2 511.8 508 503.8 495.7 488.3 474.6 461.8 454.6 447.3 440.7 435.6 432.1 429.1 427.4 425.7 423.7 421.5 419.4 417.4 415.7 414 412.4 409.5 404.7 403.9 404.8 399.7 395.9 397.4 399.9 400.1 398.4 393.6 386.7 380.3 373.1 365.1 361.3 356 356 356 356 356 356 356 356 356 356 356 356 356 356 356 356 356 369.3 380.9 393.7 412.9 425.7 440.3 455.4 468.3 481.5 495.5 507.9 520.9 534.7 552.7 568.5 575.1 582.3 587.5 588.4 593.4 598.4 601.3
514.2 513.2 510.3 506.8 502.7 496.2 486.2 472.7 462.4 454.7 447.9 441.4 436.4 432.1 429.1 426.9 424.8 422.4 420 417.9 416.8 415.2 413.5 411.9 408.8 404.1 398.2 396.5 396.6 399.7 393.6 386.3 387.5 390.9 386.8 378.7 371.2 366.7 361.9 356 356 356 356 356 356 356 356 356 356 356 356 356 356 356 356 356 356 372.8 383.9 402.5 413.4 424.4 441.6 459.6 471.8 485.6 501 516.2 527.8 539.5 553.8 566.9 572.9 582 587.9 590.5 595.9 600.8 605.6
511.9 513.5 511.1 507.2 502.3 496.2 483.9 472.5 463 455.8 449.2 442.3 437.1 432.7 428.7 426.2 423.5 420.6 418.3 416.9 416.1 414.5 412.9 410.8 406 399.8 400.5 404.5 404.9 404.1 401.4 392.8 380.4 379 376.4 370.4 367.2 361.5 359.2 356.8 356 356 356 356 356 356 356 356 356 356 356 356 356 356 356 356 356.3 375.6 392.6 407.6 422.4 433.3 447.5 459.7 474.1 490.6 505.6 518.1 530.7 542.4 553.3 566.3 573.5 582.1 589.5 593.7 599.3 604.5 610.2
509.8 514.7 512.1 506.7 502.9 492.4 483.5 472.7 464.1 456.5 450.3 443.2 437.7 433.2 429.8 425.5 422.5 419.7 417.4 415.8 415.4 413.9 412.2 409.7 402.1 406.6 407 406.9 405.9 404.8 401.6 397.8 392.3 383 380.9 375.9 374.2 365.5 361.9 361.2 356 356 356 356 356 356 356 356 356 356 356 356 356 356 356 356 360.3 370.3 393.5 412.8 430.5 442.6 456 467.9 478.9 491.7 508.6 521.4 532.6 543.7 554.1 563.9 575.1 582.9 591.6 596.9 603.6 608.8 614.8
506.4 509.7 509.4 504.4 501.6 490.7 481.8 473 464.9 457 450.9 444.1 438.1 433.5 430.1 425.4 421.9 419.4 416.7 414.8 414.2 412.9 411.2 409 407.9 409.6 409.3 408.2 406.6 405.5 401.4 397.3 393.4 389.8 384.8 380.9 375.6 368.1 363.6 361.9 357.8 356 356 356 356 356 356 356 356 356 356 356 356 356 356 356 369.7 384.2 398 415.5 430 450.3 464 475.3 488.3 501.3 511.9 521.9 534.8 546.6 556 566.6 576 585 593.5 599.5 606.9 614.3 619.7
504 507.6 506.3 502 497.3 489.6 481.5 472.1 464.2 458.4 451.7 445.1 439.3 434.6 429.8 425.2 421 418 416 414.2 412.9 411.6 410.3 407.4 410.6 412.5 412.5 412.2 408.4 406.4 403.6 399.9 394.7 391.8 388.1 381.7 372.4 367.2 364.8 362.2 360.1 356 356 356 356 356 356 356 356 356 356 356 356 356 356 356 379 391.6 406 424.7 441.4 452.1 466.7 483.4 495.1 504.6 516.6 527.3 540.1 548.6 558.9 568 577.7 587.2 596.3 603.3 611.5 619.6 624.8
502.8 504.2 502.5 499.8 495.1 487.8 480.6 471.8 464 458.9 452.7 444.4 437.4 433.5 429.5 425.7 420.3 417.1 415.2 413.7 412.8 411.9 409.3 409.3 411.5 413.2 413.3 413.1 410.1 408.2 407.2 405.1 398.2 395.5 394.1 387.5 376.5 369.3 369.3 363.6 356 356 356 356 356 356 356 356 356 356 356 356 356 356 356 361.2 381.7 398.8 415.7 434.7 449.2 463.3 474.3 482.8 493.7 505.1 516.6 530.8 543.7 552.5 563 571.9 580.8 591.4 600 607.3 616.9 625.1 630.6
501.4 502.2 499.9 496.5 493.6 487.1 479.8 472 464.5 459.5 452.9 443.3 437.2 432.6 429.2 421.8 419 415.9 414.1 412.5 412 410.9 410.5 411.1 412 413.9 414.1 414.8 416.4 415.2 410.2 407.6 402.8 400.7 395.3 388.9 372.9 373.8 371.1 359.4 356 356 356 356 356 356 356 356 356 356 356 356 356 356 356 371.8 389.8 405.7 420.1 437.1 457.1 471.7 485.6 496.5 502.7 508.3 522.8 536.9 548.1 559 568.4 577 587.3 595.7 603.4 612.9 622.5 630.7 638
499 499 497 492.7 489.7 486.1 479.5 471.9 465.4 460.4 454.1 442.2 438.7 431.6 426.2 422.8 419.2 414.2 413.1 412.7 411.5 411 410.4 412.5 414.8 414.2 416.1 420.5 419.8 416.5 413.2 409.5 407.5 403.9 395.7 382 377.5 373.2 365.9 356 356 356 356 356 356 356 356 356 356 356 356 356 356 356 356 378.7 396.1 412.3 431.8 448.3 463.7 478.2 491.9 504.2 513.3 517.9 525.4 537.9 551.8 564 573.2 585.4 592.4 599.6 606.8 618.3 628.5 637 644.9
495.1 495.1 493.2 489.5 487 484.8 479 472.5 465 460 452.9 441.4 438.4 431.7 427.8 421.3 416.6 413.6 412.6 412 411.6 411.1 411 414.9 415.2 415.1 416.8 418.6 419.5 418.4 417.5 414 411 403.5 393 380.6 375.9 369.7 361.8 356 356 356 356 356 356 356 356 356 356 356 356 356 356 356 362.3 384.5 401.1 409.5 433.1 454.6 473.6 489.3 501.3 514.9 524.1 532.1 533.6 539.4 553.7 568.3 580.5 591.1 598.8 604.4 612.8 623.8 636 643.8 653.3
491.3 490.4 488.4 486.5 484.5 480.5 476.5 470.4 464.8 459.3 450.5 440.8 437 430.2 426 420.4 414.9 413.5 413.1 412.1 411.3 409.8 411.6 413.6 415 418.3 420.8 421.1 420.6 420.1 419 415.2 409.1 401.2 389.4 379.9 376.3 369.2 356 356 356 356 356 356 356 356 356 356 356 356 356 356 356 356 371.2 390.7 402.3 422.7 436.1 462.2 481 497.5 510.3 525 535.3 543.9 546 548.9 559.7 572.2 583.1 594.3 603.8 611.3 620 630.4 642.6 651.3 659.7
488 486.8 485.5 484 481.4 477.6 473.3 468.1 462.6 456.6 449.6 440.5 435.7 429.4 424.2 419 415.3 413.6 413 411.9 410.5 411.8 412.1 414 416.8 419.7 421.6 423.3 422.3 420.1 419.4 414 407.4 399.1 387.7 379.5 371.6 361.8 356 356 356 356 356 356 356 356 356 356 356 356 356 356 356 356 376.3 398.5 416.7 430.5 446.8 469.5 488.2 505.2 521.3 538.7 547.9 554.7 555.8 559.5 566.3 578.1 588.6 598.9 608.6 619.4 627.2 637.8 648.3 657.5 664.4
485.6 484.3 483.4 482.5 478.7 474.7 470.3 465 457.9 451.9 445.2 439.8 435.1 429.1 423.7 419.2 415.5 414.4 413.7 413.4 413 412.3 413 415.9 418.9 422.2 423.5 423.8 422.8 420.4 417.9 411.9 404.5 395.4 384.7 378.3 370.6 359.7 356 356 356 356 356 356 356 356 356 356 356 356 356 356 356 358.1 384.1 404.7 423.3 440.6 457 479.3 498.9 516.4 533 548.5 559.6 563.6 566.2 571.7 578.9 585.1 595.1 604.3 616 625.4 633.6 646.8 655.8 663.4 669
482.7 482.3 481.8 480.1 476.6 473.2 469.1 464.2 457.5 451.5 445.2 439.8 435.5 429.7 423.5 418.9 417.4 418.1 417.9 415.4 414.5 413.5 413.5 420.2 423.1 423.9 424.5 423.7 422.5 419.9 415.2 408.8 400.4 391.2 383.1 377.1 370.3 356 356 356 356 356 356 356 356 356 356 356 356 356 356 356 356 371.7 393 412 431.6 448.2 466.1 489.2 509.8 531.4 545.8 561.2 570 573.5 577 582.3 589 596.8 600.9 613.2 624.4 633.1 645.3 655.6 662.8 668.8 677.4
477.1 478.6 478.9 477.9 474.6 471 466.8 461.7 455.7 448.3 443.2 437.4 434.7 430.4 423.7 418.2 420.2 420 418.6 417.5 416.3 414.9 419.5 423.2 424.2 425.4 424.7 423.8 422.1 418.6 413 406.2 397.4 388.7 381.5 375.5 368.4 358.1 356 356 356 356 356 356 356 356 356 356 356 356 356 356 356 381.4 403.1 420.9 439.4 457.5 478.2 501.8 523.3 543.1 560.8 571.4 578.3 582.4 588.4 593.2 598.9 605.3 612.8 622.2 635.1 643.8 655.2 661.4 668.9 675.3 685.7
471.6 473.9 474.9 474.5 471.9 468.5 464.5 459.2 452.2 445.2 441.9 440.4 432.4 429.5 423.4 420.4 422.2 423.3 422.6 420.3 419.5 419.3 424.8 425.5 426 426.5 426.1 425.2 422.5 418.2 411.9 403.9 395 386.2 378.3 375.1 368.6 356 356 356 356 356 356 356 356 356 356 356 356 356 356 356 367.6 389.2 409.4 428.7 449.2 469.1 490 511.7 534.5 554.2 570.8 582 587 591.1 598.6 604.6 610.1 616.5 626.1 637.2 643.6 657.2 664.7 669.5 676.2 686.5 696
467.5 469.6 471 470.9 468.6 465.9 462 456.7 449.4 442.1 440 435.2 430.8 428.3 424.5 422.2 424.4 424.9 425 422.1 422.1 422.8 426 428.4 427.6 429.6 427.4 425.5 422.8 417.7 409.7 401.5 392.7 383.3 378.4 375.4 368.3 356 356 356 356 356 356 356 356 356 356 356 356 356 356 356 376.9 398.2 417.5 439.8 459.9 477.2 498.7 522.6 546.7 564.2 581.2 590.8 595.5 599.9 607.1 614.1 621.6 630.6 641.7 652.6 657.6 663.2 673.3 679.3 687.3 695.9 708.9
463.6 464.3 466.2 467.7 466.9 462.9 459.4 453.6 446.9 440 434.8 430.6 429 427.3 425 425.8 425.6 425.5 424.7 423.4 424.2 424.5 425.8 429.1 429.2 427 425.5 424.1 420.7 415.6 406.2 398.1 388.9 380.8 376.6 371.4 356 356 356 356 356 356 356 356 356 356 356 356 356 356 356 356 382.6 403.9 423.3 445.8 466.3 485.6 507.7 533.3 553.1 569.3 587.2 596.9 602.4 609.5 616.2 624.8 633.7 644.8 656.4 665.9 670.4 673.3 680.9 688 696.1 706.8 721.8
459.1 459.5 460.8 462.2 463.2 461.5 456.7 450.4 444.1 437.9 434.6 431.5 428.8 428 428.2 427.6 426.9 425.9 424.7 425.4 425.8 426 427.1 429 429 426.8 424 421 417.2 409.4 400.6 393.2 384 377.7 372.3 357.4 356 356 356 356 356 356 356 356 356 356 356 356 356 356 356 365.9 390.1 411.8 433 451.5 472.3 494.3 515 537.5 557.6 577 592.5 602.4 615.2 622.3 629.2 638.5 649.8 660 670.2 676.8 682.4 685.8 690 699 706.2 721.2 734.8
455.6 456.6 457.8 458.2 457.8 457.6 453.7 447.5 440.8 437.7 434.5 431.6 430.1 428.8 428.8 428.4 427.8 426.6 426 426 426 427.2 428.3 429.3 428.5 426.7 423.8 417.7 412.4 404.5 395.5 387.3 378.8 375.3 357 356 356 356 356 356 356 356 356 356 356 356 356 356 356 356 356 371.1 397.3 418.7 438 456.5 477.8 501.9 522.5 543.2 562.8 579.5 595.6 609.2 625.8 635.7 643 650.8 660.7 670.5 678.4 685.3 692.6 697.6 702.2 709.1 721.4 734.2 747
452.9 453.9 454.4 456.1 455.8 452.5 449 445.5 439.7 437.3 434.1 431.8 430.9 430 429.4 428.9 428.6 427.5 426.8 426.4 426.6 427.6 428.7 429.2 428.2 425.8 422.5 416.3 408.9 400.9 392.9 380.9 373.4 362.5 356 356 356 356 356 356 356 356 356 356 356 356 356 356 356 356 356 383 405.4 425.5 443.5 463.1 485 508.9 530.1 548.6 565.7 583.2 599.6 616.7 630.6 644.7 652.4 661.9 670.7 679.2 685.9 694 703.4 710 716.1 721.6 734.3 745.7 758.2
451.1 450.7 451.3 452 450.7 450 447.2 443.8 439.6 437.3 433.6 431.7 430.5 429.7 429 429.2 429 428.2 427.5 426.8 426.8 427.6 428.3 428 426.4 423.3 419.6 414.3 406.8 397.3 389.6 380.3 371 356 356 356 356 356 356 356 356 356 356 356 356 356 356 356 356 356 356 388.4 413.2 430.8 451 472.3 494 516.2 536.8 553.8 569.5 586.8 605.1 622.2 636.7 649.3 660.2 671.3 678.5 687 694.4 704 713.1 722.1 730.9 736 745.6 755.4 767.8
449.5 448.6 447.6 447.5 447.2 446.3 444.4 442.6 439.3 435.5 433 430.4 428.3 428.2 427.8 428.8 428.4 427.6 427.1 426.3 426.8 427.3 426.9 425.9 423.3 420.7 416.8 411.9 404.8 395.9 384.4 376.1 361.7 356 356 356 356 356 356 356 356 356 356 356 356 356 356 356 356 356 367.7 394.1 416.5 436.7 456.1 477.5 499.7 524.5 544.5 561.6 574.9 591.3 611.5 626 639.8 653.1 665.5 679 687 695.5 704.3 715.1 724.2 736 745.2 750.5 755.4 766 780.5
446.4 445.7 444.8 444.5 444.1 443.6 442.4 439.6 435.9 434.2 431.2 426.9 426.5 426.4 426.8 426.8 427.1 427.4 426.6 425.9 426.5 426.9 426.4 424.2 421.2 418.1 410.9 404.6 395.7 385 375.7 370.2 356 356 356 356 356 356 356 356 356 356 356 356 356 356 356 356 356 356 378.2 403.8 425.5 447.2 466.7 486.1 508.3 530.4 553.1 570.6 581.9 597.1 615.8 630.2 644.4 657.6 673.2 686.5 696.7 705.6 715 726 738.3 749.8 758.9 763.7 767.6 778.2 792.8
443.7 443.2 443.5 443.2 442.9 442.7 441.7 438.2 433.3 432.1 428.2 425.4 424.9 425.7 426.1 425.8 425.7 426.1 425.6 425.6 425.6 426.1 425.5 422 418 413.5 406.7 397.6 389.1 377.1 370.1 364.4 356 356 356 356 356 356 356 356 356 356 356 356 356 356 356 356 356 356 382.9 407.5 430.4 452.5 473.5 494 514.2 536 559.6 578.7 589.6 602.9 621.1 636.3 648.2 662.6 679.8 695 708.8 719.1 731.8 743.4 753.9 764.2 773.5 777.5 782.1 788.2 800.9
442.1 441.8 442.2 442 441.9 441.7 440.7 438.2 434.1 430.9 426.5 424.6 423.9 425.1 425.4 425.1 424.7 424.6 425.2 425.2 425.3 425 422.2 419.1 414.3 408.7 402.9 393.4 387.8 380.4 371.4 356 356 356 356 356 356 356 356 356 356 356 356 356 356 356 356 356 356 356 388.8 411.8 433.5 455.7 476.2 498.2 519.4 543.1 565.2 585.5 597.5 609.3 626 642.3 654.2 668.7 685.6 702.9 723.5 736.2 746.6 758.4 769 778.5 785.7 791.2 795.4 799.7 809.3
440.2 440 439.7 440.2 440.5 440.8 439.9 438 436.4 432.6 428.1 424.2 423.3 424.3 424.7 424.6 424.5 423.3 424.9 424.4 424 422.1 418.7 415.6 409.2 403 394 385.3 381 373.5 362.4 356 356 356 356 356 356 356 356 356 356 356 356 356 356 356 356 356 356 374 396.7 417.2 438.4 462.9 481.6 502 525.1 548.9 567.7 592.3 603.9 613.6 631.3 647.2 661.1 675.8 692.2 713.7 738.2 747.4 761.6 773.6 783.9 793.3 800.3 803.3 808.3 814.2 817.3
438.6 438.6 438.2 439.9 440 440.1 440.3 441.3 437.9 434.2 429.8 425.3 422.7 423.4 424.3 424.4 424.2 422.8 423.7 422.4 421.4 419.8 416.3 411.5 403.6 395.9 386.9 378 370.2 364.1 356 356 356 356 356 356 356 356 356 356 356 356 356 356 356 356 356 356 356 382.9 405.9 425 445.1 467.6 486.6 509.1 532.3 553 573.5 591.9 607.1 617.8 634.5 649.5 664.6 682.2 702.4 724.2 746.9 762.9 777.4 788.9 800.4 806.9 813.4 817.4 821.9 825.7 831
