app/static/ascii/NN58.asc
ncols 200
nrows 200
xllcorner 250000
yllcorner 780000
cellsize 50
[rows 105 to 139 of 200, columns 0 to 77 of 200]
482.7 537.5 572.4 583.5 584.7 587.7 604.9 615.6 627.4 611.6 600.9 589.4 574.1 554.9 540.8 545 548.9 541.1 537.4 539.3 540.4 542.8 541 536.8 535 531.3 534.3 535.8 537.1 537.8 537.5 538.1 541 544.7 545.7 546.2 548.5 550.1 551.5 550.5 548.5 544.8 539.6 537.5 533.1 529.8 526.9 521.7 520.8 519.3 517.1 511.7 504.6 497.2 489.3 481.4 476.7 471.6 464.1 467 469.3 467.5 465.7 465.2 465.3 463.3 454.2 459.3 465.5 465 462.8 464.2 466.3 470.3 474.7 482.4 488 491.7
515.3 554.5 576.9 569.5 575.3 585 608.7 616.6 614.1 588 582 574.2 555.2 544.2 534.7 535.9 536.7 533.2 534.4 537.4 537.9 537.9 537.6 534 536.5 537.1 547.9 551.3 557.7 556.4 549.8 549.3 553 557 555.8 549.8 550.3 553.3 554.2 554.3 550.5 545.3 539.5 536.1 533.6 530.1 529.1 526.8 524.1 521.3 518.3 512.5 503.3 495.4 487.8 482 477 473.7 470.9 474.1 472.9 471.2 469.6 469 469.1 464.7 462.2 461.7 467.3 466.5 466.3 468.6 472.3 477.3 485.3 493.1 498.4 502.2
533.2 552.9 551.9 565.5 578.7 584.9 598.6 601.9 577.3 567.4 559.9 549.2 538.4 532.1 530.4 528.1 528 533.4 536.3 538.8 539.7 548.9 546.5 542 542.6 556.8 563.1 570.3 573.9 569.1 562.3 561.2 560.8 562.2 558.7 555.7 553.7 554.9 556.3 555.6 551.6 545.4 540.2 536.2 533.6 533.2 532.3 530.1 527 524 517.8 511.9 502.5 494.7 487.8 482.4 473.3 481.1 480 478.5 476.1 474.6 472.7 471.1 468.5 469 467.9 463.7 469 468.8 470.1 473.9 479.4 486.5 496.1 502.3 507.7 513.1
514.8 532.9 543.6 560.1 562.8 579.2 579 585 553.5 541.4 535.6 531.8 527 525.7 526.7 524.5 528 541 553.6 548.3 552.6 543.5 544.2 548.2 557.4 564.6 574.2 582.5 581.4 578 575.4 575.4 577.8 570.3 563 560.3 558 558 558.4 557.9 552.3 546.9 541.6 537.3 537.3 537 536.2 533.5 530.1 526.9 519.9 512.3 502 494.4 488.7 482.8 481.5 485.1 485.3 484.6 481.3 478.1 474.7 471.9 471.1 472.9 470.6 469.3 472.4 474.3 475.7 480.6 487.4 495.9 505.5 511.9 518.5 522.2
502.1 517.8 531 538.4 553.5 560.5 562.2 547.9 528.7 524.5 524.5 524.5 524.5 524.5 524.5 526.7 537.2 555.9 560.8 560.4 555.4 555.4 567.8 567.8 581.5 590 597 596.4 592.3 588.2 586.6 585.3 584.4 572.8 566.4 564 562.2 561.8 561.4 559 553.5 548.4 543.6 541.8 541.4 540.7 539.9 536.7 533.2 529.2 521.8 513.6 504.7 497 489.9 481.6 487.7 489.6 489.4 487.9 485.7 480.4 476.8 473.3 474.1 474.6 470.2 473.9 476.2 478.5 481.8 487 494.7 502 512.6 519.3 525.8 528.6
489.6 506.3 519 526.4 532.2 531.6 529.3 524.5 524.5 524.5 524.5 524.5 525 525.3 527.9 536.3 547.7 567.1 568.2 566.1 569.4 575.1 581.1 593 600.9 613.8 622.3 616.4 608.6 601.1 596.9 593.6 586.4 574.6 570.8 569.6 566.6 564.1 561.4 558.8 555.1 549.1 546.2 545.6 544.4 543.3 542.5 540.1 536.5 531.3 523.3 514.9 506.8 498.5 488.4 488.4 495.3 494.7 493.3 491.6 489.1 483.4 479.2 475.7 476 474.1 476 477.2 480.1 482.7 486.5 493.4 499.7 507.2 517.3 525.1 530.4 535.9
490.8 504.9 514.9 521.2 520.6 521.7 525.8 530.6 531.9 532.5 531.7 529.5 528.3 531.4 538.7 543.3 555.7 569.4 574.3 577.3 580 585.5 597.8 612.5 625.3 643.8 643.3 633.6 624.3 618.4 612.1 606.3 593.6 583.3 579.5 576.9 573.4 570.4 567 562.4 556 550.6 550.1 549.6 548.5 547.3 545 542.1 538.5 532.6 524.7 516 506.9 498.2 492.2 499 500.1 499.4 497.8 495.9 492.1 486 481.6 478.9 479 478.5 479.5 480.5 483.5 486.5 490.5 497 504.3 511.5 520 527.2 532.6 538.9
497.6 504.9 513.7 518.3 523 526.1 530.5 534.9 537.8 540.2 541.4 537.6 535.4 544.6 552.2 556.9 563.8 574.4 584.2 589.7 592.2 599.4 616.8 625.5 651.2 662.1 661.1 651.9 641 634.4 628.1 616.1 603.8 595.1 588.2 583 579.5 575.9 570.9 563.6 558.5 554.2 554.3 553.8 551.9 549.6 547.2 543 538.8 533.8 525.3 516.1 507.1 495.9 504.4 506.6 506.1 504.5 502.4 500.5 495 488.5 484.3 482 481.6 481.1 482.5 483.9 486.8 489.9 494.6 501.2 509.1 515.7 522.7 529.7 535.7 539.6
497.2 506.2 514.9 521.5 526.3 530.3 535.6 540.6 546.1 547.5 545.9 543.3 549.2 555.2 560.8 571.3 574 580.8 597.6 598.4 602.3 615.7 627.6 651.3 671.2 678.3 676.3 666.5 655.6 649.4 637.2 624.8 619.6 613.4 602.8 592.1 585.9 581.6 572.9 572.3 565.4 561.2 559.2 556.8 554.4 552 548.9 544.9 540.5 535.3 527.3 518.2 508.1 501.7 513.1 513.8 512.6 510.2 507.6 504.5 497.7 491.1 486.8 484.9 484.3 483.8 485.3 487.4 490.1 494.3 499.7 507.1 513.7 518.8 524.5 531.9 536.2 537.3
503.6 514.3 521.8 526.1 529.2 535.9 541.3 547.7 553 553 554.3 553.7 558.6 562.3 569.2 576.1 581.5 596.1 612.2 614.5 614.9 628.8 645.4 671.6 686.6 690.7 684.1 675.9 667.4 658.7 645.2 638 633.1 626 617.4 603.7 591.7 584.3 580 577.5 569.9 568.4 564.9 562.3 559.4 556.9 552.9 547.5 542.4 536.8 528.7 516.8 509.1 520.1 521.9 523 520.9 517.9 513.4 507.4 500.5 494 489.5 488.2 487.2 487 488.9 491 494.2 498.8 504.4 511.5 517.5 522.2 527.5 532.8 535.3 535.8
510.7 521 530.1 536 535 540.3 547.6 555.3 557.9 560.1 560.6 567.3 568.2 573.8 578.3 580.9 585.7 601.4 618.1 623.4 626.1 643.1 666.6 686.2 699.3 699.5 694 685.4 678.2 664.8 654.8 649.9 643.7 635.1 624.3 611.3 599 589.7 585 580.1 576.7 575.2 571.6 568 565.2 562.2 557 551.1 544.7 538.7 524.3 516.2 526.9 531.5 531.9 531.7 528.7 524.6 519.1 513.2 504.4 497.5 493.3 491.4 489.9 491.7 492.5 494.6 498 502.6 508.3 514.8 521.1 525.7 530.1 534.5 535.7 534.2
520.7 531.4 539.6 543.3 542.8 546.6 555.6 562.2 568.2 565.6 570 580 580.8 584 583.3 583.1 588.2 600.6 619.1 627 636.9 662.7 684 700.9 713.7 712.6 704.1 693.5 683.8 670.1 660.5 656.1 648.6 638.5 626.3 614.7 606.3 596.8 588.5 585.4 583.8 582 578.4 574.7 571.8 568.4 561.8 555.4 548 534.3 523.8 533.1 539.2 539.3 539.2 538.8 534.6 530 529.2 520 508.1 504.9 501.4 495 495.3 498 497.5 498.6 501.7 506.8 512.7 518.8 524.9 529.4 533.9 535.9 535.6 532.7
535.7 542 548.2 549.4 553.9 561.7 568.8 575.1 573.7 573.6 581.4 587 592 587.7 585.4 585.4 592 605.3 621.7 635.1 654.4 682.6 702.3 724.1 732.6 729 719.3 706.6 691.4 677.1 665.3 658.4 650.8 642.4 631.2 621.4 613 602.5 592.9 592.9 591.1 588.6 585.1 581.8 579.6 574.8 568 559.9 547.3 528.5 538.3 543.3 544.1 546 545.9 542.6 539.9 536.9 535.6 524.8 510.3 504.2 500.7 497.8 498.9 501 501 503.8 506.8 511.3 517.1 522.9 528.8 533.7 535.6 537.3 536 532
551.6 555.4 556.1 561.9 572.6 581.9 584.4 584.4 579.5 587.1 592 599.4 597.4 592.2 590 590.6 599.7 612.5 627 643.3 673.2 703.8 729.6 744.3 744.3 737 731.3 716 693.9 682.3 671.1 662.3 655 648.3 636.9 627 617.6 607.9 602.6 600.1 598.3 595.1 591.9 589.8 586.2 580.9 572.8 561.3 543.5 541.2 548.3 549.4 550.9 554.6 552.4 547.9 543.9 540.7 538.3 528 514.3 508.8 504.9 501.2 501.8 503.9 505.6 508.6 512 516.4 522 527.2 532.9 536.5 538 539 537.6 533.2
564.7 564.5 575.7 584.6 595.3 599.6 598.9 592.8 594.5 599 604.9 606 605.8 597.5 597.7 600.2 611 622.4 635.4 659.5 696.4 723.9 747.7 754.2 751.4 743.2 736.7 716.1 695.7 686.7 677.1 665.4 659.4 653 643.8 634 623.8 612.5 611.7 608.5 605.4 602.4 599.5 596.4 591.3 583.7 574.2 557.4 541.3 550.2 557.3 557.6 560.5 560.9 557.9 552.8 547.9 543.8 539.8 528.7 517.7 513.2 509.1 504.8 506 508.1 510 512.8 516.9 521.5 526.7 531.9 537 539.5 540.5 541 539 535.5
577.1 587.5 596.2 607.4 615 617.4 607.9 604 607.1 611.7 618.1 619.4 610.9 604.2 606.8 615.7 625 634.7 649.1 684.6 716.6 742.8 756.2 758.6 755.5 748.5 736.9 712.1 697.5 689.1 681.6 672.9 664.8 658.2 651.1 641.9 632.8 625.4 621.5 616.8 613.2 610.1 607 601.7 594.5 585.7 574.5 554.1 551.4 565.2 566.8 566.9 568.3 566.3 563 557.4 551.8 547.5 544.1 535.2 521.3 516.7 512.8 509 510.4 512.4 514.5 517.7 521.8 526.5 531.5 536.5 539.6 541.8 542.8 543.1 541.1 537.7
598.2 609.1 620.6 630 631.2 626.1 616.8 616.4 619.6 630.1 632.3 625.7 620.1 618.9 620.5 628.9 637.7 648.7 671.9 708.6 736.2 758.4 765.9 765.5 759.4 751.9 732.7 714.7 700.2 692 686.2 680.5 673.3 666.1 657.5 649.1 641.3 637.1 631.8 625.9 620.5 616.1 611.7 606.5 598.9 589.8 569 553.5 566.3 573.9 575.1 575.4 574.7 572.4 568.4 562.4 554.9 549.3 545.3 534.6 524.3 520.5 516.8 514 515.4 517.5 519.7 523.6 528.4 533.1 536.3 540.6 543.2 544.5 545 545.1 543.7 538.3
622.5 636.9 650.9 650.1 643.5 626.9 628.3 628.3 639.6 648.2 642.3 637.7 640.8 635.7 640.3 645.6 649.9 666.5 696.8 730.2 754.5 768.4 771.8 770.5 763.9 753.9 722.6 714.1 702.9 695.1 689.8 686.1 679.9 672 664.3 657.4 653.3 649.1 640.9 632.7 626.1 620.8 615.7 608.9 601.1 592.3 569.4 557.1 578.8 581.7 582.7 582.4 580.6 578.1 573.9 567.2 560.1 554.2 544.2 533.1 528.4 524.4 521 519.1 520.7 522.8 527 531 535.6 539.6 542.4 544.7 546.9 547 547.4 544.1 542 534.6
668 675 675.9 669.4 649.6 636.3 635.9 647.5 660.6 658.7 653.4 655 653.6 653.2 660.2 652.3 665.8 687.7 720.2 750.3 768.1 775.9 776.9 775 768.3 753.7 727.5 715.5 707.4 699.5 694.4 691.2 686.9 679.5 672.4 667.2 664.1 654.7 645.4 637.3 631.5 626.5 619.1 611.1 602.3 592.5 571.5 565.2 588 589.4 589.9 588.8 586.4 582.2 578.4 571.4 565.3 558.4 548.6 537.9 532.5 528.4 525.2 523.5 525.9 529.8 534.1 537.9 541.6 545.1 547.3 548.7 549.6 549.7 548.2 544 539.8 531.9
697.2 697.8 691.5 678.5 645.8 645.2 658.5 665.2 669.2 665.8 666.4 670 664.6 667.8 669.2 662.2 680.1 709.3 741 764.9 781 783.6 781.3 774.7 767.2 750.6 730.4 718.4 711.9 706.6 701.4 697.9 694.5 687.5 680.7 677.3 668.1 658.6 649.3 641.4 636.7 630.6 621.7 611.9 602.7 589.2 569.5 582.4 594.3 594.8 595.3 593.9 590.9 587.1 581.9 576.3 569.7 560.3 551.7 542.8 536.7 532.9 530 527.9 532.1 536.3 539.9 542.9 546.3 549.1 549.9 551 551.6 550.7 548.3 543.3 536.4 527.8
706.7 708.4 689.5 668.3 652.1 666.7 668.7 674.5 674.7 673.2 679.4 680.7 677.7 678.1 671.4 678.4 698.1 729.8 755.9 776.3 785.8 786.8 782.2 774.6 764.3 749.6 733.3 722.1 715.3 711.8 709.3 705.3 699.4 692.9 688.7 681.5 671.4 662 653.2 646.3 641 632.4 622.6 612.4 602.3 590.4 577.6 596.3 599.3 599.6 599.9 598.8 595.4 591.7 587.2 581.7 572.7 563.2 554.6 547.9 541.8 537.8 534.7 532.7 536.9 541.1 544 547.2 550 551.9 552.4 553.3 553 550.9 546.3 539.9 532.9 523.7
708.8 703.6 680.3 655.5 668 672.4 679.3 684.4 684.7 689.1 693.1 693.4 690.2 688.2 688.2 695.8 718.7 751.4 772.1 784 788.8 791.1 787.3 776.9 765 749.6 737.3 725.9 718 714.6 713.1 709.2 703.4 698.2 693.3 683.8 674.5 665.9 656.6 650.2 642.8 633.1 622.3 611.3 603 597.8 581.3 599.6 604.1 604.5 604.7 603.4 600 595.4 592 586.6 577 566.6 560.7 554.5 546.9 543.7 539.1 538.9 541.9 545.4 547.5 550 552.9 554.3 555 554.4 552.8 549 542.2 536.2 528.6 519.7
703.1 689 669.4 671.5 676.9 682.6 690.3 699.3 702.5 705.1 708.7 709.3 697.9 696.5 703.5 715.7 738.7 766.3 781.2 791.3 794.1 795.4 790 779.5 764.2 748.4 738.5 730.4 722 716.8 715.6 712.3 706.9 703.2 696 687.3 678 667.8 658.7 651.8 642.2 632 621 611.4 605.7 601.7 586.8 603.1 608.3 609.5 609.6 607.1 602.7 601.4 600.1 592.6 582.7 572.7 568.4 561.9 553.4 547.4 544.4 545.1 546.4 548.5 550.6 552.9 555.3 556.2 555.9 554.4 551.9 545 538.3 533 525.4 516.9
687.2 678.2 683.2 674.9 685.9 690.6 703.4 713.2 716.7 720.6 727.9 718.9 705.2 709.5 720.7 734.1 749.9 777.3 790.2 799.4 800.5 799.7 794.5 780.1 763.7 749.3 740.3 731.9 724.4 719.5 718.2 715 709.9 705.6 697.4 688.9 679.4 669.1 661.3 651.8 641.5 631.3 620.9 612.6 608 591.6 598.9 610.1 613.2 614.5 614.7 612.9 610.1 609.6 607.3 598 587.4 579.2 573.8 566.5 559.7 554.3 553.3 551.2 550.5 551.7 553.4 555.4 556.6 557.1 555.9 553.2 547.7 541 534.8 529.1 521.4 513.8
673.3 678 675.6 681.7 692.8 712.8 717.2 728.1 730.3 740 742 724.9 713.7 723 738.2 750.4 768 789.8 798.4 802.4 803.4 805.1 797.3 781.1 764.2 752.5 743.9 735.8 729.3 724.9 721.3 717.4 712.9 705.9 697.9 689.1 679.9 670.7 661.9 649.2 638.4 629.8 620.2 613.8 601.9 604.1 610.7 614.7 617.6 620 620.3 620.3 617.6 617.3 614.6 604.8 592.3 582.9 575.3 569.3 566.7 566.5 563.5 558 556.3 556.3 556.9 557.2 557.3 556.9 554 549.4 543.5 537.3 531.1 524.8 518.2 511.2
665.1 669.3 677.9 689 701.5 711.7 722.1 735.3 749.2 762.6 758.8 733.2 727.5 741.7 757.9 764.9 776.5 792.6 800.4 803.7 804 802.4 793.9 776.2 763.9 756.3 748.9 741.2 733.3 729.2 723.2 720.4 714.4 706.1 698.3 689.2 679.9 670.3 660.1 648.1 637.8 628 619.9 612.6 604.4 613.7 615.7 619.6 622.2 624.6 626.8 627 624.5 624.7 620.1 608.7 600.1 591.5 585.7 581.3 579.9 576.1 569.4 563.5 562 561.6 561.2 559.9 558 554.9 551.8 545.6 539.6 532.9 527.7 521.8 515.2 507.6
657.9 668.5 682 693.8 704.3 714.8 729.9 747.7 767.8 778.7 758.7 738.7 742.6 756.1 767.3 775.7 786.7 799.3 808.3 808.7 807.2 801.4 792.6 779.8 771.4 762.6 754.6 744.5 737 731.9 725.4 722.4 713.3 706.2 697.9 688.8 678.9 668.9 657.4 646 635.3 626 619.7 608.7 616 618.8 619.7 623.6 627.1 630.1 632.3 632.3 632.6 631 623.7 614.8 608.7 603.1 598.6 594.9 590.1 584 577.9 572.9 568.7 567.3 565.8 562.9 557.9 553.9 549.9 542.7 537.1 531.6 525.4 517.4 509.9 502.3
656.1 671.7 686.3 697.2 710.6 724.7 738.9 760.3 770.6 769.1 758.5 747.1 758.7 762.9 771.8 782.7 795.8 810.5 815.8 818.4 815.8 806.5 797.5 788.4 778.9 770 760 748.7 740.3 735.3 729.3 720.3 711.4 704.3 697.2 687.6 677 666.1 654.8 643.3 633.7 626.6 618.3 618.9 620.7 623.2 624.4 628 632.1 635.1 637 639.5 640.4 637.8 629.4 622 617.9 613.3 608.3 603.5 597.7 590.4 585.3 580.7 576.6 573.2 570.1 565 558.6 553 547.3 541.5 535.8 530.2 522.4 513.3 504.5 496.4
660.4 676.3 689 703.6 717.6 730.7 751.2 764.4 765.2 766.1 758.3 767.1 778.6 782.2 785.7 792.4 806.6 825 828 829.4 823.6 814.2 804.3 794.7 784.9 775.2 765 754.7 744.5 739.5 732.7 719.8 710 703.8 695.4 684.8 675 663.3 652.2 641.5 633.4 627.2 618.8 625.9 627.2 627 629.3 633.7 636.7 640.1 644.6 648.2 647.6 642.8 634.8 630.8 625.8 617.6 611.8 608.6 604.2 597.6 591.5 587.2 582.4 577.4 572.7 566.9 559.3 552.9 546.8 541.1 535.5 527.4 517.5 512.7 498.3 495
664.8 679.2 690.2 705.8 719.6 738.1 753 756.3 756.6 763.6 767.7 778.9 785.3 791.1 796.2 799.9 811.7 830 835.7 835.7 828 817.1 806.5 799.3 789.4 779.3 771.4 760.4 748.3 741.7 730.9 718.8 710.5 700.9 692.1 683.6 673.8 661.4 650.1 641.3 634.5 626.1 627.7 630.1 631 631.9 634.1 639.4 642.9 647.6 653 656.2 653.3 647.3 645.3 640.9 635.9 630.1 625 620.4 614.5 606.5 600.2 593.6 587.4 580.1 574.3 567.6 559.6 553 546.4 541.4 536.8 529.4 520.6 512.1 506.3 503
664.1 674.3 688.7 704.7 725.9 740.1 748.8 749.9 751.5 756.3 763.4 779 787.3 792.2 795.1 801.2 813.7 831.2 837.4 837.3 829.3 818.8 809 802.2 791.4 784.9 777.4 761.6 748.1 740.2 728.7 718.7 709.2 698.8 689.2 683 672.5 659.5 648.6 641.8 636.9 627.4 633.4 634.4 636 637 639.8 645 650.4 655.4 661.3 662.5 656.2 658.4 657.1 653.2 649.4 644.8 641.2 634.9 627.2 618 609.8 601.6 591.9 583.8 575.8 568.1 559.9 554 548.1 543.5 538.1 530.1 521.2 516.9 512.3 506.8
663.3 674.7 691.1 710.9 726.5 739.4 744 745.9 745.3 749.9 767.9 777.1 784.6 790.2 792 799.7 813.5 829.8 836.7 832.5 825.5 816.9 810.1 802.6 794.9 790.8 780.9 766.9 754 738.5 726.5 718 708.4 698.2 689.5 680.8 669.3 657.4 647.7 642.6 637.5 633.3 637.7 639.1 641.1 641.7 647.6 652.8 657.8 664.3 669.1 668.1 666 670.2 668.7 664.7 662.9 660.7 659.1 649 637.7 628.5 618 605.6 594.7 586.3 578.6 570.9 562.7 555.9 550.7 545.6 539.8 532.7 526.4 521 515.8 507.9
661.7 675.2 695.6 709.8 718.9 726.3 731.5 734 736.4 743 759.3 767.6 776.2 783.2 787.7 798.2 809.4 823.9 829.5 826.9 821.7 813.7 808.6 801.7 797.6 794.4 786.9 775.2 757.3 735.8 725.1 717.5 708.5 698.4 690.8 678.1 666.3 656.3 648.4 643.8 637.8 640.8 643.6 645.6 647.6 649.9 656.3 660.7 667 673.4 676.3 674.1 678 680.9 679.6 680.8 683.2 684.1 678.6 665.3 650.2 637.2 623.6 609.3 597.6 589 581.3 573.6 565.5 559.1 553.8 548.4 542.3 536.3 529.6 524.2 521.9 511.8
659.7 676.1 687 695.3 701.9 710.8 714.8 719.8 727.1 737.8 749 757.6 766.5 774 782.7 793 803.1 815.8 821 821.4 818.7 814.1 807.7 801.5 799.5 798 793.8 776.4 753.2 734.7 723.1 715.2 706.6 697.1 687.6 675.3 664.3 655 648.7 641.3 643.3 646.6 649.7 652 654.4 658.7 663.7 670.4 676.6 682.7 684.6 686 688.6 691.8 696.8 699.4 702.2 703.9 694.2 678.4 659.2 645.6 628.8 612.6 601.7 591.9 584.1 576.3 568.7 562.5 556.4 550.3 544.2 538.2 533.4 532.1 527.2 513.8
657.8 669.3 679.9 687.1 692.5 697.8 703.4 708.5 717 731.1 738.5 746 756.4 765.1 776.2 786.6 795.5 804.6 812.4 815.2 815.6 810.7 806.1 801.9 800.1 798 792 772.1 751 734.9 720.8 711.3 702.3 693.5 683.4 673.1 662.3 654.3 649.5 648.8 651.3 653 656.1 659.1 661.5 666.3 673.1 680.2 686.3 692.1 695.3 698.5 702.6 709.1 714.4 715.5 718.4 714.4 702 684.6 667.5 651.1 633.2 617.4 605.5 595.4 587.2 580.3 572.2 565 558.5 552.3 546.2 542.9 541.2 538.5 528 512.7
