app/static/ascii/NN59.asc
ncols 200
nrows 200
xllcorner 250000
yllcorner 790000
cellsize 50
[rows 70 to 104 of 200, columns 0 to 77 of 200]
517.7 530.1 545.9 564.9 577.7 582.3 577.7 573.7 567.3 553 526.8 502.5 485.6 471.6 461 448.6 436.7 424.9 409.5 399 391.8 387.2 384.8 382 380.6 378.5 376.4 375.4 373.4 371.5 369.8 368.2 366.6 364.9 363.5 362.1 359.7 353.1 354.8 356.8 359.6 363.1 367.1 371 374.4 377.6 381.1 383.5 384.5 384.8 383.6 384.1 382.9 380.9 380.3 380.3 381.5 384 387.6 389.9 392.6 396 402.8 407.5 411 416.1 422 426.5 432.4 433.7 431.5 431.1 430.4 426 425 421.3 415.7 424.3
506.9 523.4 539.6 561.4 567.2 571.7 568.2 560.5 548.4 530.3 510.8 494.4 479.4 467.2 457.1 445.8 433.5 421.3 408.3 397.1 390 385.5 382.5 380.3 377.9 375.9 374.6 373.9 371.9 370.1 368.3 366.7 365.1 363.9 362.8 360.7 358 354.1 350.1 353 355.9 360.4 364.6 367.6 371.3 375.9 378.7 380.5 380.3 379.9 377.7 377 375.8 375 375.1 375.3 376.9 377.8 379.8 381.4 382.4 388.6 395 397.8 401.1 406.4 410.2 413.7 417.7 421.2 422 421 417.1 412.8 412.9 409.4 423.7 433.9
506.7 520.4 533.1 545.9 551.7 554.2 554 544.3 530.8 516.6 498.6 482.4 469.2 457.4 446.9 437.2 426.1 415.2 402.5 393.9 388.5 383.6 380.6 378 375.8 374.5 373.2 372.7 371.2 369.1 367 365.1 363.8 362.6 361.5 359.3 356.8 354 350.3 350.8 352 356.2 360.4 362.7 365.5 371.7 374.1 375.2 376.5 375.6 372.2 370 371.6 370.8 370 370.3 371.4 372.9 375.9 377.7 379.1 382.5 386 389 394.1 397.6 400.3 406 410.1 411.9 411.7 411.4 404.3 404 413.9 425 429.4 436
497.2 511 522.7 532.7 538 535.9 532.4 522.7 510 497.2 482.8 472.4 463.2 451.2 439.4 430.3 420.6 411.3 400.9 393.6 387.5 383.3 380.1 377.6 375.5 374 372.3 369.7 369.9 368.8 366.7 364.4 362.5 361.3 359.7 357.5 355.3 352.3 349.9 346.5 349 350.6 354.8 358.1 361.1 367.3 370.1 370.3 370.6 368.2 365.8 365.3 366.2 365.7 365.2 365.8 367.1 368.5 371.8 373.7 376.3 381 381.5 384.2 387.7 389.9 396 398.4 404.2 406.5 398.2 390.8 400.9 410.6 417.1 425.3 434.2 443
485.6 497.2 510.7 517.7 520.1 517.7 515.4 506.3 494.2 485.1 470.8 459 446.8 440.4 430.9 422.1 413.6 406.7 397.8 391.5 387.3 383.2 380 377.2 375.2 373.3 371.5 369.8 367.7 367.7 366.2 363.7 361.6 360.1 358 355.7 353.3 351.5 349.1 345.9 344.6 347.5 351.1 354.6 357.7 363 365.3 365.1 362.9 360.3 358.4 360.5 361.5 360.3 359.9 361.6 362.6 365.1 366.9 368.8 368 362.9 368.5 373.7 376.9 382.7 389 393.6 393.3 385.4 392.6 400.6 411.8 416.2 419.9 429 439.4 449.7
474.8 484.6 495.4 502.6 505.3 501.7 498.5 489.8 481.9 468.5 457.2 447.1 438.8 433.8 425.3 416.2 408.3 400.6 394.6 388.9 385.6 382.9 379.7 376.8 374.8 373.3 371.6 369.9 367.9 365 363.8 363 360.9 359 356.8 354.4 352 350.7 348.7 345.5 340.7 344.6 348.9 352.3 354.7 358.9 359.5 357.9 352.7 353.5 354 355.2 356.6 356.3 354.2 357.2 355.2 358.2 356.3 363.8 367.7 373.5 380.1 385.6 385.4 381.9 380.6 379.5 385.3 394.7 403.7 407.9 414.5 421.4 427.2 437.1 446.9 455.4
463.3 474.3 477.7 478 479.3 479.8 477.9 475.5 467.7 455.3 446.3 435.5 427.5 423 418.1 411.5 403.5 397.7 392 388 384.8 381.5 378.9 376.4 374.4 372.8 371.7 370.2 368.4 365.3 363 360.8 359.5 357.7 354.3 353.2 351.3 349.9 347.6 343.1 340 343 347 350.5 352.9 354.6 354.5 347.1 346.2 347 348.8 347.9 350 349.8 352.8 357.5 341.7 354.7 358.9 365.5 373.8 376 379.1 384.4 385.5 390.6 390.8 391.3 395.9 401.3 407.3 413.8 419.6 425.4 430.8 443.6 453.2 461.8
454.7 458.9 458.7 461.2 459.4 464.5 461 454 445.9 438.1 430.5 425.2 419.4 415.4 410.5 405.5 399.6 395.2 390.5 387.5 385.6 383.4 380.5 377.7 374.8 372.3 371.1 369.8 368.3 367.1 365.1 363.7 362 358.6 353.6 351.5 350.5 348.8 346.1 339.4 337.2 341.2 345.7 348 349.1 347.7 344.5 342 340.6 341.9 342.9 340.9 342.8 349.2 350.7 350 343.8 352.4 360.1 366.2 372 374.5 378 380.9 385.5 390 394.5 401.1 400.5 406 412.8 419.2 427.3 431.6 436.8 449.7 461 468.2
438.9 443.6 445.2 445.7 444.9 446.9 443 437.5 431.3 426.9 423.4 419.6 414.5 410.4 406.7 402.2 397.6 394.5 391.4 388.3 385.9 384.6 381.7 378.2 375.3 373.2 372.2 371 369.8 368.5 366.3 364.6 361.5 358.4 355.3 354.3 349.1 343.3 343 345.1 343.7 338.7 342.2 344.2 344.7 342.4 340.2 338.3 337.2 338.9 342.2 335 338 343.7 339.3 347.5 354.6 357.6 362.6 365.7 369.7 373.8 378.4 383.1 387.3 391.6 395.4 399.5 404.1 410.3 417 423.2 430.4 437.2 443.7 455.2 468 477.9
428 429.8 431.5 432.6 433.2 432.6 430.7 427.8 424.8 421.2 417.6 414.1 409.9 406.7 403.4 399.4 396.2 393.6 390.7 387.8 386.4 385.2 382.8 378.5 376 374.8 373.6 372.3 371.1 368.8 366.2 362.3 359.7 359 357.5 357.2 354.3 352 349.4 346.9 343.6 339.9 338.8 341 341.2 339 337.3 335.3 333.9 335.9 338.3 333.8 333.4 339.5 346.9 353.6 358.1 361.9 365.9 370.6 372.6 375.3 379.7 385.5 390.2 394.6 398.6 402.7 407.4 417.4 423.8 430.7 437.6 447 456 467.3 478.2 489.7
417.3 419.9 422.1 423 422.5 422.5 422.4 420.7 418.9 415.5 412 409.1 407 403.7 401.1 397.9 394.8 392.6 390.3 388.5 387 385.9 383.8 380 377.2 375.7 374.5 373.5 372.3 370 367.1 363.6 360.3 360 359.4 358.1 356.5 353.8 350.6 347.2 342.9 339.2 335.4 336.6 338 336.5 335.4 333.3 331.4 332.3 334.1 325.5 337.7 341.8 349.7 357.3 361.7 364.2 368.5 373.7 376.5 378.9 382 388.8 394.2 398.5 404 409.4 417.9 426.6 433.6 441.8 448.6 458.3 469.6 481.8 490 503.7
409.1 411.7 413.4 414.9 414.8 415.5 414.6 412.9 411.3 409 407.5 405.6 403.2 400.8 398.8 397.2 394.6 392.6 390.7 389.4 387.6 386.3 384.1 381.6 379.1 376.6 375.5 374.5 373.5 371.2 368.2 365.3 362.2 361 360.4 358.2 355.1 352.5 350.6 347.7 341.5 338.5 331.1 333.1 334.2 334.2 332.1 329.6 328.6 331.1 328.1 329.7 337.3 340 349.1 357.5 361.3 364.7 369.5 375.5 379.6 382.6 387.1 394 400.1 404.6 410.2 419.4 426.3 432.6 442.7 454.4 462.6 474.1 485.5 495.7 505.9 518.2
400.5 403.1 404.2 405.8 406.8 407.3 406.7 406.1 404.7 403.9 402.9 401.6 400.1 398.6 397.4 396.5 394.2 392.1 390.6 389.3 388 386.6 384.4 382 379.5 377.2 376.1 375.1 374 372.3 370.2 368 365 362.5 360 357.1 353.3 350.1 347.8 343.9 338.7 337.3 335.2 332.5 327.9 332.2 329.8 325.7 324.9 323.6 321.1 329.1 332.8 337.2 349.4 357 360.5 364.1 371.7 376.7 381.2 386.9 392.6 398.2 405 411.2 419.2 422.9 431.5 441.8 452.5 468.4 481 493.4 505.7 516.2 526.9 540.1
389.5 391.6 393.8 396.3 398.6 399 399.7 401.1 400.6 401 400.4 398.9 397.8 396.8 395.8 394.9 393.8 391.9 390.5 389.2 387.9 386.5 384.4 382.1 379.8 378 376.8 375.6 374.6 373.6 371.8 369.8 366.5 362.5 359.1 355.2 351.5 347.6 342.2 338.2 335.9 335.7 333.2 330.9 326.7 331.6 328.8 322.6 319.7 318.7 322.5 327.6 332.9 338.6 350.3 356.1 360.8 365.4 373 379.5 384.9 390.9 395.2 402.3 410.8 419.3 428 436.9 445.2 456.7 467 483.3 503.7 519.4 526.3 534.9 549.1 562.1
381.4 383.7 385.1 388 389.7 393.2 395.7 397.2 398.2 398.7 398.9 397.2 395.6 395 394 393.1 392 391.4 390.4 389.1 387.7 386.2 384.4 382.1 379.9 378.3 377.2 376.1 375.8 374.3 371.9 370.4 365.9 361.5 357.6 352.7 347.6 343.4 339.8 336.3 333.5 332.9 331.2 330 322.5 321.6 321.7 320.5 318.9 317.8 323.2 334.1 339.1 348.7 351.5 354.6 359.8 368.1 373.5 380.1 387.6 393.7 401 409.9 418.7 427.4 438.6 450.5 460.6 473.7 486.9 501.7 517.3 531.5 540.1 553.7 569.5 584
376.8 379.2 379.7 382.7 384.8 387.9 391.3 393.2 394.8 396.2 396.6 395.6 393.4 392 391.6 390.8 389.7 389.3 389.4 388.3 387.2 386 384.2 382.1 380.3 378.6 377.4 376.4 375.8 374.2 371.1 367.3 364 360.2 356 350.1 345.5 340.4 337.5 334.2 331.4 329.8 330.2 324.3 317.5 319.4 318.1 318 317.3 320.6 332.9 335.6 340.2 347.5 353.5 355.9 360.6 368.2 375.2 381.3 388.8 397.5 409.6 417.6 427.9 438.8 453.4 463.6 475.8 490.8 504.8 520.2 531.6 542.5 560.7 574.1 584.4 594.4
371.7 375.1 378.1 378.8 380.4 383.2 387.4 389.2 390.7 392 391.8 390.9 390.2 389 387.2 387.6 387.7 387.5 387.8 387.1 385.9 384.8 383.7 382.1 380.5 378.9 377.4 376.3 374.8 372.5 369.3 365.3 361.6 358.5 353.7 348.8 343.9 338.3 335.8 332.4 329.7 327.4 325.2 324.3 317.5 317.7 316.1 315.9 313.9 321.6 329.1 335.5 340.7 345.1 350.6 355.3 362.5 367.3 376 384.5 392.9 402.9 414.2 425.7 438.1 452.2 465.7 479.9 496.4 513.8 522 533.8 542.9 560 577 586.7 594.9 599.2
367.7 368.9 371.7 374.9 377.9 379.7 383 384.1 384.5 384.5 384.5 382.8 383.2 383.4 382.9 384.3 384.1 384.2 384.8 385.6 384.7 383.6 382.6 381.3 379.6 377.9 376.3 375.2 373.1 371 368.2 364.1 360.5 357.1 352.1 347.5 343.8 339.7 334.9 331.4 327.7 324.9 321.6 318.7 316.3 312.3 314.2 314 314.4 319.5 329.7 334.9 339.9 343 347.3 353 359 366.8 378.4 388.9 398.4 410.3 423.7 436 453.2 469.9 485.5 501.2 521.8 532.3 539.3 544.4 560.5 572.7 582.9 589.1 594 591.4
364.5 365.4 367.8 370.3 371.9 373.3 375.6 377.2 378.2 377.7 376.8 378 377.8 377.5 378.2 380.3 380.9 380.7 381.2 382.7 383.2 382 380.4 379.4 378.2 376.8 375.1 373.6 371.4 369.2 366.6 363.1 359.3 355.1 350.6 347.2 344.9 341.2 334.9 331.2 326.8 323.6 320.7 317.2 315.2 314.2 311.8 311.3 314.2 322.2 329.6 333.7 337 341.1 345.3 351.5 357.3 366.5 380.3 392 404.5 419.3 433.8 453.3 474.1 494.1 510.9 527.4 537.6 545.3 550.6 556.4 574 581.1 586.4 588.1 587.6 579.9
361.3 361.9 363.8 365.5 366 367.8 370.5 371.6 373.3 373.2 372.3 372.6 373 373 372.9 375 377.2 377.9 378.2 379.4 380.4 379.6 378.1 377.4 376.2 375.1 374 371.7 369.4 366.6 363.7 360.6 357.5 353.5 350 347.1 345 341.2 335.7 330.8 327.6 324.3 321.1 316.5 313.9 313.3 310.9 311.2 312.2 323.4 328.7 333.4 336.4 337.8 343.5 349.1 357 366.7 381.5 393.4 408.3 425.1 445.8 470.9 494.3 516.6 533.2 547.8 552.6 556.2 559.9 569.3 581.9 585.2 585 583.4 576.8 574
357.9 358.3 358.9 360.4 361.2 363.7 365.9 366.9 367.9 368.1 368.4 367.6 368.9 368.6 368.7 370.4 374 374.9 375.6 375 375.9 376.1 375.3 375.2 375 374.5 372.3 369.7 366.2 364.3 361.1 357.8 355.1 350.8 348.6 346.4 344.6 342.2 336.9 331.6 327.2 324 320.8 316.3 312.3 311.4 310.1 307.6 311.6 322.8 326.1 329.9 332.1 334.9 338.4 346.5 354.3 367.1 382 396.7 410.9 430.9 456.3 485.3 509.8 529.6 545.3 555.2 558.7 561.8 566.4 575.5 583.3 584.4 584.9 582.6 580.6 581.9
353 353.8 355.3 355.9 357.7 358.4 360 360.2 361.1 361.7 361.3 361.8 364 364.1 365.3 365.7 368 370.5 371.6 371.6 372.3 373.3 372.2 373 373.5 372.4 369.8 366.3 362.7 361.3 358.8 355.8 352.3 349.6 347.7 345.5 343.6 341.6 337.1 332.2 329 324 320.1 316.8 311.5 309.1 308.9 306 312.7 319.3 323.7 325.4 329.2 333.2 337.6 344 351.9 364.6 380.1 397.3 414.9 435.8 462.3 490.4 512.6 533.6 547.8 555.7 561.9 564.4 567.9 577.5 585.9 587.8 588.7 590.9 589.2 581.4
347.7 350.1 351.1 351.5 354 354.5 354.7 355.9 355.2 355.4 354.7 356 358.4 359 358.5 360 362.2 364.6 366.8 367.1 367.6 369.4 368.7 366.3 366.3 367.1 367.1 362.6 360.8 358.4 356.1 353.3 350.6 348.1 346.2 344.3 342.4 340.1 335.9 332.3 330.4 327.2 322.3 317.2 311.9 308.2 306 304.8 311.6 316.2 318.6 320.3 323.5 327.3 331.2 338 349.4 362.3 378.3 397.6 416.9 436.7 461.7 486.9 505.5 525.2 540.4 552.6 558.8 564 568.9 577.8 588.6 599 602.6 596.2 583.2 569.9
341.3 344 345.5 346.2 346.8 347.7 348.2 348.5 348.2 349.5 349.6 351.2 353 353.9 353.7 353.8 354.7 358.7 360.3 362.8 362.5 362.2 364.2 362.9 361.2 360.5 358.9 357.6 356.8 354.9 353.5 350.8 348.7 346.4 344.2 342 339.9 337.3 333.7 330.2 328.6 325 322.9 318.1 311.3 308.1 306.9 305.8 310.2 313.5 315.6 317.2 318.3 321 324.5 332.1 344.8 358.9 374.6 393.4 413.3 430.7 453.8 477.7 497.3 515.6 533.5 546 557.9 565.5 579.9 594.8 604.7 606.3 599.7 588.7 575.6 562.5
334.1 337.4 339.6 340.4 341.9 343.7 344.3 344.6 345 345 345 346.5 348.7 350.1 350.3 350 349.3 353.7 354.5 355.6 356 355.5 355.9 358.1 358.4 355.7 354.2 353.6 352.6 350.6 349.5 347.4 345.1 343.6 341.2 339.1 336.9 333.9 330.7 328.3 326.4 323.3 320.7 318 315.4 308.2 306 303.7 308.4 310.3 312.2 314.1 313.8 315 319.3 327.3 340.3 355.3 372.8 392.3 413.6 432.8 453.3 476.1 500.9 520.5 535.4 548.6 559.8 568.9 586.5 597.7 600.9 598.6 592.7 581.7 568.8 553.4
327.2 330.9 333.5 336.4 338.2 339.9 340.8 341.3 341.3 341 340.5 342 343.9 345.6 347.1 346.3 345.2 347.9 350 349.4 349.3 348.8 349.9 351.6 354.3 352.2 350.9 351 347.4 345.5 345.1 343.8 342.7 340.7 338 336 334 331.3 328.8 326.5 324.6 323 322.2 319 314.3 308.7 305.4 304.2 305.6 305.5 306.4 308.1 308.5 308.7 315.6 324.6 336.8 353.6 371.9 392.2 413.3 431.5 451.4 479 505.6 525.2 539 551.9 558.8 568.7 583.5 592.2 592.9 588.3 581.9 572.4 558.1 542.8
322.4 325 328.5 332.9 334.4 335.8 336.7 338 338.3 338.2 338 338.4 339.5 340.8 342.7 341.9 341.1 344.4 348.8 345.7 344.7 344.6 344.9 344.4 345.2 347.5 348.3 345.1 341.9 340.4 339.4 339.6 339.6 337.8 334.8 333.6 332.3 329.3 327 324.6 323 322.8 321.3 318.2 311.7 308.2 305.6 304.3 304.5 302.5 302.7 301.8 302 305.3 317.8 321.7 335.2 348.9 366.7 385.9 406.4 425.1 447.5 479.7 508.3 525.7 535.4 545.7 549.7 560.1 569.2 576.7 576 571.3 560.8 551.2 543.6 524.4
321.4 322.5 324.7 328.3 330.5 331.8 331.7 334.8 337.2 337.5 337.3 336.8 336.9 337 338.4 338.1 338.6 339 345.1 350 348.5 342.7 339.2 338.8 339.5 339.3 338.8 338.6 336.1 335.4 335 335.2 336.2 334.9 331.8 330.7 329.7 327.5 324.9 325.7 322 320.4 318.6 314.3 308.5 306.7 304.2 298.8 303 302.5 301.4 300.7 300.1 302.5 310.6 315.6 329.1 342 359 376.5 393.8 414.1 441.2 473.8 501 514.2 523.1 528.6 532.6 541 546 549.7 549.1 544.2 537.1 533.4 519.8 502.2
320.7 321.5 323.2 325.4 327.2 328.2 331 336.3 337.6 337.5 337.1 336.5 336 335.3 334.7 334.5 335.7 336.3 339.5 342.6 342.8 342.6 338.6 333 333.4 333.3 331.6 330.9 330.7 330.4 330.5 331.5 331.4 331.1 328.8 327.8 326.2 324.3 322.3 321 321.2 320.4 315.5 307.7 304.2 303.1 300.5 294.2 299.4 301.6 300.9 300.1 299.1 299.4 303.5 311.2 322 335 350.2 365.8 381.5 398.6 424.8 459.7 482.8 492 499.3 504.2 509.5 515.1 515.6 514.5 516.3 513.9 507 500.3 491.5 474.6
319.6 320.5 322.1 325.2 327.8 331.2 335.5 338 337.8 337.5 337 336.5 336 335.8 335.2 334 330.1 333.1 334.9 335.9 337 337.4 337.3 334.1 327.4 327.8 327 326 325.8 324.7 325.2 327.1 327.2 326.4 326.4 325.9 324.3 322.9 319.6 318.6 316.1 315.2 311 303.9 302.6 301.5 299 293 292.7 295.2 300.3 299.6 298.7 298.2 299.5 308 317.6 329.1 341.5 356 368.8 381 403.2 435.6 456.5 469.2 476.1 479.7 483.4 488.3 485.8 481.7 482.1 483.6 477 467 456.7 445.7
318.6 319.3 321.7 325.2 330 335.4 338.2 338.4 338.1 336.7 336.7 336.6 336 335.8 334.5 333.1 331.9 327.3 325.3 329.6 333 331.4 332.9 331.6 327.5 323.6 322.8 321.1 320.6 319.8 319.3 321.1 321 320.9 321.8 320.9 319.1 317.2 315.3 314.3 311.1 308.4 306 303.7 301.6 299.4 298.1 291.7 291.3 291.4 292.3 298.8 298 297.3 297.7 302.6 311.3 320.7 331.2 343.5 353 364.5 381.6 406.5 429.5 445.2 453.6 458.7 455.1 458.3 454.7 450 445.8 445.1 440.6 434.8 428.2 420.7
319.3 318.6 321 324.5 328.2 336.9 339 338.7 337.4 335.8 334.8 336.3 336.1 335.8 334 332.6 332 329.9 331.2 319.3 324.9 328.4 328.9 328.4 325.2 322.8 321 320.3 319.4 317 315.9 314.9 315 315.4 315.8 315.5 314.2 312.2 311 310.8 307.8 305.4 304.6 304.1 300.3 296.4 290.7 290.4 289.8 290.2 290.8 292.3 297.8 297.6 295.8 298.9 306.4 313.8 320.5 330.6 339.4 349.4 364.3 381.8 401.3 415.7 427.3 432.8 427.5 426.3 424.3 422.1 419.3 416.7 414.1 410.6 405.7 401.1
318.6 318.7 318.8 323.4 329.1 336.8 338.3 336.3 335.9 334.9 333.5 335.7 335.8 335.3 333.4 333.1 332.4 327.7 331.3 329.3 321.1 317.6 322.8 323.4 322.5 321.5 320.4 319.8 317.5 315.2 313.5 312.9 312.1 311.7 311.2 310.6 309.9 308.7 307.9 306.8 304.2 303.5 302.2 300.9 296.4 291.1 291.6 291.8 291 289.5 289.9 290.3 294.6 297.3 296.9 297 299 305.2 311.6 317.3 324.6 334.1 348 362.9 377.3 389.9 398.1 400.1 399 396.7 398 397.6 396.4 395.5 393.3 390.2 387.8 383.9
317.9 317.7 317.7 321.8 329.9 334.5 334.7 333.3 331.1 332.1 332.6 334.8 333.2 329.7 326.7 324.2 320.7 319.7 319.1 319.4 320 319.6 318.7 320.9 320.9 320.2 319.8 319.3 315.6 313 312.2 311.2 311.2 310.3 308.3 307.1 305.8 305.1 304.4 301.7 300.7 298.7 297.3 295.5 291.6 292.7 293.9 294.4 293.5 292.2 289 290 289 293.4 295.2 293.5 292.8 297.9 302.9 308 314.6 321.2 331.1 345.9 357.1 366.2 372.5 376.1 374.3 375 376.1 376.4 376.7 376.3 374.3 372.5 370.8 368.7
321.5 322.1 319 318.9 327.1 331.3 329.5 325 313.9 312.1 323.1 319.9 317.9 318.2 318 313.7 312.2 311.4 312.3 313.6 315.6 317.8 316.7 318.3 318.6 318 317.9 316 312.5 311.7 310.7 308.5 310.3 307.8 306.6 305.8 305.4 302.2 300.6 300.8 299.8 298.4 297.7 292.7 294.6 294.9 294.6 294.1 293.5 292.8 290.5 289.1 289.9 289.3 290.2 289.4 289 290.4 296.7 300.4 304.9 311 319.4 328.9 337.9 345.3 349.8 352.9 355.3 357.1 357.8 357.4 356.9 356.7 357.6 356.3 353.3 351.7
