app/static/ascii/NN61.asc
ncols 200
nrows 200
xllcorner 260000
yllcorner 710000
cellsize 50
[rows 0 to 34 of 200, columns 0 to 77 of 200]
256.1 266.5 279.7 293.8 309.8 330.5 352.5 377.9 405.2 437.7 465.7 490 508.8 520.8 524.8 540.7 568 589.1 599 608.9 625 638.3 647.5 659.8 674.8 690 702.8 711.3 716.9 720.6 719.8 716.5 710.5 701.9 688 671.8 645.1 615.3 593.6 571.8 552.6 535.9 522.1 509 499.5 500.9 501.4 507.8 512.1 517 518.2 523 523.7 527.6 532.8 541.6 552.9 567.6 586.3 603.4 612.5 613.9 611.5 593.5 574.9 556 536.2 524.9 513.8 509.2 502.8 499.5 506.7 515.5 518.7 531.6 541 544.8
254.8 265.6 278.5 295.1 311.8 332 355.5 379.6 407.1 441.2 475.1 509.4 538.4 552.4 554.5 553.6 588 616 627.5 633.4 643.5 652 659 669.7 680.7 695.1 706.1 711.8 714.6 715 714.1 711.7 706.7 699.4 686.7 672.4 648.2 617.9 597.8 575 554.6 534.1 521.7 509 501.7 505.9 510.7 516.2 521.3 522.9 527.7 533 535.1 539.5 544.4 553 564.9 579.6 606 620.8 627.7 625.5 617.9 605.3 578.5 572.2 538.2 525.8 517.5 511.3 504.3 501.7 508.9 518.2 523.8 532.4 546 552.1
254.9 266.5 280.2 297 312.5 334 356.1 381.8 410.5 449.8 483.8 516.4 558.5 581.1 586.8 591.2 604.3 638.5 647.3 651.3 655.6 661.9 667.5 675 685 696.6 705.1 708 708.9 708.7 706.9 703.6 698.6 691.4 682.1 671.6 654.5 624.5 602.3 577.9 556.4 538.8 524.5 514.7 509.2 512.3 521 525.5 531.6 532.3 536.9 542.3 547.5 552.3 557.5 565.5 577.6 595.6 620.5 636.1 639.9 638.5 629.1 607.6 582 560.8 541 528.1 519 513.1 508.8 508.5 512.1 522.7 530.3 534.4 550.8 562.8
257.4 269 281.5 296.6 314.1 334.9 356.1 381.4 410.8 450.7 487.8 518.4 553.7 588.6 610.9 616.4 628.2 648.8 655.4 658.7 661.8 666.1 671.6 678.8 685.3 691.7 700.5 701 701.4 699.3 697.7 694.7 689.7 681.1 675.9 670.4 657.5 635.1 605.1 581.5 560.9 541.1 528.2 519.8 515.2 520.2 530.1 535.3 539.5 543.4 548.3 552.9 558.4 564 569.6 580.3 592 611.6 637.1 653.1 650.7 644.8 632.4 614.2 592.1 565.3 548.8 534.2 526.6 520.1 516.2 511.7 518.4 527.1 533.9 537.1 553.5 565.9
256.6 270.5 282.6 298.3 313.5 333.3 355.4 379.4 407.8 442 471.1 503.2 531.1 567.8 602 618.3 627.9 642 656.7 664 665 668.5 672.3 679.8 684.5 688.4 693.8 694.1 692.3 690 688.3 685.7 680.9 674.7 671.3 668.4 658.6 639.1 614.1 591 569.8 551.3 537.7 529.3 527.5 532.4 542.9 549.1 549.3 555.8 559.7 564.5 570.4 577.3 582.6 595.2 606.8 632.3 649.8 662 664 653.5 632.7 616.2 596.6 578 560.7 546.2 533.7 529.7 523.6 521 525.5 532.5 539.3 543.1 556.1 570.7
259.3 271.5 285.3 298.8 313 331.3 352.7 378 404.6 433.2 458.3 491.9 515.4 541 575.8 590.7 612.6 631.8 649.2 660.4 662.8 667.5 671.5 675.9 677.9 681.6 684.2 684.5 681.7 678.9 678.2 675.8 671.7 668.1 664.6 661.9 657.2 645.7 627.3 602.9 583.2 567.7 555.3 545.1 540.8 547.7 555.3 561.4 562.9 566.2 570.3 579.3 583.9 592.7 603.2 615.3 631.2 655.4 669 675 670.8 656.6 637 619.5 605.4 589.7 575 558.4 546.9 535.7 532 530.5 529 537.1 542.2 547.8 557.7 574.4
259.1 271.3 284.4 298 312.6 328.5 349.5 372.4 396.5 422.4 444.6 472.5 496.7 519.6 541.1 563.4 581.1 606.7 625.5 639.5 651.4 657.9 667 670.6 671.1 670.1 669.7 671.1 668.9 667.3 666.6 664.5 660.3 658.5 657.4 657 654.6 650.4 635.5 620.9 604.5 589.1 575.3 564.2 558.4 563.6 570.7 576.3 578.7 581.1 585.9 590.5 599.1 607.8 618.3 634.5 655.3 679.3 686.5 688.8 681.2 659.2 641 627.7 617.6 602 583.5 566.5 557.6 545.7 537.1 536.7 535.1 540 544.4 550.6 560.2 577.1
257.9 270.3 282.6 297.2 311.4 327.3 344.4 367.2 388.8 410.3 433.8 457.9 479.9 496.9 513 535.4 554.1 569.9 591.6 612.2 626.9 638.7 648.5 658.6 659 654.6 654.2 655.8 656.6 657 656.6 653.1 650.5 650.4 651.9 654.3 652.2 651.4 650.4 644.1 630.2 613.2 597.4 585.6 580.2 583.1 590.1 594.5 599.4 600.6 607 606.9 613.9 621.1 635.7 658.8 683.2 702.7 711.2 705.9 699.4 672.9 651.2 637.5 623.7 606.9 589.3 575.7 564 554.1 542.7 536.6 535.1 539.6 544.1 552 564.3 579.6
256 264.4 275.9 288.2 305.3 322.4 340.5 363.3 383.4 401.8 424.6 443.3 459.7 473.5 492.9 509.8 530.1 546.8 564.1 581.2 599.5 614.6 621.8 629.2 634.2 633.7 636.6 640.1 644.6 643.4 642.2 641.1 641.6 642.9 646.9 650.2 652.3 655.2 656.4 656.6 649.8 637.5 618.2 608.7 602.6 604.6 610.6 615.6 615.5 616.7 622.3 623.4 631.1 643.5 660 685.5 715.1 731.9 734.2 727.1 714.4 686 669.9 656.1 633.1 618.6 598.3 585.7 573 566 557.8 538.6 535.9 538.2 542.6 551.6 566.3 581.4
256.9 261.3 268.4 278.2 294.9 313.1 332 359 376.7 394.9 413.5 427.5 441.1 452.2 469.4 487.3 512 526.3 542.7 564.9 575.2 587.5 596.3 605.5 608.1 612.8 617.5 621.3 626 628.8 630.8 632.5 633.1 636.4 641.4 647.1 651.5 655.6 659.3 662.4 664.8 660.5 647.5 637.6 627 625.7 628.5 632.7 631.6 631.7 641 643.6 648.3 658.1 683.3 712.8 738.5 749.9 750.1 750.8 729.1 699.6 686 671.2 643.1 626.4 610.9 596 585 576.1 569.6 554.7 538.7 537.8 542.2 549.6 567 583.3
248.6 259.5 269.5 277.8 280.3 299.9 319 343.4 366.4 384.6 401.7 414.6 427.8 439.1 452.1 467.5 489.1 504.2 520.8 540 552.9 567.4 578.3 587.7 594.4 599.3 603.8 607.4 612.6 619 622.3 624.8 625.7 631.4 636.9 643.5 649.2 654.5 661.5 666.4 672.6 674.3 674.2 671.1 660 650.3 644.2 646.9 647 649.6 655.8 658.9 666.8 674.8 707.4 734.7 765.9 770.8 769.6 767.7 739.9 711.3 697.8 683.2 658 640.8 622 605.2 596 587.9 576 563.5 548.6 539.5 541.5 550.4 569.4 586.4
268 276.4 286 294.3 303.3 306.4 318.1 328.5 351.3 374.1 389.4 400.9 415 428.1 440.2 452.4 470.7 484.4 498.2 514.4 531.1 548.8 562.5 572.3 578.9 585.4 592.4 598.2 604.1 609.7 613.9 615.8 620.2 626 632 640.6 648 655.6 662.8 670.9 678.3 686.8 694.9 696.4 694.2 676.4 669.8 666.7 667.7 667.7 671.8 675.3 682.8 699.2 734.9 763 788.8 794.2 794.6 792.1 761.1 730.3 703.6 692.5 670.4 646.7 629.5 615.6 602.4 591.2 578.8 565.2 555 542.9 542.1 550.8 572.1 589.6
279.9 293 300.7 307.1 317 327 343.7 350.6 365.8 374.9 380.4 385.9 401.2 414.6 428.5 441.8 459.2 471.7 483.1 495.6 509.8 528.9 545.3 557.6 565.1 572.6 581.3 587.5 593.8 599.5 603.7 608.4 614.4 621 628 635.9 646.4 654.9 665.6 675.2 685.9 696.2 706.6 714.5 718.1 710.4 702.4 695.3 692 687.4 685.8 692.2 698.7 721.8 751.6 786.5 808 812 813.9 810.3 787.3 743.6 712.8 697.4 676.6 658.4 644.9 624.4 610.3 591.8 580.1 567.1 561.3 551.5 542.6 552.9 575.6 591.6
287.3 298.9 310.6 317.7 331.7 348.5 356.3 372.4 383.2 391.1 398.4 403.2 407.4 412.7 413.4 430.3 445.7 459.7 471.4 483.8 497.2 513 528.6 543.6 552.5 561.5 570 576.9 584.1 590.5 596 601.6 607.8 615.3 623.3 632 642.7 654.1 666.7 679.6 690.7 703.8 715.6 727.3 733.8 742.6 740.4 728.8 725.3 715.7 705.5 709.1 717.9 744.3 771.4 799.4 817.9 821.4 825.3 804.7 769.6 737.2 714.7 702.3 693.3 669.8 656.6 636.4 613 599.6 591.5 582.4 569.9 558 547.9 554 577 594.6
290.8 303 315.6 329.6 350 364.1 374.9 381.4 397.9 406.5 415.1 419.8 425.1 428.5 430.3 430.8 431.2 447.2 459.2 471.9 485.5 498.6 516.3 532 542.3 550.6 558.7 566 574.7 581.6 589 594.5 601 609.4 619.1 628 638.4 650.5 664 678.4 694.7 709.9 726.3 740 752.1 763.9 771.1 764.8 762.2 752 738.8 729.5 737.9 755.1 789.5 824.1 832.2 838.7 827.5 790.8 758.1 747.9 724.5 712.3 702.8 687.9 659.9 636.2 618.6 606.2 603.9 596.5 589.1 569.3 553.2 561 578.1 595.8
296.3 308.7 326.8 339.8 355.7 372.5 386.5 399.4 410.4 424 432.3 437.2 442.5 448.5 446.7 447.1 448.6 448 452.4 462.9 475.6 489.6 505.3 522.8 534.1 541.8 547.4 555.5 563 572.6 580.3 587.2 594 602.7 611.7 621.7 633.2 644.5 659.2 675.7 692.6 712.4 733.1 746.6 760.6 780.7 796.9 805.6 800.6 783.5 761.9 753.1 763.8 770.9 802.3 840.5 849 852.4 823.3 791 771.1 757.5 737.3 720.1 709.5 691.8 666.3 646.5 629.7 621.5 613.2 606.1 594.2 571.2 561 567.3 575.8 595.7
303.1 319.1 335.5 347.6 362.3 380.1 397 415.6 428.5 437.7 446.7 453.7 460.4 465.3 464.9 464.6 465.5 464.2 461.6 460.1 466.9 481.2 495.8 509.2 521.6 532.4 540.4 545.1 553.9 563.7 572.2 579.8 588.8 596.7 604.7 615 626 638.3 650.8 669.2 687.6 709.7 730.8 744.1 764.8 789.3 811.4 828 830.9 808.2 787.4 782 781.4 794.7 817.6 856.5 865.6 847.5 818.2 801.4 785.7 773.9 760.4 741 733.6 718.1 689 658.8 645.4 637.8 627.9 616.3 600.4 578.2 565 563.3 575.3 600.1
311.5 326.9 342.9 357.4 375.4 397.2 415.8 432.6 450 456.9 463.3 468.6 477.4 482.3 483.2 483.6 481.9 480.3 479.6 477.8 482.3 487.1 491.5 501.8 513.1 521.9 537.1 545.1 546.7 555.3 564.2 573.2 582.7 590.2 598.5 607.7 618.7 630.3 643 657.1 675.5 700.6 724.7 737.3 761.7 788.7 814.6 828.2 837 833.4 815.1 804.5 806.2 819 837.7 862.6 878.2 859.4 836.4 818.7 811.7 805.5 793.3 772.2 770.1 750.9 717.9 688.1 670.5 663.2 642.7 630.9 602.1 584.3 566 563.5 579.3 601.7
318.4 333.8 349.7 367.6 387.3 411.2 435.6 460.1 472.8 481.9 488 490.9 494.8 499.6 502.5 501 500.6 499.2 498.2 497.1 499 501.2 506.3 513.4 522 530.6 541.2 548.4 554.6 559.3 561.8 565.4 576.9 585.2 592.9 601.4 611 623.5 636.8 651.2 665.4 685.5 707.8 725.4 753.1 783.6 811 829.7 844.4 851.9 840.9 837 834.5 844 860.3 885.3 901.7 883.9 866.1 850.8 847.4 839.1 820.7 807.6 813.7 781.2 744.2 712.6 690.3 679.8 658.9 635.7 618 591 572.4 562.4 577.5 600.4
325.6 340.2 354.9 376.7 402 424.3 451.7 478.2 495.8 517.5 520.2 521.7 521.5 523.8 525 520 517.1 519.4 517.5 515.2 516.1 517.2 520.7 526.3 532.2 540.3 545.8 553.2 559.7 564.9 568 571 573.9 581.2 587.9 596.3 606 616.2 631 645.5 659.5 676.1 695 715.7 741.8 770.4 798.1 826.2 851 857.5 854.8 867.3 868.3 879.5 891.1 910.2 925.7 916.4 907.4 892.5 887.2 874.1 859.3 844.5 843.5 803.8 766 735.1 706.2 685.8 666.7 654.6 633.8 606.9 575.7 563.6 584.7 600.4
330.1 347 365.9 385.7 408.1 438.9 469.4 492.1 512.5 531.3 553.9 554.5 552.7 552.1 552.6 546.8 549.4 544.5 533.6 534.4 534.4 535.1 538.9 541.9 547.3 550.8 555.4 558.9 565.8 569.9 572.3 575.3 576.2 578.3 585.8 593.2 601.1 612 625.4 640.2 654.8 669.3 686.4 707.3 730.3 761 790.4 820.3 840.4 844.9 858.9 875.7 888.7 903.7 917.5 939 951.6 955.8 946.8 935.5 922.6 907.7 893.5 881.8 865.8 828.3 787.6 753.8 723.8 697.8 680.2 668.2 644.1 613.5 584.8 566.1 583.9 599.5
335.1 353.6 376.6 395 424.4 450.2 486.2 513.3 531.3 544.7 559.1 572.4 581.2 583.5 581.8 584.6 580.5 562.7 552.9 550.7 552.3 553.9 556 557.1 558.8 561.5 564.7 568.2 572 573.9 576.1 577.8 580.1 582.7 583.9 590.9 601 611.1 621.9 636 650.4 664.8 682.4 701.9 723 751.1 777.8 807.1 821.5 830.1 853.1 876 905 924.3 937.9 955.8 966.9 978.3 979.1 967.7 955.9 941.4 927.2 914.4 891.1 847.5 811.1 779.6 745.9 716.3 698.3 681.2 663 628.7 590.1 570.9 579.1 605.8
342.1 360.8 382.7 408.6 429.3 471.3 496.7 524.8 537 548.5 565.4 584.9 596.8 605.9 610 611.1 597.2 579.1 570.3 567.5 569.8 569.4 571.3 569.6 570.2 572.9 577.7 579.3 579.5 581.4 583.1 584.9 588.2 589.5 591.8 595.5 601.9 610.8 621.1 633.4 647.2 663.6 680.4 696.8 716.1 742.5 764.9 787.6 804.2 816.4 848 875.1 901.8 919.1 928.6 924.9 930.9 952.1 970.6 970.7 982.8 970.7 958.4 944.3 909.7 874 843.6 805.9 770 740.9 725 701.3 668.3 637.8 607 579.4 578.6 614.1
345.1 365.9 387 415.2 438.3 469.5 498.1 513.1 536.3 555.9 574 596.4 609.3 619.5 627.1 627.3 617.1 597.1 583.7 580.7 580.4 585.5 583.3 581.6 584.4 588.2 587.1 587.3 588.8 590.8 593.2 595.5 598.9 602 601.7 604.3 604.8 612.5 622.2 632.9 646.6 662.5 678.9 694 710.4 737.3 765.5 789.4 807.7 816.8 849.6 870.9 891.1 900.1 899.1 891.8 895.6 932.1 925.9 937.7 958.2 962.6 952.8 943.8 933.8 905.5 883.5 832.6 790.4 763.7 749.9 721.6 684.2 649.3 617.7 587.5 575 609.9
353.7 372.2 392.8 416.3 456.8 474.7 491.5 515.3 535.9 563.1 583.6 603 617.4 627.6 638.5 640.8 633 615.2 603.8 597 594.4 595 592.8 594.5 598.3 596.7 595.4 596.2 600.6 605.6 608 611.9 614.3 614.9 612.8 612.7 613.2 617.8 627.3 637.3 648.4 662.5 678.1 692.5 707.3 735.5 766.7 789 802.2 812.5 844.1 871.8 888.3 879.7 860.2 854.4 860 868.2 879.5 902.8 931.1 925.7 928.5 929.1 927.2 924.6 903.3 854.6 810.5 790.6 774.4 740.2 701.1 665.3 622.6 594.9 576.8 591.5
354.7 377 399.3 417.4 446.1 480 501.7 528.1 548.7 568.7 591.4 608.9 620.5 631.5 641.8 646.6 648.1 635.4 627.8 622.6 618.1 606.9 606.1 610.4 610.5 606.7 606.9 611.5 614.5 620.5 626.9 631.3 632.2 631.8 625.7 623.2 623.6 625.6 632.6 641.8 651.6 663.9 678.8 692.9 708.3 734.9 764.9 782.8 792.6 800 827.5 846.5 852 832.7 815.1 806.4 817.4 820.6 842.9 863.5 878.3 882.5 890.2 901.9 903.8 908.9 900.2 867.3 836.5 816.1 797.6 757.4 725.2 674.8 637.3 606.4 580.7 582.5
363.4 380.7 401.4 419.5 439.2 471 503 534.4 557.4 573.3 592.4 609.2 622.7 634.5 646.2 651.6 656.6 660.4 655.6 648.1 640.4 634.6 635.4 633.8 630.1 635.4 632.3 628.8 632.3 638.1 646.7 654.4 657.6 645.8 634.2 635.4 634.4 633 638.2 645.3 654.1 666.1 681 697.5 710.5 737.2 768.3 781 779.2 785.7 808.8 828.1 820.3 797.6 776.5 768.7 769.9 785.8 804.4 825.1 837.1 841.4 853.7 863.7 870.3 877.6 872.3 868.7 857.4 849.8 821.2 775 728.1 686.5 651 618.5 587.7 577.9
364.8 385.7 406.6 421.7 440.1 468.6 499.5 525.9 554.3 577.3 594.1 609.2 623.8 641.2 654.4 663.7 665.6 673.5 674.7 672.3 666.8 664.7 664.6 662.4 658.6 661.7 663.4 655.7 666.3 660.6 670.6 668.5 662.7 653.2 647 652.9 648.8 639.8 642.7 650.1 659.7 673.3 688.3 702.6 714.8 739.7 764.4 770 769 778.4 796.9 811.1 790.7 765 742.4 730 730.7 746.3 766.6 777.5 802.6 803.1 816.8 826.4 835.8 844.5 855.5 858.4 849.2 854 838.3 784.6 743.9 699.1 663.9 631.8 595.2 577.2
363.5 387.1 408.2 430.3 452 480.2 507.2 534.3 561.3 585.6 606.1 621.5 635.5 649.7 662.8 670.6 673.6 682.4 689.2 696.6 696.1 698 699.4 699.3 694.2 697.8 708.8 710.4 705.8 688.6 681.8 684.4 671 672.8 662.4 656.2 653.3 648.7 652.5 658.6 669.1 682 693.5 709.6 721.8 748.6 771.5 763.6 760 772.5 796.8 791 759.1 736.4 712.4 699.4 696.9 711.2 733.6 738.8 750.2 757.9 779.4 790.1 804.8 823 841.7 845.7 843.2 845.4 838.8 797.4 750.4 710.4 673.9 633.3 599.6 575.6
365.1 385.9 408.2 431 457.5 488 515.2 541.4 579.9 604 620.6 634.9 646.5 658.1 669.2 673.5 681.8 694.2 699.8 705.4 710.8 719.4 728.2 736 736 739.9 751 751.2 752.7 722 703.1 692.5 681.5 676.8 669.5 667.5 658.7 656.4 664.2 669.8 681.1 686.5 699.9 714.6 730.5 756.6 767.3 761.9 751.9 765.3 789.4 777 749.1 706.1 675.5 662.2 664.3 674.7 684.8 692.4 708 725.6 740.4 754.8 777.9 810 823 831.1 835.3 837.2 840.6 805.1 764.6 725.3 688 641.9 604.7 581.2
363.4 383.5 407.1 431.5 464 489.9 515.7 543.6 572.8 605.9 628.5 642 655.6 667.9 674.9 678.6 688.9 702 704.1 711.4 720.7 731.2 744.1 750.7 772.7 776.8 786.8 795.1 765.6 733.3 707.6 700.3 695.6 694.6 685.6 673.7 661.5 664.4 674 681.8 687.6 687.2 702.2 718.7 737.4 766.4 772.9 755.5 738.1 758.4 782.1 746.5 711.3 674.2 648.1 638.3 635.5 637.1 646 655.7 668.8 688.4 702 728.5 763.4 793.4 806.2 816.1 823.7 834.5 846.2 817.9 780.5 736.9 689.9 650.4 614.6 588.8
366.3 386.8 408.2 438.8 466.6 499.6 522.7 539.1 565.5 591.1 621.2 643.1 661 673.2 675 681.6 690.2 699.3 704.2 716.2 724.9 738.6 749.4 762.6 782.1 798.1 807.8 799.9 769.1 739.3 726.2 717.6 717.7 719.4 695.3 678.8 674.4 677.6 681.6 684.4 689.6 696.5 712.1 724.6 744.7 755.4 742.1 720.6 720.4 752 765.3 716.2 680.6 652.5 628.8 618.1 612.5 607.8 615.1 627.1 638.8 655 680.3 714.2 741 765.3 785.7 801.6 811.9 828.9 843 832.9 792.3 754 713.5 660.5 625.7 597.5
367.7 386.7 417.3 452.9 472.6 494.2 525.5 547.5 569.6 593.2 616.9 641.3 661.1 668.1 673.7 683.6 690.8 696.3 706.1 720.1 728.5 740.3 754.2 772.3 792.6 802.5 812.6 812.5 782.9 759.5 747.4 737.5 740.4 732.6 708.9 688.7 689.7 692.4 695.6 699.5 703.8 706.5 718.7 725.7 728.8 732.2 701.7 698.7 704 739.1 735.2 697 666.5 639.8 616.5 604.4 594.9 592.2 594.4 602.6 615.9 633.2 660.7 691.7 724.2 747.1 764.8 780 800.3 819.1 834.8 831.5 802.2 764.4 717.7 672.8 637.7 607.1
369.7 383.2 412.1 445.8 472.6 491.2 516.1 540.8 562.6 588.1 610.4 630.3 649.7 657 669.4 681.1 688 695.7 707.9 720.2 729.8 741 762.3 779 796.7 801.7 810.1 818.6 806 791.6 781.8 762 752.8 738.6 716.4 696.7 702.9 713.6 715.4 714.2 719 719.2 719.5 718.9 717.1 702 682.7 680.4 683 709.3 717.7 700 666.4 631.3 605.3 593.2 583.9 581.8 585.1 589.9 600.8 618.5 646 675.3 702.3 725.4 740.9 759.3 784.9 806.7 818.7 813.3 796.3 772.9 735.9 688 649.9 612.6
366.7 383.2 409.3 434.1 453.9 473 495.6 522.4 548.1 571.4 597.6 614.3 615.9 636.5 650.7 666.5 678.6 688.3 701.7 715.2 728.3 741 756 769.6 781.8 793.3 807.1 821.2 830.6 832.3 807.3 784.1 761.7 742.1 717.3 709.6 716.3 728.3 734.9 738.4 740.5 733.3 723.8 702.4 695.4 675.9 658.2 661.1 668 694.4 708.2 694.7 662 622.1 596.5 582.1 573.1 573.3 576.7 580.2 588.7 602.6 626.9 651.8 674.2 697.6 717.9 739.9 765.7 791.5 809 808.8 788.7 777.6 749.2 705.4 660.6 617.6
