app/static/ascii/NN62.asc
ncols 200
nrows 200
xllcorner 260000
yllcorner 720000
cellsize 50
[rows 0 to 34 of 200, columns 0 to 78 of 200]
516.3 523.7 529.5 540.1 555 566.4 576.2 583 583.6 579.2 586.4 584.3 593.4 596.9 588.4 562.4 556 557.8 564.9 560 534.1 528.2 531.1 537.2 537.3 530.7 529.8 531.8 539 540.3 542.7 544.1 546.2 551.8 556 567.8 577.2 588.1 598.4 603.6 606.3 606 593.2 582.4 558.5 555.1 559.3 554.3 540 522.6 511.2 489.3 475.5 461.5 455.6 449.2 444.3 425.1 412.6 412.1 406.8 405 399.4 396.6 393.7 391.6 388.5 387.6 389.7 392.5 399.6 405.6 403.1 401.9 399.7 397.7 396.3 395.1 389.3
526.7 528.4 535.2 538.5 548.3 563.4 574.2 583.5 587.5 577.1 573.1 575.6 595.5 590.2 581.5 562.5 556.7 564.4 558.5 559.4 541.3 531.4 537.4 545 542.3 536.6 536 538.9 543.1 543.7 546 550 551.3 560.7 561.7 567.9 577.8 595.1 601.5 605.3 608.7 610.6 594.4 578.6 558 555.9 561.1 559.2 543.9 520.9 496.6 476.4 458.4 444.8 444.5 438.4 431.8 421 411.5 408.6 404.6 402.7 402.6 401.8 399.8 394.2 389.8 386.3 389.1 388.2 394.9 402.1 402 400.9 397.5 396.2 392.9 388.7 387.4
531.8 527.4 537.2 548.2 556 557.9 572 579.6 579.3 579.6 572 575.7 581.1 584.5 576.2 562.9 560.2 562.4 562.3 550.5 544.6 534.7 540.8 550.7 547.8 540.5 544.4 548.1 548.4 546.3 550.3 552.9 561.2 567.5 569.9 571.2 578.7 594.7 605.9 607.7 610.2 610.2 599 570.3 556.7 555.9 561.2 561.4 543.6 519.3 490.9 463.5 447 437.1 434.9 431.2 426 416.4 409.8 407 405.8 403.7 403.2 403.4 405.6 401.6 393.7 386.4 386.8 385.6 385.8 395.2 399 396.7 393.5 391.4 388.9 384.9 384.8
527.7 529 536 552.5 565 561.9 561.8 569.4 572.7 570.5 573.3 571.8 575 576.8 571 568.3 567.2 555 554.4 548.7 540.9 535.7 539.6 553.1 552.7 543.7 545.2 552.2 550.7 549.7 554.3 560.1 564.8 572 575.7 578.7 586.3 595.8 605 610.3 613.8 610.8 600.5 566.4 553.9 555.2 560.3 551.9 536.2 508.9 488 462.9 444.5 432.9 427.3 426.4 423.3 413.4 408.2 406.3 406.3 407 403.4 403.7 406.8 401.9 394.2 387.1 386.4 388.7 386.6 385.3 395.2 393.3 391.3 387.5 386.1 382.9 384.2
529.1 529.4 537.5 553.7 564.5 566.2 561.9 567.1 569.5 562.7 570.7 572.9 574 574.9 570.4 577 574.1 557.6 551.8 550.6 543.9 537.2 536.9 549.9 552 551.4 547.6 547.4 550 550.7 557.3 566.9 577.6 574 578.3 582.8 588.7 602.5 605.1 611.2 612 610.2 584.3 556.5 550.6 553 554.2 548.5 527.9 500.6 479 456.4 438 428.9 421.1 420.7 417.7 412.8 407 405.9 405.9 407.8 404.1 403.9 404 402.2 395.1 389.3 389.3 387.9 384.3 379.8 385.9 390.1 386.5 385.3 384 382.2 384
529.1 529.1 535.7 542.9 550.4 554.5 557.7 558 560.5 562.1 560.9 567.1 577.2 581.4 571.8 566.7 568.3 556.4 554.5 553.9 548.9 539.1 538.5 541.8 549.8 550.9 548.7 547.6 548.9 552.6 560.9 572.4 588.5 591.3 581.1 582.7 587.8 600.4 600.3 600.1 607.9 605.6 573.7 547.9 545.4 548.5 546.5 533.5 512.6 494.7 472.3 446.6 429.9 425.9 419.8 414.6 413.8 410.8 406.4 405.7 406.3 404.9 405.7 402.4 402.1 399.4 395 390.2 388.9 386.5 385.2 381.9 378.7 382.9 383.5 384.7 383.5 381.4 382.2
529.1 529.1 529.1 530.6 540.1 543.7 547 553.2 556.1 558.5 562.3 570.4 581.1 584.9 583 567.1 561.8 557.8 555.6 556.2 550.8 542.8 540.9 541.7 548.1 551.5 549.9 549.1 555.2 561.2 568.2 579.6 592.8 598 592.1 583.9 585.9 589.9 592.1 592.8 592.9 594.2 565.4 544.4 543.1 540.5 525.1 511.7 500.1 487.6 465.5 441.5 431.2 421.6 417 414.7 411.3 408.4 406.7 406.3 406.3 405.3 405.9 400.5 398.6 398.5 391.5 388.5 387.4 387.5 388.5 382.3 375.2 379.1 381.3 382.9 382.2 380.2 383.1
529.1 529.1 529.1 531.4 538.6 543.7 551.8 558.2 558.2 559.2 568.4 575 580.3 587.7 580.6 569.1 568.9 564.8 563 551.9 551.4 542.5 542.3 542.4 544.1 548.8 551 553 562.9 572.1 576.1 584.4 594.6 600.2 599.5 591.2 589 589 591.3 592.2 582 569.2 551.4 540.9 540.3 536.1 515.3 497.2 491.8 476.3 456.8 436.6 429.8 421.3 418.6 415.9 412.2 408.2 407.3 407 407.3 406.8 406.8 402 397.1 395.6 396.8 394.2 390.9 390.2 389.1 385 378.5 372.6 376.7 379.8 380.7 379.3 382.5
531.1 527.2 528.4 534.6 540.8 550.9 556.1 560.4 560.3 561.1 575.7 583.8 584.4 583.5 580.6 571 569.8 572.2 564.1 551.5 546.5 543.6 543.4 544.5 546.7 553.9 556.2 558.4 572.4 580.7 582.5 592.7 598.1 602.2 606.3 594.1 594.9 594.1 590.2 590.4 588 558.8 543.1 538.7 537.5 537.1 516.6 490.9 479.4 463.5 445.8 436.4 425.8 422.1 419.4 416.6 412.2 408.8 409 409.6 409 408.8 406.4 404.5 403.2 400 398.4 395.8 394.3 391.7 389.7 386.6 380.5 372.8 371.7 376.8 378.3 379 381.9
530.3 529.4 533 538.2 542.3 552.2 559.8 559.6 562.1 565.6 576.2 592.3 592.6 590.6 582.5 571.7 571.2 576.2 567 549.3 546.8 544.6 544.9 546.3 550.4 558.7 563.1 568 583.1 592.3 591.5 600.2 604.2 605.6 609.2 599.4 596.6 592.3 592.4 588.2 586.8 572.4 543.4 539.1 534.5 525.2 507.7 487.7 466.7 451.4 442.8 436.1 429.4 422.6 418.8 417 414.3 411.1 417 413 412.4 410.7 409.1 408.6 407.2 406.3 399.4 396.3 394.1 391.9 391.6 388.8 382.6 373.1 371.6 372.7 376.7 378.8 380.9
530.8 535.1 538 539.7 544.2 549.7 557.4 561.2 571.3 572.8 576.2 588.5 595.3 598.4 605.6 583.9 571.9 578.2 568 548.5 546.4 546.6 546.8 548.3 552.4 561.6 570.3 578.4 590.5 602.4 599.5 605.4 609.1 612.2 610.3 602.7 599.3 599 585.4 584.3 582.3 567.6 552.6 538.5 530.4 513 494.6 477.8 465.1 452 443.1 438.9 428.9 422.5 418.6 416.6 414.9 418.1 419.6 415.9 415 412.7 412.4 411 408.4 406 400 395.9 393.7 390.8 389 389.4 382.1 377.1 371 370.5 375.5 375.6 381.5
537.7 540.6 542 543.9 547 554.1 561 565 571.5 579 579.4 588.7 595.3 604.9 610.1 605.7 576.2 565.4 557.4 548.4 547.2 548.4 549.3 551.3 555.5 567.9 576.5 586.2 599.8 606.8 603.6 609.3 613.5 616.5 609.7 603.1 602.3 603.6 588 577.8 573.8 566.1 559.1 535.5 517.2 504.3 487.3 476.9 463.5 458.6 448.4 442.6 435.9 427.2 421.1 420.2 419.9 420.3 421.7 421 418.8 418.1 415.8 413.8 409.4 404.6 400.2 395.7 393.3 391.1 386.2 384.2 380.3 376.8 369.2 369.9 372.6 377.3 381.8
543.4 543.8 548.1 553.3 550.3 559.7 571.1 572.8 572.7 575.9 579.6 587 594.3 604.1 604.9 609.1 586.1 557.1 547.7 546.9 548.5 552.5 555.7 558.4 559.8 570.4 580.7 593.6 607.5 610.3 605.3 610.4 613.6 616.5 607.6 602.7 603.3 609.2 598.8 577.5 568.9 562.9 551.8 531.4 507.2 494.9 480.6 469.5 463 460.9 455.7 445.5 440.7 433.9 430.1 426.7 424 424.3 425.6 424.2 422.6 421.8 419 414.4 410.8 405.8 399 395.2 392.7 390.1 383.9 381.7 379.5 376.6 372.4 368.4 371.8 376.9 382.5
546.4 547.9 551.5 555.8 549.6 561.8 575.8 577.1 576.8 574.6 577.6 580.3 593.8 598.7 608.8 593.4 579.3 561.4 544.3 544.2 550.8 556.8 561.3 565.2 565.8 574.1 583.8 603.6 612.8 613.7 608 608.8 612.3 613.9 609.8 602.8 603.2 611.7 601.6 576.4 564.8 565.1 545.9 519.2 502.3 492.5 478.5 468.9 462 461.1 458.2 450.6 446.6 440.5 438.1 435.3 432.9 430.6 429.5 429.1 427.2 426.2 423.2 416.1 411.5 403.2 397.9 394.6 392.5 385.4 381.8 379.3 377.4 375.1 372.6 367.8 370.4 377.2 382.7
547.7 553.8 551.9 547 547 561.6 577 584.6 583 577.9 572.7 573.2 587.2 597.9 600.9 587 566.7 550.6 542.4 543 549.5 559.1 570.2 574.1 576.2 577.5 585.4 606.7 615.3 615.2 609.8 609.9 611.2 611.2 606.7 601 603 611.1 604.9 581.8 565.7 564.5 539.1 512.6 503.7 492.6 484.6 466.3 460 457.3 456.8 453.7 450.8 445.8 444.5 447.7 450 436.6 433.9 432.4 431.2 431.9 429.7 418 409.1 401.9 396.5 393.2 390.3 383.2 379.8 376.6 375.2 374.4 372.8 370.3 369 377.5 382.6
552.8 553.6 550 547 547 556 575.7 589.1 595.2 586.6 570.9 567.8 577.2 594.4 585 574.8 549.1 540.8 537.8 542.6 550 560.7 570.8 580.3 579.3 581.3 586.8 601.6 613.5 615.7 611.1 610.6 612.9 606.6 602.1 599 605.2 602.6 599.7 583.8 562.8 557.2 531.6 510.7 500.9 491.5 487 467.3 457.8 455.4 454.7 454.1 453.9 451.4 454.5 466.3 466 446.2 437 435.3 433.6 434.1 424.5 418 409.1 401.4 391.8 391 385.8 377 376.3 374.3 373.5 372.5 374.1 367.1 370.4 376.8 383.4
560.7 560 549.8 547 547 552.8 568.4 593.4 602.8 599.7 578.1 563.9 563.7 574.9 568.9 557.3 543.3 534 534.3 541.7 550.7 565.5 571.9 577 580.4 582 588.8 601.9 604.9 609.3 612.3 610.4 615.3 608.7 598.2 594.7 597.5 594.8 595.1 577.9 557.1 542.1 519.1 506.6 495.8 487.5 480.5 468.8 456.9 454.2 452.9 452.9 453.7 456.9 459.1 474.2 464.5 454.2 438.3 433.9 434.7 428 421.9 415.1 409.4 399.1 392.1 385.7 382.7 374.5 373.5 372.3 371.5 369.4 365.3 366.6 371.6 377 383
567.9 560.9 552.4 549.6 550.1 551.7 560.1 583.1 599.7 599.9 584.7 568 552.7 555.6 557.4 541.5 536.8 526.5 533.4 539.8 550.1 563 572 577.5 579.2 582.4 590 600.6 609 601.2 605.1 610.9 601.6 609.3 592.1 590.3 590.8 586.5 581.4 569.3 545 528.4 509.6 505 492.5 482.1 473.6 464.4 454 452.3 452.1 452.4 453 458.3 460.8 461.7 465.1 455.9 438.9 430.8 429.3 424.4 417.3 409 404.5 397 388 379.9 377.8 373.3 370.7 368.7 366.8 365 363.7 369.1 371.4 377.9 383.5
565.4 565.4 563.7 553.5 550.9 550.1 552.2 566.4 582.3 590.2 580.6 568.8 552.5 538.9 538 532.7 525.4 521.4 529 537.2 548.8 559.6 570.1 577.8 581.9 582.4 586.7 597.1 602.4 602.5 592.7 594.8 593.1 584.1 583.3 582.6 592.1 579.3 577.7 558.1 538.1 520.5 513.6 503.9 491.7 479.5 466.4 456.1 452 451.3 451.2 451.4 452.2 456.4 458.1 459.3 458.7 455.6 438.1 428.2 426.5 418.4 409.2 402 397.3 390.5 382.1 375 371.1 370.1 368.7 366.1 363.1 362.3 366.6 369.4 372.4 377.1 383.2
570.1 571.1 569.8 560.9 555.5 553.3 551.5 546.7 563.4 569.1 567.9 563.2 548.7 533.5 527.8 524.2 516.8 520.4 527 536.2 549.1 560.6 571.8 581.7 588.5 588.6 585.6 596.8 599.3 599.7 593.1 582.2 579.3 575.6 573.6 575.1 580.4 575.6 567.3 545.9 528.7 514.7 510.9 502.3 485.3 471 459.2 452.5 451.2 451.2 451 451.5 450.8 452.9 453.9 457.3 450.4 447.8 435.2 422.9 419.7 410.7 401.6 397.5 391.3 384.4 377.4 370.7 367.6 368.4 366.1 364.9 361.7 363 366.1 368.8 372.3 377.8 383.3
578.9 578 575 569 564.6 561.1 554.4 545.6 544.7 552.7 551.8 552.7 539.5 529.8 518.4 516.1 514.2 519.2 526.4 537.1 550.5 560.1 576.1 587.2 596.1 598.4 584.3 588.9 597.6 598.4 598.8 581.5 573.3 571.5 569.5 568.8 570.9 567.1 558.7 547.5 518.6 507.8 503 492.6 475.2 462.6 455.7 452.9 452.3 452.3 452.9 452.2 449.2 450.1 448.4 449.3 440.1 436.7 430.3 418.1 411.6 404.9 396.5 390.8 384.9 376.6 368.2 364.9 363.5 363.2 363.5 363.6 360.9 363.8 367.2 370.5 374.5 378.7 385.5
586.8 581.9 580.3 575.3 572.1 571.5 562.5 550.6 534.1 536.6 538.3 536.2 528.3 518.8 513.8 511.7 512.6 518.8 523.2 537.3 549.1 561.3 571.1 588.8 596.6 595.3 585.4 581.5 592.1 598.9 598 585.7 572.5 567.5 565.6 562.3 564.5 561.6 551.4 533.8 511.8 503 497.4 482.9 469.4 458.4 456.9 456.3 455.7 455 457.2 451.7 447.2 444.7 439.5 437.2 436.3 429.6 424.9 412.3 401.3 396.8 389.5 384.4 377.5 368.3 363.3 361.1 357.4 357.3 358 359 363.5 365.6 369 372.5 376.3 380.1 386.5
589 588.4 589.2 584.3 577.3 575.1 571.7 562.1 536.6 520.6 525.3 528.1 520.2 514.2 509 506.8 514.2 518 521.4 531.1 544.3 557.8 570.5 578.4 587.7 586.9 581.8 574.8 581.2 593.1 593.7 580.3 572.2 572.6 560.6 560.8 557.5 550.1 532.7 516.6 503.6 496.4 493.4 479.4 467.5 465.3 463.2 461.5 460.4 457.7 458.6 451.9 441 436.7 431.9 430.6 432.8 422.3 413.6 405.7 396 387.5 382.6 378.1 368.1 360.6 355.5 355.4 356.3 357.9 362.7 364.8 366.3 367.7 370.8 374.3 378.2 383 388.2
600.5 604.8 596.2 595 581.9 577.7 570.6 565.9 536 521.5 515.4 520.3 515.8 504.3 504 506.7 516.1 517.7 519.1 526.2 533.7 552.9 567.1 576.3 574.6 579 575.4 564.6 562.2 575.9 576.2 569.2 570.2 565.1 562.1 552.1 551.3 541.4 520.9 500.8 488.7 486.6 486.8 482.6 478.4 474.4 472.3 467.8 462.6 456.4 455.3 446.2 437.9 428.8 426.2 424.9 424 414.7 405.9 397.9 390 380.6 373.3 372.3 359.7 353.4 354.6 360.5 362.4 361.3 361.7 365 367.1 368.7 373.2 377 381.5 385 389.7
621.9 608.6 598.8 599 588.9 579.2 565.1 556.3 535.9 525 512.1 508.5 509.1 500.7 497.2 505.3 515.2 518.6 521.9 515.3 520.6 539 552.9 564.7 567.7 568.2 566.4 552.9 552.9 552.7 557.7 560.6 558.2 555.1 553.2 547 539.8 531.7 510.9 493.8 487.1 484.8 485 485.3 484.8 483 480.6 473.8 466 455.7 448.1 439.9 432 425.8 420.3 415.8 411.9 409.4 400.8 392.7 383.4 377 367.6 362.8 351.1 359.6 360.8 361.4 362.6 362.6 365.3 365.8 367.3 370 374.1 379.3 384.8 388.5 392.3
625.7 616.5 598.3 595 586 576.3 561.5 547.1 534.9 524.3 512.9 503 499 496.7 494.5 499.9 508.2 508.4 520.4 508.9 509.4 515.1 533.5 548.2 556.7 558.8 553.8 538.4 538.4 531.3 539.3 545.1 550.9 542.4 541 540 521.9 516.3 504.5 493.7 490.3 486 487.7 488 490.8 490.4 480.2 471.4 466.2 449.6 440.8 434.1 427.9 423 416.6 410.1 404.2 400.7 395 388.3 377.5 366.9 363.2 353.4 352.6 361.2 362.2 362.5 363.3 364.4 368.3 370.8 372.8 375.8 375.2 381.3 386.7 390.8 394.1
627.6 617.7 603.2 582.9 577.2 571.3 558.2 542.6 531.2 522.1 511.9 504.7 498.1 493.8 490.9 493.1 499 502.9 500.7 503.3 497.5 499.3 510.8 532.1 536.9 538.5 546.4 525.7 513.6 512.4 517.8 527.1 533.5 523.9 529.4 529.7 513 501.6 496.8 493.5 491.1 489.7 489.3 489.9 496.1 487.7 475 464 456 444.7 439.2 431.7 424.5 418.4 412.2 402.9 396.4 394.6 391 380.4 371.9 362.6 352.9 348.6 360.5 363 364.4 365.6 366.1 367.1 372.9 373.1 375.9 381.7 378.6 384.6 388 392.5 396.6
621.9 616.6 605 580.2 570 562 554.3 541.7 527.7 520.7 512.6 506.2 500.2 494.6 490.1 491.3 493.5 493.6 490.7 489.3 483.3 486.5 494.9 506.4 515.1 521.5 525.8 510.7 500.6 495.9 505.9 512.3 514.4 506.2 506.4 508 499.5 493.4 497.1 495.5 493.6 494.1 494.1 491.1 488.6 481.8 468.1 454.6 445.3 438.9 437 432.8 420.1 412.5 404.2 396.5 391.1 389.7 378.8 374.7 365.2 358.4 347.1 356.8 363.7 365.4 366.9 369.2 369.7 371 374.6 376 379.4 382.8 384.9 384.3 389.8 394.3 398.2
602 604.2 600.7 579.8 565 559.3 543.7 535.6 525.5 521.2 516.3 509.4 503.4 498.1 489.1 487.4 487.5 488.8 482.1 473.8 469.9 472.5 480 488 492.9 502 498.2 485.8 482.6 483.4 490 495.8 493.2 490.1 491.1 489.2 486.8 487.9 497.2 498.3 499 496 492.7 489.8 481.6 473.4 461.5 449 437 436.1 435.3 428.3 413 401.9 395.1 390.1 385.1 383.5 377.9 368.5 358.5 351.3 353 364.6 366.6 369.1 370.9 372.9 373.8 374.3 378.9 380.7 381.2 384.1 387.6 389.6 392.3 394.3 399.5
597.3 597.4 594.2 576.3 561.8 557.6 538.9 529.5 524.5 521.5 517.2 513.4 512.9 501.8 491.2 484 479.9 479.5 475.2 465.4 457.3 462.8 465.1 473 470.3 469.1 469.9 467.3 467.2 470.4 478.3 479.4 478.7 478 478.9 480.1 480.9 484.6 491.3 497.5 498.5 491.7 487.3 482.6 475.9 464.1 453.8 443.3 437.1 432.6 431.7 416.6 404.4 395.4 389.9 386.2 381.8 375.7 368.4 366.1 360.7 344.6 361.3 366.6 368.5 370.1 373.2 376.2 378.9 379.8 382.7 384.9 386 386.7 391 392.9 397.7 398 398.5
601.9 580.8 590 567.8 553.8 552.1 531.1 525.8 524.2 517.4 514.8 517.6 517.8 510.2 499.4 486.2 477.2 471.3 467.6 458.8 447.8 450.2 453.2 451.6 448.2 445.4 449.8 452.5 450.7 452.9 462.7 465.3 467.6 466.9 467 476.5 480 483.3 485.5 492.3 488.5 484.5 482.8 478.2 467.1 457.1 451.8 441.4 434.9 427.5 417.9 408 400 393 389.2 383.5 377.5 369 364.2 350.6 344.3 347.8 366.9 371.8 373.2 373.4 376.3 379 382.5 383.7 385.1 387 389.6 391.6 392.9 396.2 400.9 403.9 407.9
609.2 583.2 560.8 560.4 543.5 535.1 529.9 523.8 518.8 516.8 518.5 520.3 520.2 516.9 509.8 496.4 478 464.3 457.2 452.3 442.4 435.7 437.3 434.3 429.9 429 431.5 435.2 436.7 438.9 446.3 451.7 455.1 458.6 463.1 471.9 477.5 478 482.1 479.7 481.5 478.3 479.4 475.1 462.7 455.7 449.6 440.1 430 420.3 409.9 406.1 397.5 390.2 385.5 378.2 372.7 367 358.3 337.2 348.3 362.4 369.1 376.5 378.7 378.4 380.2 382.2 384.9 386.4 387.9 391.3 393.1 395.6 397.1 399.3 401.8 408.5 411
603.3 596 564.8 544.8 536.4 529 527.7 521.9 518.2 518.6 522.2 522.7 523.9 522.2 516.7 508.1 494.6 466.6 449.2 442.9 438.6 426.9 419.5 418.7 415.7 417.8 415.7 419.7 424.9 424.8 430.6 439.7 450.7 457.7 457.9 465 473.6 474.7 472.2 473.7 473.4 473.5 472.8 468.4 458.5 453.2 445.9 437.3 424.9 415.6 405.3 400 395.2 386.3 382.6 374.2 368.3 362.1 351.1 334.4 351.3 367.3 372.2 378.9 380 381.3 382.8 385.2 387.5 389.2 390.6 393.7 395.8 398.1 401.4 404 408.6 409.9 413.7
605.2 597.5 584.9 550.9 533.9 529.5 526.4 519.9 518 520 524 525.6 526.6 527.1 522.6 512.5 500.1 476.3 449.1 434 426.6 419 407.4 404.5 403.3 403.4 404.6 407.1 411.4 414.8 416.3 427.7 446.8 455.2 455.1 456 463.1 466.5 465.8 466.2 468.1 466.4 466.8 460.6 451.8 446.2 439.8 428.5 416.2 407.9 399.9 393.1 387.4 379.6 374.6 370.3 362.7 349.5 335.5 332 351.6 366.9 375.4 379.8 381.8 383.3 385.5 388 389.8 391.4 394.5 396.5 398.4 402.3 407.6 409.5 413.6 417.6 421.6
607.1 603.4 586.7 565.4 539.1 533.4 528.1 521.4 519.5 520.8 523.9 526.8 530.5 534.7 530.2 521.1 505.3 482 455.8 429 417 410 402.9 396.3 397.9 395.9 394.8 396.4 399.3 405.4 405.8 418.6 436 445.6 450 450.4 453.4 457.5 459.8 462.2 462.7 460.1 457.3 454.7 446.3 439.4 432.9 420.9 409.6 402.2 395.9 387.4 380.8 374.2 368.9 365 353.9 337 330.5 341.6 358.2 365.4 371.9 378.9 384.5 388.7 388.6 390.6 392.1 394.4 396.7 399.6 403.3 408.5 413.8 415.7 420.1 423.8 428
