app/static/ascii/NN64.asc
ncols 200
nrows 200
xllcorner 260000
yllcorner 740000
cellsize 50
[rows 0 to 34 of 200, columns 0 to 77 of 200]
712.1 717 722.2 728.4 733.7 737.3 740.2 744.6 750.1 759.9 770.1 779.8 786.8 793.4 800.4 804.2 806.1 809.1 804.5 791.1 759.2 729.2 702.2 677.4 659 642.2 622.6 600.9 582.8 568.6 554.1 552.1 562.8 584.2 605.5 623.7 644.7 666.3 685.5 702.1 701.7 692.5 679.4 669.1 671.8 683 708.4 735.5 761.8 781.7 800 815.4 823.9 826.5 825 822.3 815.5 815.8 818.4 828.4 841.6 859.2 876 894.5 912 929.3 947.9 964.4 983.6 996.9 1002.7 1007.1 1003.4 979.7 961.9 942.4 919.8 903.5
714.3 719.6 726 732.3 738.3 742.8 746.5 752.7 759.5 768.4 778.3 785.7 790.4 796.1 802.3 808.7 816.1 818.1 810.2 795.6 763.1 732.2 703.1 678.6 659.7 645 626.3 605.3 583.5 567.4 553.4 541.5 553.4 572.2 590.5 611.3 628.4 649.4 665.8 681 681.7 672.7 662.6 651.2 673.8 694.4 717.3 741 762.6 779.9 796.6 809.8 815.3 813.5 810 805 795.6 790.4 793.5 807.4 820.4 838.7 856.1 878.8 895.2 916 935.1 954.1 969.7 982.9 994.2 1000.3 993.6 981.2 966.4 946.8 929 914.4
715.6 721.4 728.5 734 741.3 747.6 752.7 758.4 766.2 775.4 783.5 789.2 793.9 798.8 804 813.9 823 823.3 813.9 798.3 764.3 730.9 704 682.2 663.7 647.2 630.6 611.1 588.2 570 554.2 539.5 544 558.5 579.3 597.2 612.1 631.7 646.4 660.7 664.3 657.9 642.6 654.4 679.9 700.6 723 743.4 763.6 779.4 793.1 800.4 801.6 797.8 791.7 783 776.9 764.6 773.4 787.7 802 820.4 838 859.1 880.9 903.6 922.8 945.4 959.1 973.4 988.3 995.1 990.5 979.7 963.6 947.9 932.9 923.5
716.1 721.3 728.4 735.8 742.4 749.5 756.4 762.5 769.1 778.6 786 790.5 796.2 801.6 809.7 819.3 826.9 826.2 818.2 801.8 764.6 735.9 709.5 685.4 665.8 650.8 635 617.5 598.5 577.7 557.8 541.1 531.5 543.7 563.2 580.8 596.6 611.7 630.1 640.5 643.5 635.8 634.7 662.6 684.4 707.2 725.4 743.9 762.5 775.8 786.6 788.5 786.4 781.3 773.8 764.9 760.5 742.7 751.2 767.9 787.3 805.3 822 842.3 865.8 890.9 909.4 932.3 950.7 965.9 976.3 976.9 975.1 967.9 954.1 940.3 932.8 928.3
714 720 726.7 733.9 741.9 748.8 755.6 762.6 769.7 777.4 785.4 792.1 795.8 805.5 815.8 824.2 827.5 828.7 823.8 809 775.2 738.8 711.8 690.3 669 654 638.8 622.8 606.5 585.9 563.9 545.1 529.4 530.5 546.8 564.5 581.3 598.1 609.7 618.2 615.8 614.7 643.2 668.2 690.2 710.4 725.7 742.9 757.8 768.2 777.4 776.9 771.7 767.1 759.9 748.9 742.9 728.5 726.2 751.8 773.2 794 812.5 832.2 854.9 879 900.9 920.1 935.4 949.8 953 951.4 950.7 950.6 941.5 931.7 927.9 925
710.4 717.3 722.9 729.4 737.5 744.8 752.3 760.3 767.6 773.8 782.6 789.4 797.2 807.6 817.2 823.6 826.3 829.3 826.1 815.3 788.5 753.5 724.6 696.9 674.3 657 641.6 627.9 611.4 594 570.3 549.2 531.9 517.8 530.9 547.9 566.5 583.2 592.5 590.3 606.4 634 654.9 674 693.8 711.2 727.1 741.7 752.3 759.1 765 762.5 757.8 752.9 745.7 736.1 722.4 708.6 708.6 736.8 764.2 785.2 805.6 826.9 849.4 872.1 892.2 907.7 924.7 930.4 926.2 926.2 924.6 921 915 907.5 904.5 908.7
707.8 712.1 716.3 723 730.9 739.9 747.7 755.8 763.3 769.5 778.2 786 796.2 806.7 816 820.6 824.4 827.6 826.8 820.7 803.9 767.8 735.3 709.3 680.1 662.4 646.4 631 615.6 599 582.2 560.6 538.6 519.9 518.3 529.6 550.5 565.9 566.8 588.1 614.8 634.3 656 676.8 695.1 710.1 726.7 742.2 744.8 748.5 749.1 748.3 744.5 740.1 733.4 724.1 703.3 691.1 700.3 730.5 758.7 782.7 802.6 823.3 846 865.6 883.3 903.6 912.6 911.8 910.6 912 907.8 903.5 899.3 891.4 885.7 887
703.5 704.6 708.1 716.4 726.1 732.9 741.2 749.6 757.3 763.6 772.5 781.8 792.2 801.9 810.8 816.3 821.7 825.5 826.5 824.7 810.8 766.6 746.9 718.7 689.5 667.5 649.9 633.7 616.1 599.4 581.7 558.8 538.8 519 503.4 517.2 533.8 539.2 567.4 590.5 612.7 632.9 654.9 674.6 691.8 706.7 723.2 734.9 734.3 734.6 734.8 731.6 729.4 726.1 721.3 706.1 686.9 670 696.5 727.1 754.1 779.4 800.3 818.5 840.9 860.5 881.6 899.1 909.4 906.3 902.8 902.3 898.1 893.2 888 875.9 869.8 871.4
696.7 696.4 699.3 708.9 717.4 726.6 733.2 741.2 749.1 756.6 764.5 774.8 786.5 796 803.2 810.9 817 822.8 824.7 823.4 817.2 779 758.3 735 705.9 681 657.3 635.2 615.5 597.4 578.6 557.3 536.9 520 499.5 507.7 519.1 536.1 562.6 587.2 608 631.1 651.8 669.1 685.3 700.8 715.9 723.4 722.6 720.4 717.9 714.5 711.9 710.1 703.9 691.4 671.6 660.9 692.2 722.8 748.6 772.5 792.6 813.2 837.7 860.1 885.5 900.9 908.4 910.3 900.3 895 886.8 878.5 870.5 862.4 855.5 859.2
683.5 685.1 687.7 698.1 707.2 715.9 724.1 731.5 738.8 747.2 756.9 767 778.3 786.3 794.3 803.3 811 817.5 819.7 820.9 818.6 807.1 788.1 766.7 736.8 704.7 673.1 642.3 620.2 599 581.7 560.5 539.8 520.4 495.6 501.4 502.2 531.2 556.7 578 603.5 626.9 645.6 661.5 679.3 689.4 700.5 704.5 702.8 701.8 699.6 695.4 691.7 691.6 685.6 676.7 653.1 651.5 686 717.9 742.4 764.6 790.9 813.2 837.2 861.6 889.8 903.5 910.9 907.8 902.2 884.8 872.4 863.9 856.7 849.8 847.8 847.6
679.7 673.4 677.6 685.8 692.4 701.9 710.3 719.4 727.2 735.8 747 758.2 767.3 775.1 783.3 792.9 802.9 810.1 813 815.2 816.3 814.8 808.6 787.8 756.4 722.8 685 649.8 619.7 601.9 585.2 563 540.7 520.1 492.9 488.3 494.9 523.3 545.2 567.9 594.4 619.6 638.2 652.6 669.2 679.7 682.8 682.1 681.8 681.6 679 671.5 669 668 668.3 656.5 638.7 642 678.5 711.8 736.6 764.4 790.3 815 837.6 861.5 884.4 903.5 912.1 908.7 895.6 878.4 860.6 848.9 845.4 840.8 843.6 837.2
673.5 668.4 671.6 675.8 678.3 687.2 696.1 705.1 713.5 722.1 734.1 745.4 755.1 763 771.8 782.2 792.8 800 803.6 810.2 813.6 813.1 803.5 781.4 757 724.2 689 652.8 620.2 597.1 578.2 558 535.6 512.7 493.3 477.8 490 510.3 533.8 554.8 584.2 608.5 626.1 640.9 654.5 666.8 666.6 664.7 664 660.3 652.4 646.3 641.6 644.9 647.7 636.8 614.8 638.5 674.5 707 735.2 763.8 791.7 819.8 838.9 859.9 879.8 901.2 907.6 895.2 885.2 873 855.1 835.7 834.6 830.1 828.7 822.9
671.8 665.8 660.6 659.4 661.8 671.6 680.4 687.9 697.3 706.5 717.4 728.4 739.6 748.9 758.4 768.5 779.2 785.4 794.1 803.1 805.9 802.4 786.4 769.8 754.8 728.5 687.7 651.4 620.6 597.3 578.3 559.5 540.9 519.2 495.4 469.9 478 498.1 523.2 545 573.1 595.3 615.6 630.4 642.5 649.5 650.6 645.5 641.8 632 625.8 620.8 614.2 618 621.7 613.3 606.4 638.9 673.1 705.5 734.3 763.6 789.1 816.5 836.7 847.2 870.3 887.3 888.4 874.9 871.3 857.2 837.1 823.8 823.6 823.9 823.1 816.1
673 664.6 658.8 652.7 652.8 654 661 669.4 679.4 687.7 697.4 707 718.8 730.7 741.8 751 759.8 763.2 781.1 792.4 794.1 781 760.2 746.9 744 723.7 692.6 653.8 621.9 598.6 579 559.8 541 516.6 494.7 473.1 466.1 486.8 509.2 535.1 562.3 583 602.9 617.8 628.3 631.8 630.8 623.9 612.7 605.1 600 591.9 587.7 593.9 597.8 591.4 607.4 640.2 677.4 708.5 736.8 764.9 787.5 813.5 829 831.2 854.4 864.8 860 852.7 849.6 834.9 822.2 821 820.6 821.7 821.6 817.8
674.5 664 655.5 650.5 648.3 644.1 645.7 650.8 658.4 665.6 674.7 681.3 692.7 704.4 715.4 725.2 731.3 735 753.7 766 764.4 756.3 733.9 714.6 716.7 706.3 684.2 652 620.3 598.9 580.7 559.8 539.5 517.2 495.4 475 452.4 469.5 493 519.6 546.6 569.8 590.3 604.8 613.9 614.7 610.6 596.8 588.2 577.7 569.5 563.5 562.8 570.3 572.3 583.9 615 646.4 681.5 711.8 743 765.1 786.7 805 814.7 815.5 828.1 842.6 838.7 834.4 828.9 824.2 821.6 819.8 824 821.1 821.4 819.8
675.7 667.2 660.6 654.6 647.4 638.6 633.7 636 636 643.7 652.4 657.7 663.9 672.7 682 691.8 697.1 702.1 717.3 726.8 726.9 725.8 705.5 687.9 681.5 680 666.3 648.9 619 595.8 580.6 561.8 544.8 523.2 497.8 476.7 451.9 453.5 479.4 505.8 529.7 558.9 579.7 594.2 599.2 599.3 586.7 575.6 562.7 549.6 539.4 536.6 543.9 561.2 580.7 603.9 633.4 662.3 693.2 725.7 753.2 768.3 787.5 792.3 790.3 795.3 801.1 817.8 821.6 820.3 819.8 815.5 813.4 812.2 815.5 823.4 826 827.4
684.6 675.5 666.6 656.5 648.9 640.5 634.3 624.7 617.8 621.6 630.8 631.5 637.9 643.2 651.8 657 662 669.3 679.2 687.1 686.7 688.8 679.3 660.5 650.9 646.8 643.8 630.2 610.7 593 577.8 561.4 544.1 523.5 500.6 478.4 456.4 439 463.6 489.8 519.4 546.3 568.7 581.5 586.7 583.2 573.6 557.2 539.9 526.5 522.6 547.5 566.6 586.7 606.3 628.9 654.2 678.2 704.8 732.9 750.2 764.3 774.9 775.7 778.9 776 782.2 793.2 801.2 805.6 806.1 802.3 800.7 799.7 812 822 827.5 828.2
691.7 681.1 669.3 658.7 650.5 642.6 635.7 628 617 610.2 608 605.9 612.2 619.9 624.6 629.3 631.5 638.2 642.8 647.9 649.4 648.9 645 631.4 624.3 621.5 618.4 611.3 597.4 583.9 569.8 558.3 541.3 521.1 498.1 476.9 455.8 430.2 451.8 475.5 503 532 556.9 571.4 574.7 567.4 555.2 538.3 516.6 511 537 557.5 579.6 598.7 619.9 641.3 662.2 684.9 705.1 724.4 736.3 749.2 751.4 765.1 758.6 761.3 762.4 768 775.9 780.9 781.9 780.8 779.3 789.5 798.1 807.6 817.1 824.1
702.6 693.8 681.2 670.6 661.6 651.5 643.4 636.2 625.3 613.4 600.6 588.2 588.3 591.9 599.4 602 606.6 610.1 611.9 613.6 616.9 614.4 609.5 602.2 599 594.9 592.3 589 578.4 566.9 555.8 546.4 533.2 517 492.9 473.3 456.1 429.2 436.4 461.8 489.4 519.4 546.2 561.5 565 553.4 536.9 518.8 500.8 522.6 539.9 562.3 583.1 603.9 625 643.2 661.8 682.8 708 710.6 717.9 729.1 735.8 739.6 741 751 748.1 746 755.6 754.6 758 757.9 762.6 776.3 786 795.4 802.5 808.1
715.6 709.6 697.7 684.3 671.2 659.4 649.7 638.4 629.3 616.2 598.6 587 576.4 572.3 574.1 579.6 582.2 583.4 586.2 586.4 588.4 587.2 579.5 572.2 571.9 571 567.3 562.2 558.2 548.1 540.5 531.9 520.9 508.7 487.9 466.6 447.6 422.2 423.4 450.9 478.4 509.3 531.9 547.7 551.8 540.1 522.2 500.3 495.5 521 538.4 561.4 582.2 602.4 622.8 641.1 656.3 677.3 689.2 701.1 702.7 708.4 714.3 718.4 727.1 737.3 727.3 726.2 727.8 727.4 733.2 731.6 741.3 752.3 764.1 772.5 780.1 786.6
724.5 724.3 716.9 701.4 685.1 668.8 652.6 633.5 623.6 607.6 597.6 589.5 579.5 573.1 557.8 556.2 558.5 560.2 562 561.4 563.9 562.4 556.2 546.9 550.1 545 541.9 538.4 534.1 527.3 525.4 517.1 509.7 495.4 479.1 457.6 438.3 411.7 410.1 441.9 467.6 497.1 518.5 533.1 533.8 528 514.4 484.5 494.5 512.9 532.2 555.6 578.7 599.2 617.4 632.8 648.9 665.1 675.5 688.1 690.2 690.3 697.8 700.9 712 712.3 700.1 704.3 704.5 705.9 710.9 714.6 723.6 732 742.7 749.9 755.6 763.4
730.4 733.6 727.7 714.8 695.9 675.2 656 641.7 629.3 616.1 604.4 593.2 584.5 575.4 559.7 547.8 544.3 542.7 539.1 539.7 542.2 540.5 537.1 528.4 529.6 527 520.1 515.8 514.9 509.3 507 502.6 496.7 482.8 465.7 447.5 431.3 401.8 401.1 432.3 457.1 479.8 501.8 517 518.5 516.6 508.6 485.4 479.7 503.2 527 550.3 573.6 596.2 613.8 628.1 637.3 651.4 665.7 674.4 672.4 680.7 679.9 685.2 689.5 685.1 686.1 689.4 688.2 690.2 691.5 703.1 710.2 715.7 722.2 727.8 734.6 742.3
730.9 736 735.7 729.4 715.4 693.9 670.2 651.8 637.1 622.2 610 599.2 589.5 577.8 565.3 553.4 544 533 526.8 520.9 515.5 518.2 514.5 508.6 508.9 504.7 498.8 495 493.6 488.8 486.2 485 485.7 470.5 457 441 425.6 397.1 388 418.9 446.8 469 483.9 497.8 503.5 505.4 499.4 480.9 467.7 491.7 517.4 542 567.8 594.1 609.4 624.2 634.2 645.5 653.6 659 668.9 672.8 671.7 674.8 676.2 674 675.2 669.8 670.8 676.5 681.7 688.7 693.4 697.6 701.3 708.3 713 717.4
727.9 736 739.5 735.8 725 706.1 684.3 664.6 648.7 633 619 605.3 594.8 584 573.5 563.7 553.7 541.7 533.3 516.9 506.8 497 494.2 490.2 487.2 483.1 480.3 476.5 475.6 472.9 469.3 467.9 463.1 453.4 443.4 432.9 416.2 391.5 374.3 405.1 432.6 456.1 469.7 478.2 487.3 490.4 487.8 474.1 450.3 479.1 506.8 536.7 564.5 594.6 605.1 619 630.4 638.3 642.5 652.7 660.3 667.9 666.3 662.7 658.5 659 665 653.7 655.4 658.5 667.8 672.3 677.7 681 683 687.1 690.8 696.9
723.2 732.9 738.4 736.3 726.9 713.7 697.5 679.2 662.3 644.8 630.8 617.7 605.6 594.1 583.5 572.7 562.9 552.5 542.2 529.7 517.5 507.2 487.7 476.9 472.9 471.7 464.1 460.1 456.8 453.9 450.2 449 444.9 436.8 429.2 418.9 404.4 385.1 363.8 391.4 419.3 442.3 456.5 466.3 473.2 471.7 469.2 449 446.8 480.2 511.7 543.5 568.8 588.6 600.1 615.6 615.7 625.9 636.3 643.1 655.2 662.4 659.2 648.3 642.1 640.4 636.3 635.9 642.2 647 652.5 656.9 659.7 663.5 666.1 670 672.8 680.3
717.5 726.7 733.4 733 728.3 723.6 713.7 701.7 681.1 663 648.8 635.4 624 606.9 596.3 583.5 572.2 561.8 551.3 540.7 527 516.8 501.5 485.5 475.3 463.3 451.7 445.8 441.4 438.5 434.8 432.2 425.2 420.7 412.8 402.9 390.8 376 356.8 375.6 406.9 428.4 444.5 455.5 459.7 452.8 443.4 426.9 452.6 489.6 519.4 543.2 563.2 582.1 593.9 601 611.6 621.2 628.3 636.1 643.6 655.2 644 630.4 628.5 621.6 618.4 619 618.7 633.1 638.3 641.5 644.1 646.9 649.6 651.8 657.3 665.2
711.2 721 727.6 728.3 730.3 730.5 726.5 718.7 705.1 691.1 674.3 656.6 640.3 622.9 609.6 597.4 585.6 572.9 560.6 550.1 537.4 523.6 511 499.6 484.7 471.6 459 450.2 437.4 428.6 422.4 417.3 411.6 403.9 392.8 382.4 373.3 364.7 352.1 369 396.8 414 430.7 443.3 438.2 425.6 412 432.3 469 502.5 528.1 541.8 559.5 577.4 584.8 595.2 606.9 613.2 616.5 622 629.7 629.1 622.4 616 609.3 607.8 607.2 603.2 610.9 616.4 621.7 628.4 628.1 630 632.4 636 642.2 648.8
703.6 713 718.1 722.8 729.1 733.1 733.3 729.3 721.2 708.6 693.5 679.6 665.6 650 632.3 616.2 604.2 588.9 575.2 560.6 548.2 536 522 509.4 497.1 482.4 468.4 459.1 446.1 436 425.4 414.1 402.1 387.5 371.6 355.7 347.6 345.5 341 368 384.1 400.4 415.2 420.2 408.5 397.8 419.8 458.6 491.8 507.6 528.4 541.1 553 573.3 580.5 595.6 605.5 609.5 608.2 611.2 618.1 624 617.8 609.3 603.7 597.3 593.1 590.7 597.7 601.3 603.9 606.9 609.6 612.8 616.7 622.8 631.1 635.7
694.7 702.5 707.3 713.9 723.4 730.5 733.2 731.9 731 728.1 719.9 708.3 696.3 683.1 669 650.7 632.1 613.6 597.7 581.4 564.5 548.1 533.5 517.9 504.5 491 476.1 463.1 452 441.6 431 419 405.2 390.4 374.4 358.4 343.2 325.3 342.4 359.4 370.7 384 395.9 397.7 382 408.4 442 477.9 490.8 504.1 517.9 532 547.6 558.9 574.6 589.2 589.3 596.9 605.3 614.6 618.1 618.6 611.2 600.7 592.1 589.8 579.7 576.4 580.3 584.3 587.1 587.9 588.3 590.3 598.2 603.5 610.2 614.2
682.8 690 696 704.3 714.5 721.3 724.7 725.6 729.6 731.1 726.1 719.6 711.2 704.9 695.6 682.3 667.6 644.6 625.3 604.4 585.1 568.1 549.3 529.6 513.1 495.4 479.4 467.5 454.8 443.5 431.7 420.4 407.2 391.8 375.6 357.7 339.4 319.6 325.4 340 353.2 364.9 370.4 370.3 403 429.3 455.5 473.5 485.8 498 510.2 516.6 530.3 543.7 561.4 568.1 580.4 594.4 601 605.7 614.3 614.8 615.7 602.8 586 573.6 562.5 560.9 563.9 566.1 565.5 569.4 572.4 574.3 573.9 576.1 583.7 588.8
671.6 677.3 685 694.5 704.8 711.5 713.2 716.8 725 719 716.8 709 704.6 692.4 685.8 697.4 683.3 663.9 641.4 618.3 599.8 577.9 560.2 538.9 522.4 504 488.8 469.7 455.4 443.6 431.7 419.3 405.2 390.3 373.5 353.9 335.3 312.3 311.7 329.2 338.8 351.8 371.9 391.2 405.7 429.9 446 462.8 476.7 487.8 492 504.1 519.4 537 545.4 560 567.3 579.2 593.2 599.3 602.2 605.2 602.3 590.9 567.7 553.4 542.9 543.3 546 549.3 553.3 557.3 558.4 550 553.1 552.8 558.3 555.9
657.5 663.9 673 682.4 691.7 697.6 701.2 706 703.1 693 698.9 697.5 689.3 670 663.4 668.1 663.6 640.5 617.7 596.7 578.8 564.8 542.5 528.4 514.1 500.8 486 470.4 452.9 439.3 426.1 413.9 400.9 386.6 370.3 351.6 331 306.7 313.3 332.2 343.7 355.2 368.4 383.7 400.4 418.2 432.6 450.6 461.2 473.6 485.9 492.1 507.6 523.7 544.1 554.3 561.1 564.6 572.6 582.9 584.2 585.6 579.1 561.8 548.2 535.8 531.5 529.6 535 540.4 541.1 535.5 530.1 529.7 532.4 532.1 532.7 532.5
642.8 651.7 661.5 669.5 676.8 682.2 688 683.5 669.1 665.2 683.1 683.9 661.6 650.5 647.4 644 639 616.1 594.7 577.9 561.7 540.4 523.3 508.4 495.8 482.4 469.3 454.9 441.5 428.3 416.9 404.9 392.8 378.7 363.1 346 326.8 302.6 305.2 323.1 335.9 345.8 355.9 370.5 390.7 396.8 415.1 432.4 438.9 457.9 468.2 477.5 495.1 514.7 530.2 534.3 544 539.2 546.8 553.6 560.8 562.2 552.5 537.7 535.7 523.9 519.8 520.4 527.3 527.4 521.4 513.5 511.1 512.8 514.6 510.9 508 511.9
626.7 636.7 646.2 653.9 659.6 664.6 661.1 654 638 637.6 651.9 652.3 637.8 630.2 623.9 614.5 607.6 585.7 569.9 552.4 538.6 512.8 500.8 486.3 472.8 460.1 445.7 435.6 423.7 412.1 402.5 392.2 380.6 368.6 353.7 339.4 323 302 292.8 309.5 325.5 335.3 342.4 353.9 367.9 378.8 393.5 406.2 420.7 432.2 443.3 467.5 484.5 501.4 514.4 517.3 512.6 518.4 528.5 535.1 534.4 531.3 521.5 512.5 514.5 509.9 513.6 512.2 505.2 505.3 502.1 498.6 494.5 496.8 491.9 490.1 492.4 495.4
610.1 620.2 628.2 634.5 637.7 640.1 628.1 618.4 608.4 608.3 620.7 622.2 613.5 606.6 597.1 585.9 580.5 558.4 538.1 526.6 502.8 488.2 475.2 460 448.1 435.5 422.6 414 401.3 392.4 383.7 376.4 365.4 355.4 343.9 331.5 317.3 302 289.6 298.5 312.2 321.2 328.7 338.8 346.7 358.6 369.7 385.1 397.9 407.8 423.8 445.6 463.3 479.7 495.6 492.8 492.8 497.7 493.2 500.5 514.1 510 502.3 493.9 494.9 496.8 499.2 493 490.4 486.4 481.1 479.7 483.7 484.5 473.6 474.4 474.9 480.1
