app/static/ascii/NN65.asc
ncols 200
nrows 200
xllcorner 260000
yllcorner 750000
cellsize 50
[rows 140 to 174 of 200, columns 0 to 77 of 200]
460.8 467.2 470.2 472.2 481.3 489.5 494.9 500 505.1 511.6 516.5 521.3 525 533.6 540.9 548.1 554.2 561.6 568.2 576 582.6 588.6 595.6 602.4 608.3 612.4 616 620.1 621.5 620.1 615.2 610.4 605.3 599.4 591.7 585.4 579.6 573.6 565.5 558 550.5 543.1 535.8 529.1 524.9 521.1 516.7 499.9 513.6 514.9 511.6 490.7 488.9 506.8 522.6 527.4 532.7 539 553.4 565.6 578.8 598 614.6 628.2 640.1 651.7 663.4 682.9 699.3 709.3 712.8 707.2 702.1 693.3 681.5 664.9 650.7 644.4
466.4 472.8 476.3 478.5 479.2 490.8 498.4 504.5 508.4 515.1 520.2 522.1 527.7 537.5 543.5 551.3 557.9 565 571.8 578.7 585.8 592.7 600.2 607.1 613.1 618.6 622.8 626 626.8 625.2 620.9 616.9 612.8 606.1 599.8 592.8 586.5 579.2 571.4 563.5 557.3 550.7 543.8 538.9 533.7 528.2 522.6 508.9 519.1 518.8 517.9 506.4 492.5 498.6 520.9 528.3 532.1 537.1 548.9 560.6 573.2 589.7 608 622.3 637.9 648.3 657.5 667.4 687.3 699 708.5 701.9 696.1 686.3 673.4 658.8 646.5 639.3
472 477.7 482.2 484.3 485 491.4 500.7 506.1 511.2 518.9 522.3 524.8 530.6 538.5 546.6 553.6 560.9 568.2 574.7 582.3 589.6 596.6 603.7 610.6 617.5 623.6 628.2 631.7 632.9 631 628.3 626 619.9 613.1 607 600.8 593.1 585.9 578 570.5 565.3 557.3 552.4 548 540.5 535.3 527.6 512.7 522.9 521.4 522 520.5 506.9 499.1 503.4 517.5 530.7 535.5 542.9 554.1 567.5 579.3 599.5 613.4 632 643.6 651.4 659.9 679.1 690.2 699.9 696.6 690.2 678.4 662.7 649.7 640.4 637.6
477.3 481 486.3 487.8 491.2 492.4 502.3 507.7 514.5 520.9 525 527.3 533.8 541 549.9 557.1 563.6 570.6 577.5 584.4 591.9 599.2 607.4 614 621.3 627.8 632.9 637 638.3 637.4 635.7 631.4 625.3 619.5 615 608.7 600.5 593.5 585.8 577.7 572.6 567.8 562.2 555 547 541.3 533.3 521.4 525.9 524.8 525.6 525.9 519.6 506.4 518.1 527.7 531.9 533.8 540.6 550.9 563.4 573.1 592.6 606.6 620.1 635.1 647.3 657.8 667.4 683.9 694.6 693.6 682 674.3 655.8 645.3 638.8 635.4
483.7 485.7 489.5 491.2 495.6 499.2 504.4 509.8 516.3 520.3 526.6 530.8 537.1 544.2 552.8 559.7 565.8 572.1 579.3 586.1 594.7 602.6 610 616.7 624.7 631 636.1 640.5 642.4 643 641.8 638.7 634.8 629.7 625.1 619.1 611.1 602.6 594.7 587.2 581.9 576.5 569 561.6 554.1 547.4 537.3 527.7 528.7 530.1 530.2 531.1 529.8 510.2 525.5 530.8 533.5 535.8 539.5 549.1 560.1 570.3 586 600 613.9 627 639.2 653.1 662.5 677.1 690 686.6 676.3 667 652.2 644.2 638.4 633.4
488.4 491 492.1 494.9 499.2 503.2 506.3 511.2 517 523.6 528.4 533.1 540.4 548.1 555.4 561.3 568 574.8 581.1 587.9 596.6 604.8 613.4 620.1 628.1 634.6 639.8 644.8 647.2 648.9 648.8 646.2 643 638.4 632.9 625.5 617.9 610.1 603.5 596.5 589.9 583.4 575 567.2 559.5 551.5 542.7 526.7 537.5 536 534.6 535.1 531.1 513.5 520.4 525.8 534.8 537.4 541.7 547 557.4 570.7 582 594.6 608.1 620.7 635.7 650.2 661.8 672.1 680.2 680.7 674.2 669.8 653.3 643.3 637 636.7
491.3 493.9 493.6 500 504.2 507 510.5 513.7 519.5 525.7 529.6 533.8 541.3 550 556.4 562.7 569 576.4 583 590.8 600.2 608.6 617.3 623.9 632.4 639.1 644.4 649.2 652.8 653.8 654.7 653.6 648.7 644.3 637.3 631.3 624.6 618.7 611.4 603.4 596.5 589.4 580.7 571.8 563.5 553.9 549 531.8 542.9 541.6 539.4 540.1 535.1 524.6 520.2 522.2 536.5 539.3 543.2 546.2 556.9 568.6 580.1 591.4 604 618.1 633.8 648.7 657.2 668.3 672.7 673.3 671.5 665.4 651.7 641.1 640.7 641.4
490.7 494.5 498.4 503 507.2 510.8 513.7 518.2 522.4 526.4 530.2 535.4 543.1 549.8 556.2 563.9 570.3 578 585.4 593.9 603.2 612.7 620.6 628.5 636.4 642.6 648.4 653.5 657.3 658.8 659.5 657.7 654.1 650.7 645.7 640.8 636.4 630.6 622.8 612.4 603.9 596.3 586.7 577.2 567.2 562.7 553.4 537.4 550.2 547.2 547 543.3 538 529.2 529.7 528 540.2 541.6 545.7 550.2 559.2 570.7 580.5 590 603.1 617.7 633.5 647.4 655.9 666.2 671 673.1 667.6 659.4 650.6 649.7 650 649.1
489.9 493.6 499.4 503 507.6 511.9 516.5 520.3 524.4 529.2 532.9 538.8 545.3 550.8 556.9 564.5 571 578.4 586.7 596.4 605.6 615.4 624 632.7 640 646.5 652 657 660.7 662.7 663.4 662.2 660 656.7 652.6 647.7 642.2 636.9 628.1 617.9 608.7 601.2 590.6 580.3 574.5 567.6 551.9 541.8 554.7 555.2 551.2 546.2 539.3 539.1 540.1 533.1 542.3 545.1 548.9 553.5 558.9 570.7 580.7 591.1 602.1 619 635 646.5 657.6 667.7 673.9 676.2 669.9 662 661.6 662.1 660.9 657.3
490.8 495.9 500 505.3 510.1 514.7 518.7 522.7 528 532.8 536.2 540.7 546.4 551.7 558.2 565.9 572.7 580.4 589.3 599 607.7 617.2 626.1 633.9 643.3 649.7 654.6 660.4 664.5 666.8 667.1 666.5 664.6 662.2 659.1 654.2 648.1 640.5 633.3 623.3 611.4 603 593.9 586 577.8 571 550.4 555.2 560.2 557.8 553.4 549.4 545.4 545.7 544.6 543.2 540 548 553.2 558.3 561.4 572.6 582.9 594.1 603.8 619.2 636.7 645.9 659.7 671 678.9 679.5 670.7 669.6 671.7 670.7 668.9 665.9
492.7 497 502.3 507.2 511.4 516.7 520.6 525.4 530 535.1 539.6 544.5 549 554.9 561.4 568.3 575.9 584 593.2 601.5 611.7 621.1 629.2 638.3 646.2 653.4 657.9 664.5 667.9 669.3 670.3 669.5 668.5 667 663.1 658.3 652.4 645.4 636.8 626.4 614.9 603.7 596.3 588.2 581 571.6 550.4 569.7 566 561 554.6 552.7 554.4 551.9 551.3 550.1 542.9 549.4 556.6 562.7 566.1 573.9 584.1 595 605.5 620.5 637.4 650.6 668 676 682.8 685.9 676.9 677.8 680.2 677.8 675.3 673.1
493 498.6 503.2 507.8 512.8 518.5 523.4 528 532 536.8 542.2 547.7 552.3 558.2 564.5 571.6 578.8 585.5 595.2 605.2 615 624.6 632.8 642 649.8 656.3 661.9 667.4 670.6 672.3 673.1 672.8 672.8 670.6 666.8 661.9 656.2 648.9 639.9 627.9 617.4 605.3 597.1 589.6 582.9 567.7 562.8 574.9 569.3 563.3 563.2 563.8 561.5 558.5 557.5 555.4 550.5 546 559.1 564.8 568.9 575.3 586.1 597.1 606.8 621 638.6 654.9 674.1 680.4 687.2 689.1 685.3 686.1 690.4 685.5 682 679.2
493.1 498.5 503.4 508.6 515 520 525 529.8 534.2 539.9 545.4 549.6 554.7 561.5 567.9 575.6 582.6 591 599.2 606.8 616.8 626.4 635 644.2 652.7 659.3 664.9 669.9 674 675.7 676.2 676.2 676.1 674.1 671.6 666.9 661.7 655.1 643.4 631.3 620.2 608.3 598.2 590.8 582.8 564.9 573.9 577.5 572.2 569.9 571.1 568.9 566.7 565.6 564.2 562.9 558.5 550.6 553.7 564.5 571.8 578.3 584.5 599.3 609.5 622.7 641.6 658 676.5 683.3 697.7 699.4 696.1 694.6 695.7 692.7 691 690.6
493.5 498.7 503.6 510.1 516.8 521.8 526.8 531.5 536.2 542.6 547.5 551.9 558 564.4 570.5 578.7 586.4 594.2 602 610.2 619.5 628.1 638.1 648.2 654.8 663.2 669.7 675.4 678 679 679.7 680.3 680 678.6 676.9 673.4 667.4 659 645.7 633.4 622.4 610 600.5 593.3 580.7 570.6 582.9 581.3 577.7 576.3 575.9 575.6 574.6 576.4 572.3 569.9 566.6 559 556.6 557.4 564.3 575.3 587.8 599.4 609.2 622.1 640.9 660.3 675.9 687.5 707 707.5 707.5 704.2 700.9 699.2 699.5 700
493.2 498.7 504.5 511 517.6 523.2 527.8 532.9 537.6 544.1 548.9 554.5 561.3 566.9 574.3 581.6 588.8 597.4 604.7 615.3 623.3 632.2 642.1 652.7 661.4 669 675.6 680.2 682.3 683.4 684.1 684.5 684.8 682.9 680.5 676.7 670.3 661.4 647.4 635.8 623 611.5 601.9 590.8 572 587.4 589.1 583.7 584.4 583.4 583.3 584.9 584.5 586.6 585.9 579.6 574.4 565.7 564.9 565.6 563.8 567 583.9 599.8 609.6 620.3 635.8 655.9 674.2 688.8 710.4 714.8 715.8 713.3 706.5 706.8 708.2 710.4
493.9 499.8 506.2 512.2 518.2 523 528.1 533.4 539.3 545.3 550 557.2 563.7 569.8 577.3 583.8 590.6 599 607.3 616.7 624.9 636.7 646.8 658 665.7 674.8 682.5 685.7 687.8 689.1 689.6 689.6 688.3 685.7 682.2 678.2 670.7 659.9 647.8 635.7 623.6 612.4 603.5 600.9 582.2 593.9 593.3 592.8 592.2 591.4 593.6 594.8 594.1 594.7 591.3 586.8 580 577.1 576.3 573.5 572.2 569.4 585.3 604.2 611 618.3 631.9 652.4 669.5 686.6 709 718.8 725.2 722.6 716.4 717.4 722.5 721.4
494.4 500.5 507.1 512.9 518.7 523.8 529 535.1 540.3 546.2 551.2 558 564 571.1 578.7 585.3 592.7 601.4 609.3 617.9 627.4 641 651.8 663.7 672.9 684.1 690.4 692.5 693.9 694.8 695.5 695.2 692 688.7 684.4 678.9 672 661.9 649 636.4 625.2 616.5 610.5 605.7 586.5 603.6 598.6 599.6 601.3 599.2 602.4 603.4 604.4 602.8 598.4 594.1 589.5 586 585.9 585.9 579.5 572.3 580.4 601.8 614.4 618.7 628.6 644.8 667.6 683.3 704.9 723.7 730.3 729.6 729 727.2 738.7 739.9
494.4 499.7 507.1 513.2 518.9 523.7 530.6 536.8 540.9 548.4 554.4 560.8 567 573.8 579.7 586.8 595.9 604.9 612.3 620.4 631 644.8 655.8 669.8 680.8 690.4 695.5 698 699.5 699.9 703.1 699.9 695.4 690.1 686.9 680.1 672.9 661.7 652 641.3 631 622.1 618.8 611.8 592.9 611.7 608.3 610 607.9 608.3 610.2 611.8 611.5 608.6 606 601.3 597.2 593.8 592.9 591.6 589.5 583.2 578.3 603.4 611.2 616.9 625.6 641 659.9 678.3 703.1 722.6 733.6 737.1 738.3 737.7 748.5 753
494.7 500.7 507.2 512.9 519 525.3 531 537.1 543 549.4 554.9 562.4 570.1 576.9 583.6 590.7 599.1 607.3 615 623.7 635.1 647.5 661.3 675 688 696.5 699.5 702.2 704.5 706.7 711.2 711.4 708.1 698.7 691 682.9 674.8 664.9 654.5 646.1 635.8 627.4 621.5 613.2 607.7 618.8 616.2 617.5 617.6 618.6 618.1 619.6 619.3 617 613.7 607.2 604.8 602.3 599.9 596.5 594.1 597 582.4 594.9 611.2 616.1 623.9 636.2 654.6 673.3 694.7 717.9 738.2 742 742.6 746.8 756 762.6
494.8 500.3 506.7 512.1 518.5 524.8 531 537.5 543.2 549 556.6 563.5 570.7 578.5 585.8 594.9 603.1 610.1 617.8 628.6 639.3 651 666.5 681.7 691.6 699.9 703.9 706.3 709 714.9 719.7 720.4 716 708.4 696.9 686.8 678.2 670 659.2 650.7 642.1 636 632 612.4 619.8 625.4 622.3 626.4 626.9 629.5 629.4 628.4 627 624.2 620.5 614.9 612.5 611.3 605.5 603 599.9 602.3 592.4 588.2 608.8 615.9 623.1 633.3 649.5 670.6 689.9 712.5 735.5 743 746.9 754.2 763.8 776.8
495.8 501.4 507 513 519.6 525.2 530.7 536.4 543.8 549 556.9 564.4 572.1 580.4 588.6 597.7 606.4 613.4 622.9 632.4 642.6 655.7 670.7 687.2 697.2 704.4 708.8 712.5 716.8 722.9 729 727.8 722.4 714 701.1 689.3 682.3 675.1 665.4 657.1 649.6 643.8 638.4 618.6 629.2 631.1 629.4 634.4 637.8 638.5 639.5 638.5 635.3 631.7 626.1 622.6 619.6 617.2 613.9 609.1 606.2 608.7 607.7 592.7 605.7 616.3 623.1 633.1 647.4 665.1 685.1 704.2 731.4 744.5 752.5 764.8 772.9 786.8
497.4 502.3 507.3 513.9 520 525.5 530.7 537.1 544.2 550.2 557.9 566.1 573.9 582.1 590.3 599.5 608.3 617.6 627.7 636.9 647.1 658.6 673.4 691.8 701.7 709.5 715.5 719.1 724.5 731.9 735.7 733.5 726.5 717.5 705.1 694 685.9 679.6 670.4 663.6 656.3 648.8 641.1 630.8 632.6 638.9 639.1 642.7 646.8 649.2 650.5 649.4 645.2 638.5 633.4 630.4 627.4 623.9 620.6 615.9 612.9 613.3 612.2 603.4 599 617.5 623.8 631.5 643.5 659.7 681.6 699.8 723.4 747.5 761.9 771.7 778.3 792.5
500.5 504.5 509 513.8 519.9 525.3 530.1 536.4 543.4 551.1 559.1 566.5 574.3 582.4 591.6 601.2 610.4 621.8 631.4 641.1 650.9 663 677.2 694.3 706.7 714.8 721.3 728.4 732.8 739.3 741.7 739.2 733.1 723.6 711.6 700.6 694.1 684.9 678.3 669.7 661.7 653.8 645.1 640.7 636.8 642.5 647.9 651.6 655.2 658.4 661.3 658.2 652.3 645.7 640.4 637.2 634.3 629.8 626.2 622 620.5 619.4 617.8 611.3 605.8 619.2 625.2 632.5 641.9 658.8 677.7 694.8 719.5 745 765.7 776.1 783.4 798.9
501.8 506.1 510.5 515.8 521.1 525.9 531.9 538.2 544.8 552.8 560.2 568.5 576.7 584.6 594.3 604.1 615 624.4 634.6 643 654 665.6 680.2 697.9 711.8 721.2 729 737.6 742.4 747.2 747.6 745.5 739.5 730.3 718.8 708.6 700.9 693.8 685.1 676.6 668.7 659.7 655.7 650.7 645.1 652.6 656.7 660.8 664.3 667.7 668.1 665.4 659.3 653.6 649.1 643.9 639.5 635.4 632 628.6 627.9 624.1 623.4 619 607.2 622.3 626.1 633.2 643 656.7 671.4 686.9 715.3 738.9 759.2 775.7 785.7 807.4
503.2 507.7 511.3 515.9 520.5 526.2 532.7 538.5 546.6 553.6 561.6 570.3 577.3 585.8 595.9 605.9 615.7 626.6 636.1 645.6 658.4 669.2 683 701.3 715.2 725.8 736.3 742.9 749.8 754.5 754.3 750.4 745.1 737.8 726.6 716.3 708.3 700.9 692.7 684.4 676.6 668.5 662.7 652.7 655.3 661.5 665.5 671.4 673.7 676.2 673.6 668.7 665.9 661.7 656.7 651.7 645 642.3 639.5 635.3 633 629.5 628.6 626.8 616.1 619.3 631.3 634.2 643.4 653.8 669.9 683.5 707.7 731.9 752.3 768 784.7 807.8
501.8 509 513.2 516.6 521.2 526.5 533.6 539.8 547.1 554 562.5 572.3 581.1 589.5 598.3 608.2 617.3 627.3 640.5 650.6 660.7 669 684.2 703.8 719.3 732.1 740.9 749.3 755.2 759.4 759.8 757.3 753.1 744.5 732.6 723.3 714.4 705.9 697.8 690.7 681.5 678.6 669.7 658 672.8 672.4 676.1 681.4 685.2 683.5 678.2 676.1 673.9 670.8 668.6 661.3 653.8 649.4 646.6 642.7 637.1 635 632.3 631.6 619 629.7 630.1 637.9 643.7 652.9 667.4 680 699.7 722.3 738.6 760.5 781.4 804.2
503.7 505.7 513.9 517.5 522 527.8 534.2 539.9 547.6 555.9 564 572.7 581.2 590.4 600.2 610.4 617.7 629 643.1 653.3 662.3 672 688.5 706.7 722.8 736.5 746.4 754.7 760.9 766 766.3 764.2 760.5 751.2 739.2 729.4 719.9 711.7 703.2 694.4 689.5 681.1 678.7 667 678.8 680.1 685.9 692.5 695.6 691.8 690.9 689.2 684.4 684.2 679.9 672.4 665 659 653 648.7 642.3 638.5 636.2 630.1 626.1 635.4 634.5 637.3 646.2 653.2 666 680.3 694.8 710.3 731.8 753.4 775.8 799.3
511.5 511.4 511.8 518.1 522.7 527.6 534.1 540.5 547.5 556.4 564.6 573.6 583.6 592.9 602.6 611.2 622.4 631.5 642.4 654.3 663.2 674.5 691.9 709.7 725.8 740.2 752.7 761.9 768.1 772.6 772.9 772.2 766 757.5 745.4 734.6 725.5 715.7 707.3 703.2 695.5 687.2 683.1 678 683.7 686.8 696.4 702.1 705.1 705.4 705 700.5 695.9 694.4 688.3 680.7 673.3 666.7 660.6 655 647.1 642.7 640.1 628.8 633.8 638.2 640.3 641 647.8 655.9 665.5 675.7 688.6 706.7 727.1 745.6 766.2 794.6
515.7 516.6 515.4 516.2 522.1 527.2 533.7 540.8 547 555.8 564.9 575.2 585 593.4 603.5 614.4 624.6 635.6 645 655.2 665.1 679.7 696.9 711.7 730.1 745.8 759.9 770.7 776.1 779.7 782 779.3 773.8 763.6 750.7 741 732.1 721.7 715.1 708.4 699.7 694.3 686.2 686.6 690.6 695.4 703.8 713.7 720.3 721.3 719.1 712.6 708.5 701.9 694.7 686 678.2 672.8 667 661.1 653.5 646.5 641.1 636.6 641.9 641.6 644.4 647.4 647.6 658.3 667.5 677.1 689 705.5 723.8 741.3 761.5 781.5
519 520.4 520.9 520.9 520.1 527.8 533.2 540 548.2 556.5 564.5 574.5 585 594.5 603.9 615.7 626.7 636.9 646.6 657.7 669.9 685 701.4 716.8 735.1 751.2 766.5 778.1 782.6 786.8 789.2 786.5 781.7 770.8 757.4 746.8 737.1 727.3 720.9 712.5 707.2 701.5 687.2 694.6 698.9 705 712.7 725.8 734.9 738.2 734.6 729.9 722.9 710.3 698.6 691.1 682.9 678.1 673.4 666.7 658.7 652.2 643.4 643.8 646.5 647 648.4 651.5 656.2 657.6 666.4 677.1 688.2 703.9 723 740.4 758.2 776.3
521.7 524 524.3 525.8 526.7 526 533.9 540.1 548.5 557 566.6 576.2 587.2 596.1 607 619.4 629.8 639.4 650.1 660.6 674.8 692.3 708.7 725.3 743.2 759.1 773.8 783.2 789 795.3 796.3 794 787.6 776.8 764.3 753.2 744 734.1 729.3 717.3 712.7 702.2 697.9 700.1 707.4 714.1 724.9 736.8 747.2 751.7 750.3 747 735.5 722.1 705.8 695.7 687 682.7 678.1 671.9 663.6 656.7 645.7 650.5 652.6 652.4 653.6 657.5 661.9 667.4 671.5 679.3 690.6 706.3 722.3 739.4 755.9 774.4
525.6 528.1 529.4 530.2 530.1 526.5 535.8 544.5 550.2 557.5 566.8 576.6 587.3 597.1 609 620.2 632.4 642 652.1 666.2 683.9 701 717.7 735.8 753.4 769 781.8 788.4 796 801.8 802.7 799.7 792.3 782.3 769.3 758.7 748.3 740.5 732 723.2 717.8 713.3 702.6 708.8 715.5 723.7 733.5 747.8 755.8 759.3 758.8 752.4 741.5 730.6 711.5 700.2 691.3 685.9 681 673.3 668.3 657.9 650.6 657.8 657.4 657.9 660.3 665 668.3 673.8 681.3 686.9 695.2 710 725.2 743.1 758.6 775.3
527.9 531.1 532.7 533.7 533.7 531.4 536.9 544.5 550.7 558.2 567.3 576.4 586.3 597.3 609.8 622.1 633.5 645.3 659.8 676 692.5 709.9 727.5 746.8 763.9 780.1 789.3 795.3 803.2 808 808.8 805.5 797.5 786.5 774.8 765.3 754.7 745.3 734.8 726.7 724 719 715.9 716.9 722.6 731.6 743.3 757.6 764.2 765.4 761.6 752.8 744.9 731.9 713.7 702.4 695.3 689.1 684.2 676.8 671.1 668.5 657.7 663.7 662.6 663.9 669.9 673.2 678.3 687 690.6 698.6 703.6 718.5 733.4 748.3 765 779.4
532.7 534.7 536.3 540.3 539.1 538.1 536.8 544.9 551.5 558.8 567.3 575.8 585.4 595.8 610.3 622.3 635.7 648.4 667.3 683.8 701.4 718.9 737.9 757.4 774.3 787.8 796.5 803.5 811.4 815.6 815.9 812.3 804.7 792.3 781 772.6 761.2 749.5 738.2 737.2 730.1 726 723.4 724.1 731 740.9 754.4 764.9 772.1 773.7 765.8 754.9 744.1 729.5 715.2 704.5 697.7 692 687 679 675.9 670.9 670 669.8 669.2 673 678.5 684 692.2 698.6 702.8 711.6 715.2 728.8 741.9 756.9 772.9 785.3
536.8 538.6 540.1 542.7 544.2 543.6 539.1 543.9 551.1 557.9 567.1 575.9 585.2 596.2 610.5 624.6 639.2 653.3 672.4 690.7 708.3 727.6 747.5 765.8 783.5 794.6 805.3 813.7 819.4 823.8 824 820.3 812 800 790 781.1 769.9 757.6 747 745.2 739.7 736 732.1 732.9 741.3 748.8 761.5 771.6 779.8 779.8 765.7 755.6 742.5 729.3 715.5 706.2 698.6 694.5 689.5 682.1 680.2 671 676.4 675.1 677.8 682.3 689.5 697.1 704.6 710.6 716.8 727 728.5 745.8 757.7 769.1 782.8 795.4
