app/static/ascii/NN66.asc
ncols 200
nrows 200
xllcorner 260000
yllcorner 760000
cellsize 50
[rows 105 to 139 of 200, columns 0 to 77 of 200]
486.2 484.8 484.7 480.1 481.5 483.5 485.7 487.5 489.5 490.9 494.6 499 505.4 512.1 518.9 526.2 531.2 534.6 538.4 541.9 544.4 549.9 556.3 566.3 572.8 583.2 586.7 592.8 596 591.9 585.4 580.7 580.1 575.8 574.1 570.5 563.2 551.7 533.3 523.3 508 492.6 478.3 465 457.6 454.7 454.1 454.4 456.7 460.4 463.7 467.2 472.5 477.4 488.3 497.7 506.4 513.7 520.8 532.8 540.2 543 546.3 554.5 559.4 558.1 562.8 565.1 564.8 559.9 560.7 560.1 557.9 555.8 553.9 554.7 554.6 552
485.8 484.9 484.8 482.5 484.1 485.8 487.2 489.5 491.3 492.7 496.3 501.7 510.4 518.5 525.3 530.1 533.3 536.8 539.3 542.3 546.3 551.7 557.4 569.4 579.7 589 585.2 587.6 593 582.5 578.2 576.7 577.7 575.4 572.4 567.3 558.3 540.3 527.4 515.3 496.5 487.4 474.7 459.5 456.2 452.7 451.1 451.9 454.5 459.6 462.9 467 471.3 476.9 487.9 494.8 503 507.6 512.2 521.2 524.2 530 534 542.4 543.4 546 549.9 551.6 549.5 548.5 548.4 547.6 548.7 549 550.5 551.4 549.5 545.3
485.8 485.3 483.4 483.6 485.7 487.3 489 491.2 493.4 495.2 498.6 506.3 513.8 521 527.8 532 535.4 537.6 540.7 543.3 547.6 552.5 562.6 574 585.4 584.2 582.3 582.2 577.9 570.8 569 570.2 572.6 571 566.6 564 553.4 539.4 524.5 511.3 497.3 483.2 470.2 459.9 455.1 451.7 449.1 448.8 452.4 458 461.6 466 471.4 480.8 485.6 491.4 497.9 500.3 505.5 513.3 516.7 517.4 522 527.5 527.9 532.3 534.6 536 536.8 537.6 539.4 543 543.4 544.7 544.9 545.1 542.8 539.8
485.8 484.5 484.1 485.1 486 488.5 490.1 492.2 494.8 498.2 502.8 509.7 516.5 523 528.4 531.9 535.6 537.9 540.5 543.9 548.8 555.1 563 577.3 581.6 579.6 581.2 575.8 568.5 564.6 564.4 564.2 564.6 566.4 559.7 553.2 546.1 537.2 522.6 508.6 494 479.2 466.4 455.7 452.1 449.2 447.9 448 451.6 457.5 462.7 465.7 470.9 476.7 483.7 489.5 494.1 498.4 502.1 505.3 508.7 510.1 510.1 512.5 513.1 517.4 519.4 523.8 526.7 532.7 535.3 536.8 538.3 541.3 540 538.1 535.5 532.1
484.5 482.9 484.3 486.9 488.7 489.5 491 493.7 497 501.4 507.2 513.4 520 524.2 527.9 532 534 537.1 540.4 543.6 550.4 556.2 563.7 575.2 576.3 576 572.6 572.8 563.2 560.3 559.1 558.5 559.5 557.4 550.4 545.3 537.9 529 515.6 501.8 489.3 477.6 462.2 453.7 450.3 448.2 447.1 448 450.4 456.8 462.4 465.1 468.4 474.5 481.2 490.1 494.1 496 497.1 498.2 500.8 501.1 502.5 504.2 506.1 508.1 513.7 519.9 523.5 527 528.5 533.1 534.5 532.3 530.9 530.6 528.6 527.5
483.4 486.1 486.7 488.1 490.2 491.1 493.3 496.4 500.2 504.5 509.2 515 519.2 522.8 525.2 529.8 533.9 537.5 540.7 546.6 552.2 557.6 562.3 570.4 570 570.3 566.4 558.6 557.5 556 553.7 554.4 556.6 548.8 543.6 537.2 528.3 517.1 508.4 494.6 484.1 473 457.8 452.7 449.1 447.2 446.3 447.4 450 456.2 461.6 465.1 468.3 473.5 480.5 490.2 492.2 494.5 494.3 494.1 495.4 496.6 498.4 500.7 502.4 505.6 511.1 516.3 521.4 525.2 526.4 528.4 528.3 527.6 525.2 525.1 523.8 523.6
486.2 488.1 488.3 489.6 492.3 494.5 496.4 499.4 502.8 506.4 509.6 514.1 517.9 521.8 524.7 529.4 533.9 537.3 541 547.3 553.8 559.5 566.4 564 561.7 560.7 555.8 554.8 555.1 553.1 549 548.5 543.9 538.4 537.1 529.2 520 507.6 499.8 490.3 480.9 468.5 454.8 453.4 449.3 446.7 446.2 447.5 449.6 455.9 460.5 465.3 469 473.3 479.6 483.9 485.2 487 490 489.7 491.3 493.3 495.3 497.8 501 504.1 507.9 513.7 518.9 523.5 527.1 528.1 529 527 523.2 521.5 522.8 519.2
488.1 489.8 491.5 493.7 494.1 496 498.3 500.8 503.6 507.4 510.7 513.5 518 521.8 524.6 529.4 533.2 538.5 544.3 549 558.6 566.6 566 560.9 556.9 552.5 550.7 551.3 550.6 550.8 548.6 539.6 534.3 530 525.7 523.4 513.3 502.6 492.4 485.5 477.2 465 456.7 450.1 448.1 445.4 445.9 447.4 448.8 454.2 459.4 465.4 470.1 473.4 478.1 479.7 481.6 485.5 487.4 488.8 491 493.2 496.4 499.6 502.1 505.2 508 514.1 519.4 523 525.7 530.5 525.5 521.5 519.1 518.5 516 513.3
491.5 492.8 493.2 495.7 496.3 497 499 501.1 504.8 507.6 510.5 513.6 517.3 519.9 524.6 528.8 532.3 541.3 548 555.5 565.6 570.2 563.1 559 555 550.1 547.1 545.9 544.4 544.8 539.2 534 527 520.9 515.7 515.3 505.8 495.8 489.4 478.8 472.3 462 454 447.9 445.9 445.8 444.1 446.9 448.5 452.5 457.5 464.5 469.3 473.4 477 478.8 480.6 482.1 485.4 488.7 491.6 495 496.7 498.9 502.4 504.9 508.9 513.8 517.9 520.1 518.6 518.3 514.8 513.3 513.7 511.9 510.4 507.6
495.1 495.8 496.1 494.9 495.6 498 498.4 500 505.1 507.9 510.2 512.8 516.3 519.4 527.4 530.5 533.1 542.8 552.4 562.3 570.4 566.6 563.1 557.8 550.6 546.2 542.4 541.2 537.8 535 531.7 527.1 520.9 515.1 507.8 503.2 496.8 488.8 481.3 473.9 464.5 459.6 448.9 444.6 443.7 444.7 443.8 445.9 447.6 450.5 456 461.7 466.3 471.3 475.4 477.2 479.4 481.3 485.6 489.3 492.7 494.8 496.7 498.5 500.9 504.4 508.2 510.7 512.2 512.1 510.9 509.9 508 507.1 505.7 504.3 502.9 501.3
497.6 496.9 498.3 496.4 497.2 498.4 499.5 500.4 502.9 505.8 509.1 512.4 515.7 520 525 528.7 535 545.4 555.1 570.7 563.3 558 553.3 549 543.7 538.1 535.4 536.5 535.4 527.8 524.6 519.3 515.3 509.6 503.7 494.1 488.7 481.4 477.2 468.7 460.9 454.7 441.9 440.6 440.4 441.4 441.9 445 446.4 448.9 454.3 460.5 462.8 466.8 469.8 473.4 476.3 479.6 484.8 489.6 492.6 494.3 496.6 499.7 501.4 505.2 506.3 510 507.6 505 503 501.2 498.6 496.4 496.6 498.4 497.2 495.6
499.2 499.7 499.5 497.7 499.9 498.4 500.3 502.1 503.4 506.8 509.6 511.9 516.5 520.5 525.8 531.6 538.4 549 555.5 556.9 551.3 548.8 543.8 540.1 536.2 532.9 530.4 528.8 526.4 521.3 517.8 514 509.9 505.4 499.6 491.3 480.8 479.7 472.5 463 458.1 447 438 437.1 437.7 440.2 443 444.7 446.4 448.5 453.9 457 460.8 463.3 466 468.6 471.1 476.3 481.8 487.6 492.1 492.6 492.5 495.7 498.8 499.3 498.1 497.5 497.3 497 495.1 493.5 491.7 490 488.5 489.7 488.6 485.1
501.4 501.7 499.8 499.9 500.8 499.5 501.3 503.3 503.9 504.9 507.7 513.6 518.4 520.6 526.2 533.7 539.4 549 547.9 544.1 541.2 540.4 538.1 535.2 532.4 530 526.1 522.8 519.8 517 514.6 511.1 505.6 499.7 494 485.6 480.4 470.2 464.3 458.9 452.6 442.1 436.5 435.1 437 439.8 443 445.9 447.2 448.5 450.5 454.3 456.7 458.6 460.5 464.3 467.4 472 475.4 481.2 483.8 484.2 485 487.9 490.6 492.1 493.9 495 494.6 492.4 492.2 491.1 489.4 487.6 485.2 484.3 482.5 481.1
505.1 503.8 502.6 501.4 500.1 499.7 501 501.2 501.5 504.9 507.6 513.7 519.1 521 527 534.7 539.3 543.3 541.6 539.4 536.5 536.1 534.1 531.7 529.8 527 523.8 519.8 516.2 513.1 510.2 506.6 500 492.2 487.1 480.5 473.2 467.7 459.7 451.1 447.9 439.5 434.5 436.2 437.7 439 441 444.3 446.4 447.6 450 452.4 452.9 454.3 456.2 459.2 463 467.8 473.6 475.9 477 478.1 480.3 484.3 486.8 489.6 491.8 491.8 492.2 491.6 491.6 489.9 489.2 487.3 486.5 485.4 482.3 479.2
506.3 504.7 503.7 501.8 500 498.9 499.3 499 499.6 503.9 507.4 511.6 516.9 522.6 528.3 533.2 537.6 539.6 538.7 535.9 533.8 532.3 530.5 529.1 526.1 524.5 521.2 516.6 512.8 509.8 506.1 501.4 493.9 487 480.6 474.1 467.8 462.4 455.5 449.8 441.5 437.4 433.8 436.8 438.1 439 439.7 441 443.4 445.9 450 452.1 452.5 452.5 454.1 456.9 461.4 464.6 468.9 471.7 475.3 478 480 483.9 487.7 492.1 489.7 490.5 490 488.5 488.8 488.4 487.4 486.5 485.5 481.4 477.8 474.6
507.4 505.8 503.5 500.2 499.5 498 498.8 498.7 499.1 502.1 508 512.9 517.8 523.5 527.4 531.8 537.4 536.3 534.2 532.6 531 528.8 527.5 526.3 524.3 520.9 518 512.7 508.8 504.1 498.6 495.1 490.6 482.6 475.9 469.7 464.8 455.2 449.5 443.6 438.5 433.9 433.7 437.2 439 438.8 438.8 439.2 442.2 445.7 448.2 448.6 448.7 450.5 454.3 458 462.4 466.4 469.1 472.6 476 478.7 479.6 482.1 484.9 485.2 484.8 485.1 484.5 484.4 483.5 484.5 484.5 482.7 479.6 477.6 471 465.5
507.2 505.1 501.9 501.2 499.5 498.8 496.5 496.2 498.7 501.6 507.7 513.7 517.1 521.6 525.7 529.1 532.5 531.3 529.9 529 528.2 526 524.7 523.5 519.9 516.9 513.3 507.6 503.7 499.3 493.8 488.5 484.9 477.4 472.1 467.2 461.2 456.2 445.4 440.3 437.2 430.8 432.8 439.3 437.5 437.2 437.6 439.9 441.8 443.4 444.9 444.5 445.7 447.7 450.6 454.6 459.4 462.9 466.5 469.6 471.3 474.2 475.7 477.1 477.9 478.2 478.9 479.2 479.9 478.9 479.1 480.2 480.6 477.9 472.7 467.8 461.7 457
506.7 504 501.8 499.4 498.1 497 495 496.6 499.2 502.6 508.6 512.4 515.5 518.6 522.7 528.3 527.7 526.7 526.2 526.2 525.2 523 521.2 519.1 515.1 511.5 507.4 503.4 499.1 494.6 489.3 483.7 476.7 472.1 468.3 462 455.7 448.7 442 437.7 433.8 429.2 431.8 434 434.5 434.6 436.5 439 440 442.6 442.4 443 443 444.1 447.5 452.5 457 461.1 464.2 466.5 468.8 470.7 471.8 473.4 474.2 473.9 474.1 474.6 473 473.1 474 471.7 470.9 466.1 461.8 455.3 451.4 448.4
504.1 503.3 501.4 497.3 496.6 495 494.8 497.7 499.8 503.9 508.1 511.7 514.7 517.4 521.3 522.8 522.4 523.2 523.4 523.1 521.7 520.5 517.2 513.3 510.5 506.8 502.8 498.5 493.8 488.9 483.2 476.5 471.1 466.7 461.9 455.9 451.9 445.2 439.4 435.5 430.4 424.3 428.1 431.2 432.1 432.9 434.7 436.5 438.1 439 440.7 439.4 439.7 441.5 446.6 452.5 456 459.7 461.5 464 465.7 467.2 468.7 469.7 470.8 469.9 470.2 468.9 466.9 464.9 463.1 462.4 459 454.8 449.4 446.4 444.2 441.3
504.8 500.9 498.5 496.7 495.2 493.1 495.8 498.2 500.9 504.5 507.6 510.4 512.8 515.3 517.6 518.5 518.8 520.1 520.3 518.7 517.4 514.5 511.8 508.1 504.4 500.5 496.3 492.4 487.3 482.7 477 470.5 465.3 459.4 454.4 451.8 447.7 442.9 438.5 432.4 428.8 422.4 424.9 427.9 431.1 430.8 432.1 434.4 436.4 436.5 436.4 436.3 437.7 440.4 446.4 451.3 454.7 457.1 459.4 460.8 461.7 462.6 462.6 462.7 462.8 462.2 462 461.1 459.4 456.8 454 451.7 447.3 443.9 441 438 435.2 430.7
503.2 500.4 497.5 495.5 494.3 494.3 495.4 497.9 500.5 503.2 506.1 508.3 510.4 511.9 513 513.3 514.4 515.1 515.1 513.2 510.6 507.9 505.2 501.4 497.8 494 490.4 486.5 481.6 475.8 470.8 465.6 461.3 453.9 450.1 448.2 444.8 441 436 426.3 422.7 419.6 422.4 425.1 428.6 428.1 429.3 430.8 432.5 433.6 433.7 435.3 437.7 442.5 447.4 450.4 452.4 454.2 455.8 456.8 457.8 458.3 457.9 456.7 456.3 455.5 453.5 450.9 448.8 446.8 442.6 439.5 435.1 431.1 427.5 423.4 420.9 418.8
500.7 499 495.9 493.6 492.6 492.5 494.6 496.6 499 501.3 503 505 506.8 506.9 508.2 508.7 509 509.6 509 506.6 504.9 502.2 499 496 492.1 488.4 484.7 480.5 475.6 470.8 466 461.9 455.9 451.1 447.3 444.8 440.5 436.5 431.2 421.4 417.2 418.7 421.1 424.4 425.9 426.6 426.9 426.8 427.9 428.7 429.9 434.4 439.1 442.6 444 445.5 447.7 449.9 448.9 451.3 452.2 451.6 451.2 449.8 448.1 445.9 443.8 440.4 437.1 434.5 430.6 427 422.4 418.9 420.3 415.2 407 402.1
498.3 496.5 494.7 493 490.2 490.6 491.6 493.8 496 497.6 499.3 500.7 501.3 502.4 503.2 504.6 504.1 504.4 503.1 501.6 500.2 496.3 493.9 490.4 488 484.6 480 476 471.4 466.9 461.6 454.5 450.8 447.8 443.9 442.1 438.4 434 428.2 419 415.6 417.2 421.7 425.2 426.5 426.4 425.8 425.6 425.2 424.8 427.2 431.5 435.9 438.5 437 439.8 439.1 442.5 442.7 443.7 442.6 441.8 439.6 437.5 435.8 434 432.2 429.2 426.6 424.1 422.7 418 412.5 407.9 405.6 401.7 397.8 396.2
496.9 494.6 491.8 490 487.8 486.2 488.2 489.4 490.9 492.1 494.1 495.7 496.7 497.5 498.3 498.9 499.2 499 496.7 495.2 492.5 490.2 488.3 486 485 480.3 475.6 471.5 467.2 461.9 458.3 455.2 450.3 447.3 443.8 439.9 437.3 431.8 426.7 418.4 415.3 417.6 423.5 426.4 426.8 426.5 426.3 425.1 424.3 423.3 425.1 427.1 429.8 430.2 430.7 430.9 431.6 432.3 433.2 432.8 431.8 431.5 429.9 428.6 428 426.7 424.7 420.5 418 416.3 413.4 408.3 403.2 400.9 399.4 396.2 394.5 396
495 493 489.9 487.3 485.2 481.3 482 481.9 482.7 484.2 487.1 489.3 491.1 491.7 492.2 492.6 493 491.8 489.5 488.8 487.3 484.6 483.2 481.3 480.7 478.2 471.8 464.5 461.4 457.4 455.3 451.3 447.7 443.9 440.5 437 432.4 427.8 421.5 416.2 414.8 420.2 425.8 426.7 426.9 426.5 426 424.9 423.2 421.4 423.3 425.2 427.2 427.9 428.5 428.7 429.3 428.8 429.8 429.6 429.3 428.8 428.2 427.3 425.4 422.5 421.4 416.9 413.7 414.6 409.6 404.3 400.1 397.6 395.3 394.3 394.6 397.7
492.7 489.7 488.5 485.4 481.8 478.7 476.8 476.3 476.2 477.7 480.1 483.1 485.3 486.4 487.1 487.1 487.3 485.3 482.3 481.8 480.1 477.9 476.4 474.5 472 470.9 466 461.4 457.8 453.9 450.4 448.3 444.4 441.3 438.3 434.8 429.5 423.7 417.9 412.3 416.1 420.1 423.2 423.1 425.3 426.3 424.4 422.9 420.9 421.7 422.4 422.7 423.3 424.7 425.6 428.2 428.7 427.8 428.7 429.8 430.7 430.2 429 426.5 423.1 420.6 417.1 412.4 408.6 407.2 404.6 402.4 400 399.8 396.7 393.4 393 391.3
490.4 488.3 485.3 482.5 479.9 476.5 472.1 471.8 471.8 472.4 475.2 477.7 479.6 480.3 481.3 480.8 480.5 476.8 475.3 475.1 473.8 471.8 469.8 468.3 466.3 467.8 463.7 458.7 455.5 449.5 446.1 446.6 443.1 439 435.5 431.2 425.8 422.8 415.9 412 414.9 418.2 420.9 422 422.5 423.1 422.2 420.7 418.8 420.1 421.5 421.9 422.4 422.9 423.2 424.9 425.7 426.4 426.5 426.7 428.3 428.8 427.2 424.9 422.7 419.3 415.4 411.2 407.4 402.3 400.4 399.2 400.4 397.8 394.2 392.5 387.7 386.8
489.4 486.6 483.9 481.2 477.6 474.6 469.7 467.8 467 466.4 468.7 470.2 472.1 472.2 472 471 470 468.2 467.4 466.3 464.9 463.4 462.3 461 460.4 461.1 458.2 457.5 452.1 446.4 442 439.6 438 434.6 431.2 426.8 424 422.3 418.5 411.5 413.9 416.8 418.1 419.7 420.9 420 419.5 417.2 416.4 418.3 420.8 422.6 423.1 422.3 422.1 423.2 424.1 424.8 425.4 424.9 424.8 426.4 425.6 423 418.9 414.1 409.6 405 402.3 398.7 397.2 396.1 394.9 393.6 394 394.4 393.3 389
487.7 484.5 482.4 479.8 476.2 473 469.2 465.1 463.1 462.1 462.9 464.3 464.5 465.5 464.9 463.6 461.5 460.8 460 459.4 458.4 458.1 457.8 457.1 457.9 456.9 456.3 453.3 448.9 443 438.5 437.8 435.8 431.6 429.6 425.4 423.1 418 412.4 410.1 413.5 417.2 415.9 418.3 418.9 418.6 417.2 416.6 416 418.3 417.4 419.3 418.6 420.6 422 424.1 424.4 424.1 423.3 422.2 422.3 424.8 424.3 420.1 414.9 410.7 406.8 404.5 401.7 403.2 398.7 395.5 392.5 391.9 391.3 386.1 379.4 374.2
487.2 484.1 481.3 478.8 475.3 471.7 468.7 467 465.4 463.7 460.3 459.7 459.8 459.5 459.5 457.4 456.4 456 455.6 454.6 455.1 454.7 455 454.9 455.1 454.5 455.9 450.1 445.6 440.1 435.6 433.2 432.8 428.6 422.7 420.1 417.9 414.1 410.4 410.8 412.4 413.8 414.6 416.9 416.8 416.7 416.6 415.9 414.3 414.9 415.1 415 416.5 418.6 422.5 425.8 425.7 423.4 422.6 420 419.6 418.9 418 413.9 409.5 405.5 402.2 400.2 402.8 400 393.8 387.8 385.3 383.8 382.2 381.5 379.2 372
485.8 482.9 480.7 478.6 477 474.3 471.6 469.7 468.1 465.4 463.2 461.4 460.4 458.2 455.6 453.6 453.2 452.6 452.2 452.4 452.2 451.4 450.7 450.5 450.5 449.8 450.4 447.5 442.1 437 433 430.6 426.5 422 418.3 415.1 413.4 409.3 409.5 410.3 411.6 413.4 414 415.6 415.3 416.3 416.3 415.6 413.3 414.4 414.5 414.6 415.9 418.3 422 423.3 423 421.5 418.7 418.2 417.1 416.3 415.9 410.5 407.9 403.4 399.2 396 393.5 391.2 384.1 382.3 386.1 383.1 382.5 372.8 367.4 360.5
486 483.8 482.8 480.5 479 477.2 474.3 472.2 470.1 467.2 464.9 463.1 462.1 460.2 457.6 454.9 452.2 449.3 450.6 450.1 449.8 448.9 449 449.3 448.8 448.7 446.9 442.2 439.1 436.1 432.7 429 425.7 421.1 418.1 415.6 413.4 410.6 409 409.8 410.7 412.7 414 414.6 414.7 416.9 416.5 415.8 414.6 413.1 413.9 414.1 417.7 418.4 419 417 416.7 416.3 415.5 412.7 409.6 408.1 404.9 401.3 397.4 395 395.3 393.5 388 382.4 381.9 382.2 381.1 377.1 370.3 363 357.4 353.8
487.1 486.3 485.3 484.3 482.5 480.7 477.2 474.7 472.9 469.8 466.8 465 462.7 460.6 457.8 455.3 452.6 451.3 447.9 448.6 448.8 448 447.8 448.8 447.6 446.1 443.4 440.9 436.4 433.9 432.8 430.1 425.4 424.3 420.5 419.5 414.1 410.1 408.8 409.2 409.5 412.8 413.5 413.8 414 416.2 416.3 415.5 414.6 413.2 413.8 414.7 417.4 417.8 414.9 413 411.6 410.5 409.7 408.5 405.5 401.3 398 395.7 394.5 391.5 386 381.8 380.6 380.5 381.6 381.7 374.3 366.7 361.5 358.2 356.2 354
495.4 493.1 491.8 489.4 486.9 483.5 480.4 477.7 475 471.8 469.7 466.2 463.6 461.2 458.2 455.9 453.6 451.4 449.6 447.1 447.8 446.9 446.8 446.7 446.6 445 441 439 435.9 433.4 428.6 427.8 425.9 423.4 419.3 416.7 414.4 409.4 408.1 408.6 408.9 410.4 412.2 412.1 412.2 414.8 415 413.9 412.4 413.7 415.5 415.4 415.9 416.5 414.2 411.5 410.1 408.9 404.9 402.5 398.5 395.7 395.9 395.5 388.5 381.9 380.1 379.7 381 382.2 378.4 372.4 364.9 362.3 360 356.7 355.4 354
501.7 500.4 496.8 493.6 490.3 486.8 483.6 480.4 476.9 472.7 470.4 467.4 464.3 461.1 458.8 455.8 453.6 450.5 448.6 447.3 445.7 445.1 445.2 446.6 446.3 443.8 440.3 436 433.9 430.8 428.2 426.3 422.5 419 416.3 413.9 411.6 406.8 407.4 408.2 408.5 408.7 409.5 410.2 410.6 412.7 412.9 411.9 412.6 416 413.8 412.9 412.1 410.9 408.7 406.4 403.5 399.9 397.3 395 392.3 393.8 389.9 382.1 379.5 379.5 377.8 380.3 380.3 375.3 372.5 368.6 362.8 360.6 358.4 358 357.1 354.5
