app/static/ascii/NN67.asc
ncols 200
nrows 200
xllcorner 260000
yllcorner 770000
cellsize 50
[rows 140 to 174 of 200, columns 78 to 155 of 200]
419.2 414 414 414.4 415.4 416.3 417.2 418.3 418.9 419.7 420.2 420.3 420.8 422.7 417.5 425.6 422.4 423.5 425.4 431.4 439.2 448.6 450.1 464.2 475.5 484.3 494.1 502.3 511.3 520.9 523.7 530 532.2 536.2 538.1 536.2 537 535.9 536 539.9 542.4 534.3 546.3 553.6 559 566.6 576.2 585.9 595.8 605.5 613.6 622.1 626.3 629.7 630.5 631.2 628.1 621.3 614.1 608.6 605.5 603 599 586.5 579.5 595.3 611.1 621.6 631.4 640 649.2 658.8 669.9 676.6 678.2 674.5 669.5 659
422.5 414 414 414 414.5 415.7 417.6 417.5 417.6 418.6 418.7 419.1 419.7 419.3 417.4 423.2 420.4 419.5 421.5 423.3 426.5 436.2 443.8 447.5 454.4 466.3 474.5 482.1 489.8 497.2 501.7 506.8 513.2 516.7 519.8 520.9 523.4 522.9 527.4 530.4 530.3 523 542.2 546.6 552.1 560.6 570.2 579.7 589.3 599.8 609 617.7 623.7 625.8 626.8 626.7 623.3 615.7 608 601.6 596.9 595.3 591.1 575 579.9 595 605.2 616.2 626.8 636.8 646.3 657.3 668.1 680 686.1 681.5 674.3 662.7
427.7 418.4 414 414 414 417.1 416.5 416.6 416.8 417.3 418 418.7 419.4 418 417.2 417.5 420.2 414.8 417.5 419.4 421.9 425.1 428.5 436.4 443.7 448.8 456.7 464.5 468.9 474.8 481 486.6 492.1 498.6 501.3 504.3 507.8 508.1 516.3 517.8 500.8 522.4 533.3 538.7 545.4 553.1 562.2 571.7 581.9 593 603.7 612.1 619.3 622.5 622.4 622.2 615.5 606.7 600.3 594.5 589.9 587.6 582.6 558.9 576.6 587.4 598.5 609.6 620.7 632 644.3 655.1 666 677.9 686.2 686.9 678.7 665.5
431.8 422.9 414 414 414 414 414 416.1 416 415.6 416.4 417.2 417 416.7 416.1 415.2 415.4 413 414.9 416.6 417.6 417.8 421.7 425.5 432.9 439.5 442 448.7 453 460 467 471.6 474.1 481.1 485.5 488.1 493.1 498.4 505.5 508.3 491.7 514.8 522.6 527.5 535.5 542.1 552.3 561.7 572.3 584.1 594.9 604.3 611.8 614.5 615 613.7 606.3 597.9 591.8 587.1 582.5 579 576.4 557.5 563.9 579.6 593.3 604.4 615.9 627.5 639.7 652.6 664.1 675 681.6 683 676.6 666.3
434.2 426 416.8 414 414 415.7 420.6 415.2 415.2 413.8 415.1 416.3 415.8 415.5 415 414.3 411.5 413.6 411.9 415 415.8 416 415.2 418.2 423.3 426.6 433 438.2 441.1 448.7 454.3 461.9 463.6 466.3 470.5 473.3 479.6 484.4 494 495.8 489.1 505.9 511.8 518.9 525.2 532 541.8 551.4 562 572.1 581.9 590.4 598.2 601.2 603.4 603 597 588.9 583.2 578.9 574.5 571.2 568.6 552.1 557 577.4 588.3 599.7 611.1 622.9 634.9 647.8 659 668.5 674.6 676.9 674 669.1
434.9 428 418.2 416.6 417.2 417.7 419.1 417.2 414.5 414.1 414.6 415.4 414.7 414.3 413.8 413.3 417 415.7 413.3 413.1 413.3 413 412.8 414 415.5 415.8 421.3 431.6 430.8 436.1 440.9 446.2 452.5 456.2 458 460.7 466.9 469.8 477.3 471 483.5 497.3 499 507 514.1 520.7 530.7 540.2 547.8 556.1 564.4 572.7 580.8 584.9 588.4 589 587.3 579.9 574.9 570.5 566.4 564 559.2 541.9 562.8 572.4 583.5 594.9 606.5 618.4 630.3 642.5 653.3 662.6 669.8 676.4 678.2 677.4
434.9 427.6 420.5 420.1 418.3 418.4 419.3 417 416.3 415.6 415 414.4 413.9 414.3 411.8 414.1 418.4 416.9 414.6 412.5 412.4 412.6 412.4 411.6 409.7 413 416.2 419.3 420.4 426.9 431.1 433.3 442.2 445.6 444.6 447.6 459.2 466.3 466.8 464.6 474 484.6 491.4 496.8 502.2 512.1 518.9 526.9 534.1 541.6 549.9 558.2 565.3 570.1 573.6 575.4 574.4 570 565.7 562.4 559.8 557.4 551.2 539.9 560.1 567.5 579.5 591.4 602.2 614.1 626 637.1 648.1 657.5 665.3 673.4 681.8 685.2
433 428 422.2 422.2 419.3 419.1 418.8 418.2 417.1 416 415.3 415.4 414 413.8 415.6 419.8 418.8 417 415.6 414.7 412.6 412.3 411.7 412 413.3 410.7 413.3 414.7 414.9 420.1 422.8 428.1 430.5 433.8 440.4 437.9 451.2 454.7 462.3 462.1 459 471 481 481.5 490.9 499 505.9 513.4 520.5 527.6 535.3 543.6 549.9 555.4 558.7 561.5 561.3 559.5 557 555.8 553.8 551.1 541.6 534.8 551.9 564.8 576.8 588.7 599.2 610 621.4 631.7 643 651.6 662.8 672.5 677.3 678.6
440.1 431 424.3 422.3 420.5 420 419 418.7 417.6 416.4 415.5 414.2 414.9 417 422.8 420.5 420.2 420.9 421.3 419.5 416.9 414 413.1 412.3 413.2 413.2 409.7 410.6 411.1 410.9 413.9 420.8 426.8 427.2 427.3 435.2 438 441.9 447.7 452.7 447.8 460.6 467.2 471.4 479.4 485.1 491.9 499.1 506.6 513.9 521.1 528.8 534.4 540.1 543.8 546.6 549.1 549.2 546.8 546.8 546.2 543.5 536 527.7 549.4 562.1 574.2 585.9 596.2 606.4 616.2 626.3 636.9 645.2 656.8 664 667.3 666
431.5 423.7 423.7 422.9 421.6 420.7 419.3 416.3 417.6 416.3 414.2 417.1 419.6 420 422.5 424.5 428 429.2 431 429.4 425.8 423.9 419.4 416 415.1 416.2 415.7 413.8 413.2 412.6 409.3 415 419.2 421.8 420.3 425.3 427.5 433.2 438.8 443.9 436.6 452.2 451.4 463.9 467.1 472.1 479.8 485.3 492.1 499.6 507.1 514.5 519.8 525.1 530.1 534.4 537.5 538.9 537.4 537.1 537.5 533 519.7 531.2 548.3 559.8 571.4 583.2 593.9 604.6 614.1 622.6 630.4 638.6 642.4 647.6 650.6 653.1
437.7 433.7 425.4 423 421.8 418.8 419.3 418.1 418.1 413.9 419.4 424.4 423.8 427.3 432.1 437.9 440.3 439.8 443.8 440 437 433.9 424.9 420.5 418.6 420.5 419 415.6 414.3 413.3 410.5 411.9 417.5 418.4 419.2 416.5 417.7 423.3 425.5 428.4 429.6 438.1 444.7 454.3 455.4 461.7 467.7 472 478.7 486.3 493.9 501.3 507.3 513.2 518.5 522.8 525.5 528.2 528 528.1 517.6 513 509.9 533.7 544.6 556.6 568.9 581.4 592.1 602.8 612 619.6 624.9 630.7 632.8 633.7 635.5 637.9
436.8 431.4 425 421.5 419.5 419.2 418 417.3 411.8 420.8 424.1 429.4 429.9 434.5 444.9 445.7 447.9 448.3 450.8 449.2 449.2 449.4 444 429.5 423.1 420.3 418.5 417.3 414.8 413.4 410.8 407.3 410.2 411.9 410.4 412.5 414.9 415.7 417.8 420.9 422.6 424.6 430.2 437.5 439.7 453.3 458.4 458.2 467.7 475.8 480.3 486.6 493.8 500.8 506.3 510.2 512.4 515.5 517.4 517.5 503.1 503.7 519.9 531.4 543 554.8 566.6 578.9 591.8 601.3 611.4 618.6 623.1 624.1 624.5 624.1 621.3 619.6
435.3 433.1 422.7 417.5 416.4 418 417.3 416.1 420.8 426.2 428.3 435 436 439.3 447.9 450.9 454.4 455.9 456.9 458.8 458.9 458.5 456.5 448.7 436.7 431.9 425.9 421 417.5 415.2 413.9 409.7 407.8 409.3 408.7 407.1 405.9 405.9 408.1 413.6 416.6 419.4 420.2 421.3 427 433.6 438.2 442.1 453 464.2 469.8 474.7 480.3 487.7 492.9 496.5 498.7 503 505.8 505.9 489 503.7 520.1 529.4 540.5 552.5 564.5 576.6 590.5 604.3 613.5 619.1 618.7 618.5 617.8 613.9 611.1 606.4
430.6 425.1 415.5 414.2 416.9 417.4 411.8 423.1 429.4 428 434.3 440.2 443.5 448.1 451 457.2 460.5 461.1 463.4 465.3 465.7 465.1 464 460.1 455.2 453.8 438 428.7 421.4 419.7 418.9 417.1 415.5 413.5 412.2 411.6 410.8 409.3 404.2 405.3 406.5 410.9 411.9 415.1 419 418.5 424.8 430.4 435.7 444.6 454.6 460.6 467.9 473.6 478.4 482.2 487.6 493.2 494.8 491 483.7 500.8 515.1 526.9 538.5 549.8 561.8 574.9 591.5 606.4 613 616.5 614.8 612.9 608.9 604.3 599.2 594.3
429.7 419.5 411.8 411.8 411.8 411.8 420 428.1 431.4 431.2 443.3 444.1 452.5 456 457.4 460.3 464 470.6 471.9 471.8 471.8 472.3 471.2 468.7 466.2 462.7 451.8 442.3 431.6 426.1 426.4 426.9 422 418.1 416.3 418.3 417.5 412.5 408.6 406.5 403.2 404.7 405.5 405.8 408.4 410.6 417.4 416.6 426.1 435.9 440.4 449 452.6 458.3 463 468.8 474.7 481 483.5 478.5 479.5 495.6 510.7 523.2 535 546.6 558.8 573.7 591.9 603.6 608 610.9 609.7 607.5 602 594.6 588.4 582.7
428 411.8 411.8 411.8 411.8 411.8 424.2 429.6 432 443.6 446.2 450.9 456.2 461.3 465 468.9 473.2 476.9 479.1 479.4 480.7 480.3 479.3 478 474.9 469.9 467 454.8 443.3 439.3 435.5 430.5 429.3 428.5 420.5 419.9 420.7 418.4 413.1 409.3 405.4 403.5 404 403.6 403.6 404.6 407.8 409.2 416 418.5 425.6 433.5 439.5 444.6 449.7 456.3 463.2 468.3 471.7 466.9 474.7 489.3 504 518.1 530.5 541.8 554.3 571.5 588.7 599.1 603.1 605.1 604.6 600.4 594.9 587.5 579 571.5
423.3 411.8 411.8 411.8 411.8 423.5 426.4 429.3 438 444.9 451.2 455.2 461 467.2 472 477.1 480 483.2 485.9 487.6 489.3 489 487.9 486.7 484.2 479.9 477.6 470.6 461.7 456.9 455.4 452 445.1 439.7 433.4 422 417.6 414.8 413 411.7 407.6 404.3 402.4 403.1 402.8 402.5 402.3 403.5 406.9 411 415 422.2 424.2 431 436.1 442.4 450.3 456.6 460.2 454.1 467.7 481.7 494.6 510 523.7 536.3 548.9 568 581.9 591.4 596.4 599.2 599.1 593.6 586.9 577.8 568.4 558.2
415 411.8 411.8 411.8 412.3 425.9 428.6 431.3 443.7 447.6 454.7 459.2 466.6 474.7 480.8 485.5 489.1 492.3 495 495.7 497.7 497.5 496.4 495.5 492.4 489.3 487.3 479.9 477.2 471.9 470 458.4 453.5 448.6 441 433.2 425.3 420.1 416.3 413.9 411.4 407.2 404 401.5 401.3 401.1 400.8 400.7 401.7 402.8 404.8 412.9 416.1 419.2 423.7 431.6 438.3 444.3 447.9 444.6 460.6 472.5 485.3 500.8 514.5 527.5 541.1 558.1 573.1 582.4 587.7 588.4 588 584.2 577 564.5 554.5 544
411.8 411.8 411.8 411.8 418.5 423.7 428.7 432.5 439 447.9 455.2 461.7 472.9 481.5 488.4 494.1 497.9 501.6 504.8 506.6 507.9 508.1 507.3 506.4 503.3 500 496.3 491.3 486.9 482.4 478.5 471.1 467.8 463.6 456 449.9 436.8 429.1 423.8 416.6 413.7 412.1 410.7 407.9 406 400.1 400.7 400.1 400.3 401 400.4 404.7 407.6 412.4 417 421.5 428.3 433 436.3 436 452.2 462 475.6 487.6 500.9 514.5 530.1 546.4 562.6 571.4 572.9 573 569.5 561.2 549.3 541.8 534.3 526.1
411.8 411.8 411.8 411.8 413.5 420.6 426.2 433.8 443.6 452.7 461.4 470.2 480.1 484.8 498.5 503.4 509.5 510.8 515.9 518.1 519.2 519.2 518.4 517.5 515 511.7 507.9 502.5 497.2 492.3 488.3 482.2 479.8 473.4 467.4 458.3 451.1 443 437.8 431.4 423.6 419.3 413.5 410.2 408.3 406.5 400.9 399.8 398.6 399 399.5 399.4 403.4 404 408.5 415 419 421.6 429.1 436.8 443.3 451 462 472.2 485.3 497.8 514.2 530.2 542.9 548.5 547.8 544.7 538.1 530.3 522.9 518.5 513.2 508.4
411.8 411.8 411.8 411.8 411.8 418.8 425.2 437.4 445.8 457.1 470.4 478.7 491.5 502 501.4 514.1 519.6 523.4 528 530.1 531.3 532.2 530.8 531 527.7 523.9 519.8 514.6 509.7 502.9 496.1 492.9 488.9 481.8 476.4 469.4 463.6 457.6 451.4 445.3 440.5 433.5 426.6 417.8 410.9 406.5 405.8 405.6 401.4 400.2 398.5 397.6 397.6 403 406.9 406.4 410.5 416.6 420.4 425.6 429.9 438 447.8 457.9 469.2 482.7 492.5 506.9 518.1 521.8 518 512.6 509.7 505.6 502.2 498.6 497.5 493
411.8 411.8 417.7 413.6 413.6 420.5 430.2 442.3 451.6 466 476.7 492 503.5 514.4 522.5 524.1 531.2 535.6 540.1 542.2 543.5 544.9 544.7 544 541.4 537.8 534.6 529 523.2 515.8 509 503.1 498.6 492.6 484.6 478.1 473.8 467.7 463.5 457.1 450.8 445.1 439.5 433.3 428.2 419.9 411.7 408.1 407.3 402.7 401.4 400.4 398.6 396.1 402 402.7 405.9 403.6 416.1 417.1 420.4 424.3 432.5 443.7 452.3 462.9 471.6 482.1 490.4 493.6 492.3 487.8 486 482.7 479.8 479.4 477.7 473.3
411.8 411.8 414.9 419.2 417.8 427.8 442 448.3 459.8 473.9 489.9 504.4 519.2 530.8 537.2 537.5 544.4 547.2 551 553.7 556 557.7 557.1 556.8 556.2 552.9 549 543.8 536.7 530.8 522.7 516 507.8 503 496.3 491.7 485 479 474.3 467.9 462.3 454.7 450 444.6 437.1 432.4 423.7 419.8 416.4 410.8 411.8 406.5 400.9 396.4 395.9 400 407.3 406.2 402.4 406.9 409.3 417.3 418.4 426.3 437.6 440.8 452.9 463.2 468.8 470.5 469 465.7 464.7 463.6 459.9 457.4 452.9 453.6
411.8 411.8 411.8 413 419.5 436.2 444.3 455.2 470.4 485.2 502 521 537.7 546.4 551.6 553.3 555.9 560.4 562.5 565.7 567.7 569.1 570.5 571.2 570.9 567.9 564.2 559.3 551.4 544.5 536.8 530.3 521.3 515.9 508.7 502.9 496.2 491.1 485.3 476.7 471.7 464.8 459.3 457.8 451.1 444.5 436.5 431.6 428 419.9 414.6 408.2 406.3 400.8 397.2 396.9 400.1 401.2 398.5 403.7 400.4 400.1 408.2 415.7 417.7 425 434.4 442.6 446.6 448.5 448.4 444.3 442.8 442.4 441 440.6 436.8 435.3
411.8 411.8 411.8 411.8 428.1 440.2 453 467.3 483 501.4 519.7 540.7 553.4 561.4 565.6 567.6 568.3 572 574.9 576.2 579 581.8 583.7 585.4 585 583.2 581.2 579.1 569.6 559 551.8 544.6 536.8 529.1 522.3 516.7 508.6 501.4 494.8 486.4 480.8 473.6 465 464.6 457.2 453.1 448.5 444.1 435.9 431.3 424.2 419.2 413.8 406.8 400.9 394.3 395.8 397 397.9 400 397.1 398 398.6 398.1 403.8 410.7 413.5 418 425.5 427.2 431.4 429.4 426.9 425.6 426.9 426.2 424.6 425.4
411.8 411.8 411.8 416.9 433.9 444.9 463.4 482.2 499.2 519.5 539.6 557.1 570.2 576.4 579.1 580.7 578.4 582.8 586.2 587.2 591.7 594.9 597 597.8 599.1 600.8 601.8 601.7 591.4 580 568 558 551.4 544.1 535.9 527.5 518.8 511.7 506.4 497 491.3 484.1 476.7 471.2 467.8 463.5 459 453.5 447.6 442.7 436.5 428.3 424 417.4 411.8 406.9 402.4 394.8 392.8 392.5 392.5 394 396.9 396.4 393.9 396.7 396.9 400.9 406.5 407.9 410.1 409.4 411.7 412.7 411 410.1 408.9 414
411.8 411.8 411.8 429 441.9 458.2 478 496.9 516.1 540.2 562.2 576.7 584.4 589.1 592.1 593 592.1 594.2 597.4 600.5 605.2 609.2 613 615 618.7 621.1 627.4 620.7 611.2 602.3 588.8 575.3 564.8 556.1 549.4 542.3 532.1 524.4 515.3 509.9 499.6 492.7 488.4 480 475.7 470.4 467 462.7 454.4 451.1 446.3 437 433.6 425.9 421.4 415.5 412.3 408.6 405.8 400.6 395.8 392.8 391.5 392.4 392.1 392 392.4 393.2 394.5 394.9 397.2 396.9 396.9 397 398 398.8 397.4 398
411.8 411.8 427.3 439.9 454.1 476.2 496.2 513.6 537.2 561.4 578.4 590.9 597 601.1 604.1 602.8 603.2 605.3 607.7 613.9 619.7 628.1 634.2 640.3 644.1 647.4 649.1 642.8 631.7 619.1 604.6 592.3 583 572.5 565.3 554.9 546.2 538.9 527.7 518.9 510.4 502.7 497.5 491.8 485.3 480.2 474.4 469.7 465.4 460.7 456.1 446.8 440.8 437.2 429.8 426.1 417 414.2 410.1 407 403.5 400.4 399.6 394.8 390.7 390.6 390 389.9 389.8 386.9 390.3 390.6 392.2 394.3 394.7 391.8 389.2 387.9
411.8 427 434.5 450 471.3 491.9 511.8 533.5 560.4 581.4 596.3 605.6 610.4 614.3 615 613.9 613 616.5 618.7 625.9 633.2 642.2 651.2 658.4 662.9 667.7 665.4 657.3 647.6 634.7 622.2 610.9 602.5 590.9 579.5 566.2 556.4 547.5 540.3 531.4 521.7 511.7 504.5 498.7 493.5 488.3 482.6 477.9 474.5 467.8 463.4 456.4 450.9 445.1 439.5 434.1 429 424.9 418.9 417.6 412.3 407.9 407.1 405.3 404.4 402.7 400.4 395.4 393.1 393.5 387.1 386.6 388 387.6 387.9 386.7 385.8 383.5
420.9 439 449.1 467.3 487.7 509.3 532.7 556 583.6 600 612.7 620 624.1 626.5 625.7 624.7 617.3 624.1 630 638 645.4 656 661.9 668.8 674 677.6 674.3 666 657.4 648.7 638.3 626.5 616.5 604.8 591.1 577.5 567.2 558.1 548.7 540.1 531.5 523.6 514.3 507.2 502.3 497.9 492.5 486.1 481.5 476.3 471.1 464.5 458 452.6 446.4 442.5 438.1 433.1 427.9 423.3 420.2 420.8 417.9 412.3 408.9 408.9 404.1 399.6 397.1 398.7 403.7 397 385.7 384.9 384.6 387.4 386.4 385.9
434 447.3 465.4 485.3 504.5 530.4 558 582.8 603.9 618.7 630.1 634.4 637.2 638.6 638.1 636 629.2 633.5 640.5 648.8 657.8 666.4 670.7 677.5 683 685.7 686.2 677.7 667.1 657.7 649.4 638.1 626.9 611.6 598.9 588 578.4 568.6 558.6 549.3 541.3 534 525.7 518 512.7 507.3 500.3 493.8 488.2 483.3 478.4 472.2 467 460.6 454.9 447.8 445.3 440.8 435.7 429.2 429.7 426.8 423.7 421.1 416.1 408.3 408.4 409.9 418.1 417.2 409.9 406.2 404.6 399.8 404.2 406 403.2 403.8
448.4 464 482.9 502.6 525 553.8 582.7 607.2 625.6 638.2 645.4 648.9 651 652.3 650.2 646.7 641.2 645.1 652.7 660.7 670.9 675.8 680.2 686.7 692 693.7 691.2 686 677.6 669.8 660.3 648.1 636.1 621.9 609.2 597.6 587.6 577.7 568.2 559.2 551.8 544.2 534.8 526.9 519.4 512.3 506.1 500 494.7 488.9 484.7 479.1 475 469.4 464.1 458.4 452.9 445.1 444 435 437.2 432.9 431.1 424.9 420.3 413.6 420.4 422.9 430.4 422.3 420.4 419.7 415.2 412 414.1 413.3 412.2 411.2
464.4 483.8 500.8 524.1 549 580.2 611.1 630.5 645.8 655.7 661 662.5 664 662.7 659.7 656.7 652.3 655.5 666.3 675.2 680.7 685.7 690.9 696 699.8 700.7 698.6 695.4 690.3 683.9 675.1 662.4 647 633.9 622.8 610.6 600.8 589.4 578.9 569.6 560.2 552.6 545.3 536.3 528.6 522.7 516.3 508.3 502.4 498.1 494.8 491 484.9 478.5 471.7 465.5 460.6 453.9 447.4 444.3 443.4 436 433.3 429.3 414.3 424.5 426.7 428.6 424.3 429.4 431.2 428.7 425.8 422.5 426.6 419.2 427.3 426
482.5 503.4 522.8 549.1 577.3 608 634.6 653.4 666.5 674 677.2 677.6 676.5 673.9 671.1 667.2 664.9 669.8 679.9 686.3 690.9 695.8 699.6 703.6 705.1 705.9 705.2 703.2 697.9 691.3 683.7 672.5 659.3 648.3 635.1 625.8 615 605.7 597.5 585.5 575.3 567.7 561.5 551.4 543.5 536.8 527.3 518.8 512.3 507.7 503.5 499.4 493.9 488.2 480.6 473.8 469.6 461.6 453.5 450.5 444.3 441.9 438.8 426.3 427.9 435.1 438.3 434.9 439.5 437.4 441.6 438.3 433.4 442.6 432.2 435.1 435.2 432.1
502.1 524.6 549.7 572.3 606.1 634.7 658.4 675.6 687.4 691.6 692.1 689.9 687.2 684.5 683.3 680.4 680.8 686.1 692.5 696.8 700.2 703.5 705.9 708.8 707.8 708.5 708.5 705.4 701.9 696.5 689.1 680.8 675.3 668.2 654.1 642.2 630.1 622.7 613.4 605.8 594.7 583.9 573.6 564 555.9 549.2 540.4 532.4 522.4 515.1 511.9 507.5 500.5 492.5 485.5 481.3 473.5 459.7 459.6 452.4 449.4 447.4 439.1 431.8 442 447 449.5 442.5 446.9 448.3 449.7 448.4 441.4 439.8 444 449.4 451.3 442.4
