app/static/ascii/NN68.asc
ncols 200
nrows 200
xllcorner 260000
yllcorner 780000
cellsize 50
[rows 0 to 34 of 200, columns 0 to 77 of 200]
446.2 452.1 461.3 467.4 470.4 470.8 468.1 466.4 465 464.4 465.1 467.1 470.1 474.7 473.6 470.3 469.8 473.5 481.9 480.2 480.4 482.5 474.1 456.3 457.8 462.4 460.5 465.5 466.4 463.3 454.4 455.6 444.9 439.5 433.1 428.4 427.8 429.3 427.5 414.9 404.6 395.5 391.9 383.5 370.9 366 361.4 356.7 355.3 350.8 348.4 346.3 344.5 343.1 341.7 340.2 339.9 339.8 334.7 335.2 335.9 336.8 337.9 341.3 342 343.4 343.9 344.7 345.3 343.7 342.4 341.1 339.5 338.3 337.2 337.1 337.4 337.2
449.7 457.9 466.5 470 476 477.3 471.5 467.4 466.4 465.4 465.6 465.8 468.3 469.7 468.7 467.9 469.4 478.9 482.7 486.3 477.9 467.5 447 436.6 437.4 441.9 443.4 446.5 445.2 437.4 432.1 432.4 424.6 419.7 417.8 413.2 410.2 411 404.8 396.3 387.1 386.4 381.6 370.8 362 357.8 353.8 350.6 348.9 348.3 346.7 346.6 344.7 341.9 340.9 339.1 337.4 336.1 338.8 337.3 338.2 339.7 342.8 344.1 344.8 345.6 347.4 348 348.5 346.6 344.4 342.4 340.7 339.2 338.3 339.3 339.8 338.7
454.5 463.8 471.5 477.1 484.3 481.2 474 467.2 466.5 466.2 466.4 466 465.8 466.1 466.4 467.3 469.2 475.9 480.5 482.8 467.3 438.8 421.3 416.2 418 422.3 422 422.8 420.8 411.1 405.3 404.3 404.1 401.7 400 396.3 392.7 390.2 386 379.8 375.3 373.1 369.4 361.2 353.5 351 350.1 348.1 346.8 346.7 346.3 347 347.1 343.5 341.3 338.4 338.2 338.5 338.1 341.2 345.9 347.4 348.1 347.9 347 349.3 351.6 352.4 351.5 349.3 345.4 343.5 341.9 340.2 339.8 340.6 341.2 340.2
457.9 467.6 477.9 488.4 491.9 483.9 475.3 469.1 468.3 467.7 467.1 467 466.5 466.6 470.2 471.3 471.7 471 471.7 468.2 451.1 419.8 405.3 399.2 397.6 396.7 396.4 398.5 396.6 389.4 381.7 377.6 377.9 377.3 377.3 376.2 375.5 372.8 368.5 364.4 362.3 359.9 356.6 352.4 348.8 348.7 347.4 349.7 347.4 345.2 345.3 345.5 344.2 341.8 341.2 341.6 342 342.6 341.6 344.6 348.2 350.6 351.8 350.7 349.3 352.7 354.6 355.6 354.1 350.9 346.6 344.7 343.1 341.5 341.1 341.5 342.7 341.8
459.2 468.3 481.3 495.1 497.4 485.2 475.9 472.3 472.2 472.2 469.4 468.2 468.7 477.5 480.7 483.8 475.9 465.1 461 450.2 428 409 395.7 386.9 380.7 377.8 376.1 375.9 374.1 369.7 363 359.9 359.5 359.6 358.1 356.9 357.5 354.4 351.2 351.3 348.6 348 348 348 348 348 354.3 357.8 352.7 347.7 346.4 346.6 344.1 344.5 344.9 345.2 345.9 347.2 346.2 347.3 348.8 352.2 354.8 353.4 353.9 355.8 357.6 358.6 356.6 353.1 349.1 346 344.4 342.8 341.8 342.4 346.1 342.2
458.4 468.2 479.4 490.9 486.8 481.3 477.8 477.2 478.7 476.8 472.4 472 475.7 475.9 477.5 484.2 481.2 462.7 449.7 433.3 414.8 399.3 385.9 376.6 369 364.8 361.6 359.2 355.8 350.5 348 348 348 348 348 348 348.9 348 348 348 348 348 348 348 348 349.4 357.7 358.3 354.3 350.2 347.7 347.3 347.7 348.1 348.3 348.8 349.1 350.4 349.5 349.4 350.8 353.4 356.7 355.3 358.6 359 360.9 360.6 358.7 355.6 351.5 347.4 345.4 343.4 341.5 342.1 343.6 343.1
455.7 460.8 466.2 473.4 476 478.7 481.6 488.4 484.3 478.6 475.6 477.5 487.9 483.7 476.9 474.4 471 460.6 443.2 424.5 401.2 388.2 376.8 367.6 360.9 355 350.7 348 348 348 348 348 348 348 348 348 348 348 348 348 348 348 348 348 349.7 353.3 359 356.1 354.9 353 349.1 352.6 351.8 351.8 351.9 353.1 353.2 353.4 352.7 352.4 353.3 356 357.6 360.8 360.9 362.1 362.9 362.2 360.5 357.6 353.7 349.5 345.5 343.7 341.4 343.1 344.4 344.2
449.8 456.4 465.4 469.5 473 482.3 485.4 490.2 487.9 481.6 482.3 493.3 498.9 497.3 483.3 469.8 466 457.3 436.8 415.2 396.4 382 368.5 360 356.5 348.3 348 348 348 348 348 348 348 348 348 348 348 348 348 348 348 348 348 351.8 356.3 358.3 360.8 359.4 356.2 352.9 352.6 354.1 354.7 355.1 355.2 355.3 355.5 356.1 356 356.5 358.2 359.1 362.6 366.6 363 363.6 365.5 363.4 361.1 358.4 354.9 350.5 345.2 342.4 342.1 343.8 344.9 344.9
445.6 453.3 463.3 467.3 482 483.4 489.7 487.1 488.8 487 494 500.3 509.3 510.3 492.3 470 465.6 456.2 435.5 414.5 399.2 384.2 370.4 359.2 352 348 348 348 348 348 348 348 348 348 348 348 348 348 348 348 348 348 352.2 356.7 360.4 359.9 361.4 361 357 355.5 355.9 357.2 357.7 358.1 357.5 357.4 357.5 358.4 359.3 361.6 363.1 365.7 369.5 369.4 366.6 364.8 366.9 364.8 360.4 357 353.7 349.1 342.8 342.3 343.1 344.3 345 345.1
444.4 453 458.8 465.5 476.3 478.8 484.5 487.1 493.8 504.8 498.4 500.2 506.6 509.1 496 475 466.5 459.1 442.6 421.3 404.4 389.5 375.7 363.8 353.9 348 348 348 348 348 348 348 348 348 348 348 348 348 348 348.4 349.4 352.3 356.8 360.9 364.4 363 362.1 362 357.6 358.9 359.5 360 360.8 360.5 359.9 359.6 359.6 360.5 362.8 369 369.7 370.1 373.1 372.9 369 366.2 365.4 363.6 359.1 355.7 352 346.8 341.4 343.8 344.5 345.2 345.3 345.4
443.9 447.7 454.1 462.1 472.6 473.7 479.9 489.5 494.3 493.7 495.4 497.3 500.9 512 512.2 509.7 493.2 463.5 443.8 426.5 413.7 400.5 383.3 366.8 354.9 348 348 348 348 348 348 348 348 348 348 348 348 350.4 351.1 351.6 353.8 357.8 361 363.3 366.7 365.1 363.8 362.6 360.3 360.6 361.5 362.8 363.9 363.4 362.1 362.5 364.1 363.3 369.6 378.6 379.2 375 374.7 372.2 368.7 365 363 361 357.9 353.9 349.2 344.3 342.3 343.6 345.1 345.5 345.7 345.8
443.6 451 455.2 460 465.6 471.1 479.4 494.5 497.7 495.9 494.8 498.6 505.3 509.3 516.4 500.5 491.2 474.5 449.2 432.4 416.3 402.8 384.4 366.3 352.3 348 348 348 348 348 348 348 348 348 348 348.2 349.4 353.8 354.1 354.6 359.3 363.4 365.1 367 368.3 370 367 364.5 363.4 362 361.5 363.7 365 364.6 364.4 365.3 367.2 366.6 375.2 381.6 381.7 383 377.5 372.2 367.7 362.9 360.9 358.8 354.9 350.6 345.3 341.8 342.4 344.1 344.7 345.3 345.6 345.8
445.4 453.9 455.6 460.5 465.4 470.6 477.6 484.7 490.2 494.8 495.8 504.1 507.4 509 516.3 518.3 515.5 496.9 460.2 440.7 419.4 400 381.2 361.8 349.5 348 348 348 348 348 348 348 348 348 350.3 352.6 351.5 356.8 357.1 357.6 363.9 365.8 369.2 371.5 370.6 370.6 370.2 366.5 365.4 363.8 361.8 364.1 364.6 365.5 367.5 368 369.3 373.2 383.1 383.8 382.7 383.9 377.7 371.4 366.4 361.2 358.5 355 351 348.3 343.4 341.9 342.8 343.9 344.3 344.9 345.4 345.6
447.4 452.3 454.5 460.6 466.5 472.1 477.7 480.8 487 493.2 496.6 503.9 511.8 515.2 520.8 517.2 509.2 492.6 467.1 442.9 418.5 395.4 374.2 360.3 350.6 348 348 348 348 348 348 348 348 348 351.1 354.6 357.3 361.1 363.2 362.5 365.4 367.5 371.1 373.3 370.7 368.9 369.3 367.4 366.1 362.6 363.3 364.3 365.2 368.5 370.6 370.5 372 379.6 386.5 387.4 386.8 382 375.4 369.3 364 359.1 355 351.4 349.2 346.1 342.7 342.1 343.1 343.5 343.9 344.4 345.2 345.5
445.8 448.4 451.6 459.8 468.6 470.9 474.3 477.7 486.1 496.2 501.9 514.6 529.8 522.7 526.8 529.1 518 494.5 461 434.2 411.6 388.9 372.5 359.4 351.6 348.4 348 348 347.8 348 348 347.7 349 349.8 354.2 358.6 362.2 365.9 367.1 367.4 367 368.3 372 373 371.5 366.4 366.3 366 366.2 362.2 364.5 365.3 367 369.6 371.8 372.1 375.9 383.2 388.3 388.8 386.1 378.1 371.2 366.3 361.3 356.3 352.3 349.6 347.3 345.5 343.6 342.2 342.7 343.1 343.6 344 344.7 345.3
439.6 444.9 449.5 459.4 466.2 468.7 471.5 477.2 490.6 503.6 514.2 524.1 527.3 527.3 539.4 546.7 547.4 514.7 453.8 424.3 404.1 384.5 370.1 361.2 355.6 353.2 350.2 348.6 348.5 348.9 348.1 349.9 352.1 351.9 358.2 363.6 364.5 368.3 369.7 370 369.1 369.1 369.7 370.4 370 365.4 365.1 365.1 363.9 363.5 365.8 367.3 369.4 370.4 371.7 373.5 377.2 385 387 385.8 380.9 373.9 367.9 362.9 357.9 354.1 351.1 348 345.6 344.4 343.4 342.5 343.1 343 343.2 343.6 344.3 345.1
439.7 447.9 451.3 458.7 465.1 468.2 473.9 486.2 502.8 510.2 520.8 526.9 526.8 539.9 552.9 553.1 545.6 492.1 446.6 423.7 404.7 386.2 373.6 366.2 360.9 356.2 351.6 350 350.1 351.6 351.4 352.5 357.2 358.8 363.7 367.7 366.9 370.4 371.2 372 371.2 370.2 370.1 367.6 365.5 365.1 364.5 364.1 364.1 364.2 365.9 369.1 372.4 372.1 373.6 375 378.8 382.6 383.9 379.2 374.7 367.6 362.6 358.8 355.5 352.9 350.8 348.8 347 345.9 344.7 342.3 343.5 343.6 343.6 343.6 344.4 345.5
442.5 452.1 454.2 458.9 464.5 470.8 479 494.8 507.1 511.8 523.4 526.3 526.8 541.9 554.3 549.4 524.3 476.6 446 426.8 407.4 391.7 375.3 366.8 359.4 353.9 350.9 351.5 352.2 353.5 354.7 359.2 363.5 364.2 367.4 371.3 371.1 372.8 373.6 373.7 373.2 372.4 371.9 371.5 366.4 365.5 364.4 364.9 364.9 364.6 365.3 368.2 372.3 373 374.1 375.2 379.7 378.5 377 373.5 368.7 363.6 359.5 356.6 354.4 353.1 352.1 350.6 347.7 345.6 343.8 342.7 343.2 343.7 343.7 344.4 345.6 346.6
444.5 452.8 455.1 459.9 465.3 475.2 481.5 490.7 499.3 509.3 513.8 520.4 529.7 531.2 545.7 537.7 499.1 465.5 444 425.1 404.9 387.2 373.1 363.4 356.5 353 354.1 356.5 356.3 356.1 361.2 365.6 367.4 368.9 372.3 373.8 375.7 376.3 378.5 379.9 378.9 378.8 377.6 374.4 369.7 366.5 364.8 365 365.7 365.3 364.5 366.4 370 371.8 373.1 375.1 377.8 375.8 373.5 369.6 365.4 362.1 359.2 356.7 354.3 353.1 352.6 350.5 347.2 345.9 344.7 343.4 342.9 343.8 344.1 345.6 346.7 347.8
439.3 449 457.3 460.4 467.6 474.4 477.5 484.9 493.9 503.1 507.9 513.7 517.1 528.7 544.5 534.1 493 460.7 442.4 417 394.9 378.3 367.8 361 355.8 357.9 357.2 364.5 362.7 365.6 370.5 372.8 373.1 374.6 378.4 382.7 386.5 386.1 385.8 385.2 384.6 385.6 380.9 376.9 371.5 368.4 364.6 365.1 365.9 365.9 365.4 365.1 366.3 368.4 370.4 373 375.2 373.2 370.4 367.2 364.1 361.6 358.6 356.5 355.3 354.4 351.9 349.7 348.3 346.6 345.4 344.8 344.6 344.4 345.3 346.8 347.9 349.3
434.3 444.8 453.3 459 464.4 468.1 471.7 476.8 486.9 496.1 499.1 503 509.3 526.4 532.5 517.2 484.7 449.2 431.7 403.5 380.1 367.9 361.8 359 356.2 359.8 362.4 368.8 371.8 376 381.4 383.7 384.4 387.3 393 397.3 401.7 402.8 394.3 392.8 388.8 386.8 382.6 377.3 371.4 366.9 364.8 365.3 366 365.9 365.4 365.8 366.3 367.3 370 373.1 374.8 372.5 369.7 366.4 363.3 361 359.5 358.5 357.2 355.7 353.5 351.5 349.8 348.3 347.1 346.6 346.3 346.1 346.3 348 349.8 351.6
430.4 440 446.1 454.2 459.4 462.8 466.1 469.4 480 488.7 489.4 498.7 503.8 511.8 476.4 461.7 445.1 425.7 409.4 384 371.4 364.1 360.6 358.4 360.4 364.8 371.5 377 383.4 389.2 395.1 401.5 406.2 410.8 416.3 418.4 419.7 417.4 412.3 400.5 395.8 390.3 386.8 381.5 377.1 371.8 370.1 368.1 366.4 366.9 367.1 367.3 367.7 369 371.7 372.9 373 371.4 368.8 368.7 367.3 366.6 364.9 362.8 359.8 356.7 355.3 354 352.2 351 349.8 348.6 348.3 347.8 347.7 349.8 351.5 353.6
427.8 436.1 445.2 450.4 452.6 456.8 460.5 463.8 471.9 475.5 481.1 486.3 482.6 473.8 444.6 431.9 418.2 403.5 387.4 373.8 367.8 362.8 360 361 366.3 375.7 383 391.3 400.8 410.6 417.9 422.9 432.8 454.3 461.9 451.9 442.7 433.2 425.3 418 411.5 403.8 398 392.8 384.1 377.4 375.8 374.9 372.6 371.4 369.1 369.3 369.6 371.4 373.1 373.5 374 373.2 373.1 373.5 373 372.6 370.1 367.8 365 360.2 359.6 358.1 355.9 353.8 352.5 350.9 349.3 348.6 349.6 351.5 353.6 355.9
424.3 432 437.8 440.2 446.4 450 452.7 455.5 461 468.9 472.3 467.9 457.3 442.7 432.4 416.4 403.5 389.8 377.6 370.6 365.6 363.2 360.9 364.9 375.9 389 401.3 412.3 432.8 442 442.8 449.6 470 482.6 482.8 474.1 463.9 453.4 442.6 436.7 429 418.5 407.1 399.6 391 386.4 386.4 383.1 380.2 377.3 371.4 371.2 372.5 374.1 375.8 375.8 378.3 378.7 379.4 380.2 380.4 379.9 377.2 374.5 371.4 367.7 364.4 362.1 359.9 357.6 355 353.6 352 349.9 350.9 353.8 355.9 358.5
421 426.8 431.7 436.6 441.6 446.2 447.2 449.1 455 461.1 460.4 452.8 444.6 429.4 417.2 402 393.6 384.9 375.2 370 366 364 363.3 372.5 387.1 401.8 419.3 431.8 457.9 470 472 479 491.5 494.3 497.3 497.6 488.2 478.1 465.8 451.2 443.5 428.2 414.8 403.1 400 398.3 395.6 390.5 385.5 380.5 374.9 375.3 375.8 377.1 380.3 382.9 385.4 388.7 388.8 388.6 388.6 387.1 383.6 380.1 376.5 372.9 368.5 365.8 363.5 361.1 358.1 355.9 354.5 352.9 352.7 355.8 358.7 361.9
416.7 422.9 428 433.2 438.2 441.4 443 445.6 450.4 452.3 452.3 443.3 432.5 419.9 408.5 395.6 389.5 381.2 373.7 368.9 365.8 364.5 369.4 383.4 397.4 414.4 431.9 449.1 472.2 491.2 502 516.6 519 523.2 517.7 511.2 501.6 488.9 476.9 463.6 449.7 436.6 423.5 416.2 411.4 406.7 401 394.9 388.8 382.9 380 380.8 382.2 384.9 390.9 394.5 396.2 398.9 397.7 397 395.7 392.7 389 385.3 381.6 377.6 372.8 369.7 367.1 363.7 361 357.3 357.8 356.7 355.8 359.5 362.3 365.2
412.7 419.7 425.3 430.5 433.3 436.5 439.3 442.1 445.4 448.2 450.9 440.8 427.2 416.4 404.7 395.7 388 379.3 372.8 368.3 366.7 368.7 379.4 393.7 408.6 426.3 444.2 464 488.8 507.5 516.5 526.6 530.2 528.7 526.4 514.7 504.1 490.8 478.8 465.4 452.3 442.9 433.5 425.8 419.3 412.3 405.1 397.4 391.3 386.1 386.9 387.8 391 395.7 402.6 408.4 406.8 407.1 405.9 404.3 402.4 398.8 395.1 391.3 387.2 382 377.1 373.8 369.4 366 362.5 361.3 360.4 359.8 359.7 363.2 366 368.7
408.6 415.2 419.7 424.1 427.7 430.6 432.7 435.1 437.6 442.8 447.3 432.6 420.3 414.6 405 396.2 384.8 376.7 371.6 368.7 370.5 377.1 390.3 403 419.4 437.3 455.2 478 496.3 511.6 521.2 529.6 526.6 530.4 520.6 514.3 506.4 494.6 481.3 464.3 452.2 445.3 437.8 430.9 423.7 414.8 407.1 400.7 395.1 392.2 394 395.6 400.1 405.9 413.7 418.8 416 414.9 414 411.7 408.5 404.9 401.2 396.9 391.6 387.5 383.2 378.2 371.9 371.3 369.9 366.1 365 364.1 361.7 366.4 368.8 371.2
403.9 409.2 413.8 417.7 421.3 423.6 425.2 426.7 428.6 431.3 427.6 419.8 415 412.1 404.4 393.3 382.8 374.9 371.5 374.2 379.3 388.2 398.9 411.9 431.9 448.5 466.3 490.2 504.4 515.9 524.1 526.9 525.7 526.2 509.3 513.8 510.8 498.1 480.4 461.7 452.2 445.8 439.4 432.2 424.8 417.6 412.3 407.7 401.2 401.1 402.9 406.2 409.2 415 422.3 426.9 424.4 423.3 421.5 417.9 414 410.4 406.1 400.2 395.9 393 389.4 383.3 379.2 377.6 374.4 371.4 369.7 367.4 362.4 369.1 371 373.1
402.5 405.4 407.4 410.5 414.1 416.5 417.5 417.3 417.5 418.3 414.5 410.7 408.8 405 399.5 389.8 381 374 376.9 380.1 387.4 397 407.3 421.5 442.2 458.1 474.4 497.6 508.9 516.3 525 525.3 520.4 499.6 504.4 509.4 499.6 487.6 472.4 458.1 452.2 446.7 440.1 433.1 429.1 424.8 419.6 414.8 408.1 410.2 413.1 417 419.6 423.3 428.6 433.9 432.2 430.4 427.6 424.2 419.9 415.3 408.7 404.3 401 397.8 392.8 388.4 385 382.5 379.5 375.4 373.4 371.4 366.6 369.9 371.4 373.9
401.6 402.9 403.8 406.2 409 410.4 410.8 410.7 409.9 409.2 406.8 404 402.5 399.8 395.4 387.6 379.7 377.5 380.4 386 393.7 403.6 414.5 429.9 446.5 462.4 479.7 500.1 511.7 514.9 520.7 516 504.2 495.1 497 492.5 484.4 475.8 464.3 457.6 452.9 448.4 443 439.5 435.4 431.3 426.4 419.6 419.3 419.9 423 428.5 430.6 432.9 436 439.2 439.2 436.9 433.9 430.8 427.1 421.1 415.9 411.3 406.3 403.5 402.2 397.4 391.5 388.2 382.8 378.7 376.9 373.9 368 371.1 372.1 375.4
401.1 403.3 404.1 404.8 407.1 407.2 405.9 405 404.2 404.6 402.7 400.6 398.5 395.7 391.3 384.7 379.8 381 383.2 388.7 395.5 407.1 421.2 436.4 448.2 462.9 478.5 493.5 503.2 510.1 513.3 508.6 490.7 490.4 489.9 485.4 478 469.1 462.9 458.6 456.8 454.2 451.3 448.3 444.9 439.6 432.1 424.9 426.5 427.4 431.6 438.5 440.9 443.5 446.1 447.1 448.4 446.6 442.7 439.1 435.3 429.5 424.3 421 418 414.1 410.9 404.3 398.3 391.7 386.8 383.4 380 376.1 370.1 371.2 372.5 374.2
401.7 403.7 404.5 404.7 404.1 402.5 400 399.6 398.5 399.2 399.3 397.2 393.7 390.7 386.3 382.1 382.9 384.2 387.3 391.4 400.2 413.2 426.9 439 447 458.2 469.5 477.9 486.6 492.3 492.5 484 484.7 485.3 484.7 477.8 472.8 468.9 468.6 467.3 466 464.3 461.5 457.7 451.9 445.9 438.8 435.1 434.8 438.3 442.5 447.8 451.1 453.8 456.5 458.7 459.2 455.9 452 448.4 443.4 437.8 433.2 429.4 425.9 421.6 417.1 409.3 402.2 394.8 388.7 385.3 381.2 377.1 371.7 372.1 373.9 375.1
403.1 404 404.3 403.5 401.7 400 399.9 397.9 397.2 393.4 395.5 392.5 388.2 385 386.9 385.6 385.8 388 392 396.6 402.8 414.3 426.8 437.1 445.8 454.5 460.6 467.1 471.2 475.7 476.4 479.5 481.8 482 480 476.9 476.9 478 478.5 478.3 477.1 474.6 470.5 465.7 458.7 452.2 447.1 445.3 447.4 450.7 454.5 458.6 462.3 463.8 468.7 471.5 469.5 465.7 460.4 456.1 451 445.8 440.6 435.3 430.3 425.1 418.6 411.3 403.9 396.1 390.2 386.7 382.4 377.2 372.2 373.5 375.6 376.5
404.9 405.2 405 404.3 403.8 404.2 403.6 404.6 402.2 397.9 389.4 388.5 386.7 387.8 389 389 390.7 394.8 400.2 404.8 409.2 418.6 427.8 436.1 446.1 453.4 460.1 464.7 468.9 470.8 474.9 478.5 480.6 482.4 482.2 484.5 488 488.1 488.8 489.3 487.6 483.8 479 473.1 465.7 459.8 456.7 457.4 460.2 463.1 467.5 471.7 474.2 474.7 480.9 482.4 480.1 475.1 469.6 464 458.4 452.5 446.4 440 433.2 426.1 419 411.7 404.2 396 390.8 386.9 383.3 376.8 377.4 379.2 378.5 377.5
