app/static/ascii/NN69.asc
ncols 200
nrows 200
xllcorner 260000
yllcorner 790000
cellsize 50
[rows 105 to 139 of 200, columns 78 to 155 of 200]
289.5 290.2 290.4 290 290.3 290.5 290.9 291.4 292 292.7 291.5 289 286.4 289.9 290 290.3 289.5 287.2 285 282.1 280.9 283.7 286.9 287.1 285.5 285 285.5 284 272.9 265.2 260.5 257 256.2 255.7 255.4 257 260.1 260.7 264.1 271.2 277.7 276.8 277.4 277.6 279.6 274.4 269.4 269.7 272.4 274.1 272.8 273.1 276.6 277.1 279.2 279.8 280.8 279.8 273.3 270.4 265.5 265.7 264.8 262.9 257.1 257.5 259.3 251.5 246.2 245.1 245.1 244.9 244.7 245.2 242.4 245 248.3 265.3
288.1 288.4 288.6 287.9 288.4 289 289.7 290.1 290.4 291.1 290.2 287.8 284.3 285.3 287.4 287 285.2 281.7 279.4 276 272.7 273.2 273.4 275.5 270.6 270.4 272.4 265.7 253.6 247.3 248.1 247.9 248.4 250.1 249.5 250.7 250.1 249.2 252.5 254.8 257.5 257.3 253.9 259.7 259.8 254.1 253.9 256.4 262.5 263.7 263.7 262.3 264.7 262.5 263.4 266 268.4 271.7 270.8 266.2 262.3 260.1 259.1 257.3 255.1 254.2 254.2 247.8 245.5 245.1 245.1 245.2 245.3 242.4 245.2 245.1 255.7 274.2
286 286.3 286.5 285.8 286.8 287.7 288.4 289.1 289.2 289.9 288 285.7 279.7 282.7 283 283.1 280.3 277.3 274.1 269.6 264.5 258.5 253.8 252.2 252.4 253.8 250.8 246.8 246.2 245.8 244.3 246.3 247.1 247 245.1 246.5 246.7 247 247.4 248.1 248.9 248.6 248.2 248.7 248.8 248 247.4 247.4 248.8 251.9 255.6 254.4 258 255.9 254.9 256.4 258.5 259.6 261.4 259 253.4 252.3 250.9 249.8 248.9 248.1 246.3 245.5 245.5 244.2 242.4 245.2 242.4 244.9 245 246.9 264.4 285.5
286.5 283.8 283.4 283.1 286.6 288 289.1 290.3 288.8 287 285.8 281.6 277.4 280.1 279.7 277.9 274.9 273.3 268.6 261.6 254.5 249.2 247.2 246.7 246.7 246 246.4 245 245.4 245.7 245.5 245.7 245.9 246.3 246 245.9 246.2 246.4 246.5 245.3 245.7 245.1 244.6 244.1 244.9 245.9 245.8 245.6 245.6 245.1 248 250.5 254.3 254.2 251.6 251 250 250.6 254 252.4 249.1 247.1 246.1 245.8 245.9 246.4 245.5 245.3 244.4 245.5 245.4 245.4 244.9 245.4 245 250.5 271.4 292.8
287.6 285.5 281.6 280.6 287.7 288.7 289.2 289.2 285.9 282.4 279.7 277.1 270.9 275.2 273.2 271.9 269.7 266 261.9 255.5 249.5 248.1 246.9 246.7 246.4 245.3 245.3 245.1 245.4 245.6 245.6 245.6 245.9 246 245.8 245.8 246 246.1 246.2 246.1 246 246 245.8 245.8 245.7 245.6 245.6 245.7 245.8 245.9 244.3 248.8 251 253.4 251.5 249.6 248.5 249.2 249.5 247.6 246.4 245.8 245.8 245.7 247.7 246.6 245.9 245.4 242.4 245.6 245.5 245.2 245.4 245.3 249.7 259.9 281.7 300.4
289.8 287.8 284.7 281.3 285.7 286.5 286 284.3 281.6 278.5 275.1 273.3 270.3 269.2 268.2 266.8 265.4 260.7 254.9 250.1 249 247.7 246.8 246.2 245.1 245.2 245.2 245.3 245.4 245.5 245.5 245.6 245.9 245.7 245.7 245.8 245.9 246 246 246 245.9 245.8 245.7 245.7 245.6 245.5 245.5 245.5 245.4 245.4 245.4 247.1 250 252.8 252.1 250.6 247.6 246.9 246.7 246.6 246.1 245.8 245.7 247 252.7 246.6 245.6 245.4 245.9 245.7 245.6 244.9 245.2 248.5 263.1 268.7 287.1 301.9
282.8 287.4 287.5 284 274.7 280.1 281.3 280.3 276.9 274.4 272.8 271.1 268.1 264.7 262.2 260.6 258.2 254.8 251.3 249.8 248.4 247.4 245.6 245.4 245.2 245.2 245.3 245.3 245.3 245.4 245.5 245.6 245.6 245.7 245.7 245.7 245.9 246 246 245.8 245.8 245.7 245.6 245.5 245.5 245.4 245.2 245.2 245.2 245.1 245.1 245.9 248.8 252.9 254.4 251.2 247.2 246.2 246.1 246 245.9 245.8 245.8 247.2 250.3 246 245.5 245.2 245.7 245.6 245.5 245.2 245.7 256.1 269.4 279.4 291.2 301.7
278.3 280.2 284.8 285.2 281.8 274.2 271.6 276.6 275.1 272.7 270.9 269.9 268.4 267.5 262.5 260.5 258.4 251.5 250.2 249.1 247.4 246 245.7 245.5 245.1 245.3 245.3 245.3 245.2 245.2 245.3 245.4 245.5 245.6 245.6 245.7 245.9 246 245.9 245.7 245.7 245.6 245.5 245.4 245.4 245.2 244.9 244.9 244.9 244.9 245.1 245.6 247.8 253.5 257.6 254.7 247.9 245.9 245.9 245.9 245.8 245.8 245.7 245.8 246.5 245.6 245.3 242.4 245.3 245.1 244.7 245.7 250.5 266.5 276.8 289.7 296.7 302.2
266.1 271.6 276.6 280.2 282.6 276.9 270.7 265.5 273.7 271.6 270.5 269.9 268.8 268.3 268.1 262.2 250.9 250.2 249.8 248.7 247.3 246.5 245.7 245.6 245.2 245.3 245.4 245.3 245.1 245 245.1 245.5 245.5 245.4 245.5 245.6 245.8 246 245.8 245.6 245.5 245.5 245.4 245.3 245.3 245.1 244.8 244.7 244.6 244.7 245 245.4 247.1 249.3 252.7 254.4 248.7 245.9 245.9 245.8 245.8 245.8 245.7 245.6 245.7 242.4 245.9 245.6 245.5 246.5 246.3 249.7 259 272.8 284.3 293.6 302 307.3
258.6 261.7 270.9 276 277.7 275.3 270.2 263.3 271.2 270 268.2 267.8 268.7 268.3 263.5 250.4 248.4 248.5 248.5 248.2 247.1 246.3 245.6 245.6 245.4 245.3 245.4 245.2 245 244.8 245 245.6 245.5 245.3 245.2 245.6 245.6 245.7 245.3 245.6 245.8 245.5 245.4 245.6 245.3 245 244.8 243 244 244.5 244.6 244.7 245.6 246.7 246.9 246.9 247 245.9 245.8 245.8 245.7 245.7 245.7 245.5 242.4 246.4 246.3 246 247.5 250.9 252.2 260.8 271.4 281 287.1 296.3 306.1 313.2
255.5 258.9 263.8 272 275.5 273.6 270.3 263.6 264.9 263.3 262.3 263 264.7 262.7 255.2 248.2 247.8 247.8 247.8 247.5 246.8 246 245.6 245.4 243.6 245.1 245 245 245 244.8 244.2 243.2 245.4 245.4 244.7 245.1 245.6 245.6 245.2 245.6 245.5 245.3 245.3 245.4 245.5 245.1 245.1 245.2 245.1 245.1 245.1 245.1 245.4 245.3 246.6 246.6 246.5 246 245.7 245.7 245.7 245.7 245.6 242.4 246.2 246.4 246.5 246.2 250.2 255.7 259.2 270.6 281.9 286.3 291.1 297.1 306.9 316.6
252.5 253.3 254.4 261.4 268.3 268.6 264.9 260.3 258.3 256.7 255.8 257.9 258.6 252.9 248.4 247.1 247.1 247.1 247.1 246.7 246.1 245.4 245.5 245.3 245.2 242.5 245.1 245.2 245 244.9 244.9 245 245.3 245.1 244.8 245 245.4 245.5 245.2 245.4 245.2 245.3 245.3 245.3 242.9 245.2 245.3 245.3 245.3 245.3 245.3 245.4 245.2 245.8 245.1 245.8 246 246 245.9 245.6 245.6 245.7 245.7 246.1 246.4 246.6 246.8 247.6 252.4 261 268.3 276.4 283.8 287.7 289.6 296.6 308.2 319.1
251 250 249 249.5 255.9 260.2 259.1 255.2 252.9 251.6 251 251.4 250.1 247.8 246.4 246.3 246.5 246.5 246.3 245.8 245 245.6 245.6 245.5 245.4 245.4 245.2 245.2 245 245 245 244.9 245 244.8 245 245.1 245.2 245.4 245.1 245.2 245.2 245.2 245.3 245.3 245.3 245.4 245.5 245.5 245.4 245.4 245.5 245.6 245.4 242.4 245.8 245.4 242.4 246.3 242.4 245.6 242.4 243.5 246 247.8 249.3 252.1 253.1 255.3 261.2 272.8 276.9 281.1 284.5 287.8 291.5 301.5 313.3 324.2
246.4 246.3 245.5 245.4 246.2 248.3 251.2 250.2 249.3 249.5 249.2 248.7 247.4 246 246 246.2 246.3 246.3 245.7 245.7 245.5 245.6 245.7 245.6 245.5 245.5 244.8 245.2 245.1 245.1 245 244.9 244.9 244.9 245 245.2 245.3 245.4 245.1 245.1 245.1 245.1 245.1 245.1 245.1 245.6 245.6 246.2 245.1 242.7 246.3 245.8 243.3 246.3 245.8 245.3 245.4 246.1 245.8 245.5 245.6 245.7 248.1 252.8 261.3 264 263.7 265 268.5 276.9 284.4 286.2 288.3 290.8 297.4 308.6 321.3 329
242.8 245.2 242.7 246.3 245.3 245.6 247.5 247.4 248 248.1 248 247.4 246.8 245.8 245.9 246 246.2 246.2 245.8 245.6 245.6 245.7 245.7 245.7 245.6 245.6 245.8 245.4 245.2 245.1 245 245 245.1 245.2 245.1 245.2 245.3 245.4 245.3 245.2 245.1 245.1 245.1 245.1 245.4 245.4 245.8 242.4 245.5 244.1 244.5 244.9 245.5 245.9 245.5 245.3 245.3 246 245.6 243.8 245.3 246.5 251.2 259.8 265.8 269.2 272 275.7 277.4 282 288.9 290.9 294.9 298.5 305.2 316.1 326.5 331
246 245.9 245.5 242.7 247.5 244.7 246.2 246.6 247 246.9 246.8 246.1 245.9 245.9 246 245.9 246 246.1 246.1 245.9 245.8 245.8 245.8 245.7 245.6 245.8 245.8 245.7 245.2 245.2 245.2 245.3 245.4 245.4 245.5 245.3 245.3 245.4 245.5 245.5 245.4 245.2 245.2 245.2 245.4 245.7 245.1 245.8 245.8 244.6 245.2 245.5 245.5 245.5 245.2 245.4 246.1 246 246 246.5 246.9 249 258.3 261.7 265.6 277.9 285 288.5 290.7 290.6 292.3 296.8 303.6 308.6 312.2 321.6 330.4 333.2
246.4 246.2 246 246.1 244.7 246.2 246.1 246.3 246.2 246.1 246.2 246.2 246.2 246.1 246.1 246.3 246.5 247.4 242.7 248.2 246 245.8 245.8 245.8 245.7 245.7 245.6 245.5 244.4 245.4 245.5 245.5 245.6 245.7 245.9 245.8 245.6 245.4 245.6 245.8 245.7 245.5 245.4 245.3 244.8 244.9 245.9 245.8 245.7 245.1 245.5 245.7 245.9 245.7 246 246.4 246.8 247.1 247.6 251.3 254.8 257.1 266.7 268.4 272.8 285.1 294.2 299.1 301.4 301.9 299.5 305.3 317.2 321.2 321.2 329.8 334.7 335
246.8 246.4 246.3 246.1 246.3 244.9 246.2 248.1 246 246 246.4 246.5 246.5 246.4 246.3 246.4 242.7 248.2 246.2 247.2 245.6 242.7 245.9 245.8 245.8 245.8 245.6 245.6 245.5 244.8 245.7 245.8 245.9 245.9 246.3 246.2 246 245.8 246.3 246.9 246.7 246.7 246.5 245.3 245.6 245.7 246.1 245.9 245.7 245.7 245.8 246 246.2 247 253 254.3 253.1 253.5 254.6 260.3 263.1 264.6 269.2 272.1 278.7 289.3 299.5 307 315.5 323.4 315.4 317.1 330.1 334.8 334.3 338.3 339.1 335.6
244.2 246.8 246.9 244.7 246.5 246.6 245 242.7 245.8 245.9 246.1 246.4 246.5 246.5 246.4 242.7 246.1 246.7 246.5 246.4 246.3 246.8 242.7 246.9 247.3 246 245.9 245.8 245.7 245.4 245.5 245.6 245.6 247.3 246.1 243.8 246.2 246.4 245.8 242.7 244.2 242.7 242.7 246.3 246.2 246.1 246.4 246.2 246 246 247.1 247.3 247.9 252 262.8 264.9 264.6 265.6 264.7 267.8 268 270 274.4 278.7 284.6 294.4 309.8 322.2 332.9 356.5 346.8 335.5 342.6 343 345.3 346 341.1 334.5
243.8 246.4 246.8 246.7 246.3 246.3 248.5 246.1 246 242.7 242.7 247.8 245.9 245.9 242.7 246.1 246.6 246.8 246.8 246.8 246.7 246.4 243 247.1 247.1 246.6 246.3 246.5 247.5 245.9 247.8 246.3 246.5 245.8 245.1 246 245 245.1 244.8 246.1 245.4 246.4 246.6 246.7 246.8 246.8 246.7 246.5 246.4 246.5 247.5 248.5 250.7 259.5 272.1 273.5 273.8 274.4 274.7 274 273.8 277.1 282.8 286.4 293.3 306 324.3 338.8 358.7 383.8 384 356.1 357.7 353.1 350.6 346.8 338.9 331.1
246.4 246 246.4 246.3 246.1 246 245.9 246.1 246.2 246.2 246.2 246.3 242.7 244.2 246.2 246 246.3 246.5 246.6 246.6 246.7 246 244.9 247 246.8 244.4 242.7 242.7 242.7 245.3 246.1 246.1 245.9 244.3 246.5 246.6 246.2 246.6 247.2 248.5 249 249.4 248.8 247.8 247.8 247.4 247.2 246.6 246.8 250 253 255.7 262.6 272.1 279.8 279.3 280.1 280.8 281.1 281.3 283.2 284.8 290.2 297.8 308.9 320.5 337.1 360.4 382.1 397.5 407.2 379.1 365.6 359.4 354.2 345.3 335.4 326.5
246.8 246.5 246.2 245.8 245.8 245.8 246 246.2 246.3 246.2 246.2 246.1 246.1 246.1 246 246 246 246.2 246.3 246.3 246.3 246.9 245 242.7 242.7 246.3 246.3 246.2 246.4 245.9 245.4 242.7 246.4 246.4 246.8 247 247.2 247.3 249.1 251.2 252.2 252.2 252.1 251.8 250.1 249.8 250.1 250.3 251.9 258.8 267.7 270.2 273.9 283.6 284.5 283.7 285.4 286.5 287.3 288.4 293 295.4 300.2 311.4 322.4 340.1 350.3 375.2 398.8 405.5 407.1 388.1 368.9 359.8 354.3 345.4 336 326.3
246.9 246.6 246.3 246 245.8 245.9 246 246.1 246.2 246.2 246.2 246 245.9 245.8 245.8 245.8 245.7 245.9 246 246.1 246 246.4 246.2 246.7 246.7 247.7 249.4 251 249.8 247.9 247.6 247.5 247.5 247.3 248.1 249.5 253 255.3 255.6 256.3 256.5 258.4 259.1 259.8 256.9 255.5 258.2 261.1 270.1 282.1 291.1 282.8 283.8 291.6 290 288.2 289.2 290.7 291.8 294.1 299.6 305.5 312.8 326.3 339.2 353.4 365.6 382 396.2 399.3 399.1 388.2 373.9 363 356.6 348.3 339.3 332.3
246.9 246.7 246.4 246.1 246 245.9 246 246.1 246.2 246.2 245.9 245.8 245.5 245.7 245.8 245.6 245.7 245.7 245.6 245.9 246 246.1 246.8 249.2 253.8 257.8 260.2 259 256.3 255.6 256.7 257.5 257.9 257.2 258.5 260.1 262.5 267.2 267.2 266.2 263.4 266.6 268.7 270.9 264.5 267 268.8 275.1 288.2 296 297.7 290.9 291.2 294.2 293.5 291.7 292.8 294.5 296.7 301 306.1 313 320.5 333.2 346 357.9 368 378.8 388.7 396.4 398.5 390.8 376.9 365.8 360 349.8 341.6 335
246.8 246.7 246.4 246.1 246.1 246.2 246.1 246.1 245.9 245.7 246 245.8 245.5 245.7 245.8 245.7 245.7 245.7 245.7 245.6 245.1 246.5 255.2 259.4 262 265.5 263.6 261.8 261.6 262.9 264.2 264.8 266.1 269 269.5 268.6 269.9 272.3 273.6 273.5 271.7 275.4 278.1 280.3 275.2 280.3 281.8 284.9 291.2 296.7 297.9 294.3 293.1 293.5 293.5 294 297.2 299.3 303.1 307.3 314.1 321.3 328.7 339.4 348.5 358.5 368.1 377.9 387.9 394.9 393.6 385.1 375.3 363.6 354.7 345.3 339.6 334.5
246.8 246.7 246.5 246.2 246.3 246.2 246.2 246.3 246 245.9 246 245.8 245.6 245.7 245.8 245.7 245.7 245.7 245.7 247 246.2 252.9 262.4 267.4 267.6 267.7 267.6 266.9 268.5 270.1 271.2 272.2 273.7 276 276.3 275.2 274.7 275.8 278.6 279.5 278.7 281.9 284.1 286.1 286.8 288.5 288.8 288.8 292.2 296.4 297.7 295.8 295.6 295.4 296.8 299.7 302.6 305.4 308.2 312.5 320.6 328.9 336.7 343.9 351.8 360.4 370.1 380.1 389.9 398.5 396.8 391 383.1 371.1 361.3 353 342 334.2
246.8 246.8 246.5 246.4 246.4 246.1 246.3 246.4 246.2 246.1 246 246.1 245.7 245.9 245.8 245.8 245.9 245.5 246.1 247.6 250.5 259.7 265.2 267.6 267.8 267.6 268.1 271 273.6 275.5 276 277.2 278.2 279.4 279.9 282.4 281.1 284.1 285.4 287.3 289.3 286.9 287.2 289.1 288.5 290.1 291.8 291.7 292.7 294 295.5 296.9 299.3 302.4 303.7 305.5 307 309 311.3 316.3 326.9 333.3 340 347.7 355.3 364.4 373.9 382.8 392.5 405.3 406.7 397.9 390.9 377.9 366.3 357.7 347.1 338.8
246.8 246.7 245.6 246.5 246.5 246.5 246.5 246.5 246.4 246.3 246.2 246.3 245.7 245.2 245 246 246.5 247 248.6 252 257.3 262.1 264.4 265.3 266.3 268 270.6 275.1 279.8 282.3 281.9 282 281.9 282.1 283.9 284.9 286.6 290.3 290 289 290.5 290.4 289.8 292.9 292.4 292.9 294.6 294.1 295 297 298.3 302 306.7 309.7 310.4 311 311.2 311.5 313.2 319.3 328.8 336 342.9 351.2 359.7 368.8 378.3 387.8 397.7 410 414.3 406.2 395.8 383.7 373 367.3 356.8 350.7
246.8 246.5 246.6 246.6 246.6 246.5 246.5 246.6 246.3 246.4 246.5 247.1 246.5 246.3 246.4 247.2 250.3 253.1 258.8 260 259.3 260 261.7 263.9 270.1 273 275.7 280.4 284.2 285.9 287.2 288.1 286 285.7 287.1 288.6 291.6 293.8 292.4 291.8 292.9 293.6 292.8 297.3 298.4 298.3 297.6 298.5 302.6 307.1 310.8 313 313.9 316.4 317.4 316 315 314.5 316 319.6 327.8 335.6 347 355.5 364.6 374.1 383.8 394.5 405.7 417.2 430.1 431 408.6 395.4 383 374.8 361.2 351.7
246.8 246.5 246.6 246.6 246.6 246.6 246.6 246.6 246.9 246.3 246.3 246.7 246.8 246.6 249.2 254.2 259.1 264.6 269.9 266.4 261.7 262 264.6 270.6 280.2 283 283.2 284.1 287.3 290 292.4 292.1 289.9 288.9 289.9 291.1 292.9 294.2 295.6 296.7 296 296 296.3 300.7 304.2 306.4 308.3 310.7 316.8 320.2 322.6 323.4 322.8 322 321.9 320.1 319.6 319 320.6 324.2 329.8 338 349.5 361 371.2 381.6 390.9 402.3 414.3 425.2 440.7 445.4 422.9 399.6 384.5 371 359.9 351.1
247.1 246.5 246.6 246.6 246.6 246.6 246.2 246.9 246.7 246.7 246.6 247 247.8 250.4 256.6 263.1 267.6 272 274.6 271.5 271 272.9 277.7 286.6 293.2 293.2 290.6 288.4 290.3 292.7 295.6 295.8 294 292.8 293.2 294.2 295 296.4 300.3 300.6 301.1 303.1 303.9 304.2 311.1 317 320.5 324.7 330.4 335 336.5 334.7 331.1 328.2 326.5 326 327.6 327.6 330.3 334.2 340.7 346.7 354.4 367 378.9 389.5 400.2 410.7 423.5 436.1 451.8 454.7 434.8 408.2 386.4 371.2 360.3 350.9
247.6 247.1 246.7 247 247.3 247.6 248.4 248 247.4 247.4 248.3 249.5 251.8 258.1 264 271.8 276 277.8 278.6 279.7 282.2 284.8 289.7 296.2 295.5 294.8 295.3 292.5 293 295.6 297.3 297.9 297.2 297 298 299.8 300.7 302.4 306 308 309.3 315.4 315.2 313.6 316.5 325.9 332 338.6 345.3 351.6 350.9 345.7 338.5 333.7 332.8 335.3 339.4 343.4 342.2 345.9 352.6 358.8 364.1 375 386.8 397.6 408.4 417.8 432.4 446.5 460.8 469.3 449.8 421 392.3 373.8 360.8 351.5
248 247.6 247.5 247.2 248.2 249.1 249.2 249.1 249.9 250 253.1 254.4 255.4 261.5 268.6 278.6 283.6 283.9 283.2 285.4 288.7 290.9 293.6 296.5 297.2 296.8 296 296.3 295.9 298.6 299.8 300.3 302.3 304.1 305.9 308.6 311.2 312 317.3 318.4 318.1 327.4 328.3 326.6 325.7 333.3 341.1 352.7 360.5 363.9 361.5 353.6 345.7 341 340.3 343.1 351 359.3 360.6 359.3 364.5 370.5 375.5 385.2 394 403.4 413.2 423 436.8 453.5 471.2 474 455.7 418.8 393.5 372.7 358.8 349.4
248.8 248.4 249 250.9 252.3 251.6 250.5 252.6 255.3 257.1 258.8 259.8 261.3 266.6 273.1 279.5 284 287.7 287.8 288.5 290.3 292.6 296.8 299.9 304.2 302.3 300.7 299.5 299.5 300.4 303.5 308 311.6 313.9 318.1 321.6 325.3 327.7 330.1 328.5 324.2 337.1 349.7 355.4 356 350.2 352.7 365.6 373.5 376.2 372 364.5 357.1 351.3 350.6 353.5 361 369.6 374.1 371 375.7 380.8 387.4 396.1 401.8 408.3 418 428 439.1 457.1 475.4 469.1 450.9 418 393.1 371.1 356.5 347.4
249.7 250.4 251.8 253.4 254 252.9 253.3 256.3 259.1 262.3 263.8 264 266.6 271.3 274.9 279.2 284.5 289.5 291 292.5 294.2 299 302.3 306.4 311 307.5 304.7 302.8 303.7 307.9 313.8 319.4 323.8 327.6 331.7 335.2 338.5 341.2 339.5 334.9 329.2 347.1 364 378.1 384.3 376.8 367.6 373.9 384.4 387 383.2 376.6 369.6 363.8 363.5 366.4 371.2 380 385.5 384.2 388.7 392.5 400.4 408.9 410.8 416.4 425.9 433.6 446.5 462.4 473.5 467.5 451 420.5 394 371.9 357.3 347.8
