app/static/ascii/NN70.asc
ncols 200
nrows 200
xllcorner 270000
yllcorner 700000
cellsize 50
[rows 70 to 104 of 200, columns 0 to 78 of 200]
216.4 214.5 217.3 222.6 225.8 226.4 225.5 219.9 219.7 221.6 224.4 222.4 217.5 214.3 213.8 213.8 213.5 213.3 213.2 213.2 213.9 217.1 220.9 225.3 229.9 233.1 233 232.3 230.1 226.5 219.3 212.9 214.5 216.9 220.1 219.7 217.5 215.2 213.8 210.3 209.3 206.7 205.5 205.2 202.8 201.8 196.7 192.5 190.7 192 190.8 189.7 190.4 191 192.6 194.4 195 191.8 187.7 185.9 183.4 180 184.7 188.3 189.1 187.5 185 180.1 189.7 191 191 191 188.3 184.1 181 177.6 178 182.3 187
214.2 214.3 213.9 217.9 223 225.3 227.4 223.7 219.1 218.4 219.8 219.1 217 214.9 214.3 214 213.8 214 214.3 214.7 215.9 218.5 221.2 225.3 230.3 233.5 234.4 235.3 234.3 230.8 226.1 219.9 218.4 219.9 223.3 225.8 223.6 221.9 220.7 220.3 218.6 216.3 213.1 210.7 207.9 203 195.8 194.1 194.1 196.1 197.6 195 193.6 194.1 195.8 195.6 194.1 190.6 188.6 188.4 184.8 180.3 179.2 185.3 186 186.2 184 178.8 179.4 183.2 186.8 187.9 185.5 183.3 181.1 178 176.3 180.9 186.4
214.2 213.6 214 214 217.9 221.4 223.7 226.3 225.3 218.9 218.9 216.8 214.3 214.7 214.1 214.4 215.7 216.2 216.7 217 218.9 219.1 221.5 225.2 228.6 231.8 234.1 235.7 236 234.8 230 224.5 222.3 222.5 225.4 228.4 229.4 227.6 226.4 224.2 222.4 222.2 220.9 218.1 213.5 204.5 198.8 194.8 197.9 200.3 203 203.2 202.5 200 199.2 198.3 194.6 190.1 189.8 192.4 190.5 184.8 179.5 184.7 186.3 186.2 185.4 179.6 174.1 176 181.1 185.2 185.8 183.2 178.2 173.6 173.3 173.4 176.1
213.3 213.7 214.1 214.2 214 217.5 220.4 224.8 226.1 225.3 217.7 214.8 213.8 214.4 214.6 216.2 217.5 218.2 218.7 218.5 218.5 218.7 221.6 225.2 228.8 231.2 233.3 235.4 236.7 236.4 233.7 228.6 224.5 223.9 227 230.1 231.5 231.6 230.2 227.9 225.8 224.6 224.4 223.2 220.7 214 205.4 199.3 200.3 203.6 207.5 209.4 209.8 207.2 204.6 201.7 196.5 192.8 193.8 196.3 194.3 188.4 179 180.7 186.2 185.9 182.5 181.4 177.3 174 175.8 174.1 173.6 173.6 179.1 183.8 182.8 181.4 178.7
213.6 213.8 214.2 214.5 214.2 214 216.6 219.8 223 225.8 224.6 217.3 214 214.2 215.5 218.2 219.3 220 219 217.9 217.7 218 220.9 224.5 228 230.2 232 234.1 236.3 237.1 235.7 232.2 227.1 225.1 228 230.4 232.1 232.6 233.2 231.4 229.4 226.5 226.5 227.7 226.2 221.8 213.1 206.4 208.1 211.8 214.3 216.2 216.7 214.6 211.3 206.2 200.4 198.2 198.3 199.5 200 194 183.2 179 180.5 181.6 179.7 176.8 176.8 176.6 177.9 180.2 184.8 186.6 186.3 185.4 183.4 181.6 180.1
213.4 214 214.3 214.7 214.5 213.9 213.9 214.1 217.9 221.3 220.5 219.6 213.9 214.2 214.7 217.3 220.8 220.5 218.8 217.2 216.6 217.2 219.9 223.5 227.3 229.3 231.1 232.9 234.6 236 234.3 231.8 229 226.6 228.8 230.4 232.1 233.6 234.9 234.6 232.8 229 228.9 230.3 231.2 227.3 221.9 216.2 218.1 219.2 220.9 221.9 221.6 219 214.8 211.1 204.4 203.7 203.9 204.1 203.1 197.9 188.3 179.6 179.9 179.9 179.7 177.7 176.9 177.2 178.3 180.3 182.4 186.8 186 185.1 183.8 181.2 178.6
212.4 214 214.5 214.8 214.5 213.9 214.2 214.3 213.9 217.2 218.1 217.7 215.8 214.9 214.6 215.5 219.2 220.8 219.6 217 215.6 216.2 219.3 223 226.6 228.1 229.9 231.6 233.1 234.7 233.2 231.1 229.6 227.6 229.4 231.2 231.8 233 234.9 236 236 232.8 229.4 229.6 230.4 231.6 228.8 223.8 223.8 225.1 224.5 224.2 223.9 223 219.2 216 212.5 210.1 210.4 210.6 207.4 202.1 194.6 185.3 179.5 179.2 179.1 178.7 178.1 178.5 178.9 180 183.8 186.3 186.2 185.4 183.4 180.4 177.1
210.5 212.3 214.3 219 220.7 219.3 215.9 214.5 214.7 214.5 216.8 216.2 215.2 215.5 215 214.3 215.4 218 220.3 217.7 215 213.8 217.5 222.3 226.7 227.9 228.9 230.3 231.9 233.2 232 230.4 229.5 228.6 229.7 230.3 230.9 232 233.9 235.8 236.5 236.9 232.5 230.9 232.6 231.6 229.5 226 226.6 227.4 227.8 226.3 227.6 226.4 223.5 220 216.3 214.8 215.7 215 212.4 206.6 198.6 191.1 185.1 179.5 179.1 179.1 178.8 179.5 180 181.2 186 186.1 186.2 185 182.9 180.7 177.3
206.8 209 213.2 217.4 220.5 221 219.7 214.7 213.1 212 214.1 213.7 214 214.3 215.7 215.1 213.3 210.5 213.1 215.8 214.1 212.7 215.6 221.1 226.4 227.4 228.3 229.4 230.5 230.7 229.6 229.6 229.6 228 228.9 229.4 230 231 232.9 234.2 235.2 236.4 237.4 233.8 234.1 232.4 229.4 228.8 228.5 229.1 230.3 229.5 229.7 229.9 226.2 222 218.1 217.3 217.3 217.2 215.5 212.1 205 197.1 189.7 184.7 178.6 180.9 181 179.7 181.6 182.2 185.2 185.7 185.8 184.7 183 180.9 177.6
202.7 206.2 208.8 213 216.7 218.7 218.8 215.5 214.1 210.2 210.3 210 211 211.9 213.9 215.6 213.3 209 211.5 210.9 210.2 211.8 214.3 219.9 225.1 226.2 227.4 228.5 229.5 229.7 227.3 227.8 227.7 226.5 227.6 228.6 229.2 230.1 231.9 232.6 233.5 235.8 238.1 236.9 235.7 232.8 229.3 228.6 229.5 230.9 231 230.4 231.3 231.5 229.7 224.6 219.6 219 218.9 218.8 218.3 215.7 210.6 203 194.4 194.4 191.3 187.2 189.2 183.2 185 184 184.4 185.1 185.1 184.2 182.7 180.9 177.1
197.2 201.5 204.3 208.4 212.3 214.6 215.3 215.6 213.6 208.9 207.6 207.4 207.3 209.4 212.5 215.3 216.2 212.2 208.5 206.6 208.9 210.4 214.4 219.2 223.7 225.2 226.5 227.6 228.3 229 227.6 224.7 225.3 225.1 226 227.4 228.3 229.1 230.5 230.9 232.5 234.7 236.5 236.6 236.1 232.9 229.3 228.3 229.5 229.2 229.7 230.5 231.8 232.8 231.4 228.1 222.5 219.8 219.7 219.6 219.6 217.8 215.6 211.1 203.8 203.4 202.6 198.3 195.9 191.8 191.1 187.9 184.5 187.6 184.4 185.4 184.1 181.4 177.6
190.7 195.8 197.4 201.1 204.7 207.6 211 212.3 211.6 208 204 204 204.2 206.6 210.2 213 214.8 213.6 210.6 207.3 207.8 210.1 214.5 219.3 222.7 224.1 225 226.1 227.4 228.2 231.1 230.3 226.5 223.9 224.4 225.7 227.1 228.1 228.8 229.5 230.2 232.1 234 233.9 233.6 233.7 230.6 227.5 226.9 227.1 228.1 229.2 230.4 231.6 231.9 229.7 225.7 220.2 220.2 220.3 220 219.4 217.2 213.7 209.3 208.8 208.4 204.1 202.3 201.1 197.4 195 191.3 192.3 189 188.8 186.7 182.9 178.2
182.4 190.2 189.7 192.1 195.9 199.6 202.6 205.9 206.6 204.9 200.5 200.3 201.5 203.5 205.3 208.3 210.3 210.1 207.7 207.2 206.9 209.8 214.3 218.4 221 221.6 222.1 223.2 224.6 226.1 228.2 230.3 230.1 225.5 223.5 222.2 224.8 227.8 229.6 229.7 229.6 230.5 230.6 229.8 230.5 231.4 231 226.5 224.5 225.6 226.7 227.8 229 230.2 230.6 229.9 226.5 222.1 220.9 220.7 220.9 220.5 218.6 215.3 213.5 212.3 211.1 209.2 206.4 203 200.4 196.9 196.8 195.7 194.1 191.9 188.7 185.4 180.6
180.8 187.1 185.9 185.7 186.9 189.8 193.2 197 199.2 200.3 200.8 199.4 199.3 199.2 199.3 202.1 204.2 204.7 204.8 204.6 204.8 208.3 212.7 216.9 218.2 218.7 219.2 220.3 221.7 222.9 224.7 226.9 229 227 221.7 219.9 222.4 227.3 230.9 231.6 230.6 229.4 226.9 226.3 227.5 228.9 230 227.2 224.2 224.2 225.3 226.5 227.6 228.8 228.9 227.4 225.4 222.9 221.2 219.9 217.8 218.9 217.5 215 214.1 213.1 211.9 211.5 209.8 206.3 203.4 200.9 198.5 197.3 196.4 194.2 190.9 187.3 183
178.7 183.3 182.4 182.4 182.3 183.7 185.5 187.7 192.2 194.9 196.4 196.3 192.8 196 196.4 198.9 199.6 201.4 202.5 202.6 202.7 205.7 209.7 214.7 216.1 216 216.3 217.4 218.6 219.7 221 222.7 224.6 224.9 222 219.2 219.5 224.6 230 231.6 230.4 227.7 224.7 224.8 226.3 227.8 227.7 225.8 224.6 224.6 224.5 225.1 226.2 227.2 226.5 225.1 223.9 223.5 221.7 219.1 215.6 215.3 214.4 214.5 214 213.5 212.7 212 211.4 209.5 206.8 204.2 200.7 198.7 196.3 194.6 193.1 191.6 186.1
170.1 178.8 179.1 179.1 179 179 178.2 178.3 183.6 187.9 189.9 191.5 190.2 188.2 191.6 195.3 194.7 198.2 200.8 202.4 203.9 203.6 205.8 209.9 213.3 213.9 213.7 214.7 216.3 217.8 219.4 220.5 221.9 221.4 220.1 217.8 218.3 221.3 226.9 229.2 229 226 223.1 221.6 224.1 226.7 226 224.4 224.1 223.3 223.3 223.2 224 224.6 224.2 222.4 221.7 222.2 222 219.8 215.4 211.3 211.2 211.6 211.1 211.7 212 211.9 211.4 209.9 208.1 206.5 202.2 198.8 196 194.6 194.6 192.4 189.1
164.4 175.4 176 176 175.8 176 176.2 171.3 174.4 179.2 182.8 186 185.3 184 187.7 188.7 191.3 194.2 199.7 202.7 204 203.3 203.8 206.3 209.7 211.1 211.3 212.4 214.1 215.9 217.6 218.6 218 215.6 214.5 214.2 213.9 218.7 223.6 225.3 226.3 224.8 221.9 219.9 220.2 223.1 224.7 223.2 223.7 222.9 222.1 221.9 221.9 222.8 221.7 219.6 219.6 220 220.4 216.2 209.8 205.7 209.5 210.4 210.9 211.4 211.5 211.3 210.9 208.4 206.3 204.7 202.6 198.5 196.3 194.7 194.4 192.2 191
161.5 171.5 172.1 172.6 172.5 173.9 175.1 172.6 169.5 169 170.1 175.7 176.7 180.3 184.8 183.9 190.1 192 193 198.2 201.3 201.7 204.4 204 203.1 205.8 205.1 209.8 211.2 212.3 215.9 217.7 215.7 213.6 211.2 210 211.4 216 219.2 221.4 222.8 222.2 220.2 218.2 216.4 219.9 222.2 222.8 223.4 222.5 221.1 219.2 218.6 219.3 219.6 219.1 218 216.5 214.2 211.7 205.5 201.7 206.5 208.2 209.8 211.1 211.1 211.1 209.5 206.7 204.5 202.8 201 200.1 197.4 191.5 190.1 190 191
159.1 167.8 167.4 167.4 169.5 170.6 170.9 171.6 168.4 164.2 164.6 166 169 172.9 178.2 179.8 184 187.4 187.3 190.5 195.2 201.3 203 200.4 199.5 201.9 199.7 204.3 207.5 210.8 213.9 215.6 215.2 215.8 211.2 208.4 208.1 210.3 214 217.3 218.8 219.5 218 216.4 215 216.5 219.3 221.8 222.3 221.1 219.3 216.9 215.7 215.8 216.5 216 216.4 215.6 214.1 209 201.5 199.4 202.3 205.6 207.4 208.8 209.7 209.6 207.6 202.8 201.7 201.8 201 201.1 200.7 195.1 189.8 186.5 188.5
160.3 163 164.6 163.8 162.4 161.1 163.5 163.7 165.9 162.1 162.5 162.3 162.9 165.6 169.9 171.9 175 180.3 183 180.9 184.5 192.9 198.2 199.6 200.2 197.7 194.8 198 203.8 207.8 211 213.8 214 213.3 210.9 207 205.4 204.8 208.8 213 214.7 216.2 215.8 214.3 213.3 214.5 217 219.6 220.3 219.5 217.5 215.4 212.8 211.8 211.8 212.5 213.7 215 214.5 209.4 201.6 199.1 199.4 203.3 205 206.2 207.4 207.2 205.4 199.7 197.7 201.1 201.1 201.1 201 199.1 191.2 184.6 181.5
162 162.8 162.7 161.5 159.7 155.6 152.3 154.7 157.4 159.7 159.3 159.2 158.3 159.4 163.3 167.4 170.3 174.9 178.7 180.4 179 183 189 192.9 195.8 195.8 195.3 192.1 197.7 203.2 207.5 210 211.9 212 211 208.7 205.4 203.9 203.9 208.1 211.1 212.4 213.7 212.3 210.7 212 214.7 216.7 216.6 216.3 215.6 210.5 208.6 208 209.6 211 212.3 213.6 213.1 210.6 204.3 198.9 199.1 200.9 202.4 203.5 205.2 206.8 205.5 201.2 194.3 196.4 200.1 201.1 201.1 197.8 194.2 186.9 180.3
160.5 161.3 160.8 159.7 158.6 156.3 150.5 146.4 148.2 151.2 154.9 156.4 156 156.1 158.5 161.8 164.6 169.2 173.2 175.5 174.5 173 178.6 185.2 190.1 194 192.7 189.7 192.2 197.6 201.5 205.5 208.4 209.2 209 207.4 205.4 203.5 202.6 204.6 208.8 211.1 211.6 211.4 209.8 207.8 210.9 211.4 211.8 211.3 208.8 205.4 204.2 204.2 206.1 209.3 210.8 211.3 211.5 210.2 205.8 199.7 199.5 198.9 199.5 200.7 203 205.2 203.7 200.3 195 194.1 195 198.4 201.1 199 194.6 189 183.2
158.9 159.8 159.1 158.1 157.4 156 151.2 145.4 143 143.2 146.8 151.2 150.5 155.1 156 158.4 159.5 161 166.2 169.9 170.2 166.3 171.2 177.8 184.4 189.4 190.8 190.4 189.8 190.9 194.3 197.1 200.4 204.2 205.4 204 202.5 202.4 200.8 202.9 206.8 210 210.2 210.1 207.5 205 202.1 203.4 203.5 202.4 201 200.4 201.4 204 206 207.6 208 208.2 208.1 206.6 203.5 199.9 197.6 197.8 197.2 198.5 201.2 203.8 201.5 200.4 198.1 194.1 194.2 194.5 195.4 194 191.2 187 181.7
155 156.9 156.9 156.4 155.6 154.3 150.5 143.5 139.7 137.6 138.8 146.2 149.8 157.2 157.5 159.3 160.3 157 157.8 163 160.4 158.1 164.4 171.2 178.3 184.1 190.1 190.5 190.7 187.1 186.9 188.3 191.7 195.3 199.4 200.9 200.2 200.7 200.6 202.7 205.7 207.6 209.4 208.6 206.7 205.2 201.7 197 197.2 196.3 196 197.4 200.1 202.4 204.2 205.4 204.9 204.3 203.5 200.9 197.9 196.4 196.8 196.6 196 195.8 199.5 201.5 200.6 200.9 201.1 197 192.9 190.3 190.5 188.8 187.2 183.5 178.9
149.2 150.5 151.1 151.7 151.9 150.4 147.1 140.9 136.5 134.8 136.2 144 151.2 156.7 160.3 160.7 161.3 161.1 153.6 152.4 150.7 154.3 160.2 166.8 173.1 179.4 186.1 189.4 189.5 187.2 182.5 180.8 183.1 186.5 190.8 195.2 197.2 196.5 198.4 200.4 203.6 205.5 205.9 206.6 205.9 204.7 200.5 196.4 192.4 190.6 190.2 193.8 198.5 200.7 202.4 203 203 200.4 196.6 193.7 193.5 193.5 195.5 195.7 194.9 193.7 195.2 197.6 200.6 201 199.3 196.2 192.1 190.7 187.8 184.9 183 180.1 175.5
147 147.1 146.5 145.2 145.8 145.2 142.8 138.3 134.8 133.7 133.2 139.4 144.9 150.7 155.2 158.6 159.8 156.4 153 146.2 146.5 151.6 156.9 163 168.9 174.4 180.9 182.9 184.5 184.3 181 175.4 174.8 178.9 183.3 188.3 189.3 194.5 196.9 198.1 198.7 200 200 199.8 198.1 198.8 198.2 194.9 190.8 186.9 184.4 190 197.3 199.3 200.6 201.4 201.2 197 192.5 188.9 189.7 192.1 193.9 196 195.8 195 190.7 190.4 191.9 192.5 192.2 190.4 188.2 185.7 183.8 180.8 179.1 180.5 178.4
145.4 145.7 145.3 143.4 142.4 144 144.3 143.3 139.5 133.9 129.7 135.1 140.7 143.7 146.7 149.6 149.7 149.2 147.2 143.7 143.9 147.5 150.9 159.1 165.1 171.1 175.9 178.5 180.2 180 176.3 171.2 167.4 172.1 176.5 180 185.3 194.2 197.8 198.2 196.7 194.3 192.1 190.1 189.3 192.1 193.8 192.2 190.1 185.9 183.8 187 191.6 196.7 197.4 197.8 196.8 193.1 188.6 184.5 186.5 190.9 194.1 195.7 195.5 195.4 194.5 191.8 189.2 188 187 184.3 181 179.3 178.9 182 183.8 184.4 183.6
145.1 145.4 144.8 141.5 139.5 139.7 145 145.2 143 137 131.1 131.5 136.6 142.5 145.4 149.7 149.7 150 146.4 143.6 143.7 143.9 148.9 156.5 163.6 169.1 171.9 173.8 175.6 175.7 173.2 167.8 163.2 167.1 171.2 173.1 179.5 186.5 192.8 194.5 194.1 191.5 188.5 185.5 181.1 183.2 187.3 189.2 189.6 186.9 184.3 179.7 185.9 190.4 193.9 193.8 192.8 190.5 185.7 181.6 183.5 188.3 194.5 195.4 195.7 196.6 196.1 193.4 188.9 184.5 182.9 180.7 178.3 175.7 179.9 186.1 185.4 184.9 181.7
143.1 145.5 145 143.3 138.8 135.5 139.6 143.9 143.3 139.5 134.8 130.3 131.1 137.7 143.4 146 146.3 145.1 143.7 142.3 143.1 144.3 144.6 154.5 161.9 166.5 169 170.6 172.1 171.1 168.7 164.9 160.4 163.3 166.8 168.7 174.4 178.7 184.5 189.6 190.6 189.2 186.6 183 176.2 174.7 179.1 183.2 185.9 185.9 184.8 181.2 179.4 183.6 188.5 190.5 190.1 188.9 186.1 181.8 181.4 184 190.3 195 196 197.1 196 194.1 189.1 183.3 178.3 176 174.3 174.2 179.9 185.2 184.4 183.3 181.9
135.7 140.5 143 141.5 140.3 135.5 134.6 133.5 133.7 134.1 129.3 127.1 127.1 133.2 138.9 139.2 139.7 140.4 139.7 141.6 144.3 144.6 144.3 152.7 159 162.7 165.4 166.5 167.1 165.5 163.3 160.9 160.9 165 167.7 169 169.1 172.4 177.7 181 183.8 186.3 185.5 183.2 176.1 169.5 172.2 178.2 183.1 185.6 184.6 182.5 179.7 176.4 179.9 185.1 186.6 186.9 185.5 183.5 181.5 179 183.3 187.5 191.6 195.7 194.4 192.4 189.4 184.5 180 175.3 173.5 173.3 178.7 185.1 186.2 185.9 184.9
127.3 132.7 136.9 137.5 135.1 134.2 135 133.7 129.7 126.9 124.2 124.4 124.2 130 135.3 135.9 136.6 136.9 137.7 141.1 144.9 144 144.1 149.3 154.2 156.9 159.6 160.9 160.8 160 158.9 156.9 162.5 166.9 169.8 170.2 170.4 171.1 171.7 174.3 177 178.5 179.5 179.7 177.7 169.8 169.2 175.5 180.9 184.6 185 184 181.1 177.4 172.9 173.4 176.5 179.8 180.8 170.8 172.8 179.1 177.2 176.9 182.3 188.9 192.2 190.8 189 186.3 182.2 177.1 173.6 174.1 177.2 185.1 187.1 186.2 183.8
124.7 125 130.6 132.4 134.6 135.2 138.8 138.3 133.7 127.4 123.7 122.8 127.2 130.9 132.3 133.8 134.4 134 135.3 138.3 142.7 145.4 143.9 146.6 151.5 153.5 155.3 155.3 156.1 156.5 155.5 155.4 160.7 163.9 165.6 167.5 168.9 168 167.2 168.6 171 171 173.3 176.5 177 170 163.9 169.4 175.4 180.8 182.3 182.5 179.9 177.3 173.2 167.1 165.8 167.3 170.1 171.3 172.4 162.5 161.2 173.8 174.3 178.8 184.6 189.7 188.2 186.8 185.1 181.1 177.5 173.5 173 178.9 177.2 175.2 173.6
119.8 122.2 127 130 132.6 135.3 139.4 139.7 136.3 130.6 122.3 119.1 126.1 131.1 131.8 134.5 134.9 133.6 132.8 135.9 140.5 144.9 143.5 146.5 149.8 151.2 150.5 149.3 150.3 155.1 155 154.3 157.8 159.9 161.7 163.3 164.9 165.7 164.3 163.9 166.3 165.1 168.8 175.3 176.3 173.7 167.3 164.2 168.9 173.3 176.9 179.3 177.5 174.5 171.8 166.8 161.6 163 164 162.5 164.1 165.2 167.6 164.8 168.4 172.1 175.6 181.8 185.5 185.5 185.8 185 180.2 175.6 170.7 169.7 169.2 166.6 164.8
118.3 117.4 122.3 124.9 130.2 133 136.8 138.7 137 133.1 125.8 116.8 118.2 122.8 130 133.6 134 131.5 130.1 134.3 138.8 142.7 145.7 143.5 144.3 145.8 146.5 144.2 148.8 152.9 151.4 150.3 154.3 156 157.5 159.1 160.7 161.6 162 160.7 161.6 160.9 165 170.2 174.8 174.8 170.8 165.9 161.4 165 167.9 170.6 172 172.6 169.9 166.2 162 158.2 158.5 158.1 158.1 159.6 162 164 163.3 168 173.8 177.8 181.4 184.7 185.5 185.3 181.3 177.3 173.5 171.7 169.5 167.2 165.1
115.1 115.3 118.6 124.9 128.2 131 133.8 136.6 136.4 134.9 129.8 122 113.4 114.6 121.4 126.7 129.8 128.3 127.6 132.6 136.3 140.1 143.3 144.8 143.5 143.3 144.2 142.4 144.4 148.1 148.7 150.9 152.1 152.7 153.4 154.9 156.5 157.5 155.9 158 156.8 157.1 158.6 163.8 168.2 171.3 170.4 168.1 163 158.6 158.3 160.2 162.1 166.4 167.9 166.2 162.7 158.8 155.1 154.9 154.7 155.2 157.3 159.5 160.7 163 167.9 174 178 181 183.3 182 179.5 177.1 174.2 172.4 170.4 167.7 165.9
