app/static/ascii/NN71.asc
ncols 200
nrows 200
xllcorner 270000
yllcorner 710000
cellsize 50
[rows 140 to 174 of 200, columns 0 to 77 of 200]
449.2 457.7 465.5 464 449.4 436.2 423.6 413.3 408 403.6 400.9 396.6 394.6 390.5 400.7 409.5 422.2 437.6 453.1 473.8 501.6 523.7 548.3 571.5 597.2 612 617.7 619.7 617 613.4 601.3 590.8 586.4 580.8 579.6 580.4 579.8 581 582.2 584.8 592 599.4 605.4 611 615 618.3 620 621.6 621.3 619.8 616.2 610 584.3 551.6 521.9 495.8 479.2 463.5 453.2 449.4 447 444.3 441.4 438.5 434.6 428.8 423.1 415.4 408.4 404.7 400 394.3 392.4 390.3 389.1 387.4 379.8 360.7
455.9 468.2 476.9 480.5 465.5 443.9 432.4 421.6 413.6 406.3 402.1 400 398 394.6 399.1 410.5 423.8 439.3 453.5 473.5 502.1 523.7 547.6 569.7 593.3 606.7 615.7 619.4 619.6 617.2 610.8 596.1 592.8 591.2 589.5 588.6 586.6 587 586.8 585.5 591.6 598.5 604.1 607.7 609.9 611.9 613.2 614.8 614.7 613.3 612.2 606.4 598.6 573.6 541.6 510.7 489.5 476.8 464.8 457.9 455 452.5 451.3 448.1 443.4 437.2 429.6 421.7 413.2 408.8 401.9 399.7 396.7 397.4 398.8 403.5 381.5 350.7
465.4 479.5 490.7 496.3 481.2 456.2 438.7 427.6 418.6 413.2 407.2 404.8 400.7 395.8 402.9 410 425.6 441.6 454.6 474.1 500 525 548.3 568.2 588.4 605.3 613.7 617.5 619.3 621.2 615.7 606.4 602 601 598.8 595.9 594.6 592.4 591.1 585.8 587.1 594.8 599.1 600.7 603.2 605.5 606.2 608.1 607.9 607.5 606 603.3 594.6 585 556.5 529.2 502.1 487.5 476.3 468.9 466.4 465.3 463 458.6 453.2 445 437.4 426.7 419.6 412.7 405.3 403 398.8 396.7 395.6 397.4 393 371.2
484.1 495.1 503.7 506.8 498.5 467.7 445.8 433.8 424.8 419.6 412 405.6 404.1 399.3 404.3 412.4 428.8 442.7 455.9 477.1 501.3 528.6 552.7 572.1 590.3 603.5 612.9 620 623.4 623.9 620 613.7 609 606.3 604.6 601.7 598.3 596.4 595.2 590.8 579.3 586.1 590.8 593.7 596.3 598.8 599.1 600.8 600.6 600 599.4 597.1 589.5 582.3 568.3 540.8 516.8 501.3 488.3 483 479.6 478.2 474.5 469.9 463.3 454.3 442.1 432.8 424.8 417 409.9 405 400.2 395.5 393.1 391.3 386.8 363.4
506 514.3 516.1 514.9 505.4 476.6 450.6 439.1 430 423.1 416.3 410.4 408.3 406 405.1 417.3 430.7 441.4 459.2 480.3 507.5 535.2 560.6 579.6 594.3 606.8 615.6 620.4 624.3 624.2 621.4 617.4 611.7 609.9 607.4 603.8 600.2 598.4 595.5 592.1 582.8 574.9 578.9 582.9 587.5 591.1 592.1 592.7 592.3 592 592.2 589.1 584.3 580.3 571.6 557.2 532.8 516.6 505 498.7 494 490.6 486.4 480.5 472.9 461.3 446.4 435.1 427.9 419.9 413.4 407.6 401 396 390 385.8 370.1 357
536.8 540.6 536.7 536.1 521.9 486.8 456 443.7 434.6 427.2 419.8 414.8 411.3 406.5 412 420.8 430.2 441.8 461.2 483.3 514 542.4 568.5 585 598.4 608.8 614.5 619.1 621.6 622.3 621.5 617.4 612.2 610.2 607.8 602.6 598.7 596.6 594.5 591.4 585.4 574 569.9 572.9 576.6 580.5 582.9 583.2 584.2 584.2 585.3 582.9 579.1 575.1 570.8 561.9 549.5 532.1 521.2 512.8 506.7 501.6 496 488.6 477.7 466.5 446.1 437.4 427.8 420.9 416 410.3 400.5 394.9 390.2 383.2 359.9 363.8
560.6 554.8 547.8 545 537.8 500 464.1 448 437.4 430.1 424 419.8 412.8 408.3 415.7 421.7 428.7 447.1 464.3 486.8 518.8 547.4 571.3 585.5 598.2 607.4 613.3 616.1 617.3 618.3 618.9 616.8 611.4 609.7 604.9 600.7 596.7 594.7 592.5 590.4 585.7 579.3 564.3 564.1 567.8 569.9 573 575.5 576.1 578.3 578.9 576.8 574.1 570.4 567.6 562.2 554.5 543.8 533.6 521.3 512.4 507.2 501 490.9 476.3 465.3 448.2 434.9 427 419.4 413.1 408.2 399.9 392.6 387.8 380.1 361.5 370.9
571.7 564.2 556.4 551.2 544.2 511.2 476.5 454 440.4 434.2 428.1 421.7 415 412.7 416.4 421.8 433.7 448.5 465.4 490.3 521.4 550.4 569.6 583.3 595.6 604.3 609.5 611.8 613 613.8 614.3 613.1 608.9 605.3 601 597.7 594.5 591.4 588.9 586.7 583.1 578.6 570.3 557.4 560.9 562.8 566.5 568.4 569.7 571.7 571.4 570.8 567.9 564.7 562.2 558.6 553.1 545.7 537.4 526.3 515.2 505.2 497.7 487.9 473.4 461.3 445.5 431.5 426.3 418.3 411.6 404.9 397.6 389.6 385.6 368.6 367.2 378.5
576.9 571.1 565.1 556.3 547.5 521.2 487.9 461.3 444.3 437.3 431.4 425.4 419.4 414.5 421.9 428.9 437.9 449.5 464.6 495.1 521.2 545.3 565.2 578.4 591.3 600.9 604.8 607.7 608.8 608.7 609 607.5 603.4 600.6 596 594 591.7 588.7 585.8 582.9 579.5 576.2 571.4 561.7 553.5 557.6 559.1 561.7 563.3 564.6 564.4 564.4 561 557.6 555.8 551.9 547.8 542.8 536.5 527.9 513 501.1 492.4 483.6 468.6 456.2 443.2 427.7 422.3 416.2 409.3 402.6 394.7 386.3 370.2 371.2 385.3 389
583.3 577.4 570.3 560.6 548.9 539.7 509.6 470.9 451.6 440.7 434.6 428.5 423 416.2 422.7 429.5 439.7 450.7 468.2 496.4 519.8 542.4 558.3 572.5 586.1 596 600.8 604.3 605.2 603.3 603.5 601.9 598.1 593.4 591.1 589.3 587.1 584.2 581.3 578.5 575.4 572 567.3 562.6 553.3 547.9 554.3 555.7 556.4 558.6 558.2 558 554.7 551.8 549.2 545 542.2 536.1 529.8 522.7 507.5 495 484.9 477.2 464.6 452.4 439.7 427.5 421 414.7 408 400.1 388.2 373 374.6 384.3 392.2 397.4
582.1 579.7 574.5 562.8 552.8 540 514.8 481.1 458.9 444.9 437.7 433.5 429.2 420.6 426 431.5 441.3 452.2 472.5 497 518.4 539.5 552.4 566.5 581.4 590.7 597.3 600.2 601.7 599.8 598.1 595.9 591.7 587.2 585.6 584.6 582.6 579.7 576.6 573 569.9 567.7 563.6 559.4 554.6 547.1 543.9 549.3 550.4 552.5 552.3 551 548.2 543.8 539.9 537.3 536.1 529.2 521.6 514.5 501.2 489.1 478.8 470.6 460.8 448.6 434.7 424 417.6 414.4 406.8 399.3 382.2 375.9 390.2 393.2 397 405.2
578.7 578.7 572.6 562.4 552.8 536.6 518.5 494.9 465.8 452 443.3 439.5 434.6 425.8 427.7 435.5 443.6 456.5 476.3 497.7 517.1 538.4 550.7 563.6 578.6 587.3 593.4 597.6 599.4 597.3 592.8 589.9 586.4 582.3 580.1 579.4 578.1 575.1 571.5 568.4 565.6 563.1 558.8 554.9 552.8 547.5 535.1 542 543.5 546.6 545.8 544.1 539.2 535.2 532 529.7 526.9 521.1 513.6 507.3 495.7 484.1 474.1 465.1 456.3 444.8 433.4 422.6 418.4 414.7 409.8 390.5 376.5 384 394.7 400.6 406.4 415
577.8 573.2 568 558.6 550 530.8 519.8 497.1 472.8 460.8 448.3 440.9 437.6 430.9 430.4 437.4 446.8 462.2 479.7 499.5 518.9 537.6 550 562.2 574.2 582.8 589.7 594.6 595.4 592.2 587.9 584.9 581.3 577.8 575.7 574.3 573.4 570.5 567.3 564.2 561.7 558.2 553.3 551.5 549.3 546.1 540.4 528.4 537 539.2 538.6 534.9 531.5 527.4 523.9 521.3 517.5 512.1 506.5 500.1 491.2 480.3 469.7 460.8 452.6 443.1 432.8 423.4 418.9 415.2 409.6 385.1 384.6 395.5 399.6 406.3 410.4 425.4
573.4 564.6 562 554.8 546.8 538 519.5 495.7 481 467 454.2 446.9 441.4 434 434.4 441.9 453.1 465 481.7 501.2 520.2 537.2 546.8 557.9 569.7 578.3 585.1 589.8 588.9 586.4 582.3 579.6 575.6 573.9 572.1 569.9 569 566.6 563.1 560.3 557.7 552.9 548.8 547.9 545.6 543.3 539 533.9 524.4 530.4 530.3 528.5 525.5 520.9 515.5 513.5 507.7 504.3 499.6 495.6 487.8 477 466.5 459.2 450.1 441.4 431.7 424.2 421.5 418.6 405.7 381.6 391.9 398.7 404.2 416.8 420.2 434
567 557 553 547.8 540.6 533.1 516.1 497.5 483.2 470.9 459.9 450.4 446.2 444.2 441.3 447.4 458.2 469.2 485.3 502.3 518.6 535.8 544.7 555.4 565.8 572.3 577.5 583.1 582.6 581.3 576.8 574.6 571.9 570.6 569 566.5 564.6 562.7 558.9 556.3 553.2 549.3 545.4 542.4 540.5 539 536.2 531.2 518.7 522.2 522.8 522.7 520.2 514.7 509.3 507.3 503.5 497.8 494.2 490.6 483.7 474.5 464.1 458.4 449.8 440.6 433.4 427.1 423.7 420.1 398.7 385.4 393.5 402.4 411 424.5 428.3 438.2
563.9 552.5 544.8 540.8 533.9 526.7 516.4 502.7 485.1 475.6 466.7 458.8 453.4 451 451.9 453.1 464.7 473.2 487.5 502.3 517.9 531.4 541.4 551.7 561.9 569.9 573.9 577.9 577.8 576.3 576.4 573.3 570.5 567.7 565.1 563.1 559.8 559.1 555.4 552.6 549.1 544.8 540.9 537.9 535.8 534.3 532.8 528.6 521.4 510.7 515.5 515.3 511.5 507.2 503.7 503.2 501 494.6 488 485.2 480 470.7 463.3 457.9 450.3 440.7 433.9 429.6 425.3 420.7 414.3 396.5 397.4 409.2 420.2 429.8 435.8 442.9
555.4 546.7 534.6 535 527 521.6 517.5 501.6 487.3 477.4 471.2 467.1 458.6 457.7 456.3 459.1 467.4 476.6 488.9 502.4 515.6 527.9 539.2 549.6 558.3 567.6 571.6 575.5 574.5 574 574.7 571.8 570.3 567 560.2 559.4 557.4 554.9 552 550.3 547.2 542.4 538.9 535.6 532.9 528.8 528.1 525.5 520.5 511.3 503.2 505.3 502.1 499.8 497.6 497 494.5 488.2 482.5 478.8 475.9 468.3 461.2 455.7 449.3 441.7 434.3 428.4 424.5 414.7 412.1 393.6 400.6 411.4 421.2 432 440.6 448.3
547.3 541.3 531.1 527.9 524.6 516.4 512.8 501.2 490.6 480.7 475.5 469.9 466.8 464.7 461.8 466.1 472.6 480.2 490.2 503.3 515.1 527.5 540 548.9 554.7 562.5 569.1 572.9 572 573.2 572.6 570.3 567.4 564.4 559.5 555.3 552.8 550.4 549.1 547.1 543.7 540 536.9 532.2 528.6 525 522.4 521 517.3 510.5 501.1 497 496.9 494.2 491.6 490.2 489 482.1 477.1 474.5 472.8 466.5 460.5 454.8 448.7 441.9 435.2 428.4 424.9 422 398.9 408.7 403.2 411.3 420.8 431.5 440.4 448.4
547.7 536.9 529.6 522.7 520.9 514.4 509.5 501.9 490.3 484.8 478.5 476.5 473.2 471.6 468.7 473.6 478.6 485 493 502.8 513.9 526.1 538.3 547.2 553.1 561.7 568.5 571.5 570.7 570.7 570 567.9 565.1 561.8 558.3 553.3 548.3 544.7 544.2 542.1 538.1 536.5 534 528.4 526.1 520.5 517.8 515.5 512.5 507.4 498.6 490.7 491.8 489.4 487.5 485.5 484.1 478.5 473.1 471.5 468.2 464.3 457.4 454.4 448.9 441.8 434 430.4 422 412.1 404.1 416.8 414 412.6 421.4 429.9 437.3 445
547.1 535.3 527.7 519.8 517 511.9 505.6 501.7 492.7 484.8 483.5 480.2 480.8 478.2 476.2 479.1 484.1 490.5 498.3 506.4 516.9 528 539.3 548.6 556.4 564.3 569.8 571 569.3 567.7 566.7 564.5 562.4 558.7 554.7 550.3 545 541.8 538.3 537.7 535.8 533.7 530.9 525 521 517.2 514.5 510.2 507.5 504 497.3 492.2 484.8 486.5 484.4 480.3 479.2 474.4 469.4 468.4 465.6 460.3 455.3 451 447.9 441.8 436.4 432.7 425.7 411 423.5 423.7 422.5 406.6 420.6 428.2 435.9 443.2
556 538.8 527.7 518.6 512.5 510 504.1 499.7 493.8 489.4 486 485.4 485.7 484.7 483.2 483.5 486.3 491.1 497.2 503.7 515 526.3 536.8 547 555.3 562 566.3 566.5 563.1 562.3 560.8 559 557.2 553.4 550.2 546.7 542.4 538.9 534.8 533.7 531 528.1 526 521.4 516.8 513.8 511.2 506.9 502 498.5 497 493.4 483.3 481 480.2 478.5 474.7 470.9 466.1 464.1 463.2 460.9 455.5 451.6 447.1 440.6 435.9 415.7 416 426.9 433.7 433.5 430.4 419.7 416.2 428.2 433.1 441.1
567.3 549.5 535.6 528 517.2 512.3 508.9 505.3 500.6 494.2 490.2 491.8 492 490.6 489.4 485.1 488 492.5 495.8 503.5 513.9 524.5 535.5 543 549.7 556.3 560.3 559.2 556.6 558.1 555.3 553.6 551.8 548.4 546.1 542.7 537.3 535.7 533 526.8 525.7 524.4 521.2 516.8 513.5 510.7 507.6 501.9 496.6 495 493.8 491.9 484.3 477.2 477.1 474.7 470.3 467.6 465.9 463 462.1 460.6 455.3 450.2 445.2 426.8 423.7 431.1 438.3 441.7 441.7 441.1 436.1 431.3 418.7 420.3 432.5 437.5
574.5 561.3 545.3 532.2 522.6 516 511.1 506.4 502.2 500.5 496.3 496.2 494.6 492.5 492.1 488.5 489.1 491.3 498.2 505.3 512.3 522.7 535.1 540.5 545.5 550.6 552.2 552.5 551.3 553.9 551.6 548.7 546.2 543.1 540.7 537.7 532.9 530.6 528.5 524.6 522.4 519.8 516.7 512.7 509.5 506 502.2 496.7 493.1 490 491.1 489.2 486.7 478.5 473.3 471.4 466.2 465.7 462.1 462.1 459.5 451.8 444.6 445.6 442.6 446.2 446.6 450.5 451 451.1 449.3 448.1 444.9 438.9 432.6 417.5 429.3 436.3
577.3 570.3 554.2 541.4 528.3 520 512.5 508.2 505.4 503.9 503.7 502.5 501.1 497.4 494.2 491.3 493 496.2 500.7 505 512.6 522.9 533.9 538 542.2 546 547.8 546.8 548.2 548.5 547.1 544.4 541.8 538.4 536.5 533.4 529.3 525.2 524.5 520.6 517.7 515.1 511.7 508.7 506.1 502.8 498.8 493.6 491.5 487.4 488.2 487.6 486 480.1 475.4 473.4 470 465.8 463.6 455.6 451.9 459.4 461.4 460.4 458.5 457.6 457.1 458.9 458.8 459.4 457.3 456.2 453.3 447.2 439.6 431.8 421.6 432.9
577.5 570.8 563.4 547.8 534.3 523.4 517.6 516.5 512 512.2 512.8 510.4 508.5 505.6 498.8 491 491.9 496.9 501.7 506.7 513.4 522.8 529.7 532.9 537.9 541 542.5 543.5 543.6 543.7 542.2 539.3 538.1 534.2 533.2 530.5 525 522.9 520.8 517.5 514.8 511.2 507.8 504.7 503.4 499.4 495.3 491.9 489.4 486.4 483.6 484.5 483.3 478.6 476.2 471.8 468.6 465.8 461.5 460.9 464.6 467.4 468.9 468.8 468.4 465.7 465.6 467.4 467.2 466.5 465.8 463.8 460.6 455.3 446.5 439.6 432.7 426.6
577.4 570.7 564 553.2 539.8 529 523 521.3 519.4 520.6 518.7 516.8 516 511.7 505.3 492.2 491.4 497 499.9 503.6 511.8 521.7 525.9 527.1 525.6 532.1 537.1 538.1 538.4 535.6 536.9 536.1 533.2 529.6 528.1 526.7 519.9 518.3 514.6 512.2 510.7 507 503.6 501.3 499.6 496.2 493.3 490.2 487.1 485 482.1 481.4 480.4 477.3 475 472.1 469.5 466.4 460.2 468.4 471.8 472.2 473.9 472.9 473 472.2 472 472.7 472.9 471.3 471.7 469.9 466.7 462.3 453.5 445.1 441 424.9
574.3 570.1 560.6 555.1 545.6 538.3 533.1 529.5 527.4 525.6 524.1 521.9 519.7 516.9 509.6 493.3 487.6 493.2 496.5 499.9 504.6 512.2 520.5 521.5 523.7 526.2 530 532.7 532.8 532.3 531.2 528.1 526.2 523.3 523.3 520.9 516.3 514.9 511 509.2 506.8 503.7 500.7 498.3 496.6 494.9 491.3 488.3 485.6 482.5 480.6 479.2 477.9 475 473.6 469.9 463.9 464 466.9 475.1 478.6 480.5 480.9 479.8 478.5 476.5 477 476.6 476 475 474.1 473.2 469.2 466.9 459.6 450.8 445.8 438.5
585.9 571.7 562.7 555 549.9 548 546.4 542.3 539.4 534.6 530.3 524.2 522.1 517.8 512 497.7 485.7 488.9 491.6 494.1 497.2 500.8 507.3 511.6 512.9 513.9 516.1 522.1 526 527.7 524 521.8 519.3 517.5 517.5 516.5 512.4 511.1 508.5 506.7 504.7 501.2 498.6 495.9 495 494.4 490 486.6 485.3 482.3 479.5 477.1 476.4 472.6 471.5 469.2 475.1 474.1 475.8 480.3 484 485.5 487.3 484.4 483.6 481.7 482 481.3 479.4 477.7 476.6 475.2 474.4 470.7 463.9 455.2 447.8 434.7
587.4 577.5 573.6 564.5 557.2 553.8 553.1 546.8 544.3 541.7 534.3 525.6 519.8 516.8 510.5 502.1 483.6 484.5 486.4 488.6 490.9 493.9 497.4 500.8 501.5 503.7 506.8 511 515.3 519.7 516.7 514.5 513.2 513.2 513 511.7 508.4 506.8 506.8 505.6 502.4 497.3 497.3 493.6 492.5 492.4 491.7 486.3 484.7 482.3 480.1 477.7 474.9 476.3 475.5 478 477 478 480 483.7 488.2 489.3 490.5 488.9 488.8 488.3 486.7 485 482.8 479.9 479 475.9 475.3 472.3 464.5 457 451.1 441.4
588.3 573.6 571.1 565.5 555.7 551.2 548.8 543.9 538.9 536.2 530.9 522.4 514.7 511 503.8 497.5 480.1 479.5 480.7 482.6 484.2 487.9 491.4 494.8 496.5 498.8 501.9 506 509.7 510.1 510.1 508.5 507.8 508.8 508.1 507.9 505.1 503.6 502.8 503 498.8 496.8 494.9 493.7 490.3 489.2 489.7 489.3 485.9 481.6 480.6 476.6 476.6 476.2 477.6 480.1 481.7 483.4 485 489.3 492.1 493.3 493.9 493.2 493.6 492.2 489.7 487.8 485.8 483.2 480.1 478.7 476.5 473.3 467 458.5 452.7 448
577.7 566.5 562.4 559.8 550.2 547.2 542.6 537.5 532.3 527.5 523.6 513 505.1 502.7 496.5 491.1 478.7 472.9 475.5 476.8 478.9 481.4 485 487.9 490.5 493.9 497.1 500.6 503.8 502.4 501.6 500.4 502.4 503.5 502.5 504.3 501.7 500.9 499.3 499.7 498.2 495.8 493.2 493.2 493.5 491.5 487.3 488.3 485.7 482.3 481.1 480.5 480.4 479.3 480.5 482.2 483 486.4 489 493.3 496.8 498 497.4 497.1 495.9 493.8 491.2 489.3 485.2 483.3 480.8 477.3 475 472.9 467.8 459.2 457.9 453
566.9 558 552.1 549.6 543.3 541.4 532.4 529.1 523 519.5 512.4 503.4 496.2 492.1 489.6 485.9 474.2 464.7 467.5 469 473.4 475.6 478.3 481.6 484.8 489 491.6 491.3 494.4 494.3 492.5 493.1 496.9 497.5 499.9 500.1 501.1 499.4 496.8 496.5 497.2 494.4 495.5 493.3 492.2 492.5 488.7 487.5 485.7 485.4 484.5 485.4 484.9 483.7 485.1 485.6 486.2 489.8 493.1 496.8 499.6 501.4 500.8 500.3 498.9 496.3 493.9 490.6 484.5 483 479.5 477.9 475.8 472 467.5 461.9 459.4 454
553.5 547.4 542.7 539.7 537.3 533.8 525.6 522 517 511.2 505.7 495.3 484.9 484.1 483.4 476.6 469.6 462.4 461.8 462 465.6 468.7 470.6 475.6 479.1 481.3 484.8 482.2 484.3 483.9 484.7 486.1 490.4 492.6 495.2 497.5 499 497.2 496.7 496 495.8 497 495 492.6 492 492.3 489.5 489.7 490.6 489 490 490.8 488.7 487.9 489 488.7 491.1 493.3 496.3 499.2 501.4 502.5 502.6 502 499.3 497.4 493.8 490 486 483.9 481.2 477.7 475.1 472.3 467.9 463.9 461.6 458.2
541.9 537.8 534.2 532.7 531.4 526.7 519.9 513.4 511.2 504.2 500.5 487.6 479.8 477.4 477.6 468.5 464.6 459.8 457.5 457.3 459.2 461.8 464.2 467.7 474.6 476.2 476.5 473.4 472.8 474 477.3 480.8 484.4 487.8 492.2 493.8 495.8 496.3 498.8 496.8 496.3 495.6 493.1 493.3 492.6 492.6 492.8 493.3 493.5 491.7 493.8 493.3 492.8 491.9 493 491.2 492.4 495.4 499.4 501.7 503.6 504.2 503 501.4 500.1 498.1 496.1 493.8 489.2 485.4 482.9 480 476.2 473.3 470.5 464.9 463.4 461.4
529.6 528 525.7 525.2 523.9 516.7 512.2 506.6 504.3 498.4 493.2 482.6 474.6 471.2 469.9 463.2 460.1 457 453.4 452.4 454.5 457 459.5 462.2 467.8 470.7 468.4 465.7 466.7 469.3 472.8 474.8 479.8 485.7 488.5 492.2 494.4 497.3 499.8 498.2 496.2 494.4 495.4 494.6 494.4 495 492.8 492.5 494.6 493.6 496.8 496.6 496 496.9 496.6 496.1 497 498.8 501.9 504.5 505.5 504.7 502.4 500.7 501.3 499.4 497.1 494.6 492.5 488.8 485.8 481.2 477.7 474.5 471.3 468.6 464.8 462
