app/static/ascii/NN72.asc
ncols 200
nrows 200
xllcorner 270000
yllcorner 720000
cellsize 50
[rows 35 to 69 of 200, columns 78 to 155 of 200]
319.7 333.9 336.5 329.1 308.9 298.8 295.2 294.3 296.2 298.5 309 299.1 295.9 311.9 329.7 341.5 349.6 358.2 364.8 370 377.2 384.6 395 402.6 414.5 422.3 427.4 432.9 445.2 457.2 468.2 477.5 486.8 486.3 484.5 492.5 501.2 503.3 506.5 511 521.9 531.3 546.4 549.9 554.1 553.2 549.3 540.3 533.9 536.8 537.2 531.7 530.1 537.7 542.8 548.3 543.8 535.1 532.4 527.4 529.6 533 536.8 541.5 546.5 553.3 559.6 565.5 569.2 573.9 580.1 585.5 594.1 602.3 613.7 624 634.4 642.2
308.9 320.5 325.2 310.7 297.9 289.4 285.6 285.6 286.5 290.7 292.9 288.9 299.4 316.1 330.3 339.7 346.8 354.8 360.6 366.6 376 385.9 394.4 402.9 412.5 418.6 421.8 434.3 444.8 459.6 469.1 480.5 489.6 489.8 485.7 492.4 499.8 501 506.9 510.3 527.9 537.4 543.8 549.6 551.6 549.9 545.1 539.9 530.6 518.3 513.5 520 521.9 524.8 537 548.9 547.5 532.2 527.1 521.4 523.6 527.6 533.4 540.1 546 553 559.9 565.2 567.8 570.8 577.1 581.7 588.6 594.6 599.8 614.2 623 628.2
301.1 302.1 306.4 297.2 288.2 281.1 277.1 278.7 278.2 278.3 278 287.5 299.6 314.9 327.5 335.5 342.5 350.6 359 367.6 377.2 384.2 392.6 402.3 410.8 417.2 421.3 436.4 446.5 456.9 472.4 487.6 491.1 496.1 489.7 492.1 496.8 497.9 508.8 512.5 521.4 535 540.7 549.6 550.6 544.2 541.3 538.1 518.1 501.4 505.3 505.1 512.6 521.1 532 541.8 549.7 533 521.9 516 519 524.6 531.3 539 547.2 553.6 560.9 564.8 566.3 568.3 572.5 579.2 585 589.8 595.5 600.6 607 615.7
294.9 285.2 284.6 282.8 276.7 270.8 268.1 268 267.9 269.8 273.7 288.3 301.5 307.5 315.5 325.5 334.8 346.6 358.5 368.3 376.3 384.4 392.4 403 410.9 419.4 424.7 433.3 443.6 454.7 472.6 487.1 492.8 495 493.3 493.3 494.9 498.5 507.4 512.6 516 528 535.4 544 548.2 543.8 538.5 515.8 491.9 488.5 503.5 499.2 497.6 513.5 522.2 525.7 529.8 520 512.4 510.7 513.1 520.8 528.6 536.9 546.3 555.1 561.6 565.4 565.7 566.9 568.2 575.4 580.4 585 588.3 595.3 600.9 604.7
293.3 278.5 268.2 270 265.8 259.4 258.6 261.2 260.4 261.4 278 294.4 307.1 320.2 330.9 336.1 344 350.6 360.4 370.2 377.2 385.7 395 404.4 412.2 420.5 427 433.7 444.5 455.8 467 480.1 491.1 493.3 495.6 495 494.4 494.2 507.2 518.8 516 521.7 529.2 546.4 556.9 543 521.1 490.9 479.3 477.8 492.4 488.9 483.7 491.5 496.8 503 505.7 502.3 502 501.2 504.8 516.3 525.7 534.9 545.4 554.6 562.6 562.9 562.8 562.9 565.4 568.9 573.8 578.7 582.4 589.2 593.7 596.4
282.8 270.7 257.5 252.3 251.3 253.3 250.2 251.8 253.9 265.7 281 296.2 309.1 323.6 334.8 343.7 349.8 355.9 362.5 371.6 378.1 388.4 396.7 407 412.1 423.5 429.4 434 442.5 453.5 464.8 478.7 485.3 493.4 500.4 497.7 494.1 491.3 504.9 515.4 521.4 521.7 526.8 544.3 548.6 533.2 503 481 471.2 468.4 485.9 476.7 471.2 469.7 479.3 485.2 488.2 489.1 488.5 486.7 496.2 507.2 521.3 532 541.7 555.8 560.9 562.9 560.6 558.3 561.7 562.1 567.1 570.6 576.2 581.3 585.9 588.9
270.2 259.9 249.1 245.1 243.1 243.8 246 245.2 252.5 268 282.2 296.1 311.5 324.7 336.4 345.9 353.6 359.5 365.8 374.3 384.8 393.3 399.5 407.4 415.5 424 432.5 435.2 440.9 452.9 459.2 470.4 482.6 500.2 507.2 506.2 494.9 491 498.1 508.4 528 529.8 521.4 530.2 529.3 509.1 481.9 477.3 465.3 461.3 463.7 460.9 454.7 454.8 465.5 478.1 473.6 476.3 476.2 476.7 489.9 501.6 517.5 526.4 543 555.7 560.6 561.1 560.4 553.3 556.2 556.7 557.2 564.9 571.1 576 578.5 582.7
258.1 250.6 243.3 239.6 236.8 239.4 242.6 241.5 249.7 266.3 281 296.7 311.3 324.3 335.9 345.6 354.6 363.6 370.6 378.1 388.4 398.2 404.4 411.8 419 426.1 434.9 438.1 441.8 454.2 462.6 471.8 481.8 496.1 510.4 510.3 502.5 489.7 490.5 498.3 515.4 528.5 507.7 517.5 513.2 493.5 472.8 472.7 453.9 445.2 442.8 445 442.4 447.9 462.5 468.3 463.4 462.4 461.9 474.9 485.7 494.7 508.7 521.9 542.5 555.2 556.9 554.8 550 546.6 551.4 549.5 549.5 557.4 564.7 569.4 573.2 577.9
251.5 247.4 240.3 236.3 234.5 236.6 238.6 238.5 244.9 260.1 277.3 294.5 309.2 321.9 333.1 344 355.9 366.4 375.4 385.5 396.2 402.7 410.3 418.6 428 433.6 440.3 442.7 445.1 454.4 466.1 475.9 489.3 498.1 508.8 514.5 513 499.4 488.9 495.9 510.5 513.8 503.3 508 494.6 479.5 468.6 463.3 449.4 438.5 436.9 442.5 438.1 439.2 457.1 453.7 453.7 452.5 458.6 471.5 480.7 488.9 502.5 515.8 534.7 547.7 549.4 545.8 537.9 537.9 544 542.2 546 549.3 558.2 563.3 567.8 571.4
253.5 241.6 233.5 232.3 231.3 232.8 233.5 234.5 238.3 254.8 271.2 289.9 305.8 318.7 329.4 341.2 355.1 366.2 382.7 393.6 403.4 410.6 418.9 429.5 438.1 444.8 449.3 452 453.2 459.7 469.1 479.7 494 501.5 517.8 517.7 516.3 506.6 490 493.7 503.3 509.5 496.3 506.3 492.1 472.4 459.1 458.3 442.7 434 438.3 441.5 436.4 437.8 445.6 443 450.4 448.3 456.2 463.6 475 487.2 493.6 504.8 521 531.9 537.3 535 529.6 528.5 535.3 534.4 538.9 544.8 552.6 558.6 562.7 563
251.4 238.5 231.2 228.7 228.2 230.2 231.6 231.7 232.7 244.5 262.6 279.7 300.2 314.1 327.1 340.6 353.8 366.8 383.3 395.2 406.5 416.4 425.1 441 450.5 457.5 463.2 467.1 467.8 464.5 475.2 486.9 497.5 503.7 511.5 517.8 517.1 506.3 486.9 484.7 493.7 494.1 483.2 493.6 483.4 468.8 453.9 444.8 430.9 427.1 438.8 445.3 435.2 436.1 437.1 436 435.6 445.7 452.2 460.4 472.8 480.1 488.3 497.4 508 516.6 523.3 522.8 521.4 520.2 526.9 528.5 534.8 542.9 549.2 553.9 555.8 563
243.9 235.3 227.5 224.3 225 227.1 228.5 228.7 228.1 236.9 252.8 273.6 293.1 309.5 322 335.4 350.4 364.3 381.4 396.2 406.6 419.5 431.4 448.5 462.1 469.5 480.2 476.2 479.9 474.5 479.7 489.1 504.1 515.1 511.6 512.1 508.5 495.4 485 479 484.9 473.7 462.5 468.3 466.1 460.7 457.3 438.7 422.8 420.5 435.9 440.5 434.7 434.5 430.9 429.7 434.2 441.9 449.5 460.1 469.6 471.7 481.8 493.5 501.3 508.2 515.2 514 514.2 514 519.7 525.8 534.4 539.2 543.2 546.2 554.7 559.2
228.9 227.1 224.5 221.6 222.8 223.7 224.3 224.8 225.1 232.6 247 266.1 284.1 301.4 315 329.5 343.9 360.7 382.5 398.9 411.7 425.1 439.2 447.6 469.5 481.6 492.1 500.7 491.8 482.3 481.8 485.1 499.4 519.4 523.5 512.4 508.1 486.7 473.6 463.6 461.4 448.4 435 444.1 446.4 443.3 439.3 430.2 422.3 411.5 425 427.6 433 432.3 424 424.5 432 438.5 446.6 456.4 465.9 469.5 477.2 486 494.7 497.4 504.6 503.6 501.7 505.5 514.2 522.3 528.4 532.6 538.4 547.8 550 552.7
226.1 222.9 221.2 219.8 220.7 220.9 222.1 222.2 221.9 228.7 239.7 260.4 275.9 295.9 310.4 324.1 336.8 357 377.9 397.4 414.3 426.5 441.9 448.6 472.4 494.3 506.7 514.3 506.9 496.8 480.1 483.6 501.4 519.8 521.9 516.9 512.4 495.1 465.2 449.3 452.9 435.4 414.1 423.3 425 420.6 410.7 411 412.6 407.1 410.1 413.9 425.5 423.2 413.1 421.3 431 438.4 444.9 453.5 461.9 468.2 473.5 481.3 487.2 490.8 494.3 496.1 495.8 498.7 505.7 516.2 520.8 526.9 535.2 541 544.3 547.6
222.3 219.4 218.6 218.1 219.1 219.4 220.5 219.8 219.5 225.1 237 253.5 272.4 289.9 305.5 321.6 334.4 359.3 380.1 393.3 409.9 426.5 436.4 444.2 468.8 488.9 503.8 510 515.3 521.5 492.7 489.9 506.1 518.6 519.9 515.8 510.6 495.9 461.1 441.6 444.4 430.1 409.2 403.5 405 397 389.3 394.1 395.5 394 395.5 398.3 405.2 406.4 410.3 418.5 428.6 434.3 443 450.3 457.7 465.3 469.3 476.4 482.7 484.2 486.9 487 490.4 497.1 503.3 509.9 514.4 520.8 529.2 532.1 538.7 544.5
215.3 214.5 216 216.7 217.4 218 219 217.8 218.2 221.6 235.5 248.1 267.5 286.6 302.2 319.7 331.8 358.5 382 396.1 420.6 432.9 432.8 437.9 460.7 484.7 496.6 513.4 527.9 538.8 508.9 497 508.6 522.8 526.6 518.4 508.4 491.1 453.5 444 432.1 420.9 406.9 393.1 390.1 385.5 376.7 379.1 379 384.9 381.2 383.7 386.8 387 402.8 413.2 424.4 431 440 449.8 454.3 459.8 467.5 472.9 478.8 479.3 479 479.3 487 492.7 495.2 504.2 513.2 519.2 522.3 526.1 534.5 539.9
212.6 213.7 214.9 215.7 215.9 216.6 217.1 216.5 217 220.1 233.2 246.4 264.9 281.7 296.3 314.5 330.2 361.3 375 394.8 418.7 442.4 433.9 432.6 450.1 472.4 496.3 515 525.2 530 517.4 504.9 511 526 534.4 522.7 507.3 480.5 445.7 441 428.7 414.5 393.5 383.2 385.1 389.3 376.5 361.8 367 374.9 371.1 370.1 371.7 377.1 391.1 406.1 418.5 430 438.9 446.1 451.1 458.3 464.1 469.4 472.4 475.4 471.6 476.3 481.6 487.5 496.6 503.6 507.2 513.4 516.6 522.8 527.7 536.5
211.7 212.8 213.8 214.6 215.3 215.9 215.8 215.7 215.8 222.2 235.6 249.5 270.5 284.5 296.6 309.6 324.4 347.1 370.7 386.8 406.3 424.4 431.2 426.8 439.8 459.9 488.2 495.6 508.5 519 520.6 510.4 510.1 523.3 526.2 521.2 498.6 473.1 443.7 436.9 413.4 401.1 394.6 382.5 369.2 371.1 365.2 356.9 356.4 362.8 364 361.3 358.4 368.4 384.5 401.7 412.1 425 432.8 443.8 449.7 454.5 458.7 466.1 469.1 468 467.4 471.9 476.8 484 488.6 496.3 500 500.5 511.1 517.2 526.5 533.9
210.9 211.9 212.9 213.4 213.9 215 214.6 214.6 214.6 223.8 235.2 250.4 272.8 280 293 306.3 322.4 341.3 356.7 374.7 390.2 404.3 412.9 416 433.7 446.9 465.4 479.8 487.2 498.2 497.7 492.1 494.2 518.5 516.4 515.9 492 456.7 439.4 433.5 418.7 390 372.1 370.2 364.7 350.4 346.8 346.1 345.4 351.2 355.6 348.1 351.7 362.1 373.1 388.3 402.3 413.4 427.6 438.5 446 450.2 454 461.7 464.1 463.7 464 463.4 473 476.3 481.1 484.9 488.9 493.3 504.4 512.6 521.2 530.7
209.9 210.8 211.7 212.1 212.4 213.7 213.8 213.7 213.6 217.4 230.5 237.2 249.2 271.6 298.8 310.3 321.8 338.7 353.6 369 377.9 390.7 402.5 407.6 423.9 436.3 446.7 461.2 468.1 470.5 470.5 475.8 472.4 492.6 500.8 503.9 482.4 449 441.8 438.9 415.2 386.8 369.5 355.6 359.3 343.8 331.7 333.2 336.9 338.6 344.7 338.5 342.6 352.5 361.3 374.1 393 405.7 420.6 431.8 442.8 450.2 454.2 458.3 460.1 461 455.1 458.5 462.7 465.5 470.3 474 476.3 483.8 497.3 507.2 517.2 526
209 209.9 210.7 210.7 211.6 212.3 212.3 212.2 212.4 212.8 218.9 225.7 237 253.7 284.4 314 326.4 344 358.4 368.2 378.9 388.2 396.6 400.3 406.1 419.8 434 440 447.6 452.3 458.5 459.6 455.1 475.9 485 486.2 476 445.7 440.3 429.7 397.1 376.2 364.8 348.9 338.8 333.8 325.8 318.9 321.3 328.5 331.7 331.2 332.9 339.6 348.9 363.2 379.3 396.7 411.4 423.1 435.5 448.3 453.4 456.7 458 457.9 453.3 445.5 451.8 455.4 460.4 460.2 459.1 478.3 489.5 503.6 516.2 526.3
208.2 209.1 209.5 210.3 211 211 211.1 211.2 211.3 211.9 215.3 218.7 227.2 239.3 257.8 280.6 307 329.2 357.4 370 384.4 393.2 399.8 399.8 400.1 407.9 422.4 426.2 428.3 433.2 444.8 444 441 460.7 473.7 470.5 458.6 445.9 442.5 418.6 397.3 378.7 361.5 344.8 331.7 322.6 318.4 313.7 313.5 315.9 320.8 321.9 326.1 332.6 336.6 349.2 365.8 384.9 399.2 411 427.3 438.6 449.5 454.8 455.4 452.9 448.6 433.9 440.5 446.4 449.9 444.1 459.1 476.5 491.1 503.8 514.9 527.7
207.5 207.8 208.6 209.7 210.1 209.9 209.3 210 210.2 211 212.7 215.1 225.8 235.7 244.3 254.7 269.6 293.7 328 357.9 380.6 395.4 405.4 400.2 397.9 406 410.7 408.8 407.7 418.7 424.4 426.5 433.7 442.8 463.8 454.6 440.5 446.9 436.9 412.5 398 384.6 370.5 345.9 325.6 314.8 309.6 304.1 304.9 306.1 312 311.2 319.6 325.4 330.6 339 354.5 372.1 389.1 402.3 410.1 425 439.8 448.2 452.2 448 443.7 434.8 430.2 435.6 431.8 445 458.3 476 490.9 503 515.4 527.6
206.7 207.2 208.5 209 209 209 208.4 208.8 209 209.7 211.6 212.8 220.7 226.6 236.4 249 264 285.6 310.7 336.4 361.7 383.5 395.7 395.8 394.7 404.5 418.4 405.8 402.5 409.7 411.7 415.2 429.8 429.5 433.2 430.6 430.3 439.4 426.5 409.7 394.6 389.6 378.3 347.7 320.2 307.4 299.4 295.4 295.2 299.7 303.8 301.1 312.1 319.5 326.7 333.9 342.6 361.1 377.1 390 398.8 409.6 423.3 433.5 441.4 442.6 437.6 425 416.9 419.8 419.9 441.2 457.3 474 487.5 500.5 513.4 525.1
206.2 206.6 207.7 207.3 207.9 208 207.5 208.2 208.6 208.9 210 211.6 214.2 220.7 227.4 244.6 254.9 268.2 285.4 308.8 336.7 365.4 379.6 390.6 394.9 402.4 413.9 411.8 411.2 399.9 399 410.8 423 424.8 412.5 412.2 430.1 428.8 428.6 412.5 392.6 390.1 371.8 335.7 315.7 302.4 292.8 287.7 289.1 293.1 297.6 296.1 307.4 311.9 320.9 326.7 338.4 350.6 366.5 376.5 387.7 396.3 409.6 421.7 427.2 429.5 425.8 411.5 398 405.5 428.8 437.2 455.4 468 479.3 493.3 507.7 520.5
207.2 206.3 206.9 206.4 207.1 207.1 207.9 208.2 208.2 208.1 209.1 210.6 211.6 217 222 235 244.6 251.1 263.2 284.3 316.6 343.6 367.3 382.7 389.9 392.9 398.8 406 408.2 394.7 384.9 399 406.3 403.1 384.6 395 411.9 423.8 430.8 412.8 394.6 380.5 350.4 325.5 312.4 297.4 288.3 282.3 282.5 287.8 291.2 287.5 305.2 311.8 314 322.9 329.1 341.5 354.4 363.3 375.7 384 395.1 403.4 411.5 413.9 409.2 392.4 397.1 413.3 424.8 434.9 449.2 461.2 473.1 484.2 499 513.3
210.3 206.3 205.9 206.1 206.3 206.5 207.7 207.6 207 209.2 211.2 211.9 211.1 215.2 218.7 226.2 233.9 245.7 255.5 275.8 303.1 327 353.2 363.3 373.7 379.6 385.2 396 395.1 393.7 370.7 385.5 394.7 370.1 365.8 387.5 389.4 399.4 407 414.1 397.2 361.8 334.5 315.1 303.5 291.9 285.9 280.8 278.8 282 283.9 284.1 296.3 302.7 308.8 316.6 322.2 331.9 341.6 351.4 360.5 371.9 381.1 390.5 398.6 394.9 384.5 376.9 395.9 410.9 419.6 429.8 442.2 457.3 469.3 482.5 493.9 507.4
210.3 205.9 205.3 205.3 205.2 205.7 205.7 206.4 207.1 209 212.7 214.7 218.1 211.5 215.1 223.1 227.8 235.3 250.1 262.1 296.2 311.6 322.5 341.8 349.7 357.9 361.1 366.1 368.1 363.8 360.6 363.6 364 348.9 345.8 355.2 354.6 378 391.2 395.7 382.2 352.6 329.1 312.1 297.1 289.6 285.5 280.6 274.4 276.1 273.3 274.1 284.4 292.3 304 308.5 315.7 323 330.8 340 345.8 356.7 364.1 372.3 380.9 366.8 358 377.4 394 405.7 417.5 425.4 437.4 453.2 466.7 477.5 487.3 499.2
211.9 206.1 204.8 204.9 205.1 205.8 206.5 206.6 207 208.1 215.9 216.2 223.7 214.5 213.9 218.5 224.7 231.9 244.6 257.2 277.3 288.6 301.1 321 331.4 341.1 342.4 344.5 341 339.1 336.7 333 329.6 326.6 325 322.9 335.6 352.9 366.7 380.5 362.1 345.5 325.6 307.3 288.3 282.1 280.6 277.4 273.4 268.6 263.7 270.7 276.4 283.5 288.8 305.2 306.5 317 324 330.2 337.7 343.8 352.4 356.5 357.4 344.1 361.3 373.4 388.5 400.6 411.2 420.3 431.4 446.7 460.4 473.2 478.9 487.2
211.1 204.5 204.3 204.2 211.1 208.6 207.4 208.2 207.3 208 216 218.5 219.7 219.1 215.1 217 222.7 229.2 237.9 248.8 263.4 273.5 288.4 298.5 317.5 325.8 330.3 324.7 323.6 313 308.4 305.6 304.4 298.7 297.1 299 305 319.5 337.6 339.1 344.9 346.8 322.7 299.6 280.6 274.6 272.2 268.3 268 260.8 252.6 267.4 270.3 273.9 281.8 287 298.3 307.9 315.5 321.2 328.8 333.2 338.6 343.4 333 344.9 356.5 362.6 381.3 394 406.1 417.6 426.9 437.9 451.3 460.9 469.2 480
205 204.7 204.7 213.1 213.9 211.2 210.6 209.4 207.8 208 210.9 219.6 221.7 217.5 217.1 215.9 225.2 227.4 232.9 240.2 247.2 255.7 270.7 292.4 301 306.7 308.3 304.1 300.1 291.1 290 284.7 280.7 278.6 278.7 278.8 288.9 297.8 307.9 312.2 325.1 345.1 323.3 301.4 283.1 271.9 266.5 263.3 255.9 251.6 247.6 258.4 258.8 263.3 270.9 282.2 286 294.7 303.8 315.8 321.7 325.2 329.3 320.6 328.4 343.6 348.5 355.1 373.6 386.4 396.3 410.4 420.1 425.1 436.9 445.2 458 471
203.1 203.9 211.7 215.9 217.6 216.9 212.5 210.4 209 208.1 209.2 218.8 222.2 218.6 214.6 215.7 217.9 222.6 231.6 234 239.2 243.4 255.9 276.3 282.2 285.1 286.5 283.4 279.7 273.1 272 272.7 267.6 265.2 266.1 269.5 278.6 278.9 288.7 300.6 314.8 329.5 325.6 301.4 286.5 272 265 258.3 253.7 244.9 243.2 244.2 249.7 255.1 264.6 273.4 281 285.8 293.7 305.6 315 317.1 318.2 313.3 326.2 333.4 340.8 350 361.3 375.3 388.8 402 412.6 419.5 426.4 436.1 450.2 462.9
205.3 203 210.7 216.3 220 221.8 220.5 215.9 210.5 209.6 208.9 210.6 214.6 215.6 214.5 212.7 214.2 219.1 223.6 230.7 234 238.5 245.9 260.2 266.2 272.8 272.5 266.9 258.9 260.8 255.7 254.7 254.2 254.6 256.1 259 266.7 265.6 274.3 287.8 304.3 311.2 321.1 301.8 291.8 275.9 264.8 254.5 249.4 243.7 232.7 237.2 239.7 246 253 262 266.9 278.5 288.2 296 304.2 306.4 307.5 309.2 319.5 323.6 335.7 341.7 350.1 366.4 380.8 395.2 405.4 412.3 420.6 427.8 445.8 458.7
209.6 203.7 205.7 216 221.2 225.1 228 225.3 218.6 210.9 209.1 209 209.7 212.7 217.6 212.8 212.3 214.8 223.4 231.5 234.2 235.5 239.9 243.8 249.8 254.5 252.1 249.2 248.1 245.1 242.4 239.6 242.7 244.2 244 248.8 253.5 256.4 263.4 278.4 287.8 295.1 300.3 299.6 292.5 278.8 267.1 253 245 236.6 229 228.3 231.9 239.2 240.7 250.1 256.6 270.9 281.8 289.8 284.8 290.5 301.7 307.1 307.2 318.1 326 334.3 344.4 354.2 369.8 382.3 392.3 402.3 411.7 421 435.5 450.5
212.1 208.3 201.5 209.4 220.7 225.7 230.7 235.3 230.9 220.8 209.7 209.3 209.5 209.3 213.5 215.1 212.5 212.6 217.3 231.3 235 229.9 233.4 234 235.3 234.2 230.6 226.2 233 230.8 229.8 230.2 232.5 234.2 234.7 240.1 245.7 252.1 264.2 274.2 282.9 285.7 285.8 287.7 285.6 278.4 266.9 251.9 241.9 232.7 227 225.5 230.6 230.7 233.9 239.7 249.6 260.3 271.4 273.3 272.3 293.9 295.2 295 302.8 310.5 318.6 327.3 334 342 354.1 366.3 379.3 388.2 399.6 409.5 425.2 442.1
