app/static/ascii/NN73.asc
ncols 200
nrows 200
xllcorner 270000
yllcorner 730000
cellsize 50
[rows 70 to 104 of 200, columns 78 to 155 of 200]
751.9 767.8 778.8 791.2 803 814 822.4 832.6 840.2 849.7 855.6 857.4 859.1 858.5 857.5 852.5 847.3 841.4 833.1 820.4 810.6 801.8 799.2 794.4 789.7 788.6 788.9 791.4 794.4 794.7 794.9 793.6 789.7 785.8 782.5 781.1 781.9 779.8 778.9 779.8 781.4 783.3 787.1 792.1 794.5 796.8 799.3 802.1 804.3 806.9 809.1 810 811 811.2 811.3 809.8 811.7 813.9 816.4 819.9 823.2 825.9 828.2 830 832 832.9 834.9 836.8 837.2 835.7 832.6 828.4 824.6 819.4 813.1 806.3 797.8 790.8
738.5 761.6 775.4 788.6 800.7 811.6 820.4 829.9 837.8 845 852.1 856.1 857.6 857.1 854.6 849.2 844.2 836.3 825.9 812 805.4 799.2 795.7 792.8 791.2 790.5 793.6 796.3 799.7 802.2 803.5 802.5 800.5 797.1 793.2 790.8 789.3 789 786.4 782.9 782 782.5 786.1 790.9 791.7 793.5 796.8 798.4 801 801.9 803.4 803.5 803.9 804 803.1 803 804 806.7 810.4 813.9 817.3 820.2 822.3 824.8 826.5 828 829.9 832 832.2 830.6 828.2 823.8 819 813.2 806.7 798.9 790 786.4
715.3 743.3 771.8 786.8 799.5 809 817.5 825.4 834.1 844.1 849.9 854.2 856.5 856.4 853.6 847.9 838.9 828.9 818.5 807.7 800.9 796.1 793 791 790.8 793.1 796.2 797.8 802.1 805.7 808.7 809.8 809.1 806.7 802.7 799.8 796.3 793.6 791.7 785.7 783.3 781.6 784.4 788.2 788.6 789.9 791.6 793.7 794.5 796.9 796.9 797 796.8 796.8 796.4 796.9 797.9 800.3 802.9 806.2 810 813.7 816.4 818.8 820.7 823.6 826.3 826.4 827.2 826.9 824.1 819.6 813 807.2 796.7 791.2 784.1 780.8
708.7 742.1 769.3 785.1 796.6 806.3 815.3 822.6 829.9 840.3 848.8 853.5 855 854.2 851.4 843.5 833.2 822.5 812.5 801.5 793 792.7 790.4 788.9 790.8 793.3 795.4 798.7 803.2 807.3 811.5 813.7 813.6 813.1 809.4 807.1 803.9 798.8 794.6 786.7 784.8 781.9 778.9 784.5 785.3 784.8 787.2 789.1 790 790.8 791.5 790.8 790.1 790.1 789.3 789.5 790.9 793.2 795.4 798.5 802.8 806.8 809.8 812.9 815.8 819.2 822.3 823.2 825.2 823.8 821 816 808.7 800.6 788.4 784.1 778.7 774
709.6 735.8 763.4 780.9 793.4 803.7 812.9 820.3 827.1 834.3 844.8 852.3 853.8 852.7 848.4 839.2 828 815.7 805.9 795 791.3 788.6 787.1 786.2 788.7 791.9 794.2 798.7 802.8 808.4 812.7 815.5 816.6 816.2 813.4 812 809.5 804.9 800.8 794.2 785.5 781.6 774.1 777.7 780.9 780.8 781.8 783.9 784 785.4 785.1 785 783.6 783.3 782.7 782.8 783.7 786.1 788.2 791.4 795.1 799.4 803.3 807.5 811.2 815.1 819.1 821.5 822.1 821.7 818.6 814 807.3 795 780.9 774.3 769.1 763.7
697.7 730.9 754.2 772.2 788.8 799.4 810.1 818.8 825.9 832.7 840.6 848.3 852.5 849.8 843.2 835 824.2 808.6 800.7 792.1 786.3 783.4 782.6 782.6 786.1 789.6 793.5 796.3 800.3 806 812 815.2 817.5 818.4 816.6 814.5 811.2 808.8 803.8 796.7 790.7 780.9 774.9 773.1 773.5 776.3 777.1 778.5 778.2 779.3 778.9 778.1 776.4 775.4 775.5 775.4 775.9 777 778.9 783.2 787.7 791.5 797.6 802.4 807.7 813.6 816.8 819.9 820.7 819.8 816.8 812.5 807.3 794.3 776.7 765.1 757.9 752.3
682.9 716.7 740.1 759.4 778.9 796.1 808.4 817.1 823.6 830.9 837.8 844.2 848.7 843.9 838.8 830.1 819.6 806.3 796.1 787.5 780.9 778.9 778.3 778.6 783.6 787 790.4 794.2 797.9 803.1 809.7 813.6 816.5 817.2 816.4 815.6 812.8 809.6 804.9 799.7 792.5 783.1 774.6 768.4 766.5 769.3 769.9 773.2 772.9 773.3 772.6 772.2 769.8 767.6 767.1 764.8 766.2 768.7 770.5 774.6 780.4 785.5 790.6 797.7 805.7 812 816.6 819.4 820.8 818.9 817.1 814.3 809 797.7 777.6 761.5 749.7 744
666.8 691.8 713.3 743.1 767.5 787 804.5 814.3 820.3 827.2 833.5 838.6 840.3 836.2 832.8 825.1 814 804.5 790.7 781.2 775 772.2 772.3 773.5 777.8 782.7 785.8 790.4 794.4 799.5 804.4 809.4 814.1 815.5 815.8 814.9 812.2 808.8 804.9 800.2 791.3 783.5 776.7 770.4 759 758.9 763.2 766 767.7 767.9 767 766.3 763.2 761.3 759.4 757.3 751.1 759 763.2 766.4 769.8 775.1 787.8 797.8 805.6 811.4 817.2 820.1 821 819.8 818.6 816.3 810.5 799.8 778.5 762.4 747.7 735.9
647.8 677.1 698.5 721.3 753.4 778.1 797.7 810.7 818.1 821.4 826.3 828.8 829.3 827.2 825.3 819 809.6 802.7 789.9 775.8 770 766.6 762.2 765.3 772 777 780.1 785.6 790 796.2 799.7 805.5 810 813.7 814.3 813.1 811.4 808 804.2 799.8 793.8 782.9 772.1 767.5 760.1 749.8 754.3 758.4 759.6 760.7 760.9 760.4 757.5 755.4 750.8 748.3 737.1 746.1 753 752.8 760.5 775.6 787 797 805.3 811.5 816.3 819.5 820.1 820.7 820.9 818.1 811.7 801.6 782.9 762.5 747.7 733.9
632.1 665.2 690.7 714.6 735.7 766.9 788.5 805.3 813.7 817.8 821.1 820.8 821.4 820 817.7 813.7 807.5 799.6 787.4 771 765.6 760.6 751.7 758.4 765.8 770.9 775 779.6 785.9 790.4 795.3 799.4 805.9 809.1 811 809.9 808.3 806 803 799.3 793.5 785 774.9 764.3 757.6 750.8 744.1 750.5 753 754.3 755.9 755.1 752.4 749.2 744.8 736.3 728.5 734.3 737.4 741.8 762.4 775.7 786.2 795.5 803.7 809.8 814.4 818.1 820.5 821.4 821.8 819.1 813.4 803.4 787.6 763.8 748.7 732.3
620.8 653.2 688.3 708.8 730 752.7 781.2 797.7 807.8 811.6 813.9 813.5 812.7 813.9 812.4 809.9 804.1 797 783.1 769.5 762.8 755 743.8 748.9 756.8 762.7 768.7 772.5 779.5 783.8 788.7 794.7 799.7 803.6 806.3 806.4 805.2 803.2 801.4 797.5 791.4 784.4 775.2 763.8 757.2 748.2 737.9 740.7 745 747.3 747.6 748.3 746.7 743 737.4 730 728 716.5 728.8 748.7 762.5 773.8 784.5 792.9 800.9 806.7 812.4 816.3 819.5 821.3 821.9 820 814.4 805.2 791.1 767.2 749.3 732.2
605.3 636.8 675.4 707.5 721.6 746.5 771.5 791.7 799.9 806.4 809.2 810.5 809.7 809.5 807.2 805 798.9 790.2 776.3 766.4 759.7 751.6 736.2 741.1 749.2 755.8 760.4 765.8 771.5 777 782.8 786.4 793.6 798.1 801.2 801.7 801.5 798.9 797.5 794.3 788.7 780.5 772.3 762.9 754.1 747.3 741.9 726.6 737.7 740.9 741.8 742.3 741.3 738 732.1 722.7 714.9 714.8 735.7 747.6 757.9 769 780.2 788.5 797.1 803.6 809.5 813.8 817.6 820 820.8 819.5 815 806.8 793.5 773.1 752.1 733.7
588.9 625.7 660.3 691.6 722.1 747.4 766.4 783.1 796.8 803.4 806.7 808.8 807.8 806.6 802.2 799.9 794.3 783.1 772.8 763.6 757.3 746.9 735 730.9 740.9 746.3 753.5 758.1 763.9 769.8 775.7 781.8 787.2 792.2 795.4 796.5 796.2 794.9 793.5 790 784.6 777.7 768.8 760.6 752.4 744 739 727.2 727.7 733.3 736.3 735.6 735.8 733 726.1 713.5 701.9 717.6 731.9 742.7 751.2 761.5 772.9 782.7 790.4 798.3 805.2 810.7 814.6 816.7 818.7 817.6 814.1 807.5 795.1 777 751.1 734.8
570.9 606.7 651.7 685.4 713.2 739.8 763.3 778.9 790.8 799.2 804.6 807.6 806.8 799.9 796.3 792.6 786.7 778.9 768.5 762.1 753.5 743.6 730.4 721.7 732.9 738.8 746 751.3 757.2 763.1 768.1 774.7 781.1 786.9 790.1 791.4 791.2 790.5 787.8 783.8 778.5 772.1 765.1 759.2 750 739.9 732.6 728.5 718.4 726.4 729.2 728.7 730.1 728.3 722.7 708.6 695.4 715 724.6 734.5 743.1 753.3 763.7 773.5 783.2 791.5 799.8 806.1 811.1 813.8 815.1 814.6 811.7 804.3 793.6 778.6 754.3 737.1
554.8 592.3 631.9 675.1 701.2 726 750 770.4 784.6 793.6 798.5 803.6 800.1 798.1 788.6 784.6 781.2 773.5 764.4 759.4 750.5 740 728.7 713.8 723.5 731.2 738.3 743.1 749.5 756.2 763.1 769.3 775.4 781.5 785.2 786.9 786.6 784.4 781.7 777.4 772.2 766.3 759.8 754.2 748.2 738.1 728.7 723.9 713.1 716 721 722.3 724.2 723 718.3 707.1 692.2 705.4 717.6 723.2 733.5 743.1 754.1 763 773.2 784.3 793.6 801.1 806.7 810 811.6 811.4 808.3 801.2 791.4 777.3 754.5 737.2
542.3 570.9 611.3 653.1 685.7 708 734.9 758.4 775.3 787.5 794.4 796 794 790.5 783.8 777.8 774.3 767.7 760.8 755.5 746.4 737 727.6 713.4 713.6 723 729.4 734.5 741.8 749.3 756.9 763.4 769.2 775.1 779.7 780.8 782 779.7 776.6 772.7 767.8 761.3 755.7 749.1 742.2 733.1 723.9 719.1 713 702.1 711.3 716.5 717.7 716.8 713.7 706.2 690.7 693 708.8 716.2 722.4 733.6 744.7 753.4 764.2 775.3 786.6 795.5 802 806.1 808.4 808.1 804.6 798.5 788.2 774.4 756.1 736.3
531.3 555.4 588.6 629.2 667.7 692.4 719 745 766.2 779.2 786.7 787 787.1 783.9 776.6 773.7 767.9 762.1 755.7 749.3 743 734.3 725.9 715.1 703.9 712.6 719.3 725 733.3 742.4 749.4 756.6 763.5 767.8 772.7 775.9 776.5 776.3 773.4 769.1 764 757.8 750.5 743.6 735.7 727.4 719.7 714.2 706.9 696 702.3 706.6 709.2 709.1 707 701 688.8 676.7 698.1 706.5 713.2 724 734.4 745 756.2 767.5 778.2 790 797 801.9 804.2 803.8 801.2 795 785.8 773.6 756.2 739.1
524.4 545.1 571.8 605.6 642.1 673.2 704 730.7 751.9 769.4 777.5 780.9 780.8 779.5 774.8 769.1 763.1 756.8 748.6 743 737.6 730.9 722 715.5 697.4 701.5 710.8 716.3 723.9 734.8 742.1 749.4 757 762.2 767.7 772.1 772.5 772.3 770.4 766.1 760.4 753.7 746.1 738 729.8 721.3 712.4 704.9 698.5 689.8 693 696.9 699.2 699 698.6 696.2 686 671.3 682.9 696.9 705 715.9 726.3 736.8 747.4 759.7 771.4 783.2 792 797.7 799.5 799.9 797.3 791.5 783.4 772.6 758.8 741.9
509.3 535.2 558.4 588.4 617.6 654.8 690.6 716.8 741.7 757.1 767 774.5 775.1 774.9 771.6 764.9 758.6 751.4 741.9 736.3 731.1 725.3 718.5 710.5 703.2 683.5 701.1 708.6 715.4 726.7 735.9 743.7 750.6 756.1 763.3 768.3 770.3 769.2 768 762.6 755.4 749.8 742.4 734.3 725.6 718.8 708.9 699 692.5 687.2 682.9 684.4 689.5 690.4 691.1 688.4 681.5 669.7 668.3 683.9 698 707.3 718.4 730.2 740.6 751.7 765.5 778 787.1 793.2 795.8 795.8 792.9 788.1 780.5 770.8 759.2 743
495.2 519.6 545.2 570.8 601.9 631.5 669 695.9 727.8 747.4 757.6 765.9 770.2 769.7 766 759.7 753.6 744.7 736.1 726.2 723.9 718.7 713 705.5 698.3 681.5 692.2 702.9 708.6 717.2 728.1 738.5 745.5 751.2 757.1 763.4 768 767.5 764.8 759.5 753.8 747.8 740.8 734.1 723.6 715.6 706.4 695.5 685.9 678.6 673.8 675 678.6 680.1 681.9 682.2 677.6 664 658.4 676 690 698.1 711.3 724.9 735.7 746.5 759.5 772.7 782.9 788.7 792 791.9 789.5 785.1 778.3 769.4 758.9 744.2
486.5 508.7 532.3 558.9 585 611.8 642.5 680.6 705.5 733.4 747.6 756 763.4 766 760.5 753.2 745.7 737 726.7 718.7 713.9 710.2 706.7 700.8 692 669.7 685.1 697 704.6 711.3 722.6 732 738.9 743.6 749.2 756.2 766.3 767.2 767 762 754.9 746.7 741 734.6 724.5 715.7 706.1 695.1 685.1 672.4 667.3 667.5 667.8 667.6 671.2 673.9 670.8 658.8 650 666.2 679.9 693 707.6 721.3 732.8 743.9 755.2 768.6 778 784.7 788.2 788.3 785.5 781.3 775.4 767.3 757.7 745.1
476.8 498.4 521.4 545.7 569.7 594.8 619 647.8 673.6 715.6 738.5 749.4 755.5 758.6 754.1 747.1 739.3 730 719.9 712.2 704.6 697.8 696.9 693.2 685 662.5 680.2 690.9 698.8 705.6 713.1 726.9 737.5 747 753.4 760.7 766.3 769 770.3 766.7 762.2 753.8 744.4 737.6 729.6 721.6 708.7 700.1 688.9 674.1 661.2 662.1 662.8 659.2 661.6 661.4 662.1 651.8 641.8 655.3 673.3 692.5 706.3 720.2 731.7 742.7 754 765.2 774.3 780.7 782.7 783.3 780.7 777 771 764.1 754.6 743.2
465.6 488.1 510.2 532.8 556.3 577.5 601.8 632.2 666.9 694.5 722.5 741.6 752.3 755.3 747.2 741.4 732.6 722.6 713.2 704.6 696.6 686.6 685.8 682.6 675.9 657.6 668.7 680.2 691.6 703.4 714.1 727 738.3 746.5 754.4 762 768.4 771.9 772.6 772.2 767.5 761 751 742.2 734 725.4 714.5 703.5 692.5 679.7 664.9 652.1 652.2 650.6 650.3 648 648.3 641.1 631.4 651.9 673.6 693.4 707.3 720.4 732.1 743.9 754.9 764.2 771.1 776.5 778.7 778.3 776.4 772.4 766.5 759.2 750.5 741.7
456.5 477.7 500.7 520.6 541.6 565.7 590 619.2 647.5 676.6 706.9 731.2 744.5 747.2 741.4 732.9 726.4 716.6 706.7 697.1 689.8 679.3 673.7 670.5 665.7 650.8 670.8 683.2 691.4 700.8 715.5 727.5 736.8 746.1 754.6 762.2 769.4 773.9 775.3 776 773.4 768.3 758.7 750.5 742.6 730.9 719.4 707.1 694.4 681.6 669.2 655.3 641.1 638.6 636.8 635.6 633.5 628.9 631.6 648.3 672.4 694.1 707.7 721.4 733.3 744.6 754.8 762.3 768.1 772.1 773.8 774 771 767.7 761.3 755 746.5 738.1
450.5 468.2 492.5 511.2 532.8 554.2 576.6 604.9 635.6 663.4 696.5 720.6 732.7 738.4 729.4 723.3 717.3 708.1 700 688.7 678.8 671.8 657.7 657.3 647.2 659.9 673.6 683.9 691.6 702.6 716.6 727.5 736.9 745.7 754.7 762.2 769.2 774.3 776.4 777.6 776.5 772.9 767.8 759.2 749.8 739.7 726.6 711.8 696.9 685.2 673.3 661.1 645 631.4 627.4 625.3 623.2 619 623.7 642.8 669.2 692.4 707.6 721.8 732.8 742.7 753.6 759.7 764.3 767.4 769 768.9 766.6 762.8 756.9 749.1 740.6 732.5
445.2 459.8 482.4 500.6 522.9 543.5 563.4 591 625.7 656.6 685.6 707 719 722.6 718.2 713.7 706.2 697.8 690.2 681.9 673.6 664.5 656.4 638.4 647 663.2 674.5 682.2 690.1 702.1 715.4 725.2 734.3 743.3 753 761 768.5 773.5 776.4 778.2 777.6 776.6 773.6 768 759.6 749.3 736 721.4 701.2 688.9 676.8 663.3 649.4 632 617.7 615.4 612.4 609.3 617.4 635.1 663.1 685.9 704.7 720.7 732.5 742.5 750.5 755.4 759.7 762.5 763.9 763.7 761.3 757.1 750.4 743.5 734.8 728.2
436.9 454 470.8 495.9 514 531.6 552.8 580.2 615.7 648 678.8 694.6 701.6 706.7 703.9 700.5 695 688.4 682.8 674.7 668.5 659.3 646.1 629.3 648.1 661.3 671.7 681.1 690 702.5 714.3 723.4 731.4 738.7 749.6 757.9 765.7 771.4 774.5 776.7 777.2 776.1 775 772.7 768 757.4 746.5 732.9 707.2 692.6 679.2 663.9 649.6 635 623.3 606.2 601.6 599.8 609.1 627.6 651.9 679.2 695.9 712.8 728.2 739.5 745.7 750.4 754.7 756.9 757.2 756.6 755.1 751.1 745.4 736.8 729.2 721.5
429.9 447.3 463.8 487.9 509.6 522 542.2 567 598.7 636.6 660.2 680.3 686.8 690.1 688.3 687.3 683.6 679.9 676.1 669.2 661.8 653.7 641.2 626.3 646.9 658.2 667.6 677.7 690.5 702 712 720.9 727.9 734.5 743.2 753 760.9 767.5 771.1 773.3 775.5 776.2 775 774 770.4 762.9 749 738.4 714.8 693.4 679.4 665.4 651.4 641.1 627.5 613 596.1 592 602.2 619.1 644.6 669.8 688.9 705.7 725.9 736.8 742 744.7 749.4 749.3 750.4 750.6 748.1 743.4 739.1 729.5 722.6 715.3
422.5 438.6 456.9 477.9 494.8 516.9 535.3 556.4 586.9 614.4 642.1 667.1 678.5 675 675.7 676.1 673.8 672.4 667.8 661.3 655 647.2 636.3 623.6 642.8 654.1 663.6 675.3 688.4 699.2 708.6 717.4 724.3 731.1 737.5 747.1 753.3 760.9 765.7 767.8 771.6 772.9 773.7 773.7 770.4 766.2 752.3 739 720.7 692.9 677.9 664.1 650.6 638.8 626 613.8 597.7 585.3 592.7 613.7 633.3 661.3 686.2 706.1 721.6 730.9 737.5 741.1 742.7 744.1 746.7 744.3 741.7 737.8 732.2 724.9 717.9 709.2
420.7 435.3 447.9 466.2 488.9 509.1 525.1 543.5 571.4 598.5 626.3 649.8 666 667.5 667.6 666.4 666.6 664.3 659.8 652.3 645.7 639.5 631 608.7 636.4 649.4 661.9 672.3 683.9 694.8 704.3 712.7 719.5 725.3 732.4 740.5 747 752.7 759.5 761.6 765.2 768.7 770.3 771.4 769.6 766 754.3 739.7 723 694.3 681.8 663.3 651.1 636.8 622.1 610.7 598.3 582.6 582.6 599.4 624.9 651.8 676.8 698.6 715.1 724.9 732 737 739 739.8 739.8 738.5 735.5 731.3 726.6 718.9 712.8 704.3
423.4 427.4 441.6 458.1 478.4 494.8 514.3 532.4 557.5 580.9 606.5 633.3 655.9 658.2 653.8 653 654 652.6 649.7 643.7 638 631.5 620.1 609.4 632.4 647 656.9 667.8 678.6 688.9 698.7 706.9 713.8 719.3 724.9 733.5 739.1 744.8 750.3 754.7 759.6 763.3 766 767.3 766.5 764.6 755.6 740.7 718.3 695.5 679.1 660.2 648.7 637.5 620.8 611.8 602.5 584.3 572.3 588.7 612.2 638.5 663.2 685.7 704.4 717.1 725.5 730.6 734.6 735.7 734.7 732.7 729.8 725.2 719.2 712.8 706.2 697.7
424.3 426.7 433.8 446.7 466.9 487.6 505.1 520.8 543.2 567.8 593.3 618.9 638.2 647.1 642.1 637.8 637.5 639.4 638.6 635.3 629.5 623.6 600.8 614.3 632.3 642.7 653.1 662.8 672.5 683.4 692.9 700.4 708 714.3 719.8 725.6 731.4 737.7 742 747.2 753 757 760.7 762.9 764.4 763 756.2 742.3 718 692.3 672.1 658.9 644.2 632.7 614.6 603.6 595.3 582.3 569.1 571.9 596.8 624.5 648.9 673.8 690.7 706.4 715.5 722.1 726 726.7 728.2 727.4 723 718.3 713.2 706.6 699.6 690.7
423.3 421.7 431.7 439.3 457.5 477.9 491.6 510.8 530.2 555.6 578.5 603.7 619 630.5 631.5 625.2 624.8 627.7 628.5 627.7 623.7 609.1 583.8 617.2 628.6 638.8 648.7 658.6 668.2 678.4 686.3 694.4 701 707.6 713.4 718.3 723.1 728.4 734.5 739.1 745.7 750.4 754.2 758.5 760.3 761.6 758.2 745.3 718.7 695.8 675.7 657.3 640.6 625.6 613.9 599.6 583.9 578.2 565.9 561 583.2 605.8 631.3 654.5 675 692.7 704.2 712.3 716 718.8 720.2 719.4 717.1 712.2 706.2 700.4 690.3 682.6
419.4 419.9 422.2 436.2 447.5 463.9 486.1 498 518.4 539 565.6 582.1 602.3 613.8 617.2 614 614 617.3 617.9 618.6 615.1 598.9 581.2 607.4 622 633.4 644.2 653.8 662.3 671.6 679.5 687.8 693.8 699.6 705.5 711.3 716.9 721.3 728.2 732.7 737.2 743.7 748 753.4 758.2 759.8 757.1 745.8 721 692.5 675 659.1 639.9 625.3 618 596.7 579.3 571.6 559.5 552.6 567.9 590.1 613.4 633.9 653.9 673.6 689 699.1 705.8 709.1 710.8 710.2 709.6 706.2 700.4 692.5 680.6 672.8
420.6 419.9 421.4 426.6 441.5 451 473.4 489 503.2 524.1 543.6 564.7 578.8 596 601.3 598.9 605.2 607.4 607.4 607.7 605.7 598.5 572.7 598 615.6 626.3 637.8 647.2 655.8 665.1 673.3 681.1 687.9 692.8 699.3 705.1 712 715.8 720.7 723.8 727.9 733.3 741.4 747.6 753.5 758.1 758.5 748.7 723.1 691.8 673.3 658 639.3 620.1 617.6 595.6 582.1 571.6 556.6 548.9 555.1 575 595.2 614.7 633.5 651.9 669.5 682.4 692.1 697.8 700.9 700.6 700.9 697.2 691.6 684.7 675.2 665.6
