app/static/ascii/NN75.asc
ncols 200
nrows 200
xllcorner 270000
yllcorner 750000
cellsize 50
[rows 105 to 139 of 200, columns 78 to 155 of 200]
604.7 591 579.1 569.4 558.6 545.7 530.1 510.8 499.1 486.7 477.6 465.7 459.4 449.8 438.5 428.7 414.9 396.6 383.1 377.2 370.9 364.7 360.3 357.5 357 359.8 365.7 369.9 373.2 376.8 378.7 387.2 394.5 403.2 408.3 415.7 428.6 435.9 443.7 442.4 441.3 440.5 443.3 445.4 449.7 453.4 454.5 451.1 453.8 456.1 455.4 451.8 447.2 443.4 437.6 429.5 419.5 411.8 405.4 403 401.8 396.5 388.3 379.3 376.7 372.8 372.1 371.8 372.9 371.3 367.6 367.7 366.5 367.1 368.7 368.8 369.5 371.2
621.8 607 592.7 578.2 565.6 552.8 538.9 519.8 509.1 495.3 483.7 474.7 464.1 452.5 441.5 435.8 420.7 399.7 384.4 376.7 370.7 366.6 360 357.8 360.9 363.7 367.2 372.8 377.8 379.7 383 389.4 398.2 405.1 410.4 420 429.3 439.7 444.5 445.1 443.4 443.1 446.7 452.4 455 457.7 460.8 461.4 461.7 464.2 463.4 459.6 454.1 448.1 441.2 432.8 424.2 415.4 409.7 402.2 398.3 393.4 387.4 383.4 380.6 376.1 372.9 372.6 373.2 371.8 368 367.5 369.6 366.8 369.1 369.8 371.9 373.9
632.2 622.2 608.9 590.5 577.1 560.5 543.1 527.2 512.5 506 495.9 483.4 473.1 461.2 448.8 438.7 426 402.5 385.8 376.9 370.8 367.4 362.7 360.7 364.8 367.1 370.7 375.8 380.8 383.5 387.2 392.9 402.9 407.4 417 424.5 435.2 440.3 445.6 446.8 444 444.8 453.6 458.3 458.8 462.8 463.4 467 468.6 469.6 468.4 463.9 456.7 447.9 440.3 434.3 426 418.5 410.9 403.3 397.1 392.7 389.3 391.5 383.1 377.1 373.6 373.4 373.2 371.6 369.7 369.1 373.4 368.1 369.4 371.6 374.3 376.3
637.9 626.5 616.1 603.2 585.4 570 550 534.2 520.7 512.5 503.7 492.3 477 465.5 444.1 437.5 418.2 406.4 386.2 378.7 372.1 368.4 364.8 363.2 366.1 369 369.6 377.9 383.4 386.9 391.9 397.5 404.9 410.6 419.7 428.5 438.8 439.8 451.1 448.6 450.4 450.2 460.2 466.5 464.3 467.4 467.9 472.5 472.4 472.5 470.9 466.3 457.4 445.7 436 432.8 426.7 419.4 409.5 398.9 394.2 392.8 389.1 387.2 380.9 376.4 378 376.9 375.6 373.5 372.3 375.1 370.9 370.5 370.3 373.6 377.4 380.2
637.9 628.6 618.9 609.2 594.4 574.1 556.4 542.5 530.4 523.3 512.7 500.3 485.7 467.9 447.5 423.3 414.1 408.2 386.3 380.1 375.3 370.6 367.6 366.5 368.2 370.3 371.3 377.7 385.3 390.6 396.6 402.1 407.6 415.3 420.1 429.7 438.4 439.6 452.6 450.4 452.8 453.7 460.8 468.2 470.3 472.1 469.4 476.5 474.1 471.2 470.8 466.7 459.3 448.3 438.4 431.7 427.2 421.4 410.8 395.2 393.1 394.1 386.8 382.9 381 377.8 380.6 381.6 380.2 375.1 376 377.8 371.8 369.5 370.4 376.2 380.8 385.6
640.9 627.3 615.8 605.2 593.7 577.6 563.5 546.9 537.2 530.9 518.2 506.4 490.1 473.4 453.7 432 415.8 408.3 389.5 385.3 379.4 373.8 370.2 367.8 370 371.5 373.9 379.5 386 395 401.4 405.5 410.3 417.8 423.2 430.8 437.6 442.1 452 453 457.3 460.5 465.8 470.7 471.2 474.7 471.5 473.8 473.3 471.8 469.4 465.1 458.8 451 442.5 437.6 430.9 423.4 412.7 399.1 388.6 386.6 382.2 381 378.1 381.6 388.2 389.2 384.9 381.8 380.2 380 376 368.9 372.1 377.9 386 392.7
641.3 626.2 613.6 601.4 586.9 570.6 558.8 548.4 540.4 533.1 524.7 510.1 496.4 480.1 460.8 441.9 420.1 413.2 395.3 389.7 383 377.2 372.9 369.8 370.3 371.9 375 379.5 386.9 395.3 402.4 406.2 413.9 420.6 427.2 433.4 439 445.4 457.4 455.2 462.6 465.4 466.9 472.3 476.7 471.8 473.8 468.9 470.6 469.3 466.2 461.8 456.3 450.6 445.4 439.6 433.1 424.2 412.4 398.6 385.3 382.7 379.6 379 378.5 383.5 389.8 392.7 387.1 382.8 381 377.1 372.2 367.5 372.8 379.9 397.5 397.6
641 626 610.4 594.1 577.4 566.2 554.7 547.3 543.1 535.9 525.1 513 500.4 485.9 466.3 444.8 431 418.6 402.6 395.5 387.7 380.7 375.3 371.7 371.1 372.4 378.4 382.9 386.8 395.4 402.1 408.3 416.7 424.4 431.4 436.3 440.9 447.5 462.6 461.6 464.2 469.4 470.2 471.4 473.1 472.6 470.6 467.5 465.5 461.7 458.3 456.8 453.1 447.2 442.6 437.7 430.5 421.6 409.7 394.2 386.8 381.5 381.3 379.5 380 385.4 391.9 392 389.2 381.9 380.6 379 367.1 368.1 373.7 388 399.6 401.1
635 619.1 603.2 587.5 571.7 565.1 555.7 545.8 541.4 535 519.8 508.8 495.3 477.6 468.5 447.2 436.9 424.7 409.1 400.6 391.2 383.9 377.4 373.5 372.6 373.6 379.8 385.8 388.4 397.6 403 410.7 419.4 429.3 435.8 440.4 443.3 448.4 465.1 468 468.3 473.5 477.1 478.8 477.2 473.4 470.2 467.8 464.6 463.9 462 460.9 455.6 448 437.6 432.5 425.2 416.5 404.1 393.4 386.6 382.9 380.6 379.8 383.8 388 393.9 394.9 387.2 380.5 377.7 372.4 364.6 369.8 375.6 389.3 396.3 394.9
621.7 610.2 595.1 577.7 570.6 561.7 552.1 540 538.5 534 524.7 513.2 495.1 474.5 460.2 450.9 439.2 426.1 412.5 404.8 395.3 387.8 380.6 375.5 374.2 375.7 381.9 387.3 391.5 399.3 404.9 413.5 423.4 431.1 438.7 444.7 447.1 451.9 463 472.5 472.2 475.4 479.9 481.8 484 475.7 476.8 472.1 469.9 471.3 471.4 470.3 462.2 449.9 442.7 432 422.8 416.8 403.2 393.6 388.5 383.7 380.6 378.5 382.2 387.8 394.5 390.8 382.8 375.4 368.8 362.3 364.6 365.9 376.8 390.8 395.1 389.9
611.7 600.6 588.7 574.2 568.7 562.4 554.1 541.1 534.5 527.1 519.9 510.4 495.8 481.2 461.8 447.3 437.7 426.2 415.6 407.5 398.8 390.4 383.5 378.3 376.4 378 383.2 388.4 394.8 400 406.4 414.6 425.1 433 440 447.1 451 457.3 468.7 477.3 476.9 477.9 483.1 486.5 487.2 481.5 482.8 479.1 476.3 479.4 478 473.1 464.3 454.3 447.8 445.2 432.5 417.6 409 400.7 392.6 386.4 380.2 374.6 373.3 373.2 380.7 378.6 373.8 369.8 363.3 360.3 362.8 366.2 373.6 379.8 384.3 385.7
606.2 597 577.6 571.3 562.9 556.7 546.9 540.1 531.8 522 508.4 495 483.6 467.1 458 442.9 430.5 423.9 413.9 409 403.3 395.3 386.5 381.9 379.3 380.5 385.3 388.3 396.9 400.2 407.3 417.6 426.6 433.8 441.2 448.3 452.8 461.5 474.9 480.1 481.4 485.3 490.3 492.4 490.4 489.6 492.3 488 481.2 480.2 480.4 473.7 464 454.2 448.3 444.1 434.2 427.6 419.4 409.8 402 390 383.9 379.2 370.9 366.5 368.3 372.5 372.4 365.7 360 360.7 362.5 365.2 370.7 376.6 374 386.6
591.6 576.9 567.7 564.5 560.3 554.9 537.1 532.7 524.1 509.2 507.7 488.4 472.6 455.5 444.2 432 425.1 421.4 413.4 405.6 405.3 396.8 390.5 385.7 382.9 383.9 387.3 390.5 397.7 400.5 409.7 420 429 435.1 440.8 448.6 456.7 465.4 475.6 482 485.9 492.4 494.6 497.4 495.1 490.2 486.5 484.8 482.7 479.5 477.4 471.4 467.9 463.2 457.9 449.6 442.7 434.5 425.4 419.9 410.1 398.9 393.2 385.5 374.1 364.4 360.4 363.5 369.3 362.8 360 359.5 363.7 365 370.4 370.7 379.1 388.4
580.3 569.3 566 555.2 549.3 544.2 527.3 518.6 505.5 493 490.1 478.1 462.1 447.6 431.8 422.9 420.8 419.8 411.3 402.2 405.5 400.1 394.2 389.7 386 385.6 389.1 392.1 395.1 401.7 411.6 423.6 430.3 437.5 444.8 452.4 462 469.2 478.5 486.4 491.8 497.4 506.3 499.7 497.6 492.8 486.9 486 485.8 483.3 480.7 474.4 471.3 468.5 464.2 458.3 448.9 438.7 432.2 425.1 417 408.9 400.9 390.3 380.2 365.9 359.2 357 355.5 356 356.7 358.4 356.8 359.6 362.9 373.8 383.4 390.3
570.5 560 552 541.9 536.7 526.3 515.1 509.2 493.4 486.3 483.7 471.4 447.7 433.9 425.3 415.9 418.3 421.1 413 398.5 403.6 401.3 397.6 393.2 389.4 385.8 390.4 392.2 394.3 402.3 414.2 425.4 432.6 440.6 447.9 455.3 466.6 473.8 481.4 488.8 496 501.7 504.7 501.7 501.4 498.1 498.5 496.8 492.2 490.4 483.9 480.7 478 473.8 469.7 466.1 460.4 453.8 447.5 439.8 434.5 425.5 411 398.8 384.9 366.7 357.8 353.4 352.9 355 355.3 353.6 361.9 367.4 374.9 381.2 389.5 392.1
558.7 550 538.2 528.5 519 511.2 502.5 496.8 484.9 476.5 472.7 463 443.1 421.6 413.1 416.8 419.1 418.1 414.9 403.2 395.8 400.9 399.3 393.2 386.1 382.9 385.9 388.7 393.7 404.6 416.4 426.1 434.8 442.3 450.2 457.6 468.7 476.4 486 493.8 503.3 508.8 508.2 511.7 507.6 506.8 509.2 506.3 502.4 498.1 492 488 485.3 480.8 477.6 475.4 471.7 466.8 463.6 455.9 446.8 440.5 427.1 413.3 392.9 371.1 356.4 351.8 350 350 350.1 357.8 362.2 367.8 374 384.1 390.6 391.7
546.9 535.7 525.3 514.4 502.4 497.5 485.7 479.2 472 463.7 459.1 449.4 436.7 420.6 411 415.2 416.7 413.4 411.6 403.6 391.5 398.7 396.9 385.2 380.9 386.1 392.3 396.9 400.9 408.6 417.1 425.4 435.9 445 452.9 462.4 471.4 481.6 491.3 499.1 508.8 513 514.3 518.6 514.7 516.9 520.2 519.4 514.3 504.7 501.6 495.2 490.7 485.2 481.5 484.1 480.3 475.2 471.7 469.3 457.9 448.6 435.5 417.2 392.5 372.2 357 350 347.9 348 354.4 359.4 363.9 371.6 380.6 385.4 388 393.6
539.5 523.4 512.4 500 492.6 479.4 474.4 461.6 457.5 449.2 437.1 430.7 426.6 421.8 414.2 414.9 411.6 406.9 405.3 401.7 388.2 393.6 393.4 379.5 385.7 395.7 397.2 399.9 404.4 412.3 422 430.7 436.5 445 454 463.9 474.1 490.5 499.5 508 515.7 519.2 523.5 528.2 524.7 527.6 530.7 528.7 522.2 515.8 511.8 504 500.7 489.3 485.3 486.7 489.9 482.3 479.1 479.6 470.5 457.9 442.1 415.4 388.7 368.5 353.6 347.6 345.4 349.8 353.6 358.6 363.6 372.5 376.6 382.4 388.5 396.9
538.4 523.5 515.3 509 500.7 486.7 474.3 462.4 451.7 441.3 428.5 422.2 420.1 414.9 406.1 409.9 406.8 402 398.6 396 386.2 393.5 389.9 380.2 384.6 393.5 399.3 402 406.6 414.4 423.1 439.1 437.8 444.4 455.7 465.9 482.8 499.8 512.4 518.6 527.7 531.8 538.6 541.3 536.1 540.2 542.2 536.7 530.6 528.6 521.4 513.5 503.5 492.3 485.8 480.9 485.8 480.1 479.3 484.4 477.2 463.5 444 418.3 399.9 372.6 353.3 343.4 345.4 350.7 355 359.1 364.1 369.6 377 383 390.3 402.3
535.2 524.7 517 510 499.4 487.8 475.4 465.6 453.5 443.4 424.4 420.4 423.1 414.8 403.9 402.8 399.7 397.2 394.5 390.5 382.3 388 382.9 372.7 383.5 393.7 399.8 404.1 408.5 414.7 424.5 434.7 436.3 445.2 458.1 476.5 493.1 511.4 520.2 530 540.6 543.8 552.3 552.7 549.4 551.4 548.3 544.3 542.3 535.9 527.5 519.5 504.7 490.6 481.4 476.5 482.1 475.8 469.5 473.4 460.8 446 429.3 405.4 381.9 359.4 349.7 341.1 345.6 350.3 355.8 362.8 369.5 373.5 379.2 384.8 395.9 409.8
527.7 522.8 515 502.4 493 480 468.3 458.7 435.9 426.4 421.3 419.1 419.2 415.1 403.9 399.5 394.1 392.7 391.4 390.3 384.4 375.7 370.8 375.2 387.4 394.9 399.3 404.1 408.4 414.6 422.1 429 435.2 453.8 463.3 487.6 503.6 521.1 529.1 540 548.8 556.5 565.4 561.7 555.1 559.6 556.9 554.4 550.2 540.7 529.7 516 497.3 484.8 471 468 467.1 463.6 459 457 438.8 419 398.2 384.2 364.5 352.7 346.6 338.8 343.8 351.3 357.4 365 370.7 375.7 381.1 387 400.7 417.2
511.9 507 503.6 499.3 487.6 472.5 453.8 445.7 435.1 427.3 416.5 411.9 410.5 406.3 400.7 397.6 396.4 391.3 387 387.6 382.5 380.2 370 370.9 384.8 391.1 395.7 401.9 407.9 413.2 422.7 425.9 434.8 451.9 467 492.4 511.8 530 539.8 548 555 561.2 568.8 558.7 549.5 561.5 564.2 563.1 558 546.5 534.8 517.9 500.2 483.6 466.3 457.9 453 461 452.3 435.4 418.4 398.2 382 366 353.4 349.3 342.1 337.6 348.5 353.4 360.6 367.4 371.8 377.5 383.2 391.1 405.8 421.3
500.2 492.5 492.7 490.9 479 464 449.8 437.1 432.3 426.1 416.5 409.2 406.2 402.8 397.4 395.2 391.9 388.7 386.6 382.9 377.9 377.8 374.6 364.8 380.6 388.8 392.4 398.4 404.5 406.9 416.4 425.5 433.1 444.4 467 494.2 518.6 531.2 542.5 550.4 554.9 556.9 559.3 541.3 543.5 556.6 563.7 567.2 563.6 550.4 531.1 515.5 498.2 484.9 466.8 445.7 449.9 449.3 438.1 415.8 397.9 373.7 362.1 351.1 347.5 341.3 333.8 344.2 349.3 354.5 357.7 365.8 373 378.9 386.1 398.7 412.2 423.4
494 486.8 481.2 475.8 463.1 452 445.2 441.9 429.5 422.2 416.3 407.9 403 397.3 394.7 392.1 391.5 390.1 386.2 381.1 373.3 372.1 371.3 363.2 376.9 384.3 388.3 392.3 397.1 400.5 412.6 424.4 435 453.6 474.8 498.1 517.1 529.6 541.1 546 550.2 550.8 542.3 529.6 542.9 552.8 557.4 560.5 556 549.2 529 514.7 497.5 484.8 468.2 442.6 431.1 431.6 411.8 390.6 371.4 357.5 351.3 346.2 340.2 331 339.7 346 351.5 359.6 365.1 369.3 372.1 380.2 390.2 406.8 414.5 423.7
492.5 485.8 476.9 465.5 454.5 442.7 433.7 430.8 424.4 415 410 405.9 399.7 395.2 388 389.6 390.3 388.3 385 377.9 371.5 370.6 367.1 360.9 369.8 381.9 387.6 388.3 390.6 400 411.5 423.2 434.4 455.8 471.5 487.4 502.5 514.2 526.3 532.8 540 545.5 535.5 524.2 539.3 544.1 553.4 557 552.3 544.5 532.7 514.6 499.5 483.2 461.8 436.3 411.3 404.6 388.3 376.5 357.7 344.6 344.1 343 332.5 333.2 340.7 346.3 356.4 362.6 368.1 373 377.5 383 393.6 406.2 414.6 423.3
481.4 479.4 469.8 460.3 451.4 437.3 428.6 423.3 416.2 410.5 406 401.2 397.2 395.2 384.7 370.5 376.5 382.4 379 372.8 370.6 369.9 367.5 360.6 362.6 373.1 378.2 379.7 387.6 396.2 409.3 421.4 435 456.8 468.3 472.8 479.3 504.3 515.2 531 535.8 536.6 524.8 517.5 538.3 530.3 546.4 545.1 546.5 541.8 529.7 504.7 489.7 471.6 449.1 424.8 400 378.6 368.2 355.9 344.4 340 341.6 334.6 326.8 338.8 346.1 351.9 360 363.5 368.6 375.4 382.8 390.5 399.4 407.1 411.4 422.1
468.6 467.8 463.3 451.2 439 427.6 422.5 418.2 412.8 406.5 407.2 403.1 389 374.3 373.3 386.4 380.5 366.1 372 369.5 369.3 366.3 363.7 361 356 365.1 372.1 372.1 379.5 386.7 404.2 422.8 434.4 452.9 462.5 463.2 461.1 494.8 508.6 523 522.6 512.7 495.3 508 532 522.7 520.1 532.5 533.6 530 520 494 468.6 448.6 433.2 406 387 362.3 351.7 344.6 336.9 338.1 332.7 325.6 336.3 344.7 349.6 354.8 360 363.2 371 378.9 387.9 397.1 407.7 416.1 421.2 424.7
452.2 451.2 442.7 433.8 417 408.9 415.5 414.5 389.7 393.4 383.4 391.1 386.3 382.7 392.1 388.4 383.2 378.6 368.3 363.5 355.4 355.4 354.9 354.2 351.9 354.1 358.1 358.9 366.7 380.6 404.3 421.2 431.3 442.8 444 444.1 451 478.4 493.6 493.9 491.9 480.2 474.9 493 513.9 509.2 493.9 503.6 510.2 509.1 498.2 477.2 450 434.8 417.8 397.1 374.8 357.2 350.4 341.7 333.4 333 327.7 329.9 339.2 347.8 354.8 355.8 356.5 366 373.7 382.7 392.7 404.4 415.7 422.9 429.5 433.7
430.5 427.5 421.2 407 398.3 403.5 402.5 391.7 400.8 412.8 403.7 396.4 385.1 394.9 390.5 385.9 382.3 379.1 375.8 372.1 368.9 366.5 361.3 356.7 353.4 349.7 350.7 350.7 355.2 374.6 399.5 421.1 430.6 435.2 438.3 443.9 449.2 455.5 473.6 468.6 462.9 455.7 457.8 470.3 481.7 492.3 480.6 482.9 485.6 475.9 471.1 461.7 444.2 420.1 406.5 386.2 367.5 356.2 350.9 341.1 329.1 318.3 323 334.7 342.3 350.7 353.3 351 358.3 367.2 375.9 386.1 398.2 410 418.2 426 437.7 442.3
406.4 405.8 404.6 408.4 413.9 423.2 421.7 414.3 414.4 428.5 419.8 413.7 410.4 407.1 396.9 392.5 387.6 385.4 383.5 376.4 371.1 368.1 365.1 358.8 354.2 350.6 343.2 347.1 345.7 362.7 391 416.5 429.1 431.4 435.5 447.5 452.8 439.8 447.9 444.3 438.4 444.5 445.8 448.7 457.9 460.2 461.7 460.5 459.3 451.5 459.3 459 431.4 405.9 390.3 372.1 355.7 349.9 348.8 338.6 322 320.1 333.4 341.2 345.7 351.7 348.7 351 360 368.2 376.9 390.2 401.4 411.4 421.9 429.6 438.2 444.7
421.2 421.8 423.5 426.8 429.6 436.5 436.8 434.2 432.5 430.9 429.5 423.7 421.8 416.3 406.4 402.8 397.3 394.8 392.8 387 381.5 376.4 365.7 360 355.4 351.7 348.6 339.7 339.3 355.1 381.5 412.4 425.3 423.3 439.2 455 464.5 443.3 428 420.1 426.1 440 435.2 435.4 440.4 439.5 438.2 439.7 448.3 447.8 447.4 441.9 421 394.5 374.7 358 345.3 342.5 342 333.6 318.2 321.5 337.8 341.7 347.5 349.9 346.2 354.7 362.4 368.6 378.9 391.1 401.8 410.7 424 438.2 446.3 448.6
438.7 437.3 440.3 441 440.4 439.6 439.5 437.5 437.1 439.1 434.5 431 426.9 425.5 424.5 417.7 410.6 405.8 401.3 394.7 387.7 382.1 374.1 365 361.2 355 351.9 347.1 340.5 347.9 378.3 405.5 418.9 417.1 442.1 450.6 453.2 428.7 414.7 409.1 411.9 422.2 417.4 426.1 431.5 429.9 425.3 418.8 426.6 431.5 433.8 421.3 410.8 388 361.7 347.3 337.8 335.2 333.3 327.5 307.6 324.4 336.2 344.6 349.4 348.3 346.3 355.9 362.9 371.2 380.1 390.2 403.5 414.8 426.3 436.5 444.9 447.4
448.5 448.8 452.6 453.8 456.3 456 457.5 457 454.6 451.1 450.5 446.6 444.5 442.6 441.2 438.4 433.3 425.6 411.8 401.2 392 384.7 377.4 371 363 359.2 355.3 352.3 344.3 337.4 370.4 401.6 403.8 424.1 431.8 432.6 425.3 413.2 401.5 404.6 404.3 403.6 407.2 414.9 429.5 421.4 422.5 409.6 404.7 418.2 419.6 411.1 397.2 377.5 354.1 338 336.5 331.4 323.6 316 308.1 326.8 338 344.1 350.6 347.3 346.5 356.6 364.1 371.6 380.8 391.4 402.1 414.9 425.6 434 439.9 445.5
460 464.9 466.8 466.9 466.9 470.3 467.6 465.3 464.7 463.5 462.8 464 463.4 460.5 459.1 458.2 451.4 446.2 428.5 408.7 396.3 386.1 379.4 370.9 364.7 362 358.2 352.9 344.6 333.9 361.3 389 391.9 405.8 407.7 412.3 412.8 403.8 395.7 392.3 391.9 396.5 397.1 407.9 418.7 411.9 408.3 400.7 392.1 400.6 405 399.9 387.2 369.9 350.3 332.4 328.8 324.1 313.8 305.2 315.4 329.2 338.8 343.2 346.8 338.2 347.6 356.8 363.6 372.8 382 392 401.2 414.8 423.7 428.8 435.3 441.8
473.5 477.1 474.7 472.8 478.5 479.7 478.9 478.5 480.6 480 478.3 478.8 476.8 478.1 474.4 455.2 450.1 441 424.1 411.7 403.4 392.2 383.7 375.6 367.9 363.8 362.5 355.4 351.5 336.7 345.4 367.6 376.8 385 404.2 402.9 401 390 382.8 378.5 389.6 392.1 388.5 393.9 396.2 392 391.7 388.7 381.2 383.8 395.7 387.8 376.5 361 345.3 329.8 321.8 318.2 307.6 299.7 317.7 327.3 334.4 339.1 340.1 336.6 348.5 357.3 362.9 373.4 382.2 392.2 400.4 409 417.1 426.9 433.8 440
