app/static/ascii/NN77.asc
ncols 200
nrows 200
xllcorner 270000
yllcorner 770000
cellsize 50
[rows 70 to 104 of 200, columns 78 to 155 of 200]
430.9 436.2 444.9 456 463.3 474.7 483 492.6 501 506.4 518.8 529.4 540.1 547.3 553.2 558.7 562.6 561.8 559.8 554.8 547.5 539.9 526.7 509.2 493.7 480.5 467.2 453.5 445.5 439.3 443.4 462.1 483.3 506.5 525.8 537.7 545.8 550.5 550.4 548 543 532.8 522.9 512.3 502.8 493.1 482.6 472.7 460.8 460.3 470.6 477.2 481.9 487.7 490.8 494 494 486 495.6 504.4 513.5 522.3 531 541.1 549.4 556.7 564.8 574.7 586.1 596.3 606.7 617.3 626.6 637.4 649.1 659.1 667.7 677.1
427.6 432.7 440.8 449.5 458.9 468 476.6 484.8 494.2 502.5 512.2 524.6 536.2 545 550.7 556.3 560.1 562.4 559.5 551.8 544.8 536.9 526 510.8 493 478.7 466.1 450.2 442.9 436.1 441.3 458.5 480.2 500.7 519.6 531.6 538.6 543.3 544.5 540.9 536 530 520.5 508.2 498.7 488.8 476.6 468.4 460.4 458.2 468.4 474.1 479.3 484.8 488.1 485 481.2 494 501.5 510.1 519.5 528.6 537.6 548.1 557 565.4 573.8 584.9 595.2 605.8 615.5 624.9 632.8 642.6 654.4 662.8 670.9 680.6
421.4 429.7 435.7 443.6 453.2 461.8 466.7 477.9 487.4 496.2 506.6 520.2 532.7 541.8 548 552.7 558.4 560.5 554.8 549.5 543.4 535.2 524.6 511.4 494.5 478.3 465.2 448.9 441 436.5 438.8 454.7 475.4 494.6 513 523.7 529.9 534.3 536.8 533.8 531.5 526.3 513.2 503.5 494.4 482.5 472.1 465 458.4 456.9 466.5 471.3 475.9 477.7 483.5 489 492.7 497.7 505.3 515.6 526.5 534.5 544.4 554.3 563.6 573.5 582.7 591.9 601.9 611.9 620 628.2 636.2 647 657.6 666.5 674.1 683.7
415.9 425.1 431.6 438.6 446.3 453.7 462.4 471.3 482.2 490.8 501.4 516.2 531.1 538.3 542.6 550.6 556.4 554.6 552.6 549.1 543.1 535.5 525.8 512.9 496.6 479.2 465.1 449.9 441.6 435.6 435.4 452.1 471.2 488.8 506.2 517.4 522 524.9 527.8 527.7 524.3 517.8 506.5 498.6 489.6 478.3 469.2 462.4 455 457.3 464.8 465.3 472.4 477.9 483.3 487.6 492.9 500.5 510.7 522.3 532.5 540.7 549.7 559.2 569.6 580.4 589.5 597.9 607.2 615.1 623.1 630.8 638.6 649 658.9 667.6 675.4 684.4
412 419.1 427.7 434.5 440.9 448.1 454.8 466.1 476.3 486.4 496.4 511.4 530.1 536.8 540.8 553 553.7 553.4 552.5 548.4 543.4 536.6 526.9 509.6 500.3 481.6 465.3 452.7 441.8 436.7 433.5 448.1 465.7 481.4 498.4 509.7 515.2 516.2 518.8 519.9 515.1 506.4 499.2 493.3 486 475.7 467.4 458.5 454.4 458.7 463.2 467.7 472.8 476.9 481.9 487.1 496.1 505.6 517.3 528.6 537.9 545.9 554.2 563.6 574.5 584.9 594.3 602.5 609.2 616.8 623.8 631.3 639.3 648.7 657.9 665.5 673.7 683
410.6 415.3 421.8 429.6 434.6 440.2 448.1 458.8 469.1 481.5 492.8 505.7 523.9 535.1 539.3 548.5 552.2 552.4 551.1 548.5 543.9 538.6 530.6 518.8 504.3 487.4 469.8 453.5 440.6 431.6 431.4 442.9 460.1 475.5 490.6 502.6 508.3 509.4 509.7 510.9 507.6 501.4 497.2 491.4 484.8 475.2 464.5 453.5 454.6 457.6 463.6 468.1 472.3 475.9 481.2 490.4 499.3 509.9 521.3 533.9 543.7 551.1 559.1 568.9 578.8 588.3 597.4 604.7 610.6 616.5 622.8 629.9 637.5 646.7 655.9 663.2 670.7 680
408.5 412.5 417.4 424.5 429.4 434.4 443.1 453.5 462.4 476.3 488.6 501.1 516.2 528.7 537.3 546 550.5 550.8 551.6 549.4 545.4 540.5 533.2 523.2 509.8 490.5 473.6 457.9 440.2 433.8 430.5 437.3 452.5 467.1 481.6 494 501.1 502.7 502.2 503.6 501.6 499.9 496.2 489.9 482 472.4 463 451.6 453.6 457.6 463.2 467.4 471.5 476.5 485.2 493.8 503.3 516.3 527.6 538.7 547.7 555.1 563.3 572.2 581.5 590.6 598.6 604.8 609.8 615.1 620.6 626.7 633.1 642 651.3 658.6 665.5 673.6
406.1 409.4 415.3 419.7 424.1 428.3 438.4 447.9 456.9 470.8 483.8 496.8 510.1 524 535.2 541.3 546.7 548.8 553.3 552 548.4 542.8 535.9 526.6 514.2 495.1 476.5 460.8 443 434.1 428.9 431.4 446.3 459.2 472.4 484.3 492.3 495.8 495.9 497.1 498.1 497.9 493.6 486.7 478.5 469.7 460.3 450.2 452.7 455.7 461.3 467.1 472.5 480.3 489.7 498.1 509.1 521.1 532.4 542.6 551.7 558.4 566.4 575.5 583.7 591.6 598.6 604 608.1 612.8 617.3 621.8 626.9 635 643.6 650.3 658.7 666.3
404.6 406.7 412.9 414 420.1 424.5 432.4 441.3 450.8 465 477.5 492.4 504.3 517.9 529.4 536.8 543.1 548.5 553.4 553.5 550.6 544 537.2 529.3 517.8 501.4 482.3 464.8 447.5 435.1 430.6 427.5 438.8 452.6 463.7 474.4 482.7 486.9 489.1 490 492.3 493.9 490.3 483.1 476.6 468.5 458.5 449.6 451.1 455.4 460.9 467 473.1 482.7 492.7 504.4 514.9 526.1 537.1 546.5 555.4 561.7 568.6 576.2 583.9 590.4 596.8 601.5 604.9 608.3 613.4 617.4 622 628.1 637.4 645.1 652.2 660
403.9 404.4 409.2 412 414.9 421.6 427.7 437.3 446.3 459.4 473.1 485.8 498.1 511.1 522.8 532 539.5 547.6 552.7 554.2 551.2 545.3 539.6 532.1 520.9 506.7 488.8 469.8 452.9 437.5 431.8 425.8 433 445.5 456.4 465.3 473.2 478.2 481.6 483.5 485.3 487.7 486.4 478.8 472.9 465.9 457.2 448.3 449 453.8 459 466.4 474.1 484.2 495.1 507 519.4 530.7 541.6 551.1 558.7 564.8 570.6 577.1 582.7 589 594 597.9 601.5 606.3 609.8 613.7 617.2 623.7 630.7 639.3 647.9 655.7
403 403.7 407.4 409.2 413 420.1 424.3 432.1 439.4 452.4 467 478.8 491.8 503.6 516.1 528.8 535.2 544.9 551.9 554.2 551.8 546.8 539.9 533.4 523.9 511.8 495.3 476.5 460.7 443.2 432.2 428.4 427.5 437.8 448.2 457.2 465.1 470.3 474.1 477.2 479.4 482.2 479 474.6 469.5 462.4 454.8 447.6 447.7 451.8 459.3 467 477.8 487.8 499.7 511.7 521.6 535 544.4 553.2 561.2 566.6 571.4 577.1 581.9 586.4 592 595.5 598.8 602.2 606.3 609.4 613.5 618.5 625 632.7 641 647.4
402 402.4 406 406.6 410.4 413.6 417.1 426.1 435.9 448.6 460.9 472.5 485.3 496.4 510.1 522.6 530.8 541 549.6 553.2 551.7 546.5 540.1 533.3 526 516 502.3 483.9 468.2 450.4 435.6 425.6 423.9 430.3 439.5 447.2 455.1 462 467.3 470 472.7 475.9 474.4 471.7 465.8 458.7 452.7 449 444.7 445 458.5 468.3 479.8 491.8 504.2 516.5 528.6 538.5 548.1 555.8 562.8 567.3 572.1 576.9 580.9 584.4 588.8 593.1 596.1 598.2 602.4 605.8 608.7 612.7 619.9 626.5 633.7 638.7
406.4 400.4 399.4 404.6 407.7 409.6 416.2 422.6 431 443.1 453.9 467.1 478.9 489.9 502.4 514.2 526.2 534.9 546.2 551.4 551.9 547.1 538.8 532.8 526.7 518.5 507.8 489 474.2 459.1 436.5 429.4 424.3 423.9 431.7 438.3 445.8 453.3 459.6 463.5 466.9 470.9 470 466.3 460.6 455.4 450.8 448 444.6 445.3 459 469.3 482.3 495.3 508.2 520.9 531.8 542 550.5 557.8 563.8 568.8 572 576.3 580.2 582.2 586.3 589.9 592.7 594.6 597.8 601.7 604.8 609.1 613.9 619.1 629.1 642.7
409 405.3 400.3 400.1 405.4 406.3 412.8 418.9 425.7 436.2 446.7 460.4 471.8 483.7 494.6 507.9 521 530.2 541.4 547.4 549.4 546.7 538.6 532.7 527.2 519.9 511.1 493.8 478 465.2 451.9 432.1 426 421.3 425.9 431.4 438 444.8 451.5 457.8 460.6 464.1 463.1 460.6 455 450.4 449.2 446.8 442 445.2 459.2 471.1 484.7 498 511.2 523.9 535.2 543.9 553 559.2 565.2 569.3 573.3 576.4 578.8 580.7 583.3 585.7 588 590.2 593.3 596.7 599.5 603.2 610.7 620 631 642.4
413.5 409.4 402.2 399.2 400.7 402.1 408.3 413.6 419.7 430.2 440.7 453.1 464.8 476.6 487.9 500.1 512.6 525.5 534 542.4 545.5 544.1 537.6 531.8 527 520.2 511.6 496.4 483.1 470.5 458.9 441.8 429.9 422.4 422.1 426.7 432.2 438.6 445.1 450.7 456 458.7 458 455.5 450.8 448.3 448.6 444.8 441.4 447.7 460.3 473.7 487.3 500.6 513 525.4 536.1 544.1 552.5 559.6 565.8 570.6 573.8 576.5 578.5 579.6 580.6 579.8 583.1 585.4 588.4 590.1 596.8 603.4 610.4 619 629.3 641.3
420.5 410.9 408 397.3 402.3 398.4 402 408.7 416.5 424.6 435 444.9 457.6 469.5 481.1 492.1 504.8 517.6 528.5 538 541.7 542.6 536.9 530.5 525.8 519.7 510.6 498.1 485.1 473.6 462.7 451.5 438.9 429.6 417.3 421.2 427.2 432.8 439.1 444.2 449.1 453.9 452.9 451.8 448.5 446.7 446.7 440.4 439.8 449 461.6 476.3 490 502.4 514.7 526.2 536.2 544.7 552.2 559.5 565.5 570.4 573.7 576.2 578.1 578.7 577.6 577.9 578.8 580.6 580.8 585.7 593.6 600.5 607.5 613.8 624.4 636.6
426 412.2 406.7 403.4 396.9 400 397.1 407.2 413.3 418.4 427.9 437.9 447.6 460.5 472.5 485.4 496.9 508.4 519.8 529.9 539.5 540.9 535.5 528.7 522 516.2 507.6 498 486.5 475.6 465.1 454.4 443.6 431.3 423.8 416.6 424.3 429 433.7 439.3 444.3 449 450.1 448.4 446.6 445.5 444.5 440.2 438.9 451.1 463.7 478.3 491.8 504.3 516.1 527.6 537 544.7 552 558.5 564.7 570 573.2 575.6 576.8 575.6 574.6 572.7 573.6 574.4 577 583.3 589.3 595.9 603.7 610.3 620 632.2
430 420 412.1 400.6 394.6 394.1 396.3 403.6 408.4 412.8 422.7 427.2 438.7 451.9 463.4 476.7 488.1 500.2 509.5 521.1 528.2 531.8 531.4 527.2 517.5 510.1 505 497.9 486.7 475.6 465.9 455.7 447.3 434.5 427.5 417.4 416.7 425.7 430.6 436.9 442.4 446.8 448.2 446.8 445.5 444.5 442.6 438.3 438.3 453.4 466.3 480.2 494 506.4 517.9 528.3 536.5 544.1 550.7 556.8 562.5 568.1 572.3 574.2 573.7 569.9 567.2 565.4 567.4 564.8 575 579.9 584.7 591.8 600.1 607.7 617.3 630.7
437.3 425.7 417.9 407.7 397.6 394.9 396.7 396.7 405.5 411.1 415.6 421.6 432.6 442.4 454.3 468.7 480.7 492 502.9 512 520 523.5 524.2 521.1 513.3 505.4 500.2 493.9 485.4 475.8 466.6 456.2 446.9 433.7 427.2 423.1 415.6 423.3 429.9 436.9 442.9 446.5 447.7 446.6 445.5 443.9 440.9 436.9 439.3 454.8 469.1 483.4 496.8 508.8 520.1 528.3 535.9 542.3 548.5 553.7 557.2 560.5 565.9 567.6 565.7 562 558.8 558.8 557.7 565.7 572.9 577.9 581.6 588.6 596.2 604.7 615.5 629.3
446.3 432.3 422.3 414 404.8 394.2 391.5 391.7 397.5 406 409.4 415.6 422.3 432.1 446.2 459.4 471.8 484.3 495.8 505 512.6 515.5 514.5 512.4 507.9 500.5 495.6 490.7 483.3 475.1 465.7 454.5 443.4 434.5 425.8 421.3 414.4 425.5 430.5 437.4 444.6 448.2 447.8 446.1 445 442.4 439.1 436.1 445.8 457.6 471.6 486.6 499.4 510.7 521.1 528.4 535.1 541.4 545.2 548.5 550.3 554.2 555.9 558.9 557.2 554.2 552.2 550.3 558.1 564.3 569.6 574.7 580.2 585.8 594.1 601.5 612.6 624.8
451.9 440.6 427.2 417.9 412.9 405.3 390.5 390.6 387.7 398.2 405.3 407.5 418.3 426 436.3 450.8 463.7 476.3 486.9 496.6 505 508.5 507.1 505.5 502.2 495.3 489.9 485.3 478.9 471.1 462.8 452.5 440.7 433.7 424.7 417.8 413.2 428.4 432.5 439.3 446.4 449.4 448.8 446.8 444.5 441.3 436.8 434.4 446.8 458.8 474.1 489.1 501.8 511.7 520.9 526.5 533.4 539.8 542 544.4 545.7 549 550.1 550.5 549.5 547.6 546.8 548.8 554.8 560.6 565.9 572.5 578.3 584 589.9 596.9 608.1 619.4
457 446.9 433.5 422.3 413.9 408.4 406.9 399 388.3 389.4 395.3 406.7 409.3 418.1 424.7 441.8 455.3 468.2 479.3 487.7 496.1 502.2 502.4 501.3 497 490.8 484.4 479.9 473.8 467.1 462.7 450.3 437.4 428.1 420.3 407.6 424.1 429.7 433.5 441.5 448.4 451 449.9 447.1 443.4 439.2 433.4 433.4 447.9 460.5 475.7 489.9 502.8 511.9 520.4 525.3 531.4 536.6 538.4 539.7 541.5 544.3 545 545.4 544.8 542.2 542.6 548.5 553.1 557.7 563.2 569.4 575.9 581.6 587.8 594.8 606.1 615
462.3 452.5 440.1 427.2 420.2 413.1 409.7 405.8 390.9 386.6 387.7 404.4 404.9 415.4 420.9 433.4 446.6 459.3 470.8 479.5 487.7 496.2 498.8 496.3 491.8 486.3 479.6 474.5 469 462.5 455.5 447 434.1 424 416.4 402 424.1 430.5 437 445.1 449.1 450.6 449.7 445.5 441.1 434.7 432.3 437.1 449.6 461.8 476.9 490.8 503.4 513 519.9 524.8 528.4 532.4 534.5 535.6 537.7 539.7 540.2 540.7 540.1 538.2 541.4 546.3 550.9 555.5 560.2 566.5 573.6 580.9 587.2 595 602.2 610.1
467.3 455.7 445.7 436.4 422.3 418.1 409 402.6 402.6 384.1 385.4 395.3 402.3 406.9 410.7 423.3 434.8 450.2 461 470.8 479.6 488.6 492.4 490.9 486.7 479.6 475.1 469.8 465.7 458.4 450.2 442.9 431.4 420.1 401.6 413.2 426 432.7 441.7 447.7 450.1 450.5 448.7 445.2 441 433.3 431.4 438.9 449.8 464 478.6 491.5 505.9 513.3 517.4 521.7 525 527.6 529.4 531.3 533.3 534.8 535.4 535.9 535.9 534 538.7 543.6 548 552.7 558.1 563.9 571.2 579.1 585.1 592.3 598.2 606.1
468.7 462.6 452 440.1 429.4 421.5 414.9 410.5 403.9 397.7 385.7 381.2 391.3 397.4 406 413.7 428.5 441.1 452 462.5 470.8 479.7 485.4 484 481 475.5 470.4 465.5 461.7 454.1 446.8 437.9 426.6 416.7 400.8 418.9 427.3 436.9 445.2 449.1 451.7 451.1 448.7 444.9 439.7 432.6 429.8 433.2 450.3 465.4 480.7 493.4 502.7 509.3 513.7 519.1 521.6 523 524.7 526.6 529 529.9 530.4 530.9 531.9 532.2 536.1 540.9 546.9 552.3 557.1 562.1 569.6 577.3 583 588 594.2 600.8
479.7 466.9 455.7 449.4 439.7 429.9 419 413.6 407.4 401.9 393.3 384.8 379.6 389.9 396.8 406.5 418.4 431.4 442.8 453.1 462.1 470.7 476.6 477.8 475.8 471.3 465.8 461.6 457.3 450.7 443.2 432.9 420.7 404.3 408.7 422.5 430.8 441.7 448.9 452 453 451.7 448.6 443.8 438.9 433.8 428.9 439.4 451.6 467.3 480.5 491.1 499 505.1 510.9 516.3 518.7 519.3 520.1 522 524.6 525 525.5 526.2 525.3 530.7 535.5 540.6 545.3 551.1 556 560.8 567.5 574.4 580.4 585.5 590.6 595
483.2 474.2 466.1 456.6 447.6 438 426.1 416.6 410.8 405.4 399.8 391.3 381.6 384.9 388 400.4 408.5 422.4 434.7 444.9 453.8 461.7 468.7 470.8 470.1 467.1 461.8 457.3 452.8 446.7 438.3 428.2 416 397.3 416.7 426.3 435.8 446.7 452.9 455.4 454.6 452.1 447.7 442.5 438 432.6 427.7 440.9 453.9 467.5 481.1 491.1 499.1 504.3 509.7 513.9 515.5 516.4 516.4 517.6 520.4 521 521.7 520.7 525.5 530.3 534.7 539.2 544.3 549.7 554.5 559.4 565.4 571.9 577.3 581.8 586.2 589.2
489.9 481.1 472.9 463.4 454.3 443.7 433.5 422.2 413.3 408.1 401.2 397.3 388.3 379.4 381.9 390.8 400.7 414.4 425.9 437.3 446.1 454.7 461 464.2 463.1 462.1 457.1 453.1 448.2 441.4 435.1 423.4 407.6 409.9 420.8 429 441.6 451.1 456 457.9 456.2 453 447.7 441.9 437.2 430.4 427.1 442.5 455.5 469.2 481.3 490.5 498.8 503.9 509 511.7 512.1 512.9 513.3 513.6 517.1 517.9 518.6 520.6 524.6 528.4 532.3 536.8 541.9 548 554.2 558.4 563.9 569.7 574 578.2 582.3 584.5
494.4 487.4 479.5 471 461.7 451.4 441.3 430.7 418.9 412.6 405.2 400.2 396 378.9 376.5 381.7 391.8 404.5 418.3 430 438.7 447.8 453.6 457.6 457.6 457 452.2 447.2 441.7 435.5 428.5 417.1 392.8 418.7 424.7 433.2 446.8 455 459.1 459.9 458.3 453.7 447.9 442.1 436.7 429.2 427.8 443.5 457.5 471.3 480.8 489.2 497.7 503.8 506.6 509.6 510.1 510.5 510.4 511.4 513.2 514.8 514.8 519 523.8 526.6 531.2 536.8 541.9 547.3 553 557.9 562.1 567.3 570.9 575.3 577.6 579.8
497.6 490.7 483.7 476 468.6 458.3 447 434.7 427.9 417.5 409.4 404 399.4 394.9 386.7 378.3 376.5 393.5 408.5 422.4 432.3 439.7 446.3 450.1 451.8 451.1 446.7 441.4 435.6 428.8 420.7 408 405.7 419.3 426.6 439.1 451 458.4 461.4 461.4 458 452.8 447.6 442.3 436 426.9 427.3 444.5 459.1 472.5 481.4 489.1 498 502.9 505.2 508 508.3 508.2 507.9 509 510.1 511.9 514.3 518.7 523 526.2 531.5 536.9 542.1 547.5 552.8 557.2 560.8 564.3 567.9 570.5 573.2 575.6
500.1 493.7 486.7 480.6 471.3 463.6 451.4 445.6 435 424.5 415.9 407 402.3 397.7 393.5 390.9 379.7 383.6 400.5 413.8 426.5 431.4 438.1 442.7 445.5 444 438.9 435.1 428.9 421.3 413 397.8 408.6 417.5 432 444.8 454.6 459.9 462.2 461.3 457.2 452.4 448 443.8 437.3 422.8 427.9 445.8 461.1 472.7 482.2 489.9 496.2 500.7 503.6 506.1 506.7 506 505.6 506.1 506 511.9 515.3 519.5 523 526.6 532.4 537.2 542.3 547.8 552.7 556.7 559.3 562.4 564.9 567.4 570.9 572.8
502.1 495.8 489.4 482.5 475.1 463.9 456.6 449.1 440.3 433.9 422.6 412.9 405.2 400.5 396.2 392.6 379.4 376.4 390.1 405.8 417.7 425.3 430.6 434.9 436.8 435.4 431.5 427.4 421.3 414.4 403 387.5 407.7 426.5 440.8 450.1 457.3 460.8 462.7 460.7 455.9 451 446.7 443.2 438.7 422.8 433.6 448 462.4 473.5 482.5 489.6 495.7 500 502.1 503.8 504.6 504.3 503.2 504.7 507.7 512.3 515.9 519.4 522.9 527.2 533.2 537.8 542.8 548.3 552.4 555.5 558.1 560.7 562.9 564.5 567.2 569.6
504.1 497.7 491.9 485.9 478.5 472 461.9 453.7 446.3 440.5 428.7 419.2 409.7 402.8 398.8 395.3 380.5 372.9 382.1 396.5 408.7 417.8 424.7 427.2 428.6 426.5 424.6 421.8 415.6 407.5 393.5 404.1 418.1 435.6 446.2 454.8 458.5 462.3 463.2 460 455 449.5 444.8 441.7 435.1 422.5 435.7 450.5 463.8 474.6 482.3 489.8 495 500.2 500.7 501.7 502.1 501.8 497.9 503.8 507.6 511.4 515 518.4 521.9 527.9 533.6 538.9 543.9 547.6 550.7 553.6 556.4 559 560.2 561.5 563.9 566.2
506.4 500.2 494.1 489.2 483.7 475.8 466.4 457.4 450.2 442.8 433.2 422.5 414.6 406.5 400.6 396.7 390 368.6 372.8 385.1 401.3 409.8 416.6 420.4 421.6 420.2 420.1 420.1 410.4 398.5 385.7 409.8 429.3 443 450.7 458.1 461.7 463.8 463.2 459.8 453.9 447.8 443.3 440.1 428.3 420.5 438.1 453 465 475.7 482.5 489.4 493.9 499.2 500 500.1 498.6 498.8 499.5 503.4 506.5 509.9 514.6 518.9 523.5 529.6 535.2 539.8 543.2 546.5 549.1 551.2 553.8 556.3 558.1 559.1 560.9 563.1
507.9 501.9 496.4 490.9 485.3 478.9 470.6 461.3 452.1 444.6 436.6 426.5 417.1 408.3 402.9 398.5 393.3 385.2 369.4 380.6 392 402.5 410.3 414.3 415.1 414.1 415.1 411.4 399.7 381 395.9 421.1 438.4 447.5 454.9 461.1 463.2 464.1 462.8 459.2 452.4 445.5 440.8 436.6 419.1 420.1 439.8 454.3 466.4 474.9 482.3 488.2 492.8 497.3 498.7 498.4 497.7 493 499.5 502.1 504.5 509.9 515 519.5 524.9 530.3 537.9 541.2 542.8 544.8 547.2 548.4 551 553.3 555 556.4 558.1 560.5
