app/static/ascii/NN78.asc
ncols 200
nrows 200
xllcorner 270000
yllcorner 780000
cellsize 50
[rows 105 to 139 of 200, columns 78 to 155 of 200]
668.9 703.7 730.3 742.3 743.2 741.7 736.8 747.2 755.6 760.4 765.9 771.2 775 781.2 789.2 795.6 798 798.6 785.6 750.2 711.4 674.5 636 607.9 574.5 537.2 501.6 476.1 454.4 440.2 434.9 436.4 435.7 435.3 435.5 436.3 437 438.1 441.5 445.2 453.4 460.4 466.2 485.6 505.3 532.4 555.2 580.1 607 631.6 655 683.4 711.8 739.6 768.9 790.7 799.3 804.8 809.4 811.8 813.7 814.4 815.1 814.2 811.3 808.3 806.7 803.8 801.5 799.3 796.4 793.6 791.4 790.1 786.1 767.9 782.1 792.3
642 665 682.3 700.4 705.6 714.7 711.7 728.1 747.6 755 762.3 770.9 775.7 782.2 789.5 796 800.3 803.3 789.1 751.2 716.4 681 649.2 621 581.8 542.3 501.9 473.8 455.1 441.8 435.4 436.6 436.3 435.8 436 436.4 436.6 438.3 441.4 445.3 450.2 455 467.7 486.2 508.5 535.5 561.8 588.6 621.6 650.4 677 704.9 734.1 749.4 778.6 793.6 801.8 806.9 809.9 811.2 811.3 811.9 811.9 811 809 807 804 803 801.7 799.2 795.9 792.6 787.3 779.6 776 767.9 785.6 790.6
611.4 629.2 642.4 654.9 664.9 677 683 692.4 723.5 739.4 749.9 757.8 764.4 774.2 783.3 791.5 797.3 801.2 783.2 749 717.4 691.6 661.1 624.2 586.4 546 504.9 473.8 457.6 443.6 438.7 436.6 436.3 436.3 436.2 436.9 437.1 437.9 440.7 444.5 446.9 451.9 462.8 482.5 503.6 533 563.8 593.6 628.8 661.2 690.3 720.8 745.6 758.7 780.7 795.2 803.3 806.7 808.9 809 808.4 808.3 807.4 806.9 805.7 804 802.5 801.7 799.8 797.5 794.7 791.3 788.4 783.8 771.9 773 783.5 789.4
578.6 597.3 606.5 618.4 627.3 637.6 648 661.8 687.6 708.2 724.5 736.1 746.5 761.2 775.5 785.3 792.1 787.2 761.6 740.9 716.7 678.9 651.6 618.4 580.1 540.2 500.5 471.4 452 444.5 442.3 437.1 437.5 437 437.4 436.7 437.8 437.8 440 442.8 444.4 451.7 463 473.5 493.7 525.7 560.4 592.4 625.8 660.7 694.5 724.8 746.6 761.9 780.9 794.3 801.7 804.9 806 806 805 803.4 802.5 801.4 801.6 800.6 799.9 798.8 797.3 796 793.2 789.9 786.8 783 770.8 770.1 783.2 790.4
559.3 565.1 575 583.5 590.3 599.9 612 629.9 650.6 673.5 695.4 707.5 724.6 744.4 758.6 766 773.7 770.7 754.4 741.7 712.2 674.1 632.6 598.1 565.2 527.4 491.6 467.4 447.2 445.5 442.5 437.2 437.9 437.6 437.8 438.9 438.6 438.8 439.4 440.7 443.3 448.8 458.3 481.8 507.1 526.9 547.5 585.6 618.9 650.3 681.6 717.8 749.8 765.9 781.6 791.1 797.4 800.7 802.2 801.9 800.9 798.9 796.7 796.2 796.6 796.3 796.1 795.8 795.1 793.7 791.6 788.4 784 779.3 763.1 775.9 784.1 787.7
565.1 549.6 548.4 553.2 557 566.6 579.8 599.8 616.4 637.9 659.5 676.7 695.2 716.4 724.6 730.2 753.6 765.4 745.8 721.1 695.5 661.9 633.5 598.3 556.4 515.8 489.2 463 447.5 445.5 442.5 437.6 438.4 438.9 439.1 439.3 439.3 439.6 439.1 439.9 441 442.9 454.4 486.2 518.3 545.3 571 581.2 607.2 645.1 680.7 717.6 752 765.5 777.9 787.2 792.4 794.6 796.4 796.2 795.3 792.8 790.6 792.3 793.1 794.2 794.3 794.1 793 791.7 789.9 786.2 780.3 771.7 756.6 778.3 785.7 789.1
566.5 546.9 542.1 539.1 539.3 539.3 550.7 568.2 585.7 602.6 622.9 648.2 661.9 679.3 686.3 704.7 739.2 738.6 721.7 698.5 671 646.2 614.7 589.3 551.9 514.6 479.1 450.6 447.7 446 443.1 437.9 439.5 439.8 440.3 440.2 440.2 440.4 440.3 440.4 441.8 441.7 460.4 492.7 525.5 554.7 582.2 610.4 623.6 645.4 685.8 724.2 753.4 764.4 771.8 780.3 786.4 789.2 790.2 789.8 788.3 786.9 786.9 789.3 790.3 791.5 792 791.9 790.8 789.6 787.1 783.7 775.2 757 770.9 782.9 785.7 788.9
569.6 546.4 537.7 530.3 538.5 530.5 528.2 540.4 555.6 572.5 591.7 609.7 626.7 640.9 652.3 689 703.9 703.6 688.6 668.8 643.4 618.8 598.1 567.9 533.8 499.8 465.3 449.8 448.9 447.1 443.7 438.9 439.7 439.8 440.4 440.7 441 441 440.9 441.3 442.5 441.2 465.9 497.3 529.9 560.6 592.3 626.3 651.4 650.6 684.3 728.1 753.5 762.3 767.4 772.3 777.1 780.8 782.6 780.8 781.2 781.9 783.1 786 787.2 788.4 789.1 788.7 788.2 786.2 783.3 778.9 763.2 762.7 778.6 784.5 786.7 788
573.8 548 535.5 530 523.1 518.5 520.5 520.3 528.6 544.8 560.7 579.2 593.4 603.8 631.2 658.7 668.4 664.2 652.1 635.1 613.2 593.4 573.4 541.4 512.2 481.7 452.6 450.1 450.8 447.1 443.9 444.2 440 440 440.5 440.9 441.2 441.2 441.4 441.3 442.3 442.4 472.1 503.9 536.3 566.6 600.4 637.2 672.5 697.3 705.7 732.9 745.2 757 762.1 765.3 768.9 770.9 770.6 774.8 776.6 778.2 780.4 782.2 783.4 784.9 786.2 785.8 784.8 783.1 778.1 764 747.7 772.4 780.2 784 785.5 786.3
571.7 558.1 566.1 558.4 551.8 530.9 516.8 512.1 512.2 519.3 533.7 547.3 561 578.3 605.1 620.6 629.4 625.8 618.3 602.5 584.4 564.6 541.7 514.4 486.3 469.2 453.4 449.1 447.6 443.3 445 444.9 440.9 440.3 441 441.2 441.6 441.8 442.1 442.5 442.9 457.6 480.6 509.6 541.3 575.2 609.1 644.5 683.4 723.9 743.2 747.3 739.8 746.9 755.4 757.2 757.8 761.8 767.7 771.8 772.8 775.6 778.4 779.5 781.1 782.6 783.6 783.5 782.8 779.8 766.3 745.9 765.7 774.2 778.8 781.5 782.9 784.3
608.3 599.6 590.6 579.8 564.7 550.6 531.8 514.2 508.5 507.2 514.3 516.7 532.4 550.2 570.3 585.1 590.2 589.9 583.2 570.7 553.9 535.5 522.1 496.3 475.3 457.7 454.7 445.6 443.7 441.2 442 440.7 440.9 440.4 442 442 442.6 443 443.2 443.3 443.5 460.7 484.7 516.5 547.6 580.8 616.5 653.8 693.5 736.7 755.4 757.4 757.8 756.9 755.4 754.6 757.3 762.9 766.4 768.6 770.7 773.8 775.6 777.2 778.8 780.4 781 781.1 780.4 777.3 760.3 739.9 763.7 772.2 776 778.4 780.1 780.4
642.7 634.5 624.4 607.2 590.3 572.1 554.9 538 514.2 505 502 500 506.7 520.4 538.2 548.6 552.9 553.9 547.7 538.8 524.2 521.1 504.3 481.1 466.1 458.4 452.2 447 444.7 441.2 441.2 441.7 440.6 445.3 442.1 443.2 443 443.9 444.1 444 444.4 466.7 490.5 521.1 555.1 590.6 627.9 660 694.4 731.1 758.6 763.2 763.5 761.7 761.2 760.2 760.1 762.1 764.2 765.8 767.8 770.6 772.6 774.3 775.1 776.8 777.6 778.2 777.4 774.2 759.7 732.4 755.6 768.6 772.7 774.5 775.7 777
682.7 680.7 657.3 637.4 615 597.5 576.2 552.3 526.1 517 504 497.6 497.9 496.4 507.5 514.7 518.5 521 518 511.3 502.1 497 482 465.6 463.9 460 450.7 446.9 444.9 441.7 442.2 445.3 445.4 447.1 443.1 443.6 444 444.6 445 445 447.3 466 491.2 522.1 555.8 592.6 631.5 667.8 704.9 741.8 762.9 765.8 766.7 766.1 764.8 763.6 763.4 762.4 763.3 763.8 765.7 767 769.6 771.1 771.2 772.9 774.7 775 774.1 771.4 761 733.9 744.6 762.5 768.4 770.1 772.4 773.9
735.9 709 677.8 651.2 628.3 607.1 583.2 564.1 545.7 532.8 521.3 513.2 505.8 495.6 487.2 490.1 491.5 494.7 496.7 493.5 488 478.1 468.5 463.7 459.8 455.5 450.4 447.5 446 441.7 442.7 443.8 447 447.5 443.7 444.2 444.6 445.3 445.4 445.5 452.6 469.7 490.2 523.6 560.2 599.5 640.4 678.2 714.9 754.2 765.4 767.7 768.3 768.1 767.2 766.1 764.7 763.5 762.5 763.1 764.5 764.7 767.1 767.6 768.7 770.3 771.6 771.7 770.8 767.2 759.3 732.6 736.3 754.5 762.7 767.1 769 770.5
745.8 714.3 679.6 652.2 633.1 617.3 599.8 583.9 571.9 558.6 546 530.3 516.5 504.3 495.7 484.8 474.7 476.9 477.8 479.4 477 473.9 475.2 465.9 457.3 452.4 449 447.9 446.9 444.4 443.7 443.5 448.2 448.8 444.8 444.5 445.4 445.6 446 445.9 457.2 476.7 500.4 531 566.5 603.6 649.4 687.9 723 757.1 766.2 769.3 769.2 768.7 767.7 766.2 764.4 762.8 762.2 762 762.2 762.4 763.9 764.7 764.7 766.1 767.6 766.8 766.3 763.9 757.7 733.5 730 748.9 758.7 762 762.8 766.2
746 714.8 685.1 659.8 643.8 628.5 613 604.4 589.9 574.1 560 545.3 530.9 516.2 503.5 494.5 482.5 471.8 470.6 475.4 477 474.5 468.4 463.9 453.9 451.3 449.3 448.2 447.1 446.1 444.7 443.8 447.6 449.2 448 445.4 446.3 446.9 447.3 446.5 461.6 485.8 510.4 537 570.2 607.9 646 684.4 723.7 755.5 765.7 768.3 766.8 766.2 764.5 762.9 761.2 759.1 759 758.7 758.6 759.5 759.6 760.5 760.7 761.6 762.5 762.3 761.7 759.5 754.5 732.3 724.2 741.7 751.4 756.1 756.1 760.5
750.8 720.7 692.7 673.1 654 646.2 639.1 624.5 601.3 583.5 567.3 551.7 538.5 528.1 515.3 503.6 491.7 480.9 467.1 468.2 470.4 473.6 458.1 455.6 453.9 451.8 450 448.3 448.6 445 443.8 446.1 447.8 449.2 449.1 446.6 447.3 447.5 447.3 447.4 463 487.8 509.4 544.7 579.7 615.4 655.7 694.5 731 752.5 761.2 761.9 760.5 759.4 756.4 751.7 755.7 755.2 755 754.3 752.9 753 754 754 755.2 756.7 756.4 756.5 756.5 755.7 752.2 741.8 711.6 716.2 724.9 734 744 754
759.1 730 702.8 682.6 676.5 666.1 652.4 639.8 619.6 595.3 576.2 556 541.1 531.1 521.2 510.9 498.9 487.4 478.2 463.6 464.3 460.8 458.8 456 454.2 452.4 449.9 447.2 445.6 449.2 451 451.2 449.7 450.6 446.9 447.3 448.1 448.3 448.2 448.9 468.4 490.9 516.8 549 584.8 630.5 676.1 708.5 728.1 742.6 748.2 745.7 750.7 751.2 747.3 749.3 751 750.9 749.5 747.9 743.8 742.5 740.3 742.4 742.7 743.5 744.6 750.6 751.3 752 750.2 744.9 740.7 726.4 699.1 702 734.4 735.1
768.1 743.2 731.3 712.8 700.9 688.6 671.1 656.5 639.2 615.9 591.1 567 544.2 533.5 523.2 508.5 496.8 487.9 481 462.2 461.8 460.4 458 456.1 454.7 452.6 448.5 445.5 450 455.7 456.8 455 452.5 450.5 447.1 447.5 448.8 448.3 449 453.5 472.8 495.5 526.6 559.7 595.5 635.7 680.6 712.6 722.3 730.3 724.5 738 739.9 741.5 740.6 742 741.7 742.3 734.4 736.4 742.3 746.7 749.6 752 753.7 754.9 753 746.9 753.6 753.5 752.4 751 747.3 735.6 721.1 690.6 708 704.9
788.7 777.1 763.6 747.7 735.8 716.4 693.5 671 654.2 634.5 609.1 579.1 552.7 533.7 522.4 510.7 498.9 487.1 475 459.9 459.5 458 456 455.4 454.7 454 448.1 445.8 445.6 455.6 457.4 456.1 455.1 453.7 448.3 447.5 449.7 449.1 449.7 452.5 476.4 504.8 537.8 573.3 609.2 650.4 691.3 707.2 709.8 717 724.4 730.8 733 732.7 731.9 729.8 724.9 724 737.6 745.4 748.8 751.1 753 754.3 756.3 757.1 756.3 753.2 752.9 752.8 752.4 751.9 749.2 743.9 729.5 697.6 683.3 691.4
800.2 803.5 796.9 784.1 770.7 743.3 717.1 693.1 668.9 646.3 617.2 585 558.4 536.1 521 508 494 481.5 461.2 457.3 457.6 456.1 454.3 454 453.9 454.3 451.8 450.5 445.5 455.5 455.2 455.2 455.6 454.6 452.9 448.9 449.6 449.6 451.8 455.2 478.3 512.2 548.6 584.1 621.4 667.5 700.9 702.5 709.8 712.7 718 715.2 704.4 710.5 702.9 701.4 725.2 738.9 745.2 749.1 751.8 754.3 756.1 757.1 758.5 759.5 759.3 756.5 754.1 754.3 753.4 752.7 749.4 741.9 721.2 691.2 692.3 719.4
800.9 807.3 812 811.8 794.6 765.7 742 717.3 689.7 657.9 624.4 591.3 561.1 535.9 519 502 486.9 467.4 455.8 455.8 455.6 454.3 452.3 452.9 451.9 452.2 450.4 446.9 444.8 451.4 454 454.6 454.3 452.8 453.3 449.7 450 450.3 452.9 459.1 483.4 518.4 557.2 599.4 637 681.7 701.4 697.8 701.5 704.5 700.6 683.6 665.2 681 699.4 721.4 734.7 742.3 748.1 751.8 754.1 756.1 757.7 759.2 760.4 760.6 760.7 759.1 758.1 756.8 755.2 753.3 748.5 734.4 708.4 677.1 692.1 726.8
799.6 805.6 808.2 799.4 789.4 779.9 757.1 728.3 695.4 660 623.2 587.5 554.1 531.7 510.6 493.2 474.9 453.4 453.7 454.2 453.3 452.9 451.7 450.1 449.9 449.6 447.6 446.1 445.3 447.2 451 453.5 455.3 452.2 454.2 450.8 451.2 451.3 452.5 459.6 482.5 520 564.7 604.5 641 667.6 675.7 668.8 672.3 673.3 668.3 647.6 680.2 706.8 721.8 730.1 738 744.6 749.2 752.7 754.7 757 759.3 760.9 761.9 762 761.9 761 759.7 758.3 756.3 752.9 741.8 716.4 671.5 659.3 710.2 733.3
795.7 801 801.5 797.4 784.9 775.7 750.9 720.5 684.9 650.2 612.2 574.2 542.6 520 498.9 480 462.6 451 451.8 452.2 451.9 451.8 450.7 449.8 448.7 447.5 446.8 445.3 449 450.9 452.2 452.3 452.4 453.5 455.1 456.2 452 452.2 454.7 456.5 483.9 521.1 554.8 592.2 619.1 639.8 644.3 639.7 637.4 635.6 621.1 652.7 688.4 716.2 728.7 735.9 742.2 745.6 749.6 752.4 755 757.7 760.2 761.8 762.5 762.9 762.8 761.6 760 757.6 754.1 744.2 719.6 690.1 653.5 674.5 715.8 740.8
792.6 795.3 793.8 789.9 779.7 762.3 734.3 705.9 670.3 632 595.9 560.7 529.1 505.6 482.6 466.3 449.1 449.4 450 450.4 449.9 450.2 449.8 448.8 448.3 447.2 446.1 455.9 457.4 457.4 457.8 457.9 456.9 454.7 455.3 455 452.5 453.5 455.9 455.4 475.5 507.3 541 568.2 588.6 604.6 612 606.2 592.6 589.9 633.8 668.3 697.8 722.2 732.5 740.5 745.9 748.6 751.1 753.5 756 758.5 760.3 761.4 761.9 762.3 762 760.4 756.9 751.2 738.2 722 697.3 668.7 644.2 682.4 721.5 747
786 785.4 780.4 774.8 763.2 743.4 710.8 679.4 649 613.9 580.6 548.4 518.1 493.2 474.9 456.4 447.5 448 448.5 448.6 448.2 448.1 448 447.6 447.1 446.6 453.3 463.5 464 466.2 467.3 468.3 464 459 456.3 454.6 452.9 452.4 455.3 457 462.8 493.7 521.9 544.2 562 577.4 586.7 571.6 577.4 613.8 646.6 675.3 702.8 719.9 733.6 741.5 746.4 749.3 752.1 754.6 756.5 758.1 759.3 759.9 760.4 760.4 757.7 753.6 741.7 726.5 712.2 697.4 673.9 646 655.3 700 732.8 751.6
774.8 772.6 761.6 747.7 732.2 718 691.1 658.8 627.7 596.2 563.8 533.4 506.8 483.6 463.4 452.7 442.5 442.5 442.6 444.9 446.7 442.5 442.5 442.5 443.1 457.5 466.7 475.3 483.9 487 488.5 488.1 478 471.4 463.7 457.7 454.7 453.6 454.5 454.7 457.4 475.5 499.4 517.1 533 548.3 556.6 551.4 584.9 615 643.9 673.9 699.4 719.1 731.4 740 746 748.6 751.6 754 755.3 756.2 756.8 757.3 757 754.2 741 730.7 717.3 697.8 683 669.6 654.8 631.8 674.5 707.9 741.3 759
775.3 743.7 724.2 709 697.2 686.9 667.8 642.4 610.1 579.6 549.6 521.4 495.1 472.3 454.7 442.5 442.5 442.5 442.5 442.5 442.5 442.5 442.5 442.5 455.1 471.3 481.6 492.8 504.3 512.1 515.4 513.7 497.6 489.6 478.3 465.1 461.3 457 455.3 455.4 456.3 459.1 471.9 487.9 503.8 517.7 525.6 546.6 573.7 602.2 629.4 657 691.5 713.1 726 735.1 741 744.6 748.1 750.8 752.3 753.8 753.8 753 749.9 734 714.4 704.1 691.7 663.5 646.4 636.7 620.7 641.2 683.1 719.3 749.1 766.6
766.9 726.9 696.4 678.9 667.4 655.6 641.8 621.2 593.4 563.3 536.1 509.4 484.6 467.3 448.7 442.5 442.5 442.5 442.5 442.5 442.5 442.5 442.5 453.4 472.3 489.6 501.7 515.6 528.4 539.1 546.4 542.1 525.6 510.2 494.3 481.3 467.6 459.6 456.4 457 456.7 456.9 459.2 465.6 477.8 490.6 499.8 532.3 557.9 584.7 612.5 642.4 674.3 706.3 719.3 727.3 734.9 739.4 742.5 746 747.4 749.1 748.8 743.4 727.5 709.6 689.8 675.2 664.4 641.5 600.6 608.6 627.5 657.6 692.5 727.2 757.7 775.9
759.9 712.2 683.1 657.8 640.1 633.7 619.8 597.4 573 545.5 521.6 496.8 471.3 456.8 442.5 442.5 442.5 442.5 442.5 442.5 442.5 442.5 457.7 472.7 489.9 508.1 526.8 540.3 554.7 569.7 576.2 569 551.6 534.1 518 501.6 486.4 470.4 457 458.1 457.2 458.5 459.7 464.2 471.2 476.6 493.6 517.5 541.8 568.1 596.9 627.1 655.1 687.8 713.2 721.6 726.2 731.8 734.9 738 738.7 740.9 736.9 721.4 701.7 682.4 669.3 647.8 636.9 602.5 611.4 645.6 659.2 680.7 712.4 742.1 769.6 781.2
752.4 733.3 694.9 664.1 640.5 616.4 596.6 573.4 553.5 530.7 509.4 485.4 465.7 448 442.5 442.5 442.5 442.5 442.5 442.5 442.5 458.7 471.9 488.9 510.6 531.9 551.7 569.4 585.8 602.1 611.6 599.3 581.2 562.1 541.4 522 507.4 490 470.3 458.6 458.4 459.2 460.1 463.8 467.5 469.7 477.3 498 524.5 552.2 580.7 609.6 636.4 665.9 696.5 712.3 720 724 722.6 728.1 730.3 729.7 713.9 695.9 674 657 648.8 631.3 601.9 590.2 631.2 664.8 694.1 715.9 737.4 763.2 780 783.9
774 744.5 704.1 668.7 639.1 614.9 588.8 554.9 523.4 515.2 496.4 476.3 461.3 442.5 442.5 442.5 442.5 442.5 442.5 442.5 453.9 469.7 484.4 506.3 529.9 555.4 579.1 596.5 615.9 637.7 642 629.1 610.8 590 568.7 547.9 525.6 499.6 484.7 465.1 460.2 459.8 461.1 461.6 463.5 464.4 468.5 481.2 504.5 534.2 562.8 590.3 617.9 643.8 670.8 696.2 711 710.2 713 719 718.9 713.4 688.3 665.1 645.6 629.5 619.1 604.7 573.3 609.1 645.6 681.6 717.4 743.4 762.7 780.4 784.8 785.5
770.5 742 705.4 669.6 634.8 603.5 575.5 550.8 528.4 504 478.8 467.3 456.6 442.5 442.5 442.5 442.5 442.5 442.5 450.3 466.1 482.8 502.6 528 554.1 580.9 603.6 626.5 645.3 670.6 676.7 660.9 639.8 617.5 593.8 569.7 544.2 525.2 508.5 481.5 465.9 460.3 461.4 462.1 462.5 463 464.5 473.9 488.7 514.4 543.5 571.8 597.3 622.7 645.8 668.2 686.5 692.4 700.2 707.7 705.8 693.5 667.6 636.1 610.6 597.1 585.5 573.4 597 632.7 658.7 690 725.7 753.8 776.7 785.7 787 784.5
754 722.9 691.5 658.7 626 592 562.4 539.4 517.9 496.8 473.6 461 453.5 442.5 442.5 442.5 442.5 442.5 442.5 458.8 477 500.1 521.4 550.2 579.8 606.7 628.3 651.5 672.8 698.6 707.8 690.2 667 644.4 620.9 593.1 573.8 549.6 529.3 506 483.8 468.3 461.9 461.6 463 463.1 464 466.7 480.9 496.7 522 550.1 576.3 599.2 622.8 645.5 660.1 671.6 681.2 684.8 682.6 670.2 646 618 585.9 556.7 555 589.9 618.6 655.2 683.5 710.7 740 764.4 783.9 787.6 784.9 780.5
728.2 700.5 670.3 638.7 608.4 577.7 549.6 525.8 503.4 483.3 462.9 453.7 442.5 442.5 442.5 442.5 442.5 442.5 451.9 468.8 491.1 517.5 542.5 569.2 599 630.5 653.2 679 701.2 724.3 738.8 718.8 694.6 670.7 644.7 620.1 596.5 576.7 552.4 530.5 508.9 489.5 474.6 462.9 463.3 464.1 464.9 465.5 470.3 483.5 502.7 525.4 552.3 576.7 598.4 619 637.1 650.1 655.4 656.8 657.6 647.3 624.7 596.7 556.7 569.7 594.2 615.7 648.5 672.9 703 731.1 757.6 778.1 786.4 785.1 778.8 775.1
