app/static/ascii/NN79.asc
ncols 200
nrows 200
xllcorner 270000
yllcorner 790000
cellsize 50
[rows 70 to 104 of 200, columns 78 to 155 of 200]
306.8 309.9 315.5 319.3 322.4 326.7 333.1 339.9 347.9 357.2 368.5 383.1 396.9 407.7 414.9 421.5 425.9 430.5 436.1 445.7 453.3 460.1 467.8 473.9 477.2 478.5 469.6 459.7 461.8 464.9 464.4 457.3 450.1 436.2 425.1 414.8 408 399.7 390.4 389.7 390.8 388.7 389.4 394.6 397.3 395 391.8 386.7 378.4 381.7 387.9 393.3 398.4 403.5 407.3 410.7 413.9 416.1 415 412 406.7 400.6 393.1 384.6 370.6 356.8 344.4 332.2 320 313.2 308.7 302.7 297.1 295.8 295.6 295.4 293.3 301.6
308.3 312.5 319.9 324.1 326 331.6 338.1 344.7 352.3 362.5 372.9 386.3 400.6 412.3 417.9 422.1 426.9 433 440.6 448.9 457.6 465.6 473.6 477.4 483.1 484.1 479 468.5 468.3 471.9 468.5 462.4 453.6 432.6 423.1 414.6 408.2 398.8 396.2 396.1 398.4 396.2 394.3 397.7 397.7 393.9 389 385.8 383.7 385.9 387.9 393.3 398.7 403.2 406.7 410 412.8 414.2 412.1 408.4 403.5 397.6 388.5 375.8 361.7 349.9 333.9 320.5 313.7 309 304.7 298.1 297.3 296.1 295.2 293.5 298 314.7
310.1 313.8 321.6 325.6 330.1 335.5 342.2 349.3 357.2 367.7 376.9 387.6 401.7 411.1 419.3 424.3 429.3 436.6 443 450.5 463.2 471.6 478.8 485.6 488.7 484.9 478.2 469.9 469.4 468.8 466.4 459.2 447 431.8 422.2 414.4 408 405.3 402.8 401.6 404.7 403.3 403.6 404.2 402.8 398.2 392.3 390.2 387.9 388.9 389.9 394.9 398.2 402.1 406 409.1 411.5 411.9 408.4 401.9 396 388.1 379.6 364.8 351.1 337.1 322.6 314.4 307.7 302.5 298.5 297.4 297.5 296.7 294 295.9 307.9 328.6
313.8 317.2 321.8 327.1 333.1 339 345.8 353.2 361.2 371.3 380.9 389 401.2 410.1 420.1 426.9 434.1 441.5 447.3 453.7 463.2 472.4 480.1 487.6 485.6 482.9 473.3 468.9 469 468.4 464.8 455.2 438.5 430 421.8 413.9 411.9 413 413.2 414.1 413.1 409.2 408.5 411.6 409.9 401.6 392.2 389.8 389.7 390.5 393.1 395.2 397.3 400.3 404.9 408 409.1 408 404.9 397.5 388.3 378.9 366.8 354.2 340 323.5 314.8 307.7 301.2 298.9 299 297.8 297.1 295.8 294.6 302.3 322.3 344.8
318.2 323.6 326.8 330.5 337.6 343.6 350.5 358.2 365.9 375 384.9 392.7 403.3 412.8 423.4 432.4 439.8 445.1 449.6 454.1 458.6 466.6 475 479.7 475.9 469.8 468.6 471.2 470.8 470.1 468.2 456.3 439.5 429.3 420.6 414.7 415.9 420.6 422 421.6 417.6 415.7 412.3 412.9 411.6 402.7 395 390.8 390.6 392.6 395.3 396.6 400 402 403.6 406.2 406.2 404 399.1 393.8 385.1 371.1 358.2 345.5 329.3 316.5 310 303.3 300.2 298.1 298.3 297.3 295.8 296 300.3 315.2 340.2 366.4
320.1 324.7 329.3 333.8 339.9 347.1 354.7 363 370.6 379.7 389.8 398.5 408.6 418.4 431.2 439 446.1 448.9 450.9 454.3 456.8 462.3 471.1 477.4 474.5 469 470.2 473 474.2 472.5 466.6 459.2 437.8 427.7 419.6 419.7 422.8 431.4 439.1 435.4 424.8 418.9 415 414.3 411.7 404.5 397.4 394.3 394.7 396.8 398 399.5 403 402.5 402.1 402.2 401.5 400.2 396.1 389.9 378.7 363.2 349.7 336.8 323 313.5 305.5 300.7 298.4 296.9 296.1 296.2 295.7 300.7 309.9 332.3 359.1 388.3
322.2 327 331.8 336.9 343.3 349.9 358 365.4 373.8 383.8 394.2 402.3 414.6 426 437.9 443.8 450.7 453.5 455.2 456.3 459.4 465 473.2 475.9 472.7 467.4 470.8 472.3 475.1 474.2 463.3 452.9 437.2 426.6 424.5 426.7 431.5 441.8 446.5 444.7 437.8 425 420.1 417.2 412.9 409.1 403.2 399.6 403.2 404.3 404.4 403.3 407.2 404.2 402.1 400.1 397 395.3 390.5 380.6 367.6 351.3 337.6 326.9 317.7 308.5 301.8 298.6 297.4 297.8 297.3 298.2 301.6 309.1 325.4 349.8 378.5 411.8
325.4 330.3 335.6 341.6 347 352.7 360.8 368.8 376 387.4 398 406.7 418.2 430.7 437.2 444.7 451.2 455.4 457.1 459 460.5 464.1 467.1 467.4 465.6 462.4 468.6 471.4 475.5 471.1 452.5 441.5 430.7 427.6 430.9 434.5 436.9 444.5 448.7 448 443 428.7 423 421.5 416.7 412.7 407.3 404.7 412 413 411.2 408.5 408.8 405.5 402 400 396.9 389.2 383.4 370.9 356.9 340.1 330.6 321.5 312.1 304.2 299.2 298.9 297.4 299.2 298.4 301.7 307.9 320.1 341.6 369.2 404.2 426.3
329.1 333.9 338.4 344 350.2 355.7 363.6 373 379.2 388.7 398.5 408.5 420.6 431.8 438.8 444.6 448.8 451.4 455.2 456.4 457.4 461.2 461.6 463.5 461 459.7 465.8 470.9 470.3 456.7 446.5 435 428.7 429.3 433.4 438.1 438.4 444.8 452.4 451.7 442.7 433.4 428 424.3 422.1 417.1 413.6 414.6 417.2 419.3 414.7 410.8 408.7 405.6 403.3 400 395.1 386.7 374.6 359.3 346.5 334.4 326.6 317.1 307.3 303.7 299.5 299.1 299.3 299.6 300.3 305.2 313.9 333.5 358.5 387.5 418 438.4
332.6 337 341.2 346.2 353.1 360.2 367.3 377.7 382.1 390.6 400.2 411 422.5 433.1 440.8 442.4 444.8 447.9 451.8 452.3 452.9 455.9 456.8 458.9 456.8 457.6 462.2 463.2 456.4 448.2 441.5 432.9 430 433.9 437.7 440.8 440 446.4 451.9 449.2 442.6 439.2 435.5 426.5 424.9 421.5 423.5 424 421.2 420 415.8 411.3 408.8 407.7 404.1 399.5 392.7 382.4 367.8 351.4 337 328.4 321.4 312.5 306.6 300.7 299.5 298.9 300.7 301.6 302.9 308.4 324.4 347.4 380 408.2 432.9 457.7
335.2 339.5 343.8 348.6 355.4 362.9 370.6 379.7 385.9 394.6 403.5 412.3 422.5 430.3 435.6 440.3 442.5 444.9 447.4 447 448 450.3 452.4 453.8 451.7 453.2 455.7 451.5 445.7 440.9 436.2 432 430.7 435.8 439.8 441.7 442.2 446.6 448.4 446.6 442 438.6 435.7 427.8 426.4 428.7 432.1 427.9 423.7 420.7 416.5 412.6 409.9 408.3 405.3 400.3 390.8 373.9 357.2 344.2 332.2 323.6 316.7 309.9 305.2 299.1 299.9 298.9 300.2 301.4 305.3 315.8 339.8 367.9 403.8 425.5 450.7 473.5
337.1 341.9 347 352 357.7 365.1 372.7 381.7 387.9 396.2 404 411 418.6 424.3 429.4 434.9 439.9 441.5 442 442.7 443 445.2 447.1 448.9 446.8 446.6 446.9 441.1 439.1 434.6 433 431.9 431 435.2 439.8 440.3 441.6 443.5 444.4 442.1 440.8 437.6 436 431.6 435.3 438.1 437.6 431.2 424.1 420.4 417.9 414.9 412.6 409 405.2 400.3 383.6 365 354.4 344.4 334 323.1 314.8 307.5 300.6 300.6 300.3 300.1 300.5 301.8 307.9 329.4 358.3 391 425.1 446.7 469 491.5
339.6 345.3 350.7 355.6 360.6 366.5 374.4 382.6 390.3 397.6 404.2 410.7 417 421.8 425.1 429.7 434.9 436.9 438.6 438.6 439.4 441.5 441.8 443.4 441.9 440 437.3 434.9 434.6 429.9 429.7 430.6 430 431.9 436.6 436 438.3 437.2 437.3 438.2 439.1 438.9 438.7 445.8 450.7 449.4 445.4 435.4 427 421.8 419 416.8 415 409.2 401.5 389.7 373.9 364.3 356.6 350.2 335.6 323.1 314.1 300.3 300.8 300.9 300.8 300.7 301.6 303.3 313.6 343.2 376.7 413.8 443.9 467.8 490.4 503.8
341.3 347.6 352.7 357.4 362.4 369.8 377.6 383.8 392.3 399.2 405.6 410.8 415.8 420.3 421.6 424.9 429.3 432.2 434 433 437.3 437.5 437.5 436.6 435.5 433.9 431.6 429.2 427.8 428.7 428.8 428.7 427.4 427.6 431.3 430.5 431.9 432.3 436 435.7 439.2 443.9 452.8 457.6 458.7 458 449.6 442.1 431.4 427.1 422.5 419.3 416.2 410.5 395.8 381.3 373.8 367.3 359.3 348.7 334.8 323.4 311.6 300.5 301.5 301.2 301.3 301.3 302.1 304.7 325.5 357.8 398.5 435.3 463.5 486.7 502.4 513.5
342.8 349.2 353.6 358.6 365 373.5 380.9 387.1 394.3 400.3 405.7 409.9 414.1 417.6 418.5 421.1 424.9 429.4 430.2 430.3 432.2 431.7 431.8 430 428.9 429.5 426.8 424 424.2 425.5 423.7 421.2 424.1 423.6 426.7 428.5 429.5 431.8 435.1 436.6 443.4 456.2 463.4 464.6 459.3 453.8 448.1 442.2 436.6 434.2 427.4 423.7 419.4 409.4 397.7 387.4 376.7 369.5 361.1 350.3 336.7 323.3 308.7 302.4 302 301.6 301.6 301.6 302.8 311.6 338.5 374 413.7 453.9 479.6 498.8 511.2 518.2
346.2 350.4 354.8 360.9 368.6 376.4 384.2 390 395.9 400.9 405.2 409.5 411.7 413.5 415.6 417.2 420.6 426.5 427.6 427.2 427.8 426.5 427.1 426 423.9 423.5 421.9 420 421.7 421.3 418.2 416 419.7 421.4 423.4 427.9 428.2 431.4 434.5 440.4 453 462.8 464.6 460.2 455.1 451.6 447.7 444.9 442.5 438.9 433.3 428.9 424.7 414.9 405.9 393.7 381.3 373.9 362.7 350.7 338.2 322.9 306.3 302.5 302.5 302.1 301.9 302.1 305.3 323.5 353.4 387.5 432 472.5 493.1 509.6 519.4 523.7
347.3 352.1 358.2 364.8 372 379.4 385.6 391.3 396.5 400.4 404.3 407.8 408.6 409.6 413 415.8 418.7 422 421.8 422.7 421.7 421.2 422.4 422.8 420.2 417.5 416.6 417.2 416.1 416.2 414.7 415.1 417.3 421.5 424.4 427.7 427.3 431.6 435.9 443.9 454.3 463.2 462.8 458.2 453.6 450 447.2 446.9 445.5 443.7 440.7 435.9 430.1 420.1 410.4 398.7 388.4 377.7 363.1 349.9 336.9 320.9 305.8 303.4 302.9 302.4 302.3 302.8 311.6 337.2 369.8 404.5 447.5 483.2 504.5 521.9 531.5 530.9
349.8 355.1 361.1 367.3 375 381.1 386.6 391.7 395.6 399.3 403 406 407.6 408.8 410.1 413.3 415.3 415.7 416.2 418.1 418 418.3 418.3 419 415.6 416.2 413.9 413.5 410.7 410.5 412.9 415.8 417.4 422.5 426.3 425.1 426.8 432.6 439.1 446.4 452 459.1 457.8 454.9 453.3 449.1 448.7 450.3 452 451.7 445.1 440.1 434.6 424.8 413.6 403.3 392.6 379.8 363.9 347.6 334.9 320.8 306.7 303.3 303 302.7 302.7 305.4 322.7 351.9 383.9 420.8 461.8 495.5 516.1 534.1 545.5 540.6
348.1 355.9 364.7 370.9 377.1 382.1 386.8 390.5 394.2 397.2 400.9 405.1 408 408.3 408 410.2 412.2 413.7 412.7 415.1 416.1 415.5 414.8 412.5 411.4 410.3 407.5 407.2 409.2 411.1 413 415 416.9 421.2 423.9 425.4 427.5 433.8 441.2 446.9 449.8 453 454.5 455.6 454.8 452.9 452.7 454.5 456.8 453.8 449.6 444.8 440.6 428.1 417.6 406.6 394.6 378.8 363.3 345.8 336.9 324.5 306.2 303.5 303.5 303.3 303.5 311.5 335.2 366.6 399.9 436.7 475.6 508.1 528.9 544.3 553.2 546.6
356.4 358.8 365 373 379 382.9 386.1 389.1 392.7 395.2 399.8 404 406.5 407.3 407.3 409.1 410.9 412.3 412.7 413.1 412.2 411 410.5 407.9 406.5 405.1 402.9 405.5 408.4 410.2 412.1 414.1 416 420 422.6 425.1 428.2 432.8 439 444.6 448.4 451.7 455.6 458 459.4 456.9 457.5 460.9 463.1 460 455.5 450.4 442.5 430.5 419.6 408.2 394.2 378 362.8 347.9 336.2 320 302.2 303.7 303.8 304 305.5 321 348 379.6 413.1 448.7 487.4 519 538.9 555.5 562.1 553.9
358.8 363.8 364.8 371.3 376.2 378.9 384 387 390.6 394.5 397.7 401.6 403.2 405.7 406.6 407.9 409.6 410.4 410.1 409.6 409.2 408.9 408.2 405.1 403.7 402.4 403.4 405.7 408.5 410 411.4 413.2 415.3 418.2 420.4 422.3 426.5 432.2 439.3 443.9 448.2 452.3 456.8 461.2 460.6 460.2 465.6 469.6 470.6 469.7 463.9 454.7 446.2 431.8 420.4 409.1 392.7 377.2 362.5 347.2 333 313.1 302.9 304.1 304.2 304.3 305.8 328.3 358.9 391.6 425 461 499 531.1 552.9 567.8 569.9 562.2
361.3 365.7 368.8 372.4 376.9 380 381.8 385.6 389.9 393.3 395.3 398 401.2 402.7 405.8 405.8 407.1 407.5 407.3 406.1 405.6 405.6 405.1 403.1 402.1 402.7 404.6 406.6 408.6 410.1 411.6 413.1 414 415.9 418 421.5 427.9 435.5 442 446.3 450.4 453.8 459 461.9 462.4 469 476.3 478.7 478.9 475.9 468.4 458.3 449.5 434.3 419.6 404.7 389.6 375.4 354.9 342.4 324.5 305.7 304.5 304.3 304.7 304.9 312.7 338.3 370 404.1 437.9 474.9 515.2 547.4 567.3 575.6 576.6 570.1
364 367 369.8 370 377.4 382.4 383.7 388.1 392.3 394.4 396.5 398.1 400.5 401.7 403.5 403.8 404.5 404.7 404.5 403.5 402.4 402.5 402.4 400.9 402 403.2 405.5 407.5 409.1 410.5 411.8 412.3 412.7 414.6 417.5 423 430.7 437.9 444.7 448.9 453.3 458.5 461.1 463 469.1 480 486.1 485.9 486.4 480.5 471.9 461.8 448.5 433.6 417 401.5 386.9 367.5 345.6 333.9 313.8 303.7 305 304.6 304.3 304.7 323.6 349.4 382.1 416.1 452.1 491.8 533.9 563 577.2 584.3 585.7 579
364.7 368 371.4 374.8 375.5 377.4 385.2 389.6 392.6 395.8 398 398.6 400.6 401.4 402.3 402.1 402 402 401.8 401.3 400.7 400.2 400.8 402.3 403.3 404.1 406.3 408.2 409.2 410.1 411.1 412.4 413.7 416.3 420.5 426.3 433.9 440.9 447.3 451.5 455.5 459.3 462.6 469.1 478.3 489.7 493.6 492.8 490.5 483.7 474.8 464.9 451.6 438 420.3 404.6 386.3 366.1 341.3 319.9 304.4 305.7 305.5 305.4 305.3 312.4 335.7 363 392.6 428.4 465.9 508.8 550.9 576.1 588.4 597.3 598.8 589.4
367.4 371 374.4 377.1 380.8 383.3 380.1 388.9 392.9 396.6 399.2 399.1 399.9 400.7 401 400.6 400.3 400 399.6 399.3 400 400.3 401 403.6 405.3 406 406.7 408.5 409.5 410.4 411.6 413.3 414.8 419 424.5 430.6 437.5 444.2 449.1 453.3 456.8 460.1 465.9 473.8 484.5 496.4 499.6 498.8 494.4 486.6 474.1 464.1 451.6 435.3 417.8 404.8 383.2 361.2 335.1 312.1 305.1 306.2 306.2 306.1 308 325.4 348.5 377.8 408.6 444.6 481 526.5 565.8 591.1 607.4 612.7 610 595.2
369.2 373.9 376.8 379.7 383.4 386.4 387.6 384.5 392.3 395.9 398.2 398.1 398.9 399.4 399.1 398.8 398.7 397.8 399.1 399.8 400.4 401.2 403.5 406 407.1 407.7 407.7 408.8 410 410.7 411.9 414 418 424.1 430 436.1 441.5 446.6 450.6 454.5 458.1 462.9 470.9 478.9 489.2 501.4 505.5 503.1 496 488 473.9 461.4 447.5 431.6 414.6 398.1 377.2 354.2 327.4 306.6 305.8 306.3 306.6 306.7 317.9 338.7 364.1 393.9 424.9 463.6 500 547.2 584.5 607.2 620.7 619 614.1 603.9
370.2 374.8 378.5 381.6 385.6 387.6 388.7 390.7 393 395.3 396.6 396.9 396.2 397.7 398.2 399.4 399.5 399.2 399.6 400.1 401.4 404.3 406.4 407.6 408.7 409.4 408.9 409.6 410.5 412 414.1 417.9 422.9 429.1 435.1 440.9 445.4 449.3 453.2 457 460.4 465.4 474.2 483.2 493.4 505 510.1 504.5 495.3 486.2 474 459.6 444.1 427.3 405.4 386.6 367.2 338.8 315.2 307.1 305.9 306.6 306.8 311.7 329.5 353.6 380 410.7 444.6 481.8 523.4 567.1 598.5 619.9 626.9 625.1 619.3 612.5
372.1 375.4 379.3 383.1 385.8 387.3 388.9 391.6 394.3 396.2 397.6 398.8 397.9 399 399.3 400.6 400.6 400.4 401 402.6 404.2 407.4 407.9 409.1 410.2 411 410.5 410.7 412.8 415.9 418.2 421.5 426.6 432.6 438.2 443.5 448.4 452.8 456.7 459.5 463.8 468.8 476.5 486.7 497.5 507 511.2 504.2 495.2 485.3 473.7 461.6 445 425.1 407 385.2 356.8 327.8 310.7 306.6 306.8 306.9 307.5 319.7 340.8 367.7 396.8 429.9 465.1 505.9 547.3 582.5 607.3 627.3 634.6 629.8 623.1 615.6
374.7 377.7 381.2 383.8 387.6 388.4 390.8 392.8 395.5 396 398 399.3 400.4 400.7 401.7 401.8 401.6 401.4 402.8 406 407.3 409 410 410.5 411.2 411.8 411.5 412.1 414.2 417.6 421 425.5 430.8 436.3 440.8 446.1 451.2 456.3 460.7 463.5 467.9 472.6 479.2 490.1 499.7 508.2 510.1 504.4 496.6 486.7 474.5 461.8 443.6 421.4 404 375.9 346.3 319.4 310.7 306.8 307.7 307.7 311.2 329.1 354.7 382.9 415.2 450.4 490.5 532.2 568.2 595.2 615.7 633.7 637.9 630.9 626.4 620.3
376.7 378.4 381.1 383.9 386.5 390 392.6 394.4 396.7 399.4 400.9 404.2 408 409.9 408.2 404.4 403.3 403.2 405.1 407.7 408.6 410.3 411.4 411.6 412.1 412.7 413.4 413.1 416.1 420.3 423.5 428.7 432.7 437.7 442.4 449.1 454.2 459.3 463.6 466.6 471 475.6 482 493 502.4 510 510.5 506.1 496.6 486.7 475.1 457.7 437.9 414.2 391.7 365.9 333.9 316.6 309 308 308 308 319.2 339.1 369.2 398.6 436.3 473 517.8 553.7 583 604.6 622.3 635.2 637.1 631.6 631.5 624.5
378.7 380.6 382.9 386.3 387.8 390.9 394.4 397.6 401.9 406.8 410.6 412.9 417.1 415.5 412.6 407.2 405.1 405.9 407.7 409.5 410.6 411.4 413.7 414.1 413.2 414.6 414.3 414.7 418.1 422 426.1 428.5 432.6 436.3 441.4 449.3 455.7 462.1 466.1 469.9 473.7 478.3 485.1 496.2 505.9 511.8 510.1 504.5 495.6 484.6 474.2 454.6 431.1 403.5 375.8 349.4 326.3 313.4 308.2 308.7 308.4 309.6 326 350.5 387.4 421.8 455.9 498.7 541.7 569.5 592.3 610 627 639.8 639.2 633.1 629.3 617.4
382.6 385.5 388.3 391.2 393.2 398.1 398.9 404.2 412.7 417.1 421.9 424 422.9 418.1 415.2 411 408.7 409.1 410.2 411.8 411.9 412.6 415.8 414.5 413.5 413.7 414.1 415.4 418 422.2 427 428.8 433.4 438.4 444.7 451.9 458.2 464.7 468.5 472 475.7 479.9 488.6 499.2 507 511.8 510 503.5 492.9 482.4 470.4 448 421.7 393.5 364.4 338.8 319.2 312 308 309.2 308.9 316.3 338.4 369 409.5 446 482.4 521.1 555.4 577.6 596.8 615 632.9 641.2 638.2 634.4 627.6 614.4
387 392.2 396.3 399 402.5 408.3 410.3 415.3 423.4 428.3 431.1 430.5 426.7 421.6 420.1 415.3 412.6 411.6 411.7 411.9 412.1 412.6 415.2 413.4 413.4 413.7 413.8 416 419.3 422.8 427 430.4 436.6 443.1 449.2 455.3 461.6 467.1 470.7 474.4 477.8 482 490.5 500.1 507 510 506.4 500.2 489.5 479.4 465.6 441.5 412 381.6 353.1 331.2 316 309.4 309.9 309.7 309.5 325.9 351.8 383.4 419.6 459.5 503.4 538.4 562.6 581.2 600.3 619.5 636.4 639.6 635.7 630.2 623 609.7
391.2 396.9 403.2 407.4 413.7 419.3 422.5 427.9 433.6 437.5 439.1 433.1 429.8 426.5 424 419.3 415.3 412.7 412.9 413 412.8 412.8 413.2 412.9 413 413.5 417.4 418.8 420.8 426.5 430 436.3 441.3 447.1 453.4 459.2 464.8 469.8 473.5 477.2 480 483.7 489.9 498.1 504.7 505.5 500.6 495.4 487.1 477.3 463.2 435.9 403.8 372.1 345.6 325 312 309.6 310 310 314.7 334.7 363.1 394.3 432.3 472.9 517.1 545.6 564.7 584.2 604.5 620.4 630.9 633.8 630.9 623.1 615.2 597
395.5 402.8 409.6 416.1 424.5 430.4 434.7 439.7 443.6 446.3 441.7 435.5 430.2 427.9 424.7 423.4 420.2 416.3 415.1 413.9 413.7 413.9 413.6 413.3 415.4 420.2 426.5 425.9 427 432.1 435.5 442.5 446.7 453.7 460.8 463.4 467.9 472.5 476.3 479.6 482.3 484.5 489.4 495.8 500.2 499.8 495.6 490.9 483.7 474.5 453.5 427 393 362.3 338 318.1 309.3 310.4 310.4 310.3 322.8 345.3 373.3 406.7 446 485.9 526.1 549.5 568.8 588.8 606 619.7 625.6 624.8 622.7 614.9 603.9 582.7
