app/static/ascii/NN83.asc
ncols 200
nrows 200
xllcorner 280000
yllcorner 730000
cellsize 50
[rows 0 to 34 of 200, columns 0 to 77 of 200]
436.8 424 409.3 402 394.9 390.6 375.6 364.6 359.4 358.2 361.8 365.4 374 380.7 384 386 386.9 386.5 386.1 386.7 386.9 385.8 384.9 384 382.7 379.7 378 376 367.8 362.5 357.9 352.7 348.6 343.4 338.9 337.6 335.5 331.8 328 325.4 318.6 309.9 309.4 311.3 309.3 308.4 304.1 292.3 287.7 286.4 287.1 287 282.7 282.2 281.7 281.1 280.3 279.4 279 278.5 277.9 277.9 277.8 277.8 277.8 277.9 277.8 277.7 277.5 277.7 277.9 276.6 276.8 277.9 277.9 277.9 277.2 274
429.5 421.4 406.9 397.7 387.6 377.9 368.1 360.3 360.5 366.6 372.7 380.3 388.1 393.6 395.8 395.9 396.5 397 397 397.6 397.6 398 397.1 395.6 394.1 390.5 388.5 385.3 378.1 368.8 368.6 364 358.9 354.4 353.6 350.3 346.9 346.2 338.4 334.6 328.4 319 314.2 317.2 316.1 314.8 313.8 300.1 293.7 288.5 288.9 288.4 287.1 285.2 283.9 282.9 281.8 281.4 280.9 279.6 278.5 278 277.9 277.9 277.9 277.9 277.8 277.9 277.9 277.9 277.9 277.5 276.8 277.8 277.9 277.8 276.7 273.9
421.7 416 403.5 391.6 379.9 370.7 367.8 366 375 382.5 388.4 391.6 399.4 403.1 405.3 405.9 406.2 406.3 407 408.5 409.1 409.5 409.3 407.8 407.9 402.8 398.1 396.7 389.9 379.5 376.8 374.6 372.1 369.5 367.2 362.6 360.1 354 344.7 337.7 335.8 332.9 322.6 320.1 320.1 318.8 313.2 306.7 303.4 302.6 301.1 297.4 294.8 290.2 287.9 286.3 284.9 285.3 285.1 283.6 281.1 281.2 280 278.4 278 277.9 277.9 277.9 277.9 277.9 277.9 277.9 277.1 277.8 277.8 276.9 274.8 273.9
417.7 410.1 399.2 386.7 373.5 368.4 369 378.7 389.9 390.4 400.5 399.9 406.5 410.1 412.1 413.2 414.3 415.4 415.9 418.2 419.8 421.1 421.3 418.7 420.3 421 409.5 401 396.7 393.5 387.2 385.8 383.7 380.3 374.8 370.7 365.5 361.2 352.1 346.9 344.3 340.2 329.7 327.1 323.4 320.5 319.2 313.6 314.6 315.4 312.7 308.1 303.7 298.2 290.2 289.1 290.8 292 291.1 287.9 284.9 284.5 283 279.5 278 278 278 277.9 277.9 277.9 277.9 277.9 277.9 277.8 277 276.7 273.9 273.9
410.8 399.1 390.6 377.5 368.8 372.6 384.2 387.7 398.3 400.1 405.5 409.1 411.2 416.7 418.3 419.4 420.6 422.4 424.7 427.9 430.7 432.6 432.7 430 426 419.8 419.5 418.1 408.9 409.7 402.1 397.2 392.7 389.6 382.5 376.1 373.5 368.1 361.5 357 353 345.2 337.6 329.4 330.4 328.1 324.4 323.1 324.2 324.1 319.6 314.8 307.4 297.9 296.3 303.2 301.8 300.5 299.2 293.8 289.1 289.8 288.5 286.3 286.6 285.8 280.9 278.3 277.9 277.9 277.9 278 278 277.6 277.1 274.5 273.9 273.9
397.9 387.7 379.4 370.1 375.2 378.9 395.8 400.5 403.4 409.9 411.1 415.9 418.7 421.9 423.9 425.5 427.2 431 434.9 437.5 441.6 443.6 444.7 442.3 434.9 433.1 429.8 429.3 422.3 421.9 417 411.8 402.6 398.3 390.3 385.6 382.4 376.6 370.5 365.5 359.7 349.3 341 340.2 340.4 336.4 334.2 331.8 330 328.1 326 321.6 313.8 306.5 307.9 310.7 307.5 304.7 301.4 296.8 299.2 299.9 298.9 301.7 302.9 297.9 290.2 281.8 281.1 279.2 278.5 278.1 277.7 277.2 276.8 273.9 273.9 273.9
388.5 378.1 377.9 379.8 390.1 388.8 398.7 405.9 408.2 412.9 417 421 423 425.8 428.7 431 434.2 438.3 442.6 445.7 448.6 452.1 454.3 450 451.3 448.9 438.6 429.3 432.4 430.3 428.1 422.9 414.3 404.9 399.3 395.3 390.4 384.7 379.2 373 364.2 351.6 350.3 351.3 348.8 344.4 341.4 339.3 336.9 335.1 332.8 326.9 321.7 316.8 318.2 317.8 314.7 309.4 306.7 314 317.1 311.3 309.2 316.4 313.4 306.6 299.7 292.5 288.6 284.8 281.7 279.1 277 276.7 275.3 273.9 274.4 274.7
379.7 378.5 383.2 391.9 399.5 394.2 400.2 411 416.1 417.9 421.1 424.2 426.9 429.8 433 436.6 439.7 444.3 449.5 454.6 458.8 462.2 459.8 458.7 459.4 451.1 439.6 441.4 438.6 438.7 434.1 425 418.6 411.9 407.3 403.3 397.7 390.2 385.1 379.5 370.4 360.7 358.8 357 355.4 352 349.2 346.7 344 343 341.4 335.2 328.6 325.8 326.4 326.2 324.2 319.1 316.7 325.6 326.3 321.9 322.1 323.1 320.8 316.1 308.5 300.1 295.6 292.5 289.7 286.6 280.3 278.3 275.1 273.9 274.3 274.2
380.1 387.4 394.1 401.5 401.5 407.7 400.9 409.5 418.9 422.6 425 427.7 431.8 434.8 437.8 441.4 445.4 450.1 455.6 463 467.6 469.3 470.2 464.3 456.1 451.2 449.1 449.4 446.6 441.6 435.5 430.4 428.6 419.4 415 410.1 403.3 394.8 390.3 383.9 374.1 369.5 366.2 364.9 362.2 359.3 356.1 353.7 351.5 349.4 346.5 341.3 333.6 335.6 334.3 333.7 330.6 321.5 330.1 330.4 333.9 335.1 333.7 332.6 332.2 328.8 322.9 317.9 313.7 308.2 303.1 297 289.3 283.6 281 277.8 274.6 273.7
394.6 397.5 404.8 406.5 408.7 411.3 416 417 420.5 427 429.6 432.9 436.7 440.3 443.3 447 451.2 456.3 462.2 468.7 475.3 479.6 470.4 463.3 462.6 462.5 459.8 459.7 457.6 452 444.9 440.3 432.2 425.9 422.3 416.4 405.9 399.8 396 387.9 381.1 376.2 373.3 372.4 369.4 366.4 363.1 359.9 357.2 354.6 351.3 346.5 341 342.6 340.9 339.6 335.3 331.1 339.4 339.1 340.8 342.1 341.8 343.2 343.1 337.7 335.1 332.7 328.7 322.5 314.9 309.9 304.9 301 295.2 290.1 281.4 277
404.2 407.4 413.3 412.8 418 419.3 420.4 425.5 423.6 430.4 434.5 437.7 440.9 444.5 449.1 453.7 457.9 462.7 466.9 473.6 480.6 480.1 475.7 474.5 475.2 472.5 468.4 464.9 463.3 456.9 452.7 450.4 443.2 434.8 430 422.5 413.5 405.6 402 396.4 391.7 381.7 380.2 380 376.6 373.2 369.5 366.7 362.9 358.4 353.9 350.1 350.4 350.3 348 345.3 341.7 340 345.7 345.5 345.6 346.8 347.6 350.6 350.6 348 346.9 342.1 335.1 329.2 325 323.6 323.3 321.3 310.3 303.7 299.5 294.8
411.8 415.3 419.4 420.6 425.6 426.1 428.8 431.2 431.7 433.1 439.4 441.6 444.8 449 454 459.5 463.9 469.9 473.5 479.7 483.1 483.8 487 486.8 485.2 483.5 479.4 474 472.3 470.3 464.3 458.3 453 445.1 435.8 426 419.4 412.8 408.7 405.9 400.4 390.6 388.7 386.3 383 379.4 375.5 371.6 367.9 360.5 357.9 355.6 357.2 357.1 354.4 348.8 346.5 348.2 352.9 352.5 353 354.3 354.5 359.3 361 358.4 360.5 349.8 340 335.7 334.6 334.5 333.6 330.8 321.7 313.3 305.5 297.3
419.3 423.5 428.9 428.5 433.3 433.9 437.6 439.3 440.1 439.7 440.4 444.8 448.7 453.5 459.1 465.1 469.3 475.1 478.9 483.5 488.6 492.5 496 495.9 494.9 494.1 490.5 484.9 482.7 481.3 477.9 472.1 463.8 456.9 446.9 434.8 425.6 421.2 417.6 414 406.5 398.4 395 392.1 389.2 385.4 381.5 375.5 368.5 365.7 360.9 362 364.8 363.4 360.6 355.4 356.3 360.4 361.7 359.1 362.5 364.9 362.2 365.1 367.7 368.8 366.5 359.1 354.4 348.3 345.6 345 342.6 338 326 317.1 316.6 311.8
426.6 430.5 430 435.8 440.8 441.8 444.7 446 446.5 445.6 448.3 451.5 453.5 459 464.7 470.3 474.8 479.8 484.4 488.9 494.6 501.2 505 505.7 507.2 507.1 501 492.6 491.7 489.9 485.1 477.4 468.6 459.7 450.5 440.3 432 427.4 423 417.1 409.7 404.3 400.2 398.2 395 391.3 385.6 378.3 373.9 370.3 370.1 371.4 370.6 370.1 366.4 363.4 367.4 370.9 368.5 369.9 374 375.5 372.8 371.9 374.7 374.5 372.1 369.4 365.2 359 357 356.1 352.7 348.5 339.5 334.1 330.7 328.1
433.7 437.2 440.8 444.6 445.9 448.5 450.7 452.6 453.4 451.8 450.4 456.7 459.3 464.8 470.8 475.3 480.6 486.4 491.7 498.6 504.8 508.9 514.8 520.3 521.7 521.8 511.6 502.3 500.7 498.2 491.7 483 473.6 464.3 453 442.6 435.8 432.1 428.9 421.5 414.9 409.7 406.4 404.2 400.1 391.8 385.2 380.8 380.6 370.8 376.2 381 379.4 378.4 373.9 374.3 378.9 377.8 375.8 378.6 382.4 383.4 380.9 379.6 380.6 383.3 382.2 382.7 376.7 373.7 372.5 368.7 362 355.3 346.5 344.8 341.6 337.5
440.2 445.7 448.1 452.5 453.9 456 456.8 458.9 460 459.1 456.2 463.6 466.2 470.3 475.5 480.4 486 492.6 500.1 508.2 510 517.9 526 531.3 533.1 527.5 517.4 510.8 508.2 504.5 495.7 486.8 478.4 468.7 457.2 445.9 440.2 436.9 432.2 426.4 420 415.3 411.6 409.6 402.2 393.1 387.3 382.2 379.7 382.2 390.1 390.1 387.3 383.8 382.9 385.8 387.5 388.1 386.8 387.9 389.6 389.5 389.3 389.9 390 392.5 391.4 394 388.7 388.1 388.6 384.9 370.4 364.7 357.3 355 351.7 348.2
448.7 452.7 455.2 460 461.7 462.5 463.3 464.4 466.8 463.7 459.3 470.2 474.2 477 480.9 484.8 491.7 500.6 506.9 511.4 519.9 530.7 539.6 542.6 543.2 535.9 523.5 516.1 514.6 510.3 502.9 495.1 484.1 471.8 459.9 451.1 446.4 442.7 438.1 432.6 425.8 420.4 416 411.2 404 395.2 391.4 388.5 388.3 393.3 397.1 396.1 393.3 389.8 393.5 394 394.7 396.7 396.5 395.3 398.7 398.9 401.2 401.8 399.5 401.3 400.9 404.2 402.5 402.4 404.8 391 387.1 384.9 373.6 367.2 362.8 357.4
458.4 460.6 463.9 467.2 468.8 469 469.8 471 472.2 473.1 466.3 472.4 481.3 483.6 487.7 491.8 498.5 506.8 512.3 518.4 528.2 541.8 551.7 563.3 564.5 547.2 531.3 524.2 520.8 516.8 510.2 501.9 489.1 477.2 465.8 457.9 453.3 448.9 444.8 439.1 430.9 427 421.2 416.7 409.8 400.9 397.7 392 399.4 403.5 403.4 402.9 399.3 398.8 398.5 400.9 402 405.6 404.4 400.6 408 410.5 411.2 411.2 409.8 411.4 411.5 414.7 416.9 415.3 417.2 412.3 407.9 404.5 392.5 377.9 372.9 367.8
466 467.6 471.6 474.3 476 476.2 476.6 477.7 478.7 479.5 474.3 474 485.7 489.8 493.4 498.4 506 514.3 515.9 528.1 540.4 551.5 561.5 571.1 571.6 560 542.7 533.7 528.6 523.8 517.6 509.3 495.5 487.1 474.4 464.3 460.3 458.9 453.7 445.6 437.5 434.9 428.8 427.4 415.9 408.2 404.1 406 410.8 411.1 409.2 410.8 407.3 408.1 406.5 409.6 411.5 413.3 413.2 410.9 413.4 421.3 419.7 416.8 418.9 420.4 420.7 423.9 426.3 427.3 429.7 435.7 433 429.4 414.2 395.4 385.8 380.8
472.5 475.2 479.7 482 483.6 484 484.2 484.6 485.5 486.4 484.3 478.7 486.6 495.3 500.1 506.7 516.7 521.8 524.4 537.7 551.6 561.8 571.4 577 577.6 572.4 553.2 543.3 536.3 529 523.3 515.6 508.9 496.8 481.3 471.4 470.9 468.8 464.3 449.9 447.1 442.1 435.2 430.3 418 421 409.4 415.7 420.1 420.6 419.2 415.5 417.4 420.3 420.3 424.1 422.6 423.7 423.1 425.6 421.5 426.7 425.7 427.9 430 432.5 430.3 433.4 438.4 445.4 449.8 446.7 447.4 442.5 433.1 417.5 403.1 395.5
482.7 484.6 487.9 490.4 491.2 491.1 491.5 492.5 492.7 493.7 493 490 489.1 496.5 509.2 513.8 522.2 525.9 535.3 547.8 560.8 573.1 583.2 587.2 586.8 573 560.2 551.2 543.3 533.8 527 521.1 513.6 501.7 489.7 482.7 482.9 480 469.9 460 454 448 440.5 431.5 424.8 429.4 419.4 424.5 428.3 429 426.5 427.6 430.2 434.7 435.3 435.6 435.8 434.2 435.3 432.9 433.8 436.9 436.1 439.4 443.2 444.4 440.7 446.4 452 457.4 460.8 457.4 458.8 455.9 457.2 449.1 436.2 420.7
491.6 493.5 494.9 496.3 496.2 497.5 499.1 501 501.8 500.6 503.4 500.4 490 502.1 510.8 518.8 524.5 530.9 542.3 554.1 568.8 583.9 592.8 594.1 591.2 577.6 568 558.7 550.4 542.4 540 538.4 521.9 510.9 501.1 494.3 493 490.4 475.8 469.8 463.5 457 451.3 441.9 441.1 435.8 428.6 433.5 433.2 436.8 436.1 436.8 440.1 440.6 443.9 451.7 448.7 447.9 445.8 445.1 446.1 448 447.3 451.3 454.8 455.4 455.6 461 468.7 464.9 465 471.1 475.3 477 477.1 469.3 465.4 452.6
501.5 501.7 503.7 504.8 505.7 509.5 510.9 512.2 512.1 510.8 513 510.8 498.7 513.9 516.3 522.8 527.3 536.6 545.5 559.7 574.9 591.9 597.9 597.2 595.4 591.7 579.7 565.6 556.2 555.5 551.7 546.3 535.7 520.8 510 504.2 501 496.3 484.9 475.2 472.7 464.3 456 454.7 450.8 437.7 440 443.8 442 445.5 444.5 445.4 449.4 451.9 452.4 458.4 463.1 463.5 458.9 459.4 457.4 458.4 457.6 462.7 467.6 467.4 477.6 476.6 479 473.3 475.5 481.8 494.2 493.4 490.5 489.4 483.5 475.2
511.5 511.7 513.5 514.2 515.3 517.6 518 520.9 520.8 520.6 521.7 521.5 508.1 522.5 526.3 525.4 532.5 541.2 551.3 562.5 577.6 595.3 601 602.1 602.2 600 588 573.4 567.6 571.3 563 553.3 539.5 525.8 516 511.3 509.6 502.1 490.6 482.7 474.3 468.2 464.4 461.3 456.6 439.6 450.7 453.8 451.8 454.6 453.5 455.6 461.5 463.8 463 470.8 477.6 472.7 468.7 473.4 470.6 468.3 467.8 473.7 477.3 483.5 489.7 488.8 484.2 485.2 484.8 491.9 502.8 510.8 507.8 502 496.2 485.5
521.7 521.2 523.1 525.8 526.4 526.9 526.4 528.6 528.8 528.1 530.2 528.5 517.9 528.5 530.7 529.7 534.7 546.3 554.7 563 579.5 596.6 602.1 605.8 608.2 609.4 606 594.4 581.7 579.2 572.1 562 547.1 536.1 522.9 521.6 516.5 507.4 496.1 490 482 475.6 471.1 466.9 463.4 450.3 459.9 458.8 460.9 463.3 459.8 465.3 471.2 473.1 477.3 483 485.6 483.3 481.2 484.2 481.6 479.7 484.3 485.9 490 497.5 499.8 496.1 493.7 495.2 499.7 502.5 506.4 515.2 527.1 510.2 504.7 495.1
530.8 531.4 532.6 535.7 537.3 537.1 536.1 536.7 536.4 536.7 538.3 536.3 525.3 529.2 533.9 536.6 542 552.9 560 566.1 581.3 596.4 605 609.6 615.8 618.4 613.3 598 597.3 593.3 584.4 575.4 560.5 546.4 528.1 530.9 518.2 509.9 500.2 496.9 490.2 480.9 476 471.8 471 460 467.4 463.9 467.3 470.6 469.4 475 481.7 484.9 490.9 492 492.9 491.6 492.6 496.8 494.6 494.5 496.3 496.2 497.7 507.7 509 506.8 506 504.7 509 513.4 513.9 525 530.9 521 505.6 497.2
539.7 540.4 543.2 546.1 547.7 546.4 544.7 544.3 543.8 542.9 543.6 539.8 534.8 532.6 540.6 539.6 548.7 557 563.8 573.1 585.7 598 608.1 616.7 621.7 621.3 613.2 611.6 612.4 609.3 596.5 587 570.5 553.5 544.1 535.6 523.1 512.7 507.2 501 494.9 488.2 482 480 472.6 463.1 474.8 470.7 474.9 478 479.3 486 491.7 497.7 502.9 504.6 503.4 503.7 505.5 510.8 506.2 507 506 506.2 509.8 512.2 514.7 512.9 514.9 518.4 519.2 522.5 521.1 519.1 524.7 521 510.9 502.4
548.8 550.4 553 555.8 557.6 555.6 552.3 551.3 550.5 549.1 548.9 547.8 543.2 543.9 540.6 545.5 550.8 561.7 567.7 575.1 590.2 599.9 611.6 621.3 624.1 622.5 620.2 622.7 619.8 613.4 602.5 592.6 577.9 550.2 552.8 543.5 528.8 517.7 510.4 503.5 497.7 492.8 489.5 485.7 469.5 476.4 479.6 480 483 485 487.7 494.2 502.7 508.9 518.4 519.4 517.7 512.6 514.7 521 516 514.5 519.3 515.5 520.9 520 522.2 523.8 529 531 531.9 534.8 530.5 518.3 519.6 519.1 511 497.2
558.5 559.6 560.7 562.3 563.6 561.3 558.4 557.4 557.1 555.5 556.2 555.5 551.8 550.7 547.1 552.3 560.2 565.9 573 579.6 596.2 609.6 615.3 620.8 627.1 627.5 625.9 633.6 628.7 619.7 604.9 591.7 575.3 559.6 563.2 551.3 535 524.9 514.8 507.9 501.2 497.5 493 481.7 480.7 481.2 483.5 489.5 488.4 491.7 495.3 503.2 507.6 518.9 529.7 536.3 528.8 523.3 522.3 529.7 532.4 526.5 527.9 524.5 527.4 530.1 530.7 533.8 534.4 537.9 546.1 547.8 530 514.2 506.5 505.9 501.5 488.9
574 574 572.8 569.9 568.2 565.8 564 562.7 562.9 562.3 561.3 560.8 558.1 552.6 552.4 558.4 565.9 572.3 578.7 586 598.7 612.1 619.8 626.8 632 632.5 633.6 640.1 637.7 625.6 609.8 594.9 580.3 568.9 568.8 551.8 540.6 529.9 518.8 511.1 505.8 501.5 496.5 489.3 490.4 489.1 490.9 493.2 494.2 498.1 503 512.6 520.2 528.5 537.5 545.7 538.4 533.3 533.4 537.5 546.2 539.6 537 534 537.4 538.9 539.2 540.8 543.1 546.7 552.9 550.4 525.9 508.8 500.9 493.1 487.9 479.8
589.7 586.7 583.6 580.5 576.1 573.4 570.3 567.3 566.9 565.3 563.5 559.6 558.9 559.1 561 566.2 573.8 580 584.1 591.9 604.2 618.7 631.7 637.7 639.8 638.6 641.3 642.6 638.6 627.3 614.2 596.9 587.2 579 565.4 552.7 543.3 532.9 524.7 516.9 510.5 504.9 500.1 489.1 496.6 496.5 498 500.3 501.8 504.8 514.4 522.1 533.5 540.5 539.8 551.3 548.3 543.2 547.5 548.6 553.4 551.4 547.3 543.6 548 547.6 551.3 550.9 548.9 560.3 559.9 552.7 529.7 511.5 505.3 499.7 490.6 475.1
604.3 597.8 594.5 592.1 587.4 581.8 576.3 571.6 569.5 567.8 563.8 558.6 561 564 568.1 573.9 582.6 586.8 593.1 602.7 614.8 628.3 640.7 646.5 646.9 646.5 647.5 646.5 639.6 633.1 621 603.3 593.1 582.6 563.8 554 546.5 537.9 528.1 518.5 512.2 508.7 500.5 500.6 500.5 502.3 503 508.6 511.5 514.5 524.7 535.8 548.1 552.9 552 549.7 550.8 552.4 557 560.9 557.3 560.5 556.4 556 562.4 565.4 561.6 560.1 560.7 561.3 561.5 553.8 539.3 515 505.4 500.7 494.1 478.8
613.5 605.7 602.7 599.3 594 587.1 580.8 576.1 573.4 570 565.6 566 568.1 570.2 574.7 582.3 590.2 595.3 604.2 615 626.8 638.8 651.8 657.8 654.4 654.6 653.1 650 647.3 639.9 624.7 607.5 595.3 578.8 567.4 556.9 549.7 541.3 533.1 524.2 518 510.4 499 509.5 507.6 511.6 509.5 516.4 519.8 525.5 539.7 545.9 558.5 563.4 560.3 555.4 555 559.7 566.3 568.3 566.2 568.4 566.6 568.6 572.8 580.8 576.7 571.7 572.7 565.9 559.8 554.2 536.9 513.3 503.6 501.6 500.3 488.4
621.2 615.1 609.3 603.4 597.1 591.2 586.5 582.2 578.4 571.8 575.6 572.7 575.5 576.9 583.2 590.4 596.3 604.4 615.3 626 639 651.4 661.5 664.4 662.1 662.8 660.2 656.9 653.7 642.9 625.9 609.3 594.3 580.3 569.6 560.1 550.3 539.3 530.3 524.3 519.2 509.2 511 510.7 514.7 518.9 519.4 521.5 524.7 533.9 547.9 555.5 569.8 569.6 568.3 560.4 565.2 567.5 577.9 580.4 577.2 573.3 574.9 579.8 584 586.9 588 582.1 582.3 572.6 555.3 547.5 525.8 510.7 506.4 509.6 499.6 489.5
628.3 621.1 614.6 608.5 602.4 595.8 592.2 587.5 580.5 581.2 583.8 579.3 583.5 586 591.6 598.6 606.2 614.5 625.3 638.8 652.6 664.6 670.7 672.6 672.3 673.9 672.3 669.6 661.2 647.9 626.7 609.4 593.7 583.9 573.1 563.5 553.6 540.6 532.7 525.6 520.3 510.9 517.4 517.4 521.3 524.5 522.7 524.2 530.4 542 556 566.7 574.3 575.8 575 567.3 574.7 578.2 586.3 589.1 583.4 581 584.5 591.9 597.3 595.7 592.8 590.6 588.2 578.1 548.8 529.6 515.2 509.3 502 503.8 501 491
