app/static/ascii/NN84.asc
ncols 200
nrows 200
xllcorner 280000
yllcorner 740000
cellsize 50
[rows 35 to 69 of 200, columns 78 to 155 of 200]
176.3 177.5 176.8 175.3 176.5 176.5 175.9 173.8 170.9 169.9 168.7 167.5 164.8 160.8 159.3 159.1 159.9 157.2 157.3 155.3 151.9 151.8 155 155.4 157 159.1 159.6 158.7 161.4 162.9 157.1 150 158.5 167.9 167.3 170 172.4 176.8 179.5 179.2 190.3 193.6 197.1 199.9 202.4 204.8 206.8 208.8 212 216.1 222.5 227.8 235.1 244.1 248.4 249.9 251.5 253.8 254.9 256.9 259.8 258.2 258.9 258.8 261.2 266.6 269 264.4 257.8 248.3 242.3 240.3 236.3 234.7 246.3 253.6 258.7 263.2
187 185.8 185.8 184 181.6 181.3 181.4 180.1 178.4 178.3 177 176.2 175.6 173.1 172.1 171.7 171.6 168.3 165.7 165.1 161.9 162.8 164.4 164.7 166.3 168.3 167.6 167.2 167.9 170.7 159.4 149.4 162.5 170.7 173.3 176.2 179.2 183.1 187.1 190.8 196.7 199.3 203.3 205.5 209.9 211.1 213.1 216.1 220.1 230.2 238.5 245.3 250.1 259.1 261.7 259.7 260.7 263.9 265.1 269.6 274.8 278.3 274.6 274.4 275.5 279.7 282 275.1 268.5 258.9 251.6 248 245.9 241.3 242.1 252.5 260.4 265.8
198.6 195.1 192.4 190.5 188.8 186.2 187.4 186.1 185.2 185 186.9 186.5 186.6 185.7 186.3 186.5 185.3 182.7 182.8 179.7 174.3 173.2 174.7 175.1 174.7 175.3 174.9 174.5 175.8 176.5 163.7 150.2 159.1 172.8 179.3 183.3 187.3 190.5 194.9 198.6 202.3 206.1 208.3 211 214.6 215 219.9 224.7 233.4 242.1 249.6 254.3 259.1 268.5 273.7 270 267.2 271.3 276.3 281.5 291.1 297.7 291.9 288.2 288.5 289.9 289.8 283.1 276.6 268.5 259.3 254.6 251.3 250.6 244.8 252.7 259.8 267.5
207.7 205.8 203.3 200.4 198.9 196.6 197.7 193.7 192.1 193 195.8 198.8 200.3 201.7 202.1 202.7 200.8 202.8 203.7 197.3 193.6 185.6 186 186.5 184.2 184.1 184 184 185.7 183.1 160 149.8 158.6 176.3 187.2 188.4 193.3 198.6 202.6 206.4 210.1 213.9 215.4 218.3 224.4 228.3 231.2 234 241.9 249.7 259.9 265.1 270.2 277.6 282.5 281 279.5 280.8 284.6 290 299.3 304.8 303 298.9 296.1 292.8 290 285.1 279.9 275.1 266.1 259.9 257.3 256.5 254.3 250.3 259.1 267.3
218.5 217 213.8 210.5 211.5 211.1 207.8 206.1 206.1 204.8 205.9 208.3 209.8 215.9 219.7 225.1 234.1 236.9 232.9 219.4 209.2 205.5 201.8 202 198.4 196.8 195.7 195.2 192.1 177.1 155.3 150.9 167.7 179.6 192.5 198 201 204.9 210.6 214.8 219.5 224 230.3 241.4 250.4 256.6 259 248.7 252.3 262 271.2 275.7 281.6 289.2 296.6 296.7 294.5 293.5 293.2 298.5 302.5 309.1 309.1 304.8 302.1 298.4 290.4 284.3 280.7 277.9 272.8 266.6 263.6 262.4 262 260.8 260.8 266.5
233 231 226.8 227.6 228 223.8 218.7 219.4 221.2 228.5 232.1 226 228.1 229.6 233.7 237.7 245.1 249 248.9 239.5 230.5 225.2 222.1 220.4 215.8 214.9 212 201 186.4 165.2 157.8 162.1 176.2 187 199.6 204.5 207.8 213.8 223.3 227.9 230.2 238 251.8 261 265.2 271.2 273.5 267.6 265.5 271 281.5 282.7 293 304.4 314.1 317.2 308 299.7 300.3 302.6 308.9 313.2 314.7 311.6 306.3 300 292.7 286.2 281.4 279.7 279.1 273.5 269 266 266.5 268.6 269 262.1
242.9 243.4 242.4 244.4 247.6 246.6 237.9 232.6 231.7 236.4 237.9 240.8 241.3 239.8 240.6 240.5 249.9 251.1 250.3 246.6 241.3 236.6 236.6 237 234.1 227 213.4 195.6 176.6 158.4 165.8 175.1 190.2 201.3 207.6 211.4 216.5 226.4 236.1 238.5 240.6 252.3 263.7 271.1 280.3 284.3 284.7 281.4 277 282.4 288.1 296.5 303.8 314.4 321.3 320.7 308.9 305.6 306.2 311.2 313.2 318 321.3 319.6 310.1 303 295.5 288.7 283.7 280.3 275.3 270.5 269.3 268.3 270.7 273.2 276.9 271.6
252 253.7 252 252.6 255.1 255.6 251.3 249.8 247.3 246.1 251.1 250.5 245.4 244.2 244.7 245.8 249.2 251 249.7 246.4 243.8 241.3 240.5 243.1 241.2 222.4 205.2 189.3 162.3 167.3 178.8 189.9 203.7 210.9 218.9 218 225.1 237.8 247.8 256.9 257.4 258.5 274 281.9 290.8 295.5 294.8 294.2 289.6 290.6 297.2 304.1 309 317.7 322 319.7 309.7 312 314.4 320.6 323.7 329.8 331.2 326.6 317.9 307.6 300.4 293.1 286.7 280.7 274.7 271.6 271.4 273.2 277.5 280.9 281.7 280.5
259.6 261.2 257.2 257.5 261.2 265 263.5 260.9 257.6 266.4 268.2 265.8 261.1 254.2 249.8 248.4 249 250.3 251.1 248.8 246.2 244.5 244 245 241.4 220.3 203 179 167.5 180.3 190.6 200.3 210.9 223.3 229.4 225.8 232.7 247.9 257.1 266.9 268.2 269.9 284.8 294.8 303.3 309.1 310.2 307.7 302.7 300.1 304.2 309.1 313.3 320.7 320.7 318.4 313.6 319.3 328.8 330.8 335.6 338.5 338.8 331.3 323.7 314 305.9 297.6 288.8 281.9 277.1 275.3 276.3 278.6 284 285.2 285.3 283.4
266.7 271.3 269.1 264.5 268.2 274.5 279.6 270.6 276.4 278.5 277.9 274.2 271.9 268.2 261.3 255.9 252.4 253.7 253.9 251.3 248.6 246 246.6 247.3 240.8 218.7 201.4 172.7 176.6 193.4 199.8 208.5 219.3 232.4 235.7 236.8 241.5 252.2 264.2 273 277.4 288.3 297.4 307.7 318.7 327.9 331.6 331.6 315.3 311.1 311.1 315 319.9 322.5 320.9 320.2 323.2 330.2 333.4 339.4 340.8 343.5 343.3 335.3 327.4 317.8 310.3 302.1 292.9 285 280.5 279.3 279.9 282 287.9 287.6 288.2 284.5
280.5 280.1 280.5 282.3 281.3 283.8 284.6 281 286.2 284.5 281.8 278.7 278 274.6 271.5 267.6 260.9 258.9 257.4 254.5 250.7 248.3 249.2 247 240.3 218.6 203.3 172.9 193 216.4 209.5 217 232.4 239 242.8 246.6 250.3 258.8 269.3 280.5 287.9 297.2 306.4 319 333 341.5 346.2 346.9 335.2 320.3 320.6 323.9 327.4 329.1 330.3 333 332.2 334.6 338.3 344.5 347.5 349.8 349 340.2 330.7 321.1 314.3 306.2 297.5 289.2 284.7 282 284.1 288 290.6 290.3 289.4 282
291.9 291.1 291.6 292.8 292.7 291.4 289.5 288.6 290.6 288.6 285.6 283.5 282.9 278.6 276 273.8 269.6 263.3 260.4 257.4 254.3 251.8 252.8 251.7 241.5 220 199.6 186 202.5 216 216.6 219.4 236.4 242.8 246.9 251.6 255.8 265.8 279.5 289.4 294.2 301.1 312.3 329 345.4 360.3 362.4 361.4 354.5 336.3 324.9 329.4 333.3 336.1 336.6 339.2 339.5 339 345.9 353.7 355.7 356.5 353.8 344.8 334.1 324.7 317.2 310.8 302.3 294.5 289.7 288 288.1 290.2 290.7 291.2 288.9 287.6
301.5 301 300 296.5 296.6 297.1 296.9 294.8 295.2 292.9 291 289.5 289.2 286.1 283.6 281 274.3 269 266.6 263 259.7 258.9 258.2 258.9 247.5 222.8 196.6 205.8 213.2 216.9 227.9 233.7 243.5 250.4 253.8 258.9 264 277.6 286.5 293.3 297.7 303.3 314.5 332.3 352.3 365.8 370.9 369.6 364.7 352.4 332.6 331.6 335 339.9 340.9 344 347.7 350.3 355.9 360.5 364 363.1 358.9 349.1 336.6 327.9 321.5 315.3 306.2 297.9 291.7 289.7 291.8 290.8 290.4 289.5 288.8 289.2
304.8 306.6 306 304.3 303.7 305.1 304.9 307.5 307.6 304.7 300.4 299.3 301.1 299.5 296.3 288.9 281.3 277.1 274.3 272.1 270.5 269.1 266.6 264 249.7 226.2 203.8 215.1 231 234.5 244.6 253.6 255.1 257.7 261.7 266.7 275.9 288.1 295.2 297 302.1 309.6 317.7 334.5 353.2 368.2 375.5 376.3 371.4 360.2 341.2 337.1 338.2 339.5 343.2 346.8 353.3 360.8 361.3 368.3 370.9 368.8 363.5 355.1 341.4 333.6 326.8 318.4 309.2 301.5 295.5 291.1 291.9 291.6 290.5 289.7 289.3 289.3
309.6 317.7 316.6 315.9 315.4 315.3 315.8 321.6 328.3 325 316.5 311.1 315.3 313.5 304.9 296.7 292.7 288.3 284 279.2 278.4 276.1 273.9 270.8 249.8 231.7 211.3 228.5 253.5 260.2 257.6 261.7 262.4 263.5 270 279 287 293.3 300.6 303.7 310.1 319.6 326.9 338.5 350.7 364.8 376.3 380.1 378 368.5 349.7 341.6 341.2 341.6 344.1 349.7 356 361.7 367.4 369.8 371.3 369.8 365.9 359.5 350.5 340.3 330.9 321 311.6 305.6 299.4 295.3 292.9 292.8 291.9 291.3 290.6 290.2
318.5 321.1 323.3 325.2 327 330.1 328.3 328.9 334.8 336 330.8 330 324.9 316.8 309.7 305 300.8 296.1 292.4 289.5 285.9 282.6 279.6 273.4 252 237.3 224.2 246.9 261.9 261.7 260 266.8 268.9 272.5 284.1 291.9 295.2 296.9 301.5 307.7 316.3 324.3 331.8 339.6 349 362.2 375.3 380.6 382 375.8 357.8 346.2 344.9 345.3 347 350.2 357.2 363.3 368.6 371 371.4 370.5 365.5 359.7 350.7 342.3 331.2 322.7 315.4 310 303.7 299.2 299.7 295.1 294.2 293.4 292.8 291.9
321.5 324.2 328.8 332.3 333.5 337.4 338 333.5 338.4 340.6 341 332.9 326.1 320.2 314.1 310.1 304.1 299.8 295.4 292.8 290.1 286.4 285 277.2 258.5 249.1 233.4 257.4 267.4 266.9 266.7 270.3 274 279.1 287.1 296.3 301.7 305.2 309 312.5 320.8 329.1 335 340.6 348.8 359.6 372.3 378.8 381 377.9 365.7 353 348.6 348.2 349.1 352.1 358.1 363.3 368.2 371 371.1 368.1 361.8 354.3 345.6 338.2 330.3 325.4 319.8 314.4 309 305.1 304.5 301.6 296 294.7 293.7 296.2
331 331.5 332.7 339.6 350.1 351.2 345.9 340.7 339.9 339.8 335 330.2 327.4 322.5 315.8 309.5 304.4 300.6 297.3 293.8 291.5 288.1 287.5 282.2 274.5 262.1 244 263.7 274.4 273.5 273.2 273.1 278.1 283.1 288.6 297.7 305.8 311.2 317.3 320.8 325.9 334.6 339 344.5 351.3 361.4 371.9 377 380.4 380.6 371.4 358.1 352.7 351.5 352.2 355.6 358.2 362.3 366.1 369.2 371 364.7 358.7 350.4 344.5 340.2 333.3 329.3 323.9 317.7 313.6 309.6 306.4 301.5 297.7 295.9 295 299.5
338 352.9 346.9 349.2 357.8 360.3 354.8 344.5 341.2 337.4 330.6 329.5 328.2 323.6 317.2 308.6 303.1 299.6 296.9 293.8 292.2 290 290.1 290 288.2 274.8 250.5 270 281.2 281.7 282.3 283 284 289.8 291.1 297.9 307.7 314.2 319.7 323.9 330.5 340 344.6 348.4 353.3 361.1 370.7 375 378.9 385.6 372.2 360.2 357.9 358.3 358.2 358.9 359.8 363.5 367.2 370.7 367.9 360.8 355.3 349.5 344.7 341.4 337.2 332.2 326.5 319.7 316.9 311.8 306.3 301.7 300 298.6 297.3 302.2
347.8 358.5 357.3 355.1 360.6 359.7 354.1 346 339.4 335.8 329 329.1 330.1 324 317.1 308.5 301.3 298.1 296.1 294.2 292.4 291.2 291.4 292 291.4 280 258.3 277.3 286.2 287.7 288.4 289.6 289.9 290.4 295.2 302.8 310.2 315.6 319.6 324.2 331 339.8 344.7 350.7 354.5 359.8 367 371 379 381 378 369.3 361.4 362.9 361.5 361.5 361.7 365.1 368.7 370.3 365.8 358.7 353.2 346.9 342 339.4 335.9 335.5 328.4 321 316.9 311.1 306.8 303.1 299.8 299.3 299.5 302.5
348.9 359.2 360.7 358.9 353.2 349.1 348.1 345.2 339.6 341 333.4 331 326.2 320.4 313.1 307.5 301.9 298.6 296.9 294.3 292.7 291.2 291.5 286.4 279.5 271.1 274.7 291.5 291.2 293.1 293.6 294.2 293.9 293.6 297.2 305.7 312.7 318.4 322.7 328.7 334.1 339.4 344.4 350.5 355.4 360.7 365.3 370.7 378.1 380.3 380.2 369 368.2 367.9 367.4 368.8 365.7 363.3 363.4 362.6 359.4 354.8 348.3 344 341.1 338.4 334.5 331.5 326.4 319.5 317 310.6 308.7 304.2 300.5 301.5 302.7 305.8
350.6 357.3 359.4 358.2 356.5 354.6 349.7 347.8 341.6 339.6 338.8 334.7 326.7 319.5 310.5 305.5 302.8 300.8 297.6 294.6 292.8 291.2 285.9 277.2 276.4 281.5 285.9 296.4 296.6 296.6 297.9 298.6 300 300.2 299.4 306.2 315 321.5 326.6 332.1 338.1 342.2 348.2 352.3 355.7 359.3 363.1 369.4 375.3 379.2 379.1 374.9 371 370 369.6 370.4 368.8 361.8 359.9 359.8 354.8 349.7 347.4 344.8 342.1 340 332.9 330.2 328 323.7 319.9 314.9 310.9 307.8 306.2 308.3 308.4 309.3
354.5 357.8 361.3 368.1 367.4 360.9 359.4 354.1 350.4 344.5 341.1 337.6 327.3 317.9 308.8 304 301.3 299.8 296.8 294.1 289.6 286.2 279.9 278.9 287.6 292.1 293.6 298 299.7 300.4 301.6 303.2 304.8 306.8 305.6 309.4 315.9 323.2 328.7 335.6 341.6 346.2 351.5 355.9 358.7 361.6 365.8 368.9 373.1 377 379.2 377.2 372.2 370.2 370.8 370.4 370.6 365.6 359.1 359 354 349.1 347 343.3 339.7 339.1 335.5 330.7 330.1 326.6 321.1 316.1 309.2 308.2 308.9 310.6 314.4 313.5
358.7 360.7 364.4 369.3 370.2 363.2 357.6 353.5 350.4 342.7 337.8 328.4 318.6 310.7 304.9 301.9 298.7 296.6 294.5 291.1 285.3 281.5 280.7 285 291.4 296.1 299.9 303.4 304.9 305.4 306.5 307.4 310.1 312.4 309.9 318.9 319.2 324.9 333.2 339.7 344.8 350 354.4 358.8 361.7 364.8 367.4 369.7 373 375.7 378.1 377.2 376.7 374.8 374.2 373.3 371.7 370.7 360.7 359.4 357.8 354.8 350.2 344.7 340.4 338.8 336.4 332.5 329.9 326.1 321.5 320.2 313.9 308.7 308.9 314.3 318.9 318.9
367.4 365.4 368.1 370.8 371.3 369.9 361.1 351.8 348.3 340.7 333.8 322.9 314.3 306.6 303.2 299.7 296.6 294.2 292.7 290 284 282.9 287.1 291.7 294.5 299.6 304.8 308.9 310.4 309.5 313.1 309.4 314.7 317.4 319.9 325.5 326.1 327.6 332.8 340.7 347 352.8 357.3 361.3 364.4 367.6 370.8 371.4 373.2 375.9 377.9 378.4 379.2 378.5 377 375.6 373.4 370.7 364.2 359.3 360.5 360.8 354.1 347.2 342.7 339.8 335.7 331.8 329 323.5 321.4 323.2 320.7 313.2 312 316.4 320.6 319.1
370.8 369.2 371.9 378.7 372.9 367.9 357.1 348.1 343.2 338.2 330.6 323.4 313.6 306 301.8 299.4 295.4 292.9 290.7 286.2 285.5 288.9 293.2 296.9 300 304.2 309.8 314.8 317.2 316.5 319.9 317.1 319.4 321.2 324.2 330.8 333.3 334.2 337.3 342.3 347.9 352.4 360.2 362.5 366.5 369.8 370.5 372.4 375.3 377.6 379.5 381 382.6 382.8 379.2 378.1 375.3 370.8 369.3 360.6 360.6 360.9 353.7 347.5 342.3 338.2 334.9 331 329 325.9 328.7 325.2 322.6 316.8 317.5 320.1 320.3 319.1
370.2 371.3 371.2 368.9 364 358.7 350.7 344.4 337.6 331.6 325.7 318.9 310.4 304.5 299.6 296.7 293.2 291.4 288.8 286.7 292 297.7 297.9 301.1 308.8 313.2 318.8 319.8 322 321.8 322.5 323.8 327.6 329.3 330.3 338 339.1 340.5 342.1 345.9 350.6 356 361.5 364.6 368.3 369.1 372.1 374.5 377.3 379.2 380.3 385.2 388.3 387.9 379.7 379.6 374.9 370.5 368.5 364.9 363.6 361.6 354.6 348.2 344.9 340.6 335.7 331 329 329 331.3 328.8 325 322.5 325.2 325.2 324.6 323
371.3 371.3 367.4 363.4 357.8 349.8 345.3 341 333.9 326.5 321.6 315.9 309.7 302.8 299.1 293.9 291 288.7 290.2 291.6 298.4 301.8 304.8 310.2 316.9 321.3 325.5 326.5 327.1 329.2 331.1 331.5 337.1 338.1 339.1 344.4 346.8 347.3 347.5 349.2 353.8 359.3 364.6 368.2 368.9 369.4 373.8 377 379.2 381 383.3 387.8 390.7 389.6 381 376.6 371 369.9 369.3 369 366.7 363 358.6 351.7 348.2 341.4 336.9 333.4 331.7 336.7 333.4 330.7 329.1 331 330.9 329.4 329.3 330.7
367.1 365.8 358.5 356.4 350.2 342.5 338.1 335.1 329.4 324 320.2 314.8 309.4 301.3 298.5 296.4 294.1 293.4 296.6 301.7 305 307.2 309.9 319.1 321.7 325.9 329.7 332.7 333.6 334.6 337.2 338.9 342.1 343.9 345 350.6 353.3 353.6 352.6 353.8 357 360.6 366 371.3 371.5 371.8 376.5 382.4 384.2 385.4 386.4 389.1 390.7 390.6 383.3 378.1 372.7 370.7 371.4 371.2 370.7 364.1 360.3 356.4 350.4 344.5 339 338.3 338.9 340.1 336.8 333.6 333.5 334.6 331.6 329.3 330.5 331.4
361.6 357.6 350.8 347.5 343 336.7 333.4 329 324.1 320.1 316.1 311.9 305.1 299.1 298.6 300.4 301 301.9 305 309.6 312.4 313.8 319.2 323.5 325.3 328 332.3 336.8 340.3 341.9 343.8 347.3 346.8 348.5 349.4 353.8 358.7 358.8 358.6 358.6 360.4 364.3 369.8 374.1 377.2 378.2 379.9 384.6 390.2 390.2 390.9 393.3 396.6 393.6 387.5 379.8 378.6 377.5 379.3 377.8 371.5 369.7 363.8 360.6 356.7 348.7 344.1 345.5 346.4 343.8 340.7 338.7 340.1 340.5 337.9 334.2 335 336.4
356.5 350.7 346.3 343.8 339.4 333.6 329.1 325.5 321.7 315.9 311.8 306.5 299 298.8 299.2 306 308.7 311.3 314.3 318.2 319.5 320.7 325.1 328 332 335.7 337.3 340.6 347.4 350.6 352.2 352.9 352.5 353.6 355.3 358.3 359.9 362.9 363.9 363.7 363.9 365.4 370.1 375.9 380.5 381.7 382.3 388 391 394.1 396.1 399.1 400.2 400.6 390.8 384.7 383 384.1 383.6 379.6 373.7 369.6 368.6 363.9 360.9 354 349.6 350.3 350.3 348 342.6 344.2 346.7 346.6 344.7 340.8 340.6 339.5
350.9 348.9 344.7 341.8 338.2 332.4 327.7 324 320 314.7 310.4 301.5 299.2 300.5 307.8 313.9 317.6 320.6 323.7 325.4 325.9 328.2 332.3 336.6 341.5 345.5 345.4 348.9 352.6 356.8 358.6 357.9 357.3 359.5 360.4 360.6 362.5 367.5 369.2 368.1 367.9 368.6 372.4 377.3 381.4 384.6 386.7 389.7 391 396.7 402.2 410.5 410.6 404.8 393.2 388.5 389.4 390.5 388.3 382.1 377.3 374.2 372.8 370.1 359.3 357.5 354.2 350.8 350.7 350.6 346.5 347.2 350.9 352.8 349.7 351 349.6 346.7
346.5 344.8 343 339.8 336.6 332 326.9 323.5 318.1 310.6 306.3 300.9 298.9 305.2 314.5 319.7 323.8 327.5 331.1 331.8 333.1 335.5 339.1 343.6 347.4 352.2 354.2 360.9 359.6 362 362.6 360.8 361.4 363.2 365.5 366.5 367.8 370.7 370.6 370.3 370.6 371.2 375.3 380.6 383.8 387 390.5 393.9 395.9 398.1 405.7 410.8 410.7 404 399.9 395.8 394.1 394 391.7 386.1 382.2 381.8 380.4 377.9 369.9 362.8 358.3 354.6 352.1 352.9 348.5 349.4 354.3 358 361 360.1 358.6 356.9
342.4 341.4 339.8 337 332.9 330.3 326.6 321.8 314.1 309.2 307.6 303.1 300.6 308.9 322.6 326.9 329.5 332 335.3 337 339.5 342.1 345.4 350.1 353.4 358.1 362 364.5 364.4 365.2 365.3 364.3 365.2 367.1 369.9 370.9 369.7 371.8 374.8 375.4 377.3 376.6 377.3 382.5 387.2 390.7 394.1 398 401 401 400.9 409.3 409.6 409.1 408.1 401.5 396.5 396.4 395.8 392.6 392 390.3 386.5 382.4 374.8 368.9 359.4 355.7 354.8 353.8 349.6 352.5 358.5 362 364.6 364.3 363.1 368.1
338 337.3 336.4 333.7 331.2 328.5 324.5 320.7 314.2 309 308.3 310 309.1 321.5 327.8 333.7 336 338.2 340.2 342.8 345.5 348.3 352.3 356.3 360.1 365.8 369.4 369.8 369.2 369.8 367.8 367.8 369 370.5 372.9 371.9 372.4 375 377.1 380.1 379.3 378.6 379.1 385.8 391.8 395.8 399.9 402.3 404.8 405.9 407.5 410 411.4 417.5 416.9 409.3 402.6 398.7 399.7 398.4 399 398.9 393.6 386.5 378.5 373 364.8 358.8 358.9 357.3 354 355.7 359.4 364.3 366.1 366.6 367 367.7
