app/static/ascii/NN86.asc
ncols 200
nrows 200
xllcorner 280000
yllcorner 760000
cellsize 50
[rows 0 to 34 of 200, columns 78 to 155 of 200]
464.3 462.6 457 450.9 444.4 438.9 435.2 430.2 425.4 418.3 408.3 418.1 421.4 425.9 428.1 429.2 430.2 429.6 429.8 427.8 427.5 428 427.1 427.2 425.7 419 410.8 425.7 432 437.2 442.5 450.4 454.9 460.7 467.4 476.4 482.5 495.1 509.3 518.7 526.6 532.4 536.4 538.7 540 541.9 544.3 545 545.2 544.8 546.3 544.5 541 534.5 525.1 514.1 501 489.3 480.1 472.4 461.6 452.8 444.6 433.6 424.4 412.2 401.6 389.2 379 368.4 353 344.1 342 340.5 328.2 293.1 268.7 273.4
451.6 454.9 453.9 447.8 441.6 437.2 433.6 428.7 425.3 412.9 407.1 417.9 419.1 423.2 425.2 424.9 425 424.7 424.9 424.1 423.5 423.4 423.1 422.9 420.9 408.6 412.2 427.9 432.6 437.2 442.8 450.7 457.6 465.5 471.5 477.7 491.8 504.7 514.8 522.8 530 535.4 538.9 539.8 539.4 538.9 538.5 539.7 539.5 539.1 537.9 536 534.9 529.6 520.9 510 499.6 487.2 478.3 469.6 459.6 450.9 442.4 432.3 421.7 410.6 399.5 384.1 375 364.5 353.1 341.2 339.5 338.3 327.9 309 270 246.5
441.3 443.6 445.4 443.2 437.4 434.2 430.5 426.6 423.1 406.2 417.3 416.3 416.7 419.8 421.1 419.8 420.2 420.4 420.4 420.1 419.4 418.6 418.9 416.8 409.7 400.2 420.2 426.4 431.2 434.7 443.2 451.1 460 467.6 474.1 485.8 498.4 509.5 518 526.1 533.6 539.9 541.1 542 541.9 539.6 535.4 534.8 533.8 532.2 530.8 529.6 530.4 525 516.1 504.9 495.5 484.7 474.7 465.6 456.8 448.2 440.3 431.2 420.2 408.4 396.5 384.3 374.4 361.9 350.8 339.7 333.4 333.7 325.6 309.8 292.7 274.9
430.1 432.4 435.9 435.3 434.2 429.2 428.7 425 419.7 402.7 415.5 415.4 414.3 416.8 417.2 416.9 417.3 416.3 416.3 415.6 414.8 413.1 414 414.1 397.1 407.5 418.7 424.5 428.3 433.9 441.3 451.5 462.3 471.4 481 492 504.5 513.4 521.4 529.5 536.6 541.5 543.3 544.3 544.3 540.6 534.9 531 528.9 526.7 524.1 523.8 523.1 518.1 510.6 500 490.6 481.7 471.8 463 454.2 445.5 437.3 429 418.8 407.6 395.8 383.2 370.8 356.9 346.2 338.4 328.6 327.5 321.1 308.8 293 270.8
416.8 420.8 422.9 424.7 423.8 425 423.5 420.5 397.4 410.6 414.7 414.2 412.3 413.1 414.2 413.6 413.3 411.9 411.6 411.3 410.2 408.6 408.7 407.3 393.6 412.7 417.9 422.1 428.7 438.6 446.4 455.2 465.3 474.5 486.1 497.8 509 517.8 525.8 532.7 538.9 543.6 547.3 547.3 545 542.1 533.8 528.7 524.7 520.8 518.7 515.5 513.2 508.9 502.7 494.7 486.9 478.1 468.5 460.4 451.6 443.1 434.9 426.7 417.4 405.1 393.7 383 372.8 358.9 347.9 339.8 329.2 322 316.7 308.3 290.9 268.9
408.7 410 411.4 412.9 416.2 416.2 416.7 413.7 400.3 410.3 412.8 411.3 410.7 412.3 409.5 409.2 410.6 410.5 407.1 405.8 403.4 403.9 404.4 393 396.2 409.3 415.2 420 427.6 437.7 445.9 455.6 465.7 476.6 490.3 502.9 512.4 521.3 529.1 535.8 539.8 545.5 550.1 549.6 545.6 541.5 536.9 527.6 520.8 516.1 513.2 509.6 504.4 500 495 487.5 482 474.1 465.2 457.9 449.6 441.4 433.3 424 414.8 404.8 394.3 384.1 373 361.1 350.5 340.4 329.8 318.9 315.1 303 288.6 267.2
398.8 401.7 403 404.7 406 407.8 408.2 402.9 400.1 411.5 411.6 408.7 412.5 411.7 409.8 404.7 407.2 407.1 403.2 401 402.3 400.5 401.3 385.9 400.8 409.3 413.3 419 426 436 445.1 454.5 466.5 479.2 492.9 505 514.4 522.4 529.4 534.8 537.9 543.7 548.8 548.2 542.8 538.4 534.2 526 517.6 511.6 507.1 502.5 497.3 493 488 481.4 475.1 469.4 462.9 455.7 448 440.3 432 422.2 413.8 402.7 393.8 384.4 373.3 362.2 353.9 342.6 332.3 319.1 310.3 298.9 285.3 265.4
390.2 391.8 392.5 395.7 397.1 398.1 400.9 383.9 396.9 403.7 407.5 411.1 412.4 411.2 409.5 406.8 399.5 397.9 399.6 398.4 399.2 396.5 398 381 401 406.1 410.6 416.7 424.2 434.3 442 455.2 468.1 480.8 494.3 505.8 513.8 521.1 527.3 531.7 535.9 540.3 542.8 542.1 539.3 535.9 530 522.5 515.2 507.8 500.4 495.4 490.7 487.2 482.9 477.6 471.6 465.9 459.9 453.4 446.8 439.8 430.6 420.6 412.4 402.2 393.3 383.9 373.6 361.4 351.9 341.5 329.1 317.5 305.7 294.5 280.4 262.8
375.9 379.3 382.1 388.1 381.3 378.8 383.1 391.9 396.5 405 411.6 411.8 411.4 410 409.5 406.4 406.1 400.6 393.6 392.7 392.3 390.5 389.6 377.6 396 401.3 405.4 413.9 421.9 430.5 441 454.4 467.7 481.2 494.1 505.5 512.7 518.9 524.6 530.3 534.8 538.5 537 536.2 536.1 530.3 523.6 517 509.1 501.8 494.7 489.1 485.5 481.4 478.2 473.1 468.1 462.6 456.8 449.9 444.5 437.6 429 419.9 411.2 401.2 392.1 382.9 373.1 363.4 349.8 337.4 327.3 315.6 303.6 289.3 277 257.5
360.8 366.1 374.3 365.7 372.5 383.8 391.5 397.4 403.2 405 408.2 410.2 409.8 409.8 409.2 410 406.6 402.5 394.4 391.6 390.8 389.6 381.9 374.6 391.8 398.7 401.7 407.1 414 428.9 440.4 454.1 466.9 480.4 493.5 504.2 511.4 516.8 522.3 529.2 535.9 533.2 530.7 528.7 528.5 523.1 516.4 509.7 502.5 495.6 488.8 484.8 482 476.9 471.5 467.5 462.8 458.8 453.5 448.1 442.3 435.3 426.9 418.3 410 399.9 391.2 382.2 372.9 361.6 349.8 337 326.1 316.3 305.3 288.9 272.1 251.5
352 359.8 361 366.7 380.1 386.3 393.8 402.2 402.4 404.2 405 407.5 411.5 413.4 412.6 408.4 404.4 400.3 393.9 389 385.9 386.3 373.8 380.1 392.5 395.8 402.8 410.8 416.8 428 438.6 453.5 466.3 479.4 491.8 501.6 509.1 515.1 520.9 526 528.9 528.1 523.6 523.8 521.2 514.3 508.9 502.4 496.5 490.3 483.6 481 478.4 472.1 466.8 461.8 458.4 454.5 449.9 445.5 439.9 433 424.8 415.8 409 399.7 390.2 381.5 372.2 362.3 351.9 338.8 325.1 315.8 304.4 286.4 266.7 253.6
346.6 354 360.1 368.4 374.7 382.3 392.9 398.2 399.3 399.4 401.5 405.5 410.8 411.7 409.9 407.2 402.8 397.5 393.1 388.8 382.3 382.7 366.3 372.8 385 393.4 401.6 409 414.4 427.1 439.5 453.2 466.4 478 490.7 500.5 508.1 514.9 518.5 523.5 522.7 522 517.6 513.1 511.2 506.3 501.3 495.6 490.1 484 478 474.8 471.3 466.4 461.2 456.8 454 449.8 445.8 441.4 436.6 430.4 422.8 414.9 407.4 398 390 380.9 372.4 363.3 352.5 341.8 327.9 314.5 300.5 281.1 264.5 256.2
339.6 344.4 357.4 363.2 369.7 375.6 381.2 390.9 392.6 395.6 397.1 402.6 405.1 406.9 406.5 404.6 401.6 398.8 392.9 388.2 383.8 379.2 361.8 368.5 380 392.5 398.8 404.6 412.2 427.3 440.1 453.4 466.5 479.1 490.3 499.7 506.6 513.4 517 520.6 519.5 514.3 510 504.7 499.6 496.1 492.7 486.5 481.5 476.1 471 467.4 463.4 459.5 453.8 451.1 448.4 445 441.2 437.2 432.7 426.5 419.6 413.3 405.9 398 389.5 381.1 372.5 362.7 351.8 341.7 328.5 311.5 297.1 278.5 264.9 256.3
333 345.8 354.5 359.6 366.8 368.5 376 381.3 384 390.4 391.5 395.9 396.5 400.2 399.9 399.6 397.6 396.3 392.2 388.4 380 373.9 359.5 364.5 377.3 388.6 396.6 401.6 415.1 428.4 440.7 453.6 466.5 478.5 489.1 499.2 505.9 512.4 516.7 515.2 513.2 509.3 503 496.5 491.2 486.7 481.8 477.9 474.7 470 465 459.8 455.7 452.4 448.5 444.5 441.9 439.3 436.1 432.7 427.8 422.3 416 410.9 404.5 396.5 388.6 379.9 371.1 360.4 348 335.9 324.1 311.6 296 278.1 265 255.6
333.2 338.4 349.2 353.7 360.4 362.3 370.3 374.1 379 383.3 384.6 386.9 389.5 393.8 394.4 395.5 395.2 391.1 391.7 386.3 378.4 358.8 353.2 367.7 377.8 384.4 391.4 402.4 416.6 430 441.9 453.1 464.8 476.8 488.4 500.3 507.7 513.9 515.7 513.2 509 503.7 496.8 488.7 483.9 479 474.9 470.6 467.6 462.8 457.9 453.1 448.5 446.2 444.1 440 436.8 434.3 431.6 427.9 423 418.2 412.2 407 402 394.6 387.5 379 370.6 360.6 344.6 332.4 321.2 307.2 294 278.3 263 253.5
325.8 332.3 344.8 346.4 352.7 356.6 362.5 369.3 371.5 375 377.4 380.4 384 386.6 389.1 390.7 388.2 390.9 387.1 380.2 372.4 361 349.5 370 375.1 382.1 388.3 402.8 417.8 430.3 440.9 452.4 463.3 475.4 487.9 500.2 510.2 518.1 516.8 511 505.5 499.1 492.9 486 480.3 472.7 468.2 465 460 455.1 450.6 446.9 443.2 442 440.2 437 433 429.6 427.2 422.8 418 412.2 406.9 402 397.9 391.1 384.7 377.5 369.2 359.7 348.4 332 321.4 310.6 292.7 277.2 263.6 250.2
333.9 322.6 338.5 341.2 345.7 352.2 357.6 360.7 364.1 367 369.9 374.1 378.4 380.4 381.4 383.3 388 383.7 379.1 373.6 366.2 354.7 348.1 367.3 373.9 378.8 389.4 404 416.6 428.3 439.8 451.5 462.4 474.8 487.3 499.4 512.2 516 516.4 511.4 504.1 497.4 491.3 483.9 477.7 469.9 461.8 456.8 452.5 448.2 444.4 440.2 440.1 438.7 436.6 432.6 428.3 425.2 421.8 417.1 413.6 406.1 401.4 397.3 393.7 388.6 381.8 374.5 367.3 356.7 344.9 335.6 323.5 309.3 292.2 273.5 255.6 244
337.1 320.5 328.3 336.4 340.1 346.5 348.5 351.9 356.1 358.9 363.9 365.7 369.7 373.9 376.1 377 380 373.4 370.7 366.6 358.9 344.8 352.7 366.7 371.1 375.4 388 401.6 414.6 425.4 436.7 448.1 459.5 472.7 486.6 495.8 504.8 512.9 513.2 510.1 505 497.8 491 483.3 475.7 467.2 459.9 453.1 448.2 443.2 438.8 437.9 435.7 434.5 432.8 428.2 423.6 419.7 415.7 411.4 406 402 397.8 393.6 389.1 384.2 378.7 371.4 364.8 355.6 340.8 329.6 317.1 303.9 290.3 270.2 254.3 242.7
336.4 328 322.7 329.8 334.7 337.8 340.8 344.4 349.2 353.8 357.2 360.5 366.2 367.8 368.1 375.2 370.7 365.5 363.3 361.2 349.4 338.6 353.4 364.9 366.7 374.3 384.4 397.7 410.1 421.6 433.5 445.7 455.7 466.3 478.4 488.3 497.8 507.2 511.1 508.4 504.1 498.1 490.4 483.3 476 467.4 459.6 451.8 445.4 440.5 436.5 435.1 433.2 430.7 428.4 425.6 421 415.5 411.9 406.1 401.9 397.9 394.3 389.7 383.9 379.4 375.5 368.3 362.9 353.6 337.1 324.8 311.6 303 289.9 272.1 257.1 241.2
333.3 329.9 318 322.7 326.3 329.9 332 337.1 341.7 346.7 353.4 357.3 356.6 360.7 367.3 368.2 362.4 358.2 357.2 356.6 345 337.1 353 360.8 363.9 373.4 382 393.3 405.6 418.5 430.4 440.4 447.9 459 469.4 483 493.7 501 503.9 504 501.9 496.3 489.4 482.8 475.4 467.3 459 451.4 444.3 440.1 436.9 432.2 430 427.8 425.3 422.1 416.6 412.2 407.5 403 399 394.4 389.9 384.9 378.6 375.5 370.5 365.1 359.3 353.4 340.1 328.3 315.6 303.5 288.1 271.5 255.5 241.1
332.7 330.4 320.2 316.7 320.4 322.6 326.7 330.5 334.8 338.8 344.4 346.8 353.4 359.1 358.7 358.5 355.6 352.3 351.3 348.9 332.7 338.6 351.6 355.8 360.9 372 380.3 389.5 401.5 413 423.8 432.9 440.1 453.5 462.5 478.1 490.4 496.8 499.4 498.3 495.8 493.2 488.1 481.5 474.5 465.8 457.2 450.1 444.6 439.4 435.6 432 427.8 425.1 422.3 419.6 415 410.9 406.1 401.3 396.6 390.4 384.7 379 375.3 370.7 366.8 362.1 358.4 352.9 343 330.6 314.7 300.9 286.7 270.9 259.2 250.1
334.1 332.5 327.2 318.3 313.3 317.8 322.3 323.5 325.5 331.7 336.7 342.9 350.2 349.3 348.2 347.8 348.3 347.1 346.7 343.7 331 340.2 347.6 350.4 358.4 369.3 377.2 385.6 397.2 406.9 416.5 425.1 437.5 446 454.4 470.3 484.3 492 494.4 493.3 490.2 489 484.2 478.4 470.3 462.7 454.7 448.1 441.1 437.4 434.4 431.1 427.8 424.5 420.4 416.9 411.6 408.9 402.4 399.1 393.7 389.5 381.4 372 370.2 366.3 363.2 359.7 355.7 350.1 341.8 331.9 317.1 302.3 287.6 272.3 264.1 255.7
332.8 332.1 327.5 323.2 316.7 311.9 317.3 318.2 318.4 325.5 335.2 338.7 339.6 342.3 341.2 340.9 340.9 342.6 343.1 338.1 321.9 337.8 343.7 344.5 354.9 363.8 372.5 381.8 392.6 402.8 408.8 420.1 431 439.1 446.2 459 473 482.9 487.8 488.3 487.5 484.9 479.4 473 465.4 457.1 450 443.8 439.7 436.9 434.3 432.1 429.2 425.4 422.4 418.3 414.6 411.2 406 400.4 395 388.9 382.4 375.4 369.6 361.9 355 355.6 351.6 346.4 338.3 327.7 314.8 303.7 289.1 275.5 264.2 244.8
333.8 331.9 329.8 325.6 321.1 315 306.9 313 315.4 321.2 327.3 330.2 332.8 333 334.1 335.9 338 340.2 338.3 333.6 329.1 320.7 334.2 342.6 351.5 360.3 367.5 376.8 388.4 397.1 406.3 416.9 424.2 431.8 437.8 449.5 462.8 470.9 477.3 480.2 481.8 480.8 476.2 469.7 462.1 454.6 448.1 444.7 440.5 438.3 436.2 434 431.2 427.6 425.3 421.1 416 411.2 407.5 400.1 394.8 389.3 382.7 376.7 371.1 365.9 359.8 353 345.6 343 336.8 329.5 315.9 306.5 292.5 275.8 249.6 225.1
336.9 333.4 330.7 328.9 322.9 317.9 313 304.8 312.2 315.5 318.3 321.2 324.7 327.1 326.7 330.8 335.2 335.9 333.2 329.9 323.9 309.3 321.2 339.8 347.5 356.7 364 372 383.5 393 403.1 412.4 419.3 424.8 431.3 441.5 453.4 462.2 466.8 472.7 476 474.4 469.9 463.7 459.5 454.8 452.5 450 448 447 444.1 439.4 435.3 431.3 428.3 424.6 419.6 413.3 406.4 400.3 394.9 388.6 382.5 376.7 369.3 364.8 359.1 353.2 347 339.6 329.4 322.6 311.6 304.6 290.3 274.9 260.3 244.6
338 334.9 331.9 328.8 325.6 321.2 319.9 315 301.2 304.2 310.7 312.9 315.7 318.8 321.1 325.1 328 328.2 326.7 326.7 320.4 307 324.1 337.3 344.7 354.8 360.8 369.6 378.2 388.6 398.8 407 413.4 419.2 426.6 435.5 445.4 452.6 457.2 464 467.6 467.3 463.3 461.8 461.3 459.8 464.1 465.1 458.3 451.7 448 443.9 440.3 436.6 432.2 426.8 422 414.5 407.8 400.1 395.6 389.3 383.6 375.5 367.5 362.9 357.6 351.7 346.8 342.4 336.2 328 317.7 306.5 293.4 280.7 268 247.5
340.6 337.6 334.2 332.2 329.9 325.8 324.8 321.3 315.6 309 300.7 303.4 307.9 310.1 313.5 316.8 319.6 321.2 325.6 324.2 317.5 302.3 322.3 332.9 341.1 351.8 357.2 364.5 373.6 386 394.6 400.8 406.8 413.6 422.6 431.3 437.1 443.3 448 453.1 457.8 458.8 460.6 459.7 465.5 474.6 472.9 465.1 458.6 455.1 453.3 450.1 445.6 439.9 433.9 427.9 423.4 418.1 409.4 401 395.3 388.4 380.2 372.1 366.1 360.2 355.9 351.4 346.7 342.3 338 329.7 319.3 309.3 296.5 282.3 271.2 259.2
344.2 341.5 338.3 334.6 333.1 332.3 328.7 324.9 320 315 307.7 296.9 295.5 301.7 304.6 307.6 311.2 316.3 320.5 319.3 313.6 298.8 318.3 329.4 338.2 348.2 354.2 359.8 369.3 384.7 391.8 396.9 402 409.3 417.7 424.3 429.1 435.8 440.3 444.5 447.4 450.7 455.6 463.4 464.2 466.4 464.4 461.2 458.4 457.6 458.8 453.7 447.7 442.5 433.1 429.9 428.1 422.2 410.2 400.1 391.1 383.3 374.9 370.9 362.2 357.7 353.8 350.2 346.5 341.9 336.4 327.2 319 312 300.3 283.3 271.9 257.7
347.8 343.6 341 338.9 336.2 335.3 332.5 328.3 325 318.1 314.8 311.6 305.9 294.1 295.3 298.3 301.9 305.7 308.4 310.4 301.9 296.2 312.5 324.3 333.7 343.5 350.1 356.1 366.7 379.9 386.9 392.5 397.7 405.9 411.2 416.4 422.2 429.3 433.6 436.1 437.8 441.7 445.7 450.4 452.5 453.3 453.8 454 455 458 458.9 452.1 444.1 438.1 434.4 429.4 420.9 412.6 405.6 396.6 387.4 378.8 374.3 367.8 358.9 354.5 351.6 347.5 344 340.3 332.9 326.4 321.7 311.1 300 284 269.7 257.5
351.1 349.2 345.6 343.5 339 336.8 334.6 330.8 327.7 322.8 318.1 316 311.8 307 300.2 289.2 288.4 293.2 296.5 298.9 297.2 293.5 305.7 319.4 331.2 339 345.3 353.9 363.1 373 381.7 387.1 394.3 401.4 406.8 411.9 417.8 424.6 427.7 429.4 431.4 433.3 434.7 437.1 440.5 443.3 447.9 455.7 462.3 457.1 452.9 445.5 440.2 432.9 425.8 421.4 414.9 407.7 402.6 393.4 384.3 378.4 370.2 361.4 355.6 351.9 348.2 344.5 341.3 337.5 333 330.1 322.5 310.8 301.3 283.8 268 256.7
358.1 355.6 351.6 347.8 343.2 340 337.1 333.2 330.8 327.2 322.8 320.1 315.5 312.6 307.6 301.9 294 290.6 283.4 287 293.3 289.5 298.5 313.1 326.8 331.9 339 351.1 360.4 367.9 375.7 382.2 389.9 395.8 400.4 404.5 410.2 415.8 419.9 423.1 426.1 428.1 428.8 428.6 430 431.7 434.6 439.5 446.1 444.8 442.5 441 433.5 426.4 421.8 414.1 407.4 404 396.4 388.5 382.4 373.9 364 357.3 352.7 348.2 346.2 342.5 339.9 335.9 333.2 326.2 315 310.3 296.5 281.6 265.5 253.3
364.8 360.5 356.6 353 348.5 344 340.3 337.1 333.6 330.2 326 323 318.2 315.8 312.2 308 301.9 294 289.6 281.9 285.2 282.5 294.3 306 317.9 326.6 335.8 348.9 356.8 363.4 371.2 378.2 383.7 390.3 393.6 397.1 402 406.8 412.3 418.3 420.9 422.7 423.5 423.4 423.6 425.4 426.5 429.2 430.6 432.1 430.4 428.6 424.8 418.8 412.8 404.3 400.8 394.9 388 381.9 376.8 369.4 360.8 355.5 350.7 346 343.9 339 339.1 336.3 330.5 318.8 313.8 302.8 290.5 278.2 261.7 249.8
370.5 365.2 360.1 357.2 353.3 349.1 344.4 341.9 337.4 333.1 328.9 325.5 321.4 317.5 314.1 311.5 307.4 301 294.3 287 277.7 281 288.5 299.1 312.3 323.8 330.7 345.7 353.1 359.3 366.5 372.9 379.9 385.3 388.3 392 395.7 400 405.9 412.3 413.2 415.6 417.2 417.5 417.9 420.1 422.2 423.2 423.1 422.8 421.1 420.2 417.7 413.4 407 398.7 390.4 385.5 382.8 378 372.9 366.6 362.4 356.9 350.3 343.5 341.8 338.9 334.2 331 325.3 317.5 307.6 297.9 288 274.1 255.9 243.4
377 370.4 365.8 361.3 357 352.4 349.7 346.8 341.7 336.4 333.7 329 324.2 322 320 316.2 310.1 304.4 299.1 291.1 283.6 274.2 282 291.9 305 315 325.4 339 347.1 354.1 360.7 368.3 374.5 380.5 383.2 387.1 389.4 393.4 398.2 402.3 405.1 407.8 410.5 411.2 412.3 415.4 417.5 419.3 418.8 419.4 418.3 418.6 417 416.1 406.8 397.4 391.5 389.7 385.4 381.1 373.6 368.3 363.9 358 348.8 341.5 342.1 334.8 330.9 326.6 320.3 310.6 300 290.6 280.5 270.2 251.5 239.1
383.3 376.9 372.7 369.2 364.2 359.2 355.4 352.3 346.3 342.6 339.4 336 333.4 330.7 326.5 320.2 313.6 307.6 303.7 297.5 289.5 280.9 272.7 286.1 294.5 305.8 317.8 331.4 342.5 350.4 356.3 362.7 370.2 375.6 378.1 381.1 384 386.5 390.1 392.9 396 399.1 402.1 402.8 405.7 409.8 412.6 414.5 414.4 415.7 417 418.4 418.5 414.2 411 408.8 405.1 396.8 391.7 385.6 376.4 369.8 364.1 355.8 348.2 342.1 336.2 333.1 327.1 318.8 311.9 302.4 287 277.6 266.3 255.2 245.7 236.1
