app/static/ascii/NN94.asc
ncols 200
nrows 200
xllcorner 290000
yllcorner 740000
cellsize 50
[rows 105 to 139 of 200, columns 79 to 157 of 200]
406 404.9 406.3 406.8 407.7 408.6 410.1 413 410.8 410.3 409.3 409.6 411.7 415.3 419.9 423.7 425.5 425 421.7 419.6 417.2 407.6 399.3 391.9 391 385.4 380.3 372.5 368.2 366.5 365.8 363.2 361.4 361.9 364.5 365.8 368.6 369.3 371.7 376.2 382.6 386.9 389.8 392.6 395.3 398 400.5 402.9 405 407 410.3 413.9 417.5 421.2 428.9 435 439.7 443.2 447.5 448.7 456.3 460.9 460.3 459.6 463.9 470.9 474.2 479.2 479.8 475.5 471.7 470.5 469.8 469 459.4 440 423.2 413.4 405.4
403.3 401.1 401.6 403.9 405 406 408.2 410.2 410.4 409.2 409.4 410.2 410.5 414.3 418.9 423.6 425.7 425.1 421.7 414.2 411.3 404.2 395.3 388.6 383.9 383 376.1 370.5 364.8 362 361.5 360.7 360.6 360.1 360.3 362.5 365.2 367.9 370 375.9 381.1 384.5 387.3 390.2 393 395.8 398.5 400.6 402.6 405.2 408.3 412 415.7 419.5 425.7 433.5 440.7 445.7 449.3 447.7 452.1 454.6 454.4 455.9 458.2 466.6 473.4 477.4 477.8 471.3 468.8 470.8 459.4 455.7 439.9 429.3 422.3 415 410.8
400.9 399.3 399.6 401 402.6 404.5 405.6 406.4 406.9 407.5 408.6 408.9 410.8 415.4 420.7 425.7 427.6 426.5 418.2 410.1 406.2 400.2 391 384.2 378.1 373.9 370.8 366.5 360.9 359.1 360.5 360.7 360.8 359.9 359.3 360.8 361.9 365.3 368.8 374.1 379.5 382.7 385.5 388.3 390.8 393.4 396.6 398.3 400.3 403.4 406.5 410.2 413.9 417.7 422.4 432 440.6 446.6 449.8 439.9 445.2 447.1 447.3 450.9 456.3 464.1 471.6 473.7 472.5 470.6 460.9 457 447.9 433.3 427.5 422.9 421.4 419.3 417.2
400.4 400 398.5 399.6 401.2 402.8 403.4 402.6 403.5 404.7 406.6 408.8 410.6 415.2 423.1 428.4 428.9 427.2 418.9 410.3 403.7 398 388.7 382.3 373.9 368.7 365.1 360.9 360.2 356.9 357.7 359 357.8 355.3 349.9 356.3 361.4 364.7 368.1 372.2 377.1 380.6 383.3 385.7 388.3 391.6 394.8 396.4 398.5 401.5 404.8 408.4 412.5 416.2 420 428.3 438.7 444.7 446.2 438.6 438.6 437.7 440.7 445.9 451.7 460 468.1 470.2 466.7 463.9 454.5 444.2 434.7 426.8 426.1 424.8 422.4 423.6 423.1
398.1 397.8 396.8 397.6 399.2 400.8 401.3 400 401.1 403.1 405.4 407.7 410.3 415.2 424 429.1 430 428.3 420.9 410.8 401.3 390.2 383.3 378.9 371.7 364.7 360.3 356.8 352.6 351.6 354.6 354.3 352.5 351.5 349.1 353.7 360.2 363.8 367.5 370.9 374.5 377.6 380.6 383.3 386.5 389.7 392.9 395.1 397.2 400.1 403.7 407.4 410.9 414 417.8 423.5 433.9 439.2 438.4 434 429.7 430.1 434.5 439.3 447.4 455.6 460.7 460.8 458.1 451.8 439.8 429.3 425 425.4 425.2 426.6 426.5 431 434.7
393.1 394.1 394.7 395.1 395.7 399.2 400.8 399.3 400.4 401.6 404.6 407.4 410.2 415.3 423.8 429.5 430.3 430 419.8 409.2 399.9 387.4 380.3 372 364.3 360.8 357.1 351.4 349.3 349.7 351.2 350.1 348.8 348.3 345.7 351 357 362.1 365.3 368.2 371.7 374.7 377.8 381.3 384.6 387.8 391 393.7 396.2 399 402.2 405.9 408.2 410 413.7 418.7 423.8 429.7 427.9 425.2 422.5 421.5 426.8 433.7 438.8 445.6 450.7 450 444.1 435.1 427.4 423.2 420.9 422.3 426 428.1 434.4 443.9 451.2
390.4 391.7 392.4 392.6 391.5 395.5 399.3 400.1 399.3 400.4 405.9 409.5 411.5 416.3 423.9 428.9 430.2 427.8 418.7 410.4 401.4 386.4 378.5 369.9 359.8 355.1 352.2 348.4 343.3 340.3 343 346.3 344.6 341.7 339.6 346.5 353.9 360.1 362 364.9 369.5 371.6 375.7 379.1 382.6 385.8 389.5 392.5 395.3 398 400.8 403.6 405.2 406.6 408.9 412.2 415.4 419.2 419.7 417.9 417 417.2 423.3 432 434.3 437.7 441.5 441.3 429 421.9 418.4 417.6 417.7 420.1 427.4 436.2 445 451.5 457.1
386.6 388.3 389.5 390.3 389.3 390.2 393.8 396.7 398 399 407.1 410.8 413.1 417.9 422.6 426.5 426.5 423.5 416.7 411.1 402.9 387.1 376.3 368.5 360.7 350.8 345.9 341.9 337.8 336.8 337.4 340.5 339.2 337.3 338.9 344.2 351.8 356.8 359.7 362.8 367 370.2 374.2 377.4 380.5 384.1 387.8 390.9 393.7 396.5 399.1 401.7 403.8 405.2 406.1 406.6 408.9 410.5 411.6 411.8 410.6 411.4 418.9 426.4 431.3 431.8 433.4 430.8 418.8 413 413 415.2 415.5 420.4 429.8 442.8 449.5 454.6 459.4
382.6 385.5 384.7 387.9 389.5 389.2 390.1 392.8 394.9 398.1 407.1 410.5 413.3 419.3 420.8 421.9 420.3 417.4 412.4 406.9 397.5 384.9 376.9 372.1 364.4 356.8 347 337.7 332.7 330.8 333.7 335.2 334.5 331.1 336.1 343.8 350.4 352.1 355.5 360.9 365.8 369.2 373 376.2 379.3 382.5 385.8 389 391.7 394.3 396.3 399.2 402.2 403.4 403.8 402.4 402.3 403.8 404.6 405.3 405 406.8 413.4 419.8 423.7 430 424.5 413 407.3 406.4 409.6 413 415.8 422.5 431.6 443.5 450.3 454.7 458
378.8 382 381.3 385.5 388 389.2 391.6 393.9 395 396.7 400.6 408.6 413.6 421 421 418.8 413.8 411.2 411 403.8 394 386.5 378.8 376.7 370.1 361.3 353.6 340.6 329.9 330.4 330.3 330.6 330.6 329.8 333.6 339.2 346.2 348.6 351.7 360.1 364.5 367.5 371.1 374.5 377.6 380.5 383.8 388.6 390.9 391.7 393.3 395.7 399.4 401.8 401.5 399.9 398.9 396.9 397.5 398.1 398 398.7 403.9 409.6 415.3 418.2 410.2 402.1 401.1 401.2 403.5 409 415.9 423.7 433.1 441.2 448.1 452.6 455.1
373.1 377.2 381.9 384.8 387.9 390.1 392.6 393.5 394.8 396.2 398.6 403.8 409.7 415.5 419.8 417.1 411 409.1 410.2 404.7 397.1 390.2 385.2 381 379.3 368.3 358.3 348.1 331.1 328.6 330.6 329.6 328.7 330.6 332.3 337 340.7 340.9 348 356.5 362.1 365.2 368.8 372.5 375.6 378.7 382 386.5 389.2 390.3 389.5 392.1 396.2 398.5 398.4 396.1 393.4 391.6 391.2 391.3 391.9 390.8 395 398.8 400.3 400.7 397.3 395.1 397.9 398.8 402.6 410.3 418.2 425.5 431.6 439.2 445.8 450 451.1
368.6 373.5 378.5 383.1 387.1 391.3 393.3 394.5 394.8 396.2 397.7 400.7 405.9 410.5 413.9 414.1 410.2 408.5 407.3 404 399.9 393.9 389.9 388.9 387.8 377.6 365.7 353.5 336.3 325 327.2 325.8 324.5 326.7 329.7 332.7 335.4 338.8 344.8 350.5 357 361.7 366.1 370.5 373.6 376.8 379.9 383.9 385.8 386.2 386.2 388.6 391 393.4 394.7 393.6 389.5 387.4 386.4 386.5 386 385.8 387.4 390.3 392.4 392.3 388.9 390.9 396.8 399.8 407.8 412.2 418.5 426.3 431.3 437.9 443 446.2 447.6
362.3 367.7 373.6 379.5 385.8 390.8 393.6 395.3 395.9 396.4 398 399.4 405.9 409.4 409.8 410.7 410.9 408.2 406.4 402.9 400.9 398.2 396.8 400.4 398.6 387.2 374.7 357.7 340.1 322.6 319.8 319.5 320.5 323.1 326.4 328.3 329.7 335.9 341.2 345.4 351.2 355.9 361.3 366.2 370.7 374.1 378.6 381.4 381.7 382 382.1 383.6 386.2 388.6 389.7 390.6 387.8 384.5 383.6 383.6 383.1 383 383.7 386.7 389.3 389 390.2 395.2 399.7 404.2 410.8 414 418.8 426 431.7 436.4 440.1 442.8 446.6
358.3 362.3 368.8 374.1 381.7 388.6 392.4 395.8 397.5 399.3 399.3 403 410.3 408.3 408 410.4 409.6 407.9 405.4 403 401.4 401 400.7 401 401.2 393.1 383.6 364.4 342.9 324.3 318.3 319.2 321.1 321.8 322.6 323.9 326 330.4 336.2 340 345 349.2 355.7 360.9 366.3 371.4 376.6 378.9 380.8 380.4 379.1 379.6 381.7 383.9 384.9 385.2 383.6 380.8 380.9 381 379.7 381.2 381.6 383.7 387.5 391.8 393.8 397.5 404.2 409.9 411.2 415.1 419.1 426.7 431.1 434.9 439 441.8 446
355.6 359.1 365.5 369.9 378.2 387.4 392.8 396.7 399.1 399.2 402.1 406.7 409 407.3 407 407.2 407.3 405.9 404.8 403 402 401.2 401 401.4 400.7 395.3 386.8 370.1 346.5 326.2 317.9 318.7 319.7 319.1 319 320.1 321.8 326.3 332.3 336 339.7 343.6 349.9 355.3 361.2 370.3 375.3 378.4 377.7 376.9 376.1 377.1 379 380.1 380.5 380.6 380.3 378.3 377.9 377.4 377.6 380.1 380.4 383.4 388.6 392.7 396.7 400 406.8 410.9 411.7 415.8 421.5 426.5 431.4 435.3 439.4 442.8 445.4
353.2 357.6 363.2 367.9 375 384.1 390.9 394.5 397.7 401.2 403.8 405.6 407 405.9 404.6 403.7 404 404 403 402.3 401.9 401.2 401 400.8 399.2 394.8 385.7 368.6 349.2 328.7 317.5 314.5 315.7 314.7 315.3 316.4 318.3 321.7 328.7 332.5 335.6 338.5 343.8 349.5 356.2 367.6 375.2 376.9 375.6 374.5 373.3 374 375.6 376.3 376.8 377.3 377.1 375.5 374.2 373 374.1 378.5 380.7 384.2 389.7 393.6 397.6 401.6 407.3 409.1 410.9 415.4 420.3 425.3 430.8 435.5 440.5 443.2 445.2
351 356 361 366.1 372.7 379.1 385.4 391.3 395.2 400.3 401.5 403 403.6 402.7 402.9 401.7 400.9 401.3 402 401.2 400.9 401.2 400.3 398.9 395.1 391.5 384.2 369.1 352.8 336.2 316.6 310.4 311.6 310.4 312.6 313 314.7 317.1 321.6 326.1 330.4 333.7 337.9 343.4 349.2 361.8 370.6 374.2 373.2 371.8 370.9 370.9 372.1 372.7 373 373.7 373.9 373 371.8 370.3 370.7 375.1 378.3 383.4 390 394.1 397.7 401.9 405.2 408.4 410 414.1 419 424 430.3 435.2 439 442.5 444.5
349.5 354.1 358.7 363.9 368.8 374.9 379.9 385.7 392.4 398.2 400.9 400.7 400.5 400.6 401 400.1 399.2 400.2 400.3 400 398.8 398.1 395.8 393.9 390.7 387.3 381.8 373.5 359.5 338.4 319.6 310 310.7 310.9 310.6 310.4 311.8 313.5 316 319.2 324 327.7 334.1 338.5 343.3 353.4 362 368.6 369.8 370.1 369.2 368.6 369.5 369 369.1 369.9 370.7 370.3 369.1 369.5 369.1 371.8 375.9 380.1 390.4 392.8 395.8 398.6 402.3 406.2 409.9 413.1 417.4 422.8 429.5 434.4 437.8 441.4 444.3
347.1 350.9 355.5 360.3 364.9 369.6 374.7 381.4 389 393.9 398.6 400 398.7 398.3 398.2 397.3 396.4 398.4 397 396.1 396.9 394.6 390.8 389.1 386.6 383 377.8 373 360.8 341.8 322.1 310 310.5 311.1 310.7 310.6 310.4 311 311.4 314.4 318.5 323.5 329.8 333.1 337.1 344.1 349.8 358.3 363.8 367.3 368.1 366.2 363.9 363.3 364.3 365.9 367.3 366.6 365.4 365.4 366.5 368.7 372.1 378.1 384.6 389.5 392.6 395.4 399.4 403.3 407.3 413 417.4 423.4 428.3 432.9 437.8 441.3 445.2
345.2 348.3 352 356.3 360.9 366.7 372.2 378.9 384.3 388.9 393.6 396.4 396.3 396.5 396.3 395.1 393.9 393.4 392.2 392.9 394 391.3 390.5 389.2 385 380.9 375 368.3 358.8 341 323.3 310.5 309.4 310.9 310.6 310.8 311 309.1 309.4 310.7 314.8 319.9 325.7 329.1 333.3 338.3 342.8 348.9 355 359.8 362.9 362.1 361.3 359.6 361.1 362.7 363.8 362.8 362 361.4 363 365.3 368.7 374.4 379.6 384.6 388.8 392.4 396.4 400.4 405.5 410.7 418.7 424.6 429.5 433.7 438.9 441.7 446.1
341.8 345 348.2 352.4 357.2 362.9 368 373.8 379.9 383.9 388.7 393.1 394.3 394.5 394.7 393.9 391.5 389.6 389.3 390.3 391.4 391 390.4 387.7 382.6 378.4 374.4 366.2 354.5 340.9 325.8 313.2 308.3 309.4 310.7 310.9 311.1 309.1 309 308.8 311.9 316.8 321.6 325.2 329.6 334.8 338.3 342.3 346.7 353.6 358.5 361 360.4 357.6 357.4 360 360.7 360.4 360 360.4 361.1 363.9 367.5 371 375.9 380.7 385.9 390.5 394.4 397.9 402.6 410.4 419.6 424.7 428.8 433.6 438.5 440.8 444.4
337.7 341.8 345.2 348 352.2 359.1 364.2 368.7 374 378.2 383.1 388.8 391.1 392.4 392.7 392.7 390.2 388.6 388.2 387.5 388.3 388.7 387.5 386 381.5 376.3 372.6 366.6 352.8 338.8 327.7 319.9 309.9 308.4 309.4 310.7 311.1 309 308.8 308.7 310.3 314 317.3 321.1 327 332.5 334.8 337.4 340 345 350 355 357.3 353.9 353.6 355 356.2 356.9 356.5 357.7 360.4 362.6 365.8 369.3 373.7 378.8 384.2 389.6 394 398 401.9 409.6 419.7 424.6 428.4 432.3 436.9 439.7 444.8
333.6 338.3 342.1 344.2 349.3 355.7 360.8 364.8 368.5 373.3 378 382.4 386.4 388.7 389.8 390 388.9 387.5 386.8 386 384.1 384 384.7 383.5 381 375.8 368.3 361.9 350.8 338.6 327.5 323.1 318.5 308.5 308.6 309.7 309.8 309.2 309 309.2 310.7 311 311.6 316.1 322.4 327.4 330.8 333.6 335.8 338.9 343.2 347.5 350.5 349.9 349.1 349.8 351.1 352.3 351.6 352.2 359.1 361.7 364.9 367.5 371.2 376.3 381.9 387.6 392.9 397.9 402.5 409 418.9 424.1 427.5 431.2 435.7 438.8 449.2
329.7 333.9 338.1 340.3 344.7 351.2 356.2 360.3 364.3 368.5 372.6 376.8 380.4 383.5 385.6 385.9 384.9 385.4 384.6 383.9 381 379.6 380.4 380.4 380 373.6 365.4 356 346.8 336.6 329 324.6 321.2 310.5 309 309.3 309 308.7 308.5 307.8 308.7 310.7 310.1 312.3 316.3 320.6 324.8 329.9 332.4 334.2 337.7 341 344 345 344.3 345.9 347.3 348.2 348.8 350.3 353.5 357.6 360.5 363.4 367.4 372.3 380.6 386.1 391.6 397.8 402.8 408.9 415.6 421.8 426.5 430.3 434.5 440.4 448.7
326.7 329.7 333.1 336.6 340.6 345.2 350.6 355.2 359.8 363.6 367.2 371.2 375 378.6 380.5 380.7 381.6 382.7 382 381.3 381 379.4 374.4 373.2 369.1 365.2 358 351 343 336.7 331.1 325.3 321.6 316.1 309.1 308.5 308.2 307.9 307.3 306.2 305.9 306.4 307.6 309.4 310.5 314.1 320.9 325.3 329.8 329.4 331.5 334.5 337.2 337.3 339.3 342.1 343.6 344 343.8 347.3 349.7 352.4 357.3 361.4 364.4 369.3 379.2 385.8 391.7 398.7 403.2 406.5 411.3 418.5 423.8 429.8 434.1 438.3 444.5
323.4 326.3 329.9 333.5 335.4 341.1 344.9 350.5 355.1 359.4 363.2 366.7 368.9 371.2 373.2 375.1 376.7 380 380.1 379.7 379 377.3 372.4 367.8 360.2 354.4 350 346.4 342.7 337.8 332.5 326.9 322.2 318.3 311.9 309 308.2 307.4 305 302.8 301.8 301.3 300.9 304.8 304.9 308.7 315.4 320.2 324.9 327.7 327.6 328.7 330 331.4 334.2 337.5 339.4 339.2 340.4 343.6 346.2 349.8 355.2 359.7 363 368 376.6 385.3 391.9 397.6 401.6 404.6 407.7 414.8 422.1 427.7 431.7 438.7 441.5
318.5 322.2 326.4 329.1 329.7 334.5 339 344.8 349.9 354.4 358.7 361.8 364 365.7 367.5 369.5 371.7 374.6 375.2 374.4 372.9 372.5 370.1 364.9 355.8 347.9 344.3 344.3 341.4 339 333.6 329.3 325.2 320.7 316.2 310.7 308.7 307.8 304.9 301.3 300.1 299.6 299.2 299.6 299.9 303.3 309.3 314.6 317.9 320.7 322.4 324.1 325 327.6 331.4 334.1 335.3 336.7 339.2 341.1 344.2 348.4 352.9 357.4 361.9 366.8 374 382.9 390.1 395.3 399.6 403 405.3 409.3 418.6 424 431.1 437.3 440.7
312.7 317.2 321.1 323.3 323.5 329.1 332.9 337.5 343.7 348.5 352.3 355.4 358.5 361.4 363.5 365.1 365.9 369.4 369.7 368.8 367.2 365.9 364.1 357.9 352.2 342.4 340.1 341.1 340.2 338.4 334.1 330.2 328.8 323.6 319 313.4 309.8 308.1 305.8 303.9 301.9 300.6 301 300.5 299.5 299.1 304 307.8 312.2 314.2 316.8 319.8 320.1 322.6 326.3 330.6 331.9 333.6 336.3 339.6 341.8 346 350.5 355 359.5 364.7 370 379.7 386.6 391.5 396.2 400.5 401.8 405.3 410.5 420 426.8 429.1 427.4
308.2 311.2 314 318.3 319 323 326.7 330.2 336.1 341.9 345 349.1 353.1 356 358.6 360.5 360.6 362.4 363.4 363 361.4 359.9 358 353.5 347.7 340.4 338 337 336 334.4 332.4 330.4 330.3 329.6 323.6 316.8 312.3 308.8 307.6 307.5 309.8 306.7 303.1 299.2 296.4 294 294.6 301.9 308.1 308.8 310.7 313.5 314.5 317 319.8 322.3 329.9 331.2 335.6 337.3 340 343.8 348 352.5 357.7 362.9 368 374.3 383.4 388.7 393.2 396.6 398.2 400.2 405.7 410.8 416.4 418 414.4
302.4 305.2 308.2 310.8 312.1 316.5 321.9 322.5 327.6 333.3 337.2 341.9 346.3 350.3 353.1 355 354.3 354.7 355.6 356.6 355.7 354.3 353 349.6 342.1 336.7 334.2 333.2 332.7 331.5 330.5 330.9 331 331 329.1 320.8 316.6 312.1 309.2 308.7 310.6 309 303.9 300 297.9 293.8 289.1 292.5 298.4 302.3 304.5 307.7 309.3 311.8 313 317.2 320.4 329.9 333.2 335.9 338.6 342.5 346.3 350.3 355.6 361.2 367.3 374.3 380.6 386 390.2 393.5 396.2 396.8 400 402.1 404.4 402.1 400.2
299.7 300.5 302 302.7 306.8 309.6 314.6 316.4 319.5 325.4 329.9 334.4 338.5 342.6 345.8 348.6 347.7 348.8 349.5 350.3 350 348.7 347.7 345.3 337.9 331.5 330.5 330.7 330.1 328.9 329.1 330.4 330.7 334.4 332.3 326.6 319.9 316.4 310.8 309 309 306.1 303.2 301.5 300.9 297.3 292.3 288.9 289.4 293.3 298.9 302.5 305.2 307 310.7 310.4 316.6 324.2 331 333.5 336.7 340.5 344.6 348.9 352.7 358.5 364.5 372.1 380.6 385.2 388.7 391.3 392.3 392.6 392.6 394.2 392.6 389 385.8
299.3 295.1 293.5 296.3 300.8 302.9 306.2 308.7 311.9 316.5 323.1 327.1 330.5 334.9 337.6 341.2 343.4 344.1 344.1 342.9 342.6 342.2 341.7 340 334.5 327.9 327.9 326.9 325.1 327.6 329.2 329.9 334.7 338.9 337 330.5 323.8 320.2 316.8 309.4 308.6 305.4 302.8 300.8 301 300 294.5 289 289.1 288.8 290.2 295.3 299.1 299.6 302.4 309.8 315.5 318.8 324.3 330.6 334 337 341.2 345.6 350 355.1 361.8 368.9 379 386.5 389.8 390 391 390 387.5 384.7 382.3 379 383.2
296.4 291.4 289.7 290.1 294.7 297.9 300.3 303.1 303.1 306.3 312.4 317.7 321 325.2 330.9 335 337.2 337.4 336.7 335.5 334.7 334.4 334.5 333.3 329.3 321.8 322.4 320.1 321.4 325 328.4 330.6 335 339 335.9 331.7 328.7 323.3 321.2 315.5 308.4 304.6 301.7 300.6 300.9 299.5 293.4 289.5 289.2 288.8 285.9 287.6 291 290.4 301.1 308 312.3 315.6 318.8 324 329.9 333.7 337.9 342.3 346.9 351.9 360.6 367.4 376.1 385 389.7 386.9 385 386.2 381.1 377.2 376.4 378.5 382.3
296.1 291.8 291 289.5 291.5 292.5 294.5 297.7 296.1 297.7 303 309 312.2 314.9 322.2 329.6 328.8 328.9 328.9 328 327.7 327.9 327.9 324.9 320.9 316.7 316.5 319.5 321.8 324.2 327.6 329.8 333.3 334.5 334.1 333 331.3 327.9 323.9 319.9 311.3 304.3 301 300.9 299.9 297.9 293.4 291.4 289.5 285.6 282.2 282.2 288.1 292.3 297.7 302.2 306.4 310.4 313.9 318.6 324.5 329.7 334.2 339.4 343.9 348.6 360.1 365.6 369.7 379.3 382.2 381.3 376.9 376.5 375.5 373.4 372.9 378.4 380.4
297.3 293.5 291.1 289.9 289.9 291 289.4 291.1 290.6 290.1 294.5 300.2 304 306.1 309.5 315.9 320.4 320.2 321.1 321.1 321.8 321.9 321.1 316.4 313.9 311.7 310.1 315.9 321.1 321.2 325.5 330.2 333.2 334.9 334.9 334.6 332.7 330.7 324.5 320.5 316.1 307 300.9 299.8 298.6 295.9 292.5 290.4 290.7 284.6 281 282.4 289.6 290.9 293.1 296.8 299.8 304.2 310 315.3 320.2 325.6 331.1 336.4 342.1 347.6 359.8 363.6 365.3 368.4 372.2 375 371.7 369.3 369.2 370.4 370.4 374.8 380
