app/static/ascii/NN95.asc
ncols 200
nrows 200
xllcorner 290000
yllcorner 750000
cellsize 50
[rows 105 to 139 of 200, columns 79 to 157 of 200]
358.1 362 367.6 373.1 378.2 383.5 387.9 388.1 387 382.9 379.3 376.1 374.1 372.6 370.5 366.6 360 365 370.2 373.7 367.5 365.6 362.5 352.9 337.1 318.5 303 288.8 277.6 266.6 255.9 244.1 230 213 199.4 184.4 171 159.9 150.6 140.7 128.5 125.7 124.4 119.1 116.7 111.6 100.7 90.3 75.7 68.8 69 69.2 69.4 69.4 69.3 69.2 67.2 66.2 69.6 70.7 72.4 76.4 78.5 77.7 93.6 103.5 115.9 124.9 137.1 142 140.8 148.9 158.8 166.5 168.4 170.3 175.6 181.2 187.5
352.3 356.2 360.5 365.4 370.2 374.7 378.2 381 381.7 377.6 375 372.2 370.2 368.7 365.1 362.9 362 369.3 375 375.5 370 372.8 372.4 367.4 350.2 330.9 314.9 299.8 288.2 277.3 266.7 254.1 239.9 223.7 211.7 197.9 180.9 166.6 154 142.2 131.3 127.7 123.8 117.1 115 115.7 114.7 102.5 94.5 81.3 70.3 68.5 68.8 69.8 69.3 69.2 67.7 66.4 69.3 71.1 72.6 74.9 76.9 79.9 91.8 97.6 107.1 116.7 125.5 133 141.3 149.8 153.6 159.4 161.2 167.1 173.5 179.4 185.8
345.2 349.2 353.4 357.8 362.6 367 370.5 373.6 375.7 373.6 371.3 368.7 365.6 363.5 361.1 359.9 363.9 370.7 373.6 373.6 374.5 379.7 379.7 377.4 358.8 336.9 323.3 309.2 296.9 285.9 275.1 264.3 252.3 238.6 226.7 211.6 193.3 172.6 156.2 142.6 132.8 128.8 124.8 119 116.1 114.2 109.1 106 98.6 94.8 85 71.9 68.7 69.3 69.3 68.8 67.1 66.3 69.2 70.4 72.3 74 75.4 79.8 87.4 93.2 100.3 110.5 121 131.4 142.1 147.4 150.3 151.4 155.6 163.7 169.2 176.7 184.1
338.2 342.2 346.4 350.6 355 359.3 363.1 365.8 367.9 369.6 368.3 365.4 362 360.1 359.4 358.9 364.1 369.9 371.2 372.3 378.9 382.8 385 381.4 366.4 345.3 332.9 319.5 305.8 294.9 283.6 273.2 265.2 252.9 239.2 225.2 205.1 186.3 164.5 147.6 135.4 130.6 125 120.8 117.6 113.6 108 104.2 98.9 95.7 94.8 83.2 70.3 68.1 69.3 69.4 67.5 66.4 68 69.1 71.1 73.1 73.4 77.9 81.1 90.3 95.1 104.2 113.6 125.5 139 144 146.7 149.7 153.9 160 165.4 173.9 181
330.9 335.2 339.4 343.1 346.5 350.8 355.2 358.3 360.6 362.9 363.3 362 358.6 357.2 356.5 358.1 363.5 366.6 368.1 371.7 377.3 381.4 384.2 381.5 369.6 356.9 344.5 330.5 316.7 307.1 297.4 287.5 277.4 265 250.9 235.1 217 199.9 180.1 161.6 145.6 132.6 125.2 121.5 117.3 110.8 104.1 99.9 98 95.4 94.7 93.5 76.8 68.2 68.5 68.5 67.1 66.4 66.2 68.5 69.6 71.6 71.6 71.3 79.2 84.3 95.2 98.4 105.6 117.9 131.6 137.7 142.3 147.2 152 157.9 163.7 171.5 178.5
322.7 327 331.5 334.9 340.1 343.9 347.9 351.1 353.7 355.8 356.4 356.3 354.4 353.6 353.3 356.9 360.9 363.1 366.3 371.5 378.8 382.9 385.3 381.9 376.4 367.5 357.8 342.3 329.2 319.2 310.5 301.9 291.5 276.5 261.1 244.4 224.9 207.9 192.3 174.8 156.7 139.7 126.9 121.4 116.9 112.4 109.3 105.3 101 95 93.4 90.3 77.8 69.2 68.2 67.5 66.5 66.2 66.1 68.6 68.2 69.4 69.9 69.9 77.2 81.5 90.1 95.9 101.9 112.8 126.3 132.2 130.1 141 147.3 154.5 159.9 167.9 175.4
315.5 318.3 323.6 328.2 333.1 337.8 341.1 344.1 346.8 349 350.5 351.3 352.4 352.2 352.7 355.2 357.9 361.5 366 373.1 380.1 383 386.3 384.5 379.5 378.9 370 354.3 340.1 330.2 323.3 316.6 304 290.7 274.7 255.7 234.3 215.3 199.8 181.4 163.4 146.7 133.7 125.5 120 117.8 115.6 109.2 102.5 98.6 89.1 86.1 84.4 80.9 72.7 67.3 65.9 66 66.2 68.9 68.5 68.2 68.2 68.8 69.9 77.1 83.6 95.1 100.4 107.3 121.8 127.9 123 134.8 145.7 151.6 158 164.7 172.3
309.1 312.4 316.7 321.2 325.9 330.8 334.7 337.7 339.9 342 344.9 345.9 346.5 347.9 349.4 353 356.2 360.3 366 372 377.4 382.4 386 383.9 383.4 382.6 374 360.2 350.8 344.6 341.5 331.2 318.2 304.4 289.5 270.6 247.2 227.7 208.1 187 168.9 153.1 140.9 132.2 128.7 125.4 122.4 116.5 108.9 100 91.9 90.9 92 91.3 80.4 68.6 66.7 66.4 66.7 68.5 68.4 68.3 68 67.9 67.9 69.4 79.9 84.9 99.6 103 112.8 113 126.3 135 139.8 146.8 154.1 160.5 169
301.3 305.8 310 314.4 318.9 324.2 327.8 331.6 334.1 336.8 339.3 340.1 342.1 344 345.8 350.4 354.7 358.6 363.9 369.4 374.7 379.5 384 384.2 384.2 382.6 377 370.5 366.3 362.1 354.8 344.7 331.2 318.2 305.9 291.7 267.7 243.3 221.9 200.9 178.1 160 147.5 141.2 138.5 136.4 132.9 128.5 119.8 109.4 96.4 90.4 89.7 88 83.6 69.4 65.2 65.6 66.7 67.6 68.1 67.7 67.3 67.3 67.4 67.7 70.1 82.7 88.5 97.2 103.3 120 124.9 125 130 140 149 155.5 166
293.2 297.5 301.8 306.2 310.8 315.7 320.3 324.6 328.7 330.5 332.6 335.3 337.9 340.4 342.7 346.9 351.1 355.5 360.2 366.5 371.9 376.6 381.4 383.1 385.3 385 385.9 383.4 382.4 377.5 370 354.9 340.7 329.5 321.4 314.9 289.5 258.4 233.8 215.1 195.9 176.4 158.9 150.5 147.4 143.1 140.7 137.1 132 122.1 109.2 99.8 92.5 88.1 82.7 72 65.2 65.3 66.1 67 67.5 67 66.4 66.6 66.8 67 65.3 73.6 85.9 97 100.4 110.1 117.8 119.8 127 134.9 143.7 153.6 162
284.5 288.9 293.3 297.7 302.3 307.4 312.6 317.1 321.1 324.4 327.4 330.2 333.2 335.7 338 341.7 347 352.3 357.1 362.6 369 375.3 378.5 382 391.1 396.1 397.6 397.2 397.4 392.1 380.4 366 350.8 339.4 330.8 323 304.4 271.2 248.4 228.7 212 192.6 171.7 160.2 151.6 146 142.1 137.4 132.4 129.2 124.5 115 105.1 96.6 88.6 78.6 65.2 64.9 67 66.5 66.8 66 66 66.3 66.5 66.4 65.1 64.9 78.4 87 97.5 100.9 108.8 115 121.9 129.8 141.1 149.8 158.6
275.3 279.8 284.3 290 294.7 300 305 309.4 313.5 316.8 320.7 324.7 327.9 330.5 332.8 335.6 341.2 346.7 352.5 358.5 365.6 373.1 375.6 382.2 390.4 399.5 406.1 410 411.4 400 385.3 371 356.8 345.8 337.9 330.2 316.4 290.6 266.7 241.3 218.4 200 178.3 166.8 155.3 149.7 146.1 141.1 135.6 131.1 128.2 121.9 115.9 106 98.4 84.4 69.5 64.9 67.1 66.1 66.6 67.1 67.5 67.3 67.1 67.1 66.4 64.7 66.6 82.2 90.1 93 99.7 113.4 125.2 133.7 141.2 147.6 155.9
266 270.5 275 280.5 287 292.1 296.4 302.1 306 308.8 313.6 318.1 321.4 324.5 327 330.5 335.3 340.6 348.2 355.8 362.5 368.9 375.1 379.1 387.8 395.3 403.6 412.4 413.6 400.9 386.7 372.7 359.9 351 344.2 339.5 331.7 309.1 277.7 250.1 220.5 201.2 179.6 166.9 158 153.9 151.3 146.5 140.1 132.3 125 117.9 112.8 107.9 105.1 91.7 77.3 64.8 65.3 65.5 66 66.9 67.4 67.7 67.6 67.6 67.6 66.4 65.5 71.1 87.9 89.2 99.9 117.4 125.7 135.2 142.1 148.3 154.4
256.6 261.1 265.1 270 276.2 282.3 288.6 292.9 296 301 305.7 312 314.7 317.9 321.2 325.2 329.5 334.6 341.7 350.5 358.3 364.6 371 377.8 385.4 392.3 402.9 412.2 414.6 401.7 387.7 373.6 361.1 353.1 349.5 346.5 346 329.7 292.3 262 233.1 205.9 184.6 172.7 162.7 157.5 155 153.3 148.2 130.7 122.6 118.3 115.1 112.2 102.7 95.3 84.3 68.2 64.9 65.6 66.3 67.1 67.5 67.7 67.5 67.5 67.6 67.7 66.7 64.5 78.2 88.5 99.4 118.9 128.1 134 141.3 146.3 152.3
245.5 250 253.9 260.2 265.7 271.3 278.2 283.2 286.1 292.7 299.3 305.3 307.7 311.5 315.4 318.8 323 327.9 334.5 343.2 352.3 360.5 366.6 374.3 381.6 389.1 402.6 411.4 412.3 401.1 386 370.8 357 352 351.1 350.2 352.3 340.8 311.6 276.4 246.8 214.5 197 183.9 172.8 164.2 159.5 156.6 147.2 134.1 130.4 123.4 121.4 120.4 116.3 103.8 93.6 77.8 64.9 65.1 65.7 65.9 66.7 67.2 67.5 67.5 67.5 67.5 67.4 65.7 69.2 84.8 96 110.9 121.7 131.8 139.8 136 141.5
230.2 237.6 238.4 249.1 255.1 261.4 267.7 268.9 277.5 284 291 296.7 301.1 305.1 307.5 311.7 316.2 321.4 327.3 336.7 345.4 354.8 363.7 371.1 377.6 383.7 398.9 406.7 406.6 399 380.6 364.8 351.5 349.6 351.8 352.3 352.9 345.8 330.1 295.6 263.8 234.7 208.3 194.9 180.6 170 162.9 154.5 144.1 137.9 134.4 130.6 129.1 127.8 123.8 114.8 106.7 91.7 72.3 64.9 64.9 64.9 65.6 66.4 67 67.2 67.2 67.2 67.2 66.7 64.9 78.3 88.6 107.9 117.4 127.9 126.9 133.3 145.4
214.1 218.8 231.4 236.6 243 250 252.8 254.7 268.2 274.9 281 286.8 291.9 295.8 298.9 303.6 307.5 313.1 319.4 327.7 336.6 347 358.1 365 371 378.4 390.3 397.7 400.3 387.8 371 358.3 345 340.7 350.7 351.5 351.8 345.5 333.7 313.6 280.6 257.3 223.1 202.3 186.5 170.3 160.8 152.4 146.7 143.1 139.7 136.5 133.6 130 127.1 125.5 119.8 105.2 90.7 80.8 69.6 64.8 64.9 64.9 66.2 67 67 66.9 66.8 66 64.7 71.6 87.4 101.7 120.5 119.1 115.2 136.6 146.8
195.6 209 220 226.8 230.2 238.3 238.3 246.7 259.4 264.2 270.1 276.6 281.9 286 290.4 294.2 297.5 302.2 309.3 316.8 323.8 336 350.8 357.8 363.4 370.7 380.3 387.9 387.5 379.5 368.2 352.8 340.5 338.9 348.1 349.8 349.2 340.4 330.9 324.4 292.9 278.6 249.7 207.6 190.6 172 159.7 155.7 153 149.6 144.9 140.8 136.5 133.3 133.3 131.8 126 113.2 102.2 89.5 75.7 66 64.8 64.4 64.5 65.6 66 65.7 66 65.7 64.9 65.1 83.2 94.6 111.1 108 116.4 136.9 144.6
186.2 198.9 205.9 214.7 219.7 223.2 225.9 242.2 247.3 253.3 259.8 265.2 269.5 274.1 279.6 284.3 288.4 292.5 296.1 305.3 314.6 325.1 336 347 355.1 362.1 370.1 380.7 380 373.3 367.1 346.4 339.2 338.2 344.3 347.9 344.3 332.1 324.9 312.4 292.7 279.1 256.7 214 195.5 179.3 169.7 163.9 160.7 155.4 149.7 144.9 140.7 139.1 137.8 136.7 131.1 128.6 118.4 96.4 79.2 65.9 65.2 65 64.7 64.4 64.3 64.8 65.2 64.9 64.6 65.6 80 89.6 99.2 106.8 116.6 135 143.4
176.3 184.9 189.3 200.2 208.7 199.5 218.3 231.3 234.5 241.9 247.4 253.1 257.6 262.9 267.8 273.1 277.5 281.7 283.2 291.2 301 310.5 320.2 330.6 342.9 352.1 360.5 370.3 372.9 369.9 361.3 342.6 339.5 337.3 337.8 340.4 337.2 319.8 308.4 295.8 286.3 272.8 249.3 217.3 199.2 186.5 180.5 174.5 167 160.2 153.4 146.8 147.1 148.5 142.2 141.1 140.1 134.3 119.8 102.9 87.5 69.1 65.9 65.3 64.9 64.2 64.1 64.3 64.6 64.7 64.4 66.3 78.2 87.6 102 107.4 117.2 132.6 144.1
167 172.5 177.4 185.9 191.7 191.7 209.8 215.8 221 229.4 235.4 240 244.5 250.7 255.2 260.7 266.1 269.8 273 278.4 286 294.1 304 313.9 325.2 335.5 345.2 358.9 361.1 358.8 349.1 340.8 339.7 337.9 336.4 331.9 317.9 306.6 298.2 289.7 280.6 269.7 246.9 219.4 205.1 195.8 190.8 182.3 173.8 165.1 156.4 150.4 147.6 147.7 148.4 146.5 144.3 132.6 121.2 105.4 94.5 84.3 66 65.4 64.9 64.4 64 64.2 64.5 64.5 63.9 68.7 77.5 85.9 99 106.9 118.6 131.8 144.3
154.6 160.9 164.1 168.8 170 190.7 196.9 199.2 208.5 215.6 221.1 226.5 234.7 237.6 242.3 247.7 253 258 263 266.4 271.7 279.1 286.6 297.1 306.7 317.3 327.2 339.4 347.3 344.8 340.1 339.8 339.8 337.1 334.2 325.3 310.8 301.7 294.1 286.8 277.4 265.9 246.9 228.4 213.5 203.9 195 185.8 176.4 168.1 158.8 154.4 153.4 151.8 151.1 148.2 144.1 138.4 130.6 119.5 103.6 91.6 84.4 72.2 65.1 64.6 64.3 64.2 64.3 63.9 63.4 64.6 77.6 82.9 96.8 103 121.5 133 139.1
144.4 149.7 153.8 154.5 167.2 177.9 184.7 189.7 195.8 201.8 208.1 214.7 220 225.3 228.9 234.5 239.7 245.3 249.7 254.4 259.2 264.9 271.3 279.3 288 297.5 306.6 315.9 321.9 325.2 329.9 335.5 341.9 334.3 333.4 326.8 318.5 305.8 294.1 288.2 279 269.6 256.8 239.4 223.3 210.3 197.7 186.7 176.6 168.6 160.5 159.6 160.1 158.1 153.5 149.3 143.5 136 134.5 123.5 109.7 93.3 85.1 82.1 65.4 64.9 64.4 64 63.8 63.6 62.9 64.7 77.6 82.7 94.1 99 117.7 130.5 136.8
133.9 138.7 141.7 147.9 159.1 166.3 170.7 178.8 185.2 188.2 194.7 201.8 207.7 210.7 215.6 221.1 228.4 232.5 237.8 242.4 246.7 252.1 258.5 264 270.8 277.3 284.5 293.5 297.5 305.4 314.4 332.6 338.7 335.8 330.3 328.6 324.4 308.2 294.2 289.9 282.8 274.4 264.4 249.8 232.9 215.8 197.8 184.9 175.4 169.1 163 163.3 167.5 161.7 156.5 148.7 140.6 134.3 129 122.9 109.1 94.1 86.6 81.3 68.3 65.2 64.7 64.1 63.9 63.9 63.5 71.6 76.9 84.6 90.1 98.1 114.9 126.8 134.3
126.3 130.2 132.7 139.6 148 155.2 160.1 166.1 172.4 178.6 182.5 187 195.1 199.4 203.3 209.3 214 219 225.8 230.1 234.4 239.2 245.1 250.5 254.3 260 264.7 268.8 274.8 285.2 296.5 310.7 328.4 328.4 323.4 327.5 323.2 303.4 291 286.4 285.4 279.5 270.3 258.1 241.2 221 200.4 190.8 180.8 173.4 166.1 167.5 168.5 163.8 158.8 151 142.6 137 130.7 120.6 107.2 94.7 89.7 85.7 73.7 65.8 65.2 64.5 63.7 63.4 67.8 78.4 77.8 80 85.8 97.6 113.6 125.6 130.3
119.5 121.1 124.7 130.6 136.2 143.3 149.4 154.2 160.6 167.3 170.5 175.2 182.4 187.5 190.3 197.7 200.6 205.8 211.9 216.9 222.4 227.7 232.1 235.7 239 242.9 248.1 253.7 260.9 266.8 275.9 288.7 303.1 311.8 312.8 317 305.4 291.6 284.2 284.1 283.9 283.4 278.3 270.2 249.8 230.9 212.8 197.8 185.3 174.4 167.2 164.5 164.2 161.9 155.3 149.1 143.7 140.2 133.8 119.9 106.5 95.4 89.6 82.6 75.7 65.8 65.2 64.2 63.5 63.3 73.7 74.8 77 80.9 84.1 96.4 111.4 124.9 128.5
110.4 111.9 118.7 121 125.2 132.2 138 141.9 148 155 158 164.8 171.3 176.7 180.6 184.7 185.9 193.2 199.1 205.3 210.6 214.9 220.2 223.9 227.4 231 232.8 239.6 247.1 252.9 258.4 266.4 274.3 292.7 290.8 291.9 292.6 288.4 285.2 284.6 284.2 283.8 283.9 284.2 272.3 243.9 216.9 199.5 182.9 171 162.5 161.9 163.1 156.3 147.4 143.9 143 146.6 135.4 120.5 107.8 96.2 91 86.9 73.7 65.9 65.3 63.7 63.3 63.4 77.8 74 76.6 80.7 88.1 94.4 100.8 114.7 122.4
100.2 108.6 111 112.8 117.7 123.9 127.5 130.6 134.6 140.8 147.2 154.8 161.4 165.2 171 170.1 173.2 179.8 185.9 190.4 197.3 201 206.4 211.4 214.4 217.6 219.7 225.8 233.1 238.8 243.8 248 255.8 264 271.4 277.5 281.1 284.8 286.5 285.3 284.2 287.7 289.3 288.6 279.7 245.8 212.4 194.4 179.1 165.7 158 157.1 155.5 150.9 144.1 144.8 147.4 145.2 137 122.1 110 99.5 94 80.9 65.8 65.9 65.2 63.7 63.2 62.9 73.9 72.8 76.1 79.7 85.8 91.4 93.6 104.7 114.4
94.8 102.5 104.3 104.5 109.1 114.6 116.8 118.5 124.2 128.8 135.7 141.7 149.5 155.7 156.1 158.8 162.7 167 171 175.1 182 187.9 193.4 199.3 201.9 204.1 206.6 212.5 218.5 223.6 228.3 231.9 239.4 246.6 253.1 263.5 271.4 279.2 284.7 284.6 285.3 290.2 294.3 283.5 264.3 237.2 206.6 188.8 174.7 165.3 159.9 163.8 155.7 149.2 149 151.2 149.2 145.3 137.8 123.7 111.2 100.2 93.1 72.9 65.7 65.8 65.4 63.7 63.2 62.6 68.2 74.1 75.6 78.7 82.1 86.7 92.8 104.5 114.4
89.8 92.9 94.4 95.8 99.7 103.7 107.9 111 116.9 118.2 122.1 127.6 135.4 140.9 143.7 145.6 151.6 157 160.5 163.9 167.9 174.6 181.3 187.2 189.9 191.4 194.2 198.2 203.3 208.4 213 216.3 221.6 229.9 239.6 250.9 263.2 270.8 276.3 282 285 287.4 281.2 270.1 248.4 230.8 211.1 193 174.9 168.4 164.1 160.6 155.4 152.1 154 151.9 150.6 144.3 137.8 124 112.1 100.8 87.3 69.6 65.4 66.2 64.7 63.7 63.2 62.4 70.4 74.4 75.5 78.1 82.7 88.2 95.4 103 109.5
85 86 85.4 88.5 91.8 95.8 98.3 105.2 107.2 108.7 113.1 118.9 126.8 127.7 133.9 135 140.8 147.1 151.3 154.9 157.2 162.1 169.2 174 177.8 180.3 183.7 188.3 191.5 195.3 197.1 203.1 207.2 215.3 226.1 238.6 253.5 260.7 269.4 278.5 286.6 272.8 263.2 248.7 240.8 228.5 218.8 203.6 188.1 177.3 172.6 167.1 162 158.6 158 153 149.7 141.7 135.8 123.6 110.7 100.6 92 65.5 65.3 65.2 64.2 63.7 63.3 62.6 71.7 76.1 75.3 77.8 82.8 90 100.1 107.5 111.6
80.4 80.8 76 76.3 82.8 83.2 89.3 93.5 98.2 101 104.3 108.4 115.4 116.9 122.3 127 131.2 137.3 142.7 147 148 152.8 158.2 160.3 165.5 167.5 172.1 178 180.3 183.8 187.4 192.5 196.5 202.1 209.3 221.2 241.9 245.4 253.4 263.6 260.8 250.1 241.6 236.5 235.1 231 226.1 213.3 200.1 190.7 183.2 175.2 169.2 163.7 159.2 152.1 144.9 138.6 131.3 120.7 110 99 91.8 65.5 65.5 65 64.5 64.2 63.8 62.8 64.7 76.3 75.2 77.8 83.4 94.1 103.5 111.2 111.6
72.5 72.9 69.3 68.7 70.9 76.2 83.4 87.6 91.6 94.9 97.6 100.6 104.8 110.8 115.7 117.4 121.4 128.2 133.2 139 140.5 143.5 147.9 153.5 157.4 158.6 161.1 166.1 170.1 172.6 177 181.9 186.5 189.7 194.1 198.5 217.9 218.5 222.7 232.5 239.4 234.4 231.2 226.6 227.5 231.6 227.1 219.3 210.4 202 191.9 182.9 175.6 169.2 161.6 152.3 143.4 138.8 132.7 122.9 111 98.6 92.3 75.4 65.2 64.8 64.7 64.4 63.8 63 62.8 74.9 76.3 79 90.1 100.2 105.8 109.9 113.7
63.9 64 62.6 64.1 65.5 69.4 75.3 81.1 85.8 90.7 93.2 95.4 99.5 103.7 106.2 108.7 110.7 117.2 122.9 129.5 131.9 137 138.1 143.4 146.6 150.1 150.5 152.9 156.6 162.1 166.3 172.9 177.6 180.8 182.7 185.2 188.1 189.9 195.5 203.5 212 214.4 216.9 211.7 218.4 224.4 227.1 219.1 211.7 205.6 197.4 189.3 182.6 173.3 162.9 155.4 146.1 138.4 132.3 122.8 113.2 99.9 90.7 74.2 65.2 64.7 64.6 64.1 63.4 63.1 63 72.7 75.4 81.8 91.7 101.2 103.1 106.5 110.5
62.2 62.1 62.6 63.4 63.4 63.3 65.8 73 83.1 86.5 84.5 88.1 92.9 99 99 101.1 104.3 108.6 112.2 117.3 121.6 127.2 131.2 133.6 134.7 137.3 140 138.4 142 148.7 155.8 162.6 169 171.1 172.6 175.3 177 179.1 183.1 191.2 193.8 198.7 199.6 203.7 210 216.1 222 218.4 212.2 204.8 197.6 196.1 190.5 179.8 169.2 157.9 150 143.4 135.8 126.3 114.8 99.4 85 73.4 65.8 64.8 64.5 63.8 63.2 63.1 62.8 69.4 73.6 82 88.4 94.8 99.3 106.4 112.8
