app/static/ascii/NN96.asc
ncols 200
nrows 200
xllcorner 290000
yllcorner 760000
cellsize 50
[rows 105 to 139 of 200, columns 0 to 77 of 200]
266.4 256.4 232.1 234.4 242.4 246.3 245.9 249.7 258.7 264.9 267.8 279.1 291.4 298.7 308.5 316.4 326.9 341.7 359.5 380.6 392.6 408.4 425.9 433.8 439.3 467.1 481.8 499.8 507.3 504.6 481.2 470.6 459.9 454.8 450 458.4 433.9 413.3 393.1 382.6 369 358 342.9 329.4 317.3 305.3 291.4 273.7 240.9 262 279.9 295.2 311.7 321.1 328.2 337.7 347.5 356.8 364.9 372.5 381.4 392 403.3 415.2 428.9 440.9 448.6 455.7 463.3 470.8 477.5 482.8 489.6 496.7 505.4 510.5 512.4 515
252.9 250.6 224.4 233.6 241.7 242.8 244.1 247 252.5 258.1 262.8 271.3 284.5 294.2 303.3 313 321.8 334.7 354.9 381.7 394.5 408.9 423.4 432.2 435.5 467.4 477.8 490.2 502.6 502.1 483.7 462.7 437.5 436.8 429.1 441.9 424.7 406.2 391.1 380 362 350.2 338 324.8 311.7 298.1 282.9 267.1 238.1 260.1 281.5 291.9 312.4 323 332.3 341.3 349.5 359.2 370 379.3 387.5 397 405.9 419.3 434 446.6 456.2 465.3 474.2 482.3 490.3 497.3 502.9 509.7 517.5 525.1 528.1 526.1
236.2 234 217.2 230.7 241.4 242.6 243.5 244.2 247 252.2 259 266.7 278.1 289.6 299.2 308.9 317.7 328.5 348.7 376.5 395 405 416.4 427 429.2 460.1 471.8 475.9 487.1 489.5 484.7 451 427.7 415 413.3 424.7 417.3 402.9 386.4 372.7 357.3 342.2 330.6 317.8 306 291.5 273.5 245.8 248.6 272.2 286.6 296.6 315 326.4 336 345.6 356.5 365.6 376.7 385.1 394.4 404.9 412.4 424 439.5 452 463.5 474.8 485.3 494.5 502.8 510.3 518 526 533.6 543 544.9 541.1
220.1 221.4 213 230.2 237.4 246.6 239.5 239.5 240.4 248.1 255.7 264.1 271.2 283.7 294.9 304.8 313.6 323.6 340.3 372.9 395.1 404.6 404.8 415.3 422.3 447.7 463.6 469.3 472.7 484.8 475.8 444.3 415.9 404.8 398.3 396.9 402.1 381.4 374.2 368.2 354.8 335 321.8 309.5 295.8 280.2 258 235.1 262.8 278.4 294 306.4 317.8 329.4 339.4 349.8 360.9 372 384.3 393.5 402.3 411.4 421.2 432.3 444.6 455.8 470.5 484.5 497 507.8 516.4 525.6 533.7 540.2 550.8 559.5 566.2 565.1
209.6 212.3 218.5 227.1 232.1 239.3 240.4 234.5 237.3 242.5 250.2 259 266.8 277.7 290.6 299.5 307.4 318.6 333.4 359.4 388.3 398 400 404 412.5 430.4 452.9 455.3 463.6 466.9 468.8 437 405.1 392.8 384.7 379.8 377 371.4 358.9 353.6 347.3 331.8 313.8 298.7 281.7 263.6 233.9 251 269.7 286.6 302.4 312.4 322.1 332.1 342.3 353.6 367.8 378.8 391.2 402.2 412.4 422.1 431.9 441.5 452.6 464.1 478.1 492.3 506 519.2 528.7 540.6 548.5 557.5 568.1 577.6 582 581.8
198.5 203.8 218.9 223.8 225.9 233 244.2 237.8 234.5 238.1 243.8 251.1 260.1 270.7 282.8 294.2 301.8 313.3 325.7 349.6 379.4 379.5 388.6 388.9 399.7 410.6 426.3 443.4 451 451 455 428.5 397.1 383.4 374.3 365.8 360.5 355.6 347.5 340.7 333.7 320.8 305 289.4 270 245.6 236.2 261.9 276.4 290 307.2 318.1 327 336.5 345.5 358.7 372.9 386.8 399.7 409.6 420.5 430.8 441.6 451 462.6 475.1 488.5 502.4 516.5 530.6 543.7 556.7 566.3 575.2 584.5 593.3 602 600.1
189 193.8 205.1 214.5 221.5 225.5 237.5 239.9 236.2 231.9 237.5 243.9 253 266.8 276.8 287.1 295 303.7 319.2 339.5 367.4 368.6 367.1 374.9 382.9 391.7 407.2 424.1 433 438 441.9 418.7 388.5 375.1 365.7 356.7 348.8 344.7 336.7 331 324 309.6 294.1 276.1 257 226 251.2 270.6 285.6 299 309.8 318.7 326.3 338.8 350.4 363 376.3 391.2 403.6 415.6 427.8 438.9 451.8 461.9 473 485.9 499.4 513.3 526.9 545.5 561 574.2 582.3 590.4 600.7 608.3 609.2 606.3
183.3 187.8 195.3 202.5 214.5 217.4 219.6 224.9 230.4 230.9 231.7 238.1 247 258.2 271 281 288.9 296.7 311.4 331.1 358.3 360.6 355.6 362.8 371.1 374.8 389 406.7 415.5 421.1 424.9 405.9 375 367.3 356.1 346.3 337 331.8 325 317.8 313.3 300.1 284.4 263.1 236.5 240.6 262.5 277 294.9 306.7 317.5 323.2 335.1 344.3 352.1 366.3 380.7 395.4 408.4 421.6 434.4 448 461.5 471.9 483.3 496.4 509.9 524.8 541.3 556.8 571.2 585.6 597.7 605.6 615.8 621.9 627.1 618.8
175.9 184.7 189.9 192 206.3 204.1 201.6 210.2 217.4 226.1 226.4 231.7 240.7 250.5 262.8 274.9 282.8 290.2 303.5 323.4 350.8 352.8 346.5 348 353.6 362.7 374.1 392.1 402 405.2 406.9 397.2 370.3 360 347.4 336.2 325.6 318 315.8 306.4 301.4 291.1 271.3 253 221.2 249.2 265.6 281.8 297.3 311.3 322.2 332 340.1 350.3 361.1 370.7 381.5 397.2 410.3 424.7 439.3 452.7 467.4 479.6 491.7 504.4 518.6 534.6 552.9 570.3 584.5 599.3 612.8 626.5 637.3 646.3 650.1 643.5
178.3 186.3 188.6 187.3 192.1 191.6 193.7 202.3 206.1 221.3 227.2 228.6 232.6 241.8 256.1 266.5 277.5 284.8 294.9 313.9 340.9 345.3 337.5 332.4 338.5 349.4 358.7 374.7 384.2 387.5 390.8 384.2 362.9 353.6 343.7 329.2 316.6 307.8 304.6 299.5 290 281.5 262.2 240 227.5 253.8 272.1 288.3 303 314.6 325.3 336.8 348.6 356.3 365.4 375.5 387.5 398.5 411.7 424.3 440.8 457 471.7 485.4 499.2 514.2 531.1 546.4 562.1 580.2 596.9 612.5 627.7 641.1 656.4 669.4 673.6 670
173.5 185.4 192.8 186.7 182.4 184.7 187.1 192.1 200.9 213.6 221.6 222.8 225.9 234.2 247.8 258.5 269.1 277.7 287.1 303.2 326.1 340.4 330 328.5 328.3 332.7 343.3 354.3 365.6 372.6 379.2 361.4 357 348.5 338.5 323.8 310.5 300.3 295.2 288.5 278.9 268 250.8 221 236 260.9 277.6 291.7 304.7 319.4 329.9 341.5 352.3 363.4 372.9 381 391 402.9 416.1 430.2 444.1 459.9 475.6 492.2 508.4 526 541.6 554.8 571.1 588.6 606.8 623.7 640 655.2 676.2 693.4 692 686.2
170.4 180.3 182.4 173.7 177.2 179.7 182.7 189.7 196.3 202.9 208.3 215.2 222.1 228.7 239 250.1 260.1 268.9 279.3 292.1 310.8 335.5 325.7 320.2 319.2 321.1 325.4 332.6 350 361.8 371 369.1 350.8 342.7 335.2 323.5 307.3 293.4 282 277.7 269.3 254.9 234.7 218.5 245.3 266.3 283.6 295.7 304.8 315.4 329.4 341.6 352.6 366.1 376.8 387.9 398.6 411 425.3 438.1 450.9 465.5 482.5 500 516.7 532.5 549.2 564.9 577.3 596.2 615.5 638 653.5 675.2 693.2 705.4 706.5 707.4
163.5 166.5 167.1 170.6 171.9 174.7 177.6 182.9 186.7 193 199.8 207.5 216.6 227.5 231.8 242.1 252.2 261.4 270.7 280.1 297.3 321.8 322.4 313 310 309.2 311.7 320.3 335.4 351 358.6 364.3 349.3 339.2 330.3 322.1 310.3 291.1 275.5 262 252.6 240.3 209.8 235.4 254.7 272 286.3 297.7 306.4 317.3 329.2 341.7 355.2 369.5 383.9 393.9 406 420 433.9 445.7 459.3 474.6 493.4 507.5 524.2 540.5 559 572.6 588.7 611.7 627.5 648.1 671 688.5 697.6 704.8 711.1 720
157.9 164.3 162.8 165.8 170.2 171.9 174.3 176.6 181.3 190 193.5 197.2 210 221 228.1 232.3 242 252.4 262.7 269.6 283.9 301.5 309.3 305.9 299.5 297.9 303.2 309.2 320.3 334 342.5 348 333.9 340 327 312.4 305.5 289.5 271.4 258.9 233.9 212.8 222.1 241.2 258.9 273.6 284.8 296.2 306.9 319.6 331.7 344.3 359.6 372.8 389.7 402.7 416.4 431 443.1 456.4 471.5 488.5 504.7 517.4 533 551.2 569.7 582.1 599.7 622.3 637.7 665.9 679.9 688.9 691.4 695.5 705.8 715
158.6 160.3 160.4 166.1 167.5 168.4 169.7 171.7 176 184.3 187 189.9 199.1 209.5 219.1 226.2 229.8 240.3 251.4 259.1 267.7 285.2 293.7 290.8 284.4 285 291.5 298.5 309.5 322.9 326.1 331 331.6 323.2 324.9 309.5 297.7 292.3 270 249.4 223 213 228.8 239.6 255 269.6 285.7 292.2 305 318.6 332.2 343.3 359.3 375.2 391.9 407.8 424 439.7 453.5 465.3 483 500.3 513.7 525.4 541.6 559.7 577.9 584 601.5 620.9 648.9 661.9 676.6 683.4 682.5 687.3 693.8 697.1
154.2 158.9 161 161.4 162.5 164.7 166.2 166.8 172.1 175 176 178.1 188.9 200.5 212.1 219.7 219.9 227 240.3 252.5 258.3 267.2 271.5 271 269.3 272.6 278.3 284.4 292.8 303.7 307.8 317.6 320 310.7 305.5 300 287.1 278.5 261.7 238.7 203.7 224.4 231.2 237.8 251 263.7 272.2 284.8 301.2 315.4 328.3 341.4 356.9 373.8 390.6 405.9 424.6 443.8 458.6 471.6 490.4 504.6 517.3 528.6 548.4 563.7 572.2 576.9 596.3 609.3 636.5 646.8 665 674.1 669.7 678.5 675.8 684.3
147.7 151.1 155.4 158.4 159.7 163.3 163.5 163.8 167.2 171.7 170.4 172.7 179.4 192.8 203.5 206.7 210.1 218.1 231.3 247.8 252.3 256.5 253.7 254.5 254 254.9 262.4 270 273.8 280.3 292.4 299.6 303.1 304.1 294.5 290.7 282 275.8 259.3 235.7 203.6 225.8 232.9 236.6 247.1 260.6 269.8 281.8 296.6 309.8 321.5 336.1 350.8 370.9 387.7 403.8 417.3 437.1 458 471.2 490.4 503.5 519.4 528.3 547 558.2 565.3 567.1 582.1 592.1 615.5 628.8 646.5 657.6 651.3 661.7 660 667.3
137.5 144.7 157.2 161.2 158.9 158.3 161.2 164.7 163.4 166 165.2 170.2 176.9 185 192.3 192.3 195.2 205.2 219.8 233.8 244 248.3 246.2 243.9 241.7 246.6 251.7 257.2 257.4 262.6 275.5 278.2 282.6 286.6 281 274.1 272.7 269 255.7 238.9 208.9 220.3 227 232.1 243.1 256.8 268.3 279.3 291 303.7 315 328.9 346.9 366.2 384.8 398.2 409.4 421 440.2 463.2 481.3 501.5 515.3 520.7 530 545.1 545.5 552.5 567.9 573.6 592.1 614.8 630.7 641.3 630.4 633.3 637.3 649.9
135.2 145.6 153.8 157.7 156 155.6 156.1 157.4 159.4 165.4 162.2 164.8 172.2 175.6 179.8 180.7 184.9 192.1 200 212.5 224.6 235.1 234.4 233.2 236.8 241.8 242.8 243.5 247.5 247.5 253.6 260.9 262.8 265.9 260.7 259.3 260.8 261.1 255.4 237.9 218.7 200.6 223.7 230 239.2 252.1 264.3 276.6 286.6 297.5 309.5 324.2 341.3 358.9 376.6 389 399.3 410.8 428.1 448.2 466.2 484.5 492 501.9 508.1 521.6 525.1 533 546.9 557.9 568.2 586.1 615.9 619.7 608.5 606.8 612 622.5
131.4 140.5 148.4 151.6 153.3 153.4 154 154.4 154.4 157.1 162.9 165.3 166.7 169.8 172.3 173 177.9 184.6 191.6 197.9 205.5 211.2 217.6 224.5 229.5 235.1 236.6 237.1 239.3 240.2 237.6 243 249.6 250.6 248.7 245.8 248.3 245.6 238.8 225.6 205.1 205.7 220.3 224.3 233.3 247.9 264.1 274.6 283.4 291.3 302.9 318.2 333.5 350.7 367.9 382.3 390.2 401.6 417.1 435.9 452 468 477.4 484.7 492.1 500.4 508.3 518.4 533.4 535.6 547.2 558.9 586.3 597.3 591.7 599.3 600 615.3
129.7 135.3 143.6 147.4 151.2 152.4 153.2 152.8 152.7 153.6 155.8 160.5 164.6 166.1 166.2 167.5 172.3 178.2 183.2 187.9 193.9 202.5 210.4 218.8 220.2 223.3 227.6 229.5 228.1 228.6 226.6 227.4 235.9 235.6 237.9 233.1 235.5 229.5 209.9 198.8 201.3 212.3 219.6 221.1 229.6 246.6 263.4 275 283 286.6 297.3 310.6 324.7 343.4 359.5 373.2 381.2 393.8 406.9 424.1 439.2 452.4 460.9 471.9 478.4 485.9 495.6 508.7 519.9 524.9 531.7 544.6 569.2 575.8 586.4 588.4 596 607.2
128.2 131.4 138.2 142.3 146.3 151 151.7 151.8 151.2 151 151 153.7 156.9 158.4 165.7 163.4 167.2 172.2 177.5 180.7 186.4 188.4 202.2 207.7 207.9 206.3 210.7 213.4 215.5 217.7 219.1 224.3 229.6 225.7 224.2 224.6 221.8 203.7 197.2 212.1 219.5 220.1 216.7 219.2 226.1 236 255 268.5 278.4 279.6 289.2 303.7 318.2 338.7 353.8 365.4 376.8 388 399.1 412.3 426.8 438.4 446.9 456.4 465.3 475.7 485.1 500.5 508.8 514 524.4 532.8 546.8 558.3 567.6 574.4 594.4 596
122.2 126.8 129.2 136.4 139.1 140.3 148.5 151 149 148.3 149.3 150.4 151.8 153.2 155.3 160 165.1 167.9 170.9 174.7 178.5 179.6 186.5 193.6 194.9 195.5 196.8 199.8 204.8 210.4 214.3 219 224.8 221.5 219.8 217.7 212.4 186.5 211 228.2 228 221 217.4 217 222.1 230.9 245.9 263.6 269.3 271.2 284.1 299.6 314.4 335 349.4 361.4 372.8 384.1 393.3 404.1 416.1 426.9 437.6 446.9 455.1 465.2 475.8 490.4 496.6 505.4 518.5 524.3 535.7 543.3 554.7 567 577.3 591
114.6 118.3 123.7 127.5 134.4 135.9 138.7 144.2 147.5 145.9 148.7 149.2 146.8 149.6 151.2 153.5 159.4 164.7 164.8 168.7 167.5 171.8 177.7 181.9 182.7 185.3 189.2 192.1 196.3 202.5 207.9 212.7 215.2 215.1 218.1 212.8 188.3 197.8 214.6 222.6 220.6 218.5 217 217.4 220.4 227.9 237.9 252.2 256.6 265.4 276.8 292.1 309.8 330.4 346.9 358.7 366 377.3 387.9 399.2 409.4 419.3 428.8 438.4 446.9 459.4 469.6 481.5 486.6 496.9 509.3 516.8 528.8 541 546.2 558.6 565.4 573.9
111.8 111.5 112.3 117.7 125.2 132.6 132.4 135 141.4 139.9 143.8 146.2 145.7 149.3 149.1 150 152.4 156.4 159.6 163.1 164.1 166.2 169.8 174.2 176.7 178.7 184.9 188.3 191.9 195.7 200.7 205.6 207.8 210.9 212.5 205.5 175.5 206.2 210.1 214.9 216 215.8 215.6 220 221 225.9 236.1 248.2 256.4 263.8 272.7 289.1 307.5 329.7 345.4 350.4 351.6 371 384 394.6 403.5 413.2 422.9 432.5 442.6 453 462.7 473.3 482.1 490.2 503.4 516.7 525.7 536 543.5 554.2 567.4 564.8
117.7 117.1 114.7 110.7 111.1 119.4 127.5 134.5 135.5 137.3 136.1 143 147 147.9 148.4 148.3 148.4 150.2 153.2 156.8 160.8 163.9 166 169.6 173.2 175.6 179.2 182.8 188.4 191.7 195.3 198.2 201.4 200.8 206.8 185.2 184.4 200.4 199.1 207.2 207.2 205.9 212.2 218.6 222.4 224.1 232.6 243 251.6 261.1 273.6 289.1 308.3 325.3 333.1 335.4 348.3 366.2 377.8 388 399.4 408.3 417.7 425.7 436 448 458.7 468.9 477.6 484.3 498.4 513.2 527.8 538.5 545.1 554.8 566.2 568.6
119.8 118.2 117.4 116.2 113.1 109.3 117.2 119 122.7 127 128.3 134.6 140.1 142.9 144.9 147.4 147.6 148.4 148.1 151.3 156.7 159 161.6 163.6 169 173.6 177.2 179.4 183.8 188.1 191.1 194.1 196.5 198 200.5 168.7 189.3 194 195.7 200.2 201.2 205.4 210.2 215.1 218.3 222.6 227.2 236.4 247.6 261.8 282.3 293.3 310.4 321.1 326.3 336 349.6 363.6 374.4 385.2 396.5 405.1 411.9 420.6 432.8 445.3 458.8 468.8 476.9 484.2 496.8 516 529.9 538.1 546.2 556.5 565.9 565.2
121.3 119.7 119.2 118.1 115.9 114.5 109.3 112.9 117 116.3 116.8 120.4 126.8 131.3 135.5 136.2 139.4 145.9 146.2 146.8 149.8 152.7 155.5 159.8 163 163.2 173.8 176.6 179.7 183.6 185.1 185.7 188.3 186.9 174.2 157 185.6 188.7 195 199.8 201.7 205.9 206.8 208.7 213.2 219.7 225.4 233.8 246.8 267.8 285.5 292.7 307.7 316.7 321.2 339.9 351.1 361 373.8 385.5 395.6 404 410.7 421.1 433.8 446.2 458.6 469.1 478.9 486.2 499 518.3 533.8 549.4 549.1 558.4 568.3 557.3
125 124.1 121.4 120 118.5 116.1 114.7 109.1 109.4 114.3 114.5 115 116.3 115.5 115.8 115.1 117.5 130.7 137.7 143.6 146.2 146.4 150.4 154.6 158.4 160.7 161.7 171.6 175.4 177.6 178.4 178.8 181.1 160.6 150.4 169.6 182.3 188.1 193.2 197.5 201.6 203.6 205.7 207.3 211.8 218.2 224.7 233 250.9 273.6 284.3 283.3 299 314.2 325.2 338.4 342.7 356.7 374.6 386.7 395.3 403.7 411.6 422.9 435.1 446.1 457.7 469.4 479.2 487.1 504.4 519.9 537.5 567 554.6 562.5 563 546.5
132.9 130.9 125.9 123.9 120.9 118.4 117.4 115.3 111.6 109 113.5 116.5 115.4 116.3 116 115.7 115.5 116.8 120.7 128.8 140.5 142.5 144.7 148.3 153.7 156 158.9 162.2 166 168.9 173.1 177.9 165.8 148.1 178.6 183.9 187.6 188.8 192 195.6 200 201.4 204.2 206.2 209.1 214.8 224.7 240.1 260.9 277.9 281.3 284.5 303.4 319.1 327.9 332.4 339.3 359.6 375.4 387.1 395.5 406.8 414.7 425.6 437.3 447.1 456.2 467.7 474.7 480.5 503 513.7 532.9 560.3 559.5 564.9 551.7 534
144.6 137.4 132.9 128.8 124.8 122.1 119.3 117.1 114.6 113.9 109 113.4 114 116.7 116.1 115.8 116.2 116.5 116.5 117.3 125.6 138.1 139.9 143.1 147.6 150 152.6 155.4 159.8 162.4 168.2 171 144.4 167.3 180.2 182.7 186 188.3 193 195.9 199.7 200.9 202.8 205.9 209 215 224.1 247.9 271.2 279.3 277.8 286.2 304.1 317.9 322.7 331.8 347.3 363.5 379.3 388.8 397.2 406.6 417 427.1 438.5 449.2 458.6 465.9 463.7 471.4 493.1 495.8 512.5 542.3 549.1 556.9 535.1 527.9
147.4 144.6 139.6 133.1 129.2 125 123.4 116.8 115.1 114 113.6 109.7 114.9 116.2 116.2 116.1 116.2 116 115.8 116 117.5 125.2 132.4 136.2 139.3 144 148.1 150.4 154.7 158.7 162.3 162.8 142.9 168.7 176.4 179.6 184.3 188.3 192.3 196.3 199.3 199.8 202.8 205.9 209 214.6 227.6 252.3 273.4 276 277.7 290.2 304.2 312.4 321.8 338.3 353 365 377.2 389.6 398.2 407.2 418 430.9 438.8 448 460.4 466.1 456.4 459 470.5 475.8 485.8 503.3 535.2 546.9 511.1 507.5
157.3 152.1 145.4 137.5 132.7 130.1 129.3 124.3 116.9 114.2 113.9 112 109.8 115.1 115.9 116.1 115.8 115.7 115.4 115.5 116.4 116.9 126.4 127.5 129.2 136.5 145.1 146.9 142.7 142.6 149.1 140.1 149.8 163.5 171.2 177.6 180.9 184.6 189 193 197.4 199.9 203.7 207 211.1 215.9 229.7 252 273.3 272 284.8 298.4 306.8 316.5 334.5 345.7 355.9 367.2 379 392.6 400.6 407.2 419.1 433.8 439.5 447.3 458.8 462.8 454.2 450.9 452.1 454.3 461.7 482.1 507.5 503.9 495.5 500
167.7 159.9 151.8 145.3 139.5 136.5 133.7 129.8 125.5 116.4 114.7 113.4 109.3 114 115.5 115.4 114.6 115.1 115.3 115.1 115.1 115.5 126.1 127.6 129.6 132.9 138.3 134.5 128.5 141.2 143.2 151.4 157.3 159.9 163.5 172.8 177.2 182.5 188.3 193.2 198.4 202.3 205.8 208.9 212.5 219.1 229.2 246 261.3 275.8 291.5 298.8 304.8 324.4 342.4 348.8 355.8 368.8 383.2 394.5 403.2 409.9 418.9 434.7 446.4 450.8 458.8 461 448.2 445.6 445.5 446 446.4 457.5 470.6 486.8 476 484.1
182.4 174.6 161.8 152.1 147.5 142.7 138.6 135.1 131.5 128.4 122.3 115.3 114.2 109.2 111.9 114.9 114.5 115 114.6 114.9 114.7 116.1 126.3 127.7 129.2 131.1 130.4 126.3 139.2 144.6 148.1 151.5 161.4 158.4 158 170 174.8 181.3 188.5 193.4 200.1 203.6 208.3 211.4 217.3 224.7 238.7 255.7 274.7 284.7 286 295.8 308.1 328.2 345.5 351.4 356.8 370.8 384.6 393.3 401.9 406.3 415 429.8 447.2 451.9 461.3 461 447.6 442.9 442.9 444.9 444.2 446 454.6 470.1 470.4 465.8
