app/static/ascii/NN97.asc
ncols 200
nrows 200
xllcorner 290000
yllcorner 770000
cellsize 50
[rows 0 to 34 of 200, columns 0 to 77 of 200]
701.4 713.4 724.2 729.9 729.7 719.4 706 692.5 681.4 673.2 664.9 658.4 648.2 638.9 631.8 625.3 620 612.9 608.2 605.8 601.1 597.2 597.6 599 599.6 602.5 606.2 612.7 617.2 624.6 629.4 634 639.8 649.2 657.2 662 664 657.3 638.5 618.9 609.3 622.4 627.3 626 619.8 614.9 608.3 602.2 600.7 593.7 597.1 592.2 585.5 581.7 577 575.6 574.7 576.5 578.9 576.8 575 575.3 572.9 570.4 569.3 566.3 569.4 569.7 571.7 570.2 572.1 572.8 576.6 573.2 574.6 571.8 573.6 575.2
715.5 726.1 738.2 746.5 747.4 740.9 725.7 705.3 694.2 683.4 674.6 666.5 655.2 645.2 639.1 630.9 621.7 615.3 611.3 609.2 605.4 601.9 595.6 597.6 597.4 598.1 604 606.5 611 617 622.9 626.6 636 643.1 648.9 652.9 651.6 644.7 630.8 612.9 628.3 640 645.3 643.2 636.5 627.6 617.6 609.8 602.7 598.5 596.3 592.4 585.4 585.1 583.3 575.2 572.8 571.8 572.6 573.2 573 572.8 571.1 568.4 565.1 564.3 563.8 564 564.5 564.5 565.6 567 566.8 567.2 565.9 560.3 563.5 561.4
729.3 741.7 756.6 761.5 761.9 756.1 742.2 721.4 703.9 691 681 672 662.1 653.9 645.6 634.9 626 620.4 616.7 613 608.9 604.5 602.3 599 595.4 593.7 602.3 600.4 608.4 615.1 616.9 625.1 631.8 634.4 639.7 642.3 638.4 627.4 613.3 633.2 647.7 656.5 662.5 664.8 656.8 644.3 628.1 617 607.5 600.5 598.5 594.5 587.3 588.2 586.8 583.9 579.5 574.8 569 568.8 566.8 567.1 565.9 565.4 563.3 561.1 561.8 560.8 560.7 560 559.5 558.8 558.4 558 558.1 555.6 554.4 554.2
745.2 761.6 770.6 774.5 774.8 768.3 754.9 734.7 713.4 697.4 684.7 673.9 664.6 657.6 650.2 641.6 632.4 626.5 620.7 617 612 606.5 605.5 603.7 599.8 597.8 592.9 599.2 603 608.4 611.4 617.8 625 629.4 630.9 632.7 621.6 622.9 638.6 654.7 666.6 674.9 679.8 680.4 672.1 658.5 637.5 624.2 613.5 605.6 601.2 596.2 592.1 591.7 591.6 588.8 586 583.5 577.6 577.7 569 564.6 561.5 562.6 561.1 559.8 558.6 559.1 557.4 557.5 556.4 550.2 547.8 547.8 546.6 546.4 550.3 550.8
759.5 775.7 783.8 786.8 784.6 776.7 761.8 739.8 719.3 702.8 689.7 678.6 670.6 662.5 655.2 647.6 637.9 630.7 625.2 620.3 616.9 612.9 609.1 606.4 602.2 599.9 595.2 592.9 599.8 604.3 606.3 611.9 618.3 622.4 623.4 621.6 632.7 645.7 659.8 672.5 682.2 689.1 691.1 690.2 682.7 670.6 650.6 635.4 621.5 612 605.9 598.2 591.4 592 591.5 589.3 586.8 586.2 584.4 575.8 574.8 568.4 562.5 559.5 558.6 558.4 557.8 556.1 555 554.3 551.2 550.3 548.7 548.3 549.6 548.2 546.5 544.7
777 789.6 795.7 795.8 791.1 780.5 766.2 745.4 724.4 707.8 694.3 683.8 675.8 669 661.8 653.1 643.1 635.2 629.6 623.9 620.8 618.2 614.2 611.3 605.5 601.4 597.6 593.5 593.3 600.3 604.1 608.6 612.5 618.8 623.4 633.1 644.9 657.4 671.5 684.4 692.6 699.5 701.5 697.6 692.6 683.3 663.3 643.1 629.6 617.4 608.4 600.1 592.3 591.4 590.5 589.6 588.6 586.3 586.7 580.1 575.2 571.5 564.7 560.7 557.8 557.7 557.5 556 555.2 554 549.8 550 551.1 552 552.1 550.5 548.2 546.2
790.1 800.6 804.8 803.4 797.5 785.2 770.8 750 728.7 712.8 699.3 688.1 680.8 673.6 665.1 655.7 647.3 638.7 632.1 628.6 626.7 623.4 618.4 615 608.4 604.3 599.1 595.4 589.9 595.1 599.5 604.9 611.7 616.1 629.3 639.9 648.7 661.7 677.7 692 701.2 706.3 706.7 702 698.2 686.8 667.2 649.2 634.5 622.2 611.4 601.6 592.1 589.7 589.3 589.8 587.4 587.5 584.7 579 573.4 571.8 563.9 559.5 557.5 556.9 554 554.2 551.8 550.9 551.4 551.2 556 554.8 553.3 551.3 551.7 551.3
801 810 814 810.8 802 788.6 774 751.1 730.3 714.1 702.2 691.2 683.5 675.9 666.4 657.5 649.1 643.8 636.2 631.6 629.5 627.2 622.4 617.5 612.7 606.9 601.6 598.6 593.9 589.9 594.5 600.1 607.3 611.3 625.5 637.5 649.3 664.1 680 696.5 705.9 709.2 709.6 706 700.6 688.6 669.8 652.6 637.9 623.9 611.1 598.9 591.2 587.1 588.2 589.2 586.7 584.5 579.9 574.6 571.7 568.6 561.5 557.4 555.7 556.1 553.2 552 552.7 553.2 553.1 555.6 556.3 554.8 554.8 555.8 556.4 554.8
810.8 818 819.9 816.3 805.6 791.2 774.5 750.6 732.4 717.7 705 694.2 683.9 675 666.1 660.1 657.9 651.3 643.2 637.9 632.4 628.4 623.6 620.2 616.1 610.3 603.8 601.3 597.2 591.5 589.1 593.1 599.4 606.6 620.6 635.5 648.1 662.9 679.4 696.9 706.4 710.8 710.4 705.7 699.9 686 669.1 653.7 638.3 623.4 608.2 597.7 590.4 587.2 588.5 589.2 585.4 583 577.8 571.8 570.8 563.1 555.5 555.2 555.1 554.4 552.8 553.6 554.2 555.1 556.3 558.4 557.3 555.9 557.6 559.4 557 560
820.3 825 824.8 819.6 808.3 792.1 772.7 751 732.6 718.4 705 694.1 687.1 678.6 670.5 667.3 665.5 660.2 651.1 639.9 634.2 630.4 626.2 621.1 617.6 611.5 606.9 603 599.1 594 594.3 586.7 591.3 602.5 615.6 629 643.2 658.6 675.2 694.6 703.6 708.1 704.3 699.7 695.9 684.7 665.9 651.3 636 620.6 606.2 596.6 588.4 586.4 589.6 588.9 584.1 582.5 574.3 569.7 565.7 558.8 555.8 555.4 555.5 553.6 555.6 554.3 557.4 559.3 560 559.9 558.4 559.9 561 562.7 563.6 564
827.7 831.1 829.3 821.4 809.5 791.5 769.9 749.8 733.3 719.1 704.9 696.1 690 683.4 677.4 674.4 670.9 665 654.4 642.4 634.4 631.4 626.6 622.2 618.6 611.6 607.6 603.3 599.9 597.6 596 592.5 586.5 595.7 608.1 621.9 634.7 648.9 665.5 683.7 695.4 698.6 694.4 692.6 686.1 678 662.2 643.3 631.5 616 605.1 595.8 588.6 585.5 588.6 587 583 581.9 570.3 567.8 564.4 560.7 556.6 555.9 554.9 554.3 556.1 560.9 561.7 562.6 563.1 562.3 563.4 565.7 565.8 566.4 567.5 568.6
832.2 835.1 831.5 822.2 807.6 788.3 767.5 749.2 733.3 718.9 706.3 698.3 691.5 687.9 683.2 680.3 676.9 669.6 656.7 643.3 634.5 631.7 629 623.1 617 614.8 610.5 606.2 602.3 599.1 597.7 592.7 586.2 586.5 600.4 613.4 624.9 638.4 650.8 666 679.7 688.1 686.3 682.7 675.6 668.7 652.2 638.9 626.2 611.9 602.8 595.2 587.7 584.3 586.5 585.7 579.4 574.6 567.8 566.3 560.3 558.5 557.7 556.7 555.1 559.6 563.2 563.8 567 566.9 566.9 567.4 568.7 570.3 570.1 570.6 572.1 574
835.6 836.3 831.5 821.4 806.2 785.4 766.9 749.1 733.9 720.1 708.6 701.7 697.4 691.1 687.9 685.6 682.5 675.3 663.2 646.1 637.1 634.2 629.8 624.2 623.1 619.4 614.5 608.3 606.2 602.1 599.5 594.5 587.3 584.3 594.5 605.7 615.7 624.7 636.8 647.2 655.9 665.4 668.6 669.9 667.3 658.4 644.8 633.1 621.8 608.1 600.3 592.2 586.2 582.9 585.9 579.8 576.3 572.6 567 562.6 558.5 557.6 557.2 556.1 564.1 566.4 567.1 571.1 572.4 570.4 573 575.6 576.9 579.5 575 579.3 579.9 579.5
835.1 834.8 829.9 819.8 804.5 785.3 765.8 748 735.4 722.7 711.3 703.5 699.6 695.8 692.6 691.2 687.3 679.1 667.7 652 641.6 635.5 630.8 629 626.1 622.1 617.3 614.3 610.3 606.6 602 598.1 594.1 582.7 585.1 597.5 604.5 612.9 621.7 628.8 633.5 640.1 641.7 645.3 649.5 644.7 636.4 626.5 614.8 604 595.6 590.2 584.8 581.1 580.8 576.5 572.5 569.1 563.9 560.7 558.8 558.4 562.1 567.4 570.5 573.3 576.6 576.4 577.2 577.8 582.6 587.1 585.6 587.6 584.9 585.3 585.2 585.6
835.4 833.3 827.1 817.7 804.6 783.2 764.1 747.1 735.9 724.1 714 705.9 701.7 698 695.5 693.6 688.7 681.8 672.2 658.1 645.8 638.2 637.2 635.6 631.2 626.6 623 620.3 616.3 612.6 605.7 602.1 598.3 592.2 582 588 596.3 600.7 606.5 610.3 617.3 621.4 624.3 626.4 629.4 628.3 623.4 619 608.5 599.6 592.3 586.8 582.9 577.8 578.1 571.1 569.1 564.9 561.7 560.4 558.9 562.2 571.9 573 577.9 581 582 583.1 586.6 590.1 592.8 596 595.3 593.3 596.9 593 592.9 593.8
834.6 830.8 825.1 816.8 802.2 779.3 761.2 745.9 734 722.5 713.4 708.5 705.6 701.7 696.9 694.3 690.2 683.2 674.4 662.5 650.5 644.5 645.8 643.5 636.7 633.1 629.9 626.7 623.2 618.1 611.1 607.3 603 596.3 588.1 580.9 586.5 590.3 595.1 598.5 602.3 605.9 609.4 610.5 612.5 612.3 609 605.7 599.8 591.2 584.1 583 578 574.2 574.3 570.3 566.7 565.6 562.6 559.3 561.2 572.4 575.3 579.2 585 585.9 589.7 592.7 595.4 599.4 602.1 607.4 605 603.5 604.6 600.6 598.8 603.2
835.3 832.2 825.3 815.3 800.1 778.8 760 744.2 730.5 718.2 713.4 710.5 707.5 703.9 699.3 694.5 690.8 681.5 672.9 662.9 656.5 655.1 653.4 649.7 644.9 642 637 632.5 627.8 623.7 617.8 611.8 607.2 603.9 594.9 586.7 579.6 582.2 586.2 589.9 592.2 593 595 597.4 596.9 597.9 596.5 593.6 589.4 583.7 581.4 579.5 575.7 573.1 574.6 573.9 569.2 565 561.8 560.8 568.9 576.9 577.7 582.4 591.3 596.8 598.5 602.2 606 610.4 614.7 615.7 614.8 613.3 614 612.5 612 609.8
837.3 833.4 825.4 813.4 794.7 775.9 759.8 745.3 732.4 723.1 716.9 710.6 706.5 703.2 698.1 693.3 687.9 679.1 671.4 669.8 664.6 664.2 661.4 658 654.4 652 645.6 640.4 636.2 631.5 624 619.4 614.7 609.9 603.7 595.1 592.3 582.3 578.4 582.3 585.7 587.3 585.6 587.6 589.4 589.3 585.9 583.4 580.8 578.1 575.6 576 574.3 570.1 572.9 572.6 569 564.6 561.1 567.4 577.5 583.3 584.2 592 598.9 602.5 608.7 613.2 617.1 618.9 618.4 622.5 627 625 623.3 622.5 618.1 619.5
838.7 834.8 826.4 814.8 794.8 775.3 760.1 750 738.8 729.7 720.9 713.6 707.8 702.5 697.7 697.1 690.8 684.3 681.2 675.5 672.8 672 669.1 665.1 664.7 662.3 657.2 651.2 647.1 637.6 632.5 627.1 622.3 614.7 608.2 603.5 597.6 592.2 585.8 577.2 575.7 576 578 579.9 580.6 580.1 577.4 578.3 576.4 575.2 573.5 573.8 571.7 570.3 571.3 570.6 568 563.7 562.6 573.8 582.9 586.9 593.6 598.8 603.9 611.8 619.1 623.9 628.4 629.9 630.4 634 633.3 633.3 634.8 632.9 626.1 627.8
841.6 836.3 827.8 817.2 794.7 776.9 763.1 752.9 742.7 734.7 727.3 718.2 710.4 706.3 705.5 704 700.4 694.3 687.4 683.3 680.4 681.6 680.1 678.8 677.4 672.9 667.3 662.3 657.8 650.8 642.2 635 627.2 622.3 617.7 610.4 606.1 599.5 596.7 592 587.5 585.1 581.1 577.5 574.7 571.7 572.7 572.5 571.5 568.9 569.1 569.3 568 567 566.8 573.4 565.3 563.6 566.5 578.8 587.4 593.1 600.5 604.8 612.2 621.4 626.7 634.6 637.5 639 638.2 646.3 643.9 645.5 644.6 637.7 638.8 639.5
843.5 837.6 829.1 818.3 796.5 780.7 767.1 755.7 747.3 741.2 732.9 722.7 716.8 714.3 712.8 710.8 706.9 700.8 697.3 690.9 692 696.3 695.8 693.4 692.9 687.6 680.2 675.8 670.6 664.6 655.2 646.2 638.6 631.8 626.6 621.6 615 610.8 607.2 603.8 596.9 593.2 589.1 582.4 579 577.2 577 575 572.6 571.2 570.6 569.3 568.3 565.9 566.8 565.1 564.9 564.4 577.6 580.4 592.5 600 606 611.8 621.9 629 637.1 643.9 649.5 651.1 653.8 657.8 657.5 659.2 657.7 652.2 651.5 651.2
844.4 838.8 830.2 817.9 800.4 786 773.9 761 754.2 747.2 739.9 731.9 727.3 724 720.6 717.5 713.4 710.3 706.4 698.1 703.1 711 712.6 712 710.7 700.9 696 691 686 678.2 669 656.9 649.3 644.1 638.7 631.5 627.4 622.8 620.7 614.9 608 601.5 595.9 588.3 583 580.2 583.5 582.2 576.5 572.5 571.4 569.8 568.8 568.1 567.1 564.9 566.3 576.1 584.3 591.8 596.5 605.2 610.9 618.9 628.8 636.5 646.1 653.2 661.6 664.7 666.2 667.3 670.9 674.1 668.9 666.9 664.9 664.1
845.7 840.3 831.1 819 805.5 792.7 781.9 769.7 761 754.1 747 740 735.8 733.2 729.3 725.2 719.6 717 714 706.9 712.8 722.2 726.9 727.2 725.3 714.5 709.9 707.8 703.2 695 681.5 671.2 661.8 654.8 648.4 642.8 637.8 632.8 628.6 624.2 616.8 608 601.1 594.7 589.1 583.6 585.8 585.7 580.6 577.5 572.7 572 574.8 569.9 567.4 571.7 574.4 582.9 591.8 598.8 601.8 609.4 616.8 625.7 635.1 645.2 654.6 664.2 673.5 678.2 679.1 682.8 685.4 685.9 681.8 680 679.8 677.8
843.5 840.7 833.9 822.9 814.6 803.6 793.7 780.5 770.3 762.3 754.9 749 744.4 742 738.1 731.3 722.5 723.1 722.7 715.8 723.9 734.8 739.7 742.3 741.4 732.8 726.6 722.2 718.3 711.2 696 683.7 672.9 664.9 659.3 651.6 645.6 639.5 635.3 629.8 623.3 613.1 605.9 600 592.2 588.4 586.9 585.6 584.1 579.9 577.5 576.1 575 570.3 573.5 575.8 579.8 590 597.4 605.1 609.2 613.1 623.3 631.5 640.7 651.7 663.7 674.8 681.9 687.7 692.4 693.3 691.7 692.5 694.9 692.2 692.3 687.9
842.6 838.8 835.7 830.8 824.9 815.8 805.9 791.8 781.6 771.7 763.6 758 752.9 749.7 744.7 735.9 731.2 732.3 730.4 725.7 732.9 743.3 750.4 754.7 754.6 747 741.6 735 729.9 721.6 710.2 695.6 683.1 672.9 667.6 662.5 652.5 645 638.6 633.7 627.3 617.8 609.8 603.4 594.5 592.7 591.2 586.8 584.5 584.2 580.3 578.7 576.3 572.3 578.9 584.2 586.1 594.6 602.4 611.5 617.5 619.9 626.2 636.9 646.4 659.4 672.7 681.4 689.9 697.5 703.3 705 702.9 703.4 703.7 704.9 704 701.7
840.8 838.8 838.7 836.9 833.9 829.2 820.4 805.2 794 783.6 775.5 770.4 762.6 755.6 751.9 745 748.7 747.6 741 736.2 743.6 753.8 762.2 765.1 763.2 759 753.2 746.6 740.4 731.9 717.7 704 693.5 683.6 673.9 666.1 658.2 648.6 640.4 633.7 628.1 620.8 613.8 606 598.4 595.8 594.9 588.2 589 586.9 585.4 582.2 575.7 575.5 581.7 589.1 593 600.5 607.7 618.8 626.6 628.9 635.1 638.4 650.5 664.9 677.9 689.4 699.2 706.3 711.2 711.7 711.9 717.7 720 720.4 720.8 720
838.4 839.5 842.8 842.8 841.8 839.2 833.8 824.1 811.9 803.5 794.4 782.8 775.1 765.3 761.9 760.7 759.8 757.5 750.7 748.4 757 764.1 769.9 772.4 771.9 768.1 763.3 756.5 748.1 738.8 727.1 710.3 698.6 689.5 678.2 668.2 659.5 649.6 639.1 630.4 626.1 620.7 615.2 608 601.9 599.6 594.1 591.9 591.5 590.9 589.2 582.2 576.2 579.9 584.3 590.9 599 606.5 613.9 626.3 632.8 637.3 644 650.3 651.2 667.8 680.8 693 705.9 713.8 717.6 721.7 726.1 728.2 731.3 735 737.2 736.1
836.9 840.7 845.5 848.5 849.7 849.3 846.7 841.4 832.6 824.5 814.9 800.8 788 779.4 772.8 770.2 771.2 765.3 762.3 760.7 765.1 770.6 777.5 780.4 779.4 775.8 770.7 762.3 753.1 742.5 731.8 717.6 702.1 693.4 679.7 668.8 658.8 648.2 638.8 627.3 624.3 620.1 616.4 610.6 604.9 602.2 598.8 598 593.7 592.3 588.6 579.6 580.3 582.6 587.4 595.9 604.6 611.9 621.4 633.1 639.8 647.2 653.1 660.1 662.4 669.9 683.2 696.3 709.9 719.3 727.3 731.5 733.8 738.1 741.4 745.3 747.9 748.5
837.1 843.5 848.9 853.7 856.6 858 856.6 854.7 849.2 842.6 834.7 818.8 806.7 791.1 785.8 787.4 784 773.5 771.2 770.2 772.5 780.3 785.5 787.9 786.4 783.1 777 766.7 754.4 743.7 730.1 718.1 704.9 694.4 682.1 667.4 654.4 645.5 638.7 630.4 625.6 620.8 617.7 614.8 606.1 604.5 601.6 597.3 594 583.4 586.2 585.4 583.2 587.3 592.6 601 609.3 617.6 628.5 640 648.7 656.1 663.3 669.9 675.6 678.2 686.1 697.7 711.7 723.9 732.3 737.1 740.2 745.6 749.3 753.5 757.6 759.7
838.2 846.2 852.7 858.2 861.6 864.7 864.7 864.1 859.3 853.4 845.2 835.5 823.4 808.3 799 798.9 793.6 785.1 783 781.6 781.3 786.8 792.3 793.8 794.3 789.8 782.6 771.1 755.4 742.2 727.3 714.1 704 692.4 680.4 664.8 651 641.3 634.6 630.9 626.4 620.9 616.4 609.2 608 607.3 602.2 595.8 590.5 595.7 590.2 588 586 587.1 595.6 605.5 614.8 623.8 636.3 646.3 656.2 663.9 672.2 680.3 686.4 690.6 693.8 703.8 713.9 726.3 735 740.2 746.5 752.9 756.9 760.1 764.1 766.6
839.6 849 856.4 862.1 866.9 870.6 871.7 870.7 866.6 861.1 852.1 843.3 833.5 820.9 809.7 807.3 801.7 794.6 791.2 790.8 790.9 791.9 796 798.9 799.9 795.1 787.4 772.7 753.1 738.8 724.1 710.5 698.3 685.3 674.5 658.9 647.2 639.7 633.2 631.1 623.8 620.5 613.6 613.6 609.7 604.1 597.9 595.5 595.9 596 590.3 591.9 588.9 587.5 597.6 608.9 619.2 629.8 641.6 653.6 663.4 672.5 683.5 693.4 699.3 701.2 705.7 713.8 722.3 730.8 739.2 745.6 752.3 758.7 764.2 768.3 770.1 771.5
841.3 851.6 859 865.9 871.1 875.9 877.5 875.9 872.5 866 856.6 847.6 838.3 827.2 816.3 810.8 806.5 802.1 799 801.4 801 798.4 800.7 803.9 802.7 796.9 787.7 768.5 748.7 732 716.2 705.1 694.4 682.3 667.5 655.4 645.3 639.1 630.2 627 620.5 620.3 616.6 612.2 606.1 597.8 604 600.9 598.6 596.8 597 594.3 594.9 588.9 601.3 612.3 623.7 636.6 647.1 660 670.9 683.4 696.4 706.1 713.2 719.1 720.6 722.8 731.5 740.8 748.3 753.9 761.2 765.8 768.5 771.8 773.4 774.8
841.9 853.4 860.7 868.2 874.2 879.9 880.7 879.2 874.8 868.1 858.7 849.3 841.7 831.3 818 812 808.2 806.1 808.7 810.5 811.2 808.7 810.3 810.3 803.9 797.1 783.7 762.6 742.1 723.5 707 694.5 685.5 673.9 663.2 652.7 644.9 635 626.9 622.5 620.6 620.9 617.6 606.1 606.4 610.7 609.7 607.5 605.8 602.7 600.2 596.7 600.9 592.2 606.1 618.1 630.6 642.1 652.1 665.2 678.7 694 707.9 719.1 727.4 734 737.4 738.8 742.3 750.2 757.3 763.8 768.3 770.8 772.5 774.4 775.6 777.6
843.4 853.4 862 869.1 875.9 880.6 881.4 879.6 874.6 867.7 859.4 850.3 842 831.7 818.4 811.9 807.8 810.2 813.7 815.9 818.1 816.7 818.4 813.7 804.8 794.8 779.8 755.9 735.3 714.6 697.8 686.1 676.4 665.4 655.7 649.9 642.4 633.2 621.6 617.2 619.4 613.5 613.3 616.8 619.2 617.5 615.5 615.6 612.4 610 606.5 603.8 601.3 595.6 612.3 622 633.8 645.9 657.9 671.2 685.4 702.7 718 731.5 740.7 746.7 750.9 754.6 757.9 762 768.4 771.7 775.8 777.8 779.7 782.1 783.6 783.7
843.6 853.2 862.4 869.6 875.2 878.9 879.6 877.4 871.9 865.2 858 849.3 840.5 830.2 818.3 809.8 806.8 810.3 812.7 816.5 818.3 819.4 818.5 811.7 803.2 790.3 773.6 752.4 729.2 708.9 688.3 677.1 668 657.7 651 642.7 633 625.6 624.1 624.1 624.5 622.7 623 622.9 627.1 627.4 624 622.1 617 617.3 612.3 607.4 603 599.6 615.1 625.4 636 648.2 661.5 675.4 691.5 710 727.5 740.7 751.2 758.4 764.3 768.2 771.5 775 777.2 781.3 784.5 786.1 787.2 789.2 791.1 791.9
