app/static/ascii/NN98.asc
ncols 200
nrows 200
xllcorner 290000
yllcorner 780000
cellsize 50
[rows 105 to 139 of 200, columns 0 to 77 of 200]
785.3 802.1 817.1 831.6 848.6 870.1 888.1 904 916.7 923.8 927.3 925.8 919.1 902 875.3 856.7 837.9 824.5 811.2 798.8 785.7 773.6 761.8 750.8 740.1 730.5 721.4 713.2 704.3 697.6 691.3 687 684.8 683.5 681 676.9 671.1 665.3 658 651.3 640.8 633 626.6 620.5 621.4 623.9 627.2 638.3 646.8 655 669.2 680.3 693.2 709.9 726 741.8 750.7 757.5 760.4 758 751.5 749.2 748.7 746.2 745 744.6 742.8 741.8 742.3 747.3 749.2 747.8 745.9 742.1 736.3 732.1 730.1 729.5
797.9 812.4 827.8 841.6 861 879.5 897.6 914.1 925.1 932.7 937 938.5 932 916.7 889.3 867.9 848.1 831 819 807.9 792.7 779.3 766.5 756.8 746.5 736.5 725.8 715.9 707.4 701.2 693.1 689.2 685.1 682.3 680.1 677.3 673.4 665.8 658.6 649.5 638.3 631.1 629.4 623.7 626.6 628.9 631.9 637.4 650.5 660.9 672.7 684.8 697.5 715.3 733.3 747.8 756.9 762.9 765.8 766.4 763.2 759.6 757.7 755.3 753.8 752.9 752 750.9 751.1 753.2 753.8 756 755.1 751.3 748.5 746.5 744.4 742
812 825.9 839.4 855.7 872.6 890.5 906.8 921.7 933.6 941.6 948.4 950.4 944.7 932.1 904.4 879.6 855.9 834 821.9 810.7 797.7 786.7 773.4 761.2 751.4 741.7 730.5 718.5 710.3 701.8 695 689.7 685.1 682.4 679.4 676.2 672 666 658.3 649.7 639.9 635.7 627.1 623.4 626.8 632.3 635.6 639.6 651.7 665 675.9 688.9 702.7 721.9 739.1 751.8 761.4 768 771.9 772.6 772.7 771.4 768.1 765 762.5 761.3 762.9 763 760.8 762.8 763.5 767.7 768.4 765.3 763.1 759.3 757 753.6
828.9 837.8 852.5 867.7 882.5 898.7 914.1 928.5 939.7 951.3 958 959 954.1 942.9 920.8 892.4 862.7 841.2 825.8 814.2 804 793.5 778.3 766.1 756.6 745.2 732.8 720.6 712.1 705.3 697 690.8 686.1 680.9 677.8 674.8 669.6 665.6 653.8 650.2 645 632.6 626.3 624.7 632.4 639.2 640.7 644.6 657.8 669.5 679.3 694.6 712.7 728 743 757.1 767 773.3 777.6 780.5 781.4 782 781.2 778.9 777.1 774 773.3 773 771.7 774.1 777.8 780.4 780.6 778.9 774.7 771.4 768.7 764.7
842.8 852 865.4 879.7 893.9 906 919.6 933.1 946.4 958.1 962.4 964.6 960.2 949.4 933 903.6 878.6 853.1 829.5 819 806.1 798.1 783.6 770.2 760.3 749.3 735.9 724.2 715.3 707.8 699.5 692.7 686.5 681 676.1 673.7 666.2 661.3 658.4 648.9 637.8 631.5 628.8 626.4 632.8 643 646.6 652.9 662.7 673.1 684.2 700.3 716 731 747.5 762.7 773.3 780.2 785.7 790 790.7 792.1 792.3 791.1 789 787.7 787 785.4 783.3 784.1 788 789.8 789.6 789.7 784.9 781.8 779.1 774.3
858.5 867 877.8 890.4 903 913.7 924.9 937.8 953 964.4 969.1 969.4 964.4 953.7 936.4 909.7 887.6 859.3 837.7 823.2 811.1 801.2 788.9 775.3 763 752.9 739.2 729.9 719.5 709.1 700.8 692.8 686.1 680 674.3 671.8 664.6 661 657.1 650.7 639.5 633.4 631.4 630.1 635.1 638.3 648.8 657.7 664.5 678 689.2 704.8 719.3 736.1 753.4 767.3 778.1 787.8 793.8 798.9 801.5 802.4 803.3 806.4 806.8 803.9 800.9 798.7 796.3 793.7 798.7 799.9 800.8 801 796.5 791.6 788.5 782.4
875.1 884.5 893.5 902.2 912.3 922.7 932.7 946.1 961 970.9 975.6 975.4 968.7 955 932.5 904.7 888.9 863.2 842.5 830.9 816.9 804.1 791 778.1 768.2 756.7 743.6 733.8 722.2 710.9 702.5 694.7 686.2 678.7 671.9 668.9 660 661.6 658.5 650.6 639.9 632.4 631 629.5 637.7 641.9 656.2 661.6 669.5 681.3 694.7 710.2 725.8 742.2 759.9 772.6 784.2 794.2 803.2 809.7 813.4 816.4 820 823.7 825.1 819 815.1 812.2 808.8 804.6 810.5 813.1 812.8 811.1 808.5 803.1 798.7 790.9
892.6 900.3 906.5 915.4 923.9 930.9 942.3 955.8 970.3 978.1 982.1 980.3 971.7 954.8 925 903 885 867 850.5 834.3 822.1 807.5 794.2 782 771.1 758.6 748.7 736.4 723.9 714.5 706.1 698.6 688.9 679.3 672 667.4 659.5 652.1 649.3 643.9 636.9 632.5 636.1 631.4 636.3 645.6 659.3 664.2 674.8 685.2 699.2 714.4 733.2 749.5 765.8 779.8 792.5 804 813.8 824.7 832.4 835 837.6 839.6 841.4 838.2 833.1 826.6 821.4 816.4 821.5 824.6 823.6 822.9 822.3 815.8 808.3 799.5
905.5 913.7 920.8 928.8 935 942 952.7 968.6 978.9 984.8 988.8 984.4 971 950.1 921.5 903.6 886.3 870.8 852.6 841.1 824.5 811.8 798.5 785 770.6 761.2 751.4 739.7 728 718.3 708.6 700.5 690.2 678.3 670.9 665.8 658.3 648.9 646.9 647.2 635.7 631.2 629.8 630.7 644.5 653.3 666.9 670 676.8 689.1 701.4 718.5 736.9 753.4 769.5 786.1 801.4 813.3 824.6 836.9 844.1 850.4 854.1 857.6 857.4 851.9 847.3 840.6 836.8 828.2 834.1 837.1 836.7 836.1 833.2 826.4 817.2 808.5
915.7 924.4 931.9 936.5 943.3 953.2 966.9 979.6 986.1 991.5 992.9 983.7 969.7 947 922.8 905.4 890.1 874.4 860.2 843.7 828.8 815.3 800.9 783.5 774.9 766.2 752.3 744.2 733.1 719.9 709.6 700.4 690.2 680.7 671.5 664.6 660.2 644.7 640.8 637.8 633.3 630.2 630 635.2 645.5 660.3 670.7 678.2 680.8 692.5 706.2 722.4 738.1 756.9 777.2 795.2 809.9 824.8 837.3 847.2 857.2 864.5 870.7 874 875.1 868.7 859.3 856.3 849.6 842.1 847 849.5 850.7 849.6 845.6 836.2 827.4 817.4
921.6 930.1 935.8 941.9 950.8 963.3 976.3 986.2 991.8 996.3 993.7 982.4 967.9 946.9 922.7 907.6 893.6 877.7 864.5 850.6 835.7 819.9 804.7 792.4 780.5 767.2 756.2 747.9 735.8 724.3 711.9 701.5 691 681.9 673.6 667.2 661.1 653.3 644.6 633.4 633.9 641.5 631.8 644.3 657.8 667 677.1 680.8 687.8 696.2 709.3 725.2 742.9 765.8 785.5 804.6 819.9 833.2 848.7 859.7 870.2 880 885.6 889.3 891.3 890.3 881.1 868.3 862.1 855.2 861.9 864.1 864.3 861.6 857.1 852.2 841.2 828.8
924.1 932 938.5 947.1 959.4 971.2 981.5 988.2 993.5 996.6 991.9 981 966.5 949.8 927.1 912.7 895.1 881.4 868.8 852.8 840.5 826.3 813.3 798.7 783.5 770 760.6 753.1 739.8 728.4 715.3 704.8 694.9 685.1 677.4 668 662.4 653.1 639 633.2 638.1 636.4 632.1 641.9 659.9 671.7 676.9 688.1 695.8 706.2 713.2 728 751.7 772.1 793.6 811.6 826.8 844 859.5 871.6 883.8 893.8 901 905.1 908.2 908 902.6 886 871.9 869.1 875.2 877.5 875.8 872.5 868 867.6 855.4 843.8
919.5 929.2 940.3 951.5 965.2 975 982.6 988.2 992.1 993.5 988.6 978.4 967.4 953.4 936 919 900.7 887.7 870.6 859.5 843.4 832.1 815.4 801.3 788 775 764.8 754.7 742.6 732 719.8 709.7 699.3 689.1 680.1 669 659.2 656.6 651.1 635.7 638.2 637.3 633.7 644.5 657.5 673.4 684.6 694.5 703.6 713.7 724.8 738.8 756.8 778.5 801.2 817.1 835.4 852.9 869.1 881.4 894.5 905.4 912.8 918.2 923.4 922.4 916.4 901.9 886.1 883.3 890.1 891 888.7 889.4 882.5 880.3 871.6 863.9
915.8 927.7 939.7 951.7 963.6 972.4 979.4 984 986.5 987.2 984.1 979.3 970.7 958.6 944.4 927.4 908.1 892.8 875 863.9 851.8 836.8 820.4 808.9 794.3 781.3 770.5 758.1 747.9 737.7 725 713.7 704.5 694 682.6 673.3 669.5 656.5 642.6 639.1 638.3 635.6 635.4 653.1 661.9 675.9 693.1 702.4 713.6 726.4 738.5 752.2 767.3 787.4 807.7 827 845.4 862.6 878.3 891.3 903.7 915.2 923.3 929.2 934.2 932.9 928.2 920.2 906.2 904.2 909.2 911.8 916 913 906.1 896.9 887.2 878.6
911.6 925.7 938.1 949.1 958.3 966.8 972.1 974.8 977.5 981.1 980.4 978 973.5 964.4 952.3 936.7 916 900.8 883.7 872.1 860.2 847.3 828.4 812.6 797.8 787.9 776.1 763.4 754.3 744.2 732.8 722.3 711.9 696.9 685.3 677.9 671.1 658.5 646.8 641.2 639.5 635.8 645.9 655.4 667.4 683.9 701 711.3 725.3 741.1 753.4 767.2 783.3 802.1 820.6 839.7 855.6 870.5 886 898.9 911.9 924.3 932.6 940.1 942.7 943.2 940.2 934.7 927.7 925.1 927.8 935.1 940.1 939.4 933.9 924.6 912.2 901.4
906 919.6 931.9 940 949 956.4 953.8 967.2 973.4 977.2 979.1 979.4 975.7 969.3 956.9 944.9 926.8 905.4 893.2 880.5 870.3 852.1 833.6 815.5 803.6 791.6 780.2 770.1 759.9 750.9 740.3 729.3 717.5 704.4 695.9 686.1 673.6 661 650.5 642 640.5 639.3 646.2 660.4 685 698.3 702.9 721 738.7 757 772.7 787.3 804.1 821.8 837.4 852.4 865.8 878.1 893.6 907.7 920.3 931.2 940.5 947.2 950.8 953 952.7 951.3 948.1 944 948.6 954.5 958 957.2 954.5 948.8 940.7 933.3
899.1 911.4 920.8 926.7 934.8 946.5 953 963.1 967.8 973.9 978 980 976.9 970.4 961.3 950.7 931.3 911.9 900.7 889 874.6 855.7 836.4 822.5 810.4 797.4 786 776.5 768.4 758.9 747 734.9 728.6 715 704.7 688.6 672.1 659.9 648 642.1 639.8 644.7 653.4 671.8 689.1 703.3 718 732.3 753.1 772.5 789.2 806.6 825.4 840.8 852 864.2 875.2 885.4 900.7 914 926.8 937.4 947.4 954.6 960.2 964 966.2 966.9 966.4 965.2 966.8 971.6 970.7 968.4 965.2 959 953.8 949.9
892.1 901.7 908.1 918.3 930.2 941.8 950.7 956.8 961.7 968.2 974.2 976.8 975.6 970.6 963 952.8 936.8 920.8 907.5 895.8 877.3 858 842.9 829.7 815.7 804.2 793.2 785.7 776 763.6 749.7 748.4 736.2 723.7 708.3 691.3 675.1 656.7 646.5 641.5 646.7 652.4 666.9 677.7 692.7 715.7 728.9 746.9 768.6 790.5 810.9 827 841 853.6 863.3 874.7 885.4 896.9 908.9 920.8 933.5 944.3 953.6 962 968.3 975.4 979.6 980.8 981.5 980.3 980.6 982.3 979.3 976.2 971.6 965.1 959.9 956.9
880.9 887.4 897.1 910.8 923.1 934.7 942 949.5 955.6 962.9 968.5 972.6 973.7 970.7 963.4 953.7 942.4 928.1 914.3 899.6 882 865.3 850.7 831.5 819 810.8 803.6 791.4 777.6 764.7 759.5 757.2 745.7 732.1 709.5 692.5 673.3 654.6 648.3 647.1 650.6 653.6 668.6 682.2 701.5 725 743.4 765.2 787.3 812.9 832.5 845 856.3 868.8 877.2 888 897.1 905.8 916.7 928.2 940.7 951.2 961.1 969.8 979.7 987.2 991.7 993.7 992 991.2 990.8 990.4 985.6 981.8 975.4 967.6 962.1 957.8
869.6 881.5 894 906 916.3 925.4 931.8 939.9 948.1 954.8 962.5 967.7 970.1 968.7 961.6 953.7 944.8 933.4 921.4 906.8 891.6 872.1 856 843 829.5 819.8 808.3 793.2 782.4 776 771.3 764.4 754.7 736.8 711.6 692.1 669.1 655 645 649.8 656.8 657.9 680 697.3 715.2 734.2 757.9 781.4 807.9 829.3 847.3 860.4 870.8 882.3 891.2 901.4 910.5 918.3 927.3 939.1 948.6 957.7 966.3 977.8 992.2 998.1 1000.9 1001.3 1000.2 999.1 998 994.2 989.6 983.5 974.9 966.8 960.7 955.2
861.8 876 888.2 898.7 907.2 916 921.5 929.8 939.4 948.3 956.4 962.4 965.6 964.3 959 952.5 945.4 936.1 924.1 911.5 900.6 878.1 862.2 848.3 834.9 821.4 808.8 799.9 794.2 787.8 780.6 772.6 759.9 737.7 712.1 692.4 664.6 658.9 646.7 659.2 662.1 669.8 689.9 706 725.3 747.9 776.1 800.6 823.8 842.6 859.3 872 882.6 893.9 903.8 912.4 920.3 928.1 937.4 945.2 954.2 962.7 973.3 988.4 998.4 1003.7 1006.5 1006 1004.6 1003.1 1000 994.9 989.9 982 971.8 963.3 955.2 948.1
855.6 868.6 879.3 887.7 895.9 904.3 910.9 919.9 930.3 940.4 949.2 957.2 959.3 959.3 954.8 950.3 945.4 938 927.1 916.1 902.7 883.2 864.7 851.8 840.1 827.6 817.8 809.1 801.1 793 786.1 776 759.8 735.6 712.1 687.7 672.7 659.5 650.9 659.1 666.9 681.6 704.1 719.8 742.5 765.1 791.7 812.7 833 850.5 868.1 881.7 891.4 904 912.9 921.2 928.4 935.1 942.8 950.7 959.5 968.2 979.1 992.2 1001 1006.4 1009.2 1008.7 1007 1004.1 1000.3 995 987.1 976.7 966.4 956.2 945.6 938.7
850.7 862.1 871.8 879.7 886 892.4 900 910.2 919.8 931.8 940.5 948.1 952.3 953.2 950.9 946.7 943.4 938.6 929.2 917.9 905.1 886.1 868.8 856.1 847.7 835.9 823.7 812.4 803.2 795.2 786.9 775.3 757.6 732.7 709.5 683.8 671.5 659.4 653.6 662.3 675.7 688.1 711.8 732.3 757 779.8 798.1 817.8 837.8 855.6 874.3 888.7 900 910.7 920.1 926.4 932.9 939.2 945.7 952.8 961.5 971 979.6 990.4 998.5 1004.7 1007.9 1007.4 1004.5 1001.2 996.7 991 982.2 971.7 957.3 940.3 931.3 923.6
844.8 854.5 863 869.5 876.8 884.7 891.4 900.1 911.1 921.5 931.4 939.1 944.9 945.8 945 942.5 940.3 935.4 926.8 916 903.1 888.3 875.7 861.3 852.2 840 826.1 812.6 803.1 793.3 781.9 770 752.6 729.5 706.9 686.9 676.1 671.8 658.7 665.3 686.3 696.8 722 743.5 771 791.6 807.6 822.9 840.7 858.2 877.6 891.4 903.7 915.1 925.1 931.9 935.9 939.7 944.5 951.8 959.9 968.1 977.1 986.5 994.1 999.9 1002.8 1002.1 999.9 996.9 991.9 986.1 975.8 963.5 946.7 931.5 920.2 906.8
838.4 847.2 855.1 861 869.1 874.9 883.4 893.1 904 915.1 924.2 931.9 936.7 938 938.2 938.3 936.2 931.7 924 913.4 902.3 889.8 878.6 865.3 853.8 838.7 823.9 809.5 800.1 790.2 781 769.9 749.7 727.5 705.6 688.1 668.9 659.6 666.7 676 698.7 712.7 736.9 759.8 783.3 800.2 812.9 825 841.2 859.3 877.1 891.1 903.7 915.6 926.6 929.8 932.2 935 940.4 947.8 954.9 963.3 971.5 981.3 988.5 992.9 995.5 995.2 993.4 990.9 986.9 980.8 972 958.9 938.8 921.1 903.6 885.2
832.6 841 846.7 852.8 858.7 866.2 877.9 888.7 899.1 909.2 917.5 924.2 927.8 930 931.1 931.7 930.6 925.2 920.5 911.1 901.3 888.3 878.7 866.5 850.9 836.2 822 808.6 798.9 787.3 776.8 764.2 746.7 720.7 697.9 685 668.4 671 678.9 695.1 707.7 730 753 769.2 787.1 801.3 815.3 826.2 840.3 856.9 875.1 888.5 902.7 911.2 916.8 919.9 922.7 926.1 932 939.2 946.1 954.4 963 972.1 979 983.5 986.6 986.7 987.2 985 981.5 975.6 966.4 948.1 925.2 908.8 888.2 871
825.4 834 840.1 844.8 850 861.5 873.3 883.8 894 902.7 910.1 915.3 918.6 920.9 922.7 923.9 922.6 919.1 914.3 907.6 898.4 887.2 877 862.2 845.6 831.7 817 805.8 794.4 782.1 772.4 761.4 744.2 723.1 701.2 686.6 672.5 673 691.4 710.5 722.7 745 762.9 777.6 788.5 801.6 814.2 826.7 840.8 856.2 874.2 887.7 895.7 901.3 904.7 907 908.8 912.7 918.7 927.2 934.7 942.3 950.7 959.3 966.9 972.1 976.1 979.6 980.4 979 975.6 970.6 958.5 940.2 917.6 897.3 876.7 860.6
820.8 827 831.4 833.8 842.3 856.5 867.2 877.2 886.8 894.8 901.8 906.9 909.5 911.7 912.7 912.9 912.3 910.6 907.6 903.1 892.9 885.3 873.4 859.8 843.6 827.6 814.6 805.7 794.1 784.2 771.5 760.3 746.2 729.9 706.8 689.3 681.5 678.7 697.4 720 738.1 754.4 771.1 783.6 792.9 802.7 812.6 825.5 838.7 855.8 871.9 882.8 886.2 890.8 893 893.6 891.5 896.5 902.4 909.8 918.3 929.2 937.2 944.9 952.7 959.7 966 971.1 973.2 972.2 969.1 963.9 955.9 941.2 914.2 893.2 875.1 856.1
814.7 820.1 821.3 826 837.6 850.7 860.4 869 877.9 886.3 892.5 897.4 899.7 900.9 902.1 902.6 903.3 902 900 895.6 890.5 883.4 873.4 858.9 845.1 833.1 822.7 812 796.9 784.2 773.4 761.3 746.8 729.3 708.7 691.1 689.6 684 705 729 746.2 760.7 774.8 784.5 792.8 801.3 810.3 822.2 835.1 851 864.9 873.6 877.6 879.2 877.6 875.9 877.6 883.9 889.6 898.5 907.4 915.6 924 933.9 942.3 950.3 956.2 963 966.1 966.4 964.1 959.4 950.1 936.9 914.7 896.2 876.6 858
808.3 811.7 812.9 823.7 833.4 843.1 852.3 860.3 868 875.5 881.8 886 887.8 889.3 891.7 893.2 894.4 894.3 893.3 890 889.1 883.3 874.7 865.6 858.2 844 831.7 816.2 799.5 784.7 769.5 755.7 741.9 727.4 707.4 701.1 698.7 686.4 706.5 730.1 747.4 761.5 773 781.6 789.6 797.8 806.5 817.4 828.9 843 855.7 862.7 865.6 862.9 859.2 857.9 860.7 868.3 875.7 887 895.9 904.1 911.6 924 933.8 944.9 950.7 956.9 961.6 961.9 959.7 954.8 945.2 933.9 915 898.4 878.5 861.4
801.2 802.6 810.7 817.7 825.5 834.6 843.6 850.9 858.2 863.8 869.7 873.4 875.7 877.8 880 882.5 885.1 886.6 885.3 885.5 886.7 887.1 882.4 873.3 867.5 850.8 837.9 822.4 808.5 792.4 772 754 739.1 722.4 711.8 705.4 701.7 695.6 714.2 731.5 746.3 759.5 769.3 777.5 786 794.1 801.3 811.2 821.5 833.8 845 851 850.8 843.5 836.2 831.2 838.1 851.1 862 872.7 881.9 894.8 907.3 917.8 929.8 941.1 949.4 953.8 957.7 958.1 954.9 949.1 940.4 928.9 913.5 899.9 883.7 865.4
792.6 796.8 803.8 810.6 818.7 827.7 835.6 842.2 847.2 852 858.3 862.9 865.6 866.3 867.4 870.1 873.6 877.4 883.4 889 893.1 894.1 889.8 884.5 876.1 859.9 844.7 831 814.5 799.9 776.9 758.2 742.2 725.7 717.6 708.1 701.7 698.8 715.6 728.6 743.2 755.5 764.6 772.6 781.6 788 795.3 804.3 813.7 822.7 833.2 836.1 832.9 822.6 808.7 827.8 845.3 859.2 868.7 880.3 893 904.4 914.4 926.1 937.3 946.1 952.6 956.2 957.6 956.7 951 942.3 927.8 916.8 905.9 894.8 881.5 864.8
785.1 791.8 797.2 803.9 812.6 821.2 827.8 833.8 838.1 842.9 848.2 851.6 851.2 851 852 853.9 865.6 876.7 886.7 893.7 900.3 900.9 897.3 893 884.3 872.6 858.6 844.1 825.7 806.2 782.6 763 745.8 732.1 722 711.3 701.7 700 713.9 728.9 740.1 750.4 760.1 768 775.3 782.1 789.2 796.4 803.8 809.4 815.5 819 816.1 801.3 809.7 829.2 846.8 861.2 873.7 888 900.9 913.4 925.5 937.1 946.6 952.9 957 960.5 960 956.9 950.6 939.9 922.3 907.5 894.8 885.3 875.7 864.2
781.5 787.3 790.5 796 804.5 813.3 820.1 823.6 827.2 832.5 835.2 836 836.3 837 841.1 853.2 866.6 879.2 889.5 897.4 904.4 905.7 904.7 900.3 890.2 878.8 869.5 858.9 838.9 813.6 791 770.6 753.4 737.3 726.9 717 710.3 706.9 709.8 720.1 729.7 739.9 752.3 760.1 768.3 774.5 779 782.9 789.5 797.1 801.1 803.5 798 787.4 809.9 829.2 845.2 862.8 876.5 890.6 905.5 920.4 933 943.5 952.4 957.7 961.7 963.8 962.3 957.6 947.8 933 914.5 900.7 886.9 874.2 868.1 864.3
776.8 781.9 783.7 788.6 796.9 804.9 810.1 812.9 817.4 819 819.4 819.9 822.9 835.2 846.6 859.1 873.4 883.5 891.2 899.9 905.7 908.1 907 903.1 896.3 886 877.9 867.4 849 822.8 798.2 779.6 760 744 733.2 722.9 718 711.7 708.6 716.8 725.6 735.3 745.5 753.5 762 766.5 770 774 778.2 784.4 788.4 789.7 781.8 790.2 809.1 826.6 844.2 863 876.9 893.9 908.7 923.9 935.7 946.5 953.9 960.1 964.3 966.4 963.8 958.8 949.2 932.9 913.7 902.1 883.1 869.7 859.7 859.6
