app/static/ascii/NN99.asc
ncols 200
nrows 200
xllcorner 290000
yllcorner 790000
cellsize 50
[rows 136 to 169 of 200, columns 0 to 77 of 200]
962.3 965.1 966.6 965.8 963.7 960.9 958.8 956.9 954.7 952.5 950.5 947.3 941.9 931.9 902.3 872.7 849.1 826.9 806.7 794.1 789.3 786.7 785 781 772.8 763.3 753 738.8 725.9 712.5 704.8 694.6 689.4 690.4 695.7 708.2 713.1 730.4 745.5 769 791.5 814.6 842.1 875 909.2 943.5 963.5 962.5 953.5 949.7 949.8 950.3 950.9 952 953.9 955.6 956.2 955.1 951.7 951 950.9 952.8 957.6 963.2 971.8 985.2 997.7 1009.1 1021.8 1032.9 1042.9 1049.7 1054.1 1059 1064 1069.3 1075 1081.6
962.3 965.9 968.5 968.8 966.9 964.1 961.6 960.4 958.1 957.2 955.1 951.9 948.2 941 922.5 898.6 878.3 856.5 825.6 811.4 808.9 815.2 811.5 804.3 791 777.6 762.8 744.6 728.8 713.2 706 695.8 687.9 688.5 690.9 695.9 703.3 717.1 734.5 757.4 781.9 805.7 835.2 870 905.2 940.7 959 957.7 948.7 945.6 945.3 946.2 946.7 947.6 949.5 950.5 950.7 948.5 944.5 942.3 942 946 952.1 958.3 966.2 978.9 990.4 1001.6 1012.4 1024.9 1035.4 1043 1047.1 1051.1 1055.4 1060.4 1066.2 1073
963 967.1 970 971.1 969.6 967.5 964.6 962.8 962.1 961.3 959.3 957.4 954.5 949.4 940.3 923.7 900.3 867 842.5 832 831.3 841.9 842.1 833.7 821.1 801.9 777.1 750.9 732.5 716.5 703.2 689.8 686.8 686.9 688.6 691.9 697.6 709.1 726.5 750.4 774.2 797.7 828.3 862.8 897.3 930.5 953.6 952.9 945.9 940 940.3 941.2 942.2 943.2 944.9 945.1 945.4 943.5 938.1 936.4 935.1 938.9 947.1 954.1 961.2 972.5 984.1 995.2 1006.3 1016.7 1025.8 1035.4 1040.4 1044.6 1048.7 1053.1 1058.2 1064.4
962.9 968 970.7 971.5 969.7 967.8 967.1 965.3 964.9 963.7 962.3 960.9 959.6 955 950.1 936.8 908.3 879.5 864.5 858.7 856.8 868.7 876.7 873.2 857 823.4 790.7 758.9 735.3 719.6 702.7 688.4 684.2 685.5 686.2 689.5 693.3 701.6 716.9 739.7 763.2 789.5 819.8 854.4 888.7 918.8 944.1 947.2 941.3 934.6 933.7 934.3 935.3 937.7 939.8 940.2 940 938.1 934.2 931.9 929.3 935.5 942 948.7 956.3 965.6 976.4 987.9 999.4 1009.4 1018 1026.1 1032.3 1038.4 1042.3 1046.3 1051 1056
963 967 968.6 969.5 968.3 966.9 966.1 966 966 964.8 963.4 963.1 962.8 957.8 953 942.2 919 900.2 890.9 885.6 883.7 899.1 908.1 909.4 888.7 843.1 800 765.1 737.1 718.4 702.6 691.8 683.1 683.8 684.1 687.2 689.1 696.4 711.3 729.3 754.4 782.1 810.8 845.6 876.9 908 932.4 939.5 935.7 929 927.1 927.1 929 932.3 934.7 935.2 935.7 934.3 931.6 929.7 928.2 931.3 937.6 944.1 951.4 958.2 968.5 979.8 990.5 1000.7 1010 1016.8 1024.2 1031.8 1036.4 1040.3 1044.8 1049.5
958.6 962.6 965.1 965.6 965.5 965.6 966.2 966.7 967.5 966.2 965.2 964.9 962.8 958.7 954.7 948.3 939 929.8 920.5 913.7 911.2 920.2 926.5 923.8 895.7 844.9 803 769.8 740.4 719.2 706.7 693.8 686.3 682.2 682.5 684.8 684.7 693.5 706.2 719.6 746.7 774.2 802.2 835.9 867 897.2 921.1 928.3 926.8 921.2 918.7 919.9 922.6 926.5 929.4 930.7 932.2 932.2 929.9 927.9 926.9 929 932.9 939.9 947.1 953.5 961.3 970.9 981.6 991.4 999 1007.7 1017.1 1023.4 1030.3 1035.3 1039.1 1044.9
953.7 958.8 962.7 964.9 965.5 965 966.2 968.3 969.2 967.7 966.2 964.8 962.5 959.9 956 949.9 946 940.3 934.5 930.6 928.2 928.9 929.6 917 878.8 839.5 805.2 773.6 743.3 720.3 706.8 693.7 684.7 680.6 680.9 682.6 681.8 693.9 700.4 713.8 740.8 766.7 794.7 826 858.6 886.3 906.7 913.1 913.2 908.2 905.6 910.9 915.9 919.9 923.4 927.5 929.5 929.6 928.2 926.8 925.3 926.8 929.7 935.9 942.6 948.8 955.4 962.7 971.7 980 988.7 999.5 1009.1 1016.6 1022.4 1027.5 1032.5 1038.7
958.2 963 964.7 966.1 965.9 966.1 967.9 970.4 970.7 968.8 967 965.1 962.5 959.8 955.3 950.3 946.1 941.6 937.5 934.3 931.7 930.8 925.9 910.5 878.4 837.7 807.3 776.3 745.6 720.6 705.3 690.8 679.7 679.8 679.3 682.3 681.9 691.6 696.9 711.5 735.7 759.6 787.1 816.8 849.1 876 892.1 897.5 899.3 896 894.6 901.8 908.5 913 916.7 922.4 925.5 926.9 927.3 926.2 924.8 925.4 927.3 930.9 937.6 942.5 948.3 953.5 959.8 967.4 981.2 992.1 1000.6 1009.2 1014.4 1018.8 1024.9 1033.2
963.3 965.9 966.3 966.5 966.4 967.5 970 972 972.1 969.9 967.1 965.1 962.3 959.5 954.3 949.3 945 940.3 935.8 932.7 932.3 931.8 928 912.4 877.9 839.7 807.1 775.9 746.8 721.3 703.3 689.5 682.7 678.5 677.9 679.1 685.3 690.3 691.5 708.7 729.4 752.3 779.6 809.1 837.9 864.4 878 883.8 884.3 883.4 885.9 893.2 900.3 906.1 911.3 917.4 921.3 923.2 926.2 926 924.8 923.7 925.3 928.7 933.4 937.5 940.4 943.8 948.5 959.3 972.7 983.4 993.3 1001.3 1007.2 1011.8 1018.3 1027
964.2 965.6 965.6 965.3 965.6 967.4 969.7 972 972.4 971.4 968.8 965.5 962.2 958 952.6 947.2 942.7 938.5 934.1 930.6 931.6 932.4 933.8 924.1 882 841.1 804.2 773.6 745 721.1 702.9 690.9 683.4 677.2 676.5 680.2 682.4 684.5 692.2 704.3 724.9 745 772.7 799.8 826.4 850.8 862.6 868.2 870.4 868.2 878 885.7 893.1 899.8 906.1 912.2 917.6 920.8 924.1 925.3 923.7 921.9 923 925.8 929.1 932.2 935.2 938.1 939.9 949.5 962 972.3 983.3 991.9 998.3 1004.3 1010.2 1020.4
963.2 962.9 963 963.1 963.3 965.1 967.2 969.5 971 971.2 969.7 965.7 961 954.5 948 943.6 939.9 936 931.8 928.9 930.7 932.4 933.2 927.6 878.7 840 801.5 771.2 743.3 719.8 704.6 690.8 680.9 675.7 674.4 678.8 678 679.4 691.9 701.1 721.7 740 765.7 791.4 816.2 838.3 849.6 854.4 857.7 857.8 869.4 878.9 886.2 893.4 900.4 906.2 911.9 918 921.9 923.8 922.8 920.9 919.8 922.6 925.6 928.2 929.1 932.4 937.9 944.5 952.6 961.7 972.5 981.7 988.9 997.1 1004.5 1012.5
961 960.4 960 959.7 958.9 959.9 963.1 965.1 966.4 967 966.2 963 958.1 951.4 944.3 940.4 936.3 931.7 926.6 926 927.8 928.8 927.1 920.3 874.2 837.1 798.7 768.9 742.4 721 705.5 689.5 678.3 675 673.4 674.7 676.2 682 691.5 699.3 718.6 736.1 759.9 785.2 807.6 825.7 838.3 844 846.5 850.7 861.6 872.4 880.7 887.7 895 901.6 908.3 914.1 919.9 921.9 922.1 919.8 916.3 919.4 922 923.6 925 930.1 935.7 942.3 947.5 954.6 963.2 972.5 981.5 990.6 998.6 1006.1
958 957.4 956.8 955.3 952.5 953.6 957.5 958.7 959.3 960 959.6 958.1 954 947.9 941.3 936 931.2 925.4 919.9 920.6 922.5 924.8 923.3 907.6 865.4 831.9 795.6 767.1 741.4 723.3 709.4 693.1 677.2 673.4 672.4 673.3 681.2 684.1 683.4 697.1 715.5 732.1 754.7 779.2 800.5 815.7 827.1 834 832.2 842.3 854.5 865.5 874.4 883.1 890.9 897.5 905 910.9 917 920.7 920.3 919.1 914.4 914.8 917.5 918.1 924 928.3 933.6 938.1 942.2 949.3 958.1 966.7 975.9 985 991.8 998.8
954.3 953.7 952.6 949.7 947 947.4 949.4 946.5 944.9 950.4 950.7 951.1 948.5 943.7 938.2 932.2 926 918.2 911.5 914.2 918.6 922.5 921.1 897.7 859.1 825 793 769.7 744.6 727.2 711.6 693.8 677.6 673.4 671.2 676.6 682.3 683.2 683.4 694.4 710.6 729.1 749.2 772.2 791.7 806.4 814.6 818.5 819.7 834.4 847.3 858.3 868.3 877.9 886.5 894.5 903.1 908.7 914.3 917.8 918.6 917.1 911.9 910.1 912.2 918.3 922.8 927.2 932 936.3 941.7 948.3 954.4 962.7 970.3 978.5 985 991
950 949.4 946.9 941.9 939.2 937.6 933.4 932.1 933.1 935.6 940.3 941.6 941.2 937.5 933.7 927.9 919.5 910.6 905.1 908 912.7 917.4 916.1 895 856.2 821.3 792.2 769.8 748.2 731.4 714.5 695.7 683.8 674.6 670.3 673.1 677.4 676.4 685.9 691.5 709.6 727.8 745.3 766.1 785.2 798.2 806.3 808.9 811.4 826.7 840.3 852.8 864.1 873.2 881.8 890.8 899.1 904.6 910.3 913.6 915.2 914.6 909.1 906 910.8 916.3 922.3 927 931.8 936.2 941.1 947.4 953.4 958.7 966.3 974.3 979.4 984.9
943.9 942.7 939.9 932.3 928.4 924.7 921.9 920.4 921 923.6 927.5 930.5 931.2 930.3 927.2 922.8 912.2 901.9 899.2 902.1 904.8 906.3 905.2 889 860.5 821.3 790.1 770.8 749.6 730.7 717.1 697.9 687 671.6 668.4 669.6 670.9 681.3 686 687.6 708.2 725.4 742.9 761.7 779.2 789.7 797.3 799.2 805.1 821.2 834.2 848.1 858.8 868 876.9 886 894 900.4 906 909 911.1 911.7 907.4 901.2 907.9 913.6 920.2 925.9 931.1 936.8 942.2 946.7 950.4 955.2 962.8 969 974.4 979.1
936.2 935.3 930.9 920.9 916.6 912.3 909.9 908.3 910.5 913.8 916.6 919.6 922.6 922.7 919.1 914.3 905.9 897 892.5 894.4 897.1 900.5 897.8 881.7 853.6 821.3 790.3 772.2 750.6 732 718 703.1 686.5 679.9 667.8 667.3 667.8 677.3 683.3 685.8 705.4 721.7 739.3 756.5 772.6 781.2 787.2 788.8 798.6 813.8 827 840.8 853.4 863.1 872.1 881.2 889 895.1 900.7 904.5 907.6 908.3 905.4 897.9 903.7 910.8 917.6 924 929.3 935.5 941.1 944.3 946.8 951.7 957.5 963.2 968.7 973.2
927.3 926 918.6 910.9 903.7 898.3 896.7 895.1 897.8 901.1 904.5 907.7 910.2 911.2 908.5 902.4 894.1 886.1 884.2 885.6 887.2 888.4 880.2 864.5 843.4 820.5 788 771.8 748.8 734.5 722.1 709.4 691.2 674.9 668.8 665 669.1 674.6 682 688 702.2 718.7 734.8 750.8 765.4 773 777.7 776.1 793.2 808 822.7 833.4 847.2 859 867.7 876.4 885.1 891.3 895.8 899.2 902.3 903.7 903.2 899.4 899.3 907.4 914.5 920.8 926 932 936.8 939.3 941.7 945.6 951.2 956.9 962.5 966.6
914.1 908 900.7 897.3 891.2 885.7 882.8 880.5 882.6 886.4 890.3 893.3 894.9 896 895.6 890 882.4 875.5 872.9 873.1 873 872.3 861.3 848.5 838.2 814.9 780.3 764.2 749.1 737.3 725.2 711.2 697.6 677.3 668.2 664.8 667.2 672.5 674.5 685.1 698 715.3 730.2 745.1 756.9 764.1 767.5 775.9 788.4 803.3 818.3 830.8 841.8 853.7 863.9 872.3 880.2 886.5 890.7 894 896.8 898.6 899.4 897.2 890.9 902.6 909.9 916.1 921.7 927.9 931.2 934 936.6 939.2 944 948.4 953.5 959.1
894.9 889.8 887.2 882.7 878.2 874.1 870.1 867.2 868.4 872.3 876.3 878.6 880 880.2 878.8 874.9 869 862.9 860.8 858.4 857.5 855.7 846.4 839.6 825.6 790.9 775.8 762.7 751 739.6 728.2 713.8 696 680.3 668.5 663.8 664.5 670.3 678 683.3 693.6 709.9 724.5 737.8 748.3 754.6 759.8 772.6 783.8 798.1 814.1 827.8 838.6 849.7 858.9 867.8 874.5 880.8 884.8 888.2 891.2 893.5 894 892.5 885.5 896.9 904.4 910.8 916.2 921.4 926 928.6 930.7 932.9 935.8 939.9 944 950.5
881.8 878.4 874.1 870.3 867.1 863 858.5 853.4 854.8 858.8 860.5 862 863.4 863.2 862 859.4 854.1 848.1 846.7 842.5 841.3 840.2 835.9 824.3 807.8 787.6 775.5 764.5 752.9 742.7 731.2 715.6 698.2 683.2 669.4 662.9 662 671.2 674.4 679.5 689.4 704.4 718.3 730.4 739.4 742.4 755.9 768.6 779.7 793.6 809.3 824.1 835.2 845.9 855.1 862.6 867.8 873.7 878.3 882.1 885.2 887.4 888.5 887 875.7 890 897.7 904.9 910 914.9 919.2 921.5 922.7 924.6 927.2 930.5 934 940.2
865.9 862.2 857.9 856.4 854.6 851.2 847.2 841.2 841.9 844.8 845.2 845.9 846.9 848.5 846.8 844.1 839.2 835.6 832.2 827.6 828.7 830.6 827 816.5 802.2 787.7 776.1 767.2 754.1 743.3 731 715.4 700.5 684.9 670.3 662.3 660.7 668.8 671 674.9 685 698.7 712.9 722 726.8 739.2 752.3 764.9 776 790.2 805.4 820.4 831.9 842.6 850.9 857.4 862.2 866.7 871 875.8 878.7 881.4 882 880.7 868.9 881.7 890.7 897.8 903.2 907.9 911.1 913 913.3 914.9 917.4 920.8 924.8 929.9
848.6 844.9 842 842.2 841 838.6 834.7 828.3 829.2 832.2 834 834.2 834.2 834.5 833.5 829.8 825.5 822.4 818.7 816 819.2 821.8 819.5 812.4 802.3 788.4 777.1 767.3 754.2 743.7 729.3 715.6 702.4 686.5 669.4 661.8 658.7 665.2 667.7 671.7 680.8 693.3 705.5 711.7 724.4 736.5 748.2 760.7 771.7 787 802.6 816.4 828.5 839.3 846.2 852.1 857.1 860.6 863.9 867.6 871 873.7 874.4 872.7 859.4 874.5 883.9 890.2 896 899.8 902.4 902.7 903 904.8 907.1 911.3 916.5 921.1
828.6 826.1 826.7 827.3 828 827.4 823.8 818.3 815.1 820.4 822.8 823.5 823.4 822.7 819.8 815.4 811.7 808.5 804.9 805.5 810 813.9 813.8 811 803.6 790.8 778.6 767.7 754.6 743.1 729 716.2 703.3 689.6 673 663 657.1 662.6 665.1 668.7 677.3 688.3 696.8 706.4 721.2 732.8 743.5 755.7 768 783.3 798.6 812.3 825.1 835.3 842 847.2 851.5 854.6 857.5 860.5 862.9 865.4 865.3 863.3 853.3 867.3 876 882.3 887.6 889.5 891.8 891.7 891.5 891.7 894.6 902.2 908.3 913.4
809.9 810.3 811.3 812.1 813.9 814.1 810.4 806.4 804.9 808.2 810 810.7 811.1 809 806.2 801.6 797.4 795.8 792.4 797.7 800.8 803 808.1 810.7 803.3 791.8 778.9 768.5 755.5 742.8 728.9 716.9 704.4 691.2 675.3 660.2 655.8 659.6 663.6 667.5 674.2 682.4 691.5 702 715.5 728.6 739.7 750.6 764.1 778.3 793.8 807.6 820.9 830 836.6 841.7 845.6 848.4 851.2 853.5 855 855.1 855.1 852.9 842.2 858.4 866.6 874.3 878.4 880.5 880.7 880.3 879.3 879.1 882.3 892.2 900.2 905.8
794.7 795 797.3 799.3 800.9 800 797.5 793.8 791.9 795.6 798 799.3 798.9 796.5 793.5 788.4 785.4 784.3 787.8 787.5 799.9 807.7 812.7 811.8 802.4 791.2 778.6 768.3 756.6 742.7 729.1 717.5 705.2 692.2 676.9 660.4 655.7 657.4 661.1 665.9 671 678.6 687.9 697.6 709.4 723.6 734.7 745.9 759.2 773.4 788.7 802.7 815.1 824.1 831.5 836.7 840.2 842.6 845 845.6 846.2 845.1 843.6 841 831.8 847.3 856.5 863.7 866.4 867.4 867.4 863.9 862.2 861.7 870.3 881.7 891.6 898.3
784.1 784 786 787 786.5 786 784.4 782.5 782.5 784.3 786 786.9 786.2 783.9 780.7 776.4 775.6 772.5 776.9 791.2 801.5 809.9 815.3 814.4 805.4 790.3 778.2 767.2 756.6 742.9 730.1 718.3 705.9 692.6 678 663.6 654.5 655.8 657.5 663.2 669.2 675.3 684 692.2 704.7 719.1 730.7 741.9 755.3 769.4 783.1 797.4 809.2 818.1 825.7 831.3 834.9 836.4 838 838 837.7 835.8 829.4 828.3 822.3 835.8 844 848.6 850.9 852.4 851.1 847.1 842.4 846.9 859.2 873.2 884.1 890.1
778.4 776.1 776.6 776.3 776.2 775.8 775 774 773 774.5 775.6 775.5 775.4 772.9 767.5 768.5 766.9 771 781.1 791.8 802.6 812.6 820.1 819.1 807.6 791.7 778.1 765.8 755.5 743.1 731 719.1 706.4 693.3 679.6 667.2 653.4 652.9 655.9 660.6 666.2 671 679.6 689.1 701.8 714.8 726 737.2 751 764.7 778.2 790.6 803.5 812.3 819.7 825.4 828 829.5 830.1 829.6 827.5 822.6 816.2 813 811.6 824.4 830.7 832.7 835.2 834.7 833 827.5 827.3 835.5 849.2 866.5 877.4 882.2
774.7 769.1 768.4 768.2 768.1 767.6 766.5 765.5 765 765.8 766.1 765.4 763.1 760 760.1 761.7 760.3 770.9 780.1 791.4 804.2 815.8 823.1 822.4 810.7 793.7 779.3 766.2 754.4 742.6 731.4 719.6 706.7 694 682.2 669.7 656.6 650.5 652.5 659 663.3 668.6 676.6 686.4 699.7 711.2 722.4 732.8 746.7 760 773.3 783.6 796.4 806.3 813.1 818.2 820.6 822 822.3 819.5 815.3 809.3 803.4 797.3 803.4 811.8 816 816.8 818.4 816.8 814.6 810.6 816.2 826.8 842.8 857.9 870.5 874.5
772.9 767.4 762.4 761.1 761.3 760.4 759.7 758.9 757.5 757.9 757.4 755.7 753.8 754.9 755.9 757.5 761 767.9 777.9 790.8 804.2 815.2 823.1 823 812.8 795.1 779.7 766.4 755 743.6 732.1 720.4 707.5 695.5 684.1 672.1 658 650.6 651.1 657.4 661.6 667.6 675.2 683.9 696.6 708.5 718.8 729.5 742.9 755 766.3 777.9 788.7 799.7 806.3 810.5 813 814.3 813.8 807.8 803.4 798.7 791.3 780.6 792.2 798.3 801.3 802.2 801.7 799.5 798.9 799 808.5 823.6 839.9 851.8 861.4 865.4
772 765.8 760.5 754.8 755.7 754.8 753.5 752.2 750.9 750.7 749.4 748 748.9 752.3 754.6 755.2 753.3 762 776 788.7 800.9 812.4 821.2 821.3 812.2 796.7 780.6 766.8 755.1 743.7 733 720.9 709 697.1 685.3 674.6 661.9 653.8 648.5 655.7 660.8 666.4 671.8 681.2 693.7 705 714.9 725.9 738.8 749.4 760.2 771.1 781.3 791.7 798.8 802.8 804.6 804.9 803.3 798 793.9 788.7 779.4 770.8 781.3 786.5 787.6 788 785.9 786.2 785.2 791.1 804.1 820.7 836.2 845.4 853.9 861.3
773 765.7 759 753.2 751.5 749.3 747.8 746.5 745 743.9 743.1 742.8 742.8 750.7 752.8 753 755.4 763.5 770.9 784.5 796.1 809.4 816.8 816 809.9 797.6 782 767.5 755 743.5 733.1 721.6 709 697.1 685.9 674.9 662.6 655.2 647.7 654.1 658.8 663.2 668.4 678.5 690.1 700.7 710.3 722.1 733.3 743.8 753.7 764.8 774.7 784 790.5 794.8 796.3 796.2 792.9 788.8 784.2 778.5 767.9 758.3 769.8 773.8 773.8 774.2 774.8 774.4 774.1 784.4 800.5 816.7 837.4 849.8 857.8 861.6
780.3 768.3 758.5 752.8 746.9 745.6 743.3 741.7 740.1 738.7 737.4 737.8 738.2 743.2 749.8 751 753.5 760.5 768.2 779.2 791.3 806.7 812.1 815.1 811.4 799 783.8 768.8 755.5 743.6 733.4 722.1 709.3 696.8 686 675.2 663.4 654.8 647.7 653.9 656.3 660.3 665.4 674.7 686.8 695.9 705.5 716.7 727.2 738.3 748.7 758.6 766.6 775.9 782.5 786.7 787.8 786.1 783 779.1 774 768.4 757.1 749.4 757.3 760.7 759.8 761 762.8 762.6 771.1 788 808.9 831.7 844.5 856.6 863.5 865
788.4 775.1 763.6 754.5 748 741.9 739.7 737.6 735.8 734.6 733.2 733.3 734.4 739 744.5 743.1 748.9 758 765.2 775.1 787.4 801 811 816.3 812.9 799.6 785.8 771.6 757.7 745.6 734.5 722.1 709.2 696.4 685.6 674.7 665.3 655.3 645.6 654.2 654.9 656.8 661.8 670.9 681.9 690 700.5 712.2 721.4 732.7 742.6 752.5 759.4 766.3 773.5 777.1 777.4 775.3 772.1 769.6 765.7 757.9 746.6 741.2 745.5 747.8 748 750.4 749.9 762 780.5 799.6 820.7 837.5 849.5 862.5 868.9 867.8
