app/static/ascii/NO03.asc
ncols 200
nrows 200
xllcorner 300000
yllcorner 730000
cellsize 50
[rows 37 to 73 of 200, columns 0 to 82 of 200]
321.2 318.2 315.5 312.3 311.8 305.4 302.3 295.8 289.7 288.1 289.9 283.9 276.8 267.2 247.2 261.6 270.5 266.4 259.5 246.1 238.2 217.6 209.9 203.9 209.1 206.9 216.3 224.6 233.3 225.9 218.4 207.1 200.3 205.3 212.9 212.8 231.8 260.7 286.5 302 334.1 353.5 376.5 386.3 396.8 382.2 385.8 373.7 366 353 331.4 313.1 299.3 289 262.4 252.6 252.1 253.2 253.5 252.9 250.7 248.6 246.3 243.2 237.4 230.1 217.8 199.3 193.2 197.4 196.3 192.4 189.3 186.5 182.3 175.4 168.1 160.9 154.2 148.6 143.7 137 137.1
324.9 322 314.3 310.5 306.2 305 298 297.6 294.8 296.6 295.2 290.5 283.8 277.8 273.4 278.2 280.5 279.2 273.8 269.3 265.5 243.9 233.9 216.1 201.4 199.2 207.9 215.9 231.2 214.6 189.7 182.9 182.6 181.2 184.3 191.7 214.2 238.2 266.4 287.7 318.3 338.9 368.1 387.8 385.6 389.1 385.3 376.1 364.9 339.5 322 306.7 289.5 279.5 254.5 244.5 236.7 240.6 242.1 244.7 246.5 246 243.1 239 232.8 227 220.1 205.9 187.4 183 184.4 187.3 184.5 181.6 176.8 169.3 159.9 152.8 146.3 139.2 136.5 131.2 127.5
334 326.3 321.4 315.3 310.9 306.9 304.1 302.5 303.4 303.6 300.4 295.7 287.3 282.7 288.5 290.2 292 291.2 280.1 286.6 277.2 259.5 249.1 244.9 232.6 218.1 206.2 199.1 206.7 191.8 187.2 191.3 180.5 179.6 178.7 178.2 195.4 220.6 250 277.6 300.8 330.1 354.9 372.4 382.9 384.3 379.8 370.1 348.2 327.1 317.7 298.6 282.4 268.2 246.9 236.8 226 226.8 228.6 234 238.4 239 236.3 228.3 226.2 222.6 215.5 208.7 195.1 176.5 174.1 182.6 180.9 177.9 173.3 166.1 157.5 148.8 139.2 134.6 127.6 125.5 121.3
334.9 329.5 325.3 317.8 315.3 309.2 309.8 309.4 308.3 307.8 305.5 301.1 294.1 296.5 299.8 301.2 301.4 297.6 293.3 293.3 289.7 277.1 270.7 272.8 263.8 243.6 240.4 213.6 190.6 208.3 212.3 209 190.6 179 177.9 177.7 185.5 213.5 239.6 265.2 289.3 318.9 344.8 369.5 379.6 384.9 368.4 353.6 334.2 318.4 306.9 285 268.7 257.7 241.1 221.4 215.2 211.5 216.4 219.9 226.5 226 219.6 214.2 215.3 213.5 208.1 200.5 192.9 176.3 166.1 175.6 177.4 175.1 170.6 164.1 155.1 147.1 139.4 129.5 122.9 118.7 116.7
336.8 332 325.2 320.8 317.3 316.6 315.6 313.9 312.2 311.7 310.2 307.1 303.2 308.3 309.2 311 311.2 306.2 307.1 306.9 305.8 301.7 303.5 293.5 285.2 274 266.9 252.6 231.1 229.7 227.4 227.1 204.6 177.8 177.3 177 180.2 203.4 228.5 255.3 284.6 314 342.6 365.3 377.5 368.9 352.8 338.3 329.2 320 300.2 270.6 257.6 237.8 221.9 213.6 203.6 195.1 198.5 202.5 205.1 204.4 201.4 201.4 201.6 201.6 197.4 191.1 184.7 173.2 157.3 164.5 170.7 172.3 169 163.3 155.8 148.2 139.6 131.1 126.5 128.2 127
338.2 329.4 324.3 321.4 317.5 320.3 321.3 319 317.5 316 315.5 314.1 316.3 318.4 320.4 321.2 320.4 320.4 321.4 320.8 319.3 323 313.8 311.4 303.7 302.1 286 263.4 262.3 248.6 234.5 239 221.8 184.3 176.8 176.2 178.9 196.5 222 248.3 279.9 309.9 328.9 353.3 359.5 345.3 335.4 326.8 330.5 318.4 294.3 262.2 238.9 218.4 210.5 204.8 197.9 185.5 185.3 185.6 185.3 187.6 189 187.6 189.4 186.9 184.1 179.6 174.5 168.9 157.4 153.1 159.7 167.6 169.1 163.2 156.3 149.3 141.1 133.5 133.3 138.6 135.9
337.2 329.2 324.7 321.8 320.7 321.4 324.3 324.4 323.6 322.3 321.7 324.2 326.6 330 330.8 329.1 328.4 330.6 330.3 333.2 335.1 332.5 325.9 320.5 317.6 310.4 298 286.7 275.5 268.2 258.2 251.5 220.1 189.6 176.2 175.7 179.2 194.2 213.9 241.2 275.6 302 322.4 335.1 337.4 327.2 319.3 315.5 309.5 296.2 273.8 245.7 218.6 209 202.9 196.6 189.8 184.3 175.3 173 173.6 173.7 173.9 177.2 174.5 171.3 169.4 165.3 164.2 162.5 158.8 147.1 148.5 157.9 165.4 162.9 155.7 148.9 141 137.5 137.6 136.1 135.6
336.8 328.8 326.8 323.6 321.5 324.6 325.9 326.8 327.9 324.8 326.9 330.7 333.8 337.6 339.4 338.7 338.3 339 339.3 340.6 344.2 343.5 334.7 328.9 326.3 318.7 308.9 303.9 295.2 279.8 273.4 249.3 210.5 191.3 175.8 175.3 178.8 195 210.6 234.8 268.1 296.8 313.4 321.7 313 310.2 299.8 296.2 294.9 277.9 250.6 221.6 210.1 201.6 195.3 189.8 183.9 178.1 172.8 166.7 164.5 163.4 163.5 164.3 163.6 158.4 157.2 153.4 153 152.2 152.3 148.8 142 150.9 157 160 156.2 149.5 142.7 142.1 142.1 141.7 141.3
335.8 329.2 327.8 324.8 324.2 325.1 326.7 327.5 327.4 329.4 333.3 334.8 339.4 342.2 344.4 344.6 345.2 348.2 349.1 350.5 355.7 354.7 337.7 337.3 335.9 325.5 328.2 319.2 299.9 290.2 284.2 244.4 217.3 191.6 175.9 175.5 178.6 194 213.1 231.9 259.1 289.9 294.4 296.4 300 291.6 285.3 279.9 267.1 251.3 230.5 206.4 201.9 196.2 190.4 185.3 180.3 173.9 169 161.7 159.2 156.8 157.4 157.4 156.8 153.9 146.2 142.9 141.8 140.6 140.8 139.9 137.3 142.7 146.6 151.2 152.5 148.3 146.2 146.3 146.1 145.1 149.7
342.2 329.7 326.9 326.2 326.6 326.8 327.4 328.4 329.4 334.7 335.3 338.7 342.7 344.9 346.8 348.6 352.1 357 360.1 361.9 361.3 361.7 345.3 346.5 341.8 340.2 336 319.4 311.4 299.1 256.7 236.7 219.6 199.5 181 175.1 180.8 195.7 210.3 224.3 251.1 271.8 284.5 289.7 289 281.7 272.8 258.5 240.5 222 212 197.7 193.6 190.4 186 182.1 176.4 170.7 164.4 158.6 154.6 150.7 151.5 151.8 151.6 149.6 144.7 139 136.1 131.8 130 130 132.5 134.4 136.1 139.7 144.2 144.4 143.4 144.6 146.4 147.8 153
342.3 330 327.4 327 328.4 328.4 328.6 329.7 330.9 334.9 336.9 339.9 343.8 347.1 348.6 352.1 356.4 361.3 366.7 368 370.1 364.2 354.9 351.4 352.1 354 347.2 331.7 315.9 281.5 250.7 238.5 218.1 189.1 185.7 174 181.9 192.3 207 222.2 241.9 265 280.8 288 281 272.7 257.1 242.6 221.6 209.7 201.5 192.8 185.8 182.1 180.2 178.2 173.7 167.7 161.5 154.8 149.7 146.3 145 146.2 145.8 144.6 140.9 136.5 132.7 130 127.7 128.5 128.1 127.7 127.4 131.6 136.8 139.4 143.3 144.3 145.3 146.1 150.4
346.8 330.4 328.1 327.6 328.6 329.7 330.7 332.7 332.5 334.9 336.5 340.2 343.9 347.3 351 354.1 362.1 366.1 370.8 376.8 376.5 364.4 362.4 360.4 360.3 356.8 352.4 329.5 301.1 274.5 252 232.1 206.6 186.2 180.3 173.8 178.8 186.3 200.6 216.2 238.6 263.9 280 282.8 279.4 275.8 266.1 238.4 212.9 204 196.6 189.9 181.9 176.4 173.7 171.3 170.1 165.7 160.7 155.7 150.8 146.7 138.8 138.4 138.8 137.6 136.2 133.8 130.5 127.7 125.9 126 125.5 125.2 125.3 127.7 132.1 139.2 144.4 145.3 145.3 145.8 147
348 332.9 329.9 328.8 329.5 330.5 332.6 334.7 333.8 334 335.8 338.9 343 349.4 354.5 361 367.1 370.4 378.6 384.8 378.2 366.6 369 370.2 369.5 360.2 324.5 306.6 286 258.6 231.4 216.2 196.8 184 182.3 181.5 176.9 178.9 193.9 215.4 240.8 260.2 270.5 281 280.2 273.7 255.5 231.1 212.5 200.1 191.6 186.6 180 173.7 168.2 165.8 164.1 162.5 158.1 154 150.4 147.2 143.2 136.1 132.7 131.5 130.6 128.9 127.2 124.4 124 123.9 123.5 123.1 123.2 124.1 129.9 137.6 143 145.7 146.4 146.8 146.9
354.3 339.3 332.3 331.2 330.8 331.3 333.2 334.3 335 335.3 336.1 337.8 344.7 352.8 360.4 368.1 373.7 383.1 385.9 382.1 367.6 364.1 368.7 379.4 373.9 349.4 312.8 287.9 272.1 242.6 217.3 201 191.7 184.4 181.7 183.8 182.3 169.8 192 214.6 236 250.7 270.6 274.6 264.3 256.1 233.9 220.5 212.3 199.3 188.1 183.2 178.4 172.6 166.5 162.1 159.2 156.2 153.5 149.6 145.9 142.7 140.4 136.7 129 125.4 124.7 123.1 120.1 121 122 121.8 121.5 121.1 121.1 122.9 128 136.1 142.5 145.4 146.6 147 145.8
357.8 345.8 336.8 336.8 336.2 332.9 333.9 335.4 336 337.1 337.9 338.7 348.1 357.5 365.3 375.5 378.5 387.7 388.2 374.6 362.3 361.9 376 380.4 363.4 334.3 304.9 279.9 252.9 233.1 213.3 203.2 193.7 183.6 180.3 180.7 179.2 176.8 194.3 219.2 236.1 243.3 248.3 252.6 244.6 228.7 220.3 212.8 206.5 198.8 190.4 180.8 175.9 171.4 165.8 160.9 155.4 153 149 144 139.5 135.4 132.6 132.2 130.2 124.8 121.9 120.6 118.4 119.6 120.1 120.2 119.7 120.1 122 124.7 129 134.3 139.7 143.4 145.3 145.3 143.1
353.5 348.4 344 343.4 342 337.8 337.4 339.4 341.1 340.7 339.4 343.6 352.5 359.7 370.6 380.9 382.2 386 382 366.4 356.9 360.5 371.9 361 347.5 323.1 295.6 278.5 263.3 229.8 212.5 203.8 194.1 183.1 178.1 177.7 166.7 182.3 202 218 230.8 236.7 233.5 224 215.6 213.2 209.7 205.4 201.6 196.2 190.6 183.2 175.1 170.1 165.3 160.8 155.9 151.8 148.4 140.2 136.3 134.3 133.8 127.9 125.5 124.1 121.6 119.6 117.6 117.7 118 118.2 118.2 120.5 124.1 127.5 131.2 135.6 140.3 143.2 144.9 144.7 142.3
357.2 354.3 351.1 349.6 348 344.7 345.7 346.3 349.2 351 351.7 353.6 357.2 363.6 376.7 381.1 382 378.8 372.4 356.7 350 346.7 351.2 345.2 336.3 321.3 306 282.9 263.9 231 215.4 206.3 194.3 189.4 174.1 166.5 170.1 189.5 202.6 212.1 223.1 225 220.9 207.3 203.8 203.2 201.9 198.7 196.3 193.2 188.9 184.2 178.6 171.2 165 160.5 155.2 151.2 147.6 145.2 138 134.4 132.5 131.5 124.1 120.5 120 118 116.6 116.5 116.4 116.6 117.5 122 125.4 129.8 133.8 137.9 141.4 143.6 144.9 145.5 142.5
359.7 358.3 357.3 354.6 352.2 351.1 352.7 355.9 358.2 361.3 362.9 364.1 364.9 367.2 374.7 377 376.7 373.8 361.1 347.8 343.1 339.5 338.1 336.7 334.2 328.6 314.2 285.7 252 232.1 221 206.3 192.2 182.1 168.3 161.8 170.5 186.8 195.4 204.5 204.4 200.6 199.6 198.5 196.8 197.2 195.6 194.6 191.8 187.6 184.7 181.7 178.9 172.3 164.9 159.2 153 148.7 144.5 139.9 135.6 130.4 128.7 127.6 124.4 118.8 118.1 116.8 115.5 115.5 116 116.2 117.7 123.4 128.2 133.1 137.3 139.9 142.5 143.8 145 144.9 142.8
358.5 357.5 357.1 356.6 353.9 354.4 358.3 362.4 364.7 367.8 370.7 372.2 372.9 374.5 378.9 378.2 374.4 368.3 354.8 340.5 336.8 331.7 327.4 326.1 327.3 327 316.3 279.6 247.6 235.8 223.2 210.2 197.1 184.1 171.1 158.3 172 180.7 186.3 185.7 184.6 187.1 189.1 190.1 190.5 190.8 190.9 190.2 189.2 187.1 185.2 182 178.8 174.6 171.3 165.7 158 151.7 146.9 142.5 139 135.2 130.2 124.7 122.4 119.5 118.1 115.5 115.5 115.5 115.5 114.1 115.8 122.2 128.4 133.4 138.3 143 143.2 143.8 144.3 143.6 141.6
351.7 353.3 354.2 353.3 354.9 358.5 361.6 364.6 367.4 369.9 374.5 377.4 377.8 380.2 381.8 377.2 373.3 359.4 351.4 338.5 334 328.9 323.7 321.9 319.9 318.7 306 274.3 254.6 238.8 223.3 214.7 203 190.7 173.3 158.9 166.7 172.9 174.9 176.4 175.2 175.2 179.3 182.1 184.2 186.3 186.8 186.5 186.1 184.9 183.1 181.6 179.7 176.8 173.5 169.4 164.2 158.3 152.6 147.8 142.9 138 133.9 129.3 125.1 123.7 120.8 117.6 115.5 115.5 116.3 116.7 118.9 116.7 123.8 127.8 132.5 138.8 141.6 144.3 145.5 142.4 140.8
340.6 345.1 348.5 351.8 357.3 358.7 361 365 367.7 368.8 374.2 379.3 382.2 382.3 379.4 376.5 371.4 361.2 348.2 339.1 335.1 331.9 328.5 321 316 309.9 295.1 273.4 259.7 244.7 227.7 216.1 206.9 197.6 174.6 158.1 156.8 163.1 165.6 168.9 168.5 166.6 170.5 174.9 179.8 182.2 183.2 183.7 183.4 182.7 181.8 179.8 178.3 176.6 174 170.6 167 162.7 157.5 153.6 149.7 144.4 138.4 134 129.4 127.1 124.9 122.8 120.5 119.4 121.3 119.9 116.8 113.9 118.7 124.1 132.2 136.2 139 142.5 141.8 140.5 140.2
336 342.7 347.1 352.9 353.2 354.8 356.6 361.4 365.9 362.6 369.3 377.1 381.8 387.6 384.8 375.8 367.6 359 342.9 341.2 339.4 342.3 333.1 324 314.1 299.6 279.6 271.2 262.6 249.9 233.5 217.4 205.7 198.5 177.6 167.5 154.9 157.8 156.8 157.9 164.4 161.8 164.6 170.7 173.9 178 179.8 181.3 181.4 181 180.6 179.4 177.1 175.5 173.9 171.4 168.6 164.8 162.1 158.2 154.2 149.9 145.8 139 137.5 134.8 131.6 128 125.8 123.2 122.3 119.8 116.6 113.6 114.8 119.3 125 128.6 131.9 135.1 135.1 135.1 135.1
333.1 335.4 343.8 348.2 348.5 348.9 349.3 353.9 352 356.3 361.7 373.5 380.9 384.9 375.7 367.4 359.7 351.3 345.5 343.9 344.9 340 333.4 323.1 315.3 299.9 266.2 267 261.2 250.6 236.6 220.4 208.2 196.5 188.9 173.2 159.9 154 152 151.6 152.2 156 158.9 163.6 167.7 173.2 176 178.4 180 179.9 179.4 178.6 177 175.2 173 172 169.4 166.2 163.4 159.9 156.1 153.3 149.1 146.6 143.9 140.6 136.8 134 130 126.3 123.6 120.9 119.3 115.9 113.2 113.5 115 119 122.4 124.4 127.1 128.1 129.9
323.9 330.5 340.6 342.6 342.7 347.7 350.6 344.2 340.1 351.5 368.2 372.4 372.1 365.8 365.3 363 358.2 354.8 348.2 344.4 339.6 337.9 332.3 319.2 310.6 288.2 277.3 263.3 246.9 245 237.6 225.7 212.5 191.1 180.1 176 165.3 155.1 151.3 151.5 150.3 149.5 153.3 156.4 162 168.2 172.8 175.1 177.9 178.7 178.7 177.8 176.9 175.3 173.4 170.9 169.4 167 163.9 159.7 158.1 156.4 154.9 152.7 149.7 146 142.6 138.8 135.7 133.3 130.2 125.8 122.9 121 116.6 112.7 112.1 113.9 117 118.6 120 122 124.8
315.7 328.9 336 337.3 335.4 340.6 342.6 335.8 330.2 350.8 355.7 362.6 357.9 358.5 356.8 359.2 355.6 355.6 351 348 345.9 332.3 321.2 315.6 295.3 283.6 276.8 267 256.3 247.4 236.1 227.7 216.9 204.9 192.8 182.2 172.3 166.6 156.1 148.3 149.4 146.9 146.4 147.3 153.4 159.1 164.3 170.2 174.8 177.4 178.1 177.5 176.7 175.9 174.7 171.5 168.7 166.9 164.7 162.8 161.4 160.1 158.9 156.5 153.4 151 148.6 146 142.8 140.6 137.7 134.1 130.7 126.8 122.8 118.2 114.5 111.4 112.8 114.2 116.4 118.1 119.7
312.2 325.1 325.4 326.8 326.5 327.4 325.6 318.8 321.9 334.6 343.7 346.7 343.8 342.5 340.6 347.8 347.8 349.2 346.5 348.3 344 336.9 329.9 314.4 284 279.3 273 266 257.4 248.5 240.3 233.9 223.5 212.3 197.7 187 177.2 166.7 162.6 157 150 145.1 145 144.1 144 147 152.9 158.3 166.1 173.6 175.4 175.3 175.2 175.5 175 172.8 170.8 168.7 167.3 164.5 162.7 161.4 160.6 159.1 157 154.6 152.4 150.7 148.9 147.1 144.5 142 138.9 135.1 131 126.8 121.9 118 112.8 109.9 109.8 113.8 115.6
300.6 312.2 319.1 315.9 309.9 309.9 308.5 308.5 307.3 313.3 323.4 328.8 324.8 323.8 329.9 337.7 344.5 344.2 349.1 349 341.2 334.8 322.2 301.3 276.4 273.9 268.1 262.3 255.3 246.6 238.3 232.6 222.7 213.9 203.8 188.8 181.7 171.6 165.6 159 158.4 157.2 150.8 145.6 143.1 142.8 143 148.7 156.1 164.1 170.1 171.2 172.4 173.3 173.9 173.9 172.2 169.5 166.4 165.1 162.9 162.7 162.5 161.3 159.7 157.7 156 154.8 152.4 151.1 149.5 147.4 144.7 141.7 138.7 134.9 131.3 127.1 121.2 116.4 112.7 108.1 107.3
297.1 301.6 309.2 303.8 298.7 300.4 301.7 301.4 299.6 298.7 299.8 303.6 303.3 311.9 324.4 331.4 334.9 337.7 344.6 342 331.9 316.4 302.1 284.9 272.8 267.3 263 257.5 251.8 244.2 232.5 229.6 221.4 210.7 203.2 191.8 182.1 176 166.8 164.5 161.1 158.4 155.6 152.2 145.2 141.9 141.4 140.9 146.9 155.4 163.3 166.5 168.7 171.6 171.9 171.2 170.6 168.8 165.3 164.2 163.6 163.5 163.3 162.4 161.3 159.7 158.3 156.7 155.2 153.7 152.8 151 149.1 146.1 143.4 140.7 137.8 133.9 129 125.3 120.7 115.2 110.9
298.2 293.5 285 284.9 285 288.6 293.1 293.7 292.5 292.1 288.2 288.3 290.8 299.6 311.4 317 323.8 327.3 325.4 324.3 313.5 300.9 285.1 277.8 270.4 264.4 256.7 253.5 245.5 238.4 227.6 222.4 215.4 207.3 195.2 187.1 179.5 174 169.9 165.4 162 160 157.9 155.1 151.4 147.6 143.6 141.9 139.7 146.7 154.3 161.2 164.5 167.7 168.4 167.6 166.5 165.7 164.1 162.6 163.4 163.3 162.9 162.4 161.8 161.1 159 157.2 156 155 153.9 152.5 150.8 148.7 146.4 143.8 141.2 138.3 135 130.9 127.6 123.1 118.7
297.9 292.3 282.4 271.5 269.9 274.6 278.8 281.9 283.5 284 284.1 281.9 282 284.1 293.4 302.1 309.3 309.6 309.3 309.1 303.1 288.9 282.2 278.2 270.9 265.4 256.6 250.4 239.3 233.3 226.9 218.7 212.2 206.2 199.3 191.8 184.5 176.9 173.2 170.1 164.1 161.1 158.4 157 154 149.6 144.3 142.5 140.4 139.1 149.4 159 160.2 161.7 163 163.5 162.4 162.3 161.9 160.3 162.3 161.4 160.1 160.6 161.1 160.2 158.9 157.2 156.4 155.7 154.5 153.2 151.9 149.9 147.7 145.8 143 140.6 137.9 134.5 131.2 127.4 123.2
302.3 292.8 287 280.8 278.6 266.3 264.5 267.6 273.6 272.2 276.7 273.9 275.3 275.4 282 289 289.3 288.9 295.6 297.9 293.1 282 280.6 278.1 273.7 268.7 259.5 253.3 247.8 240.7 236.3 229.1 222.7 216.1 208.8 199.8 191.7 183.2 177.6 169.5 167.5 164.7 160.1 157.1 155.1 153.8 150.2 144.4 141.9 137.8 140.2 149.4 154 155.6 157 157.9 158.1 157.9 157.8 157.6 157.9 158.1 158.4 158.2 158.6 158.2 157.5 156.9 156.4 155.9 154.7 153.3 152.1 150.6 148.7 146.7 144.4 141.1 138.7 136.4 133.5 130.5 127.7
307 297.1 287.7 282 278.5 274.6 273.9 261.2 259.8 262.3 267.7 268.9 268.5 267.5 268.2 272.2 273.5 274.3 276.4 277.7 278.7 281.6 282.1 281.2 276.1 271.6 265.2 257.9 252.6 248.4 243.8 237.7 233.6 227.2 220.1 209.6 202.1 194.8 186.2 176.5 170.9 168.8 164 160.3 156.9 154.7 152.4 148.4 146.6 144.1 136.6 136.6 141.1 152.1 152.4 154 155.2 155.3 154.4 154.6 156.4 157 157.3 156.8 156.3 156.1 156.1 156.5 156.5 155.9 154.6 153.2 151.6 150.1 149 146.9 144.4 141.8 138.8 136.5 134.2 132 128.9
312.2 303 293.4 285.1 278.4 274.2 272.5 273 267.1 256.9 256.9 262.9 262.9 260.8 261.2 261 266 270 273.2 272.8 278.8 283.8 283.4 283.8 280.3 275.1 271 266.4 259.1 255.7 251.6 246.4 243.1 236.7 228.5 219.5 212.7 204.1 194.8 183 174.6 168.7 165.1 161.7 158.5 156.9 154.9 153 147.7 146.6 145.2 141.8 135.3 134.5 142.7 151.1 153.3 154.4 152.9 153 156.6 158.4 155.4 155.4 155 154.4 154.8 155.2 155.1 154.8 153.1 151.7 150.5 149.2 148 146.4 144.3 141.6 139 136.7 134.7 132.3 130.8
314.1 305.6 294 286.4 281.6 279.3 277.4 274.8 271.1 268.2 261 253.6 253.5 254.5 258.1 259.7 262.3 266.3 269.7 271.9 273.2 279.8 283.7 283.1 282 278.8 274.5 267.5 260.1 258.5 256.1 254 251.4 245.9 235.6 226.4 219.2 209.8 197.3 187 180.1 176.3 171.3 169.2 164.8 160.3 157.9 155.6 153.2 147 145.3 146.3 142.4 135 133.7 138.3 148 155.4 151 152.1 156.4 157.7 153.8 154.3 153.8 153.3 153.1 152.9 152.6 152 151.4 150.1 149 147.7 146.5 144.8 142.8 140.7 138.5 136.1 134.1 132.4 130.7
310.9 300.7 288.2 286 284.5 284 281.3 277.4 274.4 272.7 270.1 265.5 256.6 248.9 250.4 255.5 260.3 263.7 266.8 269.6 270.9 276.1 285.4 288.4 279.9 282.7 275.9 268.2 262.4 257.8 251.4 254.7 255.9 246.5 237.1 228.7 221.2 208.6 198.4 193.4 190.5 185.5 179 175.1 170.6 166 163.4 162 160.1 155.4 154.4 154.2 152.5 145.5 136.5 131.8 135.2 141.6 143.8 148.2 153.7 151.8 152.4 153.1 150.1 151.7 151.5 151.4 150.2 148.8 149.1 148.3 147.3 146 144.7 142.7 140.7 139 137.7 135.4 133.3 131.8 129.3
301.3 292.3 292.4 290.4 290.8 291.5 290 283.6 277.8 274.7 270.2 266.9 260.9 256.4 248 247.7 254.9 260.8 264.5 266.2 266.6 270.6 274.3 278.8 282.2 277.9 274.9 270 263 251.4 246.2 241.9 241.9 236.1 227.4 219.5 214.5 207.7 204.2 200.8 198.6 192.5 185.3 179.7 175.8 172.2 169.7 169.2 169.6 163.1 162.3 162.5 159.1 154.5 148.7 140.8 137.6 129.8 131.5 135.8 139.2 141.7 144.9 147.4 146.5 147.4 148.2 148.2 147.4 145.4 146.1 145.7 145.1 143.5 142.7 140.2 138.7 137 135.8 134.4 132.3 130.7 128.5
303.1 303.8 300.3 301.7 302.5 300.4 294.1 289.7 284.3 278.1 272.4 270.7 267.9 261.4 253.7 248.8 245.6 255.2 260.3 263.8 264.7 263.5 268.2 270.9 274.7 275.6 272.3 266 255.5 248.4 240.3 234.3 229.9 227.7 221.5 214.4 212.3 208.4 207.3 205.6 204 198.8 191.2 184.1 179.6 176 174 175.5 173.8 167.2 168.8 171.5 166.3 161.5 155.3 152.7 150.4 145.7 136.3 128.5 130.3 130 132.2 137.6 140.9 144.4 145 144.9 143.7 142.3 141.6 141.9 141.3 140.7 139.3 137.6 136.1 134.5 133.4 132.2 130.8 128.9 126.7
