app/static/ascii/NO04.asc
ncols 200
nrows 200
xllcorner 300000
yllcorner 740000
cellsize 50
[rows 70 to 104 of 200, columns 80 to 159 of 200]
400.5 400.8 391.9 369.9 368.9 360 346.6 331.9 309.5 290.6 271.4 269 266.9 244.3 227.7 216.4 209.7 207.8 208.4 209.4 209.8 209.2 209.1 208.2 205.5 206.5 210.7 211.9 209.7 204.6 199.9 200.2 209.1 216.6 220.9 216.5 210 215.2 222 221.4 218.6 206.7 199 191.1 180.2 160.7 142 170.6 185.4 199.3 207.6 213.6 221 227.3 232.1 236.2 238.9 240.5 243.3 241 240.1 240.9 241.4 240.7 241.5 242.9 242.8 241.6 237.9 228.8 228.3 225.2 219.8 219.1 212.8 204.6 200.9 201 196.4 192.1
399.1 401.6 392.9 367.8 374.6 368.6 358.7 326.2 303.1 284.2 263.4 260 260.1 255.5 229 214.9 208.6 203.8 204.5 205.6 205.6 204.4 206.1 206.1 202.2 202.8 208.8 206.1 203.1 200 195.9 194.6 205.1 206.3 201.9 204 208.3 211.8 214.1 212.5 210.1 204.7 191.9 182.7 173.6 149.3 150.4 169.1 183.4 193.5 203.5 210.6 217 224.1 229.2 233.7 236.5 238 234.6 234.5 235 234.7 232.1 231.8 228.4 228.7 230.6 234.6 225.3 215.5 214 207.7 201.2 196.5 189.8 180.2 182.2 178.6 178.4 172.6
391.8 400.9 388.6 372.5 370.2 368.9 364.9 333.6 305.2 273.4 259.2 255.5 250.7 243.1 227.8 216.7 207.9 201.8 199 200.2 200.6 202.5 205.1 205 200.8 195.1 196.8 197.6 195.8 194 191.5 187.8 186.8 190.1 197.6 202.5 205.7 204.5 209.1 203.5 203 193 186.5 176.5 164.7 142.9 141.2 157.7 171.5 182.7 197.4 205.9 211.8 218.8 224.7 229 232.1 232.7 231.6 231.4 229.1 230 227 222.5 219.5 217.4 213.3 211.6 205.5 200.3 198.4 189.3 184 174 164.1 167.1 163.6 160.4 157.4 156.6
378.2 389.5 388.3 375.9 367 371.1 356.1 343.1 302.2 271.5 256.4 249 245.5 232.4 221.2 212.1 204.1 198.4 193.9 198 198.4 198.4 199.1 197.9 198.5 194.7 188.5 187 186.3 185 183.8 182.8 187 195.7 203.3 203.8 199.9 199.3 196.9 201 195.3 184.2 175.4 167.4 162.1 149.3 133.1 135.1 158.7 175 188.4 199.1 205.6 210.1 217.1 220.8 223.5 225.6 227.2 227 226.2 222.3 218 215.5 211.6 208.3 202.6 195.9 190.7 184 176.7 173.4 165.3 160.9 156.3 154.1 154.3 156.7 156.6 151.3
380.7 383.5 385.3 375.7 362.7 365.8 355.6 342 318.9 272.3 252.9 244.2 235.3 223.5 211.5 203.4 198.9 192 187.6 191.6 193.3 194.3 192.7 192 192.1 189.9 187.5 182.5 181.3 180.4 181 185.1 190.6 194.1 196 196.4 196.4 195.6 194 190.7 186.3 177.8 167.7 161.7 154.2 154.5 137 129.3 149.2 166.7 180.5 191.3 197.5 201.2 208.7 212 214.8 216.6 218.4 219.8 222.3 218.2 211.9 203.2 196 187.8 179.1 176.2 170.9 162.2 156.9 149.5 145.3 143.6 151.3 154.3 156 158.6 157.7 157.6
387.7 376.1 374.4 363 353.4 361.5 355.6 359 345.4 290.3 244.6 234.6 224.9 212.7 207.1 200.4 194.6 190.6 186.4 182.1 183.1 183.3 182 182.5 183 181.5 181.6 179.4 180.7 184.4 185.9 184.6 186.6 190.9 190.1 191.1 191.5 190.8 190.6 191 180.7 170.7 162.6 154.8 149.7 147.9 134.3 123.2 146.4 160.2 173.2 180.9 186.8 192.5 198.2 201.1 205 207.5 211.1 213.2 204.8 195.1 185.3 176.2 171.9 162.5 157 153.5 146.8 140.9 140.2 137.9 135.4 133.1 132.6 135.6 138.2 140.5 140.1 141.1
374.6 380.1 357.3 347.8 343.1 352.7 364 354.9 346.3 301.7 243.7 223.3 214.5 210.3 205.9 200 193.6 190.1 185.8 182.3 177 175.4 173.4 174.1 175 175.9 176.9 179.5 181.7 184.6 187.4 185 187 186 186.7 187.8 186.4 185.9 184.6 186.4 171.7 164.9 160.3 150.7 146.5 135.3 124.8 125.6 146.8 158.7 165.4 171.1 176.1 182.4 186.8 190.6 195.4 198.2 202.8 198 181.3 170.8 163 150.2 143.4 141.5 141.2 143 145.4 148.6 149.6 150.4 146.2 143.2 138.8 131.2 129.1 128.1 126.9 125.8
352.9 361.9 356.7 338.3 334.4 334.6 361.3 360.6 318.2 277.2 244.5 225.5 216.2 207.8 202 197 192.8 189.2 186.8 184 184 182.3 177.5 172 170.6 170.7 171.9 176.9 178.9 181 182.1 183.3 183.2 183.7 188.7 185.5 182.4 182.1 177.5 173 163.6 161.1 157.3 150.5 145.8 131.3 123.3 125.1 143.4 152.4 157.7 161.2 166.2 168.3 173.1 178.1 181.7 185.7 185 177.4 162.6 149.6 140.8 133.3 133.9 137.3 138.7 141.9 143.9 145.3 144 142.7 142 141.2 140 137.2 137.7 138.4 134.4 128
359 350 351.2 341.4 325.4 318.9 335.9 333.5 317.2 290.6 248.9 224.6 219.1 211.4 202.7 195.3 190.7 187.9 186.8 186 185 183.8 179.8 176.1 170.9 169 169.4 169.4 174 175.7 174.5 175.3 179.9 183.2 184.6 189.1 183.5 181.7 173.7 165.6 156.6 153.1 151.8 147.5 139.9 129 121.8 116.9 136.7 145.3 149 154 155.8 158.8 161.8 166 167 161.2 155.2 148.3 139.6 132.2 123.8 119.9 120.9 124.6 124.6 124.3 124.8 130.3 130.3 129.5 131.1 133.3 133.1 129.6 129.4 131.1 131.6 134.4
363.1 336.3 340.3 343 326.5 299.1 307.5 317.1 304.4 272.5 243.8 219.4 213.6 207.8 202.3 195.8 189.6 186 187 185.5 185.6 184.4 182.1 183.1 180.1 173.3 169.4 169.4 170.2 170.8 173 177 177.3 179.8 185.8 188 187.6 184.8 173 162.7 154.8 152.7 148.1 143 135.9 125.1 120.1 114.5 132.2 140 141.4 144.6 146.2 148.9 151.5 152.5 148.4 144.6 139.5 133 125.7 118.1 116.4 115.8 115.5 114.9 117.5 118 118.8 117.5 117.6 115 115.2 117.6 118.3 119 119.8 124.8 126.9 128.9
366.6 352.7 317.5 311.1 296.6 286.8 286.6 293.5 289.4 267.9 234 214.6 206.9 201.4 196.6 192.6 188.8 185.7 183.5 183.5 184 185 185.4 182.7 179.7 176 169.6 169.4 168.9 168.4 170.1 174.5 177.9 179.7 185.1 186.8 183.6 185.9 168.5 159.9 155.5 148.9 140.2 133.2 132.6 121.8 118.3 114.9 128.1 132.5 134 136.8 140 138.9 138.3 136.3 132 127.6 124.9 120.3 116.2 111.5 111 111.5 111.5 110.6 112.9 111.2 108.9 108.3 108.6 112.4 113.7 115.4 110.4 108.5 107.1 113 116.8 116.9
356.7 342.3 316.5 291.9 274.1 265.8 267.7 274.1 274.1 255.7 230.6 212 204.7 198.7 193.5 189.6 185.7 183.9 181.8 180.4 181.5 182.5 182.9 180 175.5 174.3 170.3 164.5 168.2 167.2 170.7 176 179 186.6 187.6 185 176.3 166.3 155 151.2 146.9 141.7 135.8 128.9 124.7 120.4 116.7 108.9 121.3 123 127 129.9 132.1 128 121 120.4 119.3 114.9 112.2 109.2 106.6 107.1 109.3 108.2 103.4 102.5 103.7 105.9 105.5 107.9 105.6 103.3 105.2 107.7 107.3 106.5 106 103.2 104.4 105.1
332.1 318.1 302.2 291.6 270.5 256.2 254.2 258.9 261.6 251.8 224.8 213.7 205 199.3 193.8 189.6 186.1 183.5 180.4 177.4 179.3 179.3 177.9 174.3 171.7 169.3 166.6 162.1 165.5 167 174.1 177.3 178.6 185.4 183.3 176.6 165.3 154.7 145.6 139.8 138.6 136.4 131.9 128.3 123.3 114.7 115.2 111.6 107.3 113.5 118.7 119.8 115.1 113.6 116.4 111.5 109.4 107.3 105.4 102.4 101.3 101.2 100.9 99.8 98.8 98.7 98.8 98.6 98.5 98.6 100.3 98.9 99.9 100.6 101.3 101.8 101.3 100.9 100.8 100.2
302.7 289 280.1 266.8 254.1 247.1 244.6 245.7 245 236.2 233.8 228.2 214.7 207.1 198.6 192.4 190.3 185.9 182.4 176.2 171.8 172.3 171.1 168.5 165.7 162.2 160.2 161.3 166 167.2 171.5 176.1 177.9 175.1 175.3 169.4 157 144.5 137.9 134.6 131.5 128.7 127.5 122.3 119 114.1 113.5 112.6 110.5 107.7 102.7 100.7 102.8 103.8 103.7 101.5 101.2 100.3 100.2 98.6 98.2 99.3 98.2 96.6 96.2 96.1 95.7 94.8 96.4 95.7 96.5 95.6 96 95.7 96.5 98.1 97.6 97.2 96.6 96.2
287.7 274.3 261 254.6 243.8 243.6 243.1 244 244.1 248.3 244.5 234.6 225.9 212.6 204.5 200.7 199 194.1 185.9 176 167.1 164.3 163.3 160.1 157.7 154.4 158.6 164.9 164 166.5 169.2 170 172.8 169.9 165.1 158.3 146.7 134.3 131.6 130.9 128.9 127.7 122.6 116.9 113 111.7 111.7 111.4 109.9 108.2 105.5 104.4 103.3 100.9 99.5 97 96.2 95.9 94.7 95.3 96.5 97.7 97.3 96.1 95.1 94.4 94.2 92.2 93.3 90.6 91.1 91.9 89.4 91.2 90.6 90 90.6 91.1 90.9 93.9
270.9 258.8 248.4 239.7 238.6 242.3 245 253 254.7 253.8 249.2 239.7 228.2 217.8 215.9 212.8 208.5 203.9 192.4 178.3 168 159 155.7 152.2 148.9 145.7 155.6 158.6 161.2 162.9 164.9 160.2 158.3 155.3 148.4 140.2 128.2 122.1 121.2 121.7 119.6 118.3 119.2 117.9 110 109.7 110.5 110.4 108.8 107.5 106.6 104.6 102.4 100.4 99.1 97.5 96.7 95.9 94.9 94.4 93.5 92.1 91.2 89.5 89.2 89.7 88 87.5 87.3 86.8 86.7 87 86.6 86 85.8 85.6 85.4 85.7 86.9 87.3
249.1 243.4 233.4 233.6 235 241.9 253.3 261 262.9 266.1 261.1 245.9 238.6 227.3 219.8 219.6 218.9 201.7 188.9 182 170.2 159 150.3 144.8 139.3 144.3 151.1 155.9 160.1 159.8 154.2 150.3 144.6 138.5 129.6 116.7 113.1 111.5 112 112 112.6 112.4 111.4 110.8 109.2 108.3 108.5 107.5 107.5 106.2 106.2 105.1 102.4 100.3 98.2 97.4 96.3 95.6 94.9 94.1 93.2 92.8 91.9 91 90.1 89.6 88.9 87.9 87.5 87.5 87.2 87.8 87.8 86.5 87.6 86.7 86 85.1 85.1 85
236.1 228.8 226 226.5 234.6 246.9 254.8 262.3 264.6 266 259.9 253 240.5 230.5 220.3 217 202.3 191.4 184.3 179.9 171 160.1 147.5 140.3 136.2 141.2 148.7 156.1 157.5 152.4 145.5 136.3 130.8 122.8 113.4 109.3 110 110.6 109.8 109.3 108.2 108.3 107 107.8 107.1 107.3 107 106.2 105.4 105.1 104.6 103.9 101.9 99.4 99.6 97.8 96.8 95 94.4 93.7 93 92.4 91.9 90.8 90.3 89.8 89.5 88.9 88.3 88 87.5 87.1 86.8 86.5 86.2 86.6 85.9 85.7 85.8 85.6
228.9 222.5 221 229.8 239.2 246.9 252.1 258.6 260 260.3 263 257.6 246.5 231.7 222.4 206.7 193.8 181.4 175.8 172.1 166.9 158.2 147.8 139.2 130.2 137.5 145.6 149 143 139.4 132.9 126 117.8 109.7 106.3 106.6 106.7 109.8 110.2 110.8 109 106.1 105.8 106.4 106.2 106 105.4 104.2 103.7 102.7 102.8 103.3 102.1 100.6 99.3 96.3 95.1 94.4 94 93.3 92.6 91.9 91.4 90.9 90.1 89.6 89.1 89.2 88.5 87.9 87.4 86.9 86.4 86.6 86.4 86 86.2 85.8 85.7 85.8
221.6 220.3 221.8 232.4 236.1 240.7 244.9 255 257 252.5 258.5 258.2 251.1 228.9 211 199.3 187.2 176.5 171.4 167.5 161.3 153 147.1 141.5 132.9 130 133.2 134.4 132.4 132.8 127.8 118.4 110.4 106.2 103.3 103.2 105.7 110.8 113.1 111.9 109.5 106.5 105.4 105.4 104.4 104.8 103.5 103.2 102 100.7 101.3 101 100.5 100.4 98.2 96.5 93.9 94.1 94.4 93.9 93.2 91.6 90.7 90.3 89.9 89.4 89 88.8 88.4 87.7 87.4 87.1 85.9 86.8 87.4 88.2 88.8 89.3 90 89.6
220.3 220.4 220.6 220 225.1 233.2 238.6 238.8 241.6 245.1 248.1 249 238.9 218.2 203.1 194.2 184.2 175.6 170.6 166.1 158.9 153.2 147.4 140.2 132.4 124.9 125.5 129.6 130.4 124.8 117.9 113.2 104.8 101.8 101.1 102.1 106.5 111.8 114.6 112.2 107.7 105.8 104.5 104.4 103.7 103.2 102.3 101.7 99.2 99.9 99.7 98.5 100 99.1 98.1 97.2 96.6 95.6 95.1 94.5 93.6 91.7 90.3 90.1 89.9 90 88.9 88.7 87.9 88.8 89.3 89.1 88.7 89.2 90.6 92.3 95.1 95.7 94.7 94.1
225.8 236.1 237.6 230.4 214.3 219.7 223.9 230.3 228.2 235.5 227 222 212 191.6 186.8 181.9 174 171.2 167.4 160.8 154.4 149.5 143.7 138.8 131.1 124.4 122.1 124.5 123.4 115.9 109.7 105.9 100.6 99 99.2 101.1 105.9 108 108.4 105.5 103.1 102.6 103.4 103.1 102.2 101.1 101.6 100.9 100.2 100.4 100 99.2 98.5 97.1 97 96.7 96.6 95.8 95 94.3 93.1 90.8 91.4 92.7 93.2 93.2 92.9 92.6 92.6 92.8 94.1 93.1 92.6 93 95.1 97.2 99.1 99.4 99.2 98.3
232.3 236.6 240.4 238.5 227.5 206.8 211.1 217.5 224.1 216.1 203.8 196.4 187.5 177.5 173.6 167.1 163.1 159.9 155 149 141.7 137.7 133.8 129.1 123.4 118.7 113.8 113 109.8 109.3 105.1 101.4 98.1 98 98.3 99.6 100.6 100.7 100 99.7 99.4 99.6 101.6 101.8 100.6 100.1 99.3 99.9 100.6 100.1 99.6 99.3 98.3 97.9 97.3 96.8 95.7 94.7 93.9 93.4 92.1 93 94.3 95.6 96.4 96.5 96.4 96.3 96.6 97.7 96.9 96.1 95.9 96.7 98.7 100.8 102 104 103.4 103.9
233.4 240.1 240.9 237.1 232.1 217.5 198.5 192.3 204.6 201.5 189.8 181 174.1 174.9 165.1 161 156.6 148.7 142.7 135.9 128.7 123.8 121.4 119.3 115.4 113.8 109.2 107.4 105.3 104.5 100 97.4 97.1 96.8 96.9 96.3 95.3 95.2 95.2 95.2 97.2 99.5 100.7 100.2 98.8 99.1 99.3 99.2 99.7 99.8 99.6 97.3 96.6 96 95.8 95.9 94.3 94.7 94.2 94.9 95.4 96 97.3 98.5 99.3 99.4 99.5 98.8 99.8 100.2 99.9 99.2 99.2 100.6 102.8 104.9 106.9 108.4 108.7 108.9
225 231.5 236.3 240.3 233.7 219.2 203.2 193.7 175.2 173.7 170.6 164.6 162.9 165.2 156.5 150.9 144.4 141.9 134.7 128 121.4 118.3 114.5 114.1 111.5 109.3 105.7 103.6 102.1 100.1 96.7 96.2 96.1 96.3 96.3 95.4 95.2 95.2 95.2 95.2 95.2 97.7 100.2 99.5 97.7 98.4 98.9 98.8 98.7 98.6 99.4 99.3 98.7 98.8 98.5 98.2 98.2 98 97.6 97.4 97.7 98.7 99.6 100.8 101.8 103 101.9 102.5 102.7 102.6 103.1 102.9 103.7 105.1 107.8 109.7 111.7 113.1 112.9 115.3
207.7 209.8 217.9 226.2 229.5 227.9 214.6 195.2 177.3 165.2 152.4 144.6 143.4 143.6 142.1 140.4 133.8 130 124.4 119.8 117.7 116.9 112.2 111.4 109.1 106.6 102.8 101.7 100.1 98.7 97 96.8 96.2 96.2 95.2 95.2 95.2 95.2 95.2 95.2 95.2 95.2 95.7 98.1 96 96.8 97 98.3 98.9 99.5 100 100.5 100.7 100.9 101 101.1 100.7 100.9 100.5 100.1 101.1 101.2 102.1 102.1 104.1 104.5 104.4 104.3 104.7 105.5 105.8 106.4 107.7 109.4 111.3 113 114.5 116.1 116.3 120
202.8 195.6 198.1 195.9 198.3 204.7 198.3 194.9 179 168.7 163.9 149.1 137.6 129.7 124.8 121.9 121.5 118.1 116.6 115 116 111.9 110.8 108 104.8 101.3 100.7 100.4 99 97.7 96.2 96.5 96.8 95.6 95.2 95.2 95.2 95.2 95.2 95.2 95.2 95.2 95.2 95.2 95.2 95.2 96.3 98.1 98.8 99.6 100.1 101.6 101.6 101.6 101.8 102.5 102.2 103.1 103.2 102 103.8 104 106.1 104.7 106.4 106.5 107.4 107.2 108.4 109 108.9 109.5 110.4 112.3 114.6 116.4 117.4 118.2 121.5 123.3
179.5 176.3 177.5 174.9 173.1 177.6 184.8 180.9 169.9 162.8 159.4 154.7 140.4 133 127.5 123.6 122.1 115.9 112 109.9 108.9 108.9 106.8 102.8 99.2 98.6 98.8 99 98.5 97.2 95.4 95.2 95.2 95.2 95.2 95.2 95.2 95.2 95.2 95.2 95.2 95.2 95.2 95.2 95.2 96.2 97.1 97.9 99 99.9 100.7 101.2 101.4 102.2 103.2 104.1 103.7 105.5 106.8 105.8 108.3 108.5 108.7 108.5 109.1 110.3 111 111.1 111.9 112.4 112.7 113.5 114.4 115.9 118.7 120.6 120.7 122.8 125.5 127.3
166.5 164.1 161.9 166.8 168 170.2 170.9 169.5 167 161.8 153.8 143.8 139.9 134.9 127.9 121.6 117.6 112.5 108.4 105.3 104.7 101.3 99.5 98.3 98.1 97.8 97.6 97.6 97.2 96.3 95.2 95.2 95.2 95.2 95.2 95.2 95.2 95.2 95.2 95.2 95.2 95.2 95.2 95.2 95.2 95.5 96.5 98 99.4 100.1 100.6 101 102 103.2 104.5 106.5 105.9 109.1 108.3 111.2 110.7 112.5 113.3 112.5 113.3 114 113.8 114.3 115 115.5 116.5 117.6 118.8 120.7 123.2 124.3 124.5 127.8 131 132.1
153.7 155.6 158.1 158.1 164.6 164.4 163 162 162.2 157.6 147.6 143.3 136.9 130.5 123.9 117.4 114.7 111.8 108.5 104.9 101.6 100 98.9 97.7 97.8 97.4 96.9 96.8 96.8 96.4 95.2 95.2 95.2 95.2 95.2 95.2 95.2 95.2 95.2 95.2 95.2 95.2 95.2 95.2 95.2 95.2 96.6 98.2 99.8 100.7 100.7 101.7 103.3 104.2 105.5 107.5 108.3 110.8 109.4 113.1 113.3 115 115.7 115 116 117.3 118.1 117.8 118.7 119.9 121.1 122.3 123.5 125.5 127 126.9 129.3 132.7 135 136
142 148.9 154.1 155.2 155.9 156.5 157.7 156.9 154.3 146.9 140.9 136.3 130.5 123.1 118.5 116.5 117.6 112.3 107.8 104 102.7 103.9 101 98.2 97.5 97.4 97.2 97.3 97.2 96.7 96 95.2 95.2 95.2 95.2 95.2 95.2 95.2 95.2 95.2 95.2 95.2 95.2 95.2 95.2 95.2 97.1 98.5 99.5 99.8 101.6 102.8 104.5 106.3 106.7 108.3 111.2 112.5 113.2 113.6 115.1 116.9 118.3 118.6 118.4 121 121.8 121.3 123.1 124.5 125.9 127.2 128.5 129.9 130.5 131.5 133.9 136.8 138.4 139
137.4 144.2 150.3 151.7 151.4 149.9 150 148.6 145.2 139.5 134.7 129.4 121.8 119.1 120.6 123.5 122.5 115.2 108.3 106.6 109 109 105.3 100.2 97.6 97.7 97.2 97.4 96.9 96.1 95.8 95.2 95.2 95.2 95.2 95.2 95.2 95.2 95.2 95.2 95.2 95.2 95.2 95.2 95.2 96.1 98 99.3 100.3 101.1 102.5 103.9 105.5 107.5 107.9 109.7 111.9 113.7 114.6 115.8 116.6 118.9 120.3 121.1 121.4 124.3 125.4 125.1 126.6 128 129.5 129.3 130.6 133.1 135.2 137.6 139.1 140.9 141.8 142.3
134 138.2 143.2 145.6 145.2 143.1 138.4 138 136.7 132.4 128.9 123.7 121.6 123.9 120.2 121.3 115.6 111.4 108.2 105.9 104.6 101.4 99.2 97.7 96.9 97.3 97.4 97.1 96.3 95.2 95.2 95.2 95.2 95.2 95.2 95.2 95.2 95.2 95.2 95.2 95.2 95.2 95.2 95.2 95.2 96.9 98.9 100.1 101.1 102.4 103.8 105 106.6 108.8 109.9 111.2 112.8 114.2 115.9 117.2 117.7 120.3 121.9 122.7 124.8 126.7 127.3 127.2 127.6 129.2 130.4 130.5 133.3 136.1 139.9 143.2 144.3 144.5 145 145.3
130.6 132.9 132.4 133 132.5 134.1 128.2 128.8 125.7 126.5 121.9 121.7 120.8 123.5 119.3 116.7 112.2 111 111.6 105.8 101.4 99.3 98.7 97.9 97.9 98.9 98.9 97.7 96 95.2 95.2 95.2 95.2 95.2 95.2 95.2 95.2 95.2 95.2 95.2 95.2 95.2 95.2 95.2 95.2 97.5 100 101.2 102.4 103.8 105.1 106.4 108.2 109.8 110.8 111.2 112.9 114.7 116.4 117.9 118.8 121.2 123.1 124.4 125.3 126 127 127.1 128.7 130.4 131.9 133.8 136.4 140.6 143.4 146 146.9 147.8 147.5 147.8
125.7 127.3 126.4 124.9 121.9 118.4 117.3 118.8 118.6 118.3 114.7 110.1 107.3 109.4 110.5 111.8 114.3 115.9 114.2 106.7 102 99.8 100.2 102.1 104.3 105.6 104.4 99.4 95.9 95.2 95.2 95.2 95.2 95.2 95.2 95.2 95.2 95.2 95.2 95.2 95.2 95.2 95.2 95.2 95.9 97.7 100.3 102.1 103.5 105 106.4 107.4 108.8 110.5 111.3 111.6 113.7 115.1 116.7 118.2 119.5 121.6 123.1 124.2 124.2 125.2 126.7 128.6 131.7 133.9 135.9 138.7 141.9 144.6 146.9 148.7 149.9 150.6 150.4 150.3
