app/static/ascii/NO05.asc
ncols 200
nrows 200
xllcorner 300000
yllcorner 750000
cellsize 50
[rows 70 to 104 of 200, columns 0 to 77 of 200]
323.9 329 336 337.4 337.6 339.6 346.9 346.5 346 347.4 349.2 349.5 349.9 350.4 350.5 349.2 349.1 351.1 352.6 354.1 356.5 359.5 362.4 363.2 363.9 367.3 370.2 372.5 374.2 375.8 376.5 376.9 377.2 378.2 379.7 379.5 381.1 383.5 384.6 385.4 385.5 385.4 385.8 386.5 388.4 391.3 395 398 400.8 402.9 406.3 409.9 413.5 417 421 425.8 430.6 436 441.4 446.9 453.1 460.7 468 474.6 480.2 484 489 490.1 492.5 496.8 500.8 505 510.3 507.4 496.4 505.5 512.2 516
325.4 329.2 335.1 337.3 337.8 338.9 343 346.5 347.8 348.4 350.1 350.1 350.5 350.7 350.7 350.7 350.4 349 349.2 351.4 354 356.3 358.8 360.5 362.4 364.9 367.7 370.5 373.3 374.7 375.2 375.5 375.8 376.1 376.7 377.6 379.8 382.2 383 383.8 383.9 383.8 384.4 386.3 388.2 389.3 393.1 396.6 400.1 402.7 406.3 410.3 414.3 418.1 422.9 428.6 433.4 437.9 442.7 448 455.5 463.5 470.2 476.1 481.2 488 492.6 494.5 498.4 497.2 498.2 504 506.8 495.7 495.6 500.7 509.1 513.1
329.1 331.6 334.2 337.4 338.6 341.2 345.6 348.5 349.1 349.1 349.6 350.7 350.8 350.9 350.9 350.9 350.9 349.4 348.7 348.9 351.4 354.3 355.3 356.6 360.8 363.2 366 368.8 371.3 373.3 373.7 374 374.3 374.9 375.9 376.8 378.8 380.6 381.5 382.3 381.7 381.8 383.7 385.7 388.1 389.9 392.3 395.6 399.1 402.4 406.3 410.3 414.3 418.7 425.7 432.8 439.3 442.5 446.3 452.2 460.2 466.6 472.3 478.7 486 492.4 497.8 499 502.7 501.9 500.4 496.6 496.7 489.5 494.1 500 505.4 506.8
331.3 333 335.2 338 340.1 344.7 348.5 348.9 348.8 348.8 348.9 348.8 350.9 350.4 349 349 348.5 348.6 348.9 348.5 350 352.5 352.7 354.5 360.1 361.9 364.5 367.2 370.2 371.9 372.2 372.6 373.5 374.4 375.3 376.1 377.4 378.6 379.7 380.3 379.2 381 383.9 386 388.1 390.5 392.8 395.2 398.2 402 406.1 410.6 416 422.4 430.5 437.4 443.2 446.8 452.5 459.8 466.8 472.4 477.3 483.2 491.4 499.1 500.6 500.5 502.3 508.9 510.6 500.3 489 487.4 489.5 497.6 501.6 500.5
333.1 334.8 336.6 338.9 345 348.8 349.6 348.8 348.8 350.2 350.9 350.9 349.3 349 348 346.7 346.3 346.5 346.6 346.8 349.2 351.2 349.9 351.3 355.7 359.4 362.6 365.8 369 369.8 370.7 371.8 372.7 373.5 374.2 374.9 375 376.5 377.9 378.5 379.3 381.1 383.5 386.2 388.7 391.2 393.7 396.2 398.8 402.5 406.6 411.7 418.4 425.3 432.9 439.9 445.2 450.2 457.1 465.3 473 478.5 485.8 493.4 499 501.6 501.7 502.4 505.9 510.6 511.2 503.4 485.4 482.8 482.9 488.5 494.5 492.7
335.4 337.3 337.9 341.9 347.5 349 348.8 348.8 348.8 350.2 350.8 349.9 349.4 348.4 347.4 345.8 343.9 343.6 343.9 345.4 347.8 350.2 351 348.9 352.5 357.5 360.6 363.7 366.8 368.6 369.7 370.8 371.6 371.8 372.5 373 372.6 374.3 375.6 376.9 378 380.1 382.5 385.5 388.6 391.6 394.7 397.2 400.4 403.8 407.3 412.6 419.1 426.6 433.1 440.4 447.3 453.5 461.9 471.2 480.9 489.2 501.6 510.3 512.2 507.4 503.1 504.3 511.3 513.7 508.1 500.6 481.6 478.4 475.8 476.2 479.3 478.8
339.8 339.1 338.9 342.8 347.2 349.4 350.9 349.3 348.9 350.6 349.9 348.9 348.9 348 346.6 344.7 341.9 340.6 341.4 343.9 346.2 348.2 349 348.4 351.6 355.9 359.7 362.6 364.9 366.4 367.7 369.1 369.2 369.3 369.5 369.5 370.6 372 373.3 375.6 377.4 379.5 381.7 384.7 387.7 390.8 394.2 397.2 400 404.1 408.5 413.5 419.8 427.6 434.2 441.2 449 457.9 469.3 479.7 489.7 501.1 511.6 515.4 515.8 507.6 504.7 510.2 513 514.8 507.1 496.4 479.2 473.5 471 464.8 463.4 462.4
341.7 341.7 342.1 344.6 348.9 348.8 348.8 349.8 349.9 348.8 349.5 348.9 350.5 347.5 345.4 343.4 341.4 339 339.3 342.1 343.5 343.9 345.2 347.5 350.7 355.6 360.7 360.9 362.7 364.2 365.5 366.5 365.9 366.4 366.6 368.8 368.9 370.9 373.4 375.6 377.4 379.1 381.4 384.6 387.9 390.9 394.1 397.7 401 405.4 410 414.4 420.7 428.1 435.2 442.9 450.5 459.5 471.5 483.8 493.8 503.5 512.4 517.1 510.4 506 512.5 519.4 511.9 509.4 505.1 492.5 475.5 465.9 458.3 453.9 450.7 449.1
343.5 345.5 346.7 348.6 350.6 351.6 349.8 348.8 349.1 349.2 349.1 348.9 350.5 350 345.8 343 340.2 339.1 339 339.6 340.3 340.3 342.4 345.7 349.8 355.1 359.9 360.6 360.4 362 363.9 363.6 362.4 362.8 365.3 368.6 369.5 371.2 373.6 375.5 377.3 379.5 382 385.1 388.8 392.4 396 399.5 402.9 406.1 410.7 415.3 421.2 428.2 435.9 443.2 451.8 461 470.4 483.5 494.2 502.2 511.1 511.7 506.2 507.3 514.5 514.7 506.6 504 499.2 482.4 466.4 459.6 451.5 446.4 443.7 443
345.7 348.5 350.4 352 351.7 351.3 351.3 349.5 349 349.1 349 348.9 349.4 348.4 345 341.3 338.9 338.6 338.4 338.2 338.6 338.4 340.7 344.7 348.8 353.1 356.5 358.5 359.1 360.1 361.4 360.3 358.8 359.5 363.6 367.4 370.3 371.4 373.7 375.6 378.1 380.6 383.1 385.6 389.2 392.9 396.5 400 403.9 406.9 411.4 416.1 421.6 429.2 436.3 444.8 453.6 462.2 471.4 479.9 489.5 497.2 504.5 505.7 505.7 519.6 520.1 512.6 503.9 494.7 484.3 475.5 459.6 453.7 448.7 442.9 440 439.4
347.5 348.9 351.4 351.6 351.7 351.6 349.2 350.3 348.8 348.8 348.8 350.6 349 347.4 343.9 340 338.1 337.6 337.3 337.1 336.8 337.4 339.8 343.4 347.9 350.9 355.3 355.9 356.4 357.3 358.4 359.4 355.7 360.1 364.2 367.3 369.5 371.5 373.9 376.3 378.7 381.1 383.5 385.9 388.8 392.4 396 399.5 403.8 407.8 412.2 416.7 422.6 430.5 437.7 446.1 454.4 462.7 469.1 475.5 483.3 491.2 497.2 501.1 510.7 525.4 519.8 512 498.7 487.6 476.8 465.7 450.4 448.8 448.2 440 435.9 435.5
350.8 349.9 350.2 351.2 351.4 351.3 349.5 351 349.1 348.8 348.8 350.3 348.1 344.8 342 339.3 337.1 335.8 335.7 335.6 335.5 336.6 338.8 341.9 346.6 350.3 353 353.3 353.7 353.8 352.1 351.4 357.9 361.2 363.6 365.8 368 370.2 373 375.6 378.1 380.7 383.2 385.6 388.2 391.7 395.4 399 403.7 409 413.3 417.6 426.4 433.3 438.3 445.9 453.5 459.9 465.9 472.8 478.9 486.4 492.5 499.9 513.4 520.1 518.3 504.9 490.7 480.8 467.7 456.9 450.9 444.7 442.1 434.5 433.4 434.8
351.1 350.6 350.3 350.9 351.1 352.5 351.5 351.6 350 348.8 348.9 348.7 345.7 342.2 339.6 338.3 336 333.9 333.8 333.6 334.1 335.9 337.8 340.1 343.5 348.3 350.7 351.5 350.3 348 348.6 353.7 356.9 360.2 362.2 364.3 366.5 369.2 372 374.7 377.3 379.8 382.4 385.4 388.1 391.4 395.1 399.3 404.3 409.3 414.9 419.6 427.7 433.5 438 444 449.8 456.3 463.5 471 476.9 482.3 488.1 498.1 508.9 514.3 509.5 497.1 485.8 474.9 456.4 446.3 442.9 440.6 437.7 434 434.7 434.8
351.5 351.2 351.2 351.2 352.3 353.6 352.7 352.7 351.4 349.9 349.4 347.1 344.6 342.4 339.4 337 334.4 332.5 331.9 332.4 333.1 335.1 336.6 339.1 341.7 344.4 347.2 348.8 347.1 343.2 349.4 352.5 355.4 358 360.5 362.9 365.3 368.1 371 373.8 376.4 379.5 382.6 385.5 388.3 391.6 395.5 400.5 405.5 410.8 416 421.9 428 432.8 436.8 442.6 448.7 457.3 463.6 467.4 473 480.2 485.1 493.9 501.1 506.3 498.7 490.6 482.2 464.9 448.3 439.8 439.7 439.6 435.1 434 434.8 434.8
354.1 356.1 356.4 355.4 353.9 354.4 354.2 353.7 352.6 351.7 349.5 347.1 345.1 342.3 340 337.7 332.7 329.7 329.4 329.8 332.2 333.6 335.5 338.1 339.4 340.6 343 343.9 342.1 342.5 347.8 350.8 353.2 355.7 358.2 361 364.2 367.4 370.2 373.1 376.3 379.8 382.9 385.7 388.5 391.8 396.8 401.8 406.7 411.9 418.4 424.9 430.4 433.1 437.7 443.5 450.6 457.4 460.3 463 468.6 474.9 480.3 484.9 491.5 495.1 492.1 485.1 472.9 455 440.5 439.9 439.3 438.8 435.2 432.5 434.8 434.8
358.2 360.3 360.1 359.3 357.3 356.2 356.7 354 351.7 350.3 349.4 347.7 345.6 342.8 340.4 338.3 334.9 330.9 329.1 329 328.8 332.1 333.6 334.9 336.2 338 339.3 340.4 339 341.1 346.1 349 350.9 353.5 356.5 359.5 362.7 366 369.3 372.5 376.3 380.5 383.9 386.3 388.5 392.9 398 403 408 413.9 420.3 427 431.9 434.8 438.9 445.2 450.9 454.7 456.3 459 464 469.8 473.3 476.7 478.2 480.8 479.6 471.9 463.9 452.3 440.6 440.7 441 437.8 435 434.6 434.8 434.8
364.3 366.4 365.5 362 359.6 359.1 359.6 356.6 351.6 348.8 347.9 346.6 346.3 343.7 341.2 339.1 336 332.1 329 328.6 328.2 328.7 330.8 332.3 334.6 335.4 336.1 336.6 337.5 340.7 344.3 348.2 349.7 353.7 356.7 359.6 362.5 365.9 369.3 373.3 377.8 382 385.4 388 390.7 396.3 399.1 403.7 408.9 415.2 421.8 428.4 433 437.2 440 444.1 448.1 450.7 452.3 456.8 461.9 466.1 469.9 470 471.6 472.1 469.8 467.2 462.6 451.6 439.6 440 439.2 435.5 433.7 431.9 434.8 434.8
374.6 373.4 370.2 365.7 363.4 363.7 361.6 357.8 349.7 347.3 345.2 344.4 344.2 343.1 341.9 339.1 336.1 333.3 329.7 327.9 326.9 327.3 328.4 331.1 332.7 332.8 333 334.2 339.2 341.1 344.6 348.1 351.1 354.1 358 361 363.7 366.9 370.8 374.8 379.3 383.6 386.8 389.4 393.8 398.4 401.5 404.8 409.7 415.7 422.3 428.2 432.6 438.3 444 446.9 445.4 447.3 449.1 453.5 457.6 459.9 464.1 467.8 470.5 470.1 469.1 465.7 458.5 443.1 435 433.6 433.4 430.7 430.6 436 435.2 436.4
382.2 377.7 369.9 368.7 368.6 368 365.7 360.4 352.7 347.3 344 342.8 342.8 342.4 340.3 338.5 336.3 333.8 331.6 328 326.4 326.2 326.9 328.8 330 330.3 331.8 336.3 339.3 341.2 344.7 348.1 352.1 355.1 358.8 362.3 365.4 368.8 372.7 376.8 380.8 385.1 388.4 393.1 397.6 401 404.7 407.9 412.3 417.4 422.3 427.1 432.8 439.1 445 449.9 450.3 445.6 445.6 448.3 451.8 457.2 462.2 467.6 471 470.8 469 460.4 446 434.1 429.5 428.8 428.9 430 436.1 440.1 438.4 439.8
388 383.2 376.8 374 373.5 372.5 371.4 366.2 358.7 349.7 344.5 342.3 342.2 342.5 339.7 338.1 335.9 331.9 330.6 328.2 326.5 325.6 325.7 328 328.9 330.6 333.2 336.1 339.1 341.2 344.8 348.1 352.1 356.2 359.7 363.4 367.3 370.9 374.7 378.8 382.9 387 392.3 397 401.2 406 410.7 413.7 417.3 420.1 424.3 428.1 434.4 440.9 445.2 447.9 449.1 442.6 441.4 444.6 450.7 457.6 462.3 466.7 469.2 470.3 460.5 448.3 441.3 432.3 428.1 428.2 428.8 434.6 440.2 440.8 442.4 442.9
399.3 391.1 383.6 380.7 379.5 378.8 378.8 380.1 369.6 357.1 348.5 344.4 342.3 342.1 339.8 337 333.3 330.4 329.1 328.3 326.5 325.1 325.1 326.8 329 331.2 333.9 336.2 338.9 341.7 344.8 348.1 352 356.2 360.3 364.8 368.7 372.7 377 381 385.1 390 396 401.4 406.3 411.1 415.9 421.7 425.8 427.5 429.2 432.3 436.6 442 446.4 447.8 450.3 440.8 438.3 443 450.3 455.9 458.3 460.3 461.9 459.2 448.2 441.9 437.6 429.9 428.4 428.4 429.8 436.8 440.7 441.7 443.5 446.6
408 401.2 389.7 387.7 391.7 389.2 384.9 381.3 376.1 367.7 355 347.7 343.7 340.1 338.9 335.4 332.2 330.4 329 328.4 327.1 325.2 324.2 326 328.3 331.6 333.9 336.4 339.1 341.7 344.8 348.1 352 356.1 360.3 365.1 370.2 374.8 379.4 383.4 387.6 393.1 398.9 404.7 410.3 416 422 431.2 436.4 439.1 442.5 442.2 438.7 441.3 446.2 446.5 446.2 439 433.6 440 449.4 451.1 451.9 452.6 451.4 444.6 436.6 437.3 435 428.8 427.7 429.4 433 438.3 442.1 443.1 444.2 447.5
399.7 401.3 394.5 392.9 400.1 401.7 398.9 389.7 379.1 372.8 359.3 351.8 346.4 340.4 337.4 334.4 331.9 330.6 330.2 329.1 327.5 325.1 322.8 325.1 328 331.9 333.5 336 338.7 341.6 345.1 348.4 352.1 356.1 360.2 364.9 370.3 375.7 380.9 385.1 391 396.5 402.2 408.1 414.8 423.5 431.8 438.9 447.3 454.4 458.3 457.8 455.4 442.9 441.6 442.5 440 434.6 429.2 437.4 447.2 448.7 444.4 441.6 435.5 435.5 435.6 435.6 430.6 427.7 428.2 430.9 435.5 439.5 442.8 443.7 445.8 451.5
393.1 393.8 392.4 398.8 407 410.1 403.9 399.6 391.7 378.4 363.1 355.4 351.2 346.2 341.6 335.9 331.8 331.3 330.8 328.2 326.3 325.2 323.5 325 328.2 330.6 332.8 335.4 338.3 341.9 345.5 349 352.7 356.5 360.5 366.1 371.5 376.2 381.5 388.1 394.4 400.5 406.9 413.4 421.6 432.4 442 450.5 458.1 463 466.8 464.6 462.3 457.8 447.4 436.6 433.1 429.2 426.4 433.4 443.4 441.2 435.6 433.6 433.8 433.8 434 433.6 431.8 428.1 428.7 432.3 435.9 440.5 442.9 443.9 448.6 456.9
384.9 383.5 385.9 393.5 403.8 404.7 399.5 394.9 389.4 381 369.8 362.4 356.2 350.7 344.4 338.2 332.6 331.6 330.6 327.8 325.3 324.1 323.1 323.7 326.4 329 331.4 334.1 338.1 341.8 345.6 349.9 354 358 362.4 367.6 372.3 376.6 382.2 388.6 396.7 405.4 413.5 422.3 433.8 443.1 453.3 459.2 464.2 466.2 467.6 466.5 464.2 460.8 453.6 439.9 432.1 426.9 422.7 428.7 436.8 432.5 432.1 432.8 432.9 433.1 432.7 428.9 427.7 428 429.4 432.7 436.5 440.6 443.7 446.3 451.8 461.9
374.8 375.5 376.6 379.1 379.7 381.6 382.4 388.4 387.9 379.2 371.1 363.8 357.7 352.8 347.1 340.3 334.5 330.3 329.6 327 324.5 322.7 321.9 322.1 324.2 326.8 329.4 332.6 336.6 341.2 345.3 350.2 355.1 359.6 363.6 368 372.2 377.1 382.7 389.4 399.4 409.3 415.9 425.3 435.5 446.5 454.8 461.5 465 465.8 463.9 462.8 461.8 459.4 452.1 440.7 432.9 425.9 423.5 423.5 423.6 427.3 430.4 432.3 433 432.7 430.3 426.9 427.7 428.6 430.2 435 436.7 440.1 446.2 449.2 455.2 464.7
367.6 365.5 365.3 370.6 373.4 374.3 374.2 382 378.4 374.2 368.9 360.7 356.6 350.7 345.1 340.9 335.3 330.5 328.6 325.4 322.7 321.4 320.6 321 322 324.8 328 331.2 335.2 339.8 345.3 350.3 355.3 360.3 364 367.8 372.6 377.5 383.1 390.2 397.7 406.8 414.5 424.1 433 443.6 452.7 460.9 462 462.7 460.7 459 456.6 453.5 447.5 441.9 430.5 424.8 423.4 423.5 423.5 425.3 429.7 430.4 432.4 432.2 426.1 427.1 428.4 429.7 434.9 439.2 438.6 439.6 445.9 450.3 456.6 464.9
362.7 360.6 358.3 361.3 364.4 365.3 363.8 365.8 367.9 369.8 367.3 360.7 355.3 348.5 344.2 340.3 335.4 330.6 327.7 323.9 321 320.5 320 320.5 321.1 323.2 326.6 329.8 333.8 338.6 344 350.1 355.1 359.8 364.3 368 373 378 384 390.9 397.1 404.5 413.5 422.7 430.2 440.8 449 455.5 459 461.5 461.3 458 452.8 451.1 448.4 442.8 434.5 423.5 423.5 423.5 423.4 423.5 429.4 428.6 428.3 427.3 426.6 427.7 429 433.7 439.4 441.1 440.4 441.6 445.3 451.4 458 465.1
357 355 353.6 353.1 355 354.3 353.4 355.9 356.6 357.9 360.2 359.6 356.3 348.4 342.3 338.5 335 330.4 326.9 323.1 321.2 320.3 319.6 319.3 320 321.3 324.5 328 332.9 337.5 342.9 349.3 354.8 359.6 364.5 368.9 373.6 378.5 384.4 391.2 397.6 404.4 413.4 421.5 427.8 435.4 442.1 450.2 455.9 459.2 458.2 454.2 453.4 451.7 450 446.2 439.4 424.8 423.4 423.5 423.5 423 420.9 420.8 423.4 425 427.9 428.7 431 434.6 438.1 440.2 441.4 442.7 445.7 450.4 460.3 466.3
349.3 348.6 348.2 346.2 347.6 347.4 344.8 346.1 347.9 351.6 351.2 353.7 351.3 347.6 340.8 335.7 332.7 328.5 325.4 322.3 321 320.8 320.7 319.1 318.7 319.7 322.4 327.2 332 336.8 342.4 349 354.4 359.4 364.3 369.5 374.2 379 384.4 390.6 396.6 403.5 411.5 420.6 425.3 436.2 439.8 447.1 453.5 456.4 454.8 454.3 453.9 452.7 452.9 451.1 440 425.6 423.5 423.5 423.5 423.5 423.5 423.5 422.8 426.1 428.7 430.9 432.6 435.7 439.1 440.2 441.3 443 445.6 449.8 460.9 466.1
341 342.5 344.6 341.9 337.7 337.3 337.8 339.5 341.4 346 349.1 349.8 347.3 344.9 340 332.2 329.6 327.2 324.4 322.6 321 321 320.9 320.7 319.4 318.3 321.7 326.8 331.6 336.4 342.2 348.6 353.9 359.1 364.2 369.3 374.2 378.9 383.9 389.8 395.9 401.9 408.2 415.3 422.8 436.2 441.6 448.3 452.1 455.2 454.4 452.8 452.9 452.4 453.3 444.1 431.4 424.2 423.5 423.5 423.5 423.4 423.5 423.5 422.7 425.6 429.2 430.9 433.7 437.3 440.2 441.8 442.2 443.4 446.6 449.4 455.9 461.1
335.3 336.4 338.6 335.4 331.4 330.8 333.6 335.7 337.9 340.1 342.4 343.1 342.1 340.5 335.9 329.4 328.1 326.8 325 323 320.8 320.8 320.7 320.5 321 317.1 321.1 326.1 331.3 337 342.8 348.3 353.4 358.6 363.9 369 373.6 378 383.1 388.6 394.6 400.2 405.9 413.1 421.7 432.4 440.3 448.1 452.6 454.8 452 450.7 450.8 448.7 446.6 433.9 427.4 423.5 423.5 423.5 423.5 423.5 423.5 423.5 423.4 425 427.4 428.6 433 436.7 439.4 443.1 442.6 444.2 446.1 448.2 450.2 454.5
332.8 330.7 327.5 327 326.1 325.8 326.8 330.4 333.6 336.1 338.2 338.2 337.7 336.1 330.8 329 330 331.3 331.4 324.4 321.5 320.6 320.5 320.7 320.5 316.7 321.2 326.3 331.6 337.3 343.1 348.2 353.1 358.2 363.5 368.6 373 377.3 382.2 387.2 392.8 398.5 405.8 413.2 421.2 431.2 440.5 446.5 448.8 449.9 449.6 449.4 448.4 445.7 440.9 433.6 423.9 423.5 423.5 423.5 423.5 423.5 423.4 423.5 423.5 422.4 424.9 428.4 430.7 434.7 438.7 441.8 441.9 443.2 445.2 447.3 450.1 453.1
329.6 328.1 322.7 321.4 321.2 321 319.7 322.2 327.9 331.3 334 334.8 335.6 334.1 329 329.1 330.2 330.5 330.3 325.9 322.6 320.7 319.2 319.5 313.8 318.6 322.2 326.6 332 337.6 343.2 348.2 353.1 357.9 363.2 368.5 372.9 377.4 382.5 387.4 392.7 398.1 405.2 412.9 421.7 430.7 439.9 443.3 446.1 446.5 446.2 444.6 448.3 443.2 432.7 423.5 423.5 423.5 423.5 423.5 423.4 423.5 423.5 423.5 423.5 423.4 420.6 426.2 429.5 433.6 438.4 440.8 440.9 442.4 444.4 447.1 450.2 454.9
323 320.5 318.3 316.7 316 316.1 315.4 317 321.3 327 330.6 332.9 333.7 331 328.9 328.4 328.1 327.3 326.2 323.4 320.2 321.1 320.5 317.9 310 316.8 321.8 326.1 331.7 337.6 343 348.6 354.2 359.3 363.9 369.4 373.5 377.8 383.1 389.3 394.1 399.6 405.5 413.1 421.5 428.2 435.4 439.6 443.6 446.3 443.1 441.4 437.2 431.1 425.2 423.5 423.5 423.5 423.5 423.5 423.5 423.5 423.4 423.5 423.5 423.5 423.5 425.4 428.9 435.7 441.1 439.8 439.4 441.2 443.1 447.7 451.8 456.6
