app/static/ascii/NO06.asc
ncols 200
nrows 200
xllcorner 300000
yllcorner 760000
cellsize 50
[rows 35 to 69 of 200, columns 0 to 77 of 200]
678.9 668.8 655 648 642.6 636.2 626 616.8 612.7 608.6 606.6 601.2 595.6 592.8 591.8 589 582 571.7 566.8 563.4 560.6 557.9 552.4 550 551.7 551.6 544.9 542.2 535.1 531.8 527.4 525.2 522.9 517.8 516 509 505.8 499.8 496.6 499 500 500.8 501.8 507.2 514.3 518.7 525.9 527.5 518.1 507.8 484.2 468.9 463.7 462.2 461.5 463.8 468 472.3 476.6 478.4 478.4 475.9 473 470.4 467.4 462.4 458.2 452.4 445.6 436.6 427.6 417.7 402.2 390.9 381.8 375.7 368.4 360.6
670.3 660.7 649.4 643.4 637.3 633.1 624 616.7 610.9 602.1 600.8 598 593.2 586.2 587.4 581.4 572.7 565.3 560.9 558.7 557.2 554.1 549.3 549.8 551.2 548.3 541.4 536.8 532 529.5 528.3 528.1 526.2 521.6 517.1 510.2 504.9 500.6 492.2 493.8 493 493 493.7 500.3 500.4 501.7 512.9 516.6 511.1 506.8 482.8 468.5 462.9 461 461.2 465.2 469.2 477.4 481.6 483.2 483.3 479.9 478 476.2 472.4 469.5 465.4 459.1 453.3 442.6 433.8 424.1 406.2 395.2 386.3 378.6 371.6 362.6
661.1 650.6 640 636 630.7 626.8 620.5 615.5 607.6 601 597.7 591.6 586.3 579.9 577.7 574.3 567.1 561.1 558.2 555.7 553.7 551 547.8 549 548.9 541.7 538.1 532.8 528.6 528.8 531 529.2 527.8 523.2 519.7 513.6 505 499.4 491.4 488.8 487.6 487.2 487.2 491.7 491.4 494.8 502.8 499.2 499.6 496.4 477.8 467.6 461.7 459.5 459.6 464.5 470.3 479.3 485.1 486.4 486 482.5 481.5 479.9 477.4 474.8 472.6 466.2 459.9 449.6 439.8 430 413.5 400.5 389.2 380.2 374.7 363.9
648 638.4 629.8 624.6 621.6 619.6 614.1 612.7 610 596.6 592 589.7 584.6 579.5 572.5 567.6 562 558.9 556.6 553.8 551.4 547.9 545.2 546.1 543.2 539.7 536.7 534 532.1 532.8 532.7 532.8 531 527.7 524.9 516.5 507 497.6 490.8 486.8 482.6 482.2 482.6 484.8 485.4 489 489.2 487.1 489.8 479.2 472.4 465.5 459.9 457.6 458.6 462.8 470.3 478.1 485.5 489.5 488.5 483.8 482.8 483.5 480.5 480.5 477.7 471 464.9 454.8 448 434 419.5 407 392.5 382.7 375.5 367.1
632.9 626.9 617.7 617.8 615.2 612 608.6 607.8 602.9 594.3 587.6 586.3 582.5 577.2 570.9 566.8 562.4 558.5 557 554.3 551.4 548 544.5 542.5 540.7 536.9 539.5 539 535.1 537.6 537.2 534 534.7 533.8 528 518.9 507.3 497 490.9 487.5 484.7 481 477.3 480.5 481 482 477.8 478 475 469.2 467.2 460.4 457 456.1 457 461.9 468.8 475.6 482.6 489.5 486.5 484.3 483.1 481.4 479.8 482.1 480.7 477 468 461.8 457.2 441 426.9 411.4 395.3 386.9 379.3 371.2
624.6 617.6 608.7 609.1 610.2 609.3 603.1 597.9 595.5 588.9 585 581.3 577.9 574.4 570.3 565.9 561.3 559.5 557 553.6 550.4 547.3 544.2 542.4 540.7 540.8 540.5 541 540.3 540 540 538 541.5 539.9 533.5 521.4 507.9 496.3 490.9 488.1 485.2 481.3 477.9 474.3 475.6 473.5 469.4 467.5 464.7 461.9 460.9 457.7 455.7 454.4 454.8 458.5 462.6 469.2 477.3 481.9 479.5 481.2 481.3 478.2 478.1 478.6 480.6 481.5 475.1 467.8 463.6 443.6 434.8 412.7 398.6 393.1 385.9 375.4
616.3 607.8 603.8 602.8 604.8 602.3 598.8 594.2 589.8 586.7 581.8 578.2 573.2 572.2 567.7 564.2 560.1 556.9 554.6 550.9 547.6 545.7 543.6 543.3 543.2 543.3 542.8 541.8 542 542 540.6 542.6 546.1 542 536.7 524.7 513.1 501.5 492.3 488.2 486.2 484.7 480.8 472.7 471.3 468.2 464.6 462.2 459.7 458.8 457.5 455.8 454.3 452.5 452.3 452.4 457.1 461.1 466.2 470.3 470.5 474.2 476.1 473.7 471.1 473.3 475.7 479.8 476.1 473 467.6 452.7 434.3 416.7 404.6 399.2 390.8 376.7
611.4 601.6 599.8 596.7 598.3 596.4 593.1 591.4 587 580.3 579.1 577.6 572.3 565.3 562.9 560.4 557.9 553.8 550.5 547.7 543.3 543.5 542.9 543.6 543.2 543.4 542.6 543.5 543 544.1 543.4 543.5 545.2 543.2 536.8 526 516.6 506.4 495.6 491 489.7 488.4 484.7 477.1 467.1 463.5 461.2 459.1 456.8 455.6 454.7 453.4 452.1 450.3 449.2 449 448.9 449.7 450.5 456.2 459.1 464.1 464.8 466.5 464.8 465.2 468.5 472.6 473.2 471.1 473.4 459.8 434.8 422.3 412.4 405.3 392.4 380.1
603.4 595.6 594.1 594.1 592.3 589.4 586.9 586.7 583.4 578.2 573.1 572.8 569.7 564 558.7 556.5 554.7 551.9 548.5 544.3 541.6 541.3 542.3 542.9 543.3 543.3 544 543.2 545.5 545.3 545 545 545 543.4 538.5 529.6 520.9 511.4 498.4 497.3 497.7 493.5 488.1 481.5 475.4 469.1 464.9 460 452.6 452.1 451.9 451.3 450.1 448.1 447.2 447.1 447.2 446.9 446.6 445.4 446.8 449.1 452 456 454.5 456 460.3 461.6 464.7 464 467.7 450.5 438.9 429.2 419.8 409.3 395.4 381.4
596.1 592.5 590 588.3 587.4 584.8 581.7 579.5 575.6 573.2 568.5 567.6 565 560.7 556.2 553.6 551.2 548.6 545.7 542.7 539.3 540 541.3 542.1 542.7 543.3 543.7 545.8 546.6 547.3 547.2 547.6 546 544 540.4 532 525 515.4 506.4 507.3 505.3 500.3 491.4 485.4 478.7 474.2 470.2 462.2 457 453.2 448.4 449.1 447.8 446 444.8 445.4 445.9 445.6 445.4 443.2 442.2 441.9 445.6 446.5 441.9 446 449.1 447.8 455.6 451.1 454.6 450.2 440.6 430.6 424.4 413 398.7 385.5
592.2 585.7 585.2 586.1 583.8 580.8 578.5 577 573.7 571.7 569.2 563.6 561.9 558.1 553.2 551.8 548.2 544.4 542 539.5 536.8 537.3 538.1 540.8 540.5 542.8 545.2 548.1 549.6 550.8 551.7 550.4 548.4 547 544.8 536.6 531.6 521.5 518.4 515.7 512.3 505.3 496.9 488.9 481.7 478.5 472.6 464.7 461.6 457.5 452.3 449.7 447.5 446.7 445 442.5 443.8 445.2 443.4 442 441.4 440.5 439.9 435.9 433.2 431.3 430.2 428.5 432.7 435.8 439 443.1 438.1 431.1 424.6 416 400.5 385.6
584.2 579.3 578.3 578.7 579.4 572.3 572.3 574.3 571.8 566.4 562.6 556.6 556.4 555.6 549 547 543.4 539.7 537.3 536.4 534.6 535.3 535.7 536.4 539 540.7 545.3 549 551.4 553.9 556.2 556.8 555.7 554.4 552.7 544.5 536.3 530.9 527 526.8 520 511.7 499.2 486.8 483.4 480.9 471.5 467.8 465.3 460.5 455.6 451.7 449.1 447.6 446.7 444.6 442.4 442 441.8 441.8 440.3 438.3 435.8 432.8 430.5 428 425.8 423.9 422.2 424.5 429.6 433.8 433.3 430.8 423.8 416.9 400.3 389.6
578.8 576 574.4 570.2 569.1 568.3 566.8 567 563.9 560.7 555.7 552.4 552.1 550.9 546.1 541.8 537.9 535.3 535.3 534.1 532.2 533.5 532.8 532.7 538 541.7 545.3 549.2 552.7 556.5 564.7 567.2 566.2 566 560.5 553.3 546.2 541.4 540.2 539.8 528 513.3 499.4 488.9 484.5 479.3 473.1 469.7 467.3 461.9 456.8 453.4 451.7 450.1 448.1 446.1 443.5 441.8 439.9 440 438.6 436.6 434 431.5 429 426.9 425 423.1 421.4 420.2 422.6 427.2 428.2 429.2 424 416.6 401.3 392.7
575.7 573.4 570.9 570.7 567.2 564 560.4 559.8 557.1 554.8 549.6 548 548.2 547.6 543 537.7 533.7 531.8 533.2 532.8 529.8 530.8 529.8 532.4 535.1 539.7 544.4 548 553.1 561.2 572.6 579.2 576.6 575.6 571.6 564.5 558.5 551.5 554.4 548.5 534 514.9 500.7 491.8 485.7 479.4 473.7 469.8 465.8 461.6 457.2 454.9 453.2 451.5 449.5 447.2 445.5 442.8 438.2 433.5 435.2 434 431 429.6 427.5 425.8 424.2 422.4 420.7 418.6 419.1 420.8 423.4 425.9 421 413.9 404.2 393.9
576.5 571.7 567.7 566.8 563.4 557.8 555 555.8 555.3 553 548.6 544.4 543 541 538.2 534.8 530.4 529.8 530 529 526.7 527.6 527.6 528.6 535.1 537.8 542.6 546 552.4 561.2 574.5 582.7 584.3 580.2 577.8 575.3 570.3 563.8 568.2 557.9 536.7 515.4 500.5 494.6 486.2 479.4 475.2 470.4 463.7 460.1 458.8 457.1 454.6 452.8 450.7 448.4 446 442.2 439.5 436.5 431.2 430.4 427.3 426.1 425.7 424 422.4 421.3 417.7 415.7 418 419 420.8 421.6 416.6 412.7 404.8 394.6
574.6 570.2 564.8 560.4 556.6 554.5 549.5 551.7 551.4 548.3 544.3 542.9 538.1 535.4 533.8 530.6 527.3 526.9 526.9 525.3 524 525.3 526.2 529 533.3 535.9 540 544.3 550.2 558.6 569.3 578.8 584 582 583 584.1 576.8 576.1 576 556.2 534.9 516.9 501.7 495.9 486 479.6 474.9 470.6 465.5 463.1 461.1 458.6 456.2 454.2 451.5 448.3 446.6 444 441.1 438.5 434.1 430.3 427.4 421.3 423 420.6 419.8 416.9 413 412.4 416.2 417.7 418.2 416.6 410.8 409.9 404.1 397.3
571.5 567.6 562.1 557 552.7 551.5 549.1 544.4 539.2 540.7 541.7 541.3 536.6 531.5 530 526.8 524.2 523.8 523.3 522.1 522.1 522.4 525.7 528 531.3 534.8 538.3 543.1 548.7 555.1 562.5 572 577.3 582.9 588.8 588.1 581.2 586.7 579.6 554.7 534 517.1 504.1 496.2 488.3 480.2 475.8 471.4 469 465.8 463.2 460.1 457.6 455.1 452.5 451.1 448.6 445.6 444.1 441.2 437.3 434.7 429.2 424.9 421.1 418.4 415.2 413 415.7 409.9 412.2 412.5 411.4 409 406.8 405.3 402.8 397.4
568.5 563.7 558.9 555.8 552.2 552.3 550 548.3 543.2 536.6 538.9 537.1 531.6 526.2 525.4 522.5 520.7 520.2 520.5 520.3 519.7 521.9 524 526.5 529.3 533.2 537 540.6 545.7 551.3 557.4 563.7 570.8 581 588.8 588.3 587.4 594.2 584.1 554 535 519.6 511.4 501.8 491.8 482.7 477.8 473 470.5 467.8 464.4 462.2 459.7 457 454.6 453.3 449.8 447.9 447.3 444.2 440.9 437.8 432.4 427.7 423.7 420.7 419 418.4 416.9 413.3 408.9 404.4 404.4 403.6 401.8 399.5 399.9 396.5
565.9 561.2 560 557.5 551.8 548.1 546.3 546.3 540.1 532.9 531.6 530.8 527.5 522.3 519.4 517.2 517.1 518.4 518.2 517.9 517.2 518.7 521.6 522 527.1 530.8 534.1 536.6 542.9 548.2 554.7 560.3 566.6 577.1 584.5 587.8 592.5 597.3 586.4 557.7 537.9 525.9 515.9 505.8 495.4 486.1 480.5 475.5 471.5 469.3 466.9 465.6 463.7 461.1 458.1 455.4 453.2 451.8 449.8 447.2 443.6 437.2 435.8 432.2 426.9 422.8 420.2 418.2 416.5 414.7 412.8 409.2 400.8 399.6 397.6 397.4 398.1 395.8
566.9 567.1 563.6 559.6 552.6 548.7 545.8 538.3 538.4 534.2 529.6 522.9 519.6 515.8 514.9 514.4 515.9 516.3 515.6 515.2 514.6 515.3 517.4 521 523.7 527 530.2 534.4 541.1 545.1 552.8 559.3 566 574.5 581 586.1 597.7 601.7 592.7 561.7 544.6 533.3 522.8 512.4 497.9 489.8 483.4 478.5 474.3 471.9 471.2 470.3 468.7 466.9 464.2 460.5 459.2 456.4 455 452.6 449.4 446.4 440.8 435.9 430.4 424.3 421 417.9 415.3 413.1 411.1 409.4 406.6 402.6 395.9 391 392.2 391.1
571 568 563.4 556.7 551.7 547.9 541.1 536 534 532.6 526.3 521.3 518 516.2 511.9 514.2 514.5 514.5 512.9 512.5 510.9 511.1 513.3 517.9 520.4 522.8 526.8 531.7 536.8 543 550.7 558.5 568 574.7 580.1 588.8 600.5 602.1 590.9 567.4 550.3 544.8 528.3 515.1 500.1 492.3 486.2 481.7 477.8 476.4 476.7 476.3 474.8 474.2 471.5 468.6 466.4 462.9 461.1 459.1 456.2 451 444.8 439.2 433.6 427.8 423.5 419.8 417.1 415.5 412.7 408.8 406.3 403.4 398 395 388.4 381.8
575.3 567.7 558.1 553.9 554.5 551.1 545.3 538.7 535.4 529.2 521.1 516.1 517.8 516.7 508.4 512.5 511.7 512.1 510.5 509.1 507.7 509.1 511.5 513.9 516.6 519.8 523.1 528.6 533.9 541.5 550.3 558.9 568.3 574.7 580.1 595.3 604.2 602.3 584.7 572.7 559.5 555.2 533.5 516.8 502.1 494.7 489.2 483.5 481.6 481.1 483.4 482.9 483.9 485 484 481.4 473.5 470 467.8 464.5 458.3 454.9 449.6 443.3 437.4 431.3 425.6 422.8 419.7 417.9 415.4 412 409.2 406.8 403.7 402.3 398.3 391.7
575.8 567 561.5 557.7 552.8 549.7 546.6 543.6 539.6 529.8 520.7 516.3 513.9 513.9 507.4 510.2 509.8 509 506.9 506.5 505.8 506.7 509.1 509.9 512.1 516 519.4 523.7 531.2 541.1 550.7 560.1 568.1 574.7 583.3 599.2 607.1 601 582.5 576.3 567.1 558.3 536.1 516.3 503.9 498.5 491.6 484.9 484.1 486.1 490.7 493.4 494.9 497.9 500.2 495.9 484.4 480.1 477 470.6 464.5 458.2 451.6 447.5 442 435.7 430 425.6 422.6 420.1 417.7 414.6 412.8 410.6 408.8 405.2 402 397.1
576 570.9 567.5 562.7 557.3 552 549.4 544.5 534.9 523.4 518.2 516.9 513.9 507.3 505.2 508 507.9 504.9 505 504.9 502.6 505.2 506 506 507.5 511.3 515.8 521.7 531.1 539.9 552 559.6 567.2 574.8 588.3 601.6 609 596.2 582.8 576.9 567.4 555.7 532.5 515.4 507.4 500.6 493 486.9 487.5 491.9 498.4 502.6 505.5 512.2 513 506.6 497.2 492 486.6 485.7 476.4 465.8 456.6 450.9 445.3 439.2 432.7 427.9 425.4 422.8 420.1 418.2 416.3 414.5 411.3 407.7 403.7 398.6
574.6 573.2 570.3 567 561.9 558 551.8 545.2 536.4 527.6 522 515.6 511.1 507.8 503.2 502.5 504.7 503.3 503.4 501.9 500.3 502.6 503.1 503 503.7 506.4 512.9 519.7 528.5 539.3 549.7 557.4 566 575.1 593.5 604.1 601.7 587.8 579 567.5 565.7 549.8 533.6 519.1 509 499.1 492.1 489.3 490.1 495.4 506.3 509.6 514.2 525.4 523.7 516.7 511.6 504.7 498.8 499.4 489.4 471 460.6 454 448.3 442.1 436 431.8 429.1 426.8 424.6 422.5 420.2 417.6 414.7 411.2 408.6 402.1
573 572.7 571.3 568.6 562.9 556.2 550.6 546.1 539.6 529.9 522.4 518.6 514.3 507.2 502.4 499.9 499.8 500.6 501.5 499 497.8 499.6 501.4 500.5 500.7 503.8 507.8 514.9 524.6 536.4 546 554.5 564.5 577.3 592.5 602 593.7 576.4 565.8 559.8 554.8 544 530.9 516.8 507.8 497.1 491.2 489.8 490.3 500 510.9 515.2 522.7 536.1 537.4 529.9 526.9 517.2 514 510.6 499.3 478 465.2 458.2 452.4 446.7 440.6 435.3 432.9 430 427.8 425.6 422.6 419.5 417.8 412.6 409.3 403.7
572.5 569.7 567.8 566.1 560.6 557.3 552.6 549.1 541.4 533.1 524.8 520 513 508.1 503.1 499.9 496.2 497.9 497.8 495.5 497.2 498.2 499.1 497.6 498.3 501.2 505.2 512.3 521.9 532.3 541.5 551.3 561.3 577.1 589.2 593.5 582.3 566.5 553.8 550.7 541.6 532 521.6 512.1 501.9 491.7 489.3 487.7 489.7 498.5 511.1 515.8 527.4 538.9 545.3 545.5 540.8 534.2 531.2 527.3 512.9 483 472.4 463.7 457.6 451.8 444.9 439.4 436.9 433.2 430.9 428.1 423.6 420.9 419.3 414.3 414 407.8
563.4 563 562.2 561.2 556.9 553.5 552.3 546.7 537.5 532.1 527.1 520.5 511.1 506 501.9 498.8 495.7 494.8 495.4 494.2 494.5 495.7 496.5 495.8 496.8 499.7 502.8 508.8 518.2 526.4 538.8 547.3 557.1 573.4 583.7 584.1 573.1 555.9 542.9 539.7 524.5 520.2 512 504.5 494.8 486.8 484.3 484.7 489.3 496.7 508.9 515 522.8 540.7 548.9 554.4 550.7 547.2 551.5 549.5 521 490.5 480.1 469.9 461.6 456.4 449.1 444 441.8 437.6 433.8 430.1 427.5 425.5 423.9 421.4 418.5 414.7
555.9 558.8 556.2 552.7 550.4 546.7 547.2 543.4 537.3 533.1 525.6 520 512.1 504.6 501.1 497.6 494 491.7 493.2 493.1 492.3 492.9 493.5 493 495.4 498.4 499.2 506.9 515.6 522.6 534 544 555.7 567 575.3 570.9 559.9 544.9 531.5 523.2 514.1 507.7 505.4 493.3 487 482.8 482.1 482.8 485.9 495.1 507.2 514.7 519.2 534.3 547 557.9 556.4 560.1 567.9 563.9 529.5 500.1 487.4 477.8 466.7 458.8 454 449.7 445.7 441.6 437 434.7 431.5 428.9 426.4 424 421.7 418.3
548.9 550.2 547.3 541.9 542.4 540.2 539.3 538.2 532.2 527.5 524 518.7 510 504.5 500.2 497.1 494.9 489.5 490.1 491.2 490.2 489.8 491.2 490.5 494.2 496.9 497.9 505.5 513.2 520.5 529.7 540 552.5 561.8 565.7 559.4 550.3 535 518.6 509.2 505 498 494.2 484.8 480.6 479.4 478.2 481 485.2 491.2 501.1 504.6 513.6 530.8 544.2 554.7 558.3 565.8 578.6 574.2 540.6 504.9 495 485.7 474.2 466 458.4 452.4 448.4 444.8 440.1 437.4 436.1 432 428.6 426.3 424.2 421.8
543.8 540.7 538.1 533.2 536.6 536 536.6 534.9 525.5 524.5 524 519.5 510.9 506.4 498.6 495.4 491.9 487.6 487.1 488.8 489 488.6 489.1 489.4 492.4 493.8 494.8 504.1 511.1 519.9 526.6 538.4 549.1 556.6 557.9 552.3 541.6 522.4 510.1 503.5 500.6 492.5 484.7 480.2 477.7 477 476.5 479.4 483 490.2 496.2 503 510.8 532.1 542.5 550.8 556.1 565.1 582.4 577.3 546.1 510.8 503.1 492.2 482.6 470.9 463.3 456.8 452 447.5 443.8 439.5 437.6 433.7 430.9 428.2 425.6 423.4
537.1 531.7 531 525.4 523.6 528.5 535.8 528.5 520.8 520.9 520.1 517.3 512.4 505.7 496.6 493.2 489.4 485 485.3 486.4 486.5 485.7 485.6 488.1 490.6 490.6 497.7 503.7 510.8 519.2 526.8 536.8 546.8 553.4 555.3 545.3 533.2 510.8 503.6 495.2 491.4 483.1 478.3 477 474.8 473.7 473.7 478.5 482.6 488 495.1 502.3 509.2 529.8 539.8 545.1 551.6 567.5 584.6 583.1 547.6 518.4 511.2 500.3 489.3 476.4 469 462.3 454.3 449.5 446.7 442.3 437.3 435 433.3 430.1 427.5 425.5
536.9 528.9 522.4 519.3 517.7 521.7 529 522.6 517.4 516.6 515.6 512.8 508.2 499.9 495.6 491.4 487.3 484.1 483 484.1 484 482.6 484.6 486.2 486.9 491.5 497.4 503.5 511.5 520 527 537 545 553.3 552 539.8 519.5 509.1 498.3 489.6 482.9 481.2 474.6 474.7 471.2 470.8 473.2 478.3 481.7 488.7 495.4 501.4 510.9 523.7 534.5 540.1 547.4 565.4 579 586.5 559.9 526.7 515.9 512.2 494.5 481.7 473.3 464.8 457.2 451.6 448.4 444.5 439.6 437.1 434.6 432.1 429.7 427.4
537.5 532.4 522.1 514.6 514.5 516.4 520 516.8 513.3 511.4 511.5 509 502.2 496.3 492.1 487.9 484.4 481.3 480.1 481.6 481.6 481 483.6 485.1 484.8 487.1 496.8 504.7 512.5 519.8 527.7 537.6 545.6 551.5 548.1 532.4 516.8 506 491.3 483.8 476.6 472.7 469.7 468.6 467.9 468.4 471.6 476 481.7 488.2 495.1 501.1 507.7 516.9 528.8 533.3 544.1 561.7 576 582.7 562 533.9 522.2 512.2 497.6 488.3 477.8 467 458.8 454.5 450.1 447.3 442.7 438.5 435.6 433.1 430.8 428.5
537.8 527.4 522.6 514 510.4 508.3 508.7 505.7 506.4 506.5 510.1 504.7 499.3 493.9 487.5 483.6 481.6 480.1 477.3 479.2 478.9 480.7 482.4 483.7 483.4 484.7 496.2 504.7 512.2 519.3 529.1 539.4 547.4 552.5 548.2 525.9 510.2 500.5 489.4 481 473.4 469 465 464.8 465.6 465.8 470 476.4 482.9 489.1 494 499.4 505.8 514 521.1 528.5 546.4 558 566.2 573.9 562.5 539.9 528.9 516.7 503.2 494.7 483 471 463.3 458.4 453 449.5 446 441.9 440.5 436 432.1 430.3
