app/static/ascii/NO07.asc
ncols 200
nrows 200
xllcorner 300000
yllcorner 770000
cellsize 50
[rows 140 to 174 of 200, columns 78 to 155 of 200]
725.6 714.4 697 680.4 663 653.1 642.7 632.9 619.5 609.1 598.7 590.3 584 578.6 575.6 577.2 576.6 576.8 575.2 573.7 572.4 572 571.2 570.7 570 570.1 570.6 570.8 567.9 569.2 572.9 574.7 580.1 587.2 592.3 596.2 602.9 606.8 609.3 608 604 596.4 591.4 578.6 561.3 568.3 574.3 572.6 560.3 580.6 608.4 625.9 646.6 668.6 687.9 706.8 720.8 734.3 741.6 744.9 741.6 735.1 722.1 711.2 693.9 684.4 675.8 662.9 650.1 641 634.2 628.5 635 635.2 640.2 646.9 655.8 663.7
724.3 714.9 701.5 688.5 671.6 655.6 647.2 639.8 626.8 621 613.1 605.4 598.7 590.8 585.3 577.5 571.8 570.9 571 570.1 568.3 566.3 562.9 561.5 559.1 558.1 557.6 557 554.3 555.7 559.7 560.2 560.2 568.2 575.2 580.6 587.6 594.7 598.9 599.7 597.1 590.7 586.8 580.3 568.9 553.3 561.9 562.8 553.4 573.3 597.2 619.7 636.2 656.6 679.8 696.9 713.4 725.7 733.4 739 731.2 726.3 717.4 697.6 688.3 680.2 669.1 656.7 646.2 636.6 628.5 628.2 630.6 631.6 636.6 642.1 651.7 658.6
722.4 714.4 699.1 689.8 678.2 664.4 655.8 647.8 639.4 637.9 632.6 625.7 617.1 608.1 601.8 596.3 591.1 582 577.2 571.3 570 571.5 570.7 569.1 568 566.8 565.2 561.6 557.3 553.9 551 553.6 548 550.2 555.5 564 569.6 577.7 584.2 589.3 589.5 585.9 580.9 574.1 566.9 556.9 546.8 551 545.5 567.9 585.7 604.2 624.7 647.9 666.8 685.2 702.3 715.8 725.2 726.5 720.6 715 705.1 693.4 681.8 673.9 663.4 651.8 639.3 630.1 624.7 623 625.4 627.8 632.3 637.2 645.1 657.6
723.6 715.4 703.9 695.3 687 674.1 666.4 659.7 656.6 651.8 648.1 640.7 632.7 625.5 621.9 613.6 607.2 599.4 594.3 590.5 588.1 589.5 590.3 588.6 587 583.7 582.4 580.9 577.8 574.6 571.3 565.1 558.4 553.4 545.5 547.3 554.5 563.2 567.5 572.5 574.1 578.3 573.9 569.9 562.4 557.3 540 535.9 542.8 556.2 572 587.3 606.9 631.7 653.3 668.3 682.3 698.8 706.5 706.1 714.1 706.8 699.7 688.2 676.3 666.4 655.7 642.3 633.2 623.1 619.1 611.4 619.2 623.1 627.7 633 640.3 653.2
727.2 721.2 711.4 705.3 696.4 689.9 681.4 674.8 672.9 669.4 663.4 656.6 648.7 639.7 634 625.9 619.1 611.9 610.2 607.3 607.7 608.3 605.6 603.9 600.5 598.6 596.4 596.6 594.9 592.5 588.6 581.3 574.2 566.5 555.9 550.4 540.3 546.9 552.2 557.7 563.7 564.2 565.7 559.3 560.2 550.8 545.6 521.4 527.1 543.6 556.5 571.6 589.6 607.3 630.6 648 660.8 675.3 685.1 693.9 701.2 699.9 694.8 684.4 674.9 659.2 645.2 635.3 625.6 618.5 611.7 602.3 611.8 616.8 623 629.7 637.8 648.7
728.9 726.8 722.3 717.1 709.3 704.3 699.3 693.9 690.5 687.9 681.5 670.8 660.8 654 645.1 637.2 629.2 628.5 626.1 624.3 624.8 625.6 622.7 621.6 620.1 608.5 611.4 612.3 611.8 609.2 603.3 595.9 588.4 576.2 568.8 559.6 550.3 537.1 541 546 547.4 551.3 550.3 549.6 550.9 544.8 540 525.6 513.4 528.3 540.7 554.5 567 585.2 609.9 634.4 650.8 661.5 671.2 679.3 687.7 688.5 685.4 676.8 665 649.6 637.3 627.9 620.5 613.4 607.1 601.2 607.7 612.2 617.9 627.9 635.5 647.8
730.5 732.2 730 727.2 723.1 718.9 715.8 714 711.9 707.5 699.3 688.4 676.2 667.2 655.4 647.1 644.2 643.8 641.7 643.1 642.7 644.6 644.4 644.2 636 629.3 633.5 634.3 633.4 628.2 622.6 611.3 603.2 591.3 579.2 572 559.9 547.9 536.7 530.2 535.7 539.7 538 539.9 534.4 533.6 525.9 519.7 502.8 514.7 525.2 539.9 549.7 567.2 585.4 613.1 631.5 642.1 653 663.2 672 674.1 675.2 667 655.8 644.1 628.2 621.4 613.5 606.8 600.9 586.2 602.7 610.6 616.6 625.3 635.2 648.6
732.2 737.5 737.4 736.8 733 730.1 726.7 725.3 725.9 722.3 713.2 700.4 685.4 677.6 663.8 659.9 659.1 659.1 660.8 662.1 665 667.6 667.7 664 655.5 648 652.7 653.2 651.5 648.4 642.6 634.6 618.2 603.8 590.9 578.1 567.5 553.6 543.3 538.4 532.1 526 515.5 511.2 511.7 504.5 509.1 509 497.8 498.7 509 523.4 535.4 547.2 568.3 586 606.7 624.4 635.8 644.3 653.5 656 660 652.8 643.1 637.4 620.5 612.7 605.2 599.8 592.6 583.1 596.5 605.9 615.2 622.5 635.1 647.3
726.3 738.1 742.9 741.6 739.5 736.4 731.4 728.6 728.4 724.1 715.6 707.4 695.6 681.5 673 674 673.8 678.6 682.6 686.7 689 689.7 689.1 683.6 672.2 666 670.9 675.4 677 667.7 659.8 649.3 633.4 616.7 599.5 584.2 567.9 556.7 555.9 551.8 543.3 533.8 535.6 530.8 527 517.5 506.5 490.3 493.4 491.6 492.1 506.6 520.4 532.6 548.1 565.7 579.4 597.7 610.8 624 634.2 641 645.7 640.8 637.6 628.5 617.1 599.7 593.2 584.1 578.4 569.7 588.9 598 609 620 632.4 645
717.3 731.6 742.5 746.7 745 737 728.8 724.8 724.6 722.7 715.6 709.6 701.3 689.4 684.7 688.5 691.5 697.4 700.9 706.4 710.4 710.6 707.8 698.7 687.7 681.2 690.2 698.2 694.7 690.8 678.2 665.4 648.3 631.9 611 589.4 574.6 577.6 580.6 577.3 571.9 565.7 557.9 549.5 542.8 534.5 525.6 511.1 501.1 490.3 480.6 485.1 500 513 528.1 542.8 557.1 570.9 587 601.8 612.4 621.2 624.9 629.5 622.5 614.4 603.3 591.7 582.1 570 563.1 566.1 579 590 601.2 613 624.9 639.7
712.6 729.6 743.5 749.8 752.9 748.6 733.9 723.6 722 719.2 715.7 709.7 701.8 697.4 699.1 705.5 710.8 713.9 718.2 723.1 728.1 728 727.4 715.3 703 693.8 708.8 715.1 713.6 706.4 694.5 676.5 658.1 639.7 616.4 596.9 583.7 596.3 595.3 595.2 591.2 589.7 580.7 573.5 561.7 552.5 542.8 527.2 516.3 505.2 491.6 478.7 482 493.5 509 522.6 538.8 551.4 564.5 577.9 586.3 600.7 607.9 612.5 608 604.5 596.3 579.9 568.6 560.5 556.8 553.9 567.7 577.3 588.7 601.7 615 630.6
709.6 729.1 738.7 745.8 747.3 747.8 743.9 738.7 729.7 724 716.9 712.3 704.4 706.6 710 715.3 720 724.3 731.6 740.6 742.8 741.9 739.9 728.9 716.6 713.3 718.6 724.2 724.1 719.4 707.1 685.7 668.4 649.5 626.8 607.8 592.5 605.5 610.6 610.4 609.2 609.4 603.4 593 584.5 575 562.6 548.2 531.1 515.5 500.6 485.7 475 477 490.6 503.8 518.1 531.2 541.6 551.7 560.4 573.2 581.8 585.9 591.5 593.5 585.3 566.7 556.8 552.2 548.8 545.2 555.1 563.9 572.7 583.9 600.1 615.6
707.4 723.7 733 738.2 739.6 739.6 741.6 745.2 742.4 734.2 726.5 719.1 716.2 717 722 727.5 730.9 738.9 748.2 755.4 755.5 755 751.7 740.4 731.2 728.9 732 734.3 734.2 725.5 713 693.6 673.9 659.2 637.1 618.7 610.5 610.5 620.2 624.7 627.2 633.7 632 619.4 609.4 594.6 578.5 565.1 548.3 535.3 518.3 498.3 486.3 476.2 470 480.5 496.2 509.3 520.6 524.7 536.7 549 554.3 561.5 568.5 571.2 566.7 554.1 547.3 539.7 534.4 530.7 537.9 547.3 558.4 564.3 579.6 595.1
706.8 716.7 723 726.2 730.7 735.2 738.7 750.4 756.6 746.3 736.7 726.3 724.7 730.9 736.5 746.5 749.6 752.8 757.1 759.7 761.8 760.7 757.5 753.1 746.7 743.8 743.8 743.3 738.7 731.3 716.8 699.1 683.9 669.4 648.3 629.5 622.8 621.6 629.8 639.6 649.6 657.6 657.3 645.1 631.2 618.7 599.3 578.4 565.7 552.9 537.3 518.8 498.5 484.8 473.4 468.5 474 486.7 497.7 506.6 511 524.4 532.1 535 543.3 551.3 555.4 547.9 536.6 530.4 527.4 520.2 526.4 534.5 540.4 544.2 555.4 567.7
704.8 710 712.4 715.5 723 730.1 737.5 751.9 763.7 763.9 750.4 738.4 736.8 738.9 744.4 752.2 756.3 757.9 759.4 760.8 762.5 762.9 760.9 758.7 755.3 753 751.1 747.7 742.3 734.3 720 702.9 690.1 676.9 661.4 645.5 633.4 629.8 639.7 650.7 663.7 675.4 682 670.2 657.3 640.7 621.7 601.6 583 570.7 553 533.6 516.3 503.6 487.5 474.3 464.6 465.9 475.9 485.2 492.9 499.1 506.7 514.5 516.5 522.1 527.5 530.2 521.2 520.8 522.8 513.5 511.8 516.7 520.2 527.4 535 542.8
701.2 700 701.2 705.6 717.6 729 736.2 750.7 765.9 767.8 761 748.6 743.8 741.1 743.2 746.7 751.2 750.7 749 749.7 758.2 762.9 763.5 763.6 762.1 758.8 756.1 752 745.9 735.8 722 707.1 693.9 682 674.1 661.8 646.9 641.4 650.2 659.9 672.9 688.6 698.9 692.9 681.2 660.7 641.8 627.2 606.4 587.4 567.6 549 532.2 519.7 505.9 489.5 474.2 464.1 461.4 461.2 470 481.3 486 493.9 497.7 499.7 508 505.6 508.5 506.2 505.9 499.8 497.1 497.9 500.1 505.3 513.6 520.3
688.3 689.2 691.1 696.3 710.1 724.4 733.6 754.4 768.8 773.1 770 759.5 750.9 743.1 737.5 737.8 739.3 738.7 737.5 749.6 757.5 763.9 768 769.1 768.3 767.3 764.3 758.8 753.3 743.4 730.9 713.8 699.3 685.6 675.5 664.3 654.3 653.4 662.4 669.7 681.6 696.4 710.7 711.7 698.8 679.7 664.6 646.1 627.5 609.9 587.6 567.6 551.5 535.5 520.8 508.4 494 479.5 469 457.6 454.1 455.6 465.5 472.9 475.1 477.1 482.6 484.7 488.8 485.9 485.1 481.5 478 482.7 482.9 486.5 491.6 499.8
674.2 677.5 679.4 687.3 700.3 717.3 733 754.7 769.6 775.9 775.2 767.4 759.5 751.3 744.9 737.6 734.6 736 741.3 752 763.5 771.2 777 779.6 777.9 776.7 774 770.5 762.1 751.9 740.4 726.8 709.5 693.3 682.8 669.7 663 663.9 671.2 682.5 696 706.3 716.4 721.2 714.7 698.3 682.4 665.7 645.6 627.2 610.1 591.2 572.9 556.4 540.4 526.8 512.3 502.1 487.3 472.7 462.7 453.7 449 447.3 450.2 459.9 464.4 466.7 465.2 466.9 467.9 467.6 466.2 467.3 468.1 469.2 474.2 480.8
656.6 659.2 667.8 679.7 695.4 715.2 735.5 756.9 770.8 777.5 778.4 772.9 765.3 756.6 748.9 742.9 733.5 734.4 740 749.7 762.4 775.4 784.4 789.9 793.9 793 789.3 783.4 775.7 764.2 753.1 738.4 722.7 709.2 695.9 687.8 681.9 675.2 682.9 697 706.8 715 721.6 725.4 721.5 713.6 700.5 689.7 666.2 647.6 629.1 612.4 599.3 576.5 557.6 546.6 533.6 521.4 510.8 495.7 478.9 464.6 453.8 446.8 442.2 440.7 443.9 445.2 444.9 450.4 456.3 456.5 448.7 449.8 450.9 452.6 458.1 462.1
634.5 642 661.7 678.5 697.2 718.3 739.9 762.6 775.4 780.7 780 776.2 769.1 759.5 749.3 741.2 731.4 729.3 733.8 747.4 760.5 776.3 786.3 794 801.4 806.1 806.2 802.4 794.2 780.8 768.4 753.4 738.8 725.6 718.7 710.8 704.3 690.5 696.4 709.1 713.1 718.5 722.5 723 722 716.5 708.3 702.4 685.7 671.9 650 630.9 611.7 593.5 577.5 562.4 552.6 542.2 532.9 516.7 502.9 488.6 471.7 456.3 450.1 442.6 439 438.2 437.5 434.6 433.8 438.5 438.4 438.3 441.7 441 440.5 448.4
632.4 648.1 668.7 683.2 700.3 723.8 747.4 769.4 780.7 784 781.9 778.3 771.7 761.9 746.9 735.4 726.9 724.6 733.6 746.6 756.7 772.1 785.1 796 805.1 811.4 813 810 800.2 789.8 780.4 769.4 757.1 745.1 736.3 725.3 718.7 707.3 706.8 716.8 718 719.8 720.1 718.1 717.3 711.4 705.9 702.2 693 681.9 670.7 649.2 634 611.4 595.7 582.1 568.6 555.5 545.8 538.2 525.5 509.6 495.7 473.7 462.7 452.1 444.5 438.1 434.6 431.3 428.9 428.1 425.1 427.4 433.7 431.2 427 430.9
632.8 651.2 672.8 685 700.5 728.2 755.6 772.7 780.4 784 783 779 772.4 761.3 746 732.3 724.5 724.8 732.6 744.3 752.2 765.9 782.1 794.4 803.2 809.8 812.9 807.6 795.6 784.8 778.8 772.1 759.3 748.2 740.2 729.8 720.4 713.9 711.6 722.3 723.3 716.3 712.4 709.6 705.4 702.2 698.6 692.1 682.9 673.3 663.3 657.1 643 621.4 598.8 590.9 575.9 563.3 553.1 544.6 535.5 519.7 505.6 501.6 491.5 480.5 471 459.7 452.6 447.2 441.7 434.7 429.2 425.3 421.5 419.7 420.1 420.3
634 654.1 670.2 685.4 701.3 725 752.8 769 777.8 782.6 781.6 778.4 770.8 760.2 744.7 731.5 723.5 723.8 730.6 740.1 752 763.5 776.3 788.9 796.5 800 800.2 792.1 781 769.7 761 756 747.1 742.2 733.4 729.2 726.6 722.4 728.7 733.5 728.1 719.8 717.6 711.3 702.1 693.3 685.1 683 670.5 660 652.1 644.7 629.6 618.9 606.6 598 583.7 575.2 562.3 549.1 536.4 532.9 529.5 525.4 519.4 511.9 503.4 490.7 486.5 477.9 470.6 462.1 450.9 436.3 422.3 420 416.4 414.2
631.4 654.5 670.1 684.6 700 720 745.6 762.4 772.5 778 778.4 775.4 768.4 757.1 745 732 723.6 721.6 730.3 739.5 751.7 763.1 772.6 782.4 788 787.2 779.6 770.5 760.1 752.3 744 740 739.6 736.8 733.4 731.8 735.2 741.4 744.1 742.1 736.9 729.8 720.2 716.3 708.5 700 690 676.4 661.3 647 640.3 632 625 617.3 609.1 600.3 590.4 580.1 568.7 553 550.9 554.8 555.4 555.6 552.9 538 524.6 520.8 511.2 502.8 495.8 487.7 476 463.3 444 429.6 422.3 420.6
628.1 652.8 667.1 681.8 697 715.9 734.6 755.4 766.2 772.6 774 772 765.8 756.7 744 732.7 721.6 718.8 727.9 739 750.2 760.4 768.6 777 780.3 775.3 767.9 755.4 744.2 734.9 730.4 731.2 733.3 734.2 735.8 746.6 751.6 754.6 752.6 746.8 746.3 739.3 727.5 722.2 715.1 706 693.3 677.4 661.8 648.7 635 622.5 617.8 612.9 606.1 599.1 590 580 571.6 563.9 570.5 577 578 577.5 575.3 569 560.3 547.2 536.8 528.7 520.1 508.4 496.1 483.5 468 453.8 441.5 433.6
621 647.8 663.1 675 690 707.9 724.8 745.8 758.4 765.3 767.6 767.7 764.1 755.9 745.2 733.5 720.2 714 725.3 735.9 746.3 753.8 762.3 766.8 769.1 760.3 748.7 738.1 728.4 720.3 716.8 721.5 729.3 736.8 748.1 759.5 761.2 762.5 763.2 756.6 756.8 751.4 739.6 727.7 721.4 710.3 697.1 682.5 670.9 656.5 643.3 634 621.4 612.2 603 594.7 585.6 576.5 575.4 581.9 588 594.9 597.7 597.9 593 587.8 579.7 570.4 562.7 552.9 543.4 532.1 515 502.7 488.9 473.8 460.1 447.2
610.2 635.5 657 665.4 680.8 698.9 714.6 733.8 749.9 757.1 761.5 763.3 761.1 754.5 744.4 732.4 717.8 708.5 719.8 730.3 737.7 744.9 752 753.7 747.9 738.7 727.9 720.3 713.5 706 703.1 710.4 727.7 736.8 751.9 761.5 768.4 771.9 776.4 769.8 765.7 760.3 751.9 740.2 727.7 720.3 708.4 695.2 681.1 665.2 653 642.1 630.8 620.4 607.3 595.4 585.1 587.1 591.4 599.8 606.7 612.5 615.5 613.6 608.3 603.2 596.2 585.2 577.2 569.8 561.4 554.7 541.1 524.1 508.6 491.8 476.7 462.8
602 619.9 646 654.7 670.1 686 702.7 722.1 739.2 751.9 756.6 758.9 758 752.5 741.3 728.6 712.4 696.5 712.3 721.1 722.1 732.8 737.2 732 722.9 716.8 704.4 699.6 696.5 690.8 693.2 710.2 722.8 732 749 762.4 771.6 779.8 790.9 787.2 775.2 767.1 760.2 749.1 736.2 728 718.3 710.8 701 684.9 665.4 651.4 640.8 625.5 611.7 599.1 597.5 601 609.7 617.7 625.8 631.1 631.3 628.9 623.2 617.7 610.5 600.2 591.9 585.6 579.3 570.6 554.6 539.5 525.9 508.8 490.2 477.1
596.5 606.8 629.8 642.6 658.1 671.5 691 711.5 729.3 743.9 750.8 754.7 754.2 748.2 735.7 722.6 704.6 685.2 699.9 704.7 706.3 711.8 711.7 706 699.2 690.2 682.9 679.4 677 675.7 687.6 705.4 716.7 726.4 742.3 760.7 776.1 791.2 804 801.3 789.6 776.9 767.6 758.5 747.6 736 726.6 719.9 712.7 701.6 687 667.9 650.1 632.6 618.8 608 614.7 619.3 627.9 636.6 644.4 647.7 648.7 644.8 639.3 629.3 620.3 610.1 604.1 600.9 598.5 583.7 566.9 549.2 532.6 521.3 505.9 489.2
590.3 598.2 618.1 631 646.1 660.3 679.7 701.5 721.1 735.4 745.2 750.9 748.4 740 728.2 712.8 695 671.2 682.2 688.4 689.7 690.6 685.9 679.1 674.2 667.8 662.8 659.3 657.7 665 681.5 698.1 710.7 718.9 739.4 762.8 781.1 801.5 815.2 816.8 803.4 789.9 778.7 768.6 758.4 748.9 737.3 725.4 717.2 706.5 697.1 680.8 658.2 642.6 632.5 624 631.5 637.9 646 657.3 662.6 666.3 666.2 661.4 655.7 645 634.4 624.6 619.3 617.3 611 596.4 574.2 557 542.9 531.9 518.1 506.1
583.8 595.3 608.4 620.4 633 648.3 667.4 689 713.3 727.9 740 745.2 740.6 730.2 716.2 700.1 687.6 667.5 660.6 670.2 674.1 673.4 662.5 656.3 656.5 651.7 648.2 646.4 650.2 661.9 678 694.2 709.3 722.9 742.3 768.4 788.2 804.5 823.2 828.8 818.2 805.8 793.3 781.5 770.9 760.7 745.4 735.5 722.7 710.1 700.3 683.2 672.3 661.9 644.6 640.4 648.4 657.3 667.3 675.7 682.7 685.1 682.7 677 669.5 659.2 649.3 641.1 632.7 632.9 630.1 607.2 581.4 565.1 551.6 540.5 529.1 517.9
578 590.9 601.8 613 625.2 640.1 657.7 681.6 704.4 720.3 730.3 734.1 728.4 717.9 702.4 688.1 677.4 661 640.3 651.4 655.3 653.8 645.1 642.6 640.8 637.8 637 639.2 651.1 665.5 679.9 698.2 716.3 730.5 751.4 775.6 794.6 807.8 822.7 835.3 831.6 820 808.3 796.1 783.3 770.8 758.2 746.2 732.2 716.6 704.5 699 692.3 677.4 661.3 657.7 664.8 677.3 688.2 697.7 700.7 702.7 699.2 692.4 682.4 672.4 661.7 653.6 647.5 641.6 633.1 612.5 587.2 572.3 558.2 548 537.3 527.4
572.6 583.5 593.8 605.6 619.2 633.8 651.5 679.4 701.2 713.9 718.2 715.9 708.8 697 682.6 671.7 662.7 648.7 631.7 632.2 637.9 634.3 630.9 630.5 629.5 627.6 626 639.7 654.4 670 689.5 710.1 730.4 747.1 763.3 784 799.2 810.6 822.6 838.5 840 830.8 820.3 808.2 796.7 784.5 771.1 757.7 741 723.3 714.1 712.4 707.1 694.2 675.7 676 688.4 701.3 713.3 722 724.9 722.8 717.3 707.9 697.6 688.3 677.3 667.1 656.2 642.5 625.1 607.5 590.9 574.1 562.4 553.3 543 533.5
566.4 575.8 586.7 598.2 613.3 627.8 650 683.5 706.8 711.6 710.3 703.7 693.2 678.3 664 653.6 646.2 635.4 622.5 617.1 620.9 620.8 619.9 618.6 617.3 617.4 628.2 642.9 663.3 688.1 710.2 729.6 750.2 765.6 778.4 795.7 803 812.5 826 840.6 842 835.7 829.1 820 810.6 799.6 785.5 770.3 752.5 735.2 726.5 721 715.4 704.2 690.4 693.6 705.7 721.9 737.1 747.9 751.5 750.3 743.9 731.3 715.8 700.3 688.4 669.2 651.7 632.8 617.7 602.3 587.7 573.8 562.7 556.7 546.2 543.3
562.7 569.8 582.5 594 605.8 623.8 648.2 682.1 708.6 711.1 706.7 695.6 678.7 663.2 650.9 639.5 630.5 622.6 613.9 605.2 607.5 608.5 608.7 607.7 603.6 616.5 632.8 649.2 676.1 700.7 721.9 742.7 761.2 777.9 790.9 803 809.1 814.1 823.6 836.2 838.4 837.3 835.2 830.7 823.1 813.4 801.5 784.7 766.3 748.7 740.9 732.7 724.1 712.9 707.7 713.1 722.3 736.8 753.2 766.7 773.7 773.7 769.2 757 739.5 722.3 704.1 680.6 651.8 631.9 616.4 602.6 591.4 577.4 569.9 561.1 557.8 557.5
