app/static/ascii/NO08.asc
ncols 200
nrows 200
xllcorner 300000
yllcorner 780000
cellsize 50
[rows 35 to 69 of 200, columns 78 to 155 of 200]
594.9 595.3 594.6 592.3 588.7 584.1 578.4 573 568.3 562.1 546.2 528.3 522.4 547.1 563.5 575.2 588.4 597.4 606.5 616.1 625.1 632.1 638.2 645.2 650.6 654.6 659.5 663.3 663.5 657.5 658.5 658.6 655.1 649.6 645.2 645.3 646.4 645.8 645 644.6 646.5 651.3 654.4 657.3 659.4 661.9 664.4 665.6 666.6 668.6 671.1 672.9 674 674.2 673.1 671.6 670.1 665.2 658 654.2 650 644.7 639.9 636 631.4 627.1 624.3 622.5 618.2 611.6 606.1 600.2 594 586.7 581.5 574.6 564.2 557.4
600.3 602.3 601 598.3 595.1 590.4 585.2 580.3 576 570 560.8 552.1 538.6 528.2 554.3 567.8 580.9 590.9 600.3 608.6 617.8 625.1 631.4 637 643.3 648 653.5 659.7 664 667 668.5 666.8 663.3 658.6 654.9 654 655.3 655.5 654.8 654.4 657.2 660.6 663.8 665.8 668.1 670.7 672.5 673.9 676.2 678.8 681.8 684.9 686.5 685.5 684.4 682.1 677.6 670.5 662.9 658.2 652.6 647.4 643.8 639.8 636.1 632.7 630.4 627.7 621.6 616.4 609.2 598 592.4 587.7 584 570.3 562.9 554.4
605.6 605.7 605.6 603.5 600.9 595.7 590.1 585.7 581.6 576.6 570.4 565.5 558 545.5 543.2 562.4 575.9 586.8 595.2 602.3 610.5 618 624.7 630.3 636.8 642.9 651.4 659.7 667 670.8 672.4 670.4 667.9 665.1 663.2 662.1 662.6 663.1 664 664.5 667.2 669.3 671.9 674.1 676.1 678.2 680.6 683.4 686.2 689.9 695.4 698.8 699.3 697.1 693.9 689.8 686.2 677.5 667.9 661.9 655.9 651.4 647.8 644.2 642.5 639.6 634.9 628.7 622.6 616.9 609.5 600.1 592.2 586.8 579.9 570.3 560.6 551.2
609.7 609.5 609.2 607.1 604.2 599.9 594 590.5 587 582.4 576.1 571.6 568.6 562 551.8 559.7 572.4 581.7 589.9 597.8 605.4 612.6 619 626.4 633.3 641.2 650.4 659.8 667.9 672.4 674.4 674.1 671.2 671.4 669.8 668.5 669.4 670.9 672.3 674.2 676.6 678.9 680.5 682.3 685 687.9 690.5 694.4 698.6 704.9 709.1 710 708.4 704.5 699.5 693.3 687.6 681.1 673.1 664 659.3 655.3 651.9 648.3 646 642.3 637.8 630.3 624.8 615.3 607.8 600 594 586.8 579.7 569.9 558.1 548.2
613.4 613 612.1 610.7 607.3 603.2 597.4 593.3 589.7 586.1 579.5 575.4 571.6 564.4 550.5 560.4 569.5 580.6 584 590.4 599.6 609.5 617.9 625.2 632.2 641.2 652.6 662.2 668.7 672.9 674.4 675.1 675.9 677.3 676.2 676.5 677.9 679.6 680.6 682.5 684.9 688.3 690.6 692.5 696.1 699.5 705.2 709.8 716 719.2 720 717.6 713.2 707.8 700.8 693.6 685.6 678.9 673 666.3 661.1 658.6 656.1 653.2 648.4 643.1 637 631.8 626.5 615.7 607.5 600.1 592.4 584.9 576.8 564.9 553.9 541.9
616.5 616 614.9 613.7 610.6 606.1 600.9 596.2 592.7 588.3 581.7 575.4 569.1 555.1 564.2 571.9 579.2 589.7 594.8 600.2 606.5 613.2 621.5 629.2 637.6 648.2 658.2 665.7 671.7 675.3 678.5 680.8 682.4 683.4 682.9 684.5 686.8 688.4 689.5 690.9 693.1 696.5 701.3 707 712.9 718.4 721.4 725.4 727.3 728.4 727.1 721.8 715.4 707.7 699.3 691.4 681.5 674.7 668 662.8 658.4 654.9 654 653 646.9 639.2 636.6 631.9 624.7 612.3 603.6 595.3 588.2 581.1 571.5 559.2 545.4 532.5
619.8 618.8 617.6 616.5 613.6 608.6 604 599.2 595.6 589.5 582.3 574 561.8 568.9 575.5 582.3 587.4 596.5 602.9 608.2 614.7 621.1 627.4 637.7 647.4 657 666.4 674 679.3 682.7 685.3 687.8 689.5 691.2 692.3 694.2 697.1 698.1 698.9 700 704.5 710.8 715.9 721.6 727.4 732.3 735.5 738.2 738.9 736.2 732.6 725 715.6 705.8 696.5 686.2 676.4 669.1 661.9 656.8 652.9 650.4 647.6 644.8 639.9 634.6 631.7 625.1 617.6 607.3 598.2 589.4 581.5 573.5 564.2 550.8 536.4 524
625.8 623.5 621.5 619.4 616.4 611.2 605.6 601 597.1 590.1 579.4 569.9 571.5 579.3 586.9 593.3 598.5 605.2 611.9 618.3 623.8 630.1 637.5 647 656.9 666.7 675.1 680.4 686.1 692.5 696.9 699.4 701.1 701.7 703.9 705.9 706.4 707.5 709.1 712.3 717.7 724.2 730.2 735.4 740 744.6 747.5 749 747.5 742.9 735.2 724.4 714 703.8 692.4 679.9 670.5 663 655.3 648.8 644.9 641.4 638 634.4 631.5 627.7 623.5 616.7 611.3 601.2 594.1 585.3 575.2 565 553.4 541.5 527.3 513
632 627.3 623.7 621.7 617.7 611.9 604.4 599.8 592.8 583.7 573.6 577.7 582.6 586.7 594.8 603.1 610 616.5 623.6 630.4 636.6 642.9 649.5 656.9 666.1 676 683.7 690.5 698.1 703.7 707.5 710 713.3 713.9 714.9 715.9 718.1 719.9 722.3 725.9 731.6 737.3 742.7 747.9 751.3 752.5 752.7 750.9 747.2 742.4 734.2 720.8 709.6 698.1 684.7 675.2 663.9 654.3 645.8 639 631.4 629.7 628.5 625.7 622.1 618.7 614.3 608.6 602.7 595 588.5 580.5 566.7 553.7 541.3 530.1 514.8 499.6
637.2 632 626.7 622.8 617.5 609.4 603.7 596.4 587.1 578.4 584.2 588.6 593.1 596.9 602.8 613.4 621.9 627.7 634.9 642.2 648.2 653.9 661 668.4 677.1 686.4 694.3 702.5 709.4 714 717.5 721.1 724.1 726.5 727.9 730.2 732.5 734 736.2 738.8 743.3 747.1 751.7 754 754.4 753 750.6 746.8 741.1 735.4 727.5 714.8 704.3 691.6 680.2 670.9 658.3 648.6 639.5 628.3 622.2 619 619.6 616.7 611.3 607.7 603.1 599.5 596.4 586.7 579 566.9 555.5 543.1 529.3 513.4 500.5 485.6
640.9 634.8 629.5 623.9 616.2 608 600.8 590.7 589.3 593.4 597.5 600.7 605.3 608.9 614.1 622.7 631.1 638.7 645.1 651.9 658.9 665.3 672.9 681.4 689.8 698.1 706.9 715.2 721.5 727.3 732.9 738.2 741.2 742.4 742.6 744.4 744.3 744.6 744 745.2 748.8 751.6 752.9 752.4 749.9 746.2 743 739.5 733.7 727 720.9 709.5 699.9 688.8 678.2 667.2 653.5 643.3 632.5 622.9 614.6 610.1 607.7 605.2 599.6 595.9 593.8 591 584.4 576.5 566.9 554.5 542.1 529.7 514.3 496.3 482.3 469.5
645 638.1 631.2 623.6 615.7 605.7 594.8 596.8 600.4 603 608 612.5 617.4 621.7 625.6 631.3 639.7 647.7 654.6 662 670.2 677.1 685.5 694.8 704.2 711.9 721 732 739.8 746.6 749.7 752.4 752.8 753.2 752.7 751.6 749 746.9 744.2 744.9 746.5 747.6 747.7 745.7 742.8 738.4 732.9 728.6 725.6 720.7 714.1 706.2 697.1 686.3 675.7 662.9 651.6 641 630.9 617.2 603.9 593.7 592.2 588.6 585.3 582.9 581.1 577.7 571.3 564.7 554.4 541.4 527 512.2 494.1 480.6 467.6 455.2
646.1 638.6 631 621.6 609.3 602.8 604.2 608.3 611.2 614.2 620.1 625.2 629.9 633.4 636.3 640.8 648.2 657.7 669.1 676.8 683.4 691.1 699.6 708.6 717.2 724.8 733.1 742.3 749.7 754.4 756.1 756.5 756.3 755.1 753.2 749.5 746.8 743.5 741.2 740.7 740.7 740.3 739 737.4 734.1 729.7 725.8 722 718.7 715.3 710 702.6 693.8 684.7 673.8 661 651.7 641.5 631.4 620.3 603.8 581.9 569.6 571.4 569 569.2 568.6 563.6 558.6 549.9 539.6 526.1 510.6 493.2 479.6 465.7 451.4 433.9
647.7 638.9 630.9 618.6 610.3 615.3 617.8 620.9 623.4 627.8 633 637.6 641.8 645.1 648.3 651.5 659.9 673.2 684 690.4 695.2 703.2 711.3 720.6 727 734.7 741 748.8 753.7 755.5 755.9 754.9 753.9 750.3 747.9 744.8 741.4 738.1 735.5 733.2 731.6 730 728.1 725.5 722.6 718.6 716.4 713.6 711.1 708.4 704.1 697.5 690.3 682.3 671.9 661 652.6 642.4 631.8 620.4 606.5 587.9 563.9 544.1 548.9 549.8 555.3 551 543.8 534.5 523.3 509.5 492.7 475.7 460.2 447.2 430.5 414.6
651 641.4 629.5 619.2 624.8 629.4 632.7 636.8 639.4 644.2 648.3 651.8 656.6 660.4 664.8 669.6 679.3 689.3 696.9 703.7 711.7 719.4 726.9 733.2 739.7 745 751 754 755.6 755.6 754 750.9 747.7 743.6 739.5 736.1 731.6 728.6 723.7 720.5 717.6 716.5 714.6 712.3 709.5 707.2 705.3 702.7 701.6 698.3 696.5 690.1 685.6 678.9 669.9 661 652.7 642.6 631.4 621.7 610.6 598 581.6 563.4 546.5 520.9 534.9 535.8 528.5 519.2 508.8 493.7 474.8 458.4 439.6 428.1 411 403.5
654.8 641.8 625 633.8 638.4 642.7 650.2 656.2 661.1 667 670.4 671.2 679.2 682.8 689.9 693.9 696.9 702.5 709.7 716.5 723.7 730.9 736.4 742.2 748.8 753.1 756.8 757.5 756.4 753.6 748.9 744.9 740.7 736.2 730.3 725.8 721 716 710.6 706.7 704.3 702.6 700.6 699.2 698.4 696.5 693.7 691.4 690 688.8 687.4 684.9 681 674.7 668.4 660.4 650 640.1 631 619.7 607.4 595.3 582.6 568.3 550.5 529.7 511.2 521.7 514.7 503 493.3 476.3 460 438.8 420.3 414 405.3 402.5
654.7 639 640.7 646.8 650.9 656.4 665.7 674.3 683.1 687.5 691.3 693.7 696.8 700.4 705.6 707 710.6 716.6 721.7 727.7 733.3 739.7 744.8 750.2 754.7 757.3 758.9 756.3 752.3 747.3 742.8 738.1 732.9 727.1 720.8 714.4 707.5 701.1 697.1 693 689.2 687.8 687.2 686.7 685.1 682.2 679.8 677.9 678.2 679 680.3 678.2 675.5 670.7 664.5 656.7 647.1 638 627.1 613.2 600.7 588 575 560.3 543.5 522.6 493.8 499.6 493.3 483.9 474.6 459.2 441.8 421.4 413.3 407.7 405.5 399.1
652.1 650 655.7 662.2 667.7 676 685.5 693.4 699.2 702.8 705.7 707.8 709.9 713.1 716.9 720.3 723.9 727.9 731.6 736 741 746.8 750.9 754.8 756.8 757.3 755.4 751.2 745.8 739.7 734 728.7 723.3 716.4 707.5 699.9 692.8 686 682.2 678 673.9 672.6 671.8 670.6 668.8 666.6 664.7 663.1 664.8 668.9 672 671.8 669.2 665.1 658.7 649.7 640.5 630.2 617 604.3 590.4 577.6 566.5 554.4 538.2 520.4 502.8 486 467 459.2 452.1 441.8 425.5 417.4 412 408.2 405.2 402.7
658 664.6 671.4 678.2 686.3 694.8 703.6 710.1 714.6 717.4 717.7 719.7 722.2 726.5 728.4 730.5 732.3 735.5 740 743.6 748.3 752.2 754.4 755.5 754 750.5 747.6 744.1 737.5 730.7 723.1 717.8 711.6 702.6 694 685 678.8 672.1 667.1 661.7 658 656.1 655.4 654.9 654.4 652.4 649.7 646.8 650.3 655.9 659.3 660.8 659.3 656.6 651.7 641 630.3 617.5 603.6 592.9 579.6 569.4 560 547.1 530.8 513.3 498.5 482.8 471.1 460.8 446.1 434.1 425.3 417.5 411.9 407.6 402.4 411.3
676.6 682 689.2 697.5 706.2 714.6 719.5 725.2 728.2 729.6 730.4 731.5 732.9 733.8 735.3 736.2 737.9 740 743.1 746.6 749.4 750.8 751.1 750.5 747.2 743.4 739.5 734.2 727.8 719.9 711.3 703.5 695.7 687.5 677.3 669.3 660.9 654.5 648.6 641.5 637.7 637.9 639.1 639.8 640 636.1 631 621.4 629.7 637.2 642.5 646.3 646.9 646.5 640.7 629.4 616.3 602.7 589.8 579.4 570.9 562.3 548 533.7 516.8 501.7 489.1 474.8 463.2 453.3 440.2 428 420.9 415.2 409.8 403.8 411.7 428
693.1 700.4 708.3 718.4 725.9 731.4 735.9 738.8 740.3 740.7 739.7 736.8 735.6 734.5 736.3 737.7 739.3 739.8 740.8 742.7 744.1 743.8 743.3 741.7 738.4 734.1 729.3 724.1 715.6 706.8 695.1 686.3 678.9 670.2 658 649 639.2 632.9 626.9 619.3 616.2 620.2 623.7 626 623.3 617.5 608.2 595.1 608.2 618.4 622.3 624.3 625.9 623.2 619.2 612.3 598.4 584.4 573.5 567.1 559.9 548.6 531.8 515.4 502.3 491.9 478.1 463.7 451.5 441.6 428.3 420.6 416.1 412.3 407.6 411.9 427 446.9
711.9 721.3 729.4 735.2 740.4 745.5 748.5 748.7 748.2 746.4 741.9 737.6 734.6 732.3 732.6 733.9 733.9 734.2 734.5 735.2 735.3 734.4 732.9 730.8 727.2 722.8 717.7 710.7 700.1 687.6 676.3 665.4 656.4 645.3 636.1 629.1 619.5 613.3 606.6 598 593.4 604.6 608.2 606.2 601.6 594.3 585.7 573.7 583.7 592.1 594.9 597.1 596.4 594.3 591.3 583.5 575.7 564.6 555.4 550.4 541.5 527.7 512.4 501.2 492.4 480.9 466 454.1 438.9 427.9 421.3 414.4 409.2 407.4 412.9 426.8 444.1 465.2
732.7 741 745.5 751.2 755.9 757.4 757.3 754 750.8 746.7 739.5 734.3 731.2 728.8 726.6 725.7 726.1 726.5 725.7 723.8 723.3 722.5 720.2 717.4 712.8 707.6 699.9 688.3 676.1 664 653.7 640.1 627.1 620.7 613.3 605.3 598.3 594.2 590 580.7 573.4 585.9 584.5 579.8 575.1 567.8 560.1 550.6 555.7 560.9 564.2 563.6 563.6 562.7 559.4 554.9 548.3 539.2 531.6 526.8 518.6 507.8 497.4 490.2 475.1 466.2 454.3 439.6 427.8 421.4 416.4 410.8 412.6 415.8 426.5 443.7 463.9 482.6
749.7 756.2 761.6 764.9 766.2 764.7 761.7 755.5 749.9 744 737.2 730.9 726.6 722.6 717.8 716 715 713.5 711.6 710.9 708.6 707.2 704.4 699.3 692.9 684.4 673.9 657.8 645.1 635.1 624.5 611.5 600.2 596 588.8 581 577 574.5 569.8 564.3 557.4 560.1 556.6 550.6 545.9 540.1 533.1 525.2 526.8 529.6 530.9 530.9 530.6 530 528.8 525.2 519.3 510.9 506.7 502.5 496.5 486.9 479.7 473.7 461.3 451.6 442.8 431.1 424.3 418.9 414.6 413.8 416.9 424.8 439.9 459.2 483 501.4
763.9 769.9 772.8 773.3 771 768.2 762.9 753 745 739 732.5 723 717.2 712.9 708.1 701.8 700.1 697 694.4 691.2 688.2 684 679.4 671.3 661.2 651.1 639.9 626.1 612.3 604.4 594.9 584.1 574.9 568.7 564.6 558.2 552.5 549.2 546.4 541.4 531.5 529.9 527.1 521.6 517 512.6 506.9 501.1 501.6 500.7 500.5 500.3 499.5 498.5 498.5 496.3 490.7 485.2 482.4 478.9 473.7 467.8 461.8 455.1 444.9 437 431.9 427 422 416.4 414.6 418.1 422.5 440.5 459.8 478.1 502.1 521.5
779.1 782 783 779.7 774.2 767 760.2 750.1 739.9 732.4 723.9 712.7 703.5 695.1 690.8 685 682.3 678.1 671.7 666.4 660.9 655.8 649.6 639.5 627.7 618 607.3 594.8 581.8 573.8 566.7 558.7 550.5 545 540.6 534.3 528.3 525.9 521.3 517 508.9 505.6 501.1 495.7 490.9 486.9 483.2 479.8 479.7 479.6 478.6 477.1 475.8 473.7 472 470.7 466.9 462.9 460.2 457.4 453.8 448.9 443.2 435.3 429 428.7 423.5 418.5 416.5 415.7 419.6 423.8 435.8 457.1 481.1 500.2 521.2 542.3
791.1 790.8 787.9 780.8 772.5 762 753 741.5 731.9 722.9 710.6 697.9 683.6 673 668.5 661.8 658.7 652.5 643.1 634.2 628.6 622 617.3 606.1 594.4 583.2 572.8 563.1 549.9 542.9 537.2 529.8 521 519.4 515.7 512.3 507.8 502.6 499.1 495.1 488.8 483.8 479.3 474 466.5 463.6 463.9 458.3 459.5 459 457.6 454.8 448.7 450 448.1 448.2 444 443.3 442.1 438.7 438.2 432.2 431.3 426.1 426.7 426.5 427 427.2 422.3 418.9 425.5 434 453.2 475.7 500.9 522.7 542 557.8
796.6 792.5 784.4 776.2 765.1 753.6 742.6 730.4 718.7 707.1 696.7 683.3 667.5 650.2 646.1 640.2 631.7 625.3 614.8 607.4 598.3 589.3 583.3 572.9 563.1 552.8 543.8 537.6 527.1 517.1 509.7 506.1 504.1 499.5 498.3 496.4 490.7 486.5 481.1 478.4 472.7 470.9 468.3 468.1 469.2 470.3 470.2 467.8 466.6 463.6 463.6 461.3 460.7 459.7 460 457.4 454.5 451 448.6 449 448.1 444.9 440.9 436.5 433.6 431.5 429.8 428.6 422.7 422.7 436.4 450 473.5 497.6 522.4 545.2 557.4 562.9
795.1 786.7 777.4 767.4 756.5 745 731.5 716.7 702.7 690.5 679.7 668.3 653.3 636.1 622.9 616.3 608 599 589.8 579.6 569.9 561.9 553.6 546.1 537.2 529.4 521.8 517.4 512.6 507.2 502.8 498.4 495.6 492 487.2 483.2 480 477.2 476.1 476.7 477.6 481.1 479.2 482 484.8 486.1 486.5 485.1 483.2 482.4 480.9 475.3 474.1 471.5 469.6 467 463.2 461.3 459.6 459.9 460 455.4 448.3 445.3 443.2 438.3 433.6 431 424.1 429.6 445.6 466.6 491.5 517.7 540.9 561.2 571.7 564.8
789.2 780 770.8 757.6 744.5 727.9 714.8 700.1 687 674.5 663.2 651.6 639.6 624.6 611.2 596.6 587.1 577.5 565.6 551.7 543.7 538.7 537.3 530.5 531 527.7 525.4 519.7 510.6 504.2 503.7 498.7 494.2 486.6 480.3 481.3 482.9 487.2 489.1 491.3 495.3 496.8 498.6 499.8 501.1 502.8 503.3 500.2 499.8 499.3 498.1 496.5 493.7 491.8 487.9 483.7 474.7 477.7 472.2 472.2 470.5 465.7 461.7 459.7 454.9 448.7 438 432.1 424.8 437.5 457.3 483.3 509.5 534.4 559.7 571.9 568.5 563.5
781.1 771.6 759.4 742.9 728.4 710.6 696.6 684.7 673 660.8 647.3 635.1 623.2 610.2 598 585 570.6 563.6 565.1 566.6 565.8 563.2 558.1 555.3 551.5 548.3 542.9 534.9 519 507 497.6 494 488.2 485.7 488 492.1 498.4 503.6 507 510.8 515.3 517.2 520.3 522.7 523.8 525.7 524.2 521.4 521.2 521 520.3 517.3 511.4 512.9 506.8 498.4 483.8 485.1 485.5 487 486.9 487.7 481.2 474.7 467 452.8 441.7 435.9 427.2 444.1 469.3 497.4 523 549 568.2 568.8 564.5 560
767.6 756.1 742 726.2 711 694.4 681.6 668.8 658.2 646.2 634 623.1 610.4 597 583 582.8 585.7 586.9 586.6 586.6 587.5 583.4 579.8 577.5 574.5 571.3 563.7 542.4 522.8 507 499.1 495.3 488.4 493.8 501 508.5 516.2 522.8 528.2 534.5 539.4 541.7 545.3 547.5 548.6 549.4 549.9 548.4 546.7 546.4 545.1 539.1 531.8 528.8 515.8 500.1 497.3 499.9 501.8 506.7 510.8 507.7 501.8 494.4 474.2 457 447 440.2 427.6 448.2 476.8 507.6 533.8 558.7 568.8 567 565.3 557.8
749.6 738.1 724.4 708.5 692.9 679.8 668.7 654.7 642.2 632.4 620.9 610.1 596.2 588.9 593.7 601.8 605.6 606.8 607 608 608.5 607.1 603.7 600.6 598.9 594.9 574.1 546.5 525.2 511.3 504 491.2 499.9 513.2 524.4 534 542.8 549.2 554.1 561.1 565.8 568.6 571.5 574.1 575.5 576.1 576.5 574.8 572.8 570.7 567.5 560.2 544.7 528.6 517.7 511.6 514.1 519.2 520.8 524.3 528.1 527.3 520.6 506.4 476.8 460.5 449.7 442.1 434.4 452.6 482.8 513.3 541.1 562.4 566.9 569.2 564.1 553.9
731.9 719.8 706.7 690.3 677.2 664.7 653.6 643.3 632.4 620.9 608.9 601.6 605.3 609.7 615.5 621.9 626.1 630.5 632.3 632.5 631.3 630.5 626.3 623.5 616.4 599.7 574.8 549.4 530.5 514.6 500.5 497.1 520 536.9 550.6 562.5 570.9 578.6 583.5 590.1 595.1 597.6 601.3 603.2 604.4 605.2 604 599 593.9 585.4 573.2 562.8 546.7 531 523.8 533.1 540.1 543.8 548.1 548.2 548.9 539.6 529 511.1 483.3 465.7 452.8 444.4 433.3 453.4 483.2 515.2 543.9 561.1 567.5 569.2 562.3 550.8
715.8 703.4 690.6 676.5 665.4 654.3 643.2 632.1 620.9 612.1 615.8 619.7 622.8 629.8 637 644.3 651 655.6 657.9 657.9 655.3 648.7 640.5 632.4 618.5 599.1 577.7 552.1 529 512.3 497.3 518.1 539 557.4 574.9 588.8 598.1 607.2 613.8 619.4 625.8 631.4 635.2 636.1 635.9 633.1 625.2 613.6 600.9 588.5 574.9 561.4 545.9 536.1 549.4 558.1 564 569.9 573.5 575 567.4 555.8 539.5 514.3 489.8 468.7 455.9 446.8 440.2 452.7 478.2 511.3 541.2 558.9 564 563.2 558.5 548.5
