app/static/ascii/NO09.asc
ncols 200
nrows 200
xllcorner 300000
yllcorner 790000
cellsize 50
[rows 105 to 139 of 200, columns 78 to 155 of 200]
527.9 509.5 494.1 478.4 465.9 460 454.4 450 448.3 456.6 471.1 481.9 492.2 504.1 515.4 525.6 537 550.4 563 576.9 589.6 599.6 611.8 621.9 631.1 640.7 649.6 658 664.9 671.5 678.3 684.1 689.4 694.7 700 705.1 709.8 715.2 721.7 728.1 738.7 750 760.2 768.2 773 774.9 774.9 773.7 773.6 768 762.1 753.9 742.2 728.1 713.6 695.3 677.9 662 648.1 635.3 622.9 611 598.7 588.7 578.6 569.3 558.1 547.9 536.1 527.5 522.3 519.3 512.1 504.2 496.5 487.2 477.7 472.4
524.6 504.5 488.8 474.3 465 458.8 452.8 450.3 447.1 454 469 483.3 494.6 505.1 516 525.6 537.8 551.1 564.7 579.2 590.3 602.8 613.8 623 632.2 642.5 651.2 660 666.9 673.5 680.2 685.6 690.7 695.7 699.9 703.4 707.1 711.7 718.2 724.5 733.1 744.1 756.1 763.1 766.6 767.7 767.9 767.8 766.2 762.3 757.2 750 741.1 729.2 716.3 699.4 683.3 668.6 654.4 638.8 627.7 615.6 604.2 594.5 585 575.1 564.7 553.8 541.9 530.2 526.7 524.3 519.4 511.4 502.8 493.4 483.4 476
519.2 499.5 483.2 470 461.2 456 450.7 448.8 445.6 451.3 467.8 481.7 493.5 505.2 515.9 525.5 538.7 552.2 565.4 577.9 590.6 603 614.1 623.9 633.8 644.2 652.8 661.3 668.2 675.2 680.6 684.8 690.4 695.6 698.8 701.4 704.9 708 714.5 720.9 729.2 738.5 748.1 755.5 758.6 759.4 759.1 758.2 757.5 755.1 751.6 745.6 738.1 728.6 716.6 702.3 688.2 674.2 659.7 644.9 633.7 620.4 609.8 599.9 591.2 582.7 571.2 559.6 548.7 538.2 530.1 526.9 523.1 515.6 509.7 500.5 491.4 481.7
513.2 494.3 479.3 466.7 458.5 453.3 447.7 446.3 444.6 450.8 466.2 480.8 493.2 504.8 515.6 525.3 539.4 552.8 564.9 577.1 590.3 602.3 613.8 624.8 635.2 644.5 651.9 660.4 667.9 675.1 680.1 683.6 689.4 694.9 697.4 699 700.8 704.5 710.5 717.8 726.6 733.7 740.4 747.7 750.5 752.5 752.7 751.6 750.9 748.9 746 741 734.6 726.7 716.7 704.7 691.5 678.5 664.1 651.5 638.6 623.1 613.7 604.9 596.3 587.7 577.5 566.4 555.9 546.1 537.4 529.6 524.6 519.7 514.2 507.6 499 489.8
505.9 488.6 474.7 463.1 455.9 449.9 445.5 445 443.8 449.2 466.1 481 493.4 505.7 514.7 525.4 539.1 552.9 565.3 577.9 590.2 601.1 612.8 624.2 634.6 642.3 649.4 657.4 665 672.8 678.1 681.2 686.3 691.8 694.3 696.1 696.4 700 706.7 713.5 722.1 727.8 734.4 740.7 744 747.1 747.4 746 744.4 742.3 739.8 734.3 729.7 723.6 714.7 703.7 691.9 679.8 666.9 655.7 642.3 628.5 618.5 608.6 599.8 590.9 582 572.1 562.8 552.6 543.8 533.7 526.9 522.5 516.8 511.9 503.9 495.8
499 483.3 469.8 459.3 452.9 446.4 444 443.2 441.7 449.3 464.3 479.2 492 504.5 514.4 526 541 553.2 564.3 576.8 588.7 600.3 611.3 621.5 631.5 639.4 645.9 654.6 662 669.4 674.4 679.1 682.8 687.2 689.4 691.4 692 696 702.7 709.1 715.5 722.1 728.8 734.6 737.5 739.7 739.3 738.3 736.9 734.6 732 727 722.7 716.6 709.2 700.9 690.7 678.8 667.5 656.8 644.9 632.4 621.5 611.8 602.9 593.8 586.2 577.8 568.8 559.2 550.7 540.7 532.1 525.2 519.7 515.8 508.9 501
493.1 477.1 464.8 455.7 449.6 443.7 442 441 440.7 450.4 462 476.3 489.5 502.6 514 525.9 540.8 553.4 564.3 575.3 586.2 597 608 618.5 626.8 635.8 642.8 651 658.5 664.9 670.5 676.1 679.2 681.8 683.6 685.1 686.3 691.3 697.2 703.6 710 716.5 723.1 728.5 730.9 732.5 732.1 730.8 729.1 726.4 723.8 719.7 715.3 709.3 702.7 695.2 686.5 676.2 666.9 657.2 646.4 635.7 625.2 614.5 605.6 596.7 591.7 585.7 574.1 562.1 554.6 545.8 536.7 529 522.1 517.6 512.5 504.4
488.7 472.4 460.8 451 448.5 443.9 441.4 439.9 439.8 450.3 461.4 476.2 490.1 501.7 513.1 525.3 539.9 551.7 563.8 573.7 585.2 596.3 605.8 617 625.2 633.1 640.8 647.4 653.8 659.5 665.1 670.7 673.8 675.8 677.6 678.6 680.8 686.9 693.1 699.2 705.5 711.6 717.7 721.8 723.6 725.1 724 722.8 720.9 718.2 715.6 712 707.5 702.7 695.6 688.7 682.1 673.3 665 656 646.2 636.2 624.7 615.8 605.9 598.4 601.6 591.1 576.3 565.7 557.2 548.7 539.8 531 525 519 514.7 508.7
485 470.8 457.9 447.2 443.9 456.6 447.2 438.9 438.2 452.2 462 476.9 491.5 501.5 512.5 524.3 538.4 549.7 562.5 573.4 583.7 594.1 603.2 614.8 622.9 628.9 636.1 643.8 649.9 654.4 659.4 664.2 669 670.8 672.5 672.4 678.2 684.3 690.3 696 701.3 707.4 713.3 716 717.3 717.4 716.3 715.1 712.4 709.9 707.4 704.1 699.9 694.4 690 684.7 677.3 668.9 661.8 654.1 644.9 633.9 623.2 615.4 605.5 601 598.5 587.5 581.7 567.9 559 550.5 541.5 534.2 527.9 520.3 515.6 512.2
481.6 466.7 454.1 445.3 440.3 453.7 456.8 439.2 437.7 454.6 463.4 476.4 489.7 500.8 511.8 525 538.1 548.8 561.2 571.5 582.6 593 599.5 609.7 617.8 624.7 633 640.6 646.6 651 653.9 658.4 662.9 666 667.7 670 675.6 681.9 687.4 692.6 697.7 703.3 707.7 710.6 711.3 711 709.6 707.3 704.4 701 697.5 694.9 692.7 688.5 684.2 679.4 671.6 665.2 658.5 652.1 641.9 629.5 620.1 612.9 603.9 596.2 592.7 588 583.6 574.9 563.1 552.7 543.3 537.3 530.4 521.5 516.2 513.2
478.5 463.1 451.6 444.5 437.9 440.8 442.9 440.4 435.2 453.1 461.8 473.3 487 500 512.3 525.2 537.5 547.8 558 568.3 580 589.5 596.1 603.7 612.6 621.7 629.8 636.7 643.2 646.4 649.2 653.8 658.3 660.6 662.7 667.8 673.7 678.8 683.6 688.4 693.2 698.4 702.3 704.8 705.3 704.6 702.5 699.8 697 693.7 690.8 688.3 685.8 682.6 678.3 673.5 666.5 660.7 653.8 644.9 631 618.3 604.9 600.5 597.3 594.5 587.4 582.5 579 575.2 566 553.9 545 539.1 532.1 525.2 518.4 513.4
475.5 459.9 449.5 442.9 437.1 435.9 435.9 436.8 438.7 450.2 458.4 469.2 482.6 497.4 511.3 523.1 536.2 546.7 555.8 564.5 574.6 586.2 593.1 601.6 609.2 618.5 626.5 633.4 639.7 642.9 645.5 649.5 653 655.4 659 663.5 668.6 673.4 678.2 683.2 688.2 693.4 696.5 698.2 699 697.4 695.2 692.4 689.6 687.2 685.1 682.6 680 677 673.4 668.5 662.4 655.3 643.5 627.8 625.1 620 610.6 598.9 589 583.4 578.5 575.7 573.6 569.4 559.9 551 542.8 536.4 530.7 524.9 519 511.3
473.3 456.4 447.5 440.8 435.4 435.2 434.9 434.3 441.8 449.1 456.4 467.7 481.7 497 509.1 521.7 536.1 545.5 554.1 561.7 572.3 582.1 590 598.7 606.4 614.9 623.1 629.9 636.3 639.2 641.8 643.8 646.9 649.7 654.6 659.4 662.6 667.6 673.1 678 683.2 687.5 689.2 690.9 691.5 690.4 688 685.7 683.6 681.5 679.7 677 673.7 670.7 667.3 662.4 652.3 643.2 633.3 627.9 622.3 612 600 592.9 586.3 585 578.7 574.1 565.9 559.9 557.9 550 537.2 531.6 526.6 522.1 516.4 508.8
471.9 454.7 446.4 439.1 434.1 434.3 434 433.5 440.6 447.6 454.7 466.6 480.5 495.3 507.4 519.8 531.6 541.6 551.6 558 567.2 577.6 586 597.5 605.1 612.7 619.7 626.8 632.2 635.2 635.8 637.2 640.5 644.5 649.4 654.2 657 661.8 667.7 672.8 678 681.6 683.2 684.8 684.3 682.8 681.2 679 676.5 674.3 673.2 664.4 662.7 662.9 658 659.3 651.5 638 631.7 623.9 616.9 606.2 596.6 588.1 590.5 583.7 578.2 571.2 559.5 556.4 561.6 547 530.7 525.4 522.1 516.8 510.6 503.3
472.2 453.9 443.2 435.6 433.2 432.8 432.5 432.8 439.3 444.8 451.9 463 478.1 492.9 505.7 518.2 532.1 540.7 547.1 554.1 562.1 575.5 585.9 596.4 603.5 610.1 616.8 622.6 628.9 630.1 629.5 631.9 635.8 638.7 643.6 647.8 650.7 655.6 662 667.3 672.5 675.7 677.8 677.6 676.1 675.7 673.7 670.6 663.6 665.7 666.2 666.5 664.7 662.3 661.5 658 650.6 642.8 632.6 629.5 622.6 612 595.5 596.2 588.8 583.3 575.1 566.1 557.8 547.8 550 539.6 530.9 516.2 512.3 507.3 500.2 493
477 453.7 440.9 432.9 432.2 431.9 431.9 431.8 435.3 441.3 450.5 461.7 474.5 488.4 502.2 516.8 533.7 543.8 546 553.5 560.2 573.2 583.3 593.1 602.6 609.2 613.5 618.1 621.5 622.4 623.9 626.3 630.3 632.9 637.2 641.5 643.8 648.2 655.5 661.1 666.9 670.1 671.7 670.8 669.8 668.7 665.7 664.4 661.9 662.5 663.2 664 662.8 661 659.6 656 650.7 643.6 640.2 633.2 624.6 608.7 600.9 593.9 585.2 577.2 570.5 561.9 552.5 542.2 545.3 546.4 526.5 510.2 499.8 496.8 490.8 485
475.5 457 439 432.2 431.2 431.1 431.3 431.5 430.6 438.1 446.5 460.4 472 486.4 500.4 514.7 531.6 539.3 543.5 552.3 562.9 573.5 583.9 594.1 601.1 607.5 612.4 615.2 615.9 618.2 618.8 620.3 623.4 626.9 631 635.7 638.1 642.6 649.4 655.9 661.9 664.1 665.5 665.2 664.3 663.5 663.2 663 661.9 660.5 659.5 660 660.6 660.2 659.1 656.5 653.2 649.6 645 637.2 626.6 615.3 604 595.3 586.5 577.5 568.7 559.9 549.5 539.5 533.5 532.5 517.4 506.4 496 488.8 484.8 480.3
465.4 450.1 439 431.9 430.5 430.9 431.1 431.3 430.9 434 443.8 458.5 470.5 485.2 498.9 512.7 528.9 533.2 542.3 551.1 563.2 574.1 583.4 592.6 600.1 606.7 610.5 612.4 612 614.2 613.8 614.3 617.2 620.8 624.9 629 632.2 636.1 642.9 650.3 656.8 659.9 661.2 660.7 659.8 658.6 657.8 657.8 656.9 655.8 655 655.9 656.7 658 658.8 657.2 655.1 652.2 646.1 637.7 628.2 619.1 608.5 598.7 586.8 576.7 568 559.6 549.6 537.5 528 513.8 508.3 499.7 492.4 487.4 482.9 477
455.3 446.5 438 431.5 429.5 430 430.4 430.4 429.9 434.1 443.7 456.5 470 483.1 496 509.2 521.1 528.5 538.8 550.9 562.4 573.6 581.1 591.3 601.8 606.7 610.8 612.3 609.7 609.8 610.6 608.8 611.9 616 619.5 622.2 625.9 629.8 636.4 645 652.1 655.6 656.5 656.3 655.2 653.8 652.3 652.4 651.5 650.4 649.3 649.5 652.1 654.6 656.2 655.6 653.7 651.3 645 637 630.1 621.2 612.4 600.8 586.6 575.5 567.3 561.9 555.9 538 525.7 513.5 502.8 496.2 492.1 487.2 481.9 475
445.5 441 435.8 430.6 428.5 428.5 428.7 428.8 429 433.4 445.1 456 468 481.1 494.5 508.2 515.3 526.2 541.1 552.1 564.5 571.6 582 593.6 602.8 606.8 611.1 613.2 608.3 605.8 603.7 603 605.9 609.7 613.9 616.8 619.2 623.7 629.7 638.3 645.9 649.5 649.7 650.5 649.9 648.6 647.2 646.1 645.2 643.8 642.9 641.3 642.7 647.3 652 653.3 651.6 647.3 643.3 637.4 630.4 621.3 609.4 596.6 584.7 573.4 565.1 557.9 544.4 528 513.8 505.2 497.4 494.8 492.2 486.9 478.2 471.4
438.8 434.9 430.8 428.2 428.1 428 427.9 427.4 428.1 433.7 446.7 458.4 469.5 481.5 493.9 503.6 512.2 523.5 537.1 549.4 560.4 570.8 584.4 595.8 603.2 607.6 611.8 610.7 607.7 604.1 602.3 601.7 603.2 605.8 605.9 609.7 613.1 617.7 623.1 631.3 640.3 642.9 643.1 643.8 643.6 642.2 640.8 639.9 637.8 638.2 638.5 638.7 638.1 640.7 643.1 649 647.1 642.6 638.2 633.3 626.9 618.6 605.9 592.6 579.8 570.1 553.8 535.6 518.5 504.8 497.5 494 488.8 492.5 488.3 481 473.4 466.6
432.8 429.3 427.2 427.1 427 427.1 426.9 426.9 428.9 437.6 447.3 458.7 470.8 481.9 492.7 501.2 509 519.8 531.2 543.3 556.9 569.4 584 595.4 599.8 606.2 608.9 609.8 607.3 603.5 602.6 601.9 601.2 604.8 605.2 605.9 607.5 611.9 616.8 623.5 630.9 634.5 636 636.5 637.1 637.3 636.7 634.4 634.5 635.2 634.2 633.8 634.9 636.1 638.5 641.2 640 636.3 631.6 625.5 618.1 610.4 596.5 583.9 568.5 549.8 528.1 509.4 496.8 486.4 480.3 479.4 479.8 486 482.5 472.8 467.6 461.7
428.1 426.8 426 426 425.9 425.9 426.1 427.1 431.2 437.4 445.1 456.9 470.7 482.4 490.5 497.9 506 516.3 526.3 537.6 551.1 566.8 582.4 590.7 596 600.3 602.4 605.6 606 603.3 601.1 600.1 599.7 600.2 601.1 601.1 602.5 604.2 608.7 615.3 622.5 626.3 627.8 629.1 630.2 631.8 630.5 627.4 626.9 627.1 626 625.9 628.4 634.3 635.1 633.7 630.6 627.3 623.8 616.3 604.4 589.1 573.4 558.8 542.3 522.4 504.1 492.2 483.8 489 492.7 490.8 486.2 477.2 472.6 464.5 461.3 457.2
426.2 425.6 424.7 424.8 424.9 425.7 426.8 427.6 434.9 439.3 444.7 457.4 469.6 480.1 487.5 494.6 503.9 513.2 523.2 533.2 545.9 562.4 576.6 585.6 592.8 596.5 598.5 600.6 601.3 600.3 598.8 598.1 596.6 598.2 597.4 594.2 594.2 596.9 599.7 604.9 611.4 616.3 620 622.4 622.7 622.9 622.5 619.6 615.8 616.6 613.6 613.2 620.4 633 634.2 634.1 629.6 626.1 623.3 608.7 580.4 563.4 549.6 533 513.1 498.8 487 486.6 498.7 505.4 503.9 497.6 493.7 486.6 480 471.4 467 465
424.9 424.6 423.5 423.5 424.2 425.3 426.4 430 436.6 441 445.5 455.3 466 475.5 483.3 490.8 500.3 509.6 518.9 528.7 540.1 555.7 568.7 580 589 595 595.5 595.4 596.5 594.8 591.7 590 591.2 593.5 591.5 589.5 587.7 590.5 594.2 597.1 600.5 606.5 611.9 614.3 615.3 615.5 615 613 606.7 608 608.3 612.7 611.2 628.5 634.3 633.2 625.7 621.1 615.9 589.1 564.4 539.7 520.1 504.5 493 485.8 494.5 513 518.5 519.3 514.2 506.6 499.9 494.6 488.8 482.5 475.3 471.1
423.6 423 423.5 425.4 427.2 425.5 433.4 434.1 438.1 441 443.2 451.5 460.9 470 477.9 487 495.8 504.6 513.5 524.4 535.2 549 562.1 574.4 585.6 596.3 597.2 594.9 593.6 588.4 585.8 587.1 588.5 588.6 587.5 585.8 583.1 584.3 585.8 589.7 594.5 598 601.2 604.4 605.8 606.7 606.1 601.2 591.2 588 590.5 593.6 608.2 620.7 622.8 622.5 616.7 606.2 585.1 560.3 538.8 513.3 497.8 488.4 485.8 497.8 518.2 527.8 528.7 528.4 523.4 516.9 508.8 502.6 495.5 489 483.1 477.3
422.7 422.3 422.7 427 437.7 437.5 433.4 431.7 437 441.3 442 446.3 455.2 463.7 470.6 480.3 489.8 498.7 509.4 520.1 530.7 544.8 558.2 570.6 583.2 594 598.5 597.7 592 584.5 583.2 584.9 586.6 586.4 584.4 582.3 579.6 579 579.5 581.8 585.9 589.2 592.3 594.4 596.1 596.9 595.7 595.5 599.1 582.9 589.7 581.9 607.9 605.4 603.6 596.6 590.6 577.8 554.6 532.7 509.3 492.2 485.8 494 508.7 523.6 536.5 538.7 537.4 537.1 532.5 525.6 517.6 510.2 503.2 496.3 489.4 483.3
422 421.8 421.4 424.3 426.4 428.1 428.5 430.8 436.2 442.2 442.4 445.3 450.2 459.2 463.8 473 481.8 492.5 505.4 516.7 529.9 541.1 554 566.9 579.7 591.3 598.5 600.4 594.9 584.8 582.3 582.7 584.3 582.3 577.5 574.9 574.8 574.4 574.9 575.4 577.7 579.8 582.6 584.6 586.7 589.8 591.4 591.9 589.9 580.6 573.1 578.2 588.6 585.8 580.1 571.6 562.9 547.5 530.8 505.2 489.5 485.8 496.1 516.7 534.7 544.3 547.9 549 547.4 544.4 539.3 534.2 526.4 518.7 511.5 504.6 497.7 489.6
421.5 421.3 421 422.5 422.8 424.7 427.5 432 435.9 442 443.4 444.3 447.7 451.7 458 465.1 476.7 489.1 502.1 512.8 523.8 535.6 548.9 561.7 575 585 593.3 598 596.2 585.7 582.7 580.6 581.7 580.3 569.7 570.3 571 570.4 570.1 570.4 570.9 573 576 577 578.8 581.9 584.3 583.6 579.6 577.7 565.3 572.9 569.8 566.1 560.9 547.8 528.3 517.3 499.2 485.9 488.3 503.4 521.8 541.6 551 556.1 558.6 558.7 556.4 551.8 547 541.5 535.1 527.7 520.4 511.4 502.1 496.2
423.6 423.7 421.6 420.4 419.2 421.9 426 431 434 439.4 444.1 444.7 445.2 448.6 452.2 460.3 470.1 485.4 497 507.3 517.4 529.8 543.8 557 569.8 577.7 583.2 587 588.1 584.7 581.6 579.6 578.1 576.1 569.2 566.5 566.9 566.7 565.7 565.4 566.3 567.5 569 569.8 571.7 574.3 576.6 578.1 573 569.9 554.3 559.1 558.5 554.2 543.2 527 509 494.3 488.5 501.7 518.4 533 547.7 554.5 559.5 563.8 567 567 564.7 560.5 555.7 550.1 543.6 533.9 524.6 515.3 508.6 502.7
429.8 429.3 427.4 425.9 421.3 419.3 425.7 430.1 432.6 437.4 441.7 443.5 444.3 445.2 448.3 455.2 465.6 479.6 490 499.8 510.1 523.4 538.9 552.9 565.7 572 576.1 577.6 579.1 580.4 578.6 577.4 574.9 572.3 568.1 564.7 563.2 564 563.2 561.3 561.6 561.9 562.2 563.4 565.4 567.5 568.6 568.6 567.7 565.4 560 543.1 548.3 540.9 532.6 510.4 495.2 495.4 514.8 531.4 545.5 554.1 560.8 564.3 568.6 571.7 573.2 573.3 573.2 568.6 563.8 558.2 551.4 539.5 530.2 521.7 514.8 509.2
434.9 431.1 428.2 425.8 421 418.5 428.2 431.1 431.4 435.6 439 441.9 442.4 441.8 446 452.5 460.5 471.1 481.3 491.2 502 515.4 532.6 547.3 559 566.2 571.1 573.4 576.8 579.3 580.6 575.5 569.8 566.8 566 563.5 559.8 561.7 559.3 555.8 556.5 556.5 556.6 557.2 559 560.7 562.7 562.5 561.6 556.7 551.1 527.8 534.9 520.1 503.5 493.6 504.6 522.1 541.7 554.2 562.3 564.9 569.4 573.4 576.1 577.9 577.9 578.5 578.5 575.1 570.5 564.5 556.9 546.3 536.1 527.6 518.7 513.1
440.2 432.2 428.5 426.2 421.6 418 423.1 427.8 430.7 433.7 436.5 439.9 439.3 438.5 441.2 448.2 456.4 464.1 472.9 482.6 493.9 506.2 523.3 539.1 549.8 560.2 566.9 570.6 574.9 579.8 583.5 574 567 562.5 559.6 557.7 554.9 557.7 555.6 552.4 551.1 551 551.1 551.4 552.9 554 555.8 556.8 542.5 523.2 515.4 506.5 507.9 496.9 494.1 515.3 533.4 548.3 562 568.5 571.6 573.9 576.3 579.4 581 582.2 583 583.3 582.7 580.1 575.7 568.5 560.6 551.4 541.6 532.7 524 514.6
443.8 435.8 429.8 427 426 417.5 418.8 422.5 426.3 430.3 433.7 436.4 436 434 435.9 442.8 450.2 457.2 465.1 473.9 483.1 495.2 508.3 523.1 537.5 551.2 558.7 564.6 573.1 581.6 575.8 567.9 565.6 561.4 559.4 553 551.3 552.9 551.8 548.5 545 545 545.1 545.3 547.5 548.8 546.9 537.8 514.3 511.4 517.7 506.6 496.7 494.3 515.2 540.2 556 567.2 575.1 576.7 578.3 579.9 581.7 583.2 584.2 585.5 586.4 585.9 585.2 582.6 578.2 570.8 563.8 556.6 547.8 538.7 529 517.9
449.5 443.4 435.4 428.9 426.4 427.3 417.7 415.9 415.4 427.4 428.3 432.1 432.7 430.8 430.4 435.1 443.9 450.6 455.9 464.4 473 483.8 495.7 507.6 519.3 530.9 538.2 548.3 560 563.7 562.8 560.6 559.1 558.8 555.8 552.3 544.2 546.6 544.9 542.1 539.7 538.2 538.2 539.2 541.5 543.5 529.7 516.4 504.1 527.4 535.6 525.7 513.3 520 539.1 559.3 571.2 577.9 580.2 581.4 581.2 583.1 584.9 587.3 588.5 589.7 589.3 589 587.8 584.7 580.6 573.2 567.7 562 552.7 543 533.1 522
