app/static/ascii/NO14.asc
ncols 200
nrows 200
xllcorner 310000
yllcorner 740000
cellsize 50
[rows 114 to 151 of 200, columns 0 to 84 of 200]
75.4 73.3 73.9 76.3 72.9 65.3 59.7 53.4 52.5 50.8 50.1 49.6 50 49.8 49.3 48.9 49 48.8 47.9 47.9 47.9 47.9 47.9 47.9 47.9 47.9 47.9 47.9 47.9 47.9 47.9 47.9 47.9 47.9 47.9 47.9 47.9 49.8 54.1 56.7 58.6 53.3 57.3 56.6 56 55.4 51.7 49.3 49.2 53.4 55.2 58.5 63.3 65.4 63.4 64.6 65 64.8 62.7 61.7 60.1 60 58.9 57.5 57 56.5 55 51.8 48.3 46.8 49 49.4 45.1 45.1 45.1 45.1 45.1 45.1 45.1 45.1 45.1 45.1 45.1 45.1 45.1
74.7 72.4 72.2 74.2 67.9 63 59.6 55.5 55.6 57.9 54.6 52.9 53.6 55.7 51.2 49.2 48.4 48.7 47.9 47.9 47.9 47.9 47.9 47.9 47.9 47.9 47.9 47.9 47.9 47.9 47.9 47.9 47.9 47.9 47.9 47.9 51.1 55.6 56.3 59.4 59.3 58.7 57.2 55 51.2 51.4 51.6 54.9 61.9 60.5 61.6 62.2 66 67.1 67.2 65.8 68.3 68.4 66.7 64.7 65.4 64 62.9 62.6 61.1 59.4 55.7 53.4 51.2 51.5 53.9 50.6 46.3 45.1 45.1 45.1 45.1 45.1 45.1 45.1 45.1 45.1 45.1 45.1 45.1
74.5 73.4 70.7 72.1 66.5 63.2 58.9 56.5 57.7 57.6 56.6 54.2 54 52.3 49.9 50 49.3 48.3 48.7 47.9 47.9 47.9 47.9 47.9 47.9 47.9 47.9 47.9 47.9 47.9 47.9 47.9 47.9 47.9 47.9 47.9 58.1 58.5 59.8 59.9 59.2 57.1 54.1 54.2 52.5 56.5 59.6 61 61.7 62.1 66 67 69.2 68.1 69.2 69.9 70.6 70 69.6 69.7 69.2 68.8 67.5 68 65.2 63.6 61.2 61 60.5 59.1 56.2 52.6 49.6 46.7 45.1 45.1 45.1 45.1 45.1 45.1 45.1 45.1 45.1 45.1 45.1
77 78.1 73.7 69.1 66.8 63.5 60.8 59 57.8 57.7 56.7 53.2 50.8 50.1 49.4 48.6 48.8 48.5 49.3 47.9 48.7 47.9 47.9 47.9 47.9 47.9 47.9 47.9 47.9 47.9 47.9 47.9 47.9 47.9 47.9 53.6 59.1 59.3 59.4 59.4 56.1 53.6 56.1 55.9 59.7 62.6 64.1 64.8 65.1 66 68.1 71 72.6 71.1 73.2 72.5 72.8 72.9 73.1 73.5 73.6 75.1 75.7 74.4 71.4 69.3 67.8 65.3 62.7 60.9 59.6 56.4 53.6 51.7 48.4 45.1 45.1 45.1 45.1 45.1 45.1 45.1 45.1 45.1 45.1
85.1 82.4 79.1 73.7 69.9 65.9 63.2 61.2 59.4 57.9 55.9 53 50.9 50.3 50.2 49.5 48.9 48.2 51.3 50.6 56.5 60 47.9 47.9 47.9 47.9 47.9 47.9 47.9 47.9 47.9 47.9 47.9 47.9 47.9 58.6 60.3 59.5 58.8 57.6 55.1 59.4 61.7 63.5 65.6 67.3 67.3 67.2 67.4 67.7 70.4 71.6 72.6 72.4 72.4 73.6 76 77.2 76.5 77.9 78.1 79.1 79.3 77.3 74.4 73.5 73.7 72.5 71.5 68.4 64.6 60.5 56.9 54.9 52.8 49.6 45.3 45.1 45.1 45.7 45.1 45.1 45.1 45.1 45.1
84.8 82.4 81.9 76.4 71.5 68.3 66.3 65 62.5 59.6 56.5 54.9 52.7 51.6 51.6 50.7 49.2 50.9 53.4 54 56.8 65.5 50.7 47.9 47.9 47.9 51.3 47.9 47.9 47.9 47.9 47.9 47.9 47.9 49.7 59.8 60.9 60.2 58.3 58.3 64 66.5 68.7 69.6 70.1 69.5 68.7 67.8 68.4 69.8 70.8 72 71.8 72.2 74.2 75.6 75.6 77 77.9 78.8 77.5 79.5 80.5 78.5 80 79.2 76.7 76.6 75.4 72.1 68.7 64.6 59.8 57.1 55.3 55 51.1 47.1 46.4 46.4 45.5 47.5 47.8 45.1 45.1
87.5 85.7 82.8 78 74.2 71.2 69.3 67.2 63.9 61.9 60.6 58.1 55.6 54.3 53.9 52.6 51.4 53.4 52.5 51.5 50.5 58.8 51.9 47.9 47.9 47.9 47.9 47.9 47.9 47.9 47.9 47.9 47.9 47.9 55 59.7 60.5 60.8 63.4 67 71.6 71.3 72.6 73.5 73.7 71.6 70.8 70.1 70.4 72.5 73.5 73.8 74.8 77.6 77 76.9 77.8 79 78.9 79.1 77.8 78.4 80.3 82.2 81.7 80.3 78.2 77.9 76.7 74.3 71.9 67.2 65 63.9 59.7 58 54 50.6 48.4 47.5 51.2 52.9 53 51.9 47.9
92.8 89.6 86.2 82.2 78.2 74.7 71.3 69.5 67.5 66.6 66.1 65.3 61.5 58.6 57.5 55.7 54.3 52.5 50.8 51.6 50.2 52 49.8 47.9 47.9 47.9 47.9 47.9 47.9 47.9 47.9 47.9 47.9 55 58.2 58.2 61.3 64.7 67.8 72.7 74.8 75.9 76.5 77.4 77 75 74.2 74.7 74.7 75.4 75.9 75.1 77 77.7 78.3 78.7 79.7 80.5 79.4 78.7 79.4 80.2 79.9 80.7 81.5 81.2 80.2 78.8 77.9 76.5 74.3 73.9 73.9 73.2 68.7 63.8 59 56.2 52.8 51.2 53.6 54.4 53.9 53.8 53.5
99.4 94.8 90.5 87.1 83.5 79.6 77.2 75.7 73.5 78.6 73.5 68.7 65.4 64.5 61.1 59.6 57.5 55.7 55.4 54.6 53.1 53.9 51.8 48.3 47.9 47.9 47.9 47.9 47.9 47.9 47.9 47.9 50.6 54 55.8 60.4 64.5 68 72 79 79.6 79.3 79.6 79.9 79 78.4 78.8 78.8 79.3 79.7 79.6 78.4 78.9 79.8 80.4 80.9 81.5 82 81 80.4 82.3 82.2 81.5 82.8 82.7 81.6 80.9 81 81.1 80.7 80.9 81.1 81.1 79.8 74.4 68.7 64.6 61.2 58.9 54.3 52.3 53.2 53.5 53.4 53.2
105.6 100.8 95.8 92.7 89.1 86 84.4 84.9 83 82.2 79.3 74.3 71.3 68.2 65.5 65 62.6 60.9 59.7 58.6 57.2 56 54.5 51.9 49.1 47.9 47.9 47.9 47.9 47.9 47.9 47.9 52.7 59.4 58.9 60.5 64 69.2 74.4 81.4 83.2 83 83.1 82.5 80.9 80.9 82 82.1 82.9 81.9 80.4 80.1 80.2 81.2 82.5 83 83 82.1 80.8 81.4 83 84.6 85.4 86.1 83.8 82.5 83.4 84.3 84.6 85 85.5 85.5 83.9 82.2 77.6 72.2 68.6 67.4 65 59.7 52.9 52.1 52.9 51.5 53
109.6 106.9 103.6 100.7 96.3 93.1 93 91.9 88.7 85.7 81.8 78.7 76.4 73.4 70.8 69.2 66.7 65.4 64.2 63.5 61.9 59.6 58.1 55.2 50.9 47.9 47.9 47.9 47.9 47.9 47.9 47.9 53.4 60.7 61.7 61.9 64.6 67.9 73.5 79 84 84.6 84.3 83.7 81.9 83.6 83 83.2 83.3 82.7 82.1 82 82.1 83.1 83.6 84.3 84 82.9 81.4 82.6 86.2 88.2 87.1 85.5 85.4 84.9 86.6 87.2 87.4 87.7 87.9 87.3 85.3 83.2 81.1 77.6 74.7 70.7 67.1 62.5 57 53.3 51.7 51.7 53.2
114.4 112.5 110.4 108.3 107.3 102.4 100.5 96.6 92 89 85.2 82.6 80.7 78.3 75.9 73.3 71.5 69.3 67 65.2 64.5 62.1 59.7 56 51.2 47.9 47.9 47.9 47.9 47.9 47.9 48.3 52.4 53.7 63.6 65.1 67.1 71.1 74.7 76 78.8 80.8 82 82.8 82.1 83.5 83.6 83.6 83.5 83.4 83.4 84.2 84.6 84.6 84.5 85.4 84.8 82.8 82.4 85.2 87.1 87.1 86.6 86.2 87.7 89.3 89.7 90.3 90.3 90 89.2 88.3 86.7 85.2 83.7 82.2 80.7 77.5 71.2 65.9 61 57.7 54.2 52.1 51.5
122.4 120.3 119.5 120.1 120.3 115.1 110.3 103.5 98.5 94.4 90.8 88.3 86.6 84.9 82.6 79.8 76.9 73.6 69.8 67 65.9 64.2 61.3 57.1 52.6 48.3 47.9 47.9 47.9 47.9 47.9 50.8 57.9 61.2 63 62.7 73.5 73.6 73.8 74.4 74.8 75.8 78.3 80.5 81.4 82.3 82.4 81.6 81.2 84 85.2 86.8 87.3 87.2 87.3 86.5 85.8 85.5 85.9 88.3 89.1 88.8 89.7 91 92.8 93.7 93.9 93.3 92.9 92.3 91.2 90 88.8 87.7 86.9 86.2 85.1 83.2 80.2 75.4 65.7 60.2 56.6 54.2 51.8
131.4 131.2 131.4 131.3 130.1 125.4 117.6 110.5 104.6 101.2 99.2 97.1 95 92.8 89.8 86.2 82.2 77.1 73.4 70.6 68.9 65.7 62.9 58.6 53.6 50.7 49.7 49.4 47.9 48.5 49.7 56.3 61.9 64.3 67.7 72.6 73.6 73.6 73.3 73.6 74.1 74 75.1 77.5 79 79.1 78.9 78.6 78.8 82.3 85.5 88.2 88.9 89 88.2 87.1 87.9 90.5 92.3 91.1 92.2 94.6 95.3 96.7 97.8 98.5 97.8 96.6 95.7 95 93.6 92.4 91.1 89.7 89.2 88.7 87.9 86 84.5 82.1 74.5 66.6 62.8 57.5 54.3
139.5 141.4 142 141.9 139.8 132.1 124.6 118.3 113 110.4 108.2 106 103.6 100.7 96.8 92.5 86.1 80 76.6 73.3 70.5 66.9 63.2 58.4 54.5 51.8 50.1 50.5 51 52.7 56.1 62.2 65.2 68.4 74.5 76.3 76.1 74.2 73.4 74 76.5 79.6 79 78.8 78.1 77.1 76.9 76.6 76.9 78.7 81.5 84.4 87.2 88.1 89.8 90.9 93 96.3 98.2 97.3 98.3 99.7 100.7 102.3 103.1 104 102.6 101.5 100.6 98.3 96.6 95.4 94.2 92.8 91.4 90.9 90 88.9 86.5 85 80.4 74.4 70.5 66.1 58.3
146.2 149.4 151.4 150.3 145.5 138.3 130.4 125.3 120.7 118.2 115.8 113.3 110.6 106.5 101.8 94.6 87 82.7 78.1 74.8 70.2 66 62.8 59.5 55.8 51.7 52 53.2 58.5 60.3 66.6 67.2 70.1 76.1 80.2 77.6 76.7 75.4 76.7 79.7 81 84.3 84.2 82.8 80.9 78.7 77.1 77.1 76.9 76.8 78.4 82.1 85.2 86.9 90.5 92.9 96 100.8 103.9 106 106.4 106 106.7 107.6 108.9 108.6 107.3 105.5 103.8 102.8 100.8 99.1 97.2 96.1 94.8 93.4 92 90.9 89.6 88.5 85.3 78.3 73.8 70.5 65
154.2 159.5 156.6 154 148 142.1 135.6 129.8 125.8 123.6 121.5 118.5 114.4 109.9 102.1 94.7 89.6 84.7 80.3 74.6 69.9 66 62.6 58.8 55 52.8 56.4 62.7 69.3 72 76.9 73.9 76.8 82 83.6 81.8 80.3 79.9 80.4 84.1 86 87.6 87.7 85.6 81.9 79.8 77.6 76.6 76.4 76.5 78.7 84.9 89.2 89.6 90.4 92.7 97.7 103 107.2 109.8 111.1 111.8 112.5 113.4 113.9 113.2 111.9 109.9 108.3 107.2 105 103.2 101.6 100.1 98.2 96.4 94.4 93 91.8 90.5 87.5 81.5 75.4 72.5 69.5
166.4 163.3 161 157.1 152.5 146.8 140.1 136.9 128.7 125.1 123.2 119.9 114.4 107.4 100.3 95.5 91.4 87 81.3 75.7 71.2 67.3 63.5 59.6 57.3 61.1 66.1 69.2 73.9 79.1 81.9 80.8 84.4 87 86 86.7 84.7 84.1 85.7 87.5 88.8 88.2 87.3 85.3 82.2 79.5 77.7 76.6 76.3 78.9 83.3 86.7 88.7 89.9 92 96.1 100.9 105.6 109.3 112 114.3 116.2 117.1 117.9 118.4 117.7 116.9 114.8 113.2 111.4 109.4 107.5 105.9 103.8 101.8 99.6 97.3 95.6 94.4 92.3 89.9 85.8 78 72.9 71
167.6 166.7 164.8 160.6 155.9 150.6 142 133.4 129.4 125.7 121 115.7 109.8 103.4 98.4 95.1 91.5 87.1 82.4 77 72.3 68.3 64 60.6 61.1 67.4 71.2 74.9 78.5 83.1 88.8 89.7 92.4 91.3 89.1 88.9 87.6 88.6 93.8 93.5 91.8 88.9 86.8 83.7 81.4 79.5 77.4 76.6 78.8 86.8 87.4 87.3 88.2 91.8 95.7 100.6 105.3 109.5 113.3 117.1 118.8 120.2 121 122 122.8 122.3 121.5 119.4 117.5 115.6 113.7 111.5 109 106.7 104.6 102.5 100.3 98.1 96.6 94.5 92.3 88.3 82.4 75.5 70.8
171.1 170.3 168.6 164 158.3 151.2 140.3 134.9 131 125.2 118.9 113.5 106.4 100.3 95.7 92.4 88.5 84.3 81.3 77.4 73.2 68.2 63.4 65.6 68 74.6 83.2 81.6 84.6 90.4 97 95.5 96.4 92.7 91.6 91.9 93.8 93.4 93.4 93.3 92.7 89.9 85.8 82.6 79.7 78.1 77.7 82.9 87.6 87.5 87.1 87.2 88.6 93.5 99 103.6 108.8 113.5 116.8 120.2 122.3 123.4 124.2 125.4 126.3 125.9 124.2 122.3 120.5 118.5 116.1 113.8 111.5 109 106.5 104.5 102.5 100.2 98.1 95.9 93.7 89.6 84.6 82 73
174.9 179.2 176.8 170.5 161.8 153.5 138.4 131.8 128 122.8 117.6 111.1 103.9 98 93.7 90.1 86.4 83.2 79.5 74.6 72.2 70.4 70.8 75.4 79.2 84.4 86 87.8 91.6 95.9 99.1 98.6 101.7 95.2 92.4 92.7 95.4 96.5 100.2 97.6 93.5 89 85.2 81.6 79.2 78.4 89.5 89 86.9 86.5 84.1 84.7 90.6 94.6 99.3 106.1 112.1 117 121.1 123.5 125.3 126.5 127.3 128.2 128.7 127.8 126.4 124.4 122.4 120.2 117.8 115.3 112.3 110 107.7 106.3 103.6 101.3 99.4 97.5 95.1 90.5 85.7 82.7 76.5
184 183.7 180.9 174.9 167.8 159.9 134.4 127 121.5 117.8 112.7 106.5 100.5 95.8 91.9 87.8 85.2 82.5 79.7 79.6 78.3 78 80.5 84.1 87.3 90.1 90 94.7 97.6 99.1 105.7 101.2 98.2 94.2 96.5 100.6 102.1 99.2 96.8 94 91.2 88 85.2 83.7 84.2 87.3 85.2 86.5 84.4 81.9 82.2 83.5 89.5 95.9 102.2 109.4 116.1 120.4 124.7 126.9 128.8 130 130.3 130.8 130.5 129.3 127.7 125.8 123.5 121 118.2 115.5 113.1 110.9 108 106.1 104.1 102.1 100 97.9 95.8 92.1 87.7 85.1 80.1
187.9 184.7 178.2 175.4 159.5 140.7 132.5 124 116.8 110.7 106.4 101.1 98.3 93.7 88.9 84.6 83.5 84 84.7 84.8 86.3 86.5 90.3 91.5 90.3 92.6 94.1 97.9 102.6 106.7 110 106.7 100.4 99.5 107.1 105 102.9 99.3 95.7 92.8 90.3 88.1 87.9 92 90.7 88.8 87.9 85.4 81 81 81.6 87 93 103.8 110.9 116.7 121.2 128.5 131.2 132 132.6 132.7 131.2 130.9 129.5 128.9 127.3 125 122.8 120.9 119 115.6 113.5 111 108.5 106.3 104 101.8 99.5 97.1 95.2 93.1 89.9 87.9 84.3
187 179.9 171.2 155.1 142.8 135 126.3 118.2 110.1 105 100.6 96.9 95.3 92 87 85.5 87.1 88 89.4 91.9 93.4 97.8 101.7 100.3 100.4 100.2 102.4 105.2 108.9 109 109 106.1 104.2 105.8 109.3 105.9 102.2 99.1 96.9 94 91.9 90.5 90.5 90.2 89.9 89.6 88.6 86.4 81.4 81 82 88.4 96 108.5 115.4 123.6 131 134.2 135.6 135.2 134.8 133.9 130.3 128.1 126.7 125.9 124.9 123 120.8 118.5 116.8 114.4 112.2 110.4 108.2 106 103.7 101.2 98.7 96.4 94.7 93.1 91 89.8 87
184.7 164.9 150.5 141 134 126 117.4 109.5 103.3 99.1 96.5 93.9 92.7 90.6 88.9 91.6 94.1 95.8 98.3 100.1 101.6 102.4 102.9 103.5 105.1 106.9 109 110.9 113.3 111.3 109.8 109.7 108.4 108.6 107.1 104.8 102.2 100.2 98.1 95.4 92.9 91.6 90.6 89.9 89.6 89.7 88.3 86.3 82.8 81 81.6 88.8 97.7 106.5 121.3 131.5 136 138.9 137.1 134.7 132.3 129.4 127.4 125 123.1 121.8 120.6 119.3 117.5 115.2 113.4 111.7 110.1 108.5 106.5 104.4 102.2 100.2 97.8 95.9 94.2 92.7 91.5 90.9 88.2
164.6 150 140 133.1 126 116.9 108.4 102.3 96.7 94.2 92.9 92.7 91.9 93.2 96.2 100 102.3 103.8 105.9 107.4 108 107.2 108.1 110.2 112.8 114.8 114.6 117 113.3 112.5 113 112.1 110.2 108.1 105.9 103.6 101.6 99.7 97.9 95.9 93.7 91.7 91 90 89.8 89.8 88.2 86.6 84.3 82 84.9 96.5 105 114.2 128.6 140 142.6 141.5 139.6 137.5 134.5 130.3 126.6 125.5 123.2 120.1 117.1 115.5 114.1 112.2 110.5 109 107.6 105.7 104.1 102.5 100.6 98.7 96.9 95.2 93.5 92.1 91.4 90.9 88.4
149.1 138.6 131.5 124.8 116.3 109 101.3 96.3 93.9 93.4 93.4 94.4 97.3 100.7 102.7 106.2 108.1 110.6 112.1 113.1 114.5 113.6 114.5 116.1 117.9 120.1 121.6 118.2 119.5 117.8 115.5 112.2 109.4 107.3 105.7 104.5 101.7 99.7 97.6 95.3 93.6 92.2 91.5 90.6 90.2 89.4 88.5 87.4 87 87.1 94.2 104.3 110.9 121.5 135.5 145.3 149 148.5 145.2 143.3 139.8 135.6 132 128.7 126.6 121.9 117.9 115.3 113.2 110.9 108.8 107.3 105.7 104.5 102.7 101.1 99.4 97.6 95.9 94.1 92.8 91.6 90.2 89.3 87.7
136.5 128.1 121.4 114.5 108.1 102.2 97.1 95.1 95 96.9 98.4 101.2 104.2 107.6 109.7 111.7 114.5 115.9 116.9 117.9 119.2 118.4 119.9 121.7 123.6 123.1 125.1 122.8 120.1 117.8 115.9 111.7 109.2 108 107 105.3 102.1 99.6 97.5 95.7 94 92.5 91.5 90.4 89.6 89 88 88 90.1 93.8 101.9 109.4 114.2 127.1 139.4 144.8 147.5 149.7 148 147.1 145 141 137 133.2 129.1 124.5 120.6 117.6 114.4 111.7 109.2 107.8 105.5 104.1 102.3 100.8 99.4 97.8 96.2 94.7 93.1 91.7 90.4 89.2 85.7
129.3 120.7 114.4 106.6 101.4 98.2 96.5 96.9 98.7 101.3 104.1 107.4 111.1 113.2 115.9 117.1 118.4 119.6 121 121.8 121.6 124.5 124.3 125.9 124.8 126.8 125.9 124.5 122.6 120.9 116.7 113.1 110.1 110 108.9 105.9 102.8 100.1 98 96.2 94.5 93 91.5 90.3 89.3 88.5 88.9 91.3 94.9 98.8 105.5 111.7 116.9 129.9 138.9 143.7 146.8 148 147.7 147.2 145.9 143.5 140.1 136.7 132.8 128.1 123.7 120.4 117.5 113.7 111.2 108.9 106.6 104.3 102.9 101.7 100.3 98.5 96.9 95.5 94.1 92.7 91.6 90.2 88.4
119.5 113 106.8 103.2 99.5 98 98.8 100.5 103.2 106.1 109 112.5 115 117.2 119.7 120.6 121.4 122.9 124.2 127.9 133.3 133.5 131.5 130.7 136.2 134.7 130 128.6 127.5 122.9 119.3 113.3 113.7 113 110.8 107.6 104.2 101.2 98.8 97.2 96 94 92.3 91.5 89.9 89.2 90.9 94.3 98.2 102.3 106.1 113 119.1 130.1 139.4 142.8 146 146.9 146 145.3 143.9 141.7 139.3 136.7 133 128.7 124.8 122.8 119.2 115.7 112.8 110.4 107.9 105.7 104.3 103.1 101.5 99.6 97.8 96.6 95.2 93.6 92.7 91.3 89.9
115.4 109.6 104.7 101.1 99.5 99.8 101.4 104.2 107.6 110.8 114.8 118.4 120.1 121.5 122.8 122.9 123.9 124.8 128.2 133.4 136.2 140.2 136.9 136.5 138.1 137.6 135.2 129.7 126.8 120.2 117.4 116 117 115 111.8 108.9 106.5 103.2 100.6 98.7 96.9 94.9 93.6 92.6 91.4 91.2 92.3 95.3 99 103.7 108.3 113.5 119.6 129.6 139.5 143.3 145.9 145.8 144.4 143.2 142.5 140.8 138.4 135.1 131.6 127.8 124.6 122.2 119.2 116.2 113.1 110.8 108.8 107.1 105.6 104.1 102.2 100.5 99.1 97.7 96.1 94.6 93.4 92 90.6
112.7 109.6 106 103.9 103 103.5 105.7 108.2 111.9 116.9 121 124 125.2 126.2 125.8 125.4 125.6 126.9 131.2 133.8 133.7 139 142.8 143.8 142.9 141.3 137.1 132.3 124.7 121 121.6 121.9 119.4 115.8 112.3 109.2 106.6 104.3 101.6 99 96.6 95.2 94.2 92.9 91.5 90.9 91.8 94.9 99.1 103.6 108.2 112.2 120 131.8 139.4 143.8 146.3 145 144.2 143.1 141.5 139.6 137.3 134.6 131.2 127.4 124.1 121.4 118.8 115.7 113.1 110.8 109 107.2 105.4 103.8 102.3 100.6 99.4 98 96.8 95.5 94.1 92.7 91.3
111 110.3 107.9 106.7 106.3 107.5 110.1 113.9 117.2 121.9 127 129.8 130.5 132.7 134.9 135.4 133.6 132.1 132.4 134.6 134.9 141 144.5 146 144.5 142.5 138.4 129.9 125.3 125.3 126 125 120.9 116.1 112.4 110.3 107.4 104.1 101 98.7 96.4 95 93.8 92.8 91 90.5 91.2 94.2 98.5 102.9 107 112.5 122.3 131.3 139.4 144.1 146.7 146.9 146.3 145.1 143 140.7 137.5 134.6 131.6 128.3 124.5 121.1 118.6 115.9 113.3 111.1 108 106 104.6 103.1 101.3 99.7 98.3 97.2 96.2 95 94.3 93 90.4
110.1 110.2 108.8 107.4 107.8 109.8 113.7 118.7 122.5 126.8 130.4 132.9 134.2 138.4 143 142.7 140.5 135.3 135.3 137.4 139.9 146.5 150.7 154.6 151 141.5 133 128.9 125.8 124.4 124.5 123 119.8 115.1 111 108.9 107.3 104 101.7 98.5 95.9 94 92.4 91.1 89.9 89.7 90.3 93.4 97.3 101.9 105.3 110.8 120.7 130.6 140.5 144.5 148.7 149 149 147.9 146 142.8 139.6 136.1 132.9 129.2 125.2 120.8 118.4 116.3 113.7 110.9 107 105 103.8 102.4 100.5 99 97.8 96.3 95.1 93.2 92.9 91.1 88.4
110.3 109.9 107.8 105.7 107.5 111.9 117.9 124 127.7 131.2 133.3 136.2 138.6 141.2 145.3 146.1 144.4 140.6 140.5 141.4 145.6 153.4 157 150.7 140.7 135.4 129.8 126.3 124 122.9 120.2 117.8 114.4 110.5 107.1 104.8 101.1 101.3 99.3 97 94.5 91.6 89.3 88.2 88.1 88.7 90.1 92.5 96.7 100.4 104.9 109.6 117.1 126.9 135.9 143.3 147.5 148.8 150.3 149.7 148.6 147.9 144.8 139.7 135.4 131.9 128 124.5 121.4 118.6 115.5 111.8 108.3 105.9 103.7 102.1 100.5 99.2 98.2 97.5 96.6 94.5 91.9 88.2 84.6
109.6 107.8 105 106 111.9 114.5 121.6 127.5 131.1 136.7 138.6 139.1 141.8 146.6 145.4 146.3 146.5 143.2 144.2 148.7 150.9 147.4 139.1 133.8 132.6 129.7 125.6 121.8 118.7 116.7 115 111.5 108.2 104.7 101.6 97.6 95.1 93.2 91.7 91 88.9 87.8 85.7 84.9 86.1 87 88.8 91.1 95.8 99.5 103 107.5 112.5 119.4 129.3 138.2 145.9 148.9 151.1 151.9 151.6 150.3 147.1 142.3 137.7 133.7 130.1 126.6 123.6 120.5 117.2 113.2 110.3 107.7 105.5 103.6 101.9 100.6 99.3 98 97.1 95.3 92.1 89.7 87.9
107.1 103.8 101.7 105.1 111 117.2 123.4 130.8 138.5 144.3 144 142.2 141 141 145.9 148.1 150.5 148.7 151.7 153.4 143.7 132.5 131 128.5 126.5 124.2 120.6 116.5 112.3 109.8 107.9 104.8 99.9 97.6 93.9 90.4 88.3 86.5 85 83.1 82.4 81.7 80.9 79.9 82.7 84.9 86.8 88.7 91.6 95.2 99.6 104.5 109.6 114.5 121.3 133.8 141.5 148 150 151.3 152.5 150.5 146.3 141.3 137.6 134.1 130.4 127.6 125.1 122.2 118.1 114.3 111.5 109.5 107.3 105.4 103.5 102.3 101 99.3 97.7 95.6 92.7 90.9 88.6
101.7 99.5 99.6 102.4 107.7 114 121.3 131.9 143.6 146.9 146 143.6 142.1 149.5 151.5 152.5 154.2 153.4 147 134.2 129.9 127 125.6 124.9 122.8 119.1 114.3 110.2 106.1 103.1 102.3 100.2 85.6 88.2 87.1 84.9 82.1 79.6 77 76.2 75.8 76.1 74.9 74.2 78.1 81.8 84.8 86.1 86.9 89.9 94.3 99.9 104.7 109.8 114.7 124.3 137.7 144 148.3 149.8 150.4 147.6 144 140.3 137.1 133.5 129.6 128 127.2 124.2 119.3 115.7 113 111.4 109.2 107.1 104.9 104.4 102.7 100.2 98.5 95.4 93.6 91.5 87.7
