app/static/ascii/NO15.asc
ncols 200
nrows 200
xllcorner 310000
yllcorner 750000
cellsize 50
[rows 105 to 139 of 200, columns 0 to 77 of 200]
173 172.8 172.5 172.5 172.4 172.6 176.9 181.9 191.6 200.2 209.7 210.8 213.6 217 224.3 229.1 235.6 240.3 244.4 247.8 252.1 256.2 259.7 261.9 265.2 268.2 270.8 274.2 277.8 281.2 284.3 288.5 292.6 295.9 299.2 302.5 305.7 308.7 311.7 314.4 316.4 316.4 314.3 311.6 307.8 303.8 300.4 296 291.2 286.8 282 276.4 272.3 271.4 274 276.4 275.5 270.3 264.7 257.8 256.5 256.5 257.3 257.8 258.1 259.7 259.1 254.4 251.5 249.4 247.3 244.9 242.3 242.9 248 251.8 254.7 255.1
173 172.5 172.2 172.3 172.3 170.6 172.4 180.5 182.5 188.9 198.5 209.4 211.5 214.2 217 223.5 230.4 235.8 241.3 246.5 251 255.4 260.1 264 266.4 268.1 271.2 274.7 278.1 281.5 284.5 287.7 291.4 295 298.3 301.7 304.9 308.3 310.7 312.4 314.5 316.4 317 315.2 312.1 308.1 304.1 300.2 295.7 290.4 285.5 279.8 275.3 271 268 270.5 271.9 271.2 265.2 258.9 253.7 252.7 253.7 254.4 254.8 255.5 256.8 254.4 251.9 248.7 247.7 243.8 241.6 238.4 241.6 247.5 247.6 248.9
173.1 172.5 172.3 172.2 172.2 172.5 173 174.4 177.1 181.7 191.7 205.4 213.6 215.6 216.6 219.3 224.6 231.3 237.6 244.8 250 254.5 259 264.1 267.3 269.7 272.3 275.6 278.9 282.1 285.1 288 291.1 294.5 298.3 301.9 305.5 308.8 311.8 313.5 314.2 315.3 316.4 317.5 316.2 312.5 308.7 305.5 300.1 294.7 289.6 284.7 279.2 273.4 269.1 265 266.3 268.2 267.3 261.6 254.1 250.2 249.3 250.8 251.9 253.1 253.2 253.3 252.1 248.8 244.5 241.1 238 236.7 236.8 240.6 243.3 244.3
181.6 172.3 172.3 172.1 172.2 172.3 172.2 172.3 174.9 179.8 183.5 196.1 207.9 215.8 216.6 218 221.6 227.4 235.2 241.9 248.4 253.3 257.7 262.9 266.7 270.3 273.4 276.7 280 283.3 286.3 289.2 292.4 295.5 299.2 303.2 307.1 310.6 313.9 317.3 318 317.3 317 317.1 317.9 316.1 313 309.6 305.2 299.7 294.2 288.9 284.1 278.3 272.2 267 262.5 263 264.5 263.7 256.9 250 246.7 246.7 248.8 250.4 250.9 251.1 250.3 248.5 244.5 240.4 237.3 234.8 233.6 234.5 236.8 239.2
187.2 177 172.3 171.8 171.7 171.5 172.2 171.8 171.7 173.2 179.9 186.6 199.8 210.7 218.1 220 220.4 224.6 233.5 238.1 245.4 251.5 256.1 261.8 266.1 270.7 274.7 278 281.3 284.5 287.9 291.3 294.6 298 301.3 305 308.7 312.2 315.7 320.4 322.9 323.7 322.8 320.1 319 319.1 316.6 313.4 308.9 304.1 299.5 294 288.9 283.3 276.8 270.8 264.6 261.1 259.9 260.2 257.6 249.8 246.4 244.2 244.9 246.8 249.2 249.3 249 247.6 245.3 240.7 237 234.6 232.1 230.9 230.8 233.1
182.7 174 172.1 171.7 171.6 171.7 169.9 171.6 171.3 171.3 172.7 180.6 190.8 202.9 212.7 219.6 223 224.6 229 232.9 242.1 249.3 254.7 260.6 265.8 270.4 275.1 279 282.5 285.6 289.4 293.5 297.3 300.8 303.9 307.2 310.4 313.8 317.3 321.4 325.2 327.8 328.4 327.4 324.5 323.3 320.2 316.8 313.2 309.1 304.2 299 293.7 288.2 282 275.2 269 264.9 259.2 256.2 258.1 256.1 249.3 243.6 241 243.2 246.1 248.4 248.9 247.7 245.7 243.3 239.3 234.9 231.4 228.5 227.6 228
178.2 174 172 171.7 171.7 171.7 169.9 171.5 171.3 171.2 171.3 173.2 181.1 190.3 205.6 216.8 221.8 226.9 227.1 232.7 239.3 246.6 252.9 258.8 264.6 269.9 274.8 279.3 283.2 286.7 290.5 295.3 299.6 303 306.2 309.3 312.4 315.5 318.9 322.5 326 329.3 331.1 330.9 329.1 328.3 325 320.9 317.8 313.5 308.4 303.7 298.2 292.6 286.3 279.7 273.4 268.3 262.4 257.2 256 256.3 253.6 246.6 241.4 240.5 243.5 245.9 247.2 248.2 246.9 245.1 242 237.5 232.8 228.1 226.4 225.9
182.9 179.1 173.5 172 171.5 171.8 172.1 171.4 171.1 171.1 171.2 171.3 174.4 183.3 197.2 208 217 224.6 230.3 233.8 238.8 245.1 251 257.2 263.1 268.8 274.5 279.4 283.6 287.4 292.3 297.2 301.3 304.7 307.6 310.9 314 317 319.7 322.9 325.7 328.8 330.9 331.9 331.5 330.7 329.6 326.9 323.9 318.9 313.7 308.1 302.9 297.6 291.8 285.9 279.2 272.6 266.4 260.9 257.1 253.4 253.2 250.6 243.5 239.1 240.9 243.4 245.3 246.8 247.2 246.3 243.7 239.8 235.2 229.9 226.3 225
185.5 183.5 184.2 175.5 171.5 171.5 172.4 171.7 171 171 171.1 171.2 171.5 178.4 190.7 201 213 220 227.4 235.9 239.7 243.9 249.3 255.5 261.6 267.4 273.4 278.9 283.9 287.9 292.8 298.1 302.4 305.8 309 312.5 315.4 318 320.1 322.6 325.3 327.8 329.7 330.9 332 333.3 333 332.3 329.8 325.5 319.7 314 308.3 302.9 297.1 291 284.7 277.9 271.6 264.4 258.8 254.2 250.8 249.6 246.4 239.7 238.1 240.8 243 244.8 245.9 246.3 245.1 241.6 238.8 233.9 229.7 226.7
188 184.5 184.4 183.2 180.1 184.6 179 169.9 171.2 170.9 171.1 171.3 170.8 174.2 182.7 195.8 205.1 215 224.3 232.3 240 244.1 248.3 254 260.1 265.7 271.5 278 283.1 288.1 292.9 297.8 302.6 306.6 310 313.5 316.3 318.2 320 321.8 323.5 325.5 328 329.6 331.1 333.9 334.8 334.3 333 330.8 327.3 320.1 313.9 308.1 302.3 295.9 290 283.1 276.2 269.3 261.4 254.8 250.9 247.6 244.2 241 237.4 237.9 240.7 242.6 244.5 245.8 245.9 244 241.3 239.2 236.3 231.6
188.4 186.1 184.2 183.8 185.2 191.1 188.7 179.6 169.9 171.2 171 171.4 171.3 170.6 177.2 190.3 196.1 206.1 218 226.7 236.2 243.1 247.2 252.4 257.5 264 269.6 275.2 282 287.6 292.4 297.2 302 306.8 310.9 314.1 316.8 318.6 320.1 321.2 322.4 323.2 325.4 327.6 329.5 332.2 334.7 334.9 334.5 332.3 329.5 324.9 319.7 313.8 307.5 300.6 294.2 288.2 281.5 274.7 267.5 258.8 251.7 248.2 244.6 240.4 237.8 235 236.8 240.2 242.2 243.9 244.9 245.2 243.2 241.1 238.5 234.9
189.4 187.5 184.6 183.7 182.8 185.9 189.4 187.4 175.9 170.7 171.2 171.3 171 170.6 174.6 182 191.2 197.3 208.1 219.5 229.6 237.1 247.4 251.8 257.2 262.5 268.1 273.6 279.7 286.8 291.5 296.2 301.1 306.1 310.9 314 317 318.7 319.9 321.2 321.5 322.2 323 324.8 327.1 329.5 331.9 333.6 334 333.2 331.1 328.1 324.1 319 313.5 306.4 299.4 293.9 287.3 280.4 272.9 264.1 255.1 249.8 246.7 241.2 236.3 234.6 233.9 236.8 239.5 241.6 243.6 245.2 244.7 242.4 239.6 236.3
190.4 187.4 186.4 184.8 183 181 182.1 184.1 180.4 170.9 171.3 169.9 170.7 170.4 172.7 176.7 186.2 190.7 194.3 209.5 220.7 231.6 241.7 249.4 255.2 260.4 266.3 272.2 277.9 283.7 290.2 295.3 300 304.7 309.3 313.1 316 318.6 320.3 321.6 321.7 321.7 322.1 322.8 324.3 326.1 328.1 330.5 332.2 332.7 331.5 329.3 326.4 323.2 318.7 312.8 306.2 299.5 293.1 286.2 278.7 270.5 261.6 253.5 249.2 244.3 236.2 233.4 232.5 233.5 236 238.5 241.1 243.7 245.4 244.2 241.8 238.3
196.8 187.3 186.8 185.7 184.6 182.8 178.7 175.7 176.6 172.9 171.1 171.1 169.4 170.8 171.1 175.4 180.9 189.4 188.8 198.3 209.8 224.3 234.6 244.3 252.3 258.3 264.9 270.6 276.4 282.6 288.2 293.5 298.4 303.3 308.2 312.6 315.9 318.2 320.2 321.7 321.7 321.7 321.7 322 322.5 323.8 325 327.5 329.7 331.3 331.7 330.4 328.3 325.5 322.1 318.1 312.8 305.8 299.1 292.6 285 276.9 267.5 258.4 253.7 247.7 239.4 234.2 231.7 231.4 232.6 234.2 238.7 241.9 244.2 245.2 243.6 241.2
207.2 195.3 185.9 185.5 184.9 184 181.9 177.9 178.9 176.4 170.9 171.1 169.1 170.3 170.5 174 180.5 185.7 186 189.2 202.4 216.4 228.8 236.8 247.7 254.9 262.3 268.8 274.6 280.3 285.9 291.6 296.8 301.8 306.6 311.1 314.6 317.7 320 321.5 321.7 321.7 321.6 321.7 321.9 322.6 324.1 325.7 328.3 330.3 330.9 331 329.8 327 324.5 321.1 317 312 305.1 298.9 291.5 283.1 273.4 262.6 256 250.5 244.3 237.3 232.3 231.3 229.1 231.8 235.1 239.6 242.8 244 243.5 241.9
218.4 204.6 191.8 186.2 184.7 186.2 184 182 179 178.3 172.8 168.5 171 170.4 170.4 172.6 179.6 184 184.5 185.5 200 209.3 221 232.9 243.4 251.1 259.1 265.9 272.2 278.2 284 289.4 294.4 299.9 304.8 309.5 313.6 317.6 320.1 321.3 321.4 321.6 321.6 321.7 321.8 322.4 324.7 326.5 328.5 330.4 331.1 331.6 330.9 329.1 327 323.6 320 316 310.9 304.8 297.7 289.7 279.6 271.5 261.7 255.4 250.7 242.2 235.2 231.6 230 229 232 236.4 239 242.2 242.6 242.1
237.7 221.3 205.2 195.5 188.6 184.7 184.9 183.3 181 179.5 173.6 168.3 170.5 170.7 170.4 170.8 179.5 181.7 184.1 184.2 194.5 205 214.3 228 237.3 246.3 255.1 262.8 269.7 276.2 282.2 287.1 292 297.4 302.7 308.8 316.8 318.3 319.9 321.1 321.3 321.4 321.6 321.9 322 323.1 325.3 327.6 329.6 331.2 332 332.6 332.4 331.1 329.2 326.2 322.5 318.7 314.6 309.3 303 295.1 286.2 277.1 268.4 263.1 256.9 248.6 238.1 233.3 229.9 224.6 230.5 233.7 236.5 239.6 240.7 241
255.7 235.9 219.3 206.6 196 187.8 184.5 183.3 182.4 181.3 175.6 170 170 168.5 170.8 170.4 176.6 180 181.9 182.5 189.2 198.2 209.6 222.3 233 241.7 250.2 259.2 266.4 273.1 279.6 284.9 290.1 294.7 300.6 308.3 313.7 318.8 319.6 320.3 321.1 321.4 322.4 322.7 323 323.8 325.3 327.4 330.1 332.3 333.2 333.8 334.2 333.6 331.4 328.9 325.6 321.9 317.1 312.2 306.8 300.5 291.9 283.1 274.9 269.1 262.4 253.9 244 235.5 231.6 227.2 229.5 229.5 232.8 235.4 237.9 238.6
266.2 249.1 230.1 215.9 203.9 194.9 187.6 183.4 183.2 183.2 182.1 175 173.1 174.2 170.3 170.6 174.2 177.5 181.2 181.9 185.6 192.4 204.7 215.5 227 237 244.6 254 262 269.9 276.9 283 287.7 292.8 297.3 303.3 309.6 314.7 318 319.3 320.3 321.5 322.5 323.4 324.1 324.8 325.5 326.7 329.7 333.1 334.9 335.5 335.8 335.5 334.4 332.1 329 325.4 321 315.6 309.9 303.5 296.3 288.9 281.4 273.1 265.9 258.4 249.1 240.6 233.6 229.9 223.4 225.9 228.7 231.6 234.3 238
280.4 261.2 241.4 226.1 210.6 200.4 194.7 188.1 183.2 183.1 183.5 178.2 175.3 174.4 170.1 169.3 173.2 177.9 181.1 181.2 181.8 189.5 198.9 207.8 219.8 230.6 239.6 248.5 256.6 265.8 272.7 280.7 285.2 290.1 294.3 299.4 304.4 309.9 314.3 317.7 320.2 321.4 322.6 323.7 324.5 325.2 325.8 326.5 327.9 331.7 335.4 336.9 337.5 337.2 336.5 335.2 332.8 329.3 324.9 319.6 312.9 306.5 300.1 292.8 285.6 277 268.9 261.2 253.1 245.1 237.8 230.3 214.5 220.6 223.6 227.1 230.4 233.6
286.8 270.5 253.3 237.4 216.6 208.4 199.8 193.8 187.3 183.4 182.7 180.2 177 175.5 173.1 169.9 171.8 176 180.7 181.1 180.5 183.9 193.6 201.7 215.3 224.6 234.6 243.4 251.8 260.3 267.3 274.2 283 288.7 293.3 298.7 303.7 308.4 312.3 316.1 319.5 321.5 322.5 323.6 324.6 325.3 326 326.7 327.7 329.8 334.7 338.1 339.3 339.2 338.5 337.4 335.5 332.7 328.5 323.3 316.9 309.7 303.2 296.3 288.6 281.5 273.3 264.6 256.2 247.8 239.3 232.1 224.5 208 213.3 221.6 225.3 228
290.5 275.7 260.7 245 230 216.9 208.3 204.5 194.9 189.6 185.1 181.6 178.9 175.4 173.3 170.7 170.8 174 178 180.5 180.6 180.6 190.8 198.7 208 218.4 229.5 238.9 247.5 253.7 262.1 270.2 279.7 286.3 289 293.9 300.9 307.5 311.4 314.6 317.8 320.3 322.1 323.1 324.4 325.3 326 326.8 328 329.7 333.8 337.3 339.9 340.9 340.6 339.5 337.8 335.4 331.8 326.8 320.6 313.4 307.1 299.6 292.1 284.9 277.6 269.3 260.3 252.3 242.7 234.7 227.2 218 204.9 216.5 219.7 223.8
292.8 278 262.9 249 237.2 224 214.2 207 200.9 195 190 189.2 182.4 179.3 174.7 172.3 167.7 172.8 174 174.9 177.8 180 182.2 197 201.6 212.4 222.7 232.8 239.9 251.1 259.2 267.7 274.3 281.4 289.5 295.8 302.3 307.7 312.5 313.1 316 318.1 320.6 322.6 324 325.3 326 327.1 328.3 329.7 332.5 336 339.3 341.7 342.3 341.6 340 337.6 334.9 330.4 324.8 317.9 310.9 303.9 295.9 288.1 280.1 272.7 264.9 256.3 246.7 238 229.6 221 209.6 199.3 213.4 217.7
294.9 280.1 265.3 253.2 242.3 232.5 220 210.5 205.8 198.5 197.7 195.5 186 178.6 176.7 174 169.2 169.7 173.1 178.1 180.5 180.4 180.6 191.3 198.1 204.5 214.6 223.3 234.2 245.2 250.3 261.4 271.7 279.7 287.6 294.5 300.6 308 314.1 317.1 316.9 317.3 319.2 321.4 323.1 324.7 326.4 327.3 328.4 329.4 332.3 335.2 338.1 340.9 343.4 343.7 341.8 339.6 336.7 333.4 329.1 322.8 315.5 307.4 299 290.8 282.1 274.9 267 259.9 251.3 241.9 231.5 225.3 218.5 200.3 196.3 204.2
296.9 282.3 268.7 257.6 246.8 241.2 230.1 218.1 208.7 204 200.5 198.2 188.6 185.1 178.6 175.9 172.4 169.1 171.2 172 179.1 178.6 179.4 183.7 197.4 199.1 206.7 216.8 232 244.7 253.9 262.2 269.2 276.8 284.4 291.2 296.6 305.1 314.5 320.2 323.1 319.3 319 319.9 321.8 323.7 325.5 326.9 328.2 329.3 331.8 335 338.4 340.7 343.1 344.3 343.9 341.6 338.8 335.9 331.9 327.1 320.5 311.9 302.6 293.9 285.3 276.9 268.3 261.3 254 244.9 235.4 228 221.2 215.3 202.9 191.3
298.9 284.6 273.4 262.5 251.8 240.3 233.2 222.6 214.4 208.1 204.5 193.7 186.9 186 180.9 178.9 177.8 170.2 170.4 171.4 174.8 178 179.1 181.1 186.7 192.3 202 213.7 227.2 239.7 249.7 258.9 267.9 275.7 281.5 288.1 295.8 305.7 314.1 321.6 324.2 324.1 320.6 321.2 321.2 322 324.3 326.1 327.5 328.9 332.1 335.4 338.8 341.5 343.7 344.7 345 343.5 340.9 337.9 334.6 330.3 324.5 316.9 307.9 297.9 288.4 279.1 270.4 262.6 254.7 247.5 239.4 232.2 223.7 215.9 196.7 188.3
298.7 288.5 277.7 267.2 254.2 248.5 241.6 230.4 221 211 205.9 195 189.7 187.5 181.6 178.9 177.7 173.1 167.6 170 172.9 177.4 178.5 179.8 183.2 193.2 198.9 209.6 219.6 230.7 245 255.5 267.2 274.9 281.9 287.9 295.3 300.4 309.8 316.4 323.2 324.8 324.1 321.2 321.2 321.2 322.3 324.5 327 329.1 332.8 336.9 339.8 342.4 344.5 345.5 345.3 344.5 342.3 339.3 336.2 332.7 327.7 321.3 313.2 303.5 292.5 281.8 272.4 264.2 255.8 248.3 241.2 233.7 224.6 201 188.5 185.7
299.4 286.5 276.4 265.7 257.5 251.7 242.7 234.5 225.5 215.3 207.3 199.2 193.9 188.7 183 178.3 175.5 174.7 171.3 169.3 171.3 175 175.2 177.1 179.1 186.1 194.7 202.5 214.8 225.5 242.1 253.3 264 274.1 281.7 287.8 292.9 298.4 305 312.8 317.7 322 324.1 324 321.8 321.2 321.2 323.5 326.2 329 332.8 337.2 341 343.5 345.4 346.3 345.5 343.8 342.4 340.8 337.7 334 329.8 324.5 317.3 308.6 298.2 286.5 275 265.8 257.4 248.5 241.3 233.1 218.5 195.2 187.3 184.5
303.3 291.6 279.6 267.9 261.2 254.1 245.7 236.7 228 218.9 210.7 205.1 198.6 194.9 187.5 182.4 175.5 174.5 173.7 170.9 167.5 171 173.8 175 176.5 182.1 193 198.1 210.1 220.8 233.1 250.2 259.5 271.2 280.3 287.2 292.4 297.3 301.2 305.7 311.2 316.7 321.1 323.3 324.6 322.7 322.1 323.4 326.2 329 331.9 335.6 340.4 344 345.8 346.5 346.2 344.4 342.1 340.8 338.8 334.9 330.7 325.8 320 312.5 303.3 292.1 280.4 269.4 260 252.8 242.4 233.1 226.5 200.2 187.6 183.4
305.2 293.4 281.7 270.8 264.1 255.7 246.8 238.2 229.1 220.6 214.4 207.3 201.7 198 191.4 184.9 183.1 176.7 174.8 172.8 170.6 170.1 172 173.1 174 177.5 185.9 193 204.6 217.7 226.4 244.7 254.3 265.1 277.1 286.4 292.6 296.3 299.7 303 306.7 312.6 316.4 321.4 324.4 325.5 324.4 324.2 325.6 328.2 330.9 334.2 338.6 343.2 346.4 346.9 346.7 345.1 343.2 341.4 338.6 335.3 331.5 327 321.5 314.9 307.1 297.6 285.8 273.1 262.9 254.3 244.9 234.7 225.8 207.8 189.5 183.5
307 295.1 283 274.4 265.4 256.7 247.6 238.5 229.9 222.4 214.9 209 205.7 201.5 193.1 186.4 183.8 185.3 177.7 174.3 171.9 167.2 170.7 170.5 171.6 175.2 183 189.7 198.7 210 222.2 240.6 251.3 261.9 271.3 282.5 289.6 294.7 298.2 301 304.2 308.7 313.1 317.7 322.3 325.2 326.3 325.6 326.1 327.7 330.1 333.3 337.2 341.6 345.3 347 346.8 345.4 344 341.6 338.7 335.3 331.8 327.6 322.3 316.1 309.3 301 290.5 278.1 267.3 257 246.5 237.8 227.8 221.4 205.7 186.6
310.1 297.5 281.6 276.3 265.7 257.1 248.3 239.5 232.1 224.8 218.7 209.3 209.7 202.8 198.4 191.3 189.4 187.4 186.5 178.4 173.5 168.7 170.3 170.3 170.6 174 177 187 193.3 201.4 218.3 231.2 247.4 258.1 266.8 275.9 284.5 291.7 296.5 299.6 302.4 305.8 309.8 313.8 317.9 322.5 325.8 327.3 326.9 327.7 329.7 332.6 336.1 340.1 344.1 346.3 346.7 345.6 344.3 342.5 339.7 336 331.9 327.5 322.7 316.8 310.5 303.3 294.7 283.9 272.7 260.7 248.4 237.7 229.6 222.5 216.2 206.6
314.1 301.9 284.4 272.7 265.9 257.4 248.9 241.1 234.2 227.3 220.3 211.2 209.6 209.1 203.6 201.2 197 193.3 191.2 186 175 171.4 169.7 169.7 170.2 172.1 174.5 182.9 189.5 197 214.6 229.1 244.5 250.5 260.4 270 280.3 288.5 294.4 298.3 300.9 303.9 307.2 310.3 313.6 318.4 322.8 326.2 328.2 328.3 329.6 332.4 335.1 339 343.2 345.3 346.2 345.5 344.1 342.6 341.9 336.8 333 327.5 322.8 317.6 311.6 304.6 297.7 289.2 279.3 267 251.8 238.7 231.1 224 218.4 213
325.2 311.1 294.2 276.7 265.5 257.6 250.1 243.6 236.8 229.9 222.7 214.1 208.1 207.4 204.3 203.9 201.6 193.9 185.6 188.9 178.1 174.6 166.9 168.9 169.5 166.4 171 176.9 186.1 193.9 208.2 222.5 234.1 242.3 253.8 265.7 276.7 285.4 291.4 296.3 300.7 303.1 305.2 307.6 310.3 313.8 318.6 323.3 326.7 328.9 330.4 333 335 338 342 344.9 345.9 345.4 343.6 341.5 339.8 338.1 333.5 328.3 322.7 317.8 311.7 305.5 299 291.4 282.3 271.7 256.1 244 234.3 227.5 220 213.9
333.7 319 301.4 284.5 267.7 258.6 251.9 245.5 239.4 233.2 225.6 217.5 208.4 206.4 207.8 205 205 197 185.5 181.5 180.8 177.9 174.5 175 173.2 170.7 168.5 171.4 181.9 189.7 205.6 213.8 221.6 238.5 249.7 261.1 273 281.5 288.9 294 299 303.4 305.4 306.2 308 310.5 314 318.1 323.9 327.1 329.9 333.3 335.9 337.7 340.9 344.6 346 345.2 343.4 341.2 339 337.2 334.2 328.8 322.8 317.4 312.2 306 299.8 292.2 284.2 274 261.1 248.6 238.6 230.2 221.7 214.7
