app/static/ascii/NO16.asc
ncols 200
nrows 200
xllcorner 310000
yllcorner 760000
cellsize 50
[rows 105 to 139 of 200, columns 0 to 77 of 200]
439.3 442.2 442.9 438.9 437.2 439.4 445.8 449.9 455.8 467.9 483.7 495.7 505.5 513.1 515.9 513.9 508.8 500 487.4 478.3 465.7 464 468.3 471.3 474.4 473.8 490.1 500.8 509.4 519.9 529.2 541.1 554.4 568.1 583.4 595.2 603.8 600.1 587.6 568.7 541.6 538.9 540 540.3 541.7 542.2 543.4 546.5 548.6 546.9 542.5 532.6 524.9 516.5 505.5 494.1 485.1 476.9 476.6 473 473.6 473.9 473.4 465.1 455 440.4 429.1 417.5 411.1 400.3 389 385 382.7 379.1 373.9 366 357.9 352.1
435.7 441.1 441.6 437.7 436.4 440.3 445.6 449.9 455.6 467.7 483.8 495.6 508.4 514.3 513.3 511.7 504 494.4 482.8 473.7 464.9 461.3 460.5 465.4 465.7 475.8 487.6 500.5 511.2 522.3 534.2 545.6 558.3 571.4 586.3 597.4 601.4 594.6 580.5 560.8 536.1 519 520.3 522.7 524.5 525.6 528.9 531.9 536.4 536.3 534.8 526.7 515.5 507.5 496.2 486 476.2 468.7 464.8 465 468.7 467.4 463.9 460.4 452.8 442.4 427.6 419.4 413.6 403.3 390.2 383.1 380.9 378.3 374.8 367.8 361.9 355.6
434.4 439.2 438.8 435.1 438.4 440.8 448.1 450.8 452.6 464.4 480.6 491.9 501.8 506.7 506.6 502.1 494.5 484.7 476.8 468.9 461.7 459.5 456.5 459 466.9 476.1 485.7 498.8 512.5 524.1 535.8 549.2 561 575.4 588 597.7 596.6 587.4 571.3 551.3 530.9 516.4 504.8 505.1 506.9 510.7 513.2 518.2 520.6 521.7 519.7 517.3 508.2 498.6 489.1 477.8 470.5 465.3 455.4 455.2 456.6 456.6 456.5 455.3 445.5 438 424.5 418.3 410.6 400.8 391.6 384.7 382.2 377.5 373.8 369.1 367.4 360.1
421.9 426.9 434.1 437.7 443 445.7 450.8 451.7 451.2 455.4 471.1 482.8 493.5 498 497.7 494.8 489.4 480.2 474.5 465.6 459.6 455.8 454 456.1 466.3 474.6 485 499.2 509.2 521.4 532.2 546 558.5 572.4 583.7 592.2 589.7 580.5 563.1 541.5 523.4 509.1 498.9 495.1 494 498.4 501.2 503.1 505.5 506.8 505.2 503.5 500.2 494.2 479.3 472.4 465.5 460.2 448.1 446.3 447.5 447.7 450.4 453.6 445 429.7 421.1 413 404.1 396.5 391.4 383 378.4 376.9 371.9 369.5 368 360.9
434 433.9 434.1 441.7 447.7 450.3 452.6 453.1 453.4 446.4 455.6 467.9 481 485.2 487.1 484.1 479.2 473.2 468.8 461 455.1 453.2 450.6 453.4 462.1 472.5 483.7 494 507.4 517.7 527.6 538.9 550.9 562.6 574.4 584.7 584.8 576.5 560.5 539 517.1 504 497 490.8 487.5 485.9 488.7 490 489.3 490.2 488.9 487.7 483.4 479.4 473.9 465.7 459.2 448.7 443.4 439.8 438.8 442.1 447.1 445.6 440.9 434.2 419.1 410.4 401.5 394.2 390.5 382.6 376.6 375.9 371.6 369.8 367.3 361.6
438.8 441.6 442.6 447.8 453.6 459.3 462.4 465.4 465.7 454.1 444.9 451.6 462.4 472.2 476.9 472.9 468.7 465.1 460.2 456.3 451.3 448.5 448 450.4 461.1 470.8 481.6 489.6 500.2 510 522 529.1 542.5 551.4 565.4 574.1 579 569.8 558 535.1 512.3 499.9 492.1 485.7 477.6 476.7 478.1 478.5 478 476.1 475.1 471.2 468.5 465.3 461.6 455.5 451.4 449.6 444.2 436.6 435 436.9 439.1 438.2 433.8 430.6 421.6 417.5 408.7 396.3 388.6 381.8 377.5 375.1 374.1 373.6 369.8 366.6
441.6 444.5 448.8 453.5 458.8 465.6 469.8 473.3 477 465.5 446.8 439.1 446.3 456.4 462.2 460.9 458.6 456 454.8 449.9 447.9 446.2 444.3 446.2 457.7 465.7 474.2 482.7 493.7 502.3 506.3 520.7 532.7 543.6 556.2 565.1 569.5 560.2 547.2 529.3 508.6 494.2 486.4 477.9 475.1 469.7 467.7 469 468 464.6 464.4 459.1 458.7 455.4 450.1 449.5 445.8 438.5 434.8 430.9 431.2 434.1 432.7 433.5 438.1 431.9 424.1 418.1 408.9 398.8 390.5 383.6 378.5 376.7 376.5 375.5 372.8 369.3
444.6 448.7 454.4 458.6 464.6 470.7 473.9 476.6 479.9 480.2 463.1 444.7 436.4 440.8 448.7 448.8 446.4 445.3 447.2 445.5 444.8 443.2 441.6 444.6 451.5 460 468.3 476.6 483.2 489.7 502.1 512.5 521.2 533 547 552 558.1 546 530.2 511.9 501.5 481.5 477.3 473.1 469.6 465.2 459.3 455 460.3 458.6 455.7 457.6 452 444.9 445.4 442.8 439.1 436 431.4 425.8 419.4 423.2 425.1 428.1 431.4 428.5 422.6 412.3 405.4 397.7 390.6 382.9 378.4 377.8 377.5 376.6 374.4 371.4
447.8 453.7 459.2 465 470.5 476 479.5 482 482 477.4 472.9 458.6 441.4 433.5 436.2 437 437.7 436.9 439.2 441.9 440.1 440.2 439.9 443.8 446.2 455.3 462.2 470.6 473.1 480.4 488.1 503.1 508.3 526.5 538 542.6 541 539.5 529.8 514 486 479.8 469.9 461.6 460.1 457.6 456.9 449.4 450 452 450 448.4 442.2 444.6 439.2 434 433 428.4 422 416.6 415.7 413.6 417.3 419.6 422 424.5 419 410.5 401.1 394.4 389.5 384.5 379.9 379.1 378.4 377.4 374.8 373.6
451.4 458 463.2 469.5 475.3 482.5 486 487.5 483.7 477.1 471.9 464.7 451.6 441.5 434.8 430.6 431.6 432.8 432.7 433.3 434.7 435.1 438.2 440.5 443.1 449.6 453 463.4 471.2 469.3 483.1 494.6 502.8 518.5 531.1 538.4 544.6 541.4 534.5 515.4 485.8 465.9 467.4 467.7 464.9 464.8 460.7 454.2 446.3 440.4 445.3 443.4 438.4 435.1 427.2 415.9 416.7 411.2 410.7 409.4 410 405 404.8 409.5 412.9 414.8 412.7 407.7 400.1 391.6 386.4 382.9 379.6 379.1 378.6 377.4 375 377
454.9 460.7 467.1 473.1 479.5 485.2 487.5 487.6 485.4 479.8 471.8 464.4 456.9 447.6 442.1 435.4 430.6 427.9 429.4 429.4 429.5 432.7 436.7 438.6 440.7 446.2 450.2 459.1 464.9 465.2 481.4 490.9 493.8 510 521.1 530.3 535.9 532.3 525.1 502.7 479.4 475.3 471.6 466.8 464 460.4 457.7 454.3 449.8 442.7 435.9 432 429.3 424.3 430.1 426.4 417.3 414 408.7 399.4 399.6 399.5 398.1 398.9 402.4 405.4 408.4 405.1 397.4 389.9 383.5 379.1 376.8 377.1 378.3 374.9 377.8 381.7
458.2 464.2 470 475.6 482.9 487.6 487.3 486.4 484 479.6 471.6 464.1 454.6 449.6 443.5 437 432.5 429.5 426.3 427 428.9 431.7 435.1 437.1 439.5 444 447.9 455.3 457.1 467.5 472.6 479.1 489.8 501.2 510.3 512.7 506.7 502.2 494.1 478.1 474.2 475.5 470.5 467.2 463.3 460.1 456.8 454.8 448.2 437.9 432.5 431.4 429.3 430.7 432 428.7 425 420.7 414.2 407.9 396.7 394.8 394.1 392.1 391.8 394.5 398.9 400.9 396.6 390.4 384.4 381 378.8 377.7 377.7 380.3 382.6 381.7
462 467.9 472.4 476.9 481.2 485.3 487.6 485.5 482 476.7 470.5 461.9 451.7 446 441.8 440.6 433.5 430.5 427.1 425.3 427.1 430 433.1 434.9 436.2 443 441.3 448.6 454.9 461.1 462.5 468.6 480.7 486.4 488 491.4 497.4 503.8 504.5 495.2 484.8 477.3 472.4 468.3 464.7 461.3 456.9 454.4 441.8 436.9 440.5 441.4 440.7 439.9 435.4 432.1 428.5 423.7 417 410.7 403.5 393.8 391.3 390.2 387.8 386.4 389.9 395 392.3 387.4 382.5 381.4 383.5 384.4 381.3 385.8 386.5 381.9
462.1 466.9 473.5 477.2 478.6 481.4 483.6 483.3 480.8 474.4 467.5 460.7 452.9 445.1 440.4 438.1 433.6 430.9 430.2 426.1 423.4 425.5 429.5 434.2 435.9 444.4 447.2 450.8 455.1 460.2 466.8 473.8 481.5 489.4 496.5 504.8 512.6 513.7 505.2 487.7 469.6 468.2 468.6 462.6 455.3 452.6 449.5 445.1 441 445.1 449.4 450.1 447.5 443.9 439.3 435 431.8 426.9 421.3 412.6 406.3 403 395.1 389.3 392 385.3 384.6 390.1 388.1 383.8 382.3 382 384.4 386.5 384.5 387.6 389.6 385.8
456.6 462.5 465.8 469.7 473 477 478.4 478.2 476.4 472.6 464.6 458.7 452.4 445.1 440.8 434.8 432.1 431 431.3 428.9 424 421.6 430.6 433.9 435.8 438.2 448 452.4 459.9 469.8 473.3 480.6 487.3 494.4 503.6 515.3 523.1 524 519.4 501.8 488.2 479.5 473.3 468.7 464.5 463.3 461.2 456.7 453.4 455.2 456.1 453.8 451.3 447.9 444.1 439.4 434.4 429.5 424.4 418.1 413.2 407.7 403.5 392 385 385.8 382 381.6 382.5 381.5 380.8 381.5 381.8 380.9 383.7 390.2 394.9 389.1
447.1 454.6 458.8 462.9 467.4 470.8 473.5 473.4 471.4 467.7 462.7 456.7 450.7 444.5 437.3 431.7 429 427.8 427.2 426.3 424 419.1 431.1 433.8 436.5 436.1 448.1 454.3 463.7 470.4 478.1 483.3 492.8 502.1 512.2 521.8 529.7 532.7 528.7 520.5 506 496.4 486.4 480.1 478.7 476 472.4 468.4 465.8 465.2 462.3 458.8 455.8 452.9 448.9 443.6 437.3 432 427.2 422.2 417.1 409.7 401.8 395.8 390.7 384 381.1 378.3 378.2 379.3 378.9 379.7 379.8 380.6 385 391.9 395.7 392.5
441.7 444.8 450.1 455 460.1 463.6 469.3 469.6 467.3 463.9 459.5 454.1 448.4 442.6 437.2 431.1 427.1 425.7 425.2 425 418 422.7 433.8 434.9 435 435.5 445.8 455.1 460.7 468.4 475.9 482.6 495.9 505.3 515.7 525.5 535 539.7 540.1 536.5 526 513 502.3 493.1 489.1 487 484.1 480 477.3 474.6 470.1 465.4 462.1 458.1 451.8 443 437.4 432.3 428.3 423.5 416.8 409.2 401.6 395.1 391.3 384.7 381.5 379.1 376.5 377.9 378.8 379.7 379.6 379.4 382.6 385.1 395.1 398.7
435.9 439.5 442.5 447.2 450.9 454.3 459.2 463.8 465.2 460.7 457.1 452.2 445.3 440.5 435.1 430.1 425.3 423.2 422.9 422.2 415.3 427.2 433.7 432.6 434.9 435.3 442.3 451.1 459.2 466.5 473.7 485.7 497.3 504.9 515 525.9 538.3 546.3 550.2 551.3 548.1 535 520.1 510.6 502.8 496.9 494.4 490.1 486.3 482.8 479 473.4 467.5 460.7 454.8 448.2 441.3 433.8 429.5 425.2 419.2 410.9 404.4 398.2 390.6 384.9 382 380.4 377.3 375.7 377.8 378.8 379.2 378.4 378.8 381.4 389.4 393.1
429.2 433.6 436.6 439.5 441.9 443.3 448.1 453.8 456.9 456.1 454 449.1 443.8 438.1 432.2 427 423.6 420.5 421.2 418.1 416.7 425.1 430.7 431.7 433.1 434.2 438 445.8 456.2 465.1 474.5 487.6 496.8 505 514.4 525.5 539.9 552.4 560.2 564.3 562.1 551.7 536.7 526.3 519.1 512.6 508.1 504.1 500.8 496.6 491.9 484.8 476.7 467.2 458.2 449.5 441.9 434.7 429.6 424.5 418.3 411.6 404.3 398.4 393.1 385.4 381.1 379.3 378 375.2 375.2 376.9 377 376.8 374.7 375.1 378.9 380.6
421.9 427.4 431.6 433.2 433.5 432.6 435.1 438.6 443.6 447.3 445.9 444.5 441.9 436.8 431.1 424.5 421.1 418.1 417.5 414.6 416.5 423.4 428.5 429.9 431.3 431.7 438.2 445.4 453.7 461.3 473.2 486.8 494.6 503.6 514.7 527.4 541.9 554.8 565 569.5 569.1 563.1 549.8 540.8 533 527.8 524.2 520.5 516.4 510.9 504.7 496.5 484.9 472.2 459.1 449.9 440.9 433.5 427.4 422.1 416 410.4 406.1 401.6 395.1 389.7 381.3 379 376.7 375.2 373.6 373.9 374.8 374.5 370.9 372.9 374 377.7
413.8 419.3 423.6 424.8 424.9 422.8 422.1 425.9 430.5 433.4 436 437.4 436.5 432.4 427.6 423.2 418.8 415.3 412.7 412.6 413.3 419.4 425 429.6 427.7 429 437.2 443.8 449.7 460.8 466.9 482.9 491.9 503.4 515.3 527.7 540.7 553.7 563.5 570.2 572.9 571.5 560.4 552.9 548.9 545.6 541.2 536.8 531.5 525.8 517.3 506.5 489.8 474.9 459.1 448.4 437.8 431.1 424.3 418.2 413.2 410.8 407.9 402.4 393.7 389.7 385.1 382 377.2 374.7 373.4 372 372.4 370.8 369.2 367.6 372.2 373.3
406.3 407.9 407.6 410 411.2 412.4 411.6 412.5 418 422.7 425.9 428.7 429.1 428.6 425.4 420 416 411.4 405.8 404 410.7 416.7 423.1 424.3 425.2 426.4 434.2 434.9 446.1 457.1 466 479.3 488.2 502.2 515.1 527.7 539.8 550.9 559.8 564.7 567.6 569.2 564.4 562 562.3 560.3 556.5 550.5 542.7 533.9 522.5 509.6 488.4 473.3 457.3 445.6 434.9 426.7 421.8 417.1 412.3 408 403.5 398.1 393.3 391.1 389.1 387.4 379.3 375.2 373.7 372.1 371 369.6 368.3 367.6 363.1 369.9
402.7 401.6 400.8 400.6 399.4 402 402.3 403.5 407.1 411.4 415.3 418.9 422.2 421.7 419.9 416.3 414 407.9 402.9 401.2 408.7 413.8 419.8 419.3 426.1 422.6 430.2 433.4 444.3 454.1 463.4 476.7 485.6 499.4 512.6 524.4 535.4 544.2 551.8 556.5 558.7 560.2 558.9 562.7 566.2 566.1 563.2 556.1 544 534.6 522.6 503.9 483.1 467.6 453.2 441.5 431.9 424.7 421.7 416.4 410.9 407 402.4 398.9 396.3 393.7 391.3 385.4 380.1 376.2 375.8 374.6 373.3 372.4 370.6 370.8 369.4 361.5
401.8 401.1 400.4 399.1 398.4 396.2 396.9 399.2 399.9 402.6 406.4 410.4 411.1 412.8 412.8 412.2 409.4 404 403.5 396.3 406.8 411.3 413.9 416.1 421.5 419.6 425.4 431.2 438.5 451.7 461.9 474.3 483.1 496.3 508.5 519.5 529.2 537 542.9 546.3 548.3 550.7 551.7 555.1 561.7 563.4 560.6 553.7 538.9 525.8 510.4 495.9 477.4 462 447.4 437.2 430.5 422.9 418.5 412.7 407.2 404.3 401.2 397.3 394.2 391.9 387.7 383.3 380.4 377.9 373.5 373.9 373.8 373.2 372.2 369.3 367.8 354.5
405.9 406.8 407.3 406.1 404.3 402 399.2 394.4 394.3 395 397.9 400.4 403.5 405.8 405.7 406.4 405.2 402.4 397.2 392.9 405.2 409.4 412.2 413.4 417.3 417.9 422.2 426.6 435.8 446.5 460.4 471.2 483.7 492.9 503.4 512.6 521.2 528.3 533 535.2 536.7 541.6 541.7 544 549.3 555 553.5 546.4 532.9 518.7 502.6 487.3 471.2 454.8 441.9 434.7 427.2 419.3 414.8 409.3 404.7 402.2 399.8 396.3 392.8 389.1 385.4 382.7 383.4 380.8 375.2 371.5 374.1 372.4 370.5 367.6 363.4 358.5
414.6 415.3 415 415.2 412.7 410.5 407 401.2 397.5 391.8 389.7 391.9 395.9 398.2 399.1 399.6 400.1 399.8 397.1 391.2 400.6 405.4 409.3 410.3 413.8 411.6 414.7 425.4 432.9 444.8 454.7 466.5 478.7 486.4 496.2 504.4 511.6 517.6 522.6 523.9 524.8 528.1 528.9 532.8 537.2 540.2 542.3 536.4 524.8 511.6 495.3 479.6 465 451.5 441.4 435 425.9 417.6 411.6 405.9 402.9 400.5 398.1 395 391.8 388.9 385.2 381.5 378.9 376.1 374 369.8 371.3 368.9 367.7 364.7 362.1 359.2
424.9 426.9 430.9 432.2 430.3 425.7 418 410.9 403.6 398.6 392.2 387.2 385.9 388.9 392.6 394.1 395 395.4 397 390.3 392.8 402.1 407.3 408.2 413.6 418.6 410.5 418.5 428.7 439.5 449.6 460.5 472 480.1 489.3 497.2 503.2 507.7 510.3 512.8 513.1 514.4 516.1 518.5 524.4 526 526.7 522.9 517.9 510.5 493.4 474.2 459.8 447.7 440.1 431.8 423.5 416.2 409.1 405.1 401.8 399.3 396.7 393.8 392 389.4 385.3 382.3 379.8 376.5 373.9 368.2 366.4 364.1 363.3 361.1 357.7 352
430.8 434.2 444.2 449.1 448.7 441.1 434.3 423.2 411.1 404.2 399.4 395.6 389.3 384.5 382.7 388.7 390.7 390.4 392.6 391.2 385.5 395.9 402.5 404.3 409.1 414.8 408.4 414.4 422.7 434.4 442.5 452.1 465.1 474.6 483.3 489.7 496.3 500 502.4 502.9 502.2 502.9 503.8 506.1 508.6 512.3 514.5 515 513.5 502.4 486.7 468.8 455 445.9 436.6 428.2 420.9 414.1 406.8 403.1 401.3 398.4 395.4 393.3 391.4 390.4 389 386.4 382.9 380.5 376.7 369.9 366.2 366 358.2 346.1 343.7 340.1
437.8 446 452.8 456.5 456.6 453.8 448.6 440.6 421.3 407.8 404.4 399.7 394.8 390.1 385.3 381 384.3 384.1 386.6 389.3 388 384.7 394.3 401.4 403.4 411.3 407.2 407.3 416.4 428.6 435.6 446.4 455.7 466.5 474.3 483.8 488.4 493.8 495.1 496.2 495.6 494.2 494.5 496.3 500.2 505.1 508.7 508.9 502.4 493.1 479.3 464.3 451.9 442.3 433.5 425.1 418.2 411.9 406.6 402.4 399.7 397.3 394.3 393.1 393.3 393.2 392 389.9 387.4 384.7 380.9 375 368.2 362.8 357.2 350.1 343.4 337.3
447 453.1 459.1 465.1 466.9 465.7 463 451.3 428.3 414.7 406.6 402.8 399 394.7 390 385.8 379.7 380.4 382.4 385.9 384.4 378.5 385.1 392.8 404.5 405.2 407.8 404.3 405.3 419.6 428 438.7 447.9 459 468.9 475.3 481 485.9 488.4 489.4 488.4 488.5 487.6 487.9 490.1 494.2 496.1 500.5 494.7 485.5 475.5 462.9 450 440.3 431.1 423.3 416.3 410.2 405.4 401.1 397.9 395.7 394.6 394.6 396.3 396.4 396.1 394.6 392 389.2 386.4 381.9 376 370.9 367.8 362.3 360.7 354.7
450.8 459.8 468.6 472.1 473.9 473.9 467.1 458.7 438.5 427.4 418.3 406.1 401.4 397.4 393.2 388.4 387.3 383.5 376 376.4 380.5 380.8 390.9 384.6 397.6 399.7 406.1 404.1 405.6 409.5 422 431.8 440.6 450 462.2 468.5 474.5 479.9 483.9 484.6 483.8 481.6 478.9 476.3 477.5 478.3 483.8 485.2 486 479.6 472.2 461.2 450.5 439.8 429.5 421.4 414.6 408.2 403.5 399.2 397.1 396 396.3 398.6 400.8 401.5 401.2 399.1 396.3 393.6 390.9 388.3 385 380.5 375 371.5 369 366.5
463.5 470.5 476.4 478.7 482.9 476.4 472.1 460.4 446.3 434.5 428.9 410.2 405.1 400.6 395.5 390.3 387.5 386.5 381.8 375.6 374.7 379.4 385.3 385.1 383.4 394 400.1 398.7 403.1 401.8 416.4 426.5 432.7 441.8 453.3 461.9 468.6 475.6 480.1 481.3 480.6 477.5 472.7 468.9 467.4 468.4 471.5 474.2 476.4 473.4 468 459.2 449.3 439.4 428.8 420.4 413.2 406.8 402 399.1 397.7 398.2 401.4 404.3 407 407.8 406.6 404 400.9 398 395.3 393.7 391.4 388.1 384.9 381.3 376.9 370.4
476.7 479.7 482 491.8 483.9 480 470.1 462.6 449.7 441.5 430.6 415.1 409.9 403.7 396.5 391.7 389.8 389.8 386 380.8 374.9 373.6 381.3 382.8 383.5 381.2 395.7 392.8 394.9 396.2 409.6 423.9 429.5 435.1 446.6 456.9 465.8 474.1 480.3 482.6 485.5 482 471 465 459.8 459.7 460.8 465.4 467.6 468.1 465 457.7 449.6 439.3 429.1 420.8 413.6 406.6 401.8 400 400.4 403.3 407.5 411.3 414.2 415.2 413 410.5 407.3 403.3 401.9 401 399.4 397.9 395.3 391.3 386.1 379.2
484.4 488.2 493.4 498.2 495.6 483.8 471.1 461.3 452.5 443 431 420.5 411.8 404.8 397.1 392 392.1 391.7 389.6 385.4 381.6 372.4 374.7 377.9 381.4 377.3 378 388.9 388.4 393.2 399.7 409.7 420.5 432.4 444.2 456.2 468 476.7 484.3 491.1 492.4 487.1 478.1 464.8 454.3 451.3 452.8 457.3 460.4 461.7 460.4 456.9 450.4 440.9 429.4 419.9 412 407.8 404.9 404.2 405 409.3 413.7 418.2 423.2 426.9 426.4 423.3 419.2 415.4 413.5 412.3 411.3 410.3 407.5 402.4 395.4 388.3
492.2 499.7 504.9 509.3 506.6 488.4 474.7 465.4 454.1 443.6 434.9 427.3 415.2 410.3 405.4 394.9 392.4 392 393.3 390.9 384.1 378.4 371.5 368.3 372.6 379.6 379.9 373.6 382.1 393.9 392.7 396.9 417.3 425.5 437.2 450.7 466.6 479.3 489.2 493.1 496.7 491.8 479.6 464.6 453 442.9 443.5 447.1 449 452.6 452.9 454.3 450 441.2 427.9 416.6 411.1 409.1 408.6 409.6 413.2 416.3 420.1 432 441.5 445.2 442.7 438.5 434.1 429.1 428.3 427.4 426.1 425.3 420.9 414.6 406.7 398.9
