app/static/ascii/NO17.asc
ncols 200
nrows 200
xllcorner 310000
yllcorner 770000
cellsize 50
[rows 0 to 34 of 200, columns 0 to 77 of 200]
756.9 746.6 733.4 721.8 712.3 705.4 700.5 694.8 689.5 685.9 683.7 679 671.5 666.4 661.5 656.4 651.9 643.7 639.3 636.9 631.5 625.2 621.2 605.7 598.9 585.6 570.5 559.9 544.9 537.2 525.3 522.2 523.3 513.5 505.6 497.3 505.1 524.3 545.8 557.6 574.8 585.4 596.3 598 600.5 610.5 621 629.2 635.6 643.3 654.7 662.7 669.2 678.5 689.6 700.5 719 738.3 762.8 782.6 803.8 820.5 837.9 851 857.3 857.6 854.8 845.3 834.1 823.4 810.5 792.7 778.3 759.1 731.4 746.8 764.7 780.5
742.8 733.1 722.1 710.6 702.3 695.4 690.9 685.3 681 678.1 674.4 669.8 664.7 661.1 657.5 652.3 643.4 642.4 639.4 633.4 621.3 616.1 609 599.9 587.4 575.7 562.7 547.9 540 533 530.4 525.2 521.7 512.2 501.3 506.2 521.2 539.8 558.5 574.1 585.4 598.8 606.1 609.8 605.3 617.8 629.2 636.3 644 652.5 665.8 673 677.9 686.1 696.6 707.9 723 745.9 766.4 787.9 808.7 825.1 842.5 853.8 859.1 853.5 846.3 835.8 822.7 807.5 798.4 788.2 773.8 753 739.5 761.4 778.5 800.3
731.3 723.7 714.5 703.6 693.7 688.8 682.3 677.9 675.2 671.7 667.4 664.3 661.6 657.2 653 647.6 640.9 632.2 628.7 623.6 612.1 609.2 605.8 589.5 580.3 564.9 557 543.5 536.4 532.6 529.8 527 521.3 509.1 502.9 519.1 539.7 554.8 572.5 587.9 601.3 611.4 614.6 617.1 614.8 625.8 634.5 645 653.3 661.6 675.4 681.4 687.5 692.8 702.9 715.8 730.4 752.2 773.7 796 813.2 829.6 843.8 852.3 850.6 840.3 831.6 819.7 811.1 797.3 788.9 778.3 765.6 747.3 755.4 773.1 795.3 817.2
722.7 717.6 710.2 697.3 688.5 680.5 676.2 671.2 667.3 663.4 660.8 659.4 655.8 649.4 647.3 645.6 633.2 624 623.3 616.1 609.7 597.4 586.2 571.7 566.2 554.7 546.1 542.3 537.3 535.8 532.4 520 517.5 507.5 516.1 534.7 555.7 574 589.2 605.5 615.9 621.3 624.2 625.5 623.1 632.3 640.4 649.7 658.6 666.6 681.2 690.6 697.8 704.4 710.4 723 738 758.2 779.6 799.3 818.7 832.9 842.9 845.9 839.1 829.5 821.8 810.2 800.9 791.1 784 770.9 756.2 755.4 767.6 787.8 812.2 830.3
716.8 710.9 703.1 693.2 684.2 675.6 669.8 666.3 661.9 657.5 655 653.7 651.8 646.1 642.4 638.4 629.3 620.1 615.8 608.6 598.8 588.9 578.6 568.1 557.1 550.6 543.6 540.4 535.5 527.4 524.1 522.9 507.6 516.6 533.9 553.8 574.2 590.2 604 617.9 626.7 631.7 632.5 632.9 630.8 638.3 645.8 655 663.2 673 685.9 699.5 706 713.9 723.2 731.2 744.5 762.4 781.9 805.6 822.1 834.2 838 838.7 831.3 824.4 814.4 803.6 794.5 785.2 775 764.6 764.9 771.2 783.6 805.8 826.9 841.1
711.2 702.7 694 685 677.8 671.5 664.6 659 655.5 651.8 648 647 646.2 641.7 634.3 632.6 626.4 618.3 605.2 592.3 583 572.1 567 562.3 553.4 547.5 542.3 535.3 529.4 525.8 521.6 511.1 522.7 534.9 551.9 571.7 591.6 604.2 622.4 631.1 638.7 638.8 642.2 643.6 641 644.3 651.1 658.6 667.2 676.4 691.8 704.3 713.7 721.7 731.8 738.7 750.3 765.9 787.1 812.7 825.7 833.2 835 830.8 824.1 818 807.4 801.2 790.7 782.9 776.5 778 781.4 788.3 805.8 825.1 841.7 847
702.6 692.4 682.3 676 667.6 667.6 663.9 655.9 648.5 647.1 645.9 644.4 644.1 635.2 627.9 618.8 612.3 604.4 595.4 580.6 576 566.1 559.5 553.7 546.5 541.4 535.9 525.4 518.6 516.5 520.5 527.5 541.8 559.2 575.2 591.4 607.6 620.3 636.1 646 648.3 650 653.3 652.3 649.2 649.7 656.1 662 670.6 680.9 693.4 708.4 719.9 728.7 735.8 745.5 754.5 773.7 797.5 820.3 834.4 840.7 840.7 830.1 817.6 813.4 806.4 799.7 791.7 791.1 790.5 793.6 799.3 811.8 830 844.8 853.2 848.1
692.4 684.9 677 670.1 665.7 658.8 659 652.9 643.2 639 639.1 635.6 633.3 633 625.3 614.6 600.7 593.6 586.5 569.6 561.6 552.2 548.9 547.3 536.3 528.8 523.1 524.2 523.4 524.7 531 546.2 563.7 580.1 594 607.5 623.5 636.7 650.9 658.2 659.2 659.4 661.5 659.4 654.2 655.6 661 666.7 676 686.5 695.7 711.1 725.2 736.9 744.6 753.5 766.6 785.7 807.1 829.7 846.3 849.6 847.2 839.2 821 811.8 807.3 802.9 802.6 802.8 804.3 811.1 821.5 837.3 850.1 857.5 857.8 850.3
686.5 679.6 672.1 666.5 660.6 652.6 644.5 643.5 643.2 633.3 630.2 628.3 620.6 616.8 612.4 605.9 595.6 583.5 580.4 567.8 557.6 546.7 534.2 531.3 530.2 529.6 534.8 532.7 534.4 539.2 550.2 566 583.5 598.8 608.9 622.3 638.9 655.7 665.7 669 668.1 669.9 668.5 663.2 660.7 662.1 665.7 672.5 680.7 690 700.5 714.3 729 743.8 751.7 761.5 778.4 796.2 817.4 841.2 853.5 855.9 852.9 843.9 828.1 817.7 811.3 812.1 812 812.7 818.4 827.1 841.8 854 860.2 864.7 866.2 852.2
684.2 678.6 670.1 656.8 651.8 645.7 636.2 632.3 637.2 633.9 631.2 622.9 615.7 603.6 593.6 588.6 582.9 573.1 565.9 558.5 550 535.8 540.3 538.5 542.1 544 546.9 549.9 552.8 559.9 572.3 586.6 602.9 613.6 625 638.6 656.3 669.5 677.1 678.3 679.6 679.7 674.9 671.6 670 669.5 673.2 680.3 685.9 694.3 704.1 718.9 732.9 748.1 758 769.1 789.3 809.7 828.8 850.2 861.8 862.7 858.2 850.3 833.1 823.6 825.2 820.5 819.9 822.2 830.2 845.4 856.7 864.1 871 876.8 867.2 846.2
682.5 674.7 663.1 651.3 641.6 637.8 636.4 630.6 623.6 622.3 621.7 610.1 606.1 596.2 587.5 575.6 567.7 559.5 558.1 550.8 540.6 548.3 552.3 554.4 559.4 558.3 559.7 565.1 572.2 577.9 589.1 604.6 617.3 627.1 639.6 660 674 684.4 688.4 689.4 688.7 685.8 682.7 677.9 673.8 675.9 679.9 684.7 692.3 699.5 709.8 722.5 738.8 753.7 765.4 778.2 800.6 820.3 838 857.7 868.2 869.6 864.1 855 838.4 837.3 836.5 831.5 834.2 837.7 846.5 859.6 869.8 876.5 879.6 878.1 861.6 841.6
680.1 667.5 661.3 651.5 643.3 638.4 635.7 626.1 619.2 611.5 605.3 594 586 587.6 576.9 573.5 559.8 551.6 547 549.7 554.2 561.6 564.5 572.4 571.3 571.1 577.3 580.5 587.8 594.5 606.2 620 630.9 642.4 659.1 677.4 687 693 697 700.2 700.2 696.8 690.5 682.8 680.3 682.5 685.9 690.9 697.6 705.6 713.1 729 744.4 759.6 772.6 788.5 809.5 828.4 846.6 862.9 872.7 876.3 872.9 863.2 845.7 846.6 849.3 845.2 851.9 858.2 866.9 876.6 885.4 885.6 881.7 871.6 856.9 835.2
675.2 664.9 660.2 654.5 645.2 638.1 634.8 625.8 612.7 609.6 601.5 589.6 573 574.4 568.9 563.9 557.2 551.1 556.6 565.2 571.5 581.6 582.6 588 585.2 587.5 591.2 593.8 602 610.7 622.4 632.3 646.2 658.7 677.7 688.8 698.9 705.6 711.3 713.9 711.1 703.6 698.6 690.4 688.8 689.8 692.4 696.9 703.5 710.9 721.1 736.6 751.5 768.5 781.1 797.6 817.2 834.9 853.2 868.6 880.2 887.8 883.6 869.4 852.1 853.8 859.6 861.9 870.9 877.3 885.8 894.5 894.9 889.7 884.2 870.4 854 829.8
670.2 663.3 657.9 649.4 635 627.8 624 617.1 612.6 604.9 595.6 590.5 572.8 564.4 564.6 553 558.6 564.7 575.1 581.5 584.9 591 592.4 599.1 600.6 604.2 607.3 613.3 619.2 626.3 634.9 643.9 661.3 674.3 688.9 700.6 712 720.5 723.3 720.9 719.6 711.1 700.8 698.1 695.1 696.1 698.9 702.9 710.2 719 730.8 745.2 761.4 777.1 789.8 805.4 823.7 841.8 861.3 877 891 897.3 898.5 876.6 861.1 863.8 869.5 876.8 886.1 892.2 899.6 902 899 892.7 884.5 870.1 850.3 826.4
671.6 666.1 657.3 639.5 632 622.8 610.3 600.8 599.2 597 580.8 577.8 572.1 563.7 557.1 563 568.1 577.3 591.1 594.1 597.4 599.1 601.2 605.1 611 616.4 622.8 628 634 639.9 647 658.1 670.2 685.9 696.7 709.1 724.8 730.6 728.2 728.5 723.5 717 711.1 708.4 704 704.1 706.6 711.1 718.3 728.2 741.7 754.1 771.1 784.2 796.1 812 828.9 849.2 869.7 882.9 894.1 897.1 896.1 885.2 871.8 873.3 879.7 891.4 900.3 905.4 907.1 904.8 900.2 894.7 886.7 871.2 845.7 822.6
661.2 654.4 647.9 640.9 632.2 623.8 614.3 601 592.6 588 584.4 575.5 564.6 561 564.4 574.9 582.3 588.4 596.6 602.5 605.9 610.9 613.2 617.6 624.5 629.3 636.5 642.1 647.4 652.3 661.5 670.9 679.4 693.9 704.3 715.9 729.2 733.9 738.3 734.1 731.3 727.5 721 719.8 718.7 718.7 719.3 722.8 728.6 738.4 752 764.9 779.4 789.7 802.6 817.6 834.8 856.1 871.7 879 879.9 884.2 885.3 886.7 884.1 883.7 891.2 905.7 910.5 911 906.6 904.1 899.9 895.4 887.4 864.6 835.9 809.2
658.4 651.2 638.5 636.5 629.7 626 620.2 608 597.2 585 573.1 576.3 564.3 569.4 582.4 592 594.1 599 604.4 609.7 614 619.7 626.5 631 637.2 642.7 648.1 654.1 660.1 666 672.3 680.4 688.6 700 709.8 720.7 734.5 743.4 746.3 742.5 741.3 736.8 732.6 728 725.1 726.4 728.6 733.4 739.9 749.9 763.9 776.5 787.6 797.6 809.5 822.6 840.8 859.5 864.9 871.2 871.4 876 875.1 879.7 886.7 893.8 899.1 911.2 912.6 907.3 900.5 896.6 892.4 885.7 874.4 847.4 816.1 788.3
655 648.4 639.6 625.8 629.3 619.1 616.3 607.6 597.5 585.2 567.8 569.4 574.6 590.2 598.7 604.5 608.2 612 608.1 617.4 621.9 627.4 634.3 641.9 647.7 655.6 661.8 666.2 671.6 674.1 680.7 688.6 696 706.7 714.1 725.9 739.8 746.9 752.6 752 750.5 740.9 736.7 734.7 736.8 736.3 738.1 744.8 751.5 763.6 774.3 784.9 796.4 806.7 817.7 830 844 856.8 861.1 862.9 862.1 862.8 866.1 870.4 878.4 883.8 888.6 901.6 907.3 898.9 890.5 885.5 875.5 865.4 845.4 819.9 793 763.9
648.6 638.6 632.5 625 622.1 613.9 604.4 594.6 585.6 582.5 570.6 578.1 585.8 599.1 607.2 614.6 619.2 622.2 616.4 626.1 630.4 636.2 644.3 652.2 659.4 665.2 671.4 679.9 681.1 684.4 686.7 692.3 701 708.1 716.3 730.2 739.7 752.7 757.5 753.7 752.4 750 746.9 743.9 743.5 746 748.7 755.2 762.8 772.8 784.9 792.4 804 814.3 825.3 836.6 847 854.6 856.8 860.1 858.6 857.7 858.7 858.9 865.9 868.9 870.4 873.9 889.1 884.5 876.9 868.9 856.7 837.3 817.2 794 771.3 746.4
643.8 633.3 628.5 623.9 608.6 599.7 597.7 585.2 578.9 574.1 578 585.2 599.4 608.1 615.9 623.8 627.3 630.3 631.4 630.6 636.6 644.2 651.3 659.7 668.1 673.6 681.7 684.3 685 688.5 693.7 696.8 701.3 708.3 717.8 728.4 741.7 750 755.3 757.6 759.5 757.9 754.7 752.4 753.8 754.8 757.3 765 772.7 781.4 793.4 803.1 808.6 820.5 830.6 840.9 846.8 853 851.8 850.3 850 850.1 848.6 848.9 848.3 849.6 855.1 853.7 859.5 863.7 854.6 844.6 831.3 810.3 789.8 770.7 749.4 725.5
634.7 633.8 622.9 618.7 605.8 596.9 586.7 583.4 577 576.5 581.9 602 610.5 620 625.4 631.7 636.1 637.4 638.4 638.7 640.3 648.8 656.9 666 675.3 680.4 683.2 687.1 690.9 695.7 697.9 700.1 703.7 708.6 716.8 729.1 739.6 749.9 755 760.1 762.8 760.3 759.3 761 760.7 762.8 768.5 774.5 783.5 791.8 799.5 807.5 814.8 823.3 831.8 837.4 842.6 849.1 847.5 841.3 838.9 840.1 843.9 840.3 835.7 837.6 839.6 839.5 834.4 835.3 831.5 816.4 804.5 788.4 769.5 750.7 726 707.6
630.6 622.4 615.1 612.1 607.8 596.4 583.8 580.3 581.1 587.7 598.3 611.9 622 630.4 635.4 639.6 643 645.8 645.6 646.6 642.6 651.4 658.2 664.9 673.8 678.7 683.4 692 695.3 698.6 701.4 704.9 705.5 708.7 717.2 727.3 741.4 750.2 755.1 758.8 764.5 762.4 761.8 760.8 763.2 770.5 775.7 784.7 791.1 796.6 801.9 808.2 816.3 823.3 828.2 830.4 833.4 840.3 839.4 830.4 820.4 834.4 832.1 829.5 826.6 824.9 823.9 825.9 823.8 817.1 811.1 799.6 789.7 773.5 751.4 731 708.9 692.2
629.5 615.5 603.2 599 601.6 600.2 584.9 589 591.9 602.8 612.7 623.8 631 639.5 645.8 650.5 653.8 654.9 654.6 652.6 652.9 656 657.7 664.3 669.6 676.8 684.8 697.4 696.6 699.5 701.8 701.2 703.3 706.8 715.9 724.9 739.2 751.2 757.3 759.8 761.5 764.3 762.5 765.6 767.2 773.3 778.4 784.7 794.2 798.6 804.3 809.7 816.3 818.5 821.4 822.7 824.5 825.9 823.2 815.5 815.9 821.6 821.6 819 815.4 811.2 810.5 809.4 806.3 804 799.1 784.2 770.6 756.8 736.6 714.4 697.1 681.6
619.4 609.8 602.1 596 593.2 592 589.6 594.4 602.9 612.1 622.5 631.4 639.7 646.8 653.9 658.7 662.6 662.8 660.9 658.8 659.4 661 663 664.7 668.4 674 682.3 690.4 693.6 695.8 697.2 698.7 701.5 707.7 715.5 724.4 732.3 749.3 757 758.5 759.9 761 763.7 767.2 771.5 772.4 780.3 783.7 792.8 799.7 802.3 806.6 812.3 813.5 816.2 816.1 816.5 815.2 810.5 805.6 808.8 807.4 806.5 804.3 802.9 798 799.7 798.7 795.5 792.6 787.3 776.7 761.9 744.9 722.6 704.5 684.3 667.4
606.3 603.3 598.3 605.2 605.5 608.5 607.3 597.1 611.6 620.3 628.9 639.7 645.3 654.5 661.5 668.9 674 671.6 671.7 669.4 666.1 668.3 669 668.6 666.9 673.1 678.4 684.7 689.6 691.6 693.2 697.3 703.4 710.1 717 723.8 730.7 737.9 752 756.7 758 761.1 762.8 761.4 766.3 772.4 778.8 785.4 785.9 798.5 793.5 802.8 802.4 804.4 810.4 812.1 815.2 815.5 809.1 801.7 797.2 795.8 793.7 790.1 786.6 784.5 785.2 785.8 783.8 781.3 776.2 764.1 753.6 733.7 709.9 694.3 677.3 656.4
608.3 612.5 616.1 617 617.1 618.8 615.8 605.8 617.9 626.4 636 646.4 652.6 661.8 669.2 678.6 684 681.7 680 679.3 677.4 675.6 674.1 673.7 672.2 672.2 678 681.8 686.5 687.5 693 700.2 707.1 715 721.8 726.9 731.7 738.9 747.9 755.1 755.1 754.9 756.7 755.7 757.5 765.3 771.5 775.5 781.7 784.2 784.5 789.6 788 801.1 807.4 810.3 813.2 811.7 806.8 801.1 793.9 786.2 783.3 779.3 775.9 773.2 772.2 769.1 768.4 766.7 763.6 747.7 740.9 726.2 705.6 684.1 671.6 652.8
622.8 626.7 629.4 628.8 629.7 631 627.2 618.8 620.2 632.6 642.3 653.4 662 670.2 680.8 688.2 691.5 690.9 689.4 686.1 683.4 681 679.3 677.8 678.7 677.9 679.4 683.5 686.1 689.5 694.6 704 712.7 721.5 727.7 732.3 736.3 740.3 745.4 752.7 753.1 747.6 747.6 748.7 753.9 758.9 761.5 764.4 772.6 778.5 781.7 779.5 791 799.7 806.8 811.4 809.1 806.2 803.7 798.4 791.1 783 774.2 770 765.5 762.8 761.7 757.4 753.8 752.4 747.2 738 726.2 717 701.4 677 661.8 654.2
634.6 640.8 642.1 642.5 640.3 636.8 634.1 627.8 621.9 635.3 646.9 658.1 667.5 678.9 689.1 696.9 700.9 701.2 697.5 694.1 690.9 687.9 687.4 685.5 685.2 684.6 685.3 685.9 689.7 692.5 699.4 706.8 715.7 725.6 731.6 737.5 742 745.3 746.7 749.3 753.1 748.5 747.6 747.6 747.6 747.6 747.7 748.6 755.4 766.3 771.1 773.6 788.8 797.1 802.1 801.7 802.6 801.5 795.5 791.4 786.8 779.6 771.9 760.1 757.9 754.6 752.1 750 745.9 742.5 737.3 727.5 721.2 706.4 696.9 669.8 658 646.3
649.6 652.8 652.8 653.4 648.8 646.5 643.4 633.9 628.6 639.8 649.3 661.6 676.5 685.7 698.2 707.2 712.8 713.1 707.5 703.1 699.5 697.3 694.6 694.2 692.8 691.4 691.4 694 694.3 697.1 703.8 710 719.7 729.4 737.2 744 747.5 749 748.8 747.2 748.9 748.7 747.6 747.6 747.6 747.6 747.6 747.6 747.6 755.1 761.1 770.8 784.6 791.3 795.7 793.4 790.8 787.8 784.6 783.2 779.8 776.3 769.7 759 752.8 745.9 742.1 741.5 739.2 732.7 725.6 719.4 708.7 700.8 685.4 664.1 653.9 645
661.2 663.6 664.2 663.6 660.4 655.8 650.1 637.9 631 641.6 655.7 668.4 681 693.9 708.3 717.8 722.9 723.4 720.1 717.1 711.3 706.2 703.1 702.3 700.4 699.8 698.5 697.4 697.9 700.4 703.6 710.6 720.1 731.9 742.1 751.7 755.1 754.1 752.8 748.1 748.8 747.6 747.6 747.6 747.6 747.6 747.6 747.6 747.6 747.6 756.8 761.6 771.6 783.1 787.8 798.4 804.1 807.9 808.5 803.2 794.4 780.5 760.7 751.8 744 737.8 737.8 730 730.7 726.9 719.9 713 702 690.6 679.2 662.4 648.9 641.4
672 675.3 675.4 675 669.5 663.3 654.1 641.5 637.8 646.2 659.8 673.6 688.2 706.2 718.1 726.7 734.8 736.1 734.8 732.4 727.9 719.3 713.7 709.5 706.1 704.9 702.6 700.6 701.6 704 705.4 711.5 718.4 729.4 744.2 750.1 758.8 764.1 758.9 751.1 747.6 747.6 747.6 747.6 747.6 747.6 747.6 747.6 747.6 747.6 749.1 759.7 768.2 776.2 788.4 799.2 805.8 809.1 815.9 815.4 808.1 791.5 778.2 766.1 751.9 745.2 732.5 717.7 715 718.2 713.3 707.9 696.8 685.8 671.5 659.9 644.4 639.3
686.2 690.1 688.7 684.6 676.8 668.9 656.9 642.9 643.2 649.7 665.7 680.1 698.8 714.8 726 735.3 745.3 751 752.1 746.3 740.8 734.2 725.9 717.5 709.8 708 704.7 703.5 706.3 707.9 710.6 709.8 716.6 722.3 732.1 743.6 750.8 758.2 758.3 753.6 753.3 751.9 752.1 747.6 747.6 747.6 747.6 747.6 749.2 751.8 753.8 755.3 762.1 771 785.5 792.2 801.2 808.2 819.1 821.3 816.2 807.5 794.9 781.6 767.6 753.3 731.8 721.8 712.8 708.7 705.8 704.8 697 684.7 667.8 649.6 641.6 635.4
697.2 704.8 703.8 695.1 683.7 674.8 661.6 646.7 646.8 656.5 669 683.1 699.1 717.4 730.1 741.2 756.1 761.8 761.9 762.5 755 748.4 737.5 728.7 720.7 715.7 709 707.3 711.4 711.6 714.1 717.1 717.4 718.5 726.1 734.1 739.5 745 752.3 751.7 754.4 754.1 752.5 752.7 751 753.2 756.1 757.2 758 759.7 763.6 762 764.4 771.5 779.2 789.5 799 807.4 817.7 824 822.9 816.5 807.9 794.5 778.9 763.2 746.7 728.5 714.7 703.3 701.8 699.9 694.6 677.8 661.4 647.6 641.5 636
710.9 717.7 716.2 705.2 692.7 679.9 667 653.9 647.5 660 668 681.5 695.7 715.6 729 742.3 752.5 760.2 770.3 772.2 769.7 763.6 750.4 740.9 734.4 727.5 723.6 721.8 722.5 720.9 721.8 721.8 724.3 724.4 724.6 725.6 731.4 735.6 741.7 747.8 749.2 751.8 750.7 753.2 757.4 762.4 765.1 765.8 767.2 770.5 774.1 773.8 771.6 775.3 782 788.5 796.6 806.2 816.6 825.1 826.6 823 816.7 806.3 789.1 770 750.9 733.2 718.9 710.2 702.3 696.3 691.1 682.7 670.3 650.1 642.3 640.9
723.5 727.2 726.3 717.9 699.8 685.2 674.1 660.8 654.7 658.4 668.3 681.7 694.1 709 721.6 734.5 746.4 757.4 772.5 780.9 784.2 777.3 769.6 757 748.8 739.3 735.9 732.7 731 731.2 730.6 730 731.6 728.9 728.8 727.8 731.6 731 733 740.4 742.5 744.8 750 756.1 763.7 769 773.7 777.6 781.2 783.3 786.3 786 783.2 784.3 787.3 789.7 795.8 804.7 816.3 824.9 830.3 830.3 824.2 813.5 797.5 774.6 754.2 738.1 723.1 712.2 701.8 693.4 691.6 682.1 669 662.4 647.1 644.7
