app/static/ascii/NO18.asc
ncols 200
nrows 200
xllcorner 310000
yllcorner 780000
cellsize 50
[rows 105 to 139 of 200, columns 0 to 77 of 200]
467.8 469.6 470.6 471.9 472.9 479.9 493.6 505.7 517.8 531.6 547.2 561.1 573.1 584.1 595 605.5 619 637 657.1 680.7 697.1 706.5 709.8 708.4 698.2 684.1 673.2 659.7 671.8 691.5 708.1 720.6 729.9 737 743.8 749.2 752.5 755.8 758.2 762.4 767.5 772.3 776.2 779.1 780.5 777.7 774.6 771.4 766.1 757 745.3 727 710.5 697.1 689 682.1 675.7 670.7 667.4 665.1 666.5 669.5 673.3 674.1 671.5 666 661.7 657.3 651.4 645.6 641.9 637.7 636.7 637.2 630.1 611.7 578.8 534.2
469.9 470.5 471.8 473.8 475 480.3 493.9 507.3 522.7 537.8 555.3 571.3 585.7 597.4 608.8 620.5 636.2 655.1 674 693.6 707.2 716.9 718.7 713.6 703.7 691.8 679.7 666.8 675.4 695.3 714.7 729.4 738.9 747.6 754.6 759 761.1 763.8 766.3 770 774 778.6 782.6 785.7 789 789.9 789 787 779.2 767.5 755.2 742.9 729.8 716.5 706.9 697.3 690.2 685.8 683 682.9 684.5 686.2 687.7 686.5 682.3 676.2 668.8 664.2 660.6 656.5 650 644.8 645.6 639.5 620.2 589.5 552 516.9
471.1 473.7 480.4 478.3 477.2 480.4 493.4 508.9 527.1 546.5 566.2 584.1 599.2 611.3 625.3 642 658.8 674.7 689.2 703.5 718.1 727.4 727.1 722.4 712.7 699.4 685.7 673.6 677 694.5 712.3 729 742.8 752.1 760 765 767.8 770.9 773.5 775.6 779.1 782.7 786.7 790 793.5 797.5 799.2 797 789.4 778.5 767.3 755.9 746.5 736.4 725.4 712 706.4 704 700.6 701 700.7 699.1 697.1 693.7 688.9 682.6 673.9 670.8 668.6 662.5 656.1 648.6 643.1 625.2 596.6 562.8 531.3 499.2
473.6 478.4 483.9 484.8 479.4 481.4 490.5 509 532.5 556.8 580.8 598.2 613.8 628.9 648.3 665 679.6 691.3 703 717.6 728.9 736.4 737.7 732.9 721.8 706.6 691.6 680.3 677.4 691.4 708.4 724.1 738.2 750.4 759.1 765.6 770.8 775.1 776.5 778.9 781.6 785.4 789.6 793.5 797.9 801.5 803.2 801.9 797.4 787.4 776.1 765.3 756.2 747.9 736.5 725.9 719 716.2 713.9 712.8 710 706.9 703 697.8 692.5 684.3 679.1 676.7 673.9 667.1 658.1 647.3 628.6 602.4 576.8 545.1 513 482.9
476.9 478.5 484.2 484.3 481.8 483.5 490.2 509.9 536.7 565.5 592.4 611.1 629.5 650 668.9 684.2 697.9 708.6 719.2 728.9 739.8 747 747.6 740.3 728.9 714.1 699.3 687.6 677 689 703.6 718.3 732.1 743.1 753.2 762.4 768.8 772.6 775.2 779.3 783.4 787.6 791.2 795 799.3 802.5 803.8 801.9 795.4 785.4 776.1 768.1 759.3 753 743.6 733.8 728.3 726.6 723.8 720.8 716.1 710.9 705.6 700.1 692.8 685.9 681.1 680.5 676.5 665.6 651 629.7 606.1 578.2 553.6 524.5 494.6 468.8
478.8 480.9 482.7 484.6 483.2 486.9 492.8 511.4 540.9 569.7 596.1 618.2 641.8 665.8 686.4 702.6 715.6 725.6 733.9 742.1 750.5 755.9 757.3 748.6 736.2 720.3 704.9 693.6 686.5 684.9 699 709.6 723.4 734.3 745.4 754.6 761.3 765.3 772.3 776.3 782 788.8 792.6 796.6 800.8 802.4 800.8 795.3 786.1 773.6 764 758.5 753.5 748.7 743 737.7 733.2 729.5 725.9 721.9 717.3 710.9 704.1 700.2 693.9 688 682 676.9 668.4 649.7 627 603.2 581.7 555 529.8 504.3 477.4 455.1
477.9 481.8 482.7 485.7 486 489.4 494.1 513.7 540.9 567.6 592.8 617 641.1 667 692.3 713.2 729.4 739.8 749.3 755.4 762.1 767.5 768.3 758.2 745 728.4 712.1 700.2 692.8 687.1 693.6 704 713.9 724.7 734.7 744.1 751.9 758.2 766.4 773.9 781.3 788.3 794.1 798.1 800.8 800.2 795.9 785.9 774 758.7 747.7 741.9 738.2 735 731.5 728.9 726.4 721.9 720.5 717.5 713.2 705.8 700.6 698.6 694.1 689 683 675.1 661.5 634.6 609 582.9 556.2 533.4 509.9 484 462.6 443.9
480.4 481.4 483.7 486.9 486.4 495.3 497.3 511.5 536.3 561.7 585.6 610.4 635.1 661 688.7 714.9 736.4 749.9 759.5 767.5 774.6 779.3 776.7 767.8 753.6 737.6 720.4 708.2 698.7 693.3 688.7 697.8 707.9 716.9 725.5 734.5 743.7 752.9 762.2 772.1 780.6 787.9 794.2 799 800.5 796.9 788.5 776.2 759.3 740.8 729.5 722.8 718.2 716 714.7 713.7 710.1 709.9 708.8 707.4 704.6 699.5 697.4 695.3 692.3 689 682.1 672.1 651.7 619.7 590.4 562.4 536.1 508.8 487.8 467 448.8 431.6
480.5 481.8 485.8 487.6 492 502.2 511.4 506.1 527.5 551.5 576.2 601.2 626.2 653.5 681.9 707.5 730.2 749.8 763.2 774.6 783.3 787.3 782.6 773.2 761.1 741.9 725.5 714.9 704.6 699.8 696.1 697.5 702.2 711.1 720.2 729.3 738.9 748.6 759 769.1 778.9 787.4 794.3 799.1 798.9 793.3 782.5 763 742.8 725.2 712.7 704.7 699.9 697.7 694.8 693.2 692.6 693.7 693 692.4 691.4 687.7 688.5 688 687 684.8 678.4 663.5 635.8 604.9 574.6 545.3 518.3 494 473.1 454.5 436.5 421.2
481.2 483.1 490.4 498.1 505.9 519 526.9 527.1 516.3 541.2 566.2 591.3 617 644.4 673.2 700.1 724.2 745 764.5 778.2 787 792.7 788.2 775.8 762.3 745.9 730 719 710.2 704.9 702.1 703.1 702.6 709.2 718.7 727.8 737.5 747.6 758 768.5 778.1 786.4 793.9 798 796.5 789.7 773.5 748.5 728.2 712 698.4 687.9 682.2 678.8 675.2 673.9 674 674.3 675 675.3 674.9 673.8 674.9 676.9 678.7 678.1 671.8 650.4 620.1 585.2 557.9 530.5 504.9 480.5 462.6 446.6 429.5 412.1
482.9 492.5 508.9 520.9 528.9 541.2 547 545.6 525.8 531.9 556.1 581.1 608.5 634.9 662.7 690 715 738 759.7 774 785 790.2 786.1 775.3 761.7 746.5 733.4 722.6 715 710.5 709.2 709 709.3 709.9 718.7 727.4 736.9 747 757.4 767.9 777.2 786.2 793.5 796.7 794.7 785.3 762.7 738.6 719.8 701.6 684.9 671.1 664 659.2 657.2 655.6 654.7 653.9 654.3 655.4 655.7 653.7 657.4 663.8 666.6 666.9 659.4 636.9 607.7 575.3 543.3 516.9 492.2 468.9 453.1 437.5 423.2 409.2
498.2 516 530.1 543.5 554.8 562.4 563.6 556.4 537.6 526.8 547.6 571.3 600.1 624.7 652.4 679 703.4 727.5 750.7 768.3 778.6 783.5 781.4 772.3 759.8 746.1 735.3 726.7 719.6 716.4 714.9 715.1 715.2 712.5 720.4 727.9 736.9 746.4 756.9 767.3 776.8 785.8 792.9 796.8 791.6 779.8 758.1 730.7 709.7 690 670.4 655.5 645.4 641.1 639.6 637.7 634.6 633.4 633.1 633.6 633.3 635.3 640 647.4 652.6 653.1 643.6 620.5 591.5 561.9 531.4 502.2 477.4 461 444.8 428.4 415 403.8
523.5 538.4 553.3 569 580.9 584.5 575.3 563.1 548.4 526 541.2 564 588.7 614.4 641.5 668 694.2 718.5 739.5 758.8 771 775.7 775.1 768.3 757.9 747.1 738.1 730.8 725 721.5 720.9 720.4 719.7 718.3 720.9 728.6 737.7 746.7 756.4 766.8 776.9 785.5 792.5 795.3 788.9 775.7 753.3 723.7 702.5 680.3 658.2 645.3 634.4 627.6 623.3 620 617.4 616.9 616.6 615.2 616.1 618.8 623.2 631.2 636.8 638.9 629 604.1 575.3 544.6 515.4 485.4 466.3 451.1 436 419.3 407.2 401
549.3 567.4 582.9 597.5 607.8 602.1 584.7 571 556.3 534 538.6 557.1 580.8 605.9 632 658.6 685.2 708.9 729.8 745.9 758.4 765.2 766.2 763.2 757 747.3 740.5 733 730.6 729.5 728.9 727.5 726.1 723 724.2 730.5 738.5 747.5 756.9 767.1 776.9 785.4 792.1 792.5 787 773.4 747.7 719.2 696.3 674.3 654.5 636.2 625.4 616.9 612.4 607.9 604 602.3 601 599.6 601.2 603.5 606.9 612.1 618.8 622.6 613.5 590 558.5 528 501 474.7 456.6 441.4 424.8 411.4 404.7 401.1
570.5 595.6 613.1 628 630.4 614.8 596 580.1 564.4 540.5 538.1 554.3 575.7 600.1 624.4 650.4 675.5 696.9 716 733.7 746.6 755 758.1 758.6 753.8 748.1 741.7 740.3 739.1 737.8 736.3 734.1 731.4 728.3 728.1 733.8 740.6 749.1 758.6 768.4 776.9 784.2 789.8 789.6 784.1 771.1 743.7 714.9 691.5 671.3 652.5 634.5 619.6 608.9 604 599.4 595.3 592.2 589.4 587.7 587.3 587.6 589.3 591.5 597.4 601.7 597.8 573.4 543.5 516 488.7 466.5 449.4 431.1 415.5 406.2 401.5 401.2
595.6 619.1 647.2 658.8 646.4 626.1 605.5 587.2 569.4 548.4 538.2 553.2 571.2 592 615.6 639.1 662.7 683.8 702.8 720.4 735.1 745.2 751.4 752.8 749.7 747.4 748.8 749.1 748 745.6 742.8 739.5 736.6 733.6 732.7 737.4 743.7 751.5 760.2 768.6 776.3 781.9 786.8 787.3 783.4 769.5 743.1 712.9 690 670.9 650.5 632.6 618.6 605.8 596.2 591.4 587.2 582.5 579.4 577.6 574.8 572.7 572.5 574 577.1 579.6 576.2 557.3 529.7 502.9 476.4 458.1 439.9 425.4 411.3 403.1 401.8 401.7
625.5 648.1 671.4 684.6 664.1 639.8 614.6 593.8 574 554 541.3 549.9 566.3 584 604 626.3 648.6 671.5 690.6 709.4 725.3 738.1 746 748.1 749.6 754.3 756.2 756.5 755.3 752.3 748.9 745.2 741.6 739.6 738.8 742.6 747.6 755.8 762 770 777.8 783.3 787.3 788.1 785.8 773.5 748.8 719.1 692.8 672.9 653 634.2 620.6 608.6 596.1 585.3 578.7 573.8 569.6 566 563.3 559.2 557.3 558.4 558.1 556.7 553 537.6 516.1 490.1 471.3 452.6 435.4 420.4 408.9 404.1 402.3 402.3
662 682.5 701.4 703.2 675.7 648.5 623.3 598.9 577.9 558.9 544.5 554.4 569.5 582.4 595 613.6 636.3 659.5 681.4 700.7 718.1 731.9 742.2 747.9 754.3 759.9 762.2 763.2 761.2 758.5 754.9 751.3 747.9 745.4 744.4 746.5 751.9 758.2 764.4 772.2 779.9 784.9 788.9 790.6 787.5 776.1 755.9 727 700.5 680 660.1 641.9 628.1 615.7 602.8 589.4 577.2 563.4 556.8 551.2 547.8 545.7 543.5 542.2 539.9 537.7 534.6 522.9 502.5 482.3 464.4 448.2 431.5 416.9 410.4 404.4 403.3 402.7
704.7 721.5 733.4 715.7 685.5 655.8 627.7 602.1 581.6 562.4 547.3 559.6 576.7 591.2 605.1 615.3 631.7 655 675.2 694.9 710.4 725.1 738.5 748.9 756.7 764.4 768.5 769.6 767 764.4 761 757.6 754.3 751.8 750.2 751.8 754.7 761.6 769 777.1 783.6 788.6 792.5 793.7 789.1 778.6 764.1 737.6 712.9 691.2 670.7 651.8 636.1 622.4 609.9 597.2 585.1 576.5 568 559.8 546.1 535.9 525.1 523.9 524.3 519.8 515.2 505.5 490 475.2 460.2 443.4 430.1 419.4 410.6 405.4 404.4 403.3
750.6 762.6 756.6 727.1 693.9 660.1 629.6 605.1 584.6 566.1 551 564.1 583.2 600 616.9 630.8 641.4 653.8 671 689.3 706.7 722.2 736.6 750.6 760.9 770.4 773.8 775.4 773 770.3 767.3 763.9 760.7 758.7 757.2 757 760.8 767.5 774.3 781.1 788.3 793 796.1 795.9 791.1 782.2 770 751.2 728.4 706.3 685.6 665.7 646.4 631.4 618.3 605.5 592.5 582.9 572.6 564.4 554.2 544.8 535.2 523.7 510 499.9 492.1 486.9 479.4 468.7 455.6 438.7 427.4 418 409.5 406.8 405.4 404.4
778.3 780.3 763.5 731.1 698.2 663.5 634.7 609.4 588.6 566.1 554.2 568.3 588.5 609 628.5 646.2 659.7 669.2 679.5 693 709.2 725 739.1 753.8 768.6 777.1 780.2 780.9 779.9 778.4 774.3 771 769.7 767.1 764.3 763.9 767.3 772.3 779.1 786 792.6 796.2 797.3 796 792.3 785.1 774.8 761.2 743.2 721.9 701.2 681.2 660.3 641 626.3 612.4 600.4 588.3 577 567.4 557.8 549 539.8 530.1 520.5 509.7 497.6 484.8 467.3 457.8 448.9 435.9 425.8 418.1 412.4 408.5 406 405
790.1 785.3 768.5 735.5 702.2 669.2 637.5 613.3 591.8 570.8 557.6 572.3 595.4 618.5 642.3 661.3 676.8 686.1 696.2 707.2 719.8 733.9 752.1 768.4 778.1 784.9 789.1 790 789.6 785.8 781.5 781.6 779.6 776.3 772.3 771.3 773.7 778.6 784.3 790 794.4 796 795 794 790.8 785.7 777.3 765.8 752.1 736.1 716.8 697.9 678.7 657 636.2 620.5 608.5 594.1 582.1 570.4 561.6 552.3 542.3 531.7 520 507.9 495.4 481.6 467.7 454.9 442.7 433.6 426.6 419.9 414.7 409.8 406.6 405.4
797.2 786.7 765.8 735.9 704.5 672.3 639.5 615.2 594.2 573.9 561.5 576 601.3 628.4 653.9 676.4 693.7 706.3 715.9 726.3 739.5 754.7 769.3 779.9 786.5 792.6 795.8 796.5 796.6 794.5 793.1 793.5 790.3 784.8 779.7 778.8 781.7 786.2 788.5 792 793 791.6 790.2 788.1 785.5 781.5 775 766.8 756.6 744.6 731.3 716.5 694.4 667.9 647.9 632.6 616.6 602.2 589.4 576.7 564.2 553.8 542 530.8 518 504.5 492.1 477.6 466.4 450.9 440.9 433.8 427.6 424.7 415.4 409.7 406.9 405.5
798.9 786.2 764.7 736.4 705 673 641.7 617.9 597.1 576.7 565.8 581.6 603.9 632.9 659.8 684.2 703 718.3 734.7 748.3 760.9 770.8 779.2 787.2 795.2 799.3 802.7 805.5 806.5 807.3 807 804.2 798.8 792.9 786.6 787.6 789.6 791.9 792.3 790.5 788.1 785.2 781.5 777.9 773.9 770.9 767.3 761.5 753.6 745.4 736.4 721.6 704 684.5 664.6 645 626.7 610.7 594.8 581.6 568.8 555.1 542.6 527.8 514 499.7 485.2 474 463.5 449.8 439.4 430.5 425 419.6 413.6 408.2 407.2 406.6
806 788.8 764.5 736.3 705.7 674.2 644.4 622.1 599.9 581.1 566.3 582.5 606.1 633.5 660.8 684.5 705.9 725.3 744.8 761.4 773.4 779.7 787.7 796.7 802.6 808.9 814.9 818.4 820.6 820.2 817 811.6 804.8 798.9 795.1 795.5 795.3 796 793 788 782 774.3 768.1 762.6 759.3 755.9 752.8 748.9 744.9 740.1 732.9 723.9 711.8 694.4 680.2 663.5 641.4 621.9 603.4 586.3 572 555.9 540.3 524.7 508.9 493.5 479.4 467.7 456.7 446.6 436.3 427.2 421.1 416.3 411.4 408.2 407.9 406.7
807.9 791.9 766.5 738.2 709.7 678.6 650.9 627.4 604 584.4 569.5 583.3 607.5 633.6 659.7 683.7 706.3 729.4 752.1 769.5 779.4 786.7 795.6 802.3 812.4 820.8 826.1 829.1 830.4 828.2 823.1 816.4 810.8 805.4 803.2 802.6 800.3 798.4 792.3 783.6 774.8 763.2 753.5 744.2 738.9 733.7 733.9 733.9 734.3 732.1 727.9 723.3 714.4 699.3 688.3 674.7 654.2 632.5 610.1 590.5 573.2 554.4 534 516.5 501.2 487.1 473.1 460.4 451.8 441.1 432.4 423.1 418 413.6 409.3 409 408.7 408.1
811.4 796.4 770.4 743.9 715.9 685.5 656 631.1 605.5 587.8 572.3 584.4 608.5 634.3 659.8 684.5 707.8 732.2 755 770.3 782.4 793.5 802 813.5 821.7 829.6 834.2 837.1 836.7 833.3 827.2 822.1 817 812 810.2 808.1 805.1 799.3 791.6 780.3 768.5 755.3 737.9 726.6 716 712.7 713.9 716.1 718.5 720.5 721.2 717.9 709.7 701.3 691.4 681.1 663.6 640.4 617.5 593.3 570.2 545.9 525.5 507.5 490.7 477.6 464.1 451.4 443.8 435.9 427.8 420.6 414.4 411 409.6 410.3 409.1 408.3
817.6 803.6 777.5 750.1 720.8 690.3 659.3 633.3 609.8 589.9 576.5 587.6 609 634.3 660.4 686 710.2 733.9 754.8 770.7 784.9 797.9 810.4 821 827.8 834.3 839.7 840.2 838.4 835.7 832.2 827.3 822.3 817.4 814.8 812.9 808.8 801.2 789.3 776.9 761.4 744.7 727.9 709.2 698.2 694.5 694.6 697.6 702.7 707.4 709 707 703.2 696.2 689.1 678.9 664.1 641.8 618.5 594.4 563 535.5 513.5 496.3 480.9 466.4 454.7 444.9 437.3 430.1 423.2 416.2 412.8 411.3 411.7 411.1 409.9 408.6
824.9 807.8 782.2 754.2 725.6 694.4 664.1 637.4 614.5 593.1 579.9 588.9 610.8 634.2 660.4 687 712.5 734 754.3 772.1 787.7 800.8 812.7 821.9 829.6 836.2 839.6 841.3 840.2 839.1 836.5 831.6 826.8 821.9 818.9 815.3 810.5 803.5 790.7 773.8 754.9 736.6 720.1 700.5 683.1 674.1 675.8 680.7 685.4 690.1 693.4 694.7 692.6 686.6 681.7 670.4 657.4 637.2 613.1 584.6 552.3 523.2 500.8 482.5 468.4 456.4 444.3 436.6 431.2 425 418.5 413.3 410.6 411.4 411.2 411.3 410.9 410.5
830.3 814.6 786.4 758 729 698.9 667.8 642.4 618.3 597.2 585.4 589.9 612 635.3 661 688.3 713.7 734.5 754.4 770.7 786 799.4 810.1 819 827.4 833.8 839.3 842 843.1 842.6 840.5 835.6 830.5 825.4 820.7 816.4 810.5 802.3 789.4 771.2 750.8 732 715.3 698.6 679.8 655.6 655.2 661.7 667.3 673.2 678.7 681.2 680.1 676.1 670.4 659.2 643.8 622.9 594.1 565 535.2 505.7 485 467.3 456 445.8 438 430.8 426.4 420.8 414.6 413.8 412.7 412.8 411.3 412.1 412.6 412.6
834.7 819.4 790.6 761 731.9 701.8 673 646.9 622.5 601.9 588.9 592.4 612.5 635.7 661.6 688.9 714.3 735.8 752.3 766.5 780.4 792.8 803.4 813.5 822.3 831.2 837.2 841.6 844.7 845.7 843.1 839.1 834.1 829 822.6 815.8 808 797.4 783.9 765.5 745.7 727.3 709.3 693.2 676.5 654.4 630.8 641.1 648.1 655.8 661.2 663.7 663.8 663.3 655.2 643.3 625.6 602.5 574.8 545.9 517 489.7 469 454.5 443.5 436.5 431.7 425.8 422 418 413.4 415 414.1 414 411.6 413.9 415.2 416.1
839.3 826.4 799.1 768 737.5 707.6 677.7 651.5 626.9 606.7 592.6 595.1 613.3 636.1 662.1 688.8 714 733.5 748 760.6 772.3 783.1 793.4 804.4 816.5 826.5 834.4 842.2 845.8 848.3 846.5 842.6 837.1 830.1 822.8 814.3 805 792.6 775.2 753.5 736.7 719.3 701.4 685.8 668.5 646.9 625.7 617.9 628.1 634.6 640.6 643.1 643.1 642.2 636.6 624.1 604.5 580 554 526.7 499.5 473.6 453.1 436.4 429 428.3 424 419.2 415.7 415.6 418 416.2 420.1 415 412.7 416.5 417.2 414.6
844.2 831.6 805.9 775.3 744.9 714.3 683.5 656.2 631.9 611.3 597 597.9 613.5 634.7 660.1 687.8 712.6 728.7 741.7 752.4 759.8 768.4 780.7 795.6 808.9 821.1 831.3 839.8 847 850.7 849.7 845.6 838 829.9 820.8 811 800.4 783.1 762 742.5 726 710.7 692.7 674 655.9 638.2 618.8 593.8 604 610.4 616.5 619.2 619.2 613.3 611.3 599.8 580.5 557.6 532.1 508.2 482.8 459 435.1 425.5 421.9 420.6 419.3 418.1 417.4 419.8 429 428.4 422.6 419.7 414.5 418.7 417.2 413.9
847.1 834.6 807.8 780.8 749.7 718.6 688.3 660.3 635.2 616.7 602.1 599.4 612.5 632.7 656 682.5 705.3 719.1 728.2 735.3 742.4 753.2 770.7 787.7 801.4 815.2 828.1 839.4 847.4 852.3 851.6 845.3 836.8 827 816.1 804.7 786.9 766.7 748.8 731.2 714.2 696.4 677.9 661 645.4 630.2 612.4 595.2 575.6 582 590.6 591.7 585.2 578.1 577.2 570.3 553.8 533.2 510.2 489.9 468 447.5 433.4 425.9 423.8 420.2 418.9 422.3 424 429.4 438.4 433.7 425.9 422 416.3 416.7 417.4 415.5
847.7 834.2 812.9 786.4 754.4 722.2 692.2 663 638.4 620.2 606.8 602.6 613.2 629.7 650.7 670.9 686.4 698.4 707.2 713.5 722.4 740.5 762.4 780.5 795 810 825 837.7 846.7 851.7 850.9 844.6 835.8 823.8 811.2 794.7 770.6 751.2 733.8 716.4 700 682.5 666.3 650.5 636 621.4 606.5 592.6 577 554.3 560.7 557.2 550.9 543.5 541.1 538.3 525.7 507.5 489.8 471.7 454.4 447 436.2 426.7 423.2 419.8 424.3 426.6 433.1 443 444.7 440.8 427.8 422.3 417.6 417.5 418.7 417.5
