app/static/ascii/NO19.asc
ncols 200
nrows 200
xllcorner 310000
yllcorner 790000
cellsize 50
[rows 105 to 139 of 200, columns 78 to 155 of 200]
467.6 461.8 463.6 476.1 482.7 489.7 496.7 506.4 516 522.7 526.2 539.2 546.2 547.4 543.6 536.6 523.1 512.6 499.9 497.2 495.2 491.1 486.3 480.9 473.9 457.4 480.3 495.3 503.7 510.1 511.9 513.4 514.2 512.7 511.7 513.3 515.1 518.4 519.8 519.7 518 523.9 529 536.6 543.1 547 549.9 551.9 548.2 541.9 531.7 518.4 506.8 504.7 503.3 503.3 505 505.1 504.8 502.9 501.6 499.3 497 494.8 491.9 494.1 492 497.1 498.5 499.8 498.7 497.1 494.8 492.5 490.2 488.5 487.1 486.8
460.4 458.4 454.4 462.2 468.5 474.4 484.8 496.8 503.8 509 515.9 529.3 537.9 540.5 534.5 524.1 513.3 504.9 496.5 488.2 484.6 481.3 477.9 473.1 466.2 452.4 480.7 489.9 497.6 501.8 503.2 505.2 504.9 505 505 506.8 509.5 514.7 517.6 514.8 515.6 525.9 533.1 540.4 547.2 552.3 557.3 558.7 557.1 548.6 539.4 531.1 523.5 516.2 509.9 502.1 499.2 499.8 499.5 498.6 495.9 493.6 490.8 488 486.1 485.8 486.1 492.3 495.7 494.6 492.3 489.9 488.1 486 483.8 481.7 480.2 479
453.7 452 446.5 451.6 454.6 459.7 468.5 479.7 485.8 492.3 501.7 515.8 524.9 527 517.5 508.3 501.4 494.9 486.9 480 473.8 469.7 468.8 465.6 456 451.4 475.3 485.4 491.9 495.1 496.9 498.2 499.2 500.3 501.3 504.2 509.1 502.4 503.8 506.1 519.1 528 536.3 544.4 552.4 557.8 563.6 566.7 562.4 552.2 544.7 537.5 529 521.3 512.9 502.7 496.1 495.7 495.7 492.3 488.7 487.3 485.6 483.3 481.8 479.9 481.5 483.3 486.6 486.1 484.3 481.7 480 478.3 476.7 475.2 474.1 473.8
447.6 447 444.6 445 441.9 445.8 454.2 462.6 469.6 476.7 486.7 500.9 505.6 506.6 500.1 492.1 488.2 483.2 477.5 472.5 466.4 460.5 459.5 459 444.5 455.9 471.1 480.8 487.2 489.8 490.9 492.4 494.1 495.2 496.5 500.2 508.2 498.5 492.7 503.6 519.6 529.3 537.9 546.5 555.2 562.3 566.7 568.1 562.9 558.2 555.9 548.1 537.5 526 514.3 502.8 496.9 494.4 490.8 486 483.5 481.7 480.1 479 477.6 476.1 475.8 476.2 477.3 476.4 475.5 474.7 474.1 473.4 471.7 470.7 469.8 471.1
446.1 443.6 439.8 437 433.9 435.8 439.8 446.5 453.2 460.3 468.2 479.6 485.2 485.3 482.5 476.9 475.5 472.4 467.5 463.3 460 455.4 454 454.7 437.2 456.2 468.2 476.4 481.1 482.8 484.5 486.6 488.9 489.6 491.2 494.4 498.4 493.9 487.1 495.5 515.7 528.1 537.3 546.2 556.4 561.9 564.9 564.9 565.9 570.7 566.9 552.5 538.5 526.1 514.4 503.7 498.1 494.3 490.3 486.6 482.8 479.9 477.6 476.2 474.2 471.8 470.7 471.7 471 470.9 470 469.6 469 468.1 467.4 466.5 467.1 470.4
439.4 438.4 436.1 432.3 428.3 429.3 428.6 433.2 437.7 441.2 448.9 458.9 465.1 466.3 468.1 465.4 462.9 462.7 460.6 456.6 454.3 451.2 450.3 450.8 432.6 455.9 464.7 470.6 474.6 476.6 478.7 481 482 483.5 486.2 490 492.8 496.1 488.9 493.9 513.6 523.6 533.6 543.4 552.5 558 561 565 570.5 571.7 559.6 549.9 537.8 528.5 518.9 509.3 501.8 495.6 491.2 487.3 482.5 478.4 476.4 474.1 471.3 468.4 465.3 467.3 466.5 465.7 465.5 466.2 465.4 464.7 464 463.5 465.5 469.4
436.6 435.2 433.5 430.9 425 428.7 426 424.8 426.7 431.2 433 439.8 445.2 449 452.5 453.8 452.6 453.9 450.5 448.3 445.1 445.2 445.5 447.8 427.4 449.2 458.3 465.3 468.4 471 473.4 475.8 477.9 480.2 482.7 485.5 488.1 490.9 486.6 492.6 509.9 519.6 527.5 538.2 547 554 557.9 565.7 567.7 558.1 555.8 550.2 543.5 534.4 524.9 515.9 508.9 501.8 495.7 490.6 486 480.9 476.6 473.3 470 465.7 462.3 462.3 462.6 462.1 462.6 462.7 461.9 461.2 460.6 461.5 464.4 470.1
426.5 423 421.6 422.3 422.2 421 418.5 419.2 417.5 422.9 427.1 426.8 427.6 430.8 433.8 436.3 437.6 436.6 434.8 435.9 435.9 437.6 438.6 443.6 426.2 435.5 452.7 459.3 463.4 465.9 468.3 470.6 472.7 475 477.5 480.1 482.4 485.9 483.8 488.9 504.8 513.6 521.7 532.1 540.9 549.3 556.9 561.8 556.6 554.5 554.3 552 545.8 538.5 531.2 523.6 517.8 511.1 505.1 497.2 489 482.3 477.4 472.5 469 464.7 459.4 457.5 458.8 459.1 459.2 458.3 458.2 457.8 457.6 460.3 464.2 470.7
448.4 437.4 431.2 426.6 423.7 419 416.9 415.3 413.9 412.6 414.3 419.4 419 418.6 419.9 420.6 422.2 421.6 420.9 421.9 423.3 425.5 428.5 435 420.3 428.5 448.7 453.4 456.8 460.6 463.5 464.1 464.7 469 472.5 473.7 475.8 479.2 483.3 482.1 498.3 506.9 513.9 523.5 532.9 542.6 549.6 551.2 549.6 552.5 556.9 557.2 551.1 542.9 538.3 534.2 528.9 520.6 510.4 500.1 490.7 484.3 478.4 473.1 468.3 464.2 460.6 456.7 452.9 454.1 453.7 453.2 453.7 454.3 456.1 459.6 464.6 471.8
468.1 453.5 451.7 443.2 435.5 428.6 429.9 437.2 437.9 428.4 415.1 409.5 411.4 412.2 413.6 413.1 413.4 412.2 411.4 411.2 410.8 410.1 410.3 414.4 412.5 426.2 445.1 447.2 447.7 450.8 454.3 454.8 457.4 461.4 464.3 467.1 470.6 474.4 478.3 472 492.7 500.6 505.4 513.5 522.7 532.2 538.7 541.3 542.8 546.9 552.3 554.3 550.8 546 548.7 546.2 531.9 522.1 510.8 499.7 490.2 484.1 477.5 470 464.4 462.4 458.6 454.3 448 449.6 448.7 448.4 449.6 451.5 453.6 457.9 465 471.7
486.1 476.5 472.1 460.8 452.7 447 438.4 445.3 442 435.6 430 420.1 409.3 406.7 407.7 406 405.4 407.5 407.1 406.4 405.1 403.9 403.3 405.9 407.1 416.8 432.3 435.3 436.3 439.9 444.7 446.5 450.1 452.5 454.7 459 464.3 468.6 464.6 475 489.1 490.9 496.2 504.7 510.8 518.6 524.7 528.4 531.9 536.5 542.2 545.7 548.1 548.8 547.8 541.7 528.9 517.7 505.6 496.2 486.4 479.4 471.6 465.8 462.4 460.5 455.9 451.1 446.1 444.8 445.8 445.9 446.1 447.6 450.2 455.3 462.9 469.6
499.5 492.5 484.8 477.2 471.7 464.7 455.7 455.5 452.8 448.8 444.8 436.8 426.7 417.4 408.5 404.2 406.8 403.9 401.8 401.9 400.9 399.5 400.4 401.1 403.4 405.9 412.5 418 422.4 430.1 435.5 440.1 441 443.1 443.3 451 456.6 460.7 455.3 470.4 477.3 484 489 495.4 501.3 505.9 510.5 514.4 518 523.4 529.4 535.7 540.6 542.4 540.3 533.5 520.3 507.9 497 487.5 479.9 473.4 469.7 467 463.1 455.4 449.2 446.7 443.6 440.2 443 443.4 443.2 443.6 446.4 450.8 459.3 466.9
513.3 501 492.1 491.8 488.2 483.7 470.7 471.5 465.4 459.9 455.3 450 444.2 436.3 426.6 423.1 424.2 418.5 415.8 412.4 408 403 398.5 399 397.5 396.6 398.3 402.8 409.2 418.8 425.8 430.1 432 431.2 429.4 437.3 448 454.7 453.8 462.9 470.9 476.5 479.9 484.1 490.2 495.4 499 501.2 503.8 507.2 512 518.2 524.1 528.8 527.5 517 505.9 496.2 486.3 481.4 477 474.4 467.5 461.2 454.5 447.2 443.7 442.4 441.3 436.7 441.2 440.9 440.2 440.7 443.1 447.2 455.8 463.4
521.5 511.9 506 501.5 495.5 489.1 485.5 481.6 475.8 470.7 466.2 462.3 457.8 453.4 447.2 443.8 442.4 439.9 437.6 433.9 430.1 424.5 419.8 409.6 398.9 391.7 389.7 392 396.7 405.7 415.1 421.5 425.6 424.9 421.9 423.6 438.1 447.9 442.1 453.4 461.6 467.5 470.3 473 478 483.4 486.2 488.9 490.6 492.6 495.6 500.1 505.5 508.1 507.6 499.1 491.2 484 478.6 477 476 467.3 457.2 452.8 448.3 442.3 439.4 437.8 437.7 433.3 436.8 436.1 436.7 438 439.9 446.1 452.1 458.9
533.1 527 517.9 506.1 496.8 497.6 495.3 490.6 485.9 481.7 477.8 474.5 470.9 467.1 463.1 460 457.4 454.9 453.2 451.1 447.5 443.8 437.3 433.1 425.8 407.9 390.3 387.5 385.7 389.7 399.7 409.1 414.9 414.9 415.5 415.6 428.2 437.3 436.8 447.6 451.7 456.8 459.7 462.7 466.5 470.2 473.7 476.5 477 479.4 482.9 485.9 488.7 488.7 488.3 484.1 477.2 474.1 470.9 465.7 461.7 454.4 449.2 446.7 443.7 440 436.4 434.4 432.7 431.1 432 432.7 433.9 435.5 436.8 441.3 446.9 452.7
545.6 535.6 519.3 502.1 502.1 506.4 506.4 502.7 499.9 495.9 491.9 487.6 483 479.1 476.3 473.5 470.1 468 465.8 462.3 458.2 453.3 443.1 445.6 442.9 432.9 416.1 402.9 394.5 382.4 384.9 392 399.9 404.2 408.5 412.5 416.3 426.8 436.7 438.8 440.4 446.3 450.4 453.8 455.8 459.6 462.2 463.9 463.6 465.6 468.7 472 472.7 472.7 471.5 468.2 465.1 463.7 457.8 453.8 449.7 448.4 446.5 442.1 440.2 437.6 432.9 430 427.9 428 428.7 428.8 429.8 431.9 433.8 436 440.9 446.2
552.3 539.2 517.6 508.6 513.4 520.2 518.9 516.9 514.5 509.7 504.6 499.9 495 491 488.2 486 482.9 479 475.1 470.5 465.8 460 453.7 453.3 449.4 440.8 431 421.2 414.5 407.2 388.2 378.6 385.7 393.1 399.5 405.5 414.9 424.6 432.4 431 431.1 434.1 438.4 443.3 445.4 448.3 450.8 450.4 451.3 453.9 457.1 459.2 459 458.6 456.1 454.4 453.1 450.1 446.2 444.9 444.5 444.5 443.2 438.2 434.1 431.1 427.9 426.2 426.1 425.6 426.1 426 425.7 427.7 429.5 432.5 436.7 441.4
554.2 536.8 520.4 521.4 529.5 535.6 534.8 532.3 528.4 523.5 518.7 513.7 507.3 502.8 498.5 494.7 491.5 486.8 480.6 475.5 469.9 467.1 459.3 461.5 453.7 442.8 433 422.1 413.9 409.2 396.3 381.4 376 379.3 390 402.8 409.8 419.4 425.5 423.6 421.5 421.9 425.8 433.2 434.1 434.8 436.7 437.3 439.8 442.4 445 446.2 447.5 446.5 444.8 442.8 441.5 440.6 440.5 441.1 440.5 438 435.4 431.1 427.4 425.7 424.9 424.2 424.4 422.3 422.7 422.5 422.3 423.1 425.7 429.7 433.3 439.5
559.8 540.7 529.7 538.9 546.5 551.7 550.7 548.4 544.5 541.8 534.7 528.5 520.2 514.7 508.4 503.9 499.5 492.9 484.8 477.7 472.9 469.3 469.7 463 453.4 443 437.7 431.1 418.3 413.8 403.1 385.5 379.5 373.6 385.2 399 405.5 409.2 412.9 411.2 411.2 411.9 415.5 421 423.7 424.2 425.1 424.3 426 429.2 431.8 434.2 435.3 433.8 434 432 431 434.6 436.8 436.4 434.1 429.4 426.7 425 424.3 423.2 422 422.3 422.6 420.3 419.1 419.4 419 420.2 422.4 425.7 430.9 437.7
564.8 544.8 541.5 555.4 563.2 568.1 567.5 564.8 561.5 557.9 550.4 542.6 535.5 529.5 522.5 518.4 513.8 503.9 494.9 488 479.5 473.6 470.2 461 451.3 443.8 435.9 430.6 418.9 413.5 405 386.1 381.2 372.5 376.4 392.2 398.4 401 400.1 401.7 403.5 404.6 406.6 410.3 414.8 414 414.6 414.2 417 419.8 420.5 422.6 425.5 422.2 422 423.2 422.5 426.8 428.1 427.2 426.1 422.4 421.6 421.6 420.9 420.1 419 419.3 418.3 416.1 416.4 416.4 416.3 418.5 419.8 423 428.4 435.1
567.5 547.4 553.7 570.3 577.9 581.7 581.6 579.3 577.3 575.2 569.1 561.3 555.1 548.4 541.8 537.3 530.6 520.1 506.7 495.6 484.2 472.1 465.1 456.5 449.4 443.3 437.2 430.2 421.6 414 404.9 388.6 381.7 377.6 368.2 383.1 390 393.3 394.8 395.4 397.8 399.3 399.8 399.6 406.1 404.1 404 404.4 405.9 408.5 408.1 411.4 414.8 411.9 413.2 413.3 415.5 418.8 421 420.6 419.3 418 419.1 418.1 417.6 416.8 415.9 415.1 414 414.4 411.9 412.9 412.8 414.1 417.3 420.4 425.6 433
567.4 551.8 570.1 583.2 590.6 594.4 596.9 600.7 598 595 588 579.7 575.2 568 560.8 553 543.4 532.6 516.9 500.3 482 470.9 461 452.9 446.6 439.1 430.3 425.5 418.8 411.1 405 392.4 382.3 378.3 366.1 376.9 382.5 385.7 389.2 388.9 392.8 394 394.2 393.3 397.2 395.5 393.4 393.7 394.7 396.1 397.2 399.4 402.1 401.7 403 404.4 406.9 411.4 413.2 415.1 413.9 415.1 415.6 414.7 414.6 413.6 412 410.8 410.1 409.5 407.8 408.9 409.8 411.6 414.9 418.1 423.7 432.8
570.3 567.6 589.5 597.7 604.3 608.6 613.4 619.1 614.7 609 603.6 597.8 593.4 587.4 579 568.4 557.1 542.4 522.3 500 481.1 469.9 459.9 450.1 442 434.4 426 418 412.8 407.6 403.5 394.5 384 378.8 369.3 371.3 374.9 378.8 383.8 386.4 387.4 387.9 388 388 388.5 388.4 386.8 387.8 387.9 388.3 389.4 390 393.1 393.3 395.6 398.6 401 405.2 406.7 408 409.1 412.1 411.4 412.2 411.3 409.9 408.3 408 407.1 406.5 403.1 405.6 407.5 408.9 411.3 415.1 420.9 432
570.3 588.1 606.1 611.1 617.3 623.6 628.2 628.8 626.9 621.5 617.7 616.7 612.1 605.9 596.6 581.7 564.4 544.4 522.8 501.2 481.4 468.1 458.6 447.7 438.6 431.1 423.9 415.8 410.4 403.9 398.7 395.4 387.7 380.8 377.3 361.6 369.2 372.9 373.9 375.5 380.5 381.6 382.5 383.3 383.7 383.3 381.3 382.5 383.2 382.9 383.7 385.1 386.8 387.6 392.7 393.9 397.2 401.4 402.7 404.5 406.2 408.3 407.8 408 407.1 405.8 404.9 404 404.1 401.3 400 402.4 404.5 406.7 408.8 413.7 420.5 430.8
582.1 607 616.9 622.8 631.4 639.2 640 641 637.6 631.2 629.9 628.4 624.4 620.1 605.8 586.2 565.6 542.1 521.2 500.7 481.3 465.4 455.3 445.1 436.8 429.1 420.8 413.8 407.7 400.9 396.1 387.7 386 383.4 379.5 372.4 358.5 368.4 369 368.9 372.6 374.6 374.9 376.1 376.2 375.4 374.4 375.3 376.4 376.7 377.3 378.6 380.3 382.8 385.8 388.4 392.9 396.7 398.9 401 402.7 403 403.4 403.2 402.9 401.9 401.2 401 399.1 398.4 398.8 400.6 401.4 404.4 408.2 413.6 421.5 433.9
602.5 621.9 627.7 632.1 641.9 643.2 641.9 641.9 640.8 635.9 637.9 637 628.5 619.8 602.4 580.7 560.4 538.2 517.2 498.5 481.4 466.1 454.3 444.4 434.7 426.2 417.6 406.5 402.1 396.5 390.6 383.9 379.3 378.4 377.6 373.4 358.9 363.1 366.1 366.7 365.4 367.3 368 368 369.2 368.8 369.2 371.2 372.3 372.4 373.1 374.1 375 377.3 382.2 385.2 388.9 393 395.5 397.3 398.7 399.4 399.8 399.1 398.5 397.9 397 395.6 394.9 394.8 396 397.2 398.6 402.5 406.9 414.5 423.6 435.5
621.6 632.5 636.6 642.8 644.9 646.5 642.9 643.5 639.2 641.7 638.9 631.5 622.2 611.6 596.3 577.9 556.4 533.8 513.3 496 481.9 466.5 454.4 443 432.1 419.5 409.8 405.3 400.3 393.1 388.6 382.2 374.5 370.5 368.8 368.7 354.2 357.3 359.4 363.7 364.7 364.1 363.9 363.3 362.6 363.5 364.5 366.4 368.6 369 369.7 370.5 371.3 373.2 376.4 381.5 386 393 390.2 392.3 393.5 394.7 395.4 394.9 393.7 393.6 392.4 391.5 391.4 391.7 392.5 393.6 395.9 400.9 406.8 414.9 424 434
627.3 634.8 641.5 647.2 648.3 644.4 639.6 638 637.3 634.5 627.4 618.8 610.7 600 587.9 569.2 549.1 528 509.2 493.9 479.3 464.7 451.8 438.7 427 417.5 410.7 405.3 399.5 393.6 387.9 380.5 371.4 365 362.3 359.7 356 352.6 352.9 357.9 361.2 364.3 363.7 362.8 361.8 360.4 360.5 362.1 363.8 364.8 363.8 367.3 367.9 368.5 374.6 378.2 382 387.6 385.8 386.5 387.1 387.9 388.3 388.5 388.6 389.2 388.4 387.6 389 388.2 389 390.9 394.3 399.9 406.2 414 421.6 431.8
629 638.7 642.9 646.1 641.1 633.5 634.1 636.8 631.9 619.7 612.6 606.2 596.9 586.2 575.4 557.4 538.4 520.6 501.5 489.5 475.5 460.2 446 434.5 428.1 420.3 415.3 408.6 400.4 393.3 386.4 376.2 370 364 361.3 356.5 360.6 358.5 349.3 352.3 356.3 359.1 362.8 362.8 361.6 360.1 359.1 359 357.8 358.6 358.5 361.7 364.7 366.8 372.8 374.6 377 378.5 380.3 380.9 381.8 383.1 383.4 383.3 384.3 385.5 386.8 387.2 387.6 385.2 386 389.1 392.8 397.8 403.6 411.4 419.5 425.8
627.5 635.5 639 636 630.1 628.1 630.8 627 615.4 605.4 600.2 590.1 580.3 570.5 558.7 542.4 524.1 506.8 493.8 484 469.7 454.3 442 434.8 429.8 425.2 420 411.4 400.4 391 381.6 369 365.6 365.2 362.3 362.8 362.8 360.5 350.9 348.9 350.9 353.7 356.1 359.1 361 359 357.4 357.8 357.4 355.9 354.9 355 360.4 362.6 367 370.5 372.8 373.5 375 377.1 377.9 379.2 379.3 380.1 381.4 382.7 384.3 385.3 385.5 382.6 384.2 387.5 391.6 395.5 401.2 408.6 416 420.1
623.4 628.8 629.4 627.2 623.1 623.6 621.6 608.8 599.5 592.1 582.9 573.7 562.6 550.4 537.5 523.4 508 494.6 484.8 473.9 461.5 449.1 444.8 439.2 433 425.8 417 405.2 396.9 387.4 372.7 369.2 366.9 367.9 367.2 365.9 363.1 364.6 357.7 347.3 344.3 353.4 352.5 349.1 349 347.6 349.2 354 356.5 355.5 355 354.7 356.5 360.3 361.5 367.9 370.2 370.5 371.7 373.7 375.1 375.8 376.8 377.8 378.4 379.3 380.7 382.3 381.2 379 382.8 386.3 390.5 395.1 399.4 405.7 413.9 421.6
617.9 620.9 622.7 618 620.1 619.4 607.2 594.1 584.5 574.6 565.8 556.1 544.6 530.5 518.2 505.8 494.8 483.8 475.3 464.7 457 455 449.9 441.6 431.7 419.4 405.6 396.5 388.2 382.3 371.3 370.1 366.5 366 366.4 365.2 363.3 362.1 362.3 349 343.1 346.3 344.5 342.1 340.8 340.1 340.4 341.5 343.7 354.9 354.9 354.6 354.2 354.4 355.7 360.9 367.8 367.8 368.3 370.2 372.2 373.1 374.1 374.4 375.1 375.8 377 378.5 377.9 376.2 382.4 384.4 388.4 393.9 398.8 403.4 409.3 417.7
609 608.6 609.1 613.2 616.6 609.4 596.4 582.3 571.5 559.8 549.8 537 525.3 514.2 503.3 491 482 474.5 467.2 463.9 459.2 454.1 448 436.8 420.6 406.1 394.7 387.4 378.6 376.2 370.8 363.3 362.5 364.2 365.1 362.2 359.5 356.8 358.5 355.6 342.6 338.6 338.3 340.1 339.7 339.4 339.3 339.2 338.8 342.1 354.4 354.2 352.8 352.9 352.7 355 361.2 363.2 364.7 366.9 369.2 370.4 370.8 371.1 371.8 372.3 373.5 375.9 373.5 374.8 380.2 381.7 387.3 392.6 397.3 400.8 405.2 410.4
601.2 602.8 603.9 610.2 609.8 601.9 589.4 576.6 558.9 544.3 531.8 519.8 508.7 498.2 488.5 480 474.9 468.6 463.6 458.4 452.8 447.7 438 423 406.2 394.4 384.5 377.4 371.4 369.5 366.5 361.2 359.5 361.9 363.1 359.2 353.7 350.7 348.4 346 341.4 337.1 336.2 336 339.7 339.4 339 338.5 338 337.6 337.6 346.5 352 351.6 351.2 351.4 357 359.1 360.4 363.7 366.1 367.2 367.3 367.3 367.4 367.7 369.2 370.5 370.4 377.2 379 381.6 385.6 390.3 394.6 398.5 401.2 404.1
595 596.2 599.5 605.1 601.6 591.3 580.3 568 549.6 531 518 504.7 492.9 483.2 473.8 469.2 464.6 458 448.7 443.5 437.6 428.8 420.5 406.7 392.8 382.8 373.2 367.2 364.7 363 361.3 359.4 357.6 358.6 359 356.3 348.8 346.2 343.2 341 338.2 334.2 334.1 339.2 339.6 339.7 339.5 339.3 338.9 338.7 337.8 336.3 340.6 349.4 348.8 349.4 351.4 353 355.4 360.3 363.1 363.3 363.8 363.5 362.9 362.6 362.8 367 374.8 375.9 378.1 381 385.3 389.7 394.2 397.1 397.8 400.1
