app/static/ascii/NO22.asc
ncols 200
nrows 200
xllcorner 320000
yllcorner 720000
cellsize 50
[rows 117 to 155 of 200, columns 0 to 87 of 200]
160 166 169.9 172.1 171 162.3 162.7 165.5 174.1 179.7 174.5 165.4 157.6 149.1 140.8 123.5 115.5 93 67.5 48.7 43 36.7 31.9 27.1 23.6 20.7 18.2 14.3 14.8 14.6 14.5 14.4 14.2 14.1 14 13.8 13.7 13.6 13.4 13.2 13.3 13.6 13.7 13.6 13.6 13.6 13.5 13.5 13.4 13.1 12.9 12.6 12.5 12.9 13.5 12.4 12.4 12.5 12.6 12.7 12.8 12.9 13 13.2 13.4 13.6 13.8 14.1 14.1 13.9 13.7 13.5 13.4 13.5 13.9 14.3 14.4 14.4 14.4 14.7 14.9 14.7 14.2 13.7 13.1 12.3 12 11.7
151.2 157.3 162.8 164.1 162 156.2 154.3 156.9 163.8 166.4 164.3 158.7 150.5 143.1 131.8 118.9 105.6 80.1 59.1 43.2 37.8 31.8 27.9 24.8 22.4 20.2 16.7 14.7 14.7 14.7 14.6 14.4 14.3 14.2 14 13.9 13.8 13.6 13.4 13.3 13.3 13.3 13.8 13.9 13.8 13.8 13.8 13.8 13.6 13.4 13.2 13 13.9 13.1 12.9 12.8 12.7 12.8 12.9 13 13.1 13.2 13.3 13.5 13.7 13.9 14 14 14.6 14.5 14.2 14 13.7 14.6 15.1 15.6 16.1 16 15.9 15.8 15.3 15.1 14.9 14.3 13.5 12.7 11.9 13.7
138.6 145.6 148.8 150 148.8 147 145.8 146.9 150.5 150.4 149.2 146.1 141.8 135.6 122.3 110.6 91.3 68.5 48.6 39 33.4 29.2 25.5 22.9 20.4 18.5 14.9 14.6 14.6 14.6 14.6 14.5 14.4 14.2 14.1 14 13.8 13.7 13.5 13.3 13.4 13.4 13.7 14.1 14.1 14 14.2 14.1 13.9 13.7 14.4 13.8 13.6 13.4 13.2 13.1 13 13.1 13.2 13.3 13.4 13.5 13.6 13.8 14 14.1 14.1 14.2 14.9 15 14.8 14.6 14.3 15.3 16.1 17.2 17.9 18 18 17.7 17.4 14.9 15.7 14.9 14.1 14.3 12.8 12.6
128.3 133.9 137.3 139.4 136.9 136.3 136.2 136.7 137.1 135.8 136.5 135.1 133.2 126.6 117.1 102.7 76.2 54.2 38.5 32.8 29.6 26.4 23.6 21 18.4 15.8 14.4 14.6 14.6 14.6 14.6 14.5 14.4 14.3 14.2 14 13.9 13.7 13.5 13.4 13.4 13.5 13.4 14.1 14.3 14.3 14.5 14.4 14.9 14.8 14.4 14.1 13.7 13.7 13.6 13.4 13.3 13.4 13.5 13.6 13.7 13.8 13.9 14 14.2 14.3 14.3 14.3 15.2 15.4 15.3 15.6 15.2 16 17.5 18.7 19.6 20 20.3 20.2 18.8 16.1 16 14.8 13.8 13.6 13.4 12.9
117.1 122.5 125.5 126.5 124.6 124.1 123.9 124.3 123 122.2 120.8 123.4 124.2 121.1 110.9 86.3 60.6 40.6 30.5 27.9 25.1 22.9 22.6 19.9 17.2 14.7 14.6 14.8 14.6 14.6 14.5 14.5 14.5 14.3 14.2 14.1 13.9 13.7 13.5 13.5 13.5 13.5 13.6 13.9 14.4 14.5 15 15 14.9 14.6 14.5 14.4 14 13.8 13.8 13.7 13.5 13.7 13.8 13.9 14 14 14.2 14.3 14.4 14.4 14.5 14.5 15.5 15.8 15.9 16.7 17.5 18.3 18.6 19.7 20.7 21 20.5 20.7 19.8 16.8 16.9 15.2 14.5 13.9 13.3 12.7
105.4 111.8 116.1 116.6 113.8 112 110.2 108.9 108.3 109.3 108 108.5 108.5 104 97.7 73.4 49.4 30.6 25.4 22.5 20.9 20.5 20.7 19.1 16.4 15.9 15.1 15.1 14.7 14.6 14.6 14.5 14.4 14.4 14.3 14.1 13.9 13.7 13.5 13.5 13.5 13.6 13.6 13.5 14.5 15.3 14.8 14.6 14.8 14.7 14.6 14.4 14.3 13.9 13.9 13.8 13.7 13.6 13.8 14 14.2 14.3 14.4 14.5 14.6 14.6 14.7 14.7 15.8 15.9 16.3 16.9 17.6 17.9 18.6 19.2 19.9 19.7 20 17.7 17.3 15.3 14.9 14.6 14 13.4 12.8 12.2
98.1 101.7 104.8 103.8 101.4 100.3 98.3 97.1 96.2 96 95.5 94.2 93.3 88.3 81.1 61.5 41.1 24.3 19.9 18.7 17.9 18.1 18.3 18.2 15.7 15.9 15.9 15.9 14.8 14.7 14.6 14.6 14.5 14.4 14.3 14.1 14 13.8 13.6 13.6 13.6 13.6 13.7 15.4 14.1 14.4 14.2 14.1 14.6 14.8 14.6 14.5 14.4 14.3 14.1 14 13.6 13.3 13.6 13.8 14.1 14.3 14.6 14.6 14.5 14.4 14.3 14.2 14.6 15.7 15.5 15.4 16 15.9 16.6 16.8 17.2 16.9 15.8 15.5 15 14.7 14.3 13.9 13.3 12.8 12.2 11.6
89 88.7 90.1 90 89.4 88.3 87.5 85.2 84.5 81.5 80.5 78.7 76 73.4 71.4 51.2 32.8 22.8 18.2 17.1 16.1 15.5 15.8 16 15.9 15.9 15.9 14.1 14.6 15.3 14.7 14.6 14.5 14.4 14.3 14.1 13.9 13.8 13.6 13.6 13.7 13.7 15.4 13.8 13.7 13.7 13.8 14.4 14.4 14.8 14.7 14.6 14.5 14.4 14.3 14.1 13.8 13.5 13.8 14 14.3 14.5 14.7 14.7 14.6 14.5 14.4 14.3 14.2 15.1 15.2 14.5 15.6 14.8 15.9 15.2 14.7 14.5 14.5 14.7 14.5 14 13.7 13.3 12.7 12.1 11.5 11.3
89.5 79.2 77.7 78.5 78.8 77.3 74 72.1 71.6 70.3 69.2 68.2 67.4 64.5 54.5 36.8 23.2 19 16.6 15.6 14.8 14.1 14.1 14.1 15 14.1 14 14 14.1 14.2 14.4 14.5 14.5 14.3 14.1 14 13.8 13.6 13.7 13.7 13.7 15.4 13.8 13.8 13.7 13.7 14.2 14.6 14.6 14.9 14.8 14.7 14.5 14.4 14.3 14.3 14.1 13.8 14 14.2 14.5 14.7 14.8 14.9 14.7 14.6 14.5 14.4 14.3 14.6 15.1 15.2 16 13.7 14.1 14.7 14.7 14.7 14 13.8 13.7 13.5 13 12.6 12 11.6 11.4 11.1
98.7 87.2 75.3 70.6 70.3 69.7 66.7 65 62.8 60.7 59.4 57.7 55.4 47 33.8 27.6 20.1 17.6 15.9 15.4 14.7 14.5 14.3 14.1 14.3 14.4 13.9 13.9 13.9 14.1 14.2 14.3 14.6 14.1 14 13.9 13.7 13.8 13.9 15 14.8 13.6 13.8 13.9 13.9 14.2 14.6 14.8 14.8 14.8 14.9 14.7 14.6 14.5 14.5 14.2 14.4 14.2 14.2 14.4 14.7 14.8 14.9 14.9 14.8 14.7 14.6 14.4 14.4 14.5 16 15.5 15.2 13.7 13.7 14.2 14.2 13.6 13.4 13.1 12.8 12.6 12.4 11.9 11.7 11.4 11.2 10.9
100.5 92.3 81.3 71.1 63.1 62.4 59.7 57.8 55.7 52.7 49.6 46.5 37.9 33.6 28.3 23.2 19.2 16.5 15.7 15.5 14.9 14.7 14.2 14.2 14.5 14.6 14.1 13.7 13.8 14 14.1 14 14.6 14.7 14.2 13.8 13.8 14 14.8 13.6 13.7 13.9 14.2 14.7 15.5 15.6 15.6 15.6 15.4 15.3 15.3 15.5 15.8 14.7 15.2 14.2 14.3 14.5 14.4 14.6 14.8 14.9 15 15 15 14.8 14.6 14.5 15.8 15 15 15.3 14.7 13.8 13.7 13.7 13.5 13.2 13 12.7 12.5 12.2 11.9 11.7 11.5 11.3 11 10.8
99.6 91.1 80.3 72.3 59.7 51.3 51.4 50.3 46.6 43.2 40.4 33.8 30.5 27.3 22.8 21 18.2 16 15.7 15.5 15.1 14.6 14.1 14.3 14.6 14.9 14.4 13.6 13.7 13.8 13.8 13.7 14 21.1 16.1 16.3 15.3 14.8 13.8 14.1 14.1 15 16 16.6 17.3 17.7 17.8 17.8 17.6 17.3 17.2 17.5 17.3 16 15.9 14.1 14.1 14.5 14.6 14.8 14.9 15 15.1 15.1 15.1 14.9 15.2 14.9 14.6 14.3 14.9 15.3 14.2 13.9 13.5 13.4 13.2 12.9 12.6 12.4 12.1 11.8 11.5 11.9 11.4 11.1 10.8 10.6
101.2 89.2 78.2 67.7 59 43.4 39.1 38.6 36.4 34 29.5 24.4 20.6 20 19 18.2 16.5 15.9 15.7 15.5 15.2 14.5 14.2 14.5 14.8 15.1 14.6 13.8 13.5 13.5 13.5 13.4 13.4 24.1 15.8 15.2 14.9 14.6 15.5 16.1 16.9 18.1 19.3 19.6 19.8 20.1 20 20.2 19.5 18.8 17.3 17.2 17.3 16.2 14.8 14.3 14.1 14.3 14.8 14.9 15 15.1 15.2 15.2 14.9 14.9 14.7 14.9 14.7 14.2 15.9 14.6 14.2 13.4 12.7 13.2 13.4 12.8 12.3 12 11.8 11.5 11.3 11.6 11.3 11.1 10.6 11
91.5 80.3 71.8 63.4 56.6 48.8 33.6 29.7 27.6 24.5 20.5 18.6 18.1 18 17.3 17.1 16.8 15.4 15.3 15.2 15.3 15.1 14.1 14.5 14.8 15.1 14.9 14 13.5 13.9 14 14 13.6 21.2 17 15.1 14.2 15.8 19 20 21 21.6 22.5 23.1 22.7 22.3 21.9 21.1 20.6 19.6 17.7 16.8 16.8 16.7 16.4 16.1 15.7 15.3 15.4 15 14.6 15.2 14.9 15.1 15 14.8 14.6 14.8 15 14.6 14.1 15.4 13.1 11.9 12.5 13 13.5 13 12.4 11.9 11.4 11.2 11.1 10.9 10.6 10.5 10.5 11.4
75.6 70.7 64.3 55.1 48.1 38 27 23.4 21.8 19.7 18.1 17.3 16.8 16.5 16.2 16 15.7 15.4 14.7 14.7 14.5 15.6 15.4 14.1 14.4 14.7 14.6 14.3 13.5 13.8 14.2 14.5 21.8 16.5 15.4 21.4 14.6 18 22.6 23.4 23.7 23.8 23.5 23.8 23.2 22.2 21.2 20.3 19.8 18.8 17.6 16.7 16.9 17.1 17.1 17.2 17.2 16.6 16 16.2 15.1 14.8 15.1 15.4 15.3 14.9 14.6 14.5 14 14.3 14.4 13.5 11.9 12 12.4 12.8 13.4 13.1 12.6 12.1 12 11 10.9 10.7 10.7 11.3 10.5 11.7
68.4 60.8 49.5 39.6 29.8 29.5 20.9 20 18.7 17.4 16.9 16.8 15.9 16 15.8 15.3 14.9 14.5 14.2 14.3 14.6 14.3 14.5 15.5 14.2 14.2 14.1 13.9 13.7 13.5 14.1 15.8 17 16.5 20.2 22.4 21.7 24 24.4 24.3 23.6 23.8 23.1 22.6 21.8 20.8 20.2 19.5 19.5 18.4 17.1 17 17.2 17.4 17.5 17.6 17.8 17.2 17.4 16.2 14.3 15.3 16.3 15.9 15.7 15.1 14.1 13.2 12.9 12.7 12.5 12.3 12 12.1 12.5 12.9 13.3 13.4 13.1 12.9 12.4 11.1 11 11 11 11 11.2 11.8
42.3 31.4 26.9 24.5 20.5 18.3 17.8 17.6 17 16.4 16.3 15.7 14.8 15.2 15.5 15.1 14.6 14.2 14.2 15.5 15.3 14.9 14.6 14.4 14.6 13.7 13.5 13.4 13.2 13.5 15 17.2 16.1 20.9 22.9 25.1 24.6 24.8 24.6 23.6 23.5 22.8 22 21.4 20.6 20.2 19.6 19.4 19.3 18.4 17.6 17.4 17.5 17.7 17.8 17.9 17.6 17.5 17.7 17.4 16.2 16.4 17.1 17.1 15.8 15 13.9 13.4 13.2 12.9 12.7 12.5 12.2 12.2 12.6 13 12.9 12.9 13.1 12.8 12.7 12 11.7 11.5 11.4 11.6 11.9 12.2
27.2 21 19.4 18.4 14.9 14.4 16 16.3 15.4 14.9 14.4 14.3 14.1 14.3 14.7 14.8 14.4 14.5 14.2 14.7 14.6 14.4 14.3 14.4 13.7 13.2 13.4 13.4 13.3 14.6 16.3 16.5 19.6 22.3 23.5 24.1 24.4 24.1 23.7 22.7 21.6 21.2 20.6 20.2 19.8 19.5 19.5 19.3 19.2 18.8 18.1 17.8 17.9 18.5 18.2 18.5 18.6 18.2 18.2 18.2 18.1 18.5 18.1 16.7 15.3 14.1 14 13.7 13.4 13.2 12.9 12.7 12.5 12.3 12.6 12.5 12.4 12.3 12.7 12.8 12.9 13.2 12.9 12.7 12.4 12.3 12.6 12.9
23.4 15.8 15.3 17.2 14 13.7 14.1 15 14.4 14.4 14.7 14.7 14.1 14.2 14.3 14.4 14.6 14.2 13.8 13.3 13.1 13 13.5 13.4 13.1 12.9 13.2 13.3 14.2 15.6 16.9 17.9 19.9 21.6 22 21.5 21.6 21.7 21.5 21.2 20.5 19.5 19.2 18.9 18.9 19.4 19.4 19.1 19 18.6 18.3 18.8 20.2 20.3 19.3 19.4 19.8 19.8 19.7 19.5 19.1 19.1 19 17.5 16.8 16.5 15.9 13.9 13.7 13.4 13.2 12.9 12.7 12.9 13.2 13.2 13.1 12.9 13.3 13.1 13.9 14.1 13.9 13.7 13.4 13.2 13.2 13.6
21.5 18.1 15 15.4 15.9 14.1 13.8 14.1 13.8 13.9 14.3 14.7 14.1 14.3 14.7 14.4 14.6 13.4 12.6 11.9 11.9 12.7 12.6 12.5 12.4 12.5 12.8 13.1 14.7 14.9 16.4 17.3 19 20 19.6 19.1 18.7 18.8 18.7 18.3 18.4 17.8 17.6 17.6 18.4 19.2 19.1 19 18.8 19.5 20.3 21.6 21.6 21.9 21.3 19.7 20.6 20.6 20.9 20.2 19.5 18.9 18.6 18.2 15.4 14.1 15.7 14.4 14 13.9 14 14.1 14.2 15 15.2 14.9 14.7 14.4 14 13.6 14.8 15 14.8 14.6 14.3 14.5 14.3 14.1
19.7 17.5 14.8 14.1 14.7 14.7 15.7 14.3 13.2 13.5 13.8 14.4 15.6 14.9 14.3 14.1 13.8 13.5 13.1 10.9 12.3 12.6 12.9 13.2 13.3 12.4 12.3 12.4 13.1 15.8 15.4 16.6 17 17.6 17.3 16.9 16.8 17 17.1 17.2 16.8 17.4 17.8 18.2 18.5 18.8 19.9 19.8 20.4 21 21.8 22.8 22.8 22.5 22 19.8 20.8 21 20 21 19 18.7 18.6 18.4 17 16.1 15.3 16.8 15.5 15.1 15.5 15.7 16.1 15.9 16 16 15.5 15.4 14.1 14.1 14.6 15.8 15.5 16 15.9 16.1 15.9 15.8
16.9 17.8 17.6 14.2 13.4 15.9 15.5 14.2 13.1 12.7 13.3 14.7 16 14.5 14.4 14.2 13.9 13.6 12.9 10.8 12.8 13.2 13 12.9 13.8 13 12.5 12.5 12.9 15.4 14.4 15.1 15.5 15.5 15.6 16.2 16.7 17.1 17.2 17.4 17.6 18.4 18.6 18.9 20.8 19.4 19.8 20.5 21.2 21.8 22.5 23.3 23.6 23.2 22 20.7 20.5 20.9 19.1 19.5 19.1 19.2 19.1 19 18.4 17.4 18 18.2 16.2 16.2 16.6 16.8 16.6 16.3 16.4 16.6 16.4 15.9 14.6 14.5 15.4 16.3 16.9 17.4 17.8 17.8 17.8 17.7
16.9 14.2 16.8 16.4 13.3 14.6 15.4 14.9 13.9 12.5 14.2 16.8 15.7 14.5 14.7 14.1 13.8 13.5 12.1 11.4 13.1 13.9 14.1 13.7 13.8 14.2 13.7 13.7 15.2 14.5 14.2 14.8 15.6 16.6 17.4 18 18.1 18.3 18.5 18.7 19.1 21.1 19.6 19.7 19.3 19.2 20.2 20.9 21.6 22.1 22.5 23.2 23.3 23.4 22.9 21.6 20.4 19.3 20.4 21 20.7 19.1 19.6 20 19.3 18.4 18 16.3 16.1 16.1 16.3 16.4 16.3 16.9 17.5 17.4 17.1 16.8 16.6 16.8 17.7 18.6 18.9 19.3 19.6 19.6 19.6 19.8
18 15.8 13.4 15.7 15.1 12.7 13.8 15.1 14.5 12.5 15 15.7 15.7 14.2 14.8 14.4 13.7 12.8 10.8 11.8 13.2 14.6 14.7 14 13.8 14 14.3 14.5 15.4 15.3 15.7 16.6 17.6 18.6 18.7 18.8 19.1 19.4 20.3 19.8 20.2 20.6 21 21 20.7 20.9 20.9 21.7 22.5 22.3 22.6 23 23.5 24 23.6 22.3 21.6 21.9 21.6 22.3 22.4 21.4 21.5 21.4 20.9 19.6 18 17 16.7 16.4 16.1 16.6 17.5 18.3 19.2 19.3 19.2 19.4 19.4 19 19.9 20.7 21 21.3 21.6 21.8 22 22.2
18.7 17.4 15.7 13.7 12.7 13.4 11.7 12.6 11.8 11.5 14 15.3 15.6 15.9 15.9 14.5 12.9 11.2 9.8 11.8 13.8 15.1 14.8 14.3 14.1 14.3 14.6 15.5 16 17 17.7 18.6 19.5 20 20.2 20.6 20.4 20.3 20.9 21.3 21.7 22.2 23 23.3 22.8 22.7 23.1 22.6 23.1 22.8 23.4 23.8 24.1 24.5 24 23 23.2 23.7 23.8 23.8 23.4 23 22.6 21.4 20.3 19.9 18.5 17.8 17.5 17.3 17.4 18.1 18.9 19.8 20.6 21.1 21.2 22 22.1 21.6 22.2 22.7 23.1 23.9 23.9 24.1 24.3 24.6
19.2 18.6 17.2 16.2 15.3 14.4 15.2 14.2 12.4 12.1 11.9 12 13.7 15.9 15.9 14 11.2 10.6 11.7 13.2 15.1 15 14.8 14.5 14.7 15.1 15.5 16.5 17.2 18.3 19.4 20.1 20.6 21.1 21.7 22.7 22.8 22.5 22.5 23 23.8 24.6 25 25.6 25.3 25.3 25.3 24.9 24.9 24.3 24.3 24.7 24.7 24.8 24.4 24.2 24.7 24.9 24.5 24.2 23.7 23.3 23 22 21.3 20.6 19.3 18.6 18.5 18.4 19 19.8 20.6 21.4 22.1 22.9 23.7 24.4 24.7 24.3 24.4 24.9 25.7 26.4 26.3 26.4 26.7 27.3
14.7 14.8 16.4 16.8 16.5 16.3 16.3 16.2 16.1 15.4 14.1 12.7 11.6 13.5 13.1 12 11.4 11.7 12.8 14.4 15.3 15 14.9 14.6 15.1 16.1 16.5 17.8 18.6 18.8 21 22.6 22.6 22.9 23.6 24.5 25.4 25.1 24.9 25.5 26.2 27.7 28.1 28.4 28.5 28.4 28.7 28.8 28.9 28.4 27.3 26.4 26.5 26.2 25.8 25.7 25.6 25.2 24.9 24.5 24.1 23.9 23.6 23 22.3 21.6 20 19.3 19.5 20.3 21.3 22 22.5 22.8 23.5 24.6 25.4 26.2 27 26.8 26.7 27.5 28.3 28.9 28.9 29.4 30.3 31.2
16.1 14.9 14.4 14.4 14.1 16.4 16.7 16.4 16.2 15.9 14.7 12.3 10.8 11.6 11.8 12.7 12.3 12 12.3 15.1 16.3 15.7 15.5 15.4 16.8 16.7 17.3 18.5 19.5 22.1 24.4 25.6 25.9 26.7 27.4 26.9 27.3 27.6 27.3 28 28.7 30 31.2 31.6 31.9 32.1 32.4 32.7 32.8 32.7 32.6 30.6 29.7 29 28.4 27.6 26.4 25.6 25.2 24.8 24.6 24.4 24.2 24 23.2 22.6 21.7 21.7 22.2 22.8 23.6 24 23.7 23.8 25 26.3 27.1 28 28.9 29 29.1 29.8 30.7 31.7 32 32.6 33.5 34.4
17.4 16.5 15.6 15.2 14.5 16 16.5 16.4 16.1 15.5 14.6 11.3 9.6 11.8 13.5 14.9 14.8 14 12.9 13 16.1 16.5 16 17.1 17.6 17.7 19.6 19.1 22.4 25.6 27.7 28.9 29.2 30.4 32.2 31.8 31.3 31.5 32 32.2 33.1 34.3 34.7 35 35.1 35.1 35.6 35.1 34.6 34 33.3 30.6 30.7 30 29.2 28.7 27.4 26.1 25.7 24.5 24.4 24.2 23.9 23.6 23.6 22.9 22.3 23.7 24.9 25.5 26.4 26.3 26.6 27.5 27.1 27.9 28.9 29.8 30.7 31.3 31.6 32.1 32.9 34 35.1 35.7 37.1 39.2
16.9 16.9 16.4 14.9 13.6 13.2 16.4 16.3 16.1 14.8 11.7 9.1 9.8 13.8 15 15.8 14.5 13.6 12.7 14.4 15.5 16.6 17.1 18.1 19.5 20 20.9 22.2 24.5 28.8 30.9 32.3 32.5 34.2 35.8 36.7 36.4 37.9 38.9 38.6 36.4 35.9 35.9 36.1 35 33.1 32 31.5 31.1 30.4 29.7 29.6 29.6 29.8 29.8 29.3 28.7 27.5 25.7 24.1 24.1 24.1 23.6 24 25.4 24.2 23.8 26 27.7 28.7 29.3 30.5 32 32.6 31 32 32.8 32.7 33.2 33.8 35.2 36.8 38.6 40 41.5 43.2 43.7 44.1
16.2 16.2 15.1 13.6 12.3 14 16.6 15.7 15.9 13.1 9.9 10.3 14.4 14.8 15.2 15.1 13.7 13 15.5 15.7 17.5 17.9 16.8 20 20.6 21 23 24.5 27.8 31.8 34 35.6 36.2 37.9 39.5 41.4 41.1 41.3 41.3 40.6 35.9 35.2 34.3 33.7 32.5 30.7 29.6 29.5 29.6 29.7 29.5 29 28.6 28.9 28.7 29.6 30.1 28.9 27.3 25.7 25.6 26 26.8 26.8 28.9 28.7 28.1 30.9 32.2 33.4 34.6 36 37.5 37.7 37.3 37.4 38.4 38.6 39.4 41.2 42.8 43.8 43.9 44.1 44.9 45.2 45 44.8
15.2 14.7 12.7 12.3 11.5 11.2 12.5 12.8 13.2 11.2 9 15.9 15.8 15.9 14.4 14.1 14.1 15 15.9 18.2 18.4 17.5 19.3 19.4 21.7 22 24.4 26.8 31 33.2 35.2 35.9 36.9 40.9 41.8 41.7 41.7 40.7 37.7 35.9 33.4 32.5 32.1 31 30 29.1 28.9 29.1 29.4 29.4 29.3 28.8 27.9 27.6 27.3 29.2 30.3 30.4 29.6 28.3 27.8 28.9 30.2 31.5 32.9 33.7 34.2 36.6 37.7 39.1 40.2 41.6 43 43.4 43.5 44.1 45 45.8 45.9 45.9 46 46.2 45.8 45.2 45 44.6 44.1 43.7
16.4 15.6 14.4 14.1 13.5 12 11.4 10.9 10.7 9.9 9.7 14.4 15.2 15.9 15.9 14.1 14.4 16.3 18.1 18.3 18.9 19.9 19.7 21.4 22.3 23.1 24.8 27.5 30.8 33.2 35.1 35.9 35.3 36.9 38.4 38.6 37.1 35.2 33.3 31.7 30.3 29.5 28.8 28.4 28.5 28.7 28.8 28.9 29.1 29.2 29.1 28.4 27.5 27.3 27.4 28.5 29.3 30.5 30.9 30.5 30.7 32.1 33.6 35 36.6 38.3 39.2 40.2 41.8 43.8 45.8 46.3 46.7 47.2 47.7 48.4 48.2 48.5 48.7 47.9 47.5 47 46.3 45.5 44.8 43.9 43.6 43.3
17 17.7 15.9 15.8 15.8 15.8 15.6 12.2 10.5 9.8 10.1 13.6 15.8 15.9 15.9 15.6 16.5 18 16.8 18.5 19 20.5 22 23.2 23.8 24.4 25.4 27.6 28.6 30.1 30.5 30.2 31.6 32.4 32.4 32.5 31.5 28.8 27.8 26.7 25.5 25.4 26.2 27.3 28.2 28.6 28.8 28.8 28.9 28.9 28.4 27.8 27.1 27.1 27 26.8 27.7 29.4 31.2 31.3 32.3 34.4 36.4 38.3 40.1 41.4 42.1 42.8 44.5 46.4 48.5 49.4 49.9 50 50 51 50.8 50.4 49.8 49 48.3 47.5 46.5 45.7 44.5 43.6 42.5 42.2
17 17.1 16.3 15.5 15.5 15.7 15.9 13.1 10.6 10.3 10.8 13.3 15 15.9 16.3 17.2 17.3 15.7 18.3 18.8 19.4 19.8 22.7 23.9 24.5 24.9 25.3 25.6 25.5 26.5 26.5 26.1 26.9 27.3 27.2 27.2 26.8 24.4 23.7 23.1 22.7 23.3 24.5 25.7 26.7 26.9 27.1 26.9 26.7 26.4 25.3 24.8 25.7 26 25.4 24.8 26.2 28.9 31 33 34.2 36 38.1 40.1 42.2 44 45 45 47 48.9 50.9 50.7 50.9 51 51.1 50.6 50.8 51 51 49.4 48.5 47.5 46.3 44.5 44.2 42.2 40.9 40.3
17.3 17.2 16.2 14.8 14.2 14 13.3 11.4 10.4 10.2 12 13.6 14.9 15.5 16.6 18 17.4 14.7 16.9 16.4 18.7 21.1 22.2 23 23.4 23.6 23.7 23.7 23.6 23.5 23.6 23.7 23.9 23.8 23.8 23.8 23.6 23.7 22.7 22.2 22.1 22.4 23.2 24 24.7 24.9 25 24.9 25 25.1 24.5 24.9 24.9 25 24.8 24.2 26.2 29 31.3 33.5 35.7 37.1 39.7 40.9 43.8 45.9 46 46.4 48.1 50.5 51 51 51.2 51.7 51 50.2 51 50 48.2 48.4 47.5 46 45 44.1 42.8 40.9 39.3 38.4
17.4 14.8 13.2 11.8 10.9 11.4 11.1 10 9.7 10.3 12.6 13.9 15.3 15.7 16.1 16.4 18.2 16.5 15.2 16.8 18.4 19.1 20.5 20.8 20.8 21.8 22 22 21.8 21.5 21.4 21.2 21.8 21.8 21.6 21.8 22.1 22.4 21.7 21.5 21.5 21.6 22.3 22.9 23.1 23.3 23.4 23.5 24.1 24.7 24.7 24.6 24.5 24.6 24.5 24.2 26.3 28.4 30.6 32.9 35.2 37.3 38.9 41.1 42.9 44.9 46 47.5 49 50.3 50.6 50.6 50.7 50.1 49.4 49.2 48.2 47.1 45.8 45.2 45.3 44.6 43.5 42.4 41.6 39.7 38.9 38.7
13 11.2 10.5 10.2 10.4 10.8 11.5 11 10.5 11.1 12.2 14.5 14.5 14.5 15.6 17.6 17.8 18.5 17.3 17.9 17.2 16.7 17.1 17.6 18.1 18.2 19.7 20.5 20.1 19.7 19.8 19.6 19.7 19.8 20 20.3 20.6 21 21.2 21.2 21.1 21 21.2 21.5 21.8 22 22.1 23.2 23.9 24.3 24.4 24.3 24.2 24.3 24.2 24.1 25.1 27 29.7 32.3 34.7 37 39.4 41.4 43 44.1 44.3 46 47.9 49.3 49.4 49.3 48.8 47.6 47 46.2 45.4 44.2 44.1 44.1 44.4 44.6 43.8 42 41.3 39 39.6 39.3
10.2 10.1 10.1 10.1 10.2 10.4 11 12 11.3 11.8 13.7 13.4 14 15.3 16.5 17.4 17.7 18.3 19 19.1 21 21 20 20.3 20.5 21.2 20.6 19 19.5 20 20.6 20.7 21.3 21.1 21.2 21.4 21.6 21.8 21.8 21.8 21.7 21.7 21.7 21.9 22.8 22.8 22.9 22.9 23.7 23.8 23.9 24 23.9 23.9 23.8 23.9 24.1 24.9 28.6 31.8 34.2 36.9 39.7 41.3 42.4 43.5 44.9 45.5 47.4 48.2 48.1 48.3 48 47.2 46 44.2 44.1 44.1 44.1 44.1 44.1 44.8 44 43.4 42.9 41.6 41.4 40.5
