app/static/ascii/NO25.asc
ncols 200
nrows 200
xllcorner 320000
yllcorner 750000
cellsize 50
[rows 0 to 34 of 200, columns 78 to 155 of 200]
347.1 349.6 351.1 349.9 342.8 335.5 329 323.4 320.8 315.4 307.2 305.6 308.9 311.8 315.8 319.4 322.3 324 326.6 326.7 325.2 320.9 316.4 312.3 307.1 301.5 294.7 294.7 294.7 294.7 294.7 294.7 294.7 294.7 294.7 294.7 294.7 294.7 294.7 298 303.5 307.9 316.2 329.3 345.2 360.5 375.6 388.5 397.5 401.6 405 408.4 411.9 416.2 420.1 423.2 428.6 434 440.1 445.8 452.3 457.6 463.5 465.5 464.4 459.2 451.4 441.3 426.1 405.2 383.6 365.9 350.6 332.5 316 304 291.7 281.3
339.7 342.6 342.9 342.8 338.7 330.4 324.6 318.8 315.6 311.5 304.7 300.9 303.5 307 310.7 313.7 317.8 321.6 325.4 328 326.6 323.1 320.2 314.4 308.3 302.7 296 294.7 294.7 294.7 294.7 294.7 294.7 294.7 294.7 294.7 294.7 294.7 294.7 295.1 300.7 306.8 314.1 328.2 343.1 357.5 371.6 384.2 394.1 398.4 400.9 402.8 406.3 410.8 415.5 418.4 421.5 426 432.5 438.9 446.4 453.9 460.8 464.5 464.9 461.4 454.5 443.2 426.4 403.9 382 362.1 343.7 329.5 315.3 303.4 291.6 281.1
333.1 336.2 335.9 335.3 332.1 327.2 321.6 317.1 311.5 307.4 301.8 296.9 299.9 303.7 306.9 309.2 317.9 326.9 332.8 333.7 337.1 333.7 328 322.1 313.4 306.5 299.3 294.7 294.7 294.7 294.7 294.7 294.7 294.7 294.7 294.7 294.7 294.7 294.7 294.7 298.2 304.4 311.9 327.9 340.7 351.2 363.5 375.4 385.9 391.1 394 396.2 398.7 401.5 404.1 408.1 412.6 416.6 422.7 430.3 440.3 449.6 457.1 462.6 464.1 462 454.9 442.3 423.6 402.7 379.8 358.7 340.9 327.2 313.6 303.2 291.2 281.4
326 328.6 328.8 328.4 327.9 324.5 318.4 313.1 307.8 302.7 298.4 295.2 302.6 306.3 310.5 317.2 327.7 339.2 347.3 349.3 347.7 342.5 336.6 330.6 319.7 310.5 302.9 295.5 294.7 294.7 294.7 294.7 294.7 294.7 294.7 294.7 294.7 294.7 294.7 294.7 294.7 301.1 309.7 323 334.2 344 354.9 364.1 373.8 380.6 384.1 386.2 387.2 388.2 391 394.3 400 406.1 413 420.1 431.8 444.2 453.4 460.2 462.5 459.6 451.8 437.9 419.3 397.9 377.4 358 340.7 328.4 312.7 301.7 289.8 279.5
320.6 323.5 323.9 322.7 321.5 318.7 314.4 306.8 303.9 297.2 293.1 298.9 305.4 309.8 315.4 324.1 335.2 347.4 355 358.7 357.5 352.2 344.4 337.5 326.5 316.2 306.1 299 294.7 294.7 294.7 294.7 294.7 294.7 294.7 294.7 294.7 294.7 294.7 294.7 294.7 299.5 306.9 316.8 326.5 338.1 345.5 353.8 361.4 366.6 370 371.2 371.6 373.4 376.8 382.8 391.3 399.9 408.3 416.5 426.9 440 451.1 457.7 460.2 456.8 449.5 435.6 415 396.4 377.3 360.9 342.9 329.2 315.1 302.2 290.2 279.2
315.7 318.7 319.4 318.7 316.8 314 310.5 303.4 296.5 292.5 291.7 301 307.9 313.4 320.3 329.1 339.4 352 360.5 364.4 364 359 352 343.4 332.8 322.7 312.9 302.8 294.7 294.7 294.7 294.7 294.7 294.7 294.7 294.7 294.7 294.7 294.7 294.7 294.7 294.7 303.4 309.8 320.2 329.3 337.6 343.2 348.6 352.4 353.4 355.1 358.6 362.8 367.1 378.6 387.8 397.1 406.4 415.7 426.9 439.2 449.9 456.9 458.9 453.9 445.6 433.6 419.8 402.9 383.5 364.4 346.9 331.7 319 305.1 293.3 280.9
309.8 312.7 313 312.5 311.7 310.2 308.4 299.9 293 288.7 294.8 301.7 309.7 317 323.9 333 343.6 355.9 365.1 367.8 368.7 364.4 357.6 348.7 338.4 328.5 318.9 307.9 297.7 294.7 294.7 294.7 294.7 294.7 294.7 294.7 294.7 294.7 294.7 294.7 294.7 294.7 299.6 305.9 311.7 320.6 327.7 333.3 336.8 338.6 342.8 347.1 350 360.5 367.9 377 386.5 396.5 407.2 417.2 428.6 441.4 451.4 458 460.8 458.7 453.4 444.4 429.7 411.1 388.5 368.1 349.9 332.8 321.7 310.3 295.3 283
302.6 304.8 305.2 306.2 307.2 306.5 304.2 296.5 290.3 286.2 293.5 302.9 310.7 319.7 328 337.1 348.6 360.4 368.7 371.9 372.7 370.4 360.8 352.3 342 332.5 322.6 312.1 301.6 294.7 294.7 294.7 294.7 294.7 294.7 294.7 294.7 294.7 294.7 294.7 294.7 294.7 294.7 301.1 306.4 312.7 316.8 322.1 327 331.6 335.2 343.5 349.2 357.3 367.6 377.6 388.8 399.6 410.7 422 434 446.5 456.4 461.4 463.8 463 458.2 450.6 438.5 423.3 400.6 375.6 354.9 338.2 327.4 314 299.4 287.4
294.3 296.5 298.8 301.6 302.8 302.9 300.1 293.4 286.7 287.4 296 304.5 312.7 323.7 332.4 342.3 353.8 365.1 372.2 375.5 374.6 371.9 363.1 353.4 343.7 334.3 325.5 315.3 305.5 294.7 294.7 294.7 294.7 294.7 294.7 294.7 294.7 294.7 294.7 294.7 294.7 294.7 294.7 296.1 303.6 308.1 311.8 312.9 317.5 325.4 334.9 340.2 349 360.3 372 383.2 394.9 406.5 418.3 429.1 441.5 452.7 462.7 466.9 468.5 467.8 464.3 457.1 446.4 432.6 413.2 384.6 362.8 341.8 330.1 317.3 304.4 292.3
287.7 290.9 294.7 296.9 297.3 294 293.3 289 282.4 289.3 298.1 306.2 315.4 326.4 337 348.2 360.1 370 375.2 378.1 375.7 372.3 362.7 352.6 342.5 333.6 326.6 317.6 307.1 300.2 294.7 294.7 294.7 294.7 294.7 294.7 294.7 294.7 294.7 294.7 294.7 294.7 294.7 294.7 294.7 303.9 308.8 317.8 323.7 328.8 336.2 344.2 355.4 367.6 380.3 391.5 403.2 416 430.1 440.9 449.2 460.6 470.7 476.3 475.6 472.8 469 461.7 450.8 436.2 418.7 396.6 370.9 350.2 334.6 321 309.1 298.1
282.4 285.8 286 285.6 286.4 285.6 285.1 280.8 283.8 290.3 300.3 307.8 317.9 330.1 341.8 355.2 366.9 375.1 379.3 380.3 376.2 370.8 361.9 350.9 339.7 330.8 323 315.8 306.7 300.7 294.7 294.7 294.7 294.7 294.7 294.7 294.7 294.7 294.7 294.7 294.7 294.7 294.7 294.7 298.9 305.9 311.7 318.6 325.2 333.4 342.8 352.1 364 377.8 389.6 401.3 414 429.4 442.2 452.3 461 470.7 479.4 484.5 485.3 481.9 475.1 464.8 451.9 438.9 422.7 402.5 381.4 361.9 348.3 336.3 324.5 311.5
273.4 274.5 276.5 273.1 274.8 276.1 280 285 286.4 293.9 302.5 310.2 321.7 334.7 348 361.4 373.1 380.2 383 381.5 376.7 369.6 359.3 347.8 335.3 325.8 317 311.2 303.3 298.3 294.7 294.7 294.7 294.7 294.7 294.7 294.7 294.7 294.7 294.7 294.7 294.7 294.7 294.7 301.5 307.1 313.6 320.9 329.7 340.4 351.4 363.9 376.7 389.9 401.9 413.8 428.1 442.4 453.1 461.9 471.8 479.3 486.6 491.5 491.5 487.9 480.1 469.8 457.4 442.4 427 408.9 390.2 377.5 364.5 350.6 336.1 323.9
262.2 259.6 260 269.9 275.4 283.1 286.6 289.4 291.9 298.4 305.2 313.3 325.4 339.1 354 368.3 377.2 383.7 385 381.5 375.4 365.8 354.3 342.9 330.9 319.9 311.5 305.2 299.4 294.7 294.7 294.7 294.7 294.7 294.7 294.7 294.7 294.7 294.7 294.7 294.7 294.7 294.7 294.7 304.4 309.5 317.7 326 338.1 350.7 364 376.8 389.4 402.6 414.3 426.8 439.6 451 462 471.6 479.5 487.9 493.5 497.1 495 489.9 481.5 473.2 461.6 448.7 435.8 419.2 401.7 388.6 374.9 358.6 344.6 331.9
253.5 257.5 264 271.2 278.4 283.8 289.5 293.5 297.8 302.2 308.2 316.3 328.4 343.1 358.8 372.3 380.4 384.8 385.4 381.9 373.1 362 348.7 337.5 325.5 314.3 305.2 297.2 294.7 294.7 294.7 294.7 294.7 294.7 294.7 294.7 294.7 294.7 294.7 294.7 294.7 294.7 296.3 302.8 306.6 314.7 322.6 334.9 347.7 361.4 376.2 388 400.5 412.2 423.6 436.5 449 459.9 470.1 481.6 487.9 492.8 494.9 495.1 494.2 487.8 482.1 472.8 463.6 453.5 441.8 430 413.7 396.2 381.7 365.1 349.7 338.1
257.5 262.9 267.6 272.8 278.1 283.4 290.7 296.5 301.1 306 311.4 318.8 331.5 346.4 361.3 372.4 382 385 384.3 379.8 371 357.9 344.6 332.2 320.6 309.4 299 294.7 294.7 294.7 294.7 294.7 294.7 294.7 294.7 294.7 294.7 294.7 294.7 294.7 294.7 296.9 304 309.2 310.9 321.2 329.4 343.3 356.2 370.3 383.6 397.1 409.6 420.5 432.1 444.8 457.7 470.1 478.2 485.6 490.8 493.1 492.3 490.6 489.4 484.6 478.9 471.3 463.6 453.1 443.3 432.1 420 403.6 385.6 371.2 355.2 340.8
256.5 260.7 264.4 269.3 275 282.8 290.9 297.4 303.5 310.9 315 321.3 333.3 348.1 361.2 373.1 382.3 384.9 382.1 375.8 367.6 355.3 341.3 327.7 313.4 303.2 294.7 294.7 294.7 294.7 294.7 294.7 294.7 294.7 294.7 294.7 294.7 294.7 294.7 294.7 294.7 305.1 311.3 317.6 322.2 327.3 336.9 349.6 363.8 377.8 391 404.8 418.5 430.3 441.4 454.2 465.9 473.6 481.3 484.6 487.2 488.3 488.9 487.3 484.9 482.3 475.9 467.9 459.9 450.9 442.1 432.8 419.9 404.9 391.1 374.8 360.3 344.4
251.4 256.6 262.3 268.7 276.3 284.4 292.5 300.7 308.2 315.3 319.8 325.5 335.1 349.4 360.4 372.9 381.6 382.5 378.1 370 362.7 351.4 337.5 322.9 308.4 297.6 294.7 294.7 294.7 294.7 294.7 294.7 294.7 294.7 294.7 294.7 294.7 294.7 294.7 294.7 302.8 313 320.9 327 331.5 335.6 343.4 355.4 369.5 383 396 411.8 425 441.3 453.7 459.9 468.2 474.3 479 482.1 484.5 485.8 485.6 484 480.3 476.5 471.1 462.6 453.4 446 439.7 430.5 418.3 405 391.4 378.5 363.3 348.5
248.2 256.4 264.4 273 279.9 287.6 294.6 306.8 312.4 318.5 325.5 329.6 338.2 350.5 360.5 370.8 379.4 378.8 373.4 364.9 355.3 345.9 331.8 319.7 306.6 297.3 294.7 294.7 294.7 294.7 294.7 294.7 294.7 294.7 294.7 294.7 294.7 294.7 294.7 299.7 310.3 321.7 332.1 338 341.9 345.6 351.3 360.1 374.2 387.7 401.1 417.8 434.3 444.8 455.8 462.1 465.4 472.7 477.5 480 480.9 481 481.1 476.4 472 468.5 462.6 454.4 448.1 442.4 435.8 426.8 415.3 403.2 389.3 378.4 365 348.7
247.5 259.3 268.4 276.7 286.4 293.9 302.9 310.7 315.9 320.8 327.5 333.4 341.9 352.3 361.4 371.8 376.6 373 368.3 359 347.3 335.9 325.2 316.6 306.2 294.7 294.7 294.7 294.7 294.7 294.7 294.7 294.7 294.7 294.7 294.7 294.7 294.7 294.7 306.5 319.5 332.2 343.3 349.7 355.3 358 360.3 365.7 378.1 391.4 403.5 419.2 436.8 446.1 454.1 459.6 463.5 468.3 471.8 475.8 476.5 473.6 470.6 466.2 460.9 455.5 449.5 446.1 442.1 437.5 429.2 421.3 411.3 399.2 386.8 376.8 361.8 346.1
252.3 264.3 277 284.6 296.5 303 310.4 316.7 321.8 326.6 332.4 338.1 345.6 355.1 363.2 372.5 374 367.7 361 351.5 337.8 326.4 318.3 309.2 297.3 294.7 294.7 294.7 294.7 294.7 294.7 294.7 294.7 294.7 294.7 294.7 294.7 294.7 298.6 314 328.8 343.7 356.6 363.7 368 370.3 371.2 374.7 383.2 391.6 405.5 419.2 434.6 446.7 452.4 458.6 463.3 465.1 467.5 468.4 467.3 464.2 458.9 454.2 449.2 442.9 437.4 432.7 429.9 425.4 419.7 412.1 404.1 394.3 382.6 372.2 360.8 347.7
256.3 270.1 281.9 293.4 303.2 311 318.1 323.7 329 333 337.7 344 351.9 359.8 366.2 371.9 368.8 362.1 352.5 342.6 330.1 319.3 309.7 298.7 294.7 289.5 297.4 294.7 294.7 294.7 294.7 294.7 294.7 294.7 294.7 294.7 294.7 294.7 307.3 322.9 339.2 357.1 371.7 377.2 379 380.6 381.2 384.5 389.4 400.4 410.7 421.2 435.8 447.7 454.2 458.4 461.4 463.4 463.3 462.8 459.8 455.5 450.2 442.8 436 430.1 422.9 416.4 412.8 411.3 407.8 402.8 395.4 385.8 378.8 369.9 359.9 347.2
258.1 273.1 286.4 299 308.7 316.4 324.4 331.1 337.1 342.3 347 352.1 358.3 367 369.3 369.5 364.1 356 345.1 333.7 321.4 309.7 298.6 291.5 285.5 281.9 286.5 295.2 294.7 294.7 294.7 294.7 294.7 294.7 294.7 294.7 294.7 298.2 316.3 333.4 351.8 368.9 380.8 388.7 392.1 393.3 395 396.3 401.7 409.5 419.5 428.4 438.4 450.2 456.8 456.9 456 457.2 456.9 455.7 451.8 446.1 438.8 430.8 423.2 416.2 408 401.6 396.4 393.5 393.2 390.4 387.3 380.8 373.7 365.7 356.3 345.3
257.9 274.5 289.9 303 314.5 323.3 331.7 340.2 346.6 351.4 355.7 360.7 366.6 371.2 369.7 367.3 359.2 350.2 336.1 321.4 310.7 299.5 291.2 283.8 278.8 275.5 274.1 282.2 290.1 294.9 294.7 294.7 294.7 294.7 294.7 294.7 294.7 307 326 344.5 361.4 376.3 386.8 397.5 403 406.9 410.2 411 413.2 419.6 426.8 436.1 447 456.9 461 461.9 457.7 447.7 446.3 444.8 440.9 434.9 427.7 418.2 410.4 402.1 393.1 386.8 380.4 376.8 378 379.8 377.3 371.9 367.2 360.5 352 342.7
262.3 277.2 291.6 305 316.8 328.8 337.9 346.9 354.7 359.9 364.2 369.2 373.5 372.3 369 363.7 355 343.5 324.4 309.4 301.1 292.4 283 276.2 273.4 270.7 266.7 269.7 277.7 286.9 296.1 294.7 294.7 294.7 294.7 294.7 306.5 320.2 336.6 352.3 368.7 382.4 395 405.9 412.9 418.5 422.5 426.1 427.2 432.6 440.1 448 456.5 462.5 463 463.4 458.1 449.7 439.7 435.4 430.2 423 414 406.3 398.2 391 381.6 375.6 370.5 366.8 366.2 366.4 365.9 363.8 358.7 352.1 346 339.6
265.8 279.7 293 306.8 319.6 331.6 343.3 353.1 361.6 367 371.7 376.7 375.7 371.1 365.7 358.8 346.3 328.1 314 303 294.4 286.5 278.1 270.9 268.7 266 256.7 257.1 265 274.2 283.1 291.6 294.7 294.7 294.8 301.9 317.5 331.3 345.9 360.3 374.9 388.9 402.9 415 424.4 431.8 435.1 438 441.2 447.2 452.6 457.9 463.9 464.9 466 461.3 455.3 447.3 437.5 430.5 422.4 414.2 404.8 398.3 391.7 384 377.9 372.1 366.3 360.2 356.3 352.7 353.2 352.2 348.4 343.6 338.8 335.9
267.3 281.7 294.7 308.8 321.3 333.6 346.1 357.2 366.4 372.4 377.1 377.6 375.3 367.2 358.4 348.6 331.7 320 306.7 297.6 288.9 281.3 272.5 266.5 263.1 260.9 255.9 252.3 259.9 269.1 277.3 283.1 287.8 297.1 301.3 315.9 327.2 341.7 355.7 369.3 381.9 396.2 412.2 425 434.5 441.8 447.4 452.8 458.6 463.6 467.1 469.6 470.5 470.5 469.3 461.9 454.4 446 437 428.1 418.2 409 398.4 393.1 385.3 378.1 373.2 368 361.5 355.6 348.2 342.5 339.7 339.4 337.9 335.4 332.2 328.7
268.3 282.6 295.6 309.4 321.9 334.3 347.1 358.6 367.8 374.2 375.8 372.7 369.9 362.6 350.7 336 323.2 312.5 302 292.3 285 277.3 268.4 262.9 259.5 258.8 254.9 258 265.6 274.5 280.8 287.3 293.5 302.2 313.1 324.3 335.8 350.4 365 378.2 390.6 403.7 418.1 431 442.3 451.4 460.8 467.4 472.5 476.2 479.9 479.9 475.1 471.8 468.8 461.4 453.6 445.7 436.7 428.1 417.8 408.5 399.1 391.5 384.2 373.5 363.1 360.8 355.7 351.4 341.9 333.6 331.3 330 328.9 327.3 325 322.5
267.3 278.8 292.6 306.1 320.2 332.8 345.7 359.1 366.2 369.8 371.2 367.6 362.2 356.3 342.1 325.3 316.2 306.5 296.5 288.4 280.3 273.7 264.1 261.7 257.3 254 256.6 261 269.8 277.1 283.7 289.4 298.9 309.4 319.8 331.2 344.1 357.9 372.5 385.7 398.4 409.7 421.9 435.7 448.4 459.1 466.8 473.4 481.1 484.9 485.7 482.8 478 473.7 467.3 458.6 450.1 443.5 435.5 427.6 419.1 410.1 401.9 393.6 385.1 375.6 366.1 359.3 353.3 345.9 339 330 324.9 323.7 322.6 321.6 319.7 317.1
263 274.7 287.1 300.5 314.7 326.9 341.7 356.7 362.2 364.8 364.5 361.7 356.4 348.6 335.9 322 310.2 299.6 292.4 286.1 278 268.8 263.7 258.6 254 253.2 257.2 263.9 272.6 279.5 286.3 294.3 304.2 315 324.5 337.4 349.9 362.7 376.9 389.6 402 414 425.1 436.8 451.8 461.8 470 475.9 481.9 485.2 489.8 486.4 480.5 474.9 468.2 458.8 449.4 442 434.7 427.8 420.5 412.9 404.5 394.3 385.9 377.5 369.2 361.5 353.7 345.4 336.6 324 314.1 312.9 316.3 315.9 315.1 312.8
257.3 268.6 279 293.5 307.1 320.3 333.6 348.4 355.9 359.1 358.5 355.2 351 342.3 329.4 316 305 297 289 282 273.7 264.7 258 254.3 250.7 253.3 260.3 265.9 273.5 281.5 290.1 297.8 307.4 318.2 329.6 341 352.8 365.1 377.2 390.7 402.5 414 425.9 437.9 447.9 461.3 471.6 474.1 480.4 484.7 489.3 491.6 487 479.7 471 462 451.9 441.9 432.8 425.4 418 411.2 402.1 393.5 384.5 376.4 368.9 361 353.5 346 338.1 330 322.2 309.6 305.5 307.7 308.3 307.1
255.5 265.8 275.8 285.3 297.7 311.6 323.7 338.4 346.8 351 351.6 349.6 345.2 336.2 320.9 309 301.9 295.1 286.5 278.8 266.7 260.6 251.8 251.6 250.8 257.6 263 267.9 273.9 283.1 291.7 298.7 308.9 320.6 331.2 342.4 355.7 367.1 377.9 389.1 401.2 412 421.7 432.7 444.1 455.3 466.4 473.3 482.8 491.7 494.5 493.7 489.4 481.3 470.8 461.1 449.8 438.1 429.2 419.7 412.6 406.3 397.9 389 380.9 374 365.9 358.6 351.4 343.7 335.8 330.9 324.4 314.6 305.5 297.2 299.8 300
248.7 259.9 266.9 276.3 289.1 303 315.9 327.9 337.9 342 344.2 343.1 338.7 330 316.8 307.1 299.4 292.2 284.1 276.8 265 250.9 250.1 250.6 257 257.1 264.5 269.9 275.8 284.4 292.7 299.7 309.3 318 330.3 341.4 354.3 365.6 375.8 385.7 395.6 407.3 418.3 428.1 439.7 453 465.8 476.1 486.6 493.7 496 493.3 486.7 478 468.1 456.6 444.1 432.3 421 412 403.1 396.6 390.4 383.8 375.8 369.2 362 353.9 348 341.1 334.2 328.7 323.2 317.7 310.6 299.6 290.2 289.6
246 250.5 257.1 266.3 280.4 292.7 306.9 319.5 329.2 335.5 336.4 336.2 332.1 324.9 314.7 303.9 297.6 290.5 281.3 272.8 263 248.6 249.3 249.1 259 262.8 266.1 269.4 276.6 283.8 292.4 300 308.1 317.2 327.6 338.9 349.8 361 372.3 382.5 392.8 401.9 414.8 426.9 437.7 453.8 469.5 479.6 485.2 490.1 491.4 489.8 484 474.2 462.2 450.3 437.1 424.9 413.1 401.5 393.6 386.4 380.6 375 369.6 363.4 356.8 350.2 344.8 339.3 333 328.9 323.4 318 311.8 304.7 297.3 289.3
243.8 242.3 245.3 249.5 265.7 282.6 298.7 310.2 321.2 330.6 331.4 328.7 327.4 321 311.4 301.5 295 288.4 280.1 269.9 264.6 250.3 248.7 248.9 259.1 265.3 269.9 273 278.6 284.3 291.6 298.2 307.8 316.8 325.4 336.3 347.3 357.8 368.6 379.8 390.1 400.3 410.8 427.5 442.2 456.7 471.2 479.2 482.5 485.5 485.8 482.4 477.1 468.7 457.5 442.4 428.7 415.7 403.8 392.9 383.6 376.9 371.5 365.1 360.5 356 350.4 344.8 339.7 335.4 330.9 326.9 323 317.2 311.3 307.2 299.7 292.4
245.6 243 242.1 245.2 249.6 268.7 288.1 299.5 313 322.4 327.1 323.3 321.5 317.2 308.5 299.9 293.3 286.9 279.1 270.5 264.7 257.1 248.4 248.8 261.2 267.8 272.8 277.6 284.2 290.1 296.8 303.2 309.6 318 325.9 335.2 345.8 356.3 367.6 379.5 390.4 402.8 415.1 429.7 444.5 460.6 472.1 479.8 480.9 480.2 480.4 475.5 468.6 459.1 449.4 436.3 420.1 405.3 393.5 383.1 373.6 368.1 361.2 356.3 351.7 347.6 343.1 337.9 334 330.7 326.8 323.2 319.3 315.1 310.8 306.1 301.2 293.8
