app/static/ascii/NO26.asc
ncols 200
nrows 200
xllcorner 320000
yllcorner 760000
cellsize 50
[rows 140 to 174 of 200, columns 78 to 155 of 200]
366.8 381.8 396.1 411.4 427.6 443.7 454.6 464.7 474.3 480.5 484 473.1 460.5 444.8 427.1 408.4 392.7 375.2 356 336.7 323.5 313.9 305.1 302.9 302.3 301.6 302.7 312.5 321.2 324.4 338.3 353.4 367.4 377.5 384 388.5 388.1 382.4 374.4 367 359.1 351.1 343.4 339 335.4 332.3 331.1 331.5 332.1 331.7 329.7 324.9 319.9 316 316.2 329.3 338.9 352.5 367.8 382.4 397 412.2 424.4 434.6 443.9 457.1 467.2 473.5 477.8 481.5 484.2 485.4 486 485.7 483.7 480.3 478.8 478.8
375.4 390.6 404.5 419.1 434.5 449.5 461.8 473.1 483.6 489.8 490 482.3 470.1 458.5 442.4 421.3 404.7 388.1 366.5 345.7 330.9 319.6 309.9 302 300.8 301.1 301.5 309.6 316.7 320.1 332.1 344.9 359.1 369.4 376.2 377.8 376.4 368.7 360.1 351.1 342.8 336.2 331.4 327.8 325.1 321.9 321.1 320.7 320.3 321 319.1 312.9 313.6 314.8 328.1 341.1 353.4 363.5 372.7 390.2 404.3 419.3 433.4 445.3 456.9 466.8 474.4 478.7 480.6 481.8 483 482.6 480.9 477.5 472.7 470.5 469.3 469.8
386.4 400.2 413.6 427.1 440.7 455 468.2 481.9 492.7 495.9 493.7 487.1 478.5 467 453.4 434.2 418 399.9 377.9 355.3 339.1 326 316 306.6 301.4 300.4 300.2 305.1 314.8 318.7 325.1 336.6 350.9 361.4 368.5 368.7 363.8 356.5 347.4 338.9 330.6 326.1 321.5 318.5 308.5 308.8 309.5 310.3 311.2 312.2 312.1 313.2 322.3 331.8 342.4 354.3 365.9 375.4 386.9 400.9 413.3 428.3 441.5 455.7 466.1 475.2 480.2 482.5 483 480.7 479.8 477.2 473 468.1 463.2 458.6 456.9 456.6
396.8 410.5 424.4 434.5 446.5 459 475 488.3 499.2 500.8 497.6 490.5 482.8 471.8 460.2 445.6 430.6 413.4 388.1 364.6 347.9 334 320.7 311.2 303.5 300.4 298.8 299.2 309.6 316.7 319.4 327.7 341.6 351.7 358.5 358.1 352.5 344 333.8 326.4 321.3 317.6 313 306.8 307.6 309 309.4 310.3 311.1 311.2 320.5 326.4 337.7 348.3 359.1 367.9 377.6 389.2 398.2 410.1 423.3 437.5 450.5 462.7 472.3 480.2 484.3 485.7 484.2 481.8 476.4 466.8 466.1 459.9 454.3 447.7 442.7 443.3
403.9 418.6 430.5 441.1 450.6 461.7 477.5 492.1 500.9 503.6 500.2 493.6 485.9 474.4 463.1 452.9 440.1 423.2 397.9 374.5 356.7 341.6 326.8 315.4 307.3 299.9 299.4 298.4 303.4 307.4 313.4 320.8 332.2 342.4 347.7 344.8 336.3 331.4 324.2 319 315.6 307.6 305.7 305.7 307.5 316.9 321.5 324.9 328.2 332.1 337 343.5 353.7 364 371.6 381.8 393.8 404.6 413.9 423.6 434.1 446.8 458.8 469.3 476.9 483.7 488.1 489.3 486 480.9 475.3 468.8 459.1 449 444.7 436.6 429 428.1
411.3 425.8 436.3 446.1 455.5 464.9 479.1 493.8 501 503.5 501.2 495.7 486.6 476.8 466.8 455.8 444.5 429 405.7 384.5 366.7 348.5 331.3 319 311 302.9 299.3 298.5 298 302.5 308.4 315.5 324.8 332.5 336.4 332.6 326.6 324.2 317.2 313.4 304.3 304.5 305.1 307.7 320.1 328 334.6 339.7 345.9 349.5 353.8 360.2 369 373.4 386.5 399.6 409.1 418.7 427.4 436 445.9 456.8 466.6 475.8 481.2 485.1 489.6 490 486.8 481.1 473 466.3 457.9 446.8 433.9 424.3 417 416.9
418.1 431.5 441.6 451.8 461.5 474.2 486.4 496.5 503 504.1 501 494.3 484.7 475.4 462.9 451.5 443.2 429.9 411.1 392.6 374.7 355.5 337.5 322.8 313.5 306.5 300.4 297.1 297.6 298.6 304.5 311.1 319.1 324.9 326.4 323.5 319.5 314.5 310.8 302.2 303.6 304.5 312.7 319.3 329.8 338.6 346.5 354.2 361.4 367.4 366.9 369.8 380.2 391.8 402.8 412.3 421.4 430.2 438.8 449.1 458.3 466.3 473 480.6 485.6 487.5 490.9 489.6 486.1 475.7 469.7 462.9 454.2 443.5 430.5 415.6 408 405.1
425 436.7 445.8 455.4 469.5 485.9 498 503.1 504.9 503.8 499 490.2 480.2 469.2 455.6 445.3 436.7 425.3 411.4 396 379.6 361.8 341.9 326.8 315.4 307.8 301.1 297.3 297.5 297.7 301.5 307.9 315.9 318.2 319.2 315.8 311.1 308.3 304 302.4 302.9 311.4 321.1 331 340.2 349.1 357.2 365.4 373.1 375.1 384.7 392 399.6 407.8 416.9 425.7 434.3 442.8 453 462.3 469.8 475.4 479.3 484.9 489.4 490.3 490.2 485.6 479 472.5 466 458.3 450.5 440.4 427.2 409.9 398.3 396.4
429.6 440.7 449.8 460.9 481 496.5 506.2 509.3 506.6 503.6 496 486.4 475.4 460 448 438.6 429.5 420.4 409.3 396.2 382.6 366.3 348.2 332.5 318.1 310.2 305.3 299.8 296.2 297.2 298.5 305.9 312.5 314.7 315.1 310 305.1 301.6 301.1 301.5 305.9 319.2 332.9 343 351 359.2 370.2 379.5 387.8 393.2 400.1 408.2 416.5 423.7 431.5 439.9 448.2 456.8 465.3 474 479.6 483.7 486.3 489.8 491.8 490.9 486.7 480.3 473.6 466.9 460.5 453.7 446.2 438.3 426 405.3 394.7 386.7
433.3 444 455.4 473 488.7 503.7 511.1 511.8 507 502.2 493.2 483.1 470 453.8 440.7 432.1 423.3 414.1 405.3 394.7 382.4 370.1 355.5 336.2 320.7 312 307.9 302.8 294.7 294.7 294.7 303.5 310.6 311.7 310.5 304.5 300 300.1 300.5 301.4 317.4 331 343.5 353.7 360.9 369.6 379.2 390.5 398.7 406 413.4 421.7 430.1 438 446.4 454.1 461.8 470.4 477.8 483.5 487.9 492.9 493.2 492.5 489.9 486.8 481.2 474.1 467.5 460.8 455 448.7 443.3 435.8 423.8 404.2 389.7 381.7
436.7 448.4 461.2 479.1 494.1 506.4 513.7 511.8 504.8 497.2 489.8 478.5 463.3 450.7 436 425.9 416.7 406.1 399.4 390.3 382.4 372 357.5 340.3 325.8 313.8 308.6 304.1 294.7 294.7 294.7 298.9 305.4 305.3 305.3 299.5 299.4 299.3 304.2 314.4 329.4 342.3 353.5 363 370.7 378.3 389.6 399.6 409.3 417.8 426.2 434.8 443.6 452.1 459 467.5 474.2 481.1 487.3 492 496.8 497.3 493.9 490.8 484.3 478.6 473 466.7 459.8 454.1 450.9 445.2 439.5 432.5 422.8 406.6 386.9 378.6
439.9 452.2 466.4 484.6 498.9 512.3 515.2 511.6 502.9 490.9 484.2 472.5 453.7 444.1 429 417.2 405.1 398 392.2 385.8 378.2 370.2 357.8 344.2 331.7 319.7 310.9 305 294.7 294.7 294.7 296.3 302.3 304.5 301.5 299.4 299 305 310.1 323.1 338.6 351.3 361.8 371.9 380.3 388.9 398.1 408.7 419.3 428.6 437.8 447.3 455.2 462.9 470.5 477.5 484 489.4 493.7 497.7 498.5 496.6 492.6 486.7 479.1 470.9 464.6 457.6 450.7 446.8 443.1 438.5 434.1 427.4 419.9 409.3 390 374.7
440.2 460.6 477.2 490.5 502.9 514.1 514.7 510.5 501.2 488.7 476.9 462.1 448.9 436.5 421.8 403.2 393.9 389.3 384.5 378.9 372.9 366.4 357.2 346.9 337.4 326.3 313.6 305.6 296.5 294.7 294.7 294.7 300.9 301.4 296.9 297.2 300 307.6 317 331.3 345.2 359.3 372.2 379.9 390.9 397.6 407.7 417.7 428 438.4 446.9 456.5 464.9 472.1 479 485.4 491 496 499.2 500.1 498.3 493.9 488.4 481.9 473.7 462.1 452.8 444 438.7 436.2 432.9 429.2 426.3 419.9 413.9 404.3 390.9 372.8
444.8 466.8 485.2 496.5 504.5 512.3 515.1 507.9 498.2 484.5 467.5 451.1 441.6 427.8 411.7 394.2 385.1 380.2 375.6 370.6 365.7 362 356.7 350.4 342.1 329.9 316.8 306.6 296.4 294.7 294.7 294.7 294.7 296.4 295.4 296.6 305.1 309.2 322.7 338.1 351.6 366.1 376.4 385.7 395.4 404.5 415.2 425.2 435.4 445.3 453.9 463.3 471.1 479.1 485.9 491.4 495.8 500.3 501.9 501 496.9 490.9 483.9 474.7 461.8 448.5 436.1 427.7 423.7 419.6 418.8 418.2 415.3 409.1 404.1 396.5 387.1 372.3
443.6 469.3 485.5 497.6 505.4 508.9 513.1 504.3 492.8 477.3 456.1 443.6 432.7 417.4 398.9 386.9 378.5 369.7 365.7 362.5 360.1 358 355.2 351.2 343.6 333.2 319.8 308.1 296 294.7 294.7 294.7 294.7 294.9 295.7 298.5 306.3 312.6 327.9 342.6 357.2 367.9 379.1 388.2 397.7 407.5 418.1 429.8 441.2 451.2 459 467 475.1 484.3 490.4 495.4 499.7 502 501.6 499.6 496.3 489.3 480.9 468 453.2 435.4 422 409.2 403.6 400.5 401.6 403.7 401.5 399.8 392.3 386.7 380.1 369.5
440.6 461.6 480.9 492.9 501.3 504.2 506 498.3 485.7 469.9 446.3 436 423 407 389.5 378.8 370.7 364.2 359.1 355.6 353.9 354.1 353.1 349.7 343.6 334.5 322.9 310.4 294.7 294.7 294.7 294.7 294.7 294.7 294.7 301.9 308.7 317.4 331.6 348.8 360 370.7 380.7 389.6 398.3 408 418.9 431.3 443 452.3 461.7 468 476.2 486.1 493.1 498.1 501.5 501.9 500 498.3 496 488.6 478.3 464.6 447.5 425.7 413.3 402.7 391.9 385.8 382.2 382.5 385.2 386.1 382.5 379 373.1 364.8
432.9 453.7 471.7 484.6 494.1 498.3 497.1 491.2 479.5 461.4 442 429.7 413.1 396.4 382.3 370.3 364.7 358.5 352.3 348.9 349 349.5 349.6 347.4 342.7 334.7 323.8 312.5 295.8 294.7 294.7 301.2 294.8 294.7 297.5 303.7 311 322.4 335.7 350.3 362 370.8 379.9 388.7 397.4 406 417.1 429.2 441 450.9 459.5 466.9 476 485.7 492.7 497.4 499.8 501.3 500.1 498.5 495.3 487.4 477.7 465.2 448.4 426.6 409.2 396.5 384.5 375.2 371.1 367.4 367.2 372.1 372.4 370.2 365.4 358.2
425.6 445.3 462.5 478.1 487.6 492.6 489.7 483.4 471.2 452.9 437.3 421.5 401.2 386.9 374.1 365.1 359 350.5 344.9 342.1 341.9 343.4 343.6 343.4 339.9 333.6 324 312.9 301.1 294.7 294.7 305.7 310.2 302.1 298.7 304.3 314.2 327.5 342.2 351.6 362.8 369.7 378.3 386.8 393.8 402.5 412.5 424.1 435.7 446 456.2 464.7 473.5 482.6 489.1 494.3 496.9 498.6 498.4 496.1 492 485.3 477.2 466.6 453.1 433.4 414.8 398.4 385.5 373.6 362.6 358.7 356.9 357.3 361.2 362.3 358.4 352.9
418.5 437.4 457.3 471.3 481.4 485.6 483.4 476.4 464.7 444 431.9 410.1 392.3 381.8 370.8 360.3 352.4 344.9 338.8 335.8 334.9 335.7 336.1 337.1 334.9 328.4 320.6 311.4 302 294.7 294.7 294.7 294.8 300.7 300.3 306.1 316.4 329.9 343.7 353 362.7 368.2 375.3 384.2 389.6 396.7 405.9 417.7 430.2 440 449.1 459.4 468.2 476.8 484.3 490.6 494.1 495 494.8 492.7 489.1 483 476 466.9 456.7 443.2 425.6 409.3 394.9 380.6 367.5 354.2 350.2 348.6 349.6 351.1 350.4 346.3
413.5 431.1 451.8 466.1 475.5 479.9 478 470.1 459.6 438.8 425.7 401.6 389.1 379.6 368.6 356.2 347.2 338.8 331 327.9 328.2 327.7 329.4 330.1 331 326.3 318.8 311.5 303.6 294.7 294.7 294.7 294.7 294.7 301.9 308.2 319.7 331.8 340.9 351.8 361 366.1 371.1 378.4 385.3 390 399.5 408.9 421 432 440.9 450.2 460.6 470.5 478.4 484.2 488.8 489.9 489.2 487.8 485.1 480 473.5 465.5 457.3 447.7 435.6 420.3 405.4 391 377.5 364.5 352.9 340.1 340.6 340.6 341.2 338.2
406 426.8 445.5 460.7 469.8 473.9 474 466.6 452 433.8 416 397.2 387.1 377.8 365.5 352.3 341.6 330.7 322.9 320.1 319.5 320.9 322.1 323.8 328.2 324.7 317.9 311.3 303.7 295.6 294.7 294.7 294.7 294.7 304.7 309.9 320.9 331.3 340 349.2 357.4 363.5 366.6 371.6 378 382.2 389.7 399.6 410.4 421.7 432.7 440.7 450.2 460.8 469.2 475.3 480.6 483.3 483.1 482.4 479.8 475.3 469.2 462.5 455 447.2 437.5 427.8 416.4 402.5 388.3 375.3 362.8 347.2 334.9 331.7 333.3 329.8
403.7 421.2 440.7 455.2 463.4 468.1 469.7 462.4 450.6 435.8 416.1 399.9 388.9 377.2 365.4 352.7 337.9 326.8 317.3 311.4 311.5 316.6 316.8 318 319.1 321.2 317.9 309.3 302.4 294.7 294.7 294.7 294.7 294.7 304.2 310.6 319.7 329.8 338.5 346.2 353.4 358.7 361.9 365.3 369.7 374.3 379.7 391.4 400.2 411.4 421 431.4 438.2 447.3 457.3 465 470.3 474.5 476.4 476.2 473.7 469.6 463.4 457.5 450.9 443.8 437.1 429.4 420.5 410.8 398.2 383.8 370.5 355.5 341.8 330.5 323.5 323.7
396.1 415.2 437.2 449.4 457.5 464 467.8 460.6 453 439.3 423.8 406.4 391.9 378.5 366.1 353.6 337.5 325.8 315.1 305.3 305.9 310 312.1 313 313.1 314.2 313.2 306.8 300 294.7 294.7 294.7 294.7 294.8 302.6 309.1 317.1 326.7 335.5 342.8 349.1 353.9 357.8 361.4 364.8 368.8 373.3 382.7 391.9 400.3 408.7 417.9 426.4 437 445.7 452.2 459.2 466.3 469.4 469.5 467.6 462.8 456.4 451 445 439.6 434.5 429 421.8 413.5 403 389.5 375 360.7 347.1 334.6 326.6 319.9
388.4 409.3 428.7 443.8 454 462.4 467.5 465.2 462.2 445.2 431.7 413.4 395.9 380.2 366.4 355.3 340.8 325.6 314.6 306 299.8 304.1 306.9 307.6 309 309.7 308.4 304 296.6 294.7 294.7 294.7 294.7 294.9 300.9 307.9 315.7 324.4 331.7 339 343.9 348.6 353 357.1 360.8 364.5 368.2 374.3 384.7 391.6 397.3 404.5 412.5 421.2 428.7 436.9 448.8 457.9 462 462.3 459.5 455.1 449.1 443.2 438.7 435.1 432.1 427.9 422 414.8 405.7 392.3 378.2 363.1 348.4 338.4 329.2 322.2
379.7 400.6 420.1 437.5 449.7 461 468.3 470.8 468.4 454.5 438.9 423.6 402.5 382.8 365.7 354.7 341.9 326.1 314.9 304.7 295.9 296.5 299.2 301 302.7 303.8 303.1 300.7 295.8 294.7 294.7 294.7 294.7 294.7 296.8 305.9 315.8 322.4 328.7 334.4 339.2 343.1 346.7 351.2 355.4 359 364.3 368.8 377.1 385.3 391.1 396.2 403.2 410.1 417.4 425.6 439.6 450.2 454.2 454.4 451.2 447.4 440.6 434.7 430.6 429.5 428.7 426.4 422 415.5 406.9 394 382.5 371.9 361.7 345.6 335.3 325.3
375.1 392.6 414.5 431.4 445.8 457.9 466.4 473.7 471.4 457.7 443.9 430.3 408.2 385.5 365 354.1 340.6 329.2 316.8 305.7 296.6 294.7 294.7 294.7 296.6 297.1 298 296.8 294.7 294.7 294.7 294.7 294.7 294.7 297 302.7 313 321.4 326.6 331 335.2 338.7 342.4 346.3 350 354.6 360.7 365 371.1 377.8 384.3 389.9 398 405.3 413 423.6 436.6 443.2 447 446.8 443.8 440.2 433.1 426.5 424.6 424.4 425.6 425.9 423.5 418.4 411.7 403 393.2 384.6 370.9 355.1 340.8 331.3
369.8 386.2 407.7 425.1 440.5 452.6 460.8 468.8 467.2 455 442.7 431.5 409.4 386.1 364.5 353.4 339.8 328.8 317.8 306.3 296.5 294.7 294.7 294.7 294.7 294.7 294.7 294.7 294.7 294.7 294.7 294.7 294.7 294.7 294.7 307 309.1 315.6 322.2 326.9 331 332.8 338.3 341.8 345.8 350.2 356.1 361 365.8 372 377.4 384.2 391.2 399.8 409.4 421.7 433 439 438.3 437.2 436.7 431.5 423.8 418.2 417.4 419.1 423.3 425.6 424.5 421.7 417.3 411.3 406 397.9 379.5 366.2 351.2 336.6
366.6 383.1 403.6 420.4 434.1 447 453.4 460 458.9 449.6 439.8 429.4 406.3 385.2 364.8 353.2 339.2 329 316.4 306.8 296.9 294.7 294.7 294.7 294.7 294.7 294.7 294.7 294.7 294.7 294.7 294.7 294.7 294.7 294.7 297.4 301.4 305.3 309.8 316.4 317.8 322.5 330.7 336.9 341.9 346.2 352.7 357.3 362.4 368.4 374.5 380.8 387.3 396.6 406.7 418 427.3 432.1 432.7 429.5 424.7 418.3 414.7 409.2 409.7 414.1 419.9 424.9 426.5 424.8 421.7 418.5 414.1 404.7 388.6 374.7 358.6 342.2
365 380.7 400.5 417.9 430.6 440.1 447.1 451.2 450.9 443.4 436.5 421.2 401.9 383.3 363.9 351.4 339.7 328.5 316 305.4 296.5 294.7 294.7 294.7 294.7 294.7 294.7 294.7 294.7 294.7 294.7 294.7 294.7 294.7 298 302.4 305.5 308.1 315.6 321.2 325.2 329.6 333.5 337.8 342.7 348.9 351.2 355.9 360.9 367.3 372.6 378.2 385.9 394.3 403.8 410.5 419.1 423.2 424.3 422 418.2 409.5 402.3 399.9 402.1 408.9 417.4 424.7 427.6 426.7 424.6 422 418.4 407 394.2 380.5 365.7 349.2
366.1 381 397 414.4 427.3 436.4 443.7 445 444 437.5 430.3 415.5 397.9 380.4 362.2 350 339.4 328.1 314.6 305.7 295.1 294.7 294.7 294.7 294.7 294.7 294.7 294.7 294.7 294.7 294.7 294.7 294.7 297.3 302 308.4 312.6 315.9 321 327.1 333.5 335.4 337.9 341.9 345.8 349.2 352.6 356.6 361.5 367.2 372 376.5 385.5 392.3 399.6 404.1 409.3 414.9 415.2 413.3 409.4 401 384.8 383.1 394.6 404.6 416.2 424.2 427.5 427.4 425.2 419.8 414.9 404.7 394.8 383.6 368.1 352.4
369.6 384.4 398.4 413.8 425.4 434.6 439.3 439.8 437 430.1 420.8 407.6 392.8 375.6 357.8 348.4 338.6 328.3 314.4 304.6 295 294.7 294.7 294.7 294.7 294.7 294.7 294.7 294.7 294.7 294.7 294.7 298.7 304.5 311.4 314 317.6 321.9 327.7 333 336.6 338.7 341.3 344.7 347.9 351.7 354.8 358.2 362.6 367.4 371.8 377.4 384.8 390.2 394.1 397.4 398.5 405.6 406.7 403.3 398.6 391.7 378 370.6 392 405 415.4 422.6 426.8 427 422 416.2 409.7 401.2 390.7 381 366.9 352.7
373.6 389.6 404.2 417.2 426.5 432 434.4 433.5 429.9 422.1 412.4 399 385.2 370.4 353.8 345.3 337.6 327.4 314.6 304.2 294.7 294.7 294.7 294.7 294.7 294.7 294.7 294.7 294.7 294.7 295.1 299.7 305 310.8 314.9 319.3 323.7 327.6 332.3 336.9 339.6 342.3 345.4 348.1 351.9 355.7 357.8 360.7 364.7 369.2 372.2 375.9 381.5 387.6 391.8 391.1 389.1 389.1 394.4 391.9 387.3 380.5 370.2 362.9 385 399.4 411.4 419.4 424.6 425.1 416.2 411 405.5 396.8 388.2 374.9 362.1 347
384.8 398.5 410.7 422.1 428.9 432 431.3 428.3 422.9 415 403.6 390.3 377.5 364.3 350.2 340.1 333.1 323.9 312.7 304.4 294.7 294.7 294.7 294.7 294.7 294.7 294.7 294.7 294.7 294.7 298.4 302.9 307.8 313.3 319.9 324.2 328.6 332.2 337.3 341.2 343.8 348.5 352.8 357.3 360.7 362 363 366 365.7 368.4 372 373.2 373 381.5 386.5 385.6 379.5 369.7 366.6 373.1 372.8 359.3 345.8 351.5 371.2 377.3 397.5 412.9 417.9 415.6 410.1 403.1 395.2 388.2 381.4 369 355.8 344.1
396.2 407.5 418.9 427.8 433.6 433.5 429.7 423.4 416.1 407.1 394.3 382.8 369.9 357.1 344.7 335.6 329.2 319.3 310.6 304.1 296.5 294.7 294.7 294.7 294.7 294.7 294.7 294.7 294.7 294.9 300.4 304.8 310.8 317.2 322.4 328.6 335.3 340.2 345 348.3 352.4 356.7 361.6 367 369 369.9 371.1 371.8 372 366.7 369.3 370.9 368.2 369 377.3 378.1 365.7 355.4 357.5 349.4 352 338.8 332.2 332.4 339.3 345.9 366.6 387.9 406.1 408.2 401.7 392.3 383.5 377.1 367.3 358.6 350.6 338.1
404.6 416.3 426.8 434.3 437.6 436.4 430.2 422.6 411.1 399.4 387.7 375.6 362.3 354 343.3 332.8 325.7 318.6 309.8 303.3 295 294.7 294.7 294.7 294.7 294.7 294.7 294.7 294.7 295.5 301.3 306.9 314.4 323.3 329.3 336.9 343.9 349.6 355.8 358.4 361.6 367.4 371 374.5 376.6 378 378.5 377.7 375.3 371.6 364.4 360.2 363.4 362.2 366.9 365.1 351.4 361.4 358.2 353.2 334.6 327 329.7 328.9 328.2 324.8 332.5 353.2 368.4 388.5 394 381.3 367.3 359.3 348.9 342.3 336.7 331
