app/static/ascii/NO27.asc
ncols 200
nrows 200
xllcorner 320000
yllcorner 770000
cellsize 50
[rows 0 to 34 of 200, columns 78 to 155 of 200]
654.7 654.2 653.5 651 647.9 652.7 641.4 631.8 627.3 620.6 622.2 623.2 615.4 618.3 612.3 605.2 604 593.4 585.1 585.1 575.9 570.1 560.4 556.3 569.8 578.3 578 589.5 594.8 601.3 602.9 604.2 604.6 608.3 613.1 614.4 613.4 610.7 619.6 622.4 621.9 629.1 631.2 634.6 636.9 639.9 640.6 644 646.4 650.9 655 658.7 661.1 664 668.8 670.5 671.7 675.4 681.2 682.1 685.3 687.7 691.3 693.4 694.4 695.1 696.8 696.5 696.3 696.6 697.1 695.7 696.5 698 695.8 695.2 697.5 697.9
663.1 658.7 655.2 657 654.5 655.5 645.4 639.8 635.3 635.6 634.9 630.4 628.4 625 628.6 622.9 616.7 616.8 605.1 595.4 585.5 577.3 567.4 561.3 542.3 553.9 560.1 573 581.9 589.1 591.6 588.9 591 592.8 597.6 601.3 600 601.5 610.4 614.4 615.3 621.4 626.1 630.4 632.6 635.1 636.3 638.8 644.1 647.9 650.6 654.8 656.9 658.9 661.4 661.5 667.5 669.6 671.2 676 683.5 685.1 688.8 688.2 691.9 696.4 696.2 696.6 698 697.3 697.4 697.6 697.6 699.5 696.6 699.6 699.2 699.2
674.7 664.5 666.9 667.1 664.7 656.4 653.5 654.2 652.6 649.6 647.3 644.6 639.4 637.6 639.7 639.1 632.3 627 616.8 605.9 589.6 581 571.6 562.7 555.3 543.8 540.2 550.6 563.1 572 579 574.1 575.3 578.4 581.9 587.2 588.5 595.2 600.9 602.9 608.7 613.9 619.1 623 627.2 630.9 633.6 637.9 641.2 645.3 649.4 652.3 653.9 654.2 657 656 655.9 654.6 658.1 667 669.3 661 658.9 661.2 653 667.7 690.4 693.4 694.9 694.5 694 695.7 700 701.8 697.9 699.6 702.2 703.4
679.1 679.3 681.2 678.8 670.4 668 669.5 669 664.2 662.4 660.1 659.8 653.3 653.3 651.3 648.2 644.7 638.4 628.8 615.1 595.4 583.6 574.2 565.5 556.8 548.3 527.6 533.9 542.2 552.3 561.4 564.5 559 563.7 568.4 570.9 575.9 584 590.4 590.3 599.6 607.6 611.6 617.4 622.4 627.7 631.7 634.1 638.7 644 649.3 650.2 649.2 651 649.4 638.2 625.9 621.5 617.3 600.8 587.4 589.6 590.9 603.7 612.9 631.3 644.4 645.6 672.1 675.1 684 690.8 696.9 701.5 697.6 690.8 697.9 702.1
695.2 693.9 692.3 686.7 685.8 683.2 684 680.4 677.1 674.6 674.1 672 669.6 666 663.5 659.4 651.7 644.8 635.4 624.7 603.9 585.3 573.2 562.6 558.3 548.1 536.2 511.5 526.3 532 542.5 542.7 543.3 546.3 553.1 557 562.3 572.3 577.4 583.6 589.8 597.9 603.4 610.5 617 622.8 627.3 633.3 638.9 646.3 650.7 650.9 649.5 641.2 627.6 597.2 580.8 570.2 563.9 554.3 552.5 553.7 557.4 558.7 563 578.3 591.4 598.8 614.2 631.5 650.8 668.7 687.7 689 690 665.8 678.5 689.8
703.3 706.5 704.3 699 697.5 695.2 692.9 690.2 688.3 687.2 685.4 681.5 679.8 677.4 673.7 670.9 664.3 656 636.7 626.1 603.5 583.9 569.8 560.2 554.3 544.7 533.3 520.5 501.7 510.8 516.7 516.8 514.8 522.7 534.4 539.9 550.1 559.3 568.8 576.2 579.6 585.6 593.9 601.5 608.9 617.4 624.6 631.3 640.5 650.3 655.6 654.4 651 643.8 618.7 571.3 545.3 531.7 521.5 516.7 516.6 518.8 521.5 524.3 528.2 536.9 544.2 552.8 568.4 584.8 602.6 627.3 644.1 664.2 671.6 628 631.1 658.5
716.2 718 713.8 709.5 707.4 705.9 704.5 700.9 700.2 697.5 692 690.1 689.1 687.8 684.2 679.4 674.8 666.6 642 623.1 605.9 586.2 567.3 558 548.8 541.4 530.4 519.9 512.5 499.6 493 488 495 501.7 510.1 524.5 533.3 538.8 554 563.3 570.8 576 580.4 587.4 600.4 608.9 619.2 628.2 638.8 649.1 657.8 662.4 659.6 647.1 611.9 575.5 524.9 498.6 482.5 483 483.8 485.4 489.3 493.5 494.7 501.1 507.9 514.9 527.6 544.5 559.8 577.4 605.5 612.3 628 605.8 597.3 609.2
728.1 723.6 720.6 715.1 714.8 714.3 712.3 710.5 707.4 704.8 700.9 699.4 697.8 695.8 692.4 685.5 677.4 666.8 645.5 628.7 609.6 591 565 555.3 545.3 537.5 528.5 518.5 507.8 497.4 484 473.1 471.4 479.3 485.7 490.9 506.2 510.9 529.9 539.9 554.1 561.5 567.4 572.2 587.9 600 610.6 622.2 635.9 644.1 652.8 661.4 620.5 594.4 553.6 546.2 511.2 481.3 457.1 452.3 452.2 454.7 455.8 461.3 460.6 467.2 471.7 479.6 490.1 499.4 516.3 532.8 551.7 557.8 574.9 572.5 567.1 570.9
732.3 731.6 730.1 726.5 721.9 720.5 718.8 715.4 712.9 708.9 708.8 708.7 706.6 703.3 698 689.9 677.3 665.2 645.7 630.6 610.1 592.9 570.4 558.2 548.6 536.8 524.7 513.1 504.2 491.4 481 469.5 455.4 459.1 456 462.7 472.2 484.4 492.4 505 520.4 532 534.1 548.3 568.4 576.9 593.8 604.9 620.2 631.9 616.8 600.1 574.2 535.5 502.7 492.5 471.5 446.6 432.3 430.2 431.8 426.1 428.7 429.7 431.6 437 442.2 451 459.4 469.2 474.5 487.2 498.8 516.5 528.1 541.6 527.4 538.3
736.3 736.6 734.1 729.6 727.8 726.8 723.4 724 718.7 717.4 718.2 715.3 712.4 707.1 699.6 689.7 677.8 664.9 650.9 634.1 617.9 597.4 581.8 570.6 555.4 542.6 528.5 517.4 502.9 491.3 479.9 468.2 458 451 438.5 437.4 448.1 458.3 468.7 475.4 485.1 497 495.6 504.1 526.1 523.2 535.8 554.3 542.3 572.5 563.9 546.5 515 496.3 469.2 455.3 444.7 422.9 419.4 419.2 404 404.5 404 403.5 403.9 408.5 416.2 421.2 428.7 439.2 443.3 452.4 460.9 477.7 496.2 515.2 506.8 505.5
739 743.3 743.4 737.3 735.6 732 732.6 732.1 729.6 728.3 725.2 720.4 715.7 709.7 699.8 689.6 676.9 665.9 652.6 639.9 624.9 604.9 589.9 577.4 563.9 549.8 536.6 524.7 511.4 496.6 484.4 474.8 463.2 453.6 443.2 435.9 421.7 429.8 440.1 448.4 456.2 463.4 461.6 465.9 473.2 478.1 482 490.2 490.5 506.9 510.3 486.1 463.4 446.5 440.5 430 422.6 416.7 412.7 404.9 397.6 392.3 381.7 381.6 376.5 378.4 385.7 395.6 399.2 404.6 411.9 421 431.2 447 466.8 481.6 473.8 472.4
738.5 742.4 745.5 743 744.6 739.4 738.7 735.5 733.3 734.3 729.4 724 720.5 713.4 702.2 689.6 678 668.1 657.9 645.9 630.9 614.7 598.5 583.6 574.5 561.8 544.8 538.1 524.6 508.6 492.2 479.5 468.9 458.4 446.4 436.5 429.3 421.3 420.2 418.3 425.3 432.9 429 434.4 440 442.7 446 442.8 445.7 443 434.9 429.7 418.3 414 407.9 404.5 396.1 392 387.3 384.4 377.7 370.4 367.7 355.4 343.2 348.3 355.2 364.3 370.7 372.9 383.1 394.1 406.9 413.2 420 433 442.8 444.4
743 745.4 745.6 743.2 744.1 742.8 743.7 739.6 736 735.9 730.4 726.8 722 714.6 705.8 689 677.2 668.8 662 653.5 639.6 625 610.2 599.1 589.7 578 567.9 553.7 539.6 524 503.9 490 476.3 465.1 455.1 443.2 433.8 426.7 417.2 410.4 406.5 405.1 406.9 407.4 409.6 409.4 412 411.8 412.9 407.6 400.3 394.1 387.3 380.6 377.3 375.7 369.8 367.2 365.1 362.3 355.1 347.6 338.2 328.2 329.6 327.3 329.2 336 340.8 344.9 350.5 362.5 377.7 386.7 396.5 405.6 414 422.7
745.9 745 743.6 743.2 744.5 744 743.8 742.2 739.8 734.5 733.1 725.2 719 711.9 701.1 689 673.3 667.1 662.8 654.4 642.7 631.7 622.3 613.6 605.5 595.5 590.2 574.9 556.9 536.9 517.9 500.3 487.9 474.9 461.6 452.3 442.9 431.7 421.5 413.9 404.6 396.9 390.8 387.3 385.5 381.5 380.2 382 383.5 377.6 373.5 370.6 364.5 359 350.1 349.8 343.9 343.6 343.2 338.6 338.8 335.8 326.9 316.1 317.2 316.9 315.7 313.2 315.1 317.6 325 336.3 340.9 350.4 362.5 373.4 388.4 400.2
744.7 749 745.8 750.3 745.1 742.8 740.7 742 737.4 733.3 732.4 721.8 714.5 704.9 693.6 683.2 672.9 667.8 664.4 655.6 645.6 642.2 632 625.3 621.7 620.7 612 597.2 571.8 550.1 529.8 512.2 499 488.9 474.1 464.5 457.9 444.9 430.5 417.5 408.5 401 392.4 382.1 376.4 365.4 365.9 363.6 364 360.2 354.4 351.6 344 341.4 335.7 329.9 327.1 324.5 324.4 325.9 318.5 315.2 312.5 310.2 310.4 309.6 307.7 305 303.2 302.7 307.8 309.6 315.1 328.1 342.6 347.6 362.3 378.1
749.5 751.3 750.4 751.2 749.3 741.5 741.5 741.1 732.9 733.6 727.5 719.4 708.7 697.1 685.4 678.4 675 668.2 664.7 656.6 650.1 642.6 636.2 626.6 633.5 637.5 632.1 622.6 596 559.8 542.1 529.3 516.4 504.4 490.1 477.6 474.3 460.5 445.3 429.2 416.2 405.4 394.5 386.4 380.3 371.3 358.4 358.7 356.6 354 347.4 341.3 338.3 335.8 332.3 327.9 325.1 322.4 320.2 318.2 315.8 314.5 315.5 314.9 312.2 310 306.7 304.9 303.2 301.6 300.4 299 304.2 310.5 319.9 332.9 340.9 355.2
750.1 751.9 752.7 751.2 752.6 751.5 744.9 741.7 727.4 727.6 720 712.4 700.8 689.7 679.8 673.9 672.4 666 662.2 661.9 656.9 646.5 641.7 638.4 640.6 646 645.6 641 615.3 581 551.9 539 526.9 519.2 507.5 495.4 487.5 480.2 465.5 446.6 429.8 416.7 401.9 393.5 383.8 373.6 366.7 359.1 352 347.2 345.8 342.4 336.2 334.3 330 328.9 327.8 325.6 323.2 321.9 319.1 320.2 319.8 321.8 320.3 316.8 314.6 311.5 309.2 307.1 305.7 300 297.3 301.2 307.3 316.8 322.6 340.8
754.8 754.9 759.4 763 755.3 751.4 745.4 739.2 733.1 720.6 712.3 706.3 693 682.3 672.5 670.5 669 666.2 661.9 658.3 658.6 646.2 637.5 647.8 652.9 657.3 660 658.2 630.4 592.4 563.4 549.2 538.6 530.5 520.6 508.1 503.5 495.1 484.8 467.5 452.9 435.1 420.3 405.3 393 382.1 372.1 364.7 357.8 353 348.1 346.7 345.2 341 340.3 338.9 332.6 330.2 336.3 335.9 334.9 332.1 335.1 334.7 336.8 333.5 331.2 327.1 324.1 321 317.9 307.9 299.2 296.6 299.5 305.1 308.6 321.1
764.3 767.2 770.9 768.3 763.9 755.3 748.2 740.9 730.5 719.7 704.3 693.6 684.5 676.9 671.9 669.4 668.4 662.3 663.5 660.1 646.6 642.5 649.3 660.2 662.8 668.2 674.7 682.6 660.6 623.9 576.5 559 550.8 539.9 530.5 520.7 512.5 503.8 493.8 481.6 465.3 450.7 432.8 419 402.7 389.8 381 368.9 363.1 361.6 360.3 359.9 362.3 359.2 358.3 356 353.3 355.5 358.7 361.3 363.1 358.1 358.2 360.7 359.5 358.4 356.3 351.6 351.7 346.2 336.7 329.8 314.5 296 296 297.7 298.8 307.9
774.5 779.5 783.8 778.8 776.2 766.5 756 743.7 729.5 716.7 704.7 694.4 686.2 677.9 673.5 672 671.3 672.1 660.3 653.3 657.4 660.9 662.3 669.5 673.1 678.8 684.1 697.8 695 654.6 596.2 579.1 562.1 551.9 539.8 527.9 521.5 513 506.3 493.2 479.5 462.5 445.5 431.9 420.8 404.9 389.2 384.5 378.6 378.2 376.3 378.4 379.2 377.8 377.6 379.6 378.7 381.6 384.5 388.7 392.9 388 385.3 386.7 384 387.9 385.6 379.8 377.8 373.7 364.2 356.4 337.2 305.2 297.4 293.2 295.9 302.4
792.3 793.3 791.9 789.5 784.7 772.3 756 735.7 725.4 714.2 703.9 692.6 686.1 681.1 679.3 677.9 671.7 673.6 664.5 659.7 669.2 672.1 672.9 677.6 683.9 687.7 696.8 707 711.9 676.4 620 600.5 584.5 570.7 556.1 543.7 536.9 529.6 520.2 508.7 494.9 478.9 463.4 451.5 436.4 426.5 416.3 408.2 400.8 393.9 397.5 398.3 398.8 400.6 401.6 400.6 406 411.8 411.3 418.7 424 416 416.1 416.8 412.5 418.4 417.3 412.3 407.4 396.2 392.4 380.5 345.7 321.6 304.3 295.4 292.1 296.4
806.6 805.6 803.2 800 791 774.7 753.8 734.5 720.1 709.7 700.2 691.6 690.1 682 680.6 680.4 675.6 669.1 668.6 666.7 674.1 677.6 682.5 687.8 691.6 698 706.2 716.9 724.6 699.5 650.3 620.7 603.5 587.4 572.3 562.6 555 548.3 542.3 532.2 516.3 499.8 488.1 473.2 461.4 448.4 439.1 430.6 425.4 417.3 421.8 419.9 419.5 424.3 430.2 432.6 436.3 443.7 445.5 451.3 452.4 450.3 446.6 449.4 445 452.1 461.4 452.4 435.4 418.9 417 405.2 369.5 323.3 304.6 293.8 289.7 293.7
822.2 824.3 814.7 807 794.2 783.1 756.9 735.6 720.8 706.2 698.4 691.7 689.5 683.8 681.9 682.6 676.2 673.9 677.7 672.8 680.5 683.8 689.8 695.2 701.1 709.2 716.4 723.3 733.7 717 680.4 642.7 623.7 606.4 597.4 581.2 574.7 569.2 564.5 555.4 540.4 527.4 513.7 496.6 480.6 468.8 464.6 454.8 450 444.4 444.2 445.1 442.2 454.2 459.3 466.1 474 484.8 482.8 486.7 483 483.9 482.9 489.3 482.3 492.7 501.2 483.3 460.3 440.9 426.5 408.6 372 319.5 300.7 292.7 286.8 290
836.9 841.4 836.9 822.5 800.4 780.7 755.1 731 720.2 703.7 696.8 692.3 688.9 685.6 682 677.8 681.6 682.3 683.4 684.6 680.8 688.9 698 701.9 709.5 717.3 724.3 733 742.9 730.6 696.3 662.3 637.2 619.7 603.8 594.2 584.9 580.7 581.9 576.1 564.1 554 538.8 526.9 509.4 497.4 488.3 483.5 477.7 474.1 471.1 473.4 476 482.2 492.4 504.2 509.8 521.7 532.3 532.4 520.9 522.6 522.6 525.6 516.9 533.8 530.1 503.5 480.7 454.8 428 373.4 336.3 307.3 298.7 291.9 287.2 285.6
846.6 849 844.5 829.9 802.2 775.6 756.6 728.7 718.1 703.6 698.3 691.5 687.8 686 684.7 682.4 678.8 681.7 686.6 688.7 688.9 695.8 705.9 711.6 719.1 723.4 733.2 745.7 757.3 751.6 707 676.9 658.5 636.9 617.9 609 600.1 596.2 596.6 593.3 581.8 565.9 552.8 539.9 530 519.7 511.6 504.6 499.6 501 502.9 502.5 505 511.9 524.9 534 542 556.2 566.2 574.1 572.1 568.8 564.2 573.4 557.5 561.2 550.1 527 509.4 469.2 400.8 344.2 321.1 305.8 294.9 288.7 286.2 280.7
848.8 849.9 841.3 823.2 796.7 768.7 746.9 727.9 717 703.9 696.4 690.3 686.7 683.7 681.1 681.7 681.6 685.3 691.2 697 694.6 705.4 713.3 721.6 729.5 738 743.8 757.2 767.3 758.7 723.9 705.4 683.9 640.8 624.4 615.4 609.2 608.5 609.3 605.9 595.1 578.1 556.9 546.7 535.1 530.9 526.7 523.4 518.9 524 528.5 527.3 531.8 534.8 546.9 555.8 563.1 572.4 587.7 598.6 599.5 601.5 601.3 591.8 586.2 586.3 553.7 525.5 501 464.9 390.4 335.8 310.1 301.1 295.7 286 283.2 282.2
844.3 837.6 823.5 799.3 776.1 754.3 734.9 722.9 714 705.4 695.2 691 685.8 682.5 683 684.7 683.1 691.3 699 705.2 701.6 710.5 719.4 728.5 740.8 749.5 760.9 766.6 775.7 775.1 762.6 748.3 721.1 667.2 641.4 628.5 622.9 624.4 625.2 623 606.2 584.7 558.9 550 544.1 535.8 533.7 531.6 533.4 537.1 541.3 546 550.8 555 561.5 571.6 578 586.9 598.3 608.7 612.6 608.3 607.9 603.8 598 593.1 570.3 524.3 473.8 419.2 368 333.6 307 297.1 289.1 284.6 282.5 280.9
830.3 819.5 801.5 783 764.2 744.4 728.1 715.7 710.6 702.5 696.3 690.3 684.6 683.1 684.8 685.8 692.4 701.3 705.9 710.2 714.2 712.3 723 736.8 747.9 759.7 771 778.6 785.1 793.7 795.4 784.9 751.7 696.5 664.6 644.5 639.1 635 637.7 642.8 613.4 592.3 578.2 555.4 546.1 540.7 538.2 537 537.3 541.3 549.4 553.9 561.6 566.7 579.4 587 596.7 605.7 615 618 621.7 626.4 625.8 614.5 603.2 594 588.8 541.4 445.7 400.3 364.1 335.2 309 295.2 289.3 284.3 281.1 280.3
817.1 802.6 788.3 772.5 753.8 737.2 722.1 713.4 706.2 699.7 696.5 695 689.7 687.3 691.1 694.6 703.6 709.6 714.4 720 722.8 718.8 728.2 741.6 754.9 768.8 780.8 787.3 794.9 800 805.7 809.1 780.5 736.8 704.2 668.6 660.9 653 651.9 646 632.6 614.7 598 564.8 550.4 548.3 545.6 543.2 543.5 550.7 555.6 563.3 573 584.6 597.6 608.2 619 631.1 637.5 641.2 647.9 647.5 628.8 616.6 608.1 586.3 571.2 517.9 441.6 406.6 375.1 342.4 314.1 298.5 290.7 283.6 280.9 280
803.3 790.8 775.6 760.5 745.9 730.4 716.7 707.8 703.4 699.8 694.4 692.4 696.5 699.4 704.7 708.1 717.7 719.7 723.2 730.7 733.3 731.6 731.6 746.1 759.5 773.7 785.9 793.6 801.7 807.1 810.7 812.3 802.9 774.5 735.5 698.7 684.8 681.8 674.5 663.4 654.3 637.9 615.4 595.8 565.1 557.2 554.1 551.7 551.3 558.8 566.7 574.4 587.5 604.7 616.7 631.1 641 651.2 656.1 652 648.7 636.7 629.2 614.7 591.7 578.4 539.9 491.9 447.1 409.9 368.3 339.5 321.4 304.4 293.2 285.9 281.1 278.2
790.4 777.9 765 751.4 737.9 725.6 713.8 707.4 701.9 697 697.5 704.5 710.3 711.7 717.4 725.9 732.1 735.5 736.5 741.3 740.8 737.5 737.3 749.3 760.8 775.2 787 796.4 805.3 811.5 814.4 815.7 816.8 807.4 774.4 732.1 711.6 708.6 704.7 693.1 685.3 673.3 645.4 611.9 590.4 574.1 563.7 562.7 565.1 567.7 577.6 587.8 605.5 622.6 639.7 655 659.5 665.4 673 666 654.1 643.8 626.6 601.1 573.4 549.5 516.2 478.9 443.5 404.3 373.5 356.2 332.2 317.6 299.9 292 285 278.3
781.8 770.4 757.5 744.3 731.9 720.1 711.7 706.4 702.7 704.5 711.1 717.5 721.4 724.5 732.2 740 747.9 751.4 752.1 748.7 746.5 744.7 741.3 750.6 759.7 773.9 785.5 795 804.2 811.2 815.4 817.4 818 817 808.8 763.9 751.6 746.4 740.4 736.5 719.2 704.2 679 652.5 614.3 590.2 580.6 577.8 577.9 578.7 588.9 601.1 623.2 645.4 658.8 667.2 672.2 676.5 674 672.7 663.4 644.4 609.6 579 558.4 536.5 504.6 482.2 449.8 419.9 395.8 374 353.7 330.8 314.4 298.6 288.3 282.3
773.1 762.8 750.6 737.4 725.7 717 712.7 712.3 713.4 719.3 725.8 730.4 732.7 738.5 745.3 753 760.9 762.2 761.7 762.9 755.7 749 745 747.3 759.9 771.3 783.2 792.4 801.4 808.5 812.6 814.5 814.1 812.4 810.1 801.4 792 786.8 777.7 776.8 768.6 744 713.8 690 651.5 617.3 600.4 593.7 589.3 591.5 602.8 617.6 645.3 671.9 685 685.2 684.1 685 674.5 671.6 663.2 638.9 607.9 583 555.7 533 508 487.2 464.1 436.4 413.4 389.8 364.9 347.6 330.2 306.7 296.9 287.3
764.5 755.9 745.7 734.3 726.3 720.9 722.3 728 731.3 733.2 739.2 743.6 749 752.4 758.6 765.8 770.7 772.4 768.3 769 766.1 758.9 755.1 756.8 755.3 767.6 780 789.1 796.8 804.2 808.2 810.2 809.6 807.8 805.5 804.7 803.2 803.3 801.8 802.3 796.8 783.1 752.6 716.3 674.3 643.4 617.4 610.8 604.7 607.6 619.9 640.9 662 693.3 697.5 695.2 694.5 688.9 682.3 679.8 672.3 652 614.7 588.3 572.3 555.6 512.2 497.9 479.6 455.8 434.4 409.1 384.6 364.6 343.7 319.9 305.5 290.9
756.5 753 745.3 737.1 732.8 733.7 737.3 740.7 744.2 751.5 755 760.5 760.4 765.8 770.3 774.5 775.7 777 777.1 775 773.8 766.5 759.4 761 764 765.1 776.2 785.3 792.5 800.4 804.1 805.5 803.5 800.6 799.7 802.2 801.8 802.4 801.7 800.5 797.8 791.1 777 738.6 696.8 663.3 649.1 628.6 627.1 631.3 648.3 680.5 699.9 705.7 707.6 707.7 707.2 700.7 693.1 688.3 683.8 671.1 643.3 622.3 602.7 587.3 532.9 510.9 498.1 480.6 453.2 426 404.1 379.4 356.9 336.4 316.1 296.5
