app/static/ascii/NO28.asc
ncols 200
nrows 200
xllcorner 320000
yllcorner 780000
cellsize 50
[rows 68 to 101 of 200, columns 0 to 75 of 200]
656 661.5 666.8 678 687.6 695.7 694 687.1 676.4 671.4 667.1 662 657.1 654.3 654.7 658.7 663 664.6 666.8 670.3 675.9 684 692 699.8 706.7 712.2 713.9 714.6 714.3 714 712 710.5 708.3 705.5 705.9 708.5 709 710.1 719.8 730.2 731.9 729.3 726.9 730.2 735.6 741.5 750 753.6 758.8 765.8 776.3 784.5 791.6 793 792.8 796 795.6 796.1 797.5 808.9 819.2 834.1 845.4 856.7 870 881.4 890.1 900.7 907.5 913 917.9 921.1 924.9 931.4 940 947.5
657.9 665.9 677.1 688 700.2 706.2 703.7 696.3 685.7 680 672.6 667.5 662.2 658.9 658.6 662.4 666.8 668.5 669.9 673.9 678.6 686 694.2 703.5 711.3 716.7 720 723.5 723.3 727 728.8 723.6 721.2 719.3 719.8 723.7 722.9 722.6 731.5 743.9 746.4 742.6 738.2 738.4 742.1 750.5 753.8 757.4 764.3 770.2 776 783.5 789.6 793.8 794.6 797.7 797.7 797.7 796.5 800.5 815.7 831.9 844.2 856.6 869 879.3 888.7 898.4 906.6 911.7 915.8 921.7 929.2 937.2 945.6 964.1
661.3 671.9 685.7 698.1 711.6 716.5 711.4 704.5 695.3 688.7 677.8 671.7 665.9 663.3 661.5 664.4 668 671.6 672.2 676.2 682.3 688.6 697.6 706.6 715.1 722.1 727.2 730.6 733.4 737.6 741.9 741.5 736.3 735.4 736.5 738.3 739 739.2 745 758.5 762.3 754.4 748 741.5 743.4 745.2 747.8 756 764.8 774.3 780.1 785.5 789.4 792.6 797.7 797.7 797.7 797.7 796.7 799.8 812.1 826.1 840.1 853.3 866 877 886.5 895.3 903.6 909 914.5 921.1 932 942.8 958.4 980.1
665.4 676.4 691.9 707.7 721.8 721.3 716.6 709.3 700.5 694.1 683.8 675.2 668.8 666.8 665 664.9 667.7 672.1 676.1 679.6 685.3 691.4 700.1 708.9 717.8 725.7 732.4 739.6 744.2 748.6 753.9 756 754.6 754.4 753.7 755.2 758.4 760.2 758.2 773.5 779.3 769.8 756.9 751.4 752.3 753.6 759.3 767.3 773 775.8 781.9 787.9 792.5 793.5 794.6 797.7 797.7 797.7 797.7 798.7 805.1 814.5 834.9 847.9 859.2 870.4 880.6 888.1 894.9 904.1 912 921.4 932.4 948.2 967.5 992.4
667.4 678.3 696.7 714.5 725.2 723.9 719.7 713.2 706.2 698.1 689.1 679.8 674.8 671.5 667.9 667.8 668.9 673 679.2 684.2 688.1 694.2 701.7 710.8 719.8 729 740.1 748 754.9 761.8 765.5 770.3 771.7 772.2 774.6 776.7 780.4 781 782 786.1 798.5 792.6 782.1 776.7 776.6 776.4 778.6 781.4 785.3 788.6 791.5 793.8 797.8 797.2 797.7 797.7 797.7 797.7 793.6 797.2 798.1 808.5 828.1 841.6 854.8 863.6 873.6 883 890.7 897.9 906.9 919.5 931.5 950.4 975.1 1001.7
669.6 682 700.2 716.4 724.7 725.3 721.8 716 709.3 701.8 693.1 684.5 679.5 675.5 671.2 671.9 672.1 673.6 681.7 688 691.8 697 704.2 712.3 721.9 733.3 743.5 755.9 762.7 770.6 776.5 781.3 785.6 789.3 793.2 797 799.1 801.1 804.9 807.6 815.6 813.8 811.3 806.2 803.7 801.1 799.2 800.1 800.8 801.3 801.5 802.1 801.7 796.6 793.4 797.7 797.7 797.7 795 799.5 798.1 805.3 821.7 836.4 850.2 859.4 868.2 877.2 884.9 891.8 899.4 911.7 927.2 950.4 977.8 1004.2
673.8 686.4 702.5 716.2 723.3 725.9 723.4 718.1 712 705.6 697.2 689.5 683.3 680.3 676.6 674.6 674.1 676.7 685.2 692.3 695.9 700.1 706.8 715.2 723.9 736.1 748.1 760.4 770 780.2 787.5 793.2 799.5 806.9 815.2 819.7 823.1 827.3 831.8 834 832.5 833.9 834.5 830.4 828.9 824.8 816.8 814.1 812.8 811.7 810.8 809.5 806.4 804.8 801 799.5 798.2 796.5 798.4 799 798 804.5 818.9 830.4 843.3 853.7 862.9 872 879.8 886.8 894.2 902.5 913.8 940.4 974.4 1000.9
676.1 688.7 703 714.9 721.7 725.6 723.9 720.6 714.7 709.7 701.8 693.3 688.1 685.6 682.1 679.9 678.7 681.9 689.2 697.2 701.3 704 709.5 717.8 727.9 741.4 753 763.9 775.9 788.6 797.1 804.9 812.8 822.3 832.2 841 847.8 852.4 855.4 853.9 850.5 847 849 849.7 848.7 844.6 834.4 825.5 823.7 822.1 819.3 816.3 812.7 810 807.4 805.2 803 800.4 798.7 798.5 798.7 807.9 822.1 832.3 839.7 849.3 856.3 863.9 872.4 880 885.9 892.8 901 927.6 960.5 992.5
677 690 702.4 714 719.5 723.7 724.6 723.1 720.3 715.1 707.6 700 695.7 691.9 688.1 685.4 684.7 688.1 694.5 702.2 706.8 707.8 712.3 721.1 731.9 745.3 758.1 768.9 780.6 793.8 804.8 816.8 828.5 837.6 847.3 857.4 866 871.8 873.4 871.8 867.6 861.3 857.3 858 857.5 853.5 846.1 839.4 834.3 829.2 826 821.8 817.6 814.4 811.9 810 806.8 804 799 798.9 805.2 808.9 822.1 831.9 839.6 846.6 852.8 858 864.5 870.1 876.4 883.4 888.3 913.1 943.5 978.4
678.1 690.1 702.2 713 718.3 724.2 726.5 727 724.5 719.8 713.9 708.6 704.2 698.3 693.9 690.5 690.8 692.8 699 706.6 711.4 712.8 716.5 724.8 735.9 748.3 761.9 772.4 784 797.6 812.8 826.8 839 849.1 859.3 870.9 880.2 885.9 887.9 886 882 875.5 868.7 865.1 861.6 856.8 852.6 848.3 844.4 837.5 830.9 826.3 822.7 818.8 816.2 814.5 810.7 804.4 801.6 800.4 805.8 811.4 823 829.4 836.2 840.8 847.3 853 858.4 863.2 868.3 874.7 880.6 899 928.8 957.2
678.2 690.7 702.3 712.7 720.1 725.2 728.5 730.8 729 726.6 722.5 721.7 716.1 707.1 701.4 697.4 697.8 700.8 701.3 708.7 717.5 719 722.6 730.1 742.9 754 765.7 777.5 791.4 806.3 821.3 835.9 846.9 857.4 869.9 880.6 889.9 896 899.7 899.4 895.1 888.3 878 871.7 864.3 859.2 855.9 856.3 849.7 842.2 835.7 830.4 826.7 822.9 820.6 818.1 810.9 806.9 803.2 800.4 803.2 811 820.7 828.5 829.7 832.3 838.7 845.7 852 857.3 864.6 867 872.8 885.9 908.2 934.5
679.4 690.3 702.4 712.6 719.7 726.5 731.8 734.7 735.9 736 735.9 734.8 729.8 721 712.5 708.5 707.6 708.1 707.8 711.9 720.4 726 728.4 737.2 750.3 760.3 771 784.2 798.1 813.1 829 844.6 854.8 864.2 876.3 886.6 897.7 906.1 910.6 909.9 905.8 898.5 888.7 878.4 869.2 863.9 860.2 859.5 852.8 845.7 839.4 835.8 832.5 828.1 823.6 817 812.4 810.9 806.9 805.8 806.4 812.2 821.1 824 822 825.8 831.5 837.9 843.7 850.9 855.6 860.2 867.7 874.5 889.5 917.5
679.6 693.4 704.2 713.4 720.6 728.2 734.2 738.6 742.9 746.5 747.2 746.6 744.2 738.9 729.2 721.7 718.8 719 718.1 718 720.4 730.2 733.5 741 751.9 762.4 773.5 788 803.8 817.7 834.7 848.7 860 869 879.7 891.8 906.3 916.1 920.9 919.6 914.6 906.6 894.9 884.1 874.8 867.8 864.8 861.3 855.7 849.5 844.6 841.4 838.8 833.3 828.2 826 823.2 818.6 815.9 815.5 817 818.7 820.5 822.4 823 823.4 826.7 832.5 837.4 842.6 850.6 855.8 862.9 866.7 878 902.7
685 696.6 707.4 715 721.9 729.4 736.7 743.8 749.6 754.7 758.1 758.9 758.8 755.3 747.7 737.4 736.3 733.5 733.9 731.6 732.9 733.3 738.6 745.8 755.2 765.7 777.3 789.9 805.6 820.8 836.9 851.5 862.4 872.3 882.1 895.8 914.4 927.5 931.2 929 923.1 913.9 901 888.1 878.1 869.7 866.2 862.6 858.8 854.7 850.1 846.5 843.2 839.6 834.7 834.1 833.6 830.5 830.7 829.7 828.6 827.7 828.1 828.7 827.6 826.4 827.8 828.7 832.2 837.6 842.8 849.9 853.3 862.3 873.3 898
688.4 699 709.3 717.5 723.8 731.3 738.7 747.7 755.4 761.9 768.5 770.6 772.6 770.6 763.7 753.4 754.7 751.3 751.4 748.7 744 741.6 743.2 750.6 762.1 772.9 784.5 800 812.1 820.7 837.9 852 863.7 874.8 885.3 899.4 917.4 931.5 940 938.2 931.1 921.8 906.9 891.3 879.1 872.4 868.8 864.5 862.6 859.3 854.7 849.9 845 844.2 840.3 840.2 842.8 847 847.3 844.4 843.4 842.3 839.2 836.4 833.9 831.7 832.7 832.5 833.1 835.4 838.6 846.8 853.1 856.4 871.4 895.8
689.5 700.1 710.5 720 726.4 733.2 741 750.4 759.6 767.8 775.7 780.7 783.7 783.8 780.9 774.2 775.7 772.7 770.4 765.9 757.2 750.5 747.7 756.2 768.1 779.7 790.9 804.8 820.4 834.1 843 848.1 863.2 877.1 890.6 902.6 917.1 932.2 942.9 949.5 941.3 929.8 911.8 892.3 879.9 875.7 873.5 870.4 867.5 864.2 859.8 853.2 847.5 846.3 847.2 849.9 856.4 862 865 862.7 861.7 859.5 854.3 848.2 842.6 840.6 840.5 840 840.9 840.5 842.2 845.9 852.7 858.6 871.6 890.9
691.1 701.2 711.6 721.5 729 735 743.8 753.3 762.9 771.5 779.8 787.5 793.3 796.5 797.4 796.8 795.6 793.9 790.1 782.6 770.9 767.1 764.4 761.7 773.9 784.8 798.8 814.2 831.2 845.1 854.6 858.8 862.2 878.2 894.2 905.4 918.1 931.5 943.9 954.9 949.5 936 912.3 891.7 880.9 879.1 878 875.7 872.3 868.2 863.3 855.7 849.8 850.4 853.9 858.4 866.4 870.5 875.2 876.3 876.3 877.1 872.8 861.5 854.8 851.9 848.8 850.1 849.3 848.2 847.3 847.4 851.5 857.3 868.5 885.5
691.8 701.5 711.1 721.7 730.6 737.2 745.3 755.4 765 774.3 783.7 792.3 800.3 807 812.2 814.1 815.4 815.1 807.5 797.7 784.8 781 775.2 773.8 780.7 794.5 810.7 826.6 844.8 856.8 864.4 868.5 870.4 879.9 897.2 909.9 921 932.5 944.7 954.2 953.6 937.9 912.4 890 881.7 880.8 881.9 880.7 875.7 871.8 865.3 857.8 852.1 851.3 859.5 865.3 872 875 882 885.3 885.9 884.9 885.5 879.8 872.6 866.9 863.8 861.5 860.4 859.6 858.3 857.2 855 859.8 869.7 887.9
692.4 701.6 711 721.8 731.3 739.3 747.1 756.4 766.3 777.2 786.8 796.1 804.4 812.6 820.3 824.1 824.9 826.4 823.9 812.5 798.7 792.1 783.4 785.3 788.4 800.6 817.2 839.6 857.9 868.5 875.1 879.5 882.8 888.3 898.4 912.7 925.4 937.5 948.7 957.6 959.1 944.3 911.8 889.9 881.9 883.6 884.5 884.6 878.7 873.7 866.6 857.6 849.6 848.7 862.1 870.4 875.9 882.8 890.6 893.4 893.1 891.8 891.5 893.1 893.6 889.7 882.9 878.1 876.9 874.5 871.9 870.4 868.3 863.7 875 890.6
693.2 702 710.8 719.8 728.9 738 747.2 757.2 767.3 778.6 788.4 798.4 807.9 816.7 825.3 831 832.7 833.9 834.2 826.1 812.3 801.2 795 790.5 798.6 810.1 829.6 851.7 868.6 878.4 885.5 894.7 901.5 908.4 910.1 915.8 930.9 943.9 954.7 963.5 966.2 945.1 916 895.1 882.4 881.8 884.8 884.6 878.5 873.2 865.3 856.3 848.7 852.3 859.6 876.2 887.4 889.5 895.8 898.8 898.4 896.9 895.6 897.2 899 900.5 900.4 896.2 892.5 889.9 887.7 884.7 878.7 878 879.7 891.3
693 700.9 710.2 719.4 729.1 739.2 749.3 757.9 767.1 778.9 789.7 800.1 809.7 819 828.4 835 838.1 841.2 842.5 838 825.8 814.8 806.8 802.6 811.2 825.7 844.3 862.1 875.9 886.1 896.7 908.2 919.2 928.8 931.3 930.4 934 951.3 962.2 971.1 973.4 952.3 922.9 899 887 880.2 880.7 881.1 875.2 870 863.1 853.6 848.7 861.3 871 883.7 897.6 898.4 897.8 897.4 899.5 902 899.9 899.9 903.4 905.3 907.8 907.7 905.1 903.8 902.5 894.9 889.7 890.2 890.1 895.1
694.7 702.6 712.4 721.7 731.8 742.4 752.6 763.9 772.7 781.3 790.6 801.4 810.9 820.9 830.2 837.2 842.5 846.5 848.6 846.6 839.9 829.6 821.9 818 823.6 836.3 852.6 868.8 882.3 893.1 905.2 919.1 936.6 945.6 947.3 946.2 941.4 958 970.7 979.1 983.3 966.8 935.2 907.6 883.7 873.4 874.3 874.2 868.9 862.6 859.6 859 862.2 873.5 879 892.5 905.4 902.4 897.8 897.8 899.2 909.5 904.2 904 904.2 908.1 914.9 915.9 915.4 914.7 911.6 903.9 899.7 899.8 900.2 901.8
694.5 702.3 711.8 722.9 734 745.5 755.9 766.4 776.2 785.9 796.9 804.1 811.7 821.8 831.7 839.1 844.7 850.4 853.6 853.6 850 844.8 836.4 832.2 835.1 844.6 860 875.4 888.5 899.2 912.1 929.4 947.6 956.4 959.1 960.2 959.2 959.2 977.7 986.4 989.9 986 953.3 921.5 891.7 876 872 868.3 861.2 859.2 860.9 867.1 872.6 882.2 896.2 904.2 906 897.8 897.8 897.8 897.8 899.3 898.9 906.3 909.9 914.8 920.2 922.7 923 921.6 918.1 913.4 909.8 908.4 909.6 912.7
695.4 702.4 709.6 723.8 735.8 748.8 760.3 768.7 777.8 791.3 801.9 809.7 815.3 822.1 831.4 839.5 847.8 854.2 858.7 859.9 856.3 855.7 848.6 843.7 845.1 854.5 867.6 882.2 894.3 905.5 919.1 938.2 956.3 965.5 967.8 969.1 971.8 972.7 980.5 990.1 994.2 996.1 971.1 931.9 899.3 882.3 873.9 867.9 861.3 861.1 868.4 878.7 886.7 900.1 916 914.5 901.5 897.8 897.8 897.8 897.8 897.8 897 909.1 915.6 921.3 924.9 925.2 924.7 924.7 922.6 924.3 913.3 916.6 918.7 920.5
696 703 709 722.3 737.3 752 764.5 773.5 782.8 795.1 804.8 813.4 820.5 826 830.8 839 848.3 858 863.7 867.5 867.7 867.2 860.7 855.1 856.5 865.5 875.4 887.8 899.7 911.3 924.9 944.9 964.1 972.9 975 977.4 980.5 985.9 990.2 988.9 997.2 1001.3 998.6 959.9 918.9 894.6 884.1 877.7 874.7 880.4 887.8 899.9 914.8 930.3 944 929.9 903.3 897.8 897.8 897.8 897.8 897.8 897.8 906.2 918.2 926.5 929.1 928.8 926.3 926 924.1 919 922.4 924.9 929.2 930.3
702.2 709.1 716.9 725.8 739.4 756.8 767.7 778 786.8 798.1 807.7 816.3 824.8 830.5 834.2 838.1 847.7 861.1 869.2 874.5 875.4 875.7 872.5 867.2 867.5 873.6 881.6 891.7 903.1 914.5 929.8 949.9 968.3 978 984 988.4 992.3 996.4 998.6 997.8 998.7 1003.6 1003.5 978.8 942.9 912.4 900.5 895.4 899.5 907 914.7 928.5 945.5 968.2 978.2 941.2 906.4 897.8 897.8 897.8 897.8 897.8 897.8 907.4 919.4 927.4 930.2 930.6 929.5 928.5 925.9 924.1 928.7 934.7 941.3 945.6
706.7 714.7 723.8 731 743.5 760.3 771 781.8 791.2 800.1 810.2 818.7 828.3 834 838 840.8 848 863.4 874 881.1 882.5 883.7 882.5 878.8 877.4 881.5 888.4 898.2 908.6 919.3 934.8 954.2 971.2 983.8 992.9 997.7 1002.6 1006.5 1005.9 1004.3 1002.9 1004.5 1006.7 1004.5 982.3 939.9 929.6 924.1 934.4 943.5 945.4 958.8 983.7 1011.4 995.4 950.6 912.1 897.8 897.8 897.8 897.8 897.8 897.8 913 922.4 926.5 929 928.5 929.6 929.8 923.5 924.6 932.9 939.5 948.1 956
706.7 722.3 731.1 736.7 746.4 764.2 774.3 785.2 793.6 801.3 809.5 817.9 827.8 835.1 841.5 846.1 850.7 863.8 878.5 887.4 890 891.2 891.7 889.1 888.7 890.7 895.8 905.5 915.5 927.6 940.2 957.5 975.4 989.1 999.2 1006.2 1011.4 1012.3 1010.4 1006.5 1004.6 1004.6 1005.1 1006.4 1003.2 972.9 972.5 972.9 973.4 981.5 988.3 1006.1 1034.2 1045.6 996.4 960.3 929.5 915.1 909 897.8 897.8 897.8 901 913.2 923.2 929.4 932.1 935.2 935.9 936.9 932.2 936.1 941.5 950.7 963.1 976.7
721.7 732 740.7 745.1 749.5 769.4 779.1 789.3 796.6 805.2 811.3 817.2 826.8 837.4 845.6 853 856.5 863 881.2 890.6 897.8 898.7 900.4 899.7 900.4 901.2 904.7 915 925.1 935.9 946.5 963.5 980.9 994.8 1006 1014 1015.6 1015.5 1011.6 1006.6 1003.5 1003.2 1003.4 1005.5 1008.7 1011.5 1017.1 1019.6 1023.5 1026.9 1034.2 1054.8 1086.7 1068.6 1014.8 989.3 969.8 942.7 926.4 919 919.8 921.1 918.8 916.9 923.2 931.4 938.4 944.6 950.7 954.7 953.4 958.7 966.4 977.1 991.7 1004.8
737.7 741.4 749.5 755.4 758.8 771.7 784.2 792.8 800.4 809.1 815 821.2 831.3 842.3 851.7 860.3 867.3 865.1 880.2 894.9 905.7 908.3 911 911.3 911.4 914.1 916.7 925.1 933.3 942 954.7 973.4 990.4 1003.7 1014.7 1016.3 1017.3 1017.7 1012.6 1007.5 1003.6 1001.4 1001.6 1004.1 1007 1014.7 1022.5 1035.1 1047.5 1056.1 1067.6 1079.2 1088.4 1072.1 1049 1024.4 1004.4 986.6 966.1 950.9 949.9 946.8 934 927.5 929.2 935.9 944.1 951.1 956 961.5 971.8 983.6 994.2 1009.2 1024.9 1044.3
750.7 755.4 760.7 766.2 772 778.6 784.5 795.5 805.8 814.6 821.6 827.9 838.1 846.4 858.9 869.8 877.2 877.8 879.2 899.3 910.3 919.1 922.4 925.9 929 931.5 933.9 940 947.8 955.4 969.5 986.3 1001.4 1013.3 1021.6 1022.1 1021.2 1020.3 1013.7 1008.8 1004.8 1000.8 1000.7 1003.2 1006.8 1014.1 1022 1033.4 1048.2 1060.4 1070.5 1078.8 1084.3 1088.3 1088.8 1069.6 1038.3 1030.5 1016.6 1001.5 993.8 978.3 957.8 949.5 946 952.4 957.5 962.7 968.1 974.4 984.4 1002.6 1021 1037.8 1042.8 1047.2
767.4 767.9 774.3 782.6 787.8 791.1 798 802.6 808.2 821.2 828.3 832.2 842.6 854.3 868.1 882.5 891.2 891.3 888 895.2 913.6 927.6 935.5 943.1 947.4 951 953.8 958.4 962.8 970.9 986 1000 1012.4 1023 1027.6 1027.9 1026.7 1022.6 1014.5 1004.6 1000.2 996.9 999.1 1002.3 1006.5 1013.8 1021.7 1033.8 1049.2 1061.9 1071.2 1078.4 1083.5 1087.1 1089 1087.9 1085.3 1081.8 1077 1057.5 1025.5 1014.5 995 985.8 980.9 984.4 984.8 990.3 999.4 999.5 1009.2 1027.9 1042.6 1046.5 1046.1 1046
776.8 785.2 793.5 807.1 810.5 811.9 816.5 821.2 825.2 827.2 831.2 841.1 856.2 872.4 886.2 896.8 904.3 904.1 902.5 902 914.5 933.3 945.2 954.1 958.6 963.5 966.5 970.9 977.5 987.3 1000.3 1012.5 1022.8 1031.6 1033.3 1032.4 1029.9 1023.3 1013.2 1002 995.3 994.9 997 1000.3 1006 1013.4 1022.7 1035.5 1048.5 1060.1 1070.3 1077.7 1082.6 1085.7 1086.4 1086.2 1085.8 1084 1080.9 1075.7 1064.1 1059.3 1049.1 1032 1034.7 1027.4 1029.2 1023.9 1023.9 1024.8 1031.7 1044 1050.7 1048.9 1046.6 1046
793.8 802.9 813.2 828.3 832.7 838.9 843.1 845 843.6 837.6 844.1 858.8 870.3 886.7 899.1 911.2 916.3 916.8 918.5 918.6 913.9 936.4 950.6 959.9 964.5 969.1 974.3 982 989.9 1000.1 1012.8 1022.9 1033.6 1038.4 1037.7 1035.9 1030.6 1021 1009.4 999.3 993 992.2 994.7 998.2 1005 1012.5 1023.2 1034.4 1046.4 1058 1068.5 1076.6 1081.7 1084 1084.2 1083.2 1082.1 1081.1 1079.2 1076.6 1074.6 1072.6 1071.2 1068.7 1062.4 1054.7 1046.5 1042.4 1039.9 1039.1 1042.3 1048.2 1051.2 1050.9 1048 1044.8
