app/static/ascii/NO33.asc
ncols 200
nrows 200
xllcorner 330000
yllcorner 730000
cellsize 50
[rows 0 to 34 of 200, columns 0 to 78 of 200]
254 245.4 223.4 204.1 189.4 179.6 172.2 165 166 147 136.4 143.8 159.2 163.2 163.2 161.3 160.5 156.7 151 144.8 143.1 145.6 153.9 158.6 163 169.4 175 178.8 183.2 186.7 190 192.7 194.9 198.4 203.2 206.4 208.9 209.9 210.4 209.8 205.8 203.1 202.7 200.4 198 196.5 194.4 191.8 187.7 183.5 179.9 176.8 174.3 172.4 170.8 171.1 171.8 172.1 173.1 177.3 182 187 191 195.5 199.6 201.6 201.7 203.2 204.4 205.7 214.8 229.2 242.8 254 260.3 273.3 286.3 297.9 303.7
252.1 240 225.5 210.1 196.5 185.7 175.8 171.4 168.2 141.7 141.7 166 165.3 165.1 164.7 164.5 163.4 161.2 159.4 156.4 152.7 149.2 143.4 153.8 157.2 162.6 170.3 176.1 180.4 184 186.6 189.2 190.7 192.1 193.7 196.7 199.5 202 201.7 201.5 199.9 197.8 196.1 193.9 191.4 190.3 189.1 187.4 184.3 180.3 177.2 174 171.4 169.8 169.1 169.6 170.4 170.7 171.6 175.4 180.5 186.7 191.6 196 199.2 200.5 201.1 202 204 205.4 206.8 216.7 232.7 245.1 255.3 263.8 271.9 279.5 287.8
245.2 234.9 225 212.9 202.1 197.7 184.4 178.5 143.6 143.2 150.9 170.3 169.5 168.4 166.8 165.9 164.6 164.7 163.6 162 160.4 158.7 156.7 148.6 154 157.2 166.5 172.5 177.4 180.5 183.2 185.2 186 187.4 189 190.4 191.5 191.9 192.8 193.2 192.1 191 189.4 187.3 186 184.7 183.6 182.6 180.5 177.6 174.6 171.5 169.6 168.3 168.2 168.2 169.3 169.7 171.6 175.2 180.4 187.2 194 197.3 198.7 198.9 199.3 200.5 202.7 203.1 203.7 206.9 216.7 229.6 241.1 254.5 263.6 268.8 272.4
229.7 227.5 220.5 212.3 205.7 209 199.1 188.1 147.5 146.4 176.4 175.8 173.4 171.9 172.2 173.1 171.6 170.3 171.5 171.4 169 167 164.1 159.7 151.8 152.4 157.5 163.5 169.4 174.7 178.9 181.1 182 182.4 183.6 184.4 184.7 184.7 184.3 185.2 184.2 183.6 182.8 181.9 180.7 179.3 178.1 177.1 176 174.8 172.2 170 168.9 167.5 166.7 167.3 168.7 169.8 172 176.4 182.8 189.9 195.6 197.8 198.5 197.7 198.2 199 200.6 200.2 200.7 202.7 208.6 217.8 227.2 240 251.5 259.5 267.1
222.6 217.9 215 211.2 208.1 207.8 205.2 197.2 159 166.8 185.2 183.4 180.5 178.9 181 181.4 177.9 175.4 176 176.2 175.1 173.1 170 165.7 160.1 150.4 153 156.7 162.4 169 176.2 177.1 177.1 177.6 177.9 178.1 178.2 178.1 178.1 178.5 178.1 177.6 176.8 176.8 175.8 174.4 173.3 172.9 173.1 172.1 170.4 168.5 167.5 166.6 166.4 167.5 168.6 170.6 173.5 178.6 184.8 191.2 195 197.4 198 197.1 196.3 197.2 198.4 198.4 198.2 199.6 203.6 211.4 218.3 227.4 239.8 252.4 260.2
218.4 215.4 211.3 207.9 206.8 206.3 203.8 200.9 200.3 193.9 190.7 187.8 185.4 186.7 188.4 187.4 183.3 181.4 180.3 179.5 178.8 178.3 176.9 171.3 165.9 159.1 148.4 154.9 159.6 166.7 170.8 174 172.4 172.1 172.3 172.9 173.3 173.1 173 172.8 172.1 171.8 172.3 171.9 171.3 170.3 169.4 169.6 169.9 169.4 167.7 166.6 165.6 165.3 166.8 168.6 171.4 174 177.4 183.3 189.1 191.4 193.9 195.9 196.9 196 195.3 195.5 196.6 196.9 196.3 197.1 199.1 204.1 210.6 217 225.5 234.6 245.8
214.7 212.4 210.5 208 206.3 205.4 205.5 203 200.6 197.8 193 190.7 190.1 193.4 194.2 191.5 189.3 187 183.1 183.9 183.2 181.6 181.2 177.2 171.1 165.4 159.4 152 154.4 157.9 161.4 164 167 167.5 168.6 168.9 168.6 168.4 168.9 169.3 168.4 168 167.8 167.9 167.4 166.4 166.1 166.4 166.7 166.7 166 165.5 163.4 166 167.9 170.4 173.2 177.5 181.9 187.5 192 193.4 193.6 194.3 195.8 194.6 193.9 194.3 195.4 196.6 195.8 195.8 196.2 198.7 203.8 209 216.3 223.7 229.7
209.7 208.7 207.9 207.3 208.4 209.3 210.3 207 205.2 201.6 197.3 194.1 195.7 197.4 195.5 194.2 192 189.2 189.5 189.2 188.4 185.7 183.1 179.6 175.9 170.6 164.8 159.4 154.7 153.1 154.5 156.6 159 161.6 163.6 164.1 164.3 164.9 165.5 166.1 166.2 165.9 164.7 164.4 163.5 163.2 163.1 163.4 163.8 164.1 163.3 162.4 164.9 167.2 169.6 172.2 175.1 180.3 184.4 189.4 193.4 193.9 194 193.9 195.8 195.8 193.4 193.2 194 195.3 195.4 195 195.5 196.9 199.7 204.1 209.5 215.5 221.9
208 206.4 206.4 206.7 210.8 215 215.9 212.6 207.9 205 200.8 198.7 198.4 198.5 197 195.9 194.1 195.8 193.4 192.9 191.5 188.3 183.6 180.7 179 175.4 169.7 163.4 154.3 155 152.6 152.9 153.4 154.8 157.7 158.8 160.4 161.6 162.3 163.4 164.5 165 163.6 161.9 161.1 161.1 161.1 161.1 161 161.3 161.7 161.8 164.4 167.1 171 174.9 178.1 183.5 187.6 191.1 193.2 193.6 193.8 194.4 196 195.7 193.8 192.8 192.2 192.7 193.5 194.3 194.8 196.3 199.3 203.1 207.8 209.6 213.4
207 207.1 206.4 207 209.6 211.8 212 213.1 212.6 209 206.7 203.3 200.8 199.1 196.6 196.7 196.8 197.9 196.2 195.7 193 189.4 184.6 182.2 181 180 174.9 166.1 160.7 152.4 153.4 152.6 152.2 152.7 153 153.6 155.6 157.9 160.2 161.2 162.5 163.5 162.9 161.7 161 159.9 160 160 159.7 159.2 159.8 162.3 165 168.3 172.7 177.7 183.5 189 192.7 193.7 193.4 193.5 193.7 195.2 195.6 194.6 194.5 193.5 192.7 192.2 193 193.6 194.7 196.1 198.9 203.1 207.2 208.1 209.1
206.6 207.1 206.4 205.7 205.9 206.5 208.4 210.9 212.1 213.6 214.2 210.8 204.8 201.2 197.7 197.5 197.8 199 198 196.7 192.4 188.5 185.9 183.9 183.2 181.9 176 170.2 159.5 156.8 153.8 152.8 152.2 151.8 152 152.4 152.8 153.8 156.2 158.6 160.5 161.5 162.8 162.2 161.3 160.1 158.9 158.6 158.3 157.7 160.5 163 166.1 169.9 174.8 180.3 187.2 193.5 196 194.8 193.9 194.3 194.7 195.8 194.5 193.7 193.8 194.2 192.9 192.4 192.6 193.4 195.7 197.3 199.2 203.7 207.6 208.6 208.3
206.7 206.1 205.6 205.3 205.6 205.8 207 210.4 211.4 212.9 213.3 211 208.7 203.6 199.6 198.5 198.8 198.9 198.3 196 191.5 188.8 186.3 188.3 186 180.8 175.1 171.5 160 160.6 154.6 152.9 152.4 152 151.5 151.6 152.1 152.4 153.9 154.9 158.6 160.5 162.2 162.7 161.4 159.9 158.7 158.1 157.7 158.4 160 163.3 168 172.2 174.9 179 184.3 189.9 193.3 195.1 194.4 194.8 194.9 194.3 193.4 192.9 193 194.2 193.2 192.2 192.7 194.9 197.5 198 199.3 204.4 208 208.4 207.7
209.3 206.3 205.5 205.3 205.6 206.2 206.8 207.6 208.2 208.7 209.2 209.5 208.1 204.6 200.3 201 203.7 203.7 200.2 197.6 194 190.4 189.7 191.6 187.2 181 174.5 170.7 167.7 163.7 159.7 153.1 152.6 152.1 151.6 151.3 151.9 151.6 152.1 153.6 155 159.7 161.2 161.9 160.8 159.3 158.5 157.8 157.7 158.5 160.7 166.1 171.1 174.6 178.2 181.8 185.3 188.3 190 193 194 194 193.2 192.7 192.3 192.5 192 192.1 192.3 192.3 193.6 196.3 197.3 198.1 198.9 201 204.4 206.2 206.1
211 207.7 205.9 205.8 205.5 206 205.5 205.4 204.8 205.1 205.8 208.1 207 203.6 202 204.3 208 207.8 203.8 197.8 193.6 190 194.5 195.5 189.2 180.2 173.6 169.6 165.5 162.8 160.8 156.5 152.6 152.1 151.7 151.4 151.3 151.6 152.2 152.5 154.1 156.6 159.6 160.4 160.2 159.1 158.3 157.6 158.4 158.8 161.3 166.5 173.5 178.5 182.2 186 190.2 190.1 190.9 191.9 193.6 193.4 192.4 192 191.6 192.8 191.4 191.5 191.6 192.5 196.1 197.4 197.5 198.5 199.8 200 200.9 202.9 203.9
214.1 209.2 206.5 207.1 206.3 205.2 204.7 204.4 204.4 204.5 204.9 205.5 205.3 202 201.8 205.9 206.3 206.9 203.9 198.8 193.5 193.9 196.6 197.6 190.5 182.5 174.5 169.2 164.4 161 159.3 157.5 153.5 152.2 152 151.5 151.2 151.7 152.1 152.4 153.4 154.9 156.4 158 159.1 159.6 159.4 157.3 158.3 159.6 161.6 166.6 175 182.1 185.8 186.9 189.8 191.9 193.4 194 194 193.6 192 191.3 190.8 191.3 190.6 190.9 191.2 193.6 198.8 199 197.9 199 200.6 200 199.8 200.8 202.4
216.5 212.9 208.5 207 206.8 205.3 204.5 204.2 204.1 204.2 203.9 203 202.6 200.6 200 202.3 206.4 206.9 203.4 199.8 195.3 193 194.1 192.3 188.9 184.8 177.4 171.1 165.6 161.7 158.9 157 153.9 153 152.3 151.7 151.2 151.6 151.9 152.3 152.7 153.3 154.1 155.9 157.4 157.8 157.5 157.8 159.1 160.7 162.3 167.7 176.2 183.1 185.4 187.3 189 193.2 195.7 196.5 196.4 194.6 191.6 190.5 189.8 190.3 190 190.5 191.5 194.9 197.8 199.1 198.8 199.8 201 200.4 200.8 200.8 200.8
218.4 215.5 211.1 208.1 206.7 205.7 204.9 205.3 204.4 203.4 203.5 202.5 202.5 199.7 200.9 201.8 204.4 204.5 200.5 196.5 192.5 189.6 186.9 185.2 183.9 181.2 179.3 173.5 167.9 165 161.6 158.6 154.9 153.4 152.7 152 151.4 151.4 151.8 152.1 152.6 152.9 153.3 154.8 155.7 156.2 156.7 157.8 159.3 160.9 162.4 166.9 173.4 179 183.9 186.2 188.3 192.8 195.6 195.8 194.8 193.6 191.9 189.8 192.4 191.9 190.4 190.5 191.2 194.5 195.9 196.9 197.3 198.4 199.4 199.7 201 200.9 200.9
224.3 220 213.8 209.6 208 206.7 206.6 207.5 205.8 204.2 202.7 202.1 201.3 198.7 199.6 200.5 200.1 197.3 194.5 192.8 194.4 191.8 189.8 183.3 178.8 177.4 175.9 174.1 171.6 168.5 164.7 160.5 156.7 153.7 153 152.4 151.9 151.2 151.6 152 152.4 152.7 153.1 154.9 155.3 155.6 156.1 157.3 158.5 160.4 162.1 165.6 170.6 176.3 180.4 184.6 186.8 189.1 192.7 194 193 192.4 191.8 190.3 192.4 192.8 192 191.4 191.3 192.2 193.7 194.6 195.9 196.3 197.2 197.5 198.7 199.6 199.9
226.3 222.9 218.6 213.3 210 208 207.6 206.8 206 203.6 203.2 203.2 201.8 198.5 196.6 196.8 195.8 196.7 200.2 205.2 204.3 190.5 185.9 181.5 177.5 173.1 171.5 170.2 169.2 166.9 165.6 162.8 159.1 155 153.4 153.1 151.8 151.3 151.4 151.9 152.3 152.6 153.3 154.5 154.8 155.2 155.6 156.5 157.6 159.6 161.5 164.1 169.4 173.8 177.7 181 184.4 186.4 188.7 190.7 191.4 191.9 191.9 189.2 191.4 192.7 193 192.7 191.7 191.7 192.1 193.2 194.4 194.7 195 195.2 196.2 197.3 198.1
228.1 224.6 221 217 213.8 210.6 208.2 207.2 205.6 202.9 203.9 201.9 199.9 197.5 196.6 195.2 199 203.3 207.9 212 208.7 200 186.3 179.1 178.5 173 168.6 167.3 166.1 164.2 163.7 162 159.3 155.8 154.2 153.8 152.7 151.8 151.2 151.7 152.1 153 153.7 154 154.4 154.9 155.4 156.3 157 159.1 160.8 163.1 167 171.1 175.4 178.6 181.8 184.1 185.6 186.7 188.5 188.7 188.8 192.2 192.9 194.2 195.4 194.8 192.5 192.4 193.2 193.2 193 193.4 193.8 194.6 195.3 196.2 197
229.6 226.2 223.1 218.6 215 211.8 209.5 206.3 204.5 203.1 202.3 201.6 199.4 198.4 196.6 194.8 199.7 201.7 205.4 207.8 208.1 203.7 196.6 185.6 175.5 171.2 167.5 165.2 163.4 161.7 161.3 159.5 158 156.6 155.4 154.4 153.7 152.7 151.5 153.2 153 153 153 153.1 153.4 154.5 155.3 156.2 157.3 160 163.1 164.9 165.3 165.8 168.9 172.4 175.5 179.5 183.9 184.3 184.7 186.5 191.4 194.2 193.9 194.9 195.1 195 193.8 193.9 194.5 194.1 193.4 193.4 193.6 194.1 194.8 196 197.5
230.2 226.6 223.7 220.4 216.2 213.4 210.7 206.7 204.2 202.9 201.2 200.2 199.6 198.1 196.7 194.3 193.3 194.6 197.7 198.8 199.9 198 196.7 192.2 183.8 176.9 169 163.7 161.7 160.3 159.3 157.8 156.7 156.4 155.7 154.5 153.6 152.9 151.7 151.3 151.7 152.3 152.2 152.2 152.2 153.5 154.8 156 157.8 160.4 163.2 167 170 173.1 176.8 178 181.7 181 179.6 182.1 184.1 187.3 190.3 192.3 193 193.7 194.4 194.4 193.7 195.1 195.1 194.1 193.9 193.9 193.8 194 194.8 195.9 197.3
227.9 227 223.8 220.4 217.2 214.6 211.9 208.7 205.5 202.5 200.9 199.4 199.1 198.1 196.9 195.2 195 193.9 192.6 191.2 190.6 189.1 189.6 186.5 184 183.9 175.6 167.8 162.6 161 160.1 158.4 157.4 157.3 156.3 154.9 153.9 153 152.5 151.6 152.2 153.7 154.5 152.3 152.9 154.4 155.8 155.9 158.2 161.9 165 169 173.6 177.5 180.1 182.1 183.9 186.3 183.3 182.3 185.2 187.3 188.9 190 192 192.7 193.6 193.8 194.6 196.2 196.2 194.8 194.4 194.2 194.2 194.3 195.1 196 197.1
225.7 224.4 222.4 219.6 216.9 214.2 211.3 209.5 206.6 204.2 202.4 201.2 201.2 198.5 195.9 195.1 196.4 194.7 191.5 187.3 183.2 182.2 181.4 178.9 178.1 177.6 178.2 173.2 166.7 163.2 161.6 159.3 159.2 158.6 157.8 156.3 154.1 152.9 152.6 152.1 152.2 154.1 153.9 152.6 154 154.1 154 156 159.9 163.4 166.7 170.3 175.1 179.5 182.3 184.5 187 187.6 186.8 186 186.8 188.4 192.2 192.1 192.4 192.9 193.4 193.8 196.3 198.7 198.6 197.9 194.9 194.5 194.5 194.6 195.4 196.1 196.2
222.7 222.1 220.3 219 216.2 213.4 210.5 208.7 207.4 205.7 204 202.4 200.1 199.7 197.4 195.8 195.1 193.9 190.4 186.2 181.9 177.7 175.9 174 173.3 173.1 173.7 175.4 171 168.6 166 162.1 163.6 162.6 160.3 157.4 154.2 152.7 152.5 151.9 151.3 153.1 153.3 152 151.5 154.5 153.8 156.9 160.6 164.4 167.8 170.8 174.6 179.3 183.2 186.5 189 188.5 187.9 187.8 187.1 189 191.6 194 195.6 195.2 194.2 195.1 198.9 199.8 199.9 199 197.4 195.3 194.8 194.9 195.6 195.1 195.2
217.2 216.5 215.8 215.6 213.7 212.4 209.8 208.3 207.2 206.3 204.7 202.6 200.1 200 199.6 199.1 195.6 192 189 185.7 183.3 178.5 174.8 172.4 170.8 170.1 170.2 171.8 172.6 171.5 164.7 171.1 169.3 167.1 164.7 161.7 156.2 152.7 152.3 151.9 151.5 151.8 153.2 152 151.5 153.3 154.3 157.6 161.3 165.2 168.3 171.4 175.1 178.8 183.4 187 188.7 189 188.7 189.1 188.7 189.7 191.9 193.1 194.8 196.6 196.4 197.9 201 201.6 201.6 199.4 197.7 196.2 195.2 195.2 194.4 194 194.3
216.2 214.7 213.5 211.9 211.3 209.9 209.3 207.3 205.8 205.1 204.3 202.8 201.3 201.6 203.7 201.8 196.4 192.4 189.3 185.2 182.7 178.9 175.1 172.1 170.5 169.1 168.2 168.2 167.7 172.1 176.3 177.4 174.2 171.3 169.6 165.5 158.1 154.5 152.5 152.5 151.8 152.1 152.5 151.6 151.7 154.5 155.2 158.5 161.9 166.5 169.2 172 174.5 178.8 183.3 186.1 187.2 187.7 187.8 188.2 188.3 189.9 192.1 193.2 195.4 197.3 197.9 200 201.4 201.9 202 200.5 199.1 196.9 195.7 194.3 193.7 193.8 193.9
215.6 214 212.1 210.6 210 208.7 208.9 206.6 204.5 203.1 202.2 202 202.8 203.4 202.2 200 196.3 193.6 189.8 185.6 181.2 177.4 174.7 172.7 171.1 170.8 169.7 169.3 170.5 173 176.2 176.6 176.1 173.7 170.8 166.7 160.5 157 154.3 153.5 152.2 153.6 151.4 151.6 152 153.6 155.9 158.9 161.8 165.6 169.9 170.9 173.3 177.1 180.6 183.8 185.8 186.4 186.9 187.3 187.7 189.6 191.7 194.1 196.3 197.9 199.3 202.1 202 202 201.2 200.8 200.3 197.5 195.6 194.3 194 193.7 193.7
213.1 212.8 211.6 209.9 210.3 209.5 207 205 203.4 201.5 200.3 199 200.6 200.5 198.6 196.9 194.7 192.6 189.2 185.7 181.3 177.7 175.3 174 172.8 171.7 172.1 173.2 174.8 176.6 177.6 177.4 176 174.6 171.7 166.4 162.4 159.3 156.3 153.4 152.2 151.9 152.4 151.7 152.3 153 156.2 159.7 161.6 164.8 168.9 169.4 170.9 174.1 177.2 180.4 183.1 184.4 185.7 186.4 187.3 188.4 191.4 194.8 196.7 198.9 200.9 203.2 202.7 201.9 200.9 200.7 200.6 198.5 195.9 194.6 194.3 194 193.7
210.3 210.4 210 208.4 208.6 208.4 207 204.9 202.4 200.2 198.1 195.9 194.7 194.2 194.4 193 191.4 188.7 186.6 184.7 181.9 178.5 176 174.8 175.3 176.4 179.3 180.3 181.1 180.8 180.6 179.4 178.6 175.7 171 166.1 163 159.7 157.6 154.9 152.4 152.1 151.5 151.5 151.9 152.3 156.9 159.8 161.7 163.3 166.7 168 170 172.3 174.4 177.7 181.4 183 184.2 185.3 186.2 187.4 191 194.1 196.7 198.4 200.4 203.1 203.8 202.6 200.8 201.1 201.9 200.5 198.2 196.9 196 195.5 194.9
207.7 208.3 207.1 206.2 206.8 206.9 205.9 205.1 202.8 200.7 198.1 195.1 192.9 191.2 190.2 188.2 185.8 184.6 182.8 181.7 180.6 178.6 176.8 177.7 179.9 182.7 187.2 190.3 190.4 189.1 187.3 184.6 183.6 180.2 173.1 166.1 162.6 159.2 157.1 155.4 153.2 152.4 151.8 151.3 151.6 152.6 156.7 159.6 161.3 163.1 165.1 167.1 169.6 172 173.6 176 179.7 181.4 182.7 183.9 185.2 186.6 189.1 192 195.5 198.4 200.4 202.2 202.8 201.8 201.3 201.4 202.9 202.1 200.2 199.5 198.5 197.6 196.9
205.2 205.7 204.2 204.1 204.6 205.2 204.5 204.2 202.4 200.6 197.8 195 192.3 189.7 186.4 183.8 182.2 181.5 180.7 179.9 179.2 179.4 180.6 182.8 189.3 190.6 196.5 198.7 197.3 197.2 196 193.8 188.5 182.1 175.1 168.4 162.5 158.9 157.2 155.6 154.1 153.1 152.3 151.5 152.8 153.7 155.9 158 159.6 162.2 164.9 166.8 167.8 170.5 173.6 175.4 177.2 179.7 181.8 183.1 184.4 185.8 188 189.8 193.3 195.9 198.2 200.4 202.5 202.5 201.7 202.9 203.8 201.9 202 202.2 201.3 200.3 199.3
186.9 197.3 201.4 201.9 202.5 204.8 208.2 205 201.4 199.3 196.9 194.9 192.5 189.6 187.4 186 185.7 185.7 184.4 183.2 183.1 183.8 186.3 190.3 197 199.8 203.8 206.2 204.4 204.1 203.4 201.3 195.1 188.9 179.4 172.5 165.7 161.4 157.9 156.1 154.8 154 153.2 152.4 150.5 154.3 155.6 156.4 158.6 160.9 163.9 165.4 167.4 169.3 172.6 175.3 177.1 179.5 180.9 182.2 183.5 184.9 187.1 189.5 191.9 194.1 196.4 198.5 200.6 201.8 203.1 203.9 204 202.9 203.3 203.8 204.2 203.1 201.8
184.8 184.8 191 196.2 199.9 204.2 206.4 204.8 201.9 199.3 197.3 195.4 193.5 191.8 191.5 193 192.5 191.9 192.1 193.1 191.1 192.6 195 199 204.1 205.5 206.9 209 209 209 208.3 205.3 202.7 196.2 187.8 177.2 169.1 165.2 161.2 157.3 155.9 154.9 154.1 153.6 152.9 153.3 158.7 162.2 169.8 171.6 172.1 171.5 169.7 167.7 171.4 174.4 177.1 178.6 180 181.3 182.7 183.9 186.3 188.4 190.3 192.3 194.5 196.6 198.7 200.1 202.8 203.1 203.2 203.3 203.8 204.4 205.1 205.2 204.2
184.8 184.8 185.7 192.1 196.5 201 203.1 203.8 206.1 200.2 197.5 195.7 193.9 193.3 194.6 197.2 199 199.1 199.2 199.2 201.4 203.7 207 208.9 208.5 209.1 210.2 211.4 212.4 212.8 213.3 211.3 209.3 205.6 194.2 183.9 173.8 168.4 164.4 160.7 157.7 156.4 155.2 155.2 153.4 152.2 155 152.8 156.8 156.8 158.9 162 170 166.8 170.4 174.2 177.3 177.7 179.2 180.5 181.8 182.9 184.9 186.6 188.6 190.5 192.6 194.7 196.7 198.9 200.7 201.7 202.7 203.2 203.9 204.7 205.5 205.7 205.2
