app/static/ascii/NO34.asc
ncols 200
nrows 200
xllcorner 330000
yllcorner 740000
cellsize 50
[rows 144 to 179 of 200, columns 81 to 161 of 200]
215.9 211.6 210.7 213.7 217.4 216.3 214.4 213 214.3 216 214.2 210.9 206.3 195.3 204.9 219 222.9 236.5 247 257.6 265.7 270.5 275.8 280.2 283.5 285 290.3 296 302.9 304.1 307.2 305.9 305.3 307.1 308.1 311.2 316.1 319.9 321.7 318.7 308.4 303.3 308.2 317.6 314.8 308.6 299.5 288.7 278.5 269.3 259.2 249 239.4 234.8 235.2 243.6 242.6 239.8 234.9 230.5 227.2 224 220.7 218.8 217.3 214.7 212.5 210.3 207.7 205.4 203.4 202.3 199.4 194.6 188.5 194.5 194.8 195.3 194.6 194.6 196.9
214.6 216 223.1 228.5 226.4 224.5 221.5 219.4 217.9 218.1 218.1 214 208.1 192.8 207.3 214.8 223.8 242.6 254.8 263.5 270 275.2 280.1 284.8 286.1 288.1 298.6 305.7 312.3 315.9 318.5 317.3 315.9 314.6 317.5 318.4 321.7 323.7 324.5 320.6 312 302.5 314.6 314.8 312 306 295.9 286.5 276.9 267.9 258.5 249 240.5 235.3 236.6 240.7 237.2 232.4 227.6 223.7 220.8 218 216 214.7 214.2 212.4 210.8 208.6 205.8 203.7 201.4 199.4 193.6 185 197.1 196.9 197.1 197.4 197.5 198.5 202.1
219 222 227.8 233.9 232.3 230.3 227.7 225.3 223.2 220.9 220.3 215 208.7 194 204.7 210.5 229.8 247 260.7 270.9 277.8 282.6 286.3 288.7 287.9 288.7 305.6 316.8 322.1 325.1 326 324.9 326.6 328.1 327.5 327.6 327.1 324.7 320.1 315.1 308.7 297.5 310.6 316.1 310.2 303.4 294.5 283.6 274.1 265.7 256.8 249.3 241.6 236.7 236.8 235 231.6 227.3 222.3 219 215.5 213.7 213.4 213.6 214.1 213 210.9 208.3 206.1 204.5 202.6 199.5 188.1 198.4 200.5 199.9 199.4 199.6 200.6 202.9 207.3
222.1 223.8 230 234.1 233.4 230 229.2 228.1 226.3 223.9 222.1 216.4 209.1 199.5 197.4 207.9 221.2 237.9 259.3 269.7 276.3 283 287.9 291.1 291.6 288.9 297.4 316.4 322.3 326.4 329.9 331.8 334.3 336.8 336.9 333.2 329.4 323.4 315.4 309.5 305 294.5 297.7 299.2 296 290.4 282.2 275.4 267.7 261.5 254.4 246.7 240.7 237.1 235.2 231.7 227.4 223.3 219.6 216.1 213.4 212.4 213.5 215.7 216.2 215.2 212.7 210.9 208.4 206.6 203.3 194.2 193.8 201.2 203.7 203.3 203.3 203.2 204.2 206.2 210.1
224.2 227.1 230.9 231.8 230.9 229.1 231 229.2 225.4 223.5 220.8 214.5 208.4 206.1 204.3 203.2 220.7 234.6 248.7 259.3 266.7 272.5 278.8 284.7 288.3 289.3 290.1 299.3 318.6 328.1 327.2 330.8 337.2 335.5 331.8 329.1 322.8 316.3 309.8 303.1 298.1 293.8 291.9 292.9 286.9 279.2 271.3 264.9 258.5 252.4 246.5 241.2 237.8 236.2 233.8 229.6 225.5 221.5 218.5 215.3 212.8 213 217.1 219.8 219.4 218.1 215.2 212.9 210.9 208.2 200.1 191.8 205.3 205.2 206 207.5 208 208 209.1 210.9 214.8
227.3 231.7 233.5 233.7 230.9 229.3 229.4 226.3 222.3 219.4 216.1 211.8 207.6 202.8 207 203 212.4 222.5 230.9 238.7 250.1 256.5 264.2 269.9 276.1 282.4 286.7 290.1 297 306.9 313.7 317.6 320.7 322.7 324.5 322.7 318.2 311.2 304.4 297.5 290.4 285 276.6 276.5 274.6 268.4 262.5 257.1 250.8 244.2 235.9 232.7 231.3 231.5 231.3 227.6 223.8 220.5 216.8 213.9 212.4 213.3 218.3 221.3 221.2 220.1 216.6 214.1 211.4 200.5 193.6 203.4 208.4 208.1 207.8 208.7 211.2 213 214.6 217.4 221.4
234 237.8 237.4 235.5 232.3 230.2 227.8 223.7 220 216.6 213.1 210.3 208.5 207.4 209.4 209.9 204.8 212.9 218.9 226.4 236 245.9 252.1 259 265.3 272.3 279.6 286.5 295.8 303.4 307.5 313.6 318.3 323.9 327.4 324.1 316.5 309.3 302.9 295.6 286.5 279.4 270.9 264.6 261.7 256.9 251.9 247.5 243.4 237.6 232.9 233.9 236.2 233.3 226 222 220.6 218.4 215.2 213.1 212.1 213.8 217.5 219.6 220.2 218.8 215.5 213.7 203.1 194.8 204.9 210.4 210.3 210.1 209.8 210.2 212.2 215 218.8 223.9 228.1
241.9 242.6 241.6 239.8 235.4 232.6 229 226.8 222.8 218.5 214.1 212.3 211.7 209.4 212.3 214.3 215.3 212 210 218.8 227.6 239.7 247 256.3 263.5 271.4 277.6 284.6 291.1 298.4 309.2 314.3 323.5 324.6 323.2 319.7 312.6 306.3 299.7 294.2 286.6 278 270.6 262.2 253.3 248.7 244.7 240.4 236.5 233.1 231.8 235.7 235 231.4 227.4 223.6 218.5 215.1 213.4 212.6 211.7 214.6 216.1 218.2 218.7 217.4 214.7 213 205.8 194.7 209.5 211.8 212.1 211.8 211.6 212.1 214.1 217.5 223.5 229.3 234.9
247.4 247.2 246.3 242.9 238.5 235.6 232.9 229.2 225.4 221.3 217.8 215.5 213.6 210.9 215 217.5 219.1 217.4 214.2 216.9 228.1 235.9 242.1 249.6 258.8 268.2 277.7 283.9 291.7 300.6 305.2 312.1 311.5 310.7 312.1 308.2 304.1 299.5 294.5 289.3 281.6 274 266.3 259.8 252.4 246 241.1 237.2 234.4 232.4 232.7 236.1 233.7 229.5 225.9 222.3 218.2 215 212.5 210.9 211 214.4 215.8 217 216.8 215.5 213.9 212.1 208.3 196.3 210.9 212.9 213 213.7 213.2 213.7 216.3 221.4 229.1 236 241.7
250.5 250 248.2 244.4 241.7 240.1 237 234.2 229.5 225.2 221.4 218.9 215.7 213.1 219.9 221.1 221.3 220.2 218.5 213.7 220.2 230.3 237.5 242.5 249.5 257.8 266.9 276.1 283.5 290.6 295.3 294.8 294 296.5 296.2 294 290.4 286.6 281.8 276.1 271.2 266 259.3 252.9 247.1 242.9 238.6 235.7 233.3 232.6 232.6 234.1 231.6 227.7 223.7 220 217 214.3 212.2 210.5 209.6 211.7 213.5 214.6 214.9 213.7 212.7 210.9 198 200.7 211.3 212.4 213.3 213.8 214 215.1 219.2 224.9 235.6 242.7 249.6
255 255 251.9 248.1 245.1 243.8 240.4 236.4 231.7 228.5 225.1 221.8 218 216.2 222.1 224.3 223.9 223 221.3 218.9 216.9 223.6 230.5 236.8 242.2 248.6 255.3 263.7 269.3 274.3 281 287.9 297.1 296.8 295.1 292.2 287.6 282.1 277.5 273.8 268.9 261.3 253.6 248.1 244.3 241.1 238.4 235.1 232.9 234.1 238.5 234 227.9 223.7 221 218 215.8 213.7 212 210.3 208.4 208.7 210.9 211.9 212 211.1 209.8 202.4 199.6 209 210.6 211.5 212.5 213.6 214.7 216.8 220.8 226.5 238.3 244.8 252.4
263 264.4 260.2 254.3 250.3 248.8 243.9 237.3 233.7 230.7 227.6 224.9 220.8 220.4 224.7 227.3 227.9 226.3 224.6 222.8 221.4 223.6 225.4 229.3 234.5 240.2 248.2 257.8 266.4 271.4 277.9 282.9 288.3 290 291.3 290.2 286.5 281.3 275.2 270.5 264.4 261.5 256 249.5 245.6 242.3 238.9 235.8 234.2 238.1 238.6 234.9 230.4 224.4 220.5 217.5 215.2 213.1 211.8 209.8 208.3 207.1 207.5 209.2 208.9 204.8 201.3 199.4 204.5 208.4 209.9 210.8 211.7 212.8 214.5 217.4 221.8 227.2 237.8 243.9 255.3
269.4 268.2 264.1 257.7 253.4 248.6 242.6 236.7 232.8 229.7 226.8 225.4 223.5 224 228.8 235.7 233.9 232 229.1 226.6 224.5 221.6 221.7 224.2 228.9 235.1 243.5 253.7 266.5 278.9 280 281.1 286.2 289.1 288.2 289.1 287.8 286.1 282 276.4 269.3 264.6 257.9 252.3 248.7 245.3 242.1 239 238.5 241.8 239.9 234.9 230.6 226.5 222 217.8 215.1 212.7 210.8 209.2 209.5 210.2 208.7 204.3 203.1 202.1 200.8 202.7 207.2 208.4 208.9 209.9 210.9 212.5 214.5 217.5 221.2 226.7 232.5 241.9 250.8
274.9 271.7 266.3 259.5 253.3 247.2 240.8 235.7 230.5 233.3 231.8 229.7 226.3 227.6 232.9 238.7 242.4 239.9 237 233 229.6 227 224.3 223.2 226.7 233.3 240.8 251.6 260.1 268.5 274.7 280.9 286.6 291.3 291.6 290.7 291.4 292 295.7 291.4 284.9 276 265.6 258.8 254 250.7 248.4 245.8 244.9 246.4 243.3 237.7 231.9 227.5 221.7 218 215.2 212.9 211 209.5 210.1 209.6 207.8 204.5 204.3 205.3 206.1 205.1 206 207.1 208.5 209.5 210.7 212 214.5 217.3 220.4 225.2 231 240.8 250.1
277.9 273.8 267.2 259.7 253.3 247.2 240.8 235.4 235.4 237.7 236.4 233.7 230.7 231.9 236.4 241.5 246.7 245 242.4 240.1 235.8 232.4 229.2 225.2 225.2 230.9 238 246 253.3 261.2 268.6 276.2 284.2 290.3 290.7 293 294 296.4 298.1 296.8 291.5 284.8 278 269 265.6 261.5 257.4 252.9 250.7 249 245.6 239.8 233.8 228.6 223.4 219.2 216 213.7 211.5 210.5 210.6 208.8 206.1 206.2 206.2 206.6 206.9 206.6 206.5 206.5 208.7 208.8 210.6 212.2 214.3 217.2 220.2 225 231.8 239.7 252.7
281.8 275.2 266.8 260 254.5 247.2 241.6 235.7 239.6 242.4 240.7 238.2 236.6 236.7 239.9 244.3 252.2 248.4 246.3 243.5 240.3 236.1 233.1 230 225.3 232.2 240 247.6 252.6 258.3 266.3 275.5 284.2 289.7 292.5 294.8 296.9 299.2 301.1 300.1 293.5 286.9 280.9 275.8 273.4 269.8 264.3 259.2 255.3 252.4 248.1 241.8 235.5 230.5 226.2 221.6 217.6 214.8 212.1 211.7 211 208.4 208.9 208.6 207.4 207.8 207.9 207.7 207.4 208.1 209.2 210.7 212.4 213.9 214.6 217.4 221.3 226.8 233.6 239.6 250.1
282.6 274.3 266.9 260.5 253.3 248.9 243.2 238.4 245.4 247.4 245.5 244.8 245.4 245.1 246.4 250 254.4 252.9 251.8 248.7 244.5 239.8 236 233.2 227.7 233.4 241.1 248.2 252.6 260 268.7 278 284.9 290.3 294.6 299.8 302.1 304.5 305.7 303.6 298.2 292.8 286.9 281.7 278.8 277 271.4 265.6 260.7 257.5 251.5 244.5 238.3 233.5 228.4 223.5 219.2 216.1 213.9 212.8 209.5 210.5 211 209.9 209.3 209.2 209.4 209.5 209.5 209.5 210.6 211.7 213.3 215.1 216.6 218.5 223.6 228.7 233 237.6 243.9
280 272.4 265 261.7 259.4 255.9 248.9 241.9 250.5 251.8 249.6 253.2 256.6 258.2 260.1 259.4 261.9 262.7 259.9 255.7 251.2 246.3 241.1 236.4 232 230.5 238.8 245.7 252.4 258.6 267.4 278.3 286.3 293.5 300.2 304.7 306.7 308.2 307.5 304.1 299.7 295.9 291.9 287.6 284.4 281.1 276.4 270.1 265.1 261.4 255.1 248.5 242.3 237.7 231.7 226.1 221.6 217.9 216.1 214.4 212.2 213.4 213.5 212.2 212.7 212.2 212.6 212.6 213.1 214.1 214.6 215 216.2 217.2 218.5 218.8 224.5 228.4 232.3 236.5 242.5
279.8 273.2 267 268.3 263.9 260.3 253.3 248.1 254.4 255.5 253.4 255.6 258.6 260.3 262.8 267.8 268.6 268.5 266.6 262.4 258.3 253.8 247.8 242.3 237.8 231.3 235.5 240.4 245.8 256.5 267.2 278.2 288.4 296.4 305.1 310 312.2 311.1 307.5 302.3 299.6 297.8 295.4 292.6 288.4 284.3 278.8 272.7 267.2 262.3 256 250.5 245.1 240.1 234.4 229.6 225.8 221.7 219.6 215.2 214.8 215.5 216.1 215.8 217.7 218.2 218.8 219.8 220.5 220.6 221 221.2 222.1 222.4 221.7 224 226.6 227.3 232.1 236.3 242.4
285.3 277.5 273.1 274.4 269.4 262.7 257.7 254.1 252.1 254.4 256.3 260.6 265.5 266.4 263.9 265.3 269.7 273.8 274.4 271.2 266.4 261.3 255.8 250.1 244 238.8 238.5 238.3 246.1 257.5 269.3 280.4 291.2 299.7 306.7 312.5 314.3 311 306.7 301.7 298.7 295.7 294.6 292.4 288.3 284.6 278.9 273.4 268.6 262.9 256.6 251.3 246.5 241.4 235.5 231.3 227.6 224.6 218.2 215.3 219.5 220 220.8 222.1 223.3 224.6 227.3 229.2 230.3 230.6 230.2 230.6 230.6 229.1 228.6 225.9 230.9 225.7 232.6 237.7 242.6
292.6 285.2 285.6 281.3 273.1 267.2 263.8 258.1 254.8 255.5 258 262.7 273.1 275.8 273.6 271 268.8 272.4 275.5 271.5 272.9 269.5 263.2 257.3 251.1 244.3 241.1 237.1 248.1 257.6 269.4 280.1 290.7 299.3 304.7 309.9 309 307.4 306.7 302.3 298.1 295 293.2 289.5 284.4 279 274.6 272.6 269.1 263.1 256.1 251.7 247.3 241.7 236.3 232.6 229.2 225.6 217.4 222 223.6 225.2 226.9 228.9 230.6 232.2 234.6 236.6 237.3 237.1 237 237 236.4 236.1 235 233.5 235.3 235.6 234.1 237.1 242.8
299.5 292.9 301.9 299.7 288.8 276.9 268 261.3 256.3 255.9 259.9 265.3 271.8 275.9 280.9 284.3 279.9 276.8 274 272.4 271 267.7 262.6 258.8 255.1 250.7 245.2 238.1 246.3 253.4 263.2 273 283 291.7 296.7 299.3 301.3 302.5 300.3 299.3 297.5 293.4 289.4 283.2 278.2 274 271.8 269.9 266.3 261 254.5 250.9 246.6 242 237.6 234.1 230.7 226.3 221.4 226.8 228.6 230.7 233 235.3 237.4 239.3 241.9 243.3 243.8 243.5 242.7 242 241.6 241.4 240.3 239.7 239.7 240 239 236.7 241.8
311.8 309.4 311.2 306.4 297.1 286.5 276.8 265.7 259.7 258.5 263.8 271.6 276.4 283.4 289.5 291.5 289.1 286.2 281 278.6 274.8 270.6 262.8 258.5 255 251.8 248.7 244.9 241.9 247.4 255.8 264.9 273.8 279.7 285 288.9 291.3 294.3 295 292.9 290.2 286.3 280.2 277.1 273.2 270 268.8 266.7 261.7 255.9 252.1 248.6 245 241.6 237.6 234.5 230.7 226.3 221 230.2 233.2 235.9 238.1 239.6 241.6 243.9 247 249 249.4 248.6 247.2 246.6 245.8 245.7 244.1 244.2 244.1 244 243.3 242 240.2
320.3 318 320.9 316.3 303.3 294.9 283.7 274.7 268.9 267 265.5 269.2 276.4 286.1 296.2 297.1 294.8 291.2 287.3 284.9 282.8 279.6 274.4 265.3 259 253.7 249.7 244.9 242.9 246.9 257.1 266 273.7 278.6 281.7 284.8 288.5 292.3 294.9 292.1 285.6 280.9 275.9 271.5 267.9 265.9 263.8 260.9 256.6 252.5 249.4 246.5 243.2 240.3 237.7 234.7 228.8 231 227.2 233.6 236.8 240 242.2 243.4 245.5 248 250.2 252.5 253.3 253 251.4 250.1 249 249.7 248 248.6 247.6 247 247.2 247.1 245.7
328.3 332.3 328.7 325 313.4 302.5 292.6 280.8 273.3 269 267.7 272.2 282.4 298.1 302.1 303.2 301.9 297.6 293 289.8 287 284 279.2 271.7 265.7 260.1 253.2 246.8 244.4 252.8 260.6 266.7 275.1 280 282.9 284.3 287.5 293.9 294.9 291 285.8 281.7 275.2 269.3 265 262.7 259.8 256 252.7 250.7 249 246 242.6 239.5 237.3 234.3 234.9 232.4 231.9 236 239.8 243.2 245.3 247 249.7 252.1 254.3 256.3 257 256.5 255.2 254 253.4 253 252.3 252.8 252.5 252.3 252.4 251.4 249.6
333.1 338.8 338.2 335.7 322 311.2 301.2 288.2 280.1 273.3 269.7 275.3 286.4 298.5 309.7 309.2 306.2 302.5 297.8 293.1 288.4 285.3 280.3 274.8 268 263.7 257.2 251.6 249.3 251.8 260.4 265.5 269.3 272.8 276.5 281.6 285.6 288.3 288.7 284.3 279 273.9 269.7 264.2 260.4 257.2 255.5 252.9 250.7 250.4 249.5 245.1 241.5 237.8 238.2 238.1 237.3 231.3 234.6 238.4 242.3 246 248.4 251.5 256.3 259 260.1 261.4 261.7 260.8 259.3 257.5 256.7 256.4 255.6 256.7 256.8 256.8 256.5 255.8 253.4
339.7 345.3 346.5 345.9 333.2 320.1 307.4 293.7 287.6 281.2 274.9 278.8 287.3 300.1 311.3 312.5 309.7 305.7 300 293.8 288.3 284.2 279.7 271.9 266.8 262.5 258.3 254.9 252.6 250.2 254.7 260.2 266.6 270.2 273.1 278.1 282.2 285 284.7 278.8 272.9 268.5 263.1 258.2 255.3 253.5 250.8 249.4 248.2 246.8 246.1 243.2 242.6 242 241.4 240.3 239.2 230.8 236.8 241.3 245.6 250.1 253.3 258 262.4 267 268.6 268.2 268.2 266.4 264.2 261.8 260 259.6 259.8 260.4 260.5 260.5 260.2 259.6 258.2
341.9 348.4 349.1 345.2 335.5 323.9 313 303 294.4 286.8 281.1 280.9 286.9 300.4 311 317.5 313.2 306.4 300.7 296.1 291.3 285 281.1 274.5 268 264.1 260.8 257.1 253.3 252.9 252.7 256.3 260.7 265.2 272.5 280.8 284 283.3 280.7 276.1 270.7 273.3 271.3 266.2 263.8 261.2 258 254.2 250.8 248.5 246.5 245.9 247.1 246 244.4 243.1 242.1 230.3 239.7 245 250.2 254.7 260.6 265.4 269.9 273.6 275.5 275 273.3 271.1 268.3 266 263.7 262.7 261.8 263.1 263.8 263.9 263.3 263.5 262.2
335.8 338.7 344.5 341.3 334.8 326.5 316.5 308.6 299.8 291.5 286.3 286 292.1 298.7 305.7 314.5 317.5 314.8 306.7 300.8 293.4 287.6 282.7 278.1 270.9 267.5 263.6 259.7 256.2 254.1 255.3 256 259.3 263.4 270.1 280.5 288.9 294 293.6 285.9 284.5 284.3 283.8 278.5 274.6 272.1 268.6 264.5 258.6 256.4 254 252.3 250.4 247.8 246.2 244.6 242.4 232.5 243.9 248.2 253.6 259.9 266.2 269.5 273.5 276.6 277.8 277.1 276.2 274.5 272.4 269.7 267.5 266.1 265.5 266.1 266.6 267 267.3 268.2 266.4
318.4 320.7 330 331.2 330.9 324.1 316.9 310.3 305 293.4 287.1 285.2 289 297.2 311.9 324.2 326.5 320.5 313 305.7 299.4 291 284.6 277.6 273.1 268.7 264.5 260.2 259.9 260.1 260.1 260.3 261.2 264.2 270.6 278.6 285.7 292.7 295.3 293.5 293.4 298.3 297.5 291.9 287 284.1 279.4 273.6 268 266.9 264.6 265.2 258.3 253.7 250.5 246.6 244.2 235.2 246 250.4 256.9 264.2 270.3 274 276.9 279.3 280.1 279.9 279.1 277.5 275.1 272.5 270.5 269.4 269.6 269.2 269.7 270.1 271.6 273.2 271.1
300.8 310.7 317.1 327.5 327.1 320.4 315 305.3 297.4 294.5 291.6 289.3 292.3 303.4 320.4 330.1 335.5 332.7 324.8 316.8 307.4 298 288.7 283.2 278.1 272.3 266.3 263.1 263.5 263.6 264.5 265.8 268.1 270.4 276.2 283 288.1 292.3 296.9 296.1 302.1 309.3 309.2 304.2 300.1 293.6 292 285.1 278.5 275.5 273.5 269.7 264.9 259.7 254.2 249.3 246.5 238.3 247.6 252.4 258.6 266 272.7 275.7 279.8 282.3 283.8 284.6 283.1 280.1 277 274.1 272.3 270.9 270.8 272.2 273 274 275 275.7 275.1
290.3 305.7 314.4 319.2 318.6 318.3 315 306.1 298.7 295.9 294.5 293.1 301.2 316.6 334.1 337.2 342.5 341.5 335.1 328.4 319.4 311.4 302.4 291.5 284.3 278.4 272.2 268.1 268.4 267.2 265.9 269.5 274.2 273.5 280.2 288.5 295.2 299.5 301 303.3 310.2 315.2 315.2 315.2 309.1 304.5 300.1 293.6 288.9 282.4 275.9 272.9 268.4 261.8 255.4 250.9 247.7 241.9 247.8 251.2 258 266.4 272.6 278 282.2 288.3 288.8 287.9 285.9 282.8 279.3 276.3 274.3 273.2 272.5 274 275.1 276.7 278.1 278.9 278.5
289.6 304.3 313 316.4 320.7 320.2 315.1 308 304.7 305.2 304.1 309 315 328.5 338.2 343.6 345.3 343.7 338.3 331.1 324.9 317.4 309.3 302.3 293.6 285.6 279.3 276.2 276.3 274.1 271.7 268.3 272.8 273.3 283.2 293.6 300.5 305.8 305.4 306 313.4 318.5 320.9 319.2 315.7 309.1 303.4 298.4 292.5 287.8 281.4 275.9 270.2 262.2 256.3 251.7 248.9 245.3 248.1 251.1 257.9 265.7 273 279.5 287.8 292.5 293.8 293.7 291.2 288.1 283.5 280 277.3 275.5 274.8 276.9 279.9 281.9 282.9 282.9 282.1
284 297.9 308.8 318 325.6 328.2 323.4 314.2 312 311.3 313.5 318.6 326.6 344 350.9 354.6 354.8 347.6 341.5 336 330.1 322.5 316.2 307.6 300 292.3 285.9 283.5 282.5 283.9 280.2 277.8 275.8 274.6 283.2 299.5 309.8 311.2 309.5 305.4 310.9 315.8 315.5 313.3 310.1 307.3 302.4 297.4 292.7 287 282.8 277.8 269.2 262.1 256.8 252.7 250.7 247.7 249.9 253.7 260.5 268.4 277.6 285.1 293 300.9 299.1 297.9 295.2 291.4 287.5 283.9 281 277.8 278.2 281.8 285.4 289.8 288.8 288.5 286
279.7 293.7 309.7 320.8 330.4 336.8 337.4 334.7 322.7 318.5 321.5 327.1 339.4 350.9 354.8 354.8 354.7 355.5 354.9 349.2 335.9 330.6 325.4 317.4 309.3 300.4 292.5 290.5 287.8 286.4 284.8 283 276.3 276.1 283.3 296.6 312.7 315.6 313.7 308.3 308.7 309.8 311.3 313.6 310.2 305.3 300.2 293.2 288.2 287.1 284.6 275.7 266.3 260.1 256.2 253.2 250.3 247.4 253 258.6 266.9 276 283.9 291.9 300.6 308.3 307.2 304.8 301.4 296.5 291.4 287.8 284.5 280.5 282 285.8 291 293.7 294.7 295.2 292.9
274.3 292.4 302.4 323 330.6 337.1 341.5 339 340.9 333.5 332.6 334.6 343.5 352.3 354.5 355.1 354 353.1 349.8 345.4 342.9 345.8 340 334.3 322.8 309.5 301.7 297 291.5 292.9 292.3 285.9 278.4 275.8 284.8 293.1 305 311.8 313 312.5 311.9 313.3 312.4 307.7 300.1 294.7 290.1 287.8 286.9 285.8 281.4 271.8 263.2 258.9 255.3 252.5 249.6 252.2 258.1 266.4 275 283.7 291.7 297.7 307 312.8 314.5 312.6 308.6 303.1 297.7 292.2 287.7 285.7 286.7 292 298.1 301.5 302.4 302.9 301.5
