app/static/ascii/NO35.asc
ncols 200
nrows 200
xllcorner 330000
yllcorner 750000
cellsize 50
[rows 0 to 34 of 200, columns 78 to 155 of 200]
302.4 297.8 290 288.6 287.6 288.9 292 294.1 296.8 297.8 297 295 291.8 289.6 286.9 281.3 281.3 287.8 285.2 276.7 261.1 277.5 286.1 294.4 302.1 310.4 320.1 328.7 334.4 335.2 326.9 314.9 301.7 289.5 279.3 272.2 263.5 257.8 253.9 250 248.4 245.7 242 237.1 231.3 225 220.4 220.3 218.6 215.9 200.1 182.7 163 154.9 152.2 147.2 161 172.6 183.4 195.4 206.6 214.2 220.2 225.9 231.2 234.4 236.5 238.3 239.8 241.4 243.1 242.2 238.8 236.2 233.3 231.7 229.1 226.6
309.1 303.2 298.2 288.9 287.8 285.9 285.4 285.5 287.4 289.5 288.6 287.6 285.6 284 279.8 283.3 281.9 287.3 285.4 265.4 271.2 286.6 295.3 303.4 310.1 318 326.2 333.6 337.4 335.2 324.1 309.8 295 283.7 272.8 264.8 257.6 251.1 244.4 240.8 239.4 236.9 234.8 232 227.3 222.6 217.9 218.8 215.1 213 208.3 186.2 163.2 154.9 151.9 150 156.5 171.2 181.5 190 201.2 209.2 215.8 221 224.8 228.4 230.3 231.7 232.5 234 233.9 232.4 230.5 229 228.2 226.9 224.1 221.4
316.6 310.6 303.4 297.8 292.6 286.7 283.3 282.5 281.8 282 282.2 281.7 278.9 278.6 277.2 275.6 275.7 278.2 271.8 271.6 285.5 296.6 304.8 312.1 318.1 325.5 332.5 336.8 334.9 326.9 315.6 302.3 288.3 277.6 269.1 261.3 253 246.2 238.8 234.2 229.7 227.1 226 226.9 224.2 219.9 214.7 214.5 211.2 207.6 207 186.5 165.9 154.9 151.5 149.7 153 167.7 176.5 184.8 197 205.9 212.6 217.3 220.3 222.9 224.9 226.8 227.1 227.2 226.9 226.1 225.3 225.4 223.1 222.1 219.2 215.7
323.7 316 308.6 300.8 296.2 290.6 285.1 281.9 280.9 278.7 278.5 277.6 276.9 275.7 274.7 271.1 270.6 274.9 275.3 284.3 296.2 305.1 313 319.9 326.5 333.2 338.3 335.9 328 320.3 308.9 295.4 285.1 272.9 265.1 256.4 249.6 243.2 237.2 233.8 230.4 225.9 221.3 218.2 219 215.8 210.4 208.5 206.3 202.8 200.6 186 170.2 158.8 151.2 148.5 147.7 146.6 161 176.3 193.5 201.9 209.7 214.2 216.6 218.3 219.8 220.9 221.5 221.7 221.6 221.3 220.5 219.4 218.3 216.3 214.1 211.7
332.2 323.2 316.2 307.4 301.3 296.2 290.6 285.2 281.4 280.2 278.5 277.6 276.6 274.5 273.6 277.6 277 279.8 280.8 291.4 303.8 312.5 319.4 325.5 331.4 337.8 338.8 334.6 326 314 301.9 290.4 279.5 270.4 261.1 252.9 247.3 242.1 237.8 235.6 233.1 229.4 224.8 220.2 211 210.9 208.5 206.4 202.6 199 196.6 193.3 190.5 180.1 155.1 150.5 151.1 161.2 152.8 147.7 186.2 196.9 204 209.1 212.1 214.5 215.8 216.7 217.3 217.2 217.1 216.5 215.2 214 212.3 210.6 209.5 207.7
339.4 329.4 322.6 313.8 306.9 301.2 295.8 290.4 286.8 283.8 281.4 279.8 280.3 280.4 280 280 276.9 280.3 287 295.3 307 315.3 321.5 327.3 332.7 335.1 333.8 330.2 321.6 310.2 298.2 286.4 276.1 266.6 259 251 244.3 240.9 237.4 234.8 232.2 227.3 223.5 219.5 213.6 203.1 201.7 204.4 206.1 202 197.9 193.7 190 185.4 171.9 160.8 158.2 176.8 169 143.2 180.5 190.3 197.9 202.3 205.9 209.4 210.2 211.8 212.1 211.5 210.9 209.9 208.6 207.7 206.3 204.8 203.7 202.8
346.7 334.7 328 319.2 311.6 305.1 298.4 295.5 292.6 289.3 287.1 285.9 286.6 287 286.3 283.1 280 280.1 287.3 297.2 306.9 313.4 318.6 323.1 325.8 327.8 325.2 321.7 314.4 307.5 297.5 287.3 276.3 264.9 257.2 248.9 241.2 235 229.4 224.1 221.2 215.6 213.4 213.3 210.6 203.3 196.6 199.8 203.2 203.1 202.1 198.1 192.5 186.1 180.9 181.9 182.3 179.9 158.8 142.6 174.3 182.8 191.6 196.5 199.9 202.5 204.1 204.5 204.9 204.9 204.1 203.2 201.8 200.8 199.8 198.4 198.1 197.5
352 341.8 333.2 324.7 315.8 307.8 304.3 300.3 297.7 295.2 293.2 294.6 294.9 295.3 293.9 291.9 287.3 284.9 285 287.3 302.7 307.9 310.8 313.2 314.5 315.4 313.7 311 305.3 300.8 293.7 286.8 279.2 271.2 263.9 255.9 251.1 243.7 236.4 232.4 229.4 225.6 216.9 203.5 203.3 199.8 193.8 197.5 198.2 201.3 201.9 201.3 194.5 187.1 179.9 178.6 180.6 174.9 154.6 151.4 168 176.5 183.4 189 193.4 196 197.9 198.1 198.1 197.4 196.3 196 194.8 194.6 193.4 192.7 192.6 192
355.3 346.2 338.8 328.9 319.4 316 309.8 305 302.5 300.5 300.8 301.7 302.6 303.1 301.8 299.8 296.9 292.8 285 285 285 298.2 300.7 302.9 303.2 302.6 301.2 298.7 296 291.6 288 284.6 279.3 275.2 269.2 262.3 254.6 249.6 242 238.6 232.7 223.4 212.8 204 196.3 195.3 190.3 192.9 194.8 195.8 199.6 200.8 197.5 191.7 185.6 177.2 174 174.6 158.1 145.6 142.1 168.2 175.7 180.6 185.1 187.9 193.3 191.1 192.2 190.2 187.7 188.5 187.6 187.7 188.4 188 187.5 187.2
360.7 351.9 344 332.8 327 321.9 315.4 310 307.8 306.6 307 308.7 310 309.3 307.5 303.7 300.9 290.4 293.3 292.3 285.1 284.5 288.8 290.4 292.7 291.6 289.8 286.5 286 284.2 280.6 278.7 277 273.3 269.5 263.4 256.3 250.6 243.3 237.2 230.3 218.5 209.2 200.6 196.1 189.9 186.2 185.5 187.5 190.2 192.3 195.8 196.9 196.1 191.9 185.1 175.5 167.8 162.2 153.1 143.8 160.4 168.3 173.2 177.6 180.8 188.8 185.9 185.1 184 183 181.6 180.6 181.4 182.9 183.6 183.4 182.9
364.6 356.9 347.6 339.4 334.1 328.8 322.5 316.1 314.3 313.8 314.5 314.7 313.8 310.9 305.8 304 290.3 296.1 293.9 288.6 280.8 279.6 282.1 282 280.4 279.6 279.2 279 278 276.1 270.6 270.1 269.9 268.4 264.7 264.1 255.6 248.8 240.2 234.2 226.8 216.8 207.9 198.4 190.6 187.2 184.2 181.4 180.7 183.6 190.6 189.2 191 194.5 197.3 193.9 188.3 180 173.5 156.3 136.8 154.9 161.4 167.2 172.1 175.3 178.6 180.4 179.1 178 176.7 175.3 174.2 175.6 177.1 177.7 177 177.4
367.8 360.8 352.2 345.2 339.7 335.5 328.5 323.1 321.9 321.5 320.1 316.4 313.1 310 299.1 298.9 297.6 294.9 290.7 285.1 277.1 270.5 274 273.7 272.2 272.3 269.6 267.7 271.2 268.2 260 261.6 264.3 268.4 265.7 259.9 251.9 246.4 240.4 234.2 226.6 216.6 206.9 198.5 190 183.9 181.7 180.6 178.8 178.7 187.2 188.6 186.1 190.6 195.9 197.5 196.1 184.6 170.6 159 141.7 148.1 155 160.9 166.9 171.3 172.6 173.6 173.2 171.8 170.2 168.5 164.8 166.4 168.3 169.6 170.4 171.9
375.1 367.7 358.3 350.3 344.2 341.1 333.9 329.4 326.9 324.5 320 316.4 306.7 300 304 301.2 296.6 291.6 285.4 281 276.1 267 262.4 263.7 260.4 259.9 258.2 255.6 262.7 257.7 257.6 254.6 263.8 265.3 260.2 253.8 247.9 244 237.6 232.9 226.1 214.5 206.7 197.9 189.2 183.1 179.2 178.5 178.5 175.7 177.4 183.2 182.7 187.1 189.8 188.8 184.8 177.7 175 164.1 153.2 135.8 143.9 143.7 144.4 159.8 166.2 168.3 168.7 166.3 161.6 159.3 156.1 152.7 158.5 160.3 163.7 165.2
381.3 374.1 366.3 357.2 348.8 343.1 336.7 330.9 327.6 323.6 317.8 306.7 298.9 304.1 300.6 296.3 292.1 287.3 281.4 276.5 271.6 267.3 257.3 255.1 252 250 247.5 244.8 250.7 247.6 250.3 248.5 252.5 252.8 251.4 247.5 243.1 240.4 234.7 228.1 221.5 213.6 205.4 196.9 190.9 183.6 181.4 179.9 175.6 173.5 173.1 173.2 177 181.4 185.6 177.4 175.7 181 177.5 167.1 159.1 150.7 135.6 134.6 133.9 133.4 143.2 155.5 159 158.2 154.5 152.6 150.6 144.1 144.7 149.6 156.2 159.1
386.6 379.6 373 362.1 348.4 341.4 335.4 330.2 325.2 318 310.7 303.9 297.9 297.7 294.2 289.8 285 279.9 275.1 271.3 267.1 263.9 257.5 251.5 246.2 242.9 239.8 236.3 240 238.3 237.4 238.9 241.1 240.4 240.9 238.2 236 232.8 228.9 222 216.8 212 206.6 202.8 198 189.6 186.4 181.8 178.4 176.3 176.9 172.6 174.7 177.8 183.6 180.2 178.9 181.1 184.1 173.6 171.7 163.1 156.4 152.5 148.6 144.7 141.5 141.6 144.1 140.7 139.8 139.7 138.1 137.8 128.2 129.4 133 144.7
386 378 368.6 356.4 342.2 335.9 330.3 327.1 317 309.6 302.5 297.2 293.7 290.6 285.4 280.5 276 272 268.6 265.5 262.3 261.8 256.8 250.4 242.2 238.7 233.7 230.6 229.1 228.9 228.7 230.3 229.4 229.2 227.8 226.2 224.6 222.2 218.3 214.4 211.7 210.4 208.6 206.7 201.2 195.4 191.2 184.6 179.5 176.8 173.8 173.6 170.2 169 169.8 174.5 172.9 176.9 182.4 180.5 180.1 176.4 169.8 161.8 159.3 156 147.8 132.6 139.2 138.9 138.2 137.8 136.5 128.7 131.8 131.8 127 132.4
373.2 366 356.5 343.4 332 325.5 324.5 319.8 312.3 305.2 297.5 290.1 288.2 283.8 278.1 272.6 268.5 264.9 263 261.7 255.6 255 255.8 250.9 241.4 237.5 234.3 229.8 227.2 224.1 223.8 223.2 221.2 220.1 219.1 220.1 216.4 216.9 212.3 210.9 209.8 208.7 207.8 208.6 204 201.4 196.4 189.3 181.3 178 172 174.9 174.4 172.2 167.1 164.5 163.5 170.7 175.8 180.6 183 181.7 179.1 174.4 171.3 168.7 157.9 145.2 131.9 139 138 137 129.3 133.5 134 133.8 132.6 128.2
359.8 352.5 337.4 324.9 319.2 317.9 317.6 311.5 303.9 294.2 285.5 284.2 281.2 276.9 271.2 267.6 263.5 260.6 260.7 258.1 253.1 251.3 252.5 248.1 243.3 238 236.1 233.9 231.5 229.1 225.7 223.3 221.4 220.7 220.2 220.1 217.8 214.2 210.7 209.1 207.7 206.8 206 209.1 206.9 201.8 196 188.8 181 179.2 182.3 179.4 178.5 176.6 175 174.1 165.4 163 175.2 179.2 182.1 183.7 183 180.3 174 171.7 156.2 145.5 142.7 132 129.9 133.2 136.3 136.3 135 134.2 133.4 129.4
340.1 331.9 322.8 312.4 307.6 305.8 299.7 295.6 289.3 280.6 278.8 277.9 274.7 270 264.6 261.3 259.2 256.5 252.9 249.7 247.4 247.6 248.2 248.9 244 241.6 240.8 239 236.8 234.6 231.4 228.2 225.8 224.1 222.2 219.6 217.3 212 209.5 208.6 207.2 206.2 205.4 208.2 207.1 201.3 190.7 190.4 191 188.8 185.4 182.2 178.6 175.4 172.4 172.6 167.6 159.5 169 176.2 181.2 182.3 183 180.8 172.1 160.3 148.8 145.2 143.1 136.5 140.7 140.3 139.5 138.8 136.8 138.4 138.6 129.6
319.5 310.7 304.1 298.9 298.2 294.3 288.4 283 276 273.7 272.6 271 267.2 263.4 259.6 258.2 255.8 254.3 251.1 247.5 247.4 247.4 247.4 247.3 247.1 247.4 245.5 242.4 239.3 237.3 234.1 232.4 227.3 221.9 220.4 216.8 213.1 210.6 210 209.3 207.8 206.2 205.6 210.2 208.6 197.3 201.1 202.3 200.3 198.1 193 185.9 179.4 177.5 173.5 171.1 170.2 164.7 157.6 166.5 176.8 177.8 179 178.1 170.8 157.5 147.6 143.4 141.9 141.3 141.4 140.6 139.6 138.6 138.1 145.7 146 129.2
309 301.1 295.3 290.8 288.1 283.6 278.2 274.2 268.8 267.1 266.1 264.2 260.9 258.6 256.4 256 253.3 251.4 249.1 247.4 247.4 248.3 248.3 248.7 248.3 246.8 245.5 243.3 240.2 238.1 235.1 230.3 225.1 220.6 217.9 215.8 218.5 214.8 216.6 217.8 215.9 210 205.3 211.1 208.2 201.1 205 208.7 210.1 208.4 202.2 195.3 188.5 184 181.3 179.7 179.3 178.6 160.9 155.6 169.1 166.3 169 169.4 167.2 156 147.4 144 143.5 142.4 141.8 140.9 140 139.3 138.8 140.7 148.1 129.2
300.5 294.6 288.9 283.9 280.3 274.9 271.5 268.2 264.1 260.7 258.7 258.9 256.7 255.1 254 252.7 248.6 247.4 247.3 247.1 248.8 249.8 250.1 250.4 249.8 247.5 244.5 242.3 239.5 236.4 233.2 223.9 221 216.5 214 212.7 219.6 221.8 219.1 216.6 213.4 207.7 205.2 205 201.5 204.6 208.7 212.6 215.5 215.2 211.8 205.4 198.4 192.6 188.2 186.5 186.3 185.6 176.5 157.8 156 156.9 158.8 162 161.1 153.7 146.8 143.7 143.9 143.3 142.2 141.4 140.5 140.6 140.1 151.9 148.3 137.5
291.2 285.2 279.2 275.7 274.2 269.6 268.9 265 261.7 258.5 255.6 255.5 258.6 256.3 251.7 248.2 247.5 247.9 247.7 250 252.2 254.2 254 253.7 251.5 247.4 244 239 236.4 232.6 226 218.7 214.2 210.5 208.3 207.5 211.8 212.8 209.8 210.7 204.8 204.6 203.1 203.2 203.5 206.7 211.7 215.8 220.1 221.6 221.5 218.8 213.4 205.9 198.9 196.1 195.1 192.7 183.6 170.8 160.5 155.9 152.4 150 151.1 147.1 146.8 148.3 144.8 145.3 144.2 143.4 144 150.6 155.6 165.1 159 157.5
281 275.6 271.6 268.4 267.7 267 264.5 262.7 259.6 257 255.1 253.9 256.1 254.9 249.7 247.3 248.5 249 250.3 252 253.7 255.6 255.5 253.1 250.5 244.9 240.5 234.4 229.2 223.3 218.5 213.2 210.6 207.9 206.8 205.7 205.3 212.1 206.7 204.2 204.8 204.2 205.7 205.5 205.4 209.7 215.9 221.9 226.6 227.5 230.1 231.6 228 221.9 215.3 210.4 207.4 200.2 188.7 180.8 177.3 169 156.7 152 149.7 155.4 162.7 163.8 164.7 155.6 154.4 161.3 163.7 165.7 171.2 177.4 169.4 165.2
270.4 267.5 263.6 262 261.9 260.1 259.7 258.6 256 252.4 252.3 249.6 251.6 251.1 247.4 242.1 246.8 247.9 248.8 250.5 252.4 253.5 252 248.7 244.3 240.3 235.2 229.7 224.3 219.5 215.3 211.1 207.7 204 203.2 202.9 202.2 206.2 210.6 206 205.5 206.8 206.7 207.8 208.6 214.3 220 227.5 231.1 234.2 237.5 242.7 239.1 230.7 226.8 219.6 217 208.4 195.9 187.6 185.7 177.8 169 164.3 164.5 163 180.2 178.8 179.2 174.5 172.7 179.5 180.1 180.2 181.8 180.4 181.2 178.3
261.9 256.6 255 253.1 254.1 254.3 253.6 251.4 249.1 245.5 244.7 241.9 245.8 244.6 239.2 236.6 238.3 242.7 243.7 244.6 246.8 248 245.2 242 239 236.9 233 227.7 221.2 215.9 210.8 206.8 204.4 202.3 200.9 200.7 200.6 202.2 204 209.9 206.6 208.2 209.3 209.5 213.5 217.5 226.2 230.1 232.9 236 240.4 240.6 236.5 230.9 227.2 222.9 219.8 209.2 201.7 194.4 187 181.9 179.6 177.2 175.3 178.9 181 181.2 180.2 182.6 183.2 182.7 177.7 176.4 178.9 181.6 182.3 181.9
261.5 248.3 246.6 244.1 244.9 245.9 244.5 241.8 239.1 234.6 234.8 231.1 234.7 232.5 228 223.8 229.9 233.7 235.6 236.3 235.7 236.6 235.6 233.9 233.2 232.5 230.7 225.3 218.8 212.2 209.2 205.2 202.3 200.4 200.1 199.8 199.7 202.6 203.7 206.5 207.7 205 205 210.1 215 222.1 229.7 231.1 233.3 234.2 233.9 231.2 228 224.4 221.4 215 209.9 205.4 199.9 194.5 194 191.5 187.5 183.4 182.9 182.4 182.5 182.5 181.9 183.6 184.1 183.8 182.8 176.3 176.1 178.8 181.3 181.5
250.3 242.5 239 236.2 233.4 236.4 234 230.9 227.3 223.9 221.3 221.7 223.2 218.2 214.2 209.7 214.9 216 220.5 225.6 223.4 224.2 225.9 226.9 228.1 226.2 225.7 220.8 214.9 208.9 205.8 203 198.9 198.2 198.6 199.6 199.5 200.9 206 211.5 205.9 205 206.3 211.7 216.8 223.7 229.6 229.6 229.4 229.1 226 222.1 218.5 215.9 211.2 207.2 202.6 198.4 194.9 193.4 191.5 194.3 190.4 186.1 184.5 183.9 183.7 182.2 181.5 181.6 183.4 182.8 181.9 179.7 168.9 167.7 168.5 169.3
245.7 241.8 241.2 236.8 236.1 220.1 220.5 218.1 213.7 208 205.2 202.4 199.6 198 197.8 197.7 198.1 199.8 202.2 203.1 208.8 213.9 217.7 219 222.4 215.4 215.6 212.3 209.3 205.5 197.8 196.7 193.9 195.2 198.4 198.9 199.3 199.5 210.8 205 205.9 210.7 213.8 218.8 221 220.2 223.2 223.6 222.8 221.7 219.3 214.1 209.6 206.4 203.2 200.6 197.1 194.1 193.3 192.9 193.4 192 191.9 188.9 186.1 184.8 184.4 184.6 181.2 181.8 183.9 182.5 177.1 175.2 164.5 165.8 163.8 160
242.7 242.1 237.3 233.6 230.8 222.7 213.6 208 205 201.7 199.6 198.1 197 192.6 192.3 192.3 190.8 186.9 186.2 186.4 185.3 201.2 204.4 208 205.1 202.6 201.7 199.6 198.7 197.9 191.2 190.2 192 195.7 202.9 206.3 205.7 205.4 204.9 213 218.2 218.9 219.1 221.4 219.6 217.9 217.3 216.3 213.7 212.6 210.1 204.9 201.9 200 198 197 194 192.1 190.7 191 192.2 188.4 190.8 188.4 186.6 185.4 184.5 184.1 182.5 182.3 183.6 169.9 165 161.7 159.9 158.6 149.3 145.5
237.5 232.9 233.4 230.7 225.5 218 214.4 212 209.8 202 212.6 208.1 192.4 191.1 190.2 189.4 188.4 187.3 186.6 187.6 185.9 185.4 187.4 186.9 186.5 185.9 183.7 182 182.1 181.8 182.4 184.5 189.6 195.9 199.4 199.2 201 204.7 209.7 216.8 224.5 222.1 223.1 222.8 218.9 215.3 212.4 210.7 206.7 204.1 201.6 198.9 197.3 195 193.5 193.2 191.7 190.6 189 187.5 191.5 188.4 187.1 186.7 185.4 185.3 183.1 182.6 181.2 179.9 167.3 160.5 155.5 153.1 149.6 144.7 136.9 136.5
235.6 233.9 234 232.5 229.4 227.9 225.3 225.4 227 208.8 203.2 195.1 191.5 190.2 189.5 188.2 188 187.6 187.7 187.5 187.2 185.1 184.7 184.3 183.8 183 182 181.2 182.8 182.2 180.5 180.4 184.5 192.1 195.6 202.1 205.4 207.9 212.2 217.3 220.6 221.1 222.9 220.2 214.4 211 206.2 201.7 199.9 197.3 197.6 198.8 195 193 191.6 189.8 188.1 188.3 187.8 187.6 187.9 184.7 188.5 187.4 185.9 185.5 183.8 182.7 170.1 167.7 159.7 150.2 147.1 146.8 140.6 139.9 144.2 145
244.9 241.4 237 236 238.4 239.2 235.2 232 226.6 207.9 195.6 193.8 190.1 189.1 189 191.1 191 190.5 187.9 187.8 187 184.3 184.7 183.9 183.3 182.7 182.4 182.3 185 184.6 184.3 179.7 179.6 187.8 197 203.6 209.2 211.7 215.3 218.8 219.2 218.4 217.8 214.9 206.8 201.4 197.8 195.6 194.2 195.3 197.1 203.1 200 197.4 195.9 193 191 189.6 190.8 187.9 189.8 185.6 188.7 185.1 186 185.7 184.5 175.6 166.9 159.2 145.8 144.6 145.8 145.2 147 147.5 147.3 146.6
245.2 243.9 242.9 242.6 241.8 239.2 229.4 217.6 204.6 193.5 190.5 189.6 189.7 190.8 191 190.4 189.9 189.6 189.1 189.6 187.5 185.9 184.7 183.9 183.6 182.7 182.6 182.9 184.6 184.8 183.3 179 179.1 188.4 197.5 204.3 211.7 217.1 221.1 222.9 221.1 215.2 214.4 207.1 199.2 195.8 194.1 191.6 190.3 191.2 190.7 200.3 203.3 197.5 184.1 180.7 180.6 181.7 187.3 187.3 184.7 182.3 182.5 179.3 181.9 180.5 171.9 165.9 156.4 140.7 148.7 149.5 145.7 144.1 143.8 144.2 145.6 144.6
239.6 241.1 238.9 231.9 223.8 214.2 204.3 195.5 190.6 190 190 190.9 191.6 191.8 191.7 191.2 190.8 190.3 189.9 190.2 189.5 187.5 185.7 185.3 186.8 186.2 185.8 185.1 184.8 184 183.2 182.4 177.7 184.4 201.2 206.7 212.4 219 220.8 218.2 214.5 210.4 204.4 198.2 195.6 192.3 188.3 187.6 188.2 188.8 189.1 189.5 196 193.6 187.5 180.7 178.4 177.8 178.2 178.6 177.1 184.8 194.6 174.6 170.2 168 162.9 155.1 144.4 149.9 145.5 146 145 144.8 143.5 142.8 140 140.9
