app/static/ascii/NO36.asc
ncols 200
nrows 200
xllcorner 330000
yllcorner 760000
cellsize 50
[rows 0 to 34 of 200, columns 0 to 77 of 200]
445.7 455.4 465.8 476.2 481.8 482 480.9 475.8 467.6 461.7 457.3 454.5 453 453.7 453.2 452.4 450.7 448.2 444 438.7 434.7 429.7 422.8 416.9 412.1 406.4 401.7 396.7 400.2 409.8 415.4 421.4 430.3 437.3 441.4 442.6 442 440 437.4 436.1 434.9 435.1 435.8 435.1 435.7 442.5 451.5 464.1 477.3 489.7 500 505.9 504.4 496.5 486.2 472.9 461.3 451.8 445.2 439.9 437.6 442.7 447.6 454.4 464.8 474.9 482.6 485.4 484.2 476.2 465.2 452.7 444.9 438.6 433.7 431.3 427.4 425
439.7 448 457 466.4 472.1 472.5 470.9 467.8 462.1 456.1 452.7 450 448.2 447.1 447.5 448 446.1 443.5 439.8 435.8 431 424.9 417.8 412.7 407.3 402.1 397.7 393.1 399.1 407.8 413.4 420.2 430.7 436.6 437.9 436.9 435.9 433.3 432 430.4 429 428.2 428.7 428.6 433.1 436.9 448.5 461.5 474 486.2 497 500.7 498.7 492.3 483.1 470 458 448.3 441.6 437.4 432.6 438.2 444.3 448.6 458 465.9 474.1 477.8 475 469.2 458.4 450.3 444.1 437.5 430.2 428.4 426.9 423.9
434 441 448.9 457.3 463 464.8 463.4 460.4 455.8 450.8 448 445.4 444.1 442.3 442.3 443.8 442.3 440.2 436.2 432.2 427.1 421.6 415.4 409.7 404.3 399 394.6 392.8 399.5 405.3 412.6 420.3 429.8 432.3 432.7 430.9 429.5 427.7 426.4 425.1 423.9 423.6 423.5 422.4 429.1 434.5 445.3 458.1 469.8 481.7 492 496 493.9 489.3 479.2 466 455 445.1 439.4 435 430.8 434.2 442 447.2 452.4 460.4 467.4 472.1 471.9 466.5 458.6 450.4 444 434.5 429.5 425.6 423.9 422.4
429.7 435.7 442.2 449 456.3 459.9 461.7 459.4 454.3 448.8 442.3 440.7 441.3 439 438.3 436.8 438.2 436.7 433.2 429.5 424.9 419.5 413 407.1 402 396 391.3 393 399.9 405 409.6 420.8 427.8 427.9 426.6 425.2 423.6 422.7 421.2 419.8 419.7 418.8 418.6 420.7 425.7 430.5 441.8 453.2 465 476.9 485.6 490.5 489.3 483.4 472.3 460.8 451.1 443.4 437.2 432.1 426.2 432.6 439.2 444.2 450.7 457.9 464.4 468.6 468.9 464.8 458 448.5 440.6 433.5 426.5 423.6 420.8 419
424.6 431.6 437.7 442.2 450.5 454.7 459 456.9 452.1 445.2 440.3 435.4 435.7 437.8 433.2 432.7 432 431.8 429.1 426.2 422.4 417.6 411.3 405.3 399 393.4 386.5 392.5 398.4 403.1 410.3 421.1 425.4 424.6 421.8 419.8 418.1 417.4 416.1 415.1 415.2 414.8 412.8 418.6 423.7 428.9 435.2 448.9 460.5 470.4 477.4 481.3 479.7 476.1 464.3 454.4 445.6 441.1 435.2 429.6 423.8 429.5 435.9 442.5 449.5 456.9 462.4 464.8 465.1 460.9 454.8 446.2 437.5 431 425.2 421.8 418.5 416.1
420 427.1 433.4 438.9 445.6 450.1 452.4 450.5 445.9 442.6 437.2 430.8 431.1 432.1 429.4 427.8 428 427.6 425.9 423.5 420.2 416.1 410.4 404 396.7 387.8 387.8 393.7 396.3 400.1 409.5 418.3 421.5 421.7 418.5 415.6 413.5 412.5 410.8 410 410.1 409 411.5 416.3 421 428.6 435.2 443.2 454.2 461.8 465.5 467.7 468.1 466.4 455.3 446.5 440.8 436.1 432 426.1 421.9 427.5 434 442.2 449.3 456.5 460 460 460.5 456.8 449.9 442.5 434.6 427.8 423.1 419.3 417 414.3
416.4 423.3 430.5 436.5 443.7 449.3 449.5 446.1 443.4 432.6 426.9 425.9 422.7 427.4 424.9 422.7 423.9 424.1 423.1 420.9 417.8 414.2 409.4 402.8 395.5 380.5 387.1 393 394.7 395.9 407.4 413.6 416.8 416.8 414.2 411.5 409.2 407.7 406.3 405.6 405.3 404.5 409.6 414.1 418.8 428.3 434.9 441 447.9 453.2 456.9 456.2 458 457.7 448.3 441.5 434.9 431.1 427.4 422.3 420 425.8 432.3 441.2 448.2 454.8 457.9 457 454.7 450.2 444.2 438.2 431.9 425.8 420.7 417.5 415.2 413.1
412.2 420.6 428.2 435.6 444.1 453.2 457.1 455.4 449.1 440.7 430.5 424.6 416.7 416.3 417.2 416.9 419.5 421 420.8 418.2 414.8 410.8 406.7 400.7 391.7 378.5 386.3 391.1 392.1 393 402.4 408.4 410.7 410.8 408.6 407.2 405.6 404 402.8 401.5 400.4 402.5 407.7 412.4 418 426.9 435 440.6 445.3 446.8 448.8 448.9 447.4 447.3 441.4 437.1 431 426.4 423.1 417.6 415.7 423.4 430 438.5 445.5 449.7 453.8 452.8 449.6 445 439.6 434.1 428.5 423.2 418.8 415.4 413.7 411.5
409.1 419.3 427.6 435.7 445.7 454.6 461.1 460.9 452.8 442.5 433.4 424.9 420.8 415.2 411.9 412 413.8 418.2 418.4 416.1 412.4 407.6 403.5 397.8 388.5 373.6 387.6 390.7 390.3 390.3 396 402.3 405.4 405.4 403.9 402.7 401.1 400.6 399.3 397 395.3 400.4 406.6 412.8 420.7 428.8 437.7 442.1 442 441.7 439.3 440.6 437.3 435.3 433 430.5 424.6 421.4 418 410.2 413.2 419.6 427.6 435.5 442.3 445.3 447.2 447.9 443.9 440.5 435.1 429.5 424.6 420.3 416.7 414 412.6 410.7
408.4 419.9 428.3 437.1 445.5 454 460.1 456.7 451.1 444.2 434.1 424.5 419.7 417 415.3 412.2 407.9 412.8 413.5 411.7 408.1 404 399.6 395 387.2 373.2 384.7 389.8 389.3 386.9 390.8 395.9 398.8 399.3 398.9 398.1 397.1 396.1 395.3 392.8 393.1 399.8 405.9 415.1 422.3 431.7 439.2 443.7 443.9 439.9 435.4 431.3 430.5 427.2 424.5 422.4 419.9 417.2 413.5 407.9 409.2 414 422.7 430.3 437.9 441.5 441 441 439.2 436 431.1 425.6 421.1 417.4 414.2 412.5 411 409.5
409.7 419.9 431 440 447.5 453.9 457.4 452.9 447.9 440.8 432.7 423.8 417.3 415 413.6 410.4 406.5 410.8 408.9 407.1 403.9 401.1 397 391.9 382.5 370.6 376.2 388.3 388.8 388.2 385.8 390.5 392.5 393.5 393.7 393.9 393.3 392.5 391.8 388.2 390.6 397.5 405.9 414.6 424 432.1 439.7 444.6 445.9 443.3 436.2 428.8 423.1 419.6 417.9 416.9 415 412.8 410.2 405.3 405 409 415.1 423.4 429.9 435.7 436.2 435.7 433.8 431.4 427.1 422.4 418.6 414.9 411.9 409.9 408.8 407.7
411.3 421.9 433.9 442.7 449.8 455.4 458.7 455.3 448.2 439.2 430.9 422.7 414.8 412.3 410.7 408.4 404.4 408.3 408.1 405.2 401.7 398.1 394.2 389 379.1 368.2 369.9 378.6 387.5 387.8 380.7 386.4 388.1 388.7 389 389.8 390 389.3 388.5 385.2 387.5 395.6 405.2 414.1 423.7 432.6 439.3 444 446.1 443.9 438.6 430.9 420.8 414.8 413.7 412.8 410.8 409.1 406.9 404 403.3 405.7 411 417.8 423.3 428.4 430.8 430.7 428.8 427 423.7 419.3 415.6 412 409.3 407.3 406.6 405.8
414.2 426.7 438.4 446 452.1 456.1 458.2 455.8 449.8 442 432.6 423.4 415.3 411 408.4 406.6 404.5 401.9 404.6 407.1 400.5 395.6 391.2 386.4 380.3 372.8 365.1 369.1 374.2 376.6 378.2 381.9 383.7 384.6 385 385.8 386.1 386 385 381 383.5 394.5 404.4 412.9 423.9 431.8 438.1 443 445.7 443.5 438.8 431.5 423.1 414.2 409.4 408.4 407.1 406.1 405 400.5 401.4 403.9 406.7 410.9 416.3 420.9 424.4 425.5 424.8 423.3 419.9 416.5 412.7 409.2 405.9 403.1 402.9 402.2
418.7 432.3 443.1 450.7 456.3 459.9 458.9 454.8 448.6 441.9 433.7 425.5 417 411.5 407.1 404.4 403.9 402 399.1 404.2 400.6 394.2 389.5 384.8 379.9 373.5 367 363 369.1 371.4 375.4 378.9 380.5 381.5 382.1 382.1 382.1 382.4 381.9 377.7 382.4 393.5 405.6 415.3 423.5 432.9 437.9 441.3 444.5 442.2 436.8 430.8 423.1 415.6 407.6 404 402.3 402.5 401.9 398.4 400.3 402 402.9 406.2 411.5 414.3 417.2 419.5 420.6 419.7 416.8 413.6 409.5 406 401.7 397.7 398.7 396.5
422.7 436.2 446.8 455 461.4 463.8 461.8 455.3 448.8 440.9 432.8 424.9 417.4 412.6 408.4 403.9 400.6 399.9 397.5 395.3 395.4 394 392 383.1 378.6 373.8 367.9 360.6 364.7 366.8 371.8 375.4 377.6 378.8 379 379.1 379.5 379.7 378.9 376.1 383.2 393.3 404.4 414.3 423.3 431.5 437.2 439.3 439.1 438.1 434 428.8 422 415.3 408.4 404.8 403 400.9 399 397.4 398.6 400.7 402.3 403.6 405.5 409.5 412.2 414.5 416.5 415.6 413.4 409.3 403.2 399.9 395.6 392.8 391.7 392.8
427.7 440.4 450.4 457.6 463.3 465.4 464.5 459.2 450.6 440.8 432.5 423.9 416.8 412.1 407.5 402.8 398.9 397 397.3 393.3 392.6 392.1 389.7 382.1 377.8 373.2 367.7 357.4 359.3 362.9 366.6 371 374 375.6 376.1 376.6 377.2 377.1 371 375.6 382.5 392 400.8 410.9 420.6 428.9 435.1 438.9 439.1 436.1 432.7 427.2 421.4 414.1 408.5 405.1 401.9 400.6 397 395.8 396.5 400 401.1 403.1 404.4 406.7 408.2 410 411.7 411.5 409.1 405.8 401.7 395.7 393.4 392.9 391.1 390.2
432 445.2 454 460.4 465.5 466.7 464.5 460.1 454.6 446.1 435.9 425.5 416.6 410.9 406.2 401.5 397.4 394 392.6 390.3 390.6 391 387.1 380.9 376.7 372.2 367 360.2 355.5 359.4 362.9 366.7 369.6 371.9 372.8 373.6 374.2 374.1 369.3 375.2 381.7 390.5 398.7 406 415.5 425 431.9 436.6 437.8 434.8 430.7 426.5 420.2 413.1 408.1 404.1 400.8 398.5 396.2 394.2 395.3 398.3 398.7 401.1 405.2 404.4 406.1 408 409.8 409.5 408 406.5 404 399.7 397.5 396.7 395.1 392.4
436.3 449.2 457.2 464 468.3 468.4 466.1 462 456.9 451.3 440.8 428.2 417.6 410.6 404.8 400.1 396 392.3 389.4 387.4 390.2 388.8 382.5 379 375.5 370.8 365.5 358.8 354.1 356.4 359.6 363.5 366.9 368.9 370.1 370.9 371.4 370.7 368.2 374.4 381.3 387.7 397.5 405 413.2 422.3 429.3 434.3 435.3 433.7 429.7 424.7 419.1 412.7 406.8 402.5 399.6 397.3 394.8 392 394.3 395.6 397.3 399 401.4 403.5 405.2 408.7 409.5 408.7 408.2 406.5 404 402 401.6 400.2 399.3 398
438.9 451.3 459.1 465.6 469 469.3 466.4 462 456 449 441.1 430.3 420.7 410.6 404.3 399.2 393.9 390.9 389.4 384 387.1 381.9 379.1 376.5 373.2 369 364.5 358.7 353.9 354.4 357.1 360.4 363.6 365.8 367 367.9 368.1 366 367.4 374.2 380.3 387.5 394.8 404.7 412.6 421 427.5 432.3 434 431.9 428.3 422.4 417.3 411.4 405.3 401.4 398.8 396 393.1 389.8 392.4 393.9 395.5 397.6 400.6 403.8 404.4 406.5 406.7 407 407.9 407.6 406.1 406 406.4 405.7 403.6 402
439.1 451.3 457.6 463.6 467.6 468.3 466.3 461.5 455 447.7 439.1 429.8 420.7 411.8 403.7 397.8 394 389.8 386.3 381.5 382.8 379.2 376.3 374.3 371 367.6 363.3 358 350.7 352.1 353.3 356.7 359.1 361.8 363.2 363.6 363.5 360 363.7 372.9 378.4 386.7 394.4 404.4 412.1 420.6 426.8 431.8 433.6 431.8 427.7 422.2 416.3 410.6 404.4 399.9 397.4 394.5 391.8 389.1 390.7 392.3 393.9 395.7 398.3 401.2 403.4 403.5 405.4 407.6 408.7 409.1 409.1 409.8 410.3 408.6 407 405.3
435.3 447.2 455.3 460.4 464.3 465 464 460.5 455.4 448.1 439.7 430.3 420.6 411.9 404.7 397.8 393.4 389.1 384.7 379.5 379 376.5 373.4 372 368.5 365.3 361.9 357.5 351.2 349.7 350 352.6 355.3 358.3 359.1 358.4 355.3 358 365.7 371.6 378.6 387.4 394.6 404.6 413 421.6 427.4 432.3 434.1 432.8 428.6 423.4 416.6 410.7 405 399.1 395.3 392.2 390.4 387.7 389.4 390.5 392 393.6 395.9 398.3 400.4 401.5 405.5 408.8 410.6 411.7 412.2 412.5 412.7 411.2 408.6 406.7
431.9 442.5 451.2 457 460.5 461.1 459.7 458.6 454.5 448.5 440.2 431.2 421.6 412.7 404 397.4 393.1 388.7 384.2 380.6 377.5 374.2 371.4 368.4 364.7 362.2 360 356.5 351 346.7 347.7 349.6 350.5 353.3 352.4 352.5 349.7 360.4 365.9 370.6 378.7 390.2 398.8 406.3 414.5 422.7 429.3 433.6 435.6 434.7 431.4 425.6 418.3 411.5 405.7 400.4 395.4 392.1 389.1 386.2 387.9 389.1 389.7 391.5 393.6 396 398.1 400.4 404.2 407.8 412.1 414.6 414.8 414.6 414.6 413 409.7 407.5
427 437.4 445.7 451 455.3 457 457.3 456.3 453.2 447.9 440.3 432.2 422.8 412.6 404.8 397.6 393.1 388.8 385.4 380.4 378.3 376.2 373.2 370.5 366.1 363 359.4 355.7 351.9 347.5 344.8 346.2 346 345.5 346.8 346.8 354.4 359.3 364 370.3 379.8 391 400.5 408.5 416.8 424.1 430.2 435.4 437.6 436.7 434.3 429.5 422.8 415.7 408.4 402.3 396.8 393.2 388.8 385 385.2 386.3 387.6 389.4 391.6 393.7 396 398.7 402.6 407.4 412.3 416.1 416.2 416.1 415.6 414.4 410.7 407.8
422.7 431.2 438.8 443.8 448.1 451.9 453.6 454.7 453.1 449.5 442 433.9 424.6 415 405.1 398.7 393.3 387.9 383.5 380.2 378.5 376.3 373.5 370.8 367.3 364 360.5 357.9 353.7 348.9 342.4 342.8 343.6 343 340 346.8 352.4 357.1 362.5 370.4 379.9 391.5 401.3 410.1 418.4 426.3 432.3 437.2 439.7 440.1 436.5 432.4 426.1 419.6 412.6 405.4 398.7 392.9 389.1 384.7 383.1 384.3 385.6 387.4 389.5 391.7 393.9 396.6 401.3 406 411.3 416.1 417.2 417 416.3 415.1 411.7 408
418.3 424.8 432.2 436 441.1 445.9 449.8 452.5 452 449.2 443.5 436.6 427.3 417.2 407.4 400.4 394.7 388.3 383.7 380.8 379.2 377.2 374.4 370.9 368.2 364.9 361.6 358.9 355 350.5 346.1 341.5 341 340.5 336.8 343.9 348.7 354 360.7 369.9 379.5 390.9 401.4 410.2 419.3 427.7 434.5 439.4 442.2 442.5 439.1 433.9 428 421.3 414.2 407.4 400.8 394.7 389.6 384.9 380 383 384.1 384.8 387.1 389.7 392 394.5 398.4 403.5 409.5 414.9 416.9 417.2 416.4 415.3 412.4 408.5
413.7 418.5 424.6 430.4 435.2 440.9 444.7 449.1 451.3 449.2 445.3 438.8 431.4 420.1 411.3 404.2 397 389.5 383.9 380.8 378 376.5 373.4 371.5 368.9 365.9 363.1 359.9 356.7 352.4 348.4 345.1 341.3 337.6 336.7 339 344.9 350.4 359.1 368.4 379.1 389 399.9 409.7 418.8 427.2 435.2 440.9 443.5 442.4 440 436.1 428.9 421.9 415.2 408.7 402.7 396.7 391.4 385 381.3 380.2 382.1 382.6 385.6 388.5 390.3 392.3 396.3 401.8 408 412.8 415.6 416.3 415.8 415.1 412.4 408.6
409.8 413.2 414.1 420.5 428 434.3 440.2 445.6 450.6 450.2 447 442.3 435.2 426.5 417.9 408.7 400.1 391.5 385 380.1 376.8 375.3 372.8 371.4 369.2 366.5 363.8 360.8 357.7 354.3 349.7 346.8 343.7 340.8 338.7 332.6 339.7 348 356.9 367.7 377 387.1 397 406.2 415.5 424 433.1 441 441.4 439.9 436.5 433.8 427.9 419.5 413.4 407.8 401.6 397.3 391.8 385.8 381.6 377.5 378.8 380.2 383.4 386.6 387.8 389.9 394.2 400.5 406.9 410.7 413.5 415 414.4 413.6 411.4 408.4
405.9 409.6 409.5 410.4 418.8 425.4 434.6 442.4 448.8 451 449.2 445.9 439.9 432.5 423.5 413.1 402.2 393.4 385.9 380 376.3 373.8 372.1 370.6 368.5 366.5 363.9 361.4 358.7 355.9 351.4 348.5 345 341 339.1 335.3 331.3 343.7 355.1 363.7 373.9 384.2 394 402.3 410.6 417.5 426.6 432.8 434.2 432.7 431.3 428.4 424.3 416.9 410.3 404.2 399.4 395.4 390.8 386.4 382.2 378 376.4 378 380.6 384 385.6 387.1 391.4 397.9 404.5 408.5 411 412.5 412.6 411.7 409.7 407
401.2 404.4 406.8 407.7 412.6 418.8 427.2 438.5 445.7 450.6 451.4 448.8 444.2 437.8 428.4 415.9 404.1 394.5 386.4 380.1 376.1 373.2 370.7 368.9 367.1 365.5 363.6 361.5 358.7 355.9 353.1 350 346.6 342.4 338.7 330.5 330.8 342.2 351.7 361.4 370.2 380.2 390.2 399.6 407.1 412.6 417.2 423.5 425.9 425.3 424.2 421.6 418.5 412.8 407.4 401.5 397 392.7 389.1 385.4 381.2 378.9 374.7 374.9 377.9 381.5 383 385.1 388.9 393.9 401.8 406.1 408.4 410 410 409 407.6 405.4
396.7 399.3 401.8 404.7 408 413 421.1 432.3 441.8 448.8 452.4 450.9 446.2 439.7 430.6 418.3 406.2 395.8 386.7 380.1 375.8 372 369.6 367.5 365.8 364.2 362.3 360.1 358.3 355.9 353.4 350.6 347.3 343.3 339.7 330.5 327.3 325.7 341.2 356.8 366.2 376.9 385.7 393.9 402.9 408.5 413.5 416.9 418.5 419.7 416.8 414 410.1 407.3 403.3 399.1 394.2 389.8 386.2 383.6 380.8 378.9 376.3 372.5 374.6 376.5 379.9 382.9 386.4 391.1 398.5 403.3 406.1 407.4 407.9 406.9 405.7 404
392 395.1 397.6 402.4 406 408.4 415.3 426.5 438.1 446.5 452.6 452.8 446.8 440.1 430.9 419.6 408.8 398.3 388 379.9 374.7 370.6 368.4 366.1 364.5 362.9 361.1 358.9 357.1 355.3 353.3 350.7 347.7 344.1 340.9 336.5 333.7 326.8 326 352.9 362.4 371.7 383 391.6 398.8 405.3 410.8 413 414.3 414.8 411.4 407.5 403.3 400.2 397.8 394 389.7 385.6 382.7 380.9 379.9 378.2 376.4 373.9 372.1 374.3 377.1 380.7 384.3 388.3 395.1 401.3 404.5 405.9 406.8 405.8 404.1 402.2
385.1 388.7 392.1 396.5 403.9 406 410.5 420.2 432.7 444.4 452.2 453.7 448.8 439.8 429.2 418.5 408.9 398.1 388.6 379.4 373.5 369.2 366.6 364.8 363.3 361.6 359.9 357.6 355.8 354 352.2 350.3 347.6 344.5 341 337.2 332.7 325.6 326.9 349.3 359.8 370.4 380.7 391.3 397.4 403.4 408.3 410.4 411 408.7 405.1 401.4 396.6 392.7 389.6 387.5 384.7 382.1 379.5 378.2 377.3 377.2 376 374 369.7 371.6 374.5 378.2 381.9 386.2 392 397.9 403 405.4 406.9 405.4 403.4 400.9
378.5 382.1 385.6 390.8 397 402.7 407.1 416.4 428 439.7 449.7 452.7 448.9 439.8 428.3 417.2 407.8 398.6 387.5 378.5 372.2 368.9 364.1 362.7 361.8 360.1 358.4 356.3 354.4 352.5 350.8 349 346.6 343.8 340.9 337 332.6 323.8 320 346.4 357.4 368.5 379.7 390.9 396.3 401.3 408 408 407.1 406.4 401.3 396.2 391.7 387.5 383.2 380.2 378.5 376.7 376.1 375.2 374.7 374.8 374.5 373 371.4 369 372.2 375.7 379.2 384 389.5 396.7 402.3 405.3 407.2 407.1 403 400
371.8 376 379.9 385.8 391.1 396.1 403.1 413.7 425.3 435.5 445.9 449.7 447.4 439.3 428.3 416.9 407.7 396.4 385.6 377.2 371 366.3 362.4 360.5 359.6 358.5 356.9 355 353.1 351.1 349.3 347.4 345 342.3 339.9 336.5 331.9 321.6 321.1 343.7 356.2 367.5 379.2 388.3 396.6 403.3 404.4 405.9 403.8 401.2 397.1 392.8 387.7 381.8 377.7 374.7 372.6 372 371.6 371.8 371.8 372.1 372.3 371.5 370.4 366.6 370.8 374.7 377.7 382.1 388.1 395.8 402 405.7 408.1 408.4 404.2 400.3
366.1 370 374.8 381.3 385.5 391 399.5 409.5 421.5 430.8 438 440.2 440.5 436.7 428.9 416.9 405.6 393.6 383.2 374.7 368.8 364.5 361.1 359.4 357.1 356 354.9 353.6 351.8 350.1 348.3 345.7 343.2 340.5 337.7 334.8 326.8 315.6 324 341.3 356 369 378.6 388.2 396.7 403.5 407.5 408.2 404.6 398.6 393.6 388.3 384 378.7 373.8 370.1 367.8 366.9 367.2 367.8 368.2 368.8 369.6 369.7 369.9 367.7 367.3 372.5 377.8 382.7 388.1 396 402.6 407.1 408.7 407.2 403.8 399.7
