app/static/ascii/NO37.asc
ncols 200
nrows 200
xllcorner 330000
yllcorner 770000
cellsize 50
[rows 105 to 139 of 200, columns 78 to 155 of 200]
616.7 625.4 631.3 637.8 643.5 648.5 650.8 650.7 648.8 646.4 641.1 633.3 628.2 625.8 631.7 643.1 653.7 664.7 675.2 687.5 700.8 713.1 721.5 732.7 747.5 759.1 767.5 777.4 781.2 784.5 786.2 786.3 781.7 773.1 774.9 781.6 783.7 757.5 725.4 689.8 685.5 669.5 660.8 653.2 646.9 646.4 649.6 656.8 677.3 694.8 717.9 763.7 777.4 793.1 800.3 806.9 813.8 820.8 827.9 833.9 841.9 847.9 856.6 864.6 872.5 878.5 884.2 888.9 890.6 890.5 887.6 883.9 879.7 874.2 866.2 856.5 848 842.6
609.9 619.3 626 633.9 641.3 645.7 646.5 645.7 642.3 638.6 632.7 623.9 618.5 615.8 622.9 634 643.5 654.6 667.8 680.4 694 704 709.1 724.5 737.5 746.7 757.1 768.2 773.3 778 780.8 779.9 777.1 771.2 763 768.6 746.1 712 684.6 668.8 656 648.4 639.1 635.4 629.6 629.7 630.3 636.5 655.5 664.5 685.3 714.3 751.9 778.1 793.5 796.3 803 813.7 823.4 830.7 837 845.8 855.2 863 871.1 878.6 886.1 892.1 895 894.8 891.4 887.3 882.5 876.5 868 859.2 852 847
605.7 612.4 621.9 630.2 638.2 644.8 642.8 640.4 637.9 630.7 623.5 615.2 609.7 607.1 612.3 622.3 632.3 644.3 658.4 672.2 684.6 695 700.4 714 726 735.5 745.7 757 763.9 770.4 773.9 773.7 772.1 766.9 742.9 738.2 692.4 672.7 657 642.3 632.7 631 626.4 626.4 626.4 627.2 630.2 633 639.5 649.1 668.7 693.3 727.5 758.8 773.7 779.1 796.3 806.7 818.4 827.5 835 843.7 853.3 861.9 872.1 881.2 888.2 894.4 896.6 895 891.8 888.3 883.4 877 869.2 861.2 855.2 851.1
598.8 608.6 620.3 627.3 636.7 647 645.4 634.2 631.7 624.9 615.3 608.1 601.5 598.3 603.5 612.4 620.2 633.9 648.4 663.1 676.1 684.7 691.9 702.9 714.5 724.4 734.1 744.3 754.1 762.3 765.2 765.9 765.7 757.8 725.7 683.2 657 644.3 631 626.4 626.4 626.4 626.4 626.4 626.4 627.4 630.7 635.3 641.8 650.5 661.1 684.8 711.6 734.1 750.1 775.6 789.7 800.6 813.4 824.5 833.6 842.3 852.7 863.3 874.7 883.3 890 893.9 894.5 893.2 890.8 887 881.7 875.5 868.6 862.6 857.8 854.2
598 608.2 617 625.4 634.1 648 647.6 636.4 622.9 618.1 608 600.9 592.4 589.3 592.7 601.8 610.1 620.5 635.2 651.6 664.8 672.8 681.2 691.4 701.9 711.9 720.1 731.4 743 751.8 756.9 759.1 756.3 728.6 691.4 658.4 636.4 626.4 626.4 626.4 626.4 626.4 626.4 626.4 627.5 628.4 631.4 636.1 643.2 651.8 665.4 688.8 708.6 730.8 741.6 760.6 783 798.2 811.4 823.6 833.2 842.8 853.4 866 875.2 882.4 887.4 889.9 890.2 888.7 885.9 881.9 877.3 872.2 866.6 862.2 858.6 856.2
594.2 604.7 615.2 622.7 632 642.6 644.1 636.1 625.4 618.2 603.5 593.2 585.5 580.9 583.4 591 601.2 610.6 623.8 638.6 649.9 659.3 669.5 678.4 687.3 695.7 705.2 717.8 729.7 741 748.6 751.6 739.3 700.6 667.1 642.5 626.4 626.4 626.4 626.4 626.4 626.4 626.4 629 633.1 634.6 636.7 641.5 647.9 659.2 675.8 706 727 745.6 758.6 772.3 791.4 804.6 816.7 827.8 837.9 847.4 857.7 867.4 873.8 878.9 882.6 883.5 883.3 881.4 879.1 875.3 871.4 867 863.7 859.7 857.1 855.2
589.2 600.5 611 618.6 628.3 638.2 641.3 635.1 620.9 612.9 600.2 587.9 578.4 572.4 575.4 582.2 592.5 602.2 612.8 625.1 636.4 646.5 655.9 665.2 673.5 680.1 690.7 703.1 716.6 729.8 738.5 742.4 729.4 689.7 655.7 626.4 626.4 626.4 626.4 626.4 626.4 626.4 629 633.5 639.2 643.3 647 653.4 662.4 669.7 694.5 715.9 732.3 752.1 769.1 782.1 796.8 812.3 824.1 835.1 844.6 854.5 863.4 868.7 872.9 876.7 876.8 876.5 874.8 872.4 869.2 866.5 863.1 860 857.3 855.3 853.7 851.8
586.2 596.6 607.3 614.1 623.7 634.2 639 634.1 621.9 610.2 597.8 584.4 574.6 566.9 568.6 574.7 582.4 591.7 601.9 611.9 619.6 631 641.6 650.8 658 666 677 689.3 704 717.8 727.8 731.6 718.7 677.4 649.7 626.4 626.4 626.4 626.4 626.4 626.4 627 631.7 637.1 643.9 649.2 655 661.2 672.1 687.1 708.5 725.3 743 763.2 777.1 790.2 806.5 823.3 835.9 846.8 855.3 862.7 868.8 873 874.7 874.7 872.9 869.2 864.7 859.5 854.6 852.6 850.2 848.9 848.2 848.9 847.8 846.7
581.8 591.2 600.9 609.1 618.8 628.2 634.4 631.5 620.7 608.9 596.9 584 571.7 563.3 561.1 566.9 573 581.2 589.9 599.6 606.9 613.8 626.6 635.4 642.9 652.3 664.5 678.3 693.1 707.3 717.5 723 708.4 667.8 644.1 626.4 626.4 626.4 626.4 626.4 626.4 627.3 631.6 638 645.4 651.7 660.1 669.2 681.5 699.1 719.4 736.2 753.2 770.9 786 806.2 824.9 840.1 851.6 858.1 863.3 869.3 874.3 876.5 876.9 874.6 870.9 864.8 853.6 843.8 839.6 837.4 835.5 836.7 838.7 840 838.3 837.6
575.8 586.2 595.8 603.7 613 623.1 627.6 624.9 616.7 604.7 595.3 583.7 568.4 560 553.3 557.4 562.9 570.7 578.6 586.5 595.1 603.5 612.9 621.6 630.4 640.3 652.1 669 684.5 698.9 710.1 715.9 696.9 663.8 640.5 626.4 626.4 626.4 626.4 626.4 626.4 627.9 632.3 640.2 649.2 660.2 670.5 677.7 690.2 707.9 726.5 744.6 763.8 783.9 802.9 823.2 839.5 851.1 859.1 865.1 869.6 873.8 877.5 878.8 877.6 874.2 869.6 861.9 847.8 835.8 826.3 822.1 820.4 819.8 825.9 826.4 827.2 827.1
569.1 581.2 590.3 597.7 605.9 615.1 618.6 618.2 611.1 600.8 588.6 580 568.5 558.8 550.5 550.5 553.4 559.7 568.1 576.5 584.9 592.1 601.3 610.3 620.6 633 645.8 663 678.2 691.8 702.2 705.5 688.4 657.1 638.3 628 626.4 626.4 626.4 626.4 626.4 629.7 635.7 645.4 659.3 670.4 681.4 693.9 707.5 719 736.7 758.7 779.6 798.2 816.1 832 845.2 855.3 863.9 869.3 873.7 876.8 879.2 879 877.3 873.2 867.4 859.1 844.8 830 817.4 805.5 802.1 804.1 808.1 810.6 811.6 813.8
563.7 575.6 584.7 591.5 598.6 606.2 611 611.2 603.4 595.2 583.1 574.4 566.4 557.8 549.8 545.3 546.1 550.6 558 566.1 573.8 581.5 589.8 600.5 611.1 625.9 640.4 657 672.3 685.8 695.2 696.5 674.3 649.5 635.1 630.6 626.4 626.4 626.4 626.4 627 633.4 643.3 654.4 666.4 678.1 689.4 702.9 716 728.7 745.9 764.2 780.7 798.5 814.6 828.6 842.7 853.7 863.8 869.8 874.5 876.7 877.7 877.2 875.3 870.8 865.8 857.7 844.8 830.5 815 796.4 787.8 785.9 787.1 787.9 790.8 795.9
559.2 570.7 579.2 586.6 592.8 597.2 601 600.3 594.2 587.3 576.5 568.7 561 554.1 548.8 541 540 542.4 547.8 556.5 562.5 570.4 580.9 590.9 605.6 618.5 634.5 650.8 666.1 680.2 686.3 682.9 662.8 643.4 633.5 635 630.2 626.4 626.4 626.5 629.7 639.2 648 658.4 672.6 682.9 695 707 718 730.3 746.6 762.4 776.2 793.1 808.2 822.1 835.8 847.9 858.7 867.4 872.1 873.9 873.9 872.2 870.3 867.8 863.5 857.7 849.5 833.6 818.7 801.2 784.9 767.5 765.7 765.5 769.4 775.2
554.7 565.4 574.5 581.9 587.2 591.9 591.4 590.1 586.9 578.2 567.6 559.7 552.7 549.4 545.5 541.1 533.6 537.5 540.3 546.9 554 562.1 571.9 584.2 599.2 613 627.8 645.5 659.6 670.3 675.1 668.8 650.1 635.3 629.2 630.6 629.9 627.4 626.4 628.7 633.2 641.7 649.3 664 674.5 684.4 694.3 706.1 716.1 727.3 742 758 772.4 786.5 801.4 815.4 829.1 841.2 852.5 861.8 866.1 868.1 867.2 865.6 864.3 863.9 861.1 856.5 850.5 841.8 828 811 790.4 771.2 750.4 744.3 746.8 752.9
552.4 561.8 569.9 577.5 582.2 583.4 585.1 582.2 577.8 569.1 561.6 550.1 546.3 543.3 541.3 538.7 533.5 533.3 535.6 539.2 546.4 554.2 563.5 576.6 590.8 607 621.5 638.3 650.1 659.2 662.8 653 638.9 627.2 624.2 624.5 625.8 624.6 626.4 628.7 634.7 641.3 651.7 664.6 673.6 682.2 692.2 703 711.5 720.4 734.5 749 765 779.5 794.7 808 821.4 834.2 845.5 854 856.5 858.1 857.9 856.3 856 856.7 856.2 854.9 851.3 844.9 834.8 820.3 798.8 772.7 749.3 722 723.8 728
551.5 558.9 566.4 572.8 576.5 579.4 578.5 571.5 567.4 560.3 551.9 543.5 539.4 537.8 536.3 534 532.3 528.8 530.9 533.9 540.8 546.9 556.2 569.9 586.1 601.3 616 630.2 641.7 647.1 647.5 637.1 626 619.5 618.3 618.3 619.4 623.2 625.1 627.7 633.7 640.3 650.4 662.4 670.5 678.7 685.5 696.5 703.3 711.7 723.6 737.1 754 769.2 785.5 799 813.2 826.1 836.2 842.3 845.4 847.2 847.2 847.1 847.6 849.6 851 851.7 848.9 842.5 833.5 821.1 805.1 778.9 752 726.8 703.6 694.4
550.1 556.8 563.2 569.9 574.8 574.7 572.6 565.6 561.6 550.6 542.5 536.3 533.6 532.2 531 530.6 529.9 527 526 529 533.5 540.1 550.7 563.4 578.8 595 609.2 621.4 631.2 632.3 630.3 621.9 614.6 611.5 611.9 612 612.2 617.5 621.1 625.5 632 638.3 647.7 657.9 664.4 669.2 675.7 684.2 691.5 700.9 711.1 725.1 740.6 758 774.9 790.9 804.1 816.3 825.9 830.9 833.5 835 835.7 835.9 839.2 842.6 845.8 846.8 844.9 838.7 829.1 817.8 801.3 781.6 757.1 731.2 699.5 672.8
546.8 554.3 561 568 572.9 573.8 569.8 560.4 552.1 543.3 535.9 531 528 526.9 525.7 526.5 526.3 524.1 519.9 523.7 528.4 534.7 543.2 557.5 571.2 587.2 601.3 610.3 614.8 614.8 615.4 607 602.3 601.8 605 605.3 606.1 612.1 617.5 621.4 627.7 633.4 641.8 651.1 653.4 655.1 660.4 664.2 674.1 685.9 698.4 713.6 730.5 747.6 763.6 779.6 794.2 805.8 814.5 818.4 821.1 822.5 824 827.5 830.8 835.3 838.8 840.8 838.6 832 822.6 810.2 793.2 775.8 756.2 725.4 689.7 660.4
543.7 550.1 557.9 564.8 570.2 572.6 569.4 560.1 548.5 539.8 533.9 528.8 525.6 523.9 522.4 521.5 521.6 520.8 518.9 518.5 523.3 529.5 538.9 552 565.3 581.5 590.9 597.4 601.8 601 599.4 592 589.7 591 596.1 598.1 601.7 606.8 612.1 616.5 622.5 628.2 634.9 642.5 639.9 639.1 641.8 646.7 656.5 668.9 685 701.6 717.1 737.5 751.8 767.9 781.1 792.3 799 802.9 806.6 809 812.9 817.7 822.9 828.7 832 833.3 830.5 824.4 814.1 800.2 783.8 767.5 753.5 719.6 679.4 652.3
539.2 545.2 552.7 560 566.1 570.4 571.7 559.9 548.1 537.6 529.5 524.9 523.4 520.7 518 518.2 517.8 517.2 515.2 515.3 518.5 524.5 533.6 546.9 560 573 581.2 586.4 587.8 587.4 585.1 579.5 576.5 577.7 586.5 592.4 595.9 600.6 606.9 612.6 618 621.5 627 630.7 626.1 623.9 625.6 629 640.8 656.4 674.3 693 705.3 725 741.3 755.5 768.1 777.3 784.3 790.3 794.2 796.3 803.4 810.4 817.5 822.5 825.3 824.9 821.8 815.2 805.4 791.3 773.9 759.9 747.6 709.7 673 649.3
532.2 539.8 545.7 553.6 559.9 563.9 566.3 556.8 545.2 534.6 527 523.1 521.7 518.6 515.3 514.5 514.3 513.5 512 511.5 515.1 518.9 527.4 542.8 552.8 563.5 570.2 572.1 575.2 573.2 569.9 566.5 564.6 564.2 574.5 585.2 590.3 593.6 601.3 607.6 612.3 614.1 616.3 617.1 612.1 609.7 609.2 613.2 629.9 645 662 679.3 696 713.6 729.8 743.8 754.5 763.2 769.7 775.8 780.7 784.3 793.2 802.4 810.2 816.6 818.4 816.1 811.7 804.7 794.7 780.6 763.3 749.9 736.6 694.6 664.3 643.8
526.7 534 539.8 545.1 552 557 559.1 553.5 544.9 534 526.9 522.3 519.7 517.5 513.5 510.5 509.3 510.3 509.6 509.1 512.1 516.2 525.7 538.4 546.9 554.4 559.9 561 560.7 556 555.7 553.4 552.2 549.4 563.4 576.8 583.7 588.3 596.1 601.5 605.8 606.1 604.8 604.7 598.8 594.7 592.3 600.3 618.1 635.6 651.6 670.2 687.2 704.7 720.7 733.1 741.8 750.3 757.1 760.2 765 774.3 785.3 796.1 804.6 810.7 810.3 807.5 801.6 794 782.6 767.6 752 738.3 723.3 685.8 654.2 640
517.2 527.5 535.6 537 543.5 545.9 552 549 539.4 527.7 523.1 520.6 518.7 515.8 513 509.7 507.7 506.9 507 507.4 509.9 516.3 524.7 534 541.4 545.9 548.6 550.7 549.4 545.4 542.4 541.7 540.7 540.8 553 564.4 574.9 582.8 589.8 595.3 599.2 598.8 595.9 590.7 583.3 579.5 578.3 590.1 609.4 627.9 643.8 662.3 679.3 695.4 710.6 722.5 731 737.8 743.2 748.7 755.2 767.5 780.1 792.9 801.9 805.5 803.5 798.4 791 782.7 771.4 756.2 740.6 726.7 710.2 674.1 647 630.9
504.2 516.9 525.6 529.4 532 537.3 540.9 539.4 533.6 525.3 519.9 518.8 516.3 512.2 510.3 507.8 505.1 504.8 501.9 506 509.2 516.5 523 528.8 534.2 536.5 538.6 541.2 536.5 530.3 531.2 530.2 528.5 533.5 542.3 555.2 568.4 576.7 583.6 589.8 593.3 591.8 586.3 579 571.5 567.7 567.5 580.1 602.4 621.8 639.2 655.5 672.2 686.9 700.6 711.6 719.5 725.9 732.7 735.8 750 763.8 776.4 788.8 797.2 799 796 790 781.7 770.9 757.2 744.1 731.3 716 690.3 657.2 634.1 612
488.8 500.9 511.5 517.1 520.4 526 529.7 529.3 524.5 521.4 516 514.8 512.4 508.5 506 504.2 503 502.8 502.3 505.6 509.7 515.5 519.9 523.9 525.9 526.8 528.5 525.3 523 520.1 519.8 519.4 517.7 522.9 533.9 548 560.9 571.2 578.2 583.9 587.1 584.8 577.3 567.3 560 554.8 558 572.8 594.4 614.5 631.8 647.5 662.5 676.2 687.8 699.2 708.1 715 718 732.6 746.1 759.8 774.8 786.9 792.4 792.6 788.2 781.5 771.7 759 746 733.4 720.5 704.9 671.2 636.8 617.5 595.3
471.2 480.2 495.8 501.9 507.1 509 514.5 517 517.3 515.3 510.9 509.4 507.4 504.8 502.1 500.8 499.9 497.2 502.7 505.8 510.5 513.4 515.6 518.9 518 516.4 516.7 513.1 509.1 503.3 505.9 508.1 503.1 517.7 526.3 538.3 553.6 564.6 572.3 577.5 579.6 576.6 568.7 557.5 549 543.4 549.6 566.2 587.1 605.9 623.5 638.9 651.9 663.6 674.1 687 697.3 703.6 711.5 729.9 743.8 759.1 775.2 785.8 788.6 786.3 781.3 773.2 761.1 748.7 734.4 721.6 708.1 688.5 653.7 618.8 596.7 579.6
454.7 464 474.7 484.6 490.9 498.7 499.9 504.1 506.8 506 504.6 503.8 502.4 500.7 498.6 497.4 495.5 496.4 501.9 506.4 510.4 514.2 514.8 508.2 510.8 509.6 503.9 501.9 497.5 494.6 497.3 497.8 496.7 509.7 521.3 530.7 546.8 558.3 566.5 571.5 571.2 564.2 555.1 545.1 538.5 531.8 542.5 560 580.1 596.3 612.2 627.8 639.4 650.7 663.9 675.2 684.3 685.2 709.9 727 743.3 760.1 776 783.6 784 780.9 773.7 763.4 749.8 733.6 721.9 708.1 692.3 668.5 635 602.9 581.7 570.4
439.4 449 455.5 464 474.1 479.9 485.8 488.7 491.8 494 494.3 496.2 496.9 495.6 493.8 492.8 489.3 495.3 502.3 507.8 511.8 514.6 514.3 509.4 503.5 494.4 495.5 492.2 487.2 484.3 487.5 487.2 488 501.7 514.3 523.8 539.9 551.3 559.5 563.4 560.5 554.2 546 535.5 527.5 525.7 537.7 552.4 571 586.6 598.9 611.5 625.8 640.1 652.1 660.8 666.8 687.3 708.8 725.6 745.1 761.5 775.6 779.2 777.7 773.5 764.5 752.9 739.1 723.8 709.5 695.7 677.7 650.6 620 592 575.9 562.1
418.1 430.2 436.9 447.8 456.3 463.1 468.7 473 477.7 480.4 481.8 484.6 486.2 488.3 489 486.7 477.9 494.7 502.5 509.6 514.1 516.1 514.5 507.9 498.9 491.7 486.4 482.7 477.3 476.6 477.1 475.2 481.1 492.5 504.4 515.3 530.3 542.8 549.5 551.3 549.1 544.1 536.3 525.1 519.9 520.3 531.7 544.6 558.7 574.3 584.7 599.5 613.3 626.9 638.3 645.7 662.7 684.1 708.2 726.3 748.6 761.5 770.7 773 770.8 765.1 756.2 745.6 730.9 714.3 698.7 682.5 662.3 635.7 608.9 585.2 569.8 555.1
401.6 407.8 420.9 433.9 440.6 447.4 453.8 457.3 462.1 464.8 469.8 473 476.5 478.7 478.7 476.5 482.6 492.9 501.8 509.8 514.8 519.2 518.4 510.5 498.9 488.3 480.1 468.3 468.4 466 467 465.1 473.8 482.3 494.1 504.7 517.8 527.3 536.1 538.8 535.6 531.8 525.8 517.8 511.3 514.4 523.5 536.5 547 559.9 573.3 587 599.1 611.8 622.5 637.3 659.7 683 704 727.7 747.5 757.5 764.8 765.7 762.9 756.5 747.4 737.1 722 705.5 685.9 665.9 643.2 619.8 595.9 576.7 562 550.8
383.5 395.8 403.3 421.3 426.7 433.9 440.3 445.5 448.9 453 458.2 460.6 464.4 468.1 468.2 462.1 476.9 489.3 497.1 504.8 511.7 522.1 521.9 513.8 501 488.5 476.5 468.4 456.4 456 459.7 460.3 466.2 471.7 482.1 493.8 506.6 517.6 520.6 524.6 524.5 521.6 516.4 509.3 501.6 507.6 514.8 526 536.5 547 558.7 571.6 580.8 585.5 604.4 634.5 655.7 677.9 699.1 722.6 739.2 749.6 756.2 756.3 753.2 747 739 729.7 716.1 696.6 673.6 650.2 626.8 602.5 584.3 567.6 554 544
372.2 381.5 388.6 400.6 409.8 420.2 419.9 429.8 435.5 440.6 445.8 450.3 452.9 455.4 456.6 460.2 470.5 481 490.5 501.5 512.4 524.3 525.7 515.7 502.3 489.6 475.7 468.1 459.7 453.6 454.2 455.5 458.6 462.4 469.9 478.7 489.2 499.5 507.1 511.7 511.1 509.7 506.2 501 495.9 499.6 506.7 515.6 525.1 533.9 544.1 546.1 554 576.4 606.9 633.1 655.5 675.5 695.7 714.2 728.4 737.7 743 744.6 742.2 735.5 729.3 721.2 708.2 688.2 663.1 638.6 613.5 590.4 573.7 557.9 547.9 539.7
359.1 366.6 375.6 380.1 390.5 402.7 407.7 412.3 420.4 427.4 431.6 437.9 441.8 444.4 438.4 453.9 465 474.7 486.2 498 511.3 523.3 527 517.4 503.2 489.9 477.1 467.5 458.5 453.2 450.9 450.9 452.1 454.9 460.1 466.8 475 485.1 493 498 499.7 499 496.7 493.8 487.8 492.5 499 506.3 516.1 524.1 528.3 534.5 552.4 581.9 610.1 637 655 673.7 689 703.3 713.4 722.2 728.1 730.4 729.6 725.6 718.8 711.4 698.9 679.1 653.9 629.8 605.3 584 565 551.6 542.4 534.7
344.6 349.3 359.8 367.9 375.3 384.1 390.7 398.5 405.7 412.2 417.5 424 428.5 430.1 428.1 445.8 457.3 468 481.2 494.5 508.3 519.9 525.1 519.8 505.6 490.8 478.6 468.3 459.4 452.4 447.9 447.7 447.3 447.8 451.3 457.9 464 471.7 479.3 484.2 488.1 489.2 488.2 485.6 482.4 485.7 491.1 497.2 504.4 510.7 520.6 538.7 563 587.9 611.4 632 648.5 665 677.5 689.9 698.7 707.7 713.2 716.9 717 714.4 708.5 700.9 688.5 670.2 646.4 623.3 601 579.3 559.8 545 535.3 528.2
332.1 339.5 348 355.4 362.9 369.6 376.3 385.6 392.1 396.8 403.9 407.7 413.5 409.7 426.9 438.8 448.7 461.7 476.2 489.5 502.7 512.6 520.9 519.6 510.2 493.2 479.7 469.1 460.1 451.5 446.6 443.5 443 442.9 444.6 448.5 454.1 461 467.7 472.5 476.6 479.1 479 477.4 473.7 478 482.4 488.2 497.9 509.5 525 546.7 570.3 588.3 607 622.9 637.3 649.8 661.4 673.8 684.2 692.3 699.1 704.1 705.3 703.3 697.2 687.1 674.5 657.8 639.5 620 596.8 575.2 555.2 539.2 528.6 521.8
