app/static/ascii/NO38.asc
ncols 200
nrows 200
xllcorner 330000
yllcorner 780000
cellsize 50
[rows 105 to 139 of 200, columns 0 to 77 of 200]
401.2 400.8 400.5 400.3 399.6 397.5 396.1 399.2 402.5 406.8 411.9 421.5 435.4 447.8 454.9 453.1 452.8 456.4 449.7 443.9 436.8 436.9 453.4 479.8 510.2 538.6 565.8 584.7 596.2 607.8 618.1 627.5 634.7 639.7 641.2 639.8 637.2 633.3 627 618.7 611.1 603.7 593.4 583.1 578.3 589.8 593.1 594.3 597.1 595.3 592.8 586.4 583.1 578.5 575.6 564.2 578.5 598.6 611.4 620.3 636 647.7 648.5 663.3 669.3 673.1 677.3 681.5 684.6 687.7 692.6 693.4 692.5 691.3 690.6 689.6 688.9 687.9
401.6 401.2 400.8 400.6 400.3 398.4 396.7 401.8 406.5 413.1 417.9 427.4 441.7 453.6 461 461.3 469.7 470.1 465.2 458.3 449.2 446.3 446.3 470.4 501.9 532.2 564.8 588.2 600.1 609.3 618.5 627.2 633.6 638.1 640.1 639.2 636.4 632.7 626.1 617.3 608.8 600.9 591.3 580.8 589.7 596.9 601.6 603.6 605.2 606.3 604 598.5 595.1 591.9 587.8 582.4 582.7 605.5 617.2 625.7 636.7 650.9 651.3 662.8 667.7 671.7 676.3 679.7 682.9 686 690.6 691 690.1 689.4 688.7 687.9 686.9 686.9
401.9 401.5 401.2 400.9 400.6 398.8 396.7 404.2 411.4 419.3 425 439.6 454 461.5 467.4 479.7 485.2 484.9 480.6 472.1 460.4 458.4 448.3 459.3 487.3 519.6 553.3 583 599.3 607.7 617 625.7 631.8 635.5 637.8 637.6 635.2 631.5 625.7 617 608.3 599.9 591.6 585 595.9 603.2 608.5 611.4 613.1 615.2 615.4 611.6 608 603.8 601.1 597.2 587.7 607.7 621.9 631.4 643.3 655.1 660 658.1 661.9 668.2 673.3 677 680.8 684 687.9 688.2 687.5 686.8 686.1 685.5 684.4 684.3
402.3 401.8 401.5 401.2 400.1 398 398.7 406.5 414 423.1 433.4 454.4 468.8 470.6 480.2 491.9 498.5 498.9 493.4 483.9 475.7 471.7 463.8 453.5 472 502.3 533 564.4 590.1 604.5 614.6 623.7 630.1 633.7 635.1 634.6 633 629.8 624.8 617.7 609.3 600.8 594.7 588 601.1 608.2 614 618.1 620.7 624.6 625.9 624.1 620.5 614.6 612.5 612.1 603.7 610.4 631.8 643.7 648.7 660.2 666.5 665.2 665.2 666.2 670.8 676.4 679.2 682.1 684.8 685.3 684.6 683.8 683 682.6 681.9 681.4
402.6 402.2 401.8 401.2 399.1 397.3 400.5 407.9 415.5 424.5 439.3 458.3 477.1 485.7 492.8 502.9 508.5 509.3 504.3 496.2 491.7 487.5 478.9 458.9 463.4 479.6 508.4 538.8 570.8 599.3 612.1 620.8 626.5 630.1 630.7 630.6 630.3 628.3 624.5 618.5 611.3 601.9 596.1 592.6 605 613 619.1 624 627.6 633.3 635.8 635.2 630.7 624.3 624.3 623.3 622.9 616.8 639 647.7 652.5 665.2 670.1 670.3 670 668.4 669.7 675.9 678.7 680.2 682 682.3 681.5 680.7 679.7 679.7 679.5 679.5
402.5 401.7 401.2 400.4 398 398.4 400.9 408.8 416.7 425.4 440.8 461.4 480.9 494.2 506.3 510.4 513.4 514.9 514.1 510.5 510.9 508.4 496.5 478.2 460.5 473.7 493.4 526.2 563.1 591.8 606.2 615 621.7 625.5 626.9 627.8 628.3 626.8 624.4 619.6 612 604.2 598.5 594.5 608.4 617.6 624.5 631.3 635.8 639.2 644.4 644.6 639.6 635 635.4 635.2 639.3 627.9 637.9 648 655.8 669 672.1 673.2 673.4 672.8 671.6 673.6 679.4 678.5 679.4 678.2 678.1 677.4 676.4 677.8 678.1 678
402.7 398.6 398.9 398.6 398.1 399.9 402.5 409.3 416.7 427.1 443.2 463.8 484.1 502.4 515.2 516.7 518 518.6 520 522.9 529 526.4 516 498.8 476.3 467.3 482.6 509.1 544.7 580 598.4 610.6 618.5 623.3 625.7 626.8 626.7 626 624 620.2 614.5 609.8 602.2 596.2 612.1 623.2 632.1 638.2 641.7 645.2 650.2 650.7 647.2 645.5 645.8 643.2 648.5 640.3 638.1 650 658.8 669.6 673.2 674.5 675.8 676 675.6 671.5 676.8 676 675.7 676 676.1 675.8 675.9 675.7 676.8 678.1
402.2 398.6 398.6 398.6 398.3 401.2 404.4 410 418 428.8 445.3 465.9 485.8 503.8 516.4 522.3 523.4 525.9 530.2 538.3 544.5 544.8 535.9 517.1 495.7 470.7 478.2 494.4 523.5 563.5 596.3 612.3 619.3 622.1 625.3 626.9 627.3 626.5 624.6 622.1 619.6 615.7 606.7 599 614.5 626.4 635.5 643.2 647.7 651.2 653.4 655 652.2 651.7 652.9 650.2 653.6 652 648.2 652.3 662.6 669.4 674.3 675.6 676.3 677 676.7 674.4 674.5 674.7 673.6 673.5 673.5 673 673.1 672.7 674 674.6
400 400 399.9 399.9 400.5 404.4 407.5 412.1 418.3 427.1 444.7 466.1 486 504.5 518.3 526.8 532.6 539.1 543.6 548.9 552.9 554.5 552.4 536.3 514.5 487.2 475.1 488 506.9 548.7 586.6 608.4 616.3 621 624.2 626.9 627.3 627 626.1 625.3 623.8 620.7 611.2 600.8 614.9 627.6 638.1 645.3 650.9 654.8 655.8 656.9 656.1 656.7 657.3 655.5 657.7 659.4 657.5 649.7 664.4 668.7 674.9 676.7 676.9 676.6 675.7 673.7 673.4 672.7 671.8 670.6 669.2 668.6 667.1 668.7 670 668.1
400.2 399.5 401.2 401.8 401.9 405.6 410.7 414.9 422.3 432.6 449.5 468.3 488 507.3 521.1 533.2 541.9 547.2 551.9 556.3 559.9 562.4 564.7 555.1 535.4 505.8 479 483.7 499.7 530.2 567.2 596.6 612.4 619.1 622.7 624.7 626.2 627.2 627.8 627.5 626.3 623.1 615.3 609.8 613.8 627.9 638.7 646.8 652.4 655.7 657.3 657.9 658.6 660 660.4 661.2 663 663.6 662.4 654 660.2 667.3 673 674.5 674.9 674.6 673.7 672.8 671.7 670.1 667.3 665.9 664.6 662.4 660.9 663.6 663.8 662.9
399.6 400.9 401.8 402.5 403.2 406.8 412.1 417.6 427.5 438.9 451.4 468.6 485.7 503.3 520.9 533.5 544.2 551.4 557.1 562.1 567.1 570.3 574.5 574.1 552.9 519.5 493.4 478.2 492 509.2 540.4 573.8 600.5 613 616.9 620.8 624.3 626.5 628.2 628.5 627.7 622.8 621.9 622 612 624.7 637.4 646.7 652.3 656.2 657.9 659.5 660.3 664.3 664 665.5 665.6 666.9 665.8 659.2 660.2 665.2 668.5 669 671.5 672 671.2 669.9 668.1 665.5 663.7 662.7 660.4 658.8 656.3 658.2 659.2 659.5
400.6 401.7 402.7 403.7 405.8 408.9 413.5 420.4 431.7 441.6 452.1 467.6 483.9 498.5 516.5 532 544.6 553.6 562.2 569.3 574.5 579.1 583.3 584.7 567.3 536.5 508.5 489.5 488.5 500.5 519.8 548.1 577.4 599 610 616.1 620.8 625.3 627.9 628.9 628.7 625.5 627.7 630.1 627 621.8 635.3 644.9 651.1 655.5 657.2 659.5 661.4 666 666.3 667.7 667.9 668.3 666.4 662.5 662.5 664.9 664.9 664.7 668.1 668.4 667.5 666.5 664.1 662.1 660.3 658 657.1 655.1 653.8 655.6 657.4 657.5
400.9 402.4 405.9 406.1 408.3 410.2 415.2 422.5 433.5 445.2 456.4 470.1 484.8 497.8 514 530 544.1 556.6 567 576.5 583.2 589.5 594.2 595.7 584.9 552.1 523.2 500.4 489.4 494.3 504.7 521.4 547.6 579.7 601.6 611.6 616.8 623 626.4 628.3 628.8 629 631.8 635.6 635.7 635.4 632.2 640.8 648.7 653 655.6 658.4 662.6 666 669.3 670.4 669.9 669.1 665.7 661.3 662.5 665.6 662.9 663.4 665 664.5 663.7 662.5 660.4 657.9 656.4 655.2 654.1 652.2 650.3 651.7 655.3 655.6
400.4 402.9 405.6 406.6 408.5 410.7 417.8 424.7 435.1 446.9 459.6 473.1 486.8 499.7 514.3 531 545.7 559.9 572.9 582.1 590.5 598.4 604.4 607.2 602.4 570.5 538 512.3 497.3 491.1 500.1 509.9 525.7 553.9 579.9 599.5 609.3 616.1 621.5 625.2 628.1 631 635.8 638.7 640.7 641.4 643.9 640.6 639.7 646.3 652.3 658 662.9 666.4 669.8 671.3 669.7 668.2 664.4 660.3 660.2 663.5 661.8 661.3 660.8 660.8 659.7 658.6 656.6 654 654.3 652.3 650.5 649.2 648.4 652 654.5 654.9
401.4 402.9 406.3 408.1 409.6 413 418.3 428 438.2 449.5 460.8 474.3 488.2 501.5 516.4 534.6 552.9 569 582.7 592 599.5 606.5 612.9 614.9 614.1 589.5 555.3 527.1 508.3 498.8 497.2 506.4 515.1 529.4 553.4 570 586.1 593.5 606.3 616.9 625.9 632.3 637.6 641 644.1 646.1 649.5 646.4 644.8 641 648.3 657.1 662.6 665.9 668.8 670.3 668.6 666.2 662.1 659.6 662 660.5 658.8 657.6 657.7 657.2 655.3 653.9 652.5 651.7 650.5 649.4 647.3 647.3 649.1 649.9 651.9 653.4
400.6 402.7 405 408.5 410.8 415 420.9 431.1 441.7 453.4 463.8 477.2 491 504.3 521.3 539.5 558.7 577.3 593.9 604.6 611.7 617 619.5 619.9 619.4 607.2 575.7 552.3 529 511.3 504.3 503 509.1 519 529.6 539.2 547.4 567.7 589.6 605.5 617.7 630.4 638.6 642.9 646.9 650.2 651.7 651.4 650.3 647.6 644.4 652.3 657.8 661.8 665.5 665.8 665 662.4 658.7 657.9 658 656.4 655.5 654.8 655 654.2 652.4 650.9 650 648.5 647.2 646 645.7 648.3 649.4 650 650.2 652.2
399.3 402.7 405.7 409.6 412.2 415.8 424.3 434.2 445 456.4 467.9 480.3 493.9 509.3 527.4 547.1 565.7 584.6 601.5 613.9 621.2 624.2 625.4 624.6 622.7 618.4 602.8 582.7 552.9 531.6 513.8 514.6 513.6 512.2 515.1 517 529.1 547.6 568.8 588.9 608 626.7 638.4 645.2 649.2 652.9 654.6 653.8 653.2 652.9 647.2 648.8 653 655.6 658.5 658.6 659.6 657.5 655.1 654.7 655.4 654.2 653.3 653.2 652.9 651.8 650.6 649 647.4 646 645.6 644.8 646.2 647.3 648.5 648.5 648.5 650.1
399 402.5 407.7 411.4 414.8 418.6 426.6 438.4 449.7 461.1 473.4 485.5 499.3 515.9 537 556.1 573.7 591.3 608 621 625.9 629.5 629 626.6 623.5 620.5 615.6 601 583.3 557.3 534.9 533 529.7 530 536 536.7 529 529.2 545.7 568 586.8 610 635.1 646.3 650.6 655.2 657.8 657.1 655.2 654.8 652.7 649.3 650.1 652 653.2 653.9 654.1 652.8 651.4 652.5 652.1 651.7 651.4 651.6 651 649.4 647.8 646.3 644.6 645.3 645.2 644 645.6 646.5 647.5 647.2 647.2 648.9
399 403.2 409.2 414 418.3 423.9 432.1 444.6 455.2 466.6 479 491.2 504.6 520.9 541.5 561.7 580.6 594.7 609.6 621.3 627.7 631.4 631.3 627.6 624.6 621.4 618.5 611.3 598.2 583.6 571.4 562.2 557.5 559.7 561.9 559.6 551.6 540.3 529.1 543.3 564.6 593.7 623.4 641.1 650.2 657.1 660.4 659.1 656.8 656.6 654.7 652.3 649.7 650 649.7 650.2 650.5 649.7 648.9 649.4 650.3 650.1 650.5 650.1 648.1 645.7 645.1 643.6 642.9 643.4 643.9 644.4 644.4 645.2 646.1 646.4 645.9 648.3
399 403.2 411 417.3 425.2 432.1 442.9 452.4 461.5 473 484.4 497.9 510.9 525.2 546.3 565.8 584.2 597.3 610.6 620.4 626 628.9 629.6 625.3 622.6 620.1 617.7 613.7 605.1 586.8 599.3 597.5 595.9 594.5 591.4 586.5 577.5 566.3 542.5 533.6 544.8 572.8 604.6 629.3 646.7 656.5 660.2 660.3 657.5 656.5 654.6 652.1 650.6 649.1 649.2 648.8 648.4 648.2 647.4 647.9 648.1 649 648.6 646.5 644.9 643 642.4 642.3 642 641.7 641.9 642.6 643.4 643.5 644.4 645.2 644.7 647
399 405.1 413.4 421.9 430.8 440.7 451.7 461.4 470.8 480.2 491.2 505.2 522.1 535.5 554.2 571 584.7 599.4 612.5 620.8 624.3 626.9 626.5 623.4 620.1 617.3 614.1 608.8 596.9 605.9 613.5 617 618.6 614.2 609.2 602.6 596.1 580.8 556.4 537.2 541.2 555.4 590.4 616.8 639.1 650.5 655.8 658.2 656.8 654.9 652.5 650.9 649.3 647.9 647.1 646.4 646.4 646.8 646.2 646.4 646.7 646.6 645 642.9 641.4 640.8 641.4 641.6 641.8 642 638.6 640.9 641.8 641.5 642.9 643.2 644 645.3
399 407.5 417.4 427.3 437.2 448 458.8 469.9 478.6 488.1 499.7 515.3 532 547.1 565.9 581.4 593.4 605.2 615.5 623.8 627.6 627.1 625.3 623.1 620.9 617.4 609.4 614.1 614.8 616.8 619.1 622.8 625.2 624.7 621.8 612.7 607.7 591.6 568.7 553 541.4 544.7 567.6 597.1 623.1 640.3 649.4 653.5 654 652 650.2 648.2 647.1 646 645.2 644.8 644.1 644.6 644.4 643.8 643.9 643.3 641.3 639.7 639.8 640.7 641.6 642 642 642.1 639.8 639.5 637.9 639.5 640.6 640.5 642.2 644.4
405.3 414.6 425.8 439.6 452.1 459.1 469.2 477.8 486.5 495.7 507.2 522.6 540.8 560.4 580.3 596 606.6 614.9 622.4 628.5 630.5 629.1 625.7 623.8 621.5 616.8 615.9 618.1 619.3 622.4 624.6 628.2 630.8 629.1 625.5 621.4 614.6 602.2 589 575.8 562.1 551 551.7 573.2 604.3 623.7 639.4 647.8 648.3 645.4 643.5 644.8 644.6 644.1 643.9 643.9 643.1 643.6 643.5 641.8 641.7 638.9 638.2 639.7 640.9 642.2 643.1 644 643.7 643 642.5 641.3 639.2 638.8 636.2 636.1 638.2 642.7
411.4 421 433.7 452 468.9 475.4 482.6 487.2 493.5 502.4 514.1 530.6 548.6 571.4 591.4 605.5 614.9 623.6 629.7 632.5 632.3 629.6 626.4 623.7 621 618.6 619.9 620.5 622.9 626.6 631.6 634.6 633.9 632.7 630.5 627.6 621.6 614.2 609.6 600.7 587.2 567.9 549.2 560.3 583.6 607.1 624.9 634.3 637.5 635.8 638.2 640.5 641.8 639.4 640.8 642.1 642.6 642.8 641.7 641 637.9 636.3 640.3 643.6 643.2 644.1 644.5 645.6 645.5 643.8 643.7 642.5 642.8 641.8 640.6 638.4 635.1 637.9
414.2 427.5 447.6 465.4 480.7 487 490.9 496.2 502.3 510 523.9 539.3 556.9 577.3 597.9 611.7 622.1 629.6 634.4 635.2 633.6 630.6 626.9 623 623.4 623.7 623.8 623.1 626.1 630.4 637.6 639.6 639.7 637.5 636.9 636.1 630.1 625.1 626.9 623.9 608.9 589 570.9 549.7 569.2 590.1 615.2 625.4 629.2 630.7 633.4 635.7 635.7 640.2 641.6 641.6 642.5 641.5 640.1 636.8 635.2 640 643.3 644.9 645.1 645.6 645.9 646.9 647.6 646 646.1 644.5 643.8 644.1 643.6 641.8 638.7 632.4
419.3 436.3 458.3 477.7 489.8 497.2 501.4 507.2 513.4 519.6 532.7 548.7 566.1 584.8 603.9 618.8 628.2 634.8 638.5 638.6 636.2 632.1 629.6 625.9 625.8 627.2 625.7 626.1 629.7 635.3 641.4 643.7 644.1 643.4 643.6 642.1 638.2 635.7 636.8 635.2 621.7 608.4 589.2 570.3 562.2 579.1 604.5 614.1 620 623.8 627.1 631.4 638.9 642.6 644 643.7 643 641.8 639.6 632.5 637.2 641.4 643.9 645.5 646 646.8 648.1 649.2 651.4 649.8 648.5 647.1 645.5 645.4 645.1 643.5 640.9 637.8
426.9 444.8 466.2 486.3 500 507.8 513.3 519.4 526.5 535.5 546.1 561.7 575.1 590.9 608.7 624.6 634.9 640.2 642 641.3 638.7 633.9 631 626.9 628.3 629.8 628.5 630.7 633.1 639.8 644.8 647.1 647.4 649.2 649.6 648.1 643.3 638.8 641.3 639.3 628.3 620.4 607.1 590.5 567.5 573.1 592.2 605.2 613.1 616.5 625.4 629.5 638.3 643.9 645.1 643.2 643.3 641.4 638.7 631.1 635.6 641.5 643.7 645.4 647.1 647.8 650.7 653.1 655 653.3 651.4 649.7 647.6 647.7 647.2 644.3 641.9 642
433.8 452.1 475.1 493.6 506.8 517.7 525 532.3 540.6 550.7 558.9 572.9 584.2 596.3 610.7 626.1 636.8 642.7 644.2 642.2 638.9 634.1 632.2 628.3 631.6 632.4 632 634 638.2 642.3 647.5 649.4 651.1 653.9 654 651.7 644.3 641.3 643.5 639.5 630.8 622.9 614.7 601.3 588.6 568.7 590.3 603.5 607.2 614.5 622 625.8 635.2 641.5 641.4 641.5 641.2 639 636.6 628.3 635.8 642.7 643.4 646 647.4 648.6 653 656.2 657.5 657.6 654.4 652 650 649.3 647.6 645.8 643.9 643.6
440.1 456.7 479.6 498.1 513.1 525.1 535.5 544.1 552.7 564.4 574.3 582.2 590.6 599.9 610.7 624.1 635.5 642.5 646 645.1 641.9 636.2 633.6 631.9 634.9 635.7 636 638.8 643.1 644.9 648.9 651.5 654.2 654.4 654.5 651.3 645 641.7 640.2 634.5 628.8 623.3 616.1 607.3 594.7 568.2 581.3 597.7 603.3 610.2 613.6 619.3 628.5 631.9 633.8 636.1 636.3 635 632.6 626.7 636.8 642 644.8 646.3 647.5 648.8 654.6 658.6 659.4 660.4 658.1 655.1 653.9 651.2 649.7 647.9 645.2 644.7
444.3 461.7 482.2 499.5 516.9 531.6 543.4 552.6 563.6 575.8 584.2 590.5 593.5 601.6 610.4 622 633 640.7 645 646.6 644.8 639.2 638.1 636.8 637.7 639.1 640.6 644.2 649 650.1 652.9 656.2 656 657.1 655.1 649.4 644.7 642.4 636.5 630.7 626 620.2 613.6 605.9 594 572.8 586 586.8 597.6 607.3 610.4 613.6 622.3 625.3 623.8 629.2 629.9 629.4 625.4 629.9 634.2 640.5 644.4 646.5 647.8 650.1 654.6 659.5 661.5 661.2 661.4 659.1 657.6 654.5 653.2 649.6 646.4 645.8
448.8 468.6 484.8 501.8 518.7 536.3 548.4 561 572 582 590.8 596.1 600.2 605.1 610.3 619.6 630.4 638.2 642.4 645.3 644.5 643.6 643.8 642.3 642.7 644.5 645.3 650.4 655.3 657.1 659.1 658.6 659.4 658.9 653.9 647.8 642.6 638.6 631 627.1 622.6 617.7 610.3 600.1 583.7 585 592.1 593 593.5 594 595.5 602.7 608.1 612.7 617.3 621.5 622.3 620.9 624.8 630.7 634.3 637.6 642.9 645.4 648.7 650.7 654.2 658.3 662.7 663.6 663.2 662 660.7 657.8 654.5 650.5 647.4 645.7
451.3 471.9 487.7 505.2 524 541.3 555.8 568.9 579.4 588.8 596 601 605.5 611.3 616.7 622.9 629.5 633.8 638.7 642.7 645.3 647.1 647.9 647.1 648.7 652.3 653.4 656.5 658.4 663.6 662.4 661 660 656.5 650.8 643.3 638.3 633 628 624.2 619.4 613.8 603.7 589.1 585.2 596.1 596.8 599.9 601.2 601.3 609.7 616.9 621.2 623.3 626.8 629.2 626.4 622.8 624.6 628.8 634.1 637.6 640.7 644.3 649.4 652.1 655.1 657.7 661.7 665.1 664.9 664.1 662.9 658.9 654.8 652.1 649.1 646.7
467.3 479.1 491.6 510.9 529.8 545.6 559.6 573.2 584.2 593.9 600.6 606 611.5 618.6 624.6 629.4 633.8 638.1 641.4 644.9 648.2 651.2 652.7 655.5 658.1 659.7 662.7 661.7 663.6 667.9 664.2 661.5 658.8 654 647.4 639.9 635.9 630.9 624.9 619.2 614.4 606.8 597.4 583.7 590.9 599.2 605 607.3 608.6 606.3 613.3 621.5 626.1 630 633.3 634.8 632.5 628.4 625.1 629.5 634.2 638.6 642 644.7 649.6 652.5 655.6 658 662.4 665.7 666.4 665.3 663.4 659.2 654.9 653.3 650.3 648.2
480.4 490.4 496.3 516.4 531 546.3 558.9 573.1 585.4 596.9 605.1 611 617.6 623.2 629.7 636.5 640.4 644.2 647.2 651.2 655 658.6 661.8 664.5 666 667.1 669.8 668.7 668.9 670.7 665.5 662.2 657.8 652 643.3 637.8 633.6 627.7 622.2 616.8 612.1 604.3 593 587.4 596.5 606.7 616 618.4 615.3 610.3 616.4 624.2 629.1 633.2 635.8 635.8 633.8 631.8 627 629.3 634.6 639.2 643.2 646.2 652 653.4 655.7 658.8 662.2 665.4 666.9 665.5 663 659.1 655.5 654 651.4 649.5
492.4 505.1 513.7 512.3 535.9 547.6 558.1 574 587.2 598.2 608.4 616.2 622.1 628.6 634.9 641.4 647.7 651.8 656.5 662.1 665.1 668.5 671.9 673.9 676.1 676.9 677.5 674.7 673.3 672.1 667.4 662.3 657.8 649.8 640.5 635.1 629.5 624.5 619.2 614.3 610 602.1 588.2 595.4 601.3 610.5 619.8 621.2 616.8 613.7 620.7 626.3 632 635.2 636.8 636.1 634.6 633.6 629.4 627.5 633.5 638.5 642.7 646.2 651.8 655.7 657.9 659.6 662.3 665.2 666.5 664.8 662.1 658.6 656 653.3 651.6 649.9
