app/static/ascii/NO47.asc
ncols 200
nrows 200
xllcorner 340000
yllcorner 770000
cellsize 50
[rows 140 to 174 of 200, columns 0 to 77 of 200]
767.3 773.1 774.1 772.1 766.8 758.6 748.4 736.6 724.9 712.4 701.3 689 679.4 667.1 660.5 654.7 648.8 643.3 637.9 632.8 627.7 623.1 623.7 628.7 632.5 633.9 635.9 635.6 634.4 633 629.6 623 615.8 610.9 605.4 598.3 590.1 584 574.4 558.5 568.4 577.2 581.9 580.4 578 575.3 570.7 571.1 570.5 572.1 571.9 572.4 573.1 572.8 568.3 560.1 548.7 528.9 508.1 489.4 472.2 490.6 499 515.6 534.8 546.8 553 553.3 550 547 542.4 526.7 541.3 549.8 552.1 547.8 534.2 522.3
764.7 768.8 770.1 768 761.9 753.6 743.5 731.5 720 708.5 697.9 687.3 677.8 666.6 654.9 650 645.8 639.7 634.4 630.7 626.3 620.5 618.3 622.6 626.5 630.5 631.4 631.7 631.5 630.7 627.4 620.6 614.4 609.1 603.6 596.9 593 591.7 584.6 568.3 551.4 560.4 566.1 574.4 574.8 571.6 566.2 563.4 564.2 565.1 563.4 565.1 564.6 564.4 560.6 553.4 540.7 522.5 503.5 481.6 484.5 501 519.5 538.5 556.4 568.9 576.5 580.2 580.4 577.3 568.9 556.5 562.3 569.8 573.4 572.2 564.2 548.6
761.1 764.8 765.6 763.1 756.5 748.2 738.2 725.9 715.6 704.4 694.6 685.1 676 666.6 656.2 650.1 643 638.2 633 628.5 624.6 620.2 614.4 618.9 622.1 625.6 627.4 629.6 630.2 629 626.1 619.6 611.9 607.7 602.6 599.8 598.7 593.9 590.4 579.6 565.4 545.5 552.7 561.6 566.9 566.7 564 558 555.1 555.9 554.3 555.1 553.9 553.1 550.4 543.4 532.8 515.1 496.6 480.8 494.9 518.3 540.1 559 575.1 586.9 594.1 598.6 599.2 595.9 589.7 578.8 579.4 587.6 592.1 593 590.9 580.7
758.2 760.9 761.4 758 751.1 742.6 731.7 719.7 710.1 700.8 691.8 682.3 674.7 665.7 657.3 650.8 644.2 639.8 633.2 630.1 624.5 619.9 616.3 615.1 618.6 622.7 626.2 628.7 629.2 629.1 625.6 621.4 614.7 610.1 604.6 602.2 602.1 597.3 592.6 584.4 576.1 560.5 540.7 547.9 553.3 557 557.1 553.6 542.8 542.2 538 539 538.2 534.1 536.5 533.2 524.5 507.9 491.8 478.7 510 534.5 556.8 575.1 591.1 601.6 608.6 612.9 612.8 610.7 605.6 598.5 597.6 602.9 606.3 607.4 606.5 602.1
754.3 756.1 756 751.8 745.4 736.7 725.2 714.6 705 696.8 688.6 680.8 673.1 664.5 657.3 651.3 644.6 639.9 635 630 624.4 620.1 615.1 609.8 614.6 618.2 622.5 627.6 628.5 627.6 624 618.6 614.5 609 605.9 603.2 602.3 598.4 592.8 585.9 578.1 569.9 557.8 535.4 539.1 542.9 546.8 546.6 541.3 532.7 524.5 523 521.2 520.4 517.3 522.3 517 502.9 484.7 496.9 522.1 547.2 569.5 587.2 601.5 612.1 619.8 625.7 628.3 626.6 621 614.8 613.9 616.2 618.9 620.9 620.4 618.5
749.4 750.6 749.7 745.2 738.9 729.7 718.6 709.5 700.7 692.8 685.8 678.1 671 662.5 655.7 649.2 643.3 639.3 634.3 627.7 623.9 621.1 615.2 606.5 611.5 616.7 621.9 624.7 626.6 623.9 621 618.6 613.9 609.1 605.9 603.6 600.2 598.2 592.3 586.2 581.9 575.1 565.5 551.3 534.2 535.3 537.8 540.5 541.2 535.8 523.3 519.3 509 505.9 502.2 502.5 504.7 498.3 492.8 510.9 532 556.9 579 598.3 611.6 621.5 630.2 637.1 641.3 639.5 634.8 628.1 627.6 628.3 630.3 633.4 634.2 633.5
743.8 743.9 742 737.7 730.9 722.6 712.9 703.8 696.1 689.1 682.7 675.5 667.3 660 653.1 645.9 640.9 636.3 632 629.2 625 620 613.1 609.4 607 613.4 619.1 624.3 625.9 624.1 621.6 616.3 613.2 608.5 604.5 601.1 597.1 595.2 591.1 585.5 580.8 572.1 563.2 548.7 539.5 527.1 531.3 532.9 533.8 529.7 522.2 513.1 512.3 523.1 521.7 514.9 504.1 497.3 508.3 523 542.9 567.1 589.3 604 617.7 627.2 638.1 645.4 650.3 650 645.8 642.2 640.2 641.5 643.5 645.9 646 643.8
736 736.2 734.4 729.3 721.7 713.9 706 698.2 691.6 684.9 679.6 671.5 663.8 656 649.9 642.8 636.8 635.2 631.1 629.3 623.5 617.8 611.2 606.4 605 610.8 618.7 622.8 625 625.9 621.4 617.1 612.3 609.6 604.7 600.3 591.9 591.3 587.8 580.8 568.6 556.9 544 536.4 528.9 527 522.6 526.8 527.6 523.5 521 509.7 529.1 540.5 542.2 533.9 526.4 510.7 511.4 529.4 549.8 572 591.2 605 618.2 629.3 640.7 649.6 655.6 657.5 656.1 654 654.3 655.5 658.5 658.3 654.6 650.1
728.4 728.4 725 719.6 712.2 705.3 697.7 691.4 686.7 681 674.7 668.2 658.9 652.9 645.2 638.1 635.6 635.1 631.3 625.8 620.5 617.2 614.4 609.4 602.6 608.4 616.7 622.8 625.1 624.8 621.9 616.3 612.6 609 605.5 598.8 588.8 583.4 582.6 577.2 563.3 539.3 533 528.4 527.6 525.3 525 521.8 523.1 529.8 527.9 512.5 536.3 550.6 558.8 554.5 543.3 523.2 508.7 529.7 551.8 572.8 592.3 607.8 619.8 631.4 644 653.1 660.5 664.8 665.9 665.6 666.9 667.6 667.9 666.5 661.2 652.3
719.4 718.7 715.3 708 702.2 695.3 689 684.6 680.1 675.7 669.5 662.1 655.4 647.3 639.9 636.5 635.1 635 631.1 624.3 623.4 623.6 620 612.2 600.7 604.8 613.8 620.9 624 622.7 620.2 615.8 613.1 609.1 604.9 595.4 585 582.1 576 569.2 558.1 533.9 541.5 550.3 550.1 540.2 534.1 528.4 518.2 520.9 515.7 523.9 543.8 558.3 570.2 571.6 559.8 539.9 521.5 529.3 552.9 575.4 595.6 610.7 623.3 635.4 646.6 656.5 665.2 672 674.2 675.4 677.6 677.6 676.3 673.9 668.6 655.8
709.5 708.3 704.7 697.8 692.9 686.6 681 676.9 674 670.6 663.5 656.7 649.7 640.4 637.1 636.8 636.4 633.9 630.2 627.6 628.1 625.3 621.6 615.9 603.4 599.5 611.5 618.8 621.8 621.2 618.3 614.6 612.2 608.2 605.1 597.2 588.6 583.7 580.4 570.4 537.7 550.8 567.5 568.7 566.6 560.9 552.4 543 531.9 518.2 525.5 534 549.8 564.7 576.3 580.9 575.8 560.5 535.7 533.1 554.8 576.1 597.9 612.9 625.3 636.5 648.7 658.5 668 674.7 679.1 682 684.4 684.4 682 677.5 668.6 657.2
697.9 697.1 693.8 688.2 683 676.7 671.9 668.9 668.1 663.7 658.2 651.7 645.4 637.3 636.4 633.6 634.1 632.8 629.5 628.5 628.4 625.6 620.6 615.7 607.6 595.7 606.8 614.3 616.8 616.3 615 612.4 610.6 606.3 602.6 596.6 589.7 584 578.1 559.3 550.4 570.5 581.1 585.9 580.6 575.4 568.4 557.8 547.4 542.3 536.5 539.6 557.6 573.5 583.4 588 585.9 573.8 551.3 541.2 562.1 580.2 594.2 613.6 626.8 638.4 649.2 659 667.9 674.5 679.8 683.9 686 686.3 684.5 679.1 669.8 657.5
685.3 684.6 681.4 677.6 673.3 667.5 662.8 661.7 660.9 656.7 652.9 648.2 642.5 636 635.4 634.8 632.9 631.5 631.8 631.3 628 626 620.6 617.7 610.6 595.4 597 606.7 609.2 608.2 608.8 608.3 606.2 603.3 600.1 595.4 590.1 584.1 574.3 554.1 561.9 582.9 592.8 595.5 591.2 588.9 583.5 576 568.4 556.2 551.6 547.8 563.2 581 591.5 595.4 592.2 583.6 563.5 551.4 575.2 594.2 608.2 619.9 631.6 642.3 651.8 661.7 669.6 677 682.6 686.8 688.9 688.9 686.4 680.3 670.8 658.7
671.8 671.4 668.5 666.1 661.6 657.9 654.9 654.3 653.2 653.8 650.2 644.1 640.5 636.3 635 633.6 633.9 634.4 635 633.4 629.4 626 623 619.7 615.9 606.9 592.6 594 598.7 599.2 600.6 598.7 594.7 593.7 594.6 591.3 586.1 574.6 564.1 548.2 568.5 589.6 601.8 605.3 604 603.7 600.5 591.3 588.9 581 569.1 562.7 567 581.1 594.9 601 599.2 590.1 573.2 557.5 584 602.2 615.6 626.8 636.3 646.4 654.3 662.7 671.1 677.5 684 687.1 689.8 690.4 688.1 682.2 673.2 660.9
658.3 658.2 656.5 653.3 650.2 648.2 647.1 647.7 650.6 652.1 648.4 643.7 638.1 634.9 632.5 633.3 632.1 633.1 634.8 633.7 631.3 627 624 621.6 617.8 614.5 605 592.8 584.5 586.9 588.5 583.6 576.6 576.2 580.9 579.4 572.3 564.4 551.6 560 578.7 596.1 609.2 615.4 617 616.7 614.3 611.7 609.8 601.4 588.7 580.2 579.1 585.8 596.2 601.8 600.4 592.4 571.4 574.4 591.6 608 621.3 631.6 640.9 649.3 657.4 664.3 671.3 679.1 683.3 687.4 689.5 689.9 686.6 681.6 674.5 663.6
644.7 644.2 640 637.6 638.4 638.5 637.7 642 647.1 648.2 645.1 643.1 637.1 634.3 631.9 631 630.7 632.6 633.7 633.6 631.1 628.5 624.3 622.9 620.8 617.6 612.1 604.7 591.9 578 572.1 578.1 577.6 571.5 561.7 563.5 559.2 556.2 562 577 594.6 609.1 619.3 624.7 627.2 627.5 626.2 626.1 626 622 610.3 598 598.1 600 600.3 598.4 597.3 589.2 569.8 588.7 599.6 612.8 624.8 634.5 646.1 653.3 659.5 665.8 672 677.8 683.6 687.1 689.8 689.3 687.4 681 672.9 663.3
628.4 624.3 620.3 626.7 627.4 627.7 632.1 637.7 643 644.1 645.2 642.7 636.8 635.1 631.1 628.4 629 632.4 633.3 632.9 630.1 628.5 626.8 622.4 621.1 617.6 612.6 604.3 588.3 583.4 589.8 593.7 594 587.7 575.1 565.3 563.5 571.9 579.6 591.1 606.9 619.5 629.2 634.2 635.2 635.6 638 639.3 639.3 636.6 631.4 624 617.9 614.1 607.7 600.1 592.8 584.2 577.9 591.5 605.7 617.1 628.6 637.6 646.5 654.7 660.7 666 671.6 678.1 682.3 686.1 689 689 685.9 680.4 672.2 662.2
606.9 598.6 602.2 613.1 614.8 617 624.2 633.5 640.4 644.9 645.6 643.7 637.1 634.1 632 627.1 624 628.6 630.4 630.5 628.9 627.5 624.7 622.6 620.3 616 608 593.6 586.4 597.8 603.7 603.3 601.4 595.1 580.6 578.8 584.5 591.7 598.1 608.4 618.3 628.3 637.2 641.3 643 643.5 647.4 649.8 649.7 647.4 642.3 636.7 631.2 622.3 611.1 597.6 585.6 584.8 582 591.9 604.1 615.9 626.8 636.5 644.1 649.9 658.2 663.5 670.1 677.5 682.7 685.8 687.7 687.4 683.5 676.3 668.8 659.5
583.3 579.8 586.6 598.6 600.8 612.8 629 636.4 642.8 646 646.1 645 639.8 635.9 631.8 627 618.7 622 626.2 626.4 624 622.8 621.8 620.1 616.8 608.5 594 587.2 600.6 609.2 612 611.9 609.9 602.2 596.6 595.9 601.1 605.9 614 621.3 627.6 635.4 643.8 648.5 650.4 652.4 656.1 658.2 658.5 655.5 649.6 642.6 634.7 622.3 605.9 594.4 593.2 591.9 592.2 593.7 601.4 613.3 623.7 630.8 636.3 642.8 649.3 656.3 664.2 672.3 677.9 682.4 684.7 685.5 682.7 676.3 668.5 659.1
559.9 562.1 573.5 579.5 596.8 614.7 628.7 639.3 644.4 645.3 646.4 644.2 639.1 636.6 631.5 627.5 618.9 615.3 618.6 616.9 618 614.9 615.6 615.6 610.1 595.9 594.3 604.2 614.7 618.9 620 621 617.9 614 612.5 610.3 617.3 620.6 625.6 630.8 637.5 643.8 651 655.9 657.8 660.3 663.9 665.3 664.4 660.9 655.5 647.3 634.2 618.3 602.4 607.3 609.3 609.7 603.9 605.1 608.9 610.7 617.2 624.6 629.3 636.4 644.4 650.6 657.7 664.7 670.6 676.4 680 681.9 680.6 676.3 670 663
542.6 550 553.8 576.3 595.9 615.2 630.2 641.3 644.1 646.1 646.1 644.2 641.7 637.6 632.5 630.6 625 616.6 612 611.4 611 610.5 610.1 609.5 602.5 590.7 605.4 617.3 624.4 628.8 628.7 628.2 627 625.5 624.5 626.7 630.2 633.8 636 640.9 646.2 651.9 657.4 661.8 665.8 667.4 670.7 671.7 671.6 667.2 660.1 649.4 634.9 617.5 613.5 621.2 624 622.6 619.7 622.8 622.1 622.4 622.7 629.4 633.1 637.3 641.9 646 651.7 658.1 664.5 670.6 674.6 676.9 676.7 674.3 670.7 665.3
528 541.9 563.2 572.2 597.8 616.5 630.2 640.3 644.4 646.2 647.9 644.5 641.3 639.3 634.6 631.2 628.2 620.8 611 608.2 606.5 605.5 603.9 599.3 596.4 603.4 615.1 624.3 630 634.8 637.4 633.1 634.6 635.2 634.1 637.7 640.6 643.5 645.7 648.7 654.2 660.1 663.3 668.2 670.9 675 677.9 679.3 678.1 673.6 665.3 650.6 634.5 618.1 625.7 632.4 634.2 634.7 633.8 634.3 634.9 631.8 628.8 628.8 632 634.1 637.2 640.8 646.5 652.3 658.1 664.5 669.9 672 672.5 671.4 668.8 665.6
533.8 554 574.5 590.5 603.8 615.6 630.9 640.2 644.1 646.5 647.2 645.8 644.3 638.9 635.4 631.1 628.3 622.8 613.2 607 603.9 602.3 604.9 599.1 606.8 615.4 622.3 630.5 634.7 639.3 641.6 642.3 643.6 643.5 643.2 644.8 649.2 652.5 656.2 659.2 663.7 668 672.6 675.2 680.1 682.5 686.4 687 684.7 679.3 670.6 655.7 640.9 626.1 637.3 644 643.8 645.1 644.3 643 640.4 637.8 633.2 628.5 628.5 630.1 632.3 634.1 638.7 644.5 649.7 655.9 662.2 665.5 668.1 667.6 665.7 662.7
531 547.8 572.6 596.4 614.9 626.5 633.2 640.7 644.4 647.5 648.6 647.2 642.1 639.1 636.3 633.4 628.3 621.8 613.9 608.8 609.6 611.5 611.2 602 612.3 620.6 627.4 634.8 639.6 643.4 647.1 648.5 649.8 651 651 656.1 655.7 660.3 664.6 669.9 673.6 677.6 681.5 685 689.6 691.5 693.1 694 690.3 684.2 675.3 659 644.1 634.7 646.2 651.2 652.5 651.7 649.5 647.3 644.2 640.4 635.7 629.4 620.8 622.3 623.8 625.8 629.8 634.9 639.7 645.3 651.5 657.5 661.3 662 660.4 657.7
516.5 535.8 555.9 584 616.3 633 635.8 640 643.7 646.8 648.3 644.5 641.3 637.9 636.7 633 629.9 624 616.8 611.6 615.3 617.7 616 605.4 612.6 621.8 630.5 637.9 642.5 646.3 651.5 655.1 656 657.2 660.3 665.4 669.1 672.5 675.2 679.7 682.9 687.2 691.3 694.9 699.3 700.6 699.6 698.6 694 687.7 678.1 660.9 648 645.2 656.5 659.5 660.1 656.5 652.9 649.3 645.4 640.3 635.9 627.4 611.2 610.3 612.8 613.1 615.7 620.6 623.1 631.2 638.9 646.1 650.8 653.5 653.6 651.3
535.8 549.3 547.9 572.5 599.7 622.9 637.5 640.2 642.4 642.8 643.5 643.5 639.7 638.7 636.5 633.7 629.6 625.6 618.1 620.2 622.5 623.9 621.2 611.9 610.6 618.9 629.8 637.2 642.7 649.2 655.1 658.5 661.2 665.8 667.2 673.7 678.8 682.7 685 689 692.6 696.9 700.4 703.2 706.1 706.7 704.5 701.4 696 688 679 661.1 648.2 658.3 665.3 667.6 666.3 662.8 655.7 650.2 645.3 637.5 631.6 622.6 601.8 582.7 597.1 600.3 602.3 605.3 609.7 617.1 625.2 633.1 639.3 642.6 643.8 643.1
563.1 579.1 583.1 579.3 582 612.9 637 641.7 640.4 639.9 640.6 640.1 637.2 635 637.2 633.2 631.3 623.6 624.3 627.4 628.4 628.9 627.8 619.8 609.7 616.6 626.5 636.4 644.2 650.6 656.5 663 664.4 668.7 673.7 679.8 686.2 690.5 694.4 697.4 701 704.5 708.1 709.8 710.5 709.7 707.2 702.3 696.5 689.5 675.3 660.9 660.3 667.9 670.9 672.1 670.4 664.3 656 648.4 640.8 632.8 625 615.1 597.4 567.1 574.7 582.3 588 592.2 597 603.8 610.8 619.9 626.3 631.7 634 634.1
593.5 607.6 612.5 605.7 584.9 605.3 630.2 636.4 637 635.2 633.5 634.8 633.2 632.9 633.9 631.4 628.6 627.9 631.3 632.5 633 633.9 634.6 629.6 620 613 621.1 631.3 641.8 650.1 657.7 663.3 667.6 671.9 677.8 684.8 690.2 696.8 702.5 707.1 708.8 710.7 713.5 715.3 715.4 713.2 709.9 705.3 696.5 688.2 674.1 668.2 671.7 674.7 675.4 674.5 671.5 664 653.3 644.8 634.5 623.3 614.3 604.4 587.5 560.7 550.7 564.4 570.8 577.1 584.7 591.2 597.9 604.7 611.9 616.5 621.8 624.3
622.5 629.4 631.7 626.2 603.9 602.9 628.5 631.7 633.1 631.2 629.3 629.7 630.3 631.1 633.1 629.4 630.8 633 637.2 638.4 640 640.3 640.1 637.2 629.5 617 617.1 627.2 637.5 646.7 655.5 663.5 667.9 674 680.6 688.3 695.2 702.7 708.9 713.2 716 717.6 719.2 719.3 718.2 715.6 711.4 707.2 697.9 687.7 677.2 678.7 681.7 681.4 679.9 675.7 670.6 662.6 650.8 639.3 625.9 610.7 602 589.5 579.4 561.9 535.1 545.9 553.5 561.1 567.7 575.7 582 587.7 593.9 599.3 604.9 610.7
639.1 641.3 641.5 636.6 615.5 602.1 616.8 623.1 622.5 626.8 631.3 629.2 630.1 632.4 631.7 634.6 635.4 636.7 639.8 644.8 646.4 648.5 646.6 643.3 636.7 623.8 616.1 624.2 633.4 642.4 649.2 659 667.3 675.3 682.1 689.8 697.7 705.9 713.4 717.7 721.4 723 723.5 722.6 721.4 717.7 712.9 707.9 697.1 688.1 687.3 687.1 687.3 686.1 682 676.7 669.4 660 644.5 629.7 613.5 597.4 584.5 575.2 565.4 553.9 540.1 522.3 534.2 543.7 549.4 555.5 561.6 567.8 574.1 579.1 584.3 592
646.8 647.4 645.4 637.1 619.6 610.1 617.7 631.6 635.8 641.8 643.9 643.7 639.2 639.7 639.2 639.9 640.7 641.1 644.1 647.1 652.7 652.9 650.8 646.9 641.8 630.1 617 621.7 631.3 637.3 645 651.3 662.7 673.2 682.4 691.3 698.7 706.8 715 720.9 725.4 727.3 727.3 726.4 722.6 719.1 714.6 706.4 699.8 695.9 694.6 693.8 693.2 689 683.9 677.3 668.4 656 635.6 618.1 600.5 587.2 572.3 560.2 551.2 542.5 531.6 521.4 511.9 521.9 527.5 533 539.8 548.1 558.6 565.3 571.5 577.4
651.3 648.9 643.8 633.4 614.7 627.6 635.7 640.4 647.1 649.4 650.6 651.7 651.7 650.9 649 647.4 646.2 645.2 647.6 650.7 657 658.2 654.8 650.9 643 633 620.6 619.7 628 633.5 639.4 646.5 657.2 669.1 680 689.3 698.6 706.5 715 721.9 727.7 730.2 730.3 728.8 725.1 722.4 716.7 711.6 706.3 702.6 699.8 698 696 691.1 685.8 677.5 667.2 651.9 629 610.6 592.4 577.3 561.3 548.9 538.6 530.3 521.5 513.6 506.4 505.8 507.5 513.9 522.4 529.9 540.3 548.6 557 564.2
654.3 649.2 643.5 630.4 630.3 639.9 646 650.7 655 656.8 657.9 660.3 660.2 658.8 656.7 654.5 652.3 650.9 651.5 657 659.8 661.4 657.1 654 645.5 634 623 621.1 624.6 630.1 635.3 645.2 655.8 666.5 676.3 687.1 696.5 705.8 714.1 722 728.8 732.1 732 730.3 728.2 723.6 720.3 715.2 711.2 707.4 704.3 700.7 696.2 691.4 686.3 677.7 665.2 648.3 620.6 600.3 582.9 566.7 553.8 541.3 530.5 521.2 513.7 507.6 500 496 497.5 499.1 505.1 512.9 520.7 529.3 539.5 549.1
656.5 651.6 643.2 632 639.9 649.3 655.9 660 662.7 666.2 668.3 668.4 668.9 667.9 666.8 663.5 659 656.3 655.6 659 660.8 662.8 659.6 655.2 647.1 632.2 622.9 624.5 633.8 641.5 644.8 649.3 654.2 665.3 675.3 684.7 695 704.3 712.9 721.4 728.5 732.5 733.1 731.8 729.6 726.5 724.8 719.6 715.8 711.1 706.6 700.6 696.6 690.6 683.8 676.5 662.9 641.4 617.3 598.4 581.5 566.1 548.9 535.2 524.3 516.4 508.5 502.1 497.4 491.1 487.2 489.1 493.4 498 505.2 512.1 521.7 530.2
659.8 654.7 646.3 636.2 648.1 657 662.5 667.5 670.8 674 677 678.2 678.7 677.2 675.5 671.7 665.6 662.8 661.5 661.3 663.5 662.5 659.4 654.7 645.1 633 623.1 629.6 641.1 647.5 652.2 658.9 663.5 665.2 675.5 684.8 692.7 703.1 712.8 721.9 728.3 732.2 733.2 732.8 731.7 729.8 726.6 722.4 718.3 713.3 707.2 700.5 695.8 689 682.4 672.8 656.6 632.2 609.3 593.5 576.5 558.9 544.5 530.2 520 511.3 504.5 498.4 492.3 488.4 485.7 482.4 482 486.7 491.1 495.7 504.6 513.9
