app/static/ascii/NO48.asc
ncols 200
nrows 200
xllcorner 340000
yllcorner 780000
cellsize 50
[rows 140 to 174 of 200, columns 78 to 155 of 200]
605.4 607.3 606.8 604.1 594 574.2 544 521.8 496.7 472.2 449.6 417.8 421.9 448.4 476.5 498.6 509.2 516.6 520.4 522.8 523.9 523.9 524.9 527 529.2 530.4 531.9 531.7 529 524.2 519.3 513.6 508.4 498.3 483.6 467.6 451.6 445.7 448.1 455.4 461.6 475.5 485 493.5 494.8 488.2 479 466.7 452.4 434 412.9 394.5 377.2 367.5 361.7 355.9 349.1 341.9 336.8 332.2 327 321.2 325 328.6 330.2 332.7 335.5 339.3 344.1 346.4 346.6 345.9 345.6 344 339.8 334.1 331.4 327.4
594.5 597.7 598.5 597.6 590.7 576.9 551.8 524.2 497.1 473.7 451.1 428.3 413.6 440.5 469.6 489.8 503.3 511 515.6 516.5 517.3 518.5 519.1 521.2 524.2 527.9 530.2 531.4 530.7 528.5 524.8 520.3 516.4 508.3 497 482.5 471.1 459.7 442.7 434.4 448.8 459.9 469.1 475 475.4 472 463.8 450.6 437.4 419.6 401.9 386.2 372.7 362.6 357.5 351.3 344 337 332.5 329.4 325.7 319.9 319.5 322.7 326.6 327.9 329.9 332 334.8 337.7 338.1 338 337.9 338.2 334.3 328.4 327.7 325.2
581.3 586.4 588.3 588.1 583.6 572.4 551.5 522.1 494.3 472.5 449.4 429 409.7 431.9 457.9 477.8 492.7 501.7 507.6 509.5 510.5 511.5 513.1 515.6 519.4 523.7 527.6 530.6 532 532.2 529.4 526.2 523 516.9 507.2 496.5 484.2 470.9 454.5 435.4 429 442.7 452.4 458.3 456.4 449.6 441.2 430.3 417.8 404.3 391.3 378.3 366.5 357.8 352.8 346.5 340.2 334.1 330.1 327.5 324.8 319.7 315.4 317.8 322.6 324.3 325.3 326.3 329.7 331.9 332.1 331.2 330.4 330.2 328.6 322 324.2 321.6
568.9 574 576.3 576.6 573.6 564.8 548.9 521.8 492.8 470.7 450 428.7 405.2 421.8 441.3 461.7 477.4 488.8 497.7 501.5 503.8 505.2 508.1 510.7 515.4 519.7 524.4 528.3 532.1 533.8 532.2 530.6 527.1 522.5 515 505.9 494.3 480.9 462.4 447.3 430.5 423.1 436 442.7 442.3 436.2 426.3 415.2 403.9 392.5 382.3 372.1 359.8 354.3 348.7 342.6 334.7 329.8 327.8 325.7 323.2 319.5 313.6 311.5 317.3 320.6 321.6 322.5 325.9 327.8 327.5 326.9 325 322.9 321 318.8 319.6 318.6
557.3 562.6 564.8 566.2 562.8 556.4 543.6 523.3 497.1 473.1 452.8 433 410.9 409.7 425.9 443.6 462 473.9 484 492.3 496.6 499.5 503 506.7 512.5 516.4 521.3 526.6 531.1 534 533.4 532.1 530.4 526 519.5 512.2 502.2 490 472.6 457.2 441.8 423.7 413.7 425.6 427 421.7 412.8 403.1 393.4 382.6 372.4 365.1 355.9 350.6 344.4 338.3 332.2 327.3 325.1 323.9 322 319.8 315.3 307.7 309.9 315.6 317.6 318.9 321.1 323 322.7 321.5 319.6 317.5 315.6 314.3 314 312.9
544 550.9 553.6 555.6 553.8 547.1 536.3 521.6 506.4 483.4 459.5 439.7 420 399.1 410.5 427 444.2 459.1 469.2 477.1 482.8 489.3 498.7 503.3 509.5 513.5 518.8 524.4 529.5 531.7 531.9 531.6 530.9 528.7 524.3 517.3 508.4 497.2 483.3 468.4 452.1 435 414.6 400.3 407.2 404.7 397.9 389.8 380.7 373.3 367.2 361.1 353.2 346.2 340 333.9 329 324.6 322.2 321.1 320.1 318.1 314.9 308.1 304 309.6 313.1 315.3 316.6 317.6 317.5 317.5 315.9 313.8 312.1 310.5 309.8 309.4
528.9 538.5 542.5 546.1 545.8 539 527.7 517.8 505.8 491.3 472.2 449.6 429.4 404.2 397.6 413.3 428 439.4 445.2 453.8 469 485.6 496.2 501.4 506.1 510.4 515.4 521.1 525.5 528 529.1 530 530.4 529.3 526 520.9 512.8 502.5 491.1 479.4 463.3 446.1 429.1 408.1 386 382.8 382.9 382.2 375.6 368.7 362.3 355.4 347.8 339.6 334.2 329.5 325.7 321.6 319.3 318.2 317.3 316.8 314.6 312.2 304 302.3 308.2 311.7 313 313.6 313.1 312.7 312.4 310.5 308.9 306.9 306.1 306.4
517.4 527.8 535.5 538.9 537.7 531.8 524.1 515.4 505.1 492.2 478.8 461.9 441 420 393.2 400.5 412.4 422.6 443.5 461.8 477.7 489.4 497.4 500.4 502.9 507.3 512 516.8 519.8 522.1 525.1 526.5 527.1 525.8 523.1 518.6 513.1 504.1 494.7 484.9 476 459.8 440.9 424 406.5 390.7 371.1 360.5 357.9 359.5 356.9 349.5 343.4 336.2 328.8 323.5 320.4 317.8 316.1 315.1 314.6 314.2 313.2 311.3 308.5 299 301.8 307.7 310.2 309.9 309.4 308.9 308.5 307.7 305.9 304.1 303.6 304.1
508.5 520.4 529.5 532.8 530.6 526.4 521 512.4 500.9 488.7 477.5 462.6 447 429.1 405.5 390.4 404.5 425.5 447.9 465.7 479.6 491.2 497.5 498.3 499.4 503.5 507.7 511.8 513.3 515.3 518.5 521.6 521.8 520.6 518.2 514.5 508.7 500 491.6 482.8 478.1 468.6 454.9 440.6 424.3 408.2 393.5 379.8 368.4 355.5 342.1 341 336.5 332.1 326.6 319.3 316 313.9 312.8 311.7 311.2 310.8 310.3 308.9 307 298.6 297.8 302.8 306.8 306.5 306.2 305.9 305.3 304.4 302.9 301.4 301.4 301.7
502.8 514.2 524.3 527.9 525.8 522.2 517.2 508.6 495.6 483.5 472.8 457.3 444.6 428.5 411.1 382.9 400.5 425.8 447.7 465.3 479.3 490.3 496.1 495.9 495.1 497.5 501.9 505.9 505.8 507.3 510.4 512.2 513.1 512.8 510.9 507.9 503.1 494.7 486.3 479.4 474.6 468.4 459.3 452.8 441.3 425 408.6 392.7 377.5 363.5 352.9 341.4 329.8 325.3 322.4 317.2 313.8 311.1 309.3 308.3 307.9 307.3 306.7 306.1 304.5 296.6 294.4 297.4 303.3 303.5 303.2 302.8 302 300.8 299.5 298.7 298.9 299.4
498.6 510 519.6 523.3 523.6 519.4 512.8 503.6 491.3 476.7 462.6 448.3 435.4 421.1 407.2 381.6 396.1 423.3 445.4 462.4 479.1 485.6 491.8 491 488.8 490.1 493.4 497.3 496.9 497 500.7 502.3 503.3 504.4 503.7 500.8 496.1 487.8 478.8 471.5 467.3 462.3 459 455.2 448.5 437.6 422.5 402.3 383.2 371.1 357.9 340.6 333.7 324.1 318.7 315.3 312.3 309.2 306.6 304.9 304.3 303.8 303.2 302.5 301.9 300.1 292.5 292.5 299.2 299.6 299.9 299.6 298.8 297.7 296.7 296.3 296.5 297
494.6 506.1 515 520.8 522.7 518.7 512.1 501.4 489.5 470.8 452.3 435.8 422.6 410.1 399.3 380.4 392.9 421.8 445.3 461.7 475.6 481.1 483.2 486.6 484.2 481.7 483 487.2 487.5 485.9 489.8 491.7 492.8 495.7 494.6 492.2 488.4 478.9 466.1 458.4 456.2 453.7 453.1 452.2 449.2 441 428.2 408.2 387.9 372.9 360.4 347.5 333.9 325.4 320.7 316.4 311.8 307.4 304.9 301.9 300.9 300.4 299.8 299.2 298.8 298 294.8 289.3 294.1 294.5 294.7 295.3 295.9 295.1 294.1 293.9 294 294.6
491.3 502.7 511.5 519.4 522.9 519.3 513.4 499.7 486.8 464.7 443.3 426.7 414.7 404.3 395.6 373.5 391.7 419.1 442.4 458.6 471.9 476.7 476.6 480 478.7 475.3 472.9 476.7 476.1 475.1 476.9 479.2 481.7 484 482.1 480.3 476.7 465.8 452.5 444.5 441.7 441.7 443.2 443.9 443.5 438.4 425.4 408.5 388.6 370.5 357.3 344.5 333.9 326.6 321.7 316.4 311.9 307.9 303.6 300 297.4 297 295.9 296 295.6 294.4 293.4 287.3 291.3 291.7 291.1 291.4 292.1 292.5 291.6 291.4 291.5 292
488.2 499.9 510 519.2 523.9 523.7 518.3 501.2 483 457.7 436.1 421.5 409 399.9 392 368.2 387.3 415.6 436.8 451.5 464.7 471.7 471.9 472.1 472.4 466.6 460.8 462.5 464.4 461.2 462.6 467.1 471.3 473.1 470.3 465.8 461.3 449 437.5 430.8 426.9 427.5 431 430.6 430.8 426.5 417.5 402.8 383.1 364.5 351.5 342.3 333.6 328 321.6 315.9 312.1 308.7 304.8 301.3 298 293.8 292.2 292.4 292.4 292.3 291.9 287.3 283 290 288.5 287.6 288.4 288.7 289 289 289.3 289.7
484.7 497.3 508.3 519.3 524.1 525.4 521 501.7 478.9 452.4 434.6 417.1 403.2 395.4 388.8 366.1 384.6 410.1 429.7 444.9 456.1 462.4 463.9 465.2 466.3 460.1 452.4 446.3 447.4 447.1 446.8 449.1 457.4 460.8 458.5 452.7 447.4 436.4 424.7 417.9 414.8 414.7 416.8 416 414.5 410.9 404 391.7 378.7 362.4 348.1 339 333.9 327.3 321.1 315.9 312 308.6 304.6 301.9 298.7 295.4 289 286.6 288.2 289.5 289.2 285.5 282.7 289.5 288.9 287.1 285.4 286 286.3 286.8 287.4 288.3
479.8 493.4 507.3 517.3 521.9 522.4 516.7 502.6 478.7 451.2 431.3 413.7 398.9 391 385.8 366.5 380.7 402.9 421.5 437.6 447.3 454.1 456.1 454.3 454.5 451.5 445.5 437.2 434.7 433.1 433.7 433.8 440.5 446.8 444 439.1 433.4 422.5 412.7 407.5 404.2 403.5 402.1 404 401.3 396.6 393.5 383.8 373.9 359.9 344.7 335.5 331.3 325.8 320.2 315.3 311 306.8 303.3 301.1 298.3 295.5 292.5 288.9 285.1 284.6 285.1 284.1 279.9 286.4 287.8 286.4 284.1 283.6 283.7 284.3 285 286.6
475.9 490.6 504 511.9 517.8 517.4 512.5 500.5 477.1 449.1 429.5 410.3 395.8 386.5 382.3 361.9 375.6 394.4 412.5 428 440.2 446.5 448.6 445.2 443.8 441.2 437.8 430.5 425.7 421.5 419.8 419.2 425.8 428.2 426.1 425.2 419.3 407.6 400.3 395.2 391.5 392.2 392.3 392.1 393.3 389.6 387.2 378.7 368.3 356.4 343.9 334 329 324.7 319.1 313.7 309.1 305.1 299.4 297.8 296.6 294.1 291.2 288.4 286.5 282.1 280 280.6 278.8 283 283.7 284.4 283.5 281.2 281.3 282 283.2 284.9
472.7 486 496.6 504.6 509.6 507.5 502.4 492.1 471.9 446.1 427.6 409.8 394.5 383.6 378 359.1 371.8 386.8 403.5 418.8 431.4 440.7 443.4 440.9 438.3 435.1 429.6 424.5 419.4 415 412 410.3 415.1 414.7 410.6 409.3 404.8 395.3 388.7 384.3 384 382.6 381.7 380.1 380.7 380.9 379.3 374.6 366.8 356.1 343 333.9 328.8 323.6 318.3 313.1 308.5 303.8 297.7 294.4 293.1 291.4 289.8 287.5 285.4 283.6 278.2 276.6 277.8 280.5 281.1 280.6 281 278.6 278.6 279.7 281.3 282.9
465.4 478.4 489.1 496.7 500.7 496.8 494.7 483.7 464.7 441.2 424.4 407.8 391.8 380 371.9 357 369.9 383.3 396.9 412.8 425 435.6 439 436.7 434.6 430.2 425.5 421.1 417.2 411.8 407.5 404.3 404 404.4 400.2 396.3 390 383.6 377.9 377 375.1 373.3 373.5 373.3 372.7 372.3 371.5 368 362.6 355.6 345.7 336.1 328.2 323 318.3 313.1 308.2 302 296.8 293.1 291 289.1 287.6 285.5 283.9 282 278.6 274.7 275.4 278.8 278.5 278 277.6 276.7 276.3 277 278.6 280.4
455.4 469.6 480.3 486.1 490.9 493.5 488.8 478.9 457.1 434.6 419.5 404.5 389.2 375.8 367 353.1 366.3 376.3 389.6 406.6 421 433.1 436.6 435.6 432.4 427.4 422.9 422 415.9 410.2 405.7 401.1 397.1 394.9 391.5 386 379.1 374.1 369.9 368 365.5 364 365.8 366.8 366.9 367.6 369.8 371.3 367 359.1 350.6 338.7 329.5 322.7 318.1 313.1 306.3 300.8 296.8 291.9 289 286.7 285.5 283.3 281.5 280.1 277.7 271.5 273.6 276.4 276 275.6 275.2 275.2 274.4 274.3 275.5 277.3
444.9 456.9 469.6 475.3 483.3 483.9 477.3 465.7 445.2 426.1 412.5 399.6 385.4 373.4 364.5 348.2 360.9 370.7 383.9 399.5 416.3 429.2 438 439.7 438.7 436.3 430.6 428 421.1 415.9 409.6 404.6 396.8 388.9 385.2 378.8 372.1 366.8 363.4 360.5 357.6 357 358 359.8 360.7 362.8 365.7 369.4 368.3 362.3 353.5 343.7 330.7 322.6 316.8 311.4 304.8 300.3 295.9 291.9 287.8 284.3 282.4 281.8 280.1 278.1 276.3 271.2 272.2 273.9 273.9 273.7 273.5 273.3 272.6 272 272.3 274.1
434.9 446.3 457.5 465.3 470.2 470.3 462.2 449.1 431.1 416.3 405.5 393.7 380.4 371 361.8 355.3 356.2 367.8 379.6 392.8 409.6 422.4 433.4 438.3 440.5 442.5 439.6 434.6 429.8 426.1 418.6 412.8 403.5 394.2 387.4 381.9 370.9 358.7 356.3 353.1 351 348.4 349.8 350.6 354.9 357.8 360.1 363.3 363.7 359.2 351.5 345.1 333.8 325.7 317.8 310.4 304.7 300.2 294.5 290.3 286 284 282.7 281.3 279.2 277.1 274 269.5 270.3 271.3 271.9 271.7 271.4 271.3 270.6 270 270.2 270.8
425.8 437.2 448 453.8 457.4 455.3 446.9 433.7 419.8 407.5 397.1 385.7 375.2 367 359.8 348.1 354.7 360.8 370.8 386 402 414.8 425.1 432.4 440.1 443 442.4 439 437.8 433.5 424 414.9 405.7 396.2 387.3 379.9 369.4 361.4 354.2 341.7 343.1 339.9 342 343.4 347 349.3 350.8 354.1 354.9 353.3 349 342.5 334.8 328.9 318.6 310.2 305.4 301.4 296.4 291.5 287 283.7 281.7 280 278.1 275.8 273.3 268.7 267.4 267.8 268.9 269.6 269.4 269.2 268.5 268.2 268.1 268.7
414.8 426.6 435.3 440.8 442 439.6 431.4 421.5 408.8 397.5 387.5 377.1 369.1 363.9 357.3 341 351.3 355.7 363.3 377.7 391.9 406 416.2 425.4 432.7 439.1 442.1 443 441.1 433.4 423.8 414 404.2 394 384.9 374.2 365.1 356.4 349.1 343.4 336.6 330.6 332.6 334.4 337.6 340.4 341 344.9 345.9 345.5 344.1 338.7 334.6 328.5 319.4 311.4 306.9 301.5 298.5 294.6 289.1 283.2 280.7 278.6 276.7 275.2 273.4 272 267.3 265.3 266 267.2 267.4 267.2 266.8 266.5 266.1 265.9
404.7 418.8 426 428.1 429.3 425.5 418.5 409.4 397.3 386 377.1 368.6 361.7 357.5 353.7 339.1 344 350.9 358.5 369.5 383.7 397.3 407.3 417.4 424.4 433 440 443.6 440.6 432.3 422.5 411.8 403.1 391.9 380.3 367.5 358.3 350.8 345.6 340.2 335.5 329.8 324.2 327.6 330.8 331.9 332.5 333 333.3 336.2 336.8 334.5 329 323.9 318.7 313.3 307.7 301.9 297.6 293.1 288.9 285.3 282.4 280.5 278.1 276 274 271.9 270.2 266.4 263.8 265 265.4 265.3 264.9 264.6 264 263.3
396.5 411.1 416.9 420 417.6 411.6 404 394 384.2 374.7 366.4 360.7 354 350.4 348.4 345.9 336.6 347.6 353.8 362.8 376.1 388.3 399.2 408.3 418.2 427.3 436.2 441.1 439.6 431 421.5 410.6 396.5 386.2 372.9 360.6 352.6 347.1 341.9 337.7 333.5 328.5 324 318.8 320.7 322.4 323.7 324.4 323.3 324.4 325.4 326.9 323.9 319.9 315.6 310.7 306.3 302.2 298.2 292.9 288.2 285.1 282.6 279.2 277.2 274.2 272 270.3 268.8 267.3 263.3 261.3 263.8 263.8 263 262.6 262.1 261.9
386.3 395.7 402.4 404.4 402.4 397.1 387.6 379.3 372.7 363.7 358.7 353.6 345.9 343.7 342.8 337.6 333.5 346 349.4 357.3 368.2 380.8 390.9 401.1 411.5 422.2 431.5 434.5 434 427.8 418.6 405 388.1 375.9 364 354.8 348.6 344.6 340.4 336.1 331.4 326.5 321.9 315.5 312.3 314 316.5 316.5 316.6 315.4 316.5 317.6 317.1 314 311.1 308.3 304.5 301 297.8 294.7 291.3 286.4 282.8 278.7 276.8 274.2 272 268.8 266.9 266.2 263.8 258.8 259.8 262.2 261.1 260.9 260.6 260.2
370.8 379 383.8 385.6 385.5 380.5 373.6 367.7 361.7 354.4 350.4 343.7 339.3 337.9 336.3 328.7 341.2 344 346.7 352.7 362.3 373.5 385.1 396.2 407.1 417.5 425.9 429.1 428 421.7 410.8 397.2 381 369.7 359.9 352.6 347 342.2 337.7 333.6 328.3 322.8 318.4 313.3 308.6 307.6 309.3 309.6 309 308.5 307.4 308.5 308.4 307 304.2 301.7 300.1 296.8 295.2 294.1 290.9 285.3 280.7 277.9 274.8 271.9 270.6 268.4 266.6 265.4 264.1 256.2 258.7 258.4 259 258.9 258.6 258.1
354.8 360.2 365.4 364.2 365.4 362.5 358.5 355.2 350.8 345.6 341.1 336.6 335.1 334.4 330.9 324.5 338.8 341.4 344.9 349.3 358.1 370.1 381.2 391.9 402.5 412.9 420.7 424.1 423.3 416.4 403.2 389.2 374.7 363.9 356 348.7 344.2 339.3 333.4 328.1 324.2 319.7 316.4 310.3 305.6 302.3 301.9 302.2 301.5 300.8 299.8 301 301.4 299.8 297.1 294.7 293.5 292.3 290.2 287.7 286.5 284.9 281.8 277.9 274.6 270.5 268 265.7 264.1 262.9 262 260.9 255.8 255.5 256.4 257.1 256.9 256.6
340.4 341.9 341.9 341.6 343.1 345.1 345 341.5 340.6 337.4 333.7 331.4 330.7 329.5 329.7 322.3 337.2 339.6 342.2 345.4 354 365.7 377.3 388.2 398.9 409.3 417.4 424.1 423.8 415.7 403.4 390.5 376 363.5 355.3 349 343.8 338.3 332.3 328.3 324.6 321.3 315.6 309.3 303.7 298.7 298.3 296.1 294.1 293.1 293.1 293.5 293.6 292.8 290.1 288.5 288.2 286.9 286.1 283.8 281.5 281.6 281.6 277.6 274.2 271.3 267.1 264.9 262.4 260.9 259.5 258.7 258.5 254 253.9 255.2 255 254.7
329.3 330.5 329.3 328.6 328.6 330.7 332.3 331.8 330.9 329.5 326.8 327.1 327.8 329.5 329.6 319.7 334 336.6 338.4 340.6 349.4 361.4 373.1 384.8 396.2 407.8 417.4 425.3 428.8 423.7 413.1 400.3 386.1 372.3 357.5 350.3 345.2 340.2 336.3 332.2 327.8 323.3 320.8 315.6 307.8 302.6 297 292.3 291.6 289.9 288.5 288 287.2 286.4 284.2 282.6 282.2 281.3 280.9 281 279.2 277.1 276.4 276.3 275 271.9 268.1 264.9 261.7 260 258.5 256.7 255.8 254.8 250.5 250.8 253 252.8
320.4 320.8 320.3 319.6 319.5 318.1 319.8 323.1 322.7 322.9 321.2 322.1 324.4 327.1 329.4 315.8 331 331.7 333.5 335.7 345.2 358.2 370.3 381.9 395.2 408.8 420.2 429.8 433.5 431 422.1 410.2 397.6 383.7 367.5 356.1 348.9 344.4 339.9 335.5 330.1 327.1 323.7 318.8 313.5 307.4 302.2 296.4 292 287.1 285.6 284.2 283 281.8 279.3 277.8 276.7 276.3 276.3 276.4 275.7 274.3 272.8 271.7 270.6 269.7 266.5 264.6 262 259.1 257.7 256.4 255.4 254.5 252 248.5 252.1 251.4
313.5 315.1 314.5 313.1 312.1 311.3 311.7 314 315.6 316.7 317.9 318.6 320.5 322.6 324.2 319.8 324.8 326.8 328.8 332.3 341.8 355.6 368.5 381.9 396.3 409.9 422.3 433.9 440.5 439.6 433.1 422.6 410.7 397.3 380.2 364.1 354.4 349.5 344.7 337.7 333.7 329.9 325.2 321.1 316.4 311.4 305.1 299.3 294.8 291.4 286.9 282.2 280.4 277.3 277 275.5 274.1 273.9 273.4 272.8 272.2 271.3 270.1 269.5 267.6 267 265.3 263.5 261.8 259.2 255.6 255 254.8 253.7 251.9 247.3 251.1 250.5
307 309.2 309 309.5 309.3 309.1 309.2 309.6 310.4 311.7 313.1 314.5 315.6 317.8 319.2 306 315.8 323.6 325.1 330.3 338.4 351.7 366.2 381.5 396.2 410.8 423.1 435.8 446.2 447 443.8 436.6 425 411.7 394.5 375.9 363.2 356.7 352.3 345.8 339.1 334.7 330.8 325.9 321 314.5 308 302.3 297.8 293.6 289 285.5 280.8 278 276 273.4 272.2 271.5 271 270.3 269.6 270.1 267.8 265.4 264.6 264.4 261.8 261.4 259.8 258.2 255.7 253 252.8 252.2 250.9 246.4 247.8 249.3
301.1 300.7 302.2 305.7 306.7 306.6 306.8 307.1 307.7 308.5 309.7 311.3 311.4 312.8 312.4 315.1 311.9 320.1 322.2 327.5 336.8 348.6 363 378.2 395 410.9 423.9 436.2 447.7 454.9 454 447.7 439 427.1 409.8 389.4 371.8 364.6 358.4 352.6 346.4 341.6 337.9 330.6 325.5 319.1 312.2 306.3 301 295.8 292.2 288.2 285 279.1 276.5 273.9 271.6 269.6 268.9 266.9 266.6 266.4 266.1 264.8 263.3 262.4 259.4 257.5 256.7 255.5 254 252.5 251.5 250.1 248.7 244.4 246.5 248.2
