app/static/ascii/NO54.asc
ncols 200
nrows 200
xllcorner 350000
yllcorner 740000
cellsize 50
[rows 35 to 69 of 200, columns 0 to 78 of 200]
108.9 109.4 109.7 110.4 111.2 112.3 113.5 114.6 116.3 118.4 120.5 122.6 124.7 126.1 127.1 127.1 126.4 125.5 124.3 122.9 121.5 120.9 120.2 119.7 119.2 119.3 119.2 119.2 119.1 118.4 117.6 116.9 116 114.8 113.4 111.8 109.1 108.2 106.8 105.5 104.8 104 103.1 101.8 100.8 101.6 103.1 103.6 104.7 105.2 106.1 107 107.2 107.2 106.2 107.3 107.5 106.7 105.9 103.1 95 85.8 80.7 94.8 102.5 100.8 98.4 99 98.5 97.9 97.8 96.5 95.7 96.5 97.7 97.4 99.8 101.4 102
109.3 109.9 110.1 110.3 111.1 112.1 113.4 114.7 116.1 117.9 120 121.3 123 124.3 125.2 125.5 125 123.9 122.5 121 119.7 119.2 118.6 118.1 117.9 117.7 117.6 117.4 117.3 116.8 116.1 115.4 114 112.8 111.7 111.2 110.1 109.1 107.9 106.7 105.6 104.7 103.2 101.3 101.4 103.2 103.9 104.8 105.7 106.8 107.8 107.2 107 107.6 108.1 108.2 107 105.1 102.2 96.3 86.3 81.1 94.5 100.9 103.1 101.3 99.7 98.5 98.2 98.8 100.6 99.3 98.3 99.1 100.3 100.7 101 102.8 103.3
109.4 109.5 109.7 109.8 111.3 112.5 113.3 114.7 116.2 117.6 118.8 119.9 121.1 122.1 122.2 122.1 121.4 120.2 119.1 118 116.9 116.7 116 115.7 115.6 115.6 115.8 115.6 115.6 115.1 114.4 114.3 114.1 113.8 113.4 112.7 110.8 109.2 107.9 106.6 105.3 104 101.8 100.6 102 103.2 104.2 105.1 106 107.4 107.5 107 108.2 108.7 108.3 107.9 106.2 100.7 97.6 92.1 81.3 82.6 97.9 101.2 102.1 101.7 101 100.6 99.7 100.5 101.8 101.4 100.6 101.2 102 102.6 103.3 103.2 104.4
108.8 109.2 109.2 109.7 110.9 111.8 112.6 114 115.3 116.5 117.5 118.5 119.2 120.1 119.9 119.8 118.9 118.1 117 116.1 115.4 114.8 114.3 114.3 114.1 114.1 114 114.4 114.7 115.1 115.7 115.9 115.8 115.1 113.9 112.2 110.7 108.8 106.9 105.5 104 102.3 100.2 101.1 102 103 104.2 105.4 106.4 108.2 107.7 106.3 108.1 107.8 107.4 106.8 105.2 101.1 90.7 81.9 86.9 90 99.4 101.3 102.7 103.4 103.5 104.5 104.5 102.9 102.8 102.6 102.8 103.3 104 104.6 104.7 105 105.3
107.8 108.5 108.9 109.3 110.1 110.9 111.7 113.3 114.2 115.2 116.3 117 117.3 118.1 117.8 117.4 116.9 116.1 115.5 115 114.5 114.1 113.6 113.5 113.4 113.6 113.7 114.3 115.4 116.4 117.1 116.7 115.8 114.6 113.1 111.4 109.7 108.1 106.4 104.6 102.9 100.2 100.3 101.4 102.1 103 104.1 105.4 107 107.5 105.4 106.1 107.7 106.9 106.1 104.8 101.6 88.9 84.5 94.6 93.4 93.4 100.6 102 104.7 104.4 104.8 106.6 106.5 105.1 105.1 104.6 105.1 105.9 106.1 106.6 107 107.5 107.8
106.6 107 107.4 108 108.4 109.3 110.2 111.3 112.4 113.4 114.3 115 116 115.8 116 115.7 114.9 114.1 114.3 114 114.1 113.7 113.5 113.5 113.9 113.6 114.5 115.8 116.7 117.6 117.3 116.4 115.3 113.8 112.2 110.6 108.8 107 105.3 103.6 101 98.6 101.1 101.5 102.2 103.1 104 104 104 104.1 99 96.6 97.5 100.6 101.9 96.9 85.1 88.3 99.8 97.2 94 98.7 103.3 105.3 107.5 106.6 106.7 107.5 107 107.3 107.5 107.5 108.1 109 109.3 109.3 109.6 110.2 110.8
105.8 106.2 106.1 106.6 107 107.7 108.6 109.3 110.3 111.3 112.3 113 113.5 113.9 114.1 114.1 113.6 113.8 114.2 114.9 116.3 115.6 115.4 116.2 117.1 117.7 118.3 118.8 119.5 118.9 117.7 116.7 114.8 113.2 111.5 109.7 107.8 105.9 104.2 102.5 98.5 99.8 100.8 101.4 102 102.7 102.1 100.4 97.2 94.3 88.7 84.9 85.2 84.7 84.7 82.4 93.8 101.3 99.3 95.5 95.5 100.1 104.6 107.5 108.3 108.4 108.9 109.6 110 110.6 112.5 111.5 112.1 112.6 112.8 112.9 112.8 113.4 114.1
105 105.2 105 105.3 105.8 106.5 107 107.3 108.4 109.4 110.4 111.1 111.8 112.5 112.5 113.3 114.6 115.3 116.4 117.3 118.7 119.6 120.3 120.9 121 121.5 121.3 121.3 120.8 119.5 118 116 114 112.1 110.3 108.4 106.5 104.7 103.1 100.9 97.1 98.5 100.3 100.7 100.9 100 97.7 92.6 89.4 87.1 87.4 91.2 96.7 102.2 102.3 101.5 102 98.3 96.1 98.7 102 102.4 105.9 109.9 111.9 111.7 112.7 114.8 114.9 115.2 115.6 116.6 116.5 117.3 117.2 117.5 117 117.4 118.8
104.9 105 104.8 105.1 105.5 105.9 106.3 106.8 107.4 107.9 108.6 109.3 110.4 111.4 112.6 114.3 115.9 118.2 119.9 121.7 123.2 124 124.8 124.7 124.7 124.1 123.3 122.5 121.2 119.5 117.5 115.5 113.4 110.7 108.8 106.7 104.5 102.8 101.1 99.4 96.8 96 97.9 98.4 98.2 94.3 87.6 87.2 89 87.5 96.6 100.5 104.1 106.5 105.5 101.3 100.8 101.2 104.9 107.8 112.7 110.5 110.4 112.5 115.2 115.5 116.9 118.4 119.1 119.1 120.4 121 121.5 122.8 123.2 122.2 121.4 122 122.7
105.4 105.4 105.4 105 105.6 106 106.6 107.2 107.6 108 108.3 109.3 110.3 111.7 113.5 115.2 117.4 120 121.9 123.5 125.8 126.2 126.4 125.7 125.1 124.4 123.1 121.8 120.5 119 116.7 114.4 111.6 109.2 106.6 104 101.7 100 98.5 96.3 93.4 90.3 88.3 89.7 88.9 90.1 92.2 96.5 99.6 102.7 105 106.7 108.9 105.4 101.6 106.1 109.3 110.2 112.2 113.6 114.7 114.8 114.6 116.1 118.9 121 122.3 123.6 125.4 127.5 128.1 127.1 127.8 128.4 128.2 126.9 124.9 125.2 126
106.5 106.5 106.4 106.6 106.9 107.7 107.8 108.1 109 109.5 110.3 110.8 111.7 112.3 113.9 116.1 117.8 119.8 122.1 123.7 124.7 124.3 124.6 124.1 123.2 122.5 121.6 120.6 119.1 116.9 114.4 111.9 109.3 106.7 104.1 101.5 99.1 97.4 95.9 93.5 90.6 90.2 92.6 92.1 92.4 95 98.4 101.6 103.7 106.5 108.5 110.4 106.8 106.7 110.9 113.5 113.1 113.7 115.4 115.8 117.2 118.8 118.5 119.3 122.5 124.6 127.1 128.9 130.9 132.2 132.9 132.6 131.9 131.8 131.1 129.8 128 128.1 129
108.5 108.7 109 109 109.4 110.2 110.4 110.9 111.8 112.6 113.3 115.3 117.4 116.3 116.3 116.9 118.5 120.1 121.3 122.4 122.7 122.9 123 122.9 121.6 120.6 119.9 118.8 117 114.3 111.5 108.8 106 103.8 101.5 99.3 97.8 95.8 93 90.9 89.7 96.1 97.9 99.1 101.7 102 102.8 105.1 107.6 110 111.9 113.2 107.5 113.3 114.5 115.9 117 115.6 118.6 119.5 120.7 122 122.6 123.5 126.2 128.1 130.6 132.5 134.6 135.5 135.8 136.1 135.3 135.1 134 132.8 131.5 131.5 132.1
109.5 110.2 111.4 111.4 111.9 112.6 113.3 113.6 115.1 116.3 116.8 118.3 119.4 119.7 119.6 119.2 119.9 120.7 121.1 121.8 121.9 121.6 121.7 121.2 120 118.8 117.4 115.5 113.6 110.9 108.1 105.4 103.2 101.4 99.5 97.7 95.9 93.4 90.4 90.8 95.1 99.6 99.6 99.9 101.9 104.5 106.5 109.5 111 112.1 114.1 114.9 110.6 115.9 116.7 118.2 119.2 120 121.5 122.6 123.3 124.8 125 125.8 128.1 130.8 133.2 135 136.9 137.9 138.3 138.9 138.4 137.6 136.7 135.2 134.7 135.3 135.9
110 110.8 112.5 113.6 114.2 114.9 116.4 116.6 118.6 119.1 119.8 120.6 120.6 121.1 121.2 120.8 120.4 120.6 120.9 121.1 120.9 120.3 119.9 119.2 117.9 116.4 114.2 112.3 110.4 107.9 105.4 103.1 101.3 99.6 97.8 96.1 93.6 90.8 88.8 92.4 94.9 97.3 98.1 100 102.6 105 107.6 110.6 112.4 113.8 115.6 116.4 114.4 114.8 118.4 120.1 120.7 122.5 124 125.3 126.2 127.8 128.6 128.5 130.4 133 135.8 137.6 138.9 140 140.7 140.7 140.4 139.8 139 137.7 137.3 138.3 139.6
109.9 111.5 113.9 115.6 116.5 117.4 119.3 119.6 121.2 121.4 121.7 122 122 121.9 121.9 121.3 121 121 120.2 120 119.8 119 118.1 117.2 115.8 113.8 111.1 109.4 107.5 105.5 103.3 101.3 99.5 97.9 96 93.8 91.2 89.1 92 94.3 96.1 97.2 99.2 101.6 103.6 106 108.5 111.2 112.5 114.3 116.2 116.7 115.5 115.6 119.8 121.5 123 125 127 128.3 129.9 131.4 131.5 132.3 132.9 133.8 136.5 138.6 140.7 141.6 141.9 141.9 141.9 141.4 140.4 139.6 139.8 140.8 142.4
109.5 111.7 114.6 116.4 117.6 118.8 120 121.1 122.1 122.5 122.8 122.4 122.1 122 122.1 121.7 120.9 120.3 119.1 118.5 118.6 117.6 116.3 115.4 113 110.3 108.5 106.8 105.4 103.8 101.5 99.5 97.7 96 93.8 91.3 89.1 91.3 93.9 95.8 98.2 99.9 100.4 102.6 104.4 106.7 108.9 110.8 112.2 113.7 116.4 117.1 117.1 117.8 120.4 122.4 125.7 127.6 129.5 131.6 133 133.9 135 135.7 134.9 135.3 137 138.7 140.2 141.4 142 142.4 142.6 142.2 140.9 140.9 141.6 142.6 143.8
110.1 111.9 114.2 116.2 118.5 119.6 120.8 122.4 123 123.5 123.5 123 122.6 122.1 121.8 121.2 120.7 119.6 118.4 116.9 116.7 115.3 113.5 112.3 110 107.8 106.3 104.8 103.6 101.9 99.8 98.1 95.8 93.9 91.7 88.9 91.5 93.7 95.6 97.4 99.8 101.7 102.4 103.5 105.2 107.4 109.8 111.6 112.8 114 116.3 117.9 118.4 117.1 119.4 123.3 126.8 129.2 131.4 133.2 135.1 136.7 137.6 137.7 137 136.8 138.4 139.4 140.1 140.6 142 142 142 141.7 141.2 141.6 142.7 144.5 148
110.8 112.6 114.6 116.5 118.5 119.7 121.7 123.2 123.9 124.4 124.1 123.6 123 122.4 121.4 120.5 119.7 118.7 117.3 115.6 114.4 112.4 110.2 108 106.3 105.3 104.2 102.8 101.2 99 96.8 95.5 94 91.6 90.5 90.8 94.3 96 97.9 99.4 101.2 103.1 104.7 105.7 107.5 109.2 110.8 112.8 114.3 114.7 117.2 118.4 119 118.6 120.8 125.5 127.9 130.6 132.4 134.4 136.3 137.7 138.4 139 138.8 138.5 139.6 140.8 141.2 141.2 141.4 141.3 141.3 141.2 141.4 142.5 143.9 146.5 150
110.8 113.1 115.2 116.9 118.3 119.9 121.7 123.5 124.7 124.9 124.8 124.3 123.6 122.4 121.3 119.4 118.2 116.6 114.9 113.3 111 108.4 105.7 104.4 103.3 102.4 100.9 99.1 96.9 95.2 93.7 92.5 91.3 90.9 91.4 93.7 96.3 98.6 100.6 102.2 102.7 104.9 106.8 108.2 108.9 110.5 111.9 113.6 115 116.3 117.8 118.5 118.7 119.4 121.4 126.7 129.5 132.6 134.7 137.1 138.8 139.5 140.2 140.4 140.3 139.9 140 141.5 141.8 141.6 141.4 141.3 141.3 141.7 142.5 143.7 145.4 148.2 151.3
109.2 112.2 114.4 116 117.3 119.2 121.6 123.6 125.4 125.4 125.4 124.9 123.5 122.1 120.6 118.3 116.1 114.3 112.1 109.1 106 103.6 101.9 100.3 98.7 97.3 95.5 94.5 92.6 91.6 90.5 89.9 90.7 90.3 92.4 96.2 99.2 100.5 102.6 103.3 104.3 105.7 107.5 108.3 109.1 110.8 111.9 113.5 115.3 116.4 117.7 118.3 119.5 119.9 121.7 127.4 130.2 133.6 136.2 139.2 141 141.5 142.7 143 143 142.3 141.7 142.4 142.3 142.1 142.4 142.6 142.6 142.8 143.8 145 146.9 150.7 155.2
106.9 109.8 112.4 114.8 116.7 119.1 121.2 123.4 125.5 126.3 126.3 125 123.1 121.2 119.3 116.1 113.2 110.3 106.3 104.1 101.6 99.4 97.4 95.8 94.1 92.6 91.8 91.2 90.8 89.6 90.9 91.1 90.7 91 93.3 97.4 100.4 101.8 102.8 103.7 105.6 107.3 107.7 108.5 109.3 110.1 111.2 111.8 114.6 116.3 118 119.2 119.8 120.4 122.7 127.6 129.7 131.9 135.2 139.4 142.2 143.4 144.4 144.5 144.7 144.5 143.9 143.8 143.1 143.2 143.5 143.9 144 144.4 144.9 146.1 148.5 152.4 156.9
104.5 106.5 108.8 111.7 114.1 116.9 118.3 120.7 122.9 125.3 126.2 125 123.3 120.8 117.9 113.6 109.4 105.6 103.1 100.7 98.1 95.4 94.4 92.7 91.7 91.4 90.2 91.2 91.6 91.1 91 91 91.2 92.4 94.3 97.8 100.6 102.1 103.1 104.1 105.3 106.7 108 109.4 110.5 110.6 111.2 110.9 114.6 117.3 118.6 119.6 120.2 120.6 122.3 126.3 128.7 130.7 133.9 136.9 140 142.1 143.8 145.1 145.9 145.8 145.9 145.4 144.9 144.3 144.5 144.8 145.2 145.4 146 146.7 148.9 152 154.7
102.3 103.9 105.6 108.1 109.8 112.4 113.7 116.5 119.3 120.3 121.5 122 120.7 118.5 114.3 110.1 105.5 102.3 99.5 96.8 94.9 93.2 92 90.4 91.8 91.2 90.7 90.7 91 91.5 91.3 91.4 92 93.1 95.2 97.4 99.8 101.1 102.5 103 103.5 104.8 106.3 108 109.5 110.3 110.4 110.4 113.8 118.6 119.1 120 120.4 121.7 124 127.2 128.8 130.4 133 135.2 137.8 140.2 142.4 144.4 146.1 146.7 147.2 147.1 146.6 146 145.4 145.7 146.4 147 148 149.5 151.2 152.2 153.5
99.8 100.8 102.5 104.3 106 107.8 109.6 112.3 114.7 116.1 116.8 116.2 115.3 112.3 107.9 104.7 100.9 98.3 95.4 93.9 92.7 90.9 91.5 91.3 91.1 90.9 90.7 91 91.7 91.9 91.8 92.1 92.6 93.7 95.5 97.2 98.3 99.1 100.4 100.8 101.2 101.8 102.9 104.7 105.9 106.9 107.6 109.5 112.3 114.7 118.6 119.5 119 122 124.7 126.9 128.3 130.1 132.2 134.4 136.6 138.8 141.1 144.3 147.1 147.7 148.3 148.3 148.1 147.7 146.9 146.9 148.2 149.5 150.3 151 151.4 152.1 153
97.4 97.6 98.5 99.8 102 104 105.8 108.8 110.3 111.2 111.1 109.3 107.5 104.9 101.3 98.9 96.6 94.3 92.8 91.8 92.3 91.6 91.4 91.4 91.1 90.9 90.9 91.4 92 92.3 92.3 92.6 93 93.6 94.5 95.7 96.3 97.1 97.6 98.2 99 99.9 100.5 101.3 102.5 103.3 105.5 108 110.5 112.3 114 115.1 117.8 121.3 124 125.9 127.7 129.5 131.2 133.2 135.2 137.3 139.6 142.8 145.8 147 148.6 149.1 149.1 148.9 149.3 149.1 149.6 150.6 151.4 151.2 151.6 151.7 152.5
96.4 95.8 96 95.8 95.9 98.2 101.5 102.5 103.3 103.8 102.9 102.2 101.4 99.6 97.2 95.7 93.8 93.4 90.6 92.1 91.9 91.6 91.6 91.3 91.4 91.8 92 92.2 92.9 92.7 92.9 93.2 93.6 94.5 95.1 95.5 96.4 96.7 97.3 98.1 99.5 100.7 101.1 103 103.6 103.5 104.5 106.6 108.9 110.7 110.2 111.8 114.1 118.3 121.6 123.8 125.9 127.5 129.2 131.3 133.5 135.3 138.2 140.9 143.5 145.4 147.2 148.4 149.3 149.7 149.9 150.3 151.5 152.1 152.6 152.2 151.8 151.2 151.3
97.4 96.3 96.6 96.7 97.1 96 95.2 95.3 95.8 96.2 96.5 96.6 96.9 96.7 95.9 95 93.1 92.9 92.5 91.9 92.2 92 92 93.2 94.5 95.2 95.1 95.1 95.5 94.6 93.7 93.4 94.3 95.2 97.5 97.4 97 97 97.5 98.2 99.1 100.1 100.8 101.9 102.5 103.5 104.5 105.6 107.2 108.6 108.3 110.2 112.2 115.3 118.2 119.9 122.3 124.9 127 129.1 131.4 133.7 136.6 138.7 140.5 142.3 144.9 147.1 148.5 150 151.3 151.8 152.1 152.3 152.6 152.4 151.4 150.7 150.2
98.2 97.2 96.9 97 97.5 96.7 97.1 96.3 94.6 95.2 94.3 94 93.5 93.5 94 93.1 92.7 92.8 92.8 92.4 92.6 93.7 95.3 97 98.4 98.5 99 99.2 99.6 98.8 97.2 95.2 95.3 95.9 98.3 98.3 97.9 97.8 98.2 99.4 100.4 101.2 101.7 102.7 103.3 103.9 105 106.1 107.1 108.7 110.3 110.7 112.2 113.4 116.2 118.2 118.9 121.8 124.8 127.2 129.5 132.5 134.4 136 137.9 139.6 141.6 144 146.7 149.5 151.4 152.4 152.5 152.1 151.5 150.7 150.2 149.3 148.7
99.6 99.5 99.5 99.3 98.6 98.4 98.5 98.2 95.9 97.2 96.8 95.6 94.9 94.2 93.5 93.5 93.7 93.5 93.6 93.9 95.4 97.4 99 100.6 101.5 101.6 102.5 102.9 102.7 102.3 101.6 100.5 97.4 95.9 99.2 99.8 100.2 100.6 101.3 101.8 102.8 103.3 104 104.7 104.6 104.8 106.2 107.4 109.4 111.6 112.5 112 115.1 117.2 119 120.1 120.5 121.3 124.1 126.6 128.9 131.1 132.7 134.5 136.1 137.7 140 142.3 144 146.3 147.6 149 149.5 149.7 149.4 149.2 148.5 147.8 147.7
100.7 100.9 100.3 99.8 100.6 101.1 99.9 100.5 96.5 100 100.6 100.4 100.1 99.7 98.6 98.9 97.5 96.8 97.5 98.2 99 100.5 102.1 102.7 103.1 103.9 104.3 104.1 103.3 102.9 102.4 101.3 98.7 96.6 101.4 101.4 101.9 102.8 104 104.3 104.6 105.1 105.9 106.8 107.1 106.1 107.9 110.1 111.9 114.3 114.7 115 115.4 116.2 117.7 119.6 120.9 122.3 125 127.2 128.4 130.4 131.8 133.1 134.4 135.9 138.2 140.1 141.6 143.7 145.7 147.5 148.1 149.1 149.4 148.2 148.3 148 147.8
101.3 101.5 101 101.4 102.3 102.9 102.9 101.7 100 100.9 102.3 102.6 102.7 102.5 101.9 101.6 101 100.6 100.7 101.5 102.4 103.7 104.5 105.1 105.2 105 104.7 104.4 103.8 102.9 102.9 102.1 99.5 97.1 100 102 102.7 103.2 104.8 105.7 106.3 106.8 107.5 108.5 108.6 108.3 110.2 112.2 112.8 114.3 115.3 116.2 117.4 118.6 119.6 120.4 120.7 122.6 124.2 126.2 128 129.3 130.5 131.9 133.3 134.5 136.3 138.4 140.2 140.6 142.7 144.4 145.7 147.1 147.9 147.3 147.8 147.7 147.5
101.6 102 101.9 101.9 102.7 103.6 103.3 103.3 101.5 101.9 103.1 103.7 103.6 103.4 103.4 102.9 102.9 102.8 102.7 103.4 103.6 104.4 104.4 104.3 104.9 104.9 104.7 104.3 103.4 102.6 103 102.4 99.9 98.9 99.1 101.2 102.5 103.2 105.7 106.5 107.2 106.8 107.7 108.1 108.4 108.9 111.1 113.1 114.3 115.4 116.3 117.1 118.1 119.3 120.6 121.8 123 123.3 124.4 125.6 127 128.3 129.8 131.2 132.7 134.3 135.2 137.8 138.5 138.4 140.1 142.2 143.9 145.1 145.8 146.3 146.8 148 148
101.7 102.1 102.3 102.6 103.2 104 103.5 102.9 101.6 102.9 103.4 104 104.2 104.2 104 103.7 104 103.7 104 104.3 104.1 103.9 103.7 103.8 104.1 104.2 104.1 104 103.5 102 102.5 101 99.9 100.6 101.3 101.1 101.5 102.1 104.3 105.7 106.2 106.4 108 108.3 109.2 110.5 112.1 114.2 115.6 116.4 116.7 117.8 118.7 120.6 121.7 122.9 124.1 125.2 125.6 126.7 127.8 128.8 130.7 132.3 133.7 135.2 137.3 138.5 138 139 138.7 140.9 142.4 143.5 144.8 145.2 146.4 148.1 148.5
102.1 102.8 103.4 103.6 103.9 104.3 104 103.5 101.7 102.4 103.2 103.8 104.4 104.4 104.5 104.4 104.3 104.1 104.6 105.1 105.1 103.5 103.3 103.4 103.4 103.7 103.9 103.6 103.2 102.4 102 101.9 101.8 102.1 102.7 102.9 103.7 103.1 104 104.9 105.8 106.8 108.1 109.3 110.3 112.4 114 115.9 117 117.6 118 119.1 120.6 122.3 124.1 125.2 126.6 127.7 127.8 128.4 129.1 130.5 132.3 133.9 135 136.2 138.6 140.7 139.3 140.3 140.6 140.9 141.9 142.8 144.1 145.9 147.5 148.2 147.9
102.7 104.2 104.5 104.7 104.7 104.4 104.5 104 103.4 102.4 102.2 103.1 104.1 104.5 104.2 104.6 104.5 104.5 104.4 105.4 105.7 103.4 103.4 103.7 103.8 104 103.7 103.4 103.2 103.2 102.9 102.8 102.9 103.2 103.6 103.7 104.3 104.5 105 105.6 106.4 107.1 108.3 109.8 111.4 113 115.1 118.2 118.8 119.7 120 121.1 122.9 125 127 128 128.6 129.2 129.8 130.4 130.8 132.4 133.9 135.2 136.3 137.5 140.1 141.2 140.7 142.1 142.4 143 143.6 144.4 145.3 147.3 147.5 147.6 146.7
