app/static/ascii/NO57.asc
ncols 200
nrows 200
xllcorner 350000
yllcorner 770000
cellsize 50
[rows 70 to 104 of 200, columns 0 to 77 of 200]
302.9 299.5 294.9 290.4 287.3 283.9 278.9 274.1 268.9 268 268.3 268.1 271.2 272.4 272.8 272.7 272.3 272.3 270.7 268.7 265.9 261.7 258.8 256.4 254 251 248 245.6 240 235 232.6 231.9 223.4 219.1 224.7 238.2 246.7 257.4 266.8 275.4 282 289.2 295.4 299.4 303.4 307.7 310.9 314.1 317.6 320.6 323.2 326.4 331 338.6 344.4 344.3 344.4 339.3 331.3 320.3 308.4 299.1 291.1 282.1 279.7 286.4 291.1 296.8 299.8 298.5 294.2 289.2 306 328.1 349.9 371.3 394.1 413.1
310.9 306.4 301.9 297.1 293.5 289.6 285.1 280.5 276.2 269.8 266.9 262.5 265.8 266.5 266.4 266.9 266.4 266.5 265.6 263.6 261 257.2 253.3 248.9 242.5 241.3 238.1 235.7 232.7 236.6 229.1 224.9 233.7 238.6 233.5 230.3 243.6 254.5 263 271.2 279 285.9 292 296.8 302 306.2 309.8 313.9 317.9 320.7 323.6 327.2 330.7 338.4 344.4 347.3 345.3 340.7 330.2 319.3 309.7 299.3 287.1 289.8 290.8 296.3 303.4 310 313.8 311.3 304.8 294.5 304.8 327.2 349.9 370.6 392.6 411.7
318.6 313.9 308.2 303.4 299.1 295.1 290.7 286.5 282.1 276.6 271.3 266 263.1 262 262.7 261.4 262.5 261.1 260.5 258.9 255.4 250.9 246.8 244 247.5 244.5 250 250 249.8 248 244.2 239.5 245.5 244.2 242.5 235.7 237.9 249.6 258 265.9 274.3 281.5 287.6 293.3 298.7 303.5 309 313 317.6 321 324.6 328.1 331.7 341.5 350.9 353.1 349.5 341.6 330.1 318.9 308 298.3 299.2 300.4 299.4 306.4 315 324.4 326.3 324.1 315.1 304.5 309 326 347.8 369 389.8 409.3
325.8 319.5 313.6 309 304.6 299.6 295.1 290.9 286.1 281.8 276.8 270.5 265.6 260.6 257.7 257 256.4 253.4 252.8 250.7 248.5 249.7 253.9 256.3 256.9 256.6 256.1 255.3 254.1 251.2 248.9 247.8 248.8 248.6 247.2 245.3 242.3 242.4 253 261.8 271.4 278.1 284.7 291.2 297.4 303 308.6 314.1 319.3 323.7 327 330.7 337.3 348.5 355.3 356.5 352 342.6 331.4 317.8 309.8 313.1 312 312.7 309.8 315.1 324.7 334.3 337.2 334.1 325.6 313.8 312.2 330.8 346.9 367.4 386.8 409.3
330.6 324.3 317.8 313.4 308.2 302.6 298.5 294.3 290 285.1 280.1 274.2 269.6 265.4 262 256.6 256.4 255.8 251.6 256.9 256.6 261.8 263.7 263.8 264.3 263.8 261.6 259.7 258 255.3 254.1 251.3 252.4 253 251.9 250.7 249.3 241.2 250 257.6 265.1 275.2 282.8 290.5 298.1 305.2 310.7 315.8 320.9 326 330.8 338.3 347.8 356.4 360 359.8 354.2 344.2 331.4 320.6 324.8 326.5 328.6 328.6 324.2 325.8 336.4 346.9 347.6 343 335.3 322.1 321.7 341.6 356.5 371.5 390.6 412.9
334.1 326.9 321.6 316.7 310.9 305.6 301.6 297.4 292.9 288.3 282.9 277.5 272.4 268.2 263.8 258.9 258 255.4 261.2 262.7 265.4 268.2 269.7 271.2 271.6 270.8 268 265.7 262.2 259.5 257.3 256.3 256.1 257 256.5 255.9 255.3 251.9 246.5 259.3 267.1 273.9 283 292 299.5 307.3 314.2 320 326.5 333.2 339.2 347.3 355.9 362.8 365.2 362.8 354.9 344.9 334.4 336.1 339.6 343.1 346.7 344.3 339.2 335.5 345 357.1 359.1 354 344.8 333.7 333 349.8 365.2 382.2 400.7 418.8
336.1 330.4 325.3 319.9 314.5 309 303.9 299.6 295.3 291.1 286.6 279.1 275.3 270.5 265.3 257.9 261.2 263.3 265.9 268.5 272.2 274.5 276.3 278.3 278.9 277.8 275 271.3 267.4 263.6 261.6 261.5 261 261.1 261.4 260.8 260.2 259.7 253.1 258.5 267.7 274.9 283.8 293.6 302.9 311.3 319.6 327.4 335.2 340.8 347.2 356.1 365.2 369.7 370.2 365.5 354.6 345.9 343.9 350.6 354.9 359.5 363.9 361.2 356.5 347.2 351 360.6 368.5 366 356 348.3 343.5 357.3 373.8 391 409.9 427.9
336.9 332.5 326.4 321.1 316.2 311.2 306.3 301.6 297.3 293 288.7 282.2 276.5 271 263.6 260.9 266.4 269 271.7 275.2 278.6 281 283 285.1 286.3 284.6 281.3 277.3 273.3 269.4 267.8 266.7 265.7 265.2 265.8 265.8 265.2 264.7 261.1 258.1 268.4 276.6 286.3 296.5 306.1 317.2 326.7 334.7 343.3 350.2 357.9 365.1 372.6 376.8 375.3 366.3 356.6 354.3 361.3 366.8 372.5 377.3 381.9 381.6 375.8 364.4 357.5 363 369.7 372 359.1 360.2 355 365.1 381.9 399.3 417.4 438.2
337.3 332.5 326.4 321.5 316.7 311.9 306.9 302.3 298.4 294.2 288.3 282 275.8 269.4 265.9 269.8 272.7 276.1 280.2 284.6 287.8 290.9 293.2 294.9 293.8 291.2 287.3 283.3 279.2 275.7 274.9 274.2 272.6 271 270.7 270.7 269.8 268.9 266.9 261.5 265.6 279.3 289.2 299.4 310.8 322.2 332.7 343.2 352 360.1 368.8 375.9 382 383.4 379.1 369.1 359 367.5 374.7 383.4 389.8 395.6 402.2 403 394.8 383 371 369.3 372.7 374.8 371.6 371.2 364.9 369.2 386.6 403.4 424.4 445.1
337.1 332.2 326.7 322 317.1 312.3 307.5 302.7 298.5 294 287.1 280.1 272.9 269.3 271.9 276 280.1 286.8 292.3 296 299.6 303.2 303.3 302.7 300.2 297.1 293 288.9 284.6 282.8 282.1 281.5 280.1 278.6 277.1 276.9 276.2 275.6 274.1 268.9 265.5 281.2 293 305 317.9 330.3 341.6 352.2 361.8 371 379.8 388 391.4 392 384 373.2 366.7 378.8 387.3 397.6 406.5 415.9 423.7 425.1 417.1 404.2 390.1 381.9 382.9 383.5 383.2 381.4 378 373.5 388.6 406.1 425.9 445.8
335.5 331.5 326.3 321.4 317.1 312.7 307.9 302.4 297.3 291.4 283.9 276.3 270.2 274.1 278.9 285.1 292.7 299.6 305.2 309.4 312.8 314.9 313.2 309.6 306.9 303.3 298.5 294 290.5 289.8 289.2 288.6 287.6 286.4 284.9 283.9 283.2 282.5 280.5 276.3 266.3 282.5 298.1 311.6 326.1 338.5 350.7 361.8 371.6 380.7 391.3 399.6 402.2 398.5 389.3 378.4 375.2 387.9 399.1 411.2 422.2 433.7 441.5 444.7 438.3 425.9 411.2 403.5 399 394.8 396.4 395.5 391.1 386.4 390.4 407.7 425.1 443.1
333.3 329.8 325.6 320.8 316.1 311.2 305.7 300.2 294.4 288.4 281.1 274.1 278.1 281.1 288.9 296.9 305.2 312.2 317.7 322.9 326.1 325.6 322.1 317.1 313 308.6 305 300.8 298.5 297.9 297.2 297 296 294.6 292.5 291 290.5 289.8 287.3 283.2 273.8 283.8 302.1 317.4 330.9 343.7 357.1 368.3 379 391.8 403.7 411.3 414 409 395.1 385.1 381.5 392.3 405.6 419 432 445.3 455.9 459.5 455.6 444.9 432.4 423.7 416.4 408.2 410.8 411.3 405.6 399.1 395.9 408.4 425.3 442.1
330.7 328 324.1 319.4 313.3 308 302.5 297 291.7 284.4 277.4 279.9 284 290.3 299.9 308.7 317.7 324.8 331.2 336.6 337.4 335.2 330.5 324.8 318.7 314.7 311.8 308.4 307 306.7 306.7 306.3 304.8 302.9 300.5 298.7 298.1 297.4 294.9 290.9 282.9 282 303.8 319.9 334.2 347.1 360.6 373.7 386.5 401.6 412.9 422.1 424.6 418.3 404.9 392.8 389.6 401.8 415.1 428.6 442.7 457.5 466.6 469.2 466 459.1 451.4 439.9 430.7 423.8 425.6 425 419.6 414.2 409.4 412.6 429.2 443.8
328 325.5 321.9 316.1 310 304 299 293.8 288.2 279.9 282.5 285.7 290.3 299.2 309.4 319.7 330.3 338.1 345 349.7 348 343.9 338.6 331.4 325.1 321.2 319.1 316.8 316.5 317.3 317.2 316.7 314.4 310.9 307.8 306.7 306.1 304.9 302.5 298.2 291.4 282.5 302.3 320.3 335.2 349.8 364 377.7 392.5 408.9 421.8 432.6 436.4 428.9 415.2 404.1 396.9 411.1 425.3 439.6 456.4 471.1 480.7 482.4 481.6 471.4 462.5 452.5 443.9 435.4 438.3 437.8 433.2 428.3 423.7 426.3 436.9 447.7
325.1 322.4 318.2 312.8 306.7 300.6 295 290 284.5 285 288.1 292.2 298.1 307.9 318.5 330.9 341.3 349.8 356.8 359.3 357.3 352.7 346.6 339.5 334.4 330.8 328.5 326.5 327.1 328 328.1 327.8 325.2 320.5 317.1 316.2 314.8 313.6 311.3 306.4 300.3 287.2 300.9 319.3 336.6 351.7 367.3 382.3 398.1 414.5 429.1 441.4 447.8 442 429 418.1 411.8 419.4 434.7 449.7 467.2 483.7 493.8 496.8 494.5 485.2 474 467.1 458.6 446.8 450.3 449.9 447.1 444 440.2 442.1 448 455.9
322.3 319 314.5 309.2 303.6 297.4 291.2 288.9 287.2 289.8 293 298.5 305.7 315.3 325.9 338.9 349.7 359 364.6 366.3 364.9 360.7 354.9 350.3 345.8 341.4 338.1 338.1 339.3 340.3 339.9 338.3 335 331.2 328.1 325.6 324.1 322.4 320.2 315.6 308.3 293.1 299.2 316.5 334.7 353.1 370 385.9 401.5 417.6 433.4 448 458.3 457.7 445.5 431.6 425.7 425.1 442.9 459.9 477.6 492.3 503.5 506.9 503 495.6 488 480.8 471.9 464.1 467.2 468.7 466.6 463.3 462 462 464.9 471.1
314.8 313.2 307.2 302.4 299.8 299.6 297.7 292.7 292.4 294.9 298.8 304.5 312.4 321.7 333.3 345.8 356.3 365.4 370.5 372.4 371.3 368.7 363.1 360.7 357.3 353.3 349.9 350.3 351.6 352.6 352.5 350.3 345.8 341.5 338 334.8 332.7 330.8 328 322.1 312.3 296.5 308.7 313.9 328.8 350.7 369.4 386.3 402.5 418.5 437 454.7 467.9 471.1 460.5 446.5 439.2 436.4 450.2 468.4 486.1 500.3 510.6 511.8 510.2 504.5 497.4 492.5 483.6 480.9 483.9 489.1 491.9 490.8 489 489.1 489.9 493.8
320.8 318 314.8 310.8 308.9 305.1 301.3 294 295.7 300.3 305.1 310.2 317.6 327.6 340.1 350.6 361.4 369.4 374.6 377.4 378.3 377.2 373.7 370.6 367.7 365.5 362.1 361.6 363.8 364.9 365.2 362.5 357.5 350.6 347.7 344.2 341.5 337.6 334.8 328.8 318.2 301.5 316.6 328.8 329.3 343.2 364.6 382.3 400.6 418.5 439 459 475.3 477.6 471.7 460.2 453 452.7 458.9 475.6 493.8 508.5 519.1 521.2 516.9 512.8 506.5 501.3 495.9 495.4 500.2 504.9 509.1 514.7 516.6 514.9 514.7 516.6
324.6 322.8 319.5 315.7 312.4 307.8 302.4 300.2 302.8 306.2 310.8 317.1 323.2 332.9 343.9 355 365.1 372.4 378.3 383.1 386.1 387.1 384.9 381.5 378.7 377.1 374.2 373.9 375.6 377.7 378.4 375.3 368.8 362 355.6 352.1 347.5 344.1 341.5 334.9 324.3 307.9 324.2 338.8 348.5 352.4 357.2 366.3 388 412.3 436.6 458.5 476.2 480.5 477.5 473.3 468.5 467.5 471.4 482.8 501.6 515.7 526.6 531.8 527.3 521.2 515.6 509 506.5 508.2 513.4 518.8 527.5 535.1 540.8 540.7 539.8 541.8
329 327.2 323.6 320 316.4 311.3 304.6 306.1 308.6 312.2 317.1 322.9 330.2 337.9 348.3 358 367.7 375.6 382.9 390.5 394.3 397 396.8 393.8 390.2 388.6 386.7 386.9 388.5 390.4 390.1 387 380.2 372.9 363.7 358.9 354.4 350.5 347.4 339.9 330.4 317.3 332.7 347.2 359.9 369 377.4 385 388.7 398.6 428.8 454.6 472.7 482 484 482.7 481.3 484.8 487.5 494 509.1 523.6 533.4 537 533.6 526.9 520.9 517 517.7 521.7 523.5 531 541.6 551.5 559.4 562.9 563.5 567.1
333.8 331.2 327.6 323.7 319.8 314.6 309.2 309.6 313.9 317.9 323.1 329.2 336.6 344.5 352.9 362.1 371.3 381 389.3 397.6 403.4 406.7 408.4 406.8 403.9 401.4 400.3 399.9 401.4 403.4 402.4 398.5 390.8 382.7 373.1 366.2 360 355.9 351.5 343.3 334.2 322.8 339.5 354.3 367.9 378.9 390.5 402.5 413 414.2 419.1 448.4 470.9 485.1 489.7 491.1 495.5 499.8 500.9 506.4 518 532.2 540.8 541.5 538 531.5 526.5 529 530.9 533 533.3 540.2 552.4 562.1 570.8 576.1 582 590.1
338 335 331 327.1 323.3 317.7 313.9 316.8 320.7 324.7 329.5 336.1 343.6 351.9 360 368.4 378.3 388.4 396.5 404.7 412.9 417.4 419.9 419.4 418.2 417.5 413.9 413.1 414.3 415.6 414.4 409.5 400.2 391.3 380.9 371.7 364.2 360.6 355 346.4 337.1 332.3 346 361.2 375.8 389.7 402.5 416.8 429 438.6 435.1 441.7 471.2 488.7 496.7 502.2 508.4 510.4 511.5 519.2 529 540.1 548.7 547.5 542.3 536.6 536.9 539.7 540.3 541.6 543.4 549 558.5 568.6 577.9 584.8 593.9 599.1
344.6 339.5 335.1 331 326.9 319.7 321.3 324 327.5 331.5 336.2 343.6 351.5 359.3 367.2 376.1 386.4 396.1 405.9 415.3 424.3 430.5 432.3 433.3 432.5 431.8 429.8 427.7 428.4 429.1 426 418.6 408.9 398.3 388.4 377.2 369.3 364.9 358.3 349.7 340.6 338.9 351.8 367.6 384.1 400 414.2 428.1 441.8 455.8 463.3 459.9 472.4 493.4 503.8 513 516.3 518.5 522.6 531.1 539.8 546.2 554.2 555.6 552.2 548.9 548.9 550.8 552.9 551.7 552.5 557.4 564.8 574.7 581.9 589.3 597.5 600.5
349.8 344.5 339.5 335.4 328.7 327.3 326.6 330.3 334.2 338.9 344.6 352.4 360.8 367.4 375.5 386.1 396.7 408.3 418.9 428.6 436.9 442.9 446.2 450.7 450.5 448.7 445.5 444.1 443.5 442.1 437.9 428.6 416.8 405.7 394.8 382.7 374 369.3 361.8 352.9 344.2 346.1 357 373.7 392.4 410.2 424.9 439.4 455.1 469.7 481.9 484.1 477.9 496.8 508.7 515.6 520.2 523.6 533.3 541.6 548.1 554.5 561.1 564 564.9 561.7 561.8 564.8 566.2 564.3 563.8 566 570.5 577.7 585.8 594.5 597.9 596.9
355.1 349.1 343.7 339.2 334.9 333.7 333.5 336.6 340.9 346.8 353.7 361.7 369.8 377.3 387.9 399.1 410.2 421.1 432.2 442.1 450.2 456.9 463.4 467.8 470 468.2 464.7 461.7 459.3 455.8 448.5 437.9 426 413.6 401.7 389.1 378.7 372.2 365 357.1 346.9 352.3 362.3 380.4 400 417.7 434.5 450.5 467.7 483.5 496.3 501.3 499.3 499.4 509.8 517 523.1 530.7 540.6 549.4 556.7 561.8 569.2 573 573.1 571.7 573.8 579.9 577.7 576.5 575.4 577.2 578.1 579.1 585.8 590.6 588.2 585.9
361.2 354.5 347.9 342.9 341.8 340.1 340.6 343.6 348.5 355.2 362.1 370.3 378.5 389 400.5 412 423.5 435.5 445.9 455.6 464.4 472.6 480.5 485.7 489.2 487.1 483.4 479.8 474.1 468.5 458.8 448.6 436 421.9 409.3 396.8 386.4 375.3 367.4 359.9 356.6 357.1 367.3 385.6 406.1 424 441.4 459 478.5 496.1 506.1 510.4 509.5 508.6 511.4 517.9 525.8 535.4 545.4 555 563.6 570.2 576.2 580.8 581.5 583.1 585.8 590.1 591.6 589.1 582.8 580 582.9 578.6 580.5 579.3 568.7 561.1
366.1 358.7 352.6 349.1 347.8 344.7 346 350.6 357 363.7 370.4 379.1 389.4 402.1 413.7 424.7 437.1 449.2 459.7 470 479.3 489 496.9 502.9 507.9 506.3 502.6 497.2 490.6 481.9 472.3 460.4 446.8 430.4 416.5 403.5 390.7 378.6 371 364.7 364.4 364.7 371.4 388.8 408 427.7 446.4 465.3 486.1 502 513.5 518.3 516.2 516.1 515.5 520.7 529.6 539 548.1 558 567 576.5 582.5 588.7 590.3 593.2 598.1 602.1 605.2 599.6 591.4 581.7 579.3 577.2 567.7 561 549.9 538.2
371.9 364.3 358.6 355.1 353.2 350.9 352.2 357.8 364.9 372 379.3 388.5 401.7 414.3 426.3 439.1 451.3 462.4 474.8 486.1 499.9 509.5 517.3 523.1 527.5 526.8 522.5 515.9 508.4 498.4 487.7 475.3 459.2 441 424.2 408.8 393.5 385.2 376.6 374.5 373.2 373.4 376.2 389.3 409.3 429.1 448.7 469.4 488.4 506.6 518.9 524.8 523.6 523.1 523.4 522.3 533.1 542.5 551.4 560.8 571.1 581.6 589.2 595.9 602.5 606 609.2 611.9 610.6 606.5 597.9 585.8 571.9 566.8 557.7 546.2 533.5 519.8
377.1 370.3 364.5 360.6 358.5 358.5 359.6 365.8 372.4 380 388.1 400.1 413.5 426.2 438.5 451.6 463.7 477.3 492.5 507.7 520.7 529.3 537.9 544.5 548.4 548.2 542.9 535.3 528 518 504.9 490.7 472.8 451.2 431.8 414.5 400.4 390.8 384.2 386.1 384.8 385 384.7 387.3 407.5 429.3 450.1 470.3 490.5 509.9 523.3 530.5 532.8 533.9 533.3 532.6 534.8 545.3 555.4 565.3 576.1 586.8 595.9 603.2 608.6 614.3 617.2 619.6 616.4 608.5 598.8 589.1 571.4 555.6 545.7 530.1 512.2 502.9
384.1 376.8 371.3 367.7 367.1 367.6 369 374.1 382.7 390.6 399.8 411.6 424.6 437.6 451.3 463.7 476.3 495.2 512.4 526.2 539.2 550 560 567.7 570.7 569.8 563.5 554.8 546.2 535.7 523 506.6 484.7 460.4 439.9 421.6 407.3 398.1 387.8 396.1 397.1 399.1 397.2 393.9 404.8 426.4 448.9 469.4 489.7 509.7 526 536 543.4 543.3 542.1 542 542.4 549 559.3 571 581.5 593.9 604.1 611.4 617.1 620.5 623.7 622.3 619.2 608.7 601.5 591.3 571.5 550.2 534.7 518.5 497.6 485.2
394.9 387.1 380.6 376.7 375.7 376.4 378 384.6 393.3 402.9 413.7 424.6 436.6 449.5 463.4 477.3 492.1 511 526.4 540.6 554.6 567.1 579.2 586.6 588.6 586.8 581.1 572.5 564 552.9 538.4 519.2 493.4 469.6 447.1 428.4 414.1 403.6 398.7 406.4 409.5 413.5 414.5 412 410 423.1 444.9 466.4 487.4 507.8 526.1 539.1 550.5 552.2 551 551.8 552.5 552.8 566.5 578.1 589.4 600.2 609.1 617 623.4 626 626 624.5 617.7 610.6 603.7 593.2 573.6 549.9 528.1 511.6 496.7 483.2
406.3 399.1 392.5 387.9 386.6 386.8 388.2 395.5 405.9 416.3 427.2 438.2 450 463.6 477.4 490.9 507.1 524.2 538.1 553.3 567.4 580.5 592.2 597.6 601.3 600.8 597.2 590.4 582.3 571.7 554.7 529.9 500.7 474.2 452.6 434.4 419.8 409.5 406.6 414 423 430.4 432.8 430.8 425.4 426.1 442.7 461.9 483.5 503.8 524.4 541.1 556.1 559.8 559.6 561.7 563.6 560.9 572.9 583.8 594.5 604.8 613.9 621.7 625 627.5 626.3 623.1 616.8 609.3 601.6 591 575.2 555.7 536.3 518.1 502.9 487.7
419.1 412.4 407.1 401.5 398.5 398.1 400.3 407 417.4 428.6 440.4 451.4 464.9 478.9 491.8 506 519.8 534.7 547.3 561.8 575.7 587.1 597.9 605.2 611.1 613.8 612.6 608.4 601.9 590.4 569.8 538.1 506.8 479 458.2 441.8 427.8 417.7 414.3 422.7 436.3 448.2 451.8 449.6 447.1 444.3 446 456.3 478.5 500.8 522.9 542.8 558.6 567.7 569.9 571.1 575.4 577.5 577.9 589.1 598.8 607.8 616.5 624.3 626.1 624.9 622.7 617.6 613.9 607.1 599.5 589.4 579.7 567 549.2 532.7 515.3 498.3
435.7 429.4 424.6 417.7 411.9 409.5 412.4 419.5 430.1 441.6 453.2 465.8 479.8 493.4 505.7 517.9 530.1 542.1 553.3 565.6 577.6 589.1 599.1 608.9 617.3 623.1 626.1 620.6 612.4 601.3 578.7 545.4 513.5 484.3 465.2 448.1 436.4 425.9 419.9 431.5 444.1 463.3 473.1 471.6 468.9 467.5 468.2 470.8 475.1 497.8 521.4 544.2 564.1 576.1 580.7 585.4 588.9 589.6 588.1 596.8 607.3 616.2 623.3 626.9 628.3 623.3 617.5 611.3 604.5 599.8 594 588.1 581.2 570 556.9 544.3 529.3 511.5
455 449.1 443.3 435.2 427.3 422.9 425.7 432.6 442.7 454.4 466.4 480.4 494.1 506.3 516.9 527.1 537 547.1 555.9 565.6 575.8 587.1 598.1 609.1 616.6 623.4 627.4 624.9 618 608.1 585 552.2 518.5 489 468.2 449.8 439.7 433.1 426.7 438.2 451.4 473.7 488.6 494.1 493 491.1 490.5 493.3 498.1 500.5 525.7 549.3 570.6 583.8 591.2 596.1 599.3 601.2 601.3 606.7 615.2 622.9 626.6 627.9 626.1 620.2 613.9 606.1 597.8 590.9 585.8 580 574.1 565.5 556.6 548.2 539.1 522.7
