app/static/ascii/NO63.asc
ncols 200
nrows 200
xllcorner 360000
yllcorner 730000
cellsize 50
[rows 0 to 37 of 200, columns 0 to 83 of 200]
39.9 39.2 38.7 37.6 37.4 37.5 37.4 37.1 36.8 36.6 36.5 36.6 36.7 36.2 35 34.3 31.9 27.2 25.2 25.7 26.4 28.7 13.7 14.6 13.4 11.3 13.7 15.5 18.2 23.7 25.7 24.3 25.1 25.9 25.4 25.6 24.3 25.6 24 21.6 20.3 18.7 18.8 18.5 18 17.9 10.8 7.1 6.7 6.7 7.6 5.9 5.8 5.8 5.4 5.1 2.1 1.5 2.6 1.6 0 -2.1 -2.1 -0.1 0.5 0.8 1.2 1 0.4 1.4 1.4 1.5 1.2 1.1 -0.5 0.1 -0.3 -0.4 -1 -2.1 -2.1 -2.1 -2.1 -2.1
39.5 39 37.6 36.5 36.7 36.6 36.5 36.4 36.5 36.2 36.2 36.3 35.5 34.7 33.6 32.8 32.2 29.1 26.2 28 31.9 31 28.9 25.6 22.1 15.6 8.6 13.1 14.2 17.7 22 24.8 26.4 26.1 25 22.5 21.4 21.5 20.4 18.6 18.5 18.4 18.2 18.3 17.8 9.4 7.6 6.8 6 6.3 6.8 6.1 5.4 5.4 5.3 1.9 1.1 0.4 -0.2 0.1 -1.1 -2.1 -2.1 -2.1 -1 -0.6 -0.5 -0.8 -1 -0.5 -0.3 -0.1 -0.3 -0.5 -0.8 -1.3 -2.1 -2.1 -2.1 -2.1 -2.1 -2.1 -2.1 -2.1
39.4 38.6 37.4 36 35.8 35.7 35.6 35.6 35.8 35.9 35.9 34.7 33.8 33.1 32.4 32.1 32.1 30.2 26.4 27.7 31.4 30.5 30 28.4 25.6 22.9 10.8 9.8 10 12.6 16.3 24.1 24.7 22.4 22.1 19.5 19.1 18.8 17.9 18 18.3 17.6 17.4 16.4 8.6 8.1 7.2 6.6 5.9 5.3 5.6 5.5 5.2 3.8 1.6 0.7 -0.1 -0.8 -1.2 -2.1 -2.1 -2.1 -2.1 -2.1 -2.1 -2.1 -2.1 -2.1 -2.1 -2.1 -2.1 -2.1 -2.1 -2.1 -2.1 -2.1 -2.1 -2.1 -2.1 -2.1 -2.1 -2.1 -2.1 -2.1
39.2 38.2 37.1 35.8 34.8 34.7 34.6 34.7 34.9 34.8 33.8 33.2 33.1 32.4 31.3 31.1 31.5 30.7 26.6 27.5 30.1 30 29.5 29.1 27.2 25.4 23.8 20.8 18.9 10.4 6.8 20.1 20.8 20.2 19.1 18.8 18.2 17.8 18.2 18.4 18.5 18.3 13.9 7.8 7.6 7.4 6.8 6.1 4 5.8 5.9 5.8 2.2 1.3 0.6 -0.4 -2.1 -2.1 -2.1 -2.1 -2.1 -2.1 -2.1 -2.1 -2.1 -2.1 -2.1 -2.1 -2.1 -2.1 -2.1 -2.1 -2.1 -2.1 -2.1 -2.1 -2.1 -2.1 -2.1 -2.1 -2.1 -2.1 -2.1 -2.1
38.8 37.8 36.8 35.6 34.5 33.7 33.6 33.8 33.2 32.4 32 31.7 31.6 31.5 31.5 31.3 31.3 29.1 24.9 27.2 28.9 29.1 29.1 28.7 27.9 27.2 26.8 24.2 20.9 12.3 10.1 8.6 15.9 18.4 18.9 19.1 18.6 18.5 18.5 18.7 18.5 10.4 7.9 7.2 6.9 6.6 6.2 5.5 5.6 6 6.6 2.1 1.1 0.1 -0.6 -2.1 -2.1 -2.1 -2.1 -2.1 -2.1 -2.1 -2.1 -2.1 -2.1 -2.1 -2.1 -2.1 -2.1 -2.1 -2.1 -2.1 -2.1 -2.1 -2.1 -2.1 -2.1 -2.1 -2.1 -2.1 -2.1 -2.1 -2.1 -2.1
38.2 37.2 36.1 35.1 34.2 33.2 32.5 32 31.5 31 30.6 30.2 30.1 30 29.9 29.8 29 26.8 25 26.9 27.7 27.5 27.7 27.5 26.9 26.1 25.3 24 21.5 13.1 10.7 9.5 8 11.6 18.4 19 19 18.8 18.7 18.3 10.1 7.9 6.9 6.6 6.3 6 5.4 5.2 5.5 5.9 2 0.9 -0.1 -1.1 -2.1 -2.1 -2.1 -2.1 -2.1 -2.1 -2.1 -2.1 -2.1 -2.1 -2.1 -2.1 -2.1 -2.1 -2.1 -2.1 -2.1 -2.1 -2.1 -2.1 -2.1 -2.1 -2.1 -2.1 -2.1 -2.1 -2.1 -2.1 -2.1 -2.1
37.2 36.1 35 34 33 31.9 31.1 30.6 30.2 29.7 29.2 28.7 28.6 28.6 28.6 27.6 26.5 25.3 24.2 25.1 25.3 25.5 25.7 25.9 25.4 24.6 23.6 22 19.9 18.6 16.5 13.3 8.3 7.3 7.1 17.2 19.4 19.4 19 10 7.6 6.2 5.9 5.6 5.9 5.2 4.8 5.1 5.5 1.9 0.8 -0.3 -2.1 -2.1 -2.1 -2.1 -2.1 -2.1 -2.1 -2.1 -2.1 -2.1 -2.1 -2.1 -2.1 -2.1 -2.1 -2.1 -2.1 -2.1 -2.1 -2.1 -2.1 -2.1 -2.1 -2.1 -2.1 -2.1 -2.1 -2.1 -2.1 -2.1 -2.1 -2.1
36.3 34.9 33.8 32.8 31.7 30.6 29.8 29.3 28.8 28.4 28 27.9 28 28.1 27.6 26.6 25.5 24.2 23.6 24.1 23.7 23.5 23.7 23.9 23.8 23 21.7 20 19.1 18.4 17.6 16.6 8.5 7.4 7.3 7 6.7 15.8 9 7.1 6.2 5.5 5.1 4.7 5.3 5 5.1 5.4 2.1 1 -0.2 -2.1 -2.1 -2.1 -2.1 -2.1 -2.1 -2.1 -2.1 -2.1 -2.1 -2.1 -2.1 -2.1 -2.1 -2.1 -2.1 -2.1 -2.1 -2.1 -2.1 -2.1 -2.1 -2.1 -2.1 -2.1 -2.1 -2.1 -2.1 -2.1 -2.1 -2.1 -2.1 -2.1
35 33.7 32.6 31.5 30.4 29.4 28.5 28.2 27.9 27.5 27.4 27.4 27.5 27.5 26.6 25.6 24.6 23.6 23.1 23.4 23.1 22.7 22.3 21.9 22.1 21.4 20.3 19.7 18.9 18.2 17.5 16.8 8.7 11.2 7.1 6.1 5.8 5.8 6.3 6 5.2 4.8 4.3 5.1 4.8 5.1 5.3 3.2 1.4 0.4 -0.8 -2.1 -2.1 -2.1 -2.1 -2.1 -2.1 -2.1 -2.1 -2.1 -2.1 -2.1 -2.1 -2.1 -2.1 -2.1 -2.1 -2.1 -2.1 -2.1 -2.1 -2.1 -2.1 -2.1 -2.1 -2.1 -2.1 -2.1 -2.1 -2.1 -2.1 -2.1 -2.1 -2.1
33.7 32.5 31.3 30.3 29.2 28.3 27.3 27.1 27 26.9 26.8 26.5 26.3 26.1 25.2 24.8 23.9 23 22.5 22.7 22.6 22.1 21.7 21.3 20.8 20.5 20.1 19.5 18.7 18 17.3 16.7 15.9 7.8 11.8 6.8 5.8 4.7 5.7 4.3 4.6 4.3 4.4 4.9 4.7 4.9 5.2 1.5 0.5 -0.2 -1.1 -2.1 -2.1 -2.1 -2.1 -2.1 -2.1 -2.1 -2.1 -2.1 -2.1 -2.1 -2.1 -2.1 -2.1 -2.1 -2.1 -2.1 -2.1 -2.1 -2.1 -2.1 -2.1 -2.1 -2.1 -2.1 -2.1 -2.1 -2.1 -2.1 -2.1 -2.1 -2.1 -2.1
32.4 31.3 30.1 29 28.2 27.5 26.4 25.7 25.3 24.8 24.5 24.3 24.2 23.9 23.6 23.5 23.3 22.4 21.9 21.9 21.9 21.6 21.2 20.7 20.4 20.2 19.9 19.3 18.5 17.9 17.3 16.7 15.8 7.8 8.7 6.6 6.1 4.6 5.1 4 5 4.9 5 5 4.9 4.7 1.8 0.8 -0.3 -1.2 -2.1 -2.1 -2.1 -2.1 -2.1 -2.1 -2.1 -2.1 -2.1 -2.1 -2.1 -2.1 -2.1 -2.1 -2.1 -2.1 -2.1 -2.1 -2.1 -2.1 -2.1 -2.1 -2.1 -2.1 -2.1 -2.1 -2.1 -2.1 -2.1 -2.1 -2.1 -2.1 -2.1 -2.1
31 29.6 28.9 28 27.3 26.6 25.2 23.8 23.2 22.9 23.4 22.9 22.5 22.8 23.1 22.5 22 21.7 21.2 21.2 21.1 21 20.6 20.2 20 19.9 19.7 19.1 18.4 17.8 17.2 16.6 15.5 7.8 8.2 7.6 6.8 5.2 5.2 5.1 4.7 5.1 4.9 5 5.1 2.2 1.2 0.2 -1 -2.1 -2.1 -2.1 -2.1 -2.1 -2.1 -2.1 -2.1 -2.1 -2.1 -2.1 -2.1 -2.1 -2.1 -2.1 -2.1 -2.1 -2.1 -2.1 -2.1 -2.1 -2.1 -2.1 -2.1 -2.1 -2.1 -2.1 -2.1 -2.1 -2.1 -2.1 -2.1 -2.1 -2.1 -2.1
28.4 27.9 27.4 25.7 25.2 24.7 23.1 22.5 22.1 22.1 23.7 25.1 22.6 22.3 22.6 22.2 21.6 20.9 20.5 20.4 20.4 20.4 20.1 19.9 19.7 19.4 19.2 18.9 18.3 17.7 17.1 16.5 16.3 15.3 14.7 10.3 8.1 6.5 5 5.1 4.6 -2.1 3.4 4.8 4.9 1.6 0.7 -0.3 -1.3 -2.1 -2.1 -2.1 -2.1 -2.1 -2.1 -2.1 -2.1 -2.1 -2.1 -2.1 -2.1 -2.1 -2.1 -2.1 -2.1 -2.1 -2.1 -2.1 -2.1 -2.1 -2.1 -2.1 -2.1 -2.1 -2.1 -2.1 -2.1 -2.1 -2.1 -2.1 -2.1 -2.1 -2.1 -2.1
29.7 29.1 27.2 25.6 23.8 22.9 22.7 22.8 21.3 21.9 24.2 24.8 23.9 21.8 22.1 21.9 21.3 20.6 20 20 19.9 19.8 19.6 19.1 18.8 18.5 18.4 18.4 18 17.4 16.9 16 14.4 13.2 10.7 7.8 6.8 7.1 4.6 5.2 4.7 -2.1 -2.1 -2.1 1.3 1 0.1 -0.8 -2.1 -2.1 -2.1 -2.1 -2.1 -2.1 -2.1 -2.1 -2.1 -2.1 -2.1 -2.1 -2.1 -2.1 -2.1 -2.1 -2.1 -2.1 -2.1 -2.1 -2.1 -2.1 -2.1 -2.1 -2.1 -2.1 -2.1 -2.1 -2.1 -2.1 -2.1 -2.1 -2.1 -2.1 -2.1 -2.1
30.6 28.7 27 25.3 23.5 21.7 21.8 22.5 21.9 22.7 24.4 24.2 23.2 22.3 21.6 21.5 21 20.3 19.7 19.3 19.5 19.5 19.9 18.8 17.8 17.6 17.8 18.3 18.4 18 17.9 17.2 16.9 12 7.5 6.5 5.3 5.8 4.9 5.2 4 -2.1 -2.1 -2.1 -1.4 -0.6 -0.5 -1.3 -2.1 -2.1 -2.1 -2.1 -2.1 -2.1 -2.1 -2.1 -2.1 -2.1 -2.1 -2.1 -2.1 -2.1 -2.1 -2.1 -2.1 -2.1 -2.1 -2.1 -2.1 -2.1 -2.1 -2.1 -2.1 -2.1 -2.1 -2.1 -2.1 -2.1 -2.1 -2.1 -2.1 -2.1 -2.1 -2.1
30 28 25.8 23.5 22 25 20.4 21.7 20.7 20.9 22.4 23.2 23 22.1 21.1 20.9 20.6 20 19.5 18.6 19.1 19.8 19.4 18.9 18.5 16.6 17.6 17.5 17.4 17.4 16.8 15.6 12.8 8.2 6.6 5.2 5.1 5.8 5.1 4.5 4.7 -2.1 -2.1 0.3 -2.1 -2.1 -2.1 -2.1 -2.1 -2.1 -2.1 -2.1 -2.1 -2.1 -2.1 -2.1 -2.1 -2.1 -2.1 -2.1 -2.1 -2.1 -2.1 -2.1 -2.1 -2.1 -2.1 -2.1 -2.1 -2.1 -2.1 -2.1 -2.1 -2.1 -2.1 -2.1 -2.1 -2.1 -2.1 -2.1 -2.1 -2.1 -2.1 -2.1
29.5 27.4 25.2 23 20.9 21.4 28 19.4 19.1 19.3 21.5 22.6 22.4 22 20.9 20.4 19.1 19.1 19.1 19.1 18.3 17.3 17.4 16 17.6 17.5 17.1 16.8 16.6 16.8 15.9 12.4 8.8 7.4 6.4 5.8 5.8 6.5 5 4.5 -2.1 -2.1 1.9 0.9 -0.1 -2.1 -2.1 -2.1 -2.1 -2.1 -2.1 -2.1 -2.1 -2.1 -2.1 -2.1 -2.1 -2.1 -2.1 -2.1 -2.1 -2.1 -2.1 -2.1 -2.1 -2.1 -2.1 -2.1 -2.1 -2.1 -2.1 -2.1 -2.1 -2.1 -2.1 -2.1 -2.1 -2.1 -2.1 -2.1 -2.1 -2.1 -2.1 -2.1
29 26.9 24.9 22.9 20.9 19 20.2 18 18.7 19.8 21.8 22.4 22.1 21.5 20.7 19.4 19.4 17.4 17.3 17.3 17.3 17.3 16.7 17.4 17.1 16.9 16.6 16.3 16 15.2 12.7 9.2 8.4 7.4 6.2 5.8 6.3 5 3.4 -2.1 -2.1 2.2 1.3 0.4 -0.5 -2.1 -2.1 -2.1 -2.1 -2.1 -2.1 -2.1 -2.1 -2.1 -2.1 -2.1 -2.1 -2.1 -2.1 -2.1 -2.1 -2.1 -2.1 -2.1 -2.1 -2.1 -2.1 -2.1 -2.1 -2.1 -2.1 -2.1 -2.1 -2.1 -2.1 -2.1 -2.1 -2.1 -2.1 -2.1 -2.1 -2.1 -2.1 -2.1
26.8 27.1 25.4 23.4 22.2 20.5 19.6 18.4 17.8 18.5 21.3 22.1 21.5 20.3 19.2 17.5 17.3 16.9 16.9 16.8 16.9 16.9 16.7 16.3 16.6 16.3 15.9 15.4 15 13.4 9.4 7.3 6.6 6.4 6.2 5.9 4.6 -2.1 -2.1 -2.1 5.2 1.6 0.7 -0.2 -1.1 -2.1 -2.1 -2.1 -2.1 -2.1 -2.1 -2.1 -2.1 -2.1 -2.1 -2.1 -2.1 -2.1 -2.1 -2.1 -2.1 -2.1 -2.1 -2.1 -2.1 -2.1 -2.1 -2.1 -2.1 -2.1 -2.1 -2.1 -2.1 -2.1 -2.1 -2.1 -2.1 -2.1 -2.1 -2.1 -2.1 -2.1 -2.1 -2.1
24.2 24.3 24.7 23.3 22.4 23 23.4 22.4 17.6 18.6 20 20.5 20.6 18.7 17.8 17.5 17.1 16.7 16.4 16.4 16.4 16.5 16.4 16.2 17.1 16 15 14.5 14 10.9 7.9 6.4 6.1 5.9 5.8 4.9 -2.1 -2.1 4.4 5.7 1.7 0.9 0.1 -0.8 -2.1 -2.1 -2.1 -2.1 -2.1 -2.1 -2.1 -2.1 -2.1 -2.1 -2.1 -2.1 -2.1 -2.1 -2.1 -2.1 -2.1 -2.1 -2.1 -2.1 -2.1 -2.1 -2.1 -2.1 -2.1 -2.1 -2.1 -2.1 -2.1 -2.1 -2.1 -2.1 -2.1 -2.1 -2.1 -2.1 -2.1 -2.1 -2.1 -2.1
24.2 22.6 22.7 22.2 23.1 23.8 23.7 22.8 21.8 20.7 18.1 17 18.3 17.6 17.3 17.1 16.8 16.5 16.1 15.9 16 16.1 16.1 16.8 16.9 16.3 15 13.9 13.2 9.8 6.8 6.4 6.1 6 5.9 5.4 -2.1 3.6 5.4 1.9 1 0.2 -0.7 -1.5 -2.1 -2.1 -2.1 -2.1 -2.1 -2.1 -2.1 -2.1 -2.1 -2.1 -2.1 -2.1 -2.1 -2.1 -2.1 -2.1 -2.1 -2.1 -2.1 -2.1 -2.1 -2.1 -2.1 -2.1 -2.1 -2.1 -2.1 -2.1 -2.1 -2.1 -2.1 -2.1 -2.1 -2.1 -2.1 -2.1 -2.1 -2.1 -2.1 -2.1
27.4 24.7 22.9 22.1 22.3 22.4 22.5 21.2 20.7 19.9 18.6 17.4 16.2 16.4 15.7 16.7 16.4 16.1 15.8 15.5 15.5 15.9 16.2 16.4 16.4 16.3 15.7 14.5 11.4 8 6.6 6.1 5.7 5.4 5.9 5.4 5.6 5 2 0.8 0.2 -0.6 -1.3 -2.1 -2.1 -2.1 -2.1 -2.1 -2.1 -2.1 -2.1 -2.1 -2.1 -2.1 -2.1 -2.1 -2.1 -2.1 -2.1 -2.1 -2.1 -2.1 -2.1 -2.1 -2.1 -2.1 -2.1 -2.1 -2.1 -2.1 -2.1 -2.1 -2.1 -2.1 -2.1 -2.1 -2.1 -2.1 -2.1 -2.1 -2.1 -2.1 -2.1 -2.1
27.4 25.4 22.8 22 21.5 21.6 21.1 20.7 20.3 19.8 18.9 17.5 16.3 16 15.9 16.6 16.3 15.9 15.5 15.1 15.1 15.3 15.6 15.8 15.9 15.9 15.6 12.9 8.4 7.1 6.4 5.9 5.4 5 5.2 5.2 5.5 2.2 1 -0.2 -1 -1.6 -2.1 -2.1 -2.1 -2.1 -2.1 -2.1 -2.1 -2.1 -2.1 -2.1 -2.1 -2.1 -2.1 -2.1 -2.1 -2.1 -2.1 -2.1 -2.1 -2.1 -2.1 -2.1 -2.1 -2.1 -2.1 -2.1 -2.1 -2.1 -2.1 -2.1 -2.1 -2.1 -2.1 -2.1 -2.1 -2.1 -2.1 -2.1 -2.1 -2.1 -2.1 -2.1
26.4 24.4 23.2 21.6 21.1 20.8 20.5 20.1 19.8 19.4 19 17.8 16.7 16.1 15.6 15.5 16 15.5 15 14.8 14.8 14.8 15 15.2 15.3 15.3 13.8 10.2 7.9 6.1 6.2 5.7 5.1 5.3 4.9 5.5 4 1.2 -0.1 -2.1 -2.1 -2.1 -2.1 -2.1 -2.1 -2.1 -2.1 -2.1 -2.1 -2.1 -2.1 -2.1 -2.1 -2.1 -2.1 -2.1 -2.1 -2.1 -2.1 -2.1 -2.1 -2.1 -2.1 -2.1 -2.1 -2.1 -2.1 -2.1 -2.1 -2.1 -2.1 -2.1 -2.1 -2.1 -2.1 -2.1 -2.1 -2.1 -2.1 -2.1 -2.1 -2.1 -2.1 -2.1
24.4 22.4 21.4 20.7 20.4 20.1 19.9 19.6 19.2 18.8 18.5 18.1 17 16.4 15.8 15.2 15.3 14.9 14.5 14.5 14.5 14.4 14.4 14.6 14.8 14.2 11 8.1 6.4 6.4 5.7 5.2 4.7 4.5 4.7 5.3 1.4 0.3 -1.1 -2.1 -2.1 -2.1 -2.1 -2.1 -2.1 -2.1 -2.1 -2.1 -2.1 -2.1 -2.1 -2.1 -2.1 -2.1 -2.1 -2.1 -2.1 -2.1 -2.1 -2.1 -2.1 -2.1 -2.1 -2.1 -2.1 -2.1 -2.1 -2.1 -2.1 -2.1 -2.1 -2.1 -2.1 -2.1 -2.1 -2.1 -2.1 -2.1 -2.1 -2.1 -2.1 -2.1 -2.1 -2.1
22.7 21.3 20.1 20.4 20.1 19.6 19.2 18.9 18.6 18.2 17.9 17.6 17.1 16.4 15.8 15.2 14.8 14.4 14.2 14.2 14.2 14.1 14.1 14.1 14.2 11.4 8.1 6.2 5.8 5.3 5.2 4.9 4.9 3.8 5 1.7 0.5 -0.7 -2.1 -2.1 -2.1 -2.1 -2.1 -2.1 -2.1 -2.1 -2.1 -2.1 -2.1 -2.1 -2.1 -2.1 -2.1 -2.1 -2.1 -2.1 -2.1 -2.1 -2.1 -2.1 -2.1 -2.1 -2.1 -2.1 -2.1 -2.1 -2.1 -2.1 -2.1 -2.1 -2.1 -2.1 -2.1 -2.1 -2.1 -2.1 -2.1 -2.1 -2.1 -2.1 -2.1 -2.1 -2.1 -2.1
20.8 20.2 20.1 20.2 19.7 19.2 18.7 18.2 18 17.6 17.3 17.1 17 16.2 15.4 14.5 14.3 14 14 13.9 13.9 13.8 13.8 13.8 12.1 8.9 6.1 5.6 5.2 4.8 4.3 5.3 5.4 5.4 1.9 0.8 -0.3 -2.1 -2.1 -2.1 -2.1 -2.1 -2.1 -2.1 -2.1 -2.1 -2.1 -2.1 -2.1 -2.1 -2.1 -2.1 -2.1 -2.1 -2.1 -2.1 -2.1 -2.1 -2.1 -2.1 -2.1 -2.1 -2.1 -2.1 -2.1 -2.1 -2.1 -2.1 -2.1 -2.1 -2.1 -2.1 -2.1 -2.1 -2.1 -2.1 -2.1 -2.1 -2.1 -2.1 -2.1 -2.1 -2.1 -2.1
19.9 20 20.1 19.9 19.4 18.9 18.4 17.9 17.3 17 16.7 17 16.8 16 15 14.1 13.5 13.7 13.6 13.5 13.3 13.2 13.3 12.6 10 7.3 6.3 5.6 4.9 4.5 5 6.3 7.7 2.1 1.1 0 -1.1 -2.1 -2.1 -2.1 -2.1 -2.1 -2.1 -2.1 -2.1 -2.1 -2.1 -2.1 -2.1 -2.1 -2.1 -2.1 -2.1 -2.1 -2.1 -2.1 -2.1 -2.1 -2.1 -2.1 -2.1 -2.1 -2.1 -2.1 -2.1 -2.1 -2.1 -2.1 -2.1 -2.1 -2.1 -2.1 -2.1 -2.1 -2.1 -2.1 -2.1 -2.1 -2.1 -2.1 -2.1 -2.1 -2.1 -2.1
19.8 20 20.1 19.6 19 18.5 18 17.5 17 16.5 16.3 16.9 16.6 15.7 14.8 13.9 13 12.7 12.6 12.7 12.8 12.9 12.9 10.8 7.9 5.8 5.6 5.6 5.1 4.4 5.7 7.3 2.2 1.3 0.5 -0.6 -2.1 -2.1 -2.1 -2.1 -2.1 -2.1 -2.1 -2.1 -2.1 -2.1 -2.1 -2.1 -2.1 -2.1 -2.1 -2.1 -2.1 -2.1 -2.1 -2.1 -2.1 -2.1 -2.1 -2.1 -2.1 -2.1 -2.1 -2.1 -2.1 -2.1 -2.1 -2.1 -2.1 -2.1 -2.1 -2.1 -2.1 -2.1 -2.1 -2.1 -2.1 -2.1 -2.1 -2.1 -2.1 -2.1 -2.1 -2.1
20.1 20.2 19.8 19.2 18.7 18.2 17.6 17.1 16.6 16.1 15.9 16.6 16.5 15.9 15.3 14.4 13.6 13 12.3 12.4 12.5 12.6 11.1 9.1 6.7 5.4 5.2 4.9 4.5 5.3 6.1 4.3 1.4 0.5 -0.3 -1.1 -2.1 -2.1 -2.1 -2.1 -2.1 -2.1 -2.1 -2.1 -2.1 -2.1 -2.1 -2.1 -2.1 -2.1 -2.1 -2.1 -2.1 -2.1 -2.1 -2.1 -2.1 -2.1 -2.1 -2.1 -2.1 -2.1 -2.1 -2.1 -2.1 -2.1 -2.1 -2.1 -2.1 -2.1 -2.1 -2.1 -2.1 -2.1 -2.1 -2.1 -2.1 -2.1 -2.1 -2.1 -2.1 -2.1 -2.1 -2.1
20.3 20 19.4 18.9 18.3 17.8 17.3 16.8 16.2 15.9 15.7 16.2 16.1 15.6 15 14.4 13.8 12.8 11.7 12.1 12.2 11.4 9.4 7.4 6 5.4 5.2 5 5 5.1 -2.1 1.6 0.7 -0.2 -1.1 -2.1 -2.1 -2.1 -2.1 -2.1 -2.1 -2.1 -2.1 -2.1 -2.1 -2.1 -2.1 -2.1 -2.1 -2.1 -2.1 -2.1 -2.1 -2.1 -2.1 -2.1 -2.1 -2.1 -2.1 -2.1 -2.1 -2.1 -2.1 -2.1 -2.1 -2.1 -2.1 -2.1 -2.1 -2.1 -2.1 -2.1 -2.1 -2.1 -2.1 -2.1 -2.1 -2.1 -2.1 -2.1 -2.1 -2.1 -2.1 -2.1
20.1 19.7 19.1 18.6 18 17.5 16.9 16.4 15.9 15.7 15.5 15.8 15.6 15.3 14.7 14.1 13.7 13.4 12.1 9.8 10.7 9.7 7.9 5.9 5.1 4.7 4.6 4.9 3.6 6.4 -2.1 -2.1 0 -0.9 -2.1 -2.1 -2.1 -2.1 -2.1 -2.1 -2.1 -2.1 -2.1 -2.1 -2.1 -2.1 -2.1 -2.1 -2.1 -2.1 -2.1 -2.1 -2.1 -2.1 -2.1 -2.1 -2.1 -2.1 -2.1 -2.1 -2.1 -2.1 -2.1 -2.1 -2.1 -2.1 -2.1 -2.1 -2.1 -2.1 -2.1 -2.1 -2.1 -2.1 -2.1 -2.1 -2.1 -2.1 -2.1 -2.1 -2.1 -2.1 -2.1 -2.1
19.9 19.3 18.8 18.2 17.7 17.1 16.6 16.2 15.8 15.6 15.4 15.4 15.2 14.9 14.5 13.9 14.2 14.2 13.8 13.3 11.9 8 6 5.4 4.8 4.2 4.3 5.3 6.2 2 1.1 -0.8 -2.1 -2.1 -2.1 -2.1 -2.1 -2.1 -2.1 -2.1 -2.1 -2.1 -2.1 -2.1 -2.1 -2.1 -2.1 -2.1 -2.1 -2.1 -2.1 -2.1 -2.1 -2.1 -2.1 -2.1 -2.1 -2.1 -2.1 -2.1 -2.1 -2.1 -2.1 -2.1 -2.1 -2.1 -2.1 -2.1 -2.1 -2.1 -2.1 -2.1 -2.1 -2.1 -2.1 -2.1 -2.1 -2.1 -2.1 -2.1 -2.1 -2.1 -2.1 -2.1
19.6 19 18.6 18.2 17.7 17.3 16.9 16.1 15.5 15.3 15.2 15 14.8 14.5 14.1 13.8 14.9 15.5 15.4 14.1 10.3 6.6 5.4 4.8 4.2 4.2 4.2 4.8 5.5 1.3 0.4 -0.5 -2.1 -2.1 -2.1 -2.1 -2.1 -2.1 -2.1 -2.1 -2.1 -2.1 -2.1 -2.1 -2.1 -2.1 -2.1 -2.1 -2.1 -2.1 -2.1 -2.1 -2.1 -2.1 -2.1 -2.1 -2.1 -2.1 -2.1 -2.1 -2.1 -2.1 -2.1 -2.1 -2.1 -2.1 -2.1 -2.1 -2.1 -2.1 -2.1 -2.1 -2.1 -2.1 -2.1 -2.1 -2.1 -2.1 -2.1 -2.1 -2.1 -2.1 -2.1 -2.1
19.7 19.3 18.9 18.5 18 17.6 16.9 16.2 15.5 15 14.9 14.6 14.1 13.8 13.4 12.5 12.6 12.6 12.8 11.9 8 5.5 4.9 4.2 4.2 4.2 4.9 8 1.6 0.6 -0.4 -1.3 -2.1 -2.1 -2.1 -2.1 -2.1 -2.1 -2.1 -2.1 -2.1 -2.1 -2.1 -2.1 -2.1 -2.1 -2.1 -2.1 -2.1 -2.1 -2.1 -2.1 -2.1 -2.1 -2.1 -2.1 -2.1 -2.1 -2.1 -2.1 -2.1 -2.1 -2.1 -2.1 -2.1 -2.1 -2.1 -2.1 -2.1 -2.1 -2.1 -2.1 -2.1 -2.1 -2.1 -2.1 -2.1 -2.1 -2.1 -2.1 -2.1 -2.1 -2.1 -2.1
19.7 19.4 19.2 18.9 18.3 17.9 16.6 16.8 16.1 15.7 15.2 14.7 14.5 12.5 13.5 11.9 8.7 9.8 9.9 8.7 5.3 4.8 4.2 4.1 4.5 6.3 7.5 3.6 1 -0.3 -2.1 -2.1 -2.1 -2.1 -2.1 -2.1 -2.1 -2.1 -2.1 -2.1 -2.1 -2.1 -2.1 -2.1 -2.1 -2.1 -2.1 -2.1 -2.1 -2.1 -2.1 -2.1 -2.1 -2.1 -2.1 -2.1 -2.1 -2.1 -2.1 -2.1 -2.1 -2.1 -2.1 -2.1 -2.1 -2.1 -2.1 -2.1 -2.1 -2.1 -2.1 -2.1 -2.1 -2.1 -2.1 -2.1 -2.1 -2.1 -2.1 -2.1 -2.1 -2.1 -2.1 -2.1
19.8 19.4 19.1 18.9 16.9 17.9 17.3 16.6 16 15.6 15.1 14.6 14.3 13.3 13.7 13.6 13.1 11.5 5.8 5.9 5.1 4.7 4.5 4.3 4.7 6.7 8.5 1.7 0.4 -0.9 -2.1 -2.1 -2.1 -2.1 -2.1 -2.1 -2.1 -2.1 -2.1 -2.1 -2.1 -2.1 -2.1 -2.1 -2.1 -2.1 -2.1 -2.1 -2.1 -2.1 -2.1 -2.1 -2.1 -2.1 -2.1 -2.1 -2.1 -2.1 -2.1 -2.1 -2.1 -2.1 -2.1 -2.1 -2.1 -2.1 -2.1 -2.1 -2.1 -2.1 -2.1 -2.1 -2.1 -2.1 -2.1 -2.1 -2.1 -2.1 -2.1 -2.1 -2.1 -2.1 -2.1 -2.1
20.4 19.2 19.6 18.9 18.4 17.8 17.2 16.5 16 15.4 15 14.5 14.4 14 14.1 14.4 13.8 11.4 7.1 5.9 5.4 4.8 4.5 4.6 6.5 7.7 4.3 1.2 0 -1.3 -2.1 -2.1 -2.1 -2.1 -2.1 -2.1 -2.1 -2.1 -2.1 -2.1 -2.1 -2.1 -2.1 -2.1 -2.1 -2.1 -2.1 -2.1 -2.1 -2.1 -2.1 -2.1 -2.1 -2.1 -2.1 -2.1 -2.1 -2.1 -2.1 -2.1 -2.1 -2.1 -2.1 -2.1 -2.1 -2.1 -2.1 -2.1 -2.1 -2.1 -2.1 -2.1 -2.1 -2.1 -2.1 -2.1 -2.1 -2.1 -2.1 -2.1 -2.1 -2.1 -2.1 -2.1
