app/static/ascii/NO67.asc
ncols 200
nrows 200
xllcorner 360000
yllcorner 770000
cellsize 50
[rows 111 to 147 of 200, columns 0 to 81 of 200]
244.7 245.5 249.1 254.9 259.2 258.6 255.6 252 248.3 239.6 232.6 225.7 218.9 212.1 207 202.5 198.2 194.8 190.7 186.1 184.8 185.2 185.9 187 188.1 187.5 185.9 184.3 181.8 179.7 177.2 174.7 172.2 168.9 165.8 163 159 154.8 151.9 152.2 151 147 142.8 139 135.4 131.8 128.6 126 124.4 123.6 122.8 121.9 120.8 119.8 119.3 119.4 117.7 114.7 111.6 111.9 113.5 112.5 110.7 108.3 106 101.3 98.2 98.2 98.6 98.9 97.4 95.3 96.4 97.3 98 96.7 95.1 93 90.8 89.5 88.8 88.3
237.4 242 246.1 251.8 254.4 252.4 249 245.6 240 232.7 226.4 219.6 213 207.8 202.6 198.1 194.3 191.1 189.1 184.9 180 180.7 182.1 184 184.6 185.4 183.5 179.8 177.3 174.8 172.4 170.2 167.8 165 161.8 158.6 153.8 151.4 151.1 151.2 148 144.2 140.4 136.7 133.9 130.8 127.4 124.7 122 119.9 120 119 117.9 116.7 116.4 117.3 114.7 111.7 111.7 114.9 113.7 112.3 110.7 108.4 106 102.7 98.6 97.5 96.7 95 95.6 96 95.4 94.8 95.4 95.1 93.2 91.3 89.6 88.4 87.6 87.5
233.2 238.1 243.8 249 248.1 245.5 242.3 238.7 232.3 225.3 219.5 214.1 208.8 203.5 198.3 194 190.4 187.4 185.4 181.9 177.6 175.5 177.8 179.4 180.2 178.9 178.1 175.7 172.7 170.2 167.8 165.6 163.3 160.9 157.4 154.2 151.4 148.8 147.4 147 144.5 141.2 138.4 136.1 133.4 130.1 126.7 123.5 120.8 118.2 116.9 116.2 114.8 113.6 113.4 113.5 112.6 111.9 112.9 113.6 113.3 112.1 111.1 109 106.5 103.4 98.2 95.8 94 93.1 93.2 93.6 93.7 92.1 92.7 93.4 92.3 90.6 88.8 88.1 87.1 86.5
228 233.6 238.1 241.2 240.9 239.5 237 233.4 227.7 220.7 214.4 208.6 203.5 198.3 194.6 190.6 186.9 184.2 181.5 179.4 175.7 169.3 171.4 172.9 173.4 171.9 171.8 170 167.9 165.2 163.1 161.1 159.6 155.3 150.9 148.4 148.5 145.6 142.9 142.2 139.8 138.1 136.5 134.4 132 128.6 124.6 122.1 119.5 117 115.3 113.6 112.4 112.2 111.5 109.4 109.7 111 111 111.3 111.2 111.8 112.1 107.5 104.5 101.6 97.4 96.3 95 93.5 91.5 92.2 91.1 90.1 90.8 91.2 91.1 89.5 87.9 87.8 86.7 85.5
222.5 228.6 231.4 233.4 235.4 235 232.9 227.3 221.3 215.8 208.9 202.9 198.5 195.5 191.8 187.8 184.2 181.6 179.5 177.3 173.4 167.2 163.6 165.5 166.9 166.2 165.7 165.3 162.5 160.4 158.4 157.3 154.1 149.7 145.1 143.5 144.2 142.5 139.8 137.4 135.4 134.4 133.1 131 128.5 124.9 121.6 119.4 117.9 116.1 114.3 112.5 110.8 108.9 112 110.9 106.1 110.4 108.4 105.8 106.1 106.2 104.1 101.2 99.4 97.8 96.6 95.7 95.1 94.2 91.7 91 88.8 88.4 89 88.9 88.7 87.5 86.9 87 86.7 85.7
215.9 221.3 223.9 226.9 229.8 230.6 227.7 222.3 216.1 209.4 203.5 199.6 196.2 193.1 189.2 186.2 182 179.1 176.2 173 170.5 166.1 157.9 161.1 162.3 161.8 161.4 159.3 157.8 156.1 154.5 153.3 150 145.9 142.8 140.9 140.6 139.1 136.6 133.3 131.8 130.3 128.5 126.4 123.9 121.3 118.5 116.7 115.8 115.2 113.4 112 111.5 109 105.3 108.1 103.7 103.8 99.3 96 96.1 97.2 97.6 96.2 96.6 95.4 95.9 95.1 94.5 93.5 92.6 91.7 90.6 87.6 86.9 87.1 87.5 86.2 85.6 85.2 85.3 85.2
209 213 217 220.4 222.8 224.4 219.4 216.8 210.9 205.1 200.4 197.2 194.6 191.5 188.6 184.9 179.5 174.4 170.3 167.4 165.4 163.1 160.2 156.3 157.7 157.9 156.5 155.1 154.5 153.2 151.5 149.4 146.9 144.4 141.7 139.1 137.3 135.3 132.2 128.7 126.3 124.7 122.9 120.9 118.5 116.7 116.8 114.4 112.6 112 112.5 111.4 110.1 108.8 105 101.7 99.6 98.2 98.3 100.9 97.5 94.1 94.1 94 93.5 93.7 95.1 94.5 93.8 92.9 92 91 90.1 88.1 86.6 86.5 86.6 84.5 84 84.3 84.5 84.5
202.7 205.4 209.2 212.7 214.1 212.4 210.6 211 208.6 204.4 201.2 204.4 201.6 194.9 190.5 187.2 181.1 175.3 169.6 165 161.6 159.1 156.9 148.9 152.6 153.1 152.4 151.9 151.1 150.2 148.5 146.5 144.2 141.8 138.9 135.9 133.2 130.6 128.1 124.9 122.5 120.8 119.5 118.9 119.4 119.6 118.3 117.5 115.2 108.2 107.9 107.4 105.7 104.6 101.9 100.1 99.9 102 100.8 97.9 96 93.9 94.6 95.9 94.8 94.3 96.1 95.1 93.8 92.6 91.7 90.7 89.7 88.4 87.2 87 85.5 82.8 82.8 83.3 83.7 84.3
195.5 197.9 201.1 203.2 204.4 204.6 205.7 206.7 205.6 204.2 204.5 205 203.9 198.4 192.6 187.1 181.6 175.9 169.9 164.7 160 155.5 152.7 151.1 146.2 148 147.6 147.3 147.8 146.8 145.5 143.5 141.2 137.9 135.1 132.6 130.5 127.4 124.9 121.8 119.8 119.7 120.5 120 118.7 117.5 116.4 115.9 114.9 107.9 104.5 101.1 99.7 99.4 100.9 101.6 99.6 98.5 95.3 94.6 94.5 95 97.7 99.9 99.5 96.9 97.5 97.3 97 95.9 94.2 93 92.2 89.2 88.3 87.2 86.2 85.2 81.4 81.6 82.1 82.1
189.2 188.6 191.7 193.8 198.2 200.6 202.7 204.8 205.9 205.4 204.9 203.1 200.8 196.7 191.9 186.5 181.1 175.8 170.1 164.4 158.8 154.7 150.9 147.4 141.9 143.5 144 144.1 144.5 143.4 141.9 139.4 136.8 134.2 131.6 130.2 128 125.2 122.6 120.8 118.3 118.8 119.5 118.4 116.6 115.3 114.3 112.7 110.4 107.5 103.5 99.3 98.3 101.1 100.2 97 97 96.1 95.8 97.2 97.9 101.1 102.7 103.2 103.1 101.6 103 102.2 100.5 98.7 95.9 94.2 93.7 91 87.9 86.7 85.6 84.8 83.6 81.6 80.7 80.5
185.5 185.2 188.8 193.5 197.8 200.4 202.3 204.4 205.8 206.7 203.8 200.7 197.2 193.5 189.8 185.4 180.3 175.5 170.7 165.5 159.2 153.3 150 145.5 140 138.6 140.1 140.6 139.4 138.9 137.4 135.4 132.8 130.6 129.3 128.1 126.5 123.6 122.9 121.7 118.4 115.6 116 115.6 114.3 112.6 110.5 107.9 106.3 103.9 101.1 98.4 97.8 96.3 95.8 95.7 96.1 97.9 102.4 105.4 106.5 106.2 106.2 107 107.1 106.8 106.1 104.1 102.4 99.9 96.8 94.7 93.4 91.3 88.9 86.5 85.2 84.1 82.8 80.8 79.4 79.8
183.7 185.5 190 194.7 198.9 201.4 202.7 204.8 204.5 202.8 200 196.5 193.1 189.5 186.1 182.6 178.5 174.6 170.1 164.8 158.5 152.1 148.8 145.2 140.7 134.8 135.6 136.8 134.9 134.4 133 131.4 129 128.3 127.1 125.9 123.9 122.5 123.6 120.6 116.1 112.1 111.7 110.4 109.4 107.1 106.3 104.8 103.4 102 99.4 97.1 97 98.4 95.9 96.7 101 105 109.7 110.4 110.3 109.9 110.6 110.9 110.1 109 108.1 106 104.1 101.1 98.9 96.9 94.6 92 89.5 87 84.6 83.2 81.9 80.5 79.3 77.9
183.2 186.6 190.7 196.3 198.6 200.7 201 201.5 199.5 196.9 195.7 192 188.5 185.7 182.2 178.7 174.1 170 166.1 161.7 156.3 150.1 145.3 142 138.9 136 129.7 131.6 132.6 128.8 127.3 126.8 126.8 126 124.7 123.1 121.1 120.4 118.8 116.3 111.4 107.4 105.6 103.7 102.6 102.1 101.9 101.6 100.1 98.8 96.7 96.5 96.6 96.8 98.9 102.9 107.4 109.7 111.9 112.4 113.1 114.4 114.2 113 112.1 110.6 109.4 107.9 105.6 103.4 101.2 98.7 95.9 93.2 90.7 88.3 86.3 83.5 81.7 80.4 79.1 78.3
180.5 185.7 189 191.5 192.4 193.5 193.7 192.7 191.7 190.6 188.9 186.3 183.9 181.4 178.1 173.8 168.1 163.8 161.3 158.2 153.4 148 142 139.1 138.3 137.3 128.9 124.5 123.4 123.2 121.4 123.8 126 123.5 122.1 120.1 118.1 116.1 115.5 112.1 106.6 104.6 103.4 102.2 100.8 100.3 98.4 97.4 97.6 97.5 97.6 96.7 97.3 100.7 104.2 107.5 109.4 111.6 113.7 115.3 116.7 117.1 116.6 115.2 113.9 112.5 110.3 108.4 106.9 105.3 102.9 100.3 97.1 94.4 92 90 88.2 86.2 82.5 80.3 79.5 78.5
177.2 180.7 183.7 184.7 185.3 185.4 186.6 185.5 184.3 184.7 183.1 181.1 177.8 174.5 168.2 156.3 155.3 156 155 150.9 146.9 143.6 139.3 138.1 137.9 136.8 132.1 127.9 124 123.2 119.7 121.6 123.2 121.2 118.9 116.7 115.7 112.8 110.1 107.4 103.1 102.3 101.1 99.5 98.5 96.5 96.2 97.2 98.3 98.7 97.9 96.9 99.3 103.8 107.1 109.2 111.3 113.4 115.5 117.3 118.2 118.6 118.1 116.9 114.7 112.6 110.4 109.1 108.4 107.6 104.6 101.6 98.3 95.7 93.7 91.8 89.7 87.8 84.6 82 79.7 78.8
168.7 173.4 175.7 177.4 179.4 180.6 180.8 178.4 177.3 175.5 173.9 171.9 165.7 152.4 152.2 153.2 152.8 149.5 145.3 145.6 143 139.5 137 135.1 130.8 128 126.4 128.2 128.7 122 116.8 117.4 116.2 115.7 114.3 114.2 115.2 110.5 107 103.3 100.1 100.3 97.8 96.3 95.6 96.9 97.6 98.5 99.2 98.3 97.4 97.4 100 104.7 108.1 110.3 112.7 115.2 117.3 118.7 119.6 119.1 118.5 117.2 114.7 113.3 111.9 111.1 110.4 108.8 105.7 102.6 99.5 97.2 95.2 93.1 91 89.1 86.6 84.8 83.4 81.5
163.2 162.3 164.7 169.3 171.4 171.6 171.2 168.8 166.5 165 158.1 156.7 146.4 147.7 152.2 154.8 153.1 148.8 142 139.9 139.3 137.5 133 125.1 122.7 124.4 124.4 125.6 122.1 118 114.6 109.7 110.2 109.6 111.6 113 112.1 107.2 104.2 101.2 96.8 95.4 94.8 98.7 98.4 97.8 98.4 98.8 99.5 99.4 97.2 97.1 100.8 105.4 109.1 111.5 114 116.4 118.2 119.4 119.6 119.1 118.6 117.4 115.6 114.4 113.4 112.7 111.6 109.8 106.7 103.6 100.9 98.7 96.5 94.4 92.3 90.5 89 87.1 85.2 83.3
167.5 164.4 152.5 154.1 161.3 162 161.6 159.2 154.7 152.7 144.2 143.6 144.7 148.1 149.5 149.7 148.1 143.8 139.8 136.4 135.8 130.7 122.1 120.6 124.5 126.5 124.3 124 120.3 116.9 113.4 109.4 104.2 103.7 106.5 107.7 107 104 102.3 99.1 94.7 95.2 100.2 99.1 98.6 97.9 98.4 97.9 98.1 97.4 95.2 98.3 102.1 106.4 109.1 111.2 113.4 115.5 117.4 118.9 119 118.9 118.6 117.7 117.3 116.2 115.1 114.2 112.7 110.9 107.8 105 102.4 100.2 98.1 95.9 93.6 91.4 89.7 87.9 86 84.2
168.6 165.4 159.1 148.1 145.4 149.8 150.1 148.1 141.7 139.8 139.8 141.2 143.1 144.9 144.9 143.3 140.8 138.3 134.8 130.6 128 123.5 115.4 122.4 124.6 123.6 121.7 121.7 119.4 117.4 114.5 111.8 110 106.7 101.8 102.6 104.1 101.3 96.3 91.2 90.4 96 99.7 98.4 98.2 97.9 97.7 97.2 95.7 92.4 97.5 100.7 103.5 105.6 108.2 110.4 112.5 114.5 116.5 118.4 118.5 118.3 119 119.6 119.1 118.3 117.4 116.1 113.8 111.9 109.1 106.5 103.9 101.7 99.6 97.1 94.6 92.3 90.5 88.7 86.9 85.1
168.7 162.7 149.8 149.7 141.5 140.3 139.3 136.8 136.5 136.8 136.4 138 139.8 140.1 139.5 137.9 134.5 131.1 127.9 122.8 115.7 109.5 120.4 123.8 120.4 120.3 120.2 119.1 117.9 116.8 114.6 112.8 109.2 104.8 97 97.8 98.3 92.6 89.3 88.8 85.5 91.3 94.4 94.8 96 96.8 96.9 95.4 91.5 92.6 97.7 101.7 103 104.8 107.3 109.5 111.6 113.6 115.6 117.6 118.2 119.2 120.2 121.2 121.6 121.1 120.2 118.5 116.1 113.4 110.7 108.1 105.5 103.2 100.5 97.8 95.4 92.9 90.7 88.8 86.9 85.3
165.6 160.9 154.8 150.5 141 133.7 134.8 136.1 136.7 135.4 134.5 134.9 135.7 135.2 133.5 132 130.1 126.4 119.8 112.3 107.8 117.1 120 119.1 118.6 119.9 118.8 119.3 118.8 116.1 113.4 111 107.6 102.9 94.3 92.8 92.6 92.8 95.8 94.6 87.8 84.5 88.9 91.9 93.1 95 93.2 89.8 95.7 98.3 100.2 101.6 102.8 104 106.4 108.6 110.7 112.7 114.8 117.5 119.5 120.8 121.8 123 124.2 123.8 122.9 120.9 118.3 115.5 112.7 110 106.9 103.9 101.1 98.5 96 93.5 91 88.7 86.9 85.4
157.9 150.4 145.1 146.5 143.3 139.4 133.9 131.8 133.1 132.2 131.1 130.2 129.5 129.1 128.7 127.7 128 118 108 108.4 111.1 112.7 114.5 115.5 116.3 118.6 118.9 118.4 117.3 115.1 112 109.4 105.5 97.3 92.8 93.5 97.6 99.2 97.6 97.4 89.8 84.1 81.9 88 91 90.6 90 94.9 98.5 99.7 100.1 101.5 102.7 103.6 105.5 107.7 109.9 112.6 115.3 118 120.1 121.8 123.4 124.8 126.2 126.6 125.6 123.1 120.4 117.6 114.2 110.8 107.5 104.2 101.3 98.8 96.3 93.5 90.4 88.4 85.9 84.1
154 144.8 142.1 141.9 138.3 136.2 132.9 126.5 129.2 129.2 127.2 124.5 123.1 120.6 121.7 120.9 113.7 105.3 108.7 110.8 111.3 110.5 109.3 113.2 116.6 116.4 115.7 114.8 112.9 111.4 110.7 106.6 95.6 93 101.5 102 102.3 100.7 99 96.7 90.3 84 82.1 83.1 87.3 86.8 93.4 96 98.2 98.8 99.1 100.8 102.4 102.8 104.2 106.4 108.5 111.1 113.9 117.6 120.8 122.5 124.3 125.9 127.2 128 127.1 124.4 121.7 117.6 114.8 111.4 108 104.7 101.5 98.5 95.1 91.8 89.6 87.2 84.7 83.4
150.9 143 137.2 135.5 134 132.2 129.6 127.7 123.4 125 123.5 120.7 117.1 113.7 112.6 105.7 100.9 105.8 111.1 110.2 111.4 111.3 112 114.6 115.6 113.6 112.2 110.7 109 105.8 101.8 94.6 102.3 106.2 106.3 105.8 104.4 101.8 99.1 97.5 91.2 84.8 81 79.4 82.3 87 92.8 94.6 96.2 97.7 98 99.6 101.1 101.7 102.8 104.8 107 109.4 112.8 117 120.4 123.2 124.9 126.6 128.2 128.7 127.2 124.3 121 117.7 114 111.2 108.2 104.3 100.2 96.9 93.4 90.7 88.1 85.5 83.2 82.7
141 137.8 134 131.8 130.1 128.4 125.1 123.7 119 121.5 119.1 117 117.2 109.6 100.6 98.4 102.8 107.1 107.9 108.6 113.1 113.9 112.5 110.9 110.1 109.3 109.3 107.5 101.9 96.8 96.4 104.8 108.2 110.1 109.8 108.1 106.1 103.3 99.8 97.1 93.2 86.1 81 78.5 81.6 87.4 91 92.7 94.3 95.9 96.9 98.3 99.3 100.2 101.4 103.2 105.4 107.9 112 116.6 120.3 123.7 125.8 127.4 128.3 128 125.4 122.7 120 116.7 113.3 109.5 105.3 101.8 98.8 95.2 91.3 88.8 86.3 83.8 81.9 80.9
133.7 132.6 129.6 127.7 127.7 126.9 124.3 121.7 114.7 113 111.6 106.8 103.9 98.4 97.9 103.2 105.5 104.8 104.8 105.5 107.7 108.9 107.1 105.1 103.7 104.7 103.5 98.5 96.7 105 110 113 113.8 113.8 112.5 109.9 107.1 104.4 101.7 98.6 95.9 90.3 83.7 79 79.3 86.4 89.2 90.8 92.3 93.9 95.5 96.7 97.6 98.6 99.8 101.6 104 107.3 111.7 116.6 120.3 123.8 126.3 127 126.5 124.4 122.1 119.8 117.1 113.9 110.2 105.8 102.1 98.1 95 91.3 88.1 85.3 83.2 80.7 79.2 78.3
129.5 128.6 126.4 126.4 125.9 123.4 120.6 119.2 117.8 105.3 99.8 96.1 94.5 98.9 102.1 105 103.6 102.4 102.8 104 103.8 102.2 100.6 100.7 98.8 97.6 98.2 104.4 110.2 113.7 116.3 117.7 117.2 114.5 112.7 110.1 107.5 104.9 102.3 100 97.1 93.3 87.4 79 76.8 81.5 86.7 88.8 90.4 91.8 93.2 94.5 96.2 97.2 98.2 100.4 103.3 106.6 111.3 116.6 120.4 122.9 124.7 124.6 122.9 120.4 118 115.7 113.4 110.3 105.7 101.6 97.9 94.3 91.2 88.1 85 81.7 79.4 77.7 76.4 75.5
128.5 127 124.5 123.6 122.1 119.2 115.9 113.5 110.2 100.5 95.9 94.1 96.3 101.7 102.4 101.5 100.8 100.2 100.5 100.7 101 100.3 100.5 101.2 101.8 105.8 109.7 114.1 118.1 121 122.4 120.6 117.8 115.2 112.7 110.4 108.3 106.2 103.7 101 98.3 94.7 90.8 83.9 78 77.6 83.8 86.2 87.8 89.2 90.5 91.8 93.4 95.2 96.8 99.6 102.6 106.1 110.6 115 118.4 120.5 121.7 120.7 119 116.4 113.9 111.6 109 105.3 100.6 96.8 92.9 89.2 86.4 83.8 80.8 78.7 76.9 75 73.7 72.7
124.5 124.7 122.4 120.5 118.7 115.5 111.6 103.7 95.9 92.8 94.2 96.4 99.5 99.8 100.7 100.6 100.8 100.9 101.3 101.3 103 102.8 103.4 105.9 110.3 114.2 118.8 122.4 125.3 126.5 124.3 120.8 117.9 115.8 114 112.2 110.1 107.4 104.7 102.1 99.2 96.1 92.7 88.5 81.4 75.5 79 82.6 83.9 86.4 87.8 89.1 90.5 92.3 95.9 98.9 101.9 105.6 109.2 113 115.9 117.5 117.7 116.3 114.8 112.4 109.5 107.1 104.3 100.1 95.8 91.9 88.1 84.8 82.1 79.5 77.1 75.4 74.1 72.3 71.1 70.2
118.6 118.3 116.8 115.5 113.9 110.5 101.4 90.9 90 92 98.4 99.4 100.8 103.9 101.7 101.4 102.2 102.2 102.4 103.2 104.1 105.6 108 112.5 117.6 122 126.1 127.9 127.5 126.2 123.3 121 119.1 117.2 115.4 113.9 111.2 108.4 105.6 102.7 99.6 96.5 93.4 90.3 85.7 79.1 73.8 76.5 79.6 82.8 84.5 86.1 87.7 91.1 94.9 98 101.1 104.8 107.4 110.4 112.6 113.8 113.6 112 109.2 106.1 103.9 101.8 99.1 94.5 91.1 87.3 83.5 80.7 78.2 75.5 73.7 72 71.1 70.5 68.6 67.6
112.4 112.1 111.2 109.2 106.6 97.7 89.2 88.7 90.5 95.3 99.4 102.2 106.7 105.5 102.2 101.8 103.1 104.2 104.5 105.2 106.6 109.7 113.7 118.4 123 127.7 130.7 129.7 127.7 125.7 124.4 122.5 120.6 118.7 116.8 114 111.1 108.4 105.8 103.2 100.1 97 93.8 90.7 87.2 82.4 75.1 72.9 76.5 79.3 81 82.6 85.2 89.8 93.8 97.2 100.3 103.1 105.4 107 108.3 108.8 108.1 105.8 103 100.6 98.4 96.4 92.3 88.6 85.2 82 79 76.5 74.2 72 70.9 69.9 69.2 67.2 66 64.9
108.2 107.4 106 100.7 93.6 87.2 87.4 91.6 95.3 99 101.7 104.9 105.4 103.9 101 102.6 104.4 106.3 106.7 107.4 108.8 112.3 116.2 121.3 126.2 128.8 130.1 128.9 128.2 127.3 126.1 124.1 122.2 119.6 116.8 113.4 110.5 107.9 105.3 102.9 100.4 97.7 94.5 91.3 87.8 82.5 77.4 73.6 72.4 75.9 77.4 79.7 83.2 88.2 92 95.3 98.3 101.1 101.8 102.3 102.6 102.9 101.9 99.7 97.3 95.1 93.3 90.3 86 83.6 80.5 77.4 74.5 72.2 70.5 69 67.3 66.1 64.7 63.6 62.9 62
104.7 100.8 94.8 87 85.5 86.9 94.2 96.4 97.2 98.8 101.6 102.1 101.2 100.7 101.4 102.9 104.4 106.3 107.8 109.3 110.8 114.6 118.4 122.3 126.1 127.6 128.8 129 128.9 128.4 127.6 125 122.3 119.5 116.5 113.1 109.9 107.3 104.8 102.5 100.2 97.5 94.8 92.1 88.4 83.2 79 73.7 72.4 71 75.3 77.2 80.3 86.6 90 93.3 96.5 98.2 98.2 98.9 98.2 97.2 95.8 94 92.3 90.3 87.7 84 81.5 78.4 75.9 72.8 70.1 68 68.4 66.6 64.8 63.1 61.9 61.4 60.8 59.9
92 87.4 84.7 85 88.8 95.3 95.7 96.4 95.9 96.5 98.1 99.9 99.9 101.3 102 103.3 104.7 106.3 108.5 110.7 113.1 116.1 118.8 122.9 125.2 127 128.2 128.8 129 128.8 126.9 124.5 122 119.6 116.2 112.7 109.5 106.8 104.4 102 99.7 97.4 94.7 92.2 88.7 81 79.5 77.6 73.3 70.1 71.5 74.3 76.7 83.4 88.2 91.4 93.8 95.3 95.7 95.2 94.2 93.1 91.5 89.8 88.1 85.2 82.3 80 77.6 74.5 71.4 68.9 66.7 65.6 66.4 64.3 62.6 61 59.7 59.3 58.8 57.9
83.9 84 85.2 90.1 95.3 94 93.2 93.1 94 96.1 99 100 100.2 101.4 102.7 103.9 105.6 107.6 109.5 111.3 113.6 116.7 119.5 122.3 124.3 126.5 127.7 128.7 129.2 128.3 126.1 123.7 121.4 118.8 115.5 112.1 109.2 106.2 103.9 101.6 99.3 97 94.3 89.5 84.7 85.8 83.5 80.5 75.6 70.6 68.6 70.7 74.4 79.6 85.7 88.7 90.6 91.2 91.8 91.4 90.2 88.8 87.2 85.6 83.5 80.6 78.7 76.2 73.8 72.1 71.4 69.6 64.8 64.1 64.2 60.7 60 58.5 57.7 57.3 56.9 56.4
83.2 83.7 87.6 91.9 93.4 91.2 91 92.1 93.7 97 99.4 101.1 100.5 101.8 103 104.7 106.9 108.9 110.5 112.1 113.9 117.3 119.3 121.4 123.4 125.8 127.2 128.8 128.9 127.6 125.4 122.9 120.3 117.6 114.9 111.7 108.7 105.6 103.3 101 98.7 96.1 92.4 92 90.9 88.7 86 82.9 78.7 72.5 69.3 68.8 72.3 76.6 81.9 85.8 87 87.2 87.4 87 85.8 85 83.5 81.8 79.9 77.4 75 72.8 69.7 66.7 66.5 65.3 62.4 60.6 59.9 57.7 57.1 56 56.1 56.5 56.2 56.2
85 87.7 89.1 90.7 88.6 88.4 91.4 93.1 95.5 97.6 99.3 100.8 100.8 101.9 103.4 105.5 107.5 109.2 110.7 112.1 114.5 116.7 118.4 120.5 122.5 124.9 126.7 128.2 128 126.7 124.4 121.7 119.1 116.4 113.6 111.5 108.2 105 102.9 100.8 98.9 98.1 97.1 95.2 93.2 90.8 88.5 85.5 81.1 75.8 70.6 67.4 69.5 74.1 77.6 81.2 81.5 82 82.4 82.1 81.2 80.5 79.8 77.9 76 74.3 72.7 69.6 66 64.2 62.2 61 60.1 57.8 55.9 55.7 55.4 55.2 55.8 56 55.9 55.9
