app/static/ascii/NO69.asc
ncols 200
nrows 200
xllcorner 360000
yllcorner 790000
cellsize 50
[rows 0 to 34 of 200, columns 0 to 78 of 200]
156.4 159.9 162.4 165.4 170.1 176.2 181.3 185.8 195.4 207 217.5 226.5 233 236.3 241.4 245.4 250.6 255.6 258.7 260 261.1 261.7 260.9 259.3 258.3 257 254.9 252.7 246 236.6 228.7 218.7 207.6 194.5 185.1 175.9 167.7 161.1 155.2 150.9 146.6 142.5 139 135.6 133.5 130.9 128.1 126.8 125.8 123.8 126.1 128.1 131.1 133.9 137.2 141.2 145.2 150 154.3 160.2 165.9 171 175.4 175.9 176.5 176.2 175.5 173.3 170.8 166.2 160.9 153.7 146.6 142.1 137.5 132.9 130.8 127.9 122.6
152.1 155.4 158.6 162 166.9 172.9 177.9 183.3 191 202.3 211.8 218.3 223.4 226.3 231.7 238.9 244.5 247.6 250.5 252.1 256.6 259.6 259.6 257.1 254.2 250.8 247.4 244.3 240.4 233.1 224.8 215.3 206 196.6 186.5 177.5 169.9 163 156.2 151.8 147.5 143.4 139.9 136.5 134.3 131.9 130.1 128.1 125.8 123.8 124.3 126 127.8 129.2 131.8 136.5 141.4 146.2 152.8 159 164.6 170.2 176.9 179.6 179.6 180 180.3 179.3 177.3 173.2 168.7 161.4 154.4 149.8 144.8 141.3 138.5 134.4 129.4
149 153.2 157.4 161 166 170.2 174.7 180 186.3 196.5 207.5 211.8 215.8 218.3 222.5 230.2 235.9 239.7 243.6 244.7 250 250.9 251.4 251.8 247.5 241.8 237.4 233.8 230.4 224.1 217.8 210.5 201.9 193.6 185.1 177 169.4 163 156.9 151.7 147.8 144.3 140.8 137.5 133.9 130.7 130.1 128 125.5 123.5 122.5 124 126.2 127.4 129.7 131.9 136.4 142.2 151.6 157.4 161.6 168.1 174 178.1 181.8 183.2 184.2 184.9 184 181.4 176.3 169.6 161.1 156 151.7 149.7 146.9 142.4 135.8
148 152.5 156.6 160 163.5 167.8 172.4 177.2 182.8 190.9 198 203.4 207.6 211.1 215.4 222.6 227.2 231.1 235.6 239.6 239.6 238.6 239.1 237.5 234.6 231.6 226.6 222.8 218.9 215.1 208.9 202.2 195.2 187.8 181.3 175.2 168.8 163.3 157.7 152.5 147.7 144.4 141.2 138.6 135 131.2 129 126.7 124.7 124 123.2 122.4 123.1 124.8 127.1 129.8 132.3 137.7 146.7 152.9 156.1 164.1 170 175.9 182.5 182.2 187.1 190.7 191.9 188.2 182.8 176.6 168.8 164.6 160.7 157 151.8 149.7 143.6
146.5 150.6 154.5 157.7 160.7 165.4 170.1 174.8 180.5 184.4 189.6 194.7 199 202.7 207.1 213.2 217.9 222.1 225.1 227.2 225.6 223.8 223.6 220.9 218 213.9 212.2 211.7 209.3 205.5 200.1 192.3 187.2 182 175.8 169.8 165.1 160.2 154.7 149.9 146.9 143.8 140.8 137.8 134.9 131.9 128.2 126 124.7 124.1 123.3 122.4 122.3 122.9 125.2 127.8 129.7 133.3 139.7 148.6 151.9 157.4 164.9 172.2 176.6 180.9 192.1 193.5 193.6 192.5 191.4 187.6 177.8 173.8 171.6 163.1 155.6 153 149.4
143.2 147.9 151.8 154.5 157.4 162.4 167.4 171.7 177 180.3 182.9 187.3 190.4 194 197.8 202 204.6 209.1 209.3 209.9 209.3 208.9 207.4 204.3 202.3 200.7 201.2 202.2 201.9 199.5 193.9 187.7 181.7 176.4 171.2 165.6 160.7 156.7 151.2 146.6 144 141.9 139.6 136.7 133.8 130.9 127.7 125.4 124.3 123.9 123.4 122.5 122.6 123.2 123.7 124.8 126.5 129.6 134.4 142.3 145 147.8 154.3 163.7 170.5 179.7 192.1 195.7 197.2 198.2 196.7 193.9 186.2 178.1 173.1 165.2 157.7 153.6 149.6
139 144.5 147.6 150.9 154.3 159.2 163.6 167.4 172.6 174.5 176.2 179.4 182.5 184.5 187.4 189.5 192.1 194.7 195.4 195.3 194 193.8 192.9 191.4 190.8 191.7 192.5 193.4 193.7 191.4 188.9 183.6 178.5 172.6 166.8 161.5 156.4 152.3 147.7 144.1 141.9 140.2 137.8 135.5 132.7 129.8 127.1 124.8 123.8 123.5 123.1 122.6 123 123.4 123.9 124.3 125.2 128.1 132.5 138.8 143.7 146.5 150.3 159.5 167.5 179.6 189.7 194.1 194.8 195 194.4 190.8 186.2 179.6 173.2 166.3 160.2 154.7 150.6
135.6 140.4 144.7 148.1 151.4 155.5 159.2 162.7 166 167.6 169 171.6 174 174.8 175.9 177.1 179.8 182 183 182.8 182.5 182.9 181.6 181.6 182.1 183.4 184.1 184.7 185 184 181.6 178.7 175.3 169.7 164.2 158.5 154 149.8 145.7 142.7 140.6 138.4 136 133.7 131.3 128.7 126.8 124.9 124.7 123.6 123 123 123.2 123.6 124.1 124.6 125.3 127.2 130.6 135.6 140.9 143.1 146.7 153.6 162.6 173 180 183.2 187 188 186.5 181.9 176.6 173.7 169.9 166.5 159.9 155.9 151.3
133.9 137.4 140.9 145.3 148.5 150.8 154 156.9 160.2 161.3 162.3 163.4 165.1 166.5 166.9 168 169.6 170.5 172 173.3 173.5 174.2 174.2 175.8 176.2 175.5 175.3 175.9 176 175.2 174.1 171.2 167.7 164.4 159.8 155.9 150.8 147.9 144.7 141.5 139.4 138.3 136.3 133.8 131.4 129.3 127.7 126.9 126.5 125.1 123.6 123.5 123.4 123.9 124.3 124.9 125.4 126.2 127.8 129.1 131.3 136.1 140.4 145.2 150.7 161.5 168.4 170.6 171.4 171.3 169.9 168.3 165.1 161.2 159.2 156.4 154.4 152.5 149.3
132.6 135.8 139.3 142.7 145.3 147.8 148.6 151.6 154.3 156 157.4 158.7 159.8 160.8 161 162.4 163.7 165.3 166.7 168 169 170.1 170.3 170.3 169.3 168.4 167.9 168 167.5 166.8 165.7 162.9 160.1 157.5 153.9 151.5 147.3 144.4 142.5 140.2 138.8 137.8 136.7 134.5 131.8 130.4 129.5 128.6 127.5 125.7 124.5 124 124 124.1 124.6 125.1 126 127.6 128.3 128.1 128.6 130.8 134.3 135.3 138.7 143.9 151.1 153.6 156.2 155.7 155.4 153.2 151.6 149.6 148.6 146.9 144.8 142.2 140.5
130.5 133.6 136.8 140.2 142.6 144.7 145.7 147.9 149.4 150.9 152.8 154.1 155.4 157.4 158.3 159.2 160.5 161.5 162.8 164.1 165.1 166 166.4 165.7 164.8 163.9 163.1 161.6 160.5 159.5 158.3 155.8 153.6 150.9 148.8 146.7 143.8 142.2 140.2 138 135.9 135.2 134.1 132.1 131.2 129.3 129.2 128.8 127.1 125.9 124.7 124.8 124.7 124.5 125.3 126.2 127.3 129 128.6 128.5 129.5 129.5 131.4 130.5 132 132.8 135.1 138.4 139.8 141.4 141.4 141.5 139.9 138.8 136.5 135.4 134 131.5 130.1
128.2 132.1 134.2 137.7 139.7 141.2 143.2 145.4 146.2 147.1 148.2 149.6 151.8 153.7 155.1 155.9 157.2 158.3 159.2 160.3 161.2 162.2 163.1 162.2 161.9 161.5 160 158.3 156.7 155.6 153.5 151 149.1 147.2 145.1 143.4 141.3 140 138.4 135.6 133.3 131.8 133.7 130.6 128.7 127.8 126.8 126.2 126 124.9 124.6 125.1 125.7 125.7 126.7 127.6 128.7 129.2 128.7 128.7 128.8 128.8 128.9 129.1 129.2 131 132.4 131.2 130.9 130.7 130.7 130.4 130 129.8 128.4 128 127.8 126.6 125
125.8 129.9 133.3 136.3 137.7 140.1 142.3 143.8 144.6 145.4 146.2 147 148.6 150.1 151.3 152.7 153.9 155.1 156.1 157.3 158.4 159.2 159.8 159.3 159 159.2 157.5 155.8 154.3 153.1 151.9 149.4 147.4 145.4 143.1 140.8 139 137.6 136.1 135.3 133.2 130.9 129.6 128.8 127.4 126.4 125.7 125.2 125 124.5 124.9 125.4 126 126.6 127.8 129.1 130 130.3 129.3 128.7 128.7 128.7 128.7 129.1 130.4 131.3 131.7 132.2 130.4 129.3 128.4 126.6 125.3 124.7 125 124.3 124 123.8 124.1
124.5 128.6 132.3 135.2 136.9 139.1 141.1 142.2 143 143.8 145 146.5 146.6 147.3 148.7 150.1 151.5 152.6 153.7 154.9 156.7 157.6 158 157.7 157.8 157.2 155.7 154.3 152.7 150.9 150.3 148.4 147.2 144 141.1 140.4 140 139.5 139.6 139.1 137.3 134.7 132.6 129.4 127.5 126.7 126 125.3 124.8 124.8 125.2 125.7 126.3 127.2 128.7 129.5 129.9 130.3 129.8 129 128.7 128.7 128.6 128.8 130.5 131.9 132.2 132.3 132.5 131.7 130.9 129 127.4 126.6 125.1 124.5 124.4 123.9 123.4
122.7 126.9 131.1 134.2 135.4 138.1 139.5 140.6 141.6 143.1 144.6 145.9 145.8 146.6 147.3 148.7 150.2 150.6 152.3 153.9 155.2 156.2 157.1 157.7 157.7 156.9 154.5 152.9 151.1 149.5 147.9 146.2 143.6 144.9 145.4 143.8 143.4 142.7 141.9 141 140.3 138.9 137.6 133.9 129.2 127.2 126.3 126 125.8 125.6 125.6 126.4 127.4 128.6 129 129.3 129.7 130 130 129.6 128.7 128.7 128.1 128.6 130.2 131.8 132.8 133 132.8 132.6 132.3 131.6 129.2 127.2 126.2 125.9 125.8 124.2 122.5
121.1 125.5 129.7 132.3 133.4 135.9 138.2 139.6 141.2 142.7 144.2 145.1 145.7 146.4 146.8 147.8 148.9 150.7 151.8 153.2 154.3 155.8 156.8 157.7 157.6 156.8 154.5 153 151.9 147.9 149.2 148.5 147.8 147.8 147.6 146.8 146 145.1 144.2 143.6 143 142.8 141.1 138.8 133.7 131 129.2 127 126.7 126.4 126.3 126.4 128.1 128.6 129 129.3 129.6 129.9 129.7 129.4 129 128.5 127.4 127.8 129.7 130.7 131.5 131.8 131.9 131.8 131.6 131.4 129.3 128.1 127.8 126.8 125.7 124.5 122.8
119.6 124.1 128.3 130.3 131.8 134.2 136.7 138.2 140.6 142.3 143.8 144.5 145.6 146.3 147.4 148.5 149.7 150.4 152.3 153.8 155.3 156.7 157.1 157.6 157.4 156.7 155.2 152.5 151.2 150 151.2 150.9 150.6 150.2 149.9 149.3 148.5 147.5 146.6 146 146.6 147.1 145.4 143.1 138.5 135.7 132.3 129.5 127.8 127.1 126.6 126 127.8 128.4 128.9 129.4 129.6 129.6 129.4 129 128.1 127.2 126.9 127.1 128.2 130.1 130.1 129.8 130 130.4 130.7 130.5 129.8 128.6 127.4 126.2 125.2 124.2 122.7
118.3 123.4 127.7 128.9 130.1 131.9 134.5 136.7 139.1 141.5 143.4 144.4 145.9 147.2 148.3 149.8 151.8 153.8 156.4 157.7 158.7 159.4 159.8 160.4 159.2 158.4 157 155.7 154.2 153.9 153.5 152.9 152.7 152.4 151.8 151.1 150.2 149.5 148.8 149.5 150.9 151.1 149.2 147.7 145.2 141 138.2 132.7 129.2 128.8 127.8 127.3 126.7 126.8 127.6 128.4 128.9 128.8 128.6 128.5 128.5 127.6 127 127.2 127.7 128.9 128.6 128.3 128 128.1 128.5 128.5 128.1 127.5 126.8 125.7 124.5 123 121.2
114.7 120 123.5 125.6 127.4 129.6 132.5 135.2 137.6 140.4 143 145.4 147.2 149.3 150.8 152.9 155.9 158.1 161.8 163.5 164.3 164.7 165.3 165.6 164.1 162.7 160.6 158.9 157.7 157.4 156.4 155.4 154.6 154 153.5 152.9 151.9 151.2 151.4 151.6 152 151.8 151.9 152 149.2 144.5 141 135.5 131.3 130.5 129.2 128.8 128.3 127.9 127.3 127.6 127.8 128.1 127.8 127.8 127.7 127.7 127.1 127.3 127.7 127.5 127.1 126.8 126.5 126.2 126.2 126.2 125.9 125.4 124.9 124.4 123.4 121.8 120.1
110.3 115.8 119.8 122.5 125.7 128.6 131.5 134.7 137.7 140.8 143.4 146.8 149.4 151.6 154.3 157.1 160 163.3 167.2 169.3 170.1 170.5 171.1 170.6 169.5 168.3 166.7 165.1 163.3 162.2 161.5 160.3 159 158.3 157.7 156.7 154.7 153.6 153.6 153.8 153.3 152.5 151.8 151.4 149.2 146.9 143.7 137.6 134.1 131.7 130.7 130.2 130.3 130.2 129.8 129.3 129.6 129.4 128.5 128.1 127.8 127.6 127.3 127.8 128.4 128.7 128.2 127.5 126.8 126.2 125.5 124.2 123.7 123.3 123.1 122.5 122 120.9 119.4
111.7 116 118.6 122.1 125 128.2 131.5 135.1 138.9 142.7 147.5 151 153.4 156.5 159.4 162.1 165.4 169.1 172.6 175.3 176.7 177 177.6 177.2 176 174.9 174.2 173.7 172.5 168.6 166.5 165.2 163.8 162.6 161.9 160.7 158.9 157.7 157 156.4 155.4 154 151.7 150.3 148 145.1 142.5 137 134.8 132.4 131.8 131 130.6 130.6 130.6 130.8 130.8 130.6 130.1 128.7 128.4 128.1 127.6 128.2 129 129.3 129.6 129.1 128.2 127.6 125.9 124.3 123.3 122 121.2 120.8 120.4 120.1 118.7
113.8 117.8 120.6 123.5 126.5 129.9 133.4 137.5 141.1 146.8 151.1 155.2 158.7 162.3 165.7 168.9 171.8 175.5 179.5 185.6 186.6 186 184.6 184.8 183.9 182 182.6 182 180.2 177.1 172.7 170.1 168.7 167.4 166.2 164.7 163.2 161.8 161 159.8 157.9 155.8 153.1 150.3 146.9 143 140.7 136.7 134.2 132.3 131.5 130.9 130.7 130.7 130.5 130.1 130.5 130.8 131 130.3 129 128.7 128.3 128.2 128.8 129.9 130.2 130.5 130.1 129.1 127.9 126.7 124.2 122.6 121 119.5 118.8 118.5 118
112.4 117 121.1 124.7 127.6 131 134.3 139.4 143.5 148.8 152.3 158.1 162.9 168 173.1 176.6 178.5 182.6 186.8 192.5 194.4 193.4 191.7 191.4 190.2 189.8 188.5 186 184.3 182.3 178.8 175.6 173.9 172.6 170.4 168.9 169.4 168.1 166.9 164.5 162.2 159.4 157.3 156.8 151.8 146.4 140.8 136.5 133.5 132.1 130.8 130.6 130.5 130.3 130.1 129.8 129.8 130.1 130.1 129.9 129.4 129.3 130 130 130.6 131.6 131.8 132.5 133.1 132.4 131.2 129.5 126.3 123.8 122.5 120.8 119.3 118.1 116.9
108.6 115.1 119.2 122.8 125.8 129.5 133.7 138 145.1 148.8 154.3 160.2 165.2 170.5 176 181.3 184.8 187.1 187.8 190.9 194.2 198.1 198.9 198.6 198.3 198.1 198.7 196.9 193.2 189.7 186.6 183.7 179.2 177.9 174.1 174.2 174.7 175.2 175.6 175.7 175.6 172.6 163.9 159 156.8 156.8 144.6 139.5 136 133.7 131.2 130.3 130.7 130.3 129.8 129.7 129.7 129.8 129.5 129.4 129.2 129 129.8 131.6 134.1 135.5 136.9 137 137.2 135.6 134.3 132.3 129.3 126.8 123.9 122.4 120.6 119 117.8
105.4 113.7 116.9 120.6 124 128.7 133.5 139.1 145.5 151.6 156.9 161.4 165.8 170.8 176 181.2 185.5 185.7 186.1 188.8 193.1 197.3 203.3 209 209.7 210.7 209 208.3 204.1 199.2 194.3 191.4 186.9 182.9 180.7 180 180.2 181.5 186 189.6 188 181.3 164.7 171 159.1 155.4 154.7 149.9 142.9 138.8 136.1 133 130.8 130.5 130.1 129.9 129.9 129.8 129.4 129.1 128.9 129.1 130 132.6 135.5 138.9 141.3 142.3 142.8 141.8 139.2 136.1 133.2 130.5 127.8 124.8 122.4 120.6 119.1
103.9 112 116.3 119.5 123 127.7 133.2 141.4 150.2 155.6 160.3 162.2 164.9 169.7 174.8 178.8 182.4 183.1 184.1 187.6 191.6 197.5 203.7 211.9 219.6 225.2 220.8 217.7 212.8 206.8 202.8 197.6 192.3 188.8 186.3 184.8 184.7 189.1 196 201.7 181.3 166.4 165 165 184.8 169.6 160.3 154.3 153.8 148.1 142.5 137.6 133.3 133 131.8 130.7 130.1 129.8 129.4 128.9 128.7 129.7 131 134.3 137.2 141 143.8 144.8 147.1 149.9 148.3 144.3 140.3 137.4 134.2 131.1 127.4 124.3 122.1
104.6 112.7 116.2 119 122.6 127.2 132.8 143.4 154.8 160.1 164.1 163.6 165.7 168.6 173.2 175.9 179.1 182.5 185.1 187.9 191.4 197.1 203.8 212.8 221.7 227.8 228.2 224.5 220.1 213.4 207.5 201.7 197.3 195.2 190.8 188.1 189.1 192.4 200.6 182.3 181.9 165.6 166.1 165.8 183.6 186.8 175.1 167.6 154.1 156 150.4 144.7 139.4 136.3 134.6 132.9 131.4 130.6 130.1 129.5 129.2 130.5 131.5 134.4 137.9 141.9 145.8 147.4 150.1 153.8 154.7 153.4 149.1 144.3 140.9 137.5 133.8 129.9 125.2
107.2 113.2 116.8 120.2 123.3 128.7 134.8 141.8 157.8 164.1 166.9 165.3 166 168.2 170.8 173.9 177.2 180.4 183.3 187.2 190.8 196.3 203 212.8 222 227.3 228.3 226 224 219.2 213.3 205.1 201.2 198.8 195 192.3 191 194 201.1 208.9 179.5 179.8 166.4 182.3 186.6 202.5 178.5 170.7 167.9 163.2 156.6 150.6 145.2 141.2 137.9 135.2 132.7 131.8 130.9 129.4 128.5 129.4 130.3 132.6 135.2 138.2 141.6 143.8 147.7 153.1 157.7 156.1 153.2 149.8 146.2 142.3 138.8 133.2 128.8
114.4 117.7 119.3 121.7 125.5 131.6 137.6 145.1 155.8 165.6 166.5 168.6 167.6 166.8 168.1 170.2 173.6 176.3 180.4 184.2 187.9 194 199.9 209.7 219.4 223.4 227.4 228 226.7 224.6 217.3 210.5 205.2 202.7 201.1 198.9 194.3 193.3 195.9 207.2 180.5 180.3 180.7 181.5 181.8 195.8 194.3 176.5 175.8 168.5 161.9 154.5 148.4 142.9 138.5 137.1 134.1 132.4 130.4 128.9 127.5 126.8 127.5 128 130.6 133.6 137.2 140.3 142.9 146.7 151.3 152.7 152.3 149.5 146.1 143.9 141.1 136.5 132.5
113.7 121.4 122.9 122.4 127 133.7 140.5 147.5 156.5 161.5 167.2 172.3 171.3 167.6 165.4 166.2 168.5 172.5 176.3 180 184.6 191 197.5 205.8 215.4 219.4 224.8 228 227.7 226.2 220.2 215.2 210.5 210.5 210 206.4 200.2 194.3 192.2 196.4 205.3 197.4 180.8 197.8 201 199.5 193.9 185.3 178.8 171.1 163 155.6 150.3 144.4 139.3 136.6 134 132.1 129.6 128.2 126.5 125.2 124.1 124.8 125.9 129.2 132.9 137.5 144.2 145.9 148.2 149 148.5 147.2 146.6 145.1 142.7 139.6 136.1
107.7 116.8 117.5 119.1 126.9 134.6 141.8 148.6 153.4 158.5 163.7 171 172.2 168.6 164.3 165 165.6 167.9 171.8 175.7 182.4 189.7 195 200.9 205.6 210.2 215.1 218.5 221.2 224.7 225.5 220.8 220.9 222.7 218.1 210.7 203.7 197.8 193.1 188.9 191.3 200.3 200.9 198.1 192 191.5 186.9 180.1 174.8 167 159.7 154.2 148.2 143.1 138.8 135.6 131.4 129.5 127.9 126.4 124.8 123.2 121.9 121.1 121.7 124.8 128.8 132.6 135.8 138.6 143.5 144.7 145.9 146.6 146.5 146.8 146 142.9 139.7
103.8 109.6 110.7 116.8 126.6 134.5 141.5 147.7 154.9 158.4 161.7 167.2 168.1 167.5 164.5 164.4 164 165.3 168.7 176.1 182 190.6 193.5 196.3 198.3 200.6 205.2 207.8 213 219.8 226 228.6 233.6 229.3 226.5 215.8 208.1 203.1 198.1 190.7 185.7 185.5 187.2 184.7 180.5 177.9 174.9 171.2 167.4 161 153.9 146.8 140 136.9 134.3 131.3 127.2 125.1 123.4 123.1 122.3 121.3 119.8 118.9 120 122.2 125.2 128.8 131.8 134.2 137.5 139.1 144.6 145.8 146.2 147.1 147.5 146.3 144.2
100.2 106.9 110.5 117.9 126.9 137 143.4 150.2 159 160.2 160.8 162.6 162.3 162.5 162.3 162.9 163.2 164.8 171.3 180.6 188 193.6 193.6 193.8 195.5 196.9 196.7 199.2 206.1 216.1 223.7 228.4 232.2 235.5 230.7 220.8 212.9 203.8 196.6 191.3 190.1 184.2 178.5 173.9 170.2 166.4 162.8 163.2 159.4 155.5 149.5 142.5 134.6 131.1 127 123.2 121.3 120 119.2 118.3 117.5 117.2 117.1 116.6 118 119.8 121.7 125.3 127.7 130.5 133.3 135.9 142 144.5 146.7 148.1 148.2 148.6 147.4
96.2 104.5 110.4 118.2 127.3 138 144.6 149.4 155.4 157.4 157.9 158.4 158.3 159.6 160.6 162 163 167.2 174.6 187 193.1 196.2 197.4 195.3 192.4 190.3 190.3 193.2 202.9 212.8 220.4 226.3 230.6 234.5 234.8 226.4 216.9 205.6 195.5 189.3 185.8 180.9 174.1 165.7 160.7 156.3 152 152.7 151.5 147.5 142.4 135.7 130.6 126.9 123.3 119.3 117.3 114.9 114.4 113.5 112.7 113.7 113.1 113.9 115.4 117.1 119 121.5 124.5 127.5 130.3 132.5 134.9 141 146.4 148.7 149.4 149.5 148
93.1 102.2 109.9 118.4 127.4 136.2 143.4 148.8 153.6 156.2 156 157 157.6 159.2 162.4 162.4 164.3 168.2 176.8 188.5 192.7 196.1 197.5 195.8 190 185 185.2 187.9 195.6 205.3 214.5 222.5 227.1 229.7 232.3 227.9 221.6 212.1 202.9 191.5 182.4 174.4 164.7 156.3 152.7 151.6 149.7 144.9 141.5 139.1 133.4 128.5 125.3 124.3 119.7 115.7 113.9 112.7 112.8 110.2 108.3 110 110.7 110.9 111.7 113.3 115.5 118.7 121.6 124.5 127.2 129 131.5 136.5 139.7 144 145.4 145.7 144
