app/static/ascii/NO76.asc
ncols 200
nrows 200
xllcorner 370000
yllcorner 760000
cellsize 50
[rows 0 to 37 of 200, columns 0 to 83 of 200]
75.2 76.8 73.1 80.2 81.4 81 82.4 83.9 84.9 85.8 86.6 87.6 88.5 89.7 91 92.1 92.8 93.8 95.3 96.4 98.2 100.3 101.9 102.9 103.7 105 106.7 108.1 108.7 109 108.2 106 105.4 106.7 107.5 107.4 110.2 113.1 116.5 119.7 124.6 130.1 135 141.1 144.8 149 154.5 160.8 170.2 176.5 179.8 182.4 184.9 188.7 190.5 191.6 193.3 195.6 201 208.2 214.5 223.3 231.1 236.8 242.5 248 254.6 259.9 262.2 263.4 262.1 259.8 255.6 253.2 252.1 251.5 251.5 251.7 251.3 252 253.2 253.5 251.3 247.5
77.3 79.2 79.8 79 79.4 80.6 82.2 83.3 84.3 85.2 86.2 87.3 88.5 90 91.7 92.3 93.1 94 95.6 97.3 99.9 102 103.8 104.7 106.1 107.5 109.5 110.4 111.1 111.1 110 108.9 109.3 108 110.7 112 114.1 115.1 117.6 121.5 125.8 132.3 136.8 141.9 146.5 151.3 156.6 165.2 175.7 181.7 185.3 188.8 191.8 195.3 196.2 197.6 199.3 202.6 210.9 218.7 225.9 233.6 240.6 244.7 251.8 258.1 262.5 265 265.2 263.3 259.3 256.3 254.6 253.4 252.8 252.2 250.7 252.2 254.3 256.1 256.5 255.7 253.3 249.3
78 78.2 77.1 77.7 79.1 80.5 81.8 82.7 83.7 84.7 85.9 87.1 88.4 90.3 91.5 92.2 92.9 94.4 96.2 98.5 101 103.4 105.3 106.5 108.1 109.8 111.9 113.2 113.6 112.9 112.2 112.2 113 110.8 113.1 114.3 116.1 118.3 120.4 124.6 129.9 134.7 138.6 143.3 147.9 153.4 160.5 171.6 181 186.8 190.8 195.1 198.4 200.5 201.5 203.7 206.9 212.5 220.5 228.8 236.9 242.5 247.8 252.5 259 263.1 267.5 268.6 264.9 261 258.1 256 254.7 253 250.4 249.5 251.7 255.2 256.7 258.2 258.3 256.9 253.6 250.1
75.5 74.8 75.8 77.4 79.2 80.7 81.3 82.4 83.5 84.5 85.7 86.9 88.7 90.5 91.4 92.1 93 94.7 96.6 99 101.4 103.6 106.3 108.3 110.2 112.5 114.3 115.4 115.6 115.4 115 115 114.5 114.4 115.7 117 118.8 121.1 123.8 128.2 132.2 136.6 141.1 145.9 151.1 156.4 165.4 177.1 185.1 191.4 196.5 201.1 204.6 205.3 207.1 209.9 214.9 220.9 229.2 238 244.8 250.7 253.1 256.9 262 267.3 269.4 266.9 263 260 257.1 254.3 251 248.8 249.4 250.9 253.2 255.8 257.9 258.9 257.6 256.2 252.3 246.8
69 72 74 76.9 78.7 80 80.8 82.2 83.3 84.4 85.5 86.9 88.9 90.2 91.1 91.9 93.3 95 97.1 99.5 102.1 104.7 107.5 110.1 112.6 114.9 116 117 117.4 117.7 117.8 117.5 117 117 118.3 119.6 122.3 124.5 127.9 131.5 136.1 140.3 144.1 149.1 154.3 160 168.5 179.8 188 195 201.7 206.5 209.4 209.3 211.5 218.3 225 229.8 237 246.2 250.7 253.2 256.5 260.5 265.7 268.2 268.9 264.8 261.4 257.5 253.1 249.2 247.6 246.7 247.8 250.5 253.5 255.8 256.8 257.6 256.7 251.6 248.5 244.8
74.2 73.9 73 73.7 76.7 78.2 80.5 81.9 83.2 84.2 85.5 87.3 89.4 89.8 90.7 91.6 93.4 95.3 97.8 100.4 103.4 106.1 109.1 112.3 114.8 117.2 118.4 119 119.8 120.5 120.5 120.1 119.9 119.9 121.3 123.2 126.3 129 132.1 135.2 138.8 143 147.5 152.2 157.4 163 172 181.6 190.6 198.2 203.1 211.6 211 214.4 219.3 227.7 235 238.2 245.9 249.9 253 256.8 261.1 265.5 266.8 267.6 265.5 261 254.2 251 247.4 244.1 242.4 243.8 247.3 249.8 252.3 254 255.7 252.8 251.3 248.7 245.5 242.3
75.6 76.4 77.7 77 74.6 75.7 78.5 81.5 82.9 85.1 86.2 87.7 88.9 89.6 90.3 91.6 93.5 96.1 98.7 101.5 104.7 107.6 110.8 113.8 116.7 119.2 120.5 121.4 122.5 122.6 122.4 122.5 122.4 123.6 125.6 126.9 130.1 133.5 135.8 138.9 142.6 146.4 150.6 155.9 161.1 167.5 175.9 185.2 195.6 202.4 208.2 212 214.8 218 222.9 228.3 235.3 242 247.7 253.2 257.5 261.7 266.2 268.5 267.3 263.6 257.3 253.5 248.9 243.5 238.9 238.7 241.3 244.2 247.2 249.8 252.1 251.9 251 249.8 247.3 244.6 241.8 238.4
76.8 77.7 80.1 80.1 79.8 78.4 77.5 79.8 83.1 85 86.2 87.1 88.1 89.1 90 92 94.4 97 99.2 102.4 106.1 109.2 112.1 115 118.1 120.7 122.4 123.5 124.3 124.3 124.4 124.6 126.1 127.6 129.5 132.4 135 137.2 139.9 142.9 146.3 150.4 154.7 159.9 166.1 172.9 181.1 191 198.9 205.3 211 215.6 219.5 223.1 227.8 235 243 249.7 254.3 258.2 262 266.5 267.6 266.6 259.5 256.6 251 244.2 238.3 236.1 236.2 238.9 242 245.7 248.5 248.3 248.5 248.4 247.3 245.4 242.7 239.1 236.4 233.5
78.2 79 80 80.8 81.5 81.7 80.2 82.3 82.9 81.1 85.4 86.4 87.3 88.6 90.3 92.4 95.3 97.6 99.9 102.8 106.2 109 112.6 116.2 119.4 122.1 124 125 125.4 126 126.2 127.9 129.8 132.2 134.4 136.5 138.9 141 143.7 146.5 151 154.9 159.1 165 171.9 179.2 187.1 195.6 203.1 209.7 215.5 220.5 225.1 229 234.6 243.1 250.1 256.3 259.4 262.6 266.9 265.7 263.2 259.4 253.5 246 239.8 236.5 235.7 234.3 236.7 241.2 245 245 245.7 246 246 244.9 243.1 240 237 233.5 231.2 229.5
79.7 80.6 81.6 82.5 83.1 83.6 83.2 82.1 83.4 81.7 84.4 84.8 87.2 88.7 90.7 93.1 95.5 97.4 99.5 101.9 104.6 108 112.5 116.6 120.1 122.3 123.9 125.2 126 127.1 128.8 131.1 133.8 136.7 139.8 141 143 145.2 148 151.5 155.9 159.7 164 170.2 177.2 184.7 191.9 199.8 207.8 214.6 221.3 226 229.8 234.7 242.6 251 256.8 260.8 264.6 265.8 264.1 262.1 257.2 248.4 242.2 238.4 236.4 234.3 233.8 235.2 239.3 241.4 242.8 244.2 244.6 243.7 242.5 239.5 236.4 233.5 231.7 229.7 228.4 226.8
80.7 82.8 83.7 84.3 84.9 84.9 85 84.4 85.1 85.8 84 83.6 87.2 89.7 91.7 93.6 95.3 96.4 97.9 100 102.7 106.2 110.9 115.3 118.5 120.7 122.2 123.8 126.1 128.3 131.2 134.3 137.6 141.4 143 144.3 146.6 149.2 152.5 156.4 160.4 164.1 170 176.5 183.3 189.6 197.4 205.2 212.9 219.4 226.3 229.9 234.8 242.3 250.7 257.2 260.7 265.4 265.2 261.4 256.9 251.7 245.5 241.8 238.6 236 234.3 234.3 233.7 237.1 240.5 242.2 242.4 242.7 241.4 239.2 235.5 232.2 230.8 229.7 228 226.8 225.6 224.4
81.1 83.1 84.8 85.4 85.6 86 86 86.3 86.1 87 86.9 84 87.3 90.9 93 94.5 95.2 95.8 96.7 98.6 101.1 104.4 108.5 112.4 115.3 117.5 119.7 122.7 126.4 129.8 133.7 137.3 141.5 144.7 146.3 147.9 150.7 154.2 157.8 161.8 166.1 171.2 176.9 182.5 188.6 195.3 202.8 210.1 216.5 223.2 229 232.7 240.3 249.6 256.5 260.2 266.3 265.5 261.2 256 250.8 246.4 242.2 238.7 235.7 234.2 234.7 236 238.8 232.1 237 242.3 240.8 237.9 235.5 232.7 229.9 228 227.3 226.7 225.5 224.4 223.2 221.8
82.4 83.5 85.3 85.8 86.3 86.8 87.4 87.5 87.2 87.2 87.3 86.1 86.3 90.5 93.4 94.3 94.7 95.1 96.8 98 100.1 102.5 105.9 109.2 111.8 114.2 117.7 122.3 127.4 131.8 136.2 140.5 144.4 147 149.1 151.5 155.2 159.3 162.8 168.2 173.2 178.3 182.6 187.6 193.6 200.3 207.7 214 220 226.6 231.9 237.5 246.2 255 260.4 264.8 266.8 263.2 257.7 252.3 248 243.4 238.7 235.6 234.8 235.6 237.6 239.6 241.4 242.8 237 238.7 236.6 233.1 230.7 228.3 226.3 224.9 224.2 223.6 222.8 222.1 221.1 219.2
83.7 85.1 86.4 86.8 87.2 87.7 88 88 87.9 88.1 88.4 89.2 89.2 90 92.8 93 93.4 94.5 96.1 97.8 99.7 102.4 105 107.8 110.9 114.6 118.3 123.5 129.1 134 138.8 142.7 146.1 149.8 152.9 155.5 159.5 164.1 169.8 175 179.5 183.6 187.8 193.4 199.6 205.8 212.1 218.5 224.2 231.4 237.3 245.6 253.7 261.8 267.9 268.9 266.8 261.7 256.2 251 244.8 238.6 235.7 235.4 238.3 239.6 241.3 243.4 243.8 242 239.1 225.4 232.4 229.8 227.2 225 223.1 222.4 221.7 221.7 220.9 219.4 217.9 216.4
85.8 86.6 87.4 88.1 88.6 88.2 88.6 88.5 88.8 89.7 89.5 90.8 91.6 87.9 90.4 91.4 93 94.7 96 97.7 99.5 102 104.9 108.5 112.1 116.6 121.3 126.3 131.3 136 140.8 144.5 148.1 151.7 155.6 160.1 164.3 170.5 176.7 180.9 185.2 189.4 193 198.9 204.9 210.9 217.1 223.9 231.3 238.1 245.2 255.4 264.7 269 272.3 270.5 266.6 260.8 253.5 244.5 237.9 236 238.9 240.5 241.9 244 245.2 242.8 242.6 240.2 236.3 233.4 225.2 225.1 224.4 222.5 221.7 220.7 220.5 219.5 217.6 215.9 214.3 212.7
86.7 87.2 87.9 88.7 89.1 88.9 89.2 89.3 89.9 91 91.6 92.2 92.7 91.4 88.2 91 92.4 94.2 95.9 97.7 99.4 103 105.5 109.2 113.8 118.5 123.5 128.6 133.6 138.2 142.5 146.6 150.5 155.7 160.6 165.1 171.2 178 182.4 185.9 190 194.3 199.5 204.2 209.9 216.1 222.5 230.7 239.6 245.7 252.4 263.2 269.8 273.7 274.7 271.7 263.3 253.3 244.3 238.8 238.5 240.5 242.1 244.3 246.2 247.2 247.2 245.9 241.6 236.4 234 231.2 227.9 225.1 216.1 216.7 219.4 218.8 217.3 216.4 214.5 212.8 211.1 209.5
86.9 88 88.4 88.8 89.2 89.6 90 90.9 92 93.1 93.4 93.7 94 93.1 91.2 92 92.8 95.1 96.7 98.5 101 103.9 106.1 111.6 115.4 120.4 125.2 130.1 134.9 139.8 144.9 150 155 160.2 166 172 178.4 183.6 187.2 190.8 194.9 199.5 204.9 210.2 216.5 223.5 232 241 245.9 252.9 261.8 267.2 273 276.7 272.7 262 252.2 244.6 242 240.3 242 244.4 246.4 247.9 249.2 249.4 248.4 246 242.8 238.7 232.8 229.2 227.1 224.8 222.8 219.3 209.6 215.7 214.1 212.6 211.1 209.4 207.8 206.9
87.6 88.9 89.2 89.5 90.1 90.4 91.6 93.1 94.4 95.3 95.3 95.4 95.3 94.2 93.1 93.6 94.8 96.3 97.7 100 102.5 105.2 108.8 113.4 117.5 122 126.6 131.4 136.9 142.4 147.8 154.3 160.8 166.1 172.3 179.1 184.2 187.4 191.1 195 199.2 204 210.3 216.6 224.9 233 241.3 245.9 252.5 260.4 268.1 272.2 269.5 268.6 260.2 252 245.6 242.6 242.8 244.2 246.1 248.3 249.9 251.3 251.6 251.2 249.2 245.9 242.1 238.1 234 229.9 226.5 223.3 220.1 218.2 212.1 211.5 210.4 208.8 207.3 206 205.2 204.4
88.9 89.6 90 90.7 91.1 92.3 93.9 95.8 97.3 97.2 97 96.8 96.6 95.6 94.7 95.1 96.2 97.7 99.5 101.8 104.1 107.3 111.2 115.6 119.8 124.5 128.8 133.9 139.5 145.1 152.5 159.4 166 172.5 178.6 184.4 188.4 191.6 195.6 200 204.4 210.1 217.8 224.7 233.3 240.5 245.3 250.2 257.5 265.5 269.8 269.1 262.4 258.2 251.3 244.5 245.4 246.1 247 247.9 250.1 252.1 254.2 254.4 254.3 252 248.4 244.7 240.8 236 232 228 224.2 220.8 217.5 214.8 211.9 203.3 206.2 205.2 204.3 203.2 202.3 201.5
90.7 90.8 91.5 92.4 93.6 94.9 97 98.9 99.1 98.4 98.2 97.9 97.7 97 96.6 97 97.9 99.5 101.5 104.2 107.1 109.9 114 118.1 122.4 127.2 132.3 136.9 142.9 151.3 158.3 165.1 171.9 179.2 184.1 188.2 192.4 196.3 200.3 204.9 210.1 217.6 226.9 233.9 241 246.2 250.6 255.8 263.6 268.1 264.6 261.9 257.3 251.4 248.9 248.3 249 249.4 250.8 252.6 255.4 257.2 257.8 256.2 253.6 250.4 247.1 242.8 238.2 233.5 229 225 221.3 217.6 214 210.7 207.7 204.9 201.4 202.3 201.1 200.1 199.2 198.6
91.6 91.8 93.9 95.1 96.5 98.6 99.8 100.2 99.8 99.3 98.9 98.6 98.6 98.6 98.4 98.7 100 102.3 104.4 107.6 109.9 112.9 116.9 121 125.6 130.1 135.6 141.3 148 156.2 164 171 177.9 184.4 188.8 193.1 197.2 201.1 205.1 211.1 218.2 227.3 235.6 241.4 246.8 251 255.9 262.1 261.8 261.2 259 255.7 251.3 249.9 249.6 250.1 251.7 254 256.8 259 259.8 258.8 257 254.5 252 249 245.2 239.8 234.9 230.1 225.8 221.8 217.9 213.3 210.1 208.2 205.9 203.6 199.9 197.2 196.8 195.8 195.6 195.6
92.6 93.2 94.8 96.6 98.8 100.7 101.1 100.8 100.5 100.2 99.7 99.4 99.6 99.7 99.8 100.9 102.3 104.9 108.4 110.5 112.9 116 120.3 124.9 128.7 132.7 139 146.1 153.7 161.9 169 175.6 182.1 187.7 192.6 197.7 201.1 205 213.5 221.9 229.9 236.5 241.8 247.5 251.2 253.9 256.2 259.7 257.9 254.6 250.9 248.2 248.7 249.6 250.9 254.4 259.3 262.1 262.1 260.2 258 256.1 254.4 252.4 250.3 245.2 239.7 235.4 230.7 226.5 222.5 217.9 213 210.6 208.5 206.5 204.9 202.4 199.5 195.9 189.9 189.7 189.8 187.8
94.5 95.7 97.2 98.9 100.4 101.2 101.6 101.4 101.3 101.1 100.4 100.7 100.7 101 102 103.3 105 108.1 110.1 113 116.1 120.1 124.2 127.6 131.3 136.1 143.8 152.3 160 166.7 173.5 180.2 186.4 192.1 196.6 201 204.6 210.7 220.6 229.9 236.1 241.8 247.2 249.5 249.6 249.5 250.7 251.1 246.6 244.3 243.7 245.2 248.4 251.2 256.4 262.4 265.4 263.4 259.8 257 255.6 254.6 253.6 248.4 244 239.8 233.8 230.5 226.8 222.7 218.7 215 211.9 209.4 207.3 205.3 203.3 201 199.6 197.6 193.3 186.1 185.3 183.2
96.1 98.5 99.1 100 100.7 101.7 101.9 101.9 101.7 101.6 101.4 102 102.3 103.2 104.5 106.2 108.1 110.4 112.4 115.3 118.8 123 126.5 129.9 135.2 142.2 150.1 157.2 164 171.1 179.1 185.6 190.1 195.3 199.2 204.4 210 217.9 228.5 235.1 243.2 246.8 249.6 246.8 243.4 243.7 238.9 237.7 236.8 237.4 240.3 244 248.7 254.5 260.3 263.2 261.7 259.1 257.2 256.6 253.4 250.1 247.3 243.1 237.8 232.3 228.8 226 223.6 220.6 217.2 213.8 210.8 208.3 206.4 204.5 202.9 201.1 197.9 194.9 189.5 185.3 182.8 181.4
97.3 99 100.1 100.4 101.1 101.9 102.2 102.2 102.2 102.1 102.5 103.1 104.4 105.8 107.9 109.6 111.4 113 114.8 116.8 121.1 125.3 129 133.9 140.5 147.5 154.9 162 170.1 177.1 184.2 190.1 193.7 198.8 205.1 211.3 217.2 227.1 236.6 241.8 245.3 247 243.4 239.5 235.3 232.4 230 228.7 230.1 233.8 238.1 243.2 248.2 253.1 256 257.1 257.6 257.2 253.7 248.7 245.8 243.6 239.9 235.4 231.6 228.7 226.8 225 222.8 219.1 215.3 211.9 209.3 207.1 206 204.5 203.1 200.4 195.6 189.6 186.5 184.2 183.4 182.4
98.6 99.8 100.5 100.6 101.4 101.9 102.3 102.5 102.7 103.4 104 105.1 106.8 108.7 110.8 112.6 113.5 114.8 117.4 120.4 125 127.1 133.2 140 146.4 152.8 160.7 167.9 175.2 182.1 188 193.3 199.1 205.8 212 218.8 226.3 233.6 240.7 243.2 242.8 240.4 238.4 232.9 228 222.5 221 223.3 227.3 230.7 235.8 241.1 245.3 248.9 248.9 252.1 250.2 247.3 243.3 240.9 238.7 236.8 233.3 230.8 229.3 227.7 226.7 224.6 220.9 216.8 213.2 210.2 208.1 207.2 206.2 204.9 201.7 197.1 192.3 189.3 186.4 185.2 185.2 184.8
99.2 100.3 100.5 100.8 101.4 101.9 102.3 102.8 104.3 105.1 106.2 107.5 109.7 111.4 112.4 113.1 114.1 116.3 119.4 123.6 127.9 132.5 139 145.2 152.7 159.7 167 173.7 179.7 186.5 192.6 200.1 207.7 215.1 220.6 227.2 231.1 238.3 241.6 241 238.2 234.1 228.5 222.4 217.1 215.6 217.3 219.8 222.8 224.8 230 235.2 235.3 236.1 237.3 239.4 239.8 238.4 234.5 232.4 231.3 231.1 230.3 229.2 228.9 227.1 226.2 223.3 218.2 214.2 211.8 209.5 209 206.8 205.8 201.2 196.9 193.1 190 187.3 185.7 185 184.9 184.9
99.2 100.5 101.8 101.2 101.2 101.7 102.4 103.6 105.4 106.8 108.5 109.8 111.8 112.5 112.1 112.3 114.4 117.6 121.1 126.1 131.3 137.3 144.1 150.6 157.5 165.6 171.2 177.1 183.1 191.8 201.1 208.3 214.6 220.8 228.8 232.6 236.8 240.5 238.7 233.7 232.5 224.9 217.8 213.4 212.2 212.3 213.7 215.8 217.1 219.2 221.4 224.3 227.2 228.3 229 229 227.7 228.2 229 228.9 229.6 229.8 229.5 228.9 227.8 226.4 225.6 221.3 216.1 212.6 211.5 211.3 209.4 202.4 199.9 195.4 192.7 190.8 187.9 185.4 183.3 181.2 180.7 180.5
98.6 99.5 100.3 101 101 101.5 102.3 103.7 105.9 108.1 109.9 111.3 111.3 110.5 109.9 111.9 114.7 118.5 123 129 135.8 142.1 148.7 155 162.1 168.8 173.4 179.3 186.6 197.9 205.7 211.7 218.2 225.9 231.9 234.2 236.9 235.8 230.4 228.2 221 215.3 211.3 209.8 209.9 210.7 211.5 213.2 215 217.9 220.3 222 221.9 222 221.9 219.6 221.7 224.5 227.4 228.9 229.7 229.8 229.9 229.2 227.4 226.1 223.8 219.6 217.6 216 210.9 205 199.9 196.9 195.4 193.4 191.2 188 185.5 182.9 179.5 176.4 175.1 173.6
97.4 98.5 99.6 100.6 100.8 101.3 102.4 103.9 105.7 107.7 108.9 108.9 108.3 107.2 107.8 111.1 115 119.1 124.7 133 139.8 146.6 153 159.4 166.1 170.2 173.8 182.4 191.9 199.9 207.1 214.6 223 228.2 231.5 232.5 231.2 227.3 224.9 217.4 213.4 210.5 207.7 208.5 209.2 209.6 210.6 213.2 215.7 217.7 217.6 216.4 215.5 214.8 215 217 221.1 224.4 227.7 229.8 230.7 231.3 231 230.1 229.4 229.5 225.7 220.2 215.4 210.1 204.6 198.9 196.8 198.1 195.8 194.4 191.1 187.5 183.4 180.8 177.2 173.7 171.4 170.1
95.9 97.2 98.5 99.8 100.2 101.3 102.5 103.6 104.6 105.1 104.1 103.3 103.2 102.9 105 108.9 113.8 119.1 126.1 135.9 143.5 151.2 156 161 165.9 171.5 177.5 185 197.8 203.8 208.4 217.7 225.2 227.6 227.3 225.9 222.4 220.8 217 213.6 209.9 208.3 207.8 208.3 208.7 209.5 211.3 213.5 214 213.9 212.2 211.2 211.7 212.9 215.3 218.8 223.2 227.1 230 232.2 233.8 235.2 236.7 234.6 231.9 227.3 218.9 212.8 208.3 206.9 203.7 201 199.4 198.5 196.6 194.5 192.3 189.1 184.8 180 176 172.7 170.2 167.9
93.9 95.2 96.6 97.8 98.7 99.5 101.5 102 102 100.5 98.2 97.6 98.1 99.5 102.4 107.2 113.3 119.9 129.2 138.6 145.8 151.2 157.3 162.5 168.8 175 180.4 193.3 199.3 204.6 210.4 218.3 224 225.5 224.7 221.9 219.1 216.3 213.2 210.5 207.7 207.1 208.6 209.1 208.7 210 211 210.9 209.8 209.6 207.4 212.3 211.4 215.7 221.3 224 229.2 232.7 237.2 240.4 240.7 240.3 239.8 230.6 223.7 215.2 211.1 209.2 208.8 206.8 204.1 202.2 200.2 198.2 196.2 194.3 192.2 189.2 184.8 179.9 175.5 171.6 168.4 166.4
91.9 93.2 94.6 95.8 96.7 97.7 98.4 98.2 96.8 96.6 95 94.8 95.4 97.7 101.5 107.8 115.1 122.5 130.8 139.7 147.1 152.8 159.5 166.1 173.1 180.4 188.2 194.8 201.9 209.3 216.3 221.5 223.8 223.7 221.7 219.1 217 214.3 211.3 208.4 207.3 209.6 207.5 205.6 203.5 202 203.6 203.5 203.8 204.1 203.9 206.6 210 211.8 215.3 220 229 237.2 242.1 243.7 242 239.4 232.4 228.4 221.2 215.8 212.2 209.6 207.3 204.5 203.2 201.5 200 197.6 196 193.4 191.2 186.5 182.3 177.6 173.6 170.3 166.8 164.9
89.9 91.2 92.5 93.5 94.4 94.6 93.3 91.7 90.8 91.7 92.1 92.9 94.6 97.9 102.8 110.3 118 126 133.9 142.5 150.2 157.2 164.6 171.1 178.9 187.4 194.1 200.8 207.5 214.3 220 221.4 222.2 220.9 217.7 216.2 214 211.3 208.7 206.7 202.6 203.2 201.2 199.6 197.8 196.9 196.6 197.1 197.7 199.6 202 205.9 209.1 213.3 217.5 225.7 232.3 234.3 232.7 230.7 225.1 222.6 219.7 217.1 214.7 211.4 207.2 205.5 204 203.5 202.1 200.2 198.2 196.2 193.8 189.8 186.1 182.2 177.9 173.9 170.5 168.2 167.3 167.2
87.9 89 89.4 90.2 90.5 90 88.5 87.7 88.3 89.5 91.5 92.3 95.1 99.1 105.3 113.2 121.4 129.8 138.6 147.1 155 165.4 170.6 178.7 185.9 192.4 198.9 205.7 212.6 216.7 219.9 219.2 219 217 215.4 213.4 210.8 208.1 205.6 203.4 200.7 198.7 197.2 195.2 194 193.1 192.5 193.6 195.9 199.3 202.9 207.8 213.2 221.1 228 230.7 226.6 218.5 213.5 208.5 206.2 205.4 205.8 205.9 206 205.4 205 204.5 204 201.6 199.1 196.5 194.6 191 190.5 186.2 182 177.5 174.1 172.3 170.9 169.5 168.7 168.2
86.3 87.3 87.1 87 86.6 86.2 86.4 87.5 88.7 89.5 90.8 93.2 96.6 100.9 109 117.1 125.7 134.6 146 157.4 166 171.2 175.2 182.6 188.6 193.7 202.9 209.8 215.6 217.4 217.1 217.1 214.9 214.2 212 209.5 207.1 204.3 202.3 200.2 197.9 194.4 192.6 191.3 189.9 189.7 191.5 194.1 196.9 200.3 205.4 214.1 219.8 225.5 226.2 221.9 213.6 207.4 205.1 204.3 203.8 203.4 203.5 204.1 204.2 204.5 205.4 207 205.3 201.5 197.9 194.2 190 189.3 186.2 184.2 180.4 178.8 176.9 174.7 172.2 170.2 168.5 167.4
84.9 84.7 84.7 84.6 84.5 85.3 86.7 87.9 89.9 90.7 92.1 94.9 99.6 105.3 112.7 120.2 133 147.8 159 164.6 167.1 168.4 174.4 181.1 188.4 193.8 200.8 208 211.9 213.7 212.4 210.9 210.9 208.9 206 203.8 201.8 200.4 198.8 195.9 191.9 188.6 185.7 186.9 185.3 190 191.6 193.5 196.7 201.1 207.4 212.8 219.2 220.9 216.6 212.1 207.7 204.7 203.6 203 202.4 201.8 202.9 205.3 206.2 206.8 208.3 207 204.7 200.6 197.6 194.8 191.9 189.3 186.1 184.1 182.4 179.8 177.3 173.7 170.8 168.5 166.8 165.8
83.2 83.4 83.5 82.4 83.4 84.5 85.7 87.2 88.9 90.6 93.6 98.2 103.8 109.5 116 126.1 138.1 152.4 159 162 163.9 168.4 176.3 184.7 191.2 200 206.3 209 209.4 209.3 208.8 206.7 204.3 202.6 200.4 198.8 197.8 195.3 190.9 187.9 185.8 183.3 180.2 183.1 185.5 186.6 188.4 191.2 194.9 199.2 203.4 208 213.6 215 212.6 208.1 204.3 201.9 201.4 201.2 201.7 204 209.5 212.5 210.6 207.5 204.4 203.4 200.8 197.3 194.2 191.5 187.5 185 182.7 181.9 180.5 178 175.8 172.4 169.7 167.3 164.6 162.4
