app/static/ascii/NO78.asc
ncols 200
nrows 200
xllcorner 370000
yllcorner 780000
cellsize 50
[rows 105 to 139 of 200, columns 0 to 77 of 200]
235 237.7 240.3 242.5 244.9 247.9 249.3 248.9 247.9 245.1 241.1 235.8 219 222 236.6 245.4 253.7 259.4 264.8 270 271.1 270.1 268.1 266.9 264.9 259.5 272.5 282.7 291.1 293 289.6 284.8 281.7 279.7 280.1 280.1 279.1 277.5 275.2 270.3 263.5 264.1 279.2 291 301.8 312.1 320.3 327.3 328.5 328 326.3 322.7 317.8 314 308.5 302.9 301.8 301.9 300 308.8 323.8 335.2 342.6 348.3 351.4 353.4 353.6 352.3 348.3 344.1 339.5 331.8 322.9 315.5 307.4 297 287.8 276.5
231.6 234.4 236.7 238.9 241.7 244.5 245.6 245.3 244.8 242.2 239.3 233.5 218.2 220.5 234.5 243.6 251.2 256.4 261.5 265.4 266.7 266.5 264.2 261.7 259.4 263.2 274.2 284 290 289.3 285.2 280.5 276.3 274.8 274.8 274.1 273.6 272.6 270.8 266.3 259.8 263.9 276.6 288.8 299.7 311.4 317.7 322.5 324.3 321.6 318.4 315.1 307.9 303.4 298.6 293.2 291.6 290.7 298.5 311 323.8 333.2 340.5 345.3 348.3 349.3 348.4 345.3 342.3 339.2 334.3 327.3 319.6 307.9 304 295.6 286.6 275.3
229.3 231.2 233.2 235.4 238 240.5 241.2 241.5 240.9 239.1 235.7 229.9 216.9 218.2 232.2 241.1 247.7 253 257.9 260.9 261 261.8 260.3 257.2 252.6 264.8 275.3 283.8 287.5 285.5 281.8 277.1 273.3 270.3 269.5 268.2 268 267.1 264.5 260.4 248.5 263.7 276 287.6 299.8 310.3 316.7 321.1 319.7 315.2 313 307 299.5 296 290.5 285 280.4 287.7 299.8 310.6 321.1 330.1 337.3 339.7 341.5 340.9 339.4 336.5 334.6 333 328.4 322.7 316.4 309.2 300.4 290 278.7 271.3
224.3 228.2 231.1 232.2 234 235.3 236.1 237.4 236.9 235.3 231.6 226 214.1 215.3 230.7 238.1 244.4 249.7 253.4 255.6 257 257.9 256.6 254.8 253.1 266.3 275.5 282.8 285.2 284 280.2 275.8 271.6 266.8 264 262.9 261.6 260.1 257.4 251.6 247.4 263.9 276.3 287.9 300 310 315.8 319 312.9 309.8 307.9 299.8 292.5 287.4 281.9 274.3 277.7 287.1 298.3 309 319.3 328.3 333.2 335.1 335.8 333 329.7 328.2 327.1 325.8 322.4 318.5 312.5 305 291.6 274.2 272.1 270.6
220.7 224.8 228.1 229.9 230.1 230.9 231.6 233 233.3 231.8 228.4 223.3 214 209.7 228.6 235.9 242.9 246.5 248.6 250.7 252.4 252.9 251.7 250.9 255.3 268 276.7 282.6 284.8 284 280 275.3 270.7 264.2 258.8 257.2 255.1 252.8 250 247.5 252.6 265.4 277.6 289.8 300.6 311.1 313.5 311.8 309.7 308.2 302.9 295 288.2 281.6 275.5 265.4 274.9 285.5 296.9 307.5 317.2 326.2 329.6 330.4 328.3 325.8 324.2 317.8 320.6 318.5 316.5 312.6 307.8 299.4 280.1 280.6 277.8 270.7
215.9 219.6 222.5 225.2 226.2 226.6 227.3 229.2 229.7 228.7 226.1 219.8 212.5 216 227.4 234.3 240.4 242.9 244.3 245.6 247.3 246.9 246 239.6 259.9 271.9 279.5 285.3 286.7 285.9 282.4 277.1 270.2 262.5 256.8 251.9 248.4 245.2 243.3 241.7 254.3 267.2 280.1 292.4 300.1 307.7 307.6 308.4 308.8 303.1 296.6 290.3 285 278.2 267.4 258.2 271.7 283.7 296.1 306.7 317.9 322.5 326.2 326.1 325 322.2 313.1 307.9 313.9 313.4 310.9 307.5 301.3 297.3 291.8 283.6 276.9 269.3
207.1 212 215.4 218.8 220.9 222.4 223 224.9 225.6 224.7 221.7 216.5 204.7 216.2 225.7 232 236.8 238.7 239.5 241 243 243 241.6 249.2 265.7 275.9 283.6 289.4 290.8 288.4 283.5 277 269.9 263.1 256.5 249.9 242.5 238.7 234.1 245.9 258.5 270.6 282.2 291.8 296.5 300.2 301.5 295.8 298 298.2 292.7 288 282.6 276.4 268.5 254.8 269.1 283 296.1 308.4 317.2 320.6 322.1 323.7 320.6 314.4 312.5 306.2 307.1 306.4 304.5 301 297.9 295 288.1 279.2 271.4 266.1
213 205.5 209.1 211.2 214.5 216.5 217 218.7 219 218.5 216.1 212.7 203.4 215.7 224.2 229.2 233 234.2 233.8 234.4 234.4 231.3 241.5 258 271.8 281.3 288.4 293.6 294.2 289.6 283.6 276.7 269.5 262 255.5 248.7 242.2 232.6 236.7 247.9 260.1 271.4 282.4 288.1 290.4 292.9 295.5 295.6 296.9 293.1 289.6 285.3 280.2 273.8 262.6 248.6 267.9 283.1 297.1 312.2 316.6 319 318.3 316.8 315.1 311.9 308.1 303 300 299.4 299.3 297 294.7 290.9 282.9 273.7 266.6 260.6
220.5 214 204.6 201.2 205 207.6 208.4 210.3 211.8 210.7 210.5 208.7 199.6 210.7 220.3 225 227.6 228.1 227.8 224.8 231.2 245.9 257.7 266.9 278 287.2 294.3 297 296.5 291.4 284.1 277.7 269.3 261.3 254.6 247.9 241.3 229.7 233.9 246.7 258.4 270.2 278.3 281.5 283.5 284.5 286.4 288 288.6 287.7 285.9 281.9 276.5 268.5 252.5 249.3 269.2 284.4 298.9 310.7 314.4 315.7 314.6 313.3 311.2 307.2 302.8 297.9 291.4 292.1 292.5 290.4 289.1 285.1 277.4 270.3 263.4 256.1
230.5 224.2 212.9 206.5 196.5 196.6 198.9 201.6 204.2 204.8 204.5 203.2 199.4 212.2 217.5 219.9 222 221.4 219.3 230.9 244.5 254.7 264.6 274.4 283.7 290.9 295.9 299.9 298.6 295 288.4 279.6 271.6 262 255.2 247.7 239.3 231.1 226.7 242.8 254.8 267 273.8 276.1 276.1 276.1 277.7 279.4 281.2 281.6 279.9 276.5 270.4 261 240.9 252.5 271 285.7 300.3 308 311.4 313.1 311.2 310.4 306.6 302.7 297.6 292.1 285.5 281.2 282.1 283.1 281.3 278.4 273.5 267.1 260 252.4
238.6 233.9 227.3 220.7 212.1 200.6 193.9 196.6 197.6 198.5 199.2 193.7 202.7 210.9 215.5 215.8 213.1 215.7 227.8 241.3 250.7 259.4 269.3 278.3 284.7 291.4 296 298.3 296.2 293.6 289.1 282.2 273.8 266.8 258.2 249.8 240.8 230.8 221.7 237.8 250.1 261.2 266.7 269.8 268.5 267.7 267.9 269.5 270.3 273 273.1 271 265 246.9 234.9 255.4 272.7 287.3 301.9 305.6 308.1 308.5 307.6 305 301.7 297.9 292.9 287.9 280.8 275 273.4 274 273.6 271.3 268.6 263.4 257.2 249.9
244.9 241.4 236.6 230.9 223.3 214.1 200 192.7 192.9 193.8 192.3 191.2 200 206.7 208.7 206.2 209.3 222.6 235 244.3 252 261.2 269.3 277.2 284.3 290.4 292.2 292.8 291.3 288.3 285.8 281.7 276.4 270.7 263.9 255.2 243.7 234.7 219.7 232.9 243.3 253 260.5 263.3 262.1 258.7 258.2 258 259 262.6 264.5 260 246.9 231.4 237.9 258.8 274.7 289.4 300.4 304.1 305.3 305.1 303.5 299.9 296.3 293.2 290 284.4 277.4 270.8 266.1 266.3 266.4 265.2 263.8 258.7 253 246.7
247.7 244.2 240.7 235.6 228.2 220.2 210.2 195.7 190.5 192.3 192.7 190 196.9 202.8 202.3 200 210.4 225.2 235.4 243.8 251 258.4 266.7 274.7 282 285.5 284.4 283.9 281.2 279.9 279.7 279.9 278.8 275.6 270 260.9 249.7 237.9 225.2 224.1 234.7 243.9 250.5 255.1 254.6 250.8 240.2 239.4 241.2 244.7 248.2 243.3 232.8 224.9 245.8 263.1 278.9 292.5 299.5 302.9 303.5 302.1 299.5 295.3 291.1 289 286.4 281.9 275 268.1 261.1 261.4 261.2 260.7 258.4 254 248.6 242.6
244.5 243.9 242 236.2 230.6 224.8 217.9 208.8 197.1 188.3 186.6 185.5 192 195.2 197.1 199.1 211.3 222.9 232.2 238.4 244 252.4 261.6 269.6 275.2 277 275.9 274.1 272.8 273 275 277.1 279.7 279.1 274.7 266 254.7 243.2 230.7 215 226.4 234.6 241.5 246.3 244 234.9 224.2 220.9 219.8 221.8 225.8 225.6 219.5 228.7 249.2 266.3 281.7 295.4 300.1 302.1 301.3 299.2 295.4 291.8 287.7 284.7 281.3 277.2 271.7 265.1 258.4 254.5 257.3 256.3 253.7 249.3 244.8 239.2
241.5 240.7 238.2 234.6 231.1 226.4 222.6 216.3 205.6 194.9 186.2 183.8 185.4 189.1 193.2 200 209.3 219.1 226 230.7 236.6 244.3 255.2 263.4 266.6 266.9 266.4 265.5 263.6 265.7 268.8 273.5 277.1 279.3 277 269.1 258.3 246.3 236 224.5 211.6 224.7 231.9 233.6 225.1 212.5 208.1 205.6 204.6 209.2 211.8 213.8 220.3 233.4 252 270 285.4 295.3 300.6 302.5 299.4 295.3 292 287.1 283.1 279.6 275.9 271.9 266.6 261.2 254.9 250 251.3 251.9 249.8 245.8 241.9 236.4
236 235.3 234.3 233 230 227.8 224.7 219.6 210.5 200.8 190.6 182.8 178.8 181.9 187.8 197.5 203 210.8 217.2 221.5 228.4 236.1 244.7 253.5 255.3 257.3 256.5 255.7 254.9 257.9 261.8 267 272.8 276.4 277.3 271.7 262.6 250.4 240 230.3 217.8 210 218.8 216.9 205.4 195.6 198.5 208.3 216.4 219.6 219.2 222.2 233.6 249.1 264 279.6 289.5 296.7 300.9 301.4 298.5 293.5 288.3 282.3 277.8 273.4 269.5 266.5 261.8 256.5 251.1 244.5 246.4 247.8 246.1 242.9 239 233.5
228.9 229.1 229.2 228.5 226.4 225.3 223.1 220.2 213.9 204.5 192.9 182.9 184.1 178.9 178.1 184.6 192.9 200.2 205.5 211.8 217.9 226.3 236.7 243.5 248.2 248.8 248.2 247.5 246.5 249.5 254.6 260.7 267.3 272.1 275.3 272.6 265.5 255.6 246 237.2 228.2 205 198 198 191 204.2 215.9 226.7 234.6 238 245.2 251.1 259.3 268.3 281.6 288.3 295.3 299.7 302 302.1 299.1 294.7 288.4 282.7 273.7 268.9 263.9 260.5 256.8 252.7 247.5 241.9 241 242.4 242.3 239.8 236.5 231.1
219.4 218.8 220.2 221.5 221.9 219.6 218.3 217.5 212 206 197.7 185.1 184.1 179.1 176 175.1 180.7 186.9 192.7 201 208.6 218.2 229.4 235.7 239.3 241.6 241.3 240.2 237.4 240.4 247.4 254.1 260.5 266.4 269.9 270.1 265.3 256.5 246.7 238.9 230.8 221.4 199.1 189.7 198.6 215.9 231.1 243.7 250.6 254.2 260.8 266.1 274.3 281.2 287.7 294 299.1 302.1 303.5 302.8 300 295.2 289.5 282.4 274.8 267.1 260.2 255 251.6 248.1 243.8 238.6 235.1 238 237.9 236.4 232.7 228.3
203.7 205 205.7 207.5 210.8 211.8 210.8 209.6 205.6 201 197.9 184.9 178.2 176.7 175.1 173.9 173.4 174 179 186.4 196.8 209.1 220.5 227 230.9 233.2 234.6 233.7 231.8 233.2 238.5 245.7 253 258.8 262.3 263.7 258.8 250.8 242.8 235.6 229.1 215.9 195.8 186 204.9 226.4 243.5 254.4 262.1 266.9 271.3 275.5 281.1 287.4 293.9 299.3 302.4 304.1 304.2 302.7 300.3 295.4 290.1 282.1 275.5 267.6 259.4 252.9 247.5 242.9 239.7 233.8 227.7 232.5 232.6 230.7 228.5 224.8
192.5 190.6 189.1 191 190.2 192 192.1 193.5 190.4 185.5 180.1 180.4 184 183.1 180.9 176.8 175 172.4 170.9 172 181.6 196.8 210 219.4 222.4 224.6 226.4 227.3 225.3 226.1 228.9 235.1 242.3 250.2 253.2 253.4 249.8 243.5 236.5 230.8 223.8 205.2 184.5 188 213.8 234.6 251.4 261.3 271.1 275.3 277.7 281.9 287.6 293.3 299.2 303.5 304.9 305.2 304.2 302.1 298.9 295.1 288.8 281.6 275.9 267.9 259.5 252.2 246.2 239.6 232.9 229 220.8 225.6 226.4 226.1 224.1 221
206.8 206.4 204 201.1 198.8 196.3 193.1 190.2 184.1 188.1 199.4 205.2 207.7 207.6 203.5 196.9 188.4 181.8 178.6 176 169.3 181.8 196.9 206.8 211.8 216 218.7 219.7 219.4 217.9 219.1 224.4 229.3 234.8 239.5 241.8 240.1 235.5 230.1 226 218.7 197.1 181.4 196.4 220.6 239.8 256 265.6 273.2 277.3 280.8 286.6 292.6 298.4 302.3 304.8 305.3 304.8 303.1 300.8 297.2 292.9 286.6 280.7 274.1 267.6 260.2 252.4 245.8 238.9 231.6 224.3 216.1 217.3 218.9 219.6 219.2 217.3
223.5 223.3 222.1 220.8 218.9 216.1 211.7 205.2 197.3 205.6 214.4 220.4 222.3 222.5 220 215.3 203.6 195.6 190.1 184.8 177.8 167.2 182.4 192.3 199.2 204.1 209.1 211.5 211.5 210.9 208.1 212.2 217.3 222.1 226.2 229.8 230.9 228.5 225 222.5 213.8 191.1 179.5 199.8 222.3 241.8 254.3 263.7 269.7 274.5 281.2 287.8 295 298.9 302.3 304.2 303 302.3 300.7 296.9 293.5 289.6 283 277.3 272.6 266.2 258.6 251.7 244.9 238 230.8 223.6 217.3 211.5 212.9 214.1 214.1 212.2
232.8 233.3 233.4 231.3 228.4 223.7 217.7 207.8 207.4 217.3 224.6 229.2 231.3 231.7 229.5 224.1 215.3 207.3 198.8 192.5 186.3 178.1 168 181 187.3 191.2 196.7 201.9 202.4 200 194.9 198.9 204.1 212 215.4 221.6 223.9 222.9 223.3 218 208 188.2 179.5 199 219.5 236.7 247.8 255.5 262.7 269.3 279.3 287 294 298 300.1 299.8 299.5 297.6 294.7 291.3 287.7 283.5 278.2 274.5 270 264.1 256.9 249.8 243.3 236.3 229.8 223.5 217.7 212.2 204.6 209 209 208
241.7 243 241.6 238.8 234.2 227.6 220.1 208.3 221 228.3 233.5 236.7 238.2 238.4 235.2 231.6 224.3 216 206.9 199 193.7 186.9 173.9 167 173.8 177.4 183.7 187.2 186.8 184.8 181.3 182.9 187.9 194.5 202 206.3 214.5 219.3 219.6 214.1 206.3 189.6 176 187.3 211.7 225.6 237.4 245.1 255.1 265.3 275.3 283.6 290.6 295.5 295.2 293.7 292.6 291.1 288.6 284.1 279.8 277 273.8 270.1 266.6 260.3 253.4 247.1 240.8 234 228.1 222.5 217.2 212.1 206.5 200.9 203.9 203.2
250 249.8 247.5 243.8 238.1 229.6 221.1 217.7 231 237.4 241.9 243.2 244 242.8 240.1 236.7 232.7 225.4 217.1 209.7 202.2 196.6 187.6 180.3 173.6 163.8 169.1 174.1 174.8 173.3 170 168.6 168.9 176.8 184.1 192.3 202.4 212.4 217.5 213.6 206.7 194.4 179.9 181 198.4 213 225.1 231.9 247.9 260.7 271 279.4 285.5 288.8 288.8 287.2 285.8 284.5 280.4 275.6 272.7 270.9 268.2 265 260.8 254.6 248.8 243.6 237.8 232.3 226.8 221.9 217 212 206.6 201.3 196.8 198.6
257.8 257.1 252.7 247.9 240.7 231.4 219.8 228.4 239.4 246 250.2 250.9 250.5 248.4 245.1 240.5 237.3 234.2 229.8 223.4 216.9 209.3 200.6 191.1 185.6 179.4 163.1 163.3 162.2 161.7 161.3 160.6 159.4 161.6 168.9 179.7 191.8 203.9 212.2 212.2 208.7 200.5 187.7 172.7 183.4 202.1 216 227.1 239.9 254.8 266.7 275.6 279.4 282.4 281.8 280.2 278 275.7 271.8 269 267.3 265.3 262.5 258.9 254.6 249.2 243.7 239 234.4 230.1 225.7 221.4 216.8 212.1 207.1 201.8 196.5 193.8
265.4 263.1 256.8 250.6 243.4 232.3 224.4 239.3 248.4 255.6 259.1 260.1 259 256.4 253 249.2 244.8 245.3 243.1 239.8 232.5 222.4 213.6 203.5 200.4 197 191.8 186.3 182.2 183.2 183.9 182.9 174.2 159.3 158 171.1 183.9 197.5 206.1 211 210.2 203.2 193 175.4 173.8 189.6 207.4 222.8 236.4 249.7 261.9 269 272.6 274.7 273.9 271.3 268.7 266.7 264.4 262.8 260.7 258.1 255.1 251.9 248.1 243.5 240.2 236.2 232.1 227.9 224.1 220.4 216.7 212.2 207.2 202.1 197.2 193.1
269.8 266 259.6 251.4 243.2 231.2 233.6 247.3 256 261.9 264.9 266.7 266.3 264.8 262.1 259.4 258.3 258.4 258.6 257.4 251.8 239.7 227.6 220.8 217.6 215.6 212.3 210.7 211.4 212.7 207.9 199.5 184.4 168.3 158.4 157.7 173.3 189.1 201.6 206.8 211.4 205.4 195.7 181.2 169 182.8 200.6 218.6 233.4 247.2 257.8 262.4 267.1 266.8 264.7 262 259.7 256.9 255.2 253.6 251.7 250.3 247.6 244.9 242.4 239.9 236.8 233.3 229.5 225.9 222.2 218.9 215.1 211.4 207.6 202.6 197.8 193.8
270.9 266.6 259 251.1 244.1 228.6 241.7 253.5 262.8 267.6 270.3 272.7 273.1 271.8 270.8 269.9 270.2 271.2 271.6 270.2 265.5 260.3 249 239.2 235.3 234.7 233.9 234.3 236.1 234.1 222.9 207.6 192.8 177.5 163.4 157.5 162 179.1 194.9 203.5 210.6 207.1 196.5 188.6 168.4 173 193 214.2 226.5 240.7 250.2 256.7 259.1 259.2 257.3 253.5 250.3 247.7 245.6 243.5 242.9 241.9 240.4 238.3 236.6 234.6 232.3 229.6 225.8 222.8 219.6 216.2 212.7 209.7 205.6 200.7 197.4 193.7
270.4 265.4 258.3 249.7 243.1 234 247.8 259.4 268.5 274 276.7 278.7 279.3 279.7 280.8 280.7 281.2 282.5 282.7 280.2 276.4 272.7 268.7 264 259.2 255.8 252.4 248.3 244.6 237.3 226.6 213.9 200.2 185.1 172 158 156.8 166.3 184.5 201.1 208.4 208.4 200.6 191 173.7 166.7 182.8 201.1 218.9 231.9 241.4 247.7 251.5 252 249.1 245.7 242.8 239.3 235.9 234.6 234.9 234.8 234.3 232.8 231.3 229.3 227.1 224.6 221.3 219.4 216.9 213.7 210.2 207 203.1 199.4 195.7 192.6
269.1 264.3 257.7 251.3 239.7 243.6 255.4 265.5 273.3 278.9 281.8 283.8 285.2 285.9 287.8 289.2 290.3 291.8 293.1 291.5 288.8 284.6 280.7 275 270.8 265.4 259.8 253 245.2 239 230.9 218.7 206.8 192.4 176.9 164.7 157 160.2 178.2 197.6 205.7 207.8 203.1 191.6 179 164.6 172.9 193.4 208.8 222.6 232.4 238 242.2 242.9 240.6 238.6 235.1 231.5 228.4 228.8 229.8 229.4 229 227.8 226 224 221.9 219.4 217.1 215.4 214.1 211.4 208.1 205.1 202.3 198.3 195.2 192.2
269 263.3 258 253.6 245.4 252.7 261.9 270.8 277.1 280.9 284.4 287.7 288.9 291.6 293.4 295.1 296.4 298 299 298.6 296.6 291.2 286.3 282.2 277.1 271 263 254.3 248.4 240 232.2 222.2 211.1 199.3 187.4 171.5 156.3 156.6 171.8 192.2 202.2 205.6 202.6 191 180.3 162.1 167 187.4 202.1 213.8 222.8 227.4 231.5 231.5 231.7 230 227.2 224 223.3 223.9 224.7 224.1 223.6 221.8 220 217.9 215.9 215.4 213.8 211.5 210.6 208.2 206.1 204 200.7 198.5 196.3 193.5
269 264.7 261.4 256.6 251.2 259.5 267.6 274.6 279.5 283 286.6 290.1 292.1 294.6 296.6 299.3 300.1 301.8 303 302.6 299.3 295.5 289.7 283.5 278.5 272 264.7 256.5 248.7 239.6 231.5 223.1 213.7 203.3 192.6 177.2 165 154.7 164.4 189 199.8 200.8 197.9 189.1 178 160.2 164.2 184.3 195.4 207.1 213.3 218.1 222.2 223.3 223.3 221.7 219.9 218.1 219 219 219.6 219 217.9 215.9 214.4 213.5 212.1 211.8 210.2 207.2 205 205.8 204.2 204 203.6 202.6 200.7 197.8
270.8 267 262.2 262.3 260.9 265.2 271.9 278.1 281 284.3 287.6 290.1 291.3 292.9 295.9 297.5 299 300.1 300 299.2 296.6 292.7 288 282.3 276.2 269.4 264 257.1 246.5 238.1 230.4 222.6 214.2 205.1 194.8 181 169.4 154.7 160.1 186.9 195.2 195.5 191.5 183.7 176.5 160.2 166.7 183.7 192.8 200.1 205.7 210.4 213.4 215.1 214.9 213.6 212.6 212.7 214.6 214.5 214.9 214.3 212.6 210.4 209.7 209.2 207.9 206.2 203.6 203.3 203.7 205.5 206 207 206.4 205.4 203.9 201.7
273.9 270 266.1 265.9 268.1 271.2 275.6 280 283.1 286.1 286.9 287 287.5 288.3 288.6 289.5 290.6 292.1 292.4 291.8 291.3 288.2 284.8 277.9 272.1 266.1 261.2 254.2 243.6 234.9 228.9 223 214 207.7 199.1 185 170.7 156.5 158.1 180.7 190.3 192.5 189 180.2 171.1 158 172.1 182.1 189.4 194 197.9 202.1 205.6 207.9 208 206.8 206.2 207.2 209.1 210.8 210.5 209.2 207.2 205.4 204.6 203.9 201.5 200.1 200.3 201.7 204.4 206.3 207.4 207.4 207 206.3 205.3 203.5
