app/static/ascii/NO79.asc
ncols 200
nrows 200
xllcorner 370000
yllcorner 790000
cellsize 50
[rows 144 to 179 of 200, columns 82 to 163 of 200]
165.9 162.2 156.6 150.5 145.3 138 128 127.7 127.2 122.1 121.8 121.9 121.6 122.1 120.3 117.4 111.7 103.4 101.6 115.8 114.3 114.6 114.8 115.2 115.3 115.1 115.2 115.2 115.4 118.5 121.7 121.8 123.3 124.6 126.9 130.9 133.7 136 139.1 140.3 140.5 140.3 139 137.2 135.4 133.2 131.5 130.2 128.8 126.7 126.7 124.1 120.3 122.8 125.2 127.3 129.7 133.6 140.7 152.3 165.1 176.7 188.1 200.7 213.4 224.5 236.1 247.8 259.2 270.6 280 288.6 297 305.3 311 313.8 313.9 313.5 311.6 309.5 304.8 300.1
168.5 163.9 158.1 152.3 147.4 142.1 136.3 130.9 131.6 128.8 124.9 122.4 121.7 122 120.3 115.6 110.3 101.3 107 115 114.6 114.8 115 115.1 115.3 115.3 115.4 116.5 119.2 121.3 122 123.3 123.1 125.7 129.1 133.2 136.6 139.3 141.3 142.5 143.3 142.9 141.6 141.4 138.4 136.4 134.6 133.1 131.9 130.4 129.1 127.6 125.7 127 128.5 131 132.7 136.7 145.8 156.6 167.5 178.9 190.4 201.6 213.4 225.3 236.9 248.4 259.4 270.2 279.2 287.2 295.1 302.5 307.9 310.8 311.4 310.4 308.5 306.2 301.5 295.1
168.4 163.6 158 152.9 147.9 143.4 138.7 135.3 132.1 129 126.1 124.1 121.7 120.7 119.4 114.8 105.9 101.4 112.1 116.3 114.8 114.9 114.9 115 115.8 116.4 116.1 118.4 120.2 121.4 122.3 122.8 126.4 128.6 131.5 135.5 138.4 141.2 143.2 144.5 145.1 145.3 143.9 141.6 140.6 138.8 137.2 136 135 132.9 131.8 130.8 127.3 130.4 132.8 134.8 137.1 142.4 150.9 159.8 169.9 181.1 192.6 204.1 215.3 226.4 237.9 248.5 259.3 269.5 278.2 285.7 293.1 299 302.4 305 305.2 304 301.8 299.8 294.2 286.8
165 161.1 155.9 151.7 147.4 143 138.7 134.4 131.5 128.9 126.4 124.6 123.2 121.6 117.3 111 104.6 101.4 102.5 110.4 115 114.6 119.5 116 116.7 117 118.2 120 121.9 122.8 124.2 126 129.4 131.7 133.9 136.5 140 142.7 144.4 146 146.7 146.8 145.9 142.3 141.6 140.7 139.2 138 136.7 135.1 133.2 131.8 129.8 133.6 135.7 138.3 141.1 147.5 156.5 165.3 174.3 184.2 194.8 206.1 217.4 228.5 239.5 249.3 259.1 268.8 277.2 284.2 291.4 293.3 296.1 298 297.6 296.1 293.5 289.9 284.7 277
162.6 159.4 154.9 149.9 145.7 141.3 136.8 133.4 130.2 128.7 126.3 124.1 123.7 123.9 114.5 106.2 105.2 104.6 102.4 103.2 107.4 115.4 115.5 116.3 117.3 118.3 120 121.9 123.8 125.3 128.2 128.8 130.6 132.8 135.5 137.9 141 143.9 145.7 147.1 147.2 148.1 149.1 148.8 146.8 145.6 143.8 141.1 138.7 137 135.5 134.4 132.1 136.2 138.4 141.7 144.9 151.6 160.1 170.3 180.2 189.8 199.8 209.8 220.5 230.9 241.7 251 259.2 267.9 275.5 281.7 287.3 288.3 289.7 290.9 290.3 288.6 285.3 281 273.3 268.4
159.6 156.3 151.9 147.2 143.5 139.5 135.4 130.9 130.5 126.9 124.3 121.2 122.1 119.5 108 105.9 106.7 105.5 104.8 102.8 107.3 114.9 119.6 117.8 119.4 120.4 122.4 124.2 125.3 126.5 127.7 129.2 131.2 133.4 136.1 138.5 142.6 145 146.9 146.9 149.4 150.7 151 150.5 149.7 148.4 147.1 143.9 141.9 140.2 138.8 135.2 135.1 138.8 141.7 144.3 148.9 156.4 165.2 176.2 185.7 195.5 205.1 214.7 224.3 234.4 243.9 251.7 259.2 266.8 273.2 278.9 283.7 284.7 284.8 284.8 284 283.2 282.3 278.1 274.4 272
156.3 152.4 148.4 145.2 141.5 137.7 134 132.8 134.7 128.9 130.2 126.1 118.5 110.3 108 108.1 108.2 106.1 103.8 104.5 108 121.2 120.7 122 121.3 123.4 125.2 126.7 127.7 127.7 128.7 129.6 130.1 132.7 135.5 139 143.1 146.1 147 148.8 151.1 152.4 152.4 152.2 151.3 150.4 148.6 146.2 144 142.6 141.6 139 137.7 141.3 144.1 147.6 152.7 161.5 171.5 181.2 190.4 200.3 210.8 220 228.5 237.3 245.1 249.7 257.2 263.9 269.4 274.4 279.9 280.8 280.8 280.9 280.3 280.3 280.6 281.5 281.3 281
152.9 149.4 145.4 142.8 140.6 136.6 133.3 136.6 138.3 134.3 128.6 121.3 116.9 110.4 107.5 107.2 107.8 105.1 103.6 106.6 109.9 122.2 122.3 123.6 124 125.6 127.1 127.9 129.1 129.8 130.5 131.4 132 132.5 134.3 137.4 141.9 145.1 147.1 151.2 153 153.9 153.9 153.9 152.6 151.7 150.1 147.9 145.7 144.5 140.7 142 140.4 144.3 147.1 150.8 155.5 164.2 175.4 186.2 194.7 206 218.1 227 234.4 240.7 246.3 250.3 255.4 259.3 264.8 269.6 274.7 275.9 276.6 277.1 276.8 276.8 278.9 282.7 287.3 287.9
150.8 146.4 144.3 141.4 138.9 136.5 133.9 134.3 135.1 135.8 131 124.3 123.9 113.2 108 107.8 108.3 105.8 104.5 108.4 113.5 121.1 123.9 125.6 127.6 128.3 129.1 130.3 130.6 131.7 132.5 133.2 134.1 135.3 136.6 139.1 144 147.8 151 153.6 155.1 155.9 155.9 155.6 154.2 152.7 151 149.1 147.1 145.8 144.5 144.2 143.3 145.8 149 152.5 158.9 167.1 177.9 188.6 198.7 211.1 221.6 229.7 235.1 241.4 245.9 249 253 256.3 260.7 265.8 269.5 272.4 272.4 274.9 274.9 278.7 286.2 290.7 292.6 293.9
146.7 144.5 142.6 140.9 140.5 138.8 133.9 137 140.7 132.5 137 125.7 122.3 118 111.8 111 109.8 105.7 105.1 112.4 118.1 123.1 125.9 129 129.9 131.6 132.6 133.3 133.3 133.7 134.7 136.3 138 139.9 141.1 143.6 147 150.1 153.4 155.9 157.3 158.1 158 156.6 154.9 153.4 151.7 150 148.2 146.4 146.3 146.5 146.7 146.4 150.5 154.2 161.5 169.1 178.6 190.8 203.5 214 223.8 231.8 235.7 241.2 245.2 248 250.9 253.7 257.4 263.5 267.6 268.8 270.8 275.2 281.7 288.8 293.4 296.2 298.3 300.6
144.5 141.9 140.1 138.4 136.6 135 132.9 131.2 138.7 137.9 131.7 123.5 124.9 120 117 115 112 106.6 108.8 121.9 122.1 125.7 128.9 131.4 133.7 135 136 137.2 137.3 137.4 138.9 140.4 142 143.5 144.9 146.2 148.5 151.7 155.5 158.4 159.4 159.9 159.1 157.6 155.9 154.1 152.4 150.3 148.6 147.8 147.9 148.8 149.2 150.7 151.9 156 163.2 171.3 178.1 190.5 202.6 213.8 223.6 229.6 236.3 240.9 244 246.8 249 251.6 254.3 259.1 262.5 268.6 277 282.4 289.2 296.5 300.9 304 306.7 309.4
146.7 144.8 141.6 137.3 135.4 134.3 132.8 130.5 134.4 134 127.7 125 125.2 121.6 117.9 118.4 110.3 105.9 116.8 121.7 125.4 130.7 134.3 136.3 138.4 139.9 140.7 141.6 141.5 142.2 143.2 145 146.6 147.4 148.2 149 150.4 152.9 156.8 160.9 161.5 160.7 159.5 157.7 156 154.3 152.3 150.3 149.9 150.3 150.7 151.9 152.5 152.6 154.1 157.2 163.2 171.4 179.4 187.9 198.5 210.1 220.6 227.4 235.2 238.6 242.7 245.5 247.3 248.2 250.6 258.2 268.5 277.9 284.8 290.1 297.1 304.9 311.3 315.8 318.4 319.9
145.4 143.5 140.9 138.5 135.5 133.6 132.1 130 128.4 127.3 126.7 125.5 125.4 122.3 117.7 108.6 106.7 111.8 120.4 124.6 131.7 136.5 139.8 141.5 143.5 145 145.3 145.5 145.7 146 146.7 148 149.2 149.7 150.6 151.6 152.6 153.7 156.6 160.6 161.2 160.5 159.4 157.7 155.8 153.8 152 151.4 151.9 152.7 153.7 155 156.3 157 157.8 158.7 162.6 169.7 178.7 187.6 195.2 203.9 213.6 222 230.3 233.6 238.9 243.2 243.8 244.4 253.1 266.2 276.7 284.7 289.5 298 306.5 314.5 321.9 326.4 330.2 333.4
149.6 145 140.9 137.9 136.2 134.5 130.1 129.8 127.7 126.3 124.5 124 122.2 118.3 109.7 107.6 111.1 120.3 122.5 131.3 137.2 141.9 145.4 147.2 148.7 148.9 149.1 149.2 149.3 149.2 150.1 151.3 152.1 152.4 152.7 153.7 154.3 155.5 157 158.6 160 160.2 159.3 157.4 155.5 154 153.5 153.1 154.2 155.9 157 158.1 160 162.4 163.8 165.2 166.3 170 175 184.5 193.6 199.8 207.2 214.5 221.9 228.1 233.6 237.1 241.5 250.1 261.1 271.4 281.3 289.6 293.4 305.5 315.3 323.6 331.5 336 341 345.2
153.3 150.3 146.7 144.2 141.5 138.8 134.5 129.7 129.1 127.6 127.3 128.6 121.2 109.4 108.1 113.6 121.5 122.6 127.4 137.1 143.2 147 151 153.1 153.5 153 152.4 152.4 152.3 152.1 152.4 153.3 154.5 154.9 155.1 155.6 156.2 157.3 158.3 159.5 160.2 160.4 159.3 157.6 156.3 155.6 155.4 156.1 157.3 158.4 159.8 163.3 166.4 168.6 170.1 172.7 175.3 178.7 178.9 182.9 190.4 197.7 202.9 210.5 217.2 223.7 229.7 235.1 245.6 257.1 266.4 274.9 284.6 291.5 300.4 312.1 321.8 330.5 339 345.4 350.7 353.7
154.1 151.7 149.7 146.7 143.6 141 137.6 134 131.5 130.1 129.1 126.5 116.3 107.9 110.4 121.7 124.7 123.4 133.7 142 147.8 152.1 155.7 157 157.2 156.6 156 155.4 154.8 154.5 153.6 155.8 156.5 157.1 157.7 158.4 159 160.5 161.8 162.8 162.6 162.8 161.4 160.3 158.8 157.7 158.7 159.9 160.9 163.2 166.6 170.6 174.6 177.8 180.6 183.2 184.1 184.7 185.5 186 190.1 196 202.2 207.6 214.6 221.5 228.2 237.8 249.7 261.2 269.3 276.6 285.6 291.9 305.6 315.5 325.3 334.1 343 354.3 360 361.4
153.4 150.9 149.3 146.9 144.4 141.2 138.4 135.4 132.8 131.1 128.5 121.8 113.6 108.3 114.2 125.2 123.6 128.9 139.5 145.7 151.6 156.1 157.9 158.5 159.5 159.2 158.1 157.3 157 156.9 156.8 158.1 158.7 159.4 160.5 161.4 163.7 165.6 166.5 166.8 165.6 164.9 163.6 163 160.8 160.2 161.4 162.6 164.4 169.8 173.5 177.7 182.8 186 188.2 189.3 190.5 191.3 191 190.3 190 195.3 201.9 208.9 215.2 221.8 230.7 240.9 252.7 264 272 277.8 284.4 289.2 305.5 316.7 327.8 337.6 347.6 363.6 369.4 368.1
151.2 149.4 147.9 146.1 143.8 140.7 137.8 134.7 131.7 128.4 122.8 118.4 114.1 108.6 116.9 125.3 125.3 133.6 143.9 148.8 152 155.7 157.6 159.1 160 161.3 160.8 160.5 159.4 159.8 160.4 160.8 161.3 162 164.5 167 169.9 170.7 170.8 170.4 168.9 167.9 166.8 165.2 163.1 163.5 164.1 165.6 167.8 173.2 177.9 182.6 186 188.3 190.6 193.5 195.3 196.8 196.6 194.9 193.8 195.6 202.7 208.4 216.1 224.2 233.4 243.4 254.6 263.7 272.8 279.5 283.5 292.4 305.3 316.9 329.1 339.5 352.5 364.2 369.6 373.2
148.4 146.9 145.4 143.6 141.3 139 136 132.3 127.4 121.6 117.4 116.2 113.6 108.8 120.5 125.5 127.9 136.4 143.4 148.5 152.2 155.7 157.5 160.4 161.7 162.7 163.4 163.9 163.7 163.6 164.6 164.7 166.3 168.4 170.3 172.8 174.7 175.1 174.6 173.4 171.7 170.5 168.8 167.2 166.1 165.9 166.5 167.7 169.7 174.9 180.3 184 188.4 192.8 195.2 198.3 200.6 202.1 202 200.5 198.6 198.4 202.9 210.5 220.4 227.4 234.7 244.6 254.6 263.7 272.7 280.1 284.2 293 304.9 315.6 327.2 339.3 353.6 361.9 364.7 367.3
145.3 143.6 141.4 139.4 136.4 133.5 131 125.1 119.9 115.8 111.7 110 109.5 109.4 121.3 126.3 131.7 140.2 145.6 149.5 152.8 156.7 159.3 161.3 162.9 164.6 165.8 166.6 167.3 168 169.7 171 173.2 175 176.6 178 178.6 178.1 177.7 175.8 173.7 172.4 170.5 169.5 168.6 168.2 168.2 169.2 171.6 179.1 185 189.4 195.5 202.8 206.7 207.7 205.8 205.9 207.3 207.1 205 202.9 203.6 213.7 223.4 232.4 240 246.3 253.6 263.4 271.4 277.5 283.8 294.7 306.4 316.7 325.7 334.9 347.9 352.4 358.6 358.3
143.1 140.1 137.5 134.6 130.5 126.6 122.7 117.6 113.5 110.7 109.5 110.4 111.3 121.3 124.8 129.3 136.1 142 146.5 150.6 153.4 156.4 159.2 161.1 163.6 166.3 168 169.7 171.2 172.4 174.1 176.9 178.5 179.9 180.8 181.3 181 180.6 179.5 177.1 175.5 174 172.4 171.4 171.1 170.3 170.9 172.7 178.7 185.9 191.8 200 204.8 209.8 214.1 217.6 217.9 216.3 214.2 212.5 212.7 210.6 209.5 213.2 223 232.6 243.1 247.6 250.8 261.7 270.1 277.3 284.4 294.5 305.6 314.7 322.9 330.8 338.1 342.4 349.1 348.9
141 137.1 133.6 129.9 125.4 122 116 111.9 111.6 111.3 111.8 112.8 115.6 124 127.5 133.1 138.5 143.3 147 149.5 152.6 155.7 157.5 159.9 163.1 166.1 168.7 170.8 172.5 174.5 177.1 179.5 181.5 183.2 183.9 184.2 183.3 182.4 181.1 178.9 177.2 175.7 174.3 174.2 174 174.5 177.1 184 189.6 196 202.1 205.9 214.9 224.8 232.3 237.1 238.6 234.1 226 222 220.4 218.8 217.9 217.2 222.8 231.8 241.3 248.2 249.6 257.3 265.8 274.9 282.6 291.3 301 310.3 318.2 324.6 330.1 333.7 335.7 336.5
139.1 135.2 130.3 126.2 120.7 115.9 112.6 112.2 113.6 119.6 115.8 119.9 125.5 126.6 130.7 134.5 138.5 142.4 145.4 147.4 150 152.6 155.1 157.5 160.7 163.6 166.3 169.4 172 174.7 177.2 179.4 181.9 185.4 185.5 185.2 184.7 183.7 182.4 180.7 178.9 177.9 177.1 177.8 178.9 183.5 190 195.7 201 205.8 213.3 223.6 234.5 241 246.4 250.9 254 254.9 249.2 238.4 231.8 229.2 227.3 226.7 226.7 228.8 233.1 241.5 248.4 250.3 258.8 268.8 278 286.4 296 304.9 312.4 318.9 323.9 326.2 327.5 328.1
134.8 131.4 129.3 124.6 121.1 113.4 113.2 112.9 126.6 128.2 121.8 124.4 126.8 126 131.3 134.8 137.7 140 142.4 144 146.4 148.3 150.8 153.5 156.4 159.4 162.3 166 169.3 172.2 175.4 178 180.5 183.4 184.6 185 184.8 184.3 183.4 181.8 181.2 180.5 180.6 184.1 188.2 194.5 197.9 203.8 209.6 218.1 228.7 236.3 243.2 249.4 254.9 259.8 263.8 269.4 266.9 256.4 246.7 240.6 237.8 237.6 241.1 234.1 223 230.2 237.3 241.4 252 262.6 271.8 281.5 290.2 297.6 305 312 316.7 318.6 319.4 319.2
133.9 130.2 128.3 122 118 113.9 113.7 113.5 131.9 125 125.3 127.5 128.5 130.2 128.7 130.5 134.3 137.2 139.5 140.6 141.8 143 145.1 148.5 151.2 154.7 158.2 161.7 165.3 169 172.9 176.6 178.8 181.1 182.4 183.2 183.6 183.4 183.5 183.5 183.6 183.4 186.7 193 197 200.6 205.1 211.2 218.8 227.5 237.3 245.8 254 259.5 265.3 270.2 272.3 275.8 276.1 270.7 259.2 250.7 247.4 246.1 251.6 247.2 234.5 217.5 222.9 232.6 242.2 254.9 264 273.3 282.4 289.8 296.9 303.1 307 309.7 309.8 309.3
132.2 130.3 129.1 123.1 114.7 114.3 114.4 123.7 130.1 126.8 128.3 129.9 131.1 132.2 133.2 133.7 132.2 136.5 137.7 139 139.9 141.5 143.1 145.2 147.5 151 155.2 157.8 161 165.3 169.5 173.4 175.8 177.9 179.9 180.7 181.6 182.9 184.6 185.5 186.8 189.7 193.1 199.4 203.4 206.8 211.9 217.7 225.9 234.8 245.8 257.6 264.1 271.1 278.1 282.3 283.6 284.9 282.8 277.2 268.3 258.8 252.9 254.6 260.5 256 249.3 232.5 214.4 215 231.5 241.5 256.2 265 273.2 280.4 288.2 293 296.6 298 299.4 297
132.6 130.8 129.9 122.9 115.2 114.8 123.4 135 131.4 130 131.9 133.8 134.7 135.3 136.7 137.6 138.8 139.7 140.9 141.3 143.3 144.2 145.4 147.1 148.8 148.4 151.7 156 158.8 161.5 165.5 169.1 172.3 174.6 176.9 178.6 180.6 183 186.5 188.9 193.6 196.2 200.3 204.9 208.8 213.4 217.9 223.7 232.5 241.6 254 261.9 270.4 278.1 285 289.8 294 295.2 292.6 284.3 273.9 261.2 257.6 256.1 258.8 258.4 253.7 249.7 230 211.4 212.5 227.9 246.7 256.6 264.6 270.9 276.7 282.4 285.8 285.7 285.9 283.2
133.2 131.5 130 122.9 115.7 116.8 130.3 135.1 134.7 134.5 136.5 138.6 140 141.3 142.1 142.8 144.1 145.6 146.7 148.2 149.4 150.4 150.3 151.7 152.8 153 152 153.4 157.1 159.4 162.2 165.4 168.5 171.6 174.4 177.1 181.2 184.8 189.2 195.2 198.6 201.7 205.3 209.9 213.8 218.7 224.6 229.6 237.2 245.4 256.1 265.8 275.1 284 291.3 298 303.9 304.9 303.9 296.7 281.3 269 263.1 259.6 254.5 257.3 253.3 248.7 242.9 224.4 203.7 215.4 233.9 246.8 254.6 262.8 269.8 271.2 274.4 274.4 272.9 269.2
134.2 134 130.6 122.8 116.2 124.7 133.5 134 139.6 140.4 143.3 145.2 146.5 148.5 149.8 150.6 152.5 154.1 154.9 155.4 156.5 156.3 156.1 156.3 156.6 156.3 156.8 155.6 155.6 157.8 159.8 163.3 166.4 169.7 172.9 177.6 181.9 187.4 193.7 199.2 204.2 206.1 210.4 213.9 217.7 222.3 227 233.7 240.3 247.8 258.3 269 278.6 287.6 297.9 309.8 314 313.1 311.9 307 290.1 277.6 268.9 263.2 258.6 252.8 251.4 246 240.9 228.2 211.1 201.1 220.3 233.2 244.8 252.6 258.5 260.7 262.7 261.3 258.8 257.3
136.3 131.6 130.2 121.6 116.7 129.5 134.6 138.6 142.5 146.4 149.7 152.7 154.4 156.2 158.1 159.3 160.6 161.5 162.6 163.2 162.8 162.2 161.6 160.8 161.2 159.7 158.8 158.2 156.2 157.8 159.4 162.6 165.7 168.9 172.7 177.9 183.7 191.4 197 202 208 211.8 214.7 217.9 221.5 224.6 229.8 236.1 243.5 250.2 260.5 271.1 281 290.7 301.2 311.4 318.6 321.8 316.8 310 294.3 284.5 277.6 266.3 259.1 251.5 247.4 242.9 236.8 228.4 215.6 198.4 210.1 223.9 236.3 243.9 248.1 250.6 251.8 250.7 249.9 249.2
131.7 129.8 131.1 117.8 118.5 133.6 139.1 143.8 148.4 152 155.1 157.7 160.2 162.4 164 165.7 166.7 167.1 167.5 168.5 168.7 166.7 165.8 164.8 163.7 162.2 160 158.5 157.1 158.2 159.5 162.3 165.8 169.3 173.1 180.1 187.7 196 201.1 205.8 211.1 216.8 219.2 222.5 225.9 229.3 232.2 237.6 243.1 251.3 262.1 273.1 283 292.8 303.2 312.7 317.1 320.2 323 310 295 287.7 279.7 271.5 261.2 250.4 243.9 237.7 232.9 226.9 216 204.5 198.4 213.4 225.8 234.3 238.7 240.5 241.7 242.1 241.4 241.7
130.1 130.9 127.2 117.7 128.2 137 142.1 148.1 152.5 155.9 159.3 161.9 164.2 166.4 168.5 170.1 171.4 171.6 171.9 172.6 171.6 170.6 169.3 168.1 166.1 163.8 161.2 159 158.2 158.7 160.7 162.6 166.2 169.8 174.2 183.7 191.2 198.8 203.7 208.7 213.8 220.1 223 226.6 229.8 233.2 236.7 240.5 245.2 253.4 264.7 275 284.9 295.2 306.1 315.5 317.8 316.1 315.2 305.4 296.9 288.1 279.3 273.6 261 250.3 237.9 232.2 228.9 221.9 213.6 204.7 193.6 200.2 211.1 219.1 227.1 230.3 233.5 234.3 234.6 236
130.3 131.4 119.1 119 135 140.7 146.3 151.9 156.8 160.4 163.4 165.4 167.7 169.7 171.9 173.5 174.8 174.8 175.2 174.8 174 172.9 171.4 169.9 167.5 164.5 162.4 160.2 160.2 160.3 161.6 163.6 166.5 170.8 177.3 186.3 194.1 201.8 207.6 211.7 216.5 222.7 226.2 229.8 233.2 236.5 239.9 244.6 249.1 257.1 267.9 277.4 287.4 298.4 308.8 317.1 317.3 313.8 309.5 305 294.3 287.3 277.4 268.5 257.9 248.1 237.5 228.7 224.3 217.5 210.7 201.5 196.1 191.9 202.4 209.4 216.4 221.2 225.5 228.1 230.9 233.6
129.5 121.7 119 134.4 141 144.4 150.5 155.7 160.1 163.6 166.6 169 171.2 172.8 174.2 175.8 176.8 176.7 177.3 176.5 176.3 174.9 172.5 170.3 167.9 164.7 163.3 162.3 162.3 162.7 164.2 167.8 169.7 173.6 180.2 189 196.6 203.8 209.6 214.2 219.1 224.7 229.4 232.6 236.4 239.6 243.7 248.6 253.4 260.9 271.5 282.1 292.2 302.3 310.8 317.5 318.2 313.8 307.8 301.7 293.8 283.9 274.1 265.2 256.1 246 234.4 226.5 220.2 212.6 206.5 195.8 191.2 185.5 192.8 202.4 208.4 215.1 219.4 223.3 227.5 232.2
121.5 120.1 124.7 137.4 142.3 148.3 154.4 158.5 163.1 166.2 169.3 172 174.2 176.2 177.5 178.2 178 178.3 178.2 177.5 176.6 175 172.8 170.6 167.1 165.2 164.6 164.6 164.7 165.8 168.4 171.8 174 178.3 182 191.3 198.8 204.2 211.2 216.1 221 226.8 232.5 235 238.1 241.7 248.7 252.6 257.9 264.8 275.4 286.5 295.4 305 312.9 320.2 317.2 310.7 306.9 301.4 290.3 279.4 270.1 261.1 251.4 239.9 229.6 222.3 216.8 208.1 201.6 198 183.5 181.7 188.1 193.2 204.2 209.2 213.9 218.5 223.2 228.4
120.7 122 134.9 138.8 144.5 150.4 157.6 161 165.3 168.1 171.1 174.1 176.8 179 180.2 180 179.8 179.4 179.5 177.9 176.3 174.8 172.7 171.3 168.7 166.6 166.9 167.2 168.1 169.8 172.5 175.3 178.3 182.7 187.7 194.2 200.4 205.7 212.8 218.5 223.6 229.2 234.9 237.2 242.2 247.8 252.4 257.1 263.1 270.2 279.7 289.5 297.4 305.7 311.7 313.8 313 308.3 303.3 295.2 283.3 274.3 267.2 256.7 245.8 231.9 224.5 217.2 210.2 202.4 197 192.2 185.7 178.7 186.4 187.4 196.6 202.7 208.7 210.9 218.9 224.7
