app/static/ascii/NO99.asc
ncols 200
nrows 200
xllcorner 390000
yllcorner 790000
cellsize 50
[rows 76 to 113 of 200, columns 0 to 84 of 200]
95.9 97 98.4 98.6 98.8 98.6 97.8 97.3 95.1 92.9 90.4 87.6 84.7 81.2 78.6 77 75.8 75.4 74.7 72.6 72.8 73.2 73.6 74.1 74.3 75.4 76.2 76.6 77.4 78.3 78.8 78.7 78.4 78.5 81.3 81.5 80.1 79.4 79.2 79.9 79.1 74.5 79.9 80.2 81.1 83.4 87 90.3 92.4 92.9 92.3 92.4 90.9 86.7 81.8 76.3 69.3 64.6 59.8 55.7 57.3 57.5 54.4 48.2 41.6 36.4 29.5 -1.7 -1.7 -1.7 -1.4 -1.7 -1.7 -1.7 -1.7 -1.7 -1.7 -1.7 -1.7 -1.7 -1.7 -1.7 -1.7 -1.7 -1.7
93.6 94.7 96.1 97.1 97.8 98.1 98.6 97.5 95.6 93.5 90.8 87.8 83.8 81 79 77.3 75.8 74.2 74.6 72.4 72.3 72.9 73.7 74.4 74.7 75.8 76.7 77.2 78 78.4 78.8 78.7 78.3 78.6 81.8 81.9 81.8 79.7 78.7 78.8 77.8 77.6 78.9 79.6 81.4 84 87.3 90.9 91.5 91.5 90.5 90.8 90.7 84.2 78.9 73.4 68.3 63.9 59.6 54.3 56.4 56.1 52.9 46.5 40.7 36 29 -1.7 -1.7 -1.7 -1.7 -1.7 -1.7 -1.7 -1.7 -1.7 -1.7 -1.7 -1.7 -1.7 -1.7 -1.7 -1.7 -1.7 -1.7
92.1 92.5 93.4 94.5 95.2 96 96.8 97.1 94.9 93.3 89.4 85.9 82.5 80.2 78.9 77.7 76.9 75.3 74.5 72.9 72.1 72.7 72.9 73.8 75 75.8 76.7 77.6 78 78.5 78.7 78.6 78.5 78.6 80.7 81.2 80.7 78.5 77.4 77 76.6 77.6 78.2 80.2 81.2 84 86.3 88.3 88.7 88.1 86.7 85.8 84.4 80.3 74.9 71.3 67.2 63 58.7 54.4 52.6 51.4 47.7 43.1 39.4 35.7 32.9 -1.7 -1.7 -1.7 -1.7 -1.7 -1.7 -1.7 -1.7 -1.7 -1.7 -1.7 -1.7 -1.7 -1.7 -1.7 -1.7 -1.7 -1.7
91.3 91.7 91.6 92.4 92.8 93.6 93.8 93.4 90.6 88.5 85.6 82.7 81.6 80.1 79.7 79.1 77.9 76.1 74.3 73.3 72.3 71.3 73 73.5 74.5 75 76.1 77.4 77.7 77.7 77.5 78.6 78.5 79.1 80.1 80 78.6 77.4 76.9 76.7 77.1 76.9 77.5 77.8 80 82.2 84 85.9 85.6 84.7 83.2 81.6 79.4 77.6 74 69.7 66 61.8 57.5 52.4 48.1 46.5 43.2 39.3 36.1 33.1 30.1 2.7 -1.7 -1.7 -1.7 -1.7 -1.7 -1.7 -1.7 -1.7 -1.7 -1.7 -1.7 -1.7 -1.7 -1.7 -1.7 -1.7 -1.7
90.6 90.9 89.9 90.3 90.5 90.4 90.2 89.7 86.8 84.9 83.1 83.1 81.3 80.3 79.4 77.9 76.5 76.1 74.3 73.7 72.7 71.8 72.5 73.9 73.8 74.5 75.6 76.7 76.7 76.6 76 77.4 78.4 78.7 78.1 77.9 77.7 76.7 76.2 76.1 76.6 76.6 76.8 77.1 77.2 79.7 81.8 83 81.9 81.1 80.2 78.2 76 74.7 71.9 68.2 64.4 60.3 56.3 52 46.7 42.7 40.7 36.6 32.5 29.3 23.7 2.1 -1.7 -1.7 -1.7 -1.7 -1.7 -1.7 -1.7 -1.7 -1.7 -1.7 -1.7 -1.7 -1.7 -1.7 -1.7 -1.7 -1.7
89.6 89.1 88.7 88.5 88.1 87.8 87.2 86.5 85.5 84.2 84.2 84.2 83.5 82 80.9 79 77.3 74.8 74.2 73.5 72.2 71.2 70.7 71.5 72.1 72.8 74.1 75 75.2 75.4 75.6 76.6 76.5 76.5 75.7 76.1 75.9 75.6 75.5 73.3 75 74.8 75.4 75.2 74.5 76.6 78.2 79.2 78.4 77.5 76.9 75.2 73.9 71.6 69.8 66.1 62.7 58.9 53.8 49.5 44.6 40.9 37.8 34.3 29.9 25.5 21 1.4 -1.7 -1.7 -1.7 -1.7 -1.7 -1.7 -1.7 -1.7 -1.7 -1.7 -1.7 -1.7 -1.7 -1.7 -1.7 -1.7 -1.7
89.1 88.4 88.1 87.6 87.3 86.8 86.4 86 85.3 84.8 85.3 86.3 87 84.7 82.6 80.7 78 75.3 73.9 72.4 71.6 70.6 70.2 70.2 70.3 71 72.6 73.5 74.1 75.3 75.6 75.7 75.5 75.4 75.2 75 75 74.7 74.5 74.2 74.4 74.6 75 74 74.5 75.7 76.4 76.8 75.8 74.3 73.6 73 72 69.7 67.4 64.3 61.1 56.4 51.4 46.9 42.5 39.6 36.6 33.1 27.6 23.3 5.4 -1.7 -1.7 -1.7 -1.7 -1.7 -1.7 -1.7 -1.7 -1.7 -1.7 -1.7 -1.7 -1.7 -1.7 -1.7 -1.7 -1.7 -1.7
88.7 88.1 87.6 87.3 87.1 86.6 86.3 85.9 85.2 85.1 85.4 85.9 86 84.4 82.9 79.4 77.7 75.1 74 73 71.4 70.1 69.8 69.5 69.4 70 71.3 72.2 73.6 75.1 74.7 74.3 74.6 74.6 74.4 74.6 74.6 74.2 72.2 74.4 74.7 74.6 74.2 74.5 74.8 75.7 75.4 75.3 73 73.8 73.3 72 70.1 67.9 65.7 62.4 59.2 54.3 49.6 45 41.4 38.3 35.3 28.4 13.3 5.9 -1.7 -1.7 -1.7 -1.7 -1.7 -1.7 -1.7 -1.7 -1.7 -1.7 -1.7 -1.7 -1.7 -1.7 -1.7 -1.7 -1.7 -1.7 -1.7
88.1 87.5 87 87 86.9 86.5 86.2 85.8 85.3 85.4 85.9 86.2 84.1 82.6 80.3 78.4 76.7 75.3 74.2 73.1 71.9 70 69.2 68.9 68.6 68.9 69.9 71.1 72.3 73.4 73.1 73.5 74 73.8 74 74.3 74.5 74.5 74.6 74.9 74.8 74.7 74.5 74.6 75.2 75.7 72.7 73.2 73.8 74.3 73.1 71.6 69.2 66.5 62.8 59.6 57 52.5 48 43.5 36.7 24.8 11.5 -1.7 -1.7 -1.7 -1.7 -1.7 -1.7 -1.7 -1.7 -1.7 -1.7 -1.7 -1.7 -1.7 -1.7 -1.7 -1.7 -1.7 -1.7 -1.7 -1.7 -1.7 -1.7
87.8 87 86.4 86.7 86.7 86.4 86.1 85.7 85.7 86.7 86.8 86.1 85.4 84.2 81.2 79.1 77.4 75.2 73.5 72.8 71.8 69.8 69 68.4 68.3 68.3 69.1 70.1 71.3 71.2 71.6 72.9 73.1 73.4 73.7 74.1 74.4 73.1 75.6 76.1 75.2 75.1 74.8 74.6 75.2 73.6 71.8 73.2 74.4 75.1 73.4 71.4 68.5 65.5 60.5 57.4 54.7 50.8 46.3 41.8 37.8 1.8 -1.7 -1.7 -1.7 -1.7 -1.7 -1.7 -1.7 -1.7 -1.7 -1.7 -1.7 -1.7 -1.7 -1.7 -1.7 -1.7 -1.7 -1.7 -1.7 -1.7 -1.7 -1.7 -1.7
87.7 86.5 86 86.3 86.5 86.2 86 86.2 87 88 87.9 87.5 86 84.4 81.7 80.4 79 76.9 74.9 74.2 71.7 69.8 68.8 68.3 67.8 68 68.8 69.8 70.5 70.8 71.2 72.2 72.7 73 73.3 73.6 73.7 71.2 75.8 76.4 75.5 75.4 75.1 74.8 75.3 72.1 71.9 72.7 74.1 74.8 72.6 69.9 67.4 63.1 59.3 56.4 53.1 49 44.3 40.4 11.5 -1.7 -1.7 -1.7 -1.7 -1.7 -1.7 -1.7 -1.7 -1.7 -1.7 -1.7 -1.7 -1.7 -1.7 -1.7 -1.7 -1.7 -1.7 -1.7 -1.7 -1.7 -1.7 -1.7 -1.7
86.1 85.7 85.3 85.6 86.4 87.5 88.1 88.2 88.8 88.4 88.5 87.5 85.8 84.2 82.8 81.4 79.3 77.2 75.1 74.2 72.3 70.4 69.4 68.5 67.7 67.8 68.8 69.8 70.4 70.8 71.2 71.6 72 72.3 72.4 72.6 72.7 71.9 74.8 76.2 76.1 76.1 75.6 75 73.7 71.5 71.6 71 72.5 72.1 70.1 68 65.3 61.8 59.4 56 52.6 47.9 42.5 34.2 1.1 -1.7 -1.7 -1.7 -1.7 -1.7 -1.7 -1.7 -1.7 -1.7 -1.7 -1.7 -1.7 -1.7 -1.7 -1.7 -1.7 -1.7 -1.7 -1.7 -1.7 -1.7 -1.7 -1.7 -1.7
85 84.8 84.3 84.7 87.5 89.6 90.1 90.6 89.1 88.4 88.6 87.5 85.6 84 83.4 82.3 79.8 77.3 75.2 70.4 71.9 70.7 69.4 68.3 67.3 67.3 68.8 69.8 70.3 70.7 70.6 70.2 70.8 69.9 70.1 71 71.4 75.1 75.8 75.9 75.3 76.2 75.8 76.5 73.1 71.9 71.8 70.2 70.4 69.8 68.2 66 63 60.3 57.8 55.4 51.6 45.8 40.2 35.7 2 -1.7 -1.7 -1.7 -1.7 -1.7 -1.7 -1.7 -1.7 -1.7 -1.7 -1.7 -1.7 -1.7 -1.7 -1.7 -1.7 -1.7 -1.7 -1.7 -1.7 -1.7 -1.7 -1.7 -1.7
83.9 83.7 83.5 84.8 87.3 88.7 88.9 90.8 91.8 91.1 89 87 85.4 84 84.1 83 80.9 78.8 76.3 74.2 72 70.4 68.7 67.6 67.3 67.3 67.5 69.8 69.9 69.8 69.4 68.8 68.5 69 69.2 71 71.9 77.5 74.7 75.8 75.7 74.9 76 74.1 72.5 71.1 70.7 68.8 68 67 65.8 63.9 60.9 59.2 57.6 54.3 49 38.3 35.4 33.9 -1.7 -1.7 -1.7 -1.7 -1.7 -1.7 -1.7 -1.7 -1.7 -1.7 -1.7 -1.7 -1.7 -1.7 -1.7 -1.7 -1.7 -1.7 -1.7 -1.7 -1.7 -1.7 -1.7 -1.7 -1.7
83.3 83.3 84.2 85.9 87.3 87.7 88.1 89.6 90.5 90 89.3 87 85.5 84.2 83.8 83.2 81.5 79.3 76.7 73.6 72.1 70.6 68.9 67.3 67.1 66.8 66.5 68.6 69.1 68.7 68.1 67.5 67.4 68.1 68.8 69.2 72.2 75.5 73.9 74.4 74.5 74.4 77.8 72.8 72.1 71 69.4 67.4 65.4 64.1 63 60.5 58.3 57.6 55.3 51.7 44.2 8.4 1.4 -1.7 -1.7 -1.7 -1.7 -1.7 -1.7 -1.7 -1.7 -1.7 -1.7 -1.7 -1.7 -1.7 -1.7 -1.7 -1.7 -1.7 -1.7 -1.7 -1.7 -1.7 -1.7 -1.7 -1.7 -1.7 -1.7
83.3 83.4 84.8 86.7 88.5 89.4 89.6 89.3 89.5 89.2 87.9 87.2 85.6 84.4 83.2 81.8 80.2 77.8 75.5 73.8 72.2 70.9 69.4 67.9 67 66.7 66.1 67.1 67.8 67.7 67 66.8 66.8 67.1 68.1 69.6 71.3 73.5 73.4 74.5 73.4 73.3 74.3 71.3 71.1 69.4 67.2 64.9 63.1 61.1 58.3 55.2 53.8 54.7 53.2 18 18.4 -1.7 -1.7 -1.7 -1.7 -1.7 -1.7 -1.7 -1.7 -1.7 -1.7 -1.7 -1.7 -1.7 -1.7 -1.7 -1.7 -1.7 -1.7 -1.7 -1.7 -1.7 -1.7 -1.7 -1.7 -1.7 -1.7 -1.7 -1.7
83.3 83.4 84.6 86.3 87.7 88.3 88.5 88.7 88.6 88.4 89.3 88.2 85.9 84.3 82.7 80.7 78.8 76.8 75.5 73.4 71.7 70 68.8 67.7 66.9 65.8 65.4 66.1 66.5 66.6 66.2 66.3 66.5 67.3 68.2 70.1 70.5 72 74.6 75.1 73.1 74.3 69.3 69 68.2 67.3 64.8 62.3 60.2 56.7 53.8 50.5 46.5 49.4 47.2 8.6 -1.7 -1.7 -1.7 -1.7 -1.7 -1.7 -1.7 -1.7 -1.7 -1.7 -1.7 -1.7 -1.7 -1.7 -1.7 -1.7 -1.7 -1.7 -1.7 -1.7 -1.7 -1.7 -1.7 -1.7 -1.7 -1.7 -1.7 -1.7 -1.7
83.2 83.5 84.3 85.3 86.3 86.8 87.1 87.3 87.8 88.3 89.2 89 86.9 84.4 82.8 81.4 79.1 77.7 76.5 73.4 71.6 69.6 68.2 67.6 66.4 65.7 64.8 65.7 66.1 65.4 66.3 66.5 66.8 67.5 69.1 70.8 70.9 71.9 75.1 74.8 73.8 71 70.1 69 68.1 66.5 63.5 61.2 58.8 55.7 52.5 48.7 45.2 43.4 37.6 -1.7 -1.7 -1.7 -1.7 -1.7 -1.7 -1.7 -1.7 -1.7 -1.7 -1.7 -1.7 -1.7 -1.7 -1.7 -1.7 -1.7 -1.7 -1.7 -1.7 -1.7 -1.7 -1.7 -1.7 -1.7 -1.7 -1.7 -1.7 -1.7 -1.7
82.8 83.4 83.9 84.1 84.6 85.1 85.6 86.7 87.4 87.5 88.2 87.7 86.5 85.3 82.7 80.9 78.9 77.6 75.3 74.1 71.1 69.2 67.7 67.4 66.9 66.1 63.8 65.1 65.4 65 66 67.6 68.7 68 68.9 70.4 71 72.2 73.9 74.3 72.9 71.6 69.7 68.7 68.5 66.8 63.8 61.2 59 55.8 52 46.8 25.6 1.6 -1.7 -1.7 -1.7 -1.7 -1.7 -1.7 -1.7 -1.7 -1.7 -1.7 -1.7 -1.7 -1.7 -1.7 -1.7 -1.7 -1.7 -1.7 -1.7 -1.7 -1.7 -1.7 -1.7 -1.7 -1.7 -1.7 -1.7 -1.7 -1.7 -1.7 -1.7
82.3 82.7 82.7 82.8 82.6 83.1 83.6 84.2 86.1 87 88.3 88.5 88.1 86.3 83.2 80.6 78.6 76.8 74.4 72.3 70.4 68.7 67.3 66.9 66.4 63.9 62.7 65.2 64.6 65.2 65.9 68.5 67.4 68.3 67.8 68.4 69.6 72.1 72.8 71.3 72.6 71 69.4 69 68.9 68.5 65.6 62.3 59 56.8 52.1 30.8 2 -1.7 -1.7 -1.7 -1.7 -1.7 -1.7 -1.7 -1.7 -1.7 -1.7 -1.7 -1.7 -1.7 -1.7 -1.7 -1.7 -1.7 -1.7 -1.7 -1.7 -1.7 -1.7 -1.7 -1.7 -1.7 -1.7 -1.7 -1.7 -1.7 -1.7 -1.7 -1.7
81.6 81.7 81.5 81.5 81.3 81.1 81.5 81.8 83 84.8 86.1 88.4 88.4 85 83 80.9 78.4 76.3 73.9 70.8 68.5 67.3 66.7 66.4 64.3 62.4 60.9 63.4 65 65.8 66.9 67.6 66.4 67.2 66.8 65.9 67.3 70.7 71.6 71.9 71.2 70.2 69.8 69.5 69.6 69.1 68 64.9 60.8 56.7 53.6 48.7 20.5 -1.7 -1.7 -1.7 -1.7 -1.7 -1.7 -1.7 -1.7 -1.7 -1.7 -1.7 -1.7 -1.7 -1.7 -1.7 -1.7 -1.7 -1.7 -1.7 -1.7 -1.7 -1.7 -1.7 -1.7 -1.7 -1.7 -1.7 -1.7 -1.7 -1.7 -1.7 -1.7
80.2 80.7 80.3 80 79.7 79.5 79.6 79.8 79.5 80.6 80.9 81.6 81.3 80.7 78.9 77.3 76.5 75 72.7 70.3 68.8 66 66.3 65.4 63.4 63.3 59.6 63.3 65.5 65.9 65.5 65.3 65.3 65.7 66.4 65.3 65.6 68.5 64.3 66.7 69.1 69.3 68.3 67.3 68.2 69.3 69.4 66 61.8 57.9 53.8 49.5 44.9 37.7 -1.7 -1.7 -1.7 -1.7 -1.7 -1.7 -1.7 -1.7 -1.7 -1.7 -1.7 -1.7 -1.7 -1.7 -1.7 -1.7 -1.7 -1.7 -1.7 -1.7 -1.7 -1.7 -1.7 -1.7 -1.7 -1.7 -1.7 -1.7 -1.7 -1.7 -1.7
78.2 78.8 78.5 78.1 77.9 77.8 77.8 77.8 77.5 77.1 77.1 78.1 77.1 76.5 75.9 75.2 74.1 72.5 71.1 70.1 68.5 66.7 66.2 64.5 63.8 61.8 60.1 59.5 64.4 63 64.4 62.6 62.9 64.4 64 63.6 63 65 61.2 64.6 67 66.3 66.3 65.2 66.1 68.2 68.9 66.2 63.1 59.1 55.2 50.4 45.5 40.7 14.3 2.6 -1.7 -1.7 -1.7 -1.7 -1.7 -1.7 -1.7 -1.7 -1.7 -1.7 -1.7 -1.7 -1.7 -1.7 -1.7 -1.7 -1.7 -1.7 -1.7 -1.7 -1.7 -1.7 -1.7 -1.7 -1.7 -1.7 -1.7 -1.7 -1.7
76.9 76.9 76.6 76.3 76.2 76.1 76 75.8 75.5 74.9 74.2 74.7 73.7 73.4 73.5 73.2 71.7 70.9 70.2 71.1 68.9 67.2 65.9 65 64.3 60.1 60.2 56.6 62.2 61.9 61.7 65.3 61.1 61.1 59.4 60.7 62.5 62.1 57.8 62.1 63.5 63.1 63.9 63.9 64 65.6 67 66.2 65.2 60.4 55.7 50.8 46 35.4 2.5 4.6 0.3 -1.7 -1.7 -1.7 -1.7 -1.7 -1.7 -1.7 -1.7 -1.7 -1.7 -1.7 -1.7 -1.7 -1.7 -1.7 -1.7 -1.7 -1.7 -1.7 -1.7 -1.7 -1.7 -1.7 -1.7 -1.7 -1.7 -1.7 -1.7
76.7 76 75.1 74.4 74.5 74.7 74.9 74.3 74 73.8 73.1 72.5 71.7 71 70.9 72.2 72.3 72.2 68.9 71 68.6 67.9 65.9 65.1 61.6 63.5 60.1 55.3 58.6 60.3 60.3 57.2 58.3 56.9 56.2 59.1 59.5 58.4 55.7 59.1 60 59.8 60.6 61.3 61.8 63 64.2 65.2 65.4 60.9 55.7 50.8 45.9 24.6 3.8 -1.7 -1.7 -1.7 -1.7 -1.7 -1.7 -1.7 -1.7 -1.7 -1.7 -1.7 -1.7 -1.7 -1.7 -1.7 -1.7 -1.7 -1.7 -1.7 -1.7 -1.7 -1.7 -1.7 -1.7 -1.7 -1.7 -1.7 -1.7 -1.7 -1.7
76.8 76 75.1 74.3 74.1 74.3 74.1 72.9 72.7 72.8 72.4 72 70.4 70 70.9 71.4 71.7 72.1 68.4 66.9 66.4 65.5 65.5 63.7 61.7 64 61.6 58.7 54.9 57.2 63.9 56.2 52.7 50.7 50.9 52.6 52.5 51.8 52.2 54.2 56.3 56.4 57.1 57.8 58.7 60.7 61.7 62.8 63 60.6 56 50.6 45.5 14.8 0.8 -1.7 -1.7 -1.7 -1.7 -1.7 -1.7 -1.7 -1.7 -1.7 -1.7 -1.7 -1.7 -1.7 -1.7 -1.7 -1.7 -1.7 -1.7 -1.7 -1.7 -1.7 -1.7 -1.7 -1.7 -1.7 -1.7 -1.7 -1.7 -1.7 -1.7
76.8 75.9 74.9 74.4 74.1 74.1 73.6 72.1 72.2 72.6 71.9 71.3 69.5 70 70.8 70.9 70.7 69.2 67.6 66.3 64.6 64.1 63.6 63.1 61.9 63 61.9 61.4 60.3 54.4 56.5 52.7 51.8 50 49.3 48.5 48.7 48.7 50.4 50.2 52.3 53.1 53.7 54.4 55.4 57.7 59.6 60.4 60.6 58.3 54.7 48.7 41.1 34.7 -1.7 -1.7 -1.7 -1.7 -1.7 -1.7 -1.7 -1.7 -1.7 -1.7 -1.7 -1.7 -1.7 -1.7 -1.7 -1.7 -1.7 -1.7 -1.7 -1.7 -1.7 -1.7 -1.7 -1.7 -1.7 -1.7 -1.7 -1.7 -1.7 -1.7 -1.7
76.7 75.7 74.9 74.5 74.2 73.8 73.6 72.8 71.1 69.9 69.6 69.3 69.3 70.1 70.5 70.3 68.1 66.8 67.1 65.7 64.1 63 63.1 64.8 63.8 62.6 63.7 63.5 60.5 59.9 56.1 52.8 50.1 49.8 48.7 47.6 46.3 45.4 50.5 50 50 50.2 50.5 51.1 52.1 54.3 56.9 58 58.2 56 52.6 47.7 40.5 36.1 33 4.1 -1.7 -1.7 -1.7 -1.7 -1.7 -1.7 -1.7 -1.7 -1.7 -1.7 -1.7 -1.7 -1.7 -1.7 -1.7 -1.7 -1.7 -1.7 -1.7 -1.7 -1.7 -1.7 -1.7 -1.7 -1.7 -1.7 -1.7 -1.7 -1.7
76.9 75.5 75 74.4 73.8 72.7 72.4 72.1 71.3 69.5 68.1 67.8 67.6 67.2 66.8 67.2 66.7 65.9 66.4 64.8 63.8 62.6 64.3 65.9 65.9 65.5 65.7 64.4 60.9 60.4 57.1 54.3 51.2 54 51.5 47.3 45.5 44.8 46.7 47.6 48.3 49.1 49.2 48.7 49.3 51.7 54.4 55.4 55.3 53.6 50.1 43.8 37 33 18.9 -1.7 -1.7 -1.7 -1.7 -1.7 -1.7 -1.7 -1.7 -1.7 -1.7 -1.7 -1.7 -1.7 -1.7 -1.7 -1.7 -1.7 -1.7 -1.7 -1.7 -1.7 -1.7 -1.7 -1.7 -1.7 -1.7 -1.7 -1.7 -1.7 -1.7
76.7 74.6 73.6 73.4 72.6 71.6 71.3 71.4 70.5 69.4 66.7 66.6 66.6 66.6 66.1 65.7 66.1 66.6 65 62.7 63 63.7 65.9 68.2 68.6 68.1 67.4 64.7 61 58.9 57.1 54.3 52 50.9 50.1 48.6 46.6 43.8 43.6 43.7 44.4 46.4 46.5 46.9 46.4 48.4 50.9 52.3 52.5 51.7 17.9 28.1 -1.7 24 6.9 -1.7 -1.7 -1.7 -1.7 -1.7 -1.7 -1.7 -1.7 -1.7 -1.7 -1.7 -1.7 -1.7 -1.7 -1.7 -1.7 -1.7 -1.7 -1.7 -1.7 -1.7 -1.7 -1.7 -1.7 -1.7 -1.7 -1.7 -1.7 -1.7 -1.7
75.2 73.5 72.4 71.4 70 70.6 70.4 70 69.7 67.2 64.5 65.4 65.8 65.8 65.4 65.8 63.7 65.5 63.1 62.3 62.1 63.7 67.1 70.5 70.8 69.5 68 65.1 62.3 59.4 57.2 56.1 55.8 54.3 52.2 50.2 47.8 45.8 43 41.7 41.4 42.3 42.6 42.7 43.2 44.3 45.7 47.1 47.6 46.3 3.5 -1.7 -1.7 7.1 -1.7 -1.7 -1.7 -1.7 -1.7 -1.7 -1.7 -1.7 -1.7 -1.7 -1.7 -1.7 -1.7 -1.7 -1.7 -1.7 -1.7 -1.7 -1.7 -1.7 -1.7 -1.7 -1.7 -1.7 -1.7 -1.7 -1.7 -1.7 -1.7 -1.7 -1.7
73.4 72.1 71 69.8 68.6 68.5 68.3 67.5 67.4 65.9 62.7 62.9 63 64 64.9 65.6 62.5 63.7 61.4 60.7 60.8 61.8 65.3 69.3 70.1 70.1 68.5 66.1 63.5 61.5 59.8 59.4 58.9 57.8 55.9 54.3 52 49.3 45.3 41.2 41.4 41.6 40.9 40.4 39.9 40.8 41.8 42 40.8 39 5.6 -1.7 -1.7 -1.7 -1.7 -1.7 -1.7 -1.7 -1.7 -1.7 -1.7 -1.7 -1.7 -1.7 -1.7 -1.7 -1.7 -1.7 -1.7 -1.7 -1.7 -1.7 -1.7 -1.7 -1.7 -1.7 -1.7 -1.7 -1.7 -1.7 -1.7 -1.7 -1.7 -1.7 -1.7
71.9 70.6 69.4 68.2 67.2 66.6 65.9 64.9 64.2 63.6 61.9 59.9 61.1 61.8 62.6 63.7 63 60.4 59.4 58.9 59.9 61 62.1 66.4 68.3 69.2 66.8 61.5 64.7 65.5 64.9 63.8 61.5 60.3 58.8 57 54.4 52.9 50 45.1 39.2 40 39.2 38.4 37.3 37.7 37.6 37.2 34.1 -1.7 -1.7 -1.7 -1.7 -1.7 -1.7 -1.7 -1.7 -1.7 -1.7 -1.7 -1.7 -1.7 -1.7 -1.7 -1.7 -1.7 -1.7 -1.7 -1.7 -1.7 -1.7 -1.7 -1.7 -1.7 -1.7 -1.7 -1.7 -1.7 -1.7 -1.7 -1.7 -1.7 -1.7 -1.7 -1.7
71 69.7 68.1 67 65.9 64.8 64 63.2 61.9 61.4 60.4 57.6 58.7 58.4 58.4 60.4 58.2 57.2 56.6 56.4 57.6 58.6 60.4 64.8 66.2 65.6 64.5 64.8 68 70.1 70 66.9 64 62.5 61 58.7 56.2 53 50.7 46.2 40.9 36.6 38 35.4 36.2 33.6 33.7 31.8 28.4 -1.7 -1.7 -1.7 -1.7 -1.7 -1.7 -1.7 -1.7 -1.7 -1.7 -1.7 -1.7 -1.7 -1.7 -1.7 -1.7 -1.7 -1.7 -1.7 -1.7 -1.7 -1.7 -1.7 -1.7 -1.7 -1.7 -1.7 -1.7 -1.7 -1.7 -1.7 -1.7 -1.7 -1.7 -1.7 -1.7
70.2 69 67.4 66 65 64.1 63.2 62 60.6 59.7 57.6 55.1 56 55.1 54 59.7 55.4 54.4 53.9 54 55.2 56.5 59.5 63 62.3 64.1 63.4 68.3 70.9 72.8 73.4 69.4 67.7 65.9 63.2 60.2 57.3 54.1 50 45.8 41.3 38.2 33.9 30.7 30.2 29.1 30.1 -1.7 -1.7 -1.7 -1.7 -1.7 -1.7 -1.7 -1.7 -1.7 -1.7 -1.7 -1.7 -1.7 -1.7 -1.7 -1.7 -1.7 -1.7 -1.7 -1.7 -1.7 -1.7 -1.7 -1.7 -1.7 -1.7 -1.7 -1.7 -1.7 -1.7 -1.7 -1.7 -1.7 -1.7 -1.7 -1.7 -1.7 -1.7
68.9 67.8 66.2 64.7 63.7 62.6 61.7 60.8 59.4 58 56.7 54.6 55.3 52.9 51.6 59.7 50 48.8 49.1 51 52.7 54.5 57.4 60.1 60.5 62.3 66.9 71.9 73.5 72.7 71.9 71.5 70 66.5 63.7 61.3 57.6 52.9 48.1 43.9 40.1 37.4 34.9 31.4 29.3 26.6 26.2 -1.7 -1.7 -1.7 -1.7 -1.7 -1.7 -1.7 -1.7 -1.7 -1.7 -1.7 -1.7 -1.7 -1.7 -1.7 -1.7 -1.7 -1.7 -1.7 -1.7 -1.7 -1.7 -1.7 -1.7 -1.7 -1.7 -1.7 -1.7 -1.7 -1.7 -1.7 -1.7 -1.7 -1.7 -1.7 -1.7 -1.7 -1.7
67.4 66.3 64.8 63.2 61.3 59.9 59.7 59 57 55.6 55.5 56.4 56.4 55.4 54.5 59.7 53.3 50.8 48.2 47.4 49.5 52.2 54.9 58.5 60.5 64.1 67.2 71 73.6 73.9 74 71.9 70 66.7 64 61.9 56.3 51 46.2 42.2 38.6 35.3 32.7 30.1 28.6 12.9 10 -1.7 -1.7 -1.7 -1.7 -1.7 -1.7 -1.7 -1.7 -1.7 -1.7 -1.7 -1.7 -1.7 -1.7 -1.7 -1.7 -1.7 -1.7 -1.7 -1.7 -1.7 -1.7 -1.7 -1.7 -1.7 -1.7 -1.7 -1.7 -1.7 -1.7 -1.7 -1.7 -1.7 -1.7 -1.7 -1.7 -1.7 -1.7
65.1 63.9 62.9 60.2 58.6 58.2 57.5 56.7 57.4 60.8 61.1 60.7 60.2 58.9 57.5 60.1 54.7 53.2 52.4 50.3 45.5 47.7 51.3 55.3 57.9 59.9 63.6 66.8 71.1 73.6 74 73.4 71.4 67.4 65.4 61.6 55.4 50 45.2 41 37.7 35.6 32.4 29.3 27.4 8.4 -1.7 -1.7 -1.7 -1.7 -1.7 -1.7 -1.7 -1.7 -1.7 -1.7 -1.7 -1.7 -1.7 -1.7 -1.7 -1.7 -1.7 -1.7 -1.7 -1.7 -1.7 -1.7 -1.7 -1.7 -1.7 -1.7 -1.7 -1.7 -1.7 -1.7 -1.7 -1.7 -1.7 -1.7 -1.7 -1.7 -1.7 -1.7 -1.7
