app/static/ascii/NR15.asc
ncols 200
nrows 200
xllcorner 110000
yllcorner 650000
cellsize 50
[rows 111 to 147 of 200, columns 85 to 169 of 200]
-0.8 -0.8 -0.8 -0.8 -0.8 -0.8 -0.8 -0.8 -0.8 -0.8 -0.8 -0.8 -0.8 -0.8 -0.8 -0.8 -0.8 -0.8 -0.8 -0.8 -0.8 -0.8 -0.8 -0.8 -0.8 -0.8 -0.8 -0.8 -0.8 -0.8 -0.8 -0.8 -0.8 -0.8 -0.8 -0.8 -0.8 -0.8 -0.8 -0.8 -0.8 -0.8 -0.8 -0.8 -0.8 -0.8 17.7 20.3 24.4 30 35 43 46.2 47 47.6 46.2 45.2 45.4 47.8 49.9 51.3 54.1 56.7 57.3 57.1 62.4 62.9 62.7 63.8 64.7 68.5 72.8 80.6 92.4 102.2 109.6 116.1 122.3 124 123.6 118.7 104.4 90.9 79.4 73.1
-0.8 -0.8 -0.8 -0.8 -0.8 -0.8 -0.8 -0.8 -0.8 -0.8 -0.8 -0.8 -0.8 -0.8 -0.8 -0.8 -0.8 -0.8 -0.8 -0.8 -0.8 -0.8 -0.8 -0.8 -0.8 -0.8 -0.8 -0.8 -0.8 -0.8 -0.8 -0.8 -0.8 -0.8 -0.8 -0.8 -0.8 -0.8 -0.8 -0.8 -0.8 -0.8 -0.8 -0.8 -0.8 -0.8 15.7 22.6 28 31.2 36.1 43.4 45.8 46.1 46.9 45.2 44.6 45.5 47.6 49.3 52.1 54.2 55.3 55.5 53.8 53.8 57.6 58.3 59.6 60.9 67.2 71.9 76 87.2 97.6 105 111.2 116.6 116.7 115.5 108.8 100.2 91.5 78 73.9
-0.8 -0.8 -0.8 -0.8 -0.8 -0.8 -0.8 -0.8 -0.8 -0.8 -0.8 -0.8 -0.8 -0.8 -0.8 -0.8 -0.8 -0.8 -0.8 -0.8 -0.8 -0.8 -0.8 -0.8 -0.8 -0.8 -0.8 -0.8 -0.8 -0.8 -0.8 -0.8 -0.8 -0.8 -0.8 -0.8 -0.8 -0.8 -0.8 -0.8 -0.8 -0.8 -0.8 -0.8 -0.8 1.1 12.4 24.8 31 33 36.7 40.4 43.2 44.9 45.8 44.2 43.6 43.7 46.6 49.3 52.6 53.5 54.5 53.4 51.8 50.8 51.1 51.5 54.1 55.1 59.1 66.9 71.7 80.5 87.5 93.8 100.9 104.8 105.8 100.6 96.7 91.6 82.5 76.9 74.1
-0.8 -0.8 -0.8 -0.8 -0.8 -0.8 -0.8 -0.8 -0.8 -0.8 -0.8 -0.8 -0.8 -0.8 -0.8 -0.8 -0.8 -0.8 -0.8 -0.8 -0.8 -0.8 -0.8 -0.8 -0.8 -0.8 -0.8 -0.8 -0.8 -0.8 -0.8 -0.8 -0.8 -0.8 -0.8 -0.8 -0.8 -0.8 -0.8 -0.8 -0.8 -0.8 -0.8 -0.8 4.2 19.3 23.7 26.7 32.6 39.6 39.4 41.6 42.8 43.8 44.8 44.1 42.8 42.2 45.1 49.7 51.9 52.7 52.7 51.9 50.8 49.2 47.5 48.1 49.4 49.9 54.8 59.9 63.8 71.8 78.4 83.4 87.7 92.9 94.1 90 85.9 81.9 78.7 76.1 74.8
-0.8 -0.8 -0.8 -0.8 -0.8 -0.8 -0.8 -0.8 -0.8 -0.8 -0.8 -0.8 -0.8 -0.8 -0.8 -0.8 -0.8 -0.8 -0.8 -0.8 -0.8 -0.8 -0.8 -0.8 -0.8 -0.8 -0.8 -0.8 -0.8 -0.8 -0.8 -0.8 -0.8 -0.8 -0.8 -0.8 -0.8 -0.8 -0.8 -0.8 -0.8 -0.8 -0.8 2.6 19.8 22.5 26.1 27.6 33.9 39 44.6 42.2 40.9 43.7 45.2 44 42.7 41.4 42.6 47 51.7 49.7 49.2 48.8 48.8 46.9 44.9 45.1 46.2 47.8 51.3 55.9 59 60.6 67.2 71.6 73.9 81 78.9 79.9 78.2 77.3 74.4 73.9 73.9
-0.8 -0.8 -0.8 -0.8 -0.8 -0.8 -0.8 -0.8 -0.8 -0.8 -0.8 -0.8 -0.8 -0.8 -0.8 -0.8 -0.8 -0.8 -0.8 -0.8 -0.8 -0.8 -0.8 -0.8 -0.8 -0.8 -0.8 -0.8 -0.8 -0.8 -0.8 -0.8 -0.8 -0.8 -0.8 -0.8 -0.8 -0.8 -0.8 -0.8 -0.8 -0.8 -0.8 17.3 19.1 23.6 26 28.6 32.1 34.6 37.7 39.8 36.1 41.6 40.5 41.6 42.8 40.9 40.8 42.9 45.9 46.2 46.1 45.5 45 44 43.3 42.7 43.7 45.9 48.3 50.8 54 55.9 58.9 61.1 65.8 68.7 69.4 69.3 72.4 71.7 71.7 71.8 73.6
-0.8 -0.8 -0.8 -0.8 -0.8 -0.8 -0.8 -0.8 -0.8 -0.8 -0.8 -0.8 -0.8 -0.8 -0.8 -0.8 -0.8 -0.8 -0.8 -0.8 -0.8 -0.8 -0.8 -0.8 -0.8 -0.8 -0.8 -0.8 -0.8 -0.8 -0.8 -0.8 -0.8 -0.8 -0.8 -0.8 -0.8 -0.8 -0.8 -0.8 -0.8 -0.8 12.4 15 19.3 23.2 25.6 29.5 30.4 31.1 31.5 32.4 33.1 33.9 34.7 36.7 38.1 38.5 40.1 41 42 43 43.1 42.7 42.3 42.1 41.6 41.8 42.5 44.2 47 48.4 49.9 51.2 53 55.2 58.9 61.5 62 63 67.5 68.8 67.6 69.1 70.1
-0.8 -0.8 -0.8 -0.8 -0.8 -0.8 -0.8 -0.8 -0.8 -0.8 -0.8 -0.8 -0.8 -0.8 -0.8 -0.8 -0.8 -0.8 -0.8 -0.8 -0.8 1.2 -0.8 -0.8 -0.8 -0.8 -0.8 -0.8 -0.8 -0.8 -0.8 -0.8 -0.8 -0.8 -0.8 -0.8 -0.8 -0.8 -0.8 -0.8 -0.8 9.8 9.9 12.7 21.7 23.4 28.1 29.9 29 29.8 30.6 31.2 31.9 32.7 33.4 34.4 35.8 36.5 37.4 37.8 38.7 39.6 40.6 40.4 40.2 40 39.9 40.6 41.4 43.3 44 44.9 46 47 48.7 50.4 52.1 54.3 56.6 59.8 63.8 64.5 63.8 63.3 64.8
-0.8 -0.8 -0.8 -0.8 -0.8 -0.8 -0.8 -0.8 -0.8 -0.8 -0.8 -0.8 -0.8 -0.8 -0.8 -0.8 -0.8 -0.8 -0.8 -0.8 8.2 3.8 -0.8 -0.8 -0.8 -0.8 -0.8 -0.8 -0.8 -0.8 -0.8 -0.8 -0.8 -0.8 -0.8 -0.8 -0.8 -0.8 -0.8 -0.8 -0.8 -0.8 10.5 15.7 24 25.2 28.6 29.7 29 29.5 30.2 30.7 31.3 32.1 32.6 33.5 34.8 35.4 35.5 36.3 36.7 37 37.4 38.1 38.2 38 38.8 39.5 40.3 41.5 42.8 44.3 44.4 44.2 45.2 46.2 48 49.9 52.2 56.4 57.4 58.1 59.6 58.8 60.5
-0.8 -0.8 -0.8 -0.8 -0.8 -0.8 -0.8 -0.8 -0.8 -0.8 -0.8 -0.8 -0.8 -0.8 -0.8 -0.8 -0.8 -0.8 -0.8 -0.8 -0.3 0.3 -0.8 -0.8 -0.8 -0.8 -0.8 -0.8 -0.8 -0.8 -0.8 -0.8 -0.8 -0.8 -0.8 -0.8 -0.8 -0.8 -0.8 -0.8 -0.8 -0.8 13.9 21.4 25 26.8 28.1 30.2 29 29.1 29.6 30.1 30.7 31.5 31.8 32.6 33.9 34.1 34.4 34.6 35.2 35.5 35.9 36.3 36.4 36.9 37.6 38.6 40.1 41.2 42.3 43.3 43.3 43.4 44.2 45 45.4 46.5 48.8 50 52.1 53.2 54.1 55.6 59
-0.8 -0.8 -0.8 -0.8 -0.8 -0.8 -0.8 -0.8 -0.8 -0.8 -0.8 -0.8 -0.8 -0.8 -0.8 -0.8 -0.8 -0.8 -0.8 -0.8 -0.8 -0.8 -0.8 -0.8 -0.8 -0.8 -0.8 -0.8 -0.8 -0.8 -0.8 -0.8 -0.8 -0.8 -0.8 -0.8 -0.8 -0.8 -0.8 -0.8 -0.8 -0.8 14.4 23.6 26.1 27.8 27.1 28.5 27.7 28.5 29 29.5 30.1 30.8 31.1 31.7 32.6 32.8 33.3 33.5 33.7 34 34.4 34.9 35.2 35.7 37 38.4 39.9 40.9 42 42.5 42.6 42.8 43.1 43.9 44.2 44.6 46 48.4 49.7 52.1 51.6 52.1 55.9
-0.8 -0.8 -0.8 -0.8 -0.8 -0.8 -0.8 -0.8 -0.8 -0.8 -0.8 -0.8 -0.8 -0.8 -0.8 -0.8 -0.8 -0.8 -0.8 -0.8 -0.8 -0.8 -0.8 -0.8 -0.8 -0.8 -0.8 -0.8 -0.8 -0.8 -0.8 -0.8 -0.8 5.4 -0.8 -0.8 -0.8 -0.8 -0.8 -0.8 11.1 -0.8 20.3 26.2 27.3 27.9 26.5 26.5 27 27.8 28.4 28.9 29.4 30.1 30.3 30.7 31.2 31.5 32.2 32.4 32.6 32.8 32.9 33.6 34.5 35.3 36.7 38.2 39.6 40.7 40.9 41.8 42 42.1 42.2 42.7 43.8 45.1 46.9 47.3 48.9 49.2 49.8 50.2 53.9
-0.8 -0.8 -0.8 -0.8 -0.8 -0.8 -0.8 -0.8 -0.8 -0.8 -0.8 -0.8 -0.8 -0.8 -0.8 -0.8 -0.8 -0.8 -0.8 3.4 -0.8 -0.8 -0.8 -0.8 -0.8 -0.8 -0.8 -0.8 -0.8 -0.8 -0.8 -0.8 5.2 9.5 5.8 4.1 -0.8 9.2 15.9 -0.8 -0.8 13.9 17.8 26.4 28.4 26.5 26.5 26.5 26.5 27.1 27.7 28.3 28.8 29.3 29.5 29.8 29.9 30.2 31.1 31.3 31.5 31.8 32.6 33.5 35.1 35.9 36.5 38 39.3 39.8 39.9 40.9 41.4 41.5 42.3 43.2 44 45.8 47.4 47.9 47.7 47.8 47.3 47.7 51
-0.8 -0.8 -0.8 -0.8 -0.8 -0.8 -0.8 -0.8 -0.8 -0.8 -0.8 -0.8 -0.8 -0.8 -0.8 -0.8 -0.8 -0.8 -0.8 -0.8 -0.8 -0.8 -0.8 -0.8 -0.8 -0.8 -0.8 -0.8 -0.8 -0.8 2 6.8 8.9 11.1 10.3 5.7 -0.8 8.4 20.9 20.4 -0.8 12.4 17.3 21.7 27.5 26.5 26.5 26.5 26.5 26.7 27.1 27.6 28.2 28.5 28.7 28.9 28.5 28.9 30 30.8 31.5 32.3 33.1 33.9 35 36.8 37.2 37.8 38.6 38.6 39 40 41.1 42.1 43.1 43.2 44 45.9 47.7 47.9 47.8 47.4 46.6 46.6 47.3
-0.8 -0.8 -0.8 -0.8 -0.8 -0.8 -0.8 -0.8 -0.8 -0.8 -0.8 -0.8 -0.8 -0.8 -0.8 -0.8 -0.8 -0.8 -0.8 -0.8 -0.8 -0.8 -0.8 -0.8 -0.8 -0.8 -0.8 -0.8 -0.8 -0.8 11.8 10.8 9.8 8.8 17.7 14.2 1.3 20.8 21.5 21.6 25.4 23.2 34.3 30.6 26.5 26.5 26.5 26.5 26.4 26.5 27.3 28 28.3 28.5 26.8 27.1 27.9 29.7 30.5 31.2 31.9 32.7 33.5 34.4 35.3 36.7 38.5 37.6 37.5 38.5 40.3 41.9 43.1 42.9 42.8 42.5 43.9 45.9 47.4 47.9 47.5 46.3 45.1 45.2 45
-0.8 -0.8 -0.8 -0.8 -0.8 -0.8 -0.8 -0.8 -0.8 -0.8 -0.8 -0.8 -0.8 -0.8 -0.8 -0.8 -0.8 -0.8 -0.8 -0.8 -0.8 -0.8 -0.8 -0.8 -0.8 -0.8 -0.8 -0.8 -0.8 -0.8 13.5 14.9 4.4 14.5 19.6 19.9 7.3 23 31 26.3 30 30.4 32.1 31 28.1 25.9 25.4 25.4 25.6 26.2 26.7 27.8 27.5 28.3 26.5 28.1 28.5 30 30.9 31.6 32.4 33.1 34 34.9 36 36.5 36.4 37.8 38.4 39.1 41.2 43.4 44.9 43.2 42.1 41.9 43.9 45.8 47 47.1 45.6 44.8 43.7 43 42.6
-0.8 -0.8 -0.8 -0.8 -0.8 -0.8 -0.8 -0.8 -0.8 -0.8 -0.8 -0.8 -0.8 -0.8 -0.8 -0.8 -0.8 -0.8 -0.8 -0.8 -0.8 -0.8 -0.8 -0.8 -0.8 -0.8 -0.8 -0.8 -0.8 -0.8 -0.8 2.2 10.9 17.4 19 20.6 14.8 24.3 33.6 31.5 31.6 31.7 31.9 30.1 27.1 25.4 25.1 25 25.2 25.7 25.7 25.8 25.2 25.6 25.9 27.8 29.3 30.3 31.2 32 32.8 33.6 34.9 36.3 37.5 37.6 37.2 38 38.9 39.9 41.8 43.2 44.5 46.4 44.1 41.5 42.4 45.2 46 45.4 42.8 41.6 40.8 39 38.8
-0.8 -0.8 -0.8 -0.8 -0.8 -0.8 -0.8 -0.8 -0.8 -0.8 -0.8 -0.8 -0.8 -0.8 -0.8 -0.8 -0.8 -0.8 -0.8 -0.8 -0.8 -0.8 -0.8 -0.8 -0.8 -0.8 -0.8 -0.8 -0.8 -0.8 -0.8 7.8 12.4 17 18.6 21.3 24.1 26.5 31.9 32.1 33.3 33.2 33.4 29.4 27.5 25.8 24.8 24.5 24.8 24.7 24.8 24.9 24.8 24.4 25.9 27.5 29.7 30.7 31.3 32 33.3 35.2 36.6 37.8 38.8 38.7 38 38.8 39.7 39.5 41.1 42.5 43.4 43.3 43 41.9 40.6 41.5 43.4 43.6 41.5 38.5 37.2 35.3 34.7
-0.8 -0.8 -0.8 -0.8 -0.8 -0.8 -0.8 -0.8 -0.8 -0.8 -0.8 -0.8 -0.8 -0.8 -0.8 -0.8 -0.8 -0.8 -0.8 -0.8 -0.8 -0.8 -0.8 -0.8 -0.8 -0.8 -0.8 -0.8 -0.8 -0.8 -0.8 -0.8 13.5 15.8 18.8 21.7 22.7 25.4 31.4 31.9 31.1 32.6 34.1 29.9 28.7 28.2 25 24.3 24.3 23.8 23.9 23.9 23.9 22.6 25.8 28.3 30.8 30.3 30.8 32.4 34.8 37.5 38 39.1 40.1 39.7 38.7 39.6 38.8 39 40.7 42.3 42.3 43 43.4 42.2 38.7 39 39 39.5 39.9 35.4 34.5 32.3 30.9
-0.8 -0.8 -0.8 -0.8 -0.8 -0.8 -0.8 -0.8 -0.8 -0.8 -0.8 -0.8 -0.8 -0.8 -0.8 -0.8 -0.8 -0.8 -0.8 -0.8 -0.8 -0.8 -0.8 -0.8 -0.8 -0.8 -0.8 -0.8 -0.8 -0.8 -0.8 -0.8 14.5 14.6 17.3 21.5 19.6 19.5 26.3 26.6 27.5 28.9 29.9 29.3 31.4 30.5 25.4 24.5 23.9 22.9 23.7 23.6 23.6 23.8 24.7 27.3 28.1 29.1 30.3 32.2 36.7 36.9 38.6 39.6 40.4 40.1 39.7 38.8 37.7 38.6 40.4 42.1 41.8 42.8 43.9 41.6 38 36.1 35.6 36.2 35.4 33.9 32.1 32.4 34.7
-0.8 -0.8 -0.8 -0.8 -0.8 -0.8 -0.8 -0.8 -0.8 -0.8 -0.8 -0.8 -0.8 -0.8 -0.8 -0.8 -0.8 -0.8 -0.8 -0.8 -0.8 -0.8 -0.8 -0.8 -0.8 -0.8 -0.8 -0.8 -0.8 -0.8 -0.8 -0.8 8.1 13.1 15.2 17.1 15.6 15.2 18.9 21.4 24.1 25.6 26.3 26.2 28.4 32.5 26.7 25.1 24.4 23.5 22.8 22.8 22.8 22.9 22.5 26.8 27.8 28.1 29.1 32.5 35.7 35.9 39 40.1 39.2 38.3 38 35 35 36.1 37.8 40.2 42.2 42.6 41.7 39.8 37.9 34.3 33.4 33.8 33 30.2 35.9 37.8 38.8
-0.8 -0.8 -0.8 -0.8 -0.8 -0.8 -0.8 -0.8 -0.8 -0.8 -0.8 -0.8 -0.8 -0.8 -0.8 -0.8 -0.8 -0.8 -0.8 -0.8 -0.8 -0.8 -0.8 -0.8 -0.8 -0.8 -0.8 -0.8 -0.8 -0.8 -0.8 -0.8 -0.8 9.4 13 13.4 9.9 4.8 15.1 19 20.6 22.3 22.5 22.5 23 25.3 26.1 25.3 24.4 23.5 22.7 22 21.4 21.2 22.1 24.2 25.9 26.6 29.4 31.3 35.4 38.3 37.5 38.6 37.4 36.7 35.6 33.5 33.1 33.5 35.2 37.6 39.2 38.1 36.5 35.5 35.9 32.5 31.7 30.4 29 36 39.1 39.2 39.9
-0.8 -0.8 -0.8 -0.8 -0.8 -0.8 -0.8 -0.8 -0.8 -0.8 -0.8 -0.8 -0.8 -0.8 -0.8 -0.8 -0.8 -0.8 -0.8 -0.8 -0.8 -0.8 -0.8 -0.8 -0.8 -0.8 -0.8 -0.8 -0.8 -0.8 -0.8 -0.8 -0.8 -0.8 8.3 10.1 8.2 1.3 6.8 8.4 12.6 20.7 22 21.8 21.5 22 22.9 23.4 23.4 23.1 22.6 21.8 21.5 17.2 20.6 22 24 25.6 27.5 30.3 38.6 34.8 35.2 34.9 34.8 35.1 33 34.3 32.5 32.6 32.8 33.2 35.1 34.5 33.1 31.8 33 29.3 27.8 29.3 34.2 37.1 38.4 39.1 39.8
-0.8 -0.8 -0.8 -0.8 -0.8 -0.8 -0.8 -0.8 -0.8 -0.8 -0.8 -0.8 -0.8 -0.8 -0.8 -0.8 -0.8 -0.8 -0.8 -0.8 -0.8 -0.8 -0.8 -0.8 -0.8 -0.8 -0.8 -0.8 -0.8 -0.8 -0.8 -0.8 -0.8 -0.8 6.6 5.5 5.1 -0.8 5.3 4 10.6 15.8 21.3 20.5 20.3 20.2 20.6 21.2 21.7 21.5 21.4 19.8 14.5 20.6 21.7 21.8 23.3 25.2 32.6 36.5 35 33.1 31 32.8 31.6 30.4 29.5 31.2 30 29.9 30 30.2 31.3 31.7 30.4 28.4 27 26.9 27.3 31.4 35.1 37.9 39.8 41.5 41.9
-0.8 -0.8 -0.8 -0.8 -0.8 -0.8 -0.8 -0.8 -0.8 -0.8 -0.8 -0.8 -0.8 -0.8 -0.8 -0.8 -0.8 -0.8 -0.8 -0.8 -0.8 -0.8 -0.8 -0.8 -0.8 -0.8 -0.8 -0.8 -0.8 -0.8 -0.8 -0.8 -0.8 -0.8 4.6 -0.8 -0.8 -0.8 -0.8 2.9 5.9 7.9 13.3 20 16.9 15.9 18.5 19 19.5 19.7 17.1 13.1 20.2 21 21.8 22.4 23.4 25.9 30.7 32.2 31.3 30 28 31.1 28.7 26.9 27.1 27.4 27.7 27.3 27.4 27.9 29.3 27.4 26.3 26.5 25.7 26.1 28.7 30.9 34.5 37.9 40.5 42.6 43.8
-0.8 -0.8 -0.8 -0.8 -0.8 -0.8 -0.8 -0.8 -0.8 -0.8 -0.8 -0.8 -0.8 -0.8 -0.8 -0.8 -0.8 -0.8 -0.8 -0.8 -0.8 -0.8 -0.8 -0.8 -0.8 -0.8 -0.8 -0.8 -0.8 -0.8 -0.8 -0.8 -0.8 -0.8 1 -0.8 -0.8 -0.8 -0.8 -0.8 3.4 7.1 10 9.2 8.4 15.7 16.5 18.6 14.5 12.1 14.9 19.9 20 20.9 21.7 22.5 24.3 26.3 26.3 27.3 27.2 27.1 27 27.1 25.9 25.3 25.6 25.9 25.4 25.6 26.7 27.5 28.5 27.1 25.1 24.8 24.8 26 28.4 30.7 33.6 35.7 38.6 42.2 43.4
-0.8 -0.8 -0.8 -0.8 -0.8 -0.8 -0.8 -0.8 -0.8 -0.8 -0.8 -0.8 -0.8 -0.8 -0.8 -0.8 -0.8 -0.8 -0.8 -0.8 -0.8 -0.8 -0.8 -0.8 -0.8 -0.8 -0.8 -0.8 -0.8 -0.8 -0.8 -0.8 -0.8 -0.8 -0.8 -0.8 -0.8 -0.8 -0.8 -0.8 -0.8 1.2 1.3 2 7.4 11.8 19 13.5 10.3 16 19 19.9 20.8 20.9 22.1 23.4 24.3 24.8 25.7 26.9 26.8 26.7 26.6 26.3 24.6 25 25.1 25.1 24.7 24.5 26.1 26.6 26.9 26.2 24 24.9 25.9 28.2 27.7 29.6 30.3 33.7 38.9 39.9 40.6
-0.8 -0.8 -0.8 -0.8 -0.8 -0.8 -0.8 -0.8 -0.8 -0.8 -0.8 -0.8 -0.8 -0.8 -0.8 -0.8 -0.8 -0.8 -0.8 -0.8 -0.8 -0.8 -0.8 -0.8 -0.8 -0.8 -0.8 -0.8 -0.8 -0.8 -0.8 -0.8 -0.8 -0.8 -0.8 -0.8 -0.8 -0.8 -0.8 -0.8 -0.8 -0.8 1.2 4.3 9.5 18.3 8.7 10.3 18.4 19.8 19.4 20.4 21.1 21.3 22 23 23.5 24.2 25.2 26.5 26.4 26.3 26.2 25.8 24.9 24.8 24.2 24.2 23.9 24.9 24.4 23.5 24.1 27.8 30 28.9 31 29.6 29.3 29.1 30.6 32.2 35.7 38.3 37
-0.8 -0.8 -0.8 -0.8 -0.8 -0.8 -0.8 -0.8 -0.8 -0.8 -0.8 -0.8 -0.8 -0.8 -0.8 -0.8 -0.8 -0.8 -0.8 -0.8 -0.8 -0.8 -0.8 -0.8 -0.8 -0.8 -0.8 -0.8 -0.8 -0.8 -0.8 -0.8 -0.8 -0.8 -0.8 -0.8 -0.8 -0.8 -0.8 -0.8 -0.8 -0.8 -0.8 6.5 7 4.1 3.7 9.9 16.2 19.6 20.6 20.9 21.4 21.9 22.7 23.1 23.4 24 24.9 26.6 26.3 26 25.7 25.3 25.3 25.2 23.7 23.2 23 24.6 24.3 23.3 25.8 32.2 32.5 32.8 32.5 32.1 33.2 34.7 32.7 30.1 31.1 33.6 35.5
-0.8 -0.8 -0.8 -0.8 -0.8 -0.8 -0.8 -0.8 -0.8 -0.8 -0.8 -0.8 -0.8 -0.8 -0.8 -0.8 -0.8 -0.8 -0.8 -0.8 -0.8 -0.8 -0.8 -0.8 -0.8 -0.8 -0.8 -0.8 -0.8 -0.8 -0.8 -0.8 -0.8 -0.8 -0.8 -0.8 -0.8 -0.8 -0.8 -0.8 1.5 -0.8 -0.8 -0.8 1.3 4.1 7.9 16.4 19.4 19.9 20.6 21.2 21.7 22.4 23.4 24.6 27.3 26.9 25.9 28 28.5 27.8 25.9 25.3 25.5 24.5 23.6 22.5 22.1 23.1 22.3 23.5 25.3 29.3 32.4 32.6 33 34 35.7 37.6 36.6 35.3 34.8 33.7 34.2
-0.8 -0.8 -0.8 -0.8 -0.8 -0.8 -0.8 -0.8 -0.8 -0.8 -0.8 -0.8 -0.8 -0.8 -0.8 -0.8 -0.8 -0.8 -0.8 -0.8 -0.8 -0.8 -0.8 -0.8 -0.8 -0.8 -0.8 -0.8 -0.8 -0.8 -0.8 -0.8 -0.8 -0.8 -0.8 -0.8 -0.8 -0.8 -0.8 -0.8 -0.8 -0.8 4.6 4.4 5.9 8.2 19.1 19.1 19.7 20.5 21.7 22 22.3 22.8 23.7 35.3 33.4 29.9 27.5 28.8 30.3 30.6 27.1 25.3 24.3 23.3 22.5 22.2 24.1 24.7 23.8 25.2 24.6 27.7 28.1 30.1 32.8 34 35.7 36.9 36.9 36.8 35.7 35.7 37.4
-0.8 -0.8 -0.8 -0.8 -0.8 -0.8 -0.8 -0.8 -0.8 -0.8 -0.8 -0.8 -0.8 -0.8 -0.8 -0.8 -0.8 -0.8 -0.8 -0.8 -0.8 -0.8 -0.8 -0.8 -0.8 -0.8 -0.8 -0.8 -0.8 -0.8 -0.8 -0.8 -0.8 -0.8 -0.8 -0.8 -0.8 -0.8 -0.8 -0.8 -0.8 -0.8 1.5 3.2 5.7 6.9 8.3 18.9 20 21.1 22.4 23.3 23.8 24.1 23.2 25.7 27.3 27.4 27.3 28.6 29.9 27.6 25.6 24.3 23.5 22.3 21.1 21.9 23 24.8 25 26.2 27.8 27.3 27.4 28.7 30.8 33 34.3 36 36.7 36.6 36.9 37.2 40.6
-0.8 -0.8 -0.8 -0.8 -0.8 -0.8 -0.8 -0.8 -0.8 -0.8 -0.8 -0.8 -0.8 -0.8 -0.8 -0.8 -0.8 -0.8 -0.8 -0.8 -0.8 -0.8 -0.8 -0.8 -0.8 -0.8 -0.8 -0.8 -0.8 -0.8 -0.8 -0.8 -0.8 -0.8 -0.8 -0.8 -0.8 -0.8 -0.8 -0.8 -0.8 -0.8 2.1 3.9 5.1 5.8 6.1 16.1 21.4 23.1 24.5 24.9 25.3 27.1 26.4 26 26.2 26.1 25.8 25.8 27.8 26.2 24.6 23.2 22.4 22 20.6 21.6 22.5 23.7 26.7 26.6 27.8 27.7 27.4 27.5 29.6 32.3 34.1 35.7 36.6 36.2 37.9 39.3 41.5
-0.8 -0.8 -0.8 -0.8 -0.8 -0.8 -0.8 -0.8 -0.8 -0.8 -0.8 -0.8 -0.8 -0.8 -0.8 -0.8 -0.8 -0.8 -0.8 -0.8 -0.8 -0.8 -0.8 -0.8 -0.8 -0.8 -0.8 -0.8 -0.8 -0.8 -0.8 -0.8 -0.8 -0.8 -0.8 -0.8 -0.8 -0.8 -0.8 -0.8 -0.8 -0.8 -0.8 -0.8 4.4 5.9 7.4 9.9 20.5 23.8 28.4 32 30.5 28.9 27.7 28 26.5 25.6 25.3 24.8 25.9 25.2 23.5 21.9 21.5 20.4 22.1 22.5 22.5 25 24.5 26 27.7 28 27.9 27.6 28.2 31.5 32.7 33.9 34.6 35.3 38.4 40.1 43.1
-0.8 -0.8 -0.8 -0.8 -0.8 -0.8 -0.8 -0.8 -0.8 -0.8 -0.8 -0.8 -0.8 -0.8 -0.8 -0.8 -0.8 -0.8 -0.8 -0.8 -0.8 -0.8 -0.8 -0.8 -0.8 -0.8 -0.8 -0.8 -0.8 -0.8 -0.8 -0.8 -0.8 -0.8 -0.8 -0.8 -0.8 -0.8 -0.8 -0.8 -0.8 -0.8 0.6 0.9 4.5 7.6 8.2 8.9 18.3 25.2 29.4 32.4 31.6 31.9 30.6 29.3 27.4 26.1 24.9 23.7 24.1 23.8 22.5 20.8 20.7 22.4 25.1 26.8 25.4 24.8 24.4 25.3 27.2 27.8 27.7 27.8 28.3 29 30.9 31.8 32.7 33.5 36.8 40.9 43.5
-0.8 -0.8 -0.8 -0.8 -0.8 -0.8 -0.8 -0.8 -0.8 -0.8 -0.8 -0.8 -0.8 -0.8 -0.8 -0.8 -0.8 -0.8 -0.8 -0.8 -0.8 -0.8 -0.8 -0.8 -0.8 -0.8 -0.8 -0.8 -0.8 -0.8 -0.8 -0.8 -0.8 -0.8 -0.8 -0.8 -0.8 -0.8 -0.8 -0.8 -0.8 -0.8 -0.8 -0.8 5 5.5 8.2 9.2 17.4 22.6 29.6 31.8 30.5 31.8 33.2 31.9 30.1 27.3 25.1 22.9 22.2 21.9 21.6 19.8 20.6 28.5 28.8 28.8 28.2 27.4 25.6 25.8 26.7 29 28 27.9 28.6 29.6 30.2 31.2 32.1 35 37.4 41.4 42.6
-0.8 -0.8 -0.8 -0.8 -0.8 -0.8 -0.8 -0.8 -0.8 -0.8 -0.8 -0.8 -0.8 -0.8 -0.8 -0.8 -0.8 -0.8 -0.8 -0.8 -0.8 -0.8 -0.8 -0.8 -0.8 -0.8 -0.8 -0.8 -0.8 -0.8 -0.8 -0.8 3.2 -0.8 -0.8 -0.8 -0.8 -0.8 -0.8 -0.8 -0.8 -0.8 -0.8 -0.8 4.6 6.7 10.5 15.7 18.7 19.9 22.7 26 26.5 25.5 27.3 29.5 31.2 29.4 26.7 23.8 21.1 20 19.5 19.8 22.1 28.4 29.4 30 29.5 28.8 30.2 30.1 28.4 28.5 29.3 28.5 29 29.8 30.2 30.8 31.8 33.4 35.4 38.8 40.6
