app/static/ascii/NR24.asc
ncols 200
nrows 200
xllcorner 120000
yllcorner 640000
cellsize 50
[rows 116 to 173 of 200, columns 96 to 191 of 200]
0 0 0 0 0 0 0 0 0 0 0 0 0 0 0 0 0 0 0 0 0 0 0 0 0 0 0 0 0 0 0 0 0 0 0 0 0 0 0 0 0 0 0 0 0 0 0 0 0 0 0 0 25.8 35.1 62.2 60.5 44.2 53.9 63 66.7 69.6 72.4 72.8 72.2 71.9 71.6 72.2 73.3 74.4 79.3 79.9 84 86.5 89.2 91.9 95.3 98.9 101.8 104.5 106.7 109 110.5 115.9 117.1 116.6 116 116.2 120.4 122.5 122.8 125.8 124.4 123.4 125 124.6 126.7
0 0 0 0 0 0 0 0 0 0 0 0 0 0 0 0 0 0 0 0 0 0 0 0 0 0 0 0 0 0 0 0 0 0 0 0 0 0 0 0 0 0 0 0 0 0.5 0 0 0 0 0 0 1 20.5 32.3 35.4 42.7 54 61.7 66.3 69.6 72.5 74.6 74.4 74.1 73.8 73.8 74.6 75.3 82 82.1 82.4 85.1 87.8 91.4 95.5 96.6 98.6 100.9 105.1 108.6 108 108.8 109.7 112 112.9 114 117.9 121.2 117.3 122.7 122 118.2 119.8 123.9 126
0 0 0 0 0 0 0 0 0 0 0 0 0 0 0 0 0 0 0 0 0 0 0 0 0 0 0 0 0 0 0 0 0 0 0 0 0 0 0 0 0 0 0 0 0 0 0 0 0 0 0 0 1.9 29.2 39.1 39.5 45.5 54.4 61.8 66.1 69.1 72 74.3 74.6 75 75.4 75.7 75.6 76.3 76.8 79.2 81.3 83.8 87.1 91.7 93.6 94.3 95.1 96.9 99.1 101.4 103.3 106.9 110.4 110.3 111.1 114.5 117.4 116 115 114.5 114.1 114.5 117.5 122.4 127.8
0 0 0 0 0 0 0 0 0 0 0 0 0 0 0 0 0 0 0 0 0 0 0 0 0 0 0 0 0 0 0 0 0 0 0 0 0 0 0 0 0 0 0 0 0 0 0 0 0 0 0 0 24.5 47.5 51.1 41.3 46.2 55.7 62.9 65.7 68.5 71.8 74 74.3 74.4 74.6 75.1 75.8 76.1 76.3 76.8 78.8 82.6 84.3 89.1 91 91.8 92.8 94.5 96.4 100.5 104.7 106.8 108 108.4 111.9 110.7 114.7 113 115.4 112.6 107.2 110.2 114.3 118.4 120.9
0 0 0 0 0 0 0 0 0 0 0 0 0 0 0 0 0 0 0 0 0 0 0 0 0 0 0 0 0 0 0 0 0 0 0 0 0 0 0 0 0 0 0 0 0 0 0 0 0 0 0 30.2 47.3 50.8 40.5 39.2 43.4 55.6 65.7 67.4 68.8 71.6 73.1 73.2 73.6 73.9 74.5 75.3 76 76.8 77.6 78.4 79.4 81.1 83.8 86.6 89 90.4 91.7 95.3 100.1 103.5 105.6 105.7 108.2 110.1 110.3 110.9 109.8 112.1 109.8 104.3 104.8 112.3 115.3 118.3
0 0 0 0 0 0 0 0 0 0 0 0 0 0 0 0 0 0 0 0 0 0 0 0 0 0 0 0 0 0 0 0 0 0 0 0 0 0 0 0 0 0 0 0 0 0 0 0 0 0 0.8 44.3 59.9 39 36.4 34.5 39.4 51.7 61.6 68.9 66.4 68.3 71.2 72.5 72.9 73.3 74 74.8 75.5 76.3 77.1 78.2 79.3 79.8 81.6 83.8 85.3 86.5 89.3 93.5 99.3 101.8 100.8 103.3 109 110.2 110.1 106.4 103.7 102.8 101.2 97.2 99.6 103.1 113.5 110.9
0 0 0 0 0 0 0 0 0 0 0 0 0 0 0 0 0 0 0 0 0 0 0 0 0 0 0 0 0 0 0 0 0 0 0 0 0 0 0 0 0 0 0 0 0 0 0 0 0 0 0 39.4 44.3 25.4 24.9 30.9 37.9 47.9 61.3 61.3 62.7 65.3 68.2 70.7 72.1 72.7 73.5 74.2 75 75.9 77 78.1 79.2 80.3 82.6 85.2 87.5 89.8 91.3 91.9 93.1 95.2 99 100.5 103.2 104.1 103.1 100.1 98.1 98.1 95.1 91.6 93.9 94.6 100.9 104.3
0 0 0 0 0 0 0 0 0 0 0 0 0 0 0 0 0 0 0 0 0 0 0 0 0 0 0 0 0 0 0 0 0 0 0 0 0 0 0 0 0 0 0 0 0 0 0 0 0 0 0 21.9 21.2 6.2 6.9 10 29.7 40.2 44.4 52.3 61.5 64.3 64.2 67.9 70.3 72.2 72.9 73.7 74.6 75.7 76.8 77.7 78.7 79.4 81.7 83.7 84.2 86.4 88.6 92.1 92.2 94.2 97.8 97.1 98.9 97.4 96.4 94.3 92.8 91 88.6 87.5 87.8 88.7 88 90.4
0 0 0 0 0 0 0 0 0 0 0 0 0 0 0 0 0 0 0 0 0 0 0 0 0 0 0 0 0 0 0 0 0 0 0 0 0 0 0 0 0 0 0 0 0 0 0 0 0 0 0 0 1.9 0.5 2.1 11.8 34.5 45.2 51.2 57.8 61.7 66.1 69.9 69.7 68.8 71.6 72.4 73.2 74.2 75.2 76.1 77.1 78.1 78.4 78.7 79.6 81.7 82.6 84.9 87.7 92 94.2 96.6 99.7 93.5 93.9 92.3 90.4 88.4 85.9 83.7 82.8 83.6 84 82.4 83.1
0 0 0 0 0 0 0 0 0 0 0 0 0 0 0 0 0 0 0 0 0 0 0 0 0 0 0 0 0 0 0 0 0 0 0 0 0 0 0 0 0 0 0 0 0 0 0 0 0 0 0 0 0 0 0.8 6 22.8 37 53 57.8 61.2 64.8 69.9 71.1 70 70.1 71.9 72.5 73.2 74.5 75.5 76.5 77.2 77.7 77.5 78.2 79.1 80.1 81.2 82.8 85.2 88.3 92.8 98.1 93.7 89.9 88.1 86.4 84.5 82.6 79.6 76.8 80 78.2 78.1 80.3
0 0 0 0 0 0 0 0 0 0 0 0 0 0 0 0 0 0 0 0 0 0 0 0 0 0 0 0 0 0 0 0 0 0 0 0 0 0 0 0 0 0 0 0 0 0 0 0 0 0 0 0 0 0 1.8 7.1 28.1 48.3 54.5 60.4 59.6 63.3 67.9 70.9 71.4 71.5 71.4 71.9 72.4 73.4 74.9 75.8 76.5 76.3 76.2 76.7 77.7 78.2 79.3 80.6 81.8 84.2 85.5 90.3 88.5 87.9 84.2 82.9 81.2 79.3 76.1 73.3 73.7 75.1 75.5 77.8
0 0 0 0 0 0 0 0 0 0 0 0 0 0 0 0 0 0 0 0 0 0 0 0 0 0 0 0 0 0 0 0 0 0 0 0 0 0 0 0 0 0 0 0 0 0 0 0 0 0 0 0 0 0 1.7 13.8 32.2 40.6 45.6 56.3 57.7 59.7 63.9 68.8 71.6 74 73.3 72.8 72.3 72.3 73.5 74.9 75.7 74.9 75 75.3 76.1 76.4 77.3 78.6 79.8 80.7 81.5 83.6 83.9 82.2 80.9 79.4 77.8 75.8 71.9 71.8 72 76 78.5 79.6
0 0 0 0 0 0 0 0 0 0 0 0 0 0 0 0 0 0 0 0 0 0 0 0 0 0 0 0 0 0 0 0 0 0 0 0 0 0 0 0 0 0 0 0 0 0 0 0 0 0 0 0 0 0 2.1 23.6 22.8 29.9 35 43.5 49.5 52.8 58.7 61.4 63.8 71.2 69.4 72.2 72.2 71.5 70 71 72 73.9 73.8 73.8 74.2 74.5 75.3 76.6 77.3 78.1 78.4 78.7 78.5 78 77.3 75.9 74.5 72.5 70 70.2 73 77 79.4 82.4
0 0 0 0 0 0 0 0 0 0 0 0 0 0 0 0 0 0 0 0 0 0 0 0 0 0 0 0 0 0 0 0 0 0 0 0 0 0 0 0 0 0 0 0 0 0 0 0 0 0 0 0 0 0.6 6.3 27 29.7 28.2 26.5 31.1 36.2 42.5 47.2 50.4 50.6 58.9 63.1 65.9 68.8 68.1 63 66 67.8 67.7 70.1 72 72.3 72.7 73.4 74.2 74.5 75.6 75.9 75.4 75.8 76.1 71.1 70.8 70.8 69.3 68.9 69.6 72.4 76 79.1 82.4
0 0 0 0 0 0 0 0 0 0 0 0 0 0 0 0 0 0 0 0 0 0 0 0 0 0 0 0 0 0 0 0 0 0 0 0 0 0 0 0 0 0 0 0 0 0 0 0 0 0 0 0 0 6.4 6.1 9 22.8 33.8 36.4 35.9 33.6 32.2 32.8 36.8 41.2 49.5 53.9 57.9 60.7 55.7 54.3 56 60.2 60.8 65.1 68.2 68.1 69.9 69.9 70.3 73.2 75.3 75.1 71 68 63.6 64.6 65.6 66.1 67.3 69.6 70.9 71.2 72.8 76.2 79.6
0 0 0 0 0 0 0 0 0 0 0 0 0 0 0 0 0 0 0 0 0 0 0 0 0 0 0 0 0 0 0 0 0 0 0 0 0 0 0 0 0 0 0 0 0 0 0 0 0 0 0 0 0.8 21.4 28.5 24.8 27 36.4 38.7 41.3 41.9 40.3 40.3 39.3 36.4 40.6 45 47 48.2 46.1 46.1 45.5 49.9 53.2 56.3 59.1 54.7 58 60.8 64 66.3 66.7 60.9 71.5 66.6 66.8 68.7 68 66.9 68.5 69.8 71.9 74.9 71.9 74.2 78.5
0 0 0 0 0 0 0 0 0 0 0 0 0 0 0 0 0 0 0 0 0 0 0 0 0 0 0 0 0 0 0 0 0 0 0 0 0 0 0 0 0 0 0 0 0 0 0 0 0 0 0.7 2.9 6.9 19.9 31.7 34.4 36.8 39.2 41.6 44.2 45.2 45.2 45.5 47.2 42 39.8 37.1 38.5 38.7 39.8 40.2 42 43 45.3 47 45.2 47.8 47.5 48.6 50.3 50.6 68 69.7 72.3 70.7 71 70.5 69.8 67 68.9 70.3 71.2 71.6 72.3 73 77.2
0 0 0 0 0 0 0 0 0 0 0 0 0 0 0 0 0 0 0 0 0 0 0 0 0 0 0 0 0 0 0 0 0 0 0 0 0 0 0 0 0 0 0 0 0 0 0 0 0 0 10.6 17.6 26.6 28.4 35.8 38.3 40.4 43.6 46.2 48.9 50.1 52.9 53.2 53.4 51 49.5 48 44.9 44.8 43.9 45.7 46.9 46.9 46.2 46.7 52.3 56.1 57.6 64.4 64.7 65.3 64.7 67.6 72 74.2 73.3 71 71.2 69.1 68.8 70.3 71.2 71.6 72.4 73.2 76.8
0 0 0 0 0 0 0 0 0 0 0 0 0 0 0 0 0 0 0 0 0 0 0 0 0 0 0 0 0 0 0 0 0 0 0 0 0 0 0 0 0 0 0 0 0 0 0 0 17.6 2.2 22.3 27.9 29.3 34.5 38.8 43.3 47.2 50.6 53.1 56.8 60 61.8 61.3 60.7 60.7 60.2 56.7 52.5 50.9 49.6 49 52.4 56.3 58.2 59.7 62 63.5 64.1 69.9 72.1 72 71.9 70.7 70.3 70.6 72.1 72.4 72.6 71.5 68.7 70.2 71.1 71.6 72.5 73.6 77
0 0 0 0 0 0 0 0 0 0 0 0 0 0 0 0 0 0 0 0 0 0 0 0 0 0 0 0 0 0 0 0 0 0 0 0 0 0 0 0 0 0 0 0 0 0 0 8.7 9.1 13 22.8 27.5 31.7 36.2 41.4 46.5 50.6 55.4 61.2 67.4 68 68.4 68.2 68.4 68.6 68.4 66.2 64.2 60 57.6 54.2 53.6 56.4 60.2 62.7 66.4 70.1 68.2 67.4 69.5 72.1 72.8 72.4 72 71.8 72.8 73.1 72.8 71.5 70.3 70.1 71 71.6 73 75.2 76.9
0 0 0 0 0 0 0 0 0 0 0 0 0 0 0 0 0 0 0 0 0 0 0 0 0 0 0 0 0 0 0 0 0 0 0 0 0 0 0 0 0 0 0 0 0 0 0 0.8 2.1 18.8 28.2 21.4 31 36.1 43 49.2 53.8 59.4 64.3 72.2 73.9 74.4 74.5 74.7 74.9 74.4 72.6 70.4 68 64.2 60.8 59.2 56.7 60.4 64.1 69.3 74.8 74.7 72.7 71.3 72.1 72.7 73.2 72.8 72.9 73.6 73.6 72.3 71.7 71.5 71.7 71.9 71.7 74.6 76.8 77.4
0 0 0 0 0 0 0 0 0 0 0 0 0 0 0 0 0 0 0 0 0 0 0 0 0 0 0 0 0 0 0 0 0 0 0 0 0 0 0 0 0 0 0 0 0 0 0 0 14.6 2.7 24.4 34.8 35.5 31.1 42.6 49.2 56.9 63.5 66 72 75.5 77.9 78.5 78.7 78.9 78.3 77.1 77 74.5 72.4 70.4 64.6 59.9 61.3 65 69.3 72.5 73.4 73.7 74 73.3 73.8 74.3 74.3 74 74.2 73.7 73.5 73.2 73.1 73.4 73.1 72.2 72.8 77.6 81.8
0 0 0 0 0 0 0 0 0 0 0 0 0 0 0 0 0 0 0 0 0 0 0 0 0 0 0 0 0 0 0 0 0 0 0 0 0 0 0 0 0 0 0 0 0 0 0 0 0 14.8 53.3 53.4 51.1 46.9 37.5 47.7 60.2 63.7 66.8 71.7 75.7 79.9 81 81.4 82.6 82.2 81.5 80.6 79.5 78.3 75.7 71.5 67.5 62.2 66 69.9 72.4 74.7 75.4 75.7 75.6 76.1 76.5 76.4 76.1 75.8 75.2 75 74.7 74.8 75 75 74 72.7 74.4 78.7
0 0 0 0 0 0 0 0 0 0 0 0 0 0 0 0 0 0 0 0 0 0 0 0 0 0 0 0 0 0 0 0 0 0 0 0 0 0 0 0 0 0 0 0 0 0 0 0 0 16.3 53.5 54.1 57 56.9 58.8 48.3 53.8 68.2 67.3 71.5 76.4 80.4 81.4 82.1 84.8 85.6 84.6 84 83.8 83 81.2 79.3 82.2 78.7 66.6 71.5 74.4 76.2 77.6 77.4 77.9 78.5 78.5 78.4 78.2 77.9 77.2 76.5 76.2 76.4 76.6 76.6 76.3 75.4 73.5 75.7
0 0 0 0 0 0 0 0 0 0 0 0 0 0 0 0 0 0 0 0 0 0 0 0 0 0 0 0 0 0 0 0 0 0 0 0 0 0 0 0 0 0 0 0 0 0 0 0 6.9 5.2 21 42.3 53.4 59.9 60.8 59.1 57 60.4 64.1 69.6 76.9 78.8 80.2 83.4 86.4 86.9 87.1 86 86.3 86.6 86.2 85.8 86.4 86.8 78.8 74.1 76.7 78.4 80.5 81.5 80.3 80.7 80.6 80.4 80.3 80 79.3 78.6 78.2 78.5 78.1 78.1 78.2 75.7 75.9 77.8
0 0 0 0 0 0 0 0 0 0 0 0 0 0 0 0 0 0 0 0 0 0 0 0 0 0 0 0 0 0 0 0 0 0 0 0 0 0 0 0 0 0 0 0 0 0 0 0 0 0 9.3 37.5 49.6 51.8 56 60.8 63.3 67.2 61.2 62.2 71.4 75.6 77.7 82.4 85.9 86.1 86.9 87.9 88.6 89.3 89.4 89.8 89.9 88.8 82.9 81.5 80.6 80.7 82.5 83.7 82.6 82.8 82.6 82.5 82.4 82.2 81.7 81.3 81.2 81.6 80.5 79.6 79.7 76.5 78.4 80
0 0 0 0 0 0 0 0 0 0 0 0 0 0 0 0 0 0 0 0 0 0 0 0 0 0 0 0 0 0 0 0 0 0 0 0 0 0 0 0 0 0 0 0 0 0 0 0 0 0 4.2 45.2 63.2 62.6 60.8 64.4 68.8 72.2 73.5 73.6 66.4 71.4 75.3 79 84 85.3 86.9 88.6 89.3 90 91.8 93 93.3 92.6 88.9 87.3 86.2 85.9 84.9 84.8 85.4 85.6 85.6 85.5 85.4 85.2 84.5 84.2 84.2 84.4 83.3 82.2 79.4 76.2 80.6 82.4
0 0 0 0 0 0 0 0 0 0 0 0 0 0 0 0 0 0 0 0 0 0 0 0 0 0 0 0 0 0 0 0 0 0 0 0 0 0 0 0 0 0 0 0 0 0 0 0 0 0.7 20.6 72.7 74.4 70.4 67.8 68.4 71.8 74.1 76.5 79.9 75 70.5 73.7 79.1 81.5 83.4 85.9 87.5 88.4 90.4 92.6 94 95.1 94.8 94 93 91.9 91 91.3 90.1 88.6 88.7 89 89.1 89.1 88.8 87.8 87.1 87.3 87.1 85.9 83.6 80.1 77.9 81.4 83.4
0 0 0 0 0 0 0 0 0 0 0 0 0 0 0 0 0 0 0 0 0 0 0 0 0 0 0 0 0 0 0 0 0 0 0 0 0 0 0 0 0 0 0 0 0 0 0 0 0.7 13.8 63.5 74.4 75 72.3 76.5 76.3 75 76.8 78.8 80.6 79.4 74.1 76.8 80.7 81.9 83.6 85.8 87 89.1 92.4 94.2 94.6 95.3 95.6 96 95.9 97.3 99.3 99.9 98.8 96.9 93.6 93.7 93.3 92.8 92.4 91.4 90.8 90.4 89.3 87.5 85.7 81.8 77.1 81.8 84.5
0 0 0 0 0 0 0 0 0 0 0 0 0 0 0 0 0 0 0 0 0 0 0 0 0 0 0 0 0 0 0 0 0 0 0 0 0 0 0 0 0 0 0 0 0 0 0 0 30.6 60.4 73.8 76.3 73.9 76.8 79.3 76.9 76.2 78 79.8 79.7 78.5 76.2 78 81.6 84.2 87.1 86.3 87.2 90.5 91.2 93.4 93.8 95.4 97.5 97.8 98 100.4 103.4 104.5 104.8 103.2 100 99 98.1 97.2 96.8 96.5 94.8 93.5 93.1 91.3 89.3 85.7 80.8 78.8 84.5
0 0 0 0 0 0 0 0 0 0 0 0 0 0 0 0 0 0 0 0 0 0 0 0 0 0 0 0 0 0 0 0 0 0 0 0 0 0 0 0 0 0 0 0 0 0 0 0 0.7 21.6 74.9 75.3 77.2 78.4 78.7 77.9 77.5 80.1 81.8 79.7 77.4 77.8 78.8 81.9 85.8 88.1 87.7 88.2 90.9 92.8 92.4 93 94.8 97 99.1 100 102.8 106.6 108.5 109.1 108 106.1 103.7 102.6 101.7 101.7 101.1 98.7 96.6 96 95.1 92.6 89.7 86.1 81.9 80.1
0 0 0 0 0 0 0 0 0 0 0 0 0 0 0 0 0 0 0 0 0 0 0 0 0 0 0 0 0 0 0 0 0 0 0 0 0 0 0 0 0 0 0 0 0 0 0 0 15.5 46 77 80.2 82.1 83.6 82.3 79.9 79.3 78.9 81.8 79.6 79 79.5 80.4 83 84.2 85 87.2 87.6 87.3 88.9 90.5 93 94.3 96.4 98.6 100.8 103.6 107 111 113 111.7 109.8 108 106.7 105.5 104.9 103.8 101.8 100.2 98.5 97.4 95.4 92.3 90 86.3 81.8
0 0 0 0 0 0 0 0 0 0 0 0 0 0 0 0 0 0 0 0 0 0 0 0 0 0 0 0 0 0 0 0 0 0 0 0 0 0 0 0 0 0 0 0 0 0 0 0 21.1 75.2 76.8 80.5 82.9 83.4 82.8 82 81.5 80.9 80.2 80.3 82.1 82.8 82.5 84.3 85.5 86 86.8 87.2 89 90.4 92.6 94.9 95.6 96.8 98.3 100.4 103 105.9 110.6 113.3 113 112.6 111.6 110 108.9 107.8 106.5 105.4 103.9 101.7 99.6 97 94.5 92 88.9 84.9
0 0 0 0 0 0 0 0 0 0 0 0 0 0 0 0 0 0 0 0 0 0 0 0 0 0 0 0 0 0 0 0 0 0 0 0 0 0 0 0 0 0 0 0 0 0 0 14.1 77.2 79.7 78.2 79.3 82.7 84.5 84 82.5 84.1 83.4 82.7 81.1 80.8 81.7 85 86.3 86.7 88 89.1 89.6 91.6 93.4 95.3 96.8 97.3 98.5 99.9 102.6 103.5 104.8 111 112.1 114.4 115.2 115.1 115.1 112.3 111.2 110.1 109.7 107.7 105.6 103.4 99.8 97.5 94 90.8 86.3
0 0 0 0 0 0 0 0 0 0 0 0 0 0 0 0 0 0 0 0 0 0 0 0 0 0 0 0 0 0 0 0 0 0 0 0 0 0 0 0 0 0 0 0 0 0 17.5 75.7 80.2 82.9 82.9 81.7 84.1 85.4 85 84 84.7 85.9 84.7 83 82.1 83.5 83.5 89 90 90.9 91.8 92.7 94.2 96.2 98.1 98.7 99.5 100.6 101.8 103.1 102.8 104.2 106.8 111.2 114.2 115.2 116.3 117.3 117.2 115.1 114.3 112.6 111.2 109.5 107.1 103.5 100 97.2 90.9 87.7
0 0 0 0 0 0 0 0 0 0 0 0 0 0 0 0 0 0 0 0 0 0 0 0 0 0 0 0 0 0 0 0 0 0 0 0 0 0 0 0 0 0 0 0 0 0 75.5 77.6 81.4 84.1 83.1 82.6 83.5 84.8 84.6 84.5 84.8 86.2 88.7 90.6 84.8 82.5 83.4 88.5 91.3 93.1 94 94.4 95.2 97.2 100 102.9 104.5 105.4 105 104 104.6 105.1 104.9 108.5 112.7 115.1 117.5 117.8 118.6 118.3 117.1 115.4 114.1 112.8 110.2 105.3 100.5 97.8 93.4 89.5
0 0 0 0 0 0 0 0 0 0 0 0 0 0 0 0 0 0 0 0 0 0 0 0 0 0 0 0 0 0 0 0 0 0 0 0 0 0 0 0 0 0 0 0 0 0 53.5 67.1 77.4 81.2 83.3 83.4 85.1 85.7 85.7 85.7 85.6 85.7 90.3 91.6 88.8 84.1 84 90.1 94.7 94.6 96.1 96.2 96.3 98.1 102.1 106 107.3 108.3 108.2 104.6 104.2 104.6 104.6 106.5 110.6 114.6 117.2 118.9 120.2 120.1 119.6 117.6 116.9 115.6 112.7 107.2 102.5 96.9 92.9 88.6
0 0 0 0 0 0 0 0 0 0 0 0 0 0 0 0 0 0 0 0 0 0 0 0 0 0 0 0 0 0 0 0 0 0 0 0 0 0 0 0 0 0 0 0 0 0 5.2 41.9 72.9 79.2 83.7 86.4 88.6 86.6 85.6 86.9 86.8 86.7 87.8 85.4 84.8 82.6 84.2 92.2 94.3 96.9 97.1 98.6 98.4 99.5 102.7 105.2 107.2 107.2 106.6 103.7 102.7 103.2 104.1 106 108.9 113 116.8 118.9 118.7 118.6 119 117.4 116.7 115.7 114.6 111.2 101.9 95.8 90.4 87.2
0 0 0 0 0 0 0 0 0 0 0 0 0 0 0 0 0 0 0 0 0 0 0 0 0 0 0 0 0 0 0 0 0 0 0 0 0 0 0 0 0 0 0 0 0 0 0 3.4 19.7 50.3 84.5 89.5 89.1 87.6 85.4 86.6 88.5 86.9 87 84.8 83.9 83.3 83.3 84.7 89.1 95.1 97 99 101.2 103.4 102.2 104.5 105.6 106.3 106.6 103.7 102.1 101.9 103.2 104.4 107.7 111.5 114.5 117 116.2 114.5 113.5 112 112.9 113.8 113.1 106.2 99 93.5 88.2 86.5
0 0 0 0 0 0 0 0 0 0 0 0 0 0 0 0 0 0 0 0 0 0 0 0 0 0 0 0 0 0 0 0 0 0 0 0 0 0 0 0 0 0 0 0 0 0 0 0 24.2 57.7 85.1 93.9 89.9 87.9 87.7 87.2 87.5 87.9 88.9 90.6 86.3 84.8 84.1 85.6 89.5 93.8 98.2 101.1 103.7 107 106.7 105.6 106.1 104.5 103.7 101.9 101 100.2 103.8 104.3 106.1 109.9 110.3 110.6 109.8 108.5 106.6 105.7 104.3 104.8 99.9 93.7 88.3 86 84.7 84.8
0 0 0 0 0 0 0 0 0 0 0 0 0 0 0 0 0 0 0 0 0 0 0 0 0 0 0 0 0 0 0 0 0 0 0 0 0 0 0 0 0 0 0 0 0 0 0 6.3 29.9 65.2 87.1 93.8 92.1 91.3 90.9 90.2 89.7 89.9 90 90.8 90.8 85.7 85.2 86.5 90.7 94.4 98.6 102.4 104.9 106.9 107.7 106.3 106.4 104 101.7 100.3 98.4 97.2 97.6 100.8 101.5 105 104.3 103.7 103.4 103.1 102 100.9 97.2 92.8 87.3 83.3 82.9 82.8 82.9 83.1
0 0 0 0 0 0 0 0 0 0 0 0 0 0 0 0 0 0 0 0 0 0 0 0 0 0 0 0 0 0 0 0 0 0 0 0 0 0 0 0 0 0 0 0 0 0 0 12.1 40.3 65 94.7 95.7 96.4 95.2 95.7 96 96 93.3 94.1 93.7 88.3 86.4 85.8 86.9 91.7 96.2 100.9 104.5 107.2 106.6 105.3 104.6 106.2 103.2 102 100.7 98.8 97.7 96.3 94.3 96.3 97.2 98.3 98.2 98.4 98.4 98 95 91.9 87.8 83.6 82.1 81.7 81.4 81.5 82
0 0 0 0 0 0 0 0 0 0 0 0 0 0 0 0 0 0 0 0 0 0 0 0 0 0 0 0 0 0 0 0 0 0 0 0 0 0 0 0 0 0 0 0 0 0 13.6 29.9 55.2 87.5 97.6 99 100.4 100.5 102.4 102.9 102.7 99 97.9 97.1 93.6 90.1 89.2 88.9 89.8 94 99.3 104.5 106.6 108.1 105.2 104.9 104.4 103.8 102.4 101.1 100 99 97.2 94.9 93.3 96 94.3 94.1 93.9 93.7 91.6 90.4 87.2 83.5 82.5 83.1 82.3 81.6 82.2 82.2
0 0 0 0 0 0 0 0 0 0 0 0 0 0 0 0 0 0 0 0 0 0 0 0 0 0 0 0 0 0 0 0 0 0 0 0 0 0 0 0 0 0 0 0 29.5 58.5 69.3 71.8 77.6 93.7 100.7 103.6 104.1 105.6 108.3 109.9 108 103.6 101 99.2 96.2 95.4 95.2 95.8 95.9 91.2 94.3 100.7 105.4 105.5 105.6 105.3 105.3 104.8 104.3 103.6 101.4 100.3 98.7 97.5 94.4 92.2 90.3 91.1 90 88.8 87.1 86.2 83.7 86.2 85.6 85.2 85.6 85.1 84.7 83.7
0 0 0 0 0 0 0 0 0 0 0 0 0 0 0 0 0 0 0 0 0 0 0 0 0 0 0 0 0 0 0 0 0 0 0 0 0 0 0 0 0 0 0 0 31 51.4 75.9 78.2 85 94.6 99.3 102.7 105.8 109.6 112.4 114.7 114.6 112.7 108.7 105 103.5 101.2 99 99.6 98 96.1 92 97.8 104 102.9 104.2 104.7 107.1 110.3 110.9 111.3 110.9 107.4 104.2 103.7 101.4 95 93 91.1 89.2 89.2 89.2 88.1 87.3 88.1 87.9 86.9 87.2 88 88.2 87.6
0 0 0 0 0 0 0 0 0 0 0 0 0 0 0 0 0 0 0 0 0 0 0 0 0 0 0 0 0 0 0 0 0 0 0 0 0 0 0 0 0 0 0 0 0 49.7 67.9 78 89.8 91 96.5 100.3 105.7 111.6 114.4 117 117.3 115.8 114.1 110.4 107.1 103.8 102 99.3 97.5 97 91.5 90.5 96.4 97.2 98.7 103.6 108 111.9 112.8 113.7 113.5 111.1 108.1 106.6 105.3 98.4 95 92.8 92.1 91.4 90.5 89.9 89.5 89.7 89.6 88.5 89 90.3 91.5 91.5
0 0 0 0 0 0 0 0 0 0 0 0 0 0 0 0 0 0 0 0 0 0 0 0 0 0 0 0 0 0 0 0 0 0 0 0 0 0 0 0 0 0 0 0 1.5 25.5 50.3 94.3 99.6 99.8 101 102.7 107.4 111.3 113.8 116.7 115.8 114.5 114.9 115.3 112.5 107.6 105.3 101.5 96.1 95.5 87.7 84.3 86 90.5 94.5 101.1 107 111 112.4 112.8 112.7 111.6 109.3 106.6 102.9 98.8 96 94.1 93.2 92.2 91.3 90.7 90.5 90.5 90.4 90.1 91.2 92.5 93.7 94.8
0 0 0 0 0 0 0 0 0 0 0 0 0 0 0 0 0 0 0 0 0 0 0 0 0 0 0 0 0 0 0 0 0 0 0 0 0 0 0 0 0 0 0 0 16.2 53.7 81.6 100.4 103.7 104.3 104 106 108.2 111.9 114.1 116.4 116.7 117.1 117.4 117.7 117.2 112.1 107.8 103.8 98.4 92.7 87.5 80.8 76.6 79.7 89 98.6 105.6 111 112.7 111.8 112.1 111 106.6 104.6 101.5 98.4 96 94.8 94 93 92.1 91.5 91.5 91.4 91.4 91.3 91.9 92.9 93.8 94.4
0 0 0 0 0 0 0 0 0 0 0 0 0 0 0 0 0 0 0 0 0 0 0 0 0 0 0 0 0 0 0 0 0 0 0 0 0 0 0 0 0 0 0 28.5 64.8 100.3 103.2 104.7 107.9 108.1 107.8 108.7 110.5 113.1 116.1 118.2 119.1 119.4 119.8 119.9 120.1 115.7 111.6 108.2 101.9 97.9 88.5 80.5 73.9 75.1 86.2 95 104.2 109.6 111.6 109.3 108.3 107.1 102.4 100.7 98.1 96.4 95.7 95.5 94.9 93.9 92.9 92.4 92.4 92.2 92 92.1 92.6 93.1 93.7 94
0 0 0 0 0 0 0 0 0 0 0 0 0 0 0 0 0 0 0 0 0 0 0 0 0 0 0 0 0 0 0 0 0 0 0 0 0 0 0 0 0 20.2 41.3 86.6 107 109.3 111.1 111.8 112.7 111.8 111.3 111.1 112.9 115.9 117.9 119.9 121.4 121.8 122 122.1 122.3 119.6 115.9 110.6 103.4 96.6 88.1 76.8 71.6 70.6 80.4 87.9 97.2 104.2 106.4 106.3 105.7 101.2 96.2 95.2 94.2 96.1 95.6 95.8 95.6 94.9 93.8 93.4 93.1 92.8 92.7 92.9 93.4 93.9 94.1 94.6
0 0 0 0 0 0 0 0 0 0 0 0 0 0 0 0 0 0 0 0 0 0 0 0 0 0 0 0 0 0 0 0 0 0 0 0 0 0 0 0 16.6 69 97.6 111 113.3 114.9 116.9 118.4 118.8 118.3 116.9 114.8 115.9 118.1 120.2 121.9 123.7 123.7 123.4 123 122.4 118.7 115.8 109.2 102.9 95.6 88 82.5 69 65.7 74.2 81.5 88.9 94.8 98.8 104.2 98.4 89.5 89.1 90.6 92.2 94.7 95.4 95.6 95.8 95.2 93.4 93.2 93.6 93.4 93.5 93.7 94.1 94.8 95.3 96.6
0 0 0 0 0 0 0 0 0 0 0 0 0 0 0 0 0 0 0 0 0 0 0 0 0 0 0 0 0 0 0 0 0 0 0 0 0 0 0 12.8 47.8 40.4 87.8 115.3 117.9 120.8 120.6 119.8 119.7 121.8 120.9 119.9 119.1 120.7 122.2 123.3 123.9 123.7 123.3 123 121.4 119.3 115.1 109.6 103.3 94.9 87.4 79.7 70.1 61.9 69.8 74.4 82.5 89.1 93.8 98.3 86.1 84.3 83.8 88.1 91 93.8 95.9 93.3 93.3 92.1 90.1 89.8 92.6 94 94.3 94.6 94.9 96.2 97.3 100.6
0 0 0 0 0 0 0 0 0 0 0 0 0 0 0 0 0 0 0 0 0 0 0 0 0 0 0 0 0 0 0 0 0 0 0 0 0 0 0 0 0 5.5 68.2 118.3 124.6 128.4 120.2 101.6 101.9 112 120.1 121.6 120.9 121.5 122.7 123.8 123.7 123.6 123.3 122.8 120.2 117.2 112.7 109.6 103.3 91.7 84.6 75.7 67.3 59.2 64.4 67.8 75.4 79.6 84.7 81.2 81.3 78.7 81 85.5 89.6 94 94.8 92.9 87.5 86.6 85.5 87.8 92 93.6 94.6 95 96.6 98.4 100.9 105.1
0 0 0 0 0 0 0 0 0 0 0 0 0 0 0 0 0 0 0 0 0 0 0 0 0 0 0 0 0 0 0 0 0 0 0 0 0 0 0 0 0 28.9 89.7 115 127.9 120.7 75.3 62.3 61.3 76.5 118.8 122.2 122.5 122 122.4 122.9 122.9 122.8 121.1 117.6 113.9 112.1 109.7 105.1 99.7 85.5 80.7 72.9 64.3 54.3 54.7 61.4 66.3 66 71.3 74.5 76.4 75 77.4 81.3 85.2 87.9 90 90.3 83.6 78.2 77.9 83.9 89 92.6 96.7 98.7 100.3 103.2 108.1 109.5
0 0 0 0 0 0 0 0 0 0 0 0 0 0 0 0 0 0 0 0 0 0 0 0 0 0 0 0 0 0 0 0 0 0 0 0 0 0 0 0 21.9 56.8 95.6 63.6 31.5 70.3 42.9 26.7 24.5 48 112.7 122.6 122 118.3 116.7 121 121.9 118.7 115.7 112.8 110.6 108.1 104 93.4 85 78.7 75.1 70.2 62.4 55 37.9 40.7 51.1 57.3 63.5 67.2 69.6 73.1 73.9 77.6 80.3 80.2 81.1 88.3 85 74.7 73.6 79.6 89.1 92.9 96.4 101.4 107.4 112.1 115.9 117
0 0 0 0 0 0 0 0 0 0 0 0 0 0 0 0 0 0 0 0 0 0 0 0 0 0 0 0 0 0 0 0 0 0 0 0 0 0 0 0 0 25.7 18.6 0 0 0 0 0 3.5 21.2 58.9 120.5 116.6 110.1 104.5 115 116 114.1 111.7 110.4 106.5 103.2 87.1 79.6 72 69 62 62.9 51.4 45.2 31.8 22 34.4 51.1 54.7 59.2 63.1 66.8 70 72.2 74.3 73.2 72.4 73.6 72.6 69 70.3 75.9 86.3 94.5 98.2 104.4 112.3 121.6 125.4 127.3
0 0 0 0 0 0 0 0 0 0 0 0 0 0 0 0 0 0 0 0 0 0 0 0 0 0 0 0 0 0 0 0 0 0 0 0 0 0 0 0 0 0.5 0 0 0 0 0 0 0 2.6 27.8 62.8 85.4 81.4 80.6 94.9 90.8 92.4 100.3 90.9 74.8 79.4 61.2 55.1 44.5 35.2 24.2 52.9 32.7 9.8 8.5 10.7 19.3 26.8 47.3 53.9 58.8 61.7 64.7 67 67.6 68.2 68.2 67.3 67.8 68.1 68.6 73.5 83.4 92.5 99.1 104.5 112.3 119.7 130.8 139.5
0 0 0 0 0 0 0 0 0 0 0 0 0 0 0 0 0 0 0 0 0 0 0 0 0 0 0 0 0 0 0 0 0 0 0 0 0 0 0 0 0 0 0 0 0 0 0 0 0 0 7.9 23.5 44.8 34.5 47.2 52.8 41.7 41 68.4 67.2 49.9 25.8 7.6 9.4 20.9 4.7 5.2 33.5 7.3 4.4 5.3 6.5 9.7 37.4 56.5 56.7 56.7 60.5 62.6 63.9 65.1 65.7 66 66.6 66.9 67.4 68.3 74 84.4 93.7 106.4 113.1 117.8 122.4 125.2 135.8
