app/static/ascii/NR27.asc
ncols 200
nrows 200
xllcorner 120000
yllcorner 670000
cellsize 50
[rows 152 to 189 of 200, columns 85 to 169 of 200]
-0.7 -0.7 -0.7 -0.7 -0.7 -0.7 -0.7 -0.7 -0.7 -0.7 -0.7 -0.7 -0.7 -0.7 -0.7 -0.7 -0.7 -0.7 -0.7 -0.7 -0.7 -0.7 -0.7 -0.7 -0.7 -0.7 -0.7 -0.7 -0.7 -0.7 1.2 5.1 10.4 10.2 14.5 13.5 19.4 25.7 29.8 31.1 32.1 33.4 34.7 35.2 37.1 39.8 43.6 47 48.9 51.2 52.9 51.9 51.2 47.7 42.3 40.1 38.1 36.4 35.8 35.7 36.8 37.3 37.8 37.4 37.4 36.7 37 36.5 34.7 33.3 31.8 30.4 29.4 28.8 28.2 27.3 26.2 25 23.2 20.9 20.1 19.6 19 18.7 19.3
-0.7 -0.7 -0.7 -0.7 -0.7 -0.7 -0.7 -0.7 -0.7 -0.7 -0.7 -0.7 -0.7 -0.7 -0.7 -0.7 -0.7 -0.7 -0.7 -0.7 -0.7 -0.7 -0.7 -0.7 -0.7 -0.7 -0.7 -0.7 1 8.8 10.2 10.5 10.6 13.1 15.3 18.1 20.3 25.4 30.2 31.3 32.7 33.8 35.4 37.2 40.4 43.2 45.7 47.9 49.9 52.1 53.7 54.1 52.3 47.8 44.4 43.3 41 38.7 37.5 36.7 37.1 37.5 37.4 36 34.4 35.4 35.6 33.4 32.1 30.7 29.3 28.3 27.7 27.1 26.5 25.9 25.2 24.1 22.9 21.8 21 20.4 19.4 18.5 20.2
-0.7 -0.7 -0.7 -0.7 -0.7 -0.7 -0.7 -0.7 -0.7 -0.7 -0.7 -0.7 -0.7 -0.7 -0.7 -0.7 -0.7 -0.7 -0.7 -0.7 -0.7 -0.7 -0.7 -0.7 -0.7 -0.7 -0.7 -0.7 5.7 10.2 17.1 20.6 24.5 20.9 20.1 19.2 22.2 26.6 30.5 32 33.6 35.3 37.7 39.9 42.8 44.6 46.7 48 49.5 51.1 51.7 51.8 49.8 47.7 45.8 45.1 44.2 42.2 39.5 37.2 37 37 36.9 36.3 33.6 34.5 33.3 33 32.1 30.7 29.3 28.9 28.1 27.2 26.3 25.5 24.6 23.9 24.5 22.9 21.7 20.9 20.1 18.5 17.3
-0.7 -0.7 -0.7 -0.7 -0.7 -0.7 -0.7 -0.7 -0.7 -0.7 -0.7 -0.7 -0.7 -0.7 -0.7 -0.7 -0.7 -0.7 -0.7 -0.7 -0.7 -0.7 -0.7 -0.7 -0.7 -0.7 -0.7 -0.7 2.3 23.2 21.5 28.8 29.3 26.7 25.4 25.2 26.8 30 32.3 33.9 35.5 37.8 40.2 42.2 43.3 44.4 45.8 46.7 48 49.4 50.2 49.8 49.3 48.5 47.8 46.8 45.5 44.2 41.2 38 37.3 36.7 36.4 36.3 33.9 33.2 33 32.7 32 30.6 29.3 29.1 28.6 27.8 26.9 26.1 25.2 24.5 25.2 24.6 22.9 22 21.4 20.4 19.9
-0.7 -0.7 -0.7 -0.7 -0.7 -0.7 -0.7 -0.7 -0.7 -0.7 -0.7 -0.7 -0.7 -0.7 -0.7 -0.7 -0.7 -0.7 -0.7 -0.7 -0.7 -0.7 -0.7 -0.7 -0.7 -0.7 -0.7 0.8 15.1 15.3 28.6 30.5 31.6 30.1 29.3 29.5 30.5 31.8 34.1 35.7 37.1 39.6 41.2 42 42.8 43.7 44.6 45.5 46.5 47.6 49.1 49.9 50.2 49.4 48.7 47.6 45.9 44.6 42.3 39.5 38.4 37.7 37.1 36.4 33.8 32.9 32.6 32.4 32 30.6 29.5 29.2 29 28.2 27.4 26.6 25.8 25.2 25.6 26 24.7 23.3 22.8 22.2 21
-0.7 -0.7 -0.7 -0.7 -0.7 -0.7 -0.7 -0.7 -0.7 -0.7 -0.7 -0.7 -0.7 -0.7 -0.7 -0.7 -0.7 -0.7 -0.7 -0.7 -0.7 -0.7 -0.7 -0.7 -0.2 0.5 0.8 2.3 11 14.2 29.7 31.9 33.2 33.2 33.1 34 34.7 35.3 35.8 37.3 39 40.3 41 41.7 42.5 43.4 44 45 45.9 47.4 48.9 50.1 50.5 50.4 48.8 48.5 46.9 45.1 43.4 41.5 40.4 39.2 38 36.1 33.5 32.5 32.3 32 31.8 30.5 29.7 29.4 29.1 28.7 27.9 27.1 26.3 26.3 27.2 27.3 27.2 26.9 25.4 23.4 21.5
-0.7 -0.7 -0.7 -0.7 -0.7 -0.7 -0.7 -0.7 -0.7 -0.7 -0.7 -0.7 -0.7 -0.7 -0.7 -0.7 -0.7 -0.7 -0.7 -0.7 -0.7 -0.7 -0.7 -0.7 0.1 1.4 6.6 6 19.9 21.2 28 30.5 32.5 33.9 34.9 35.4 36 36.6 37.2 38.4 39.3 40.1 40.8 41.5 42.3 43.2 43.6 44.5 45.7 47.4 49.7 51.9 51.8 51.2 48.9 49 48 46.2 44.3 42.6 41.2 39.4 37.7 35.3 33.1 32.5 32 31.7 31.4 30.5 29.9 29.6 29.3 29 28.4 27.6 27.1 27.6 28.3 29.2 29.4 28.5 27.4 25.1 22.7
-0.7 -0.7 -0.7 -0.7 -0.7 -0.7 -0.7 -0.7 -0.7 -0.7 -0.7 -0.7 -0.7 -0.7 -0.7 -0.7 -0.7 -0.7 -0.7 -0.7 -0.7 -0.7 -0.7 -0.7 1 6.7 9.6 14.8 16.5 24.3 27.6 29.8 32.2 35 35.9 36.4 37.1 37.8 38.5 39.6 39.1 39.7 40.6 41.3 42.1 42.9 43.3 44.9 47.2 50.7 53 55.1 54.8 52.2 49.5 49.6 49 46.9 45 43.1 40.7 38.4 36.2 34 33.4 32.8 32.1 31.5 31.1 30.4 30 29.8 29.5 29.2 28.9 27.9 28.3 28.8 29.3 30.4 30 29.8 28.8 26 22.9
-0.7 -0.7 -0.7 -0.7 -0.7 -0.7 -0.7 -0.7 -0.7 -0.7 -0.7 -0.7 -0.7 -0.7 -0.7 -0.7 -0.7 -0.7 -0.7 -0.7 -0.7 -0.7 -0.7 -0.7 1.9 6.9 13.8 20.7 22.4 22.2 25.3 29.7 33.8 36.1 36.9 37.6 38.3 39 39.8 40.1 39.4 39.3 40.2 41.1 41.9 42.6 43.9 46.6 48.4 51.3 54.1 54.1 52.5 49.8 49.3 49.3 48.2 47.1 45.5 42.4 39.3 37.4 35.2 34.2 33.6 33.1 32.5 31.8 31.1 30.5 30.3 30.1 30 29.8 29.6 28.8 29.3 29.8 29.9 29.9 30 30.1 29.2 26 22.8
-0.7 -0.7 -0.7 -0.7 -0.7 -0.7 -0.7 -0.7 -0.7 -0.7 -0.7 -0.7 -0.7 -0.7 -0.7 -0.7 -0.7 -0.7 -0.7 -0.7 -0.7 -0.7 -0.7 -0.7 1.2 1.2 13.6 17.7 19.5 21.6 25.1 30.6 34.5 35.7 37.1 37.8 38.4 39.1 39.7 40.1 39.8 39.1 39.7 40.6 41.5 42.3 44.1 46.1 47.7 49.2 49 48.8 48.7 49.1 49 48 46.6 45.2 43.9 40.8 38.7 36.5 35.4 34.5 33.8 33.3 32.8 32.2 31.6 31.3 31.2 31.1 30.9 30.8 30.5 29.8 30.2 30.5 30.3 30.1 29.8 29.7 28.1 25.4 22.4
-0.7 -0.7 -0.7 -0.7 -0.7 -0.7 -0.7 -0.7 -0.7 -0.7 -0.7 -0.7 -0.7 -0.7 -0.7 -0.7 -0.7 -0.7 -0.7 -0.7 -0.7 -0.7 -0.7 3 13.2 16 14.9 15.8 12.2 19.5 23.2 28.2 33.1 34.8 36.9 37.5 38.2 38.8 39.8 40 39.6 39.4 39.3 40.2 40.5 41.2 42.2 43.2 43.6 44.8 45.4 46.3 47.4 48.4 47.6 46.3 44.9 43.5 42.2 40.2 38.5 36.6 35.7 34.7 33.9 33.7 33.4 32.7 32.3 32.2 32.1 32.1 31.9 31.8 31.4 30.7 31.1 30.9 30.4 29.8 29.3 28.8 26.6 24.5 20.9
-0.7 -0.7 -0.7 -0.7 -0.7 -0.7 -0.7 -0.7 -0.7 -0.7 -0.7 -0.7 -0.7 -0.7 -0.7 -0.7 -0.7 -0.7 -0.7 -0.7 -0.7 -0.7 -0.7 7.6 13.4 17 18.5 26.5 27.2 29.8 29 26.9 31.2 33.8 36.5 37.3 38 38.8 39.8 39.9 39.5 39 37.3 37.3 39.1 39.8 41 42.3 43.3 43.9 44.5 45.3 45.9 45.8 45.1 44 42.9 41.8 40.8 39.9 38.4 36.8 35.9 35.1 34.6 34.5 34 33.5 33.6 33.3 33 32.9 32.9 32.7 32.2 31.7 31.2 30.5 29.9 29.4 28.8 27.4 25.4 22.1 18.5
-0.7 -0.7 -0.7 -0.7 -0.7 -0.7 -0.7 -0.7 -0.7 -0.7 -0.7 -0.7 -0.7 -0.7 -0.7 -0.7 -0.7 -0.7 -0.7 -0.7 -0.7 0.6 3.9 1.2 11.1 14.9 23.7 29.4 31.2 33.1 34.7 36 34.5 33.6 35.5 37.1 37.9 38.9 39.8 39.8 39.5 37.3 37.3 37.3 37.3 37.3 40.9 42.2 43 43.4 43.9 43.5 43.2 43 42.5 41.4 41.1 40.5 39.7 38.7 37.7 37.1 36.6 35.8 35.5 35.4 35 34.7 35.3 35 34.7 34.4 34.1 33.6 32.5 31.5 30.6 30 29.5 28.9 28.4 26.1 22.8 20.2 18.1
-0.7 -0.7 -0.7 -0.7 -0.7 -0.7 -0.7 -0.7 -0.7 -0.7 -0.7 -0.7 -0.7 -0.7 -0.7 -0.7 -0.7 -0.7 -0.7 -0.7 -0.7 0.3 4.2 11.4 13.6 19.1 20.9 27.7 33.6 37.1 37.5 37.9 37.5 37.8 37.8 37.9 39.1 40.3 41.4 41.1 40.9 37.9 37.3 37.3 38.3 39.8 40.9 42 42.9 42.5 41.7 41.6 41.2 40.9 41.1 40.8 40.3 39.5 38.9 37.8 37.4 36.9 36.4 36.7 36.8 36.7 36.4 36.3 37.2 37 36.8 36.6 35.8 34.8 33.1 31.6 31.2 30.5 29.6 28.7 27.3 24.9 22.4 20.1 18
-0.7 -0.7 -0.7 -0.7 -0.7 -0.7 -0.7 -0.7 -0.7 -0.7 -0.7 -0.7 -0.7 -0.7 -0.7 -0.7 -0.7 -0.7 -0.7 -0.7 -0.7 0.7 2.2 14.2 20.2 23 23.8 24.9 32.5 35.1 35.8 37.4 39.1 39.5 40.9 41.1 41.9 42.8 43.2 42.8 41.6 40 37.9 38.6 40.8 41.9 41.6 41 40 39.6 39.1 39.4 39.5 40.1 40.6 40 39.2 38.4 38 37.4 37.3 37.1 37.4 37.7 37.9 37.9 38.5 39.6 39.8 39.4 38.8 37.9 36.6 36.1 34.5 33.3 31.9 31.2 30.3 29.3 27.9 25.4 22.9 20.4 18.1
-0.7 -0.7 -0.7 -0.7 -0.7 -0.7 -0.7 -0.7 -0.7 -0.7 -0.7 -0.7 -0.7 -0.7 -0.7 -0.7 -0.7 -0.7 -0.7 -0.7 -0.7 0.9 8.9 9.4 17.7 22.8 25.9 26.6 31.8 33.8 35.4 37.3 39.3 40.5 40.9 41.2 41.3 41.3 41.5 41.8 41.3 40.1 38.7 39.4 39.8 39.4 38.1 36.2 35.8 35.8 37.4 38 38.2 38.7 38.5 38.1 38.1 37.4 35.8 36.8 37.8 38.1 38.4 38.8 39.1 41 42.3 42.4 42.4 41.8 40.7 39.3 37.5 37.2 36.3 34.9 33.5 31.8 30.8 29.8 28.3 26.1 23.5 21 18.5
-0.7 -0.7 -0.7 -0.7 -0.7 -0.7 -0.7 -0.7 -0.7 -0.7 -0.7 -0.7 -0.7 -0.7 -0.7 -0.7 -0.7 -0.7 -0.7 0.4 1.2 7.4 8.8 15 18.2 20.2 25.2 29 31 33.5 35.1 36.9 37.5 38.3 38.9 38.6 38.8 39.2 39.8 40.4 39.9 40.3 39.4 38.2 35.8 35.8 35.8 35.8 35.8 35.8 35.8 35.8 35.8 35.8 35.8 35.8 35.8 35.8 35.8 37.6 39.3 39.6 40 40.3 40.5 43.6 43.9 44.3 44.6 43.9 42.8 41.5 41.2 39.7 37.6 35.8 34.1 32.6 31.1 30 28.6 26.7 24.2 21.7 19.1
-0.7 -0.7 -0.7 -0.7 -0.7 -0.7 -0.7 -0.7 -0.7 -0.7 -0.7 -0.7 -0.7 -0.7 -0.7 -0.7 -0.7 -0.7 -0.7 1.2 3.2 5.9 10.6 17.4 18.5 25.3 28.2 27.5 29 33 34.2 34.9 35.5 36.1 37.2 37.1 38.1 39.5 39 39 38.7 36.1 35.8 35.8 35.8 35.8 35.8 35.8 35.8 35.8 35.8 35.8 35.8 35.8 35.8 35.8 35.8 36.9 37.6 38.6 40.9 41.2 41.5 41.7 41.9 44.1 45 45.7 46.4 45.6 45.6 45.9 44.4 42.2 39.5 36.4 34.7 33.3 31.8 30.4 29.7 27 24.5 21.9 19.3
-0.7 -0.7 -0.7 -0.7 -0.7 -0.7 -0.7 -0.7 -0.7 -0.7 -0.7 -0.7 -0.7 -0.7 -0.7 3.4 0.8 0.9 1.4 7.8 8 8.5 10.4 18.7 17.7 21.8 27.4 32 32.8 32.5 33.4 34.1 34.7 35.3 36.8 37.1 38.1 39.6 40.3 39.8 35.8 35.8 35.8 35.8 35.8 35.8 35.8 35.8 35.8 35.8 35.8 35.8 35.8 35.8 35.8 35.8 37.3 39.2 39.5 40.5 41.9 42.7 43 43.1 43.3 44.6 45.5 46.4 47.2 47.6 47.7 48.6 48.2 45.5 41.7 37.9 35.4 33.8 32.2 31.1 29.1 26 23.8 21.5 19.2
-0.7 -0.7 -0.7 -0.7 -0.7 -0.7 3.4 4.2 1.2 -0.7 4.1 1.2 2 4.7 6.9 8.4 8.5 3.4 8.6 12.8 14.9 17.3 19.1 21.5 22.5 21.9 25.1 30.2 31.9 32.4 32.8 33.8 35.2 36.7 38.1 38.2 38.8 39.8 41.1 41.2 40.4 36.8 35.8 35.8 35.8 35.8 35.8 35.8 35.8 35.8 35.8 35.8 35.8 36.8 38.5 39.8 39.4 41 41.4 42.4 43.4 44.2 44.4 44.5 44.4 45.4 46.4 47.3 48.2 48.7 49.4 49 50.1 48.1 43.3 38.4 35.5 34.2 32.7 29.8 27.7 25.1 22.7 20.6 18.8
3.2 2.1 -0.7 -0.7 1 4.9 6.4 7 7.4 7.1 6 5.8 7.1 8.5 9.4 9.8 12.7 11 13.7 15.9 17.8 19.4 20.7 22.4 25.3 26.7 24.6 28.1 30 32 33.7 35 36.5 38 39.5 39.8 40.8 42.1 42.9 42.7 41.6 40.1 35.8 35.8 35.8 35.8 35.8 35.8 35.8 35.8 35.8 35.8 38 39.4 40.7 41.4 42.2 42.8 43.4 44.3 45 44.9 44.8 44.7 44.9 45.5 47.6 48.6 49.3 49.2 49.1 49 47.3 44.5 41.4 38.2 36.9 35.4 32 29.1 27.2 24.4 21.8 20 19.1
6.1 2.7 -0.7 -0.7 5.4 7.6 9 9.6 8.9 7.9 7.5 8.1 8.8 11.4 10.8 13.3 14.9 16.3 17.3 19 20.2 20.7 22.9 24.7 26.5 24.8 26.7 29 30.9 32.8 34.7 36.2 37.8 39.3 40.7 41.6 42.3 42.4 42.5 42.6 42.1 40.4 35.8 35.8 35.8 35.8 35.8 35.8 35.8 35.8 35.8 36.7 38.6 40.1 41.5 42.8 43.3 43.7 44.7 45.3 45 45 44.9 44.8 45.4 46 47 49.3 50.4 50.2 48.5 45.6 43 40.8 39 38.2 38.9 35.4 31.5 29.2 27.8 25.8 23.1 19.9 18
6.8 5.9 4.3 4 9.1 9.6 10 10.7 11 9.1 9.8 10.9 11.6 14.3 14.6 15.2 16.8 19.7 20.7 27.4 29.3 26.3 25.1 27.3 27.1 25.1 27.4 29.7 31.8 33.7 35.6 37.2 38 38.9 39.8 40.6 41.1 41.2 41.2 41.2 41.3 40.5 35.8 35.8 35.8 35.8 35.8 35.8 35.8 35.8 36.4 38.5 39.3 40.7 42.1 43.2 43.8 44.2 44.7 45.1 45.1 45.1 45 45.3 45.9 46.4 47.2 47.7 48.1 47.6 44.8 42.4 40 38.1 37.3 36.4 36.7 33.8 30.7 29.3 27.7 26.4 23.7 20 17.2
6.6 6.9 7.5 7.8 8.1 11.1 11.3 11 11.7 11.9 12.8 13.3 14.6 14.3 17.3 17.7 23.7 27 29.2 32.4 32.1 30.4 28 29 27.9 27.2 27.7 30.4 32.6 34.4 35.4 36.1 37.1 37.9 38.8 39.7 40 40 40 40 40 40.1 39.7 40.2 35.8 36 35.8 35.8 36.7 37.9 38.5 39.3 40.6 41.2 42.6 43.6 44.3 44.7 45.2 45.1 45.1 45.1 45.1 45.7 46.3 46.5 46.3 45.9 44.5 42.3 40.5 39.2 38.5 37.6 36.3 35.1 34.1 32.5 31.1 29.7 28 26.4 24.3 20.5 18.4
9.8 9.6 9.5 9.4 10.7 11.2 11.7 12.1 12.3 12.3 12.5 15.3 16.3 17.5 22 24.7 27.4 30.2 29.6 31.9 32.4 31.1 29.4 29.5 28.8 28.6 28.3 30.6 32.5 33.5 34.6 35.1 36.1 37 37.9 38.8 38.8 38.8 38.8 39 39.7 40.2 40.9 40.8 39.1 39.8 38.8 39.4 39.9 40.9 40.8 40.7 41.3 41.9 43 44 44.8 45.3 45.3 45.2 45.1 45.1 45.5 46.2 46.2 46 45.8 44.7 42.4 40.5 39.2 38.8 38.3 37.4 36.2 34.9 34 32.8 31.6 30.1 28.4 26.6 24.4 21.6 18.9
11.2 10.5 9.7 9.6 10.6 12.3 12.5 12.7 12.9 13.1 13.2 14.6 18.5 19.7 27 29.5 30.8 31.4 32.1 32.4 32.2 30.9 31 30.8 31.2 30.8 30.3 30.2 31 32.3 33 33.8 34.4 36.1 37 37.7 37.8 38 38.6 39.3 39.8 40.4 41 42.2 42.2 42.4 43 43.7 44.3 43.8 43.2 42.2 42.3 42.7 43.5 44.4 45.2 45.6 45.4 45.3 45.3 45.3 45.8 46.4 45.8 45.2 44.1 43.5 41.2 39.5 39 38.6 38.1 37.3 36 35 34.3 33.1 32.1 30.4 28.6 26.8 24.1 21 17.7
11.6 10.7 10.1 10 10.5 12.4 13.7 13.9 13.7 13.9 14.3 14.8 19.2 26.5 29 31.2 31.8 32.2 32.6 33 32.7 32.3 33.2 33.9 33.1 32.5 32 31.9 32.1 33 35.1 36.9 37.9 38.9 37.8 36.2 37.5 38.2 38.9 39.4 39.9 40.6 41.1 42.5 44.7 45.6 46.3 48.1 47.1 45.6 44.8 43.8 43.9 43.9 44.1 44.6 45 45.5 45.5 45.4 45.5 45.6 46 46.6 46.7 42.5 42 41 40.3 39.6 38.9 38.4 38 37.1 36 35.3 34.6 33.9 32.9 31 29.1 26.6 23.9 21.3 18.7
12.1 11.1 10.3 10.3 10.9 12 14.1 14.8 14.6 14.5 15 22.5 24.8 28.4 29.5 31.6 32.8 33.2 33.6 34.7 34.5 34.4 35 35.4 34.9 34.2 33.7 33.9 34.4 36.8 38.7 40.4 40.6 39.5 38.2 37.6 37.8 38.5 39.1 39.5 40.1 40.6 41.1 42.9 44.8 47.2 47.8 48 46.9 45.9 45.4 45.2 45.1 45 45 45 45.1 45.2 45.6 45.6 45.5 45.3 45.2 45.5 42.5 42.6 41.9 41.2 40.5 39.8 39.1 38.4 37.8 36.9 36.3 35.7 35.9 35.5 33.5 31.3 29 26.4 24.2 21.7 19.3
12.8 11.5 10.5 10.5 11.9 13.3 14.7 15.1 14.9 15 22 24.8 26.1 27.6 30.2 32 33.8 34.2 34.9 35 35.5 36.1 36.6 36.9 36.3 36.3 37.2 38.1 37.9 39.9 40.5 39.9 40.2 39.6 38.7 37.8 38.2 38.8 39.1 39.6 40.2 40.6 41.3 43.2 45.2 46.2 46.4 46.7 46.8 46.5 46.3 46.1 45.9 45.9 45.9 46 46 46.1 46.1 45.3 45.1 44.9 43.1 43 42.8 42.7 42.1 41.4 40.7 40 39.3 38.6 37.8 37.4 37 37.7 37.1 35.6 33.4 31.1 28.8 26.4 24.5 22 19.6
13.2 11.7 10.7 11.2 12.5 13.8 14.9 14.9 15.1 18.2 22.5 25.2 27.3 28.8 31 32.7 34.4 35.4 35.9 36.4 36.9 37.5 38.3 38.3 39.5 40.7 41.2 40.8 41.1 40.7 40.1 39.5 39.2 38.6 38.2 38.1 38.5 39.1 39.5 39.8 40.2 40.6 41.6 43.1 44.1 45.1 45.8 46.1 47 47.4 47.2 47 46.8 46.8 46.8 47 47.1 47.3 46.6 45.7 44.6 44.4 43.3 43.2 42.9 42.7 42.3 41.6 40.9 40.2 39.4 38.7 38.4 38.2 37.9 38.4 37.5 35.6 33.6 31.2 28.8 26.3 24 22.1 19.7
13.3 11.8 10.9 11.4 12.4 13.6 14.9 16 16.7 20.8 23.8 25.5 28.3 30 32.4 34 34.6 35.7 36.8 37.8 38.3 38.9 40.2 42.1 43.2 43.2 42.3 41.4 40.8 40.6 40 39.3 38.8 38.7 38.6 38.6 39.1 39.7 40 40.5 40.7 40.9 40.2 41.8 42.9 43.8 45.2 45.7 47.1 48.3 48.1 47.9 47.7 47.9 48.1 48.2 48.4 47.7 47 46.3 45.2 44 43.6 43.3 43 42.7 42.5 41.7 41 40.3 39.6 39.2 39.1 38.9 38.7 39.1 37.9 36.1 34.6 32.4 30 27.3 23.3 21.3 19.3
12.9 11.9 11.4 11.8 12.6 13.6 14.8 17.2 18.9 23.1 25.6 27.5 29.2 31.8 33.7 34 34.6 35.8 36.9 37.9 39 40.9 43 45.2 44.8 42.6 42.1 41 40.4 40.3 39.9 39.3 39.1 39.1 39 39.2 39.7 40.2 40.7 41.2 41.4 41.5 41.8 42 42.6 42.7 44.5 45.7 47.1 48.7 48.9 48.7 48.9 49.1 49.3 49.5 48.9 48.2 47.5 46.8 46.2 45.1 43.7 43.5 43.1 42.8 42.6 41.9 41.2 40.5 40 39.9 39.8 39.7 39.6 39.7 38.3 36.6 35.2 33.5 31.2 28.5 24.4 19.9 18.6
13.2 12.4 11.6 12.6 13.6 15.2 16.4 16.7 18.6 21.2 23.8 26.7 29.6 32.6 34 34.3 34.6 35.8 37 38.4 40.4 42.7 44.8 44 42.8 41 41 40.7 40.1 40 39.9 39.3 39.5 39.5 39.6 39.9 40.3 40.8 41.4 42 42.1 42.2 42.3 43.3 44.2 44.3 44.4 45.7 47.1 48.7 49.8 49.7 50 50.3 50.6 50.1 49.4 49 48.8 48.5 48.3 45.8 44.2 43.6 43.3 42.9 42.6 42.1 41.4 40.8 40.7 40.6 40.5 40.4 40.5 40.4 38.8 37.2 35.9 34.4 32.3 29.4 23.4 19.6 18.4
13.7 12.9 13.6 14.3 16.1 17.6 18.6 20.1 21.1 21.8 21.3 22.9 29.1 31.7 32.5 33.4 33.3 34.5 36.4 38.8 40.8 41.1 41.4 40.7 39.7 39.4 39.5 39.7 39.8 39.7 39.6 39.6 39.8 39.9 40.2 40.5 40.9 41.4 42.1 42.7 42.8 43.4 44.6 45.3 45.9 46.5 46.4 46.5 47.1 48.7 50.5 50.9 51.3 51.6 51.8 51.6 51.3 51 50.8 50.6 49.1 46.5 44.8 43.8 43.4 43.1 42.7 42.3 41.6 41.5 41.4 41.3 40.9 40.8 41.1 41 39.3 37.9 36.6 35 32.5 29.7 23.2 19.4 18.3
14.7 17.6 17.3 17.3 18.4 20.1 22 24.1 24.5 25.9 27.2 27.8 27.8 26 29.3 31.7 31.9 34 36.2 38 37.3 36.9 36.9 37.6 38.4 39.2 39.4 39.9 39.8 39.7 39.8 40.1 40.2 40.4 40.7 41 41.6 42.3 42.9 43.5 44.7 45.9 47.1 48.4 49.6 49.4 48.8 48.3 47.7 49.6 51.1 52 52.6 52.9 53.2 53.1 53 52.6 52.1 50.7 48.5 48.1 47.2 44.9 43.7 43.3 42.9 42.5 42.2 41.7 41.2 40.7 40.2 40.6 41.8 41.6 39.9 38.5 37.2 34.8 32.4 27.9 23.4 19.2 11.5
19.2 19.2 19.3 19.9 20.5 22.4 25.2 26.5 27.1 29 30.1 30.3 29.7 31.4 31.6 31.7 32.3 31.7 34 35 35.1 35.8 36.9 37.7 38.4 39 39.5 40 39.8 39.8 40.1 40.4 40.7 40.8 41.1 41.4 42.1 43.2 44.4 45.2 46.1 47.6 48.9 49.8 50.4 50.1 49.8 49.1 48.8 50.4 51.7 52.6 53.4 54.2 54.5 54.5 54.3 53.5 52.8 51 51.1 51.4 48.9 45.6 44.4 43.7 43.6 42.9 42 41.1 40.5 39.8 40.1 40.5 41.5 40.3 38.4 36.9 35.2 33.4 29.2 25.2 21.7 19.5 8.8
20.9 21.6 21.8 22.6 23.2 25.4 27.2 28.7 29.2 29.4 31 31 31.7 33.3 34.8 35 33.8 33.3 33.1 33.6 34.6 35.6 36.6 37.6 38.5 39.1 39.7 40 39.9 40.2 40.5 40.8 41.1 41.3 41.5 41.8 42.6 43.6 44.8 46.2 47.6 48.8 49.7 50.6 50.9 50.6 50.3 50.1 50 51.1 52.3 53.2 54.1 55.1 55.5 56 55.2 54.4 53.6 52.8 52.7 52.1 48.3 47.5 46.6 45 44.5 43.4 42.5 41.5 40.6 40.1 39.6 40 39.2 37.9 36.1 34.6 33.1 30 26.4 22 19.9 18.9 6.9
22.7 23.4 24.1 24.8 25.5 27.4 29.4 30.7 31.1 31.1 31.5 32 33.5 34.6 35.5 35.7 35 35.3 34.3 33.9 34.9 35.7 36.4 37.5 39 39.4 40 40 40.3 40.6 40.9 41.2 41.4 41.7 41.9 42.2 43.2 43.9 45.2 46.6 48.2 49.6 50.5 51.4 51.9 51.7 51.5 51.3 51.1 52.2 53.2 54.2 55.2 55.5 56 56.2 55.8 55 54.2 53 51.5 50.5 50.6 50.7 48.1 46.7 45.3 44 42.9 41.8 40.8 40.5 40 37.7 36.8 35.4 33.8 32.5 30.2 26.6 25.6 22.8 18.8 14.6 5.5
