app/static/ascii/NR34.asc
ncols 200
nrows 200
xllcorner 130000
yllcorner 640000
cellsize 50
[rows 156 to 194 of 200, columns 0 to 87 of 200]
79.5 79.5 79.5 79.5 79.6 84.8 89.4 94.2 91.4 86.1 83.1 83.8 88.1 92 96.7 98.8 100.6 102.7 105.9 107.9 105 104.2 109.2 114.6 126.6 135 138.7 141.1 154.5 157.3 157.7 156.1 154.1 152.7 148.2 144.5 139.9 135.3 130.3 123.5 116.4 108.8 101.7 95.9 91.6 88.7 86 83.3 80.4 78.9 80.6 86.9 93.3 95.9 99.4 101.9 104.1 101.7 96 88 82 74.9 62.6 51.8 41.2 25.4 0.1 0.1 0.1 0.1 0.1 0.1 0.1 0.1 0.1 0.1 0.1 0.1 0.1 0.1 0.1 0.1 0.1 0.1 0.1 0.1 0.1 0.1
79.5 79.5 79.5 79.5 79.5 83.7 88.3 92.7 97.9 97.4 91 95.6 99 99.5 101.9 107.1 110.3 111.3 114.3 117.3 116.7 107.8 108.6 116.9 125.7 128.9 134.3 137.4 147.2 151.8 151.8 149.8 151.2 149.7 147.1 141.5 137.1 132.3 127.4 120.6 114 108.1 101.8 97.8 97.1 92.8 90.8 88.7 86.4 83.8 78.6 76.6 82 89.2 96.5 96.9 95.3 94.1 89.2 84.4 81.1 75 72.2 59.4 44.9 14.5 0.1 0.1 0.1 0.1 0.1 0.1 0.1 0.1 0.1 0.1 0.1 0.1 0.1 0.1 0.1 0.1 0.1 0.1 0.1 0.1 0.1 0.1
79.5 79.5 79.5 79.5 80.4 83.4 86.6 90.2 92.9 95.7 100.8 104.3 104.7 107 107.3 112.2 116.2 119.8 120.7 118.8 117.3 110.2 109.7 118.1 122.6 132.5 134.9 138.8 146.2 151 152.5 150.6 148.8 145.2 142.1 138.2 134.1 129.2 124.3 117.7 111.3 105.5 102.4 101 98.6 96.9 97.8 96.3 96.3 91.3 84.5 77 78.1 83.1 85.9 89 88.9 86.5 84 86.9 86.6 77 70.7 64.2 53.2 30.2 0.1 0.1 0.1 0.1 0.1 0.1 0.1 0.1 0.1 0.1 0.1 0.1 0.1 0.1 0.1 0.1 0.1 0.1 0.1 0.1 0.1 0.1
79.5 79.5 79.5 82.6 84.2 86.7 88.5 90.6 93 96.7 104.9 110.4 112.8 111.6 111 116.2 121 121 120.2 121.2 114.8 114.8 119.8 126.3 125.7 132.3 137.2 140.3 142.3 147.7 148.3 145.5 142.7 142.7 140.4 135.9 131.2 126.2 120.9 114.8 108.8 105.8 102.7 101.4 103.2 97 95.7 94.7 97.5 85.7 80.1 76.9 74.3 76.2 81.4 83.7 83.9 81.7 85.6 83.1 81.2 78.4 73.2 69.9 62.2 44.3 0.1 0.1 0.1 0.1 0.1 0.1 0.1 0.1 0.1 0.1 0.1 0.1 0.1 0.1 0.1 0.1 0.1 0.1 0.1 0.1 0.1 0.1
79.5 79.5 79.5 82.5 85.8 90.3 89.3 91.1 91.3 93 101.3 109.9 115.1 118.6 117.1 116.7 119.5 124 126.7 128 122.5 124.9 126.2 132.9 133.1 137.1 139.3 143.7 142.5 147.4 145.2 141.8 139.6 137.9 136.9 132.6 126.7 120.7 117.4 112.6 110.4 107.7 103.8 101.6 98 93.1 90.6 88.8 82.8 80.1 76 73.6 69.9 72.7 76.6 78.3 78.7 79.3 81.5 79.6 78.4 76.7 76.5 64.5 54.7 41 12.4 0.1 0.1 0.1 0.1 0.1 0.1 0.1 0.1 0.1 0.1 0.1 0.1 0.1 0.1 0.1 0.1 0.1 0.1 0.1 0.1 0.1
79.5 79.5 79.5 81.9 83.5 87.2 90.8 94 98.4 98.2 96.8 103.5 114.5 118.4 121.2 121.9 123.6 127 126.6 126.7 128.5 134.1 136.4 140.4 142.8 144.2 147.1 149.3 146.7 145.3 142 137.6 136.2 134.4 132.6 127.2 121.8 116.6 113.9 112.7 111.3 107.6 102.5 97.1 92.9 89 82.8 80.3 78.8 72.9 72.4 70.1 63.7 69.2 74.7 79.4 78.9 77.4 77 77.7 76.3 72.7 66.3 58.5 50.2 42.5 18.8 0.1 0.1 0.1 0.1 0.1 0.1 0.1 0.1 0.1 0.1 0.1 0.1 0.1 0.1 0.1 0.1 0.1 0.1 0.1 0.1 0.1
79.5 79.5 79.5 82.5 83.8 84.9 89.4 92.3 96.3 99.8 99.6 101.4 107.5 119.2 125.6 130.6 131.4 129 129.7 133.4 138.7 142.9 143.7 144.7 145.9 148.3 150.4 152.9 149.5 143 139.9 140.3 133.8 131.1 124.6 121.1 114 111.4 108.9 110.5 108.1 103.1 98 92.8 87.9 81.4 77.8 74.6 72.3 68.7 66 63.3 59.5 65.3 72.8 78 79.1 78.1 75.6 74.7 70.9 66.7 63.3 59.2 48 28.4 9.4 0.1 0.1 0.1 0.1 0.1 0.1 0.1 0.1 0.1 0.1 0.1 0.1 0.1 0.1 0.1 0.1 0.1 0.1 0.1 0.1 0.1
79.5 79.5 82.9 84.9 85.3 85.9 87.3 89.6 92.6 97.9 101.8 104.7 106 110.2 127.6 132 139.2 137.9 133.7 143 144 146.3 146.5 146 148 148.1 149.4 152.5 153.8 146.9 139 135.8 128.3 120.7 115.6 112.3 106.5 104.2 101.4 101.1 102 97.4 90 87.4 85.4 75.7 72.1 69.6 68.6 62.8 59.1 57 58.4 64.3 68.3 72.7 77.7 77.4 74.8 70.9 68.5 64.9 58.5 53.1 40.3 27.5 0.1 0.1 0.1 0.1 0.1 0.1 0.1 0.1 0.1 0.1 0.1 0.1 0.1 0.1 0.1 0.1 0.1 0.1 0.1 0.1 0.1 0.1
86.6 85.2 86.5 87.4 87.7 88.5 89 89.9 92.2 96.4 99.8 103.2 106 106.6 110.6 127.9 134.2 134.3 141 142.5 146.9 147 147.1 146.9 148.4 149.3 149.4 149.7 147.9 139 130.7 125.8 116 109.6 104.8 100.6 96.5 95.8 94.7 94.1 90.1 84.7 80.7 77.9 73.8 71.1 65.6 63.3 60.7 60.1 56.9 54.3 56.5 59.8 63 64.4 70.8 70.6 70.6 69.3 62.9 58 51.2 44.7 33 14.3 0.1 0.1 0.1 0.1 0.1 0.1 0.1 0.1 0.1 0.1 0.1 0.1 0.1 0.1 0.1 0.1 0.1 0.1 0.1 0.1 0.1 0.1
93.7 92.6 91.9 90.1 91.1 91.3 92.3 93.3 94.5 95.5 97.8 101 102.1 103.3 104.5 111.5 126.5 129 133.8 140.5 147.3 150 148 147.2 146.2 147.7 145.8 143.9 141.2 134.9 123.9 116.7 107.6 100.6 94 85.6 84.9 88.3 88.5 82.9 81 78.7 74.1 70.9 68.5 61.7 59.4 58.5 58.1 57.1 54.9 56 51.7 61.3 59.5 63.5 58.3 61.7 63.8 56.6 53.1 46.4 40 29.7 13.2 0.1 0.1 0.1 0.1 0.1 0.1 0.1 0.1 0.1 0.1 0.1 0.1 0.1 0.1 0.1 0.1 0.1 0.1 0.1 0.1 0.1 0.1 0.1
101.2 100.8 99 96.7 96.7 96.9 96.8 96.7 97.7 97.8 97.7 98.4 99.8 100.8 102.8 108.2 112.2 120.4 131.4 138.1 141.3 146.2 143.4 142.3 139.5 137.8 139.3 137.3 134.1 122.6 114.8 103.7 97.5 91.2 78.3 70.2 71.9 75.1 75.7 75.1 74 72.6 68.4 65 61.6 59.2 58 55.9 55.2 54.2 53.1 55 58.5 47.5 50.6 53.1 54.1 44.6 46.5 47.4 37.2 14.3 0.1 0.1 0.1 0.1 0.1 0.1 0.1 0.1 0.1 0.1 0.1 0.1 0.1 0.1 0.1 0.1 0.1 0.1 0.1 0.1 0.1 0.1 0.1 0.1 0.1 0.1
106.1 107.2 106 104 103 102.7 102.6 101.3 100.3 100 99.6 99.6 100.4 100.6 101.1 103.6 106.3 114.3 123.7 133.7 133.7 131.8 130.4 132.5 133.8 131.4 130.7 130 126.2 114.5 100.4 92.8 84.5 77.4 69.1 60.9 61 65.4 66.5 68.5 69.6 68.8 64.7 61.5 59.4 59.1 58.8 56.6 54.9 55.3 53.9 51 49.8 48.9 39.7 40.8 39.3 36 32.3 29.1 20.5 0.1 0.1 0.1 0.1 0.1 0.1 0.1 0.1 0.1 0.1 0.1 0.1 0.1 0.1 0.1 0.1 0.1 0.1 0.1 0.1 0.1 0.1 0.1 0.1 0.1 0.1 0.1
115.8 113.5 112.1 111.2 111.1 108.5 105.5 103.3 102.6 102.3 101.9 101.8 100.9 101.4 102.5 103.7 105.2 107.7 116 120.3 122 123.4 124.5 125.2 123.1 121.8 120.1 118.5 114.5 107.3 101.6 89.4 78.3 70.6 64.1 56.2 52.5 55.6 59.1 60.6 63.8 64.9 59.5 59.4 59.7 59.8 59.6 58 56 54.7 55.2 53.4 50.1 48 45.4 39.4 33 28.3 23.8 14.3 0.1 0.1 0.1 0.1 0.1 0.1 0.1 0.1 0.1 0.1 0.1 0.1 0.1 0.1 0.1 0.1 0.1 0.1 0.1 0.1 0.1 0.1 0.1 0.1 0.1 0.1 0.1 0.1
121.1 119.1 116.6 115.2 115.9 112.8 109.4 106.8 104.8 104.6 105.5 104.9 104.1 103.9 105.4 106.8 107 107.2 110.1 114.6 117.4 118.7 119.6 119.3 118.2 117.4 116 113.9 112.3 102.6 89.2 77.8 72.2 66.3 59.3 52.9 48 49.9 51.2 54 57.5 54.2 56.1 57.7 58.3 58.4 58.2 57.1 55.7 54.7 53 56.4 55.2 52.2 47.5 45.9 45.4 38.9 32 23.3 0.1 0.1 0.1 0.1 0.1 0.1 0.1 0.1 0.1 0.1 0.1 0.1 0.1 0.1 0.1 0.1 0.1 0.1 0.1 0.1 0.1 0.1 0.1 0.1 0.1 0.1 0.1 0.1
126.7 124.4 123.8 125.8 123.2 122.7 118.7 118.9 114.5 111 109.7 109.8 109.4 107.1 108.4 108.4 106.3 104.6 106 110.6 112.3 113.9 114.5 116 117.4 116.8 115.9 113.8 111.2 97.6 86.7 80.9 72.3 64.3 57.7 51.7 45.6 43.3 46.7 46.3 48.1 51.1 53.9 55.7 54.9 55.9 55.9 54.9 56.6 56.1 50.4 50.5 52.2 48.5 48.3 51.3 46.9 43 40 26.5 14.4 0.1 0.1 0.1 0.1 0.1 0.1 0.1 0.1 0.1 0.1 0.1 0.1 0.1 0.1 0.1 0.1 0.1 0.1 0.1 0.1 0.1 0.1 0.1 0.1 0.1 0.1 0.1
127.9 126.4 127.6 129.2 134.3 128.6 128 126.4 119.2 118 115.2 115.6 114.9 109.9 107.3 105.3 103.3 102.5 104.7 104.6 106.8 111.9 114.2 116.9 122.8 128 124.4 119.8 108.8 107.4 102.2 98.2 87.6 73.2 59.2 52.5 46.2 40.3 39.2 40.7 44.3 46.5 49.8 49.3 49.9 51.7 51.6 53.1 50.4 50.2 45 43.7 45.2 48 49.4 46.6 45.6 44.7 37.9 14.7 0.1 0.1 0.1 0.1 0.1 0.1 0.1 0.1 0.1 0.1 0.1 0.1 0.1 0.1 0.1 0.1 0.1 0.1 0.1 0.1 0.1 0.1 0.1 0.1 0.1 0.1 0.1 0.1
126.9 128.3 132.5 136.5 138.7 139.3 137.4 135.8 129.7 126.5 124.7 120.6 119.6 116.2 109.7 104.9 100.2 99.6 100.6 101.5 103.1 107.1 113.2 115.2 120.5 120.2 122.4 117.1 121.5 127.2 123.9 114.5 97.8 78.7 59.7 53 46.7 41.3 36.6 34.9 38.7 41.5 41.7 43.2 45.8 47.6 47.2 46.4 43.8 42.1 43.4 42.3 36 38.5 42.3 43.6 44.7 42.9 0.1 0.1 0.1 0.1 0.1 0.1 0.1 0.1 0.1 0.1 0.1 0.1 0.1 0.1 0.1 0.1 0.1 0.1 0.1 0.1 0.1 0.1 0.1 0.1 0.1 0.1 0.1 0.1 0.1 0.1
125.9 129.6 135 140.8 142.8 144.5 144.1 142.3 140.1 135.6 131 129.4 122.2 117.2 108.7 103.5 98.3 96.9 97.2 99.7 101.7 101.2 107.1 110 116.6 116.9 117.5 126.4 125.1 117.7 111.7 100 86.3 67.3 57.6 51 45.1 41.2 37.4 31.3 34.2 36.5 37.7 39.2 40.9 41.1 42.5 37.7 35.6 28.9 21.8 36 15.9 4.6 10 38.1 37.6 24.5 0.1 0.1 0.1 0.1 0.1 0.1 0.1 0.1 0.1 0.1 0.1 0.1 0.1 0.1 0.1 0.1 0.1 0.1 0.1 0.1 0.1 0.1 0.1 0.1 0.1 0.1 0.1 0.1 0.1 0.1
125.8 131.2 137.1 142.5 144.2 145.4 145.2 144.2 142.1 138.5 131.9 124.1 119.3 110.7 105 100.5 95.7 93.8 95.3 97.8 98.1 100.6 101.6 106.6 111.7 117.9 119.2 119 112.4 104 90.7 81.2 70.5 59.4 53 48.1 40.9 37.7 34.4 29.7 29.5 31.8 31.5 32.1 17.3 8.1 11.6 28.1 12 0.1 0.1 0.1 0.1 0.1 0.1 0.1 0.1 0.1 0.1 0.1 0.1 0.1 0.1 0.1 0.1 0.1 0.1 0.1 0.1 0.1 0.1 0.1 0.1 0.1 0.1 0.1 0.1 0.1 0.1 0.1 0.1 0.1 0.1 0.1 0.1 0.1 0.1 0.1
126.2 133.8 138.1 143.2 144.9 145.8 145.6 144.8 142.6 137.9 126.6 118.7 112.7 106.5 100.7 96.6 92.4 93.5 94 94.6 98.6 101.9 98 103.4 108.2 110.9 109.1 104.3 98.2 86.3 75.1 70.1 61.9 55 38.5 36 37 33.8 31.9 29.4 23.3 29 11.2 0.1 0.1 0.1 0.1 0.1 0.1 0.1 0.1 0.1 0.1 0.1 0.1 0.1 0.1 0.1 0.1 0.1 0.1 0.1 0.1 0.1 0.1 0.1 0.1 0.1 0.1 0.1 0.1 0.1 0.1 0.1 0.1 0.1 0.1 0.1 0.1 0.1 0.1 0.1 0.1 0.1 0.1 0.1 0.1 0.1
126.8 133 137.3 140.9 144.3 146.1 145.9 144.8 142.7 137.8 129.5 121.5 114.6 105.8 96 91.7 88.9 90.9 92.2 93.9 98 94 97 99.4 102.3 101 95.3 89.7 81.7 78.4 71.5 63.6 56.2 47.2 26.8 15.7 33.7 31.4 31 29.3 28.3 21.9 0.1 0.1 0.1 0.1 0.1 0.1 0.1 0.1 0.1 0.1 0.1 0.1 0.1 0.1 0.1 0.1 0.1 0.1 0.1 0.1 0.1 0.1 0.1 0.1 0.1 0.1 0.1 0.1 0.1 0.1 0.1 0.1 0.1 0.1 0.1 0.1 0.1 0.1 0.1 0.1 0.1 0.1 0.1 0.1 0.1 0.1
129.1 133.1 136.7 141.2 144.8 146 145.8 145.5 143.5 139 131.8 124.1 116.1 104.9 89.1 85.9 85.5 87 89.6 91 92.8 90 96.5 95.1 88.7 84 82.7 78.8 73.7 68.5 61 55 47.3 37.7 8.8 3.9 9.8 26.8 27.4 15.6 0.1 0.1 0.1 0.1 0.1 0.1 0.1 0.1 0.1 0.1 0.1 0.1 0.1 0.1 0.1 0.1 0.1 0.1 0.1 0.1 0.1 0.1 0.1 0.1 0.1 0.1 0.1 0.1 0.1 0.1 0.1 0.1 0.1 0.1 0.1 0.1 0.1 0.1 0.1 0.1 0.1 0.1 0.1 0.1 0.1 0.1 0.1 0.1
128.5 131 136.5 143 146.7 148.4 147.5 146 141.2 135.4 129.4 120.5 109.2 97.9 86.4 81.5 81.4 83.5 87.1 87.6 85.8 88.5 87.7 84.5 81.7 78.7 77.9 75.3 65.7 61.2 56 49.5 41.1 29.8 5.5 0.1 0.1 0.8 0.1 0.1 0.1 0.1 0.1 0.1 0.1 0.1 0.1 0.1 0.1 0.1 0.1 0.1 0.1 0.1 0.1 0.1 0.1 0.1 0.1 0.1 0.1 0.1 0.1 0.1 0.1 0.1 0.1 0.1 0.1 0.1 0.1 0.1 0.1 0.1 0.1 0.1 0.1 0.1 0.1 0.1 0.1 0.1 0.1 0.1 0.1 0.1 0.1 0.1
134.4 133.8 134.1 140.5 145.1 144.9 143.1 139.8 135.7 131.8 125.3 112.9 99.4 85.4 79.8 76.6 82.5 82 80.6 81.2 82.7 82.2 79.6 79 78.7 76.2 70.1 64.9 61 56.2 51.1 46 37.6 30.8 19.9 0.1 0.1 0.1 0.1 0.1 0.1 0.1 0.1 0.1 0.1 0.1 0.1 0.1 0.1 0.1 0.1 0.1 0.1 0.1 0.1 0.1 0.1 0.1 0.1 0.1 0.1 0.1 0.1 0.1 0.1 0.1 0.1 0.1 0.1 0.1 0.1 0.1 0.1 0.1 0.1 0.1 0.1 0.1 0.1 0.1 0.1 0.1 0.1 0.1 0.1 0.1 0.1 0.1
133.9 134.1 134.4 136.2 142.3 141.2 139.5 136 129.6 122.9 114.3 104.2 92.1 79.8 74.6 76 83.1 79.8 78.6 78.4 76.5 76 75.2 74.3 71.6 67.8 64.9 60.6 56.4 52.3 46.1 39.7 34.1 19.9 0.1 0.1 0.1 0.1 0.1 0.1 0.1 0.1 0.1 0.1 0.1 0.1 0.1 0.1 0.1 0.1 0.1 0.1 0.1 0.1 0.1 0.1 0.1 0.1 0.1 0.1 0.1 0.1 0.1 0.1 0.1 0.1 0.1 0.1 0.1 0.1 0.1 0.1 0.1 0.1 0.1 0.1 0.1 0.1 0.1 0.1 0.1 0.1 0.1 0.1 0.1 0.1 0.1 0.1
129.3 134.1 135.9 136.9 135.3 134.9 134.2 131 123.9 110.5 103.6 96.6 86 76.9 71.3 71.7 74.3 76.6 76.2 73.5 72.6 71.8 71.5 70.6 67.2 64.2 62 57 52.3 48.6 42.5 37.1 23.6 15.4 0.1 0.1 0.1 0.1 0.1 0.1 0.1 0.1 0.1 0.1 0.1 0.1 0.1 0.1 0.1 0.1 0.1 0.1 0.1 0.1 0.1 0.1 0.1 0.1 0.1 0.1 0.1 0.1 0.1 0.1 0.1 0.1 0.1 0.1 0.1 0.1 0.1 0.1 0.1 0.1 0.1 0.1 0.1 0.1 0.1 0.1 0.1 0.1 0.1 0.1 0.1 0.1 0.1 0.1
125.6 131.1 139.4 138 133.6 129.2 129 123.2 112.6 100.8 94.2 86.6 80.2 75.7 71 68.1 69.6 76 71.8 70.2 69.9 68.6 67.5 66.9 64.1 61.8 57.8 51.6 48.3 42.2 36.9 30.3 0.1 0.1 0.1 0.1 0.1 0.1 0.1 0.1 0.1 0.1 0.1 0.1 0.1 0.1 0.1 0.1 0.1 0.1 0.1 0.1 0.1 0.1 0.1 0.1 0.1 0.1 0.1 0.1 0.1 0.1 0.1 0.1 0.1 0.1 0.1 0.1 0.1 0.1 0.1 0.1 0.1 0.1 0.1 0.1 0.1 0.1 0.1 0.1 0.1 0.1 0.1 0.1 0.1 0.1 0.1 0.1
123.8 123.1 125.2 127 122.2 120.8 117.7 112 106 100.6 92.3 82.7 78.8 75.8 73.2 71.5 63.6 64.8 66.7 68.1 69.2 68 65.5 64.2 60.5 58.2 53.2 49 43.4 37 20 0.1 0.1 0.1 0.1 0.1 0.1 0.1 0.1 0.1 0.1 0.1 0.1 0.1 0.1 0.1 0.1 0.1 0.1 0.1 0.1 0.1 0.1 0.1 0.1 0.1 0.1 0.1 0.1 0.1 0.1 0.1 0.1 0.1 0.1 0.1 0.1 0.1 0.1 0.1 0.1 0.1 0.1 0.1 0.1 0.1 0.1 0.1 0.1 0.1 0.1 0.1 0.1 0.1 0.1 0.1 0.1 0.1
123.3 122.7 122.1 120.5 119.2 117.1 114.4 109.3 104.4 99.9 94.4 82.8 79.3 77.9 75.5 73.3 64.7 60.9 64.5 66.5 66.9 65.3 63.8 63.7 58.9 54.5 51.2 42.2 37.6 33.4 15.1 0.1 0.1 0.1 0.1 0.1 0.1 0.1 0.1 0.1 0.1 0.1 0.1 0.1 0.1 0.1 0.1 0.1 0.1 0.1 0.1 0.1 0.1 0.1 0.1 0.1 0.1 0.1 0.1 0.1 0.1 0.1 0.1 0.1 0.1 0.1 0.1 0.1 0.1 0.1 0.1 0.1 0.1 0.1 0.1 0.1 0.1 0.1 0.1 0.1 0.1 0.1 0.1 0.1 0.1 0.1 0.1 0.1
123.8 122.5 121.9 120.3 117.6 115 111.7 106.6 101.7 97.3 95.6 83.4 81 79.5 74 67.8 66.4 62.8 63.8 65.3 63.8 62.9 62.6 60.9 55.8 52.6 48.3 39.8 34.5 18.4 0.1 0.1 0.1 0.1 0.1 0.1 0.1 0.1 0.1 0.1 0.1 0.1 0.1 0.1 0.1 0.1 0.1 0.1 0.1 0.1 0.1 0.1 0.1 0.1 0.1 0.1 0.1 0.1 0.1 0.1 0.1 0.1 0.1 0.1 0.1 0.1 0.1 0.1 0.1 0.1 0.1 0.1 0.1 0.1 0.1 0.1 0.1 0.1 0.1 0.1 0.1 0.1 0.1 0.1 0.1 0.1 0.1 0.1
126.9 123 122.2 121.2 117.9 114.9 110.9 106.1 100.4 93.6 91.9 85.8 83.2 80.9 76.7 76.5 77 67.2 57.9 55.7 57.4 58.1 56 55.9 56.5 50.4 45.9 39.9 32.2 7.1 0.1 0.1 0.1 0.1 0.1 0.1 0.1 0.1 0.1 0.1 0.1 0.1 0.1 0.1 0.1 0.1 0.1 0.1 0.1 0.1 0.1 0.1 0.1 0.1 0.1 0.1 0.1 0.1 0.1 0.1 0.1 0.1 0.1 0.1 0.1 0.1 0.1 0.1 0.1 0.1 0.1 0.1 0.1 0.1 0.1 0.1 0.1 0.1 0.1 0.1 0.1 0.1 0.1 0.1 0.1 0.1 0.1 0.1
131.7 126 123.3 122.3 118.7 115.3 111.5 106.8 103.2 97.5 95.6 94 92.9 86.7 82 77.4 72.9 67.6 63.8 55.6 47.8 48 49.8 52.1 50.3 48.1 44.3 38.1 26 6.2 0.1 0.1 0.1 0.1 0.1 0.1 0.1 0.1 0.1 0.1 0.1 0.1 0.1 0.1 0.1 0.1 0.1 0.1 0.1 0.1 0.1 0.1 0.1 0.1 0.1 0.1 0.1 0.1 0.1 0.1 0.1 0.1 0.1 0.1 0.1 0.1 0.1 0.1 0.1 0.1 0.1 0.1 0.1 0.1 0.1 0.1 0.1 0.1 0.1 0.1 0.1 0.1 0.1 0.1 0.1 0.1 0.1 0.1
136.7 130.5 128.6 124.8 120.5 118.9 111.5 107.4 103.4 102.3 102.9 103.5 99.2 96.7 91.2 78.2 69.6 65.8 60.8 55.7 51.1 40.9 41.6 44.6 47.3 44.2 41.8 35.3 17.4 0.1 0.1 0.1 0.1 0.1 0.1 0.1 0.1 0.1 0.1 0.1 0.1 0.1 0.1 0.1 0.1 0.1 0.1 0.1 0.1 0.1 0.1 0.1 0.1 0.1 0.1 0.1 0.1 0.1 0.1 0.1 0.1 0.1 0.1 0.1 0.1 0.1 0.1 0.1 0.1 0.1 0.1 0.1 0.1 0.1 0.1 0.1 0.1 0.1 0.1 0.1 0.1 0.1 0.1 0.1 0.1 0.1 0.1 0.1
135.7 133.1 132.9 126.7 122.1 115.9 109.6 106.8 106.3 107.6 106.5 107.2 107.2 102.5 95.5 82.2 72.9 64.1 59.8 56.2 53.2 42.9 34.1 35.3 36 36.3 37.6 29.7 16.2 0.1 0.1 0.1 0.1 0.1 0.1 0.1 0.1 0.1 0.1 0.1 0.1 0.1 0.1 0.1 0.1 0.1 0.1 0.1 0.1 0.1 0.1 0.1 0.1 0.1 0.1 0.1 0.1 0.1 0.1 0.1 0.1 0.1 0.1 0.1 0.1 0.1 0.1 0.1 0.1 0.1 0.1 0.1 0.1 0.1 0.1 0.1 0.1 0.1 0.1 0.1 0.1 0.1 0.1 0.1 0.1 0.1 0.1 0.1
134.2 131 126 126.3 122.3 115.6 107.9 106.8 106 107.1 107.9 108.7 108.1 103.7 97.7 88.6 79.2 63.6 57.7 53.8 51.5 47.3 40.2 33.5 23.9 25.1 24.6 18.6 10.4 0.1 0.1 0.1 0.1 0.1 0.1 0.1 0.1 0.1 0.1 0.1 0.1 0.1 0.1 0.1 0.1 0.1 0.1 0.1 0.1 0.1 0.1 0.1 0.1 0.1 0.1 0.1 0.1 0.1 0.1 0.1 0.1 0.1 0.1 0.1 0.1 0.1 0.1 0.1 0.1 0.1 0.1 0.1 0.1 0.1 0.1 0.1 0.1 0.1 0.1 0.1 0.1 0.1 0.1 0.1 0.1 0.1 0.1 0.1
131.1 129.1 125.1 122.5 121 116.1 107.8 106.5 104.6 107 110.5 111 107.8 101 96.5 86.1 74.1 63.3 55.6 51.1 51.1 45.6 42.8 40 26.1 9.1 13.1 0.1 0.1 0.1 0.1 0.1 0.1 0.1 0.1 0.1 0.1 0.1 0.1 0.1 0.1 0.1 0.1 0.1 0.1 0.1 0.1 0.1 0.1 0.1 0.1 0.1 0.1 0.1 0.1 0.1 0.1 0.1 0.1 0.1 0.1 0.1 0.1 0.1 0.1 0.1 0.1 0.1 0.1 0.1 0.1 0.1 0.1 0.1 0.1 0.1 0.1 0.1 0.1 0.1 0.1 0.1 0.1 0.1 0.1 0.1 0.1 0.1
73.7 93 123.2 119.9 119.1 115.7 107 104.9 98.2 105.7 109.6 109.7 101.6 98.2 89.9 82.3 71.3 57.9 52.2 48.2 46.4 48.3 42.8 31.4 21.2 18.5 0.1 0.1 0.1 0.1 0.1 0.1 0.1 0.1 0.1 0.1 0.1 0.1 0.1 0.1 0.1 0.1 0.1 0.1 0.1 0.1 0.1 0.1 0.1 0.1 0.1 0.1 0.1 0.1 0.1 0.1 0.1 0.1 0.1 0.1 0.1 0.1 0.1 0.1 0.1 0.1 0.1 0.1 0.1 0.1 0.1 0.1 0.1 0.1 0.1 0.1 0.1 0.1 0.1 0.1 0.1 0.1 0.1 0.1 0.1 0.1 0.1 0.1
32.8 47.1 80.1 117.6 115.3 114.3 101.3 71 57.5 107.7 105.8 99.5 94.4 90.6 78.5 70.2 62.8 56.5 48.1 44.3 43.8 39.6 36.2 20.7 16.2 13.7 0.1 0.1 0.1 0.1 0.1 0.1 0.1 0.1 0.1 0.1 0.1 0.1 0.1 0.1 0.1 0.1 0.1 0.1 0.1 0.1 0.1 0.1 0.1 0.1 0.1 0.1 0.1 0.1 0.1 0.1 0.1 0.1 0.1 0.1 0.1 0.1 0.1 0.1 0.1 0.1 0.1 0.1 0.1 0.1 0.1 0.1 0.1 0.1 0.1 0.1 0.1 0.1 0.1 0.1 0.1 0.1 0.1 0.1 0.1 0.1 0.1 0.1
3 9.3 35.3 63.9 86.9 103.1 74.5 28.2 28 66 71.4 69.9 90 79.7 69.7 61.5 56.8 45.3 45.6 41.1 35.4 34.9 20.1 18.1 13.2 5.6 0.1 0.1 0.1 0.1 0.1 0.1 0.1 0.1 0.1 0.1 0.1 0.1 0.1 0.1 0.1 0.1 0.1 0.1 0.1 0.1 0.1 0.1 0.1 0.1 0.1 0.1 0.1 0.1 0.1 0.1 0.1 0.1 0.1 0.1 0.1 0.1 0.1 0.1 0.1 0.1 0.1 0.1 0.1 0.1 0.1 0.1 0.1 0.1 0.1 0.1 0.1 0.1 0.1 0.1 0.1 0.1 0.1 0.1 0.1 0.1 0.1 0.1
