app/static/ascii/NR37.asc
ncols 200
nrows 200
xllcorner 130000
yllcorner 670000
cellsize 50
[rows 144 to 179 of 200, columns 82 to 163 of 200]
65.6 67.6 69.6 72.1 74.4 77.1 80.8 83.9 86 88.1 90.8 94 96.3 98 98.2 98.3 98.8 99.8 99.8 97 103.3 108.5 113.7 117.4 120.9 125.9 133.1 141.1 150.7 161.8 174.5 185.1 192.9 205.8 222.8 232.2 235.5 236.1 235.8 237.6 235.4 231.7 220.2 206.5 196.1 190.9 194.7 194.5 196.5 196 194.9 193.2 188 183 180.9 180 179.7 181.2 187.1 193.2 200.9 200.5 197.6 186 174.8 167.6 166.9 173.1 174.6 177.6 187.6 206.9 225.9 240.9 272 294.8 310 304.5 286.5 271.8 259.7 246.8
66.3 70.5 72.7 76 78.5 81.7 85.2 87.9 90 92.3 95.5 97.9 99.6 101.4 102.3 102.7 103.1 103.4 103 98.3 105.1 111.3 116.1 119.8 123.5 127.8 134.9 142.8 152.8 163.6 175.9 185.9 191.9 202.5 219.4 231.1 239.2 240.3 239.4 238.9 236.9 233.4 222.7 209 199.5 196.5 199.4 199.8 201 202.3 202.2 195.9 191.4 190 187.3 184.9 184 184.7 191.1 197 202.1 202 197.4 183.3 174.5 169 172.6 177.1 179.5 182.6 198.8 218.6 235.4 249.2 276.6 296.3 285.9 288.5 274 263.2 254.2 251
67 71 75.5 78.5 81.9 85 88.3 91.1 93.5 96.7 99.2 100.9 102.1 104 106.1 106.9 107.3 106.6 105.5 103.2 102.3 110.4 116.5 121.7 125.9 130.3 136 143.9 153.8 165.3 177 185.5 190.5 200.1 215.3 225.8 235.8 240.6 241.3 239 239.5 235.7 226.6 209.8 200.5 198.9 201.1 204.7 205.9 209.4 207.5 199.9 195.3 195.1 193.1 189.4 186.9 188.1 192.9 199.5 202.4 201.5 195.4 182.2 175 172.4 174.9 179.4 183.6 195.6 210.1 226.9 241.5 247.7 255 266.7 274.2 275.3 264.4 255.5 244.5 244.2
68.7 71.8 76 79.8 83.1 86.9 90.9 94.4 97.5 99.8 101.4 102.8 104.4 106.4 108.5 110.4 110.9 111 110.4 110 105 105.8 114.9 122.4 127.2 131.9 138 144.9 155 166.6 178.1 184.1 188.7 197.9 209.9 217.6 225.9 233 238.5 238 239.3 238.6 227.9 214.5 201.5 200.2 202.7 208.5 209.3 212.3 210.4 203.8 198.9 200.4 198.8 193.1 190.2 190.5 195.5 200.7 202 200 189.7 179.6 176.2 177.9 175.2 180.6 194 202.8 215.9 229.4 240.5 242.9 249.7 257.5 274.4 269.3 261.1 255.1 242.1 242.1
68.6 71.3 76.2 80 83.7 87.9 92.1 96.2 99.2 101.2 103 104 105.4 107.6 110.2 112.5 114.6 115.6 115.7 116 117.7 118.3 119.7 119.9 127.6 133.4 139.8 147.8 157.1 167.6 177 181 184.9 195.1 205.6 211 217.1 221 226 228.5 231.3 229.9 223.2 211.7 198.7 199.6 203.1 208.4 210 212.4 208.2 200.7 199.4 206.1 198.4 197.2 194.9 194.4 198.4 201 200.2 196.5 189.1 180.8 179.4 182.9 177 185.7 199.8 206.5 215.1 221.5 232 238.3 246.9 263.3 272.3 265.4 255.3 244.6 243 245
67.8 71.9 75.7 79.7 83.4 87.7 92.2 96.5 99.2 102.3 104.5 105.2 106.5 108.6 111.6 114.4 117.1 120.2 122.3 123.1 124.6 126.1 125.5 117.6 125.1 133.7 141.6 149.7 159 168.7 173.2 173.5 176.1 187 195.9 201.5 206.6 209.4 210.3 212.3 217.1 216.2 212.5 201.8 193.3 196.6 201.7 205.6 207.8 209.1 203.5 197.5 198.3 203.6 198.8 199.4 198.4 198.4 201.2 201.3 197.1 195.9 194.4 184.2 181.6 186.3 180.7 194 202.2 207.7 210.2 219 231.1 238.3 249.1 267 265.9 259.7 251.3 246.5 246.8 247.9
68.2 71.2 75 79 83 87.4 91.9 95 97.9 102 103.3 106.1 107.5 109.7 113.6 117.1 120.8 123.4 127.1 129.5 131.6 133.2 132.3 128.9 119.1 131.1 139.5 148 158.2 166.7 166.3 162.4 165.4 173.6 180.5 185.4 190.3 194.6 195.9 198.1 200.6 199.2 194.6 191.5 185.5 189 196.7 200 203.3 202.2 197.5 195.2 195.2 196.1 199.9 200.7 198.9 200.8 200.5 195.8 194 192.9 191 186.8 185.8 185.7 188.3 198.7 204.7 209.2 212.4 221.6 232.1 242.4 255.8 260.2 258.5 253.6 246 243 242.2 245.3
68.9 71.6 75 79.3 84 88.6 90.6 93.5 98.2 100.9 102.3 103.3 104.8 110.5 114.8 118.9 123.4 127.1 131.4 134.1 136.6 137.7 138.8 138.1 131 125.4 134.6 143 148.7 152.4 150.9 148.8 155.1 160.4 166.4 170 171.1 173.8 173.7 178.4 182.2 181.8 179.3 177.1 174 177.8 185.3 191.3 193.6 192.6 189.8 189.7 191.2 195.2 202.2 199.2 196 198 193.5 192.2 192.8 190.7 191.5 187.3 187 188 192.5 199.6 203.7 210.4 218 226.5 235.4 244.7 250.8 251.4 247.3 245.5 240.3 236.3 234.3 238.5
68.6 72.6 76.5 79.3 83.6 89.4 88.8 93.6 97.2 97.4 99 102 108.4 114.2 116.2 120 125.6 130.2 134.1 137.2 139.6 141.7 143.4 143.9 140.4 135.3 126.2 131.7 138.4 138.7 137.5 139 144.4 148.8 152.3 152.5 153.2 154.9 155.1 156.5 161.3 167.8 169.2 166 163.6 164.7 171 179.1 182.6 181.1 186.3 183.7 184.9 191.9 197.6 192.6 192.1 192.8 189.4 190.1 190.8 189.7 189.3 191.1 190.3 192.9 196.1 202.8 207.3 212.2 218.7 227 234.7 241.5 240.7 236.4 235.8 234.7 232.7 229.6 225.8 230.4
68.3 72 75.6 78.7 82.5 86.2 86.4 92.6 94.4 94.3 99.2 105 110.5 114.6 118.1 122.1 126.5 130.5 134.1 138.7 144.5 147.1 148.7 149.1 147.8 145.9 141.5 137.8 133.3 133.7 133.5 133.7 136.8 138.3 139 140.1 142 144.8 147.4 149.1 152 156.5 161.8 164 161.8 161.5 164.4 171.2 169.6 182.3 185.3 181.4 181.4 189.6 190.9 188.3 190.6 189.8 187.1 187.1 187.5 188.4 194.5 199.9 199.2 198 200.1 207.9 211.9 215.8 220.4 225 228.5 230.1 227.4 226.8 226.1 226.7 225.5 223.4 222.3 221.3
68.7 70.3 73.4 76 78 79.7 84.5 88.5 92.1 97 102.7 108.1 111.8 115 118.4 119.6 122.5 129.4 134.4 140.4 146.7 151.5 154.8 156.6 158.1 156.4 152.9 149.8 145.6 142.5 144.1 144.4 142 142.2 143.8 145 146.6 147.9 148.3 150 153.2 156.9 160.4 159.4 161.6 163.2 165.6 170.2 180.9 180.5 182.7 181.4 181.4 185.1 184.8 187 191.4 186.8 186.1 186.3 188.2 194.3 202.9 205.5 204.1 205.1 202.3 210.5 216 219.4 221.8 226.5 228.3 226.8 221.9 219.6 218.6 218.7 216.8 215.8 217.6 212.3
67.3 68.7 71 73.2 75.5 78.3 81.3 86.2 91.1 97.2 103.5 108.6 111.8 114.5 116.1 119.7 125.3 130.9 136.2 143.4 150.4 155.8 159.9 163.8 167 169.9 168 163.2 157.8 154.3 156.2 158.9 162.7 157.7 153.3 150.8 153.2 154.5 153.9 153.9 156.1 159.9 163.3 162.4 164.1 168.7 173.7 177.4 184.6 187.9 185.2 182.7 183.9 185.8 185.3 185.7 186.3 186.7 187.9 186.9 189.5 201 215.7 218.4 205.7 207.9 208.7 212 215.2 218.6 220.7 224.6 229 224.4 218.4 213.4 209.3 208.4 205.8 204.9 211.3 206.6
64.9 66.9 69.5 73.2 75.5 77.8 80.5 84.1 89.3 95.3 100.6 106.2 107.9 111.2 115.8 120.1 125.7 131.4 137.8 145.9 152.8 159 163.5 167.9 171.6 176.1 178.4 177 170.8 163.4 163.2 165.6 168.6 168.7 162.5 158.8 157.3 158.7 159.6 156.3 159.1 163.1 164.7 165 168.4 173.4 177.6 186 194.9 197.1 194.4 183.3 185 187.6 185.3 182.7 183.5 195.2 197.8 196.4 192.2 204.3 225.2 234.9 217.2 212.5 212.9 216.2 219.8 220 220.1 219.4 220 216.3 212.2 208.3 204.9 202.8 200.2 201.8 202.8 201.2
65.8 67.8 68.8 72.5 75.1 77.6 80 82.5 87.4 93 97.6 98.3 107 112.7 117.2 121.3 126.8 132.3 138.7 146.7 154 161.3 166.4 171.1 176.8 179.6 182.4 183.8 179.3 171 169.8 172.2 173.1 173.9 172.3 168.6 164.6 163 162.7 161 162.1 167.1 167.1 169.5 175 181.2 184.8 192.9 204.8 210.6 195 185.3 185.2 186.9 183.4 182.7 182.7 200.9 206 206 200.1 210.9 232.4 238 229 217.2 216.2 220.9 224.1 223.5 222.8 219.9 217 215.2 209.6 206.5 203.9 199.7 199.1 199.2 199 198.4
68.4 69.3 70.4 71.5 74.8 77.1 79.5 81.8 85.5 88.8 92.5 102.5 108.7 113.3 118.3 124.3 129.7 135 141.2 147.3 155.2 163.8 169.4 174.4 180.3 186.1 187.6 185.8 179.9 177.9 181.6 184 185.2 184.8 184.8 182.5 176.3 170.5 167.4 164.7 163.2 169.4 171.6 174.1 181.1 188 190.9 199.8 211.7 214.6 203.7 197.9 187.7 189.6 184.9 183.3 185 199.6 209.1 213.2 210.3 217.2 240 242.6 232.2 224.6 222.7 227.7 229.4 228.7 227.1 222.9 218.2 215.6 208.7 204.4 201 199.1 198.9 198.7 197.6 196.7
70.4 71.2 72.2 73.2 75.4 77.2 79.3 82 84.8 88.6 93.7 101.9 107.7 115.1 121.9 127.4 132.6 139 145.1 151.8 159.1 168.2 172.9 178.1 184.5 190.3 192.1 188.2 184.9 190.5 195.5 197.3 198.3 196.5 197.1 196.9 194.2 183.2 173.8 169.5 167.6 168.8 171.8 177 184.5 192.2 195.2 206 219.2 220.8 216.2 220.9 202.8 191.3 191.5 188.9 187 201.1 213.4 216.5 214.4 221.2 247.1 252 238.2 229.4 229.4 235.8 237.9 235.1 233.8 228.3 224.3 218.8 212.1 207.3 202.8 200.5 198.8 198.3 196.7 196
72.3 73.1 73.6 74.1 76.3 78.3 80 83.1 87.1 91.1 95.6 101.8 110 118.2 125.4 130.6 136.1 144.6 152 158.7 166.7 173.7 180.1 184.6 189.2 193.4 194.6 191.7 191.7 199.9 208.8 211.5 212.3 210.4 210 209.1 207.2 199.8 185.1 173.3 170.2 167.4 171.9 180.7 188.7 195.7 199.8 209.8 224.8 223.5 226.9 236.5 222.5 198.8 192.4 205.4 204.5 207.9 220.1 218.2 215.4 233 251.7 256.7 241.1 235.6 235.3 240 245.3 245.1 240.4 235.5 233.4 229.5 225.8 217.4 208.3 203.8 199.7 198.1 197.3 196.5
72.4 73.3 74 75.1 77.3 79 80.6 84 88.4 93.4 99 107.8 115.9 123.1 128.3 133.7 140.1 149.2 160.4 168.4 175.8 183.4 189.6 193.2 198.3 201.3 201.5 202.7 204.8 212 220 223.2 222.9 223 222.8 220.4 217.3 209.3 198.9 180.4 172.1 169.5 173.8 181.6 191.6 200.8 202.8 214.3 226.1 227.4 235.3 242.1 236.7 209 198.9 202.3 214.6 225.4 227.5 219.4 220.9 244 258 258.6 242.3 237 237.8 241.4 248 249.4 243.7 239.1 239.5 236.9 232.5 221.8 215.1 209.4 203.8 198.9 197.8 196.9
71.7 72.8 73.6 76.3 77.6 79.1 81.6 85.1 89.5 96.2 105.7 114 121 126.4 131.5 136.8 144.5 155.6 166.8 178.3 188.1 195.5 200 203.5 208.4 210.7 212.4 215 217.3 224.7 232.3 230 230.8 231.9 233.3 231.5 228.2 216.1 202.3 184.3 173.9 172.3 175.5 182.9 194.1 203 207.8 219.4 227.2 233.6 242.1 246 242.4 213.4 202.9 204.3 221.1 233 233.5 223.8 232.7 252.2 262.5 254.9 243.6 237.4 239.2 244.9 251.4 248.5 243 241.7 242.6 240.3 235.8 224.6 220 214 207.8 198.6 197.3 197
70.7 72 73.6 75.6 77.8 79.6 82.3 85.5 91.9 100.5 109.4 117.6 124.8 130.1 137 141.9 150.5 162.5 176.1 187.9 199.6 207.1 210.9 215.8 217.8 218.2 221.8 224 227.6 235.5 244.8 242 237.2 237.3 241 242.4 237.7 224.1 204.9 186.4 178.9 174.2 177.4 185.4 197 204.4 213.3 222.7 229.8 239.6 248.6 250.6 245.7 220.1 208.6 213.7 225.7 236.7 241.2 229.5 243.5 257.6 260.2 246.5 243.6 240.4 242.1 245.4 249.1 247.9 241.7 240.8 241.6 239.8 237.5 228.2 222.9 217.1 210.3 198.5 197.4 197.2
70.2 71.8 73.6 75.2 76.9 80 82.3 85.9 92.7 101.6 111.6 120 129.1 135.1 143.1 150.6 160.9 172.2 185.2 198.1 209.9 217 220.5 225.5 225.5 225.9 230.6 233 237.9 245.7 255.3 254.3 247.1 242.7 246.8 248 244.3 232.4 214.8 193.2 184.1 179.9 181.7 188.7 198.9 208.2 217.3 224.6 237.9 246.6 252.2 253.1 243.7 225.8 213.2 217.4 234.7 245.7 245.1 236.6 251.6 261.4 260.1 247.9 247 247.4 245.8 244.3 245.6 243.8 240.5 239.6 238.7 237.3 236.1 230 224.2 220 211.3 198.9 197.5 197.5
70.2 71.6 73.4 75.4 76.8 79.9 82.8 86.5 92.6 101.8 111.7 122.7 133.6 143 151.2 161.3 173.1 185 195.7 208.3 218.7 224.3 225.9 229.8 231.8 233.3 240.5 244.5 249.3 258.8 264.3 261.3 254.7 250.4 249.8 250.2 246.3 237.4 223.5 208 189.5 180 186.8 192.4 202.6 213.7 222.4 230.6 241.7 250.2 254.6 252.9 242.4 229.6 219.7 228.8 240.8 250.4 245.7 246.7 257.2 264.6 264.9 250.5 248.3 255.7 250.1 247.1 243.6 240.7 238.7 237.2 236.1 235.8 234.7 229.6 224.8 221.2 210.4 200.4 197.7 198
70.6 71.5 73.3 75.2 77.3 79.5 82.9 88.1 94.5 102.3 111.1 122.9 137.5 148.7 158.7 171 185.1 195.5 203.7 217.6 226.9 229.9 229.4 232 234.3 236.2 246 251.8 261.4 275.4 273.5 267 256.8 253.1 250.9 250.7 245.8 238.2 228.6 214.8 193.1 182.3 188.9 195.2 206.7 217.6 225.7 237.2 249.2 256 257.5 255.4 241.6 228.4 227 235.5 245 254.8 252.6 258.4 260.5 269 269.7 251.7 248.3 256.2 255.3 249.7 245.2 239.5 237.6 235.8 234.6 234.6 234.9 230.9 227 222.4 210.9 202 199.2 198.6
71 71.7 73 74.8 76.7 81.5 84.3 88.7 96.4 104.8 113.1 121.4 135.7 150.7 161.9 176.2 191.8 202.8 213.3 226.8 234.2 235.8 232.5 232.9 235.4 241.7 249.3 258.1 272.5 284.9 279.5 269.5 257.1 253.4 251.2 248.7 243.6 237.1 227.2 216.3 196.1 185.2 189.4 194.1 210 217.4 228.4 243.6 253.5 258.7 260.9 261.1 237.5 225.8 228.7 242.3 250.4 259.8 256.1 265.5 266.5 272.7 270 253.5 252.5 254.4 252.7 249.2 244.5 240.1 237.1 235.4 233.7 233.4 232.8 231.8 229.1 222.2 208.3 203 200.5 199
71.5 71.8 73 74.7 76.5 78.2 82.9 88.2 94.9 102.7 110.8 118.8 131.3 147 159.8 176.8 194.7 209.2 221 235.3 239.4 239.1 233.7 234.6 237.9 245.1 253.1 260.9 272.1 282.3 281.4 268.3 257.6 254.4 251.4 246.5 239.8 233.3 224.3 211.3 193.6 187.7 191.7 195.5 204.4 215.2 231 246.1 257.2 260.5 262.1 262.5 250.4 227.9 231.5 244.4 256.6 261.5 261 266 270.5 274.8 266.5 256 253.3 254.4 251.7 248.9 242.3 240.3 237.3 234.7 232.6 231.1 230.8 229.4 225.1 219.1 211.2 205 201.1 196.6
72.2 72.3 72.9 74 76.6 79.9 82.4 86.9 92.3 97.7 104.9 115.2 127.9 141.5 156.7 172.7 190.4 208.3 219.7 230.2 236.4 233.9 232.9 236.7 240.2 244.6 253.4 261.3 269.7 276 276.5 265.3 257.1 253.1 249.4 245.6 237.6 229.7 220.4 207.1 194 190 192.9 198.8 207.5 217.9 235.3 243.3 256.8 262.4 264.1 262.6 246.6 238.3 240.7 247.4 259.8 262.9 261.9 264.8 271.9 272.4 263.7 258.7 253.2 248.9 247.5 244.9 240.7 239.9 237.6 235.2 231.2 227.7 227.1 224.5 219.3 214.4 211.1 206.3 202.4 196.5
71.6 71.6 72.3 73 75.6 78.1 81.5 85.1 89.5 94.9 101.9 111.8 124.4 137 153.3 170.1 180.8 199.3 211.5 219.6 222.1 224 229.7 237.5 241 244.4 248.9 255.4 265.4 269.7 267.7 260.6 254.6 249.2 245.1 241.3 235.7 229.1 219.3 209.2 194.3 192.4 196 203.2 213.5 225.8 240.9 248.6 257.5 262.7 262.6 257.8 244.6 240.6 244 245.7 260.8 263.6 263.3 266.6 271.5 267 262.4 259.8 253.4 245.2 240.5 238.4 237.8 236.9 234.6 231.4 226.9 223.7 221.5 218.9 215.6 213.3 210.4 207 203.5 198
71.1 71 71.7 72.3 73.6 75.7 78.3 83.3 88.7 95.6 101.5 110.1 120.7 132.4 145.5 160.6 171.7 189.6 201.7 207.7 209.4 213.4 220.8 230.3 235.6 239.5 243.9 245.2 250.3 256.8 259 258.3 251.4 245.5 241.5 236.6 231.9 225.1 216.5 210.3 196.4 196.3 200.9 209.4 221.3 232.6 246.3 255.9 266.4 268 261.4 251.3 243 240.6 241.6 244.6 260.8 264.2 264.9 268.2 271 265.1 262 257.2 248.2 241 236.4 235 234.5 233.7 230.2 226.5 224.7 222.5 219.4 215.9 214.2 212.7 211.5 208.4 204.9 198.8
70.4 70.5 71 71.2 71.7 73.7 76.4 79.8 88.9 95.6 101.2 109.9 118.7 128.6 139.8 149.5 161.3 177.7 189.6 193.3 195 196.2 203.6 214.9 221.5 225.9 232.8 236.4 237.9 243.7 247 249.4 245.2 238.9 236 231.2 225.1 215.6 211.8 207.6 197.4 201.3 205.9 216.5 229.5 240.3 250 257.3 271.5 269 260.4 245.8 243.3 241.5 241 246.8 263.7 265.1 266.3 269.1 266.5 263.5 261.2 254.8 241.6 236.7 233.8 231.1 230.7 230.1 226.3 224.8 223.6 221.3 218 214.6 212.2 212.9 212 209.8 207.1 202.3
70.3 70.6 70.5 70.8 71.8 74.7 79.3 82.6 87.4 94.6 102.1 109.7 116.7 125.9 134.4 142.2 152 165.9 178.6 183.4 179.7 179.7 182.6 188.6 198.7 207 215.9 223.3 226.4 227.2 232 236.5 234.3 229.8 227.6 224.6 218.9 206.5 204 206 199.2 206.3 214.2 224.1 232.3 240.6 252 257.7 267.4 266.4 258.4 240.3 240.8 243.3 240.9 253.8 266.8 266.5 268.3 267.7 263.9 262.8 259.4 256.1 239.4 234.5 230.7 228.4 227.2 225.9 225 224.1 222.4 219.9 217.6 213.8 211.3 212.5 211.6 210 208.1 201.7
70.9 71.3 71.5 71.8 72.9 74.4 78.1 83.9 87.7 92.6 99.4 105.5 113.8 125 134.2 144 152 159.7 169 174.5 171.9 169.9 168 165.9 174.2 182.3 191.9 203.5 210.7 210.8 215.8 221.4 219.3 220 219.4 218.3 215.1 209 204.8 203.5 204.2 211.8 222.3 231.7 236.7 240 251.7 258.7 266.4 261.5 251.7 238 239.1 243.7 241.6 258.5 267 267.5 270 263.7 263.7 266.4 261.1 246.4 236.4 231.9 228.3 227.5 226.4 224.9 224 223 221.2 219.5 218.1 212.7 209.6 210.6 209 207.7 206.4 200.1
71.5 71.8 72.1 72.8 74.4 76.3 79.1 84.4 89.2 92.2 98.8 104.2 114.2 126.2 135.9 146.6 154.4 160.1 163.3 161.5 164.4 165.4 161 161.8 164.1 170.3 176.5 184.2 191.8 195 202.8 202.7 204.9 209.1 213.2 214.6 213.1 208.8 206 205.6 211.7 217.8 226.3 236 240.3 243 252.9 258.1 261.8 257.8 249.5 238.5 236.9 241.1 243.7 260 264.2 265.1 263.9 260.2 268.6 269 256.2 240 230.1 228.2 227.4 226.9 225.3 223.4 223.1 221.6 219.3 218.4 217.3 210.9 208.1 207.9 205.5 201.6 198.5 193.7
71.4 72.1 72.7 73.9 75.3 77.3 80.4 82.9 88.1 91.8 97.9 102.2 112.9 124.7 135.3 144 152 159.7 161.9 159.1 156.4 158.8 159.9 160.8 162.9 167.2 171 172.7 180.9 188.9 197.4 195.3 200.8 209.2 214.1 215.5 213.9 209.7 212.8 215.2 214.2 219.1 228.9 237.7 241.1 247.2 254.4 258 257.7 252.8 243.1 234.7 229.2 227.3 242.8 258.2 260.4 262.1 258.1 260 269.3 267.4 251.1 235.3 225.4 224.4 225.1 226.1 223.8 222.2 222 219.1 217.5 214.6 211.4 208.5 207.3 203.5 199.5 196.3 191.7 187.1
71.7 72.7 74.3 75.1 76.2 78.4 80 82.8 87.2 91.4 97.3 101.8 109.7 121.2 132.3 140.2 148 155.4 160.3 158.4 155 152.3 155.3 159.6 162 165.4 168 169 174.8 181.2 190.3 191.7 205.5 213.5 215.2 214.7 205.7 219 227.5 224.8 220.7 221.2 228.4 235.9 239.5 250.6 255.1 255.6 254.9 246.9 235.1 228.6 224.3 223.6 243.4 254.5 255.6 256.3 256.1 265.4 270.9 260.4 246.1 233.4 226.2 224.5 223.7 224.7 219.1 220.6 220.9 216.9 216.4 213.3 207.1 205.8 204.3 200 196.1 193.8 188.2 182.4
72.1 73.7 75.8 77 77.4 80 83.2 85.6 86.7 90.5 95.8 100.3 106.1 118.4 128.7 136.4 143.5 150.7 153.4 151.8 150.1 146.6 150.8 156 160 163.4 166.3 166.5 167.9 176.1 182.9 194.9 202.3 209 209.6 205.2 212.9 225.8 226.4 221.8 220.7 225.9 230.3 234.1 238.4 250.9 255.7 253.7 250.5 238.6 229.2 223.5 222.6 228.9 245.9 249.4 250.6 251.9 260.2 270.2 269.1 257.6 244.2 231.6 228.1 227 225.5 220.3 216 218.6 217.2 215.2 214.5 211.5 206.9 205 202.1 197.9 193.5 191.7 184.2 177.7
72 75.1 77.4 78.2 78.7 83.1 88.3 88.4 88.3 90.6 95.2 100.3 107 117.1 124.8 131.2 137.8 142.5 143.7 143.9 143.1 146.6 150.9 153.5 158.3 162.8 166.7 167 167.4 175.3 187.3 195 186.8 196.3 200.3 205.6 215.3 221.6 220.3 218.3 222.8 229.4 232.6 235.9 240.4 249.2 253.1 251.1 247.2 234 225.2 218.4 218.3 239.8 246.8 247.8 249.8 255 267.2 273.8 265 256.7 243.5 231.5 230.9 229.9 227.8 220 213.1 213.7 213.1 212.8 212.4 209.9 206.4 202.9 198.6 193.3 187.4 184.3 176.9 172.4
