app/static/ascii/NR45.asc
ncols 200
nrows 200
xllcorner 140000
yllcorner 650000
cellsize 50
[rows 36 to 71 of 200, columns 0 to 80 of 200]
131.1 130.5 128.5 126.3 124.2 121.9 120.4 121.6 122.7 121.6 120.9 118.6 121.2 124.8 132.5 139.4 147.1 156 162.5 167.5 174.7 176.2 182.5 185.5 188.9 192.8 196.1 198.7 202.5 212.6 216.9 223.2 227.3 226.6 222.8 230 233.9 234.6 240.5 241.7 241.3 239.7 250.4 268.4 279.3 293 311.4 330.7 341.2 345.6 346 347 350.4 345 341.2 337.1 321.9 313.6 312.3 309.4 315.1 324.9 337.8 346.4 346.5 342.6 346.5 354.3 356.4 361.9 364 352.9 338.1 319.1 290.8 262.1 246.4 238 223.7 207 191.4
144.3 143.5 138.9 133 128 125 123.1 124.6 126.1 124.9 123.9 123 121.8 123.7 130.7 137.5 145.5 152.9 159.8 162.1 165.9 170.1 174.2 177.3 179.1 185 192.4 199.9 205.3 208.4 215 226.4 233.7 234.9 229.5 227.3 227.4 228.6 225.5 227.4 225 228.4 239.5 256.3 269.9 287.1 304.5 322.6 338.1 343.8 346.6 345.4 343.6 334.9 323.5 313.3 296.7 286.7 284.6 286.8 289.4 304 319 330.8 333.9 338.2 337.7 345.5 353.9 354.7 349.9 343.8 337.7 321.4 292 262.7 243.8 232.9 213.3 187.4 170
157.5 155.8 149.1 143.3 138 131.8 128.5 128.4 130.3 129.4 127.4 128.9 127.8 126.3 129.8 135.4 142 152.2 155.8 159.6 170.8 177.5 176 172.7 180 185.5 192.8 200.1 206.4 208.5 212.5 220.9 227 234.7 231.9 231.9 225.9 223.6 223.6 223.6 223.6 223.6 231.4 240.9 259.6 282.7 299.4 314.3 330 337.6 340.5 340.3 334.1 319.2 304.4 295.4 278.1 267.6 263.4 265.1 266.3 281 292.9 304.8 305.5 323.7 323.3 326.9 337.6 346.6 336.5 336.2 332.8 315.6 289.1 258.4 236 211.1 191.3 169.8 151.2
170.5 167.1 160.7 155.8 149.5 142.3 138 133.8 134.2 132.8 129.7 134.1 134.6 133.4 128.5 130.5 133.6 144.2 145.8 154.3 163.4 176.1 177.6 179.5 179 181.7 190.4 196.5 199.7 204.4 210.6 219.1 222.6 225.6 223.6 223.6 223.6 223.6 223.6 223.6 223.6 223.6 238.2 252.6 269.6 281.8 298.5 308 318.9 331.4 335.7 332.3 318.1 304.1 289.9 275 258.8 251.2 246 245 248.7 258.4 269.7 282.7 285.3 303.8 307.9 316.2 328.8 334.6 325.6 324.6 317.1 299.3 276.4 245.7 220.4 190.8 168.9 149.3 133.6
183.2 177.5 173.7 169.4 164.2 157.5 148.8 142.4 141.6 138.3 133.3 139.5 139.8 136.5 134.6 136.9 138.8 139 141 148.5 155.2 161.8 171.7 176.1 170.5 176.3 189.9 196.6 201.4 204.3 209.4 217.5 223.9 226.7 226.4 223.6 223.6 223.6 223.6 223.6 223.6 223.6 233.4 253.2 271.1 288.1 300.6 306.2 315.9 327.7 330 324.7 312.9 297.9 278.8 259.6 243.8 235.9 230.7 221.9 230.4 235.7 244.5 253.4 269.1 283.2 288.9 300.8 309.3 316.5 309.3 307.4 295.5 276.4 255.5 220.7 195.6 171.3 148.4 131.3 119.8
192.6 190 188.6 183.5 176.1 168.5 158.4 152.6 149.5 144.2 142.1 144 143.2 142 142 143 143.5 145.4 144.8 148.2 147.6 149.2 159.6 164.9 165.1 172.7 187.6 192.6 194.8 202.2 213.1 212.2 218.2 223.9 227.8 230.7 235.9 234.6 226.5 223.6 223.6 223.6 233.4 251.6 269.2 286 293.8 303.6 313.2 321.9 327.4 324.1 310 293.8 278.4 262.3 247.6 231.5 219.8 212.4 213.6 218.6 222.9 225.7 242 255.5 264.6 276 282.3 288.3 286.3 273.3 263.3 246.8 225.9 198.7 172.8 150.6 134.8 121.6 110.5
203.3 200.8 199.3 194.1 187.9 182.2 171.7 162.5 159.3 150.9 152.4 152.3 152.6 148.2 148.5 149.5 149.8 150.4 150.6 150.4 151.8 153.5 152.6 154.5 160.9 166.2 177.3 184.3 186.9 191.7 206.5 206.3 207.9 216.5 226.4 231.7 240.7 243.3 235.4 228 223.6 223.6 233.8 248.5 274.6 285.5 295.8 302.3 311.1 312.9 313.9 318.9 304.5 286 270.7 257.2 242.7 231.8 222.3 210.2 194.5 202 204.2 209 218.4 227.7 235.3 244.9 250.3 253.8 253.2 239.8 227.3 216 196.1 174.4 154.5 134.6 120.8 108.6 98.3
210 209.2 208.5 205.9 201.5 192.8 184.9 177.3 168.7 157 165.1 163.8 161.9 158.9 159.9 159.3 159.6 157.5 157.6 156.8 157 159 158.8 152.9 154.2 156.6 162.5 174.4 182.2 184.8 197.4 193.1 198.3 210.8 220.1 229.9 241.9 244.9 238.3 234.7 228.4 223.6 234.5 249.1 267.8 287.4 295 295.8 307.4 309.1 309.8 307.7 296.6 287.1 273.6 258 247 237.4 231.1 212.1 195.9 181 182.8 190.7 198.3 204.1 208.7 214.6 217.6 220.3 218.5 208.9 192.4 181.1 166.5 151.1 133.5 120.1 106.9 94.3 87
216.2 215 214.7 215.2 212.2 203.4 194.5 188.8 182.1 169.5 174.1 172.2 170.8 169.6 170 170.2 172.7 168.8 164.3 165 164.6 165.1 164.8 162.7 161.7 157.4 158.9 164.1 171.9 177.7 187.2 184 190.8 202 212.5 222.3 233.6 242.5 239.2 234.3 232.6 232.2 231.8 250.7 278.5 275.1 283.2 294.2 301 311.7 309.8 306.5 302 292.5 283.9 276.6 257.6 250 234.6 217.5 201 185.5 167.4 168.9 176.2 182 188 187.7 185.7 184.9 181.1 172.2 158.8 146 134.5 122.9 109.8 99.7 91 78.9 74.9
222.4 222.5 221.6 218.7 215.1 207 204 197.3 191.4 179.6 185.5 183.4 179.7 180.4 179 182.9 182.8 178.2 173.5 174 172.4 171.7 170 169.5 167.8 165.9 164.3 163.3 164 172.1 176.7 178.4 184 192.3 201.7 209.9 222.3 240.4 238 228.4 228 227.1 229 243.9 272.3 272.8 272.3 283.8 293.5 311.3 318.4 311.8 307 300.4 302.8 285.5 260.2 242.2 234.5 217.2 207.1 191.2 171.4 154.6 153.4 156.1 162.3 164.8 162.9 152.6 147.3 139.5 127.2 116.1 108.7 104.7 94.1 84.9 74.3 69 65.7
229.9 228.4 227.5 224.6 219.8 216.2 212.6 206.1 197.8 184.6 190.9 193.2 190.3 192.6 189.8 190.8 188.8 187.2 184.1 183.8 182.3 181.1 179.4 175.5 173.3 170.3 169.3 168.6 170.9 168.6 171.7 173.7 180 188.6 195.5 201.7 210 219.5 223.1 220.6 219.7 220.7 225.6 232.9 251.1 265.7 272 280.7 293.5 305.2 312.4 317.5 321.5 318.6 302.7 282.5 265.5 247.9 230.2 219.2 208.5 193.3 176 158.8 141.5 133.1 134.4 137.1 134.8 131.2 123.3 115 104.8 94.3 86.2 81.6 74.7 72.8 62.1 58.4 56.5
239.1 235 233.4 231.8 226 222 217.1 214.9 200.7 200 201.5 203.7 200.7 204.5 202.6 201.9 201.8 200.3 197 195.1 192.9 191.5 185.7 182.1 178.4 178.6 174.2 173.4 177.7 175.7 176.2 175.8 177.5 184.2 190.5 199.3 206.3 213.4 216.1 216.7 213.9 219.4 214.1 225.3 241.1 257.3 264 277.4 292 302 317.3 325.8 327.8 319.8 301.6 286.4 269.8 252.6 237.5 223.4 202.8 188.1 173.3 152.6 136.4 117.2 109.9 111.4 106.8 104 103.2 96.8 88 78.9 72.5 66.6 60.4 56.6 54.6 53.5 51.8
246.6 243.1 240.2 239.2 233.3 226.8 221.2 219.1 202.3 211.4 211.3 211.7 211.3 212.9 211.3 211.1 213.7 212.3 210.4 207.7 204.7 201.8 194.7 192.9 186.7 188.6 182.6 181.9 181.9 182.1 181.1 182.5 183.2 187 192.2 192.7 199.3 208.3 214.3 212.6 211.9 213.5 210.8 216.9 228.6 245.4 259 277.9 289.1 298.4 316.1 323.4 321.4 312.4 302.8 292 269.3 255.1 238.9 222.6 196 181.7 163.8 141.6 127.5 117.1 97.7 93.5 91.7 92.4 100.9 98.3 89.9 78.4 66.3 60.8 57.4 56.2 54.7 53.4 53.8
251.1 250.7 246.3 244.2 238.4 233.4 229.7 221.5 212.7 219.7 219.5 219.8 219.6 220.5 218.2 221.3 221.9 222 220.9 219.7 215.8 211.4 206.9 203.5 198.2 195 192.7 192.5 190.7 188.6 188.2 189.9 193.2 194.6 197.6 200.5 204.4 210.9 212.3 208.4 209.9 211.1 210.3 211.4 217.6 233.7 250.4 274.2 284.4 299.7 315.5 323.9 316.3 305.8 299.7 288 263 244.3 234.2 213.5 185.3 168.6 152.9 136.4 121.6 110.5 101.3 92.6 85.5 92.9 98.3 95 88.2 79.4 69.5 61.8 58.2 56.5 55.4 55.3 56.2
255.3 254.6 252.1 249 245.7 240.5 235.3 227.1 214.5 226.4 226.6 227.1 227.4 227.3 226.3 228.2 228.6 228.5 228.2 227.9 225.6 224.2 218.2 216.5 211.1 201.6 203.2 202.8 202 199.5 196.6 197.9 202.5 206.6 204.9 211 212.7 212.7 213.6 211.9 210.2 209 209.9 210.7 211.5 227.6 244.8 263.5 280.5 299.9 310.8 314.1 302.7 301 292.3 277.4 255.1 234.9 220 203.2 177.9 157 143.9 128 111.3 101.7 92.5 85.3 82.7 91.7 94.6 89.3 82.9 72.4 63.1 60.7 59.6 57.7 57.1 58.8 61.3
261.7 260.2 256.7 253.5 251.3 246.2 240.9 232.7 220.5 235.1 234.6 234.4 235.1 234.6 234.5 235 234.9 235 234.7 234.4 233.1 230.5 226.4 227.3 223 210.9 213.4 212.9 214.2 206.7 205.9 206.7 208.2 210.6 212.7 216.7 223.4 224.1 216.7 213.6 212 210.9 211.4 212.2 211.7 214.8 235 255.4 275.1 290.2 302.2 302.9 289.9 289.8 282.5 268.1 248 229.2 208.6 190.7 167.8 148.8 136.2 120.9 101.8 93.1 88.8 88.3 81.1 82.5 86.6 81.6 72.8 64.9 62.6 63 63.2 64.4 67.3 69 70.5
277.2 267.2 260.1 259.9 259.5 251.6 248.6 241.4 237.9 244.3 244.2 243.6 243.4 241 241.1 242.6 241.9 242.5 243.8 242.6 239.6 236.4 236.9 236.3 231.5 215.3 227.3 226.6 224.5 221.6 222.6 217.8 217.7 219.1 219.7 220.1 220.8 225 223.6 219.3 215.5 213.4 213.2 214.4 218.8 224.5 234.7 251.5 269.9 277.3 289.1 281.8 274.9 281.8 272.1 256.1 243.5 220 201 181.3 159.5 142.6 128.5 112.5 100.5 92.8 97.6 96.6 84.2 74 74.4 71.3 67.2 68.5 70.5 69.5 71.3 73.7 75.6 77.1 78.8
286.3 274.1 263.8 261.9 260.5 257.9 252.4 243.9 247.4 254.2 258 260.9 261.2 258.6 256.9 251.6 252.3 250.8 251.4 251.5 246.9 244.5 243.5 242.6 235.8 223.8 233.2 238.1 240.2 237.8 238.5 234.5 230.6 229.4 229.1 228.6 228.2 227.2 226.3 224.8 223.6 228.4 228 224.7 227.4 227.6 242.3 254.4 268.4 272.8 279.6 270.8 269.8 272.3 264.3 247.4 232.6 211.8 189.7 169.8 148.4 132.5 119.6 107.8 99.3 95.2 94.6 98.4 94.8 86.6 76.9 74.4 74 74.5 79 78.8 81.1 84 84.8 88.2 89.3
293.1 283.7 274.4 268.8 263.3 261.6 252.6 248.6 248.4 259.7 267 272.7 274.5 279.5 275.9 265.2 260 261 260.3 259.5 259.6 257.3 251.5 249.2 241.4 232.2 242.2 252.3 254.3 256.1 254.3 255.5 254.5 249.3 243.4 240.3 238.6 235.8 232.1 232 232.2 234.3 238.9 245.1 248.4 244.9 248.4 258.1 263.7 264.9 267.4 261.5 264 265.9 257.8 241.4 223.9 204.1 181.6 159.4 144 131.6 122.1 108.4 103.5 97.9 95 97.1 97 92.9 85 86.5 85.4 83 86.4 88.7 91.6 94.7 97.5 99.5 101.1
296.8 295.7 284.7 287.9 273.8 263.3 256.3 250.5 253 262.9 273 279.7 286.2 288.7 286 277.9 267.8 268 267.6 268.9 271.3 268.3 263.7 258.5 252 244.8 250.2 261.2 264.3 269 273.2 277.1 275.5 270.3 263.5 254.8 251.8 248.7 245.4 242.2 239.9 239.8 243.2 250.1 256 255.8 250.4 250.5 252.8 254.9 255.8 265.7 267.7 265.9 253.3 242.3 224 204.8 189.5 170.6 153.9 134.4 125.7 122.7 112.9 108.6 105.8 104.6 100.7 97 98.9 96.6 100 99.7 91.8 101.2 105.3 106.5 111.2 115.5 117.3
313.9 311.2 303.9 299.4 284.8 275.9 266.1 255.2 256 264 275.1 284.8 294.4 294.6 294.2 289.4 279.9 276.2 276.1 278.4 282.5 282.4 274.3 269.3 263.9 251.3 249.9 267.9 272 276.8 285.1 292.2 294.4 295.3 286.4 273.5 268 262.2 259.2 255.8 252.2 250 249.8 254.1 261.3 266.4 264.6 258.9 257 256.7 264.2 273.2 272.2 269.3 261.7 247.7 236.9 219.6 206.3 188.1 174.4 160 150.5 142.9 137.6 128 124.7 119.7 115.3 111.4 113.9 112.8 114.1 109.9 105.4 110.6 117.6 119.9 126.7 132 134.6
329 326.3 323.3 308.7 294.1 289.5 284.6 270.5 262.7 267.1 277.2 287.1 296.6 303.5 303.5 296.1 289.9 288.3 287.5 288.3 290.9 295.3 285.3 281.8 276.2 265.5 257 272.4 277.1 282.1 290.6 298.8 304.1 305.3 305.7 303 287.4 282.6 277.3 271.1 265.9 262.8 261.5 261.8 264.5 272.2 276.4 269.7 268.1 264.8 267.8 275.4 275.5 269.9 267.4 255.3 251 234.6 223.2 206.6 193.6 178.5 169.9 172.8 157.2 156 146.7 137.8 131.7 127.8 124.9 127.9 125.2 122.3 119.7 122 129.1 134.9 142.5 146.6 152.8
333.9 333.8 328.6 310.8 307.3 308.5 302.2 283.2 272.9 272.1 281.3 288.1 296.5 304.2 308.1 307.5 300.2 300.8 303.5 305.1 304.2 301.9 301 293.1 284.4 274.1 268.3 276.5 283.3 288.3 298.2 303.7 309 314.2 316.4 314.8 310.5 303.4 297 290.3 283.8 278.4 274.4 273.4 274.9 275.2 277.4 275.7 270 268.4 268.8 271.6 270.9 269.8 267.7 260.3 257.4 247.9 237 225.6 208.7 194.2 202.5 193.5 181.5 174.8 170.8 160.4 149.3 142.9 139.5 136.8 137.7 133.8 136.3 138.7 144.5 150.5 156.9 164 169.5
335.4 334.6 328 316.3 316.9 317.4 310.3 290.9 285.2 279.5 287 292.1 296.2 303.4 311 313.5 314.1 316.8 320.4 326.4 319.1 312.6 310.1 309.1 295.1 281.1 277.3 279.8 288.4 295.7 302 309.2 313.1 317.4 318.8 319.7 319.9 318.3 315.2 309.7 302.4 296.7 292.5 287.3 284.6 283.5 280.7 277.2 274.8 273.7 284.2 286.1 284.5 277.5 269.5 268.2 265.9 262.4 250.9 242.3 223.8 219.6 220.3 207.3 201.5 193.5 189.4 180.3 171.3 163.8 161.7 159.5 157.3 151.8 152.4 158.4 163.1 169.1 176.3 183.4 187.5
341.3 339.1 330.3 320.7 317.4 317.6 309.5 296.9 297.4 291.5 293.1 300.9 307 309.5 313 323.2 331.9 340.8 335.2 332.6 330 327.5 318.4 305.3 293.6 284.5 284 282.9 289.3 296.6 304.1 311.1 316.8 319.4 321.3 321.9 323.8 326.2 325.4 323.5 321.8 317.1 314.1 308.6 301.1 296.4 289 284.5 281.5 279.4 288.1 300.2 296 298.7 286.4 273.6 268.3 269.4 258 247.9 223.2 232 232.8 239.5 229.7 221.7 208.5 199 190.3 183.3 178.8 174.8 170 168 171 174.7 184.2 191.9 198.1 200.6 202.6
345.4 351.7 343.6 325.6 321 317.3 315.5 313.2 306.5 302.9 303.6 311.3 318.5 320.7 317.6 328.6 339.8 347.1 348.1 339.9 333.2 328.5 317.6 307.9 294.8 289.5 289.5 289.4 291.6 297.5 304.8 311.4 317.4 320.1 322.7 324.3 326.7 328.7 329.5 331 330.2 331 332.2 327.7 321 313.6 306.1 296.1 290 286.8 293.9 298.7 305.7 302 296.5 289.4 275.9 265.5 259.2 257.1 256.2 251.9 262.6 263.8 255.5 243 233.9 227.1 218 207.6 204.2 198.5 190.4 191.2 190.9 196.4 208.8 215.6 217.8 217 216.5
361 364 358.6 343.2 328.1 327.5 331.5 333.7 325.1 314.2 319.6 324.2 329.6 329.2 324.1 332.3 346.5 357.4 353.6 354.5 348.5 333.5 322.5 309.7 298.5 295.7 294.8 294.5 296.6 301.2 306.2 311.5 317.8 321.8 325.8 326.9 328.3 329.5 329.9 332.8 335.3 337.3 338.2 338.9 337.2 329.5 321.7 312.1 302.8 297.2 304 309.5 308.1 311.6 308.6 298.1 287.9 280 271.7 269.4 269.1 273.7 278.4 278.5 277.2 270.2 262.7 252.4 244.2 236.3 229.8 220.8 218 216.1 215.4 222.2 230 236.4 236 233 230.2
373.8 375.6 370.8 357.6 338 331 336 337.8 333.9 323 328.2 334.9 338.5 335.9 333.6 338.7 351.7 359.7 359.3 363 357.5 343 329.1 314.1 308.7 303.8 301.1 304 306.5 309.1 311.1 316.1 321.8 327.6 329.9 330.9 330 329.8 331.6 333.4 335.1 339.4 342.7 343.4 343.7 341.6 333.8 325.8 321.3 318 321.3 324.8 330.4 324.4 314.8 308.8 306.9 293.8 289.6 287.1 284.9 290.3 293.8 295.7 291 283.7 279.5 273.1 262.7 253.4 246.1 241.1 239 239.4 242 249.5 252.5 251.2 248.6 245.4 241.2
391.3 388.9 384.6 375.3 355.5 337.4 339.8 341.5 344.8 336.7 335.2 343.9 344.1 341.1 338.6 341.4 350.8 354.8 359.8 364.6 360.3 345.3 337.4 325.6 323.8 317.2 311.1 310.5 316.2 318.4 320.6 326.1 326.1 329 331.5 334.2 332.9 330.8 330.5 330.5 331.9 337.9 342 345.3 346.3 344.1 342.7 342 338.2 338.2 335.4 335.8 342.3 340.2 330.4 329.8 320.2 318.1 311.5 305.1 304.9 309.9 310.6 310 303.7 298.4 294.6 287.7 280.1 272.6 265.7 261.6 263.6 265.3 267.9 267.3 268 268.9 263.8 256.1 250.7
406.2 396 384.8 376.4 363.5 348.4 342.4 345.9 358 350.8 342.8 346.5 349.2 345.3 342.1 344.7 350.2 356.4 366 370.3 360.8 350.3 341.2 335.1 331.6 333.8 327.5 321.8 325.1 332.6 339.4 340.1 340.5 339.7 335.2 335.7 334.8 333.2 332.1 330.8 330.5 331.8 339 344.2 345 345 345.6 345.5 346 347.6 344.1 341.8 344 349.5 351.8 347.2 349.9 351.1 343.3 339.1 337.4 335.9 328.3 319.1 316.2 313.2 306.2 300.3 297.3 294.2 293.4 292.3 291.1 288.6 282.8 280.8 282.3 281.3 276.1 268.5 263.1
413.1 398.1 391.5 385.2 366.8 353.5 346.5 346.2 351.7 350.3 348.6 351.2 353.2 351.9 346.2 347.1 354 367.3 379.7 378.7 366.6 354.3 344.8 337.8 339 339.5 339.3 337.8 336.8 341.3 350.2 353.8 357.7 362.9 357.9 349.4 350.6 341.8 337.7 336.9 345.4 333.2 333.7 338.1 342.1 344.9 344.9 346.7 347.9 351.2 356 357.5 360.2 366.4 370.5 382.2 386.3 395.1 384.1 378.1 368.6 362.9 348.3 334.7 329.9 327 320.4 320.8 325 327.4 325.7 317.4 309.9 298.4 289.2 290.4 293.2 293 286.8 278.1 269
403 396.9 398.4 398.4 386.3 366.6 357 352.6 354.6 356.5 358.7 360.8 359.5 356.2 350.4 348.1 359.1 372.7 388.3 385.3 371.8 366.3 351 348.9 347.8 349.4 351.9 352.5 349.6 350 352 355.1 356.4 357.6 356.7 352.7 353.8 349.6 345.1 339.6 339.1 336.8 331.5 329.4 332.5 335 337.5 343 347.3 352.9 360.8 374 388.8 393.4 400.8 401 412.4 423.9 419.1 408.3 395.6 386.4 375.3 360.4 352.6 352.4 349.9 352.2 351.4 348.7 335.3 322.7 310.5 302.1 300.3 299.5 302.3 300.5 291.4 280.9 267.4
410.8 409.9 416 418.7 417.5 397.8 375.4 364.9 364.8 367.3 376.8 373.1 372.1 366.2 358.4 355.5 362.5 373 378.9 378 376.7 372.6 365.7 363.6 362.6 369.8 376.5 376.1 374.8 366.2 362.4 368.4 374.5 377.3 367 358.9 359.6 354.1 346.8 342.3 331.2 329.3 328.5 326 322.3 323.1 326.3 333.9 346.4 354.1 366.6 385.2 409.4 426.5 438.1 431.5 436.5 448.1 448.9 441.1 427.5 419.1 403 389 383.6 379.3 373.5 365 354.3 346.1 333.9 324.8 317 308.5 305.3 303.3 299.7 295.1 290.6 281.5 271.7
425.1 425.7 431 432 427.9 421.1 390.2 379.8 385.4 384.3 389.7 396.2 390.3 382.6 372.9 366.6 369.1 375.6 379.6 378.7 379.1 373.6 372.9 379.2 384.3 386 391.2 391.3 390.6 386.4 378.9 386.7 395.3 396.5 388.8 374.4 367.8 363.9 349.4 336.5 324.4 319.4 318.8 315.8 311.7 311 313 326.8 342.2 353 376.7 396.6 415.8 429 443.4 457.4 457.2 460.5 468.2 467.3 456.2 444 428.9 415.9 405.5 394.1 377.3 364.6 354.9 346 335.9 328.6 320.4 314 312.8 308.8 302 295.8 288.7 280.9 276.6
435.4 436.6 439.1 441.6 436.5 430.7 419.9 404.3 404.1 405.8 403.3 406.7 406.5 387 380.4 380 377.3 382.9 377.5 374.2 373.4 373.4 377.3 386.7 393.9 396.2 394.3 390.3 386.4 384.2 387.7 391.2 397.1 394.1 387.7 383.7 376 358.5 340.2 331.2 320.2 311 306.8 302.3 298.7 297.3 301.6 315.4 329.7 347.4 371.5 392.1 414.3 434.3 451.4 459 464.6 478.3 482.8 487.8 479 468.2 448.2 433 416.4 400 382 366.4 359.1 353.2 341.3 334.6 326.1 318.4 314.9 311.5 304.4 297.4 290.3 281.8 277.5
445.1 447.2 449.7 451.7 450.8 448.7 442.3 430.4 425.6 425.5 418 414.7 408.3 392.4 390.1 385.9 384 380.1 376.3 373.4 373.4 376 381.5 392.6 402.3 405.5 395.5 388.9 384.5 380.3 378.8 378.1 382.1 386.8 383.7 378.1 364.4 341.2 331.3 322.7 314.7 302.8 293.8 289.1 286.4 280.7 289.7 303.3 316.6 338.1 361.1 383.3 407.3 429.6 443.4 457.8 463.8 474.1 483.5 482.9 480.7 470 459.8 446.3 426.1 403.3 386.1 376.7 369.8 360.5 351.6 343.8 329.9 319.6 313.5 309.1 305.8 300.2 293.5 288.6 285.2
