app/static/ascii/NR46.asc
ncols 200
nrows 200
xllcorner 140000
yllcorner 660000
cellsize 50
[rows 108 to 143 of 200, columns 0 to 81 of 200]
127.9 128.8 129.5 129.9 130.1 126.8 122.3 122.9 125.9 127.2 125.3 118.6 111.6 111.2 116.2 119.9 121.6 111.9 112.2 112.3 113.6 112.6 100.4 98.4 96.5 95.2 95.2 97.8 98.3 98.3 109.8 111.7 115.7 117.6 119.2 113.6 108.1 108.1 113.9 121.4 130.4 137.4 124.6 115.4 131 140.2 149.1 149.3 154.1 159.3 163.8 166.8 170.6 172.3 164.8 149.4 132.9 115.4 97.7 85.5 74.5 64.2 54.9 37.5 3.5 -0.5 -0.5 -0.5 -0.5 -0.5 -0.5 -0.5 -0.5 -0.5 -0.5 -0.5 -0.5 -0.5 -0.5 -0.5 -0.5 -0.5
127.4 128.9 129.4 129.9 129.1 126.7 125.8 126.1 128.9 128 125.3 117.7 120.6 121 121.4 123 122.5 112.3 112.9 112.9 115.2 112 109.4 102.4 100.8 98.6 100.7 109.8 109.5 106.5 113.7 118.3 119.1 118.4 115.7 112.4 109.4 113.2 120.8 128.5 137.6 142.8 126.3 122.1 133 142.5 155 160.8 164.9 169.7 173.7 176.8 178.6 176.9 166.1 149 130.6 118.9 103.6 89.3 78.8 67 54.2 36.5 12 -0.5 -0.5 -0.5 -0.5 -0.5 -0.5 -0.5 -0.5 -0.5 -0.5 -0.5 -0.5 -0.5 -0.5 -0.5 -0.5 -0.5
127.2 129.1 130.9 130.9 129.5 129.8 132 131.2 132.9 133.5 128.4 129.2 129.9 126.5 124.3 126.5 126.6 121 115.3 114 117.5 110.3 113 112.6 118.2 117.7 120.4 121.2 114.7 123.3 124.5 127.2 123 118.1 119 115 112.9 118.5 125.2 135.1 146.2 143.1 128.5 132.6 140.2 150.4 165.6 172 176.2 179.3 183.3 184.4 185 182.7 170.8 151 131.2 123.4 110.3 94 82.5 74.2 62.6 42.3 23 -0.5 -0.5 -0.5 -0.5 -0.5 -0.5 -0.5 -0.5 -0.5 -0.5 -0.5 -0.5 -0.5 -0.5 -0.5 -0.5 -0.5
126.9 128.8 131.1 130.6 130.2 133.9 134 133.5 135.9 135.8 131.9 134.1 132.4 129.4 126.3 127.7 129.2 125.9 116.3 116.3 116.7 115.7 115 121.6 126.4 127.3 127.7 127.8 123.7 129.7 131.2 124.2 126.4 129.4 127.8 124.8 116.2 120.9 130.2 142.1 149.9 135.4 134.4 141.8 150.6 166.1 182.2 186.9 189 189 188.8 189.2 190.3 184.7 170.9 147.4 131.5 126.5 113.6 97.3 86.1 77.2 66 44.6 25.9 4.2 -0.5 -0.5 -0.5 -0.5 -0.5 -0.5 -0.5 -0.5 -0.5 -0.5 -0.5 -0.5 -0.5 -0.5 -0.5 -0.5
127 129.4 131 130.9 132.4 135.3 136.4 134.9 136.5 137.8 136.3 135.8 134.5 132.5 128.7 128.8 129.6 126.7 123.4 121.2 116.2 116.9 124.3 129.2 130.4 129.7 132.3 132.1 131.8 133.6 128 128.4 132 132.1 131 128.8 119 122.3 132.9 145.6 140.2 137.2 139.5 151 165.1 184.3 192.5 198.2 201.6 198.4 195.6 193 188.7 183 164.1 143.8 134.5 129.2 114.6 100.3 87.8 76.7 66.1 49.1 30.9 15.6 -0.5 -0.5 -0.5 -0.5 -0.5 -0.5 -0.5 -0.5 -0.5 -0.5 -0.5 -0.5 -0.5 -0.5 -0.5 -0.5
127 129.4 130.5 131 134.1 136.7 138.1 137 137.7 139.3 138.8 138 136.1 134 132 133 131 130.7 129.3 125.3 117.3 120.7 130.8 132.5 132.8 134.4 135.9 135.9 137.1 137.7 135.1 136.4 136.7 133.4 130.8 128.9 127.6 134.2 139.4 142.3 142.1 140.1 143.3 156.8 175.6 190.8 194.3 199.5 204 200.4 194.5 193 188.5 180.9 162.5 145.9 138.5 122.3 111.9 104.2 94.8 79.8 63.9 48.5 32.6 18 -0.5 -0.5 -0.5 -0.5 -0.5 -0.5 -0.5 -0.5 -0.5 -0.5 -0.5 -0.5 -0.5 -0.5 -0.5 -0.5
126.9 128.3 129.6 132.5 135.2 137.6 139.1 138.3 138.7 140.5 140 138.4 136.7 136.7 135.6 135.3 132.3 131.2 130.6 127.9 123.1 128.9 131.9 133.4 136.9 139.7 138.7 140.3 140.2 140.8 140.7 143.8 139.9 133.7 130.8 131.9 134.7 142.4 150.5 156.6 147.5 143.6 148.3 163 180.1 185.9 190.8 197.1 201.5 198.7 193.1 191.3 190.9 182.1 165.4 154.6 145.3 137.2 122.6 109.2 98.3 81.6 62.3 48.4 32.7 19 -0.5 -0.5 -0.5 -0.5 -0.5 -0.5 -0.5 -0.5 -0.5 -0.5 -0.5 -0.5 -0.5 -0.5 -0.5 -0.5
126.6 127.2 128.7 133.3 135.5 137.7 139.1 139 138.8 139.8 140.3 139.1 138.7 138.3 136.5 135.5 133.7 131.2 132.9 129.7 127.5 130.9 132.6 136.1 138.8 140.6 141.8 142.5 142.9 143.7 146.4 145.9 137.8 132.5 131.9 135.6 141.4 150.6 160 165.9 153.5 151.7 159 172.6 185.4 188.8 193.2 198.4 200.2 197.2 192.6 192.3 193.2 183.1 168.2 160.2 153.3 143.5 132.5 115.9 100.1 81.5 62.9 49.2 33.6 19.7 -0.5 -0.5 -0.5 -0.5 -0.5 -0.5 -0.5 -0.5 -0.5 -0.5 -0.5 -0.5 -0.5 -0.5 -0.5 -0.5
126.9 127.4 129.2 133 135.5 137.8 139.7 139.9 139.4 140 140.5 140.7 142.3 141.2 139.5 135.8 134.2 130.5 132.1 134 127.8 132.6 135.1 138.2 140.5 141.8 143.2 143.6 142.1 142.4 144.3 138.1 133.2 133.3 134.5 140.3 148 159 168.9 166.6 155.4 164.5 173.5 182.5 190.4 195.3 201.3 207.2 207.8 200.8 193.7 188.9 186.2 179.6 170.6 163.7 158.8 149.7 141.6 127 104.8 81.6 63.8 47.5 33.2 21.4 5.7 -0.5 -0.5 -0.5 -0.5 -0.5 -0.5 -0.5 -0.5 -0.5 -0.5 -0.5 -0.5 -0.5 -0.5 -0.5
127.8 127.6 129.7 132.3 134.8 137.3 139.9 140.6 139.9 142.2 142.3 142.8 145.3 144.6 140.6 136.8 135.5 131.1 129.6 131.3 127.8 132.6 136.5 139.9 142.1 140.3 142.8 143.7 138.3 139.1 137.4 132.9 133.6 135.3 137.1 143.1 150.3 153 155 155.2 167 180 191.4 200.1 205.8 205.3 206.6 208.9 209.2 204.6 199.8 197.1 188.8 178.5 172.7 166.3 161.6 154.3 145.6 133.2 110.1 83.9 64.2 47 35.5 23.6 17.4 6.7 -0.5 -0.5 -0.5 -0.5 -0.5 -0.5 -0.5 -0.5 -0.5 -0.5 -0.5 -0.5 -0.5 -0.5
129.1 128.1 129.6 131.6 134.3 137.3 139.3 140.5 140.2 142.2 144.4 145.8 147.5 144.3 140.2 136.4 135.2 131 128.9 129.2 129.2 130.2 132.8 136.5 138.1 138.5 142.2 139 136.7 137.2 134.9 132.6 134.3 137.1 142.5 149.4 149.5 149.5 153.1 167.2 179.6 191.8 204 216.2 219.3 221.7 216.1 213.5 210.8 209.6 207.6 207.2 202 187 178.4 172.2 168 159 153.1 145.1 123.6 93.7 70.6 50.9 38.6 31.5 24.3 15.4 3.8 -0.5 -0.5 -0.5 -0.5 -0.5 -0.5 -0.5 -0.5 -0.5 -0.5 -0.5 -0.5 -0.5
130.3 129.1 130.4 131.7 134.6 137.1 138.2 139.3 140.3 142.7 143.5 144 144 142.7 139 135.8 134.2 132.8 129 128.7 129.7 132.1 132.6 134 136.5 138.2 137.9 136 136.6 136.3 133 132.8 137 142.7 148.5 158 161.5 152 161.9 175.7 184.4 196.7 212.8 226.9 230.4 232.4 227.7 221.8 215.9 214.5 213.8 214.8 214.5 200.9 183.5 176.8 173.4 163.1 156.9 150.4 133.8 104.5 79.4 58.6 41 34.9 30.3 26.3 6.3 -0.5 -0.5 -0.5 -0.5 -0.5 -0.5 -0.5 -0.5 -0.5 -0.5 -0.5 -0.5 -0.5
131.7 131.4 130.3 131.6 134.1 136.6 136.9 138 139.5 141 142.5 141.9 141.3 139.2 137.5 135.6 134.1 134.3 130.4 128.8 130.6 133.5 133.9 134.1 137.1 137.4 134.2 136.2 135.3 133.2 132.6 133.6 141 146.3 154.1 163.9 169.7 155 168.5 176.4 182.9 199.9 218.3 233.5 239.8 238.6 232.7 227.6 222.4 219.9 219.6 220.5 221.9 213.4 188.3 180.5 177.8 167.4 158.4 151.3 138.6 110.1 84.8 64 45.4 37.6 35.4 31.5 24.4 -0.5 -0.5 -0.5 -0.5 -0.5 -0.5 -0.5 -0.5 -0.5 -0.5 -0.5 -0.5 -0.5
134.3 134.6 133.2 133.2 135.5 136.9 136.7 137.7 139 138.1 138.9 138.2 139 137.1 135.1 134 133.5 133.5 131.4 129.2 130.8 133.3 134 133.7 136.2 133.6 131.2 134.1 133.1 132.5 132.5 136.5 143.6 149 158.1 166.3 163.7 159.7 171.6 175.6 183.9 205.7 222.9 237.4 244.5 239.9 236 234.3 233.7 229.3 228.7 226.4 226.3 217.4 194 184.8 181.1 169.2 161.3 156.4 144.3 116.2 90.7 67 48.6 41.4 38.3 35.2 32.7 7.1 -0.5 -0.5 -0.5 -0.5 -0.5 -0.5 -0.5 -0.5 -0.5 -0.5 -0.5 -0.5
135.3 137.2 136.2 136.2 136 137 136.4 137.1 137.6 136.6 135.4 134.8 135.6 134.6 133.9 133.5 133 132.5 131.8 129.5 130.8 132.1 129.8 130.4 130.3 129.2 132.4 134 133.3 132.6 133.6 136.6 142.4 151.9 159.7 165.7 163 160.9 169.5 177.2 190.4 212.7 228 240.5 247.4 242.3 238.6 241.3 243.7 239.1 238.1 234.2 229.6 217.5 204.6 194.4 180.6 170.6 168.1 163.8 150.1 121.4 94.6 70.2 53.1 46.3 40.6 36.9 32.3 21.3 15.4 -0.5 -0.5 -0.5 -0.5 -0.5 -0.5 -0.5 -0.5 -0.5 -0.5 -0.5
135.7 138.4 139.7 137.1 135.4 136.2 136.3 136.3 136.4 135.4 133.8 132.5 132.9 132.4 132.8 132.4 132 131.7 131 129.6 127.8 128.9 122 125.4 129.4 131.2 133.7 134.3 133.3 132.4 132.7 134.1 141.7 151.8 159.8 165.4 167.6 167.7 172.4 184.5 197.9 218.3 231.8 244.2 252 246.8 244.6 245.5 248.3 246.4 245.2 241.2 233.5 222.5 216.1 199.4 181.4 174.4 171.1 165 148 122.2 96.8 74 59 50.6 43.4 38.2 32.7 26.2 20.9 -0.5 -0.5 -0.5 -0.5 -0.5 -0.5 -0.5 -0.5 -0.5 -0.5 -0.5
137.8 142.2 142.2 138 136 135.8 136.1 136.1 135 134.6 133.7 131.8 131.2 130.9 131.6 131.2 131.4 131.4 130.1 126.4 122.8 122 122 131 132.6 133.5 135.4 135.4 133.2 132.6 132.7 133.4 140.1 151.9 160.9 167 174.1 177.1 180.8 190.2 203.7 222.9 236.9 248.9 259 255.4 251.2 250.5 252.5 250.6 248.4 242.5 236.3 229.1 222.5 202.6 184 177.6 171.5 161.4 146.2 124.8 101.8 80.7 66.5 57.3 48.4 41.2 35 30.1 23.4 3.6 -0.5 -0.5 -0.5 -0.5 -0.5 -0.5 -0.5 -0.5 -0.5 -0.5
139.9 143.2 143.6 140.9 137.3 135.4 135.9 134.9 134.1 134 133.7 130.9 130 129.8 130.2 130.4 130.9 129.4 126.2 122 122 122 130.5 134.5 136.1 137.4 138.2 135.1 133.3 133.1 133 133.2 139.6 152.2 162.1 170.7 177.7 181.1 186.7 195.5 204.5 216.3 235.3 254.5 264 258.8 256.8 256.6 257.8 254.7 249.7 243.8 238.2 232.7 227.1 204.6 184.4 178.2 172.5 161.9 148.3 132.3 112 90.1 75.2 64.3 55.2 46.5 39.1 34.9 22.6 -0.5 -0.5 -0.5 -0.5 -0.5 -0.5 -0.5 -0.5 -0.5 -0.5 -0.5
140.3 143 145.7 143.6 138.8 135.5 135.5 134.6 133.3 133 131.7 130.8 129.4 129 127.9 128.5 124.9 122 122 122.4 125.1 127.4 135.1 136.5 136.8 138.5 138.6 135.8 134.1 134.1 133.9 133.9 140.6 154.4 164.6 173.8 181 187.7 196.2 209.1 210.9 215 236 253.6 259 260.1 260.5 260.2 257.8 254.4 249.9 245.5 241.6 236.7 232.2 207.5 186 181.9 178.6 169.2 154.7 143.1 125.7 103.4 85.6 72.9 60.6 51 44.4 39.5 28.9 -0.5 -0.5 -0.5 -0.5 -0.5 -0.5 -0.5 -0.5 -0.5 -0.5 -0.5
138.7 141.8 144.4 143.4 139.2 135 134.3 133.4 132.4 131.4 130.4 130.2 129.1 125.8 123.6 122 122 124.1 127 128.2 129.4 133.9 137.3 137.5 137.7 137.1 136.3 136.5 137.1 135.5 135.3 136.2 145.4 158.8 168.4 177.6 186.4 193.8 202.3 211 218.5 220 236.7 250.8 256.7 259.4 261.2 259.9 254.1 250 247.9 247.7 245.9 239.9 230 211.8 189.4 188.2 186 175.7 162.6 155.1 144.6 123.4 98.7 78.8 66.1 55.9 46.4 37.3 26.4 -0.5 -0.5 -0.5 -0.5 -0.5 -0.5 -0.5 -0.5 -0.5 -0.5 -0.5
136.4 138.3 141.5 140.7 136.7 133 131.8 130.9 131.1 130.4 129.2 129.7 128.1 122 122 122 122 127.5 130.6 131.3 130.1 133.4 139.1 139.5 138.1 134.1 137.4 141.4 145.3 144.4 145.3 147.7 154.5 165.7 171.9 181.6 191.2 198.9 205.2 212.1 220.2 227 238.2 250.6 256.5 257.5 260.7 260.5 250.4 247.3 248.3 247.4 248.4 243.8 233.7 216.2 199.6 195.4 191.5 180.4 172.2 167.3 159.3 139 108.6 84.9 71.2 62.8 55.4 45.6 13.8 -0.5 -0.5 -0.5 -0.5 -0.5 -0.5 -0.5 -0.5 -0.5 -0.5 -0.5
133.9 133.9 137.5 138.3 132.9 130.2 129.6 129.9 129.6 129.1 127 127.1 126.3 122 122 122 128.5 132.7 134.6 134.1 130.3 132.2 140 139.7 134.6 133.6 141.5 147.4 151.3 151 152.5 157.2 163.7 170.2 171.7 180.2 189 195.5 203.7 216 225.7 230.1 242 253.8 257.6 255.7 254.4 250.8 242.1 241.6 241.7 243.5 248.3 247.5 239.4 227.3 214.8 204.9 199 186.5 177.3 171.9 163.5 142.3 113.2 91.5 77.8 69.4 66.4 55.9 34.7 -0.5 -0.5 -0.5 -0.5 -0.5 -0.5 -0.5 -0.5 -0.5 -0.5 -0.5
132.6 129 133 132.4 129.6 128.2 128.5 128.8 128.5 127.7 124.8 122.8 122 122 123.3 130.1 135.2 138 139 135.7 128.6 129.3 134.2 128.7 126.7 137.3 144.2 149.1 150.9 150.1 154.1 160.6 167.1 169.3 170.9 174.6 183.4 192.4 203.6 217.6 230.1 232.2 241 249.3 254 252.5 246.7 238.4 230 231.4 235.2 240.2 246.3 246.4 241.8 230.6 219.6 209.6 203.8 189.9 180.2 174.2 161.7 140.6 116.1 96.4 83.1 75.2 70.6 60.7 43 3.4 -0.5 -0.5 -0.5 -0.5 -0.5 -0.5 -0.5 -0.5 -0.5 -0.5
126.5 123 131.2 131.8 129.3 127.3 127.5 127.8 127.7 126.3 122.9 122 122 133.6 133 137.2 139 138 136.5 128 124.9 124.9 124.9 125.3 133.8 141.5 144.1 146.7 145.3 147 153.8 161.3 166.6 168.1 168.3 170.9 179.3 188.8 199.9 211.7 224.5 231.9 238.9 243.1 244.9 242.8 233.7 222 218 223.7 230.3 233.4 237.6 242 236.9 226.4 215 202.4 198.4 186.9 176.9 168.5 153 136 116.9 98.8 87.2 80.7 75.1 65.4 37 -0.5 -0.5 -0.5 -0.5 -0.5 -0.5 -0.5 -0.5 -0.5 -0.5 -0.5
121.3 123 129.1 130.9 128.5 125.8 126.6 127.1 126.6 124.4 124.9 126.8 131.1 133.3 136 138.8 139.4 137.4 133.2 124.9 124.9 124.9 124.9 132.9 137.8 139.1 140.4 141.2 140 144.9 153.1 161 165.6 167.4 166.7 168.2 175.4 184.1 193 200.3 212.1 225.3 232.4 235.9 236.3 232.7 224.5 214.7 214.5 218.5 224.3 229.3 232.1 229 222.6 212.9 196.5 189 183.8 173.9 165 154.5 143.3 131.4 114.7 97.7 87.3 80.9 75 63.1 35.5 7.1 -0.5 -0.5 -0.5 -0.5 -0.5 -0.5 -0.5 -0.5 -0.5 -0.5
120.2 114.7 127.4 130.1 127.6 125 125.1 125.4 125.2 126.2 127.5 132.6 136.9 137.7 138.4 139.5 139 135.6 130.2 124.9 124.9 124.9 126.5 130.4 131.9 132.6 133.7 135.4 138.5 143.7 151.8 159.1 163 165 166.2 170.8 181.8 187.3 191.1 196 199.2 212.8 225.8 231 231.5 229.8 225.1 214.4 212.9 214.8 218.6 224.2 224.9 216.5 205.1 190.9 179 169.5 161.6 156.5 151.8 143.7 135.3 125.6 111.2 94.2 83.6 74.9 67.9 57.4 37.5 7.8 -0.5 -0.5 -0.5 -0.5 -0.5 -0.5 -0.5 -0.5 -0.5 -0.5
118.5 112.7 124.8 128.5 126 123.6 123 125.9 127.3 128.3 128.9 133.5 138.2 138.4 138.7 139.4 136.3 132.1 124.9 124.9 124.9 124.9 124.9 124.9 127.3 126.7 126.7 129.5 135 140.9 149.2 156.6 161.3 165.2 168.2 175.9 185.5 188.2 190 191.6 190.1 198.1 214.9 222.9 224.4 223.9 221.3 213.8 210.7 211.4 211.5 216.7 217.2 204.6 189.5 174 163.3 153.9 144.9 139.8 137.7 135 127.2 118.9 106.4 90.5 79 67 58.4 50.5 36.9 5.7 -0.5 -0.5 -0.5 -0.5 -0.5 -0.5 -0.5 -0.5 -0.5 -0.5
114.8 110.9 119.2 123.8 122.3 121.5 124.3 127.8 129.3 131.1 131.6 134.7 136.8 139 139.3 139 136.7 133.9 129.7 124.9 124.9 124.9 124.9 124.9 130.1 129 125.4 125.4 130.5 136.5 144.8 151.7 156.8 161.7 167.6 176.2 182.4 177.8 175.9 176.7 178.2 184.4 200.2 207.6 211.1 212.5 209.6 204.8 201.5 202.2 201.9 204.9 203.7 191.4 175.5 161.1 151 140.3 131.2 125.5 126.3 125.3 121.5 110.6 98 86.9 77 59.8 48.9 37.4 28.9 4.9 -0.5 -0.5 -0.5 -0.5 -0.5 -0.5 -0.5 -0.5 -0.5 -0.5
109.3 107.3 115.5 120.6 120.6 121.9 125.3 128.8 131.4 133.4 133.8 135.2 137.8 138.8 139.9 139.8 138.6 136.3 131.5 124.9 124.9 124.9 128 133.7 133.8 129.9 126.5 124.4 126.3 132.2 139.7 145 150.6 156.4 162.7 169.3 171.3 166.4 163.3 162.2 165.7 173.3 184.8 191 193.4 193.8 190.5 187.9 188.2 189.6 188.4 190 188.1 176.6 163.6 151.2 138.1 126.6 119.3 115.8 117.4 117.8 113.9 106.6 92.8 82.2 67.6 48.2 38.1 28.8 23.7 10.9 -0.5 -0.5 -0.5 -0.5 -0.5 -0.5 -0.5 -0.5 -0.5 -0.5
106.9 110.8 116.2 115.6 120.9 122.6 125.1 128.5 131.8 134.8 135.8 137.7 140.2 142.1 142.5 142.8 142.4 140 134.7 124.9 124.9 124.9 132.5 136.4 133.5 129.4 125.8 124.2 125 129.1 131.9 136.4 141.3 146.3 152.3 157.6 157.8 155.1 152.5 151 151.7 159.2 168.3 176.1 180.4 180.9 179.8 179.6 176.9 175.7 173.5 170.9 169.1 162.2 154.4 140.4 123 113.2 106.6 104.9 106.2 107.6 106.2 103.3 90.2 74.2 55.3 40.6 30.9 27.1 20.2 5.8 -0.5 -0.5 -0.5 -0.5 -0.5 -0.5 -0.5 -0.5 -0.5 -0.5
112.5 117.2 118.1 119.9 122.2 124.1 126.1 129.3 131.7 135 136.7 138.5 141.4 144.2 145.5 145.5 145.7 144 137.9 129.8 125.7 124.9 132.9 137.1 135.5 130.8 124.9 124.1 124.3 127.6 129.5 131.1 134.6 139.9 145.7 147.3 147.5 147.8 145.5 142.5 140.4 147.1 154.4 164.2 171.4 172.4 174.6 174 166.6 164.9 160.2 157.9 155.2 149.1 139.1 121.9 106.1 98.6 95.2 95.4 96.8 97.4 96.4 92 78 62.5 48 37.2 29.1 22.8 11.5 4.7 -0.5 -0.5 -0.5 -0.5 -0.5 -0.5 -0.5 -0.5 -0.5 -0.5
118.4 118.3 120.3 120.6 122.1 123.6 126.3 128.2 130.3 134.2 136.8 139.3 141.8 144.3 145.4 146.5 146.5 144.5 139.8 134.6 130.9 129.4 132.2 136.6 137 132.1 127.1 124 124 126.4 128.9 131.4 135.8 140.4 142.7 143.5 143.6 143.1 141 137.6 136.3 140.9 143.6 152.9 162.1 164.8 164.2 163 157.7 155.5 149.8 147.4 142.5 131.3 120.4 104.5 92.1 86.9 84.8 82.9 80.6 79.4 74.1 68.9 60.5 52.5 40.4 32.4 28.5 25.7 11.3 2.9 -0.5 -0.5 -0.5 -0.5 -0.5 -0.5 -0.5 -0.5 -0.5 -0.5
119.7 120.1 121.5 122.3 123.4 123.8 125.8 127.3 128.8 132.8 136 138.5 140.3 142.9 144.5 145.8 145.8 143.4 139.3 135.4 131.8 131.6 132.9 135.5 136.3 132.3 127 124.5 123.2 124.7 126.8 130 133.9 138.2 139.2 139.7 140 139.2 137.9 134.2 132.8 134.4 131.9 136.3 146.3 150.7 152.1 149.7 147.7 143.7 138.3 132 124.3 114.9 102.7 92.1 82.7 77.1 75 72.5 68.2 62.4 55.3 51 45.7 37.9 32.5 29.3 27.9 25.4 7.6 -0.5 -0.5 -0.5 -0.5 -0.5 -0.5 -0.5 -0.5 -0.5 -0.5 -0.5
121.9 121.8 122.8 123.7 124.6 124.8 125.7 127.2 128.3 130.4 135 137.9 139.3 140.6 142.9 144.3 144.1 141.4 138.1 134.5 130.7 131.2 133.5 134.9 134.2 130.5 125.4 124 122.8 123.9 126.1 129 131.8 136 136.4 136.8 136.7 136.3 135.5 131.7 126.6 124 118.6 124.4 133.4 137.6 139.1 133.6 135.7 131.2 124.6 117 107.4 99.9 90.9 81 71.8 67.5 66.6 65.5 61.8 54.3 43.2 40.3 34.2 28.7 28.1 27.4 25.3 17.1 2.4 3.6 -0.5 -0.5 -0.5 -0.5 -0.5 -0.5 -0.5 -0.5 -0.5 -0.5
123.8 123.3 124.3 125.3 125.8 126 125.8 126.8 127.9 130.1 133.7 135.9 138 138.3 140.4 141.9 141.3 138.9 135.6 132.2 129.4 130.3 131.7 130 128.6 125.3 124.1 122.8 122.8 124.7 126.5 128.7 131.7 133.4 134 134.6 133.9 132.5 131.3 126.1 121.8 107.7 108.1 113.1 119.3 124.4 127.1 122.6 124.9 120.8 113.4 102.9 93 86.7 79.7 71.1 67.1 63.4 60.9 57.7 53.5 44.3 38.3 35.2 29.8 26.7 24.8 22.1 19.7 15.7 14.1 6.4 -0.5 -0.5 -0.5 -0.5 -0.5 -0.5 -0.5 -0.5 -0.5 -0.5
125.2 124.6 125.6 125.9 126.4 125.6 125.6 126.4 127.5 129.7 132.2 134 135.7 136 137.1 139 138.4 134.5 130.9 128 125.9 127.6 127.5 125.4 123.9 122.5 122.6 122.5 124.2 125.6 127.4 129.4 131.5 132.6 132.4 131.7 130.4 129 127.1 122.3 112.6 105.5 100.1 102.1 103.4 106.9 110.3 112.9 113.6 111.7 105.9 94.6 83.7 76.8 70.8 66.7 63.5 61 57.8 50.9 43.7 38.9 35.3 30.9 27.8 24.9 20.8 22.8 24.1 24.7 19.4 6.9 -0.5 -0.5 -0.5 -0.5 -0.5 -0.5 -0.5 -0.5 -0.5 -0.5
