app/static/ascii/NR47.asc
ncols 200
nrows 200
xllcorner 140000
yllcorner 670000
cellsize 50
[rows 108 to 143 of 200, columns 82 to 163 of 200]
-0.6 -0.6 -0.6 -0.6 -0.6 -0.6 -0.6 -0.6 6 20.9 24.6 25.8 25.7 25.7 25.2 24.4 23 24.3 25.5 27.6 29.9 33.6 36.3 38.8 44.2 53.3 59.2 61.4 63.2 64.7 60.9 56.8 54.3 58.8 64.5 71.6 79.2 88.2 97.6 102.5 106.6 115.8 133.2 141.3 144.6 147.7 149.8 152.4 154.9 158 160.6 161.7 160.5 156.1 153.2 153.2 155.3 158.3 165.3 172.6 177.7 181 186.9 191.6 195.6 200.9 206.7 210.6 214 217.8 223.2 228.6 232.2 235.9 240.7 243.3 246.1 249 249.3 251.1 254.6 263
-0.6 -0.6 -0.6 -0.6 -0.6 -0.6 -0.6 -0.6 1 19.1 24.4 25.9 26.3 25.8 25.6 25 23.9 23.5 24.6 27.6 30.3 33.5 36.3 39.5 45.2 53.5 61.7 63 64.6 66.6 62.6 58.3 55.9 58.5 62.9 71.8 80.7 89 98.2 104.4 110.4 117.6 135.8 141.9 145.5 149.1 152.9 155.4 158.3 162.1 164.2 164.9 163.9 159.5 155.9 155.7 156.6 156.9 164.7 173.7 181.5 180.5 176.3 181.2 184.5 190.7 202.3 209.1 211.6 213.8 217.3 221.5 224.5 229.9 235.2 237.7 239 241.1 242.8 244.9 250.1 259.2
-0.6 -0.6 -0.6 -0.6 -0.6 -0.6 -0.6 -0.6 3.7 16.5 25.7 27.1 27.3 26.8 26.3 25.6 23.6 21.4 24 28.5 31.4 34.8 37.6 41.6 47.6 57.5 66.1 66.9 66.7 68.2 63.9 59.4 56.7 59.9 64.3 69.5 81.2 90.8 99 107 112.7 119.1 131.7 138.5 144.1 148.9 153.5 156.9 161.3 166.1 167.6 168.5 167.5 163.7 159.6 159.3 159.1 157.6 164.4 174.3 181.7 186.6 188.9 193.1 195 200.1 202.9 203.3 202.9 205.2 208.8 212.7 217.4 225 229.5 232.6 234.3 235.9 237.1 239 244.4 253
-0.6 -0.6 -0.6 -0.6 -0.6 -0.6 -0.6 3.7 10.5 22.6 26.6 27.7 27.7 27.2 26.5 25.4 22.9 20.7 23.9 28.5 32.8 35.9 38.9 44 49.6 60.9 68.8 70.1 70.2 70.6 67.3 61.1 57.6 61.3 65.9 69.9 78.9 90.3 99.1 108.5 114 119.8 127.7 135.7 142.4 148.3 153.9 158.3 163.2 168.5 171.8 171.8 170.8 168.2 163.9 163.5 162.4 160.1 167.8 176.7 184.8 188.3 191.1 193.1 195.5 201.3 205 209.2 209.2 209.9 213.7 218.1 220.9 224.3 228.9 225.8 228.6 234.4 236.2 237.9 242.5 246.6
-0.6 -0.6 -0.6 -0.6 -0.6 -0.6 0.8 16.2 21.7 24.6 26.5 28.1 27.8 27.5 26.5 25.1 22.5 20.2 23.8 28 34 36.4 38.6 46.5 52.4 62.3 70.6 72.3 73 73 70.3 62.8 59.9 63.2 69 73.1 80 92.8 98.7 110.7 115.4 120.1 126.7 132.5 140.6 147.5 154.6 160.1 166 170.9 175 175.7 174.8 172.4 169.1 167.5 165.6 163.5 169.3 178 187 192.5 194.3 197.3 199.4 202.5 208.7 210.6 213 214.5 218.9 223.4 227.7 230.1 232.8 232.9 231.8 230.9 235.1 237.3 240.1 242.3
-0.6 -0.6 -0.6 -0.6 -0.6 0.9 16.4 21.3 23.8 25.7 27.2 28.3 28 27.6 26.6 24.7 21.8 20.2 22.6 27.6 33.8 37.6 39.4 47.1 54.7 64.1 72.3 74.4 75.4 74.8 72.4 64.3 61.3 64.3 70.4 76 83.6 93.7 101.9 112.4 116.7 120.4 125.8 130.9 138.8 145.8 153.7 161.5 170.3 173.6 176 180.5 182.4 179.1 174 171.1 169.2 167.4 172.2 179.5 188.2 194.2 197 199.6 202.2 205.8 208.2 214.1 216 219 222.8 227.9 232.5 234.9 236.1 235.9 235.1 233.8 233.3 236.4 238.4 240.6
-0.6 -0.6 -0.6 -0.6 0.6 14 19.4 22.8 24.4 26 27.6 28.4 28.2 27.6 25.5 23.4 21.4 20.2 22.8 26.6 32.5 36.7 39.3 47.7 56.7 65.5 72.8 76.2 77.3 75.9 74.5 68.1 62.9 64.8 69.1 79.9 86.5 95.5 103.8 113.7 117.8 120.7 125.2 129.3 135.8 144 152.2 162 169.2 174.5 178.6 185.7 188.8 183.5 177.8 175.9 173.7 172.1 174.8 181.1 188 194.4 198.2 200.8 203.6 207.7 209.7 214.8 218.7 222.2 226 230.7 234.1 237 238.8 238.7 239.1 238.5 237.3 237.8 239.2 240.6
-0.6 -0.6 -0.6 -0.6 6.7 21.1 21.9 23.2 24.7 26.3 27.8 28.3 28.3 26.8 24.7 22.6 21 20.7 23.5 27.4 30.9 34.9 39.9 48.5 58.9 66.7 73.4 76.9 78.3 76.9 75.9 72.8 65 67.3 74.1 79.4 85.2 94.4 104.3 113.1 118.4 121.2 124.9 128.6 133.7 142.2 150.6 160.2 166 174.6 180.8 189.2 194.3 186.3 180.7 180 178.4 176.7 176.5 182.1 188.3 194.7 199.3 201.9 205 208.1 208.8 212.1 220.6 225.2 229.2 232.5 235.1 237.9 239.5 240 242.2 242.2 243.2 242.7 240.8 239.6
-0.6 -0.6 0.4 1 16.9 21.2 22.6 23.7 25.1 26.7 27.5 28 28.4 27 24.1 22 20.5 20.6 24.1 27 30 34.1 40.6 48.8 60.5 68 72.8 76.2 78.3 79.1 79.4 76.4 70.3 68.6 75 78.5 88.5 95.7 105.6 113.2 118.2 121.6 125 130.2 133.2 137.6 147.1 157.8 163 173.3 182.1 192 196.3 188.6 183.1 182 182.7 181.1 179.5 182.6 187.9 196 200.4 203 205.9 209.9 210.5 210.4 221.2 226.5 232.3 234.8 237.7 238.8 240.8 241.4 244 245.9 247.8 249.4 248.5 245.5
-0.6 -0.6 1.5 6.8 17.1 21.9 23.1 24.3 25.5 26.8 27.2 27.7 28.1 27.3 24.1 21.4 19.9 20 23.8 27.5 30.2 34.5 41.3 50.2 60.2 68.4 72.2 75.7 78.9 80.3 80.7 78.5 73.5 69.2 72.8 79.7 86.1 96.2 106.3 113.3 118.5 121.8 125.1 129.1 133 135.6 142.2 153.2 162.3 172.2 182.1 190 192.7 187.8 185 184.3 184.9 185 183.8 186.2 191.9 197.1 200.9 203.8 207.8 211.7 212.5 212.7 221.9 228.8 234.9 238.6 241.8 242.8 242.5 243.7 247 250.6 253.3 254.8 254.6 253.6
-0.6 -0.6 7.6 16.5 19.3 22.5 23.6 24.8 25.7 26.5 26.9 27.3 27.6 27.5 24.4 20.1 18.2 19.1 23 27.1 30.1 32.9 40.6 49 61 68.9 72.5 75.7 79 81 82 80 74.6 70.2 74.9 81.9 89.8 96.7 102.2 113.7 119 122.1 124.1 126.9 130.6 132.4 136.7 149.4 161 169.6 177.3 183.8 188.6 187.1 187.2 185.5 185.9 186.8 186.5 188.5 192.5 196.6 200.9 204.9 208.5 212.2 215.7 215.4 221.8 230.3 238.1 242.3 245.9 247.4 246.8 248.1 250.8 254.3 257.9 260.3 260.7 259.2
-0.6 0.6 15.7 18.5 21.3 23.1 23.7 23.8 24 24.7 25.9 26.7 26.6 26.3 24.2 20.5 15.9 17.9 21.6 25.9 29 31.7 36.9 52.6 62 69.4 72.8 76 78.9 82 82.6 80.4 75.2 70.3 76.5 82.5 90.6 98.9 108.5 112.6 117.5 120.8 121.7 125 127.3 131.3 137.6 146.8 158.2 166.5 173.1 177.3 184.1 185.2 185.3 187.4 185.8 186.9 187.9 189 192.2 196.7 201.7 205.6 208.8 212.5 216.6 218.8 223.1 230.4 240.2 244.2 249.1 250.9 251.1 253 257.5 260 263.3 266 267.7 266.3
-0.6 1.7 10.5 20.1 21.7 22.1 22.3 22.5 22 22.9 23.7 24.6 24.9 23.4 20.7 17.9 15.5 15.7 18.8 23.8 27.7 30.6 36.8 55.1 63.3 69.8 72.6 75.1 79.3 82.4 82.7 80.2 75.6 73.3 77.2 84.5 91.4 99.1 109.1 116 117.7 119 120 122.2 126.7 130.8 137.4 143.4 153.8 161.6 168.9 173.1 177.7 182.8 184.8 186.1 185.8 185.8 187.1 189 191 196.8 201.4 205.9 209.2 213.7 218.6 221.2 225.2 231.2 239.7 243.4 247.6 253.6 257.1 259.8 262.9 267.6 271.5 275.2 277.6 279.9
-0.6 -0.6 17.4 20.3 19.6 19.9 20.8 19.6 20 20.5 20.7 20.8 19.8 16.9 16.1 14.9 13 13.1 16.7 21.6 26 30.3 39.4 56.6 65.6 70.8 72.9 74.6 79 82.3 82.2 79 74 75.4 78.1 86.1 90.9 97.4 109.1 118 120.1 121.3 122.2 123.2 127.1 132.3 135.6 141 150.1 158.5 164.1 169.2 173.2 178.7 182.7 186.1 185.8 185.8 186.5 189.6 189.4 194.5 200.5 206.5 211.2 215.6 220.8 223.7 227.2 232.7 239.2 244.1 247.2 252.3 260.7 267.5 271.4 277.6 281.7 286.6 289.9 295.1
-0.6 -0.6 12 19.4 20.1 19.4 18.5 16.6 16 15.4 14.9 13.9 12.4 10.7 10.7 10.7 10.7 10.7 14.9 18.9 25.3 31 39.1 52.5 64.9 71.6 73 74.5 77.8 82.1 82.7 79.4 76.5 77 79.7 85.9 91.7 96.4 107.4 118.1 120.6 122.3 123.1 124.2 127.1 131.8 134 139 146.3 154.8 160 165.4 170.4 175.3 179.7 184.6 185.3 186.3 187.3 189.1 189.3 194.2 202.1 208 212.7 217.4 220 223.9 228.5 233 238.6 243.5 247.4 254.4 264.4 273.6 281.8 289.3 294.4 299.7 304.7 312.9
-0.6 0.5 17.1 18.4 19.3 17.3 14.9 10.7 10.7 10.7 10.7 10.7 10.7 10.7 10.7 10.7 10.7 10.7 14.2 21 26.7 33.3 43.5 54.7 62.7 71.7 73.3 75.3 78 81.1 82.6 79.5 77.6 77.9 81.1 86.4 92.2 97.6 105.6 117 119.5 122.3 124.5 124.2 127.3 130.6 132.3 140.1 142.5 148 154.7 159.8 166.2 172.3 177.9 182.9 184.3 185.5 187.7 188.9 189.3 194.1 201.8 207.9 212.5 217.2 218.9 224.5 231 232.7 237.9 242.5 248.4 257 267.9 278 287.9 298 305.9 312.1 318.6 326.6
-0.6 1 11.5 18.3 18 15.6 10.7 10.7 10.7 10.7 10.7 10.7 10.7 10.7 10.7 10.7 10.7 10.7 15.8 22.6 28.7 39 47.1 58.2 64.3 72.6 74.7 76.4 78.7 82.3 83.8 82 79.5 79.1 81.2 87.8 94.1 98 104.5 113 117.7 120.3 125.8 126.5 127.1 130.3 131.3 141.5 147.6 148.7 149.4 155.1 162 167.2 173 181.2 183.3 184.5 185.6 187.6 189.9 194.3 200.1 206.5 212.3 216.8 218.7 225.5 232.1 232.8 237.3 244.6 252.4 261.1 271.2 281.8 297 308.7 316.2 324.5 332.3 340.5
-0.6 0.8 11 19 17.2 15 10.7 10.7 10.7 10.7 10.7 10.7 10.7 10.7 10.7 10.7 10.7 10.7 16.9 25.5 31.2 42.4 51.6 61.6 69.3 74 76.4 78.1 80 83.8 85.3 83.4 81.2 82.3 86.4 89.6 95.8 98.2 104.8 111.6 116.5 118.4 123.4 128.1 127.8 130.6 131.6 139.5 147.7 151.6 156 154.1 157.5 163.1 167.7 177.3 181.9 183.2 184.2 187.3 189.5 192.4 196.6 200.5 208.3 213.2 219.5 227.7 231.3 233.6 238.6 245.3 254 263.9 273.5 289 305 318.4 327.1 336.2 345.4 354
-0.6 1 9.5 19.5 17 12.2 10.7 10.7 10.7 10.7 10.7 10.7 10.7 10.7 10.7 10.7 10.7 10.7 20.7 27.3 35.3 45 54.3 64.1 72.5 76.5 78.8 80 81.7 84.9 86.6 84.8 82.7 83.8 88.7 92.9 94.1 94.5 101.8 109.6 115.2 117.4 120.9 126.5 128.8 131 132.8 137.7 145.3 152 158.1 160.8 161.5 162.9 168.6 174.7 179.7 182.6 183.8 186.2 189.2 192.3 199.1 200.3 209.2 215.4 221.9 231 234.6 237.8 240 246.9 255.1 264.9 277.9 295.5 310.5 324.5 334.7 344.5 354.5 364.9
-0.6 0.8 8.3 18.6 16.8 10.7 10.7 10.7 10.7 10.7 10.7 10.7 10.7 10.7 10.7 10.7 10.7 17.6 23.7 29 40.4 47.9 56.2 66.1 74.8 79 80.1 80.9 83 85.9 87.8 85.7 84.3 85.4 88.8 94.1 92.4 99 108.2 113.6 113.8 115.3 119.8 124.5 128.5 130.4 132.6 137.4 144.9 152 158.2 161.7 161.5 163.2 168.3 172.6 179.7 181.9 183.1 186.6 189 193.3 197.1 201.2 206.3 213 224 231.1 236.2 237.5 240.3 248.6 258.5 268.6 282.6 300.6 315.3 329.7 342.5 353.7 364.3 374.7
-0.6 -0.6 6.5 18.4 15.8 10.7 10.7 10.7 10.7 10.7 10.7 10.7 10.7 10.7 10.7 10.7 12.4 21.5 26.5 33 44.5 50.6 57.3 66.9 76.4 81 82.1 83.1 84.2 87.1 88.4 86.2 83.9 86.6 91.3 95.4 96.4 101 109.3 116.5 119.3 114.4 117.8 122.5 126.3 129 131.8 136.5 143.5 152.1 158.8 160.5 161.6 163.8 168.6 171.5 176.4 180.5 183.8 187.3 190.1 192.1 195.2 200.3 207.2 216 223.3 230.1 235.7 237.9 241.9 249.4 262.5 273.5 284.5 303 320.5 335.1 349.2 361.7 373.5 384.5
-0.6 -0.6 12 19 16.2 10.7 10.7 10.7 10.7 10.7 10.7 10.7 10.7 10.7 10.7 11.8 19.7 25 28.7 34.9 47.3 52.8 58.8 68.1 76.7 80.8 83.8 85.3 86.2 87.9 88.2 86.1 84.6 87.4 93.9 96.9 98.3 101.4 109.4 116.8 121.8 121.5 114.9 121.9 125 128 132 136.5 142.7 152.6 159.2 159.2 160.5 163.1 167.3 169.9 175.4 179.4 184.4 187.1 190.1 192.1 193.6 198.9 206.7 216.6 222.1 228.3 236.5 238.1 242.3 251.9 263.7 274.5 288.6 305.2 322.8 341.3 355.3 368.5 380.6 392.8
-0.6 0.8 13.2 19.3 16.3 10.7 10.7 10.7 10.7 10.7 10.7 10.7 10.7 10.7 12.3 16.7 22.3 26 28.9 38 46.7 54.6 59 68.5 77.5 81.4 84.8 86.9 87.2 87.9 87.5 86 84.7 87.4 95.7 99.5 100.4 101.5 108 114.6 121.8 124.9 124 120.5 126.4 129.8 132 136.5 142.5 153 160.1 158.1 160.4 161.9 165 167.6 174.3 178.9 182.7 186.6 190 193.1 195.6 199.4 208.8 215.7 223 230 236.2 240.1 242.4 254.6 269.1 283 293.5 306.8 325.6 344.8 360.3 373.5 385.6 397.9
-0.6 1.1 20.7 20.2 17 10.7 10.7 10.7 10.7 10.7 10.7 10.7 10.7 10.7 13.6 14.4 17.6 20.2 24.5 40 42 53.7 58.9 68.5 78.8 82.2 84.3 86.4 87.4 88.5 88.3 86.8 85.4 86.8 94.2 98.3 100.9 102.6 106.2 114 121.8 126.8 127.5 127.1 125.2 129.5 132.4 135.9 138.7 151.5 160.7 158.6 158.4 161.5 164.8 168 173.1 176.7 181.1 185.8 188.5 192.4 197.1 200.1 208 215.1 222.4 229.7 234.9 239.7 244.2 256.1 272.2 289.1 301.7 312.9 326.7 348.2 363.9 377.8 389.9 400.4
-0.6 2.3 20.4 20.6 18.1 12.5 10.7 10.7 10.7 10.7 10.7 11.9 11.2 12 14.1 15.8 18.2 24.9 32 40 41.1 51.3 58.2 68.4 78.9 81.5 82.7 83.5 85.3 88.5 89.4 87.5 86.2 86.6 93.1 97.6 101.1 102.8 105.7 113.6 121.9 128.6 130.1 129.8 129.2 128.5 133 136.6 142.6 148.2 160.1 158.6 159.6 163 164.5 167.3 171.2 174.7 179.5 184.2 189.3 195.4 200 202 208 215.6 222.7 228.5 233.4 239.2 243.6 259.3 276 295.2 306.4 318.6 334.5 350.6 367.6 381.5 391.2 400.6
-0.6 12.3 21 21.2 18.8 13.8 10.7 10.7 11.6 12 12 12.2 12.6 13.4 17.4 20.2 23.6 27.5 34.9 43.6 43.2 48.5 56.4 67 76.7 80.4 81.6 82.2 83.4 88 90.4 88.1 87.3 87.8 90.7 97.6 101.3 102.8 104.3 112.3 121.5 128.9 131.6 131.6 131.6 131.3 133 137 143.2 148.3 156 156.1 159.1 161.9 164.1 166.8 169.3 172.9 175.1 185.4 192.9 198.1 202.7 204.7 208.9 217.8 222.7 228 234.1 239.9 248.3 263.4 279.5 297.8 311.4 324.2 337.6 356.1 374.7 384.7 395.1 403.7
-0.6 19 20.3 21.8 20.2 15.4 10.7 11.8 12 12.3 12.6 12.6 13.4 14.3 19.9 23.4 25.9 28.7 36.9 46.3 46.5 45 53.5 63.6 72.8 78.2 80.4 81.2 82.3 86.4 89.8 88 87.5 88.2 88.9 94.3 99.7 101.2 103 111.7 122.2 128.7 132.1 132.4 133 133.6 134.1 135.5 139.4 148.2 153.4 158.4 160.8 161.6 163.9 165.4 167.3 169 172.2 187.5 197.1 200 202.8 205.6 211.1 218 224.1 227.9 235.3 242.7 252.9 266.7 285 304.3 317.3 330.6 343.2 360.8 380.7 392.7 400.7 408.2
1.4 21.3 22.1 22.2 21.2 16.2 11.4 12.2 12.5 12.7 13.1 11.8 13.8 15.2 21.6 25.6 27.8 29.7 36 46.9 50.8 46.7 50.2 58.2 66.4 75 79.3 80.5 82 84.7 87.6 87.1 87.4 87.8 88.7 90.8 96.8 99.3 101.6 109.9 119.4 124.9 129.5 133.4 134.2 135.1 136.1 137.2 139.9 147.4 152.6 157.1 158.7 159.9 162.9 163.3 165.6 169.4 177.4 186.6 198.7 201.3 203.3 205.1 209.8 218.2 222.9 227.7 234.7 244 255.6 270.9 292.8 308.8 322.7 335.7 351 366.4 391.9 406.3 415.5 422.5
20 22 22.4 22.4 21.7 16.3 11.9 12.4 12.9 13.2 13.4 13.9 14.2 16.1 23 27.4 28 30.4 37.6 44.5 52.2 51.7 49.9 51 62 70.2 77.1 79.7 81.3 83.1 85.4 86.1 86.5 87.1 88.5 90 94.8 98.6 101.6 109.5 116.7 122.3 125.8 129.9 133.3 135.6 137.1 138.5 143.5 153.4 157.9 159.8 159.8 161.3 162.4 163.7 167 171.4 176.1 186.6 196.8 201.2 203.4 204.4 208.6 215.7 221.4 226.5 235.9 245.6 257.3 276.6 294.9 311.8 328.2 341.1 358.4 373.5 402.3 431.2 440.1 440.1
20.4 22.5 22.7 22.5 22.1 16.7 12.1 12.1 13 13.2 13.5 14.4 13.9 15.7 16.5 22.1 33.9 31.3 36.4 45.3 52.6 54 53.9 57.5 57.9 63.9 73 77.7 79.9 83.4 84 85 85.6 86.2 88.1 90.3 94 96.8 101.5 109 115 120.3 124.1 127.4 131.8 134.4 136.9 139.8 144.5 152.6 162.3 166 165.1 166.3 165.4 168.5 169.6 173 176.4 184.6 194.3 197.9 200.9 202.1 207.7 214.6 220 227.2 238.3 247.1 258 280 298.3 316.5 333.6 349.3 369.9 385.1 413.2 451 463 469.6
17.6 22.7 23.2 22.8 21.8 17.2 11.2 11.9 12.7 13.3 13.8 14.6 15.2 15.9 16.9 17.4 20.3 30.1 44.3 50 54.5 55.6 57.4 62.1 65.1 65.5 67 71.6 80.2 82.2 82.6 83.7 84.4 85.7 87.6 90.3 93.9 96.7 99.2 108.2 114.4 119.4 123.1 126.1 129.6 133.5 136.6 141.6 145.3 152.2 162.2 167.8 167.8 168.3 168.7 169.2 171.8 174.1 178.7 186.7 194.9 195.7 196.3 198 204.5 212.1 218.2 226.3 237.5 247.4 261.6 284.4 303.5 321.1 339.2 358.2 379.5 397.5 418.4 456.7 476.2 491.6
3.1 22 23.2 22.7 21.9 17.7 12.5 12 12.6 13.3 14 14.8 15.3 16.4 18.1 19.2 19.7 22.1 33 48.8 57.1 60.3 61.8 65.6 67.1 69.1 72.8 75 74.2 81.8 82.7 82.6 83.5 85.5 87.7 90.8 93.9 95.9 97.5 106.2 112.9 118.6 122.3 125.4 128.5 132.1 136.8 142.9 147.1 152 159.8 166.4 168.4 169.5 169.8 170.8 172 175.3 179.9 186.7 196.4 195.2 193.9 195.6 200 208.3 215.9 225.3 235.2 245.8 264.6 289.1 307.1 324.2 343.2 363.6 386.4 406.8 419.9 455.2 472.7 493.5
2.8 20.8 22.1 23.5 22 18.4 14 11.5 12.4 13 13.9 14.8 16 17.8 19.6 23.3 27.5 30.6 27.3 40.1 50.1 60.4 66 68.6 70.1 70.9 73.9 76.8 79.1 83.3 84.9 84.3 83.7 84.9 87.5 90.2 92.8 95.4 96.6 100.5 112.1 119 122 125.1 128.3 131.5 135.1 141.8 148.1 152.4 158.7 165.3 168.3 169.9 172.3 174.4 174.4 175.7 179.6 186.8 194.7 194 192.9 194.3 197.9 205 215.8 225.1 233.5 245.9 267 293.1 309.7 324.1 342.9 365.7 390 414.9 428.4 446.4 469.9 492
-0.6 19 21.8 23.7 22.3 19.1 15.4 11 11.8 12.8 13.6 14.5 15.2 16.8 20 24.3 28.6 36.5 35.3 32.1 39.3 46 59.3 65.6 71.1 71.9 75 77.7 80.2 83 86.1 85.7 85.2 84.4 86.3 88.7 91.4 94.4 96.2 98.9 108 117 120.6 125.1 128.4 131.6 134.7 140.9 147.7 152.9 158.7 164.5 167.5 169.6 172.3 176.4 176.7 175.8 179 184.2 192.9 192.1 191.8 193.3 197.5 206.2 216.9 227.3 234.6 246 269 295.2 311.1 323.9 340 362.3 386.8 411.2 431.6 444.9 467.3 483.3
-0.6 1.4 21.3 23.4 22.9 20.3 16.2 11.9 11 12.2 13.2 14.1 14.6 15.8 20.5 24 28.8 37 40.1 30 34.7 41.2 49.5 60.3 66.8 72.5 75.5 78.8 81.3 83.9 86.3 87.7 87.1 86.7 87.5 88.7 92.9 95.4 96.3 101.2 106.5 114.7 119.1 123.9 128.6 131.8 134.9 139.7 146.6 153.7 159.6 164.2 166.9 169.1 171.6 177.6 179.5 178.8 179.8 183.9 189.3 191 191.7 193.8 198.7 207.2 217.5 227.8 236.6 247.3 271.2 293.6 308.6 320.5 334.3 352.1 377.2 402.4 422.4 436.7 456.9 471.7
-0.6 1.6 20.1 23 23.7 21.7 16.9 12 11 11.9 13 14.1 14.8 15.5 17.5 24.2 29.4 36.1 41 37.8 26.9 41.5 46.4 53.8 63.5 68.9 73.9 78 80.4 82.3 85.5 89.2 89.1 88.5 89.3 90.1 92.4 95.5 98.7 104.3 108.9 113.8 117.8 122.6 127.5 132 135.1 139.5 146.2 154.6 160.1 164 165.8 167.6 173.1 180.9 183 180.4 180.2 184.6 190.4 191.2 192.3 194.9 199 206.4 216.4 228.1 236.8 246.2 269.5 288 303.3 313.8 326.4 340.8 364.4 392 412.1 423.9 436.4 452.7
