app/static/ascii/NR56.asc
ncols 200
nrows 200
xllcorner 150000
yllcorner 660000
cellsize 50
[rows 38 to 75 of 200, columns 0 to 84 of 200]
385.9 381.7 379.1 386.1 398.2 393.9 385.8 364.8 348.2 334.7 324.4 312.1 304 297 289.3 281.8 277.2 272.6 269 260.8 249 242.6 236.2 229.9 222.5 212.8 201.1 191.7 179.6 168.8 157.9 150.7 146.2 139.9 133.5 127.1 118.6 109.6 99.3 89 81 75.1 67.4 56.6 56.6 54.4 52.6 50.9 49.1 46.1 42.3 33.1 23.5 18.6 14.4 11.8 9.3 6.7 4.3 1.6 -0.1 -0.1 -0.1 -0.1 -0.1 -0.1 -0.1 -0.1 -0.1 -0.1 -0.1 -0.1 -0.1 -0.1 -0.1 -0.1 -0.1 -0.1 -0.1 -0.1 -0.1 -0.1 -0.1 -0.1 -0.1
389.4 384.6 388.6 398.7 392.3 388.6 374.7 355.4 337 321.1 313.8 306.6 299.4 292.4 285.9 278.4 271.6 267 262.8 257.6 246.5 240.1 233.7 227.3 220.9 212.6 202.8 191.3 181.1 172.3 160.7 149.9 146.4 140 133.6 125.1 114.8 104.5 94.2 85.1 78.1 73.8 66.2 65.8 62.3 59.1 57.4 55.6 53.8 50.3 44.2 34.6 25 18.5 14.1 10.5 8.1 5.6 3 -0.1 -0.1 -0.1 -0.1 -0.1 -0.1 -0.1 -0.1 -0.1 -0.1 -0.1 -0.1 -0.1 -0.1 -0.1 -0.1 -0.1 -0.1 -0.1 -0.1 -0.1 -0.1 -0.1 -0.1 -0.1 -0.1
390.2 398.3 400.3 388.3 379.4 372 361.2 336.7 324 316.4 309.2 301.9 294.7 287.8 281.3 274.9 267.6 261.4 256.8 253.9 244 237.6 231.2 224.8 218.4 212 202.8 192.9 181.4 170.5 161.8 152.6 146.4 140 130.3 120.1 109.8 99.5 89.4 81.3 77 75.5 73.3 70.5 68 63.9 62.1 60.4 58.4 54.6 45.7 36.1 26.5 18.4 14 9.7 6.8 4.4 1.9 -0.1 -0.1 -0.1 -0.1 -0.1 -0.1 -0.1 -0.1 -0.1 -0.1 -0.1 -0.1 -0.1 -0.1 -0.1 -0.1 -0.1 -0.1 -0.1 -0.1 -0.1 -0.1 -0.1 -0.1 -0.1 -0.1
396.7 402 391.3 379.8 370.7 359.9 340.7 332.9 324 312 304.5 297.3 290 283.2 276.7 270.2 264.1 257 251.2 248.2 241.5 235.1 228.7 222.3 215.9 209.5 202.4 192.9 183 171.6 160.2 151.1 145 136.4 126 115.4 104.7 94.4 85.4 82.3 80.5 78.5 76.5 75.5 72.6 68.8 66.9 65.1 62.6 56.8 47.2 37.6 27.9 18.3 13.9 9.5 5.6 3.2 0.9 -0.1 -0.1 -0.1 -0.1 -0.1 -0.1 -0.1 -0.1 -0.1 -0.1 -0.1 -0.1 -0.1 -0.1 -0.1 -0.1 -0.1 -0.1 -0.1 -0.1 -0.1 -0.1 -0.1 -0.1 -0.1 -0.1
387.2 387.9 382.7 369.4 358.1 343.7 336.8 328.9 320.5 311.4 300 292.6 285.4 278.6 272.1 265.6 259.2 253.2 246.8 241.7 238.9 232.5 226.1 219.7 213.3 206.9 200.6 192.6 183.1 173.1 167.9 150.9 142.2 134.7 124.2 113.7 103.3 91.8 87.2 85 83.5 81.5 79.4 79 77.4 74.4 71.6 69.8 66.8 58.3 48.7 39 29.4 19.8 13.8 9.4 5.1 1.9 -0.1 -0.1 -0.1 -0.1 -0.1 -0.1 -0.1 -0.1 -0.1 -0.1 -0.1 -0.1 -0.1 -0.1 -0.1 -0.1 -0.1 -0.1 -0.1 -0.1 -0.1 -0.1 -0.1 -0.1 -0.1 -0.1 -0.1
373 373.7 374.5 361.1 347.7 337.5 330.6 323.8 317 309.3 298 288 280.7 274 267.5 261.1 254.6 248.1 246.5 252.7 242.2 232.5 223.1 217.3 211.5 205.7 199.9 194.1 191 176.9 166.7 153.3 139.5 132.9 122.5 112 102.1 92.7 89.9 88.1 85.8 84.5 82.5 81.6 81.2 79.4 76.4 74.6 69.4 59.8 50.1 40.5 30.9 21.3 13.7 9.3 5 0.8 -0.1 -0.1 -0.1 -0.1 -0.1 -0.1 -0.1 -0.1 -0.1 -0.1 -0.1 -0.1 -0.1 -0.1 -0.1 -0.1 -0.1 -0.1 -0.1 -0.1 -0.1 -0.1 5.9 2.9 -0.1 -0.1 -0.1
362.9 362.1 360.8 353.4 338.1 331.3 324.5 317.6 310.8 304 297.1 289.3 276.1 269.4 262.9 256.9 250.9 245 258.8 250.6 240.6 233 225.5 216.6 207.1 201.3 195.5 188 181.5 171 161.7 152.5 138.7 131.2 120.7 110.8 99.9 94.5 92.7 90.9 89 87.2 85.4 84 84.1 84 81.1 79.1 70.9 61.2 51.6 42 32.4 22.8 13.6 9.2 4.9 0.5 -0.1 -0.1 -0.1 -0.1 -0.1 -0.1 -0.1 -0.1 -0.1 -0.1 -0.1 -0.1 -0.1 -0.1 -0.1 -0.1 -0.1 -0.1 -0.1 -0.1 8 17.3 12.7 -0.1 -0.1 -0.1 -0.1
353.2 353.6 351 342.2 334.9 327.6 320.3 313.3 306.2 299.2 292.1 285.1 278 269.8 263.6 257.4 250.4 254 257 246.6 236.8 229.2 221.7 214.1 206.6 199 191.2 181.9 172.6 166.1 156.8 147.5 138.2 128.6 119.4 109.8 100.3 97.2 95.4 93.6 91.8 89.8 88.4 86.5 86.6 86.5 86.2 82 72.3 62.7 53.1 43.5 33.9 24.3 14.7 9.2 3 -0.1 -0.1 -0.1 -0.1 -0.1 -0.1 -0.1 -0.1 -0.1 -0.1 -0.1 -0.1 -0.1 -0.1 -0.1 -0.1 -0.1 -0.1 -0.1 0.7 5.3 16.1 17 -0.1 -0.1 -0.1 -0.1 -0.1
347.4 343.5 338.8 334 328.3 322.6 316.9 310.2 302.9 295.8 288.7 281.7 274.6 269.9 262 254.2 250.3 262.6 254.1 242.3 233 225.4 217.9 210.3 202.8 193.9 184.6 175.5 167.7 160.5 151.3 141.9 132.6 126.1 118.8 108.1 102 100 98.2 96.4 94.5 92.7 90.7 89.4 89.1 89.3 89.1 82.4 73 63.7 54.4 45 35.4 25.8 16.2 7.1 0.7 -0.1 -0.1 -0.1 -0.1 -0.1 -0.1 -0.1 -0.1 -0.1 -0.1 -0.1 -0.1 -0.1 -0.1 -0.1 -0.1 -0.1 -0.1 -0.1 6.2 13.6 14.6 8.5 -0.1 -0.1 -0.1 -0.1 -0.1
345.1 334.7 322.8 325.2 319.5 313.8 308.1 302.4 296.7 291 285.3 278.2 271.2 265 260.8 258 259.4 261.1 249.9 237.8 229.2 221.6 214 204.7 195.3 186 176.6 168.1 159.7 152.5 143.6 134.3 129.6 123.8 117.6 107.9 104.6 102.7 100.9 99.1 97.3 95.5 93.7 92.2 91.6 91.8 91.1 80.2 70.8 60.6 50.6 40.7 31.2 21.9 15.4 3.1 -0.1 -0.1 -0.1 -0.1 -0.1 -0.1 -0.1 -0.1 -0.1 -0.1 -0.1 -0.1 -0.1 -0.1 -0.1 -0.1 -0.1 -0.1 -0.1 -0.1 13.6 13.9 14.4 -0.1 -0.1 -0.1 -0.1 -0.1 -0.1
330.7 317 312.7 316.2 310.7 305 299.3 293.6 287.9 282.2 276.5 270.8 265.1 260.2 254.5 250.8 247.1 242.4 238.5 230.4 224.7 215.4 206.1 196.7 187.4 178 168.7 159.7 151.8 144.5 136 131.6 127.1 122.2 116.1 108.8 106.5 104.9 103.3 101.6 99.9 98.2 96.4 94.6 95.4 101.2 91.1 80.2 69.2 58.9 49 38.8 28.6 20 6.9 0.9 -0.1 -0.1 -0.1 -0.1 -0.1 -0.1 -0.1 -0.1 -0.1 -0.1 -0.1 -0.1 -0.1 -0.1 -0.1 -0.1 -0.1 -0.1 -0.1 5.8 14.4 12.7 4.9 -0.1 -0.1 -0.1 -0.1 -0.1 -0.1
312.1 302.1 302.6 306.9 301.9 296.2 290.5 284.8 279.1 273.4 267.7 262 259.4 254.8 248.1 241.2 234.3 229.1 221.3 217.8 210.4 206.1 197.9 188.8 179.5 170.1 160.8 151.4 144 136.5 132.9 129.3 125 120.2 115.1 111.6 108.4 105.8 103.1 100.5 98.9 97.7 96.2 100.8 109.2 99.2 89.1 79.1 68.9 58.2 47.3 37.4 27.2 14 3.7 0.9 -0.1 -0.1 -0.1 -0.1 -0.1 -0.1 -0.1 -0.1 -0.1 -0.1 -0.1 -0.1 -0.1 -0.1 -0.1 -0.1 -0.1 -0.1 -0.1 15.3 14.1 6.6 -0.1 -0.1 -0.1 -0.1 -0.1 -0.1 -0.1
295.9 292 292.5 297.7 293.1 287.4 281.7 276 270.3 264.6 258.9 256.7 254.2 248.9 243 236.1 229.2 222.3 213.9 207.9 202 192.8 187.4 180.1 171.2 162.2 152.8 143.5 135.8 131.9 128.9 125.8 122.9 118.6 115.7 113.1 109.7 106.9 105.1 102.6 100 97.5 94.9 106.8 102.4 93.3 84.2 76 67 56.9 46.7 36.2 24.3 9.2 2.6 -0.1 -0.1 -0.1 -0.1 -0.1 -0.1 -0.1 -0.1 -0.1 -0.1 -0.1 -0.1 -0.1 -0.1 -0.1 -0.1 -0.1 -0.1 -0.1 16.3 21.4 9 3.1 -0.1 -0.1 -0.1 -0.1 -0.1 -0.1 -0.1
281.4 281.9 282.4 288.5 284.3 278.6 272.9 267.2 261.5 255.8 254 252.1 248.1 243.1 237.9 231 224 217.1 208.3 198.5 192.4 185.7 175.2 168.7 162.3 153.4 144.4 135.4 129.9 127.7 124.8 121.8 118.9 118.7 116.1 113.4 110.2 106.8 103.9 102 99.2 99 97.8 97.5 96 88.8 79.8 70.7 61.6 52.6 43.5 34.4 21 5.6 0.9 -0.1 -0.1 -0.1 -0.1 -0.1 -0.1 -0.1 -0.1 -0.1 -0.1 -0.1 -0.1 -0.1 -0.1 -0.1 -0.1 -0.1 -0.1 6.8 24.4 14.4 4.5 -0.1 -0.1 -0.1 -0.1 -0.1 -0.1 -0.1 -0.1
271.3 271.8 272.7 279.2 275.5 269.8 264.1 258.4 252.7 251.3 249.4 247.5 242.2 237.2 232.2 225.8 218.9 212 203.2 192.4 183 176.8 168.1 157.5 150 144 135.5 127.1 125.4 123.4 120.8 117.9 118.4 119.1 116.6 114 111 107.5 104 100.6 97.1 93.6 90.2 88.9 86.8 84.4 75.3 66.2 57.2 48.1 39 30.5 20 6.5 -0.1 -0.1 -0.1 -0.1 -0.1 -0.1 -0.1 -0.1 -0.1 -0.1 -0.1 -0.1 -0.1 -0.1 -0.1 -0.1 -0.1 -0.1 -0.1 7.8 18.1 5.6 -0.1 -0.1 -0.1 -0.1 -0.1 -0.1 -0.1 -0.1 -0.1
261.2 261.7 263.4 270 266.7 261 255.3 249.6 248.1 246.8 244.9 243 236.4 231.4 226.3 220.7 213.8 206.9 198.1 186.4 177 167.6 160.9 150.4 139.9 131.3 123.3 122.4 121 119.2 117.3 117.3 118.1 118.9 118 114 109.7 105.8 100.9 96 91.1 87.3 85.3 79.8 78.1 76 70.8 61.8 52.7 43.7 34.6 26.5 16.9 6.9 -0.1 -0.1 -0.1 -0.1 -0.1 -0.1 -0.1 -0.1 -0.1 -0.1 -0.1 -0.1 -0.1 -0.1 -0.1 -0.1 -0.1 -0.1 -0.1 13.8 12.8 -0.1 -0.1 -0.1 -0.1 -0.1 -0.1 -0.1 -0.1 -0.1 -0.1
248.6 251.6 254.2 260.7 257.9 252.2 246.5 244.9 244.1 242.2 240.3 235.6 230.6 225.5 220.5 215.5 208.7 201.7 192.9 180.8 171 161.6 152.2 143.4 132.2 122.8 119 117.9 116.6 114.9 115.3 115.8 116.7 118 118.5 108.5 103.3 98.3 93.4 88.5 83.6 82.9 80.8 75.4 69.5 67.2 65.2 57.3 48.3 39.2 30.1 22.4 12.9 5.1 -0.1 -0.1 -0.1 -0.1 -0.1 -0.1 -0.1 -0.1 -0.1 -0.1 -0.1 -0.1 -0.1 -0.1 -0.1 -0.1 -0.1 -0.1 -0.1 16.4 6 -0.1 -0.1 -0.1 -0.1 -0.1 -0.1 -0.1 -0.1 -0.1 -0.1
234 241.5 245 251.5 249.1 243.3 241.7 241.4 239.5 237.6 235.7 229.7 224.7 219.7 214.7 209.6 203.5 196.6 187.7 175.7 164.9 155.5 146.1 138.4 128.3 121 116.3 113.8 112.5 112.5 112.8 113.3 114.3 113.2 111.3 102.4 95.8 90.8 85.9 81 79.5 78.2 76.1 72.3 65.3 59.1 56.2 52.9 43.8 34.7 27.4 18.4 10.6 3.3 -0.1 -0.1 -0.1 -0.1 -0.1 -0.1 -0.1 -0.1 -0.1 -0.1 -0.1 -0.1 -0.1 -0.1 -0.1 -0.1 -0.1 -0.1 -0.1 13.8 0.6 -0.1 -0.1 -0.1 -0.1 -0.1 -0.1 -0.1 -0.1 -0.1 -0.1
234 234 235.8 242.3 240.2 238.6 238.7 236.8 234.9 233 231.1 223.9 218.9 213.8 208.8 203.8 198.4 191.5 182.5 170.6 158.9 149.5 140.5 132.2 123.3 117.1 112.9 109.7 109.9 110.1 110.4 110.7 111.6 111.6 105.4 95.1 88.2 83.3 78.4 74.8 75.5 73.5 71.4 68.8 62.6 55.2 48.8 45.3 39.3 30.3 23.9 15.8 8.6 3 -0.1 -0.1 -0.1 -0.1 -0.1 -0.1 -0.1 -0.1 -0.1 -0.1 -0.1 -0.1 -0.1 -0.1 -0.1 -0.1 -0.1 -0.1 5.2 1.4 -0.1 -0.1 -0.1 -0.1 -0.1 -0.1 -0.1 -0.1 -0.1 -0.1 -0.1
234.9 236.2 237.2 234.4 235.4 236 234.1 232.2 230.3 228.4 224 218 213 208 203 197.9 192.9 186.3 177.2 165.4 153.3 140.3 128.3 120 115.4 111.7 109.7 105.9 107.3 107.8 108 108.8 106.9 104.1 99.3 88.1 80.7 75.8 70.9 71.7 70.8 68.8 66.7 64.6 59.3 52.3 45 38.6 34.5 26.4 20.3 14.2 10.6 4.7 -0.1 -0.1 -0.1 -0.1 -0.1 -0.1 -0.1 -0.1 -0.1 -0.1 -0.1 -0.1 -0.1 -0.1 -0.1 -0.1 -0.1 -0.1 -0.1 -0.1 -0.1 -0.1 -0.1 -0.1 -0.1 -0.1 -0.1 -0.1 -0.1 -0.1 -0.1
254.8 244.4 242 238 233 231.4 229.5 227.7 225.8 223.9 217.2 212.2 207.2 202.1 197.1 192.1 187.1 181.2 172 160.3 147.8 134.9 131.6 127.8 120.1 113.8 107.5 104.1 104.7 105.3 105.1 99.1 94.6 91.9 86.3 81.8 72.6 68.3 67 68.2 66.1 64 62 59.9 55.8 49.8 42.2 34.9 28.4 19.9 14.9 14.8 10.9 3.1 -0.1 -0.1 -0.1 -0.1 -0.1 -0.1 -0.1 -0.1 -0.1 -0.1 -0.1 -0.1 -0.1 -0.1 -0.1 -0.1 -0.1 0.9 -0.1 -0.1 -0.1 -0.1 -0.1 -0.1 -0.1 -0.1 -0.1 -0.1 -0.1 -0.1 -0.1
261 253.9 245.5 237.5 231 229.9 225.9 223.1 221.2 219.3 211.4 206.4 201.3 196.3 191.3 186.2 181.2 176.1 166.8 155.8 151.7 146.4 139 132.6 126.3 120 113.6 107.2 100.8 100.5 98.8 96.9 85.5 79.7 75 68.6 64.1 62.3 63.9 63.4 61.4 59.3 57.3 55.2 52.3 46.3 39.3 31.4 27.6 24.8 22.2 18.6 12.8 8 5.5 -0.1 -0.1 -0.1 -0.1 -0.1 -0.1 -0.1 -0.1 -0.1 -0.1 -0.1 -0.1 -0.1 -0.1 -0.1 -0.1 -0.1 -0.1 -0.1 -0.1 -0.1 -0.1 -0.1 -0.1 -0.1 -0.1 -0.1 -0.1 -0.1 -0.1
259.9 254.9 249.9 243.1 235 227.7 226.3 224.1 216.6 213.1 205.5 200.5 195.5 190.5 185.4 180.4 175.4 170.3 167.5 164.3 152 142.5 135.5 129.3 123.1 116.9 110.7 104.5 98.3 98.5 93 94.7 84.5 72.8 64.9 60.8 60.8 60.8 61.8 59.1 56.7 54.6 52.5 50.5 48.4 42.8 36.2 36.3 33 31.9 33.5 21.9 15.9 11.6 7.1 3.4 1.7 2.6 -0.1 -0.1 -0.1 -0.1 -0.1 -0.1 -0.1 -0.1 -0.1 -0.1 -0.1 -0.1 -0.1 -0.1 -0.1 -0.1 -0.1 -0.1 -0.1 -0.1 -0.1 -0.1 -0.1 -0.1 -0.1 -0.1 -0.1
261.1 256 250.9 245.9 240.8 233.1 232.9 204.7 209.6 206.6 198.2 193 187.8 182.6 177.4 172.2 171.4 174.5 171.4 158.9 145.7 137.2 131.8 124.7 118.5 112.3 106 99.8 93.6 95.2 96.2 89.4 83.8 69.3 60.8 60.8 60.8 60.8 60.1 57.7 55.6 53.4 51 48.3 45.4 38.2 40.1 39.8 39.4 44.7 37.5 28 18.2 12.8 5.2 6.7 4.9 4.8 3.1 -0.1 -0.1 -0.1 -0.1 -0.1 -0.1 -0.1 -0.1 -0.1 -0.1 -0.1 -0.1 -0.1 -0.1 -0.1 -0.1 -0.1 -0.1 -0.1 -0.1 -0.1 -0.1 -0.1 -0.1 -0.1 -0.1
264.5 259.1 253.8 248.4 242.1 234.7 224.4 204.7 184.7 191 187.8 183.5 178.3 177.3 177.3 175.9 173.6 172 164.9 152.5 139.4 131.9 126.5 120.1 113.8 107.6 101.4 95.2 89.2 91.9 90.8 87.1 70.4 62.9 60.8 60.8 60.8 61.4 58 55.9 54 51.7 49.7 47.5 46.7 53.9 49.4 46 51.8 45.4 39.4 30 22.3 10.9 16 15.9 15.6 16.2 6.4 -0.1 -0.1 -0.1 -0.1 -0.1 -0.1 -0.1 -0.1 -0.1 -0.1 -0.1 -0.1 -0.1 -0.1 -0.1 -0.1 -0.1 -0.1 -0.1 -0.1 -0.1 -0.1 -0.1 -0.1 -0.1 -0.1
266.2 258.9 251.5 244.1 236.8 229.4 218.1 198.3 184.1 179.4 173.9 160.7 166.6 170.7 168 165.3 162.8 163.2 157.6 146.2 133.2 126.7 121.2 115.8 109.2 103 96.8 90.6 85.9 88.5 85.8 79.8 78.6 64.1 62.4 61.3 63.4 60.7 58.3 54.7 51.3 49.4 47.8 42.8 53.8 54.2 50.9 55.8 52.8 47.9 40.6 31.8 21.9 21.8 23.2 23.5 23.7 21 8.1 -0.1 -0.1 -0.1 -0.1 -0.1 -0.1 -0.1 -0.1 -0.1 -0.1 -0.1 -0.1 -0.1 -0.1 -0.1 -0.1 -0.1 -0.1 -0.1 -0.1 -0.1 -0.1 -0.1 -0.1 -0.1 -0.1
259.7 252.4 245.1 240.9 232.5 223 213.3 201.2 190 181.6 172.7 169.1 148.5 138 156.9 154.2 154.6 154.5 150.3 139.8 127.1 121.4 115.9 110.5 105 98.4 92.2 86 82.6 83 80.4 76.3 75.1 67.7 64.1 66.3 63.2 60.2 57.5 55.2 51.7 48.2 44.6 50.8 53.9 53.3 52.8 54.2 51.9 48.1 40.6 31.2 19.1 28.9 31.3 31.6 29 24.5 11.6 -0.1 -0.1 -0.1 -0.1 -0.1 -0.1 -0.1 -0.1 -0.1 -0.1 -0.1 -0.1 -0.1 -0.1 -0.1 -0.1 -0.1 -0.1 -0.1 -0.1 -0.1 -0.1 -0.1 -0.1 -0.1 -0.1
258.9 254.1 244.6 235 225.5 215.9 206.2 196.7 189.5 182.2 172.8 164.4 154.6 137.3 134.9 144.8 147 145.7 142.1 133.5 121.6 116.1 110.7 105.2 99.8 93.8 87.6 81.4 79.2 78.3 74.4 72.9 71.7 70.4 67.1 64.9 62.7 60.1 57 54.3 52 48.6 49.6 51.6 53 54.4 55.9 52.2 48.4 44.5 40.4 31.4 26.4 36.1 37.6 37.9 33.3 28.2 19 5.6 2.9 1.2 2.5 -0.1 -0.1 -0.1 -0.1 -0.1 -0.1 -0.1 -0.1 -0.1 -0.1 -0.1 -0.1 -0.1 -0.1 -0.1 -0.1 -0.1 -0.1 -0.1 -0.1 -0.1 -0.1
256.7 247 237.2 227.5 217.8 208.9 201.6 194 187.2 180.1 172.4 164.7 155.9 145.4 127.8 136.8 139.2 137 134.2 127.1 116.3 110.9 105.4 99.9 94.5 89 82.9 76.7 75.2 73.8 70.7 69.4 68.2 67 65.6 63.4 61.3 59.1 57 53.9 51.3 48.8 50.5 51.6 52.2 52.8 53.4 51.9 47.8 43.6 39.4 31.6 36.8 41.1 43.1 42.9 39.8 36.7 33.3 18 11.6 10.7 -0.1 -0.1 -0.1 -0.1 -0.1 -0.1 -0.1 -0.1 -0.1 -0.1 -0.1 -0.1 -0.1 -0.1 -0.1 -0.1 -0.1 -0.1 -0.1 -0.1 -0.1 -0.1 -0.1
250.1 240.4 230.7 220.9 217.2 207.7 200 192.4 184.8 177.7 171.1 163.3 154.8 148.1 140.6 113.5 130.4 128.2 126 120.6 111 105.6 100.1 94.7 89.2 83.7 78.3 72.1 70 68.7 67.2 66 65.3 64.9 64.4 62.2 60 57.7 55.5 53.3 50.7 49.3 48.5 49.1 49.7 50.3 50.9 51.1 47.6 43.7 39.5 28.5 43.9 45.2 45.2 45.9 45.6 43.3 39.9 38.6 24.6 17.1 -0.1 -0.1 -0.1 -0.1 -0.1 -0.1 -0.1 -0.1 -0.1 -0.1 -0.1 -0.1 -0.1 -0.1 -0.1 -0.1 -0.1 -0.1 -0.1 -0.1 -0.1 -0.1 -0.1
243.6 233.8 228.9 223.3 213.7 206 198.4 190.8 183.2 175.6 168.4 161.6 154.2 144 137.3 128.7 104.4 119.4 117.4 114 105.8 100.3 94.8 89.4 83.9 78.5 73 67.5 65.8 65 64.2 63.8 63.3 62.6 62.5 61 58.8 56.5 54.3 52.1 50.4 49.4 48.4 47.4 47.2 47.8 48.4 49 46.9 43.4 38.1 39.5 44.2 44 43.8 43.6 45.1 47.9 46.8 54.5 25.4 8.4 -0.1 -0.1 -0.1 -0.1 -0.1 -0.1 -0.1 -0.1 -0.1 -0.1 -0.1 -0.1 -0.1 -0.1 -0.1 -0.1 -0.1 -0.1 -0.1 -0.1 -0.1 -0.1 -0.1
240 237.9 229.4 219.7 212 204.4 196.8 189.2 181.6 174 166.4 159 152.3 142.5 135.2 128.4 119.9 99.3 99.4 93.6 100.4 95.9 90.6 85.3 80.1 74.8 69.5 66.8 65.6 65.1 62.2 61.7 61.5 60.4 60.9 59.8 57.6 55.3 53.1 51.6 50.2 49.4 48.4 47.4 46.5 45.4 45.9 46.5 46 42.8 40.9 44.5 43.7 42.9 42.3 42.1 41.9 44.3 48.9 40 23.5 9.1 -0.1 -0.1 -0.1 -0.1 -0.1 -0.1 -0.1 -0.1 -0.1 -0.1 -0.1 -0.1 -0.1 -0.1 -0.1 -0.1 -0.1 -0.1 -0.1 -0.1 -0.1 -0.1 -0.1
246.8 235.6 225.7 218 210.4 202.8 195.2 187.6 180 172.4 164.8 157.2 149.6 140.5 134 126.4 118.9 112.7 106.9 98.9 92.4 88.8 85 80.3 75.5 70.7 69.2 66.9 65.7 64.3 62.3 61 59.9 58.4 59 58.6 56.4 54.2 52.9 51.4 50.1 49.4 48.4 47.4 46.4 45.5 44.5 43.5 44.4 41.6 45.1 44.4 43.6 42.8 42.1 41.3 40.5 40.3 43.5 32.5 26.4 21.2 11.7 -0.1 -0.1 -0.1 -0.1 -0.1 -0.1 -0.1 -0.1 -0.1 -0.1 -0.1 -0.1 -0.1 -0.1 -0.1 -0.1 -0.1 -0.1 -0.1 -0.1 -0.1 -0.1
241.7 231.7 224 216.4 208.8 201.2 193.6 186 178.4 170.6 163.4 155.8 146.6 137 132.8 124.2 116.9 110.3 103.6 97.1 83.5 80.5 77 73.4 71.4 72.4 68.7 67.6 67.1 65.4 63 61 59.6 58.2 58.1 56.6 55.3 54.2 52.7 51.2 50 49.3 48.4 47.3 46.4 45.4 44.5 43.5 41.2 45.8 45.4 44.9 44.4 43.8 42.4 41.3 40.5 39.7 38.9 34.8 32.4 24.9 14.5 4.8 -0.1 -0.1 -0.1 -0.1 -0.1 -0.1 -0.1 -0.1 -0.1 -0.1 -0.1 -0.1 -0.1 -0.1 -0.1 -0.1 -0.1 -0.1 -0.1 -0.1 -0.1
237.7 230.1 222.4 214.8 207.6 200.7 193.7 186.3 178.7 170.6 161 151.3 141.7 131.8 128.5 121 114.3 107.2 100.5 94.1 85.4 79.3 76 73.4 74.2 71.2 68.5 68.2 67.7 66.6 64 62.4 61.3 58.7 57.4 56.3 55.4 53.9 52.4 50.9 49.9 49.2 48.3 47.3 46.3 45.4 44.4 43.3 44.6 44.3 44 45.2 44.6 44.1 43.6 43 42.5 42 40.7 41.6 36.3 24.3 11.2 -0.1 -0.1 -0.1 -0.1 -0.1 -0.1 -0.1 -0.1 -0.1 -0.1 -0.1 -0.1 -0.1 -0.1 -0.1 -0.1 -0.1 -0.1 -0.1 -0.1 -0.1 -0.1
237.9 231 224 216.7 209.1 201.5 193.9 184.9 175.3 165.7 156 146.4 136.8 126.7 123.4 116.3 110.1 103.5 97.8 91.7 84.7 79.6 75.8 76.9 77 71.6 71.8 71.1 71.4 68 65.7 64.3 62.6 59 57.5 56.4 54.7 53.4 52.2 50.7 49.7 49.2 48.3 47.3 46.3 45.3 44.4 43.9 43 42.8 42.5 42.2 43.4 44.5 44 43.5 42.9 42.4 41.8 40.5 35.8 22.1 10.6 -0.1 -0.1 -0.1 -0.1 -0.1 -0.1 -0.1 -0.1 -0.1 -0.1 -0.1 -0.1 -0.1 -0.1 -0.1 -0.1 -0.1 -0.1 -0.1 -0.1 -0.1 -0.1
239.6 232 224.4 216.8 208.8 199.2 189.6 180 170.3 160.7 151.1 141.5 131.9 121.9 118.3 111.6 105.8 99.4 93.8 89.2 83.9 78.7 79 80.7 77.9 73.4 77.2 76.4 73.2 68.7 66.1 64.6 62.5 60.4 58.2 56.5 55.4 53.8 52.5 50.3 49.3 49.1 48.1 46.6 45.5 44.4 43.6 44.3 43.2 42.1 41 40.6 40.4 40.1 43.1 43.9 43.3 42.8 42.3 40 33.1 21.4 7.5 -0.1 -0.1 -0.1 -0.1 -0.1 -0.1 -0.1 -0.1 -0.1 -0.1 -0.1 -0.1 -0.1 -0.1 -0.1 -0.1 -0.1 -0.1 -0.1 -0.1 -0.1 -0.1
239.7 232.1 223.1 213.5 203.9 194.3 184.7 175 165.4 155.8 146.2 136.6 126.9 117.2 113.1 106.9 101.4 95.2 89.6 85.4 80.8 79.1 85.3 89.5 78.3 73.9 77.8 76.1 72.7 69.5 66.6 65 62.2 59.7 57.2 55.9 55.1 54 52.6 51.4 50.6 50.1 48.8 47.4 46.5 44.8 45.8 44.7 43.6 42.5 41.4 40.2 39.1 38.5 38.2 39.4 42.8 43.2 42.7 41.4 32.4 19.8 7.1 -0.1 -0.1 -0.1 -0.1 -0.1 -0.1 -0.1 -0.1 -0.1 -0.1 -0.1 -0.1 -0.1 -0.1 -0.1 -0.1 -0.1 -0.1 -0.1 -0.1 -0.1 -0.1
