app/static/ascii/NR57.asc
ncols 200
nrows 200
xllcorner 150000
yllcorner 670000
cellsize 50
[rows 144 to 179 of 200, columns 0 to 80 of 200]
438.5 425.9 408.7 392.7 378 360.2 343.8 327.8 311.4 296.3 282 265.9 252.4 247.2 238.1 228.5 227.7 228.1 221 221.4 222.2 224.6 225.8 226.4 227.6 229.5 233.9 238 242.2 248.3 253.2 253.8 255.3 255.7 252.2 248.7 246.1 246.4 247.7 246 244.8 244.5 241.8 238.7 236.7 234.8 233.7 233.4 233.2 233.3 232.8 229.6 224.5 218.8 211.9 205.7 201.9 196.7 193.4 189.4 185.3 180.4 178.2 176 171.1 166.9 164.9 163.7 161.8 161.2 160.3 160.7 159.8 157.4 153.4 148.7 141.2 129.4 114.7 100 87
431 424.8 405 391.6 377.9 360.8 343.8 329.4 313.8 299.6 285.8 270.5 258.1 253.7 243.7 238.3 235.8 231.3 230 228.3 228.8 232.9 233 230.4 232.6 237.5 241.3 247.1 253.4 260.2 262.9 264.6 266.6 265.2 259.6 255 251.3 250.1 250.5 249.1 247.3 245.5 241.7 238.6 236.1 234.5 234.3 234.4 233.6 233.6 232.8 230 227.1 218 209.1 202 199.6 197.4 194.6 190.9 186.6 182.4 180.4 177.5 171.7 169.5 168.6 167.6 166.5 166.6 166.5 165.1 163.9 160.4 155.5 150.3 142.6 132.4 117.1 100 87.2
431 416.2 402.1 390.4 374.4 358.8 343.5 330.5 314.6 300.9 288.7 272.4 265.4 259.9 250.6 242 239.9 234.5 240.7 241.1 238.4 244.3 241.3 240.7 245 248.9 253.5 258.6 264.6 271 272.5 273.4 273.9 272.8 267 258.8 254.4 252.7 251 249.8 246.9 244.4 240.3 235 230.7 230.2 227.5 229.8 230.7 231.6 228.8 227.8 224.6 215.8 205.3 196 193.9 193.8 192.4 189 185.7 182.1 178.8 176 171.8 170.3 169.2 168.7 168.4 168.9 169.2 168.3 165.8 161.5 157.1 151.3 142.6 132 117.4 98.2 84.3
426 412.7 401.4 391.2 377 361.4 345.5 330.4 313.8 298.6 289.4 278.1 271.8 262.8 253.7 249.3 242.4 246.7 248.9 248.2 252.3 253.6 255.6 261 261 263 267.4 273 278.1 281.6 283.3 285.5 285.6 280.9 271.7 261.6 255.9 253.9 251.5 250.6 245.5 240.9 235.4 229.5 223.6 219.5 217 218.1 223.7 223.7 222.2 221.1 218.5 211 201.5 190.4 187.8 188.3 189 186.5 183.8 180.6 177 173 170.1 169.3 167.8 168.4 169 169.2 169 168 165.5 162 158.1 152.5 142.1 129.2 112.8 97.1 85.4
424.1 411.8 397.9 390.2 378 362 346.5 328.3 310.7 298.7 288.1 277.7 273.1 261.5 258.8 256.8 253 253.2 256 259.8 259.8 264.2 271.6 274.5 277.1 283.4 284.6 287.6 293 294.2 295.6 294.8 293.7 286.8 275.6 264.5 256.9 254 250.3 248.8 243 236.8 229.4 222.5 214.5 209.6 205.5 206.3 211.8 212.9 211.8 212.6 210.1 205.8 196 185.6 180.7 181.3 182.8 183.3 181.5 178.8 173.9 169.4 166.1 165.8 165.9 167.4 168.1 169 168.6 167.4 164.7 162.1 157.9 151.6 140.6 125.4 109.7 96.8 82.7
415.2 404 392.5 383.4 373.2 356.8 338.2 322.6 308.8 297.8 285.3 278.3 274.8 267.1 264 262 260.7 261.4 265.1 266.7 269.2 277.4 280.2 286.6 295.4 298.8 300.1 302.1 308.1 309.4 306.3 304.3 300.9 291.5 279.2 268.5 260.3 253.1 246.5 243 237.1 232 224.3 214.7 206.2 199 195.7 197 199.7 201.4 200.9 202.1 200.7 196.9 189.5 178.2 173.4 174.5 175.8 177.3 178.3 176.2 171 165.5 161.2 162 164.4 166.4 167.3 168.3 167.9 166.7 164.3 161.7 157.6 148.8 137.3 122.3 107.8 96.8 78.4
411.5 401.6 389 376.4 362.2 346.4 331.8 318.6 307.6 294.7 284.8 282 276.2 268.3 268.3 267.2 268.5 271.1 272 275.2 282.4 284.7 288.9 298.6 306.6 311 312.9 311.4 315.6 317.8 312.8 311 304.6 294.6 280.9 270.2 260.3 250.1 241.6 235 228.8 224.1 215.8 206.8 197.7 190.3 187.3 185.9 187.9 189.1 190.3 190.4 190.1 186.8 181.5 172.2 167.2 167.6 168.5 170.1 172.5 171.4 167.8 161.8 158.1 160.4 162.7 165.4 166.5 167.1 166.8 165.5 163.5 161.1 156.2 145.6 133.4 118.5 107.5 91.6 75.5
408.7 397.3 386.6 373.2 356.3 342.5 328.4 316.2 300.8 290.1 286.4 287.5 276.2 271 269.7 272.2 275.7 277 277.8 283.7 286.8 290.8 296.7 307.1 314.1 320.1 317.6 318 319.5 319.5 314 314.1 306.4 294.7 278.3 269.3 257.4 248.8 238.5 228.1 219.8 213 207 197.9 189.5 182.9 178.2 176.2 176.8 179 179.5 179.6 178.5 177.1 172.5 165.3 162.3 162.3 161.5 164.3 166.8 166.1 163.6 157.8 156.1 158.5 161.5 164.4 165.8 165.8 165.8 164.3 162.5 159.7 154.2 144.3 127.7 113.2 101.6 85.2 68.9
404.2 389.5 378.4 365.6 352 339.6 328 309.3 298.7 293.3 290.2 284.8 278.5 275.3 273.4 277.1 281.7 282.6 285.4 287.8 289.4 293 300.9 309.9 316.8 321.2 317.7 319.7 318.3 316.1 310.2 306.9 304.2 291 275.9 266.1 253.9 243.6 233.3 221 210.4 203.2 196.8 189.6 181.9 175.8 171.2 168.4 167.1 168.5 168.9 169.2 167.8 166.6 163.8 159 154.5 157.4 157.3 158.8 160.7 160.8 158.4 154.2 153.4 157.2 161 163.6 165 165 164.4 162.8 160 156.2 152 140.6 123.9 107.3 93.6 78.8 63.6
404.2 388.1 376.4 369.8 352.9 337.4 325.4 314.5 305.4 298 291.7 286.5 281.8 278.3 275.8 281.5 283.4 288.2 289.5 290.9 292.2 294.8 302.5 311.7 318.8 318.2 318.8 319.2 314 310.8 305.2 296.8 292.9 280.3 269.8 259 247.7 238.7 228.2 214.5 204.3 197.2 190.3 183 175.5 169.2 164.7 161.3 160.3 160.8 159.8 159.5 158.2 156.9 155.5 154.4 147.2 149 152.5 153.1 154.9 154.3 153.9 152 151.8 156.1 159.7 162.7 164.4 164.3 162.7 160.4 156.2 152.1 145.4 136.3 120.8 103.4 85.9 71.2 58.4
402.7 384.8 379.3 366.4 346.6 335.3 325.6 310.9 307.5 299.7 291.9 286.5 285.8 278.3 279.7 285.2 288.4 291.6 292.6 293.3 292.4 292.1 302.6 312.4 321.8 317.8 317.8 316.5 307.9 304.2 299.4 286.2 280.1 271.4 262.8 252.9 244 235.4 223.9 210.9 199.6 193 185.8 178.2 171.8 166.6 163.5 160 157 154 153.1 151.2 150.6 149.9 148.7 147.5 144.1 145.2 146.7 147.7 149.5 150.4 149.8 149.1 150.4 154.4 158.7 160.8 162.6 163.6 161.6 157.6 152 145.6 137.4 128.8 116.6 101.5 81.4 66.1 53
395.4 386 373.2 359 351.9 341 323 308.5 303.1 297 291.5 289.2 288.2 278.8 284.3 287.9 290.5 294.4 293.3 294.7 292.1 294.5 302.8 313.5 319.6 318.9 314.1 311.8 303.7 298.7 291.8 277.9 272.9 265.4 260.1 251.9 243.2 233.2 221.7 209 198.9 192 184 177.5 172.5 168.5 163.8 159.4 153.5 152.1 147.8 146.6 145.4 145.3 144.7 144 141.8 141.2 142.1 143.9 145.6 146.1 145.5 145.9 148.8 151.9 155.9 159.4 161 162.5 160.3 155.3 146.3 138.2 129.8 122.6 113.8 94.4 76.8 60.6 49
383.2 378.7 371.8 369.1 352.9 335.1 319 310.4 305.2 298.8 292.8 289.9 286.1 283.1 294.2 288.5 291.1 294 296.1 295.1 297.1 298.2 305.8 314.6 316.3 315.6 310.8 304.3 297.2 294.2 286 272.3 267 263.3 257.6 251.2 243.3 232.6 222.1 209.6 200.8 194.1 187.9 182.9 177.7 171.4 165.4 158.5 153.6 148.4 145.8 142.6 141.5 141.4 141.1 140.8 139.2 137.5 138.1 140 140.8 141.4 142.1 144.7 147.3 149.1 153 156.5 159.7 161.1 159.9 154.2 146.3 135 123.8 116.5 105.4 87.8 71.5 57.8 46.5
375.2 388.5 379.8 365.5 348.8 331.2 318.3 309.9 307.8 296.4 294.6 292.6 283.3 290 294.6 292.9 295.4 300.2 304 303.2 305.4 307 312.9 315.6 315.8 313.5 308.6 299.3 293.4 288.3 280.4 270.1 266.4 262.7 258.5 253 246.8 239.2 227.8 215.1 207.1 202.3 195.9 189 181.2 173.8 165.3 157.3 152 146.1 142 139.8 137.3 138.1 138.3 138.2 137.9 136.9 136 138 137.6 136.2 139.5 143 145.6 147.2 150 153.5 157.4 159.3 157.3 152.7 145.3 135.1 124.2 109.4 95.3 81.8 73 60 44.3
381.5 378.5 374.7 353.5 341.3 331.2 319.5 310.4 307.8 299.3 295.8 292.6 287.8 298.5 298.1 299.7 303.8 313.9 317.7 312.3 316.2 318.9 321.6 320.7 318.6 312.4 304.5 294.2 288 283.1 276.5 270.4 267.1 263.7 259.8 256.3 252 245.1 235.8 224.1 216.1 210.8 204.1 196.1 186.8 175.4 165.5 157.2 150.7 145.4 139.3 135.7 135.3 135.6 135.8 135.7 135.6 133.6 133.9 133.9 133 133.7 137.2 140.7 142.5 144.5 147.1 151.2 155 156.5 154.9 150.8 142 134.6 119.9 102.3 87.1 72.8 62.7 55.5 45.6
383.2 369.2 363.7 349 340.7 329.1 317.3 312.2 310 300.7 294.6 290.9 292.6 299.5 304.3 307.6 310.3 323.5 318 320.9 324 327.9 327.8 325.5 320.2 311.5 303 292.8 285.3 279.4 275 272 268.5 264.9 261.4 259.5 255.4 250.8 243.4 234.1 227.2 220 211.8 203.2 191.7 178.1 166.8 157.2 149.9 143.7 137.3 132.4 131.3 131.7 132 132.3 132.7 132.2 132.1 129.7 127.8 131.1 134.9 137.9 139.6 141.5 144.3 147.8 151.3 153.3 152.6 147.5 139.5 127.5 112.4 95 80.2 66.6 57.2 52 46.9
373.8 367.1 361.2 348.1 338.2 325.1 312.2 310.2 310.2 296 294 293.1 298.4 308.1 315.1 311.9 317.7 324.5 328.7 331.2 337.3 333.8 333.6 327.4 320.3 311.3 302.4 296.4 287.9 280 277.4 274.6 271.8 268.8 267 263.5 258 253.6 249.4 240.6 234.3 227.2 218.4 210 197.5 182.5 169.6 157.7 148.6 142.3 136 127.8 128.1 127.3 127.9 128.4 128.8 128.1 127.8 125.6 125.1 129.2 132.7 135.3 137.1 139.2 142 144.8 147.3 148.6 150.2 148.1 134.7 120.9 104 88.1 73.4 63.5 57.8 52 47.9
369 366.7 348.1 343.2 328.1 322.4 309.7 308.6 307.9 294.8 293 296.2 307.7 316.5 317.1 318.1 322.6 324.6 337 341.5 341.7 338.9 337.9 330 320.5 310.9 304.4 299.5 287.7 281.6 281.7 277.4 274.8 273.3 273 268.9 260.1 254 249.6 243.8 238.9 234.1 223.2 212.5 202 187.4 171.3 158.8 147.3 141.2 135.1 126.8 123.3 123.1 123.2 123.8 123.9 124.7 123.7 122.1 124.6 127.1 129.9 132.2 134.8 136.9 139.6 141.6 141.7 141.9 144.1 145.1 129 113.9 97.5 82.4 68.7 61.4 56.6 49.6 46.3
360 349.7 342.6 328.9 328.9 317.6 311 306.9 302.6 291.5 292.8 300.2 311.2 321.3 317.6 322.7 325 329.8 339 348.5 341.6 342.7 339.1 330.1 318.8 308.8 304.7 298.9 288.8 287.1 285.8 281.3 278.9 277.7 277.4 274.4 268.5 262.2 255.7 249.3 246.2 240.6 233.2 221.8 207.2 190.8 174.5 159.7 147 140 134.4 127.8 119.6 118.1 118.6 118.6 118.4 119.6 119.6 117.7 122.6 124.7 126.9 128.7 132.1 134.7 136.6 136.4 135.9 135.2 136.5 135.3 124.7 106.8 91.6 76.8 65.8 58.9 54.2 45.9 42.5
351.2 347.6 333.1 324.4 322.5 312.2 306.4 300.4 292.5 288.1 294.3 302.2 309.3 317 318.2 321.5 325.4 330.4 337.9 346.7 341.5 338.8 339.5 328.7 315.2 308.4 307 299.6 292.6 290.4 288.8 285.9 284.4 283 281.2 278.9 274.5 269.2 263.4 256 249.5 242.9 236.4 226 212.7 196.9 178.2 160.5 146.3 138.5 133.2 127.9 121 113.4 113.9 113.3 113.2 114.2 115 115.2 117.6 119.3 121.4 123.5 127.1 130.5 132.2 131.8 130.9 130 127.9 126.3 117.5 102.1 86.5 73.6 63.1 57.2 50.7 42.1 38.4
332.7 343.6 331.6 321.2 314.7 305.2 296.9 290.5 287.7 285 293 300.2 305.9 311.3 317.1 318.9 322.5 327.9 334.2 343.1 346.1 341.6 339 327.8 315.4 310.2 308.5 300.4 295.6 294 293.1 293.7 289.3 287.9 284.9 281.2 276.1 271.2 264.7 258.1 251.1 245.7 240.3 231.3 216.9 198.4 179.3 161.3 144.7 136.2 131.1 125.6 119.9 113.3 109.6 108.5 109.8 109.2 109.8 110.4 112 114.2 115.9 118.6 121.7 125.5 127.9 127 125.9 124.7 121.6 118.6 109.8 96.5 81.9 71.2 61.9 56.2 49.9 38.4 32.5
310.6 317.7 319.6 314.5 303.6 301.2 282.8 283.1 282.8 284 290 293.8 300.7 307.2 312.5 311.9 316.7 323.8 331.6 343.2 343.4 339.3 337.7 327.8 318.9 314.9 311.4 302.7 299.3 297.8 298.5 298.1 294.8 291.3 287.8 282.5 279.2 271.7 264 260.6 255.9 250.8 244.8 232.4 215.3 196.3 176.2 159.8 144.8 133.8 129.1 123.5 117.1 110.6 104.9 103.9 103.6 103.9 104.2 106.2 108.1 109.3 110.8 113.2 116.5 120.1 123 122.2 121.1 118.9 115.4 110.1 102.2 89.4 77.5 69.3 60.8 55.9 50.6 44.2 32.4
300 309.2 308 302.3 290.3 287.5 277.2 275 276.1 279.2 282.1 284.5 291.6 298.7 305.3 306.3 312.2 318.9 327.4 336.6 335.6 336.6 333.5 326.1 320.5 317.4 311.2 304.7 300.8 299.5 298.8 296.5 294.7 293.8 290.7 284.6 280.8 274 271.4 269.4 266.3 258.4 248 234.2 214.6 192.2 170.2 154.4 141.7 130.5 126.7 120.9 114.6 108.4 102.3 99.3 99.6 99.5 100.4 100.9 102.7 104.8 106.4 108.1 111.3 114.9 117 118.2 117.5 115.3 111 103.3 95 83.7 73.7 66 58.8 53.6 51.7 47.3 30.2
285.6 292.5 294.4 286.6 276.7 273.3 271.1 266.6 267.7 270.8 272.2 274.8 282.3 289 293.6 299 306.5 314 323.1 332.9 332.5 334.7 330.9 327.6 323.7 319 313.6 308 302.6 301.6 300.8 299.2 298.4 298.2 291 284.5 277.6 275.6 277.3 273.5 267.2 259.1 249.2 233.5 213.3 190.7 167.5 149 135.2 126.5 123.3 118.6 112.4 106.6 99.9 97.1 96.9 96.8 97.2 98 98.3 100.5 103.5 104.4 106.3 108.8 110 111.8 113.6 110.6 104.9 98.2 90 81.9 73.2 64.2 55.7 50.6 45.5 38.1 26.5
260 261.9 265.9 269.7 264.8 262 259.9 255.7 258.9 259.8 260 265 272.8 280.9 283.3 290.5 296.8 304.1 314.1 326.1 327.3 328.1 333.1 326.6 324.9 317.4 312.7 307.4 304.9 305.1 303.2 300.4 294.4 289.7 283.8 278.5 275.4 274.2 275.9 272 266 257.9 246.6 230 210 188.5 165.7 146.3 134.4 124.4 118.2 116 110 103.1 98.8 96.5 94.9 95.4 95 95.1 95.5 96.7 98.5 100.3 101.6 102.8 103.4 105.9 106.3 104.9 99.9 95.4 89.8 82.6 71.4 61.7 52.9 45.1 36.1 26.7 21.5
244.2 243.8 246.9 248.7 247.5 244.9 245.1 247.4 250.7 250.5 252 255.6 262.8 271.3 277.3 286.2 291.2 297.3 307.4 310.8 319.7 322.8 330.9 326.3 322.2 316.8 313 309.8 309.9 307.5 302.4 299.6 291.7 286.8 277.7 271.1 269.5 270.3 272 269 263.2 253 240.3 224.1 205.4 183.7 162.3 145.6 133.6 124.4 115.8 111.8 106.9 99.7 95.2 94.6 94 94.1 93.8 93 93.5 93.5 94.4 96 97.2 97.6 97.4 98.7 98.9 97.2 96 93.6 86.7 79.4 69.8 58.8 50.1 41.8 31 24.4 21.5
230.5 229.5 234.6 239.7 240 239 239 241.8 244.5 246.2 248.3 251.6 256.5 262.7 271.2 278.9 284.9 294 306.4 307.6 311.1 316.5 321.9 324 317.9 316.2 313.8 312 312.3 305.6 297.4 295.2 291.6 286.3 279.9 269.6 261.5 261.9 263.3 260.3 255.1 246.2 233.9 219.3 201.8 180.4 161.2 145.6 133.6 125.3 117.1 107.8 104.4 96.9 94.2 93.8 93.3 92.7 92.2 91.8 91.2 92.1 91.9 92 92.4 92.4 92.2 92.5 91.9 92.6 92.1 89.3 83.1 75.9 67.8 57 47.6 39.2 27.9 22.5 20.5
227.9 228.4 233.3 238.6 241.6 238.5 235.6 236.9 239.2 241.9 243.9 245 251 256.9 262.3 269.7 277.6 287.4 297.6 298.7 300.7 309.3 315.2 317.2 316.3 317.2 314.4 312.8 309.5 307.7 306.1 298.1 291 284.1 276.5 264.8 256.1 251.5 252.1 250 245.8 237.6 227.3 214.4 197.4 178.9 161.5 146 135.1 128.4 119.9 112.7 103.3 94.9 93.8 93.2 92.9 92.4 91.2 90.1 89.7 89.7 89.3 88.9 88.1 86.7 86.7 86.4 87.5 88.1 86.9 83.5 77.4 72.4 64.9 54.3 44.9 34.4 25.1 21.1 18.6
220.5 219 217.5 228.8 233.4 232.3 232.5 232.4 236.4 236.7 239.7 241.9 245.5 251.2 254.4 261.7 269.3 279.2 281.6 289.6 299.2 305.4 314.3 314.5 315.9 318.6 322.5 315.1 311.2 305.5 303.9 292.1 282.7 276.2 267.7 257 248.7 241.4 238.8 237.2 235.7 228.4 219.9 208.1 193.8 177.3 160.9 147.1 138.5 130.7 122.5 114.5 108.8 98.9 95.4 93.9 92.4 92.1 92.5 91.9 91.1 86.8 84.8 85.1 84 83 82.7 83 83.3 81.5 81.2 77.9 73.6 68.8 61.5 51.8 42.4 29.6 23.8 19.5 16.6
215.3 215.2 216.3 221.4 225.5 235.4 235.9 237 245.3 246.2 244.6 246.7 247.6 248.2 253.1 258.2 267.1 275.1 281.6 289.4 295.2 299.7 305.2 308.4 312 318.2 320.1 311.4 304.4 299 295.3 283.6 271.7 264.6 256.6 247.7 238.6 230.7 227.2 225.8 222.8 217.5 209.2 199.2 188.6 174.3 159.3 148.2 141.1 132.5 122.6 115 110.7 103.8 97 95 93.4 91.5 93.4 93.4 92.1 90.3 88.2 83.1 80.4 80.1 80 79.1 78.6 76.7 74.7 72.8 69.4 65.3 58.2 49.1 39.2 26.5 21.3 17.1 14.4
212 214.1 216.9 229.3 239.4 241 239.9 243.6 251.5 254.6 254.9 251.6 250.3 250.5 254.1 263.3 266.8 274.1 280.7 286.3 289.1 292.3 297.9 300.9 304.2 310.2 313.1 306.7 299.9 290.5 286.4 275.1 262.5 253.1 244.9 237.8 228.9 221.1 215.8 214.4 212.1 207.1 199.4 190.9 181 170.1 156.9 148.4 141.9 134.3 122.8 113.9 109.3 106.7 100.6 96.4 94.4 93.5 94.1 94.6 92.9 91.1 87.5 83.9 80.9 76.6 74.7 75.4 73.9 71.7 69.5 67.6 64.3 62 55.3 45.8 34.6 23.8 19 14.6 11.9
213.4 220.4 230.3 242 247.9 245.9 243.4 252.8 257.4 262.9 259.7 253.4 251.7 253.6 264.8 272.3 276 277.2 280.4 283.4 285.9 287.9 290.4 292.8 295.6 299 303.1 300 293.9 283.4 276.9 267.2 254.7 243.5 235.6 228 220.8 213.3 205.2 205.2 204.6 201 193.3 185.3 176.5 166.3 155.5 147.8 142.8 135.8 123.4 113 108 107.1 103.2 97.2 94.5 94.7 95.5 95.3 93.9 92.2 88.1 84.9 82.4 79.5 75.8 71.6 69.4 66.5 64.2 62 59.4 56.9 50.8 41.5 29.2 21.6 16.9 12.2 9.5
225.1 238.3 244.4 252.1 251.4 246 251.9 261.3 264.1 264.2 262.1 261.6 261.1 269.7 276.8 282.2 284.5 283.2 282.9 284.6 286 287.3 288.8 289.3 290 290.1 292 291.7 286.9 276.6 268.1 259.3 248.8 239.2 229.7 223.1 215.3 208.3 203.3 199.9 198.2 195.9 192.1 184.5 176.1 166.4 158.7 151.3 144.8 138.1 128.6 115.7 109.9 107.1 104.4 100.4 96.1 96.8 96.5 95.6 94.8 92.9 89.9 86.1 83.9 80 76 71.6 67.1 62.5 57.3 58.4 55 50.6 45.1 37 24.9 19.3 11.6 9.3 8.1
232.2 241.8 248.6 253.5 255.4 259.8 266.9 270.8 272.3 275.8 279.4 282 285 288.1 289.6 291.1 291.4 287.2 287 286.6 286.8 286.7 287.3 287.9 287.9 286.2 283.8 282 279.2 273.5 263.9 257.7 247.6 237.6 229 221 214.5 207.1 201.5 198 193.8 192.6 190.8 184.6 175.8 167.2 162 156.8 150 142.9 132.4 122.6 114.7 111.1 108.3 103.4 98.8 98.2 97.1 96.2 95.2 93.8 91.5 86.8 83.1 79.7 75.2 70.7 65.1 60.7 55.2 53.9 49.4 44.7 40.1 32.1 21.4 12.2 8.7 7.6 6.4
239.2 246.9 253.6 258.8 265.1 275.8 282.1 281.8 282.4 286.3 289 292.8 297.2 299.4 301.2 301.8 300.2 296.9 292.4 290.4 289.3 289 288 287.3 287.5 286.6 284.3 279.6 275.4 269.9 263.7 256.7 247.5 237.8 230.5 223.2 214.4 205.6 200 195.2 192.9 190.5 189.7 184.9 176.8 168.7 164.1 160.2 156.9 152.1 142.1 130.9 121.4 114.2 109.4 104.8 100.8 98.9 97.7 96.3 94.6 93.1 90.7 87.1 83.1 78.5 73.9 68.9 62.6 58.9 53.8 48.1 43.2 38.5 34.6 25.6 18.8 7.8 6.6 6.2 4.5
244.3 252.5 256.6 264.7 273.5 284.8 291.3 293.9 295.4 296.2 298.4 302.4 303.1 304.9 307.9 310.2 307.1 300.3 294.1 291.3 291.5 291.1 289.5 288.1 288.2 287.6 284.1 279.5 275.6 271.5 265.6 258.9 248.5 241.4 236.3 226 214.6 204.2 198 193.2 190.5 188.2 186.3 183.5 177.6 172.4 168.1 165.1 162.9 159.4 153.7 143.2 130.9 120.3 112 104.7 101.3 98.8 97.7 94.3 94 92.5 89.9 86.2 82.2 77.2 72.3 65.7 60.1 55.4 50.1 44.6 38.9 33.3 27.6 21.5 14.4 6.7 4.6 3.7 3.6
