app/static/ascii/NR58.asc
ncols 200
nrows 200
xllcorner 150000
yllcorner 680000
cellsize 50
[rows 0 to 35 of 200, columns 81 to 161 of 200]
-0.3 -0.3 -0.3 -0.3 -0.3 -0.3 0.1 0.4 0.8 4 9.3 29.1 35.2 48 55.7 59.3 65 71.1 77 81.8 86.2 90.7 96.3 100.6 105.6 109.4 111.8 113.7 116.1 118.3 121.5 124.7 128 131.3 134.1 137.7 141.6 143.7 146.7 151.5 162.5 164.8 162.6 160.3 158.4 157.2 156.3 156.8 159.3 163.5 168.6 174.1 175.1 172.3 169.7 168 165.2 163.5 167.6 164.4 159.1 152.6 150.3 146.2 146.7 151.1 155.3 159.5 160.1 161.8 160.7 159 159.2 160.8 164.8 168.4 181.1 200.6 223.2 246.3 269.7
-0.3 -0.3 -0.3 -0.3 0.3 -0.3 0.3 0.7 2.3 8.7 30.4 34.8 45.8 54.1 59.7 64.5 69.7 75.3 80.3 84.8 88.3 93.8 99.9 104.6 107.9 109.3 110.5 112.6 114.9 117.2 121 124 127.4 130.8 132.7 136.4 140.2 144.4 148.2 152.8 158.3 162.2 163.3 162.9 161.1 159.7 159.4 161.2 165.5 169.8 174.5 178.2 180.6 181.3 176.9 175.7 173.8 170.1 169.7 166.8 163.9 161.4 158.4 155.4 161.2 164.7 171 178.5 177.3 174.2 171.3 167.8 168.5 167.8 171.7 181.7 203.4 233.2 248.9 277.8 308.2
-0.3 -0.3 -0.3 3.9 0.8 0.5 0.7 2.2 8.6 30.5 35.2 46.5 52.7 57.5 62 67.1 73.2 78.8 83.8 88.1 92.1 96.8 101.8 106 108.2 110.1 113 114.9 117 118.9 121.5 124.5 127.2 130.1 132.3 133.9 137.1 142.6 147.6 152.5 155.6 158.5 162 162 162 161.9 163.7 167.9 173.5 178.3 182.1 184.4 186.7 187.3 183.1 180.3 178.1 174.7 171.4 169 167.4 166.6 166.1 164.9 172.7 179.5 189.4 189.6 187 181.6 177.6 175.3 174.3 178.5 186.6 201.3 235.1 252.4 282.6 317.9 346.6
-0.3 0.6 6.2 4.8 8 2.3 4.9 8.4 11.3 33.9 45.7 50.8 54.5 59.5 64.2 68.6 75.1 81.5 86.8 90.3 93 97.4 101.6 105.6 108.8 111.1 115.1 118.6 120.7 122.8 125.1 127 128.8 129.3 131.6 133.3 137.9 142.3 148 153 156.2 159.3 161.2 161.7 163.4 166.7 171.8 178 183.1 186.7 188.9 190.7 192.2 190.5 188 184.2 181.7 178.4 175.2 172.7 170.3 170.8 171 171.3 180.1 187.6 194 194.1 189.6 184.9 180.9 178.1 183.1 191.1 200.8 225.5 252.1 285.4 329.5 360.4 379.1
4.4 7.9 9 15.7 14.9 10.2 10.4 13.3 28.3 41.3 49.5 53.4 57.4 61.4 65.8 69.9 75.4 81.1 86.2 89.7 93.3 97.7 101.8 104.4 107.5 112.7 117.4 121.8 124.4 126 127.4 128.9 129.9 132 136.2 141.8 144.9 147.6 149.8 152.3 156.3 159.8 161.1 161.9 164.3 170.8 179.2 187 193.5 195.9 196.6 198.1 197.1 193.9 191.8 189.4 186.3 183.4 180.9 178 176.4 177.3 177.6 175.1 183.9 191.1 196.6 196.6 192 188.4 188.3 189.9 194.7 203.8 217.7 243.5 271.5 329.1 377.4 396 407.6
9.3 11.1 13.8 20.7 23.2 12.5 28.5 21.4 39.2 43.1 48.5 53.2 57.5 61.7 65.8 69.9 74.7 79.8 84.9 89.3 94.1 98.9 101.7 104.3 108.7 113.6 117.9 122.1 124.8 126.4 127.8 129.8 132.9 139.5 146.8 153.4 156.5 156.1 155.6 154.1 154 158.7 160.1 161.7 166.8 176.1 184.9 191.9 198.8 201.9 205.2 203.8 200.5 197.7 198.9 199.9 196.8 193 189.6 187.3 186.2 186.7 187.2 182.7 185.4 192.9 197.7 196.4 193.8 196.5 198.9 202 210.8 225.8 242 266.3 317.8 372.3 403.4 420.5 421.5
18 18.7 22 24 25.8 27.6 30.8 35.3 38.8 41.7 46.7 51.8 56.6 61.1 65.2 70.5 76.2 81.9 86.3 90.5 95.5 100.3 103.4 107.1 111.5 116.4 120.7 123.4 124.9 126.7 129.1 133 139.2 146.8 154 161.1 164.1 162.4 160.6 158.6 158.5 160 162.1 165.7 171.7 181 189.5 195.4 200.1 204.6 205.7 203 203.5 208.3 213.6 214.8 211.4 207.2 203.3 200.1 197.8 196.4 195.7 192.2 193.2 195.6 198.5 200.8 204.4 207.7 210.7 216.7 229.7 254.6 271 311.8 375.1 403.3 422.3 430.8 428
22.5 22.4 24.6 26.4 28 29.9 33.5 39.4 41.4 42.6 46.5 51.9 56.7 62.5 66.2 70.7 76.7 82.9 88.2 93 97.8 102.3 106.6 111 114.4 118.7 122 123.6 124.8 126.9 131.6 137.5 144.3 150.4 156.2 158.5 162.6 164.6 163.9 163 162 162.3 166.3 171.8 177.6 185.5 192.6 195.8 199.5 201.8 201.9 204.8 212.5 224.1 231.2 226.4 222.7 221 219.9 219 213.7 208.9 205.6 201 200.8 203.7 206.9 211.3 215.2 218.3 221.3 234.4 253.7 276.8 312.4 370.2 402.5 418.8 433.9 438.2 430.9
24.4 24.3 27 28.6 30.1 32.1 36.1 38.1 39.7 42.6 46.7 52.3 58.5 64.7 69.2 73.2 78.9 84.8 90.5 96.1 101.7 106.8 111.3 114.5 117.8 120.3 122.7 124.7 125.7 130 138 143.9 149.9 156.7 162.1 163.9 165.3 167.4 168.8 168.6 166.6 166.8 170.2 176.1 182.1 187.2 190.2 193.6 196.2 199.2 205.6 216.9 224.4 236.2 235.8 233.2 236.3 235.9 242.2 245.2 239.8 226.7 218.7 211.8 215.2 220.6 221.8 223.3 225.7 230.1 237.9 250.7 280.3 304.1 354.6 389.9 409.7 429.1 441 439.6 428.6
26.5 27 29 29.7 32 34.9 36.6 38.1 40 43.7 48.6 54.7 60.9 67 72.5 76.1 81.9 88 94.3 98.6 103.5 108.5 113.4 116.9 119.8 121.9 123.3 127.7 134.8 140.4 147.3 154 159 165.1 170.6 172.1 172.1 173.4 174.8 174.4 172.1 171.7 174 177.1 182.1 187.4 190.6 191.3 193.4 200.6 210.6 219.5 230 235.4 245.7 251.9 253.7 258.4 262.7 259.7 252.4 239.3 229.3 227.3 233.4 237.5 241 243.3 242.7 249.6 261.4 285.2 301.3 325.5 360.8 390.6 415.6 431.9 438 432.3 432.4
27.2 28.3 28.9 31.8 34.7 36.7 39.7 40.2 42.8 46.1 51.2 57.2 63.3 68.7 73.4 77.6 83.5 90 95.6 99.8 105.1 109.4 113.2 116.6 119.5 121.5 126.1 132.7 140.8 148 154.5 161.8 166.4 172.3 172.7 175.4 179.9 179.1 179.5 179.1 178.1 176.4 176.8 179.8 182.3 185 188.4 190.5 192.8 203.7 216 228.6 243.1 255.9 266.9 270.5 282.3 283.2 282.2 270.6 258.5 245.5 245.1 243.2 247.4 251.9 256.8 260.6 261.5 275.4 294 307.2 309.2 329 357.2 390.1 411.5 428.4 431.5 428.6 442
29.7 31.4 32 31.8 36 38.3 39.7 40.3 43 46.2 51.7 57.1 63.1 68 72.6 78.6 85.3 90.8 95.8 100.9 105.3 109.4 112.5 116.2 119.4 125 132.4 140.1 147.1 154 161.6 171 176.1 177.3 177.9 179.7 184.5 184.9 183.1 183.2 182.9 181.3 180.5 183.6 186.1 189 191.3 191.9 197.5 209.6 221.6 234.1 250.9 265.8 277.2 291 297.6 297.3 285.8 274.3 266.9 255.6 249.9 253 256.3 259.6 267.9 277 291.1 308.6 326.7 350.5 343.6 332.9 357.3 389.3 407.1 420.3 418.5 422.4 440.9
32.7 33.1 33 33.2 36.7 38.3 38.6 39.3 41 43.7 48.4 53.7 60.9 67.6 74 80.3 86.7 92.4 97.4 102.2 107.2 110.6 113.5 117.2 124.4 133 141.9 150.4 156.3 162.6 172.4 183.4 189.7 186.1 190 190.8 190.5 191.9 189.1 188.4 187.2 185.5 185.5 187.7 189.5 192.6 197 198.8 206.7 219.1 230 240.6 255.6 270.6 284.7 298.6 299 294.3 281.5 278.7 271.5 260.5 256.9 258.4 264.1 272.8 288.2 308.6 322.6 340.5 359.9 363.8 361.2 359.1 362.9 383 402.3 413.1 412.7 427.3 439.1
33.7 33.8 34.3 35.1 35.9 39.2 42 42.8 45 52.2 57.4 62.9 68.3 72.9 76.9 81.6 87.4 93.3 99 104 109.1 112.8 117.3 123.2 131.7 140.7 151.1 159 164.5 173.5 185.8 197.5 201.4 197.2 199.2 201.8 199.8 199 198.6 199.6 196.3 192.4 191.3 193.2 194.8 197.9 202.6 208.6 215.2 225.7 237.1 248.7 260.7 269.7 289.4 300.5 292.3 286.5 281.8 283.9 274.3 262.9 261.1 264 275 293.8 319.5 323.4 337.1 361.5 369.7 373.2 375.8 384.6 389.3 394.1 402.6 407.1 410.4 430 431.7
34.8 34.8 35.9 38.2 38.4 39.7 41.6 47.6 55.5 62.3 66.9 72.9 79.2 84.6 88.6 91.3 92.3 94.5 100.2 105 109.9 115.9 122.8 129.4 138.1 148.6 157.9 166.3 172.2 184.5 199.9 208.6 210.2 207.4 209.6 211.6 208.1 205.8 208.8 209.3 205.6 202.1 198.2 198.7 201.5 206.8 213.1 219.4 226.3 235 241.6 251.5 259.1 269.7 285.8 291.4 289.1 282.8 283.7 281.6 271.2 266.3 266.4 270.7 286.3 306.1 325.4 330.8 347.9 366.4 376.3 383.8 394.3 397.6 398.9 406.8 408.9 407.5 417.6 427.6 433.5
35.1 36.5 38.1 41.9 43.9 46.6 51.2 50 58 69.7 76.8 82.8 88.8 94 96.8 97.9 98.6 97.9 100.7 105.6 111 118 126 134.8 143.8 154.3 163.1 172.2 184.3 197.7 208.5 214.2 218.2 217.9 216.7 218.5 219.8 216 217.1 217.8 215.5 210.5 205.3 205 208.6 216 224 231.2 240.9 246.3 249.4 255.3 262.1 275 284.6 285 283.2 285.2 283.8 277 270.8 271.7 273.1 277.3 291 310.4 323 342.3 359.8 374.6 386.8 400 406.1 405.8 403.4 412.3 422.3 425.8 425.3 422.2 434.3
35.9 40.1 44 47.5 47.4 53.4 58.4 64.6 65.9 77.5 84.1 89.3 94.5 98.3 100 100.8 101 101 100.2 104 112 121.7 131.2 140.1 148.4 157.6 168.6 181.4 195.7 208.3 216.4 222.3 226.6 225.6 224.5 230.1 228 225.6 226.9 228.5 226.1 219.1 212.2 212.4 216.6 225.5 233.6 245.5 252.5 254.8 256.5 261 268.2 278.8 283.9 285.6 289.8 295.7 285.7 277.4 275.3 276 278.7 282.4 292.8 307.3 327.3 351.3 363.9 375.7 392.9 404.9 412.1 413.4 409.4 418.8 435 442.5 440.3 429.2 433.3
37.1 45.3 48.4 54.3 52.5 58.6 66.1 72.8 78.3 83.6 88 92.9 96 98.3 100.3 100.6 101.2 101.7 101.6 105.9 116 126.7 136.3 145.7 154.3 163.3 175 189.1 201.6 213.5 221.6 232 232.5 228.9 228.7 233 230.2 231.6 237.3 239.9 234.7 228 219.2 218.6 221.3 229.7 240.7 251.4 257.3 259.6 262.5 267.4 275.2 280.8 283 289 297.5 295.4 286.2 281.8 280.3 280.2 282.5 287.1 294.8 312.1 340.9 353.5 364.4 377.6 395.6 404.9 413.4 413.8 407.9 421.7 443.6 448.8 444.2 446.5 452.1
39.1 42.2 45.4 47.9 51.7 65.1 72.6 78.8 83 86.8 91.2 91.9 96 98.1 100.6 100.7 101.5 102.7 102.1 109.6 119.4 130.1 140.2 150.2 159.6 168.4 179.5 192.4 204.5 214.4 222.6 234.3 238.4 229.8 227.3 228.7 227.3 228.6 234.9 239 236.3 232.7 225.7 222.6 224.3 233.9 246 252 256.4 260 265.2 273.4 279.5 280.8 282.6 288.6 294.9 294.1 288.1 285.8 283.7 284.3 285.7 289.8 296.8 314.7 344.2 354.5 367.7 383.1 396 404 411.2 408.3 405.5 425.8 445.1 450 457.3 469.5 460.9
44 49.1 51.9 62 67 68.6 77 81.5 86.2 90.6 94.4 94.6 96.7 98.5 100.7 102.9 105.1 105.7 106.4 111.3 121.6 131.3 141.4 151.1 160.4 170.2 180.8 192.1 203.4 210.3 218.8 227.4 233.2 229.7 225.1 224.3 225.3 225.4 232.3 237.5 236.8 236.5 231.3 229.1 229.4 241 251.2 253.9 255.1 259.2 267.2 274.7 277.4 276.6 280.6 287.2 291.5 288.3 286.2 288.8 284.2 284.3 287.3 290.7 299.4 315.4 337.9 354.1 367.7 384.9 391 398.5 402 398 403.9 425.7 441.5 455.6 475.3 476.4 476.3
50.6 58 63.6 68.1 72.2 57 80.7 83.6 88.5 93 95.8 97.2 97.1 99.7 102.1 104.8 107.3 109.5 111.2 116.8 123.8 131.8 140.8 150.3 159 166.7 177.7 189.5 198.6 205.4 213.2 225.3 226.2 224.7 221.1 220.4 221.9 224.9 234.6 237.5 237.1 238.8 234.8 233.5 235.7 244.3 252 256.1 257.6 261.9 268.7 275 275.6 274.5 279.8 286.6 286.5 283.4 287.6 286.2 280.7 281.3 283.6 289.7 299.7 318.9 332.1 348.4 362 378.7 383.3 387.7 388.3 386.9 398.5 419 431.9 449.8 471.3 478.3 480.6
58.2 63.1 68.1 71.7 75.3 67.7 82.3 86.7 90.7 93.5 95.1 96.1 99.1 99 103.2 105.6 108.7 111.1 115.9 120.7 127 133.8 139.9 148.2 156 164 174.1 185.4 192.2 198.2 207 217.1 218.6 220.7 217 217.5 217.9 223.8 231 233.4 234.6 235.3 233.8 233.8 237.5 245.3 251.1 256 259 264.6 268.6 271.9 272.2 275.3 278.4 282.3 281.2 282.7 289.5 280.6 274.1 275.2 280.6 289.3 301.4 319.9 328.9 338.7 353.5 365.9 369.3 375.2 374.3 376 392.6 411.3 420.8 438.6 458.2 466.2 474.4
62.5 67.9 71.9 75.8 78.5 80.8 84.3 87.8 87.8 89.1 93.2 97.1 98.4 101.9 104 106.2 110.3 114.3 120.4 125.1 129.8 134.6 138.7 145.9 153.6 160.2 169.4 180.2 184.9 190.5 199.6 207.6 212.4 214.3 210.7 211 214.7 221.3 226.7 229.5 230.4 231.4 231.3 231.8 236.9 246 250.4 254.9 259.7 264.9 267.6 266.7 270.4 273 272.8 273.5 275.6 279.6 282.1 276.9 274.1 274.1 274.1 288.7 299.5 316.6 324.6 330.2 341.2 351.7 356.2 362 359.4 364 382.5 399.3 410.6 430 441.5 448.5 458.1
66.9 71.9 75.9 79.3 81.4 83.6 86.5 89.9 92.4 95.5 98.4 101.1 101.8 101.8 105.4 107.6 112.6 118 123.5 127.4 131.1 134.8 138 144 151 158.4 167.2 173.6 178.6 184.7 193.9 201.2 205.9 207.6 204.4 206.1 215.7 221.4 223.8 225.5 225.3 226.2 228.2 230.5 235.7 243.5 248.5 253 262.4 267.1 266.6 262.3 266.8 270.3 270 266.6 268.8 272.8 274.6 274.6 276.3 275.5 276 285.3 300.4 312.6 318.9 324.6 332.7 337.9 341.4 346.1 346.5 353.9 373.9 389.8 402.2 414.8 425.4 433.3 443.6
71.4 76 79.6 82.6 84.4 86.6 89.5 92.5 95.5 98.5 100.7 103.2 104.3 105.1 104.6 109.7 114.5 120.7 125.8 129 131.6 135.6 139 144.1 150.6 158.1 165.3 168.4 171.8 178.3 187.9 194.6 199.1 202.3 201.5 205.1 213.4 218.4 219.7 220.5 219.8 219.8 226.1 231.6 234.9 240.5 245.6 252.4 263.2 267.3 263 259.4 261.8 264.8 263.8 261.5 266 266.3 265.6 268.5 272 274.8 279.1 285.4 301.9 313 316 326.4 334.6 338 333 331.2 334.1 347.2 369.8 382.4 394.3 406.3 412.4 418.3 431
74.8 79.2 82.9 85.9 87.9 90.2 93.3 96.5 99.4 102 103.9 104.9 105.7 107 109.9 108.7 117.3 122.7 125.3 128.9 132.5 137.3 142.2 146.1 148.4 155.2 161.4 164.2 166.1 170.2 178.5 185.7 192.8 197.5 198.8 202.5 209.8 213.7 215.2 215.1 214.9 219.7 229 235 234.3 237.1 241.1 252.2 260.5 261.7 258 258.7 258 258.7 256.8 256.5 261.3 262.9 263.3 265.1 267.6 271.4 276.7 286.4 301.7 310.7 316.5 329 336.4 339.8 334.4 322.8 322.8 339.5 361.8 373.7 385.6 397.1 398 399.3 407.3
77.8 81.8 85.4 88 90.5 93.3 96.2 99.1 101.7 104.1 105.2 105.8 106.6 109.1 111.9 115.5 119.9 121.3 126.8 129.9 134.7 140 145.2 147.4 148.2 152.8 158.5 160.8 162.1 165.1 170.7 178.1 185 191 194.7 197.8 203 207 210.4 210.4 213 219.4 225.3 228.2 232.1 233.2 238.8 249.5 256 256 252.1 253.1 252.4 250.9 249.7 255.8 259 260.2 260.7 261.2 262.1 268.2 274.9 286.2 304.2 310.5 318.3 329.2 335.8 337.1 331.8 327.9 322.8 334.7 349.4 360.4 373.1 383.9 380.3 380.4 388.4
79.4 83.2 86.6 89.2 90.7 92.9 96.4 100.2 102.7 104.1 104.3 104.8 105.8 108.8 113.1 117.1 121.4 125.9 129.3 131.3 136.7 141.2 144.4 145.6 147.3 150.8 156.1 160.4 161.2 164.2 167.1 173.4 180.3 187.1 190.7 192.4 198.3 204.1 203.4 203.4 210.5 216.9 216.3 221.1 227.7 227.6 236.6 242 248.6 244.9 242.8 242.9 243.4 243.4 242.8 249.5 255.3 257.3 256.9 254.4 255.3 263.6 273.6 286.3 300.2 309.2 320.4 327.1 332.7 331.5 329.1 326.8 322.5 329.7 338.5 347 356.2 366.8 361.7 364.9 370.7
78.7 83.9 86.9 89 89.5 92.1 95.4 98.8 101.6 102.3 102.1 101.6 104.6 109.3 113.7 118.2 123.2 127.9 131 133.9 137.4 140.5 140.8 144.5 146.6 149.5 151.3 154.6 158.2 162.3 165.2 169.5 175.8 182.2 186 187.3 196.5 198.3 192.7 195.6 205.3 209.4 208.9 216 221.9 222.7 230.8 235.1 236.2 233.1 232.3 234.7 234.5 233.9 232.7 241 248.9 255.1 252.3 248.4 248.2 258.9 272.2 285.5 298 311.2 319.7 324.2 327.9 328.2 327.4 326.3 323 324 329.3 335.7 340.1 343 343.6 350.3 350.8
79.8 83.5 86.5 88.3 89 91.1 94.4 96.4 98.3 97.7 94.9 99.9 105.1 109.9 114.4 118.9 123.6 127.4 130.7 135.5 139 142.5 143.9 146.3 147.3 149.4 154.4 155 158.5 160 161.7 165.3 171.1 178 180 183.8 195.8 190.6 185.6 191.2 200.3 203.1 204.3 210.2 216.5 220.6 225.3 228.3 226.8 221.7 220.9 225.2 225.4 226.1 226.6 234.5 242.3 249.1 246.1 244.3 244.9 253.9 268.8 282.8 297.2 309.6 316.3 320.5 323.3 324.2 324.3 324.9 320.2 323.7 322.9 324.5 330.8 335.5 338.4 341.2 339.9
79.2 81.9 85.2 86.9 88.2 90.4 91.4 92 92.3 88.6 90.7 99.9 105 110.3 115.1 119.3 122.2 126.2 131.6 137 139.1 143 147.2 147.3 147.8 149.8 154.3 157.7 161.7 164.2 160.4 163.1 166.2 171.9 173.8 175.2 181.2 181.7 179.4 183.3 189.5 192.1 198.1 206 210 210.8 211.7 215.2 213.7 212.3 213.1 216.8 220.6 220.5 222.5 228.2 240 245.3 243.3 244.4 245.8 250.9 266.7 281.5 296 307.3 313.1 317.2 318.4 318.9 319.9 321.4 317.1 323 324.4 322 329.2 332.7 334.4 336.3 335.7
76.9 78.6 82.2 85.7 86.3 86.6 87 87.7 86.4 92.8 96.3 101 105.7 110.5 115.7 118.2 120.9 125.4 132.8 136.6 142.7 147.8 149.6 148.9 151 156 155.2 157.5 162 162.3 162.2 163.6 166 167.4 168 169.5 170.9 172.4 172.6 177.5 182.2 183.9 192.6 201.9 202.9 203 202.4 203.7 204.5 205.6 208 213.3 215.5 217.6 221.3 229.4 241.5 239.3 241.2 242.9 246 248.6 265.7 281.2 291.8 305 306.6 309.6 312.9 313.5 314.4 315.9 311.4 316.2 319.4 319.5 323.8 330.2 329.6 331.3 330.3
73.3 76 79 82 83.8 83.8 84.9 84.1 89.7 93.6 97.6 103.4 108.3 113.6 116.4 118.8 122.9 129.9 136.8 144.3 151.7 154.9 152.4 153 158.8 163.3 159.7 158.2 160.5 162.7 164.3 167.2 171.1 173.6 172.3 171 169.5 171.4 172.3 173.6 176.4 180.4 187.8 195.4 196.8 197.3 197.4 198.4 200.9 205.2 208.7 212.4 215 217.6 221.7 231.4 236.1 240.6 245.2 248.4 247.3 252 269.6 280.1 291.1 298.5 299.8 302.8 306.9 309.4 310.9 310.2 306 306 312.9 318.2 320.4 324.8 326.4 327 324.6
70.1 73.7 75.8 77.9 80.3 82 83.1 82.3 89.7 93.6 99.2 105.7 112 116.3 118.5 123 130.8 138.2 145.7 153.5 162.3 161.3 161 165.9 168.6 169.5 168.3 167.2 166.6 167.4 166.3 169.5 174.2 177.1 178.3 178.4 174.7 172.7 172.9 174 176.1 177.4 182.1 192.1 194.8 195.2 196.5 198.3 201.9 207.4 211.5 210.8 215.1 217.7 221.4 232.2 238.9 242.6 250.7 254.8 253.4 254.3 265.7 282.2 287.3 291.8 294.2 299.8 304.9 306.4 308.9 306 306 306 307.6 314.3 317.5 319 321.4 323.4 323.5
69.5 70.4 71.8 71.8 75.3 76.9 78.2 83 89.4 95.1 100.8 107.4 114.7 118.8 122.2 130.7 139 146.8 156 165.1 168.7 169.6 176.2 180.3 179.4 179.8 176.6 175.5 172.4 169.6 170.8 173.7 178.1 180.2 183.4 183.7 180.1 178.7 177.9 178.8 180.7 188.6 194.7 199.6 199.9 197.5 196.6 200 204.9 208.3 211.4 215.7 219.7 224.7 231.8 236.6 245 251 264.3 261.9 259.1 257.8 265.9 283.1 287.3 289.7 297.1 302.9 305.7 307.3 306 306 306 306.7 316.9 316.1 317 315.3 317.4 319.7 323
64.1 66.5 68.9 72.9 76.1 78.7 81 84.2 89.1 94.9 100.5 107.9 115.4 123.1 127.5 135.8 144.2 152.8 161.8 169.7 174.8 181.3 188.4 192.4 189.8 185.3 180.7 175.4 172.6 170.9 176.4 180.6 181.3 182 185.6 188.9 188.6 188.7 189.9 190.7 195 203.5 211.2 213.7 207.8 203.5 201.3 203.3 209.2 211.7 212.4 217 223.1 233.1 244.8 252.7 254 262.4 269.2 269.5 265.8 264.1 275 281.3 286.9 292.3 304.6 307.7 308 312 306 306 306 314.2 319.5 318.9 315.3 317.6 315.4 315.4 319.4
