app/static/ascii/NR60.asc
ncols 200
nrows 200
xllcorner 160000
yllcorner 600000
cellsize 50
[rows 38 to 75 of 200, columns 0 to 83 of 200]
360.8 362.5 363.1 364.5 367.6 362.4 350.7 340.7 332.8 326.2 320.4 314.1 311.4 308.2 306.6 305.8 304.9 304.3 304 301.4 300.4 302.4 306 308.6 301 297.2 301 311 313.2 313.4 327.3 326.5 320.8 323.2 321.1 320.5 311.8 299 292.5 291.8 289.6 285.4 283.2 280.5 276 271.4 269.7 267.4 259.3 260.1 264.7 262.4 265.7 267.1 267.2 269.8 271.6 268.4 263.8 253.6 244.5 235.9 240.3 232.6 226.9 225.8 223.8 214.7 211.9 205.2 195.6 183.8 170.7 154.8 159.9 162.2 167.7 176.7 189.2 199.5 213.8 223.9 226.5 229
372.1 367.6 365.2 363.3 354.9 352.3 348.7 341.5 335.5 328.9 323.1 317.6 313.3 310.4 304.6 303.2 304.1 300.6 304 303.9 299.3 298.9 301.9 303.1 302.5 293.7 299.4 302.2 296.6 300.8 307.1 319.8 318.1 315.8 316.7 316.2 307.8 301.3 289.1 288 289.3 287.2 285.6 284.6 285.3 279.3 272.6 268.3 264.8 260.1 258.9 259.3 256.9 256.4 267.2 259.1 261 263.1 253.3 245.6 240.5 233.3 237.1 233.8 227.6 228.5 223.9 216.3 215.3 209.4 199 191.1 176.9 163.8 155.2 148.6 154.5 161.5 173.5 184.7 200.6 215.8 221.4 225.9
383.3 378.4 371.2 368.4 356.2 348.9 345.9 343.2 339.3 334 327.2 319.5 314.1 309.5 305 299.3 301 297.5 294.8 298 294.7 302.1 304.6 303.2 300 294.3 284.3 285.2 286 293 302.1 303 308.6 311.4 319.2 310.7 303.3 295.4 286.1 282.2 283.6 286.6 285.9 282.1 284.5 282.7 276.4 270.4 265.7 263.4 254.1 253.6 251.7 247.1 252.9 254 254.1 248.1 245 238.4 235.4 226 233 233.1 230.8 230.5 226.5 219 217.1 211.2 203.4 200.9 191.3 176.5 164.1 152.2 140.7 149.1 158.7 172.7 187.3 203.4 214.8 220.3
392 382.4 371.6 364.2 349.5 346 346 342.6 340.2 337.9 332.1 323.6 316.3 310.7 305.2 300.5 294.7 296.2 294.8 288.4 287.1 293.8 299.6 302.3 300.1 300.9 293.9 278.9 276.8 285 294.3 296.7 300.1 312 313.4 306.8 296.1 286.4 277.2 274.9 277.1 281.6 283.8 280.4 279.5 280.3 279.9 274.9 270 266.9 261.8 256.3 248.4 242.7 234.3 244.5 249.8 242.2 236.6 226.9 224.2 224.8 233.1 229.7 233.9 233.9 226.9 223.2 218.5 213 207.8 203.7 200.9 193 172.8 162 146.3 133.6 146.6 158 171.5 188.3 201.9 213.8
400.7 386.3 376.1 366.4 344.1 343.4 345.3 342 338.5 336.5 335.6 331.2 320.7 313.5 308.2 302.9 297.7 292 287.1 284.2 282.6 286.2 286.5 293 296.4 294.6 290.4 279.9 275.6 272.9 281.8 290 290.5 295.6 299.4 290.2 287.9 277.3 274.7 270.1 266.9 275.8 277.3 277.4 278 277 278.7 275.4 276.3 276.1 275 270.7 265.3 249.6 241.9 231.3 234.6 233.6 230.7 221.5 216.4 223.4 224.9 226 226.9 230.5 228.8 229.5 222.7 216.1 213.4 212.9 203 194.8 179 167.5 152 136.2 131.7 143.9 154.1 171.2 187.4 203.6
399.6 393.4 379.8 374.8 344.4 341.8 341.9 341.3 336.2 333.8 332.8 330.1 324.2 315.7 310.5 305.4 301.3 297 291.6 285.8 281.4 276 277.9 280.9 283.7 284.2 278.6 273.6 273.9 271.2 270.3 273.3 277 279.9 280.1 276.7 273.8 273.5 269.1 268.8 258.9 257.8 267.6 270.7 273 275.3 275.7 275.2 278.5 281.5 282.1 282.5 279.1 266 256.2 246.2 228.5 220.5 223.4 215.2 215.6 213.9 219.6 221.8 225.1 223.4 226.3 228.8 228.2 218.6 217 216.1 205.8 196.7 183.6 169.4 155.3 142 123.7 133.6 142.3 154.4 169.8 189.9
386.1 380.3 378.3 368.8 348.1 342.4 339.9 341 334.3 331 329.4 326.5 323.2 315.6 311.5 307.6 304.2 300.5 296.1 290.8 283.2 277.4 270.6 272.2 273.6 272.9 271.2 271.8 273.7 274.3 272.5 265.9 263.1 265.9 262 263.8 263.9 262.5 259.8 256.8 250.7 248.3 253 259.1 264.2 270.6 273.6 274.3 276.5 281.1 283.6 283.2 283.4 276.8 271.5 257.7 242.7 219.5 209.2 209.5 211.8 208.2 213 216.4 219 219.9 223.2 222.3 224.5 221.5 212.9 212.9 208.6 194.3 187.3 174.3 160.1 147.4 131.9 115.5 132.1 140.8 158 173.8
378.4 372.9 367 357.2 353.1 347.3 339.4 337.7 336.8 329.6 327.2 323 320.5 316.6 310.3 305.3 302.3 299.5 297.1 293.3 286.7 278 270.8 264.5 265.8 263.9 266.3 268 270.5 273.4 276.1 272.4 264.2 252.7 257.6 254.3 251.4 251.4 250.2 245.7 245.1 249.6 243.7 250.5 253.2 259.5 266.5 270.4 273.5 277.8 277.4 279.3 282.1 277.9 273.8 263.1 248.1 234.6 217.3 206.7 208 203 206.9 209.8 210.5 213.4 217.6 216.4 216.5 218.9 212.4 209.5 203.4 193 187.6 176.1 163.2 156.1 138.8 120.8 121.3 132.2 145.8 156.8
367.6 365.3 362.1 359.2 360.5 348.6 342.1 338.1 333 324.4 322.6 322.9 321.5 317.9 309.1 303.5 300.7 298.1 295.9 294.2 289.3 285 279.2 269.7 264 258.5 261.1 263.5 267.1 270.8 273.3 271.6 266.4 259.4 247.2 246.1 239.9 240.8 241 239.1 238.3 240.7 239.9 241.3 244 247.6 257.4 261.5 266 271.8 274.6 274.3 274.7 275.4 273.8 264.3 252.6 242.3 225.6 208.4 201.9 198.6 200.9 202.5 202.9 205.1 207.5 208 213.5 212.7 210.1 210.9 207.8 193.7 185.7 177.6 170.7 155.6 144.1 125.4 108.2 122.7 134.3 147.3
361.6 363 361.8 363.4 368.4 356.3 345.9 343.2 340 336.2 324.4 318.2 315.7 315.6 310.5 303.7 303.5 302 301.1 298.9 294.2 289.6 284.8 278.4 270.2 259.3 253.3 258.8 262.1 265.7 269.5 269.6 265.8 258.4 248.5 242.4 245.5 233.9 228.3 227.2 229.6 227.6 236 232.7 235.1 236.9 242.7 249.3 256 264.7 269.6 269.7 270 271.6 272.6 263.6 252.6 240.7 226.4 210.6 204.7 196.9 196.8 197 197.5 199 200.5 202.2 205.1 205.1 202.6 202.9 201.9 194.1 182.3 176.2 170.9 153.7 145.3 126.2 105.1 120.4 131.5 150.7
362.2 363.5 363.2 363.8 369.2 365.1 356.2 349.7 349.7 346.1 334.8 323.5 318.3 314.8 309.7 309.6 309.6 308 308 305.7 299.2 293.2 288.2 281.5 276 266.9 254.4 252.7 258.1 260.3 262 261.6 261.2 255.3 247.3 240 234.6 232.4 228.7 215.5 215.9 218.3 222.7 225.6 225.6 225.2 231.7 236.9 242.8 250.3 257.8 265.2 265.6 267.3 267.4 262.4 249.2 237.3 227.4 214.7 203 197.4 196 192.1 190.9 190.4 191.8 191.2 191.5 196.9 194.4 188.2 194.3 191.8 179.5 172.3 169.7 153 138 124.9 105 115.6 126.4 134.1
365.2 371.6 364.7 368.9 369 369.9 365.1 358.2 358.1 361.1 360.9 348.7 330.8 328.6 327 322.9 318 313.4 310.3 310.8 303.9 300.1 292.5 285.2 278.8 273.6 263.2 251.3 246.8 251.1 249.9 248.4 248.4 247.5 243.3 237.9 216.3 224.6 223.3 216.2 201.5 200.6 206.5 216.9 213.9 208.6 216.3 222.9 229.1 236.1 243.2 249.9 256.4 259.9 260.5 257.1 244.2 235.5 227.3 217.6 209.8 199.4 198.7 195.1 187.7 185.2 185.2 184.8 184.3 186.1 189.5 180.3 178.6 184.3 178.4 167.7 165.2 148.2 132.5 122.5 103.1 111 124.5 137.2
372.1 372.4 370.1 378.2 374.5 376 373.2 371.4 363.9 364.5 370.7 362.8 341.4 336.1 336.9 341.1 327.7 320.8 313.1 310.9 306.4 301.7 296.2 289.6 282.2 277.3 270.5 263.4 255.3 242.7 236.4 228.1 227.6 229.3 227.3 220 212.2 209.3 204.1 200.9 197 189 191.1 198.2 195.4 195.2 202.6 209 215.4 221.8 228.1 234.5 240 244.8 249.9 249.7 243.3 235.5 229.4 221.3 211.8 204 198.3 193.9 188.9 186.7 181.4 178.8 178.9 175 176.7 170.6 165.8 164 163.6 161.2 159.4 145.6 128.2 115.2 101.5 104.7 124.3 137.2
366.5 375 382.6 378.1 377.9 381.4 381.7 374.6 370.5 368.9 365.5 362.4 348 343.7 342.9 344 344.6 336.8 321.9 315.9 309 303.9 298.4 293.3 286.9 281.7 278.1 272 264.8 257.5 249.9 241.4 231.5 222.5 207.7 196.5 188.8 180.5 188.3 181.6 179 173.2 174.9 177.4 182 182 185.1 194.7 202 208.1 213.9 220.7 227.8 233.2 238.7 240.7 240.1 238.4 234 227.9 218.5 211 204.2 199.8 194.3 190.7 185.7 181.1 171.5 162.3 164.8 160.8 153.4 152.3 147.9 150.8 151 141.6 124.4 110.4 99.6 102.5 123.2 135.6
359 371.2 381.3 376.4 380.7 382.5 380.6 368.7 368 368.5 366.9 359.6 361.1 356.5 347.3 348.4 349.9 347.6 330.6 325.5 317.7 310.4 304.2 299.6 291.7 286.4 283.5 280 276.5 267.9 257.7 247.9 242.7 236.1 228 216.7 200.2 188 175.9 169.2 163.2 160.6 158.7 159.8 159 163.9 172.8 179.4 187.4 194.8 200.3 208.6 217.5 225.6 231.5 233.9 239 242.7 240.1 235.2 230 220 210.3 206.1 200.8 196.9 191.5 185 176.5 163.1 148.9 147.3 142.2 145.6 135.7 137.6 138.2 135 119 106.9 93.3 103.5 121.6 131
352.5 367.2 369 373.2 378.8 380 376.9 364.4 364.7 364.2 363.6 356.2 358.2 354.1 353.5 351 347.6 344.8 332.7 329.9 324.1 316.2 304.8 303 296.3 291.5 288.3 287 284.5 280.9 273.8 262.6 254.8 247.1 240.3 233.5 221.6 205.4 190.8 180.9 175.7 169.1 160.3 150.1 140.6 146.9 158.7 165.9 172.3 179.8 187.1 195.6 204.9 214.2 220.6 226.7 234.2 240.8 242.7 239.3 234.8 227.4 220.8 214.8 208.6 199 196.4 189.4 179 168.1 156.4 138.4 128.9 124 122.7 119.8 120.2 123.9 115.3 101.4 89.2 107.4 116.3 115.9
342.7 353.5 367 367.7 372.2 375.8 369.9 357.7 352.6 353.2 348 352.8 354 351.7 349.8 355.3 348.9 340.5 335.8 334.7 326 317.4 308 301.3 294.9 292.4 291.6 290.7 290.9 288.5 282.3 275.4 267.4 259.4 253 244.7 232.9 223.5 210.6 201.3 192.6 184.4 174.1 165.1 150.5 135.8 144 149.5 159.1 167.2 174.2 183.1 192.5 204.5 213.4 221 228.1 237.4 239.4 238.6 238.1 233.6 225.6 223.3 216.1 206 199.4 192.2 182.2 172.9 160.9 145.2 135.3 127.2 114 103.3 106.1 108.2 107.4 95.4 91.5 106.6 106.3 105
350.9 360.1 364.3 368 370 375 368.3 353.9 343 340 338.6 341.3 350.2 344.1 334.4 337.7 339.9 332.4 336.6 336.8 331.2 322 313 308.5 300.6 294.3 292.5 291.9 292.7 294.5 288.8 281 271.7 266.7 259.2 254.6 242.4 236.9 232 226.8 209.8 197.4 184.4 173.2 160.3 140.8 131.8 140.4 148.1 154.9 161.5 170.6 181.4 194.5 207.5 215.7 222.7 227.3 232.1 234.7 233.1 228.6 227.7 227.3 222.3 214 207.2 198.8 188.9 176.2 162.7 149.3 140.1 132.1 122.1 104.2 89.2 97.5 100.8 90.9 95.3 103.8 95.8 97.2
342.1 356.4 356.8 363.4 365.9 359.1 355 347.3 341.2 337.4 327.9 328.9 324.5 322.3 319.1 317 321.9 325 329.9 330.6 326.8 316.6 309.5 306.2 301 295.4 297.8 292.6 289.8 289.7 293.7 292.9 278.5 266.5 262.9 256 244.6 240.9 238.9 235.1 225.6 207.6 192.2 179 166.9 152.8 138.7 123.1 137.4 142.7 149.5 157 167.4 183.1 197.9 207.6 213.9 219.3 223.8 231.4 235.2 226.9 226.2 224.7 222.9 219.9 212.4 204.9 192.3 179.7 166.9 154.1 144.6 138 122.7 105.1 86.9 84.9 89.4 87.5 93.5 94.4 87.9 89.3
339.3 336.6 345.9 351.2 353.3 348.1 346.3 337.6 341.8 336.7 320.6 308.2 306.8 299.6 293.4 295.6 310.5 317.6 321 322.4 316.6 307.1 304.1 299 293.5 294.4 304.8 294.9 290 286.6 283.6 282.6 275.7 269.3 264.8 252.4 246.1 243.9 237.1 231.1 228.9 220.2 202.1 183.5 168.2 159.6 145 132.6 123.9 128.1 131.8 144.2 153.6 166.1 182.8 195.6 204.4 212.5 217.5 223.1 230.2 225.7 224.1 221.5 217.8 215.7 213.1 209.6 198 182.2 168.1 156 146.8 140 122.7 110.2 89.9 73.2 77.8 73.8 77.3 78.4 80 82
328 329.8 336.8 343.4 346.3 342.3 338.3 329.7 330.5 334.1 315.8 296.1 291.8 287.3 284.9 286.2 289.8 298.8 305.5 309.7 314 297.5 293.2 290.1 289.5 297 297.9 298.3 291.9 289 280.6 271.5 267.5 260.8 263.8 249.8 247.5 244.6 235.8 227.2 221.2 218.2 203.6 186.6 177.5 162 146.7 139.6 125.9 116.7 119.9 133.1 142.1 153.4 165.8 179.7 197.6 205.3 210.5 217.9 222 218.4 217.5 216.2 214.5 211.6 212.6 212.3 203.3 188.8 169.2 157.3 146.9 137.5 123.8 109.8 96 74.5 60.7 61.2 63.5 70.1 74.2 77.1
289.5 310.7 336.4 339.4 336 332 320.6 320.1 315.5 309.5 302.5 286.3 282.7 276.8 279.6 278.8 276 280.5 289.6 288.3 291.3 288.8 282.2 283.3 291.2 307 299.7 294 290.5 287.7 276.6 268 261.4 257.6 256.1 249.9 248.6 244.9 234.4 226.4 220.3 213 200.9 190.4 183 162.3 150.7 143.5 136.1 125.9 112.3 113 116 138.1 149.1 161.3 176 194.3 201 206.2 216.7 213.7 211.6 214.4 214.2 210.9 212.4 211.8 204.9 193 178.1 164.4 153.9 142.8 125.5 113.8 101.3 82.9 67.6 54 54.5 64 73.1 72
268.2 289.4 301 303.9 305.1 297.7 298.5 301.3 299.2 299.2 289.5 275.5 267.6 260.3 264.3 269.3 262.7 266.4 270.7 275.9 276.4 277.4 281.2 280.4 289.8 298.4 297 293 289.5 276.6 271.8 264.3 262.8 261 251.7 251 247.4 244.1 236.3 230.1 221.6 215.3 203.7 197.6 183 173.4 162.8 147.6 140.8 129.4 119.1 107.6 100.6 121 132.1 143.6 158.3 174 190.8 194.6 203.3 205.6 206.6 209.8 209.6 209.2 210.5 210.1 204.7 193 179.3 164.6 155.2 144 130.3 116.9 100.5 87.6 67.7 52.4 51 62 68.3 67.8
208 221.8 239.5 240.6 245.3 248.2 277.3 290.1 288.1 283 273.4 259.7 250.8 250.6 255.6 254.5 253 253.5 249.7 245.7 251.9 257.4 266.7 274.4 285.4 297 294.7 288.5 285.8 269.7 266 262.7 261 261.7 250.3 249.2 247.5 246.5 241.3 230.6 233 226.8 219.4 208.8 196 185.4 169.1 152.2 141.1 129.8 123 112.1 96.2 102.8 116.9 125.7 141.4 155.9 170.8 181.9 189.9 198.5 205.4 210.6 208.9 209.1 207.7 207.9 201.5 193.5 182.4 167.8 148.4 139.4 133.5 126.2 114.7 100.3 80 64.6 49.7 56.9 59.2 60.8
170.7 181.4 189.5 200.2 213 220.4 231 244.3 279.2 272.8 268.2 254.7 243 248 251.9 254.3 243.3 245 231.7 231.3 235.6 242.5 250.3 262.2 279.6 289 292.1 288.3 282.2 269.9 264.3 261.5 259.4 257.1 249.7 247.2 246.8 245.5 241.9 240.6 242.4 236.1 232.9 226.7 210.8 196.6 186.7 167.4 144.8 128.4 125.1 117 106.3 86 94.8 109.2 123.7 139.6 156.3 169.1 180.3 189.6 199.3 205.6 207.1 208 206.1 204.2 198.1 192.7 189.9 171.6 159.9 156.9 150.4 141.4 129.9 110.8 89.4 73 59 46.8 46.4 55.3
134.3 145.6 160.8 168.9 184.3 191.5 193.7 214.8 250.3 257.1 256.4 246.9 233.9 237.6 236.7 232.2 223.4 222 227.8 232.4 234.2 234.4 241.9 258.2 272.6 280.3 283.7 283.2 279.9 268.6 260.2 258.5 259.4 257.7 253.6 249.6 246.4 244.5 244.2 243.7 244 236.9 234.9 229.8 220.3 207.5 196.6 178 155.6 135.8 122.9 119.8 107.4 95.2 81.3 92.6 107.6 123.8 141.5 160 171.4 180.8 190.8 197.6 202.4 205 205.1 201.9 198.5 191.8 183.4 171.8 172.2 168.8 159.8 148.9 134.8 118.1 101.6 79.4 66.3 48.9 47.7 52
109.4 122.4 137.5 142.1 151.9 157.8 167.4 177.4 190.5 226.8 237.3 233 223.1 222.4 220.8 211.9 210 210.2 218.2 236.5 235.1 229.5 234 249.8 263.6 271 277 275.8 274.1 263.1 254.6 255.2 255.4 268 259.9 257.1 249.5 244.5 243.7 243.9 245.5 237.3 234.4 229.9 221.8 213.9 200.9 183.7 161.6 148.8 129.3 120.8 113.1 101.4 86.7 77.9 90.4 105.2 125.4 145.8 166 173.1 182.1 190.3 196.4 200.7 202.9 203.4 202.3 196.4 188.7 181.8 176.6 175.2 163.8 155.4 140.1 129.1 109.4 86.7 71.6 59.6 34.9 45.1
105.1 107.1 114.8 121.9 123.7 133.8 143.7 150.3 164.9 186.1 204.2 204.9 196.6 210.5 209.3 198.8 202.9 213.4 220.7 232.6 227.8 223.7 226.9 237.8 257.3 258.7 259.2 265.2 263.3 253.5 241.9 250.7 250.5 250.7 255.9 256.1 251.5 243.5 236.9 239.5 242.3 237.2 233.6 229.6 221 214.6 202.6 189.7 168.2 155.8 139.5 126.9 117.2 104.7 94 82.4 74.4 89.7 109.2 128.1 150 164.8 171.8 183.1 190.1 197.2 201.7 203.1 198.8 197 193.4 181.8 177.6 174.6 166 157.3 144.2 133 121.6 102.7 81.9 66.8 47.8 36.4
82.2 86.9 90.7 93.3 106.9 118.8 124 129.9 138.2 149.8 162.7 168.3 164.1 179.7 180.9 195.5 208.7 222.1 218.4 227.1 226.6 222.7 216.8 229.7 247.9 252.6 253.8 252.2 250.6 242.2 231.1 239.5 244.9 243 247.6 246.7 247.6 242.8 241.3 233.4 235.1 233 229.6 223.6 220.2 213.6 203.5 194.6 166.7 159 146.5 133 124.1 110 95.7 83.9 63.6 76.9 97.6 112.2 132.2 151.7 164.4 176.9 185.5 192.4 200.1 201 198 195.9 191 180.7 173.2 170.9 168.4 159.6 153.8 146.8 124.2 104.7 89.9 73.4 56.2 34.7
59.1 66.4 68.6 74.9 83.2 94.6 98.9 105 112.3 123.5 133.6 139.9 144.6 162.7 175 195.8 199.8 213 212.9 216.7 220.2 214.6 204.5 208.9 229.5 243.4 255.6 248.6 243 228.1 223 222.3 229.3 233.9 241.5 241.7 241.3 235.9 229.8 233.6 236.1 232.8 225.5 218.9 216.2 210.5 204.1 192.4 169.4 161.6 151.8 138.4 127.8 109.7 92.8 80.4 64.1 67.7 80.8 97.2 114.3 137.9 155.3 171.9 181.4 188.8 195.9 196.9 196.7 195.2 192.5 193.1 184 167.1 165.7 158.3 153.5 142.7 128.5 115.3 101.6 82.8 64.9 43.3
13.4 24.6 36.3 48.4 57.7 65.8 65.1 75.5 87.2 95.3 114.5 122.4 137.3 160.3 173.9 183.7 192.3 191.1 197.3 205.4 209.2 197.5 195.8 198.6 218.8 224.3 236.1 243.8 231.8 227.1 216.9 216.1 220.3 220.9 227.8 233.4 233.2 235 221.2 216.4 228.1 229 224.2 216.7 208.5 204.9 197 184.5 171.3 161.9 152.4 144.6 131.1 103.5 84.9 76.3 63.3 54.8 70.1 91.1 110.5 124.8 144.4 161.9 174.7 184.7 194.6 195.4 195.9 195.4 194.3 196.6 189.9 168.8 159.5 156.7 150.8 139.4 130.6 122.1 109.6 93.1 68.7 46.7
-0.6 -0.6 3.7 20 35.8 31.7 31.5 38.7 62.8 85 97.5 113.2 124.7 137.3 172.9 169.4 189.5 187.1 186.7 187.8 193.3 188.9 190.3 194.7 198.8 210.1 212.4 215.9 216 215.2 207.2 208.4 211.1 210.9 213.5 217.1 216.9 224 221.2 205 205.2 213.1 215.2 216.8 201.5 189.2 188.5 177.7 170.9 157.5 149.9 148.1 129.8 103.2 84.2 74.7 64 55 69.4 85.2 103.3 117.1 132.9 152.5 167.3 179.5 188.7 193.8 194.9 195 195.9 191.8 179.7 166.5 156.2 155.7 147.6 141.4 132.1 125.5 112.7 92.2 70.7 51.2
-0.6 -0.6 -0.6 -0.6 -0.6 -0.6 -0.6 11 39.2 77.3 99.4 108.9 117.2 125.5 138.4 153.5 164.3 179.2 183 180 179.8 182.7 186 191.3 191.8 198.4 206 204.6 194.8 197 202.7 204 209.6 201.5 201 200.7 201.2 209.2 209 198.4 194.6 195.1 203.5 204.9 193.3 177.9 175.3 175.9 169.3 149.4 141.6 145 126.7 105 86.2 76.4 62.8 46.8 65 78.6 96.1 109.8 125.2 143.6 162.7 175 184.9 190.7 191.2 195.4 193.2 184.5 177.7 171.3 160.7 143.9 147.1 143.3 130.9 122.7 99.7 78.2 50.9 28
-0.6 -0.6 -0.6 -0.6 -0.6 -0.6 -0.6 -0.6 21.5 67.1 89.4 103.9 112.2 115.9 120.3 133.5 151.9 165.7 170.5 175.8 176.2 185.4 181.3 189.4 186.6 184.9 194.4 191.7 187.5 192.9 201.8 201.2 200 196 199.7 199 194.7 195.3 195 191.6 189.6 189.9 194 194.2 188.6 166.5 157.1 169.5 166.7 143.2 132.9 139.1 122.5 104.9 88.1 78.9 63.6 43.2 57.6 72.5 88.4 102.3 116.9 137.7 158.8 171.8 179.6 185.4 180.4 181.9 182.9 174.3 169.5 162.2 157.8 133.3 131.7 126 116.4 104.4 85.3 59.5 30.2 10.3
-0.6 -0.6 -0.6 -0.6 -0.6 -0.6 -0.6 -0.6 19.8 53.1 70.8 95.1 101.5 103.7 108.6 124.3 130.7 140.8 160.2 173.7 173.6 168.3 170.5 179.5 178.3 176.4 184 187 181.4 185.7 203.8 202.6 192.1 190.6 196.5 198.3 198.8 189.6 192.5 186.6 183.4 187.8 180.1 179.4 173.6 152.9 142.3 143.5 146 132.8 122.7 130.5 127.3 104.8 88.7 81.9 64.4 44.8 44 63.9 81.6 96.8 110.7 132 152.6 164.6 174.7 176.4 171.2 164 164.7 160 149.8 152.8 149.2 127.2 112 97.9 83 72.5 65.4 32 7.1 0.7
-0.6 -0.6 -0.6 -0.6 -0.6 -0.6 -0.6 -0.6 -0.6 10.9 37.2 70.8 85 88.4 97.7 105.2 116.6 124.5 136.8 148.4 160.4 154.9 163.2 175.3 173.4 165.1 174.3 181.1 173.9 175.8 182.5 196.1 190.1 183.9 184.9 189.4 189.3 179.3 186 177.1 181.1 178.1 174.9 173.5 153.9 141.4 132.1 128 124.7 119.6 114.7 116.2 123.9 100.9 88.7 84.6 63.7 43.1 42.4 58.6 74.1 88.3 103.2 122 138.3 148.1 157.1 161.7 163.5 147.7 144.8 136.8 138.1 141.2 134.9 115.5 104.6 79.9 65.9 43.2 15.2 1.1 -0.6 -0.6
-0.6 -0.6 -0.6 -0.6 -0.6 -0.6 -0.6 -0.6 -0.6 -0.6 -0.6 22.5 56.8 66.9 73.4 82.5 96.8 112.9 122.4 128.1 136.4 152.1 165.4 164.9 164.7 159.9 162.9 170.3 166.4 168.8 164.4 169.2 176.8 174.8 180.3 178.6 183.6 174.2 173 169.3 174.6 172 171 159.9 144.9 132.3 129.8 127.7 125.7 117.8 114.6 106.9 103.4 95.3 86.7 81.6 57.8 39.7 36.5 53.1 66.8 80 97.1 113.5 124 123.5 131.4 135.2 143.7 133.2 125.4 119.1 120.3 126.3 118 103.7 85.2 60.8 31.5 9.6 0.9 -0.6 -0.6 -0.6
-0.6 -0.6 -0.6 -0.6 -0.6 -0.6 -0.6 -0.6 -0.6 -0.6 -0.6 -0.6 -0.6 21.3 30.4 41.5 58.2 77.5 101.3 115.8 114.2 147.3 155.2 156 155.2 151.4 147.6 155.6 154.1 162.3 159.2 157.8 161.5 166.8 170.4 174.3 179.9 165.8 169.5 162.8 171.1 171.8 164.8 162.6 143.5 130.8 131.3 135 129.6 117.7 120 100.9 93.8 86.4 76.3 71.5 52.5 35.2 30 48.1 59.4 71.8 86.1 101 105.8 110.3 116 109.3 115.6 114.9 105.6 95.5 80.2 79 67.3 68.4 53.4 17.7 8.4 -0.6 -0.6 -0.6 -0.6 -0.6
