app/static/ascii/NR68.asc
ncols 200
nrows 200
xllcorner 160000
yllcorner 680000
cellsize 50
[rows 111 to 147 of 200, columns 0 to 83 of 200]
6 7.8 8.6 7.9 10 11.5 17.4 21.6 22.4 32.4 36.3 41.2 43.3 44.1 45.1 50.6 57.6 66 72.3 74.1 78.6 79 89.3 100 106.8 115.4 129.3 133.5 133.1 131.7 135.7 143 153.9 157.8 165.1 167.5 174.8 179.6 177.7 175.8 174.7 171.3 164.6 163.8 151.2 151.2 148 135.1 119 102.6 68.2 32.9 -0.3 -0.3 -0.3 -0.3 -0.3 -0.3 -0.3 -0.3 -0.3 -0.3 -0.3 -0.3 -0.3 -0.3 -0.3 -0.3 -0.3 -0.3 -0.3 -0.3 -0.3 -0.3 -0.3 -0.3 -0.3 -0.3 -0.3 -0.3 -0.3 -0.3 -0.3 -0.3
6.7 7.3 7.4 7.3 11.3 12.8 18.9 21.1 31.8 33.6 38.6 41.8 43.3 45.2 46.4 53.2 59.1 68 72 74.2 77.2 80.9 91 100.6 111.4 125.2 135.2 135.9 136.2 130.1 131.4 146 151.8 153.9 157.4 165.5 171 176.9 176.2 175.9 175.5 171.3 167.7 155.9 157.8 154.8 144.3 129.2 111.5 87.5 53.2 10.1 -0.3 -0.3 -0.3 -0.3 -0.3 -0.3 -0.3 -0.3 -0.3 -0.3 -0.3 -0.3 -0.3 -0.3 -0.3 -0.3 -0.3 -0.3 -0.3 -0.3 -0.3 -0.3 -0.3 -0.3 -0.3 -0.3 -0.3 -0.3 -0.3 -0.3 -0.3 -0.3
6.9 6.9 6.9 13.6 11.2 15.3 20.2 27.5 32.2 34.5 39.2 42.5 43.2 45.7 48.3 54.4 60.8 69.7 72.8 75.8 76.6 84.2 92.1 103.3 119.1 129.9 136.5 136.6 136.2 129.5 132.9 147.8 152 151.6 160 163.7 173.4 178.6 180.1 178.2 176.8 172.6 164.2 163.1 161.9 154 138.8 120.8 95.9 77.9 33 -0.3 -0.3 -0.3 -0.3 -0.3 -0.3 -0.3 -0.3 -0.3 -0.3 -0.3 -0.3 -0.3 -0.3 -0.3 -0.3 -0.3 -0.3 -0.3 -0.3 -0.3 -0.3 -0.3 -0.3 -0.3 -0.3 -0.3 -0.3 -0.3 -0.3 -0.3 -0.3 -0.3
7.3 7.7 16.4 18.3 17.9 20.3 33.8 32.5 32.5 35.6 39.4 42.2 44.8 45.8 48.3 53.5 57.3 67.9 70.5 73.3 78.4 84.8 92.4 105.4 121.3 129.2 134.3 136 128.8 138.7 136.4 146.8 152 154.5 165.6 167.9 177.6 182.7 185.4 183.4 179 168.8 170.7 166.1 161.2 151.5 129.8 108.9 87.6 66.8 31.6 -0.3 -0.3 -0.3 -0.3 -0.3 -0.3 -0.3 -0.3 -0.3 -0.3 -0.3 -0.3 -0.3 -0.3 -0.3 -0.3 -0.3 -0.3 -0.3 -0.3 -0.3 -0.3 -0.3 -0.3 -0.3 -0.3 -0.3 -0.3 -0.3 -0.3 -0.3 -0.3 -0.3
7.7 13.2 20.1 24.8 20.2 24.5 35.4 35 32.9 37.7 39 41.4 44.4 44.6 45.9 51.2 54.9 66.1 66.3 73.1 79.5 85.5 94.7 107.6 122.4 127.2 130.8 127.6 132.6 143.6 140.8 150.3 155 164.9 171.6 175.9 178.8 185.9 188.7 186.9 173.6 171.8 170.3 168.2 162.9 142.2 120.5 99.9 78.4 57.9 36.8 -0.3 -0.3 -0.3 -0.3 -0.3 -0.3 -0.3 -0.3 -0.3 -0.3 -0.3 -0.3 -0.3 -0.3 -0.3 -0.3 -0.3 -0.3 -0.3 -0.3 -0.3 -0.3 -0.3 -0.3 -0.3 -0.3 -0.3 -0.3 -0.3 -0.3 -0.3 -0.3 -0.3
8.5 11.5 22.5 22.7 26.1 33.9 36.1 35.7 35.3 36.2 42 45 42.3 42.6 43.5 48.8 56.2 63 68.4 74.3 76.9 84.9 93.8 108.2 121.1 125.3 124.4 124.4 135.8 143.9 144.4 152.1 159.7 170.3 174.1 175.4 181 187.4 188.2 180.4 175.9 174.8 170.4 169.5 160.5 136.6 111.1 89.9 72.3 54.5 22.5 -0.3 -0.3 -0.3 -0.3 -0.3 -0.3 -0.3 -0.3 -0.3 -0.3 -0.3 -0.3 -0.3 -0.3 -0.3 -0.3 -0.3 -0.3 -0.3 -0.3 -0.3 -0.3 -0.3 -0.3 -0.3 -0.3 -0.3 -0.3 -0.3 -0.3 -0.3 -0.3 -0.3
10.1 18.7 31 23.7 29.9 38.3 37.2 37.2 36.8 38.2 45.4 41.7 40.3 40.2 40.8 45.8 53.7 59 64.8 71.5 78.3 86.4 93.9 108.3 118.8 119.8 118.6 126.7 140.3 145.5 146.3 150.6 163.8 171.8 172.1 175.3 182.7 188.6 185.5 179.7 181.4 171.7 169 168.5 154.8 129.3 100.5 84.4 72 48.7 15.7 -0.3 -0.3 -0.3 -0.3 -0.3 -0.3 -0.3 -0.3 -0.3 -0.3 -0.3 -0.3 -0.3 -0.3 -0.3 -0.3 -0.3 -0.3 -0.3 -0.3 -0.3 -0.3 -0.3 -0.3 -0.3 -0.3 -0.3 -0.3 -0.3 -0.3 -0.3 -0.3 -0.3
17.1 20.8 28.7 24.2 28.3 37.4 37.3 37.5 37.9 44.7 44.2 40.3 38.9 35.5 38.1 42.8 50.1 59.2 66.3 72.6 78.7 87 96 106.2 114.5 116.5 120.5 126.6 141.2 148.7 148.5 148.2 162.6 168.9 174.6 176.8 184.6 187.3 179.4 180.7 178 168.5 168.3 161.5 142.7 113.8 91.4 84.1 68.5 51.6 15.7 -0.3 -0.3 -0.3 -0.3 -0.3 -0.3 -0.3 -0.3 -0.3 -0.3 -0.3 -0.3 -0.3 -0.3 -0.3 -0.3 -0.3 -0.3 -0.3 -0.3 -0.3 -0.3 -0.3 -0.3 -0.3 -0.3 -0.3 -0.3 -0.3 -0.3 -0.3 -0.3 -0.3
21.4 25.6 26.3 25.3 31.6 36.8 37.2 37.3 40.4 42.4 39 38.7 36.8 34.5 36.6 41.9 49.1 58.8 65.8 71 76.1 87.4 96.2 103.9 109.3 115.7 122.2 129.3 143.4 150.8 150.3 150.1 161.4 177 178.1 178.9 184.6 178.8 178.3 179.8 175.5 166.3 162.4 147.1 125.9 100.6 86.6 77.7 68.2 45.2 15.6 -0.3 -0.3 -0.3 -0.3 -0.3 -0.3 -0.3 -0.3 -0.3 -0.3 -0.3 -0.3 -0.3 -0.3 -0.3 -0.3 -0.3 -0.3 -0.3 -0.3 -0.3 -0.3 -0.3 -0.3 -0.3 -0.3 -0.3 -0.3 -0.3 -0.3 -0.3 -0.3 -0.3
23.9 25.2 26.3 26.9 35.7 37.2 37.2 37 44.3 40.5 35.7 36.7 36.3 33.3 38.3 40.5 49.1 55 62.3 68.8 75.2 87.9 95.8 102 106.5 113 120.5 130.7 141.2 147.6 148.7 150.6 159.8 178.5 175.7 175.1 175.6 177.1 176.2 174.3 167.8 159.5 148.9 134.8 114.8 98 84 72.8 60.7 41.6 12.6 -0.3 -0.3 -0.3 -0.3 -0.3 -0.3 -0.3 -0.3 -0.3 -0.3 -0.3 -0.3 -0.3 -0.3 -0.3 -0.3 -0.3 -0.3 -0.3 -0.3 -0.3 -0.3 -0.3 -0.3 -0.3 -0.3 -0.3 -0.3 -0.3 -0.3 -0.3 -0.3 -0.3
23.2 24.1 24.5 35.8 37.5 37.3 37.1 37.1 41.2 35.7 35.7 38.9 35.8 32.4 38 41.4 49.3 53.1 58.3 66.9 77.6 88.3 95.3 99.2 107.2 110.5 118.8 127.6 135.3 144.3 147.1 149.2 155.1 173.6 170 170.2 173.6 175.2 170.8 165.8 160.7 150.3 139.7 119.5 108.9 86 78.5 65.8 52.7 32.7 -0.3 -0.3 -0.3 -0.3 -0.3 -0.3 -0.3 -0.3 -0.3 -0.3 -0.3 -0.3 -0.3 -0.3 -0.3 -0.3 -0.3 -0.3 -0.3 -0.3 -0.3 -0.3 -0.3 -0.3 -0.3 -0.3 -0.3 -0.3 -0.3 -0.3 -0.3 -0.3 -0.3 -0.3
24.2 26.1 33.4 37.3 36.2 36.1 35.8 38.4 41 35.7 35.7 41.5 38.7 32.4 34.5 43.7 51.6 56.2 58.4 69.6 80.1 89.5 92.7 100.5 107.5 112.6 117.7 122.9 131.2 139.6 142.8 143.5 148.3 163.5 165.3 167.4 178.8 173.9 169.4 163.6 151.6 134.7 123.5 114.4 93.2 85.7 74.6 60.8 47.6 24.1 -0.3 -0.3 -0.3 -0.3 -0.3 -0.3 -0.3 -0.3 -0.3 -0.3 -0.3 -0.3 -0.3 -0.3 -0.3 -0.3 -0.3 -0.3 -0.3 -0.3 -0.3 -0.3 -0.3 -0.3 -0.3 -0.3 -0.3 -0.3 -0.3 -0.3 -0.3 -0.3 -0.3 -0.3
27.5 27.1 33.2 35.1 35 34.8 35.5 39.8 36.3 35.7 39.8 35.2 32.4 32.4 36.7 47.7 54.9 58.2 60.4 71.9 81.9 88.1 94.6 104.4 109.4 113.1 117.6 122.4 128.3 137 138 137.7 141.7 153.4 160.9 169.8 178.2 169.9 167.5 155.9 138.8 122.9 115.5 102.1 89.4 86.4 69.5 55.9 40.5 9.1 -0.3 -0.3 -0.3 -0.3 -0.3 -0.3 -0.3 -0.3 -0.3 -0.3 -0.3 -0.3 -0.3 -0.3 -0.3 -0.3 -0.3 -0.3 -0.3 -0.3 -0.3 -0.3 -0.3 -0.3 -0.3 -0.3 -0.3 -0.3 -0.3 -0.3 -0.3 -0.3 -0.3 -0.3
26.5 27.9 34.2 34 33.9 34.6 36.4 38.9 37.3 35.7 36.5 32.5 32.4 32.4 39.8 50.7 57.4 60.3 62.6 72.1 81.2 87.6 99.2 108.3 118.5 123.1 124.5 122 124.4 130.1 130.1 130 135 141.3 155.2 168.2 169.9 167.9 162.4 150.5 128.5 117.1 103 89.7 88.5 79 65.7 49.3 28.4 -0.3 -0.3 -0.3 -0.3 -0.3 -0.3 -0.3 -0.3 -0.3 -0.3 -0.3 -0.3 -0.3 -0.3 -0.3 -0.3 -0.3 -0.3 -0.3 -0.3 -0.3 -0.3 -0.3 -0.3 -0.3 -0.3 -0.3 -0.3 -0.3 -0.3 -0.3 -0.3 -0.3 -0.3 -0.3
25.6 29.7 31.6 32.6 34.4 35.9 38.8 40.7 39.2 37.5 34.7 32.4 32.4 32.4 39.6 51.4 57.6 60.9 64.6 70.4 76 90 100.7 111.1 119.6 126.4 127.8 125.6 126.2 129.8 130 129.6 131.8 134.4 140.9 159.5 162.9 163.8 156.9 141.1 120.9 106.2 89.9 89 86.3 82.8 62 42.4 19.3 -0.3 -0.3 -0.3 -0.3 -0.3 -0.3 -0.3 -0.3 -0.3 -0.3 -0.3 -0.3 -0.3 -0.3 -0.3 -0.3 -0.3 -0.3 -0.3 -0.3 -0.3 -0.3 -0.3 -0.3 -0.3 -0.3 -0.3 -0.3 -0.3 -0.3 -0.3 -0.3 -0.3 -0.3 -0.3
25.5 29.5 29.3 29.6 31.7 37.8 40.7 41.4 39.3 38.9 37.8 32.4 32.4 34.7 40.9 51 55.5 59.8 64.5 67.6 73 89.6 102.3 111.6 117.6 124.3 126.4 127 128.6 130 131.3 130.8 131.8 132.5 140.9 144.3 153.7 157.9 150.1 132.2 106.4 91.1 85.6 85.1 80 69.4 54.4 36.9 11.3 -0.3 -0.3 -0.3 -0.3 -0.3 -0.3 -0.3 -0.3 -0.3 -0.3 -0.3 -0.3 -0.3 -0.3 -0.3 -0.3 -0.3 -0.3 -0.3 -0.3 -0.3 -0.3 -0.3 -0.3 -0.3 -0.3 -0.3 -0.3 -0.3 -0.3 -0.3 -0.3 -0.3 -0.3 -0.3
24.5 26.5 31.4 34.2 37.4 40.4 42.2 41.4 40.2 41.1 37.1 32.4 36.8 38.8 48.2 52.5 57 61.2 63.3 63.9 68 92.7 107 113.5 117.3 122.7 125.6 127 128.6 132.2 131.5 132.3 134.2 130 134.1 143.6 148.6 144.6 138 121 90.1 84.6 82.3 79.8 74 64.2 48.1 32.7 -0.3 -0.3 -0.3 -0.3 -0.3 -0.3 -0.3 -0.3 -0.3 -0.3 -0.3 -0.3 -0.3 -0.3 -0.3 -0.3 -0.3 -0.3 -0.3 -0.3 -0.3 -0.3 -0.3 -0.3 -0.3 -0.3 -0.3 -0.3 -0.3 -0.3 -0.3 -0.3 -0.3 -0.3 -0.3 -0.3
21.8 29.8 35 35.7 40.3 42.5 42.3 41.6 41.2 42.2 32.4 32.4 43.2 42.1 48.6 52.3 56.5 61.8 61.7 62.8 64.5 90.6 105.1 114.8 119 122.6 125.2 126.4 127.6 131.3 129.4 132.4 133.3 125.3 127.1 141.3 139.4 133.6 120 102.5 85.2 83.1 80.4 74.6 67.5 55.5 43.1 16.2 -0.3 -0.3 -0.3 -0.3 -0.3 -0.3 -0.3 -0.3 -0.3 -0.3 -0.3 -0.3 -0.3 -0.3 -0.3 -0.3 -0.3 -0.3 -0.3 -0.3 -0.3 -0.3 -0.3 -0.3 -0.3 -0.3 -0.3 -0.3 -0.3 -0.3 -0.3 -0.3 -0.3 -0.3 -0.3 -0.3
25.1 32.2 34.4 35.4 41.6 43.9 41.9 41.1 40.9 37.1 32.4 39.2 43.6 45.9 49 51.6 56 59.5 62.8 66.7 67.9 82.3 105.7 115.9 119.8 122.6 122.3 124.1 125.7 127.2 131.1 133.7 134.7 123.4 124.4 133.8 129.3 119 101.6 85.7 85.5 83.5 79.2 76.5 59.3 46 34.3 3.2 -0.3 -0.3 -0.3 -0.3 -0.3 -0.3 -0.3 -0.3 -0.3 -0.3 -0.3 -0.3 -0.3 -0.3 -0.3 -0.3 -0.3 -0.3 -0.3 -0.3 -0.3 -0.3 -0.3 -0.3 -0.3 -0.3 -0.3 -0.3 -0.3 -0.3 -0.3 -0.3 -0.3 -0.3 -0.3 -0.3
27 30.3 33.1 35.7 42.8 42.3 41.2 40.7 41.2 36.1 33 41 46.7 48.5 51.4 51.3 54.6 65.4 70 71.7 72.6 79.3 103.4 114.1 117.8 122.3 120 123.9 126.4 131 133.2 137.2 131.7 123.8 124.2 123.8 119.3 104.6 86.2 85 85.5 84.3 77.9 66.6 50.8 38.7 17.1 -0.3 -0.3 -0.3 -0.3 -0.3 -0.3 -0.3 -0.3 -0.3 -0.3 -0.3 -0.3 -0.3 -0.3 -0.3 -0.3 -0.3 -0.3 -0.3 -0.3 -0.3 -0.3 -0.3 -0.3 -0.3 -0.3 -0.3 -0.3 -0.3 -0.3 -0.3 -0.3 -0.3 -0.3 -0.3 -0.3 -0.3
27.3 29.1 31.6 37.4 39 41.6 40.7 40.1 40 33.6 37.3 44 45.3 47.7 51.4 53.6 60.2 70.9 73.4 73.6 76.7 80.7 98.2 109.2 114.5 116.3 118.6 123.6 131.8 132.1 134.1 136.5 131.8 122.9 115.4 112.5 101.7 90.4 81 83.6 85 81 70.3 55.7 43.4 33.3 6.7 -0.3 -0.3 -0.3 -0.3 -0.3 -0.3 -0.3 -0.3 -0.3 -0.3 -0.3 -0.3 -0.3 -0.3 -0.3 -0.3 -0.3 -0.3 -0.3 -0.3 -0.3 -0.3 -0.3 -0.3 -0.3 -0.3 -0.3 -0.3 -0.3 -0.3 -0.3 -0.3 -0.3 -0.3 -0.3 -0.3 -0.3
24.3 26.3 28.3 32.9 35.4 38 40.3 39.5 37.6 32.9 39.8 42.5 44.3 48.4 50.7 60.9 66.9 71.2 74.6 75.1 83.6 84.6 91 105.2 108.6 113.6 117.6 124.2 128.6 129.1 137.1 136.1 127.8 117.8 105.2 96.4 87.5 80.1 79.5 81.6 81.9 71.8 60.9 51.2 37 5.4 2.5 -0.3 -0.3 -0.3 -0.3 -0.3 -0.3 -0.3 -0.3 -0.3 -0.3 -0.3 -0.3 -0.3 -0.3 -0.3 -0.3 -0.3 -0.3 -0.3 -0.3 -0.3 -0.3 -0.3 -0.3 -0.3 -0.3 -0.3 -0.3 -0.3 -0.3 -0.3 -0.3 -0.3 -0.3 -0.3 -0.3 -0.3
19 22.7 27.6 30.7 32.9 34.2 36.9 38.8 34.2 33.2 40.3 44.8 45.8 50.2 58.2 66.9 69.9 73.1 76 78.5 87.9 87.8 90.3 100.4 106.7 110.4 116.2 123.6 122.3 128 134.3 131.4 122.4 110.5 91.7 83.8 76.5 75 77.3 76.6 76.8 61.5 51.6 48.7 25.9 -0.3 -0.3 -0.3 -0.3 -0.3 -0.3 -0.3 -0.3 -0.3 -0.3 -0.3 -0.3 -0.3 -0.3 -0.3 -0.3 -0.3 -0.3 -0.3 -0.3 -0.3 -0.3 -0.3 -0.3 -0.3 -0.3 -0.3 -0.3 -0.3 -0.3 -0.3 -0.3 -0.3 -0.3 -0.3 -0.3 -0.3 -0.3 -0.3
19 21.7 26.2 28.9 31.5 32.6 33.9 33 30.4 36.2 41.7 41.8 45.7 56.8 64.4 69.1 72.9 76.4 78 82.6 87.3 88.6 90.1 98.4 102.8 106.7 114.7 116.1 120.4 123.3 129.3 123.8 113.7 92.9 80.6 68.3 66.4 66.8 68.9 66.2 64.9 56.7 49.2 39.3 9.5 -0.3 -0.3 -0.3 -0.3 -0.3 -0.3 -0.3 -0.3 -0.3 -0.3 -0.3 -0.3 -0.3 -0.3 -0.3 -0.3 -0.3 -0.3 -0.3 -0.3 -0.3 -0.3 -0.3 -0.3 -0.3 -0.3 -0.3 -0.3 -0.3 -0.3 -0.3 -0.3 -0.3 -0.3 -0.3 -0.3 -0.3 -0.3 -0.3
18.2 18.8 21.9 23.9 26 29 28.6 25 29.5 35.4 39 44.9 49.8 60.2 65.9 70.4 74.7 77.9 80.1 83.9 86.5 87.8 88.9 96 98.8 105.2 110.7 112.3 117.4 121.7 121.2 113.4 97.5 84.2 67.2 61.4 60.5 60.3 59.9 60.1 58 49.5 38 22.6 -0.3 -0.3 -0.3 -0.3 -0.3 -0.3 -0.3 -0.3 -0.3 -0.3 -0.3 -0.3 -0.3 -0.3 -0.3 -0.3 -0.3 -0.3 -0.3 -0.3 -0.3 -0.3 -0.3 -0.3 -0.3 -0.3 -0.3 -0.3 -0.3 -0.3 -0.3 -0.3 -0.3 -0.3 -0.3 -0.3 -0.3 -0.3 -0.3 -0.3
15.6 15.7 19.6 21 21 23.5 21.4 20.8 26.5 34.2 41.2 45.2 52.1 61.6 67 71.6 75.7 77.4 78.7 82.5 84.7 86.2 86.7 91.5 96.6 102.3 105.3 110.6 112 115.1 112.2 100.6 83.1 72.7 60.8 59 58.5 55.4 52.5 52.2 48.3 40.2 29.8 9.8 -0.3 -0.3 -0.3 -0.3 -0.3 -0.3 -0.3 -0.3 -0.3 -0.3 -0.3 -0.3 -0.3 -0.3 -0.3 -0.3 -0.3 -0.3 -0.3 -0.3 -0.3 -0.3 -0.3 -0.3 -0.3 -0.3 -0.3 -0.3 -0.3 -0.3 -0.3 -0.3 -0.3 -0.3 -0.3 -0.3 -0.3 -0.3 -0.3 -0.3
10.6 14.7 17.2 17.5 21.2 19.8 17.9 19 25.1 36.1 44.4 49.5 55.5 63.2 68 72.3 76.1 78.4 77.1 80.8 83 83.6 83.4 89.4 93.9 97.5 101.7 106.7 108.2 107.8 102.3 83.6 79 63.9 61.9 61.3 63.3 60.1 58.6 47.5 41.2 27.2 12.8 6.7 -0.3 -0.3 -0.3 -0.3 -0.3 -0.3 -0.3 -0.3 -0.3 -0.3 -0.3 -0.3 -0.3 -0.3 -0.3 -0.3 -0.3 -0.3 -0.3 -0.3 -0.3 -0.3 -0.3 -0.3 -0.3 -0.3 -0.3 -0.3 -0.3 -0.3 -0.3 -0.3 -0.3 -0.3 -0.3 -0.3 -0.3 -0.3 -0.3 -0.3
6.8 13.3 12.1 16.3 17.6 16.7 16.5 21.9 32 36.7 43.5 50.4 57.5 62.9 67.8 70.3 74.7 76.2 75.8 78.6 81.2 81.2 81.1 87.6 90.7 93.6 98.9 104.2 102.2 101.5 83.8 74.5 68.8 64.2 64.5 64.6 66.9 60.4 53.9 44.9 38.6 17.6 2.2 -0.3 -0.3 -0.3 -0.3 -0.3 -0.3 -0.3 -0.3 -0.3 -0.3 -0.3 -0.3 -0.3 -0.3 -0.3 -0.3 -0.3 -0.3 -0.3 -0.3 -0.3 -0.3 -0.3 -0.3 -0.3 -0.3 -0.3 -0.3 -0.3 -0.3 -0.3 -0.3 -0.3 -0.3 -0.3 -0.3 -0.3 -0.3 -0.3 -0.3 -0.3
6.7 8.5 12.3 15.9 14.8 15 20.2 26.1 32.3 37.1 44.7 49.3 56.2 60.2 64.6 68.6 72.1 73 73.3 77.6 78.9 76.5 79.6 82 84 92.2 95 96.3 95.9 83.7 73.6 68.2 66.6 67.3 72.7 80 69.7 59.3 48.3 42.9 37.3 23.3 -0.3 -0.3 -0.3 -0.3 -0.3 -0.3 -0.3 -0.3 -0.3 -0.3 -0.3 -0.3 -0.3 -0.3 -0.3 -0.3 -0.3 -0.3 -0.3 -0.3 -0.3 -0.3 -0.3 -0.3 -0.3 -0.3 -0.3 -0.3 -0.3 -0.3 -0.3 -0.3 -0.3 -0.3 -0.3 -0.3 -0.3 -0.3 -0.3 -0.3 -0.3 -0.3
4.6 6 12.3 11.6 11.6 16.6 23.7 28.4 30.2 35.7 45.4 47.1 53.6 57.7 61.4 64.7 68.2 73.1 70.2 74.2 74.8 72.4 80.6 74.7 81.6 91.5 92.1 85.3 81.8 76.9 71 69.6 69.3 74.2 80.1 76.5 70.8 54.4 43.1 39.7 34 19.7 4.6 -0.3 -0.3 -0.3 -0.3 -0.3 -0.3 -0.3 -0.3 -0.3 -0.3 -0.3 -0.3 -0.3 -0.3 -0.3 -0.3 -0.3 -0.3 -0.3 -0.3 -0.3 -0.3 -0.3 -0.3 -0.3 -0.3 -0.3 -0.3 -0.3 -0.3 -0.3 -0.3 -0.3 -0.3 -0.3 -0.3 -0.3 -0.3 -0.3 -0.3 -0.3
0.9 7.6 10.4 9.8 11.2 17.7 23.1 26.9 29.5 35.9 40.9 44.6 51.7 54.4 57.9 59.4 64.6 68.9 66.3 67.9 68.5 71.7 72.3 70 76.6 83.5 86.7 78 79.2 74.5 70.4 70.2 71.6 74.8 78.4 77.3 62.1 46.6 41 37.5 28.3 12.4 -0.3 -0.3 -0.3 -0.3 -0.3 -0.3 -0.3 -0.3 -0.3 -0.3 -0.3 -0.3 -0.3 -0.3 -0.3 -0.3 -0.3 -0.3 -0.3 -0.3 -0.3 -0.3 -0.3 -0.3 -0.3 -0.3 -0.3 -0.3 -0.3 -0.3 -0.3 -0.3 -0.3 -0.3 -0.3 -0.3 -0.3 -0.3 -0.3 -0.3 -0.3 -0.3
1.7 9.6 9 9 11.8 15.3 19.2 24 28.5 33.1 36.1 40.2 46 50.7 54.1 53.8 59.1 62.1 62.3 58.3 63.4 64.2 67 68.2 74.4 78.2 77.3 74.4 77 73.7 68.1 71 72.5 75.3 81.4 72.5 52.9 45.3 40.3 33.2 17.4 14 -0.3 -0.3 -0.3 -0.3 -0.3 -0.3 -0.3 -0.3 -0.3 -0.3 -0.3 -0.3 -0.3 -0.3 -0.3 -0.3 -0.3 -0.3 -0.3 -0.3 -0.3 -0.3 -0.3 -0.3 -0.3 -0.3 -0.3 -0.3 -0.3 -0.3 -0.3 -0.3 -0.3 -0.3 -0.3 -0.3 -0.3 -0.3 -0.3 -0.3 -0.3 -0.3
4.9 8.2 9.5 9.9 13.3 15.4 17.1 22 26.5 29.2 32.2 36.9 42.6 47 43.2 47.1 52.3 55.5 54.9 55.1 56.3 58 64.5 66.9 70.9 74.1 68.5 73.2 69.6 67.7 67.2 69.6 74.4 79.8 79.2 62.4 54.7 44.7 39.3 24.1 9 3.8 -0.3 -0.3 -0.3 -0.3 -0.3 -0.3 -0.3 -0.3 -0.3 -0.3 -0.3 -0.3 -0.3 -0.3 -0.3 -0.3 -0.3 -0.3 -0.3 -0.3 -0.3 -0.3 -0.3 -0.3 -0.3 -0.3 -0.3 -0.3 -0.3 -0.3 -0.3 -0.3 -0.3 -0.3 -0.3 -0.3 -0.3 -0.3 -0.3 -0.3 -0.3 -0.3
7.5 8.9 10 11 13.4 15.9 17.4 20.7 24 26.6 28.3 34.2 36.9 38.2 38.6 42.1 45.5 49 52 50.5 48.3 58.9 61.3 64.1 64.4 65.5 65.6 64.4 63.4 64.9 66.4 73.7 75.4 78.5 70.9 59.3 55.1 42.2 27.7 7.7 3.5 -0.3 -0.3 -0.3 -0.3 -0.3 -0.3 -0.3 -0.3 -0.3 -0.3 -0.3 -0.3 -0.3 -0.3 -0.3 -0.3 -0.3 -0.3 -0.3 -0.3 -0.3 -0.3 -0.3 -0.3 -0.3 -0.3 -0.3 -0.3 -0.3 -0.3 -0.3 -0.3 -0.3 -0.3 -0.3 -0.3 -0.3 -0.3 -0.3 -0.3 -0.3 -0.3 -0.3
7.8 8.3 10.2 12 13.4 15.2 17.5 19.3 22.2 22.4 24.7 29 31.2 33.4 35 36.4 38.5 41.5 47.6 42.3 47.9 54.8 58.3 57.3 58.3 58.4 57.8 59.2 61.5 65.2 69.5 70.4 72.8 69.3 60.1 59.7 54.1 35.3 13.6 3.4 -0.3 -0.3 -0.3 -0.3 -0.3 -0.3 -0.3 -0.3 -0.3 -0.3 -0.3 -0.3 -0.3 -0.3 -0.3 -0.3 -0.3 -0.3 -0.3 -0.3 -0.3 -0.3 -0.3 -0.3 -0.3 -0.3 -0.3 -0.3 -0.3 -0.3 -0.3 -0.3 -0.3 -0.3 -0.3 -0.3 -0.3 -0.3 -0.3 -0.3 -0.3 -0.3 -0.3 -0.3
7.9 7.9 10.7 13 14.3 15.6 17 19.2 19.3 19.2 20.6 24.9 27.3 29.8 30.9 31.2 33.5 38.5 39.8 39.4 46.1 52 51.7 53.4 54.8 51.9 51.6 56.4 64.6 68.8 67.5 66.4 66.6 60.6 58.3 55.7 44.3 21.9 12.7 -0.3 -0.3 -0.3 -0.3 -0.3 -0.3 -0.3 -0.3 -0.3 -0.3 -0.3 -0.3 -0.3 -0.3 -0.3 -0.3 -0.3 -0.3 -0.3 -0.3 -0.3 -0.3 -0.3 -0.3 -0.3 -0.3 -0.3 -0.3 -0.3 -0.3 -0.3 -0.3 -0.3 -0.3 -0.3 -0.3 -0.3 -0.3 -0.3 -0.3 -0.3 -0.3 -0.3 -0.3 -0.3
7.7 8.9 11.3 13.9 15.2 16.5 17.8 19 18 16.1 17.7 20.9 23.1 24.3 25.5 27.4 32.1 34.2 34.7 36.9 44 46.4 45.9 50.8 51.1 44.6 46.2 54.9 63.8 63.4 65.3 62.9 62.4 54.5 52.5 47.1 31.8 12.7 6.6 -0.3 -0.3 -0.3 -0.3 -0.3 -0.3 -0.3 -0.3 -0.3 -0.3 -0.3 -0.3 -0.3 -0.3 -0.3 -0.3 -0.3 -0.3 -0.3 -0.3 -0.3 -0.3 -0.3 -0.3 -0.3 -0.3 -0.3 -0.3 -0.3 -0.3 -0.3 -0.3 -0.3 -0.3 -0.3 -0.3 -0.3 -0.3 -0.3 -0.3 -0.3 -0.3 -0.3 -0.3 -0.3
