app/static/ascii/NR69.asc
ncols 200
nrows 200
xllcorner 160000
yllcorner 690000
cellsize 50
[rows 36 to 71 of 200, columns 81 to 161 of 200]
-0.3 -0.3 -0.3 -0.3 -0.3 -0.3 -0.3 -0.3 -0.3 -0.3 -0.3 -0.3 -0.3 -0.3 -0.3 -0.3 -0.3 -0.3 -0.3 -0.3 -0.3 -0.3 -0.3 -0.3 -0.3 -0.3 -0.3 0.8 -0.3 -0.3 -0.3 -0.3 5.3 19.5 14.3 14 18.6 29.3 63.5 78.4 87.2 86.7 85.1 76.2 70.7 74.7 69.3 61.9 41.7 26.4 35 35.3 37.4 37.4 52.8 76.1 94.9 106.6 112.5 148.1 179.8 190.4 198 212 215.2 211.9 203.2 197.8 184.1 175.6 179.3 191.5 225.3 242.5 252.5 256.8 261.6 262.8 266.3 270.9 276.8
-0.3 -0.3 -0.3 -0.3 -0.3 -0.3 -0.3 -0.3 -0.3 -0.3 -0.3 -0.3 -0.3 -0.3 -0.3 -0.3 -0.3 -0.3 -0.3 -0.3 -0.3 -0.3 -0.3 -0.3 -0.3 -0.3 -0.3 0.1 -0.3 -0.3 -0.3 -0.3 18 18.7 20.6 19.8 22.6 32.7 56.4 74 82.4 87 83.6 76.1 73.5 71.5 71.5 55.6 39.2 26.9 31.4 37.2 36.8 39.8 61 80.7 99.4 105.2 117 167.8 201.9 206.8 215.7 229.8 227.3 226.2 218.5 206.5 196.5 181 181 187.3 218.4 234.2 243.1 245.6 255.1 259.9 263.3 265.6 270
-0.3 -0.3 -0.3 -0.3 -0.3 -0.3 -0.3 -0.3 -0.3 -0.3 -0.3 -0.3 -0.3 -0.3 -0.3 -0.3 -0.3 -0.3 -0.3 -0.3 -0.3 -0.3 -0.3 -0.3 -0.3 -0.3 -0.3 -0.3 -0.3 -0.3 -0.3 3.3 15.1 18.5 22.3 34.8 35.1 42.7 71.3 76.1 86.4 87.2 78.9 77.2 78.9 72.1 58.5 49.5 42.5 34 31.5 38.2 38.4 49 71.1 96.9 99.6 110.1 127.7 182.2 214.4 226.9 223 246.7 246.5 239.7 233.2 223.6 208.4 196.7 188.4 187.3 197.4 221.4 229.8 233.2 246.3 256.9 260.3 271.2 271.8
-0.3 -0.3 -0.3 -0.3 -0.3 -0.3 -0.3 -0.3 -0.3 -0.3 -0.3 -0.3 -0.3 -0.3 -0.3 -0.3 -0.3 -0.3 -0.3 -0.3 -0.3 -0.3 -0.3 -0.3 10 1.6 4.6 -0.3 -0.3 -0.3 5.8 11.6 15.1 26.2 34.6 43.2 40.9 47.3 69.7 84.9 92.5 86.2 80.2 78.7 83 74.6 55.8 47 46.4 40.4 39 39 50.2 57.1 85.5 102.9 105.2 125.4 139.2 197 236.1 242.1 237.1 255.1 257.2 258.8 250.5 234.3 224 208.3 201.7 196 199.9 204.6 213.3 221 233.5 250.2 258.6 273.6 270.4
-0.3 -0.3 -0.3 -0.3 -0.3 -0.3 -0.3 -0.3 -0.3 -0.3 -0.3 -0.3 -0.3 -0.3 -0.3 -0.3 -0.3 -0.3 -0.3 -0.3 -0.3 -0.3 2.2 8.7 9 8 7 4.1 2.1 4.9 21.4 17.9 24.4 30.3 36 43.9 46 52.1 74.6 89 92.6 88 79.1 80.6 82.6 70.6 51.3 51.1 63.6 65.4 52.8 41.8 52.3 63.6 87.8 104.2 115.4 135.9 145.2 192.9 235.3 252 251.3 259.8 271.9 268.6 260.7 247.1 230.3 213.3 210.5 211.7 212.1 216.5 216.6 218.9 224.9 236 247.7 258.9 265.2
-0.3 -0.3 -0.3 -0.3 -0.3 -0.3 -0.3 -0.3 -0.3 -0.3 -0.3 -0.3 -0.3 -0.3 -0.3 -0.3 -0.3 -0.3 -0.3 -0.3 -0.3 -0.3 5.8 22.2 22.5 28.2 24.4 10 16.1 27.8 25.3 26 30.4 32.7 37.4 42.3 45.7 52.8 71.7 85.9 87.8 82.4 78.4 81.8 73.2 58.5 57.8 76.3 72 74.1 60.1 49.9 48.8 66.2 85.9 102.1 117.2 137.3 152.8 193.8 233.3 251.8 260.1 260.8 279.9 274.5 267.1 254.9 236.4 218.7 216.1 220.6 220.1 220.5 228.6 222.3 228.8 234.4 242 243.4 252.8
-0.3 -0.3 -0.3 -0.3 -0.3 -0.3 -0.3 -0.3 -0.3 -0.3 -0.3 -0.3 -0.3 -0.3 -0.3 -0.3 -0.3 -0.3 -0.3 -0.3 -0.3 -0.3 12.3 26.7 32.2 34.3 43.4 35.5 31.3 32.4 31.1 33.1 35.2 37.5 39.4 42.5 46.1 59.8 77.8 89 85.7 77.4 77.6 76.5 65.4 69.1 90.6 100.1 86.9 80.3 66.4 61.9 76.6 63.3 85.5 98.7 116.5 141.8 160.5 190.7 229.4 250.5 259.1 260 283.3 280.9 268.5 253.7 240.4 224.7 218 223.8 223.8 227.2 226.1 223.2 224.7 229.2 239.6 240.2 242
-0.3 -0.3 -0.3 -0.3 -0.3 -0.3 -0.3 -0.3 -0.3 -0.3 -0.3 -0.3 -0.3 -0.3 -0.3 -0.3 -0.3 -0.3 -0.3 -0.3 -0.3 -0.3 28 36 46.2 47.6 42.4 39.6 38.1 43.2 42.4 42.3 38.9 40.6 42 44.5 47.4 64.2 87.3 92.3 81.2 76.1 74.7 68.8 74.6 106.1 112.1 113 99.9 86.1 71.9 64.4 83.8 63.7 80.8 95.7 116.6 145.2 159.6 185.6 228.4 243 253.8 253.6 282 284.9 271 249.7 236.6 221.9 215.2 224.2 225.4 230.5 225.6 221.2 220.6 224 230.3 233.7 237.6
-0.3 -0.3 -0.3 -0.3 -0.3 -0.3 -0.3 -0.3 -0.3 -0.3 -0.3 -0.3 -0.3 -0.3 -0.3 -0.3 -0.3 -0.3 5.7 -0.3 -0.3 3.5 32.9 43 58.7 50.4 51.1 47.9 49.8 53.7 50.8 42.7 42.6 43.6 45 45.8 47.8 61 83 85.6 82.7 74.3 70.8 70 96.4 107.2 113 110 101.6 87.6 74.6 71.9 83.4 66.1 79.9 92 121 141.9 158.7 187.1 220.8 237.6 245.4 245.9 271.3 280 269.9 250.2 231.1 215.6 210.3 223.4 225.5 233 231.3 218.6 214.2 218.7 225.1 229.5 229.8
-0.3 -0.3 -0.3 -0.3 -0.3 -0.3 -0.3 -0.3 -0.3 -0.3 -0.3 -0.3 -0.3 -0.3 -0.3 -0.3 -0.3 -0.3 -0.3 4.3 7.1 15.1 28.2 61.5 67.2 61.4 55 60.4 61.9 58 53.9 51 49.5 51.8 53 52.9 52.5 60.7 70.6 76.7 72.8 70.7 73.1 101.2 111.2 111.6 108.1 105.9 95 89.5 85.5 79.3 85.2 72.1 81.7 91.3 116 138.8 153.7 188.6 208.8 223.8 235.4 237.7 254.8 263.4 263.5 249.2 235.6 214.3 203.2 214.9 222.5 229.9 232.2 216 209.8 208.4 222.1 225.8 224.6
-0.3 -0.3 -0.3 -0.3 -0.3 -0.3 -0.3 -0.3 -0.3 -0.3 -0.3 -0.3 -0.3 -0.3 -0.3 -0.3 -0.3 -0.3 -0.3 2.5 9 14.7 29.9 60.9 72.4 65.9 66.6 70.3 63.4 64.4 67.7 64.8 64.3 65.9 60.6 63.1 59.3 69.9 74.5 71.4 70.5 70.8 94.7 112 116.6 113.3 108.9 105.2 98.7 94.1 83.2 80.9 87 81.5 80.4 92.9 119.3 132.9 149.3 184 202.9 214.8 221.4 228.1 239.5 251.5 253.1 245.9 233.7 208.8 198.4 198.4 213.9 227.9 226.7 214.5 208.8 206.6 205.6 217.2 220.1
4.2 5.1 -0.3 -0.3 -0.3 -0.3 -0.3 -0.3 -0.3 -0.3 -0.3 -0.3 -0.3 -0.3 -0.3 -0.3 -0.3 -0.3 -0.3 -0.3 5.6 25.4 40.3 60.9 73.7 73.2 77.3 78.4 71.1 75.8 77.2 81.2 80.7 72.3 64.1 64.1 63.8 75.9 82.5 71.4 70.8 76.2 110 116.7 116.1 114.1 111.8 109.6 102.9 88.4 84.7 87.6 88 82.9 89.8 96 111.3 128.6 149.1 177.5 190.9 207.5 211.8 222 235.3 240.2 239.3 234.2 224.3 205 198.4 198.4 208.5 221.6 221.5 213.3 212.4 209.6 204.5 204.3 213.1
20.7 7.8 6.3 3.1 -0.3 -0.3 -0.3 -0.3 -0.3 -0.3 -0.3 -0.3 -0.3 -0.3 -0.3 -0.3 -0.3 -0.3 -0.3 -0.3 4.9 37 49.9 70.8 84.1 83.8 86.5 86.1 78.9 85.5 93.3 95.4 85.1 74.5 71.5 65 67.5 81.9 76.3 72 71.1 88.6 111.4 118.4 117.6 115.8 120 115.6 105.9 89.3 85.7 89.1 89.5 92.5 102.5 106.4 104.9 123.1 141.5 167.9 183 199.8 206.3 216.6 232 231.3 229.8 226.8 216 204 198.4 198.4 206.7 215.7 215.5 214.6 217.5 212.3 210.8 207.3 202.4
16.3 20.1 20.3 8.2 30.5 8.2 -0.3 -0.3 -0.3 -0.3 -0.3 -0.3 -0.3 -0.3 -0.3 -0.3 -0.3 -0.3 -0.3 2.4 5.9 42.6 67.1 77.1 80.9 90.7 89.5 81.9 83.4 94.4 97.8 95.5 89.9 82.8 76.5 81.1 76.3 76.1 73.1 72.2 71.3 97.4 108.8 114.1 116.4 119.5 118.3 116.6 105.9 89.3 87 91.7 92.4 101.3 113.4 114.5 107.8 117.5 139.2 157.9 176.6 191.3 198.1 207 229 224.1 224.3 220.8 209.6 205.6 198.4 198.4 198.4 210.2 214.1 217.2 219.7 217.5 222.1 215.6 205
18.6 21.9 33.9 39.7 35 15.8 -0.3 -0.3 -0.3 -0.3 -0.3 -0.3 -0.3 -0.3 -0.3 -0.3 -0.3 -0.3 -0.3 6.4 19.5 52.4 77.9 89.8 86.7 89.6 86.1 89.8 93 98.5 101.1 102.2 93.7 88.1 91.7 86.7 80.2 74.9 73.9 72.7 93.3 101.3 112.5 112 116 120.1 117.4 104.6 97.9 90.1 88.6 93.7 93.3 110.5 116.6 118 114.7 113 145.6 160 167 182.3 192.6 195.2 219.7 220.5 217.5 213 210.1 210.1 199.8 198.4 198.4 207.2 212.1 218.7 221.8 224.9 224.9 221.6 211.2
20.9 23.7 31.4 33.9 30.9 9.1 -0.3 -0.3 -0.3 -0.3 -0.3 -0.3 -0.3 -0.3 -0.3 -0.3 -0.3 -0.3 6.5 19 32.2 49.6 84.9 89.3 97.3 95.5 94.3 93.9 95.1 99.6 101.5 107.3 113.2 108 104.6 86.7 77.5 77.1 76.6 77.6 106.7 109 115.6 118.5 123.8 122.7 113.5 98 95.2 95.7 93.6 94.5 95.9 119.6 123 129.5 130.9 119.7 138 160.7 168.7 174.7 182.5 184.1 198.3 201 204 207.2 209.1 211.8 210.7 200.8 198.6 199.7 212.7 220.2 223.9 228.4 229.4 228.1 217.8
29.7 37.2 39.3 38.2 35.3 23.6 10.6 -0.3 -0.3 -0.3 -0.3 -0.3 -0.3 -0.3 -0.3 -0.3 -0.3 19.4 24.4 33.1 41.4 55 79.8 95 99.9 109.6 102.8 97.9 97.3 110.1 107.7 118.3 120.8 113.2 101.8 80.4 78.2 79 77.9 81.6 112.7 120.3 116.1 123.7 125.6 127.4 118.9 103.1 96.7 94 95.4 97 99.8 114.4 130.9 135.9 138.1 127.5 131 152.1 173.4 176.2 176.8 179.2 192.4 197.3 201.8 206.6 209.4 215.4 218.6 205 201.9 198.4 209.2 219.9 227.3 233.5 236.9 227.9 221
54.7 54.3 51.5 39 39.3 34.3 14 -0.3 -0.3 -0.3 -0.3 -0.3 -0.3 -0.3 -0.3 -0.3 -0.3 30.6 36.9 46.8 53.9 58.4 68.5 90 98.7 107.6 106.7 103.7 104.6 111.8 122.3 126.8 118.4 105.4 88.2 80.4 83.5 83.5 81 85.3 114.7 120.3 127.8 127 121.7 119.9 112.9 99.6 95.6 93.3 98.2 98.7 108.3 120.1 140.3 142.3 141.5 135 127.4 143.7 164.2 174.3 175.3 177 185 190.6 203.8 215 217 223.2 219.6 205.5 199.8 202.2 204.5 217.7 231 234.9 235.8 228.5 225.8
59.9 57.4 59.9 42.7 38 36 15.8 -0.3 -0.3 -0.3 -0.3 -0.3 -0.3 -0.3 -0.3 -0.3 -0.3 33 49.6 56.8 59.6 65.4 64.5 78.5 94.2 97.6 103.3 103.9 105.4 123 130.8 123.4 113.2 94.7 83.7 85.1 96.5 86.7 86 88.6 115.9 120.7 124.7 126.9 123 111.8 104.4 99.8 96.3 98.2 103.4 104 113.7 128.9 149.2 149.1 148.7 138 133.5 148.5 165.5 170 174 175.5 177.9 186.7 201.5 215.3 220.2 227 219.5 203.1 198.3 204.2 205.7 215.8 226.5 231.8 228.6 227.6 225
62.8 60.2 55 49.8 42.7 40.4 10.2 1 -0.3 -0.3 -0.3 -0.3 -0.3 -0.3 -0.3 -0.3 0.9 49.1 63.8 71.4 73.1 71.8 68.7 68.5 76.5 94.1 106.5 117.4 126.2 125.4 128.5 117.4 103.8 94.1 87.4 91.2 93.6 88.3 89.8 107.8 117.7 122 125.1 122.2 118.4 105.6 102.6 104.6 99.9 106.6 110.1 115 126.8 142 164.5 162.5 151.9 143.3 143.1 143.9 164 172.2 173.7 174.3 175.8 178.8 189.8 205.8 215.8 224.8 212.2 197.8 198.1 206 207.4 213.2 223.5 226.4 224.6 226.4 223.8
68.9 66.4 65.5 48.3 50.1 48.8 22.2 3.1 -0.3 -0.3 -0.3 -0.3 -0.3 -0.3 -0.3 4 15.7 55 73.1 83.4 84.3 87 76.3 72.6 73.7 91.1 107.6 124.9 129.7 131 123.4 113.1 111.5 112.8 99.3 99.9 93.7 98.3 105.6 128.5 134.8 129.6 125.9 119.2 111 106.2 106.3 104.9 103.1 109.8 114.4 119.3 136.3 153.8 170.4 167 169 158.2 157.3 165.7 157.5 172.2 175.7 176.3 176.2 178.2 179.3 192.2 208.3 216.6 207.7 198.5 195.2 205.9 207.3 211 218.9 220.8 222.5 227.5 224.4
69.1 73.9 71.8 49.8 54.8 53.9 28.3 4.3 0.6 0.7 1.2 0.8 0.3 0.5 1 6.7 38.4 63.7 82.4 86.3 87.2 89.6 79.8 78.9 81.4 82.5 99.2 124.9 130.8 126.6 125.4 125.4 127.1 124.3 111.3 101.3 105.6 131.3 138.7 148.6 144.5 134.5 132.8 121.9 119.3 109.3 111.9 107.6 105.6 118.9 118.7 121.8 146.8 163.5 177 178.9 178.2 172 171.1 173.4 169.8 165.6 169.6 177.6 176.6 177.2 178.9 184.4 198.1 208 209 193.7 187.9 201.9 206.4 207.5 213.8 216.4 216.5 220.9 217.2
68.3 72.9 62.7 50.2 56.3 44.3 24.5 5.7 1.7 1 0.5 -0.3 0.8 1 5.2 21.9 53.3 75.1 87.9 90.3 98 95.8 88.7 84 85.3 85.6 88.8 111.6 122.3 126.3 137.8 137.1 134.5 119.4 116.3 121.5 138.7 142.1 152.1 158.7 151.6 144.9 138.4 133.4 123.8 117 122.6 110.8 108.6 126.8 128.7 124.6 144.3 165.7 192.5 185.9 183.2 178.9 178.4 178.8 176.2 169.8 166.1 169.7 174.6 176.8 177.6 180.5 189.2 198.2 198.5 187.2 187.2 195.6 200.3 199.8 204.9 211.4 212.3 212.4 211.2
66.9 63.2 50.4 51.6 48.9 33.8 13.5 4.6 2.9 1.9 1.3 -0.3 4.6 6.4 10.4 54.9 64.9 75.8 99.8 107.4 107.4 109.2 96.4 86.8 87.6 88.6 91 102.1 117 132.8 141.3 136 131.5 123.4 133 150.9 149.1 164.5 160 162.9 159.7 147.3 146.6 139.4 126.4 121.9 136.2 123.2 111.8 124.7 136.7 136.3 148.2 165.9 200.2 194.9 184.9 177.4 178.6 182.7 182.8 181.2 174.4 168.2 172.3 175.7 179 180.8 183.9 189.7 190.2 187.2 187.2 188.4 194 194.6 198.2 206.5 209.8 209.3 207.3
63.5 52.3 51.6 44.7 36.7 16.4 11.9 4.7 3.5 2.9 2.3 2.6 10.3 26.2 27 67.9 83.9 79.4 112.2 120 123.6 121.4 104.1 91.1 89.7 90.4 99.9 112.2 115.2 123.8 131.3 134.9 125.4 131.6 152.3 153.5 160.7 165.2 163.4 166.7 164.2 156.1 150.1 139.7 132.3 133.9 142.4 129.1 116 125.2 131 140.4 148.9 166.6 189.8 192.3 182.8 170.6 177.1 179.5 183.1 182.5 173.5 169.3 168.8 172.8 176.7 179.5 183.7 188.3 189.9 187.2 187.2 190.2 196.4 194.1 199.1 205.7 212.7 214.9 213.8
53.1 52.6 42.2 38 17.7 14.9 12.8 6.8 4.5 3.9 3.4 3.6 14.2 33.5 33.7 72.7 80.9 93.7 124.4 134.4 135 126.8 106.7 93.8 94.6 92.7 108.7 121.9 123.8 133.6 131.4 129.1 126.4 133.1 151.1 151.8 166 169.1 171.3 172.6 166.4 153.5 143.4 144.1 137.2 141.6 148.8 138 122.2 124.1 130.9 135.4 139.3 172.6 183.6 181.7 174.3 165.6 170.2 174.5 176.4 177.8 177.2 172.4 172.3 173 178.1 181.2 186.6 190.9 189.5 187.2 187.2 191.5 198.1 194.9 194.7 204.1 211.9 218.7 220.3
44 49.7 35.1 29.2 20 14.3 12.5 7.7 4.6 3.8 3.1 5.1 21.8 29.3 32.3 67.1 86.8 96.5 128.1 138.3 133.8 123.9 103.9 97.5 97.6 111.8 125.2 129.2 140 146.3 134.2 126.8 125.5 142.4 150.2 151.4 157.8 167.1 173.4 175.9 163.5 151.6 145.8 146.3 136.7 147.6 151.8 145.7 131.1 128.5 132.5 133.9 135.5 167.3 178.6 174.6 167.6 162.1 170.5 174.2 177.1 177.9 175.3 176.2 186.1 180.4 177.2 179.9 187.5 193.2 187.2 187.2 187.2 187.9 195.6 195.2 195.8 197.6 210.2 219 220.1
38.5 36.5 33.8 32.2 22.9 12.6 8.3 5.4 4.5 4.7 5.1 11.5 24.5 29.2 35.2 65.1 85.1 95.5 126.9 131 130.1 109.7 103.2 105.8 116.3 126.2 135.4 150 155.9 148 140.1 131.9 143.8 157.1 155 154.8 161.5 165.5 175.9 177 159.2 145.2 146.3 148 149.7 162.8 154.3 147.8 135.7 130.2 131.2 132.9 134.9 161.3 171.6 169.1 167 162.5 170.7 175.3 174 174.2 174.8 179.7 186.5 183 180 180.6 188.4 195.4 190.9 187.2 187.2 187.2 194.4 196.6 197.8 204.2 207.3 216.2 217.6
34.6 35.9 33.9 29.4 21.3 8.9 5.9 6.3 5.9 5.7 6.6 22.7 29.8 31.9 33.8 69.7 82 88.5 115.7 115.4 112.5 108.2 110.1 122.3 128.1 132.7 151.7 157.9 158.3 150.3 145 148.3 168.4 170.5 171.6 167 164 166 174.6 167.5 147.2 142.6 142.6 142.6 163.6 163.9 155.9 148.7 135.9 131.2 130.7 131.8 134.7 172 171.9 167 164.3 160.5 169.3 170.4 171.4 171.8 172.8 176.8 182.1 181.4 185.6 188.6 188.9 193.7 191.3 187.2 187.2 187.2 195.4 198.7 202 209 211.2 214.9 215.9
34.8 35.7 30 28.2 31.3 15.5 8.2 7.7 7.4 7.2 12.3 29.9 33.2 32.8 33.7 59 70.9 78.3 101.9 106.6 108.9 108.6 121.3 132.9 135.4 137.6 155.1 160.9 151.6 152.9 170.1 186.9 178.4 179 177.4 177.2 167.9 164.3 166.6 154.1 142.6 142.6 142.6 142.6 163.1 161.6 156.9 151.5 137.3 129.4 130 130.6 137.3 181.4 183.8 168.9 161.3 157.8 166.1 166.5 169 170 172 174.7 177.5 183.2 191.9 195.6 195.6 191.9 187.2 187.2 187.2 187.2 199.4 202.3 207.4 213.9 215.4 215.3 215.9
35.1 36.8 40.7 37.5 30.9 16.7 7.8 8.8 8.9 8 24.3 33.9 32.4 32.5 34.2 49.8 69.8 73.9 89.5 104.5 119.9 124.7 135.2 139.8 140 143.5 155.8 157.7 175.7 196.6 196.1 193.2 190.2 188.3 185.4 180.9 183.6 169.9 159.3 143.6 142.6 142.6 142.6 142.8 155.9 154.6 159.7 153.2 140 127.9 126.5 129.1 139.2 180 187 178.6 164 153.7 159 160.9 166.1 171.2 171.3 172.8 175.7 186.8 194.3 198.7 201.5 197.5 187.2 187.2 187.2 187.2 200.3 208.5 213.7 220.7 220.6 218.7 215.8
41 44 50.2 51.3 33.8 17.2 10 10.3 10.1 9.3 29.4 31 30.6 33 33.8 46.3 59.7 68.3 89.8 110.3 127.9 133.3 140.9 142.7 146 142.8 147.3 154.5 196.8 203.4 200 202.2 196.8 188 186.9 192.7 187.3 169.7 163.6 150.1 142.6 142.6 142.6 142.6 146.3 145.2 154.9 153.1 142.1 130.7 124.5 129.7 141.1 169.7 190.6 180.9 162.6 146.1 147.3 156.7 165.7 170 170.2 173.8 178.9 189.4 195.7 199.1 203.2 195.3 190.4 187.2 187.2 187.2 206.5 217.4 222.1 227.5 226.4 218.8 215.4
42.5 50.9 57.7 48.6 34 21.3 12 8.8 9.5 21.5 29.8 28.2 31.1 33.5 32.9 48.7 58.1 65.5 84.5 111 131.8 142.6 140.9 150.9 149.1 136.2 135.2 148.3 196.2 200.8 199.9 202 191.9 186.2 185.3 187 180.1 173.2 162 152.9 145.8 142.6 142.6 142.6 142.6 145.8 149.4 146.7 139.4 134.4 127 126.7 140 160.6 175.9 170.3 152.1 140.9 144.9 156.5 162.5 166.4 170.7 175 188.1 194.6 197.9 200.5 201.7 198.3 198.5 190.6 187.2 190.1 211.3 222.7 231.8 233.9 231.6 221.8 213.2
57.9 55.6 64.6 58.3 37 20.7 13.9 12 10.5 21 26.3 28.6 29.2 28.9 34.7 41.4 46.1 56.8 73.1 103.8 128.6 140.4 138.1 150.7 135 131.2 129.2 149.1 193.2 193.4 194.8 192.4 185.5 173.4 178.7 179.1 177 177.6 168.5 159.1 149 142.6 142.6 142.6 142.6 142.9 145.3 142.1 136.3 132.4 125.3 122.3 139.8 159.6 157.7 158.4 140.6 136.2 144.6 154.8 163.3 166.1 171.5 175.7 189 199.1 202.3 202.3 202.8 199.2 200.3 201.3 193.8 196 210.2 229.1 233.2 233.4 228.5 220.5 210.8
60.6 63.9 69.8 60.1 40.9 25.1 12.8 12.3 12.1 10.6 22.4 25.9 29.5 25.4 29.8 38.6 42.1 46.1 60.3 88.7 113.9 133 134.6 130.4 131.1 126.6 125.2 158.6 179.4 185.8 184.8 173 175.9 169.5 170.8 176.9 170.6 171.7 172.3 162.8 157.7 149 143.6 142.6 142.6 144.4 140.1 135.9 130.3 126.3 120.9 120.7 131 150.2 145 147 133.8 132.3 147.1 153 159.3 164 170.4 173.7 182.6 197.7 202.9 204.5 211 209.4 212.9 208.7 205.5 209.2 208.8 229.8 233.8 232.9 227.2 219.4 208.5
65.2 73.8 75.3 63.8 44.4 25.9 15.3 12.9 11.9 11 16.8 28.4 29.1 24 24.6 35.2 38.2 42.6 53.7 74.8 98.8 107.3 122.7 115.1 117 120.1 121.8 149.6 160 170.3 170.6 162.7 155.4 156.9 159.8 156.8 149.2 163.7 165 164.1 163.8 155.5 153.5 148.7 148.1 146.5 138.5 129.5 124.3 121.3 119.2 120.3 126 138.4 136.4 132.6 126.6 131.9 151.3 156 153 158.8 168.5 171.5 179.1 196.8 204.4 209.8 217.7 217.8 222 219.4 215.7 217.4 214.2 221.8 230.1 231 225.1 216.3 206.6
