app/static/ascii/NR70.asc
ncols 200
nrows 200
xllcorner 170000
yllcorner 600000
cellsize 50
[rows 0 to 36 of 200, columns 0 to 84 of 200]
24.6 24 25.2 25.2 24.9 24.8 25.6 27.2 29.4 31.7 33.3 37.2 40.5 42.4 45.8 45.6 43.5 41.5 38.8 38 36.6 34.4 33.2 32.9 33 32.1 31.2 30.4 30.3 30.2 30 30.5 32 34.2 33.8 33 32.3 31.6 31.7 31.9 32 32.7 33.6 35.8 38.1 40.2 40.4 39.8 38.7 37.9 37.2 36.7 36.6 36.6 36 35.1 34.7 35.7 35.7 35.6 35.5 35.5 35.4 36.4 37.6 38.4 39.5 41 42.1 43 43.5 44.2 38.4 46.4 49 51.8 54.1 55.6 57.2 58.1 57.6 56.5 54.3 51.8 47.9
21.4 21.4 22.4 23.2 25.6 27.9 28.1 28.3 29.5 31.5 33.1 40.6 43 42.4 43 42.3 39.9 37.6 36.3 34.2 33.1 31.9 31 31.5 32.1 31.3 30.3 29.6 29.9 30.2 30.1 31 32.5 32.9 31.9 31.7 31.2 31 31.3 31.6 32.3 32.9 34.4 36.9 39.9 40.3 39.8 39 38.1 37.9 36.4 35.8 35.7 35.8 34.9 33.7 33.5 35 34.9 34.4 34.1 33.8 33.8 34.3 35.4 36 36.8 37.9 38.8 39.3 39.1 39.2 33.1 43 45.4 47.6 49.5 51 52.1 51.7 49.2 46.1 44 40.2 29.9
18 21.3 23.5 24.3 26.5 28.4 28.7 29.3 31.5 34.2 37.4 40.6 42.1 41.5 40.7 39.8 38.1 35.2 32.8 30.5 29.7 29.2 29.5 30.1 30.7 30.3 28.7 28.9 29 29.3 29.7 30 30.7 30.7 30 30.9 32.5 33.5 32.1 33.8 34.9 36.4 39.9 43 43.7 52.2 48.4 39.8 38.5 37 35.5 34.9 35 33.9 33.1 32.3 32.3 33.5 34 33.4 33.1 32.5 32.2 32.7 33.1 33.7 34.2 35.1 35.5 35.2 34.8 34.8 31.3 39.4 41.3 43.2 44.6 45.2 44.2 40.4 35.8 33.8 29.5 15.8 6.4
22.6 24.5 26.2 26.2 27.2 28.8 30.1 32.2 34.4 38.9 42.1 42.2 41.8 41.8 38.3 36.4 33.9 31.2 29.1 27.6 27.3 27.7 27.9 28 27.9 28 28 28.1 28.2 28.4 28.8 29.1 29 30.9 33 34.9 35.9 37.2 37.3 42.5 42.2 43.7 46.1 48.5 52.6 53 47 40.7 38.8 36.7 34.7 34.1 33.1 32 31.3 30.7 30.9 32 32.6 32.5 31.8 30.4 30.6 31.7 32.2 32.3 31.6 32.3 32.5 32 31 29.2 30.5 35.1 36.3 37.2 36.9 35.2 32.6 26.1 23.2 22.2 22.5 6.5 1.2
25.1 27.9 28.3 26.8 27.9 29.8 32.4 34.5 37.6 39.6 43.2 43.3 43.4 42 38 34.1 31 28.4 26.8 26.3 26.2 26.6 26.8 27 27.1 27.2 28.1 28.2 28.3 28.5 28.6 30.4 32.3 35.7 39.1 38.7 36.8 40.8 44.2 46.1 46.5 45.5 48 50.1 50.9 49.1 45.8 42.2 40 38.6 36.1 34.1 33 31 30.6 29.2 29.4 30.4 31 31.4 29.8 28.8 30.1 30.5 30.5 29.2 28.6 29.5 30.2 29.7 29.2 25.6 27.7 30.1 30 29.1 28.6 24.9 21.2 19.8 19.2 18.6 14.4 6.3 0.9
26 28.6 28.3 26.5 28.7 31.2 34 37 40.9 43.2 45.7 46.8 47 47.2 41.1 31.1 28.7 27 26.4 25.7 25.2 25.4 25.6 25.9 26.3 26.6 27.5 28.7 28.8 28.8 30.9 33.3 36.1 39.4 40.8 39.2 38.9 42.6 43.8 44.5 44.5 46.1 48.1 48.6 48.5 47.7 46.3 44.6 44.5 43.9 41.4 40 39.6 39.8 33.1 29.7 28.7 29.3 29 29.2 28.1 27.4 28.2 28.3 28 26.1 25.7 26.4 26.9 26.7 26 22.3 25.4 25.3 25.9 22.8 20.3 18.8 18 17.6 17 16.7 15.8 10.3 0.7
23.3 28.7 27.5 26.5 29.8 32.6 35.5 40.2 44.2 47.1 54.3 51.2 51.5 52.1 42.2 29.1 27.5 26.8 26.7 25.4 25.7 27.2 27.6 28 28 26.5 27.1 29.1 31.7 35.2 34.8 36.5 38.1 39.7 40.1 41.8 41.4 42.1 44.4 45 45.8 47.3 49.4 49.9 50.9 51.1 51.9 52.4 52.7 53.8 54.8 53.3 57.9 62 60.8 36.4 31.6 29.5 29.6 28.4 27.6 26.8 26.3 26.2 26.2 25.4 24.8 22.2 22.1 22.1 22.3 19.4 24 24.1 22.7 20.1 18.3 16.8 15.7 15.3 14.8 14.6 15.4 7.7 -0.7
23.4 26.4 25.8 25.3 28.8 31.4 36.9 43 47.6 52.5 59.1 52.3 53.9 50.1 36.9 29.6 28.1 26.4 25.4 25.4 27.8 29.3 29.6 29.5 29.3 29.8 33.3 35.1 35.9 36.7 36.8 36.9 38.4 40 40.8 42.1 42.7 44 45.5 46.9 48.1 49.6 51.9 54.7 56.6 57.5 58.8 60.9 62.5 63.2 63.6 64.3 65.1 64.1 60.6 54.2 40.5 36.5 33.3 31.1 28.2 26.9 26.2 26.8 26.9 28.1 27.1 25.4 23.5 24.4 22.4 18.3 17.5 20.7 19.9 18.2 16.9 15.4 14.6 14.1 11.2 7.9 7.9 1.3 -0.7
20.3 22.7 23.3 23.2 25.9 30.3 36.7 42.9 41.5 51.3 54.8 53 52.4 39.1 31.9 31.9 29.1 29.1 26.6 26.1 28.5 31 31.1 30.9 31 34.2 35.5 36.3 35.9 36.4 37.5 38.9 39.9 41.4 43.7 44.9 46.5 49.3 51.1 50.9 52.5 55 58.7 60.5 62.4 63.9 64.3 66 65.8 65.9 66.8 66.2 66.5 66.5 66.4 61.5 51.2 44.8 40.1 37.2 32.8 30.8 30.1 29.5 29.6 30.8 29.1 25.7 25.3 25.4 25.1 24.3 20.9 16.3 13.3 15.2 15.5 14.5 13.6 10.8 7.9 6.8 4.5 1.1 -0.7
15.5 18.5 20.7 21.3 23.2 27.8 33 36.3 43.1 45.1 44.5 42.9 41 35.2 33.6 33 31.1 31.2 29.7 24.3 27.4 32 32.1 30.7 33.2 34.5 35 35.6 37.6 38.6 39.5 40.9 43.2 46.4 49.1 51.7 54.4 57.2 59.4 59 58.1 60.8 63.8 66.4 72.7 74.7 74.1 70.9 69.8 69.2 71 69 67 67.1 67.7 64.6 59.4 53.7 46.4 42.3 38.2 36.5 35.1 35.2 34.7 33.5 29.6 26.3 26 25.6 24.7 23.2 21.8 19.5 16.1 12.4 10.6 11.3 10.8 8.2 5.7 5.6 2.5 0.3 -0.7
9.6 10.9 16.2 18.8 21.6 26.9 32.9 38.9 42.4 43.4 40.2 37.5 36.3 34.4 34.9 34.2 33.3 31.9 30.7 23.8 27.1 31.8 32.6 31.8 32.9 34.5 37.4 39.7 41.3 42.3 43.1 46.7 49.6 54 58.2 60.9 63.7 66.5 68.5 67 65.9 72.3 82.7 92 91 86.2 82.4 81 83.6 88 83.1 78.3 71.3 68.2 69 68.9 66.9 62.2 53.1 47.7 44.1 41.9 41.1 40.7 38.7 35.5 31 26.9 26.1 25 23.5 22.1 20.6 18.9 15.5 14.3 12.7 6.9 6.1 3.6 3.7 3.9 1.2 -0.7 -0.7
11.7 10.4 9.5 12.1 18.5 25.3 31.4 36.6 39.8 39.4 37.3 35.9 34.2 35.9 35.9 35.4 33.8 31.5 27.6 24.3 31.7 32.5 31.7 32.2 34.9 37.5 40.4 42.8 44.6 45.9 49.1 53.6 58 62.3 66.9 70.2 73 75.1 75.7 73.7 80.8 96 96.9 97.7 95.8 90.3 87.7 85.5 87.6 86.1 84 87.1 82.7 82.9 79.8 72.2 71.2 67.3 60.9 52.5 46.8 43.1 41.8 40.1 37.3 33.4 28.7 26.9 25.6 24.1 22.6 21.2 19.7 18.2 15.9 12.8 9.7 13.9 12 11.3 4.8 2.1 1 -0.7 -0.7
12.4 11.3 13.7 9.9 18.6 23.7 29.6 34.1 36.7 36.7 38.7 34.2 36.1 36.8 35.9 35.2 33.5 29.3 24 29.1 30.5 30.9 31.2 34.4 37.6 40.4 42.9 45.2 47.8 50.3 55 59.3 64 69.7 74.2 78.3 81.2 82 78.7 86.9 98.4 99.1 98.9 98.9 101.9 96.7 90.6 85.7 83.3 80.7 82.4 88.7 78.2 78.8 78.6 73.7 70.1 66 61.1 53.6 47.5 43.8 42.6 38.2 34.7 29.8 26.7 26.9 25.8 23.8 22.3 20.8 19.5 18.2 16.1 13.1 14 15.5 10.2 8.6 8.3 2.2 0.5 -0.7 -0.7
12.6 12.8 12.9 10.1 18.6 23 27.5 32.2 34.1 35.4 37.1 37.4 37.7 37.6 33.7 33.1 31 24.5 25 29.6 29.4 30.1 33.6 36.9 39.6 42.5 45.4 47.7 50.4 55.4 60.7 64.9 69.1 74.9 80.3 83.7 84.4 83.3 90.5 100.1 103.6 102.8 108.7 113.9 109.8 97.9 93.6 90.4 82.1 77.9 76.9 77 75.2 75.3 75.4 73.2 72.1 66.7 57.5 48.6 45.1 41.7 38.3 34.3 31.9 28.6 27.6 26.3 25.6 23.4 22 20.7 19.4 18.1 16.7 15.4 15.6 15.7 11.6 7.6 6.8 1.7 0.5 -0.7 -0.7
12.4 14.4 13.1 11.3 18.3 22.9 26.5 30.5 31 33 33.4 31.5 31.7 31.6 31.7 29.3 24.1 24.9 29.2 29.8 32 32.6 35.5 39.1 43.1 46.4 49.6 52.4 55.2 60.2 65 69.6 74.1 79.2 83.7 85.8 85.1 91.1 100.8 105.5 108 112.7 116.6 114 110.4 101.6 96.3 88.3 83.1 79.2 76.3 73.9 72.2 75.5 73.6 71 72.5 74.6 69.8 54.3 41.8 38.9 37.4 33.2 30.7 29.1 27.4 26.4 25.1 23.2 22 20.8 19.5 19.5 18.8 17.1 16.8 16.9 15.6 10.8 8.2 4.5 0.9 0.1 -0.7
19.5 15.7 6.5 13.5 19.1 21.6 25 26.7 28.2 30.6 29.8 29.1 29.3 27.7 26.7 22.6 25 27.1 28.1 30.3 32.7 35.1 38.2 42.2 46.7 49.9 53 57.4 60.9 65.1 69 73.6 76.9 79.5 80.6 83.4 87.1 99.6 107.4 108.4 111.3 114.3 115.7 112.8 106.4 102.4 95.2 89.9 81.6 76.3 74 72.3 70.1 70.9 70.8 70.9 74.5 66.1 61.3 55.5 41.3 37.1 36.1 32.6 31.1 29.5 28.1 26.9 25.3 23.3 22.1 21 20.1 20 19.9 19.2 18 17.9 17.7 14.7 9.6 6.3 1.6 -0.7 -0.7
17.3 12.3 5.4 14 18.2 21 22.7 24 25 27.5 27 26.8 26.5 24.3 21.7 23.5 24.8 27.5 29.4 31.5 34.3 37.2 41.1 46.2 49.5 52.9 56 60.4 64.4 67.9 71.8 74.2 76.7 77.5 78.9 81.7 90.8 102.2 107.4 107.6 114.3 118.8 123.2 118.3 112.2 105.7 91.7 86.7 78.9 74.2 72.4 70.7 69.4 66.7 65.7 65.4 61 55.4 47.5 41.9 38.4 35.6 34.3 33 31.5 30.3 29.2 28.1 26.1 24.1 22.8 21.4 19.2 19.2 19.2 18.8 18.5 18 17.4 15.7 9.8 5.6 1.8 -0.7 -0.7
11 8.7 11.3 15.1 17.7 18 21.3 23.4 24.8 25.2 24.6 24.4 22.9 20.9 23.9 24 25.2 27.5 29.8 32.4 35.5 39.6 44.2 47.6 51.4 54.8 58.3 62.3 66.2 69.8 72.9 75.1 76 76.5 78.7 83.8 93.1 101.9 108.7 112 119 117.1 115.1 113.4 107.1 100.7 95.3 83.4 78.3 73.3 69.7 67.7 64.3 60.9 60.1 58.1 55.1 52.1 46.8 41.9 41.7 42.5 43.9 36.4 33.5 31.9 30.4 29.3 26.4 24.8 22.4 20.2 18.3 18.3 18.3 18.1 17.9 17.6 17 12.9 8 6.8 1.1 -0.7 -0.7
7.7 4.8 10.9 15.3 19 19.2 18 20.4 22.9 23.3 22.4 22.1 18.8 19 23.2 23.6 25.6 27.8 29.8 32.7 37.2 41.1 44.3 47.7 52 56.3 60 64 67.8 70.8 73.6 73.5 74 76.9 79.9 89.3 97.7 102.4 108.9 111.3 112.1 115.8 112.2 109.4 104.1 97.5 91.4 85 78.5 72.7 67.6 66.9 64.8 62.9 60.7 57.3 54.2 51.2 48.3 46.2 46.6 46.7 48.2 47.1 39.6 35.1 32.7 30.5 26.9 23.3 20.5 19.6 17.8 17.4 17.1 15.8 13 11.5 9.2 6.7 5.1 1.3 9.8 -0.7 -0.7
9.1 5.7 7.7 11.4 14 13.6 14.9 19.2 21.7 22.8 21.3 16.7 19.7 23.2 22.6 24 26 28.2 31.2 34.8 37.8 40.4 44.1 48.2 52.4 56.7 60.8 64.6 67.7 68.6 69.5 70.6 72.7 76.3 82.9 93.2 98.5 101.9 100.8 104.4 105.5 105.7 103 100.7 102.1 100.5 95 91.9 84.2 77.9 72.2 71 67 62.5 57.5 54.6 52.8 50.6 48 46.5 46.2 46.7 46.8 43.8 42.8 38.1 34.9 36.2 36.5 28.6 18.6 18.1 16.1 10.2 10.5 10.3 6.1 3.4 4.2 1.8 1.5 -0.7 -0.7 -0.7 -0.7
4.8 6.4 8.4 9.9 10.8 11.3 11.8 17.5 21.1 22.7 20.8 15.8 19.5 20.9 22.1 24.2 26.3 28.8 31.4 33.9 36.8 40.5 44.9 49.1 53.2 57.3 60.1 62.8 65.5 65.8 68.3 72.1 76.3 81.2 88.3 92.1 93.2 97.6 96.6 98.4 100.4 100.9 98.4 97 97 95.8 92.2 87.9 82.6 75.1 70.8 68.1 63.7 58.7 54.9 51.7 49.9 47.9 45.3 43.8 43.2 41.6 41.1 40.9 38 36.4 35.3 35.7 35.2 25.2 16.7 15.3 11.6 6.7 3.6 2.5 1.1 0.6 -0.7 -0.7 -0.7 -0.7 -0.7 -0.7 -0.7
8.3 8.3 8.4 8.7 9.8 10.9 11.6 12.3 16.8 21 18.6 14.4 18.8 20.8 22.7 24.9 27.1 29.3 31.8 35.2 39.1 43.1 46.9 50.3 53.8 56.5 58.8 61.5 64.4 66.8 69.4 73 76.7 80.2 81.3 83.5 86.7 91 91.5 94.3 99.7 100.8 99.1 93.4 89.7 86.6 84.6 81.3 75.7 72.6 69.4 64.4 60.5 56.7 53.1 48.9 46.6 44.2 41.8 40.1 38.1 36.2 35.5 36.4 33.6 30.6 27.4 25.8 22.2 16.2 12.7 9.6 6.2 3.4 0.7 0.2 -0.7 -0.7 -0.7 -0.7 -0.7 -0.7 -0.7 -0.7 -0.7
8.7 9 9.5 10.4 10 9.7 10.3 10.7 13.1 13.7 13.2 13.8 17 21.1 23.3 25.6 28 30.5 33.9 37.9 41.7 45.5 48.3 50.2 53.2 55.3 57.5 60.4 63.3 66.2 69.2 72.5 75.4 77 79.9 81.2 81.9 83.9 90.1 97.2 103.8 106.6 103.2 98 88.8 80.1 77.7 74.7 73.3 71.5 67.7 61.5 57.8 54.4 49 44.2 42 39.5 37 35 33.1 31.1 30.2 30.1 28.6 24.2 21.4 19 17.2 9.8 8.1 5.7 2.1 0.6 -0.7 -0.7 -0.7 -0.7 -0.7 -0.7 -0.7 -0.7 -0.7 -0.7 -0.7
8.6 9.3 9.7 9.7 13.5 17.1 10.8 10.3 12.2 12.8 16.4 21.9 19.8 20.9 24.5 26.7 29 32.9 36.7 40.5 43.8 46.2 48.5 50.2 52.1 54.2 56.6 59.3 62.5 66 69.1 71.5 73.6 74.1 77.3 78.9 81 87.1 89.3 93.3 95 96.9 92.8 87 80.7 75.5 71.5 68.6 66.1 63.6 58.6 54.7 52.2 49 41.6 40.2 37 35 33 31.3 29.3 27.3 27.2 25 23.5 18.4 19.4 17.3 15.4 9.9 3 2 0.5 -0.7 -0.7 -0.7 -0.7 -0.7 -0.7 -0.7 -0.7 -0.7 -0.7 -0.7 -0.7
8.2 8.8 8.7 10.1 21 21.4 20.3 11.7 13.1 16.6 20.7 23.5 23.4 23.4 25.2 28.2 31.7 35.9 39.5 42.3 45.1 46.5 47.7 49.5 51.2 53.3 56.4 59.5 62.2 65 67.9 70.8 71 73.6 76.1 79 81.4 83.7 84.9 86.2 87.7 87.4 83.5 78.1 73 68 61.7 58.8 56.8 53.3 49.4 45.8 42 39.4 36 33.5 32.2 30.7 29.1 27.6 25.8 25.2 22 21.7 18.9 13.1 15.1 12.3 15 10.6 1 0.4 -0.7 -0.7 -0.7 -0.7 -0.7 -0.7 -0.7 -0.7 -0.7 -0.7 -0.7 -0.7 -0.7
8 8.2 8.5 11.9 21 21.7 21.1 16.9 15.3 17.8 21.7 24.9 25.5 26.7 27.4 31.1 35.2 38.7 42 43.6 45.1 46 47.1 48.9 51.4 53.6 56.9 60.1 63.1 65.3 66.7 69.5 71.6 73.8 76.9 79.9 82.9 86.1 91.4 86.9 85.2 81.8 78 72.8 66.9 61.4 56.5 49.8 46.6 43 39.5 36.8 34.6 31.8 28.7 26.1 24.7 24.6 23.7 21.4 19 15.5 12.5 12.5 9.3 6.3 7.1 5.6 7.3 8.8 -0.7 -0.7 -0.7 -0.7 -0.7 -0.7 -0.7 -0.7 -0.7 -0.7 -0.7 -0.7 -0.7 -0.7 -0.7
7.5 8.4 8.6 9.7 21.3 22.2 21.2 18 18 22.1 21.3 24.5 26.8 28.2 31.2 32.5 35.9 40.2 41.1 42.9 45.5 46.5 47.5 49.7 52.2 54.3 57.2 60.5 63.7 65.1 66.6 68.3 72.2 72.7 78 82.8 85.8 90 87.6 84.9 84 81.8 81.5 80.6 68.7 60.5 57.6 50.7 39.3 36.2 33.4 31.1 27.4 24.2 21.8 20 18.8 18.9 15.6 10.7 9.8 8.2 7.4 6.4 7.3 4.2 1.8 0.9 1.1 -0.7 -0.7 -0.7 -0.7 -0.7 -0.7 -0.7 -0.7 -0.7 -0.7 -0.7 -0.7 -0.7 -0.7 -0.7 -0.7
7 8.1 8.8 9.7 21.2 22.2 20.9 21.4 20.5 23.5 23 25.9 28.8 31.5 34.3 36.9 39.1 40.2 41.5 42.9 44.9 47.1 49 51 53 55.1 57.5 60.8 62.6 64.5 67 70.5 73.8 77.5 81.3 83.6 85.5 87.3 87.6 89.8 96 96.1 91.6 81 68.3 59.6 51.2 44 37.6 33.1 28.3 26 21.8 18.3 16.5 14.7 12.7 10.8 9.6 8.4 7.4 5 3.8 2.5 1.8 0.8 0.4 -0.7 -0.7 -0.7 -0.7 -0.7 -0.7 -0.7 -0.7 -0.7 -0.7 -0.7 -0.7 -0.7 -0.7 -0.7 -0.7 -0.7 -0.7
7.9 8.2 10.6 15.4 21.8 22.3 20.4 21.4 22.7 23 25.5 28.4 31.4 34.1 36.6 39.3 40.4 41.2 42.3 43.8 45.6 47.4 49.6 52.3 53.9 55.8 57.8 60.4 63.7 67.2 70.7 73.8 75.9 77 79.6 83.8 85.4 87.5 91.1 94.8 95.4 91.1 83.8 74 61.5 53.2 47.5 42.8 37.8 31.6 27.3 21.3 17.7 14.5 10.7 9.3 8.6 8 7.1 6.2 6 2.8 1.2 0.6 0.3 -0.7 -0.7 -0.7 -0.7 -0.7 -0.7 -0.7 -0.7 -0.7 -0.7 -0.7 -0.7 -0.7 -0.7 -0.7 -0.7 -0.7 -0.7 -0.7 -0.7
11.2 12.9 14.4 18.5 21.3 22.1 21.3 22.9 23.9 25 27.5 30 32.5 35 37.5 40 41.2 42.1 43.1 44.6 46.6 49.8 52.5 54.2 57.8 60.1 62.3 65.3 68.8 71 73 73.4 74.3 76.8 79.6 83.1 86.3 88.6 90.7 91.3 87.7 81.1 73.1 65.1 57.6 51.8 48.4 42.8 37.5 30.3 23.1 18.6 12.2 11.6 9.3 8.1 7.1 6.5 4.4 2.7 2 0.8 0.1 -0.7 -0.7 -0.7 -0.7 -0.7 -0.7 -0.7 -0.7 -0.7 -0.7 -0.7 -0.7 -0.7 -0.7 -0.7 -0.7 -0.7 -0.7 -0.7 -0.7 -0.7 -0.7
12.7 14.3 16 18.5 21.8 22.9 22.4 23.5 24.8 27.8 30.1 32.3 34.6 36.9 38.6 39.8 41.1 42.5 43.9 46 48.8 52.6 55.2 57.4 60.4 63.2 65.9 67.3 68.6 70 73.2 73.4 74.7 76.6 77.8 79.8 80.7 82.2 82.7 80.5 75.1 69 62.8 57.4 51.6 45.7 40.6 35.1 30.5 23.7 16.2 9.6 9.4 7.9 7.6 6 4.6 2.1 1.1 0.6 0.1 -0.7 -0.7 -0.7 -0.7 -0.7 -0.7 -0.7 -0.7 -0.7 -0.7 -0.7 -0.7 -0.7 -0.7 -0.7 -0.7 -0.7 -0.7 -0.7 -0.7 -0.7 -0.7 -0.7 -0.7
14.1 15.7 17.3 19.8 22.9 23.7 24 25.2 28 30.6 33.2 35.4 37.5 38.5 39.5 40.4 41.7 43 46.1 48.8 51.7 55.3 57.8 60.6 63.3 66 68.7 71.8 72.7 73.4 75.5 73.1 73.3 74.7 73.9 73.9 74.7 74.7 73.3 69.8 64.7 58.5 53.6 49.1 43.8 38.2 32.6 27.7 23.2 15.4 10.2 9.3 7.2 6.6 6.4 1.7 1 0.3 -0.7 -0.7 -0.7 -0.7 -0.7 -0.7 -0.7 -0.7 -0.7 -0.7 -0.7 -0.7 -0.7 -0.7 -0.7 -0.7 -0.7 -0.7 -0.7 -0.7 -0.7 -0.7 -0.7 -0.7 -0.7 -0.7 -0.7
15.5 17.1 18.6 22.1 24.2 25.5 26.1 28.8 31.5 33.8 36.2 37.4 38.4 39.7 40.9 42.4 44.9 47.3 49.2 52.2 55.6 58.9 61.3 64.1 66.9 69.6 72.4 76.8 78.5 82.9 73.7 75.5 74.9 72 68.6 70.6 70.1 69.6 65.1 59.8 54.7 51.8 46.7 40.9 36.2 30.7 26.1 23.9 16.9 11.1 10.8 7.7 6.7 2.8 1 -0.7 -0.7 -0.7 -0.7 -0.7 -0.7 -0.7 -0.7 -0.7 -0.7 -0.7 -0.7 -0.7 -0.7 -0.7 -0.7 -0.7 -0.7 -0.7 -0.7 -0.7 -0.7 -0.7 -0.7 -0.7 -0.7 -0.7 -0.7 -0.7 -0.7
16.6 17.9 21.3 24 25.5 27.2 29 32 35.8 39.4 42.5 43.6 44.5 45.4 46.4 47.6 49.3 51.6 53 56.3 59.9 63.3 66.2 67 69.9 72.4 74.4 76 74.2 76 73.1 73.9 71.8 68.4 66.6 69.1 68.8 65.4 60.2 54.7 52 47 41.1 33.2 28.8 26.8 24.5 19.6 11.4 11.3 8.4 7.5 2.4 0.6 -0.7 -0.7 -0.7 -0.7 -0.7 -0.7 -0.7 -0.7 -0.7 -0.7 -0.7 -0.7 -0.7 -0.7 -0.7 -0.7 -0.7 -0.7 -0.7 -0.7 -0.7 -0.7 -0.7 -0.7 -0.7 -0.7 -0.7 -0.7 -0.7 -0.7 -0.7
17.8 20.4 23.9 26.1 27.7 29.4 32.2 35.5 40.2 44.7 48.2 48.9 49.8 50.8 52 52.5 53.3 54.5 58 62.1 65.6 67.6 69.4 69.7 72.1 73 75.1 80 77.7 71.4 70.6 70.2 66.3 63.8 63.8 65.2 65.7 62.9 59.5 55 50.7 45.2 36.5 28.1 26.2 24.9 23.6 15.1 8.8 10.8 7.1 2 0.5 -0.7 -0.7 -0.7 -0.7 -0.7 -0.7 -0.7 -0.7 -0.7 -0.7 -0.7 -0.7 -0.7 -0.7 -0.7 -0.7 -0.7 -0.7 -0.7 -0.7 -0.7 -0.7 -0.7 -0.7 -0.7 -0.7 -0.7 -0.7 -0.7 -0.7 -0.7 -0.7
19.1 22.9 25.6 27.8 30.6 34.1 37.5 40.7 44.4 49.6 53.3 54.8 55.2 55.9 56.4 57.1 58.6 57.9 61.1 66.1 67.3 66.9 69.8 71.3 71.9 73.6 76.8 79.4 74.9 71.6 70.1 69.2 66.4 60.4 58.1 59.2 60.9 60.8 58.5 53.9 48.9 41.4 32.3 24.4 23.6 23.9 22.2 10.8 8.3 8 2.3 0.4 -0.7 -0.7 -0.7 -0.7 -0.7 -0.7 -0.7 -0.7 -0.7 -0.7 -0.7 -0.7 -0.7 -0.7 -0.7 -0.7 -0.7 -0.7 -0.7 -0.7 -0.7 -0.7 -0.7 -0.7 -0.7 -0.7 -0.7 -0.7 -0.7 -0.7 -0.7 -0.7 -0.7
20.6 24 27.4 30 33.7 37.2 41 44.9 50.2 56.5 59.1 59.4 59.1 59.8 60.8 61.7 62 60.4 63.4 67 68.1 67.8 67.6 70.7 72.3 75.9 78.8 82.3 75.5 73.7 71.5 69.4 66.5 59.7 55.2 55.1 56.6 56.4 52.6 48.3 43.9 36.4 27.3 22.7 18.1 10.6 9 9.4 7.9 5.9 -0.7 -0.7 -0.7 -0.7 -0.7 -0.7 -0.7 -0.7 -0.7 -0.7 -0.7 -0.7 -0.7 -0.7 -0.7 -0.7 -0.7 -0.7 -0.7 -0.7 -0.7 -0.7 -0.7 -0.7 -0.7 -0.7 -0.7 -0.7 -0.7 -0.7 -0.7 -0.7 -0.7 -0.7 -0.7
