app/static/ascii/NR71.asc
ncols 200
nrows 200
xllcorner 170000
yllcorner 610000
cellsize 50
[rows 144 to 179 of 200, columns 80 to 159 of 200]
160.6 156.1 148.5 140.3 132.5 122.4 110.8 103.4 109.1 113.5 113.1 112.9 113.3 113.7 114.8 115.8 114 113.2 110 103.1 93 99 105.4 109.7 114.7 118.5 122.1 126.8 132.7 139.4 144.4 143.3 140.9 134.2 126.6 126.3 127.5 135.2 137.9 141 139.2 134.9 136.2 138.7 144.3 142.7 142.3 138.7 134.3 107.8 75.7 42.9 8.3 1.7 -0.7 -0.7 -0.7 -0.7 -0.7 -0.7 -0.7 -0.7 -0.7 -0.7 -0.7 -0.7 -0.7 -0.7 -0.7 -0.7 -0.7 -0.7 -0.7 -0.7 -0.7 -0.7 -0.7 -0.7 -0.7 -0.7
155.3 151.3 145.2 137.4 130.8 123 112.1 99.5 98.2 106.6 105.8 104.2 104.5 104.3 104.4 106.2 104.9 103 99.9 92.5 93.4 100.9 104.5 108.1 112.8 115.8 118.6 122.9 127.8 132.7 138.3 137.6 134.8 127.5 125.4 128.4 130.4 131.5 135.4 135.9 134.1 133.5 133.6 134.8 136.6 133.9 134.8 130.1 118.2 93.1 68.9 34.2 1.8 -0.7 -0.7 -0.7 -0.7 -0.7 -0.7 -0.7 -0.7 -0.7 -0.7 -0.7 -0.7 -0.7 -0.7 -0.7 -0.7 -0.7 -0.7 -0.7 -0.7 -0.7 -0.7 -0.7 -0.7 -0.7 -0.7 -0.7
149.7 145.1 139.1 133.3 127.2 121 112.2 99.2 87 96.8 98 96 95.7 95.6 95.6 96.2 95 92.7 89.8 83.7 93.7 99.7 103.3 106.8 110.9 112.5 113.2 117.6 121.9 126.1 130.9 131.6 129.5 125.1 126 129.9 131.6 132.9 131.5 130 128.8 127.7 127.1 125.9 123.8 122.7 114.1 104.6 92.1 76.5 57 26.6 0.8 -0.7 -0.7 -0.7 -0.7 -0.7 -0.7 -0.7 -0.7 -0.7 -0.7 -0.7 -0.7 -0.7 -0.7 -0.7 -0.7 -0.7 -0.7 -0.7 -0.7 -0.7 -0.7 -0.7 -0.7 -0.7 -0.7 -0.7
143.2 137.4 132.2 126.8 121.2 115 107.6 100.4 83.4 89.3 91 88.5 88.3 89 89.6 89.3 85.7 83.5 80.8 84.3 92.1 98.4 102 105.5 108.3 108.7 109.3 112.5 116.6 121.3 126.1 127.2 124.8 123.2 127.9 131.2 133.6 135.1 136.1 136.5 133.1 126.6 120.1 119.8 116 110.1 104.5 91 84 67.2 47.2 13 0.6 -0.7 -0.7 -0.7 -0.7 -0.7 -0.7 -0.7 -0.7 -0.7 -0.7 -0.7 -0.7 -0.7 -0.7 -0.7 -0.7 -0.7 -0.7 -0.7 -0.7 -0.7 -0.7 -0.7 -0.7 -0.7 -0.7 -0.7
135.7 130 125.1 118.6 112.9 107.8 102.9 97.1 90.4 81.4 83.6 82.6 81.2 80.8 81.3 80.3 78.3 75.3 76.9 83.2 89.8 96.6 100.5 104.1 104.3 104.4 105 107 110.9 117 122.1 121.8 120.8 124.9 127.1 130 133.1 134.8 133.3 132.7 132.1 127.6 116.9 113 107.2 101 95.6 84.4 64.5 42.4 21.3 1.2 -0.7 -0.7 -0.7 -0.7 -0.7 -0.7 -0.7 -0.7 -0.7 -0.7 -0.7 -0.7 -0.7 -0.7 -0.7 -0.7 -0.7 -0.7 -0.7 -0.7 -0.7 -0.7 -0.7 -0.7 -0.7 -0.7 -0.7 -0.7
129.2 122.9 115.7 108.2 103.4 99.7 96.1 91.2 87.6 83.3 80 74.9 69.9 73.3 72.9 72.9 72.5 69.9 75.4 81.3 87.1 93.1 98.7 102.2 101.5 100.3 100.8 103.2 108.3 113.7 116.9 117.6 120.3 123.6 126.4 128.9 128.5 126 125.2 123.9 120.7 118.2 114.6 117.5 111.1 102.7 93.2 81.2 55.7 31.5 5.8 0.4 -0.7 -0.7 -0.7 -0.7 -0.7 -0.7 -0.7 -0.7 -0.7 -0.7 -0.7 -0.7 -0.7 -0.7 -0.7 -0.7 -0.7 -0.7 -0.7 -0.7 -0.7 -0.7 -0.7 -0.7 -0.7 -0.7 -0.7 -0.7
118.8 109.5 103.3 102.8 99.6 96 94.2 91.8 90.1 89.4 85.3 79.1 70.7 65.5 65 67 67.2 68.1 74.1 79.4 85.1 90.9 96.8 99.5 99.8 97.7 98.6 102.2 107.2 111.3 110.7 115.4 121.2 125.9 130 132 132 128 123.7 118.5 111.6 108 108.6 113.4 114.7 108 101.4 93.2 69 30.1 1.2 -0.7 -0.7 -0.7 -0.7 -0.7 -0.7 -0.7 -0.7 -0.7 -0.7 -0.7 -0.7 -0.7 -0.7 -0.7 -0.7 -0.7 -0.7 -0.7 -0.7 -0.7 -0.7 -0.7 -0.7 -0.7 -0.7 -0.7 -0.7 -0.7
122.7 121.9 119 114.6 111.2 107.6 102.5 98 92.6 88.4 83.4 77.8 73.3 69.9 64.3 62.7 59.1 68.8 73.2 77.5 82.4 89 94.6 97.6 96.6 97.4 98.2 101.6 105.9 107.6 112.3 119.3 127.9 133.8 139.3 143.9 146.1 147.1 142.7 134.4 118.6 105.3 98.5 102.9 109 106 95.7 91.4 53.8 7.8 0.6 -0.7 -0.7 -0.7 -0.7 -0.7 -0.7 -0.7 -0.7 -0.7 -0.7 -0.7 -0.7 -0.7 -0.7 -0.7 -0.7 -0.7 -0.7 -0.7 -0.7 -0.7 -0.7 -0.7 -0.7 -0.7 -0.7 -0.7 -0.7 -0.7
143.3 139.3 132.6 125.1 121 114.5 109.5 104.3 97.8 91.2 83.5 76.5 72.8 70.1 68.3 62.3 57.5 67.1 71.7 75.7 79.6 85 90.1 93.3 94.4 94.1 96.7 99.8 102.1 107.6 114.8 122.6 132.5 143.2 154 160.6 171.6 178.3 174.7 164.6 135.2 110.8 94.8 92.3 97.9 93.3 85.6 73.1 47.4 0.8 -0.7 -0.7 -0.7 -0.7 -0.7 -0.7 -0.7 -0.7 -0.7 -0.7 -0.7 -0.7 -0.7 -0.7 -0.7 -0.7 -0.7 -0.7 -0.7 -0.7 -0.7 -0.7 -0.7 -0.7 -0.7 -0.7 -0.7 -0.7 -0.7 -0.7
160.2 156.2 146.7 136.1 128.3 121.6 116.3 110.6 106 98.9 89.2 79.3 71.9 70.1 67.8 64.7 59.3 62.3 70.2 74 76.9 79.8 84.3 88.5 88.3 93.8 94.7 94.7 104.7 110.8 117.7 126.6 136.9 148.5 160 179.7 187 186.5 181.6 168.9 151.9 120.5 94.7 81.1 76.4 57.7 41.3 28.5 1.3 -0.7 -0.7 -0.7 -0.7 -0.7 -0.7 -0.7 -0.7 -0.7 -0.7 -0.7 -0.7 -0.7 -0.7 -0.7 -0.7 -0.7 -0.7 -0.7 -0.7 -0.7 -0.7 -0.7 -0.7 -0.7 -0.7 -0.7 -0.7 -0.7 -0.7 -0.7
167.9 163.7 155.9 149.5 138.8 128.8 122.5 116.8 112.4 105.5 95.9 84.7 75.5 73.8 72.1 69.4 62.6 58.4 68.8 67.9 70.1 74.3 78.2 81.6 86.3 87 93.2 96.9 101.9 111.4 118.3 125.4 138.6 154 167.1 179.7 180.5 178.2 177.4 168.4 149.1 123.3 90.5 72.5 53.6 42.3 17.1 4.6 0.4 -0.7 -0.7 -0.7 -0.7 -0.7 -0.7 -0.7 -0.7 -0.7 -0.7 -0.7 -0.7 -0.7 -0.7 -0.7 -0.7 -0.7 -0.7 -0.7 -0.7 -0.7 -0.7 -0.7 -0.7 -0.7 -0.7 -0.7 -0.7 -0.7 -0.7 -0.7
168.4 166.6 161.8 156.8 147.7 138.7 130.4 123.2 115.1 109.6 101.1 91.3 80.1 75.7 72.9 69.8 63.2 58.7 65 65.4 73.2 80 83.6 85.6 87.1 91.1 94.7 98 103 108.6 114.3 125.2 141.2 155.5 167.4 172 174.8 174.9 172.6 168.9 159 119.5 86.9 64.4 31.6 19.6 9.2 1.2 0 -0.7 -0.7 -0.7 -0.7 -0.7 -0.7 -0.7 -0.7 -0.7 -0.7 -0.7 -0.7 -0.7 -0.7 -0.7 -0.7 -0.7 -0.7 -0.7 -0.7 -0.7 -0.7 -0.7 -0.7 -0.7 -0.7 -0.7 -0.7 -0.7 -0.7 -0.7
170.2 169.5 166.1 160.7 151.9 144.3 136.7 128 117.9 111.7 103.8 96.3 86.8 82.1 75.8 70.5 61.9 56.4 58.2 65.7 70.9 76.8 82.9 84.4 86.8 90.2 93.1 99.1 103.8 108.8 115.2 126.5 142.5 154.4 159.3 169.1 172.4 171.5 169.3 164.8 152.5 123.8 90.5 63.4 27.9 8.4 5.9 -0.7 -0.7 -0.7 -0.7 -0.7 -0.7 -0.7 -0.7 -0.7 -0.7 -0.7 -0.7 -0.7 -0.7 -0.7 -0.7 -0.7 -0.7 -0.7 -0.7 -0.7 -0.7 -0.7 -0.7 -0.7 -0.7 -0.7 -0.7 -0.7 -0.7 -0.7 -0.7 -0.7
172.9 172.8 170.5 163.3 155.2 146.9 139.2 132.5 120.5 112.7 105.8 97.6 91 87.6 83.7 73.2 63.3 54.1 52 63.4 68.2 73.8 80.6 83.4 85.9 89.2 92.4 100.1 104.5 110.4 116.4 128.6 139 148 154.5 164.9 166.8 166 161.6 155.4 141 111.8 80.9 49.2 21.2 3.2 0.8 -0.7 -0.7 -0.7 -0.7 -0.7 -0.7 -0.7 -0.7 -0.7 -0.7 -0.7 -0.7 -0.7 -0.7 -0.7 -0.7 -0.7 -0.7 -0.7 -0.7 -0.7 -0.7 -0.7 -0.7 -0.7 -0.7 -0.7 -0.7 -0.7 -0.7 -0.7 -0.7 -0.7
176 176.5 174.1 167.5 159.2 148.3 139.5 130.7 126.2 118.5 110.5 100.9 93.8 91.6 87.4 77.5 65.5 62.4 53.3 61.4 63.9 68.9 76.3 79.5 83.5 87.1 92 99.7 103.1 108.8 116.8 129.6 135.4 141.3 147.6 152.7 152.5 150.7 144.2 138.6 127.9 90.2 66.2 39.3 12 -0.7 -0.7 -0.7 -0.7 -0.7 -0.7 -0.7 -0.7 -0.7 -0.7 -0.7 -0.7 -0.7 -0.7 -0.7 -0.7 -0.7 -0.7 -0.7 -0.7 -0.7 -0.7 -0.7 -0.7 -0.7 -0.7 -0.7 -0.7 -0.7 -0.7 -0.7 -0.7 -0.7 -0.7 -0.7
178.2 179.7 176.4 170.7 162.9 150.2 140.5 137.5 133.2 125 117.4 107.1 95.1 95.1 90 80.7 70.8 64.4 54.4 51.2 55.4 63.8 70.7 75.8 80.6 85.2 92 96.9 102.8 110 117.7 125.6 130.5 133.8 136.4 138.2 136.4 138.5 138.1 136.5 124.8 87.5 52.6 24.7 3.4 -0.7 -0.7 -0.7 -0.7 -0.7 -0.7 -0.7 -0.7 -0.7 -0.7 -0.7 -0.7 -0.7 -0.7 -0.7 -0.7 -0.7 -0.7 -0.7 -0.7 -0.7 -0.7 -0.7 -0.7 -0.7 -0.7 -0.7 -0.7 -0.7 -0.7 -0.7 -0.7 -0.7 -0.7 -0.7
180.8 181.2 177.5 171.8 165.8 153.7 145.4 141.1 134.7 127.3 119.9 107.9 100 100.5 94.3 84.1 76.5 66.8 59.8 48.3 47.9 58.7 65.5 73.8 78.4 84.1 90.8 98 104.8 111.8 117.5 122.6 126.9 127.5 126.5 125.1 137.2 137.9 137.1 123.4 117 94.6 34.3 7.6 0.5 -0.7 -0.7 -0.7 -0.7 -0.7 -0.7 -0.7 -0.7 -0.7 -0.7 -0.7 -0.7 -0.7 -0.7 -0.7 -0.7 -0.7 -0.7 -0.7 -0.7 -0.7 -0.7 -0.7 -0.7 -0.7 -0.7 -0.7 -0.7 -0.7 -0.7 -0.7 -0.7 -0.7 -0.7 -0.7
182.8 181.7 178.8 173.1 166.2 158.5 151.5 145.9 135.8 126.5 119.5 112.2 109.3 112.5 102.3 87.8 78.6 69.7 61.1 49.6 47.3 54.8 63.7 71.2 76.9 84.2 92.3 99.6 106.5 110.8 115.2 119.6 124 127.4 121.9 120.6 124.7 126.9 119.6 121.3 110.4 56.1 17.7 1.1 -0.7 -0.7 -0.7 -0.7 -0.7 -0.7 -0.7 -0.7 -0.7 -0.7 -0.7 -0.7 -0.7 -0.7 -0.7 -0.7 -0.7 -0.7 -0.7 -0.7 -0.7 -0.7 -0.7 -0.7 -0.7 -0.7 -0.7 -0.7 -0.7 -0.7 -0.7 -0.7 -0.7 -0.7 -0.7 -0.7
182.9 181.7 178.7 174.3 167.6 161.2 153.7 147.3 138.6 127.7 119 113.3 113.4 116.4 108.9 90.9 78.2 68.8 62.2 52.5 46.7 56.9 64.4 72.8 78.7 85.3 95.8 102 106.9 110.1 114.4 117.6 120.5 121.8 117.6 114.6 112.8 115.4 117 114.2 107.2 27.3 3 -0.7 -0.7 -0.7 -0.7 -0.7 -0.7 -0.7 -0.7 -0.7 -0.7 -0.7 -0.7 -0.7 -0.7 -0.7 -0.7 -0.7 -0.7 -0.7 -0.7 -0.7 -0.7 -0.7 -0.7 -0.7 -0.7 -0.7 -0.7 -0.7 -0.7 -0.7 -0.7 -0.7 -0.7 -0.7 -0.7 -0.7
182.6 181.8 179.3 174.2 169 163.7 157.1 149.3 140.4 129.6 118.9 113.9 114.8 119.2 118.5 95.2 79.3 67.7 61 51 44.8 57.2 65.6 73 80.6 88.6 98.1 102.5 106.9 109.9 112.4 113.8 115.8 115.1 113.4 111.7 97.5 105.4 111.6 108.4 65.4 9.5 -0.7 -0.7 -0.7 -0.7 -0.7 -0.7 -0.7 -0.7 -0.7 -0.7 -0.7 -0.7 -0.7 -0.7 -0.7 -0.7 -0.7 -0.7 -0.7 -0.7 -0.7 -0.7 -0.7 -0.7 -0.7 -0.7 -0.7 -0.7 -0.7 -0.7 -0.7 -0.7 -0.7 -0.7 -0.7 -0.7 -0.7 -0.7
185 183.6 179.7 174.2 169.2 163.3 156.2 148.6 139.6 129.6 121.9 115.6 115.6 120.4 118.9 98.4 77.4 66.7 61.6 47.2 49 62.5 68.4 74.6 81.3 93.1 98.9 102.9 106.8 109 110.3 110.2 110 108.6 106 91.9 82.6 80.9 92.1 64.5 17.5 0.9 -0.7 -0.7 -0.7 -0.7 -0.7 -0.7 -0.7 -0.7 -0.7 -0.7 -0.7 -0.7 -0.7 -0.7 -0.7 -0.7 -0.7 -0.7 -0.7 -0.7 -0.7 -0.7 -0.7 -0.7 -0.7 -0.7 -0.7 -0.7 -0.7 -0.7 -0.7 -0.7 -0.7 -0.7 -0.7 -0.7 -0.7 -0.7
186.5 185.3 181.1 172.1 166.6 161.1 153.7 146.8 135.4 127.3 121.4 115.6 112.9 114.7 109.3 97.8 76.8 65.4 59.7 42.3 54.3 63.9 71.3 79.2 87.3 94.1 99.3 102.7 106.2 107.6 107.5 105.7 103.2 99.4 96.4 73.4 55 34.4 26.8 19.6 1.4 -0.7 -0.7 -0.7 -0.7 -0.7 -0.7 -0.7 -0.7 -0.7 -0.7 -0.7 -0.7 -0.7 -0.7 -0.7 -0.7 -0.7 -0.7 -0.7 -0.7 -0.7 -0.7 -0.7 -0.7 -0.7 -0.7 -0.7 -0.7 -0.7 -0.7 -0.7 -0.7 -0.7 -0.7 -0.7 -0.7 -0.7 -0.7 -0.7
185.8 187.3 177.9 170 163.7 158 151.6 144.2 130.7 120.2 112.6 109.4 106.7 104.1 99.9 93.2 77 65.1 59 41.5 55.4 66.6 74.7 81.8 88.5 94.2 99.4 104.4 105.2 104.9 103.9 101.9 98.2 90.5 78.4 53.5 26.9 9.6 3.5 1.1 -0.7 -0.7 -0.7 -0.7 -0.7 -0.7 -0.7 -0.7 -0.7 -0.7 -0.7 -0.7 -0.7 -0.7 -0.7 -0.7 -0.7 -0.7 -0.7 -0.7 -0.7 -0.7 -0.7 -0.7 -0.7 -0.7 -0.7 -0.7 -0.7 -0.7 -0.7 -0.7 -0.7 -0.7 -0.7 -0.7 -0.7 -0.7 -0.7 -0.7
188.1 186.7 175.1 168.2 161.9 155.6 149.4 139.9 130.8 116.6 105.2 101.5 98.1 95 90.3 87.4 77.2 65.6 51.4 54.3 66.8 72.5 77.5 79.4 85.8 94.5 102.2 105.5 105.5 103.4 99.9 97.2 92.2 82.4 64.1 28.3 5.9 1 -0.7 -0.7 -0.7 -0.7 -0.7 -0.7 -0.7 -0.7 -0.7 -0.7 -0.7 -0.7 -0.7 -0.7 -0.7 -0.7 -0.7 -0.7 -0.7 -0.7 -0.7 -0.7 -0.7 -0.7 -0.7 -0.7 -0.7 -0.7 -0.7 -0.7 -0.7 -0.7 -0.7 -0.7 -0.7 -0.7 -0.7 -0.7 -0.7 -0.7 -0.7 -0.7
189.1 186.1 174.4 166.6 160.3 154 148 140.5 132.3 121.4 106.1 97.1 90.6 86.5 84.5 83 73.5 63.9 46 58.1 68.3 70.1 67.9 69 73.9 94.8 101.7 108.2 109 103.8 98 93.8 84.2 65.9 30 7.7 -0.7 -0.7 -0.7 -0.7 -0.7 -0.7 -0.7 -0.7 -0.7 -0.7 -0.7 -0.7 -0.7 -0.7 -0.7 -0.7 -0.7 -0.7 -0.7 -0.7 -0.7 -0.7 -0.7 -0.7 -0.7 -0.7 -0.7 -0.7 -0.7 -0.7 -0.7 -0.7 -0.7 -0.7 -0.7 -0.7 -0.7 -0.7 -0.7 -0.7 -0.7 -0.7 -0.7 -0.7
184.8 183.4 172.7 165.2 158.9 152.7 148.1 135.4 125.7 115.5 101.7 94.2 87 83.4 78.3 74.9 66.8 58.1 49.6 49.7 57.3 60.2 61.4 64.7 70.2 84.6 101 110.3 113.5 108 99.2 88 72.1 41.6 8 0.8 -0.7 -0.7 -0.7 -0.7 -0.7 -0.7 -0.7 -0.7 -0.7 -0.7 -0.7 -0.7 -0.7 -0.7 -0.7 -0.7 -0.7 -0.7 -0.7 -0.7 -0.7 -0.7 -0.7 -0.7 -0.7 -0.7 -0.7 -0.7 -0.7 -0.7 -0.7 -0.7 -0.7 -0.7 -0.7 -0.7 -0.7 -0.7 -0.7 -0.7 -0.7 -0.7 -0.7 -0.7
182 180.5 172.6 161.6 155.7 148.8 138.3 127.9 117.6 108.1 98.9 92.6 86.1 81.4 74.2 68.2 64.3 63.9 53.1 36.5 42.2 53.2 54.8 59.3 65.3 78.4 97.7 105.1 111 102 88 72.2 46.5 16.7 1.1 -0.7 -0.7 -0.7 -0.7 -0.7 -0.7 -0.7 -0.7 -0.7 -0.7 -0.7 -0.7 -0.7 -0.7 -0.7 -0.7 -0.7 -0.7 -0.7 -0.7 -0.7 -0.7 -0.7 -0.7 -0.7 -0.7 -0.7 -0.7 -0.7 -0.7 -0.7 -0.7 -0.7 -0.7 -0.7 -0.7 -0.7 -0.7 -0.7 -0.7 -0.7 -0.7 -0.7 -0.7 -0.7
180.1 177.2 167.7 156.9 147.4 136.9 127.4 117.3 108.5 101.5 93.5 87.7 82.1 77.2 73.1 73.2 69.8 67.1 54.1 44.2 32.9 42.5 44.7 50.9 61.1 72.5 93 99.4 97.9 91.5 83 49.3 15.9 4.5 0.2 -0.7 -0.7 -0.7 -0.7 -0.7 -0.7 -0.7 -0.7 -0.7 -0.7 -0.7 -0.7 -0.7 -0.7 -0.7 -0.7 -0.7 -0.7 -0.7 -0.7 -0.7 -0.7 -0.7 -0.7 -0.7 -0.7 -0.7 -0.7 -0.7 -0.7 -0.7 -0.7 -0.7 -0.7 -0.7 -0.7 -0.7 -0.7 -0.7 -0.7 -0.7 -0.7 -0.7 -0.7 -0.7
175.8 170.3 160.7 148.3 136.1 126.1 117.5 108.7 104.3 99.5 95.6 89.7 84.6 79.7 77 74.2 72.6 70.1 66.5 54.9 42.1 28.7 37 51.5 65.3 75.9 88.6 89.7 88.7 85.2 78.9 40.5 6.1 1 -0.1 -0.7 -0.7 -0.7 -0.7 -0.7 -0.7 -0.7 -0.7 -0.7 -0.7 -0.7 -0.7 -0.7 -0.7 -0.7 -0.7 -0.7 -0.7 -0.7 -0.7 -0.7 -0.7 -0.7 -0.7 -0.7 -0.7 -0.7 -0.7 -0.7 -0.7 -0.7 -0.7 -0.7 -0.7 -0.7 -0.7 -0.7 -0.7 -0.7 -0.7 -0.7 -0.7 -0.7 -0.7 -0.7
165.8 161.8 153.1 140 126.6 121.2 119.7 117 113.4 107 104.4 96 90.1 84.6 81.2 79 76.1 71.4 71.1 62.3 48.1 28.5 43.5 53.2 62.2 72.9 80.9 80.7 80.3 75.1 43.6 10.3 1.1 -0.7 -0.7 -0.7 -0.7 -0.7 -0.7 -0.7 -0.7 -0.7 -0.7 -0.7 -0.7 -0.7 -0.7 -0.7 -0.7 -0.7 -0.7 -0.7 -0.7 -0.7 -0.7 -0.7 -0.7 -0.7 -0.7 -0.7 -0.7 -0.7 -0.7 -0.7 -0.7 -0.7 -0.7 -0.7 -0.7 -0.7 -0.7 -0.7 -0.7 -0.7 -0.7 -0.7 -0.7 -0.7 -0.7 -0.7
159.1 155.5 143.8 132.1 129.1 127.4 129.5 126 121.1 114 108.4 101 93.9 89.4 85.2 83.4 78.8 73.7 71.4 68.1 53.7 28.1 35.6 41 57.7 66.2 72.4 71.7 69.4 61.8 15.9 1.8 -0.7 -0.7 -0.7 -0.7 -0.7 -0.7 -0.7 -0.7 -0.7 -0.7 -0.7 -0.7 -0.7 -0.7 -0.7 -0.7 -0.7 -0.7 -0.7 -0.7 -0.7 -0.7 -0.7 -0.7 -0.7 -0.7 -0.7 -0.7 -0.7 -0.7 -0.7 -0.7 -0.7 -0.7 -0.7 -0.7 -0.7 -0.7 -0.7 -0.7 -0.7 -0.7 -0.7 -0.7 -0.7 -0.7 -0.7 -0.7
151.9 145 137.9 134.5 133.2 135.7 133.4 126.5 122.6 121 114.7 107.4 99.2 92.7 87.9 83.7 79.2 76.1 73.1 69.6 58.4 41.5 16.8 35.9 47.6 49.3 49.2 56.6 56.4 44.5 6.5 0.6 -0.7 -0.7 -0.7 -0.7 -0.7 -0.7 -0.7 -0.7 -0.7 -0.7 -0.7 -0.7 -0.7 -0.7 -0.7 -0.7 -0.7 -0.7 -0.7 -0.7 -0.7 -0.7 -0.7 -0.7 -0.7 -0.7 -0.7 -0.7 -0.7 -0.7 -0.7 -0.7 -0.7 -0.7 -0.7 -0.7 -0.7 -0.7 -0.7 -0.7 -0.7 -0.7 -0.7 -0.7 -0.7 -0.7 -0.7 -0.7
145.3 142.2 139.4 135.3 137.8 141.5 135.7 129.5 127.7 125 117.7 113 101.9 93.5 85.9 82.6 79.7 77.5 73.3 70 64.2 53.8 31.7 27.6 32.1 25.3 24.7 20.9 18.6 8.6 1 -0.5 -0.7 -0.7 -0.7 -0.7 -0.7 -0.7 -0.7 -0.7 -0.7 -0.7 -0.7 -0.7 -0.7 -0.7 -0.7 -0.7 -0.7 -0.7 -0.7 -0.7 -0.7 -0.7 -0.7 -0.7 -0.7 -0.7 -0.7 -0.7 -0.7 -0.7 -0.7 -0.7 -0.7 -0.7 -0.7 -0.7 -0.7 -0.7 -0.7 -0.7 -0.7 -0.7 -0.7 -0.7 -0.7 -0.7 -0.7 -0.7
141.3 146.6 139.4 135.8 140.9 146 147.4 140.5 135.5 127.2 118 114.7 107.9 92.5 87 83.8 79.3 74.3 70.4 68.5 65.3 60.3 46.1 12.5 15.6 11.3 8.9 6.5 3.8 0.9 0.5 -0.7 -0.7 -0.7 -0.7 -0.7 -0.7 -0.7 -0.7 -0.7 -0.7 -0.7 -0.7 -0.7 -0.7 -0.7 -0.7 -0.7 -0.7 -0.7 -0.7 -0.7 -0.7 -0.7 -0.7 -0.7 -0.7 -0.7 -0.7 -0.7 -0.7 -0.7 -0.7 -0.7 -0.7 -0.7 -0.7 -0.7 -0.7 -0.7 -0.7 -0.7 -0.7 -0.7 -0.7 -0.7 -0.7 -0.7 -0.7 -0.7
139.4 139.3 136.5 141.6 146.7 151.7 153.8 142.4 134.6 124.6 117.5 111.6 102.1 94.4 89.1 83.1 77.1 72.3 70 67.1 63.4 59.7 50.3 30.9 5.9 6.8 4.9 2.2 -0.7 -0.7 -0.7 -0.7 -0.7 -0.7 -0.7 -0.7 -0.7 -0.7 -0.7 -0.7 -0.7 -0.7 -0.7 -0.7 -0.7 -0.7 -0.7 -0.7 -0.7 -0.7 -0.7 -0.7 -0.7 -0.7 -0.7 -0.7 -0.7 -0.7 -0.7 -0.7 -0.7 -0.7 -0.7 -0.7 -0.7 -0.7 -0.7 -0.7 -0.7 -0.7 -0.7 -0.7 -0.7 -0.7 -0.7 -0.7 -0.7 -0.7 -0.7 -0.7
137.3 138.6 142 143.5 148.4 150.5 146.6 136.7 133.8 122 114.1 108.8 109.3 104.1 91.9 83.8 76.7 73.3 71.4 69.2 68.8 60.8 50.9 41 10 2.2 1.5 -0.7 -0.7 -0.7 -0.7 -0.7 -0.7 -0.7 -0.7 -0.7 -0.7 -0.7 -0.7 -0.7 -0.7 -0.7 -0.7 -0.7 -0.7 -0.7 -0.7 -0.7 -0.7 -0.7 -0.7 -0.7 -0.7 -0.7 -0.7 -0.7 -0.7 -0.7 -0.7 -0.7 -0.7 -0.7 -0.7 -0.7 -0.7 -0.7 -0.7 -0.7 -0.7 -0.7 -0.7 -0.7 -0.7 -0.7 -0.7 -0.7 -0.7 -0.7 -0.7 -0.7
