app/static/ascii/NR72.asc
ncols 200
nrows 200
xllcorner 170000
yllcorner 620000
cellsize 50
[rows 108 to 143 of 200, columns 0 to 81 of 200]
92.8 94.2 96.1 99.5 104 110.8 117.8 124.1 128.1 129.7 130.3 128.1 129.7 132.2 134.9 137.8 141 145.2 148.7 154.6 162.1 169.4 176.2 184.2 192.6 198.6 192.6 185.2 180.2 174.9 169.5 166.9 161.9 158.5 162.1 165.7 169.8 174.1 178.6 179.5 176.1 171.4 167.7 164.5 161.3 156.9 153.6 154.5 156.8 158.8 159.8 159.5 159.9 160.5 159.4 157.2 157.4 157.5 157.6 158.4 159.4 158.5 155.8 155.3 156.4 157.9 159.3 160.1 162 163.8 164 163.2 162.5 162.5 162.5 164.5 162.4 160.7 161.5 163.3 163.8 163.3
92.6 96.7 101 106.5 111.4 115.6 120.6 125.9 130.6 132.9 132.4 132.5 135 137.3 140.2 143.9 146.3 148.1 152.1 157 161.2 168.7 173.5 182.4 191 194.4 188 181.6 180.2 177.6 173.6 168.7 162.8 158.9 163 167.7 173.2 176.7 177.9 174.9 171.8 169.2 166.6 164.2 161.1 157.9 158.4 160.8 162.8 164.3 164.6 164.1 164.2 164.6 163.4 160.5 159.7 159.7 159.8 160.3 161.4 161.6 161.6 161.5 160.1 160.4 161.2 161.9 162.5 163 164.7 163.4 162.5 162.5 162.5 162.5 161.5 160.4 160.2 160.8 162.3 161.7
89.9 94.9 100.7 106.8 111.1 116 120.8 125.9 130.1 131.6 133.5 134.7 138.1 140.2 142.7 144.9 148.2 151.4 159.9 159.2 163.2 167.9 171.6 178.3 186 187.6 183.3 177.1 175.8 175.8 172.7 168.6 162.4 161 164.7 169.2 171.9 172.6 172.1 170.6 169.4 168.2 166.9 165.7 162.8 160.6 161.3 164.7 165.1 167.2 168.4 168.7 168.6 167 165.6 163.1 162.4 162.3 162.1 162.2 163.3 164.4 165 164.6 163.6 163.2 163.2 163.9 164.5 165 166.2 165.6 162.8 162.5 162.5 166.2 164.1 162.1 160.3 159.6 160.1 160.7
89.4 94.3 99.7 105.1 109.5 113.8 118.7 124.2 126.9 126.6 131 134.1 136.7 139.1 142.4 145.8 149.3 153.3 158.4 160.8 164.2 166.1 170.1 179.5 189.2 184.1 176.2 172.9 173.4 173.8 172.3 168.9 162.7 163 164.1 166.4 168.2 167.8 168.9 168.8 167.7 166.7 165.6 165.9 165.6 163.4 164.5 166.4 169.3 170.5 171.2 171.6 171.5 169.6 167.7 165.5 164.3 163.6 163 162.3 163.1 163.9 164.4 165.6 165.7 165.6 165.6 165.6 166.3 166.9 167.4 168.2 167.8 168.1 164.7 163 163.5 164.8 162.7 162 159.7 160.8
90.4 92.9 97.8 102.5 106.8 110.8 115.7 119.1 120.4 122.6 125.5 129.2 132.3 136.5 141.2 144.1 148.3 153 158.5 163.1 162.1 166.5 172.6 180.6 184.6 178.9 169.2 170.5 171.9 172.4 171.8 166 163 161.3 162.5 163.7 165 165.7 166.8 166.5 166.1 166.7 167.3 167.9 167.2 166.6 166.6 168 170.3 171.7 172.6 174.3 174.5 172 168.2 166.9 163.7 162.2 161.2 160.7 161.4 162.2 163.3 164.6 165.8 166.2 164.9 164.9 165.6 166.6 166.4 168 169.9 171.5 165.9 161.9 160.5 160.8 168.8 171.9 167.4 160.9
86.8 88.8 93.7 98.3 102.2 105.7 108.6 110 111.9 113.8 117.7 122.2 126.9 132.6 137.5 142.7 148 154.4 160.1 158.3 161.2 168.6 177 180.5 177.3 168.7 165.9 168.1 169.7 170.9 167.9 163.8 162.2 162.2 163.3 164.3 164.4 165.7 167.3 168.1 168.2 168.8 169.4 169.5 168.7 167.7 167.8 168.2 169.1 170.4 171.2 172.7 171.2 169.6 168.3 166.8 164.9 161.8 160.3 160.1 160 160.2 161.2 162.4 163.4 164.5 165.6 164.9 165.5 165.3 165 166.9 168.8 167.9 163.7 161.3 160.1 161.3 170 173.2 162.5 161.2
85.6 87 90 94 96.1 98.1 100.7 101.3 102.9 105.3 109.8 114.8 120.2 125.8 131.4 136.4 144.5 150.8 153.4 155.6 160.7 166.8 171.6 169.6 165.9 160.3 163.4 164.8 165.6 165.6 163.9 163.4 163.2 163.7 164.4 165.4 167.1 168.9 170.2 171.2 172.1 171.8 171.4 170.9 170 169.1 166.7 166.7 167.8 167.1 167.1 166.5 165.5 165 165.9 165.3 163.3 161.4 159.5 158 157.9 158 158.4 159 159.8 161.2 162.1 162.6 163 163.9 163.8 166.8 167.1 164.5 162.1 160.5 158.8 160.5 164.1 165.6 163.4 160
88.1 88.8 88 91.7 93.5 93.9 94.2 93.6 95.7 97.7 102.9 108.2 113.5 119 124.5 131.5 137.8 143.4 145.1 149.9 153.5 159.9 159.3 156 150.4 151.3 157.3 159 160.3 163.2 164.1 164.8 164.4 164.9 165.5 168.8 172.3 174.6 173.7 175 175.8 176.1 175.3 173.4 172.5 169.8 166.9 166.1 163.9 163.6 162.3 161.7 160.9 160.9 161.5 162.2 161.2 158.9 157.6 156.3 155.8 155.5 154.7 155 156.7 157.6 157.8 158.1 158.3 159 160.2 161.6 162.9 161.7 159.9 159 157.3 157.4 158.9 159.8 160.3 160
88.9 90.1 89.7 89.5 91.2 91.8 92.1 92.2 92.8 93.9 97 102.2 107.4 112.5 117.4 122.1 127.4 132.8 137.1 140.8 145.6 149.8 146.6 142.9 143.2 151.2 154.3 155.9 159 168 172.6 174.2 169.2 166.9 172.4 175.3 177.6 177.7 175.7 178.9 180.2 180.2 178.7 176.5 173.9 170.3 167.2 165.6 162.4 160.7 159.4 158.1 157.1 156.3 157.6 157.4 156.4 156.2 154.9 153.6 152.6 151.8 151.1 152.8 153 153.3 153.6 153.9 154.3 154.5 155.8 157.2 158.6 158.7 157.1 156.1 153.6 155.7 156.5 157.9 160 159
88.9 90.1 90.3 91.5 92.5 94.1 94.4 93.5 93.9 93.1 94.2 95.9 100.1 105.5 110.4 113.8 118.5 123.4 128.6 132.3 136.8 139.4 138 140.2 147.2 154.3 159 159.3 169.2 174.4 179.8 176.6 175.2 180.6 181.7 182.6 180.6 178.6 178.2 180.6 183.5 184.3 181.5 180.6 177 171.6 167.5 165.1 162 158.5 156.3 154.4 152.9 151.1 149.9 150.2 151 151.3 150.9 149.9 149 148.3 147.6 148.8 149 149.8 150.1 150.4 150.6 150.7 151.5 152.8 154.2 154.5 154.1 152.9 152 151.4 155.8 157 159 158.4
89.5 89.5 90.4 92.8 95.6 97.8 98.5 97.1 95.1 94 93.9 94.3 95.9 99 103.3 106.6 110.1 115.3 121.3 125.1 129.4 131.6 134.4 139.8 146.4 153 159.6 165.4 175.3 182.9 190.3 183 194.2 190.9 191.1 195.5 192.9 186.8 181.1 179.9 182.4 180.4 178.7 181.3 182.2 175.3 169.1 165.8 160.6 155.1 152.5 150.7 149.6 148.8 147.3 146.7 146.2 146.5 146.1 145.7 145.4 144.8 144.7 145.1 144.6 145.7 146.5 146.8 146.9 147 147.5 148.5 149.8 150.3 150.5 149.7 149.2 149.5 156.6 156.7 156.7 156.4
89.6 89.7 91.3 95.1 98.4 100.2 100.2 101.5 99.9 98.1 95.9 95.9 96.8 97.3 98.5 100 103.3 109 114.7 117.9 123.6 129.1 138 142.2 149.3 157.3 165.1 170.6 178.6 183.1 191.8 190.1 196.7 197 203 203.7 196.9 189.2 184.2 179.9 179.6 177.5 175.4 181 185.2 177.4 171.4 165.6 158.2 149.3 147.7 147.6 146.8 145.9 145.1 143.8 141.3 141.6 141.5 141.9 140.9 140.5 140.8 141.3 140.3 141.1 141 142.6 142.9 143.3 143.5 144.4 145.4 146.1 146.3 146.2 143.8 145.8 152.3 152.1 152.8 153.6
91.7 91.5 93.2 96 97.5 98.7 101.2 103.6 103.9 103.9 101.9 101 100.8 101.4 100.6 102.7 107.7 106.7 109.8 118 125.7 133.4 141.7 149.7 156.1 162.1 168.2 174.8 181.4 185.3 192.9 197.9 199.4 206.7 208.6 204.9 200.3 185.5 182.8 179.6 177.4 175.9 172.1 171 175.5 172.9 167.2 158.5 152.8 146.5 143.3 143.5 143.3 142.5 141.5 140.2 138 137.2 137.9 137.7 136.2 135.3 136.7 137.3 132.9 130.8 133.8 135.8 137.7 138.6 139 139 139.1 139.6 139.1 138.7 136 140.7 145.9 146.1 146.5 147.1
93.3 94.9 96.1 95.9 97.4 99.8 102.2 104.6 107.1 108.1 108.6 108.8 108.2 107.5 106.1 108.1 110.2 110 113.2 119.9 127.1 134.2 141.2 148.5 155.9 162.4 169 174.2 180.7 186.4 191.3 198.5 200.8 206.2 209 204 194.6 183.9 181.1 178 175.1 173.3 168.5 159.6 162.6 163.1 155.1 149.3 144.3 141.9 142 140.3 139.4 138.9 137.7 136.7 134.2 133.4 132.9 131.9 130.6 130 130.4 133.8 129.9 123.3 125.7 127.6 129.1 130.1 129.3 129.3 129.5 130.9 130.8 127.4 130 135.9 139.5 139.9 140.2 140.8
96.2 97.1 97.2 97.1 98.7 101.1 103.7 106.7 109.6 111.4 112 112.6 112.4 111.8 111.8 112.5 114.7 115 117.2 121.5 127 133.5 140.5 148.2 155.7 159.9 165.6 171.3 178.7 181.5 185.7 192.7 200.3 212.3 213.5 198.3 191.5 186.5 181.8 176.4 175.6 175 169.3 154.6 149.5 149.9 144.2 143.4 144 143.8 144 142.3 140.6 138.4 136 134.5 132.9 132.1 131.3 132 131.5 129.9 119.3 126.6 121.8 117.3 119.8 119.7 119.9 120.3 121.7 119.8 120.6 121.7 119.7 115.9 126.7 131.1 131.6 132.7 132.7 131.8
100.9 99.2 99.3 101.3 103.1 105 106.2 109.1 112.1 114.1 115.4 115.9 116.2 115.8 115.8 117 118.4 121.3 125.1 125.5 126 133.6 141.1 151.1 155.2 159.7 166.8 173.4 180.2 180.2 184 190.1 194.9 197 198.9 197.1 191.7 188.4 180.2 175.3 172.9 170.2 163.8 149 144.6 144.9 145.7 146.7 147.1 147.1 146.2 144.4 142.6 140.9 138.4 135.6 133.5 132.7 133 135.6 136.9 136.1 128.1 121 110 112.4 113.2 111.2 110.4 110.8 111.8 112.7 111.5 111.7 110.6 105.9 113 116.8 119.7 121.5 122.9 122.9
107.3 105.2 104.7 105.7 108.2 110.4 110.6 111.6 114.5 116.6 118.5 119.2 119.5 119.9 120.4 121.7 123.7 126.1 126.5 127.1 126.1 132.2 139.4 148.8 155.2 163.3 170.4 175.8 183.3 185.4 182.5 190 188.7 198.6 205.6 206 198.1 190.3 180.1 178.8 172.1 164.4 156.1 146.3 146.3 148.8 149.6 150.4 151.4 152.1 151.3 148.9 147 144 140.2 136.9 134.8 133.4 137.4 140 140.2 138.6 130.8 120.6 108.1 105.8 106.7 99.9 100.7 101.4 103.1 104.1 103.8 103.6 101.6 97.1 103.3 105.5 108.2 110.2 112.1 113.5
114.6 113.5 113 112.3 114.3 114.7 115.7 116.3 117.6 119.8 122.3 123.4 123.9 124.3 125.3 126 125.8 127.7 127.7 126.7 127.7 130.9 137.1 144.7 153.3 162.4 171.6 175.9 182.6 183.9 182.1 185 193.9 197.1 207.8 207.3 206.5 192.2 184.4 177 170.9 163.9 154.5 148.4 147.4 151.6 155 156.7 157.4 157.7 156.2 153.3 150.5 146.4 141.4 137.4 134.6 135.3 137.6 140.4 139.6 137.2 129.7 115.9 114 104.6 100.1 91.7 93.9 95 95.3 96.4 96.3 96.3 92.7 89.2 95.3 98.8 100.4 102.6 101 102.4
119.5 120.8 119.9 120.6 122.3 123 123.5 124.9 126.3 126.5 127.7 128.3 128.8 129.3 129.3 128.6 128.2 129.2 128.8 129.2 129.9 131 134 141 150.2 159.2 167.9 173.9 180.9 183.1 182.4 184 188.4 194.7 201.8 208 205.1 188.5 186.7 171.9 165.6 160.6 156.9 151.7 154.9 160.6 162.8 164.4 165 163.5 161.1 157.3 152.7 146.9 141.7 138.1 136.1 136.6 138.6 140.7 139.1 132.1 122.7 120.8 114 104.1 99.1 87 91.1 89.8 89.7 89.9 90.6 92.6 86.5 83.7 90.5 94.3 91.4 90 89.2 91
118.5 121.9 125.6 128.2 129.9 131.3 132.4 132.3 133.7 133.4 131.9 132.2 132.6 132.7 133.3 132.4 131.5 131.8 133.3 134.6 130.2 129.2 130.5 137.3 145.6 155.2 164.8 172.8 179.3 181.1 185.7 183.4 185.7 193.9 195.3 206.1 197.8 184.1 185.1 176.7 164 159.2 155.8 155.6 161.3 165.9 169 169.3 169.2 169 165.9 160.9 153.4 147.1 142.4 139.2 137.2 140.1 140.9 136.8 131.6 125.7 121.9 116.2 109.6 101.5 96.6 86.4 81.9 83.2 84.3 82.7 85.4 87.9 81 77.3 83 86.6 77.4 73.5 75.4 78.9
117.8 123.2 128.5 131.2 133.4 135.4 135.4 135 136 135.9 136.1 135.8 135.7 135.3 135.7 136.5 135.6 135 134.3 133 129.5 126.9 126.8 133.5 141 150.6 159.9 168.8 174.2 179 183.1 184.9 187.1 197.9 191.4 198.7 189.9 183 185.4 173.2 162.8 155.9 154.1 160 165.4 165.7 165.5 166.6 167.8 167.2 166.5 162.7 156.1 149.2 144.4 139.7 137.3 140.4 140.4 136.6 131.1 125.4 116.2 111.8 104.4 99 94.5 86.7 80.5 80.5 80.5 80.5 80.9 85.5 81.5 73.7 77.2 78.8 66 65.3 67.8 70.6
117.6 124.2 128.7 131.1 132.6 134.2 134.8 136.4 138 137.9 138.1 138.5 138.3 138 138.2 140.2 139.7 139.5 136.4 133.5 130.5 127 125.1 129.6 137 145.1 154.3 162.9 171.9 178.1 184.4 188 183.5 189.7 188.6 185 187.5 177.6 178.4 164.2 158.4 152.5 152.9 160 164.9 166 165.7 167.9 168.7 168.8 168 165.4 158.7 150.3 145.7 140.1 137.4 139.4 139.1 134.2 129.3 121.4 113.3 107.7 101.2 96.8 92.9 83.9 80.5 80.5 80.5 80.6 75.7 80.4 81 71.3 71.4 70.7 65.4 64.3 63.5 64.5
116.9 123.8 126.8 130.2 131.9 133.4 135.7 137.8 139.6 140.1 140.6 140.7 140.5 140.4 140.6 142.8 144.4 145.9 135.9 131.8 128.3 124.9 122.8 127.1 134.1 141.5 150.8 160.9 169.6 176.7 178.3 178.8 180.7 182 175 171.4 176.4 167.2 170.1 155.8 153.7 151.3 151.9 158.1 163.4 167 169 166.4 163.9 162.7 161.5 157.8 154.7 151.6 145.7 140.3 137.4 138 136 132.8 128.1 120.4 113.1 106.8 102.7 97 91.2 85.2 81.2 80.5 80.1 78.3 71.6 74.5 73.1 68.8 68.2 66.7 65.3 63.9 63.1 63.1
117.5 127 130.6 133.7 136.6 138.8 139.8 140.8 141.9 142.4 142.3 142.2 140.8 141.3 143.7 145.1 144.6 142.7 134.6 128.4 123.6 120.4 119.5 123.4 129.8 138 148.4 157.1 166 169.1 172.9 175.3 188.1 179.6 163.5 162.2 161.8 155.8 157 150 146.7 148.8 149.4 154.7 160.3 161.5 161.6 158.7 156.5 155.2 153.2 151.4 149.6 147.7 143.7 139.7 139.7 139.1 136.9 134.6 129.4 123.4 117.5 111.7 106.5 102.9 98.8 91.7 86.4 82.5 80.4 75.9 71.9 69.5 68.8 67.1 66.9 65.9 64.8 63.4 62.7 62.4
119 127.7 131 130.7 134 136.3 139.5 139.7 140.1 139 141.8 143.7 144.2 143.9 143.9 144.8 145.4 142.5 132 123.6 118.7 115.5 115.9 119.7 125.2 132.8 141.3 149.4 156.4 166.3 170.9 181.5 188.1 175.1 159.1 156.4 150.5 148.1 147.2 144.3 141.7 143.8 145.3 149.5 155.1 153.6 151.8 151.5 148.1 147.8 147.1 146.5 144.7 142.9 140.8 138.8 139.3 139.7 138.8 137.5 133.1 127.3 121.5 115.7 110.9 106.9 103.5 97.5 91.5 86.6 83.8 78.8 74.1 71.1 69.6 67.1 66.4 65.1 64 62.9 62.1 61.6
116.1 117.6 118.1 119.1 122.4 126.6 129.6 130.8 131.9 133.9 136.9 140.6 146.1 144.8 149.1 149.3 146 138.5 129.1 119.4 114.7 110.3 107.1 112.5 118.6 126.5 134.9 143.7 153.3 162.5 170.7 180.1 183.1 172.3 156.5 149.3 142.5 139.5 138.6 135.2 135.1 136.2 141.6 144.7 147.5 144.7 143.8 142.6 142.1 142.2 141.8 141.2 139.8 138 138.3 139.4 141.6 142.7 141.7 139.9 136.4 131.2 125.4 119.7 115.1 110.4 106.4 100.3 97.1 94.1 91.3 92.6 89.6 86.3 83.1 75 67.5 64.4 63.5 62.6 61.9 61.6
105.6 105.5 107.4 110.2 114 118 120.6 122.4 124.4 125.9 131.1 135.6 137.2 137.8 142.4 139.3 138.8 131.8 123 115.4 109.9 104.9 99.1 105.3 111.4 117.2 128.3 138 147 155.6 163.2 170.4 170.5 159.9 144.8 139 134.8 139.7 134.9 132.6 128.7 133.1 135.6 138.4 139.5 139.4 138.6 137.4 136.7 136.7 136.2 135.8 134.8 132.9 135.4 138.3 141 140.6 138.4 137.5 136.4 134.8 129.7 125.1 120.2 114.6 109.3 106.3 104.4 106.1 112 115.2 112 105 97.4 90.4 78.8 65.9 63.8 62.8 62.5 61.9
91.6 95.9 99.5 102.5 106.2 110.4 115 116.8 118.9 125.1 134.7 138.9 136.2 130.9 129.3 130.1 128.9 127.3 119.6 112.2 105 95.2 90.4 98.2 103.9 108.7 116.3 125.7 133.5 140.3 144.1 145.7 147.4 144.3 130.7 128.4 135.2 144.5 141.5 130.7 126 127.3 129.5 131.9 134.1 133.5 133.3 132.2 131.4 131.1 130.6 129.9 129.3 129.6 132.5 134.8 137.3 135.6 135.7 137.6 138.4 137.8 134.4 130.5 125.8 119.8 110.9 109.5 113.7 121.8 126.8 129.4 126.9 118.3 110.9 103.7 98.5 78 72.8 66.8 63.3 62.2
82.6 88.1 91.5 95.2 100.6 105.8 109.8 112.6 118.7 125.5 131.5 132.1 129.3 123.6 122.3 119.9 110.6 111.1 112 103.5 95.5 89.7 84.9 91.2 95.6 99.5 105.8 113.4 121.3 127.3 132.6 132.4 135.7 127.8 118 119.8 131.8 138.7 136.8 123.4 120.6 121.1 123.9 126.5 128.8 128.3 127.8 127.1 125.7 125.5 124.7 124.1 123.4 125.2 126.1 127.6 131.5 130.9 131.9 133.4 133.8 132.6 131.1 128.2 124.6 116 112.8 119.4 127.1 130.9 140.3 142.9 142.6 136.6 132.2 124.3 112.6 93.4 83.7 73.6 67.9 66.4
77.2 81.2 86.3 91.5 95.7 99.8 103.8 109 116.1 121.7 126.5 128.1 127.1 121.2 112.9 105.1 98.4 98.3 95.7 93.2 90.4 86 77.7 83.8 87.3 90.6 94.2 100.8 107.7 114.1 116.5 122.6 121 109.4 109.7 114 122.8 124.8 120.6 111.3 109.7 115.5 118.3 120.9 123.4 123.1 122.4 119.9 120.1 120.7 120 119.4 117.3 118.8 119.2 120.3 123.2 125.9 128.9 132.3 132.5 132.5 132 129.1 123.1 118.2 123.3 136.5 141.3 144.9 153.9 157.7 157.7 152.6 150 146.6 133.1 103.9 94.8 82.9 77.3 74.4
72.3 76.1 81.8 86.4 89.1 94.4 99.5 105 110.8 114.8 117.1 118.2 115.8 111.1 102.2 95.2 92.3 93.8 91.5 87.1 79.3 73.4 70.9 76.6 80.7 76.6 85.3 88.2 92.7 96.4 100.3 103.9 98.2 97.8 100.5 102.8 105.9 107.5 102.3 103.8 108.4 112.8 122.7 122.4 120.4 119.5 118.7 115.9 115.7 117.2 116.9 115.3 110.4 111.1 114.1 119.4 123.9 126.8 131.4 135.5 137.4 138.5 137.9 135.4 127.8 124 133 146.4 151.8 159.2 165.4 169.1 167.7 160.4 159 158 154.6 123.6 109 97.3 88.2 84.6
64.7 72.9 71.2 81.8 88.2 93 94.4 99 107.2 112.6 117.6 123.1 125.9 120.5 107.5 100.7 90.3 89.9 86.2 81.8 74.5 66.8 65.3 69.7 72.1 72.6 76 79.1 81.5 84.8 89.8 88.4 87.1 90.3 89.7 90.7 99.7 100 103.2 109.3 112.5 114.2 121 125 119.3 118.4 117.4 127 112.1 113.4 113.6 112.5 103.2 106.9 114 119.6 125.4 132.1 135.5 136.2 136.4 138.2 138.1 135.2 129.2 130.2 141.4 153 160.5 163.9 169 172 172.9 170.9 168.5 167 163.6 143.4 127.5 109 102.4 97
60.3 63.1 70.5 76.9 81.4 80.8 83.5 87.9 96.5 101 109.5 116.3 125.3 121.5 116 106.6 93.4 83.6 80.3 75.8 68.6 62.7 60.7 63.1 65.4 67 68.6 70 74.4 78.4 80.3 77.7 80.8 85.4 91.2 96.2 99.7 106.5 112.2 115.8 115.4 116.6 121.7 121.5 120.9 118.8 128.3 134.7 113.5 108.3 108 105.8 98 101.7 110.5 116.8 123.3 128.9 129.6 129.7 130.5 132 132.5 131.8 134.4 139.5 151.3 156.1 156.8 161.6 166.1 173.4 175.8 177.7 178.1 175.4 167.7 154.6 133.6 115.9 106.9 101.8
52.5 56.9 63.1 66.7 70.6 70.9 72.9 77.6 85.6 87.1 91.4 98.2 104.2 115.7 110 101.1 94 82.2 75.9 71.8 66.8 63 56.4 57.1 59.2 61.3 61.2 62.2 64.6 71.1 76.1 81.7 87 92.1 97.4 101.6 103.3 109.5 115.8 120.5 114.3 113.4 116.7 120.5 120.1 123.5 127.5 132.8 114.4 106.6 103 97 97 97.9 107.8 121.8 129.1 129 127.3 125.4 125 126.6 128.6 133.7 139.1 148.6 162.8 165.4 158.6 159.6 168 169.9 175.7 178.9 178.8 172.9 166.5 162.9 134.7 118.7 109 104.8
52.5 52.7 55.3 58.4 61.4 62.4 63.6 66.5 72.2 76.8 76 86.8 91.3 95.3 100.8 95.7 89.8 81.4 77.5 73.6 70.2 67.5 59.3 53.3 54.2 55.5 56.7 65.2 71.2 76.3 82.6 89.6 94.1 94.9 99.9 103.5 104.4 112.8 114.8 114.8 112.5 112.9 114.5 116.4 115.2 120 125.2 124.3 112.9 104.6 99 97 97 97 110.1 127 134.1 132.3 132 128.8 120.5 122.7 126.4 129 131.9 143.5 161.3 165.3 157.8 160.3 165.4 168.5 176.2 180.5 175 164.3 160.8 158.4 130.2 117.6 108.6 102.6
44.3 48.2 51.8 53 53.8 55.2 56.3 57.6 61.5 64.4 66.1 71.1 78.8 81.4 85.4 86.5 87.8 77.9 76.2 76.1 74.9 71.5 63.6 54.6 50.4 55.7 61.6 67.4 73.4 79.1 86.1 91.1 94 93.2 94.8 97.4 101.8 107.7 110.5 111.5 111.7 113.2 114.9 113.9 110.5 110.4 113.7 113.9 106.7 101.6 97.1 97 97 97 110.2 129.5 138.1 135.7 135.4 130.5 118.7 121.1 123.1 121.2 120.7 127.6 137 151.9 156.4 158 160.4 164.5 167.3 174.8 167.5 158.2 156 152 128.9 118.4 112 99.9
