app/static/ascii/NR76.asc
ncols 200
nrows 200
xllcorner 170000
yllcorner 660000
cellsize 50
[rows 70 to 104 of 200, columns 80 to 159 of 200]
172.4 172.1 172.9 172.8 173 174.8 176 177.2 178.7 181 183 184.3 184 183.8 185.3 187.6 195.6 196.9 199.3 200.8 202.1 204.6 200.9 199.4 197.3 199.2 198.5 196.7 193.6 189.7 184.3 181 177.7 174.5 171.2 171.3 186.2 196.3 198.4 199.4 197.8 200.8 205.9 208.7 212.1 214.9 221 224.3 223.5 222.5 224.4 225.4 229.4 228.9 227.7 228.9 234.3 241.4 243.5 244.3 247.4 247.6 241.7 241.4 239.1 239.3 249.6 258 272.2 284 287.8 273.3 275.7 275.6 264.2 251.7 237.5 230.2 222.8 217.6
169.9 170.2 171.5 170.7 172.8 177.6 178.2 179.2 181.4 184.2 186.7 190.2 191 189.5 190.3 188 189.3 198.5 203.5 202 203 204 202.4 201 199.8 199.6 197.6 194.7 191.9 189.5 182.1 180.6 176.5 173.2 170.6 170.4 181.1 192.5 194.5 194.5 195.8 201 203.3 206.3 208.7 208.9 212.7 214 214 215.1 216.4 218.4 220.5 220.4 221.7 228 233.4 236.1 237.7 237.1 237.1 237.6 235.4 232.2 226.7 234.1 245.5 255 265.9 272.6 267.5 268.2 268.9 261.8 253.4 238.1 229.1 221.4 215 214
166.9 167.3 169.4 169.7 176.2 180.4 181.1 181.3 184.4 187.3 191.6 196.3 198.2 201.7 201.7 195.6 192.4 192.8 198.2 200.2 205.1 201.3 202.6 200.4 198.6 196.5 192.9 191.9 189.4 184.5 181.5 179.1 175.7 170.5 168.9 169.4 171.4 177.4 185.5 187.4 194.6 199.3 199.8 202.6 202.9 200.8 204.3 204.7 192.1 207.1 208.7 210.2 211.2 211.8 216.3 221.1 226.7 228 230.1 227.3 227.3 228.6 229 225.5 219.3 228.1 241.6 254.5 255.2 256.7 259.5 261.1 260.1 250.4 239.4 226.1 218.5 213.1 216.5 215.9
171.1 174.2 172.7 182.2 190.1 185.9 185.5 186.5 191.9 195.1 196.4 198.9 202.2 205.3 206 203.6 201.6 200.5 197.1 197.3 201 198.9 196.8 196.2 195 193.2 187.4 185 183.1 178.6 178.8 174 169.3 168.3 168.2 169.2 170.5 172.5 176.9 187.2 194 194.2 192.4 196.2 194.1 194.9 197.2 196.5 194 198.7 200.4 202.1 203.2 206.8 211.3 215.7 220.5 221.7 221.9 217 221.3 221.6 223.2 216.2 219.1 226 236.7 243.5 243.9 247.2 252.3 254.5 249.4 238.5 223.2 209.7 213.2 221.8 227.5 222.1
181.7 181.7 187.9 193.8 199.7 200.9 203.4 205.3 211.7 214.5 211.6 213.1 213.1 213 212.6 211.2 209.1 207.1 203.8 201 200.5 200 198 193.9 191.4 188.6 184 180.5 178.1 173.4 171.3 169.2 168.2 167.2 168.2 169.3 170.4 171.7 176.6 183.9 188.8 187.2 186.6 187.5 186.3 185.7 185.8 185.7 187.7 190.1 191.7 194.2 197.9 201.4 205.6 207.1 209 214.3 209.3 209.3 211.2 210.2 214.2 212.6 214.6 222.8 230.7 235 235.2 238.3 243.9 242.3 240.3 223.8 206 213.9 222.1 233.2 237.9 231
192.1 200.9 204.7 205.8 210.8 219.7 221.2 225.3 225.8 225.8 226.4 225.4 223.7 221.7 220.3 218.2 216.2 214.5 210.1 204.5 203.1 203 202.1 198.2 194.2 190.1 187.6 184.3 179.7 178.1 176.1 168.9 167.9 167.6 168.7 169.8 170.9 172.1 173 178.6 181 180.6 181.1 181 180.5 178.2 176 176.2 180 182.9 183.1 188 191.8 195.6 197.9 199.3 200.5 200.9 197.2 197.3 196.3 198 201.7 207.4 211.2 218.5 222.2 227 228.7 232.7 237.2 235.2 227.4 200.7 206.9 222.2 228.2 241.4 250.2 247.1
198.3 211 216.1 219.3 224.5 232 234.5 237.8 238.3 238 237.4 236.1 230.8 229.2 227.8 225.9 224.3 221.1 217.2 211.8 206.3 206.5 205.2 202.3 198.5 193.7 190.3 188.8 186.7 179.4 173.8 169 167.3 167.6 169.9 170.9 172 173.9 174.7 174 175.2 176.2 177.3 176.9 176.7 176.5 173.3 173.9 176.7 179.5 182.1 184.6 186.4 189.7 190.8 190.2 191.1 190.2 188.3 187.9 192.7 196.8 200.4 205.5 208.4 211.8 215.4 221.1 225.9 228.3 230.8 225.6 199.6 198.2 216.2 224.4 242.2 255.1 261.1 257.6
209.1 220.4 228.3 232.8 233.5 241.1 244.2 245 245.9 246 243 238.6 236.6 236 234.3 231.5 228.9 227.7 224.2 221.7 215.9 210 207.3 203.9 198.3 194.1 193.2 184.8 180.4 176.3 170.1 168.3 166.9 168.1 170.6 172.2 174.3 178.1 179.1 177.4 176 174.3 174.4 174.1 173.9 173.4 171.2 172.4 175.6 179 182.8 184 182.7 181.8 180.7 180.9 182.6 183.8 185.5 188.3 192.5 194.4 199.7 202 203.8 207.6 212.1 219.2 224.8 224.4 224.9 201 194.7 199.6 217.8 235.8 257.2 267.9 264.1 262.7
216.2 229.2 237.7 243.8 239.6 247.3 250.1 251.3 252.1 249.9 246.7 244.8 242.7 240.7 237 233.8 231.4 230.1 229.2 227.5 222.1 215.3 208.1 201.9 196.4 190 185.2 181.6 177.5 173.7 170.5 167.7 165.8 168.7 171.3 174.2 177.3 178.9 179.8 179.9 177.9 174.3 174.2 174 173.8 171.5 169.9 171.3 174.5 177.7 181.7 182.1 180.8 179.9 179.3 180.3 182.5 184.2 187 190.4 192.4 194.5 195 197.1 199.8 204.9 210.8 218.6 222.3 219.8 213 193.5 195.2 211.1 227.8 244.9 267.8 259.8 269.5 266.8
224.9 237.7 246.4 248.5 249.5 249.7 252.9 254.7 254.9 253.3 250.1 247 247.2 243.4 239.2 236.5 234.1 232.1 230.7 227.4 224.2 218.6 209.3 200.1 194 188.5 184.3 181 178.7 174.2 169.9 168.3 166.2 169.2 171.7 173.6 175.9 177.5 177.7 177.6 176.1 174.2 174.1 173.9 173.2 171 169.5 168.4 172.4 174.9 177.8 179.6 178.2 177.6 177.2 178.8 182.6 187.4 190 190.7 191.1 190.9 190.6 192.7 198.3 204.3 212.4 219.2 223.5 213.2 191.4 194.1 200.6 218.3 234.2 242.8 244 266.8 270.3 278.8
232.5 241.4 245.5 247.2 247.1 247.8 253.2 258.2 260.8 256.3 252.1 251.6 248.4 245.3 240.9 237.4 234 231.1 229.8 226.6 223.9 220.5 211.7 199.4 194.4 191.7 185.4 183.8 179.7 171.9 168.2 165.5 166 168.8 170.7 172.6 174.7 175.6 175.9 176.4 176.6 175.8 173.9 173.8 172.9 171.3 171.9 170.4 168.6 171.5 173.6 175.1 174.9 174.8 175.1 174.6 179.9 182.6 184 185.9 187.8 187.9 186.6 191.6 199.2 207.1 217.9 225.2 221.2 194.3 192.1 197.7 204.1 216.1 225.6 230 250.5 265.1 271.9 293.5
240.7 246.3 248.2 249.1 241.7 247.9 255.6 263.1 256.2 251 249.3 250 248.1 243.8 238.6 234 230.6 228.5 227.5 225.8 222 218.4 212.2 201 196.7 193.8 188.6 184.5 181.6 171.9 167.2 165.3 165.6 167.7 169.6 171.6 172.8 173.9 174.4 175.2 178 178.2 173.8 174.2 175.2 173.3 172.6 171.9 167.9 169.3 171.4 171.3 172.5 172.3 169.4 168.4 168.5 172.9 178.4 181.6 183 182.2 182.1 191.9 200.3 209.9 219.6 215.2 196.8 183.1 194.8 198.5 210.7 216.6 221.3 226.9 247.3 262.8 277.4 294.6
241.8 247.2 245.2 238.1 236 242.8 249.3 245.7 241 241.3 245.3 245 242.9 239.5 235.7 231.1 227.8 225.9 224.7 222.2 219.7 216.4 211.5 203.8 196.9 191.6 189.4 185 179.8 173.7 167.5 166.3 164.9 167 169.3 170.3 171.3 172.1 172.7 172.9 173.1 173.8 172.3 173.9 172.5 170.3 169 166.9 165.2 167.7 170.1 167.9 167.9 167.9 167.9 167.9 167.9 167.9 167.9 172.1 173.3 177 185.3 192.3 201 203.8 205.5 193.9 178.1 187.9 193.4 199.2 211 217.3 222.4 231.4 246.3 259.3 269.4 272.6
240.2 229.6 221.3 226.6 235.8 239 237.9 231 233.1 236.8 238.6 238.7 238.4 235.7 232.9 228.6 224.9 223.1 221.1 219 217 213.9 211.2 205.3 200.7 194.7 191.6 186.7 181 176 172.1 168.4 165.2 166.7 167.4 168.1 168.8 169.6 170.2 169.3 168.2 167.9 168.2 169 167 163.6 163.3 165.9 166 169.4 170.6 167.9 167.9 167.9 167.9 167.9 167.9 167.9 167.9 167.9 167.9 174.7 184.2 191.7 197.8 194.9 189.9 174 181.4 184.6 190.8 198.5 205.6 213 222.4 247.5 255.5 269.3 268 268.3
219.3 216 209.8 211.7 227.1 230.8 226.2 223.1 222 226.9 230.7 230.7 231.8 231.5 229.6 226 222.2 220.6 218.1 216.2 214.1 213.2 212.3 210 205.4 199.3 193.8 187.8 180 176.4 173.6 168.9 162.8 164.1 164.8 165.5 166.3 167.1 167.2 165.8 164.5 163.6 163.4 162.2 160.4 160 167.5 172.9 169.6 170.5 172.6 174 175.1 167.9 167.9 167.9 167.9 167.9 167.9 167.9 167.9 167.9 182.5 189.9 194.8 185.6 176.4 169.9 179.2 184.5 188.1 193.9 201.2 214.2 230.3 246.4 257.6 271 262.8 268.7
203.4 200.9 203.7 205 217.8 217.1 215.3 217.7 217.4 218.9 223.4 225.1 226.5 226.5 224.3 222.7 220.7 218 216.9 215.7 215.4 216.6 214.8 215.3 211 200.5 193.6 186.2 177.9 173.8 169.6 166.2 158.3 161.5 162.2 163 163.8 164.6 163.7 162.3 160.9 159.6 158.8 156.5 151.4 159.2 169.5 176.4 172 169 173.1 180 176.2 172.8 167.9 167.9 167.9 167.9 167.9 167.9 167.9 167.9 181.7 189.1 186 182.2 168.7 168.8 177.5 182.2 186.6 193.3 202.2 215.8 233.4 243.7 256.2 267.5 258.1 271
191.4 191.6 197.8 199.6 204.7 205.8 205.2 209.5 212.2 213.7 216.7 219.8 221.1 221.5 219.3 218.3 218.3 216.6 215.4 216 216.9 217.4 216.5 214.6 208.4 198.7 186 177.8 172.7 168 163.1 158.4 157.9 159.8 160 161.3 162.5 162.3 161.3 160.3 159.3 158.7 156.7 154.1 148 156 170.3 175.7 169.2 164.5 170.1 175.8 177.1 180.7 179.8 169.2 167.9 167.9 167.9 167.9 167.9 167.9 180.1 186.3 182.9 172.6 164.8 165.6 171.5 176.1 183.6 192.1 204.2 217.3 232.9 241.5 255.1 253.9 258.4 283.3
184.7 186.3 190.3 191.3 194.8 198.6 201.8 206 209.4 211.4 213.3 214.7 215.7 216.4 214.2 213.7 212.7 212.7 213.8 215.8 217 219.1 218.2 212.8 205.4 192.6 175.2 169.2 166.1 162 156.7 148.9 156.8 157.3 158.8 161.3 162.5 162.4 160.2 158.5 157.8 156.5 154.4 150.8 144.9 152.6 163 165.2 159.3 158.6 164.4 170.8 175.3 182.8 185.3 180.8 178 172.5 167.9 167.9 167.9 170.8 178.7 183.6 174.4 166.4 160.2 162 167.7 174.5 184.6 196.7 206.3 215.1 224.7 234 241.3 246.2 259.5 277.8
179.1 181 184.2 185.8 187.8 194.5 200.1 203.7 206.6 208.5 209.1 210.4 211.4 210.3 209.3 208.4 207.9 209.4 211.5 214.5 217.1 219.3 217.7 208.6 197.2 184.6 168.4 163.4 161.2 156.8 150.2 143.8 150.3 156.3 159.7 160.3 161.9 161.4 160.4 158.2 156.8 151.2 147.5 144.2 138.7 145.2 148.1 146.2 145.7 154.3 162.4 169.1 176.6 183.8 188.4 193.3 194.9 185.7 179.6 176.4 178.5 178.9 174.4 169.5 167.8 163.3 157.2 159.9 167.8 175.2 185.5 196.9 205.7 213.6 218.5 230 243 253.1 257.9 266.8
172.9 175.9 179.5 185.3 190.1 194.4 199.4 202.8 205.5 207 206.9 205.6 205.1 203.9 204.5 204.9 205.9 207.1 208.1 210.3 213.6 214.8 211.4 199.7 185 174.8 166.5 162.3 155.7 151.7 147.3 138.6 146.5 154.9 157.8 159.2 160.2 160.5 160.6 158.2 157.4 150.7 139.9 135.2 133.6 135.2 138.1 137.7 141.9 150.8 160.4 169 178.1 186.6 194.5 199.2 202.5 198.8 192.9 186.6 185.3 184.3 174.7 167.4 164.5 161.1 154.1 162.3 169.9 177 184.3 193.6 201 211.6 220.6 232.6 245 256.1 264.4 278.5
170.3 174.5 180.1 188.1 192.1 195 199.4 202.6 205.4 206.9 206 203.2 202.4 202 201.9 203 204 204.7 205.2 204.1 205.1 204.9 197.6 185.3 175 167.8 164.7 160.1 153.5 147.9 145.2 140.2 140.7 147.9 152.9 155.9 156.9 161 160.7 156.9 153 148.3 138.2 131.9 128.7 130.5 134.7 136.1 142.8 151.2 160.6 169.6 178.5 188.2 196.8 198.8 196.9 197.1 196.5 195 190.5 182.7 171.5 163.2 161.2 155.3 156.7 163.7 168.8 176.6 182.9 189.2 198.9 210.9 221 230.3 242.6 251.3 269.3 282
168.4 175.9 183.4 191.8 194.7 197.6 198.4 201.8 204.6 206.9 203.3 200.1 198.2 197.6 199 200.8 202.2 202.5 201.7 198.5 197.2 190.4 182.8 175.5 169.1 164.3 159.3 154.2 148.6 144.5 141.8 140.4 130.8 140.5 146.3 151.7 151 152.3 151.2 148.8 145.3 140.7 135.3 129.5 127.6 130.8 133.7 136.9 145.1 151 159.8 167.7 175.4 181.6 182.3 187.3 194 195.7 200.6 201.6 191.9 180.5 162.9 157.5 157.7 149.1 159.9 167.1 172.8 177.9 183.9 191.1 199.1 206.2 216.6 226.7 237.6 251.7 265.6 274.9
173.7 180.8 182.8 192 195.2 196 197 199.9 201.8 203.6 199.4 195.9 193.7 194 195.6 197.1 198.6 200.6 198.7 194.4 186.3 178.6 173 167.5 163.2 159.2 154.3 149.8 145.7 141.8 138.3 139 131.4 134.2 135.9 139.3 141.2 141.9 141.1 140.1 137.6 134.9 130.4 124.6 125.5 129.5 132.5 136.4 140.9 144.9 156 164.7 169.9 172.3 175.6 182.7 191.5 197 199.5 195.9 186.1 172.8 152.7 152.5 151.1 155.1 164.8 172 178.3 183.9 186.3 189.6 196.4 203.3 213.3 228.1 240.2 243.9 253 259
176.8 182.6 183.3 185.3 188.2 190.4 194.4 197.5 199.6 201.5 195.8 192.3 190.3 189.6 191.4 192.9 194.3 197 192.5 185 176.2 170.3 165.4 161.2 157.6 154.1 149.8 146 141.5 137.6 133.8 132.2 125.7 134.1 134.5 126.9 130.8 132.8 133.8 131.1 130 128.8 124.4 123.9 126.2 127.4 129.2 132.6 136.4 140.7 149 157.7 164.9 168.1 172.5 178 183.8 187.4 189.4 182.5 172.7 158 150.1 148.8 152.4 161.2 169.1 175.3 181.7 181.8 182.4 184.8 193.5 204.4 217.1 229.9 237.3 232.6 238.6 242.1
173.3 176.4 179 181.3 184.4 186.3 190.8 195.7 198.4 198.6 192 188.9 187.3 187 186.5 188.7 189.1 185.9 179.4 170.9 166.5 162 157.9 155.7 152.2 148.8 144.3 139.9 135.8 132.4 127 125.2 121.5 122.7 123 122.5 123.1 124.5 123.8 124.1 123.7 122.4 122.1 123.9 124.1 125.9 126.7 128.6 133 136.5 140.6 146.8 156.2 161.7 166.9 173 181.5 183 176.3 170.6 157.1 150 148.1 148.4 157.3 165.7 172.7 177.9 177.6 176.9 180.6 185.2 194.5 209.2 222.8 232.9 231 226 231.4 238.8
165.9 170.3 175 177.7 178.9 185.2 188.9 192.8 193.2 191.8 187.7 184.2 183.2 183 182.4 180 176.9 171.5 165 163.1 158.2 154.6 152.6 150.4 147.3 142.4 136.7 132.8 129 126 121.8 118.7 116.9 115.6 116.8 117.3 116.8 118.2 119.8 119.1 119.2 121.6 124.2 126.2 127.3 128.2 128.8 130.1 131.2 133.3 133.1 135.4 143.6 153.9 160.1 166.6 173.6 175.2 166.5 151.4 148.3 148.4 148.6 150.3 159.1 170.6 176.7 179.4 171.6 174.3 181.6 188.2 198.9 214 226.4 233.4 227.1 220.3 228.2 239.4
159.1 164.3 168.3 172.6 179.1 183.9 187.3 188.2 188 184.5 181.8 179.8 177.3 175.1 173 169.3 165 161 158.7 154.6 150.9 149.2 147.3 145.1 139.4 135.2 130.1 126 121.8 119 115.8 114.7 113.5 115.2 117.6 118 117.7 120.4 123.6 123.5 122.6 122.5 125.2 129.6 130.2 131.4 133.1 133.2 137.7 137.8 137.3 141.4 141.4 140.7 150.7 157 158.1 155.4 146.3 145.5 150.3 155.7 157.9 157.9 159.6 171.5 179.4 171.1 174.3 178.7 185.2 192 205.8 217.7 226.1 227.1 224.4 218.8 226.4 239.7
146.9 153.2 157.7 168.5 175.9 179.3 182.4 182 181.3 174.7 175.4 174.1 169.3 164.6 162.4 158.7 156.8 153.4 150.8 147.1 145.5 144.5 141.6 137.5 134.3 129.9 124.6 119.2 114.7 112.1 112.4 114.2 116.1 120.8 124.4 126.7 125.1 125 124.3 124.4 124.6 124.5 127.7 134 137.3 140.9 139.8 145.3 148.1 146.4 144 146.4 146.5 145.6 141.6 144.9 146.6 145.3 144.2 150.5 159.9 167.8 172.1 172.5 169.9 168.9 169.7 173 178.3 183 188.9 196.1 212.9 219.8 218.1 216.8 213.5 216.8 226.2 240
144.6 144.8 147.2 153.8 165.1 170.8 174 173.2 167 166.7 166.8 162.7 156 153 151.2 149.1 147.1 144.3 142.3 143.5 142.2 141.6 137.1 132.8 130.6 124.7 118.7 112.8 111 115.2 120.4 123.9 126.6 131.2 133.2 134.6 135 134.1 128.7 124.3 126.4 126.5 131.5 138.9 144.6 145.6 147.3 152.1 152.6 149.7 150 149.6 149.2 149.1 145.6 143.4 142.7 143.5 150.4 160.6 170.2 179.3 187.6 188.6 182.6 177.8 175 175.9 180.5 185.7 194.5 202.6 213.8 215.3 213.8 211.7 211.5 212.2 226.2 238.3
141.4 139.9 140.6 141.2 150.1 159.5 160.5 154.5 157.1 158.1 153.9 151.1 148.1 145.4 142 139.6 136.5 137.3 141.9 142.6 141 139.1 134.3 129.6 124.7 120.5 114.7 109.3 115.8 121.4 127.1 132.6 139.8 144.5 142.6 143.2 144.3 145 142.5 136.7 129.8 129.8 133.3 141.6 147.6 149.2 151.6 150.9 153 154.7 154.9 154.2 153.4 152.5 149.6 146.9 144.6 149.2 161.5 171.7 181.7 192.1 200 200.7 193.6 191.6 186.8 182.4 181.7 186.8 198.4 207.9 213.4 213.7 212.2 210.8 210.3 210.7 217.1 225.3
137.6 134.2 132.5 140.6 147.1 148.7 148.1 150.3 150.6 147.2 144.8 142.4 138.8 136.3 135.7 135.7 137.2 139.9 142.3 141.1 139.6 136.8 131.5 127.6 123.3 115.6 109 112.2 120.8 126.5 134.2 141.7 148.5 151.7 151.5 151.5 152.4 154.3 153.3 149.6 141.7 137.5 136.6 133.7 141.6 151.6 153 155.5 157.8 159.7 159.6 158.8 158 156.4 153.8 150.6 147.8 160.3 172.7 181.5 188.9 201.5 203.5 201.5 202.6 202.6 195.9 191.1 187.5 188.7 200.1 209.2 214.2 213.1 210.9 210.1 208.9 209.9 210.7 218.8
135.7 133.3 130.8 131.1 140.8 144 144.2 142.5 140.3 138.2 136.1 133.4 130.1 132.3 135.8 138.3 140.1 142 139.3 138.2 136.9 134.2 130.9 126.2 119.1 111.7 108.6 116.1 124.8 134.4 144 152 157.2 159.5 160.2 160.1 159.8 159.9 159.5 157.9 152 148.6 147.2 145.2 144 149.1 153.5 158 162.2 164.2 164.2 163.4 162.5 160.3 157.7 155.2 156.7 168.4 179 183.4 193 197.6 199.1 199.7 202.5 202.6 200.9 198.6 196.9 197.2 204.9 210.5 213.3 211.8 210.6 209.3 207.7 208.2 209.3 218.6
135.6 133 130.5 128.1 124.5 125.4 131.8 134.6 132.4 128.7 126.4 124.8 129 133.5 137.3 140.1 141.2 139.2 137.4 135.2 134.5 132.5 129.3 124 114 105.8 114.9 122.8 132.6 146.2 156.3 162.7 166.9 169.4 171.1 172.8 172.6 170.4 168.6 164.1 161.4 159.1 157.5 156.3 154.9 155.8 153.3 159 164.4 168.2 168.2 167.8 166.7 164.2 161.6 155.8 164.5 169.8 179.7 185.8 190.9 194.5 196.4 199.3 202.4 203.7 205.3 209.1 208.8 211.7 217 217.2 214.4 213.8 210.3 207.7 206.3 207 208.7 215.2
135.3 132.8 129.7 126.3 122.7 120.2 125.5 127.7 123.5 119.2 116.4 123.4 129.7 134.2 138.5 141.4 139.9 138.2 137.2 135.8 132.7 130.6 127.4 121 106.3 111.3 121.5 129.2 140 151.3 164.2 170.6 174.2 176.7 181.9 183.3 181.7 179.9 174.4 167.8 168.9 169.4 167.7 166.4 166 167.7 164 161.1 168.5 172 171.7 172.3 170.6 166.4 162.7 160 165.2 169.7 174.3 181 186.2 191.9 196.8 199.8 202.9 208.3 215.7 221.4 220.3 224.7 229.5 230.2 221.3 214.2 210.9 207.6 206.1 206.5 208.3 214.9
135 132.4 127.7 123.8 121.2 119.5 117.9 115 113.5 113.3 116.2 124.6 130.1 134.9 139.3 142 140.3 137.3 137 135.7 133.7 129.1 123.1 112.4 107.4 117.3 127.6 132.2 142.4 156.6 169.7 174.3 177.6 182.4 186 186.1 185.7 183.3 176.1 174.9 175.8 176.5 177.2 176.9 178.4 180.5 177.2 173.4 174.1 177.6 177.6 178.1 175.2 170.9 167 166.7 168.3 174.7 179.3 180.3 183.3 190.6 195.9 200.3 206.6 213.1 221.1 228.1 228.9 238 240.8 238.7 232.8 215.1 211.7 207.6 206.4 205.9 211.9 222.1
