app/static/ascii/NR77.asc
ncols 200
nrows 200
xllcorner 170000
yllcorner 670000
cellsize 50
[rows 0 to 36 of 200, columns 82 to 163 of 200]
296.4 291 300.5 291.5 288.4 288.4 296.7 308.3 311.5 305.9 296.7 285.8 291 281.9 281.3 289.6 290.2 315.5 317.2 313.9 311 321.4 330.6 311.6 289.7 280 280 283.5 280.6 293.2 309.1 322.6 309.6 307.3 310 315.1 320.4 318 318 320.3 322.6 331.6 333.3 335.6 347.5 352.4 351.6 345.5 331.7 306.4 295.5 293.3 294.2 288.9 287 281.1 277.4 276.5 271.1 260.8 269.4 280.6 282.1 285.2 284.5 289.1 301.2 293.8 299.7 294 276.2 243 225.6 201.1 190.2 171 155.1 126.2 115.8 107.2 95.5 71.7
299.8 297.4 293.4 290.5 289.6 291.1 302.5 310 302.7 292 285.5 292.9 278.4 276.4 282.2 286.9 312.4 314.6 312.3 308.4 308.7 320.7 318.2 290.5 280.1 280 280 280 286.5 303.5 324.6 308 307.1 308.3 312.8 317 317 316.4 318.5 322.1 324.3 327.5 330 339.7 350.8 355.4 351.2 345.7 330.6 314.1 294.3 292.4 287.4 282.2 279.2 273.9 271 269.4 257.4 258.8 272.6 277.7 276.1 279.9 272.7 285.7 288.9 290 278.4 266.4 247.4 221.7 198.5 193.2 177.8 159.8 134.1 117.2 110.9 102.5 86.1 60.6
298.7 298.7 292.9 291.3 290.9 303.3 312.5 300.4 294.2 284.9 284.8 283.3 273.5 276.9 281.9 291.9 310.8 310.7 307.2 301.6 312.5 317 297.2 280.7 280 281.6 280 280 297.1 319.5 307.9 305.5 309.1 311.2 320.3 317.2 314.3 317.2 319.3 324.8 332.4 330.6 333.2 346.7 355 355.7 351.6 343.2 319.1 313.4 293.8 289.4 286.9 277.2 275.7 272.6 264.6 255.7 253.3 263.5 271.6 278.6 271.2 272 271.9 276.2 272.7 261.7 246.2 228.4 215.9 193.9 186.8 171.2 160.4 139.8 117.6 111.2 106.8 95.9 70.3 52.5
296.7 297.6 293 292 303.5 316.2 307.3 299.8 288.1 284.2 279.4 272.8 273.3 280 283.1 297 302.3 302.2 296.2 306.5 306.5 303.8 284.4 280.4 280 280 280 290.6 307.2 303.4 300.8 307.5 310.6 314.9 316 313.7 311.6 316.1 320.9 328.5 331.6 333.1 337.7 349.2 354.8 353.8 346.8 331.5 312.8 305.2 292.9 288.6 281.8 273.7 271.9 263.7 257.2 247.4 255.4 263.7 270.7 262.6 270.3 259.7 266.7 267.8 266.2 255.2 237.1 211.8 192.9 180.2 175.4 158 145.5 123.6 110.9 106.3 100.6 81.3 59.9 46.4
297.1 297.6 295 301.8 314 309.9 301.2 290.2 282.7 287.8 272.3 272.5 279.3 277.8 282.8 293.2 297.6 292.4 302.9 304.4 306.7 289 283.8 280 288.4 280 280 296.1 294.4 296 305.3 310.3 312.6 314.3 312.1 310.8 311.2 316.8 328.5 331.1 333.9 335.5 341.2 348.7 352.3 354 342 322.7 312.1 303.4 288.8 285.1 276.9 270.7 268.4 255.9 242 247.1 257.2 260.8 259.6 259.5 252.3 253.4 257.4 258.6 252.8 243.6 226.1 201 178 170.9 155.9 145.9 126.5 108.4 104.8 100.2 84 66.1 48.9 42.1
301.2 296.7 299.7 314.5 313.6 303.1 295.8 282 288.8 280.3 271.3 272.7 277 276.5 288.2 289.3 287.3 297.8 301.4 302.7 290.4 279.5 280 281.5 293.4 285.5 286.4 288 290.3 300.1 306.3 310.2 311 311 310.8 309.9 316.3 326.9 328.2 332.6 336.2 339.4 343.9 347.3 353.1 353.5 336.5 325.9 318 301.5 289.6 283.2 275.1 272.3 259.4 247.6 239.2 251.3 253.6 255 245 245.7 240.5 244.8 248.5 248.7 242 231.4 212.3 184.4 166.6 146.6 130.7 119.6 107.6 103 98.4 85.9 66.4 52.5 43.2 38.4
294.5 298 309.8 313.7 306.5 301.9 283.6 281 279.9 270.5 271 275.5 275.7 281.6 296.1 282.3 289.5 300.6 300 295.3 279.9 288.5 280 292.6 294.3 286.4 286.7 288.5 293.6 302 307.8 310.2 309.7 309.2 308.6 313.8 324.4 330.5 330.7 332.9 336.1 341.5 344.5 348.7 356 345.8 334.5 324.2 320.8 301.1 291.7 281.9 270.7 267.8 256.8 237.3 246.3 250.8 244 241.8 232.9 232.5 227.6 234.7 237.9 239.1 229.8 214.8 191.2 167.7 159.6 135.2 121.4 107 100.5 95.7 89.1 70.2 54.8 45.2 39.7 37.9
289 303.7 311.9 306.5 305.5 296.5 279.9 279.2 269.4 267.7 276.1 275.4 275.3 290.1 289 276.1 290.9 297.1 294.7 283.9 284.9 286.1 292.3 298.5 289.1 287.7 289 290.3 297.6 305.5 310.4 310.2 308.4 306.7 307.2 318.6 328.8 330.2 332.6 336.1 345.5 347 347.8 348.5 344 337 330 326.6 313 289.1 283.1 278.9 269.8 262.9 244 237 249.4 242 237.2 232.9 221.5 215.6 214.5 220.8 225.5 221 203.1 178.5 166.6 161.5 149.7 130.9 112.2 97.9 87.7 80.8 69.8 57.6 46.6 41.8 38 38.4
291.4 308.7 307.3 303.3 298.7 278.6 285.1 272.1 263.9 270.3 275.8 275.8 275.9 284.3 279.1 276.2 286.7 291.2 287.8 277.6 285.6 289.3 294.6 290.3 288.6 289.1 289.9 291.5 302.2 309.9 311.5 309 307 305.9 313.2 321.5 330.3 335.1 336.8 346.2 352.1 354.8 352.5 351.2 339.8 332.4 321.2 315.6 301.9 283.7 280.9 278.5 269.3 257.3 234 245.2 241.4 231.9 227.4 213 209.3 200.4 200.4 204 211.3 191.9 165.8 155.7 154.3 153 128 116.6 100.5 91.3 80.5 68.4 58.5 48.4 43.1 38.7 36.6 37
296.8 302.8 298.8 295.9 280.3 281.6 282.7 259.8 267.2 273 275.7 275.8 278 278.6 272.4 272.9 282.9 287.2 278.7 284.8 287.1 294.9 293.7 288.5 288.6 289.4 290.2 301.2 308.8 313 309.5 307.4 305.7 307.6 312.2 326.9 333 336.3 344.4 356.1 361.7 357.2 355.4 345.2 336.9 325.8 313.1 306.4 297.5 279.8 279.7 276.5 262 236.8 233.9 229.5 220.3 217.6 202.4 199.2 188.3 184.6 182.6 178.5 175.6 164.3 140.9 139.4 145.3 128.7 113.6 99.6 92.9 83.6 73.5 61.7 50.5 45.3 40.4 36.3 36.2 36.4
293 293.9 295.8 282.1 273.9 279.2 258.3 260.7 272.9 274.8 277.9 274.6 276.6 274.3 263 272.7 282 281.6 277.7 285.3 290.7 295.7 287.9 287.6 287.4 290.2 295.3 306.7 312.5 309.8 307.7 306.1 304.6 308.6 315.4 328.2 334.4 338 353.2 359.6 361.6 359.6 356.9 344.4 333.3 319.4 313.5 295 294.3 278.6 283.3 273.4 241.5 234.1 235.1 222.1 213.3 201.3 188.9 180.9 176.9 169.4 161.7 156.8 149.1 135.4 125.8 118.4 111 105.8 92.9 87.2 82.8 75.2 65.8 52.4 45.4 41.3 37.6 35.7 36.3 36.7
290.3 292.5 279.9 270.2 269.4 259.8 255.3 268.5 269.6 275 273.6 273.5 275.6 259 267 273.6 278.7 278.3 282.2 286.8 295.1 285.6 282.9 284.2 287.6 291 299.9 310.9 311.9 308.3 305.9 304.4 304.6 307 314.2 325.9 334.6 346.8 354.1 359.8 363.7 360.3 347.3 338.3 324.4 311.5 295 291.1 281.3 279.2 283.1 256 235.8 237.2 232.3 223.9 219.6 207.6 196.9 183.5 175 171.1 162.8 154.6 140.6 124.2 113.3 104.8 91.8 80.7 72.7 73.5 69 65.5 57.6 46.7 42.7 40.1 37.5 35.9 35.3 35.9
289.8 285.8 265.9 264.8 258.4 249.4 259.6 262.9 265.8 266.9 265.6 271 262.3 258.3 270.1 273 274.6 279.1 285.1 288.9 278.6 278.9 279.6 284.7 287.7 294.1 305.8 312.1 311.2 308.3 302.1 305 307.1 316 322.7 326.9 333.9 343.5 352.7 359.2 360.4 347 338.6 319.9 307.5 302.2 286.7 284.4 273.8 280.5 264.3 237.6 236.7 239.5 229.8 224.6 216.6 212.4 200.8 187.7 186.9 180.9 177.3 178.3 150.6 141.7 127.3 122.5 96.9 81.6 69.1 62.7 54.7 53.2 50.7 44.2 42.3 39.9 37.5 36.2 34.4 35
284.5 268.1 260.3 255.8 246.1 252.4 257.5 259.4 262.5 258.5 258.4 256.7 254.8 262.4 269.1 270.8 276.4 279.9 279.3 278.4 277.3 276.2 279.6 284.2 290.9 300.5 307 306.7 307.1 297.2 306.7 309.4 315.8 318.4 322 323.2 329.3 338.7 344.3 341.7 335.6 319.9 307.7 297.7 302.1 286 281.8 275 262.8 256.3 242.8 238.6 239.6 231.1 226.8 219.5 215.5 206.4 199 197.3 194.3 190.5 187.9 170.4 151.9 141.1 128.2 113.2 91.9 79.2 69.5 61.6 55.2 50.4 43.1 42.8 41.4 39.8 37.9 36.6 33.7 34.3
272.9 260.5 258 245.6 245.1 248.8 251.4 254.4 253.3 258.2 248.5 249.6 259.3 263.6 269.3 269.1 275.4 278.7 279.2 281.6 273.3 276.2 280.1 286.4 295.6 299.5 299.1 300.2 292.1 303.8 307.2 308.6 317.3 314.1 321.5 323.5 331.1 340.9 346.2 338.1 319.9 310.3 293.7 292.5 281.2 275.3 267.7 261 256.1 244.8 242 243.4 237.3 230.3 226.3 224.4 224.9 220.1 213.5 210.7 203.4 193.5 182.4 168.1 154.4 141.7 135.6 121.8 92.3 85.1 75.3 66.8 57.3 50.1 46.1 39.7 39 38.3 37.4 36.1 34.1 39.6
261.5 260.2 254.9 244.6 245.8 248.7 249.5 251.2 254 250.5 247.8 254.5 260.3 264.9 265 270.5 275.3 281.6 280.5 272.4 272.3 276.3 283.5 287.3 290.1 289.3 292.5 292.5 295.6 302.7 305.4 305.7 309.4 311.7 316.9 322.9 335.8 345.7 349.3 325.8 308.6 295.9 289.8 285.7 286.1 278.1 271.9 261 259.6 247 254.4 253.9 247.4 236.2 233.9 234.5 233.7 228.8 226.1 222.7 217.1 205.6 188.5 179.4 172.9 159.8 142.3 117.5 93.1 84.1 78.1 71.2 57.9 48.5 44.9 41.2 37.9 36.3 35.3 33.4 42.1 39.6
260.2 259 247.4 244 246.7 247.3 248.7 251.4 251.2 247.4 248.1 254.3 261 263.4 266.4 272 279 276.6 269.9 269.2 272.3 277.1 279 280 279.2 282.5 285.4 289.4 298 304.6 303.3 311.3 315 312.8 308.5 327.7 338.1 340.7 328 311.6 303 298.5 304 296.3 291 284.4 267.2 264.6 252.5 249.5 261.5 259 249.6 242.4 240.1 241 240.1 236.9 235.6 236.5 225.4 204.8 193.6 187.7 179.7 164.1 133.4 104.2 102.8 85.5 79.2 70.2 53.8 46.2 42.9 39.5 37.1 34.8 33.7 38.1 44 41.8
256.3 251 250.7 245.7 244.9 246 248.4 255.2 247.4 247.1 249.7 255.4 261.3 263.3 269.6 272.7 269.5 267 267.2 268.2 272.4 272.2 275.3 275.9 277.9 282.5 282.8 292.3 298.5 292.2 305.3 312.4 315.6 305.9 305.1 324 330.4 316.1 303.7 304.8 308.9 306.3 306.7 297 292.6 286.2 267.4 258 251.9 253.3 262.1 259.3 247.3 245.3 245 243.5 240.6 240.8 240.4 236.4 223.6 202.8 197.3 192.3 176.4 161 125 103.4 97.6 87.2 78.3 65.5 51.4 45.4 40.9 37.5 35 33.3 34.4 43.9 42.4 43.6
250.9 257.4 245.9 243.6 243.7 244.2 250 252.3 248.8 247.6 250.6 257.7 259.1 265.1 269.6 267.4 265.5 264.2 264.6 267.1 271.8 270.3 271.2 271.8 272.1 274.4 279.9 292.8 289.4 299 307.4 313.9 304.8 300.8 302.6 310.4 300.7 299.1 304.1 316 319.5 314.3 310.7 303.8 294.2 278.6 273.8 256.5 253.1 257.5 260.7 254.1 249.3 247.7 247.6 244.7 242.9 243.8 241.2 232.1 212.5 204.7 198.3 189 169.8 144.9 108.6 105.7 93.8 87.1 74.4 58 51.5 46.6 39.3 35.5 32.9 31.6 42.3 45.2 42.4 45.8
257.9 249.7 248.4 245.5 243 243.8 245.5 247.1 246.2 247.3 253.1 254.9 259.2 265.8 266.2 262.6 261.5 261.4 263.1 267.7 268.8 267.2 268.1 273.8 280.5 282.6 281.1 282.1 287.6 300.1 307.6 310 292 289.7 290.1 293.5 295.9 303.1 310.2 317.7 324.4 319.1 315.6 315.4 296.7 279.2 261.3 255.1 254.4 255.2 257.9 251.4 251.2 249.6 248.3 238.9 239.6 240.7 239.4 225.5 207 203.8 194.7 174.7 160.2 126.8 109.6 105 94 89.3 68.1 57.5 52.5 45.6 40.3 34.1 30.9 37.3 41.3 40.1 42.2 49.1
255.9 250.5 248.6 242.9 252.2 251.6 250.8 250.7 253.3 254.9 253.3 256.3 261.2 262.7 262.2 260.5 258.8 260.1 262.8 264.2 267.3 271.8 276.6 282 288.5 283.2 274.4 276.4 290.6 294.3 298.3 291.3 289.5 284.9 291.6 292.8 298.5 307.5 316 320.6 321.8 319.3 318.7 313.8 291 278 256.2 256.2 255.6 255 253.5 252 251.9 250 242.9 238.6 238.4 238.8 236.1 207.5 205.2 205.2 182.8 169 143.4 113.1 110.6 103 92.5 77.1 61.9 57.3 53.6 44.9 38.4 33.6 33.3 39.8 39.6 39.5 44.9 53.1
253.1 252.5 249.4 246.4 255.5 260.1 259.8 258.8 262.2 259.1 256.6 259.4 262.2 263 263.1 258.2 256.9 258.9 259.1 264.6 271.3 276.2 278.7 281.1 280.8 278.2 272.2 279 287.7 293.1 295.4 286.6 286.2 287.8 290.6 291 302.7 310.5 319.6 322.7 322.3 317 316.5 304.9 284 265.2 256.3 257.9 255.1 254.6 254.1 253 251.7 248.9 236.7 237.3 236.2 238.7 217 201.5 204.6 194.6 167.7 151.3 120.7 112.5 109.5 97.5 85 68.1 60.5 57.4 51.7 44.7 38.9 34.6 32.9 40.3 37.9 39.7 46.2 51.1
254.4 257.1 241.9 253 259.7 265.7 261.2 263.3 262.1 262.4 261.1 262 264.2 265.2 262.8 257.2 254.8 256.1 266.1 268.6 272.9 272.9 275.8 281.5 281.4 271.1 272.9 281.6 286.7 290.3 292 275.8 283 291.7 288.3 293.9 299.4 312.2 322.2 323.4 316.3 314.8 311.4 298.2 277.1 255.7 256.6 259.8 256 257.2 254.7 253.9 255.4 242.5 235.7 235 232.1 229.7 199.2 197.8 201.8 175.1 156.4 128.4 112.3 113.1 100.7 87.4 75 63.5 59.2 53 47.4 42.4 40.7 35.9 32.5 36.5 37 40.3 49.5 52.4
257.2 243.6 246.9 254.5 269.2 269.2 262.7 263.6 264.3 267.1 263.7 264 266.1 266.8 261.1 256.7 253.9 254.7 259.6 264 269.4 275 277.8 287 272.8 269.2 278.9 283.2 282.2 285.4 279.5 275.5 284.6 283.2 289.9 296.2 299.1 322.1 323 323.5 314.5 312 305.9 284.3 255.4 255.6 258.8 259.4 256.4 257.2 255.7 255.5 252.6 234.6 233.4 233.3 228 212.5 190.8 194.4 184.6 162.3 135.7 111.6 109.5 102.9 94.8 76.1 65.2 62.1 56.9 50 45.5 45.5 44.1 37.6 31.3 33.4 34.7 42.2 46.7 48.8
249.9 244.1 248.7 261.8 267.7 261.1 261.8 265.3 267 266.2 265.3 265.9 267.2 264.3 258.3 255.1 252 253.5 257.3 263.1 270 276.8 284 284.9 269.2 272.8 283.7 281.9 278.6 275.5 275.5 279.8 279.6 284.4 291.4 295.7 311.4 322.2 323.7 317 312.6 309.7 295.9 269.2 252.3 257.9 266.1 256 254.4 249.4 252.1 250.6 247.4 232.6 233.2 231.6 218.7 190.4 186.6 185.9 162 148 116.3 106.7 100.9 96.8 83.1 70.1 61.9 59.6 53.9 45.5 44.8 49 43.5 35 23.1 30.8 32.8 42.9 43.2 48.9
240.7 246 253.3 262.5 259.7 260.8 262.3 266.9 266.8 266.8 266.4 267.6 264.7 261.3 258.2 255.1 251.9 252.4 258.7 269 273.1 278.1 277.8 272.3 269.2 269.2 280.3 278.7 275.6 275.5 275.5 277.8 280.7 286.9 290.5 297.5 315 317.2 315.1 311.6 309.7 307.3 285.6 254.4 255 261.3 263 245.1 242.5 244.5 242 242.3 235.8 228 235.6 229.2 201.6 179.8 182.2 168.8 152.9 125.8 106.9 100.4 93.4 85.2 72.7 62.3 59 58.1 48.6 46.3 46.4 46.6 40 30.7 20.1 26.1 33.4 38.7 41.7 45.2
244.8 249.3 256.9 258.3 259.8 260.8 267.3 268.8 269.3 269.5 269.4 267.8 264 260.8 257.6 255.1 253.1 249.9 261 269.2 275.3 278.1 269.8 269.2 269.2 269.2 280 277.1 275.5 275.5 275.9 281.2 281.4 283.8 286.9 305.8 313.1 315.4 310.8 309.8 306.7 298.4 266.7 248.9 251.3 256.6 239.6 237.9 235 240.2 237.8 235.7 220.5 238.2 245.8 221.9 186 173.5 169.8 153.9 134.7 108.6 101.9 92 82.6 73.5 63.9 59.1 57.2 52.8 45.5 42.3 42.3 42.6 37.9 32.4 20.8 23.5 31.3 36.3 40.5 37.3
246.9 252.7 255.4 258.7 262 265.1 267.2 268.3 269.1 269.6 269.7 266.7 264 263 257.5 255.1 249.1 250.2 261.9 269.4 273.7 269.1 271.3 269.2 278.5 291 289.1 286.3 279.3 275.5 282.5 283.5 282.8 280.2 287.4 300.3 307.6 310.4 302.5 303.1 301.6 281.4 255.1 239.3 239.1 239.7 230.4 234.9 232.7 233.7 228.2 224.1 219.4 239.7 234 208.6 174.6 163.1 150.5 140 119.3 100.9 96.7 88.5 76.4 61.9 60 56.3 56.1 44 42.3 38.8 40.5 43.9 36.5 30 18.1 21.7 29.2 33.4 33.9 33.1
247.7 251.4 255.7 259.2 262.5 265.1 266.8 268.2 268.8 269.2 266.7 266.2 265 261.9 257.7 254.6 247.3 252 262.6 271.1 267.1 274.6 275.9 279.5 296.4 298.4 288 287.9 281.6 277.8 288.6 284.2 281.2 273.4 288.6 297.1 299.9 299.5 298.4 298.1 285.4 261.8 239.7 224.9 232.5 221.2 224.3 230 225.1 227.2 219.5 205.7 217.1 233.2 222.9 185.7 165.9 155.6 145.9 124.4 101.6 96.8 92.9 83.7 67.7 56.1 55.9 51.7 46.6 42.6 39.1 37.8 41.9 37 35.2 23.5 17.7 21.1 26.9 29.9 29.9 27.1
248.4 251.1 253.8 259.7 262.4 264.9 266.9 268.1 267.1 266.2 266 265.6 265.1 264.3 260.1 254.8 254.5 254.2 262.4 266 276.7 284.4 288.8 293.3 300.3 299.6 289 280.2 279.1 283.8 280.6 275.6 270.2 267.3 279 293.4 294.6 296.9 294.2 282.9 254.2 240.8 219.4 221.1 220.3 211 217.3 222.2 213.8 219.6 206 202.4 219.4 228.4 198.2 169.1 158.2 150.1 135.2 109.8 93.4 91 91 71.3 56.6 51.8 49.1 48.4 41.5 39.3 34.3 35 34.7 31 31.9 18.8 17.8 20.1 24.6 28.2 28.5 23.8
246.1 249.1 253.9 259.1 262.3 264.6 266.9 269.5 266.1 265.8 265.8 265.8 266.9 262.6 258 245.8 252.2 257.3 264.3 278.3 288.5 293.4 290 292.6 300.6 296.7 284.4 279.1 272.1 276.8 270.2 268.7 262.7 266.9 275.7 283.6 291.5 289.3 277.4 257.8 235.6 233 210.3 212.6 202.5 202.4 212 206.6 206 206.1 187.6 200.1 222.1 209.1 178.4 158.4 158.2 133.4 117.9 92.4 89.9 86.3 74.8 61.3 51.1 47.4 44.7 41.8 36.7 34.5 30.6 30.6 29.3 29.3 28.3 22 17.7 19 23.3 26.4 25.8 26.5
245.1 251.7 256.1 260.7 265.1 264.7 266.8 268.6 263.6 264.2 264.4 265 265.6 253.1 248.6 252.3 258 264.9 273.4 288.2 295 297.1 293 290.7 295 286.3 278.3 272.1 267.4 265.4 265.2 261.3 265.2 269 271.5 273.4 276.3 270.2 249.8 228.3 223.9 225.2 204.8 202.5 197.7 194 197.3 191.7 196.3 192.1 184.5 209.7 212.8 187.1 159.2 155.1 144.8 119.3 97.1 86.1 84 80.7 63.6 48.7 46.7 42.4 43.1 35.4 32.2 29.5 26.9 27.2 27.4 27.5 17.5 18.5 18.1 18.1 20.8 22.7 22.8 31.2
246 252.3 259.4 265.2 267.3 263.7 263.9 262.3 260.8 261.7 262.8 269.4 274.8 250.6 246.9 256.5 262.2 268.7 284 292.9 294.1 291.8 290.3 284.1 284 277.9 271.7 259.9 260.1 258.8 261.8 257 268 267.2 269.1 266 257.2 251.3 228.4 215.9 220.5 215.6 203.6 195.9 194.8 188.5 190.6 183.4 185.7 173.3 183 208 187.7 159.3 152.6 148.5 126.2 100.6 82.4 82 82.1 75.2 53.1 43.7 40.9 40.5 36.6 29.6 27 24.7 25 25.7 25.8 18.5 17.5 17.1 18 18.5 20.2 23.5 33.4 40.1
248 255.9 264 262 261.3 259.3 259 256.6 259.1 260.1 264 276.2 259.4 244.1 256.5 258.1 263 279.7 287.8 290.9 289.1 280.7 282.6 276.6 269.5 271.6 268.1 251.4 251.7 254.6 252.8 266.9 264.4 260.9 254.7 252.3 240.6 238.7 210.6 214.7 216 199.1 196.1 194.3 187 186.3 183.9 180.5 169.2 170.6 187.6 186 160 144.3 143.3 137.9 112.7 80.9 78.8 72.8 77.1 65.1 43.3 37.8 35 34.6 26.9 22.7 23.2 22.4 22.5 23.6 25 17.6 17.2 16.3 17.2 19.9 22.8 33.4 37.7 44.3
252.1 260.2 259.1 255.8 254.3 253.4 252.5 254.5 258.3 263 270.1 266.7 250.7 248.5 254.3 258.7 266.9 278 285.8 286.9 281.9 272.6 276.7 266.3 270.7 265.5 253.2 249.1 248.8 248.6 257.3 266.8 257.3 248.3 243.4 240.4 234.3 211 201.9 206.8 207.2 189.4 183.1 186.2 183.4 179.4 181.5 177.7 159 167.2 183.3 166.3 137.5 141.7 136.3 113.6 87.5 67.3 69.2 68.1 62.8 45.4 35.3 30.7 31.1 21.7 21.8 18 19.8 19.4 21.1 23.1 23.7 17 16.5 16.5 17.4 22.6 28.6 36.2 41.4 50.6
253.7 256.1 254.4 253.7 251.5 249 250.8 254.2 258.4 264.8 259 250 240.8 250.5 252.5 257.9 267.6 276.9 283.1 283.5 266.2 267.1 267.8 259.8 256.8 258.7 241.9 246.5 245 248.1 262 261.1 252.1 242.2 234 231.2 216.3 197.2 196.6 198.4 192.1 171.4 179.6 181 178.8 173.5 172.7 161.2 156.2 163.9 162.3 141.2 128.8 130.9 116.1 91.3 66 60.3 63.6 56.2 46.8 32.5 30 24.6 24.5 17.6 16.2 15.5 15.9 18.5 20.6 22.4 22.1 16.8 16.4 16 17.8 22.9 31.8 38 44.1 51.3
255.7 252.5 250.5 252.9 248.4 246.8 250.6 258.8 264.5 264.4 252.8 243 239.3 247.8 249.6 254.4 263.6 269.9 274.1 270.8 258.5 261.1 249.7 250.7 253.3 252.3 237.2 241.2 238.7 261.7 259 257.1 246.5 236.4 229.9 220.2 193.7 192.6 189.7 186.8 170.6 168.1 176.1 175.6 172.6 173.1 160.1 142.2 151.5 149.8 134.9 117.3 126.4 112 92.3 62.8 52.8 52.9 48.2 43.6 28.7 23.9 22.4 18.6 13.4 15.8 15.2 14.2 13.1 15.1 18 21.3 21.1 17.2 16.2 15.6 17.9 24.9 31.5 38.4 43.4 50.8
