app/static/ascii/NR78.asc
ncols 200
nrows 200
xllcorner 170000
yllcorner 680000
cellsize 50
[rows 148 to 184 of 200, columns 83 to 165 of 200]
-0.3 1.6 1.3 3.2 6.5 18.7 27.9 39.6 49.5 68.2 99.7 118.4 131.9 137.3 149.1 141.8 142.6 144.3 148.2 160.4 180.6 196.9 219.3 229.8 236 247.7 254.2 249.3 254 256.1 265.8 273.3 277 255.7 253.6 248.1 250.7 246.5 246 243.9 252.5 245.7 245.7 245.7 245.7 257.1 265.5 275.5 282.8 289.2 294.1 306.7 324.6 351.1 367.7 364.1 356.8 356.1 339.7 334.4 328.2 332.1 337.2 353 368.8 378.8 379.9 389.7 398.3 405.5 405 407.7 403.1 417.6 427.9 421.7 435.4 423.7 425.2 421.7 434.6 431.6 433.4
-0.3 1.3 1.5 4 13.8 22.6 34 46.1 59.6 86.9 106.8 122 136.2 149.7 155.8 142.8 144.3 145.3 153.2 169.5 186.9 208.4 219.4 230.5 239.3 257.9 255 248.1 254.6 255.9 266.1 266.2 251.6 253 247.4 247.4 257 251.3 251.2 250.2 255.7 247 245.7 245.7 250.2 267 278.5 286.2 286.4 292 301.4 314.2 330.3 360.2 374.1 355.8 352.8 347.6 338.2 340.5 329.2 338.4 338.2 356.3 372.2 382.1 377.1 386.5 393.4 400.1 399.7 398.8 403.4 423 423.1 419.3 413.9 410.7 417.1 423.3 433.4 435.4 429
-0.3 2.9 3.6 11.3 17.5 28.9 39 53.1 78.4 95.5 106.8 123.8 144.5 154.2 151.8 142.5 145.2 145.3 159.9 172.2 202.5 208.3 219.1 236.1 255.9 257.3 259.7 245.4 245.6 255.6 259.5 246.6 251 254.7 244.4 251.7 254 258.2 257.6 253.8 258.6 245.7 245.7 251.3 260.1 274.5 285.9 291.7 291.2 296 307.4 318.6 340.6 366.8 361.7 354.5 348 338.2 339.3 325.8 328.9 338.4 346 370.5 383 377.5 372.6 376.1 388.8 390.1 391 392.9 406.9 420.7 411.9 413.5 402.3 404.4 415.9 424.1 431.2 429.7 427.9
3.9 5 14.1 19.4 24.2 30.6 45.4 64.7 80.8 93.9 107.2 130 144 141.3 143.4 136.4 140.9 147.1 171.8 192.6 201.2 207.9 227.1 247 257.6 255.2 249.2 238.9 241.3 259.7 245.5 241.7 253.9 241.4 243.2 251 262.9 272.6 274 258.6 250.6 245.7 249.5 259 268.3 288.7 288.7 294.5 304.2 312.4 313.6 328.6 351.4 353.2 353.9 342.5 342.1 337.9 331.8 323.4 333.4 346.9 357 377.5 383.9 371.2 370.3 373.9 382.2 386.5 385 391.8 407.3 408.4 402 394.8 396.5 404.7 419.6 421.9 428.4 422.6 421
5 8.7 21.9 21.2 23.3 36.1 48.1 56.9 65.8 84 101.5 99.1 114.8 124.6 133.1 131.5 138.3 154 176.7 183.1 195.8 215.5 240.9 251.1 249.7 243.4 240.3 233.1 247.8 241.4 235.3 246.7 236.7 239.5 245.3 258.9 272.8 286.1 269.9 262.8 248.1 245.7 253.8 258.4 268.7 279.4 286 302.3 320.3 322.7 321.4 336.4 347.1 341.1 341.2 339.1 334.3 338.2 319.4 325.6 343.2 351.3 360.1 383.5 378.8 367.6 374.9 375.3 377 381.1 384.3 393.8 403.3 403.6 392.8 395.5 402.3 407.6 416.1 418.2 420.3 412.6 413.2
6 9.7 20.4 32.4 54.1 56.7 69.4 83.8 86.7 99.3 107.3 116.9 122.3 121.5 122.9 127 131.4 149.8 173 187.5 204.8 222.6 237.3 243.6 235.2 231.8 233.5 229 229.8 229.2 237.1 233.7 232.1 238.3 254 265.6 280.7 273.2 260.4 258.8 246.4 250.4 257.2 260.1 260.7 271.8 290 314.6 319.3 322.1 331.2 336.7 339.1 341.3 340 331.9 328.2 326.7 313.9 329.4 345.7 353.7 367.9 371.3 362.1 374.3 375.6 374.6 378.7 384 388.5 391.1 394.1 395.7 393.4 396.6 400.4 406.8 410.8 410.4 410.3 405.8 406.6
6.8 16.8 34.3 57.1 78 81.2 93 109.2 108.4 113.9 121.4 130 131 129.4 140.5 147 145.9 146.8 164 187.7 206.4 216.3 231.5 230.1 220.4 224.9 220.5 219 220.9 229.6 225.4 226.3 231.3 244.7 259.2 273.2 277.3 255.1 256.7 255.6 246.7 256.3 259.2 259.8 260.9 277.3 296 313.7 317 325.1 333.9 343.3 343 343.8 330.2 321.2 319.1 311.3 317.4 334.3 346 353.6 358.2 351.3 359.4 372.3 371.9 377.7 385.5 395.5 395.2 393 383.5 385.6 391.8 397 398.8 403.9 403.3 403 400.8 400.9 401.5
15.2 30.2 57.8 72.6 85.3 100.1 114.6 120.1 125.5 130.1 140.5 148.2 143.8 150.4 155.1 150.9 152.2 153.4 162.4 184.8 205.1 215.5 208.7 202.7 215.6 212.8 211.4 213.2 217 219.1 219.1 223.2 234.8 248 259.2 276.1 250.4 246.8 250.2 246.4 250.3 263.7 263.3 262.5 263.5 280 299.6 313 318.8 333 342.4 347.2 341.4 331.8 316.8 312.2 307 310 321.9 333.6 341.1 341.7 341.8 352 358.2 369.2 378.5 386.5 399.2 404.5 404.8 395.8 381.3 377.9 390.9 391.8 396.4 398.9 397.5 397.8 393.1 394.1 397.1
32.5 51 67.8 83.1 98.1 115.5 122.5 142.3 146.5 144.5 153.9 163.5 155.9 160.6 167.1 161.2 167 163.8 163.4 171 193.7 194.8 195.2 203.7 204.7 206.4 206 208.9 211.5 213.1 217.1 224.2 235.7 248.8 258.7 241.5 234 239.6 247.7 245.8 255.6 266.7 267.6 266.7 265.6 284.1 303.8 315.8 330.8 338.7 343.5 344.8 339.8 317.7 303.9 303.3 303.3 316.2 327.4 330.8 332 333.3 342.4 349.5 357.1 369.5 385.1 392.5 406.1 410.3 401.3 381 384.4 373.5 380.7 388.5 391.2 384.9 390 386.2 388.4 391.9 393.7
49.2 67.3 80.9 95.8 106.9 120.4 138.5 154.4 163.4 157 172.9 174.6 175.4 172.6 175.4 182.5 181.6 182.2 190.9 195.5 197.6 194.1 201.7 203.8 202.9 202.5 203.5 206.4 208 212.2 217.4 226 237.4 245.3 226.7 225.7 228.1 240 242.7 247.1 262.4 269.8 274.9 276.8 272.3 294.5 312.3 322.4 332.4 337.5 340.9 342.9 327.7 310.3 303.3 303.3 307.6 321.1 329.5 326.7 327.2 334.3 340.3 348 360.5 372.6 385 395.9 406.2 400.7 377.6 376.5 371.8 371.2 373.7 384.9 374.7 381.9 381.7 374.5 383 387.2 396.5
62.7 84.3 90.6 98.5 116.6 130.7 147.5 159.3 165 168.2 185.5 183.9 190.7 191.3 189.4 188.3 189.4 197.7 205.4 210.3 214.1 211.9 210 207.8 204.8 203.3 202.7 204.4 208 212.2 217.1 219.1 223.6 215.7 213.3 215.6 228.5 238.7 245.7 252.3 272.5 279.1 283.4 280.9 285.1 305.2 319.8 325.7 331.3 339 343.5 339.5 311.9 309.9 303.3 303.3 313.2 323.9 324.9 325.4 327.9 333.5 340.7 352.2 362.6 372.9 381.8 387.9 387.2 375.5 371.7 366.3 377.1 365.1 368.3 367.7 365.7 373.8 365.8 374.4 379.8 395.9 395.1
79.8 94.9 103.1 110.8 128.8 142.7 156 159.6 164.9 177.9 186.2 194.4 201.5 200.7 199.9 195.6 198.2 205.9 212.3 217.3 224.3 225.3 222.1 212.6 206.8 203.9 203.2 205.1 206.8 209.5 209 207.4 208.7 209.8 211.3 213.7 226 240.4 246.7 258.5 276.6 281.2 284 290.1 297.8 315.3 323.8 329.3 333.4 338.4 341.1 325.2 311.1 303.3 303.3 304.8 319.5 323.9 323.5 326.7 330.8 337.4 343.9 354.5 363.2 369.5 372.5 374.3 370.4 366.2 362.3 367.3 361.7 358.2 349.6 353.6 360.5 357.7 364.3 371.7 388.6 390.5 393.4
89.9 101.3 108.5 122.5 138.3 153.3 163 167.3 173.7 183.8 192.7 202 205.2 204.6 202.4 204.5 207.9 213.6 216.9 223 230 234.8 224.2 215.7 209.3 204.8 204 204.2 203.6 204.2 208.4 214.1 216.4 215.5 215.6 222.2 220.7 229.9 243.4 260.1 277.4 282.7 289.1 295.9 299.9 313.9 325.3 329.6 335.7 336.3 324.1 305 310.2 303.3 303.3 313.8 320.8 322.5 326.5 330.4 334.7 341 347.5 355.6 364.6 367.1 369.4 366.8 357.4 354.6 358.7 353.8 354.2 349.4 341.6 345.7 349.4 353.6 365.3 372.7 382.4 386.4 382.7
96.6 108.8 117.6 135.4 150.5 163.4 166.9 174.1 178.9 197.7 202.2 210.9 216.8 217.2 215.7 211.3 215 220.2 225.2 232.2 238.2 231.8 226.3 218.1 213.5 210.2 209 209.9 218.7 231.6 226.7 234.2 224.7 222.5 226.6 236.5 228.9 227.7 239.6 255.8 274.9 287.8 292.7 297.2 297.4 305.7 313.2 323.2 328.9 316.1 299.9 306.3 304.4 305.3 303.9 314.2 319.2 324.4 328.2 332.1 336.3 343.1 352.3 362.7 368.1 372 365.4 357.9 341.8 349.4 345.2 344 343.1 335.9 336.6 339.6 345.9 353.8 361.1 367.2 370.3 371.7 372.6
107.4 124.3 135 144.8 160.6 164.8 172.6 172.7 192.5 200.6 210.3 219.2 228 226 223.3 224.1 220.5 226 231.5 235.3 234.3 231.4 227.3 223.5 220 220.2 223.7 228.6 236.6 237 250 238.2 233.6 235.4 244.4 254.7 234.5 234 247.4 257 265.2 269.7 276.6 276.9 280.5 284.3 290.6 301.6 304.4 290.8 295.7 301.5 317.4 308.2 306.1 314.8 321.9 325.3 329.5 333.7 338.4 349.6 356 360.3 362.2 361.4 346.5 335.6 339.8 337.2 333.6 329.5 326.9 327.8 333.4 333 337.4 346.3 350.9 351.6 348 348.6 347.6
125.8 148.3 156.1 163.6 162.7 171.3 168.3 173.6 199.7 212.1 219.3 227.1 230.6 229.1 226.6 226.5 229.1 231.6 237.5 236.8 236.5 235.4 233.8 231.5 229.9 228.6 231.6 235.9 243.6 249 247.7 247.8 240.3 250.6 264.3 261.8 239.2 240.8 260.4 268.3 275.6 273.6 271.4 280 277 276.3 278 280.8 284.3 288.9 299.1 315.2 312.8 309.1 314.8 316.8 321.1 326 329.4 333.2 341.3 340.8 340.6 341 338.1 332.1 327.3 324.3 321 322.7 326.4 327.9 322.1 329.3 328.3 332.3 335 339.4 345.1 346.3 332.8 348.6 342
151 162.7 175.9 175.4 182.1 193.1 171.1 179.1 200.4 215.9 223 229.4 233.1 233.3 230.9 233.7 236.2 239.2 240.4 240.1 244.8 246.8 245.5 250.8 247.1 260.3 246.3 249.6 252.3 251.9 252 246.4 250.6 266.5 273.3 252.2 247.3 252.7 272.7 276.2 277.5 273.9 281.8 287.5 284.7 284.4 282.8 284.9 287.4 292.3 301.6 306.1 309.7 317.6 318.9 320 319.8 325.7 327 329.1 329 332.4 332.1 326.1 325 326.8 320.8 318.4 314.7 319.5 323.2 317.5 317.4 319.6 323.2 325.5 329.3 334.9 339.5 325.6 337.1 340.8 333.1
169.7 177.8 182.4 192.2 198 184.7 178 195 216.2 230.7 240.6 240.4 242.8 242.1 242.5 245.5 247.2 252 243.3 243.5 251.4 252.8 257.8 256.4 277 273.6 259.6 263.2 262.4 265.2 258.9 267.6 257.2 266.9 266.3 262.9 265 273.8 282.7 286.5 279.9 281.3 287.7 293.7 300.6 293.2 290.2 291.9 306 308.9 309 317 319.8 322.6 321.3 320 319.7 319.7 319.7 319.7 319.7 319.7 320.2 321.2 325.1 324.1 320.6 317.1 309.8 312.4 316.2 309.7 307.2 316 316.7 320.4 325.8 328 325.3 322 325.1 323.1 321.3
184.5 191.4 190.6 202.5 202 187.9 190.1 215.6 228.9 246.4 248.3 250.8 252.1 247.3 249.8 248.8 251.9 256 246.7 257.7 257.1 261.6 268.4 267.9 287.5 277.9 274.2 273.5 267 267.3 273.3 281.9 266.1 276.8 279.3 289.8 292.2 288 295.4 290.1 286.5 289.2 296.5 303.7 302.5 298 294.7 308.9 323 326 321.5 329.7 332.1 326.8 322 320 319.7 319.7 321.4 322.6 334.3 319.7 319.7 329.2 332.2 324.7 319.7 320.3 310.9 305.6 306.6 307.8 306.3 309.6 310.6 314.5 315.1 313.2 308.8 313.2 315.2 322.4 323.4
198.6 199 205.4 210.1 199.3 193.8 210.7 229.7 246 251.1 257 259.5 257.4 254.5 253.7 251.6 256.9 255.7 251 262 267.1 277.8 272.2 276.2 293.1 278.8 281.3 275.2 277 278.3 295.5 285.9 276.2 282.6 292.5 311.8 313.6 307 302.5 302.3 299.1 299.5 303.1 306.4 309.4 299.2 301.9 321.6 333 323.8 327.6 334.2 336.8 329.3 322.5 321.6 323.9 323.6 325.2 340 339.8 328 324.4 322.2 319.1 317.3 314.9 308.6 303.3 293.9 301.8 291.9 303.7 300 299 298.2 299.9 302.1 308 313.9 322.6 326.5 337.5
200.3 205.6 213.6 206.7 205.2 200.4 222.7 241 254.5 260.2 266.8 265.7 262.3 265.1 256.5 259.4 259.5 254 255 262.8 276.9 280.8 274.6 288.2 293.3 282.5 287.1 276.7 284.6 289.4 300.6 284.1 291.6 290.8 321.7 329 326.9 321 315 312.6 303.1 306.5 308.6 311.4 312.5 303.3 314.4 328.8 328.5 324.7 336.5 340.8 341.3 332.9 326 327.5 327.8 331.8 334.9 343.6 338.1 329.3 325.3 320.2 316.2 316.7 318.2 305.3 294.8 289.9 287.5 289.2 290.7 289.4 289.4 292.5 297.9 300.9 309.7 314.5 320.6 328.5 340.2
208.8 214.5 215.7 207.9 210.4 216.2 237.2 251.6 260.7 268.4 278.6 276.1 269.5 265.1 259.7 261.9 255.4 254.8 257.1 274.7 285.7 274 272.1 299.5 291.6 294.1 289.7 282 287.7 292.2 296.4 290 295.7 307 325.3 331.9 332.7 325.9 318.3 309.5 315.4 314.8 313.4 313.2 309 309.8 326.5 330.4 325.9 335.7 350.2 350.7 344.8 338.2 331.5 338 337.3 333.9 341.2 346.7 344.9 332.6 330 325 325.3 323.7 324 309.8 302 298.7 286.7 287.8 289.8 282.1 284.9 290 292.2 298.8 304.5 309 318 327.9 333.6
212.9 215.3 216.6 210.4 214.9 228.4 245 258.1 269.5 273 277.6 274.6 275 261.3 261.7 259.8 256.1 253.1 259.9 281.8 277.9 266.6 278.2 306.2 292.2 300.4 290.3 291.3 293 304.7 294.6 299.5 299.3 320 334.7 336.4 330 326.7 320.7 321.2 320.8 317.7 315.9 314.4 316.5 326.8 333.4 329 337.9 351.1 353.2 352.8 346.1 346.4 343.9 349.5 345.1 343.5 354.5 347.9 341.7 335.7 329.9 330.8 329.2 327.2 317.5 311.3 303.2 295.8 284.7 282.4 277.5 278.9 279 281.9 288.3 293.9 298 304.2 313.8 322.7 326.6
218.9 223 206.3 213.2 220.8 237.2 248.6 264.5 272.6 277.3 275.2 272.5 267.1 261.4 259.8 256.9 258 245.9 271.8 285.6 268 265.8 289.9 298.5 293.6 296.8 291.4 297.2 306.4 310.6 299.8 299.8 307.3 327.2 340.5 343.6 336.1 338.1 327.2 330.1 327.7 321.9 325.1 328.6 334.8 334.5 329.8 335.6 349.3 355.4 358 353 345.6 343.2 355.5 359.2 348.3 356.7 355.8 346.4 344.6 338.4 332.1 333.4 326.9 322.5 313.5 306.7 301.1 288 280.9 274.4 272.9 270.9 273.6 277.1 282.3 286.6 290.5 296.7 305.4 315.3 320.9
222.1 225.1 198 208.1 227.9 239.4 252.6 266.8 279 276.6 274.1 275.5 264.4 257.8 257 253 245.9 249.7 279.3 273.8 261.7 272.4 297.2 294 297.5 296.8 295.8 297.8 317.2 306.6 303.7 299.5 318.2 335.8 350.2 346.9 344.7 336.3 335.2 335 330.2 328.9 329.8 338 339.8 330.8 333.1 346.4 353.5 355.7 358.2 354.1 346.4 349.1 363.7 361 354.7 364.8 352 347.3 345 339.5 331.9 329.2 325.7 314.8 310.2 305.4 295.6 287.1 275 270.4 265.7 266.5 268.6 273.5 276.3 278.8 285.4 292.5 299.1 305.3 308.7
225.3 206.4 191.7 215.3 228.9 239 262.6 273.7 278.5 274 274 276.6 257.5 258.6 252.8 245.9 245.9 260.1 270.9 260.7 260.8 281.9 287.8 291.8 299.2 298.2 298.5 315.3 327.2 309.4 303.5 308.7 326 344.1 352.2 346.6 341.6 340 338.9 332.8 330 336 337.5 343 334.7 329.7 342.5 352.7 355.8 362.4 363.8 357.7 347.1 358.6 371.4 361.4 371.1 357.9 351.4 347.8 346.9 340.5 333 331.2 326.7 312.7 309 301.6 296.3 278.4 272 267.9 265.6 262.9 265.9 267.4 268.6 274.2 280.8 286.5 289.2 291.8 290.6
206.7 187.1 198.8 219.7 231.8 247 268.8 281.8 274.4 271.4 276.6 261.8 253.2 252.9 247.3 245.9 245.9 260.5 263.3 259.1 270.1 280.1 288.1 295.7 299.9 299.8 307.3 333.8 324.2 308.4 304 318.9 336.1 348.1 349.8 348.4 344.2 340.8 341.1 331.5 339.7 335.1 343.2 341 330.3 332.3 347.8 352.5 360.1 368.2 371.2 358.9 349.7 372.8 372.9 365.8 367.3 353.8 354.1 349.5 347.9 343.6 333.9 331.6 314.2 312 308.3 298.6 290.8 280.5 283.1 274.3 272.6 262.6 267 263.5 264 267.9 274.3 278.5 279.7 275.8 267.3
185.1 187 207.4 223.5 233.4 256.9 269.6 275.1 272.5 266.8 260.3 247.1 252.4 249.6 245.9 245.9 256.9 258.8 259.8 259 274.6 282.3 288.8 297.5 300.5 304.1 329.1 335.4 317.2 308.7 313.6 326.3 344.1 349.6 349.5 346.9 342 341.8 332.5 334.6 337 342.2 345.3 333.3 330.1 338.7 350.3 353.1 368 373.4 368.3 362 356.2 376.4 362.3 366.9 356.2 350.2 350.2 352.3 353.2 350.4 336.6 320.1 311 307.3 302.8 300.7 290.8 290.3 282.8 277.8 266.3 264.7 259.6 257.1 257.8 261.8 267.8 271.4 269.7 267.4 256
183 193.5 209.4 232.8 249.8 265.9 261.6 264.9 261.3 261.3 247.1 246.8 247.9 247.1 245.9 249.9 255.9 255.7 256.4 265.3 274.5 289 289.5 297.8 302 318.7 333.3 333.8 318.5 313.6 329.1 336.9 346.3 351.1 348.7 343.7 339.8 334.5 332.7 345.4 341.4 350.6 341.5 331.1 337.5 352.3 349.9 355.2 369.7 368 364.2 359.1 364 364.4 366.9 363 359.1 350.2 350.2 357.3 358.5 350.8 334.4 321.4 314.5 309.9 307.9 303.7 294.7 295.6 287.8 273.1 265.1 259.1 252.8 250.2 250.4 254.9 261 263.9 262.1 250.2 228.5
182.1 198 219 244.2 256.6 260.1 255.7 258.3 260 256.5 246.3 246.5 245.1 247 245.9 254.1 254.6 255.8 257 272.1 277.6 285.7 290.4 298.2 317.1 334.7 342.4 325.7 316.3 323.2 336.4 339.8 349.2 351.9 344.5 342 337.1 337.5 343.2 350.3 352.1 347.1 336.6 335.2 354.1 354.4 356.5 361.1 364.4 364.3 360.5 358.2 362.8 370.4 366.3 360.2 353.8 350.2 359 363.7 363.2 355 333 332.4 321.1 313.3 311.4 304.8 300.8 291.9 288.1 268.2 265 260.6 256.9 251.1 245.7 248.7 254.6 253.8 242.2 223.8 211.7
182 202.7 228.7 246.1 246 248 250.7 253.3 265.1 248 244.2 249 246.9 246.1 250.7 254.1 255 256.2 258.4 273.2 283.7 287.1 294.1 307 338.7 353.8 336.3 327.3 315 331.5 341.1 340.9 346 346.6 345.4 345.8 337.3 341.3 355.5 357.3 351.2 339.8 339.1 348.8 360.7 357.4 356.8 364.4 371 364.7 360.7 360.3 365.1 372.4 361.2 356.9 351.8 350.6 360 367.1 363.8 350 338.2 338.7 332.7 318 312 304.5 304.7 291.1 281 271.7 265 260.6 257.5 247.8 242.8 244.9 245.5 238.3 224.3 206.3 203.3
184.3 212.5 234.6 238.7 236.5 244 246.7 261.4 256.9 243.5 245.4 252.5 247 250.1 252.9 255.9 256.9 258.3 262.8 279.2 288.3 294.9 304.1 317.6 351 342.9 331 326.4 328.8 341 343.8 342.9 346.8 348.8 350.1 348.7 341.5 354.2 359.1 356.9 346.2 344.4 350.9 363.6 362.1 360.3 360.6 370.6 362 361.5 363.2 359.7 368.6 362.8 358.5 354.8 354 359.7 369.7 370.9 363.2 344.7 342.6 341.1 335.4 320.5 311.2 307.8 300.5 295.9 278 270.6 265.8 260.5 257.5 247.5 244.6 233.8 231.1 227.3 211.7 196.6 192.1
189.8 219.7 226.5 229 235.4 241.5 249.8 262.3 245.8 247.3 252.6 258.7 248.9 255.8 251.6 256 258.9 259.1 271.3 289.5 291.1 300.2 314.8 330.6 332.7 331 333.2 333.6 347.1 348.4 347.5 346 350.2 353.1 348.1 344.5 351.5 355.9 354.6 350.3 348.8 365.2 366.9 366.2 359.1 363.3 359.1 360.7 359.1 362.7 359.5 362.9 360.7 354 354.5 355.4 366.7 370.4 374.9 372.4 356.5 348.1 345.3 343.4 337.6 317.1 313.2 316.2 302 292.6 277.6 270.7 266.1 261.4 257.8 249.2 248.6 227.3 218.7 212.3 197.2 187.3 179.7
197.8 214.5 223.4 234.4 239.1 244.8 265.3 254.7 242.8 249 259.7 253.8 250.9 250.5 252.8 255.3 257.5 261.6 284 295.8 301.8 308.4 318 322.9 328.5 331.8 330.7 354.5 357.7 347.4 345.9 347.4 354 353.6 349.9 353.7 351.6 352.5 350.6 346.8 355 361.1 369 359.1 359.1 359.1 359.1 359.1 360.9 360.1 359.6 361.1 353.7 353.3 354.8 363.3 373.7 374.4 373.5 368.9 350.2 349.7 346.9 342.4 334.4 322.3 322.4 319.4 305 289.6 287.1 274.2 267.9 264.5 259.5 256.8 249.3 227.9 214.7 202.1 191.1 177.8 166.8
201.1 211.9 221.2 235.3 243.2 254.7 262.3 244.8 246.2 251.8 257.3 250.2 250.1 251.1 252.9 255.3 257.3 272.8 297 296.5 304.6 308.6 315 322 328.2 330.7 346 361.3 361.6 346.6 345.9 350.7 358.3 353.5 356.2 353.4 352.9 355.9 346.1 344.8 360.7 359.1 361.2 359.1 359.5 359.1 359.1 359.1 362.7 359.6 367 356.7 352.4 351.6 363.9 369.8 373 372.8 367.4 354.7 349.9 350.8 349.6 342.8 335.1 334.4 337.2 317.4 304.1 286.2 285.6 277.6 276.1 270.9 262.4 260.6 250.5 232.5 220.5 203.4 192.9 181.5 163.2
201.2 210.6 226.2 235.7 245.1 263 248.6 243.2 247.1 255.6 252.5 252 251.7 252.2 253.7 255.9 264.9 286 303.5 302.4 305.1 309.8 328.1 323.9 327.9 335.5 358 366.9 363.6 347 352.8 362.2 356.4 353.9 360.7 355.6 357.2 356.6 344.8 364.8 369.8 359.1 359.1 359.1 359.1 359.1 359.1 364.2 359.6 376.2 359.1 354.3 349.7 355.7 364.3 370.7 372.6 368.5 358 348.5 350.6 354.2 351.2 340.3 334.9 346.8 340.7 314.1 301.6 289.3 286 286.3 284.7 274.5 268.5 267.1 256.6 237.1 223.5 210 198.6 185.4 165.5
201.9 212.7 228.8 241.7 260 253 240.3 248.9 252.1 251.6 252.1 254.6 255.1 254.2 256 262.5 276.3 302.7 303.4 308.2 305.7 328.4 331 328.7 333.7 345.6 366.6 366.7 363.6 347.8 355.2 356.2 355.3 363.7 362.5 358.9 349.2 344.8 352.4 374.5 366.6 359.1 359.1 359.1 359.1 359.1 359.1 362.5 367.2 368 353.9 351.3 348.2 363.4 368.2 370 369.6 359 345.3 345.9 355.5 356.3 345.5 339.5 347.9 345.1 335.1 312.5 295.9 295.7 292.7 289.9 291.7 277.5 276.9 274.9 258.4 243.4 227.4 213.5 198.4 182.8 168.8
