app/static/ascii/NR79.asc
ncols 200
nrows 200
xllcorner 170000
yllcorner 690000
cellsize 50
[rows 148 to 184 of 200, columns 85 to 169 of 200]
-0.4 -0.4 -0.4 -0.4 -0.4 -0.4 -0.4 -0.4 -0.4 -0.4 -0.4 -0.4 -0.4 -0.4 -0.4 -0.4 -0.4 -0.4 -0.4 -0.4 -0.4 -0.4 -0.4 -0.4 -0.4 -0.4 -0.4 -0.4 -0.4 7.6 10.6 23.1 29.4 22.2 43.1 61.4 48.9 57.3 68.7 68.8 72.9 105.7 122.5 176.6 178.7 170.3 158.6 146.8 141.1 165.1 183.2 172.6 172.2 190 189.3 189.6 185.8 180.9 192.5 217.6 213.6 203.1 200.6 195.5 189.3 177.6 169.1 168.2 183.8 183.2 180.3 177.1 186.7 191.2 197.2 186.4 173.2 167.1 169.8 192.6 208.9 197.9 190.1 185.2 160.4
-0.4 -0.4 -0.4 -0.4 -0.4 -0.4 -0.4 -0.4 -0.4 -0.4 -0.4 -0.4 -0.4 -0.4 -0.4 -0.4 -0.4 -0.4 -0.4 -0.4 -0.4 -0.4 -0.4 -0.4 -0.4 -0.4 -0.4 -0.4 -0.4 12 24.1 28.2 19.3 28.2 60.4 47.6 49.5 60.1 67.4 75.7 79.5 115.4 139.3 182.9 166.8 158.9 148.3 138.7 139 172.5 178 165.3 170.7 186.3 185.4 183.8 179.3 179.7 207.1 223.4 210.2 204.2 201.8 194.2 185.6 171.8 167.6 183.2 183.2 182.5 179.8 186.4 186 196.1 196.9 183 168.9 165.9 175.6 209.4 195.5 185.1 181.2 168.6 144.8
-0.4 -0.4 -0.4 -0.4 -0.4 -0.4 -0.4 -0.4 -0.4 -0.4 -0.4 -0.4 -0.4 -0.4 -0.4 -0.4 -0.4 -0.4 -0.4 -0.4 -0.4 -0.4 -0.4 -0.4 -0.4 -0.4 -0.4 -0.4 12.9 26.1 26.2 20 22.7 46.7 47 47.6 59.9 59.8 67 77 96.7 118.2 166.5 175.9 164.3 150 142.6 133.6 145.1 173.9 173.5 164.4 174.1 187.7 177.2 177.8 178.3 190.3 217.9 223.3 215 206.4 204.3 196.1 179.9 169.4 166.6 184.7 181 180.4 174.7 179.9 185.9 196.5 190 177.4 162.2 163.6 191.9 202.7 186.1 176.8 172.2 148.8 135.7
-0.4 -0.4 -0.4 -0.4 -0.4 -0.4 -0.4 -0.4 -0.4 -0.4 -0.4 -0.4 -0.4 -0.4 -0.4 -0.4 -0.4 -0.4 -0.4 -0.4 -0.4 -0.4 -0.4 -0.4 -0.4 -0.4 -0.4 -0.4 29.4 28.7 20.3 19 30.4 54.1 48.2 60.6 60.1 61.8 65.5 97.2 119.2 134.6 180.2 165 157.4 148.5 138 129.5 153.8 178 164.6 161.5 174.4 181.9 179.3 176.4 192 211.1 224.1 225.1 212.5 206.8 204 192.6 172.3 165.9 186.5 183.2 179.6 176.7 179.6 174.6 187.1 187.4 183 163.1 159 172.4 208.8 192.6 177.2 165.4 153.7 136.5 124.4
-0.4 -0.4 -0.4 -0.4 -0.4 -0.4 -0.4 -0.4 -0.4 -0.4 -0.4 -0.4 -0.4 -0.4 -0.4 -0.4 -0.4 -0.4 -0.4 -0.4 -0.4 -0.4 -0.4 -0.4 -0.4 -0.4 -0.4 12.6 17.4 17.6 16.4 21.5 47.9 46 59.2 57.3 62 69.7 84.6 115.2 129.6 155.5 173.6 163.1 148.6 145.9 128.5 128.9 160.9 174.8 156.5 162.6 180.1 176.2 176.3 175.2 209.9 215.6 229.6 227.5 211.7 207.4 203.4 183.8 166.9 165.4 187.8 179.8 177 170.8 177.8 166.4 179.9 182.2 176 156.2 158.2 190.1 202.8 186.1 172 156.8 143.1 126.2 117.8
-0.4 -0.4 -0.4 -0.4 -0.4 -0.4 -0.4 -0.4 -0.4 -0.4 -0.4 -0.4 -0.4 -0.4 -0.4 -0.4 -0.4 -0.4 -0.4 -0.4 -0.4 -0.4 -0.4 -0.4 -0.4 -0.4 -0.4 18.2 16.9 13.5 17.8 35.2 45.2 51.2 54.5 60.2 77 92.5 108.9 128.4 132.4 175.9 168.2 156.7 144.1 139 125.2 138 169.6 161.2 149.4 171.5 176.4 176.1 174.2 192 209.5 222.1 226.8 220.2 210.9 205.9 194.3 178.9 164.7 182.8 184.1 174.7 170.6 170.8 164.6 165.3 178.6 175.9 166.1 155.5 166.1 202.6 197.2 178.9 167.7 157.3 135.5 123.5 113.5
-0.4 -0.4 -0.4 -0.4 -0.4 -0.4 -0.4 -0.4 -0.4 -0.4 -0.4 -0.4 -0.4 -0.4 -0.4 -0.4 -0.4 -0.4 -0.4 -0.4 -0.4 -0.4 -0.4 -0.4 -0.4 -0.4 4.4 6.8 8.9 17.1 27.7 44 45.8 54.4 60.8 81.7 115 122.6 117.2 134 149.4 172.4 164.1 153.7 145.3 127.6 123.7 143.2 167.9 146.5 149.2 169.3 171.5 174.8 181.9 207 212.9 221.1 225.2 214.2 209.3 200.9 186.5 170 164.7 191.3 173 165.8 167.2 165.6 157.7 165.6 176.5 168.9 152.6 154.9 184.5 197.6 185.7 171.8 162.2 150.9 129.7 117.5 111.9
-0.4 -0.4 -0.4 -0.4 -0.4 -0.4 -0.4 -0.4 -0.4 -0.4 -0.4 -0.4 -0.4 -0.4 -0.4 -0.4 -0.4 -0.4 -0.4 -0.4 -0.4 -0.4 -0.4 -0.4 -0.4 -0.4 -0.4 7.7 13.4 32.1 42.6 44.2 50.3 53.9 82.2 102.7 123.3 120.5 124.3 134.6 162.4 160.5 160.5 149.9 135.5 123.5 127.7 154.3 159.9 143.9 150.2 169.7 171.6 173.8 198.4 204.1 215.7 219 216.6 213.3 209 193.7 178.5 164.4 169.5 181 165.6 167.1 171 157.6 150.1 170 172.8 159.6 151.9 161 195 185.5 176.4 165.5 165.4 136.3 128.5 112.3 108.3
-0.4 -0.4 -0.4 -0.4 -0.4 -0.4 -0.4 -0.4 -0.4 -0.4 -0.4 -0.4 -0.4 -0.4 -0.4 -0.4 -0.4 -0.4 -0.4 -0.4 -0.4 -0.4 -0.4 -0.4 -0.4 -0.4 -0.4 8.5 38.6 53.8 43.2 45.9 48.7 73 96.9 105.4 129.9 117.2 131.3 140.2 153.3 150.2 148.9 142 125.7 121.3 140.9 163.7 150.6 142.1 164.5 170.2 169.3 187.9 193.3 203.2 212.3 222.1 216.9 215.7 209.2 186.8 171.1 163.1 176.7 166.7 161.8 167.8 168.6 152.4 147.9 171.2 165 149.3 152.3 181.3 190.8 180.2 167.3 164 148.5 137.2 121.5 109.8 107
-0.4 -0.4 -0.4 -0.4 -0.4 -0.4 -0.4 -0.4 -0.4 -0.4 -0.4 -0.4 -0.4 -0.4 -0.4 -0.4 -0.4 -0.4 -0.4 -0.4 -0.4 -0.4 -0.4 -0.4 -0.4 -0.4 5.7 38.8 51 43.5 44 45.2 61.4 85.8 92.3 115.4 130.8 116.5 125.5 146.9 145.2 144.3 143.4 138.2 120.9 121.1 151.5 162.3 140.5 144.8 169.2 168.1 165.1 193.8 191.1 207 217 220 222.6 219.1 199.1 179.8 168.6 162.6 173.8 162.9 160 167.7 155.5 147.8 148.5 167 158.6 148 156 190.7 183.3 171.2 159.9 158.8 138.2 127.9 106.6 106 105.2
-0.4 -0.4 -0.4 -0.4 -0.4 -0.4 -0.4 -0.4 -0.4 -0.4 -0.4 -0.4 -0.4 -0.4 -0.4 -0.4 -0.4 -0.4 -0.4 -0.4 -0.4 -0.4 -0.4 -0.4 -0.4 6.6 51.1 57.8 53.7 42.7 43.5 48.6 78.5 84.4 87.2 119.6 117.8 121.1 130.5 147.9 144.1 139.7 145.1 129.5 119.5 132.6 158.9 151.7 139.4 158.4 170.7 165.4 180.5 185.8 194.1 214.8 222 224.3 221.7 209 195.2 172.1 161.3 170.8 166.1 159.3 159.1 159.5 153.9 147.2 154.1 162.8 146.6 148.6 166.8 189.3 176.9 157.6 156.3 143.6 131.8 117.5 101.4 97.1 101.8
-0.4 -0.4 -0.4 -0.4 -0.4 -0.4 -0.4 -0.4 -0.4 -0.4 -0.4 -0.4 -0.4 -0.4 -0.4 -0.4 -0.4 -0.4 -0.4 -0.4 -0.4 -0.4 -0.4 -0.4 -0.4 24.3 52.1 57.4 41.4 43.2 43.5 70.9 80.3 75.9 90.2 121.9 109.8 118.3 139.5 141.4 138.5 144.6 142.7 125.1 117.9 142.7 159.8 137.5 138.4 164.9 166.4 169.4 179.7 180.9 207.5 222.9 227.6 235.6 224.2 210.9 189.2 165.6 159.6 166.5 160.1 158.5 159.7 156.2 152.3 147.2 153.2 157.1 146.5 149.6 189.2 188 166.8 153.4 139.6 125.3 121.8 105.3 93 97.1 104.8
-0.4 -0.4 -0.4 -0.4 -0.4 -0.4 -0.4 -0.4 -0.4 -0.4 -0.4 -0.4 -0.4 -0.4 -0.4 -0.4 -0.4 -0.4 -0.4 -0.4 -0.4 -0.4 -0.4 -0.4 -0.4 29.7 40.5 41.5 41.5 41.7 58.4 82.3 68.7 74.6 107.5 114.3 110.5 123.6 137.6 132.2 135 155.5 132.7 118.5 117.6 147.6 146.9 137.1 149.9 168.2 161 173.6 175.9 186.7 225.5 239.9 240.3 239.2 220.1 206.2 182.9 161.4 157.9 163.1 157.6 165.9 158.8 158.1 150.2 148.1 154.8 146.1 145.6 168.5 184.3 176.9 161.2 144.7 125.2 114.4 106.1 93.3 90.5 97.8 125.8
-0.4 -0.4 -0.4 -0.4 -0.4 -0.4 -0.4 -0.4 -0.4 -0.4 -0.4 -0.4 -0.4 -0.4 -0.4 -0.4 -0.4 -0.4 -0.4 -0.4 -0.4 -0.4 -0.4 -0.4 27.4 29.1 32.1 39.1 38.8 53.9 78.8 67.1 66.7 82.5 116.7 104.6 112.2 134.6 130.9 127.2 139.2 145.3 131.1 116.9 127.9 153 136.2 136.4 161.7 161.6 162 173.8 181.3 207.3 240.5 242.7 239.6 231.9 215.9 199.2 176.9 159.3 164.7 159.4 164.5 162.4 162.1 160.9 153.7 147.6 144.6 144.5 148.3 183.1 182.7 168.3 154 129.6 112.1 102.8 93.2 84.7 93.3 106.6 127.7
-0.4 -0.4 -0.4 -0.4 -0.4 -0.4 -0.4 -0.4 -0.4 -0.4 -0.4 -0.4 -0.4 -0.4 -0.4 -0.4 -0.4 -0.4 -0.4 -0.4 -0.4 -0.4 -0.4 31.6 22.7 24.9 33.6 36.9 57.8 76.1 68.8 64.1 69.9 93.4 111.1 99 114 134.4 124.5 131.5 144.4 132.5 116.7 117.2 137.2 144.8 135.6 153.4 165.3 159.9 169.8 188.8 192.9 221.8 237.5 239.4 238 223.3 207.2 189.8 169.4 157.8 161.9 156.2 169.9 158.9 161.7 160.3 151.5 138.9 139.5 147.9 161.4 181.6 173.9 156 138.9 115.1 102.8 90.3 80.7 83.9 92.5 116.9 122.1
-0.4 -0.4 -0.4 -0.4 -0.4 -0.4 -0.4 -0.4 -0.4 -0.4 -0.4 -0.4 -0.4 -0.4 -0.4 -0.4 -0.4 -0.4 -0.4 -0.4 -0.4 -0.4 7.4 19.3 19.1 25 31.2 49.2 59.7 71.6 62.8 63.7 77.5 104 96.5 101.1 121.7 125.5 125.9 144.2 136.1 120.7 111 132.8 148.4 134.4 135.2 156.9 159.1 163.5 187 191.9 211.5 229.8 227.6 240.2 224 212.4 200.1 178.2 159.4 158.7 158 156.5 157.4 159.1 158.9 158.9 143 132.4 143.7 154 177.8 176.6 163.1 141.7 125.4 109 98.4 82.9 73.1 81.9 95.2 120 106.6
-0.4 -0.4 -0.4 -0.4 -0.4 -0.4 -0.4 -0.4 -0.4 -0.4 -0.4 -0.4 -0.4 -0.4 -0.4 -0.4 -0.4 -0.4 -0.4 -0.4 -0.4 -0.4 9.2 16 17.8 24.2 45.5 72.7 66.6 59.3 60.8 63.8 86.3 100.6 89.7 105.4 119 118.9 130.9 151 119.2 108.2 123.3 139.9 138.1 133.8 151.3 158.6 159.2 174.3 196.3 206.5 219 225.6 221.2 224.5 216.2 201.5 186.9 169.3 157.7 158.8 155.3 161.6 155.9 157.6 155.2 153 133.4 130.8 148 161 175.6 171.6 154.4 130.2 112.9 105.1 99 78.8 70 78.1 94.8 109.2 93.5
-0.4 -0.4 -0.4 -0.4 -0.4 -0.4 -0.4 -0.4 -0.4 -0.4 -0.4 -0.4 -0.4 -0.4 -0.4 -0.4 -0.4 -0.4 -0.4 -0.4 -0.4 -0.4 12.7 15.6 25 41.9 64.4 65.8 60 59.8 60.3 64.5 80.9 83.7 90.2 109 115.1 121.5 141.4 125.9 108.2 106.7 130.8 144.4 133.2 142.6 154.9 159.2 172.9 194.1 199.6 206.5 231.8 221.5 211 212.8 202.6 191.7 177.2 161.6 158.1 155.9 161 161.8 155.1 152.6 147.4 141.2 128.5 131.7 146.5 165.9 175.2 165.3 144.9 121.4 105.4 96.8 91.7 73.7 66 72.5 95 90.7 83.3
-0.4 -0.4 -0.4 -0.4 -0.4 -0.4 -0.4 -0.4 -0.4 -0.4 -0.4 -0.4 -0.4 -0.4 -0.4 -0.4 -0.4 -0.4 -0.4 -0.4 -0.4 9 13.8 20.9 45.3 74.5 61.7 57.2 59.1 60.9 62.6 80.8 93.5 88.8 92.4 95.8 113.2 123 130.7 115.6 105.6 116.6 133.2 136.3 132.8 152.6 157.5 163 186.1 199.9 213.9 223 228.9 221.1 213.6 203.9 191.7 182.4 169.9 163 161.6 153.8 163 154.9 153.1 148.5 138.8 130.1 123.6 131.5 150.8 174.8 166.8 144.4 126.4 107.9 98.6 92 86.2 61 60.4 66.9 84.4 70.9 88.8
-0.4 -0.4 -0.4 -0.4 -0.4 -0.4 -0.4 -0.4 -0.4 -0.4 -0.4 -0.4 -0.4 -0.4 -0.4 -0.4 -0.4 -0.4 -0.4 -0.4 -0.4 7 15.6 51.9 72.2 61.5 55.8 57.3 61.9 70.6 81.5 98.5 93.1 91 92.6 102.6 109.3 118.7 119.2 105 104.5 124.7 141.3 132.6 139.5 151.6 162.7 182.7 217.9 215.4 228.5 239.9 224.7 216.5 210.8 197.9 184.4 175.7 161.7 164.1 161.9 156.7 162.3 153 149.8 140.9 128.7 122.7 120.1 133.5 156.7 171.1 146.3 125.2 113 90.7 85.8 81.8 77.4 58.8 58.8 59.4 61.8 77.2 110.3
-0.4 -0.4 -0.4 -0.4 -0.4 -0.4 -0.4 -0.4 -0.4 -0.4 -0.4 -0.4 -0.4 -0.4 -0.4 -0.4 -0.4 -0.4 -0.4 -0.4 3.3 7.6 40.6 66.5 58.7 53.9 61.7 57 79.8 83 103 106.5 107.8 101.8 94.6 105.8 114.3 117.6 106.2 103.8 114.8 126.6 131.6 135.1 154.3 168.8 176.8 221.2 225.2 224.5 247.3 248.6 233.4 216.4 208.9 186.1 179.8 168.6 158 161.7 152.8 159.7 151.5 147.9 140.2 128.4 118.8 115 119.3 136.7 159.7 156.2 129.4 109.2 87 82.3 74.1 65 61 58.8 57.8 58.4 66.2 85.9 115.5
-0.4 -0.4 -0.4 -0.4 -0.4 -0.4 -0.4 -0.4 -0.4 -0.4 -0.4 -0.4 -0.4 -0.4 -0.4 -0.4 -0.4 -0.4 -0.4 6.9 6.2 22.6 54.4 59.5 49.6 56 65.4 81.7 82.6 99.2 115.9 112.2 122.3 116.7 111.6 111.2 124.3 116.8 103.3 109.4 123.5 135.2 136.9 156.7 166.7 174.5 205.5 229.2 226.8 235.5 256.8 252.2 237.5 216.4 210.2 188.4 168.2 159.8 153.6 153.2 149.8 155.5 140.5 141.8 131.6 116.9 115.2 104.5 121.2 138.2 158.8 137.7 112.3 91.9 78 66 62.6 61.2 59.8 57.2 57.4 59.9 71.2 104.7 100.5
-0.4 -0.4 -0.4 -0.4 -0.4 -0.4 -0.4 -0.4 -0.4 -0.4 -0.4 -0.4 -0.4 7.9 -0.4 -0.4 -0.4 -0.4 -0.4 9.5 13.8 53 54.6 47.6 48 56.6 76.2 87.5 96.6 109.8 114.2 127.2 128.1 121.3 113.4 123.9 124.5 107.7 101.3 121.7 147.9 142.6 154.6 169.7 174.3 196.1 208 227.4 229.4 259.2 251.7 245.2 229.3 215.9 199.9 180.2 162 151.1 147.9 150.1 152.7 141.8 135 133.1 125.4 112.4 105.1 101 122.1 137.9 140.2 117.1 98 86.2 69.3 62.7 60.8 60.5 56.8 58.7 64.4 61.8 77 99.1 96.1
-0.4 -0.4 -0.4 -0.4 -0.4 -0.4 -0.4 -0.4 -0.4 -0.4 -0.4 -0.4 3.6 5.9 -0.4 -0.4 -0.4 -0.4 -0.4 26.3 37.7 55.2 51.6 45.7 54.1 74.2 86.1 94.8 108.1 114.4 124.9 134.4 125.3 116.8 121.1 126.5 119.1 100.5 112 142.1 137.2 156.5 173.1 177.3 201.7 219.6 223.7 221.4 234.3 253.6 246.4 235.6 221.6 215.2 194.6 173.6 154.6 139.3 149.1 147.4 148 137.1 129.5 125 109.3 108 97.7 101.1 116.8 121.9 118.8 104.9 88.2 75.6 64.8 57 55.2 56.2 60.2 69.9 63.6 63.4 94.2 93.1 97.2
-0.4 -0.4 -0.4 -0.4 -0.4 -0.4 -0.4 -0.4 -0.4 -0.4 -0.4 -0.4 10.4 -0.4 -0.4 -0.4 -0.4 -0.4 15.9 43.5 48.9 43 44.1 57.8 75.8 84.9 90.7 107.4 114 122.6 134.6 129.3 123.1 117.7 133 122.5 99.5 96.4 121.4 141.6 139.2 171.2 176 192.2 224.8 226.8 227.5 226.8 248.8 249.8 237.4 224.1 208 198.5 184.2 164.8 148.6 136.5 149.2 149.5 136.7 127 122.8 113.6 105.4 101.2 90.3 93.9 110.8 106.2 100.2 88.9 81.7 68.9 58 55 57.8 66.6 79.5 75.1 63.3 70.8 94.7 81.9 87.4
-0.4 -0.4 -0.4 -0.4 -0.4 -0.4 -0.4 -0.4 -0.4 -0.4 -0.4 5.7 13.5 -0.4 -0.4 -0.4 -0.4 13.4 31.9 42.5 40.2 43.4 56.1 72.1 87.7 89.8 101.2 114.5 116 133 133.6 122.7 116 124.2 127.9 107 95.4 104.2 132.8 134.7 149.6 170.2 179.4 222 231.7 225.3 224.9 228.9 256.5 246.7 227.8 213.3 197.8 191.1 173.9 155.9 139.5 134.8 143.7 142.2 129.8 121.3 110.5 101.3 96.5 94.8 78.1 85.3 88.1 87.8 85.1 88.4 73.7 68.1 56.7 54.1 59.9 96.9 79.4 71.1 63.8 83.5 89.7 83.5 83.9
-0.4 -0.4 -0.4 -0.4 -0.4 -0.4 -0.4 -0.4 -0.4 5.8 4.5 8.5 2.1 -0.4 -0.4 -0.4 7.2 26.4 47.3 40.2 40.2 49.4 62.2 79.6 87.6 96.9 108.1 114.8 125.6 132.1 125.6 114.4 116.1 125.6 123.6 95.6 94.3 109.1 134.2 132 152.3 165.8 204.5 235.1 225.4 225.3 225 240.6 253.1 244.4 223.3 204.4 190.2 180.1 160.4 147 137.7 132.3 145.5 130.2 128.8 112.8 100.7 95.6 88.3 84.8 68.2 74.4 72 73.5 75.3 74 72.8 63.2 51.9 55.6 83.9 88.1 72.2 63.7 64.9 89.1 80.4 77.5 76
-0.4 -0.4 -0.4 -0.4 -0.4 -0.4 -0.4 -0.4 -0.4 4.5 5.8 16.2 1.1 0.3 -0.4 1 20.2 42.2 45.6 42.4 40.2 52.9 63.7 79.4 93.4 109 108.6 115.9 125.1 122.2 117.1 118 114.6 123.9 108.1 94.3 97.1 109.6 126 139.9 154.8 183.2 220.6 226.1 225.4 225.6 227.9 263.5 250.4 237.2 215.6 198.1 185.5 172.1 149.6 136.2 129.4 129.7 134.6 119 115.8 96.2 91 86.9 79.7 66.4 62.8 53.3 56 66.1 65.3 66.8 59.7 48.3 50.1 62.5 90.1 73.5 61.3 54.9 62.5 80.7 67.9 72.3 66
-0.4 -0.4 -0.4 -0.4 -0.4 -0.4 -0.4 -0.4 7.2 7.3 18.1 13.7 1.4 1.2 1.1 8.1 37.5 54.4 41.8 40.2 40.2 58.6 80.5 85.6 106.8 110 109.7 120.9 123.1 115.7 112.6 118.4 113.5 111.4 94.8 99.6 97.7 118.2 130.2 145.5 167 206.2 227.3 225.7 225.6 226.9 241.2 256.2 242.5 224.2 208 189.5 175 157.4 140.4 131.4 121.1 126.5 124.2 116.2 99.6 88.5 82.5 75.5 72.6 59 54.1 39.2 48.5 54.1 59.3 53 43 45.3 52.5 77.6 84.5 63.1 51.8 52 69.4 70.7 64.3 65.1 56.5
-0.4 -0.4 -0.4 -0.4 -0.4 -0.4 -0.4 7.6 8.8 16 17 6.1 3.7 1.3 1.7 23.3 55.3 48.7 41.5 40.2 40.2 76.1 91.6 104.3 109.6 110 117.1 123.7 119.2 112.6 115.2 107.1 110.2 97.3 90.4 99.2 98.9 120.1 145.4 152.3 192.3 212 224.3 225 226.3 233.9 254.5 245.8 233.9 211 197.5 182.9 165.8 146.3 131 127.1 110.2 118.9 115 106.7 80.7 74.6 73 67.6 64.4 51.7 45.5 35.3 41.9 50 45 35.5 33.6 42.3 61.5 77.6 67.8 54.3 50.6 51.6 70.9 62.6 58.9 58.1 57.1
-0.4 -0.4 -0.4 -0.4 -0.4 -0.4 6.3 15.7 16.2 19.6 14.2 9 4.6 2.4 8.8 29.8 50.1 43.9 42.4 41.3 51.1 88 103.8 111.5 109.6 112.5 122.2 117.6 112.2 112.6 105.5 103.1 97.5 84.8 90.8 89.3 105.7 127.1 144 170.7 201 222 223.4 225.1 227.3 257.6 255.1 232.2 212.6 197 187.2 175.5 149.1 133.5 121.6 112.7 103.8 106.7 100.7 92.8 72.1 67.6 66.1 63.5 49.2 42.4 35.4 34.4 36 34 25.7 23.2 28.4 43.5 66 75.2 53.5 49.9 49.4 54.4 64.9 59.1 58.1 59.5 61.1
-0.4 -0.4 -0.4 -0.4 -0.4 -0.4 -0.4 21.4 20.2 17.3 14.2 11.7 4.2 6.2 19.5 33.9 46.4 44.3 47.5 46.3 70.6 97 115.2 112.9 111.1 120.4 120.6 116.7 113.9 106.8 96.6 90.6 85 82.4 86.7 86.7 114.1 137.2 149.3 183.8 209.2 222 224.2 225.1 243.7 251.7 241.3 214.5 199 190.1 175.6 158.8 133.2 120.5 114.3 99.1 92.4 89.8 84.1 77.8 65 63.1 59.7 56.1 42.8 36.3 33.4 34.2 26.3 23.5 17.6 21.5 31.1 51 67 63.1 47.5 47.9 48.2 60.6 60.1 63.7 58.9 63.9 54.1
-0.4 -0.4 -0.4 -0.4 -0.4 -0.4 -0.4 22 21.6 16.4 17.6 6.5 6 12.4 27.2 52.2 47 46 58.5 54.1 85.2 103.4 120.7 110.4 111.3 122.8 115.5 107.4 108.3 102.3 86.4 84 75.6 86.1 80.4 93.3 118.4 134.7 163.5 204.2 226.2 223.8 224.1 225.6 252.2 245.4 226.5 203.8 186.1 176 163.3 140.1 120.5 109.9 100.6 86.4 89.7 71.7 72.4 69.5 57.5 58.3 57.1 40.1 32.9 32.9 32.6 22.1 21.6 13.8 18.8 24.1 29.9 53.4 63.3 46.4 45.2 46.2 47.2 57.5 64.7 61.1 67.5 60.8 54.1
-0.4 -0.4 -0.4 -0.4 -0.4 -0.4 5.1 19.2 17.8 12.2 11.7 6.1 8.6 20.5 39.5 48.1 48.3 65.5 69.9 60.8 99.6 103.1 110.8 110.4 111.8 115.9 111.2 104.9 104.5 93.7 81.4 74.7 73.7 74.5 77.1 100.1 127.1 146.8 186.5 216 223.5 221.9 224.6 225.5 247.3 231.1 206.2 190.2 172.9 167.6 148.7 124 110.3 100.8 83.1 88.3 73.8 62.5 63.5 55.5 55.3 51.8 51.6 26.5 26.2 20.6 22.2 11.1 8.8 14 20 24.5 38 56.6 52.5 45.4 45.4 46 52 66.5 67.8 63 61.5 55.6 52.4
-0.4 -0.4 -0.4 -0.4 -0.4 4.4 8.1 18.5 8.8 8.5 5.9 9.8 16.5 28.3 59.7 55 50.1 69.4 76 77.2 105.6 104.4 107.2 107.7 107.8 115.6 104.8 104.3 97.8 93.9 75 71.3 72 73.5 87.9 114.9 133.4 169.7 199 222.4 223.6 219.7 224.3 225.5 229.5 207.3 192 177.1 166.3 152.9 136.7 116.1 104.9 86.8 79.7 82.3 60.4 54.1 52.9 48.3 51.6 47 37.6 18.3 19.1 12.3 11.5 6.4 7.7 17.1 18.8 31.6 57 60.3 45.3 45.4 45.6 45.7 67 78.6 62.9 61.5 59.4 52.7 55
-0.4 -0.4 -0.4 -0.4 4.9 15 11.1 7.2 6.5 6.5 6.4 16.5 21.3 41.9 70.3 55.9 62.6 71.1 74.5 103.9 109.4 109 105.8 105 110.3 107.7 103.1 102 95.3 82.6 70.8 70.6 71.3 73.6 104.5 122.7 152.3 186.1 209.5 216.6 219.5 220.6 218.5 217.5 207 187.2 177.2 158.9 154.8 142.9 124.3 109.4 91 76.3 77.5 68.1 53.3 49.9 40.8 44.1 44 39.3 24 10 8.7 5.9 5.4 5.5 12.6 15.7 19.2 47.3 61 51.8 45.5 47.1 46.8 64.2 84.8 79.8 64.3 57.8 54 59.7 57.4
-0.4 -0.4 1.3 3.9 9.5 20.4 14.1 7.8 7.4 6.6 10.1 20.5 28.9 63.8 63.2 55.7 65.8 79.8 87.7 113.1 111.1 111.3 105.4 104.8 105.5 102.9 101.8 91.8 88.4 71.3 70.4 70.4 72 86.5 116.8 127.7 162.3 195.6 203.8 212.8 215.4 214.3 210 200.3 190.3 178.5 159.3 152.9 138.6 130 116.2 96.4 76 73.1 67.7 56.4 48.9 45.9 37 35.3 33.5 32.7 7.7 5.7 4.4 4 4.2 8 13.5 14.1 30.1 60.5 60.2 45 45.8 47.3 53.2 81.9 97.7 86 68.2 53.7 53.4 57.4 51.6
