app/static/ascii/NR84.asc
ncols 200
nrows 200
xllcorner 180000
yllcorner 640000
cellsize 50
[rows 0 to 36 of 200, columns 0 to 82 of 200]
199.9 198.7 197.4 196 195.9 197.1 199.4 197.5 196.5 196.5 196.5 198.3 200.8 202.6 201.3 201.5 203.4 205.3 202.4 198.3 194.1 190.2 186.3 182.4 178.6 174.7 170.8 166.9 163 158.9 154.6 151 147.7 144.3 140.9 137.6 130 123.4 116.8 110.2 102.9 95.3 87.7 80 72.4 64.8 63.4 63.8 64.2 64.6 65.4 67.1 68.8 70.5 72.1 73.8 75.7 78 72.9 65.4 57.9 50.5 43 39.9 37.5 34.7 28.7 21.7 10 -1.1 -1.1 -1.1 -1.1 -1.1 -1.1 -1.1 -1.1 -1.1 -1.1 -1.1 -1.1 -1.1 -1.1
199.2 197.5 196.9 196.8 196.6 196.5 196.5 196.5 196.5 196.5 196.9 198.3 200.2 202.1 204 205.9 207.7 204.9 200.8 196.3 192.4 188.5 184.6 180.7 176.9 173 169.1 165.2 161 156.6 152.3 147.9 144.5 141.1 137.7 134.4 129.6 122.2 115.6 109 102.4 94.8 87.2 79.5 71.9 64.3 60.5 60.9 61.3 61.7 61.4 63.1 64.7 66.4 68.1 69.7 71.3 73.6 70.8 64.6 57.1 49.7 42.2 35.6 32.4 29.5 25.8 16.7 8.6 -1.1 -1.1 -1.1 -1.1 -1.1 -1.1 -1.1 -1.1 -1.1 -1.1 -1.1 -1.1 -1.1 -1.1
197.9 197.8 197.4 197 197.4 197.3 196.9 196.5 197.7 199.7 200.7 202.6 204.5 206.4 208.3 210.2 207.4 203.3 198.5 194.6 190.7 186.8 182.9 179.1 175.2 171.3 167.4 163.1 158.7 154.3 149.9 145.6 141.4 137.9 134.6 131.2 127.8 121.2 114.4 107.9 101.3 94.3 86.7 79 71.4 63.8 57.8 58 58.4 58.8 58.2 59 60.7 62.3 64 65.7 66.9 69.2 67.4 63.3 56.3 48.9 41.4 34.2 28.1 25 21.5 14.9 5.7 -1.1 -1.1 -1.1 -1.1 -1.1 -1.1 -1.1 -1.1 -1.1 -1.1 -1.1 -1.1 -1.1 -1.1
197.6 198 198.6 198.7 198.2 200.3 200.7 201.1 203.1 203.2 205.1 206.9 208.8 210.7 212.6 209.9 205.7 200.7 196.8 192.9 189 185.1 181.3 177.4 173.5 169.5 165.1 160.7 156.4 152 147.6 143.2 138.9 134.9 131.4 128 124.6 121 113.3 106.7 100.1 93.8 86.2 78.5 70.9 63.3 55.8 55.1 55.5 55.9 55.7 54.9 56.6 58.3 60 61.6 62.5 64.8 63.9 60 55.4 48.1 40.6 33.1 26.8 20.6 16.6 12.6 3.9 -1.1 -1.1 -1.1 -1.1 -1.1 -1.1 -1.1 -1.1 -1.1 -1.1 -1.1 -1.1 -1.1 -1.1
199.7 200.1 199.9 204.3 204.6 205.5 204.5 206.5 205.6 207.5 209.4 211.3 213.1 215 212.4 208.2 202.9 199 195.1 191.2 187.3 183.4 179.6 175.7 171.5 167.2 162.8 158.4 154.1 149.7 145.3 140.9 136.6 132.1 128.2 124.8 121.5 118.1 112.4 105.5 98.9 92.3 85.7 78 70.4 62.8 55.2 52.2 52.6 53 53.3 51.8 52.6 54.2 55.9 57.6 58.9 60.4 60.5 56.5 52.6 47.3 39.8 32.3 25.5 19.3 13.2 8.3 2.2 -1.1 -1.1 -1.1 -1.1 -1.1 -1.1 -1.1 -1.1 -1.1 -1.1 -1.1 -1.1 -1.1 -1.1
203.6 208.1 208.3 209.5 210.2 208.5 209.9 210.2 209.9 211.8 213.7 215.6 217.5 214.9 210.7 205.1 201.2 197.3 193.4 189.5 185.6 181.8 177.9 173.6 169.2 164.9 160.5 156.1 151.7 147.4 143 138.6 134.2 129.9 125.2 121.6 118.3 114.9 111.5 104.3 97.8 91.2 85.2 77.5 69.9 62.3 54.6 50 49.7 50.1 50.5 49.3 48.5 50.2 51.9 53.5 55.2 56 57 53 49.1 45.1 39 31.6 24.1 18 11.8 5.7 -1.1 -1.1 -1.1 -1.1 -1.1 -1.1 -1.1 -1.1 -1.1 -1.1 -1.1 -1.1 -1.1 -1.1 -1.1
212.3 212.8 214.2 215 212.5 213.2 215 212.3 214.2 216.1 218 219.9 217.4 213.1 208.2 203.4 199.5 195.6 191.7 187.8 184 180 175.7 171.3 166.9 162.5 158.2 153.8 149.4 145 140.7 136.3 131.9 127.6 123.2 118.7 115.1 111.7 108.4 103.7 96.6 90 83.5 77 69.4 61.8 54.1 48 46.8 47.2 47.6 46.9 45.3 46.1 47.8 49.5 51.1 51.5 53.5 49.6 45.6 41.7 37.3 30.8 23.3 16.7 10.5 4.4 -1.1 -1.1 -1.1 -1.1 -1.1 -1.1 -1.1 -1.1 -1.1 -1.1 -1.1 -1.1 -1.1 -1.1 -1.1
217.7 218.9 219.5 216.8 216.8 218.6 215.5 216.7 218.5 220.4 222.3 219.9 215.6 211.2 205.6 201.7 197.8 193.9 190 186.1 182.1 177.7 173.3 169 164.6 160.2 155.8 151.5 147.1 142.7 138.4 134 129.6 125.2 120.9 116.5 112.1 108.5 105.2 101.8 95.3 88.8 82.3 76.5 68.9 61.3 53.6 46 44.1 44.3 44.7 44.4 42.9 42.1 43.7 45.4 47.1 47.1 49.4 46.1 42.2 38.2 34.3 29.3 22.5 15.4 9.2 3.1 -1.1 -1.1 -1.1 -1.1 -1.1 -1.1 -1.1 -1.1 -1.1 -1.1 -1.1 -1.1 -1.1 -1.1 -1.1
223.7 224.1 221.4 220.8 222 220.4 219.1 221 222.9 224.8 222.4 218.1 213.6 207.8 203.9 200 196.1 192.2 188.3 184.1 179.8 175.4 171 166.7 162.3 157.9 153.5 149.2 144.8 140.4 136 131.7 127.3 122.9 118.5 114.2 109.6 105.3 102 98.6 95.1 87.7 81.1 74.8 68.4 60.8 53.1 45.5 42.1 41.4 41.8 41.9 40.5 38.9 39.7 41.4 43 43.5 45 42.7 38.7 34.7 30.8 26.8 21.4 14.2 7.9 1.8 -1.1 -1.1 -1.1 -1.1 -1.1 -1.1 -1.1 -1.1 -1.1 -1.1 -1.1 -1.1 -1.1 -1.1 -1.1
228.6 225.9 224.8 225.4 225.2 221.5 223.4 225.3 227.2 224.9 220.5 216.1 210 206.1 202.2 198.3 194.4 190.5 186.2 181.8 177.5 173.1 168.7 164.3 160 155.6 151.2 146.8 142.5 138.1 133.7 129.4 125 120.6 116.2 111.9 107.5 102.6 98.8 95.4 92.1 86.5 79.9 73.3 67.9 60.3 52.6 45 40.1 38.5 38.9 39.3 38 36.5 35.6 37.3 39 40.3 40.6 39.2 35.2 31.3 27.3 23.4 19.1 13.4 6.6 1.6 -1.1 -1.1 -1.1 -1.1 -1.1 -1.1 -1.1 -1.1 -1.1 -1.1 -1.1 -1.1 -1.1 -1.1 -1.1
230.5 228.7 229.2 230.1 225.7 225.8 227.7 229.6 227.4 223 218.5 212.1 208.3 204.4 200.5 196.6 192.6 188.3 183.9 179.5 175.1 170.8 166.4 162 157.6 153.3 148.9 144.5 140.2 135.8 131.4 127 122.7 118.3 113.9 109.5 105.2 100.8 95.9 92.2 88.9 85.5 78.8 72.2 66.2 59.8 52.1 44.5 38.1 36.3 36 36.4 35.6 34.1 32.5 33.3 34.9 36.6 36.2 35.7 31.8 27.8 23.9 19.9 16 11.2 5.2 -1.1 -1.1 -1.1 -1.1 -1.1 -1.1 -1.1 -1.1 -1.1 -1.1 -1.1 -1.1 -1.1 -1.1 -1.1 -1.1
232.7 233.1 234.1 230.5 228.3 230.2 232 229.9 225.4 221 214.3 210.5 206.6 202.7 198.8 194.7 190.3 185.9 181.6 177.2 172.8 168.5 164.1 159.7 155.3 151 146.6 142.2 137.8 133.5 129.1 124.7 120.3 116 111.6 107.2 102.9 98.5 94.1 89.4 85.7 82.3 77.8 71 64.4 59.3 51.6 44 36.4 34.3 33.1 33.5 33.1 31.7 30.1 29.2 30.9 32.5 31.8 32.3 28.3 24.4 20.4 16.5 12.5 8.5 3.3 -1.1 -1.1 -1.1 -1.1 -1.1 -1.1 -1.1 -1.1 -1.1 -1.1 -1.1 -1.1 -1.1 -1.1 -1.1 -1.1
237.1 237.5 235.4 231 232.6 234.5 232.3 227.9 223.5 216.5 212.6 208.8 204.9 201 196.7 192.4 188 183.6 179.3 174.9 170.5 166.1 161.8 157.4 153 148.6 144.3 139.9 135.5 131.1 126.8 122.4 118 113.7 109.3 104.9 100.5 96.2 91.8 87.1 82.5 79.1 75.8 69.7 63.3 57.5 51.1 43.5 35.9 32.3 30.4 30.6 30.6 29.2 27.7 26.1 26.8 28.5 28.2 28.8 24.9 20.9 16.9 13 9 5.1 -1.1 -1.1 -1.1 -1.1 -1.1 -1.1 -1.1 -1.1 -1.1 -1.1 -1.1 -1.1 -1.1 -1.1 -1.1 -1.1 -1.1
241.5 240.3 235.9 235 236.9 234.8 230.4 225.9 218.7 214.8 211 207.1 203.2 198.8 194.4 190.1 185.7 181.3 176.9 172.6 168.2 163.8 159.4 155.1 150.7 146.3 142 137.6 133.2 128.8 124.5 120.1 115.7 111.3 107 102.6 98.2 93.8 89.5 85.1 80.1 75.9 72.6 69 62.1 55.5 50.6 43 35.4 30.2 28.4 27.7 28.1 26.7 25.3 23.7 22.8 24.4 24.9 25.2 21.4 17.4 13.5 9.5 5.6 1.6 1.6 -1.1 -1.1 -1.1 -1.1 -1.1 -1.1 -1.1 -1.1 -1.1 -1.1 -1.1 -1.1 -1.1 -1.1 -1.1 -1.1
245.2 240.7 237.4 239.3 237.3 232.8 228.4 222 217 213.2 209.3 205.2 200.9 196.5 192.1 187.7 183.4 179 174.6 170.2 165.9 161.5 157.1 152.8 148.4 144 139.6 135.3 130.9 126.5 122.1 117.8 113.4 109 104.7 100.3 95.9 91.5 87.2 82.8 78.4 73.2 69.4 66 60.7 54.3 48.9 42.5 34.9 28.1 26.4 24.8 25.2 24.3 22.8 21.2 19.6 20.4 21.8 20.8 17.9 14 10 6.1 2.1 1.6 1.6 -1.1 -1.1 -1.1 -1.1 -1.1 -1.1 -1.1 -1.1 -1.1 -1.1 -1.1 -1.1 -1.1 -1.1 -1.1 -1.1
245.6 241.2 241.8 239.7 235.3 230.9 226 219.2 215.3 211.5 207.3 202.9 198.5 194.2 189.8 185.4 181.1 176.7 172.3 167.9 163.6 159.2 154.8 150.4 146.1 141.7 137.3 132.9 128.6 124.2 119.8 115.5 111.1 106.7 102.3 98 93.6 89.2 84.8 80.5 76.1 71.6 66.7 62.8 59.5 53.2 46.6 42 34.4 26.8 24.4 22.5 22.3 21.8 20.4 18.8 17.2 16.3 18 16.4 14.5 10.5 6.6 2.6 1.6 1.6 -1.1 -1.1 -1.1 -1.1 -1.1 -1.1 -1.1 -1.1 -1.1 -1.1 -1.1 -1.1 -1.1 -1.1 -1.1 -1.1 -1.1
246 244.2 242.2 237.8 233.3 228.9 221.4 217.5 213.7 209.3 205 200.6 196.2 191.9 187.5 183.1 178.7 174.4 170 165.6 161.2 156.9 152.5 148.1 143.8 139.4 135 130.6 126.3 121.9 117.5 113.1 108.8 104.4 100 95.6 91.3 86.9 82.5 78.2 73.8 69.4 64.6 59.7 56.3 51.9 45.4 40.2 33.9 26.3 22.4 20.5 19.4 19.3 17.9 16.4 14.8 13.2 13.9 12.8 11 7.1 3.1 1.6 1.6 1.6 -1.1 -1.1 -1.1 -1.1 -1.1 -1.1 -1.1 -1.1 -1.1 -1.1 -1.1 -1.1 -1.1 -1.1 -1.1 -1.1 -1.1
246.6 244.7 240.2 235.8 231.4 223.6 219.7 215.8 211.4 207 202.7 198.3 193.9 189.5 185.2 180.8 176.4 172 167.7 163.3 158.9 154.6 150.2 145.8 141.4 137.1 132.7 128.3 123.9 119.6 115.2 110.8 106.4 102.1 97.7 93.3 89 84.6 80.2 75.8 71.5 67.1 62.7 57.6 53.1 49.7 44.3 37.7 33.4 25.8 20.3 18.6 16.6 16.8 15.4 14 12.4 10.8 9.9 9.5 7.6 3.6 1.6 1.6 1.6 -1.1 -1.1 -1.1 -1.1 -1.1 -1.1 -1.1 -1.1 -1.1 -1.1 -1.1 -1.1 -1.1 -1.1 -1.1 -1.1 -1.1 -1.1
247.1 242.7 238.3 233.8 225.8 221.9 217.8 213.5 209.1 204.7 200.3 196 191.6 187.2 182.8 178.5 174.1 169.7 165.4 161 156.6 152.2 147.9 143.5 139.1 134.7 130.4 126 121.6 117.3 112.9 108.5 104.1 99.8 95.4 91 86.6 82.3 77.9 73.5 69.1 64.8 60.4 56 50.6 46.6 43 36.5 31.6 25.3 18.2 16.6 14.7 14 13 11.5 10 8.4 6.8 6.4 4.1 1.6 1.6 1.6 -1.1 -1.1 -1.1 -1.1 -1.1 -1.1 -1.1 -1.1 -1.1 -1.1 -1.1 -1.1 -1.1 -1.1 -1.1 -1.1 -1.1 -1.1 -1.1
245.2 240.7 236.3 228 224.1 219.9 215.5 211.1 206.8 202.4 198 193.7 189.3 184.9 180.5 176.2 171.8 167.4 163 158.7 154.3 149.9 145.5 141.2 136.8 132.4 128.1 123.7 119.3 114.9 110.6 106.2 101.8 97.4 93.1 88.7 84.3 79.9 75.6 71.2 66.8 62.5 58.1 53.7 49.1 43.9 40 35 28.9 24.8 17.1 14.5 12.7 11.1 10.5 9.1 7.6 6 4.4 3.2 1.2 1 -1.1 -1.1 -1.1 -1.1 -1.1 -1.1 -1.1 -1.1 -1.1 -1.1 -1.1 -1.1 -1.1 -1.1 -1.1 -1.1 -1.1 -1.1 -1.1 -1.1 -1.1
243.2 238.8 230.2 226.3 221.9 217.6 213.2 208.8 204.5 200.1 195.7 191.3 187 182.6 178.2 173.8 169.5 165.1 160.7 156.4 152 147.6 143.2 138.9 134.5 130.1 125.7 121.4 117 112.6 108.2 103.9 99.5 95.1 90.8 86.4 82 77.6 73.3 68.9 64.5 60.1 55.8 51.4 47 42.1 37 33.4 27.6 22.9 16.6 12.5 10.7 8.8 8 6.6 5.1 3.6 2 1.6 -1.1 -1.1 -1.1 -1.1 -1.1 -1.1 -1.1 -1.1 -1.1 -1.1 -1.1 -1.1 -1.1 -1.1 -1.1 -1.1 -1.1 -1.1 -1.1 -1.1 -1.1 -1.1 -1.1
241.2 232.4 228.4 224 219.6 215.3 210.9 206.5 202.1 197.8 193.4 189 184.6 180.3 175.9 171.5 167.2 162.8 158.4 154 149.7 145.3 140.9 136.5 132.2 127.8 123.4 119 114.7 110.3 105.9 101.6 97.2 92.8 88.4 84.1 79.7 75.3 70.9 66.6 62.2 57.8 53.5 49.1 44.7 40.3 35.1 30.3 26 20.3 16.1 10.4 8.7 6.8 5.5 4.1 2.7 1.6 -1.1 -1.1 -1.1 -1.1 -1.1 -1.1 -1.1 -1.1 -1.1 -1.1 -1.1 -1.1 -1.1 -1.1 -1.1 -1.1 -1.1 -1.1 -1.1 -1.1 -1.1 -1.1 -1.1 -1.1 -1.1
235.8 230.4 226.1 221.7 217.3 212.9 208.6 204.2 199.8 195.5 191.1 186.7 182.3 178 173.6 169.2 164.8 160.5 156.1 151.7 147.3 143 138.6 134.2 129.9 125.5 121.1 116.7 112.4 108 103.6 99.2 94.9 90.5 86.1 81.7 77.4 73 68.6 64.3 59.9 55.5 51.1 46.8 42.4 38 33.6 28 23.7 18.7 14.3 8.3 6.7 4.8 2.9 1.7 -1.1 -1.1 -1.1 -1.1 -1.1 -1.1 -1.1 -1.1 -1.1 -1.1 -1.1 -1.1 -1.1 -1.1 -1.1 -1.1 -1.1 -1.1 -1.1 -1.1 -1.1 -1.1 -1.1 -1.1 -1.1 -1.1 -1.1
232.5 228.1 223.7 219.4 215 210.6 206.3 201.9 197.5 193.1 188.8 184.4 180 175.6 171.3 166.9 162.5 158.1 153.8 149.4 145 140.7 136.3 131.9 127.5 123.2 118.8 114.4 110 105.7 101.3 96.9 92.6 88.2 83.8 79.4 75.1 70.7 66.3 61.9 57.6 53.2 48.8 44.4 40.1 35.7 31.3 26.6 21.2 16.9 11.6 7.5 4.6 2.8 1.6 -1.1 -1.1 -1.1 -1.1 -1.1 -1.1 -1.1 -1.1 -1.1 -1.1 -1.1 -1.1 -1.1 -1.1 -1.1 -1.1 -1.1 -1.1 -1.1 -1.1 -1.1 -1.1 -1.1 -1.1 -1.1 -1.1 -1.1 -1.1
229.9 225.6 221.2 216.9 212.5 208.2 203.8 199.5 195.1 190.8 186.4 182.1 177.7 173.3 169 164.6 160.2 155.8 151.5 147.1 142.7 138.3 134 129.6 125.2 120.8 116.5 112.1 107.7 103.4 99 94.6 90.2 85.9 81.5 77.1 72.7 68.4 64 59.6 55.2 50.9 46.5 42.1 37.8 33.4 29 24.6 19.5 14.2 9.6 5.6 2.5 0.8 -1.1 -1.1 -1.1 -1.1 -1.1 -1.1 -1.1 -1.1 -1.1 -1.1 -1.1 -1.1 -1.1 -1.1 -1.1 -1.1 -1.1 -1.1 -1.1 -1.1 -1.1 -1.1 -1.1 -1.1 -1.1 -1.1 -1.1 -1.1 -1.1
227.3 223 218.7 214.3 210 205.6 201.3 196.9 192.6 188.2 183.9 179.5 175.2 170.8 166.5 162.1 157.8 153.4 149.1 144.7 140.4 136 131.7 127.3 122.9 118.5 114.2 109.8 105.4 101 96.7 92.3 87.9 83.5 79.2 74.8 70.4 66.1 61.7 57.3 52.9 48.6 44.2 39.8 35.4 31.1 26.7 22.3 17.9 12.5 7.4 2.9 0.6 -1.1 -1.1 -1.1 -1.1 -1.1 -1.1 -1.1 -1.1 -1.1 -1.1 -1.1 -1.1 -1.1 -1.1 -1.1 -1.1 -1.1 -1.1 -1.1 -1.1 -1.1 -1.1 -1.1 -1.1 -1.1 -1.1 -1.1 -1.1 -1.1 -1.1
224.8 220.4 216.1 211.7 207.4 203 198.7 194.3 190 185.6 181.3 176.9 172.6 168.3 163.9 159.6 155.2 150.9 146.5 142.2 137.8 133.5 129.1 124.8 120.4 116.1 111.7 107.4 103 98.7 94.3 90 85.6 81.2 76.9 72.5 68.1 63.7 59.4 55 50.6 46.2 41.9 37.5 33.1 28.8 24.4 20 15.6 11 5.5 1.2 -1.1 -1.1 -1.1 -1.1 -1.1 -1.1 -1.1 -1.1 -1.1 -1.1 -1.1 -1.1 -1.1 -1.1 -1.1 -1.1 -1.1 -1.1 -1.1 -1.1 -1.1 -1.1 -1.1 -1.1 -1.1 -1.1 -1.1 -1.1 -1.1 -1.1 -1.1
222.2 217.9 213.5 209.2 204.8 200.5 196.1 191.8 187.4 183.1 178.7 174.4 170 165.7 161.3 157 152.6 148.3 143.9 139.6 135.2 130.9 126.5 122.2 117.9 113.5 109.2 104.8 100.5 96.1 91.8 87.4 83.1 78.7 74.4 70 65.7 61.3 57 52.6 48.3 43.9 39.6 35.2 30.8 26.4 22.1 17.7 13.3 8.9 4 0.7 -1.1 -1.1 -1.1 -1.1 -1.1 -1.1 -1.1 -1.1 -1.1 -1.1 -1.1 -1.1 -1.1 -1.1 -1.1 -1.1 -1.1 -1.1 -1.1 -1.1 -1.1 -1.1 -1.1 -1.1 -1.1 -1.1 -1.1 -1.1 -1.1 -1.1 -1.1
219.6 215.3 210.9 206.6 202.3 197.9 193.6 189.2 184.9 180.5 176.2 171.8 167.5 163.1 158.8 154.4 150.1 145.7 141.4 137 132.7 128.3 124 119.6 115.3 110.9 106.6 102.2 97.9 93.5 89.2 84.8 80.5 76.1 71.8 67.5 63.1 58.8 54.4 50.1 45.7 41.4 37 32.7 28.3 24 19.6 15.3 11 6.7 2.4 0.5 -1.1 -1.1 -1.1 -1.1 -1.1 -1.1 -1.1 -1.1 -1.1 -1.1 -1.1 -1.1 -1.1 -1.1 -1.1 -1.1 -1.1 -1.1 -1.1 -1.1 -1.1 -1.1 -1.1 -1.1 -1.1 -1.1 -1.1 -1.1 -1.1 -1.1 -1.1
217.1 212.7 208.4 204 199.7 195.3 191 186.6 182.3 177.9 173.6 169.2 164.9 160.5 156.2 151.8 147.5 143.2 138.8 134.5 130.1 125.8 121.4 117.2 113 108.8 104.7 100.5 96.3 92.1 87.9 83.7 79.6 75.4 71.1 66.8 62.5 58.2 53.9 49.6 45.3 40.9 36.6 32.3 28 23.7 19.4 15.1 10.8 6.5 2.1 1 -1.1 -1.1 -1.1 -1.1 -1.1 -1.1 -1.1 -1.1 -1.1 -1.1 -1.1 -1.1 -1.1 -1.1 -1.1 -1.1 -1.1 -1.1 -1.1 -1.1 -1.1 -1.1 -1.1 -1.1 -1.1 -1.1 -1.1 -1.1 -1.1 -1.1 -1.1
215.1 210.9 206.7 202.5 198.4 194.2 190 185.8 181.6 177.4 173.3 169.1 164.9 160.7 156.5 152.4 148.2 144 139.7 135.4 131.2 126.9 122.6 118.3 113.9 109.6 105.3 101 96.7 92.4 88.1 83.8 79.5 75.1 70.8 66.5 62.2 57.9 53.6 49.3 45 40.7 36.3 32 27.7 23.4 19.1 14.8 10.5 6.2 1.9 1.6 1.3 1.6 -1.1 -1.1 -1.1 -1.1 -1.1 -1.1 -1.1 -1.1 -1.1 -1.1 -1.1 -1.1 -1.1 -1.1 -1.1 -1.1 -1.1 -1.1 -1.1 -1.1 -1.1 -1.1 -1.1 -1.1 -1.1 -1.1 -1.1 -1.1 -1.1
216.8 212.6 208.3 204 199.8 195.5 191.3 187 182.6 178.3 174 169.7 165.4 161.1 156.8 152.5 148.2 143.8 139.5 135.2 130.9 126.6 122.3 118 113.7 109.4 105 100.7 96.4 92.1 87.8 83.5 79.2 74.9 70.6 66.2 61.9 57.6 53.3 49 44.7 40.4 36.1 31.8 27.4 23.1 18.8 14.5 10.2 5.9 1.6 1.6 1.6 1.6 -1.1 -1.1 -1.1 -1.1 -1.1 -1.1 -1.1 -1.1 -1.1 -1.1 -1.1 -1.1 -1.1 -1.1 -1.1 -1.1 -1.1 -1.1 -1.1 -1.1 -1.1 -1.1 -1.1 -1.1 -1.1 -1.1 -1.1 -1.1 -1.1
217.1 212.5 208.2 203.9 199.6 195.3 191 186.7 182.4 178 173.7 169.4 165.1 160.8 156.5 152.2 147.9 143.6 139.2 134.9 130.6 126.3 122 117.7 113.4 109.1 104.8 100.4 96.1 91.8 87.5 83.2 78.9 74.6 70.3 66 61.6 57.3 53 48.7 44.4 40.1 35.8 31.5 27.2 22.8 18.5 14.2 9.9 5.6 1.6 1.6 1.6 1.6 1.6 -1.1 -1.1 -1.1 -1.1 -1.1 -1.1 -1.1 -1.1 -1.1 -1.1 -1.1 -1.1 -1.1 -1.1 -1.1 -1.1 -1.1 -1.1 -1.1 -1.1 -1.1 -1.1 -1.1 -1.1 -1.1 -1.1 -1.1 -1.1
217.9 213.3 208.7 204.1 199.5 195 190.7 186.4 182.1 177.8 173.4 169.1 164.8 160.5 156.2 151.9 147.6 143.3 139 134.6 130.3 126 121.7 117.4 113.1 108.8 104.5 100.2 95.8 91.5 87.2 82.9 78.6 74.3 70 65.7 61.4 57 52.7 48.4 44.1 39.8 35.5 31.2 26.9 22.6 18.2 13.9 9.6 5.3 1.6 1.6 1.6 1.6 1.6 -1.1 -1.1 -1.1 -1.1 -1.1 -1.1 -1.1 -1.1 -1.1 -1.1 -1.1 -1.1 -1.1 -1.1 -1.1 -1.1 -1.1 -1.1 -1.1 -1.1 -1.1 -1.1 -1.1 -1.1 -1.1 -1.1 -1.1 -1.1
218.6 214 209.5 204.9 200.3 195.7 191.1 186.5 181.9 177.5 173.2 168.9 164.5 160.2 155.9 151.6 147.3 143 138.7 134.4 130.1 125.7 121.4 117.1 112.8 108.5 104.2 99.9 95.6 91.3 86.9 82.6 78.3 74 69.7 65.4 61.1 56.8 52.5 48.1 43.8 39.5 35.2 30.9 26.6 22.3 18 13.7 9.3 5 1.6 1.6 1.6 1.6 1.6 -1.1 -1.1 -1.1 -1.1 -1.1 -1.1 -1.1 -1.1 -1.1 -1.1 -1.1 -1.1 -1.1 -1.1 -1.1 -1.1 -1.1 -1.1 -1.1 -1.1 -1.1 -1.1 -1.1 -1.1 -1.1 -1.1 -1.1 -1.1
219.4 214.8 210.2 205.6 201 196.4 191.9 187.3 182.7 178.1 173.5 168.9 164.3 159.9 155.6 151.3 147 142.7 138.4 134.1 129.8 125.5 121.1 116.8 112.5 108.2 103.9 99.6 95.3 91 86.7 82.3 78 73.7 69.4 65.1 60.8 56.5 52.2 47.9 43.5 39.2 34.9 30.6 26.3 22 17.7 13.4 9.1 4.7 1.6 1.6 1.6 1.6 1.6 -1.1 -1.1 -1.1 -1.1 -1.1 -1.1 -1.1 -1.1 -1.1 -1.1 -1.1 -1.1 -1.1 -1.1 -1.1 -1.1 -1.1 -1.1 -1.1 -1.1 -1.1 -1.1 -1.1 -1.1 -1.1 -1.1 -1.1 -1.1
220.2 215.6 211 206.4 201.8 197.2 192.6 188 183.4 178.8 174.3 169.7 165.1 160.5 155.9 151.3 146.7 142.4 138.1 133.8 129.5 125.2 120.9 116.5 112.2 107.9 103.6 99.3 95 90.7 86.4 82.1 77.7 73.4 69.1 64.8 60.5 56.2 51.9 47.6 43.3 38.9 34.6 30.3 26 21.7 17.4 13.1 8.8 4.5 1.6 1.6 1.6 1.6 1.6 -1.1 -1.1 -1.1 -1.1 -1.1 -1.1 -1.1 -1.1 -1.1 -1.1 -1.1 -1.1 -1.1 -1.1 -1.1 -1.1 -1.1 -1.1 -1.1 -1.1 -1.1 -1.1 -1.1 -1.1 -1.1 -1.1 -1.1 -1.1
