app/static/ascii/NR87.asc
ncols 200
nrows 200
xllcorner 180000
yllcorner 670000
cellsize 50
[rows 144 to 179 of 200, columns 0 to 80 of 200]
369.9 379.1 382.9 385.7 395 404.2 415.4 416.2 425.8 429.3 442.6 451.2 452.1 455.4 470.7 480.7 485.5 490.4 489.1 483.2 478.8 472 461.7 454.8 444.3 438.8 421.6 410.9 399.1 386 371.6 348.1 338.7 329.2 317.6 301.7 284.6 271.3 255.6 249.8 251.6 250.2 246.7 258.1 261.1 251.6 253 259.9 262.4 263.9 265.3 273.8 270.3 271.2 272 268.4 266 260.2 246.6 233.2 223.8 217.5 212 209.8 205.5 204.4 201.1 197.8 196.2 194.4 193.2 191.7 189.2 186.1 185.4 185.8 186 184.9 183.9 184 184
387.3 390.7 394.5 396.4 401.9 414 422.8 426.2 441.6 450.3 454.3 463.1 463.1 473.2 482 488.1 492 492.8 488.9 480.3 474 468.1 457.2 451.9 440 431.7 417.9 400.9 384.4 365.7 353.4 337.9 328.5 316 300.3 289.7 276.8 263.8 248.5 247.7 245 245.6 252 256.8 253.9 247.7 251.2 258.8 260.9 262.2 262.8 266.4 265.9 263.4 260.1 257.5 257.6 256.3 251.2 239.2 225 214.9 209.2 207.4 203 203.4 201 198.1 195.3 193.4 192 189.5 188 186.5 186.6 186.7 186.8 186.4 185.5 185.7 183.8
402.2 401.3 408.1 412.1 413.5 419.8 429.3 442 463.2 469.4 468.6 469 477.6 481.3 490.5 491.2 490.4 486.9 482.4 473 467.8 461.9 457.6 452.4 439.8 426.7 405.1 389.4 370 353.9 340.7 329 315.3 305 292.4 282.5 268.1 250.2 243.9 243.9 241.9 247.6 250.1 250.6 246.3 247.6 253.2 260 261.1 261.4 261.4 262.6 261 258.2 253.9 253.8 254.4 252.3 248.5 239.2 225.8 219.8 211.7 206.1 201.7 201 200.1 195.9 194.3 192.5 190.6 187.7 187.6 186.9 186.9 187 187 187.1 187 185.1 184
411.5 417.1 422.1 426.2 423.1 427.4 444.5 460.8 471.3 475.3 473.8 476.8 486.9 489.9 491.9 486.8 481 478.2 469.3 464.2 460.1 457.7 456.9 448.6 435.3 414.9 396.4 381.2 360.4 345.3 334.5 323.3 310 297.7 288.7 273.7 258.3 244.8 243.7 239.5 242.4 245.2 245.9 246 246.6 251.9 259.3 261.1 261.5 261.5 260.4 261.5 259.6 254.7 252.6 250.6 250.5 248.4 243.7 235.7 228 222.7 212.3 209.4 202.1 200.3 195.7 192.9 191.5 190.1 188.8 188.5 189.4 188.8 187.2 187.3 187.3 186.6 186.5 186 185.1
425.6 430.5 434 442.8 440.5 443.3 461.6 471.5 468.3 471 470 476.9 479.4 476.9 467.8 464.6 467.6 464.2 465.6 460.1 458.6 457 455.1 441.8 421.4 400.4 390.8 377.9 356.2 342.2 331.6 319.1 304.1 292.7 279.4 264.6 244.4 242.3 240.2 238.6 242 243.9 245.2 245.8 249.2 256.6 260.8 261.8 261.8 261.7 260.1 259.4 257.2 255 253.1 250.3 248.4 243.8 237.7 233.6 229.1 225.4 221.8 216.6 210.4 204.1 196.9 195.3 193.5 191.5 190.5 190.1 191.2 190.7 189.1 187.6 186.2 184 185.1 184.3 186.3
437.7 441.4 449.4 454.8 454.1 454.3 456.5 455.7 461.5 464.2 465.8 467.8 465.5 458.9 458.7 459.7 457.1 458.2 462.8 462.9 461.1 456.1 446 432 410 394.7 388.2 367.4 354.6 340.6 327.2 312.8 292.9 286.3 271.1 248.8 243.9 240.1 238.6 238.6 241.7 244.6 246.4 248.2 249.9 258.7 262.7 262.9 262.5 261.9 260.8 259.4 259 257.3 255.4 253.1 250 245.9 241.8 239.2 237.2 233.2 230.5 225 219.5 213.1 207.3 198.8 196 193.2 191.9 191.8 192.5 192.5 191.5 190.8 187.6 187.6 186.8 187.4 192.1
439 453.6 464.6 465.2 468.6 457.8 453.6 454.1 455.7 451.7 454 457.3 454.4 454.3 452.2 455.5 447.8 458.2 458.6 459 454.8 449.4 434.4 416.2 397.9 389 380.5 366 350.8 340.9 313.8 300.1 294.1 277.1 257.7 247.5 241.5 239.3 236.2 240.7 243.4 246.8 247 248.3 253.3 268.9 270 265.7 266.6 264.6 262.2 261.1 262.1 260.8 258.8 256.8 255.3 252.7 250.4 247.6 244.3 240.3 236.6 233.5 227.2 220.7 214.4 207.3 199.6 198.1 196.8 197.1 197.3 195.8 195 194.4 194.3 193.8 194.8 196.3 197.3
444.7 452.4 458.5 466.5 459 448.9 448.5 446.3 445.6 444.9 446.4 449.1 454.5 449.5 442.4 442.4 438.5 443.9 448.4 446.2 445 437.8 425 407.6 397.3 384.3 374 365.7 355 334.3 311.9 304.2 285 269.8 252 246.2 241.9 239.8 235.2 242.7 246.9 248.2 248.9 249.9 274.4 277.9 276.2 278.3 275.9 272.4 267.6 266.3 265.3 264.7 265.6 264.2 262.9 261 258.3 254 250.6 247.4 243.7 239 233 226.7 220.6 215.8 213.1 210 208 205.8 202.6 200.3 197.5 198.3 198.1 198.4 200.6 203.8 203.2
436.7 443.5 448.1 450.6 446 443 439.7 442 438.6 438.9 442.4 447 448.9 434.2 429.9 429 430.2 427.6 435.6 436.4 434.4 426.1 413.4 408.6 399.1 381.6 376.5 369.2 353.4 326.7 309.5 299.4 278.9 262.2 249.7 243.3 240.8 237.4 241.5 248.7 249.4 250.7 250.1 265.8 283.8 285.7 284.8 284 282.7 280.4 275.1 275.5 273.3 272.6 270.5 268.5 271.1 268.2 266.1 259.2 255.5 253.1 251.4 250.3 238.9 230.5 224.4 222.6 221.2 218.9 217.3 212.7 208.2 203.6 199 200.3 199.1 201.5 204.9 207.4 208.4
427.6 436 441.7 441.2 440.2 435.7 432.2 431.1 432.6 433.9 434.6 438.4 431.5 428.8 425.3 427.7 425.6 429.5 433 433.4 425.8 416 413.5 407 396.4 386.3 381 367.7 343.4 319.7 307.8 289.2 273.6 254.3 247.4 240.4 238.1 236.2 245.3 250.7 252.5 252.7 252.3 270.5 286.3 291.1 289.8 289.3 287 285.6 282.8 281.5 280.4 279.6 277.6 276.9 277.6 275.4 270.5 263.7 260.9 259.9 259.7 252.3 243.3 233.7 229.7 227.4 225.6 223.8 219.4 214.1 209.3 205.5 203.5 202.4 202 204.7 209.5 211.5 212.3
423.2 428.4 433.1 431.2 433.7 433.2 432.7 429.8 433.6 433.8 438.4 434.2 430.5 424.1 422.5 420 423.2 427.4 428.8 429.7 414.7 410.2 412.1 403.4 394.4 393 380 359.2 331.9 318 298.5 279.5 266.3 249.8 238.8 236.2 230.4 240.2 248 253.6 252.5 253.1 258.7 278.6 284.7 291.1 295.9 293.1 291.4 290.1 289 289.1 287.9 286.4 284.6 283.9 283.6 280.3 276.7 269.9 265.4 268.1 259.5 252.4 245.9 237.6 233.3 232.6 229.8 226 219.2 214.9 210.3 208.6 207.1 207.4 208.2 210.2 215.5 218.7 220.3
417.2 418.5 421.2 424.7 429.7 431.7 433.2 430.1 430.4 430.1 428.1 428.1 421.8 418.3 412.8 414 415.5 416.8 415.3 411.2 403.2 404.2 405.6 397.2 396.4 389.6 379.4 342.5 322.7 308 286.5 271.9 255.3 239.8 235.3 232.4 235.1 245.9 252.1 252 252.8 253.9 270.6 283.1 287.2 292.5 296.6 297.4 296.5 294.9 294.6 295.9 295.7 292.8 292.2 292.4 293 287.5 280.8 271.1 274.5 269.2 262.3 257.7 250.2 239.7 236.9 237.1 233.8 227.9 219.6 215.6 211.5 213.1 212.8 214.8 215.6 219.2 226.6 223.5 225.8
406 411.6 418.3 427.3 435.3 438.6 434.4 430.2 425.5 422.1 425 419.5 418.2 410.2 410.7 401.3 397.4 395.8 398.9 395.8 395.4 396.5 396.1 396.5 390.6 378.7 348.1 327.2 313.6 296.2 281.7 263 241.9 233.9 233.4 231.1 238.1 250.5 251.4 252 252.9 254.9 280.3 282.2 287.7 296.4 300.9 302.3 300.9 299.4 300.3 301.5 302.9 299.2 302.2 304.4 300 292.5 284.1 275.8 273.3 271.4 268.3 260.6 244.6 242.3 240.2 244.7 236.2 230.9 225.1 216.7 219.2 224.5 221.2 222.4 225.6 228.1 230.8 232.4 231.7
407 419.5 422.7 426.2 429.8 433.2 437 430.7 423.5 424.6 409.3 410.6 408.9 399.6 395.6 380.6 369.4 376.2 382.1 383.3 383.2 387.6 395.5 390.5 378.2 353.3 329.1 316.9 302.1 289.5 273.3 246.9 235.2 230.9 228.8 235.7 242.7 248.5 250 251.4 252.6 261.5 278.3 284.2 295.1 301.5 304.9 306.1 305.5 304.6 304.5 305.2 306.1 309.8 312 310.1 305.1 294.7 284.9 275.8 272.9 272.5 271.5 252.6 242.9 240.7 242.8 238.4 236.6 232.4 229.5 221.4 224.6 225.9 227.2 229.9 233.4 236.5 238.4 240.9 242.8
407.3 417.7 421.3 432.6 431 435.1 435.7 431 424 420.6 407.5 398.1 393.6 381.8 372.7 365.1 362.5 363 368.4 372.2 376.5 383.8 389.2 371 347.9 331.4 318.6 303.8 291.9 277.4 256 241.1 234.6 224.4 233.2 238 243.7 247.4 249.4 251.1 252.9 268.5 276.5 286.3 295.7 301.8 308.4 307.5 306 305.4 306.3 308.4 314 317.8 317.8 310.4 306.5 294.6 282.1 269.1 274.5 274.8 263.9 245 236.8 239.3 243.6 237.5 236.7 236.5 234.9 230 236.3 241.2 240.5 237.7 239.6 241.7 245 243.9 246.3
413.7 420.9 423.1 432.8 436 439.7 437.5 427.5 419.9 413.2 405.6 397.8 385.3 376 367.7 357.8 356.2 356.7 360.3 365.2 372.2 372.3 364.3 347.5 328.8 312.6 301.6 290.4 284.2 264.9 237.9 236.8 228.2 231.6 236.5 241 245.2 249 249.6 249.8 257.2 270.5 277.5 289.8 298.5 303.2 307.3 307.6 306.4 306.9 309.3 317 319.6 320.8 319.8 312.7 304.1 291.8 277.8 264 268.3 273.4 251.7 241 230.9 233.9 233.6 234.7 235.4 235.9 236.3 234.5 245.2 249.4 252.4 252.5 255 254.5 250.3 250.3 252.1
418.4 419.7 424.9 430.7 437.5 439.1 436.6 428.5 417.8 410.3 401.9 392.8 380.9 367.3 356.7 352.5 350.9 352.5 355.8 361.4 365.5 355.1 341.8 326.8 310.4 302.9 288.4 282 265.4 245.7 236 228.8 227.8 233.7 237.1 242.7 250.5 247.9 248.1 253.4 261.5 271.4 282.4 295.8 300.1 304 305.1 306.8 307.8 313.5 319.3 320.2 324.5 323.8 315.4 309.8 292 285.9 267.7 260.7 255 258.7 243.8 233.5 225.6 227.4 228.9 232.3 234.7 242.7 245.2 244.3 253.5 256.7 258.4 262.3 264 264.5 262.4 261.5 258.8
420.9 423.6 427.2 430.3 433.1 434.7 433.6 427.8 415.2 404.9 396.4 383.1 368.3 356 347.7 344 345 347.5 351 356.1 352 340.4 321 311 297.5 285 275 266.3 249.3 235.2 232 223.8 230.6 234.8 238.7 246.8 248.8 245.6 246.2 256.6 253.7 268 284.2 292.5 296.1 302.7 308.5 311.5 312.3 321.3 325.2 324.7 323.9 323 312.9 301.9 280 271.3 256.9 253.7 241.6 239.9 234.3 223.2 221.9 222.7 226.6 231.1 237.4 247.3 248.8 252 259.7 260.8 264.9 270.4 273 271.8 274.2 274.1 275
422.2 431.6 433.1 429.8 430.5 432 430 424.7 411.1 399.3 386.7 370.5 359.2 345.5 337.7 337.7 337.6 339.2 342.2 339.9 333.7 318.3 312.3 296.8 286.2 271.3 260 248.1 236.8 233.1 222 225.3 233.2 238.8 245.3 246.7 245.6 243 254.4 253.2 250.9 265.3 276.1 287.4 305 312.8 309.8 313.7 318.6 326.3 327.6 329.1 323.6 304.7 286.1 274.5 264.3 255.6 247.6 243.3 231.8 225.9 221.3 219.3 217.7 221.5 226.7 234.8 240.4 248.6 254.9 258 262.6 266.8 273.3 276.4 278.3 282.5 286.5 284.6 278.7
422.5 428.1 429 434.5 434 431.2 427.4 420 407.2 394.5 375.9 361.3 348.4 337.4 330.7 328.7 328 324 321.4 319.8 314.8 304.1 296.1 287 273.1 270.5 254.1 239.5 228.6 225.3 223.7 227.9 234.3 239.2 247.4 245.4 240.2 244.2 249.8 247.3 249.7 266.9 279.9 300.1 312.3 305.4 307.1 316.9 321.7 328.1 327.5 324 297.4 278.4 266 259.9 256.2 245.2 238.4 232.4 227.6 219 217.3 216.7 215.3 222.2 233.6 236.9 244.2 251.2 256.3 262.2 267.6 274.7 279.3 282.2 285.4 289.5 292.2 288.8 284.5
419.5 422.3 429 441.3 432.8 434.1 421.7 417.6 404.9 386.6 366.8 353.7 339.8 328.7 320.9 317.4 314.4 312.8 312 307.8 301.4 292.9 286.5 273.8 269.5 257.1 245.2 228.1 223 221.4 223.5 227.5 232.6 236.4 246.1 242.6 238.7 244.6 243.1 244.7 259 273.7 289.1 299.2 300.8 298 310.2 319.6 324.6 326.3 324.8 300.4 276.4 265.5 261.2 254.9 247.9 238.8 230.7 225.7 219.4 212.7 214.2 212 217.7 224.5 240.2 246.1 248.1 255.6 259.7 265.7 273 284 285 287.6 292.5 294.2 296.1 293.1 286.3
417.6 422.9 438.3 441.3 436.2 429.9 426.7 421.5 405 380.4 360.5 345 331.6 320.5 314.5 308.3 307.7 307.3 303.3 295 289.5 283 272.5 269.3 261.9 247.6 235.4 223.6 219.4 221 221.9 224.1 229.5 234.7 237.6 235.3 240.3 236 240.2 251.1 266.8 279.6 288.4 281.5 286.8 288.8 310.4 320.5 326.4 324 304.2 279.5 262.1 254.7 254.8 246.3 244.2 234 226.9 220.3 212.9 211.4 209.7 209.1 215.4 225.6 240.1 245.9 255.3 257.5 260.5 268.4 280.3 286.9 289.9 291.7 294.1 302.1 301.6 298.9 293.5
412.7 425.3 439.3 435.1 432.9 432 432.7 416 398 374.5 354.6 338.7 323.8 314.9 309.4 302.8 300.2 298.1 293.6 288 281.1 272.5 265.8 258.9 248 236.2 225.3 222.5 219.8 218.5 218.9 221.1 225.1 228.6 230.1 227 228.4 238.5 243.9 254.2 263.4 267.6 267.1 262.4 268.4 284.7 302.5 314.6 303 287.2 276.6 263.7 255 252.1 245.6 241.6 238.2 229.7 220.6 216.5 210.6 209.5 207.2 208.4 213.6 223.3 236.7 245.3 253.2 258.1 263.5 268.5 271.9 284.8 288 291.9 296.9 304.1 302 296 292.1
408.1 412.5 422.5 425 427.4 430.3 426.2 407.1 389.4 369.5 349.1 334.1 322.3 312.1 304.9 298.7 293.3 289.9 283.8 281.3 275.2 266.2 258.8 249.8 240.3 230.9 224.9 222.1 219.3 217.4 215.3 214.9 218.2 221.2 218.7 222.4 228.6 234.4 240.5 248.9 250.4 249.5 250.4 254.3 268.5 277.9 285.2 286 286 270.9 262.9 257.3 252.4 241.9 241 233.5 232.4 221.6 218 212.9 208.6 206.9 206.1 206.8 211.7 217.2 235.6 241.4 248.8 259.4 265.3 270.3 270.6 278.1 280 284.9 290.5 294.8 296.1 293 291.4
402.4 414.6 423.1 424.1 429.9 426.5 412.6 396.5 380.2 361.1 342.9 333.3 320.7 312.3 300.7 292.7 281.8 279.5 278.2 273.5 268.6 263.2 253.4 243.5 235.9 228 224.6 221.5 219.3 217.7 215.1 210.4 213.3 214.4 213.5 220.6 225.3 230.1 236.1 240.4 238.8 239.8 238.2 252.1 256.9 264.8 273.5 272.4 262 255.2 255.6 251.5 242.9 233.6 229.5 229.5 231.5 219.7 216.7 212.4 208.6 205.7 203.7 205.5 206.9 213.4 227.5 232.7 243.5 258.8 264.1 267.7 269.8 269.2 275.9 281.2 281.8 280.7 281.7 284.9 278.7
402.7 411 413.9 424.2 428.2 414.7 403.1 387.8 369.4 354.3 342.9 332.3 321.9 310.9 299.8 291.5 284.4 281.2 278.1 268.7 260.8 256.3 249.7 238.7 230.9 226.7 223.5 221.4 219.6 218 213.2 206.5 206.9 208.5 212.5 217.7 220.9 224.9 229 228.4 227.7 225.4 230.4 239.6 242.9 248.3 249.9 248.9 245.7 243.7 242.6 237.7 231.1 225.1 224.9 231.6 228.3 219.1 217.2 211.9 206.8 203.2 204.5 202.5 198.1 207.2 217.9 224.1 234.5 250 252.9 265.2 266.4 265.4 266.6 275.8 275.6 271.7 274.8 272.7 259
391.7 403.7 408.4 408.7 408.6 401.3 391.5 376.4 362.3 350.4 340.4 326.2 321.2 312.5 307.6 297 289.5 284.2 278 269.9 258.3 247.4 241.7 232.5 226.8 224.4 223.5 222.4 220.7 217.9 213.5 205.4 199 203.4 208.8 213.7 214.5 216.2 216.2 215.3 214.3 213.9 216 221.6 225.1 227.1 229.9 231.8 232.1 228 225 223.5 221.7 221.3 222.5 226.7 221.9 220.1 217.6 213.3 204.3 202.7 201.9 197.3 194.4 199.9 210.7 217 225.6 233.9 240.7 251.5 255.5 260.9 260.7 259 265.1 262.7 259.6 255.7 252.6
389.8 405.9 402.1 404 400.1 390.1 377.9 366.7 355.3 348.1 338.1 331 325 319.7 309.8 298.8 290.5 282.6 273.9 265.8 255.5 244.2 232.8 230.8 230.5 227.3 224.8 222.5 219.3 214.5 212.7 206.6 200.4 199.3 205.5 210.2 211.8 210.2 209.4 209.8 209.3 207.6 208.6 208.8 210.5 214.4 215.7 219.4 219.3 219.7 219.9 219.9 220.5 220.9 221.9 222.6 220.8 219.4 215.2 208.5 203.7 200.5 199.1 194.8 194.4 194.4 204.8 209.5 214.4 221.2 228.6 236.5 242.2 249.4 249.6 247.8 249.5 248.9 239.7 238.1 253.4
392.6 399.1 401.7 398.9 390.7 381.2 372.1 359.8 352.8 345.5 339.5 331 324 317 309.4 299.9 289.7 280.1 270.5 261.9 251.2 239.9 237.2 235.8 232.2 228.4 225.7 223.8 221.6 217.6 212.2 207 201.4 197.6 200.6 205.9 207.9 204.2 205.6 208.3 208.1 205.6 203.9 207.7 210.5 212.6 214.7 216.4 217.3 218.3 218.6 219 219.4 220.4 221.7 222.4 218.9 217 211.3 205.9 203.2 199.5 195.4 195.3 194.4 194.4 196.8 203.8 204 209.4 221.1 235.2 237.2 235.3 236.9 240.3 237.8 233.5 233.3 237.9 243.6
393.1 402.3 410.1 397.8 382.8 372.6 363.9 356.6 350.6 345.2 340.2 333.1 323.8 314.1 307.1 297.1 288.9 278 268 258.5 246.2 241.6 240.3 238 234.7 231 232.9 233.3 227.2 221.1 216.2 209.8 205.8 201.8 197.6 199 195.2 199.7 202.6 205.2 205.5 204.3 201.8 208.9 210.7 212.5 214.5 216.4 217 217.4 218.3 219 219.6 222.3 222.6 221.9 219.2 215.3 211 204.1 199.8 195.7 194.4 194.4 194.4 194.4 194.4 194.4 199.4 206.3 218.5 225.5 226.4 227.1 233.2 235.4 233.6 232.8 233 234.1 237.9
403.5 414.8 408 394.7 379.2 368.9 359.3 353.4 348.7 344.1 337.3 328 320.1 315.2 303.9 294.8 287.1 276.1 265.3 249.7 244.1 243.6 242.3 240.1 235.3 241.6 240.1 235.8 230.5 223.8 218.5 211.8 211.7 205.7 198.2 193.6 195.9 198.4 199.3 199.6 201.5 202.6 201.6 209 211.5 212.5 214.5 216 216.5 217.1 218.1 219.1 221.1 224.9 224.7 220.5 218 214.2 209.7 204.1 199 195 194.4 194.4 194.4 194.4 194.4 194.4 194.4 204.5 215 220 224.1 231.2 235.5 234.4 233.2 233.7 233.7 236.1 238.9
415.5 411.1 397.8 385.1 374.2 365.1 359.7 352.9 346.5 340 331.9 325.2 315.8 307.1 297.3 288.8 280.7 272.5 260.3 245.8 244.2 243.8 243.3 240.1 243.7 245.6 242.5 238.2 233.6 227.3 221.6 220.3 219.3 208.9 199.3 194.7 195.5 197.8 199.4 199.7 201.8 203 206.9 208.7 211.1 213.1 214.6 215.5 216 217.2 218.7 220.2 222.2 224.7 225.6 219.4 216.7 212.9 207.8 202.3 197.7 194.4 194.4 194.4 194.4 194.4 194.4 194.4 194.4 199.6 207.9 220.6 229.1 236.1 239.3 237 234.1 235.1 237.2 236.4 238.4
419.2 402.7 386.8 378.4 368.2 361.3 356.6 351.4 344.5 337.9 329.5 319.7 310.2 299.9 294.4 283.9 275.1 261.7 247.7 244.3 244 245 242.3 245.5 247.6 247.8 244.7 240.5 236 230.3 222.1 221.7 221.3 210.4 196.2 193.3 194.4 196.7 199.2 200.1 203.6 206.5 208.2 208.1 210.5 212.5 214.8 216.4 218.1 218.9 220 221.5 223.8 224 222.1 217.2 216 215.4 205.1 200.3 199.5 197.2 194.4 194.4 194.4 194.4 194.4 194.4 194.4 197.9 212.9 227 235.1 238.5 239.4 236.9 233.8 240.2 237.8 237.6 237.7
412.2 389.5 377.3 371.2 364.5 358.1 353.1 347.9 341.8 334.3 322.7 312.1 302.6 294.8 287.9 277.3 270.8 254.9 244.8 242.4 242.2 250.6 244.8 246.5 249.9 250.5 246.4 242.3 236.3 229.2 219.8 216.9 213.7 204.4 190 194.8 195.6 197.2 199.7 204.9 207.8 210.2 210.4 210.1 210.8 213 215.6 218.6 220.2 220.9 221.7 222.8 222.5 222.9 218.8 216.4 215.4 210.8 201.6 199.1 198.7 198.3 194.4 194.4 194.4 194.4 194.4 194.4 194.4 207 222.2 231.1 237.1 238.6 238 236.2 237.5 240.8 241.7 242.6 239.8
397.6 380.2 371.7 367 362.5 355.7 350.4 343.5 338 324.2 315.2 305.9 291.2 287.3 279.9 274.2 259.9 246.7 242.1 241.1 253.2 250.6 248.6 250 252.3 251.2 247.2 242.4 236.4 228.1 217.8 212.1 207 196.4 189.5 196.2 196.7 198.4 202.3 208.4 211.6 214.7 213.5 212.4 212.7 213.5 216.4 218.8 220.5 221.3 222.1 222.7 220.9 218.9 215.8 213.9 214 205.9 200.7 197.4 196.5 194.4 194.4 194.4 194.4 194.4 198.3 204.5 210.7 215.5 225.3 231.1 237.7 239.2 239.2 238.4 242.2 243.3 244.3 245.7 242.3
387.4 375.1 367.2 364.3 359.8 353.1 345.1 335.2 328.7 317.7 310.9 297.9 287.5 278.6 271.6 263.4 250.4 244.6 240.8 244.7 254.5 253.1 252.2 253.2 253.6 250.9 247.6 241.7 236.5 227.8 216.4 208.1 199 191.9 193.6 197.1 198.3 200.9 205 208.5 212.6 214.9 214 212.2 212.5 213.2 216 218.4 220.2 221 222 222.7 220.4 219.5 215.2 211.4 210.5 206.4 201.3 194.4 194.4 194.4 194.4 194.4 194.4 196.2 204.7 214.3 227.6 234.7 236.7 240 240.2 240.9 242.4 241.8 242.9 245.2 247.2 245 243.3
