app/static/ascii/NR89.asc
ncols 200
nrows 200
xllcorner 180000
yllcorner 690000
cellsize 50
[rows 117 to 155 of 200, columns 0 to 86 of 200]
24 20.6 5.6 4.7 4.4 4.4 4.5 4.6 5.6 4.6 4.6 4.5 4.7 5.3 5.2 5.1 5.2 5.2 5.3 7.8 7.3 6.3 6.4 6 5.9 6.2 6.4 6.9 6.8 6.7 6.5 6.5 6.5 6.5 6.4 6.4 6.2 6.1 6.2 6.3 6.4 5.9 5.8 5.6 5.2 4.7 3.6 2.3 2.8 4.5 4 3.3 2.5 2.7 2.5 5.2 4.6 5 5.2 5.2 2.4 1.9 3.5 3.9 2.8 1.3 2.7 1.8 4 4.8 4.9 4.4 6 6.6 6.3 4.9 2.2 5.2 6 6.7 6.8 8 8.6 8.4 9.3 12.3 11.4
26 11.6 5.9 4.3 3.9 4.5 4.7 5.9 6.1 4.6 4.5 4.5 4.7 4.8 4.8 4.7 4.8 4.8 5.2 7.2 5.8 5.8 5.8 6.1 5.9 4.9 6.7 6.5 6.5 6.4 6.4 6.4 6.4 6.3 6.2 6.2 6.1 6.2 6.2 6.3 6.4 5.9 5.6 5.5 5.1 4.8 4.6 2.8 1.2 4 2.9 3.7 2.5 2.9 2.7 1.5 3.5 4.5 3.3 0.4 3.8 0.3 2.6 3.2 3.7 2.5 3.2 3.2 3 4.6 4.4 4.5 4.9 4.5 4.2 5.6 3.6 4.1 4.2 7.1 6.9 7.3 7.7 8.4 8.5 9.2 10.1
17.2 7.4 6.3 3.9 3.4 4.2 4.9 9.8 11.1 4.7 4.4 4.3 4.4 4.4 4.3 4.2 4.2 4.3 5.7 5.2 5.2 5.2 5.3 5.5 5.4 6 6.1 6.2 6.2 6.2 6.2 6.2 6.2 6.2 6.1 6.1 6.1 6.2 6.2 6.4 6.2 5.8 5.5 5.5 5 4.6 4.3 3.4 0.8 4.3 3.9 3.1 2.7 2.4 2.4 2 2.6 2.2 2.9 -0.1 3.5 3.5 1.7 3 3.1 3.3 3.4 3.7 0.3 3.4 2.9 2.7 2.8 3.2 3.8 1.2 4.4 4.4 4.3 1.7 6.4 7.7 7.4 7.5 8.2 8.9 9.2
12.9 8.6 7.9 3.8 3.1 3.9 6 12.7 9.6 5.3 4.3 4 3.8 3.8 3.7 3.6 3.7 3.8 4.8 4.5 4.7 4.7 4.8 4.9 4.8 5.5 5.7 5.8 5.9 6 6 6 6.1 6.1 6.1 6.1 6.1 6.2 6.3 6.4 6 5.5 5.5 5.4 5 4.4 4.1 2.9 1 2.4 3.3 3.1 3.2 2.5 2.2 2.4 2.6 0.9 3 2.7 2.3 3.8 3.7 1.5 2.9 2.8 2.1 3.4 0.6 2.2 3.7 2 1.3 3.5 2 3.4 4.6 4.2 3.3 2 7.6 7.6 7.7 7.8 8 8.7 8.9
10.2 17.1 6.9 2.5 2.8 3.8 10 12 8.1 5.2 4.5 3.7 3.3 3.3 3.2 3.2 3.2 3.4 3.6 3.9 4.1 4.2 4.3 4.3 4.3 5 5.4 5.6 5.7 5.8 5.9 5.9 6 6 6.1 6.1 6.1 6.2 6.3 6.2 5.7 5.3 5.3 5.3 4.6 4.3 3.5 2.3 1.8 2.1 2.9 3.3 3.6 0.1 2.7 3.3 2.7 3.4 0.5 2.6 2.2 3.4 3.5 2.2 1.4 0.5 1.7 0.3 1.4 2.6 3 4.3 3.7 3.4 3.4 4.3 4.4 3.7 4.3 2.5 7.3 7.5 7.6 7.7 7.7 8.6 8.9
4.7 6.6 2.1 2.4 2.4 4.1 10.2 11.4 9.9 5.4 3.5 2.9 2.8 2.8 2.8 2.9 3 3.2 3.4 3.7 3.8 4 4 4 4.8 4.6 5 5.3 5.4 5.6 5.7 5.8 5.9 5.9 6 6.1 5.5 5.2 5.7 5.9 5.3 5.3 5.3 5.1 4.6 4.3 3.3 2.7 0.7 2.1 2.4 2.8 0.1 2.1 2.4 3 3.2 3.5 3.1 2.7 3.1 3.3 3.4 3.9 1.3 2.6 3.5 4 3.9 3.5 2.8 3 2.9 2.9 3 4 4.4 4.2 2.4 1.2 7.3 7.5 7.6 7.7 7.7 8.4 8.5
2.2 1.6 1.7 1.9 2.1 3.9 5.6 9.8 11.4 5.1 2.8 2.4 2.4 2.5 2.6 2.7 2.9 3.1 3.3 3.4 3.6 3.7 3.6 4.1 4.6 4.7 4.9 5.1 5.2 5.3 5.5 5.7 5.8 5.8 5.9 5.7 5.4 4.9 3.4 4.4 5.5 5.4 5.2 4.7 4.4 3.9 4.4 2.1 3.1 3.5 2.6 2.6 2.4 3 2.9 2.7 3.6 4 3.4 2.4 3.2 3.3 3.5 4.2 2.2 2.4 2.5 0.2 3.8 3.3 3.1 2.2 2.4 2.6 3.5 3.7 3.9 4.7 3.6 3.7 7.5 7.6 7.6 7.7 7.7 8.2 9.6
1.4 1.4 1.5 1.8 2.2 3.3 4.1 3.3 5.2 2.8 2.3 2 2.1 2.3 2.4 2.6 2.7 2.9 3.1 3.3 3.5 3.5 3.5 4.1 4.4 4.6 4.8 5 5 5.1 5.3 5.6 5.7 5.7 5.8 5.3 4.9 2.6 -1 -0.5 4.1 5.2 4.3 3.7 3.5 3.1 3.1 2.3 0.8 1.4 3.3 3.2 2.9 3 2.7 3.8 5.1 3.7 3.7 3.9 3.4 3.4 3.5 3.7 2 1.6 1.3 4.7 2 3.1 3.4 3.4 3.6 3 4.1 3.6 5.6 5.3 3 7.4 7.6 7.7 7.7 7.7 7.9 7.9 8.1
2.7 2.2 1.7 2.1 3.2 6.4 3.8 2.4 2 2.2 1.7 1.6 1.9 2.1 2.3 2.4 2.6 2.8 3 3.2 3.4 3.3 3.6 3.9 4.1 4.6 4.8 4.8 4.9 5 5.2 5.5 5.6 5.6 5.5 5 3.9 -0.5 1.8 1.9 1.7 3.4 3.5 2.8 2.6 3.1 1.8 2.2 2.6 0.2 1.9 -0.1 2.8 2.8 2.7 2.6 2.8 3 2.9 3.5 4.3 3.4 3.6 3.7 3.8 3.8 5.2 5.8 5.3 4 3.6 3.7 3.6 3.8 5.9 5.5 5.9 5.5 3.6 7.6 7.8 7.9 8 8.5 7.9 8 8
2.3 2 1.7 1.4 4.9 9 5.1 2.4 1.7 1.9 1.4 1.5 1.8 2 2.2 2.3 2.5 2.7 2.9 3.1 3.1 3 3.4 3.5 3.8 4.4 4.7 4.8 4.8 5 5.1 5.3 5.4 5.4 5.4 5 4.5 1.1 2.3 2.6 1.7 0.4 2.2 2.2 -0.1 -0.2 1.9 1.1 2.4 1.7 2.1 2.3 3.1 2.8 2.7 2.8 2.4 5.3 3.8 4.1 4.3 3.7 3.8 3.6 4.1 5.6 5.8 5.8 5.8 5.8 4.9 4 4.4 5.7 8 6.9 6.3 5.3 1.8 6.9 8 8.3 8 7.9 7.9 7.8 7.9
2 1.7 1.4 1.3 1.4 1.4 1.8 1.7 1.4 1.4 1.4 1.5 1.7 1.8 2 2.3 2.5 2.7 2.9 2.9 2.7 2.8 3.4 3.6 3.9 4.4 4.6 4.6 4.7 4.9 5.1 5.2 5.2 5.2 5.1 4.1 2.3 1.6 2.5 -0.2 1.3 -0.3 1.7 2 2 2.2 2 1.9 2.2 2.3 2.6 3 3 2.8 2.7 5.4 5.8 5.3 4.8 4.5 4.2 4.1 4.2 4.1 5.2 5.4 5.6 5.8 5.7 5.9 5.8 5.6 8.3 38.8 28.2 14.3 7.2 3.8 4 6.5 7.8 7.7 7.6 7.6 7.6 7.8 7.6
1.7 1.4 1 1.1 1.2 1.2 1.4 1.4 1.4 1.4 1.4 1.4 1.6 1.6 1.9 2.2 2.4 2.6 2.6 2.6 2.4 2.7 3.2 3.6 3.9 4.3 4.5 4.5 4.5 4.7 5 5.1 5.1 4.7 4.3 2.9 0.4 2.4 -0.2 1.6 2 -0.3 1.7 2.1 2.2 2.2 2.2 2.3 2.3 0.4 2.1 4.1 3.2 2.8 4.2 5.4 5.7 5.8 5.7 5.3 4.7 4.6 4.3 5.1 5.4 5.3 5.4 5.6 5.7 6.1 6.4 7.7 38.8 50 38.3 20.4 7.8 4.3 4 6.4 7.1 7.2 7.2 7.7 7.8 7.7 7
1.3 1 0.8 0.9 1 1.1 1.4 1.4 1.4 1.4 1.4 1.4 1.4 1.3 1.8 2.1 2.3 2.4 2.3 2.2 2.4 2.6 3.3 3.6 3.9 4.2 4.4 4.4 4.5 4.7 4.9 5 5 3.2 -0.1 -0.3 3 2.5 2 1.8 1.9 0.6 1.5 2.4 2.4 2.4 2.5 2.6 2.6 2.4 2.4 2.3 3.5 4 5.4 5.3 5.7 5.9 5.8 5.5 5.3 5.1 4.7 4.4 4.6 5.3 5.4 5.6 5.7 6.3 6.7 21.6 26.3 30.9 29.6 15.7 11.6 4.6 3.4 5.4 5.8 7 6.3 7.2 6.5 6.5 7.4
1 0.7 0.6 0.7 0.8 1 1.3 1.4 1.4 1.4 1.4 1.4 1.5 1.5 1.8 1.9 2.1 2.3 2.9 2.6 2.5 2.9 3.2 3.5 3.8 4.1 4.3 4.3 4.5 4.5 4.7 4.8 4.6 -0.3 1.6 1.9 3.1 3 2.2 1.4 1.5 -0.4 2.5 2.7 2.9 2.8 2.8 3 2.9 2.7 2.6 2.9 4.3 5 5.4 5.6 5.8 6 6 5.9 5.9 5.7 5.4 5.2 4.9 4.6 5.3 5.5 5.9 6.1 7.1 8.9 16.5 21.4 19.3 9.8 7.4 5.6 5 4.8 4.6 2.7 3.6 5.5 7 5.6 8.1
0.7 0.4 0.5 0.5 0.6 0.9 1.2 1.4 1.4 1.4 1.4 1.4 1.6 1.7 1.4 2 2.2 2.4 2.4 2.7 3.1 2.5 3.2 3.6 3.9 4.2 4.3 4.3 4.7 4.6 4.5 4.5 3.8 0.5 1.7 2.2 3 3.6 3.6 2.3 3.8 3.2 2.9 3.2 3.3 3.4 3.4 3.4 3.3 2.9 2.8 2.6 3.4 4.7 5.1 5.6 5.9 6.1 6.2 6.2 6.1 6.1 5.9 5.6 5.4 5.4 5.6 5.3 5.8 6.5 7.8 8.2 13.5 14.8 8.7 7 7.1 6.4 6.6 6.8 6.2 6.9 5.9 5.4 5 2.6 5.5
0.4 0.2 0.3 0.3 0.5 0.8 1.2 1.4 1.4 1.4 1.4 1.4 1.6 1.8 1.9 2 2.2 2.3 2.4 2.6 2.9 3.3 3.6 3.6 4 4.3 4.3 4.4 4.5 4.5 4.4 4.3 3.9 -0.1 2.2 2.8 3.4 3.6 3.6 3.2 3.6 3.7 3.5 3.6 3.7 3.8 3.8 3.8 3.7 2.8 2.5 2.3 2.1 4.6 5.3 5.7 6 6.1 6.3 6.3 6.3 6.3 6.3 6.2 6.4 6.1 6.1 5.6 5.8 6.4 6.6 8.2 8.1 7.5 7.3 7.2 7.2 7 7.4 7.7 7.6 8.5 9.5 7.4 7.2 6.1 5.7
0 0 0.1 0.2 0.4 0.8 1.1 1.4 1.4 1.4 1.4 1.4 1.4 1.6 2 2.1 2.4 2.6 2.5 2.8 3 3.2 3.7 3.9 4.2 4.3 4.4 4.4 4.4 4.4 4.3 4.1 3.6 0.7 2.1 2.8 3.5 3.7 3.8 3.9 4 4 3.9 4 4.1 4.1 3.9 3.9 4.2 4 3.4 4 4.6 4.6 5.3 5.8 6.1 6.2 6.4 6.5 6.5 6.5 6.5 6.4 6.2 6.2 6.3 6.3 6.3 6.5 6.5 7.7 6.8 7 7.1 7.2 7.5 7.4 7.1 7.3 9.9 14.5 18.4 18.9 10.2 10.5 7.6
-0.2 -0.2 -0.1 0 0.4 0.7 1 1.4 1.4 1.5 1.4 1.4 1.6 1.9 2.1 2.3 2.5 2.6 2.6 3.2 3.4 3.5 3.8 4 4.2 4.3 4.4 4.5 4.4 4.3 4.1 3.8 3 1.4 2.8 3.3 3.6 3.9 4 4.1 4.3 4.4 4.4 4.4 4.4 4.4 4.1 4.1 4.4 4.7 4.9 5 5.3 5.5 5.4 5.9 6.1 6.2 6.3 6.5 6.7 6.6 6.6 6.5 6.3 6.4 6.4 6.5 6.5 6.7 6.9 6.5 6.4 6.9 7.1 7.3 7.5 7.8 7.8 9.2 19.1 23.4 28.7 28.2 23.2 21.1 13.9
-0.4 -0.4 -0.3 0 0.3 0.6 1 1.3 1.4 1.6 1.6 1.7 1.9 2.1 2.2 2.2 2.2 2.3 2.9 3.3 3.6 3.8 3.9 4 4.2 4.3 4.4 4.3 4.2 4.1 3.9 3.5 2.7 0.2 2.6 3.1 3.5 4 4.2 4.4 4.6 4.7 4.7 4.7 4.7 4.7 4.6 4.8 4.8 4.9 5 5.1 5.4 5.6 5.8 5.9 6.1 6.2 6.3 6.5 6.6 6.7 6.7 6.6 6.6 6.6 6.6 6.7 6.8 7 7.2 6.7 6.8 7 7.3 7.4 7.6 7.8 8.8 17.8 22.6 26.5 31.2 32 37.7 39 23.6
-0.4 -0.4 -0.4 -0.4 0.2 0.5 0.9 1.4 1.6 1.7 1.8 1.9 2 2.1 2.2 2.3 2.2 2.2 3 3.5 3.7 3.9 3.9 4 4.1 4.1 4.2 4 3.9 3.8 3.7 3 2.5 0.7 2.9 3.3 3.8 4.2 4.4 4.6 4.8 5 4.9 4.9 4.9 5 5 5.1 5.1 5.2 5.3 5.3 5.3 5.5 5.7 5.8 6 6.1 6.2 6.4 6.5 6.7 6.7 6.8 6.8 6.8 6.9 7.1 7.1 7.3 7.4 7.2 7.4 7.6 7.5 7.5 7.7 8.2 9.9 18.3 23.5 29 32.7 35.7 38.1 35.5 17.4
0 -0.4 -0.4 -0.4 -0.4 0.3 1 1.3 1.6 1.6 1.8 1.9 2 2.1 2.2 2.3 1.8 2.6 3.2 3.6 3.8 3.9 4 4 4 4 3.9 3.8 3.6 3.5 2.7 2 1.7 -0.6 3.2 3.6 3.9 4.3 4.6 4.8 4.9 5 5.1 5.1 5.2 5.3 5.3 5.4 5.5 5.5 5.4 5.4 5.3 5.4 5.6 5.7 5.9 6 6.1 6.3 6.4 6.6 6.7 6.9 7 7.1 7.2 7.4 11.4 8.1 7.9 7.7 7.8 8 8.1 7.6 8 8.9 10.3 18.2 24.7 30 33.4 33.7 33.6 27.5 10.9
0.1 0 -0.4 -0.4 -0.4 0.6 1.1 0.4 1.1 1.7 1.8 2 2 2.1 2 2.1 2.3 2.6 3.1 3.2 3.4 3.7 3.9 3.8 3.6 3.6 3.6 3.5 3.4 2.6 2.2 2 1.8 -0.3 3.2 3.8 4.1 4.4 4.6 4.8 4.9 5 5.1 5.2 5.3 5.4 5.6 5.6 5.7 5.6 5.6 5.5 5.5 5.4 5.5 5.6 5.8 5.9 6.1 6.2 6.3 6.7 7 7.1 7.2 7.3 7.3 8.6 9.6 7.9 8 8 8.1 8.3 8.4 8.6 8.9 9.4 11 17.9 24.3 28.9 29.2 31.9 32.8 18.3 7.6
0.4 0.2 -0.1 -0.4 -0.4 -0.4 1.2 0.7 0.7 1.7 1.9 2 2.1 2.1 2 2 2.4 2.7 2.8 2.9 3.1 3.6 3.6 2.5 -0.4 -0.4 -0.4 -0.4 3.2 1.9 2 1.9 1.7 1.6 2.9 3.9 4.2 4.4 4.6 4.7 4.8 4.9 5.1 5.2 5.4 5.5 5.6 5.8 5.8 5.7 5.7 5.7 5.6 5.6 5.6 5.6 5.8 6 6.1 6.1 6.3 6.8 7.2 7.4 7.7 7.5 8.3 8.4 8.5 8.1 8.2 8.3 8.4 8.7 8.6 9.4 9.5 9.8 11.1 15.2 23.1 26.3 21.6 29.9 27.3 10.3 7.8
0.7 0.4 0.1 -0.2 -0.4 -0.4 1.5 1.4 1.6 1.7 1.9 2 2 2.1 2 2 2.4 2.5 2.6 2.7 3 3.1 3.1 -0.4 -0.4 -0.4 0 -0.4 2 1.6 1.7 1.7 1.7 1.5 2 3.2 4.1 4.4 4.5 4.6 4.7 4.9 5 5.2 5.4 5.6 5.7 5.8 5.7 5.6 5.5 5.7 5.7 5.7 5.8 5.8 5.8 6 6.2 6.1 6.2 6.7 7.2 7.7 8.2 8.2 15.2 10.5 8.3 8.4 8.4 8.5 8.7 8.7 9.9 9.9 10.2 10.5 10.9 11.9 17.9 17.6 13.7 13.7 10.2 9.6 8.5
0.9 0.6 0.3 -0.1 -0.4 -0.4 1.6 1.6 1.7 1.8 1.8 1.9 2 2 2 2 2.3 2.5 2.5 2.7 2.9 2.9 2.8 -0.4 -0.4 1.5 1.6 -0.4 -0.4 -0.4 1.5 1.6 1.7 -0.4 -0.4 3.8 4.1 4.3 4.5 4.6 4.6 4.8 5 5.2 5.4 5.6 5.8 5.8 5.8 5.3 5.2 5.7 5.8 5.9 5.9 5.9 5.7 5.4 5.9 6 6.1 6.2 6.5 6.7 8.3 19.7 13.3 9.8 9.5 8.7 8.9 8.9 8.4 9.9 10.5 10.9 10.4 10.8 11.5 12.8 13.8 14 12.5 11.7 9.6 8.9 9
1.1 0.8 0.3 -0.1 -0.4 -0.4 1.8 1.5 1.6 1.7 1.8 1.9 1.9 2 1.8 2.1 2.3 2.4 2.5 2.6 2.8 2.9 -0.4 -0.4 1.5 1.6 1.7 2 -0.4 -0.4 1.5 1.6 1.9 -0.4 -0.4 3.6 3.6 3.9 4.4 4.4 4.5 4.7 4.9 5.2 5.4 5.6 5.7 5.8 5.8 5.5 5.2 5.9 6 6.1 6.1 6.1 5.7 6.3 7 5.9 6 6.3 6.4 6.6 8 10.4 9.3 9.4 9.6 9.1 9.4 9.5 9.4 9.3 10.8 11.6 11.6 11.1 11.4 12.1 12.8 12.9 12.8 11.7 10.4 8.9 8.5
1.1 0.7 0.3 -0.1 -0.4 -0.4 0.8 1.5 1.7 1 1.8 1.9 2 1.3 2 2.1 2.2 2.3 2.4 2.5 2.7 2.7 -0.4 -0.4 1.4 1.4 1.7 2 -0.4 -0.4 -0.4 1.4 -0.4 1.4 3 3.6 3.8 3.8 4.1 4.3 4.5 4.7 4.9 5.1 5.4 5.6 5.7 5.7 5.3 5.7 5.4 6.5 6.2 6.3 6.3 6.2 6.3 6.3 6.5 6.2 6.5 6.8 6.8 6.7 8.6 7.7 8.1 8.6 8.9 9.3 9.4 9.4 10.8 11 11.2 12.2 12.7 12.3 11.7 11.9 12.8 12.5 11.6 11.7 11 9.1 9.6
1 0.6 0.3 -0.1 -0.4 -0.4 0.2 0.8 1.4 1.3 1.7 1.9 2.1 1.9 2 2 2 2.1 2.3 2.4 2.5 2.6 -0.4 -0.4 1.3 1.3 1.8 2 2.3 2.7 -0.4 -0.4 -0.4 3.5 3.5 3.7 3 3.4 3.8 4.1 4.4 4.7 4.9 5.1 5.4 5.6 5.7 5.2 5.4 5.5 5.6 6 6 6.3 6.4 6.5 6.5 6.5 6.5 6.7 6.9 7.2 7.4 7.4 8.9 8 8.5 8.2 9.2 9.5 9.9 10.5 11 23.1 17.1 14.7 17.7 17.6 12.4 13.5 12.2 11.8 11.7 12.7 11 9.5 9.1
1 0.7 0.4 0 -0.4 -0.4 -0.4 0.4 1 1.4 1 1.8 1.6 1.7 1.9 1.9 2 2 2.1 2.2 2.3 2.5 -0.4 -0.4 1.4 1.5 1.8 2.1 2.4 2.6 2.8 3.1 3.5 3.6 3.7 3.8 3.8 3.1 3.3 3.9 4.5 4.7 5 5.2 5.4 5.5 5.5 5.2 5.1 5.5 5.7 5.9 5.7 5.9 6.3 6.5 6.7 6.9 7 7.1 7.3 7.7 7.9 7.8 8 8.5 9.3 10.3 14.6 9.2 15.6 11.7 18.4 28.4 26.4 36.8 23.2 19.8 17.6 13.4 12.1 11.6 11.4 11.1 11.7 9.9 8.6
1.2 0.9 0.6 0.3 -0.4 -0.4 -0.4 0.1 0.8 1.4 1 1.2 1.6 1.7 1.8 1.9 1.8 1.8 2 2.1 2.2 2.3 2 -0.4 -0.4 1.5 1.6 1.7 2.1 2.3 2.6 3.2 3.6 3.7 3.8 3.9 3.8 3.9 4 4.1 4.4 4.8 5 5.2 5.4 5.6 4.9 5.8 5.5 5.5 6 5.8 5.6 6 6.3 6.5 6.7 6.8 7.1 7.5 8.1 14.2 10.2 10.4 9.8 9.4 19.5 29.4 20.1 17.1 21.2 30 30.7 33.1 43.6 52.1 43.3 19.7 17.1 12.9 11.5 12 11.2 9.9 10.3 9.2 10
1.5 1.3 1.1 0.7 0.3 -0.4 -0.4 -0.4 0.4 1.2 1.2 1.5 1.4 1.5 1.8 1.5 1.5 1.5 1.8 1.9 2 2.1 2 -0.4 -0.4 -0.4 -0.4 1.4 2.5 3.1 3.3 3.5 3.7 3.7 3.8 3.8 3.9 4.2 4.3 4.4 4.5 4.2 4.3 5.2 5.5 5 5.1 5.8 5.6 5.6 6.1 6.3 6.5 6.6 6.4 6.5 6.7 6.8 7.1 8.7 15.8 20.9 19.8 13.4 12.7 18.1 27.5 28.4 25.9 28.7 33 37.2 36.9 35.8 44.1 44.4 27.5 24.2 13.6 12.1 11.6 12.6 11.5 11.2 10.8 10.4 10.4
7 7.1 1.7 1.2 0.8 0.3 -0.4 -0.4 -0.4 0.8 0.3 1.4 1.4 1.2 1.8 1.5 1.2 1.3 1.6 1.7 1.8 2 2 2.1 -0.4 -0.4 -0.4 -0.4 -0.4 2.7 3.2 3.4 3.6 3.7 3.8 3.8 4 4.1 4.2 4.4 4.5 4.5 4.8 4.3 4.6 5.5 5.7 5.8 5.6 5.7 6.1 6.4 6.5 6.6 6.9 6.6 6.5 7.1 7.8 23.9 26.6 26.4 24.8 19.5 21.4 32.7 31.2 31.4 33.4 29.4 36.8 39.4 36.9 42.1 45.1 27.8 21.4 18.4 12.2 12.2 13.1 12.6 13.1 13.6 11.8 11.2 11.6
36.2 30.2 6.9 4.7 1.4 1.1 0.6 -0.4 -0.4 -0.4 -0.4 -0.4 -0.4 1.3 -0.4 -0.4 -0.4 -0.4 -0.4 -0.4 1.4 2 1.8 1.9 2 1.8 -0.4 -0.4 -0.4 -0.4 2.8 3.1 3.5 3.7 3.8 3.8 3.9 4 4.1 4.3 4.5 4.8 5.2 4.7 4.6 5.5 5.7 5.8 5.7 5.8 6.1 6.4 6.5 6.6 6.8 6.9 6.6 8.2 18.9 28.6 29 26.7 28.4 35.9 45.2 40.9 52.1 43.4 33.6 31.6 34.3 38.4 38.3 46.8 31.7 24.4 20.6 16.9 12.4 13.7 13.8 11.9 14.6 14.5 14 12.5 13
65.4 44.8 21.3 13.7 7.8 7 1.6 0.7 -0.4 -0.4 -0.4 -0.4 -0.4 -0.4 -0.4 -0.4 -0.3 -0.2 -0.3 -0.1 -0.4 -0.4 1.6 1.5 1.7 1.6 1.6 1.5 -0.4 -0.4 2.4 2.6 3.4 3.6 3.8 3.8 3.9 4 4.2 4.4 4.6 4.9 5.2 5.3 5.4 5.4 5.5 5.6 5.8 5.8 6.1 6.4 6.5 6.7 6.8 7 7.3 18.6 29.7 29.6 30.1 34 48.5 59.8 61.2 54 61.4 36.3 33.4 33.9 41.6 38.5 46.9 42.1 31.6 27.9 25.7 20.1 12.9 14.2 15.3 19.7 19.8 19.3 18.4 21.1 22.5
70.1 55.7 42.1 40.8 41.9 23.4 11.3 7.1 1.2 -0.4 -0.4 -0.4 -0.4 -0.4 0 0.1 0.2 0.3 0.3 0.1 -0.4 -0.4 -0.4 1.1 1.5 1.5 1.6 1.5 -0.4 -0.4 1.2 0.6 2.1 2.7 3.6 3.7 3.8 4 3.9 4.5 4.7 5 5.2 5.4 5.5 5.4 5.4 5.5 5.7 5.6 5.3 6.4 6.4 6.8 7.4 7.6 18.9 29.5 36.4 38.2 35.5 43.4 60.4 68.9 65.8 71.6 46.2 38 35.3 46.8 38.3 48 47.4 38.2 33.4 32.5 30.9 13.6 13.9 16 23.1 27.5 26.3 25.4 27.5 33.2 36.1
76.1 69.6 58.5 58.7 55.1 49.2 41.8 8.3 7 1.2 -0.4 -0.4 1.4 0.6 0.6 0.7 0.7 0.9 0.9 0.7 0.5 -0.4 -0.4 -0.4 -0.4 1.3 -0.4 -0.4 -0.4 2.7 2.4 2.9 2.2 2.5 3.3 3.5 3.7 3.6 3.8 4.5 4.8 5 5.2 5.4 5.7 5.5 5.3 5.5 5.7 5.5 5.7 6.7 14.2 7.7 7.7 17 29.2 37.1 36.1 38 38.3 51 67.4 74.4 72.7 52.1 46.4 42.7 50.7 48.6 42.1 41.5 40.3 41.6 32.9 30.1 24.6 19.7 15.7 23.7 29.6 32.6 32 31.9 33.5 34.2 33
85.2 71.2 69.9 76.6 63.3 57.8 45.9 26.6 7.3 6.1 1.2 -0.4 1.4 1.4 1.3 1.3 1.2 1.3 1.4 1.4 1.8 1.2 -0.4 -0.4 -0.4 0.3 -0.4 0.7 2.4 2.9 3 3.4 3.5 2.8 2.9 3.2 3.5 3.7 3.8 4.4 4.7 5 5.2 5.1 5.5 5.5 5.3 5.5 5.7 5.6 6.1 10.3 17.3 15.2 19.1 31.8 33.6 43 38.6 37.3 34.3 42.7 60.6 65 48.7 53.5 51 66.3 65 53.8 52.1 47.9 45.7 39.9 39.4 36.5 32.4 30.4 27.8 30.6 33.9 34.2 35.4 37.5 38.9 36.8 30.8
82.1 75.2 92.1 79.9 69.3 67.3 51 42.2 24.1 18.2 5.8 -0.4 1.2 1.7 1.8 1.9 2 1.7 2.1 2 2.1 1.9 1.3 -0.4 -0.4 -0.4 1.9 1.9 2.7 3 3.3 3.6 3.7 3.3 3 3 3.7 4 4 4.2 4.4 4.9 4.9 4.8 5.2 5.4 5.4 5.6 5.8 5.8 11.2 16.5 18.5 25.4 31.4 50.4 44.4 33.5 36.7 34.6 30.9 41.2 50.1 44.7 48.6 52.4 62.2 67.9 55.4 51.4 51.6 56.3 43.2 42.1 41.7 40.3 43 39.8 34 32.8 37.2 38.7 40.3 43.1 50.6 36.3 32.3
86.9 95.2 92.1 84.2 81.8 74.8 55.4 44.3 42.6 33 7.6 -0.4 -0.4 1.7 2 2.1 1.9 2 2.1 2.2 2.2 2.1 1.8 1.7 2.2 2.1 2.5 2 2.6 2.9 3.2 3.5 3.8 3.6 3.4 3.4 4.1 4.3 4.3 4.6 4.9 4.9 4.6 4.8 5.3 5.5 5.5 5.7 5.4 14.3 19.1 19.7 21.7 27.7 35.8 42.2 38.2 27.3 29 27.9 28.8 34.1 32.4 37.5 49.1 57.7 60 56.1 50.9 51.4 56.6 52.5 44.3 48 49.2 46.9 49.3 46.3 33.8 38.1 40.1 43.3 47.4 48.8 42.5 37.5 36.4
