app/static/ascii/NR95.asc
ncols 200
nrows 200
xllcorner 190000
yllcorner 650000
cellsize 50
[rows 152 to 189 of 200, columns 84 to 167 of 200]
-1.1 -1.1 -1.1 -1.1 -1.1 -1.1 -1.1 -1.1 -1.1 -1.1 -1.1 -1.1 -1.1 -1.1 -1.1 -1.1 -1.1 -1.1 -1.1 -1.1 -1.1 -1.1 -1.1 -1.1 -1.1 -1.1 -1.1 -1.1 -1.1 -1.1 -1.1 -1.1 -1.1 -1.1 -1.1 -1.1 -1.1 -1.1 -1.1 -1.1 -1.1 -1.1 -1.1 -1.1 -1.1 -1.1 -1.1 -1.1 -1.1 -1.1 -1.1 -1.1 -1.1 -1.1 -1.1 -1.1 -1.1 -1.1 -1.1 -1.1 -1.1 -1.1 -1.1 -1.1 -1.1 -1.1 -1.1 -1.1 -1.1 -1.1 -1.1 -1.1 -1.1 -1.1 -1.1 -1.1 -1.1 -1.1 -1.1 -1.1 -1.1 -1.1 -1.1 -1.1
-1.1 -1.1 -1.1 -1.1 -1.1 -1.1 -1.1 -1.1 1.3 2.4 3.1 9.2 15 15 21.5 17.8 13.6 16.3 17.4 16.9 14.8 6.3 2.2 1.4 -1.1 -1.1 -1.1 -1.1 -1.1 -1.1 -1.1 -1.1 -1.1 -1.1 -1.1 -1.1 -1.1 -1.1 -1.1 -1.1 -1.1 -1.1 -1.1 -1.1 -1.1 -1.1 -1.1 -1.1 -1.1 -1.1 -1.1 -1.1 -1.1 -1.1 -1.1 -1.1 -1.1 -1.1 -1.1 -1.1 -1.1 -1.1 -1.1 -1.1 -1.1 -1.1 -1.1 -1.1 -1.1 -1.1 -1.1 -1.1 -1.1 -1.1 -1.1 -1.1 -1.1 -1.1 -1.1 -1.1 -1.1 -1.1 -1.1 -1.1
3.1 3.8 4.2 4.6 6.8 6 11.9 16.7 22 27.8 36.3 49.2 59.1 61.4 62.6 60.2 53.9 53.9 53.5 52.8 48.5 41 29.6 15.1 9.5 5.3 5.5 2.3 -1.1 -1.1 -1.1 -1.1 -1.1 -1.1 -1.1 -1.1 -1.1 -1.1 -1.1 -1.1 -1.1 -1.1 -1.1 -1.1 -1.1 -1.1 -1.1 -1.1 -1.1 -1.1 -1.1 -1.1 -1.1 -1.1 -1.1 -1.1 -1.1 -1.1 -1.1 -1.1 -1.1 -1.1 -1.1 -1.1 -1.1 -1.1 -1.1 -1.1 -1.1 -1.1 -1.1 -1.1 -1.1 -1.1 -1.1 -1.1 -1.1 -1.1 -1.1 -1.1 -1.1 -1.1 -1.1 -1.1
13 12.3 16.9 19.2 27.5 43.3 49 54.4 56.8 67 72.7 80.2 84.8 85.2 95.2 98.9 101.9 91.3 92.9 89.9 87.3 78.1 76.7 54.2 44.2 33.6 26.5 16.5 6 2.2 -1.1 -1.1 -1.1 -1.1 -1.1 -1.1 -1.1 -1.1 -1.1 -1.1 -1.1 -1.1 -1.1 -1.1 -1.1 -1.1 -1.1 -1.1 -1.1 -1.1 -1.1 -1.1 -1.1 -1.1 -1.1 -1.1 -1.1 -1.1 -1.1 -1.1 -1.1 -1.1 -1.1 -1.1 -1.1 -1.1 -1.1 -1.1 -1.1 -1.1 -1.1 -1.1 -1.1 -1.1 -1.1 -1.1 -1.1 -1.1 -1.1 -1.1 -1.1 -1.1 -1.1 -1.1
29.5 21.4 30.2 38.4 50 57.7 65.1 71.7 79.6 86.2 92.7 99.3 105 110.2 112.7 116.8 124 125.4 126.1 123.7 118.5 113.9 109.1 88.6 68.5 56.4 49.6 47.1 49.6 17.3 3.9 -1.1 -1.1 -1.1 -1.1 -1.1 -1.1 -1.1 -1.1 -1.1 -1.1 -1.1 -1.1 -1.1 -1.1 -1.1 -1.1 -1.1 -1.1 -1.1 -1.1 -1.1 -1.1 -1.1 -1.1 -1.1 -1.1 -1.1 -1.1 -1.1 -1.1 -1.1 -1.1 -1.1 -1.1 -1.1 -1.1 -1.1 -1.1 -1.1 -1.1 -1.1 -1.1 -1.1 -1.1 -1.1 -1.1 -1.1 -1.1 -1.1 -1.1 -1.1 -1.1 -1.1
38.5 28.8 39.1 48.6 59.6 72.7 82.3 89.3 96.1 102.7 109.3 115.9 122.5 127.8 133.9 140.1 144.5 150.3 151.5 153.1 151.8 149.6 135.4 126.5 96.5 83 78.4 74.6 72.6 47 12.1 4.5 -1.1 -1.1 -1.1 -1.1 -1.1 -1.1 -1.1 -1.1 -1.1 -1.1 -1.1 -1.1 -1.1 -1.1 -1.1 -1.1 -1.1 -1.1 -1.1 -1.1 -1.1 -1.1 -1.1 -1.1 -1.1 -1.1 -1.1 -1.1 -1.1 -1.1 -1.1 -1.1 -1.1 -1.1 -1.1 -1.1 -1.1 -1.1 -1.1 -1.1 -1.1 -1.1 -1.1 -1.1 -1.1 -1.1 -1.1 -1.1 -1.1 -1.1 -1.1 -1.1
54 37.9 46.9 59.9 73.1 87.1 98.5 105.6 112.3 120.5 126.9 133.3 139.6 146.2 152.4 158.6 164.7 171 172.5 178 179.5 178.4 169.4 158.1 126.3 115.3 103 103.3 95.7 66.5 40.8 22.6 5.2 2.7 -1.1 -1.1 -1.1 -1.1 -1.1 -1.1 -1.1 -1.1 -1.1 -1.1 -1.1 -1.1 -1.1 -1.1 -1.1 -1.1 -1.1 -1.1 -1.1 -1.1 -1.1 -1.1 -1.1 -1.1 -1.1 -1.1 -1.1 -1.1 -1.1 -1.1 -1.1 -1.1 -1.1 -1.1 -1.1 -1.1 -1.1 -1.1 -1.1 -1.1 -1.1 -1.1 -1.1 -1.1 -1.1 -1.1 -1.1 -1.1 -1.1 -1.1
63.8 51.8 58.1 73.5 84.7 100.3 112.8 123.1 131.9 139.6 147 154.2 161.5 167.9 174.4 180.2 185.7 190.1 191.8 200.2 200.8 201.5 196.8 186.9 170 147.3 134.5 129.7 119.1 105.1 81.8 57.5 39.3 13 3.3 -1.1 -1.1 -1.1 -1.1 -1.1 -1.1 -1.1 -1.1 -1.1 -1.1 -1.1 -1.1 -1.1 -1.1 -1.1 -1.1 -1.1 -1.1 -1.1 -1.1 -1.1 -1.1 -1.1 -1.1 -1.1 -1.1 -1.1 -1.1 -1.1 -1.1 -1.1 -1.1 -1.1 -1.1 -1.1 -1.1 -1.1 -1.1 -1.1 -1.1 -1.1 -1.1 -1.1 -1.1 -1.1 -1.1 -1.1 -1.1 -1.1
74.8 73.8 75.5 84.3 94.6 112.3 127.4 139.2 150.8 160.2 169.7 176.5 183.2 190.4 197.6 202 203.4 208.6 215 215.7 216.8 216.1 213.3 208.7 198.6 175 163.3 152.5 140.1 125.6 114 100.1 75 51.9 13.6 3.3 -1.1 -1.1 -1.1 -1.1 -1.1 -1.1 -1.1 -1.1 -1.1 -1.1 -1.1 -1.1 -1.1 -1.1 -1.1 -1.1 -1.1 -1.1 -1.1 -1.1 -1.1 -1.1 -1.1 -1.1 -1.1 -1.1 -1.1 -1.1 -1.1 -1.1 -1.1 -1.1 -1.1 -1.1 -1.1 -1.1 -1.1 -1.1 -1.1 -1.1 -1.1 -1.1 -1.1 -1.1 -1.1 -1.1 -1.1 -1.1
90.7 97.6 101.4 97.5 106.5 122.7 141.8 155 167.3 178.9 189.4 199.2 206.2 213.5 217.1 216.6 214.4 219.7 224.5 225.3 226.1 228.1 227.5 225.7 223.3 202.1 182.1 166.9 153.7 142.7 130.1 133.1 110.3 83.2 40.4 5.1 3.7 -1.1 -1.1 -1.1 -1.1 -1.1 -1.1 -1.1 -1.1 -1.1 -1.1 -1.1 -1.1 -1.1 -1.1 -1.1 -1.1 -1.1 -1.1 -1.1 -1.1 -1.1 -1.1 -1.1 -1.1 -1.1 -1.1 -1.1 -1.1 -1.1 -1.1 -1.1 -1.1 -1.1 -1.1 -1.1 -1.1 -1.1 -1.1 -1.1 -1.1 -1.1 -1.1 -1.1 -1.1 -1.1 -1.1 -1.1
114.6 122 126.8 124.1 116 125.3 139.6 161.2 177.8 191.8 203.7 214.4 223.2 229.4 230.6 228.3 230.5 237 241.2 241.4 242.1 242.8 243.9 248 245.7 235.2 202.2 178.7 166.8 154.6 147.9 153.9 139.3 106.9 74 31.4 5.5 3.2 3.1 -1.1 -1.1 -1.1 -1.1 -1.1 -1.1 -1.1 -1.1 -1.1 -1.1 -1.1 -1.1 -1.1 -1.1 -1.1 -1.1 -1.1 -1.1 -1.1 -1.1 -1.1 -1.1 -1.1 -1.1 -1.1 -1.1 -1.1 -1.1 -1.1 -1.1 -1.1 -1.1 -1.1 -1.1 -1.1 -1.1 -1.1 -1.1 -1.1 -1.1 -1.1 -1.1 -1.1 -1.1 -1.1
140.1 150.9 156.1 155.5 144.7 138.4 151 163.5 173.3 191.7 205.3 218.5 226.5 232.4 233.7 237.1 242.9 249.1 253.7 255.7 256.6 261 268.9 273.3 263.5 242 215.3 199.6 183.7 171 166.3 172.4 156.7 124.4 93.5 60.7 30.1 11.6 8 6.1 2.9 -1.1 -1.1 -1.1 -1.1 -1.1 -1.1 -1.1 -1.1 -1.1 -1.1 -1.1 -1.1 -1.1 -1.1 -1.1 -1.1 -1.1 -1.1 -1.1 -1.1 -1.1 -1.1 -1.1 -1.1 -1.1 -1.1 -1.1 -1.1 -1.1 -1.1 -1.1 -1.1 -1.1 -1.1 -1.1 -1.1 -1.1 -1.1 -1.1 -1.1 -1.1 -1.1 -1.1
158.8 166.8 175.6 180.5 176.9 176 165.2 170.8 178.3 189.5 203 218.4 228.4 232.2 238.7 244.4 248.2 254.5 263 270.9 276.6 283.1 286.4 286.6 276.2 258.7 230.8 214.5 202.9 187.7 191.1 202.2 182 146 110.5 78.8 61.7 41.1 24.4 14 7.1 3.1 -1.1 -1.1 -1.1 -1.1 -1.1 -1.1 -1.1 -1.1 -1.1 -1.1 -1.1 -1.1 -1.1 -1.1 -1.1 -1.1 -1.1 -1.1 -1.1 -1.1 -1.1 -1.1 -1.1 -1.1 -1.1 -1.1 -1.1 -1.1 -1.1 -1.1 -1.1 -1.1 -1.1 -1.1 -1.1 -1.1 -1.1 -1.1 -1.1 -1.1 -1.1 -1.1
178.5 189.6 199.9 206.4 207.7 207.5 204.4 199.5 200.1 200.7 206.6 217 227.9 238.1 245 249.5 257.1 265.9 272.9 282 286.8 293.2 297.2 293.8 281.9 275.9 260.9 236.5 224.6 216 222.7 224.7 202.6 170.3 129.5 105.5 87.3 70.3 53 39 21.8 9.2 4.9 -1.1 -1.1 -1.1 -1.1 -1.1 -1.1 -1.1 -1.1 -1.1 -1.1 -1.1 -1.1 -1.1 -1.1 -1.1 -1.1 -1.1 -1.1 -1.1 -1.1 -1.1 -1.1 -1.1 -1.1 -1.1 -1.1 -1.1 -1.1 -1.1 -1.1 -1.1 -1.1 -1.1 -1.1 -1.1 -1.1 -1.1 -1.1 -1.1 -1.1 -1.1
200 210 218 221.9 224.5 226.6 228.9 226.4 222.2 222.7 224.6 228.6 229 232 241.2 253.3 263.5 274 281.2 286.8 289.9 292.6 293.3 293.9 291.9 288.7 282.3 266.6 252.3 250.3 256.3 251.8 226.4 194.5 155.7 135 109.5 89.2 72.5 56.5 44.9 31 14.3 6.6 2.5 -1.1 -1.1 -1.1 -1.1 -1.1 -1.1 -1.1 -1.1 -1.1 -1.1 -1.1 -1.1 -1.1 -1.1 -1.1 -1.1 -1.1 -1.1 -1.1 -1.1 -1.1 -1.1 -1.1 -1.1 -1.1 -1.1 -1.1 -1.1 -1.1 -1.1 -1.1 -1.1 -1.1 -1.1 -1.1 -1.1 -1.1 -1.1 -1.1
213.8 222.1 229.3 234.2 237.9 242.1 246.9 250.2 249.5 252.4 251.5 256.6 255.2 249.2 243.8 255.7 268.2 276.1 281.1 284.5 287.1 290.2 294.7 298.1 298.1 297.8 294.3 290.7 282.7 280.2 277 268.9 249.9 217.1 189.6 164.2 132.6 107.2 86.6 67.5 55.9 42.7 31.2 18.9 8.1 4.6 2 -1.1 -1.1 -1.1 -1.1 -1.1 -1.1 -1.1 -1.1 -1.1 -1.1 -1.1 -1.1 -1.1 -1.1 -1.1 -1.1 -1.1 -1.1 -1.1 -1.1 -1.1 -1.1 -1.1 -1.1 -1.1 -1.1 -1.1 -1.1 -1.1 -1.1 -1.1 -1.1 -1.1 -1.1 -1.1 -1.1 -1.1
224.3 230.6 235.8 243.1 249.3 254.2 259.3 264 267.4 267.5 268.7 271.5 275.7 275.3 269.1 266.7 270 276.7 280.7 284.8 289.6 295.5 299.9 300.7 301.7 303.4 304.1 304.2 299.5 291.7 286.5 281.9 271.5 243.8 213.6 184.5 155 129 102.6 85.8 72.8 54.9 43.4 33 24.6 18.7 13.6 13.7 4 -1.1 -1.1 -1.1 -1.1 -1.1 -1.1 -1.1 -1.1 -1.1 -1.1 -1.1 -1.1 -1.1 -1.1 -1.1 -1.1 -1.1 -1.1 -1.1 -1.1 -1.1 -1.1 -1.1 -1.1 -1.1 -1.1 -1.1 -1.1 -1.1 -1.1 -1.1 -1.1 -1.1 -1.1 -1.1
232.3 239.4 243.1 250 255.7 260.8 266.7 269.5 272.3 277.2 280.6 285.7 290.6 291.5 286.3 284.3 280.8 281.1 280.8 286.3 293.8 301.1 302.6 302.2 302.5 305.3 308.4 308.7 305.7 298.9 293.9 290.5 280.3 259.8 233.8 203.2 170.8 151 124.3 107 93 74.6 55.7 47.7 43.1 39.1 31.7 29.2 22 11.8 5.6 -1.1 -1.1 -1.1 -1.1 -1.1 -1.1 -1.1 -1.1 -1.1 -1.1 -1.1 -1.1 -1.1 -1.1 -1.1 -1.1 -1.1 -1.1 -1.1 -1.1 -1.1 -1.1 -1.1 -1.1 -1.1 -1.1 -1.1 -1.1 -1.1 -1.1 -1.1 -1.1 -1.1
237.1 242.7 248 254.1 260.7 268.2 272 273.7 276 281.6 287.3 293.9 298.5 301 300.6 297.8 292.7 292.8 291 291.7 293.9 299.4 302.2 302.3 304 307.7 311.2 312.2 309.6 302 291.9 284.5 277.7 266.1 242.1 216.4 192.2 166.4 151.5 120.8 103.7 91.3 70.8 65.3 63 60 56 50.3 39.7 29.9 21.9 7.9 2.2 -1.1 -1.1 -1.1 -1.1 -1.1 -1.1 -1.1 -1.1 -1.1 -1.1 -1.1 -1.1 -1.1 -1.1 -1.1 -1.1 -1.1 -1.1 -1.1 -1.1 -1.1 -1.1 -1.1 -1.1 -1.1 -1.1 -1.1 -1.1 -1.1 -1.1 -1.1
237.7 244.8 250.8 256.2 261.2 266.4 270.4 273.4 276.1 282.1 287.1 292.1 297.4 301.1 302.6 304 302.5 301.9 301.3 302 301.2 300.9 302.5 303.7 306.8 308.1 311.2 312.5 309.2 299.4 291.1 284 277.2 261.6 237.4 223 203.9 183 157 137.9 122.8 107.8 89.4 81.5 75.5 68.7 63.6 56.7 47.5 40.7 34 22.2 10.1 2.9 -1.1 -1.1 -1.1 -1.1 -1.1 -1.1 -1.1 -1.1 -1.1 -1.1 -1.1 -1.1 -1.1 -1.1 -1.1 -1.1 -1.1 -1.1 -1.1 -1.1 -1.1 -1.1 -1.1 -1.1 -1.1 -1.1 -1.1 -1.1 -1.1 -1.1
240.1 247.8 254.3 258.1 262.4 264.3 267.4 270.6 272.7 277.5 282.2 287.2 292.8 296.8 300.1 303.2 304.8 305.9 305.8 306 309.2 309.3 309.2 309.9 310 311.2 311.4 311.1 307.8 301.1 290.8 281.2 271.4 257.9 238.7 228.5 216.1 188 177.6 165 146.1 127.2 105.2 95 87 79.6 69.3 61 50.3 47 38 30.4 23.5 8.5 3.9 -1.1 -1.1 -1.1 -1.1 -1.1 -1.1 -1.1 -1.1 -1.1 -1.1 -1.1 -1.1 -1.1 -1.1 -1.1 -1.1 -1.1 -1.1 -1.1 -1.1 -1.1 -1.1 -1.1 -1.1 -1.1 -1.1 -1.1 -1.1 -1.1
245.4 249.5 254.4 258.3 261.7 263.2 265.1 267.2 268.7 272.5 277.3 282.4 287.9 291.9 294 299.4 303.9 305 307.8 308.4 312.1 317.2 317.1 320.6 318.8 318.4 317.6 313.9 306.8 298.5 291.4 283.8 274.2 261.1 250.5 239 228.4 190.7 180.3 174 164.1 149 123.9 109.6 98.5 90 79.3 68.6 54 46.2 38 30 27.6 14.9 7.1 4.4 -1.1 -1.1 -1.1 -1.1 -1.1 -1.1 -1.1 -1.1 -1.1 -1.1 -1.1 -1.1 -1.1 -1.1 -1.1 -1.1 -1.1 -1.1 -1.1 -1.1 -1.1 -1.1 -1.1 -1.1 -1.1 -1.1 -1.1 -1.1
248.7 251.5 253.8 257.3 260.3 262.7 263.2 263.7 264.7 267.7 274.1 280.1 284.8 286.4 290.2 295.6 300.9 304.7 307.5 311 315.7 319.9 324.3 325.9 326.2 326.4 323 317.2 309 299.7 290.1 281.5 275.4 265.3 258.5 249 234.1 208 193 182.7 165.8 152.4 135.1 120.7 109.6 100.6 87.8 85.5 69.6 55.6 44 32.5 28.3 22.5 17.7 8.9 5.8 1.7 -1.1 -1.1 -1.1 -1.1 -1.1 -1.1 -1.1 -1.1 -1.1 -1.1 -1.1 -1.1 -1.1 -1.1 -1.1 -1.1 -1.1 -1.1 -1.1 -1.1 -1.1 -1.1 -1.1 -1.1 -1.1 -1.1
253.3 256.1 256.8 257.5 259.5 262.2 262.2 261.4 260.6 263.1 269 274.9 279 280.2 284.3 289.6 295.9 301.9 306.4 309.8 313.3 319.6 323.3 327.5 330.3 330.5 325.8 319.1 310.8 300.5 290.7 280.9 274.7 268.5 262.1 257 249.2 231.9 215.4 197.6 179.4 159.8 143.1 131.4 120.4 110.5 100.2 95.4 85.3 74.2 64.4 52.2 40.6 31.5 26.7 21.6 13.2 7.3 3.9 0.9 -1.1 -1.1 -1.1 -1.1 -1.1 -1.1 -1.1 -1.1 -1.1 -1.1 -1.1 -1.1 -1.1 -1.1 -1.1 -1.1 -1.1 -1.1 -1.1 -1.1 -1.1 -1.1 -1.1 -1.1
254.1 257.7 260 260.4 260.7 261.3 260.7 259.4 258 258.1 261.8 266.8 272 273.9 278.3 285.3 291.8 297.5 300.4 303.2 304.1 308.6 315.4 321.4 325.8 324.9 324.3 320.3 312.7 302.8 293.3 282.5 274.6 270.6 267.3 261.9 253.9 238.2 217.9 200.7 184.9 171 156.3 144.1 130.7 120 115.7 107.4 97.1 86.4 78.8 73.6 65.4 53.4 39.5 34.2 27.3 20.7 9.4 6.4 -1.1 -1.1 -1.1 -1.1 -1.1 -1.1 -1.1 -1.1 -1.1 -1.1 -1.1 -1.1 -1.1 -1.1 -1.1 -1.1 -1.1 -1.1 -1.1 -1.1 -1.1 -1.1 -1.1 -1.1
253.9 257.1 260.9 261.2 261.1 260.2 259 257.2 254 251.1 254.8 258.3 263.6 267.2 274.9 282.2 289.6 293.8 296.7 299 298.6 296.8 300.7 307 312.3 312.6 312.3 310 306.3 298 290.9 283.3 276.9 274.1 270.7 265.2 255.7 243.3 227.9 210.8 200.6 187.6 170.9 156.9 143.9 138.2 130.7 123.1 114.3 104.5 97.3 90.7 85 77.3 66.2 54.5 48 40.3 30.5 19.8 14 5 -1.1 -1.1 -1.1 -1.1 -1.1 -1.1 -1.1 -1.1 -1.1 -1.1 -1.1 -1.1 -1.1 -1.1 -1.1 -1.1 -1.1 -1.1 -1.1 -1.1 -1.1 -1.1
253.1 257.9 260.3 260.9 259.6 258.1 256.3 253.2 246.2 242.7 244.7 248.4 254.4 261.2 268.7 276.9 286.9 291.3 294.6 295.9 295 292.4 291.5 292.1 296.6 297.6 295.7 293.5 291.2 288.2 283.6 281 278.1 275 271.9 265.9 260.8 252.7 244.2 230.3 219.9 205.4 189.9 177.6 167.3 159.3 153.2 145.3 133.9 123.8 118.8 113.4 106.5 97.3 89.2 80.7 67.5 59.3 50 40.6 29 18.4 14.2 7.5 -1.1 -1.1 -1.1 -1.1 -1.1 -1.1 -1.1 -1.1 -1.1 -1.1 -1.1 -1.1 -1.1 -1.1 -1.1 -1.1 -1.1 -1.1 -1.1 -1.1
255.2 259.2 260.7 259.6 256.5 254.3 251.1 242.8 237.4 232.3 233.6 238.4 245.6 253.9 262.9 271.7 281 288.9 293.1 294.2 291.1 287.4 285.8 285.2 285.7 283.9 280.6 277.8 273.8 272.3 274 275.6 274.9 274.1 271.1 266.8 262.2 259.2 253.2 247.7 241.8 229.5 214.7 197.6 195.3 186.1 178.3 171.8 163.3 157.6 149.9 137.4 125.7 114.9 107.7 98 86.4 76.9 65.4 57.3 48.3 36.6 27.9 18.3 7.6 5 1.6 -1.1 -1.1 -1.1 -1.1 -1.1 -1.1 -1.1 -1.1 -1.1 -1.1 -1.1 -1.1 -1.1 -1.1 -1.1 -1.1 -1.1
253.6 258.3 259.1 256 251.1 248.9 248.2 240.8 231 225.2 223.4 229.5 237.6 247 256.3 267.6 276.8 285 289.6 290.5 286.9 282.4 278.2 277.2 276.5 270.3 267.1 264.9 263.5 260.8 258.7 259.9 263 267.4 267.4 268.7 266.1 262.9 261.8 259.7 257.9 246.7 227.3 213.8 207.3 201.5 198.1 189.2 184.2 181 174.4 160.4 139.2 123.4 114.9 107.2 98.8 88.2 77.9 70.6 62.9 52.9 41.7 33.1 31.5 29.5 20.4 11.1 8.9 2 -1.1 -1.1 -1.1 -1.1 -1.1 -1.1 -1.1 -1.1 -1.1 -1.1 -1.1 -1.1 -1.1 -1.1
244.5 252.9 252.2 250.9 245.5 241.1 239.7 232.4 222.6 214.4 211.7 218.6 227 238.8 248.7 259.9 269.9 277.1 282.2 282.9 280.5 274.4 270.5 269.1 267.5 263.5 257.7 252.5 250 248.1 248.1 248.8 251 255.4 261.8 266.2 267.6 266.9 268.4 267.5 263.9 255 238.4 235.7 225.9 222.3 218.7 207.6 199.1 194.4 189.2 185.7 170.7 143.8 125.4 116.7 110 99.6 90.2 82.3 74.8 68.6 61.8 49.2 39.4 32.4 25.3 21.2 19.3 12.9 6.5 2 -1.1 -1.1 -1.1 -1.1 -1.1 -1.1 -1.1 -1.1 -1.1 -1.1 -1.1 -1.1
233.4 243.8 245.8 243.9 239.6 235.2 229.5 222.1 212.5 204.5 199.7 207.8 216.3 228.3 239.7 251.2 259.5 265.4 269.9 272.4 269.2 266.6 262.6 259.4 258.5 256 251.3 244.2 238.8 237.2 238.1 240.2 242.9 246.4 252.6 255.5 258.5 262.2 265.3 266.3 264.7 260.4 264.6 260.8 253.6 250.1 244.4 233.2 219.5 213.3 207.8 200.1 191.7 171.6 147 130.4 120 111.6 104 95.5 87.7 82.3 72.9 63.6 55.3 46.6 39.5 32 25.6 19.8 13.3 8.7 2.6 -1.1 -1.1 -1.1 -1.1 -1.1 -1.1 -1.1 -1.1 -1.1 -1.1 -1.1
221.1 241.5 243.8 242.7 237.7 232 221.3 214.7 201.4 191.7 189.6 197 205 216 227.6 239.3 250.1 253.6 255.3 258.1 259.6 257.1 253 246.7 246.4 245.9 241.2 234.9 230.1 229.1 230.1 233.7 236.2 239.5 244.9 248.3 248.6 252.4 257.1 257.9 258.3 262.4 265.7 268.4 271 276.3 272 259.1 245.4 230.9 227.7 219.8 208 189.6 171.5 149 135.5 130.6 124.2 114.1 108.3 101.8 91.7 80.5 69.2 59.3 51.3 43 34 27.6 22.2 15.3 7.8 3.8 -1.1 -1.1 -1.1 -1.1 -1.1 -1.1 -1.1 -1.1 -1.1 -1.1
195 225.9 241.7 241.8 236.4 228.2 217.3 205.8 190.2 179.9 174.5 185.5 191.9 201.4 212.1 223.4 233.3 240.5 242.3 244 246.2 244.6 240.1 230.9 227.7 225.7 223.1 220.8 218.8 219.3 222 226.7 230.8 234.4 238.4 241.5 244.1 246.4 250 251 254.5 259.7 265.5 269.8 275.1 279.3 280.6 279.6 274.6 263.5 247.7 239.5 227 212.6 195.4 173.7 156.9 149.2 141.8 133.5 126.9 122.5 111.3 100.5 93.1 83.3 69.7 58.4 53.6 43.5 34.7 27.4 19.1 8.7 2.6 -1.1 -1.1 -1.1 -1.1 -1.1 -1.1 -1.1 -1.1 -1.1
172.8 201.5 233.5 240.1 234.8 224.7 213.6 202.2 183 167 165.3 171.9 176.4 185 194.7 205.4 213 218.3 221.4 224.5 229.4 228.7 221.3 211.8 206.8 206.6 204.5 204.1 204.6 208.3 212 217.9 226.8 232.7 237.3 239.7 241.8 244.4 247.2 249.3 252.7 257.7 262.8 267.9 272.5 277.7 284.2 289.2 291.3 289.1 284.4 266.4 252.6 238.2 220.4 202.5 182 165.6 159.7 156.2 151.6 149.4 136.3 120.1 107.5 100.3 92.9 84.9 70.9 55.9 46.8 37.5 30.1 17.4 8.6 3.8 -1.1 -1.1 -1.1 -1.1 -1.1 -1.1 -1.1 -1.1
151.9 178.4 209.4 234.1 234.4 225.5 214 200.9 181.5 160.8 150.4 157.1 161.6 168.9 176.6 185.7 192.8 197.2 199.8 202.8 206.3 205.6 200.1 192.9 184.3 183.8 184 187.8 191.3 199.4 209.9 218.3 228.6 233 237.8 242.1 244.3 246.5 248.8 253.1 258.2 261.1 263.6 269.6 276.2 282.9 289.5 296.4 301.8 302.1 305.1 309.2 291.3 275.6 258.2 230.9 203.4 188.3 181 183.7 176.9 167.4 160.2 143.3 130.1 119.1 109.9 100.9 90.1 76 61.8 52.6 53.2 36.3 18.5 9.7 4.6 -1.1 -1.1 -1.1 -1.1 -1.1 -1.1 -1.1
132.5 156.3 182.7 210.8 230.3 229.5 218.8 203.3 179.1 158.4 136.6 142.8 149.1 152.8 159.4 165 171.6 175.8 178.5 180.8 181.8 181 175.7 169.3 162.7 159.3 157.2 178.6 190.1 199.3 208.9 219.4 228.1 233.9 240.1 245.2 247.9 250.4 253.1 257.1 261.1 264.7 267.8 274.2 280.4 286.5 292.7 298.4 302.5 306.5 311.8 316.3 321.1 322 313.3 283.1 243.1 219.3 210.9 203 193.2 188.8 181.9 169.1 151.3 134 126.2 119.1 110.6 94.5 79.3 72.4 66 56 44.1 20.8 9.2 5.4 1.5 -1.1 -1.1 -1.1 -1.1 -1.1
114.1 136 160.4 189.9 216.3 223.1 217 201.8 177.6 155.5 138 127.3 134.7 138.7 142.9 145.1 149.2 151.8 153.8 155.6 156.2 155 152.9 149.2 144.4 140.9 161.4 177.1 186.8 196.5 206.2 219.4 228.4 236.1 243.5 247.3 251.1 254.4 257.5 260.7 264.8 269.4 275.2 280.8 285.9 291.1 296.3 302.2 304.7 309.5 314.2 320.1 327.6 333.8 325.8 298.3 265.2 249.7 235.7 221.2 212.2 212.1 205.3 194.3 181.4 161.6 143 127.7 116.7 107.3 97.4 81.5 71.7 65.1 59.5 46.9 32 18.4 8.8 5.2 -1.1 -1.1 -1.1 -1.1
99.7 118.9 140.7 170.3 200.5 216.2 212.7 196.5 174.5 152.3 134.8 120.7 117 124 126.5 128.8 130.2 131.6 131.9 131.6 130.9 130.5 130.5 129.5 125.5 141.7 151.6 166.5 179.8 193.2 204.8 219.6 231.4 237.7 244.6 250.7 254.3 257.8 261.3 264.7 270.2 275.7 282.8 289 294.2 299.4 304.7 308.7 311.6 316.7 321.6 327.8 335.6 343.7 332 305.6 284.5 269.5 255.7 252.4 244.6 238.6 230.3 214.7 202.1 189.1 167.2 147.5 130.8 112.2 94.3 86.7 76.8 72.9 73.1 66.9 58 46.2 26.9 11.3 5.9 1.3 -1.1 -1.1
