app/static/ascii/NR96.asc
ncols 200
nrows 200
xllcorner 190000
yllcorner 660000
cellsize 50
[rows 0 to 37 of 200, columns 85 to 169 of 200]
68.9 68.9 68.9 69.8 74.9 80.3 79.7 73.1 65.2 59 59.5 62.3 68.9 75.5 80.6 81.9 82.2 81.9 81.2 78.4 73.3 64.6 57.6 52.2 46.4 42.2 40.5 39.5 34.9 29.2 24.9 20.7 19.4 18.8 24 30.1 34.6 42.9 47.6 54.2 69.6 78.2 89 92.3 88.9 96.7 105.2 106.4 109 108.9 114.3 120.7 133.5 139.9 143.7 141.6 133.5 129 128.3 129 124.5 117.6 110.9 105.1 99.5 91.6 80.6 67.9 57.6 49.9 43.8 35.7 27.1 15.6 2.6 3.8 -0.9 -0.9 -0.9 -0.9 -0.9 -0.9 -0.9 -0.9 -0.9
68.9 68.9 69.4 72.5 77.2 81.1 81.1 75.6 65.9 58.7 58.9 60.4 67.4 75.6 80.7 82.2 82.9 83.3 82.3 80.6 75.7 68.3 59.6 53.6 47.9 43.2 46.7 45.2 40.6 31.6 25.5 20.5 18.6 20.1 29.2 33.5 38.1 48.3 52.8 58.1 73.8 83.5 95 95.4 93.2 98.3 99.5 105.5 109.4 109 108.9 115.6 126.6 132.8 136.1 133.6 125.2 126.1 128.7 136.3 129.5 116.4 110.9 106.7 106.5 106 88.6 74.2 66.3 58.7 49.9 42.4 35.2 25.6 12.8 5.7 1.4 -0.9 -0.9 -0.9 -0.9 -0.9 -0.9 -0.9 -0.9
68.9 69.4 73.6 77.4 80.3 80.9 79.5 73.5 64.5 58.8 59 60.6 67.7 73.3 79.8 82.7 83.4 84.5 84.7 83 79.4 72.8 61.8 55.5 49.4 44.4 47.8 50.9 42.6 31 24 21.2 18.1 22.4 32 35.1 40.5 47.9 53.7 62.4 78.2 85.2 96.7 97.9 99.3 98.9 98.9 101.6 107.1 110 109.2 110.5 118.9 126.2 129.4 126.5 119.3 124.3 135.8 143.9 140.7 124.7 118.2 112.5 109.8 109.2 93.4 81.9 78.4 70.8 56.8 50.1 41.7 31.1 19.7 9.2 1.9 -0.9 -0.9 -0.9 -0.9 -0.9 -0.9 -0.9 -0.9
73.2 74.2 79.8 82.4 82.5 79.8 75.9 69.9 62.2 58.3 57.4 60.1 65.7 69.8 77.2 81.3 83.6 86.5 89 86.6 83.3 77 66.7 58.2 50.8 45.5 47 51.1 40.4 31.9 28.9 24.1 19 23.6 31 34.7 39.4 46.9 54.6 68.9 80.6 94.6 96.2 100 99.8 98.9 98.9 101 103.2 106.1 106 107.4 112.9 118.7 122.9 120.4 118.7 127.1 143.4 151.9 149 139.6 129.8 124.6 119.2 112.1 101.7 92.8 87.7 80.8 69.8 57.7 48.3 37.2 25.7 13.7 5.1 0.8 -0.9 -0.9 -0.9 -0.9 -0.9 -0.9 -0.9
80.7 81.2 89 89.1 84.7 79.9 72.8 65.5 58.9 54.6 54.5 58.4 63.5 68.9 74.5 79.6 83.6 87.8 89.7 90.3 86.4 81.6 72 59.3 52.2 46 44.8 49.1 38.6 32.2 29.9 24.1 18.8 25.1 29.7 33.4 38 45.5 54.5 69.1 83.1 101.6 109.6 110.2 102.4 99.3 99 100.8 99.7 101.2 102 104.1 108.7 112.9 116.5 118.6 118.8 129.8 153.7 160.3 162.7 161.9 150.5 135 129.1 116.3 110.8 100.8 96.4 88.5 77.5 65.9 54.5 45.9 31.6 20.2 6.8 1.6 -0.9 -0.9 -0.9 -0.9 -0.9 -0.9 -0.9
86.7 90.3 90.7 89.4 84.7 78.7 71.4 62.4 55.9 50 51.5 56.5 61.3 67.6 73 79.4 82.7 87 90.3 91 87.9 83.4 75.3 62.1 53.1 46.5 43 43.4 40.3 34.2 26.9 21.7 18.6 20.7 27.3 32.1 36.6 44.9 55.4 66.7 81.4 101.1 110.3 111 109.3 98.8 98.3 98.6 99 100.9 99.7 101.8 105.2 109.3 111.9 114.2 120.5 132.6 155.5 166.7 171 172.3 164.2 152.5 137.1 128.6 120.2 115.7 105.4 97.1 86.6 72.9 62.3 53.2 40.8 28.6 16.6 2.8 0.8 -0.9 -0.9 -0.9 -0.9 -0.9 -0.9
96.4 97.4 93.7 90 83.6 78 72.7 60.3 52.6 49 50.2 53.9 59.3 65 71.5 77.2 80.5 85.6 89.4 88.9 90.2 85.4 75.2 63.7 54.4 48.2 42 40 40.8 34.3 28.9 22.7 18.6 19 25.4 30.8 36.4 44.6 55 66.1 77.4 90.6 104.8 115.7 111.9 102.6 99.3 97.9 99.4 100.5 99 100.9 103.4 106.3 109.4 113.5 122 135.5 151.5 171.2 176.9 180.1 172.9 162.3 142.8 135.3 132.5 125.9 114.8 106.1 96.5 81.4 68.9 61.2 50.1 36.4 25.5 9.4 2.9 0.8 -0.9 -0.9 -0.9 -0.9 -0.9
101.2 99.4 98.4 95.5 87.5 79.4 70.6 59.7 50.1 48.4 49.1 52.6 57.1 63.6 70.8 77 80.8 84.3 89.8 90 89.1 84 76 64 54.5 49.9 43.4 38.9 38.1 32.9 29.6 22.3 18 19.6 24 29.5 35.6 44.3 55.4 72.5 88.3 99.3 108.7 126.4 123.1 116 105.8 98.6 98.3 98.8 98.8 100.3 102.4 105.2 109.8 116.8 124.6 137.3 148.9 168.2 178.5 180.6 176.2 163.8 151.8 141.4 137.6 130.6 119.9 113.5 105 90.5 77.9 68.1 57.1 44.2 32.9 21.8 8.7 1.9 -0.9 -0.9 -0.9 -0.9 -0.9
108 106.6 101.8 101.1 91.1 77.1 67 56 48.6 48 47.9 51.5 57 63.1 72.1 79.2 82.3 87.3 90 90 87.6 84.6 77.1 65.8 56.5 50.9 44.4 38.2 34 30 25.8 19.2 18.3 18.6 21.6 28.6 34.6 43.6 55.5 69.5 86.8 95 119.9 129.5 127.8 118.2 110.1 102 98.3 97.9 98.4 99.4 102.1 106 111 118.6 128.5 139.6 150.4 159.5 176.2 179.7 174.6 165.4 154.3 144.5 137.6 131.6 129.3 124 116.3 101.7 88.1 77.1 64.8 53.9 43.2 30.1 19.6 5.9 0.9 -0.9 -0.9 -0.9 -0.9
111.1 109 104.1 99.2 89.5 76.2 62.5 54.6 48.2 46.4 46.8 52.1 57.6 64.5 72.9 80 84 88.2 89.9 89.6 87.3 84 77.9 67.4 57.8 51.9 45.6 39.4 32.4 28.9 23.9 19.6 18.7 18.2 20 25.7 34.6 43.8 54.8 66.9 80.8 89.2 113.8 124.5 123.8 119.2 117.6 105.9 100.1 99 98.9 99.2 102.3 108.2 115.2 125 134.6 141.3 150.3 157.8 168.6 172.9 171.3 165 155.8 143 138.4 133.2 135.3 137.7 130.5 118.6 102.4 85.7 73.4 62.5 52.5 40 29.9 19.4 6.9 -0.9 -0.9 -0.9 -0.9
110.4 106 101 95.3 87.4 79.6 60 51.8 47.2 45.3 46.2 52.9 57.8 63.2 70 80.7 84.5 87.9 88.9 87.9 85.7 83.2 79.1 68.4 58.9 52.5 46.2 39.9 33.1 27.8 22.7 20.9 19.4 18.9 18.5 24 31.8 42.4 54.4 66.4 76.4 84.2 106.9 123.6 121.3 120.3 118.7 105.2 99.9 99 101 100.7 104.7 111.3 119.8 132.5 147.6 151.1 154.1 156.5 160 167.6 170.1 167.1 159.3 145.8 138.6 140.1 142.9 148.7 143.3 131.5 115.7 97.4 81.7 68.3 58.7 46.8 34 25.2 8.7 1 -0.9 -0.9 -0.9
106.8 103.1 98.5 93.3 85.1 72.7 57.5 47.9 46.8 46.6 45.8 51.8 57.3 61 68.9 81.2 84.2 85 85 86.7 86.6 84.2 80.9 70 61.3 52.6 45.3 38.7 32.9 28 23.7 20.9 19.3 18.3 17.8 23.4 28.9 40.4 52.3 60.2 70.3 78.9 96.3 111.4 115.5 114.4 113.3 108.1 102.5 100.5 100.6 101.9 106.4 113.1 124.8 143.6 161 166.7 167.8 162.5 158.6 161 167.7 163.6 157.6 148.2 141.3 141.8 150.6 154.5 152.1 141.2 124.8 107.8 87.8 74.2 63.6 52.9 40.9 27.4 14.1 2.5 -0.9 -0.9 -0.9
102 101.1 97.3 90 79.7 65.9 53 45 47.7 47.5 46.2 51.2 56 62.4 69.2 79.1 81.7 84.6 86.6 87.7 87 85 80.6 72.9 63.1 54.2 48.4 38.9 33.3 28.5 23.8 20.8 19.8 18.6 17.8 22.3 27.9 38.9 47.7 59.9 67.8 76.2 88.8 100.5 107.3 107.7 108.2 105.4 101.1 100.5 100.9 101.4 108.1 115.4 131.7 157.9 173.9 178.9 178.4 175 170.6 165 165.6 162.1 157.8 150.4 145.1 144.6 149.6 155.7 155.2 144 130.1 114.9 94.8 80.4 67.5 57 46 33.5 20.1 5.3 -0.9 -0.9 -0.9
100.2 101.1 94.8 86.2 73.2 59.9 48.9 44.2 43.8 44.7 46.2 51 56.5 61.2 67.5 76.9 81.5 85.7 87.7 88.9 87.8 86.3 81 74.1 66.4 58.5 51.3 41.6 33.8 28.6 23.7 20.8 20.6 18.3 17.3 21.5 26.6 34.5 47.4 60.7 69.5 80.3 87.4 96.6 101.2 102.1 103 101.5 101.1 101.9 101.7 101.4 108.5 120.3 141 165 181.5 186.2 185.5 182.9 179.8 171 165 162.4 161.1 157.9 155.1 149.5 148.3 150.4 151.6 143.9 130.7 116.6 98 83.8 71.2 61.4 51.5 39.3 25.6 6.5 0.8 -0.9 -0.9
94.5 96.4 88 79.5 67.7 54.5 44.1 40.2 41.1 42.7 46.7 50.8 56.3 61.2 67.4 74.8 81.7 84.6 88.2 89.8 89.8 89.7 87.9 80 73.9 71.2 62.5 46.3 33.5 28.2 22.6 19.3 19.3 18.4 18.2 19.8 26.3 38.8 52.8 69.9 76.2 83.1 89.6 94.7 97.1 97.6 98.9 100.1 100.9 101.8 103.7 105.8 113.3 123.9 147.6 171.9 184.1 189 188.6 189.3 189.4 181.7 169.5 167.2 164.6 162.4 156.4 155.1 153.6 152.7 148 142 130 118.1 101.8 86.4 75 63.9 55.7 47.1 29.4 9 1.8 -0.9 -0.9
85.4 87.5 81 72.3 61.7 48 41.3 38.9 39.8 42.2 46.8 51.4 56.3 61.2 67.4 73.6 80.8 84.7 88 90 90.4 91 91 86.2 79.7 77.8 67.9 50.9 33.1 26.2 20.5 19 19 19 19 19 26.4 40.9 54.6 69.1 76.8 86 91 90.3 91.3 92.9 98.4 100 102.5 106.8 109.6 108 114.4 129.4 152.9 174.2 181.1 185.4 189.8 195.3 194.3 186 179.5 171.1 165.5 159.8 159.8 162.7 160.8 150.6 146.9 142.6 132.8 119.4 105.5 90 77.9 66.2 57 50.9 31.2 14.9 4.1 -0.9 -0.9
74.4 76.9 71 61.8 52.9 42.8 38.6 38.5 39.9 41.9 46.6 51.3 56.6 61.9 67 72.4 80 84.4 88.4 91.1 91.5 91.9 91.3 88.7 83.9 76 66 52.1 34.1 25.7 19.8 18.6 18.9 19 19 19.1 25.1 40.5 53.5 64.8 75.3 89.2 86.3 85.8 87.3 91.1 98.6 102.1 106.6 111.1 109 108.4 116.2 133.1 157.3 173.9 178.8 182.2 194.3 198.1 193.3 188 182.4 171.3 164.1 158.9 162.5 163 163.4 153.6 148 141.9 133.6 121.6 107.7 93.2 81.2 69.3 60.2 53 37.4 19.6 3.5 1.1 -0.9
63.8 64.2 61.4 53.6 45.3 39.3 34.8 37.8 40.2 42.2 45.7 50.1 55.5 61.5 66.1 70.8 78.8 85.4 89.3 91 91.2 91.4 92.2 91.9 85.9 74.5 62.4 47.5 34.8 26.5 19.3 18.6 18.8 19 19 17.9 24.5 38.9 53.9 62.5 72.3 87.7 79 84.4 88.3 92.8 99.5 105.6 112 111.1 111.2 108.9 118.8 134.4 157.1 171.3 178.4 186.6 191.8 191.6 191.5 187.4 180.7 170.6 162.8 159.9 163.3 165.8 164.3 157.4 150.4 142.1 134.2 121.3 108.4 94.4 83.8 72.7 64 55.9 42.6 29.2 5.9 1.7 -0.9
55.2 57.1 56.8 50.2 41.2 34 30 34.2 39.9 42.9 45.7 49.7 54.6 60.9 65.5 70.3 77.9 86 90 91 91 91.1 96.9 95.9 85.2 71.4 59.3 44 34.9 26.5 19 18 18.5 18.7 17.2 17.7 23.4 37.5 49.4 60.5 67.1 78.8 80.4 91 89 91.5 103.9 113.6 120.3 112.5 110.8 111.7 122.9 133 154.3 167.8 178.1 185.8 191.2 191.1 189.1 184.3 179.3 170.1 162.9 161.7 162.6 165.3 162.3 159.8 150.3 143.2 134.9 122.1 108.7 97.5 86.8 76.4 66.4 57.1 44.1 30.7 13.7 2.8 -0.9
53.4 54.3 52.7 47.7 37.8 29.8 29.1 33.9 39.6 42.6 46 50 54.8 60.3 65.6 71 78.7 85 90.5 91 90.1 89.7 98.9 92.1 80.4 66.7 54.7 41.5 34.1 26.9 19.6 17.1 18 17.8 16.6 20.6 23.5 37.1 47.4 56.8 62.9 73.7 86.9 91 87.4 92.7 106 120.4 118.3 113.3 110.4 116.1 123.3 131.1 150 163.8 175.4 183 190.2 190 186.5 180.3 176.6 168.8 163.2 162.3 163.1 165 164.2 161.9 151.5 142.8 133.4 122.4 110.4 99 90.4 79.7 68.2 60 49.8 33.2 21.2 5.7 -0.9
52.1 51.2 50.3 44.5 35.7 26.9 27.5 33.7 38.8 42.3 45.8 49.5 54 58.6 64.5 70.9 77.6 82.9 89.8 90.1 89.2 89.4 93.1 86.8 76.8 61.2 52 41.8 34.7 28.4 22.8 20 16.4 16.8 17.9 20.9 23.4 40 45.4 52.1 60 71.6 86.9 88.4 86.1 97.1 107.6 119.4 118.4 113.9 113.3 118.2 123.7 130.7 145.4 160.2 173.2 180.5 185.8 186.5 183.7 178.9 174.2 167 163.6 162.7 163.2 164.7 167.7 160.6 151.9 142.5 133.2 122.7 110.5 100 91.8 82 69.4 61.5 54.3 39.3 23.5 8.5 1.5
48.7 47.1 44.4 39.9 31.4 24.3 28 31.2 37 41.4 44.8 48.6 52.9 57.2 62.5 69.7 78.1 81.8 87 88.9 89.1 90.5 91.6 81 73.2 62.9 52.4 47 41.4 32.9 27.5 23.3 15.2 19.2 20.9 22.3 24.1 32.6 40.4 49.2 60.6 71.5 81.9 82.4 89.3 102.8 108.3 116.3 119 115.2 116.1 121 125.4 130.5 140.7 157 169.4 178.1 181 182 180.9 180.4 172.5 167.6 164.8 164.2 164.4 170.2 169.5 159.3 150.5 142.2 132 121.4 110.9 101.3 92.8 82.9 72.7 64 57.7 44.9 31.5 11.5 2.3
45 43.8 40 34.1 27.3 23.8 30.3 30.9 35.8 41.4 43.9 47.7 51.7 56.6 62.5 69.2 77.2 78.9 82 84.6 82.6 80.8 85.6 80.9 76.4 63 52.6 51.1 43.8 33.7 29.3 21.3 14.9 20.2 22 23.2 24.9 35.4 45 51.5 69.8 74.6 77 83.5 97.6 108.7 112.1 118.2 120.8 120.2 119 122.1 128.2 132.7 137 152.3 165 174.3 178.7 179.6 180.9 177.5 169.2 167.3 164.9 165.4 168.3 172 168 157 150.1 141.7 131.8 120.8 112.8 102.6 93.4 86 77.7 67 60.1 49.6 36.3 18.9 5.1
41.8 40.6 34.6 29.4 23.5 21.4 26.9 29.1 33.4 38.6 43 46.3 50.9 57.4 63.3 69.1 73.4 75.3 78 80.2 79.8 80.1 80.3 78.4 76.9 64.6 54.1 50.1 41.1 29.8 25.2 19.6 14.8 18.7 22.5 23.8 25.2 34.8 46.6 54.6 68.8 74.9 73.6 89.1 103.3 109.8 116 124 126.7 124.2 119.3 124.9 131 132.8 136.8 146.9 160.8 169.2 174.9 177.2 177.6 172.9 167 164.9 167.6 167.1 170.1 171.7 166.3 157.8 149.8 140.6 130.7 121.8 113.7 105.9 98.5 92.3 82.7 71.4 62.9 53.2 37.6 23.6 8.4
36.6 36 31.3 25.3 21.7 20.8 23.8 28.8 32.6 38.2 42.5 45.8 50.4 57.6 62.3 66.9 69.5 70.9 73 74.2 74.1 76.8 76.4 76.3 76.9 67.6 53.6 43.2 34.5 26.1 22 17.6 14.7 18.4 20.9 22.4 23.9 34.7 46.9 55.3 64.9 70.8 76.2 91.2 103.3 108 120.6 129.9 129.3 124.6 119 125.5 131 131.8 135.9 143.5 154.6 164.1 171.6 174 173.6 168.9 164.6 164.1 168.9 169.7 170.8 170.1 162.8 156.5 147.9 139 130.2 122 112.1 105.9 102.6 95.7 86.5 75.7 65 55.2 42.1 28 13.8
30.4 32.2 29.8 24.6 20.7 20.4 23.1 27.5 31 36.6 42.1 45.5 50.5 57.9 61.3 63.4 66.8 69 69.7 71.5 71.2 69.4 70.6 74.7 73.8 59.2 51.5 38.6 30.3 24.9 20.9 16.5 14.3 16.5 19.6 21 23.4 39.7 46.5 55.8 61.9 69.8 78.8 91.8 102.6 103.4 120.7 127.2 128.4 123 117.8 122.6 126.7 129 135.4 140.2 149.4 159 167.7 170.2 171 165.6 163.8 163.7 169.3 171.4 172.1 169.6 164.1 157.3 146.9 138.8 130.2 121.8 110.1 105.3 101.8 96.2 91.6 82.3 70.4 56.4 42.2 27.4 14.5
28 29.9 27.3 22.5 18.9 19.3 21.4 27.1 31 35.9 41.1 45.4 49.9 58 61.2 63.6 67.6 68.7 68.3 67.2 66.8 68.9 70.2 69.8 64 56.1 50.3 43.1 30.4 24.9 21 17.2 14.4 16.7 18.4 19.2 23.2 37.8 48.9 54.4 57.6 68.5 83 89.8 97.4 100.2 121.6 126.3 123.5 120.4 115.5 121.1 124.1 127.9 134.6 138.3 145.7 154.7 162.8 167 167 162.4 163.6 163.7 168.8 174.4 177.9 174.7 168.1 160.4 149.5 138.8 130.2 119.3 111.2 106.3 103.2 98.6 95.3 89.5 75.8 59.9 48.6 33.2 16.4
23.8 25.4 23 18.9 18.5 18.8 22.2 27.8 33.4 38.1 42.1 46 50 59.9 62.4 65.1 69.1 68.8 67.9 66 64.6 68.8 69.5 64 58.9 57.9 52.8 51.4 35 25.1 20.3 15.5 14.2 16.2 18.8 18.5 21.2 33 47.5 51.8 54.4 74 82.7 86.4 91.2 98.6 117.4 121.6 121.1 119.2 113.9 118.9 122.4 127.5 133.3 136.4 142.3 150.6 158.7 161.5 161.2 158.9 160 164.3 170.2 178.8 181.2 181.4 172.7 164.3 153.1 142.2 129.7 120.6 113.4 109 106.3 101.2 97.4 93.8 82.3 63.2 50 35.6 20.3
20.8 19.8 19.4 18.7 18.3 18.8 23 29.2 35.3 40.1 43.9 48.1 52.3 59.9 62.6 67.1 69.5 70.6 68.3 66.1 63.1 64.4 64.9 61.6 59 59.5 56.1 51.7 37.8 24.6 19.3 15 13.4 16.3 19.6 18.4 20.7 30.7 42.4 47.2 57.1 70.2 80.2 81.4 85.4 95.4 107.1 113.9 115.2 112.5 109.9 115.9 119.6 126.9 132.9 137.1 139.3 146.4 153.2 157.6 159 158.5 158.4 165.4 172.3 180.8 182.6 182.5 176.3 165.6 155.7 143.5 131 119.8 115.2 112 109.5 103.8 100.5 97.6 83.6 67.4 53.1 37.9 23.9
20.3 19 18.9 18.6 18.7 20.7 25.9 32 36.9 42.2 46.1 49.2 53.9 59.4 63.6 69.7 73.5 72.8 68.9 65 62.4 61.8 61.4 59 59.8 58.5 55.6 49.8 34.6 23.5 19 14.5 13.1 18 19.6 19.6 22.5 30.8 40.3 47.2 56.6 67.1 73.4 78.2 85.4 98.1 103.3 110.3 112.9 109.2 105.9 112.3 118.8 125.1 134.2 139.7 140.8 144.5 150.1 153 156.7 157.9 158.9 171.4 177.8 182.6 185.3 183.4 177.6 167.8 154.6 143.5 133.8 125.1 119.6 114.6 110.6 105.9 101.3 98.5 86.3 69.9 53.8 39.2 26.5
21 19.1 18.9 18.9 18.7 23.1 29.4 32.8 36.4 42.1 49 51.9 55.2 59.2 66.6 73.1 77.4 78.8 76.6 69.3 65.4 61.2 59 58.7 56.6 52.5 51.4 43.5 30.5 21.7 18.4 15.4 14.2 19.9 20.5 20.7 22.6 29.3 38.8 48.6 58.7 65.8 72 79.3 85.5 97.8 103.6 108.4 108 105.6 99.6 107.9 116.8 124.2 136.3 145.7 146.2 146.7 149 149.6 151 155 159.9 173 180.8 186.5 189.3 186.6 179.3 168.7 155.5 144.8 138.4 128.4 119.1 114.2 110.1 105.1 99.7 96 87.4 71.8 55.2 41.1 28.7
23.1 21.4 18.8 18.8 18.8 24 30.7 34.4 38.3 44.6 52.6 56.4 59.1 63.6 72.2 77 79 79 77.5 71.3 68.6 61.7 59 57.1 52.9 48.6 44 34.8 24.3 18.9 16.4 14 13.5 18.4 19.7 20.9 21.9 28.1 37.3 47.9 57.4 60.7 70.8 75.2 81.9 93.8 101.1 103.8 103.7 102.5 92.7 106.7 117.2 126.4 144.2 154.8 154.6 151.2 149.5 149.4 151.1 160.6 170.2 177.5 185.2 191.6 194.9 195.8 192.2 181.5 166.2 152.5 139.1 128.3 116.6 112.6 107.9 103.1 99.1 95.7 87.5 70.8 56.6 43.4 30.4
22.4 21.5 19 18.6 18.7 24.6 31.9 36.2 41 48 56.8 62 65.5 69.9 75.2 80.1 81.2 79.1 76.5 74 70.9 67.8 60.7 54.7 53.2 47.2 35.5 27 20.1 15.5 13.6 11.5 12.1 15.5 17.5 19.9 22.1 27.6 35.7 45.4 53.8 60.1 68.3 72.3 82 90.8 95.8 100 99.4 98.1 91.3 105.8 119.8 132.1 150.6 159.9 160.3 158.7 152.7 150.8 152.9 165.7 174.6 182.2 188.8 196.3 201 201.2 198.9 187.7 177.5 163.8 152.9 133.8 122.7 117.1 107.4 102.1 97.5 94.7 87 71.1 57.8 43.9 28
22.4 21.7 19.4 18.6 18.4 25 33.3 38.5 43.5 49.4 60 65.1 69.1 74.7 80.1 82.9 86.4 78.5 76.8 75.5 73.1 71.2 59.8 52.5 54.9 45 28.4 20.8 14.6 12.1 11.5 11.5 11.2 13.4 17 19.5 23.3 27.7 34.2 42.3 50.1 59.8 65.9 68.1 78.6 83.7 89.5 93.2 94.1 92.3 87.2 104.6 125 137 150.8 161.1 161.8 160.5 158.2 155.9 156.5 164.4 177 184.8 190.4 200 203.3 201.7 198.3 188.2 182.2 173 163.9 152.8 136.3 123.3 112.2 103.7 99.1 94.4 86.1 70.8 57.4 47.3 33.3
23.8 21.5 19.2 18.2 18.1 23.7 34.2 38.4 43.2 50.3 60.5 66.7 70.7 76.1 80 85.7 88.8 81.2 75.7 73.8 75.9 71.8 57 50 50.7 39.2 22.9 14.3 9.7 9 9 9.7 11.1 13.4 16.7 20.3 23.2 27.5 34 41.1 49.9 61.1 62.7 65.3 70 76.4 81.7 87.4 88.6 86.7 84.6 104.7 129.1 139.4 149.3 160.1 162.6 163.5 165.6 166.1 158.2 160.2 172.6 181.3 189.5 202 206.4 203.1 200.7 196.6 187.4 181.2 173.7 162.8 150.5 132.8 120.5 107.4 101.7 94.8 86.1 74.1 61.9 50.6 36.8
21.5 19.7 19.3 18.6 17.3 22.4 31.8 37.2 43.6 50.5 59.5 66 71.6 77.4 81.2 83.3 84.9 79.5 74.1 73.9 73.3 70.4 58.2 48.8 42.4 32 16.9 9.1 9 9.1 10.1 10 11.5 13.6 16.3 19.9 23.6 28.2 34.3 39.7 52 56.2 59.1 60.8 66.5 72.8 78 80.6 81.9 80.1 86.5 105.4 130.3 141.8 148.1 157.3 161.9 166.7 169.7 171.1 165.2 160.2 167.3 178.3 189.6 200.5 200 201.7 204.5 200 188.4 185 179.5 173.4 162.4 146.3 132.3 114.4 102.4 97.1 87.4 76.3 65 53.5 39.2
20.4 18.6 16.1 14.8 14.6 22.6 30.8 36.6 42.8 49.9 58 64.9 70.8 76.7 81.3 81.6 81.1 80.5 74.7 70.7 72.2 66.5 54.4 39.5 33.2 22.6 12 10.8 11.2 11.5 11.2 10 11 13.3 16.4 20 25.4 30.7 34.8 40.1 49.1 53.1 56.4 58.6 62.7 69.6 72.5 73 74.8 76.4 89.1 107.9 127.7 141.4 148.2 154.4 159.5 164.7 168.9 171.1 169.1 159.4 159.9 173.3 187.5 192.9 195.8 201 202.1 193.4 188.1 189.5 188.1 185.3 175.4 158.2 144 126.5 111.4 99 89.1 76.9 65.9 55.4 42
21.5 18.7 16.2 12.4 13.5 19.6 29 35.7 42.2 49.5 57.1 63.4 68.8 73.3 80.1 81 81.1 80.5 75.3 68.2 71.4 63.2 48.5 32 24 15.8 9.4 11.2 11.8 12.3 11.3 10.1 10.8 11.8 14.8 19.7 30 32.4 34.7 39.2 47.8 51.6 53.9 56.7 59.5 64.6 66.4 66.7 70.4 77.2 91.6 112 127.4 140.6 147.4 152.6 157.6 161.8 165.3 169.6 169.4 157.8 158.2 163.1 177.5 183.3 188.9 197 199.8 192.1 189 190.4 192.2 186.6 179.6 163.8 151.2 132.5 121.6 106.4 90.8 77.8 66.6 57.9 43.7
