app/static/ascii/NR97.asc
ncols 200
nrows 200
xllcorner 190000
yllcorner 670000
cellsize 50
[rows 144 to 179 of 200, columns 81 to 161 of 200]
204.8 183.7 175.1 168.5 167.8 167.6 162.6 161.8 161.6 164.9 171.5 162.6 161 143.2 130.7 123.4 119 115 115.8 115.2 105.9 97.3 90.3 85.5 80.7 60.4 58.1 56.8 60.3 58.6 54.6 48.7 48.1 48.9 58 64.4 67.1 81.1 90.4 103.4 114.7 121.6 130.2 138.6 150.9 151.3 145.5 140.9 135.4 131.5 136.1 139.7 140.7 137 129.5 127.6 123.8 118.3 112 103.7 94.2 89 78.6 71 67.3 64.8 57.2 51.2 49.5 43.7 38.6 35.5 35.2 26.9 13.8 8.2 5.4 4.1 -0.8 -0.8 -0.8
183.1 172.8 165.7 167.6 167.4 170.6 171.4 167.2 165.1 165 167.6 159.9 150.5 141.9 132 122.3 119.6 116 114.3 114.9 106 99.8 94.7 90.5 88.6 62.9 59.3 52.6 50.3 51.2 48.1 47.5 49 49.7 59.7 63.4 68 77 91.9 106.4 117.5 121.1 129.8 139.8 150.7 151.3 147.6 139.2 131.7 129.7 135.6 143.1 148.8 145.6 139.9 132.2 125.9 120.1 113.3 103.5 94.8 89.7 77.5 67.2 59.3 55.9 49.5 43 43.9 39.5 35.7 30.9 27 17.8 7.7 5 1.6 -0.8 -0.8 -0.8 -0.8
168.9 165 166.5 167.9 176.6 190.9 190.2 180.2 172.6 168.4 164.9 157.5 145.4 136.8 126.4 118.4 115.2 112.7 110 105.3 101.9 99.7 96.5 91.8 91.7 72.4 60.1 63.7 49.6 45.4 45.8 46.9 48.5 50.5 56.3 60.2 65.4 75.9 92.4 102.7 114.2 123.3 130.1 139 147.2 148.9 142.9 133.5 127.6 128 133.6 146.4 150.4 149.2 144.1 136.5 127.8 117.5 111.2 101.5 94.4 88.6 79.2 69.7 56.7 48.7 44.4 39.2 38.4 35.1 30.5 23.6 20.3 7.7 -0.8 -0.8 -0.8 -0.8 -0.8 -0.8 -0.8
165.6 165.5 166.1 175.1 189.8 197.4 197.4 189.4 182.2 174.8 163.8 151 142.4 131.3 120 116.7 110.3 109.7 105.6 99.5 100.3 100.9 96 90.7 91 81.5 61.2 70.9 54.2 47.3 44.9 45.5 46.3 48.7 54.1 57.7 61.1 74.5 91.4 103.7 110.6 119.1 130.9 139.4 143.4 143.1 139 129 123.2 124.5 129.3 139.3 148.2 148.9 144.2 138.3 128.5 116.2 108.8 97.7 93.2 87.5 81 73.2 61 48.4 42.3 36.1 31.5 28.9 21.9 14.6 12 5.4 -0.8 -0.8 -0.8 -0.8 -0.8 -0.8 -0.8
167.3 166.1 174.4 189 194.4 202.9 200 193.8 188 178.9 173.6 155 139.9 128.4 125.3 118.3 108.9 108.3 108.3 99.4 99.2 100.9 98.4 88.8 81.1 76.4 60.2 54.6 50.4 44.7 44.1 43.9 44.7 47.7 53.7 55 58.2 73.8 87.7 98.4 106.4 117.7 126.4 133.6 137.8 133.9 130.4 123.9 118.8 121.2 126.4 133.5 141.7 144.8 142.1 138.5 131.8 120.2 106.7 96.3 92.4 87.8 84.4 76.5 63.9 48.9 40.8 33.2 26.8 21.7 15.7 11.4 7.3 -0.8 -0.8 -0.8 -0.8 -0.8 -0.8 -0.8 -0.8
164.9 176.7 188 194.3 202.8 213.1 205.6 202.5 200 196.3 185.5 168.1 141.9 129.2 121.8 117.2 109.6 107.2 111.8 107.4 99.8 99.5 95.1 91.4 83 74.1 57.5 48.2 47.1 43.1 43.4 42.9 43.4 45.2 48.8 50.8 56.8 72.2 83.5 97.9 104.4 115.1 126.2 131 130.4 125.9 121.7 118.2 118 118.8 125.1 130.6 138.1 139.9 138 133.5 127.5 115 100.7 95.6 92.9 90.3 84.2 76.1 64.2 49.5 37.8 30 23 16.6 10.5 6.6 0.3 -0.8 -0.8 -0.8 -0.8 -0.8 -0.8 -0.8 -0.8
171.9 187.9 194.5 199.7 211.1 214.3 212.2 209.1 208.2 203.4 193.8 169.9 155.8 142.4 118.5 114.4 114.5 106.6 110.3 109.9 101.8 90.1 90.6 91.2 87.2 69.6 59.8 45.8 44 42.4 45.7 42.6 42.5 43.7 44.6 48 54.6 68.9 80.9 94.4 104.5 115.3 125.7 129.8 129.3 121.3 117.2 115 117.1 118.9 122.6 127.1 131.5 132.6 131.2 125.8 116.7 108.9 104.3 99.2 96.6 91.5 84.6 76 62.9 49.3 34.6 26.7 18.5 11.8 7.5 1.6 -0.8 -0.8 -0.8 -0.8 -0.8 -0.8 -0.8 -0.8 -0.8
178.8 189.8 195 202.8 216.3 213.9 219.3 218 211.1 210.5 189.2 173.7 163.1 142.6 123.9 111.9 107.1 102.4 103.1 113.8 108.8 92.5 85.8 86.6 78 67.6 55 45.3 41 41.2 45.6 41 41.3 40.6 41 44.8 52.9 67.6 81.1 94.1 104.1 116.8 123.6 126.7 122.7 117.4 113.3 112.6 115.3 119.7 120.6 124 124.9 125.3 123.2 117.8 109.8 111.7 112.2 107.5 98.5 92.9 85.6 76.7 67.1 51.8 32.9 24.4 15.6 7.5 2.2 -0.8 -0.8 -0.8 -0.8 -0.8 -0.8 -0.8 -0.8 -0.8 -0.8
177.7 188.2 193.2 200.5 217.7 217.3 218.9 213.7 211.1 211.1 185 173.5 159.3 138.1 127.5 119.5 102.3 98.3 95.4 112.3 123.1 103.9 82.1 76.8 73.5 63.6 51.3 44.4 40.3 38.4 39.8 40.8 40.2 39 39 44.1 57 69.9 80.8 92.6 101.4 118 119.5 120.7 116.8 111.3 109.1 110 111.4 114.6 119 120.1 119.6 118.5 115.5 111 110.3 119.1 118.1 110.1 99.6 97.1 89.6 79.6 67.8 50.9 33.2 20.2 8.8 5.2 -0.8 -0.8 -0.8 -0.8 -0.8 -0.8 -0.8 -0.8 -0.8 -0.8 -0.8
173.2 186.4 197.1 203.9 210.1 212 210.6 209.1 204.8 197.9 183.9 168.8 146.3 143.1 135.9 122 108.4 95.8 89.6 102.4 115.8 106.8 89.3 71 66 59.9 54.5 45.4 39 38.3 39 41.1 39.7 38.6 38.1 46.1 59.2 68.9 80.1 90.8 101.8 119 118.9 115.3 111.9 109.4 109 108.4 108.2 109.3 111.5 111.7 111.8 109.9 110.2 109.1 110.8 116.3 115.3 108.6 102.1 100.9 95.4 84.1 70 50.2 32.5 18.3 7.2 3.7 -0.8 -0.8 -0.8 -0.8 -0.8 -0.8 -0.8 -0.8 -0.8 -0.8 -0.8
175 190.4 204.4 208.1 209 210.5 209.4 208.8 199.3 190.9 171.8 157.6 149.7 151.1 140.8 124.2 107.4 94.7 90.7 94.1 113.3 108.4 92.3 73.9 66.5 69.4 62.8 47.8 38 38 39 39.4 38.9 38.3 40.4 52.4 60.5 69.5 78.6 88.1 101.4 120.3 116.3 111.4 109.1 109.1 109 108.5 107.9 108.2 108.8 108.8 108.5 108.7 109.1 109.2 109.3 110.4 108.8 107.1 102.8 103.2 99.6 86.5 69.2 49.8 32.8 13.3 7.5 3.3 -0.8 -0.8 -0.8 -0.8 -0.8 -0.8 -0.8 -0.8 -0.8 -0.8 -0.8
180.7 196.2 210.6 210.6 217.6 210.1 207.6 202.4 201.5 188.4 171.5 162.9 167.3 156.2 145.1 126.9 108.6 96.5 91 88.4 106.7 105.1 88.2 74.7 73.8 74.5 72.1 54.4 39.7 37.8 38.1 38.9 38.8 40.4 46.9 54.2 61 69.2 79 85.8 96.2 110.3 111.9 110.6 111.5 109.7 107.6 107.1 107.5 108.2 108.7 108.7 108.3 108.7 108.4 105.8 105.1 106.1 104.5 103.3 102 104 97.3 84 67.6 48.8 32 14.7 7.1 4.7 -0.8 -0.8 -0.8 -0.8 -0.8 -0.8 -0.8 -0.8 -0.8 -0.8 -0.8
185.6 197.8 206.4 211 219.9 205.2 198.9 207.4 193.8 177.8 169.4 175.6 174 162.4 152.1 126.2 111.1 103.1 99.1 88.6 95.9 101.3 82.9 68.7 71.8 73.8 72.3 56.4 40.6 37.8 38.1 38.9 40.5 44.5 50 54.5 59.3 68.3 79.6 85.4 93.8 104.8 107.5 109.2 115.4 113.5 109.4 105.9 106.4 108.7 110.2 110 109.6 109.1 106.9 104 101.4 100 99.5 100.9 100.9 102.6 94.9 79.9 65.1 47.9 32.3 13.6 6.5 1.1 -0.8 -0.8 -0.8 -0.8 -0.8 -0.8 -0.8 -0.8 -0.8 -0.8 -0.8
191.6 200.1 200.6 201.6 200.4 194.1 198 195.5 185.4 178.4 179.4 181.1 180.4 169.2 154.1 131.9 118.1 108.5 113.5 94.1 85.2 87.8 79.5 69.5 62.6 67 67.2 53.6 38.4 37.9 39 42 43.5 47.1 49.7 53.6 58.3 67.3 77.1 83.7 91.9 99 101.8 105.9 110 111.1 109.6 110.5 102.5 104.5 113.1 119.1 115.6 109.9 106 102.3 99.6 94.6 94.8 94.7 102.2 100.9 89.1 76.8 63.1 45.4 31.1 14 4.8 -0.8 -0.8 -0.8 -0.8 -0.8 -0.8 -0.8 -0.8 -0.8 -0.8 -0.8 -0.8
200.8 201.1 198.1 191.1 192.1 190.4 191.9 188.4 181.3 178 178.6 181.1 180 172.9 154.9 134.5 120.6 109.8 120.6 95.3 86.3 79.8 73.5 64.8 58.9 59 56.3 49.4 38 38.2 43.4 42.8 43.8 47.2 49.6 53.4 58.7 67.4 75.1 82.4 90.1 95.5 99.5 102.1 105.3 107.2 108.1 109.7 100.2 100.5 121.6 124.5 118.5 110.2 103.6 97.2 93.2 88.9 88.5 88.4 96.8 93.3 82.6 72 57.1 41.6 28.1 11.2 2.2 -0.8 -0.8 -0.8 -0.8 -0.8 -0.8 -0.8 -0.8 -0.8 -0.8 -0.8 -0.8
209.7 198.7 186 183.3 186.4 189.1 186.7 184.1 179.4 178.8 184.8 186.5 179.3 178.2 155.6 136 120.6 108.1 110 95.1 84.4 78.9 69.5 62.7 57 52.5 48.8 40.2 38 37.9 43.8 45.5 44.3 47.5 49.7 53.4 60 67.2 74.6 80.2 87.5 92.9 97.1 100.1 99.5 101.3 102.9 102.3 97.9 100 117.2 119.9 115.4 111.3 102.5 95.4 88.5 84.1 82 83.1 89 89 79 67.8 52.9 39.7 26.4 9.3 2.2 -0.8 -0.8 -0.8 -0.8 -0.8 -0.8 -0.8 -0.8 -0.8 -0.8 -0.8 -0.8
220.6 206.8 181.8 181.2 188.8 191 185.4 180.1 179.3 186 189.3 189.8 179.3 180.5 152.6 149.4 125.6 103.2 100.7 95.1 85.8 81.8 77 61.8 50.5 50.6 47.5 38.7 38.7 37.2 44.2 43.8 44.4 46.9 49.6 51.6 57.6 67.5 74.1 77.1 84.1 89.3 92.6 95 95.8 96.9 96.9 94.8 89.2 97.5 107.2 112.3 109.6 104.9 97.1 90.2 84.6 80.7 77.4 77.6 81.2 80.8 72.1 63.4 51.1 39.1 24.5 8.7 1.5 -0.8 -0.8 -0.8 -0.8 -0.8 -0.8 -0.8 -0.8 -0.8 -0.8 -0.8 -0.8
209.9 198.2 180 178.6 186.9 190.7 175.4 177.9 179.6 191.1 189 187.8 181.1 168.1 148.5 147.5 122.4 102.7 98.9 90.5 83.1 80.8 75.4 61.8 50.4 46.5 43.9 38.7 38.2 37.3 43.3 43.6 43.5 45.7 48.5 49.8 55.4 63.5 71 75 80.6 85.3 88.2 90.1 92 91.4 90.3 87.9 88.6 93.3 99.7 104.3 103.7 98.1 91.7 84.8 79.5 76.5 73.7 72.2 74.6 74.2 68.2 58.1 48.2 38.2 21.8 7.8 1.1 -0.8 -0.8 -0.8 -0.8 -0.8 -0.8 -0.8 -0.8 -0.8 -0.8 -0.8 -0.8
193.9 182.8 178.9 178.4 180.5 177.2 177.8 177.8 178.9 190.1 188.6 180 173.1 156.5 144.4 134.4 112.8 99 97 86.4 80.6 75.2 69.5 59.1 48.8 42.6 39.1 37.7 37.3 36.9 43.4 43.8 43.5 45.3 47.1 49.2 55.1 60.2 67 71.7 76.5 81.5 84.1 85.9 86.1 84.9 84.9 84.2 82.8 86 91.5 97.1 97.6 93.8 87.3 80.5 75.9 72.9 70.1 69 69.3 68.1 63.5 53.5 45.2 37.8 20.3 6.8 1 -0.8 -0.8 -0.8 -0.8 -0.8 -0.8 -0.8 -0.8 -0.8 -0.8 -0.8 -0.8
180.4 174.9 172.5 174.7 176.7 177.8 177.8 180.2 193 196.8 194.4 187.7 178.3 157.4 148.5 126.6 109.7 98.2 89.8 88.2 79.5 71.5 64.1 57.6 55.4 45.8 38.2 37.7 37.3 37.1 46.3 45 44.2 45.5 47.1 50.8 54.1 58.9 63.2 68.2 73.4 77.2 80.2 80.2 81 79.2 81.3 80.6 80.6 79.8 83.4 91.8 92.6 89.5 83 77.2 72.1 69.3 66.4 64.9 64.3 63.8 58.8 51 43.4 35.7 18.9 6.7 1 -0.8 -0.8 -0.8 -0.8 -0.8 -0.8 -0.8 -0.8 -0.8 -0.8 -0.8 -0.8
171.8 170.9 172.1 173.6 174.9 177.8 181.2 186.8 199.2 200.2 199.1 199.6 187.7 163.8 156.5 136.6 114.7 103.2 97.4 92.8 86.7 87.9 76.8 61.5 54.9 48.9 39 37.7 37.5 37.4 39.8 44.5 44.8 45.2 48.6 50.7 53.5 56.9 60.8 65.6 70 73.3 76.6 76.2 77 77.7 78.4 80.3 76.8 75 76.8 83.4 87.7 83.5 79.5 73.8 68.7 66 64.3 62.6 59.9 58 53.7 48.1 41.2 32.2 13 6 -0.8 -0.8 -0.8 -0.8 -0.8 -0.8 -0.8 -0.8 -0.8 -0.8 -0.8 -0.8 -0.8
168.8 170.9 172.2 173.6 177.1 180.9 186.2 191.6 201 201.1 201.2 201.2 194.4 169.9 160 148.3 121.2 107 103.7 102.3 97.6 95.7 88.9 66.7 57.5 53.4 42.9 38.4 38.6 38.7 37.3 44.4 43.5 44.6 47.4 50.1 52.8 57.9 60.2 67.7 69.1 70.9 72.8 73.6 74.8 74.7 75 75.1 72.7 69.1 69.8 75.5 81.1 79.3 76.1 71 66.4 63.4 61.7 59.5 55.7 51.9 48.9 43.8 36.2 23.9 9.6 5.7 -0.8 -0.8 -0.8 -0.8 -0.8 -0.8 -0.8 -0.8 -0.8 -0.8 -0.8 -0.8 -0.8
169.2 171.3 174.1 178.6 184 185.3 194 201.1 201.9 202.3 201.1 201.7 197.4 174.3 155 143.8 119.9 113.6 111 105.7 99.2 100.7 96.5 75 67.4 57.7 45.6 38 37.8 37.7 37 39.9 41.7 40.5 44.2 48.1 52 58 63 69 69.6 69.2 70.2 71.8 72.9 72.3 72.2 70.9 69.4 69.1 69.1 71.2 74.8 74.7 72.9 69 63.6 59.7 57.9 54.9 51.5 46.7 44.1 38.9 28.9 16.2 5 1.6 -0.8 -0.8 -0.8 -0.8 -0.8 -0.8 -0.8 -0.8 -0.8 -0.8 -0.8 -0.8 -0.8
166.6 170.9 179.4 193.7 198.5 188.9 201.2 202.5 207.4 210.1 207.7 180.1 186.9 165.9 144.5 131.3 120.1 118.1 113.1 109.6 106.7 106.8 94.6 82 67.7 57.4 48.5 39.2 35.2 36.4 35.7 37.7 39.5 40.3 43.5 46.3 50.1 56.4 62.4 66.9 68.2 69 68.4 69.1 70.9 69.9 69.4 69.1 68.2 67.6 67.1 67.3 69.7 70.6 68.8 65.5 59.6 53.8 51.6 49.8 47 42.9 39.1 34.1 22.2 7.3 2.9 0.7 -0.8 -0.8 -0.8 -0.8 -0.8 -0.8 -0.8 -0.8 -0.8 -0.8 -0.8 -0.8 -0.8
159.8 170.2 186 203.1 201.6 185 190.8 201.7 208.9 208.4 203.3 176.8 170.4 154.9 140.9 138.6 125.5 118.9 113 110.5 109.5 110 101.1 88.8 79.6 61.6 50.1 40 35.9 35.7 35.2 35.7 37 39.6 41.9 47.1 49.4 54.8 61.9 64.1 65.3 66.6 67.1 67.9 68.6 68.2 67.9 67.2 66.1 64.1 63.6 63.8 65.4 65.2 63.1 60.2 55.8 50.2 46.4 44.7 42.2 38.7 33.5 26.6 17.4 7.1 -0.8 -0.8 -0.8 -0.8 -0.8 -0.8 -0.8 -0.8 -0.8 -0.8 -0.8 -0.8 -0.8 -0.8 -0.8
154.1 162.5 179.4 195.9 194.4 179.5 180.3 196.6 203.6 200.6 194.2 173.8 164.1 158.9 155.4 144 125.9 117.4 111.4 109.8 109.1 109.2 106.4 93 83.1 71.3 56.7 45.1 37.2 35.2 35 35.3 35.4 37.7 41.5 48.4 50.5 54.9 60 63 64.4 65 65.8 66.7 67.2 67.6 66.8 65.9 64.2 62.4 60.9 61.2 61.7 59.8 57.1 54.7 52.7 49.1 45.1 41.1 38 35.8 29.1 25.8 19.7 12.5 -0.8 -0.8 -0.8 -0.8 -0.8 -0.8 -0.8 -0.8 -0.8 -0.8 -0.8 -0.8 -0.8 -0.8 -0.8
154.3 164 171 175.1 181.1 173.4 174.9 182.3 192.8 199.5 179.5 164.5 164.8 166.8 162.5 145.5 126.4 111.6 111.1 110 109.2 109.9 105.6 98.7 89.1 75.3 66.3 50.7 41.9 35.4 34.6 34.9 36.9 39.1 39.2 45.2 49.5 52.4 58.5 61.5 63.5 64.3 65.9 66.1 66.9 67.1 66.3 65.1 63.5 61.9 60.7 60 59.2 58.9 60.7 59.3 56.3 51.3 45.6 40.8 35.5 31.5 30 29.3 25.4 21 8.6 -0.8 -0.8 -0.8 -0.8 -0.8 -0.8 -0.8 -0.8 -0.8 -0.8 -0.8 -0.8 -0.8 -0.8
162.5 176 179.8 164.3 167.5 165.1 166.9 176.2 178.9 179.2 165.2 151.2 170.7 165.1 155.5 149.2 127.4 108.1 109.2 109.3 109.6 115.2 109.3 103.8 96.7 84.1 67.7 55.4 46.8 37.9 36.3 34.5 34.8 37.2 38.8 41.6 46 50.9 55.8 60.1 62 63.9 65.2 66.2 67.2 67.3 66.4 65.1 63.3 61.8 60.8 59.3 58.6 58.7 61.6 60.4 57.1 52.5 44.9 39.3 34 33.2 31.8 30.3 25.8 20.5 14.8 4 -0.8 -0.8 -0.8 -0.8 -0.8 -0.8 -0.8 -0.8 -0.8 -0.8 -0.8 -0.8 -0.8
164.7 181.8 175.8 158.8 159.9 161.8 155 166.1 158.3 148.2 142.2 153.3 162.6 149.6 149.8 140.7 121.2 102.4 103.4 106.5 108.4 115.7 112.9 107.1 98.9 89.9 69.4 58 50.2 41.1 35.6 34.5 34.3 35.8 37.6 40.4 43.9 49.4 54.4 58.9 60.5 62.6 64.3 66.4 67.2 67.8 66.7 65.5 63.5 61.7 60.2 59.2 58.6 58.2 58.8 60.2 53.4 52.1 46.1 39.7 38.7 37.3 34.5 30.6 26.1 26.1 21.5 9.2 -0.8 -0.8 -0.8 -0.8 -0.8 -0.8 -0.8 -0.8 -0.8 -0.8 -0.8 -0.8 -0.8
166.6 172.3 163.8 155.9 157.4 168.4 141.2 150.1 143.8 138.4 141 146.6 143 144.4 147.6 130.6 112.4 98.4 101.1 102.8 106 109 111.7 102 96.6 87.8 75.1 63.7 54.2 43.4 36.7 33.7 33.9 35.5 35.6 38.4 42.2 48.4 53.3 58.3 60.8 61.8 64 66.2 67.8 68.2 67.3 66.6 64.7 62.1 60.6 59.8 59.5 59.4 59.7 59.3 56 51.8 48.5 46.4 43.9 45.2 37.2 32.4 28.5 27.7 20.2 8.2 -0.8 -0.8 -0.8 -0.8 -0.8 -0.8 -0.8 -0.8 -0.8 -0.8 -0.8 -0.8 -0.8
162.5 162.4 153 148.8 161.9 159.7 138.9 138.5 130.9 138.7 140.4 138.9 129.1 137.2 127.2 121.1 102.4 92.3 95.3 100.7 103.5 104.5 107 100 94.4 85.6 74.9 66.1 56.8 45 39.4 34.6 32.8 34.2 33.7 36.4 40.5 47.1 52.1 57.3 60.1 61.8 63.1 65.2 67.8 68.2 67.7 67 64.2 62.1 61 60.9 60.8 60.8 59.9 59 56.7 53.3 52.9 51.2 49.1 50.4 47.1 34 30 26.1 19.8 9.4 -0.8 -0.8 -0.8 -0.8 -0.8 -0.8 -0.8 -0.8 -0.8 -0.8 -0.8 -0.8 -0.8
149 148.6 151 141.5 149.9 144.5 128.5 126.5 129.3 133.9 133.4 128.4 123 124 116.4 105.2 94.9 87.7 92.1 97.5 99.8 100.6 107.6 102.5 97.4 83.3 73.4 64.9 57.9 47.2 40.8 36.6 34.7 33.8 32.6 34.5 39 47 51.8 54.4 57.4 59.2 61.9 65.2 67.1 67.2 66.1 65.3 63.2 63.7 63.2 61.9 61.6 61.8 60.6 59 58 58.2 57 55.6 54.4 57 53.5 44.6 31.8 27.4 21.3 10.6 -0.8 -0.8 -0.8 -0.8 -0.8 -0.8 -0.8 -0.8 -0.8 -0.8 -0.8 -0.8 -0.8
138 141.6 144.1 133.3 132.2 133.8 118.9 120.3 131.6 130.3 127.9 122.5 117.8 109.6 104.3 95.3 85.9 79.5 88.4 94.5 96.8 98.7 104.5 106.3 99.4 82.9 72.1 63 59.4 51.1 44 38.3 36.1 34.4 33.4 32.7 38.4 48.7 50.2 53 55.9 58.8 61.2 64.8 66.7 67.4 68.5 66.4 65.2 65.6 65.3 64.1 63 62.7 61.8 60.2 60.1 60.5 61.1 59.4 57.3 59.4 57.4 51.2 35.7 28.4 22.2 11.8 1.5 -0.8 -0.8 -0.8 -0.8 -0.8 -0.8 -0.8 -0.8 -0.8 -0.8 -0.8 -0.8
129.7 141.1 139.6 131.8 121.5 121.6 112.1 120 126.8 123.4 121.3 120.8 109.8 100 94.7 83.7 77.7 75.8 85.2 90.2 93.2 93.7 100.7 105.4 94.6 80.6 69.9 62.3 59.1 52.8 44.8 38.6 37 35.5 33.5 32 39.9 48.6 50 51.3 54.8 58.2 60.2 62.7 65.4 67.5 68.3 67.1 67.2 67.5 67.2 66 65.1 65.3 63.5 63 62.4 62.7 64.3 62.8 60.7 60.5 59.6 51 41.4 31.5 24.6 16 6.2 -0.8 -0.8 -0.8 -0.8 -0.8 -0.8 -0.8 -0.8 -0.8 -0.8 -0.8 -0.8
131.2 143.3 137.9 126.2 118.6 114.1 108.9 111.5 116.6 119.8 116.6 109.9 102 87.5 83.8 76.9 68.6 74 80.4 85.7 87 87.4 94 97.8 88.8 77.8 68.5 62.4 58 53.1 45.4 39.5 37.8 36 33.4 32.7 39.2 46.3 47.4 50.6 53.2 56.5 59 61.6 64.2 66.9 68.9 69.2 69.3 69.4 69 68 67.2 67.8 67.2 64.6 63.4 64.8 68.7 68.2 63.9 62.9 62.2 56 49.7 40 28.8 18.5 8.9 -0.8 -0.8 -0.8 -0.8 -0.8 -0.8 -0.8 -0.8 -0.8 -0.8 -0.8 -0.8
126.5 127.5 130.3 122.7 115 111.3 107.3 105 109.5 111.6 108 100.1 91.3 80.2 78.8 69.5 61.8 69.2 75 77.2 79.3 80 89.2 90.5 86.1 75.5 67.8 62.2 57.7 53.8 47 40.9 38.4 36.6 33.2 31.9 37.1 44.5 47.6 49.5 51.4 54.1 57.7 60.7 63.9 67.1 69.5 70.5 69.1 69.5 69.6 68.9 69.5 70.6 71.9 70.6 67.5 68.6 72.5 71.9 67.7 66.1 65.5 60.5 61.1 50.5 38.6 24.5 11.3 4.2 -0.8 -0.8 -0.8 -0.8 -0.8 -0.8 -0.8 -0.8 -0.8 -0.8 -0.8
