app/static/ascii/NS04.asc
ncols 200
nrows 200
xllcorner 200000
yllcorner 640000
cellsize 50
[rows 148 to 184 of 200, columns 0 to 83 of 200]
619.2 606.7 585.3 567.9 555.8 545.7 545.8 548.4 552.6 559.1 567 579.3 580.7 570.4 523.4 481.5 441.7 405.6 374 344.2 322.8 305.8 288.3 268.5 247 224.1 206.4 194.8 184.5 175.2 169.3 163.7 158.1 153.6 148.7 142.9 138 130.2 127.8 120.1 110.7 99.5 89 82.8 72.6 58.8 48 39 27.2 13.7 5.2 1.7 -1.1 -1.1 -1.1 -1.1 -1.1 -1.1 -1.1 -1.1 -1.1 -1.1 -1.1 -1.1 -1.1 -1.1 -1.1 -1.1 -1.1 -1.1 -1.1 -1.1 -1.1 -1.1 -1.1 -1.1 -1.1 -1.1 -1.1 -1.1 -1.1 -1.1 -1.1 -1.1
653.8 639.1 621.6 604.4 592.9 587.2 581.7 588 593.1 598.3 610.1 612 601.4 561.9 518.4 477.3 437.1 401.3 369 339.7 321.5 306.3 288.4 267.2 244.5 222.5 206.1 193 183.1 174.7 168 162.2 157 152.5 147.4 142.2 136.3 132.4 125.8 117.9 108.6 98.2 89.2 80.1 69.6 58.9 48.7 39.1 29.6 15.5 5.1 1.9 -1.1 -1.1 -1.1 -1.1 -1.1 -1.1 -1.1 -1.1 -1.1 -1.1 -1.1 -1.1 -1.1 -1.1 -1.1 -1.1 -1.1 -1.1 -1.1 -1.1 -1.1 -1.1 -1.1 -1.1 -1.1 -1.1 -1.1 -1.1 -1.1 -1.1 -1.1 -1.1
700.6 689.6 673.3 658.9 646.5 638.6 634.2 631.6 634.5 635 630.6 623.6 599.7 553.8 513.9 470.9 429.9 396.9 367.3 344 322.9 306.9 287 263.2 240.4 220.4 203 189.3 181 174.1 166.9 160.5 155.6 150.1 145.1 140.1 136.6 130.3 123.6 115.8 106.3 97.7 88.8 76.1 70.1 61.5 48.9 39.2 30.1 18.6 4.7 1.2 -1.1 -1.1 -1.1 -1.1 -1.1 -1.1 -1.1 -1.1 -1.1 -1.1 -1.1 -1.1 -1.1 -1.1 -1.1 -1.1 -1.1 -1.1 -1.1 -1.1 -1.1 -1.1 -1.1 -1.1 -1.1 -1.1 -1.1 -1.1 -1.1 -1.1 -1.1 -1.1
685.5 681.8 675.9 662.3 649.8 646.4 650.3 657.1 656.9 639.1 614.9 601.2 574.6 540.1 503.9 463.4 428.3 393.3 369.8 347.5 326 305.3 286.4 260.6 236 216.2 198.7 186 177.8 171.1 164.6 158.8 153.2 147.7 142.7 138.9 134.3 129 120.6 112 105.5 96.8 84.8 77 68.7 60.8 50 39.2 30.4 20.5 4.3 1.4 -1.1 -1.1 -1.1 -1.1 -1.1 -1.1 -1.1 -1.1 -1.1 -1.1 -1.1 -1.1 -1.1 -1.1 -1.1 -1.1 -1.1 -1.1 -1.1 -1.1 -1.1 -1.1 -1.1 -1.1 -1.1 -1.1 -1.1 -1.1 -1.1 -1.1 -1.1 -1.1
656 653.3 645.7 636.9 627.5 625.3 626.2 625.3 614.4 595.2 581.1 561.4 543 518.6 491.5 456.9 425 395.8 373.6 350.7 328.1 305.8 281.9 256.6 231.9 211.6 194.7 182.6 174.8 167.9 162.4 156.5 150.7 145.3 140.8 136.4 132.1 126.8 119.2 112.1 104.3 95.3 83.9 75.3 67 59.3 49 39.2 29.3 21.8 5 2.6 -1.1 -1.1 -1.1 -1.1 -1.1 -1.1 -1.1 -1.1 -1.1 -1.1 -1.1 -1.1 -1.1 -1.1 -1.1 -1.1 -1.1 -1.1 -1.1 -1.1 -1.1 -1.1 -1.1 -1.1 -1.1 -1.1 -1.1 -1.1 -1.1 -1.1 -1.1 -1.1
614.7 615.4 610.9 605.7 597.5 595.8 596.1 591.2 575.9 554.3 537.2 522.9 508.6 493.4 471.7 446.6 417.9 396.5 376.7 354.5 332.4 309.3 282 257.5 230.6 209.8 192.6 180.7 172.7 165.4 159.4 153.9 148.4 143.1 138.6 134.2 129.8 124.5 117.3 111 103 93.6 83.6 72.4 65.2 56.6 47.8 38 14.1 8.9 6.4 2.6 -1.1 -1.1 -1.1 -1.1 -1.1 -1.1 -1.1 -1.1 -1.1 -1.1 -1.1 -1.1 -1.1 -1.1 -1.1 -1.1 -1.1 -1.1 -1.1 -1.1 -1.1 -1.1 -1.1 -1.1 -1.1 -1.1 -1.1 -1.1 -1.1 -1.1 -1.1 -1.1
571.2 567.6 566.2 565.5 563.1 562.7 559.2 549.4 532.7 514.8 501.1 489.3 480.7 467.5 452.8 434.4 413.1 396.2 379.4 358.3 335.7 311.7 285.8 258 230.4 208.4 190.5 179.1 169.7 163.2 158.1 152.4 146.3 141 136.6 132.2 127.8 122.9 116.3 109.4 101.4 93.3 83.1 73.7 63.6 54.7 47.1 38.2 10.5 8.6 6.2 3.7 -1.1 -1.1 -1.1 -1.1 -1.1 -1.1 -1.1 -1.1 -1.1 -1.1 -1.1 -1.1 -1.1 -1.1 -1.1 -1.1 -1.1 -1.1 -1.1 -1.1 -1.1 -1.1 -1.1 -1.1 -1.1 -1.1 -1.1 -1.1 -1.1 -1.1 -1.1 -1.1
536.3 531.6 530.3 528.3 529.4 531.2 523.3 515.6 502.1 487.4 473.8 466.3 461.6 451.5 440.1 427.1 410.6 393.7 377 357.1 334.7 313.7 290.6 259.7 231.9 207.7 189.6 178 167.7 160.6 156.5 150.6 143.9 139 134.6 130.2 125.8 121.2 114.8 108.2 101.2 93.5 83.3 73.4 63.9 56.3 49 39.6 32.6 23.2 7.1 3.8 0.9 -1.1 -1.1 -1.1 -1.1 -1.1 -1.1 -1.1 -1.1 -1.1 -1.1 -1.1 -1.1 -1.1 -1.1 -1.1 -1.1 -1.1 -1.1 -1.1 -1.1 -1.1 -1.1 -1.1 -1.1 -1.1 -1.1 -1.1 -1.1 -1.1 -1.1 -1.1
515.1 509.9 508.7 509.4 509 508.2 500.6 491.1 481.9 468.8 459.5 455.5 449.3 442 433.7 422 407.1 390.9 373 353.1 332.8 311.8 287.6 261 234.1 210.9 190.6 177.8 167.3 159.5 154.7 148.5 142.6 137.5 132.6 127.7 122.8 118 113.2 107 100.5 93.7 84.4 75.8 67.7 59.3 52.2 41.1 32.6 23.2 9.6 6 -1.1 -1.1 -1.1 -1.1 -1.1 -1.1 -1.1 -1.1 -1.1 -1.1 -1.1 -1.1 -1.1 -1.1 -1.1 -1.1 -1.1 -1.1 -1.1 -1.1 -1.1 -1.1 -1.1 -1.1 -1.1 -1.1 -1.1 -1.1 -1.1 -1.1 -1.1 -1.1
505.1 504.2 504.9 503.9 500.2 495.6 488.9 480.8 470.6 463.2 460.6 455.7 443.7 434.3 427 415.5 401.9 387.8 370.2 353 332.8 312.2 286.6 261.6 236.4 212.4 192.5 178 167.6 159 152.6 147.2 141.8 136.2 129.9 125.4 120.3 116 110.9 105 98.3 91.4 82.9 76 68.8 60.9 50.3 32.8 28.3 19.4 10.7 6.5 1.3 -1.1 -1.1 -1.1 -1.1 -1.1 -1.1 -1.1 -1.1 -1.1 -1.1 -1.1 -1.1 -1.1 -1.1 -1.1 -1.1 -1.1 -1.1 -1.1 -1.1 -1.1 -1.1 -1.1 -1.1 -1.1 -1.1 -1.1 -1.1 -1.1 -1.1 -1.1
500.3 499.6 501.3 500.6 499.5 496.7 488.5 477.7 470.5 464.4 459.5 451.9 439.1 430.3 421.5 409.1 395.9 382.9 370.1 353.4 333.9 313.3 289.6 264.8 239.2 215 195.1 178.4 169.4 160.4 151.2 145.7 138.8 133.3 127.1 123.3 118.6 114.6 107.8 101.3 96.4 91.6 85.4 78.6 64.9 57.9 43.8 46.5 38.4 27.2 11.2 6.5 1 -1.1 -1.1 -1.1 -1.1 -1.1 -1.1 -1.1 -1.1 -1.1 -1.1 -1.1 -1.1 -1.1 -1.1 -1.1 -1.1 -1.1 -1.1 -1.1 -1.1 -1.1 -1.1 -1.1 -1.1 -1.1 -1.1 -1.1 -1.1 -1.1 -1.1 -1.1
494.8 494.3 493.2 493 492.1 488.4 482.2 476.5 468.2 462.5 457.4 447.9 437.3 427.4 416.2 403.3 390.4 378.1 365.7 353.5 335.6 315.2 291.7 267.3 242.4 218.1 198.1 182.9 171.6 160.4 151.8 142.6 132 122.8 122.9 119.7 114.7 106.5 97.2 96.5 87.9 84.5 73.8 67.9 65.1 64.6 59.5 50.9 42.1 29.6 10.6 5.1 0.8 -1.1 -1.1 -1.1 -1.1 -1.1 -1.1 -1.1 -1.1 -1.1 -1.1 -1.1 -1.1 -1.1 -1.1 -1.1 -1.1 -1.1 -1.1 -1.1 -1.1 -1.1 -1.1 -1.1 -1.1 -1.1 -1.1 -1.1 -1.1 -1.1 -1.1 -1.1
486.7 483.9 481.6 481.4 478.9 475.7 470.7 467.3 460.8 459.9 453.6 443.8 432.6 424.5 412.6 399 385.8 374 362.5 351.1 334.5 316.3 293.3 268.7 244.7 221.7 201 185.9 174.3 164.9 145.8 143.5 138.6 132.7 123.7 112.2 108.8 108 106.7 101.7 97.6 92.8 86.4 81.3 74.8 68.6 61.4 53.2 44.5 32.3 11.8 5.3 0.9 -1.1 -1.1 -1.1 -1.1 -1.1 -1.1 -1.1 -1.1 -1.1 -1.1 -1.1 -1.1 -1.1 -1.1 -1.1 -1.1 -1.1 -1.1 -1.1 -1.1 -1.1 -1.1 -1.1 -1.1 -1.1 -1.1 -1.1 -1.1 -1.1 -1.1 -1.1
477.9 474.1 471.2 468.3 465.4 461.9 458.6 456.7 453.5 453.4 448.4 441.3 433.2 424.9 411 396.3 383.2 373.9 362.5 350.5 334.8 316.3 294.2 270.1 245.6 224.1 204.8 190.5 177.9 159.4 157.5 152.1 142.7 134.2 128.5 121.8 117.8 114.1 108.8 102 97.9 92.7 88 83.8 78.3 70.2 62 53.6 44.3 33.3 16.4 9.1 1.3 -1.1 -1.1 -1.1 -1.1 -1.1 -1.1 -1.1 -1.1 -1.1 -1.1 -1.1 -1.1 -1.1 -1.1 -1.1 -1.1 -1.1 -1.1 -1.1 -1.1 -1.1 -1.1 -1.1 -1.1 -1.1 -1.1 -1.1 -1.1 -1.1 -1.1 -1.1
470.6 466.8 463.2 458.5 453.8 450.1 446.4 444.3 444.6 445.8 443.6 437.3 430.4 422.8 409.2 393.9 380.5 371.2 362.1 349.6 334.8 315.4 294.3 270.5 247.8 227.4 209.5 188.8 175.8 173.9 164 154.2 147.3 140.5 134.1 127.4 119.6 114.5 107.7 100.8 96.4 91.5 86 79.1 72.7 66.4 59.2 53.3 43.6 32.6 19 8.4 2 -1.1 -1.1 -1.1 -1.1 -1.1 -1.1 -1.1 -1.1 -1.1 -1.1 -1.1 -1.1 -1.1 -1.1 -1.1 -1.1 -1.1 -1.1 -1.1 -1.1 -1.1 -1.1 -1.1 -1.1 -1.1 -1.1 -1.1 -1.1 -1.1 -1.1 -1.1
466.7 463.1 459.3 453.5 448.6 443.3 440.2 434.2 434.5 435.5 433.7 429.2 423.1 413.6 399.9 388.3 379.4 370.8 359.6 347.4 331.2 312.9 291.3 269.1 248.2 230.1 210.4 192.4 188.4 177.4 168.7 161.9 154.6 147.7 139.8 132.9 125.3 115.7 107 99.8 95 90.2 86 79.5 72.6 61.2 51.5 44.4 39.2 31.3 23.3 11.4 2.4 0.3 -1.1 -1.1 -1.1 -1.1 -1.1 -1.1 -1.1 -1.1 -1.1 -1.1 -1.1 -1.1 -1.1 -1.1 -1.1 -1.1 -1.1 -1.1 -1.1 -1.1 -1.1 -1.1 -1.1 -1.1 -1.1 -1.1 -1.1 -1.1 -1.1 -1.1
467.1 463.1 459.4 453.6 449 444 439.8 433.3 427.6 423.9 421.1 418.2 412.3 403.7 393.6 384.5 377.2 368 356 341.6 325.3 306.5 285.9 265.5 240.8 222.8 216 206 195.6 186.7 178.9 170.8 162.5 155.6 148 139.6 129.4 117.3 104.7 100.4 94 89.9 82.6 76.2 74.6 67.6 60.5 52.1 43.8 32.2 23.5 12.3 2.5 0.5 -1.1 -1.1 -1.1 -1.1 -1.1 -1.1 -1.1 -1.1 -1.1 -1.1 -1.1 -1.1 -1.1 -1.1 -1.1 -1.1 -1.1 -1.1 -1.1 -1.1 -1.1 -1.1 -1.1 -1.1 -1.1 -1.1 -1.1 -1.1 -1.1 -1.1
468.8 464.2 459.2 456 451.9 446 440.7 435 429.8 423.9 417 409.6 400.6 393.8 385.4 377.1 370 362.1 350.5 336.6 320.5 300.2 275.1 247.1 247 237.9 225.5 214.3 203.1 196.6 188.1 179.3 170.7 163.5 156.3 144.3 127.3 123 113.8 106.7 98 92.3 88 82.9 76.2 69.2 61 52.6 45.4 36.1 25.2 12.9 2.6 0.6 -1.1 -1.1 -1.1 -1.1 -1.1 -1.1 -1.1 -1.1 -1.1 -1.1 -1.1 -1.1 -1.1 -1.1 -1.1 -1.1 -1.1 -1.1 -1.1 -1.1 -1.1 -1.1 -1.1 -1.1 -1.1 -1.1 -1.1 -1.1 -1.1 -1.1
475.4 468.5 464.5 462 457.6 452.3 444.9 439.6 433.4 427.2 422 416.2 409.7 403.2 396.8 390 382.6 372.8 360.8 344.7 326 307 286.1 271 256.5 243.2 231.1 220 211.8 204.6 196.2 186.9 178 171.7 161.1 140 140.1 130.9 120 110.5 101.6 95.1 89.8 84.4 77.6 70.2 61.3 53.5 46.4 36.9 26.4 10.8 2.8 1 -0.3 -1.1 -1.1 -1.1 -1.1 -1.1 -1.1 -1.1 -1.1 -1.1 -1.1 -1.1 -1.1 -1.1 -1.1 -1.1 -1.1 -1.1 -1.1 -1.1 -1.1 -1.1 -1.1 -1.1 -1.1 -1.1 -1.1 -1.1 -1.1 -1.1
486.6 475.8 469.2 465.1 463.1 459.1 453.1 441.6 436.8 433.3 429.2 422.7 417.1 411.9 406.7 398.2 388.9 378.2 365.9 348.1 330 313.2 295 277.1 262.8 249.5 238.1 228.3 219.9 212.1 205.7 194.4 180.9 170 161.9 160.2 149 139.6 128.3 117.6 108 101.1 92.9 86.3 79.1 70.2 61.6 54.7 47.5 37.2 27.8 11.7 3 1.1 -0.2 -1.1 -1.1 -1.1 -1.1 -1.1 -1.1 -1.1 -1.1 -1.1 -1.1 -1.1 -1.1 -1.1 -1.1 -1.1 -1.1 -1.1 -1.1 -1.1 -1.1 -1.1 -1.1 -1.1 -1.1 -1.1 -1.1 -1.1 -1.1 -1.1
506.1 495.3 484.5 474.8 466.1 458.8 451.2 443.4 441.6 440.1 436.3 428.1 419.8 414.9 407 398.9 389.5 379 367.4 354 337 321.6 305.5 287.7 271.6 258.1 246.2 236.4 227.2 217.4 206.5 189.8 192.5 187.1 179.9 171.8 161.1 149.8 139.1 128 117.1 108.4 99.7 90.7 82 73.7 66.3 58.8 49 41.1 31.2 15 4.5 1.2 -0.2 -1.1 -1.1 -1.1 -1.1 -1.1 -1.1 -1.1 -1.1 -1.1 -1.1 -1.1 -1.1 -1.1 -1.1 -1.1 -1.1 -1.1 -1.1 -1.1 -1.1 -1.1 -1.1 -1.1 -1.1 -1.1 -1.1 -1.1 -1.1 -1.1
540.4 526.1 507.8 491.5 477.8 469.2 461.4 448.3 441.7 440.6 436.5 428.5 420.5 413.8 405.8 397.5 387.9 377.3 366.5 354.7 342.1 328 312.6 298.9 281 263.9 251.3 241.8 232.4 218 212.7 204.6 200.5 196.3 190.4 184 173.9 162.1 150.6 137.6 124.7 115.3 106.4 95.9 86.7 78.4 71.3 63.4 53.4 43.6 33.4 17.4 6.1 1.4 0 -1.1 -1.1 -1.1 -1.1 -1.1 -1.1 -1.1 -1.1 -1.1 -1.1 -1.1 -1.1 -1.1 -1.1 -1.1 -1.1 -1.1 -1.1 -1.1 -1.1 -1.1 -1.1 -1.1 -1.1 -1.1 -1.1 -1.1 -1.1 -1.1
593.7 569.4 542.6 519.4 502.1 490.6 478.6 463.1 451.9 446.2 443.1 433.5 423.5 410.5 396.7 390 382.9 375.5 364.5 352.4 339.1 326.3 312.3 299.7 283.3 269 256.3 244.3 233.4 231.5 222.5 216.3 210.1 205.3 199.8 194.5 189.8 181.3 161.8 143.5 138.7 125 112.4 99.7 89.7 83.4 75.6 67.6 57.9 44.9 34.9 21.3 8.1 2.6 0.6 -1.1 -1.1 -1.1 -1.1 -1.1 -1.1 -1.1 -1.1 -1.1 -1.1 -1.1 -1.1 -1.1 -1.1 -1.1 -1.1 -1.1 -1.1 -1.1 -1.1 -1.1 -1.1 -1.1 -1.1 -1.1 -1.1 -1.1 -1.1 -1.1
599.9 594.9 585.7 567.4 548.5 524.8 506.5 490.8 477.9 465.5 460.6 446.2 429.6 412.8 394 381.7 377.4 373.3 361.3 348.9 337.3 326.2 311.6 297.6 282.9 269.5 259.7 252 246.7 240.9 232 225.9 219.9 215.7 210.7 207 204.4 194.2 188.7 168.2 148.9 133.1 119.4 108 94.4 87.3 79.9 71.6 63.3 51.6 38.8 27.6 10.1 4.4 0.8 -1.1 -1.1 -1.1 -1.1 -1.1 -1.1 -1.1 -1.1 -1.1 -1.1 -1.1 -1.1 -1.1 -1.1 -1.1 -1.1 -1.1 -1.1 -1.1 -1.1 -1.1 -1.1 -1.1 -1.1 -1.1 -1.1 -1.1 -1.1 -1.1
586.4 584.4 582.8 583.6 577.1 561 552.1 534.7 513 491.7 476.2 456.4 435.3 413.2 391.2 374.8 371.8 367 358.8 349.3 339.4 329.3 315.1 297.3 282.9 277 264.8 259.9 254.5 247.5 240.4 234.4 228.5 226.2 223.3 220.2 217.7 215.4 195.7 174.6 155.4 139.6 128.2 118.7 108.4 95.5 85.6 78.7 71.6 54.6 43 29.8 15.3 5.9 1.3 -1.1 -1.1 -1.1 -1.1 -1.1 -1.1 -1.1 -1.1 -1.1 -1.1 -1.1 -1.1 -1.1 -1.1 -1.1 -1.1 -1.1 -1.1 -1.1 -1.1 -1.1 -1.1 -1.1 -1.1 -1.1 -1.1 -1.1 -1.1 -1.1
570.2 569.7 571.3 573.2 572.5 569 561.5 546.2 523.8 501.4 483.6 461.3 438.9 413.2 387.1 372 365.8 361.3 355.5 348.8 341.4 333.3 320.7 306.6 294.1 285 278.9 270.7 263.1 254.6 249.8 243.9 239.5 237.8 236.4 231.2 227.1 217 195.8 176.5 158 143.6 134.1 124.6 110.3 95.8 87.2 81.4 73.6 62.3 48.1 33.8 18.3 6.2 1.6 0.3 -1.1 -1.1 -1.1 -1.1 -1.1 -1.1 -1.1 -1.1 -1.1 -1.1 -1.1 -1.1 -1.1 -1.1 -1.1 -1.1 -1.1 -1.1 -1.1 -1.1 -1.1 -1.1 -1.1 -1.1 -1.1 -1.1 -1.1 -1.1
555.5 557.8 559.6 562.5 565.2 563.1 558.3 542.1 521.7 500 481.8 463.5 442.5 419.3 392.3 375.4 366.7 360.3 355.3 348.7 343.8 336.7 325.4 313.5 302.8 299.4 292.9 284 277 266.3 260.6 254.4 253 254.2 249.1 238.6 227.4 213.3 195 176 159.2 143.5 134.2 121.6 109 99.2 92 85 78.4 66.2 52.6 38.9 24.7 4.4 3.2 1 -1.1 -1.1 -1.1 -1.1 -1.1 -1.1 -1.1 -1.1 -1.1 -1.1 -1.1 -1.1 -1.1 -1.1 -1.1 -1.1 -1.1 -1.1 -1.1 -1.1 -1.1 -1.1 -1.1 -1.1 -1.1 -1.1 -1.1 -1.1
543.3 546.1 548.5 550.9 553.9 553.6 546.3 527 510.4 492.8 477.8 461.6 443.9 423.2 397.3 382.7 371 363.1 357.3 350.5 345.1 338.8 328.3 319.3 315.5 310.1 305.6 300.2 291.9 281.6 272.2 266.9 270.6 265.9 256.4 240.3 224.7 212.1 196.8 175.8 161.2 150 147.8 135.3 121.7 108.6 98.3 88.6 77.8 65.6 53.3 40.4 26.3 4.9 3.9 1.9 0.8 -1.1 -1.1 -1.1 -1.1 -1.1 -1.1 -1.1 -1.1 -1.1 -1.1 -1.1 -1.1 -1.1 -1.1 -1.1 -1.1 -1.1 -1.1 -1.1 -1.1 -1.1 -1.1 -1.1 -1.1 -1.1 -1.1 -1.1
533.6 536 537.5 540.1 541.5 540 529.9 514.6 499.3 485.8 473.4 458.8 442.1 422.2 400.5 385.5 374.1 366.3 359.7 352.5 347.2 341.9 332 325.6 321.9 318.9 315.3 313.1 304.8 294.2 286.6 285.3 282.6 276.4 263 238.6 223.1 211.4 198.7 184.9 171.9 163.9 156.8 143.3 127.5 113.3 101.6 89.6 83.1 68.9 53.9 41 29.2 15.1 3.2 2.3 0.9 -0.3 -1.1 -1.1 -1.1 -1.1 -1.1 -1.1 -1.1 -1.1 -1.1 -1.1 -1.1 -1.1 -1.1 -1.1 -1.1 -1.1 -1.1 -1.1 -1.1 -1.1 -1.1 -1.1 -1.1 -1.1 -1.1 -1.1
523.8 527 529.2 531.8 532.3 525.9 516 503.2 489.9 479.4 467.6 454.1 439 421.7 402.9 387.4 377.3 368.8 361.3 354.8 349.5 343.4 335.3 331.8 328.3 326.4 324.7 321.5 314.6 306.3 299.7 298.5 295.4 285.6 265.7 237.8 227.1 222.1 212.8 199.1 185.4 172.2 162.6 147.7 131.5 118.3 106.1 92.9 81.5 68.4 55.4 43.7 33 15.4 2.1 2.9 1 -1.1 -1.1 -1.1 -1.1 -1.1 -1.1 -1.1 -1.1 -1.1 -1.1 -1.1 -1.1 -1.1 -1.1 -1.1 -1.1 -1.1 -1.1 -1.1 -1.1 -1.1 -1.1 -1.1 -1.1 -1.1 -1.1 -1.1
514.6 518.1 522.9 525.8 521 513.9 504.7 493.8 483.6 473.1 461.9 449.6 435.1 420.2 403.1 390.3 378.6 370.4 363.1 357.4 351.2 344.3 339.2 338.2 334.9 332.3 330 326.8 323.2 316.9 312 310.5 308.7 298.9 271.6 253.5 236.5 237.4 221.3 205.9 191.4 176.8 160.4 148 136.3 123.8 110.2 95.1 78.8 69 57.1 44.5 30.9 16.4 2.3 3.5 1 -1.1 -1.1 -1.1 -1.1 -1.1 -1.1 -1.1 -1.1 -1.1 -1.1 -1.1 -1.1 -1.1 -1.1 -1.1 -1.1 -1.1 -1.1 -1.1 -1.1 -1.1 -1.1 -1.1 -1.1 -1.1 -1.1 -1.1
503.2 508.5 513.9 514.7 510.8 505.8 496.5 486 475.9 466.9 456.5 445.1 431.8 418.3 402.8 390 379.6 372.1 366 360.7 353.9 346.4 343.5 342.6 338.8 336.5 334.4 333.3 331 328.8 324.9 321.8 318.9 306.7 280.2 266.1 251.2 241 229.8 219 204.1 185.2 172 156.1 140.5 127.4 113.2 99.8 86.2 74.5 61.3 46.4 32.7 20 2.6 3.4 0.5 -1.1 -1.1 -1.1 -1.1 -1.1 -1.1 -1.1 -1.1 -1.1 -1.1 -1.1 -1.1 -1.1 -1.1 -1.1 -1.1 -1.1 -1.1 -1.1 -1.1 -1.1 -1.1 -1.1 -1.1 -1.1 -1.1 -1.1
491.8 496.6 502.1 503 503.1 495.9 488.3 478.2 468 459.3 450.7 441.1 428.8 415.2 401.1 389.7 380.4 373.6 367.6 361.4 355.6 350.1 347 343.7 340.9 338.2 337.4 337.6 337.3 334.9 332.7 330.6 328.6 329.1 314.2 282 261.4 247 243.4 231.6 218.9 198.5 183.1 165.7 144.4 130.2 116.3 104.7 92.7 80.3 66.4 50.5 37.2 23.1 3.7 3.5 0.3 -1.1 -1.1 -1.1 -1.1 -1.1 -1.1 -1.1 -1.1 -1.1 -1.1 -1.1 -1.1 -1.1 -1.1 -1.1 -1.1 -1.1 -1.1 -1.1 -1.1 -1.1 -1.1 -1.1 -1.1 -1.1 -1.1 -1.1
480.1 484.7 488.2 491.6 489.6 483.2 477 470.3 460.3 452.2 444.3 436 423.7 409.2 395.8 386.4 379.4 372.1 366.3 361.5 356.5 351.6 347.4 344.5 342.5 340.5 340.4 340.6 340.9 340.2 338.3 336.3 335.7 336.4 310.1 284.1 274.2 272.8 292.9 272.8 239 212.4 192.7 176.7 158.1 140.2 125.3 111.9 97.8 86.5 71.8 54.7 42.1 26.5 5.1 4 0.7 -1.1 -1.1 -1.1 -1.1 -1.1 -1.1 -1.1 -1.1 -1.1 -1.1 -1.1 -1.1 -1.1 -1.1 -1.1 -1.1 -1.1 -1.1 -1.1 -1.1 -1.1 -1.1 -1.1 -1.1 -1.1 -1.1 -1.1
468.7 470.6 475.9 476.4 474.5 471.4 467.3 460.2 451.6 444.8 437.2 428.6 416.1 403.5 391.9 383 377.8 368.9 363.7 359.6 355.5 350.6 346.1 345.1 343.4 342.6 342.4 341.2 341.7 341.7 340.8 340.7 340.4 337.4 318.4 315.5 308 326.9 331.6 294.5 253.3 227.3 203.8 185.7 168.7 148.7 133.1 119.2 103.1 92.1 77.6 59.3 46.2 29.6 5.5 3.8 1.4 -1.1 -1.1 -1.1 -1.1 -1.1 -1.1 -1.1 -1.1 -1.1 -1.1 -1.1 -1.1 -1.1 -1.1 -1.1 -1.1 -1.1 -1.1 -1.1 -1.1 -1.1 -1.1 -1.1 -1.1 -1.1 -1.1 -1.1
457.5 458.9 460.3 461 459.4 460.6 457.1 449.7 443.1 436.7 428.8 419.1 408 398.6 387.4 380.5 374.1 366.1 360.7 356 352.2 348.5 345.9 345.7 343.5 342.5 340.4 341.5 342.8 342.7 342.3 342 341.4 341.1 349.5 353.8 350.6 344.5 342.8 314.2 274.8 245 219.4 195.2 174.9 156.5 143.3 129.7 115 96.9 82.9 66.3 52.8 38.9 11.8 3.8 2.5 -1.1 -1.1 -1.1 -1.1 -1.1 -1.1 -1.1 -1.1 -1.1 -1.1 -1.1 -1.1 -1.1 -1.1 -1.1 -1.1 -1.1 -1.1 -1.1 -1.1 -1.1 -1.1 -1.1 -1.1 -1.1 -1.1 -1.1
447.6 447.6 448.6 446.1 446.5 445.1 441.9 438 433.2 426.3 418.2 409.5 401 393 383.4 379.2 370 362.5 357.7 352.5 348.5 344.4 342.3 342.7 341.3 340.5 338.7 340 341.1 341.7 342.3 343 342.2 342.7 350.5 356 355.5 351.5 348.9 333.9 301.4 272.8 244.3 218.9 197.1 177.3 159.6 143.4 124.9 107.5 90.8 75.7 61.5 47.6 22.6 4.4 3.9 -1.1 -1.1 -1.1 -1.1 -1.1 -1.1 -1.1 -1.1 -1.1 -1.1 -1.1 -1.1 -1.1 -1.1 -1.1 -1.1 -1.1 -1.1 -1.1 -1.1 -1.1 -1.1 -1.1 -1.1 -1.1 -1.1 -1.1
