app/static/ascii/NS06.asc
ncols 200
nrows 200
xllcorner 200000
yllcorner 660000
cellsize 50
[rows 38 to 75 of 200, columns 85 to 169 of 200]
201.9 203.5 205.1 204.2 205.5 204.2 201.8 197.1 192.1 184.7 179.2 173.9 169.2 162.7 156.5 151.2 144.4 138.8 132.4 124.4 133.3 135.4 135.2 132.5 126.1 116.9 107.3 98.8 87 80.5 72.5 61.2 52.7 41.7 36.8 33.9 29.6 23.9 24.6 23.5 21.5 19.9 17.9 15.3 14.8 12.8 11.4 8.9 7.4 5.8 4.3 4.3 3.5 2 -0.9 -0.9 -0.9 -0.9 -0.9 -0.9 -0.9 -0.9 -0.9 -0.9 -0.9 -0.9 -0.9 -0.9 -0.9 -0.9 -0.9 -0.9 -0.9 -0.9 -0.9 -0.9 -0.9 -0.9 -0.9 -0.9 -0.9 -0.9 -0.9 -0.9 -0.9
196.7 198.5 198 196.6 197.1 196.6 194.4 188.3 180.9 176.9 171.8 166.2 162 153.4 148.3 143.1 137.9 130.7 122.1 106.7 126.5 127.1 126.1 121.4 113.7 106.3 97.5 84.5 70.6 68.7 60.8 49.4 41 33.6 27.5 24.8 21.6 20 19.9 17.2 15 13.6 13.4 12.2 11.6 9.6 7.8 5.5 3.4 1.7 1.5 1 -0.9 -0.9 -0.9 -0.9 -0.9 -0.9 -0.9 -0.9 -0.9 -0.9 -0.9 -0.9 -0.9 -0.9 -0.9 -0.9 -0.9 -0.9 -0.9 -0.9 -0.9 -0.9 -0.9 -0.9 -0.9 -0.9 -0.9 -0.9 -0.9 -0.9 -0.9 -0.9 -0.9
189.9 190.5 187.7 187.4 188.3 187.5 183.4 176.8 173.3 168.7 162.6 158.6 151.7 146.4 141.1 136.9 130.3 123.2 104.7 104.9 117.8 119.8 116.8 111.1 103.2 94.2 82.9 69.1 62.4 56.8 48.1 39.4 31.5 24 22.4 18.9 18 17.3 16.7 15 13.8 12.8 11.4 10.9 9.4 7.4 5.5 1.9 1.6 1 0.6 -0.1 -0.9 -0.9 -0.9 -0.9 -0.9 -0.9 -0.9 -0.9 -0.9 -0.9 -0.9 -0.9 -0.9 -0.9 -0.9 -0.9 -0.9 -0.9 -0.9 -0.9 -0.9 -0.9 -0.9 -0.9 -0.9 -0.9 -0.9 -0.9 -0.9 -0.9 -0.9 -0.9 -0.9
181.5 181.2 180.5 179.7 178.6 176.5 172.9 169 163.2 158.4 151.9 148.2 142 139.7 134.6 124 123.7 112.7 102.4 113.3 111.4 111 107.5 100.7 95.3 84.6 67.6 56.3 54 46.6 37.6 28.6 22.5 19.2 16.9 16.7 15.6 14.9 14.3 13.3 12.5 12.5 11.1 9.9 9.2 6.1 3.7 1.7 1.1 0.6 0.1 -0.9 -0.9 -0.9 -0.9 -0.9 -0.9 -0.9 -0.9 -0.9 -0.9 -0.9 -0.9 -0.9 -0.9 -0.9 -0.9 -0.9 -0.9 -0.9 -0.9 -0.9 -0.9 -0.9 -0.9 -0.9 -0.9 -0.9 -0.9 -0.9 -0.9 -0.9 -0.9 -0.9 -0.9
175 175.1 172.9 167.4 168.3 166.2 163.3 159.3 153.2 148 143.1 139.2 135.8 132 126.6 117.7 115.1 104.4 97 107.1 102 102.2 101.5 95.1 87.1 75.7 59.9 49 40 35.6 28.2 21.9 18.6 16.3 14.9 14 14.8 13.8 12.7 12.4 11.4 12 11 10 9.3 6.6 3.6 1.5 1 0.5 -0.1 -0.9 -0.9 -0.9 -0.9 -0.9 -0.9 -0.9 -0.9 -0.9 -0.9 -0.9 -0.9 -0.9 -0.9 -0.9 -0.9 -0.9 -0.9 -0.9 -0.9 -0.9 -0.9 -0.9 -0.9 -0.9 -0.9 -0.9 -0.9 -0.9 -0.9 -0.9 -0.9 -0.9 -0.9
166.9 166.5 162.2 158 157.9 156.2 152.9 149.5 144.8 139.2 134.6 130.7 127 123.1 117.9 112.6 100.3 98.9 93.7 92.9 94.9 94.4 94.7 86.6 77.2 64.9 53 41.1 32.2 27.9 22.9 19.4 16.7 14.6 13.6 12.8 12.9 12.2 11.7 10.9 10.6 11.5 10.7 10 9.1 6.1 3.3 1.4 0.9 0.4 -0.2 -0.9 -0.9 -0.9 -0.9 -0.9 -0.9 -0.9 -0.9 -0.9 -0.9 -0.9 -0.9 -0.9 -0.9 -0.9 -0.9 -0.9 -0.9 -0.9 -0.9 -0.9 -0.9 -0.9 -0.9 -0.9 -0.9 -0.9 -0.9 -0.9 -0.9 -0.9 -0.9 -0.9 -0.9
158.9 156.8 152.4 144.1 147.1 146.1 143.4 139.4 135 130.1 125.2 121.5 117.8 113.2 108.6 103.1 96.7 86.1 90.5 95.2 88.2 87.8 86.6 79.1 68.9 56 44.1 35.9 28.7 23.9 20.4 18 16.3 14.2 13.4 12.6 11.9 11.5 11.2 11.1 11.2 11.3 10.7 10 9 6.6 4 1.5 0.9 0.4 -0.1 -0.7 -0.9 -0.9 -0.9 -0.9 -0.9 -0.9 -0.9 -0.9 -0.9 -0.9 -0.9 -0.9 -0.9 -0.9 -0.9 -0.9 -0.9 -0.9 -0.9 -0.9 -0.9 -0.9 -0.9 -0.9 -0.9 -0.9 -0.9 -0.9 -0.9 -0.9 -0.9 -0.9 -0.9
150.8 147.8 140 131.6 134.7 135.3 132.7 129.6 124.9 120.1 115.2 112.3 107.4 102.9 98.4 92.5 88 78.3 78 81.3 80.9 81 78.1 70.7 60.6 48 37.2 31.1 26.5 22.7 19.9 17.5 15.8 13.9 13.1 12.3 11.6 11 10.8 10.9 11 11 10.3 9.8 9.2 5.9 2.5 1.5 1 0.4 -0.1 -0.6 -0.9 -0.9 -0.9 -0.9 -0.9 -0.9 -0.9 -0.9 -0.9 -0.9 -0.9 -0.9 -0.9 -0.9 -0.9 -0.9 -0.9 -0.9 -0.9 -0.9 -0.9 -0.9 -0.9 -0.9 -0.9 -0.9 -0.9 -0.9 -0.9 -0.9 -0.9 -0.9 -0.9
141.9 140 130.2 125.1 121.5 123.7 120.6 117.8 114 110 104.8 99.6 97.4 92.8 89.1 82.1 79.8 73.4 71.5 74.2 73.8 73.1 69.2 61.6 51.6 39.6 30.9 27.2 24.3 21.5 20 17.1 15.3 13.6 12.9 12.2 11.5 10.8 10.6 10.7 10.8 10.7 10 9.4 9 6.6 3.1 1.5 1 0.5 0 -0.5 -0.9 -0.9 -0.9 -0.9 -0.9 -0.9 -0.9 -0.9 -0.9 -0.9 -0.9 -0.9 -0.9 -0.9 -0.9 -0.9 -0.9 -0.9 -0.9 -0.9 -0.9 -0.9 -0.9 -0.9 -0.9 -0.9 -0.9 -0.9 -0.9 -0.9 -0.9 -0.9 -0.9
131.9 129.7 123.4 116.7 107.1 110.5 107.5 105.4 102.6 98.7 94.5 90.3 86.8 83.6 79.4 75.8 71.8 66.3 65.2 66.5 66.2 65.2 60.2 53.7 43.1 34.1 28 24.7 22.7 21.1 18.9 17.3 15 13.9 13 12.3 11.6 10.9 10.7 10.7 10.7 10.4 9.8 9.6 8.7 7.3 4.3 1.7 1.2 0.7 0.2 -0.3 -0.9 -0.9 -0.9 -0.9 -0.9 -0.9 -0.9 -0.9 -0.9 -0.9 -0.9 -0.9 -0.9 -0.9 -0.9 -0.9 -0.9 -0.9 -0.9 -0.9 -0.9 -0.9 -0.9 -0.9 -0.9 -0.9 -0.9 -0.9 -0.9 -0.9 -0.9 -0.9 -0.9
122.2 119.5 113.6 104.4 88.5 96.5 95 93.2 90.8 87.5 84.5 80.9 77.2 74.5 72.4 69.8 64.6 52.3 59.4 61.5 60.8 58.6 52.2 46.3 36.3 29.8 27.1 24.3 22.6 21.4 19.2 16.9 15.3 14.2 13.2 12.4 11.7 11 10.9 10.9 10.2 9.1 9 9.9 9.5 7.5 3.8 1.8 1.3 0.8 0.3 -0.2 -0.9 -0.9 -0.9 -0.9 -0.9 -0.9 -0.9 -0.9 -0.9 -0.9 -0.9 -0.9 -0.9 -0.9 -0.9 -0.9 -0.9 -0.9 -0.9 -0.9 -0.9 -0.9 -0.9 -0.9 -0.9 -0.9 -0.9 -0.9 -0.9 -0.9 -0.9 -0.9 -0.9
110.7 107.9 102.7 95.9 82.2 82.8 83.5 81.9 78 77.1 74.3 71.2 67.3 65.3 64.7 62.6 59.3 46.7 56.9 56.8 55.6 52.4 47.2 39.8 32.1 28 25.6 24 22.7 21.5 19.5 17.6 15.8 14.7 13.5 12.6 11.9 11.2 11 11 9.9 9.3 8.8 7.9 9 5.1 5.6 3.7 1.5 1.1 0.7 0.4 -0.9 -0.9 -0.9 -0.9 -0.9 -0.9 -0.9 -0.9 -0.9 -0.9 -0.9 -0.9 -0.9 -0.9 -0.9 -0.9 -0.9 -0.9 -0.9 -0.9 -0.9 -0.9 -0.9 -0.9 -0.9 -0.9 -0.9 -0.9 -0.9 -0.9 -0.9 -0.9 -0.9
98.9 96.6 90.4 86 78 68.5 71.2 69.2 66.1 64.9 64.1 60 57.4 57.4 57.4 55.9 48.4 47.4 51.5 51.7 51.2 46.9 42.3 36 31.2 27.9 25.4 23.9 22.8 21.6 20 18.3 16.5 14.9 14.1 12.8 12 11.3 11 10.8 10 9.7 9.2 9 8.1 8.5 7.8 5.1 1.9 1.6 1.3 0.4 -0.9 -0.9 -0.9 -0.9 -0.9 -0.9 -0.9 -0.9 -0.9 -0.9 -0.9 -0.9 -0.9 -0.9 -0.9 -0.9 -0.9 -0.9 -0.9 -0.9 -0.9 -0.9 -0.9 -0.9 -0.9 -0.9 -0.9 -0.9 -0.9 -0.9 -0.9 -0.9 -0.9
86.9 84.8 78.5 74.3 68.5 54.7 58.3 56 52.3 53.6 52.7 49.7 49 50.4 49.5 48.4 43.2 41.5 44.3 45.5 44.6 41.9 39 33.8 30.9 27.6 25.3 23.9 22.8 21.7 20.7 18.9 17.2 15.4 14.3 13.5 12.4 11.8 11.3 11 11 10.7 11.2 11 10.1 10.4 9.6 6.6 4.5 4.4 3 1.6 1 -0.9 -0.9 -0.9 -0.9 -0.9 -0.9 -0.9 -0.9 -0.9 -0.9 -0.9 -0.9 -0.9 -0.9 -0.9 -0.9 -0.9 -0.9 -0.9 -0.9 -0.9 -0.9 -0.9 -0.9 -0.9 -0.9 -0.9 -0.9 -0.9 -0.9 -0.9 -0.9
74.2 71.9 65.8 61.8 55.9 46.5 46.5 44.3 41.5 42.9 42.2 41.1 42.3 43.4 43.1 42.3 36.1 40.3 39 40.4 40.6 38.9 38 32.7 30.4 27.3 25.4 24.1 23 22.1 20.8 19.5 17.8 16.1 14.8 14.7 13.8 12.6 11.9 11.9 12 12.4 14.8 15.7 15.1 13.2 12.2 9.6 8.2 6.9 5.8 5.3 4.3 3.8 -0.9 -0.9 -0.9 -0.9 -0.9 -0.9 -0.9 -0.9 -0.9 -0.9 -0.9 -0.9 -0.9 -0.9 -0.9 -0.9 3.8 -0.9 -0.9 -0.9 -0.9 -0.9 -0.9 -0.9 -0.9 -0.9 -0.9 -0.9 -0.9 -0.9 -0.9
63 59.5 54.8 48.8 44 38.2 37.3 34.9 33.8 33.9 34.6 35.5 36.2 36.2 36.1 35.7 34.7 36 36.6 37.6 37.7 37.2 36.1 31.7 29.5 27.7 26.4 24.7 23.6 22.4 21.3 20 18.4 17 16 16.2 16 15 14.8 15.1 15.5 17.4 20.6 22.9 23.5 25.1 24.9 23.8 21.3 19.9 17.8 7.3 6 5.4 4.6 4.1 -0.9 -0.9 -0.9 -0.9 -0.9 -0.9 4.8 6.5 7.8 7.6 6.8 6.3 5.4 5.6 5.4 5.1 4.4 -0.9 -0.9 -0.9 -0.9 -0.9 -0.9 -0.9 -0.9 -0.9 -0.9 -0.9 -0.9
55.1 49 43.3 38.3 33.6 33.5 33 30.2 29.1 29.2 30.2 30.9 31.6 31.9 32 32.3 34 33.6 34.3 35.2 36 36.3 36.8 32.3 30.3 28.3 27.2 26 24.2 23.6 22.3 20.6 20.6 20.9 19.4 19.2 19.7 18.8 20.2 22.7 23.8 26.4 29.5 30.7 33 34.5 34.2 35.5 35.2 30.5 25.3 23.1 19.2 8.6 7.2 6.6 5.8 5 3 3.5 5.1 8.3 11 16.5 19.3 20.5 24.8 21.9 16.7 9.3 7.8 7.7 7.7 4.6 -0.9 -0.9 -0.9 -0.9 -0.9 -0.9 -0.9 -0.9 -0.9 -0.9 -0.9
44.8 39.4 35.6 31 30.2 30 29.1 27.9 26.9 26.9 28 28.6 29.1 29.8 29.4 30.1 30.7 31.4 31.7 33.5 35.4 36.2 35.1 33.3 31.2 29.3 27.7 26 24.6 23.5 22.8 22.4 22.8 23.5 23.1 22.4 24.1 26.4 26.7 27.8 31.3 34.5 38.8 41.9 44.4 48 46.1 49.2 45.5 41.7 36.3 32.2 27.2 23.3 19.6 15.1 10.6 9.2 8.4 8 10.8 15.8 20.6 23.6 27.8 30.8 33.7 33.2 30.2 27 24.1 20.1 12.9 9.2 3 0.7 -0.9 -0.9 -0.9 -0.9 -0.9 -0.9 -0.9 -0.9 -0.9
37.3 34.4 31.9 29 27.4 27 26 25.7 25.3 25.5 26.1 26.6 27 27.6 28.2 28.8 29.4 29.9 30.7 31.8 34 35 35.7 33.6 32.1 30.2 28.3 27 25.8 25.1 24.9 25.2 25.3 26.6 27 27 27.8 31.9 35 36.5 38.5 42.5 47.3 52.1 55.1 57 60.2 57.5 53 51.9 48.8 45.3 36.4 31.4 26.6 23.7 20.9 19.4 15.7 18.1 20.8 24.6 26.1 32.9 39.7 41.7 45.7 48.7 40.4 39.2 33 29.1 23.6 14.4 7.4 3.8 1.4 0.4 -0.9 -0.9 0 -0.9 -0.9 -0.9 -0.9
30.8 28.9 27.3 25.1 24.3 23.6 23.4 23.4 23.8 24.1 24.3 24.7 25.3 26 26.9 27.5 28.1 29 29.9 31 32.2 33.9 34.9 33.4 33 31 29.5 28.4 27.4 27 26.9 27.8 27.9 30 32 32.2 32.9 34.2 37.2 40.8 44.4 49.9 55.2 61 65.8 68.3 67.9 63.3 60.8 59.8 58.5 56.4 50.9 44.6 34.3 31.5 29.4 27.2 25.9 27.5 29.2 31.2 37.6 43.3 50.4 57.7 61.3 60 56 52.6 42.9 33 28.2 22.8 10.2 5.6 4.1 3.1 1.9 1.4 1.5 1.4 1 0.9 1
27.6 25.3 23.2 22.1 22.5 21.8 21.9 22.4 22.9 23.4 23.5 23.6 23.9 24.9 25.6 26.4 27.3 28.2 29.1 30.2 31.3 32.9 33 33.7 32.9 31.9 30.9 30 29.2 29.2 30.6 31.5 30.6 33.3 35.7 38.2 40.6 39.4 42.4 46.3 51.6 57.3 63.5 69.3 75.8 74.4 74.4 70.7 69.3 69 67.9 65.3 59.5 52.1 43.5 38.2 36 34.5 33.6 34.2 36.2 41.8 47.4 52.3 58.6 71 71.1 68.1 62.6 54.3 45.8 37.2 32 27.9 18 8.6 5.2 3.4 3.6 3.7 2.8 2.6 2.9 3.2 2.8
24.7 22.5 20.1 20.9 20.1 20.3 20.9 21.5 22 22.6 22.8 22.9 22.9 23.8 24.7 25.6 26.5 27.4 28.3 29.4 30.4 31.6 32.8 33 32.6 32.5 32.2 32.3 32.6 33.6 35.2 36.1 34.6 37.6 40.9 44.5 46.9 47.4 48 53.7 59.4 65.1 73 80.9 82.5 80.8 81 77.8 76.4 77.1 76.7 72.7 66.8 59.5 51.1 47.5 43.7 43.1 40.3 41.5 43.9 49.4 54.8 61.7 71 77.8 76.5 71.9 65.4 56.8 48.1 41.7 35.1 31.8 26.4 10.7 8.3 4.6 4.7 4.4 3.6 3.7 3.8 3.8 3
21 19 18.6 18.9 18.7 19.2 19.6 20.3 21 21.7 22.1 21.8 22.3 22.7 23.9 25 25.7 26.6 27.5 28.9 30 31.1 32.3 32.7 32.8 32.7 32.6 33.6 35.3 37.2 39.5 40.9 39.7 41.4 45.4 48.5 51.6 51.9 53.5 58.3 64.5 73.4 83.3 88.1 88 86.6 86.9 84 82.8 83.8 83.9 79.9 73.9 70 63.5 58.7 55.5 53.3 48.9 49.2 51.8 56.6 65 72.7 79 80.4 78.3 73.3 67.1 58.9 51.4 45.3 41.9 36.8 30.7 15 9.5 6.1 5.4 5.1 4.7 4.7 4.8 4.2 0.9
16.9 17 17.8 17 17.4 17.9 18.4 19 19.7 20.5 20.7 20.8 21.2 21.7 22.8 24 25.2 26.1 27.1 28.3 29.5 30.6 31 32.6 33.1 33 33.5 34.4 36.3 39.4 43.2 44 43.9 46.1 49 52.7 55.1 56 57.3 63.5 71.6 81 87.9 93.1 93.1 91.9 91.4 90.1 89.2 90.3 90.1 87 82.9 80 75.2 70.2 66.5 62.6 56.5 55.8 59.3 66.7 74.7 79.4 82.4 83.1 80.2 74.7 67.7 61.3 54.6 48.8 45.4 40.5 27.7 22.7 11.4 6.6 5.4 4.8 4.6 4.6 4.5 4.3 -0.9
15.9 16.8 16.4 16.3 16.6 16.9 17.2 17.8 18.6 19.1 19.5 20 20.4 20.8 21.6 22.8 24.1 24.4 24.9 26 27.5 29.5 30.2 32 32.9 34 34.6 35.3 38.8 42.6 45.7 47 47.2 49.7 52.8 56.6 58.6 59.7 62.1 69.1 77.1 85.7 92.3 96.9 98.4 96.6 97.1 96.5 95.5 96.4 95.7 93 92.2 88.9 84.4 79.3 76 74 68.8 69.7 74 77.3 80 82.2 84.6 85.1 81.3 77.4 71.9 65.2 58.2 51.7 48.3 39.1 31.4 24.5 12.1 8.9 7.4 6.4 5.3 4.1 3.1 3.3 -0.9
15.7 15.4 15.8 15.9 16.1 16.5 16.6 16.7 17.5 17.9 18.6 19.1 19.5 20.2 20.8 21.6 22.9 22.7 23.6 24.8 26.2 28.2 29.2 30.9 31.8 34.2 36.5 38.7 42.2 45.1 47.5 49.8 50.6 52.7 56.1 59.6 61.9 63.3 67.7 73.9 81.9 89.7 96.3 99.8 101.2 100.4 101 101.5 101.5 101.9 101.4 100.7 101.5 96.9 95 89.2 86.7 88.4 80 78.3 81.9 82.3 82.4 84 84.9 85.9 83.1 80 75.1 67.9 61.4 53.8 49.8 44.6 34.4 24.8 14.3 12.8 11.4 9.6 6.5 4 3.8 4 -0.9
14.1 14.6 15.3 15.5 15.7 15.9 15.9 15.9 16.3 17.2 17.7 18.2 18.7 19.6 20.5 20.7 21.3 18 23.2 24.5 25.4 26.2 28.2 29.8 31.8 34.3 38 42 44.5 47.5 49.8 52.2 53.4 55.2 59 62.2 64.8 67.3 71.7 77.6 85.2 93.2 98.9 102.7 104.1 103.8 104.7 106.4 106.3 106.9 106.7 105.8 107.9 107.3 104.8 98.3 96.2 95.9 88.1 83.5 85.5 84.5 84.5 85.5 85.7 85.8 85.1 83 79 70.7 64.3 54 49.8 44 36.7 21.4 19.7 21.7 18.6 16.8 7.7 4.3 3.9 3.9 -0.9
13 13.6 13.8 14.4 15.2 15.3 15.6 15.7 15.7 16.3 16.8 17.3 17.8 18.9 16.1 21.4 22.3 23 24.7 26.5 28.1 29 30.4 31.1 34.2 36.1 40.6 44.2 46.5 49.8 52.4 54.6 56.3 58.1 61.5 64.4 67.3 70.4 74.6 81.5 89.5 96.7 101.3 105.6 107.4 108.4 112.3 113 112 112.1 111.8 110.5 112.7 111.9 107.7 103.3 100.8 95.8 89.4 85.7 85.7 85.7 85.6 85.6 85.7 85.7 86.4 86.3 82.1 71.7 63 54.5 50.3 44.4 36.2 28.3 33.1 32.2 25.9 20.4 8.4 5.3 3.7 3.8 -0.9
12.1 12.6 13.1 13.4 14.4 15.5 15.4 15.3 15.6 16.1 16.5 16.9 14.5 16.3 18.6 20.4 21.6 23.1 24.8 26.7 28.7 32.2 36 35.6 36.7 39.5 41.3 46 48.2 51.9 54.5 57.3 59.2 60.6 63.5 66.4 69.2 72.4 77.3 84.4 93.8 99.1 103.5 106.8 109.6 113.7 117.4 118.9 117.6 117.3 117.3 115 115.3 113.6 110.2 105.5 99.6 94.6 89.8 86 85.8 85.7 85.6 85.6 85.6 85.6 86.3 85.9 79.8 70.8 61.7 55.6 50.1 43.5 33.3 39.2 42 37.8 31.3 25.4 10.1 6.3 3.3 3.8 -0.9
12 12 12.4 13 14 14.6 14.8 14.9 15.5 16.1 16.6 13.6 17.1 16.5 17.9 19.3 21.4 23.4 24.4 27 32 36.5 40.6 40.7 38.1 41.5 44.9 46.9 51.1 53.6 55.8 58.4 60.9 62.7 65.4 68.2 71.1 74.2 79.5 87.1 95.7 100.7 104.8 108.3 113.2 117.7 121.2 124.1 126.7 126.8 125.1 118.9 116.5 113.7 109.1 103.7 99.1 94.9 89.9 85.2 85.1 85.6 85.6 85.6 85.6 85.6 85.3 84.2 78.8 70.2 62.4 55.8 50.1 38.1 39.6 45 46.2 43.2 36.9 27.8 17.8 6.4 3.6 2.1 -0.9
11.9 11.9 11.9 12.4 13 13.7 14.2 14.8 15.4 15.9 16.2 16.9 17.1 17 18.6 19.1 23.8 25 26.7 32.8 38.7 42.3 44.3 44.6 43.8 41.6 48 50.3 52.2 55.8 58.5 60.6 62.5 64.6 67.3 70.1 72.9 76.1 82.1 89 97.1 101.2 105.8 109.4 115.8 121 126.7 131.5 134.7 132.2 127 119.7 116.5 111.9 107.1 102.4 98.1 93.9 89.1 85.2 83.3 84.3 85.7 85.5 85.5 84.5 83.4 82.6 78 70.1 62.3 55.7 50.8 38.9 43.9 48.1 49.1 46.5 40.7 29 20.9 7.1 4.1 1.5 -0.9
11.8 11.8 11.8 12.2 12.8 13.4 13.9 14.7 15.3 15.4 16.2 16.2 16.8 17.7 18.7 20.4 24.8 28.6 34.3 42.1 48.7 49.7 49.8 48.7 47.9 45.6 50.6 53.2 55.7 57.5 59.7 61.5 63.4 65.7 68.5 71.6 74.7 78.7 84 90.7 97.9 101.9 105.9 111 119.4 127.8 133.2 136.7 138 135 129 119.3 113.4 109.3 105.5 101.7 97.4 93.6 88.5 83.9 83.6 83.2 84.7 85.2 83.9 83.2 81.8 81 76.6 69.3 61.7 55.1 49.8 40 48 52.4 53.3 50.8 42.7 29.8 22.2 8.2 4.9 1.1 -0.9
11.7 11.7 11.7 12 12.6 13.1 13.6 14.6 15.2 14.1 16.2 16.2 16.3 17.5 18.8 23.1 28.6 34.1 40.2 50.9 54.9 55.4 54.6 53 51.5 50.8 50.1 54.9 58 58 59.3 62 64.3 66.6 69.7 72.9 76.2 80.8 86.1 92.5 97.6 103 106.9 114.5 128.1 134.5 136.8 138.3 139 136.4 132 120.3 112 108.1 104.7 100.9 96.7 92.6 88.3 83.8 83.3 82.8 82.9 82.9 82.7 81.8 80.3 79.2 74.8 67.4 60 53.8 43.8 46.3 54.5 59.8 58.5 54.5 46.5 33 22.8 7.9 5.2 -0.9 -0.9
12.1 11.9 11.7 11.8 12.3 12.8 13.3 14.2 12.1 15.9 16.1 15.9 16.4 17.3 21.2 27.5 33.7 39.6 50.6 56.4 59.2 60.1 58.8 55.9 55.2 55.8 54.8 55.9 60 61.8 63.3 64.4 66.3 66.4 69.8 73.3 78 82.5 88.3 94.1 99 103.9 107.9 121.3 131.5 136.9 138.6 138.9 138.6 136.8 132.4 120 111 107.4 103.5 99.5 95.5 91.5 87.4 83.6 82.4 82.4 82.1 81.6 81.2 80.4 78.7 76.6 71.8 64.1 57.3 48.1 50.9 54.9 61 64 61.9 56.7 47.8 36.5 24.4 8.3 4.8 -0.9 -0.9
12.5 12.3 12.1 12 12.2 12.5 13 10.1 14.7 15.2 15.6 16.1 16.3 19.6 25 30.7 38.7 48.9 55.6 60.7 63.7 63.8 61.5 59.1 58.6 58.8 58.9 57.2 61.2 63.7 65.3 65.8 67.3 68.9 71.6 75 80.5 84.9 90.5 95.1 99.9 104.3 110.8 121.4 133.1 137.5 139.1 139.3 137.8 135.8 129.1 117.9 112 106.9 102.5 98.2 94 90.5 86.8 83.7 82 81.7 81 80.4 80 78.5 76.7 73.8 68.7 60.1 54.7 49.7 55.6 59.4 63.1 66.5 63.5 57.7 48.3 36.6 25 9.2 4.8 -0.9 -0.9
13.3 13.1 12.5 12.4 12.5 12.6 11.7 14.2 13.7 13.9 14.3 15.7 17.4 21.3 27.8 36.2 46.1 52.9 59.6 64.5 67 67.1 65 63.6 63 62.6 62.4 61 61.7 65.1 66.1 67.4 68.4 70.8 74 78.3 77.5 85.6 91.7 96.2 100.6 105.1 112.8 123.9 134.1 137.7 138.5 138.4 136.9 133.6 125.4 117.6 111 105.9 101 96.5 92 88.5 85.2 82.9 81.3 80.6 80 79.3 78.7 77 74.8 70.7 65.2 56.7 53.4 50.8 61 63.1 65 66.7 63.2 58 48.7 36.7 25.4 8.2 5.2 -0.9 -0.9
10.9 13.8 13.3 12.1 11.9 12 13.3 13.6 14.1 14.2 13.4 14.8 18 23.4 32.4 42.4 51.3 57.1 63.1 67.7 70.3 69.8 69.2 68.4 67.8 66.8 65.3 64.4 63.9 66.7 67.6 68.5 70 72.8 76.7 81.6 85.9 90.1 92.7 96.7 101.3 105.6 114.3 123.9 133.8 136.8 136.7 136.9 135.5 129.8 123.3 117.1 110.1 103.6 98.8 94.3 90.1 86.8 83.8 81.4 80.6 79.9 79.1 78.3 77.2 75.5 72.9 68.2 61.3 53.8 54.8 58.9 65.1 66.9 67.1 66.4 63.8 57 47.6 36.7 24.4 7.9 5.1 -0.9 -0.9
10.7 11.1 13.6 12.6 9.9 12.4 12.8 13.1 13.5 14 13.6 15.3 18.9 26.6 36.4 46.5 54.8 61 66.3 71 72.7 72.9 72.3 72 71.3 70.2 67.9 66.2 64.6 68.1 69.1 70 71.8 75.5 83.4 89.4 91.9 94.1 96.4 98.5 101.6 106.6 113.6 122.9 131.2 135.2 135.9 135.4 133.8 128.6 121.4 115.4 108.2 101.8 96.9 92.1 88.1 85.1 82 80.3 79.6 78.5 77.8 77.1 75.6 74 71.2 65.7 58.2 54.8 61 65.4 67.7 68.6 67.9 66.1 63.5 57.7 45.4 35.2 24.2 7.5 3.1 -0.9 -0.9
