app/static/ascii/NS30.asc
ncols 200
nrows 200
xllcorner 230000
yllcorner 600000
cellsize 50
[rows 0 to 35 of 200, columns 81 to 161 of 200]
74.1 74.8 76.8 75.5 73.9 74.3 75.4 77.8 81.6 87.1 94 98.2 101.5 104.8 106.9 108 106 102.7 98.7 96.8 97.9 98.5 100.3 101.2 101 100.9 100.9 100.7 101 100.6 100.7 101.6 101.9 102.4 102.8 102.6 102.6 101.8 100.4 96.2 101.6 108.9 115.3 121.2 125.3 130.2 134 137 139.9 140.5 138.5 136.3 132 127.5 123.1 118.3 113.2 107.5 93.8 92.3 92.3 92.5 92.4 93.8 97.9 102.8 107 108.4 108.7 106.7 102.4 97.1 97.6 99.1 100.6 102 103.6 105.5 109.2 112.1 118.5
71.5 71.8 72.4 72.7 73.8 75.9 78.8 83.5 88.9 94.1 98.5 102.5 105.4 107.9 109.6 110.9 111.1 110 107.7 105.1 102.3 101 99.9 99.3 98.7 97.9 97.9 96.8 96.7 96.4 96 94.7 94.1 95.4 96.6 96.6 96.5 97.2 94.8 97.7 103.5 109.3 115.5 119.6 123.8 127.3 130.4 132.9 135.2 134.3 131.8 129.1 125.6 121.8 117.4 112.9 108.3 104.5 93.2 91.7 91.9 92.4 94.5 98.6 101.8 104.7 107 109.3 110.3 108.3 104.9 101.1 98.9 100.6 101.9 102.9 105.3 107.6 109.8 111.7 114.3
70.9 70.9 71.8 74.1 76.3 81 85.7 90.5 95 99.4 103.7 106.2 108.5 110.1 111.5 113 112.7 111.8 110.6 108.1 105.1 101.7 99 97.4 96.3 94.9 93.4 92.1 90.6 89 88.5 87 87.6 89.7 91.3 91.2 92 93.2 96.2 101.6 107.4 112.5 115.5 119.2 122.2 125 127.8 129.9 129.3 127.8 124.6 121.6 118.8 115 110.9 107.3 104 98.6 91.4 91.2 91.6 91.7 94.2 99 102.5 105.1 105.7 105.7 105.5 104.8 102.9 100.6 98.5 102.4 103.4 104.3 107.2 110.1 113.8 117.1 120.4
69.8 71.6 73.8 77.8 82.5 87.4 92.3 96.4 100.2 103.8 106.3 108.7 110.5 112.7 113.5 114.4 113.9 113 111 107.4 103.6 100.1 98.3 95.5 92 88.9 87.6 86.8 86.7 85.9 85.8 86 88.8 90.1 91.1 92.8 95.2 98 102.1 106.2 109.9 113.3 116.1 118.7 121 123.9 125.7 127.1 124.2 120.6 117.4 114.2 111.3 108.6 106 102.2 98.8 91.6 91.3 91.2 91.2 92.8 95.9 97.4 100 102.9 104.1 104.6 104.2 102.9 103.3 102.2 100.4 102.4 103.9 105.9 108.7 111.5 115.2 119.3 123.4
70.7 73.6 78.6 83.2 87.9 92.6 97.1 101.3 104.4 106.9 108.6 109.9 111.3 112.6 113.9 114.3 114.2 112.8 110.9 106.9 102.8 99.5 96.9 93.3 88.6 84.9 84.2 84.8 84.9 85 84.7 87.1 90.7 93.4 94.9 97 98.8 100.4 103.5 107.1 110.8 113.7 116.2 118.8 120.7 122.8 124.3 125.5 122.2 116 111 107.1 104.6 103.1 99.9 93.5 91.6 90.9 90.9 91 91.6 95.4 98.7 100.9 101.6 102.6 101.9 102.2 102.7 103.8 104.9 104.7 103.3 102 102.9 105 107.9 110.6 114.5 118.8 122.2
75.4 80.1 83.9 88.3 92.2 96.7 101.1 104.2 106.1 107.7 108.7 110.2 111.5 111.9 112.4 112.6 112.4 110.8 108.5 104.9 100.9 98.2 93.7 90 84.5 83.7 83.5 83.6 84.5 84.7 84.2 87 89.5 92.4 95.5 96.9 98.4 99.7 102 105.2 109 111.9 115.3 118.1 120.1 120.6 121.9 122.9 119.5 113.2 104.1 102.2 99.6 96.4 92.7 90.5 90.2 90.6 90.9 91.6 96 100 103.6 106.5 107.2 106.8 106.3 105.7 105.1 104.3 104.2 104.8 103.9 103.6 102.8 102.9 104.4 106.6 111.1 115.3 118.4
84.5 87.3 89.7 93.4 96.5 98.3 101.9 104.2 105.9 106.5 106.4 107.2 107.4 109.1 109.4 108.7 107.6 104.9 102.8 99.6 96.5 95.1 93.3 88.9 84.1 83.4 83.3 84.2 84.2 84.3 84 85.5 85.7 88.3 90.5 91.7 93.5 98.5 99.9 103.9 107.7 111 114.5 117.3 118.4 118.8 118.7 116.4 112.6 106.2 95.4 93.6 92.8 91.4 90.9 90.7 90.7 91.1 93.7 97.8 101.9 106.1 109 111.8 113.1 114.2 114.9 112.8 110.4 108.5 107.3 106.5 105.6 105.2 104.9 103.7 103.2 104.5 107.4 111.3 115.5
88.3 92.8 95.9 98.9 100.5 102 102.6 103.4 103.5 102.9 102.2 101.3 99.1 99.8 100.5 99.4 98.1 97.1 97.4 95.4 93.7 92.1 90.5 88.6 85 83.2 83.9 85.3 83.9 84.1 83.8 83.7 83.9 84.1 85.7 88.1 92.7 97.5 99.6 104 107.5 111 113.8 116.2 116.7 116.2 114.5 111.8 106.3 96.6 91 92.3 91.3 90.9 91 90.6 92.8 97.9 101.4 107.6 109.6 113.1 114.9 116.4 117.9 119.8 121.9 122.8 120.1 116.4 113.2 110.6 110 109 107.9 107.4 106.9 104.3 105.5 107.6 112.4
92.6 97 100.1 102.3 104.2 103.5 101.2 98.9 97.3 96.3 95.4 94 91.4 91.9 90.9 91.5 92 93.8 95.2 96.3 95.8 92.2 89 88.5 85.5 85.4 85.5 86.1 86.5 86.2 87 85.1 82.7 82.7 82.7 81.9 84.3 89.3 93.8 97.5 101.8 104.6 109.1 113.8 115.5 114.5 112 107.1 99.3 91 90.1 91 90.4 90.4 91.2 94 99.7 105.9 110.4 114.9 116.1 117.7 116.7 118.1 119.9 121.8 124.1 126.5 126.2 122.7 118.9 116.3 114.8 113.6 112.9 112.1 111.6 110.2 110.4 107.9 109
97.6 101.1 102.6 100.1 98.3 95.5 93.4 91.3 90.4 89.5 88.7 87.5 86.3 85.1 80.7 85.7 88.4 91.4 93.7 96.6 97.3 94.3 91.4 89.6 89.5 89.9 91.7 93.5 94.4 91.4 89.1 85.1 81.2 79.3 77.6 76.2 77.3 79.2 84.2 88.4 89.2 94.3 99.7 105.2 109.7 112.4 108.4 103.3 95.5 90.2 89.5 89.6 89.8 90.9 94.1 98.8 103.7 108.7 113.9 118.7 119.3 120 118.9 117.3 119 121.5 123.6 124.7 125.5 125.4 123 120.8 118.6 116.9 116 115.3 115.5 116.6 117.2 110.8 108.4
102.3 102.9 100.6 95.2 91.1 88.8 86.6 84.6 84 83 81.8 78.9 77.9 78.2 78.6 81.9 85.2 87.9 91.2 95.6 97.5 96.2 96 94.7 94.8 95.9 97 97.4 96.4 92.9 87.5 81.3 74.2 74.8 78.4 87.7 90.7 90.2 85 82.2 82.3 82.3 88.2 95.2 101.2 105 103.9 99.2 93.2 89.4 89.5 90.8 91.7 94.7 98.6 102.7 105.9 108.2 110.8 114 117.2 119.3 116.6 113.7 118.6 121.8 123.6 124.9 125.2 125 124.7 124.4 122.1 120.4 119.1 118.6 116.9 115.2 111.8 111.8 111.5
103.2 99.5 93.6 89 85 82.3 79.9 77.9 77.1 76.5 74.5 69.9 73.5 77.3 78.8 82 82.4 84.3 88.4 92.4 95.6 95.7 96.4 97.3 97.8 98.4 98.9 97.1 93.1 89.2 81.8 78.9 73.4 77.2 89.5 94.8 98.6 100.3 100.1 98.7 97 93.2 88.9 85.6 91.4 95.7 96.1 91.1 89.6 89.4 91.5 93.8 96 97.8 100.4 105.3 107.8 107.5 107.2 108.3 110.8 113.4 113 114.1 120.2 123.4 125.8 127.7 128.8 129.5 129.7 128.3 127 125.8 124.8 122.8 117.2 116.6 115.1 115.1 116
99.3 92.6 87.6 83.4 79.2 76.4 73.6 71.8 71 68 66.2 70.1 74.4 77.7 78.7 77.9 78.5 81.8 86 90.2 92.4 94.7 95.5 96 96.5 96.9 97.9 94.4 87.3 83.7 76.1 73.3 73.7 79.7 92.4 98.7 103.9 106.9 109.2 110 109.7 109 104.7 102.5 96.1 88.8 89.6 89 89.8 89.7 90.8 94.3 96.7 98.1 101.3 103.8 106.4 106.2 105.5 106.1 106.7 107.3 109.1 115.1 120.6 125.5 129.2 131.2 132.6 133.3 134.4 134.2 133.4 131.9 130.8 129.2 123 125.7 123.9 118.9 120.4
93.6 88.1 83.1 79.2 74.9 69.8 67.6 66.1 63.4 61.5 64.9 69.6 73.6 74.1 75.1 76.5 80.5 83.4 87.2 90.6 92.4 93.1 93.8 94.6 94.8 94.9 94.3 90.5 81.8 76.4 71.5 72.6 78.1 83 94.9 100.6 103.6 107.6 110.9 113.4 112.9 114.3 114.5 110.5 107.7 103 97.9 95.1 93.9 93.9 90.9 94.6 95.8 97.7 97.3 99.8 102 103.6 103.5 103.9 104.4 106.2 110.6 116.2 121.6 125.8 130 134.2 136.3 137.4 138.4 139 139.3 137.2 136.3 134.9 132.5 130.8 129.6 126.3 124.9
88.4 83.4 78.4 74.5 63.7 59.9 59.7 58.6 59.5 61.6 64 67.8 70.6 71.1 74 77.6 81.2 84.5 87.6 89.4 88.7 89.9 90.7 91.3 91.3 91.8 90.1 85.3 75.4 70.1 71.9 75.9 83.9 90.9 99.5 105.2 110.2 112.9 114.6 115.3 116 116.4 115.9 114 110.7 106.7 101.5 97.6 95.7 95 91.5 95.9 97.8 98.9 99.6 99.5 99.3 101.3 101.7 102.2 103.8 106.6 111 116.7 122.1 126.1 130.2 134.3 137.8 140.4 141.4 141.2 140.4 138.2 135.7 135.7 136.4 135.8 132.6 132.3 129.3
82.6 78.4 73.4 66.4 55.2 55.3 56.6 59.9 63 66.5 68.4 69.7 72 73.9 76.3 78.3 81 82.8 84.7 85.3 85 85.9 85.9 85.4 85 84.8 83.7 78.6 69.6 70.1 74.7 79.2 88.7 95.5 103.3 108.6 113.6 117.2 120.6 122.2 122.4 120.2 119 116.3 113.6 109.7 104.1 99.3 97 96 96.1 93.6 94.7 97.8 99 100.3 100.8 100.6 101.4 101.9 104.4 107.1 111.4 117.6 122.6 126.7 130.7 134.8 138.1 141 143.8 142.9 139.5 136.1 134.4 133.6 136.4 139.2 137.2 136.7 138.5
76.5 72.7 64.5 58.2 54.1 54.6 55.6 63 68.8 74.3 78.5 80.3 79.6 79.7 80.7 80.9 79.9 80.9 80.7 78.5 79.8 80 79.1 75.1 75.6 74.8 71.6 72 70.9 75.9 79.5 85.6 92.8 99.4 106.1 112 116.5 120.1 123.9 126.5 128.6 127.9 126.3 123.4 120.7 116.3 108.7 101.2 98.6 97 96.9 97.1 94.8 94.9 96.4 97.8 98.8 100.7 101.7 101.3 103.3 106.2 112 118.5 123.2 127.2 131.5 136.4 139.6 141.4 144 142.5 138.4 138.7 139 141.7 145.6 147.1 146.1 147.3 150.1
71 65.2 55.8 53.7 53.8 55 58.2 65.9 72.5 79.1 83.9 84.3 83.9 83.2 82.4 80.4 78.3 73.3 65.9 64.5 64.9 67.1 67.6 68.1 68 66.8 75 69.8 76 80.4 85.4 89.8 95.4 100.7 106.5 112.4 117.8 122.2 124.9 127.4 129.9 131.3 131.9 130.2 127.9 123.1 115.3 108.2 101.9 99.6 97.9 98.1 97.6 95.9 94.9 96.5 98.4 100.3 101 100.7 102.8 104.9 111 117.2 123.7 128.2 133.1 137.9 140.8 143.4 143.1 140.5 142.1 144.7 146 151.2 154.3 154.8 157.1 158.6 159.1
66.7 56.7 53 53.6 54.1 55.4 57.5 65.1 72.3 75.3 76.9 78.8 76.9 76.3 75.8 72.7 68.7 60.2 63.2 69.1 71 72.5 72.1 74.3 75.9 76.3 79 80.5 83.7 85.6 88.8 92.4 96.8 101.3 106 111.7 117.3 121.9 125.8 128.4 131 132.5 133.1 133.3 132.7 127.8 119.7 113.1 107.5 102 99.6 98.5 97.8 96.9 94.7 95.9 97.5 99.1 100 101.2 104.7 110.1 115.7 116.7 120.8 127.7 132.7 137.9 141.3 143.7 145.9 147.3 150.2 154 155.6 154.3 159.6 161 161.5 163.3 164.8
59.3 52.8 52.9 53.9 54.4 55 56.2 59.2 64 65.3 65.9 66.9 65.7 64.7 63.5 61.5 59.6 65.2 74 79.2 81.2 82.1 78.5 78.5 79.8 81.2 81.7 82.5 82.8 86.9 90.2 92.8 96.7 100.5 104.7 110.7 116.4 121.4 125.5 129.2 132.2 133 132.8 130.4 130.4 127.5 120.7 114.1 108.5 103.5 99.9 98.4 97.7 96.8 95.2 96.2 97.3 98.2 99.5 102 105.7 108.5 115.3 121.7 127.1 130.4 130.6 137.8 144.2 145.3 149.2 153.1 155.4 157.9 159.6 160 160.3 162.1 164.3 166.3 168.3
53.4 51.8 52.8 53.8 54.8 53.7 55 56 56.9 57.2 57.1 57.1 56.4 61.8 68.5 73.2 77.6 80.5 84.4 87 91.9 94 90 88.8 90.8 93.6 94 94.5 93.8 88.9 86.8 90.5 95.1 99.6 103.5 109.8 116.3 121.2 124.2 127.3 130.5 131.8 129.6 126 123 119.9 115.1 110.3 109.2 104.5 100.2 98.8 97.5 96.7 95.6 96.9 97.9 98.6 100.5 104.7 108.9 112 116.2 121.6 126.4 132.3 137.3 139.7 139.9 150.2 153.2 156.8 158.5 159.8 162 162.9 163 163.8 166.3 168.1 169.9
50.9 51.9 53 53.3 53.7 52.5 51.9 53.1 53 53.5 59 68.7 71.7 76.1 79.7 82.2 87.2 92.1 95.9 98.5 99.2 99.9 100.3 101.9 103.8 104.3 105 106 105.7 102.9 94.2 88 92.1 97 103.2 109.9 116.5 121.9 125 127.3 127.7 127 124.7 122.8 118.5 115.2 113.6 110.4 109.5 106 103.4 101.2 98.5 97 96.2 98.3 99 99.9 102.2 106.6 111.5 116.4 120.7 123.4 126.1 131.2 137.3 142.9 148 149.5 146.1 157.6 158.4 161.1 163.7 165.5 165.5 166.2 168 169.7 171.5
50.6 51.2 51.6 51.8 52.3 52.5 53.7 55.8 58.3 64.6 69 73.9 78.5 82.4 86.2 90.2 93.6 97.8 101.9 104 103.7 103.6 104.6 106.2 108.4 110.2 110.8 110.4 111 107.8 98.1 88.4 90.7 97.1 103.6 110.6 116.8 121.4 125 127.2 127.7 125.7 124.5 123.5 121 118.6 115.8 113.3 111.2 108.7 106 104.2 102 98.4 97.1 98.8 100.9 102.7 104.8 108.4 113.2 117.9 122.1 128.2 130.9 131.8 135.3 139.5 145.8 149.6 153 156.2 155.6 157.1 159.8 164.4 166.4 167 169.1 172 174.4
49.7 50 50.2 50.1 50.2 51.2 53.9 56.4 60.7 65 69 74.1 78.5 82.6 87.2 91.5 95 98.4 102.2 104.1 105.8 105.2 106.6 108.1 109.3 109.6 109.4 109.3 109 106.4 96.9 88.6 91.3 99.9 107.4 112.6 117.2 120.7 123.3 125.1 126.6 125.5 125.1 123.6 121.4 119.8 117.7 115.4 113.4 110.8 108.1 106.6 104.7 100.7 98.6 97.4 100.4 104.4 108.7 112.3 114.9 118.5 122.8 128.6 133.6 136.1 135.7 137.3 141.5 146.8 154 159.4 159.5 159.8 162 163.3 166.4 168.5 170.6 174.5 178.4
49.1 49 49.3 49.7 50.4 52.2 55.3 59.9 63.6 67.9 72.7 78 81.8 84.8 87.8 91.3 94.3 97.4 100.9 103.8 105.2 106.1 107 108.3 109.5 109.7 109.5 108.4 107.3 104.7 94.5 89.1 93.7 102.4 111.8 116.2 118.5 120.6 122.4 124.1 124.9 125.4 125.2 123.7 120 118.3 117 115.4 113.3 111.1 110 108.6 106.2 103.2 100.7 98.3 100.7 104.7 109.3 114 117.5 119.5 123.4 127.6 131.8 135.2 136.5 137.7 143.3 148.6 154.5 158.2 159.8 161 164.7 164.7 170.2 172.9 174.9 178.8 182.9
49.2 49.4 50.2 50.5 51.7 55.5 59 62.2 65.3 69 75.2 81.2 86.5 89.4 91.9 93.2 96.1 99 101.8 104.2 106 106.8 107.5 108.5 109.8 109.8 109.7 109.4 107.1 100.5 92 91 97.2 107.1 115.5 118.7 119.5 120.7 121.8 122.6 123.1 123.8 123.2 120.6 115.1 115.4 114.9 114.3 113.1 112.1 111.3 110.5 108.2 105.4 103.3 101.5 99.7 102.8 107.7 112.5 116.5 120.5 124.8 129 132.4 137.2 139.4 143.1 148.3 153.6 158.5 162.6 165.4 167.4 170.5 173.4 168.1 178.3 180.7 183.2 187.1
49.9 50.1 50.9 51.7 55.7 57.4 60.3 63.7 67.1 71.1 75.9 80.4 84.3 89.4 92.5 96.8 98.3 101.2 103.9 106.3 108 109.1 109.9 110.7 110.7 111.4 112 111.8 108.7 101 90.5 94.2 101.8 110.9 115.8 117.9 119.2 119.7 119.8 119.6 119.1 118 116 112.8 113.1 113.8 114.6 115.7 114.5 114.1 113.3 112.2 110.8 108 106.8 104.5 105.1 107.8 114 109.8 114.9 121.9 127.2 131.6 136.4 141 146.1 150.1 155 159.8 164.6 168.8 173.2 175.8 178.6 181.3 181.4 181.4 187.9 189.5 192.3
50.8 50.9 54 53.5 56.5 57.3 60 63.6 66.8 70.3 75.1 80.1 83.8 87.9 92.5 94.7 96.8 99.8 102.7 105 107 109.2 111.4 112.1 112.6 113.1 112.5 111.1 107.9 99.6 91.4 100.9 108.3 112 113.5 114.7 115.7 116.3 116.1 114.9 112 110.1 111.2 112 112.8 114.7 116.4 116.9 116.2 115.8 115.4 114.2 114 114.2 114.6 109.5 112.1 113.7 119.6 121.7 127.7 122 131.6 137.9 142.7 147 152.4 157.3 162.1 166.4 170 173.1 176.7 180.2 182.6 184.9 188.9 184.3 191.9 195.5 198
56.7 57.2 56 54.5 55.9 57.4 59.9 64.2 67.9 71.4 76.2 81 85.4 88.4 92.9 95 96.8 99.4 101.4 103.3 105.2 106.7 108.6 110.1 110.7 109.5 106.5 103 99.9 94.7 95.9 103.9 108.5 109.2 109 109.6 110.5 111.4 111.4 109 104.9 104.8 106.4 109.3 112 111.9 114.9 117.5 117.5 116.9 116.3 116.8 118.4 120.2 121.3 119.3 120 118.5 124.5 127.8 132.8 136.5 130.9 141.7 148.7 153.4 158.7 162.5 166 170.1 173.6 176.5 178.7 178.3 180.2 182.4 187 192.5 185.3 196.2 203
61.6 61 57.5 55.1 56.3 58.2 60.6 65.6 69 73.2 78.3 83.3 86.6 89.7 93.3 95.1 97.1 99.9 101.8 103.1 105.3 106.5 106.3 106.6 105.5 101.2 97.9 94.1 92.7 95.6 100 102.3 102.3 101.5 102.6 103.7 104.6 104.5 103.1 99.7 93 96.7 101.3 105.3 106.5 108.7 113.6 116.6 118 118.5 120.1 122 124.3 126.4 126.9 128 127.5 126.9 131.1 135.1 140.5 143.9 143.5 134.5 145.4 153.3 160.9 166.1 168.9 169.8 171.6 174.5 176 173.7 174.1 175.4 183.2 191.2 193.4 192 198.2
66.4 62.4 58.3 56.2 57.1 59.5 62.7 68.1 72.2 76.6 81.5 84.8 87.9 90.9 93.4 95 96.9 98.5 101.5 101.7 101 101 99.9 98.3 96.3 91 91 91.2 94.7 96.2 93.9 93.3 94.7 96.1 97.3 99.1 100.2 100 97.1 89.3 87.9 91.5 96.7 100.9 102.3 108.5 113.9 118.6 123.2 125.8 127.4 128 130.4 133.1 134.6 135.7 136.6 137.3 144.1 148.6 149 150.5 152 149.5 145.2 145.5 154.9 161.1 165 166.4 166.1 164.7 169.7 173.6 180 186.4 187.7 182.1 196 198.3 198
69 64.2 58.3 56.9 59.9 65.3 65 73.5 77 80.5 83.8 85.6 87.3 89.8 90.7 92.7 94.2 93.5 92.1 92 91.8 92 91.4 89.3 87 86.8 89.1 91.9 92.6 91.7 87.5 87.3 89 91 92.7 94.5 96 95.2 92.5 85.9 85.9 88 90.7 95.3 102 109.9 116.5 122.4 127.2 130.7 133.8 133.1 134.9 140.1 141.7 143.3 144.9 146.6 151 155.9 158.4 157 156.4 156 156.5 158.9 157.8 165.9 171.8 174.8 176.2 178.6 182.3 186.3 190.6 192.6 193.9 190.4 184.9 198.4 200.8
60.8 57.1 57.1 60 67.1 70.7 67.8 72.5 78 80.9 83.7 85.5 86.6 87.3 87 86 84.4 83.9 83 83.5 83 82.2 80.7 85.1 87.4 89.9 91.7 93.5 92.1 85.9 82.6 82.8 85.2 88.4 90 89.9 90.7 89.5 86.8 84.1 85.6 86.6 90.8 96.9 106.2 113 117.7 122 127.4 131.7 135.3 136.2 139 142.8 146.7 149.4 151.8 154.6 157 158.4 160 161.2 158.9 159 162.2 166.3 170.6 174.2 176.8 179.2 182.8 187.4 190.4 191.7 193.7 195 196.3 197.5 198.5 194.3 197
57.1 57.1 60.2 65.9 69.5 72.6 71 69.4 75.5 77.7 80.7 80.9 79.7 78.5 76.8 76.3 75.7 75.9 75 74.8 79.3 82.8 85.7 88.1 90.5 91.6 93.1 93.1 91.3 85.4 80.7 75.8 81 86.4 89.8 88.9 85.9 84.2 83.6 83.1 84.2 89.2 93.3 101.5 109.9 116.5 121.4 125.9 129.7 132 134.3 137.8 141.3 144.8 148.6 151.9 155.9 158 159.3 157.1 156.9 159.3 161.3 162.6 166.2 170.4 174.5 178.4 179.5 183.1 188.1 192.2 194.3 194.8 196.1 197.4 198.6 199.6 202 202.6 202.2
58.1 62.9 67.7 71.2 73.1 73.5 72.6 69.1 71.8 73.3 72.1 71.1 68.3 67.9 68.3 70.5 74.8 76.7 79.9 82.5 84.9 87 89.5 90.7 92 91.9 91.9 91.3 89.3 83 74 72.6 79.2 86.3 90.2 89.7 88.4 85.1 83.9 82.3 83.8 87.3 95.2 104.2 112.3 117.5 123.2 129.7 133.3 135.8 138.6 140.6 143.5 146.7 150.5 153.7 155.3 157.7 156.6 153.6 155.4 160.1 163.1 166.7 169.5 173.9 177.8 180.5 181.8 184.7 189.8 193.4 195.1 196.8 198.5 199.7 200.7 201.8 204 204.5 204.4
65.6 69.5 71.8 73.7 74.6 74.6 73.3 70.6 68.1 68.2 67.6 65.8 63.9 65.7 67.7 67.8 74.2 75.6 79 79.9 81.8 85.2 88 88.1 88.3 89.2 88.9 83.6 80.6 74.3 66.9 71.4 81.9 86.6 89.6 90.5 89.2 85.8 82.1 81.6 83.5 89.3 97.2 105.7 112.6 117.6 122.9 127.4 131.5 135.1 138.8 141.7 144.3 147.5 150.9 154 154.9 152.8 148.5 149.9 156.1 163 166.9 170.5 172.4 175.7 178.8 181.9 184.8 188.3 191.3 194.1 196.5 198.7 200.6 202.1 202.7 203.9 205.9 206.4 206.6
