app/static/ascii/NS37.asc
ncols 200
nrows 200
xllcorner 230000
yllcorner 670000
cellsize 50
[rows 117 to 155 of 200, columns 0 to 87 of 200]
182.5 180.2 175.3 169.6 163.9 165.8 165.8 165.2 163.4 162.9 165 165 162.4 159.5 156.2 153.4 147.7 140.7 127.3 107 120 123.4 124.8 123.4 123.4 123.2 119.8 115 105 109.7 110.1 108.3 109.3 111.3 111.9 104.3 99.8 97.5 92.1 86.5 82 80.8 79.7 78.9 81.8 80 78.5 77.6 75.7 71.5 65.3 58.7 48.4 39 42.9 42.4 36.9 17.6 20.7 20.9 23 23.2 21.3 20.2 20.6 24 27.7 24.6 21.3 16.8 12 12.1 13.2 14.1 16 18.7 18.3 20.2 21.7 17 13.4 11.3 7.2 6.6 5.5 4.4 3.9 4
182.5 182 181.2 177.9 174 178.3 177.4 174.7 170.6 170.9 172.6 172.5 170.3 167 164 159.3 154.4 149.6 135.1 117.9 138.6 136 138.1 137.5 138.3 142.2 138.2 130.4 121.7 123.1 123.5 124.9 129.1 130.6 131.2 126.5 121.4 120.7 122.9 112.3 103.6 96.5 92.2 90.3 91.8 89.9 91.5 90.6 87.5 83.9 78.1 72.3 62.9 62.1 62.9 64.5 58 40.1 39.7 39.2 38.4 36.6 39.2 35.6 37.1 41.8 40.8 38.8 37.5 35.1 31.5 28.9 27.1 27.1 31.6 34 37.6 35.7 34 31.9 28.7 24.1 16.9 11.4 8.3 5.8 4.6 4.4
184.6 184.5 183.8 182.1 182.9 186.1 184.8 181.3 180.5 180.6 179.6 179.2 176.4 172.9 168.3 163.8 160 157.4 143.1 145.8 151.4 148.8 151.2 152.5 155.8 158.5 156.2 151.6 144.5 145 146.9 143.6 144.5 144.1 141.7 140.2 138.4 141 142.4 137.1 131.4 122.7 113.8 107.6 102.3 95.9 93.1 93.4 92.4 90.6 88.7 81.8 78.3 81.2 84.3 81.4 72.9 64.5 62.3 61.4 59.6 63.3 58.3 51.5 51 53.2 51.6 49.9 50.1 46.9 46.5 41.9 37.4 36.4 42.1 46.3 44.9 40.1 34.3 30.8 27 24.9 20.2 15 11.7 9.5 7.6 6.6
188.2 190.1 189 187.3 187.8 189.1 188.9 188.8 188.5 186.9 187.5 185.9 180.6 177.4 173.1 168.5 166.7 164.5 155.9 165.9 166.3 162.7 164.2 164.2 167.3 169 166.4 163.6 162.6 158.9 155.4 153.5 154.6 150.7 148.6 148.7 150.7 153.5 153.6 149.5 143.9 136.2 128.7 123.5 119.5 113.2 105.1 100.9 100.2 97.3 92.9 94.1 98.2 100.4 95.4 89.6 89.1 88 83.8 83.7 80.5 79.4 71.5 64.8 61.1 60.5 62 59.9 59.6 58.2 56.4 53.2 49.5 47.5 45 44.7 47 42.7 38.3 32.3 29.4 27.5 23.4 20.6 18 15.5 13 10.3
191.3 191.1 192 192.5 191.1 191.3 191.9 192.8 194.8 194.8 192.9 193.4 188 185.2 181.5 178.4 174.4 167.4 173.6 175.2 174.1 170.6 170.1 171.2 176 178.9 175 173.8 171.1 165.3 160.7 159 157.6 156.7 159.4 158.2 157.2 158.5 158.9 156.8 151.1 143.6 136.8 131.6 126.1 123.4 117.9 107.5 108.9 105.8 101.5 104.6 106.2 105.5 102.7 98.9 96.1 97.9 97.1 96.8 93.5 87.6 82.4 76.7 71.5 70.6 71 69.3 70.5 68.9 68.6 65.4 59.5 56.4 54 50.3 48.1 47 43.6 40.2 38.3 35 33.2 30.3 25.9 22.8 20.4 18.1
194.1 193.6 194.4 194.7 195.6 199.3 202.3 205.7 207.4 204 205.3 203.2 197.7 192.3 187.2 183.4 179 172.5 181.8 182.7 181.8 177.5 175.7 178 182.9 184.7 182.1 178 173.4 168.4 165.3 168.2 167.1 164.2 165.8 165.6 167.9 167.2 163.9 160.3 157.2 150 145.9 140.9 135.6 128.6 125.6 112.7 112.3 108.9 111.9 111.9 109 108.4 106.9 104.5 102.7 103.8 102.2 104.1 99 95.8 91.1 84.8 80.6 82.6 83 82 80 79.2 77.6 76 72.9 65.4 62.4 57.3 52.9 51.8 54.3 51.7 49.1 46.8 45.3 40.8 36.3 34.8 30.2 27.7
211.6 212.7 210.6 207.6 209.3 214.6 217.7 219.9 216.6 212.3 209 205.1 201.3 195.7 190.8 185.9 182.6 180.9 184.7 186.9 186.5 183.2 181.1 182 184.2 184.7 183 179.1 175.6 174.9 173.6 173 170.8 169.7 170.2 170.6 171.3 170.7 167.3 164.8 160.1 157.9 155.4 151.5 143.1 135.7 132.4 123.1 117.7 120.9 117.7 117.7 115.8 111.6 110.5 109.2 107.8 108.3 106.9 105.8 104.5 100.5 95.4 91.8 90.6 90.4 90.6 90.5 89.8 88.9 87.7 83.7 82.2 76.5 71.4 66.3 67.5 66 64.3 61 61.1 54.3 53.5 53.1 48.2 44.1 41.3 35.7
221.5 224.8 225.3 220.6 220 225.3 226 225.1 222.1 217.5 214.1 208.8 202.9 197.3 192.4 187.7 183.3 182 186.1 190 189.8 186.5 186.8 187.2 191 193.5 188.3 184.2 181.6 179.6 177.2 175.5 173 172 171.8 171.7 171 169.2 169.5 167.5 161.4 157.7 155.9 153.1 149 141.8 136.1 131.3 123.5 125.8 124.4 121.8 118.2 112.8 111.8 111.6 110.8 110.6 110.5 108.5 106.5 103.5 99.5 95.9 95.2 96.5 95.5 96.6 94.9 93.4 94.8 91.3 87.9 82.3 76.7 76.1 74.2 73.9 71.9 70 69.2 69.5 63.4 57.1 59.2 57.3 52.3 53
228 230.5 232 228.5 224.4 226.9 227.7 226.9 224.2 221.1 216.8 212.1 206.2 199.2 193.5 189.1 184.7 184.3 188.2 191.1 190.1 189.1 191.3 193.7 199 200.9 196 191.4 186.4 183.3 179.3 176.5 173.1 172.7 172.7 171.7 169.9 167.8 168.4 165 161.9 157.1 152.1 149.9 147.3 141.2 136.8 134 130.7 127.3 127.2 126.3 123.4 120.1 116.3 114.3 112.1 111.1 111.2 110 108.4 103.4 102.4 100.2 96 98.4 98 98.7 98 96.7 94.3 91.6 90 88.1 81.5 83.8 83 80.4 77.9 77.8 79.4 75.8 68.1 64.4 63.2 64.5 62.8 61.7
231.5 233.1 234.3 231.9 228.1 226.3 228.2 227.7 225.1 221.2 217.1 212.2 206.4 199.8 193.5 188.5 187.2 187.9 190.9 193.1 194 193.6 199.6 201.3 204.5 204.8 201.1 196.7 191.2 186.1 180.8 176.6 173 172.7 172.7 170.7 168.9 166 163.6 161.5 160.2 155.1 150 144.8 140.7 137.4 132.5 131.7 132.4 130.9 129.4 126.6 124.7 120.7 118.7 116 115.5 113.6 111.8 110.7 109.9 108 106.2 103.9 100.3 100.3 98.7 100.5 98.7 97.9 96.7 94.4 91.5 90.6 87.6 90.5 88.2 85.9 84.7 84 84.1 80.5 77.3 67.9 73 75.8 71.3 70.5
231.9 232.6 236.5 232.8 228.9 225.9 225.5 227.7 224.1 220.8 216.7 211.5 205.2 197.6 191.7 187.7 187.7 191 194.1 195.9 197.2 203.3 208.8 206.9 206 207.1 206.3 200.3 194.9 189.4 183.6 177.9 174.9 174 172.2 170.5 168 165.1 165.6 167.6 159.7 152.6 147.7 142 137.5 133.7 133.1 132.8 136.5 137.2 134.5 129.6 125.8 124.2 124.2 121.9 118.6 114.4 114.3 114.9 114.3 110.7 108.9 107.3 106.4 101.7 100.7 99.9 99 98.9 96.3 94.3 92.4 90.4 91.5 95.5 97.1 95.1 92.7 91.3 93.1 88.1 82.1 79.7 77.5 77.1 76.2 75.8
231.7 231.5 233.6 235.2 232 227.8 223.3 221.3 220.5 217 214.2 209.1 204.3 197.4 188.4 188.4 189.9 193.4 197.6 199.8 204 208.2 212.6 209.5 206 206.6 207.5 203.4 198.1 191.6 185.9 180.9 177.7 174.3 170.8 169 167.2 163.8 164.7 167.1 162.4 153.8 145.9 139.9 135.7 134.1 133.9 140.6 141.3 140.3 137.3 132.6 129.4 128.9 127.7 126.1 121.4 119.6 118.4 118.8 117.6 113.8 111.7 110 109.5 109 104.2 101.8 99.6 98.8 95.5 94.5 94.2 93.1 92.2 94.2 98.4 99.9 101.5 99.9 95.8 92.3 89.5 86.5 80.9 83.1 84.5 90.9
230.7 231.4 232.6 232.6 229.8 226.5 223.5 219 213.2 209 206 204.4 200.6 195.9 189 189.1 193.2 198.1 202.3 204.6 209.3 211.8 212.5 210.8 208.1 205.1 205 203.1 199.1 193.3 188.5 183.9 180.9 175.6 170.6 167 164.2 161.5 161.2 165.2 160.6 154.1 145.2 137.5 136.4 138 143.6 146.3 146.4 144 139.9 135.2 132 130.8 128.9 127.3 124.3 124.5 126.5 124.8 120.3 118.5 113.7 113 112.6 110.2 108 105.2 100.6 98 95.7 94.7 94.5 93.4 91.7 92.1 94.5 96.5 99.4 99.7 97.9 97.6 95.1 92.2 89.9 92.7 97.7 102.5
232 230.4 230.5 229.7 229.9 230.4 228.2 226.2 224.2 222 216.3 208.4 199.8 194 190.6 190.6 198.9 203.3 204.3 207.3 211.1 211.3 211.9 209.8 207.6 206 205.3 203 198.8 194.3 190.2 186.3 182.3 177.2 170.2 165.2 161.5 159.3 159.8 158.9 156.1 150.6 143.8 140.4 140.3 147 151.1 153.4 152.8 147.7 143.1 140.2 136.5 134.2 132.3 130.6 129.4 131.5 131.7 131.1 126.1 122.4 121.3 119.7 116.6 112.8 110 107.7 105.2 100.7 100.9 98.4 97 94.8 94.4 96.1 94 100.4 101 101.6 104.1 103.2 101 101.9 98.4 101.2 105.6 109.8
233.5 232.4 232.9 232.4 234.2 236.5 235.8 231.9 228.2 224.6 219.4 212.6 203.1 198.5 193.3 192.7 199.9 204.5 206.5 207.8 208.7 209.7 210.8 208.9 206.7 207.4 206.9 204.4 200.5 195.8 192 187 182.1 177.3 170.9 164.4 159.6 158 157 155.5 152.9 148.2 143.8 144.5 146.4 151.2 156.2 158.7 154.6 152.9 149.7 143.9 140.5 140.9 140.1 137.7 136.1 136 135.8 134.3 131.1 128.9 127.9 121.4 119.4 120.5 115.6 110 107.9 104.4 102.7 99.1 98.3 96.4 94.7 98.2 103.3 107.4 107.2 110.8 106.5 105.4 105.4 104.8 104.3 108.2 110.2 109.4
234.9 235.9 235.4 233.1 234.5 236.4 234.8 232 228 223.5 218.7 212.5 204.6 198.2 198.2 198.2 199.4 203.9 205.6 205.7 206.5 207.6 207.5 206.9 207.4 209.9 208.8 205.4 201.2 196.9 191.5 186.1 180.8 175.8 170.3 164.5 159.4 156 154.4 153.3 151.6 149.2 148.1 151 157.5 158.4 159.2 160.4 158.2 156 150.7 148.3 147.9 154 150.9 147.6 144.9 143 139.1 137.7 138.2 135.3 130.7 126.1 120.9 117.7 121.2 114.9 110.6 107.8 103.9 101.8 101.8 99.1 99.6 102.4 117 112 111.2 112.9 108.7 110.3 107.6 106.5 107.5 110.4 111 111.9
235.4 234.2 235 232.3 230.5 230.9 232.8 229.7 226.9 222.3 217.6 212.1 204.6 198.2 198.2 198.2 202.7 205.6 205.6 205.6 205.6 205.6 205.6 205.6 206.7 211.3 210.2 206.2 201.5 196.1 190.6 185.2 179.5 173.9 169.5 164.8 159.8 156.8 154.6 153.3 151.7 152.9 152.6 159 166.4 167 163.6 161.2 157.7 154.6 151.2 150.4 153.3 157.5 156.2 153.2 151.9 149.5 143.1 141.5 141.7 140.8 135.4 127 125.1 120.5 115.6 116.8 112.4 109.2 108.8 106.7 106.2 104.2 106.3 112.7 116.3 115.4 114 112.6 111.8 112.9 112.6 111.3 113.4 116.8 113 113.8
235.5 231.8 230.4 229.9 227.6 226 227.1 226.6 224.2 220.7 215.6 210.1 203.6 198.2 198.2 198.7 204 205.6 205.6 205.6 205.6 205.6 205.6 205.6 205.6 210.1 209.5 205.7 201.7 195.9 190 184.2 178.5 175.1 170.7 165.5 160.3 157.2 155.8 155.7 156 156.6 159.1 165.9 173.1 174.7 169 164 158.4 154.3 155 153.8 154.4 156.7 158.3 158.4 156.6 154.8 155.3 154.1 149.8 146 139.8 132.4 126.5 120.1 115.9 112.3 110.9 109.7 109.7 109.9 109.3 111 114.3 120.1 120.3 114.8 114.8 115.3 112.9 113.3 113.5 114.1 115.3 118.2 120 117.6
232.6 229.1 227.1 225.4 224.2 223.4 223.5 223.6 221 218.2 212.8 207.1 199.4 198.2 198.2 198.2 202 205.6 205.6 205.6 205.6 205.6 205.6 205.6 205.6 205.6 205.3 202.7 200 195.4 190.3 184.7 178.1 174.1 170 165 159.6 157.9 157.1 159.8 161.3 163.7 166.5 169.8 174.1 173.2 171.7 167.3 161 156.1 157.6 159.5 158.6 160.5 162.1 161.6 161.6 162.2 164.4 160.9 156.4 150.2 143.1 136.3 129.1 123.1 115.3 112 110.9 109.5 110.8 114.4 112.7 112.6 118.5 124.2 123.8 118.3 114.5 114.4 115.1 113.7 113.8 116.4 117.5 117.4 118.5 121.7
227.5 225.6 224.3 222.9 221.8 221.3 222.3 221 218.2 214.4 209.8 203.8 198.2 198.2 198.2 198.2 200.3 205.6 205.6 205.6 205.6 205.6 205.6 205.6 205.6 205.6 203 200.7 198.9 195.6 190.5 184.9 178.9 176.2 171.7 164.4 161 161.5 162.1 165.9 169.8 177.3 182 180.2 176.7 177.1 176.7 172.1 167.8 167.8 166 167.4 170.7 170.4 171.6 170.6 169.9 171.3 171.8 168.8 161.7 154.7 147.2 138.2 130.6 124.4 117.3 116.2 113.4 113 116 118.1 116.8 114.6 117.4 123.6 125 121.8 117.6 115.5 114.9 113.7 113.7 115.8 119.2 120.9 119.6 121.5
226.2 224.5 222.7 221 219.4 219.7 221.3 218.6 215.4 210.6 205.9 201.3 198.2 198.2 198.2 198.2 201.7 205.6 205.6 205.6 205.6 205.6 208.9 208.4 210.7 212 209.4 206.8 202.4 199.6 192.9 187.3 182.5 179.1 175.2 168.1 167.8 168.6 170.4 173.8 181.4 191.5 190.1 187.7 185 185.4 183.9 179.8 176.9 176.2 173.9 181 181.8 178.4 177.1 177.8 178.7 179.2 175.9 172.4 167 159.3 151.1 141.3 132.3 123.4 120.4 119.7 117.4 121.1 120.8 120.3 119.5 117.5 117.6 120.3 123.3 122.9 119.9 119.2 114.7 114.1 114.4 116.6 125.2 124.8 122 121.4
228.4 230.1 225.2 222.6 220.9 219.6 220.6 218.4 215 209.9 203.5 200.8 199 198.2 199.5 201.8 205.3 205.6 206 208.4 206.4 209.1 213.8 213.8 213.3 213.4 212.2 208.8 204.1 199.9 195.7 190.3 185.2 181.2 176 171.8 171.7 172.2 174.6 179.8 184.3 190.3 192.1 190.9 190.5 190.6 189.1 186.9 184 180.9 180.5 183.2 184.6 182.7 180.8 182.3 183.5 181.1 178 174.7 169.7 163.2 154.7 144.6 135.2 126.8 123.1 122.1 124.8 129.6 124.8 123.5 123.1 120.9 119.7 120.3 122.7 122.5 121.7 120.7 119.6 117.7 117.2 118.4 123.7 124.6 123.3 119.9
234.6 232.5 228.3 225.2 221.5 218.9 218.1 215.9 213.4 208.2 204.8 202.3 200.8 199.5 200.3 202.3 204 205 206.3 206.5 206.2 209.3 212.2 212.1 211.8 212.7 211.1 208.5 203.7 198.9 194.4 192.5 186.3 180.9 175.1 174.3 174.8 175.1 178.9 184.7 186.8 189.1 190.6 191.3 191.2 190.4 190.4 189.8 188.4 185.4 184.5 185.8 187.5 188.3 185.8 188 187.7 184.3 180.1 176.9 173 166.2 156.8 147.4 139 130.8 129 128.9 132.7 132.3 128.1 125.9 124.9 121 120.1 121.1 123.6 122.2 122.6 122.9 122.1 121.6 121.1 121.9 122.5 121.6 121.3 120.9
237.3 232.8 229 225.3 220.6 218 216.9 215.2 213.3 211.8 206.9 203.3 201.7 200.6 200.1 201.6 202.3 203.4 204.8 204.3 204.9 206.6 208.2 210.4 210.3 210.2 208.3 206.2 202.2 197.4 192.7 190.7 185.2 180.5 175.8 176.7 176.3 177.4 183.3 185.8 186.8 188.5 189.2 189.9 190.7 191.8 192.8 194.8 192.3 189.3 187.5 188.7 191.1 189 191.3 190.6 187.7 185.9 182.2 179.2 175.4 167.8 159.9 150.1 141.9 137.3 134.5 134.6 134.6 132.3 129.2 127.4 125.9 122.2 122.6 123.2 124.6 123.8 124.6 124.4 124.8 124.2 123.9 122.9 121.2 120.1 120.5 120.7
238.9 233.2 228.9 225.4 220.6 217.5 216.3 215.2 214.5 212.7 208.9 205.4 202.6 201.2 200.5 200.9 201.8 202 202.7 203.8 204.1 206 205.1 208.4 209.6 207.3 205.4 203.5 201 195.9 190.9 186.3 184.1 180.1 179.2 178.3 177.5 180.5 185.9 187.5 188.3 189.5 190.1 191 190.9 193.4 195.1 195.3 195.4 194.3 190.8 190 192.4 195.9 195.8 194.6 190.6 186.6 184.2 182.2 177.7 170.3 161.7 154.1 146.1 142 138.4 137.8 138.5 136 129.5 127.9 126.5 123.4 123.5 124.2 124.3 124.2 124.1 124.1 124.4 125.5 124 121.3 121 120.6 122.7 121
240.4 233.4 228.2 224.1 220.6 217.4 216.2 217.5 216.1 213.3 209.1 205.8 203.4 201.5 201.2 201.3 201.6 202.4 204.9 203.8 202.4 203.5 202.6 205.7 207.5 205.3 202.6 200.8 198.9 194.7 190.5 186.8 183.9 181.9 182.6 181.5 181.4 185.5 189.4 190.4 190.4 191.8 192.8 192.9 194.2 198.2 196.3 197.4 199.6 195.3 193.1 192 192.9 194.7 197.4 197.4 195.1 189.6 189.2 185.9 180 172.7 164.3 156.1 149 144.8 140.9 138.9 137.3 134 130.1 127.9 127 124.5 124.7 131.1 127.7 125.1 124.1 124.4 125 127.3 123.8 121.4 120.5 120.9 120.9 121.5
240.7 235 227.6 222.8 219.4 217.8 218.4 217.3 215.3 212.1 209.2 206.7 204.5 202.2 201.6 201.6 202.4 204.8 205.3 202 200.3 200.4 200.5 202.8 203.1 203.3 200 198 196.2 193.6 189.8 186.8 182.7 181.7 183.6 186.2 189.3 192.5 191.1 191.6 192.7 193.7 195.5 194.2 197.2 198.6 195.9 197.2 197.9 194.8 195.1 192.5 191.8 192.9 194.9 198.5 194.2 188.8 187.8 183.6 179.1 174.1 167.6 158.9 152.2 147.9 143.8 139.8 137 133.9 130.6 128.7 127.6 126 124.5 132.6 130.5 127 124.9 125 125.6 123.8 124.7 121.3 120.4 120.7 120.8 121.2
237.5 233.9 227.3 223.6 220.7 220.7 220.7 218.3 215.3 212.3 209.8 207.3 205.3 203.2 202.1 202 202.8 203.6 204.3 202.5 201 198 199.8 200 199 199.2 197 195.5 194.2 190.1 187 183.8 181.7 181.5 184.8 188.7 195.1 194.8 193.1 193.7 194 195.4 197.5 197.5 199.4 197.7 196.7 195.1 195.7 193 191.7 191.6 191.4 192.1 191 194.1 192.7 188.1 184.7 181.5 177.6 173.4 170.3 163.8 154.8 149.5 146.5 140.6 136.5 133.6 132.3 130.4 127.2 125.6 124.9 129.9 132.2 130 126 126.8 123.7 122.6 122.1 121.1 120.5 120.6 120.9 122.3
232.9 229.4 230.1 230.9 224.6 222.2 221.3 219.3 216.1 213.6 210.7 208.1 205.8 204 203.1 203.6 205.5 207.2 203.7 208.9 204.1 195.4 197.6 197.1 196.2 195 194 193.2 191.6 187.1 184.2 182.3 181.1 181.9 187.2 193.2 197.8 196.4 195.5 197 195.1 195.3 197.1 200.8 199.4 197.3 196.2 195.6 192.6 190.6 190 189.9 190.4 190.3 189.6 190.8 190 186 181.6 178.5 174.8 171.7 168.6 165 157.7 150.6 146.4 139.8 135.1 134 137.2 138.2 130.2 125.1 126.4 128.8 131.4 130.7 127.5 125.6 123.3 122.6 122.1 121.2 120.7 120.6 120.9 123.7
229.5 228.3 230.3 230.2 226 222.8 220.9 219.1 217.4 215.3 212.3 209.3 206.5 205.3 204.3 205.6 206.6 205.1 206.7 202.9 195.9 192.7 194.3 195.5 196 194.3 192.5 190.5 188.5 184.6 182.1 180.8 180.5 184.5 190 195.1 195.6 195.8 196.8 197.2 195.8 195.1 198.7 203.5 199.3 197.7 196.6 195 192.3 189.3 188.5 188.3 188.1 187.5 188.5 188.7 189.1 185 180.2 175.9 172.6 169.4 166.3 163.7 158.7 151.2 143.7 138.8 136.8 137 138.8 138 132.8 125.5 127 133.2 133.5 130.5 128.6 127.1 124.6 124.1 124 122.6 121.4 121.5 123.8 125.3
227.8 227.5 228.3 227.2 225 223.8 222.6 221.2 219.8 217.1 214 210.9 208.6 206.9 206.3 207.1 206.8 204.8 202.1 196.1 194.4 196.3 197.1 199.7 192.9 190.9 188.9 186.7 184.3 182.1 179.8 178.9 180.8 189.5 190.7 191.6 193.6 195.4 195.5 195.4 193.9 195 197.7 202.1 198.9 196.6 194.3 192.8 190.2 188 186.4 185.4 185 184.4 186.8 187.7 187.7 186.1 182.3 177.8 173.1 167.5 164 161 156.8 150.2 143.1 141.1 142.1 139.4 135.8 134.5 132.6 126.3 128.9 134.3 132.5 129.5 128.4 127.6 125.8 125.4 124.6 123.7 123 123.7 125.1 126.8
227.4 227 227.5 226.5 226 225.5 225.3 223.9 222.2 219 215.7 212.9 210.5 209.4 208.2 207.2 206.5 204.8 202.6 202.5 198 189.6 191.3 191.3 189.2 187.4 185.4 183 181 179.1 177.5 177.8 183.4 188.1 188.9 190.4 193.4 194 194.2 193.1 193.1 193.9 197.9 201.5 198.5 196.2 193.8 191.4 189 186.7 185 183.5 182.2 180.9 182.1 185.4 185.5 183.6 180.6 176.4 171.5 166.6 163.2 159.7 154.9 149.3 142.9 146.5 146.3 140.4 133.7 130.3 127.9 127.1 127.8 131.1 129.9 128.1 128.1 127.8 127.9 127 124.7 123.7 123.4 123.7 128.3 131.4
227.3 227.9 227.7 228.3 229.4 230.4 230.9 229.5 225.9 223.4 220.3 216.4 212.3 211 208.3 206.9 206.3 204.5 203.1 199.9 192.9 187.6 183.9 184.3 185 183.8 181.6 180 178.1 176.2 174.4 176.2 181.4 183.9 185.1 187.2 190.1 191.5 192.3 192.5 192.8 192.8 195.5 197.6 197.4 195.4 193 190.5 188.1 185.8 184.1 182.4 179.5 177.5 177.2 178.3 179.9 181.1 178.1 174 169.7 165.6 162.3 158.9 154.4 148 143.1 146.4 143.7 138.9 134.6 128.4 125.5 124.9 125.7 125.8 125.6 127 129.5 129.7 129.6 129.8 129.1 125.4 124.1 125.5 131.6 133.1
227.1 229.3 229.7 231 232.4 233.5 233.2 231.3 229.1 226.5 223.6 218.5 214.5 212.2 209.9 206.7 204.4 202.4 199.4 194.1 190.3 186.6 182.7 179.5 180.3 180.1 178.9 177 175.1 173.1 172.9 174.5 176.9 179.7 181 183.8 186.2 186.8 189.5 190.8 190.7 191.5 193.1 194.1 194.2 193.6 192.1 189.6 187.4 185.5 183.7 181.4 178.5 175.5 173.7 174.6 176.5 176.7 173.7 170.9 166.9 163.4 160 156.5 152.1 146.2 143.6 141.4 140.5 136.9 133.2 129.4 126.6 127 127.4 127.4 128.7 130.6 133.8 134.6 132.3 130.9 130.6 126.3 125 127.5 131.2 133.6
227 229.1 231.7 231.7 232.2 232.9 233.8 233.6 230.8 229.8 227.3 220.9 215.3 213.6 210.3 207.3 202.9 199.5 196.2 192.4 188.7 185.4 181.8 177.5 176.5 177.8 174.7 173 171.2 169.4 170.5 171.4 171.6 174.2 176.9 179.8 180.8 183.7 186.3 187.3 189 190.6 192.7 192.6 191.7 190.9 190 188.9 187 185.1 183.2 180.3 177.2 174.4 172.9 171.9 172.4 172.5 169.7 167 163.7 160.5 157.2 153.9 149.5 147 144.7 141.1 137.6 135.2 131.9 128.7 126.3 127.9 128.8 127.3 129 131.8 138.2 140.1 135.8 128.9 126.6 125.5 127.3 130.3 133.1 133.5
224.4 226.7 228.3 229.4 230.5 232.1 234.2 236.1 234.9 232 228.6 222.3 216.1 214 210.2 206.2 201.7 196.3 193.2 189.8 186.3 182.9 179.6 175.8 171.8 172.7 170.3 168.5 167.2 166.5 166.6 167.6 168.1 170.3 173.1 175.3 176.8 181.8 186.3 188.8 188.7 191.4 192.3 191.5 190.6 190 189.1 189.3 186.4 184.1 181.8 178.9 176.6 174.7 172.9 170.1 168.8 170.6 167.6 162.6 160.8 157.6 154.3 151.1 147.5 146.8 144.8 141 137.8 135.2 131.7 127.8 125.6 127.4 127.2 126.6 128.8 133 137.9 140 138.1 133.3 128.7 128.6 132.6 136.7 135 133.7
218.7 220.8 223.9 227 228.9 232.1 235.5 239 235.9 232.2 228.2 223.5 218 213 208.8 204.5 199.2 194.3 190.2 186.6 183 179.5 176.2 172.9 169.3 166.8 165.9 165.3 164.5 163.8 163.3 163.8 166 168.6 170.6 172.7 178.7 184.4 189.7 190.2 190 191.1 190.8 190.4 189.6 188.9 188.3 187 185.7 183.4 180.5 177.7 175.5 174.6 172.5 169.7 167.4 166.3 165.1 160.4 157.4 154.7 151.6 148.3 145.5 146.3 144.3 140.2 139.1 135.6 130.8 127 125.1 125.9 125.3 125.7 127.4 132.3 137.8 139.8 138.8 135.8 133.6 133.8 136.6 138.7 138 135.3
214.1 216.8 220.4 223.7 225.9 230.5 234.6 237.6 234.5 233.3 228.9 222.6 216.5 211.6 207 202.1 196.7 191.1 187.6 183.7 179.8 176.6 174 171.2 168.3 165.1 162.5 162.7 162.3 161.4 160.5 162.6 164.7 166.6 168.2 172.1 177.8 181.3 186 189.9 189.8 189.7 189.8 189.2 189.6 188.7 187 184.8 183.5 181.6 179.2 176.6 174.3 173.3 173.4 171.7 167.7 163.6 162.3 161.5 155.5 150.9 148.3 145.4 142 142.2 141.5 138.4 137.5 134.9 130.5 126.9 124.7 124.8 125.2 125.6 127.2 131.5 134.1 137.9 138.3 137.7 135.8 134.4 135.3 136.7 140.8 137.8
210.5 213.2 216.6 219.9 222.9 225.2 231.7 233.9 232.8 233.3 227.8 221.6 215.4 209.3 204.1 199 193.8 188.1 185 182 178.2 176.1 173.4 170.4 167.2 164.1 161.2 160.2 160 160 159.6 161.7 163 165 167.1 174.1 177 179.2 183.1 187 188.5 188.9 188.9 190.5 190.3 187.8 185.8 183.8 182 180.5 178.7 177.5 177.3 173.8 173.2 170 166 163 161.2 158.7 154.1 148.3 144.6 141.3 138.3 139.2 138.5 136.9 136.1 133.5 129.4 125.9 123.4 123.7 124.3 124.9 126.2 128.9 130.2 135.9 135.9 136.9 135.2 134 135.1 140.1 139.3 138
