app/static/ascii/NS39.asc
ncols 200
nrows 200
xllcorner 230000
yllcorner 690000
cellsize 50
[rows 0 to 39 of 200, columns 90 to 179 of 200]
67.8 39.2 35.5 12.7 6 6 6 6 6 6 6 6 6 6 6 6 6 6 6 6 6 6 6 6 6 9.5 32.5 51.1 83.4 97.1 108.2 122.9 137.3 147.1 157.6 160.2 146.5 162.2 157.1 198.4 229.6 264.4 291.2 308.5 317.4 313.6 302.5 294.4 291.3 291.3 297.1 300.4 308.5 326.5 335.1 361.1 382.8 397.6 408.7 416.1 421.2 422.7 424 424.8 423.4 425.4 422.6 422.3 421.2 416.6 410.2 401.2 394.9 389.8 385.9 384.8 384.8 385.7 384.6 382.9 385.4 388 389.3 390.1 392.6 393.5 394.3 395.8 395.7 393.3
70.4 29.6 19.8 6 6 6 6 6 6 6 6 6 6 6 6 6 6 6 6 6 6 6 6 6 6 6 13 35.9 60.5 82.3 97.3 111.5 129.4 138.5 147.7 150.2 133.6 129 151.6 197.1 228.2 250.9 270.1 286.5 297.8 302.6 292.9 284.5 277.9 270.6 274.3 279.1 296.7 307.9 309.3 330.9 358.9 379 395.8 403.7 410.2 409.5 410.3 412.2 409.9 410.6 411.3 410.2 410.1 404 397.2 391.9 387.6 382.6 380.7 380.5 381.3 382.5 381.4 383.9 387.1 388.7 390 391.9 394.4 395.7 396.8 398.4 400 397.9
48.1 28.7 6 6 6 6 6 6 6 6 6 6 6 6 6 6 6 6 6 6 6 6 6 6 6 6 6 26.1 45.1 66.3 84.9 98.7 120.3 133.8 139.7 139.7 118.8 114.2 148.6 193.6 218.1 243.4 263.3 272.9 284 287.3 282.6 274.3 265.4 257.6 255.8 261.9 275.7 287.3 285.7 305.4 332.1 353.6 378.2 389.1 393.4 396.1 398 399.7 398.4 398.4 400.9 400.3 397.5 392.8 387.7 384.7 381.8 378.4 378 378.1 378.7 379.8 381.3 384.6 387.7 389.3 390.8 394.7 396.3 398 399.4 401.1 403.5 405
27.4 11 6 6 6 6 6 6 6 6 6 6 6 6 6 6 6 6 6 6 6 6 6 6 6 6 6 17.9 32.4 54.1 76.6 91.9 112.2 126.6 128.6 125.2 107.5 108.7 154.5 188 204.4 238.4 249.6 257.4 263.5 269.7 265.9 259.3 254.9 247.1 243.9 248.7 258.7 266.9 267.8 283.8 303.1 323.4 348.8 366.9 376.3 382 386.6 388.6 389.2 388.7 390 389.1 385.8 382.8 381.2 378.8 376.4 373.2 373.1 372.9 373.5 376.9 381.1 384.3 387.8 390 392.6 396.6 399.3 400.4 402.7 405.1 407.4 409.8
13.7 6 6 6 6 6 6 6 6 6 6 6 6 6 6 6 6 6 6 6 6 6 6 6 6 6 6 11 24.8 43.4 62.7 80.4 96.4 107.8 113.8 103.6 88.1 116.3 158.3 178.9 196.7 224.1 237.2 243.9 248.3 251.8 250 249.4 250.6 246.6 238.6 238 243.6 248.7 254.3 262.1 281 302.1 327.7 345.5 362 368.2 373.1 377.6 379.6 378.8 380 378.7 375.8 375.5 375.2 372.8 370.5 367.6 368.2 367.4 370 375.6 380.7 384.1 387.6 390.7 394.4 398.5 403.2 405 407 409.4 411.8 414.2
6 6 6 6 6 6 6 6 6 6 6 6 6 6 6 6 6 6 6 6 6 6 6 6 6 6 6 8.2 20 43.9 59.2 63.8 75.1 82.2 84.3 75 99.2 125.1 147.5 164.5 186.4 208.9 225.1 231.5 235.6 235.9 236.7 246.8 250.5 244.7 235.3 227.2 232.2 237.3 240.7 252.8 272.5 293 307.7 331.4 351.2 357.4 362.6 364.3 367 364.9 367.4 368.4 367.6 366.5 366.9 366.9 364.4 362.2 362.8 361.6 368.4 373.1 379.2 383.4 387.9 391.7 396.9 402.2 406.4 409.9 411.7 413.7 416.1 417.9
6 6 6 6 6 6 6 6 6 6 6 6 6 6 6 6 6 6 6 6 6 6 6 6 6 6 6 8.6 16.4 36.3 53.4 54.9 60.3 59 75.8 95.3 106.5 113.3 130.6 149.1 173.5 198.8 215 220.7 223 223.1 228.7 240.9 242.9 238.4 230 221.4 221 227 229.8 244.8 262.8 278.4 294.2 316.9 337.6 343.3 345.9 350.7 353.8 352.9 355 355.1 356.9 357 357.6 358.8 357.8 355.4 353.8 360.1 367 372.5 378.1 383.8 390.3 396 400.7 405.4 409.6 413.2 416.6 418.4 420.4 421.5
6 6 6 6 6 6 6 6 6 6 6 6 6 6 6 6 6 6 6 6 6 6 6 6 6 6 6 7.3 12.8 28.3 38.4 42.9 46.1 65.3 87.1 95.9 97.6 100.5 116.6 134.1 156.8 183.6 203.8 209.5 210.6 209 218.3 231 233.3 229.9 223.5 215.2 211.1 216.8 219.4 237.8 256 270.7 285.9 299.9 316 323.5 329.8 336.6 339.8 339.4 341.4 344.2 346.1 346.1 347.9 350.6 347.5 349.4 349.6 360.7 366.1 371.7 377.2 382.9 390.7 398.1 403.5 409.1 412.8 416.5 422.3 429.8 429.1 428.7
6 6 6 6 6 6 6 6 6 6 6 6 6 6 6 6 6 6 6 6 6 6 6 6 6 6 8.4 9.5 9.5 17.9 26.1 31.7 52.2 70.3 81.2 87.5 89.8 93.1 100.3 117.5 142.8 164.8 186.6 193 197.4 197.8 201.7 216 223.9 221.9 215.3 207.6 204.3 208.3 212.9 231.8 251.7 269.1 280.1 287.5 302.3 312.4 316.9 322.6 326 326.1 329.4 334.8 334.2 337.3 339.4 341.3 337.8 340.4 348.4 359.8 364.6 370.6 376.5 382.3 390.3 398.5 405.4 412.3 420.6 423.5 428.2 433.5 434.5 434.2
6 6 6 6 6 6 6 6 6 6 6 6 6 6 6 6 6 6 6 6 6 6 6 6 6 6 10.2 19 16.7 14.8 19.1 29.9 48.7 63.2 79.2 80.8 82.6 85.9 92.6 103.7 128 145 160.2 171.6 182 186.7 191 197.9 208.3 213.1 206.4 200.2 196.3 199.1 207.7 230.7 248.2 261.3 270.8 282 288.8 296.5 303 307 311.3 315.1 317.9 323.1 326.2 328.8 330.9 331.4 328.3 335 351.1 357.7 363 368.8 374 380 388.6 398.2 407.3 420.4 429.8 431.5 433.9 438.3 439.9 440
6 6 6 6 6 6 6 6 6 6 6 6 6 6 6 6 6 6 6 6 6 6 6 6 6 6 16.8 29 26.5 20.5 16.1 22.2 43.5 55.8 68.2 79.1 75.2 79 85.6 93.7 109.6 124.3 140.1 155.1 169.3 173.1 179.4 185.9 191.4 196.9 195 191.1 187.4 186.3 203.3 224.8 242.6 253.8 264.6 276 284.5 288.2 289.8 292.2 297.8 302.5 307.1 312.4 317.2 320 322.1 317.7 326 340.2 347.6 354.5 360 365.2 370.4 377.9 389.1 399.5 410.4 421.7 434.3 437.4 439.8 442.2 443.9 445.2
6 6 6 6 6 6 6 6 6 6 6 6 6 6 6 6 6 6 6 6 6 6 6 6 6 6 21 30.8 31.3 29 16.3 16.8 24.5 38.8 54.1 69.8 67.8 71.6 77.7 86.3 100.8 116.2 130.6 142 154.5 166.1 168.9 172.2 176.1 179.4 181.8 181.4 171.4 187.5 204 222.9 239.1 251.4 263.5 269.7 276.8 283.3 280.3 280.2 286.9 291.6 297 301 306.5 309.8 308.9 317.8 328.3 337 344.1 350.3 356.2 361.4 368.9 376.9 387 397.8 413.6 424.4 439.7 440 440.2 444 447.4 450.3
6 6 6 6 6 6 6 6 6 6 6 6 6 6 6 6 6 6 6 6 6 6 6 6 6 6 12 25.1 30 26.8 18.6 16.3 19 26.1 38.7 51.2 57.2 63.6 69.3 80.4 96.8 110.8 121.6 133 145.7 157.1 163.7 161.6 163 165.4 168.7 170.2 173.1 190.4 207.5 223.1 241 249.2 259.6 264.9 269.5 273.7 276.7 270.8 274.6 282 288.1 291.4 295.7 300.1 303.9 316 324.9 332 339.3 345.9 352.5 359.5 366.5 373.7 383.2 395.3 415.3 425.5 434.7 437.9 439.4 443.6 449.2 451.1
6 6 6 6 6 6 6 6 6 6 6 6 6 6 6 6 6 6 6 6 6 6 6 6 6 6 6.9 16.4 20.6 22.4 17.5 14.5 18.1 20.9 27.1 36 47.5 55.6 63.8 73.5 86.4 102.6 112.7 124.3 137.4 148.7 156.1 154 155.9 157.1 161.1 160 172.7 189.7 209.6 221.8 237.4 245.6 255.1 257 263.6 264.9 267.3 264.5 266.3 271.4 274.6 279.2 283.1 292.2 301.1 307.5 317.2 324.7 334 342.4 349 356 363 371.1 380.6 390.8 407.8 415.6 425.7 432.5 436.9 442 449.2 451.6
6 6 6 6 6 6 6 6 6 6 6 6 6 6 6 6 6 6 6 6 6 6 6 6 6 6 6 10.2 11.9 13.9 15.3 15.7 18.7 21.8 22.2 28.1 41.5 55 62.7 65.6 74.4 88.9 102.9 116.3 129.5 139.4 145.7 144.9 147.2 149.3 154.8 161.5 172.1 191.8 210.4 225.9 240.6 247.1 251.6 254.2 259 258.4 259.4 255.5 258.2 260 263.5 266.1 271.9 285.5 292.7 300.7 310 319.4 328.7 338.1 345.5 352.4 359.5 368.5 377.1 386.5 397.3 407.7 418.3 427 433.3 440 448.4 451.4
6 6 6 6 6 6 6 6 6 6 6 6 6 6 6 6 6 6 6 6 6 6 6 6 6 6 6 6 7.2 11.4 11.8 16.2 21.1 29 32.9 42.1 38.8 46.9 57.7 62.4 66.5 80.7 94.7 107.9 120.5 127.2 132.4 130.6 144.7 150.4 157.7 165.9 174.7 191.8 211.3 225.3 238.5 250.4 252 248.7 249.6 248.7 247.4 243.4 246 249.9 254 261 270.8 277.5 287.2 296.9 305.5 313.5 322.5 332.4 340.5 347.9 355.3 363.4 372.1 381.3 391.7 402 411.8 420.9 430.2 437.7 445.5 450.7
6 6 6 6 6 6 6 6 6 6 6 6 6 6 6 6 6 6 6 6 6 6 6 6 6 6 6 6 6 7.1 12.8 23.6 31.3 36.8 38.3 49 54 47.2 50.8 55.6 64.6 72.4 86.5 99.4 110.3 115.1 119.8 138.7 151.7 159.4 166.3 176.2 183.1 189.7 207.3 222.8 237.5 248.1 251.3 242.3 237.7 235.8 232.7 232.8 239.6 242.9 245.8 255.1 262.3 271.2 282.1 289.7 299.1 306.8 315.8 326.7 335.4 343.1 350.8 358.5 366.2 375.2 385.7 396.2 406.2 415.8 425.4 433.9 442.2 450.2
6 6 6 6 6 6 6 6 6 6 6 6 6 6 6 6 6 6 6 6 6 6 6 6 6 6 6 6 6 9.5 16.3 31.5 39.8 45.4 48.1 55.1 61.2 65 68.4 65.6 69.5 74.6 82.7 89.4 96.2 110.3 127.9 143.2 157.5 170.5 177.6 185.4 192.7 197.2 204.6 214.9 235.6 239.6 243 236.1 232.1 227.3 227.9 225.7 230.1 232.6 238.9 246.2 255 266.5 273.3 280.5 292.9 301.1 309.2 320 329.4 338.7 347.1 354.9 361.3 369.4 380.7 390.5 400 410 420.4 429.4 438.4 447.7
6 6 6 6 6 6 6 6 6 6 6 6 6 6 6 6 6 6 6 6 6 6 6 6 6 6 6 6 6 6.8 20.8 38.6 43.7 48.6 51.3 61.6 68.6 73.4 79.8 70.9 80.5 88.5 91.5 99.9 112.7 128.3 142.3 160.9 174.3 183.2 189.1 195.3 203.7 209.8 213.3 217.9 224.1 231.3 235.1 232.1 230 229.7 228.5 219.8 225.8 229.9 232.5 240.1 248.9 257.3 263.1 272.6 283.7 294.7 304.5 313.3 322.8 332.8 343.9 351.3 356.8 365.1 374.7 384.4 394 403.3 413.3 423.5 433.2 443.1
6 6 6 6 6 6 6 6 6 6 6 6 6 6 6 6 6 6 6 6 6 6 6 6 6 6 6 6 6 12.3 23.3 35.1 44.6 44.7 56 64.2 69.8 72.5 76.8 78.8 88.9 92.3 96.9 103.9 120 139.2 151.3 173.2 185.8 195.2 203.7 209.9 216.6 223.4 228 229.6 231.9 234.8 234.2 237.8 235.3 230.5 229.2 218.8 219 224 226.3 231.6 239.8 247.8 253.3 265.1 276 288.5 298.2 306.7 316.2 331.7 342.5 347.3 351.9 359.5 368.9 378.4 388 397.3 406.8 416.2 426.4 439.6
6 6 6 6 6 6 6 6 6 6 6 6 6 6 6 6 6 6 6 6 6 6 6 6 6 6 6 6 6 17.8 27.5 39.2 49.8 51.9 61.7 67.4 70.6 72.2 76 79 81.6 88.6 95.3 103.5 124.3 148.7 156.5 176.1 194.6 205.1 214.4 222.8 230 232.2 234.8 239.6 240.4 242.1 237.7 241.1 244.4 240.3 232.7 222.6 213 217.9 219.7 224.3 230.1 233.8 247.4 258.4 268.5 279.7 291 300.6 311.5 325.4 336.5 341.7 345.8 354.4 363.1 372.6 382.1 392.4 402.9 411.9 421.1 432.3
6 6 6 6 6 6 6 6 6 6 6 6 6 6 6 6 6 6 6 6 6 6 6 6 6 6 6 6 6 15.3 20.1 33.4 42.1 55.2 62.8 68.8 70.4 72.5 76.1 80.2 81.4 85.3 93.4 104.2 128.6 143.7 154.5 175.4 194.7 205.1 216.1 232.7 237.3 235.1 238.8 241.8 247.3 252.1 242.8 248.4 250.7 248.2 240.7 224.8 209.3 215.7 217.2 219.4 224.2 227.2 242 251.7 260.9 267.8 283.2 296.4 306.2 317.5 328.8 332.3 342.1 350.7 358.5 366.6 377.8 388.3 398.7 407.4 416 425.9
6 6 6 6 6 6 6 6 6 6 6 6 6 6 6 6 6 6 6 6 6 6 6 6 6 6 6 6 6 11.7 21.4 41 43.8 48.7 57.3 62 69.5 73.2 78.9 85.3 88.6 91.4 94.8 104.5 121.5 139.5 151 162.9 187 198.6 213.5 231.6 234.8 235.7 239.9 242.6 245.8 246.7 244.5 243.9 250 246.9 239 225.2 206.5 207.6 210.8 214.5 220.1 224.4 233.7 249.9 257.8 268.7 278.9 289.7 299.2 308.2 318.4 328.8 338.9 347.1 354.7 364.3 373.8 383.1 393.5 402.4 411.5 421.8
6 6 6 6 6 6 6 6 6 6 6 6 6 6 6 6 6 6 6 6 6 6 6 6 6 6 6 6 6 11 20.9 34.5 47.4 50.1 49.7 52 62.7 70.5 80.8 90 94.5 98.2 101.6 106.7 117.7 132.6 144.8 158.5 179.2 192 202.5 215.1 230.7 232.5 237.8 243.8 244 244.5 241.7 245.6 248.6 245 238.3 226.4 211.3 204.2 205.9 210.2 216.2 221.5 228.6 242.7 253.7 264.8 275.6 285.9 290.1 300.9 314.2 325.8 336.2 343.9 350.9 359.9 369.4 378 387.8 397.3 407.1 417.4
6 6 6 6 6 6 6 6 6 6 6 6 6 6 6 6 6 6 6 6 6 6 6 6 6 6 6 6 7.5 10 18.3 30.3 46.5 59.2 49 49.2 55.9 65.6 76.4 87.9 99.6 99.6 102.4 112.1 123.5 129 140.5 154.1 165 181.2 193.8 205.5 215.7 227.4 240.2 244.9 242.3 241.7 237.1 240.3 249.4 246.7 240.2 233.4 221 207.1 199.5 205.1 210.6 216 226.7 237.4 248.8 259.6 267.3 280.7 292.4 300.9 311.7 322.4 332.6 340.8 347.3 355.6 365.2 372.8 384.2 393.3 402.3 412.6
6 6 6 6 6 6 6 6 6 6 6 6 6 6 6 6 6 6 6 6 6 6 6 6 6 6 6 6 8.8 11.4 15.6 26.6 41.8 50.8 43 45.3 51.2 59.8 73.5 85.1 96.4 97.5 102.6 118.5 129.1 132.9 139.8 150.7 161.9 180.4 194.8 204.6 213.6 229.5 236.8 240.6 239.9 238.2 234.9 237.7 245.6 245.9 238.4 232.1 225.4 210.7 201.4 200 205.5 212.2 223.5 230.6 239.4 253.8 267.2 274.9 287.5 298.7 307.4 317.4 327.4 336.7 345.4 354.9 363.7 372.3 380.2 389.3 398.3 407.9
6 6 6 6 6 6 6 6 6 6 6 6 6 6 6 6 6 6 6 6 6 6 6 6 6 6 6 6 9.6 12.5 13.6 19.8 30.8 37.8 39.1 42.4 50.1 57.7 69.2 80.7 85.9 90.4 102.6 123.3 130.7 137.8 146.3 154.3 165.6 178.1 195.5 210.9 216.9 227.3 241.4 237.1 235.1 234.1 230.3 228.7 242.9 242.6 231 222.9 219.2 209.2 200.7 194.3 196.7 206.5 218.5 227.5 239.4 250.5 262.1 273.1 288.2 297.4 308.6 317.2 324.9 333.1 342.9 353.3 361.8 369.7 378.3 387.3 395.9 405.3
6 6 6 6 6 6 6 6 6 6 6 6 6 6 6 6 6 6 6 6 6 6 6 6 6 6 6 6 6 11 13.5 17.3 21.6 28.6 33.3 41.8 54.4 66.1 70.3 71.4 78.5 86.1 99.9 125.1 134.2 144.3 153.9 161 170.1 176.8 201.8 214 222 225.8 231.8 233.9 227.9 225.6 221.5 219.4 239.6 227.9 218.8 216.7 213.2 208.3 199.6 192.1 188.7 203.8 215.6 226.7 238 250 259.6 272.6 286.1 297.2 306.4 315.7 323.4 332.9 342.1 352.4 362.7 369.4 378 386.8 395 403.1
6 6 6 6 6 6 6 6 6 6 6 6 6 6 6 6 6 6 6 6 6 6 6 6 6 6 6 6 6 9.3 13.3 21.7 26.4 29.9 29.5 35.1 46.9 59.8 63.6 66.4 73.3 84.6 96.3 123.1 139.4 147 156.1 164.3 176.4 177.7 196.6 214 222.6 224 223.7 224.2 223.4 220 213.5 210.3 219.2 213.8 208.3 204.4 204.7 202.5 196.2 191.1 187.6 205.8 214.8 224.1 235.4 249.4 260.2 272.9 285.6 296.5 309.2 317.4 325.9 333.6 343.2 352 361.7 370.3 377.6 386 394.1 402.2
6 6 6 6 6 6 6 6 6 6 6 6 6 6 6 6 6 6 6 6 6 6 6 6 6 6 6 6 6 6 13.4 27.3 29.2 29.4 29 29.2 39 50.2 54.6 59.1 70.6 84.8 91.9 118.2 143 147.5 155.8 179 181.5 179.3 197.6 210.9 218.3 222.7 223.7 223.2 222.1 211.6 205.6 202.7 205.1 203 197.8 194.9 195.1 193.7 189.7 178.5 190.8 204.6 213.7 224.6 237.9 249.6 258.5 270.7 281.5 292.2 307 316.2 327 336.3 343.2 351.2 360.3 370.4 376.3 385.1 393.2 401
12.2 6 6 6 6 6 6 6 6 6 6 6 6 6 6 6 6 6 6 6 6 6 6 6 6 6 6 6 6 6 14.3 27.5 29.6 29.2 29.7 30.3 35.9 41.1 46.5 54.9 71.8 81.5 87.2 113.3 134.7 140.7 164 180.3 179.8 178.2 197.9 210.1 219.1 224.3 227.5 224.4 217.6 205.7 198 195.9 199.3 200.2 193.1 186 186.6 184.9 175.6 178.6 192 201.6 210.5 221.3 233.2 246.2 260.7 276.9 290.9 305 316.1 321.6 327.5 335.2 342 353.1 361.3 369.7 376.1 383.5 391 399.4
12.9 6 6 6 6 6 6 6 6 6 6 6 6 6 6 6 6 6 6 6 6 6 6 6 6 6 6 6 13.2 11.2 15.8 30 30.4 29.4 28.7 30.8 33.6 37.9 43.2 52.8 74.3 75.7 81.5 106 121.4 148.9 165.9 174.8 180.6 171.9 195.5 205.7 219.1 230.6 232.6 215.2 206.8 197.6 189 188.1 191.6 194.9 185.7 179.4 178.3 174.6 168 180.6 192.4 202 211.5 221.4 235.2 249 264.3 277.8 290.4 306.9 320.7 324.8 331.1 338.8 347.3 355.6 363.5 372.2 382.5 387.1 391.8 398.5
12.5 6 6 6 6 6 6 6 6 6 6 6 6 6 6 6 6 6 6 6 6 6 6 6 6 6 6 6 17.3 12.5 17.3 30.8 31.1 29.9 28.8 29.6 31.7 35.1 41 47 65.6 69.5 76.8 100.1 123 147.3 160.5 172.3 177.2 170.1 192.1 202.9 221.7 232 219.2 207.7 200.2 191.8 184 177.7 184.8 192.7 181.1 172 170.5 160.3 167 181.4 191.2 199.7 210.9 221.7 236.5 253.5 266.1 278.4 291.9 307.6 318.5 325.3 333.3 341.8 348.5 356.8 365.1 374.8 383.4 391.5 396.1 401
16.7 6 6 6 6 6 6 6 6 6 6 6 6 6 6 6 6 6 6 6 6 6 6 6 6 6 6 6 17.5 14.9 14.2 28 32.6 30.3 28.6 29.5 29.5 32.5 38.7 42.1 50.8 63.6 75.7 96.9 119.9 139.7 154.1 166.8 170.2 160.4 182.7 196.4 209.6 210.9 202.3 196.2 194.5 185.9 176.2 167.9 168 182.9 175.3 164.6 157.9 155.1 170.7 181.4 192.2 201.3 210.9 223.2 238.9 256.3 267.4 280.9 295.2 309.3 318.3 326.3 334.1 341.4 351.8 360.5 367.5 374.6 381.7 391.9 398.6 403.1
18.6 9.5 6.4 6.2 7 8.2 7.1 6.9 7.8 6 6 6 6 6 6 6 6 6 6 6 6 6 6 6 6 6 6.4 12.7 14.5 17.5 14.6 20.9 28.4 25.7 24.8 24.9 26.6 30.1 37.8 43.7 49.8 59.8 69.2 92 114.4 141.4 145.7 158.1 165.2 151.4 174 184 187.5 189.6 189.8 185.7 185.7 181.8 174.1 164.1 157.5 165.5 165.6 158 143 161.5 172.3 184.1 193.8 201 210.1 224.3 235.4 252.3 270.2 286.5 296.1 311.4 321.6 327.8 335.6 344.9 356.4 363.7 372.9 381.5 387.5 391.1 396.8 403.2
19.9 12.2 10.8 9.4 9.9 9.2 7.9 8.1 7.6 6 6 6 6 6 6 6 6 6 6 6 6 6 6 6 6 8.4 11.3 13 13.7 19.2 13.6 14.6 18.2 20.5 20.8 20 22.3 27.6 35.3 40.5 45.9 52.5 64.8 86.1 110.5 127.3 136.2 149.7 160.9 151.1 161.5 169.7 173.5 175.7 177.6 178.9 180.1 181.3 175.9 161.5 150 149 149.7 144.9 141 160.1 173.1 184 193.3 201.9 213.3 225.5 237.3 253.4 268.9 285.8 296.5 312.1 325 330.7 336.7 345 357 364.7 375.8 387.1 390.9 394.9 398.4 404.6
19.3 10.7 10.8 9.8 10.1 9.8 9.7 9.7 6.4 6 6 6 6 6 6 6 6 6 6 6 6 6 6 6 6 9.3 11.9 8.2 11.3 11.1 12.4 12.2 13.4 17.3 19.8 19.6 20.8 26.4 30.7 35.9 42 49.6 58.2 77.1 103.5 117.9 128.6 145 144.9 129.7 154 164.7 167.4 168.9 169.4 170.2 175.3 180.2 173.4 158.4 143.2 140.6 140.3 123.8 146.2 161.4 170.2 181.9 192.2 201.8 211.4 222.9 238.1 254.5 271.8 287.3 297 310 322.2 330.9 335.8 340.5 352.1 362.1 372.6 382.3 390.5 395.4 402.9 408.4
12.8 10.9 10.4 9.6 9.5 9.3 8.8 8.7 6 6 6 6 6 6 6 6 6 6 6 6 6 6 6 6 6 6 6 6 6 6 6 11.6 14 17.6 19.8 20.2 21.3 23.1 26.8 32.3 39.8 46.7 53.7 70.6 95.3 108.8 120.1 129.8 127.8 118.7 143.7 156.5 162.7 160.6 160 160.2 163.7 167.6 163.7 154.3 139.3 133 125.3 127.9 148.4 153.5 166 179.6 190.6 200.6 208.9 221.1 237.8 253.8 270.6 289.1 295.9 303.9 315 324.2 331.5 337.2 349.6 360 369.2 378.7 387.8 395.6 403.1 411.4
13.2 10.3 9.7 9.1 6.6 6 8.7 8.9 8.1 6.3 6 6 6 6 6 6 6 6 6 6 6 6 6 6 6 6 6 6 6 6 6 15.3 16.4 21.8 25.4 24.6 24 24.5 24.6 30.3 36.7 42 49.5 69.6 85.3 97.9 105.8 114.4 113.9 114.4 131.2 150.3 161.5 157.3 152 152.3 154.3 155.5 150.1 140.9 131.9 125.8 98.2 131 142.6 150.1 160.9 176 189 202.9 206.4 217.1 233.9 249 267.4 286 294.6 299.3 306.8 317.4 326.5 337 346.7 355.8 365.1 375 385.9 394 404.4 413.3
12.7 10.3 6 10 10.5 9.1 7.8 7.3 6 6 6 6 6 6 6 6 6 6 6 6 6 6 6 6 6 6 6 6 6 6 6 21.2 20.7 24.2 29.7 27.3 25.6 23.1 24.8 28.4 32.5 37.5 49.5 68.9 76 91.9 98.8 102.5 103.6 110.3 129.5 143.1 160 155.9 147.7 145.9 145.4 142.7 133.4 125.7 121.3 115.7 99.9 127.5 136.8 146.5 156.4 172.2 187.2 196.7 202.7 210.1 225.2 241.8 261.9 281.1 289 289.2 301.4 312.8 324.1 335.3 344.8 353.8 364.1 372.4 383.4 395 405.8 414.5
