app/static/ascii/NS44.asc
ncols 200
nrows 200
xllcorner 240000
yllcorner 640000
cellsize 50
[rows 105 to 139 of 200, columns 79 to 157 of 200]
141.4 143.1 144.1 145.3 146.4 147.2 147.6 148.2 148.5 148.5 148.1 148 147 146.9 148.7 149.2 150.4 150.1 147 151.8 150.5 150.5 150.5 150.5 152.4 152.6 152.9 153 153.1 152.8 154.4 157.2 160.4 162.3 164.2 164.2 164.4 163.4 162 162.1 161.5 159.6 159 158 157.9 156.5 155.2 154.9 155.7 158.9 160.8 160.9 159.4 158.2 158 154.4 152.7 155.9 157 157.9 158.8 159 159.7 161.2 162.8 164.4 166.2 168.2 170.8 172.7 174.6 175.6 176.9 178.6 180.3 181.5 182.4 183 183.3
140.1 141 144.3 150.5 151 151.2 151.1 150.1 148.8 148 147.7 147.7 146.9 143.7 146 147.4 147.6 146.5 143.4 149 154.6 157.2 157.1 157.6 157.5 155.1 153.9 153.6 153.5 153.2 154 156.4 158.8 161.4 161.9 162.5 162.2 161.5 160.5 160 159.3 158.6 158.3 157.8 156.4 155.3 154.4 153.1 154.2 154 154.9 155.3 154.9 156.6 155.8 154.8 155.9 153.7 153.5 155.5 156.8 157.6 159.5 161.8 165 168.2 168.9 171.4 172.6 173.3 174.9 176 177.2 178.6 180.2 181.2 181.6 181.3 180
137.2 141.4 150 152.4 153.6 152.8 151.9 150.4 148.6 146.5 144.3 143.3 145 145.4 141 140.8 142.8 142.9 143 153.7 158 160 159.9 158.4 157.3 155.7 154.1 153.5 153.3 153.1 153.5 154.8 156.3 157.8 158.3 158.6 158.4 157.4 157.6 157.6 156.8 156.4 156.1 154.1 149.1 148.9 149.3 148.8 150 151.3 151.7 152.6 152.8 155.5 155.4 155.6 154.4 151.7 151.7 153.7 157 160.1 162.2 165.9 168.1 169.8 170.8 171.7 172.1 173.3 174.7 175.9 177.1 178.3 179.2 179.3 179.5 178.1 176.7
135.8 142 148.8 151.3 151.9 151 148.9 147.3 146 143.5 135.8 137.7 141.1 140.5 139.7 142.6 144.2 145.7 144.8 153.5 158.3 160.2 159.8 158.8 157.2 155.6 154.3 153.3 153.2 153 153.2 154.3 155 155.8 155.7 155.6 155.2 155.4 155.6 155.3 154.9 154.3 153.8 145.9 155 154.6 153.5 152.9 152.1 151.8 151.6 153.3 154.3 154.5 155 151.2 149.7 155 152.2 156.9 162.2 164.8 166 167.8 168.9 170.4 170.2 170.9 171.5 172.3 173.4 174.4 176.5 177.4 178.4 178.5 177.2 174.8 173.4
137.5 135.5 142.7 145.5 146.4 146.2 144.5 143.1 141.8 136.3 133.4 135.2 136.8 138.2 141.8 142.9 144.1 145.5 146.9 150.2 155.7 157.5 158 157.3 157 155.8 153.6 153 152.9 152.9 152.8 153.5 154.2 155 155.3 155.3 155.1 154.8 154.9 154.5 154.4 153.8 149.3 145.3 154.1 155.6 155.3 154.7 153.9 153.8 154.7 154.4 154.1 154.2 151 148.5 147.7 148.5 156.6 163.5 165.8 166.9 167.6 169 169.8 169.2 168.4 168.9 169.6 170.7 171.9 173.4 175.8 176.8 177.4 178 176.5 173.8 171.7
139.6 139.3 133.3 139.4 141.1 141.7 140.2 139.2 137 129.3 137.3 140.6 141 140.7 142.1 143.5 145.1 146.5 147.9 149 151.3 152.6 153.3 153.5 153.2 153 152.9 152.6 152.5 152.5 152.5 153.1 154.4 155.7 156.4 156.8 156.3 156.7 156.3 155.9 155.6 154.3 147.8 152.2 157.3 158.6 158.8 157.1 156.9 156.1 154.7 153.4 153.8 155.3 154.1 146.9 144.6 150.5 162.4 166.8 167.4 167.7 168 168.8 168.7 167.8 166.7 167.1 167.6 168.4 170.2 172.6 175 176.1 176.4 176.6 174.7 172.8 170.5
140.7 140.1 139.1 132.3 138.3 137.8 136.9 136.5 131.6 133.2 140.8 143.1 143.4 143.3 144 145.2 146.3 146.9 148.2 149.2 150.9 152.4 152.7 152.7 152.4 152.3 152.3 152.2 152.2 152.1 152 152.7 154.6 155.8 158.2 158.5 158.5 157.4 156.2 155.3 153.7 152.3 140.2 154.2 157.2 158.4 158.1 156.8 157 156.6 153.9 152.9 156.7 156.2 155.7 146 146.2 147.7 166.3 168.9 168.3 168.5 167.4 167.1 167.1 166 165 164.9 165.6 166.3 168.3 171.4 173.5 175.4 174.7 173.1 171.4 170 169.4
140.1 139.5 138.3 137.1 130.9 135.1 135.2 135.3 130.8 131 137.3 139.4 140.2 140.3 141 141.7 142.3 143.1 144.9 146.7 148 150.3 151.1 151.5 151.6 151.6 151.7 151.8 151.6 151.5 151.4 151.1 153 155.3 157.9 157.7 157 155.8 154.5 152.8 150.6 140 147.5 153.9 155.8 156.9 156.2 155.2 155.9 154.9 151.9 157.7 157.1 156.1 155.7 144.9 145.2 150.2 166.4 166.8 168 168.1 165.2 164.6 164 163.4 163.2 162.3 162.9 164.4 168 170.7 172.8 172.2 171 169.7 168.7 167.8 167.3
137.6 137.3 136.7 135.6 134.6 129.3 133.6 133.5 130.3 128.7 132.5 134.7 135.9 136.5 136.7 137.5 138.3 139.8 141.6 143.4 145.6 148.7 152.3 152.6 151.6 151.4 151.6 151.4 151 150.9 150.7 150.4 151.4 153.4 154.9 154.1 152.5 151.5 150.5 149.8 142.8 138.4 146.6 150.2 153.7 153.9 152.3 151.5 152.6 151.2 158.2 159.3 157.5 156.6 154.7 148.6 144.4 150.8 160.1 162.8 162.3 162.1 160.6 159.8 159.5 159.6 159.4 159.5 161.6 164.6 168.1 170.1 169.7 167.9 167.2 166.1 165.2 163.7 165.9
135.3 135.1 134.8 134 133.2 132.6 128.2 130.4 128.4 128.6 130.6 131.6 133.5 135.1 135 136 137.9 139.8 141.2 143 146 150.5 154.7 154.9 153.3 151.3 151.5 151 150.5 150.3 149.9 149.7 149.9 151.1 151.4 151.2 149.9 147.9 146.4 146.2 137.2 146.9 147.4 147.5 147.5 148 147.8 147.7 150.5 154.1 161.8 161.7 159.3 157.9 156.9 153.2 142.1 144.5 148.7 158 159.9 158.9 157.3 156.4 156.1 155.8 158.2 160.5 162.1 164.4 165.6 166.2 165.7 164.6 163.8 162.5 162.1 162.2 163.9
134.1 133.6 132.8 132.1 131.5 130.6 129.5 128.4 127.7 127.9 129.3 130.7 132.4 132.8 133.7 135.6 137.5 139.5 141.3 143.5 146.5 149.7 151.8 152.6 152.2 151.9 151 150.5 150 149.6 149.2 148.9 148.8 149.9 150.4 150.3 149.5 148.4 147 142 136.6 146.7 147.1 146.8 146.2 146.3 146.5 149.2 150 158.5 162.3 163.8 161.9 160.5 159.4 158.4 143.4 143.1 141.8 145.2 157.3 156.4 155 153.9 153.2 154.1 158.1 160.3 161.9 163.4 163.1 162.5 162.5 162.3 161.4 159.5 159.6 162.3 162.7
135.6 135 133.9 131.8 129.9 129.1 128.5 127.8 126.9 126.3 127.1 129.9 130.7 131.8 133.9 135.8 137.5 139.3 141.9 144.4 147.1 149 150.8 150.6 150.3 149.8 149.1 148.7 148.5 148.3 147.9 147.8 148 148.8 149.3 149.2 148.7 147.7 146.7 145.8 137.5 142.9 146.2 145.8 145 145.1 145.8 149 151.6 153.6 157.8 161.4 162.2 160.6 159.3 158.1 146.2 140.7 142.1 138.6 143.4 154.2 152.3 151.2 150.3 153.7 156.5 158.6 159.9 161.7 161.5 161.1 160.8 160.6 158.2 160.9 161.3 160.9 162.1
136.5 135.5 135 133.1 131.7 127.4 128.5 128.4 128.8 125.5 123.1 129.1 130 131.1 133.3 135.5 137.4 139.2 141.7 144.8 147.2 149.3 150.1 150.1 149.9 148.9 148.4 148.1 147.2 147 146.7 146.5 146.8 147.8 148.1 147.9 147.3 146.6 145 143.7 140.8 138.5 143.3 143.1 143 143.7 146.2 147.8 150.2 154.6 158.8 162 162.8 161.1 159.9 159.1 158.1 151.3 144.5 142.2 137.3 143.3 147.1 146.7 150.3 152.4 154.6 156.8 158.4 159.8 159.5 159.3 159.1 157.6 155.2 157.1 159.2 161.9 163
136.7 135.7 135.3 134.3 132.7 122.4 127.7 127.6 128.6 124.2 125.4 128.1 129 130.2 132.4 134.6 136.7 138.9 141.4 144.5 147.1 149.7 150.5 150.5 149.8 148.8 148.3 147.6 146.6 145.8 145.4 145.4 145.2 145.9 145.7 145 144.3 143.3 142 140.8 135.6 134.5 140.3 140.4 140.3 141.5 145.1 147.4 151.9 154.4 159.2 161.8 161.6 160.2 158.9 158.4 158.5 157.2 152.5 145.8 141.3 138.6 140.8 142.2 147.5 150.6 151.7 153.5 155 155.7 155.9 155.9 154.7 152.7 153.4 161 164.1 165.7 165.7
136.9 135.9 135.3 134 132.7 130.2 126.2 128 127.8 119.9 125.2 126.9 128 128.9 131 133.7 135.9 138.3 141.2 144.2 146.8 149.3 150.2 150.7 150.5 148.8 148 147 146 145.2 144.8 144.6 143.5 142.9 142.9 141.5 140.4 139.7 138.7 137.3 134.1 132.6 137 137.7 137.9 140.3 145.2 148 151.3 154 159.3 160.5 160.4 159.5 158.1 157.7 157.8 157.2 156.5 155.2 152.7 140.1 137.7 139.8 144.9 149.4 149.8 149.9 151.1 152.1 151.8 151.4 151.2 151.4 159.1 164.7 166.5 167.7 167.7
138.3 136.8 135.2 133.5 132 129.9 127.4 124.6 122.5 121.4 123.7 125.4 127.2 128.9 131 133.2 135.3 138 141 143.9 146.3 148.4 149.5 149.6 149.3 148.7 147.3 146.4 145.4 144.7 144.2 143.9 142.4 141.2 140 139.3 139 140.5 139.6 138.1 133.7 131.3 134.2 137.9 139 141.4 144.5 145.7 149.5 152.4 153.6 157.9 158.1 157 155.9 155.1 156 155.3 155.4 154.6 153 151.3 137.7 135.3 139.2 147.8 148.3 147.4 148.2 149.2 149.9 149.5 149 152.9 157.4 162.9 165.5 166.8 167.3
138.6 137 135.5 133.7 131.7 129.3 125.9 123.6 117.7 121.2 123.2 124.8 127.3 128.9 130.9 133.1 136 139.2 141.4 143.7 145.6 146.9 147.7 147.9 147.7 147.7 146.4 145.7 144.9 144.2 143.6 142.8 141.8 141.2 140.8 140.4 140.6 141.6 140.7 138.3 136.5 130.7 132.3 136.4 138 140.2 144.4 145.1 148 148.6 150.7 152.2 152.8 152.3 151.6 151.2 151.3 153.5 153.9 153.5 151.9 150.1 144.1 136.3 136.5 141.7 142.4 141.8 145.5 145.1 147.1 149 150.8 152 155.2 160.8 164.6 166.1 167.1
135.6 133.9 132.4 130.8 128.5 125.8 123.4 120.8 116.3 121 122.8 124.8 127.3 129.5 133.9 137 140.5 141.7 142.2 143.2 144.2 144.8 145.4 145.6 146 146.2 144.9 144.2 143.7 142.9 141.9 141.3 141.5 141.6 141.2 140.9 141.8 141.4 139.9 137.8 136.6 133 131.3 135 138.3 142.6 142.4 145.7 147 148.8 149 149.9 149.5 147.5 147.7 147.9 150.4 153.4 153.9 153.3 151.5 149.2 144.7 136.7 134.5 143.1 147.9 148.7 149.2 149.5 149.9 150.7 151 151.8 153.5 157.6 161 163.5 164.7
134.6 132.2 130.3 129.3 127.3 125.1 122.7 120.4 116.2 121.1 123.5 126.1 128.7 130.4 135.4 139.3 140.7 142 142.2 142.6 143.1 143.2 143.4 143.8 144.1 143.9 143.2 143 142.8 142 141.5 142 142 142 141.3 140.6 140.7 139.6 136.2 131.7 128.1 129.7 131.1 136.2 138.6 144 140.4 147.3 147.3 148.5 148.6 148.3 146.9 144.7 144.1 148.1 152.7 154.6 154.6 153.4 151.5 149.2 146.5 135.9 134.8 140.8 147.6 147.3 148.4 149.6 150.7 151.2 151.1 151.4 152.2 154.1 157.2 160.4 161.5
132.3 130.5 129 128.1 126.2 123.3 121.4 115.8 117.8 121.3 124.2 128.1 132 133.6 136.8 139.4 141.3 142.8 143 143 142.1 142.3 143 143.9 144.7 144.8 144.7 144.7 145.2 144.8 143.3 142.7 142.6 141.5 140.3 138.4 138.7 135.8 129.3 127.2 133.1 134.8 134.6 135.2 136.3 143.7 139.5 145.3 146 147.4 147.4 146.5 144.7 143 141.8 145 149.3 150.4 150.3 149.2 147.8 146.4 144 135.1 133.9 134.8 147.5 148.8 150 150.6 151.6 152.3 151.9 151.8 152.6 154.4 155.8 157.2 159.2
130.4 128.9 127.4 125.7 123.8 120.5 119.7 114.9 119.5 121.4 124 131.3 136.2 139.8 141.9 142.9 143.6 144.5 145.7 145.8 144.4 144.3 144.7 145.8 146.9 147.5 147 146.8 146.5 145.2 143.8 142.1 141.1 139.7 138.7 137.5 136.5 131.1 126.3 135.4 142.1 146.7 146.2 143.8 141.2 144 141.9 142.8 143.7 144.7 144.3 143.2 142 140.4 140 139.3 140.7 142.4 142.4 142.3 141.8 141 138.7 131.1 132.8 138 150.1 151.3 151.4 152 152.8 152.8 152.7 152.1 152.4 154.2 155.6 157.1 157.8
128.4 127.1 125.6 123.4 121.1 118 113.9 117.6 120.4 122.3 125.4 130.2 136.1 139 140.3 140.5 140.8 142.3 143.5 144.6 144.8 144.3 144 144.1 143.9 145.3 145.1 144.5 143.1 141.8 140 138.3 136 134.1 133.8 131 128.8 126.2 127.9 138 143.8 147.1 147.5 145.7 143.8 140.9 142.5 142.6 142.2 141.9 141 140.1 139.8 138.6 138.3 138.1 137.7 138.1 139 138.7 133.2 127.8 133.2 131.7 133.2 149.6 151.2 151.7 151.9 152.4 153 153.3 153.5 153.2 152.9 154.3 155.5 157.1 157.4
126.1 125.3 123.9 121.5 118.7 113.7 116 119.8 124.8 128.9 132.6 135.7 137.9 138.2 137.8 138.3 139.1 140.1 140.8 141.4 143 143.6 143 142.7 141.8 141.3 141.6 139.8 138.1 136.6 135.2 133.5 131.8 130.1 127.3 124.2 125.5 128.2 132.6 136.8 142.3 146.2 147.2 142.7 143.1 144.3 142.9 142.1 141.6 140.8 140 139.1 138.4 137.6 137.9 137.5 132.2 132.3 123.2 128.7 129.8 129.7 130.1 131.3 132.8 146.4 149.6 151.3 152.2 152.7 153.5 154.7 154.8 154.9 154.6 153.8 155.3 157.5 157.5
124 123.1 121.9 119.6 114.6 113 118.4 125.3 130.4 132.8 135.8 137.8 138.2 138.3 138.3 138.6 138.8 139.1 139.5 139.6 139.6 139.6 139.8 139.3 138.6 137.9 137.6 136.1 134.3 132.5 131 129.5 127.9 123.9 122.3 127.4 132.1 135.5 136.7 139.8 143.6 146.3 146.9 140.2 142.2 143.6 141.7 141.5 140.8 139.7 138.9 138.1 137.3 136.8 137.2 133.7 127.7 123.5 128 128.1 131.5 131.2 129.5 132.1 136 141.5 144.8 147.3 148.5 148.6 150.6 151.9 154.1 154.9 155.2 154 154.2 155.2 157.1
121.3 120.4 119.4 117.3 112.6 114.4 119.3 126.3 131.6 134.7 136.3 137.3 137.9 138.3 138.3 138.5 138.8 138.7 138.8 139 138.2 137.4 136.9 136.5 135.8 135.1 134.2 132.8 131.2 129.9 128.3 126.5 124.1 120.4 126.1 132.4 137.4 139.2 139.6 141.7 143.7 145.1 145.6 140.8 141.1 140.9 140.1 140.4 139.7 138.6 137.8 137 136.3 135.9 136 126.3 125 124.3 131.5 132.3 133 133.9 137.9 138.3 137.9 138.1 138.8 140.7 141.6 142.5 143.4 146.6 150.1 152.5 153.7 154.9 155.4 155.3 156.4
118.7 117.9 117.1 115.2 112.9 115.1 116.8 122.2 127.5 131 133.5 135 136.3 137.4 138.1 138.4 138.7 138.7 138.5 137.9 137.2 136.5 136 135.6 134.5 133.2 132.1 131 129.4 127.9 125.9 123.8 121.3 120.9 127.3 133.1 137.3 138.6 139.7 141.2 142.5 143.3 143 140 143.6 138.8 138.4 139 138.5 137.1 135.5 135.7 135.3 134.8 129.6 126 126.2 130.3 139.3 139.2 139.4 139.5 139.3 137.6 137.6 137.3 137.1 138.1 139.1 139.9 140.9 142.9 144.8 147.4 152.1 155 157.9 157.1 157.4
116 115.3 116.8 111.4 112.6 116 117.6 119 121.3 123.6 126.4 128.9 131.9 133.8 135.9 137.9 138.5 138.4 137.7 137.1 136.5 135.7 135.2 134.5 133.2 131.9 130.7 129.4 127.3 125.4 123.5 121.3 119.2 120.8 129.5 135 137.6 138.3 139.4 140.6 142.1 141.5 140.3 138.9 139 137.2 136.9 137.4 136.9 135.7 134.4 132.6 129.7 128.9 123.9 125.2 126.1 136 137.7 138 138.2 138.3 137.8 137.2 136.8 136.5 136.6 137.3 138.1 138.3 139.1 140.6 142.7 144.5 146.6 149.3 150.7 151.9 151
115 112.7 111.8 110.7 115.7 117.2 118.4 119.7 121.3 123 125 127.4 130.1 133.7 136.2 137.3 138.2 137.8 136.7 136.2 135.5 134.9 134.3 133.2 132 130.8 129.8 128.5 126.5 124.4 122 118.8 117.9 125.6 133.3 136.9 138.2 138.7 139.5 139.9 140.5 139.7 138.7 137.9 135.3 134.8 136 135.8 135.1 133.4 132.3 130.7 123.7 123.5 122.7 124.7 131.8 135.2 136.5 136.9 136.9 136.7 136.2 136 136 135.6 136.1 136.6 137 137.2 137.6 138.7 139.8 140.8 141.8 143.4 145.1 144.4 144.8
114.3 112.1 109.8 110.7 116.6 118.7 120.1 121 121.9 123.5 124.7 125.6 128.3 132.4 136.1 138 138.1 136.9 135.1 134 133.5 133.3 133.2 132.2 130.8 129.5 128.5 127 125.4 123.1 120.1 117.4 121.5 129.5 134.6 136.9 137.4 138.2 138 138 137.6 137.2 137 139.4 132.1 137.2 136.1 138.1 137.1 134.9 132.6 121.8 122.1 123.8 128.5 131.6 133.9 134.2 134.2 135.7 136.4 135.1 134.7 134.8 134.8 135.2 135.9 136.2 136.7 137.1 137.3 137.6 138.4 139.1 139.6 139.7 140.5 141.2 141
107.6 107.4 110.1 114.5 118.7 120.6 122 123.2 123.9 124.7 124.6 124.8 128.7 135.3 137.5 138.6 137.8 136 134.1 132.2 132.4 132.6 132.1 131.3 129.6 128.1 126.6 125.1 123.5 121.5 117.6 116.4 125.1 131.2 134.2 135.5 137.8 136 135.6 132.9 134.7 134.3 133.7 134.2 132.8 137.6 135 139.2 137 134.9 134.7 116.8 123.1 129.5 130.7 130.3 129.6 130.4 133.6 134.9 136.2 136.4 135.8 135.9 135.9 135.5 135.6 135.6 136.2 137.1 137.5 137.9 137.8 138.1 138 137.6 138 138 137.6
115.4 116.9 116.4 118 119.6 121.3 122.8 124.1 125 124.5 124.4 124.4 129.9 134.8 137.1 137.6 136.9 135.3 133.4 132 131.1 130.3 129.6 128.6 127.3 125.9 124.4 123.2 122 120.3 116.9 116.7 124.9 129.8 132.3 133.6 133.8 133.7 133 130.9 133.5 130.5 133.4 132.1 131.4 133.7 133.3 135.8 133.2 133.4 132.1 121.7 121.9 126.2 127.8 128.7 129.3 132.8 136 137.1 138.8 138.9 137.9 136.8 135.8 133.8 134.9 136.2 137.5 138.2 138.2 138.8 138.8 139.1 138.7 138.1 137.7 137.3 136.9
116.7 117.6 117.8 119.5 120.8 122.1 123.6 124.9 125.5 124.6 123.9 124.2 125.1 129.4 133.5 135.2 135.3 134.1 132.8 131.1 129.6 128.6 127.6 126.6 125.3 124 122.9 121.7 120.4 118.7 115.8 115.2 117.8 120.7 123.9 127.1 129.3 129.5 129 130.1 127.1 129.9 132.6 128.1 128.5 129.6 131.6 130.9 130.6 131.9 125.2 116.1 122.3 122.9 126.1 127.5 127.7 128.5 130.7 132.4 133.2 135.5 133.5 132.7 132.2 133.7 138.3 139.8 141.8 142.1 141.9 142.2 141.4 140.4 139.4 138 136.6 136.4 136.1
115.3 116.9 118.2 120 121.7 122.8 123.5 123.7 123.6 123 122.6 122.2 121.9 123 125.7 129.1 130.6 130.9 130.5 129.2 128 126.8 125.7 124.6 123.7 122.4 121.2 120.1 118.8 116 115 115.7 117.4 118.8 120.7 122.9 125.3 126.2 125.7 126.4 124 128.1 125.7 124.9 125.3 126.6 127.5 126.9 130.2 130.1 120.7 116.4 121 122.6 124.6 126.3 127 127.5 128.6 130 130 130.7 130.4 131.1 131.8 134.5 138.6 141.7 143 143.6 142.6 142.7 141.2 139.4 137.9 136.9 135.5 135.2 135.4
116.5 117.1 118 120.4 122.1 122.6 123.1 122.3 121.7 121.2 120.8 120.5 120.7 121.7 122.5 123.5 125.3 127.5 127.8 126.9 125.6 124.9 123.7 122.6 121.6 120.7 119.5 118.5 115.6 113.5 115 115.9 118.1 120.5 122.1 124.1 124.8 126.4 125.1 121.6 125.1 122.8 123.2 123.3 123.7 124.3 124.6 127 129.1 127.4 123.4 116 119.5 121.6 123.8 125.9 126.4 127.4 127.9 129.2 128.8 129.7 130.6 131.5 132.3 134.2 138.4 142.5 143.3 143.2 142.7 141.3 139.6 138.3 136.4 135.5 134.2 134.8 134.8
122.9 123.6 123.5 122.6 123.3 122.5 121.6 120.8 120 119.5 119.8 120.1 120.3 120.5 121.4 121.9 122.7 124 124.6 124.5 123.7 123 121.8 120.6 119.6 118.7 117.7 116.2 113.5 114.4 117.2 119.5 120.2 123.1 124.5 125.2 125.5 126.2 126.5 120.3 124 123 122.2 122.6 123 124.3 124.5 127.3 124.8 124 122.6 117 118.4 120.9 123.7 125.2 126.2 127.4 127.2 127.7 129.1 129.4 130.1 130.8 131.5 132.5 134.8 138.3 139.6 139.8 141.7 140.2 138.8 137.5 135.8 134.2 132.2 133 128.2
