app/static/ascii/NS45.asc
ncols 200
nrows 200
xllcorner 240000
yllcorner 650000
cellsize 50
[rows 70 to 104 of 200, columns 78 to 155 of 200]
222.2 221.2 216.2 209.3 203.6 196.5 192.3 189.9 187 185 181.4 176.3 171.3 168.5 164.1 162.3 159.3 156.4 151.8 148.4 144.1 144.7 144 141.7 137.9 135.4 133.2 131.6 130.2 130.4 130.7 132.4 141.9 145.5 145.5 146.6 149 150.5 152.8 158.5 162.5 163.1 164.4 164.8 162 159 155.3 152.9 151.8 148.5 145.8 141.9 136.3 133.4 133.7 131 126.8 125.6 128.1 128.4 128.5 131.5 135.7 138.9 141.9 140.4 144.7 146.3 148.1 148.5 148.3 147.4 146.9 149.4 150.1 154.7 154.7 151.5
207.3 205.2 199.7 191.4 185.9 180.7 178.5 177.1 175.9 172.4 166.8 163 159.3 156.7 153.9 152.1 150.2 148.3 144.2 141.8 141 141.9 142.2 139.5 134.2 132.3 131.6 131.2 130.6 130.4 130.6 137.9 145 146.4 146.9 150.9 152.3 150.7 155.2 158.4 160 161.9 162.4 161.1 158.1 154.8 151.5 150.4 147.3 146.5 143.9 139.9 135.3 133.9 131.1 128.4 125.8 127.3 128.9 129.6 135.2 137.7 142.3 147.6 147.2 145.4 150.8 151.4 151.9 151 149.6 150.4 150.7 150.6 153.1 157.5 153 150.6
189.6 185 180.9 174.5 171 167.3 166.3 166.4 163.6 158.3 153.5 149.7 143.4 144.5 145.3 144 143.5 141.5 138.5 138.4 141.1 142.8 141.7 135.4 132.4 132 130.8 130.2 130.8 134.4 137 138.9 146.9 147.8 149.5 150.3 150.5 151.6 153.7 154.1 156.1 158.3 158.2 157.6 155.6 153 149.2 144 140.5 138.1 136.1 134 131 128.9 128 127.4 126.7 129 134.4 141.8 151.3 148.1 147 149.7 150.1 152.7 155.7 156 154.8 154.1 154.6 159 158.2 156.1 160.3 155.6 155.3 152.1
174.3 171.1 166.7 161.4 158.8 155.5 156.6 155.5 152.2 145.5 140.1 136.7 133.3 136.5 136.3 139 138.2 137.1 136.4 137.1 136.6 133.1 133.7 132.8 132.2 131.2 130.7 133.6 139.1 143.8 145.8 142.3 148.5 149.3 150.9 150.3 150.6 154.9 157.1 156.3 155.3 155.1 156.7 157.1 154.5 148.8 145.5 139.6 137.1 134.6 132.9 131.3 129.6 129.2 128.6 128.3 128.3 139.5 150.1 149.9 149 148.2 152.4 152.4 152.7 156.7 158.4 158.1 159.2 158 164.6 167 166.7 165.4 163.2 160.5 153.7 150.3
159.8 153.8 148.7 147.3 144.4 143.6 143.8 142.2 137.9 133.3 129.9 127.4 128 129.2 130.3 130.2 133.6 134 134.2 133.9 133 132.3 132.7 131.1 130.8 132.1 136.7 142.4 143.8 146 147 144 149 149.4 149.9 150.2 153.7 156.5 156.3 155.9 156.4 154.8 154.6 153 148.9 143.6 140.3 137.5 136.7 135.3 134.4 132.3 132 132.6 134.4 133.3 129.8 148 151.7 150.2 148.8 153.4 155.8 155.9 157.3 158.1 160.4 160.8 161.5 163.1 170.1 171.6 170.3 169.4 167 162.7 153.1 150.1
146.2 138 133.4 133.8 134.4 134.5 132.6 130.4 127.2 124.3 123.8 124.1 128.5 129.8 133.7 134.7 134.3 133.2 132.7 133.2 132.1 131.3 131.9 132.4 134.1 136 143.5 145.4 147.3 149.5 148.9 143.3 148.4 149 149.3 150.5 153 154.9 155.7 156.4 155.3 154.3 152 148.2 143.8 140.9 139.2 139.5 139.9 138.5 139 137.7 137.6 138.6 140.6 139.2 132.6 150.4 151.5 149.6 152.2 154.1 158 160.3 163.2 161.5 161.9 164.3 165.3 170.1 171.8 172.7 172.8 171.6 165.7 161 153.7 151.5
135.4 129.8 127.8 127.3 127.5 127.2 124.7 122.5 121.7 123 126.6 126.4 130.3 135 136.8 136.5 134.7 132.8 132.4 132.9 132.3 133.9 138.6 138.2 140.1 142 142 143.4 149.6 150.6 149.2 144 148.4 148.5 148.7 150.8 153 155.3 155.9 157 155.4 152.4 149.5 144.5 142.5 144.5 145.8 145.9 145.2 145.6 146.1 146.9 147.5 147.9 147.3 145.5 134.6 147.4 149.7 151.9 155.4 159.2 166 167.2 168.1 166 163.3 166.4 172.2 173.8 174.1 174.4 174.6 172.9 166 159.4 155.1 153.5
125.6 123 123.2 122.7 121.4 121.1 121 121.8 124.5 122.2 123.4 127.2 134.1 140.1 142.2 141.7 136.8 133.2 132.6 133.3 136 138.2 141.3 143.2 145.5 148.5 149.9 150 150.9 150.1 148.8 146.4 144.7 146.4 150 152 153.1 154.8 155.7 155.9 154 150.5 146.4 144.2 150.8 154.1 152.5 154.1 156 157.3 158 158.1 157.3 154.7 153.4 152.1 141.2 151.7 157.2 159.5 162.2 168.1 169 169.3 169.7 169.2 169.4 171.8 176.2 175.2 175.6 174.8 173.6 173.6 169.9 158.6 153.9 152
121.5 121.2 121 121 120.2 120.1 121.7 120.9 121.5 122.4 127.9 137.2 143.9 144.8 144.6 141.6 135.6 133.6 134 138.2 142 143.4 143.2 145 147.8 149.5 149.9 149.9 150 149 148.1 146.7 144.6 146.3 149.7 149.2 149.8 150.8 150.5 150.2 149.2 146.1 151.2 152.9 155 162.7 163.8 167.2 168.1 167.7 167.4 166 162.6 160.8 160.8 152 148.9 159.8 163.7 166.9 169.2 170.3 171.9 171.4 170.4 169.9 172.1 175.8 175.9 175.7 176.2 176.3 178.3 176 173.1 163.7 159.7 162.3
119.9 119.9 120 119.8 120.7 120.3 120.8 121.4 124.1 134.2 147.3 152 152.7 152.7 143.8 136.4 135.5 135.7 138.3 142.3 144.8 145.7 146.7 147.8 150.2 149.7 149.6 149.9 150 148.7 147.4 145.6 144.7 147 146 146.3 147.8 148.7 148.7 146.3 147.8 152.5 156.2 159.6 166.1 166.6 169.8 173.2 173.9 174.1 171.8 165.3 163.6 160 156.8 150.8 160.1 166 168.6 170.7 170.9 172 172.6 171.8 170.5 170.4 173 175.2 174.6 176.3 176.5 180.3 181.1 182 173.9 167.3 170.9 169.6
119 119.1 119.2 120 120.6 122.5 124.8 128.5 138.7 148.6 153.9 156.9 154 143.8 139.5 141 142.3 144 146 149.7 150.2 150 150.5 149.6 149.6 149.9 148.6 148.7 148.6 147.5 146.7 145.4 144.8 145 145.6 146.4 145.8 146.3 146.5 147.1 147.5 153.3 157.1 164.2 166.9 169.4 173.2 174.8 175.2 172.6 165.1 160.9 159.6 156.7 152 155.4 162.1 166.6 169.1 170.7 171 171.6 170.7 169.5 168.9 169.4 174.7 172.3 173.9 175.3 177.7 180.1 180.9 181.3 174.4 171.3 168.9 165
120.5 120.8 121.8 121.9 127.5 134.3 141.5 146.3 149.9 155.9 158.2 154.6 147.5 147.6 151.3 153.6 148 148.1 150.4 155.1 155.7 153.4 153.9 152.9 150.2 150 149.6 148.2 146.7 146.2 145.9 145.1 144.5 144.8 145.3 145.9 147.4 146.8 146.6 147.6 147.6 148.3 153.2 159.7 166.3 170.5 173.6 174.5 172.7 166.9 160.7 158.7 156.4 154.1 152.1 158.8 168.3 170.2 171.8 172.4 172.1 172.3 171.9 171 170 172 170.4 169.6 170.3 172.5 176.7 179.4 179.2 177.8 175.3 172.2 165.9 162.9
126.8 130 131.8 135.2 143.4 149.9 151.9 153.8 155.5 157 154.1 150.3 155.8 159.5 159.2 157 158 156.3 162.8 162.2 159.9 158 155.5 151.9 150.2 150.3 148.5 148 147.4 147.4 146.8 147.4 145.2 145.6 146.8 150.3 152.1 150.1 148.7 148.1 148.4 149.2 150.3 156.5 165.9 171.5 173.7 172.6 168 162.1 159.1 156.8 154.1 151.5 154 165.2 169.9 172.1 175.4 175.8 177.6 180.6 181.1 171.4 169.2 169.3 169.3 169.4 170.5 172.3 174.6 180.5 186.4 182.8 178.2 175.9 168.1 166.9
136.7 140.2 143.7 148.3 154.1 155.5 153.7 155.6 156.6 156.6 153.9 160.6 160.9 160.3 159.9 158.6 160.1 167.7 169.7 166.3 163 158.5 154 151.4 151 150 149.3 149.2 149.3 153.1 154.9 155.5 153.5 152.3 153.2 155.4 159.3 159.3 156.2 156.4 153.5 153.1 151.6 156.9 168.1 171.1 172.5 171 165.3 159.9 157.4 155.9 152.4 151.5 157.1 167.5 171.7 175.5 180.3 186.2 187.7 196.6 189.3 170.7 169.5 169.4 169.5 172.8 174.9 174.8 180.5 189.6 193.7 189.1 185.1 180.2 177.3 175.3
144.9 149.6 152.2 154.7 155.8 155.2 154.3 156.5 155.5 155.7 160.4 161.4 161.6 161.7 162.2 161.9 167.3 169.3 168 164.6 160 156.8 157.8 157.1 156.7 154.9 150.3 150.3 152.8 157.6 163.3 166.9 166.6 168.8 171.5 174 171.3 172.3 169.3 169.4 170 166.2 157.7 157.6 169.7 171.8 171.6 168.5 161.6 157.8 156 151.7 151.7 153.7 160.5 169.3 177.8 181.1 184.3 189.6 194.5 200.3 191.7 170.7 169.9 170 172.8 175.4 179.6 180.6 179.6 196.3 199.8 194.4 190 183.6 182.5 180.9
150.1 153.1 154.4 156 155.4 154.2 154.2 155.5 157.4 158.5 162.1 165.9 166.8 163.2 164.3 167.4 167.5 166.6 164.7 164.3 163.7 164.1 164.1 164.5 162 155.5 151.8 157.3 170.1 170.7 173.2 177.4 189.6 191.5 194.4 196.9 181.4 181.6 182.9 185.3 178.8 172.7 161.9 163.2 172.1 172.1 169.4 163.8 158.5 156 153.5 151.6 151.7 155.8 164.2 173 180.9 186.1 188 191.6 199.1 204.3 185.4 172 170.7 172.5 178.7 182.8 186.7 189.2 190.2 196.5 205.9 200.3 191.8 185.4 184.9 184.8
152.6 153.8 155.5 155.6 154.4 154.1 156.3 159.3 158.4 165 167.1 167.5 164.9 165.2 169.1 173.2 171 168.3 169 168.8 169 169.6 169.3 169 164.5 156.7 155.6 166.8 178 180.9 187.2 196.2 197.2 208.4 213.3 211 203.5 189.9 188.7 186.2 180.4 171.6 161.8 166.7 169.6 168.9 164.9 159.1 155.8 153.3 151.6 152.2 152.7 159.4 167.8 176.1 183 188.1 192 196.5 203.5 201.1 187.1 177.3 172.3 176.1 182.7 191.3 193.7 195.6 196.7 198.6 199 194.7 190.5 186.6 185 188.3
153.8 154.8 155.5 154.9 153.6 158.5 158.2 159.7 159.2 164.3 166.8 166.4 168.8 172.6 176.4 175.8 174.4 172.3 173 173.5 174.3 175.7 175.3 173.2 166.7 158.3 160.9 176.9 191.7 195.5 200.6 205.9 213.4 218.4 218.5 216.1 205.4 190.8 190.1 187 180.2 168.6 163.4 169.3 170 166.6 160.8 156.6 153.7 152.3 151.5 151.8 154.4 160.6 170.2 178.4 184.9 190.8 194.9 202.8 206.5 202.5 193 183.3 174.9 176.7 188.3 194.8 198.2 198.7 198.4 196.8 193.1 192.1 189.3 187 188.9 191.6
153.8 154.6 154.9 153.2 157.7 159.6 161 160.3 162.6 166 168.4 171 173.5 175.4 181.3 182.8 178.5 176.1 177.1 178.1 177.6 177.3 177.4 176 167.9 159.7 170.3 188.9 197.9 198.6 212 217 219.6 220 220.4 213 200.4 192.6 190.3 184.7 174.9 165.7 168.8 169.5 168.1 163.3 157.9 154.1 152.3 152 152 152.1 157.8 165.4 172.9 180.5 186.4 192 198.4 205.2 205.6 204 192.8 184.4 177.6 177 184.8 195 199.1 199 196.4 190.9 188.4 188.2 188.3 193.2 192 191
154.1 154.4 153.3 155.5 158.2 161.6 160.7 160.9 164.1 167.7 172.4 176.7 176.7 180.8 189.1 189.7 180.8 178.2 180.1 180.2 181 182.4 182.3 177.1 166.1 171.9 183.6 201.5 205.8 210.1 215.6 219.4 220.9 222.8 220 212.3 198.9 193.7 188.6 180.6 172.2 167.8 172.7 170.5 167.6 161.1 155.6 152.9 151.8 152 152.5 154.2 160.1 168.2 176.6 182.8 188.6 193.6 201.1 205.9 208.3 202.3 192.6 184.9 181.6 181.8 186.9 195.6 198.5 197.2 192.9 188.6 189.5 192 193.9 196.7 194 190.7
154.8 153.7 153.5 155.9 159.2 160.7 161.1 161.9 166.2 172.2 177.8 182 184.3 189.3 192 185.1 180.7 183.7 184.1 182.7 184.2 186.4 185.3 173.4 176.1 180.1 193 203.2 208.4 214.7 217.8 220.1 223.8 222.2 217.7 205.7 197.3 191.5 186.1 177.3 169.7 171.2 173 169.2 163.6 157.7 153.9 152.6 152.3 152.4 152.2 156.3 161.8 170.7 178.1 184.3 189.7 196.7 202.7 205.6 204.9 197.3 191.7 187.2 189.8 191.2 192.4 196 197 193.5 190.6 192.1 204.9 216.6 216 207 202.1 193.1
152.9 152.1 153.7 156.9 159.5 159.4 162.3 163.9 168.5 176.5 180.9 186.9 190 194.1 192.4 183.7 185.6 187.4 186.2 188.3 189.9 189.9 184.3 182 182.7 188.5 199.6 205 211.1 217.6 218.9 221.5 222.4 220.5 211.9 202.6 196.6 189.7 182.6 175.9 173.3 174.4 172.1 167.6 160.7 156 153.6 152.9 153.6 153.2 153.5 158.7 165.2 172.8 179.6 185.5 191.7 198.3 203.3 204.5 200.5 195.9 193.5 195.9 196.2 194.1 191.9 194.9 193.9 190.9 193.1 217.8 237.8 239.2 238.5 225.5 213.5 199.1
151.5 151.1 154.2 158.1 157.5 160.8 166.2 166.3 173.7 177.2 183.8 188.9 192.1 196.5 189.6 186.4 188.2 191.3 191.2 193 193.1 191.4 182.5 186.2 188.2 196.1 204.1 208 213 217.9 219.6 221.9 221.5 216.1 207.7 200.9 194.3 187 181.3 175.3 177.2 175 171.2 164.9 159.1 156.5 153.6 154.2 158 154.3 154.4 161.6 167.4 175.1 180.4 187.2 194 199.8 201.9 201.4 198.7 196.2 197.9 199.4 200.1 195.3 192.2 192.4 190.5 189.6 214.3 240 245.2 243.6 243.1 240.9 225 205.3
150.8 151.1 153.8 156.1 157.7 163.7 169.3 169.3 175.8 179.4 184.8 190.4 194.2 193 187.6 192.5 194.9 195.1 194.9 195.2 194.9 192.3 189.3 189.9 192.8 201 205.7 210.9 217 218.3 220.4 222 220.3 211.5 204 198.2 191 185.6 180.3 178.8 180.3 174.9 168.8 163.4 160.5 156.4 154.6 157.2 159.7 153.8 157.1 165.2 171.1 176.7 183.7 189.7 195.8 199.6 200.2 199.6 198.5 198.9 201.1 201.3 199.4 194.2 192.7 191.5 190 199.6 231.5 245.1 247.4 247.6 247.5 247 232.2 209.2
150.3 151 153.2 155 158.7 164.6 170.1 171.9 175.9 179.8 186.4 192 195.5 190.7 192 195.6 195.8 195.7 195.9 196.9 195.9 193.4 190.1 193.6 197 203.2 208 213.8 217.7 218.9 221.7 219 214.8 207.4 201.3 195.2 188.9 183.7 180.5 181 178 174.6 169.9 164.7 160.7 157.6 156.7 159 158.5 155 162.6 169.3 173.8 179.8 185.5 190.7 194.9 198.3 202.4 201.3 199.5 200.5 201.6 200.2 197.1 193.4 191 190.1 192.8 211.8 240.7 247.6 249.2 249.7 251.5 250.9 240.3 213.3
149.9 151.6 153.3 155.8 159.9 165.8 169.9 172.6 177.3 182.7 189.4 192.8 191.1 192.2 195.5 196.9 196.7 198.1 198.9 199.1 196.4 194.7 194.1 196.2 200.7 205.5 209.7 215.9 217.8 219.9 220.4 216.3 211 203.7 198.3 193 186.8 187.4 186.2 185.6 182.3 178 171.1 166 162.5 159.7 158.3 160.9 158 157.8 166 174.4 176.5 181.3 186 191.1 196.1 200.1 202.8 202.2 198.9 199.6 201.1 199.6 197.6 196.6 195.3 191.3 198.3 218.8 244.3 248.8 250.8 251.5 255.2 257.2 253.1 214.5
150 151.6 153.5 156.8 161.1 166.8 171.2 174.2 178.4 184.4 189.7 189.1 190.8 194.1 197 199.6 200.8 200.6 200.9 199.4 197.2 195.5 196.6 198.5 202.8 206.9 212.3 216.6 217.5 220.3 218.7 214.3 206 200.8 196 191.5 193 192.1 191.3 191 188 181.3 175.5 170.5 165.5 161.2 160.8 161.3 155.6 161.5 169.5 176.2 179.7 183.5 188.3 193.5 196.9 200.4 203.7 203.4 197.6 196.4 198.4 197.1 194.7 195.5 193.1 193.1 204.3 227.3 244.4 250.3 252.4 254 257.6 259.6 245.3 211.3
149.9 151.1 153.8 158.2 163.5 167.5 170.7 173.9 180.8 184.8 186.8 189.3 192.1 196.6 200.1 203.6 203.6 203.1 202.3 198.6 197.8 194.9 198.3 200.4 203.9 208.6 213.8 215.8 218.4 218.8 218.2 210.2 203.3 198.7 197.8 199.2 198.2 196 193.9 193.4 193.1 188 182.6 176.4 169.2 162 160.8 157.8 157.6 165.2 171.3 176.9 180.6 185.1 190.3 193.9 197.1 200.3 202.3 199.9 196.3 194.2 194.6 194.1 193.1 193.1 193.1 196.3 214.7 237.8 245.1 251.3 256.2 257.3 259.3 260.8 241.6 206.3
150.1 152.4 154.2 158.5 164.1 167.6 172 177.1 183.1 188.1 188.1 190.7 193.8 199.5 203.6 205.9 206 204.9 201.5 198 197.4 197.7 199.3 201.5 204.9 210.4 214 215.9 218.1 217.6 213.6 205.6 201.8 198.2 203.8 203 202.7 198.5 196.7 193.5 193.9 191.2 187.1 181.8 168.9 160.7 157.9 158.2 161.5 166.8 171.7 177.1 181.5 186.3 190.8 193.5 196.6 199.7 199.4 197.9 195.7 193.8 193.1 193.1 193.1 193.1 193.1 203 223.4 237.9 244.9 250.7 256.5 257.4 258.9 250.2 225.6 200.1
150.3 152 154.8 158.8 164.1 168 173.6 178.6 185.5 189.4 189.8 197 201.5 202.8 206.1 207.8 206.8 205 200.8 198.4 197.2 198.4 200.5 203 207.1 212.1 213.9 216.6 216.8 215.3 207.7 204 200.1 202 205.5 206.5 205 202.1 198.9 196.2 192.7 192.3 190.6 186.1 168.1 160 158.2 158.9 161.5 166.9 171.7 175.8 180.8 186.3 190.2 193.1 196.2 198.7 197 197.1 196.4 194.2 193.1 193.1 193.1 193.1 194.7 209.1 226.8 237.5 244.7 250.8 254.9 256.1 257.1 241.3 214.1 197.7
150.7 153.1 155.5 160 165.4 170.4 174.6 180.6 187.9 191.5 195.1 204.9 204.6 206 208.5 209.1 207.5 204.6 200.2 198.2 197.4 199 201.4 204.3 208.7 213 214.8 216.4 216.2 211.4 204.9 201.9 202.6 206.7 208.7 208.2 206.2 204.2 201.4 201.2 199.1 193.3 185.3 176.9 167.2 160.3 158.9 159.5 163 171.2 172 175.3 180 185.2 189.4 192.9 196.1 196.3 194.3 195 195.4 193.5 193.1 193.1 193.1 193.1 196.4 210.9 227 236.2 244.1 249.8 251.4 251.7 244.6 224.5 208.8 199
151.4 154.1 158.5 162.9 167.2 172.5 176.1 182.5 190 195 200.1 205.8 207.3 207.9 209.8 210.2 207.7 204.2 201 198.4 197.4 199.7 202.2 206.3 211.2 213.1 215.1 215.6 214.3 205.7 202.8 201.1 205.8 210.5 212 208.6 208 208.4 205.2 204.5 205.1 199.3 184.5 175 167.5 160.1 161 162.6 165.8 172.6 175.5 178.9 183.5 183.4 188.3 191.3 194.9 192.4 191.3 192.2 193.4 193.1 193.1 193.1 193.1 194.3 198.5 214.3 227.9 236.5 243.9 247.6 246.4 240 230.4 217.7 204.6 194
153.9 156.5 160.8 163.8 167.5 174.2 178.6 184.9 191.5 197.7 203.2 206.7 208.9 210.8 211.5 210.4 207.6 204.4 200.8 198.3 197.5 199.8 204.3 208.6 212.2 213.9 214.5 215.4 208.2 203.2 201.4 205.3 209.9 214.2 214.1 210.3 208.5 207.7 207.2 209.1 209 197.9 188.3 180.7 172.2 162.5 169.3 169.4 169.2 175.5 182.8 183.8 185.9 186.8 187.5 189.5 190.6 189.9 191.3 193.2 196.3 193.9 193.1 193.2 195.6 201.4 207.5 217 228.1 237 242 242.8 240 234.5 224.9 213.8 199.7 190.6
155.3 158.4 162.1 165.2 167.9 174.1 181.3 189 194.4 200.8 205.6 208.4 211 214 213.7 212.6 210.9 204.3 199.8 197.5 198.2 201 205.9 210.1 212.7 213.9 213.1 210.6 203.8 201.3 201.8 207.5 212.8 215.6 216.3 213.9 212.8 210.5 210.7 212.3 208.7 199.1 193.8 185 177.5 166.6 175.8 175.6 176.3 180.4 183.8 186.6 187.5 189.6 189.4 189.4 190.7 192.3 195 198.1 196.1 196.4 196.5 195.8 199.9 205.6 211.8 218.6 227.9 235.6 237.6 237.2 236.4 231.1 220.8 207.8 195.9 191.9
157.4 161.3 165.7 171.3 174.2 177.7 184 192 197.9 203.3 207.4 211.4 213.6 216.4 216.5 217.8 214.6 206.7 200.5 198.1 198.3 202.4 206.9 210.3 211.4 212 210.6 204.5 201.8 201.3 204.5 210.6 214.7 216.3 217 218 217.3 217 216.2 215.8 205.5 198.1 193.3 185.9 183.9 170.4 177.3 179 180.3 184.1 188 191 191.7 192.1 193.1 192.5 194.4 195.8 196.9 197.4 195.5 198.3 202.3 202.3 204 207.1 212.1 219.6 227.5 231.6 233.1 233.9 232.7 225.7 215.7 202.8 194.1 198.2
