app/static/ascii/NS47.asc
ncols 200
nrows 200
xllcorner 240000
yllcorner 670000
cellsize 50
[rows 72 to 107 of 200, columns 0 to 80 of 200]
3.6 3.7 3.9 3.9 3.5 6.5 8.4 9.5 10 12.1 11.4 14.8 27.3 34.2 34.7 34.1 32.9 31.9 28.8 25.8 23 21.4 24.6 26.8 31 40.3 48.6 55.7 62.5 70.9 76.3 77.4 76.7 72.3 65.7 68.5 72.8 77.5 83.9 89 93.7 97.6 103 109.6 115.1 120.9 129 130.3 122.3 116.2 124.3 127 127.8 134 141.7 150.3 155.1 160.7 170 179.3 184.4 209.5 240.4 267.3 275.4 287.2 291.4 293.7 297.3 305.6 309.1 310.2 311.4 307.7 308.1 306.2 298.6 296.3 292.9 286.6 282
3.5 3.6 3.6 3.6 4.5 4.9 8.1 9.1 9.3 9.6 12.9 13.8 25.6 32.5 33.5 32.4 31.3 29.2 27.6 25.3 22.8 19.9 21.6 25.2 29.8 40.1 48.7 57.5 62.9 71.6 73.7 76 74.9 71.2 56.3 66.9 74.9 77.6 81.2 84.8 89.2 93 99.3 106 111.4 117.2 125.2 126.6 117.8 115.9 122.4 124.6 127 133.7 141.2 146.9 153.7 160.2 168.9 180.5 183.8 213.7 226.9 263.7 274.2 282.7 292 299.3 304.9 307.8 308.1 311.7 314.5 305.9 306.2 302.1 295.6 290.4 286.4 284.8 278.1
3.3 3.5 3.7 3.9 4.7 6.7 8.8 9.2 9.4 9.7 12.5 13.1 24.6 31.2 31.7 30.1 27.9 25.6 24.2 22.7 21.3 19.2 20.9 24.5 32.7 41 49.5 59 64.4 71.9 72.6 73.6 73.1 69.4 51.2 70.4 74.2 76.7 79.6 82.8 85.8 88.8 93.9 102.4 107.3 112.1 119.1 122 113.2 115.2 119 122.5 128.2 134.9 140.2 146 152.6 158.8 169.3 173.3 184 213.4 220.7 261 273 285.6 296.6 306.2 307 307.9 308.8 313.3 315.8 306.3 303.2 298.3 291.9 285.5 287.7 280.9 272.5
3.8 3.9 3.6 4.2 4.5 6.3 8 7.9 8.1 8.6 9.4 12.3 18.7 27.4 30.1 27.9 24.8 21.9 21.1 20.3 19.3 18.1 21.2 27.5 35.2 44.6 52.9 60.7 67.1 72.9 72.6 72.7 70.6 67.5 52.1 64.7 73.1 75.6 77.8 80.1 82.1 84.3 84.6 95.1 101.2 106.5 112 116.1 108.6 112.5 113.9 119.7 127.6 132.7 139 144.9 150.8 157.9 165.9 173.8 181.7 205.7 227.5 261.2 278.1 292.9 300.7 305 306.6 307.3 311.8 313.2 316.6 306.9 300.3 294.7 288.7 282.2 281.3 275.7 267.7
4.4 4.5 4.9 5.2 7.1 7.8 7.8 8.8 8.6 9.3 9.8 9.8 12.1 21.6 27.2 26.8 23.1 21.2 20.6 20.3 19 19.6 23.9 30.6 38.2 46.8 55.9 62.4 69.6 73.4 74 72.3 69.5 67.9 64.6 48.4 69.2 73.5 75.2 75.8 72.8 77.7 74.6 89.7 97.2 101.1 106.3 108.7 98.2 111.8 112.6 119.9 126.1 129.8 136.7 143 148.1 153.6 159.2 171 181.1 207.4 248 266.7 277 289.1 297.7 303.1 306.8 306 309.4 312 314.9 311 298.8 291.8 284.8 278 273.7 268.8 265.6
4.6 5.9 7.3 7.2 7.1 7.1 7.9 8.8 9.6 9.7 9.7 9.7 10.8 12.5 19.2 22.8 21.2 20.3 19.9 19.4 18.3 22.1 27 32.8 40.9 48.4 56.5 63.3 68.2 72 74.7 73.7 69.9 67 65.2 56.3 55.4 70 70.2 63.1 46.9 53.2 60.7 75.1 89.2 97.4 101.9 95.8 107.3 110.3 112.4 116.8 122.1 127 132.7 137.9 142.2 146.5 156 169.4 190.2 202.6 216.3 249.4 267.7 280.2 294.9 300.5 304.2 305.1 308.4 311.5 314.1 312.5 298.4 288.1 280.3 272.2 263.8 264.4 266.9
7.4 6.5 6.9 7.6 7.8 7.8 7.8 8.5 9.4 9.5 9.5 9.6 9.6 10.8 11.7 15.2 18.1 19.3 18.8 16.4 16.7 20.8 26.3 31.7 40.4 48.4 55.5 61 66.2 69.5 72.2 72.2 69.9 66 57.9 46.3 50 61.9 56.1 48.2 44.8 55.1 58.4 54.6 70 88.6 91.3 97 107.4 105.8 108.5 112.9 116.6 122.4 127.7 132 136.4 139.9 147.8 155.4 190.1 200 206.5 215.2 261.3 272.9 285.2 297.4 301.6 303.5 306.8 309.5 312.2 311.1 298.4 285.5 273.9 264.4 264.3 264.3 268.1
6.9 7.6 7.8 8.3 8.4 8.4 8.4 8.4 9.1 9.3 9.3 9.4 9.4 9.6 9.7 11.6 14.6 16.8 17.7 14.6 16.2 19.6 24.3 30.1 38.2 46.1 52.2 57.3 62.5 66.1 69 69 67.1 63.4 48.9 44.1 52.1 43.6 38.6 57.4 72.4 82.8 84.6 73.3 62 73 77.5 95.2 104.7 105.5 103.7 109 111.5 117.8 123.3 126.9 131 136.4 145.2 151 172 190.4 202.8 206.2 225.4 262.6 271.6 291 297.5 300.1 303.1 306.2 309.2 310.5 297.5 282.9 267.1 264.3 264.3 264.3 269.7
9 8.9 9.1 8.7 8.8 8.9 9 9.1 9.1 9.1 9.2 9.2 9.2 9.2 9.4 9.6 10.9 14.1 16.1 12.9 15.7 19 22.6 28.1 34.5 41.2 46.7 52.9 58.2 61.7 64.7 65.1 62 57.6 49.7 44.7 36.7 41.9 55.8 72.2 79.9 88.1 97 93 84.2 86.8 83.3 91.1 97.4 99.1 100.7 104.4 108.4 112.3 115.4 120.8 126 133.8 142.2 151.4 156.4 174 192.7 204 220 258.4 260.7 274.1 282.8 291.6 297.3 301.3 304.5 301.8 292.1 278.5 262.5 261 264.3 267.7 270.6
4.6 8 7.1 8.3 8.3 8.4 8.5 8.6 8.8 9 9 9 9 9.2 9.4 9.4 9.3 10.3 11.4 10.5 15.2 18.6 21.9 26.2 31.7 36.9 41.9 47 52.3 56.2 59.1 61 58.2 53.1 48.9 38.9 41.1 52.9 64.2 72.9 81.2 91.1 98.3 100.9 99.4 98.7 97.4 96.7 96.7 100.4 103.8 103.5 105.6 107.4 110.2 119.4 127.9 132.6 139.9 152.5 153.4 158.1 188.2 198.9 208.3 219.9 250.6 266.9 267.4 269.4 278.2 295.7 298.5 292.2 287.5 274 258.8 257.5 263.5 268.7 269.3
2.7 5.2 6.8 7.9 7.9 8 8 8.1 8.6 8.8 8.8 8.9 9 9 9 8.7 8.3 9.5 9.4 11 15.1 18 21.3 25.2 28.8 33.4 37.2 41.2 44.4 49.6 53.6 55.9 54.2 48.2 41.6 31 44.9 51 57.3 71 81.2 91.5 98.5 102.6 107.8 110.4 109 101.9 98.2 99.6 102.2 104.4 109 109.3 114 120.5 126.4 130.6 136.1 145.5 149.5 156.2 181.4 196.2 204.1 206.6 218.3 256.1 263.3 264.3 269.6 275.4 284.1 285.8 285 270.5 249.9 255.5 259.8 263.2 263.1
2.7 3.5 6.4 7.5 7.5 7.5 7.6 7.9 8.4 8.7 8.7 7.7 7.4 7.9 8.8 9.3 9.3 9.4 9.3 11.5 16.7 18.2 20.8 24.6 27.7 30.5 34.5 39.9 48.2 54.2 52.5 51.5 49.7 41.9 36.9 33.7 30.2 45.3 52.4 68.3 78.3 89.6 98.2 104.3 110.9 114.2 113.4 103.8 98.1 97.2 98.6 101.4 103 106 111 117.3 122.6 127.1 133.1 138.7 147.8 154.5 170.4 191.3 196.9 203.9 210.1 230 258.1 260.6 266.4 253.8 260.4 273.4 274.8 269.8 247.3 253.7 255.5 257.2 256.8
3.5 3.2 5.4 7 7 7 7.2 7.7 8.2 8.5 8 7.1 7.6 8.4 9.4 9.7 9.6 9.5 9.6 9.3 13.5 18.2 19.7 22.9 26 29.1 31.4 39.7 46.6 53 60.1 53.2 45.1 37.2 33 26.7 32.4 45 50.9 65 77.3 88.8 98.2 107.9 114.6 114.7 112.7 103.8 99.5 97.2 97.1 98.2 99.9 101.8 107.4 113.9 119.3 124.3 131.2 136.2 144.3 150.7 169.8 187.6 190.6 195 204.9 208.6 233.5 251.4 234.3 244.9 251 260.2 263.7 263.6 259.3 240.8 248 250.9 245.7
4.1 3.4 5.1 6.7 6.6 6.7 6.6 7.4 8 8.3 7.7 7.8 7.4 8.9 9.3 9.7 9.8 9.7 9.7 9.8 10.1 14.9 18.5 21.6 24.9 28 29.9 38.8 43.2 51.7 59.1 53.9 42.8 33.2 26.6 33.1 40.4 48.1 64 87.4 103.2 105.3 102.1 107.3 112.1 113.9 109.7 104 100.7 97.9 97.3 97.2 98.8 99.4 103.6 109.9 115.4 122.4 130.7 137.3 141.2 149.2 165.3 178.4 185 189.3 201.3 205.8 211.4 221.6 231.7 239.3 243.8 245.2 250.8 256.4 257.4 251.2 235 239.8 243.3
2.7 3.7 5.3 6.3 6.4 6.3 6.2 6.5 6.7 7.8 8.8 8.7 7.8 8.9 9.1 9.6 9.2 9 9.5 9.9 10.5 13.2 17.2 20.6 23.9 27 28.9 36.8 43.6 50.2 56.2 51.9 40 28.3 26.5 36.9 41.8 57.2 76.1 103.8 118.4 113.9 110.9 113.4 110.9 106 104.8 102.1 100.4 97.9 96.4 97.8 98.9 99.6 103 108.2 115.7 123.2 128.1 135 138.9 151.7 164.3 171.3 178.9 186.2 195.1 204.1 208.4 218.5 224.5 230.2 233.1 235.1 240.1 246.9 250.5 249.5 242.1 235 247.6
2.7 3.8 5.1 6.2 6 6 6.1 6.2 6.5 6.9 7.3 8 7.3 8 9 8.4 8.6 9 9.3 9.8 10.3 12.3 16.2 20.3 23.3 26.1 28 37.9 44.7 50.4 52.8 47.9 31 22.4 35.9 47.8 53.5 60 76.3 101.6 120 119.8 115.6 115.5 115.6 103.7 101.3 99 96.5 95.6 95.5 99.8 102 104.3 108.5 113.7 118.8 124.5 129.9 133.1 138.8 149.9 160.5 167 173.8 181 188.7 197.2 205.2 212.2 218.5 220.9 222.5 225.5 231 239.1 243.2 244.3 242.7 235 244
7.1 6.5 6.2 6.6 6.5 6.1 5.9 5.8 6.2 6.5 6.7 6.8 7.6 7.7 8.6 8.7 8.6 9 9.3 9.7 9.9 11.5 16.1 20 22.8 25.5 27.6 37.3 43.1 48.5 49.4 43.6 24.5 31.5 49.4 57.9 65.9 69.5 72.9 89 118 122.5 119.2 114.3 113.6 106 99.8 95.4 93 93.4 96.2 102.9 105.9 107.6 112.4 124.2 124.1 132.8 144.4 138.9 140.9 150.3 157.6 163.7 168.4 173.9 182.4 192.2 201.8 207.6 210.2 211.5 215.6 220.4 224.7 230.1 237.2 238.9 237.9 235 236.3
3.6 3.8 5.9 6.9 6.4 6.6 6 5.4 5.9 6.7 6.6 6.2 6 7.1 8 8.5 8.9 8.9 9.3 9.5 9.7 10 15.6 19.8 22.3 24.9 27.7 36.3 42.2 47.7 46.7 34.9 19.6 47.3 63 71.3 76.1 80.2 81.4 83.5 102.6 116.6 117.8 113.6 108.2 102.8 98.2 94.6 90.6 91.1 94.8 100.8 105 105.9 121.4 132.6 126.1 126.9 141.9 142.6 139.7 147.2 154.6 160.3 164.9 169.2 174 186.2 194.1 199.1 201.3 202.2 210.7 213.1 219.7 224.1 229.2 231.7 233.2 227.5 227.8
3.8 3.6 4.1 4.2 4.3 3.4 6 6.2 4.9 5.3 5.8 5.7 5.5 6.4 7.4 7.9 8.4 8.9 9.3 9.6 10 9.2 13.2 19 21.9 24.4 26.2 33.9 39.8 45.2 39.2 23.3 37.3 58.1 68.4 77.3 83.5 87 90 92.9 96.5 100.7 104.4 104 99.7 96.8 94.5 91.6 88.8 88.5 92.5 98.1 103 107.1 122.5 129.5 127.5 121.4 125.5 134.8 138.3 140.4 148.1 154.9 160.6 164.4 169.1 179.9 187.3 190.6 199.2 206.9 215.2 220.1 219.5 218.9 223.9 226.1 227.7 224.8 226.3
3.6 3.7 4.3 4.8 4.4 3.8 3.2 3.7 6 5.3 4.8 5.1 5.8 6 6.7 7.3 7.9 8.7 9.1 9.5 9.9 10.1 11.2 16.4 21.1 24.3 26 30.3 36.8 42 30.5 18.1 42.2 60.6 71.4 79.3 87.2 92.4 95.9 99.8 100 100.8 100.5 100.4 99.1 93.7 90.7 88.7 85.5 89 90.9 96 104.6 111.1 116.9 118.9 120.9 120 118.6 125 132.7 136.4 143.2 150.1 155.2 159.9 163.7 174.6 181.5 189.2 197.2 205.1 215.3 223.8 224.5 222.6 220.8 222.6 223.7 222.9 223.3
3.4 3.8 4.4 4.7 4.4 3.8 3.2 4.3 5.4 6.6 5.7 5.5 5.8 6.4 6.4 7.3 8 8.5 8.9 9.3 9.7 10.1 11.1 15.9 20.2 23.4 24.5 28.4 35.4 36.6 19.5 16.7 48.8 62.2 72.5 80.9 89 96 99.2 100.2 103.9 108 108 115 114.1 100.3 92.7 90.5 85.5 85.5 91.9 94.5 113.9 112.4 112.5 112.6 114.5 117.9 117.5 120.1 126.4 133.1 140.6 147.6 152.4 155.3 151.5 172.9 181.1 188.3 195.7 203.7 212.8 222.3 227.4 227.2 224.7 221.4 221.7 221.4 220.9
3.2 3.8 4.5 4.7 4.3 3.7 3.2 4.2 5.3 5.3 4.5 5.5 5.6 5.8 6.1 6.8 7.7 8.2 8.7 9.1 9.5 10 10.2 13 16 18.2 20.1 19.1 30.9 15.1 24.7 39 52.6 63.8 75 85.6 91.6 98.6 105.2 108.5 113.2 129.9 138.1 140.7 128.3 107.5 99.9 94.1 85.5 85.5 88 93.6 113.4 115.6 111.3 113.1 114.8 116 116.3 117.4 122.2 130.3 139.5 145.4 149.6 148.7 155.1 172.7 180.7 187.4 194.9 203 211.3 218.8 223.6 229 229 224.3 227.5 223.3 218.9
3.3 4 4.7 4.5 4.6 4.9 4.3 4.9 5.5 6.2 6.3 5.3 5.6 5.4 5.5 6.7 7.5 8 8.5 8.9 9.3 9.8 7.6 8.4 12.2 10.8 12.1 14.7 15.5 18.5 21 28 36.4 60.7 73.4 84.8 92 98.6 103.4 105.7 111.1 127.5 147.4 149.1 135.7 114.9 101.1 92.5 86.6 85.5 85.5 91.3 102 110.8 113.9 117.5 117.1 114.7 115 116 120.7 130.3 136.3 139 138.1 147 159.5 173.3 181.5 187.3 194.9 203.1 210.2 214.9 220.8 225.7 227.4 231.8 224.4 224.5 218.9
3.4 4.3 4.6 4.4 4.4 4.8 5.1 4.9 5 6.5 6.3 5.3 5.7 5.1 4.9 5.3 7.5 7.9 8.2 8.6 9.1 7.2 9.4 10.4 12.5 12.5 14.2 16.9 19.6 29.6 33.7 41.5 49.1 57.3 64.4 74.4 84.6 92.3 97.7 100.1 112.3 135.7 149.2 149.3 139.1 119.9 104 92.2 86.4 85.5 85.5 85.5 91.4 100.9 106.6 115.1 117.4 114.8 114 115.1 118.5 124.9 128 127.9 140.9 149.6 160.5 171.2 180.7 187.7 194.9 202.7 208.4 209.6 216.3 226 229.4 232.5 229 229.6 224.1
3.4 4.6 4.5 4.3 4.2 4.8 4.9 5 4.5 5.1 6.7 6.7 4.5 4 4 3.9 5.7 7.1 8 8.4 7 8.3 10.4 11 11.8 12.2 12.1 14.9 20.1 25 30.2 37.5 44.5 51.3 57.7 66.3 76.6 85.8 92.9 97.7 116.2 131.7 136.6 149.5 144.5 124.9 109.9 99.9 90.2 85.5 85.5 85.5 86.8 91.3 97.4 107.7 114.1 113.4 112.1 113.3 112.9 117.7 128.3 135.4 142.4 150.5 157.4 167.6 176.9 185.9 194.5 201.5 203.5 211 214.5 222.3 230 231.4 233.4 231.4 222.1
4.9 4.6 4.7 4.4 4.4 4.5 4.6 4.7 4.4 4 3.6 8.4 4.6 3.5 4.9 5.9 6 4.8 6.6 5.5 6.8 9.1 9.4 10.4 11.2 12 12.4 12.8 21.6 25.4 27.2 33.5 39.3 50.5 57.5 63.6 72.2 79.6 90.9 99.7 105.9 117.4 117.4 123.6 137.7 124.7 112.8 109.5 99.5 92.1 88 85.8 79.7 83.3 88.1 95.4 103.5 108.7 108.5 109 113.2 119.3 128.1 135.1 141.8 152.7 159.6 165.6 173.7 183.1 191.9 199.1 200.7 207.7 212.4 217.6 223.7 229.7 232.3 231.6 225.5
5.5 4.3 4.7 4.7 4.3 4.2 4 4 3.6 3.5 3 7.2 4.4 3.5 5.1 5.9 6.7 5.3 6.3 5.8 7.3 7.6 9 10.1 10.7 11.3 11.8 12.4 13.7 23.3 28.3 32.7 40.3 49.6 54.3 61.3 69.8 80.5 90.4 99.5 105.5 104.2 105.3 107.9 117.2 116.7 109.9 109.5 107.4 99.4 87.2 73.4 85.2 88.8 90.1 89.8 94.8 95 106.6 109.6 112.6 119.6 128.8 135.8 148.8 156 161 166.7 172.7 179.9 189.1 196.1 200 207 211 214.3 220.1 224.8 227.6 230.9 231.8
4 4.3 4.6 4.2 4.1 4 3.9 3.8 4.3 4.2 4.1 4.2 3.8 4.2 4.6 5.3 6.2 6.2 6.3 8.9 6.5 7.6 8.9 9.4 10 10.5 11.1 11.7 12.6 14.6 24.3 29.5 37.9 48.6 55.5 63.3 71.8 80.2 88.9 98.3 108.6 112.6 118.9 121 124.2 121.7 127.6 116.5 106.5 95.5 82.5 71.2 82.3 87 93 94.6 98.8 105.1 106.4 106.7 110.1 117.2 126.4 135.6 150 155 159.7 164.7 172.1 179.8 186.3 192.3 196.4 203.1 208.4 212.3 213 217.2 222 225.4 227.3
4.2 4 3.5 3.4 3.4 3.4 3.3 3.5 3.6 3.5 3.9 3.2 4 4.2 4.3 4.7 5.3 5.9 5.7 5.9 5.7 5.8 7.3 8.4 8.9 9.5 10 9.3 9.4 12 14.4 26.4 37.2 45.4 54.2 63 71.6 79 86.8 95.8 105 115.3 127.4 132.4 132.4 142.4 138.5 120.6 102.7 91.6 79.1 70 77.2 82.1 93 97.2 101.1 106 105.6 105.8 108.6 113.8 121.4 136 147.3 152.4 157.3 166.1 172 178.3 185.5 193 194.9 199.9 205.1 209.3 204.5 205 210.6 218.1 220
2.7 4.1 3.9 4.2 3.9 3.7 3.5 3.5 3.4 2.9 2.9 4.2 6.4 4 4.3 4.6 4.9 5.6 5.2 5.5 5.6 5.9 6.2 6.4 7.4 8.3 8.4 8 8 9.7 11.8 16.5 30.5 42.7 50.8 59.1 68.5 76 84.4 93.8 104.6 121.9 125.1 93.9 88.9 134.8 148.9 118.8 99.6 84.7 67.4 72.2 73.3 78.4 87.9 98.1 105.5 105.7 103.7 104.3 108.5 115.4 123.5 140.1 151.9 161 152 153.3 175 177.1 182.8 187.9 191.3 199.2 203.8 202.3 197.7 194.8 201.7 209.8 213.1
-1.5 4.2 4.8 4.9 4.8 4.6 3 3.3 2.9 2.5 3.3 4.1 6 4 4.3 4.6 4.8 5.2 4.9 5.1 5.4 5.8 6.1 6.5 6.5 6.9 7.8 7.9 7.8 7.6 8.9 11.6 22.5 36.5 45.5 54 63.5 70.9 80 96 123.6 118.2 93.3 78.1 93.4 135.1 147.1 117.6 97.2 79.9 58.9 66.8 69.3 72.1 80.1 91.1 100 101.2 97.8 93 101.2 114.3 129.1 157.2 167.2 148.7 137.6 133 155.4 178.5 177.6 183.1 188.9 194.4 199 197.4 193.3 190.6 198.8 205.1 207.4
-1.5 7.7 5.6 5.5 4.9 4.1 2.6 3.3 2.2 2.9 3.4 3.9 4.4 3.5 3.8 4.1 4.3 5 4.8 4.8 5.1 5.5 5.9 6.1 6.1 6.1 6.5 7.1 7.7 7.3 7.2 9.2 11.8 27.1 38.9 48.4 56.2 63.7 81.5 102.6 102.6 85.6 71.5 71.5 118.4 147.2 139.2 114.2 95.7 78.9 62.7 57.7 63.1 66.3 71.7 82.7 91.1 93.7 92.5 87.9 94.4 103.1 132.3 153.7 171.8 137.2 123.5 128.5 169.5 174.1 175 178.9 185.9 186.8 187.5 190.6 189.4 187.9 195.3 200.8 200.6
-1.5 5.4 4.6 5 4.5 4 3.4 -1.5 -1.5 3.2 2.7 3.1 3.6 2.8 2.8 3.8 4.4 4.9 5.1 4.8 4.8 5.3 5.5 5.7 5.8 5.8 6.8 6.5 6.9 6.6 7 7.2 9.7 15.5 32.1 43.7 50.6 61.1 91.3 88.8 87.7 71.8 72.1 82.9 127.5 158.3 127.8 106.9 90.2 73.6 60 50.4 54.8 59.2 64.2 74.6 82.9 85.3 84.3 83.4 90.9 101.6 125.2 157.6 168.3 133.9 124 129.3 151.6 166.4 168.6 172 181.5 183.5 182.8 185.2 184.4 181.2 185 183.1 184.2
-1.5 5.2 4.6 4.3 4.4 3.9 3.4 -1.5 -1.5 3.3 3 2.5 2.2 3.3 3.3 3.7 4.2 4.7 4.4 4.3 5.6 5.1 5.1 5.4 5.5 5.6 6.3 6.7 6.2 6.6 6.6 6.3 7.4 10.5 23.3 37.6 45.6 68.6 92 87.1 75.8 72.5 88.2 135.8 147.9 140.4 113.4 96.6 81.5 66.4 53.9 42.1 46.1 51.5 56.6 65.4 72.5 76.3 75.1 77.9 87 103.1 127.8 158.1 160.2 118.4 109.7 115.2 139.2 154.2 161.4 173.3 179.4 182.4 184.4 184.2 180.2 174.2 174 172.5 161
4.1 4.8 4.5 4 3.8 3.8 6 -1.5 3.4 3.6 3.6 3.5 3.2 3 3.5 3.8 4.2 4.1 3.9 4 5.1 4.6 4.8 5.1 5.3 5.4 5.4 5.7 6 6.2 6.1 5.8 6.6 9 12.9 24.9 44.5 81.8 88 73.5 78.1 91.8 140.1 147.2 134.1 114.3 100.8 88.2 73.5 59.9 47.8 35.7 40.6 44.2 48.1 54.2 60.1 65.8 66.5 71.4 84.2 105 132.6 153.6 140.9 110.7 109.6 109.8 130.6 149.4 154.3 171.9 175 180 183.7 180.6 175.7 168.4 163.6 161.2 150
4.6 4.6 4.5 4 4.5 4.6 3.1 -1.5 3.6 3.3 3.4 3.5 3.6 3.5 4.2 4 3.9 3.5 3.4 3.7 4.7 4.1 4.6 5 5 5 5 5.2 5.1 5.5 5.5 5.4 5.9 6.7 9.1 19.3 50.2 112.8 72.9 72.6 112.3 145.6 137.4 118.6 107.1 98.5 88.4 77.2 65.8 52.8 42.4 28.3 35.2 38.1 40.7 43.9 47.8 55 55.8 65.4 80.7 100.2 130.9 159.9 128.8 110.1 109.8 109.8 114.1 147 148.9 155.3 167.5 175.6 178.3 175.9 170.3 164.3 158.4 151.8 146.2
