app/static/ascii/NS48.asc
ncols 200
nrows 200
xllcorner 240000
yllcorner 680000
cellsize 50
[rows 76 to 113 of 200, columns 0 to 84 of 200]
105 108.4 115.9 121.2 125.2 130.4 137.3 140.9 143.3 143.4 141.1 138.9 136.3 131.7 125.5 121.4 119.5 113.3 106.9 98.3 89.9 85.6 79.6 76.4 74.5 76.4 74.8 73.4 70.1 69 68.1 67.2 66.8 67 67.6 68.3 67.5 65.6 63.5 59.9 56 52.6 50.8 49.1 47.7 46 48.8 45.3 41 34.3 31.7 36.5 38.2 39.8 41.6 42.6 43.6 44 43.3 43.2 43.4 43.2 42.9 42.7 42.3 42.2 42.6 43.5 44.2 44.7 45.3 45.8 46.3 46.6 48.9 51 51.2 51.2 51.2 50.9 50.6 51 52.9 53.5 54.4
112.9 113.8 116.5 121 126.6 132.5 137.2 137 138.9 139.5 139.8 138.8 135.4 130.1 125.4 119.6 115.9 110.9 106.3 100.3 94.4 85.4 81.3 80.9 76.9 80.2 81 79.6 74.5 70.4 68.8 67.5 66.7 65.5 65.9 66.3 65.2 63.2 61 58.4 55.2 54 52.9 51.3 49.2 46 48.4 45.6 41.6 37.7 32.8 37.6 40.8 42.2 43.1 44 44.4 44.9 44.7 44.6 44.6 44.2 43.7 43.2 42.8 42.6 44.2 45.2 48.3 50 50.7 49.7 48.4 51.7 52.6 53.8 53.2 52.9 52.8 52.6 52.3 52.4 54.5 56.1 56.9
115.8 118.1 120.5 122.7 128.3 131.2 130.8 132.4 132.5 133.6 137.1 135.5 133.3 128.3 122.5 117.2 112.6 108.5 105.3 101.6 96.4 86.7 83.5 83.1 83 79.5 80.6 80.1 77.6 73 69.6 67.9 66.7 65.4 64.4 63.9 62.8 60.7 58.6 57.3 55.6 54.9 54.9 53.5 50.1 47 44.8 46 41.9 38.3 32.7 38.2 43.3 45.1 45.4 46.3 46.7 47.3 48.5 47.2 44.9 44.7 44.6 44.1 43.6 43.6 45.1 47.7 53.3 61.3 70.4 73.8 70.6 62.5 61.9 59.1 58 57.5 56.9 54.9 53.9 53.4 53.9 55.9 57
117.3 118.3 120.7 125.3 126.6 128.1 129.4 129.4 130.5 130.8 134 131.9 128.6 123.9 118.2 112.3 108.7 105.4 102.6 98.5 94.6 92.1 91.4 88.9 86.6 81 79.7 79.4 77.6 74 70.9 68.8 66.7 65.2 63.9 62.5 61.1 59.7 58.3 56.9 55.5 55.3 55.8 54.3 51.4 48.7 45.5 46.2 42.3 38.4 34.3 41.4 45 47.9 47.9 48.5 49.3 50.3 51.1 51.3 46.8 46.6 45.9 44.3 44.3 44.2 47.8 54.9 63.8 78.2 92.6 100.6 98.9 78 69.1 64.6 62.8 61.9 60 58 56.2 55.2 54.7 54.7 55.6
118.3 122 125.9 131.3 132 130.1 129.3 130.4 132.4 131.7 128.9 125.9 122.9 117.6 112.2 106.5 102.7 101 100.4 100.4 99.8 99.2 95.3 90.4 86.9 82.4 81 79.7 78.5 75 72.3 70.4 68.7 64.9 63.4 62.1 60.9 59.6 58.2 56.8 55.3 55.7 56.2 54.9 52.8 49.9 47.3 43 42.8 39.6 38.2 43.1 46.6 49.7 50.2 50.8 51.4 52.1 52.8 52.6 51.7 50.3 47.9 46.1 46.5 49 52.7 63 75.9 98 122.7 129.1 121.6 93.6 75.8 70.3 66.8 64.9 63.4 61.8 60.5 58.5 56.7 55.5 55.1
119.9 128.9 134.5 139.4 140.8 136.9 131 134.2 134.6 129.3 125.5 119.7 116.9 111.3 105.8 104.4 103.2 104.5 105.9 105 103.9 100.5 95 90.7 87.2 83.5 84.1 86.3 81.9 76.3 73.6 71.7 69.5 64.4 63 61.9 60.7 59.5 58.1 56.7 55.3 55.2 55.8 55 53 50.5 48.2 44.5 42.2 40.2 38.7 44.6 48.7 51.3 52.4 52.8 53.2 53.8 54.4 53.5 52.3 51.2 50.2 49.3 49.6 52.2 60.4 73.9 83.7 102.8 128.7 141.3 129.7 97.2 85.1 78.5 74.1 71.1 68 66.1 64.8 62.8 60.3 58.6 57.4
121.8 132.2 138.8 143.1 141.8 138.7 135.8 140.5 138.6 129.4 123.8 116.2 110.2 105.4 105 107.6 108.1 109.6 111.2 109.4 105.1 100.9 97.2 92.9 89 83.8 88.1 86 82 78.2 74.8 71 67.2 64 62.9 61.7 60.6 59.2 57.3 56 54.9 54 53.4 53.1 53 51.3 48.7 46 41.2 41.9 39.1 47.5 49.9 52.3 54 55 55.2 55.7 55.1 54 52.8 51.9 51.4 50.7 50.2 53.4 61 75.2 82.3 92.1 115.4 130.4 124.4 102.4 93.5 87.2 83.3 79.1 76.7 72.2 69.1 66.6 64.1 62.6 61.3
123.5 130.5 138.4 140.1 139.9 137.6 142 144.2 138.4 129 120.6 113.5 107.7 104.4 104.2 107.9 112.9 114.9 117 116.8 109 103.6 99 94.4 88.6 84.1 84.2 84 81.4 77.8 73.7 70.1 66.1 63.4 62.4 61.4 60.3 58.7 56.1 55.6 55.6 53.9 52.3 51.9 52.1 51.2 49.5 47.1 43.4 42.6 40.7 47.9 50.8 53.1 54.8 55.7 56.3 56.1 55.1 54.1 52.9 52.6 52.8 52.3 53.6 55 60.1 69.7 78.3 85 95.6 110.2 111.8 104.3 96.2 92.9 91.1 87.1 84.9 81.1 75.7 70.4 67.9 66.2 63.4
127.7 132.8 135.4 139.8 138.4 144.9 146.5 143.6 134.9 125.4 114.7 111.2 109.2 108.3 108.2 112 121.9 126.6 128 123.3 112.2 106.3 100.6 95.1 89.2 85.1 83.6 83.5 80.4 76 74.5 70.4 66.7 61.9 61.9 60.8 59.4 56.9 56.8 55.9 54.7 53.1 51.2 51.7 51.7 50.8 49.9 46 44.2 43.7 42.9 48.4 51.2 53.4 54.9 56.1 56.5 56.3 55.2 54.2 53.2 53.6 53.9 54.4 55.2 56.8 60.7 68.5 75.7 82.3 87.9 94.3 100.2 99.3 95.5 93.8 91.6 90.4 87.4 86.9 81.7 76 71.5 68.9 65.6
130.2 136.5 140.3 142.7 146.8 148.2 145.4 140.7 129.9 121.1 113.4 116 113.7 115.4 115.7 119.8 128.5 132.9 130.5 125.7 116.3 107.7 101.1 95.7 90.4 88.2 87.6 83.4 79.2 76.5 75.5 70.7 65.4 61.2 60.7 60.1 57.7 59.3 60.5 59.3 57 54 53 51.4 50.5 49.9 49.4 49.6 46.2 46.1 46 48.1 50.8 53.5 55.1 56.3 56.5 56.6 55.6 54.8 53.9 54 56.6 56.5 56.5 57.6 60.9 70 75.6 79.5 84.8 89.8 95 95 95.5 93 89.8 88.9 87.1 86.2 85.9 80.8 74.8 71.2 67.8
131.8 137.6 144.1 147.1 147.3 145.6 142.3 134.3 126.2 118.2 115.1 115.9 119 123.8 126.1 129.9 131.3 131.6 128.8 123.4 116.8 108.1 101.5 96.8 93.1 92.2 88.7 83.4 79.3 77.1 75.1 68.9 63 59.6 59.7 58.9 61.5 63.4 62.4 59.6 56.2 54.1 52 50.4 49.8 49.5 51.1 52.4 51.3 50.1 49 49.5 50.9 53.1 54.7 55.8 56.3 56.5 56.3 55.6 55 56 60.3 59.1 57.5 59 63.1 67.5 73.5 77.6 81.8 86.9 90.7 92 92.9 91.1 88.2 86.8 85.4 84.8 86.1 84 79.7 75.2 70.6
134.4 139 143.8 145.6 143.8 140.8 136.8 129.4 121.5 116.6 116 120.1 124.5 131.6 134.1 131 131.1 130.5 126.6 123.2 118 109.2 106.9 103.7 99.7 95.1 89.5 84.4 81.4 77.3 71.7 65.9 61.9 60.6 59.8 61.8 64.4 64.6 63.3 60.7 57.1 53.5 50.6 50 51 51.3 54.9 56.1 55.9 55 53.9 52.1 53.1 54.3 54.3 54.2 55.3 56.3 58 57.1 58.9 58.7 59.9 61.1 59.6 59.4 63.8 68.1 72.1 76.2 80.3 84.3 87.5 89.9 89.9 89 86.5 84.6 83.5 83.4 85.8 83.6 79.8 76 72.5
137.9 141.4 140.7 141.2 141 137.7 132.1 127.8 122.6 116.2 116.7 119.9 124.6 134.8 136.7 134.1 134.6 136.7 135.9 129.6 119 115 110.7 105.8 100.8 96.6 91.1 86.6 80.4 74.2 67.7 63.5 62.4 63.2 65.8 67.4 66.9 65.8 63.9 60.5 56.3 54.2 51.8 52.1 52.3 53.3 58.6 59.8 59.9 59.3 56.7 54.8 53.4 55 55.6 55.6 55.5 56.7 57.4 58.1 59.2 59.1 60.2 61.3 61.9 60.8 63.1 67.1 70.9 75 79 82.7 85.4 87.7 87.6 86.8 84.6 82.4 81.7 82.7 85.3 83.3 80 75.6 71.9
143.1 144.5 140 139.5 139.8 135.1 134.8 132.6 123.3 115.7 117 120.4 124.1 132.9 136.1 137.4 139.3 144 139.5 132.4 121 115.4 115.7 109.6 103.3 96.6 93.2 85.5 78.4 71.7 65.1 64.9 66.5 67.7 70.7 70.5 68.5 65.6 63 59.7 56.5 54.2 53.7 54.5 56.5 56.1 60.3 63.5 63.8 62.9 60 58.7 57.5 57.7 57.7 57.6 57 57 57.5 58.2 59.2 59.5 61.3 63.6 63.7 62.8 62.2 65.8 69.8 73.8 77.5 81.2 84 85.6 86.1 84.2 82 79.9 79.4 80 83.3 81 78.5 74.3 71.5
149.9 145.1 141 141.2 140.9 136.7 133.8 128.4 120.4 114.3 117.5 120.9 124.7 132.4 136.5 137.3 140.5 148.4 139.9 133.4 122.5 116.4 115 110.4 104.6 98.9 94.4 85.9 75.8 69.5 66.9 69.1 70.9 71.4 71.4 71.3 68.7 65.5 63.1 59.4 55.3 53.7 54.3 56.3 57.9 58.8 60.3 64.1 65.9 65.5 63.9 62.1 60.4 60.3 60.1 58.8 57.8 57.6 57.8 58.3 59.1 60.9 63.7 65.9 65.6 64.5 62.9 64.6 68.5 72.2 75.9 79.6 81.5 82 82.5 81.6 79.5 77.4 77 77 78 79 76.8 73.5 71.1
152 143.7 141.9 140.2 141.6 135.2 128.6 122.7 117.3 115.2 118.3 121.4 125.6 133.9 137.5 136.5 143.6 145.9 138.7 133.3 122.2 115.6 113.7 109.8 103.7 97.5 91.1 84.8 72.7 69.8 70.9 73.5 75.8 75 70.4 70.1 68.4 64.9 62.2 59.1 55.6 54.8 55.4 57.1 58.3 58.7 59.9 64.1 65.9 65.8 65.5 64.1 62.8 62.1 61.9 59.9 58.8 59.7 60.4 60.3 60.5 63.3 66.4 68.1 67.5 66.1 65 65 66.9 70.6 74.3 77.9 78.1 78.3 78.8 78.2 76.9 74.9 74.7 74 73.3 75.1 73.6 72.5 70.1
151.7 144.5 142 139.8 138.7 130.5 123.8 117.2 114.8 116.8 119.2 121.9 127.3 135 137.4 134.7 141 141.8 135.8 127.3 120.5 113.8 112.1 107.9 102.1 96.7 89.3 82.5 72.2 72.6 73.4 77.7 80.9 76.6 72.6 69.3 68.5 63.8 61.1 59.7 54.4 54.2 55.7 58.3 58.3 58.6 59.2 63.4 64.9 65.3 65.8 65 64.1 64 63.5 61.7 61.8 62.3 62.9 62.7 62.9 65.1 68 69.3 68.8 68.1 68 67 67.3 69.5 73.2 74.5 74.7 74.9 75.1 74.7 73.9 72.4 71.9 71.2 70.6 70.4 71.4 70.4 69.5
149.3 143 144 141.2 131.6 126.5 118.6 115.2 117.2 119.6 119.6 123 128.4 136.6 136.3 135 141.3 137.6 132.8 126.7 119.9 113.5 108 103.9 100.2 95.7 90.9 83.7 75 74.4 77.1 80.1 80.6 77.6 73.6 71.7 70.2 66.7 63.4 58.9 56.3 54.8 56.9 59.5 59.8 60.1 59.9 61.3 64 64.6 65.6 64.8 64.8 65.3 65.1 64.8 65.1 65.5 65 65.1 66 68 69.8 70.7 70.8 71 71.1 70 70.5 71 71.9 72.3 72.2 72.1 72 71.4 70.7 70 69.4 68.9 68.3 67.9 68.5 69.2 69
146.9 143.2 144.6 139.4 129.6 124.2 118 117.5 119.4 120.2 121.8 126.9 132.5 135 135 135.1 137.7 134.5 129.4 124.3 118.7 112.3 105.8 102.1 99 95.5 93.1 84.6 78.7 76.7 80 80.7 81.3 78.6 76.4 74.3 72.3 69 65.1 60.3 57 56.8 58.4 61.9 62.2 62.5 61.5 61.6 63.2 64.5 65.4 65.5 65.5 66.1 65.8 64.5 64.5 64.8 66.4 68 69.9 72.2 74 73 73.6 74.1 73.9 73.7 74.1 73.1 71.9 70.2 70.4 70.3 70.1 69.4 68.4 67.5 67 66.6 66.4 66.2 66 66.4 66.9
145 140.4 143 136.8 128.5 121.2 118.4 119.4 120.2 120 124.2 128.8 132.5 134.2 133.7 133 133.1 131.2 126.1 121 116.1 109.7 105.9 102.4 98.3 94.8 91.3 84.4 80 82 82.6 82.2 81.4 80.8 79.1 77.1 74.5 70.6 66.5 62.8 59.7 58.5 59.1 63.2 64.6 64.1 62.8 63.6 63.5 64.8 65.4 65.4 66.5 67.4 66.2 65.1 64.3 66.3 68.3 70.8 73.9 76.4 78.1 76.9 74.2 75.6 77.1 77.2 75.2 74 72.9 71.2 69.4 68.5 68.3 67.6 66.6 65.7 65.4 65.3 65.1 64.9 64.8 64.8 65.6
141.9 138.9 139.5 132.6 126.9 121.7 119.4 121.4 120.9 120.6 123.9 128 131.2 133.2 132.8 132.2 130 128 122.9 118.3 112.6 107.9 103.7 99.6 95.2 92.2 88.9 84.2 84.5 85.3 84.2 82.2 83.3 83 81.7 80.1 75.6 71.8 68.6 66 63.4 60.2 60.4 64.3 66.8 67.4 65.2 67.3 66.4 65 65.8 67.7 68.8 68.5 67.9 67 66.1 68.5 71 73.5 77.2 79.8 80.9 80.4 77.1 75.7 76.5 77.1 75.6 74.2 72.8 71.3 69.8 68.2 66.4 65.7 64.9 64.1 63.6 63.7 63.9 63.7 63.7 63.9 64.5
137.9 136 134.2 130.5 125.7 122.1 120.5 121.9 121.4 120.4 123.8 128.5 130.2 131.8 131 129.9 127.8 124.8 120.4 115.6 110.8 106.2 101.7 97.3 92.6 88.9 86.5 86.5 87.6 86.2 83.2 83.7 85.3 84.6 82.3 80 76.3 73.6 71.1 70.5 65.9 62.9 63.4 66.6 68.8 69.9 67.7 70.3 70.6 68.3 68.1 70.2 71.2 69.8 69.6 69.9 70.3 70.6 73.2 75.8 79.4 81.2 81.5 80.7 77.6 75.9 76 75.7 74.9 73.6 73.1 71.4 70.8 69 66.7 64.7 63.9 63.1 63.3 62.9 63.1 62.9 62.8 63 63.5
133.9 132.4 131 128.9 124.9 121.6 122.3 122.3 121.2 119.6 124.1 130.1 132.5 132.3 128.4 126.7 124.2 121.3 117.4 112.4 108 103.3 98.7 94.1 89.2 86.2 87.6 89.6 89.5 86.7 84.6 86 85.8 83.8 81.6 78.9 75.5 73.8 72.3 71 70.3 68.1 68.8 68.9 69.7 70.1 69.4 72.5 72.3 71.5 70.9 72.1 72.8 72.5 72.2 73.6 74.8 75.1 75.3 77.9 81.2 82.2 81.5 80.6 78.1 76.8 75.6 74 73.6 73.1 73.1 72.3 71.7 69.8 66.9 64 63.3 63.1 63.4 63.5 62.3 62.3 62.5 62.8 63.2
129.9 127.8 127.2 125.6 123.5 121.1 121.3 122.8 120.9 123.5 124.8 125.5 126.1 126.5 125.6 123.5 120.8 117.5 113.3 108.3 103.3 98.6 94.3 89.9 86.7 86.5 90.1 92.2 90.4 88.2 86.4 86.9 85 83 80.8 77.8 74.8 73.5 72.2 70.8 71.6 73.6 74.6 74 73.3 72.8 71.5 73.8 74 75.7 75.3 74.9 75.3 75 74.8 75.7 76.4 75.9 76.6 79.6 81.5 82.1 81.3 80.4 79 78.2 77.2 74.8 72.5 72 73.3 73.3 72.7 70 67.1 65.2 64 64 64 63.9 63.5 62.7 63 63.2 63.4
125 124.4 123.5 122.5 122 121.6 120.5 121.9 118 121.6 122.9 123.8 124.4 125 123.5 120.8 118 114.2 109.1 104.1 99.1 94.1 89.3 87.1 86.2 88.7 92.4 92.7 91 89.6 87.6 86 84.2 82.1 79.6 76.3 74.8 73.5 72.2 71.4 73.9 76.2 78.7 79.1 80.6 76.1 73.4 73.7 76.4 77.9 79.5 79.8 77.3 76.5 76.9 77.7 77.9 77.1 76.9 78.6 80.4 81.3 80.5 79.7 80.1 79.5 78.5 75.9 72.8 70.6 70.8 74 72.9 70.2 68 66.8 65.2 64.8 64.6 64.4 64.1 63.4 63.5 63.7 63.9
125 123.9 123.6 123.2 122.9 122.9 121.3 120.9 118 118.4 121.5 122.2 123.1 123.9 123.6 118.5 114.5 109.5 104.6 99.7 94.8 89.8 86.2 86.3 89 92.2 94.2 94.5 93.6 91.3 88.7 86.2 82.4 80 77.9 77.2 76.8 74 73.6 73.9 75.6 78.2 81.9 85.4 82.8 79.3 74.8 73.8 77.3 80.5 82.9 80.9 78.7 79.4 79.8 78.7 78 77.5 77.2 78.4 79 80.4 79.7 80.1 81 80.6 79.5 75.8 72 69.8 69.1 72.9 72 69.2 67.7 66 65.3 65.1 64.9 64.7 64.4 64.1 64 64.3 64.6
125.1 123.8 123.7 124.8 124.2 123.6 122.3 121.4 119.8 120.2 120.9 121.7 122.5 122.3 116.8 113.5 109 104.1 99.3 94.7 90.1 85.6 85.7 88.2 92 94.3 94.7 96.7 96.4 94.2 89.8 85.2 79.7 79.6 79.6 80.8 78.3 75.5 75 76.2 78 80.7 83.5 86.6 83.3 80.5 76.7 76.2 78.3 81.2 85.1 82.2 81.6 81.9 80.6 79.3 78.1 77.5 77.7 80.3 81.4 80.1 79.2 79.7 80.3 81.1 79.4 75.5 71.2 70.8 70.1 70 69.9 67.7 66.8 65.3 65.7 65.5 65.2 64.9 64.5 64 65.1 65.9 65.7
123.9 125.2 127.4 128.3 128.5 125.5 124.2 120.4 119.3 119.7 120.6 121.7 118.2 114.1 110.2 106.7 102.8 97.9 94.2 89.9 86.3 85.4 86.5 90.2 94.1 95.1 95.1 97.6 97.3 94.8 89.1 83.5 82.3 82.6 83.7 83.2 80.5 78 77.7 78.9 80.6 83.3 85.1 87.3 84.1 80.7 80.5 80.7 79.9 80.4 83.7 82.5 82.3 82.4 81.3 79.5 77.6 77.7 78.3 80.2 82.6 81.5 79.5 78.3 79.1 79.5 78.5 74.6 70.5 68.3 68.2 67.5 67.1 66 65.8 65.8 66.2 66 65.3 64.8 64.3 64.2 64.7 65 65.3
127.9 129.8 131.1 134 134.7 131.1 127.1 122.1 119.3 118.8 117.2 114.1 110.3 106.5 102.5 98.6 95.7 91.1 89.3 85 85.6 86.3 87.9 92.9 94.7 95.5 96.3 96.7 95.8 93.9 86.7 85.9 86.5 86.9 87.7 85.7 82.9 81.2 80.3 81.4 83.6 88.1 86.4 88.9 84.9 84.1 85.2 84.3 83.9 83.5 83.7 83.3 83 82.6 82.5 79.2 77.1 77.2 77.2 79.4 81.8 81.8 80.3 78.7 77.8 77.3 77 73 69.1 67 66 65.2 65.4 65.1 65.5 67.6 68.3 67.5 66 65.2 65 64.7 64.6 64.7 63.1
130.5 135 135.3 137.8 137 135.3 131.9 123.7 120.6 117.2 112.9 109.1 104.4 97.6 94.7 91.1 88.4 85.8 84.8 85.5 89.4 87.7 89.7 94.6 95.3 96.2 94.8 95.1 95.2 94.8 91.2 90.6 90.9 90.6 90 88.2 85.3 84.3 83.4 84.5 88.8 92.1 93.5 98.8 97.2 96.1 94.4 88.7 88.1 86.6 84.4 83.9 83.6 83.2 82.2 79 76.6 76.1 76 76.9 78.7 79.5 78.2 76.8 75.9 75.4 74 70.8 68.7 66.3 65.3 65 65 65.1 66 68.2 68.6 67.2 66 65.3 66.1 66.1 65.9 65.7 62.9
133.9 139.9 140.3 142.9 140.7 139.1 134.6 127.2 121.9 117 109.6 101.8 94.2 86.9 86.2 84.7 84.4 83 84.3 90.6 89.2 87.3 89.7 96 95.7 96 94.1 94.2 95.9 96.7 96.5 95.5 92.4 90.1 89.4 88.3 86.4 86.3 87 88.7 92.4 94.2 97.3 100.6 99.5 97 94.1 94.2 90.7 87.8 85.5 84.4 84 83.1 81.8 78.7 75.8 75.4 75.5 75 75.2 76 75.6 74.6 73.6 72.6 70.9 70.1 68.6 66.3 64.9 64.4 64.5 64.5 65.3 66.1 66.7 66.1 65.3 64.3 65.8 66 66.1 66 64.7
139.9 142.1 146.3 148.3 145.4 140.7 135.6 130 123.3 115.6 106.6 97 87.3 77.8 78.4 79.6 81.3 85.9 83.7 84.1 85.3 87.8 92.9 94.9 96 94.8 93.6 96 97.5 98.7 98.1 96.4 93 89.4 89.3 88.1 88.6 89.3 91 93.2 95.2 96.4 96.5 99 98.3 96.1 95.4 94.7 92.1 91.4 89.4 85.8 85 83.3 81.4 80.2 75.6 75.4 75 74.3 73.8 73.1 72.8 71.9 70.9 69.4 68.7 68.2 67.7 66.2 64.8 63.5 63.4 63.4 63.6 64.3 64.4 64.7 64.9 64.4 65.3 65.4 65.2 64.4 63.8
143.6 144.4 149.3 149.2 145.2 141.1 135.9 130.3 122.1 113.8 102.7 91.5 80.5 72.7 74 77.6 79.4 86.8 80.8 81.5 87 92.3 93.2 94.1 94.4 93.4 95.7 97.4 98.9 100.4 98.4 95.2 91.2 89.9 89.4 92.6 94.9 95.1 96.3 98.9 99.8 97.2 94.6 96.7 96.9 95.9 94.9 93.2 92.6 91.8 91.3 89.6 86.3 83.9 81.9 80 75.9 75.8 74.8 73.5 72.7 71.6 71.3 69.4 68.5 67.5 66.8 66.2 65.7 66.3 65.2 63.2 62.3 62.3 62.8 63.7 64.6 65.8 66.3 65.1 65.8 65 64.6 63.7 63.6
147.6 151.1 150.8 149.2 145.4 139.5 133.9 128.1 119.7 107.1 96.1 85.7 74.9 69.4 71.3 76.3 80 83 77.7 81.6 89.2 94.7 93.7 93.1 92.4 94.8 99 99.3 100.2 100.5 97.6 93.7 91.4 92.1 93.3 97.3 101.6 101.2 101 102.4 97.9 95.1 94.2 96.4 97.1 96 93.9 93.6 92.9 92.1 91.7 90 87.1 84.2 81.4 78.7 76.4 76.7 75 73.6 72.2 71.1 70.2 68.3 66.5 65.8 65 64.3 64.2 64.2 63.1 62 61.8 61.5 62.6 63.7 65 66.7 66.7 66.2 65 64.8 63.6 63 63.3
152.7 151.7 150.7 147.8 143.7 137 130.5 122.9 115.3 100.7 88.9 78.6 69 66.6 70.4 74.9 81.5 79.2 76.4 84.1 89.8 93.3 90.7 94.6 98 101.2 101.6 100.9 100.9 98.7 96 93.8 93.6 95.8 98.6 103.5 104.9 103.9 102.4 99.4 95 94.1 94.3 96.7 97.3 96.8 95.6 94.2 93.1 92.5 91.7 90.6 86 83.2 80.8 78.4 78.3 78.2 75.2 72.9 71.2 70.2 69 66.8 65.3 64.5 63.8 62.9 62.3 62 61.6 61.2 60.8 61.4 62.4 63.9 64.7 65.9 65.7 65.1 64.6 64.1 63.2 62.4 62.5
157.1 153.4 148.7 144.6 140.6 134.2 125 115.6 104.4 95.2 82 71.3 64.9 64.2 70.1 75.6 80.9 75.8 77.3 84.9 90.2 91 90.5 99 101.5 101.8 101.3 100.9 97.9 95.1 93.8 93.8 95.8 99.7 103.8 108.7 106.9 101.8 99.8 96.2 93.9 94.2 94.8 95.8 96.5 97.5 94.8 92.8 93.1 92.4 91 89.8 87.3 83.3 80.2 77.9 77.3 77.4 75.1 71.7 69.8 68.4 67 65.4 64.2 63.4 62.7 62.3 61.8 61.5 61.2 60.5 60.7 61.4 62.1 63.3 63.8 63.9 63.9 64 63.5 62.9 62.3 62.1 61.8
158.2 152.7 145.4 140.6 135.7 128.6 119.9 106.3 95.2 85.8 74.1 67.4 63.2 64 69.8 77.9 76.2 75.4 80.3 86.1 89.6 88.6 92.7 98.1 100.8 101.2 100.4 98.7 95 93.7 93.4 97.7 102.8 106.5 110 109.1 103.2 98.9 97.2 95.2 94.3 94.2 94.2 93.3 94.3 96 92.5 92.4 91.9 91.2 89.6 88.7 86.4 81.4 78.2 75.3 73.5 75.4 73.3 69.6 68.3 66.7 65.5 64.6 63.5 62.6 62.2 61.7 61.3 61 60.8 60.3 60.5 61 61.4 62.5 62.8 62.8 62.8 62.9 62.3 61.8 61.2 61.2 62.5
158.1 151 143.7 135.7 130.3 121.2 111.2 98 86.3 76.8 70.1 63.6 60.9 63.3 71.1 79 75.9 76.1 83.8 88.6 88.4 88.6 94.3 97.9 99.6 100.2 99.6 97.9 93.8 96.3 98.6 105 108.4 113.1 110.1 105.3 100.2 96.3 95.8 95.9 95 93.4 91.7 91.1 91.3 91 89.8 90.7 88.9 87.6 84.5 82.7 83.1 79.3 76.7 73.5 72.8 73.2 71.1 68.5 66.9 65.1 64.3 63.8 63.1 62.3 61.7 61.2 60.8 60.6 60.3 60.2 60.1 60.2 60.8 61.7 61.7 61.7 62 61.6 61.2 60.8 60.3 60.8 62.6
