app/static/ascii/NS49.asc
ncols 200
nrows 200
xllcorner 240000
yllcorner 690000
cellsize 50
[rows 70 to 104 of 200, columns 79 to 157 of 200]
452.3 445.4 429.9 419.7 410.7 401.5 390.8 372.2 357.4 347.4 329 332.2 333.1 329.8 321.8 310.5 303.1 299.2 297.7 295.6 296.7 299.8 299.2 295 287.8 278.9 267.3 249.9 234.7 226.2 220.6 214.7 213.8 213.4 211.8 208 205 201.8 197.6 194.4 186.5 181.1 176.3 177.8 177.9 180.9 184.6 184.5 182.8 183.9 182.7 186.9 184.3 189.1 191.4 188.8 186.7 183.5 178.3 172.1 163.7 159.9 156.9 152.8 150.3 148.4 147.2 147 147 147 148.1 149 149.4 151.2 151.6 150.6 149.6 148.5 146.4
451.3 444 426.1 415.2 408.7 404.9 388.4 370.1 359.9 343.2 347.3 348.8 350.3 340.5 332.2 318.8 313.4 316.1 311.7 305.5 300.8 303.5 302.1 296.5 289.6 280.3 268.5 252.2 238.4 228.5 221 218.9 220.1 219 216.2 210.6 205.1 200.8 195.7 192.5 185.2 180.9 182 184.2 185.4 185.8 186.8 188.3 190.1 190.8 193.8 197.1 200.6 201 198.5 194.6 189.9 183.3 176.8 171.1 163 159.2 156.6 157.5 159.7 156.2 153.6 159 148.6 139.2 140 142.3 142.7 144.3 145.4 144.9 144 143.5 142.6
444.6 435.7 421.2 417.1 409.3 398.6 380.7 366.6 354.1 362.2 364.7 369.7 359.9 351.2 340.1 325.5 325.2 327.2 322.7 314.2 304.6 305.9 304.1 298.2 291 280.9 270.2 257.9 245.7 234.1 227.6 225 226.4 225.6 221.4 214.6 206.5 203 199.7 196.2 189.2 189.2 192.7 194.5 195.9 196.3 198.2 198.4 197 201.6 205.7 207.5 207.8 209.7 204 198.2 191 183.7 176.5 170.6 163.9 164 164.3 164.8 167.1 167.3 179.1 181.9 162.4 147.3 138.9 138.1 140.6 141.3 141.1 141 140.8 140.4 139.3
429.2 417.2 414.3 407.6 395.5 381.1 374.5 372.1 371.4 374.9 379.1 376.6 368.6 358.6 345.3 329.6 335 343.8 334.2 321.9 313.5 308.3 305 300.3 291.8 279.9 268.9 258.7 246.1 237.9 234.6 231.9 233 231.6 226.7 222.3 217.6 212.5 210.6 204 197.4 198.8 203.3 205.7 205.7 206.1 208.3 207.5 204.5 208.4 213.8 215.7 216.2 212.2 206 198.2 187.6 179.4 173.9 168.8 165.2 165.7 170.9 171.6 173.9 192.4 201 187.5 166.5 154 148.3 137.6 135.9 138.6 138.2 136.9 134.4 135.4 135.2
420.8 412.2 402.8 394.2 393.7 390.9 388.4 386.2 387.5 387.6 386.1 380.5 376.6 368.3 353.9 340.3 344.7 351.9 348.1 330.2 317.8 309 303.9 299.2 290.1 276 265.4 256.5 247.2 243.3 239.8 236.3 239.3 237.6 233 230 228.3 225.2 220.6 214.6 208.7 211.8 213.2 214.3 215.5 216.4 214.2 213.1 216.8 217.7 219.8 221.9 218.2 213 204.4 196.8 185.2 173.1 167.5 165.2 164.6 166.2 171.8 174.4 188.7 204.9 194 176.3 166.2 159.4 153.1 144.7 134.5 135.4 136.8 135.6 131.9 127.6 125.9
419 412.4 412.1 411.2 406.7 403 401.8 401.3 400.5 401.1 397.6 389.7 382.8 372.9 360.1 348.7 347 355.2 347 330.5 319.1 309.2 303.5 296.5 287.8 274.5 266.5 263.8 258.4 252.9 247.1 244.6 245.2 241.6 233.7 235.6 235.8 232.6 227.2 220 221.5 222.5 222.5 221 222.1 224.9 228.4 225.9 226.2 227 225.8 222.5 217.3 211 201.9 193.7 184.3 171.4 163.7 163.2 164 165.9 171.7 183.1 184 176.5 172.6 172.4 162.3 158.9 155.5 148.4 138.3 131.4 133.9 132.4 127.1 120.6 120.3
426.4 418.2 424.2 424 421.2 417 414.4 412.7 410.4 407.4 404.1 396 387.3 377.4 365.1 355.7 355.5 352.3 343.3 330.7 321.1 308.4 301 294.2 285.1 280.8 277.2 272.4 267.3 261.3 255.8 249.9 251.8 246.8 240.1 241.1 239.5 236.1 232.2 229.1 231.9 231.7 230 229.5 231.4 234.5 235.8 235.4 233.9 229.2 225 220.1 213.5 206.7 199.4 190.9 180.7 167.2 161.6 161 162.4 168.6 183.7 182.7 169.2 166.9 162.1 158.7 155.7 156 152.8 148.5 144.1 132 128.5 127.9 125.3 125 124.4
426.6 429.6 435.9 436.7 435 429.6 424.5 419.6 415.4 411.1 407.2 401.1 391.1 380 370.7 360 356.9 351.4 340.1 330.2 320.8 309.2 298.3 293.3 289.8 287.9 284.4 279.2 273.1 266.9 261.7 255.9 254.7 247.9 246 246.3 246.3 242.9 237.9 239.9 241.2 240.8 239.1 238 239.4 241.4 242.3 240 235.9 229.2 221.2 214.6 206.9 201.9 195.5 186.6 175.1 163 161 160.8 162.3 167.3 169.8 166.3 161.8 160.6 154.7 150.8 152.3 153.2 150.1 145 139.7 135.5 131.2 127.9 126.7 126.6 126.5
441.9 446 448.4 448.4 444.8 438.4 431.6 425.5 417.6 412.7 409.4 404.1 396.8 385 375.4 365.3 358.2 350.2 338 328.4 318 308.8 301.7 299.2 295.3 291.2 288.1 283.2 277 271.4 265.1 260.8 259.1 254.8 251.7 252 251.1 248.4 246.3 248.2 248.2 247.3 245.4 244.3 246 246.7 245.3 241.5 235.7 226.7 219 209.6 202.4 196.4 189.1 178.9 167.4 161.1 160.8 161 162.5 161.6 157.9 154.1 150.4 149.7 145.7 146.4 149.1 148.6 144.7 141.2 135.9 130.7 130.3 125.7 122.3 121.7 122.9
460.6 461 459.2 458.8 452.1 445.2 438.5 431.1 422.7 415.2 411.9 407.8 401.1 388.7 377.7 366.9 356.8 347 336.4 329.4 322.8 314.5 307.9 303.4 298.1 293.4 289.1 283.5 276.9 274.2 268.3 265 263.4 262.4 260.3 257.8 254.3 253.6 252.7 253.3 253 250.5 249.4 249.4 249.7 248.4 245.3 240 232.9 224.7 218 209.3 199.3 188.6 180.9 168.2 161.7 160.8 161.1 160.9 159 153.6 150.4 146.8 144 144.6 142 144.8 144.3 144.5 142.7 137.3 129.3 121.3 119.9 118.5 116 115.3 115.3
473.2 473.5 466.2 463 454.7 448.9 442.9 435.4 426.8 419.1 412.6 405.5 396.2 387.9 379.2 368.5 359.3 351.8 341 332.7 326 318.4 312 305.3 297.6 291.6 289 284.1 282.7 277.7 270.5 267.2 265.6 266.2 264.1 261.4 258.6 256.8 256.8 256.4 255.8 255.5 256.6 254.6 251 247.2 241.8 235.1 228.8 222.2 214.6 205.3 194.9 184 173.2 165.9 161.7 161 160.8 158.8 153.3 146.9 145.9 145.7 146.9 145.9 142.6 136.6 138.7 139.9 138 131.7 122.8 120.2 117.2 116.1 115.3 114.5 113.9
482 479.8 470.3 465 456.8 450.6 444.8 436.9 427.9 419.7 412.2 401.9 390.6 385.5 381.3 373.3 364.6 355.5 344.5 333 327.3 320.4 311.9 304.9 301.6 299.8 294.7 291.1 286.8 280.5 275.5 272.2 270.4 268.7 265.2 261.8 262.6 262.6 261.4 258.4 256.3 255.9 256.8 252.5 247.8 242.4 236.7 229.9 223.8 216.3 207.8 198.9 188 176.9 167.4 164.2 162.6 162.1 160.9 153.4 148.7 149.6 148.7 148.3 148.2 145.6 140.8 135.7 131.2 133.4 132.5 127.9 122.7 120.8 121.7 119.5 119.1 116.3 114.2
484.3 478.4 471.5 468.7 458.8 453.1 445.9 439.1 429.5 418.9 410.9 400.5 394.2 391.4 385.2 374.3 366.5 358.2 347.1 335.5 326.8 320.7 315 311.5 309.9 306.7 301.1 296.9 289.7 282.8 281.8 278.4 275 272.9 269.7 268.3 268 266.3 263.7 258.1 252.5 251.7 249.3 245.5 239.5 235.4 230.5 225.3 217.6 208.2 198.3 189 178.7 169.2 165.8 165.4 165 163 160.1 156.2 153.1 151.4 150.1 148.9 146.2 142.8 138.6 134.1 127.6 126.7 126.4 123.2 121.6 120.6 120.9 120.9 120.9 121.4 118.8
483.9 476.8 470.6 464.2 458.5 449.9 443.5 438.3 428.5 418.8 407.6 403.6 401.4 397.2 388.2 376.5 367.2 359.5 350.7 340.4 328.5 324.7 321.8 317.2 317 313.5 309.4 302.3 295.9 291.7 288.7 286 282.3 278.2 277 274.3 269.7 266.4 263.3 257 249.1 245.7 243.4 238.7 232.8 229.6 224.9 218.4 210.2 200.1 187.5 177.9 171.6 167.8 167.7 167.5 165.5 162 157.9 156.5 152.5 148.9 147.8 145.8 143 139.1 136.5 135.7 131.7 126.1 123.1 122.4 122.1 122.6 123.6 124.1 123.9 124.8 123.3
480.8 475.6 466.9 457.8 450.7 446.3 442.5 438.3 433.2 418.5 411.8 410.3 407.5 399.7 390.3 378.3 366.4 359 348.6 339.7 333.6 330.3 325.9 324.4 323.1 319.3 314.3 308.4 305.2 301.2 298.9 295.1 288.4 284.8 281.5 276.6 270 265.6 262.6 256.5 249.3 242.9 238.5 231.3 229 224.6 218.4 210.1 201.8 191.3 179.3 169.5 166.1 166.1 164.7 165.3 164.7 155.9 159.9 152.8 151.5 152.6 151.6 145.4 140.8 138.7 135.7 133.9 134 132.1 129.2 127.9 126.4 126.8 127.3 126.8 124.2 125.1 125.7
477 469.7 462.9 456.7 449.4 450.6 451 444 433.2 421.3 417.5 412.9 408.1 400.1 393.9 382.3 371.4 361 352.6 346.5 341 336.3 332.7 330.8 327.3 322.6 317.9 315.5 312.5 310.9 307.6 301.9 296.4 290.8 283.8 276.6 272.7 269.3 265 259.5 252.4 242.3 234.7 225.8 223.8 219.5 212.1 202.1 193.8 182.1 172.8 167.1 165.6 162.9 161.6 160.3 158.7 163.2 162.6 159.2 157 154.6 151.6 148 145.5 142.7 137.6 134.7 131.8 131 128.8 128.7 129.1 129.5 129 128.5 126.4 125.7 126.7
468.8 462.2 458.2 455.9 454.9 454 451.2 445.4 432 422.4 416.3 411.8 406.7 409.6 402 385.5 374.1 363.7 355.8 350.1 345 341.3 339.1 335.2 330 326.4 324.4 322.1 319.9 317.3 314.1 308.2 300.2 294.6 289.5 287.5 283.2 277.2 269.8 263.3 254.5 241.3 235.1 225.8 216.5 211.7 205.1 197 188.5 179.7 172.1 171.3 168.9 164.5 162 162.8 165.3 167.8 165 160.3 157.7 155.8 153.4 151.4 150.5 147.6 143.6 137.5 133.1 131.6 131.4 131 130.1 130.9 131.1 129.8 128 124.7 126.2
462.8 457.8 459.2 457.5 457.2 452.4 447 435.4 427.9 419.1 412.4 410.3 412.6 411.3 399.1 383 371.5 359.4 354.2 349 346.7 345.6 342.3 335.2 333.8 332 328.8 327.2 324.4 322.3 318.3 312.7 308.5 304.3 299.8 295.4 289.7 282.5 274.8 265.3 255.3 244.7 236.3 228.8 219.2 209.2 200.7 192.6 182.5 175.2 176.1 174.4 170.9 165.4 164.6 168 171.2 172.2 170.2 165.5 161.4 159.1 157.3 156.1 153.5 149.9 146.4 141.9 136.7 135.9 134.7 132.7 131.6 131 130.5 130.5 128 123.6 123.1
461.1 461 462.3 463.4 456.8 450.1 439.2 429.1 424 413.7 408.3 406.1 403.7 398.9 387 374.8 366.2 356.6 351.2 347.6 349.8 348.2 343.5 339.4 339.5 337.2 335.4 331.3 329.2 327.1 322.3 319.8 315.9 311.1 305 299.5 292.6 284.4 275.1 264.3 253 244.8 238.3 229.1 220 210.6 201.3 192.8 183.4 181.3 181 178.5 172.6 169.8 170.9 175.9 177 174.6 171.8 166.9 164.3 164.6 163.5 160 155 150 146.4 143.3 140.9 139.3 137.5 135.2 133 131.5 130.4 129.6 127.6 122.3 117.3
460.4 463.8 463 460.5 451.8 440.6 430.5 428.6 419.7 408.1 403.2 402.3 398.6 391.8 378.7 366.8 357.9 349.7 348.1 351.1 352.3 350 346.2 344.9 344.4 342.1 338.6 334.8 333.6 330.4 327.8 325 320.4 314.2 306.6 298.7 290.3 281.1 270.7 259.3 249.1 241.2 236.3 225.8 217.7 207.3 196.6 187.8 183.5 187 185.7 185 182.6 179.6 179 181.7 181.5 177.1 170.9 167.3 170 170 167.6 161.2 154.6 150.6 147.2 143.6 141.8 139.7 138.1 135.1 133.6 132.3 130.8 129.1 126.5 120.7 114.7
461.3 458.5 455.8 450.3 442.7 431 429.1 425.9 418.4 403.1 399.2 400.6 401.4 387.5 376.8 367.9 356.6 349 352.2 354.8 353.6 350.7 347.9 347.6 346.2 343.8 341 340.4 337.1 334.1 331.7 327.2 320.7 312.5 303.2 293.3 284.4 274 261.9 251.4 239.7 234.1 232 226.3 221.3 208.8 197 194.4 193.7 193.6 190.5 190.7 188.6 186.5 185.7 186.6 184.4 178.7 174.6 175.4 175.8 174.2 170.3 164.3 157.7 151.7 146.4 143.8 140.4 137.5 136 133.6 132.2 131.7 130.5 128 123.9 120.1 114.1
457.4 453.1 445.5 438.7 430.3 426.2 424.9 421.3 412.4 400.3 397.4 403.1 391.7 382.4 375.9 367.5 357.6 353.6 357.1 357.9 356.4 353.5 351.6 350.8 350.3 348.1 345.2 343.2 340 336.4 331.7 325.3 316.9 306.8 295.8 286.2 276.4 264.9 256.1 248.9 248.6 244.3 238.1 233.6 226.4 215 205.8 203.6 201.8 202.1 200 197.5 196.6 196.2 194.5 191.5 185.1 181.9 182.2 180.6 178.9 175.2 170.8 165.2 157.1 150.7 145.1 141.3 137.8 134.4 131.1 132.2 131.2 129.1 127.6 124.7 120.2 115.9 111.5
445.9 441.5 434.1 427.7 426.1 426.1 421 415.4 407.9 395.6 394 390.6 381.2 378.4 372.5 365 360.1 357.5 359.7 359.1 358.8 356 354.5 353 352.2 348.6 345.9 343.6 339.5 334.4 328.6 319.9 311.5 303.4 291.2 280.4 271.2 267.9 263.6 262.1 259.3 253.7 248 240.3 229.9 218 213.3 211.6 208.5 208.9 209.6 208.5 207.3 206.6 203.6 196.8 188 186.3 184.7 182.1 177.8 172.2 167.5 161.4 152 146.8 140.3 137 135.5 133.7 130.5 128.8 129.5 127.7 124 120.2 117.1 115.4 112.7
434.2 431.3 427.4 420.4 422.1 417.3 414.8 411.2 399.9 389.9 382.3 380.9 378.1 374.9 369.2 364.2 360.3 360.7 361.6 361.7 360.7 358 354.7 352.3 348.9 347.2 344.4 340.7 334.8 327.8 322.4 316.9 310.1 300.7 286.3 282.8 282.6 277.9 278 274.6 270.8 265.1 255.6 245.1 233.8 230.2 227.2 225.9 226.5 222.9 220.7 220.7 219.1 216.5 212.3 205.9 197.3 188.4 182.9 179.1 174.8 169.9 165.4 158 149.5 145.8 143.6 141.5 140 138 134.7 130.6 128.4 126.8 124.3 122.2 119.6 117.1 114.7
429.2 426.6 418.4 417.1 412.8 411.4 409.5 402.5 389.5 384.8 376 379.8 373.2 367.2 364.9 362.3 361.1 363.1 364.1 363.9 361.8 359.1 355.9 352 348.6 345.3 341.2 335.9 328.1 321.2 320.6 314.3 308.2 295.2 298.3 297.7 293.7 292.8 291.3 287.1 282.4 273.6 262.5 252.2 253 249.1 246.4 243.2 240.1 236.1 232.2 229.8 227.3 225.4 220.1 212 203.3 195 185.5 175.7 171.1 168.9 165 160 154.7 149.8 146 144.3 142.4 138.9 136.6 133.4 129.3 125 122.9 121.5 119 116 113.3
421.9 418.1 412.3 411.1 410.4 405.3 402.2 392.3 382 372 374 371.6 368.3 365.7 362.5 360.9 360.6 363.3 364.8 364 362.6 359.6 354.1 349.3 345.5 341.7 337.2 331.1 328.8 325.6 321.7 314.9 304.3 309.5 310.9 310.1 307.5 306.2 302.6 298.8 292.9 281.4 267.1 271.9 271.1 266.9 264 258.8 254.4 245.9 240.9 237.1 235.3 232.6 226.1 218.7 210.6 202.4 194.8 184.9 177 173.4 168.1 162.9 157.1 152.9 148.2 144.7 143.3 140.1 136.7 132.9 127.5 125.3 123.6 120 117.7 118.4 117.7
412.1 406.2 408.6 405.2 402.4 396.1 392.9 387.5 376.5 367.1 363.2 362.8 365.6 362.3 360.4 359.9 359.6 361.6 362.6 361.6 360 355.7 350.9 344.6 340.4 337.7 336 333.9 330.8 327.2 321.9 314.6 316.6 320.7 322.1 320.7 318 315.8 310.2 303.8 291.1 276.3 278.3 284.7 283.4 280.3 276.3 270 262.5 257.1 252 248.5 244 238 232 224.8 218.9 210.9 201 193.2 184 177.6 171.4 165.2 157.6 153.7 148.8 145.4 142 139 135.9 134.1 131.9 129.2 127 123.9 122.3 121.6 119.8
400.3 398.9 396.9 396.7 395.8 391.7 386.8 382.8 370.4 356.9 358 358.6 356.6 357.2 356.3 359.2 358.9 358.2 358.4 356.3 355.9 355.1 349.6 345 341.2 338.8 337.7 335.4 332.6 328.6 321.6 323.3 326.9 331.1 330.7 329 326.7 323 317.2 306 289.4 284.2 286.1 294.6 295.2 293.3 288.5 283.5 280.2 274.3 268.7 262.6 255.8 253.6 248.5 235 226.1 216.6 206.8 197.9 190.5 184.1 176.5 169.2 161.6 155.5 149.7 147.4 144.7 142.3 140.4 139.9 136.8 132.9 129.7 126.7 126.8 123.5 121.1
390.6 388.5 392.5 391.2 392.1 389.1 381.1 371.4 361.3 351.3 355 354.3 352.2 350.1 357.5 358.5 355.7 353.4 353.1 354.3 355.5 351.3 346.6 344 340.5 338.5 337.7 336.2 333.7 328.7 326.7 332.4 335.8 339.8 337.7 336.4 332.5 327.4 318.7 304.5 298.7 294.4 303.5 305.4 304.1 300.1 297 294 295.4 291 287.3 282.4 279.1 275 261.4 248.7 232 219.7 210.1 202.4 196.3 188.9 180.8 172 164.3 159.8 157.6 155 151.9 147.8 148.3 147.6 144.2 140.5 137.5 135.8 133.3 130 124.7
382.8 377.2 380 384.1 385.1 379.4 370.4 363.8 354.9 347.1 347.5 348.9 347.7 348.8 350.1 351 350.4 350.3 350.7 351.2 350.3 348.4 346 343.7 341 338.8 337.9 337 335.4 335.3 337.6 340.9 344.3 345.4 345.3 344.5 342.8 333.2 332.3 329.7 324.8 319.1 320.9 316.3 312.8 307.6 304.4 304.4 307.1 305.4 300.6 297.2 296.1 290.1 277.2 258.5 241.5 226 216.6 208.2 200.2 190.5 180.8 171.6 166.6 167.7 165.6 164.2 160.7 156.7 157.2 156.9 154.3 150.6 148.3 147 143 138.3 132.2
372.1 368.4 368.2 371.7 369.6 365.9 358.9 353.3 350 346.6 345 345.7 346.3 347.2 349.2 349.1 348.8 348.6 349.8 350 350 350.2 349.8 347.8 343.6 341.1 340.8 341 340.3 341.9 344.5 347.7 355.5 358.4 360 354 351.9 352.4 354.4 350.5 347 342.3 339.1 335.3 330.4 324.9 320.2 323.9 323.7 316.2 308.1 309.4 304.5 297.7 283.1 262.4 243.4 233.6 223 210.3 199.6 189.9 180.1 178.6 176.3 174 172.4 170.4 168.9 166.6 163.7 164.4 162.4 159.7 157.8 155.4 152.5 148 141.7
357.3 358.3 362 360.2 360.2 357.5 352.6 350.8 349.7 346.8 345.1 343.3 345.4 346.1 347.3 347.6 347.6 347.5 348.9 350.1 350.8 350.8 351.2 350.9 348.6 346.5 345.7 344.5 345.2 349.1 356.1 363 367.3 366.9 364.9 365.8 368.8 372.3 380.8 376.1 363.9 360.7 361.7 357.4 348.9 341.1 333.6 335.7 334.3 327.2 318.6 313.7 301.5 288.5 275.5 259 244.9 234.1 223.6 211.3 199.3 193.5 191 190.6 186.6 184.6 181.7 179.3 176.7 174.5 173.1 171.3 168.9 166.7 165.3 162.3 160.2 157.2 150.4
347.3 347.9 349.1 349.7 350.1 349.7 348.1 348.7 348.1 346.6 344.1 342.6 345.1 346.2 346.4 346.5 346.3 346.1 347.8 349.7 351.2 352.4 352.7 352.3 350.8 351.5 350.9 348.9 351.1 358.6 367.8 374.5 374.7 373.3 375.4 380.2 382.6 385.1 387.3 383.9 381.2 377.1 375.6 372.3 358.3 348.1 345.1 336.1 332 325.4 315.7 301.8 286.7 267.7 260.9 252.7 242.4 231.9 221 212.2 207.1 202.9 202.2 197.9 196 193 190.2 186.6 184.4 182.5 180.1 177.3 173.3 170.7 168.9 167.5 163.8 159.6 154.9
341.3 340.7 342.4 343.2 343.2 343.1 343.2 345.7 345.7 344.3 342.2 344.6 345.9 346.4 346.1 345.3 343.7 345.6 347.5 348.7 350.6 352.3 353.4 353.9 354.6 355.1 356.7 357.9 362.6 368.1 377.1 378.2 380 384.3 390.6 394.6 395.6 398.1 396.3 389.5 380.5 372.3 362.4 351.9 342.3 335.8 332.4 331.9 326.1 314.8 308.3 297.8 289.1 277.3 270.5 261.5 250.5 238.8 230.7 225.2 217.8 213.3 212.5 207.3 202.4 198.9 194 190.6 188.7 186.1 183.2 178.9 174.4 171.3 165.5 164.4 160.5 156 152.3
335.7 335.2 336.2 337 338.9 340.1 340.1 340.5 341.6 340.8 339.2 342.3 341.8 342.8 343.3 343 342.5 345.1 346.6 348.9 350.6 352.5 354.5 356.6 358.2 359.6 363.9 368.3 373.7 378.9 381.2 384.9 390.5 395.7 402.6 410.2 415.7 412.5 400.1 387.7 377.6 368.1 358.4 347.4 339.2 331.8 325.7 321.7 319.4 316.1 305.9 299.3 292.2 285.5 278.8 268.4 256.2 246.5 236 230.7 225.8 222.2 219.7 216.2 209.1 202.2 197.2 193.8 189.7 186.1 181.3 177.1 169.9 164.5 160.4 156.9 153.4 149.5 147.2
