app/static/ascii/NS50.asc
ncols 200
nrows 200
xllcorner 250000
yllcorner 600000
cellsize 50
[rows 140 to 174 of 200, columns 78 to 155 of 200]
451.4 450.8 448.7 445.2 441.3 435.7 431.7 428.7 426.4 425.2 423.5 421.7 425.3 429.2 431.7 433.7 432.5 431.3 429.7 427.2 422.1 416.8 411.1 404.9 401.2 397.6 393.8 389.5 385.1 380.6 376 371.2 365.4 364.7 364.3 365 367.9 372.3 370.6 368.7 365.7 361.8 354.9 347.1 337.7 329.2 321.1 316.9 314.2 311.8 313.5 310.7 303.8 311 319.1 324.7 328.9 333.6 342.3 351.3 359.6 370.8 379.1 383.1 384.2 383.1 383.7 385.6 387.5 391.4 396.2 401 405.8 410.2 415.6 421.7 427.9 434
447.7 447.4 445.7 442.6 439.5 433.5 428.8 426 424.2 422.8 421.6 418.3 421.7 424.7 426.8 429.2 427.4 425.4 422 419.4 415.3 410.2 403.9 399.4 395.9 392.4 388.7 384.4 379.6 375.1 370.5 365.6 361.5 356.8 357.1 356.2 358.5 361.7 361.4 359 354.3 348.8 342.6 334 325.9 319.7 314.8 312.6 310.2 308.1 308.2 303.7 310.7 317.5 323.9 330.5 334.7 340.3 345.9 355.6 368.2 379.9 389.6 391.4 391.7 387.5 387.8 389.6 391.4 394.3 398.7 403.2 407.5 412.2 417 422.8 428.9 434.7
441.2 442.7 442.3 440 436.5 430.1 426.6 423.5 421.8 420.5 419.6 414.9 417.6 419.9 422.3 424 422.1 420.1 417.8 414.2 408.1 402.7 398.3 394.5 390.9 387.2 383.4 379.1 374.2 369.5 364.6 359.7 356 350.1 350 348.1 350.9 351.7 350.5 347 342.2 336.4 328.8 321.2 315.4 312 309 308.1 307.5 305.3 301.9 307.3 318.4 325 329.6 335.3 340.7 347.3 354.5 363.6 377.7 388.3 395.2 398.2 397.7 391.8 391.8 393.7 395.5 397.5 400.5 404.7 409.4 414.2 419 423.9 430 435.3
427.2 434.5 437.9 438.4 431.8 426.7 424 421.5 419.6 417.6 416.1 413.1 412.8 416 418.2 418.8 416.8 414.8 412.8 408.1 402.4 397.2 394.2 389.6 385.7 381.6 378.9 375 369 363.7 358.4 353.9 348.9 344.2 342.4 339.4 341.1 340.3 336.6 333.8 329.8 323.5 318.8 311.9 306.6 305 305.2 304.9 304.4 303.4 306.4 318.3 326.5 331.8 335.8 341.4 347.9 355.4 362.8 373.2 385.7 393.7 399.5 401.4 400.9 398.8 397.4 398 399.3 400.4 402.7 406.5 411.4 416.2 421 425.9 431.1 435.9
416.3 424 429.3 430.8 426.1 423.6 420.9 419.6 417.4 414.9 412.2 408.4 407.2 410 411.9 412.5 411.7 409.9 407.6 402.9 397.5 393.4 389.4 385.2 381.1 377.6 374.7 369.9 364.5 358.1 353.4 349 342.1 338.7 333.4 330.5 329.6 328.6 326.7 323.3 318.7 315.8 311.6 302.3 300.8 301.1 301.7 300.9 300.3 309.2 320.6 328.3 333.6 338.2 342.3 348.1 354.9 362.2 369.4 379.4 390.5 398.6 401.3 402.7 402.8 402.3 401.7 401.7 402.2 403 405.3 408.9 413.5 418.1 422.3 426.5 429.7 434.4
408.4 414.1 419.9 421.6 421.5 420 419.5 417.8 415 412.8 408.4 406.1 401.6 403.8 404.7 405.9 406.4 404.6 402.3 397 392.4 388.1 384.7 381.1 377.5 372.6 369.4 365.3 360.6 354.2 348.5 343.1 337.1 331.5 327.2 321.9 322.3 320.8 319 316.4 312.3 308.3 302.2 297.9 299.7 302 306.2 310.2 315.5 320.8 327.6 333.7 339.4 344.6 349.5 354.9 361.8 369 375.8 383.8 392.7 399.5 402.6 403.8 404.1 404.4 404 403.8 404.5 405.5 407.3 410.1 413.2 417.4 421.6 425.2 427.7 432.1
402.4 408.9 411.1 414.8 415.7 416.9 416.8 414.8 411.9 411.1 407.6 402.7 396.2 398.5 399.6 400.4 400.7 399.5 395.9 391.5 388.9 385.5 381.2 377.6 374.2 369.4 366.4 361.5 356.7 350.8 344.6 336.4 329.9 325.9 318.9 315.5 315.5 314.6 313.3 309.9 305.6 301 298.5 300.6 302.8 306.4 310.6 314.5 320.3 326.5 333.1 339 344.8 351 356.6 361.8 367.8 374.8 381 388.4 394.1 400.5 403.7 405 405.3 405.6 405.8 405.9 406.3 407 408.4 410.6 413.7 416.6 420.6 423.2 425.7 429.1
397.3 404.5 405.9 409.5 412.6 413.3 413.8 412.3 410.3 407.5 403.7 399.6 394.8 392.6 395.2 396.3 395.8 395 391 388.4 386.1 382.5 378.3 374.2 369.8 366.1 363.2 358.9 353.3 347.1 340.1 332.6 326.2 319.5 312.6 310.2 309.3 309 307.5 303.6 300.5 297 299.1 300.8 305.2 310.5 315.5 319.5 325.7 332.1 339.1 345.4 351.6 357.8 363.6 368.8 374.5 380.5 385.7 391.8 396.5 400.1 403.3 405.8 406.1 406.3 406 405.3 405.4 406.1 407.4 408.8 412 415.1 417.8 420.3 422.8 424.8
391.9 399.6 402.3 405.4 408.4 409.7 410.6 409.4 408 405.5 401.3 397.1 392.4 390 392.6 393.4 393.2 391.8 387.7 385 382.4 378.9 375 371.5 367.9 363.9 360.2 356.7 349.7 343.2 337.4 325.9 320.1 313.6 308.9 306 304.9 303.9 301 299.2 296.6 297.5 299.2 301.7 308.8 314.4 319.6 324.7 331.2 339 346.1 352.4 358.8 364.7 370.6 375.6 380.4 385.2 389 392.3 396.1 399.6 402.6 404.6 406.3 406.2 405.4 404.5 403.9 404.9 406 406.5 408.6 411.4 414 416.5 418.4 420.4
387.5 394.4 398.3 401.4 404.5 407.1 407.4 406.2 405 402.1 397.4 392.6 387.6 387.4 390.1 390.7 391.5 389.8 386.8 384.9 382.9 377.7 372.9 367.7 364.8 362.3 358.9 353.6 345.7 338.5 333 321.6 314.8 308.6 304.3 302.5 301.5 300 297.8 296.2 297.7 299 302.1 308.9 314.8 320.2 325.6 331.8 338.5 346.3 353.1 359.5 365.8 371.8 376.2 380.1 384.1 386.9 389.2 392.6 396.2 399 401.7 403.3 404.5 404.6 404.6 403.4 402.2 402.1 402.4 402.9 404.8 407.6 410.1 412 414 415.9
383.6 389.4 394.3 397.6 400.9 404.3 404.2 403 401.8 397.3 392.4 387.7 381.3 384.5 386.7 388.9 389.9 388.3 386.2 384.3 382 378.2 373.3 368.5 363.2 358.3 355.7 350.1 344.7 337.7 329 320.2 311.4 308.5 306.7 305 304.6 299.6 296.5 295.3 301.6 307.8 311.1 315.7 321.1 326.5 332.5 339.1 345.8 353.3 360.1 366.6 372.9 377.4 381.2 383.6 384.7 387.1 389.5 392.8 395.7 398.4 400.1 401.5 402.1 402.1 401.9 401 399.8 399.5 399.7 399.5 401.1 403.6 405.4 407.3 409.1 411
379.7 384.1 389.1 394 397.4 400.7 400.6 399.2 397.1 392.8 387.6 382.7 376.9 380.9 383.3 386.3 388.4 387.7 385.8 383.8 381.2 378.2 373.4 368.3 363.3 357.1 349.8 343.5 337.5 335.3 329.1 319.1 312.6 309.4 308.2 307.6 306.5 296.5 295 302.2 307.6 312.1 316.9 321.5 327.1 333 340 346.7 353.4 360.3 366.9 373.7 377.7 380.8 383.9 385.2 385.8 387.5 389.7 392.3 394.9 396.5 398.2 399.6 399.6 399.5 399.2 398.5 397.5 396.9 397.1 395.8 396.4 398 399.6 401.4 403.3 405.1
374.5 379.5 384.2 390 393.5 396.3 396.5 395.2 391.9 387.7 383.7 378.7 373.1 378.5 381.4 383.9 386.2 386 385.4 384 381.3 378.1 373.3 368.2 362.6 358.1 352.1 345 338.9 330.9 321 312.9 310.5 309 309.3 308.8 305.8 294.4 298.9 306 310.8 316 322.1 327.4 333.3 339.4 346.2 353.4 360.5 367.6 373 376.4 378.8 380.8 382.7 384.9 386.8 388 389.3 391.3 392.9 394.7 396.3 397.1 397.1 396.9 396.6 395.8 395 394.3 393.5 392.1 391.1 392.4 393.8 395.6 397.4 399.3
367.7 372.3 379.9 385.6 388.8 391.7 391.9 390.3 386.8 382.9 379.3 376.1 370.8 376.6 378.7 381 383.6 383.9 383.5 383.2 381.9 378.3 373.2 368.2 363.6 359.2 352.5 345.5 338.8 331.7 324.6 317.6 309.7 305.7 306.6 305.8 301.1 292.8 301.9 307.6 312.7 318.1 325.6 332.5 338.6 345.2 352.5 359.9 367.2 372.2 374.6 375.8 377.4 379 380.7 382.4 383.6 384.9 387.5 389.6 391.1 392.6 393.3 394 394.5 394.2 393.9 393.1 392.4 390.9 389.2 387.4 386.6 387 388.2 389.8 391.6 393.4
361.3 366 373.1 381.2 381.8 383.6 384.6 384.1 381.1 378.4 375.1 372.8 369.2 374.3 376.2 378.1 380.9 381.9 382.2 383.6 383.1 378.2 374.9 370.5 366 361 353.4 345.7 338.8 331.9 325 317.3 309.1 300.1 302.6 298.1 294.3 291.6 302.3 307.8 313.2 319 327.3 335.4 341.8 349.3 356.8 365.1 370.1 372 372.8 373.2 374.1 376.1 377.9 379 380.1 382.3 385.1 387.4 388.9 389.5 390.4 391.5 391.4 391.3 390.9 388.9 386.7 385.5 384.5 382.7 382.3 382.1 383 384 385.8 387.6
356.4 360 366.1 370.9 374.5 375.2 376.7 376.5 375.2 372.6 370.9 368.2 365.5 371.2 373.3 375.7 378.1 380.8 382.2 383.6 384.3 381.5 378.2 373.2 368.3 362.6 355.1 346.6 339 332.1 325.1 317.5 310.2 302.9 295.9 291.5 292.6 298.7 304.4 308.4 314 319.9 328.3 336.9 345.1 352.7 360.7 367 369.1 369.6 370.2 370.7 371.2 372.9 374.6 375.7 378.1 380.9 383.1 385.1 386.2 387.4 388.5 388.8 388.3 386.1 385.2 383 380.8 380.2 379.8 378.4 378 377.5 378.1 378.9 380.1 382.2
350.6 354.3 359.1 363.3 366.6 369.4 370 369.5 369 367.9 366.3 365.5 363.6 366.5 368.9 371.3 374.1 378.1 381.3 383 384.6 382.9 380.6 375.9 370.8 364.4 357.1 347.7 339.3 332.4 325.2 318 309.9 302.6 291.3 292.6 298.4 300.3 304 308.8 314.3 320.8 329.1 337.5 346.5 354.9 362.5 365.3 366.2 365.9 366.6 367.8 368.7 369.6 371.2 373.7 376.9 379.8 380.4 382 384.2 385.5 386.3 386 384.7 378.4 379.7 376.6 375.1 374.8 375.1 374.1 373.7 373 373.5 374.5 375.6 377.1
345.7 348 352.2 356.3 360.5 362.8 363.2 363.5 363.7 363.1 361.9 361.5 358.8 362.1 364.6 367 369 373.1 378.5 382.8 384 383.7 381.1 377.9 372.9 366.2 358.8 349 339.6 332.5 325.2 318 309.7 297 288.5 297.3 299.3 300.7 301.7 307.4 314.7 320 327.8 338 347.3 355.9 360.3 361.7 361.9 361.6 362.7 364.2 365.3 366.6 369.2 372.1 374.5 375.5 376.3 378.3 380.6 383 383.7 383.6 382 378.9 375.9 373.4 371.7 369.2 369.6 369.2 368 368.1 369.1 370.2 371.3 372.2
340.1 341 345.1 348.7 352.9 354.8 356.7 357.3 357.7 357.5 357.9 357.2 357.2 358.3 360.8 362.5 364.1 369.5 375.8 381.7 383.3 384.6 382.3 379.8 374.4 368.3 360.7 350.9 340.4 332.9 325.6 318.3 310.6 297.3 289.4 297.7 299.1 300.3 301 306.8 313 319.5 329.3 339.7 349.4 355.6 356.4 357.7 357.5 358 359.5 361.2 363 364.6 366.6 369.5 370.5 371.3 372.5 375 377.8 380.3 380.8 380.4 378.6 377.4 376.4 375.9 374 371.3 368.3 363.6 363.8 363.7 364.8 366 367.1 368.3
338.7 338.8 338.6 340.6 344 346.9 349.3 350.5 351.7 352.4 353.1 349.5 354.3 354.8 356.1 358 360.4 366.7 373 378.8 381.9 383.9 383.8 381.7 376 370.3 362.5 352.4 341.9 333.9 326.6 319.1 311.1 303.1 287.4 292.2 298.7 300.9 303.3 307 313.1 319.2 325.4 333.9 342.2 347.9 350.3 352.8 353.4 355.1 356.6 358.5 360.5 362.4 364.2 366.1 367.1 367.9 369.6 372.6 375.3 377.4 377.8 377.1 375.5 374.6 373.9 373.2 371.3 369.6 366.7 362.8 359.5 360 361.6 363.2 364.8 366.1
341.3 338.2 338.5 335.3 335.9 338.9 342.4 344.9 347 347.6 348.1 344.4 348.9 351.6 353.2 354.7 357.4 363.5 369.6 375 379.1 382.9 385.7 382.3 377.5 371.7 363.3 352.9 343.2 335.2 327.5 319.6 311.6 302.7 292 287.7 289 299.8 302.7 306.3 310.9 316.3 321.7 328.2 333.8 340 343.1 347.4 350.5 352.2 353.9 355.8 357.8 359.7 361.4 362.6 363.6 364.5 367 369.6 372 373.8 373.9 373.6 372.7 372 371.3 370.5 368.6 366.9 365.1 361.5 359.2 357.9 359.5 361.1 361.9 364.5
342.2 339.8 338.4 339.2 335 332.6 335.2 337.7 340.7 342 340.6 340.1 344.3 347.1 349.9 351.8 354.7 359.7 365.8 370.6 375 379.7 381.8 380 375.6 371.8 363.1 352.1 344.8 336.5 328.8 320.8 312.5 302.9 291.8 287.4 285.7 297.8 300.3 304.1 308.4 312.9 317.6 324 329.7 334.7 339.1 343.4 346.6 349.3 351.1 352.8 354.5 356.2 358.3 359.2 360.2 361.6 363.9 365.7 367.9 369.7 370 370.1 370 369.3 368.7 367.6 365.8 364.1 362.4 360.5 357.6 356.1 356.8 357.5 358.5 362.6
339.1 336.9 335.9 336.7 335.6 325.3 328 330.9 334 334.9 334.8 333.3 338.7 342.7 345.9 349.1 352.3 355.9 361.5 366.1 370.4 374.1 375.5 376.7 374.2 368.4 360.4 354.1 347.2 338 330.2 321.5 312.8 304.1 297.1 287.1 287.6 294.7 298 301.5 305.2 309.6 314.4 320 325.5 330.4 334.9 339.2 342.5 345.6 347.7 349.4 351.1 353 354.9 355.9 357.1 358.5 360.6 362.4 364.3 365.9 366.8 367.3 367 366.7 366 364.8 363.1 361.4 359.4 357.7 355.4 354 354.5 354.5 356.5 360.4
336 334.1 333.4 333.9 331.7 325.1 319.8 324.7 327.4 325.7 323.6 328 332.2 336.6 341.6 345.2 349.5 353 357 361.6 365.6 369.8 372.2 373.8 372.9 366.6 360.6 355.9 349.9 339.6 330.5 321.5 312.8 305.9 299.1 287.9 286.7 290.7 293.9 297.9 301.9 306.7 311.6 316.9 321.4 326.1 330.6 334.8 338.3 341.5 344.1 345.9 347.7 350 351.5 352.7 354 355.3 357.3 359.4 361.7 362.9 363.8 364.4 364.1 363.7 363.4 362 360.1 358.1 356.3 354.6 352.7 351.6 352.6 352.6 354.1 357.6
332.4 331.5 330.4 329.2 326.8 321.1 317.3 319.2 320.3 320.1 318.8 322.1 326.1 330.7 335.7 340.8 345.2 349.5 352.7 356.7 361.2 365.8 368.6 370.2 370.7 365.4 361.6 357.5 351.2 341.4 331.1 321.6 313.6 305.8 297.6 290.5 284.7 286.6 289.9 294 298.5 303.6 308.6 313.3 318.1 322 326.4 330.3 334 337.3 340.1 342.4 344.7 347 348.4 349.7 351 352.3 354.8 357.1 358.9 359.8 360.7 361.3 361.1 360.8 360.4 358.8 356.8 354.9 353.2 351.6 348.8 347.1 348.6 350 352.2 355.8
331.9 329.7 327.6 324.3 322.7 318.1 313 314.6 316.1 315.2 313.5 316 320.1 324.4 328.8 334.1 339.8 346.3 348.3 351.6 356.6 361.5 364.6 366.1 367 365.2 361.9 358.2 352.2 342.8 331.8 322.3 311.6 302.9 294.8 289.1 282.8 284.3 286.4 290.3 295.1 300.5 305.6 310.3 314.8 318.5 322.2 325.8 329.5 332.8 335.4 336.9 339.7 342.4 344.7 346.6 348.1 349.7 352.3 354.8 355.8 356.6 357.4 358 358.1 357.9 357.3 355.5 353.6 351.8 350 348.4 345.7 344 346.5 348 350.8 354.6
331.2 328.5 323.6 321 318.2 315.8 312.8 312 312.5 311.5 308.8 309.1 313.2 317.1 322 327.3 333.1 339.6 344.8 350.4 354 357.7 359.7 361.6 362.3 360.9 358.3 355.9 351.5 342.1 332 322.3 311 300.9 292.5 287.8 284.3 283 284 287.4 292.1 297.6 302.6 307.2 311.1 314.4 317.8 321.2 324.8 327.3 329.2 332.4 335 337.7 340.4 342.3 344.1 346.2 348.6 351.1 352.5 353.3 354.2 354.7 354.8 354.9 354 352.2 349.9 348.6 347.3 346 344.7 340.3 343.1 345.9 349.3 352.9
334.7 331.3 326.7 321 316.9 315 313.5 312.5 310.4 308.8 310.1 309.6 303.5 310.2 315.1 321.3 327.3 334 339.1 345.1 349.4 352.3 354.3 356.5 357.7 357.3 355.2 353.1 349.3 340.8 331.4 322.4 310.9 300.2 292.6 286.2 285.8 284.4 282.5 286.7 291.6 295.4 298.6 302.9 307.2 310.3 313.5 316.6 319.2 321.3 324 327.8 330 333.1 336.1 338 340 342.1 344.4 346.8 348.9 350.1 350.9 351.3 351.5 351.4 350.4 348.3 346.3 344.2 342.5 340.9 339.7 338.4 342.2 345.5 348.5 351.3
337.2 333.9 328.2 322.3 318.2 315 313.7 312.9 311.7 314.9 316.1 311 303.5 304.5 309.3 315.3 321.6 327.9 333.4 339.8 343.1 346 349 351.5 352.2 354 353.3 350.5 346.4 337.9 330.3 321 310.9 303 295.6 285.9 283.5 280.9 282.5 287 290.8 291.8 294.4 298.5 303.3 306.7 309.8 312.9 315.2 317.1 319.6 322.2 325.3 328.4 331.6 333.7 335.9 338.1 340.3 342.6 345 346.5 347.6 348 347.6 346.8 346 344.5 342.5 338.5 338.4 336.6 335.1 338.6 342.1 345.4 348.7 351.9
340.1 336.4 331.5 324.5 319.5 316 313.2 312.7 314.4 316.3 315.6 309.4 305.2 300.4 303.8 308 313.7 321.1 325.7 331.1 336.4 339.8 342.7 345.5 346.9 348.6 348.8 346.8 343.2 335.2 328.1 319.1 309.5 302.1 295.3 286.4 281.4 280.5 285.1 287.6 290.5 291.3 293.4 296.5 299.2 303 306.4 309.2 311.7 313.8 316.4 318.9 321.4 324.4 327.3 329.6 331.8 334 336.2 338.5 340.7 342.6 344 343.9 343 342.2 341.4 340.5 338.7 334.6 333.3 332.8 333.2 335.9 339.7 343.4 347.1 351.8
343 338.3 332.2 326.1 321.4 317.7 315.1 311.4 314 314.6 313.5 308.2 303.9 300.8 300 302.1 306.1 311.7 317.1 322.5 329.7 333.2 336.4 339.6 341.9 342.5 341.6 341.2 338.1 331.9 325.5 317.1 308.2 301.2 294.1 284.8 278.5 284.8 286.7 289.4 291.4 291.9 293.1 295.8 297.7 299.2 303.1 305.5 308 310.6 313.4 315.7 317.9 320.6 323.1 325.3 327.7 329.9 332.2 334.4 336.7 337.8 339.1 339.7 338.7 337.7 336.8 335.9 334.9 331 330.7 330.4 332.2 335.3 338 340.9 345.7 350.2
344.3 339.5 334.6 330.3 325.8 322.5 318.2 313.5 312 312.9 311.8 307 303.7 300.2 300 300 300.8 303.3 307.4 314.7 321.7 325.9 331.1 335.4 336.7 337 336.2 335.4 331.4 326.5 321.3 314.4 306.6 299.1 291.7 280.6 281.2 284.8 288.1 290.9 292.1 292.1 292.2 293.9 295.7 297.5 300.4 302.1 303.5 306.2 309.6 312 314.3 316.5 318.7 320.8 323.5 325.8 328.1 330.4 332.4 333.2 334.3 335.6 334.7 333.7 332.7 331.7 330.8 329.2 331.4 331.6 334.4 336.3 340.5 342.9 344.9 348.3
346.2 343 339 334.7 330.5 326 321.1 316.3 312.2 308.8 310 306.4 303.5 301.1 298 298.2 300.1 301 301.9 307 311.8 320.4 327.1 331.2 332.6 333.2 332.8 330.9 328.2 323.1 317.8 311.7 304.1 296.6 289 277 281.7 284.9 288.1 290 291.3 291.9 292.1 293.9 295.4 297.3 299.5 300.4 301.5 303.4 305.8 307.6 309.5 311.6 314.3 317.1 320.1 322.4 324.2 326.5 327.8 328.7 329.6 330.7 330.6 329.7 328.9 328.2 326.1 330.6 333.4 333.9 335.8 340.1 344.4 346.9 349.4 352.3
349.4 346.5 343 338.6 334.2 328.9 324.1 319.1 314.7 310.1 306.1 303.3 302.2 299.5 297.6 298.8 299.5 300.5 301.5 304.1 310.3 317.6 323.5 327.2 328.8 329.5 328.9 327.2 324.8 320.5 314.5 309.6 302.4 294.9 288.5 276.6 281.3 284 287 288.6 290.8 290.4 292.1 293.6 295 297.1 299.1 300.2 301.5 303.5 305 306.1 307.8 309.1 311.2 315.6 318.6 320.3 321.9 323.1 323.6 324.1 325 325.5 326.6 326.6 326.5 323.4 325.3 328.7 332.5 336.2 339.3 344.3 348.1 350.6 353.3 355.7
353 349.8 346.3 342.1 337.3 331.8 327 321.9 316.4 311.1 307.5 304.4 301.1 300.4 298.1 298.1 299.1 300.1 301.2 302.5 308.1 314.1 321.8 323.7 324.6 325.1 324.4 324 320.8 316.3 311.6 307 300.9 293.3 286.7 277.2 280.9 283.6 283.1 283.6 285.6 286.5 291.2 293.1 294.5 296.9 299 300.1 301.7 303.2 304.9 306 306.9 308.3 310.6 314 317 319.3 320.2 319.7 320.5 319.6 319.2 319 320.5 321.9 321.5 321.8 328.9 332.2 335.4 339.2 343.4 348.4 351.9 354.5 357.3 359.6
