app/static/ascii/NS54.asc
ncols 200
nrows 200
xllcorner 250000
yllcorner 640000
cellsize 50
[rows 70 to 104 of 200, columns 78 to 155 of 200]
259.1 261.5 262.8 263.7 264.8 266.7 268.4 269.8 271.3 273.1 275.8 278.4 279.8 280.5 282.4 285 286.3 287.4 288.6 289.6 290.1 290.3 290.7 291.5 291.6 291 289.6 288.5 288.7 291.1 292.9 293.8 294.1 294.9 295.4 295.2 292.6 290.7 288.5 286.5 283.8 282.2 279.5 278.9 281.4 283.4 283.9 285.2 286.9 288.5 290.6 293.4 296.2 299.6 304.6 309.3 315.8 320.9 324.9 327.6 327.7 326.9 325.5 325.5 324.2 325.3 326.5 328.2 329.6 331.8 334.7 335.8 335.7 335.7 336.5 338.3 340.3 341.4
257.9 259.6 261.3 262 262.7 264.6 266.7 268.2 269.9 271.7 273.2 275.5 277.7 278.5 280.3 282.7 284.7 285.8 286.9 287.9 288.8 289.3 289.5 290.2 290.2 289.9 288.8 287.3 289 290.8 291.6 292.1 292.2 292.4 292.4 291.5 289.1 287.1 285.6 283.8 282.1 280.6 279.5 279.2 281.2 282.3 283 284.1 286.3 288.9 291.2 294.2 297 300.1 303.5 308.4 313.7 318.8 322.8 326 327.4 325.7 324.5 323.7 323.3 324.9 326.8 328.1 329.3 331 333.4 333.2 332.9 332.7 335.4 338.2 341.1 343.1
256.4 258.3 259.7 260.6 261.5 262.8 264.8 267 268.7 270.7 272.3 273.8 275.3 277.1 278.8 280 281.7 283.9 284.9 285.9 286.7 287.5 287.9 287.9 287.8 287 286.2 285.8 288.3 289.7 290.1 289.6 289.8 289.2 288 286.9 285.8 284.6 283.4 282.2 280.2 279.1 278.6 279.7 280.1 280.9 281.5 282.3 285.2 287.5 291.1 294.6 297.5 300.2 303.1 307.8 314.2 318.1 322.3 325.4 326.4 324.8 323.7 323.2 324.2 325.5 327.2 328.1 329 330 330.4 329.9 330.3 331.9 335.4 338.9 341.8 344.3
256.4 257.2 258.4 259.2 260.2 261.2 263.2 265.5 267.6 269.6 271.4 272.9 274.4 275.7 277.2 278.4 279.6 281.8 283.1 283.6 284.1 284.6 285 285.5 285 284.4 284.5 283.7 286.3 288.5 287.8 287.4 287 286.5 284.9 284 283.2 282.2 281.3 279.5 278 277.6 278.6 279 279.6 281.8 282.6 281.5 283.9 287.1 290.9 294.8 297.1 299.9 303.6 307.7 313.8 319.3 322.9 324.8 324.4 324.6 322.2 323.8 323.8 325.6 327.2 327.9 328.4 327.9 327.3 330.2 332.3 333.5 335.8 339.3 342.5 345.4
259.1 258.3 257.5 258.4 259.7 260.4 262 264.3 266.3 268.5 270.5 272.2 274 274.8 275.5 276.7 277.6 279.8 280.5 281.4 281.5 282 282.1 282.6 282.5 282.3 282.1 281.9 283.9 285.5 285.2 283.2 282.9 282.6 281.7 281.1 280.7 280.2 277.8 276.7 279.3 279.4 279.9 280.2 281.5 283.3 284.4 285 284.8 285.4 288.6 291.7 294.7 298.6 303.3 308.5 315.1 321.4 324.3 324.8 322.8 321.9 322.1 322.3 323.3 323.4 326.2 327 325.7 326.9 329 330.9 332.8 334.5 336.5 340.6 344.5 348.2
260.2 259.7 258.7 259.4 260.2 260 262 264 265.6 267.4 270.2 271.6 272.9 273.6 273.9 275 275.5 277.2 278.1 279 280 279.7 280 280.3 280.2 280.1 280.1 280 281.3 282.2 281.6 280.7 280.7 280.4 279.1 278.5 277.8 276.3 276.2 278.6 280 280.6 281.3 281.8 282.9 284.6 285.6 286.5 287 287.9 290 292 293.1 295.5 297.5 308.6 316.5 321.6 323.9 322.3 321.4 324.3 324.8 324.9 325.4 325.5 325 325.1 324.7 326.3 327.9 329.8 331.9 334.2 337.5 341.7 345.9 349.4
260.9 260.9 260.3 260.6 261.5 261.3 262.4 264.5 265.5 267.4 269.7 271 271.6 272.3 272.3 273.4 274.6 274.9 276 276.9 278.2 278.8 278.9 279.1 279.1 278.9 278.7 278 277.5 278.8 278.5 277.6 278 277.5 275.9 275.3 274.7 275.6 275.9 277.6 279.7 279.8 280.9 282.7 283.8 285 286.1 287.1 288.1 289.2 291.7 295.1 297.4 301.1 305.4 309.6 310.1 315.6 318.4 318.6 324.4 325.9 325.2 326.6 327.3 326.8 324 324.5 324.5 325.5 328 329.7 332.4 335.2 339 343.1 347.3 350.1
260.9 261 260.5 261.1 261.8 262.7 263.6 265 265.8 266.7 269.1 270.2 270.3 270.5 270.7 272 273.3 274.3 274.9 276.5 277.3 277.7 277.7 277.8 278.1 278 277.8 276.6 275.4 276.2 275.8 276.4 274.2 273.3 273.5 274.4 277.2 278.1 278.7 278.3 278.8 278.9 280 283.1 284.5 285.5 286.6 287.7 288.9 289.9 292 295.6 299.5 303.2 310.8 317.2 321.1 318.6 318.4 322.7 326 327.3 328 328.3 328.3 327.7 326.7 326.2 325.8 326.7 328.2 330 332.7 335.8 339.8 344.1 348.8 351
261 261 260.9 261.5 261.9 262.6 264 265.2 265.9 266.5 266.9 267.2 267.5 268.4 269.6 271 272.4 273.6 274.8 275.6 276.3 276.7 276.4 276.6 276.9 277.1 276.7 275.6 275.3 273 273.2 272.9 272.9 276 276.5 277.8 278.1 278.6 279.1 279.5 280.5 279.8 280.3 283 285 286.2 287.3 288.5 289.6 290.8 292.9 296.9 304.8 311.7 317 321.4 322.6 322.4 322.1 324.5 327.5 328.4 328.9 328.9 328.8 328.2 327.4 326.7 325.9 327.1 328.3 329.9 331.4 335.6 340.5 344.4 346.7 348.5
261 261.1 261.3 262 262.7 263.3 264.1 265.3 265.7 265.3 264.9 265.4 266 267.1 268.9 270.6 271.8 273.1 274.1 275.1 275.7 275.7 275.1 275.4 275.6 275.9 275.9 275.5 274.3 271.6 271.3 273.3 276.3 277.2 276.9 277.7 278.7 279.5 279.6 280.8 281.7 281.3 280.2 283.1 285.1 286.7 288 289.1 290.3 291.7 294.7 302.6 311.8 318 320.8 322.4 322.2 321.9 323.1 325.3 327.5 328.6 328.9 328.5 328.5 328.4 327.9 327.6 327.8 328.2 329.2 330.5 334.1 337.5 340.1 343.6 344.1 349.1
261.1 261 260.9 261.7 262.5 263.1 263.6 263.4 263.5 262.3 262.3 262.7 265 267.3 269.4 270.4 271.3 272 273 274 274.9 274.5 274 274.1 274.4 274.4 274 271.5 270.8 272.9 275.1 275.8 276.9 277.7 277.5 278.6 279.5 279.9 279.7 281.2 282.1 282.2 282.2 283.7 285.6 287 288.4 289.7 291.3 292.9 298.7 308.7 316.4 320.7 322.1 321.1 323.1 323 323.9 325.8 327 327.2 328.1 328.3 328.3 328.2 328.1 328.6 329 329.2 330.1 331.8 335.5 338.1 340.7 340.3 343 344.5
261.1 260.9 260.8 261.2 261.6 261.6 261.8 260.8 261.3 262.5 263.3 262.8 263.8 265.5 267.8 269.5 270.2 270.9 271.8 272.9 273.2 272.6 272.7 272 271.5 270.1 269.5 272.4 274.4 275.4 275.7 276.4 277.4 277.8 277.9 278.9 279.6 280.2 280.5 281.2 281.6 282.3 282.8 284.1 286 287.7 289 290.2 291.8 293.4 301.4 311 316.5 320.5 321.9 322.5 323.7 324.9 325.6 326.3 327 327.8 328.4 328.7 327.9 328.5 329.4 330 330.3 330.7 332.6 333.7 336.9 338.4 339.2 338.7 340.6 339.9
261 260.9 260.7 260.6 260.5 260.5 260.7 261.5 262.7 264.4 264.7 264.6 264.2 263.3 263.7 267.3 268.8 269.7 270.6 271 271.4 270 269.4 268.2 269.9 271 273.4 274.7 275.4 276.1 276.8 276.9 277.4 277.9 278.2 279.1 279.7 280.3 280.6 279.3 280 281.4 282.9 284.1 286.6 288.4 289.5 290.6 292.1 293.8 302.9 309.2 313.5 317.3 319.8 320.7 322.5 324.1 325.1 324.4 325.1 325.5 326.9 327.2 326.2 328.8 331.2 332.2 332.6 332.6 334.3 335.1 337 337 337.4 337.1 336.7 336
260 260.4 259.9 259.7 260.3 260.3 261.4 262.6 264.1 265.8 266.3 266.6 266.8 265.4 263.9 266.3 266.5 267.9 268.2 268 267.4 267.8 269.3 272 272.9 273.5 275.3 275.5 275.9 276.3 276.8 276.7 277.1 277.9 278.5 278.8 279.2 280 280 277.6 281.3 283.2 284.7 285.9 287.2 288.8 289.9 291 292.2 294.1 300.7 306.2 310.3 314.1 316.7 318.7 320.1 321.2 321.9 321.8 321.2 321.2 322.3 322.7 326.3 328.4 334.5 338.1 338.3 335.8 336.1 336.2 335.9 335.3 335.6 333.9 333.1 330.8
257.8 257.8 259.7 259.5 259.8 261.2 262.7 263.9 265.6 267.1 268.2 268.6 268.3 268 267.6 264.4 266.4 266.1 268 268.4 270.4 271.2 272.1 273 274 274.6 275.3 276.1 276.3 276.3 276.8 276.5 276.3 277 277.3 276.9 277.3 277.7 276.2 279.7 282.6 284.3 285.6 286.6 288.2 289.3 290 291.2 292.2 294.1 297.6 303.1 307.5 311.4 313.9 316 317.2 317.8 317.5 317.4 317.5 317.3 319.2 320.7 325.3 331.3 335.3 338.7 339.1 336.3 335.7 333.1 332.6 332.1 330.2 329.3 327.9 326.3
257 259.6 261.4 261.7 262.3 262.9 263.8 265.3 266.8 268.3 269.4 270 269.7 269.4 269 268.8 267.8 269 270.4 271.2 271.6 272.3 273.1 273.7 274.1 274.6 275.2 275.9 276.3 276.4 276.5 276.6 275.8 275.9 276.3 275.8 274.9 272.2 278.4 280.6 283.5 284.5 285.6 287.6 288.9 290.1 290.2 292 292.4 293.7 296.2 300.3 304.8 308.5 311.1 312.3 314 314.4 314.3 313.8 313.7 313.1 311.4 316.6 322.1 328.3 331.5 332.6 333.6 335.2 333.9 331.4 329.3 326.5 324.1 324.1 323.9 322.5
258 260.6 261.6 262.9 263.5 264.2 264.7 266.2 267.6 269.1 270.1 270.5 271.2 270.8 270.9 270.9 270.9 271.1 272.1 272.9 273.2 273.7 273.7 273.7 274.2 274.7 275 274.8 276 276 276 274.5 273.7 273.2 273.5 273.8 271.5 275.4 278.5 280.7 283.4 284.7 286.7 288.4 289.6 290.9 290.7 292.3 293.2 294.2 295.5 298.2 301.8 304.9 307.7 309.2 310.2 311.1 310.6 309.4 307.5 306.1 308 308.6 314.9 319.3 323.2 326.7 328.4 329.3 330 335.6 330.3 327.9 324.7 321.1 321.2 319.5
258.3 260.6 262.2 263.5 264.1 264.6 265.4 266.9 268.4 269.9 270.7 271.5 272 272.5 272.8 272.8 272.8 273 273.9 274 274.4 274.7 274.3 273.7 273.9 274.2 274.5 273.9 273.8 274.2 272.9 271.7 270.7 269.9 270.2 271.8 269.6 272.7 277.3 280.9 284.1 285.9 287.8 289.1 290.3 291.6 291.6 292.6 293.5 294.6 295.8 297.5 299.4 301.7 304 305.4 306.9 306.7 305 303.1 303.3 305 306 306.3 308.7 312.9 315.5 319.1 321.9 324.2 327.4 330.1 330.9 331 325.4 321.4 320.4 320
259.8 261.3 262.9 264.1 264.5 265 266.1 267.6 269.1 270.5 271.3 272.2 273 273.7 274.2 274.8 274.8 275.1 274.6 273.8 274.2 274.5 273.8 273.1 273.2 273.4 272.8 272 271.4 271.4 270.6 269 267.5 266.7 266.6 267.4 270.8 275.8 280.2 283.7 286.2 287.9 288.8 290.1 291.4 291.8 292.3 292.9 294 295 296.1 297.3 298.3 299.3 300.3 301.9 303.6 303 301.6 300.5 302.7 304.1 304.6 304.6 303.5 305.9 308.6 310.7 314.2 319.9 323.6 325.1 327.4 328.6 326.1 322.9 320.9 320.2
261 262.3 263.8 264.4 264.9 265.3 266.8 268.3 269.9 271.2 271.9 272.5 273.6 274.4 275.2 275.9 276.2 275.9 274.9 273.8 273.9 273.8 273.1 272.6 272.6 271.7 271.1 270.1 269 264.6 267.4 265.6 264.6 268.2 268.2 269.5 272 277.4 282.5 286 288.4 288.8 289.4 291.2 291.9 292.1 292.7 293.4 294.4 295.5 296.5 297 297.9 298.1 298.4 299.2 300.3 300.3 298.4 300.9 302.4 304.5 303.8 301.4 300 300.4 302.2 304.3 308 315.1 320.3 322.4 324.9 326.5 326.1 324.1 322.1 320
262.4 263.5 264.3 264.7 265.2 265.8 267.1 268.3 269.7 271.1 272.2 273.3 274.3 275.1 275.6 276.1 276.5 276.4 275.5 274.1 273.7 273.1 272.4 271.5 270.6 269.8 268.1 267.4 264 263.4 262.4 262.4 266.4 268.4 269.6 270.6 271.6 276 283.7 286.6 289.9 289.6 290.3 291.9 292.1 292.5 293.2 293.9 294.9 295.8 296.4 296.6 296.8 296.9 297.1 297.6 297.2 296.5 300.3 302.3 302.7 302.2 300.4 298.7 298.2 298.5 298.8 300.5 304.4 310.5 317.6 321.6 324.2 325.2 325.9 326 324.4 319.6
263.1 263.9 264.4 264.5 265 265.6 266.5 267.9 269.6 271 272.1 273.6 274.4 275.2 275.7 276.3 276.8 276 275.1 274.1 272.6 271.3 269.9 268.5 268 267.9 262.6 262.8 262.7 261.9 261.1 263.4 265.2 267.4 269.1 270 270.4 275.4 282.2 284.8 287.4 288.8 289.9 291.9 292.2 292.9 293.6 294.4 295 295.6 296.1 295.9 295.4 295.8 296 295 295 297.4 299.4 299.4 299.3 299.2 298.1 297.6 296.8 296.7 296.9 298.4 301.2 306.5 314.4 320.3 323.3 324.4 325.4 326 324.2 319.5
262.5 262.9 263.5 264.1 265.1 265.7 266.3 267.7 269.4 272.5 273.1 273.5 274.3 274.9 275.3 275.1 275 274.3 273.7 272.3 270.4 268.6 267.3 266.3 265.8 262.4 262.7 263.3 260.6 260.1 262.4 264 265.7 266.7 268.1 269.4 270.7 272.2 277.8 281.2 284 288.2 289.8 290.9 292.2 293.1 294 294.6 295 295.3 295.6 295 294.6 294.7 294.9 293.1 296 296.6 297.2 297.2 297.2 297.2 296.6 296.4 295.6 295.5 295.4 297 298.2 303.4 311.7 318 321.6 323.6 324.6 325.6 323.9 319.9
261.9 262.4 263 263.6 264.3 264.8 265.3 266.9 268.8 270.2 271.8 272.9 273.3 273.5 273.3 273 272.8 271.9 270.9 269.1 267.3 265.7 265.1 264.4 263 261.9 261.9 259.3 258.4 260.1 262.4 264.8 265.6 266.6 267.6 268.7 269.9 271.1 273.9 277.2 283.3 287.3 290 289.9 291.4 292.5 293.5 294.1 294.4 294.6 294.8 294.6 294 293.6 292.7 292.5 294 294.7 295.4 295.3 295.2 295.2 295.1 294.9 294.3 294.3 294.9 296.3 297.3 301.3 310.7 317 320.4 322.7 323.8 323.3 321.8 319.7
261.9 262 262.5 263 263.6 263.5 263.5 265 266.6 268.1 269.7 271 270.9 271.1 271.3 271 270.3 269.1 267.7 265.9 264.1 262.6 261.8 261.4 260.5 258.9 257.7 258.2 259.3 260.9 262.5 264.8 265.7 266.5 267.4 268 269.2 270.4 272 277 281.7 283.1 286.7 287.9 289.7 290.8 291.4 292.1 292.8 293.6 293.8 293.2 292.1 291.3 291.1 292.9 293.1 293.3 293.9 293.8 293.6 293.4 293.2 293.1 292.7 294 294.9 296.3 297.5 301.4 309.3 316.7 319.8 322.3 323.4 322.6 321.3 319.8
261.9 262 261.8 262.2 262.2 262.2 262.1 262.5 263.9 265.5 267 268 268.1 268.4 268.7 268.4 267.2 265.9 264.6 262.8 261.1 259.7 258.6 258.4 257.6 255.8 256.9 258.9 260 261.6 263.1 264.3 265.1 266 266.7 267.4 268.4 269.7 271 273.1 278.1 280.6 281.8 285.5 286.8 288.4 289 289.8 290.6 291.6 291.5 290.8 288.5 287.6 291.9 292 292 292.3 292.6 292.2 292 291.7 291.2 289.9 292.8 295.2 295.5 296.8 298.4 302.6 310.6 317.1 320 323 324.4 323.6 322.2 320.7
261.9 261.3 261 261.1 261 260.7 260.6 260.6 261.4 262.6 263.5 264.5 265 265.2 265.1 264.5 263.7 262.5 261.8 260 258.4 257.3 255.6 253.6 255.1 256 259.8 260.5 260.2 261.8 263 263.5 264.3 265.2 266 266.6 267.4 268.8 270.1 271.4 274.5 278.2 280.5 283.1 283.8 285.4 286.7 287.5 288.4 289.2 289.3 287.2 286.8 291.2 291.4 291.2 291.2 291.1 291.3 290.9 290.4 289.5 287.7 290.8 294.2 296.6 298 299.2 300.7 305.2 313.3 318.3 321.5 324.2 325.1 324.4 322.6 320.7
261.1 260.5 260.2 260 259.5 259 258.1 259.2 260.5 260.5 260.5 261.3 261.6 261.5 261.1 260.5 259.9 259.1 258.7 257.2 255.9 254.7 255.7 253.8 255.3 258.6 260.2 260.9 260.4 261.7 262.2 262.8 263.5 264.3 265.2 265.2 265.9 267.1 268.4 269.7 272.3 275.8 278 280.5 281.9 283.6 284.5 285.3 285.9 286.8 284.4 284.9 288.3 290.8 290.7 290.4 290.3 290.3 289.9 289 288.2 287.6 290 291.9 294.7 298.4 300.3 301.7 303.2 306.6 314.7 321 323.8 325.5 325.6 324.1 322.4 320.4
259.7 259.4 258.9 258.4 257.9 257.4 256.6 258.1 258.1 258.1 258.1 258.1 258.1 258 257.6 257.2 256.8 256.1 255.6 254.5 252.9 252.1 255.1 256.1 257.8 259.6 260.5 260.9 260.5 261 261.5 262.1 262.7 263.7 264 264 264.3 265.5 266.7 268 269.8 271.6 275.5 278 280.2 281.4 282.3 283.2 283.9 283.5 281.3 285.6 287.9 289.3 289.4 289.3 288.9 288.4 287.4 287 286.1 287.4 290.6 292.9 295.4 299.2 302.6 304.8 309 311.8 318.8 322.8 324.7 325.5 325.3 323.8 322.3 320.8
258.3 257.9 257.4 256.8 256.2 255.7 255.9 256.4 256.5 256.6 256.7 256.8 256.6 256.3 255.9 255.6 254.8 253.7 253.3 252 252.2 254.2 255.4 256.3 257.2 259 259.8 260.2 260.4 261.2 261.7 262 262.4 262.9 263.2 263.5 263.7 264.4 265.2 266.1 268 270.2 272.4 275 277.5 279.1 280 280.3 280.7 280.6 282.6 285.2 286.8 287.9 288.2 287.6 286.9 286 284.9 284.4 285.3 287.3 290.2 292.1 294.7 299.7 303.1 310.2 313.6 316.8 320 323.5 325.7 325.8 324.8 324.1 322.6 320.9
256.9 256.4 255.9 255.1 254.5 254 254.6 255 255.1 255.3 255.4 255.5 255.3 254.8 254.3 253.4 252.2 251.3 250.9 252.3 253.3 254.7 255.8 256.6 257.4 258.3 259.1 259.5 259.9 260.7 261.4 262 262.4 262.5 262.7 263 263.2 263.6 264.5 265.1 266.3 268.1 269.3 272 274 275.3 276.9 277.1 277.9 280.7 283.2 284.9 285.9 286.5 286.8 286 284.8 283.6 282.8 285.5 287.1 287.7 288.9 291.7 295 300.7 303.6 311.1 315.3 320.2 324 328.1 328.7 326.3 324.3 323.7 322.2 320.6
255.4 255 254.5 253.5 252.8 252.2 253.2 253.6 253.8 253.9 254 254.1 253.8 253.3 252.7 251.5 249.8 249.6 250.5 252.6 254.2 255 255.6 256.2 257 257.5 258.1 258.7 259.1 260.1 260.8 261.4 262 262.4 262.3 262.5 262.7 262.8 263.6 264.1 264.6 265.7 268.5 269.8 270.3 272.1 273.5 276.2 278.6 281.3 283.4 285.4 286 285.8 285.1 284.2 282.5 281.2 283.9 286.1 287.7 289.6 290.7 293.1 297.6 304.7 309.9 314.1 318.7 323.5 329.1 330.7 329.7 325.9 324.9 323.2 322 321.1
254 253.5 252.9 251.8 250.8 250.8 251.8 252.2 252.4 252.5 252.7 252.8 252.3 251.7 251.1 249.3 248.5 249.5 251.3 253.3 254.2 254.6 255 255.3 255.7 255.3 255.7 256.8 257.8 258.4 259.1 259.6 260.4 260.7 261 262.2 262.4 262.9 264.1 263.7 266.3 268.2 270.5 272.8 274.6 275.8 277.5 279.9 281.5 282 283.5 284.6 284.3 283.6 283 281.8 280 281 284.1 286.3 288.2 290.8 293.6 296.3 300.9 306.9 313 317.3 323 327.7 330.9 330.4 329.4 326.1 325.7 323.8 322.6 321.7
252.6 252.1 251.1 249.9 248.7 249.4 250.5 251.5 251.8 252 252.1 251.6 250.9 250.4 249.9 247.9 247.5 248.9 251.2 253 253.3 253.1 254 254.4 253.5 253.1 253.6 254.4 255.2 256.1 256.8 257.6 257.7 258.9 260.5 261.3 262.8 263.6 264.9 266.9 269.2 271.6 273.2 276.2 278.6 280.1 281.7 282.4 282.7 282.4 283.2 283.2 281.8 280.8 279.5 279.3 281.7 283.2 284.7 286.8 289.6 292.2 295.7 298.7 304.3 310.5 315.3 318.7 325.2 327.6 330.7 330.5 329.8 327.9 325.8 324.7 323.4 322.7
250.9 250 249.4 247.9 246.3 248.1 249.4 250.7 251.4 252 251.4 250.7 249.9 249.6 249.5 247.9 246.9 247.8 249.7 250.5 251 251.2 251.3 251.5 251 252.5 253.7 255.2 256.8 257.5 258.6 259.7 260.7 262.4 263.4 263.5 263.3 264.5 266.1 269 270.5 275.2 278.3 280.3 282.7 282.7 283.5 283.5 283.3 283.1 282.8 281.4 278.6 277.4 280.9 283.3 284 284.8 285.5 287.4 290.4 293.7 297.1 300.8 306.7 311.1 314.6 316.7 322.1 326.8 330 330.4 329.7 328.7 326.4 325.4 323.7 322.1
