app/static/ascii/NS59.asc
ncols 200
nrows 200
xllcorner 250000
yllcorner 690000
cellsize 50
[rows 114 to 151 of 200, columns 86 to 171 of 200]
24.4 25.3 23.1 22.1 20.7 21.4 20.5 20 20.8 23 25.4 26.3 27.1 28 23.1 22.5 24.6 29.1 30.6 31 31 29.8 30.1 29.8 29.7 28 30.4 33.4 35.5 37.9 38.6 39 38.4 38.9 42 40.6 36.4 34.2 30.3 28.5 28.4 28.8 28.1 28.6 30.2 31.3 32.4 30.7 31.2 27.6 26.2 26 25.5 25.6 25.7 25.8 27 27.2 27.7 27.4 26.1 24.6 24.2 24.3 24.1 24.7 25.4 26.2 28.2 29.1 29 30.9 29.8 36.6 44 45.5 40.1 36 36.1 37.1 31.9 29.1 27.2 24.8 28 29.6
24.9 25.5 26.8 26.1 23.6 23.1 22.8 21.3 20.3 21.2 22.8 25.1 25 23 23.2 25.6 27.3 30.1 33 32.5 32.1 32.2 32.4 32.3 31.1 30.3 34.1 36 35.6 35.5 36.9 37.7 38.1 36.9 35.4 31.2 30.8 30.5 28.9 28.6 30.9 30.4 29.2 28.3 29 30.5 31.7 31.2 30.8 30.1 29.5 27.6 26.2 26.1 26.2 25.8 26.2 25.6 25.4 25 25.2 25.1 27.2 27.5 28.7 29.5 28.3 29.4 30.8 31.7 31.8 33.4 29.7 34.4 37.5 35.6 35.8 34.8 32.7 30.3 28.9 28.3 27.6 30.1 29.3 31.4
25.2 25.3 26.9 27.1 26.6 25 24.9 25.3 23.6 21 21.4 24.9 24.7 24.1 23.8 27 26.8 28 30.1 33.5 32.8 32.4 32.4 31.5 32.2 30.7 33.3 35.8 35.3 34.7 35.9 36.3 35.5 31.3 30.7 32.3 35.2 32.9 31.1 33 33.9 31.9 31.8 31.8 29.3 29 29.6 30 29.2 29.9 33.2 32.3 28.9 26.7 26.4 26.2 26 26.7 27.3 29.4 30.1 30.1 29.8 30.8 32.6 32.2 30.3 31.3 32.5 33.5 33.7 32.7 30 34.4 35.5 33.7 33.7 32.8 30.5 30.4 30.1 31.3 31.7 32.4 31.5 36.5
27.5 28.2 28.3 28.9 28.2 25.9 27.1 27.8 26.1 23.2 21.4 22 24.1 24.4 25.6 27 28.4 29.1 26.6 31.9 32.5 32.7 32.9 33.3 32.8 32.2 31.8 31.4 31.1 31.5 31.5 31.7 31.6 31.8 34.1 35.7 38.7 40.8 40.6 41.5 38 36.1 35 34.4 33.6 33.3 32.1 31.7 31 30.1 31.9 31.4 28.6 26.6 29.3 27.7 27.5 29.2 30.9 31.4 33.2 33.2 33.4 31.8 34 34.2 33.4 33.2 33.2 33.8 35.6 35.3 30.6 33.4 34.5 33.5 32.9 31 31.4 31.2 34.5 34.9 35.1 36.2 37.3 36.6
30.2 30.4 31.1 30.5 30.1 29.8 28.8 27.8 26 26.6 24.7 23.3 23.5 24.6 27.7 32.6 32.5 28.6 28.8 32.5 33.1 33.2 33 33.2 33.4 34.5 37.2 37 35.7 35.3 34.7 35 36.4 37.8 37.4 39.7 44.7 44.7 44.4 40.8 38.6 36.9 35 33.7 33 32.4 31.5 31 29.9 29.1 28.8 29.2 27.3 27.9 29.7 30.2 31.9 32.9 33.3 33.4 35.4 32.8 32.9 33.2 34.8 34.9 34.6 34.5 35.1 35.7 37.8 37.9 36.6 33.3 32.7 31.6 32 32 34.7 36.2 39.4 37.6 37.7 40 41.7 40.9
35.1 34.1 33.6 33.7 31.4 31 29.9 27.9 27.8 29.5 27.8 25.4 25.1 26.5 32.7 35 32.9 28.6 32.2 33.6 34.4 34.1 33.6 35.2 36.6 37.8 38.6 39.4 39.3 36.8 36.7 37.6 39.9 42.6 41.3 38.4 41.4 43.1 39.9 41 38.4 37.4 35.4 33 31.8 30.6 31.6 30.8 30.1 29.9 29.9 28.6 28.5 29.7 34.6 34.9 35.8 35.4 36 34.4 35 34.4 34.4 36 35.8 37.1 38.7 37.1 36.3 36.1 37.9 37.1 35 34.1 33.7 33.3 32.5 34.8 41 36.4 39.7 38.8 40.4 42.4 44.6 45.4
38.4 36.6 35 33.4 33.2 33.8 33.3 30.9 28.9 30.3 30.6 24.9 26.8 29.2 34.7 34.3 31.6 31 35.4 37.2 36.2 34.9 35.3 35.6 38.1 40 40.8 40.6 40.6 40.1 40.5 42.6 44.6 45.3 43.5 39 39.7 42.4 43.6 42.1 38.1 36.9 35 32.8 31.3 31.7 30.8 30.8 30.9 30.2 30.2 29.6 31.9 34.1 36.1 37.3 38 37.5 36.7 36.7 37.2 35.2 37.5 37.9 37.3 38.2 37.3 36.4 36.6 35.7 35.5 35.2 34.5 34.2 33.7 33.3 33.2 39.4 42.2 41 42.4 40.9 42.7 44.2 47.1 48.2
39.8 38 35.9 35.5 36.1 38.3 38 36.5 34.2 32.4 30.6 29.1 30 33.7 33.9 33 30.6 36.8 37.5 38.6 37.6 37.2 37.8 37.9 39 41 42.6 43.3 44.3 46 46.7 46.5 45.1 43 38.1 36 38.7 42.4 42.8 42.3 39.6 37.1 34.5 33.4 32.6 31.6 32.2 32.1 31.9 31.1 30.8 34 35.4 37 38.7 42 39.8 38.9 37.4 36.2 37 38.2 39.2 39.2 38.3 37.4 36.1 35.6 36.4 36.1 36.2 35.7 35.5 37 36.9 35.7 39.1 43 42.8 44.8 46.7 43.2 46.6 48.9 50 51.5
37.8 37.2 36.9 37.9 38 39.7 40.4 39.1 36.9 34.1 32.7 33.6 34.9 34.6 34.4 31.6 36.6 40.9 39.8 37.9 39 40 39.9 41.7 43.3 43.2 45 46.3 46.7 48 48.1 44.4 41.1 38.3 35.8 34.4 37.2 39.3 39.1 38.7 37.8 35.7 33.4 32.5 31.9 32.5 32.5 33 32.9 32.7 34.7 36.2 37.5 39.6 43.5 40.9 38.5 37.6 37.7 37.7 37.6 38.7 39.5 39.7 39.2 39 39.8 38.5 38.4 38.6 39 37.8 37.4 40.2 39.6 40.6 46.7 46 45.3 47.7 47.7 47.2 48.7 52.5 53.8 56.2
36.6 36.9 38 38.7 39.8 40.7 40.2 37.7 35.1 33.4 31.2 33.4 34.8 34.5 32.5 36.9 41.7 41.3 41.3 40 41.2 41.6 43.1 44.5 45.5 47.4 48.3 49.3 48.2 45.6 43.4 41.2 38 37 35.4 34.2 34 34.5 34.6 34.4 33.8 34.1 33.2 32.5 32.9 32.7 32.7 34.1 35.8 37.7 38.1 38.5 38.6 39.9 40.1 38.5 38.3 39.7 39.7 39.7 39.2 39.4 40.3 40.5 41.4 41.7 40.6 40 41.3 40.5 43.7 42.2 40.6 39.7 41.1 42.7 45.7 46.7 45.6 50.8 49.3 53.6 54 56.2 58.4 59.4
38.2 38.6 38.7 39.6 39.9 40.1 39.9 36.9 33.9 33.3 32 30.6 33.9 36.5 38.7 42.2 45.4 44.7 43.5 44 43.5 45.5 45.4 45.7 47.2 48.3 48.7 47.4 45.5 41.3 38.5 37.9 37.6 36.2 35.1 34.2 35 35 34.2 38.5 35 34.4 33 32.5 33.3 32.6 37.6 36.3 39.8 39.8 39.3 41 39.8 39.1 38.2 40.7 45.7 46.6 43.3 42.6 40.5 40.7 42.3 43.9 44.5 43.8 41.4 41 43 43 45.5 46.2 45.3 42.7 43.6 47.2 47.8 47.1 50.4 54.4 53.9 57.7 58.5 57.6 59.9 62.3
40.2 40.4 40.3 38.9 39.2 39.6 40.6 38.3 34.6 34.2 32.8 36.2 39.2 41.7 44.8 48 48.1 46.6 45.5 45.8 46.9 47.8 48.7 47.6 46.4 45.4 45.6 44 43.1 42.1 39.3 37.9 37.9 38.3 35.3 34.7 35 34.8 35.2 36.9 35 33.3 33.7 32.8 34.4 40 41.2 40.3 37.7 41.1 42.8 43.9 41.5 43.1 43.9 47.1 45.9 44.2 43.4 42.8 42.3 46.9 48.7 47.8 45.9 45.2 43.4 40.9 44.2 45.5 45.4 48.2 49.7 46.3 47.9 50.5 50.8 50.7 55.1 57.5 58 59 60.8 59 62.3 65.8
41.1 40.8 41.2 40.2 38.4 38.4 38.6 35.7 36.4 32.8 35.1 40.5 43.4 45 45.3 48.1 47.9 46 46 46.5 47.7 49.3 49.4 49.9 50.3 50.1 47.3 44.3 43.4 45.7 41.9 38.8 38.4 41.6 38.8 34.8 34.6 37.1 39.7 35.6 34.4 34.3 33.8 36.3 40.1 41 42.7 40.8 38.2 43 47.8 46.1 47.8 47.6 46.7 45.8 48.8 45 48 45.4 46.5 50.1 49.6 48.3 45.7 43.9 43.3 43.8 48 48.1 47.1 49.6 53.9 51.4 55.3 58.5 55.7 54.3 54.9 57.4 57.3 58.6 62.1 62.7 66.5 69.2
40.9 41.8 41.3 39.2 37.6 37.2 36.8 36.8 34.8 35 37.4 44.2 45.9 47.2 46.7 46.2 46.1 45.5 45.8 47.8 48.7 50.4 52.1 53.2 54.3 51.7 46.1 43 41.6 42.9 42.5 42.4 41.4 41.5 40.5 38.2 38.2 38.6 37.8 35.5 35.1 34.9 36 40.5 40.6 43.9 42.4 39.5 41.5 48.1 48.9 50.1 50.1 48.4 50 52.7 47 46.4 46.3 47 50.5 52 51.1 50 47.5 44.8 43.9 46.5 49.7 52 49.6 50.7 55.6 56.1 57.2 59.8 58.8 57.6 57 58.2 59.5 61.8 66.9 67.4 67 70.4
43.7 41.9 39.8 38.2 38.3 37.5 36 32.5 35 40.2 44.9 47.9 48.3 49.2 49.5 48.8 47.5 48 48.7 49.8 50.8 52.9 56 56.9 55.6 50.1 42.8 41.4 40.9 41.5 42.4 44.6 42.4 42 41.7 42.9 42.7 37.5 36.2 35.9 36.8 37.6 40.6 40.8 41.1 45 40.8 42 47.3 51.2 51.2 51.5 51.9 51.3 50.7 48.9 49 50.8 51.8 53.8 55 55.7 54.4 53 49.8 47 45.9 48.9 52.1 53.4 52.9 53.4 54.9 57.4 59.2 58.6 59.9 60.8 61.1 62 66.3 67.9 71.9 70.9 72.5 72.9
40.2 39.6 38.4 38 38.6 35.8 33.6 37.6 40.1 43.8 48.4 50.7 51.3 51.1 51.7 51.2 50.4 52 50.7 50.3 51.6 52.6 53.8 53.8 52.6 48.1 43.1 42.1 41.9 42.6 45.1 44.9 42.6 41.8 41.6 40.9 37.9 37.4 36.5 38.5 42.2 42.7 41.5 41 41.7 44.3 43.6 45.9 49.9 50.9 51.3 50.6 49.8 49.1 52.8 57.1 58.1 59 59.5 59.6 59.3 58.8 57.3 54.9 52.4 47.5 51.1 52 54.8 55.8 57.3 57.6 58.3 59.9 61.9 61.1 63.4 65.2 67.7 68.7 72 72.6 75.9 74.7 77.1 77.8
39 39.2 38.6 36.7 35.8 37.7 41.4 43.5 46.4 49.5 51.6 52.6 52.9 51.9 52 51.1 50.6 51.3 50.8 51.5 50.3 48 47.9 48.4 47 46.3 46 47.4 49.8 49.6 49.5 46.8 43.8 44.2 41.7 39.9 37.9 37.2 39.1 42.5 41.5 41.3 41.8 46.4 49.5 45.7 44.3 49.8 52.5 52.9 52.2 52.1 53.5 57.5 62.7 62.7 63.8 64.5 63.8 62.6 61.3 59.5 58.6 54.3 52 49.7 56.2 56.2 58.1 60.7 60.6 61.9 64.1 66 64.5 65.9 70.2 72.2 72.3 74.1 76.6 77.5 79.5 79.1 81.8 82.4
37.3 38.3 36.4 37.4 41.7 45.1 50.1 52.6 53.7 55.2 54.8 53.1 52.6 52.6 52.4 50.8 49.7 49.6 49.4 49.2 48.2 46.9 47.8 50 51.5 51.6 52.8 53.4 51.9 51.5 47.9 45.5 46.5 44.1 39.1 38.9 39.5 43.3 43.9 45.2 48.1 50.8 55.1 55.1 53.8 49.4 49.8 52.1 53.9 56.1 59.3 60.6 62.9 65.2 65.9 66.7 66.7 66.3 65 63 62.6 62.6 61.2 55.6 52.7 56.9 58.2 60.8 62.4 65.6 67.1 65.3 66.8 68.6 70 72.2 74.3 76.7 77.9 80.7 82.5 82.9 83.6 82.9 86 84.7
39.9 38.8 38.2 43.3 46.9 51.7 54.6 57.5 57.9 59 56.8 55.2 54 53.4 56.3 56.2 52.5 50.1 49.1 48.5 48.2 48.1 53.3 58.6 56.9 55.6 55.4 54.4 53 51 50.2 47.4 47.3 40.3 41 43.8 48.9 50.6 53.6 55.7 56 58.9 59 57 53.8 51.9 54.2 56 52.6 59 61.6 63.5 65.2 66.3 67.3 67.1 66.8 66.5 67.1 68.2 68 66.8 61.7 56.3 58.7 62.9 62.2 66.4 66.3 67.8 69.4 68.5 71.8 73.9 75.4 78.3 81.4 82.3 83.3 85.4 87 88.1 88.3 86.7 88.4 88.2
40 38.9 40.9 48.4 52.2 55.7 58 59.2 59.3 57.9 56.8 54.9 54.1 57.9 60.1 60.1 59.4 55.3 52 52.2 53.3 54.6 58.4 58.5 58.3 55.7 56.9 56.9 53.7 52 51.4 48.5 43.8 40.4 45.9 47.5 50.4 53.1 56.8 58.8 58.9 59.1 58.1 55.9 53.9 55 56 59.3 54.7 57.3 60.1 60.2 62.9 63.9 65.5 67.1 69.7 72.1 72.9 70.4 66.9 64.3 59.8 60.9 64.7 67 68.3 70.9 71.6 72 71.8 73.3 76.4 81.2 79.4 82.7 85.8 86.5 88.3 89.4 90.4 90.8 90.3 90.9 90.3 90.4
39.8 40.9 47.4 53.9 56.5 58.6 59.5 59.9 58.8 57.1 55.7 55.4 59.8 61.3 61.2 60.2 59.8 59.4 57.6 62 62 59.9 58.4 56.5 56.6 59.3 58.4 57.5 55.7 54.2 49.8 45.8 41.7 45.3 48.2 49.3 54.3 54.6 56.9 57.7 56.9 55.7 55.7 55.8 58.9 58.1 60.4 61.3 62.4 63.9 63.9 63.7 63.7 66.1 71.3 72.3 73.2 72 69.9 67.6 63.9 65.3 62.2 68.5 70 73.9 74.6 75 75.2 74.6 75 78.2 83.8 86.1 86.7 87.2 89.7 91.2 91.5 92.7 93.4 93.6 93.3 93.6 94.4 94.4
40.4 39.7 50.7 58.6 58.9 59.6 59.6 58.8 56.8 56.2 56.2 59.2 62.2 61.9 61 60.6 60 59.6 60.4 60.3 61.4 57.9 56.6 57.3 58 58.7 58.2 57.5 56.5 56.4 50.9 42.5 44.7 47.9 48.4 54.2 58.3 58.6 58.5 58.5 58.6 58.1 59.2 59.3 60.4 62.8 64.7 64.2 65.4 65.6 66 66.4 67.6 66.8 65 66.7 69.6 68.7 67 65.8 70.1 69.2 66.3 74 74.9 77 78.2 77.7 78.2 80 83.1 82.7 88.6 91 92.7 90.4 93.8 95.3 95.8 95.9 96.7 97.2 97.5 98.2 99.1 99.4
40.9 44.1 54 57.9 59.8 59.3 59.9 57.3 57.2 58.2 62.2 64.7 64.6 63.4 63 61.8 61.4 61.4 61.3 62 61 60.5 59.1 59.4 59.6 58.2 57.5 56.4 54.7 52.3 46.9 45.2 50 52.1 59.3 59.1 61.6 59.7 58.6 60.8 61.6 63 64.1 65.3 67.1 66.6 66.3 65.6 67.3 67.9 69.2 70.9 71.9 72 71.5 69.3 69 72.4 68.8 70.3 72.2 73.9 74 76.2 78.3 79.6 80.6 81.3 84.1 87 90.1 89.5 92.5 95.8 97.5 94.5 97.8 99.1 99.8 100.7 101.3 102.3 103.1 101.3 101.8 101.9
41.8 45.4 54.9 57.8 58.1 59.4 59.3 60.5 62.6 65 65.2 65.6 64.9 65.2 63.2 62 62.5 62.8 62.7 62.5 61.9 63.4 63.8 63.1 60.3 56.8 54.9 52.3 49.6 47.3 47.9 50.9 56.7 62.8 65.1 63.3 62.9 60.9 61.6 63.5 68.9 70.6 71.3 71.2 70 68.5 67.9 67.6 71 73.4 75.4 76.2 75.5 74.2 74.3 73.8 69.5 71.5 72.3 72.7 76.6 77.7 78.3 78.3 81.7 82.7 84.8 85.8 91 94.8 97.2 98.7 96.2 100.2 101.1 98 101.5 102.9 104.1 105.2 105.5 106.2 105 103.7 105.5 104.7
43.3 49.3 55.5 58.1 58 59.7 63.5 65.8 67.2 67.7 67.8 67.8 67.6 65.6 63.2 61.6 63 60.6 60.5 58.6 53.4 52.3 53 51.9 51.8 51 50.8 48.2 48 48.4 51.2 57.2 63.7 65.7 66.7 65.3 61.7 61.5 62.9 72.8 74.2 74.1 73.5 72.6 72.5 72 71.7 72.8 75.3 77.5 78.6 79.5 80.1 79.7 77.6 73.1 71.1 73.4 74.4 77.9 80.5 82.1 82.5 83.5 85.2 88.8 91.1 93 95.4 102.1 103.6 103.6 101.8 103 104.2 102.6 104.5 105.4 107.5 108.9 108.9 107.1 104.8 107.6 108.9 109.5
46.1 54.1 58.2 59.1 61.9 66.2 67.7 68.8 69.7 70.2 70 70.1 68.2 64 61.5 63.1 59.9 56.9 54.7 53.6 57.7 58.6 56.4 58.8 57 52.2 50.8 50.8 51.8 56.2 59.8 64.6 66.5 65.7 65.6 62.8 65.1 64.5 64.2 73.7 74.2 74.3 75.8 77.7 78.8 76.7 72.4 76 80.4 83.5 84 83.2 82 79.4 77.1 72.3 74.9 78.1 78.5 80.4 84.4 86.5 87.3 86.9 90 95 98.3 102.1 98.5 104.4 106.7 106.8 106.1 105.7 106.9 106.6 106.2 107.3 110.1 109.9 110 107.3 108.9 114 113.1 115
50.3 57 60.6 64 66.4 68.5 69.2 69.9 70.8 70.4 68.4 66.6 63.7 60.8 57.3 57.1 55.7 55.6 59 65.2 68.9 66.7 58.5 54.7 52.7 52.8 51.1 54 63.1 64.3 63.5 64.6 67.9 65.8 66.7 68.9 69.8 67.3 70.8 74.2 77.3 80.2 80.1 79.7 79.6 76.7 77.3 82.9 85.1 85.7 85.6 84.5 82.8 80.7 76.5 73.1 77.6 81 82.9 85.7 88.5 90.8 93.4 92.8 93.1 98.7 103.3 106.1 105.8 104.5 108.5 109.9 109.4 108.5 109.5 108.1 109.2 112.9 114.9 111.8 109.8 109.1 111.7 113.8 119.3 120.7
54.9 60.4 64.3 66.6 68.6 69.4 70.1 71.2 71.1 70.4 65.9 62.3 59.9 58.2 56.9 56.9 59.3 60 66.4 71.9 64.2 56.4 54.1 58.6 61.5 58.4 56.4 56.4 66 66.1 65.4 65.3 66.2 67.7 69.6 70.4 73.5 74.5 76.8 80.5 80.8 82.2 82.8 82.9 80.7 77.1 79.6 84.8 86.9 87.6 86.5 85.4 83.6 81.4 78.8 74.8 80.6 86.3 86.9 91.2 91.8 94.9 95.7 97 100.1 96.7 106.9 109.7 111.5 109.9 110.6 113.3 112.7 111.8 112.9 112.9 112.8 114.1 118.3 115.6 117.2 118.6 120.4 124.4 118.8 123.4
59.9 63 65.3 67 69.8 71.6 71.8 70.8 69.2 66.5 63.7 62.3 61.9 64.8 66.7 67.5 68.2 65.2 62 61.9 59.1 56.5 61.7 66.7 66.6 64.9 60.1 61.4 67.6 67.4 67.4 67.6 70.7 71.2 71.3 75.8 77.3 76.8 77.5 81.9 83.5 84.5 84.5 83.7 80.6 81.1 82.7 86.3 89 89.2 88.1 86.9 84.1 81.7 78 77.5 84.5 90.9 91.1 93.6 96.1 97.3 99.4 102.3 105.2 103.7 103.8 113.3 115.2 115.7 113.7 116 114.5 113.5 114.3 117.3 117.8 116.4 119 116.2 118 121.8 125.6 123.6 123.6 125.2
62.4 65.1 66.1 67.1 69.5 71.7 69.8 67.8 68 66.2 68.3 66.6 67.5 71.7 74.5 73.6 72.2 71.4 67.6 62.6 60.5 64.7 69 71.8 69.8 68 64.1 68.9 69.4 69.8 70.8 72.2 73.4 76.9 79.9 79.9 79.4 79.9 81 83.5 84.4 85.4 85.9 85.2 84.4 85.4 86.9 91.2 91.5 90.7 88.9 88.1 85.9 84.3 78.8 83.2 88.3 94.5 95.3 97.6 99.9 101.5 105 106.4 109.7 112 104.4 115.5 117.5 117.5 115.7 118.7 119.4 116.4 119.5 121.2 118.3 121.3 121.3 119.3 123.9 127.5 126.6 126.8 127.1 129.2
64.1 66 67.2 67 68.7 68.9 67.8 69.7 72.8 73.1 73.9 72.4 68.8 72.2 75.3 74.6 72.6 70.8 68.5 68.5 69.1 73.3 73.4 72.9 72.5 68.5 67 70.5 71.4 72.8 75.4 78.8 80.9 82.8 83.2 82.9 83.6 84.3 86 87 87.4 88.4 89.1 86.2 88 89.5 92 92.9 91.8 90.3 89.9 88.6 87.1 81.5 83.9 88.9 91.3 98.1 99.2 102.5 104.8 105.6 109.3 111.2 113.6 116 116 115.5 120.2 120.5 119.4 121 121.5 119 122 123.7 123.2 124.3 125.8 127.7 128.6 132 129.2 129.4 130.8 132.9
64.4 66.2 68.2 68.7 70 70.8 74.6 74.3 75.3 73.6 72.7 74.7 74.9 75.5 73.9 72 70 68.7 67.8 69.5 71.3 77.5 74.2 72.9 71 69.7 70.5 71.9 75.1 78.3 80.8 83 85.5 86.8 86.7 87.5 88.2 88.8 90.1 91.4 91.6 90.7 88.3 89.3 90.7 92.7 93.4 93.4 92.8 91.6 90 89.2 86.9 84.7 85.4 92.5 95.8 101.1 103.6 106.3 109.4 111.1 112.1 115 116.8 119.1 120.4 119.9 121.8 122 121 122.7 123.2 121.9 123.7 127.1 129.2 126.3 130.7 133 132.9 132.6 130.8 134.1 136.6 138
65.8 69.3 74.6 76 77.9 79.9 80.5 79.7 77.4 73.5 77 79.1 78.7 76.1 72.4 74.3 73.5 73.5 75 75 72.5 71.4 71.5 70.2 69.8 70.5 73.3 76.9 79.5 82.2 84.8 88 88.5 89.8 90.5 91.7 92.9 94.3 94.8 94.2 92.4 89.9 89.9 92.2 95 95.8 94.6 93.5 92.5 92.3 90.9 89.9 88.3 89.3 94.4 92.8 99.5 102.4 107.7 111 112.7 115.2 117.1 119.4 120.5 121.5 122.6 123 121.9 123.4 124.7 125.2 127.4 126.1 129.1 130.7 131.5 127.8 131.3 135.6 136 134.9 139.2 143.1 145.1 144.2
71.2 76.3 79.9 80.9 80.7 80.2 80.8 78.9 79.5 79.4 80.5 80.7 80.8 79 74.7 76.8 78.2 78.2 77.3 76.3 77.2 75.7 71.7 71.6 74.4 73.8 75.8 80 83.3 86.7 88.7 90.1 91.8 93.7 95.7 97 97.4 97 95.6 93.3 91 92 95.4 97 96.8 95.8 95.6 95.2 94 92.9 91.2 87.3 91.6 94.5 95.8 98 105.3 106.2 110.4 114.7 116.4 118.7 120.5 121.5 122.6 123.7 124.9 125.6 124.4 126.9 127.1 128.7 130.1 131.8 131.1 133.1 133.5 130.1 132 137.1 138.6 143.1 148.4 150.7 148 145.3
78.4 81.4 81.6 81.6 80.8 81 80.8 80.6 82.3 84.7 83.2 82.9 83.6 79.4 78.1 79.4 80.2 80.6 81 77.9 78.7 77.4 72.8 73.1 75.5 76 79 84.7 86.8 88.1 90.1 92.2 95.1 97.1 98.6 99 98.3 96.3 93.5 94.2 95.1 96.7 98.7 99.1 98.3 98.3 98.1 96.9 96 93.5 90 91.6 97.1 98.4 101.6 105 108.6 114.2 115.7 118.1 120.1 121.8 123.3 124.3 125.8 127 127.9 127.4 125.7 129.4 132.1 134 133.6 133.6 133.7 133.2 136.2 131.7 135.2 141.1 147 150.5 152.2 151.9 150.4 148.8
80.3 80.7 81.6 82.8 83.7 85.2 85.2 84.2 87 88.2 85.9 86 85.7 81 80.9 82.4 83.9 83.6 83.7 81.5 79.7 78.8 77.1 73.1 77.2 78.5 81.1 84.9 88.4 88.1 90.8 94 96.8 98.3 98.4 97 95.3 96.6 97.9 98.7 99.7 101.4 102.5 102.2 101.7 101.3 100.6 98.2 96 94.5 89.5 95.1 101.2 106 108.1 108.9 114.2 117.5 118.7 121.2 123.1 124.5 126 127.2 128.4 129.5 130.6 132.2 132.4 130.1 133.4 135.3 136.5 136.7 137.1 138.5 136.1 134.1 140.9 145.2 149.2 152 153.5 153.6 151.1 147.8
79.5 81.1 83.9 85.9 86.9 88.1 88.9 89.7 90.1 89.3 88.1 86.1 81.4 81.3 85.2 85.7 85.9 86.7 87.3 86.5 84.4 81.5 81.6 77.7 78 82.5 84.5 84.3 88.1 89.8 91.1 95.2 97.3 97.1 97 97 98.1 100 102.4 104.6 106.5 107.5 107.5 106.1 104.6 102.5 101.9 101.1 99.9 96.8 91.7 99.8 107.7 111 113.3 113.8 115.7 119.9 123.7 124.3 125.8 127.2 128.7 131 132.3 134.7 136.8 137.2 136.3 130.8 134.8 137.6 139.4 140.3 139.2 141.9 138.5 137.2 138.1 143.1 148.7 151.1 151 152.1 151.5 151
80.1 82.6 86 88.3 90.7 90.5 90.8 91.9 92.1 90.2 87.5 81.2 81.3 86.7 87.9 88.9 89.8 90.5 89.9 87.8 85.2 82.7 81.5 77.2 79.6 85.7 87 87.6 90.2 93.2 96.3 96.4 97.4 98.2 98.5 99.1 101.7 104.2 107.2 110.3 111.5 110.2 108.5 107.3 106.8 107.3 107.5 107.2 105 97.8 99.7 108.8 111.2 113.5 117.6 120.9 120.2 124 126.5 126.6 127 129 132.5 136.2 139.4 141.2 141.4 140.5 138.4 134.8 135.1 138.9 141.2 141.4 140.1 141.3 138.7 137.2 138.5 140.6 144 149.9 151.6 153.1 154.1 153.1
