app/static/ascii/NS68.asc
ncols 200
nrows 200
xllcorner 260000
yllcorner 680000
cellsize 50
[rows 70 to 104 of 200, columns 0 to 77 of 200]
298 295.7 293.4 286.4 290.9 302.8 316.2 319 331.7 348.9 341.9 335.6 313.8 292.9 287 263.5 247.5 224.2 191.9 172.9 159.1 154.6 148.8 145.4 139.1 134.9 137.6 144.5 145.2 147.1 144.7 135.5 126.1 122.2 118.8 116.3 112.4 107.5 103.7 94.6 90.3 87.7 87.7 87.7 87.8 88.1 88.3 88.7 88.9 89.2 89.5 89.7 90 90.4 90.4 90.8 91.3 91.5 91.1 91.3 99.9 104.2 109.1 112.9 116.4 118.8 120.4 126.2 130.1 134.8 141 148.1 152.7 157.8 166.4 178.2 183.5 184.9
302 301.7 302.7 304.6 298.7 310.5 315.3 317.3 317.7 325.8 335 339.7 318.9 299.2 293.9 281.5 270.3 249.6 211.9 182.3 168 164.6 163.8 157.3 151.1 145.7 150.1 161.8 159.1 159.7 157.8 148.9 140.9 135.5 130 125.7 121.4 117.7 113.3 105.3 97.3 90 88.8 88.8 88.8 88.8 88.7 88.8 89 89.3 89.5 89.8 90.1 90.5 90.9 91.4 91.8 92.3 92.8 93.2 95.1 96 98.3 99.7 104.3 110.4 112.8 116.9 120.5 124.5 130.2 137.9 146.6 152.6 158.5 158.9 161.4 171.9
306.8 306.9 308.1 311 308.2 306.7 309.9 314.6 314.6 319.8 328.4 329.2 321 317.4 312.5 303.8 288.3 268.6 239.6 205.9 182.1 180.4 176 169.9 163.5 156.4 171.2 186.9 189.2 184.9 175.4 162.4 152.8 146.9 139.6 134.8 130.3 126.3 121.7 112.9 105.7 97.9 89.5 89.5 89.4 89.3 89.4 89.5 89.5 89.5 89.8 90 90.5 91 91.5 92 92.4 92.8 93.3 93.8 94.1 95.2 96.1 97 97.8 101.2 105.2 109.3 111.3 114.2 119.7 125.4 137.7 148 150.3 149.1 150.4 153.9
313.4 313.3 313.8 316.3 314.5 315.4 311.9 317.6 321 321.7 329.1 329.4 332.1 335.2 330.9 326.1 311.6 289.6 265.9 225.7 197 190.5 189 182.3 177.5 170.3 189.8 199 204.7 194.1 181.9 173.2 162.1 154.6 147.5 142 137.4 129.3 122.8 114.3 110.8 106.3 97.8 90.8 90.3 90 90.1 90.1 90.2 90.2 90.3 90.4 90.9 91.4 91.9 92.4 93 93.4 93.9 94.1 94.4 95 95.7 96.5 97.4 98.1 99 100.1 102.4 105.5 109.4 113.8 122.9 137.2 141 140.6 143.5 145.9
321.1 323 321.1 322.2 322 320.3 320.2 322.5 325.7 328.1 330.8 334.5 336.9 337 334.4 326 311.2 298.8 284.2 257 228.4 209.2 199.2 199.9 192.7 178.7 199.5 205.5 201.4 197.3 186.3 178.4 165.9 157.9 152 144.9 137.4 129 122.4 118.7 113.7 109.9 106.6 97.6 92.9 90.9 90.8 90.8 90.9 90.7 90.8 91.1 91.4 91.9 92.4 92.9 93.4 93.9 94.4 94.7 95.5 96.3 96.9 97.5 98.1 99.2 100.3 100.6 100.4 100 100 104 109.1 121.5 129.3 131.7 135.5 138.7
329.2 330.2 328.5 330.2 330.1 328.5 325.7 329.3 332.1 334.8 337.4 338.3 336.3 332.8 328.9 321.5 313 306 293.9 280.8 270.4 240.5 237.1 229 220.4 202.6 201.8 208.7 200.1 191.3 183.9 175 164.6 157 148.5 143.1 137.2 126.2 119.5 113.6 112.1 110.2 106.5 100.6 96.4 93.6 91.5 91.4 91.2 90.9 91.7 91.9 92 92.4 92.9 93.4 93.9 94.5 95.1 95.6 96.5 97.5 98.1 98.7 99.4 100.7 101.8 102.3 102.2 101.2 100.9 101.5 101.3 107.4 119.3 122.9 127.6 130
341 338.3 335.9 338.1 337.1 336.9 334.8 334.5 338.8 341.7 342.9 343.6 341.4 339.2 334.8 327.1 323.4 316.3 302.3 290 283.3 273.8 261 252.2 239.3 221.9 205.7 210.8 197.6 185.6 176.2 167.6 159.6 151.6 144.8 139.5 133.9 129.8 121.3 112.6 107.7 104.2 103.1 99 97.7 95.6 93.6 91.7 91.4 91.9 92.7 92.7 92.7 92.9 93.4 93.9 94.5 95.2 95.8 96.7 97.6 98.6 99.3 100 100.7 102.1 103.4 104 103.7 102.6 101.9 102.2 102.4 103.7 106.8 114.7 122.9 125.1
349.6 349.8 344.4 346.5 344.4 346.8 342.4 341 346.8 347.3 350.2 349.5 349.7 350.6 347.3 340.4 333.6 321.8 310.6 300.8 291.7 279.5 275.5 265.8 253.1 235.5 221.8 215.9 199.8 182.8 172.5 163.5 158.2 155.4 150.3 143.7 137.9 132.4 127 120.3 113.9 111.2 107.4 102.3 101.4 98.3 96.2 94.9 93.7 93.3 93.6 93.5 93.5 93.6 93.9 94.4 95.1 96 97 97.8 98.7 99.6 100.6 101.2 102.1 103.5 104.8 105.7 105.1 104 103 102.9 103.6 104.1 104.7 107.9 118 119.6
352 353.4 354.6 355.5 352.8 353.1 351.7 349 356.5 357.9 357.9 358.5 358.7 358.8 355.5 352.4 346.8 339.2 327.8 317.4 306.1 294.5 284.7 270.6 257.5 241.2 232 219.6 206.8 190.2 176.5 168.7 161.9 157.5 154 150 145.5 140.5 136.3 127.8 123.4 118.7 112.9 109.3 106.1 102.7 100.3 98.6 97 96.6 96.5 94.7 95 95.5 96.2 96.1 97.5 99 99.4 99.6 100 100.7 101.7 102.4 103.6 104.9 106.2 107.4 106.5 105.5 104.4 103.9 104.3 104.7 105.4 107 107.8 108.3
360.2 362 364.1 365.4 362.1 361.1 359.4 357.9 367.2 368.2 366.1 364.6 364.2 363.9 361.4 358.7 354.6 348.5 341.3 330.3 314.3 302.9 287.4 274.6 262.8 250.1 237.4 224.3 211.5 194.6 185.9 177.6 169 164.9 164.8 160.5 155.7 151.6 146.1 133.5 132.8 124.1 122.2 117.2 111.8 108 106.3 104.4 102.4 100.9 100.4 103 104.4 103.9 104 103.5 103.9 103.4 102.7 102.1 102.2 102.6 103 103.6 105 106.3 107.7 109 108 106.9 106.2 107 106.7 105.3 105.9 107.7 108.3 108.5
368.9 372.9 375.7 374.8 372.2 373.3 370.8 368 377.2 377.5 375.2 372.7 369.7 367.4 364 360.2 355.8 349.9 343.9 338.3 324.6 313.2 300.9 287 268.7 255.8 244.6 230.5 217.3 206.9 198.5 189.8 182.6 180 177.7 174.7 168 159.1 146.5 147.2 141.8 135.2 130.6 123.9 117.7 114.8 114.2 113.6 112.8 111.5 108.4 113.7 114.4 112.9 112.2 109.2 109 108.4 109.3 109.6 109.6 108 106 106.8 106.5 107.9 109.2 110.1 109.3 108.3 109.3 110.1 110.5 108.8 106.8 108.2 108.7 109
379.3 383.5 387.1 384.2 383.1 383.9 382.2 375.7 382.6 382.6 381.5 378 374.8 373.7 369.2 362.4 357.5 353.7 352.2 347.9 336.3 323.4 311.7 297.3 275.8 260.8 251.2 238.8 231.3 221.3 212.9 205.3 197.5 193.7 188.8 181.1 172.5 162 160.3 157.4 147.8 147.5 142.3 133.1 128.5 127.3 126.4 125.1 126.6 125.2 124 122.5 124.3 126 122.7 120.2 116.2 114.1 116.3 119.8 122.8 121.7 119.3 118.6 114.1 109.3 110.2 111.2 110.7 111.4 112.4 113.2 113.6 113.1 108.8 109.7 111.5 110.3
390.7 392.4 391.9 389.8 390.5 390.3 386.8 386.2 388.8 389.5 389 385.3 382.3 383.5 380.2 372.1 365.2 362 359.5 355.9 350.7 339.5 324 307.1 286.3 269.2 257.4 247 238.9 232.2 225.9 217.9 209.6 204.3 196.8 185.9 178.5 173.2 166.4 163.8 157.1 156.2 153.4 146.9 148.7 145.4 142.4 138.3 138.6 135.5 132.6 133.9 134.6 134.3 134.5 132.9 129.1 125.3 127.2 135.9 135.7 133.4 132.7 132.8 131.2 122.6 111.8 112.7 112.5 114 115.5 116.2 116.6 115.5 111.7 110.5 110.9 111.1
398.6 397.4 395.4 394.1 395.4 394.3 393.4 394.8 396.8 402.8 404.8 400.9 398.5 396.2 386.8 385.6 377.1 371.3 365.3 362.7 358.3 350.8 334 316.8 300.8 281 264.6 253.9 245.4 238.6 231.3 222.1 213.5 205.9 199.4 190.3 185.6 182.3 177.4 173.9 170.5 170.5 166.3 165.3 167.8 163.5 160.1 157.4 153.7 147.1 145.7 146.1 144.3 144.4 144.9 143.4 141.1 138.7 137.1 143.1 146.2 143.1 138.9 136.9 135.1 130.6 121.5 116.5 114.7 114.7 116.6 117.7 120.2 117.2 114.7 112.7 112.8 115.1
402.6 401.5 399 398.7 399 399.3 400.1 401.8 411.7 420.1 419.8 417 411.8 407.2 405.2 397 388.7 381.5 377 370.6 363.3 355.5 342.4 323.4 309.8 295.1 276.5 262.1 253.2 244.8 235.3 227 220.5 214.4 208.6 205.3 200.7 197.5 192.6 189.5 187.6 189.5 187.6 186.5 186 185.2 178.7 174.5 169.6 161 159.9 157.2 154.8 155.6 156.2 153.8 150.3 148.1 147.4 149.4 149.9 150.8 147.6 145.4 142.5 135.8 129.8 125.3 122.1 118.5 117.1 121.9 128.9 126.2 121 116.1 114.2 119.7
405.5 403.5 401.9 401.3 400.6 402.1 403.7 407.1 421.3 423 423.9 422.4 420.9 416.7 414.7 414.3 406.8 392.1 385.7 380.2 372.5 362.4 344.3 328.7 315.3 304.6 292.4 276.7 267.5 256.8 247.7 239.3 233 228.9 227 223.9 221.7 216.6 210.9 206.2 203.5 204 203.6 203 202.4 201.7 197 190.1 183.2 174.4 169.5 169.9 166.9 167.1 166.6 163.9 160.8 156.1 154.4 153.3 153.5 154.3 153.2 152.1 150.7 145.4 139 133 134.4 135.2 118.2 125.5 134.4 134.4 129.4 126.4 123.4 123.9
409.9 406.8 406.3 406.6 405.9 407.2 409.7 412.6 420.5 425.3 428.9 429 430.3 426.5 422.5 419.4 416.5 409.9 401.2 404.7 400.2 377.2 353.1 337.7 319.5 309.4 296.9 286.4 280.8 270.5 260.6 254 251.8 245.6 245.6 243.9 250.7 255.5 243.4 226.8 217.9 215.6 214.7 211.7 209.1 206.6 203 198.2 192.3 187.5 184 184.3 190 191 187.9 184.2 178.7 174.6 166.9 163 158.3 156.8 156 155.4 155.7 151.1 146.1 138.1 138 136.1 120.1 129 142 143.4 140.4 139.3 135.7 133.8
421.1 411.2 410.5 412.4 411.4 409.2 412.6 416.7 423.3 429.8 436.5 438.3 436.8 434.1 429.9 425.8 422.8 420.3 417.1 416.2 413.5 395.4 368.3 345.8 330.6 321.4 309 297 290.9 285.2 273.2 266.5 262.3 258.8 259.3 261.5 265.3 270.4 259.5 243.6 233 230 225.2 222 217.5 211.4 207.7 203.6 200.2 197 197.2 202.1 211.5 210.8 204.5 197.5 194.9 189.5 179.5 176.2 169.4 166.6 161 160.3 158.5 157.1 152.5 145.8 143.5 135.9 122.4 133.3 146.6 149.7 150.2 150 147.1 144.9
426.4 415.8 412.4 414.4 414.6 411.9 414.4 418.9 424.8 434.6 441.2 442 441 437.4 433.3 429.3 426.5 423.6 423.6 424 421.3 416.5 401 360.6 342.9 333.9 324.2 311.4 301.7 293 288.5 291.6 288.2 282.8 276.3 270.7 269.8 271 263.1 254.5 246 240.6 236.6 234.7 229.4 226.1 218.8 217.5 213.9 208.3 206.6 206.5 210.6 210.9 210.6 206.6 201.6 194.3 189.3 191.7 191.9 179.7 172.5 167.9 167.3 163.5 158.8 154.1 156 138.2 125.3 140.8 149.8 152.2 151.9 152.3 151.4 146.8
429.7 422.3 418.1 417.1 415.9 414 416.3 420.4 425.4 431.6 439.7 442 441.4 437 432.7 429.7 427.6 425.5 426.9 427.5 425.6 422.7 418.2 399 359.5 348.8 342.8 333.4 327.3 317.3 308.8 302.9 297.5 291.2 282.5 276.2 274.3 271.1 266.7 262.3 257.7 251.4 246 244.8 243.2 240.5 235.9 232.2 226.8 221.1 215.8 211.4 209.2 210.7 209.8 204.4 199.9 198.4 194.2 198.2 197.4 188.9 183.8 179.7 174.1 168.4 165.5 160.9 158.6 139.5 128.6 139.8 152.8 153.9 153.7 154 154.1 150.8
430.3 423.8 420.3 419.1 417.8 416.1 417.6 420.7 423.3 426.2 433.5 438.3 436.6 431.4 428.5 427.9 427.2 426.5 427.8 428 426.6 425.3 419.8 412.8 402.6 388.7 378.1 380.7 366.7 343.5 319.3 309.5 303.1 295.1 288 283 278.4 274.8 270.8 269.3 268.2 263.8 259.4 256 247.8 247.3 243.3 238 234 228.5 223.3 218.9 214.2 211.9 208.1 201.8 198.5 198.6 199.9 198.7 196.3 194.6 192.2 186.1 177.7 172.2 170.8 165.9 160.6 135.4 132.4 146.8 157.5 157.1 155.2 155.3 156 153.8
432.3 422.4 421.8 420.8 419.6 418.3 419.2 420.1 421.7 422.4 425 427.8 426.5 424.7 422.5 421.5 423.4 425.3 425.5 425.6 424.7 423.7 420.8 415.3 408.7 402.7 398.1 391.5 381 363.3 335.1 316.1 306.8 297.8 291.2 286.5 281.6 277.8 274.4 274.6 273.9 270.9 272.9 270.2 262.4 255.9 248.8 243.2 239.2 234.8 229.5 225.6 221 217.8 214.2 205.5 207.3 214.3 207.9 202.8 198.9 196.5 193.8 191 185 175 170.9 160.7 146.5 132.1 144 157.4 162.3 160.7 159 157.3 156.8 159.8
434.5 424 422.3 421.6 420.7 419.9 419.8 420.3 421.3 420 420.3 419 418 418.4 417.6 416 417 418.8 419.7 421.6 420.7 418.8 416.6 414.5 410.6 405.4 401.2 395.7 386.4 372.7 343.6 319.6 309.4 299.8 295.3 291.2 286.3 281.5 278.2 279 277.9 278.4 281.4 284.5 273.3 260.3 254.4 248.5 243.4 238.7 234 230.2 228 223.7 217.9 216.3 226.4 225.2 216.1 207.4 200.6 196.4 193.6 190.9 185.5 180.8 173.8 156.4 133.7 144.3 155.4 169.5 168.3 166.5 164.4 162.4 161.5 163.7
445 431.8 425.1 422.3 422.1 424 423.5 422.4 421 419 417.1 415.9 415.4 414.2 412.9 411.1 411.1 412.3 413.5 415.5 417.1 415.2 412.7 412.5 409.1 404.7 399.6 392.9 384.2 374.9 348.7 324.1 312.7 305.4 300.6 295.7 292.2 288.4 284.6 283.4 282.2 283.8 287.8 292.1 282.3 262.1 259.3 253.1 247.1 242.2 236.7 230.6 227 223.4 219.8 222.3 230.2 225.4 220 211.5 204.3 198.3 194.9 192.4 187.8 182.8 174 150.1 141.2 153.7 165.2 172.2 173.9 172.8 170.7 168.3 168.1 169.1
447 437.9 437.3 434.7 429.6 426.1 423.7 422.3 421 419.3 416.7 413.5 411.3 409.1 407.3 406.2 406.2 406.2 406.8 409.4 410.3 409.6 406.3 407.1 406.2 401.8 396.5 390.1 382.6 374 356.1 336.2 321.2 312.7 306.8 302.9 299.1 295.8 292.6 290.8 288.7 288.2 292.2 291 281.2 266.7 257.8 252.4 247.8 241.9 236.1 231.7 227.6 222.5 223.9 229.5 229.7 225.5 221.3 214.9 208.1 202.2 198.1 193.2 188.6 182.6 163.6 145 150.3 162 172.7 173.4 176.7 176.1 174.5 171.7 173.3 174.4
446 442.5 440.3 439.5 434.8 429.7 424.8 423 421.4 419.8 417.3 414.9 410.3 407.2 403.9 401.5 401.3 400.7 399.8 400 400.9 400 399.8 399 398.2 397.3 392.2 386.9 379 371.8 361.1 348 334.5 322.7 314.8 310.5 306.6 305.3 304.9 304.5 301.3 299.7 292.8 288.9 280.5 266.2 257.4 250.6 247.7 241.3 235.5 231.1 226.4 225.7 226.3 229.1 228.8 224.9 223.2 220.4 216.4 214.2 207.6 198 189.5 169.5 146.5 151.2 159.6 165.7 174.1 176.7 179.1 178.4 177.1 176.1 177.9 178.3
450.9 448.5 443.7 441.7 437 431.9 426.8 424.2 422.6 421.1 417.4 416 410.4 408.1 404.1 399.8 398.3 395.7 394.9 393.8 393.5 394.1 393.1 390.6 389.6 387.9 385.2 379.6 372.9 368.1 362.8 354.8 344.4 329.6 323.3 320 318.3 311.6 309.4 308.8 302.4 297.8 291.7 282 270 261.3 251.4 243.7 241.5 238.1 234.2 229.8 227.9 226.5 225.6 224.9 224.5 221.8 222.5 218.1 212.2 207.7 198.6 187.4 176.8 154.4 157.7 162 168.5 173 177.9 180.8 181.3 181.8 179.9 181 182.3 182
456.3 453.1 447.4 443 439.1 434 428.2 423.8 421.7 420.4 416.3 412.8 410.5 408.6 404.5 399.6 395.5 392.1 389.3 388.4 387.7 388.3 387.1 384.6 382.1 379.3 376.7 372.2 366.7 363.3 358.9 355.3 349 335.2 330.8 326.1 318.1 306.9 303.8 301.4 296 291 282 273.3 261.9 254.9 243.8 237 234.8 232.3 229.7 226.2 223.8 223.5 224.3 220.4 211.2 207 208.7 201.5 192.5 182.2 171.1 168.4 166.8 170.1 169.3 171.3 175 178.6 182.3 184.4 184 183.6 184.8 185.7 186 184.8
465 462 456.8 450.8 444.9 438.2 429 422.5 419.4 418.3 413.5 409.1 404.8 401.5 400 398.5 395.3 390.7 386.1 382.2 382.5 382.4 381.3 378.3 374.9 371.6 368.7 365.8 362 358.1 354.8 352.4 349.3 339.7 332.6 320.2 307.7 299.5 295.3 292.6 286.9 280 272.8 263.4 254 248.1 239.9 235.2 230.6 226.7 221.9 220.2 215.8 215.2 212.4 202.2 195.1 191.2 186.1 176.6 175.1 182.6 182 183.1 182.1 180.9 177.6 177.4 181.7 184.5 186.5 188.1 188.5 188.1 189.2 189.4 189.5 188.4
469.6 466.3 463.2 460.4 452.4 445.6 433.9 426.1 419 416.1 411.5 407.1 401.8 398.7 396 392.6 390.1 388.8 383.6 378 375.8 375.4 373.6 370.5 367.4 364.1 361.5 359.3 356.4 352.7 349.3 342.8 343.3 338 327.5 317.3 300.3 292.4 288.2 283.7 277.9 270.7 263.8 253.7 247.2 245.2 238.5 230.4 227.3 220.3 212.4 206.9 206.6 201.5 202.4 206.5 209.5 206.7 194.1 196.3 200.5 203.1 199.3 196.5 192.4 187.2 183.8 184.8 187.7 194.4 196.3 197.3 197.2 195.7 197.5 194.8 193 194.1
473.9 470.9 467.8 462.5 456.7 450.7 443.9 433.2 420.8 414.2 410.1 406 403.1 398.5 395 390.8 389.1 385.3 380.5 374.8 369.9 368.1 365.5 362.5 359.2 357.3 356.1 352.3 349.3 343.2 334.8 327.9 328.6 325.6 316.2 308.1 297.2 286.4 281.4 273.8 268.6 262 254.5 245.4 241.4 234.3 224 218.8 215.9 214.1 212.6 211.4 212.2 212.3 217.3 221.7 222.4 217.4 214.5 214.1 215.5 217.5 216.7 208.8 203.5 198.5 194.3 196.3 200.1 203.9 205.5 204.5 204.4 203.1 206.3 206.4 200.2 201.4
479.6 476.2 469.4 459.9 450.4 443.7 438.6 430.2 419.1 413.4 408 402.9 401.2 398.2 394 389.8 386.4 381.6 376.9 370.8 365.2 359.9 357.5 354.4 351.5 351.1 348.9 344.9 340.7 332.4 321.9 316.9 318.1 317.4 311.5 303.3 296.3 281.9 273.6 265.6 259 252.1 243.5 234.9 229.2 223.8 234 229.9 227.7 224.5 220.5 219.7 222.2 225.5 230.1 232.8 232.2 227.2 226.6 227.3 225.3 225.8 223.8 215.8 211.1 207.7 207 206.9 210.3 212.7 213.7 212.6 211.7 208.7 209.5 212.5 209.5 208.4
481 473.5 466.4 455.8 443.5 433.2 427.8 421.6 416 411 406.9 402.8 400.5 397.5 393.5 389.6 387 382.3 377.3 372.3 365.9 359.6 351 345.5 342.8 338 334.9 331 328.4 322 310.1 303.6 306.6 307.7 299.3 289.9 283 273.6 265.2 258.8 253.7 241.2 234.3 228.4 232.5 244 244.5 241.2 238.3 233.8 232.5 231.9 237.1 237.4 240.8 242 243.3 240 240.4 240.9 238.6 237.8 236.5 234.4 229.3 224.1 222.2 221.2 221.5 222.2 226.3 224.8 220.8 217.9 216.6 217.4 216.9 215.5
473.9 466.5 459.7 448.7 439.7 428.1 424.3 419.6 414.2 409.2 404.5 401.5 397.9 395.2 393.3 391.1 386.3 381.8 377.5 370.4 363.3 358.1 349 336.9 325.6 320.1 319.1 313.4 310.1 301.9 295.3 290.8 291.3 292.4 286.3 278.3 272.7 265 256.8 246.1 239.6 231.8 229.2 241.6 243.2 248.6 250.2 251.7 250.3 247.5 246.5 247.3 250 248.8 250.4 250.6 252 254.2 257.1 256 255.4 254.7 251.9 250.1 245.1 242.1 239.3 236.6 233.9 234.8 237.6 235.2 228.4 228 226.4 228.2 228.3 225.6
466.6 459.1 450.9 442 434.6 425.4 422.4 418.1 412 406.3 401.6 398.4 395.2 393.2 390.6 387.7 384.3 379.7 373.6 365.5 356.8 351 338.8 322.8 308.3 293.1 290.8 286.9 283 282 274.9 276.2 276 272.2 270.4 266 260.2 253.1 243.9 239.2 245.3 248 250.1 253.7 250.8 253.9 257 259.8 260 261.7 260.5 260.8 259.4 257.3 256.2 258 261.8 267.2 271.2 272.8 272.1 270.4 266.4 265.2 262 260.2 256.1 253.6 254.6 252.6 253.4 250.7 243.1 239.2 237.7 239.4 243.2 240.1
