app/static/ascii/NS69.asc
ncols 200
nrows 200
xllcorner 260000
yllcorner 690000
cellsize 50
[rows 38 to 75 of 200, columns 0 to 85 of 200]
39.5 39.9 39.7 39.1 38.7 38.1 37.5 37.4 37.5 37.3 37.3 36.4 35.4 35.1 34.8 33.9 32.5 30.7 35.4 32.8 30.4 30.3 31 30.3 29.4 29.3 28.6 28.2 27.1 24.8 23.4 21.9 20.8 20.2 19.8 19.3 19 18.9 18.8 18.4 18.1 17.8 17.4 17.5 17.8 18.1 18.5 19 19.4 19.5 19.6 19.4 19.1 18.8 18.5 18.2 17.7 16.9 16.2 15.5 14.8 14 13.4 14.7 16.2 17.5 18 18.1 18.2 18.3 18.3 18.2 18.2 18.1 18 17.8 17.6 17.5 17.5 17.4 17.4 17.4 17.4 17.4 17.3 17.2
41.5 42.3 41.1 40.4 39.7 38.7 37.9 37.6 37.3 37.3 37.4 36.8 35.9 34.7 33.6 33.3 32.2 30.5 29.4 29.9 30 28.1 23.7 29 29.9 29 27.8 26.8 25.6 24.2 23.4 22 20.6 20 19.7 19.6 19.6 19.3 19 18.7 18.4 18 17.6 17.6 18 18.3 18.6 18.9 19.5 19.6 19.7 19.4 19.1 18.8 18.5 18.2 17.9 17.4 16.6 15.9 15.2 14.5 13.8 14.4 15.9 17.2 17.5 17.6 17.7 17.8 17.9 18.1 18 17.9 17.7 17.6 17.4 17.3 17.2 17.2 17.2 17.2 17.2 17.2 17.2 17.2
42.2 44.5 42.8 41.2 40.3 38.6 38.2 37.9 37.6 37.5 37.5 36.9 36.3 35.3 34.8 34.4 34.6 35 35.2 33 31.2 30.6 29.4 23.1 28.3 27.8 26.7 25.9 25.7 25.1 23.7 22 19.9 20.3 20.3 20.2 19.9 19.6 19.3 18.9 18.6 18.2 17.9 17.8 18.1 18.4 18.8 19.1 19.4 19.8 19.6 19.4 19.1 18.8 18.5 18.2 17.9 17.6 17.1 16.4 15.6 14.9 14.5 15 15.6 16.9 17 17.1 17.2 17.3 17.5 17.7 17.9 17.7 17.5 17.3 17.1 17 17 17 17.1 17.1 17.1 17.1 17.1 17
42.3 43.7 43.7 41.9 40.2 38.9 38.6 38.3 37.7 37.6 37.8 37.6 37.1 37.4 37.3 37.5 38.4 38.5 37.4 34.2 31.4 30.4 30.1 25.4 23.6 26.3 25.9 25.5 24.2 23.7 21.9 19.9 18.9 20.6 20.8 20.5 20.2 19.8 19.5 19.2 18.8 18.4 18.1 18 18.3 18.6 18.9 19.3 19.6 19.9 19.6 19.3 19 18.8 18.5 18.2 17.9 17.6 17.3 16.8 16.1 15.3 15.2 15.8 16.3 16.5 16.7 16.8 17 17.2 17.4 17.6 17.7 17.8 17.6 17.3 17 16.8 16.8 16.9 16.9 17 17 17 16.9 16.9
42.1 41.8 42 41.8 40.1 39.2 39 37.9 37.2 36.9 36.9 37.7 37.6 38.5 39.7 40.4 40.9 38.6 36 33 30.5 30.2 28.4 26.6 19.5 23.6 22.4 21.7 21.2 20.9 19.8 17.8 18.2 20.1 21.1 20.7 20.4 20.1 19.8 19.4 19 18.7 18.4 18.2 18.5 18.8 19.1 19.4 19.7 19.7 19.6 19.5 19.1 18.8 18.4 18.2 17.9 17.6 17.3 17 16.5 15.8 15.9 16.5 16.4 16.4 16.5 16.7 16.9 17.1 17.3 17.5 17.6 17.7 17.8 17.6 17.3 17.1 17 16.8 16.8 16.9 16.8 16.8 16.7 16.7
40.3 39.9 39.8 40.5 40 39.3 38 36.8 36.6 35.9 36.2 37 37.1 37.6 38.6 39.2 37.9 35.7 33.6 31.5 30.3 29.1 26 23.5 21.2 19.8 19.3 18.7 18.4 18.1 17.7 15.7 17.6 20.1 21.1 21 20.7 20.3 20 19.7 19.3 18.9 18.6 18.5 18.7 19 19.3 19.6 19.7 19.5 19.3 19.2 19.1 19 18.7 18.3 18 17.7 17.3 17 16.7 16.2 16.4 16.1 15.5 15.9 16.5 16.7 16.8 17 17.2 17.4 17.5 17.6 17.7 17.7 17.5 17.3 17.4 17.3 17.1 16.8 16.8 16.7 16.7 16.6
38.1 38.1 37.9 38.5 38.9 38.2 36.9 36.3 35.6 35.1 35.4 35.4 36.1 36.7 37.4 36.6 35.3 34.2 33 31.1 30 27.8 24.6 20.6 18.5 17 16.2 15.9 15.6 15.2 14.9 15.2 17.6 20.1 21.1 21.1 20.9 20.6 20.3 19.9 19.5 19.1 18.8 18.7 18.9 19.2 19.5 19.6 19.4 19.2 19.1 19 18.9 18.8 18.7 18.6 18.3 17.9 17.6 17.2 16.9 16.4 15 14.3 14 15.2 16.3 16.6 16.8 17 17.2 17.3 17.4 17.5 17.6 17.6 17.7 17.6 17.6 17.7 17.1 16.7 16.9 16.9 16.8 16.8
35.4 35.3 35.5 35.9 36.3 36.7 36.1 35.3 34.5 34.2 33.7 33.3 33.6 34.3 35 34.5 33.4 32.3 31.5 30.6 28.9 27.2 24.6 19 15.5 15.4 15.1 14.5 14 13.8 13.8 14.3 17.3 19.8 20.9 21.1 21.1 20.8 20.5 20.1 19.7 19.3 19.1 18.9 19 19.4 19.6 19.4 19.2 19 18.9 18.7 18.6 18.5 18.4 18.3 18.2 18.1 17.8 17.5 17.2 16.4 15.1 13.7 13.3 14.5 15.5 16.5 16.7 16.9 17.1 17.2 17.3 17.4 17.4 17.5 17.6 17.5 17.3 17.3 17 16.6 16.9 17.1 17 16.9
31 32.2 32.5 32.9 33.4 33.7 33.7 33.6 33.2 32.7 32.7 32.6 32.4 32.3 32.6 32.1 31.1 30.3 29.2 28.4 27.3 25.8 18.7 14.9 14.7 14.5 14.2 13.6 13.5 13.5 13.5 13.5 16 19.4 20.5 20.7 21 21.1 20.7 20.3 20 19.6 19.3 19.2 19.2 19.5 19.4 19.2 19 18.8 18.6 18.5 18.4 18.3 18.2 18.1 18 17.9 17.8 17.7 17.4 16.5 15.3 14.2 13 13.7 14.8 15.9 16.6 16.8 17 17.1 17.2 17.2 17.3 17.3 17.3 17.6 17 16.9 16.9 16.6 16.8 17.1 17.2 17.1
26.2 28.2 29.5 29.9 30.2 30.4 30.4 30.4 30.4 30.2 30.5 29.6 30.3 30.2 30 28.7 27.2 25.9 26.5 26.1 25 18.7 14.3 13.9 13.9 13.7 13.3 13.1 13.1 13.2 13.2 13.2 14.2 17.9 20.2 20.4 20.4 20.5 20.6 20.6 20.2 19.8 19.6 19.4 19.4 19.4 19.2 19 18.7 18.5 18.4 18.3 18.2 18.1 17.9 17.8 17.7 17.6 17.5 17.4 17.2 17.1 16.3 15.1 13.9 12.9 14.1 15.1 16.2 16.7 16.9 17 17 17 17 16.9 17 17.4 17.6 15.2 16.6 16.5 16.8 17 17.2 17.3
21.1 23.8 25.4 26.6 26.9 27.2 27.1 27.2 27.4 28.1 28.4 25.5 26.4 27.5 26.1 21.1 15.2 13.7 13.6 13.9 13.7 13.9 13.6 13.3 13 12.9 12.8 12.8 12.8 12.9 12.9 13 13 16.7 19.3 19.2 19.2 19.7 19.7 19.7 19.7 19.7 19.4 19.1 19.2 19.1 18.9 18.7 18.5 18.3 18.1 18 17.9 17.8 17.7 17.6 17.4 17.2 17 16.8 16.6 16.6 16.7 16.5 15.4 14.2 13 14.1 15.4 16.5 16.7 16.7 16.7 16.6 16.6 16.6 16.9 16.8 15.6 14 14.1 15.7 16.6 16.8 17.1 17.3
15.4 18.9 20.7 22.4 23.6 23.9 23.9 24.3 25.1 25.6 26.3 22.9 21.9 17.8 14.8 13.4 11.4 11.7 12.6 13.3 13.4 13.5 13.6 13.3 12.9 12.8 12.7 12.7 12.7 12.7 12.8 12.8 12.9 15.3 17.9 17.8 18.4 18.9 18.8 18.8 18.8 18.4 17.7 17.4 17.7 18.4 18.3 18.3 18.3 18.1 17.9 17.8 17.7 17.5 17.3 17.1 16.9 16.7 16.5 16.3 16.1 16.2 16.2 16.3 16.3 15.6 14.5 13.3 14.1 14.8 15.5 16.3 16.3 16.3 16.3 16.3 15.8 15.1 13.7 12.6 12.6 13.7 14.3 16.2 16.7 16.8
13 14.3 15.5 16.8 19.7 20.6 21.2 22 22.6 23.1 21.8 17.3 14.8 12 11 10.4 10.8 12 13.1 13.1 13.2 13.3 13.4 13.3 13 13 12.9 12.9 12.8 12.7 12.7 12.7 12.7 13.7 16.5 17.1 17.7 18 18 17.9 17.5 17 16.3 15.8 16.1 17.4 17.5 17.5 17.5 17.5 17.6 17.5 17.3 17.2 17 16.8 16.6 16.5 16.3 16.2 16.2 16.2 16.3 16.3 16.3 16 15.5 14.6 13.5 12.7 13.5 13.8 13.8 13.8 13.8 13.7 12.7 11.3 11.1 12.1 11.4 11.4 12.3 13 14 13.5
12.5 13.3 14.5 14.1 12.4 12 13 15.4 17.4 15.6 13.7 13.2 12 12 12.1 11.5 11.5 12.7 12.8 12.9 13 13.1 13.2 13.3 13.2 13.2 13.2 13.1 13.1 13 12.9 12.8 12.8 12.7 15.2 16.4 17 17.1 16.9 16.6 16.2 15.6 14.9 14.3 14.8 16.3 15.9 16 16.2 16.5 17.1 17.3 17.2 17 16.8 16.6 16.5 16.3 16.3 16.3 16.2 16.3 16.3 16.4 16.4 16.1 15.6 15.3 15.6 14.5 13.8 13.2 12.6 12.4 12.5 13.1 14.1 14.1 11.5 11.2 11.7 11 11.8 12.9 12.3 11.7
11.1 13.5 14.4 12.6 11.7 11.4 11.3 11.4 11.7 11.5 11.2 11.4 11.7 12.3 13.1 12.4 12.1 12.6 12.7 12.8 12.9 13.2 13.2 13.1 13.2 13.4 13.4 13.3 13.3 13.2 13.1 13.1 13 12.9 12.7 14.5 16.2 16 15.7 15.3 14.8 14.1 13.5 13.5 13.7 15.1 14.7 14.4 14.6 15.8 16.6 17.2 17 16.8 16.7 16.5 16.3 16.3 16.4 16.3 16.3 16.3 16.3 16.4 16.4 16.2 15.7 15.6 15.9 16.2 16.2 16.2 16.1 16 16.1 16.2 16.3 15.5 11.8 11.5 11.9 11.9 12.9 12.3 11.7 11.4
11.4 13.7 13 12.6 12.3 11.9 11.8 12 12 11.8 11.5 11.5 11.9 12.4 12.9 12.7 12.4 12.4 12.5 13 13.6 13.1 12.8 12.9 13 13.2 13.3 13.4 13.5 13.4 13.4 13.3 13.2 13 12.9 12.7 13.4 14.7 14.4 14 13.4 13.1 13.2 13.3 13.4 15.1 14.8 14.6 14.8 15.1 16.1 16.7 16.9 16.7 16.5 16.4 16.4 16.5 16.5 16.4 16.3 16.3 16.4 16.4 16.4 16.2 15.8 15.9 16.2 16.6 16.6 16.6 16.5 16.2 16.2 16.4 16.6 16.8 15.8 12.6 13 13.2 13 12.7 12.5 11.5
13.5 13.8 13.5 13.2 12.8 12.5 12.3 12.6 12.3 12.1 11.8 11.6 12 12.5 12.5 12.4 12.2 12.9 13.6 13.5 13 12.5 12.6 12.7 12.8 13 13.1 13.2 13.4 13.5 13.6 13.5 13.4 13.2 13 12.9 12.7 12.6 13.1 12.6 12.8 13.2 13.9 14.6 15.2 15.9 15 13.9 13.9 14.1 14.5 16.2 16.7 16.5 16.4 16.5 16.5 16.6 16.5 16.4 16.4 16.4 16.4 16.4 16.4 16.3 15.9 16.2 16.6 16.9 17 17 16.7 16.4 16.2 16.4 16.6 16.8 16.6 16.3 14 13.9 13.8 13.5 12 11.8
13.5 13.8 13.9 13.7 13.4 13 12.8 12.9 12.7 12.4 12.1 11.8 12 12.5 12.8 12.8 12.8 13.9 13.4 12.9 12.4 12.2 12.4 12.5 12.6 12.8 12.9 13 13.2 13.3 13.5 13.6 13.6 13.4 13.2 13 12.9 12.8 12.6 12.8 13.3 13.9 14.4 14.9 15.4 15.7 14.5 13.8 13.4 13.1 12.7 13.7 15.8 16.5 16.6 16.6 16.7 16.6 16.6 16.5 16.4 16.4 16.4 16.4 16.4 16.4 16.3 16.6 16.9 17.3 17.4 17.2 16.9 16.6 16.3 16.5 16.6 16.7 15.9 16.7 15.9 14.8 14.6 12.6 12.3 12.1
13.5 13.9 14.1 14 13.9 13.6 13.4 13.3 13 12.7 12.4 12.2 12 12.5 12.9 13.3 13.4 13.3 12.8 12.3 11.9 12 12.2 12.3 12.4 12.6 12.7 12.8 13 13.3 13.5 13.6 13.6 13.6 13.4 13.2 13.1 12.9 12.8 12.9 13.3 13.8 14.4 14.9 15.3 15.3 14.1 13.7 13.5 13.1 12.9 12.9 13.6 15.5 16.7 16.8 16.8 16.7 16.6 16.5 16.5 16.4 16.4 16.4 16.4 16.4 16.6 17 17.3 17.6 17.7 17.4 17.1 16.8 16.5 16.5 16.7 16.7 15.6 16.7 16.4 15.6 13.1 12.9 12.6 12.4
13.6 13.9 14.3 14.2 14.1 14 13.8 13.6 13.3 13 12.8 12.5 12.2 12.3 12.6 12.9 12.8 12.4 12.2 11.8 11.7 11.8 12 12.1 12.2 12.4 12.6 12.8 13.1 13.3 13.5 13.6 13.6 13.7 13.6 13.4 13.2 13.1 13 13.1 13.3 13.8 14.3 14.9 15 14.9 13.7 13.7 13.6 13.2 13 13.1 13.2 13.4 15.3 16.9 16.8 16.8 16.8 16.9 16.3 16.4 16.4 16.4 16.4 16.5 16.8 17.1 17.4 17.5 17.3 17.5 17.3 17 16.6 16.5 16.7 16 15.4 16.5 15.6 13.5 13.4 13.2 12.9 12.7
13.6 14 14.4 14.4 14.6 15.4 14.2 14.1 14 13.9 13.7 13.4 13.2 12.9 12.7 12.4 12.1 11.9 11.6 11.4 11.5 11.6 11.7 11.9 12.1 12.4 12.6 12.9 13.1 13.4 13.5 13.5 13.6 13.6 13.7 13.6 13.4 13.3 13.3 13.3 13.3 13.8 14.3 14.6 14.6 14.4 13.6 13.7 13.7 13.3 13.2 13.3 13.3 13.4 13.5 15.8 17.4 17.4 16.9 16.3 16.7 16.6 16.4 16.4 16.4 16.5 16.8 17.1 17.3 17.3 16.7 17.1 17.1 17.1 16.8 16.6 16.7 15.1 15.2 14.1 13.3 13.3 13.4 13.5 13.2 13
13.1 14.9 16.9 16.9 17.3 16 14.6 14.4 14.3 14.2 14.1 14 13.8 13.2 12.8 12.3 11.8 11.5 11.4 11.2 11.3 11.4 11.6 11.9 12.2 12.4 12.7 12.9 13.1 13.4 13.4 13.5 13.5 13.5 13.6 13.7 13.6 13.4 13.5 13.5 13.5 13.8 14.2 14.2 14.3 14 13.6 13.6 13.6 13.4 13.4 13.4 13.5 13.6 13.5 13.9 17 17 16.4 16 16.9 16.8 16.6 16.4 16.4 16.6 16.9 17 17 17.1 16.1 16.6 16.8 16.8 16.8 16.7 16.1 14.2 13.1 12.9 12.8 13 13.2 13.3 13.5 13.3
13.8 16.6 19 18.8 18.4 16.2 14.9 14.6 14.4 14.4 14.3 14.3 13.9 13.4 12.9 12.4 11.9 11.3 9 11.3 11.2 11.4 11.7 12 12.2 12.5 12.7 12.9 13.2 13.3 13.4 13.5 13.5 13.5 13.5 13.6 13.7 13.6 13.7 13.7 13.8 13.8 13.9 13.9 13.9 13.6 13.6 13.6 13.6 13.5 13.5 13.6 13.6 13.4 13.2 12.9 13.8 15.1 15.8 16.5 17.1 17 16.8 16.5 16.4 16.6 16.7 16.8 16.8 16.9 15.5 16 16.5 16.5 16.5 16.5 13.3 13.4 13.5 13.1 12.6 12.6 12.7 12.8 13 13.3
14.3 16.3 18.3 18.6 18.5 17.1 15.3 14.7 14.6 14.6 14.6 14.5 14.1 13.6 13.1 12.6 12.2 13.1 12.9 7.9 11.8 11.5 11.8 12 12.3 12.5 12.7 13 13.2 13.3 13.4 13.4 13.5 13.5 13.5 13.6 13.6 13.6 13.5 13.4 12.8 13.1 13.2 13.5 13.6 13.5 13.5 13.5 13.6 13.6 13.6 13.5 13.2 12.9 12.6 12.4 12.3 12.3 13.2 15.9 16.9 17.2 16.9 16.7 16.4 16.5 16.5 16.6 16.6 16.6 14.9 15.4 15.9 16.2 16.2 15.8 14.1 12.6 12.9 13.2 12.6 12.4 12.4 12.3 12.4 13.2
14.5 16.2 17.4 17.9 17.9 17 15.7 15.1 14.8 14.8 14.8 14.8 14.3 13.8 13.2 12.7 13 13.1 12.9 12.6 11.5 10 11.8 12.1 12.3 12.5 12.8 13 13.2 13.2 13.3 13.4 13.5 13.5 13.4 13.5 12.9 13.2 13.1 12.3 11.6 12 12 12.9 12.9 12.8 13.2 13.3 13.5 13.5 13.5 13.5 13.2 12.9 12.7 12.5 12.4 12.4 12.5 12.6 13 13.4 14.6 15.5 14.9 16.4 16.3 16.3 16.4 16.3 14.5 14.8 15.3 15.8 15.6 14 14.1 13.3 12.1 12.7 12.6 12.4 12.3 12.3 12.6 13
15.5 15.6 16.4 17 17.3 16.4 15.9 15.3 15 14.7 15.1 15 14.5 13.9 13.3 12.8 13.3 13.1 12.8 12.7 12.6 12.4 11.9 12.1 12.4 12.6 12.8 13.1 13.1 13.2 13.3 13.4 13.4 13.4 12.7 11.6 11.8 12.1 12 11.2 10.5 10.7 10.9 12.2 12.1 11.8 12.4 12.6 12.9 12.9 13.2 13.5 13.2 13 12.7 12.6 12.6 12.6 12.6 12.7 13.1 13 12.7 12.5 13.4 16.7 16.4 16.2 16.2 15.8 14 14.2 14.7 14.7 12.8 12.6 12.9 12.1 10.8 6 8.5 8.8 12.3 12.6 12.6 12.4
15.1 13.7 14.5 15.4 17.1 16.6 16 16 16.3 14.8 15.1 15.1 14.6 14 13.5 13.2 13.3 13.1 13 12.8 12.3 11.7 8.6 12.8 12.9 12.9 12.9 13 13.2 13.2 13.3 13.4 13.5 12.8 11.4 10.2 9.5 6.6 8.3 11 11.9 11.4 6.5 11.4 11.1 10.8 11.3 11.9 12.3 12.3 12.6 13 13.1 13 12.9 12.8 12.8 12.7 12.7 12.8 13.1 12.9 12.8 12.5 12.2 12.1 12 13.1 14.5 14.9 12.9 13 13 12.9 12.4 12.2 11.6 9.9 7.7 11.2 10.9 10.2 12 12 11.9 11.5
10.9 11.7 13.6 15.4 17.3 16.7 16.4 16.7 17 17.3 16.5 15.6 14.7 14.1 13.6 13.5 13.3 13.1 12.6 12.3 12.1 11.7 10.9 9.9 12.7 12.7 13 13 13 13.3 13.4 13.3 12.9 12.2 8.8 11.6 11.6 11.8 12.2 12.5 12.4 12.3 12.3 12.4 11.7 12 11.4 10.1 8.3 10 11.3 11.6 11 12.8 12.8 12.9 12.9 12.9 12.9 13 13 12.9 12.6 12.3 12 11.9 11.8 11.7 11.5 11.5 10.7 10.7 7.8 9.9 9.1 9.4 11.3 11.8 11 11.3 11.2 7.2 12.2 11.6 11.2 10.7
9.9 11.8 13.6 15.4 17.3 16.9 17 17.4 17.6 17.6 17.6 17.1 16 14.4 13.7 13.5 13.2 12.9 12.7 12.4 12.2 11.4 11.4 9.9 12.5 12.8 12.9 12.9 12.9 13.4 13.3 13 12.6 12.1 8.5 11.7 11.8 12 12.2 12.6 12.5 12.4 13.1 12.4 12.7 12.1 11.1 10.3 10.2 11.1 11.4 11 11.3 9.2 6.9 11.3 12.3 12.7 12.6 12.7 12.7 12.6 12.4 12.1 11.8 11.7 11.6 11.5 11.4 11.3 11.6 11.7 7.2 11.2 12 12.5 12.1 11.6 11.3 11.2 10.5 5.8 11.4 11.4 8.3 11.4
10.8 11.6 13.5 15.5 17.3 17.4 17.6 17.6 17.6 17.6 17.6 17.5 17.5 16.5 14.8 13.5 13.3 13 12.8 12.5 12 11.8 12.2 12.5 8.8 12.9 12.9 12.8 13.1 13.5 13.2 13 12.6 7.3 12 12 12 12.2 12.4 12.7 12.7 13.1 13.9 13 12.7 12 11.1 10.5 11 11.1 11.4 11.3 11.5 11.4 11.1 5.8 11.1 11.8 11.9 12.4 12.4 12.3 12.1 11.9 11.6 11.5 11.4 11.3 11.2 11.2 11.5 11.5 5.9 11.5 12 12.8 12.3 11.8 11.5 11.5 11.3 6.2 10.6 5 11.3 11.4
15.7 16.1 16.5 17 17.4 17.6 17.6 17.6 17.6 17.6 17.5 17.5 17.4 17.6 16.7 14.2 13.4 13.1 12.9 12.6 12.2 12.6 12.9 13.3 13.2 9.9 13 13.2 13.5 13.6 13.3 13 12.7 11.8 12.5 12.5 12.5 12.5 12.6 12.9 13 13.8 14.7 14.1 12.6 11.9 11 11.2 11 11.3 11.3 11.4 11.4 11.4 11.3 10.3 5.7 10.9 11.2 11.7 12.1 12 11.8 11.6 11.4 11.3 11.2 11.1 11 10.9 10.8 10.7 5.7 11.6 12.6 12.7 12.5 12 11.8 11.8 11.8 11.5 11.1 11.8 11.4 11.4
15.4 15.4 15.8 16.2 17 17.6 17.6 17.6 17.6 17.5 17.5 17.5 17.6 17.9 18.6 16.3 13.5 13.2 13 12.7 12.9 13.2 13.3 13 12.9 12.9 12.9 13.2 13.6 13.5 13.3 13.1 6.9 12.6 12.7 12.7 12.8 12.9 12.9 13.1 13.8 14.6 15.4 15.1 13.3 11.9 11.4 11.2 11.1 11.3 11.4 11.4 11.4 11.4 11.5 10.6 9.7 5.8 10.9 11.1 11.4 11.7 11.5 11.4 11.3 11.4 11.4 11.4 11.4 11.3 11.1 10.5 5.7 12 12.4 12.5 12.6 12.2 12 12 11.9 11.9 11.8 11.5 11.6 11.7
15.3 14.7 15.1 15.8 16.6 17.3 17.6 17.6 17.5 17.5 17.5 17.7 18.2 18.4 19.4 18.4 15.6 13.3 13.1 13.3 13.5 13.2 12.9 12.7 12.4 12.8 8.4 12.5 13.2 13.2 13 13 7.3 12.5 12.8 12.9 13 13.6 14.3 15.4 15.9 16.2 16.4 16.3 14.6 12.8 11.4 11.3 11.3 11.3 11.4 11.4 11.4 11.5 11.5 10.8 10.7 10.6 11.6 11.7 11.7 11.8 11.7 11.6 11.6 11.7 11.9 11.9 11.9 11.8 11.6 11 8 10.8 11.2 11.9 12.4 12.5 12.3 12.1 11.9 11.8 12.6 12.8 12.9 13.1
14.7 14.2 14.6 15.4 16.1 16.9 17.5 17.5 17.5 17.5 17.8 18.2 18.7 18.8 19.8 20.5 17.9 15.5 13.6 13.4 13.1 12.8 12.6 12.2 11.9 12.4 13 9.6 8.7 12.8 12.8 12.5 11.9 13.4 13.1 13.1 14.1 15.4 16 16 16.5 16.8 17 17 15.5 13.7 11.7 11.3 11.3 11.4 11.4 11.4 11.4 11.6 11.5 11.2 11 10.9 11.5 11.5 11.5 11.9 11.9 11.8 11.8 11.9 12.1 12.3 12.4 12.3 12.1 10.9 11.2 10.9 11.3 11.7 12 12.4 12.3 12.1 12.1 12.1 12.1 13.2 14.3 14.5
14.1 14.5 14.9 15.2 15.7 16.5 17.3 17.5 17.5 17.8 18.3 18.8 19 19.3 19.9 19.7 19.5 16.7 13.8 13.3 12.7 12.4 12.1 11.7 11.8 12.3 12.8 12.4 10.6 8.8 12.6 12 11.2 9.5 12.9 13.3 14.4 15.5 16 16.2 16.7 17.1 17.4 17.5 16.4 14.6 12.7 11.3 11.3 11.4 11.5 11.7 11.7 11.6 11.5 11.5 11.1 5.5 11.2 10.4 11.1 11.7 12.1 12.1 12 12.2 12.4 12.6 12.8 12.8 11.8 8.4 11.6 11.1 11.3 11.7 12.1 12.5 12.4 12.3 12.3 12.3 12.3 12.6 13.8 14.9
14.7 15.2 15.6 15.9 16.3 16.7 17 17.5 17.9 18.4 18.8 19.3 19.2 19.2 19.3 19.3 19.2 17.4 13.9 13.3 12.9 12.7 12 11.6 12 13.2 11.2 9.5 13 7.7 12.1 11.3 11.2 8.3 12.6 13.6 14.6 15.5 16 16.4 16.9 17.4 17.7 17.9 16.9 15.6 13.4 11.5 11.7 11.8 11.8 11.7 11.7 11.6 11.5 11.5 11.6 7.3 11.1 10.6 10.9 11.6 12.2 12.3 12.2 12.4 12.6 12.8 12.9 12.9 12.2 11.3 5.6 11.5 11.4 11.9 12.3 12.6 12.6 12.6 12.6 12.6 12.6 12.6 13.2 14.4
15.5 15.8 16.1 16.3 16.5 16.7 17 17.1 17.6 17.6 17.9 18.5 19 19.1 19 18.9 18.9 19.3 15.2 13.7 13.3 13.2 12.7 12.1 12.4 12.9 11.1 12.6 12.6 13 7.1 10.2 6.8 12.6 13.2 13.2 14.2 15.5 16.1 16.6 17.1 17.6 18.1 18.3 17.4 16.1 14.2 12 11.9 11.9 11.8 11.7 11.7 11.6 11.5 11.5 11.4 11.3 11.6 11.1 10.7 11.4 12 12.5 12.5 12.7 12.9 12.7 12.6 13 12.5 11.8 11 10.3 12.4 12.8 13.1 12.8 12.8 12.8 12.8 12.8 12.8 12.8 12.8 13.8
15.1 15.5 15.7 15.9 16.1 16.4 16.6 16.6 17.1 17.7 17.6 17.4 17.7 18.2 18.4 18.6 18.8 20.5 19.1 15.7 14.2 14 13.5 13.3 13.2 13.5 11.4 12.1 12.3 12.2 11.5 11.7 12.1 10.2 11.6 12.7 12.3 14.4 16.3 16.8 17.3 17.8 18.3 18.7 17.7 16.3 14.6 11.9 11.8 11.7 11.7 11.7 11.8 11.8 11.7 11.6 11.4 11.7 11.6 11.5 11.1 11.2 11.9 12.4 12.7 12.8 12.6 12.3 12.4 13.2 12.6 12.1 11 12.4 13.3 13.5 12.7 13.1 13.1 13.1 13.1 13.1 13.1 13.1 13.1 13.2
