app/static/ascii/NS77.asc
ncols 200
nrows 200
xllcorner 270000
yllcorner 670000
cellsize 50
[rows 108 to 143 of 200, columns 0 to 80 of 200]
91.7 90.8 89.5 85 84.5 81.5 82.3 79.8 76.5 75.2 74.2 72.4 71.7 71.4 71 70.7 70.4 70.5 69.3 68.3 69.4 71.1 72.8 74.2 75.2 75.9 76 74.7 74.2 74.7 74.7 72.3 69.2 65.7 63.6 62.1 60.6 59.1 59.3 59.9 65.9 65.9 66.1 64.5 60.6 60.9 62.5 61.2 60.2 61 63.3 63.9 65.4 65.2 67.3 69 75.4 78 80.2 80.3 81 82.1 83.9 85.8 92.7 100.8 100.9 99.9 101 102.6 105 106.5 108 109.7 109.9 110.8 111.9 111.9 112 112.1 113.5
89.5 89.2 88.6 86.3 84.9 84.4 84.2 82.6 80.1 77.9 78.6 76.4 75.4 75.3 74 71.7 70.3 69.6 69.2 69.1 70.5 72.6 74 74 74.5 75.5 74.8 74.1 76 76 74.5 70.6 66.7 63.3 62.1 60.8 59.3 59.1 59.2 62 64.4 64.5 64.1 64.2 62.6 62 63.1 62.2 62.1 62.9 63.4 63.3 63.8 64.1 64 67.5 72.8 75.8 77.1 79 80.6 81.4 81.7 83 88.8 95.9 97.8 96.7 98.6 100.5 102.9 105.3 106.6 107.6 108 108.4 109.4 109.8 109.6 109.2 110.3
90.4 90.8 90.5 90.5 89.3 88.6 89.1 84.6 82.5 80.9 80.4 78.8 76.3 75.3 73.7 72 70.2 69.6 71.2 74.7 74 75.2 77.1 76.3 76.2 75.8 76.2 76 75.7 73.6 69.9 65.9 63 61.1 60 59.1 59.1 59.1 61.5 64.7 66 65.3 65.8 66.3 65.4 64.4 65.3 64.1 64 64.8 63.8 63.5 63.4 63.7 63.9 66.3 69.3 73.9 77.4 80.8 79.6 80.3 80.7 81.8 85.9 90.5 95.1 94.8 97.4 100.1 101.8 103.2 104.2 104.8 105.4 106 106.8 107 106.9 106.8 107.1
90.7 90.9 90.3 89.8 91 91 89.8 85.2 82.7 80.4 79.1 76.3 74 74.3 73.4 73.6 73.1 72.6 76.4 79.7 80.7 81.4 80.9 80.7 80.1 77 75.4 74.1 69.7 67.1 63.8 61.8 59.7 59.1 59.6 60 59.7 60.8 63.9 65.8 65.7 67.8 69 69.5 69.9 69.7 68.8 66.5 66.1 65.9 63.9 63.7 63.5 63.8 64.1 65 67.8 69.6 69 81.7 79 79.4 80.6 81.7 84.3 85.1 89.6 93.9 96.8 97.6 98.8 100.3 100.7 102 102.3 102.3 103 103 102.8 102.2 102.4
86.6 87 87.5 88 87.1 86.7 83.9 79.9 79.3 78.9 77.3 75.9 75.9 74.6 74.6 74.9 74.9 75.3 77.5 80.2 80.5 79.8 78.9 77.8 74.7 72.1 68.4 65.4 61.2 61.1 60 59.1 61 62 63.1 62.6 61.5 61.5 63.5 64 65.2 70.3 72.9 74.4 75.3 73.8 71.5 70.1 68.3 65.3 64.2 63.9 63.6 63.8 64.6 65.2 66.6 68.1 68.9 80.3 79.4 78.5 79.5 82.3 85.3 85.3 85 89.9 93.6 94.7 95.8 97.3 97 98.3 97.8 97.4 97.5 97.3 96.9 96.8 96.8
80.8 81.6 81.5 81.5 80.8 80.5 79.5 78.3 77.3 76.7 76.1 76 76 74.4 74.2 74.6 73.6 71.4 72.5 75.6 75.2 74.2 73.4 68.9 67.7 64.9 62.5 60 59.5 60.3 61.8 63.9 65.6 65.7 66 65.1 63.9 63 63.5 65.5 70.6 74.9 77 78.9 79.7 75.1 71.6 70.7 69.9 65.7 64.4 64.1 63.8 63.9 65 65.7 66 67.3 69.4 74.8 76 76.2 79.8 81.3 84.1 84.5 85.4 87.5 88.8 90.6 92.1 93.1 91.9 92.9 92.6 92.5 92.3 92.2 91.8 90.3 91.2
75.2 76.4 77.8 77.8 78.3 79 78.2 76.4 75.4 74.4 74.9 75.3 75.2 73.8 72.4 70.6 69.6 67.5 64.3 65.1 65 65.1 64.8 62.2 61.8 60.4 60.1 60 62.8 65.2 66 66 66 66 66 64.7 64 63.9 65 70.1 72.9 77.9 80.8 81 80.7 76.3 71.6 69.6 68.2 65.4 64 64 64 64 65.4 66.2 66.2 67.6 68.8 73.2 74.8 76.5 79.3 79 81.2 83.7 85.2 83.9 84 84.5 86 86.7 87.6 88.5 88.7 88.6 88.4 88.2 87.4 86.4 85.4
72.9 74.8 76.4 76.6 77.1 77.2 77 76.6 74.7 74.2 74.2 74.4 73.5 72.3 71 68.7 66.3 64.9 63.5 62.5 60.6 59.7 59.5 60.1 62.2 64.8 66 66 65.5 65.9 66 66 66 66 66 64.8 64.2 63.8 68.5 73.2 75.5 80.4 80.9 80.6 79.4 74.9 70 68.7 66.4 64.3 64.3 64 64 64.5 66 67.4 67.9 67.8 69 75.8 76.6 78.2 79.2 79.2 79 83.2 83.8 83.6 83.6 83.8 83.9 84 84.2 85.1 85 84.7 84.6 84.4 84 83.8 82.2
73.5 74.5 75.3 76.3 77.6 77.4 77.1 76.7 75.4 75.8 74.4 74 72.1 71.1 70.2 67.6 65.3 64.5 62.3 60.7 59.2 59.1 61 65.1 65 65.1 65.3 65.6 65.9 65.9 66 66 66 66 65.6 64.9 64.3 64 70.4 76 77.7 80.5 80.9 80.1 76.4 73.9 70.5 69.5 66.5 64 64 64 64 64.8 68.1 69.2 69 68.7 68.8 77.5 79.5 79.4 79.6 79.4 80.6 83.2 83.9 83.8 83.8 83.8 83.9 84 84.3 84 84 84.1 84.6 85.2 85.2 84.4 84.6
74.4 74 74.4 76.1 78.2 78 78 77.2 75.7 75.8 74.7 72.1 70.9 70.7 69.2 66.8 64.9 64.1 63.7 61.6 62 61.9 65.1 66.1 66.4 66.4 66.4 66.5 65.8 66 66 66 66 65.6 64.4 64.4 64.1 64.4 68.3 75.5 78.2 80.9 79.9 77.7 74.2 71.1 68.5 66.3 64.1 64.4 64 64 64 65.4 69 69.1 69.9 69 68.6 79.4 81.2 80.2 80.2 80.3 82.1 84.7 84.3 83.9 83.9 84.5 84 84.7 85.2 86.2 87.1 88 89.2 89.4 88.4 86.1 85.5
76.7 77.2 78.3 78.6 79.6 79.6 78.3 76.9 75.9 75 71.5 69.4 69.4 68 64.9 64.3 64.7 64.4 64 65.2 65.6 64.3 65.8 67.5 67.6 67.4 67.4 66.9 65.9 65.9 66 66 64.5 64.1 64.2 64.3 64.3 65.7 70 74.2 75.9 77.6 77 75 71.5 68.2 64.9 63.1 63.1 63.3 64 64 64.4 65.9 68.7 69 69.6 70.1 70.4 79.5 81 80.9 80.2 80.8 81.5 83.7 85.3 86 84.6 84.9 85.8 86.9 87.4 88.9 90.4 91 91 90.9 89.7 87.5 85.9
79.4 80.5 80.5 80.6 79.2 80.1 77.7 75.8 74.3 71.2 70.1 69.1 67.5 65.9 64.6 64.2 64.7 64.9 64.6 65.7 66.3 66.9 67.7 68.8 68.4 68.4 68.1 67.3 66.6 65.1 65.1 64.5 64.2 64 64 64.1 64.1 67.3 72.2 75.2 75.9 76.3 74.7 72.2 68.9 65.6 63.2 63.2 63.2 63.2 63.2 63.8 65.2 67 68.9 69.1 69.1 69.1 70.9 80.7 80.9 79.6 79.5 79 80 82.3 83.5 84 85.3 85.6 87.1 88.9 89.9 90.4 90.8 91 91 90.1 88.4 86.2 84.7
80.9 80.9 80.9 79.4 77.1 76.9 75.3 73.7 70.8 69.1 68.8 68.4 67.6 66.4 65.4 65 64.4 65.1 65.9 67.2 67.8 68.4 69 69.8 68.8 69.1 69.3 68.8 67.3 65.4 64.1 64.1 64.2 64.1 64 64 65.1 69.8 75.7 76 76 75.6 73.7 70.8 67 63.2 63.1 63.2 63.1 63.4 64.2 64.7 65.5 66.4 68.4 69.3 69 68.9 69 74 78.7 79.5 80 79.1 79.5 81.5 83.4 85.3 85.6 86.3 88 90 90.7 90.3 90.8 90.4 89.1 88.2 87.2 85.9 85.2
80.4 80.9 77.6 74.4 71.9 70.2 69 69 69.1 69 68.8 68.6 68.1 67 65.9 65.2 65.5 66.6 67.7 68.7 69.3 70.2 71.4 70.6 69.4 70 70.6 69.7 67.8 65.7 64 64.2 64.4 64.6 64.1 64.5 66.2 69.5 71.1 72.7 74.7 73.4 70.9 67.6 63.7 63.2 63.2 63.2 63.1 66 65.8 65.6 65.1 66 67.7 69.3 69.3 69 70.8 74.6 76.5 78.6 80.4 79.3 79.7 80.7 82.6 84.7 85.8 86.7 89 90.7 90.9 89.5 89.7 88.2 87.1 86 85.8 86 84.4
80 79 74.8 71.5 69 68.7 69 69 69.1 68.9 68.7 68.5 68.4 67.7 66.8 66.8 66.9 68.1 69.3 70.3 71.2 72.2 72.5 71.2 70 70.9 70.1 69.4 68.5 66.3 64 66.1 66.2 66.1 66.6 66.6 68 69 69 71.1 72.6 71.6 69.3 63.5 63.2 63.1 63.1 63.1 64.3 65.8 65.6 65.3 65.1 66.1 67.3 68.9 69.3 69.6 70 71.7 75.5 77.3 77.9 78.1 79.5 80.8 82.1 83.4 85 85.8 87.8 88.9 89.1 87.9 86.2 85.1 84.5 84.2 85.2 86 84.1
75.5 74.1 72.7 69.3 68.7 68.3 68.6 69 68.9 68.8 68.7 68.7 68.7 68.6 68 68.2 68.4 69.5 70.9 73.4 74.5 74.1 73.2 71.7 70.4 70.3 69 69 69 68.6 67.4 68 68.1 68.3 69.1 70 69.1 69 70.6 70.5 70.9 70.4 67.3 63.1 63.2 63.1 63.1 63.1 65.8 66 65.5 65.2 65.4 66.4 67.6 68.6 68.9 69.2 69.8 69.1 70.9 75.1 76 76.2 77.6 79.6 79.7 79.5 79.6 82.6 84.7 85 85.3 84.5 84.2 84 84 83.8 83.8 83.9 81.9
71.1 69 67.7 68.2 68.3 68 68.2 68.6 69 69 68.9 68.8 68.9 68.9 69.6 69.2 69.7 70.9 73.4 75.5 75.9 74.9 74 72.4 71 69.9 69 69 69.6 72.7 73.6 73.8 72.1 70.6 71.5 75.2 72.5 70.8 70.9 70.7 70.6 64.1 63.2 63.2 63.2 63.2 63.2 63.2 63.1 65.8 65.9 65.2 65.9 66.9 67.9 68.8 69.2 69.5 72.3 73 69.7 69.5 74.8 75.6 77.6 79.9 79 79 79 79.6 80.3 81.4 83.1 83.8 84 83.8 83.7 83.5 83.4 83.1 82
68.3 67.5 69.3 68 67.2 67.1 67.9 68.3 68.7 69 69 69 69 69.8 71.2 71.2 71.7 72.4 74.3 75.7 75.6 74.7 74.2 72.7 71.7 69.8 69 69.1 75.1 78.5 78.8 77.6 76.1 75.4 75.5 75.4 73 70.8 70.9 70.6 69.2 63.2 64.3 65.3 63.7 63.2 63.2 63.1 63.1 64.8 65.5 65.2 66.3 67.6 68.6 69.6 70.9 70.1 72.7 75.3 72.7 71 70.8 74.2 77.3 80.8 80.3 79 79 79 79.7 80.5 81.6 82.6 83.3 83.8 83.7 83.2 82.9 82.8 81.9
67.5 68.3 66.6 65.8 65.5 66 67.2 68.1 68.4 68.8 69.6 70.9 73.1 74.6 74.4 74.8 74.3 73.1 74.3 74.7 74.5 74.2 73.9 73.4 72.5 71.2 72.3 75.6 79.2 80.8 80.7 79.3 77 75.6 75.8 75.6 73.3 70.7 70.6 69.1 66.2 64.2 66 66 64.4 63.2 63.1 63.2 63.2 63.1 63.1 64.1 66.3 68 69.8 70.7 71.7 72.4 74 75 74.8 72.8 73.6 74 77.9 80.1 80.5 80.2 80 79 79.4 79.7 80.6 81.8 82.9 83.4 84 83.6 83.1 83.5 84.2
71.6 67 65.3 65.2 65.1 65.1 66 67 68 69 70.7 72.7 76 76 76 75.7 74.3 74 74.2 74.2 74.1 74.1 74.2 74.3 73.9 74 74.8 78.5 80.8 80.9 80 78.7 76.9 75.7 75.9 74.5 71.9 69.5 69.2 68.7 67.3 65.2 66 66 64.5 63.2 63.1 63.1 63.2 63.2 63.1 63.2 65 68.8 70.6 71.9 72.9 73.9 74.9 76.2 76.1 74.9 76 77.3 79.4 81.3 81.8 81.1 80.6 79 79.1 79.6 80.1 81.3 82.3 83.2 84 84 84.7 87.7 89.7
70.9 66.5 67.6 67.5 65 65 65 66 67.1 68.2 69.3 71.1 73.9 75.3 75.5 74.2 73.3 72.7 73.4 74.2 74.3 74.7 74.7 74.8 75.5 75.9 76.8 79.2 79.2 79 78.1 76.8 75.6 74.3 71.9 70.1 69.1 68.9 68.3 67.7 66.9 65.8 65.3 65.8 64.3 63.4 63.1 63.2 63.1 63.1 63.2 64.9 67.1 69.7 71.6 73 74.5 75.2 76.5 78.2 78.1 79.3 80.1 80.8 79.9 81.8 83.6 83.4 81 79.2 79.2 80.1 80.8 80.9 81.9 82.9 84 87 90.4 92.7 95.1
70.9 65 71.8 66.4 65.1 65 65.1 65.4 66.4 67.6 68.7 69.7 72 72.9 73.1 72.1 71.3 70.9 71.7 74.2 74.3 74.6 75.4 75.8 77.1 79 79.9 80.5 79 76.4 75.7 74.2 72.8 70.6 69.1 69.4 68.7 68.7 68 67.5 66.9 66.3 65.5 65.4 64.4 63.6 63.2 63.2 63.2 63.1 63.2 66 68.6 71.4 73.6 75.8 77.7 78.7 79.5 81.6 82.1 83.3 82.5 81 80 83.7 85.5 85.1 83 81.7 81.7 81.8 81.9 82.4 83.5 86.2 90.3 91.9 95.8 98.5 100.6
69.4 69.6 73.1 65.2 65.1 65 65.2 65.4 65.6 66.8 68 68.9 69.9 70.4 70.6 70.1 69.5 69.3 70.6 73.2 75.5 74.5 74 75.4 77.9 80.2 80.9 78.7 76.5 74.7 73.1 71.2 69.3 69.1 68.8 68.6 68.5 68.4 67.8 67.2 66.8 66.4 65.9 65.1 65.6 63.8 63.2 63.2 63.2 63.7 64.9 67.9 70.8 74.5 78.1 79.9 82.1 83.1 84.5 85.5 86 86 84.1 79.5 82.7 84.4 84 84 84 84.6 84.8 84.7 84.5 84.1 86.6 91.3 93.5 95.9 100.4 104.7 105.9
71.5 77.1 71.8 65.2 65.1 65 65.2 65.3 65.4 65.7 66.3 67.4 68.2 69 69.3 69.4 69.2 69 70.2 72.9 75.3 74.8 74.7 75.1 75.2 75 74.6 74 74.6 73.3 71.6 70.7 69.1 69 68.8 68.7 68.6 68.6 68.1 67.6 67.2 66.7 66 65.1 65.5 64.2 63.2 63.2 63.2 65.3 68.4 71.5 75.4 79 82.6 84.4 86 86.3 86.8 85.8 86 86 84.9 79.8 83.7 83.6 84.1 84 85.5 85.5 85.4 86.1 86.6 87.8 90.2 95.7 95.1 98.4 102.9 105.4 104.4
74.8 76.7 71.4 67.5 67 65.9 65.1 65.2 65.3 65.3 64.9 66.3 67.4 68.9 69.4 69.4 69.1 70.7 71.8 74 74.1 74.1 74.4 74.4 74.2 74.3 74 74.3 74.1 72.1 70.5 69 69 69 69 68.8 68.7 68.7 69 68.5 68 67.5 67.3 65.4 64.2 63.5 63.2 63.1 63.9 68.3 72.6 76.7 81.3 85.9 89.6 89.7 89.6 89.6 88.6 86.8 86 86 85.3 83.5 80.2 80.5 79.8 82.8 86 86 86 88.1 88.8 92.2 94.2 94.9 96.2 99.9 102.5 104.3 104.1
74.5 74 73.1 71.5 69.6 68.1 66.6 65.1 64.2 64.5 65.7 66.8 67.5 68.8 69.4 69.3 70.7 73.8 75 74.1 73.3 73 73 74.4 74 74.1 74.1 74.6 74 71.9 69.8 70 69 69 69 69 69.4 69.5 69.1 69.4 68.9 68.5 68.3 66.9 64 63.6 63.2 63.1 67.1 72.3 76.5 82.6 86.2 89.4 90.7 90.9 90.7 90.8 87.9 85.6 85.4 84.2 83.4 80.7 79.3 79.4 79.3 80.3 85.4 86.6 87.9 89.9 92 95.5 94.6 94.2 96.6 100.6 101.7 101.4 101.2
69.9 69.9 70.1 69.8 69 67.9 66.6 64 64.1 66.8 68.4 69.3 68.6 68.9 69.6 71.3 73.2 75.9 75.8 76 73.2 71.5 72.9 74.2 74 74 74 74.7 73.8 71.8 70.5 70.3 69 69 69 69 69.9 70 69.8 70.1 70 69.5 69.4 68.8 68 64.4 63.2 63.1 71.1 77.1 83 86.7 88.9 90.3 90 89.9 88.5 86.1 84.9 84 82.2 80.5 80.9 79.7 80 79.2 79.2 79.4 85.2 85.5 89.2 90.8 93.8 95.5 94.6 95.1 97.9 100.8 100.2 99.6 99.4
69 69.2 68.8 68.8 67.6 66.5 66.1 64.1 64.5 68.2 70.8 70.9 69.6 69.9 71.1 73.2 75.4 75.9 75.7 74.1 71.1 70 72.5 74.2 74.2 74 74 75.7 73.9 72.7 71.9 70 69.2 69.2 69.5 70.2 72.4 72.3 72.6 73.3 73.1 73.4 72.5 71.9 71.6 66.5 63 65 73.9 80.3 86 87.5 88.7 88.6 87 85.3 85.1 83.2 82.1 80.8 79.3 79.3 79.2 78.3 78.2 79.4 79.3 79.5 82.9 86.9 90.1 89.4 92.4 94.3 95.6 97.7 100.5 100.9 101 99 97.8
68.2 68 67.5 67.8 66.6 65.5 64.4 64.1 65.6 68.6 70.9 70.9 69.9 70.6 72 73.8 75 75 72.6 69.9 69.1 69 72.1 74.5 76 78.7 75.2 73.4 74.6 73.7 72.9 71.6 71 70.4 70.3 72.8 74.6 74.6 75.2 74.9 75.4 75.3 75.1 74.4 73.9 69 64.7 69 75.3 80.5 85 86.4 86.2 85.5 84.8 82.5 80.9 80.6 79.5 78.6 78 77.8 77.6 76.3 75.6 77.7 80.4 82.3 85.1 88.6 91 89.8 91.6 94.1 96.1 100 101 101 101 99.9 96.2
67.1 66.9 66.2 66.8 65.6 65.5 64 64.4 65.9 70.1 69.5 70.9 70.9 70.9 70.9 71.9 72.3 72.1 70.6 69.1 69 69 71.5 74.8 74.9 74.2 71.4 69.4 71 74.4 73.8 74 74.1 74.4 75.2 75.4 75.8 75.7 75.9 76 76.6 76.6 76.6 75.2 74.1 71.2 69.2 72 74.2 78.1 81.3 83.3 83.7 82.5 80.6 79.4 78.3 78.6 79 77.6 76.6 76.3 76.3 75.2 74.2 79.1 81 85 85.8 87.3 87.8 89.8 91.7 93.7 96.4 98.7 101 101 101 99 94.2
65.8 65.6 65.5 65 65.7 65.2 64.4 64.2 64.3 68.3 68 69.6 70.6 70.9 70.8 70.4 69.2 69.6 69.7 69.6 69.2 69.1 69.2 69.5 69.7 70.5 69.3 69.2 71.4 73.6 75 76.4 77.9 78.3 77.9 77.9 77.9 78 77.5 77.2 77.6 77.9 77.8 77.3 75.8 75.3 75 69 70.6 75.3 79 81.2 80.7 80.6 78 76.5 76 76.4 77 76.3 74.8 74.7 75.5 74.8 76.8 80.6 80.6 83 84.3 84.8 86 88.4 90.4 92.6 95.2 97.9 99.2 99 96.7 94.8 92
65.4 65.5 65.5 64 64.8 64.2 64.1 64.1 64 64 65.2 67.5 67.6 67.3 67.5 67.7 68.1 68.6 68.5 68.7 69.1 69.1 69 69.1 69.2 69 70.1 72.7 74.9 76.3 77.1 79.1 80.9 80.6 80.5 79.2 79.9 80.4 79.1 78.5 78.8 79.1 78.8 78.9 77.8 76.6 75.7 71.5 67.9 71.4 76.7 78.4 78.2 77.8 75 74.5 75.4 74 75.4 71.5 70.5 72.7 74.1 75.8 76.2 78 78.8 80 81.5 82.7 83.4 85.8 87.8 91.5 94.4 97.1 99.6 101 97.7 95.4 93.6
66.9 67 66.9 66.3 65.6 64.2 63.9 63.6 63.7 63.9 64.6 65.3 64.7 64 64.1 65 66.5 67.4 67.7 68 68.4 68.8 69 70.9 70.4 71.5 73.2 75.4 77.1 78.9 80.1 80.9 80.9 80.9 80.9 80.6 79.7 79.3 80.5 79 79.2 80.9 80.9 80.7 80.1 78.7 76.9 75 68.1 68.8 71.2 74.4 74.6 73.7 73.2 72.2 72.4 72 69.7 68.5 68.9 70.3 72.3 75 75.8 75.5 75.8 76.6 78.7 80.2 80.8 83.2 85.7 89.4 93.2 97.1 100.7 101.6 101.5 99 96.1
68.1 66.9 66.6 66.3 64.7 64.1 63.3 62.7 62.7 62.9 63.6 64.4 64.1 64 65.9 65 66.1 66.1 66.7 67.3 67.7 68.2 69.5 72.1 74.1 75.2 75.5 77.1 78.6 79.1 80.9 80.9 80.9 80.9 80.9 80.9 81 80.3 80.5 80.4 80.6 80.8 80.9 80.9 80.9 80.7 78.2 75.8 70.1 68.1 68.7 69 69.1 69.2 69.5 69.1 69 69 68.5 68.2 68.6 69 71 70.9 71.7 72.5 73 74.1 75.1 77 78.6 80.6 83.7 87.4 91.4 96.1 100.8 101.2 102.2 100.4 97.4
68.1 67 66.2 66 64.3 63 62.3 61.8 61.7 61.9 62.1 64.6 65.5 66 65.1 63.6 64.7 64.8 64.5 66.1 67.3 67.9 70.2 73.7 75.2 75.6 76.7 78.3 79.9 80.9 80.9 80.9 80.9 80.9 80.9 80.9 81.1 81.1 81.8 81.6 80.7 80.8 80.8 80.9 80.6 80.9 78.3 75.7 70.8 68.8 68.8 68.9 68.9 69 68.8 68.7 68.8 68.9 68.5 68.7 69.2 69.4 70.2 69.1 69.1 69.5 70.7 72.2 73.5 74.4 76.5 78.4 81 84.8 88.7 92.7 96.6 99.3 101.1 100.5 97.3
67.9 66.6 65.2 63.8 63.3 61.6 61.1 61.3 61 60.9 61.1 63.2 62.9 62.6 61.7 61 61.2 63.7 64.8 65.6 66.8 68.3 69.7 74.1 75.3 75.8 76.3 77.7 78.9 80.2 79.6 80.9 80.9 80.9 80.9 80.9 81.2 81.7 82.7 82.6 81.6 80.8 80.8 80.9 80.3 79.8 78 75.7 74.2 70.2 68.8 69.3 69.2 69 68.7 68.7 68.9 69.2 69.3 69.7 70.4 70.3 69.4 69.1 69.1 69 69.8 71.5 72.6 74.1 75.3 77.6 79.1 82.4 86.6 89.7 93 96.3 97.5 95.7 93.8
