app/static/ascii/NS78.asc
ncols 200
nrows 200
xllcorner 270000
yllcorner 680000
cellsize 50
[rows 70 to 104 of 200, columns 0 to 77 of 200]
295.6 296 296.7 298.8 304.2 302.4 302.5 301.2 300.9 300.2 298.6 297.3 295.1 291.5 288.3 289 284.4 286.7 284.6 276 272.8 271.6 271.2 270.7 271.9 271.9 269.9 269.4 268.8 270.2 278.5 286.4 300.7 308.2 313.3 316.9 319.4 320.6 321.9 323.4 326.5 332 337.5 342.1 346.6 350.7 354.3 355.8 356 356.3 356.6 355.8 353.9 349.9 346.5 345 340 335.5 331.7 327.1 323.5 323.1 323.7 324.2 324.8 323.6 325.3 321.5 318 313.4 308.9 303.5 297.6 290 281.3 272.2 265.7 259.2
305.7 302.5 306.5 310.6 315.4 316.4 314.9 317 312.1 308 307.8 304.5 302.7 301.5 297.9 296 293.6 291.9 290.2 282.1 275.1 272.2 270.5 269.3 269.6 268.8 266.7 268.1 269.8 273.4 274.8 283.4 298.8 305.8 310.7 315.1 320.1 320.8 320.8 322 323.7 327.3 331.7 334.8 340.8 346.6 350 351 351.5 351.3 353.2 353 353.1 351.7 348.7 344.6 341.4 337.3 333.3 330.3 326.7 323.7 323.6 323.5 321.4 319.8 318.8 317.4 313.9 310.7 307.3 302.9 297.5 291.2 283.6 275.7 268 260.3
315.5 313.1 318.3 319.3 321.7 323.3 324.1 323.2 320.5 317.3 314.2 313.9 308.3 309.1 307.1 302.7 297.8 295 293.7 287.3 286.6 279.8 278.5 275.4 271.5 270.1 266.9 266.4 269.4 271 272.9 279.7 292.2 303.2 308.7 312.3 315.1 319.5 319.5 320.9 323 325.2 328.8 332.6 339.1 345.3 347.9 348.7 348.3 347.6 348.7 349.6 349.6 350.4 349.2 346.3 345.5 340.1 335.2 335.1 333.3 331.1 325.9 322.5 320.3 316.7 314.1 312 308.7 306.2 303.4 300.1 295.6 290.7 284.5 277.5 270.2 262
326.4 319.6 326.4 328.2 328.7 328.5 328.8 326.1 326.1 325 323.2 320.7 318.5 317 312.1 306 304.4 301 297 294.8 291.9 285.6 282.6 279.6 275.4 271.7 268.2 264.5 268.9 269.7 268.9 275.3 286.2 301.4 306.2 307.7 309.8 315.6 320.3 320.3 322.3 324.7 327.6 332.8 339.9 343.4 345.7 347.4 346.9 345.2 344.2 345.2 346 346.9 347.4 346 343.8 340.7 337.5 335.8 335.9 333.4 329.8 326 321.3 316.2 311.1 308 304.7 301.9 299 295.8 291.9 287.9 284.4 278 271.5 264.5
334.7 330.3 332.1 334.2 336.1 338.3 338.1 335.1 331.4 329.1 326.3 324.5 322.9 320.2 317.5 312.2 308 306.3 302.2 298.6 294.7 290.6 286.4 282.5 279.2 275.6 271.8 266.6 263.5 272.8 267.5 270.3 278.9 296.4 300.5 304.3 306.7 310.3 315.9 317 320.5 323.5 328.5 333.9 344 341.5 343.6 345.7 346 344.9 344.1 343.6 341.2 342.7 343.7 344.3 342.7 340 335.6 335.1 334 331.5 329.2 326.1 322.7 319.7 315.1 309.9 305.3 301.5 296.1 290.5 286.7 284.3 278.7 275 271.1 266.4
342 337.4 337.8 340.6 343 343.1 341.8 338.3 334.6 331.6 328.6 326.9 323.8 322.2 320.7 315.9 310.1 307.2 304.3 301.7 297.9 293.5 290.3 287.4 284.3 279.3 275.7 271.4 264.1 266.5 264 265.4 272.9 288.5 294.2 298.4 302.1 307.1 311.9 312.8 316.4 321 327.4 333.7 338.9 339.8 344.1 346.6 345.1 343.8 343.1 341.7 339.7 336.9 336.3 337.4 337.2 336.1 334.1 332.1 330.8 329.3 327 324.6 321.8 319.3 315.1 310.6 306.2 301.7 297 292.3 287.4 280.5 274.6 271.3 268.5 265.1
348.8 345.9 347.1 349.3 351.2 349.5 346.9 343.6 338.7 335.9 332.4 330.4 327.5 324.3 321.6 318.2 313.3 309.9 306.9 304 300.1 296.9 294 291.3 287.7 283.3 279.3 276.1 270.2 263.1 260 264.1 268 278.7 285.6 291.5 296.7 304.9 307.6 309.7 313 317.5 323.9 329.2 333.4 336.5 341.6 345.6 343.6 342.9 341.6 339.8 336.9 334 331.7 330 330.1 329.8 329.2 328.4 327.7 326.7 325.2 322.7 319.8 317.3 314 309.6 305.3 301.4 295.7 290.4 286.2 278.7 274.1 270.6 265.8 261.5
355.4 352.1 356 357 358.2 357.4 356.1 353.6 349.8 347.6 342.4 339 335.5 332.4 329.3 323.8 319.6 313.7 310.7 306.2 302.9 299.7 297.1 294.5 291.3 287.3 283 278.2 273.5 269.3 265.7 259.8 263.7 267.8 278.4 282.6 287.9 296.2 301.8 309.8 309.5 313.8 318.9 324.4 328.7 331.3 334.4 334.8 335.4 335.3 335.8 336.2 333.9 330.7 329.5 327.5 325.3 325 324.2 323.4 322.5 322.5 320.8 319.3 317.6 315.9 312.8 308.5 304.5 300.5 294.2 288.8 284.8 277.2 273.2 269.4 264 259.8
360.1 356.4 359.8 363.2 370.5 369.4 368.1 367.8 363.8 360.8 362.4 357 348.3 343.2 336.7 331.5 326.3 321.8 317.7 311 305.3 302.1 299.1 296.4 294.2 290.8 286.5 281.8 277.5 273.2 268.3 260.4 258.7 257.9 267.4 280.5 280.3 286.6 293.4 300.7 305.8 309.2 312.4 316.5 322.9 326 326.5 328.2 327.6 328.8 328.1 326.9 327.3 325.7 325.1 324.5 323 320.9 320.4 319.5 318.5 317.5 315.8 314.3 312.6 311.1 309.7 306.8 303.3 299.5 293.8 287.4 281.9 276 272.1 268 263.2 259.2
363.9 360.2 364 372.5 377.4 378.8 378.6 375.9 370 367 366.3 364.2 359 352.7 344 336.9 331.6 327 323.2 317.4 310.4 305.2 302.5 299.2 295.5 292.3 289.2 285.4 281.4 277 272.7 266.8 260.2 256.2 253.9 271.9 273.9 280.2 285.8 296.3 300.9 305.2 309.5 312.6 316.3 321.3 321.9 324.6 326.3 325.2 323.5 321.8 320.9 318.8 319 319.6 319.3 316.6 317 316.3 315.1 312.9 310.6 309.1 307.6 305.7 304 302.2 299.2 296 291.6 288.2 282.6 275.9 272.2 268.6 264.5 259.3
368 363.6 366.2 371.2 379.9 381.8 380.9 378.4 373.6 371.5 367.7 363.6 359.8 353.7 347.2 341.9 336.4 330.7 325.6 322.6 316.1 310.6 306.6 301.3 296.1 292.8 289.5 286 282.3 278.8 275 271.5 265.2 259.1 255.3 260.4 268.7 276.1 284.8 289.6 294.5 299.2 305.3 308.9 311.6 315.8 319.6 322.7 325.7 325.7 323.8 322.5 319.5 317.1 316.2 316.5 316.2 313.4 310.3 309.6 308.9 307.2 305.6 304 302.2 300.8 298.9 296.5 294.3 290.6 286.9 283.9 280 276.6 273.7 270.8 265.7 260.4
372.8 368.8 365.9 367.9 373.7 379.3 379.7 379.4 375.8 370.4 365.8 360.5 355.9 351.4 346.1 340.4 336.1 331 326.2 321.5 316.7 312 307.2 302.2 296.9 293.4 289 285.3 281.9 277.3 273.8 271.5 268.9 265.1 257.1 254 262 273.5 279.9 284.7 289.8 297.2 300.7 304.5 307.1 309.5 316.5 320.1 323.2 325.6 325.4 323.3 320.4 316.7 316 315.9 313.5 311 308.7 307.1 306.6 305 303.6 302.6 298.9 296.6 294.4 292.4 290 286.4 282.7 280.1 276 273 270.1 266.8 264 260.9
380.5 376 369.9 365.1 362.7 365.8 366.9 367.5 365.6 362.6 359 355.5 351.7 347.6 342.9 339.4 335.3 331.1 326.1 321.1 316.1 311.7 307.5 301.3 297.3 292.2 286.9 283.7 280.8 277 273.3 269.3 264.5 264.4 261.7 255 256.8 266.3 275.3 279.3 282.1 285 294 299.3 301.1 303.2 311.6 312.1 317.4 320.3 321.9 319.7 318.8 313.8 313.7 313.6 311.4 309 307.3 305.7 304.2 303.3 302.3 301.2 297 294 292.7 290.9 288.2 284.2 279.8 277.3 274 270.3 265.8 262.7 259.6 257.7
389.5 385.1 378.9 372.7 365 360.3 356.5 358 354.8 352.1 349.9 347.5 343.5 339.9 335.6 332.6 328.8 324.9 322.2 318.6 314 310.2 305.8 300.9 296 291 285.2 282.1 279.2 276.4 269.7 268.8 266 265.4 265.7 260.2 253.2 256 265.3 271.3 275.1 277.1 283.2 291.3 296.9 298.9 303.9 305.8 309 314.3 317.2 315.1 313.4 310.6 309.6 310.2 308.7 307.2 305.5 305.4 303.7 302.4 300.9 299.6 295.1 294.7 292 289.7 287.7 286 282.4 279.2 275.3 272.2 269.7 265.5 263.3 259.6
396.1 392.2 387.3 380.4 370.4 361.7 354.8 352.6 347.1 343.2 339.7 335.8 333.1 329.9 326.6 323.1 319.4 316.3 313.8 311.8 309.6 305.4 301.1 297.3 293.8 288.7 283.5 280.8 277.5 274.6 275.9 273.8 268.7 266.6 266.8 267.6 254.6 251.9 257.3 262.5 268.5 270.9 274.7 283.2 290.2 294.2 297.6 300.8 302.9 305.5 309.1 308 308.5 305.5 307.1 307.1 306.3 304.3 302.4 302.8 302.4 300.9 300.8 298.3 296.6 294.7 292.4 290 287.8 284.9 282.4 279.6 275.9 273.3 270.9 267.8 265.1 262.1
399.2 399.3 394.4 387.1 378.9 367.6 357.6 352.5 345.5 339.5 331.6 325.2 323 320 317.8 315.7 312.8 309.4 306.5 304.2 303.3 300.2 297.1 291.9 288.7 284.7 281.7 279.6 277.6 276.1 276.4 274.2 271.8 268.6 269.1 265.8 257.8 253.1 249.8 255 259 263.5 266.2 273.8 281.3 284.4 290 293.5 297.4 300.9 305 304.2 302.4 300.1 299.6 299.9 302.3 302 299.6 299.7 300.6 299.5 298.6 296.4 294.1 291.9 290.8 289.8 286.5 283.6 281.8 279.3 275.9 273.2 270.3 268.7 266 262.1
398.1 398.4 393.4 389.7 383.3 375.3 361.9 356.4 348.3 340.9 334.4 327.9 321.6 314.3 312.7 310 307.8 305.8 302.8 300.9 300.1 299.1 294.9 293.5 295.6 290.7 286.7 284.8 282.5 279.3 277.3 275.2 273.3 271.5 267.7 265 261.7 257.8 253.5 249.2 252.3 256.8 260.8 264.7 271 274.4 280 283.6 289.1 294.5 297.9 297.8 298 297.6 296.5 295.9 296.2 297.3 297.2 297.7 295.7 296.6 296.4 293.9 291 288.7 286.8 284.5 282.4 280.2 278 275.5 272.9 271.2 268.4 267.5 266 262.9
392.8 392.7 389.7 385.5 379.2 372.8 365.4 356.9 346.7 340.3 334.9 328.4 322 315.2 310.4 307.6 305.4 303.9 300.3 299.6 299.2 298 294.7 295.9 299.7 296.4 292.7 290.7 287.5 283.5 280.2 277.5 274.4 273.4 270.7 267.4 264.7 261.1 258.5 255 248 246.3 251.2 256.2 261.5 267.7 272.1 276.4 279.8 284.5 289.4 291.3 291.9 293.1 295.1 293.8 294.4 294.5 294.7 295.7 295.6 294.3 292.5 290.7 287.9 285.3 283.1 280.3 277.6 275.7 273.7 271.9 270 269.1 266.9 266 264 261.3
390.8 388.2 385.6 381.3 375.6 368.5 361.5 353.9 343.6 338.3 332.5 326.6 320.2 313.8 309.3 306.3 305.1 305.3 299.5 300 300.2 300 299.5 299.5 299.5 300.3 296.5 294.4 291.3 287.2 283.4 280.3 277.1 275.1 275.5 270.1 266.3 262 258.9 259.4 254.8 249.7 244.4 248.3 255.3 261.5 264.6 268.1 269.5 273.3 282.8 286 284.9 289.1 292.5 291.4 291.2 293.5 295.7 294.1 293.6 292.3 289.7 287.9 284.8 282.8 280.7 277.9 274.9 272.8 270.9 269.6 267.1 265.5 264.7 262.3 260.9 259.8
388.3 385.6 382.7 377.7 371.8 364.8 357.5 348.7 341.8 336 330.2 324.4 318.4 311.9 307.6 306.6 305.4 303.5 299 300.4 303.3 304.2 302.9 302.5 301.8 300.5 299.1 296.7 294.1 290.9 287.6 284.2 281 279.2 275.7 272.5 269.9 265.6 261.8 258.4 256.4 253 250.4 246.5 245.8 253.1 259.1 260.2 259.9 260.1 267.1 275.3 280.9 282.3 285.1 286.2 285.5 288.1 288.5 290.5 291 290.7 291.1 286.6 284.2 280.3 277 275.6 272.6 270 268.6 267.4 265.4 264.1 260.8 259.2 256.2 256.7
385.9 381.9 378.5 373.1 365.7 358.7 350.3 343.9 339.3 333.6 327.8 322 316.4 310.2 306.9 305.2 303.7 300.7 299.2 303.2 310 309.1 307.5 306.2 304.8 302.2 300.1 298.1 295.6 295.3 291.8 288.3 285 282.1 278.7 275.8 272.9 269.4 265 261.2 256.9 255.6 253.4 251.7 246.2 244.6 253.4 257.3 257.1 255.9 257.1 261.3 267.5 269 274.7 277.4 280.2 279.8 282.1 282.4 283.9 285 282.8 281.8 280.6 277.2 273.2 271.7 270.2 267.3 265.7 264.8 265.8 262.8 260.5 253.2 247.8 246.6
382.6 378.8 373.9 366 359.2 352.3 346 341 336.8 331.2 325.5 319.7 314 308.8 306.5 304.2 302.4 300.4 298.5 300.8 309.1 309.4 309.1 307.4 306 303.9 300.4 297.9 296 294.7 292.5 289.7 285.8 283.6 281.3 279.3 275.6 271.6 268.5 263.6 260.2 258.9 257.3 255.2 252.3 241.2 242.9 248.4 255.1 254.1 254.7 256 258.8 259.5 258.5 263.4 268.2 271.2 274.8 276.3 277.2 274.6 273 275.7 273.4 272.1 269.4 269.7 269.8 265.1 262.2 259.8 261.3 256.9 248 246.6 246.6 246.6
379.5 373.4 366.9 359.4 354 346.5 342.7 338.1 332.6 327.6 322.1 316.5 311.7 307.5 305.4 303.5 301.4 300 306.6 311.2 313.4 312.4 314.5 313.8 312.1 309 305.8 300.8 299.3 295.2 291.6 289.3 285.7 283.7 280.6 277.7 274.1 270.6 268.2 265.5 262.7 261.7 259.8 257.6 254.8 248.9 241.2 239.2 248.1 252.1 251.2 252.5 254.5 256.8 254.3 254.6 258.5 259.6 263.9 269.1 269.5 270.8 268.8 268.9 268.1 268.8 265.5 266.2 264.7 262 256.2 255.2 251.5 246.6 246.6 246.6 252.3 253.4
372 365.6 360.5 356.2 350.7 344.3 339.1 330.7 327.1 323.4 317.8 313.1 308.6 305.1 303.6 302 301.8 305.5 308.8 314.4 316.2 318.1 321.5 322.3 321.1 319 314.5 311.4 307.8 303.3 299.4 296 289.9 285.6 284.7 279.4 278.2 276 273.1 269 265.8 264.8 261.5 258.8 256.1 254.6 246.8 241.3 239.3 241.4 247.3 248.3 250.1 252.5 252 251.5 250.9 253.2 256.8 259.5 263 263.6 262.3 260.8 261.4 261.5 260.8 260.8 259.4 253.7 246.6 246.6 246.6 246.6 246.6 255.1 257.4 256.4
365.1 359.6 356.5 351.3 344.7 340.3 335.7 328.2 320.7 317.1 314.1 309.6 305.1 303 301.4 300.9 303.4 304.9 312 316.3 320.3 323.1 327.1 328.2 327.5 326.1 323.2 318.9 317 312.2 308 303.3 298.1 294.4 289.3 286.3 283.6 280.7 277.2 273.4 271.4 268.4 265.8 262.7 259.1 255.1 252.1 245.7 241 239.3 239.3 242.5 245.8 248.7 251 250.7 248.6 250.1 251.3 251.9 254.5 258.2 259 255.6 255.7 256.8 255.5 252.8 249.2 246.6 246.6 248.6 253 253.4 256.5 259.1 261.1 261.3
361.2 355 351.5 345.2 338.7 334.9 330.4 325.2 319.4 312.7 308.8 304.5 301.3 300.1 300 300.1 300.5 305.6 314.9 320.1 323.2 326.3 331 335.2 333.4 332.5 329.3 325.8 322.8 319.9 316.6 310.7 306.9 304.8 298.5 293.9 289.2 284.6 280.6 277.2 274.1 271.3 268.2 266.4 265.1 259.6 257.3 251.9 246.5 240.6 239.9 236.4 241.8 243.3 246 245.2 243.6 245.8 245.8 247.3 250.4 250.2 249.8 249.6 248.1 246.6 246.6 246.6 246.6 246.6 254.2 259.1 259.1 260.7 264.1 268.9 271.1 271.6
362 357.2 352.7 346.2 340.7 334.6 326.3 317.6 313.6 307.1 302.8 299.1 297.4 296.8 297 297.8 298.7 305.2 316 322.1 325.5 329.2 334.8 337.4 337.4 337.3 336.7 333.7 329.1 324.9 321.1 317.3 314.2 312.8 308.2 306.3 299.9 294.9 288.7 283.8 280.5 276.9 272.8 267.9 264.3 260.2 256.9 254 250 240.1 238.8 234.4 239 240.2 242.2 242.7 240.5 240.4 240.5 244.5 247.8 251.1 254.5 246.6 246.6 246.6 250.9 253.3 258.8 262.7 266.2 267.3 265.8 267.3 274.5 276.8 277.3 277.4
365.3 358.5 352 345.7 342.6 333.5 324.8 318.6 312.4 305.5 299.8 296.5 294.1 293.4 294 295 297.8 301.9 314.2 322 326.5 329.5 334.4 342 342.9 341.4 340 336.6 333.2 331.4 326.3 322 319.4 317.2 315.2 311 306.3 302.5 297.2 292.7 288.3 283.9 279.3 274.4 269.2 263.9 257.5 253.7 250.1 240.1 235.2 233.9 233.6 236.3 239.1 239.9 237.9 235.6 237.2 241.9 248.7 254.3 257 249.1 246.6 253.3 260.5 267 271.5 274.2 275.1 274.6 276.1 275.7 277.9 281.5 284 283.2
363.1 356.4 350.7 344.7 336 327.3 320.1 314.8 308.6 302.2 296.5 293.3 289.7 290.3 291.4 293.6 297.7 303.1 315.2 325.1 330.7 332.3 334.7 340.7 344.5 344.5 344.4 344.5 341.5 339 334.1 329.8 327.1 327.8 324 319.5 314.6 306.6 303.5 297.1 293 287.4 282.5 279.1 275.1 268.8 263.9 259.7 255.3 251.4 242.2 235.4 230.7 232.2 234.8 236.1 234.3 234.4 233 241.6 246.7 251.5 254.7 255.7 255.8 266.1 275 278 277.4 278.1 279.9 282.2 285.5 285 287.3 290.3 294.4 292.6
358.6 352.9 344.9 336.6 327.4 321.2 314.1 309 301.9 295.1 291.9 290 286.5 289.1 290.1 293 298.4 304 317.5 325.9 332.9 339.8 345 345.1 348.5 348.3 347.3 346.4 344 344 342.1 341.4 337.7 335.9 334.6 331.1 323.5 315.4 310.1 304.2 298.7 292.9 287.5 282.9 277.9 273.9 269 264 259.5 256.3 252 239.6 230.3 229.3 230.7 235.3 236 235.5 232.2 236.2 241.2 248.3 253.4 259.9 266.8 275.5 280.7 283 283.2 287.8 287.1 288.7 291.8 291.7 295.6 300.7 300.9 300.1
346.6 342 336.7 327.9 319.5 312.5 306.8 301.4 296.1 291.1 286.7 284.9 284.6 284.9 288.9 293.4 302 309.9 317.8 326.5 334.4 343.4 346.7 349.4 351.9 350 349.2 348.5 349.6 350.5 348.6 345.2 340.9 338.2 336.1 333.2 328.8 321.2 315.1 309.8 303.5 298.3 292.9 287.8 283.1 278.5 273.8 268.6 263.6 259.9 256.1 251.3 246.1 237.2 229.8 228.9 232.4 234.4 231.2 234.8 241.9 251.5 258.8 269.2 276.2 280.9 285.4 289.3 291.3 295.2 294 296.6 298.3 298 301 304.2 306.4 307.1
331.4 329.9 321.1 315.3 307.8 302.6 298.7 294.3 290.1 287.1 283.7 281.2 281.6 284.4 288.5 295 305 313.1 320.6 326.8 334.7 342.2 348.3 352.1 353.9 352.1 352.1 351.9 350.8 349.8 350.7 347.9 342.4 338.9 336.1 331.9 328.8 324.2 317.8 312.9 307 301.1 295.5 290.4 285.6 281.4 277.1 273 268.9 264.8 260.5 256.4 252.9 246.4 234.8 229.1 228 229.9 234.2 241.3 251.5 254.4 266.2 275 281.2 284.1 291 296.7 298.6 300.6 302.1 305 306.3 306.6 308 309.2 312.6 315.2
307.9 307.8 304.9 301 297.3 294 290.3 285.7 282.7 281.2 280.2 279.2 281.2 285.3 290.2 297.7 306.2 313.9 323 328.9 333.4 340.9 348.6 355.3 355.9 352.7 349.4 348.7 350.5 349.5 349.6 346.8 342.6 339.3 335.2 330.8 327 322.2 316.9 312.1 307.3 302.8 298.7 293.1 288.1 283.7 278.8 275.3 271.5 267.2 262.8 259.2 255.9 251.9 241.6 228.9 227 230.9 236.1 250.7 255.5 257.7 270.9 277.2 283.2 288.4 296.7 303.7 306.9 309.1 311.2 312.4 313.2 313.6 313.6 313.4 314.6 316
297.7 295.8 291.4 290.8 288.4 284.5 280.8 277.4 275.4 275.5 275.9 279 283.5 288.8 294.2 300.9 307.8 315.4 324.7 329.2 334.9 339.6 349.4 355.5 354.1 350.3 348.4 346.7 346.5 345.5 345.3 342.3 339.5 336.5 333 329.1 324.1 319.1 315.5 311 306.6 302.3 297.8 293.6 288.9 285.1 280 276.1 272.2 268.2 264.9 261 257 252.7 248.5 234.3 225.1 233.3 245.1 255.1 259.6 265.5 271.9 283.2 289.2 293.6 303.7 310.9 314.8 316.3 319.6 319 318.1 317 315.9 316.7 318.9 318.2
292.5 288.4 283.4 279.8 277.7 276.7 273.6 272.1 272.4 270.9 273.1 278.8 285.2 290.2 297 304.6 310.4 318.7 325.1 334.3 338.7 340.9 344.5 348.8 351.5 351.9 349.2 345.5 342.3 340.5 340.2 337.9 335 332 328.2 323.7 318.4 314.1 311.3 307.8 303.8 299.8 295.9 291.7 287.5 283 278.8 274.8 270.7 266.5 262.9 259.4 254.3 251.2 247.8 231.1 225.1 237.3 249.4 257.6 262.8 270.1 278.1 289.5 296.5 300.8 312.1 314.3 319.3 320.9 324.7 325.1 325 325.7 326 323.8 326.4 323.6
