app/static/ascii/NS86.asc
ncols 200
nrows 200
xllcorner 280000
yllcorner 660000
cellsize 50
[rows 0 to 34 of 200, columns 0 to 77 of 200]
208.5 210.1 210.6 210.7 210.2 209.6 208.5 207.3 204.7 204.4 207.3 209.5 211.5 214.3 217.2 219.2 220.6 223 225.2 227.3 228.5 227.9 226.8 225.9 226.1 225.9 225.5 224.9 224.2 223.1 223.4 223.3 223 222.6 222.7 222.8 222.6 224.1 225 226.3 226.2 225.6 225 224.3 223.5 222.5 221.4 220.1 219 217.6 216.2 216.7 219.4 220.4 222.9 224.4 224.8 225.8 226.4 226.4 227.2 227.9 228.6 227.9 226.9 227 226.9 225.9 224.6 223.9 223.1 223.6 224.3 225 225.3 225.9 226.5 226.6
210.6 211.1 211.7 211.2 210.6 210 208.6 206.9 204.5 206.3 209.7 212.6 214.3 216.5 219 220.6 222.3 224.7 226.4 227.3 227.6 227.3 226.5 226.2 226 225.6 225.1 224.7 224.4 224.2 225 225.2 224.5 223.6 223.8 223.7 224.1 224.6 225.1 225.4 225.2 224.4 223.3 222.3 221.5 220.6 220 219.2 217.7 216.2 214.9 217.6 220.6 223.2 225.5 226.4 226.6 227.7 229.2 228.1 228.4 229.2 228.4 227.4 226.9 227 225.6 224.8 223.6 223.4 223.2 224.5 225.8 226.4 227.2 226.4 226.7 227.5
211.8 212.1 212.4 211.6 210.9 210.3 208.2 206.3 206.2 208.4 212.5 215.5 217.2 218.8 220.6 222.2 223.8 226 227.8 227.4 227.2 226.6 226.4 226.1 225.8 225.6 225.3 225 224.7 224.4 225 225.3 224.7 224.8 225.3 225.1 225 225.3 225.2 224.6 224.2 223.4 222.9 221.6 220.7 220.2 219.6 218.9 217.9 215.7 217.1 219.4 221.5 223.4 225.5 226.5 227.3 228.5 229.7 228.9 229.8 229.2 227.3 227.2 226.8 225.5 223.3 223.5 224.5 224.2 224.1 225.5 226.6 227.4 228.7 228.1 227.5 229.2
211.8 212.4 213.2 213.4 212.5 211.5 209.7 207.9 208.9 211 214.5 217 218.7 220.8 223 224.4 225.1 226.7 228.2 228.9 226.8 226.2 226.1 225.9 225.5 225.3 225.4 225.1 224.9 224.6 224.6 224.9 225.1 225.2 225.6 225.5 225.3 224.9 224.5 224.2 223.9 223.1 222.5 221.5 220.5 219.8 219.2 218.6 217.9 217.4 218.5 220.7 222.8 224.1 224.6 225 225.6 226.4 227.4 226.4 226.6 225 223.8 224.1 225.5 225.1 223.3 224 225.6 225.3 225.8 226.9 227.1 227.9 228.7 229.2 229.5 229.8
214.1 214.3 214.5 214.7 214.3 213 211.7 210.1 213.6 213.5 216.4 218.5 220.8 223.2 225.2 225.6 226.4 226.9 226.6 226.9 226.2 225.9 225.6 225.3 225.1 225.2 225.2 224.9 224.6 224.4 224.7 225.1 225.2 225.3 225.4 225 224.6 224.3 224 223.4 223 222.6 222.3 221.5 219.8 219 218.9 218.7 218.3 218 219.9 221.6 222.2 222.4 222.8 223.3 224.1 225.6 225.3 224.2 222.3 222.4 222.6 223 224 224 223.2 224.7 226.7 227 227.6 228.4 227.9 228.3 229.2 230.2 230.3 230
216.4 216.6 216.8 216.4 216 215.3 214 211.7 214.3 218 218.3 220.8 223.3 225.3 225.8 225.8 226.4 226.6 226.3 226 225.7 225.7 225.5 225.4 225.2 225.2 225 224.7 224.6 224.6 224.8 225.3 225.4 225.4 225.5 225.8 225.6 225.3 224.7 224.1 223.4 222.7 222.9 221.2 220.4 219.7 219 218.9 218.5 217.9 218.9 220.4 221.1 221.5 221.7 221.9 223.1 222.4 222.4 222.4 221.7 221.8 222.4 222.8 223.5 223.4 225 226.5 228 228.7 228.7 228.6 228.6 229.2 230.1 231.1 230.7 230.2
218.7 218.4 218 217.8 217.4 216.6 215.3 215.9 217.5 219.7 220.5 222.1 225 226 226.3 226.2 226.5 226.3 226 225.6 225.6 226 225.9 225.7 225.5 225.3 225.5 225.5 225.5 225.5 225.6 225.6 225.8 226.1 226.4 226.7 226.5 226 225.4 224.7 224 223.8 223.2 222.4 221.6 220.8 220.1 219.3 218.6 218 217.5 218.9 220.3 220.5 221.1 221.3 221.6 222 220.7 221.2 221.4 221.9 222.7 223.5 224.7 225.4 226.9 228.3 229.1 229.3 228.9 229.9 231.3 231.5 231.8 231.7 230.7 230.3
218.1 219.5 219.4 219.1 218.7 218.3 218 218.9 219.9 221.4 222.7 224.3 225.6 225.7 225.9 226.1 226.3 225.9 225.6 225.2 225.5 226.4 226.2 226 225.8 225.7 225.9 226.4 226.5 226.5 226.5 226.6 226.6 226.8 227.2 227.6 227.3 226.7 226 225.4 224.7 224.8 224.3 223.5 222.8 222 221.3 220.3 219.4 218.8 218.3 219.3 220.5 219.9 220.6 220.9 221.2 221.6 222.3 223 223.2 222.6 224.2 225.5 226.9 227.5 228.6 229.4 228.2 230.6 231.5 232.9 233.3 232.9 232.8 231.8 230.7 229.4
217.3 218.2 218.5 218.7 219.8 220 219.7 219.9 220.9 222.6 224.2 224.6 225 225.4 225.5 225.7 225.9 225.7 225.2 224.8 225.4 226.5 226.5 226.3 226.2 226.1 226.1 226.6 227 227.4 227.5 227.5 227.5 227.6 228 229 229.8 229.1 228.4 227.7 226.3 225.6 225 224.2 223.5 222.8 222.2 221.3 220.2 219.5 219.4 220.2 220.8 221 221.2 220.7 220.8 222.8 224 224.7 225.4 226 227.2 228.4 228.7 229.5 230.1 230.8 231.9 232.9 233.1 233.4 233.6 232.3 231.2 230.6 229.2 227.9
216.6 216.8 217.3 218.5 219.7 220.3 220.5 220.6 221.6 223 223.7 223.9 224.3 224.8 225.1 225.3 225.5 225.7 225 224.4 225.3 226.4 226.9 226.8 226.7 226.5 226.4 226.8 227.2 227.6 227.6 228.3 228.3 228.4 230 231.1 231.8 231.8 231.2 229.8 228.2 226.8 225.8 225.1 224.4 223.8 223.1 222.2 221.1 220.3 220.4 220.9 221.3 221.7 221.8 221.5 223.2 225 225 225.7 226.4 226.1 227.3 229 229.7 229.6 230.3 230.6 231.7 232.7 233 232.8 232.1 232.3 229.8 228.6 227.7 226.3
215.8 216 217.1 218.4 219.6 220.3 220.8 221 221.8 222.9 223.2 223.5 223.6 224.1 223.8 224.8 225.1 225.3 225 224.6 226.1 226.1 225.6 225.9 226.4 226.8 226.9 227 226.7 226.3 226.7 228.2 228.9 229.5 231.1 232.4 232.2 231.8 231.2 230.6 230.1 229 228.1 227.2 226.1 225.1 224 223.2 222.2 221.3 221.5 221.6 221.3 222 222.8 223.8 224.8 225 225 226.7 226.5 226 226.9 227.8 227.6 228.5 229.4 230.3 231.6 231.2 230 229.5 229 228.5 226.3 224.9 224 223.5
216.6 216.8 217.1 218.2 219.4 220.4 220.8 221.3 222 222.3 222.6 223 223 223.1 222.9 223.4 224.5 224.8 225.1 225.2 225.1 224.6 223.7 223.9 224.3 224.7 225.1 225.7 225.5 225.1 225.8 227.3 228.8 230.1 231.2 231.8 231.7 231.3 231 230.6 229.9 227.9 226.7 225.8 224.9 224 223.1 222.6 222.1 221.8 222.5 223.2 221.7 223.5 224.1 223.8 224.9 225.1 224.9 225.8 226 225.9 226.5 226.3 226.6 227 227.7 228.4 229.1 228.2 226.7 225.9 225.1 224.1 223.4 222.6 221.9 221
217.4 217.6 217.8 218.1 219.3 220.4 220.9 221.3 221.5 221.8 222.1 222.4 222.4 222.1 222 221.8 223 223.8 223 222.6 222.2 222.4 222.2 222 222.3 222.7 223.6 223.9 224.3 223.9 224.9 226.3 227.5 229.6 230 229.9 229.6 229.4 229.3 229.4 228.4 227.1 225.2 224.4 223.5 222.6 221.9 221.5 221.1 221.5 221.9 222.5 221.7 224.5 224.8 224.1 224.7 225.4 224.4 224.5 224.5 224.5 224.8 225 225.3 225.5 225.3 224.6 225.1 225.2 223.7 222.4 221.7 221 221.6 220.4 219.6 220.5
217.9 218.4 218.6 218.9 219.2 220.3 220.9 221.6 221.7 221.4 221.5 221.9 222.2 221.3 220.7 220.6 220.6 220.8 220.7 220.4 220 219.9 220 220.2 220.4 221.3 221.8 222.2 222.5 222.6 223.7 224.3 226 227.2 227.7 227.5 227.3 227.4 227.5 227.6 226.9 225.3 224.2 222.9 222.1 221.2 220.8 220.5 220.1 220.3 220.9 221.6 221.7 224 225.3 224 223.1 224.5 223.5 221.9 221.9 222.3 222.7 223 223.2 223.4 222.8 221.9 221.8 221.6 220.9 219.6 218.6 217.9 219 219.6 220.3 220.5
217.1 218.5 219.2 219.6 219.9 220.3 221.1 221.7 222.1 221.9 222.6 222.4 221.5 220.6 219.7 218.9 218.8 219.1 218.9 218.5 218.4 218.6 218.6 218.8 219.3 220.1 220.7 221.2 221.6 220.6 220.9 222.4 223.5 224.8 224.9 224.4 225.3 225.5 225.6 225.8 225.4 223.8 222.4 221.4 220.6 220.2 220 219.8 219.1 219.2 220 220.7 221.6 223.8 223.1 221 221 221.5 220.8 219.8 219.6 220.1 220.5 220.9 221.1 221.1 220.2 218.9 218.7 218.5 218 216.7 215.6 214.8 216.7 218.2 219.4 220.1
216.8 218.1 219.1 219.4 219.8 220.5 221.2 221.8 222.2 222 221.7 221.8 221 220 219.1 218.2 217.3 217.2 216.9 216.8 217.1 217.2 217.4 218.1 218.7 219.3 219.5 220.1 220.5 218.2 219.1 220.1 221.1 222.2 222.2 221.8 223.5 223.6 223.8 223.6 222.7 221.5 221.3 220.9 220.5 219.9 219.3 219 218.5 218.6 219.1 219.8 221.3 221.8 221.1 218 218.7 220.1 219.3 217.9 217.9 218.4 218.3 218.8 219.1 218.5 217.3 216 215.7 215.3 214.8 213.9 212.8 213.1 214.7 216.2 217.6 219.4
216.7 217.7 218.3 219 219.8 220.5 221.3 221.6 221.3 220.8 220.6 221.2 220.4 219.5 218.5 217.6 216.6 216.4 216.3 216.2 216.1 216.4 217.4 218.3 218.5 218.4 218.4 218.7 218.9 217.8 217.1 217.4 218.5 219.5 219.8 220.3 222.3 222.3 221.8 221.3 221.7 222.7 223.3 222.2 221.1 220.9 220.3 219.6 218.7 218.9 218.7 219.5 219.6 219.5 219.1 217.4 217.5 218.8 218 216.7 215.7 216.6 217.2 217.3 216.9 215.6 214.4 213.1 212.6 212.1 211.6 211 209.9 211.4 214.6 215.2 217.5 219.6
217.2 218.5 218.8 219 219.8 220.5 221.3 221.6 221 220.3 220 220.6 219.8 218.9 218 217 216.2 216.2 216.2 216.2 215.6 215.4 216 216.4 216.8 217.1 217.4 217.9 218.9 217.7 216.2 215.9 215.8 216.7 217.1 219.2 220.4 222 222 222.7 223.1 223.9 225.2 224.4 222.5 222.1 221.8 221.1 220.2 219.8 220.1 219.1 218.3 218 217.5 217.3 217.3 217.9 217.9 215.9 213.4 214 214.7 215.4 214.2 212.9 211.8 210.4 209.8 209.4 209 208.8 210.7 212.9 215.2 216.2 217.5 220
218.6 219.4 219.3 220.1 220.2 220.5 221.2 221.6 221 220.3 219.8 220 219.3 218.3 217.3 216.2 216 216 216 215.9 214.5 215.5 216.3 216.9 217.6 218.1 218.2 218.3 219 217.7 216.3 214.6 214.1 214 215.2 218.1 220.9 221.1 222.2 224.1 224.5 225.1 225.9 225.4 224.2 223.8 223.4 222.6 222.6 222.9 222 219.2 218.6 218.2 218 218 217.6 217 217.2 216.1 214.2 212.4 211.4 212.1 211.1 210 209.1 208.9 208.4 208.1 207.9 209 210.9 213.9 215.7 217.2 218.7 220.2
219.8 220.3 219.9 220.6 221.3 221.4 221.2 221.7 221 220.5 219.5 219.5 218.6 217.6 216.6 215.8 215.8 215.8 215.4 214.8 214.4 216.1 217.1 217.8 218.5 219 219.2 219.2 218.9 217.6 216.2 214.6 213.2 212.6 215.1 217.9 219.6 222 223 225.2 225.9 225.3 224.3 223.8 223.3 223.4 223 222.3 222.9 222.7 221.8 220.7 220.4 220.8 220.1 219.8 219.4 218.6 217.9 217.1 215.4 213.7 211.7 209.3 208.3 207.6 207 207.2 207.2 207.7 208.2 208.8 210.2 212.9 215.5 215.6 217.2 218.8
220.1 221.2 220.4 221.1 221.8 222.6 222.5 222.1 222 221.3 219.3 218.3 217.9 216.9 215.8 215.6 215.5 215 214.4 214.3 215.1 216.7 217.7 218.7 219.4 219.2 219.2 219.2 220.5 217.9 215.2 214.4 212.3 213 216.1 219.1 220.9 223.8 225.2 224.5 224.4 222.5 221.8 221.1 220.6 220.4 220.6 220.9 221.7 222.4 221.6 221.7 221.7 222.5 222.9 222.5 222 220.7 219.6 218.1 215.8 213.8 211.8 209.6 208.3 206.9 205.3 206.2 207.1 207.7 208.3 208.9 209.7 211.5 213.8 214.7 215.9 217.9
220 220.5 220.2 220.8 221.2 221.7 222.7 222.8 222.5 221 219.2 217.3 216.8 216.2 215.5 215.1 214.8 214.5 214.2 213.9 214.8 216.6 217.4 217.2 216.7 215.8 215.4 215.9 216.8 214.8 213.8 212.2 211 214.7 215.8 218.5 219.6 219.8 219.8 220 219.6 219.3 219.1 218.4 217.8 217.9 219 219.8 220.6 221.4 221.8 222.1 223.5 224.2 224.9 225 223.8 222.6 221.1 219.4 215.2 213.2 211.3 209.5 207.9 206.4 204.8 205.6 206.7 207.4 208 209 210 212.3 214.5 216.4 217.1 217.8
219.1 218.5 217.9 217.7 219.1 220.8 221.8 222.6 221.8 220.5 218.7 217 216.1 215.5 215 214.7 214.4 214.1 213.8 214 215.2 215.8 215.5 215.2 215 214.9 214.6 214.2 214.2 213.2 212.1 209.8 212.2 214.7 214.6 215.2 216.6 216.5 216 216.1 215.9 215.7 215.6 215.5 215.1 216.9 218.5 219.2 219.7 220.3 221.3 223.6 226.1 226.1 226 226 224.6 222.9 221.2 218.3 215.1 213 212 210.3 207.9 205.7 205 205.2 206.1 207.1 208.1 209.4 210.8 213 215.3 217.5 218.7 219.6
216.9 216.3 215.6 215 216.9 220.1 220.8 221.3 220.8 219.8 218.3 217.2 215.8 214.5 214.4 214.3 214 213.7 213.4 214 214.9 214.7 213.9 214.1 214.3 214.5 214.5 213 213 211.9 209.8 207.5 209.7 211.5 212 212.1 212.2 212.8 212.4 212.7 212.5 212.3 212.1 212.8 214.2 216.1 217.1 217.3 217.9 218.7 221.8 224.7 226.8 226.4 226 225.8 224 222.1 220 217 213.9 212.1 209.8 208.3 206.9 205.6 204.7 205.2 206.4 206.9 208.3 209.8 211.6 214 216.5 218.7 220.6 222.6
215.7 214.6 213.3 213.1 215.3 218 219.2 219.5 218.6 217.6 216.5 215.2 213.8 213.6 213.7 213.7 213.5 214 214.7 215.2 214.2 213.4 213.4 213.5 213.7 213.9 214 212.8 211.8 209.9 208.7 207.3 207.6 208.7 209.1 209.1 209 209.5 209.6 209.9 209.6 209.2 209.2 210 212.3 214.7 215.1 215.3 215.9 218.6 221.6 224.9 226.8 225.9 224.6 223.5 221.8 220.1 218.2 215.4 213.8 211.4 209.7 208.4 207 205.9 204.7 204.1 205.2 206.7 209.5 211.2 213.2 215.7 217.8 219.9 222.7 224.9
215.1 214.8 212.7 211.1 213.4 215.7 217.1 216.5 215.7 214.9 214 212.9 211.9 211.7 213.1 214.4 215.2 215.9 216.4 215.7 213.3 213 213.1 213.2 213.3 213.4 213.5 212.7 210.8 210.5 210.6 208.5 206.4 205 205.3 205.6 206.3 206.7 207.4 207.7 206.8 206.8 207.6 208.8 210.5 212.7 213 213.2 214.1 216 217.8 219.8 222.9 223.4 222.6 221.1 219.4 217.7 216.3 215.9 214.1 211.8 209.7 208.5 207.3 206.1 204.8 204.1 205.2 207.7 210.5 212.9 214.9 216.9 219 221.8 225.3 226
214.1 213.2 212.7 210.6 210.5 212.5 214.3 214 212.8 211.8 211.1 211.6 213.1 214.6 215.9 217 217.5 217.4 216.1 214.4 213 212.7 212.8 212.9 213 213 213 213 212.1 211.6 211.6 209.9 208 207.1 206.1 204.9 204.3 204.4 205.1 205 204.1 204.9 205.3 206.9 209.6 210.2 210.7 211.4 211.7 213.1 214.9 215.8 217.3 218.7 220.5 218.7 216.9 215.3 215.5 216 214.5 212.2 209.9 208.6 207.1 205.7 204.2 204.4 205.6 208.7 211.5 214.3 216.3 218.7 220.4 222.6 225.2 223.9
213.9 213.3 212.6 210.4 208.6 209.2 210.9 212.8 211.6 209.7 210.1 213.4 214.8 215.2 216.4 217 216.6 215.8 214.9 213.3 212.8 212.4 212.5 212.5 212.6 212.6 212.6 212.5 212.3 212.4 212.2 211.4 210.1 209.1 208 206.5 205.2 203.8 203.2 203.3 203.5 203.9 204 205.5 207.1 208.2 208.8 209.5 210 210.2 212.1 212.7 213.4 214.7 216.6 216.2 214.4 214.5 214.7 215.1 214.6 212.1 209.9 207.6 206.3 205.1 204 204.3 205.1 209.9 211.9 214.9 215.5 217.4 218.4 219.9 221.1 220.7
214.1 214.1 212.2 209.7 207.7 206.8 208.4 210.4 209.2 208.4 211.5 214.5 215.2 215.6 215.2 215.9 215.6 214.8 213.8 213.4 212.9 212.3 212.1 212.1 212 211.6 211.3 211.7 212 212.7 212.8 212.4 211.7 210.9 209.3 207.7 206.8 207.3 205.3 202.8 202.3 202.3 203.1 204.2 205.2 206.4 207 207.7 208.2 208.2 209.1 210 211.1 211.1 212.5 213.6 213.4 213.4 213.4 213.1 211.5 209.8 208.2 206.3 204.6 204.1 204.1 204.1 204.9 208.6 209.4 211.2 213.1 214.5 215.7 217.2 218.9 217.9
213.5 214.2 211.3 208.5 206.6 205.7 207 207.9 207 210.8 214.6 216.3 219.5 218.7 218.8 218.1 216.8 215 214.2 214.1 212.9 212.3 211.9 210.9 210.3 210.2 210.4 210.5 210.5 211.3 212.5 211.9 211.4 210.9 210 208.5 209.1 209.8 207.5 205.5 202.8 201.6 201.6 202.9 203.8 204.8 206 205.9 206.4 206.4 205.9 207.7 208.9 209.1 209.1 209.5 209.7 210.3 209.7 209.2 208.3 206.6 205.4 204.1 204.4 204.4 204.5 205.8 206.6 205.8 207.5 209.2 210.7 212.4 214.6 216.6 216.4 215.3
214.1 214.7 212 209.2 206.9 204.5 204.5 206.4 207.3 211.7 214.2 215.9 219.1 219.7 220.3 219.6 218.2 217.5 216 214.7 213.5 212 210.8 209.1 207.8 207.9 208 208.5 209.6 210.6 211.8 211.6 211.2 210.8 209.7 209.7 210.6 211.1 210.4 208.3 205.5 200.7 201 201.9 202.7 203.4 204.7 205.4 204.6 205 203.3 205.5 205.6 207.1 206.6 205.1 205.1 205.8 205.7 205.4 205.1 203.6 203.9 204.1 204.1 205.4 205.5 209.9 210.7 207.9 207 207.7 208.9 210.2 212.3 213.4 212.8 212.4
214.9 214 211.6 209.5 205.7 203.6 204.5 206.7 206.4 209.5 210.9 212.3 214.2 214.4 214.7 215.4 216.2 217.6 216.4 215.1 213 210.9 208.2 206.1 204.1 204.3 205.2 206.3 207.7 209.1 210.2 210.6 209.7 208.9 209.3 210.7 211.5 211.1 210.1 207.4 204.6 200.7 200.3 201.8 202.7 203.6 205.6 205.6 204.5 202.7 201 201.5 203.2 202.7 201.2 201.1 201.6 202.3 203.6 203.8 204.1 204.2 203.8 204 204.1 206.1 206.1 206.7 207.2 205.9 207.2 208.4 208.1 208.4 208.9 209.3 209 209.6
214 213.3 211.3 209.3 206.3 202.3 202 200.7 202.7 206.2 207.5 208.5 208.7 208.7 209.1 210.1 210.6 211.4 211.8 211.6 210.4 208.4 205.8 202.9 200.5 201.6 203.4 206.3 208.1 209.1 208.6 209.1 208.3 208 208.5 208.1 209.3 208.6 205.7 202.5 201.8 199 201.6 202.5 203.1 203.8 204.5 203 202.2 200.7 198.9 198.3 199.9 202.2 205.2 207.8 209.2 208.5 206.9 206.4 205.9 204.5 204 204.3 205.1 206 206.2 206.2 206.8 207.1 209.2 208.7 208.5 206.4 204.7 205.7 207.1 208.4
211.6 211.4 211.1 209.2 206.6 203.4 203.1 202.3 197.4 197.3 204.6 204.9 205.2 205.7 205.7 205.8 206.1 206.9 206.4 205.5 204.4 201.5 200.7 198.5 197.7 199.8 202.8 204.9 206.1 207.4 207.7 207.5 206.8 206.3 205 204.2 205.1 203 200.3 197.9 200.6 202.4 204.4 204 204 203.7 203.6 202.9 202.2 199.4 197.3 198.9 204.8 207.9 210.2 210.9 210.9 210.8 210.4 209.7 207.8 205.8 205.5 206.5 207.5 208.8 209.1 209.4 208.3 209.6 210.9 211.5 210.2 206.3 205 204.1 205.6 208.6
209.9 210.1 210 208.9 207.1 204.8 204.7 204.1 204.4 202.1 197.6 201.3 201.8 202.3 202.2 202.3 202.3 202.3 201.6 200.5 198 195.3 195 194.3 196 198.2 199.9 201.4 202.7 203.1 203.3 204.7 204 202.5 200.5 197.8 197.9 194.6 202.2 204.4 204.9 206 206 205.6 205.3 204.6 203.8 203.6 203.7 202.4 195.8 202.9 206.6 210.1 210.9 210.9 210.9 210.9 210.8 209.7 208.9 207.7 209.7 210.7 211.8 213.9 215.1 215.7 213.2 212.9 210.8 211 209.2 206 204.4 204.4 206.9 207.5
