app/static/ascii/NS94.asc
ncols 200
nrows 200
xllcorner 290000
yllcorner 640000
cellsize 50
[rows 35 to 69 of 200, columns 78 to 155 of 200]
213.1 212.3 211.3 210.9 210 208.8 208.3 207.7 207.2 206.3 206.7 206.7 206.2 206.7 206.3 206.6 207 207.4 207.8 209.9 208.8 207.7 209.6 207.9 208.2 208.5 208.6 208.3 208.1 209.5 207.9 208 208 208.3 209.2 209.9 210.2 211.5 212.8 213.2 213.1 213.1 213 213 213.1 213.1 213.2 213.5 214.1 214.6 214.4 214.4 214.4 214.5 214.6 215 215.9 221.9 217 217 217.6 223.7 225.7 218.8 217.3 217.2 217 216.9 216.6 216.2 215.8 215.5 215.2 214.9 214.5 214.1 213.6 213.2
212.9 211.9 210.9 210.3 209 207.9 207.3 206.8 206.2 205.9 207.5 206.8 206.4 206.8 206.5 206.4 206.7 207.1 207.8 209.8 210.4 207.9 207.9 208.1 208.4 208.7 208.9 208.6 208.3 209.7 208 208.1 208.1 208.3 208.7 209.3 210.2 211.6 213 213.3 213.3 213.2 213.1 213.2 213.2 213.4 213.6 213.8 214.2 214.7 214.7 214.7 214.7 214.8 215 215.2 216.3 222.8 217.9 217.7 219.2 227.6 221 217.9 217.6 217.4 217.1 216.7 216.4 216 215.6 215.3 215 214.7 214.3 213.9 212.9 211.4
211.8 211 210.4 209.5 208.1 207.1 206.5 205.9 205.6 205.9 206.9 205.9 206 206.2 206.2 205.7 206.4 207 208.2 209.4 210.5 208.2 208.3 208.5 208.7 209 209.2 208.9 208.6 208.6 208.4 208.3 208.3 208.4 208.9 209.4 210.5 211.9 213.1 213.6 213.5 213.3 213.3 213.4 213.6 213.8 214.1 214.2 214.3 214.9 214.9 215 215 215.2 215.5 215.7 220.2 227.2 219 218.3 227.6 223.8 219.5 218.1 217.5 217.2 217 216.4 216 215.8 215.5 215.1 214.8 214.5 214.1 213 212.6 212.2
210.8 210 209.2 208.8 208.1 207.1 206.1 205.4 205.6 205.9 206.3 206.2 206.3 206.5 205.7 206 207 208.3 209.8 210 210.3 208.6 208.8 208.9 209.1 209.2 210.6 209.2 209 208.8 208.8 208.8 208.8 208.8 209.3 209.7 210.8 212.2 212.8 213.3 213.9 213.9 213.7 213.8 214 214.3 214.5 214.6 214.8 215 215.2 215.3 215.5 215.8 216.1 216.1 227.1 224.8 217.6 219.2 225.7 217.7 217.3 217.2 217.5 217.1 216.8 216.2 215.6 215.6 215.3 214.8 214.5 214.3 214.2 213.8 213.4 213
209.7 208.9 209.2 209.2 207.5 206.3 205.3 205.5 205.7 205.8 205.8 206.4 206.3 205.8 205.9 206.8 208.2 210.1 212 211.2 209.9 209 209.2 209.3 209.4 209.5 210.8 209.5 209.4 209.3 209.3 209.2 209.2 210.4 209.6 210.1 211.1 212.2 212.6 213 213.6 214.2 214.3 214.4 214.6 214.8 214.8 215 215.2 215.3 215.5 215.7 216 216.2 216.6 218.2 231 218.4 217.9 218.3 223.1 217.3 217.2 217.1 217 217 216.6 216 215.3 215.1 215.1 214.5 213.9 214 214 213.9 213.8 213.7
208.7 209.5 209.4 208.1 206.6 205.5 205.4 205.6 205.7 205.9 205.6 206.3 206.4 206.4 207.4 209 211.3 213 213.3 211.8 210.4 209.3 209.6 211.5 209.8 209.8 209.7 209.8 209.7 209.7 209.7 209.7 209.7 211 210 210.4 211.4 212 212.4 212.8 213.4 213.9 214.2 214.7 214.8 214.9 214.7 214.5 214.8 215.1 215.6 215.9 216.1 216.3 216.6 228.9 225.4 222.8 218.4 222.2 220.1 217.5 217.6 217.4 217.2 217 216.2 215.4 214.9 215.1 214.9 214.2 213.7 213.7 213.7 213.6 213.6 213.5
208.7 209.8 209.5 207 205.7 205.3 205.5 205.6 205.8 206 206.2 206 205.6 208 209.7 211.1 212.8 214.3 214.3 213 211.6 209.8 210 212 210.3 210.2 210 210 210.1 210.1 210.5 210.1 210.1 211.2 210.3 210.7 211.3 211.7 212.1 212.5 213.1 213.4 213.5 214 214.5 215 214.8 214.2 214.3 214.9 215.5 215.9 216 216.2 224.2 226.2 220 221.4 225.4 220.6 218.3 217.4 217.5 217.7 217.6 216.9 215.5 214.8 214.9 215.1 214.8 214.3 213.8 213.5 213.5 213.4 213.3 212.5
208.7 209.4 209.6 206.1 204.9 205.2 205.4 206.2 206.4 203.8 205.8 205.5 205.6 208 209.2 210.3 213.4 215.3 215.3 214.4 213.6 211.8 211.2 212.1 211.4 210.9 210.4 210.3 210.5 210.5 211.5 210.6 210.5 210.5 210.7 211.2 211 210.9 211.9 212.3 212.6 212.7 212.8 213.2 213.8 214.3 214.8 214.2 214.3 215.2 215.6 215.9 216.7 221.6 231.6 227.2 217.5 218.3 218.3 217.5 217.4 217.4 217.1 217.4 217.6 216.1 214.9 214.8 215 215.2 214.7 214.3 213.8 213.3 213.2 213.1 212.5 211.3
208.4 207.4 208.3 205.1 205 205.3 205.6 205.4 206.4 204.4 205 205 205.5 207.5 208.3 209.5 212.4 215.8 216.5 215.5 214.4 213.7 213.3 213 212.6 212 211.3 211 211.1 211 211.8 211 211 211.1 211.2 211.7 211.2 210.9 210.8 211 211.9 212 212.1 212.5 213 214 214.5 214 214.2 215.1 216.1 217.1 218.1 223.3 234.3 228.8 219.5 217.6 217.1 216.7 216.6 216.5 216.5 216.8 216.3 214.9 214.8 215.1 215.2 215.1 214.7 214.2 213.8 213.3 213 212.5 211.6 210.8
208.6 206.5 206.3 204.9 205.4 205.9 206 206.6 205.8 204.8 204.7 205 205.6 207 207.4 208.7 211.6 216 216.5 215.9 215 214.6 214.8 214.8 214 213.2 212.1 212.5 212 212 211.5 212.2 212.4 212.1 212.1 213 211.8 211.1 211 210.9 210.9 211.3 211.4 211.8 212.7 213.7 214.2 213.8 214.3 215.4 216.4 217.7 218.9 225.4 231.5 222.3 217.3 217 216.7 216.3 215.9 215.6 215.6 215.8 214.8 214.9 214.8 215.3 215.4 214.8 214.3 213.9 213.5 213.1 212.7 211.9 211.2 210.4
208.1 205.3 205.1 205.6 206 203.8 205.5 204.7 204.7 205.1 205 204.9 205.4 206.4 208.9 210.4 211.3 215.5 216.7 216.3 215.8 215.4 215.7 216.2 215.1 214.3 214 213.8 213.7 213.4 215.3 216.9 216.1 213.4 212.5 212.7 211.7 211.5 211.4 211.3 211.2 211.1 211.1 211 212.1 213.3 213.9 213.6 214.5 215.4 216.7 221.1 226 225.1 220.8 218.1 217.5 216.7 216.3 215.9 215.5 215.1 214.8 214.5 215.1 215.4 215 215.3 215.3 214.7 214 213.5 213.1 212.7 212 211.2 210.5 209.8
208.2 205 205.3 206.1 205.9 205.8 205.6 204.7 204.6 204.8 204.9 204.9 205.3 207 209.3 210.9 212.3 215.8 216.3 216.4 216 215.9 216.1 217.5 216.4 216.4 216.3 216.4 216.3 216.1 217.7 218.4 218.7 218 214.8 212.4 212 211.8 211.7 211.6 211.5 211.5 211.5 211.6 212.3 213.1 213.5 214.5 215.9 218.1 219.1 219.5 219 218.1 217.9 217.7 217.5 217 216.6 216.2 215.8 215.4 215 215.3 216 215.8 215.5 215.3 215.1 214.5 213.8 213.2 212.7 212.2 211.3 210.4 210.1 209.6
208.7 205.9 205.8 206 205.5 205.4 205.4 204.7 204.5 204.7 204.8 204.9 206.1 208.5 209.7 210.3 211.9 215.4 216.2 215.8 215.6 216.4 217.1 218.8 218.4 219.3 219.1 218.3 218.3 219.5 220.4 219.4 219.2 218.3 217.2 213.6 212 212.2 212.1 212 211.9 211.9 211.9 212.3 213 213.6 214.4 217.1 218.9 218.6 218.3 218.2 218.1 218.1 218 217.9 217.5 217.3 217 216.6 216.1 215.9 216.3 216.4 216.7 216.3 215.7 215.2 214.9 214.2 213.6 213 212.4 211.4 210.3 210.2 209.6 209.4
207.9 206.4 203.8 205.7 205.2 205.1 205 204.8 204.5 204.6 204.7 205.4 206.6 208.4 208.8 209.2 211.8 213.9 215.1 214.3 216.3 219.4 219.6 221.1 222.1 223.4 222.4 222.5 223.5 225.3 226.6 225.4 223 218.6 215.4 212.8 212.2 211.7 212 212.3 212.3 212.3 212.3 212.9 213.5 214.3 218.3 218.6 218.4 218.4 218.2 218.2 218.2 218.2 218.2 218 217.5 217.2 217.1 216.9 216.9 217.2 216.8 216.9 216.9 216.5 215.4 214.9 214.8 214.5 213.8 213.2 212.5 210.6 209.4 209.4 209.4 209.2
207.2 205.6 206.1 205.5 204.9 204.7 204.6 204.5 204.4 204.9 206.2 206.9 208.1 209.8 209.4 210.9 212.5 214.8 216.3 216.3 218.4 218.9 223.3 226.5 225.8 225.7 224.5 225.5 227.2 229.1 231 229.8 223.6 217.8 214 214.2 213.7 212.9 211.7 212 211.9 211.9 212 213.3 213.9 217.2 217.7 218.4 218.3 218.1 217.9 217.9 217.8 217.8 217.9 217.8 217.3 218.9 219.5 219.1 217.9 217.5 217.1 217 217.1 216 214.6 214.9 214.7 214.4 214 213.4 211.7 209.7 209.4 209.1 209 208.9
206.4 203.8 204.7 204.6 204.5 204.3 204.3 204.4 205.1 207.1 208.1 208.5 209.2 208.7 208.3 208.4 209.6 213 214.5 216.8 220.7 223.1 229 232.8 231.1 228.1 228.5 228 228.8 227.8 225.9 219.9 218.2 220.2 220.4 218.9 221.6 217.2 215 212.7 211.9 212.3 213.6 216.1 218.6 222 218.1 218.2 217.9 217.6 217.4 217.3 217.4 217.4 217.5 217.8 218.4 222.6 222.2 218.5 218.7 217.7 220.2 217.6 217.4 215.6 214.9 214.7 215 214.6 214.1 213.4 210.8 209.7 209.3 209 208.7 208.6
206.3 206.1 204.3 204.4 204.4 204.3 204.3 204.5 205.5 208.5 210.8 209.4 208.4 209.1 209.7 212.1 221.7 224.8 225.4 224.3 223.5 229.1 233.3 226.9 223.5 221.3 221.4 221.3 221.9 220.5 219 219.7 219.4 216.9 219 219 219 222.8 220.2 213.6 213.5 215.3 221.2 220.4 223.6 227.2 222.2 217.5 216.9 216.8 217 217.2 217.4 217.6 217.8 219.3 219.4 221.4 221.5 216.8 217 217.1 217 218.1 216.8 215.2 215.7 215.4 215.1 214.6 213.9 212.8 210 209.6 209.3 209 208.7 208.4
205.7 205.9 204.5 204.5 204.5 204.4 204.1 204.4 208.7 211.5 211.4 209.8 211.1 215.9 220.3 228.3 227.9 228.7 229.1 228.9 229.8 231 233.2 233.2 231.4 225.4 221.4 221.8 225.8 223.5 218.6 217 217.4 218.4 219 219 219 220.9 226.4 219.3 222.3 225.7 220 217.4 222.4 227 226.2 221.1 216.6 216.5 217 217.8 218 218.1 218.3 221.4 221 219.3 219.2 216.6 216.7 216.7 218 217.1 216 215.2 215 214.7 214.4 214 213.5 212.4 210 209.8 209.5 209.1 208.7 208.3
206.1 205.8 204.4 204.5 204.5 204.5 204.9 208 212.1 209.8 210.3 218.8 230.3 227.5 228.4 228 232.2 231.8 228.5 216.7 216.8 217.2 219.6 219.8 218.8 219.7 224.7 220.1 218.3 218 216.9 217.1 218.4 218.4 218.4 219 218.1 220.1 224.7 224.7 225.1 221.8 219.1 219 218.8 219.5 216.7 217 216.2 216.4 216.9 217.8 218.6 218.8 218.9 220.7 218.7 216.8 217 216.6 216.3 216.4 218.7 217.3 216.1 215.4 215 214.5 214 213.6 213.5 213.2 211 209.9 209.5 209.1 208.7 208.4
205.9 205.2 204.4 204.2 204.3 205 208.5 218.5 217.2 215.2 224.4 227.2 227.6 229.4 232.1 228.4 232 222.8 217.2 217.1 216.1 216.1 217.8 216.9 217.2 219.9 217.4 216.7 216.6 217.2 216.4 217.3 218.7 218.4 217.6 218.4 217.8 217.1 216.9 217.5 222.5 216.8 219 219 219 219 219 219 215.5 216.1 216.7 217.5 218.7 219.4 219.5 217.8 216.8 216.7 217.1 216.7 216.4 216 216.5 216.3 215.6 215.4 215 214.6 214.3 213.9 213.7 213.5 210.7 209.9 209.2 208.9 208.6 208.3
205.2 204.9 204.5 204.2 205 209.5 214.4 215.5 220.9 228.7 225.9 227.1 225.4 224.5 226.6 230.2 220 216.5 215.8 215.7 216.2 216.3 216.6 216.7 216.9 216.7 217.4 216.2 216.1 216.1 216.1 216.8 217.4 217.6 218 216.6 218.1 217.6 217.4 217 217 218.6 219 219 219 219 219 219 217.7 216 217.5 218.7 219.5 220.5 219.6 217.4 216.7 216.7 217 216.7 216.4 215.9 215.5 215.7 215.8 215.4 215.1 214.8 214.5 214.2 213.8 213.1 211 210.2 209.3 208.6 208.3 207.7
205 205.5 205.1 205.1 211.3 219.2 215 218.2 224.5 227.4 231.7 231.1 228.4 225.9 224.2 217.4 215.5 215.5 215.6 215.6 216 216.4 215.7 216.2 216 216.6 216.8 216 216 216.1 216.2 216.3 216.6 216.1 217.1 221.4 221.5 220.7 218.1 217.8 216.4 219 219 219 219 219 219 219 215.4 217.1 217.6 217.8 218.5 219.5 220.4 217.9 216.8 216.7 216.8 216.6 216.2 215.7 215.3 215 215.8 215.5 215.2 214.9 214.6 214.3 214 212.9 210.9 210.3 209.6 208.8 208.1 207.8
205.5 205.3 206 212.5 220.6 218.1 221 228.9 231.7 222.5 216.1 217.2 216.9 216.4 216 214.8 216.6 214.8 215.2 215.5 215.9 215.5 214.1 214.8 215.2 215.8 215.5 214.6 215.6 215.4 215.4 215.7 215.8 215.4 215.9 219.9 227.1 227.5 217.8 218.2 216.6 219 219 219 219 219 219 216 217.2 218 218.2 218.5 218.7 218.9 219.3 219.7 216.6 216.8 216.7 216.5 216 215.5 215.1 214.8 215.5 215.3 215.1 214.9 214.7 214.5 214.3 213.9 212.2 211.3 210.3 209 208.4 207.8
207.9 210 216.8 227.9 229 227.7 228.8 235.8 224.6 216.4 215.9 215.5 214.8 214.6 213.8 210.7 211.1 211.4 210.9 211.3 213 212.2 213.4 214.2 214.9 214.9 214.1 214.2 215.2 214.9 214.4 214.4 214.4 215.2 215.9 216.9 219.4 220 217.3 218.1 216.5 219 219 219 219 219 216.5 218.2 218.3 218.6 218.9 219.2 219.4 219.6 219.3 218.8 217.9 217.1 216.7 215.8 215.2 215.5 214.8 215.1 215.6 215.9 215.7 215.3 215 214.8 214.6 214.2 213.4 211.5 210 208.6 207.8 207.2
216.9 219.6 220.1 223 227.2 229.4 233.8 230.3 223.3 218.8 216.9 215.6 216 213.3 210.5 209.7 209.2 209.9 209.2 208.8 209.3 209.6 211.8 213.7 214.1 212 211.8 213.4 214.6 214.3 213.4 212.7 213.5 217.9 219.9 219.6 217.5 218.9 220.1 219.9 217.4 218.3 219 219 219 219 219 218.9 218.9 219.1 219.5 219.8 220.1 220 219.5 219.3 219.7 217.8 217.1 215.6 214.2 214.4 214.2 215.1 215.7 215.8 216.1 216.4 216 215.7 215.4 214.7 212.9 211.2 210 208.9 207.9 207.6
219.4 218.9 224.8 229.6 229.3 228.1 225.8 223.1 219.1 217.5 216.8 215.7 216.3 215 211 210.4 208.8 208.8 208.7 208.7 208.7 209.6 210 210.8 212.2 211.2 211.5 215.2 214.1 214.3 214 214.5 213.4 213.8 221.5 222.1 218.4 219.1 219.7 220.3 219.3 219.7 219.2 219 219 219.6 219.5 219.6 219.7 219.6 220 220.4 220.7 220.4 220.3 220.1 220.4 221.3 221 219.4 215.6 216.2 213.9 214.6 214.8 215.7 216 216.4 216.8 216.7 216 214.8 212.6 210.4 210.4 209.6 208.1 209.9
219.8 223.9 234.8 228.3 224.4 223.2 219.2 216.9 216 215.9 215.3 213.3 211.8 211.7 210.2 207.8 207.3 208.3 208.3 208.4 208.6 208.9 209.4 209.9 211.4 210.8 210.8 214.7 213.6 215 214.1 214.4 214.5 213 213.8 217.9 218.7 218.7 218.6 218.8 219 219.1 219.2 219.5 220 220.5 220 220.1 220.2 220.3 220.4 220.7 221.1 221.2 221 220.9 221.2 221.9 223.6 219.1 217.2 215.5 213.9 213.3 213.5 214.7 215.9 216.2 216.4 216.5 215.7 213.6 211.4 210.4 210.8 210.3 208.1 210.4
223 224.5 229.9 226.5 229.6 222.4 217.2 214.9 214.2 214.3 213.5 211.2 210.6 210.4 209.4 208.1 206.1 207.9 207.9 208.1 208.2 208.7 208.8 209.3 211 210.6 210.4 212.2 213.2 214.9 214.3 214.4 214.4 213 213 216 218.2 218.6 218.6 218.6 218.8 219.4 219.8 220 220.5 220.7 220.5 220.6 220.7 220.7 220.7 220.9 221.3 221.6 222.1 222.7 222.6 224.7 224.8 223.8 217.8 213.3 215.1 214.3 213.3 212.8 213.1 214.9 215.6 215.3 213.9 211.7 210 211.5 211.8 209.2 209.7 211.2
230.2 226 227.9 218.4 220.1 218.9 213.9 213 212.3 212.7 211.2 211.2 210.3 209.1 208.4 207.3 206.4 207.4 207.5 207.6 207.7 208.7 208.8 208.9 210.7 211.5 211.8 212.8 213 214.3 214.4 214.3 213.9 213.4 212.7 213.7 216.1 216.8 219.5 219.1 219.3 220.2 220.6 220.8 220.9 221.4 221.9 221.2 221 221 221.1 221.1 221.4 223.7 225.4 225.2 225.8 226.8 223.6 223.9 218.3 217.8 217.4 216.7 215.4 213 212.4 213 213.6 213.4 211.9 210.4 212.4 212.4 210.3 207.1 210.8 211.6
230.1 225.6 216.2 209.9 209.4 213.5 211.8 210.4 210.4 211.1 210.9 210.6 209.8 208.7 207.4 206.1 205.3 206.4 206.9 207.1 207.6 208.5 208.6 209.1 210.3 211.3 211.7 211 210.9 212.8 214.1 213.5 213.8 214 213.7 212.9 213.8 215.7 217.5 219.1 219.7 220.9 221.4 221.8 222.1 223.2 223.5 222.8 222 221.3 221.1 220.7 222 223.1 226.5 228.2 226.1 227.8 222.8 226.2 212.1 220.4 222.1 221.6 220.1 214.3 211.7 211.8 211.6 211.3 210.2 211.1 214.2 212.6 209.1 208.6 210.6 212
220.7 208.6 208.9 209 209.3 210.2 210.1 210.9 211.4 211.5 211 209.4 208.8 208.1 206.8 204.5 205.9 206.4 206.7 207.3 209.4 210.4 210.4 210 212.4 215.4 212.2 211.2 210.9 211.1 212.5 213.9 215.6 218 220.1 215.2 212.7 213 214.8 217.4 218.1 219.2 220.4 221.7 223.3 224.7 224.9 223.5 221.4 219.5 219.6 219.2 219.6 219.7 222 222.2 221.4 223 220.5 219.6 217.9 222.7 225.8 225.3 223.2 216.9 213.1 211.1 211 209.7 211.4 214.5 214.1 212.5 208.1 211.2 212.4 213
208.2 208.1 207.9 208 208.2 209.7 210.1 212 211.6 206.1 203.9 203.8 203.5 203.6 204.8 204.8 205.9 206.7 206.9 207.8 209.1 211 208.4 208.7 209.3 210.9 211.5 211.7 210.8 210.7 211 210.4 211.7 211.6 211.3 211.8 215.1 209.6 214.9 216.8 216.2 217.3 219.4 220.8 221.7 223.2 224 221.8 219 217.5 216.5 217.3 216.8 216.1 215.4 215.8 216.6 217.8 217.1 214.2 218.8 219.9 222.7 222 220.9 218.2 214.3 211.6 211.6 212.6 215.8 216.8 214.2 210.6 207.8 212.7 213.3 213.9
208.2 207.7 207.3 207.5 208.1 209.7 208.3 209.4 202.2 203 203.1 203.7 204.7 204.8 205.1 205.5 206.3 207 207.2 209.9 209.2 210.8 209.8 209.3 210.7 210.7 211.9 211.3 210.4 210.8 211.2 211 210.3 209.8 209.5 210.9 214.7 209.3 213.7 216.2 217.7 217.2 220.2 221.9 220.5 223.2 222.1 220.1 218.1 215.7 213.4 213.3 213 211.6 210.6 211.9 213.4 214.6 212.4 211.8 222.7 225.2 222.7 221.2 221.2 218.9 217.4 213.7 212.3 212.3 216.1 221.8 216.2 207.6 211.7 213.7 214.3 214.8
209.3 207.6 207.2 205.5 202 201.6 202.6 203.2 203.7 204.2 204 204.3 205 205.3 205.8 206.4 208.4 208.4 207.6 215.5 212.5 210.9 210.6 210.4 210.3 210.6 212.1 211.4 210.1 212.9 214.1 211.7 211.3 210 210.4 214.9 212 210.1 211.6 213.9 219 220.9 226.9 222.2 220.6 222.4 222.5 220.7 218.5 214.5 210.9 211.1 210.6 209.4 210.1 212.5 213.4 212.2 210.9 214.9 221.5 223.3 223.4 222.2 222.9 224.5 223 219.7 212.4 211.5 214 215.7 213.4 206.9 215.3 214.6 215.3 215.6
208.4 208.6 203.6 201.4 205.6 207.7 206.3 208.1 211.9 210.6 205.9 204.9 205.2 205.8 206.8 209 212.2 209.6 208.3 208.8 209.8 209.6 210.5 210.4 210.3 211.7 211.1 212.1 212.6 213.6 214.9 213.5 213.1 213 213.2 212.1 212.1 211.6 209.7 211.3 215.1 218.5 217 221 220.5 221.7 222.2 220.9 216.9 213.8 210 209.7 210.2 210.1 211.1 209.9 209.6 209.9 209 217 216.9 216.8 219.5 221.4 222.2 225.4 220.5 217.3 213 210.1 210.5 212.4 209.1 209.9 214.9 215.7 216.1 216.3
