app/static/ascii/NS95.asc
ncols 200
nrows 200
xllcorner 290000
yllcorner 650000
cellsize 50
[rows 105 to 139 of 200, columns 78 to 155 of 200]
289.9 289.9 289.8 289.2 289 288.6 288.2 287.8 287.3 287 286.2 285.4 284.5 283.5 282.3 281 279.7 279 278.6 278.2 277 275.8 273.8 265.2 259.3 267.6 271.2 273.4 275.8 279.3 279.6 278.8 280.8 281 280.7 280.7 278.1 277.2 277.1 276.7 273.9 272.3 268.7 269.2 266.2 264 263.1 262 260.5 261 260.4 259.1 258 258.5 259.3 261 257.9 258.5 234.8 220.4 224.3 219.5 248.3 254.6 255.7 253.6 253.3 254.3 258.3 262.7 264.7 265.1 261.1 254.2 258.1 253.3 251.5 252
288.7 288.6 288.2 287.8 287.7 287.5 287.3 287.5 287.2 286.9 286.1 285.2 284.2 283.2 282.1 280.9 279.6 278.7 278.7 278.1 277 275.5 273.1 266.8 265.6 265.4 268.7 271.3 272.1 274 277.1 277.3 277.8 279.6 280.3 280.3 277.4 274.3 272.8 272.8 269.4 269.3 266.4 265.3 263.1 262.4 263.1 261.4 259.1 255.7 255.4 254 254.6 255.1 257.6 255.2 256 253.4 219.9 218 217.7 227.2 250.7 253.6 253.3 254.8 256 257.9 261.3 264.5 266.8 265.3 263 257.8 252.6 252.9 251.4 251.9
287.3 287.1 286.7 286.5 286.3 286.4 286.9 287.4 287.2 286.8 285.9 285 283.9 282.9 281.8 280.7 279.5 278.4 278.5 278 277 274.7 272.3 269.5 263.8 259.8 266.7 269.6 270.2 269.6 271.9 275 275.1 277.1 277.9 277.2 274.7 273.3 272.1 272.7 268.8 264.6 264.3 263.2 262.9 258.5 255.6 254.3 252 249.7 249.9 250.2 249.9 251.3 253.6 252.9 247.8 245.5 230 218 238.1 254 253 252.6 256.6 259.7 259.8 261.2 263.3 266 267.4 265.3 263 259.2 259.3 259.8 260.7 260
285.8 285.5 285.3 285.3 285.8 286.4 286.9 287.3 287.3 286.6 285.7 284.7 283.6 282.6 281.5 280.4 279.4 278.1 278.1 277.5 276.3 273.8 271.3 268.9 265.7 255.2 266.3 267.2 267.6 268.4 269.3 272.5 275.4 273.7 272.7 272.4 270.2 268.9 267.7 265 262.4 262.7 257 256.3 258.9 252.4 251.1 249 247.1 245.8 245.8 246.1 246.5 248.1 248.1 248.5 231 219.9 234.2 233.2 252.2 253.4 252.5 255.4 259.8 262.3 263 264.7 266.8 267.3 266.9 264.4 263 261.5 261.7 262.6 262.8 262
284.4 284.1 284.3 285 285.7 286.3 286.8 287.2 286.9 286.4 285.4 284.4 283.3 282.3 281.2 280.1 279.1 278 277.5 276.2 274.6 272.8 270.4 267.9 265.6 262.2 264 265.3 265 265.6 267 271.1 275.6 274.6 274.9 273.8 270.5 265.8 263.6 260.4 259.7 255.9 256.2 259.1 260.5 244.8 243.9 243.2 243.1 242.9 242.4 242.3 244.3 245.2 245.5 248 231 223.9 231 250.3 249.8 251.7 253.1 256.2 260.1 268.5 266.8 268.4 269.2 268.9 267.6 265.6 264.2 262.9 262.8 264.5 264.1 263.5
282.9 282.4 283.4 284 284.7 285.4 286.1 287.1 286.7 286.1 285.1 284.1 283 281.9 280.9 279.8 278.8 277.6 276 274.5 272.9 271.3 269.4 267.6 266.1 264.6 255.6 264.9 264.2 263.4 266.3 267.9 272.8 274.1 274.5 273.6 270 266.2 261.4 255.9 254.5 253.2 252.3 246.8 242.9 240.8 240 240.4 241.1 240.8 241.7 242.1 241.9 243.5 244.5 244.7 243.9 244.7 247.2 249.1 251 253.2 254.3 256.9 280.5 287.1 272.8 269.7 270.4 269.9 268.7 266.8 265.4 264.1 264.4 265.7 265.4 265
280.5 281.7 282.5 282.9 283.7 284.4 285.5 287.3 286.5 285.6 284.8 283.7 282.7 281.6 280.3 279 277.8 276.3 274.5 272.8 271.3 269.6 268.6 267.7 266.1 264.6 259.4 253 259.9 261.9 263.6 265.3 267.8 268.9 268.5 266.3 263.4 260.4 258.1 260.2 254 248.4 246.2 242.7 242.8 245.5 244.3 238.9 239.1 240.7 241.7 241.7 243.4 244.9 248.3 248.3 243.8 248.1 250.3 251 252.6 255 257.3 281.7 287.7 282.5 270.1 271.2 270.8 270.5 269.5 268.1 266.6 266.7 268 266.9 266.6 265.4
279.5 280.9 281.6 282 282.5 283.3 286 286.7 286 285.2 284.3 283.1 281.8 280.5 279.3 278 276.6 274.9 273.1 271.3 269.7 268.6 267.7 266.9 266.2 265 263.7 259.1 253.3 262.9 265.4 263.9 267 265.4 262.6 260.8 259.5 256.6 253.1 253.7 249.7 246.9 244.4 241.8 242 243.2 238.8 238.5 238.7 241.7 242.8 244 244.9 240.3 247.8 250.5 254.5 252 251.9 252.2 253.6 255.8 279.8 286.3 287.2 269.2 270.9 272.4 271.6 270.8 270.2 269.1 269 269.5 271.4 269.1 267 264.8
278.6 280.1 280.8 281.2 281.9 284.8 286.7 286.8 285.6 284.4 283.5 281.6 280.5 279.5 278.2 277 275.3 273.8 272.2 270.4 268.7 267.6 266.8 266 265.2 263.4 262.6 259.3 249 262.6 264.8 262.2 264.3 265 263.3 258.3 255.7 252.5 249.4 248.8 246.7 244.2 241.7 239.4 237.5 238.8 237.2 236.7 239.4 242.2 244.3 242.8 249.1 250 251.1 251.3 252.2 252.1 253.3 254 254.4 262.5 282 286.5 267.5 271.4 273 273.3 272.6 271.9 272.2 271.8 271.8 272 271.8 269.2 266.4 263.9
277.3 279.2 280.5 281.4 282.4 285.5 286.7 286.8 285.6 284.4 283.3 281.6 279.1 278.1 277.1 275.9 274 272.1 271.4 269.5 267.9 266.6 265.7 264.9 263.6 261.4 260.1 260.1 249.9 258.7 259.9 259.5 259.4 259.7 258.6 255.5 253.3 251.6 248.5 246.7 243.9 241.5 239 236.9 237.4 236.5 238.2 240.6 243.7 243.5 243.4 248.3 250.2 251.5 253.2 253.3 252.7 252.8 254.3 258.8 258.8 271.9 287.3 270.5 269.6 272.6 272.9 274.3 273 272.4 272.7 273 271.8 273 271.4 268.7 265.8 262.9
278.9 280.3 281.1 281.9 282.9 285.3 286.3 286.8 285.7 284.6 283.3 281.3 279.1 277.9 277.2 275.4 274.5 272.1 268.8 267.5 267.2 266.1 265 263.9 261.4 258.9 258.5 258.1 248.4 255.7 258 257.9 257.3 257.3 259.2 253.1 250.6 249.5 247 245.1 241.8 238.6 237 235 234.8 230.8 237.7 240.9 237.6 247.3 248.5 250 251.1 252.1 252.8 254.6 255.3 257.8 258.7 261.5 267.1 277 277.7 269.2 271.8 272.2 272.8 274.4 274.3 274.5 273.3 272.1 271 270.8 270.3 267.4 264.4 261.3
279.8 281.1 281.8 282.5 283.3 284.8 286.2 286.7 285.9 284.8 282.9 280.9 279.1 278.1 277.2 274.6 273.7 272.4 269.2 266.3 264.3 263.6 263.1 262.4 259.2 256.3 256.9 256.9 252.2 252.2 256 254.9 255.8 252.8 252 250.2 248.1 246.5 244.5 242.7 239.6 236.7 231.3 228.6 229.3 230.6 235.4 242.7 247.1 249.4 250.8 251.5 252.1 253.5 254.8 256.6 259.3 257.5 258.7 256 256.9 264.5 265.2 269.8 272 272.3 273.3 274.6 273.9 273 271.3 270.2 269.3 269.1 269.5 265.9 262.8 259.8
278.7 281.6 282.2 282.7 283.4 284.6 286.1 286.6 286 284.5 282.7 280.8 279.4 278.2 277 273.3 271.9 270.9 269.3 266.8 264.5 262.6 261.7 260.6 257.8 255.2 255.1 254.9 254.2 245.8 252 251.8 256.6 252.1 248.4 246.7 245 243 243.2 240.4 236.4 230.3 236.6 229.7 234.7 241.5 244.1 247.1 248.3 250.7 252 251.9 254 255.1 262.1 261 260.7 258.7 259.8 256.8 258.4 266.6 264.8 267.6 270.4 273.9 274.6 274.5 273.8 271.6 270.1 268.6 266.9 268 268.7 265.4 261.6 258.3
278.5 281.6 281.9 282.3 282.8 283.9 285.4 285.9 285.3 284.2 282.8 280.9 279.5 278.6 275.7 272.9 269.9 268.2 268 266.5 263.7 260.9 259.7 258.5 256.4 254 252.2 252.5 253.1 242.7 248.6 250.3 248.9 257.6 245.1 243.3 241.5 239.8 240.3 236.5 234.6 234.7 238.8 238 240.8 243.5 247.3 250.3 251.5 252.7 253.8 255 262.5 262.7 262.4 260 259.5 260 257.1 257.8 264.4 260.9 266.2 268.9 270.7 273.4 275.6 276.3 275.2 272.7 271.1 268.5 266.1 265.8 267.1 264.9 261 257.5
278.4 279.3 280.2 281.3 282.4 283.6 284.6 285 284.5 283.8 282.3 280.8 279.5 278.3 275.5 272.6 270.2 266.2 264.8 262.8 260.3 257.8 257.6 256.4 254.8 252.2 250.9 250.8 250.8 245.6 244.6 253.1 253.1 259.7 243.6 240.7 239.4 237.9 236.1 235 234.7 235.3 243.9 243.8 243 245.4 250.1 252.9 260.6 262.5 262.2 260.2 255.9 256 256.1 262.2 257.4 257.3 258.5 259.7 260.2 261.3 265.9 270 272.7 274.3 274.7 276.5 275.7 276.3 271.4 268.8 265.7 265.4 265.3 264.1 260 256.3
279.9 280.1 280.7 281.7 282.4 283.4 284.1 283.9 283.6 283 281.8 280.2 278.4 276.8 275.3 272.6 268.9 265.3 263.1 261.6 259.7 257.1 255.6 254.1 252.6 251.6 250.6 251 246.7 241.5 242.6 247.8 250 252.3 242.2 239.5 238.8 235.9 236 234.6 233.7 235.2 239.9 247.2 249.4 252.7 256.2 259.3 256.9 258.7 262 262.3 256.8 256.6 256.9 257.4 258.1 259.2 260.5 261.8 262.6 264.1 267.4 271 274.2 275.3 274.6 274.6 274.4 275.2 273.7 268.7 265.4 264.5 264 262.4 259 255.5
281.4 281.8 282.4 283 283.5 282.2 283 282.9 282.1 282.4 280.8 279.8 277.3 275 273.5 272.2 268.9 264.9 261.6 259.6 257.1 254.5 253.2 252.5 251.2 249.9 250.2 250.6 246.6 241.9 239.5 244.5 246.7 246.1 242.4 239.5 238.1 238.8 240.2 241.5 233.4 240.6 240.7 245.9 250 252.3 255.5 256.5 256.8 261.8 262.3 257.7 257.3 257.4 257.5 258.7 259.8 261 262.3 263.6 264.4 266.5 268.9 271.8 275 276.1 275 274.1 273.6 273.7 273.2 268.7 265.7 264.7 262.3 259.3 257.2 255.9
282.9 283.3 283.8 284.3 284.1 283.1 281.2 281.6 279.6 279.9 279.3 278.7 276.3 274.7 273 270.8 267.8 264.8 260 257.1 254.8 251.7 250.5 250.2 250.1 249.1 246.3 245.8 245.5 245.6 236.4 242.8 245.9 240.1 239.4 238.8 239.5 238.7 238.7 238.3 233.6 236.5 241.7 246.5 250.8 254 256.2 257 257.5 257.8 258.2 257.7 258.2 258.2 258.7 260.3 261.2 262 262.4 263 265 268.4 271.3 273.2 276.5 277.8 276 274.3 273.2 272.8 272 270.8 266.1 265.8 262.3 257.9 254.6 254.8
284.2 284.9 285.2 284.9 283.4 281.4 279.5 278.8 273.4 273.3 277.3 276.7 274.6 272.5 269.8 266.6 263.8 261.2 257.6 254.8 252.4 249.6 248.7 248.4 247.7 247.3 244.9 243.7 242.7 241.9 238 236.7 238.2 238.5 237.7 238.3 237.8 234.4 235.4 232.5 234.9 237.4 243.7 249 253.4 256.4 257.9 258.5 257.6 257.8 258.1 258 258.7 262.3 261.9 263.7 262.2 262.4 262.7 263.1 266.8 271.1 273.4 274.3 275.9 276.4 275.3 274.2 273.1 272 270.9 269.8 268.3 265.6 261.1 256.4 252.8 251.9
285.4 285.6 285.5 283.2 281.7 279.7 278.2 277.2 277.2 274.1 269.8 274.4 272.1 270.4 267.2 263.6 259.8 256.5 253.9 252.4 250.4 247.5 246.7 246.7 245.7 244.7 243.7 242.4 241.3 240.2 237.6 237.5 238.4 237.7 238.9 238.6 236.9 234 232.3 233.3 235.2 239.8 246.8 250.1 254.5 257.9 259.5 260.1 258.9 258.4 258.3 258.4 259.1 263.6 263.8 264.4 264 263.1 263.3 264.1 267.5 272.5 275.7 276.4 275.9 276.2 275.1 274 272.9 271.9 270.7 269.1 268.3 264.7 259.2 255.2 252.6 252.3
286 285.8 283.7 280.7 279.8 278.1 276.9 276.4 275.6 274 270.1 271.2 270.1 267.3 265.6 261.7 256.2 251.9 250.5 248.7 246.7 246 245.4 244.9 244.2 243.5 243.1 241.9 239.8 238.8 239 232.8 236.2 235.7 235.5 235.5 234.5 233.4 232.3 233.2 237.2 243.7 248.4 251.6 255.7 259.3 260.4 261.2 260.1 259.6 259.8 259.6 261.1 264.3 265.8 266.8 266.1 265.8 265.6 266.3 271.8 275.6 276.5 275.6 275.9 276 274.9 273.7 272.6 271.6 272.5 271 266.7 262.5 259.9 256.1 252.7 252.7
284.4 282.8 280.4 278.3 277.7 277.1 275.7 274.5 274.5 273.4 271.6 266.2 267.5 264.8 262.1 258.1 254.9 250.4 250.2 247 245.2 244.6 244 244.2 243 242.4 242 239.6 238.1 236.7 234.3 231.3 232.8 234.7 234.9 235 233.9 233.1 232.2 232.8 239.2 245.9 250.2 253.4 256.8 262.2 261.9 261.8 261.4 261 262.4 262.3 264.4 267.5 268.5 268.4 267.2 266.9 266.9 270.2 275.3 278.1 276.3 275.7 275.6 275.8 274.4 273.3 272.1 271.9 272 269.2 265.5 261.7 260.2 256.8 252.9 251.2
281.2 279.6 278.1 276.6 275.7 275.1 274.1 273 272.5 271.8 270.2 266.7 262.9 262.6 258.6 254.9 251.5 248.8 248.6 246.3 243.9 243.2 242.9 243.3 242.2 241.3 240 237.7 235.2 233.5 231.5 231.6 234 234.5 234.3 234.5 233.5 232.7 231.9 232.5 238.2 245.3 251.2 254.8 259 262.5 265 263.1 261.8 266.3 266.6 266.1 267.5 268.4 268.7 268 267.3 268 270 273.8 277.4 277.6 276.5 275.8 275.3 275.5 274.1 272.8 271.8 271.4 270.4 266.5 263.3 260.6 258.8 256.4 254.7 252.5
278.4 277 275.5 274.1 273.3 272.4 271.7 269.8 267.5 266.6 267.1 265.6 263.1 259.1 255.5 252.9 247.7 246.3 244.6 243.6 243.2 241.8 242 242.4 242.2 241.7 240.3 237.1 233.1 230.2 230 231 233.9 234 234 234 233.1 232.5 231.6 232.3 237.9 246.1 251.3 254.2 257.7 259.8 261.9 262.3 262.9 267.1 269.8 269.2 268.6 268.8 268.2 267.5 268.1 269.9 272.6 275.4 276.4 277.2 277 276.2 275.5 275.2 273.8 272.6 272.4 270 268.4 266.4 267.4 263.8 258.4 256.5 257 254.7
274.8 272.3 269.7 268.1 266.8 265.5 265.8 264 262.4 261.4 261.5 260.7 258.2 255.6 252.1 247.7 244.1 243.7 243.1 241.5 241.1 240.7 241.3 241.3 240.8 241.6 239.4 234.9 230.1 228.6 228.9 233 233.5 233.5 233.5 233.6 232.6 231.8 231.2 232.7 236.1 241.7 246.9 252.6 254.9 256.7 258.8 259.7 261.9 263.6 267 268.5 268.6 267.6 267.4 267.5 268.9 270.9 273.4 275 276.3 276.7 277 276.6 275.8 274.9 274.4 275.5 274.1 271.6 269 267 266.7 265 260 257.4 256.5 255
270.7 267.5 263.8 261.9 259.9 257.9 258.3 258.3 257.7 256.9 256.4 255.8 252.5 248.6 246.8 245.8 243.8 241.4 240.5 239.4 238.8 239.7 239.9 239.1 238.9 239.4 235.9 231.7 228.3 226.9 230.5 233.5 233.3 233.1 233.1 233.6 232.8 231.3 230.9 233 236.3 239.7 243.5 249.3 252.1 254.3 256.5 258.8 260.3 262.2 265.3 266.8 267.4 266.7 267.1 268.5 269.6 271.5 272.8 274.7 276.1 276.7 277 276.2 275.2 275 275.5 274.3 272.6 269.8 268.2 267.5 266.7 265.5 261.7 256.2 254.2 251.8
264.7 261.3 258.9 256.1 253.5 251.6 252.6 253.9 254 255.1 254 252.5 249.5 245.1 240.5 240.2 240.2 240 238.8 238.3 237.2 239.1 238.2 236.5 236.6 233.9 231.7 225.5 227.6 230 232.8 233.7 233.5 232.6 232.2 232.5 232.1 230.8 231.6 233 236.8 240.1 242.4 246 249.3 251.5 254 256.4 259.8 261.3 263.5 265 265.6 265.7 266.2 269.1 269.7 271.3 272.7 274.1 275.9 276 276.1 275.8 275.3 275.8 276.5 274.1 271.3 268.9 268.1 267.4 266.6 266.7 264 259 255 251.6
260 256.3 253.8 251.6 249 246.4 247.2 246.6 247 249.4 249.6 245.2 241 240 235.5 235 236.5 237.3 234.7 233.2 237.5 236.4 235.8 237.1 234.2 230.6 226.7 225.5 229.6 230.5 234.1 233.6 232.3 231.8 231.4 231.1 230.3 231.2 232.1 233.3 236.4 239.5 241.9 245 248.4 250.1 252 254.7 258.9 260 261.9 264.2 264.9 265.1 265.5 269.2 270.4 271.5 272.6 273.5 275.2 276.5 276.2 275.8 275.5 275 273.9 273.1 271.7 268.5 267.5 267.3 266.5 267.9 267.7 262.3 257.9 250.2
255.3 252.7 250.6 247.9 245.1 242.4 241.1 239.8 240.8 243.6 242.5 239.2 235.2 232.6 231.4 232.4 234.7 233.8 230.7 229.5 232.7 235.6 234.6 234.7 232.3 227.7 224.3 227 230.4 231.9 233.8 232.9 232.1 231.3 230.7 230.2 230 231.4 233.4 234.1 236.1 238.9 241.9 244.9 246.7 249.8 251.9 253.9 257.3 258.3 259.7 261.4 263.2 263.8 265.5 267.9 270.4 272.4 272.7 274.1 275.4 276.3 276.2 275.9 275.6 275.2 273.8 272 270.5 269.2 267 266.5 265.7 264.8 265.5 262.8 258.1 251.3
251.7 249.6 247.5 244.4 241.4 239.5 237.7 237.3 236.3 236.8 236.5 233 230.3 228.8 229.3 231.3 231.9 230.2 228.4 227.4 226.8 230.4 232.1 230.8 228.5 225.1 224.6 228.1 231.1 233.4 233.4 232.6 231.8 231 230.2 229.6 230.1 231.6 233.5 235.2 236.3 239 241.4 244.1 246.4 248.9 252 253.7 256.1 257.6 259.3 260.7 262 263.8 266.6 268.6 270.1 271.5 272.9 274.1 275 275.8 275.8 275.7 275.6 275.3 274 272.6 270 268.1 266.7 265.6 264.7 264 263.9 261.2 258.1 251.1
248.8 246.5 244.4 240.8 238.5 236.5 235 234.6 232.7 231.2 231.3 228.2 226 226 226.6 227.1 227.9 227.4 228 224.6 224 225.8 224.7 223.8 224 223.1 223.8 225.5 230.4 233.6 232.4 232.1 231.3 230.6 229.9 229.1 229.9 231.5 233.2 235.1 236.7 239.1 241.5 244 246.6 249.7 252.1 253.7 255.5 257 258.8 260.1 261.4 263.4 267.2 271.7 271.7 272.6 273.8 274.3 274.2 275 275.9 275.8 275.7 275.2 274.6 273.1 270.7 270.4 270 267.4 263.8 262.9 261.8 260.6 259.9 253.3
245.6 243.3 240.4 238.2 235.9 233.4 232.5 231.9 229.9 228.8 227.5 226.1 225.4 225.1 225.2 224.8 223.6 223.1 226.6 225.5 224.7 223.4 223 223.6 224.2 226.2 226.4 224.3 227.4 230.1 231.6 231.1 230.7 230 229.3 228.6 230.5 231.9 233.3 234.9 238.1 241 242.1 244.2 246.9 250.3 252 254.4 255.2 257.1 258.2 259.5 260.8 264 267.6 271.9 271.8 273.5 274.9 274.8 274.6 274.5 274.8 275.7 275.4 274.9 274.3 273.2 270.9 270.8 270.3 268.5 265.3 262.7 260.5 259.2 255.2 251.1
242.7 239 237.4 235.5 233 230.8 230.4 229.3 227.4 226.9 225.7 224.9 224.6 224.3 225.5 224.1 223 222.8 222.9 223.1 223 221.5 221.8 222.5 224.1 228.4 230.1 226.2 225.3 228.6 231 230.5 230 229.4 228.9 230.6 231.6 233 234.3 235.6 237.4 239.6 242.4 245.2 248.3 250.8 252.6 254.4 255.4 257 257.8 259.2 260.9 265.8 268.6 270.3 271.4 273.3 274.7 274.3 274 273.8 273.8 274.2 274.5 274.8 273.8 272.5 272 268.9 267.7 266 264.1 261.7 258.4 255.5 252.7 249.8
239.2 236.6 234.9 232.1 229.8 228.7 228.1 226.6 225.9 225.3 224.5 224.1 223.7 224.5 225.6 223.7 222.7 222.4 222.3 221.6 221.4 221.5 221.9 222.1 224.5 229.2 231.4 229.1 225.3 228.1 230.4 229.8 229.1 228.5 229.4 231.5 232.8 234 235.2 236.6 238.6 241.1 244.2 247.3 249.5 251.2 252.7 254.3 255.8 257.2 257.8 258.8 262.1 268.6 270.3 270.2 271.2 273 273.5 273.2 273.2 273.2 273.1 273.1 273.4 272.9 273.9 273.2 273.3 270.8 266.8 264.6 261.8 259.3 257.3 257.1 256 251.6
236.1 234.3 232.6 229.4 227.9 226.9 226.1 225.4 224.6 224.2 223.9 223.6 223.2 224.3 224.3 222.5 222.1 221.7 221.3 222.1 221.7 221.9 222.2 222.5 224.4 229.1 231.1 231 227.4 228.4 230.4 229.4 228.3 229 230.8 232.6 234.4 235.6 236.6 237.8 240 243.1 246.1 248.6 250.6 252.8 254.3 254.8 255.8 256.7 257.4 259.6 265.1 268.7 271.1 270.8 271.6 273.2 273.5 272.6 272.2 272.5 272.5 272.3 273.5 273.9 272.7 272.2 271.6 268.8 266.2 262.9 260 257.7 255.5 255.5 255.6 252.3
