app/static/ascii/NS96.asc
ncols 200
nrows 200
xllcorner 290000
yllcorner 660000
cellsize 50
[rows 140 to 174 of 200, columns 78 to 155 of 200]
236.5 236.2 236.4 236.9 236.7 235.9 237.3 238.3 238.6 238.7 237.8 237.4 236.9 236.9 237.3 237.3 237.1 237.8 237.5 235.8 234.3 234.3 234.1 234.3 235.3 234.5 235 235.4 234.6 233.6 232.9 231.5 230.5 229.7 228.2 227.5 227.2 225.9 225.1 224.1 223.2 222.5 221.1 219.4 217.7 215.9 214.1 213 211.9 209.8 208.9 207.6 206.7 205.9 205.1 204.6 203.3 202.7 202.1 201.5 200.2 198.9 197.3 195.9 194.9 194.3 193.7 193.7 193.5 193.3 192.4 191.3 190.4 189.8 189.1 190 189.1 188.9
238.8 238.2 238.3 238.8 237.9 238.4 239.5 240 239.3 239.3 238.5 238.3 238.4 238.7 239.3 239.4 239 239.4 240.2 239.3 238.1 237.9 238.2 238.4 236.8 236.5 236.8 237 236.5 235.6 234.1 232.4 231.4 230 228.5 227.9 227.2 226.6 226 225.4 224.5 223.5 221.8 220 217.9 215.8 213.8 212.7 211.1 209.6 208.9 207.6 206.5 205.7 204.8 203.6 202.4 201.9 201 200.2 199.9 198.4 197.2 196.1 195.9 194.2 193.8 193.9 193.1 192.3 191.6 190.7 190.1 189.4 188.7 189 189.8 189.1
240 239.2 239.2 240.4 238.4 240.8 240.1 239.6 239.7 239.7 240.1 240.2 240.3 240.9 242 242.9 243.1 243.4 243.4 242.9 240.5 240.1 240.4 240.7 240.2 239.5 239.2 238.6 237.7 235.9 234.4 233.3 232.6 230.4 228.9 228.8 228 227.4 226.8 226 225.5 224.5 221.6 219.9 217.7 215.5 213.6 212.1 210.9 209.8 208.6 207.3 206.1 204.8 203.9 202.7 201.4 200.5 199.8 199 199.1 198.5 197.3 196.2 195.1 194.4 193.9 193.1 192.9 192.3 191.3 190.3 190.1 189.4 189 189.7 190.2 189.9
241.7 241.5 241.4 241.6 241.9 241.5 241.9 241.5 241.4 241.6 242.9 243.3 243.8 244 244.7 246 246.1 245.6 245.1 245 242.6 242.9 244.5 243.9 242.7 241.2 240.9 240.1 239 236.6 235.1 234.7 233.8 231.7 231 230.5 229.1 227.4 226.8 226.3 225 224.1 222 220.1 217.6 215 212.9 211.5 209.8 208.8 207.4 206.1 205.3 204.5 203.5 202.3 201.1 200.3 199.6 198.8 198.3 197.7 197.3 196.1 194.9 194.1 194.2 194.7 194.3 193.3 192.4 191.4 190.5 189.9 189.5 190 190.5 190.5
245 244.8 244.2 244.3 244.5 244.1 243.7 244.1 246.1 245.6 247.2 246.8 247.2 247.5 247.9 248.1 247.9 247.1 246.3 246.2 245.7 246.3 245.9 245.4 244.8 243 242.6 241.5 240.4 238.7 237.1 236 235 233.6 232.2 231.4 229.7 227.8 227.1 226.4 224.5 222.4 220.4 218.7 216.3 214 211.9 210.4 209 208 206.8 205.7 204.9 204.3 203.1 202 200.9 199.4 199.3 198.5 197.9 197.4 196.8 195.8 195 194.9 194.8 196.4 195.3 194.3 193.2 192.1 191.1 190.2 189.8 190.2 190.8 191
248.3 246.5 246 245.8 245.7 245.3 244.7 246.7 249.6 250 249.5 250.2 250.8 252 251.8 251.4 250.6 249.4 247.9 247.7 247.9 248.1 247.3 247 246.4 245.1 244.1 242.8 241.8 240.7 238.7 236.5 234.9 233.8 232.4 231.4 230.1 227.5 225.6 224 222.3 220.5 218.4 216.9 214.9 212.8 210.9 209.4 208 207.4 206.3 205.2 204.5 204.1 202.7 201.7 200.7 199.9 199.2 198.6 198.2 197.6 197.2 196.5 196.4 196.9 197.3 198.3 197.7 194.8 193.7 192.6 191.5 190.6 190.4 190.7 190.7 190.3
249.9 249.5 248.5 248 246.9 246.1 245.8 248.6 250.5 250.8 251.1 251.5 252.1 252.8 253.2 253 251.5 249.9 249.2 249.6 249 248.8 248.9 248.4 247.2 246.2 245.2 243.8 242.7 241.4 239.2 236.4 234.9 234 232.1 229.8 227.9 225.2 223.2 221.7 220.1 218.4 216.5 215 213.4 211.7 210.3 208.8 207.5 206.5 205.7 204.8 204.2 204.1 203.3 202.6 201.8 200.5 199.9 199.3 198.8 198.4 198.2 197.8 198.3 198.6 198.5 198.9 198.2 195.8 194.1 193 191.9 191.1 190.8 190.8 189.7 189.7
252.7 252.1 251.1 249.5 248.3 247.5 247.5 249.9 251.8 251.5 252 252.4 253 253.4 255.9 252.8 251.7 250.6 250.7 251.2 250.1 250.1 250.3 249.9 248.3 247.2 245.4 244.2 243.2 241.2 238.8 236.3 234.3 232.4 230.2 227.9 225.6 223.4 221.3 220.1 219.1 217.3 215 214.1 213.3 212 210.4 208.8 207.2 206.2 205.9 205.6 205.5 204.9 204.4 204 202.8 201.5 200.9 200.6 200.5 200.2 199.8 199.2 199.1 198.3 198.6 198.8 197.9 196.2 194.5 193.3 192.3 191.3 190.3 189.9 189.7 189.7
253.2 252.3 251.7 250.5 250.1 249.4 248.9 250.4 252.4 252.4 252.8 253.2 252.7 252.9 252.6 252.1 251.4 251 251 251.4 251.4 251.2 251.2 250.5 249.3 248 245.7 243.8 242 240.4 237.7 234.5 231.9 230.2 228.4 226.1 223.8 221.5 220.1 219.1 218 217 215.8 213.8 213.6 212.4 211.2 209.9 208.4 207.3 207.3 207 206.2 205.4 205 204.5 203.7 202.7 202.1 201.6 201.1 200.7 199.5 198.9 198.6 197.7 197.4 197.4 197.1 195.8 194.8 193.7 192.7 191.4 190.6 190.4 190 189.7
253.7 252.6 251.7 251.4 250.9 251.3 250.4 250.9 253 253.1 253.6 253.4 252.6 252.2 251.8 251.1 250.9 251.2 251.1 251.2 251.4 251.8 251.2 250.1 248.9 247.2 244.2 242.3 240.1 237.4 234.3 231.7 229.7 228 226.4 224.2 222 220.1 219 218.2 217.5 216.8 215.5 215.2 214.9 213.9 212.7 211.3 210.1 209.5 208.9 208 207 206.1 205.3 204.6 203.7 202.6 201.5 200.6 200.2 199.9 198.5 197.6 197.5 197 196.6 196.1 196.1 196 195.1 194.3 193.5 191.8 191 190.3 189.8 189.4
254 252.7 252 251.6 251.1 251.3 251.4 251.4 253.3 253.1 253.9 252.6 251.9 251.3 250.6 250 249.8 250.3 250.6 250.8 250.9 250.6 249.9 248.1 246.9 245.3 242.8 239.5 237 234.5 230.7 230.1 228.9 226.9 225 222.5 220.2 219.1 218.7 218 217.3 216.5 216 216 216 215.3 213 211.5 209.8 209.1 208.3 207.4 206.5 205.9 205.4 204.3 203 201.7 200.8 200.2 200 199.2 198 197.6 197.2 196.8 196.4 195.8 195 194.8 194.1 193.3 191.7 190.7 190.3 189.9 189.3 188.4
257.3 256.1 252.2 251.5 251 251.1 251.1 250.9 252.7 253 252 251 250.7 250.1 249.8 249.4 249 249.7 250.8 250.1 249.1 248.4 247.1 245.7 244.6 242.1 240.3 237.5 234.6 231.9 229.4 227.8 226.9 225.7 223.6 221.1 219.6 218.7 218.4 217.8 217.2 216.6 216.2 216 215.9 214.6 212.8 210.8 209.1 208.6 208 207.5 206.6 205.8 205.4 204.2 203 201.9 201.1 200.7 200.2 199.1 198.5 197.8 197.3 196.5 196.1 195.3 193.7 192.6 191.5 190.4 189.5 189.3 189 188.6 187.9 187
260.4 258.5 252.7 251.7 251.1 251.1 250.8 250.5 251.1 251.4 250.9 250.3 250.1 249.8 249.4 248.7 248.5 249.1 248.8 248.5 247.6 246.5 244.7 243 240.6 238.3 236.3 234.4 232.4 230.8 228.2 226.4 225.7 224.3 222.8 220.7 219.3 217.9 218.1 217.6 216.7 215.1 215.5 215.4 214.1 212.6 211.3 209.3 209 208.7 208.7 208.4 207.3 206.2 205.5 204.6 203.3 202.6 202 201.7 200.7 199.9 199.1 197.8 196.3 195.3 194.4 193.4 192 190.8 189.5 188.8 188.1 187.7 187.8 187.4 186.6 183.9
257.5 255.9 253.5 252 251.2 250.9 250.6 250 250.7 250.5 250.6 250.5 250.1 249.4 248.8 248.2 248 247.7 247.5 247 246.2 243.2 241.6 239.6 237.6 235.6 233.5 231.4 229.5 228.3 227.1 225.5 224.3 223.1 221.9 220.1 218.8 217.5 217.3 216.8 214.9 214.1 213.5 213.7 212.4 211.1 209.9 209.5 209 208.8 208.6 208.3 207.6 206.5 206 204.9 203.6 203.3 202.8 201.8 200.6 199.2 197.8 196.7 195.4 194.1 193.2 192.2 190.8 189.6 188.2 187.3 186.7 186.1 186.1 185.2 182.6 179.1
257.3 255.7 253.9 252.3 251.7 250.9 250.1 251.5 250.2 250.6 250.3 250.2 249.1 248.1 247.4 246.9 246.6 246.1 245.1 243.7 241.8 239.7 238.1 236.3 233.9 232.7 230.8 228.9 227.7 226.4 224.7 224.3 223.2 222.1 220.8 219.2 217.7 216.4 215.8 215.1 214.3 213.9 213.3 212.6 212 211 209.5 210.1 209.6 209.1 208.3 207.8 207.6 206.4 205.2 204.2 203.8 203.2 202.2 201.1 199.4 197.7 196.6 195.6 194.4 192.8 191.4 190.3 189.5 188.4 187.3 185.2 185.2 183.8 182.7 181.2 178.4 173.6
256.4 254.6 253.3 252.1 251.1 250.2 250.2 249.4 249.9 250.1 249.7 248.4 247.2 245.9 244.8 244.6 244.1 242.5 240.9 239.7 237.9 235.9 234.2 233.6 231.7 230.3 228.8 227.3 226.1 223.8 222.8 222.5 221.9 220.9 219.7 217.5 216 215.4 214.8 214.4 214.3 214.9 214.8 213.8 212.5 211.5 210.9 210.7 210 208.9 207.7 207.1 206.2 205.1 204.1 203 202.2 200.9 200.5 199.6 197.7 196 195.2 194.4 193.5 191.8 190.5 189.7 188.4 187.5 186.4 186.4 184.2 180.7 176 173.4 173.3 176.4
254.7 253.2 252.6 250.7 249.1 248.5 247.6 247.9 248 247.9 247.1 245.9 244.6 243.3 241.9 240.8 239.7 238.3 237.1 235.9 234.6 232.7 231.9 231.1 230 228.5 226.9 225.6 224.3 222 220.9 220.6 220.4 219.3 217.9 215.4 215 214.4 215.5 215.3 215.8 215.6 214.6 214.9 212.5 211.6 210.9 210.4 209.8 208.7 207.3 205.7 204.6 203.7 202.6 201.4 200.1 199.4 198.3 197.5 196.3 195 193.9 193.2 192.4 191.5 190.1 188.8 187.5 186.2 184.9 184.7 178 173.4 175.9 179.8 182.9 184.5
252.9 250.7 249.1 248.5 247.1 247 244.5 245.3 245 244.3 243.1 242.3 241.2 239.7 237.5 236.2 235.3 235.3 234.6 233.6 232.3 231 230 229 227.7 226.4 225 223.6 222.1 220.6 219.1 218.2 217.6 217.2 215.8 215.5 215.6 215.7 215.9 215.9 216 216 215.6 214.8 212.4 211.5 209.5 209.4 208.8 207.4 205.7 204.2 203.1 202 201.3 199.9 198.5 197.7 197.1 195.7 194.7 193.7 193 192.4 191.5 190.5 189.2 187.5 186.4 185.1 179.5 173.5 177.3 181 184.7 189 191.5 191.6
250 247.6 246.5 246 244.4 243.6 242.6 241.7 241.8 241.4 240.8 238.6 237.4 236 234 232.9 232 232.3 232.4 230.5 229.9 229.3 228.6 227.7 225.9 224.7 223.3 221.8 220.4 218.6 217.3 215.5 215.6 215.3 215.5 216.3 216.8 216.4 216.1 216.2 215.7 215.4 215.2 213.1 212 209.3 209.3 208 207.2 205.6 204.2 202.7 202 201 199.4 198.2 196.9 196.8 196.6 195.3 193.8 192.5 192.2 191.9 191.1 189.5 187.1 184.9 181.8 174.4 173.9 179.7 185.7 189.2 192.5 195.1 196 195.7
246.7 245.5 244.9 243.3 241.3 241 239.1 239.6 239.4 238.9 237.8 236.1 234.8 233.9 232.7 230.5 229.7 229.4 227.8 227.2 227.3 225.9 225.3 224.9 224.1 223.2 221.9 220.4 218.8 217.2 215.5 214.3 215.8 215.7 216 216.4 216.5 216.5 216.3 216 215.5 214.9 212.6 212.1 209.2 209.1 209.1 207.8 205.4 203.8 202.9 202.1 200.2 199.4 198.4 197.4 196.1 195.6 195.2 194.3 193.4 192.5 191.7 191.5 190.3 187.9 184.4 178.4 175.3 174 178.6 186.5 192.3 194.7 195.2 196.8 196.4 196.2
245.4 244.2 242.4 241 239.6 238.4 238.2 237.7 237.4 236.6 235.5 234 232.5 231.7 230.6 229.3 228.4 228.5 227.2 224.9 224.7 223.5 222.9 222.5 222.1 222 220.6 218.8 217.2 215.5 214.1 214.9 215.9 215.9 216 216.1 216.4 216.4 216.2 215.8 214.2 213.1 212.7 210.9 209.2 208.9 206.2 204.7 204.7 202.6 200.7 200.3 199.5 198.7 197.6 196.6 195.5 194.7 194 193.3 192.4 191.9 190.9 190 185.3 179.8 176.9 175.9 174.7 175.6 183.7 190.1 194.3 196.5 196.9 196.4 195.8 195.2
244 242.3 240.7 239.7 238.6 237.5 237 236.3 235.1 234.3 233.3 231.8 230.6 229.7 228.7 227.7 227 226.8 224.7 222.9 222.3 221.9 221.4 220.5 219.8 219.8 218.5 216.6 214.9 213.8 213.5 214.1 215.2 216 215.9 216 216.3 215.8 215.5 214.1 212.7 212.2 211 209.3 208 206.9 205.5 202 200.9 199.5 198.9 199.5 198.8 198.1 197.1 195.9 194.7 193.9 192.6 191.6 189.8 185.2 185.7 181.9 177.9 177.1 176.3 175.3 176.4 185.1 188.1 192.7 195.8 197 196.7 195.2 194.6 194.4
241.6 240.1 238.7 237.9 237.2 236.3 235.5 234.6 233.5 232.2 231.1 229.6 228.5 227.5 226.4 225.8 224.8 224 222.2 221.1 220.2 220.4 219.9 219.1 217.8 217.3 216.2 214.4 213.3 213.3 214 214.2 214.3 215.2 215.7 215.8 215.2 214.8 214.3 212.7 211.2 210.5 209.1 207.4 205.7 203.6 201.8 200.6 199.4 197.6 196.6 197.2 197.7 196.9 196 194.9 193.6 191.5 189.6 187 177 176 175.8 175.4 176.1 176 175.3 180.2 187.9 190.9 194 196 197.3 195.5 195 194.4 195.6 195.3
239.6 238.6 236.8 236 234.8 234.1 233.3 232.5 232.1 231.2 229.3 227.7 227.2 226.3 225 224 222.8 221.4 220.5 219.9 218.7 218.7 218.3 217.7 216.4 215.1 214.1 213 211.9 213.3 213.9 214 214.6 215.2 215.1 215.4 214.8 213.7 213.1 211.7 210.2 207.9 206.8 205.4 203.8 202 200.3 199.2 197.7 195.8 194.8 195.3 196.2 195.4 194.6 192.7 191 187.7 183.7 177.3 176.2 176.2 175.9 175.3 177.8 185.4 187 190.1 193.7 194.5 195.4 196 195.9 195.8 195.8 195.4 195.8 195.2
238.3 237.6 241.5 236.4 233.9 232.8 232 230.9 229.9 228.8 226.8 225.9 224.4 223.9 223.6 221.6 220.8 219.7 219.1 218.5 218 216.9 216.3 215.6 214.3 213.5 213.3 213.1 212.2 211.7 213.5 213.5 213.7 214.4 214.5 214.8 215 213.7 212.5 208.2 208.6 207.1 205.2 203 201.6 200.5 199.2 197.9 196.2 194 193.6 193.7 194.5 194.7 193.7 191.7 187.2 178.7 177.4 176.3 176.6 176.9 183.6 186.4 187.6 188.7 190 192.5 193.6 194.8 195.7 196 195.8 196.4 197.1 197.9 198.3 196.4
237.3 236.5 237 234 232.6 231.5 230.8 229.7 228.8 229.1 228 225.8 225 224.3 224.2 222.6 220.9 220 219 218.4 218.1 216.9 216 214.8 213.8 213 212.5 211.7 210.2 208.6 210.9 211.2 212.4 212.3 213.1 213.8 213 211.1 210.9 207.8 206.3 204.7 202.7 200.7 199.5 198.5 196.6 195 194.3 192.6 192.3 190.3 190.6 191.2 191 189.1 182 177.9 177.4 178.2 181 186.4 188.4 190.2 190.8 191.7 193 193.9 195.1 195.8 196.5 197.3 198.5 200 201.2 200.9 200.4 198.6
237.1 235.2 233.7 233.1 232.5 231.6 230.8 233.6 230.6 230.8 231 228.2 226.4 225 224.1 222.7 220.9 219.5 218.7 217.9 217.7 217.1 216.3 214.6 213.3 212.6 212.3 211.8 211.3 210.9 207.4 211 211.7 211.1 211.1 210.2 210.1 208.8 205.6 204.9 204.2 203.9 201.9 199.8 198.9 196.5 194.3 192.8 191.8 190.8 188.9 188.5 187.7 186.8 185 178.1 178.1 178.6 186.6 188.5 179.4 191 192.8 193.3 193.8 194.2 194.5 195.5 196.6 197.3 198.3 199.6 200.7 201.8 201.3 200.7 200.6 199.3
236.4 235.4 234.2 233.5 233.1 233.1 232 232.9 231.2 230.9 230.7 228.2 225.6 224.3 223.2 222 220.5 219 217.7 217.2 216.3 215.4 214.7 213.8 213.5 213.4 213.4 212.7 212.7 211.8 209.4 206.8 206.6 207.1 206.2 204.9 205.4 205.3 203.7 203.1 202.7 202.5 201.6 200.6 198 195.3 192.4 190.9 188.4 189.1 185.9 187.3 183.3 180.2 179.5 179.1 178.8 188.8 193.2 187.4 182.2 193 194.6 194.9 195.4 195.9 195.9 197 198.1 199.2 200.6 202 201.7 201.4 201 199.9 198.9 198.6
236.4 235.4 235.1 234.6 235 234 232.4 232.2 230.5 229.7 228.2 226.5 225.7 224.7 223.3 221.9 220.2 218.7 217.2 215.9 214.6 214.7 214.8 214.9 215 214.9 214.4 213.3 212.8 211.6 209.4 209.8 206.8 203.6 201.4 199.5 199 201.5 201.6 201.5 201 200.4 199.5 196.8 194.4 192.3 188.9 185.2 182.4 181.9 181 181 181.1 180.6 179.6 186 189.9 194 195.5 190.8 183.9 193.4 194.8 195.5 195.8 196.1 197.4 199.1 200.4 201.7 202.3 202 201.6 201.2 200.4 199.4 199.2 199.8
236.4 235.3 234.6 234.7 234.4 233.3 232.9 232.4 230.5 228.8 228 227.1 226.3 225 223.3 221.6 219.9 219 217.7 216.5 215.9 215.9 216.2 216.6 216.4 216.3 214.9 213.1 211.1 210 209.5 208.1 206.9 205.3 203.4 203.2 200.6 193.4 200 198.9 198.4 197.6 196 192.4 189.7 186.3 183.3 182.9 182.6 181.7 181 180.5 180.2 185.3 188.5 191 194.8 196.9 196.4 190.8 185.1 192.7 195.6 196.5 197.4 198.9 200.9 202.5 203.3 202.8 202.5 201.9 201.7 202.3 202.2 202 202.5 201.4
237 235.7 239.5 234.2 234.1 233.8 233.4 233.5 233.9 230.2 228.9 228.8 226.3 224.5 222.9 221.5 220.1 219.2 218.6 218.7 218.7 218.3 217.4 217.3 216.5 215.1 213.4 212 211.2 209.7 208.3 206.9 205.3 205 203.1 201.4 200.5 195 193 193.7 194.2 193.5 191.4 188.1 185.3 183.9 185.3 190.2 192.2 191.7 190.3 186.8 186.9 188.6 192.8 195 197.1 197.4 195.9 185.3 188.3 196 197.9 198.9 200.3 202.4 204.9 204.3 203.9 203.4 203.1 204.2 203 202.3 202.5 203.4 202.5 201.5
236.4 236.2 239.9 235 234.9 234.4 233.7 232.5 231.8 230.5 229.3 230.5 225.7 224.1 223.5 222.1 221.1 220.5 220.6 220.8 220.6 220.1 218.8 216.8 215.2 213.3 211.6 211 209.7 208.5 207.3 206 205.9 204.9 203.2 201.6 199.7 197.4 191.4 190 190.1 189.9 187.9 185.4 184.8 189 190.5 192.2 192.4 189.8 190.9 192 192.6 193.3 193.8 193.2 193.5 191.9 189.7 185.3 194.6 198.4 200.6 202 203.6 203.8 204.5 204.4 203.9 204.3 204.3 202.9 202.6 203.6 204.5 203.9 203.1 202.2
236.3 236.1 235.5 235.1 234.9 234.4 233.7 232.6 231.4 230.4 229.4 227.6 226.6 225.2 224.3 223.4 222.8 222.7 222.6 222.5 221.8 219.8 217.9 215.8 213.7 211.8 211.9 209.5 209.2 208.1 207.2 206.5 206.1 203.9 201.9 201.1 199.3 197.6 194 191.2 187.5 186.9 185.5 184.6 185.4 192.5 192.8 192.4 193.2 194.5 195.2 195.3 194.2 192.9 192.4 192.3 192.1 193.2 194.1 187.6 195.8 201.3 203.5 203.8 204.1 204.1 204.3 205.6 204.8 204.2 202.9 203 203.8 205.3 204.8 204.2 203.5 202.7
236.3 235.9 234.9 234.2 233.7 233.3 232.8 231.7 231 230.5 229.9 228.6 228 226.4 225.8 225.2 224.6 224.1 223.7 222.5 220.9 218.8 216.6 214.7 213 213.3 209.6 213.5 208.4 207.6 206.4 205.3 204.2 202.3 200.8 199.9 199.3 197.4 191.8 187.2 186.6 186.5 185.8 185.7 193.5 196 196.6 196.7 197.4 196.7 195.6 193.9 195.1 195.8 196.1 194.2 196.8 200 201 200.8 200.8 192 200 203.4 203.8 206.1 204.9 205.2 204.3 203.2 203.6 204.6 205.4 205.4 204.9 204.3 203.8 203.1
236.1 235.5 234.3 234 233.7 233 232.6 232.3 231.6 231.1 230.8 230.6 230 228.9 227.4 226.3 225.7 224.3 222.6 220.8 219.7 217.5 215.2 213.7 214.5 211.5 212.5 209.4 207.3 206 205 204.1 203 201 199.3 198 195 190.3 186.5 186.1 186.2 186.4 186.1 193.4 194.8 195.7 196.5 196.9 197.1 195.5 196.3 198.6 199.2 198.6 198.5 196.4 201.4 203.8 203.9 204.2 204.5 204 194 197.2 204.2 205.3 206.2 206.3 204.5 204.2 205.8 206 205.7 205.1 204.4 204 204.4 205
