app/static/ascii/NT01.asc
ncols 200
nrows 200
xllcorner 300000
yllcorner 610000
cellsize 50
[rows 140 to 174 of 200, columns 78 to 155 of 200]
363.9 367 369.8 368.8 360.6 346 334.6 344.1 353.5 360.3 364.1 369.3 375.1 380.6 386 391.4 397 398.9 395.5 395 394.9 395.2 394.6 394 393.4 393 392.9 393.5 395.2 397 399.9 403.6 407.7 412.6 418.9 424.2 408.9 378.6 352.5 336.4 324.8 312.2 298.9 290.3 282.6 273.6 260.8 249.7 245.5 264.6 291.7 310.2 324.3 338 352.2 360.8 367.8 375.9 386.2 391 384.1 363.9 335.6 303 284.6 307.4 340.4 355.2 359.9 362 363.8 372.2 379.1 386.6 392.7 397.9 393 386.2
373.3 376.5 379.2 377.9 371.2 360.2 349.7 338 347.5 356.4 361.8 366.9 373 380.2 386.2 391.8 397.8 400.1 395.3 391.3 392 391.5 391.3 392.3 391.9 391.3 390.7 392.4 393.7 395 396.7 399.4 402.1 405.2 409.1 412.8 398.8 367.5 339.9 320 306.7 293.4 281.4 271.9 266.2 261.1 254.4 244.7 239.6 247.3 270.9 290.8 306.8 319.7 331.2 338.7 343.3 348.2 355.5 358.2 354 341.5 318.8 293.1 274.8 294.3 320.3 335.1 339.8 342.6 341.8 354 361.3 367.3 372.8 377.4 375.8 370.8
380.9 383.6 384.9 384.3 379.3 368.8 358.4 351.7 344 350.4 358.8 364.6 371.6 379.5 386 391.7 396.4 400.2 395.6 390.8 389.8 389.4 389.9 390.8 390.1 391.2 391.3 392.1 393.3 394.4 394.8 396 397.8 400.1 402.4 404.2 388.9 357.1 329.9 310.1 294.8 282.5 271.7 262.3 254.3 249.2 245.8 238.4 234.2 239.9 249.4 265.6 283.7 298.2 309.8 315.9 318.5 322.6 327 329.7 327.3 319.5 304.7 285.4 267.9 281.4 302.4 317.1 321.3 325.1 327 336.5 344.8 350.1 354.5 361.1 358.9 354.5
386.3 388 388.6 388.5 387 380.9 369.6 359.4 353.9 346.8 353.9 362.5 369.7 376.3 383.6 389 393.9 397.5 394.8 390.4 387.8 387.9 388.5 389.2 386.8 390.1 391 391.9 392.5 392.9 393.6 394.6 395.6 395.9 397.7 399 381.1 347.8 320.2 299.7 281.8 268.6 259.8 254.7 248.8 244 237.3 234.7 231.1 230.6 235.5 243.6 256.1 270.4 284 290 293 298.6 301.8 304.3 304.3 300.3 291.6 278.8 258.8 269.9 285.9 299.7 305.1 308.7 310.3 318.7 328.2 333.3 340.2 343.9 342.8 339.2
389.1 392.3 390 392.1 393.3 391.8 385.9 373.3 364.3 358.2 351.1 361.4 366.9 372.2 378.1 384.6 388.7 390.9 391.7 389.9 386.6 386.9 388.5 387.6 387.4 389.8 390.5 391.1 391.5 392.2 393 393.5 393.9 393.7 394.6 393.3 368.8 333.9 303.3 280.8 273.8 266.2 266.5 267.9 255.9 244.2 239.6 235.6 231.9 228.5 226.5 226.2 235.4 251 262.2 263.9 270.4 275.7 278.2 282.3 284.4 283.9 277.6 268.7 250.8 259.8 272 282.7 290.2 293.6 293 302.3 313.4 321.7 326.2 327.4 328.2 327
392.5 396.9 399 398.4 397.8 396.9 394.9 388.3 377 368.8 361.8 355.7 363.4 368.4 371.7 377.9 383.3 385.8 387.3 387.7 385.2 384 384.5 384.5 385.4 388.5 389.6 390.2 390.8 390.9 391.5 391.7 393.5 390.6 385.9 374.7 352.2 319.5 303.3 293.2 294.1 292.9 299.4 304.7 284.4 267.2 251.1 242.7 236.7 231.9 230.5 227 223 228.7 239.6 247.4 252.5 256.8 260.7 262.9 266.5 265.8 263 257.3 243 249.7 259.1 267.9 277.3 280.3 278.4 288.7 298.4 306 309.5 312.9 314.6 315.1
392.8 398.5 401.7 402.9 402.6 401.6 401.2 397.9 390 379 371.1 364.2 359.4 365.2 367 373.1 378.2 381 383.3 382.9 382.3 381.2 380.9 381.3 382.9 386.4 388.4 389.3 389.8 390.4 390.9 391.4 391.5 393.1 394 391.3 372.9 350.8 329.3 317.1 322.1 330.3 334 335.1 314.9 297.7 280.3 261.5 250.4 242.7 237.5 232.3 224.1 219.7 225.9 232.3 236.6 239.3 244.2 247.2 249.9 251.6 247.5 246.6 239 230.8 247.5 256.8 263.4 264.2 269.3 275.5 282.3 290.7 295.6 300.1 302.5 304.7
393.8 398.7 402.9 405.2 406.7 406.7 406.2 404.1 396.8 388.8 379.4 372.9 367.5 369.3 370.5 369.7 372.6 376.1 377.9 378.1 380 380.4 379.9 380.1 381.6 384.2 386.7 389.1 389.8 390.4 391 392.8 392.8 394.3 395.9 395.3 391.7 381.6 358.6 344.8 350 359.5 361.7 359 340.8 326.9 304.4 283.2 266.1 253.5 246.1 239 232.3 226 216.5 214.8 220.2 225.6 229.4 233 235.6 237.3 234.4 237.3 232.4 223.6 231.5 240.7 249.4 247.3 257.8 262.8 269.3 276.8 283.3 287.8 292 295.6
394.1 398.5 402.9 406.7 408.8 410.2 410.4 407.9 403.9 397.5 390.8 381.4 374.6 373.3 374.3 374.5 376.1 376.5 375.1 375.3 376.1 377.2 378.3 379.5 380.9 383.2 386 388.8 390 390.7 392.3 394.4 395.1 394.4 396.3 397.8 394.2 389.4 378.2 368.7 371 369.7 372.6 377.9 366.2 347.1 331.3 311.6 291.1 273.8 261 253 243.7 235.5 228.7 225 214.8 210 215.2 219.6 222.3 223.9 225.6 228.3 227.2 219.5 213.9 222.8 236.7 238.5 246.1 250.9 257.6 264 270.6 275.4 280.5 284.9
392.2 397.1 402.1 407.2 410.4 411.5 412.6 412.6 410.4 405.6 399.6 392.8 383.5 378.3 378.9 379.4 380.6 381.4 380.5 378.9 377.1 377.7 378.5 379.9 381.7 383.9 386.8 388.8 390 391.4 393.3 395 396.4 394.8 395.6 398.1 397.2 392.5 385 379.9 380.1 381.4 383.7 386.7 383 376.3 368.1 342.5 318 296.6 279.5 270.7 256.4 247.6 238.9 225.7 219.3 217.3 206.2 203.6 204.2 204.1 212 218.6 218.2 212.9 205.9 212.5 221.9 228.8 235.5 240.1 244.8 252.9 259.5 264.5 269.6 272.9
391.2 396.4 400.9 406.9 410.9 412.4 413.8 414.4 413.9 410.5 405.8 401.4 394 389.1 386.5 386.8 388.3 389 388.7 387.3 384.1 382.2 381.5 381.9 383.7 385.1 387.8 389.4 390.5 391.6 393.3 394.6 394.9 395.1 395.6 397.2 396.8 394.1 390.1 386.7 386.4 387.6 391.8 395 397.7 397.8 387 369.9 341.5 317.7 300.7 288.3 268.4 266.1 255.2 243.4 239.4 233.8 226.3 217.8 208.9 199 202.8 207.8 209.8 208 205.2 208.1 213.3 220.6 225.6 229.6 235.7 240.9 248.4 253.4 257.6 260.1
388.9 394.2 398.9 405 410 411.6 412.8 414.2 414.5 412.8 410.2 407.7 404.5 400.3 397.2 396.4 397.9 399.5 399.1 397.2 393.6 390.1 387.9 385.7 386.3 387.3 388.9 390.1 391.1 392.3 393.4 395 395.6 396.1 396.6 397 396.2 394.5 393 391.7 393.6 396.1 399.4 402.6 403.6 400.7 392 376.2 355.9 338.3 321.6 305.6 290.8 282.8 267 258 249.2 244.3 236 226.6 215.9 207.3 196.7 201.9 204.6 202.5 200.5 203.5 206.2 212.3 216.8 220.7 225.3 231 237.3 240.3 243.6 242.1
381.5 388.6 394.4 401.7 406.7 409.7 411 412.1 413.4 413.4 412.1 411 411.4 408.2 403 405 406.7 408.6 410.1 408.8 404.7 400.5 394.4 390.3 389.6 389.5 389.9 391.2 392.6 394 395.2 396.2 396.6 397.3 398 398.4 397.8 396.9 397.4 399.2 402 405.6 408 410 411.2 406.1 390.5 376.2 363.8 355.1 334.7 315.9 298.4 289.6 276 264.3 257.1 250.2 242.9 231.4 220.7 211.4 202.5 197.6 199.3 197 197.1 198.4 200.1 206 210.9 214.3 218.1 223.9 225.9 223.2 221.4 224.9
372.6 381.3 389.3 394.4 401.7 405.2 407.3 410 411.3 411.9 411.7 412.7 414.3 416.5 414 413.1 414.1 415.7 417.9 418.9 415.4 409.4 403.9 396.9 393.9 393 392.9 393 394.5 396 397.3 398 398.6 399.3 400 400.2 399.5 398.9 401.4 404.6 410.3 414.3 415.5 418.8 419.4 414.8 398 379.4 368.1 362 342.3 321.6 303.8 293 280.2 270.1 261.8 254 248.5 232.9 224 217.1 207.2 193.7 195.1 194.2 194.7 195.6 196.5 201.5 205.5 208.3 211.8 217 215.4 214.4 220 231.4
363.9 373.4 380 387.6 393.9 398.6 402 405.2 408.3 410.3 410.8 413 417.5 420.5 421.3 420 419 418.9 420.6 421.1 420.4 415.6 409.3 402.7 398.7 396.2 395.3 395.1 396.4 398 399.3 400 400.7 401.3 402 402.1 401.4 401.1 405.4 410.6 418.4 423.8 424.3 423.4 421.3 417.7 402.7 383.9 372.1 364.4 344.6 322.5 306.4 292.3 281.4 272.5 264.7 256.2 249 235.3 227.6 219.3 205.6 201.8 191.4 192 192.4 192.9 193.6 197.9 200.8 202.5 206 210.7 209.3 211.9 225.9 238.6
356.4 368.8 375.1 378.3 383.3 390.2 394.2 397.8 402.5 406.4 408.5 411.2 416.6 420.8 424.1 421.8 418.3 417.8 420 420.7 420.9 418.1 412.2 407.1 402.7 400.1 398.7 398.1 398.9 400.4 401.4 401.4 402.1 402.8 403.5 404.6 403.7 405.6 411.9 416.8 423.1 432.5 432.1 427.3 419.2 414.9 402.4 390.1 378.2 365.4 344.3 323.2 308 292.1 281.3 273.5 265.1 255.4 250.2 239.2 225.1 209.8 199.4 194.7 190.4 190.9 191.6 192.2 193.6 195.9 197.9 199.2 202.1 206.7 206.1 209.7 223.5 233.6
344.2 362.9 370.5 374.6 376.9 379.2 386.4 391.9 395.6 399.4 403.9 408.4 414.2 417.8 420.9 420.6 418 415.6 416.7 419 420.3 419 413.8 409.3 406.6 405.2 404.4 402.9 402.5 402.4 403.6 403.2 403.5 404.2 405.3 406.3 408.8 413.3 417.7 422.7 425.7 431.9 431.3 422 414.2 407.8 399.8 390.9 379 362.5 342.7 321 306 291.1 280 272.6 263.7 250.4 242.5 232 220.7 212.8 207.8 193.5 190.2 189.6 190.5 191.7 193.2 194.9 196.8 198.4 200.1 202 204.6 209.5 221.5 228.7
328.9 347.1 361 368.7 372 375.7 378.7 384.3 388.5 392.4 396.7 403.9 410.1 414.1 416.8 417.3 415.8 413.6 414.5 415.5 416.5 416.5 414.2 411.2 411.8 411.3 411.2 408.9 406.7 405.6 405.6 405.3 405.4 405.8 406.6 407.7 411.5 417 421.3 427.5 426.8 428.9 426.3 417.1 407.3 398.6 389 381.9 370.9 357.3 339.8 316.9 304.2 289.9 280.7 273.3 264.4 255.2 246.7 235.7 219.8 207.8 207 195.8 189 188.5 189.8 191 192.2 193.8 195.7 197.7 199.2 200.8 203.9 211.3 218.4 224.8
318 334.4 348.1 358.6 367.4 372.2 375.2 377.6 381.4 384.9 388.8 395 403.6 409.2 411.2 411.7 412.5 411.6 412.6 413.7 414.7 415.5 414.8 413.3 415 418 418.6 416.2 413.4 410.9 408.8 407.7 407.6 408.1 407.9 408.3 412.6 419.3 421.3 425.7 427.2 425.6 420.1 411.4 400.4 389.7 380.8 372 362.2 348.6 333.9 313.2 300.8 288 279.2 270.9 262.4 252.4 241.4 229.9 218.5 209.7 198.5 193.1 188.4 188.2 189 190.3 191.5 193.1 194.9 196.7 198.4 200 204.1 210.4 215.4 221.3
307.7 322.9 339.1 351 357.9 364.1 367.5 371.8 374 376 380.7 386.8 395.6 404 406.6 408.3 408.9 408.9 409.8 411.8 412.9 414.1 415.5 416.7 421.5 424.3 425.1 425.6 423.2 417.6 414.1 411.9 411.3 410.9 409.4 409.1 411.2 421.9 424.9 419.8 423.2 420.7 414.7 403.5 391.4 379.5 371.3 361 352.6 340.5 328.1 308.5 295.9 285.6 277.2 269.6 260.5 252.2 241.2 232 224.7 216.3 206.2 194.5 188 188.1 188.3 189.5 190.8 192.6 194.4 196.2 198.5 200.6 203.5 207.3 211.8 213.5
295.9 312.1 329.4 340.8 348.1 354.3 358.8 362.7 365.5 367.4 372.4 380 386.1 396.6 401.9 404.9 406 406.3 406.4 408.2 410.2 413.4 416.1 420.2 427.5 430.1 432.4 433 434.4 428.3 422 420.1 420.8 418.9 413.5 409.5 407.3 416.5 422.1 416.5 417.6 413.5 407 394.9 382 367.9 358.3 350 342.9 331.5 320.5 304.2 291.8 283 273.1 267.8 260.3 251.8 240.5 228.1 220.4 215.3 210 201.5 191.1 187.2 188.2 188.8 190.3 191.9 194.3 197.7 202.7 202.4 203.1 207.2 210.9 216.4
290.2 305.1 319.1 331.2 339.3 344.7 348.7 352.6 356 359.1 361.7 370.5 378.5 387.9 395.8 400.3 401.7 403.2 403.6 405.4 407.8 412.2 417.4 423.6 431.4 435.3 437.9 440.5 442.2 434.5 430.9 428.6 425.9 421.4 418.2 410.7 405.2 409.1 416.2 411.5 408.9 404.4 396.5 385.7 371 358 347.3 338.6 332.4 324 313.7 301.2 289 280.5 270.5 267.6 260.8 250.9 240.5 228.6 218 212.4 208.4 201.8 196.1 185.7 186.5 188.1 190.2 193.5 198.9 204.1 209.9 211.4 205.1 204.3 209.9 216.3
286.8 301.8 314.6 324.2 330.5 334.8 338.4 343.8 349.1 352.5 355.2 361.2 371.5 380 388.6 394.6 397.8 399.6 401 403.8 407.6 412.8 421.4 430.1 435 438.4 439.9 441.6 439.3 436.3 433.1 431.2 427.5 420.5 413.7 408.4 400.6 401.2 407.3 407.6 402.2 396 390 377.9 360.7 348.5 339.6 332.3 325.3 317.7 307.9 300.9 288.8 278.3 269.6 265.8 258.7 249.4 239.3 228.2 218.1 209.4 207.1 201.7 195.4 184.8 185.6 187.3 191.3 195.9 201.2 206.6 211.8 214.7 205.8 212 214.1 216.8
279.5 293.5 305 312.9 318.9 323 331.6 340.6 344.6 348.2 351.7 355.7 363.3 372.4 381.7 388.3 392.6 396.4 398.7 404.1 409.1 415.6 427.1 437.8 437.6 439.4 440.6 440.3 437.7 435.1 432.6 431.1 426.5 418.3 410.3 402.6 397.7 394.7 398.4 400.2 394.9 388.3 379.5 367.5 351.9 340.4 332.5 326.6 319.1 311.9 305.3 297.2 285.3 274.9 268.1 263.1 256.4 247.5 238.4 230.9 218.4 206.7 204.7 201.5 194.5 184.5 184.4 185.7 193.3 197.9 203.2 208.5 213.8 216.6 207.1 214.3 217.2 218.8
268.8 275.1 286.9 291.7 298 308.6 323.9 333.3 340 343.3 346.9 351.1 358.1 369 377.8 383.9 388.5 393.2 398.8 405.3 411.6 419.7 433.1 442 442.2 440.6 439.1 438.9 437.9 432.6 430.3 427.6 422.2 414.1 406.2 398.6 393.2 389.6 390.2 390.3 387.9 379.5 369.4 360.3 347.7 335.6 327.8 321.9 315.9 309.4 302.7 294.4 285 274 267.7 261.8 254.6 246.2 236.7 229.2 217.7 204.9 202 200.2 191.3 183.9 182.5 184.2 191.6 197.6 202.7 207.9 214.6 219 216.7 216.3 219.3 222.1
289.3 298.5 301.2 313.5 323.7 332.9 336.7 337.5 336.8 337.1 343.6 350 356.9 365.6 376.4 382 387.6 393.5 400.9 408.4 415.4 426 439 447.3 446.4 442.5 438.6 436.6 436.2 429.8 426.8 424.2 418.5 409.9 401.1 394.1 388.9 384.4 381.7 379.8 378 373.2 363.7 355.1 343.5 333.6 324.8 318.5 312 305.7 299.2 291.5 281.7 272.2 265 258.7 253.2 245.4 237.2 229.7 220.5 206.4 195.4 198.3 189.6 183.5 181.9 182.8 189.7 196.8 202 208.1 214.7 218.7 218 218.8 220.7 223.5
298.2 311.3 318.8 327.6 335.9 344.8 348.6 347.5 344 340.7 345.5 355.6 363.4 372.3 378.9 385.8 393.1 401.1 407.9 415.1 424.6 434.8 444.6 449.6 448.5 443.5 438.5 434.5 430.7 426 422.2 420 415.1 404.6 395.8 389.4 383.9 378.2 373.2 372.2 370.4 365.8 357 349.9 340.8 331.3 322.6 315.4 308.6 301.9 295.7 290.1 280.6 270.5 263.2 257.3 251.7 243.7 236.1 228.3 219.7 210.8 197.9 189.9 187.6 183 181.6 181.3 186.9 194.2 200 206.9 213.9 217.7 217.6 218.5 220.7 224
303.2 320 332 339.2 347.2 353.8 354.9 353 350 348.7 353 362 370.2 379 386.9 397.1 403.1 409.5 417.1 425.3 433.9 444.1 452.8 455.4 449.9 444.9 440 434.3 425.8 417.3 414.1 412.8 409.8 400.2 390 383.5 378.1 371.7 366.3 364.5 363.4 359.5 351.1 343.1 336.7 328 320.6 312.4 305.2 298.7 292.1 285.6 277.4 268.8 262.1 258.1 252.8 245.2 236.4 228.9 220.4 211.6 202.2 191.7 185 182.2 181.2 180.5 182.4 188.6 197.8 204.5 211.6 216.2 216.3 217.8 220.1 223.3
303.6 322.4 340 349 354.7 359.8 360.8 360 357 356.5 360.7 369.3 378.2 387.3 397.9 406.2 412.3 417.6 423.7 431.8 440.9 452.4 462.8 458.8 452 446.5 441.5 435.5 426.6 412.6 406.6 405.6 402.5 395.4 385.5 378.5 372.7 367.1 356.9 358 355.9 353.3 347.5 339.7 334 327.6 319 309.3 301.6 295.5 288.8 282.2 274.5 266.4 260.6 255.6 250.8 244.4 236.4 227.7 220.9 213.3 203.2 191.6 185.4 181.7 180.2 179.7 180.4 190.3 196.6 202.9 209.2 214.1 214.7 216 219.4 222.9
304 324.9 345.5 357.7 363.5 365.5 366.1 366.7 365.4 366.3 370.8 378.4 387.5 397.1 408.8 414.6 420.3 423.8 429.6 437.1 447.6 456.7 462.9 459.6 454 446.8 440.6 434 423 409.8 397.8 398 395.7 389.6 380.1 373.1 368.2 361.8 355.6 351.3 349 347.8 343.1 336.7 331.3 325.6 320.4 310.3 300.1 293.9 286.4 279.1 273 264.2 259.1 253.8 247.8 241.2 234.5 227.1 219 212.7 205.9 196.4 184.6 180.9 179.2 179 179.3 189.6 195.5 202 207.6 212.3 213.2 214.1 217.5 221.4
303.8 326.5 349.3 363.1 368.3 369.5 370.5 371.9 372.7 375.4 381.7 388.9 397 406.1 414.1 419.8 424.9 428.7 434.7 442.4 450.8 455.9 457.6 454.3 452 444.6 436 429.5 417.9 407.7 393.7 389.4 387.4 381.8 374.8 367.9 363.2 357 351.6 346.8 344.3 342.6 338.9 332.5 328.4 326.3 319.7 309.5 301.5 295.1 286.5 277.9 271.3 263.2 258.3 253.4 247.5 242.5 235.5 227.4 219.4 213.8 205.7 194.2 184.3 180.3 178.4 178.3 178.4 184.2 191.8 198.4 205.7 209.9 210.9 212 215.5 219.4
303.8 328.6 355.3 368.7 372.5 373.9 374 375.6 378.4 385 392.4 398.7 405.1 412.1 418 424.1 429.4 433.3 439.4 447.1 451 451.7 452.1 446.8 444.7 440.3 429.7 422.3 412.1 401.2 391.1 381.8 379.6 375.9 370.6 364.3 358.6 352.6 347.8 344.2 341.4 339.7 336.7 332.6 328.5 327.2 318.4 310.3 303.4 295.3 285.6 277.3 270.3 263.4 257.6 253.7 249.7 243.7 236.6 229.4 222.4 215.1 207 196.2 182.4 179.6 177.6 177.7 177.7 182.5 189.4 194.8 201.8 207.1 208.6 209.9 213.5 217.2
291.7 320.8 351.8 370.9 375.9 378 378.3 380.9 386.7 394.6 401.3 405.9 411.9 417.6 420.5 425.8 431.2 435.7 438.8 445.8 447.3 444.9 442.9 438.9 434.4 431.5 422.7 412.4 404.3 393.9 385 377.1 373.2 368.9 365 359.3 353.5 348.5 345.3 342.2 339 337 335.5 332.4 328.4 324.9 316.9 310 303.7 295.5 284.8 277.3 269.8 263.9 258 254.2 249.8 243.5 237.2 230.7 222.4 214.4 206.5 195 182 177.6 176.7 176.8 177.1 179.7 187.2 192.3 198.2 203.7 205.5 207.3 210.8 214
292.4 318 343.6 369.6 377.7 380 383.1 387.9 394.2 401.8 407.1 412 416.6 419.4 420.7 422.5 427.4 431.3 433.7 434.6 435.9 436.7 434 429.8 422.6 419.8 413 403.6 396.8 388.4 380.7 373.2 368.4 365 360.6 356 350.1 346.4 343.8 340.3 337.1 334.2 334 331.8 327.2 322.5 316 309.2 303.5 296 284.3 276.6 270.5 265 258.8 254.8 249.9 243.9 238.2 231.5 222.8 213.6 204.7 193.3 180.1 176.6 175.9 176.1 176.4 179.4 186.3 191.6 196.3 200.2 202.4 204.6 207.2 210.6
293.2 320 347.5 369 378.9 383 389.1 395.3 400 405.1 409.7 412.6 415.6 418.6 418.9 418.8 422.1 424.5 425 422.5 423.5 426.1 423.1 418.4 412.6 407.4 403.3 395 388.6 381 374.6 369.9 365.2 361.1 357.3 352.7 347.8 344.7 342.9 339.9 336.2 332.7 330.5 330.5 325.4 321.2 315.5 308.9 303 295.5 285 277.1 271.4 265.6 259.9 254.9 250.1 245.7 239.6 231.7 223.1 214.5 203.9 192.5 178.4 175.4 175.3 175.5 175.7 179.1 184.9 189.3 193.4 197.8 200.1 202.5 205.1 208.3
