app/static/ascii/NT02.asc
ncols 200
nrows 200
xllcorner 300000
yllcorner 620000
cellsize 50
[rows 140 to 174 of 200, columns 78 to 155 of 200]
541.4 541.7 540.9 538.6 536.5 533.8 532.1 529.6 527.6 523.9 520 516.9 515.4 513.5 514.6 512.9 512 507.8 501.8 495.2 486.4 475.5 462.9 450.4 439.2 432.2 421.8 414.7 419.6 428.4 436.6 440 439.3 439.9 440.8 441.3 442.1 442.5 443.2 442.9 440.9 437.7 432.1 425.6 419.7 414.6 407.8 395 376.1 376.7 373.5 370.9 372.3 369.3 361.4 351.9 344.9 340.3 335 325.4 316.4 314.1 320.2 320.5 319.4 318 318.4 317 314.7 311.2 306.9 303 299 295.9 294.9 294.3 292.2 291.1
545.6 545.4 543.1 538.6 534.1 529.7 522.4 510.9 508.7 498.8 494.6 492.6 492.4 490.1 495.3 499.8 499.7 498.7 493.1 486.6 479.6 470.4 452.8 440.2 429.2 425.4 423.3 418.2 409.6 411.7 418.3 421.9 423.1 424 426.3 428 430.1 431 431.3 432.8 430.3 428.2 424.2 419.4 412.6 406.6 401.3 394.2 386.2 375.4 370.7 375.7 374.6 370 361.2 352 350.3 340.5 333 325.4 319.3 313.1 308.7 313.8 314.4 313.8 314.3 313.7 309.3 303.9 298.5 294.8 294.3 292.6 292.1 291.9 288.5 287.8
547.8 546.1 542.3 535.8 529.7 520.3 502.3 491.4 479.8 467.6 464.9 466.7 468 469.5 480.4 491.9 491.5 490.9 486 479.1 472 465 457 447.4 439.4 431.7 424.3 421.2 418.4 403.2 402.1 402.5 403.4 406.5 410.3 413.3 415.1 417 417.8 418.8 416.6 415.9 412.3 408.2 404.5 398.8 394.8 391 384 372.3 376.8 377.2 374.6 369.8 360.7 351.5 344.4 337.8 332.4 327.1 322.2 316.4 312.8 304.9 309.9 309.6 309.4 306.7 301.6 297.3 294.5 291.9 289.9 289.5 288 285.6 281.8 277
542.5 541.7 537.4 530.3 519.8 508.5 479.6 466.8 451.6 439.4 439.6 444.7 443.2 454 466.4 478.6 484.4 483.1 479.3 472.7 466.6 463 458.9 451.3 443.7 436.1 427 428.4 425.2 417.4 405 400.3 393.6 391 395.8 398.6 400.4 402.6 404 404.3 403.5 403.4 400.4 398.9 395.6 392.4 389.3 385.7 379.5 376.2 380.7 377.3 374 370.4 361.2 352 343.8 338.5 333.9 328.9 324 319 314.9 306 302.4 304.8 305 302.2 298 295.6 293.8 290.7 286 287 281.3 277.4 274.7 272.2
536 534.5 532.1 525.7 513.3 496.1 471 440.7 428.4 421.6 421.9 423.7 428.2 438.2 452.1 464.6 475.8 476.6 474.4 468.8 464.6 461.4 459 453.8 445.5 433.6 436.3 438 435.5 427.7 420.1 411.5 403 397.2 385.3 384.4 387 389.6 390.9 391.3 392.1 391.8 392 390.7 388.1 386.1 384.6 381 377.7 380.5 380.7 378.1 374.7 371.3 365 354.7 346.2 341.2 335.8 330.7 325.8 320.5 314.9 308.3 303.4 297.4 302.2 298.9 295.5 292.9 291.2 289.3 281.5 275.4 273.7 270.8 268.8 268.2
528.9 529.9 527.2 521.2 507.1 487.4 459.9 435.7 414.7 407.5 408.2 410.2 415.3 420.9 433 448.5 462.3 467.2 467 467.2 463.1 460.3 458.4 453.7 436.4 438 446.7 450 445.4 438 430.9 422.5 414.4 406.6 402.3 386.4 378.2 376.5 378.2 379.5 379.8 382.1 383.1 382.4 381.1 380.2 379.9 376.9 376.8 380.5 379.1 377.7 375.6 372.7 368.5 356.4 349 343.8 337.1 330.4 325.3 320.7 314.2 308.9 304.5 299.8 292 296.2 293.1 290.3 286.5 281.7 273.4 272.6 273.6 273.3 273.3 274.3
526.9 526.8 522.3 513.4 501.1 475.6 448 423.9 409.1 403.5 399.6 400.4 405.5 410.5 415.5 430.6 448.9 458.5 459.6 460.5 460.6 459.1 456.3 442.8 433.6 444.7 453.6 454.4 452.1 448.9 441.8 433.9 424.2 414.9 410.2 404.9 391.7 382.9 371.8 369.7 370 372 373.3 373.7 373.9 374.6 374.7 374.7 376.5 378.1 376.8 375.5 374.3 371.9 367.7 358.1 350.6 343.6 336.5 330.5 325.9 320.1 314.5 309.2 304.9 300.5 293.9 287.4 288.4 285.8 280.8 276.3 273.6 274.8 276.2 276.9 277.3 278.4
527.1 523.5 517.7 509.7 497.5 468.1 437.9 422.2 411.8 400.2 396 395.6 395.7 401.4 409.9 422 436.2 445.5 450 450.8 452.2 451.3 446.6 430.3 432.3 445.5 456 458.6 460.8 460.3 453.5 446 435.1 424.3 416 411.4 399.6 391.1 380.2 368.6 365.6 363.1 361 364.2 367.1 369.1 370.3 372 373.6 375.7 375.3 374.1 372.9 371 367.3 359.7 351.4 344.4 337.1 331.1 326.2 320.5 314.9 309.4 305.2 300.3 293.2 287.9 281.6 280.5 276.8 272.5 272.6 277 278.8 279.2 279.6 280
524.4 520.2 514.6 508.9 499.4 483.8 461.5 441.3 424.8 407.4 393.1 390.9 391.5 393.9 404.6 416.2 427.2 434.4 438.8 437.4 435.4 432.8 432.7 416.8 430 444.9 455.4 463.5 471.6 474.9 468.3 459.4 447.4 434.9 423.8 412.2 401.1 392.6 387.4 376.6 370.4 366 361.1 355.5 357.9 364 366.6 367.8 370.2 372.2 372.2 371.9 371.6 370 366 356.8 350.6 344.9 337.8 332.1 326.4 320.8 315.3 309.7 304.7 298.9 293.4 288.1 283.1 277.8 275.6 273.8 271.5 279.8 280.7 281.2 281.4 281.7
521.4 517.9 513 507.1 498.9 489 478.1 456.9 439.8 420.7 399.5 391.1 387.6 387.5 391.1 401.4 410.9 416.8 419.3 419.3 418 416.2 413.8 406.7 424 439.8 454.2 463.8 473.5 480.2 478.6 468 454.2 440.2 428.1 414.5 402.9 395.5 389 383.3 374.9 369 363.9 356.1 348.9 352.7 359.5 362.8 365.9 368.4 368.1 367.8 366.2 364 359.3 353.7 349.9 344.3 337.3 330.9 325.5 320.3 314.9 309.5 303.2 297.3 291.8 285.1 280.5 276.7 275.8 273.9 272.5 279.4 282.6 283.1 283 283.4
519.7 515.6 511.3 505.4 498.3 487.9 477.5 464.9 449.9 434.7 413.7 394.4 387.9 384 384.5 384 391.7 398.3 399.8 399.9 400.3 399.3 396.9 399.9 416.9 433 447.5 459.4 470.8 481.4 483.5 472.9 456.3 440.1 426.7 413.5 402.3 396.9 389.7 384.4 378.3 372.4 367 360.7 350.6 343.9 350.4 357.6 361.2 364.1 363.2 363 360.4 357.6 353.4 350.1 347.7 342.1 336 329.8 324.1 319.5 314.2 308.7 301.9 295.6 288.6 282.5 279 275.7 275.4 274 272.5 281.6 283.7 284.3 285.9 289.1
517.3 513.2 509.1 504.1 497.5 487.5 478.2 466.5 455.7 444.2 421.6 398.7 389.1 383.4 380.2 380.6 381.4 382.3 382.8 380.9 381.8 381.1 380.8 394.4 411.3 426.5 441.3 455.4 467.2 479.3 481.8 469.3 453.5 438.1 423.6 412 403 396.3 389 383.9 379.5 374.7 369.1 363.2 354.1 345.7 340.4 353.1 356.1 359 359.1 357.5 356.3 353.4 349.8 346.6 343.5 339.3 333.5 328.3 322.7 318.1 312.9 305.4 297.6 288.4 284.1 280.1 276.7 275.2 274.8 273.3 277.1 281.6 284.6 285 289 296.7
515.1 511.1 507 501.6 494.2 485.1 474.4 461.1 444.8 426.8 411.3 397.5 390.4 384.5 379.8 375.5 375.6 374.5 373.4 372.8 372.1 372 376.7 387.6 402.8 418.2 432.5 449.2 460.9 465.6 466.7 457.7 443.6 429.5 416.3 405.7 400.5 394.6 388.2 383.7 379.3 374.9 369.7 364.4 357.3 350.4 341.5 342.8 351 353.9 354.9 353.6 352.7 349.5 346.3 343.1 339 334.9 330.2 325 319.8 315.7 308.2 300.9 291.8 285.8 280.1 278.3 277.1 275.7 273.7 275.3 279.8 278.2 285.1 286.3 293 300.8
511.8 508.9 504.9 499.5 490.5 480.6 461.2 443.8 427.7 417.8 409.2 401.3 392.6 386 381.2 375.4 373.3 371.6 370.6 369.6 368.6 368.5 370.6 378.2 392.7 407.4 421.6 436.2 446.8 452.6 449.3 442.3 431.1 418.4 407.4 402.2 397.7 392.7 387.1 383.1 378.6 375.2 370.4 365.3 359.9 354.8 343 335.3 343 347.6 350.5 349.7 349 346 342.6 338.9 334.7 330.5 326 320.8 315.4 309.9 302.3 294.1 286.7 281.4 278.2 277.4 276.7 275.2 275.3 284.9 283.9 280.9 284.3 288.6 296.8 306.6
508.8 505.4 501 497.4 488.9 472.1 459.3 450.6 439.9 432.5 424.9 412 400.2 390.7 384.2 378.4 375.3 372.2 369.9 367.6 366.1 364.7 363.3 368.6 381.8 394.3 405.6 416.8 423.5 428.3 429 423.4 417.9 408.3 403 397.8 393.3 389.8 385.5 379.8 375.3 372.5 369.8 365.5 360.2 354.2 345.5 333.3 332.2 341.8 345.7 345.5 345.3 342.1 338.4 334.6 330.4 326.2 321.6 316.6 311.1 304.1 296.5 289.7 281.7 278.7 277.9 277.1 276 276.7 283.5 284.8 285.6 282 284.1 289.9 300.8 312.4
503.7 500.7 491.4 492.8 493.2 487.3 476.6 464.1 454.6 449.9 440.2 425.1 408.3 399.1 391.3 383.2 377.4 375 374.2 373 371.4 369.2 364.4 359.2 363.6 380.5 390.7 396.2 401.5 405.8 408.2 408.6 406.7 403.1 398.4 393.4 389.8 386.4 382.1 376.4 372.5 369.9 366.6 362.9 357.5 352.2 346.2 336.6 324.5 335.6 341.2 342 341.6 338.8 334.8 330.1 326 321.8 317.3 311.8 306.1 298.7 290 282.3 279.3 278.5 275.8 277.2 280.2 287 288.1 285.9 286.5 285.1 284.2 290 302.1 316.3
497.2 482 489.5 500.2 499.4 495.5 487.8 479 470.2 464.4 455.4 437.6 421.7 405.8 395.1 387 382.1 381.1 383.6 383.1 381.8 378.6 372.5 366 356.2 355.7 362.1 368.9 376.3 384 389.6 396.3 398.8 396.2 392 389.5 386.7 383.1 378.5 372.9 369.8 366.4 363 359.6 354.7 349.5 342.7 335.6 321.4 327.7 336.2 337.2 337.1 334.8 331.6 325.1 320.9 316.1 310.8 306 298.5 289.3 281.9 278.8 277.1 276.3 277.5 282.7 287.6 289.4 290.4 288.1 287.4 287.4 284.3 290.2 304.3 321.3
483.5 477.2 497.2 502.6 504.2 502.3 498.2 492.4 483.4 473.4 464.5 449.8 432.8 415.7 398.7 392.7 394 396 395.7 394 393.8 392.3 385.5 376.3 366.5 359.4 352.2 349.5 352.6 361.6 370.2 379.5 388.7 389.3 386.7 384.7 382.7 380.4 376.4 372.2 367.6 363.6 359.7 356.1 351.9 346 339.2 332.1 323.1 320 327.7 331.1 328.5 326.8 324.7 320.3 314 307.9 301.2 291.4 283.8 277.4 277.6 278.3 278.9 279.6 283.5 286.7 290.6 291.8 292.7 291.3 288.7 288.2 285.7 290.8 305.8 325.5
475.9 486 497.8 503.4 507 507.2 503.3 498.8 493.7 484.9 472.1 460.1 440.7 420.6 412.2 408.9 411 413.2 414.2 412.1 407.9 404.2 400.5 394.2 383.5 374.5 366.9 360.4 350.3 344.4 350.6 362.2 372.6 382.5 380.6 381.4 381 378.1 374.3 370.6 366.4 362.3 358.3 354.4 349.1 343.4 336.9 329.6 321.7 313.9 319.3 322.4 320.3 318.3 316.1 310.9 304.7 295.8 284.2 280.5 278.3 284.8 287.4 286.3 284.3 286.2 288.4 294.2 297.8 299.7 299.2 296.1 292.6 289 286.2 291.6 305.3 328.9
481.3 489.4 497 503.3 506.7 508 504.9 501.5 497.7 492.2 478.3 459.3 447.9 434.9 425.3 420.9 423.2 425.7 426.8 424.8 421.4 416.5 412.1 407.4 403.2 394 383.1 374 366.3 353.2 339.9 345.1 357.4 369 374.8 375.9 376.7 374.8 371.2 367.4 363.9 360.1 356.3 351.6 346.4 341.1 334.6 327.9 320 309 309.2 312.3 312.7 310 307.3 301.4 293.4 284.6 281.5 280.5 284.3 288.1 287.4 286.8 288.6 293.8 300.1 305.9 310.1 313.7 312.4 305.2 297.6 291.4 287.4 290.8 305 328.2
479.5 488.2 494.5 500 503.3 503.5 503.9 503.6 500 495 487.7 475.9 457.7 445.9 432.5 429.1 430.8 433 434.6 431.9 428.8 424.3 421.3 417.1 412.9 407.7 397.2 384.1 374.9 364.4 351.6 338.4 342.2 355.3 366.7 369.3 371.8 369.8 367.3 364 360.6 356.8 352.6 348.1 343.1 338.2 332.4 325.8 320.6 314.9 301.8 300.3 302.5 301.3 298 291.1 284.7 282.9 280.6 285.8 289 288.8 288.6 288.7 296.7 302.3 311 318.4 324.5 327.6 325 314.8 304.1 295.6 288.9 292.4 304.3 325
475.2 482.4 488.8 494.4 498.7 501.4 502.2 504.3 501.5 496.6 487.4 476.1 462.2 448.3 434.3 428 429.9 430.8 432.6 434.9 435.4 431.6 428.8 425.7 419.2 412.2 403.4 389.7 379.6 371.3 359 346.6 332.5 341.6 354.8 362.1 364.3 364 362 360.6 357.3 353.4 348.9 344.4 340.2 335.5 329.6 323.4 317.4 311.2 302 294.5 293.2 292.7 288.6 284.5 282.2 280 283.2 287.2 290.1 292.8 295.3 297.7 305.9 313.3 323.2 333.8 341.7 343.8 338.3 330.9 313.6 300 289.7 292.9 304 322.2
466.7 472.7 479.6 486.3 493 498 501.7 503.3 501.4 495.8 484.6 472 457.1 441.9 429.1 421.8 421.6 420.6 426.5 430.1 430.5 430.7 429.4 430.7 420.9 411.8 402.8 392.3 382 374.4 363.4 349.3 336.9 332.3 343.5 352.6 356.5 358 357.2 356.5 353.9 349.6 345.2 340.8 337.5 332.7 326.8 320.1 313.2 306.5 301.5 295.9 289 285.9 283.7 281.2 283.5 282.7 285.2 289.3 294.6 298.5 304.5 311 318.7 328.8 341.3 351 360.3 357.4 352 340.2 323 306.8 291.3 292.8 304.3 320.6
456.3 463.6 471.4 482.1 489.4 495.9 501.1 502.8 501.3 495.2 482.9 468.6 451.2 435.1 423.2 413.9 408.4 408.5 411.4 418.2 425.8 428.9 425.6 423.9 416.5 407.7 398.9 389.3 380.7 373.3 361.3 348.9 337.7 327.1 329.2 339 347.2 350.1 351.4 351.3 349 345.2 341.3 337.6 333.1 327.7 321.6 315.8 308.9 303.1 298 292.4 287.9 282.9 285 285.9 289.6 289.5 285.4 288.6 295.3 302.3 313.9 323.3 333.6 348 360.4 368.7 371.1 367 359.3 345.9 325.9 310.8 294.5 293.2 305.7 319.6
462.1 467.7 476.2 484.7 492.3 500.5 504.8 504.7 500.5 494.2 481.1 467.3 446.5 429.3 418.2 411.2 407.2 400.1 401.5 407.9 415.3 418.9 416 413 408.2 400.3 393 384.6 376 367.5 356.5 346.9 337.7 331.3 321.7 327.6 335.9 341.3 342.6 342.4 340.8 337.1 333.5 329.5 325 319.9 315.2 309.3 303.6 299.6 293.7 288.4 284.5 285.1 286.7 293.7 292.2 291.3 288.9 287.6 294.6 304.2 318.1 333 349.6 364.1 376.6 378.4 377.9 373.6 362.9 347.7 327.6 312.5 294.3 294.5 305.8 319.7
472.9 479.2 486.6 494.5 498.6 503.8 506.9 505.4 501 493.9 485 467.9 455.6 439 427.1 418.2 412.3 402.6 393.2 397 403.6 408.7 404.4 401.3 398.7 392.2 384 376.7 368.6 358.5 349.2 340.1 333.7 327.3 320.7 317.3 324.6 331.6 334.1 334.9 332.7 329.2 325.6 321.4 316.9 312.1 307.4 303.1 299.2 294.2 288.3 285.9 281.3 289.2 293.4 294.7 294.5 292.1 294.2 288.8 293.3 303.7 319.3 341.1 360.5 378.4 384.4 384.6 382.6 377 365.1 348.2 327.7 312.3 296 295.8 306.8 319.8
485 491.9 499.4 502.1 505.4 507.2 507.6 506.2 501.3 494.5 486.9 478.4 465.2 449 437.2 427.3 415.5 403.2 393.2 386.5 392.2 394 391.2 390.3 388 379.9 372 365.1 357.1 348.3 338.6 331.7 327.2 326 325.8 320.3 312.5 317.8 325.7 326.7 323.9 320 316.8 313.2 309.9 305.3 301 298 292.4 286.8 283.4 283.6 292.9 294.4 295.4 298.3 297.6 295.6 296.7 291.3 293.5 303.8 320.4 345.2 369.6 384.1 388.8 389.4 386.8 379.7 366.6 346.6 327.7 311.6 298.9 295.9 308.5 321.7
496.1 501 508.8 510.9 511.6 511.9 510.9 506.9 501.9 495 487.5 479.5 468.9 454.8 442.7 430.8 417.6 404.3 391.9 384 379.9 378.7 378.4 373.6 368.5 363.8 357.6 351.7 345.8 339.7 343 345.6 342.3 336.8 333.8 331.9 314.3 309.3 310.1 313.6 317.3 314.1 311.4 307.4 304.3 300 295.2 288.6 285.6 283.1 286.4 293.2 297.3 298.5 299.6 303.6 301 298 299.3 292.8 294.7 303.3 320.4 346.3 371.8 386.4 390.2 390.4 387.4 380.7 366.6 347 326.1 311.6 299.2 296.5 309.3 321.9
505.5 510.7 515.5 516.6 516.4 514.8 512.7 507.6 501.9 495.1 487.1 479 468.6 456.1 443.5 430.8 417.1 402.3 390.3 382.3 376.9 374 374.6 368.3 364.7 361 358.6 357.5 358.3 357.7 354.4 349.9 344.8 340.1 335.5 332.6 327.9 319.6 306 303.1 302.4 307.6 306.2 301.9 298.5 293.1 288.7 285.1 286.2 290.1 295.9 300.8 305 306.7 311 310.8 307.8 304.4 299 294.6 295.4 304.1 321.3 346.1 372 386.1 390.2 389.8 386.8 379.9 366.8 350.3 331.2 314.2 300.4 297 308.5 322.4
514 517.1 519.8 520.6 519.8 517.5 514.2 508.6 501.3 491.8 479.4 467.9 458.6 446.5 433.2 420.3 407.5 395.2 387 381.2 385 388.4 389.5 385.9 379.1 373.4 370.1 368.5 365.9 362.8 358.2 353.1 347.9 342.8 337.5 333.3 328.5 323 318.9 315.1 307.1 295 301.2 297.9 290.7 284.4 286.4 287.4 292.9 299.7 304.8 310.7 317.3 320.2 329.9 326.8 316.1 310.9 304.6 299.5 295.4 306.4 325.4 346.5 369.2 384.6 388.3 388.3 385.3 378.6 368.4 353.1 334.8 317.5 302.2 297.1 304.9 319
520.2 523.2 524.9 526 525.1 521.7 516.8 508.6 499.5 480.1 464.1 451.8 445.2 435.3 421 408.5 397.3 390.4 385.1 387.4 392.9 395.4 396.5 394 387.1 380.6 377.7 376.3 372 367 362.1 356.6 349.3 343.8 338.7 333.6 328.5 322.9 317.5 312.8 309.8 300 294.1 287.8 286.9 287.5 289 297.9 301.8 308.7 316.3 325.5 337.5 341 347.3 340.2 330.5 320.5 308.3 300.6 296.3 307.1 324.8 347 368.1 382 386.9 387.4 384.8 378.7 368 356.2 341.1 324.1 306.3 298.9 303.2 314.3
525 529.9 532.7 533.4 532.2 527 520.2 511 496.8 476.9 445.9 431.8 424.9 419.6 408.8 399.9 392.5 388.8 389.5 394.5 399.1 401.4 403.8 400.9 394.1 387.9 383.7 380 374.3 369.3 364.6 357.9 349.8 341 335 331.3 327.4 321.7 314.3 309.1 304.5 299 293.3 287.1 287.9 290.3 299.2 306.1 313.1 324.4 334.9 345.2 355.7 358.3 355.5 352.7 346.1 328.6 310.5 301.3 297.7 306.5 324.1 345.9 369 381.8 385.9 386.5 384.4 379.4 370.6 361.8 346.3 329.5 312.7 300 300.3 311
527.1 533.1 538.7 541.6 539.4 534.4 523.3 510.3 496.2 476.3 454.9 434.7 416.3 405.4 398.8 395.4 394.5 394.9 395.7 400.7 404.4 408.4 411.3 408.9 402.5 394.5 387.9 381.9 376.4 371.4 364.4 356.2 348.4 338.3 331.7 329.4 324.3 317.3 310.2 305.1 299.1 292.4 290.2 290.8 295.3 300.2 305.5 313.3 330.2 344.8 357.2 363.7 370.3 373.6 372.8 363.1 353.7 336.7 317.4 303.6 299.3 306.4 324 345.5 367.8 381.9 386.5 387.1 385.2 379.3 372.9 363.9 351.4 335 318.5 303.2 299.9 307.7
525 534.3 541.7 544.2 540.7 534.1 523.4 511.3 497.5 474.4 452.2 431.4 414.9 403.8 403.9 405.5 404.6 400.4 399.5 406.7 411.3 415.6 419 416.5 408.4 399.4 391.3 384.3 377.2 370.4 362.6 354.2 345.9 334.8 328.2 327 321.4 312.9 305.1 294.4 291.8 289.9 288.3 291.1 301.7 307.7 315.1 327.8 344.6 360.7 370.8 377 381.4 383.6 381.4 374.3 362 342.5 323.9 306.7 300.5 307.8 323.8 343.9 367.5 381.6 386.8 388.9 386.7 381.3 375.7 366.9 356.6 340.6 324.1 307.6 300.8 304.4
521.1 531.7 538.8 540.7 538 531.3 521.3 510.2 496.9 475.1 450.7 431.3 414.2 411.8 418.4 417.9 413.4 408.6 402.6 411.4 416.9 423.2 428.3 423.6 413.6 400.9 392.8 384 376 368.7 361.5 352.3 342.9 331 324.4 321.2 315.7 305.9 293.8 291 289.4 288.6 291.6 302.3 309 314.6 324.7 340.6 357.1 368.5 378.1 383.4 387.8 389.2 385 377.1 365.9 346.2 328.8 311.3 302 309 323.9 342.3 366.6 381.2 388.3 390 388.6 385.1 378.7 370.3 360.6 345.7 330.7 315.3 303.3 304.1
