app/static/ascii/NT03.asc
ncols 200
nrows 200
xllcorner 300000
yllcorner 630000
cellsize 50
[rows 70 to 104 of 200, columns 78 to 155 of 200]
199.5 199.1 202.1 202.7 202.7 201.3 201.5 201.2 199.5 198.3 198.4 198.5 198.6 198.6 199.8 199.9 200.4 200.1 199.9 199.7 199.5 199.1 199.1 200.5 201.4 202.2 201.5 204 200.2 201.7 203.9 202.7 203.4 204.6 205.5 205.2 209.5 213.5 215.8 215.3 215.9 213.9 211.3 212.3 214.8 214.7 210 206.6 205.3 206.8 211.9 217.5 222.5 222.9 222.5 225.3 226.4 228.1 229.8 230.8 231.4 231 229 225.4 220.6 217.8 215 212.1 209.3 207.3 205.6 205.4 205.3 204.5 203.3 204.2 207 208.8
199.3 201.1 204.3 204.9 204.8 203.3 203 203 199.4 198.5 198.6 198.8 199.1 200.4 201.4 200.4 200.8 201.7 201.3 200.8 200.3 199.9 200.4 202.2 203.5 204.1 202.9 201.4 201.4 205.2 205.7 204.9 205 206.5 207.4 211 215.2 219.4 222.1 220.5 219 217.6 218.1 222.2 224.9 223.3 218.6 212.7 210.2 213.2 220.2 226.5 232.3 234.2 233.2 232.6 233.6 235.7 237.9 239.7 238.1 237 234.1 229.9 225.3 222.1 219.2 215.9 213 209.9 208.1 207.5 207.2 206.3 206.9 208.8 211.5 213.4
200.8 202.2 205.2 206.8 205.6 203.2 201.7 200.2 198.8 199.2 199.4 199.6 201.1 202.1 201.9 201.1 201.4 201.9 201.6 201.4 201.1 201.2 201.8 203.5 204.7 204.8 204.7 203.4 203.6 205.8 207.4 207.3 207.1 209.3 215.5 219.2 222.5 225.3 226.4 224.9 223.3 224.6 227.6 232.3 233.9 232.6 226.9 220.7 215.2 221.8 230.4 237.5 243.6 246.3 246.2 242.6 243.1 244.4 246.7 247.8 245.4 242.1 238.6 234.5 230.1 225.9 223.3 219.7 214 211.8 210.5 209.5 209.8 210.2 211.1 213.7 216.3 218.6
200.4 200.6 202 202.8 202.9 200.8 199.4 199.2 198.8 199.3 200.2 201.3 202.9 204.3 204 203.2 202.2 202 201.7 201.4 201.9 202.9 203.6 204.7 205 204.4 203.5 206.5 208.8 210.7 211.3 209.1 210.1 215.3 222.8 227 229.8 231.9 232.8 233.4 234 237.2 240.7 244.9 245.2 242.7 235.8 228 222 230 238.7 247.9 256.5 258.9 258.7 256.7 257.7 257.3 257.1 255.8 252.5 249.4 245 238.4 233.2 228.6 225.7 220.6 215.9 213.4 211.7 213.4 214.2 214.5 217.4 220.2 222.7 225.3
200 200.2 200.5 199.9 199.1 199.1 199.3 199.5 199.4 199.7 201.4 203 204.5 205.3 205.1 204.4 203.4 201.8 201.6 201.9 203.6 204.8 206.1 206.1 204.9 205.4 210.2 211.4 213.8 216.3 216.7 215.3 214.2 222.8 228.5 233.1 237.1 241 243.2 245.8 249 252.5 255.8 258.9 258.8 254.6 246 236.9 230 237.7 246.5 257.8 270.6 272.2 272.2 271.8 270.5 270.7 267 263.3 258.2 256 249.9 241.6 235.4 230 225.7 221.5 218.6 214.9 214.2 216.6 218.5 220.3 223.6 226.8 229.6 232
200.4 200.6 200.9 200.7 200.2 200.6 200.6 200.8 201.1 201.1 202.6 202.4 205.8 205.8 205.7 205.5 204.6 202.7 201.9 203.4 204.5 205.6 205.8 205.7 207.3 211.6 213.7 215.5 218.1 220.5 223.4 221.7 215.9 225.4 233.4 241.3 247.1 252.6 257.2 260.9 264.5 269.3 271.3 273.4 273.4 266.2 257 244.4 236.4 243.2 251.9 268 279.1 284.4 285.6 284.1 282 279.8 276.1 270.5 263.4 256.4 249.8 244 237.4 231.3 225 221.2 218.8 216.4 218.1 220.6 223.1 226.5 229.7 233 236.3 238.9
201.2 201.1 201.3 201.5 201.7 202 201.9 202.1 202.4 203.2 203.4 202.9 205.5 206.2 206.1 205.9 205.5 202.6 202.9 203.6 204.3 204.9 205.8 207.7 213.1 215.3 217.7 220.1 225.5 226.8 228.5 225.9 221.9 225 237.4 246.8 255.5 264.5 271.6 276.6 281.4 287.2 290 288.4 285.7 277.9 266.3 252.9 243.4 249.4 258.2 271.9 286.9 294.6 297.2 294.8 292 289.1 281.5 273.6 264.2 257.4 251.1 243.9 237.6 231.2 225.5 221.4 220.2 220.1 222.5 225.2 229.5 233.1 236.2 239.4 242.6 245.6
202.5 202.9 203.4 203.4 203.3 203.4 203.3 203.4 204.2 206.9 204 203.6 204.9 205.4 204.4 203.6 202.8 202.3 203.5 204.4 204.7 205.4 209.6 213.2 217.5 219.5 222.9 228.5 233.1 234.6 232.7 230.1 227.2 229 241.5 253.2 263 275.1 284.7 292.8 299.4 306.8 307.2 304.5 299 291 277 262.3 252.3 255.9 264.8 278.2 296.1 305.6 306.9 304.1 301.3 296 286.9 275.4 265.5 257.5 250.5 243.6 236.2 229.4 225.9 224.7 223.9 225.1 228 232.3 236.8 241.1 244.8 248.4 251.9 253
203.5 203.9 204.1 203.8 204.3 203.6 204.2 205.3 205.2 206.9 203.6 204 206.1 205.8 204 203.3 203 203.4 203.7 205.1 205.5 208.4 213.2 219 222.7 224.5 229.5 235.5 239.6 239.8 236.8 234 231.1 233.8 243.9 257.5 271.1 286.6 300.3 308.1 316.8 321.7 321.1 320.8 313.2 303.8 288.8 274.2 262.7 264 273.4 285.8 306.4 315.7 315.8 312.3 307.6 300.4 291.5 277.9 265.3 257.8 250.6 243.8 236.2 231.7 231.1 230.4 230.5 232.9 236.5 241 245.5 250.2 253.9 257.7 260.2 260.8
204.1 203.8 203.5 203.2 203.8 205.2 208.1 207 206.4 204.9 204 203.7 204.4 204.8 203.8 203.6 204.1 204.5 204.3 205.2 207.4 213.5 219.2 225 228.7 232.6 237.1 242.7 246.9 246.3 241.8 237.9 235.1 239 247.5 262.4 276.8 293.6 309.9 320.2 328 332.1 336.2 335.7 327.1 316.9 302.3 285.7 274.9 278.2 285 295.6 311.2 320.9 320.8 318.8 313.7 306.4 291.5 277.1 267 259 250.9 245.3 238.2 237.9 238.8 238.1 238.2 241 245.4 249.9 255.1 260.3 264.8 267.4 269.1 270
204.1 205.2 204.6 204.1 204.7 208.7 209.2 207.5 207 205.8 205.4 203.9 203.9 204.1 203.6 204.5 205.1 205.5 205.5 207.8 214.7 218.2 225.3 231.7 234.6 238.6 245.6 252 254.4 253.9 250 244.9 241.1 243.4 252 264.9 282 299.9 317.8 329.3 339.5 343.9 349.9 348.6 340.3 330.4 316 298.4 291.4 294.8 299.6 311.5 324.7 329 328.8 325.8 320.6 311.6 291.2 282 269.9 258.4 251.1 247.9 246.5 246.5 246.1 245.9 248.2 251.5 255.9 261 267.1 271.8 274.2 277.3 279.7 278.8
204.3 204.2 205.9 205.7 204.7 205.6 205.9 205.2 206.3 207.4 206.8 204.7 203.3 203.5 203.7 204.6 205.5 206.3 209.3 215.5 219.3 222.2 229.9 236.5 240.8 247 253.4 260.8 263.3 261.1 258 251.3 245.9 246.1 253.7 267.2 284.8 301.9 321.9 337.1 347.6 355.2 362.8 361.1 353.9 343.7 328.5 313.6 310.8 314.5 321 330.9 338 339.5 338.1 334.4 329 315.6 295.4 285.3 271.3 259.6 254.5 252.2 254.4 255.1 255.3 256.6 259 262.7 267.4 273.1 279.1 284 287.2 288.4 289.8 288.5
204.6 204.8 208.1 205.1 203.7 204.1 204 204.3 205.6 207.6 205.4 204 203.1 203.4 203.8 204.9 206.9 211.8 215.7 219 221.3 225.1 235.7 242.7 248.9 257.3 265.5 272 272.6 270.8 266.7 259.1 252 250.1 258 268 284.5 301.8 320.4 338.9 354.2 365.1 373.3 373.3 366.8 355.3 344.9 333.6 331.5 335.8 343 349.4 348.6 348.8 346.8 340.1 332.2 310.7 300.8 286.9 269.7 265.7 258.8 259.2 261.7 263.9 265.8 268.1 270.4 274.7 279.8 285.5 291.3 295.7 298.6 299.8 300.8 297
205.1 205.3 205.9 203.5 204.2 204.6 204.3 204.3 203.4 203.9 202.9 203.1 204.5 205.4 205.8 207.4 212.6 217.9 218.6 221.1 222.6 227.8 240.8 249.3 257 266.1 275.2 281.7 280.8 278 272.7 265.4 259.2 256.1 264.3 274.2 285.4 302.4 318.1 336.5 354.6 370.6 380 380.8 374.2 369.3 361.7 355.3 354.4 355.9 357.4 359 356.6 354.1 349.9 341.4 324.9 313.1 302 289.7 280.4 271 263.6 266.6 270 274.3 277.2 280.7 285.9 290.3 293.6 297.8 302.7 308 309.7 310.2 310.3 305
205.4 205.8 204.6 204 204.2 205.2 204.8 203.1 202.7 203.1 203.6 206 206.3 207.4 212.5 217.2 219.2 221.2 222 221.8 225.3 231.5 243.8 253.8 265.1 275.4 284.6 290.6 291.1 288.3 280.3 272.7 266.2 262.6 271.1 282.5 293.5 307 320.4 332.3 351.5 370.2 381.6 386.6 384.1 380.8 377.3 375.3 372.6 368.3 365.9 364 359.4 354.8 346.8 338.1 320.2 312.9 306 297.4 287.6 276.4 269.5 273 279.1 284.7 290.3 296 300 302.3 305.4 309.6 315.2 318.6 319.7 319.7 319.3 312.5
204.9 204.9 205.4 204.7 204.7 204.8 203.4 202.3 203.5 206 206.8 209.9 211.5 214.1 215.5 218.4 220.4 222.4 223 224.3 229.3 235.5 247.4 257.9 271.6 284.3 294.2 300.1 300.3 296.8 287.7 279.8 273.8 270.1 277.6 288.8 301.4 315 327 339.3 354.9 370.6 384.5 393.2 394.6 393.9 391.8 388.2 385.9 377.1 370.5 363.6 354.3 345.6 337.8 327 319.8 319.8 316.5 306.1 294 282.5 274.7 279.6 287.5 295.7 302.2 306.8 312.3 315.6 317.5 321.5 325.9 328.4 329.9 327.8 325.3 318.8
204.4 204.8 205.7 205.7 205 203.1 202 204.4 208.1 210.8 213.4 211.6 214.4 216.3 216.9 218.8 221.3 223.3 224.3 226.2 233.8 241.6 252.8 265.3 277.7 293.1 303.7 310.3 310.8 307.8 300.7 289.2 282.3 278.5 287.9 296.6 309 322.2 334.3 346.9 362.1 375.4 388.8 399.4 402 403.8 402.3 397.1 390.5 377.9 365.3 352.8 341.6 332.8 327.6 321.5 323.4 326.7 322.4 314.1 299.8 289.6 280.9 287 296.8 307.2 314.9 320.2 325.5 328.3 329.7 332.3 336.9 339 340.3 335.8 327.9 322.1
203.4 203.3 203.8 204 202.4 202.5 205.3 212.1 214.6 213.3 214.7 213.7 216.4 218.5 219.1 220.3 222.1 224.2 227.1 231 239.5 247.6 257.6 271 284.9 298.3 311.5 318.4 320.1 316.8 310.6 301.6 292.9 291.3 301.1 308.8 318.6 329.3 341.8 354.5 367 381 392.4 400.5 404.4 409.1 400.5 389.8 377.6 364.5 351 338.6 327 319.3 317.6 319.3 328.9 331.7 331 323.6 313.5 298.4 288.2 295.1 306.7 319.3 328.6 334.2 339.2 341 341.8 343.7 348.4 349.7 350.2 344 334.8 327.9
201.9 201.4 201.5 201.9 203.8 207.4 212.6 215.2 215.6 214.4 214.9 217.7 219.2 220.3 221.1 222 224.8 230.9 231.8 236.2 245.1 253.6 263.5 275.6 290.2 302.9 315.6 325.4 327.1 325.5 319.6 313 304.3 305.2 309.7 319.6 329.3 339 350.2 361.8 372.8 386.2 395.3 399.3 398.4 392.8 382.3 372.5 361.3 348.5 335.4 321.9 309.9 310.8 317.1 323.6 335.6 343.4 344.3 337 325.7 311.3 296.9 305.2 317.2 331.8 341.9 348.3 352.4 353.5 354.3 354.9 359.3 359.5 357.8 351 342.4 335.2
201.1 201.6 201.1 204.8 208.6 214.6 216.4 216.6 216.8 217.6 219 219.9 221.2 221.9 222.9 227 231.5 234.9 237.6 242.6 250.5 259.4 269.7 282.3 296 310.4 321.6 328.9 336.8 336 331 325.4 319 322 327.5 334 341.5 350 358.2 366.7 376.2 387.5 394 394.3 388.2 378.3 366.9 354.8 343.4 330.6 317.2 303.7 299.1 306.8 317 328.9 342.5 353 354.4 347.4 337.2 321.2 308.9 317.5 329.5 344.3 355 361.8 364.6 366 365.5 365.4 368.9 367.7 365.8 358.1 349.1 338.2
201 200.9 207.2 213.4 211.8 215.8 217.7 217.9 218.1 220.2 221.3 221.8 223.3 225.2 227.3 235.6 240.9 243.5 243.5 249.1 257 264.7 277.4 289.7 302.8 317.1 328.7 340.1 348.7 348.4 344.5 339.4 335.3 333.1 339.6 348.1 354.3 360.3 363.7 369.5 374.7 383.9 386.1 383.5 375.3 362.2 348.8 334.6 323.2 311.4 298.3 291.7 296.1 310.8 323 336.1 350.2 364.3 362.4 356.6 346.6 330.7 325.7 330.9 342.5 355.5 368.3 373.4 376.4 375.3 375.8 373.1 375.1 375.5 371.3 362.9 353.3 338.2
201.7 207.6 213.3 216.6 213.6 216.3 218.6 219.3 219.7 222 222.9 224 225.5 227.5 234.5 243.4 248.3 250.1 249.7 255.5 263 270.2 284.2 296.7 309.5 326.2 338 351.5 362 360.8 357.6 353.4 346.6 344.6 348.2 355.9 362.7 365.3 370.7 367.8 370.7 371.4 371.3 367 357.1 344.9 330.2 315.3 304 293.6 285.6 289 298.2 313.2 326.1 344.1 360.6 374.7 370.4 366.8 359.1 345.4 343.3 348.2 356.2 366.3 379.2 383.8 384.5 383 381.4 378.3 377.7 373.2 366.9 360.8 348.5 337.1
208.5 216.4 216.6 215.1 215.2 217.4 219.6 220.3 221.7 224 225.1 227.3 228.5 234.2 244.1 250.8 253.3 255.4 256.3 262.5 268.5 276.4 290.3 304.4 318.5 333.2 344.9 360.2 371.1 370.4 367.4 364.4 356.7 352.2 351.6 358.4 367.7 368 365.1 361.5 357.4 356.6 353.8 348.6 339.7 328.4 315.1 302 291.2 280.9 283.1 292.1 303 316 331.4 349.5 368.7 382.2 378.7 377.2 370.6 360 361.3 367 370.8 379 387.2 390.2 389.6 385.7 379.4 373.4 368.1 362.1 355.8 349.6 341.6 333
212 215.9 215.4 215.3 218.2 220.6 223.2 224.6 227 229.2 229.6 233.2 236.8 243 252.6 259.7 261.8 260.2 264.1 268.8 274.5 282.9 297.1 312.2 326.3 336.8 348.7 365.4 377.8 377.6 374.8 372.5 364.6 353.8 351.3 356 358 359.4 351.3 346.6 342.5 339.1 336 331.5 324.2 314.8 301.8 291.1 283 275.2 281.2 292.1 304.7 318.1 334.6 356.3 375.7 389.5 390.2 386.4 381.7 377.1 378.6 381.5 383.8 391 396 396 393.2 386 376.1 366.8 356.9 349.8 343.6 338.2 333.3 328.7
211.9 215.5 215.6 220.6 221.7 224.7 227.8 231.2 234.5 236.8 236.3 238.3 243.4 251.1 260.3 268.3 270.6 269.8 272.3 275.8 280.9 289.9 302.4 318.8 330 340 351.1 366.9 378.3 381.5 378.4 372 361.9 348.7 343.4 344.3 344.4 340.9 335.7 330.9 326.8 324.6 320.8 316.9 310.3 302.7 291.7 280.4 274.3 270.4 280.6 293.9 306.6 322.3 343.1 364.6 384.7 400 400.8 396.6 395.1 394.1 394.8 395.7 397.4 402.6 403.5 401.6 396 385.7 375 361.5 347.7 334.7 329.3 326.4 324.3 321.5
214.7 216.7 221.3 226.3 229.1 232.2 232.9 239.4 241.6 244.4 243.5 244.4 252.5 261.6 270.5 276.9 277.7 277.5 279.7 282.2 288.7 297.9 307 320.7 333.7 342.7 350.3 360.8 369 372.4 367.4 357.2 348.6 338.7 333 329.2 327.3 322.2 317.2 312.2 311.2 309.3 307.3 303.1 297.2 292.3 283.8 271.5 269 265.7 281 295.1 308.5 326.6 348.9 370.8 392.5 406.3 408.9 407.6 408.5 409.3 410 409.7 413.1 413.8 411.9 407.6 398.5 387.6 375 359.9 342.4 330.8 319.8 313.7 313.1 310.5
217.3 222.6 228.5 229.6 234.8 239.5 241.1 245.6 249.3 250.5 250.3 251.9 262.1 272.1 281.4 285.2 285.2 285.3 286.9 288.8 295.7 304.8 313.2 322.8 333.7 339.9 346.8 350.4 352.9 352 347.6 339.8 332 324 316.8 311.6 309.5 305.6 302 298.1 296.8 296.2 294.2 289.4 285.7 281.2 278.4 270.7 263.8 264.8 280.3 295.3 309.4 327.8 353.2 377.2 395.3 412.5 416.1 418.6 421.2 423.8 423.4 420.8 425.2 423.2 417.9 411.1 400.6 389.5 378.7 367.7 353.1 339.8 325 314.2 305.8 301.2
219.9 228.9 233.6 236.4 241.2 246.9 249.6 254.3 257 258.5 258.2 261.2 273.8 284.1 292.4 293 293.1 293.2 293.2 295 300.9 310 317.9 323.2 329 334.8 339 337.8 335.9 333.1 327.8 321.9 316.2 309.4 303.2 299.3 296.7 293.8 287.8 283.8 282.5 282.4 280.6 277 275.9 276.2 273.8 266.9 259.1 262.3 278.3 293.5 310.5 330.5 354.4 378.6 396.5 416 420.6 422.7 426.7 429.4 428.3 428.6 433.6 428.2 421.8 413.3 402.8 391.4 382.9 374.4 363.9 347.2 331.6 321.2 314 307.9
224.7 233.5 238.7 242.7 247.9 253.6 258.3 262.7 266.2 268.7 270.6 273.9 284.8 296.6 300.5 299.6 300.6 299.7 298.8 300.7 305.5 312 318.3 320.6 323.8 325.7 326.2 324.5 321 316.5 311.1 305.4 300.5 296.8 292 286.8 283.1 278.7 274.6 271.3 270.2 269.6 269.8 269.1 270.9 272.1 269.2 263.3 254.7 256.3 272.9 287.9 305.3 326.2 351.9 376.4 398.1 411.8 420 418.9 418.8 422.5 424.7 430.8 432.5 428.9 423.2 414.3 404.9 395.4 388.2 380.1 370.5 358.9 348.3 339.2 330.4 324.4
231.8 239.9 244.5 250.8 255.5 262.3 270 275.7 278.2 280 284 290.8 299.6 308.3 309.8 307.4 308.2 305.9 304.6 305.6 309.1 315.8 320.5 318.3 317.2 317 315.3 311.4 307.4 301.5 296.4 291.3 287.2 283.9 279 273.3 268.8 265.6 263 260.4 258.6 258.6 258.7 261.4 264.7 265.5 262.1 257.4 249.2 252.1 263.5 279.7 298 318.3 346.9 370.6 388.2 398.9 404 407.7 406 408.8 413.8 417.6 420.1 420.8 418 413.7 407.7 399.1 392.6 387.3 378.6 369.3 365.1 359.4 351.3 345.6
234.3 240.6 247.7 256.9 264 273.9 284.1 291.2 294.9 295.3 298.3 306.9 315.2 318.7 316.9 315.6 313.6 308.3 306.3 308.3 311.3 315.6 318.2 313.9 310.6 309 305.8 301.2 295.2 288.5 282.2 278 273.9 270 265.5 260.8 256.2 253 251.2 249.2 247.7 248 249.7 253 256.1 255.9 253.5 249.9 244.9 245.4 256 269.5 286.9 310.9 334.4 353.8 368 378.9 387.1 387.8 387.1 390 394.9 397.9 400.3 403.2 405.8 406.3 406.5 401.9 399 397.1 386.6 381.9 381.6 377.3 372.2 367
238.3 244.7 252.4 262.3 273.8 285.6 296.7 305.6 309.7 310.2 313.5 320.5 327.7 325.7 320.7 318.6 312 307.9 305.6 305.9 307.5 309.9 312 308.9 304.9 301 293.4 287.9 282.2 276.1 271.6 266.7 262.5 258.8 253.5 248.5 243.4 239.9 238.7 237.8 238.2 238.4 240.5 243.8 246.4 245.3 243.4 242.6 240.9 239.3 249.3 262 280.1 299.6 317.1 333.2 346.7 356.5 364.1 365.9 364.7 369.7 372.4 374.7 377.2 383.1 389.9 396.9 402.5 406 402.8 399.6 397.2 395.8 393.6 390.3 385.2 378.8
243.6 249.4 257.5 270 283.8 297 309 319.8 325.2 325.8 328.9 334.1 335.6 328.6 320.4 314.8 308.2 304.9 302.1 298.5 300.1 301.1 302 298.7 294.4 288.4 281.8 276.6 272 266.6 262.2 256.9 252.9 248.7 243.6 238 233.9 231.7 229.7 229.2 230.4 232.6 233.5 235.1 235.8 235.8 235 234.6 235.1 236.2 243.9 254.3 268.3 282.6 296.7 310.3 323.2 333.6 341.4 343.6 344.1 345.8 349.1 351.4 354.7 363.2 372.4 382.3 391 398.4 401.8 403.2 406.5 406 402.9 399.6 389.4 377.1
246.9 253.3 262.9 278.6 293.4 307.5 320.2 332.5 338.9 337.9 340 342.6 340.7 329.1 318.4 309.8 303.5 298.8 294.6 289.9 288.6 289 289.3 286.7 282.1 276.9 271.1 266.6 262 257.4 252.7 248.2 243.8 238.8 232.7 229.5 229.3 228.8 228.2 227.9 227.9 228.1 229.4 230.4 228.8 227.9 228 228.4 229.6 231.6 238.4 244.5 252.8 264 275.3 288.1 299.1 310.2 317.3 321.4 323 323.1 325.6 327.9 333 343.9 355.1 366.5 377.7 389 397.7 408.6 412.7 409.1 403.6 394.7 382.5 369.9
249.7 257.1 269.5 285.7 302.1 316.4 330.8 343.1 349.7 348.1 348.5 347.2 340.6 326.7 316.2 305.8 298.4 293.1 287.3 282.3 278.5 278.2 277.6 275.3 269.3 265.7 260.7 256.6 253.4 250.2 245.9 241.3 236.9 231 228.6 229.4 228.7 228.2 228.1 228.2 228.2 227.1 228.2 228.6 227.3 227.3 227.5 227.7 228.4 229.7 230 234 239 245.4 256.3 266.9 277.5 287.6 295.2 301.6 302.6 302.1 304.6 306.1 314.3 325.7 336 351.1 366.7 381.4 395.6 407.6 406.7 400.7 392.7 383.8 373.2 360.1
