app/static/ascii/NT04.asc
ncols 200
nrows 200
xllcorner 300000
yllcorner 640000
cellsize 50
[rows 140 to 174 of 200, columns 78 to 155 of 200]
266.7 258.8 255.1 265.5 276.6 287.2 293.4 296 297.9 300 301.2 300.2 298.3 295.9 293.3 289.3 284.9 280.1 277.3 275.3 271.7 269.4 270.1 270.7 269.4 268.5 268.5 268.9 268.3 266.5 266.6 263.8 261.3 259 257.3 255.6 252.1 248.8 247.2 245.5 244.5 244.3 244.8 245 244.9 244.9 245 245.2 244.7 243.8 243.4 242.9 242.7 242.4 242.6 242.7 242.4 241.9 241.3 239.8 239.8 239.4 238.7 240.4 239.7 239 241.3 245.3 246.6 249.2 251.1 252.6 251.9 250.7 251.5 252.7 256.4 260.2
266.5 258.3 260 271.7 281.1 293 300.3 301.9 303.7 305.8 306.2 306 303.1 300.3 295.7 290.4 285.1 280.2 277.6 273.4 268.7 266.2 265.3 265.4 266.8 267 266.8 266.9 266.2 265.4 263.3 260.7 257.8 255.7 254.5 253.5 250.5 247.3 244.9 244.1 243 243.2 243.5 243.7 244 244.3 243.9 244.2 244.5 243.6 243.3 243.2 242.8 243.1 243.1 243.2 242.9 242.4 242 241.2 240.2 240.5 239.9 240.6 239.7 239.3 243.3 245.7 249.3 252.8 255.6 256.4 255.1 254 256.8 259.6 262.4 267.2
264.9 258.4 264 276.7 284.2 298.6 306.1 305.8 308 309.8 308.5 306.8 303.8 300.1 295.8 290.5 285.4 279.6 273.4 268.9 265.1 264.5 264.8 264.2 264.9 265.7 265.8 264.8 264 262.1 260 257.5 254.9 252.4 251.1 250.5 247.7 245.2 243.9 243 243 243.1 243.6 243.7 243.3 243.3 243.1 242.8 243 243.6 244.2 245.6 244.3 243.7 243.7 243.6 243.5 243 242.5 240.2 241.1 240.3 243.5 240.5 239.3 241.3 243.4 246.7 252.2 257.2 260.1 259.8 259 259.5 262.8 266.5 267.4 267
262.5 259 266.6 277.3 288.5 304.6 308.5 308.1 308.2 309.1 306.6 304.3 300.3 296.1 292.4 288.2 283.2 277.7 271.3 267.2 264.4 262 262.2 261.7 262.1 263 263.6 262.4 261.2 259.6 257.8 254.7 252.2 249.8 248.3 246.8 244.9 243.6 243 243 243 243 243.7 243.7 243.5 243.8 243.9 245.4 245 246.1 247.7 248.6 247.1 244.5 244.2 244 244.3 244.1 243.7 242.3 242.8 242.7 246.1 245 239.4 241.7 245.1 249.4 256.3 261.6 264.7 264.5 264.1 266.9 267.9 269.8 269.8 268.8
259.9 259.4 268.5 278.3 293.1 305.6 309.7 307.9 307.4 305.6 303.7 300.2 296.3 292.2 288.3 283.9 278.8 273 269.5 265.8 263.1 261.1 260.1 259.6 259.2 259.2 259.8 259.4 258.4 256.7 254.9 253 250.4 247.5 245.8 244.5 243.6 243 243 243 243 243 243.9 245.5 248.1 249.3 250.7 253.5 253 255.1 254.3 253.4 251.2 249.9 248.4 248.3 249.4 247.2 245.1 244.3 243.8 245.6 246.8 244.3 238 245.6 247.8 253 258.5 263.7 265.9 266.7 269 271.1 272.6 274.1 273.6 273.4
259 259.7 269.3 279.4 296.8 305.3 307.5 306.3 303.9 301.9 299.4 295.5 291.5 286.7 282.2 277.6 272.3 268.4 265.8 263.2 261.1 259.8 258.6 257.5 257.8 256.1 256.3 255.8 255 253.6 252 250.1 248.4 246.2 245.8 243.8 243.2 243 243 243 243 243.2 245 249.5 257.1 258.4 259.4 262.1 261.7 261.3 261 260.3 259.3 258.4 257 256.2 254.2 251.5 248.3 246.4 246 247.7 248.2 245.3 238.1 247.4 251.6 256.9 261.5 265.1 267.8 269.9 272.1 273.3 275.4 278.6 278.1 279
258.8 260.2 270.1 281.4 297.8 303.2 305.5 303.3 297.7 295.8 292.7 288.7 284.2 279.3 274 271.3 267.8 265.3 263.1 260.5 258.7 258.7 258.1 256.2 255 254 253.3 253 251.7 250.3 249.5 248.1 246.4 245.3 244 243.5 243 243 243 243 243.3 245.2 249.4 256.2 261.2 263 264.5 266.5 267.1 266.4 265.5 264.5 265.2 264.5 262.3 261.8 259.5 255.6 251 250.3 249.6 250.4 246.3 242.5 238.5 249 255.5 260.3 264.9 268.8 270.6 273.6 275.3 275.2 277.1 280.3 284.1 284.5
258.9 263.1 272.4 284.1 294 299 301.3 297.3 292.3 288.8 285.3 281.5 277 272.1 268.6 266.8 264.4 262.1 260.2 257.7 257.2 257.2 256.6 256 253.8 252.1 250.7 250.5 250.2 248.9 247.1 245.5 244.4 244 244 243.5 243.2 243.3 243.3 244.5 246 250.3 257.2 261.3 266.1 268.7 271.9 273.9 274.5 275.5 274 273.6 274 270.8 267.3 266.6 261.3 257.7 255.3 255 254.1 250.1 244.7 238.6 241.6 252.6 258.9 264.1 268.9 272.5 274.1 276 275.9 277 279 282 285.9 291
258.8 267.6 275.7 282.8 289 294.4 295.6 291.8 285.8 281.4 277.8 274.2 269.8 266.9 264.7 263.1 261.6 258.9 257.6 255 255.6 255.8 255.4 254.1 252.5 250.5 249.1 249.1 248.6 246.2 244.4 244 244 245 244 243.7 243.6 243.9 244.5 246.6 249.9 256.8 260.7 265 270.8 276.9 279 281.5 281.6 282.5 282.5 282 279.9 276.5 272.8 269.4 264.1 258.7 256.4 255.9 255.7 249.7 241.3 238.3 246.1 255.5 263.4 267.5 272.4 275.8 277.9 280.4 278.7 278.9 280.6 285.5 288.5 296.2
263 272 276.7 283.8 288 292.5 290.7 286.5 280 274 270.6 268.3 265.1 261.4 259.7 259.7 258.2 255.9 254 253.1 254.1 254.9 253.7 252.5 251.1 250.5 249.8 249.9 247.5 246.2 245.9 245.8 246.8 246.5 246.2 245.7 244 244 245.5 249 253.7 257.8 262.9 269.9 276.5 281.6 283.8 286.4 287.8 288.8 289.1 286.8 284.3 278.7 276.5 270.8 265.1 259.4 258.4 256.3 254.5 246.7 240.5 238.9 247.9 259.4 265.9 270.9 276.2 278.9 280.8 281.2 281.3 280.5 283.1 287.2 293.2 300.2
268.5 274.9 279.2 284.7 287.7 287.7 284.8 280.6 273.2 268.4 264.6 263 259.7 258.2 256.9 256.4 254.4 251.5 250.3 250.2 251.5 252.1 251.2 251.1 249.7 249.1 249.1 249.3 247.2 247.4 247.7 248.6 248.8 247.3 246.3 244.1 244.4 244.4 247 251.5 257.4 261.1 264.4 270.9 277.4 281.7 285.4 287.3 288.9 289.2 289.4 287.3 284.4 280.5 277.2 273.3 264.9 260.3 259.8 257.3 253.2 249.1 242.1 238.1 238.8 250.4 261.9 272.2 278.1 280.2 281.5 281.8 281.7 281.7 283.5 287.8 296 302.8
272.7 277.2 281 285.3 286 283.1 279.9 274 268.2 263.4 260.2 258 256.8 255.6 254.4 253.7 251.8 249.2 249 249.5 249.3 249.6 250.8 249.9 248.7 249.1 249.1 249 249.5 249.8 250.1 252.2 251.9 251 248.5 246.6 245.2 245.5 250 256.8 259 261.9 265.7 272.1 276.7 280.3 284.2 286.3 289.1 289 290.2 290.3 287.5 282.5 278 273.7 266.9 263.6 260.9 257 253.7 254.5 246.3 241.3 238.7 240.5 253.4 267.6 278.5 280.8 281.2 281.8 282.4 282.9 284 289.2 296.3 299.3
276.2 280.1 282.6 284.2 282.4 279.2 274.2 268.4 263.3 259.3 256.4 254.7 253.5 252.3 251.2 251.4 250.7 249.8 249 250.2 250.4 250.3 250.1 248.7 248.8 249.1 252.6 254 254.9 254.6 255.5 256 256.6 254.2 251.5 248.5 246.9 246.8 250.3 258.6 260.3 263 266.4 273.7 277.4 280.7 284.6 288.4 290.8 290.8 292.5 292.8 289.2 284.4 280.4 275 269.2 265.6 262.3 259.8 257.8 255.1 253.7 246.5 241.5 238.3 246.2 263 275.6 278.8 280.7 281.3 281.9 282.4 283.6 287.5 294.1 292.9
278.9 281.3 281.6 282 279.1 273.8 268.7 263.5 258.6 255.4 254.1 253.6 253.2 252 250 249.8 249.9 249.3 249.1 250.7 253.1 252.5 251 251.9 253 255.3 257.5 258.6 259.4 258.9 259.2 259.4 259.7 257.6 253.8 250 249.1 249.3 250 256.2 261.6 264.2 267 272.8 277.3 280.9 285.3 288.8 290.8 292.8 295.6 295 290.9 286.8 282.3 276.3 270.6 267 265.3 262.1 259.8 256.5 254.1 256 246.1 239.1 238.4 260.2 271.7 276 278.7 280.6 281.1 281.5 283.1 286.1 287.6 286.4
280.6 281.7 281.2 280.9 276.1 271 265.2 259.8 255.3 253 252.6 252.7 252.2 251.3 249.1 249.9 250.8 252.4 254.6 255.4 256.5 257 257.6 258.8 259.2 261.2 261.4 262.3 263.1 262.7 262.7 263.7 262.9 259.6 255.9 254.2 250.7 250.3 249.2 254.8 260 262.9 266.5 270.3 276.4 279 281.9 286 287.8 291.2 295.1 294.8 291.7 287.6 283.3 276.9 272.3 270.2 268.5 264.7 261.8 258.6 255.6 253.3 248.1 239.8 238.4 260.7 267.1 271.8 275.6 277.8 279.6 280.8 279.6 281.1 281.5 279.7
282.3 282.1 281.5 278.4 273.3 267.4 261.1 255.9 253.3 253 253.5 252.7 251.7 250.6 251.5 252.6 256.4 259 260.8 261.6 262.5 264 264 264 265 265.9 265.7 266 266.2 265.9 266 265.9 265.2 262.1 259.2 256.4 252.2 249.1 249.1 254.3 258.6 261.7 265.3 268.3 273.2 276.5 278.9 282.9 285.3 289.5 293.1 293.1 291.9 287.3 282.7 277.7 275.1 273.9 271.9 268 263.6 260.6 260.2 254.7 247.7 242.5 238.2 257.1 265.1 267.8 271.6 274.8 276.8 276.7 276.5 277.2 276.1 274.6
282.9 281.9 280.5 275.4 269.3 263.1 257 253.5 252.9 253 253.5 254.5 254.3 253.4 256.1 260.3 263.4 265.7 267 267.7 268.5 268.5 268.7 268.8 269.3 269.9 269.8 269.8 269.2 268.8 268.4 268.1 265.5 264 261.4 258.6 254.6 250.4 250.2 252.3 256.9 260.4 263.3 266.3 269 272.4 275.8 279.4 282.9 288.4 290.6 291.6 290.9 287.7 283.2 280.6 278.2 277.4 274.6 270.6 265.6 261.8 259.4 256.5 247.5 240.4 238.8 254.9 259.8 263.1 267 270.3 272.3 270.8 272.5 273.1 271.9 270.7
282.4 281.3 276.6 271.1 264.9 258.6 253.8 252.9 252.9 253 253.4 254.4 256.4 260.2 263.8 267.9 270.5 272.9 273.2 273 272.9 273 273.3 272.8 273 273.2 272.8 272.1 271.9 271 270.6 270.2 266.7 265.2 263 260.7 255.3 253.7 249.4 251.1 255 258.6 261.4 264.1 266.7 269.8 272.7 276.6 280.8 284.6 288.4 290.7 289.8 287.7 285 282.9 281.8 280 277.2 271.9 266.5 262.3 258.5 255.5 249.8 242.9 238.6 249.3 254.7 258.5 262.7 267 268.2 268.2 268.9 269.4 268.2 267.7
281.3 278.4 272.8 267.4 260.8 255.4 252 253.3 253.3 253.5 254.2 258.4 263.1 267.4 271.7 274.6 277 279.4 278.7 277.9 277.4 277.7 276.2 276.7 277.1 275.8 275.2 274.5 274.7 273.3 272.2 271 268.3 263.8 264.4 261.2 256.6 252.6 250.2 249.6 253 257 259.3 261.8 264.4 267.2 269.7 275.6 281.1 286 289.4 290.6 289.3 288.6 287 285.7 284 281.6 278.9 273.4 267 262.7 259.6 256.7 251.8 244.2 238.4 245.1 250.6 254.4 259.2 263.8 266.7 267.1 266.5 265.6 264.3 265.1
279 275.1 269.4 263.6 257.3 253.3 250.7 253.6 253.9 257.7 261.3 264.9 269.6 273.9 276.3 279.3 284.1 284.3 282.9 281.9 280.9 280.8 279.4 280.4 279.6 278.6 277.5 276.3 276.2 272.3 270.4 270.5 266.8 263.3 262.3 260.1 255.4 253 249.7 249.2 250.5 254.9 257 259.9 262.9 266.4 271.7 278 283.7 288.3 291.5 292.3 291.8 290.2 290 287.4 284.2 283.5 280.5 274 269 262.9 260.5 254.1 249 243.1 238.9 248.7 250 252.6 257.7 262.5 264.7 264.6 262.6 261.7 260.8 261.3
275.8 271.9 267.1 259.3 252.7 249.9 250.3 254.1 257.8 262.2 265.8 269.4 274.1 278.2 281 283.4 284.4 285.2 286 283.5 283.7 283.4 282.6 281.7 280.7 280.9 278 275.1 273.5 270.1 269.3 268 265.9 261.9 258.8 256.8 256 255.3 251.5 250.6 249.1 251.6 255 259 262.8 267.8 273.1 280.6 286.3 290.9 293.8 295.1 294.9 292.9 290.9 287.3 285.8 285.2 279.5 275 269.1 263.2 257 252.9 247.7 243.5 238.5 241.8 249.6 252.3 256.6 261.3 262.3 259.9 257.6 257.3 256.2 254.9
271.3 268 262.6 253.9 249.2 253 254.3 257.1 260 265.6 269.2 272.5 278.5 281.4 282.9 284.6 285.9 285.9 285.9 285.5 285.7 285.8 285.1 284.5 282.8 280.3 275.6 274.2 272.9 270.4 269.5 268.1 263.7 260 255.8 256.2 257.5 255.8 255.5 250.9 249.1 251.5 254.4 259.3 264 269 274.3 283.1 288.3 292.7 295.9 297.9 295.8 294.1 290 287.1 284.3 281.4 277.5 272.2 265.4 258.7 252.3 247.6 246.5 244.2 240.9 235.5 244.1 252 255.8 257.5 259 253.7 251 249.8 249.5 248.8
266.3 263.1 258.8 250.4 255.9 255.5 256.8 260.2 263.4 269 272.4 275.2 279 281.4 283.4 285.8 285.9 285.7 286.5 287.3 287.8 287.7 285.8 285.5 283.4 279.2 275.5 273.3 271.3 267.7 265.8 264.3 262.4 259 258.5 260 259.8 257.8 255.4 250.3 249.3 253.2 255.3 258.5 262.7 267.7 274 281.2 287.8 292.7 296.9 298 295.3 291.2 286.6 282.4 278.5 274.7 270.9 265.9 260.2 254.8 249.3 248.4 248.9 247.2 243.6 238 235.9 247.1 255.8 255.1 254 248 244.7 244.9 245.3 244.6
259.3 257.4 256.1 249.7 255.9 255.2 258.2 261.4 265.2 267.3 270 273.3 274.8 277.4 280.5 283.8 284.6 286.9 288.4 288.7 288.2 287 285.6 284.9 284.8 279.1 275.4 273.4 270.7 265.8 265.4 263 259.9 259.3 260.9 260.9 259.9 257.6 255.2 249.4 249.1 250.5 253.9 257.3 261.6 266.5 272.6 279.9 285.5 291 293.5 294.4 291.9 288.8 284.6 279.8 275.5 271.3 264.9 260.7 255.8 251.6 249.9 249.7 250.9 250.3 246 240.2 236 243.3 251.4 253.9 248.2 243.7 242.4 243.8 245.5 248.1
254.2 253.1 252.2 250.3 253.3 257.3 260.7 261 263 265 267.1 268.4 270.3 273 276.7 280.8 284.8 286.6 287.6 287.3 286.9 286.3 284.4 284.8 282 275.2 273.1 271.1 269.9 268.3 264.4 263.3 261.7 260.5 259.7 258.3 256.4 255.7 253.1 249.4 248.7 248.9 251 255.1 260.8 267.3 273.6 279 282.8 287.2 289.2 290.2 289.5 286.8 283 278 272.7 267.9 260.4 256.2 254.6 251.6 250.2 249.9 250.4 251.5 247.2 241.1 235.4 239.6 246.7 245.5 243.6 240.9 242 245.8 247.7 250.7
249.3 250.6 251.1 245.7 251 254.1 257.6 258.2 259.5 261.1 261.8 263.5 266.6 271.3 275 279.1 281.4 282.6 282.8 284.8 284.1 285.2 283.6 280.8 277.5 272.9 271 269.7 270.8 268.5 265.9 263.9 263.9 261.9 259.1 255 253.4 252.8 250.2 248.4 247.9 248.6 250.6 255.1 259.5 264.9 272.3 277.6 280.8 284.5 286.9 289.6 290.4 287.2 282.5 276.2 270.7 265.9 264 261.2 257.3 253.3 250.9 249.8 251.1 253.1 246.5 239.8 236.7 237.2 242.1 238.6 242.4 244.7 246.4 248 250.7 253.3
246.3 246.3 244.9 243.9 249 251.5 253.1 253.9 254.9 256.7 259.4 263 266.8 270 272.2 275.3 277.5 277.7 280.2 284.4 281.9 281.5 280.7 276 275.2 273.5 271.6 272.8 271 269 266.7 265.8 262.1 259.4 256.2 251.7 250.1 250.5 248 247.1 247.6 248.5 250.9 255.2 259.6 264.3 270.2 274.8 278.4 282.4 285.6 287.7 288.5 286.1 280.3 274.7 269.9 267.9 266.8 263.8 259.8 255.1 252.9 249.2 248.4 247 243.2 238.9 236.5 236.9 237.9 242.3 247.7 247.7 246.9 250.1 253.7 255.9
243.9 243.9 243.9 245.6 249.7 249.4 250.9 251.6 252.7 253.8 257.5 260.9 263.4 265.2 266.5 269.8 271.4 272.6 274.9 276.4 276.7 276.5 274.9 272.4 272.9 273.7 274.5 273.9 271.8 270.7 269.2 266.6 261.9 259 254.2 250.7 249.1 247.3 246.7 246.5 247.4 248.4 251.7 256.1 260.3 263.6 268.2 271.4 274.6 277.8 281.8 284.7 285.3 285.6 276.2 272 270.1 268.7 268.6 266 261.2 257.1 254.8 250.2 246.6 243.9 241.1 238.4 235.3 236.9 240.7 243.6 244.5 247.3 250.8 253.8 256.6 260.6
243.9 243.9 243.9 246.5 251.3 249.2 249.8 250.2 250.9 252.1 254.1 256.6 260 260.9 262.7 263.7 265.1 267.8 269.3 269.9 270 270.6 271.1 271 274 276.5 276.7 276.7 276.2 275 272.8 269.4 265.2 261.1 256.1 253.6 249.3 247.6 246.4 246.2 246.5 248.4 251.9 255.4 258.8 262.8 265.6 268.1 270 273.6 277.1 280.2 281.5 279.8 272.9 271 270.3 271.3 271.3 267.7 262.6 258.8 254.7 249.8 246.6 243.8 241 238.5 236.8 234.7 241.2 244.2 244.5 249 253.2 258.6 260.7 263
243.9 243.9 243.9 247.4 253 255 249.7 249 249 249.7 250.7 252.2 254.8 255.2 256.7 257.2 260 263 263.8 264.1 263.6 263.9 266.4 272.2 277 279.9 280.5 280.1 279.5 278.2 275.5 272.8 267.5 263.5 260.2 256.7 251.5 247.6 246.2 245.9 246.1 247.3 250 253.2 257.4 260.2 262.6 265 267.6 270.6 272.7 275.2 276.2 274.5 273.6 274.3 273.5 275.3 274.8 269.7 264.6 259.5 254.1 249.3 246.4 244 240.7 237.2 234.2 233.1 240.4 247.3 247.3 252 255.9 259.2 263 265.3
243.9 243.9 243.9 248.5 251.7 251.4 250 249 249 249 249 249.7 250.5 251.5 253.3 253.7 255.3 256.4 258.9 259.2 259.7 265.2 269.8 274 279.4 280.9 280.3 280.6 280.6 280.3 278.1 273.6 268.1 264.8 261.8 257.2 252.7 247.9 246 245.5 245.8 246.8 249 252.2 256.3 258.6 261.1 264.7 268.7 272.1 273.7 275.9 275.7 275.8 277.5 278 278.6 279 275.5 271.2 267 261.3 254.3 249.3 246.1 243 239.2 234.2 233.6 233.8 238.7 248.6 251.8 253.6 257.9 264 265.7 268.3
243.9 243.9 244.6 249.2 250.9 250.3 250.6 249.6 249 249 249.1 249.5 250 250.9 251.9 253 254.4 255.3 255.8 258.2 259.8 266 271.2 273.8 277.1 279.6 279.5 279.4 279.3 277.4 274.1 272.6 268.2 264.6 261.3 258.5 253.7 248.8 246.6 245.6 245.5 246.8 248.9 251.4 255.9 258.1 261.1 265.3 269.9 273.6 275.9 278.9 280.1 280.9 281.9 280.9 282.5 280.6 274.5 269.6 268.1 262.3 254.5 251.2 244.9 241.4 236.1 233.7 233.7 235.6 240 244.3 251.3 252.8 260.5 268.3 269.1 271.9
243.9 243.9 244 247.2 251 250.3 249.6 250.4 249 249 250.2 249.8 249.9 251 251.6 252.6 253.6 254.8 254.9 254.4 258.6 262.2 267 270.6 274 277 277.3 277.3 277.2 275.9 274.3 272.3 268.8 265.3 262.3 259.5 252.6 248.4 246.4 245.4 245.5 246.2 248.4 251.5 255.1 257.1 259.7 265.5 270.2 275.1 278.5 281.5 283.6 284.9 284.7 283 279.2 276.9 272.2 267.2 264.1 259.7 255.8 252.2 246.1 238.6 233.3 233.3 235 238.9 243.1 247.4 251.4 254.7 258.6 268.4 270.4 275
243.9 243.9 245.1 248.6 249.5 250.3 250.6 250.9 250.8 251 250.7 250 249.7 250.8 251.7 251.7 252.4 253.9 253.5 252.9 256.8 258.5 260 264 268.2 271.7 273.8 276.2 277.5 276.1 275.3 272.8 269.9 266.6 263.3 260.3 253.9 249.7 247.4 246.1 245 247 248.9 251.3 254.4 256.9 259.9 264.1 268.7 274.4 280.7 284.3 287.1 288.1 285 282.7 277.2 273.9 269.1 264.9 260.4 256.2 251.9 246.7 242.3 234.8 232.8 232.8 238.3 242.5 246.7 251.2 254.8 257.7 263 271.1 271.2 275.8
243.9 243.9 246.5 249.2 247.7 247.8 249.1 250 251.1 250.1 251 250.2 249.6 249.9 251.3 250.2 249.8 251.5 250.5 251.7 253.8 254.9 257.2 259.2 261.3 264.4 267.7 274.2 278.2 279.6 276.2 275.4 273 268.8 265 261.6 255.1 250.6 247.9 244.9 244.3 247.9 251.2 253.4 255.6 256.1 258.3 261.8 266.5 274.1 282.1 287.3 290.8 290.7 285.4 281.5 276.3 274 269.5 264.3 259 254.5 248.4 242.7 238.7 232.2 233.2 236.6 241.8 246.8 251.4 256 259.5 262.2 269.4 271.6 271.3 272.9
