app/static/ascii/NT05.asc
ncols 200
nrows 200
xllcorner 300000
yllcorner 650000
cellsize 50
[rows 105 to 139 of 200, columns 0 to 77 of 200]
271 271.2 268.4 265.4 263.8 263.8 264.2 264.5 265.7 268.1 269.5 271.4 273.7 275.4 279.2 281.1 277.9 276.3 275 273.7 274.2 274.2 274.2 273.7 274 274.3 274.5 275.7 275.6 275.8 276 276.1 274.8 274.5 273.5 272.1 270.9 268.9 269.8 268.9 268.9 276.1 276.1 275.5 276.8 279.6 284 290.4 291.3 289.5 288.9 288.5 288.5 287.9 288.7 290.6 295.2 297.7 300.1 300.4 304.7 309.6 312.8 317.3 321.2 320.1 322 323.9 325.3 325.1 326.2 325.9 326.2 326.2 326.2 326.2 324.3 325.3
271.1 269.4 269.8 266.1 263.9 263.8 265.8 265.9 267.4 269 270.6 271.8 276 280.2 281.1 281.1 276.8 274.5 274 272.6 272 271.9 271 269.6 272.2 274.8 276.1 276.1 275.9 276.1 276.1 276.1 274.9 274.2 272.7 271.1 270 268.9 268.9 268.9 270.1 276.1 275.1 273.9 281.1 282.2 287.1 291.2 289.1 287.4 287.9 287 287.1 286.7 288 290 291.7 295 297.8 299.3 303.5 310.1 314.2 315.5 319.5 319.4 321.2 319.9 322.3 324 324.8 326.2 326.2 326.2 326.2 324.2 324.3 324.1
268.8 269.7 269 266.4 267.5 267.5 267.9 267.4 268.5 271.5 272 273.6 277.6 281.1 280.6 279.4 277.9 275.6 271.7 269.9 269.5 269.2 270.5 270 271.3 273.5 276.1 275.8 276.1 276.1 276.1 276.1 274.7 273.7 272.7 271.2 268.9 268.9 268.9 270.7 274.1 276.9 279.5 274.4 277.2 281.4 287.3 287.1 285.3 286.5 287 285.7 285.6 286 287.8 289.4 290.8 293.8 296.8 299.4 304.2 310.3 315 316.2 316.9 317.1 318.4 319 321.7 322.8 323 325.1 326.2 323.8 324.6 324.8 324.7 324.3
270.4 268.4 268.5 268.7 270.7 271.1 270.6 268.8 269.5 271.8 273.9 274.8 280.2 278.1 274.7 274.7 274.4 273.4 270.3 269.1 268.8 268.6 269.2 270.2 270.5 271.8 274.5 275.4 276 276.1 276.1 276.1 275.2 273.9 272.6 271.2 269.2 268.9 268.9 271.2 276 279.1 281.2 276.8 275.3 279.4 283 283.4 285 285.7 286.1 283.9 285 285.4 287.1 289.2 289.3 293.5 296.8 300.6 305.4 308.9 313.8 314.5 314.3 314.9 315.6 319.4 320 320.9 321.6 320.1 321.3 322.4 323.5 323.8 324.2 324.6
271.1 268.6 269.2 269.5 271 272.6 274.3 271 271.5 273 275.5 281.5 278 276 274.3 272.7 271.8 270.7 270.6 269 268.6 268.2 268.7 269.4 269.4 271.7 273.3 274.7 275.9 276.1 276.1 276.1 274.7 273.5 272.5 271.5 269.9 268.9 267.8 272.2 273.7 275.3 279.1 277.8 275.1 278.8 280 278.9 283.4 284 286 285.4 284.1 285.2 287.2 289.2 290.7 292.8 296.4 300.2 305.6 307.1 311.6 312.9 312.5 312.5 313.6 316 317.6 318.6 319.8 319.8 321 320.9 322.3 322.7 323.2 323.3
268.9 268.9 270.1 269.9 269.4 273.7 274.3 273.7 274.5 274.3 274.4 275.5 274.5 273.3 272.3 270.9 268.8 269.3 268.2 268.6 268.3 267.9 268.2 269.1 270 270.5 272 273.4 274.9 275 276.1 276.1 274.6 273.5 272.3 271.4 266.5 265.4 269 276.1 275.7 274.6 275.3 276.6 277.3 277.1 278.4 279.4 280.4 282.6 284.2 284.2 284 286.2 288.5 289.4 289.2 292.4 295 298.8 304 307.9 310.5 311.6 311 310.9 310.8 313.3 316.1 317.5 317.5 319.6 320.8 320.4 321.1 321.6 321.2 322.2
270.2 271.6 272.5 272.3 272.9 274.8 276.1 273.9 274.6 274.1 274.9 274.3 273.5 272.8 271.1 268.9 268.7 267.8 267.2 266.9 267.4 267.6 267.7 268.7 269.8 270.6 270.2 271.1 271.9 274.2 275.8 274.9 274 273 271.1 269.2 264 264.9 271.5 274.9 276.8 276.6 277 277.5 277.3 276.8 277.2 279 279.2 282.1 282.8 283.2 283.2 286.1 290.7 290 288.9 290.9 293.3 297.4 301.4 305.4 310.1 311.2 310.7 309.8 309.7 312.3 314.6 316.2 316.5 317.9 319.3 321.2 321.2 321.2 319.2 321.1
273 274 274 274.4 275.4 274.2 273.9 273.9 274.3 274.3 274.4 273.7 273.1 272.1 270.3 268.8 268.6 267.4 266.7 266 266.1 266.2 267.8 269.2 269.4 269.7 269.3 268.9 270.2 273.3 275.4 275.1 273.8 271.7 271.2 264.9 266.6 272.7 276.1 276.5 277.6 278.6 278.8 280.4 278.3 277.5 276.9 277.7 279.4 281 281.6 282.3 283.2 286.7 290 291.1 291.1 291.5 293.3 295.6 300.6 304.2 307 309 309.1 308.8 308.7 311.9 315.6 314 315.6 316.8 318 319.1 319.2 319.8 319.7 321.1
275 276.2 274.6 275.1 275 275.9 273.9 273.9 274.4 274.4 273.8 273.2 272.6 271.9 270.6 269.9 268.7 267.5 266.4 265.1 263.9 264.8 267.3 269.3 269.7 269.7 269.4 269.3 269.6 275.4 275.3 273.3 271.8 270.3 271.1 263.8 267.9 276.1 275.8 276.1 277.4 278.8 280.6 280.5 280 279.1 278.4 278.7 281.1 280.9 281.5 282.6 285.2 287.6 291.1 291.1 291.1 291 292.8 293.9 299.3 303.5 306 306.5 307.8 307.6 307.5 310.4 311.2 316 316.2 315.8 317.1 318 318.2 318.8 319 321.2
276.5 275.2 274.4 274 275.2 274.8 275.6 276.1 274.5 274 273.4 272.8 272.2 271.6 270.2 269.1 268.6 267.5 266.3 265 264.3 264 266.5 268.5 269.6 269.2 269.1 269 269.5 273 273.6 271.7 269.9 268.2 266 264.6 269.4 275.6 275.8 276 277.5 278.9 280.2 280.7 280.4 280.7 279.5 280.8 279.2 281.4 281.4 284 286.7 289.3 289.9 290.9 291.1 289.8 289.5 292.9 297.8 302.2 304.2 306.5 307 306.7 306.8 308.5 310.5 313.9 316 314 316.1 317 317.3 317.8 317.1 318.4
275.9 275 274.6 274.2 273.9 274.3 275.7 276.1 274.5 274 273.4 272.8 272.2 271.5 270 269.1 268.5 267.5 266.5 265.9 265.2 263.9 265.2 266.4 266.8 267.8 268.1 268 269.4 269.2 271.4 271.3 269 266 263.8 267.3 271.8 273.3 274.9 275.9 278.4 279.6 280.9 280.2 280 280.2 280.4 280.5 280.5 281.4 281.9 286.5 290.4 288.9 289.4 290.4 290.7 288.5 289.4 292.1 295.7 301.5 303.1 306.2 306.2 304.3 306.4 308.5 310.5 311.7 312.6 314.7 316 316.2 316.3 315.8 315.6 316.9
275.6 275.2 274.8 274.4 274.1 274.2 275.2 274.6 274.1 273.7 273.2 272.7 272.1 271.5 270 269 268.2 267.2 266.3 264.6 263.9 264.3 264.1 263.7 264.6 266.1 266.6 266.8 267.5 268.2 270.6 268.2 267.7 263.8 264.1 268.8 270.6 271.6 273.1 275.3 279.3 281.1 280.1 280.4 280.6 280.8 281 281.2 281.3 281.6 284.7 287.4 289.8 289.1 288.8 288.5 288.1 287 289 290.9 295.3 300.8 302.8 304.3 304.4 305.1 306.9 308.5 309.3 310.8 310.6 312.9 315.5 316.2 316.2 314 314.3 314
275.7 275.9 275.8 274.7 274.3 273.9 275.6 274.3 273.7 273.2 272.8 272.4 271.9 271.5 270.1 268.8 267.9 266.9 266 264.1 263.5 262.6 262.1 262.6 263.6 264.2 265.6 265 266.1 265.8 267.1 266 265.6 263.9 264.6 267.6 268.4 269.7 271.3 274.6 281.1 280.4 280.6 281 281.2 281.4 281.6 281.8 282.2 282.5 285.9 288.7 290.3 289.8 290.4 288.7 286.3 286.3 288.8 290.4 294.7 300 302.3 304 304.2 305.6 306.6 307.2 308 309.2 309.9 311.2 312.4 312.5 311.9 309.8 312.7 314.6
275.2 275.4 275.5 275.7 275.9 276.1 274.4 274.1 273.5 272.8 272.3 271.8 271.4 271 269.2 270 269 267.6 266.1 265.3 263.1 260.2 261.2 261.8 262.8 263.8 264.2 264.5 264.4 264.1 264.1 264.6 265.2 262.7 264.3 266.3 267.3 268.3 270 273.1 277.7 280.3 281.1 281.6 281.8 282 282.2 282.6 283.2 284.2 287.3 289.6 290.5 291.1 291.1 286.5 283.9 286.1 288.5 288.9 293.6 297.9 301.5 301.5 305.2 306.2 306.2 306 306.7 307.7 307.9 308.8 310.2 309.3 309.5 310.2 312.9 314.7
275.3 274.8 275 275.2 275.7 274.7 273.7 273.4 273.1 272.6 272 271.3 270.9 270.8 269.5 268.3 267.8 267.3 265.8 265.7 262.9 260.1 259.6 260.9 261.8 263 263.2 263.5 263.3 262.5 262.5 263.3 263.5 261.3 262.5 265.2 266.2 267.2 269.1 272.1 278 280.9 281.6 282.1 282.3 282.6 283.1 283.7 284.2 284.5 286.6 289.8 291.1 291.1 288 283.9 283.9 285.3 289.1 290.2 292.5 296.9 298.3 299.5 303.4 306.2 306.2 306.1 306.1 304.8 304 309.3 309.2 309 310.8 313.7 315.7 316.3
276.1 274.3 275.1 275.3 274.9 274.2 273.6 272.9 272.4 272.1 271.7 271.1 270.5 270 269.1 267.8 266.6 265.4 265.3 266.1 264.6 261.5 259 260 261 262 262 262.5 262.4 261.1 261 262.1 261.6 259.4 260.4 265.3 264.8 267.2 269.5 272 277.8 281.7 282.2 282.7 283.1 283.6 284.1 284.4 284.7 286.4 288.2 291.1 291.1 291.1 284.8 283.9 283.9 284.1 285.7 291 291.2 294.3 295.3 298.3 301.2 304.3 305.2 302.7 299.6 306 310.2 311.3 312 311.9 314.3 315.5 318.2 319.3
274.2 273.9 276.1 276.1 274.8 274.4 273.7 273.1 272.4 271.8 271.1 270.8 270.2 268.8 268.4 267.8 266.9 265.8 264.4 264.5 262.3 260.4 260.3 258.9 260.2 261 260.7 261.5 261.4 260.2 259.4 260.8 259 259.7 260.3 262.7 264.3 264.4 267.5 271.6 276.5 281 281.9 283.2 283.6 284 284.2 284.5 284.7 286.5 291.1 291.1 290.9 287.1 284.1 281 280.9 283 283.9 287.4 290.8 291.1 295.9 299 299.7 301.7 299.5 299.3 305.4 308.6 311.1 312.4 313.2 315.2 315.8 317.2 320.9 320.4
274.8 274.2 274.3 274.7 274.8 274.7 274 273.4 272.7 272 271.4 270.7 269.5 268.7 267.6 267.2 266.5 265.6 265.6 263.7 260 259.4 258.8 258.8 260.9 259.6 259.4 260.6 260.5 259.6 258.9 258.8 259.5 260.6 261.1 261.6 262.4 263.3 266.2 271 276 280.1 281.6 282.5 283.5 283.6 283.7 283.8 284.1 285.5 291.1 291.1 286.1 283.2 280.7 278.9 281.1 281.2 282.4 283.7 285.6 288.8 294.7 295.6 295.7 294.9 298.1 304 307.8 309.1 311.8 314.3 315.4 316.3 317.7 319.3 321.6 323.5
274.7 274.7 274.8 274.8 274.9 274.7 274.4 273.7 273.1 272.4 271.7 270.9 270 268.1 267.5 266.4 266 265.2 265.5 263 260.8 258.8 258.8 260.5 260.4 258.9 258.7 260.4 260.3 259.8 259.1 259 259.8 260.9 260.9 261.4 262.6 263.2 265.7 270.4 275.9 280.8 281 282 282.5 282.8 282.3 282.5 283.5 286.6 291.1 289.7 285.6 282.2 279 277.9 279 280.9 281.3 281.8 283.1 283.9 289.3 296.3 290.8 295.5 300.2 305 307.7 309.1 312.2 315.5 316.4 317.3 318.8 322.6 325 324
274.5 274.7 274.9 274.9 274.9 274.8 274.6 274.1 273.4 272.8 272.1 271.7 270.8 269.6 268.2 266.9 265.3 265 264.1 262.2 260.2 260 259.6 260.1 260.3 259 258.6 259.8 259.4 259 258.5 259 259.1 260.4 260.6 261.5 262.7 263.9 265.5 268.5 275.1 277.9 280.5 281.3 281.6 281.9 280.9 281.2 282.7 285.8 288.7 286.5 283.3 279.4 277.5 275.7 277.1 278.9 278.8 281.6 282.9 285.6 287.8 288.6 291.4 296.2 299.1 303.2 307.6 310 313.9 315.6 316.9 318.2 320.1 323.8 326.3 330.3
274.3 274.5 274.8 275 274.9 274.8 274.7 274.5 273.8 273.2 271.9 270.9 270.6 268.8 267.6 266.3 265.1 265.3 263.2 261.4 260 259.6 259.1 259.6 260.1 259.2 258.5 258.9 258.5 257.9 257.6 258.5 259.2 259.8 260.4 261.5 262.6 263.5 264.6 271.6 276.1 277.2 279.5 280.4 280.7 280.9 281.2 279.5 282.4 285.8 286.7 283.7 279.5 275.2 274.2 274.6 274.8 276.3 277.8 279.9 279.9 281.3 282.2 289.8 290 295.6 298.4 302.1 306.2 311 313.1 314.6 315.9 319.1 322.1 326 330.4 330.7
273.8 274.3 274.5 274.7 274.8 274.7 274.6 274.5 273.7 272.7 271.7 270.7 269.7 268.6 267.5 266.2 265 264 262.6 261.6 260.2 258.8 259.5 259.2 259.7 259.1 258.4 258.1 257.4 256.6 257.1 257.9 258.9 260.1 260.3 261.3 262.1 262.9 263.7 267.3 272.2 274 278.5 280.1 279.8 279.5 279.3 279 281.1 286.1 283.2 278.6 274.9 272.8 272.6 273.6 274 275.4 276.5 279.8 279.1 280.7 283.8 283.9 288.1 294.7 297.7 300.9 305.3 310.2 311.9 314 318.3 322.1 325.1 328.4 331.8 334.8
273 273.6 274.1 274.4 274.5 274.6 274.5 274.3 273.5 272.7 271.7 270.7 269.4 268.2 267.1 266.1 265.2 263.9 262.8 261.6 260.6 260 259.3 259.6 259.5 258.1 257 256.5 256 255.8 256.7 257.6 258.6 259.5 260.2 261 261.7 262.5 263.2 264.3 268 270.7 275.1 277.2 278 277.9 277.7 277.4 280.1 283 278.6 274.4 271.7 270.8 271.3 272.7 272.6 273.5 276.8 280.3 283.5 284.6 283.9 287.8 289.6 294.9 297.1 299.9 304.4 308.1 310.7 313.1 318.1 323.1 326.9 330.7 332.7 336
272.2 272.8 273.3 273.8 274.1 274.3 274.3 274 273.2 272.4 271.6 270.5 269.2 267.8 266.6 265.6 264.7 263.6 262.7 261.9 261 260.2 259.4 258.2 256.7 256.3 256 254.5 253.8 255 256.5 257.5 258.4 260.1 260.1 260.8 261.6 262.6 262.4 263 265.4 268.5 274.6 276.3 276.3 276.3 275.6 275.2 277.2 278.5 274.7 270.5 269.8 268.8 270.4 271.7 271.7 272.7 274 276.2 279.6 282.2 285 291.1 291.7 295.9 296.9 298.4 303.2 307.2 309.4 312.2 317.3 322.5 326.4 331.5 331.8 336
271.3 271.9 272.4 273 273.3 273.5 273.6 273.1 272.6 271.9 271.1 270.1 268.3 267.2 266.1 264.8 264.4 263.6 263.2 262.3 261.5 260.6 261.1 258.4 257.3 257.1 256.6 254.6 253.9 255.5 256.5 257.2 258.1 258.9 259.5 261 261.8 261.7 260.8 262.5 265.8 269.7 275.4 276.2 276.1 276.1 274.6 274.4 276.2 274 270.6 268.8 268 268.3 268.6 269.5 270.1 270.9 274 273.9 274.9 276.9 282 287.3 291 293.6 295.7 297.6 303.5 306.2 308.5 310.6 315.7 320.7 326.2 330.1 326.4 328.3
270.7 271.1 271.5 272.1 272.5 272.6 272.4 271.5 271.4 270.8 270.1 270.5 267.9 265.8 264.6 264 264.1 263.2 262.3 262 261.7 261.1 259.6 259.6 258.8 257.4 255.6 254 254.2 254.6 255.3 256.7 257.5 258.3 259 259.6 261 260.1 259.3 262 264.3 272.3 275.8 275.4 274.3 273.5 273.1 272.1 271.9 270.7 269.1 267.3 266.7 268 269.2 270.4 269 275.3 277.5 281.1 280.9 280.1 278.1 280.4 287.6 291.1 293.3 296.5 302.5 306.5 309.3 310.6 314.2 318.8 324.8 318.9 320.2 321.7
270.1 270.5 270.9 271.2 271.7 271.5 271.2 270.9 269.6 269.3 268.9 269.4 267.4 265.3 263.9 264.2 263.8 262.9 262 261.1 260.6 259.2 259.5 259.3 258.4 257.1 255 253.6 254.4 253.8 254.6 256.1 256.8 257.6 258.3 258.9 259.1 259.7 260.7 261.2 263.2 267.8 273.6 275.4 272.6 270.7 271.5 269.9 270.3 268.5 268.4 265.9 266.5 267.8 268.9 271.1 274.4 276.9 279.6 282.7 284.8 285.3 285.5 282.5 281.3 287.8 294.7 298.6 302.5 307 309 309.5 310.7 315 313.5 313.3 316 316.6
269.8 270.2 270.6 271 271.1 270.7 270.3 270.3 269.5 269 269.1 268.7 266.8 265 264 264.4 263.5 262.5 261.6 260.7 259.9 259.7 259.1 258.3 257.5 256.5 254.9 253.6 254.3 254.9 255.4 255.4 256.2 256.9 257.7 258.1 258.3 259 260.5 261.4 263 263.8 271.8 275.9 271.9 269.1 270.3 269.4 268.8 267 266.9 265.6 265.7 268.5 269.3 271.5 275.3 278.9 278.8 286.1 285.6 287 287.6 286.9 281.2 283.9 287.7 296.2 301.9 304.4 305.2 305 306.4 308.8 306.9 307.7 309.3 314.2
269.7 270.1 270.5 271 270.8 270.5 270 270.3 269.2 269.1 269.3 267.9 266.4 265.3 264.5 264.8 263.1 261.8 260.9 259.9 259.8 259.5 259.2 258.5 257.4 256.3 255.1 253.8 254.9 255.2 256.3 255.3 255.5 256.3 257.1 257.3 257.8 259 260.5 261.5 262.3 264.2 270.4 271.2 269.9 269.5 269.3 269.1 267.5 265.7 265.8 265.6 266.6 268.8 269.8 273 276.3 280.9 281 285 285.9 287.5 289.2 291.2 290.9 285.6 290.9 298.4 294.6 295.3 299.5 299.6 303.7 304 307.1 311 314.3 315.9
269.7 270.1 270.5 270.7 270.4 270.1 271.1 268.9 269 269.2 269.1 267.9 266.8 265.6 266.1 264.7 263.5 261.7 260.2 259.2 260.2 259.9 259.8 259 257.6 256.4 255.1 254 253.8 254.9 256.1 256.2 255.3 255.6 256.3 256.7 257.7 258.9 260 260.9 263 268.1 270.1 269.6 268.9 268.5 268.1 268.8 267 265.2 264.6 266.6 267.6 268.5 271.2 275.1 278.1 280.9 282.7 285.9 288 290.2 292.1 292.6 293.5 294.4 292.9 297.8 300.4 301.6 305.5 307.5 304 308.9 316.2 316.2 315.2 319.6
269.6 270.1 270.5 270.4 270.6 271.2 271.7 270 271.1 270.6 269.1 268 267 265.9 264.8 264 262.9 261.9 260.8 259.8 258.8 259.3 259.9 259 257.6 256.5 255.4 254.2 253.8 255.7 255.2 255.6 256.1 255.4 255.7 256.6 257.6 258.8 259.5 260.6 264 270.8 270.7 269.2 268.1 267.5 266.6 267.8 265.9 264.6 265.7 267.4 268.7 268.8 274.3 276.8 278.4 279.6 283.1 287.1 288.8 292.3 295.5 296 297.6 299.2 301.2 296.8 300.4 304.9 305.6 312.6 309 310.7 314.6 315.1 317.5 321.5
270.8 270.1 270.3 270.8 271.3 271.7 272.2 270.7 271.1 269.7 269.2 268.1 267.1 266 265.2 265.3 263.8 262.8 261.8 260.4 259 259.4 258.9 258.4 257.6 256.4 255.3 254.1 256 256 255.2 254.5 255.2 256 255.6 256.7 257.3 260.8 265.4 264.4 264.7 268.6 270.7 268.5 267.7 266.1 266.3 265.6 264.7 263.9 266.3 267.7 268.3 270.1 273.2 276.3 279.3 282.6 286.1 288.2 290.2 295.8 296.9 298.5 299.9 301.2 301.2 300.1 301.2 305.8 307.9 311.2 310.6 310.5 313.9 317.3 321.1 323.7
270.6 269.6 270.3 271.3 271.8 272.3 272.8 271.5 271 273.2 271.1 269.2 268.1 266.6 265.6 266 263.3 262.1 261 259.7 259 259.3 258.9 258.3 257.6 256.7 255.6 254.6 255.7 253.8 255.8 254.9 253.8 253.8 253.8 254.1 254.2 262 263.6 265.2 267.1 268.1 269.1 266.7 266.2 263.1 262.9 263.7 263.8 264.8 265.8 267.4 269 271 274 277.9 281.2 285.1 287.7 290.1 292.7 295.8 299.4 300.6 301.4 301.8 301.9 300.7 298.9 304.4 307.3 310.4 310.9 312.9 314.3 320.3 322.4 325.4
269.3 271 270.7 270.4 271.1 272.8 273.4 273.3 273.3 272.6 271.6 270.2 268.4 266.5 265.4 264.2 263.8 263 261.7 260.3 260.5 260.3 258.8 258.6 257.9 257.3 256.4 255.5 255.1 255.2 256.2 255.5 254 254.6 253.8 253.8 257.2 260.1 261.4 262.8 267.3 268.3 268.8 268.1 262.9 260.7 262.9 264.8 263.8 265.6 267.5 268.3 269.2 271.6 275 278.9 282.8 285.9 288.8 294.3 296.4 300 301 301.3 302.3 302.8 302.9 303.2 304.6 303.7 305.4 311.1 312 314.1 317 321.2 322.7 326.1
270.7 271.1 270.7 270.6 270.5 270.5 273.7 273 272.1 271.9 270.9 270.2 268.3 266.4 265.7 265.1 265 263.3 261.9 260.5 259.2 259.2 258.9 258.6 258.4 257.8 257.4 257 255.8 256.2 256.2 255.5 254.8 254.8 255.5 255.1 256.4 258.1 260 262 264.9 265.7 266.6 262.2 259.6 262.5 265.7 266.6 266.2 267.9 270.5 270.4 271.5 273.2 276.8 281.6 285.5 287.4 292.7 297 300.5 303.2 303.3 304 303.4 304.9 304.4 305.8 307.3 307 304.3 310.7 310.5 312.7 314.2 320.1 322.1 324.2
