app/static/ascii/NT06.asc
ncols 200
nrows 200
xllcorner 300000
yllcorner 660000
cellsize 50
[rows 0 to 34 of 200, columns 78 to 155 of 200]
163.6 160.7 157.5 155.1 154.7 151.8 149.9 148.5 144.8 143 141.1 140 139.1 138.3 138.7 140.5 140.4 136.6 136.8 137.7 139.5 140.1 138.7 139 139.3 138.2 138.6 140.7 140.5 139.4 141.8 142.7 142.4 140.4 137.7 136.8 136.4 136.1 132.9 132.7 132.9 132.8 132.7 133.2 129.2 129.2 129.9 128.7 127.4 127.2 126.9 126.6 125.9 125.1 124.4 123.5 122.5 121.8 120.9 120.5 120.4 121.4 120.5 120.6 120.1 120.2 127 138.6 142.5 142.4 136.3 129.3 131.3 132.5 129.4 128 126.9 126.4
165.6 162.5 158.8 156.6 153.8 151 147.4 144.9 143.5 142.3 141.3 140.2 139.9 139.5 139.4 139.1 136.6 137.3 137.9 138.3 139.1 140.2 142.5 141.3 142.2 142.2 142.2 142.4 142.5 142 142.9 142.5 142.7 142 140.4 136.7 135.4 135.2 133.7 132.7 133.4 133.3 133.1 132.1 131.8 130.8 129.8 129.2 128 127.9 127.5 127.3 126.6 125.9 125 123.9 123 122.9 122.5 121.4 121.5 121.8 120.3 117.9 118.3 125.2 126.5 139.4 142.9 142.9 136.7 130.2 129.9 131.2 130.8 129.5 127.3 126.4
165.5 160.2 156.9 154.2 151.8 148.8 145.7 145 144.9 142.9 141.8 140.6 139.4 139 138.9 139 138.8 138.6 139 139.9 141.5 141.6 144.2 145.1 144.5 145 145.3 146.3 142.7 142.7 142.7 142.8 142.9 142.9 142.1 138 135.3 135.7 135.4 132.8 133.4 133.6 133.1 133.1 132.9 132.6 129.5 129.3 128.6 128.1 127.5 127.3 127.1 126.3 125.3 124.2 123.5 122.5 121.9 121.9 119.7 116.6 117.4 117.1 128 126.6 127 130 140.2 141.7 137.1 128.5 129.3 130.2 130.3 129.6 129.1 125.6
161.7 157.9 155.4 152.4 149.6 147.9 146.2 146.1 144.8 142.9 141.5 140.5 139.4 138.5 138.7 139.7 140.4 140.9 141.4 143.4 145.1 144.2 145.2 147.9 146.3 146.3 144 142.8 142.8 142.7 143 143.1 143.2 142.7 141.2 141.1 140.4 136.9 135.6 135.2 135.3 133.4 133.3 132.9 132.1 132.7 129.6 129 128.7 128 127.4 127.4 126.7 126.1 124.3 123 122.1 122.9 124.5 124.6 124.1 119 117.2 118 126.7 127.3 127 128.1 129.8 134 137 128.3 128.3 129.4 130.1 123.7 121.3 121.8
158.9 156.5 153.7 151 148.1 146.9 145.2 143.8 142.5 141.2 140.8 139.7 139.2 139.5 139.9 140.7 142 143 144.1 146.2 148 147.6 147.6 150 147.2 147.3 144.3 142.9 142.8 142.8 143.1 142.7 141.3 141.3 141.4 141.3 141 139 135.5 135.2 135.1 134.6 132.6 132 131.2 129.8 129.3 128.9 128.5 127.9 127.5 126.7 125.8 123.4 123.8 124 123.6 124.3 124.9 124.3 125 124.5 124.1 124.7 124.5 124.4 124.3 123.5 125 125.1 127.5 127 127.3 127.8 127.2 125.2 126.3 125.1
157.2 154.3 151.3 147.9 146.3 144.7 142.8 141.9 141.7 141.3 140.4 139.8 140.2 141.1 142.3 143.6 145 146.1 147 148.4 150.4 149.9 149.2 149.1 148.5 146.9 144.4 143.7 142.8 143.4 141.8 141.1 141.3 141.6 141.8 141.3 141.1 138.7 135.9 135.5 134.6 133.7 132.1 131.6 130.7 129.3 129 127.6 127.3 127.2 126.6 125.6 125 124.9 124.8 124.2 123.8 124.4 126.5 125.2 125.5 124.4 123.3 123.1 123.3 127.1 127 126.3 125.7 125.5 125.9 126.6 126 130.7 131 130.7 130.1 128.9
155.2 152.2 149.5 146.6 145.1 143.2 142.5 142.6 142.1 142.6 141.4 142.5 141.9 143 144.5 146 146.9 147.3 147.9 149.1 150.5 150.6 150.4 149.1 148.3 146.7 146.8 145.6 142.2 140.8 140.8 140.9 141.1 141.3 141.4 140.9 140.9 140.9 137.1 135.5 133.7 132.8 131.6 131.1 130.4 129.4 127.4 127.3 127 126.5 125.9 126.3 125.7 126.3 126.6 126.7 124.8 123.7 130.2 129.8 125.9 126 125.2 124.2 124.2 126.8 131.7 126.5 126.6 126.6 127.4 129.8 130.1 124.5 132.7 137.6 138.4 138.9
154.1 150.8 148.4 145.8 144.4 143.6 143.8 144 144.4 143.6 142.6 143.5 144 144.3 145.8 147.2 147.8 148.1 150.8 148.5 149 149 149.1 148.6 148 146.6 145.8 141.4 141 140.8 140.8 140.8 140.9 141.1 141 140.9 141.1 141.2 138.1 134.7 132.4 131.3 130.6 128.5 128.2 128.3 128.4 126.9 127 127.2 126.9 127.2 127.4 127.2 126.9 126.9 125.5 125.1 124.7 126.8 126.7 126.1 126.1 126.9 127.4 127.1 126.5 127.1 127.5 127.8 127.7 127.7 129.6 130.8 126.9 127.9 135.9 139.9
152.6 149.9 147.3 145.8 144.7 144.9 145.1 145.3 145 144 143.3 144.5 144.9 145.1 146.1 147.2 148.8 147 146.2 146.5 147.9 148.4 148.9 148.5 147 144.1 143.8 141.9 141 140.8 140.8 140.8 140.8 140.9 140.9 141 141.1 138.4 132.7 132.6 131.7 130 128.6 128.5 128.6 128.3 128.2 127.5 127.9 127.5 127 127 127.6 127.5 127.2 126.9 126.1 125.8 125.4 126.7 126.7 126.4 125.6 126.7 127.5 127.7 127.5 127.6 128.3 128.1 128.6 128 129.4 131 131.2 130 124.8 133.6
151.5 150.4 148.1 146.5 145.6 145.3 144.5 144 143.5 143 144.3 143.9 144.7 145.3 146.7 146 146.4 145.7 144.9 145.7 146.8 148 148.4 148 145.7 144.1 144.1 143.3 141.2 140.8 140.8 140.8 140.8 140.7 140.7 140.4 138.4 133.3 132.1 132 131.4 130.1 128.8 128.7 129 128.9 128.6 128.2 128.1 127.9 127.3 127.1 127.7 127.9 127.7 127.3 127.1 127 126.9 127.3 126.6 125.9 125.5 125.8 127.7 128 128.3 127.9 129.3 128.3 128.7 128.6 128.3 130.9 130.9 130.3 126.2 122.6
151.7 150.7 148.6 146.5 145.1 144.3 143.6 143.2 142.8 143.3 144 143.4 143.8 144.6 144.8 144.8 144.8 144.6 144.1 144.3 145.8 147.7 148 147.1 147 145.2 145.6 145.3 142 140.9 140.3 140.4 140.4 140.3 138.2 136.9 134.7 134.8 132.5 131.6 131.1 129.8 128.9 128.8 129.1 129.5 129.2 128.4 128.3 128.1 127.7 128 128.3 129.2 128.9 128.6 128.6 128.5 128.3 128 127.2 126.6 126.1 126.4 127.9 128.3 128.2 129 129.2 128.3 128.4 129 128.1 131.3 131.6 130.3 128.5 126.7
152.6 150.6 148.5 146.5 144.5 143.5 143.1 142.6 141.7 143.4 143.3 142.9 143.2 144 143 143.4 143.4 143.7 144.1 145.2 146.8 147.1 147.1 146.9 147.1 147 146.9 145.3 143.6 140.9 141 139.7 139.7 137.9 136.8 136.2 133.5 134.7 133.1 131.1 130.4 129.9 129.1 129.1 129.3 129.8 130.2 129.8 130.5 130.4 129.5 129.8 129.9 130.2 130.1 130 129.9 130 129.5 128.7 127.5 127.1 127.5 126.8 127.8 127.8 128.7 128.9 129 128.4 128.7 129 128.4 130.1 130.2 130.2 128.8 127.5
152.4 150.4 148.2 146.4 144.6 143 142.9 142.6 143.1 143.3 142.9 142.8 141.4 142.2 143 143.3 145.6 145.4 144.7 146.5 147.7 147.9 147.4 147.2 147.1 146.7 146.3 145.1 144.6 142 142.2 140.3 139.3 137.5 136.4 134.1 132.8 132.8 132.1 131.1 130.6 130.7 130.7 130.8 131.3 131.7 132.1 131.3 132 131.7 131.3 131.3 131.4 131.5 131.4 131.3 131.2 130.9 130.6 128.7 127.8 127.6 127.5 127.3 127.3 127.8 128.9 129.4 129.2 128.7 129 128.6 129 128.7 129.1 129.4 128.7 128
151.6 150.1 147.7 146.3 144.8 143.2 143.3 142.7 143 143.4 143.7 143.4 144.5 144.6 145.4 145.3 146.8 147.4 146 146.5 148.9 148.3 147.6 147.9 147.3 146.6 147 144.5 143.1 143.4 140.5 140.1 138.9 136.5 134.9 133.6 133.1 132.6 132.1 131.5 130.7 131.5 131.6 132.8 132.2 132.7 132.9 133.2 133.4 133.6 133.2 132.7 132.7 132.7 131.8 131.5 131.4 130.5 130.7 130.3 129.1 128.5 128.5 128.4 128.5 128.2 129.2 129.8 129.2 128.3 128.7 127.9 127.7 127.6 128.2 128.4 128.8 128.5
150.8 148.9 148.5 145.3 144.5 142.8 143.4 142.7 142.7 143.2 143.9 145.5 144.8 145.3 145.8 146.5 146.3 147.9 147.3 148.3 149.2 148.5 147.9 148 147.6 146.4 148 146.8 141.5 143.8 140.8 139.1 137.6 135.3 134.7 134.4 133.9 133.5 134.3 132.9 132.6 132.6 133.4 133.8 133.7 133.8 133.6 133.9 134.6 134.3 133.9 133.5 132.9 132.3 131.9 131.9 132.1 131.3 131 130.8 129.6 128.2 128.7 128.5 128.5 128.3 128.5 129.3 129.2 127.8 127 125.5 125.2 125.1 127.3 127.7 128.4 127.7
149.7 147.3 145.5 149.5 144.9 142.8 142.7 142.4 142.9 143.5 144.5 144.6 144.5 144.6 144.9 145.2 146.6 148 148.7 149.6 149.2 148.5 147.7 146.6 146.1 145.1 145.6 146.9 146.9 142.7 139.5 137.7 138.2 136.6 135.4 134.8 134.3 135 135.3 135.2 134.7 134.4 134.9 134.6 134.7 134.9 134.3 134.6 134.9 134.9 134.5 134.2 133.6 133 133.5 133.5 132.9 132.1 131.7 131.2 130.5 129.9 128.8 128.5 128.1 127.8 128.2 128.9 129.1 127.9 126.3 124.5 123.7 124.7 125.7 126.5 126.8 126.3
148.8 147 144.7 143.9 147.4 144.5 143.5 142.7 143.1 143.6 143.9 143.9 144.2 144.5 145 145.5 147.2 148.8 149.6 149.1 148.3 147.8 145.9 145.5 144.7 144.2 144.4 147.5 146.7 143.4 141 140.1 138.5 138.3 137.3 135.3 135.3 136.3 137.9 137.9 137 135.2 135 135.3 135.6 135.8 135.2 135.1 134.8 135 135.2 134.8 134.3 134.2 134.7 134.3 133.5 132.9 132.8 132.1 131.9 131.1 129.9 128.5 127.5 127.2 127.4 128.2 128.5 128.1 127 125.7 122.9 123 124.7 125.7 126.3 125.2
148.2 146.4 144.9 143.7 143.9 148.7 147.1 144.1 144.2 144.5 145.3 145.1 145.1 145.2 145.7 146.4 147.6 148.2 148.5 148.4 148.4 147.9 146.3 146 145.7 145.5 145.1 145.9 146 141.4 141.3 141.5 139.3 138.2 138 138.7 138.7 138.3 137.8 137.5 137.3 137.2 136.6 136.1 136.9 136.2 136 135.6 137.6 137.6 136.9 135.8 135.7 135.5 135.4 135 134.2 133.5 133.5 133.2 132.1 131.3 130.3 127.7 126.8 127 126.4 127.5 127.6 127.7 126.5 124.1 121.1 121.7 122.3 122.4 122.2 121
149.6 146.8 145.5 144.8 144.8 144.9 145 147.4 146.2 146.9 147.2 146.7 146.4 146.1 146.7 147.4 147.8 148.5 148.5 148.8 148 148 148.1 147.7 147.4 146.9 146.4 145.9 142.7 146.1 145.3 144.1 140.4 140.5 140.5 138.9 139.1 138.1 138 138.1 138.8 137.3 138.4 136.5 136.5 138.2 138.4 138.3 138.4 138.7 137.2 136.7 136.4 136 135.7 135.4 134.7 134.1 133.7 133.3 132.9 132.2 131.6 129.9 127.6 128.1 126.9 126.3 125.8 125.4 124.3 123.1 120.4 118.4 119.1 119.1 118 115
150.6 148.7 148.7 146.3 146 145.7 145.6 146 146.9 146.6 146.5 146.6 145.5 145.4 147.1 147.9 148.7 148.8 148.4 148.7 147.7 147.5 149.6 150 149.1 147 144.8 144.9 145.5 148.9 148.2 142 141.8 141.7 141.7 141.1 139 138.7 139 140.7 140.6 139.9 142.3 136.9 138.3 139.3 140.9 139.9 139.5 139.4 137.4 139.6 137.8 136.6 136.5 136.7 135.4 134.8 134.8 134.5 133.8 132.4 131 131.5 129.2 126.3 126.4 124.7 124.9 122.7 123.7 121.5 120.1 119 116.3 116.5 116.1 114.4
151.3 152 148.6 146.9 146.5 145.3 145.4 145.5 146.3 146.3 146 145.9 145.1 145.8 146.4 147.2 147.7 149.4 149.2 153.4 153.9 150.1 148.5 148.3 147.2 146.7 146.6 146.6 146.8 149 149.5 142.3 142.2 142.1 142.3 142.6 139.2 139.6 140.5 141.6 141.8 141.8 141.9 140.3 142.2 142.5 142.2 141.8 140.3 140.1 139.9 139.9 139.8 139.5 137.4 136.9 137.2 135.2 134.7 134.3 133.2 131.7 131.1 130.6 129.1 127 125.1 125 124 122.4 121.7 119.9 120 117.8 116 115.5 114.8 113.6
151.5 149.2 146.6 146.2 146.2 144.9 145.1 144.9 144.9 147.8 145.8 145.6 145.8 145.2 146.1 146.9 149 150.4 149.6 152.4 148.5 148.3 148.8 149.5 150.1 149.9 149.7 149.1 147.8 148 149.9 145.4 142.4 142.4 142.6 143.4 141.8 142.9 143.7 142.1 142.2 143.1 142.3 143.5 143.5 143.3 143 142.7 140.6 140.3 140.2 140.2 139.8 139.6 137.7 137.7 137.1 135.7 134.5 133.7 132.7 131.1 130 129.3 128.2 125.6 122.1 124 122.7 121.9 120.7 119.8 119.4 117.9 116.2 114.9 113.2 112.8
148.9 147.1 145.7 145.3 144.9 144.6 144.3 144.1 144.5 145.4 146.5 145.7 145.7 145.6 145.8 146.4 147 147.7 147.2 147.9 149.5 149.5 149.7 150.5 150.6 150.6 150.5 149.4 148.4 147.7 149.3 150.2 144.4 144.8 144.9 144.4 145.1 144.8 145.5 144.3 142.6 145.8 146.4 145.7 144.4 144 144.1 144.2 140.7 140.6 140.5 140.5 139.9 139.4 139.1 137.8 136.8 135.2 133.7 133.1 132.2 130 129.1 127.5 127.4 125.8 121.9 121.1 120.9 120.9 119.7 118.8 117.6 116.2 114.9 113.3 112.6 111.9
147.1 145.5 144.5 144.4 144.3 144 143.6 143.5 144 144.8 148.6 148.9 145.8 145.1 145.5 145.7 146.2 147.9 148.6 151.2 152.6 150.7 150.4 150.8 151.1 151.2 151.4 150.4 149.4 148.6 149.8 150.4 146.8 147.2 147.3 145.9 145.4 145.2 147.6 147.7 148.4 151.1 149.4 148.7 146 146.6 145.9 145.4 145.8 140.9 140.7 140.2 137.6 136.4 137.8 136.5 136.3 135.3 133 132.1 131.2 129.1 128.2 127.9 125.6 125.1 124.3 122.2 118.2 118.2 117.7 116.6 115.5 114.4 113.8 113 112.3 111.4
145.7 144.3 143.6 143.6 143.6 143.4 143.1 142.6 143.4 144.3 145.5 143.7 144.3 145.7 147.5 149.3 149.7 150 150.1 150.2 152.5 151.1 151.5 151.7 152 151.9 152.3 151.2 150.6 149.9 149.3 150.6 150.6 148.7 147.5 147 145.9 147.1 148.8 149 149 148.4 151 148.8 147.3 147 146.3 145.7 145 142.5 140.1 138.6 138 139.5 138.2 136.5 135.8 133.8 132.6 131.9 131.3 129.5 125.5 126.6 125.8 123 122 120.5 118.3 116.9 116.3 115.6 114.7 113.4 113.7 112.8 112 110.9
144.3 143.6 142.8 142.7 142.8 143.5 142.8 142.6 144.6 143.3 143 143.4 145.7 146.9 148.9 149.7 149.8 150.1 151.1 153.3 155.4 153.1 153.2 153.8 154 152.5 152.5 152 151.5 150.9 150.4 151.1 150.8 149.5 147.7 148.9 150.3 149.8 150.1 149.6 148.9 148.9 148.8 148.8 147.4 147.3 146.6 145.4 144.6 141.5 143 141.7 140.2 138.1 136.9 136.1 134.1 133.2 132.3 131.5 130.4 128.2 125.1 123.7 123.4 120.9 119.8 118.7 117.9 115.4 114.9 114.2 113.8 112.8 113.7 112.7 111.5 110.3
143.2 142.4 142 142.3 142.4 143.7 143.1 141.6 141.2 142.4 143.1 144.3 146.1 148.9 149.1 149.5 150.5 151.4 154.9 154.8 155 154.7 154.4 154.5 154.5 153.9 153.5 153.1 152.6 152 151.7 151.8 151.3 151.4 153.3 151.5 150.1 149.3 149.5 149.4 150.6 149 148.6 148.3 147.4 147.3 146.6 145.4 142.9 143 142.4 140.8 139.4 137 135.6 135 133.2 131.8 129.2 127.1 127 125.1 122.8 121.1 120.9 120 119 117.6 116.8 115.8 113.5 112.6 111.5 112.1 111.8 110.9 109.1 107.5
143.8 142.2 142.1 142.5 142.4 141.2 140.9 140.3 141.7 143.3 144.1 143.1 145.4 147.5 149.3 150.7 151.7 153 155.3 155.5 155.7 155.8 155.7 155.7 155.4 155.1 154.8 154.5 154.1 153.7 153.4 153.4 152.5 151.4 152.1 150.9 149.9 149.2 149.1 149.6 149.2 149.3 149.9 147.6 146.6 145.8 145.9 145.3 144.5 141.5 141.7 140.3 138.5 137.8 134.1 133 130.4 127.1 126.7 125.1 123.4 122.3 120.4 119.6 120 118.8 119 119.1 116.7 114.5 113.1 112 109.7 110.4 110.1 109 107.6 106
145.8 143.9 141.4 140.8 141 140.8 140.6 140.1 141.9 143.1 143.7 144.4 146.5 148.7 150.5 151.7 153.4 155.3 156.4 157.8 156.6 157.4 156.4 156.8 156.3 155.9 155.3 155.1 154.6 154.4 153.9 154.2 152.6 153.8 151.6 150.5 149.7 149.1 148.7 148.6 148.4 148.4 147.3 145.4 145.7 145.1 145.2 144.2 144 140.9 138.7 137.4 135.9 133.2 130.7 129 127.2 126 125 123.7 121.7 119.5 117.8 116.3 117.6 116 118.8 118 115.8 114.1 112.4 112.2 109.8 107.3 107.4 107.1 106.3 104.8
142.7 141 139.4 139.2 139.5 140.1 140.2 140.3 141.6 143.1 143.8 145.2 148.7 151.1 152.6 154.3 156.5 157.4 157.8 158.1 158.1 157.7 157 157 157 156.6 155.7 155.7 155.1 154.2 153.7 153.2 152.7 152.5 151.5 152.1 149.6 149 148.5 148.4 148.1 147.9 146.4 145.1 144.8 144.9 143.7 141.6 142.4 140.9 135.9 134.4 132.6 129.7 129.1 127.4 125.4 124.6 123.3 123.1 121.4 119.2 117.7 115.3 114 114.2 116.2 115.6 114.4 113.4 111.8 111.3 111.1 108.9 105.2 104.8 104.4 103.5
139.9 142.2 138.9 138.5 138.2 139 140.3 140.4 142.2 143.7 144.8 147.8 149.7 152.6 154.3 155.7 157.3 157.5 157.7 158 157.9 157.7 157.4 157.3 157.3 157.3 156 155.2 153.9 153.3 152.6 152.1 151.6 151.7 151.9 151.1 150.1 148.9 148.1 148.3 148 147.7 146.5 144.2 143.3 143 140.1 138.3 138.1 136.6 134.7 131.4 127.8 129.2 130.1 128.5 125 123.4 122.5 122.2 120.1 118.5 116.6 115.5 114.1 112.8 113.5 113.5 114.3 112.4 111.1 109.8 110.5 108.2 104.9 103.7 103.2 102.2
138.7 139.8 139.2 137.4 137.6 138.4 138.7 141.3 142.7 144.4 146.6 149.4 151.7 153.9 155.1 156.1 156.8 157.1 157.5 157.8 157.8 157.6 157.4 156.8 156.2 155.5 153.8 153.2 152.9 152.6 151.9 151 151 151.2 150.3 150.3 149 148.5 147.7 147.8 148.2 143.9 139.2 140.7 140.2 138.4 138.4 136.2 133.1 132.7 131.6 129.1 129.1 127 128.7 126.6 123.6 123.1 122.3 120.9 118.5 117.5 116.1 116.6 114.7 113.7 112.8 112.9 114.5 112.7 110.5 107.4 109.4 107.8 104.3 103.2 102.8 102.9
138.2 138.1 140.5 137.7 136.9 138.3 140.5 142.6 143.6 146.1 148.1 149.9 151.1 153.5 154.9 155.8 156.2 156.4 156.4 156.8 157.1 156.8 156 155 154.2 153.9 153.4 152.7 152.3 151.9 151.3 150.6 149.8 150 149 148.8 148.4 144.5 141.6 144.7 141.5 141.1 140.4 138.4 136.1 136.2 135.6 135.2 134.6 132.3 130.8 130.8 130.3 129.5 126.9 124.6 123.6 121.2 121.9 119.6 117.6 116.5 115.8 116.1 115.2 114.2 113.3 112.5 114.2 112.3 110 108.2 107.4 105.4 104.7 103.1 103.1 102.1
137.6 137.5 137.4 139.1 136.7 137.7 139.8 141.2 143.6 145.7 149.2 150.4 151.6 153 153.8 154.1 154.5 155.1 155 155.3 154.9 154.9 154.8 154.2 153.5 153.2 152.7 152.7 152 150.7 151.3 149.8 148.9 148.2 148 146.6 147.3 146 139.2 139.2 139.8 138.6 136.4 136.9 135.4 135.4 134.8 134.2 132.7 130.9 129.4 130.7 129.5 127.3 125.7 124.4 122.7 121.6 120 118.1 116.5 115.9 114.6 115.3 114.7 113.2 111.1 111.3 113.3 111.1 109.7 108.1 106.8 106.3 104.9 103 102.3 101.4
136.7 136.4 136.6 136.8 136.4 137.1 138.7 139.8 141.6 145.7 148.4 150.2 150.7 151.7 152.2 152.4 152.8 153.6 153.8 153.8 153.8 153.6 154.1 153.8 153.1 152.6 151.8 151.9 151.8 151 149.4 148.1 147.3 146.8 146.5 144.5 142 138.6 138.2 138.9 137.4 135.7 134.6 135 134.4 133.9 133.7 132.9 131.9 130.8 129.3 130 126.9 125 123.8 121.9 121.3 120 117.5 116.8 114.1 114.3 115.2 115 113.4 110.7 108.8 108.4 109.9 109.5 109.7 108 106.9 106.2 104.7 102.3 102.4 102.1
