app/static/ascii/NT09.asc
ncols 200
nrows 200
xllcorner 300000
yllcorner 690000
cellsize 50
[rows 35 to 69 of 200, columns 0 to 77 of 200]
92.4 92.3 95 95.7 98.1 100.9 101.7 99.5 97.7 98.4 100 102.2 105.4 107.9 109 99.7 100.7 93.1 81.8 98.1 102.1 112.2 114.6 117.2 119.5 121 122.6 123.2 124.3 125 124.8 123.3 108.8 116.1 127.2 125.8 126.1 125.2 123 120.2 119.2 111.4 112.7 113.2 113.3 116.9 120.2 120.1 115.6 115.5 115.9 116.2 118.3 119.2 119.7 119.7 121.9 123 121.4 124.4 126.6 125.8 124.4 122.6 125 131.7 139.8 146.4 153.5 160.9 165.5 166.9 171.5 175.5 176.9 178.6 179.8 181.1
84 89.6 93.6 99.2 102.4 105.4 105.4 102.6 100.3 100.6 103.2 105.5 108.1 109.6 110.9 113 110.9 102.5 89.2 80.7 87.2 102.3 114 114.9 115.6 117.2 118.9 118.9 120.3 112.5 110.9 105.3 114.9 128.7 129.3 128.7 127.1 126.7 125.3 124 122.2 116.6 113.9 118.1 119.9 119.1 120.9 121.3 117.2 115.7 115.7 115.6 116.2 117.5 118 118.6 119.9 119.2 119.5 120.6 120.5 121.3 121.7 122.6 127.7 132.4 139.3 147.5 155.2 161 164.1 167.1 172.1 173.6 176.7 178.7 179.5 180.8
88.3 90.7 95.3 101.6 106.8 108.2 107.5 106.3 104.2 104.9 107 109.2 111.2 112.8 113.4 113.8 111.4 110.1 106.9 98.5 85.4 83 94.1 100.6 110.7 118 118.3 117 105.7 104.3 104 111.9 129.2 130.4 131.7 129.8 127.8 126.6 125.5 124.9 124.8 123.1 121.8 120.3 118.8 118.8 118.7 118.1 117.2 116.1 116.7 116 116.1 117.3 117.6 117.9 118.4 118.5 119.5 119.9 120.2 121.5 122.8 125.3 130 135 142.1 149.7 156 160.4 163.8 169.6 171.7 173.5 176.3 177.7 179.2 180.5
91.4 95.1 100.5 107 108.9 109.8 110.7 109.4 106.5 108.3 110.4 112.5 114.3 115.8 115.8 114.8 112.9 112 109.5 100.2 96.7 87.5 88.5 89.1 91.1 95.5 95 95.1 102.3 114.5 120.7 129.8 130.8 131.2 131 130.1 128.5 127.1 125.8 125 124.2 123.7 122.4 120.7 119.8 117.7 117 116.3 115.9 116.9 116.9 116.4 115.9 116.6 117.3 117.8 118.5 118.8 121.2 121.8 122 122.8 125.4 128 131.1 135.5 140.3 147.1 152.3 155.9 163.8 168.9 171.2 173.7 177 178.8 180.8 183.6
98.5 102.8 107.3 110.3 111 112.3 113.2 111.3 109.4 111.5 113.5 114.3 116.4 118.4 117.9 116.8 115.8 115.9 113.3 109.4 106.8 99.7 91.3 90.8 96.3 99.2 98.5 109.2 113 120.5 126.1 129.1 130.7 130.3 130.2 130.2 129 127.8 126.6 123.4 122.3 121.4 120.8 123 121.8 117.4 117.2 116.6 115.9 116.6 116.9 117.1 116.6 116.2 117 117.6 118.3 119.8 122.8 123.6 122.7 124.7 129.6 130.9 133.3 136.9 139.2 143.8 148.3 152.9 160.6 165.9 171.2 175.7 178.7 182.2 185.3 188.3
105.3 109.2 111 112.2 112.8 114.4 114.6 114.1 112.8 114.5 115.8 116.2 117.6 119.2 119.5 118.9 118.3 117.9 117.6 118.4 118.7 117.8 107.7 108.5 110.7 110.3 110.9 114.2 120.3 124.6 126.5 128.1 130.3 131 131.2 130.4 129.4 128.2 126.8 123.8 122 120.9 121.1 120.8 119.5 118 117.6 116.9 116.4 116.2 116.5 116.8 116.5 116.1 116.7 118.4 119.3 120.4 121.8 121.5 121.6 124.5 128.5 132.6 135.8 138.2 139.8 142.2 146.1 149.8 156.2 164.9 171.9 177.6 181.7 185.3 189.7 191.8
110 112.9 113.8 114.7 115.4 115.8 116.7 116.6 116.3 117.3 117 118.2 119.6 120.8 121 120.9 120.7 120.3 120.4 121.6 122.2 122.1 119.3 117.3 118.8 117 117.8 119.2 121.3 122.7 125.3 127.6 130 131.4 130.6 129.6 128.8 126.5 125.3 124.2 123.6 121.6 121.3 120.4 119.4 118.5 117.5 116.8 116.4 116.3 116.3 116.5 116.3 116.2 116.5 117.9 119.5 119.8 120.2 119.6 119.7 123.3 128.6 132.3 134.8 137.2 139.5 142.1 147.6 152.3 158.5 165.5 172.6 178.1 183.1 186.6 189.2 190.1
114.1 115.8 116.6 117.4 118.3 118.9 119.7 119.1 118.8 118.4 118.7 120 121.2 122.4 122.8 122.3 122.6 123.1 124 125.3 125.1 124.9 121.3 121.4 123.1 121.8 120.9 120.1 120.8 123.4 126.1 127.7 129.7 130.7 129.4 127.8 126.1 123.3 122.6 122.8 123 122.3 121.3 120.3 119.7 119.3 117.7 116.9 116.7 116.7 116.8 116.4 116 116 116.4 117.3 118.9 118.3 118.6 119.8 121.2 123.7 128 131 133.8 136.2 139.7 143.8 149 155.2 161.2 166 172.1 176.9 182 185.1 186.6 187.6
115.4 117.4 118.4 119.3 120.2 121.4 121.8 121.1 120.1 119.6 120.5 121.7 122.9 123.9 124.4 125.2 126.9 127.8 128.3 128.1 127.9 127.1 125.9 125.2 126.3 126.2 123.6 122.1 123.2 124.6 127.3 129.1 128.7 129.7 128.4 125.3 124.6 123.7 123 122.9 123.2 122.5 119.5 117.6 117 117.2 118.1 117.4 116.8 117 116.4 116.3 115.9 116.1 116.2 117.3 118.1 117.6 119 120.9 122.3 123.8 127.2 129.7 131.9 134.8 139.9 145 150.8 156.1 160.7 165.9 170.7 173.9 177.4 181.7 185 189.3
116.8 117.1 118 118.9 119.9 121.1 122.6 121.9 121 121.2 122.3 123.5 124.6 125.9 127.6 129.1 130.7 132.5 132.6 131.6 130.5 130.6 130.4 129.6 129.9 129.4 127.5 127.3 127.3 128.1 129.1 129.4 129.2 129.2 129.2 126.4 125.4 124.4 123.6 124.3 124.2 120.7 118 117.5 117.9 118.1 117.9 117.7 117.2 117.1 116.4 116.9 116.9 117.3 117.1 116.8 117.9 117.9 118.8 120.3 121.8 123.7 126.4 128.8 131.3 133.6 139.7 144.2 148.7 152.9 156.9 161.9 167.2 170.5 173.3 176.1 174.9 181.9
118.8 117.7 118 118.6 119.5 120.9 122.6 121.9 122.2 123.3 124.3 125.4 128.5 130.9 133.3 133.8 135.5 137.2 137.5 136.3 135.6 133.6 133.3 134 132.3 132.3 132.2 131.6 130.9 130.6 132.1 131.3 129.8 129.7 129.4 127.7 126.2 125.5 125.2 124.4 121.6 119.3 117.8 117.9 117.9 117.9 117.9 117.7 117.5 117.1 116.9 118 118.2 117.9 117.1 116.3 117.5 117.5 117.9 117.9 119.2 121.2 123.9 127.6 131.2 133.7 136.3 140 145 148.8 153.7 158.4 163.6 167.1 169.7 171.5 169.5 164.4
120.1 119.1 118.7 119.7 121.1 122.2 123.5 124.1 125 127.1 129.2 131.7 134.2 135.6 137.4 138.9 139.2 138.6 136.7 137.7 141.8 140.8 139.3 139.3 138.1 137.3 136.1 135 134.2 134.2 133.6 132.6 132.2 131.8 129.9 129.2 129.6 128.4 126 121.6 120.1 118.4 117.6 117.7 117.7 117.6 117.6 117.6 117.5 117 118.6 118.5 117.5 118.2 118.6 116.8 116.3 116.9 117.1 117 117.3 118.3 120 124.1 128.7 131.2 133 135.8 138.4 145.6 152.3 157 162.6 164.5 165.3 165.6 165.5 162.5
120 120.6 121.8 123.8 125.8 126.7 128.4 128.8 129.5 131.3 132.9 135.4 136.8 139.9 140.4 142 142.2 142.4 143.3 144 148.5 147.8 146.7 145.8 145.1 142.4 140.7 139.1 137.6 136.8 136 135.3 134.3 132.4 131.8 132.3 132 128.3 125 121.2 119.3 118.2 117.5 117.5 117.4 117.4 117.4 117.4 117.4 118.5 117.7 117.1 117.6 118.1 118.5 117.1 116.4 116.4 116.5 117.2 117.1 117.3 118.4 121.1 125.3 129.6 133.5 136.7 137.3 142.6 149.8 155.3 159.3 159.5 158.8 157.8 158.8 157.9
120.6 122.7 125 128.1 130.2 131.5 134 137.9 138.7 139 139.8 142.5 147.7 150.2 148.7 151.6 150.7 151.2 151.7 152.3 154 153.6 153.7 153.1 150.2 148 145.5 144.1 143 141.6 139.8 137.4 135.3 134.5 134.8 132.4 129.4 126.9 124.3 121.1 119.9 118.5 117.9 117.4 117.5 117.5 117.5 117.4 117.4 117.8 117.3 116.9 117.3 117.8 118.3 117.1 116.6 116.6 117.1 117.3 117 116.9 118.2 119.3 122.3 126.7 131.2 134.6 135.7 140.5 146.2 151.1 152.8 153.3 152.6 152.1 151.4 150.5
124.1 125.1 128.3 131.3 133.6 136.7 140.2 146 149.4 152 153.6 154.9 156.8 157.8 162.2 159.4 158.8 158.7 157.7 157.4 158.2 158.7 158.6 156.9 154.9 153.9 149.7 148.7 146.6 143.9 139.9 138.4 136.4 136.7 134.2 131.3 128.7 126.4 124.4 123.4 122.1 118.8 118.2 117.6 117.6 117.5 117.5 117.4 117.4 117.3 116.9 116.9 117.2 117.5 117.9 117.4 117.2 117.1 117.1 117 116.8 116.9 117.3 118.4 121 123.4 128.7 132 133.4 136.6 141.9 145.3 146.2 146.7 146.3 146.4 144.1 143.1
126.7 129.1 131.8 134.8 137.7 141.3 144.7 150.7 156.4 160.5 161.4 164.9 162.8 154.9 160.6 167.3 165.8 162.4 161.4 160.3 159.3 160.1 160 159.3 158 157.1 152.7 149.7 144.8 140.7 139.7 139.4 138.5 136.6 133.8 130.9 128.8 127 125.7 125.5 122.8 119.5 119.1 117.8 118.3 118.7 118.6 118.5 117.7 117.3 117 117 117.3 117.6 118 117.8 117.6 117.4 117.1 117 116.6 117.3 117.3 117.9 119.3 121.2 125 128.3 129.7 132.7 135.2 138.1 140.2 140.3 140.7 140 136.7 136.2
128.7 130.3 133.7 138.3 141.6 145.2 149.6 154.9 160 164.7 171 154.8 154.8 154.9 155.1 157.3 170.5 163.9 163.1 161.4 159.7 159.9 160.5 160.4 158.6 155 151.4 145.6 143 142.1 141.3 140.5 138.8 136.3 133.3 130.8 128.9 127.5 125.9 124.6 122 120.1 118.9 118.1 118.5 119.1 119.8 118.8 118 117.6 117.2 117.2 117.4 118 118.2 118 117.8 117.6 117.5 117.6 117.2 117.7 117.4 117.5 118.5 120.4 122.6 125.7 128.1 130.2 131 131.9 133.1 134.1 134.5 132.9 130.9 130.1
130.9 133.8 137.4 142 146.1 149.7 153.7 159 162.9 167.3 172.3 180.5 154.6 154.6 154.9 156.1 166.5 163 161.3 160.8 159.8 159 160.5 159.4 156.1 152.1 148 145.8 145.3 144.5 143.5 142.3 139.1 135.8 133 131.1 130.2 129.4 126.6 123.4 121.6 119.8 119 119 119 119.4 120.1 118.8 118.4 117.9 117.5 117.2 118.1 118.7 118.5 118.3 118 117.7 118 118.1 118.7 119.7 118.6 117.4 118.3 119.8 122.3 124.1 126.2 128 127.8 127.1 125.9 126.3 126.7 126.1 124.9 125.1
133.1 137.1 141.5 144.9 149.5 153.1 156.6 160.2 164.7 168.4 171.9 175.3 179 161.3 154.9 154.6 168.9 162.8 160.4 159.4 158.7 157.7 157.7 155.4 151.9 150.2 149.7 148.6 147.8 147.5 146.2 142.9 139.4 135.9 133.9 132.6 131.7 129.6 126.8 123.6 121.7 119.8 119.7 119.9 120 120 120.4 118.9 118.6 118.3 118 119 119.8 119.6 119.3 119 118 118.2 118.5 119.5 119.8 120.5 120.2 119.4 118.2 119.3 120.8 122.2 124.1 125.1 123.3 121.3 121.2 121 121.6 121.7 121.4 121.6
136.7 140 143.4 146.4 149.6 153.6 157.5 160.6 164.1 166.7 169.1 171 171.7 171.1 169.5 166.4 157.3 166.2 162.7 161 158.4 154.4 154.4 154.5 153.2 152.6 151.2 150.2 150.3 149.4 146.6 143.1 140.1 137.5 136.5 134.8 131.3 128.1 126.4 123.7 121.9 120 120 120.2 120.4 120.5 120.8 119.9 119.4 119.1 119.6 121 121.3 121.1 120.8 120.5 120.1 120.3 121.6 121.4 121.7 122.6 123.1 121.3 119.8 119.9 119.1 121.2 123.1 122.2 120.2 119.6 119.9 119.8 119.5 119.6 119.7 119.8
139.9 143.2 145.8 147.8 149.9 152.6 156 159.2 161.9 164.4 166.6 168.6 168.7 169.5 169.6 170.5 167.2 168.3 164.3 161.2 159.5 158.6 157.8 157.5 156.6 154 153 152.3 151.4 149.2 147.1 144.8 142.6 140.7 138 134.6 130.7 127.3 124.9 123.7 121.8 120.7 120.3 120.5 120.6 120.8 121.3 121.7 121.4 122 123 123.6 123.6 123.2 123.4 123.2 123.9 125.2 126.1 125.6 126.5 126.5 126.4 124.2 123 121.2 119.9 120 122.4 120.6 118.9 119 119.3 119.2 119.3 119.6 119.9 120.3
143 145.6 148 150 151.7 154.5 155 156.6 159.6 161.8 164 166.6 167.6 169.4 170.7 170.4 168.5 166.2 163.6 162 162.9 162.1 161 159.2 157.1 156 154.8 153.9 152.3 150.8 150.3 147.6 146 142.7 138.1 133.3 129.1 125.9 124.4 123.1 121.8 121.4 120.7 120.8 121.1 121.5 121.9 122.4 123.6 128.3 130.2 128.2 126.4 127.1 128.7 130.2 130.3 131.6 132.5 132.3 131.3 130.8 129.8 127.3 124.4 123.5 122.7 119.6 119.7 119.1 119.2 119.4 119.5 119.9 120.2 120.4 120.9 121.1
145.7 148.3 151.7 154 155.7 157.8 158.4 159.1 159.6 161.9 164.6 166.4 168.5 170.2 171.1 171.1 169 166.5 164.4 163.9 163.8 161.8 160.2 159.8 158.6 157.1 155.8 154.8 153.5 153 152.6 151 148 142.8 137.3 132.3 128.1 125.2 123.7 122.6 122.2 121.9 121.5 121.9 122.3 122.7 123 124.6 130.4 135.5 136.7 133.5 129.9 132.1 135.3 137.5 138.5 139.7 139.3 137.8 137.1 135.1 133.1 129.8 128 127.1 125.9 122.6 120.1 120.4 120.1 120 120.2 120.3 121.1 121.3 121.6 121.8
148.2 150.7 154.9 157.8 159.7 161.1 162 161.6 162.3 163.1 165.1 166.1 167.7 169.3 170.1 168.9 167.7 166.6 165.5 164.4 162.9 159.9 161.6 161.3 160.4 158.8 157.6 156.3 155.1 155.2 154.9 152.3 145.7 141.3 136.9 131.9 127.4 124.6 123.2 122.6 122.4 122.1 122.4 123 123.6 123.9 126.5 130.7 137.5 140.7 140.2 136.5 138.7 140.4 142.2 144.8 145.8 145.7 145.7 144.9 142.8 141.1 135.8 136.6 136.1 132.3 128.6 126.1 123.3 123.7 124.6 122 121 120.9 121.6 122 122.2 122.4
150.9 152.8 155.7 157.8 159.2 160.7 162 162.7 163.5 164.2 164.9 166 166.5 167 168.1 168.1 166.9 165.9 165.5 164.4 163.4 162 162.9 162.5 162 160.7 159.9 158.6 156.5 153.4 152.4 148.2 144.2 140.5 136.8 131.8 127.8 124.6 123.7 123.6 123.5 123.4 123.4 123.8 125.3 128.8 132.6 138.4 144.1 146.3 145.1 144.4 148.1 148.5 148.8 149.8 151.7 151.3 151.2 149.1 146.6 140.3 144.2 143.7 140.5 135.9 131.2 133.1 132.1 130.5 125.9 123.6 121.7 122.3 122.1 122.8 123 123.1
155.8 152.7 154 155.5 157.3 158.7 159.8 160.3 160.9 161.5 162.5 164.3 165.3 165.3 165.9 166.4 166.2 165.4 165.6 164.5 164.6 164.3 164.2 163.8 163.4 162.5 162.2 160.2 155.9 151.6 150.1 147 143.6 140 136 132.4 126.9 124.8 124.9 125 124.9 124.8 126.7 129 132 136.5 142.3 151.8 155 154.2 151.3 153.5 155.3 155.5 154.6 155.8 157.3 155.4 153.6 151.1 145.9 149.4 147.2 143.4 140.5 140.3 142.4 141.3 137.3 130.3 125.8 126.6 126.8 125.7 124.9 123.4 123.6 123.8
151.2 149.5 151.5 153.2 155 156.1 157.1 157.6 158.1 158.4 160.1 161.8 163.2 164 164 164.3 164.7 164.9 165.4 165.7 165.7 165.8 165.5 165.1 164.7 164.3 162.2 158.2 155.2 151 147.8 144.9 141.4 136 131.5 128.1 126.3 126 126.2 126.4 126.3 127.1 131.2 135 139.2 145.7 152.5 161.2 165.9 165 161.9 158.3 161.8 162.2 161.7 162.6 160.1 157.2 153.3 148.6 150.1 148.8 145.4 143.5 142.5 147.2 146.5 140.5 133.7 132.6 131.7 130.9 127.7 126.5 126 125 124.2 124.4
141.2 143.1 148 150.2 151.6 152.8 153.9 154.5 155 155.7 157 158.9 160 161.1 162.1 163.3 164.2 165.3 166.2 166.6 166.7 166 165.3 164.9 164.4 161.9 158.5 154.8 151.7 148.5 143.8 139.5 136.7 132.2 128.6 127.1 126.8 126.8 126.9 127.2 128.5 130.6 136.1 142.1 146.5 155.1 164.1 171.5 175.8 177.5 174.2 167.3 170 170.5 169.6 166.8 162.4 157.2 152.7 150.9 151 148.9 147.4 146.3 144.6 142.1 139.6 138.8 138.1 137.4 135 131.1 128.1 127.2 126.9 126 125.6 125.4
133.6 136.5 143.4 146.8 148.2 149.4 150.7 151.5 152.2 151.8 152 153.2 155.7 158.8 161.3 163.2 164.2 165.5 165.8 166.1 166.1 165.7 165 163.6 160.7 157.8 154.5 151.3 147.8 143.9 140.3 135.3 132.9 131.1 129.5 128.1 127.9 127.9 127.8 129.2 130.9 136.1 143.6 150.1 156.8 165.9 175 180.6 184.9 185.9 181.1 176 176.2 175 172.6 167.6 162.1 155.9 156 156.4 155.3 154.1 153.3 150.4 147.7 145 143.9 142.2 138.5 135.4 132.5 130.5 130.1 128.6 128.4 128.5 127.8 127.4
128 131.5 138 142.4 145.5 147.8 147.9 148.9 149.4 148.4 147.3 151.5 154.5 156.2 159 162 163.2 163.9 164.5 164.8 164.2 163.3 162.2 160.5 157.1 153.9 151.3 147.9 144.5 140.9 138.1 135.7 133.9 132.2 131.8 130.4 130.3 129.3 129.3 132.8 137.9 146.1 157.8 167.7 174.4 182 186.2 189.4 189.9 188.7 184.3 181.2 180 176.8 172.3 166.4 164.2 164.3 164.8 163.9 161.5 159.9 157.2 153.5 149.9 146.7 143.4 140.6 137.9 136 135.3 134.7 134.1 133.2 132.3 132.4 132.5 130.7
123.3 126.5 134.1 139 143.2 145.8 145.8 145 144.5 145 145.3 148.9 152.6 155.2 157.5 159.1 160.2 161.2 161.5 161.7 161.3 160.7 158.8 156.6 153.2 150.9 148.3 145 141.6 138.3 137.4 136.6 135 132.8 132.5 132 131.2 130.8 132.1 139.3 146.5 159.4 171.7 177.5 185.6 191.1 191.5 192.1 193 190.5 187.6 184.8 183.1 178.9 177.6 177.5 175.6 172.1 171.3 170.1 168.5 164.9 161 156.6 151.4 146.2 145.3 144.4 142.5 140.5 140.2 139.9 139.5 138.6 136.9 136.4 135.7 134
119.3 123 129.5 134.2 138.6 140.8 141.3 139.6 139.4 140 142.6 145.1 148.3 151.9 154.3 156 157.3 158.4 158.6 158.5 158.2 157.5 155 152.7 150 148.4 146.2 142.8 139.5 136.6 137.2 139.1 134.9 133 132.5 132.6 133 133.8 138.4 147.4 156.8 171.8 179.7 186.5 192.7 193.2 194.4 195.3 198.3 197.9 195.2 192.5 189.8 190 190.7 188.6 183.4 178 175.4 173.7 169.9 166.2 163.3 158.3 150.8 150.6 150.1 149.2 147.3 145.8 145.7 145.7 145.5 143.9 141.4 140.1 138.4 136.8
116.5 120.2 125.4 129.5 132.5 134.7 135.5 134.5 134.3 132.8 140.8 141.7 144.7 148.5 151.1 153 154.2 154.9 155.3 155.3 155 154.1 151.8 149.4 147.4 145.5 142.8 139.9 137 135.4 134.1 134.3 132.8 132.3 132.8 133.8 135.4 138.2 144.1 153.5 164.1 177.7 190.7 202.4 207.5 208.5 207 206.5 205.9 210.3 213.2 211.9 207 203.1 197.9 192.6 187.1 183.2 178.9 173.9 169.8 166.2 161.7 160.9 158.9 156.7 154.2 152.7 151.5 151.1 151 150.8 150.1 147.9 145.8 144 141.9 139.7
114.4 118.2 122.2 124.9 127.5 129 128.9 123.7 126.8 133.5 138.5 140.3 142.2 145.4 147.5 149.9 150.6 151.3 151.8 152.1 151.9 150.8 148.8 146.5 144.5 141.8 139 135.2 130.9 130.6 130.4 128.1 128.2 131.7 133.3 134.8 137.5 143.4 150.2 158.6 170.8 186.1 199.1 210.6 216.9 216 215.8 216 221.6 238.7 237.8 235 218.9 207.2 199.2 194 189.2 183.9 178.1 173.6 171.2 169.9 169.7 168.2 165.6 162 160.9 158.9 157.4 156.7 156 155.4 154.7 152.4 150.6 147.1 145.1 140.1
113.5 116.8 118.5 120.6 123.2 124.7 119.3 116.9 117 122 129.9 138 140.2 142.1 144.4 145.9 146.9 147.8 148.4 148.8 148.8 147.5 145.5 143.3 140.8 137.8 133.4 129.1 126 126.3 124.4 122.8 125.5 130.2 132.5 135.6 139.3 147.8 156.1 165.7 176.3 187.5 198.2 211.3 218.6 221.7 217.7 227.5 247.5 255.5 242.2 234.9 219.9 209.3 200.7 194.5 188.8 183.6 179.6 179.2 177.5 176.6 176.3 175.8 173.6 170.8 169.7 165.3 163.2 162 160.5 160.7 158.8 157.7 155.5 150 147 139.7
