app/static/ascii/NT11.asc
ncols 200
nrows 200
xllcorner 310000
yllcorner 610000
cellsize 50
[rows 0 to 34 of 200, columns 78 to 155 of 200]
429 430.2 431.4 431.5 429.4 425.1 421.2 416.5 411.6 412.7 420.4 413.9 416.5 417.6 419.3 422.5 424.4 427 429.8 436.2 446.5 448.9 452.4 454.6 453.8 454.2 456.4 457.3 453.2 457.6 468.6 479 496.7 515.6 529.9 541.5 545.9 552.9 552.1 549.6 552.1 555.2 550.9 541.9 540.7 541 540 537.5 531.6 528.6 520.8 527.2 527.7 532.7 537.4 539.4 538.4 538.5 540.9 545.2 551.1 558 567 577.1 585.6 591.7 592.7 592.6 590.1 585 580.6 573.3 563.2 551.4 534.3 513.1 492 472.6
454.6 450.7 451.6 450.5 446.4 442 435.8 427.6 420 417.4 420.4 422.5 420 421 423.6 424.2 424.3 425.3 428.3 435.8 448.9 450.5 453.7 455.9 456.3 457.1 458.9 458.9 458.1 460.8 464.4 475.1 489.3 508 526.6 542.6 549.9 557.1 558.9 560.6 568.4 570.6 566.9 563 560.3 560.2 556.5 551.2 545.5 539.8 536.1 539 541.8 546.3 550.7 552.6 551.7 551.6 554.7 559.2 566 573.1 580.1 588.4 595.4 597.9 595.2 591.4 585.5 579.8 572.6 562.7 554.5 541 522.8 501.6 483.8 466.9
483.8 475.8 472.8 470.7 467.2 460.9 453.8 444.1 432.6 425.4 427 427.2 427.9 428.7 429.2 430 430.5 431.7 431 431.7 442.9 451.1 454.5 456.2 456.5 458.2 459.1 459.4 461.5 460.8 462.6 465.7 483.1 500 521.1 538.3 551.6 557.6 562.8 569.8 577.3 578.2 577.2 577.7 575.6 575.7 572.3 564.2 560.2 552.3 550.4 554.8 559.4 562.5 566.4 568.7 568.3 566.9 571.3 575.5 581.7 586.9 593.3 598 601.6 600.4 595.2 588.7 581.9 572.7 562.8 552 542.4 527.7 510.3 491.8 475.6 461.7
510.9 504.9 499.1 495.3 493 485 474.3 462.8 452.8 442.6 438.8 436.4 437 437.2 438 439.5 439.5 440.2 440 437.1 435.1 449.2 454.4 450.3 451.2 456.4 458 459.6 461.6 463.8 464 464.6 474.2 494.6 514.9 534.7 549.2 558.9 565.3 573.5 581.3 585.3 589.4 591.2 591.7 590.6 586.5 578.9 573.6 567.6 565.9 571.7 576.9 580.1 585.1 586.5 587.6 587.7 590.2 592.9 596.8 600.4 601.5 603.6 603.1 598.4 591.9 583.3 573.7 562.5 548.9 538.5 527.4 513.6 498 483.1 467.6 461.7
537.5 531 525 519.9 513.5 506.3 499.1 486.3 475.1 465.4 456.1 451.7 449.4 450.4 451.3 453.1 453.7 451 447.9 446.2 441.3 438.9 444.3 448.7 451.2 448.2 450.8 454.3 459.9 462.2 463.2 465.1 467.2 485.8 507.8 529.6 544.1 557.8 564.4 574.3 584.6 592.3 597.1 600.8 603.8 604.3 602.1 594.3 587.8 584.2 580.9 589.4 594.5 597.5 601.8 605.5 608.4 609.4 610.8 612.6 613.6 613.6 611.6 606.3 600.5 592.8 584.3 574.2 561.9 547.6 534.3 524.1 512.9 500.1 486 472.8 464.6 471.2
567.5 561.9 555.1 552.5 541.4 539 525.9 513.5 498.9 486.5 477.5 472.9 468 468 468.1 468.2 466.3 463.1 459.6 454 448.6 450.1 450.4 451 454.2 456.1 457 459.3 461 464.3 464.2 463.2 467.4 480.7 499.2 520.1 541.4 554.9 562.4 571.6 584.1 594.9 602.8 608.4 612 617.7 618.4 612.9 604.7 600.5 600.2 606.2 610.7 617.5 622.9 626.8 627.3 628.8 629 627.9 626.3 621.9 615.8 605.3 594.3 581.6 569.4 558.2 547.1 532.4 519.5 510 499.6 486.7 472.4 471 472.6 477.4
593.7 590.9 586.2 585.2 573.6 561 548 535.3 523.5 512.3 503.2 495.9 491.1 489.5 488.6 485.5 481.6 476.2 471.2 465.7 457.9 454.7 453.3 454.8 457.1 461.6 462.1 466.1 468.5 470.9 474.5 467.8 465.5 479 492.2 511 533 551.7 560.1 568.3 583.3 595.9 607 614.2 620.8 627.4 633.1 631.2 626.4 620.4 619.6 625.5 631.1 638.4 643.4 646 645 643.4 641.3 639.9 633.8 625.5 615 599.3 583.2 567.4 556 545.5 533.5 519.5 507.5 496.8 486.3 478 481.1 479.3 479.3 483.3
610.3 609.2 606.6 603.6 594.3 580.7 570.9 554.3 542.7 533.7 524.8 511.7 513.8 510 508.6 504.8 500.9 494.4 486.3 477.8 469.3 461.9 456 460.7 464.5 469.6 473.8 474.5 477 477 479.9 476.8 469.3 471.1 485.9 504.3 525.1 547.5 558.5 568.6 582.4 600.3 611.5 621.3 630 638.1 643.3 644.6 643.3 640.1 638.1 643.8 652.3 659.5 662.4 662.6 659.5 653.4 649.3 644.6 636.3 624.5 608.8 588.1 569.5 556.5 545.2 533.3 520.8 507.6 497.1 487.3 485.1 488.8 487.3 484.8 485.1 489.3
624.6 623 618.7 615.7 607.1 595.9 587.2 571.6 557.1 546.3 539.1 535.1 532 527.2 523 520 517 511.5 502.6 492.7 484.2 475.1 464.1 466.2 472.9 478.3 483.9 485.1 487.7 490.8 488.6 484.2 476 471.1 478.5 494.6 516.5 539.7 556.7 568.3 584.5 604 619.5 631 642.2 653.4 658.4 658.2 659.7 659.2 658.5 662.8 672 676.2 677.1 674.5 667.2 660.2 653.2 644.9 633.2 618.3 597.6 576.2 559.5 545.9 534.8 522.5 508.3 497.8 489.2 491.1 494.1 494.4 491.9 489.8 490.8 495.5
633.6 632.6 628.1 624.6 615.4 607.4 596.9 584.1 569.3 558.5 551.2 549.2 547.2 543.4 539.5 534.6 531.8 527.2 519.3 507.4 499 487.3 475.8 469 479.2 485.1 491.3 497.3 498.7 498.1 500 494.2 485.6 476.2 475.2 486.3 509.9 531.4 549.8 568.4 588.8 611 625.7 641.8 652.8 663.7 671.3 672.5 678 679.3 679.9 682.2 689.3 691.7 688.4 683.6 673.6 663.1 652.8 640.2 625.6 608.4 586.2 565.3 549.1 536.5 525.3 512.6 501.2 493.1 498.7 500.4 500.9 499.6 498.1 496.3 499.3 502.7
639.2 639.9 637.7 632.4 624.7 616.8 607.1 596.1 581.5 570.1 565.2 563 560.8 558.3 554.7 551.6 547.9 543.6 536.1 524.7 514.3 504.2 490.4 475.2 487.2 491.8 501.6 506.6 508.4 509.2 510.7 504.6 496.3 483.7 476.8 485.6 501.1 524.2 543.2 565.7 592.5 616.6 634.9 651.7 665.2 676 682.2 686.4 693.8 696.7 699.5 701.3 703.8 702.9 697.2 687.9 676.7 663.6 647 632.7 616.8 596.4 573.9 553.6 537.9 526.1 516.5 505.5 501.3 504.9 508.4 510 511.6 510.2 508 507.7 509.8 510.3
645.7 647.3 646 640.2 633.5 625.4 616.8 606.1 592.5 581.5 577.2 575.4 574.7 574.5 573 570.4 562.9 558.5 550.9 541.9 529.8 518.8 503.3 484.3 491.7 501.9 511.3 516.7 521.4 522.5 522.3 516.1 506.8 493 481.3 484.4 497.2 516.9 537.5 562.9 594.3 623.6 645.5 662.5 676.1 688 695.2 700.8 707.5 713.1 715.7 715.5 715.9 711.7 703.2 688.9 675.6 660.2 641.9 626.3 607.3 584.8 560.7 540 529.3 521.6 511.9 504.4 511 515.6 518.4 522.2 525 525.3 523.9 521.8 520.2 523.1
649.9 653.2 653.3 649.2 642 634 626.4 614.7 602.1 591.4 588.1 590.1 590.3 590.5 589.8 585.5 580 573.9 565.8 557.6 541.7 529.3 514.6 493.4 497.1 508.6 519.2 526.1 530.4 533.1 532.7 527 516 501.8 488.1 481.8 495.2 513.1 534.8 560.8 592.7 627.3 655.4 673.8 687.1 699.6 707.4 713.7 721.7 727.5 729.8 727.5 723.9 718.2 707.5 690 674 655.7 635.2 612.7 594.1 579.1 568 552.6 537.3 521.8 510.2 515.8 522.4 526.2 530.5 536.4 541.8 542.8 540.6 537.1 532.6 536.2
649.9 654.8 658.3 655.1 647.9 640.6 633.6 623.9 611.3 602.1 601.3 602.3 603.7 603.5 604.7 604 598.4 590 579.8 566.9 551.4 535.7 520.9 500.7 504.2 513.9 526.4 534.9 538.9 542.1 540.3 537.3 526 511.4 496.9 485.4 495.2 509.6 534.4 559.3 588.5 626.1 659.8 682.3 697.7 710.8 719.4 724.7 732.5 738.9 741.8 739.6 733.8 725.1 711.4 695.3 677.5 659.4 640.8 623.2 607.7 594.2 578.7 562 541.7 523.8 517.5 528.2 536.6 542.3 547.2 553.6 557.5 557.9 554.6 551 548.5 548.9
651.7 659.2 661.2 660.8 655.6 648 642 632.7 621.6 612.3 612.5 614.1 613.4 615.7 619.3 618.4 612.7 604.7 591.6 576.5 558.9 543.9 524.7 502 513.7 519.5 532.4 543.4 548.3 551.2 550.8 546.7 535.3 519.6 506.3 487.4 493.7 507.2 532.7 555.9 584.3 621 653.3 682.5 703.1 720.1 729.2 735.6 743.3 749.1 751.5 747.7 742.2 731.6 715.1 700.7 685.9 666.9 649.6 633.2 617.6 601.8 583.1 563.3 541.2 523.4 532.6 545.9 553.9 560 565.9 569.2 572.2 570.2 566.5 562.9 560.7 560.9
662.3 667.3 670.8 670.2 666.4 661.2 653.5 646.2 636 626.5 623.6 624 624.7 628.1 632.3 630.4 625.4 618.4 602.5 586.2 566.4 549.4 530.5 508.9 522.4 528 540.3 551.9 558.1 560.7 560.2 554.9 544.2 530.1 513.8 492.3 496.9 506.8 527 549.2 576.2 609.6 639.5 670.3 698.7 725.1 736.1 743.4 750.7 755.5 756.4 753 748.8 737.1 722.5 707.4 690.5 675.3 657.5 639.2 623.1 605.6 585.2 563.7 542.3 536 551.3 565.9 572.3 577.5 582.6 583.7 585.2 580.6 579.2 576 573 573.8
674.1 678 681.6 682.4 681.4 676.7 669.1 661.7 654.9 646.9 638.9 639.2 638.5 642.3 644.3 644.8 639 628.2 613.6 595 574.6 555.6 535.3 522.6 529 539.2 549.7 561 569.8 571.8 569.9 563.2 552.5 537.9 523.4 504.4 493.5 505.2 524.2 543.3 567.9 596.1 625.5 655.3 684.6 716.4 741 748.9 754.1 758.9 759.9 757 751.6 741.7 727 713.9 696.3 679.5 661 641.5 624.1 606.7 584.6 563.9 543.9 558.6 570.5 581.5 589.2 595.8 600.4 600.8 597.7 593.3 592.4 590.8 587.4 585.5
687.5 690.5 694 696.2 694.9 688.4 681.8 675.5 667.9 662.8 658.5 655.4 656.1 658 659.5 657.1 650.6 636.6 619.6 600.2 579.8 558.4 537.7 533.5 540.2 548 560.7 572.5 581 582.7 579.4 571.2 561.3 547.6 530.2 517.3 499.3 505.2 521.4 536.7 555.2 582.4 609.1 639.6 672.4 707.2 737.3 751 756 759.7 759.7 758 752.3 743.9 731.3 717.5 701.1 683.3 662.9 640.8 623.2 603.5 583.4 564.8 558.5 578.6 591.3 600.6 608.3 613.2 614.7 613.4 611 608.5 607.1 604.8 601.9 599.3
701.5 703.5 707.8 710.7 707.1 702.3 699.1 690.5 680.4 675.5 672.1 672.4 671.3 672.1 670.1 667.2 659 644.2 625.6 605.2 584.3 561.8 540 544.2 551 558.5 572.2 585.5 592.3 594.2 590.7 579.8 567.5 554.4 538.4 523.5 505.6 503.1 514 527.4 547 569.9 596 625.3 656.9 688.9 721.9 749.3 754.8 757.2 758.2 756.9 753.1 745.9 734.9 720.2 703.5 685.9 662.8 639.3 621.6 603 585 567.9 577.4 595.7 607.9 617.8 623.7 626.2 626.3 625.7 627.1 623.2 618.3 615.7 612 606.2
711.4 716.7 721 722.3 719.4 715.9 712.3 704.5 694.5 690 686 686.5 685.6 682.2 681.6 676.2 666.7 652.8 629.7 608.5 588.5 566.4 545.6 549.8 560.3 574.4 584.4 597.4 605.6 608.3 603.7 589.2 574.1 560.6 542.9 528.2 512.1 504 515 521.1 537.7 559.1 583.2 611.2 643.2 676.5 708.1 737 749 752.7 754.2 754.2 751.7 747.8 737.1 721.5 705.8 688.5 665.2 641.8 623.2 607.3 594.4 579.3 596.7 611.1 623.2 631.4 636.1 638.3 639.2 641.7 641.2 635.6 628.5 623.9 618.7 612.7
713.5 721.1 726.3 727.2 726.5 726 721.2 719 711.4 703.9 701.9 698.9 694.8 693 691.8 684.1 674.6 659 634.2 612.3 593 572.3 548.6 560.8 572.8 583.9 597.5 611.1 621.5 624.5 615.3 598.4 578.8 564.5 548.7 533.1 521.4 507.5 511.3 524.6 532.1 550.3 570.7 597.7 629.5 660.3 691.6 720 739.8 744.8 748.9 750.6 749.9 745.7 739 724.8 709.4 691.1 669.9 647.6 628.3 614.3 605 598.1 612.1 625.1 635.3 643.2 648.5 653.4 656.1 658.7 655 647 637.4 630 623.2 616.4
711.7 721.3 727.3 729.1 730 731.9 730.9 729.5 723.6 718.2 715.8 711.7 704.9 704.6 700 693 681.8 662.4 639.6 616.8 597.5 576.6 559.6 571.9 584.1 594.9 608.2 624.4 635.4 639.1 625 605.7 584.5 568.5 552.5 536.8 523.2 511.7 515.3 522.9 532.7 544.2 561.5 584.6 612.9 644 677.8 706.7 728.5 736.3 742.7 745.6 745.6 743.5 738.5 727.8 713.4 696.3 678.5 655.5 637.7 626.7 609.9 615.6 626.5 637.9 648 655.8 662.7 670 674.1 672.4 666.8 653 642.3 633.7 624.8 614.7
694.3 710.5 720.5 724.6 729.9 733.3 734.2 731.5 729.6 728.8 727.8 721.3 714.3 713.3 708.8 698.6 686 666.9 643.1 621.8 603.4 580.1 569.9 583.8 593.8 606.7 620.2 634.6 646.9 646.3 634.5 612.6 589.7 572.6 555.4 539.9 526.1 517.3 512.6 519.4 528 540.4 555.9 575 600.1 631.6 664.4 690.6 715.1 724.6 733.7 739.7 741.6 741 737 730.6 719.5 706.1 686.3 659.4 647.9 633.7 626.6 631 640.1 652 661.7 669.4 676.6 683.5 685.6 681.4 667.2 652.9 643.4 633.5 622.2 611
661.5 680.7 702.2 712.7 722.5 728.8 732.7 732.7 733 733.6 731.4 727.7 723.4 719.5 713.3 705.9 690.8 668.6 649.8 629.3 606.8 585.6 578.3 592.2 600.4 615.5 630.6 646.8 657.8 657.2 642.5 617 594.7 575 557.3 541.6 527.3 519.3 515.5 521.4 528.7 535.4 548.4 566.5 588.6 616.9 647.2 676.8 702.9 715 725.1 732.7 736.9 738.9 736.9 731.6 725.2 713.1 696.7 675 658.2 643.8 642.9 646.9 655.1 667.4 676.8 683.5 687.8 689 689.2 677.6 663.3 651.3 642.1 629.6 616.6 604.1
630.2 655.7 681.1 695.6 706.1 716.3 725.2 729.6 731.7 732.2 731.6 730.3 728.3 724.1 717.1 708.3 693.3 670.8 654.9 636 611.8 593.7 583.3 596.8 609.5 624.5 641.4 656.2 667 665.1 647.1 622.4 598.9 579.2 560.3 541.5 532.8 523.8 518.8 522.8 527.8 533.4 544 560.4 580.5 605.6 634.7 665.6 692.8 708.3 716.9 724.7 730.9 735.4 735.8 731.6 725.3 719.1 710.7 692.5 669.7 660.4 660.2 665.4 673.4 683.5 690.9 694.6 694.7 690.9 686.4 671.2 658.3 648.7 635.4 622.7 609.2 595.1
606 631.3 659.4 676.9 688.5 701.5 712.9 724.1 727.3 729 730.7 731.5 730.1 726.7 720.7 710.1 693.3 674 658.4 642 618.7 599.5 590.4 603.6 615.7 633.8 648.5 664.3 672.3 668.6 651.9 626.4 603.6 582.4 563.4 545.7 533.1 525.6 523.7 524.7 529.8 536.1 544.6 557.4 573.5 595.9 625 657 681.9 698.5 708.6 716 724.7 730.7 732.6 732.6 731.2 726.5 720.1 706.2 690.4 683.9 682.7 686.7 693.7 698.7 702.3 703.8 699.8 691 679.9 666 653.6 640.9 627.2 613.8 602 589.9
579.9 606.4 630.4 654.3 669.7 685.2 698.9 712 720.4 725.3 727.7 728.9 728.6 726 720.4 709.6 691.7 673.4 658.8 644.1 622.9 602 602.2 609 623.8 640.5 654.8 670.9 677.4 675.3 655.9 629.7 606.8 584.3 565.8 550.1 536.4 529.7 526.2 525.3 531.5 536.9 544.2 555.2 566.5 587.1 614 642.6 663.7 681.4 693.4 704.5 716 726.2 733 734.6 734.2 733.4 729.4 725.3 717.4 713.4 709.4 711 711.9 709.5 708.9 707.1 702.9 690.1 675 663.5 646.4 633.5 620.2 607.6 595.2 581.6
553.9 577.7 602.6 628.5 650.3 669 685 700.8 711.9 718.5 723.2 725 725 723.5 716.2 704.9 687.1 671.5 659.8 641.8 624.2 615.2 613.4 615.6 633.1 648.6 662.2 677.7 685.6 685.4 665.6 635.4 610.1 586.7 568.3 552.9 539.8 533.4 530.2 525.1 532 535.4 542.2 553.6 573.6 592.7 611.4 630.9 651.4 667 683.2 697.8 711.1 725.5 732.4 736.9 739.6 740.4 740 739.1 737.5 734.9 731.1 728.4 725.3 722.7 716.1 707.8 700.6 687.8 673.2 658.2 641.3 626.5 614.3 601 586.1 567.8
526.5 551.3 579 607.1 632.1 654.7 675.2 690.5 703.4 712.9 718.5 720.1 721.1 718.9 711.4 700.8 683 671 659.4 643.5 631.1 628.9 628 630.4 638.6 657.1 669.7 682.5 692.8 697.3 677.6 643.6 618.4 594.2 574 559 546.1 537.9 533.5 527.5 533 534.5 539 553.4 571.8 595.6 616.9 644.6 671.1 690.3 702.5 714.9 725 731.8 736.6 741.5 746 748.6 750.2 753.5 753.1 750.2 745.5 739.7 732.3 725.7 719.5 707.9 698.2 685.9 672.8 655.4 635.7 621.8 607.4 591.6 571.8 553.3
500.7 527.4 554.5 583.6 611.3 638.3 662.9 679.9 695.9 706.3 714.3 716.6 716.3 712.7 706.5 695.4 683.9 671.4 657.9 649.5 646.8 647.1 642.5 646.3 653.1 666.9 678.4 693.8 704.7 709.6 693 656.8 630.2 609.1 585 569.8 554.1 544.7 537.8 530.6 533.5 535.5 542.2 552.9 572.8 595.1 624.1 653.3 681.9 701.2 713.7 723.9 732.3 738.7 743.3 748.1 752.5 756.9 761 764.3 766.7 762.7 754.2 744.8 738.1 727.9 717.4 708 697.1 683.6 669 651.5 630.3 616.4 598.6 579 557 535.6
479.8 503.4 531.4 561.7 589.9 618.1 646.8 672 686.5 697.4 710.4 713.7 713.8 710.1 704.6 696.8 686.7 674.1 666.5 663 661.2 663.2 661.5 663.2 668.4 680.7 690.9 706.9 715.2 720.6 717.8 675.8 645.3 619.9 597.5 582 566.4 553.9 542.3 533.8 534.3 537.8 546 557.9 575.6 599 630.2 663 691.9 707.3 719.4 730.6 738.1 745.4 750.2 754.6 759.3 763.7 768.2 772.4 773.6 769.4 760.5 750.2 739.9 726.8 715.8 705.9 690.4 679.7 663.2 644 626 609.8 590.8 566.4 544.7 526.6
464 484.9 511.5 539.6 570.1 601.5 634.9 662.2 678.4 692.1 705.5 711.9 712.5 710.6 705.3 699.7 694.4 687.5 679 676.6 676.8 678.9 679 680.4 683.4 695.7 707.5 719.4 727 732.1 736.5 699.7 665.9 639.4 619.6 601.1 580.8 569.4 551.6 536.6 535 539.1 550.1 564.3 583 605.3 637 672.1 698.7 713 725.8 736 743.2 750.7 755.7 760.7 765.3 769.9 773.8 776.2 776.4 772.1 762.7 750.2 735.2 724.2 712.5 697.7 685.4 673 654.5 638.2 620.3 601.5 576.6 554.3 533.7 515.2
453.5 471.2 494.3 524.1 554.8 588.9 622.1 648.5 666.9 685.5 703.8 711.8 712.4 712.1 709.7 704.5 701.1 698.3 695.5 693.2 692.6 695.2 696.2 696.9 700.9 711.3 723.1 730 737.1 741.9 747.3 733.1 701 665.6 653.1 636.3 613 587.4 565.1 545.7 537.6 540.5 553.7 570 589.2 613.7 644.3 677.3 703.6 718.6 731.4 741 748.5 755.4 761.3 766.7 770.6 773.7 775.5 776.2 775.8 770.8 760.3 744.2 729.2 718.7 705.4 691 677.6 664.7 646.5 629.6 612.8 589.1 563.6 540.5 522.9 503.4
444 461.2 482.8 511.2 540.6 573.4 605.7 629.5 650.4 680.2 701.7 711.2 715 715.7 712.8 710.1 709.2 709 708.4 709.9 711.4 714.4 715.2 716.6 721.1 726.7 734.2 739.9 746.3 750.6 756.6 755.2 730.8 705.7 686 669.5 644.1 605.5 578.2 556.3 540.1 543.2 553.6 574.4 594.8 619.8 649.9 682.4 709 724.3 735.3 745 753.8 760.8 766.7 771.1 774.6 775.4 775.3 774.4 773.1 764.8 751.6 734.9 722.8 708.7 694.4 680.3 667.3 654.6 634.5 616.2 598.7 576.1 552.9 529.4 509.1 491
438.4 453.1 474.4 494.7 525.4 558.7 591.9 617.5 640.1 672.5 699.1 710 716.8 716.8 716.6 716.9 718.6 719.6 723.1 725.7 726.4 730.9 733.7 735.9 739.2 742.4 746.6 751.7 755.6 758.2 761.2 757.5 750.9 740.4 720.2 694.5 657.9 619.7 587.5 563 543.5 545.5 559.7 580.2 601 628.3 658.1 688.7 711.9 726.7 737.5 747.5 757.1 764.3 771.1 776.2 777.3 776.5 774 771.4 766.9 755 741.3 728.3 712.9 695.8 682.2 669.9 656.8 641.1 620.7 602.1 583.9 563.9 540.8 519.1 495.3 480.3
