app/static/ascii/NT14.asc
ncols 200
nrows 200
xllcorner 310000
yllcorner 640000
cellsize 50
[rows 105 to 139 of 200, columns 78 to 155 of 200]
209.3 207.9 203.8 199.4 198.9 199.3 199.5 208.6 217.6 224.4 229.1 233 241.3 247.2 255.9 262.8 268.7 272.3 276.1 279.4 282.6 285.7 290 299.9 309.7 318 325.9 326.1 327.8 327.3 319.7 313 309.1 306.9 310.8 317.2 322.4 317.5 314.3 309.4 301.6 288.7 278.4 265.9 250.2 232.6 217.2 207 200.7 199.7 199.3 199.4 217.1 235.9 255.3 272.1 288.5 303.7 318.5 331.1 341.2 348.9 350.7 352.8 352.4 351.3 350.2 351.3 350.5 356.9 364.2 370.7 376 377.6 370.2 355.8 339.2 333.6
213.5 211.6 208 202.5 199.8 199.2 199.6 206.4 213.7 217.9 227.2 236.4 246 252.2 259.9 265.6 270.9 274.9 276.8 278.9 283.1 286.3 290.8 300.3 313 324.4 333.7 332.9 336.2 333 325.9 321.5 317.4 314.9 318.7 324.5 324 316.8 310.4 306.7 298.1 287.4 277.9 264.7 248.2 229.9 216.1 205.7 200.4 199.8 199.3 199.2 213.2 235 257.1 276.4 294 312.4 326.5 340.1 350.8 356.8 359.4 360.9 358 356.9 355.5 355 357.7 363.2 371.3 378.2 385.9 388.4 385.7 375.4 359.2 344.3
216 214.7 211.2 205 199.4 198.1 200.2 203.7 209.4 220.6 231 238.8 246.4 255.6 262.8 269.7 272.3 274.9 277.2 279.6 284.4 289.3 293.6 304.1 318.9 331.2 336.9 340.5 340.9 337.3 332.6 328.9 323.8 320.8 322.6 326.3 320 311.9 302.9 299.3 292.9 283.5 274.5 260.5 245.3 228.1 215.4 204.9 199.7 198.5 199 198.9 209.2 233.4 256.2 275.8 297.1 317.7 331.7 345.4 358.7 363.8 366.5 366.5 362.1 360.2 356.6 356.8 361.4 368.5 378.2 386.5 394.2 397.5 397.8 392.3 379.7 365.2
220.3 216.1 213.1 208.1 199.7 199.4 200.4 201.9 208.7 216.4 228.6 239.4 248.1 258.2 265.8 269 272 273.9 277.2 281.9 287.2 291.6 298 309.7 325.4 335.7 342.1 344.9 343.9 339 339 336.5 329.5 325 326.8 321.7 311.6 302.8 294.4 292.6 285.7 277 267.7 255.6 241.6 225.8 214.8 205.1 199 199.3 198.4 198.8 209.2 235.3 259.3 275.4 293.5 318.3 335.2 349.5 361.1 369.7 370.8 367.5 361.3 356.8 353.7 354.9 361.7 371.3 382.8 393.3 400.8 404.8 406.3 405.9 401.3 388.5
224.2 219 214 208.6 202.1 198.8 198.8 200.1 204.3 213.3 227.6 241.2 251.1 259.1 263.1 266.2 269.7 274 279.5 286.1 290.3 295.4 304.2 314.8 328.4 339 343 345.6 344.2 342.7 344 341 336.5 329.5 325.4 312.4 302.9 295.2 286.7 282.4 277.1 269.9 261.3 250.9 238.6 224 213.7 204.1 199.2 198.8 198.5 198.5 213.7 235.7 258.6 275.6 293 315.3 334.8 349.3 361.5 369.5 368.3 364 356.1 350.3 346 347.3 357.7 369.6 383.5 395.1 405.6 410.4 413.9 417 416.6 409.9
225.7 223.2 217.5 215.5 207.8 198.7 199.1 199 203.5 211.7 227.2 241 250.7 256.9 260 264.1 270.2 277.7 284.6 289.2 294.3 300.7 310.4 316.4 328.7 337.3 339.3 341.1 342.3 345 348.7 344.8 344.4 335 320.9 308.3 298.7 289.6 282.4 275.2 269.2 261.5 252.2 242.8 231.5 219.9 210.5 203.4 198.9 198.6 198.9 197.8 214.4 237.6 259.2 278 294.5 313.4 328.5 342.8 354.7 364.5 363 357.6 348.6 341.9 334.9 336.5 350.7 366.4 380.5 392.8 405.8 414.9 421.4 426 428.6 423.7
230.2 227 220.5 217.3 212 198.8 198.5 199.1 200.6 209.6 223.7 234.6 245.7 250.5 254.7 263.5 275 283.7 289.7 294.3 298.8 306.5 312.8 318.3 324.4 327.4 330.8 335.3 338.3 347.2 350.1 352.6 350.6 340.1 327.7 314.7 301.8 290.9 281.3 272.6 266.7 259.2 246.8 237.6 229.3 218.5 208.9 202.2 199 198.4 198.6 197.9 215.1 241.7 263.4 280.7 296.2 312.9 328.1 341.6 350.3 356.9 355 349.3 341.5 332.6 324.5 327.4 341.5 360.4 375.9 392.1 406.8 417.9 425.9 434.7 436.4 432.4
243.6 230 223.9 230 221.1 200.9 198.5 198.9 200 206.4 217 229.5 236.3 246.9 256.8 268.1 283 290.8 294.2 297.7 301.3 307.2 310.4 314.4 315.8 318.3 322.8 330.1 335 346 355 359.9 356.2 344.6 333.2 320.4 306.3 292 282.3 274.8 266.2 258.9 243.9 235.1 225.3 217.9 210.1 203.7 198.7 198 198.1 197.8 216.8 243.4 263.9 282.5 297.8 314.7 330.3 342.9 348 351 347.6 341.4 334.2 323.9 316 319.8 333 352.4 370.9 388.1 403.6 413.9 427 439.7 444 441.1
244.8 229.6 219.8 237.1 228.6 203.3 200.3 199.1 199.5 204.8 212.2 223.6 237.2 248.9 262.9 277.7 290.3 294.4 298.5 301.2 301.7 301.6 303.9 305.4 305.7 306.9 314.1 323.3 335.6 350.4 361.7 368.7 360.2 349.7 338.5 325.2 309.2 295.5 283.5 276.1 266.8 258.5 250.9 237.9 223.3 214.9 208.3 203.3 198.5 197.9 197.6 198 218.2 243.4 261.2 279.1 296.3 312.6 328.1 341.8 344.6 343.3 338.4 333.2 325.5 315 308.2 312.7 322.7 344.1 360.8 376.1 390.3 404.1 419.3 435.8 447.1 447.8
232.9 223.4 219 224.4 221.6 203.2 200.9 199.5 198.9 203.2 211 222.5 237.7 252.9 269.1 283.9 293.3 295.4 298.9 298.2 296.4 295 295.6 295 294.5 298.1 306.4 320.1 335.5 351.4 366.9 370.6 363.2 354.9 344.7 332.3 319.6 305.1 290.5 279.9 271.6 260.3 249.8 235.8 220 210.4 206 202.4 198.7 197.7 197.5 198.2 217.5 240.1 258 272.8 290.2 308.8 328.1 337.1 336.6 333.5 329.2 324.1 315.5 305.8 300.3 305.9 314.7 332.7 348.5 362.2 371.5 384.9 401.3 423.1 441.5 450.1
222.5 214.8 211.3 206.6 204.2 202.6 201 199.7 197.8 200.9 208.6 220 237 253.6 272.2 286.6 291.8 293.3 295.9 292.6 289.3 287.4 286.8 285.9 289.2 293.9 304.1 316.4 333.1 351.5 365 369.3 365.9 360.7 352.3 340.6 329.7 315.5 301.6 290.6 276.3 262.3 252 236.7 221.5 208.6 203.3 201.6 198.2 196.9 197.5 198.7 214.4 235.9 258.6 274 289.7 304.6 322.6 328.1 328.7 324.9 318.4 311.4 303.8 296 295.1 302.2 312.5 320.5 332.9 342.7 351.8 364 384.6 414.6 437.9 442.3
216.5 211.2 207.4 205.9 204.3 202.7 201.2 200.1 199.2 200.5 206.2 217.4 233.5 251 267.8 280.2 286.4 290.5 288.9 285.6 282.8 281 278.4 283.2 287.2 291.8 300.6 312.8 332.1 349.2 362.2 369 370.6 366.4 357.7 346.5 334.6 318.3 306.9 295.6 279.3 265.8 253.1 237.3 222.2 208.8 201.7 200 196.4 197.1 196.8 197.4 216.3 235.9 259.1 275.3 290 301.4 315.1 321.8 318.3 311 304 296.7 289 287.2 294.4 302.8 310.3 319.4 325.2 333.5 346.7 362.4 387.3 413.9 433.2 439
215.5 209.5 207.3 205.5 204.2 202.9 201.4 200.2 199.4 198 205 214.7 228.8 244.3 259.8 271.5 280.7 284.3 281.3 277.7 276.2 273 275.7 280.1 283.2 289.1 299.5 310.3 328.8 345.7 362.9 369.9 375.1 369.7 358.8 349.5 335.6 321.2 310.3 297.9 281.5 268.9 253.9 237 223.1 210.6 201.6 196.4 196.7 196.7 196.2 196.7 216.4 235.7 259.2 275.6 289.8 299.6 309.6 311.1 304.1 296.1 289.6 280.6 282.2 291.1 296.9 303.5 311.6 320.8 327.3 335.2 351.3 371.8 393.5 415 432.8 439.7
219 211.4 207.2 205.1 203.8 202.5 201.2 200 199.2 200.1 205.1 211.7 222.6 236.4 252.7 263 272.7 276.4 273.6 270 268.2 265.7 272.1 277 282.3 288.8 297.4 309.2 325.7 347.6 359.5 367.5 371.7 366 357.9 349.6 335.6 324.2 311.8 299.2 283.9 271.3 254.6 241 225.6 212.4 201 196.8 196.8 196.5 196.2 196.2 215.4 236.5 258.5 275.4 288.8 295.4 301.7 296.5 289.3 282.1 275 275.9 283.7 289.3 297.9 303.6 315.1 322.4 328.5 341.2 361 380.3 399.9 417 432 439.6
220.5 212.5 206.7 204.8 203.4 202.1 201.2 199.8 198.6 198.6 204.3 208.2 217 230 246.2 258.6 265.2 267.2 265.4 262.7 258.6 261.7 268.3 272.1 279 288.5 297.1 309.6 325.3 340.4 354.9 359.7 360.3 358.8 355.3 344.7 334.5 325.3 311.5 300.9 286.7 273.4 256.7 243.1 228.5 214.4 202.2 195.9 196 196 196 195.4 212.7 233.6 258 274.1 285.5 290.5 287.6 280.1 273.5 264.2 266.3 276.6 283.4 290.5 298.8 307.6 317 322.7 330.8 346 363.9 383.7 401.6 415.3 426.8 432.6
219.7 214.1 209.5 205.8 203.2 202 201 200 198.9 197.9 199.9 206 211.1 223.7 239.1 251.7 260.8 260.3 258.3 254.2 248.7 256.6 263 269.1 277.3 288.1 298.7 313.8 328.4 342 353.1 354.3 350.9 347.3 343.1 337.5 331.9 324.6 313.4 302.4 290 275.4 260 245.9 232.4 217.5 205.6 196.3 195.7 195.3 195.9 195 208.7 228.8 252.5 264.8 277.7 279 274.6 264.4 257.1 257.9 268.5 275.9 285.5 295.2 306.2 314.1 318.9 324.2 332.3 347.1 364.1 383.2 400.1 413.6 422.6 425.4
219.3 214.9 211.8 208.7 204.7 201.5 200.3 199.3 198.7 197.5 196.9 203.4 206.9 215.7 231.9 245.8 252.3 251.8 249.2 241.4 240.3 248.8 259.6 269.2 279.4 289.8 303.9 319.1 331.9 343.3 348.6 348 340.7 334.3 329.9 326.8 322.8 318.7 313.1 303.6 293.1 277.5 264.1 249.7 234.9 219.9 207.1 195.9 196.2 196.1 195.8 195.8 204.3 223.1 245.6 259.3 265.2 265.9 261.8 249.1 249.7 258.8 269.8 279 291.2 301.2 309.3 316.8 319.5 325.1 331.9 345 361.5 380.2 396.3 410.4 417.7 419.4
222.4 216.1 211.6 208.2 203.8 200.5 199.6 198.6 198.4 197.3 196.7 199 202 209.4 222 236.1 242.2 241.8 238.7 229.2 241.2 250.1 259.9 272.6 283.6 294.1 307.7 321.8 331.5 339.7 342.8 336 326.8 318.3 311.3 308.2 308.7 309.6 311.2 304.2 293.8 279.7 267.1 251.9 238.4 223.3 208.9 196.6 195.8 195.8 195.1 195.6 199.2 218.3 238.4 255.5 261.1 260.2 247.6 243.8 250.8 260.7 272.7 284.9 295.9 304.4 311.5 315.6 318.5 322.1 328.2 340.9 357.4 375.1 391.9 407.5 414.3 410.9
225.5 220.5 212.2 207.5 202.7 199.7 198.7 198 197.8 197.3 196.8 197.9 198.8 201 211.5 224.3 230.9 230.7 226 227.9 237.3 248.1 259.4 270.5 284.5 294.1 306.1 319.2 326.2 331.1 327 321.1 312.5 305 297 292.8 294.1 297 303.6 302.6 291.8 281.1 269.1 256.4 242.3 226 212.6 197.7 195.4 195.7 195.4 195.4 195.2 212.4 231.3 247.9 256.2 252.1 234.1 244.1 252.1 262.5 275 287.6 297.8 304.2 310 313 313.9 314.9 320.2 334.1 351.5 369.7 388.5 405.1 412.6 402.7
228.6 223.6 216.7 208.6 201.9 199.1 198.1 197.6 197.5 197.1 196.6 196.6 197.4 198.5 202.2 212.5 218 217.7 217.6 223.8 232.9 244.3 256.1 266.9 279.5 288.3 297.7 306.4 310.1 309.5 307.4 307.4 299.5 292.1 286.6 281.2 281.4 283.6 291.9 295.1 287.9 280.9 270 259.8 246.6 228.7 213.1 199.2 195.2 195.2 195.2 194.6 194.9 205 224.4 240.1 247.3 244.2 232.5 243 252.2 263.7 275.8 288.2 296.7 302.1 306.2 306.7 305.1 306.9 316.1 330.4 347.5 367.1 386.8 403.1 409.9 402.1
233.6 225.6 217.2 210 203.1 200.6 198.5 197.4 197.3 197 196.5 196.8 197.6 197.9 200.5 204.5 209 211.8 214.2 217.4 227.1 237.9 249.2 260.1 268.2 278.9 287.2 290.6 292.9 293.7 291.6 290.6 283.2 277.7 274.4 269.4 268.7 271.1 275.3 280.7 280 277.8 269.3 264.7 248.9 229.1 213 202 195.7 194.9 195 195 194.8 201.5 215.2 231 238.7 235.1 233.1 241.1 251.3 263.6 275.4 286.9 293.9 297.3 298.9 297.9 296.6 301.2 312.6 326.6 345.1 363.7 383.7 400.1 406.5 403.8
238.8 229.4 220.6 213.8 205.7 201.8 202.7 198.4 197.7 196.9 196.5 196.6 195.9 197.1 199.4 202.6 206.1 207.7 209.1 212.3 218.7 228.2 239.4 248.1 259.4 268.7 277.2 282.7 287.4 289.5 285.4 280.8 277.1 273.2 267.7 262.8 259.5 259.7 262.4 265.8 267 266.4 262 255.9 245.1 229.3 214.2 204.3 197.9 194.7 194.9 195 194.7 195.4 208.3 221.7 228.4 218.7 229.8 240.2 251.4 262.5 273.6 282.7 287.9 290.3 289.3 288.7 289.8 298.4 309.3 324.2 343.3 361 378.3 394.1 404 404.5
242.3 231.3 223.8 216.2 209.9 209 209.3 204.1 200 197.7 197.2 197 196.8 196.9 198.3 201 202.9 204.6 205.3 205.5 208.7 217 226.4 236 247 254 260.7 267.3 272.6 276.1 276.1 275.5 272.1 266.8 260 257.3 252.2 251.3 251.8 253.2 253.8 250.9 246.8 242.2 236.5 223.3 213.1 206.8 201.7 195.7 194.6 194.2 194.3 194.3 202.9 209.9 210.8 221.6 229.1 238.5 251.1 261.7 271.3 277.4 280.9 281 279 281.9 287.1 294.6 305.7 320.7 339 356 372.3 388.7 399.8 401.5
247.3 237 228.6 219.4 214 214.4 211.2 207.4 200.9 198.9 198.3 196.9 196.8 196.5 196.5 199.3 200.4 201.4 201.2 201.9 202.9 208 215.7 224.4 231.3 236.7 241.3 245.9 252.5 258.6 261.5 262.9 260.8 258.5 254.6 252.2 248.7 244.8 243.5 241.7 239.1 237.1 234.5 230.6 224.4 219.9 213.7 209 203.8 197.6 194.2 194.5 194.1 194 196.5 202.5 214.7 221.8 229.4 239.2 250.4 260.4 267.6 271.9 273.4 271.6 271.7 276.5 282.9 289.5 298.1 310.2 326.2 345.3 362.6 379.8 392 395.5
251.2 239.2 230.8 223.9 220.2 217.4 214.4 211.7 205 201.1 200.3 197.3 196.8 196.7 196.2 197.3 197.7 198.3 198.1 198.2 198.5 202.6 206.5 211.6 215.8 218.1 222.9 227.8 234 239.5 245.5 250 250 248.8 248.5 247.6 243.8 240.6 235.4 232.8 227.9 225.2 223.6 221.5 220.5 218.1 214.8 211.1 205 198.9 194.4 194.2 193.8 193.9 195.7 204.7 211.6 219.1 228.5 239.1 249.1 258.3 263.7 266.6 265.4 263.4 267 271.7 277.5 283.5 290.9 298.8 314.8 327 348.5 373.3 387.7 389.6
255.1 241.5 233.8 229.1 224.8 221.5 218.8 214.1 208.4 205.9 204.9 202.8 198 196.8 196.6 196.6 196.3 195.9 196.5 196.2 195.9 196.7 201 203 204.1 206.4 208.2 212.3 218.1 223.1 227.8 232.8 236.4 238.1 238.9 240 238.2 236.7 232.5 228 223.4 218 217.2 217.6 218.3 217.3 214.6 209.8 205.1 198.6 194 193.9 193.9 194 193.7 200.1 206.9 216.4 226.1 236.2 246.5 255.3 260.1 260.9 259 261.2 263.5 267.3 271.7 279.2 287.1 291.1 305.6 327.4 351 373.4 386.6 383.6
257.1 244.2 235.9 232.4 228.6 225.1 223.8 218.9 214.5 210.3 208.1 205.2 203.2 200.2 196.7 197.9 196.1 195.6 195.5 195.2 195.5 195.1 196.1 195.7 198.5 199.7 201.4 202.4 205.4 209.6 213.8 217.1 222.1 226.1 227.6 229.1 231.1 232.5 229.3 225.4 218.6 207.8 207.7 212.1 214.8 215.4 211.7 207 202.6 196.7 193.8 192.6 193.5 193.6 193.2 194.2 203.1 213.8 222.8 233.1 242.8 250.6 255.5 256.1 255.3 256.8 258 261 267.1 273.5 284.2 289 302.4 326.7 352.9 372.9 381.9 378.4
258 246.3 239.4 236.9 232.6 229.5 228 225.7 218.6 215.6 213.7 209.6 207 205 200.5 203.4 200.9 196.4 196.3 195.9 195.8 195.8 196.5 196.8 196.5 195.7 194.8 195.9 197.3 199.1 203.3 207.3 209.8 211.2 214.1 219.9 223.5 224.3 223.8 222 215 202.6 200.7 204.2 208.1 209 208.4 205.7 199.3 193.5 193.6 193 192.7 192.8 192.8 192.6 199.3 210.1 219.3 228.3 235.9 244.2 249.7 250.6 251.1 247.5 252.6 256.9 264.7 274.4 284 292.2 305.6 325.3 350.8 372.6 383.6 375.3
259.5 248.9 243.2 240.4 237.1 234.4 232.3 229.6 225.1 223 221.1 215.1 213.2 209.6 207.3 206.6 202.6 198.4 196.5 195.7 195.8 196.8 197.7 197.3 197.5 197.1 195.2 194.7 194.6 194 194.3 197.8 200.6 201.5 204.8 208.8 212.6 215.8 216.6 215.2 207.5 197.4 196.2 196.1 197.5 199.7 200.2 196.6 193.7 193.1 192.8 193.2 192.6 192.4 192.5 192.7 194 204.2 213.8 220.6 225.4 235 241.6 243.1 244.7 239.8 247.4 252.2 263.6 274.4 286.6 296.7 308.5 329.9 354.1 375.4 384.8 371.2
263.2 252.9 247.4 244.7 242.5 238.9 236.5 232.6 231.2 230.5 228 223.3 219.6 216.3 212.1 209.9 205 201.7 200.7 197.3 197.5 198 198.6 198.6 198.7 197.8 196.8 195.3 194.8 194.8 194.2 193.8 194 193.4 194.9 198 202.2 205.9 205.7 202.1 195.5 194.4 194.3 193.6 193 193.2 193.1 192.8 192.9 192.8 193 192.8 192.5 192.1 192.2 192.6 192.1 197.1 206.5 213.9 218.3 224.3 231.3 234.7 234.9 234.9 243.6 250 260.4 273 288.4 303.4 318.2 339.4 362.4 380.8 383.4 368.2
269.1 257.6 253.3 249.9 248.4 244.3 243 239.4 238 236.9 234.2 232.4 228 222 217.3 215.4 208.9 207.9 207.7 205.9 205.5 204.9 200.7 200.4 199.8 198.8 197.2 195.4 194.6 194.4 194.4 193.3 194 193.1 193.2 193.2 192.7 193.6 193.6 192.8 192.4 192.8 192.9 192.7 192.5 192.2 192 192.2 192.5 192.5 192.5 192.5 192.5 192.1 191.9 191.6 192.1 191.7 201.5 207.2 213.6 217.9 221.6 226.4 226.3 232 238.6 248.1 259.4 271.9 290.4 307.6 325.7 346.7 367 383.7 379.3 361.2
276.2 263.6 259.2 255.8 253.6 251.4 249.4 246.4 246 244 240.5 237.2 233 226.1 222.6 221.4 217.9 219.6 217.6 214.2 210.1 208.6 202.6 201.6 203.1 201.5 199.2 196.4 194.9 193.7 193.8 194.1 194.1 192.8 193.4 193.3 192.9 192.7 192.7 192 191.9 191.8 191.9 191.8 191.8 191.7 191.6 191.8 192.1 192.2 192.3 192.4 191.6 192.2 191.7 191.2 191.7 191.5 199.2 203.3 207.5 211.7 216.1 218.4 219 226.3 236.5 246.9 258.2 270.2 288.6 307.1 325.6 345.9 366 381 378.6 360.4
284.5 270.3 264.5 261.6 260.3 259.4 257 254.3 252.9 250.5 245.4 242.1 235.6 230.6 228 226.8 226.5 225.7 223.8 218.7 214.9 209.3 203.1 206 207.6 204.9 203 201.5 198.8 196 194.5 193.6 193.7 193.5 193.4 192.5 192.7 192.5 192.8 192.5 192.4 192.2 191.6 192 191.8 191.8 191.6 191.5 191.7 191.9 192 192 192.1 191.9 191.8 191.7 191.3 191 191.3 200.4 204 206.2 210 212 214.6 223.1 233.2 243.6 253.7 266.7 283.7 302.3 321.4 341.8 360.3 376.8 377.6 361.7
296.3 279.7 271.2 270.7 268.2 267.5 264.7 262.4 260.5 256.6 250.6 245 238.2 234.2 233.3 232.7 231.2 231.1 228 222.2 216.7 205.7 206.1 210.3 211.6 209.7 207.9 207.5 203 199.2 196.5 194.8 194.4 194.7 194.5 194.5 194.3 193.7 193.5 192.3 192.2 192 191.9 191.7 191.2 191.9 191.9 191.9 191.5 191.5 191.7 191.9 191.8 191.7 191.1 191.2 190.9 190.5 190.6 193.1 200.3 201.3 203.2 202.5 210.8 219.6 229.1 238.6 248.4 261.3 275.9 293.5 308.3 330.9 353.3 367.4 369.6 357.3
312.1 292.6 279.8 278.5 276.6 275 272.7 269.8 266.7 261.6 255.7 249.7 242.7 238.5 238.1 237.6 235.8 234.3 230 222.2 208.9 210.5 212.7 216.1 216.6 214.9 213.9 213.4 209.7 204.3 200.3 198.7 198.7 199.5 198.9 197.3 196.5 195.8 194.3 192.7 192.1 191.7 191.5 191.7 191.8 191.6 191 191.8 191.9 192 192 191.7 191.6 190.6 191 190.9 190.5 190.2 190.3 190.6 190.6 195.6 197.2 198 207.5 214.3 224.1 234.1 242.2 253.3 268.3 286 299.8 323.3 344.5 357.9 359.9 352.7
