app/static/ascii/NT15.asc
ncols 200
nrows 200
xllcorner 310000
yllcorner 650000
cellsize 50
[rows 0 to 34 of 200, columns 0 to 77 of 200]
338.5 336.6 333.4 329.6 327.1 321.6 318.7 316.7 319.6 322.9 328.1 332.4 334.7 336.4 336.2 334.8 332.7 331.1 331.5 332.6 331.9 330.7 328.8 326.5 324.5 329.8 333.2 336.6 341.9 348.7 353.9 355.7 357.5 359.7 363.7 368.5 371.5 373.9 375.2 377.3 379.8 380.8 384.7 387.4 389.5 392.5 397.2 402.2 407.4 406.2 406.3 407.2 407.6 417.2 425.4 433.4 440.3 445.4 442.2 450.9 453 453.9 456.8 458.2 460.3 459.4 455.1 447.3 437.9 426 412.5 400.2 388.5 376.9 367.2 367.6 366.8 369.5
338.7 336.3 333.5 330 325.4 322.6 323.3 325.2 328.5 332.6 336.3 340.2 342.1 341.9 340.2 338 335.9 335.9 336.5 336.9 335.5 333.2 329.5 323.5 329.4 332.5 334.9 338.4 344.4 351 355.2 357.8 359.5 362 367.9 372.8 375.5 378.2 381.2 384.8 389.6 396.1 403.8 410 414.7 419.2 420.2 424.3 426.7 429.1 430.6 431.4 429.1 439.7 450.2 458.1 461.5 460.8 460.2 461.6 461.9 462.6 466 467.7 468.8 468.3 460.9 453.5 444.3 430.5 418.4 406.2 393.8 384.5 375.2 372.6 370.4 372.8
339.2 337.1 334.2 331.8 327.4 330.1 331.4 335.5 338.8 341.9 344.5 345.9 346.3 345.6 343.5 341.2 339.7 340 340.7 339.5 336.7 332.3 328.5 326.3 329.5 335.6 338.2 342.2 345.8 352.1 356.6 359.2 361.7 366.3 372.6 376.3 380.3 385.6 394.1 403 411.1 417.2 426.2 432 434.8 438.2 441.6 445.8 448.7 452.6 454.9 453.3 454.5 465.1 476.1 479.9 478.4 475.7 470.7 470.8 471.1 473.7 474.1 475.9 475.5 473.1 468.7 458 447.9 436 422 409.7 398.3 389.5 381.6 380.7 377.2 379.8
341 339.6 338.4 337.3 333.9 338.1 341.2 343.4 344.5 346.5 348 349.1 349.1 348.3 345.9 344.4 343.5 342.6 341 338.4 334.8 330.6 329.2 329 329.1 337.5 339.5 342.1 347.1 351.8 356.4 359.8 363.3 369.4 375.1 379.2 385.4 396 409 422.6 434.4 443 449.6 456.2 460.6 465.4 469.3 472.9 475.3 477.3 480.7 481.4 483.8 491.5 495 494.7 491.8 486.8 482.4 483.1 484 484 484.2 483.5 481.5 479.4 472.1 462.8 451.7 439.4 424.6 412.3 401.9 392.2 392.2 390.1 387.9 390.4
344.3 344 343.4 342.5 342.2 343.7 344.7 345.7 347 349.1 350.6 351.7 351.9 350.6 348.3 346.2 343.3 340.2 338.7 335.8 335.7 335.3 334.1 334 331.2 336 340.3 343.1 346.9 350.7 357.1 361.5 366 371.2 376.4 383.2 394.1 407 428.2 448 461.8 471.9 477.9 485.1 490.2 495.4 498.8 502.6 504.5 507.7 507.6 508.1 506 506.6 506.5 503.7 500.5 496.1 494.3 495.4 495.1 495.5 494.2 492.3 490.2 485.2 477.7 467 454.8 442.5 428.2 413.8 404.2 404 403.8 402.5 400.8 401.7
348.8 348.4 347.5 347.1 346.4 344.8 345.7 347.1 349.1 350.7 352.1 353.4 353.5 351.3 348.8 345.1 341.4 339.8 338.3 338.3 338.8 339.2 339.2 338.2 337.8 333 340.2 344.1 348.3 353.7 358.7 362.1 367.3 372.8 379.5 394 412.1 430.4 450.7 470.4 484.7 498.8 507.7 515.4 518.9 523.2 524.8 526.9 527.5 526.7 524.3 521 517.7 516.4 515 512.6 508.4 502.8 502.7 504.9 506.6 506.1 503.9 500.8 496.1 489 479.5 468.1 454.4 445.8 427.5 420.9 417.1 414.7 412.6 412.7 411.5 412.6
353.6 352.6 351 348.3 345.6 346.4 349 349.7 350.8 352.1 353.4 353.3 352.1 351 348.1 344 341.2 340.2 340.1 342.2 342.5 342.8 342.5 341.7 340.4 334.9 339.9 344 349.9 355.9 360.8 365.4 370.1 376.7 393.2 409.4 429.4 450.9 470.6 489.3 506.1 522.7 533.2 540.9 543.8 547.3 547.1 541.9 537.7 535.5 533.1 529.5 526 524.4 523.1 519.8 514.5 509.5 511.4 514.8 518.1 515.5 511.4 505.8 500.3 492.7 482.6 470.8 459 448.7 430.3 433.2 428.7 427.5 426.1 424.2 422.1 423.9
356.4 354.7 350.8 348.6 346.4 349 351.4 352 352.7 353.5 352.7 351.4 349.8 348.7 346.4 344.3 342.3 340.7 341.9 344.1 345.6 346 345.6 344.4 342.2 336.8 341.3 344.8 350.3 357.7 363.5 367.8 375.2 388.3 404.9 423.8 446.1 465.5 488 504.7 523.3 539.6 550.3 554.5 555.1 552.9 550.7 546.6 543.3 541.4 539.6 536.3 533.9 532.7 530.9 527.9 520.9 518.8 522 523.9 525 521.2 516.2 510.1 501.7 494 484.2 472.9 461.7 450.7 446.1 444.6 441 439.5 436.3 436.6 436.4 436.1
357.5 354.3 350.3 348.1 349.4 351.7 352.6 353.2 353.8 352.7 351.5 350.6 350 349 347.3 345.2 343.6 341.8 342.6 344.7 347.1 349.1 349 347.4 344.9 339.8 342.8 345.9 352.1 359.5 365.4 370 381.8 395.3 416.5 440.8 460.3 479.9 499.3 519 539.3 551.7 557.1 559.1 557.8 554.4 551.9 548.2 546.9 544.9 544.1 543 541.5 541.2 539.2 536.5 532.9 532.5 531.7 531.6 531 526.8 520.9 513.7 504.8 494.6 482.9 472.7 460.9 457.3 456.1 453.8 453.1 451 449.7 448.6 448 447.4
356.6 351.7 349.2 349.2 350.8 352.7 353.3 354.1 354.4 353.7 352 351.2 349.4 348.3 347 345.4 343.9 343.6 344.2 345.4 348.5 351.3 351.6 349.8 347.3 344.1 344.6 347.5 353.2 360.3 365.2 371.7 384.3 400.7 424.3 446.6 467.1 488.3 509.9 530.2 548.9 553.8 556.8 557.9 556.9 552.5 548.8 547.3 547.1 546.4 547.8 548.2 547 546.8 545.7 542.5 540.7 539.3 538 536.8 533.6 528.9 523.2 516 507.4 496.5 484.2 474.4 469.2 465.7 464.3 463.1 460.9 461.1 461.6 461 457.6 455.4
354.7 350.3 350.4 351.3 353.4 353.8 353.9 354 354.9 353.6 352.4 351.2 349.6 349 347.9 345.7 344.5 344.5 345.3 346.3 349.5 352.8 353 351 348.5 346.9 345.9 349.2 352.7 359.9 367.1 372.2 385.8 403.7 426.7 446.3 464.8 488.4 511 528.6 544.4 550.4 551.4 552.4 550 547.3 542.7 542.5 544.7 545.7 546.9 549.1 550.2 549.8 549.1 547.9 547.5 548.4 547.2 544.9 539.4 533.1 525.6 517.3 508.3 499 487.8 478.9 476 473.7 473.3 471.7 470.9 471.6 470.3 467.1 463.2 457.5
353.1 352.7 353 352.6 354.2 354.8 354.9 356 357.1 356.3 355.2 352.6 350.7 349.6 347.8 346.6 346.2 346 346.6 349.3 351.4 353.7 354 352.7 351.4 350.8 347.2 351.1 353.6 358.3 365.4 372.6 385.8 401.9 422.8 443.3 460.8 483.5 501.6 522.1 531.6 537.5 542.1 541.1 538.1 535.6 533.2 534.8 537 542.1 545 547.3 550.6 552.6 552.4 554.2 556.4 555.1 553.7 551.4 546.1 539.1 532.1 522.1 511.9 499.1 488.8 481.8 479.2 477.9 478.5 478.7 476.5 475 474.7 467.8 461.7 454.1
355.5 357.1 357.4 355 354.5 355.8 357.3 358.8 360.3 360.9 359.9 355.4 355.4 353.8 352 351.1 350.1 349.5 350.5 351.2 353.9 355.8 356.3 356.3 355.6 354.8 354.2 352.1 356.4 359.6 365.9 375 385.2 398.4 417 437.2 455.9 474.1 487 504.7 514.6 519.1 521.8 524.6 523.9 523.8 525.7 529 532.3 536.5 543.3 546.3 551.4 555.8 558.5 561.5 562.3 560.4 559.2 556.4 551.2 544 537.2 528.3 515.1 498.2 488.2 481.8 477.4 474.9 475.5 475.2 468.7 464.6 461.8 458.2 452.4 446.4
358.4 359.5 360 356.1 355.8 358.3 362 362.3 362.5 362.9 361.6 360.4 358.7 357.6 356.8 356.8 356.1 354.3 354.4 355.1 356.2 358.2 359.8 361.2 360 360.4 359.6 353.5 359.2 363.1 367.1 373.8 384.4 396.2 408 423.6 444.3 460.9 474.2 485.9 495.1 501.8 504.3 507.8 509.7 513.1 517.7 521.3 526.3 531.8 540.7 545.8 552.4 557.6 561.2 564.7 565.2 563.3 561.7 558.7 554.1 547.4 541 531.7 515.9 499.8 487.1 478.4 472.5 467.7 464.8 462.2 456.6 451.5 447.1 445.3 441.1 434.1
357.3 357.9 360.6 359 358.3 361.4 364.9 365.1 364.8 364.5 362.6 362.4 361.9 363 363.1 361.8 361.2 360.5 359.3 359.8 359.8 360.3 363.2 364.8 365.4 364.7 362.8 354.9 360.9 365.7 369.6 373.3 381.4 390.7 402.3 412.7 430.3 448 461.2 472.1 481.3 486.3 489.5 493.2 497.6 501.9 507.7 514.3 519.8 527.1 535.9 544 550.7 557.1 560.5 561.3 561.6 561.9 561.3 558.5 554.7 548.9 542 530.3 513.5 498.9 485.7 474.8 467.1 460.7 456.7 451.2 446.4 443.5 439 434.8 431.5 427.5
361.6 362.7 361.5 359.6 360.2 363.4 365.3 365.8 366 367.2 366.8 365.8 365 366 367.5 367 365.9 365.1 365.6 366.5 365 363.6 366.2 368.4 368 367.2 364.7 359.4 364.1 367.4 371.5 375.9 381.4 390.1 402.1 411.5 421.9 434.3 445.1 455.9 463.1 470.1 475.8 481.2 485.5 490.9 498.9 508.4 516.7 524.3 532.6 541.5 547.5 553 557.6 558.5 558.7 558.3 558.2 557.3 555.4 551.4 543 528.1 513.4 499.9 485.8 472.7 461.3 454 449.3 445.7 440.9 436.5 431.9 428.9 425.7 423.3
363.9 364.2 361.7 360.8 362.6 364.4 366.4 366.9 368.1 369.5 368.3 367.6 367.1 368.1 370 370.6 370.2 371.4 371.2 371.6 369.2 367.9 368.1 371.1 370.7 369 366 360.5 365.8 371.3 375.8 380.2 384.4 392 400.1 410.6 420 428.5 438.4 444.8 450.2 455.5 460.9 466.7 472.4 483 491.9 503 513.9 523.6 530.4 537.7 545.7 550.3 556.9 557.4 557 556.8 556 554.7 552.5 549.4 539.4 526.7 513.4 500.3 483.2 468.8 457.4 450 442.6 438 434 429.9 426.7 423.7 420.9 418.4
364.2 363.9 361.9 360.9 364.1 366.3 368.1 369.4 370.4 370.2 369.8 369.8 369.8 371.1 373 375.2 376.1 377 376.9 375.7 372.8 370.7 371.1 372.5 372.9 370.4 365.9 366 370.1 374.9 381.6 386.1 390.1 398.1 405.4 413.3 421.2 427.9 434.5 440.4 442.9 445.4 448.4 451.7 463.2 476.3 486.4 496.3 506.6 515.6 523.6 529.4 538.3 546.8 550.2 551.3 553 552.2 551.6 548.5 544.5 540.1 533.6 524.3 511.8 498 481 466.1 455.3 448.7 441.1 434.7 429.4 426.2 423.4 419.3 416.3 414.1
363.7 362.1 362.3 362.7 364.3 366.6 370.6 371.1 372.4 373.8 373.1 372.8 373 374.2 376.7 379.4 381.3 383.7 382.2 381.1 376.9 374 373.8 374 374.1 370.4 365.7 369.6 373.4 378.7 387.4 394.6 400.9 405.8 413.6 419 424.9 428.9 433.7 436.4 438.5 439.6 440.2 446.9 458.2 465.9 477.1 487.5 492.9 499.5 508.5 518.1 525.7 529.8 534.1 537.3 537.5 541.1 543.6 542 541.4 538.4 531.4 521.7 506.4 491.7 477.2 463.7 454.8 448.9 444.2 438.5 431.5 425.9 418.8 414.7 411.1 407.7
361.5 363.2 364.3 363.6 365.1 368.5 371.4 371.7 375.2 376.8 378.2 379.3 379.6 381 382.8 385 386.8 389 390.1 387.1 383.4 379.4 376.8 375.3 375.2 371.6 368.7 372.3 376.2 382.1 392.9 402.7 411.1 414.9 419.9 423.6 427.6 430 432.4 433.6 434.8 434.9 435.6 439.9 449 457.9 464.8 472.3 479.1 486.5 494.6 501.5 508.9 515.6 520.6 524.3 525.4 529.9 535.5 538.7 540.8 538.5 533.3 523.3 507.6 493.4 477.8 466.4 458.1 449.9 442.2 434.9 430 425.3 422.6 421.6 416.6 411.5
362.8 363.8 364.6 365 366.1 368.6 373.2 375.7 377.2 379.2 381.1 385.3 387.9 391.4 393.7 394.7 395.8 400 399.7 400.2 395.9 388.1 379.8 376.9 375.4 373 371.7 375.2 381 386.3 399.9 411.2 420.4 422.3 423 426.5 429.3 429.2 429.4 430.6 430.8 430 431.8 433.5 438.3 446.7 453.1 460 464.5 469.4 480.4 487.6 492.1 498.1 507.3 514.6 519.3 525.3 533.5 539.4 542.9 542.3 536.9 527.2 515 497.6 482.1 470.8 460.8 451.5 444.1 438.6 432.1 426.9 423.5 421.3 418.5 413.6
362.2 363.1 364.4 365.2 366.2 368.5 372.8 377.5 379.4 383.8 385.9 391.3 396.1 398.5 402.1 404.6 409.2 413.9 422.3 417.1 409.1 397.1 385.3 379.4 376.7 375 375 377.9 387 396 408.8 421 429.8 431.9 431.6 430.2 429.4 428.3 426.8 427.3 426.4 426.3 428 429.5 431.6 435.9 441.2 447.3 452.4 458.6 464.2 473.9 481 488 494.1 503.1 513.3 523.2 532.2 543.2 549.4 548.2 543.3 535.5 516.3 501.2 489.7 477.3 465.5 455.6 447.2 440.7 433.1 428.1 423.7 417.8 413.6 409.8
361.1 362.9 363.8 365 365.9 371.7 375.3 380.8 384.4 388.2 391.5 396.1 402.2 406.1 411.4 417.6 424.7 438.8 439.5 428.3 411.9 399.2 387.3 381.4 379.5 377.8 377.7 383.5 393.8 404.2 416.5 426 435.2 438.2 437.8 432.8 429.8 427.4 425.8 424.2 423.1 422.6 424 425.4 426.8 427.9 433.9 438.3 444.5 448.9 452.5 462 472.8 479.8 489.1 498.4 508 522.4 534.6 547.6 555.6 556.8 544.9 529.2 516.7 506.3 491.5 480.8 472.4 460.8 449.7 440.3 434.3 430.5 428.4 420.1 411.1 407.3
363.6 363.4 364.3 364.9 366.6 373.7 379.1 383.8 387.7 390.6 395.2 401.5 413.8 421.1 430.6 443.2 453.3 460.7 453 434.1 415 399.3 390.5 384.5 382.4 380.8 381.4 388.5 399.7 410.9 421.8 430.5 437.8 441.6 441.2 437.7 431.2 426 423.9 422.2 420.1 419.6 420 420.5 422.7 424.6 427 430.8 436 440.9 444.7 452.4 463 472.3 485 493.9 503.1 516.4 532.5 547.1 554.4 549 539.2 528.1 517.1 504.4 491.9 483.8 474.6 461.7 452.9 444.2 440.2 438.3 432.1 417.7 409.9 407.7
365.5 366 365.6 367.7 369.5 373.5 378.3 386.1 390.2 393.2 400.8 415.4 425.4 439.1 458.9 470.6 480.8 480.7 462.2 442.5 422.3 405.3 396.1 390.1 388 385 386.7 395.2 404.7 416.9 425.3 432 436.7 439.1 439.3 437.2 431.4 424.5 422 420.2 417.7 416.6 417.1 417.4 418.5 420.3 423.4 424.8 427 431.9 439.4 447.1 458.9 469 480.6 489.9 498.7 512.1 525.9 538 542.6 541 533 522.5 508.8 498.9 491.4 484 473.8 462.1 454.9 450.7 447.4 441.3 431.6 416.7 411.8 411.3
367.5 368.4 369.1 372.1 374.7 379.9 381.6 386.8 392.3 397 412.9 430.9 447.5 463.3 478.7 492.1 503.4 496.5 476.5 451.3 431 416.5 405.9 398.3 394.1 390.8 392.1 398.6 410.6 420.3 427.2 431.7 435 435.9 435.2 433.5 428.9 422.9 418.2 416.1 414.2 412.1 414 414.5 415.3 416.7 417.9 421.3 423.8 429.5 435.7 441.2 450.7 462.2 475.5 484.7 494.9 506.2 514.1 522.8 528.1 527.5 521.3 511.1 502 495.9 489.9 481.5 470.2 462.7 458.3 454.5 448.2 440.1 426.7 415.2 416.7 417.8
370.3 370.9 369.1 370.7 376.5 379.1 382.7 386.9 393.6 405.6 425.7 443.9 460 478.7 495.3 511.8 520.7 505.2 486.1 460.4 442.3 427.9 416.9 408.3 402.6 399.2 399.4 400.8 413.4 422.8 429 432.5 434.9 433.5 431.3 428.4 425.5 419.7 416.1 413.4 411.5 408.2 410.5 410.6 410.1 412.7 413.8 415.7 418.8 425.9 433.4 438.3 447.2 457.9 468.9 479.8 488.9 500.5 506.3 511 512.7 512.1 506.5 501 496.3 491.8 482.7 475.8 467.3 464 459.8 453.5 444.5 434 420.9 423 429.3 432.4
373.9 372.7 372 371.6 374.4 379.1 383.2 388 395.2 414.4 436.4 453.2 471.9 492.7 511 523.5 527.3 511.1 492.2 470.1 454.8 440.7 432.9 424.1 418.8 413.7 411.2 408 417.1 425 430.7 433.6 433.6 432.6 429.9 426.1 421.3 417.1 413.3 410 408.4 404.3 406.3 407.1 409.4 410.6 411.5 413.5 416.5 423.2 430.8 436.2 442.4 453.7 463.2 470.9 481.2 489.1 493.4 496.3 497.9 496.1 494.8 493.7 489.7 480.8 475.5 467.5 460.9 454.8 450.6 443.8 436.7 428.6 431.8 438.6 445.2 446.6
376.9 376.4 374.5 374 376.4 380.2 384.7 391.9 404.9 423 444 460.8 485.5 506.4 523.4 534 532.8 516.6 497.6 482.1 470.3 461.4 449.9 442.8 432.5 428 424 419.9 423 429.7 432.4 433.1 431.6 430.2 427 423.4 418.2 413.7 410.5 407.6 404.1 400.7 399.2 404.1 406 407.4 407.9 411.4 413.8 421.2 428.8 434.8 442.8 452.3 459.3 465 471.2 476.3 480 483.7 486.4 486.6 485.2 481.6 477.9 470.7 465.1 458.3 451.4 446.5 443 437.8 435.3 443.6 454.2 457.3 464.7 461.7
378.5 377.5 376.7 378.2 384 384.8 389.3 398.9 412.2 433.1 448.9 472.7 497.8 518.2 535.1 544.3 534.6 520.4 504.4 492.8 483.1 471.9 464.3 457.8 448.2 441.8 436.1 430 429.7 434.9 436.8 434 429.4 423.7 421.3 418.5 414.9 409.2 406.4 404.2 401.6 399 394.1 399 401.1 402.8 406.6 408.9 412.8 420.7 427.8 434 441.6 448.1 454.7 459.5 464.3 468.5 470.2 473.3 475.6 475.4 473.2 470.8 466.9 463.8 459 451.5 447.8 445.6 444 447.4 456.7 468.8 478 476.8 480.4 479.2
380.2 379.5 380.5 382.5 387.1 391.4 395.9 403.7 422.3 439.2 456.4 483.6 508.1 532.1 546.3 548.8 537 524 510.6 500.8 490.8 482.3 473.3 466.5 460.6 452.7 445.6 439.4 437.1 439.8 440.5 436.9 434 430.7 422.8 413.5 407.7 403.7 400.7 399.5 399.2 395.3 393.7 393.4 399.6 402.3 404.8 408 413.2 419 425.6 432.2 438.1 444 449.5 454.5 458.1 459.9 461.2 461.6 462 462.7 462.1 461 460.8 457 452.9 449 446.9 446.1 455.2 468 479.7 488.7 491.5 492 493.3 492.8
383.4 385.4 387.1 390.3 392.7 398.4 403.1 411.2 429.4 443.3 464.8 493.8 520.1 545.6 559.6 554.5 540 526.8 516.3 508.7 498.2 489.5 481.7 474.7 466.5 459.2 453.8 447.4 444.2 443.3 443.8 439.7 437.5 433.4 427.1 419.7 411.8 405.9 402.8 398.1 394.6 391.8 389.4 391.1 397.9 401 403.1 407.1 411.5 416.6 422.7 428.9 434.4 439.6 444.1 448.5 451.3 454 455.4 456.1 456.9 458.5 457.1 455.3 453.6 452.2 449.2 447.3 447.7 455.8 472 483.5 493.3 499.5 501.8 502.6 503 500.7
389.9 393 393.3 397.4 400.4 405.1 410.7 420.1 435.4 451.9 474.4 500.2 527.3 550.5 560 555.1 542.2 532.9 520.7 511.9 503.4 493.9 487.1 479.1 472.5 467.6 462.4 457 451.9 449.1 446.9 443.1 439.9 435.6 428.6 418.6 414.6 410 406.7 399.6 397.6 392.5 386.6 389.8 394.1 396.6 400.2 405.6 409.7 413.9 419.4 424.3 430.1 435.2 439.3 443.6 446.9 448.9 451.5 453.3 453.9 453.7 452 450.3 445.9 445.9 445.8 447.4 454.9 469.6 481.9 492.9 501.5 507.2 509.7 511.4 510 507.2
400 403.4 408 407.1 411.4 417.6 426.9 433.9 440.1 465.8 489 512 532.3 550.1 556.2 550.4 541.2 534.6 524.5 516.6 507 499.4 492 484.8 479.2 473.4 468.6 463.8 459.9 454.8 450.4 445 441.5 437.1 430.7 421 415.4 410.5 407 400.1 396.7 393.6 385.8 385.4 392 396 399.5 402.4 406.1 410.1 415 420.5 426.5 432.7 437.7 441.6 444 447.7 450.6 452.5 452.9 452.9 451.5 448.7 445.3 439.6 440.7 450.9 463.8 475.5 486.4 496.9 504.8 511.2 515.9 516.1 514 511.8
410.4 414.4 419.3 424.1 430.6 436.5 442.9 453.1 462.5 472.3 495.8 518.6 538.7 551 553.9 548.2 540.9 534.3 525.5 517.6 509.2 503.3 496.5 489.5 483.2 478.4 473.1 469.2 465.2 461.5 456.6 451.7 445.3 440.8 432.5 424 416.7 410.8 406.6 402.6 396.1 393.4 388.6 382.3 388.5 392.7 397.3 401.6 405.2 409.6 413.4 422 428.4 433.5 438 441.8 443.8 445.8 448.3 451.6 452.4 451.9 448.6 444.3 441 435.3 437.9 451.5 462 474.6 485.2 493.6 502.9 510.9 515.8 515.3 513.9 513.3
