app/static/ascii/NT16.asc
ncols 200
nrows 200
xllcorner 310000
yllcorner 660000
cellsize 50
[rows 35 to 69 of 200, columns 78 to 155 of 200]
112.5 112.2 112.3 114 114.8 116.3 117.2 119.1 118.8 118.4 118.8 119.2 120.3 121.1 119.9 122.3 123.2 123.3 122.5 121.6 121.8 120.6 119.1 120.9 121.7 119.9 119.5 117.7 115.8 115.9 115.4 115.7 119 119.6 119.9 118.8 116.3 117.9 118.7 119.2 119.7 118 116 116.3 116 114.9 113.5 112.3 110.4 110.8 109.4 108.9 108.6 107.8 107 106.8 107 106.8 107.2 108.7 106.8 106.4 106.4 106.3 106.4 106.9 107.5 106.9 106.7 106.6 105.9 105.6 106.6 107.8 108.5 108.3 109.9 113.2
114.6 114.1 114.5 116.1 117.3 117.6 118.5 119.6 120.1 120 121 121.2 121.8 121.5 121.7 122.8 122.8 122.4 122 121.5 120.2 120.6 119.9 121.8 121.4 120 119.3 118.9 117.9 116.8 117.8 117.3 118.6 120.3 120.6 120.4 119.1 118.5 118.3 118.4 119.2 117.6 115.8 115 114.7 113.4 112.4 110.4 110.1 109.6 108.6 108.2 107.9 107.1 106.8 106.9 106.9 106.8 106.3 107 107.4 106.6 106.7 106.9 107 107.1 108.2 107.6 107.1 106.6 107 107.4 108.5 109.9 110 111 114.9 119.3
116 115.5 116.6 117.9 119 119.2 119.6 120.7 121.3 121.7 122 122.4 122.5 121.7 122.4 121.9 121.5 121 120.8 120.4 121.2 121.8 121.5 121.2 120.9 120.6 121.7 121.7 121.1 120.7 119.3 116.3 118 119.8 119.7 119.2 118.6 117.1 115.7 116.5 117.5 116.8 115.6 114.5 113.3 111.9 111.4 110.5 109.8 109.1 108 107.6 107.2 107.1 107 107 106.8 106.6 107.3 108 108.6 108.1 107.9 107.8 107.8 108.6 108.9 108.5 108 108.4 109.3 110.7 110 112.2 113.6 116.6 122.5 122.8
117 117.9 119.3 119.8 120.7 120.7 121.3 122.2 123 123.4 122.8 122.3 122.1 122.8 122.6 125.1 125.1 123.3 122.9 121.9 123.5 123.5 122.6 121.8 122.8 122.5 123.9 123.6 123.5 123 121.3 117.4 114.9 116.9 116.3 115.7 115.2 115.1 115 115.1 115.3 115.2 114.3 113.1 111.5 110.9 110.3 109.9 109 108.4 107.8 107.5 107.3 107.3 107 108 107.3 108.2 108.5 109.4 109.4 109.3 108.7 108.6 108.8 109.3 109.7 109.5 110 110.9 112.1 114.7 115.1 117.4 120.8 124.5 124.2 124.8
120.1 120.9 121.7 122.3 122.3 122.5 123.1 123.5 123.1 122.9 123.1 123.7 125.3 124.7 124.1 124.2 125 123.8 123.3 123.4 125.4 125.4 125 125.3 125.8 125.6 124.8 124.1 122.9 121.9 120.7 118 115 114.8 115.6 115.1 114.5 114.2 114 113.9 113.3 113 112.8 111.5 110.9 110.4 109.5 108.9 108.8 108.6 108.3 108 109.1 108.7 109.1 109.8 110.2 109.7 108.6 108.4 109 109.5 109.6 110 110.8 110.8 110.9 113.4 114.4 114.6 119.4 120.5 120 120.1 121.8 126.7 127.5 127.9
122.6 123 123.9 123.5 123.5 123.6 123.7 124 123.9 124.3 125.5 126.6 126.3 125 126 126.9 127 126 125.5 126.6 127.5 127.4 126.9 126.2 126.1 125 123.5 122.2 120.5 119.2 117.9 116.8 115.4 114.3 114.4 113.5 113.7 113.3 113.5 113.3 112.9 112.1 111.2 110.6 110.2 109.8 110.2 109.9 110.5 109.5 110 110.4 110 109.8 110.2 110.8 110.7 109.2 109.8 110.6 110.9 111.6 111.3 111.8 112.3 114.4 118 119.4 121.1 124 125.7 123.9 122.9 124.3 127.4 130.3 130.8 130.6
125.1 125.2 125.2 124.5 124.6 124.7 124.7 124.8 125.4 126.7 128 128 127.3 127.1 127.9 128.9 128.7 128.3 128.6 129.4 129 127.9 127 125.5 124.5 122.6 121.1 120.4 118.4 117.1 117.1 116.9 116.3 114.6 113.9 113.4 113 112.5 112.9 112.8 112.2 111.3 111.2 110.8 110 110.2 110.6 111 111 110.6 111.4 111.7 110.7 110.9 111.2 111.6 111.1 112.3 112.6 113.2 113.1 113.9 113.6 115.8 117.5 119.9 125.1 127.9 128.7 128.7 128.6 129.9 129.7 132 133.6 131.8 133.9 134
126.9 126.7 127 125.8 125.7 125.8 125.8 126.4 127.6 128.9 129.6 129.6 129.8 130 130.3 130.7 129.5 130.2 129.4 128.7 127.4 125.9 124.9 124.5 122 120.5 119.2 119.3 118.7 119 118.3 117.5 117.3 116.5 115.3 114.7 114 112.3 112.1 111.7 110.7 111.3 111.5 111.5 111.5 111.2 111.4 111.9 112.7 112.5 113.5 113 112.6 112.1 112.3 112.9 114.4 114.1 115.9 116.7 117.5 118.7 120.5 123.1 127.9 130.2 131 130.7 131.3 134.5 137.5 136.6 137 135.5 136.5 134.5 137 137.1
127.9 127.2 127.6 127 127.5 128.3 128.9 128.8 129.9 131 130.5 131.2 131.3 131.8 132.3 130.6 129.7 128.7 127.5 126.7 125.7 124.9 123.8 121.7 120.6 119.9 119.6 119.7 119.1 118.2 118.1 117.4 116.8 115.9 115.5 114.4 114.7 112.8 111.4 111.5 110.9 111.8 111.8 111.7 113.6 114.2 114.6 114.8 114.7 114.4 114.3 114.2 115.4 115.6 116 117 116.8 118.7 121.1 121.7 123.3 125.2 128.9 131.4 132.1 133.1 136.3 139.9 138.7 138.7 138.9 140.2 139.7 138.5 137.3 137.7 138 138
128.9 129.3 129.8 129.8 130.7 131.6 132 131.9 132.3 132.8 132 133.3 133.1 132 129.8 127.9 127.3 126.4 126.1 125.5 124.2 123.1 121.6 120.7 121.2 120.8 120.1 120.1 119.1 117.8 117.8 117.3 116.3 115.3 114.7 114.4 114.4 114.5 113.7 113.2 112.9 113.1 113.9 115.2 114.9 117 116.9 116.8 116.8 116.8 116.6 118.5 118.6 120.1 121.1 121.7 121.9 124.1 125.6 126.8 129.6 133.3 134 134.9 135.9 137.1 139.5 140.7 141.9 141.8 141.4 141.5 140.8 139.9 138.9 139.3 139.4 139.9
132.1 133 132.8 133.2 133.9 134.8 135.3 135.3 135 134.3 132.9 130.8 129.2 127.8 126 125.7 124.9 124.8 124.2 123.2 122.6 122.1 122.1 121.8 121.2 120.5 120.3 119.6 118.7 117.7 117.2 116.7 116 115.2 115.2 115.5 115.5 115.3 116.1 116.1 115.4 114.9 115.3 117.4 117.3 117.7 118.3 120.7 120.7 121.1 122.5 123.1 124.3 125.4 126.3 126.5 127 128.8 131.1 133.4 136.2 139.6 136.2 139.6 140.5 141.8 142.4 143.5 143.5 142.8 142.1 141.9 141.7 141.4 142.1 142.4 142.4 143.2
135.5 136 136.2 136.2 137.1 137.2 138 137.7 135 133.7 132.7 127.3 127.1 126 125.2 125.4 125.1 125.3 125.4 124.3 123.5 123 122.4 121.5 120.4 119.8 119.2 118.7 118.4 117.7 117 117.9 117.9 117.9 117.9 118.2 117.9 118.5 118.4 118.6 119.1 119.8 118.7 119.2 119.9 120.8 123.7 124.6 125.9 127.1 127.9 128.5 129.6 130.5 131.3 132.1 132.7 136.2 138.1 139.2 140.3 142.9 143.8 144.3 144.7 144.8 145.1 145.8 144.4 144.2 143.9 143.6 143.3 143.3 144.8 146 146.7 148.2
138.9 137.4 137.8 137.2 136 132.5 132.2 131.1 137.5 134 134.7 133.4 132.6 131.9 130.5 129.1 127.7 126.8 125.5 124.1 122.6 121.8 121.4 121 120.1 119.6 119.3 119.2 119.4 118.9 119.8 120.8 120.7 120.6 120.7 121 120.4 123.6 121.1 121.8 120.4 123.1 123.4 123.6 123.5 124.1 127.6 129.3 130.6 131.9 132.9 134 135.1 136.2 137.5 139.4 141.5 141.8 143.5 143.8 144.6 146.7 148.5 146.6 145.6 145.5 145.8 145.6 144.8 144.6 144.8 145 146 146.7 148.3 149.6 150.3 151.1
135.8 136.4 136.5 135.9 136.6 136.2 138.7 138.9 139.2 138.3 136.5 133.2 131.2 131 130.2 127.7 125.4 124.1 123.2 123.2 121.7 121.4 121.1 120.8 120.6 120.8 121.4 120.6 120.5 122 122.8 123.6 123.6 123.8 123.4 123.5 123.3 123.6 124.2 125 125.1 126.1 126.9 127.3 126.4 127.7 132.6 134.4 135.9 137.4 139.2 141.1 141.9 142.7 145.6 147.2 147 147.3 149.2 148.9 146.8 146.3 146.6 146.5 145.2 145.8 145.5 145.6 146.2 146.6 146.7 148 149.3 149.7 150.5 151.4 151.9 151.8
143.1 144 143.7 142.5 142.1 142.5 142.3 141.1 140.2 138.6 136.6 135.2 132.8 128.6 125.5 124.4 129.8 129.4 123.3 123 122.4 122.3 122 121.6 122.4 122.7 123.4 122.1 124.6 126.2 126.6 127.1 127.3 123.5 127.6 127.3 127.4 127.5 129.5 129.9 130.3 131.3 132.5 133.6 133.1 133 138.1 140.4 142.1 143.7 146.2 148.1 148.6 151.6 151.1 151.1 151.6 150.8 149.4 147.4 145.9 145.8 146.3 146.2 145.5 146.6 146.9 147.6 149.1 149 150.3 151.4 150.9 151.4 152.1 152.3 152.1 152.1
146.1 146.2 146 146.1 144.4 143.2 142.1 139.8 138.2 136.5 135.2 132.6 128.8 127.5 125.9 125 124.7 124.3 125.8 128.8 128.9 129.3 127.6 127.3 126.9 126.5 126.3 125.9 125.6 126.8 130.4 130.8 131.3 132.7 132.9 132.6 133.1 133.6 135.1 136.2 137.2 137.7 138.6 139.8 138.3 138.2 144.4 147.2 149.5 151.7 153.8 154.2 154.1 154.5 153.2 152 150.8 149.1 147.4 146.2 145.4 145.5 146.7 146.6 147.3 149.2 149.8 150.9 152.2 151.9 152.7 152.6 152.3 152.4 152.4 150.6 145.5 141.9
148.3 146.2 146.6 146.3 144 142.5 139.4 137.5 135.6 134.7 133.8 133.1 130 127.8 126.5 130.6 128.1 128.5 129.3 129.7 130.9 131.4 131.7 131.5 132 132.3 132.7 132.4 132.5 133.3 135.3 136.8 137.9 138.3 138.5 138.5 138.6 139.7 141.4 142.4 142.8 143.8 144.7 146.3 146.2 143.4 151.5 154.8 156.6 157.1 156.1 154.7 154 152.7 152 150.7 149.6 148.4 146.4 146.1 145.9 146.9 147.2 148.5 149.8 152.6 153.4 154.2 153.8 153.4 154.1 154 152.7 151.1 139 138.9 137.1 136.9
146.7 145.9 143.7 143 141.7 140.5 139.8 138.7 137.5 135.4 134.2 133.9 133.2 133.8 135.1 133.2 133.7 134.7 136.6 138.1 138.2 138.2 138 138 138.5 138.8 139.9 140 140.8 141.9 142.7 143.9 143.9 143.3 144.2 144.2 143.7 144.6 145.9 147.9 148.8 150.5 153.1 155.4 155.3 146.9 154.8 158.1 156.6 155.3 153.9 153.6 152.7 152.1 151.5 151 150.3 148.7 147.9 147.4 148.3 149.6 150.5 151.7 153.4 155.6 155.8 155.5 154.7 154.7 154.7 152.7 144.7 140.4 145.1 145.8 148.8 144.5
147.5 144.9 144.7 143.3 142.3 141.7 140.6 140.7 141.5 141.5 141.9 142.6 141.4 140.9 140.6 139.7 141.7 142.8 143.3 144 145.7 144.7 144.6 144.1 144.9 145.9 146.2 146.8 147.3 147.9 148.3 148.2 148 148.3 148.7 149.1 149.3 150.3 151.8 154.4 157.7 158.3 159.7 160.3 159 154.7 151.1 154.4 152.8 151.5 152.2 153.9 153.9 153.8 153.6 152.4 151.5 150.2 149.4 149.5 151.1 152.7 154 155.6 156.2 157.2 157.3 156.6 155.9 155.5 150.8 142.5 144.2 150.3 152.8 152.6 154.4 156.6
150.8 152.1 151.4 148.3 147.5 149.4 152.1 154 153.7 153.4 152.4 151.8 151.9 152.8 151.5 150.4 150.3 150.3 149.6 149.3 149.1 148.7 149.2 151.5 151.8 152.5 152.9 153.3 152.7 153.4 152.8 152.6 152.9 153.3 153.2 154.4 155.6 157.5 159.9 162.3 163.8 162.5 162.3 161.5 160.2 157.7 155.8 151.2 152.8 149.5 153 153.2 155 155.5 155.4 154.1 153.1 151.5 151.6 152.5 154.4 155.9 156.9 157.6 158.1 158.2 158 156.3 151.6 146.5 144.9 140 154 157.4 159.7 156.6 160.9 162.5
158.9 155.4 158.6 162.2 163.9 164.4 166 167 166.5 165.8 165.5 164.2 160.6 159.6 157.4 155.9 155.5 154.7 153.2 154.1 157.3 158.9 159.8 160.5 160.1 159.7 160 158.8 158.1 157.8 158.8 159.4 160.5 161.5 162.6 163.6 164.1 163.6 164.8 165.5 164.7 163.7 163.4 163 161.4 160.2 159.4 158.4 156.8 150.7 150.4 150.5 151.8 155.1 155.6 154.8 153.9 153.3 154.7 156.3 157.7 158.7 158.8 157.7 157.3 146.8 151.1 147.8 146.2 140.2 142.2 145.6 155.7 161.2 162.8 162.7 160.7 166.5
168.6 170.6 177.8 183.6 184.6 182.3 179.6 177.5 176.3 173.4 169.9 169.8 166.5 165.5 162.2 160.4 160 159.6 163 164.8 167.6 167.5 167.1 166.4 165.5 165.7 166.3 165 165.2 166.8 167.7 168 168.6 169.5 168.7 168.5 167.5 167.1 166.9 166.8 165.4 165 164.5 164.2 163.7 162.3 161.6 160.4 158.7 156.2 154 154.9 151.9 153 155.7 155.4 154.9 156.8 158.2 158.7 158.8 157.8 157.6 149.4 143.7 144.7 142.1 144.1 142.2 148.7 151.6 161.9 160.9 163.6 165.2 165.8 163.8 166.7
191 200.7 201.5 196.1 189.8 188 191.5 192.3 188.5 184 170.6 175.7 172.1 169.7 166.6 164.9 166.5 171.6 173.4 177 183.2 174.4 172.7 172.6 172.9 173 173.4 174.2 174.8 174.8 174.8 173.9 173.1 172.6 170.6 169.7 168.2 167.2 167.8 168 167.9 168 167.8 167.4 166.5 165.1 163.9 162.6 160.6 159.8 159.1 157.9 155.6 152.9 155 157.4 158.9 159.3 158.2 157.4 156 151.2 147.7 146 145.9 152.6 150.8 147.6 155.8 163 160.7 165.6 166.1 165 167.5 169.5 168.6 169.1
212.6 208.8 195.8 178.2 178.1 164.9 165.1 163.8 164.3 181.5 182.2 176.6 177.8 183.7 187.4 187.9 185.2 186.4 185.9 187.7 182.2 180.6 178.5 177.5 179.7 180.6 181 180.7 180.6 179.7 177.3 175.4 173.8 172 170.9 170.8 169.7 169.6 171.1 171.4 171.8 171.3 171.1 170.3 169.4 168.7 167.6 166.7 164.2 163 161.2 159.4 159.9 158.9 154.6 158.1 158.4 157.5 155.9 146.1 145.4 145.5 146.5 150.9 156.6 158.9 154.6 162.1 164.3 164.8 161.7 167.5 169.4 167.9 170.7 172.6 173.9 173.6
205.4 191.7 176 162 150.8 148.2 150.9 158.1 163.9 166.7 179.1 179.1 179.7 181.1 186.3 187.3 192.5 189.6 198.6 189.7 190.8 190.7 192.7 193.6 193.2 191 188.2 184.7 184.7 181.7 179.8 178 176.1 173.4 172.5 173.5 174.3 174.8 175.7 175.6 175.3 174.6 174.3 173.4 171.9 170.4 168.5 167.3 166.5 164.7 163 162.2 160.8 158.8 156.2 156.4 153.6 149.6 147.5 149.7 149.4 155.3 158.1 160.5 162.7 163.6 159.9 165.8 167.3 167.9 167.4 170.3 173.4 172.3 173.3 175.7 178.1 177.2
192.3 173.2 161 146.5 148 147.8 148.3 149.2 148.4 163.4 163.6 161.4 164.7 181 180.4 180.1 180.4 192.5 202.6 208.8 209.1 208.4 205.2 202.4 199.8 195.9 193.4 190.3 188.4 184.6 183.1 181.3 179.9 177 175.7 177 178.8 179.5 180.1 178.9 177.1 176 175.6 174.2 173.4 171.9 169.9 169.1 168.2 165.7 164.7 161.2 150.5 151.4 149.9 150 147.6 152.5 153.2 154.2 156.7 160.4 162.2 165.3 167.5 167.6 165.6 167.8 169.4 170.5 172.3 172.6 175.6 176 175.6 178.4 181.8 181.9
172 161.2 146.1 133.6 133.5 140.5 137.8 134.9 133.2 145.4 144.8 147.3 161.9 160.7 184.6 187.4 179.5 193.2 207.3 208.6 210.1 211.3 212.1 208.6 204 199.7 196.7 193.8 191.6 188.4 186.9 185.3 183.1 180.6 180.9 181.9 182.1 182.1 181.3 178 176.8 177.2 177.1 175.6 175 174.8 172.6 171.6 170.2 163.8 155.1 152.8 153.4 153 152.8 152.6 152 155.3 157.4 158.3 161.5 164.4 166.8 169.9 169.7 169.5 169.6 170.3 171.8 174 175.8 176.6 178.6 180.9 181.2 183.1 185.4 186.4
177.4 159.6 145.8 133.4 133.3 133.2 133.5 133.5 146.6 177.2 186.2 194.5 198.9 201.4 202.6 202.4 204.5 205.8 207.3 213.9 214.9 215.1 215.1 212.8 208 204.2 201.2 199.4 197.1 193.8 191.5 189.3 188.3 186.6 186.2 186.1 184.5 183.3 181.7 179.1 177.3 177.5 178.4 178.6 176.3 175.6 173.7 170.6 166.1 158.4 155.2 152.4 154.5 154.1 153.2 153 152.7 153 159.4 164.2 164.1 166.9 169.8 170.8 170.7 170.4 171.3 172.8 175.1 177.3 179.2 181 181.7 184.5 185.9 186.3 189 190.5
183.9 182 172.1 146.4 146.3 134.1 140.5 146.6 161.4 192.5 193.1 194.1 194.6 197 198 199.3 201.5 203.1 203.9 206.3 211.1 212.4 214.8 213.1 210.9 209.2 206.3 204 201.6 200.6 198.8 197.4 196.7 193.4 189.1 186.2 184.1 182.8 181.8 180.2 178.3 178 178.5 176.7 176.1 173.4 169.1 165 161.5 155.2 155.1 153.6 155.8 156.2 157.6 155.5 153.4 162.1 165 166.4 167.3 168.2 169.6 170.8 171.6 172.8 174 175.6 178.4 180.4 182.4 184.2 184.9 187.3 189.2 189.5 190.8 193.2
184.8 184.7 185.1 174.5 170.9 161.7 174.7 177.5 186.5 192 191.9 191.7 191.1 193.8 194.9 196 197.2 198.9 199.7 201.8 204.7 207.8 209.6 210 209 208.6 208.9 198.1 200.1 208.1 205.3 201.1 197.2 193.5 189.2 188.3 187.1 183.7 181.9 180.7 179.8 179.4 176.7 175 172.5 169.2 164.8 161.9 159.6 154.9 153.8 155.2 156.8 157.1 161.2 166 166.3 166.8 167 167.8 169.2 170.4 171.6 173 175.1 176 178.2 180.3 182.2 183.6 185.6 187.1 188.3 189.5 191.4 191.5 193.1 195.4
184.5 184.2 186.3 186.8 185.3 186.7 190.8 195.6 189.8 188.5 189.1 189.1 189.7 191.1 192.8 194.5 195.8 197 198.7 201 202.7 203.8 202.7 203.7 203.8 205.1 198.2 197.3 196.7 198.4 206.2 203.1 198.6 195.1 191.5 189.2 186.6 184.7 182.9 181.2 179.7 178.4 174.8 170.3 167.8 163.7 161.6 161.4 157.4 154.5 153 155.3 158 158.9 164.5 167.7 167.7 167.9 168.2 169.6 171 172.4 173.9 176 178.6 179.6 181.9 184.2 185.7 187 188.8 190 190.8 191.2 192.5 194.8 195.8 196.8
184.2 183.8 187.1 189.3 191.6 191.8 194 191.9 186.3 187.2 187.8 189.3 190.1 191.6 193.1 194.7 196.4 197 198.3 199.7 199.8 200.3 199.4 198 197.9 198.4 199.8 197 196.1 197.9 206 204.3 201.4 197.3 194 190 185.7 184.7 182.2 180 178.3 173.9 170.5 167.1 158.4 154.6 157.7 157.4 154.7 153.1 153.8 157.3 159.1 161.2 169.3 168.8 169.1 169.5 170.7 172.5 174 175.3 176.7 178.6 180.4 182.8 184.8 186.7 187.9 189.5 191 192.1 192.5 194.3 196.1 197.4 198.2 198.7
183.3 182.4 182.1 182.1 182.8 183 186.2 185.4 185.5 186.7 188.1 189.5 190.7 192.1 193.5 194.9 196 196.8 197.6 198.4 197 196.8 196 194.6 194.4 194.5 194.7 196.2 199.5 202.8 206.7 204.8 201.6 198.2 194.1 189.7 185.5 183.3 180.8 177.2 171.6 167.6 162.9 154.5 158.7 158.3 158.4 158 157.5 156.8 158 159.9 160.9 162.8 167.9 169.7 171 171.7 173.1 174.9 176.9 178.1 179.3 181.2 182.9 184.5 186.6 188.9 190 190.9 192.6 194.4 195.7 196.8 197.9 199 200.1 201
182.1 181.8 181.6 181.7 181.9 182.7 184.4 185.7 186.2 187.6 189.1 190.6 191.3 192.1 193.5 194.8 195.5 196.3 195.5 195.6 192.7 191.3 190.8 191.7 192.6 190.6 189.8 192.7 191.3 192.8 193.5 195.5 196.4 196.1 191.7 183 176 174.1 172.5 168.4 163.3 160.4 155 159.6 159.4 159.3 159.6 159.4 159.4 159.5 157.5 160.4 162.4 164.5 167.7 170.7 172.5 173.8 176.3 178.3 179.3 180.2 181.6 183.3 185.1 187.2 188.7 190 191.5 193.1 195.1 196.2 197 198 199.1 200.2 201.3 202.3
181.7 181.4 181.3 181.5 181.7 182.6 184.5 185.7 187.2 188.6 190.3 191.4 191.9 192.2 193.4 194.3 195.1 195.7 194.9 193.3 191.4 189.1 188.8 187.4 183.1 178.8 179.5 181.8 182.4 183 177.8 176.1 177 174.4 169.1 168.5 166.6 164.8 163.9 161.9 160.8 159.9 161.6 162 162.9 164.7 162.2 161.4 161 161.5 162.3 160.8 163.3 166.8 170.6 172.6 175.2 177.5 179.6 180.8 181.7 182.6 183.9 185.6 187.5 189.5 190.9 192.3 193.6 195.5 196.6 197.6 198.2 199.3 200.3 201.4 202.5 204.1
