app/static/ascii/NT19.asc
ncols 200
nrows 200
xllcorner 310000
yllcorner 690000
cellsize 50
[rows 72 to 107 of 200, columns 81 to 161 of 200]
104.7 104.5 103.9 104.2 104.4 105.2 105.5 105.5 105.4 105.5 105.8 107.5 109.2 112.4 116.1 118.7 121.4 124.2 124.7 125.8 124.9 122.9 126.1 127 129.2 129.2 131.5 135.6 138.6 139.4 138.5 138.9 138.1 138.7 138.2 136.5 136 139.8 140.9 136.9 129.1 121.5 118.8 117.7 115.1 112 106.8 104.1 100 98.5 94.8 94.9 95.1 95.6 95.9 96 97.1 97.9 97.6 98.2 97.9 98 97.5 96.9 96.2 98.3 100.1 98.6 100.6 99.5 100.5 100.9 102.2 103.8 105.5 105 104.4 104.3 103.9 103.3 104.4
104.9 104.2 103.8 103.6 103.8 105.9 106.8 105 105 105.6 106.2 106.5 107.5 111 113.5 113.9 114.4 116.4 118.8 119.6 119.1 119.5 120 122.4 124.1 124.2 126.4 129.2 130.8 130.5 130.1 130.3 130.5 129.9 128.8 128.8 129.4 132.6 131.5 125.8 117.5 115.6 112.6 110.6 109.5 106.5 102.6 99.2 97.3 94.2 93.8 94.4 95.3 96 96.2 96.3 96.6 96.6 97.6 97.5 97 97 96.7 95.7 96.6 99.1 99.9 99.1 99.3 98.8 100.9 101.9 103 104.4 104.8 104.2 104.2 104.2 102.1 102 103.1
105.3 103.8 103.5 103.5 103.7 105.2 105.7 104.4 104.6 105.1 105.3 105.5 106.4 107.7 109.8 109.5 110 112.3 114.3 115.1 115.3 115.6 116.8 117 118.2 118.2 117.9 122.2 123.8 124.6 124.5 122.6 123 122.9 122.3 121.1 123.6 124.3 120.1 114.4 111.8 110.5 108.5 105 102 100.3 98.5 95.6 94.1 93.7 94.9 95.3 95.6 95.6 95.3 95.2 95.4 97.1 97.4 96.6 96.2 95.9 95.2 96.5 98.6 100.6 99.1 98.8 97 100.1 101.2 102.8 103.3 103.4 103.4 104.1 103.8 102.2 101.3 101.2 101
104.5 103.8 103.4 104.8 104.7 104.7 104.9 104.7 104.3 104.6 104.7 105 106 106.3 107.6 107.7 108.4 109.8 110.8 111.9 111.7 111.6 112.9 112.2 113.5 112.1 111.3 115.1 117.3 116.4 116.4 116.9 117.2 116.9 116.2 116.2 117.8 114.3 109 106.7 103.3 103.4 103.1 98.4 94.2 94.6 94.5 94 94 94.5 95.3 95.2 94.9 94.3 96 98.1 99.2 99 97.9 96.1 95.2 94.3 96.2 97.7 98.1 98.4 97.1 96.7 98.1 100.6 100.3 100.4 100.8 101.7 102.9 102.1 101.4 100.4 100.1 98.3 98.5
103.6 103.2 103 103.6 106.4 106.9 107.1 105.9 105.9 104.9 104.7 105.4 105.3 105.8 106.6 106.8 108.2 108.4 108.8 108.6 108.6 108.1 108.8 109.4 108.8 107.4 107.4 109 110.9 111.1 111 111.4 111.1 111.8 110.9 111.6 110.9 107.1 106.1 103.1 100.2 96.8 95.5 94.2 93.8 93.6 93.4 94.2 94.2 94.8 94.2 94.1 93.8 95.7 98.1 99.3 99.9 99.8 97 95.2 94.6 94.7 95.3 95.9 95.5 95.2 95.2 95.9 97.2 98.8 97.8 97.7 99.2 101.3 101.2 100 98.5 98.6 98.4 97.2 97.4
103.5 103.4 103.4 103.1 104.4 106.5 107.1 106.8 108.4 107.2 105.9 105.6 105.2 105.6 105.9 107 106.6 108 107.4 106.3 105.8 106.2 106.8 106.9 106 105.3 104.1 104.8 104.5 105.1 105.6 105.7 106.3 106.5 105.9 106.7 104.1 101 97.7 96 95.1 94.4 94 94.8 95.4 95.7 94.4 93.8 93.6 93.9 94.8 95.2 96.6 97.5 99.3 99.3 99.4 98.4 95.5 94.3 92.9 93.9 93.9 94.7 94.4 94.3 94.7 94.9 95.6 96.2 96.4 98.2 99.3 99.5 99.3 97.8 97.5 97.4 97.7 98.8 96.5
106.6 104.4 103.3 102.4 103 106.6 108 108.4 108.7 109.2 109.4 109.1 108.2 106.6 106.9 107.2 106.5 105.7 106.2 105.7 105.7 106.2 105.6 104.5 103.7 102.3 100.6 100.5 99.9 100.2 100.7 101.4 101.9 100.6 102.3 101.4 96.8 94.8 93.9 94.5 93.5 93.2 94.7 95.9 95.5 94.6 93 93.3 92.2 93.3 96.4 98.2 99.3 99.4 99.5 99.4 98.8 94.7 93.2 93.2 93.6 93.4 94.2 93.6 93.6 94.2 93.9 94.4 94.8 94.4 94.5 97.9 98.4 99 98.3 96.9 96.3 96.6 96.5 96.3 95.4
108.5 106.7 104.3 102.6 102.3 103.9 108.4 110.2 109.6 110 110.8 109.5 109.1 109 107.6 106.5 106.2 105.8 105.1 105.5 106 103.4 103.2 102.5 101.3 99.7 98.5 98 97.4 96.7 96.7 97.3 98.1 98.3 98.3 95.6 93.6 92.4 91.9 91.9 91.9 91.9 92 93.5 93 91.9 91.9 91.9 91.9 91.9 95.7 98.7 99.5 99.5 99.4 99 97 93.3 91.9 91.9 92.1 93.8 94.9 94.4 93.6 94.3 93.9 93.9 95.3 93.8 93.7 94.8 96.8 97.1 96.2 95.7 95.5 96.4 96.5 96 95.5
110.6 108.6 106 104.1 103.1 102.2 106.2 109.9 109.9 109.6 109.7 109 108.9 107.2 104.6 103.6 104 103.2 103.1 103.5 103.1 102.9 101.6 100.1 98.6 97.4 96.8 96.1 95.6 95.2 95.5 95.2 95.6 95.7 94.7 93.9 91 91.9 91.9 91.9 91.9 91.9 91.9 91.9 91.9 91.9 91.9 91.9 91.9 91.9 93 97.1 99.4 99.3 98.5 97.5 95.9 91.9 91.9 91.9 91.9 93.4 94.3 95.3 95.6 95 94.4 94.3 93.3 93.4 93.3 93.7 94 95.1 95.2 95.6 94.8 95.9 95.5 93.7 89.5
112.5 111 108.5 106.4 106.6 104.3 105.1 107.6 107.8 107.1 105.8 104.8 103.4 102.4 101.4 100.1 99.4 99 99.9 100.5 100.9 101.3 99.6 98.3 97.2 96.9 96.6 95.7 95 95.1 95 94.9 94.4 94.5 93.2 92.5 91.9 91.9 91.9 91.9 91.9 91.9 91.9 91.9 91.9 91.9 91.9 91.9 91.9 91.9 91.9 93.7 97.9 98.9 97.2 95.7 93.8 91.9 91.9 91.9 91.9 93.4 94.2 94.6 95.1 95.2 95 95.3 95.2 94.2 93.3 93.1 93.5 94.6 95.2 94.7 94.5 93.8 93.9 93.4 90.4
113.3 110.6 107.9 105.8 105.5 104.2 102.8 105.1 104.5 103.7 102.5 102.4 100.9 100.6 98.8 97.5 97.1 96.2 96.9 97.2 97 97.2 97.8 96.7 95.9 96.1 95.6 95.8 95.2 95.2 94.9 94.9 94.9 93.6 92.8 92.3 91.8 91.9 91.9 91.9 91.9 91.9 91.9 91.9 91.9 91.9 91.9 91.9 91.9 91.9 91.9 91.9 94.2 96.9 96 94.6 91.9 91.9 91.9 91.9 91.9 92.6 94.1 94.3 94.4 94.8 94.9 95.3 95.3 94.3 93.3 94.7 94.9 95.6 96 95.8 95.2 95.4 97.3 94.1 91.3
112.6 110.8 108.2 106 104.5 103.2 101.8 101.9 101.2 100.7 101.2 100.8 99.7 98.7 97.4 95.9 95.5 95.9 95.4 95.5 95.2 96.1 96 96 95.1 94.6 94.3 95 94.8 95.1 94.7 94.9 94.9 94.3 93.1 92.2 91.9 91.9 91.9 91.9 91.9 91.9 91.9 91.9 91.9 91.9 91.9 91.9 91.9 91.9 91.9 91.9 91.9 94.3 94.1 91.9 91.9 91.9 91.9 91.9 91.9 92.7 93.6 94.2 94.5 94.7 93.3 93.7 93 93.4 95.1 96.5 96.9 97.2 96.6 97.3 96.6 97.7 96.2 94.1 93.5
112.7 109.4 107.2 106.2 104.6 103.6 101.9 100.2 100 99.4 98.7 98.6 97.8 97.5 97 96.5 95 95.9 94.9 94.4 94.2 94.8 94.6 95 94.5 93.8 93.4 93.5 94.1 94.5 94.2 94.5 94.8 94.1 93.1 92.6 91 91.9 91.9 91.9 91.9 91.9 91.9 91.9 91.9 91.9 91.9 91.9 91.9 91.9 91.9 91.9 91.9 91.9 91.9 91.9 91.9 91.9 91.9 91.9 91.9 91.9 91.9 92.9 92.3 91.9 92.9 93.1 93.3 95.7 95.6 96.2 98.1 97.8 97.2 96.9 96 96.1 94 92.6 91.2
111 109.5 107.5 106.6 104.9 102.3 101.3 100.4 99.7 99.4 98.7 98.7 98.1 97.2 96.8 96.6 96.7 96.7 95.4 94.8 94.7 94.3 93.8 93.2 93.3 93.5 93.3 93.1 93 93.3 93.5 94.1 94.5 94.2 93 92.5 91.5 91.9 91.9 91.9 91.9 91.9 91.9 91.9 91.9 91.9 91.9 91.9 91.9 91.9 91.9 91.9 93.9 95.1 94 91.9 91.9 91.9 91.9 91.9 91.9 91.9 91.9 91.9 91.9 91.9 94.3 95.8 95.9 96.3 97.3 98.6 97.9 96.1 95.1 95.3 95.3 92.9 91 90.7 89.4
112.6 110.8 108.5 107.6 106 104.2 103 100.3 100.3 99.5 98.6 98.2 97.5 96.2 95.5 95.5 95.7 97.2 95.2 94.4 94 93.6 93.2 92.9 93.5 93.3 93.1 92.8 92.8 92.9 93.1 94 94.4 93.8 92.8 92 91.9 91.9 91.9 91.9 91.9 91.9 91.9 91.9 91.9 91.9 91.9 91.9 91.9 91.9 91.9 93.8 95.1 94.5 91.9 91.9 91.9 91.9 91.9 91.9 91.9 91.9 91.9 91.9 91.9 91.9 95.5 96.6 96.9 97.8 98.5 97.8 97.8 96.9 94.6 93.2 91.4 90.3 90 88.5 89.1
114.6 112.3 107.7 106.8 105.7 104.3 102.8 100.7 101.6 99.6 98.8 97.3 97 96.3 95.8 95.1 94.9 96.2 94.9 94 93.6 93.1 92.9 93 93.5 93.3 92.8 92.6 92.6 92.8 93.2 94.1 94.1 93.3 92.2 91.9 91.9 91.9 91.9 91.9 91.9 91.9 91.9 91.9 91.9 91.9 91.9 91.9 91.9 91.9 92.5 93 93.7 91.9 91.9 91.9 91.9 91.9 91.9 91.9 91.9 91.9 91.9 91.9 92.3 97.6 97.6 98.7 98.2 97.9 97.3 96.8 95.5 94.9 91.2 89.9 89 88.5 88.5 88 89
112.3 108.8 110.2 108.3 104.9 103.9 102.5 102.7 102 100.2 98.7 97.3 96.5 96.2 95.3 94.4 94.2 94.6 94.2 93.9 93.3 93.1 92.7 93.2 93 92.7 92.5 92.9 92.8 92.8 93 93.9 93.9 92.4 91.9 91.9 91.9 91.9 91.9 91.9 91.9 91.9 91.9 91.9 91.9 91.9 91.9 91.9 91.9 91.9 91.9 91.9 91.9 91.9 91.9 91.9 91.9 91.9 91.9 91.9 91.9 91.9 91.9 91.9 99.6 102.3 101.4 98.7 97.7 96.3 94.9 92.7 90.9 91.4 89.8 88.9 88 87.6 88.9 90.8 93.6
111.6 109 110.3 110.5 107.8 105.6 104.3 102.2 101.9 101 100.5 98.4 96.8 94.7 94 93.5 92.8 93 93.7 93.5 93.2 93.1 92.7 93.2 93.1 93.2 92.7 92.8 92.8 92.8 92.6 93.7 93.1 91.6 91.9 91.9 91.9 91.9 91.9 91.9 91.9 91.9 91.9 91.9 91.9 91.9 91.9 91.9 91.9 91.9 91.9 91.9 91.9 91.9 91.9 91.9 91.9 91.9 91.9 91.9 91.9 92.5 93.2 97.2 101.1 100 101.4 99 96.7 92.4 90.7 90.5 89.7 89.2 89 88.3 88 90.1 91.6 93.8 96.8
116.7 112.4 111.2 114.4 111.3 109.1 102.9 102.7 103.1 103.8 101.5 99.1 97.1 95.1 94.4 93.5 92.8 93.1 93.1 92.7 92.9 93.1 92.9 93 92.9 93.5 93.1 92.4 92.8 92.8 92.6 94.2 93.9 92.6 91.9 91.9 91.9 91.9 91.9 91.9 91.9 91.9 91.9 91.9 91.9 91.9 91.9 91.7 91.8 91.9 91.9 91.9 91.9 91.9 91.9 91.9 91.9 91.9 91.9 91.9 95.1 95.2 95.5 101.3 101.5 98.8 98.9 95.6 92.9 93 93.6 92.2 90.4 89.4 87.8 87.9 87.4 88.6 91.1 94.1 96.3
116.8 111.4 109.3 114.4 113 106.4 104.2 106.8 106.1 105 103.7 101.4 100.2 98.4 96.7 95.5 94.6 94.5 93.9 93.5 93.4 92.7 93 93.9 94 93.2 93.1 92.8 92.8 92.8 94 95 93.4 92.3 91.9 91.9 91.9 91.9 91.9 91.9 91.9 91.9 91.9 91.9 91.9 91.9 91.9 91.3 91.4 91 91.9 91.9 91.9 91.9 91.9 91.9 91.9 91.9 97.6 97 94.1 98.4 99.8 98.9 96.8 95.6 95.6 96.9 97.9 97.7 94.9 91.9 91 89.9 88.4 88 86.6 85.6 87.9 90.1 92.8
112.5 110.5 108.3 107.1 106.3 106 109.7 110.3 107.6 107.6 104.7 105.7 104.6 103 101.6 100.2 97.5 95.5 95.1 94.8 94.8 93.6 92.9 93.3 93.3 93.1 92.8 92.8 92.8 92.4 93.7 94.2 93 92 91.9 91.9 91.9 91.9 91.9 91.9 91.9 91.9 91.9 91.9 92.3 91.9 91.6 91.4 91.7 91.6 91.6 91.9 91.9 91.9 91.9 91.9 91.9 95 95.1 92.8 92.8 96.5 95.6 95.4 93.8 95.1 98.1 99.6 97.3 96.8 96.3 94 91.1 90.7 89.6 88.1 86.6 84.6 84.3 86.1 89.5
112.2 109.8 115.3 112.8 111.1 114.9 113.1 111.5 110.1 109.9 108.8 107.5 106 105.3 104 102.5 100.7 98.8 97.2 96.8 96.5 95.3 93.7 94.2 92.5 92.8 92.8 92.8 92.8 93 93.1 92.6 93.4 92.6 93 93.1 92.1 91.8 91.7 91.9 91.9 91.9 91.9 94.7 94.5 91.9 91.7 91.9 91.9 91.9 91.2 91.9 91.9 91.9 91.9 91.9 91.9 91.9 91.9 91.9 95.7 97.7 97 96.9 96.7 97.4 97.4 97 95.9 97.1 95.7 94.3 92.1 90.4 88.9 86.6 85.1 84 81.6 83.6 87.1
118.3 118.3 118.5 116.8 116.8 116.3 114.4 112.5 112.4 111.5 109.8 108.8 106.7 105.8 104.2 103.4 102.1 100.5 98.8 98.6 98.2 97.1 96 95.2 93.7 92.8 92.8 93.6 93.5 94.7 94.7 93.6 93.7 93.5 93.6 93 93.2 92.7 92.3 91.9 91.9 91.9 95 97.8 97.8 91.9 91.9 91.9 91.9 91.9 91.9 91.9 91.9 91.9 91.9 91.9 91.9 91.9 93.8 106.7 102 101.4 102.6 101.4 99.2 98.7 99.2 97.5 95.2 93.5 93.6 91.8 89.4 86.8 85.3 82.6 83.3 82.4 80.4 81.4 86.4
120 119.3 119.1 118.1 117.9 117.5 115.5 114 113.4 112.2 111.5 109.7 108.3 107.8 105.9 104.6 103.4 102.1 100.5 100.1 99.9 99.2 97.8 95.4 94.3 93.5 95.9 96.9 95.8 95.7 95.8 94.7 94.1 94.5 94.5 94.2 94.9 94.5 93.2 91.9 91.9 93.1 97.6 99.2 96.8 92.7 91.9 91.9 91.9 91.9 91.9 91.9 92.9 92.7 95.2 96 95.9 96.5 96.5 98.7 103.2 106.2 104.8 103 101.9 101.8 98.5 94.7 92.2 90.8 89.6 88.1 86 82.5 81.4 82.7 83.7 83.1 80.2 82 85.5
120.9 121.2 119.9 118.7 118.5 117.7 116.2 114.7 113.5 113 111.7 109.8 108.6 108.1 107.3 105.4 104.1 103 101.8 101.5 101.1 100.3 98.3 95.6 94.9 96 98.3 98.4 97.6 98.2 100.4 97.3 95.2 95.7 95.1 95.8 97.6 97.2 93.1 92.7 96 98.5 100.3 100.2 97.7 96.5 95.5 93.5 93.1 93.9 94.3 93.6 94.7 96.9 101.8 100.6 101.2 109.8 114.1 114.1 111.3 107.4 104.5 104.5 99.2 94.6 91.1 87.8 86.7 85.9 85.7 82.2 81.5 83.3 84.2 83.8 83.1 81.7 79.1 79.9 81.7
122.2 121.4 119.9 119 118.3 117.5 115.9 114.9 113.6 112.7 111.5 109.9 108.5 107.8 106.6 105.6 104.1 103 102.2 102.3 101.9 100.2 98 95.9 97 99.3 100.1 99.2 98.6 101 104.2 101 96.9 95.7 95.5 96.6 99.4 100.2 99.2 98.6 99.7 101.1 100.8 99.7 99.8 98.5 99.1 97.7 96.3 96.9 96.2 94.2 92.8 94 98.6 101.3 105.2 110.6 114.8 112.6 109.2 107.6 104.7 95.7 89.8 86 84.4 83.9 84.3 83 81.3 84.6 86 86.7 85.1 83.5 82.5 80.4 78.6 79.1 78.8
122.7 121.4 120.6 119.3 118.5 116.7 116.6 115.1 114.3 112.5 111.3 110.2 108.6 106.9 106 104.8 104.6 103.5 102.8 101.8 100.9 100.5 98.6 96.7 98.5 100.6 100.9 100.1 100.1 102.6 104.8 103.8 99.9 97.1 96.2 97.1 99.6 100.9 100.9 100.7 100.4 100.8 99.1 96.8 97.1 96 95.6 95.3 94.6 93 93.5 94 94.4 91.9 89.2 92.6 100.2 104.7 102.7 101.7 96.2 94.6 90.8 84.4 82.9 83 82.8 83.8 84.1 84.9 86.7 86.7 86.3 86.5 85.8 83.6 82.3 78.9 78.1 78.9 78.5
124.3 121.6 120.7 119.9 119.4 117.4 117.2 115.9 114.2 113.1 112.7 111.8 111 108.5 107.6 105.9 104.8 104 102.4 101.4 101.7 100.8 99.5 97.6 99.9 100.9 101.5 101.7 101.6 102.4 105.8 105.3 100.6 97.1 96 97.7 99.4 100.5 100.5 99.5 99.6 99.3 96.8 95.3 94.5 94.6 94.4 94 93.5 93.4 93.4 94 94.6 94.8 91.3 88.6 90.1 93.4 92 87.7 83.3 83.7 83.1 83.1 83.6 83.4 82.7 83.9 84.7 88.1 89.7 87.2 86.1 85.3 85.3 83.8 82.4 78.9 79.6 80.4 81.5
125.3 123.7 122.1 122.2 122.3 120.9 117.6 116.7 115.7 115.7 115.3 114.3 113.1 110.3 109.3 107.7 106.3 104.1 103.9 102.5 103.5 102.6 101.1 100 100.3 101.3 102.1 102.3 102.2 102.3 106 106 100.1 96.9 97.1 98.3 98.4 98.6 98.9 98 98.5 96.9 95 94.9 94.3 94.4 94.3 94.4 94.2 94 93.6 95.3 96.1 95.8 94.5 93.2 92.9 90.6 89.5 89.2 85.1 83.7 83.6 83.5 83.9 83.8 82.9 84.7 86.4 87.5 86.6 86 84.6 84.2 84 83 81.5 80.4 82.2 83.4 84.8
127.9 126.6 125.4 125.2 124.2 123.1 121.8 120.9 119.3 118.2 117.2 116.7 114.9 112.4 111.1 109.6 109.3 108.1 107 105.8 105.4 104.5 102.8 101.5 100.9 102.1 102.7 102.6 102.6 102.7 104.6 104.7 98.8 97.6 98.8 98.2 97.3 97.3 97.5 97.1 95.9 95.4 95.6 94.9 95.1 95 94.9 94.5 94.4 94.4 93.9 94.3 94.2 92.6 91.7 92.5 91.3 90.6 89.6 88.7 86.2 84.9 83.8 84.3 84.6 84.2 83.4 84.5 85.4 85 84.9 85.1 85 86.1 85.2 86 85.2 84.1 83.9 83.2 85
130.1 129.6 129.7 129.1 128.2 126.3 124.5 122.7 121.8 121.2 120.5 119.2 117 115.1 113.4 113 111.6 110.6 110.3 109.3 107.6 106.2 104 102.6 102.3 103.7 103.4 103 103 102.9 103.2 102.1 100 99.1 98.4 97.6 96.7 96.3 96.2 95.7 96.6 96.7 96.3 95.8 96.6 96.5 95 95 95.1 95 94 91.9 88.9 88.4 88.3 88.2 89.6 90.6 91.1 90 87.5 85.4 84.2 84.5 85.2 84 83.2 83.8 84.2 84.6 84.7 85.1 85.7 88.1 86.9 88.5 87.4 86.3 85.6 84.8 83.6
134.6 133.1 133.2 132.1 129.8 128.3 128.5 127.9 127.2 125.9 124.9 122.9 119.9 118 117.2 116.4 115.6 113.7 111.5 108.7 109.2 106.3 104 103 102.2 104.8 104.2 103.5 103.4 103.3 103 101.8 100.6 99.9 99.1 97.9 97.3 96.7 97.1 97.4 97.4 96.7 96.9 96.8 97.9 99.4 97.9 96.9 97 96.3 95.1 89.8 87.8 87.9 90.3 92.8 93.3 92.9 94.3 92.8 90.2 88.1 88.2 87.3 86 85.5 84.2 84.2 84.2 84.1 84.3 84.6 85.7 86.7 87.8 87.9 88.2 86.4 85.3 84.5 83.6
139.1 137.6 137 137.3 135.7 132.5 133 132.2 131.7 129.3 128 126.1 122.9 121.4 121.1 120.5 119.3 115.6 112.8 111.6 108.9 106.1 104.2 102.8 101.7 102.8 103.2 103.3 103.6 103.5 103.4 102.4 101.4 100.8 100.4 100 98.6 98.4 97.8 97.4 97.2 97.8 97.9 98.2 99.9 101.1 100.3 98.2 93 93.6 90.3 91.2 93 91.9 93 95.2 96.2 96.6 95.4 94.7 92.1 90.9 89.3 88.2 86.6 85.8 84.9 84.5 84.6 84.7 84.5 84.7 85.3 87.2 88.9 88.6 86.5 85.5 85.9 88.5 86.7
142.7 141.1 139.9 141.1 140 141.4 141.4 139 135.2 133.4 131.1 129.8 127.2 123.6 123.3 121.6 119.5 116.4 112.9 110.4 107.4 104.4 103 102.3 101.7 102 103 103.4 103.8 103.7 103.6 102.8 102.1 101.3 101 100.6 99.8 99.5 99.8 99.3 99.2 100.1 100.7 101.5 102.1 101.8 101.7 96.4 97.4 91.4 93.9 98.2 97.7 95 95.9 96.8 96.9 98.1 97 96 93.7 91.3 90.9 87.8 87 87.1 87.4 87 87.3 86.3 85 85.3 85.6 85.6 86.3 85.5 85.8 86.6 87.7 91.3 89.6
146.2 144.6 143.9 143.6 143.1 142.8 142.3 141.5 137.6 135.5 132.7 130.7 127.9 124.7 123.5 121.3 118.7 115.9 111.7 107.9 105.7 103.6 103.2 102.2 102 102.3 102.8 103.6 103.9 104.2 104.5 103.7 102.8 102 101.9 101.9 101.8 102.3 102.5 102.3 101.3 101.3 102.7 103.9 103.9 102.6 101.9 96.6 92 93.3 98.7 99.2 100.9 100.8 100.2 99.1 97.1 97.1 97.3 95.7 93.9 92.1 91.7 91.7 91.6 90.5 89.5 88.3 88.1 87.3 86.3 85.4 85.1 85.5 86.1 88.2 88 90.1 95.2 91.6 91.6
148.1 146.9 146.3 145.5 144.6 143.2 142.4 140.6 138.4 136.5 134.3 131.3 127.4 124.9 122.5 120.6 118 114.7 112.1 109 105.8 104.3 103.6 102.6 102.8 103.3 103.6 104 104.8 105.4 105.8 105.4 105 104.6 104.9 105.3 105.2 105.2 105.1 105.4 104 104.4 104.6 104.5 104.4 103.6 102.8 96.7 93 98.1 101.4 101.7 101.6 100.3 100.4 99 97.7 97 97.2 95.8 94.8 94.2 94.3 94.2 94.2 93.5 91.2 89.7 89.6 88.9 89.3 88.1 86.9 86.6 88.4 90.9 90.4 94.2 99.4 94.1 95
