app/static/ascii/NT20.asc
ncols 200
nrows 200
xllcorner 320000
yllcorner 600000
cellsize 50
[rows 35 to 69 of 200, columns 0 to 77 of 200]
628.9 608.3 588.1 574.1 565.8 565.3 565.7 561.9 557 552 543.1 537.9 535.5 530.1 523 516.5 513.2 515.4 523.4 526.5 527.2 527.9 526.7 526.1 520.5 515.5 512.1 503.3 494.6 488.7 478.8 471.7 464.8 471.5 479.3 480.3 480.7 483.3 486 482.7 485.4 485.3 488 477.7 453.7 426 399.4 378.3 367.7 356.2 345.4 352.8 376 406 437.3 461 472.3 477.5 475.3 467.3 458.2 443.6 433.8 428.9 425.8 421.6 417.7 419.3 419.6 420.6 420 420.7 423.3 426.9 430.6 432.9 439.2 453.9
624.1 602.6 576.6 564.8 559.3 559.9 559.3 553.9 548.5 543.2 536.3 532.6 529.4 524 517.9 513.8 511.4 510.9 513.2 516.3 518.2 520.4 522.4 523.4 519.3 514.6 510.2 504.1 496.9 488.8 479.2 470.3 459.6 457.3 466.3 470 470 473.4 471.7 471.2 471.6 473.3 470.5 464.9 443.1 415.8 389.5 369.9 358.9 349.3 341.6 348.6 370 395.8 426 449.7 464.2 469.4 467.7 462.8 456 442.4 433.6 428.9 426.4 424.1 420.8 415 414.2 414.4 417.3 419.1 419.9 422 424.2 426.7 430.9 445.5
617.4 597.6 570.5 561.1 554.6 552.8 551.3 546 543 538.5 532.6 526.8 519.9 516.3 515.6 513.2 511.9 509.4 509.2 510.5 512.5 514.3 516.7 519.8 518.6 514.6 509.4 503.6 496.6 488.5 479 469 458.9 442 453.6 454.5 458.5 460.3 457 448.6 448.2 450.6 450.2 445.5 429.2 404.4 380.9 362.7 352.2 345.9 339.5 346.2 367.3 389.7 414.8 437.3 454.4 460.4 460 457.4 451.1 439.6 432.6 429.2 427.2 426.2 424.2 421.9 417.1 409.6 409.9 414.2 416.9 418.4 420.4 421.9 423.9 439.1
607.6 584.3 570.6 560 552.3 550.5 546.8 542.9 540.7 537.9 535.1 529.9 526.1 523.1 519.4 516.2 513.4 510.8 508.5 505.7 509.6 509.7 511.8 514 513.3 512.4 507.8 502 493 485.8 477.6 467.6 456.7 438.7 423.9 435.4 442.6 443.1 430.7 426.8 431.2 431.7 428.9 423.2 410.8 391.7 370.2 354.1 349.5 342.1 336.4 344.4 361.7 382.3 405.1 421.9 441.3 451.1 453 450.5 445 436.1 431.8 429.3 428.6 427.7 426.1 424.6 423.1 418.1 407.5 406.3 409.8 414.9 417.1 418.4 419.5 432.7
604.6 585.8 572.4 559 551.3 548.4 546.9 544.6 542.3 540.9 536.8 533.1 530.8 527.7 524.6 521.6 517.6 514.3 510.4 504.8 506.3 505.9 507.2 506.9 506.7 507.5 504.8 496.1 489.3 482.2 473.7 464.9 451.5 435.6 406.5 411.5 414.5 413.1 406.2 405.3 407.3 410.4 406.1 399.9 387.2 369.5 358.5 347.1 342 338.3 333.5 345.1 357.3 376.6 397.4 415.2 431.5 442 445.3 443 437.7 432.8 431 429.7 430.3 429.7 429.1 427.6 425.5 420.7 415.4 407.1 399 406.7 412.9 412.1 417.4 424.7
610.2 595.4 577.9 563.3 555.2 549.3 547.3 545.8 544.4 543.2 540.6 538.1 535.1 532.1 529.7 526.9 523.1 518.3 513.8 509 500.4 501.5 502.7 501.3 500.2 498.1 494.9 488.2 481 476.3 469.1 458.5 442.9 426.9 408.3 389.5 390.9 391.6 391.3 387.4 384.2 386.9 392.2 380.7 364.4 350.7 345.2 339.7 336.6 334.2 333.6 343.6 354.7 372.7 392.5 409.6 423 433.4 437.8 435.9 430.7 429.2 428.9 429.7 431.3 432.6 432.3 430.1 428.1 423.4 418.6 412.8 404.1 392.4 405.1 410.5 415.3 419.2
620.2 609.7 594 571.7 560.1 554 550.3 548.6 547.3 546.6 545.5 542.4 540.3 537.8 535 532.2 527.8 522.4 517.3 511.3 505.7 499.8 494.1 497.3 495 490.8 487 481.7 475.3 469.6 461.5 446 429 409.1 410.8 404.3 387.2 372 370.4 373.8 382.1 371.7 367.9 358.9 357.5 360.2 350.9 340.1 332.4 331.2 333.5 343.5 354.1 372.7 388.9 403.9 416.2 425.2 429.1 427.3 425.6 426.9 427.5 429.4 432.6 434.8 435.9 434.8 432 425.5 419.9 413.3 406.6 396.7 396.7 405.2 409.2 413.5
635.7 625.2 611.4 588.8 569.1 561.7 557 554 552.3 551.9 550.5 548.2 546.4 543.9 541.1 536.5 532.5 526.9 520.6 514.2 508 502.5 496.9 487.8 489.2 488.4 481.6 476.4 468.1 460.8 446.6 450.1 448.5 440.3 434 422.3 405.9 392.7 382 367.4 355.3 358.3 358.5 359.8 356.6 354.1 348.5 339.5 331.5 326.2 332.6 341.2 351.5 370.9 387.4 401.1 411.4 417.4 419.1 420.6 422.1 423.6 425 428.7 433.1 436.3 438.5 441.3 440.4 433 423.1 414.4 406.7 399.8 392.2 401.5 408.2 413.6
654.7 640.9 627.7 608.4 587.4 572.7 566 561.8 559.6 559 557.8 555 552.7 551.2 547.6 542.4 537.2 530.9 524 515.1 509.2 504.1 500.4 495.6 485.9 481.5 470.6 468 463.2 464.2 466.5 465.8 465.6 463.3 458 443.5 426.4 411.9 398 387.6 377.4 364.6 344.6 335.2 347.2 350.1 346.2 340.1 331.6 324.1 330.1 338.8 349.1 366.9 385 398 407.6 412.3 414.5 416.6 418.7 421.8 425 429.6 434.6 439.5 444.1 446.2 445.2 439.9 426 414.2 407.6 401.9 388.5 396.9 403.8 410.9
668.8 658.4 645.9 627.6 605.6 589.7 578.8 572.6 569.6 569.1 565.5 565.4 562 561.2 555.9 551.1 541.4 536 529.1 517.3 510.6 505.8 502.1 498.9 495.7 491.8 487.9 483.9 479.7 477.8 477.4 480.2 484.1 486.6 480 467.8 448.7 429.7 416.1 403.7 393.2 378.6 357 339.6 328.9 341.6 342.3 338.2 331.5 321.3 330.7 340.2 350.4 365 383.3 396.2 404.7 408.7 411.3 413.7 417.2 421.6 426.7 432.3 437.8 441.1 444.7 448.4 444.2 437.9 427.9 414.7 409.1 405.5 394.4 389.9 399.3 406.5
679.4 671.2 660.7 644.2 624.1 607.1 594 588.1 583.3 581.8 577.4 573.4 568 564.6 561.9 556 545.6 538.4 531.6 519.3 512.5 507 503.7 501.5 499.5 497.4 495.2 493.1 489.1 487.2 491 498.5 500.6 503.3 496.6 480.1 458.4 443.6 434.2 421.5 406 385.3 361.3 340.3 323.5 335.7 338.1 332.9 327.8 319.6 331.1 338.9 350.5 365.1 380.6 395.4 403.6 406.9 409.2 412.9 418.8 425.7 431.1 435.5 438.6 440 442.2 445 444.2 437.1 428.5 416.1 409.3 404.2 399.6 383.5 394.2 402.6
687.2 677.2 668.7 654.8 639.6 621.9 612.1 602 595 588.3 583.3 579.6 574.2 564.8 561.9 556.7 548.6 537.4 530.7 520.9 515 509.8 506.7 504.8 503.3 505.3 507.9 507.4 503.9 503.9 509.3 517.2 517.6 513.6 502.1 487.4 462.6 453.5 448.7 430.7 414.3 387.5 364.5 344.1 326.5 323.7 332.1 327.3 321.3 321.7 331.1 339.9 351.8 365.7 380.8 395.4 405.3 408.2 409.2 413.6 422.7 430.2 435.3 439 438.9 437.3 438.3 440.4 442.8 436.1 428.6 418.2 409.8 401.8 396.3 385.9 388.3 398.1
685.1 677.4 667.4 656.5 641.7 626.4 621.6 611.5 600.6 592.9 586.6 582.1 573.4 564 557 552.7 546.7 537.7 529.9 524.2 517.8 513.3 510.2 509.7 508.3 510.5 516.9 518.2 516.8 522.5 529.4 527.1 520.8 513.9 503 485.4 463.8 462.5 451.6 434.4 410.3 383.8 365.2 346.9 330.2 318 323.2 319.2 314.2 325.3 330.7 339.4 351.6 365.3 379.3 394 404.2 407.8 408.5 411.4 421.9 429.3 434.2 437.7 436.4 433.7 434.7 436.5 438.4 437.8 432.7 422.9 412.9 403.2 397.1 388.1 380.1 391.9
665.3 655.5 651.5 644.2 635.7 626.3 621.3 611.9 600.9 592.6 584.3 576.1 567.1 558.8 552.1 548.2 542.9 535.9 530.7 526.9 520.2 515.6 513 512.1 513.1 509.5 514 518.8 525.7 535.5 533.4 524.5 517.2 506.6 492.8 477.6 464.6 459.7 447.8 427.6 401.4 387.3 370.6 346.5 328.1 317 318.2 315.5 313.6 322.7 329.9 339.2 350.5 364.1 378 391.3 400.1 404.6 405.4 407.3 414.3 421.7 426.3 430.3 430.1 428.8 432 432.3 433.2 436.6 435.4 425.5 415.5 404.1 397.9 391.1 378.7 385.9
631.6 628.6 628.4 629.3 628.2 624 619.3 604.7 595.2 587.8 581 571.4 561.4 553.9 547.4 541.7 536.5 532.4 529.8 526.7 521.8 517.7 515 511.6 510.4 505.9 508.7 514.1 522 524.5 521.4 517.5 506.8 493.5 480.6 473.1 462.7 450.5 437 420.3 399 389.7 374.4 348.1 328.8 316.8 312.1 312 314.5 321 329.6 339.1 349.9 362.1 375.6 387.6 396.1 401.5 402.1 403.9 408.1 413 417.9 421.2 422.8 422.7 427.5 428.7 430.1 432 432.2 427.6 418 408.2 399.1 391.3 380.5 380.9
613.7 614.5 619.6 616.7 613.9 613 607.9 599.3 589.2 581.6 572.5 564.4 555.6 551 544.7 536 531.9 529.6 528.2 526.9 523.8 521.7 517.8 507.4 503.3 501.2 503.5 510.2 516.9 514.3 511.5 503.3 491.9 479.3 468.3 468.5 454 438.7 424 411.3 398.8 390.9 376 347.8 333.5 316.4 312.5 306.8 312 318.8 328.4 337.9 348.4 360.3 373.8 383.8 390.5 397.5 398.9 400.7 404 406.6 411.3 415.4 416.5 416.9 421.2 423.5 425.1 427.5 427.8 424.8 419.3 411.2 401.4 393.6 385.7 373.1
601.5 599.6 601.3 598.7 601.9 600.7 596.6 592.6 583.3 571.2 565.3 558.8 552.4 547.8 539.7 530.4 526 525.7 525.8 527.5 526.3 524.3 518.8 507.1 497 495.2 502.8 505.1 506.3 503.6 497.1 489.9 479.6 467.1 461.1 455 442.5 429.4 418 408.7 396.3 384.4 367 350.5 337.3 324.4 311.4 304.7 308.2 315.3 326 336.1 347 358.8 370.1 380 387.1 393.3 396 397.7 400.1 402.5 405.5 409.9 413.1 412.1 413.3 415 418.4 421.4 423.8 420.2 416.6 413.1 403.9 396.1 388.1 378.2
581.9 581.8 588.7 584.2 586.1 589.8 584.5 578.6 572.5 565.5 561.9 555.8 549.1 544.1 536.2 524.7 518.5 519.4 523 526.9 527.8 524.3 515.9 504.1 492.4 486 493.3 491.9 491.3 489.4 484.9 477.3 468.4 459.1 450.2 441.5 430.7 420.2 410.8 399.7 388.3 377.6 367 351.1 340.9 329.2 314.9 305.7 304.5 312.4 322.3 331.1 343.3 356.7 367.8 377.7 384.6 390.4 392.2 394.5 397.8 400.4 402.6 403.4 407.4 407.6 408.5 410.8 412.6 415.8 416.9 416.2 413.6 410.1 405.1 398.3 389 381.9
567.8 565.9 564.4 564.1 573.4 575.3 573.2 571.5 569.9 562.5 557 551.7 545.6 535.8 531.5 518 509.4 511.8 518.6 526.3 528.8 524.6 515.6 504.7 490.6 481.5 480.8 481.6 479.9 477.9 472.1 465.8 459.3 450.8 441.3 432.7 423.3 415 404.8 393.3 382.6 374.2 365.4 350.6 342.5 333.8 321.1 306.5 302.7 311.3 319.5 330 342.6 355.3 366.7 373.9 379.9 388.2 390.1 392.2 395.3 397.9 399.9 399.3 402.1 402.8 405.3 408.7 410 410.3 411.2 411.5 411.3 408.3 405.7 399.4 394 390.1
556.7 552.8 549.9 550.3 559 567.2 566.2 565.9 562.5 558 553.6 550.5 542.9 530.1 518.3 509.1 501.9 502.8 511.1 521.6 526.4 520.9 513.1 503.5 487.3 478.5 468.6 468.8 468.2 466.4 461 456 449.9 442.2 432.9 426.6 419.9 412.2 399.6 388.2 378.9 370.4 364.1 353.7 345.9 337 326.3 310 298.5 307.9 316.8 328.1 339.9 352.6 363.5 370 375.5 384.2 387.6 388.7 391.2 394 395.7 395 397 399.5 399.6 404.2 407.1 406.9 407.2 407.7 408.9 407.4 403.9 401.1 398.1 396.2
547.2 543.2 538.8 540.8 544.7 551.9 557.7 559.9 558.4 554.1 549.9 544.8 537 523.9 510.8 499.3 494.1 491.3 501.6 514.1 517.3 512.5 505.4 497.4 484.9 473.8 465.8 456.4 458.6 457.6 453.4 448.1 441.6 435.2 428.8 422 414.6 405.5 393.2 383.6 375.8 370.7 366.4 359.1 347.7 340.4 331.3 317.1 301.6 300.4 314.2 326.4 337.3 349.5 359.5 367.7 372.4 379.2 382.8 385.7 389.2 391 390.7 389.5 391.9 393.5 396.2 400.1 404.2 404.5 404.8 405.5 407.2 406.4 403.2 402.3 403.7 398.6
541.1 535 531.9 532.7 534.5 541.6 548 552 554.2 550.9 547.6 540.3 528.6 515.5 502.3 494.3 481.6 477 491.5 504.3 510 507.5 498.8 489.2 479.7 470.6 460.8 452 449.9 450.4 445.7 440 434.1 427.9 422.1 415 406.1 397 388.6 382.9 378.6 374 367.8 362.7 349.6 343.7 334.3 319 307.1 296.6 308.9 324.1 334.4 346 357.1 364.9 369.5 374.2 379.3 384.6 388.7 388.9 387 385.4 386.3 390.1 393.4 396.5 399.1 401.4 403.2 404.3 405.1 404.6 404.5 404.8 405.3 400.1
532.6 527 525 524.4 526.2 535.2 542.2 546.3 549.7 548.8 545.6 536.5 523.3 511 498.9 485.9 474.6 470.9 481.2 494.3 502.3 499.8 494.3 484.3 475.9 467.1 457 448.2 439.5 439.5 436.8 432.4 426.8 419.2 414.7 405.7 399.6 393.9 388.4 383.2 379.4 375.1 368.6 364.3 353.9 345.6 336.4 323.4 308.2 295.5 304.3 318.3 322.2 342.7 354.4 361.9 367.2 371.9 377.1 383.3 387 385.3 383.5 380.6 384.3 388.1 390.9 392.3 394.9 398 401 403.2 403.2 403.3 403.3 405.5 405.7 400.5
524.7 519.5 518 519 523 529.8 536.7 541.6 545.6 547.6 542.9 534.2 519.2 503.7 492.7 478 469.3 465.8 471.9 486 492 489.5 485.8 479.5 473.6 466.6 456.2 445.6 436.9 430.9 430.9 427 421.3 414.8 410.1 404.2 398.9 394.9 389.2 381.5 375.3 372.3 369 366.2 356.6 346.8 337.5 324.1 308.1 296.4 298.4 307 324.8 339 351.3 361.7 365.3 370.4 376.5 381.2 385.1 381.7 380.7 377.6 380.3 386.3 388.6 389.8 390.6 395.7 399.2 401.7 402.4 401.8 402.9 402.8 401.4 397.5
520.3 514.8 513.2 516.2 518.2 523.5 529.8 536.3 540.9 544.6 541.8 529.8 513.1 499.2 484.5 472.2 462.8 454.1 460.7 472.3 482.9 482.3 479.4 478.2 472.5 466.3 456.8 445.5 435.3 426.5 422.2 420.8 416.4 412.6 407.3 400.8 396 391.7 387.8 380.5 374.2 371.1 369.5 366.9 359.1 347.3 336.8 323.5 312.9 300.7 297.9 309.2 319.4 337.5 348.2 357.8 362.6 368.6 374.5 381.5 381.4 379.5 378.7 375.7 378 384.1 386.4 387.7 391 394.1 399 400.7 400.9 400.5 401.3 403.1 400.3 396.6
513.3 510.8 510.1 510.9 513.5 517.7 524.8 531.4 536.8 541.2 539.6 529.6 511.1 494.6 478.7 465.9 457.4 452 452.3 461.3 474.2 474.4 473.6 474.3 471.8 466.9 458.2 447.2 435.1 427.2 419 413.4 413.7 411.5 405.1 398.4 394.2 389.3 384.3 379.9 375.9 372.4 368.9 366.7 359.1 348.2 334.4 323.7 313.1 299.8 293.8 307.2 317.3 334.6 346.8 354.1 361 366.2 371.6 376.3 378.2 377.4 374 372.7 377.3 381.7 384.1 386.6 389.9 393.5 398.8 401 400.3 397.8 399 399.5 399 396.3
509.5 506.9 505.2 505 508.4 511.7 518.8 525.6 533.3 538.4 535 526.4 512.1 492.8 475.9 460.3 452.9 446.6 445.8 452 461.5 466.1 467.2 470.2 471.9 465.7 459 448.8 437 425.9 419.2 413.6 408 405 402.1 397.7 392.3 386.9 383.2 379.1 376.5 372.4 368.7 364.3 355.2 346.3 333.4 321.9 310.7 300.7 291.4 302.4 313.2 331.1 343.8 351.2 357.8 362 367.2 372.7 375.8 372.9 370.7 373.4 376.2 380.8 383.5 385.5 388.2 394.2 399 400.6 398.9 393.9 394.2 395.5 395.9 393.8
501.5 500.3 500.6 498.5 502.6 506 511.3 519.3 529.8 534.5 531.2 524.1 511.9 492.4 471.7 456.4 448.7 441.9 437.8 443.4 450.8 457 463 465.6 469.3 464.2 458.2 450 437.2 424.5 418.2 413.6 408.3 403.9 400.3 397.4 393.7 388.2 380.3 377.7 376.5 373.3 368.3 360.4 350 343.7 330.9 318.2 306.8 293.1 288.2 298.5 307.5 327.4 340.1 348.4 354.7 360.5 365 370.3 370.7 370.2 368.9 372.1 375 378.8 382.7 384.6 388.5 395 398.4 398.5 392.7 390.1 390.7 392.9 393.7 390.8
495.3 493.4 494.4 492.8 495.4 500.6 505.7 515.5 525.9 530.5 527.2 520.5 510.3 490.3 470.8 455.2 445.5 438.4 431.1 436.8 443.8 450.1 456.9 463.1 466.1 462.2 456.9 450 437 423.8 417 411.7 407.1 403.1 398.5 396.8 393.1 389.3 383.7 371.8 371.5 369.2 364.2 357.2 348.8 341.7 330.8 315.7 304.7 290.4 280.3 292.9 304.5 323.7 333.7 344.5 352.5 357.9 362.8 367 368.1 367.1 363.6 369.4 373 377.9 381.5 383.8 388.4 392.1 394.6 392.7 387.3 385.9 387.9 390 389.9 388.7
491.1 489.4 488 478.9 489.5 495.2 502 511.5 520.8 524.4 522.5 517.6 507.9 490.1 468.6 454.1 443.2 434.5 424.9 430.9 437.8 443.8 450.2 455.5 459.9 460.3 456 450.1 439.4 427.7 416.6 410 405.2 400.6 396.4 395.1 393.1 388.5 382.2 376.7 371.9 364.2 356.6 350.6 343.8 336.8 328 314.3 305.5 294 281.6 281.1 303.4 317.9 326.5 337.4 347.2 354.6 360.2 362 361.3 359.8 357.3 365 370.9 376 380 383.3 386.4 386.4 388.9 386.1 382.2 381.9 384.9 386.1 386.1 383
488.4 487.2 483.8 478.2 483.3 488.7 497.4 508.1 517.3 520.9 520.6 515.8 505.6 486.5 469.3 453.7 441.8 431.3 421.3 424.3 431.2 437.3 443.8 450.4 454.9 456.4 454.9 450.3 442.2 431.9 417.5 409 404 399.5 395.5 392.9 390.7 386.4 382.4 376.2 372.2 365 358.3 349.4 340.4 331.1 316.7 307.9 296.5 294.1 288.3 279.5 296.4 312.1 323.8 332.2 340.2 351.1 354.9 356.5 355.6 352.5 355 362.8 368.9 373.2 377.2 381.2 382.8 381.1 382.7 379.8 376.1 377.4 380.9 382.6 382 378.7
483.3 483.3 479.5 476.1 477.6 484.3 494.4 504.5 513.6 518.3 518.3 514 504.3 486.1 468.5 452.7 440.4 428.9 418.3 418.1 423.4 430.8 439 446.5 451.2 453.7 453.1 450.4 444.5 435.3 421.6 409.5 403.9 400 395.9 392.4 388.6 384.2 381.4 376.6 371.1 365.7 359.4 350 339.8 331.8 322.9 314.1 304.7 296.6 291.8 283.7 290.4 307 317.7 325.8 333.6 341.4 348.5 350.6 350.2 345.8 351.7 359.6 366.4 371 375 379 377.7 375.1 374.5 371.5 370.5 373.6 376.7 379.3 378.9 375.4
475.9 475.6 472.6 467.5 472 478.3 490.8 501.6 512 516.5 518.4 513.1 504.3 488.9 468.8 451.7 438.8 427.1 416.1 408.6 417.2 425.4 434.4 442.9 447.8 451.8 452.4 450.9 446.2 437.9 425.7 412.3 404.7 399.4 395.6 391.3 387.9 384.3 380.8 377.4 372.9 365.6 359.8 349.7 340.3 332.9 323.5 313.8 305.1 299.5 294.3 286.5 286.1 300.6 312 320.1 328.5 333.6 339 346 342.4 340.4 348.1 356.5 363.9 369.4 372.8 373.4 372.2 369.7 367.1 366.3 366.7 369.3 372.9 376.1 375.7 370.4
463.9 467 465.8 458.1 467.5 474.3 487.2 499.7 510.3 515 518 513.4 504.5 491.6 471.8 452 438.3 426.7 416.8 403.2 412.2 421.7 430 437.9 444 449.2 451.6 451.5 448.7 441 429.6 416.7 407 399.4 395 389.5 385.5 383.5 379.9 376.4 372.2 366.7 361.1 353.7 343.3 334.4 324.2 314.7 306.6 300.7 293.9 286.3 280.2 291.6 302.1 311.4 320.5 323.8 328.2 335.7 333.7 338.5 343.8 354.9 360.7 364.9 369.9 368.5 368.9 366.2 361.2 359.7 360.4 364.9 370.3 372.6 371.1 362.7
459.6 459.6 458.8 450.6 462 470.2 484.5 498.3 508.7 513.8 517.8 514.1 505.3 491 474.9 454.5 439.5 426.7 416 406.5 403.2 416.3 424.4 433.2 441.2 447.6 451.6 454.6 454.4 446.5 435.3 420.6 410.8 402.1 396.4 390.5 385.5 381 379.8 377.1 373 367.7 361.3 355.1 346.3 335.7 325.4 316.4 304.7 301 292.7 281 274.5 282.9 291.4 300.3 309.1 313.8 317.9 324.8 328.3 333.3 337.9 347.4 354.4 359.9 362.9 364.6 366.8 362.2 356 353.2 355 359.9 366.6 368.4 364.7 354.3
