app/static/ascii/NT23.asc
ncols 200
nrows 200
xllcorner 320000
yllcorner 630000
cellsize 50
[rows 140 to 174 of 200, columns 0 to 77 of 200]
266.2 264.4 263.1 262.2 262 261.4 260.6 261.6 269.8 286.2 287.9 264.8 252.9 248 244.2 245.8 266 283.5 287.7 275 262.5 253.7 250.6 252.4 257.6 261.7 277.7 296.6 318.2 340 362.2 385.1 403.9 419.4 432.1 436.8 431.1 417.4 398.5 380.2 360.8 356.7 376.5 402 427.8 453.9 479.8 504.7 526.9 542.9 544.3 536.5 521.2 508.3 507.7 525.3 550.9 574.6 593.2 605.1 613.4 619.3 620.7 617.7 606.4 591.7 577.1 563.8 556.1 565 581.5 599 617.6 637.5 655.1 670.6 683.6 693.5
266.3 264.8 263.7 262.9 262.1 261.4 260.7 260.9 266.4 277 272.2 256.7 249.7 246.3 245.4 255.9 278.2 294 300.3 285.6 271.1 259.6 252.6 253.8 255.8 259.2 264.6 280.5 300.3 321.5 344.8 366.1 383.4 401.4 413.1 417.3 414.3 398.6 378.6 355.3 335.9 350.3 372.6 395.8 421.1 447.6 474.1 498.2 517.5 528.7 523.2 513.1 497.2 478.1 481.4 505.1 531.5 556.8 575.7 588.9 600.2 606.9 605.5 597.5 584.5 569.1 550.9 534 525 543.5 563 582.3 603 624.8 644.3 663.9 681.3 692.8
267.1 265.6 264.2 263.4 261.9 261 260.5 260.9 265.5 269.3 262.4 253.2 249 246.4 248.5 263.5 284.1 303.6 311.2 299 282.2 267.2 257 254.4 255.5 257.9 261.3 270 280.3 301.9 321.2 342 361.2 376.9 391.5 398.5 396.3 380.7 360.2 336.1 328.4 343.5 364.2 387.2 413.9 440.4 465 485.1 501.9 507.1 502.1 489.5 471.1 453.2 461.5 486.5 513.4 539.3 558.6 574.3 586.3 593.5 591.4 575.5 562 545.8 525.8 505.5 500.4 522.8 545.1 564.4 585.2 606.5 628 648.3 666.7 682.8
267.9 266.3 264.9 263.8 263 259.8 258.7 261.8 263.6 261.1 255.8 252.3 247.1 247 256.6 272 294.8 315.3 325.8 312.7 295.6 279.1 267.8 257.6 256.2 257.2 258.8 263.5 271.5 280.4 297 316.2 335.6 352.2 366.6 377 373.2 360.7 343.1 320.3 318.6 330.1 353.2 378.6 402.9 426.9 446.2 462.6 476.6 481.2 477.8 465.4 445 427.7 443.4 468.5 494.3 525.4 543.7 559.2 572.2 580.6 575.7 557.1 539.1 522.4 502.7 479.8 479.6 504.3 525.5 544.8 565.1 585.9 606.6 626.8 645.6 663.7
268.9 266.8 265.4 263.7 261.9 258.4 256.9 257.9 259.3 255.2 254 250.7 246.2 250.7 264.6 283 305.6 329.4 340 324.4 309.7 294.7 280.1 271 262.9 257.8 259 261 265.7 272.6 279.2 291.1 310 326.3 341.3 348.3 345.4 336.8 322.5 308.4 306.8 314.7 337.1 360.8 383.4 402.6 418.5 434.9 447 449.5 449.2 438.7 419.3 410.3 430.8 459.6 490.9 513.2 530.9 544.8 556.9 563.2 557.5 539.8 518.6 498.9 478.6 455.9 460.1 482.9 504.8 523.4 542.5 562.1 582.8 603 622.9 642.4
269 266.9 265 263.4 263.1 258.6 255.9 254.9 254.7 253.6 248.6 247.4 247.5 257.3 272 291.5 316.8 339.4 350.1 342.3 326.7 312.9 296.9 284.2 275.4 266.9 260 261 262 266.5 273.4 278.5 285.3 299.6 310.6 316.2 314.8 307.4 299.2 299 297.8 300.4 315.6 334.9 354.1 371.2 386.3 401.6 412.6 417.8 419.1 408.4 394 398.4 425.5 454.3 480.5 498.7 517 530.9 540.9 543.2 536.2 521.6 502.4 479.8 456.2 434.5 442.8 464.4 482.9 500.5 517.9 537.7 558 578.1 597.8 618.6
272.2 266.9 263 262.2 261.1 259.6 256.7 254.8 253.1 251.9 246.7 246.4 249.2 264.9 279.2 302 327.8 349.9 363.3 358.3 343.3 328.1 313.8 300.9 289.7 281.2 273.9 261.8 262.8 264.1 265.4 274.6 279.9 284.5 288.9 291.4 292.4 292.9 291.3 293.1 294.3 295.8 300.1 308.4 323.6 338.7 353.5 366.1 377.4 386 388.4 377.3 376.3 396.3 422.4 446.9 466.1 484.1 502.1 517.2 522.1 519.9 512.4 499.6 483.8 464.2 441.2 419 426.5 442.7 458.2 474.6 492.3 512.2 531.6 552.1 572.8 594.1
274 267 263.1 260.7 259.5 258 256.7 254.8 252.7 248.3 245.6 247.4 256.4 271.6 291.4 315.9 340.4 362.1 375.6 372.6 359.7 345.4 330.9 318.9 307.8 296.5 287.9 278.4 270 263.7 265.6 266.8 276 279.6 277.4 280.2 283 285 286.3 289.4 292.8 294.4 296.9 299.2 302.4 308.9 320.3 331.3 342.3 352.4 356.6 352.4 375.3 402 420.1 431.5 448.7 467.5 486.5 499.7 498.7 494.3 485.9 475.4 462.3 444.9 423.5 403.5 410 419.9 433.9 449 467.2 486.5 506.4 526.3 547.9 570.7
274.2 267.4 262.2 259.2 258.5 257.1 255.8 254.3 252.4 249.6 245.2 251.5 263.9 282.3 304.9 329 354.4 372.5 384.2 386.3 373.9 360.4 349.4 339.9 328.1 314.5 303 293.8 283.2 275.3 270.4 268.2 268.2 270.9 273 275.7 277.9 281.5 282.8 285.8 289 291.7 293 293.6 293.1 297.7 300.9 304.2 311.8 318.6 326.2 341.3 367.7 384.2 394.9 405.4 428.5 450.8 469.8 476.7 473.5 467.3 458.1 448.5 436.8 422.1 402.4 392.5 402.2 423.2 445.5 467.1 486 497.8 509.1 521.8 537.5 553
275.4 267.9 261.1 258.1 257.2 256.1 254.9 253.6 252 250.8 247.3 256.5 272.1 295.6 323.3 349.2 371.5 384 395.2 400 389.5 376.3 369.3 359.1 346.5 334.5 322.5 309.4 299.9 288.8 282.8 276.6 271.7 270.9 272.1 273.9 275.5 277.1 278.5 281.4 283.9 285 286.4 287.9 291.2 291.5 293.9 296.7 299.8 305.1 310.2 319.4 337.6 350 362.1 380.9 407.2 430.2 448.9 452.2 446.9 439.3 428.9 419.5 410 397.4 380.6 384.9 408.1 431.7 452.9 479.2 503 522.1 537.3 549.2 561.3 575.9
278.4 270.4 264.4 257.5 256.1 255 253.5 252 251.1 250.3 250.3 256.3 279.1 308.3 344.3 371.3 390 397.2 405.2 410 402.4 390.6 384.7 377.6 368.2 356.7 341.5 329.5 319 308.3 300.1 290.9 282.1 278.3 277.2 278.3 275.7 275.9 276.9 278.4 279.8 280.3 281 283.1 285.1 287.1 288.9 290.8 293.8 297.7 300.5 303.2 308.2 318.4 333.4 356.2 380.1 402.7 421.3 423.6 418.7 411.1 400 390 381.1 372.9 372.1 389 412.8 439 462.7 489.2 515.4 539.8 557.5 572.6 586.8 601.2
283.9 274.7 267.8 258.3 255 254.3 252.9 251.4 250.7 250.6 251.1 259.5 287.3 320.9 358.2 387 399.3 407.2 413.2 415.4 412.5 405.5 400.4 391.5 387.4 378.1 364.2 350.9 339.9 330.6 318.3 308.1 297.9 292.6 288.1 285.8 283.6 284.9 286.6 287.1 285.4 284.3 281.5 283.5 285.1 286.4 288.2 289.8 291.4 293.5 295.6 298.4 302 306.9 310 329 351.7 373.2 390.8 393.7 390.3 383.3 372.1 361.8 357.9 363.3 378.2 396.6 420.6 445.8 471 497.9 523.9 549.4 572.4 591.1 608.6 623.9
291.5 279.9 272.6 261.7 254 253.3 252.3 251.4 250.8 251 251.5 262.1 293.1 329.9 368.4 396.2 408.2 412.7 413.4 414.8 415.5 414.1 409.7 401.8 399.2 392.7 385.5 376.3 363.3 351.7 340.6 329.5 320.2 310.5 301.2 294.9 296.6 302.9 309.1 310.7 306.6 297.1 291.6 284.1 285.8 287.2 288.5 289.7 291.3 293.2 295.1 297.7 300.8 303.6 306.9 311.7 324 343.1 358.6 363.2 360.5 355 345.6 351.3 359.5 370.3 384.4 404.5 428.2 450.2 477.3 503.2 527.8 552.7 577.4 599 618.6 637.2
297.1 285.9 274.1 264.6 253.6 252.5 252.3 252.3 252 252 252.2 264.3 295.7 334.1 373.1 394.6 402.5 404.2 406.1 409 412.9 415.2 414.2 412.2 410.7 408 401.9 395.3 387.8 380.3 367.4 354.5 343.5 331.8 317.9 300.7 312.5 327.2 340 341.4 337.7 327.1 312.9 294.8 286.8 287.4 289.2 290.2 291.5 292.2 295.1 297.7 300.2 304.9 307.5 310.3 314.7 320.1 328.4 333.2 334.9 339.1 342.3 360 375.2 384.9 386 405.6 427.5 451.1 474.8 498.8 522.7 545.9 571.8 596.6 619.5 640.5
303.1 289.8 276.1 265.5 252.2 251.9 252.6 253.3 253.2 253 253.2 262.1 294.5 330.7 365.9 375.1 382.5 387.1 392 398.2 405.6 413.7 418.8 419.8 419.4 417.9 416.1 412.3 408.3 401.4 393 379.6 365.2 353.5 334 312 326 345.5 361.6 372.6 368.7 357.3 340.2 321.2 304.2 293.8 289.3 290.7 292.1 292.5 293.9 295.9 298.1 305.2 308.3 312 316.3 319.1 322.8 327 332.5 346.8 362.6 378.2 395.1 406.6 409.4 404.3 423.1 442.2 464.8 487.5 512.6 538.9 565.6 592.4 616.8 641.3
307.2 292.1 277.7 265.4 252 252.2 252.9 253.6 254.4 254.1 254.2 259.8 286.9 317.4 339.2 350.1 359.3 365.3 374.9 383.3 392.8 402.7 413.6 419.3 423.8 425.7 427 427 424.6 418.7 410.7 400.8 390 371.2 347 325.7 333 355.2 373.9 394.5 397.5 385.5 368.7 351.1 332.7 314.8 303.3 291.7 293.8 294.2 295.8 296.4 297 300.4 304.5 309.3 316.4 322.3 325.7 332.5 345.6 361.9 382.2 400 419.2 432.6 436.3 436.5 439.5 444 449.5 476.2 502.4 529.2 556.9 586.3 612.4 638.4
311.8 296.6 280.5 264.9 253.8 252.7 253.4 254 254.6 255.3 256.4 259.3 274.5 297.8 314.4 326 336.7 345 355.3 367 380.4 392 405.4 415.4 424.2 430.6 436.9 441.6 441.5 437.1 430.3 420 407.5 385.9 361.6 339.6 341.2 363.7 384 405.3 417.3 413.6 396.9 378.3 359.4 339.8 325.2 311 303 295.8 297.4 298 298.3 299.3 304.8 312 323.4 331.5 331.6 334.7 353.3 375.7 398.2 418.5 438.4 453.9 458.4 460.9 469 472.5 477.3 482.2 490.1 518.4 549.7 581.7 610.6 635.4
320.7 302.1 283.8 262.2 253.8 253.6 253.9 254.5 255 255.8 258.7 263.4 269.2 284.1 298.3 310.9 321.7 329.2 339.7 352.7 367.3 383.1 397.8 411.8 425.3 435.9 445.9 453 457.2 455.6 450.5 438.4 425.1 404.2 376.7 352.7 351.9 372.7 393.5 414.2 430.1 432.3 422.9 402.9 387 367.9 352 336.2 320.7 305 299 299.7 300.4 300.4 309.2 329.1 336 348.4 347.8 335.5 358.2 381.9 405.5 428 449.4 466.2 474.7 484.7 495.3 500 504 510.2 517.8 524.5 547.3 580.4 610.8 636.4
328.8 306.5 284.8 266.7 254.2 254.3 254.4 254.6 255.1 255.6 257.7 263.7 270.9 279.1 288.7 293.9 312.5 324.4 332.2 340.2 358 375.9 391.7 407.9 425.9 442.3 453.9 465 470.4 472.6 467.2 455.9 441 418.2 393.8 368.5 358.3 383.1 404.8 423.2 439 442.6 439.9 427.9 412.3 396.7 378.9 361.5 342.3 318.2 300.8 302.4 302.8 302.1 312 330.8 354.2 368.1 367.3 347.2 356.1 380.6 403.3 425.4 447.8 468.6 483.5 501.3 517.7 527.4 531.8 537.9 545.2 553.3 557.3 579.9 612.9 640.7
329.9 310.3 287 270.3 254.8 255.2 255.3 255.2 255.1 255.4 257.3 261.8 268.2 284.1 301.6 312.5 319.4 312.1 328.7 338 351.8 368.7 387.6 406.7 425.3 444.4 458.8 470.7 478.8 485.1 480.8 470.8 455.2 433.7 410.3 383.5 364.1 391.9 414.3 431.8 447.2 456.5 456.9 450.9 437.9 426.8 410.2 390.8 366.6 337.9 311.5 304.3 304.6 305.3 312.2 331.9 360.7 385 386.3 364.3 349.8 371.4 395 417.5 440.2 461.5 479.1 502.5 524.9 539.6 552.5 566 573.2 581 589.6 595.8 620.2 648.5
334.1 312.6 292.9 277.5 255.1 255.9 255.5 255.5 255.6 255.7 256.9 258.5 266.8 286.7 307.5 322 334.4 332.8 331 335.4 350.9 365.8 385.3 404.8 424.7 444 460.3 474.7 485.6 493.6 492.7 483.7 469 448 424.5 398.7 374.2 397.8 420.7 438.1 454.4 466.2 469.7 465.3 456.1 444.5 432.3 406.5 379.9 350.2 321.5 305.4 306.8 307.9 311.5 330.9 362.1 396.3 402.5 383.6 362.4 362.2 381.9 405.5 428.9 451.6 473.3 497.8 523.6 543.6 565 580.8 596 608 618 627.7 639.4 657.4
346.8 321.4 306.2 279.6 261.5 256 255.8 255.9 256 256.2 256.6 256.9 269.6 290.2 311.8 331.4 343.3 347.2 348.4 346.3 349.1 364.4 384.2 402.7 421.4 441 460.3 474.9 487.4 495.9 499.4 493 479.4 459.7 436.8 413.7 390.6 404.7 424.9 444.9 462 475.6 480.7 476.5 468.1 455.3 440.2 414.6 384.3 355.5 327.8 314 309.5 310.2 314.5 326.6 360.7 397.2 420.3 404.8 384.4 359.2 368 391.2 417.5 440.4 465.8 489.9 516.9 541.5 562.3 583.2 601.6 616.9 629.3 641.5 653 663.3
358.9 331.7 309.6 285.1 266.4 259.2 256.6 256.8 256.9 256.8 256.9 256.8 275.9 295.6 316.8 338.6 351.2 358.7 363 362.9 359.2 364.1 380.2 399.1 417.5 437.2 456.1 472 485.3 495.2 499.9 497.5 485.9 468.7 452.3 430 409.5 411.6 434.5 453.5 469.5 482.9 489.6 485.5 477.5 464.1 445.6 420.6 390.4 359.5 331.9 317.1 311.6 313 318.6 328.6 357.1 395.3 432.2 425.6 405.9 383.8 364.2 379.6 405.8 430.6 455.6 482.1 509.4 535 557.8 579.1 598.7 614.7 631.3 647.7 657.7 663.9
370.1 345 314.2 286.9 268.1 259.6 257.5 257.5 257.4 257.4 257.5 261.5 281 302.3 323.9 343.4 357.2 366.6 374.4 376.7 377.3 367.7 376.5 393.4 412.2 431.4 448.6 467.4 480.9 491.2 498 498.5 488.8 475.5 463.9 445.6 428.2 419.1 441.9 459 477.6 488.7 494.4 491.6 483 470.2 448.4 421.4 393 365.1 338.1 320.8 314 315.1 321 332.8 357.6 394 433 443.6 423.7 401.7 378.3 375.9 397.6 423.2 449.5 476.7 503 528.6 551.9 573.3 592.4 610.8 628.9 643 653.7 655.6
376.2 347.2 315.9 284.6 268.1 258.8 258.5 258.3 258.1 258 258.2 265.3 284.9 306.5 330 349.4 364.6 377.1 386.4 389.1 391.7 387.7 374.7 388.9 405 422.6 440.5 458.9 474.4 485.7 494.3 497.2 493.1 483 473.6 463 447.7 431 445.8 465.9 481.8 492.5 497.7 495.6 486.1 473.1 450.2 420 391.4 365.6 342.3 323.6 320 319.5 325.1 336.9 362.1 396 435.7 452.8 439.2 415.9 392 374.6 393.4 419.4 445.3 470.3 496.6 521.4 545.7 567.3 586.4 604.5 620.2 632.1 640.6 642
368.5 340.6 311.4 280.9 264.1 258.6 258.6 258.7 258.7 258.7 258.5 269.6 289.7 312 335.2 358.6 372.6 383.8 393.2 401.6 406.7 400.9 394.7 392.9 394.9 409.3 429.7 450.2 467.4 481 492 499.2 499.5 494 487.1 477.8 462.4 448.3 451.4 470.9 484.9 494.7 499.6 498.1 488.8 475.1 449.8 417.3 388.1 362.9 342.6 327.9 320.2 322 326.8 339.6 363 398.8 436.7 458.7 450.3 428.3 404.1 380 390.5 414.6 439.1 463.6 488.9 513.8 539 561.4 580.9 596.2 609.5 619.7 626.8 628.8
358.8 328.8 299.5 275.9 260 259.5 259.5 259.6 259.7 259.7 259.1 275.6 296.6 319 341.5 362 377 389.1 401.4 415.7 421.5 417.7 413.2 406.2 407 405.9 418.1 439.1 460.2 478 493.2 500.3 502.7 499.9 496.4 489.5 477.1 467.7 459.9 477.6 488.6 496.4 501.2 500.2 490.2 475.7 446.2 413.2 383 361.6 345.5 333.4 326 325.4 329.8 340.5 366.5 401 436.8 458.1 459.6 439.2 415.3 389.8 388.5 411.7 436.5 460 483.2 506.6 530.3 552.1 571.2 585 596 604.3 611.3 613.5
345 317.4 291.5 272.5 260.3 260.2 259.8 260.1 260.3 260.5 264.1 284.1 304 328.3 347.5 366.4 383.7 396.6 411.2 425.7 433.3 433.4 429.6 422.2 420.2 417.8 417.9 432.6 457 476.8 491.4 500.8 505.6 507.1 506 501.6 494.2 489.3 478.9 485.1 495.5 500 503.1 499.8 490 473.7 440.1 409.8 383.6 364.1 346.8 339.7 332.2 329.2 332.1 343.2 369.5 402.9 437.5 459.4 464.6 448.3 424.5 400.6 391.9 407.1 430.1 453.2 475.1 498 519.5 539.3 556 569.8 579 586 592.8 595.5
330.9 303.3 282.1 267.3 260.5 260.6 260.6 260.4 260.2 260.4 272.1 292 316.9 337.9 355.6 373.3 391.6 405.6 418.8 433.2 445.6 448 445.9 441.7 438.6 435.3 433 436.5 453.3 475.1 491.5 502 509.3 514.5 515.1 512.8 508.1 504.1 498.4 497.8 501.3 505.2 505.3 501.2 493.6 474.2 439.8 408.9 386.7 364.9 352.6 344.7 335.7 331.9 336.7 353.4 377.7 410.4 444.3 465.7 471.2 457.1 433.3 409.1 398.5 402.5 420.6 443.9 465.3 487.9 506.3 524.8 540.7 551.7 558.6 565.8 572.6 577.1
316.1 291.5 276.9 262.8 261.4 261.1 260.8 260.9 260.7 262 280.2 302.2 326.9 346.7 363 380.2 397.9 413.3 427.1 443.4 456.6 459.1 461.5 457.8 454.6 451.8 448.1 440.9 463 482.3 497.9 507 515.5 520.3 522.6 521.4 518.3 516.6 513.9 510.4 508.6 508.9 509.2 505.1 497.2 468.5 437.6 412.3 390 370.9 360.3 347.6 339.4 334.7 344.5 363.7 389.9 418 451.6 472.7 478.7 465.4 441.4 415.8 408.1 413.8 413.5 438.2 458.7 477.6 491.5 506.5 519.3 530.7 540.1 548.2 555 560.7
301.5 282.4 270 262.1 262 261.8 261.6 261.4 261.2 267.8 289.1 312.3 334.9 354 369.9 389.5 404.5 420.5 436.3 452.6 464.9 470.8 477.1 473.3 472.4 467.6 462.1 462.4 469.4 488.5 503.7 516.7 524.7 529.7 532.6 530.5 529 527.4 523.7 520.5 516.4 514.6 513.4 508.9 495.5 465.8 437.2 413.6 393.5 375.3 365.1 355.9 345.9 340.5 355.7 377.2 403.7 432.4 461.8 478.8 485.1 472.8 447.9 423.1 417.6 431.5 431.5 430.6 446.9 461.5 473.6 485.9 498.5 511.6 522.7 533 539.7 545.9
290.5 276.5 264.4 262.1 262.1 261.8 261.4 261.2 263.1 277.3 301 323.9 344.1 361.1 377.3 396.4 411.7 429.5 444.1 460.6 474.5 483.4 488.1 493.2 489.1 486.1 482.8 480.5 477.7 496.4 511.5 525.2 534.4 538.8 541 541.9 541.9 538.7 533.7 530.6 526.6 522.1 518.8 513.3 495.7 465.5 437.5 415.6 396 376.6 374.2 368.4 355.2 345.1 365.5 389 417.2 444.9 468 484.3 491.2 479.4 455.2 425.4 427.5 443 456.9 460.9 461.3 465.5 470.9 478 481.2 493.3 504.4 516.1 523.3 528.6
282.5 272.4 263.4 262 262.1 262.2 262.3 261.9 270.2 289.3 310.9 333 352.1 369 387 403.4 419.9 435.3 451.8 468.1 482.5 492.5 504.2 510.9 509.5 506.7 503.4 500.4 501.1 504.2 520.6 532.9 542.1 546.7 549.5 550.6 550.7 547.8 542.9 540.1 535.6 531 525.8 517.2 494.9 463.4 438.7 418.1 403.6 395 390.2 378.5 362.4 346.3 369.6 397.8 426.4 450 472.7 487.4 494.4 485.3 461 432.8 434.9 453.7 469.1 480.9 490.3 492.6 496.3 502.7 509.2 516.9 525.5 529.7 535.4 543.3
276.3 269.1 263 263.2 263.3 263.4 263.3 264.7 281.3 301.5 322.7 344.3 363.5 379 394 409 424.6 440.5 457 474.3 491.8 506.6 520.8 526.5 528.3 527.3 524.3 522.9 520.4 515.8 528.2 540.2 548.7 553.7 556.7 558.3 558.1 555.8 552.3 548.1 545.1 539.5 532.3 520.7 495.2 465 442 429 422 413.9 405.4 393.3 373.2 349.1 373.3 400.7 430.3 453.7 475.2 490.4 497.5 492.8 468.7 445 437 458.9 475.1 493.6 507.3 516.1 522.4 530 536.2 542.5 551 555.8 561.1 569
272.1 266.7 263.8 264.2 264.4 264.7 265.1 271.7 290 313 334.5 354.6 371.7 387 402.3 416.1 431.1 448.8 465.9 484.3 506.4 523.7 536.7 543.5 543.3 544.5 544.7 542.9 538.8 537.9 540.5 547.7 554.1 559.1 562.1 564.2 564.5 563.1 559.8 556.6 551.8 546.2 538.5 527.1 501.4 474.3 458.7 451.8 442.4 431.7 420.9 408.6 386.5 357.3 373.5 401.3 429.6 454.4 476 492.6 501.3 497.5 482 459.5 439 461.8 481.9 499.3 518.1 532.9 544.7 555 563.2 568.6 573.7 582.8 587.2 595.6
