app/static/ascii/NT26.asc
ncols 200
nrows 200
xllcorner 320000
yllcorner 660000
cellsize 50
[rows 35 to 69 of 200, columns 0 to 78 of 200]
156.2 158.5 159.9 158.4 158.3 158.6 158.7 159.8 160.5 160.7 160.5 160.5 160.1 158.5 145.8 146.9 153.5 152.7 152.3 150.6 149.9 149 147.9 149.3 148.6 147.3 146.4 146 145.7 145.6 145.3 144.7 144.7 144.5 144.2 143.7 144.1 142.2 144.7 146.1 145.9 145.4 148.1 148.9 150 151.6 151.9 153.5 154.5 158.5 160.6 161.1 161.7 162.5 164 165.6 165.6 166.7 167.4 170.1 170.7 169.8 162.6 170 170.3 170.3 170.6 171.1 171.1 169.2 168.3 167.2 166.2 165.2 162.5 164.2 165.8 166.9 168.5
159.9 162.6 163.1 163.3 164.2 165.3 166.2 167.1 167.5 167.1 165.7 162.7 160.6 158.2 155.7 154.4 148.9 155.8 152.5 153.3 154.9 153.8 151.9 151.3 150.6 149.6 148.6 148.2 147.5 147 147.3 146.8 147.1 147 146.9 146.1 145.7 143.4 145.7 147 148.4 148.2 150.2 152.1 154.6 156 155.2 155.6 157.6 160.4 161 161.1 160.9 162.2 163.9 164.7 165.4 165.7 165.1 166.1 166.9 166.6 165.3 168 168.2 168.7 168.7 168.6 168.4 168 167.6 166.9 166.1 165.2 164 162.9 164.6 166.5 167.8
164.3 166.4 167.2 168.1 170.9 173.6 175.8 175.1 170.8 165.3 162.8 160.2 159.4 160.1 161.6 161.3 161.4 151.3 151.4 159.7 156.3 155.1 154.1 153.2 152.3 151.6 151.6 151.3 150.9 150.4 149.8 149.7 149.8 149.7 149.8 149.1 147.9 144 148.2 148.7 149.1 149.4 149.3 152 155.6 155.8 156.1 156.4 159 160.6 161 161 160.7 161.7 163.4 163.7 165.3 164.1 163.7 164.9 165.8 165.8 165.7 165.3 166.2 166.4 165.6 165.1 165.2 164.5 164.4 164.4 164 164.5 164.1 161.1 162.5 165.1 166.2
169.3 171.2 173.4 175.6 178.4 178.2 176.3 173.3 169.5 169.3 174.9 179.6 181 177.4 174.4 170.1 167.4 163.2 160.1 152.7 152.7 158.7 157.7 154.9 153.9 152.9 152.7 152.5 151.7 152 152.5 152.2 152.1 152.1 151.9 151.7 145.9 151.7 151.1 150.9 150.6 150.7 149.7 150.6 155.8 156.5 156.9 157.3 159.1 159.7 159.8 161.1 162 162.8 162.6 162.3 162.5 161.7 161.3 160.6 159.9 159.3 160.1 161.4 161.8 160.8 160.8 160.9 160.6 160.7 160.6 160.5 160.7 161.2 161 160 162.1 163 164.1
176.4 176.8 176.8 176.7 177.2 176.1 176.2 177.5 184.2 190.2 187.7 184.8 180.5 175.7 171 166.7 164.1 161.4 160.8 159.8 158.4 157.1 152.8 152.4 152.1 159.2 156 152.6 153.2 153.7 153.4 153.3 153.2 152.8 152.9 150.2 153.1 153.8 153.2 153.1 152.9 153.6 152 152.1 156.4 157.1 157.7 158.3 159 159.6 160.1 160.6 160.8 160.7 160.6 160 157.7 156.9 158.4 162.5 164.6 163.2 164 162.7 161 159.3 158.5 158.7 158.6 158.5 158.7 158.3 158.2 158.7 158.8 159.5 158.6 158.9 160.8
177.9 177.6 177.7 177.6 178.1 177.8 178.7 183 184.6 185.7 183.2 179.2 174.7 169.3 165.1 164 161.2 158.4 159.9 159.4 159 158.7 158 156.9 157.1 156 151.1 151.2 151.8 152.3 152.9 154.4 156.1 156.6 155.8 146.2 154.7 155.4 154.7 153.2 152.5 153.6 154.7 155.6 156.4 156.6 156.1 158.2 158.9 160 159.2 159.6 159.2 160.3 161.2 161.9 166.4 167.7 167.7 166.6 165.9 164.5 163.2 161.9 160.3 158.6 157.3 156.8 156.3 155.9 155.4 154.9 154.4 157.1 158.3 158.1 157.6 156.7 156.8
179.6 179.2 179.3 179.1 179.6 180.4 179.2 180.5 178.7 177.4 175.2 172.3 168.4 166.3 164.6 163.4 163.1 161.6 161.3 162.7 163.8 164.2 164.7 164.8 164.2 163.2 161.6 160.6 159.8 159.3 158.6 158 155.6 149.9 148.6 154.5 156.3 156.6 156.6 157 157 156.8 156.5 156.5 157.5 156.4 157.1 159.2 160.5 160.5 159 159 160.2 161.4 162.2 163.1 167.3 168 168.3 168.1 165.3 164 162.8 161.9 160.9 159.6 158.3 157 156.3 155.7 155 154.5 154.1 153.6 153.3 153.2 153.1 153 153.2
181.9 181.4 182.4 185.5 187 186.1 182.2 193.8 192.5 173 172.9 171.9 171.2 170.1 171 171.9 172.4 173.3 175.4 175.4 174.5 171.6 170.2 168.3 165.9 163.7 162.5 159.7 158 157.6 158.6 156.9 152.5 150.1 155.6 157.5 158 158.1 158.3 158.6 158.3 158.1 158 158.8 159.5 160 160 160.2 160.8 160.5 161.3 161.3 162.3 163.6 165.3 166.3 168.5 171.2 171.4 171.2 164.7 163.2 162.6 162 161.1 160.2 159.4 158.3 157.3 156.4 155.8 155 154.2 153.8 153.6 153.6 153.7 153.7 153.6
183 185.9 190.1 193.2 194.6 187.8 187.3 194.5 202.1 200.1 187.6 184.5 182.3 180.5 180.5 180.8 179.8 178.4 178.8 175.8 170.2 166 164 162.4 161.6 158.8 156.9 157.4 154.7 154.3 154.3 153.6 150.3 154.9 157.4 158.5 159 159.3 159.6 159.8 159.7 159.7 159.9 161.5 161.9 162.5 162.4 161.4 161.1 163 164.6 165.7 167.9 169.4 170.6 171.5 172.2 171.7 171.3 170.9 169.9 169.3 167.7 166.4 164 162 161.5 160 159.3 158.6 158 156.8 155.8 155.1 154.7 154.5 154.5 154.4 155.1
190.6 193.1 196.4 196.9 194.3 194.2 180 197.6 225.8 224.2 217.7 212.8 203.7 190.9 187.3 182.5 178.1 175.1 172.1 169.1 165.9 163.8 161 160.3 159 158.5 159.7 159.9 159.4 156.9 154.2 153.8 155.5 157.9 159.2 159.8 160.3 160.8 161.2 161.6 161.9 162.3 162.8 164.6 165.6 165.1 165 165.5 165.7 165.9 168.9 170.2 173.2 175.5 175.6 176.8 177.3 177 176.6 176.2 176.4 175.6 173.7 172.9 169.7 166.1 165.9 164.2 163.4 162.6 161.4 160 158.6 157.8 156.7 155.7 155.4 155.1 156
202.3 209 196.2 194.7 182.6 181.7 197.1 240.5 239.6 231.4 222.6 214.7 200.1 189.3 181.1 178.1 175 171.4 168.1 164.7 164.6 163.4 162.6 161.4 161.2 161.9 162.9 163.3 163.4 161 160.2 159.7 160.1 161.8 162 163.3 163.6 163.5 164.2 164.4 165.7 166.6 166.1 167.3 168.9 168.2 167.7 167 165.5 171.4 174.2 174.9 178.5 180.5 180.4 180.6 179.2 179.8 179.5 178.4 178.3 177.5 176.1 176 174.6 172.5 170.3 169.1 169.9 169.4 167.6 165.8 163.5 162.3 160.8 159.4 157.5 156.9 157.5
213.2 221.6 201.1 228.9 251.1 258.1 254.7 247.7 242.8 231.2 217 199.6 200.4 185 175.5 171 171.1 171.3 172.1 173.3 168.9 168.4 168.7 167.3 163.8 165.6 165.8 166.9 166.7 166.4 166.5 166.9 167.3 168.6 168.8 169 170 170.4 170.2 170 170.7 171.5 170.9 170.9 172.4 171.2 171.5 170.2 169.2 171.7 175.5 176.9 179.3 179.3 179.8 180 178.5 179.2 178.7 176.8 176.7 178.5 176.3 176.1 177.6 180 187.2 190.3 185.5 181.5 176.9 173.9 171 167.9 166 164.7 162.8 161.4 161.3
213.5 228.4 244.1 255.7 257.8 254.3 251.6 247 237.4 225.2 203.3 197.9 197.9 197.2 183.4 186.4 181.8 179 179.3 177.6 176.2 175.6 174.9 172.4 170.2 169 171.1 171.8 171 174 175.1 175.1 176.8 177.3 177.4 177.7 178.5 177.9 176.9 176.9 176.9 176.2 175.9 175.8 175.9 174.6 174.9 172.6 170.7 173 175.8 177.6 178.4 178.5 178.5 178.6 178 177.7 177.1 177.5 179.3 182.8 180.9 179.9 183.5 184.2 187.8 195.1 197.8 199.4 193.8 188 181 177.1 174.2 171.9 170.3 167.4 164.4
215.8 244.7 250.4 260.9 258.9 254 249.7 241.1 231.3 213.2 197.9 197.9 197.9 197.9 206.3 206 199.8 193.1 188.5 187.9 184.2 183.4 180.5 173.4 172.6 171.8 174.8 175.1 178.8 190.1 190.9 193.7 193.3 190 188.3 188.3 187.4 185.8 185.2 184.1 184 183.4 182.4 181.4 180.2 178.5 176.9 175.7 174.4 176.7 178.6 181.4 181.3 180 179 179.4 179.1 180.5 180.5 181.8 183.5 187.6 188 189.5 194 192.7 190.9 188.5 184.9 186.2 185.9 183.9 183.5 186.1 181.8 176.5 172.1 170.8 166.8
231.9 267.4 264.7 262 256.9 251.5 244.3 236.2 224.4 203.6 197.9 197.9 207.5 216.4 220 224.3 218.1 204.1 199.7 199 194 189 183.3 179.1 176.6 177 179.2 181.7 186.6 197 204.5 209 208.7 203.7 200.1 199.2 197.7 197.2 196.5 195.7 195 194.9 192.7 190.7 185.7 186.8 182.6 180.6 180.3 182.1 182.7 184.5 185.2 183.6 185.7 186.6 187 187.5 188.3 190 191.8 193.2 194.9 195.4 198.7 198.9 199.1 198 194.8 188 185.3 180.5 179 178.6 175.9 174.1 171.4 171.1 170.2
271 267 263.2 259 253.5 247.9 240.2 231.1 213.3 197.9 197.9 204.3 214.1 225.9 231.8 235.1 235.4 221.6 210.2 202.8 194.3 188.6 186.9 179.2 181.7 194.1 198 197.9 208.1 226.4 233.2 235.6 231.2 220.4 219.1 216.5 215.2 214.6 214.8 213.1 211.7 209.4 205.5 205.7 194 196.3 195.1 192.5 190.4 189.8 190.6 191.3 191.7 191.7 192.6 193.5 192.7 192.4 193.2 195 197.3 201.7 203.7 205.2 207.1 206.6 206.1 204.1 200.7 196.3 189.8 183.8 183.9 180.9 178.1 175.3 174.4 172.8 172.6
268.9 264.2 260.9 257.5 251.4 244.1 236.7 222 203.4 197.9 204.1 211.3 227.7 237.9 248.7 241.9 230.6 217.2 208.4 201.5 196.4 195.1 190.2 190.9 197.4 208 216.8 223.4 224.9 229.4 243.9 245.4 250.5 238.6 236.7 234.8 233.5 235.3 235.6 233 229.7 225.4 220.3 213.5 202.1 207.5 204.4 201.9 199.3 197.5 197.6 196.7 197.4 197.2 198.4 198.9 197.6 197.7 198.8 204.8 204.6 210.6 216.1 222.4 222.1 220.6 218 211.4 205.9 199.7 190.8 197.6 194.8 190.9 186.4 183.6 180.7 177.9 176.3
266.6 261.5 258.3 254.6 248.9 240.4 229.5 207.7 197.9 199.5 227.8 238.4 242.2 244.6 238.4 228.2 220.1 218.5 214.5 211.1 207.8 203 197.6 207.4 214.2 219.7 228.3 235.9 247 255.7 254.5 267.3 270.2 261.7 261.2 260.5 258.1 254.2 248.7 242.5 237 231.7 226.3 217.2 212.9 211.7 209.3 203.3 203.9 204.4 204 203.1 202.8 202.9 205.8 206.1 206.1 208.7 215.7 220.9 235.1 243.8 246.7 244.4 239.6 232.7 226.3 217 209.9 203 205.2 204.8 202.2 200 196 192.9 191.9 188.8 186
263.7 258.8 255.2 252.1 246.4 238.1 218.9 197.9 203 218.9 222.7 223 229.5 229.2 226.5 221.4 223.8 230.5 226.1 214.9 216.3 204.3 214.2 224.7 231.1 242.4 258.7 271 283.1 286.7 286.5 286.9 287.6 285.4 278.1 273.1 268.1 262.2 255.2 247 240.3 235 224.5 220.7 218 214.3 211.5 203.7 208.8 210.1 211.1 211.7 211.3 212.3 213.7 214 218.2 224.5 230.1 241.6 259.6 270.7 272.3 268 254.1 242.2 228.1 225 219.1 218.2 220.7 216.6 212.8 210 206 201.8 198 195.5 192.7
260.2 255.6 252.7 248.8 242.6 236.4 204.7 197.9 227.2 227.4 221.2 221.3 231.2 233.8 234.1 231.5 235.3 235.8 232.1 222.6 225.1 213.3 226.2 237.6 248.2 263.9 275.4 289.7 301 306.9 309.7 306.2 300.1 294.9 287.6 280.9 273.1 264.6 255.2 247.2 241.7 236.9 231.2 225.3 221.1 216.9 212.2 212.2 213.3 215 217.3 218.8 219.4 220.2 223.5 227.6 237.4 251.9 263.5 267.3 269.9 270.5 271.6 260.9 248.8 234.6 226.2 223.2 224.9 227.2 232.3 230.1 227.1 217.1 212.4 208.3 204.8 201.1 198.6
255.8 253.9 250.6 244.4 238.5 220.1 197.9 222.5 238.7 236.4 233.3 233.1 242.8 243.8 243.4 244 245 244.6 241.8 235 234.4 221.3 235.8 255.9 261.2 269.6 287.8 297.8 309.7 315.5 316.1 311.4 305.1 296.9 289 280.2 272.2 263.9 259.1 253.5 246.8 241 235.2 227.9 221.9 218.6 211.8 217.6 220 223.1 226.6 228.2 231 231.8 240.8 246.4 253.1 261.9 270.5 276.8 279.2 274.6 258.3 250 239.5 229.8 235.1 233.9 233.7 232.6 234.5 235.3 230.4 222.6 218.5 214.7 209.7 206.2 203
250.7 248.6 244 238.9 227.3 206.2 197.9 221.8 237.9 240.3 244.3 251.7 253 254.3 253.7 252.6 252.7 252.5 248.3 245.9 244.8 231.8 244.3 261.7 267.3 277.9 295.9 302.3 314.4 316 316.9 311.1 302.3 292.9 287.9 282.1 276.9 271 265.8 260.8 253.5 246.4 236.7 229.1 223 220.7 222.1 224.1 228.6 233.7 237.2 241.6 245.4 241.8 255.2 260.4 266.8 271 274.5 277.6 277.1 274.3 259.2 248.3 240.1 239.2 241.6 251.6 253.2 250.8 244 243.1 238.6 229 223.1 217.5 214.5 211.1 206.9
245.8 241.4 237.6 234.1 227.6 217.2 212 197.9 212.7 225.6 241.7 247.5 248.1 255.4 255.8 256.5 258.5 256.9 252.9 253.3 252.8 245.4 247.3 261 273.6 279.9 290.2 294.7 300.6 308.5 309.7 305.2 299.4 295.5 291.4 287.2 282.4 277.4 271.8 266.8 259.4 248.1 238.1 230.2 225.5 225.5 230.6 239.2 245.2 252.2 258.7 265.6 261.7 261.1 271.8 276.7 277.7 277.7 276.7 274.3 267 260.7 254.4 245 240.5 246.5 253.8 258.9 267.5 264.8 258 255.7 250.9 242.4 232.4 224.6 220.6 218.5 214.3
243.8 238.9 236.9 234 232.2 231.1 223.9 210.3 220.8 222.5 232.1 239.1 244.8 249.6 254.6 258.6 260.4 260 259.5 259.9 261.6 253 261.7 273.6 280.9 285.1 290.4 295.9 301 308.8 308.1 304.6 302.8 299.8 296.9 292.3 287 283.9 280.2 274.1 266.4 252.2 240.4 232.2 230.5 239.3 250.5 264.2 271.4 277.4 281.7 284.1 277.1 283.2 282.2 290.1 296.8 300.4 293.8 286.1 277.4 259.5 248.6 246.1 249.3 253 259.9 266.5 271.7 282.1 275.8 267.8 263 254.6 242.8 233.4 228.5 224.8 216.5
241.8 239 236.9 234.3 232 229.9 217.4 219 231.8 235.8 239.7 242.6 247.7 252.1 256.6 260.8 264.1 267.7 268 268.6 269.5 253.3 270.7 280.3 286.7 291.8 296 299.5 305.5 310.7 310.8 309 307.7 305.9 304.4 303.2 298.5 296.1 291.7 285.8 274.4 255.1 242.1 234.7 242.2 261.1 280.9 298.3 305.1 307.7 307.9 290.4 290.3 288.8 303.3 316 317.6 312.5 298.6 285.1 270.6 255.3 252.9 251.9 255.5 256.9 266.1 277.1 284.1 283.1 285.4 281.1 271.1 262.6 252.7 242.1 235.6 229 226.5
240.2 237.5 235.1 232.3 229 221.8 219.1 231.4 234.9 239.3 242.3 246.1 250 254.8 259.6 264.3 269.4 272.8 272.6 274.5 278.5 262.2 278.3 285.7 291.9 296 298.2 303.3 309.7 312.3 314.1 314.2 312.7 311.9 311.4 311 310.2 306.4 302.8 293.6 279.9 255.8 240.3 241.5 257.6 284.7 320 328.6 330.4 325.4 317.5 305.3 304 299.7 306.3 316.4 317.3 305.1 291 277.8 264.3 263.6 265.3 266.9 264.2 264.4 270.5 286 297.8 297 294.1 291.8 287.2 271.3 257.7 249 240.9 234.9 234.6
237.9 235.2 234 234 226.5 224.2 231.8 234.7 237.5 242.2 245.2 249.4 253.9 259.5 264.3 269.9 275.1 278.7 280 278.7 283 281.8 277.3 288.9 294.7 299.1 303.4 310.4 314.5 318.2 319.7 320.3 319.1 319 317.2 317.3 316.4 315.4 310.4 297.9 278.4 255.2 242.2 252.4 274.5 311.5 339.3 343.8 339.6 331.2 323.7 318.2 316.3 312.4 312.2 316.6 311.3 303.8 291.3 278.8 271.3 273.3 285.2 293.7 284.6 274.7 286.8 297.7 306.2 307.8 302.1 295.3 287 274.2 262.4 254 245.7 241.2 245.1
234.5 234 234 234 234.4 233.4 236.9 239.9 241.2 246.1 249.8 253.4 257.9 262.9 269.5 275.9 281.3 283.5 284.6 285.2 288.3 290.1 277.6 293.9 298.9 304.5 311.2 316.3 321.7 324.1 324.8 324 323.6 323.9 324.9 325.6 325.8 323.7 314.5 296.2 275 253.5 252.6 265.5 287.5 326 347.6 349.6 344.5 337.1 330.5 325.6 323.5 320.7 321.2 323.5 318.7 312.8 301 289.1 284.2 288.5 302.6 309.3 298.9 284.3 293.4 313.6 322.1 321.9 312 301.7 290 277.8 267.8 254.6 246.5 252.7 258
234 234 234 234 235.1 238.6 241.1 243.9 247.1 250 254.8 259.2 263.9 268.4 274.8 281.5 287.3 290.9 292.1 291.9 293.7 296.1 291.8 299.8 305.6 314.1 321.9 325.5 326.8 327.5 327.3 328 330.8 332.3 334.9 335.6 334.7 328.9 314.1 294 269.7 254.8 262.4 276.4 300.9 336.6 355.3 358.1 349.1 341.8 337.5 337.8 334.1 329.4 336.1 338.4 336.7 336.1 318 300.4 301.4 304.8 317.1 318.3 308.6 292.6 301.6 323.7 323.8 331 321.4 305.4 291.4 280 267.6 256.7 258.6 264.1 268.7
234 234 234.9 234.9 239.7 243.1 246 248.2 252.3 256.5 259.7 264.3 269.9 276.6 283 289.6 294 296.3 297.7 297.3 301.3 304.7 302.2 297.3 310.4 319.8 326.1 326.1 326.4 328.1 331.1 334.5 338.5 342.4 344.5 344.9 340.7 328.8 312.1 290.5 270 262.8 272.5 290.9 320.5 337.6 348 350.2 354.3 352.9 352 353.7 350.7 352.7 356.1 362.9 365.6 345.4 317.1 315.7 313.2 317.5 329.3 332 326.3 306.2 315.1 323.1 329.6 338.2 341.3 321.2 299.1 283.3 270.5 263.8 269.7 276.7 282.5
234 235 240.4 242.2 243.9 247.5 250.5 253 257.6 263 266.3 271.7 278.5 283.6 289.3 294.6 299.6 301.7 302.1 301.7 304.7 309.1 309.3 301.7 311.9 318.7 323.9 324.7 326.6 328.6 333.4 339.7 344.6 347.5 349.2 347.3 342.7 330.4 308.6 287.3 273.9 271.3 283.3 309.6 334.2 347.7 357 368.8 369.3 367.5 370.7 371.5 374 381 389 383.9 369.2 348.6 326 331 332.4 334.4 337.1 345.6 340.1 327.1 324.7 329.3 339.5 337.8 339 325.9 304.9 287 274.3 274 277.9 280.3 281.5
234.9 238.1 243.5 247 248.2 251.4 255.6 256.7 262.8 268.4 273 279.4 283.8 289.2 295 300.5 305.3 307.1 306.9 306.8 308.5 311.4 313.3 312.9 313.6 320.1 323.8 326.1 327.2 331 336 343.8 348.7 352.8 352.4 349.7 343.1 331.7 315.2 294.9 282 280.5 293.6 324.2 339.5 357.4 367.8 380.9 387.1 382.9 384.2 395.8 396.6 398.6 394.5 386.7 369.9 349.2 342.8 353.2 347.9 347 351.2 353.3 347.3 337.8 341.7 342.5 344.5 342 331.2 318.1 299.4 286.7 284.7 282.6 284.5 286.4 284.8
240.3 243.4 246.4 250.8 253.8 256 260.4 264.7 268.9 274 279.6 285.2 289.8 294.1 300.7 306.5 311.3 311.7 311.6 311.2 313.4 316.9 319.1 318.5 314.1 321.5 325.4 327.6 330 335.4 343.7 349.7 354.6 358 356.5 355.1 350.9 341.2 323.1 304.6 289.5 289.5 300.5 318.5 338.6 361.3 376.2 391.7 396.1 393.8 395.8 406.6 412.2 407.9 401.6 395.5 382.6 364.7 358.5 370.1 375.7 369.4 369.9 364.5 364.3 353.6 356.3 357.9 346.8 338.2 325.6 309.2 299.9 295.3 294.8 292.2 293.2 293.7 291.1
244.8 245.2 251.5 256.4 260.3 262.8 265.7 269.9 275 281.1 285.6 289.8 294.5 300 306.5 311.1 314.6 316.1 315.4 316.9 319.4 322.3 323.6 323 321.3 317.5 325.6 329.5 333.9 341.7 349.9 356.8 361.4 366 367.3 366.2 362.4 354.3 335.1 313.9 300 294 303.7 319.7 343.8 366.5 384.7 398.3 405.2 409.7 412.8 416.7 415.7 411 408.4 397.9 386.6 374.9 370.7 386 381.6 378.2 379 378.3 374.5 366.8 375.7 379.7 367.2 350.5 332.2 319.7 309.3 308.3 309.1 310.3 306.6 302 299.7
250.6 249.5 259 263.9 266.3 269.5 271 274.2 280.9 285.5 288.6 293.3 297.3 305.3 312.2 315.8 318.8 321.2 321.5 322.9 324.9 327.8 328.1 327.8 326 322.5 326.7 331.6 338.5 347 354.3 363 367.8 374 379.7 383.9 382.6 371.7 354.3 332.9 313.5 300.7 308.4 322.9 346 371.1 390.6 405.4 414.7 422.5 424.6 422.6 419.3 416.2 411.6 402.9 402.7 402.4 386.8 391.8 399.1 395.8 390.6 385.9 377 386.1 396.8 403.2 392 366.4 342.7 328.8 321.8 320.5 323.9 322.7 315.1 310.5 308
