app/static/ascii/NT30.asc
ncols 200
nrows 200
xllcorner 330000
yllcorner 600000
cellsize 50
[rows 35 to 69 of 200, columns 0 to 77 of 200]
393.3 392.4 391.3 389.7 386.9 384.6 381.2 378.5 375.2 372.9 371.3 370.1 367.8 363.1 359.1 361.8 365.1 369.7 375.9 384.6 392.4 401 408.1 413 415 414.9 412.3 409.6 405.9 401 395 389.3 384.1 379.8 376.4 369.9 360.7 355.9 355.6 352.2 349 345.4 346 344.7 343.3 345.1 344.3 343.4 340.3 339 330.6 343.6 350 357.3 362.1 370.3 374.5 373 370 365.4 356 342.9 331.9 324.2 319.1 312.7 307.4 303.3 297.8 299.1 299.1 296.6 294.4 291.5 286.1 280.8 274.9 268.7
387.9 387.6 386.3 384.9 382.1 380.1 378 375.2 371.9 369.6 368.2 367 364.4 360.8 357.6 363.2 368.2 372.5 378.2 386.4 393.6 399.6 406.5 411.2 412 411.2 410 407.6 403 398 392.4 387.4 382.7 378.3 375.3 372.1 368.3 362.4 359.7 351.5 351.9 349.3 344.6 347.7 345.6 343.3 343.7 338.2 337 332.4 346.5 351 357.2 361.5 367.2 374.2 377.2 375.5 369.8 360.2 348.3 336.9 325.6 316.8 309.6 303.1 297.4 294.4 292.5 292.8 293.3 292.1 291.2 288.8 283.2 277.6 271.8 265.1
383.5 383.4 382.9 381.2 378.2 376.1 373.8 371.3 369.3 367.1 365.2 363.8 361.8 358.3 361.3 364.9 370.1 374.1 379.3 387.1 393.9 399.7 405.3 408.4 409.1 408.7 407.4 404.8 401.1 395.8 389.7 384.1 379.5 376.4 374.1 372.1 369.2 364.9 360.4 352.7 355.2 352.9 351.3 351.6 350.9 350.9 349.8 348.5 345.7 346.6 351.7 357.6 362.9 366.8 370.7 372.4 373.6 368.2 359.4 346.7 337.9 328.9 320.4 312.8 305.6 297.3 292 287.9 286 285.2 284.9 284.4 284.5 282.4 277.8 272.2 266.3 260.5
379.2 379.3 378.7 376.9 374.5 372.7 370.5 369 367.4 364.8 363.5 362.4 361.1 362.2 366.2 368.7 370.5 374.4 380 387.9 394.2 399.2 402.5 405.2 405.4 405.4 403.8 401.7 398.3 393.9 387.9 380.5 376.7 374.4 372.5 370.5 368.5 364.4 356.1 361.5 359.8 357.8 356.1 355.5 354.6 354.5 353.7 352.4 350.5 350.4 354.9 361.5 366.3 369.9 370.1 367.7 364.6 356 345.4 337.8 332.3 324.4 315.4 307.4 299.5 291.9 284.9 282.7 280.1 277.5 276.3 275.7 275.1 273.3 268.4 263.9 259.1 255.9
376.1 376.9 374.9 372.6 371.4 370.2 368.6 367.1 364.9 362.9 362.3 362.4 363.9 366.6 369.6 370.5 370.7 373.6 379.4 387.4 393.5 397.5 400.7 402.1 402 402 400.4 398.5 395.4 390.9 384.4 376.5 374.5 372.5 371.2 369.4 361.7 362.8 366 365.8 366.3 365 363.7 362 360.4 359.1 356.6 355.8 355.5 355.4 358.7 362.5 365.1 366.1 364.8 359.8 353.4 343.4 335.9 329.4 323 317.1 308.2 301 293.3 286.7 277.7 274.1 272.9 269.4 267.1 265.6 264.4 262.5 258.1 253.9 250.3 248.5
373 373.7 372 370.4 369.4 368.5 367.3 365 363.1 362.4 362.9 365.4 368.2 369.4 370.8 370.9 371.4 374.8 380.1 386.4 391.5 395.8 399 400.4 399.9 398.6 396.7 394.5 391.4 385.6 377.1 373.2 372 371 369.4 361.5 367.3 370.5 373.8 375.8 377 375.1 372.2 370.2 367.5 366.8 363.7 360.7 359.3 357.3 358.5 360.2 360.9 358.5 354.6 349.8 341.9 333.9 326.8 320.3 314.3 308 299.8 292.8 286.8 280 274 264.8 263.8 259.7 257.9 254.9 253.9 251.2 248.2 243.9 241.3 239
371.2 370.4 370.6 369.7 369.2 369.6 368.5 366.4 363.9 362.7 365.2 368.8 370.3 370.6 371 372.1 374.7 378.4 382.6 387.6 391.9 394.8 398 399.5 399.2 396.7 393.2 390.4 385.7 377.6 374.2 369.1 369.4 364.8 368.6 371.3 372.4 378.3 384.8 389.9 388.3 386.9 383.2 381.2 380.4 377.4 373.7 367.3 359.6 354.9 353.4 353.8 351.5 346.9 339.6 330.7 324.3 318.8 314.9 310.9 304.1 298.1 290.4 284.4 279.1 273.1 267.6 259.8 255.3 253.7 250.8 247 244.2 240.2 238 236.7 232.8 231.5
377 376.9 376 374 373.4 371.2 369.4 367 364.5 365.3 367.6 370.2 370.7 370.8 372.3 374.4 378.3 382.5 387.7 391.7 393.8 397.2 399 399.8 399.3 396.8 392.1 386.4 380.6 376.8 373.3 367.7 367.7 369.9 371.6 373.5 378.7 390.6 397.2 398.2 397.2 397.2 396.2 395.6 393.3 388.7 378.5 371 361.1 351.4 345.4 343 335.8 330.6 323.9 314.6 308.4 305 301.5 297.9 290.6 285.7 279.9 274.8 270.4 264.4 258.4 253.4 247.8 247 244.2 240.2 236 228.1 233.1 229.5 225.4 224.5
381.3 380.7 379.1 377.5 375 372 370 367.9 365.8 367.4 369.5 370.9 370.8 371.4 373.3 376.8 381 387 392.3 395.5 398.7 399.7 400.7 400.9 400.2 397.5 393.7 387.6 380.3 376 372.6 371.7 370.6 372 373.9 376.1 387.1 397.5 403.5 406.5 407.8 408.1 407.2 406.5 403 395.6 383.1 373.6 363.7 349.3 337.1 327.5 317.7 309.2 302.3 295.3 291.2 288.7 283.1 278.6 276.1 271.4 267 264.8 259.2 253.1 248.7 246.8 243.5 239.7 237.7 233.8 229.3 226.1 223 219.9 217.8 218.6
385.3 384.2 381.7 379 376.5 373.2 371.1 369.1 369 369.7 370.8 371.9 372.3 373.3 375.3 379.2 385.3 391.7 396.3 399.2 402.1 402.6 403 402.8 401.7 398.6 393.6 387.5 380.9 375.4 374 369.9 372.8 374.5 377.5 384.1 393.9 403.1 410.9 414.3 417.1 415.5 415.1 414.6 409.3 399.6 389.6 378.1 361.2 344 328.3 312.6 304 295.2 289.8 284.2 277.2 271.3 265.9 259.4 257.7 255.1 253.3 251.5 248 246.2 243.6 241.4 239.5 235.9 231.3 229.1 223.8 219.9 216.5 215 213.8 213.4
388.4 386.5 383.1 380 376.7 372.7 370.5 369.6 369.9 371.2 372.2 373.5 374.6 376.1 378.8 384.2 391.1 396.6 400.5 403.7 406.5 406.8 406.7 405.5 403.2 399.8 394.8 390.5 380.6 375.6 374 373.2 374.1 376.7 383 393.1 401.3 409.3 416.2 419.1 421.7 421.4 422.5 419 412.3 403 392.1 374.5 355.7 334.5 318.1 303 295.7 288.4 282.4 278.2 273.2 267 260.8 252.4 245.5 241.8 241.9 242.9 243.3 241.6 239 236.6 234.8 232.3 229.2 225.1 221 218 215.2 214.5 213.2 212.8
390 387.4 383.7 380.1 376.4 372.2 369.9 370.3 371.5 372.7 374.3 376 377.8 380.5 384 389.8 396.5 401.6 405.1 407.7 410.5 410.9 409.4 406.9 402.8 399.2 395.6 390.7 380.8 376.2 375.1 374.1 376.6 381.6 388.9 398.1 405.8 412.1 416.3 419.7 420.8 422.6 424.1 417.6 410.2 397.8 377.1 362.4 342.5 323.5 306 291.6 287.7 282.9 277.4 273.3 270 262.2 256 249.7 242.2 235.7 232.6 234.3 238.5 236.4 233.7 232 230.8 229.5 226.2 221.8 218.9 217.3 215.2 214.3 212.9 212.2
388.3 385.9 382.4 379.4 376.7 373.1 371.5 372.2 373.6 375.5 377.1 380.2 383.7 387.1 390.5 395.7 401.2 406.1 410.4 413 413.8 413.2 411.1 407.6 404.2 400.4 395.7 389.5 381.3 377.8 376.3 372.1 379.2 385.7 393.6 402.3 409.4 412.4 415.4 417.7 418.1 418.2 415.9 408.7 395 378.8 359.2 342.5 326.1 308.5 293 284.2 278.9 277 273.3 269.2 265.8 259.2 253 248.4 235.6 233.4 234 232 228.8 227.2 227.6 227.8 228.2 227 222.8 219.5 218.2 216.5 214.7 213.8 212.5 211.6
386.6 384 381.1 378.8 376.8 374.5 373.9 375.1 377.1 380.5 383.9 388.8 392.5 395.8 398.9 401.6 405.7 410.6 415.4 417.7 417.4 415.2 412.8 409.4 405.5 400.9 395.8 388.3 382.3 380.1 377.9 376.3 384 390.5 397.6 406.4 411.2 411.6 412.5 413.4 413.1 409.8 401.6 388.2 372 354.5 339.2 323 306.3 293.4 283 276.6 274.2 272.4 269.5 265.3 262 258.3 249.1 240.6 237 244.9 243.2 242.7 238.6 234.4 225.4 223 222.2 222.1 220.6 218.4 217.6 216.1 215.2 214.5 212 212.7
385.3 382.8 380.1 378.8 377.7 376.7 377.5 379.6 383.7 388.7 393.3 396.9 399.9 402.8 404.5 406 409.8 414.8 419.3 421.2 419.8 418.5 415.9 410 405.4 400.8 395.9 389.8 384.6 381.5 378.3 381.1 389 395.7 401.9 408.7 410.8 409.6 408.4 406.7 402.8 393.5 381.6 365 347.5 333.6 317 303.1 291 280.8 274.6 272.3 270.9 268.2 265.5 261.9 259 248.8 240.6 238.9 248.9 250.6 249.3 247.6 245 239.9 234.2 230 222.8 221.2 219 218.1 216.6 216.3 215.3 213.5 213.9 215
384.2 382 379.5 379.4 379.6 380 381.4 384.2 389.5 395.8 400.6 404.5 407.5 409.3 409.9 413 416.4 420.2 423.9 425.4 424 422.2 418.4 410.8 405.2 400.7 396.1 391.8 387.1 383.9 376.7 385.9 391.5 397.8 403.3 408.4 407.9 405.2 403 398.9 390.2 374.7 358.8 343.6 325.7 309.1 297.6 285.2 276.1 274.3 271.8 269.6 266.8 264.9 260.3 253.3 246.3 248.4 251.5 256.2 257.4 257.1 255.6 251 246.3 240.1 233.6 229 225.2 221.8 218.9 218 217.7 216.6 215.1 214.9 218.1 218.2
383.8 383.9 383.5 382.8 383 384.2 386.4 390.6 396.6 402.4 407.3 411.2 414.4 415.4 417.6 422.7 425.7 427.4 429.1 429.6 428.7 426.2 420.4 411.5 405.2 400.6 396.1 394 390.8 385.3 380.1 387.8 393.2 398.6 403.5 404.4 401.4 397.7 394.8 385.5 368.5 351.1 334.9 320.2 306.2 293.7 283 276.3 270.5 266.4 265.5 264.9 263.4 254.1 250 255.5 260.5 264.1 265 267.2 265.2 263.1 257.2 250.5 245.1 239.5 233.6 228.5 224.2 221 218.8 217.8 217.4 216.8 218 221 222.2 222.3
386.1 386.9 388.7 388.9 388.2 389.6 394 398.5 405.3 409.3 414.4 417 420.5 423.6 427.1 430.7 431 431.1 431.4 431.2 430.8 427.5 419.9 411.6 406 400 396.2 392.9 390.7 386.5 383.6 390 395.2 399.6 401.9 399.5 394.6 389.3 381.6 366.5 348.9 331.1 314.8 302.1 292.2 285 279 274.8 270.3 265 259.9 255.9 253.5 258.1 268.9 273.8 277.7 280.5 280.8 277.3 270.6 265.1 257.1 250.1 242.3 237.1 232.2 227.8 222.3 219.7 218.1 217.7 217.3 219.8 223.1 225.2 226.3 227.8
389.5 391.3 394.2 395.5 397 400.7 404.5 406.8 413.1 417.6 421.1 424.5 427.3 430.8 432.8 435.2 434.6 433.5 432.5 430.9 430.5 425.1 417.5 410.1 405.8 398.9 395.2 391.8 389.7 387 388 393.6 398.2 400.4 397.8 393.5 389 381.6 369.2 351.6 329.3 315.6 306.1 297.6 289 284.3 278.3 272.9 268.6 258.3 256.3 262.9 269.5 275.4 282.9 288 292.6 291.8 286.7 280.4 273.4 264.3 256.7 248.9 239.7 234.2 230.5 226 221 218.1 217.4 218.4 220 222.9 226.2 229.4 236.9 243.4
394.8 397.2 401 404.3 406.7 409.2 412.8 416.3 420.8 423.9 427.1 430.3 431.4 432.2 434.6 436.8 437.1 434.8 431.8 430.3 427.2 421.1 413.5 406.9 401.1 397.4 395.3 391.7 389.2 384.5 391.8 396 400.1 400.7 396.7 390.5 382.1 374.4 358 336.9 318.9 307.9 300.9 293.2 286.9 282.6 276.9 271.1 258.8 267.4 275.8 283.3 288.9 295 298.3 301.1 300.4 295.9 288.6 281.2 271.1 261.5 254.1 246.6 237.7 232.4 228.6 224.2 218.5 218.2 219 220.4 224.3 228.1 234.8 242.9 250.9 254.1
402.1 405.5 409.8 413.3 416.8 418.7 420.8 423.2 425.4 428.6 430.7 431.1 431.5 431.5 431.3 433.7 434.6 432.6 429.3 424.3 420.4 415.7 408.9 403.1 398.1 396.1 394 392 388.4 392 395.7 399.7 401.5 400.6 397.5 392.3 384.8 369 343.2 326.4 311.8 303.4 297.4 290.9 285.1 280 265.1 269.6 279 288.8 298.4 305.4 313.5 314.8 312.1 309.7 305 297.1 288 279.9 269.3 258.9 252.2 244.4 236.9 231.7 227.5 222.6 219 219.7 221.1 224.4 229 239.4 248.3 258.1 260.8 264.6
409 413.5 417.9 421.7 425.4 427.9 427.8 427 428.6 429.9 430.7 430.5 430.3 430.1 429.8 429.8 430 427.1 422.1 416.7 413.4 408.5 402.3 398 394.8 393.2 392 389.9 393.3 397.4 401.3 404.2 404.7 400.4 396.2 389.4 378.5 360.9 337.8 316.4 307.2 299.3 293.9 288.3 283.6 267.1 278.7 292.6 303.4 310.4 318.3 328.6 328.8 326.5 321.5 314.8 305.2 295.8 285.4 274.7 265.2 257.2 250.1 242.3 236.4 231.2 226.7 221.9 220 223.3 226.5 232 240.9 250.8 261.5 269.9 271.1 274
415.8 421.4 425.8 429.8 432.2 433.7 433.2 430.7 428.2 428.7 429.3 429 426.7 425.2 424.7 422.7 420.8 416 411.8 407.4 403.7 399.8 396.7 393.8 394.7 393.5 392.4 397.1 399.2 401.3 404.4 406.5 405.2 398.8 392.1 382.6 368.3 343.3 323.1 310.2 300.7 294.3 290.9 285.9 269.5 282.4 300.4 317.3 325.4 332.2 340.6 342.4 337.8 331.9 324.3 314.7 304.1 292.3 282 272.1 263.7 255.8 248.4 242.8 238.3 232.7 227.2 221.7 222.4 227.3 233.1 240.8 252.3 263 272.5 278.8 281.8 280.7
421.5 426.3 432.4 435.9 437.3 437.4 435.6 431.5 428.4 426.7 424.3 423 421.5 419.8 417.4 414.6 408.8 406 404.5 403.2 400.6 397.8 398.5 398.9 398.3 397.1 396.8 399.2 403.6 405.7 405.9 406.2 402.1 394.7 386 373.2 351.3 329.4 314.7 301.3 295.7 291.8 288.6 275.8 286 302.7 320.9 337.6 345.1 354.1 354.5 346.6 340.9 334.4 324.6 313.2 302 289.6 278.6 270.2 261.2 253.9 248.1 243.3 239.1 232.4 227.8 223.7 227.1 231.2 240.5 251.1 262.5 272.9 281.2 285.8 286.8 283.6
425.9 430.2 436 437.7 438.2 438 435.4 431.9 429.3 426.3 426.3 424.5 422.9 421.6 420 418.5 414.3 410.7 408.5 404.9 403.2 402 401.7 401.9 401.9 401.4 401.5 402.6 405.9 406.6 405 400.6 395.1 388.3 376.7 357.5 333.9 319.1 302.5 294.2 292 289.7 281.1 285.6 304.7 321.9 337 352.1 361.8 363.8 355.9 350.9 344.7 335.3 324.1 312.4 298.9 285.8 275 265.8 257.4 251.6 246.4 242.5 239 233.7 229.5 224.8 230 238.6 246.4 258.5 271.4 281.1 284.5 289 290.1 288.3
429.2 431.6 434.5 436.8 437.9 438.2 434.5 431.2 429.4 426.7 426.3 426.5 426.6 425 423.3 421.6 419.6 416.1 412.6 410.1 408.9 407.7 407.2 407.6 407.1 406.9 406.4 406.9 407.1 404.2 399.9 391.8 384.4 376.2 361.4 343.9 327.2 308.6 296.8 288.8 287.1 278.1 283.7 304.9 323.8 340.3 354.1 364.9 369.8 364.6 356.2 353.9 345.6 335.3 322.8 309.1 294.9 282.9 271.4 261.9 253.8 247.8 244.1 240.5 237.4 234.2 232.1 225.7 234.1 243.7 251.9 264.6 276.8 286.2 290.2 290.8 290.3 285.1
432.5 434 434.9 435.5 436.4 436.3 434.3 431.7 430.3 430.4 430.3 429.7 430 428.7 427.2 425.6 423.6 421.7 420.3 417.6 415.5 414 413.2 413.4 414 413.3 411.8 410.7 408.7 402.7 396.4 388.5 379.3 368.6 353.8 336 322.7 305.8 296.9 288.7 280 284.9 303.4 323.5 340.7 360.6 368 375.4 372.1 367 358.6 353.1 343 332.1 319.3 304.5 290.4 278.9 268.7 258.6 249.6 244.7 242 238.8 235.7 234.3 230.2 227.3 240.3 249.5 258.8 269.2 280.1 289.5 291.5 290.7 288.4 284
434.3 435.4 435.8 436.1 436 435.6 434.7 434.4 433.3 436.2 437.2 436.4 435.1 432.9 431.8 430.4 428.4 427.3 426.4 425.4 422.9 420.8 420.4 420.6 421 420.8 415.4 411.2 408 401.7 394.1 386.2 376.8 363.6 350 337.3 318.2 304.5 296 286.8 281.7 297.3 321.8 338.4 360.6 373.7 381.2 381 372.5 367.1 359.5 348 339.5 328 313.6 298.6 285.4 276.2 265.5 255.3 246.4 242.3 240.4 236.9 235.3 232.2 229.7 238.3 245.8 254.5 263.7 274.8 283.4 290.5 290.6 289.2 284.3 283.5
436 436.1 436.4 436.5 436.2 435.3 436.6 437.1 438.3 440.2 440.9 440.9 440 439.1 438.1 436 433.6 432.2 430.6 430.5 428.6 427.6 428.1 428.1 424.7 420.7 414.9 410.8 406.4 400.8 393.4 385.9 378.2 366.2 348.9 331.2 314.8 303.1 294.6 284.4 292.8 310.6 332 355.1 374.8 382.9 383.5 378.9 377.4 366.5 357.4 346.8 333.3 319.9 308.4 294.7 281.8 272.1 263 250.7 241.8 239 237.7 234.9 233.1 229.4 237.4 244.5 252 259.8 269.5 278.3 286.7 290.9 290.3 289.1 287 283.3
434.5 436.2 436.5 436.5 436.2 436.9 437.9 439.1 440.4 441.4 441.7 441.8 441.7 441.4 440.8 439.8 438.2 435.2 433 432.3 431.2 430.8 430.6 428 423.3 417.4 411.3 407.3 403.7 398.8 393.6 386.3 377.7 365.5 345.2 327.6 311.5 302.7 292.6 287.9 303.1 320.1 345.6 370.8 380.3 389.5 384.8 380.5 372.9 364.1 353.2 339.3 325.6 315 301.4 289.1 275.5 265 255.7 245.2 238.4 236.6 234 231.2 229.9 237.1 244.4 250 259 267.7 275.9 284.9 290.7 294.1 293.1 291.1 289.5 286.1
432.7 434 434.9 435 435.3 436.2 437.1 439.6 440.8 441.9 442.5 442.5 442.5 442.2 441.6 440.8 438.7 435.9 434.4 433 431.7 430.2 427.3 422.7 416.8 411.2 406.5 403.8 399.7 394.9 389.2 384.2 376 360.9 338.1 320.6 310.1 297.6 290.7 296.9 311.5 331.4 356.5 375.1 387.5 390.2 386.1 379.8 370.4 358.5 345.9 333.6 321.5 309.2 293.7 280 269.3 258.7 251.8 244.1 238.2 234.9 231.7 229.7 232.6 242.5 248.4 255.4 265.3 275.1 283 290.9 295 298.4 297.6 296 293 289
430.7 431.4 432.4 432.8 433.4 434.2 434.6 437.5 439.9 441.3 442 441.8 441.3 439.4 439.4 438.6 438.4 435.9 433.6 431.1 429.2 424.7 420.2 415.1 406.5 401.4 400 398.3 394.9 390.2 383.3 378.2 369.9 349.4 332.3 317.6 308 294.4 290.5 299.7 318.6 343.5 366.6 380.1 391.2 390.8 385.7 376.7 366.1 354.4 341.4 328.2 314.8 300.4 286.4 271.7 260.8 254.4 249.5 244.8 239.6 233.9 232.6 239.2 241.6 247.5 253.7 263.3 274.4 282.3 290.8 297.8 301.5 303.1 302.1 300.1 296.4 291.6
428.7 428.5 428.8 429.2 430.1 431.7 431.1 433.4 435.5 438.2 438 437.3 437 434.8 434.1 435.6 436.3 434.1 430.3 425.8 421.5 415.5 411.3 405.8 397.3 391.8 389.6 388 383.9 381.3 372.9 367.9 357.1 340.5 325.2 314 301.6 293.1 294.8 309.2 328.2 352.1 373.3 386.2 391.5 389.2 379.7 372.1 361.7 348.6 336.3 322.3 307.3 292.9 277.5 264.9 256.5 251.7 248 244.2 239.1 232.9 238.9 242.5 245.9 252.4 259 269.4 282.5 291 299.1 303.8 306.9 307.5 306.5 303.6 300.1 294.6
425.1 423.8 424.4 424.5 425.3 426.3 426.4 427.3 428.9 430.1 430.5 429.7 428.8 428.5 428.1 429.7 431.9 430.5 423.1 418.9 412.7 406.2 403 394.9 386.3 378.6 371.6 371.4 369.4 364.5 358.8 351.4 340.1 327.1 315.7 304.4 296.4 299.4 302.7 318.5 339 359.9 377.2 387 389 381.1 374.4 366.4 353.3 342.9 330.9 314.5 299.9 285 269.8 261.1 254.1 250.6 247.3 243.8 239.2 234.6 240.3 244.9 250.4 257.7 265.9 277 289.5 298.2 304.7 308.9 311.8 311.7 310.4 308.6 304.4 298.4
422.1 420.2 420 420.2 420.4 420.1 420.3 419.7 419.8 420.7 421.8 420.6 420.3 419.5 420.3 422.9 425.5 420.4 416.6 410.4 403.4 397.3 391.5 382.3 373.6 364.9 357.3 355.2 350.9 345.6 339.6 332.8 323.6 314 305.9 307.9 308.7 304 310.2 326.4 346.3 364.1 381.6 385.2 384 376.8 369.6 358.4 346.8 335.8 320.9 306.4 290.7 277 263.4 255.6 252 249.8 246.5 242.7 237.7 234.2 243 249.3 256.2 263.8 272.2 283.5 296 304.4 309.6 313 314.4 315.3 314.7 313 310 301.2
