app/static/ascii/NT33.asc
ncols 200
nrows 200
xllcorner 330000
yllcorner 630000
cellsize 50
[rows 35 to 69 of 200, columns 78 to 155 of 200]
230.7 250.9 269.2 294.2 319.7 342.9 363 378.9 391.3 402.1 409.3 410.7 409.5 407.8 410 415.8 423.7 428.6 432.5 434.5 428.7 419.1 402.5 381 361.8 346.9 335.9 322.8 304.7 284 267.6 247.1 234.2 217 196.2 186.1 185.1 197.9 207.5 218.7 230.9 242 254.7 268.8 282 291.3 299.5 307.7 329.6 350.9 370 384.5 386.8 374.1 359.9 342.3 328.3 315.6 303.2 292.9 285.3 298.3 313 324.3 327.6 321.6 309.7 301.8 293.2 283.5 277.8 276.5 270.9 260.9 259.7 261.2 265.5 271.1
237.3 252.5 268.4 292.7 318.9 342.2 362.2 378.9 390.2 398.9 402.2 400 394.3 390.4 392.3 397.4 403.4 410.3 415.6 420.8 422.3 420.7 410.7 393.1 380.1 368.3 357.5 342 324.9 305.5 285.7 260.9 244.7 228.3 212.7 195 183.7 182.5 190.5 203.7 214.8 230.5 239.7 251.6 261.7 268.5 274.2 296 321.9 345.3 366.2 381.8 384.6 369.5 350 331.7 313.3 297.6 286.3 276 269.3 284.9 299.1 309.7 310.6 305.9 295.3 282.2 270.5 263.2 261.1 260.5 256.7 255.9 261.5 266.6 271.4 277.3
241.1 258.9 277.4 299.7 321.6 344.8 363.9 379.5 389.5 394.1 390.9 382.2 376 368.7 370.1 374.6 383.4 391.3 397.5 403.5 409.9 411.9 407.1 397.6 391.5 381.5 366.8 354.8 340 321.3 300.9 282.2 256.2 240.4 224.9 209 194.3 182.6 179.3 185.4 200.6 212.7 223.7 233.5 242.3 245.9 265.5 295.4 318.9 342 361.4 378.3 377.9 363.8 346.3 324.7 301.2 283.8 271.4 261.8 256.9 271 284.9 295.6 297.2 291.2 280.4 267.3 252.9 243.2 244.3 244 238.7 247.5 251.1 257.4 264.8 271
248.4 266.4 287.1 308.1 331.8 353.7 367.6 379.9 387.7 386.5 375.6 364.8 353.2 347.1 347.5 352.7 359.2 366.2 376.6 386.6 393.3 396.6 394.6 392.1 388 377.7 366.3 355.4 343.3 331.5 313.6 293.9 275.8 255.7 240 222 207.2 193.3 180.3 175.3 186.3 198.8 208.9 216.8 221.3 244.3 270.6 294.5 316.8 341 358.5 373 370.7 355.8 335.4 314.8 293.8 272.2 253.5 246.9 245.9 258.3 271.7 279.7 280.7 274.1 266.8 252.7 240.6 229.1 226.1 226.1 223.9 229.7 231.5 237.6 244.6 250
257.2 276.9 300.7 322.1 344.5 360.3 374.9 384 387 381.3 367.5 346.9 332.8 326.8 324.1 330.9 336.9 343.7 353.1 363.6 369.9 373.2 374.7 374.6 370.7 363.9 355.8 345.9 336.2 325.8 317.2 303.9 290.8 273 255.7 237.6 218.8 204 190 177.6 172.4 184.1 191.6 202.7 228 252.8 274.3 294.8 315.8 338.8 356.1 368.2 364.2 348.8 326.5 305.2 284.3 262.7 239.8 234.1 233.7 247.5 260.7 266.6 264 257.6 249.7 239.9 228.1 215.9 207.7 202.1 201.6 204.7 209.6 215 221.6 227.2
262.7 287.8 314.1 336.6 356 369.5 382.3 389.9 388.3 378.8 365.7 346.4 327.1 308.5 302 305.1 312.1 318.7 330.9 340.1 345.6 349.4 353.1 353.8 349.8 345.4 339.2 331.1 322.9 316.7 310.8 302.3 292.6 281.1 266.5 248.7 229.4 213.7 199.6 189.3 179.5 170.7 184.2 207.6 231.6 256.9 276.6 295.9 316.6 337.5 354.2 363.2 355.7 336.7 315 295.1 274.1 253 233.2 224.1 224.9 237 248.8 253.5 250 243.2 235.2 225.1 213.3 201.7 189.9 184.2 180.6 181.5 183.8 186.3 190.3 197.7
270.1 297.7 324.2 347.4 366.4 378.7 389.3 393.4 388.1 377.4 363 344.7 325.3 304.9 288.7 285.2 289.6 297.4 307.9 315.4 322 325.3 325.8 329.8 326.2 321.6 316.9 312.5 308 303.3 298.4 293.2 286 277.2 264.7 248.1 234.9 221.2 205.8 196.3 187.5 171.6 171.7 201.4 232.4 259.8 279.9 299.8 318.2 336.2 351.6 353.6 342.1 322.5 302.3 282.3 264.9 246.1 227.6 217.3 216.7 227.6 237.8 238.4 234.3 227.8 214.7 204.6 193.7 186 178.2 172.7 168.3 163.9 164.5 164.9 167.2 172.3
280.4 306.5 331.7 354.7 373.7 387.3 393.8 393.1 384.3 372.8 360.2 344.4 325.5 306.5 286.1 271.6 270.3 276.4 285.2 292.1 296.5 301.5 306.9 307.8 305.5 302.7 299.4 295.6 291.4 287.3 284.3 279.4 274 266 257.9 245.2 234.9 222 207.5 198.7 189 177.7 166.8 195.4 231.4 262.4 283.9 301.8 318.7 333.6 345.1 340.5 327.3 307.8 286.2 270.2 254.2 238.4 223.9 213 206.1 216.1 224.9 223.9 216.5 203.4 196 187.7 176.9 171.5 166 160.9 156.8 151.7 148.8 148.4 147.6 149.3
288.1 312.3 337.6 359.3 378.2 387.1 388.4 383.9 376.2 365.5 354.2 341 322.8 305 286.4 269.2 255.6 255.1 261 268.2 275.2 279.7 284.9 284.9 284.3 283.7 281.3 277.6 273 270.2 269.4 266.8 261.7 257.4 250.5 237.3 227.8 219.1 206.2 196.5 187.1 177.2 164.2 195.2 232.8 265.4 285.9 302.5 318.2 329.4 332.5 325 308.7 287.7 270.8 257.4 243.8 230.5 218.2 209.2 198.4 203 209.7 207 196.7 185.9 179.1 173.2 165.8 156.8 152.4 148.6 145.8 142.6 139.3 136.9 134.7 133.7
305.1 324 343.2 361.2 372.3 376.2 376.2 369.2 361.7 351.2 340.1 326.1 311.4 295.4 281.9 271.5 256.3 242.6 243.3 248.6 253.3 257.5 261.7 264.9 264.6 263.8 261.9 258.9 256.8 257 256.1 253.9 249.5 246.3 240.5 228.8 219.1 210.2 200.8 190.6 182.4 173 166.2 202.5 236.6 265.6 287.3 301.2 313.1 317.3 312.8 304.3 287.6 271.8 257.1 243.5 230.6 216.1 209.2 200 191.7 190.1 192.8 185.3 177.6 170.3 164.7 159.8 152.8 147.8 141.2 138.1 137.8 133.4 129.6 126.8 127.7 127.6
322 338.2 351.3 361.3 364.3 363.2 357.6 349 342.1 334.3 321.8 307.7 294.6 284 276 267.9 255.7 244.3 233.5 229.8 233.8 237.3 241.2 243.4 244.6 243.5 242.8 239.6 240.2 240.9 241.8 239.8 238.7 234.3 226.9 218.5 210.6 196.8 189.5 185.3 178.2 165 172.4 207.6 239.5 264.2 284.4 297.3 300.4 298.8 292.8 283.2 270.9 256 242.1 229.6 216 204.4 197.5 190.5 182 175.7 177.5 170.2 164.1 158.6 153.5 148.5 141.9 138.3 133.8 128.8 127.7 127.7 127.3 127.8 128.2 128.4
337 352.9 360 362.8 357.8 349.6 336.1 327 319 309 299.8 286.2 276.4 269.2 263.4 257.1 251.3 242.5 233.2 221.8 219.8 223.2 226 227.1 227.2 226.8 226.9 225.3 224.8 226.4 227 227.2 228.1 225.1 214.8 206.1 200.6 191.9 186.7 181.7 175.8 160.8 174.8 209.7 239.2 261.5 277.4 287.2 282.4 279.3 273.3 264.8 253.4 239.7 226 212.7 201.1 193.5 188.8 182.6 174.2 167 164.3 158.6 153.1 146.7 143 136.5 132.7 128.6 128.2 127.9 127.9 128 127.6 127.8 128 127.5
344.3 354.3 357 355.4 342.3 329.7 315.5 303.4 296.2 286.3 276.8 268.2 259.5 253.3 248.7 244 238.2 234.3 227.6 220.5 209.9 209.8 214.8 215.3 214.9 214.6 214.6 214.6 214.3 214.7 214.5 215.9 217.3 214.7 206.2 200.4 195.8 189.4 183.9 177 172.9 157.2 175.5 209.4 236.4 256 266.6 273.3 271.2 264.5 257.4 248.6 235.5 221.9 206.9 199.8 193 186.3 179.6 172.9 166.2 158.4 153.1 147.4 142.2 136.3 130.7 129.3 128.1 127.9 128 128.6 128.4 128.2 127.5 127.2 127.4 127.9
339.1 341.1 340 334.3 317.9 291.8 289.4 280.7 273.4 265.9 257.7 248.2 244 240.5 236.8 231.3 227.8 222.5 217.5 217.1 208.7 196.1 203.4 204.3 205.6 205.3 203.9 203.8 204.2 204.8 205.9 207.2 207.8 206.2 203.6 199.1 193.7 187.2 180.8 173.9 169.1 154.7 177.2 208.3 232.7 250.1 258.4 257.6 256.6 248.1 239.2 227.9 215.3 204.6 192.6 189.2 183 175.5 168.7 162.8 154.9 149.9 142.7 137 131.9 129.5 128.9 128.4 127.9 127.8 127.8 128.1 127.4 127.2 128.2 128.1 128.1 128.4
322.5 320.1 311.7 302.6 293.1 262 263.5 252.5 247.9 242.9 235.2 228.8 227.3 225.7 219.4 215 213 210.9 211.1 208.7 202.9 193.6 192 193.5 195.5 195.7 196 195.7 195.5 197.6 199.6 201.8 204.2 202.6 203.3 200.3 194.4 186.4 179.9 173 167.8 152.4 176.5 205.3 225.9 242.3 249 244.4 236.6 230.5 220.1 210.3 199.6 191.6 182.9 178 171.5 165.2 156.2 150.8 141.3 133.3 132.7 129.7 129.8 129 128.3 127.9 127.6 127.5 127.4 127.4 128 128.5 128.5 128.6 128.4 130.2
298 293.8 279.7 270.8 260.8 242.6 232.3 224.7 222.5 217.6 213 211.2 212.4 207.7 201.7 201.6 200.3 199.6 199.8 193 192.8 185.7 178.1 182 184.6 184.2 185.6 184.7 184.8 188.2 191.8 195.2 197.2 196.7 196.9 193.4 191 185.4 180 174.8 169.4 151.2 173.5 200.2 219.6 231.1 238 232.2 224.1 214.3 205.4 193.1 185.8 179.8 173.7 167.5 162 156.5 146.5 136.1 132.8 130.6 129.5 129.4 129.3 129.1 128.1 127.6 127.2 127.2 128.6 129.1 128.8 129.1 128.6 132.4 134.5 134.9
268.5 261 250.3 242 235.6 219.2 208.1 200.6 195.5 190.7 188.6 190.7 189.2 183.7 182.6 179.2 180.1 182.2 181.3 176.9 176.4 171.9 163.5 169.8 168.6 170.8 170.9 172.7 174.2 175.2 176.8 179.4 181.6 183.6 180.9 180.5 182.1 181.4 176.6 172.4 168.1 148.2 166.5 192.4 211.9 221.3 227 219.6 211.8 201.3 190.4 182.7 176.7 172.1 167.2 158.6 152.2 145.7 134.7 131 130.3 129.5 129.4 129.3 129.2 129.2 128.2 127.4 127.1 130.1 131.9 131.4 129.9 139.3 141.2 140.3 138.5 137.8
234.6 225.3 217.5 209.7 200.6 189.6 180.7 174.1 167.2 164.5 167.1 165.5 163.5 159.5 159.3 156.9 156.1 157.6 158.3 159.9 160 158.9 153.7 157.6 156.4 157 157.2 158.3 160.2 160.5 163.5 164.5 164.4 164.6 163.7 163.6 167 167.6 167.2 167.3 164.9 151.3 158.1 184.2 200.8 210.5 215.2 209.1 199.4 190.8 183 173.4 168 164.6 157.7 147.6 142.4 135.6 131.3 130.1 129.4 129.6 129.1 129 128.9 128.7 127.5 127.9 139.3 139.9 140.5 139.3 141.6 143.3 144.4 144.5 143.4 142.2
200.1 191.9 186.3 179.6 168.6 161 153.5 148.1 147 145 143 140.3 138 133.9 133.2 134.5 135 134.6 133.5 136 140.2 142.7 144.6 144.4 144.1 144.3 143.7 145.1 146.3 147.2 149.4 150.8 150.2 150.9 153.2 152.7 153.4 155.6 155.7 157.3 159.7 154.5 150 174.5 188.3 195.6 199.5 194.6 186.2 179.6 173.8 166.4 159.7 157.6 148 139.4 137.8 134.1 130.1 129.5 129.5 129.7 129.1 128.6 128.5 128.1 127.5 138 141.1 146 147.4 147.6 147.6 146.7 147.6 149.7 149.6 150.6
174 166.2 158.9 150.5 146.5 136.6 133.6 133.5 134.6 134.7 134.3 133.9 134.1 133.8 134.1 135.1 134.8 134.8 134.4 134.1 134.1 134.5 135.4 135 135 135.1 134.7 134.3 134.3 134.7 137.3 136.3 135.1 136.1 138.4 141.3 141.8 143.4 147.2 149.8 152.9 151.4 144.6 165.4 174.6 179.1 180.8 177.4 174.3 168 164.3 158.4 152.8 147.3 140.4 136.5 136.2 130.4 129.6 129.4 129.3 129.1 128.6 128.2 128.1 128.9 141.2 140.1 141.3 143.4 146.7 152.5 155.5 154.8 154 156.6 157.9 159.2
154.8 147.6 140.5 136.8 136.1 135.6 135.1 135.6 135.6 135.4 135.1 135.5 135.3 134.5 134.8 134.9 134.7 134.8 134.9 134.6 134.8 135 135 134.3 134 133.8 133.7 133.6 133.5 133 132.5 131.9 131.7 132 132.6 133.2 134.6 137.3 138.2 139.5 140 141.2 147.5 159.3 165.1 168.1 166.9 165 162.6 155.3 151.4 147.8 143.3 139.6 136.9 136.3 132.6 130 129.5 129.4 129.1 128.1 128.4 128.5 128.8 134.8 139.5 139.9 143 146 150.3 155.6 160.4 163.7 162.9 164.3 166.4 166.9
139.6 138 136.5 136.4 136.4 135.8 135.3 135.6 135.3 135.4 135.2 134.8 134.5 134.5 134.5 134.5 134.6 134.8 134.9 135 135.2 135.3 135 134.1 133.9 133.7 133.3 133.1 132.8 131.7 131.6 131.3 131.4 131.3 131.1 131.9 133.2 133.8 135 136.1 140.1 141.4 144.2 151.7 155.6 158.2 154.8 150 148.7 146.8 142.8 139.7 137 136.1 136.4 134.2 129.8 129.1 129.4 129.3 129.5 128.8 128.8 128.7 128.4 132.1 137.6 142.2 151.7 158.2 163.1 167.8 171.4 174 175.1 177 178.2 180
137.4 136.6 136.3 136.2 136.3 136.1 135.6 135.6 135.7 134.9 134.6 134.5 134.5 134.5 134.5 134.5 134.6 134.7 134.7 135.1 135.2 135.4 135.2 134.5 133.9 133.6 132.9 132.6 132.4 132.3 131.9 131.6 131.5 131.6 131.4 131.5 132.1 133 134.1 134.6 139 139.8 140.4 141.4 143.4 146 147.1 143.8 142.7 140.6 138.5 135.3 132.4 131 129.5 129.3 129.3 129.4 129.5 129.4 129.3 129.2 129 128.8 129.4 134.7 141.2 154.5 166.2 171.8 178.7 182.6 182.9 182.5 184 186.2 187.4 188.7
136.7 136.3 136.4 136.2 136.1 136.2 135.9 135.6 136 135.2 134.5 134.7 134.6 134.7 134.6 134.5 134.5 134.5 134.6 135.1 135.4 135.3 134.6 134.5 134 133.4 132.6 132.4 132.9 132.6 132.3 131.9 131.8 131.8 131.7 131.6 131.7 132.6 133.9 134.3 134.2 138.8 139 138.6 138 137.4 136.5 137.2 135.8 135.4 134.7 131.6 129.7 129.3 129.6 129.5 129.6 129.7 129.6 129.6 129.5 129.4 129.3 128.6 134.9 141.7 153.7 168.3 180.2 188.1 194.6 195.1 191.7 191.6 192.7 194.5 193.3 194.4
136.3 136.4 136.4 136.3 136.1 135.9 136 135.6 136.1 135.6 135.3 135.3 134.9 134.9 134.8 134.8 135 133.1 133.5 133.4 133.2 134.8 134 134.1 133.2 132.7 133.2 133.3 133.2 132.9 132.6 132.2 132.1 132 132 132 131.9 131.7 133.4 133.2 132.8 133 135.4 135.9 134.8 133.2 132.9 132.9 132.3 132.5 131.2 129.5 129.8 130 130.3 130.3 130.3 130 129.8 129.8 129.7 129.6 129.4 131.3 138.5 152.3 168.1 185.4 200.3 207.6 210.4 206.7 203.3 201.5 201.6 202.3 200.3 199.7
136.4 136.4 136.5 136.4 136.2 136 135.8 135.9 136 135.6 134.7 134.5 134.3 134.3 134.1 134 133.7 134.1 134.6 134 133.6 132.5 132.9 132.7 133.6 133.7 133.4 133.4 133.3 133.1 132.9 132.6 132.4 132.3 132 132.2 132.5 132.1 131.4 131.9 131.8 132.3 131.9 132.5 134.2 131.7 131.7 131.6 130.7 129.5 130 130.2 130.4 130.6 130.9 131 131.6 131.2 130.7 130.4 130.4 132.2 133.7 141.2 151.8 166.8 184.3 201.9 215.4 222.1 222.9 218.4 215 211.7 210.2 209 207.4 206.7
136.7 136.5 136.5 136.5 136.3 136.1 135.9 135.6 135.5 135.4 135.6 135.4 135.4 135.5 135.4 134.5 134 134.4 134.6 134.1 133.9 133.8 133.9 134 134 133.9 133.5 133.5 133.4 133.2 133 132.9 132.7 132.4 132.1 132.4 132.7 132.9 132.6 130.8 130.7 130.1 130.2 132.1 131.1 131.2 131 130.7 130 130.7 130.8 131.2 131.1 131.1 133 134.1 134.7 133.8 133 132.6 133.9 139 146.3 155 168.1 181.7 200.2 216.6 229.6 232.9 231.4 227.3 224.1 219.3 216.9 215.7 215.1 216.5
137 136.8 136.7 136.6 136.1 135.8 135.5 135.3 135.6 136 135.9 135.7 135.6 135.5 135.4 134.7 134.7 134.7 134.7 134.4 134.2 134.2 134.2 134.2 134.1 134.1 133.6 133.6 133.5 133.2 133.1 133 132.8 132.4 132.3 132.6 132.8 132.8 132.5 132.1 132.9 131.8 131.4 133.1 131.5 131.6 131.4 131.3 130.7 131.8 132.5 132.3 133 133.8 135.5 136.2 136.5 136.4 137.3 138.3 141.4 146.7 159.3 170.3 183.1 200.1 214 234.6 243.6 248.4 247.5 241.3 232.6 224.5 222.2 221.9 221.4 225.2
137.2 137 136.9 136.7 136.4 135.7 135.2 135.8 135.7 135.9 135.7 135.5 135.3 135.3 135.2 134.9 135.1 135 134.8 134.6 134.7 134.7 134.4 134.3 134.3 134.3 133.7 133.7 133.6 133.3 133.2 133 132.7 132.5 132.4 132.7 132.9 132.6 132.2 132.2 132.8 132.6 131.9 132 131.8 131.8 131.7 131.6 131.4 132.3 133.9 134 134.4 135.3 137 137.8 138.2 139.2 146.5 149.2 152.7 159.7 170.8 186.3 201.7 213.2 233.7 250 259.9 260.4 260.5 254.8 245.5 236.1 229.8 228 226.1 229.7
137.3 137.2 137.3 136.9 136.8 135.8 135.3 136.2 136 135.8 135.5 135.3 135.1 135.1 135.1 135.1 135.4 135.3 134.8 135 135.1 135.3 135.2 134.4 134.9 135 134.6 134.2 133.4 134 136.7 136.3 132.6 132.3 132.5 132.8 132.7 132.4 132.3 132.5 132.6 132 132.5 132.5 131.6 131.6 131.6 131.6 131.6 132.9 134.5 135.1 136 136.8 138.1 138.8 140.1 143.2 152.4 157.2 161.6 169.8 185.6 199.8 214.5 234.2 252.1 270.6 276.9 275.3 272.4 265.3 255.7 246 241.3 239.5 237 239.5
137.6 137.4 137.5 137.1 135.3 135.4 136.3 136.5 137 136 135.5 135 134.8 138.8 142.8 145.6 146.6 147.8 149 149.9 150.7 150.8 151.1 152.7 155.5 158.7 160.1 160.6 162.6 162.5 162.5 162.9 157.9 152.9 148.6 141.9 135.3 132.8 130.9 131.5 131 130.7 131.8 131.8 131.5 131.6 131.6 131.6 131.9 133.5 135.2 136.3 138.3 138.5 141.2 139.8 142.4 145.5 157.6 162.1 169.3 181.9 198.3 215.7 232.4 251.3 269 285.9 286.3 284.9 280.2 271.7 258.9 252 248.9 248.2 248.6 251.4
137.8 138.1 137.6 137.1 135.3 136.9 137.6 138 137.4 138.1 144.7 153.6 160 164.4 168 169.9 170.5 168.8 168.8 169.4 169.1 167.2 168.8 174.4 180.6 185.6 189.3 193.3 194.8 194.6 190.3 185.6 181.2 175.8 169.8 163.6 156.1 151.5 146.9 143.8 143.3 142.4 137.1 134.7 132.1 131.5 131.6 131.6 132.1 134.4 136.7 138.2 140.2 142.3 148.1 148 142.5 143.9 160 166.1 178.4 195.5 213.6 230 249.4 263.5 280.8 291 290.9 288.4 280.8 272.2 261.4 257.6 255.7 255.7 258.2 260.8
137.7 137.2 139.1 135.6 137.1 138.9 142.9 146.3 150.5 158 172.4 180 186.3 190 191.4 191 191.1 191.2 190.1 189.3 185 185 193.5 203.1 205.6 211.8 215.2 214.2 214.1 213 210.7 204.8 197.9 192.7 187.3 180.9 174.6 170.9 166.6 164 159.5 155.3 150.2 145.4 139.8 135.3 136.7 136.2 137.3 139.4 140.3 139.3 142.6 149.4 154.1 156.1 151.2 144.9 154.3 164.2 181.8 208 223 240.8 254 267.8 283.6 291.1 290.4 286.1 278.2 273.1 269.6 268.5 268.2 267.6 268.4 270.3
137.9 137.5 136.1 137 140.4 145.7 149.2 153.6 164.5 179.1 190.4 203.8 209.4 211.8 212.8 210.9 209.9 208.8 205.5 201.6 197.9 202.7 210.3 218.3 226.3 230.5 234.5 234.8 234.4 234.2 233.6 230.4 223 214.6 208.4 199.9 191.6 185.1 180.3 176.7 172.4 167.8 163.1 159.9 155.5 150.7 150.5 146.6 147.5 149.3 148.4 142.1 146.3 154.9 157.7 158.8 158 153.8 148.4 158.1 182 202.5 219.7 237 248.6 262.4 273.2 284 286.7 285.6 284.9 285.5 288.4 290.4 288.1 284.7 281.8 279
137.8 136.1 136.7 144.8 155.3 159.6 160.8 159.7 166.7 184.9 202.9 217.5 227 230.6 230.9 227.7 225.5 223.4 218.5 211.1 208.1 215.1 227.4 241.1 253.7 261 268.2 271.3 271.1 269.9 264.6 254.9 245.8 241 233.2 224.9 218 210.2 202.4 197.7 194 187.7 181.9 177.9 171 164.9 162.5 160 160.7 156.8 151.6 145.1 150.7 156.7 160.2 161.8 164.4 165.6 159.8 151.6 162.9 183.2 203.1 220.9 235.2 249.4 258.5 266.5 277.6 285.4 289.6 295.2 306 311 302.8 294.6 288.6 285.9
