app/static/ascii/NT34.asc
ncols 200
nrows 200
xllcorner 330000
yllcorner 640000
cellsize 50
[rows 0 to 34 of 200, columns 0 to 77 of 200]
492.4 504.8 513.7 523.1 526.6 530.3 535.1 539.2 541.7 539 539 539.1 536.3 535.4 532.2 528.2 526.6 524.2 521.7 518.3 513.7 508.4 502.3 495.9 490.5 484 478.8 476.8 476.6 475.6 478 479.6 481.3 482.4 482.3 482.4 482.2 481.4 480.9 481.2 477 468.5 464.3 461.5 457.4 453.6 449.8 446.1 440.2 428.7 409.1 401.5 418.8 435.1 446 459.8 469.5 476.2 480.3 482.2 481.1 479.6 477.1 474.3 470.4 467.3 463.4 459.2 453.4 449.3 445.9 444.9 442.1 438.1 430.9 411.3 389.2 383.2
495.5 508.3 517.1 521.8 524.5 528.3 533 535.3 535.7 533.8 533.9 533.6 531.7 529 528.4 528.7 527.8 525.4 522.7 518 513.3 507.7 502.8 495.2 491.4 487.9 484.3 481.6 482.8 484.3 484.7 485 486.7 486.1 485.6 485.2 483.2 479.5 477.6 474.5 468.1 459.9 455.2 451.8 447.7 443.8 439.4 432.5 418.3 407 417.8 406.3 416.6 434.2 447.2 460.6 471 478.7 482.8 484.1 483.6 482.4 480.8 477.7 475 472 469.1 464.6 461.6 458.2 454.3 450.8 447 442.4 437.7 421.2 400.7 384.7
495.8 508 512.9 516.4 520.4 523.9 526 527.5 527.6 526.4 525.4 524.2 524 524.6 526.4 527.7 528.3 525.7 522.9 518.7 514.1 508.4 501.5 498.9 495 490.8 487 487.8 488.7 490.4 489.1 489.9 489.3 489.2 487 484.9 479 472.6 467.2 460.6 455.4 450 445.1 439.6 435.1 426.6 416.7 414.4 422.4 428 421.6 410.7 429.6 441.7 452.9 462.5 473.6 480.5 485.2 486.8 487.5 486.5 484.6 482.5 479.9 477.7 474.4 470.1 467.4 464.8 461.4 456.9 452.4 447 441.1 432.4 405.7 387
490.8 493 496.9 508.9 512.8 515 516.2 516.8 515.2 513.2 511.4 512.1 512.8 519.9 523.7 526.1 527.5 526.5 524.3 521.3 516.3 510.8 507.1 502 498.4 494.2 493.4 493.2 493.5 493.1 491.5 490.7 489.3 485.8 482.8 477.7 469.6 462.3 454.9 447.4 442.4 436.7 429.4 422.4 420.8 423 433.3 439.6 440.9 439.6 426.3 413.5 436.2 448.7 460.8 470.3 476.1 484.1 488.2 491.2 491.7 491 489.8 487.2 483.7 481.1 477.9 475.5 473.4 469.7 464.9 459.4 452.8 447.8 441.6 431.6 404.7 389.8
466 466.3 477.3 497.4 502.3 503 503.1 500.4 496.1 491.1 488.5 491.6 508.8 516.4 521.9 525.6 527.4 527.7 526.1 524.1 519.8 514.2 509.8 505.2 501.1 498.6 496.9 494.8 493.3 491.3 489 485.9 483.3 478.3 473.8 465.7 457.5 446.2 434.8 430.5 427.5 425.6 430.9 431.2 436.4 444.2 447 448.7 446.7 442.3 424.6 422.2 441.9 456.2 468.2 476.7 484.7 491.1 495.1 496.7 497.2 495.8 494.1 489.8 486.2 482.2 478.6 476.1 473.8 469.2 463.3 456.5 449.1 443 434.7 421.4 399.8 396.2
435.6 440.9 463.1 478.3 485.7 487 486.5 481.9 476.4 468 470.7 487.3 503.7 512.5 520.4 524.8 528.2 529.2 528.6 526.6 522.2 516.3 511 505.7 500.7 497.5 495.4 491.8 488.3 486.5 482.9 476.3 471.1 466.8 459.9 452.9 440.2 434.9 439.6 446.6 449 450.6 454.2 454.5 454.9 456 455.3 453 449.7 442.1 419.8 432 450.6 465.1 477.5 486 493.2 498.6 501.8 503.1 502.3 499.2 495.4 490 484.7 480 476.3 473.8 469.9 464.5 457.6 448 440.6 430.9 418.4 402.6 392.7 407.1
408.7 422.9 441.4 456.4 465.8 466.8 466.4 461.4 456.1 457.4 474.2 490.7 504.4 515 521.3 526.6 530.3 531.2 530.8 527.8 523.6 517 510.3 504 498.1 493.3 489.2 484.5 482 477.4 471.8 464.8 456.4 447.6 442.8 440.2 441.1 447.9 456 460.4 464.4 466.2 466.1 465 463.1 461.9 458.8 455.6 448.7 434.8 418.7 441 459.1 472.8 484.1 492.3 500.4 506 508.9 508.7 504.8 499.7 493 485.8 479.9 474.9 471.6 466.7 461 454.2 446.5 438.8 429.2 413.6 398.1 399.8 403.4 413.3
400.7 403 419.8 434.5 443.1 444.5 446 441.9 450.3 467.1 482.8 499.3 510 517.8 524.3 529.7 532.5 533 531.9 529 524.5 517.3 509.4 501.6 494.6 486.1 480 473.8 466.6 461.4 453.8 453.5 457.3 459.1 459 458.2 443 459.7 467.2 472.1 475.1 475.5 474.1 471.8 468.5 466.3 461.8 454.6 440.9 421.4 435.1 452.2 468.7 483.1 493.9 501.6 508.1 512.1 513.1 510.4 503.7 495.4 487.6 479.3 471.7 466.4 461.5 454.4 449.5 442.9 436 428.9 417.5 402.5 404.8 413 423.6 436.9
422.5 420.9 414.5 414.1 418.3 424.5 430.2 446 464.2 482.4 498.8 507.1 515.6 521.7 527.2 532.3 534.4 534.5 532.5 528.3 524.2 516 508.7 500.2 491.8 480.4 467.2 469.1 469.3 464.7 470 472.3 471.3 469.9 467.7 461.8 453.5 470.8 477.9 481 482.2 481.5 480.4 477.9 473.7 469.1 461.1 444.5 425.5 437.3 453.9 466.6 480.2 493.1 502.3 509.7 514.6 516.2 513.9 508.6 500.7 490.9 480.2 470.8 461.7 455.2 448.9 443.2 436.2 429.1 424.1 418.1 408.5 412 419.8 428.7 440 452
446.6 442 432.9 427.2 426 425.3 441 463.2 483.5 495.5 504.6 512.9 520.1 525.7 530.7 534.7 536.6 536.5 533.6 529.1 523.1 514.6 506 497.1 489 475.2 481.6 483.3 482.8 478.6 478.3 478.7 477.9 475.1 471.9 458.4 467.8 479.6 484.6 486.6 487.2 487.5 485.9 481.9 476.6 469.3 454.3 430.2 438 454.5 466.9 480.4 492 502 510.5 516.4 519.4 518.5 514 505 494.7 483.8 472.2 461.2 451.4 444.1 438 429.9 423.5 424.3 426 421 410.9 424.6 432.9 442.5 453.2 463.8
468.5 465.4 458.6 452.9 448 438.4 446.1 473.4 491.2 500.9 508.8 517.4 524.3 528.9 534 537.7 539.2 537.3 533.7 528.7 521.6 514.2 503.9 492.7 480.4 487.6 490.1 490.4 488 486.1 485.7 485 482.9 479.7 474 456.9 478 486.3 489.8 492 493.1 492.5 489.4 483.5 477.5 467.4 444.1 433.1 451.9 466.4 480.5 492.8 502.7 510.6 517.1 521 521 517 510 499.8 488.7 476.9 463.6 451.7 442.3 434.3 430.4 433 438.9 442.1 437.9 414.9 424.1 435.3 445.9 455.4 464.9 472.7
475 476.7 477.8 473.2 472.4 460.3 449.1 467.7 493.3 504.4 513.1 521.5 528.2 532.8 537.8 541.2 542.1 540.5 535.6 529.6 522 512.5 498.2 487.7 495 496.4 496.5 497.3 494 493.2 490.8 488.9 486.5 482 468.3 471.7 485.6 492.5 496 497.9 498.1 495.9 491.8 485.5 477.7 462.9 436.1 444.5 463.1 477.6 491.6 502.3 511.2 517.7 522.3 522.8 519.7 513.8 504.2 493.6 482.1 469.6 453.9 442.1 442.3 446.9 449.9 452.6 454.4 452.2 435.1 422.3 436 448.2 456.4 465.7 474.5 480.5
478.3 480.7 483.5 485.6 488.2 486.6 476.9 469.4 492.3 505.7 515.8 524.2 530.4 536.6 541.6 544.2 544.6 542.1 536.9 530.5 520.9 501.8 507.3 504.5 505 503.2 504.1 502 500 499.5 496.5 494.2 488.9 477.5 472.2 488.7 495.9 500.3 502.1 502.2 501 498.5 493.1 485 476.4 455.9 438.5 455.5 471.5 486.8 500.4 511 518.1 523.7 525 523.6 518.7 509.9 499.5 488.2 475.5 458.3 449.5 453 458.9 461.3 464.1 465.7 464.7 458.8 428.1 435.8 450.1 459 465.3 472.5 479.7 485.5
481.8 484.8 489 493 495.1 495.8 493.1 469 488 506 516.2 525.9 532.6 539.3 544.3 547.7 545.4 541.8 536.7 529 511.1 519.6 517.3 514.6 511.8 511.3 509.2 508.1 507 505.2 501.8 498.2 484.4 478.1 487.5 498.1 502.9 505.4 506 505.7 503.7 499.6 492.9 485.2 471.6 449.1 444 466.3 481 497.2 507.9 517.8 523.6 527.3 527.1 523.3 516.6 507.2 495.5 481.3 466.1 453.6 461 467.3 470.3 473.7 475.3 474.5 470.9 459.1 430.1 454.5 462.1 466.9 472.4 479 484.7 489.3
485.6 490.1 495.1 498.9 499.7 501.9 503 495.8 488.5 507.3 517.2 527.1 535 541 546.6 547.9 546.1 543.4 534.7 519.5 529 527.9 524.2 521.6 519.4 517.6 516 514.7 512.9 511.2 507.5 495.3 499.4 499.5 495.1 502.9 507.5 509.4 509.6 508.6 505.6 500.5 493.2 483.6 463.9 444.8 458.1 476.5 492.9 505.1 516.1 524.1 529.4 530.7 528.5 523.8 514.5 504.1 490.6 474.5 460 466.3 473.2 476.1 480.3 481.7 481.7 478.3 472.9 460.1 442.1 465 470.5 474.8 478.9 484.8 489.9 495
490.5 495 500 503.7 504.8 507 508.5 508.8 498.9 511.8 517.6 527.8 537.1 543.1 547.3 548.8 547.9 544.8 535.7 532.8 537.4 534.5 530.8 528.6 527.2 525.7 522.9 520.7 519.2 516.5 510.5 502.9 510.7 509.5 505.8 506.6 511.1 512.5 512.7 510.2 506.9 500.8 492.8 476.9 455.4 446.7 469.4 487.2 502.8 513.4 523.4 531.2 534.4 534.5 530.3 523.6 513.2 501.9 485.2 469.6 471.2 480.8 483.9 487.4 488.2 487.5 484.2 478.4 468.6 448.2 466.6 474.1 478.3 482 485.6 490.1 495.1 498.6
494.7 499.4 503.9 507.1 509.5 512.4 514.8 515.3 502.7 515.7 523.5 531.3 537.2 543.8 548.5 550.7 551.2 549.2 546.5 545.1 543.2 541.3 539 537.2 535.5 534.4 531.9 528.1 524.9 521.9 511.7 517.6 517.7 516.7 512.7 512.1 515.5 516.7 515.1 512 507.9 500.7 488.5 471.6 452.9 462.2 480.1 498.8 512.5 521.7 531.4 536.8 539.5 536.4 530.5 521.7 510.6 501.2 487.8 472.3 485.5 491.1 493.1 492.3 490.5 487 480.1 467.5 456.7 466.2 477.4 482.7 485.6 488.8 492.1 496.5 499.8 503.1
498.3 502.7 507.1 510.1 514.4 517.8 519.7 519.9 517.1 521.1 527.3 533.5 540.3 547.3 550.4 553.5 554 552.4 552.8 551.2 550.3 548.9 547.4 545.4 544.2 542.1 539.8 536.1 530.5 525.3 516.8 524.4 524.6 522.9 519.7 517.4 519.6 520.6 518.1 515 508.8 502.3 490.8 468.5 453.6 473.4 491.3 508.6 521.1 529.8 538 542.1 541.8 537.2 529.7 519.8 509.4 502.8 495 479.8 496.3 497.9 494.2 491.3 487.3 479.8 468.8 460.9 470 476.2 486.9 490.5 492.9 495.4 498.1 501 504.6 508.4
500.8 505.5 509.8 514.5 518.5 521.9 523.5 523.5 524.7 526.6 531 537.6 544.4 550.5 554.1 556.6 557.2 558.3 558.2 557.9 558.3 557.3 556.1 552.8 552.4 549.6 546.1 539.5 533.2 524.5 529.3 531.3 530.2 527.9 526 525.2 525 524.8 522.4 517.8 512.1 502.3 488.3 463.9 465 484 500.5 517.5 529.5 538.2 544.1 545.6 542.2 536.1 527.7 519 509.8 504.8 492.2 498.4 501.2 497.4 491.7 487 479.6 469.1 469.4 475.3 483 488.4 494.5 498.3 500.7 502.1 503.6 506 508.8 511.4
503.5 507.9 512.6 517.6 522.4 525.8 527.1 528.6 530.2 532.2 537.6 543.4 549.5 554.8 558.1 560.7 562.7 563.5 564.7 565.8 566.4 566 565.1 564.2 561 556.3 550.1 540.6 533.7 533.6 537.6 537.9 537.1 536.1 534.1 532 531.2 530.2 525.5 520.8 513.4 503 484.1 461.9 478.5 495 511.9 526.4 536.9 544.1 548 546.6 541.4 533 525.7 517 511.3 504.6 503.8 503.7 500.5 494.6 487.8 480.3 473.3 475.9 479.5 488.3 495.3 499.8 501.6 504.5 505.4 507.1 508.6 509.9 511.5 512.8
505.1 510 515.1 520.6 525.7 528.9 530.8 533.2 536.5 539.7 544.3 549.7 554.4 558.6 561.6 564.4 566.7 568.5 570 573.3 575 574.3 572.8 570.6 567 561.3 553.2 548.4 541.9 541.2 546.3 547.4 547 545.3 542.7 540.2 538.2 535.6 530.7 522.2 513.5 501.5 478.9 472.1 489.8 505.7 523.7 535.5 543.7 549.5 549.6 545.9 538.4 532.3 525.2 519 513.2 509.1 508.3 504.1 498 489.4 480.8 480.6 483 487.1 494.4 499.8 503.9 506.1 508.3 509.3 510.8 512 512.4 513.4 513.5 512.8
506.2 510.6 516.8 522.7 528.6 532.4 536.2 539.7 542.6 547.2 550.3 554.1 557.7 561.4 563.5 567.7 571.2 574 577.1 578.5 578.7 578.3 578.1 576.1 573.9 569.2 562.7 559 546.6 552.1 556.9 557.7 558 555.4 551.9 549.5 546 540.1 532.4 524.3 513.6 496.7 477.8 487 501.7 518.4 532.9 542.8 549 551.2 550.3 544 538 531.5 525.1 519.3 515.7 511.1 507 501.2 494.7 487.5 485.1 488.7 493.8 499.5 504.5 507.4 511.6 513.3 513.5 514.9 515.5 515.1 514.5 513 511.4 507.3
503.1 509.8 516.4 524.4 530.6 536.2 541.7 546 548.4 551.7 554.3 557.5 559.9 562.9 565 568.3 571.5 576.8 579.4 581.7 583.5 584 585.4 583.6 581.4 579 574.5 571.2 557.1 566.2 568.7 569.3 568.3 565.9 562.2 558.8 552.3 542.9 532.7 520.6 507.8 490.4 483.3 501.6 519.9 531.9 540.4 547.1 552.2 552.9 550.3 546.3 539.3 533.9 528.4 523.2 517.2 512.9 509.1 502.1 494.2 491.2 495.9 498.4 503.9 509.1 513.7 517.4 519.5 520.4 519.9 519.5 519.2 516.5 514.3 511.8 509.6 505.3
483.1 502.7 519.6 529.3 536.3 541.4 546.1 550.5 554.2 557.4 558.7 559.2 559.8 560.5 562 565.2 571.3 575.5 579.3 584.5 586.5 589.8 590.4 591.2 589.3 587.8 585.5 584.3 576.5 581.4 582.5 583.2 581.8 578 572.7 566.9 559.6 550.2 535.4 520.3 499.7 496.2 499.6 513.1 528.9 540.4 546.8 552.5 554.6 554.3 552.1 548.1 542.4 535.5 530.3 525 520.4 516.9 511.1 500.5 498.7 502 504.1 504.6 512.1 517.5 521.2 523.6 524.7 524.2 523.4 522 520.5 516.3 513.4 510.6 508.7 501.2
503.5 514.2 523.4 531.4 537.5 543.4 549.7 554.2 557 559.1 559 556.9 554.5 552.7 552.6 556.6 562.9 568.6 579.8 586.6 590.4 593.2 595.6 598 598.9 599.3 599.2 597.7 594.6 596.3 596.8 598 595.4 590.7 583.6 576.7 569.2 557.9 539.4 517.8 515.7 519.4 506.4 523.3 533.9 545.6 553 557.1 557.8 556.6 553.9 550.4 543.2 538.4 532.1 528 524 519.8 507.9 504.3 511.1 512.5 512.5 515 518.4 524 526.9 529 529.6 529.3 527.9 524.8 522.3 519.2 516.3 512.8 507.6 503.6
502.1 511.5 521 528.9 536.4 543.7 549.5 554.3 557.2 557 554.5 550.8 541.2 534.2 532.1 540.8 556.9 571 580.6 588.2 594.2 599.3 603.8 607.3 610.2 611 611.9 611.4 609.7 610.6 610.6 609.3 605.5 599.3 596.4 590.1 581.6 563.8 540.2 519.8 534.4 537.4 524.9 524.3 539.8 549.4 558.6 561.1 560.6 558.9 555.7 549.4 545.3 539.9 536 532 527.7 523 513.8 519.7 521.5 521.1 519.6 523 524.9 530.1 533.3 536.2 536.5 534.4 531.5 529.5 525.3 524.1 520.4 516.1 511.7 506.7
495.8 505.1 514.3 524.1 532.7 540.6 547.5 551.7 552.6 550.7 545.8 535.7 522.9 517 536.8 553.5 565.2 575.5 586 592.6 599.2 605.9 611.8 616.7 619.5 621.1 622.7 623.4 623.6 624 623.1 620.2 616.4 611 606.5 599.2 590.3 567.9 540.9 541.5 553.2 556 537.9 525.2 544 553.7 560.2 563.5 562.7 560.6 556.7 552.4 548.1 542.9 539.5 534.7 530.8 525.6 525.6 528.6 529 528.3 527.4 530.1 532 535.2 537.8 540.3 539.3 537.2 535.3 532.6 532.1 528.5 525.8 521.7 516.4 511.3
487.6 497.8 509.1 519.5 528.4 536.6 542.5 545.2 545.5 541.1 529.5 516.2 504.6 522.3 541.7 558.6 571.6 582.9 592.8 600.4 606.5 613.8 619.9 624 627.5 629.4 632.3 632.3 632.4 632.2 631.4 628.6 622.6 618.9 614 605.9 596.5 571.8 550.3 562.8 572.7 568 555.9 546.6 543.9 557.2 563.9 565.6 565.3 562.7 560.4 555.3 549.8 546.8 542.3 536.3 531.3 529.2 533.7 533.9 532.6 532.4 534.3 536.2 536.7 538.8 539.8 541.8 542.1 540.7 540.3 537.4 537.4 534.1 529.6 526.5 522.6 514.6
482.5 493.1 505.1 516.1 523.7 530.9 535.5 537.2 534.5 523.5 510.2 494.4 511.9 531 549.3 565.3 579.1 590.3 598.6 606.2 615.3 621.5 627.1 630.7 635.3 638.2 639.2 639.5 638.5 638.7 636.4 633.4 629.9 625.2 619.4 613.5 596.4 577.4 572.2 583.8 585 580.8 574 564.1 545.8 560.2 566.7 568.3 568.4 567.1 564 556.3 552.1 547.5 541.5 533.6 533.7 536.9 539.5 539.1 536.4 537.8 538.6 539.6 540.5 541.4 543.8 545.1 545.8 546.2 544.5 542.9 540.4 536.8 531.9 528.4 521.7 513.6
483.2 494.2 504.4 513.5 520.5 525 527.4 528.1 519.7 507.4 488.5 499.2 522.2 540.2 557.6 572.5 584.2 593.7 602.6 611.7 620.2 625.7 631.7 637.5 640.3 642.6 643.3 643.5 642.4 641.6 639.7 637.2 634.7 630.2 625.9 619.2 612.5 598.2 596.1 596.2 592.9 588.7 585 572.5 552.3 565.4 569.8 572.1 570.1 568.2 563.1 557.8 551.6 545.6 538.6 537.7 541.3 543 542.2 541.5 542.1 542.7 543.6 543.9 545.4 545.2 548.2 549.3 549.4 548.2 547.1 547.2 544.5 539.8 533.6 527.5 520.1 512.7
485.8 496.6 505.7 512.1 516.1 518.6 520.5 516.7 503.8 489.6 484.9 511 532.2 550.6 566.1 577.5 588.1 596.9 604.9 613.8 621.1 627.6 634.8 638.8 641.1 643.1 644.2 644.4 645.3 645.3 643.1 642.1 640.1 635.8 630.7 624.7 619.1 612.7 607.4 603.8 600.1 595.9 590 584.6 562.5 571.6 575.2 575 571.9 566.9 561.9 557.2 550.7 547.9 541.9 542.9 545.8 547 547.5 546.9 547.3 547.2 547.9 549.6 549.3 551.4 552.9 554.3 554.1 553.8 551.5 549.4 546.8 541.4 535 528 519.9 511.6
490.5 499.1 505.4 509.7 511.5 511.5 510.1 501.9 487.7 470.2 496.1 520.3 540.7 557.2 568.4 581.1 589.5 595.8 601.7 606.1 615.1 624.6 630.1 633.4 636.3 639.8 641.6 645.2 646.1 647.9 648 646.7 644.2 640.3 634.8 629.2 623.5 617.4 613.2 608.5 604 599 594 586.2 575.1 578.3 578.5 576.4 571.4 565.2 559.7 556.5 554.1 549.3 544.1 548.9 550.1 551.1 552.6 552.5 552.5 553.1 553.9 555.5 556.4 559.6 559.4 560.1 559.8 558 555 551.1 546.3 541.5 532.7 525.5 518.6 510.8
493.8 500.2 504.4 506.2 504.9 501.1 495.7 484.3 468.3 482.6 506 526.4 544.7 558.8 570 579.1 581.1 580.4 581.7 585.9 596.1 604.8 611 615.3 622.6 631.4 638.4 644.3 647.7 649.9 651.2 649.1 646.7 642.4 638 632 626.7 621 615.9 611.4 606 599.5 593.3 589 584.7 581.3 579.2 574.4 569.4 566.8 563.4 559.5 555.5 546.8 551.8 554.7 556.3 556.8 557.2 556.6 559.6 559.9 563.1 564.2 565.3 565.6 565.4 566.6 565.4 561.9 557.5 553.2 548.2 543.8 535.6 526.4 517.9 510.6
497.7 501.7 503.6 501.7 497.2 489.5 479.5 467.5 464.8 489.1 510.1 527.5 544.8 556.6 563.1 565.2 564.3 561.4 560.2 563.2 571.4 577.6 585.7 591.9 599.8 623.6 635.6 643.3 648.4 651.6 652 650.4 646.7 643.3 639.2 633.5 627.8 622 617.8 611.2 606.4 599.8 595.1 591 586.1 583.2 579.9 578.3 574.5 570.2 565.2 561.3 555.9 553.9 557.5 559.9 561.3 562.6 562.6 564.2 565.1 568.2 569.9 571.9 572.3 572.1 570.3 570.2 567.8 565 560.8 553.6 547.3 541.7 532.8 525.2 517.7 510.4
497.4 500.6 499.2 494.7 487.7 477 465.1 452.8 473.3 491.5 509.6 526.3 538.2 546.1 547.8 546.3 542 539.3 535.8 540.3 546.7 553.9 569.7 589.9 611.4 625.5 635.1 642.1 646.9 650 650.3 648.8 646.2 642.7 637.8 632.4 627.3 622.4 616.7 610.8 605 599.5 594.2 590.6 586.9 585.6 584.1 580 575.9 570.8 565.6 562.6 554.7 560.5 562.7 564.1 566.1 567.2 568.2 570.1 572.6 574.6 577.3 578.1 577.2 576.5 575.1 572.5 569.8 565.2 557.7 551.3 544.7 538.5 531.2 524.5 517.8 510.5
