app/static/ascii/NT35.asc
ncols 200
nrows 200
xllcorner 330000
yllcorner 650000
cellsize 50
[rows 70 to 104 of 200, columns 0 to 77 of 200]
235.5 240.7 246.5 250.3 252.7 252.5 251.1 249.8 248.9 248.6 247.7 245 238.6 226.9 225.4 225.4 225.4 234 248.8 249.4 247.6 247.2 245.5 243.3 236.7 237.5 239.9 231.5 238.4 243.1 244.1 245.5 246.5 247.5 248.3 245.8 244.4 244.7 244.4 243.5 245.9 250.3 253.9 257.4 253.1 247.6 239.4 238 240.7 243.9 246.9 254.5 257.4 259.3 260.2 259.9 257.8 257 255.3 254.1 256.5 258.2 260.5 263.1 264.7 264.2 261.2 256.6 253.4 254.4 256.8 258.6 260.3 261.2 261.1 260.6 258.9 258.4
240.8 233 236 243.4 248.3 250.3 249.7 249.8 248.8 248.2 248 245.6 239.1 225.4 225.4 225.4 225.4 234.2 244.9 249.7 248.7 248.7 248.6 248 246.7 246.3 240.8 233.9 241 241 241.2 241.9 242.3 242.3 241.7 242.3 242.2 242.4 242.3 242 241.8 245.8 249.1 251.2 247.5 241.5 238.9 241.8 248.4 254.3 256.8 259.4 261.1 262.5 262.1 260.6 257.8 256.4 254 256.1 257.7 259.9 264.1 266.7 267.1 265.4 262 256.9 255.1 256.8 259.7 261.5 263.3 264.8 264.5 263.9 262.7 265.3
250.7 239.8 231.9 230.8 237.5 242.9 246.4 248.7 247.1 246.1 246.3 245 237.3 226.4 225.4 225.4 225.4 236.9 242.4 250.1 249.7 249 250.1 252.8 253.7 250.7 232.9 244.8 247.6 247.4 246.4 243.8 242.6 242.5 241.9 242.6 243.2 243.7 243.1 242.3 241.6 242.1 243.3 241.3 240.7 240 246.1 253.3 256.4 259.8 260.7 261.8 262.9 263.8 262.5 259.9 257.9 256.4 256.6 258.2 259.5 263.6 267.1 264.6 264.1 264.6 262.4 258 259.9 260.8 262.3 263.9 266.1 266.7 266.6 266.3 270.8 271.9
260.1 252.4 244.9 237.1 229.5 229.3 234.5 238.3 240.3 239.4 237.9 235.6 231.9 225.4 225.4 225.4 227.7 242.7 247.9 252.6 254.9 258.4 257.6 255.7 254 242.7 242.4 254 256.8 258.9 257.1 255 250.8 246.2 244.9 245 245 244.8 244.2 243.2 242.2 242.2 243.1 243.9 245.1 250.4 255.4 259.2 260.6 263.1 263.5 264.3 264.8 264.6 262.4 260.9 259.6 258 259.5 259.6 261.4 265 267.8 268.9 267.9 265.8 265 261.4 263 264.8 264.9 265.9 267.1 268 269.2 269.9 275.8 278.4
267.8 262.2 255.9 249.6 242.5 234.5 229 229 230.8 231.7 228.3 225.4 225.4 225.4 225.4 225.4 225.4 246.9 255.4 254.9 257.9 260.5 259.8 259.3 253.1 238.4 252 259.3 260.4 261.7 262.9 259.3 254 251.9 252.9 253 250.9 246.9 248.2 248.3 248.2 249.9 253.4 255.9 258 258 260.7 262.8 264.8 265.5 266.2 266.3 266.7 265.9 262.9 262.1 260 260.5 260.5 261.5 263.7 264.1 268.1 270.7 269.5 269.9 268.7 266.3 266.3 266.8 267.1 268.2 269.2 270.2 271.1 272.9 277.4 280.9
270.6 268.7 264.1 259 253.7 248.1 242.2 235.6 233.3 232.1 225.5 225.4 227.5 225.4 225.4 225.4 239.2 256.5 259.1 258.5 260 261.4 260.7 256.7 245.6 242.4 256.5 262 261.3 261.9 262 257.8 256.5 256.4 255.4 255.1 250.5 254 255.2 254.9 258 259.9 262 262 262.9 262.7 264.1 265.7 267.2 267.5 268.6 268.5 268.7 267.5 264.6 263.3 261.6 263.6 262.5 264.5 266.8 266.2 269.2 271.6 270.9 273.2 271.5 268.7 267.3 267.7 268.1 268.9 271.1 272.1 272.9 274.2 276 278.1
270.5 269.8 266.5 264.2 261.2 258.3 252.5 246.5 242.6 240.5 237.2 235 232.5 225.4 225.4 225.8 248.2 257.5 260.7 261.8 263.5 262.4 256 247.2 240.8 252.7 259.9 261.1 260.8 262.2 261.1 259 260.3 260.9 261.6 259.7 253.6 255.3 258.8 259.1 262.8 263.9 264.3 264.9 265.4 265.8 266.8 268.3 269.7 271.7 271.6 271.4 271.7 270.8 266.6 264.1 264.4 264.3 265.2 267.8 270.2 270.9 270 273.1 274.8 275.2 273.1 271.3 269.8 269.3 269.9 271.2 273.8 275.1 276 277 277.5 276.8
269 267.8 265.1 261.6 260.6 262.1 258.1 251.7 248.6 247.4 248 245.3 240.2 229.8 225.4 225.4 236.5 257.8 260.9 263.5 259.4 253.1 247.7 244.4 253.3 258.6 262.1 262 262 263.7 261.5 261.5 263.3 264.3 264.7 259 259.9 256.4 261.3 262.3 263.3 265.4 267.3 266.3 267.1 269.1 270.9 271.9 272.3 272.8 272 272.6 273.8 273.2 269.3 266.4 267 267.4 268.7 271.2 273 274.6 272.3 274.7 276.5 276.7 275.4 274.3 273.6 272.2 272.5 274.5 277.5 278.4 277.8 280.5 280.9 280.1
266.7 266.1 264.2 263 260.4 260.1 261.2 257.7 255 257.5 258.7 254.7 246.4 240.4 230.9 225.4 225.4 239.5 254.2 252.6 249.7 247.9 249.5 255.4 261.6 265.9 263.3 265.3 268.2 267 264.5 263.9 265.7 267.8 264.5 258.5 263.2 259.2 261.8 263 265 268 267.8 268 269.8 271.7 274.7 276.3 276.6 275.4 276.9 277.7 276.9 274.1 272.2 269.2 270.2 271.7 272.8 274.6 277.1 277.8 276.6 276.6 277.6 278.4 277.6 277.6 277.3 275.9 275.8 277.5 279.7 280.5 280.4 282 283.6 283.6
263.1 265.7 263.9 262.7 260 259.8 261.3 261.1 262.2 261.6 262.1 258.8 252 248.9 239.3 225.4 225.4 231 245.7 246.5 248.5 253.6 261.5 267.8 265.3 267.2 266.8 272.4 272.5 271.7 270.5 266.9 267.8 268 261.4 262 264.1 261.8 264.8 266.2 268.3 270.5 269.7 270 272.4 275 278.2 278.9 279.8 280.2 280.5 280.3 279.5 276.3 272.9 273.8 274.1 275.9 275.8 277.2 278.5 279.2 278.2 278.4 279.6 279.8 279.3 279.1 279.5 278.9 278.8 279.7 279.8 281.1 282 284.2 288.9 287.6
261.7 265 264.1 262 260.4 259.2 261.7 260.6 260.1 261.7 259.9 257.3 257.1 254.7 242.3 226.1 225.4 231.6 247.4 252.9 256.5 263.4 268.5 268.4 268.1 269.4 271 275 274.1 272.3 271.4 269.7 269.2 264 262.9 270.8 267.5 263.1 265 268.7 271 270.2 271.5 272.8 275.6 278.3 281.3 281.6 282.8 283.1 284.7 284.6 281.4 279.7 276 277.4 278.5 277.3 279.2 281.4 282.3 282.2 280.7 279.9 281.2 280.9 280.6 280.1 281.5 280.7 281.1 280.6 281.3 283.1 287.1 289.1 291 290.5
259.5 262.7 262.1 261.2 259.7 259 260.1 260.2 260.7 260.8 258.9 257.5 255.6 250.4 237.5 228.1 227.5 234.5 249.7 259.8 268 269.3 270.4 270 268.5 268.6 271.8 275.7 273.3 272.9 273.4 271.1 266.9 262.7 273.2 277.5 270.6 269.3 268.3 267.2 268.8 271.9 274.6 276.4 277.9 281.9 283 283.8 284.6 286.9 287.1 285.9 283.6 280.4 280.2 281.1 281.6 281.9 283.1 284.3 285.1 285.1 283.9 283.4 284.4 283.7 282.1 281.3 282.3 282 281.7 281.9 284.1 286.2 286.3 287.2 287.5 286.8
256.5 261.6 261.3 259.8 260 259.4 260 259.3 259.1 258.7 259.8 257.6 252.7 242.4 232.6 228.7 229.1 240.2 251.4 267 270.9 272 271.3 269.9 269.6 269.2 269.4 271.7 272.6 273.1 274.2 271.7 264.2 269 279.7 278.1 279.7 273.2 273.3 274.9 275.4 271.8 276.7 278.9 280.6 283.2 284.9 286.4 287.4 288.6 289 287.6 285.2 282.8 283.6 283.8 284.4 285.8 286 286.7 287.4 287.2 286.1 284.6 284.7 284.8 284 283.8 285.2 289.8 289.6 287.6 287 287.3 288.3 287.9 286.8 285.1
256.9 255.9 257.4 257.8 259.8 260 257.5 254.3 253.6 252 247.6 243.4 245.6 248.5 237.8 229 230.6 240.4 251.7 265.9 274.4 274.8 270.6 270.7 272.3 271 272.3 273 272.3 272.8 274.2 268.6 264.8 275.9 281.8 282.3 280.6 274 275.1 275.5 277.2 275.9 274.3 277.8 282 283.8 284.1 284.8 285.4 287.6 286.6 285.1 284.1 282.8 283.5 286.4 285 288.1 287.5 289.1 289.9 289.9 287.5 286.1 284.5 284.7 285 286.4 289.3 293 292 289 288 287.4 287.1 287 285.7 285.2
257.1 254.3 254.2 254.1 254.6 253.6 252.2 251.4 250 251.6 257.9 259.3 258.1 253.5 244.1 230.3 232.9 238 250.7 269.8 277.5 274.6 270.7 271.2 273.9 274.3 276.2 275.7 273.5 273.5 270.2 265.3 274.3 281.8 283.3 282.8 283 277.9 280.8 281.7 281.3 279 277.3 279.1 283.6 285.6 286.4 288.8 289.6 290.2 289.7 287.4 283.7 284.5 282 284.2 285.3 287.8 288.4 290.1 290.9 290.5 287.9 286.7 285.7 286.2 288.5 292.7 290.5 290 288.9 287.5 286.2 284.4 282.3 280 277.6 275.4
255.4 254.5 255.9 256 257.2 259.1 259.9 258.8 257 261.1 260.3 260.1 258 253.1 247.8 232.7 231.1 236.4 249.3 266.2 278.5 273.3 271.7 273.3 275.3 276 274.4 271.9 269.4 267.9 267.2 274.9 281.8 284.1 284 282.7 279.9 281.7 283.4 284.5 283.9 284.8 284.9 282 284.9 287.6 290.1 293.9 295.8 296.4 295.9 294.8 292.3 288.4 288.5 288.6 285.8 286.6 287.1 288.5 287.7 287.6 287.2 286.2 286.7 289.2 294.9 291.4 290.8 291.3 291.3 289 286.9 286.5 285.9 285 282.6 282.4
254.8 255.8 257.4 259.1 260.2 261.2 261.3 260.1 259 260.8 260.8 259.2 257.4 253.9 252 236.2 231.6 233.6 247.1 265.5 277.1 273.3 272.7 275.1 273.2 272.1 270.4 269.9 269.2 269.8 273.7 278.8 283.5 284.6 285 284.4 282.6 284.7 285.6 286.2 286 286.2 287.6 286.3 286.9 289.8 296.3 298 298.3 297.9 297.5 296.4 294.3 294.5 293.5 289.7 293 291.2 288.7 289 289.4 289.3 290.6 292.7 293.7 297.5 293.7 292.8 292.4 292.4 292.7 287.8 288.4 290.1 290.1 288.1 286.8 286.9
256.2 257.7 258.8 259.8 260.8 261.5 261.7 260.8 259 260.7 260.4 259 256.9 254.5 252 250.6 237 233.2 246.2 263.6 275.3 272 270 268.6 269.3 273.6 276.7 277 275.7 274.6 275.4 278.6 280.7 283 284.8 285.3 285.8 286.6 287.3 287.7 287.6 289.7 289.5 288.4 291.3 296.5 298.6 299.6 299.3 299 298.6 297.5 296.3 296.7 293.2 294.6 295.9 296.6 296.6 293.9 293.8 295.5 295.3 297.7 295.6 295 294.7 293.8 294 294.1 290.6 290.3 291.8 292.3 293 290.9 289 290.4
258 258.4 259.3 260.4 261.4 262.2 262.1 260.5 259.7 260.3 260.5 259.7 257.1 253.5 253.2 248.6 235.1 232.7 242.1 257.8 265.3 266.5 268.5 270 275.8 279.2 281.5 278.2 279.2 278 278.3 278.8 282.3 285.3 285.4 285.6 286.1 287.3 288.4 289.2 290 290.1 287.5 291.1 295.8 298.1 300 300.3 300.6 300.2 299.8 299.1 297.4 295.9 298.1 299.3 299.8 298.7 297.4 297.2 297.5 297.7 297.5 296.4 295.3 295.7 295.3 295 294.5 291.9 293 294.4 294 293.7 294.7 294.1 291.7 294.8
258.9 259.5 261 262.2 261.3 263.4 262.6 261.4 260.8 259.9 260.3 260.2 255.1 254.3 249.3 238.7 233.1 234.1 244.4 254.1 263.5 268.9 273.2 274.8 278.9 281.3 281.4 279.9 279.9 280.8 281.4 282.6 283.3 285 286.3 287.4 287.8 288.7 289.8 290 289.8 289.1 288.6 294.3 298.2 300.4 301.8 302 302.3 301.8 301.4 300.4 298.6 299.3 301 301.2 301.3 300.5 299.7 299.2 299.6 298.6 298.8 296.7 295.9 296 295.9 295.6 295.4 294.4 295.5 296 295.8 295.5 295.6 296.4 294.1 294.2
259.5 262.2 262.7 263.3 263.4 264 262.6 262.2 261.6 259.6 259 258.6 255.6 255.2 244.1 236.2 234.4 241.6 253.7 258.3 270.6 275.7 276.3 277.2 280.4 281.6 281 281.3 283.2 284.5 285.3 285.7 287.3 287.7 287.8 288.1 288.6 288.8 289.9 290.2 290.4 289.8 293.2 297.2 300.5 302.1 303.1 303.3 303 303.8 303 300.4 300.1 301.6 303.3 303.2 302.9 302.3 300.3 300.1 299.7 300.4 298.9 297.7 297 296.8 296.8 296.8 296.6 294.9 297.4 297.8 297.5 297.1 297.3 298.5 298 296.3
262 263.8 264.6 264.8 265.6 264.4 263.4 262.8 261.7 259.8 259.1 257.5 259.1 255.6 242.5 235 239.1 244.8 257.8 262.8 269.6 276.4 279.4 280.5 281.5 281.1 280.5 282.8 285.4 286.4 288.2 289.5 289.3 288.9 289 288.8 288.9 289.6 289.8 290.7 292.2 294.6 298 300.3 302.2 303.5 304 304 304.5 303.9 301.2 302 303.3 304.4 304.8 304.6 303.5 301.3 300.5 300.9 302.8 302.6 300.4 299.1 298.3 298.1 298.2 298.1 297.9 297.8 298.9 299.4 299.1 299.1 299.4 299.5 300.6 298.9
264.6 265.3 266.4 266.4 266.1 265.3 264.3 263.1 262.5 262 260.1 260.4 260 254.7 236 235.5 242.6 249 258 265.3 270.1 277 280.7 282.5 283.2 281.3 282.1 284.4 287.2 288.5 290.6 292 291.4 290.6 290.4 290.5 290.7 291 291.6 292.8 295.4 298.4 300.7 302.5 304.3 305.1 305.5 305.2 303.1 302 304.1 304.4 304.7 304.9 303.6 303 301.3 301.1 303.6 304.8 303.9 303.5 302.1 301 300.1 299.8 299.9 299.9 299.6 298.9 300.1 301 300.8 301 301.4 301.2 301.4 299.3
267.1 267.8 268.2 267.5 266.8 266.4 266.9 266 265.4 263.8 262.2 263.1 260.4 255.8 238.8 236.8 247.1 258.7 261.8 268.6 273.8 278.2 280.1 282.1 282 281.3 283.6 286.4 288.5 290.7 293 293.7 292 292.2 292.6 292.8 292.8 292.9 293.8 296.3 299.3 299.5 301.2 302.9 304.4 304.5 303.7 302.3 301.6 302.9 302.7 302.5 302 301.9 301.8 301.4 302.4 304.7 305.6 305.9 305.2 304.5 304 302.4 301.9 301.9 302 301.3 301.1 299.9 301 302.5 303.2 302.2 302.3 302.1 302 300.4
269.1 269.1 269.2 269.5 269.9 270 268.7 268.5 266.6 265.5 263.1 260.5 261.3 246.5 236.8 240.1 255.5 266.7 266.3 273.2 274.6 278.7 281.7 284.1 282.3 283 285.1 288.2 291.9 292.9 294.4 293.9 292.7 293.6 294.3 293.6 293.8 295.9 297.8 300.4 302.3 302.5 301.2 302.2 302.3 302.8 303.1 303.1 305.8 306.5 305.5 305.9 307.7 308.4 309.1 309 309.1 308.1 306.4 306.3 305.6 305.2 304.3 303.7 303.5 303.2 303.4 302.3 301.9 301.5 301.9 303.5 303.4 303.3 303.2 302.7 302.3 301.2
271 271.5 271.8 272.1 272.7 273.2 272.2 270.7 268.7 266.9 263.1 260.7 246.9 237.4 239.2 241.4 253 264.5 269.6 271.2 273.7 278.6 283.1 284.7 282.6 284.2 286.7 289.9 293.4 294.2 294.1 293.7 294.2 295.6 294.8 294.9 297.3 299.9 301.8 304.1 305.1 304.9 301.5 303.3 305.7 306.5 307.9 308.9 308.4 311.9 312.3 311.8 311.7 311.1 311.3 311 309.6 308.1 308 307.3 307 306.7 306.1 305.5 305 304.2 304 303.4 302.6 302.9 302.2 303.7 303.6 303.6 303.3 303 302.6 303.6
273 273.4 273.5 273.2 273.7 274.6 273.6 272.3 270.6 267.3 263.7 260.5 243.9 238.7 241 255.9 256.2 258.4 264.7 266 271.6 278.1 283.8 284.8 283.6 285 287.9 290.8 293.2 293.6 294 294.5 296.2 296.3 297.6 300.4 302.4 304.1 306 307 307.5 306.2 302.8 306.6 309.1 310.4 310.8 311.1 311.3 313.2 313.1 313.1 312.5 311.4 311.3 310.2 310.1 309.9 310.9 310.4 310 309.7 308.4 307.4 305.7 305 304.4 304.1 302.9 303.7 303.7 303.6 303.9 303.8 303.5 303 302.3 301
275.4 275.8 275.9 275 274.9 276.1 275.1 273.7 271.2 267.4 264 260.4 242.9 240.8 253.4 266.3 270.3 268 262.3 264.2 268.4 276.7 283.3 283.7 282.6 285.8 288.9 291.5 292.9 293.3 292.9 294.7 297 299.9 302.8 304.4 306.6 307.8 309 310 309 306.4 304.6 310.1 311.9 311.9 311.3 312.6 315 315.4 316.9 317.6 317.8 317.8 316.9 314.7 314.5 314.7 313.7 312.4 311.7 311.4 310.1 309 307.5 306.9 306.2 305.2 304.2 304.5 304.9 304.2 304.2 304.1 303.7 302.8 301.3 298.6
278.2 278.1 276.7 275.2 276.3 277.6 276.5 274.1 270.7 267.1 263.5 256.6 242.5 240.6 263 271.6 272.4 272.1 267.5 264.7 265.9 272.8 278 279.4 282 284.9 288.7 291.1 292.6 293.1 294.6 296.7 299.8 304.2 307.3 308.5 310.2 310.9 312.2 311.7 309.8 305 306.5 311.3 312.8 313.3 314.5 316.2 318.7 318.8 319.5 320.7 321 321 319.4 317.7 317.8 317.6 316.1 314.5 313.7 313.3 312.8 311.8 310.1 308.4 307.3 306.2 305.5 305.2 305.2 304.8 304.6 304.5 303.8 302.5 300.3 299.5
279.5 277.7 276.2 276.1 277.6 278.5 277.3 273.4 269.9 266.2 261.6 248.6 243.6 246 265.8 275.2 275.3 274.3 269.5 268.5 267.3 270.8 273.4 277.1 281.2 285.2 289.1 291.6 293.3 294.4 296.3 298.7 303.4 309.2 310.6 311.7 313.7 314.7 314.8 313.1 309 305.9 310.9 316.1 315.6 316.8 317.1 318.6 320.2 321.4 322.3 323.8 324.1 324 322.1 320.1 320.7 320 318.5 316.6 315.9 315.3 314.5 313.2 311.3 309.3 308.6 307.7 306.8 306.2 305.6 305.7 305.1 304.4 303.5 302.5 301.3 300.9
279.9 277 276.3 276.6 278 278 275.7 271.4 268.7 263.1 252.2 245.4 244.3 257.9 273 277.8 278.1 279.4 275.1 274.9 275.2 272 277.8 282.6 284.6 288 290 292.7 294.6 296.2 297.2 302.5 308.4 312.4 313.3 314.3 316.3 316.6 315.6 311.7 311 306.4 313.3 317.6 318.2 318.8 319.5 320.6 322.9 323.6 325.3 326.6 327.2 326.7 324.1 323 323 322.4 320.9 318.6 317.5 316.6 315.6 314.6 312.3 310.5 309.5 308.7 307.7 307 306.5 306.7 305.5 305.2 304.3 303.4 302.6 302.4
279 276.7 276.4 276.8 277.6 276.7 272.4 269 259.6 249.7 243.8 249.6 262.1 267.5 275.4 278.6 278.9 280.6 278.8 274.7 278.4 272.5 278.5 283.8 287.6 288.2 290.4 294.1 297.2 298.3 299.9 305.6 309.9 314.2 315.2 316.4 317.8 317.9 314.7 312 311.7 309.3 318.5 320.5 320.5 321.6 322 323.5 324.7 325.5 327.5 329.1 329.3 328.4 326.5 325.4 325.4 324.7 323.2 320.5 318.5 317.3 316.3 315 313.5 311.3 310.1 309.1 308.6 307.8 307.4 307.3 306.8 305.8 305.4 304.7 304.3 303.8
277.3 275.7 275.7 276.3 275.5 272.3 268.6 261.6 248.8 253.4 256.3 258.4 268.8 272.1 278.9 278.3 278.7 280.2 279.4 279.6 280.5 277.7 278.1 284.5 288 287.5 292 295.4 298.3 299.9 300.3 307.8 311.9 314.4 316.6 317.5 318.4 317.5 314.3 313.6 311.2 312.8 319.5 321.8 323 323.3 324.7 326.4 327.5 328.6 330.7 331.7 331.4 330.3 328.8 327.6 327.5 326.6 325.4 322.5 319.7 317.9 316.9 315.9 314.4 311.8 311.4 310.1 309.3 309 308.8 308.3 307.7 307.2 306.9 306.2 305.8 305.1
276.2 274.9 275 274.6 273.1 269.1 262.5 251.4 248.6 261.8 264.5 267 271.2 274 277.9 277.1 279.7 280.1 279.6 280.1 281.8 281.1 284.1 284.1 286.3 287.8 292.8 296.3 299.3 300.6 301.5 309.4 310.3 313.2 316.1 317.2 316.6 316.1 315.2 312.3 311.1 318.6 321.9 323.6 324.6 325.6 327.4 328.4 329.7 331 332.4 333 332.4 331.9 330.1 329 328.3 327.8 325.9 322.9 319.9 318.1 317.1 315.9 314.1 312.1 311.8 311 310 310.1 310.2 309.4 309.4 309.1 308.6 308.1 307.4 307.2
275.5 273.9 273.5 272.4 270 266.7 251.2 250.4 266.2 269.5 271 273.9 272.9 275.1 276.9 276.9 280.6 280.7 279.5 281.5 281.6 284.3 286.5 286.3 286.3 288.1 292.1 295.7 300.9 300.6 303.4 309.3 309.6 310.9 313.8 316.1 316.2 315.1 311.7 312 319.5 322.5 324.2 325.3 326.2 327.2 329 330.1 331.1 331.8 333 333.2 332.6 331.8 330.6 329.7 328.8 328.2 325.9 323 320 318.5 317.2 315.7 313.6 313 311.5 311.7 311 311.3 311.2 311.6 311.5 311.2 310.9 310.5 309.8 309.4
