app/static/ascii/NT40.asc
ncols 200
nrows 200
xllcorner 340000
yllcorner 600000
cellsize 50
[rows 0 to 34 of 200, columns 0 to 77 of 200]
295.1 292.4 288.4 284.2 279.6 277 277.9 280.8 284.8 298.4 306.3 310.6 314.9 314.6 313 310.7 306.3 302.3 299.8 294.4 296.9 306.5 309.1 309.4 308.1 306.9 305.7 303.6 300.6 297.2 292.2 290 289.1 290.5 292.1 294.8 297.2 299.1 300.1 300.9 301.4 300.8 298.8 295.5 292.2 289.6 286.6 283.8 280.8 277.2 273.6 269.7 264.8 258.8 254.6 251.1 249.7 248.6 248.9 245.8 241.2 233.5 231.1 228.7 227.1 225.6 225.7 224.8 224.5 222.8 220.1 217 214.7 215.9 217.1 219.1 219.5 217.5
293 291.3 289.1 284.8 281 279.7 279.6 282.5 292.7 303.8 311.5 318.3 319.5 318.5 316.6 312.7 307.9 303 299.5 296.7 298.8 302.4 304.6 304.2 303.8 303.2 302.4 299.5 293.2 288.3 285.2 284.6 287.4 289.1 291.2 294.2 297.4 300.5 301.5 302.1 302.7 300.9 298 295.1 292.7 289.6 286.6 283.7 280.1 276.7 273.5 270.8 267.7 265.5 262 256.9 254 252.9 251.1 244.8 239.4 236.1 235.2 233.9 232 230.3 229.1 227.9 225.2 222.5 219.8 217.7 218.3 219.2 220.5 220.9 220.5 219.1
291.5 291.5 289.4 284.4 281.4 280.8 281.2 285 294.3 304.9 320.7 323.6 323 320.8 318.6 313.6 308.9 304.5 300.8 299 298.7 298.7 299.4 299.6 299.6 299 296.7 290.9 286.2 283 282.2 283.4 285.6 287.8 291 296.1 299.6 301.3 303.2 303.9 304.7 301.2 297.4 294.6 292.3 289.5 286.5 283.7 280.5 277.3 274.4 271.7 269.3 267.2 264.5 258.2 257.8 254.6 248.7 246.2 242.6 243.3 241.1 238.5 236.4 233.4 230.3 228.2 225.6 222.9 220.5 220.7 221.5 222.7 222.7 221.4 220.6 218.1
294.5 291.2 287.1 284.2 283 282.1 284.8 288.9 298 313.2 323.3 326 324.2 324.4 319.1 314.8 310.9 307.2 303.6 300.8 298.8 298.1 297.5 296.4 295.2 293 288.9 284.7 281.3 280.1 279.2 279.3 284.5 288.2 293.6 298.5 301.9 305.2 306.9 307.1 306.5 302.4 297.1 294.2 291.9 289.2 286.4 283.7 281.1 278 275.5 273 270.3 266.9 264.4 262 259.4 255.8 254.8 253.5 253.7 251.5 248.2 244.4 239.8 235.2 231 228.5 226.3 224.1 223.3 223.5 223.8 222.8 221.6 220.1 219.8 220.8
292.2 289.3 287.5 286.3 285.5 286.4 290.2 295.6 306.5 317.5 325 326.8 325.5 323 319.6 317.1 313.6 309.9 306.2 303.3 300.2 298 296.8 293.9 290.9 288.8 285.8 279.6 275.6 276 273.8 278.2 284.7 290.5 296.8 302.6 308.4 312.3 314.8 313.6 311 305.2 298.2 294.5 291.9 289.1 286.5 283.8 281.2 278.7 276.2 273.8 270.4 267.7 265.5 262.7 260.4 259.7 260.2 262.1 260.3 256.6 253.8 249.5 242.8 237.4 233 232 230.5 228.5 226.9 225.5 223.1 221.3 219.8 221.1 221.8 223.3
290.6 290.8 291.5 291.2 291.6 292 295.8 302.8 312.6 316.2 325.5 329.8 326.9 324 321.9 319.6 316.2 312.4 308.5 304.7 301.5 298.2 295.1 291.7 289.1 285.8 280.3 274.3 271 271.1 272.4 279.8 286.8 293.3 300.1 307.5 315.6 320.2 323 320.6 315.6 307.9 300 295.3 292.3 289.4 286.7 284.1 281.5 279.3 276.7 274.1 271.9 269.5 267.1 264.7 263.8 263.5 267.7 266.6 265.8 263.4 259.5 252.5 243.5 237.9 236.9 236.6 235 233.5 227.7 224.2 220.8 222.7 223.3 223.3 224.1 225.6
291.7 294.8 297.8 300.9 301.7 301.2 303.4 308.7 311.1 317.8 325.6 326.6 326.2 327.4 324.6 320.8 316.9 312.8 308.9 304.4 300.6 296.6 294 290.7 285.2 280.5 274.9 270.3 269.2 269.9 274.2 281.2 288.6 294.1 302.4 312.5 322.1 328.3 329 325.2 317.8 309.5 301.4 295.6 292.7 289.9 287 284.3 282 279.8 277.3 275.1 273.4 271.3 269.3 267.7 266.6 267.6 269.8 274.6 272.7 267.9 260.8 251.7 243.1 239.9 240.3 240.1 235 229.1 225.8 224.4 225.7 225.8 225 225 227.2 228.9
294.7 300.7 307.5 310 308.2 308.1 311.9 311.3 316 318.9 321.1 326.7 327 324.6 322.3 319.8 316.3 312.4 307.8 302.9 297.8 294.3 290.7 285.6 280.2 275.2 271.3 268.6 268.5 269 274.8 279.7 285.3 292.9 304.9 316.7 326.1 331.2 330.7 325.4 317.3 309.3 302.2 297.7 294.9 291.6 288.4 285.3 282.5 280.4 278.6 277.1 275.5 274.2 272.4 270.8 270.7 273.7 278.8 279.7 272 264.7 256.2 249.1 243.9 244.2 244.6 236.7 230 226.9 226.2 227.2 227 226 226.8 228.7 231.3 233.5
296.3 305.2 312.4 313.9 311.9 314.4 313.8 320.7 322.2 321.8 320.1 318.1 316.2 316.3 317.6 314.5 310.5 307.2 303.1 299.1 294.6 289.5 285.3 277.8 274.6 270.9 270 268.4 267.9 269.3 273.6 278.3 284.4 293.7 307.3 317.6 325.2 328.8 326.4 322 316 309.9 304.6 301.2 298.6 294.3 290.7 287.4 284.6 282.5 280.9 279.2 277.4 275.2 274 273 274.4 276.7 277.5 273.4 266.7 258.9 251.7 246.2 242.8 242.4 235.7 230.2 226.8 226.9 226.1 226.3 226.5 228.1 230 231.5 234.1 236.5
296.9 305.4 312.7 316.1 318.1 320.4 322.2 324.7 323.5 321 318.3 313.9 310.5 307.2 304.4 302 300.2 297.3 293.3 294 286.3 280.2 275.8 273.5 271.8 270.8 270.5 269.9 269.1 269.8 273.2 277.2 283.4 296.1 307.4 313.9 318.8 319.8 317.8 315.8 312.8 309.5 306.4 303.9 300.3 296.9 293.3 289.8 286.4 284.1 282 279.8 277.6 275.5 274.1 273.6 274.1 276.6 274.8 271.4 263.3 255.7 248.2 241.7 237.8 233.4 228.3 225.3 224.6 223.9 223.9 225.6 227.9 231.1 232.3 234 236.7 238.9
297.2 310.4 319.3 325.8 328.9 330.5 328.7 327.2 323.6 319.7 315.2 309.9 305.3 301.2 296 292.3 289.5 290 288 285.6 282.1 277.5 274.7 274.5 273.7 273.7 273.4 272 269.7 269.3 272.6 276 283.7 296.2 305.6 311 313.1 311.5 311.4 311.4 310.8 309.3 307.2 304.1 301.6 299.4 296.2 291.7 287.3 284.2 282.3 280.6 278.4 275.7 274 273.8 277.4 277.9 275.2 269.4 261.6 253.7 245.3 236.9 231.1 225.8 221.9 221.7 221.7 222.1 223 226.1 229.7 232 233.8 235.5 236.8 237.7
304.3 318.7 333.6 342.1 339.9 336.2 331.9 327.1 322.6 317.2 311.5 306.1 300.3 294.9 292.2 289.8 288.5 286.8 285.3 283 278.8 278.7 278.4 277.6 276.9 276.2 274.1 271.3 269 268.2 271 273.8 284.1 295 303.4 304.1 303.3 302.9 304.4 306.5 306.5 305.3 303.1 302.6 302 301.9 298.8 292.6 287.3 285.2 283.7 282.6 280.8 278.9 278 278.9 285.5 281.6 274.7 266 257.7 249.2 240.2 231.6 226.5 221.5 218.2 218.5 220.5 221.4 222.8 225.8 229.2 230.5 231.9 232.6 233.3 233.9
310.5 326.7 340.1 347.1 343.1 336.4 331.2 325.6 320.1 315.2 309.2 301.7 294.7 293.2 291.8 290.4 289.1 287.2 284.6 283.2 282.5 281.7 281.2 280.3 278.8 276.2 273.5 270.7 268 266.8 268.3 270.8 277.1 286 291.2 291.4 291.2 292.2 295.2 297.9 298.9 296.8 296.1 297.9 300.9 302 296.9 290.6 288.9 288.2 287.1 285.9 284.5 283 283.5 287.5 283.8 276.1 267.2 258.9 251.2 243.1 234.9 227.1 221.6 216 215.6 217.4 219.3 220.4 222.2 223.7 225.4 226.6 227.8 227.9 228 228.3
314.9 326.1 340.9 344.6 338.9 333.8 328.7 322.9 316.9 311.5 305 300.6 297.1 295 292.9 291.2 289.7 288 286.9 285.9 285 284.1 283.2 281.4 278.7 275.7 272.9 270.1 267.5 268 267.8 266.7 269 276.2 279 278.5 278.8 279.2 282.5 285.2 286.3 286.3 287.9 293.3 294.6 292.9 288.7 287.3 289.7 290.2 289.2 287.5 285.6 284 284.2 284.4 276.4 268.2 260.1 251.3 242.9 235.4 228.6 222.1 216.4 214.7 215 216.6 217.8 218.8 219.7 220.9 222 221.8 221.6 219.8 219.2 218.7
320.5 327.6 336.4 339.2 336.2 330.7 326.1 319.9 314.3 309.7 305.4 301.5 298.8 296.4 294.2 292.2 290.8 290 289.1 288.3 287.5 286 284 281.8 279.2 276.2 272.7 269.5 269.2 270.5 271.8 271.2 269.3 265.6 267.6 268.6 266.8 267.6 270 272.3 273.9 273.4 276.1 280.9 281.7 281.4 281.3 284.1 286.4 287.2 285.3 286.8 282.3 281.5 281.3 278.8 267.5 258 249.8 241.5 235.6 229.8 223.6 219.2 216.4 214.5 214.8 215.3 217.1 217.9 218.7 220 220.9 220.6 220 221.1 219.3 216
321.6 329.6 337.4 337.6 333.1 328.7 324.1 319.6 314.8 310 306 303.3 300.4 297.7 295.5 292.8 292.3 292 291.3 290.5 289.4 287.5 285.4 282.6 279.8 276.9 273 269.7 271.5 273.2 274.6 276.3 275.4 271.4 265.6 258.6 257.6 255.3 258.6 259.7 260.5 260.4 264.7 269.8 270.3 267 269.6 273.9 277.7 279 274.9 274.1 275.9 278.3 283.8 272.6 259.5 249 241.6 235.6 229.8 224.6 220.4 217.1 214.7 214.9 215.9 218.9 219.7 219.2 219.7 221.8 223.9 226.8 228.2 227.2 223.2 219
321.1 330.1 338.4 334.4 330.4 329.6 326 321.7 316.2 310.9 308 305.3 302.4 299.5 297.4 295.6 295 294.2 293.6 292.3 291 288.9 286.5 283.6 280.5 277.6 273.9 272.2 273.6 275.1 277.3 279.2 279.3 276.2 272.4 268.9 265.1 260.8 254 249.5 251.3 253.7 259.1 259.4 259.1 260.1 263.4 265.5 266.6 267 265.9 268.2 273 279.3 277.9 263.1 251.9 242.2 235.3 229.7 223.3 218.8 216.4 214.6 218.2 219.4 221.8 222.4 223.1 224.4 226.3 229.2 232.7 234.3 232.4 229.1 226.4 222.2
323.7 330.8 334.5 335 335.1 332.1 328.2 323.3 317.8 314.1 312 309.8 307.6 305.7 304 302.1 299.5 297.3 296.3 294.9 292.7 290.2 287.6 284.3 281.2 278.4 275.1 273.6 275.1 276.8 279.1 281.4 281.8 279.4 277.2 274.7 270.6 266.3 261.3 256 252.5 243.4 245.9 246.9 249.8 253.3 256.5 257.8 258.8 259.6 260.6 264.9 272.7 272.9 267.6 257 246 235.1 227.1 219.4 214.6 214.4 215.4 219.4 223.3 223.6 224.9 225.9 228.8 232.5 235.5 238.1 237.8 236.3 234.2 231.8 229.5 225.3
328 337.4 339.5 340.2 337.9 334.3 329.8 324.9 321.7 319.3 316.5 316.7 313.3 313.8 311.6 308.4 305 301.4 299.3 296.9 294.5 291.4 288.2 285 282 279.3 276 274.6 276.3 278.2 280.1 282.1 283.7 282.7 280.3 276.9 273.3 268.8 263.7 258.3 253.2 249.6 238.7 238.9 241 244.1 247.3 252.2 254.6 253.6 256.4 257.5 258.9 261 263.7 250.9 237.5 226.9 218.3 213.6 213.7 216.2 222.8 226.1 226.2 225.8 227.8 231.2 235.5 239.4 241.4 241.9 240.9 239.2 237.8 235.4 231.9 228.5
332.1 342.9 343.4 343.8 340.8 336.3 331.5 327.8 325 322 318.3 319.5 321.2 321.7 317.8 313 308.3 304.9 302.5 299 295.6 291.9 288.6 285.5 283.1 280 276.3 275.5 277.6 279.7 281.4 283.2 284.9 285.2 282.1 278.4 274.8 270.3 265.2 260.2 255.6 251 247.5 241.7 236 237.3 244.9 246.8 245.3 244.3 243.4 246.2 256.4 261.4 255.7 243.9 228.2 220.1 215.8 217.1 218.4 222.9 227.1 228.5 228.4 229 234.4 240.3 244.3 245.5 246.3 246 245.3 242.9 241 237.7 234.2 231
337 343 346.6 346.1 343.6 338.8 334.1 330.1 327.2 324 326.2 327.6 327.2 324.3 319.8 314.3 310.4 307.5 304.9 299.6 295.5 291.9 289.1 286 283.5 280.9 277.7 276.7 278.9 282.8 284.5 286 286.9 286.5 283.2 279.6 275.6 271.5 266.9 262.4 257.9 253.3 249.4 244.5 241 233.3 237 239.7 236.9 234.3 237.8 250 259.8 261.1 251.8 230.8 222.9 217.6 214.4 215.2 217.1 225.1 227.5 228.9 231.5 239.6 246.5 250 251.8 252.4 251.8 250.9 249.3 246.3 243.5 239.4 235.7 232.6
336.7 340.8 348.3 349.4 344.4 339.7 334.4 331.2 328.9 331.5 332.6 330.7 327.8 324.6 319.5 314.3 310.7 307.3 303.8 299.5 295.4 291.8 288.7 286.2 283.7 281.4 279.9 280.4 284.5 288.2 289.2 288.7 288.3 287.6 284.1 280.4 276.6 272.5 268.6 264.6 260.1 255.7 252 247.7 243.3 238.9 230.7 230.3 229.1 229.9 233.9 251.3 256.3 248.1 231.4 228.3 223.4 217 210 210 218.2 226.6 229.4 231 243.1 251.7 256.1 257.5 258.5 257.8 255.5 254.6 252.7 249.6 245.3 240.6 236.3 232.5
335.8 339.9 344.7 343.7 340.6 336.2 333.8 333.7 336 336.9 334.7 331.2 327.5 322.6 317 312.5 308.7 305.3 302.3 298.5 293.7 290 287.9 286.1 284.1 282.5 283 286.1 289.9 292.6 292.4 290.6 289.5 289 285.1 280.6 277.1 273.4 269.7 266.1 262.5 258.7 254.9 250.7 246 240.5 236.7 230.6 227.6 225.3 231.6 238.4 236.5 229.6 232.2 229 221.2 208.8 206.4 211.6 221.1 227.1 231.4 242.1 252.4 257.6 259.9 260.9 260.5 258.8 258 256.9 255 251.2 246.5 241.3 237.2 233.1
338 340 337 335.6 330.9 329.5 331.7 333.1 336.1 336.6 333.8 329.8 325.1 320.4 314.9 309.9 306.6 303.4 300 294.9 289.8 287 285.9 284.9 284.1 284.1 286.6 289.6 292.6 293.8 293.4 292.5 291 288.6 283.8 279.5 276.2 273.5 270.6 267 263.8 260.6 256.8 252.9 249.4 244.6 239.4 235.9 232.1 227.3 225 225.7 227.9 229.3 226.5 222.8 212.2 205 208.5 215.9 221 227.7 237.3 252.6 255.7 258.4 260 260.9 260.2 258.8 257.9 256.7 254.6 251.1 245.8 241.3 237.6 232.2
337.1 335.4 330.2 325 320.9 320.8 324 329.2 331.8 331.4 329.6 327.2 324 318.7 312.9 306.8 302.7 298.8 295 290.5 285.6 283.3 283.6 284.1 284.3 286.3 289.3 291.9 293.8 295.6 296.4 294.9 291.2 286.4 281.7 278.5 275.9 273.2 270.8 268.1 265.1 261.9 258.2 255 251.6 247 242.8 239.4 236.1 232.9 230 220.5 219.7 216.7 217.1 205.7 205.8 203.2 206.3 216.4 224.5 232.5 243.8 251.5 254.7 257.8 260.2 260.9 259.6 257.2 255.6 253.3 251.4 248 245.2 241.8 235.6 229
324 323.4 323.3 316.7 313.2 312.3 317 320.6 321.8 322 322.3 322.4 319.6 314.5 308.9 303 297.5 293 288.9 285.2 281.4 279.4 280.4 282.6 284.6 288.1 291.1 293.3 295.4 298.1 298 295 289.8 284.9 280.6 277.8 275.1 272.8 270.6 268.1 265.3 262.6 259.8 256.7 253.5 249.2 245.1 241.4 238.6 236.1 232.4 227.9 224.9 221.5 217.8 214 209.7 202.1 210.6 216.5 225 234 243.4 248.4 251.8 255.7 258.7 258.4 256.3 254.1 250.9 249.3 247.5 245.5 243.1 238.3 231.2 224.5
316.3 317 314.9 311 307 306.2 307.6 309.1 310.2 312.2 314.7 313.5 312.1 308.9 304.7 298.9 292.2 286.8 281.7 277.9 274.6 274.8 277.8 281.3 284.3 287.8 290.3 292.8 294.7 296.3 294.7 291.7 287.7 283.6 279.7 277.1 274.9 272.6 270.4 268.1 265.3 262.6 259.9 257.3 253.4 248.9 245.5 242.1 238.8 235.2 231.1 227.4 223.6 220.6 216.8 213 209.4 199.2 206 215.1 222.8 230.2 239.7 245.1 249.9 253.2 255.3 255.1 252.7 249.6 246.2 245.3 244.1 242 239.4 233.5 225 217.5
312.6 310.5 308.6 305.6 302.4 300.3 298.8 298.4 299.1 301.8 303.7 304.6 303.9 303.6 300.8 294.1 286.7 280.5 273.9 269.3 268.6 269.6 274.1 277.8 281 284 286.1 288.5 290.8 291.9 290.3 287.7 285.1 282 278.9 276.3 274.5 272.4 270.2 268 265.3 262.6 259.9 257 252.6 248.1 244.6 241 237.1 232.9 229.4 225.6 221.9 218.7 216 211.5 207.1 199.3 204.6 214.8 223.6 232.8 242.6 247.6 254.8 257.5 257.4 252.8 248.3 244.7 241.4 238.7 236.8 234.8 231.1 225.5 215.9 208.6
308.7 305.1 302.4 298.9 294.7 290.7 288.1 287.3 288.2 290.8 294.3 296.4 297.7 297.9 294.3 287 277.7 268.8 263.7 263 263.6 264.4 268.8 273.4 276.7 279.6 281 282.1 283.6 284.4 284.3 284 281.8 279.6 276.6 274.7 273.8 271.7 269.7 267.9 265.1 262.9 260.2 256.3 251.8 247.3 243.6 240.2 236.2 231.9 227.3 223.8 220.2 216.9 213.9 209.8 204.2 190.7 204.3 215.5 225.6 235.9 247.3 252.7 257.6 258.8 254.2 249 244.4 240 236.2 232.7 228 224.8 219.6 212.8 205.7 200.2
305.4 300.7 295.2 290.8 286.1 282.5 281.4 281.4 282.5 284.9 287.6 288.5 288.5 288.1 284.6 275.7 265.8 257.1 256.6 257.8 258.9 259.7 264.2 268.8 272.7 274 274.4 274.9 276.3 277.2 278.1 278 276.7 274.6 272.7 271.3 272.8 272 270.2 267.8 265.3 263.5 259.9 255.2 250.3 246.2 242.8 239.4 235.2 230.8 225.8 221.6 218.1 214.7 211.2 207.2 201.7 190.7 203.1 216 226.6 235.3 243.1 248.4 250.4 252.4 250 245.1 241.2 236.7 232.1 226.4 220.5 215.2 210.2 204.4 198.7 193.6
303.1 296.5 290.2 285.6 281.3 279.4 278.3 277 278.5 279.6 279.8 277.2 274.4 273.8 270.6 262.5 253.9 250.5 252.3 253.8 254.5 255.1 259.6 264.4 265.8 265 264.7 266 267.4 268.1 268.4 267.9 267 266.7 264.4 270.4 272.8 271.7 269 267.1 264.8 261.5 256.7 251.9 247.8 244.2 242.3 238.8 234.8 229.6 224.5 219.5 215.3 211.6 207.7 204 200.5 188 202.5 218.2 228.5 238.3 244.1 246.1 249.6 248.6 245.6 242.5 238.5 233.8 228.1 221.6 216.4 210.7 204.9 199 192.9 188.4
301.1 294.8 288.4 282.7 278.8 277.7 278.4 279.5 278.8 277.1 268.9 263.6 261.2 260.8 256.1 251.5 247.9 246.8 248.4 250.1 249.9 249 252.8 255.7 255.4 255.3 255.4 255.3 255.3 257 257.4 257.1 256.6 256.4 261.2 267.8 268.3 266.9 265.8 262.7 260.1 256.8 252.6 248.3 244.3 242.4 241 238.1 233.9 228.5 222.6 216.5 211.6 207.8 203.5 200.8 197.1 189 204.9 220.3 231.3 238 241.4 245.2 247.2 246.4 243.5 241 236.2 230.6 223.8 217.1 211.6 206.5 200.2 193.3 187.3 182.6
301.6 295.2 290.4 285.4 281.4 279.6 281.6 282.9 281.9 279.1 274.7 270 265.4 260.8 256.9 252.5 250 246.6 244.5 245.9 244.9 242.7 243.9 244.6 243.9 244.1 245.4 245.3 245.4 246.5 247.1 247.8 247.5 247.8 254.6 258.6 258.8 258.4 258.1 256 254.1 251.6 247.8 244.3 242.2 241.7 239.2 236 231.3 225.2 218 211.8 206.8 202.6 199.7 197.1 191.7 191 206.7 221.3 229.8 235.6 242 247.1 249 245.7 243.2 238.7 232.4 225.4 217.9 211.9 206.8 201.8 195 186.4 179.7 174.7
305.4 301.2 296.8 294 291.3 291 290.7 287.9 284.8 281.2 277.2 272.8 268.6 263.7 259.8 255.3 252 248.5 245 242.4 241 240.6 240.1 236.2 235.7 236.3 237 237.3 237.6 238.1 238.8 239.9 239.5 236.6 244.7 248.5 248.9 248.4 248.3 249.2 246.2 243.9 241.2 238.1 238 237.5 235.4 233.3 227.8 220.3 213 205.7 200.7 198.5 195.9 192.4 186.8 190.4 206.3 220 228.5 237.6 245.8 248.6 247.5 243.9 238.5 232.4 225.8 218.3 211.2 206.1 201 194.5 186 177.2 167.9 160.5
312.8 309.5 308.3 307.7 305.3 302.4 297.6 292.5 287.3 283.5 279.4 275.2 271 267.8 264.7 258.7 254.3 250.8 246.6 244.7 244.9 244.8 244 241.1 236.6 232.5 233.1 233 231.6 230 228.6 228.6 229.2 228.9 232.6 235.4 236.3 237.7 238.6 238.7 236.2 233.6 231.2 230.4 230.3 231.2 231 226.8 220.6 214 205.9 198.8 196 195.5 193.1 188.2 181.2 192.7 207.5 220.2 231.7 240.7 244.8 246.9 245.6 240 233 225.5 217.7 210.1 202.7 197.5 191 182.8 174.5 165.3 157.6 148.6
