app/static/ascii/NT41.asc
ncols 200
nrows 200
xllcorner 340000
yllcorner 610000
cellsize 50
[rows 105 to 139 of 200, columns 0 to 77 of 200]
304.2 306.4 309.2 314.4 318.8 322.9 323.5 324.1 321.6 318.3 313.9 310.4 311.4 312.9 321.7 330.7 336.3 337.4 337.7 336.6 334.3 333.4 333.8 336.3 333.6 331 325.6 316.4 303.5 296.1 285.1 281.4 279.9 279.3 274.4 262.8 257.3 257.4 259.5 265.2 271.2 277.5 285 289.9 296 296.8 294.9 291.4 287.5 281.7 272.9 266.2 257.8 247.6 243 239.6 234.1 231.2 227.3 223.8 220.6 217.7 213.4 212 204.8 212.7 213.6 215.4 222.6 230.3 238.2 247.8 253.4 262.4 268.8 270.3 265.5 257.9
308 309.8 313 317.3 321.9 327.1 328.1 328.2 325.4 322.6 319.6 317.3 316.3 319.6 328.4 335.4 338.7 340.7 339.6 337.4 333.7 330.6 330.7 329.9 325.6 320.5 310.7 301 294 284.5 280 273.4 272.2 273.3 263.7 254.8 254.1 254.7 259.2 263.3 268.9 277.1 283.1 289.3 293.2 293 290.1 286.2 281.8 273.8 266.2 258.7 249.9 242.1 237.9 234.8 228.2 225.4 222.3 218.5 216.2 213.9 209.8 207.5 200.7 210.6 210.2 208.8 215.3 224.1 233 241.8 251.1 260.1 264.7 260.6 254.7 250.1
308.8 312.3 316.6 323 327.8 330.2 333.5 331.8 328.6 325.6 324.1 322.8 321.7 326.9 335.1 339 342.3 341.1 338.8 333.2 327 322.1 320.5 316.2 311.5 302.4 295.4 289.9 282.9 281.3 280 270 264.7 260.3 254.3 252.4 253 254.5 259 263.1 269.3 275 280.3 285.4 289 287 283.7 278.7 272.3 265.4 258.5 250.3 242.1 236.8 232.4 228.7 223.1 221.3 218 214.4 211 208.4 205.6 206 196.2 205 205.6 202.8 210.7 220.6 225.1 235.8 249.3 256.4 254.9 249.4 244.5 240.1
310.9 316.6 322.5 329.5 333.2 338.8 336.9 335 331.8 329.8 328.8 327.6 326.8 330.8 336.1 339.9 339.7 335.4 329 321.1 309.8 304.5 298.9 294.7 291.7 288.4 281.3 276.7 274.8 280.4 273.5 268 260.2 253.5 251.1 251.2 252 253.9 258.4 262.5 267.4 270.8 275.6 279.3 282.5 281.3 277.2 271.5 264.9 258.2 251.2 243.7 237 231.4 227.3 223.4 218 214.9 213.9 209.5 206.6 204.4 201.3 199.8 191.5 197.1 199.5 198.8 203.8 210 219.8 236.1 244.5 247.4 244.3 237.1 233.2 232
314.7 322.1 329.3 336.1 341.1 342.1 340.9 338.6 335.3 333.3 332.9 331.6 332.1 334.3 335 334 330.2 323.2 316 306.9 301.6 296.7 291.8 288.1 284.2 279.1 275.2 271.6 272.9 270 263.3 258.7 253.1 251 250.5 250.6 251 253.6 258.1 260.6 263 266.5 270.5 275.6 277.4 277.7 272.7 267.1 261.1 254 247.3 240.9 234.2 227 221.2 216.7 213.9 210.8 208 205 201.7 200.1 197 194 189.1 191.4 195.3 195.5 196.6 200.8 216.7 231.1 238.9 238.4 231.9 225.5 224.1 224
320 329.3 334.9 342.1 344.7 345.1 343.2 340.1 337.5 336.5 335.5 334.5 333.5 332.1 331 324.7 318.7 312.9 308 303.9 300.2 295.9 291 287.3 283.9 278.5 273.4 269.4 263.3 260.6 257.2 254.1 252.4 250.7 250.5 250.8 251.8 253.5 254.5 256.8 258.6 261.8 266.9 272.3 274.7 275.9 271.4 265.3 256.2 249.7 243.7 236.2 229.7 224.8 215.3 210.6 206.8 200.6 203.9 200.8 195 193.8 191.4 189.3 188.2 184.5 188 189.8 191.6 196.5 212.7 224.5 228.6 226 222.5 217.4 215.6 217.8
330.2 331.9 340.8 346.4 348.1 347 344.3 339.8 336.6 335.2 334 333.5 332.7 330.8 327.7 321.8 315.5 310.3 305.4 301.4 298 294.6 290.6 286.3 283 279.6 276.3 271.5 265.3 260.4 257.3 255.3 253 250.9 250.2 250.5 252.1 253 252.1 253.6 255.7 259.1 263.5 268.5 272.2 272 265 258.9 251.6 244 236 230.1 223.8 217.1 209.6 205.3 201.4 193.7 196.7 192.1 189 187 185.9 185 183.6 179.5 182.9 183.8 187.1 192.5 202.7 213.5 214.4 214.6 212.5 208.9 208.8 214.2
330.5 337.2 346 349.5 350.1 347.1 341 335.2 332.5 332.4 332.8 332.9 332.9 331.7 327 320.8 313.4 308.4 303.7 299.7 296.2 293.1 289.5 286.8 282.4 278.4 276.2 272.8 268.3 262.9 259.6 257.4 253.3 251.1 250.1 250.5 252.6 252.8 252.6 251.4 252.2 254.5 258.6 262.4 265.2 261.6 255.3 252.1 243.5 236 228.9 223.1 217.9 210.5 202.9 198.3 194.5 189.7 189.1 186.4 184.6 183 181.9 181.1 180 175.4 178.3 179.1 181.7 186.3 191.8 197.6 204.2 205.6 202.9 201.2 203.9 209.9
333.4 342.1 346.8 349.6 346.4 340.3 333.7 328.9 329.2 331.9 332 333.2 334.3 332.5 326.8 320 313.3 307 302.2 298.3 294.9 291.8 288.9 286 281.8 279.4 275.6 271.6 268.3 264.6 260.6 256.8 253.3 250.5 249.6 250.5 251.5 253.4 251.8 250 248.5 249.6 250.6 253.2 256 250.8 245.6 239.5 233.7 227.2 220.8 213.8 209.1 200.5 194.3 190.7 188.3 181.8 183.2 180.8 180.2 179.8 178 177.5 175.7 170.2 173.2 175.2 177.9 182.4 186.6 190 193.2 193.5 193.7 195.7 198 204
336.9 340.8 342.7 341.4 336.9 330.3 325.5 323.8 326.2 329.6 331.8 333.3 333.3 329.9 325.1 319.3 313.2 305.3 300.9 297.8 294.5 291 288.4 285 280.9 277.4 273.9 270.6 267.5 264.7 261.4 257.6 253.9 250.9 249.4 249.5 249.9 248.9 246.1 245 243.4 242.5 243 243.2 243.2 240.2 235.3 230.4 225.5 218.1 212.5 204.6 197.6 190.8 187.3 184.5 182.7 176.7 175.1 167.5 155.6 174.3 172.5 173.8 171.8 165.7 170.4 171.7 174.5 178 180.8 183.4 184 186.6 187.5 189.5 190.2 193.9
333 335.1 334.5 331 325.4 319.4 318 318 320.9 326.1 329.8 331.8 330.2 327.3 322.9 317.7 312.3 306.3 299.4 296.5 292.9 290.6 288.4 285.5 281 277.1 273.9 270.5 267.5 263.8 260.4 257.8 253.3 250.7 249.3 249.3 249.7 251.1 249 246.3 242.3 235.1 236.9 235.6 234.3 229.9 225.5 222.7 217.2 211.6 203.3 194.7 186.6 183.3 181.2 178.9 168.6 161.3 160.5 157.1 157.9 154.8 157.7 157.5 162.6 159.3 166.4 167.8 169.8 171.9 174.1 174.7 176 179.5 181.8 182.6 182.8 183.2
327.4 326.1 322.9 317.9 313.7 309.4 309 310.8 315.3 321.1 326 329.3 327.7 324.6 320.6 317.2 312.6 306.7 300.3 295.5 292 290.5 287.7 284.9 282.7 279.3 276 272.4 268.1 262.5 259.1 256 252.1 250.2 249.2 249.4 251.1 250.6 247.6 243.8 240.2 237.6 234.2 232.4 224.9 219.6 220.9 220 213.2 202.8 194.5 188.3 183.3 178.5 172.7 163.6 160.5 159.8 157.2 158 158.4 157 154.9 155.7 155.5 157 156.7 156.5 158.7 166.2 165.8 168.8 170.1 172.3 174.1 174.6 175 175.5
318.2 314 309.3 306.9 303.2 301.1 301.5 303.2 307.4 312.6 319.2 322 322.2 320 318.6 316.2 310.2 303.2 296.9 292.3 290.1 288.6 286.3 283.4 280.5 278.4 275.2 271.2 264.9 262.1 258.6 254.6 251.8 250.1 249.8 250.9 251.5 249.1 245.5 241.7 238.7 236.2 232.9 230.5 229.4 226.7 216.2 209 209.1 203.6 196.9 192.8 187.7 179.5 168.9 162.8 160.4 158.6 158.3 158.8 158.5 158.4 155.7 154.1 153.2 154.7 155.4 154.8 154.3 153.8 153 163.6 162.2 164.3 166.2 167.3 167.4 164.4
308.6 305.1 301.4 298.4 295.9 295.9 295.6 295.7 298.5 304.6 310.5 312.9 314.4 315.9 315.4 311.4 305 298.9 293.3 288.7 286.9 285.3 282.1 278.9 277.2 276.7 272.8 266.7 265.3 262 259 257 255.6 252.7 251.9 252.8 250.4 247.2 243.7 240.6 237.5 233.2 228.7 224.4 223.4 217.9 210.7 204.7 193.8 198.3 197.1 196.3 188.1 174.7 163.9 162.4 160.8 158.6 163.5 167.7 167 162 159.4 164.8 158.6 153.7 154.7 154.5 154.1 153.5 152.8 152.9 158.6 159.7 160.9 161 159.1 155.3
302.9 300.8 296.5 293.6 292.6 292.4 290.4 288.9 291.6 297 301.5 305.4 309.1 309.6 307.8 303.9 299.8 294.9 290.6 286.2 283.5 281.3 276.6 273.8 273.8 273 268 265.1 265.1 261.5 261.8 260.3 258.1 256.1 253.6 252.2 249.9 246.5 243.7 239.9 236.5 232.4 225.6 220.1 214.4 209.5 204.8 199.3 193.6 187.8 190.7 189.8 180.4 165.6 162.5 161.8 161.1 161.8 172 178.6 175.8 168.9 174.8 175.9 164.7 156.4 151.5 153.6 153.9 153.2 152.4 151.7 152.3 153.4 157 155.6 152.7 151.1
301.6 297.7 292.2 290.8 289.2 285.5 283.3 281.3 282.9 287.6 291.4 294.1 298.4 300.5 300.2 298.9 297 293.6 289.6 286.3 282.4 276.9 273.4 270.5 269.8 268.4 266.7 266.4 266.2 265.5 264.7 263.5 260.1 255.4 252.7 251.3 249.1 246.1 243 239.2 234.7 230.1 223.6 214.7 207.9 204.3 200 194.2 189.6 177 184.5 181.3 171.5 162.4 163.3 162.4 160.8 167.6 180.2 183.2 180.1 178.9 184.2 179.1 169.7 161 152.7 153.7 153.4 153.2 152.4 151.7 151.2 151.4 149.5 152.1 151.8 149.4
298.6 294.7 291 285.7 280.4 277 276.1 275.3 274.7 276 280.2 283.2 286.5 290.6 292.9 293.6 293.3 291.1 288.2 284.6 280 274.1 272 268.7 265.4 265.1 265.2 265.6 266.7 266.1 266.1 264.8 259.1 254.2 252 250 248.1 244.5 241.9 237 230.4 225.3 218.8 210 202.7 199.5 196.6 189.3 184.9 180.8 170.2 175.1 165.5 163.5 160.5 160.8 162 174.2 181.3 187.5 186.3 186.3 189.3 185.5 176.4 164.7 158.4 152.3 152.7 152.6 152.6 152 151.3 150.6 149.8 149.7 148.9 147.2
295.7 291.7 290.4 285.8 279.9 274.7 272.6 271.8 270.6 269.3 270.9 272.1 276.3 282.1 286.5 288 288.8 288.1 286.2 283 278.5 272.3 269.1 266.1 263.6 262.8 262.8 263.4 264.2 264.8 264.5 261.8 255.9 253.9 252.5 250.5 249.1 245.2 241.2 235.2 226.7 220.1 213.3 205.8 197.3 193.9 188.5 184.7 179.8 177.1 169.1 163.2 163.4 163.5 163.6 164.6 172.3 180.4 184.5 190.5 191.2 191.7 196.7 194.2 172.4 176.3 161.6 151.4 150.7 149.8 152.2 152 151.3 150.5 150 149 147.8 148.2
290.2 291.9 290.9 287.7 281.7 274.6 270 267.6 267.2 264.7 263.2 263.1 267.1 273.5 279 280.7 282.1 283.6 283.3 280.4 275.1 269.9 265.7 263.4 261.9 260.3 258.7 257.9 256.8 258.2 259.3 255.4 255.7 255.5 253.7 252 250.1 245.4 237.9 230.3 222 213.7 207 200.4 191 186.1 181.9 177.8 174.7 170.7 163.9 166.3 170.2 171.4 173.4 176.1 182 184.5 188.3 193.4 196.6 199.7 203.6 199.1 190.3 188 176.2 170 166.2 156.6 154.6 150.5 150.3 149.9 148.9 147.3 148 148.8
290.1 292 289.9 286.7 281.3 274.6 269.3 265 263.7 263.3 262.3 261.4 263.9 268.7 270.8 272.6 274.8 277.1 279 276.4 272.6 266.5 262.2 258.9 256.7 255.2 253.5 251.3 251 252.4 250.7 253.9 254.9 254.5 254.7 253.2 247.7 239.1 232.5 225.5 216.6 207.3 199.8 191.9 182.5 180.3 178 174.1 166.8 163.6 169.9 174.3 176.9 178.6 180 182.1 184.2 187.9 190.8 196.2 202.4 206.4 207.8 198.9 204.7 198.1 186.6 180.5 174.8 170.7 167.3 162.5 159.5 157.4 155.5 150 149.4 149.4
288.9 288.6 286.7 284.7 279.5 273.5 269.5 267 264.8 263.1 262.3 261.3 263.5 266.1 266 264.8 267.8 270.6 272.1 272.3 268.1 262.3 257.9 254.8 253.2 251.5 249.6 247 244.7 241.9 245.2 250.9 248.2 252.9 253.3 249.1 242.2 233.7 227.6 221 212 200.5 192 183.2 174.5 173.6 173.1 171.3 165.6 165.2 172.7 176.3 178.2 179.7 181.8 184 187.1 190.1 193.5 197.6 207.6 210.1 199.4 204.6 209.3 203.3 193.2 188.3 184 176.3 171.1 167.2 164.1 162.2 161.5 160.4 154.6 152.4
285.5 285.5 285 282.4 277.5 272.6 269.7 267.7 265.6 263 260.9 260.8 262.6 264.1 262.4 260.5 260.3 262.8 264.7 265 262.9 258.7 254.6 251.9 251.1 249 247 242.4 237.6 236.8 238.8 242.3 242.8 247.4 248.7 244.4 238 229.5 222 213.8 204.2 193.1 182.7 175.1 170.5 162.6 163.1 168.7 165 165.5 173.6 176.6 178.8 180.7 183 186.4 190 192 195.5 199.6 208.3 210.1 208.5 212.2 218.2 212.9 205.2 200.4 194.9 186.8 177.7 173.1 168.8 165.4 165.6 166.2 165 164.9
280.6 282.5 282.6 280 276.1 272.4 269.3 267.6 265.5 261.9 259 260.1 260.7 261.3 259.6 257.1 254.7 253.9 255 257 255.8 253.1 250.5 249.3 248.9 246.8 244.2 240.1 234.7 232.5 231.7 232.5 236.3 242.7 244 240.5 232.8 224.1 215.2 205.5 195.7 183.3 171.9 168.5 164.6 163.8 164.9 162.8 163 164.9 172.3 176.2 179.4 182.2 185 188.8 191.9 194.3 197.5 201.9 210.1 207.9 210.6 218.7 224.7 221.4 217.1 212.3 204.2 194.4 184.7 177.8 172.4 169.6 169.5 170.9 174 177.2
275.9 278 280.2 277.6 274.8 272.4 270.1 267.7 264.2 260.4 256.9 258.4 258.6 258.6 257.6 254.9 251.4 248.9 246.7 248.8 248.2 245.8 244.6 246.4 246.1 244.5 242.9 236.1 233.4 229.1 224.3 226.3 233.7 236.6 238.4 233.3 225.6 217 208.6 196.5 183.9 173.1 165.9 164.6 163.3 164.6 166.7 167.4 165.9 166 170.8 176 179.8 184.4 189 191.8 195.4 196.7 199.1 204 209.2 209.9 215.3 225.9 231.7 224.3 227.3 221.8 211.7 198.5 188.7 182.5 177.1 174.6 174.5 181.7 188.3 189.9
272.7 274.7 276.3 276.1 275.5 273.5 270.7 266 260.9 258.9 254.3 256 256.6 255.6 254.6 253.2 250.1 245.3 240.8 240.6 240.1 238.8 240.8 242.9 243.3 240.8 237.8 233.8 230.4 228.1 220.1 220.9 228.6 232 230.7 224.3 215.9 210 197 183.2 172.3 165.7 165.3 165.1 163.7 166 167 166.8 166.7 167.7 177.8 188.1 192.2 193.6 197.8 198.2 198.6 199.7 201.7 205.6 209.6 213.4 221.1 229.6 229.3 235.7 236.3 229.7 219.2 207.3 195.2 188.2 183.1 184.5 188 193.8 197.9 200.1
266.4 269.4 271.3 273.2 275.5 271.3 266.3 262.2 257.3 255.2 251.1 252.9 254.2 253.4 252.7 250.8 247.9 242 236.4 234.8 235 234.8 236.4 237.6 237.8 235.6 233.6 230.7 227.5 225 217.6 214.9 221.3 225.7 220.2 213.7 210 201.5 183.3 172 165.8 165.1 165.5 164.3 163.5 164 165.9 166.3 169.9 185.4 196.9 206 205.8 205.4 206.7 206.1 204.4 204.3 205.9 208.4 213.6 219.2 219.9 228.2 237.8 242.7 242.8 235.1 225.5 215.3 204.2 194.3 192 196 199.3 201.9 208.9 215
259.6 262.9 267.8 270.4 268.2 265.4 261.9 257.8 253.6 250.3 246.7 249.5 251.3 251.6 251.2 248.8 243.8 237.7 232.9 231.3 230.7 228.8 230 231 231 231.1 228.2 226 223.9 220.6 212.6 210.4 212.2 213.5 208 205.8 199.5 184.7 171.9 165.8 164.8 164.7 164.1 165.4 165.6 164.9 166.1 170 185 201.8 213.9 215.9 215.8 215.2 216.8 215.2 212.8 211.6 212 213.6 218.5 217.7 223.7 234.6 243.9 250.3 246 238.1 235.1 227.7 214.7 205.6 201.7 203.9 206.8 213.9 221 218.5
257.1 259.9 262.7 264.6 263.1 259.7 256 253.2 250 247.1 244.6 247 248.4 248.8 248.2 245.5 241.9 237.4 231.6 228.8 226.7 224 221.4 223.5 225.2 226 223.6 220.6 217.3 211.7 204.8 201.1 200.1 199.1 197.7 194.6 183.9 171.6 165.9 165.4 164 166.4 169.7 169.5 168.2 165.9 166.7 184.3 199.9 215.1 222.1 224.9 227.6 228.3 227.9 224.5 221.7 219.2 218.7 220.8 225.3 220.3 228.2 236.4 245.9 250 249.6 248.4 246.2 240.9 227.7 216.3 212.1 212.2 218 223.4 222.2 219.4
255 257.3 259.3 259.9 258 255.9 253.6 248.9 245.3 238.4 242 243.1 246.3 246.3 245.9 242.8 239.6 236.4 231.4 227.5 223.3 219.9 215.3 214.2 217.4 219.9 217.9 214.9 209.7 203.2 195.8 193.1 187.9 185.8 184 180.6 169.7 165.6 165.1 164.8 165.5 170.8 173.1 173.2 172.1 171.2 180.3 197.5 213 222.8 231 236.4 240.4 239.3 236.2 229.6 227.2 224.6 225.5 227.8 224.3 226.7 231.5 238.7 246.8 255.8 258.2 258.8 257.4 250.5 235.7 226.2 223.3 221.4 227 225.9 227 224.6
250.2 253.8 254.3 256.4 254.8 253.3 250.5 245.3 238.7 228.1 234.7 237.4 240.1 241.3 240 237 236.8 234.8 231.5 227.2 220.5 215.3 209.5 207.2 208.5 211.5 210.8 207 201.1 195.4 189.5 182 177.9 176.5 172.9 166.2 165.1 165.9 166.1 168 169.9 173.2 175 176.4 176.6 179.1 191.7 206 220.2 231.2 241.4 245.6 248.6 247.1 241.2 234.5 232.3 231.6 231.7 229.9 223.6 229 232.8 240.7 252.2 260.7 265.8 268.1 265 256 241.5 237.1 233.3 232.6 232.8 235.8 234.1 234.8
244.1 247.5 251.8 254.1 252.7 250 248.2 243.9 235.9 225.4 223.6 229.6 230.1 231.7 231.7 230.8 231.7 231.7 228.4 224.5 215.7 210.3 206.8 199.3 200.5 201.2 200.4 195.9 192 187.2 181.9 176.6 172.4 168 164.8 166.6 165.8 166.3 166.9 168.9 171.8 175 176.6 176.8 176.6 186.3 202.9 217.3 231.9 242 250.5 254.6 255.3 250.4 244.4 238.9 236.8 234.9 233.3 229.6 225.5 230 234.2 244.7 256.2 264.2 271.2 273.1 268.8 258.6 247.9 243.1 242.9 246.1 246 245.6 246.4 247.5
238.2 242.9 246.5 248.9 249.6 246.7 244.4 238.9 231.2 225.4 216.2 222.3 220.1 221.1 222.7 224.4 223.5 223.9 221.1 216.6 211 205.5 201.9 197.5 192.8 192.7 189.6 187.4 184.5 180.6 175.5 173.2 170.4 166.8 165.3 167.1 166.6 166.8 167.5 169.2 172.3 175.3 176.6 176.4 179.8 196.3 211.5 227.7 240 250.3 257.5 258.8 256.4 251.6 245.2 241.7 239.3 236.8 234.1 229.4 227.6 231.1 235.7 245.8 257.4 267.4 273.9 273.9 269.2 260.8 253.9 253 256.5 256.6 257.3 259 261.6 257.9
233.1 236.1 237.7 240.2 241.5 242.2 236.4 229.8 225.8 223.5 209.7 215.4 213.9 211.5 213.1 215.2 216 215.7 211.5 208.8 204.8 196.1 194.6 192.4 187 185.4 184.7 182.2 176.8 172.7 171.9 171.9 167.7 165.5 165.1 167.3 166.8 167 167.9 169.4 171.7 173.9 176.6 180.6 189.5 204.2 219.3 234.8 246.2 256.8 260.1 260.2 256.5 250.9 244.9 241.6 239.2 236.8 233.7 229.7 228.4 231.2 234.9 243.9 256.6 266.3 269.9 271.3 266.8 265.1 265.2 266.7 266.8 267.5 269.6 271.3 268.2 259.4
233.4 229.8 228.6 229.8 233.9 231.4 227.3 221.9 219 214.5 204.2 205 204.9 204.9 201.8 202.8 205.3 203.5 202.2 200.7 194.6 186.6 185.2 185.9 182.7 179.7 179.3 175.1 169.6 169 169.8 169.1 165.8 166.8 166.8 167.4 166.7 166.9 167.9 169.7 172.7 174.8 177.6 184.6 194.4 210.3 224.4 239 251.7 258 260.3 259.7 255.8 250.1 244.4 241.4 239.1 236.8 233.3 229.6 228.9 231.5 234.3 238.8 250.3 259.4 266 269.2 269.7 273 276.6 276.4 277.4 277.7 278.7 275.5 269 262.8
240.8 238.9 235.7 227.7 223.6 222.6 218.3 216.8 213.1 209.8 206.2 200.5 196.1 194.9 193 191.1 191 189.6 189.3 187.1 184.1 179.6 178.1 177.7 176.7 175.6 173.3 169.7 168.3 167.7 167.5 167.1 165.8 167.8 167.7 167.7 167 166.9 168.4 174.1 181.3 185.8 179.8 188.4 198.3 212.8 227.7 241.8 253 257.9 259.7 258.9 254.5 249.4 244.1 241.5 239.1 236.3 233.1 230.1 228.9 231.7 234.4 238.3 244 249.6 257.5 266.8 273.4 279.4 279.8 281.9 283.1 282.5 280.2 276.2 272.1 268.3
