app/static/ascii/NT44.asc
ncols 200
nrows 200
xllcorner 340000
yllcorner 640000
cellsize 50
[rows 140 to 174 of 200, columns 78 to 155 of 200]
266.8 271.3 277 280.5 279.9 276.2 270 261.6 251.8 242.7 234 224.9 217.4 209.2 203.3 199.8 196.6 193.3 190.9 188.6 186.6 186.7 186.5 185.2 183.7 181.2 178.9 176.3 174.8 172.4 171.9 171.4 171.1 171.3 174.9 197.1 213 231.6 253.5 273.9 285.1 293 301.6 317.8 327.4 335.6 345.5 352.6 357.6 359.1 357.2 352.9 349 345.2 340.8 337.4 334.3 330.6 328.5 326.7 327 330 332.9 335.6 337.2 337.5 337.1 335.9 334.6 334 332.8 331.8 331.5 330.5 330.1 330.9 331.9 334.3
271.4 273.9 281.6 285.1 282.8 275.6 268.6 260.2 250.2 240.1 230.9 222.7 214.5 208.6 203.2 199.4 196 192.5 190.1 187.8 186.7 189.9 187.7 185.9 184.3 181.8 179 176.4 174.6 171.5 171.2 170.9 170.7 171.1 180.1 201.2 217.2 239.6 260 278.5 288.4 297.2 311.4 323.3 331.7 341.3 348.5 353.3 356.5 356.8 353.4 349.4 345.5 341.8 339.9 337.5 333 329.6 327.5 325.1 323 324.4 328.6 332.2 332.9 332.6 332.3 331.2 330.2 329.2 328.1 327 326.3 326.4 326.7 327.2 329.6 333.7
276.8 276.9 285.4 287.3 284.3 276.2 267.4 258.6 248.9 239.1 230 221.4 213.1 207.4 202.8 199 195.4 191.9 190 188 188.4 190.1 188.2 186 183.5 180.9 178 175.9 174.2 170.6 170.6 170.5 170.3 169.1 187.4 202.7 224 247.4 265.7 278.4 289.4 301 314.4 325.7 334.5 342.6 348.9 353.5 355.5 353 349 345.6 342.4 339.6 338.3 335.2 332.2 328.7 325.9 323.2 320.3 319.4 322.9 326 327.2 327.8 327.4 326.3 325.4 324.7 324.6 324.6 323.9 324.1 324.1 325.5 328.8 333.1
280.8 281.1 288.1 290.1 285.1 277.1 268.2 258.7 248.5 238.8 229.3 220.9 213.1 206.8 202.6 198 195 191.9 189.8 188.7 189.5 189.1 187.5 185.2 182.6 180 174.9 174.8 173.1 170.1 170.1 170.1 170.6 174.7 188.7 204.9 226.1 249.2 269.9 280.6 291 302.1 314.8 325.4 335 343.2 350.5 353.3 351.7 349.1 348.1 346.4 342.4 338.2 334.1 330.8 327.9 325.2 322 318.9 316.5 315.5 318.2 321.6 322.7 322.8 322.7 322.6 321.3 321.1 320.7 320.5 321.3 321.3 323.2 325.4 328.4 334.7
283.5 286.6 293 291.7 286.3 277.7 268.8 259.5 248.6 238.4 229.5 221.5 214.6 208.8 203.3 198.5 194.6 191.7 189 188.7 188.7 188 186.1 183.7 180.8 178.1 174.4 173 170 170 170.2 170 170.4 179.6 194.1 209 228.5 253.3 270.2 281.5 292.5 303.4 315.5 324.7 335.8 344.4 348.2 348.8 348.4 348.7 347.8 344.6 339.7 335.2 330.6 326.8 323.3 319.9 316.5 313.8 311.9 311.4 312.9 316 317.3 318 317.7 317.6 317.4 317.2 316.5 317 318 319 322.7 326.4 331.5 337.6
290.2 292.5 296 293.2 286.2 278.3 268.6 258.7 248.9 239.6 230.5 222.8 215.8 209.7 203.4 199.1 194.2 190.3 188.9 187.7 187 186 184 181.5 178.6 174.9 171.3 169.6 169.5 169.8 170.1 168.6 169.7 188.2 199.2 212.8 232.8 253.1 267.6 281.3 293.3 304.6 314.6 325.6 337 344 347.8 345.9 344.7 346.2 344.2 339.7 334.5 329.6 325.1 321.3 317.6 314.3 311.5 310.1 309.1 308.8 309.3 311.8 312.1 312.9 312.8 313.5 313.2 313.4 313.2 313.3 314.1 316.6 322.1 327.8 333.5 338.9
297 300.4 300.7 295 288.5 280.9 271.2 259.8 250.1 240.6 231.7 223.8 217.1 210.5 203.2 198.5 194.8 190.8 189 187.7 185 183.1 181.3 178.7 175.9 172.8 168.8 169 169.1 169.4 169 169.4 182.8 194.1 205.6 218 234.1 251.4 268.7 281.5 295.4 307.1 317 325.7 335.9 340.9 341.9 342.3 342.5 339.8 336.7 332.1 327.3 323.1 319.1 314.5 312.3 310.9 309.1 307.8 306.7 305.7 306 306.8 307.6 308.2 308.7 309.6 309.1 309 309.6 309.8 310.8 314 319.8 326.2 333.1 341.1
305.8 307.9 306.2 300.1 291.8 282.2 271.9 261.5 251.5 241.4 232.7 224.6 217.7 209.7 204 198.5 194.1 190.9 189.4 186.9 183.3 179.5 177 175.3 173 169.6 168.6 168.7 168.8 169.2 168.6 181.6 190.1 202.2 213.6 228.1 244.7 260.8 275.5 287.9 300.2 311.3 320.8 329.4 335.2 338.2 340.5 341.9 338.8 333.8 328.7 324.1 319.5 315.3 311.8 309.5 308 307.6 307.2 306.2 304.3 303.3 302.9 303.3 304.6 306.1 305.9 304.3 302.8 304.7 305 306.1 308.2 311 318.9 325.9 334.7 344.8
313.7 314.9 312.9 304.7 295.7 285.8 274.7 263.6 253.9 244.7 235.1 227 218.5 210 204.6 198.7 194.2 189.8 187.7 184.9 181.2 177.4 173.4 173 169.5 168.5 168.6 168.8 168.8 173.2 179.5 185.1 196.6 208.8 222.5 238.4 257.5 268 279.9 294.3 306.6 317.2 326.5 333.2 335.4 338.7 340.2 337.4 332.2 327.1 322.3 317.1 312.3 307.7 304.9 304.8 305.4 305.3 304.9 304.2 302.3 300.9 299.5 299.7 299.3 298.7 297.4 297.4 297.4 298.8 301 303.1 305.8 312.8 320.9 328.3 337.4 344.3
319.8 320.5 314.3 306.6 297.7 288 277.2 266.8 257.9 248.3 238.5 227.1 218.4 209.6 202.7 198.4 193.2 189.5 185.9 181.8 178.4 174.5 170.5 169.1 168.1 168.3 168.1 168.4 171.8 177 182.9 192.5 203.5 216.5 237 253.9 265.1 274.4 286.9 304.3 315.2 323.4 333.9 339.3 341.5 343.6 339.6 334.1 328.3 321.8 317.2 311.2 305.5 301.5 300.5 300.7 301.8 301.9 301.4 300.6 299.2 297.4 295.9 296.1 294.7 294 293.9 293.8 293.6 296 299.8 301 307.6 313.9 321.6 329.9 337.4 344
325.9 319.2 312 305.1 296.9 287.2 278.2 268.5 258.8 247.8 235.8 225.2 215 207 200.9 195.9 191.5 187.6 184.1 179.9 176.2 171.9 168.2 168.1 168.1 167.3 168.5 169.2 174.6 180 187.9 200.1 213.6 232.6 250.3 261.3 269.8 281.2 296.1 311.3 321.2 330.4 339 343.3 346.3 345 341.4 334.2 327.1 318.8 312.1 304.7 299.8 296.8 295 296.1 297.8 297.7 296.1 296.3 295.5 294.3 292.1 291.9 291.5 291.2 290.9 290.4 292.8 295.5 298 303.6 309.7 315.9 325.1 330.2 336.9 343
325.3 320.8 312.5 302.8 294.4 286.9 278.9 269.3 258.3 246.3 233.5 221.6 211.7 204.7 198.7 193.6 189.6 185.7 182.3 178.1 173.1 169.4 167.7 167.9 167.6 168.1 169.2 171.8 177.4 184.4 196.5 210.6 228.8 248.1 260.1 270.3 278.6 291 306.5 318.5 327.7 338.5 345.6 346.8 346.7 344.1 338.5 331.5 324.1 315.8 307.5 300.6 296.4 292.6 290.9 292.1 292.5 291.3 290.9 292 291.8 290.4 288.6 288.4 288.6 288.8 288.2 289.6 292.8 295.7 300.7 305.8 310.8 317 324.2 330.1 336.5 342.5
321.3 316 308.6 299.1 291.6 284.2 277 266.7 253.9 242.3 231 219.1 208.9 201.6 196.3 190.9 186.6 183.2 179.2 174.9 170.8 167.3 167.3 167.7 168.3 167.7 169.2 174.7 180.9 192 205.8 224 241.4 258.2 271.8 279.5 288.3 301.6 312.7 321.3 330.7 340.5 347.9 350.7 349.9 343.3 336.3 329.4 321.8 312 303.6 297.5 293.7 289.3 286.5 285.1 284.1 285.5 288.5 288.6 287.8 286.5 285.1 285.5 285.7 285.2 286.3 291.1 293.8 297.1 302.4 306.9 312 317.7 323.1 329.8 335.5 339.2
315.7 309.9 302.2 294.2 287.3 280.6 270.7 260.1 248.2 238.6 227.9 217.3 206.6 199.6 194.3 188.6 183.8 180.6 175.6 171.4 167 167.3 167.7 168 168 167.6 172.2 179.1 186.8 199.3 216.2 236.2 252.8 270 282.4 289.8 298.5 307.8 316.3 325.4 332.8 341.3 349.2 351.8 349.7 344 337.2 329.2 319.9 309.3 300.4 296.1 291.7 286.9 282.5 280.1 281 283.6 283.4 283.8 283.3 282.4 282 282.6 282.5 284.5 287.9 295.7 297.9 301.1 304.5 308.1 311.8 315.1 320.8 327.6 333.3 328.2
310.9 304.6 297.3 288.9 282 273.9 264.4 252.9 242.7 232.7 223.5 213.9 204.6 197.8 192.7 187.4 181.2 176.6 172.7 168.6 166.7 166.9 167.1 167.4 166.4 171.2 176.9 184.2 193.8 207.5 228.8 246.7 265.8 281.9 291.6 300.1 306.9 313.8 319.9 327.4 334 342.6 349.5 352.5 348.8 343 335.9 328.9 317.9 307.9 300 295.1 289.3 283.3 279.3 277.7 279.2 279.9 280.7 279.7 278.2 277.7 278.8 278.6 283.1 289.7 295.8 299.5 302.6 305.4 308.3 310.1 312.6 315.7 319.1 324.9 329 332.7
305.1 297.2 289.3 281.6 274.6 265.2 255 245.6 237 227.8 218.9 210.4 202.8 196.5 191.3 185 179 173.2 170.1 166.4 166.4 166.6 166.8 167 166.8 174.4 179.6 189.1 201.4 220.1 238.2 256.8 276.8 288.8 300.1 307.7 313.6 317.8 323.6 327.3 333.9 344 349.6 348.9 347.3 343.7 337.6 328 316.9 306.6 300.5 292.3 286.1 278.8 275.2 276.6 277.3 276.5 276.3 275.5 274.3 274.1 275.6 281.5 289.7 295.6 299.8 302.9 306.3 308.8 311 313 315.4 317.2 319.8 323.3 325.7 330.2
296.1 289.7 281.2 272.7 264.5 256.4 247.5 238.8 230 221.6 214.8 207.5 200.6 194.7 189.7 182.8 177.2 170.6 168.5 166.2 166.2 166.3 166.6 166.8 165.8 175.9 184.3 195.5 208.6 229.4 248.8 266.1 281.5 294.4 304.1 312 315.6 320.3 322.9 326.7 336.2 342.1 347.5 348.3 347.7 342.1 334.3 325.1 314.4 303.6 296.2 290.7 284.7 280.2 273.6 273.1 272.1 272.7 274.5 272.2 271.4 272.1 279.4 287.8 294.3 299.4 303.5 307.4 310.1 312.2 314.6 317.1 318.3 319.1 320.3 323.1 325.2 328.7
289.6 283.5 275.4 266.1 257.9 249 241.3 232.2 226 218.3 210.8 204.4 197.9 192.8 187.2 181.8 177.1 170.8 166 166.1 166.1 166.1 166.5 165.7 173.2 179.8 191.1 201.8 220.4 239.1 257.3 279.6 285.1 294.3 304.4 310 312.4 316.6 321.1 326.2 333 341.2 346.3 347.3 343.2 336.4 328.7 321.1 311.8 303.2 293.9 288.6 283.7 278.5 274.2 269.3 269.2 271.5 269.8 268.5 269.3 273.9 285.3 292.6 298.8 303.3 307.6 310.1 312.6 314.9 314.8 318 319 319.8 321.5 323.6 326.4 330.3
283.8 275.8 269 259.5 250.6 242.7 235.3 227.3 221 213.6 206.4 201.3 195.7 191.4 185.7 180.5 175.9 172.3 165.7 165.6 165.7 165.9 166 168.6 176.1 185.4 197.7 209.8 230.5 248.6 266 278 283 288.6 300.1 303.9 306.2 311.5 315.3 321.1 329.4 340.4 345.1 345 339.3 332.6 325 317.7 310.7 301.4 292.7 286.5 281.3 277.2 274.1 269.1 265.8 265.8 264.5 266.3 270.1 282.2 291.4 297.2 302.8 306.7 308.9 310.3 311.9 313.6 315.1 317.2 319.5 321.3 323.3 325.9 329.6 332.9
281 272.3 262.8 254.9 246.1 237.5 230.2 221.8 215.2 209.4 201.8 198 193.3 188.8 184.1 179.9 173.8 168.3 165.4 165.6 165.6 166.6 169.6 174.8 180.5 190.7 203.4 221.5 240.3 256.3 267.6 273.7 277.3 279.5 288.1 292.3 298.5 303.8 308.1 313.4 327.2 337 341.6 339.3 336.2 329.8 322.9 315.7 307.8 298.6 290.8 284.3 280 276 273.2 267.4 264.1 263.2 263.5 266.1 278.4 288.3 294.7 298.5 302.1 304.9 307.3 309.2 310.7 313 314.9 317.2 320.3 323 325.9 327.1 329.9 333.4
279.6 270.9 260.6 251 241.9 232.3 225.4 217.7 211 206.1 200.7 194.9 190.9 185.7 181.6 178.1 174.1 165.8 165.1 165.9 166.1 170.2 173.2 179.6 188.1 199 213.5 230.1 246.4 260.1 265.4 267.4 269.1 270 271.4 278.7 286.6 293.3 298.8 307.4 322.7 331.2 336.6 337.8 335.9 328.3 321.9 313.8 305.2 297.5 289.9 284 277.9 274.3 270.8 266.9 264.6 262.8 262.9 269.9 282.5 287.6 291.1 296.1 299.7 302.1 304.7 307.8 310.6 314 317 319.1 319.9 321.1 323 325.5 329.7 334.2
276.7 266.9 257.4 246.3 237.2 227.7 221.4 214.2 208.6 203.2 198.5 192.6 188.7 184.3 180.3 176.2 170.7 165.8 165.5 165.2 170.2 173.5 178.7 189.9 200.4 212.8 226.1 236.3 241.9 250.2 253.7 255.6 259.2 258 258.4 264.5 274.6 283.8 291.1 305.7 317 327.8 335.9 337.3 332.8 326.3 319 312.2 304.3 296.8 289.6 283.2 276.8 271.6 268.9 267 264.8 263 264 268.7 276.7 282.8 286.2 291.6 295.8 299.8 303.9 309.2 312.5 315.3 316.3 316.2 316.7 317.9 320.8 327.5 332 337.3
271.7 260.9 250.7 240.1 230.7 224 217.3 211.8 206.3 201.1 196.1 190.7 186.9 183.3 179.7 175.7 169.7 165.4 165 169.2 174.5 181.2 193.9 203.4 214.8 225.3 229.4 231.8 232.2 234.7 238.6 241.9 244.7 244.9 244.6 251.3 263.2 272.8 286 299.5 312.1 325.6 336.3 334.7 332.3 325.3 317.8 310.3 302.9 296.8 289.4 282.2 276.2 271.6 268.4 266.5 264.4 263.1 262 265.7 269 275.3 281.3 286.4 292.2 298.5 306.5 308.4 309.3 309.4 311.3 313.9 315.2 318 322.5 329 334.6 340
261.5 251.1 241.3 233 226.4 220.7 214.6 209.5 205 198.1 192.9 189.3 185.4 181.7 178.5 174.6 168.7 164.8 165.8 168.3 179.6 193.5 205.2 213.3 220.2 222.4 222.3 222.2 222.7 223.2 224.6 228.3 229.2 229.2 230.9 236.4 245.5 261.4 276 291.3 309 325.7 332.1 332.7 332 325.6 318.1 311.5 304 297 289.8 281.4 275.9 272.5 269.7 269.8 269.1 266.9 264.3 261.8 265.6 268 272.9 280.5 288.8 296.8 300.5 302.4 305.1 304.7 306.7 310.6 314.4 318.4 324.2 330.5 336.6 341.5
251 243.6 236.8 229.5 224.2 218.7 213.2 206.3 202.7 196.5 191.2 187.4 184.1 180.3 176.6 172.9 168.2 164.5 167.4 170.6 187.3 198.1 205.5 210.4 213 212.9 210.7 211.8 213.1 212.6 211.8 212.8 212.9 215 215.6 220.2 231.6 251.2 269.1 286.1 302.6 316.5 321.8 336.8 333.7 326.8 320.4 313.7 305.5 297.3 288.1 280.5 276.5 273.6 275.5 274.4 272.4 269.4 266.7 262.9 261 264.2 267.2 276.1 284.2 289.6 290.8 293.2 298.3 301.3 304.5 308.7 314.1 319 326.2 332.5 338.6 343.5
246.5 240.4 234.7 227 221.8 216 210.9 205.5 201.3 195.3 189.6 185.9 182.8 180.1 177.9 173.2 168.2 164.3 164.3 169.5 182.7 194.4 199.9 201.8 202.9 200.8 198.9 198.4 199.5 200.3 197.7 197 197.8 200 199.9 207.1 222 240.6 256.7 271.9 284.4 292.1 309.5 328 332 329.1 322.4 312.2 300.9 293.1 284.3 280.3 279.2 280.8 280.2 277 273.8 269.7 266.3 263.8 257.3 260 262.3 269.4 275.2 279 283.8 289.7 293.3 299.5 303.2 308.5 314.8 320.6 327.7 334 340 345.1
247.5 241.1 233.6 226.9 219.7 213.9 208.5 203.2 198.7 194.3 187.6 183.5 181.3 179.2 177.5 173.9 169.6 163.7 164.2 168 171.9 183.1 191 191.6 189.2 186.3 186.9 185.5 184.3 184.6 183.2 182.2 183.1 185 185.3 193.9 207.9 223.5 235.7 248.8 259.9 273.8 291.4 300.9 318.8 314.1 307.9 300.9 294.3 288.5 285.3 280.6 285.9 285.1 282.1 277.8 273.6 268.7 263.7 260.6 255.7 254.6 260.3 266.4 272.1 277.3 281.2 288.3 292.5 297.8 303.5 309.8 316.1 322.5 328.8 334.9 340.7 345.9
250.9 241.2 233 226.1 220.1 214.1 209 203.9 197.2 192.5 188.1 183.7 180.9 178.1 175.8 173.2 170.2 163.4 164.2 164 165.6 168 174.3 181 177.7 176.7 175.9 171.6 172.4 173 173 170.7 170.7 174.8 177 181.1 188.9 203 212.3 223 237.8 249 266.1 279.4 290.9 292.9 294.7 292.5 288.7 283.7 282.2 288.6 287.1 283.7 278.9 274.2 269.4 263.9 259.8 256.6 253.1 255.8 266.7 270.7 275.4 279.7 283.9 289.3 293.5 296.5 303.3 309.3 315.8 322.7 329.5 335.6 341.2 346.5
252.9 243.2 234.3 226.2 220.1 214.8 209.2 203.1 197.8 193.1 188.9 184.7 179.9 176.8 174.8 171 168.9 167.3 162.9 163.9 163.8 164.9 164.8 164.7 164.2 164.7 165.2 166 164.2 163.4 163.3 162.9 164.7 168.2 170.4 171.8 175.1 182.6 194.9 205.7 219 227.8 245.9 259.5 270.4 284.5 287.5 286.9 277 279.3 290.1 289.1 285.2 279.8 275 270 264.3 260 256 252.4 248.6 260.1 270.5 275.3 278.9 283.3 288.3 292.4 295.4 299.1 304.1 309.6 316.2 322.6 330.1 336.1 340.8 344.9
253.1 244.2 235 227.1 219.8 214 208.4 202.6 197.6 194 189.6 184.8 180.3 177 175.7 173.7 172.4 170.7 168 166.2 161.9 163 165.6 163 162.7 162.5 162.5 162.6 162.6 162.5 162.1 161.7 161.7 161.4 161.7 161.6 159.6 173.9 181.2 189.5 201.5 214.4 227.6 239.4 257.5 274.1 281 271.5 276.8 289.5 290.9 287.7 282.4 277.2 272.3 266.2 261.4 256.8 252.6 248.5 252.6 263 271.1 277.3 284.2 288.3 291.9 295.5 299 301.7 305.3 310.1 315.9 322.6 329.9 335.2 339.2 343.3
253.8 245.2 236.6 228.2 220.3 214.3 208.3 202.1 196.8 192.7 188.4 185.2 184.4 182.1 178.7 176.4 176.1 174.6 172.6 170.2 165.3 161.8 163.1 162.9 162.6 162.3 162.4 162.1 162.1 161.9 161.7 161.5 161.5 161.8 161.2 161.1 161.1 159.6 171 179.1 188.8 201.4 214.9 228.7 246.3 260.4 262 270.4 284.9 290.2 287.8 283.5 277.9 274.2 268.3 262.8 258.4 254.3 250.1 243.8 251.8 262.6 270.2 279 284.6 289.5 294.4 298.2 301 304.5 304.6 309.3 315.7 322.1 328 335.1 339.2 342.9
253.3 244.9 237.5 229.2 222.1 214.9 208.6 203 196.5 192.8 191 189.6 188.3 185 181.7 179.7 179.7 179.6 177.5 175.7 171.7 168.1 162.7 162.8 162.5 164.5 162.5 162.3 162.3 162.1 161.5 161.4 161.5 161.3 161.2 160.6 160.7 160.6 159.7 164.9 175.6 188.7 202.6 220.3 233.5 246.9 258.6 273.6 287.5 286.5 283.7 277.8 274.7 270.1 264.6 260.2 256.5 251.2 247.8 242.1 249.7 260.1 271.2 277.7 285 291 296.3 298.9 300.5 301.5 302.7 307.7 315.7 321 326.7 333.5 339.2 343.9
248.9 240.9 234.7 229.1 223 216 208.9 203.7 197.9 198.1 197.1 194.4 191.6 189 187.5 186.6 184.7 182.9 181.2 179.8 178 174.6 172.2 169.5 166.7 163.7 161.8 162 161.2 161.3 167.8 168.1 166.8 164.5 164.8 162.8 160.3 160.4 160.4 159.5 166.2 180.8 197.9 211.2 224.3 237.1 256.6 277.4 286 286.1 282.7 277.4 273.7 269.7 265.1 259.3 253.8 248.5 244.1 239 248.9 260.7 269.2 276.5 284 289.2 293.7 295.2 295.2 297.1 299.5 305.5 313.6 320.3 327 332.4 334.7 337.4
242.4 236.9 231.5 226.4 221.6 216.1 210.5 201.8 203.4 204 201 197.9 196.3 197.1 195.7 192.7 189.5 187.6 185.5 184.4 182.7 181.3 180.3 177.9 177.1 179.5 181.7 179 182.9 183.6 184.1 182.4 179.8 177.1 173.7 169.2 163.5 160.5 160.5 160.7 159.2 175.5 191.4 205.4 219.3 236.1 257.4 278.5 288.9 291 286.2 280.5 274.7 269.7 264.2 257.8 252.1 247.2 240.5 239.2 248.3 261 267.1 271.9 276.8 281.5 285.6 285.9 286.1 291.5 295.5 300.6 311.6 319.5 324.3 327.2 329.3 332.1
237.1 232.8 228.5 223.4 218.9 214.2 206.1 208.3 210.2 209.4 207.2 207.2 206.3 207.5 204.8 200.9 196.9 193.7 192 190.9 190.6 190.3 189 189.8 191.6 195.5 196.3 195 193.9 192.9 189.9 186.2 181.6 177 173.9 168.8 163.4 160.8 160.7 160.4 159 173.7 187 202.1 217 235.8 257.6 279.1 289.6 288.8 283.6 278.9 274.2 269.5 264.2 256.9 250.7 246.5 237.9 239.9 249.3 258.9 263 265.6 269.4 274.1 277 276.2 278.4 284.9 290.9 298.4 308.3 315.3 319.2 321.3 322.1 322.3
