app/static/ascii/NT50.asc
ncols 200
nrows 200
xllcorner 350000
yllcorner 600000
cellsize 50
[rows 0 to 34 of 200, columns 78 to 155 of 200]
249.5 248.1 246 246.8 248.3 249.3 250.5 253.2 256.2 259 261.4 263.9 266.6 269.4 272.5 275.3 277.1 280.1 283.7 287.7 290.2 292.1 293.8 295.6 297.2 300.1 299.8 297.8 295.1 291.9 289.2 286.1 282.6 279 274.3 269.1 266.6 260.9 257.8 255.9 254.3 252.2 251.7 249.7 248.3 249 249.8 250.5 252.5 254.7 257.2 257.4 255.9 253 249.7 246.3 242.5 238.6 234.1 228.5 222.6 217.3 212.7 210.9 209.1 207.1 205.4 203.7 202.8 201.6 201.5 201.2 200.7 199.9 199.1 199 198.2 197.2
248.1 246.5 247.6 249.3 250.9 252.4 253.9 256.1 259.5 262.7 264.9 267.7 270.6 273.7 276.6 279.2 281.3 284.6 288.1 291.2 293.3 295.1 296.8 299.5 302.4 302.1 299.7 297.3 294.7 291.9 288.7 285 281.8 278.2 274.4 269.6 265.2 261.7 260 258.6 255.9 253.8 252.5 250.7 250.5 251.7 252.9 254.2 255.8 258.8 260.2 259.2 256.6 253.3 249.6 246.3 242.1 237.6 231.8 225.7 220.3 214.5 212.6 210.9 209.1 207 205 204 203.1 203.3 203.2 202.5 201.2 200.6 200 199.4 198.7 197.3
247.2 248.2 250 251.7 253.4 255.2 256.8 259.9 263.5 266.4 269.2 271.9 274.7 277.6 280.4 283.1 285.6 289 292.2 294.2 296 297.8 300 303.3 303.7 301.4 298.9 296.5 294.2 291.3 287.4 283.6 280.4 277.3 273.5 269.5 265.6 263.8 262.6 260.7 257.6 255.5 253.8 253.3 253.8 255 256.4 257.7 260.5 262.7 262.3 259.9 256.7 252.8 249.5 245.9 241.1 234.6 226.9 220.3 215.7 214.2 212.6 210.9 208.9 206.9 205.3 204.7 204.9 205.1 204.3 203.2 201.9 201.5 200.8 200 198.9 197.6
248.9 250.7 252.5 254.4 256.1 258.3 261.1 264.5 268.5 271.2 274 276.7 279.4 281.9 284.4 287.2 290.5 293.5 295.2 296.4 298.3 300.6 303.5 305.1 303.4 300.7 298.2 295.8 293.4 290 286.1 282.5 279.8 277 273.6 269.9 268.4 266.5 265.1 262.2 259.7 257.9 256.3 256.5 257.3 258.4 259.7 261.8 264.4 265.1 263.1 259.1 255.7 252.5 249.6 244.4 237.8 228.7 220.6 216.4 215.5 214.3 212.9 211.1 209.1 207.1 206.6 206.6 206.7 206.3 205.1 204.1 203.2 202.7 201.8 200.5 199.2 197.9
251.6 253.3 255.4 257.2 259.4 262.5 266.3 270.2 273.8 276.7 279.1 281.6 284.2 286.6 289.2 292.1 294.7 296.4 297.3 298.6 300.9 303.8 306.1 305.6 302.7 299.8 297.5 295 291.8 288.5 285.2 282.4 280.3 277.6 274.7 272.7 271.3 268.5 266.2 264.2 262.2 260.4 258.9 259.7 260.4 261.2 263.2 266.1 267.2 265.8 262.4 258.1 254.5 251.3 246.2 237.6 229.8 222.5 218.9 216.9 216.1 215 213.3 211.4 209.4 208.6 208.6 208.5 208.5 207.6 206.3 205.2 204.6 203.7 202.6 201.2 199.8 198.4
253.7 256 258.4 260.7 264.4 268.3 272.1 276 279.1 282 284.1 287 288.9 291.2 293.9 296.5 297.8 298.7 299.2 301.3 303.9 306.1 307.2 304.2 301.6 299 296.5 293.9 290.9 288 285.8 283.7 281.5 279.2 277.4 276.2 272.9 270.3 268.8 266.9 264.7 263 262.1 262.6 263.1 264 265.5 266.4 266.5 264.1 259.1 255.3 251.6 245.9 238.1 231.2 225.8 221.8 219.3 218.3 217.2 215.7 213.6 211.6 210.6 210.6 210.5 210.4 210.1 208.9 207.9 207 206 204.5 203.2 201.9 200.4 199
256.5 259.3 261.8 265.9 270.2 274.1 277.8 281.5 284.5 287.3 290 292.2 294 296.2 298.7 299.6 300.2 300.6 301.3 303.4 305.6 307 304.6 302.3 300 297.5 295.1 293.2 290.7 288.8 287.3 285.7 283.3 281.6 280.7 278 274.9 273.1 271.6 269.3 267 265.7 265.3 265.1 264.5 264 264 264.1 263.3 258.3 253.6 249.3 244.9 239.5 234.1 229.4 225.3 222 221 219.9 218 216.1 214.3 213 212.7 212.7 212.6 212.3 211.4 210.4 209.5 208.6 207.2 205.6 203.9 202.5 201.1 199.2
259.5 262.7 267.4 272.2 276.1 280 283.7 287.1 289.7 292.1 294.5 296.8 299 301 301.7 301.6 302.1 302.5 303.2 304.8 306.2 304.4 302.1 300.1 298.2 296.5 294.6 292.7 291.7 290.4 289.2 287.3 285.3 284.7 282.2 279.5 277.8 276.2 274 271.8 269.3 268 266.9 265.5 263.8 261.3 260.3 258.6 253.9 249.2 245.6 243.4 241.2 236.7 232.2 228 226 223.9 221.9 219.9 218.3 217 215.8 215.1 214.8 214.9 214.7 213.9 213.1 212.1 211.1 210 208.6 206.8 204.9 203.2 201.6 198.9
263.4 268 273.9 278.7 282.7 286.3 290.1 292.4 294.4 296.7 299.4 301.5 303.1 303.9 304 303.4 303.6 303.9 304.4 304 303.7 302 300.1 298.6 297.1 295.6 294.5 293.3 293 292.6 290.9 288.2 287.1 285.5 283.1 281.5 280.2 278.1 275.3 271.9 270.5 268.6 266.6 263.8 259.6 255.6 253.5 248.8 243.6 241.3 240.1 239.5 237.3 234.2 230.9 228.5 226.7 224.9 223.1 221.2 220.3 219 218 217.3 216.9 217.5 216.4 215.5 214.7 213.8 212.8 211.5 210 207.9 205.8 204.2 201.6 198.5
268.6 274.8 281 285.5 289.6 292.9 295.8 297.2 299.3 301.9 304.7 306.5 306.5 305.9 305.2 304.3 304.5 304.7 303.8 302.8 301.7 300.4 298.8 297.4 296.2 295.5 294.6 293.9 293.9 294 291.6 288.8 287.4 285.9 284.5 283.1 281.4 278.8 273.8 270.6 269.1 266.1 262.9 258 253 248.6 245.1 239.9 236.3 235.3 235.1 234.5 233.9 233 231 229.1 227.7 226.5 224.4 223.4 222.3 221.4 220.4 219.6 220 219.8 218.3 217.3 216.4 215.5 214.2 212.9 210.7 208.4 206.6 203.6 200.6 197.2
275.3 282.5 288.3 292.5 296.7 299.2 300.7 302.1 304.4 307.2 309.2 309.4 308.3 306.5 305.3 304.6 304.6 304.6 303.2 300.9 299.7 298.6 297.5 296.6 296 294.8 294 293.8 294.8 293.3 291 288.6 287.8 286.9 285.3 283.5 281.7 276.8 271.1 267.9 265.7 260.8 255.3 250 245.5 241.5 237.5 232.7 229.9 229.2 230 230.5 231.4 231.5 230.5 230.1 229.2 227.4 225.6 225.6 224.6 223.6 222.6 222.8 223.1 221.9 220.3 219.2 218.1 216.8 215.6 213.4 211 208.9 206 202.6 199.1 195
283.9 290.7 296 299.9 303.1 304.5 304.8 306.7 310 311.8 312.3 310.5 307.9 306.4 305.5 304.8 303.9 302.8 301.1 300.1 298.9 297.8 296.9 296 294.6 293.1 292.3 292.3 293.1 292.3 289.6 287.7 287.3 285.6 284.5 283.2 279.1 274 266.6 263.8 257.9 252.2 246.9 242.2 238.5 235.1 231.8 227.7 225.1 224.5 226.6 227.8 230.4 231.5 231.3 231.3 229.5 228.4 227.2 227.2 226.4 225.5 225.1 226.2 225.3 223.8 222.3 221 219.6 218.2 216.2 213.7 211.3 208.4 205 201.4 196.7 192.3
293 298.9 303.7 307.4 308.7 308.7 309 312.1 315.2 315.6 313.5 310.2 307.7 306.2 305.1 303.5 302.2 301.1 300.4 299.4 298.2 297.2 295.8 294.1 292 290.2 289.5 289.7 290.9 289.6 286.9 286.8 283.8 282.5 282.2 279.6 275.1 268.4 259.4 254.3 248 243.4 239.1 235 232.9 230.4 227.7 224.4 222 221.6 224.4 227.2 229.8 231.6 231.8 231.1 230.1 229.3 228.8 228.8 227.9 227.1 228.6 228.8 227.1 225.6 223.9 222.3 221 218.6 216.1 213.4 210.4 207.2 203.4 198.6 193.6 188.7
300.5 306.3 311.1 312.5 313 312.8 313.4 316.6 318.5 316.7 313 309.6 307.6 306 303.5 302.1 301.2 300.3 299.5 298.4 297.2 296.1 293.9 291.6 289.6 287.5 286.3 286.6 287.3 284.5 283.1 280.9 277 276.4 277.8 272.2 267.9 259.4 251.7 244.3 239.6 235.5 231.3 229.4 228.1 225.8 223.6 221.1 219.2 220.4 224 226.6 228.5 229.8 229.8 229.3 229.2 228.8 229.3 229.1 228.3 229.4 231.2 230.4 228.9 227.1 225.2 223.3 220.9 218 215.1 212.2 209.1 205.2 200.8 195.6 189.4 184.2
305.3 311.4 316.3 317.5 317.1 315.9 317.4 319.5 318.5 314.7 311.5 309.2 307.5 304.8 302 301.3 300.4 299.4 298.6 297.3 296 294.3 291.7 289.2 287.2 284.9 283 282.1 281 279 275.9 271.8 268.9 267.4 264.7 263.7 259.1 252.8 243.5 236.2 231.8 229.2 227.2 225.2 222.9 220.9 219.7 218.1 217 219.7 223 225.2 226.2 226.4 226.4 226.4 226.9 227.7 228.4 228.6 230 231.5 231.9 230.7 228.8 226.7 225 222.1 219.3 216.6 213.7 210.6 206.5 201.9 197.4 192.3 185.9 177.9
311.6 318.4 321.9 322.1 320.6 318.3 318.7 318 315.5 312.7 310.6 308.5 305.8 302.9 301.3 300.5 299.7 298.7 297.6 296.2 294.7 292 289.5 286.9 284.7 282.3 276.4 272.8 275.7 273.3 269.6 263.9 261.2 258.6 256.3 253.7 251.3 244.5 235.8 231.1 228.2 226.2 224 221.8 219.6 218 216.1 214.4 215.8 218.2 220.7 221.6 222 221.9 221.9 223.3 225.1 226.3 227.2 228.3 229.7 231.3 231.3 229.9 228 225.6 223.1 220.4 217.6 214.8 211.5 207.8 203.4 198.7 193.9 187.6 181.3 173.8
321.4 325.9 327.4 325.5 323.2 320.7 318.4 315.8 313.4 311.1 308.9 305.7 303.2 301.5 300.1 299.6 298.5 296.6 295.7 294.8 292.3 289.4 287 284.6 279.9 281.5 281.1 278.1 270.5 266 267.8 265.6 251.5 251.3 249.1 244.3 242.2 235.5 231.3 228.7 226.3 223.5 221.1 218.5 216.5 214.7 212.7 211.5 213.1 214.7 215.9 216.3 216.6 216.6 218 221.3 223.5 224.9 225.4 226.4 227.6 228.4 228.2 226.2 224 221.2 219.1 217.4 214.6 211.9 208.9 204.7 200.4 195.3 189.8 181.9 168.8 161.9
330.5 332.1 330.7 328.6 324.3 320.4 316.6 314.5 312.9 310.6 307.3 304.1 302.1 300.7 299.9 298.4 296.1 295.2 295.2 291.6 288.2 287.1 285.6 283 284.1 283.6 281.9 280.3 278.8 276.5 273.2 268.6 261.3 253.6 247.8 242.7 234.4 233.5 228 223.7 224.6 221.2 218.5 216.1 213.4 211.6 210.1 209.3 209.1 209 210.6 210.9 211.3 211.7 215.5 219.6 221.9 222.4 223 222.9 223.3 223.5 222.1 219.7 217.6 215.5 214 212.2 211 208.4 205.1 201.1 196.7 191.6 185.7 176.4 162.4 161.2
337.1 335.6 333.8 329.5 324.4 318.7 315.9 315.8 314 309.6 305.4 303.5 302.2 301.9 300.7 299.3 297.4 298.4 296.8 293.6 289.8 286.7 285.5 285.5 285 284.6 283.7 282.1 280.6 276.2 271.9 267.5 262.4 256.4 250.7 246.3 241.2 238.1 234.2 230.3 225.2 218.1 216.8 213.8 211 209.6 207.8 206.7 205.3 204.2 204.9 205.8 206.6 209.1 213.6 217.9 220.3 219.8 218.6 217.7 218.4 217.8 215.8 213.4 211.1 208.8 206.9 206.2 205.2 204.1 201.1 196.9 192.3 186.3 179.6 164.4 162 160.5
340.1 338.9 334.4 329.2 322.8 319.4 319.6 317.6 312.4 307.4 305.5 304.7 303.7 303.2 300.9 300.4 300.1 299.3 297.2 293.6 290 287.5 286.6 286.3 285.6 285.2 284.6 283.6 279.9 275.1 270.6 266.1 261 255.9 250.8 246.2 242.2 238.6 235.3 231.3 227 222.4 219.6 213.8 209.9 207.6 206.3 205.2 203.9 202.8 202.4 203.1 204.7 208.2 212.1 215.9 216.8 216 213.5 212.3 213.7 212.7 210.5 208 204.9 202.4 199.9 198.3 197 196.6 195.4 191.7 185.5 180.6 167.7 162.9 160.8 159.9
341 338.3 334 326.6 322.4 321.6 318.4 314 309.8 308.6 308 307.4 306 304.4 301.7 303.6 302.7 300.3 297.1 293.6 290.6 289 287.7 287 286.2 285.7 285.2 282.6 277.7 272.8 268.7 264.6 259.8 254.7 249.6 246 242.4 238.7 234.5 229.8 225.7 222.1 218.6 214.4 208.9 205.8 204.8 203.5 202.9 201.9 201.6 202.2 204.7 208.5 212 213.3 213.3 211.8 208.6 206.9 209 207.7 205.4 202.4 199.3 196.5 194.1 191.3 188.5 188 187.9 185 179.5 168.4 163.4 160.7 160.9 161.8
337.7 335.5 329.4 322.7 321 318.2 315.5 313.8 313.2 312.5 311.5 309.6 307.4 305.1 305.9 306.1 304.6 301.6 298.1 294.6 292.3 290.4 288.6 287.6 286.7 286.6 284.5 279.9 274.9 270.8 266.9 262.9 258.4 253.4 249 245.6 242 237.4 232.9 228.6 224.9 221.4 217.8 214.3 209.1 203.8 203.1 201.5 201.1 201.1 201.4 202.5 205.8 209 211 210.5 210 208.1 204.7 201.6 204.3 203.2 200.3 197.2 194.3 191.3 188.5 184.6 180 179.9 177.3 170.9 166.6 163.9 161.9 164.4 165.2 165.3
334.7 330.7 324.1 320.8 319.4 318.8 318.9 318.1 317.3 316.5 314.1 311.2 308.6 308.2 309.1 309 307.2 303.2 299.6 296.1 293.5 291.1 289.4 288 287.2 285.9 281.9 277 272.8 268.8 264.8 261.1 256.9 252.1 248.6 245 240.9 236.1 231.6 227.6 224.1 220.6 217 213.5 209.6 205 201 199.7 200.1 200.2 201 204.4 208.2 210 210.3 210.4 209.9 205.6 201.5 196.7 198 197.8 195 192.2 189.4 186.5 183 178 172.3 168.2 165.9 165 164.1 163.9 169.5 167.6 168 168.8
330.4 325.7 322.5 322.4 323.1 323.3 323.4 322.4 321.5 318.9 315.9 312.4 311.3 312 313 311.8 308.9 304.9 301.2 297.6 294.3 292.1 290.2 288.4 286.3 283.7 279.4 274.9 270.8 266.7 262.7 259 255.4 251.7 247.8 243.9 239.7 235.1 231 227 223.3 219.8 216.4 213.3 209.1 204.6 200.9 199 198.9 200 203 206.8 210 211 211.1 211.6 209.1 204.8 200.8 198.5 189.9 192.8 190 187.2 184.5 181.1 175.7 169.3 166.5 165.5 164.9 164.4 169.4 171.8 171.1 171 170.9 174.1
326.4 323.4 323.4 326.6 328 328.3 328.1 326.8 324.3 320.7 316.3 314.6 316.1 317.1 316.8 314.8 310.9 307 302.7 299 295.5 293.3 290.6 288.3 284.2 280.9 277.1 272.8 268.7 264.7 260.6 257 253.5 250 246.5 242.5 238.3 234.5 230.4 226.3 222.3 219.7 216.5 212.9 208.1 204.5 201.2 199.3 196.4 202 205.4 209.3 210.5 211.3 211.5 209.1 205.5 201.6 197.7 194 191.5 184.2 184.8 183.1 179.8 172.7 168 166.7 168.9 171 171.4 173.2 174.4 176 174 173.4 175 178.1
325.1 324.1 326.9 329.7 331.8 333.3 332.1 330 326.3 322.1 319 319.8 321.3 322.2 320.5 317 313.2 308.7 304.5 300.7 297.1 294.3 291.3 287.7 282.3 278.7 275.1 270.9 266.4 262.3 258.5 255.1 251.6 248.2 244.7 241.1 237 233.4 229.8 225.9 222.9 220.1 215.9 211.8 207.4 204.4 201.7 198.1 197.9 203.9 207.5 209.5 210.1 210.5 207.9 204.9 201.2 196.7 192.9 189 186.2 182.8 178.7 176 171.4 168 166.7 169.3 173.7 174.6 175.8 177.6 179.5 179.4 176.9 177 179.9 181.3
325.1 326.6 329.6 332.6 334 335.7 334.6 332 328.2 324.6 323.2 324.7 326.9 326.2 323.5 319.8 315.7 310.5 306.3 302.8 298.9 295.6 291.9 287.6 282 276.4 272.7 268.4 264.1 260.3 256.5 253.1 249.7 246.3 242.8 239.5 235.8 232.3 228.9 226.2 223.5 220 215.9 211.3 207 204.5 202.7 197.2 197.2 204.7 207.3 208.1 208.6 206.7 203.6 200.6 196.5 191.6 187.5 183.6 180.7 177.8 173.5 169.7 168.3 168.5 174.1 176.2 176.7 178.8 180.6 181.8 182.2 181.1 179.4 182.7 184.1 182.6
326.2 329.5 332.6 335.6 337.3 337.9 336.4 334.3 330.5 327.9 328.2 330.5 331.7 329.7 325.5 321.2 316.5 312 308.5 304.3 300.5 297.3 293 287.9 281.7 275.7 270.4 266.2 262 258.2 254.5 251.1 247.5 244.1 240.7 237.6 234.6 231.6 228.9 226.3 223.6 219.9 215.5 210.6 207.2 205 203.7 200.1 192 203.2 204.8 205.8 204.9 201.8 198.7 195.4 192 187.9 184.3 181.1 178.2 174.2 170.4 168.4 168.6 176 178.6 178.9 181.1 183.5 183.7 184.2 184.2 182 183.5 186.2 185.8 183.1
328.8 332.1 335.8 338.8 341 341 338.1 336 332.7 331.1 333.9 336.4 336.4 333.5 328.5 321.8 317.6 314 309.3 305.4 302 297 292.2 286.5 280.3 274.1 268.4 264 260 256.2 252.5 248.9 245.4 242 238.9 236.3 233.4 231.2 228.9 226.3 222.8 218.5 213.5 209.1 207 205.5 204 200.8 192.9 199.3 201.6 203.1 200.1 196.9 193.7 190.6 187.7 184 181.4 179 176 171.4 170.1 169.5 174.3 180 181.1 182.4 185.3 186.2 186.3 186.4 185 184.1 187.3 188.4 186.6 184.2
331.8 335.6 339.7 342.9 344.8 343.3 340.6 337.9 335.8 337.1 339.5 341.5 340 335.9 329.1 322.8 319.1 314.5 309.9 306.4 301.1 295.4 289.4 283.1 278.3 272.1 266.6 261.5 257 252.4 249.6 246.7 243.2 240.3 237.4 235.2 233.1 230.9 228 224.6 220.8 217.2 212.4 208.6 206.5 205.2 203.2 198.9 192.5 195.7 200.4 199.1 195.6 192.5 189.6 186.8 183.7 180.9 178.9 176.5 172.6 170.4 169 175 179.9 183 183.7 186.5 188.1 188.3 188.3 187.1 185.9 188.4 190.5 189.7 188.1 186.1
334 338.9 343.3 346.8 346.8 345.7 343.1 341.1 340.4 341.5 342.8 344.3 342.7 335.4 328.3 323.2 318.6 314.6 311 305.2 298.8 291.8 282.9 277.3 274.8 269.6 263.9 258.8 254.1 249.6 246.7 244.5 241.9 238.9 236.9 234.7 232.4 229.5 226 222.4 218.7 215.9 211.8 208.5 206.4 204.1 201.2 195.2 190.2 193.9 198.6 195.1 191.2 188.4 185.5 183.1 180 178.2 176.6 173.9 171.3 170.5 172.4 178.4 182 184.7 187 189.4 190.2 190.1 188.5 187.4 189.7 192.4 193.5 192.1 190.8 187.8
336.6 341.8 346.7 348.9 348.6 347.7 345.7 344.3 344.2 344.9 345.3 345 341.5 333.3 326.8 322.6 319.2 315.5 309.9 303.3 296.3 288.7 280.6 273.6 270.8 266.4 260.9 256.4 251.7 247.4 244.1 241.8 239.4 237.6 236.4 234.2 231.1 227.4 223.8 220.3 216.9 214.4 211.3 207.9 205.3 202.6 198.2 192.9 188.9 192.2 194.4 190.4 186.1 183.9 181.5 179.1 177 175.6 173.8 172.3 170.8 171.3 176.2 179.6 182.8 185.8 189.5 191.1 191.8 191.1 188.9 190.1 193.2 195.2 195.6 195 192.8 187.5
339.3 345.4 349.7 350.1 349.7 349.1 348.6 347.1 346.5 346.2 346.3 344.9 337.6 329.4 325.6 323.4 321.4 315.3 307.9 299.9 292.3 285.9 279.4 272.9 267.5 262.9 258.5 254.6 249.6 244.8 241.4 239.4 237.4 235.7 234.4 232.8 229 225.3 221.7 218.4 216 213.2 210.1 206.8 203.8 200.3 198.2 195.6 191 185.2 188.4 184.8 181.2 179.6 178.2 176.3 174.8 173.5 172.2 171 170.9 175.9 178.7 181.3 184 188 191.7 193 192.6 190.7 189.6 192.6 196.3 198.6 198.8 196.5 191.7 185.7
343.1 349.3 351.4 351.3 350.9 350.4 349.5 348.4 347.7 346.8 345.6 341.6 334.8 329.3 327.9 325.6 321.1 313 304 295.5 287.9 281.2 275 269.1 264.5 260 255.7 251.4 246.2 241 239.1 237.5 235.6 233.8 232.2 230.8 226.6 222.8 219.8 216.7 214.3 211.8 208.6 205.4 201.7 198.8 198.2 196.5 192.9 190.4 187.8 182 178.2 176.6 175.3 175.4 173.7 172.1 172.1 173.1 175.9 178.3 180.6 182.9 185.8 190.2 193.7 194.2 192.2 190.4 191.6 196.1 199.8 201.7 200.2 196.3 189.6 184.2
347.8 352.3 352.8 352.6 351.6 350.7 349.8 348.3 346.8 345.6 344.1 339.8 335.5 331.8 329.4 324.8 317.3 308.5 299.5 290.6 283.4 276.2 269.9 265 261.2 257 253.2 248.1 243.7 241.2 238.8 236.6 234.5 232.2 230.5 228.4 224.2 220.7 217.9 215 212.2 209.4 206.7 203.4 201.5 199.9 198.4 195.8 193 190.8 186.4 180.2 177.4 175.8 174.5 173.4 173.5 174.2 175.2 176.1 178.3 180.4 181.9 184.1 188.5 192.9 195.3 193.5 191.6 191.3 195 199.6 202.7 203.1 199.7 193.4 187.9 184.9
