app/static/ascii/NT51.asc
ncols 200
nrows 200
xllcorner 350000
yllcorner 610000
cellsize 50
[rows 140 to 174 of 200, columns 0 to 77 of 200]
207.7 203.8 200.9 195.4 189.6 185.4 180.3 170.1 160.1 157.9 152.9 149.4 133.7 127.4 138.8 146.7 147.5 144.8 153.8 168.2 185.4 193.7 195.2 195.3 191.1 184.8 184.7 188.1 190.6 188.3 187.2 190.1 196.8 196.1 191.8 192.9 197.6 204.1 205.7 206.8 208.6 209.3 214.3 233.9 249.3 258.7 258.2 252.8 244.6 237.4 233.4 232.3 231.4 232.1 232.3 233.5 235.5 235.8 233.5 237.6 240.8 245.4 246.6 245.3 240.3 234.6 230.7 227.3 223.6 219.4 215.3 213.6 214.3 218.9 221.7 225 232.6 238.5
210.1 207.1 204.1 196.2 188.8 182.1 177.7 169.6 157 151.7 142.7 142 125.5 129.5 139.3 148.9 155.8 158.1 153.8 157.7 176.4 179.8 182.2 180.4 184.8 181.6 180.9 181.1 186.4 187.6 187.5 198.6 201.2 197.2 194.7 195.1 199.9 202.9 204.4 204.5 206 209.6 218.7 242 258.4 262.7 260.2 253.6 246.5 240.2 236.2 234.9 234.4 235 236 237.4 238.9 238.9 238.5 240.2 245.6 250.6 248.9 245 240 235.9 232.7 229.5 225.9 223 219.7 214.9 216.8 220.7 225.4 233.4 239 244.2
212.5 209.4 203.9 194.9 188.1 180.8 173.6 166.4 155.3 148.3 138.2 127.1 125.5 131.9 144.8 154.2 161.2 162.7 165.4 162.8 164.7 170.4 176.8 184.4 187 184.2 182 181.5 183.2 186.6 200.4 204.3 200.2 195.8 195.7 195.8 198.2 201.3 202.8 203 206.8 213.8 230.3 255 265.1 265.7 261.8 255.8 248.8 241 238.2 237.7 239.6 239.3 239.5 240.9 241.8 242.1 240.9 242.5 247.4 250 248.1 244.5 240.7 237.5 234 230.8 227.9 224.1 218.3 214.8 220.3 225.6 232.3 237.6 243.6 248.1
214 209.9 203.6 191.5 183.4 176.5 167.2 158.7 149.3 138.6 126.6 125.1 131.4 142.7 154.1 162.4 165.9 167.3 168.9 171.4 174.6 178.3 182 185.7 187.8 186.2 183.6 183.6 189.5 198.8 205.7 202.6 196.2 194.6 194 193.9 196.4 199.8 200.9 202.8 208.1 220.6 244.8 264.1 269.5 267.6 263.2 257.5 249.8 242 240.5 242.8 245.4 245.5 243.9 244 244.7 245.1 244.2 243.9 245.8 247.7 246.3 244.5 241.8 238.4 235 231.9 227.2 218.4 222 223.1 225.1 230.3 236.7 242.5 249.7 253
214.8 209.7 201.2 189.4 177.8 163.8 152.7 144.6 139.6 127.3 131.4 132.6 137.5 151.8 163.6 170.9 170.1 170.7 172 174.4 177.2 180.7 183.7 186.6 188.9 188.8 185.5 191.9 194.5 204.9 203.3 195 192 191.1 191 193.3 196.5 196.5 197.3 202.3 210.8 232.7 260.3 269.3 272.7 270.2 266.4 257.3 248.9 245.8 248.3 251.2 252.4 250.3 248.5 248.4 248.3 247.2 245.6 244.3 246.2 248.4 246.8 244.9 242.2 238.1 232.8 230.4 221.6 225.3 227 225.5 228.8 232.8 238.8 250 255.6 257.9
216.6 208.8 200.4 183.6 165.8 153.9 144.6 137.8 128.9 127.4 133 135.4 147.2 163.8 172.6 172.4 173.1 173.2 174.8 177.4 180.2 183.1 186.1 188.1 190.5 191.1 186.9 188.4 197.8 198.9 191 189.8 188.6 188.7 189.6 192 193.8 195.2 198.1 205.4 219.7 246.9 263.7 272.3 274.4 274.5 267.7 254.9 251.4 254.8 257.6 258.5 257.8 254.7 252.2 251.8 249.7 247.7 246 246.6 249.5 250.9 248.1 245.4 241.9 235.4 229.4 226.2 222.3 228.4 230.3 229.7 227 235.6 250 255.4 260.6 260.8
216.3 208.9 199.4 183.8 163.6 153.4 144 140.8 129.1 131.3 133.9 141.7 165.3 175.8 174.4 171.9 170.7 173.1 177.2 181.9 184.5 186.7 188.2 189.9 192.4 193.8 190.2 189.7 189.4 188.7 188.6 188 188.5 189.3 190.1 193 194.6 196.3 199.6 207.4 229 254.1 266.8 273.3 277.1 268.8 261.9 256.9 261.1 265.5 265.4 264.8 261.5 257.7 254.6 252 249.7 247.7 246.9 251.6 253.9 251.8 248.8 245.1 239.9 232.7 229 228.3 226.9 231.8 233.8 230.1 227.2 245 252.1 262.2 262.8 260
216.2 207 196 181 164.6 153.1 144.1 134.6 130.2 130.9 133.1 144.5 173.6 176.6 171.1 169.3 170 174.5 181.4 189.9 190.5 190.5 191.3 192.6 194.6 196.1 194.3 191.5 188.5 188.4 188.6 188.6 189.5 190.8 192.6 195.2 196.4 197.6 201 213.3 232.2 253 268.1 272.8 264.9 262.3 260.5 263.7 268.3 273.1 273.3 269.7 263.5 257.7 254 251.7 249.9 250.2 254.1 257.2 255.6 252.8 248.1 243 238.5 234.4 233.4 231.7 231.2 233.3 233.9 230.4 232.2 250.1 261.6 264.4 263.3 258.6
214.2 205.5 193.6 180.4 166.6 155.4 145.1 138.3 132 128.6 131.9 134.6 159.9 170.9 167.4 168 173.2 184.3 196.3 200.9 198.1 196.4 195.3 197.4 198 198.9 196.7 194.1 190.6 188.2 188.4 188.8 190.5 193.3 195 194.5 199.7 201.9 207.2 215.5 236 255.7 260.3 259.7 257.8 259.5 263.7 272.1 277.3 279.5 277.7 271.7 264.4 257.9 253.2 252.9 253.5 256.7 259.6 256.9 256.1 253.6 248.5 243 239.7 237.8 235 228.6 235.4 237.2 236.3 236.9 243.3 259.9 265.3 265.5 262.8 256
212.5 204 193.6 180 167.7 156.5 143.2 139.4 133.5 129.3 127.5 132.5 153.1 163.3 165.6 171.6 185.7 197.6 206.1 211.8 207.6 202.2 202.1 203.5 202.5 201.8 198.8 195.8 192.8 190 189.8 192 195.2 197.1 196.1 198.6 202.4 206.8 212.5 221.6 239.3 249.1 248.9 248.9 249.4 257.5 268.4 274.4 281.2 282.7 279.2 271.4 263.5 257.2 257 257.4 259.7 261.6 257.3 256.9 257.1 253.6 249.5 244.5 241.2 238.5 231.6 236.6 238.6 238.3 237.2 241.1 252.8 264.8 267.8 266.2 261.1 254
209.6 201 188.5 176.1 165.8 157.7 148.2 141.6 134.3 129.6 129.9 128.3 143.7 158.5 164.3 181.7 196.6 207.3 217.7 223.5 218.1 209.3 207.7 206.7 205.9 205.1 202 198.8 196 195.1 195.9 198.7 199.5 198.8 197.9 199 204.1 208.4 215.3 223.5 233.6 238.2 237.7 238.2 244.2 258.9 272 281.2 286.2 284 278.7 270.8 262.6 260.4 261.4 264 264.8 258.7 261 261.4 257.2 252.9 249.9 245.3 240.8 237.4 236.3 239.8 240.5 238 239.6 242.4 259 268.4 269.4 266.2 259.4 251.6
204.5 193.7 183.4 172.7 165.6 161.3 151.6 143.6 136.6 131.2 130.2 130.2 132.5 150.2 166.9 189.5 204.7 217.2 226.9 224.9 215.2 213.7 211 209.5 209.2 208.1 205.1 203.1 202.6 202.1 202.6 203.3 203.7 203.1 202 201.3 205.4 210.5 215.5 219.8 226 229.4 232.7 239.2 246.8 266.8 280.6 287.5 287.3 284.1 277.3 269.9 266 264.7 267.3 268.2 263.6 266.1 266.1 260.2 253.4 252.7 247.7 243.2 239.2 232.1 238.8 239.7 239.3 237.6 241.4 244.6 263.8 271.5 270.2 263.6 256.8 248.7
192.3 181.7 173.4 171.3 168.7 162.8 150.7 141.9 137.4 131.6 130.6 130.7 131 146.1 170.7 192.2 208.8 218.9 220.9 214.1 219.4 220.4 216.9 214.6 214.2 213 211 210.6 210.5 210.1 209.8 210.2 209.6 207.3 204.5 206.3 210.1 212.1 213.5 216.5 220.6 226.7 237.1 245.5 260.7 275.9 283.8 286.9 287.3 283.1 276.8 273.1 269.3 269.9 272.3 270.4 268.5 268.6 264.8 261.1 256.4 251.4 246.4 241.1 236.8 235.9 237.7 238.1 237.6 237.7 243.5 251.9 266.9 271.6 267.3 259.5 252 244.2
180.9 176.2 171.4 168.1 165.6 156.1 146.7 140.8 135.4 131.8 131.1 131.1 131.5 146.8 170.6 189.3 205.1 210.5 214.1 221.6 228.3 224.5 221 220.2 220.2 218.5 217.3 217.5 218 218 217.9 215.6 212.6 208.3 209 209.2 211.5 212.4 213.3 215.2 216.5 229.6 242.4 254.2 265.7 276.7 281.8 284.4 284.1 281 280 275.9 272.7 275.3 274.7 272.8 271.7 268 266.6 261.4 255 248.7 244.7 240.4 236.2 233.4 235.2 235.9 235.9 237.4 244 253.4 261.2 265.2 260.5 253.8 247 242.1
176.9 172.8 169.1 163.5 159.9 151.7 143.4 135.4 134.1 132 131.6 131.4 131.6 150.6 169.7 184.4 198.1 210.8 224.5 230 229.1 223 220.8 222.7 223.4 223.6 224.1 224.4 225.1 224.8 221.6 217 213.4 212.7 213.1 213.4 213.4 213.3 214.1 215.3 221.4 235.3 248.7 259.1 269.3 275.9 277.7 276.8 279.8 285.1 283.4 277.6 276.8 276.6 275.6 274 271.9 272.6 266.7 260.3 253.2 248.4 245.1 240.9 236.7 234.4 233.9 234.2 234.7 236.7 241.4 248.5 252 255.2 253.2 249.2 245.3 241.2
174.6 171.2 166.6 156.2 158 156.2 150.8 141.5 133.9 132.2 132 131.9 131.8 149.9 168.1 184.1 198.8 213.3 221.2 224.2 222.3 218.5 221.9 226.3 227.8 229.4 230.3 230.7 229.1 225.2 222.3 218.6 216.9 216.8 217 216.1 215.6 215.3 216.2 219.7 227.3 240.8 250.8 260 268.5 272.1 275.3 281.2 289.9 292.1 284.3 277.5 276.8 277.6 280.6 278.9 275.7 271.4 265.5 258.8 252.9 249.5 246 241.6 236.9 234.3 234.4 234.5 235.6 237.3 240.3 244.2 247.9 250.7 250.4 247.5 243.9 240.6
174.1 171.5 160.2 162.6 161.3 156.7 145.4 141.9 134.5 132.5 132.4 132.2 130.8 149 167.5 184.6 196.2 204.3 207.3 205.5 207.8 216.6 222.7 227.9 231.1 233.9 234 231.4 228 224.1 221.4 218.7 219.5 219.8 220.3 218.6 217.8 217.2 219.5 223.8 230.7 244.8 256.4 261.8 267.2 276.3 284.7 293.5 297.1 290.3 282 274.4 284.9 283.3 283.3 281.1 275.3 269.4 263.8 258.9 255.6 251.5 247.2 240.9 235.6 234.4 234.7 234.5 235 236.8 239.9 243.3 246.6 249 248.5 246.1 243.4 240.4
170 169.6 168.8 164.9 159.9 156 152.9 143 134.9 133.1 132.9 132.6 131.4 147.7 166 176.7 185.8 192.2 197 201.1 208.9 216.4 222.4 228.5 233.2 234.5 232.6 230 225.9 221.8 220.5 221.5 222.4 223.5 223.6 221.4 219.3 220.4 222.8 227.1 237 251.1 259.8 266.5 277 286.6 293.9 298.3 293.6 284.6 274.1 275.1 279.5 285.9 284.5 280.3 274.6 268.9 264.6 263.2 258.6 249.9 245.6 239.6 235.1 234.3 234.4 234.6 234.7 236.2 239.1 241.8 244.9 247.5 247.1 245.4 243.3 240
176.9 175.3 172.4 169.6 164.8 160.3 155 146.9 134.2 133.5 133.2 132.9 131.3 144.6 156 163.3 172.8 186.9 196.3 200.7 206.9 215.4 223.1 226.2 228.8 232 231 228.1 223.8 222.3 223.4 224.5 225.7 227 227.5 224.4 221 223.3 226.3 232.7 243.8 255.9 266.3 276.1 286 293.1 294.5 295.2 286.5 278.4 271.7 269.3 284.5 285.9 283.8 279.9 273.9 270.9 270.3 265.7 258.5 249.7 243.7 238.7 234.7 234.4 234.5 234.7 234.8 235.7 238.3 240.7 242.9 245.4 245.8 244.2 242.8 239.4
179.1 178.2 178.3 175.8 171 165.4 157.5 148.3 134.3 133.7 133.4 133.2 132.9 137.1 149.9 161.1 173.1 185.8 189.3 194.4 202.9 209.8 217.6 223.9 228.8 230.4 227.5 223.5 225.9 225.5 223.9 224.7 227.8 229.5 228.7 225 222.1 226.3 229.7 236.7 250.8 263.3 274.7 283.5 289.3 293.2 299.2 291.1 280.8 275.6 270.3 280.4 288.5 286.7 283.6 280.3 278 277.1 272.3 265.7 258.8 250.9 241.3 236.4 234.7 234.4 234.6 234.7 234.7 235 236.8 238.9 242.7 244.4 245.1 243.9 241.8 238.9
180.9 181.9 182.1 181.5 174.1 168.5 160.5 150.5 139.7 134.5 134.3 134.1 133.9 134.4 150.6 162.4 174.3 177.2 177.8 187.2 199 210.3 221.3 228.3 228 225.3 221.8 224.7 223.7 221.6 220.5 222.9 226.4 228.1 227 224.1 223.6 228.2 232.7 245.3 261 271.5 277.9 284.9 291.1 299 294.4 284.6 272.6 270.4 269.8 281.5 288.3 289 285.7 285.6 283.3 277.3 271.3 266.1 259.7 250.3 240.4 235.5 234.6 234.5 234.5 234.5 234.6 234.7 235 238.5 242.7 244.3 244.5 243.7 241.3 238.9
182.7 184.1 186.1 186.1 178.4 172.5 164.1 156 148.1 140 134.8 134.8 134.8 134.5 144.6 155.4 164.1 166.4 169.9 185.4 200.3 215.5 220.7 222.2 221.7 217.6 217.7 219.2 216 216.6 218.9 221.6 225.2 225.9 225.2 223.6 226 231.6 237.5 254.4 266 274.9 280.7 287.7 293.5 292.4 288.5 278.9 269.2 266.6 272.2 284.4 290.9 291.7 293.6 290.1 283.2 276.3 271.3 264.5 256.2 247.6 242.3 236.3 234.6 234.4 234.4 234.4 234.5 234.7 236.3 239.8 242.7 244.1 243.4 242.3 240.9 240
185.4 186.3 185.8 184.2 180 172.7 165.9 160.2 151.8 148.2 140.6 135.2 134.3 133.5 135.6 153.4 158.9 162.4 167 186.3 198.6 208.3 213.2 212.4 210.9 208.2 210 210.5 211.7 214.5 217.8 220.9 223.4 224.1 223.7 225.5 229.3 233.7 242 256.9 266 271 274.5 278.1 287.5 290.3 287 274.5 265.4 263.8 273.5 286.3 294.2 299.4 296.7 288.9 280.8 275.4 269 261 252.8 246.5 241.2 235.7 234.6 234.4 234.4 234.4 234.5 235.8 236.7 239.7 241.5 242.1 241.7 241.4 242.3 241.7
188 185.2 181.9 180.1 177.9 173.2 167.8 162.1 155.7 153.6 148 140.3 135.8 135.3 135.5 152.5 158.2 162.3 167.1 173.1 184 195.8 199.8 198.9 198.5 200.4 203.2 206.1 210.2 214 217.9 219.9 220.9 221.3 226.7 229.7 232.4 234.8 240.3 248.8 253.9 258.1 264.4 277.6 285.8 289.6 282.6 269.5 261.5 263.4 278.8 291.2 297.3 299 292.2 284.6 279.8 272.5 266.1 258.6 251.8 245.1 237.7 235 234.6 234.5 234.5 234.5 234.7 235.2 236 238.6 240.3 239.8 239.9 242.6 243.9 243.1
184.7 181.8 179.4 177.2 174.9 172.4 168.4 162.8 157.7 153.5 147.7 142.9 136.6 135.5 133.6 145.6 153.6 162.1 169.2 173.5 177.1 180.9 187.5 189.6 193.1 197.4 202 207.2 211.7 214.5 217.1 218.5 220.4 226.6 229.2 231 233.4 233.8 235.4 238.5 244.8 254 262.8 277.9 286.8 284.3 274.2 264.2 260.8 264.4 279.3 290.1 295.8 292.8 288.4 284.3 277.3 270.3 264.8 257.3 250.5 242.4 236.2 234.7 234.7 234.7 234.8 234.8 235 235.4 235.9 237 238.7 238.5 240.7 243.3 245.1 244.4
182.6 180.5 178.2 174.9 172.5 170.1 167.4 165 159.1 152.1 149 143.1 137.9 136.4 135.1 141.6 154.2 173.2 179.6 178 179.4 181.7 184.6 189.1 194.1 200 205 208 210.1 212.5 214.8 219.7 224.7 227.2 226.2 227.8 230.3 231.3 230.9 233.9 243.8 258.4 266.5 280 282.2 278 269.5 262.2 258.8 261.9 272.7 283.7 286 288.9 284.9 279.6 274.3 270.1 264.4 256.1 248.8 242.2 237.6 236.5 235.2 235 235.1 235.1 235.3 235.7 236.4 236.5 237.1 238.9 241.6 243.7 245.4 245.1
181.3 179.2 176.4 173.8 171.3 169 166.7 164.2 162.1 154.4 146.8 152 139.4 137.9 136.1 138.1 164.4 179.5 187.4 192.8 191.6 189.7 192 198.2 204.6 208.5 211 210.6 210.7 211.6 215.3 224.1 224.5 223.6 223.8 225.5 228.4 228.5 228.9 239.2 253 263.1 269.6 276 276.6 276.8 268.3 260.4 255.8 257.3 265.6 278.2 283.1 281.9 280 276.6 274.9 269.5 261.5 253 247.9 242.7 239.1 238 236.5 235.6 235.5 235.5 235.8 237.8 239.2 237.5 237.5 239.3 241.8 243.6 245.7 245
180.2 178 175.8 173.2 170.7 168.3 166.2 163.8 159.2 144.7 148.1 147.9 149.8 145 135.5 137.4 159.9 182 190.9 195.5 199.1 204.9 209 212.5 214.1 214.5 212.5 209.4 209.6 212 219.2 222.7 220.4 220 222.1 224.6 225.9 223 232.7 250.7 257.6 260.4 264 277.2 278.4 273.3 264.6 258.6 253.3 254.2 264 275.2 277.5 276.9 275.9 274.4 271.6 266 257.4 252.5 248.5 243.9 239.7 237.8 237.5 236.4 236.1 236.5 238.7 240.9 240.6 237.5 237.4 239.4 242 244.1 246.2 246.6
180 176.8 174.5 172.5 170.1 167.7 165.3 163.5 149.9 154.2 158.9 156.1 154.1 153.8 138.4 137.5 137.5 165.2 182.5 196.4 208.5 215.8 218.9 218.1 217.1 214.1 209.6 208.7 211.2 216.1 219.4 217.1 215.5 218.2 221.3 222.9 219.9 219.8 236.7 243.3 249.2 256.6 268.3 274.9 272.1 266.8 258.9 252.9 250.6 252.4 264 270.4 272.6 271.9 270.9 269.6 267.7 262 257.2 252.6 248 243.6 239.6 237.6 237.2 236.9 237.3 239.7 241.9 243.3 240.7 237.6 237 239.9 242.8 245.6 247.4 250.1
179.9 175.5 173.3 171 169.1 167 164.4 152.7 160.1 163.6 164.7 164.2 161 158.5 143.8 138.9 136.2 137.2 170.3 198.4 214.3 219.4 219.3 217.9 214 209.6 207.3 209.9 215.9 219.1 214.8 211 212.2 218.6 222.8 220.2 214.9 221.3 224.4 238 253.1 262.2 266.8 266.8 263.4 258.8 253.2 249.4 248.4 250.6 259.8 266.7 267.1 266.7 267.1 266.8 265.5 262.4 257.6 252.9 248.3 243.7 240.5 238.6 238.2 238.1 240.2 242.8 244.5 243.5 239.9 237.5 237.4 240.4 243.5 247.1 251.9 255.3
177.2 173.7 171.1 169.2 167.2 165.2 157.1 163.7 165.2 166.9 167.9 166.7 162.7 158.3 153.1 138.8 139.3 138.6 152.4 184 207.2 213 214.5 212 208.1 204.1 208.5 212 217 216.2 209 206.3 209.2 218.7 224.2 217.5 212 220.3 232.6 245.8 253.1 256.2 257.4 257.4 255.4 252 247.7 247.1 247 249 255.9 262.2 262.3 263.3 265.5 267.4 265.7 263.8 259.5 253.9 248.7 243.9 241.8 240.3 239.5 240.9 243.2 245.8 245.1 242.4 239.5 237.5 238.2 242.4 246.7 252 257.3 259.8
177.6 171.9 168.8 166.2 161.4 161.8 163.6 166.6 168.8 171.2 171.4 168.6 165.2 156.7 156.4 145.7 139.8 139.8 139.9 173.8 194.5 200.4 202.8 200.3 197.3 203 206.7 212.1 213.3 207.5 201.6 202.5 209.5 216.7 221 214.6 209.1 217.9 232.4 241.8 245.2 246.6 247.1 247 245 243.9 243.9 244.5 245 246.9 253 257.8 261.2 262.2 271.3 271.3 268.9 265.6 260.3 254.8 249.9 246.6 244.9 242.5 241.7 243.8 245.6 246 243.8 241.5 239 238.6 241.3 245.6 251.5 257.5 262.6 259.8
176.7 170.6 161.6 161.3 160.1 168.1 167.6 170.5 173.7 176.5 174.4 171.4 170.1 158.7 159 151.7 141 140.2 140.1 166.8 184.3 190.1 191.7 187.5 189.1 199.7 205 205.5 203 197 196.1 199.2 206.9 216 220.1 213 206.1 213.4 226.5 233.7 235.1 236.2 236.7 235.7 237.1 240.1 241.8 242.4 243.1 245.5 250.5 256.2 263.6 270.1 272.5 272.8 270.2 264.8 259.5 255.6 251.1 249.8 247.7 244.7 244.6 245.2 245.9 245.4 242.6 240 238.7 241 245 249 254.7 260.3 261.7 258.8
174.4 168.5 165.6 169.4 172.5 175.1 175.8 176.4 178.6 179.1 178.5 178.4 179.9 159.7 165.2 153.6 140.9 140.6 139 161.1 174.4 180 180.8 178.4 188.8 198.2 197.1 192.8 191.4 191.6 192.7 198.4 208.2 214.5 213.7 209.7 205.3 213.5 219 222.8 225.3 226.9 228.6 232.3 235.4 237.7 239.7 240.2 242.5 246.1 252.3 258.4 269.4 271.7 273.5 273.7 268.1 263 258.8 256 253.2 250.4 248.2 246.2 245.9 245.7 246.1 244.7 241.6 238.9 240.6 243.5 248 253 259.2 262.4 262 261.7
169.6 167.1 171.5 173.8 178.6 181.5 183 181.4 180.6 181.7 183.3 189.2 183.9 160.2 160.3 143.4 141 140.7 140.9 156.6 166.5 169.3 170.3 176.4 187.6 189.7 185.4 184.9 186.4 188.1 189.2 192.6 199.6 202.7 202 204 207.1 212.3 216.1 218.8 220.8 225.7 230.7 233.8 237.2 241 242.9 244.4 245.5 251.2 260.6 269.3 272.5 274 275.3 272.4 266.2 261.8 258.2 256 254.3 252.1 249.4 247.1 246.8 246.8 246.4 244.1 240 238.9 241.3 244.8 249.6 255.8 263.3 265 265.5 264.4
