app/static/ascii/NT60.asc
ncols 200
nrows 200
xllcorner 360000
yllcorner 600000
cellsize 50
[rows 105 to 139 of 200, columns 0 to 77 of 200]
273.6 269.6 261.5 264.5 274.5 285.3 292.2 296.8 299.9 302.8 303.5 301.2 299.3 297.6 296.8 293.9 289.6 292.9 295.1 296.3 297.1 302.4 306.1 309 308.6 311.1 311.6 311.8 311.5 310.1 308.6 307.3 303.5 298.2 294.2 290.4 289 287.7 282.6 277.3 271.3 265.3 260.5 254.3 249 241.2 237.3 245.8 248.9 251.8 255.2 257.2 260.4 265.3 268.2 269.7 269.6 265.4 266.4 272.5 279.7 291.5 300.8 310.2 320.1 327.5 333.7 340 346.5 357 364.1 368.1 368.4 368.4 366.5 362.9 359.3 355.6
264.4 261.1 259.3 264.8 278.4 290.3 298.4 302.3 302.7 306.1 306.9 305.6 304.3 302.4 303.2 298.6 294.6 293.4 294.3 295.4 296.5 300.5 304.3 307.3 307.1 311.3 311.9 312.6 311.9 310.5 308.5 307 303.6 299.4 295.7 291.1 290.1 288.5 284.8 279.2 271.7 268.4 262.6 254.9 249.2 239 242.5 249.4 251.2 254.7 257 259.6 263.3 267.7 271.2 273.2 273.4 270.8 265.5 271.6 281.1 290.9 299 308.4 317.6 325.9 333.8 340.6 346.4 355.2 363.2 367.4 368.6 368.5 367.4 364.6 360.9 356.7
257.5 258.7 258.7 266.2 283.2 295.2 302.2 305 303.7 307.3 308.2 307 306 305.9 307.7 304.8 298.3 298.1 295.3 294.6 296.5 300.7 303.1 305.7 308.3 311.9 312.5 312.6 312 310.3 308.1 305.8 302.9 299.9 295.7 290.9 290.7 291.1 289.2 284.1 278.3 271.8 264.7 258.4 251.7 246.9 247.6 250.3 253.6 256.9 259.4 262.2 265.8 270 274.6 276.6 276.9 274.1 268.1 275.6 284.1 292.3 298.8 306.9 316.9 326.3 335.1 340.4 345.3 352.3 360.4 366.7 368.6 368.5 367.2 365.8 362.5 358.1
256.5 255.8 260.1 271.9 287.2 298 304.2 306.6 306.8 307.9 309.6 308.7 309.3 310.1 311.7 309 304.1 299.7 297.9 297.2 301.8 304.3 304.5 307.8 310.8 312.4 312.4 312.6 312.3 310.6 308.3 305.4 302.8 299.7 295.6 291.4 291.3 291.5 290.7 286 280 272 266.9 261.9 256.6 254.1 251.8 252.1 255.6 259.6 262.3 265.9 270.1 274.5 278.4 280.7 281 278.1 270.2 278.8 288.1 295.3 302.5 309.9 319.9 329.3 337.4 343 347.9 351.7 359.7 364.6 366.7 367.9 367.7 366.5 364.1 359.1
253.5 255.2 262 274 289.3 299.8 305.3 307.7 309.7 310 311.8 312.7 313.1 313.3 312.3 311 308.5 303.3 301.3 304.5 305.8 307.2 305.8 306.4 309.3 311.2 312.1 312.5 311.9 310.1 307.6 304.7 301.6 298.2 294.5 290.5 291 291.7 288.8 285.4 280 272.9 267.7 262.4 258.2 255.6 253.8 253.8 258.2 261.4 265.4 269.2 272.9 279.1 283.3 285.3 284.7 281.8 275.1 280.3 289.7 297.2 303.2 312.6 322.7 330.7 338.3 344.6 349.2 353.4 357.6 361.4 364.5 367.6 368.5 367.7 365.7 361.4
257.9 255 262.8 276.2 289.5 298.7 304.7 308.4 311.2 312 314.3 316.3 316.3 313 311.5 310.6 310 308.7 308.4 308.4 308.3 308.1 305.9 302.9 304.9 306.5 307.9 309 309.2 307.4 305.9 302.4 298.5 295 292.2 291 290.6 288.2 279.6 280.9 277.6 271.7 266.7 262.4 257.8 254.6 253.8 255.6 260.1 263.3 268.2 272.2 277.4 282.2 287.1 289.7 288.2 285.1 279.5 278.6 286.9 295.6 302.7 312.6 321.7 329.6 336.9 342.8 346.6 350.4 355 359.9 364.3 367.7 369.3 369.2 368.1 364.3
260.4 256.7 264.9 277.2 287.3 295.5 303.8 309.3 313.6 315.3 317.3 318.3 317.3 312.6 310.9 310.6 311.8 311.8 311.3 310.9 310 308.2 303.5 301.4 303.5 305.6 307 308 307.9 306.5 304.9 302 298.9 295.2 291.1 289.2 285.1 282.9 276.9 274.8 272 269.4 265.4 260.4 256.9 254.4 253.7 256.5 261.2 265.8 269 274.7 279.8 285.3 290.5 292.4 290.7 288 284.8 283.4 283.6 292.2 300.5 309 317.7 326.6 333.1 338.1 345.2 350.8 355.4 360.1 364.5 368.8 371.8 372.5 370.6 365.3
264.9 259.4 265.9 276.1 285.1 293.6 303.3 311.3 316.3 318.2 319 319.8 318.1 313.2 311.4 312.9 314.1 313.9 313.4 312.8 311.2 308.7 302.3 301.7 304 305.5 306.6 307.6 306.8 305.8 303.3 300.8 297.7 294.5 290.8 288.3 283.5 278.6 273.3 268 265.1 264.4 262.5 259.2 256.5 253.9 252.6 257.6 262 266.7 271.5 276.1 281.4 287 292.5 293.4 293.7 290.8 290.8 292 290 290.4 294.5 301.2 307.9 321 329.2 336.6 344.5 350.6 355.5 361 366.2 370.4 374.1 374.3 371.1 364.8
269 265.5 261.8 275.4 285.9 294.6 304.3 313.1 318.8 320.2 320.8 321.4 320.5 319 315.6 314.8 315.7 314.4 314.4 314.5 313.8 311.5 306.9 301.9 304.7 306.3 308.1 307.9 307.2 305.7 302.9 298.2 296.3 292.8 290.4 287.6 282.8 277.3 272.1 267.1 262.5 259.2 257.6 259.4 258.4 255.9 249.6 255.9 262.7 266.4 271.7 276.7 283.1 287.9 292.5 295.9 296.9 295.2 296.6 299.1 297.8 292.9 299.8 307 313.7 320.7 326 334.3 341.7 348.4 355.7 362.4 366.7 370.8 373.7 374.2 371.3 365.8
275.4 272.4 270.3 280.8 286.4 295.2 305.6 315.6 321.8 322.8 323.3 323.7 324.1 322.6 320.7 317.1 316.3 314.8 314.5 315.2 315 314.7 309 302.2 305.3 307.2 308.8 308.4 307.1 305.8 302 298.7 295.8 292.1 289.5 285.7 280.6 275.5 270.1 265 260.9 257.3 254.8 257 259.7 258.3 254.2 252.3 258.4 266.5 271.7 277 283.5 287.4 294.1 298.9 299 299.9 301.3 305 304.7 299.1 303.1 311.7 319.5 326.9 333.5 338 341.1 345.4 354.2 359.6 364.9 370 373 374.3 372.5 367.6
280.6 276.5 267.3 282.5 287.3 295.6 307.9 319.6 323.9 324.6 325.4 326.1 326.5 326.2 323.9 321 318.2 316.2 316.2 319.2 318.8 317.2 312 303.6 305.7 307.3 308.4 308.1 307.4 305.3 301.7 298.1 294.7 291 287.9 283.7 278.6 273.7 268.7 263.3 259.1 254.3 247.2 253.8 258.5 259.5 258.8 257.4 255.1 260.1 270.2 275.7 281 288.5 295.6 300.6 303.5 304.9 306.4 310.3 311 307.4 307.8 311.8 320.9 330.2 338.2 344.5 348.7 352 355.3 361.1 366.6 371.6 374.9 376.8 375.3 371.6
284.4 280.5 271.9 281.3 289.4 296.9 311.9 323.1 325.6 326.4 327.2 327.9 328.7 329.2 326.9 323.4 321.7 320.6 319.5 320.6 320.1 318.2 313.7 306.3 306.4 308.1 308.4 307.9 306.4 303.8 299.8 296.5 292.9 289.6 287.6 282.9 279.5 274.3 267.9 262.5 257.6 252.4 249.4 256.1 258.7 259.8 261.6 260.9 258.3 260.7 268.8 273.6 279.1 287.1 295 300.4 304 308.9 310.6 314.5 316.9 314.3 314 318.7 321.7 329.7 337.1 346.8 352.6 356.5 361.2 362.2 367.9 373.2 376.9 379.2 379.2 376.6
286.8 284.2 277.2 281.8 292.7 300.5 314 324.9 327.3 328.1 329 329.8 330.6 330.8 328.6 327.3 325.2 323.1 321 322 321.4 318.7 314.5 309.1 306.3 308.4 308.9 307.6 304.8 301.5 298.3 295 291.9 289.1 286.9 283.3 278.9 272.7 266.1 260.2 253.6 249.4 253.6 258.4 260.1 261.4 263.4 263.4 260.8 261.4 266.6 272.5 278 283.6 292.9 299 304.1 311.2 315 319 321.5 320.8 320.1 326.1 329.9 333.2 337 347.4 354.1 360.8 367.2 370 372.4 373.4 378.6 382.7 383.5 381.8
288.3 286.9 281 281.3 292.1 300.5 312.1 324.7 329 329.9 330.3 330.6 330.7 330.4 329.4 328 325.9 323.8 321.7 322.8 321.4 317.3 311.4 307.6 307.5 307.5 307.1 305.7 302.6 299.5 296.5 292.8 290.3 288.9 285.8 280.9 275.2 269.6 263.1 256.2 250.6 250.8 255.5 259.5 261 263.1 265.1 265.4 263.3 263.6 268.4 273.8 278.1 281.7 289.7 297.4 305.2 312 316.7 319.7 325.2 326.2 325.7 330.9 335.5 339.6 342.8 347.8 354.2 363.7 371.5 376.8 380.2 380.6 382.7 385.4 388.3 386.3
293.4 289.7 284.3 281.3 290.8 298.9 308.1 321.5 330 330.2 330.6 330.3 330 329.3 328.5 327.1 325.7 324.3 322.4 321.5 318.1 313.1 310.6 308.5 308.4 306 305.1 302.7 300.2 297.3 293.9 290.9 289.4 287.4 284 278.5 271.3 266.1 258.9 254.4 250.9 254.1 253.5 259.8 261.9 264.6 266 267.4 267.4 266 271.1 277.4 282 286.2 290.4 292.9 302 310.1 316.2 319.5 326.7 331.1 332.6 333 336.6 340.9 346.5 351.3 354.6 364 374.1 381 385.4 387.2 387.6 388.4 392.3 390
299.8 296.1 287.7 282.6 289.4 297.6 304.5 315.1 326.8 330.3 329.7 329.5 328.9 328.1 327.4 326.2 324.7 323.3 321.7 317.4 312.9 312.7 311.4 309.7 309.6 306 302.4 300.7 297.6 293.7 291.9 290.2 285.9 283.9 280.1 274.7 269.4 262.1 256.2 253.2 256.3 258.2 256.6 259.5 263.4 266 267.8 269.2 269.8 270.8 271.7 278.6 284.4 289.9 294.3 296.4 299.8 305.4 314.7 320.4 326 332 336.5 338.3 341 343.9 347.9 355.2 360.4 364.9 375.1 383.5 388.6 390.8 395.6 395.2 395.3 395.1
304.8 301.4 294.2 286 285.5 294.4 302.1 309.6 319.2 329.2 329 328.6 327.8 327 326.3 325.4 323.9 322.1 317.2 312.3 314.1 313.4 313 312.2 310.2 304.8 300.2 297 293.2 291.9 289.7 286.7 281.9 277.8 273.7 270.1 265.9 258 255.3 257.4 260.7 262 262 260.7 264.7 267.7 269.8 271.7 272.8 274.1 273.3 277.7 285.1 292 297.6 302 306.9 312.3 318.5 322.2 326.8 330.4 336.1 340.3 344.6 349.4 353.5 357.6 364.6 369 375.5 383.9 392.1 398.5 402.4 402.1 401.1 399.7
308.6 305.5 298.7 293.1 285.1 288.2 297.5 306.2 312.1 319.7 328.3 327.4 326.6 325.9 325.1 324.4 322.7 317 313.2 313.4 314.6 314.8 313.7 312.4 309.9 305.3 299.3 294.6 291.3 287.4 285.6 281.3 274.7 270 267.7 264.4 260.8 256.1 258.3 261.7 263.6 264.4 264.7 260.4 266.1 269.6 272.9 275 275.9 277.6 278.3 278.7 282.8 290.3 297 304.3 310.1 316.6 322.8 326.2 332.7 337.3 341.3 348.7 353.8 359.7 364.4 367.1 368.3 374 379.7 387.7 397.3 404.2 409.6 408.9 408.5 408.3
311.2 308.2 302 296.5 291.7 286.8 291.6 301 308.3 314.1 318.6 323 325.5 325 324.4 322.4 316 314 314.3 314.5 315.1 315.7 313.7 312 308.2 303.3 298.6 296.1 291.2 286 279.4 275.8 274.3 272.2 269.8 267.6 263.8 257.6 261 263.8 265.3 266.2 267.1 262.6 268.4 272.4 275.6 278 279.1 280.3 282.3 284.3 283.9 291.4 298.1 305 312.1 318.2 325.5 334.3 341.9 347.4 350.6 354.9 361.7 366.3 372.1 375.8 378.5 381.2 391 399.3 406.3 413.6 415.7 415.2 415.9 418.3
310.7 310.4 305.9 299.3 294.3 287.4 292.6 298.2 304.3 309.3 312.9 316.1 317.3 318.1 320.3 316 315.4 314.9 315.5 315.6 316.1 316.8 315.3 311.6 307 304.2 299 295.8 291.7 286.5 281.2 279.4 277.4 273.1 269 265.3 261.8 260 264.2 266.9 267.6 268.2 269.3 264.8 270.6 274.6 278.8 280.6 282.1 285.8 286.8 289 288 291.1 297.6 307.3 317.2 325 332.9 341.4 349.2 355.4 358.9 361.5 366.7 373.2 378.6 383.6 388.3 393.9 404.9 413.4 416 421.3 426.4 427.5 428.7 431.2
313.4 312.5 309.2 303.7 297.4 288.9 293.8 298 303.4 306.8 310.7 313.5 316 317.3 317 316.6 316.3 316 316.7 316.7 316.9 317.2 314.7 311.5 309.2 306.2 299.8 295.7 293 289.5 286.6 283 275.9 272.6 271.6 269.7 264 263.2 267.1 270 270.6 270.9 271.4 268.9 272.9 278.2 282 283.8 287.8 292.7 293.1 293.9 294.5 293.8 300.8 310 320 330.5 336.6 343.4 354.6 359.5 363.1 366.4 371.7 377.3 382 387 392.6 398.6 414.7 420.5 423.2 426.8 433.4 437 440.1 441.8
315.3 314.8 311.1 306.7 298.8 292.4 292.3 299.6 304.7 308.2 311.3 314.2 316.4 318.1 317.9 317.5 317.2 317 317.7 318.1 318.1 317.5 315.5 314.2 311.2 307.6 301.3 298.7 296 292.9 288.9 283.5 277.5 278.1 275.2 270.6 262 266.9 270.9 273.3 273.8 274.2 273 269.3 278.2 282.9 285.9 287.6 294.9 299.5 300 300.9 302.7 302.2 307 316.5 324 332.4 338.9 344.5 353 359.9 364.9 369.8 375 380.4 387.5 392.8 398.5 404 419 426.3 430.5 435.1 439.7 444.1 449.3 451.4
318.6 317.2 313 308.4 300.5 294.6 292.2 301.7 309.5 313.2 314.6 315.6 318.3 319.7 318.9 317.9 317.9 318 318.5 319 319.6 318.8 317.7 315.6 312.2 309.4 302.7 301.6 298.8 294.4 288.6 283.5 283.4 281.1 276.4 270.9 264.6 270.4 274.3 277.1 277.9 277.6 274.2 275.7 282.7 286.9 288.8 294.9 301.5 304.5 306.3 305.8 310.4 311.8 315.4 321.7 331.1 335.4 341.7 348.6 355.7 362.1 366.5 370.7 375.9 382.3 391.7 397.9 403.2 409.4 427 432.3 437.1 440.9 447.4 449.7 454.5 458.9
322.2 319.2 314 310.5 302 300.5 295.1 304.6 313.3 317.7 319 320.4 321.2 321.2 320.3 318.8 318.8 318.7 319.4 320 320.9 320 318.9 316.8 314.5 310.7 304.9 303.5 300.3 294.5 288.8 289 287.1 282.1 277.3 271.8 266.7 273.8 278.2 280.9 281.9 281.5 276.3 281.6 287.1 290.7 292.5 300.2 306.5 309.1 310.6 314.3 317.1 322.8 328.9 332.7 338.7 342.3 344.5 350 358 364.8 368.8 372.1 377.3 386.4 396.9 404 408 415.7 432.7 439.3 443.7 449.6 454 457 461.7 465.8
324.3 319.6 317.7 315.9 311.3 304.7 304.8 310.5 315.9 319.7 319.9 321.6 322.4 322.1 320.3 321 319.9 320 320.9 321.8 322.3 321.8 320.4 319.1 316.5 312.8 307.1 305.4 300.9 293.5 294.3 293.2 289.4 283.3 278.7 271.9 270.3 276.9 282.2 284.7 285.4 285 281.6 282.1 290.3 292.9 297.2 304.1 310 313.9 315.9 322.8 327.8 334.1 339.7 343.2 346.7 349.8 353.2 356.1 361.2 366.4 373.2 379 383.5 393 403.1 410.3 414.2 426.9 439.4 445.4 451 455.9 460.4 465.1 472.4 475.2
325.7 324 323.4 321.1 317.6 313 311.4 314.8 316.6 319.6 319.8 319.4 320.4 321.7 322.9 322.8 321.5 321.8 322.7 323.3 323.5 323.1 321.9 320.9 318.8 314.8 309.7 306.1 301 299.5 298.2 295.2 290.4 286.5 281 273.8 270.9 279.9 284.6 287.5 288.8 288.7 286.6 285.1 287.3 293.2 299.4 305.9 311.1 317.8 323.9 328.9 336.8 343.1 348.1 351.2 353.5 355.8 358.3 362.4 365 372.4 379.7 388.1 393.7 399.2 409.6 417.1 423.6 429 435.3 449.9 458.4 463.5 468.7 475.4 484.6 489.3
327.7 328.9 327.9 325.6 322 316.2 315.1 316.8 317.1 318.6 318.6 319.4 320.2 321.8 323.3 324.2 325.3 324 324.7 324.7 324.2 324.2 323.4 322.5 319.5 315.5 310.4 307.3 305.5 303.6 300.8 297.1 294 287.9 282.2 276.6 271.9 281.3 286.1 289.7 291.5 292 291 290.6 288.4 292.4 299.1 306.6 313.1 321.1 328.9 334.6 343.7 350.6 354.9 357.8 359 362 363.1 367 371.4 378.5 387.9 397.6 404.1 408.7 415.1 422.4 425.9 430.8 436.1 457 466.2 472.7 479.2 490.3 496.4 498.7
330.5 331.7 330.5 327.8 324.1 318.9 317.6 318 318.3 318.6 318.9 319.4 320.1 322 322.8 326 328.2 328.3 327.2 327.2 326.1 325.3 324.2 322 318.1 315.3 313.2 312 309.8 306.9 302.9 300.8 296.2 290.4 285.1 279 272.6 281.8 286.8 292 294.4 294.6 295.5 295.3 294.8 294.7 295.1 302.7 311.9 322 331.1 338.5 347.7 354.5 359.5 362.7 362.8 365.7 370 372.4 380.1 386.7 396.6 407 413.4 416.7 425.2 429.3 432.8 437.1 438.1 444 469.1 482.8 488.8 498 503 503.4
332.6 333.6 331.9 329.5 323.2 320.7 318.2 318.9 319 318.7 319.3 319.8 321 322.7 323.3 327.4 328.5 327.7 326.9 327.9 327.9 325.8 324 320.3 318.7 319.1 317.5 315 312.9 309.5 307.5 303.9 297 293 286.4 281.7 274.6 282.8 289.2 294.6 297.2 298 298.8 299.2 299.6 301.4 302.7 304.7 306.1 319.2 330.2 339.4 348.6 357.1 362.3 367 368.2 370 377.7 379.2 386.6 394.3 405.9 415.7 423.6 428.9 434.5 442.5 441.1 443.3 444.3 446.7 463.4 489.2 496.6 502.7 505.5 508.8
338.7 335.8 334.5 330.9 326 321.7 320.1 319.5 319.4 319.2 320.7 321.4 322.1 323.4 325 326.3 328.3 326.1 326.5 326.2 328.7 327.7 324.5 322.5 322.6 321.1 320 318.1 316.1 314.4 310.5 304.4 300.5 295.2 289.5 284.2 277.3 284.2 290.4 295.8 299.3 301.6 302.5 303.6 303.8 306.8 308.9 311.2 313.3 313 326.3 337.7 347.4 357.4 364.9 370.1 372.9 374.5 383.2 389.1 392.4 401.7 413.9 425 432.9 437.4 443.7 450.9 449.1 449.1 450.2 452 466.2 498.2 503.7 507.4 508.8 511.9
344.8 338.2 335 331.3 327.5 325.6 323.1 320.7 319.8 321.6 322.1 322.8 323.4 323.1 324.4 326.9 327.6 326.3 326.9 327 328.7 328.4 326.7 323.7 324 323 324.6 324.4 320.7 317.1 312.3 308.4 304.3 297.1 293.1 286.9 278.4 285.9 291.6 296.9 302.2 305.1 307.2 308.3 309.1 313.3 315.7 317.8 321.1 322.1 322.7 334.9 344.6 355.9 365.7 373.1 377.5 382.1 388.3 395.3 402.2 410.1 422.4 433.8 442.2 443.5 451.5 457 455.4 453.2 454.4 457.2 472.8 498 509.3 510.3 512.8 514
348.1 341.3 336.9 333.5 331.6 328.7 325.8 322.1 323.4 324.8 323.5 324.1 324.3 324.6 325 327.9 329 327.9 328.7 330.4 331.1 332.7 330.5 324.3 325.5 324.9 327.3 328.7 325.8 320.1 315.7 313 307.1 300.3 296.5 288.8 280.1 288.5 294.7 300.2 305.2 309 310.6 313.1 315.8 318.5 322.7 325.1 329.3 329.9 324.1 335.7 347.9 358.5 367.6 377.4 384.4 390.2 394.4 403 412.2 420.4 431.9 442.4 449.1 452.1 458.2 460.3 460.4 462.3 461.6 461.9 478.8 501 511.5 513.9 516.4 517.3
350 340.4 340 338.3 334.8 331.8 328.4 326.3 325.8 326.3 326 325.9 325.9 326.4 327 329.4 331.6 331.6 332.1 333.5 335.5 336.3 333.8 329.5 328 328.3 329.7 331.9 328.8 323.7 319.9 316.9 310 303.8 297.8 288.6 282.2 290.7 296.7 303.1 308.1 312 315.7 319.9 323.7 324.6 330.4 333.2 337.3 337.7 337.8 336.3 349.7 362 373.4 382.6 390.2 396.4 402.1 409.4 419.2 429.7 442.1 449.9 456.8 460.5 465.8 468.6 472.5 474.4 470.7 474.3 497.8 511.6 515.1 517.1 518.9 518.4
347.9 346.8 345.8 342.3 338.2 334 330.2 328.6 326.3 326.2 326.9 328.3 327.5 323.9 328.3 331 332.2 334.3 335.7 337.8 339.4 339.4 337.1 332.9 330.5 331.8 332 334.8 334.3 330.4 325.6 319.5 312.2 306 298.5 286.5 286.1 293.2 299.7 306.7 311 315.6 320 324.2 330.8 334.9 336.6 341.8 345.6 345 345.8 340.8 353 362.9 375.5 386.2 395.2 403.1 409.5 415.5 425.4 436.8 452.8 460 464.5 471.8 478.7 479.7 478.3 493.4 496.8 497.8 511.9 515.9 518.1 518.7 520.8 518.5
353.6 352.6 350.6 346.8 341.4 335.6 331.5 328.7 325.8 326.7 328.8 329.8 327 325.1 328.9 333.1 334.2 336.8 338.3 341.8 342.8 343.7 340.6 335.9 333.5 334.5 334.9 337.3 337.1 334.2 329 321.7 314 308.6 299.3 287.4 290.3 297.8 303 308.6 313.7 318 323 329.6 339.8 343.2 345.9 348.9 352 351.5 353.5 356.1 357.5 370.7 379.3 388.7 399.6 409.3 417 424.5 432.1 443.4 462.7 470.1 477.1 490.5 501.1 499.8 498.8 507.6 512.4 515.6 516.4 518.3 518.5 518 518.4 514.5
