app/static/ascii/NT61.asc
ncols 200
nrows 200
xllcorner 360000
yllcorner 610000
cellsize 50
[rows 35 to 69 of 200, columns 0 to 77 of 200]
144.2 144.8 143.8 144.1 142.6 140.4 141.6 144.7 149.3 156.2 161.8 166.7 173.5 179.7 185.1 190.8 198.6 207.6 214.9 223.2 232.1 239.8 248.2 257.4 266.2 273.2 280.9 289.8 295.1 300.1 306.2 309.5 317.1 317.7 318.8 323.2 331.2 336.4 336 336.6 333 320 308 298.3 293.8 288.7 283.8 279.4 274.7 269.9 264.3 257 248.9 239.9 235.4 231 226.7 224.2 223.7 223.8 223.6 222.7 222.8 223.6 224.8 224.7 221.4 218.4 217.3 217.9 221.4 225 228.1 227.8 223 214.8 205.3 194.9
136.2 135.7 137 137.2 135.2 138.9 138.9 144.7 150.5 156.5 162.5 167.2 172.3 178.3 184.4 190.8 199.1 208 217.7 226.6 236.5 243.1 252.3 260.4 270.1 277.6 289.6 296.3 303.1 307.7 312.1 318.6 320.3 322.9 323.5 327.7 332.2 333.6 337.1 334.9 326.2 309.5 300.4 295.8 290.2 285.2 280.7 276.7 271.4 266.6 259.7 248.9 240.1 235.2 229.7 225.5 222.1 219.6 219.3 219.8 221.1 220.7 220.5 222.4 224.3 222.3 217.2 213.5 211.9 212.9 216.5 220.6 223.9 222.8 216.6 209.1 201.3 193.7
130.6 130.1 129 132 134.1 138.4 140.5 147.3 151.8 158.5 164.3 167.8 172.9 177.9 183.7 190.4 199.3 208.1 219 228.6 238.7 245.8 254.5 265.3 273.7 281.4 297.5 299 305.3 312.9 317.1 320.9 325.7 326.9 327.5 329.5 329.7 327.7 328.7 326.2 314.8 301.9 297.7 292.2 286.6 281.8 277.7 273.6 268.3 261.4 252.5 242.5 236.1 228.7 226 221.8 218.8 216.5 216.8 217.7 218.2 218.7 220.3 221.4 221.6 217.9 213.4 210.1 206.3 207.8 211.7 216.8 219 216.9 211.1 203.2 195.8 188.4
128.4 127 130.1 132.4 134.4 138.6 141.7 149 155.9 161.1 165 168.9 173.3 177.8 183 189.8 198.3 207.1 216.7 228.7 238.6 247.1 257.2 268 278.9 285.9 295.3 299.2 303.1 315.1 317.1 322.2 326.2 326.6 327.7 327.5 325.7 321.6 317.4 312 304.5 300 294.3 288.1 283.2 279 274.9 270.2 262.4 254.4 245.4 238.7 232.7 228.2 222.7 218.6 216.2 214.1 215 216.2 216.6 218.6 221 221.6 218.8 214.8 211.2 208.2 202.8 201.9 206.8 211.1 211.9 209.3 203.6 197.3 191.7 183.6
126.3 125.9 129.4 132 135.3 139.6 146.7 150.9 152.3 159.3 163.6 170 174 178.7 183.5 189 195.4 203.8 212.3 223.3 234.7 246.1 256.7 265.8 275.2 283.5 290.2 284.3 294.9 308.4 315.1 321.7 324.2 322.7 324.7 322.9 320.6 317.6 313 307.3 301.8 296.5 290.4 284.8 280.8 276.2 271 265.3 257.3 247.3 241.8 234.8 229.9 224.5 220 216.5 214 212 214 214.7 215.8 219 220.7 219.3 216.1 212.8 210.3 207.1 203.6 198.1 198.5 201.5 202.3 199.6 194.8 189.1 182.7 177.2
122.1 125.9 128.7 132.3 137 142.2 149.2 155.9 159.9 162 164.5 164.3 172.7 179.1 184 188.4 193.8 199.7 207.2 216.3 226.8 239 251.9 263.6 272.2 278.3 282.9 273.6 278.8 300.3 313.2 315.9 318.3 319.8 319 318.5 316.7 313.9 309.2 304.7 298.3 291.2 286.1 282.5 278.8 273.6 267.2 258.9 250.1 244.6 239.1 232.6 227.7 222.7 218.8 214.6 212.6 210.3 213 213.4 216.3 219.2 219.1 217 214.6 211.6 208.4 205.4 202.2 197.8 194.6 191.8 189.9 187 183.2 179.8 171.2 168.1
118.3 126 129.3 133.7 138.9 145.9 152.1 156.8 161.1 164.9 169.6 172.8 170.7 178.2 184 188.5 193.3 198.7 205.4 213.3 221.8 233.9 245.1 253.8 259.6 267.7 266.8 265.7 278.7 292.5 306 308.9 311.7 314.3 314.2 314.2 313.3 310.1 305.6 300.8 293.9 287.5 282.7 279.6 274.8 269.1 262.4 254.8 248.2 243.1 236.1 231.5 226.6 221.2 216.4 213.4 211.1 210.5 210.5 213.3 216.5 218.1 217.2 215.1 213.7 210.3 206.6 204 200.5 198.8 193.3 184.8 175.5 174.8 170.8 170 164 161.7
123.7 127.1 130.6 136.1 141.7 149.1 155.1 159.3 162.4 166.2 170.2 173.9 176 175.1 179.8 183.1 188.9 195.2 202.1 211.3 220.1 229.3 239.1 247.8 254.8 254.3 265.6 270.3 280.6 288.7 296.3 300 304.3 308.4 310.6 312 309.3 306.2 302.4 295.5 288.6 283.5 280.2 275.9 270.2 263.7 257.6 252.7 246.9 240.6 235.6 228.2 222.7 218.2 214.4 211.7 209.9 207.7 210.4 213.5 215.8 215.5 215 213.8 211.5 206.9 202 196.6 192.3 190.2 187.3 175.6 171.4 170.8 170.3 168.8 165.5 162.7
123.2 127.9 132.5 138.3 143.8 150.5 156.3 160.7 163.6 167.5 171.4 175.3 178.8 181.2 184.3 188.1 193.3 198 204.2 210.2 220.1 228.7 238.5 246.1 250.8 256.4 264 268.7 277.6 287.2 293 298.5 303.1 307.3 309.4 308.6 306.1 303 297.6 289.9 284.2 280.7 276.7 272.5 265.5 260 255.7 251.1 243.9 234.7 229.4 224.9 221.5 216.8 212.8 209.6 208.7 203.8 209.3 212.7 213.5 213.1 211.6 207 203.2 199.3 193.8 188.9 185.3 181.5 180.1 175.1 171.7 176.2 177 174.3 171.4 167.4
121.4 127.8 133.6 139.6 145.5 151.7 157 161 164 167.6 171.8 176.2 179.5 182.7 185.8 190.3 195.7 200.8 206.5 212.6 220.4 229.1 237.5 243.7 250.9 259 267.5 274.1 282 288.8 294.9 300.5 304.3 306.6 307 305.6 303.3 299.3 291.3 285.5 281.5 278 272.7 267.4 262.9 256.5 248.6 243.5 236.7 233.8 225.7 219.7 216.1 213.7 211.9 208.8 205.8 201.3 208.1 210.8 212.2 211.1 203.8 198.5 195 191.6 185.9 180.4 173.8 173 173.9 174 180.1 183.3 181.7 179 174.7 170.2
125.9 129.6 133.8 138.3 143.4 148.3 153.7 157.8 162.7 166.6 170.1 174.3 178.6 182.4 186.7 192.3 197 202.4 208.6 215.7 223.4 231.3 239.5 246.4 252.6 259.4 267.6 275.8 283.8 291.5 297.2 301.3 303.9 304.8 304.3 302.9 299.8 293 286.5 282.3 278.8 274.4 269.3 265 260.3 256.9 254.3 248.9 242.1 233.9 227.3 221.3 216.4 211.9 209 206.4 205.7 201.9 207.2 208.1 209 204.1 199.1 193.3 186 177.7 176.2 177.8 180.6 178.9 180 183.8 185.4 184.8 181.6 179.2 174.9 170
127.9 132.4 136.8 141.7 147.1 151.7 156.3 159.9 164.6 169.3 173.7 176.1 179.4 183.4 188.1 193.4 198.7 204.8 211.3 218.8 226.8 234.5 242.7 248.8 254.6 261.4 269.3 278.5 286.8 293.9 298.3 301.3 302.5 301.6 300.9 299.4 294.1 287.5 283.2 279.7 276.3 272.3 267.4 263.5 258.2 252.2 249.6 246.3 239.6 232.5 226.4 220.6 215.3 210.9 207.5 204.6 200.5 199.9 203.1 206 203.8 199 192.6 188.1 188.9 190.7 190.7 191 190.3 186.2 186.9 186.3 184.9 183.7 181.3 178.8 174.7 170.4
128.8 133.7 139.3 144.1 149.7 154.6 158.7 163.1 167.5 169.7 174.1 178.1 181.2 184.7 189.9 195.2 201 207 213.6 222.5 230.9 238.7 244.7 249.7 255.8 263 271.9 281 289.4 294.7 298.2 299.8 299.3 298.6 296.6 292.3 287.6 283.7 280 276.7 273.2 269.9 266 261.4 260.1 256.7 251.2 241.2 232 225.8 225 218.5 212.8 208.9 205.6 203.9 201.4 196.6 197.5 200.8 198.7 194.1 195 197.9 199.7 201.2 197.9 193 187.3 188.8 186.4 185.2 183.8 182.4 181.3 178 173.9 168.9
130.3 135.1 142.8 148.8 152.6 156.8 161.4 166.2 170.7 173.9 176.9 179.5 183.4 187.2 192 195.9 201.9 209.7 217.7 226.8 234.7 240.7 245 250.2 255.9 265.6 275.1 284.2 290.4 294.4 296.3 297.2 296.7 295.2 291.6 288 284.5 280.8 277.3 274.2 271 268 264 263.2 259.5 254.7 248.5 242 234.8 229.2 222.2 215.5 211.3 207.1 203.9 202.2 201 200 193.5 193.4 192.8 196.9 202.3 203.2 200.9 198.3 195.2 192.7 187.1 187.5 185.3 184.2 183.3 182.2 180.4 176.8 172.5 166.5
132 138 145.2 151.5 156.5 160 164.2 168.8 173.3 176.5 179.4 182.5 185.5 189.4 194.1 199.7 206.9 213 219 227.3 235.6 238.8 244.1 250 259.1 270.6 278.5 286.4 289.4 291.2 292.9 292.8 292.8 290.9 288 284.7 281.9 278.7 275.7 272.2 268.8 267.1 265.3 261.6 256.4 252.2 244.9 235.7 225.7 220.4 216.6 214 209.4 206.2 202.9 200.9 199.6 198.9 195.9 193.6 193.9 200.6 202.7 200.1 199.9 197.9 195 191.6 189.1 186.5 184.2 183.3 182.7 181.1 178.7 174.2 170.4 165.8
133.9 140.3 147.2 153.3 159 163.3 168.1 171.8 176.1 179 182.1 185.6 189.1 192.6 196.5 204.1 211.8 219.7 227 234.4 236.6 239.6 246.4 254.3 265.8 273.7 279.1 285.3 285.9 287.7 288.5 289.8 290.1 287.9 284.9 282 279.6 276.6 274.3 271.9 270 267.7 265.2 261.3 255.9 246.6 232.9 234.3 232.2 226.2 217.9 210.9 208 205.1 201.9 200 199 197.3 193.6 191.8 203 205.6 205.3 204.3 202.6 198.8 191.9 190.9 188.1 185.7 184 183.1 181.9 179.8 176.4 171.7 166.3 163.6
133.4 138.9 147 154.8 160.3 166.4 172.7 175.8 178.5 181.8 185.8 189.3 192.8 196.3 201.6 205.9 213.5 224.2 230.9 236.7 238.5 242.7 249.4 258.9 270.4 275.2 282 282.7 281.5 283.4 285.1 286.7 286.4 284.9 283.5 280.4 278.1 275.5 273.6 271.2 269.6 264.4 259.9 257.3 247.5 241.2 242.2 237.3 230.4 223.1 215.8 208.5 205.1 203 201 199.5 198.1 193.5 192.3 201.7 207.1 208.9 207.2 204.9 199.7 197.2 192.3 190.6 187.7 185.2 183.8 182.3 181.2 177.8 171.3 166.8 160.3 153.4
137.1 144.8 149.2 151.4 160.2 167.3 173 176.9 181.3 184.8 189.2 193.2 196.6 200.7 206.2 212.3 217.6 225 228.7 232.3 237 245.6 253.1 266.8 270.7 277.7 281.1 278.2 279.9 280.8 281.9 284.6 284.7 283.5 282.1 279.9 277.9 275.2 269.5 272.1 270 267.1 262.7 256.9 251.9 244.9 239 234.1 227.6 220 212.6 206.5 202.9 201 200.2 198.4 197.9 197.2 197.9 205.8 209.7 208.9 206.4 202.2 198.6 194.2 189.8 189.7 187 185 183.2 180.6 176.1 172.6 164.9 160.7 154.4 156.7
138.4 144.9 152.9 159.9 166 172.2 177.2 180.4 183 187 192.5 196.4 200.2 205.3 211.9 219.1 223.4 227.3 230.3 233.8 237.9 249.3 263.2 269.9 273.5 276.3 275.7 277.1 277.9 279 281.1 283.6 283.9 283 281.7 279.7 276.9 272.1 273.7 272.2 270.3 266.6 260.9 255.2 250.3 243.8 237.6 229.9 223.2 216.9 210.1 205.4 202.3 200.6 199.5 199 199 197.9 202.5 209 209.5 206.4 205 202.8 198.1 193.2 191.1 189.5 187.5 185.2 183.3 182.4 179.5 170.7 162.5 157.8 162.4 160.8
138.2 145.9 153.1 161.3 167.6 173.4 178.1 182.7 186.9 191 194.6 198.4 202 207.2 213.1 218 222.3 227.5 234.5 239.6 246.3 254.2 264.8 270.4 273.2 274.4 275.1 275.9 276.4 277.1 281.7 283.2 283.4 282.7 281 279 274.6 274.6 274.1 272.7 269.5 264.4 258.9 253.8 247.6 241.8 235.2 228.2 219.2 212.9 207.9 204.6 201.8 200.9 200.7 200.1 199.4 200.8 206.6 211.4 210.1 206.7 205.9 200.5 196.1 194.3 192.6 190.4 187.4 185.4 184.2 177.9 171.3 166.5 161.2 165.7 161.8 163.7
135 145.4 153 161.2 168.9 174.2 178.9 183.8 188.7 193.8 198.2 201.3 205.5 209.3 215.2 219 227.1 234.2 238.1 244.5 251.7 262.7 270.1 272.4 273.5 273.4 274.7 275.2 274.5 276.9 281.1 281.6 282.9 282.7 280.7 277.3 275.4 275.3 274.9 271.8 267.4 262.1 256.6 251.4 246.1 239.6 232.3 224.5 217.2 211.2 206.6 203.2 201.8 201.5 201 201 201 203.7 209.2 210 209.9 207.3 202.6 201.6 197.4 195.8 193.1 189.8 186.8 186.2 183.1 176.1 176 173.4 170.4 167.2 164.1 166
131.8 145.5 154.1 161.7 169 174.7 180 184.9 191.2 196.3 200 204.6 209.7 215.3 221.6 222.3 224.9 233 240.2 249.2 256.8 269.7 272.7 273.3 273.8 274.7 275.5 273.9 273.6 276.3 279.3 281.1 282 280.9 278.3 276.9 276.8 276 273.7 270.3 265 259.5 255 249.6 242.8 236.2 229.5 222.1 214.6 208.9 205.1 203.2 203.3 202.7 201.9 201.4 203 206.4 210 211.4 207.6 206.4 205.3 200.6 198.9 195.9 192.9 189.4 187.1 185.9 177.4 182 178.2 174.4 171.4 168.8 165.4 167.7
130 139.9 150.7 159.5 167.3 173.3 179.3 185.2 191.3 196.9 201.6 207.1 212.2 219.6 226.8 227.1 227.2 233.8 245.8 251.5 263.5 273.3 275.2 275.6 275.6 275.9 274.4 272.2 272.9 275.1 278.3 280.7 282.6 281.7 280 278.8 277.8 276.2 272.6 268 263.1 258.4 251.4 246.6 239.8 233.4 224.9 218.6 213 208.1 205.9 205.4 204.6 204 203.6 203.6 206.5 210.1 210.7 209.7 210.9 208.1 203.9 201.4 199.1 196.2 192.5 188.3 185.1 180.8 183.8 181.6 177.6 174.2 171.8 169.7 167.4 162.7
129.3 136 145.2 154.2 161.8 168.8 175.4 181.3 188.6 196.2 202 209.5 215.7 224.5 230.8 233.5 235.9 237.1 248.8 251.6 262.2 274 276.9 277.7 277.7 276 272.8 271.4 273.4 276.4 278.6 281.5 283.5 282.1 281.8 280.3 278.7 275.3 270.7 266.1 261.7 256.7 251 244.5 237 228.4 222.4 217.2 211.6 207 207.1 208.1 206.1 204.3 203.9 205.8 209.3 211.3 212.3 211.9 210.5 207.1 204 201.5 198.3 194.4 190.1 184.8 186.6 187.1 184.4 180.5 177.1 174.9 172.9 168.6 164.7 157.9
129.1 133.4 137.7 146.1 155.1 163.6 172.5 180.3 189.1 196.7 204.6 213.8 222.1 229.3 234.1 236.4 239.6 247.8 253.2 252.2 256.8 266.7 278.4 279.3 278.1 274.3 271.6 272.7 276 278 280.5 282.8 284.1 284.7 283.1 280.8 278.6 274.1 269.3 264.7 259.8 254.8 248.4 241 234.2 226.6 219.9 213.5 210 208.9 209.7 208.7 206.9 205.3 205.5 208.5 210.7 212.1 212.1 210.6 207.5 202.4 198.5 196 192.9 190.6 189.5 189.1 188.8 186.3 182.7 179.8 178 177 172.1 166.8 158.3 147.1
131.8 133.4 136 144.9 155.8 165.3 174.1 182.3 189.8 198.2 207.6 218 227 232.6 236 239.2 244.4 252.3 256.4 256.4 253.6 260.2 271.7 281 276.6 271.7 270.9 275 278.1 280.2 282.3 284.9 286.8 286.5 285.1 283.1 278.8 274 268.8 264 258.7 252.3 245 236.4 229.1 222.4 214.5 212.8 211.7 211 211 209.1 206.8 206.2 207.7 209.9 210.9 211.2 210.6 207.7 201.4 202.7 201.9 199.8 196.6 192.7 190.1 188.8 187 184.6 181.9 180.7 178.7 174.4 169.1 160.1 146.3 139.6
133.3 136.2 139.6 144.5 154.5 165.1 173.9 182.1 191.9 202.3 211.5 221.4 228.2 234.9 238 242.4 248.6 255.1 259.6 258.9 260.7 254.6 261.7 273.9 272.7 267 272.9 277.7 279.1 281.5 284.5 288 289.1 287.4 286.5 282.1 277.9 273.1 267.9 262.8 257.1 250.3 240.9 233 224.6 218.6 219.1 217 213.6 212.7 211.1 209.2 207.3 207.5 209.2 210.5 209.8 206.9 205.3 205 207.7 205.6 202.1 198.4 194.7 191.1 187.8 185.7 184.4 182.5 181.3 177.2 171.1 167.9 163.2 150.5 146.2 140.7
134.5 138.7 142.9 146.6 153.3 162.7 171.7 181.8 193.5 204 215.3 224.8 230.9 234.6 239.6 244.7 249.9 255.5 259.9 258.4 262.8 261.8 253.2 261 264.7 269.7 272.7 274.1 276.2 279.2 284.2 287.6 288 288 285.5 281.2 277.6 272.5 265.7 259.2 254.1 246.6 239 232 225.5 218.9 220.6 217.8 214.8 213.3 210.9 208.8 208.6 209.2 209.3 209.2 205.3 205.2 208.5 208.1 206.4 203.6 199.3 196.2 192.7 189.3 187.1 185.9 183.7 181.7 180.9 178.7 171.7 158.7 153.6 156.1 157.4 142
135.7 141.4 144.3 146.6 152.5 164.6 172.6 180.8 191.8 204 215.3 222.9 229.6 235.8 239.6 245.5 248.7 252.4 254.4 257.3 254.8 258.4 250.4 252.5 259.9 264.8 267.4 269.1 269.7 276.3 280.7 284.3 286.2 286.3 284.6 281.6 277.5 272.3 265.5 258.4 251.3 243.8 236.7 229.7 223.1 221.5 221.4 219 216.2 213.8 210.8 209.6 209.4 209 206.6 207.5 208.3 207.8 207.3 206.2 203.7 200.4 197 194.3 190.9 188.1 187.5 185.4 184.3 184.2 179.8 173.8 162.8 162.4 164.1 161.5 153.5 143.4
136.3 143.1 145.4 145.5 150.4 163.8 174.3 183.5 193.3 205.4 215.5 221.4 228.7 235.9 239.7 243.2 246 248.4 252.8 253.7 251.3 247.4 246.9 249.7 254.3 258.6 262.4 263.9 267.3 271.3 275 280.3 283.6 284.8 284.3 281.1 276.1 270.9 264.2 256.2 247.6 239.9 232.6 227.4 223 224.3 222.7 219.2 215.3 212.8 210.6 210.2 209.5 208.4 207.9 207.7 207.1 206.6 205.1 203.7 201.3 197.8 195.1 192.7 189.7 187.5 186.5 185.3 183.6 177.2 166.6 164 168.1 167.8 159.8 149 146 151
136.9 144.7 145.6 146.2 149.8 162.1 173 182.2 192.2 203.8 211.1 217.7 226.3 233.2 235.9 236.2 242.1 244.1 249.8 244.8 241.7 240.1 240.8 245.3 248.2 254.9 259 260.5 262.8 266.7 272.9 280.5 284.3 285.6 284.5 280.8 275.5 268.8 261.2 253 245.7 237.4 232.6 227.1 226.3 225.7 222.7 218.5 215 212.2 210.4 209.6 209.6 209.2 208.3 207.7 205.9 204.6 202.6 200.9 198.7 196.2 193.6 190.4 188.5 187 185.4 182.6 176.5 175.3 175.1 173.3 171.1 162.5 151.4 149 156 165.3
136.9 145.3 145.6 146.5 150.7 159.4 169.7 178.9 189.3 201.6 210.5 216.7 223.7 228.9 230.5 230.1 234.1 237.2 237.6 234 232.2 235.1 237.9 240.8 249.8 255.8 256.7 260.3 263.9 268 275.4 281.6 285.3 286.6 285.1 279.8 275.1 267.5 256.1 249.6 243.4 236.7 233 229.7 229.5 226.7 222.6 215.7 213.4 211.7 211.1 210.3 209.6 208.8 208.4 206.6 204.9 202.6 200.5 198.5 196.7 194.4 191.7 189.8 188 185.6 182.6 179.9 180.2 180.9 177.9 174.6 166.4 154.4 152.7 159.5 167.1 168.7
135 145.1 144.5 146.8 150.7 157 169.1 178.6 187.5 198.7 205.7 212.5 219.2 221.4 223.7 222.7 226.3 225.3 225.3 226.4 229.2 230.9 233.8 242.1 251.8 254.7 258.1 263 266.1 270.9 278 283.8 287.7 288.6 284.1 279.2 273 265.9 253.6 244.8 239.7 236.9 234 231.5 229.6 225.8 219.3 215 213.8 211.2 210.3 210.2 209.4 208.5 207.1 204.9 202.1 201.1 198.5 196.4 195.1 192.3 188.4 185.2 183.9 181.8 182.6 184.6 183.5 180.9 177.7 172.2 160.9 154.5 157.6 163.6 168.2 172.4
132.8 144.3 143.9 147.1 148.2 153.9 165.3 175.3 185.2 194.7 199.9 205 208.8 210.8 214.7 217.7 220.2 219.2 218.4 224.2 225.5 230 234.7 246.4 253 253.6 258 263.3 267.5 273 279.6 285.7 290.6 285.8 281.6 277.3 270.8 263.9 253.4 248.2 243.8 239 235.4 233 228.4 225.9 218.6 215.6 213.5 210.9 210.6 210.5 209.9 208.3 205.5 203.2 201.1 198.8 195.8 192.4 192.1 188.1 186.2 186.1 184.5 185.2 186.2 184.7 182.5 179.4 173.4 163.9 155.3 157.2 163.9 166.9 171.1 176.4
131.9 139.2 143.9 148.2 149 151.2 160 171.5 181.7 188.8 193.1 194.2 196.2 203 207.9 210.4 208.9 210.9 214.5 220.8 223.7 229.8 238.7 249 248.3 253 257.5 261.7 268.4 274.7 279.3 285.6 286.7 283.5 279.5 274.4 267.3 260.1 252.9 247.5 244 240.5 237.1 232.2 228.6 224 220.3 216 212.7 210.8 210.5 210.7 209.7 207.9 204.5 201.1 197.8 196.1 192.7 189.6 188.7 187.4 187 186.8 187.4 187.6 185.7 183.2 180.5 175.3 168 157 161.2 164.9 168 171.2 175.2 180.7
