app/static/ascii/NT65.asc
ncols 200
nrows 200
xllcorner 360000
yllcorner 650000
cellsize 50
[rows 70 to 104 of 200, columns 78 to 155 of 200]
358 352.7 340.4 344.5 349.2 349.1 348.1 346.1 343.1 338.3 334.2 332 331.2 329 325.9 324.7 321.6 319.5 317.8 313.9 309.5 306.5 304.2 301.9 296.9 298 300 298.4 296.6 293.7 289.9 285.8 282.8 280 278.4 274.9 273.2 270.9 270.8 270.8 270.8 270.8 270.8 270.8 270.8 270.8 270.8 270.8 270.8 270.8 281.9 287.3 292.2 299.4 305.6 312.1 311.7 309.5 308.1 307.4 305.6 301.8 297.3 291.8 286 280.3 272.8 263.6 257.1 252.6 251.9 248.1 244.6 241 234.3 229.7 225.7 224.9
353.8 348.3 339.1 336.6 344 344.6 344.4 343 340.5 334.4 329.4 327.8 325.1 322.4 321.3 319.4 316.9 314.6 312.9 309.2 305.6 303.7 301.6 298 292.8 291.8 294.1 293.9 291.1 286.7 282.9 280 278 277.3 273.9 270.8 270.8 270.8 270.8 270.8 270.8 270.8 270.8 270.8 270.8 270.8 270.8 270.8 270.8 270.8 277 284 291 298.8 307.5 312.2 312.7 311.2 310.3 309.6 308.1 304.1 298 292 286.2 280.5 272 264.2 258.8 255.8 257.9 255 251.6 247.8 243.6 239.4 238.4 236.8
349.4 344.8 338.4 329.7 337.4 339.6 341 340.2 337.7 333.7 329 323.9 319.2 317.2 316.8 314.9 312.5 310.2 308.1 306.7 303.6 299.9 296.3 292.8 288.8 283.5 286.7 287.3 282 279.3 275.2 275.2 272.9 270.8 270.8 270.8 270.8 270.8 270.8 270.8 270.8 270.8 270.8 270.8 270.8 270.8 270.8 270.8 270.8 270.8 273.1 281.4 288.1 298.4 306.2 311.4 312.7 311.8 312.5 311.7 310 305.3 299.4 293 286.4 279.7 270.6 264.9 261.7 262.5 263.5 260.5 257.5 253.9 250.3 246.7 247.3 242.7
344.7 340.4 335 326.3 329.1 334.9 337.1 336 334 330.8 325.3 320.7 316.7 312.8 310.9 310.7 308.8 307.1 305.8 304.2 300.7 297.1 292.3 287.7 284.5 281 279.2 274.8 271.3 270.8 270.8 270.8 270.8 270.8 270.8 270.8 270.8 270.8 270.8 270.8 270.8 270.8 270.8 270.8 270.8 270.8 270.8 270.8 270.8 270.8 270.8 276.6 288.7 299.2 304.9 308.9 309.6 311.1 312.7 312.9 310.4 305.6 299.8 293.5 287.1 279.9 271 267.3 265.9 268.4 267 264.4 263 259.3 255.4 252.2 249.6 245.8
341.2 336.4 331.6 325.3 322.2 329.3 331.3 329.4 327.6 323.7 320 317.4 314.6 310 305.8 306.3 306.2 304.9 303.5 301.1 297.7 294.2 288.4 282 279.2 275.8 272.7 274.2 272.7 270.8 270.8 270.8 270.8 270.8 270.8 270.8 271.9 274.9 278.4 277.8 272.4 270.8 270.8 272 270.8 271 270.8 270.8 270.8 270.8 270.8 272.6 286.1 297.9 304 306.5 309 311.4 313 313.8 309.4 304.6 299.6 294 287.6 281 272.6 269.7 270 272.5 271.7 268.5 265.6 262 258.4 254.5 251.5 247.3
336.1 332.1 327.4 324.3 318.3 319.6 323.9 322.6 321.3 319 316.2 313.7 310.9 306.7 302.5 303.3 304.2 302.7 301.3 297.8 293.8 288.7 282.4 277 279.8 282.9 286.3 283.3 280.7 284 281 278.2 275.3 277.5 278.6 282.5 284.3 285.6 285.7 283.6 280.9 277.6 277.9 280.2 280.8 278.8 275.7 271.6 270.8 270.8 270.8 270.8 282.5 294.7 301 304.9 308.7 311.2 313.5 313.5 308.4 303.6 298.6 293.7 288.4 282.1 274.7 272.3 273.7 277 275 271.5 268.2 264.7 260 256.7 253.4 249.8
330.6 326.2 323.9 321 317.4 311.8 315.9 317.2 316.1 314.9 312.4 309.8 306.4 303.3 300 298.7 299.8 300.1 298 294 289.5 283 278.4 285.3 290.3 293 291.9 288 286.2 288.4 285.5 281.4 284.4 287.3 288.7 290 291.4 292 291 287.7 284.2 282.2 285.4 287.2 285.2 283.4 280.7 278.7 277.5 270.8 270.8 270.8 278.6 288.9 298.4 302.3 307.8 311.9 313.4 312.5 309.2 304.1 298.9 295 289.7 282.7 277.5 275.1 278.5 279.7 277.3 273.5 270.8 266.6 262.2 258.7 255.1 251.1
332.7 326.4 322.3 318.9 315.5 310.9 307.8 309.8 310.8 309.6 308.4 305.6 302.6 300.7 298.2 296.2 294.9 295.9 293.2 289.7 283.8 279.2 289.3 295.2 297.1 298 295.7 292.5 291.8 291.3 289.1 287.7 290.2 293.6 294.8 296.1 297.3 297.6 295.1 290.9 288.8 287.5 291 292.1 289.5 287.7 285.5 285.4 282.2 276.2 270.9 270.8 280.1 287 294.5 301.5 307.6 311.7 313 311.5 308.2 303.5 300 296.4 290.5 283.7 280.1 280.9 282.3 281.8 278.7 274 270.8 267.1 263.8 260.4 256.8 249.5
334.4 329.1 325.8 322.9 320 316.6 311.4 305.6 302.4 302.8 302.6 301.2 299.5 297.6 296.2 293.6 291.1 290.2 287.7 283.5 281.1 292.5 299.3 301 301.6 300.5 299.5 297.1 296.6 294.7 293.6 293 295.6 298.1 299.7 301.2 302.4 302.4 299.8 296.1 292.5 296.1 298.6 296.5 293.9 292 290.5 290.3 286.2 281.4 276.5 271.9 284.2 291.9 297.2 302 308.8 311 312.4 310.2 306.9 303 300.4 296.3 291.2 286 282.9 284.6 284.8 283 279.5 275.2 270.6 267 263.8 260.5 257.1 248.4
333.1 329 325.8 323.3 320.7 317.6 313.3 308.5 304.8 300 296.8 296.9 295.4 294.2 292.8 290.7 288.5 285.4 282.9 282.4 295.5 301.9 303.8 305.6 305.4 304.6 303.6 301.6 299.8 298.7 297.8 299.2 300.9 302.3 303.8 305.5 307.1 304.9 301.9 299.5 300.5 303.7 304.7 301 297.9 297.7 295.7 293.3 289 284 279.2 271.8 287.4 294.5 299 303.5 308.2 311 310.7 308.7 305.4 303 300.2 296.7 291.9 287 287 287.4 286.5 283.3 279.2 275.1 271 266.6 263 259.7 255 249.3
332.2 328.5 325.4 322.8 320.5 318.1 315.1 311.1 307.9 303.8 298.8 294.3 292 290.9 289.2 287.1 286 284.1 284.2 292.3 303.7 307.4 308.8 309.6 309.2 308.8 307.6 305.6 303.6 302.4 303.2 304.7 306.2 307.6 308.8 309.9 309.4 307.6 304.9 304.8 308.1 310 308.4 303.6 301.3 300.6 297.8 294.1 291.1 287.1 282.4 276 286.7 295.6 300.6 303.6 307.7 309.5 308.4 306.1 304.2 302.6 299.7 296.5 292.4 288.9 289.7 286.8 285.9 282.5 278.2 273.9 269.8 266.7 262.3 258.9 253.7 249.5
330.2 327.8 325.1 322.4 320 317.1 314.4 312.3 309.9 305.9 301.6 297.8 293.3 288.8 287.7 287.9 286 286.2 300 305.9 309.4 312.2 313.5 313.6 313.1 312.7 311.1 309 307 307.7 308.6 309 309.9 311.4 314.1 314.5 313 311.5 308.7 312.2 314.2 314.4 309.2 304.9 303 301.1 298.4 294.8 291.7 289.3 286.5 279.8 285.3 296.7 301.8 304 305.5 307.4 306.5 304.2 302.8 300.6 298.8 296.2 292 291.5 289.1 286.2 283.1 280.1 276.3 272.2 268.3 265.3 262.6 258.2 254.3 249.5
327.4 325.9 324.1 321.9 319.1 316 313.1 310.6 306.1 300.8 295.1 293.6 290.2 292.4 294.9 290.2 296.6 303.1 306.5 309.8 313.4 315.5 315.9 316.1 316.8 316.2 314.1 311.9 311.1 312.7 313.4 313.2 313.9 314.9 317.5 316.4 315.5 314.7 313.6 315.9 317.2 314 308.8 304.6 302.5 300.3 297.9 295.7 293.5 291.3 289.2 282.9 286.1 298 301.1 302.5 303.2 304.2 304 302.3 301 297.9 295.5 294 290.2 289.3 286.8 283.4 280.9 278.4 274.2 270.7 267.6 264.6 262 259.1 254.2 248.9
325 323.6 322 320.1 316.9 314 311.4 306.6 300.5 295.6 293.3 295.5 298 300.2 300.1 295.4 299.9 306.6 310.4 313.3 315.4 317.3 317.4 318.1 319.6 319 316.7 314.7 315.5 317.1 316.7 316.5 315.8 318.1 318.4 316.9 315.5 314.3 316.2 317.9 316.6 312.2 308.1 304.3 301.8 299 296.8 294.7 293 290.9 289.1 283.6 287.7 297.5 298.8 300.2 300.4 301 300.9 298.9 297.8 295.1 292.8 289.1 288.2 285.8 283 281.1 278.8 276.1 272.5 269.8 267 264.6 261.7 259.3 252.7 248.2
313.7 317.9 318.6 317 313.9 310.7 305.4 300.7 296.7 307.1 304.1 304.2 304 304.7 304.9 302.2 298 309 313.1 316.9 319.1 319.3 321.3 322.4 322.9 321.8 319.1 319.3 320 319.7 319 317.9 317 317.5 317.2 315.4 314.1 312.8 314.8 316.3 312.8 309.8 306.3 303 300.1 297.9 295.7 293.5 291.8 290.2 287.9 284.2 288.6 294.6 296.6 296.8 296.9 297.2 296.5 294.8 292.7 291.4 290.4 288.8 287.1 286.6 288.2 285.3 281.4 279.3 274.3 269.7 267.1 265 262.4 256.2 252.3 248.7
306.8 305.6 305.6 305.6 305.1 300.8 298.5 305 313.7 311.8 309.9 309.3 308.5 308.1 308 307.2 299 309 315.1 319.2 320.5 320.9 323.8 325.2 325.6 323.9 322.5 324.3 324.8 324.3 322.1 320.6 318.7 316.7 315.5 313.8 311.9 310.5 311.5 311.5 308.7 307.3 304.4 301.1 298.6 296.8 294.6 292.4 290.6 288.8 286.5 287.9 289.9 293.9 296.3 295.3 294.5 293.8 293.4 292.3 291.5 291.9 291 291.4 294.5 293.6 293.4 289.1 284.2 280.3 276.5 271.5 267.7 265.4 262.6 258.8 254.6 249.5
314.3 312.7 311.5 307.1 307.2 310 313.8 317.9 318.6 317.1 315.4 314.5 313.8 312.7 311.5 310.3 304.9 307.1 314.4 319.7 321.5 323.1 326 326.9 327.3 326 326.6 328.1 328 327 325.1 322.7 320.9 316.9 314.2 312.6 310.4 308.3 307.9 307.7 306.5 305.1 302.5 299.2 297 295.1 293.4 291.3 289.4 288.7 290.2 291.9 293.8 294.2 295.3 294.3 293.6 293.9 292.9 292.5 292.4 294.3 295.9 296.8 297 294.2 291.5 287.2 283.3 279.5 275.6 271.3 269.2 268.6 265.5 261.1 255.9 250.1
322.5 322.9 323 322 321.2 321.6 323.1 324.3 324.7 322.9 321 319.7 318.6 316.1 314.1 311.5 307.3 304.5 313.1 317.6 321 324.4 326.2 327.1 328 328.3 329.7 330.1 329.3 328.1 325.9 323.2 320.1 316.7 313.7 311.4 309.6 308 306.5 305.4 304.3 302.9 300.5 297.6 295.4 293.3 291.6 289.9 290.5 292.9 295.3 296.8 297.3 297.5 296.2 295.5 294.4 293.7 293 293.8 295 296.5 297.1 297.8 296.7 293.8 289.8 286.1 282.3 278.6 274.9 272.1 269.7 269.9 268.1 263.3 258.2 250.9
331.3 331.5 332 332.3 331.7 331.3 331.9 331.5 331.1 329.3 326.2 323.2 321.6 318.1 315.1 311.7 308 305.9 312.5 317.9 321.2 324.3 325.8 327.3 328.5 330.1 331.1 330.7 328.8 326.3 324.2 321.7 318.4 315.5 312.6 310.8 309.4 308 306.5 304.8 302.4 300.6 298.4 296 293.8 292.3 292.2 293.1 296.8 300 301.1 300.6 300.4 299.3 297.5 296.7 295.5 294.3 293.7 294.1 294.6 296.4 297.3 297.3 295.3 291.8 288.2 284.5 280.8 277 275.1 272.9 270.3 269.4 267.7 264.9 260.7 252.6
340.4 341.1 341.8 342.4 342 340.9 339.5 338.7 336.3 333 329.6 326.7 322.7 317.7 315.5 312.5 309.1 307.1 313.6 318.1 321.2 323.9 325.4 326.9 328.5 330.1 330.8 330.1 327.1 324.4 321.7 319.3 316.4 313.7 311.4 310 308.7 307.1 305.6 303.9 301.5 300.4 297.2 297.1 295.7 297.3 296.2 300.7 304.4 305.1 304.1 303.1 302.6 300.8 298.9 297.8 296.2 294.8 293.4 293.6 293.3 295.1 296.9 295.8 293.4 290 286.4 282.8 279.2 276.4 274.8 273.1 270.8 268.9 267.4 265.5 262.1 257.1
349.9 350.8 351.2 350.2 349.1 348 346 343.4 340.4 336.5 332.5 328.3 321.4 318 315.8 313.9 312.9 310.3 314 318.1 321.1 323.6 325.1 326.7 328.3 329.9 330.7 328.4 325.6 322.9 320.3 317.6 315.1 312.5 310.6 309.2 307.7 306.1 304.6 302.8 300.6 300.5 300.8 301.3 303.8 303.6 302.1 305.8 308.5 308.1 307.1 305.4 303.5 301.6 299.7 298 296.6 295.3 293.9 292.7 292 293.8 294.1 293.3 290.3 287.7 284.1 280.5 277.5 275.2 273.5 271.8 270.8 268.9 267.2 265.7 262.4 258.9
357.4 357.9 358.1 357.2 355.3 353.2 350.2 346.7 342.4 337.6 332.2 327.2 322.1 320.1 318.6 317.8 315.7 313.5 315.9 318.3 321.3 323.6 325.2 326.7 328.2 329.3 328.5 326.4 324.1 321.7 319 316.4 313.9 311.5 309.7 308.2 306.7 305.1 303.6 301.7 302.4 303.1 305.8 307.8 309.2 307.9 307.2 309.3 310.4 309.7 307.3 305.3 303.5 301.6 299.8 298.5 297.1 295.8 294.4 292.4 290.2 290.2 290.2 288.5 287.4 285.3 281.9 278.9 276.5 274.3 272.3 270.6 269.4 268.4 267 265.4 261.8 259
364.2 364.4 364.6 363 359.9 357 351.7 348.7 342.6 335.1 329.1 326.8 326.3 324.5 322.5 319.8 317 315.1 318.4 319.6 321.4 324.1 325.6 327.1 328.2 328.3 326.8 325.3 322.6 320.4 317.8 315.2 312.8 311 309.1 307.3 305.7 304.8 304.2 304.2 306.3 309.7 312.4 313.1 312.8 311.1 311 312.8 312.5 311.3 309 306.5 303.5 301.7 300.2 298.9 297.6 296.3 294.4 291.9 288.6 287.7 286.4 285.4 284.4 283 280.4 278 275.6 273.3 271.2 269.3 268 267 266 264 260.4 261.1
369.8 370.2 369.5 367.2 363.9 359.2 353 347.9 340.7 332.6 333.2 332 328 324.7 323 320.2 318.6 319.2 320.5 321.8 322.9 324.5 325.8 326.9 327.9 327.3 325.8 324.1 322.1 319.3 316.9 315 313.1 311.3 309.7 307.6 307.3 307 306.4 310.2 312.9 314.5 316.1 315.9 315 314 314.9 315.2 314.1 312.8 310.5 306.2 303.5 301.9 300.6 299.3 297.7 295.6 293.4 290.7 288.1 285.5 283.2 282.2 281.2 280.1 279 277 274.6 272.3 270.2 268.1 266.7 265.6 264.6 262.4 264.2 266.6
374.1 374.8 372.5 370.3 366.2 359.2 351.8 344.8 337.1 335.5 337.5 334 328.3 325.1 323 321.4 320.2 321.3 322.6 323.9 325 326.2 327.4 327.4 327.5 326.3 324.7 323 321.3 318.8 316.7 315 313.3 311.9 310.6 309.2 309 308.9 311.1 314.5 316.7 318.3 319 318 317 316.8 316.7 315.1 313.7 311.4 310 306.4 303.6 302.2 300.2 298.2 296.1 294 291.9 289.7 287.1 284.4 281.9 280.2 279.1 278.1 276.9 275.5 273.7 271.3 269.2 267.1 265.1 264.3 262.9 264.4 268.6 271.4
378.5 376.7 374.7 370.9 365.1 356.6 346.3 340.9 338.8 340.3 339.6 334.3 328.7 325.8 325.1 323.8 324 324.7 325.2 325.9 327.2 328.4 329.6 330.2 328.2 326.3 324.8 323.5 322.1 319.7 317.6 316.2 315.1 313.9 312.5 312.8 313.2 313.6 315.4 318.5 320.3 321.6 321 320 319.4 318.5 317.4 315.3 313 309.9 307.3 304.8 302.7 300.7 298.7 296.7 294.5 292.4 290.3 288.5 286 283.4 280.7 278.8 277.1 276.1 274.9 273.5 272.1 270.3 268.2 265.5 264.6 265.4 267.5 269.2 272.5 274.2
379.9 378 373.5 368.5 361.9 351.6 344.3 343.5 345.2 344.5 339.3 333.4 328.8 328 328.2 327.4 327.9 328.5 328.6 328.9 329.4 330.6 331.8 331.1 329.2 328.2 326.5 325.1 324.4 322 320.1 318.1 317 315.9 316 316.7 317.3 317.3 318.9 321.5 323.2 323.1 322.2 321.3 320.7 319.3 318.1 315.9 312.1 308.8 306.1 303.3 301.2 299.2 297.2 295 292.9 290.8 288.7 286.9 285 282.3 279.7 277.6 275.7 274.1 272.8 271.5 270.2 269.1 266.2 265.1 266.1 269.8 272 274.2 275.9 277
378.7 375.4 368.5 361.7 354.8 347.2 346.8 347.7 347.5 343.2 337.4 331.7 331.3 331.6 331.7 331.1 331.4 331.2 331.1 331.4 331.9 332.8 333.2 332.1 330.7 330.2 328.8 328 327.1 325.3 323.4 321.1 318.9 318.7 320.4 320 319.7 319.5 321.8 324.4 325.1 323.6 322.6 322.3 322.1 321.1 318.5 315.5 311.8 307.9 305.1 302.5 299.8 297.7 295.6 293.5 291.3 289.2 287.1 285.2 283.6 281.3 278.6 276.4 274.5 272.6 271 269.9 268.8 267.6 266 266.5 270.2 273.5 275.2 277 278.1 279.7
371.3 365.8 358.1 352.8 349.1 349.6 350.7 350.2 345.4 340.4 335.2 334.3 334.5 334.4 334.7 334.1 333.7 333.5 333.4 333.8 334.4 334.9 334.3 333.1 332.7 332.2 331.3 331 329.9 328.3 326.5 325 323.6 324.3 324.9 323.3 321.9 322.4 324.9 326.8 325.6 323.8 323.5 323.1 322.8 320.4 317.8 315.3 311.3 307.1 304.2 301.2 298.3 296.1 294 291.9 289.7 287.7 285.6 283.5 282.2 280 277.6 275.3 273.3 272.2 271 269.2 267.8 266.3 267.3 269 271.8 276.2 278 279.6 280.4 281.1
362.1 357.1 353.8 352.1 352.1 353 351.1 348.1 342.5 338.7 337.7 338.5 338.4 337.9 337.3 336.6 335.5 335.3 335.2 335.5 336.1 335.8 335.2 335 334.8 334.4 334.4 333.8 332.4 331.1 329.4 328.6 328.4 329.1 327.6 326.2 324.7 325.7 327.7 326.7 325.2 324.5 324.1 323.7 322.4 319.6 317 314.4 310.7 306.4 303.4 300.5 298 295.1 292.4 290.3 288.2 286.1 284 281.9 280.5 278.6 276.5 274.1 272.2 273 271.4 269 267.5 267.9 269 271.3 273.7 277 281.3 281.5 281.7 283
359.1 359.8 357.9 355 353.2 351.2 348.8 344 341.6 341.1 341.7 341 340.3 339.6 338.9 338.2 337.6 337.1 337 337.2 337.1 336.7 336.3 336 335.9 336.5 337.5 336.3 335 333.4 332.7 331.9 333.2 332.8 330.2 328.5 327.4 329.2 328.5 326.5 325.5 325.2 324.8 323 321.1 318.5 315.4 312.4 309 305.7 303.1 300.5 297.8 294.4 290.8 288.7 286.6 284.5 282.4 280.3 278.8 277.2 275.1 272.9 273 273.9 271.9 269.5 268.9 270 270.7 272.7 274.6 277.7 282.3 281.9 282.2 283.3
361.4 358 353.9 350.8 346.6 346.6 344.1 341.7 342.7 342.9 342.5 342.1 341.5 340.5 339.8 338.9 338 338 337.3 336.5 335.9 336.5 336.9 336.9 337.4 338.1 338.8 338.4 336.7 334.9 335.5 335.7 336.9 334.5 332 330.9 330.6 330.4 329 326.1 325.6 324.9 323.4 321.6 319.7 316.5 313.2 310.2 306.8 304.3 302.1 299.4 296.4 293 289.7 287.2 285 282.9 280.8 278.8 277.2 275.8 274.1 273.6 273.9 274.7 272.3 272.5 272 272.9 272.6 273.7 275.5 277.3 278.9 280 281.1 281.3
356.6 354.3 350.2 347.2 344.9 344.5 343.4 342.2 342.7 342.2 341.9 341 340.6 339.4 338.8 338.3 337.7 336.7 335.9 335.1 334.2 334 335.6 337.5 338.7 338.5 338.2 338.6 338.1 337.5 338.1 339 338.6 336 332.8 331.5 331.2 330.1 327 325.5 324.5 323.7 322.1 320.3 317.7 314.5 311.1 307.9 304.8 302.6 300.7 298.3 295 291.6 288.7 286.2 283.6 281.7 279.5 277.3 276.5 276.6 276.3 275.8 275.5 276 276.5 275.8 275.2 275.1 274.6 274.9 276.5 277.4 278.4 279.3 279.4 279.5
351.4 350.1 346.3 346.6 344.9 343.7 342.5 341.3 341.9 341.3 340.1 338.5 338.5 338.4 337.5 337.5 335.6 333.7 333.5 333.2 332.9 332.7 334.7 336.8 337.8 337 336.9 337.4 338.2 339.2 339.5 338.6 337.7 334.5 333.3 331.6 331.4 328.6 325.4 324.1 322.6 321.4 319.4 317.2 314.9 312.5 309.2 305.9 303.3 301.1 299.2 296.8 293.5 290.2 287.9 285.4 283 280.7 281.3 280.3 280 279 278.4 278 278 280.4 280.9 279.5 277.5 276.3 276.3 276.2 276.1 277 277.4 277.5 277.5 277.6
348.9 346.9 345.2 345 344.1 342.9 341.7 340.5 340 339 337 336.4 336.4 336.3 336.2 335.5 333.4 331.5 330.5 330.2 330 331.7 333.8 334.8 335.1 334.9 336.8 337.5 338.3 339.3 338.5 337.7 335.5 332.7 331.6 330.7 329 325.9 324 322.7 320.5 318.4 316.3 314.1 312.3 310.3 308.3 305.4 302.4 300.2 298.1 294.9 291.9 289.6 287.6 285.3 282.2 280.4 282.8 283.9 282.4 280.8 280.4 280 281.4 283 283.2 280.7 278.9 277.5 276.6 275.6 275.1 275.3 275.3 275.5 275.7 275.7
