app/static/ascii/NT66.asc
ncols 200
nrows 200
xllcorner 360000
yllcorner 660000
cellsize 50
[rows 105 to 139 of 200, columns 0 to 77 of 200]
392.8 396.6 399 402.6 402.5 403.2 409.1 413.2 416.7 420.2 422 423.2 423.4 423 422.7 422.1 420.7 418.4 415.2 412.3 408.9 405.4 401.4 397 392.4 388 383.6 380.1 376.2 372 368.6 364.2 361.7 358.5 355.8 353.7 349.8 345.9 342.4 338 334.9 333 331.3 330.1 328.6 325.9 322.8 319.4 317.3 316 315 313.1 310.6 308.1 307.1 305.6 304.7 304.9 303.8 305.1 307.1 308.1 305.4 302.2 299.8 297.4 294.8 292 288.9 286.1 285.5 284.1 285.1 288.1 289.8 288.7 289.7 288.9
398.4 402.2 405.5 406.7 407.5 408.1 409.2 413.1 416.7 420.4 422.9 423.9 425.2 425.2 425.3 425.4 423.8 422 418.9 415.3 411.8 407.4 403 398.6 394.2 389.8 385.4 381.1 377 373.4 370 367 363.8 360.7 358.2 355.9 352.1 347.9 344.1 339.8 335.8 333.7 332 330.7 328.6 326.5 323.3 319.9 317.5 315.9 313.4 310.9 308.5 306 303.5 301.5 300.6 300.1 298.4 299.7 299.1 298.4 297.2 294.8 292.5 289.9 287.3 284.6 282.6 280.1 279.1 277.7 280.3 282.6 282.8 282.6 284.2 284.4
404.3 407.6 410.2 411.5 412.4 412.8 413.7 415.3 419 421.9 424 425.6 427.1 427.9 428.2 428.7 427.4 425.3 421.8 418.4 413.1 408 403.8 398.9 394.5 390.4 386.1 382.1 377.7 374.3 371.1 368.1 365 361.8 358.3 355.1 351.4 347 343.4 339.4 336.3 332.5 330.8 329.3 327.2 325.1 322.7 320.1 317.4 314.2 311.3 308.8 306.4 303.9 299.7 297.8 297.2 295.6 294.1 294 293.6 292.4 290.8 288.5 286.1 282.9 279.8 277.1 275.4 274.2 272.5 269.4 272.8 273.4 274 276.4 278.3 277.9
409.4 413 414.7 416.4 417.4 417.1 418.1 419.6 422.1 424 425.8 427.3 428.8 430.4 431.2 432 430.8 428.1 424.9 420.1 414.3 408.6 404.4 398.8 393.6 388.7 383.8 380.6 377.4 374.1 371 368.4 364.6 361.2 357.7 354.2 350.6 346.4 342.2 337.4 334.3 330.9 328.6 326.6 324.8 323.1 321 317.5 314.6 312.3 309.2 306.7 304.2 300.7 297.1 294.5 293.8 292.5 291 288.8 288.1 287.3 285.1 283 280.2 277.2 273.9 270.8 269.1 267.6 264.5 263.9 265.2 264.7 264.7 268.3 270 272.2
413.4 416.4 418.2 419.6 420.7 420.5 420.9 422.5 424.4 425.8 427.5 429.1 430.6 432.4 434.2 435.1 434.3 431.5 427 421.8 415.5 409.3 404.6 398.6 391.6 386.2 381.9 377.5 374.7 372.1 369.4 366.4 362.6 358.4 354.8 351.9 347.7 343.3 339.1 334.2 330.9 327.2 324.9 323.2 321.8 319.5 317.1 313.9 311.5 309.2 307 305.6 303.8 299.3 294.5 291.5 289.4 289.5 287.8 285.4 283.7 282.1 280 277.7 274.6 271.4 267.5 264.3 263.7 262.7 262.1 260.7 259.7 258.6 258.7 259.7 262.1 265.3
414.8 417.5 419.7 421.8 422.2 423 423.4 424.8 425.8 426.8 428.3 430.7 432.5 434.8 437 438 437 433.3 428.2 422.6 416.6 410.4 404.4 398 390.8 384.4 379 374.4 371 368.4 365.5 363 358.8 353.7 350.1 346.1 341.1 337.6 333.1 328.9 325.3 322.3 321 319.2 317.8 314.8 311.6 310.9 308.8 306.6 304.5 302.8 302.1 299.3 294.5 290.4 287 286.1 284.5 281.9 280 277.8 275.7 273 270.1 267.2 265.9 265.1 264.3 264.4 263.3 261.4 260 258.8 258.2 257.3 256.9 258.3
415.5 418.2 421 422.3 423.1 424.1 425.2 425.9 426.9 427.8 429.1 431.5 434.4 437.1 439.6 439.3 437.7 433.3 428.7 422.9 416.9 410.1 403.6 396.8 389.6 383.5 377.7 372 367 363.6 360.5 353.8 347.1 343.7 337.6 334.2 329 325.6 322.4 320.5 318.5 317.1 315.1 314.1 313.2 310.5 308.2 306.8 305.5 303.9 301.8 299.7 298.4 297 293.9 290.1 286.5 282.4 280.6 278.9 277.1 274.8 272.5 269 267.4 266.8 266.7 270.4 272.2 270.5 269.7 266.7 264.6 261.7 258.9 256.7 255.8 255.4
416.3 419 419.2 420.3 421.9 424.2 424.9 426 427.1 428.2 429.6 432.9 435.8 438.5 439.5 439.4 437.4 433.4 428.4 422.5 416.4 409.6 402.8 395.3 389 382.8 376.6 371.1 364.8 360.5 356.6 356.6 355.5 353 350.2 346 341.6 335.2 327.4 322.5 315.5 311.9 309.8 308 306.7 305 303.8 303.2 302.7 301.2 299.3 295.4 293.9 292.7 290.7 287.6 284.9 281.8 278.6 276.2 274.2 272.2 270.2 268.6 268.2 269.7 274.6 278 279.5 278.5 277.3 274.7 270.4 266.7 263.4 260.4 257.7 255.4
416.4 417.2 416.8 418 419.6 422.1 424 425.4 427.1 428.1 429.5 432.7 435.5 437.6 438.4 438 436.6 433.2 427.9 422 415.9 409.1 402.3 394.8 388.4 382.3 377.2 371.7 367.8 363.6 362.4 362.4 361.4 358.8 355 350.3 344.3 335.3 328 322.7 318.1 314.2 311.1 307.7 302.1 299.8 298.9 298.4 298.3 297.7 295.9 293.3 290.4 288.7 286.8 284.5 281.8 279.6 277.3 274.7 272.6 270.6 270.3 272.3 275.6 279.5 282.8 285.4 287 286.4 284.8 281.4 277 272.9 269.2 266 262.7 259.9
414.5 414.8 414.5 415.6 417.3 419.9 423.1 424.9 426.1 427.7 429.2 431.5 434 436.4 437.4 437.1 434.5 430.9 426.3 421.5 415.4 409.1 403.7 397 390.4 384.8 379.8 374.3 370.3 367.6 367 366.8 365.7 362.7 359.2 353.4 345.5 336.5 330.1 324.3 320.2 316.8 313.6 310.9 307.9 301.9 297.7 294.5 294.2 294.5 293.1 291 287.8 284.8 284.2 281 278.6 276.6 275.6 273.7 273.1 275 274.9 277.4 280.9 283.9 286.4 290.2 293.2 294.4 291.7 287.6 282.7 278.1 273.5 266.4 263.5 266.2
411.4 411.8 412 412.6 413.2 417.2 420.3 422.3 423.9 425.8 427.5 430.1 432.7 434.6 435.7 435 431.7 428 424.7 420.1 415.6 410.7 405.2 398.9 393.3 387.8 382.3 376.9 373.3 371.2 370.7 370.4 368.8 365.9 362.7 355.8 348.2 339.7 332.9 327 322.8 319.2 316.2 313.5 310.1 305.4 301.7 296.6 293.6 290.8 289.4 288.3 285.2 282.1 280.6 279.3 278.9 276.7 277.8 278.2 276.4 278.2 279.1 281.1 284.3 288 291.6 294.6 298.6 299.7 297.2 292.3 287.3 281.9 274.5 268.9 268.5 271.1
408.2 408.2 407.6 407 409.3 413 416.6 417.9 419 422.3 426.1 429.1 431.5 432.6 432.6 431.5 429 426 423.3 420.2 415.7 411.3 406.1 400.8 395 389.7 384.8 379.8 375.9 374.5 373.9 373.1 371.7 369 364.8 358.6 352.3 345.3 337.6 331.3 325.9 322.2 318.8 315.8 312.2 307.8 302.9 296.8 294 291.8 289.1 285.2 285.7 286.6 285.4 283.9 282.3 281.7 281.2 281.7 280.3 281.3 282.2 284 287.2 291.1 295 298.9 301.6 303 300.6 295.9 291.4 285.6 278 273.8 274.4 276.5
404.5 403.5 402.8 401.3 402.8 407.4 410.9 410.8 412 418.5 424 427.4 429 430.1 429.1 427.9 426.6 424.5 422.2 420.2 416.4 411.8 406.6 401.8 397.1 391.9 387.1 382.5 378.8 377.2 376.3 375.5 373.7 370.7 366.3 360.2 354.3 348.5 341.6 335.7 330 325.8 322.4 317.7 313.1 308.9 303 297.2 294.2 291.7 288.5 289.6 289.9 290 289.1 287 284.5 284.2 283.8 284.7 282.1 284.2 285 286.8 290.2 294 297.6 300.9 303.9 305.1 303.9 299.6 294.9 289.1 284.2 280.4 280.6 281.2
400.7 399.4 396.8 394.5 396.8 401.1 403 402.2 406.4 415.8 420.9 424 425.9 426.4 425.6 424.6 423.5 422 421.4 419.6 417.2 412.3 408.2 404.2 399.3 394.2 388.9 384.3 379.8 377.2 376.5 375.6 374.3 371.7 368.1 362.4 356.8 351.2 345.3 339.5 334.3 329.8 326 321.1 315.3 309.3 302.4 297.3 294.1 294.4 291.9 292.3 293.5 293.5 292 289.7 286.7 287.8 286.6 286.8 286.6 287.3 288.6 290 292.8 296.5 299.8 303.1 305.7 307.8 306.6 303.4 298.4 293.4 289.9 286.9 284.7 281.2
397.1 394.8 392.1 386.9 388.9 392.9 394.1 393.7 405.3 411.7 417.3 419.3 421.1 421.3 421.5 421.2 421.2 420.9 420.5 418.7 417.4 414.3 410.5 406.5 401.4 396.3 390.5 385.3 380.3 377.2 375.4 374.4 373.6 372.3 369.8 364.2 358.7 353.5 347.9 342.1 336.8 333.5 329.7 324.5 317.3 308.4 300.9 296.5 296.4 295.6 293.9 295.1 297 296.3 294.3 292 288.6 290.9 290.1 289.6 290.1 291.2 292.6 294 295.5 298.7 302 305.2 307.6 309.7 309.6 307.6 304.4 300.3 296.9 293.3 287.8 284.3
393.2 390.3 387.5 382 380.1 382.5 384.3 394.1 403.6 409.4 413.6 413.9 415.7 416.9 417.1 416.8 417.6 418.9 419.3 419.5 417.8 415.7 411.9 407.8 402.7 396.7 390.7 385.1 380 376 373 372.4 372.3 372.4 370.9 366.1 360.9 355.8 350.3 344.3 338.5 335.1 331.7 326 316.5 307.1 299.4 298.4 297.2 296.3 295.9 297.3 298.9 297.8 296.1 293.7 293 294.5 293.6 293.4 293.9 295 296.4 297.9 299.5 301.9 304.7 307.4 309.8 311.5 312.5 311.7 310.7 307.4 303.8 298.5 292.2 292.1
389.1 386.1 382.9 377.5 372 377.6 387 396.7 401.8 406.9 410.2 411.4 410.8 412 412.7 412.4 413.4 416.1 417.2 419 418.6 416.6 413.4 408.9 403.5 397.3 391.1 385 379.8 374.9 371.3 371.3 371.7 371.9 370 366.7 362 356.8 352 346.4 340.5 336.8 330.9 324.3 315.4 307.1 300.1 300.6 298.9 298.1 298.4 299.2 300.6 299 297.4 293.6 295.7 297.8 298.6 298 297.8 298.8 300.3 301.9 303.5 305.5 308.1 310.6 312.8 314.6 315.8 315.9 318 316.3 311.8 305.5 300.3 302
384.6 381.3 378.3 370.7 369.9 384.3 390.1 395.9 400.2 404.1 406.8 408.6 408.6 408 408.3 408 408.9 411.6 415.4 417.5 418.3 417.5 414 409.7 404.3 398.1 392.3 386 380 375 370.4 368.4 369.4 370.8 369.2 365.7 361.4 357 352.1 347.3 341.7 335.9 329.9 323.1 314.6 307.2 303.8 302.7 300.9 300.8 301.5 302.3 302.4 301 299.7 296.8 298.5 300.4 301.7 301.7 301.6 302.8 304.4 306 307.8 309.8 311.3 313.9 316.2 317.8 319.1 321.4 324 323 318.9 312.6 310.6 309.7
378.2 375 372.4 361.8 373.1 382.4 387.9 392.2 396.6 400.1 403.4 405.4 406.5 405.8 404.4 401.9 403.4 407.7 412 415.8 417.2 416.3 413.9 409.9 405.2 399.4 393.2 387.1 380.9 375.1 370.5 366.7 366.5 368.3 367 364.4 360.5 356.4 351.1 345.8 340.7 335.1 329.2 322.2 314.2 307.2 305.7 305.4 306.1 307.2 306.6 306.5 305.4 303.7 302.7 301.9 300.4 303.9 304.8 305.1 306.1 307.2 309.1 311.3 313.3 315 316.5 318 319.6 321.4 323.3 326.1 329.3 328.8 324.3 320 318.1 316.7
368.6 368.5 364.8 357.3 371.7 378.4 382.7 387.5 392.3 396.1 399.3 402 403.5 401.8 399.6 396.9 397.6 403.1 408.2 412.2 414.4 413.7 412.9 409.4 405.5 400.8 394.3 388.1 382.2 376.1 370.7 365.9 363.3 363.9 363.7 361.4 358.7 355 348.6 343.5 338.5 333.8 328.2 322.4 314.5 307.9 307.9 309.3 312.1 313.1 312 310.7 308.7 307.2 306.2 305.5 304.9 307.9 309.8 309.1 310.6 312.9 314.4 316.1 318.6 320.3 321.8 323 324.1 325.7 327.7 330.9 333.7 333.4 330.2 327.9 325.9 324.5
355.4 356.6 357.4 355.1 365.6 368.9 372.4 380.7 387.9 392.1 395 397.5 399.1 396.9 394.8 390.8 392.4 397.9 403.2 407.4 409.9 411.8 410.3 408.4 404.8 400.7 396.5 390.4 384.3 377.5 371.6 367.2 362.7 358.9 358.2 357.5 355.1 350.1 343.9 339.7 334.8 330.1 327 322.7 315.8 310.5 310.6 312.8 315.9 318.6 316.9 314.5 312.1 310.8 309.8 309.1 309.8 312.3 315.4 314.8 316.3 319.3 320.8 322.6 324.1 325.5 326.4 327.3 328.5 330.2 331.7 334.1 336.6 336.6 334.9 333.7 333.3 330.7
349.1 348.2 347.7 349.6 353 356.4 369.3 377.2 384.3 388.1 390.6 393 393.9 392.5 391.3 388.1 384.8 392.6 397.9 402.2 405.4 407.2 407.6 405.1 403.4 401 397.4 393 387.8 380.9 375 370.4 365.6 360.7 353.9 350.2 348.5 343.2 339.4 334.6 330.1 326 323.3 319.9 313.2 313.2 314 316.2 318.8 321.7 319.8 318.1 316.8 315.2 314.2 314.5 316.3 318.5 321 323.7 325.4 326.7 327.6 327.9 329.7 330.9 331 331.5 333 334.6 335.9 337 338.8 338.8 338.6 338.9 339.2 335.2
357 352.2 346.6 346.4 347 346.7 361.8 373.5 379.7 382.6 384.5 386.7 388.1 388.6 387.2 384.3 378.3 385.8 392.3 396.2 399.9 401.7 402 401.8 400 400.9 399.1 395.7 390.8 385.4 378.7 373.8 368.8 364.4 358.9 352.6 348.2 342.3 334.7 330.2 325 322.6 320 315.2 314.4 314.5 316.9 319.6 322.1 324.5 324.9 323.8 322.1 320.2 319.8 320.2 322.7 325.8 330 335 336.6 336.2 334.8 333.8 335.9 336.6 336.9 337.2 337.5 338.9 340.1 341.7 341.9 342.2 343.1 342.5 340.8 335.2
366.1 362.5 355.9 348.4 345 344.4 349 363.8 371.4 373.1 377.8 380.1 381.3 383.3 382.5 379.8 373 377.4 386 390 392.5 394.2 394.9 395.4 397.5 399.8 400.5 398.6 395 389.7 383.8 378.1 372.8 368.1 362.9 356.9 351.8 346.3 338.9 332.9 326.3 323.2 319.7 322.5 319.7 318 320.4 323.2 325.7 328.1 330.1 329.2 327.5 325.8 325.7 326.3 328.7 332.8 339.3 345.9 347.6 345.3 344.4 342.5 343.3 342.7 343.1 343.4 343.8 344.2 345.6 345.6 345.6 345.8 344.3 343.3 337.6 331.9
374.6 372.9 368.4 362.9 357.6 351.3 343 346.8 353.9 361 365.2 370.9 373.6 375.6 376.1 374 369.1 368.9 377.8 381.3 383.2 384.4 384.8 388.5 394.5 398.3 401.2 401.2 399.8 397 390.7 384.9 378.9 372.3 366.6 359.6 352.5 345.9 339.4 332.6 328.1 327.9 327.2 326.9 324.8 321.7 324.7 328.3 331.3 332.6 335.2 334.7 333.2 332 332.5 334.3 336.9 343.5 349.4 355.1 356.6 355 353.8 352.9 352.1 351.2 350.2 349.6 350 350.4 350.6 350 348.4 345.5 344.2 339.3 333.3 326.5
381.9 379.6 376.7 372.7 367.9 362.6 355.2 341.4 340.6 344 353.1 359.1 360.8 363.3 364.2 365.5 361.8 360.9 368.9 372.1 372.9 372.1 373.7 383 391.3 396.1 400.9 403.1 402.8 401.1 397 390.3 384.4 378 370.1 361.9 353.4 345.4 339.6 335.5 336.7 336.4 334.3 331.8 328.9 326.2 330.7 334.6 337.6 340.1 341.1 341.6 340.1 339.4 340.8 342.4 347.7 354.4 359.5 362.6 363.8 363.8 362.8 361.3 360.3 359.4 358.3 356.8 356.2 356.1 354.6 353.7 351.1 347 341.3 334.9 328 319.5
386.7 384.3 380.9 377 373.3 368.6 362.7 356.6 348.8 339.3 340.9 344.4 341.8 349.9 349.7 351.8 352.4 347.4 357.7 361.4 359.9 360.2 367.9 376.5 386.5 393.4 398.9 402.2 404.2 403.6 400.6 395.5 389.9 383.4 374.7 366 358 352.2 346.9 343.5 345.6 344.5 341 337.6 333.5 331.8 337.6 342.1 344.9 346.8 349.1 349.8 349.7 348.1 349.4 352.9 359.1 364.1 367.5 370.1 371.1 371.2 369.8 368.4 367.3 367.4 366.2 364.6 362.8 361.4 359.2 356.3 352.8 346.9 340 332 324.1 313.9
391.1 387.8 383.9 379.9 375.3 370.4 365.4 359.5 355.3 349.5 345.6 341.8 337.9 336.1 336.7 335.7 336.9 340.5 345.8 348 347.3 355.6 362.3 371.1 379.5 389.1 394.3 399.9 402.6 402.6 402 399.4 395 387.8 379.5 371.2 364.6 358.1 352.7 352 352.8 350.1 346.4 342.8 337.7 338.1 345.1 349.8 353.4 357.8 361.3 361.7 361.8 360.2 361.9 365.2 368.8 372.5 374.8 376 376.7 377.6 376.8 375.9 374.7 374.8 373.9 371.9 368.9 366.2 362.9 358.3 353.8 347.3 340.8 332.7 324.1 313
394.5 390.7 386.5 381.5 376.6 371.7 367 363.1 358.9 354.7 352.5 349 343 337.2 336.9 335.7 335 332.3 332.1 333.6 340.3 347.6 356.3 362.8 370.6 379.4 387.3 393.5 398.5 403 404.3 403.7 400.4 393.7 385.8 378.7 371.6 364.5 358.6 360.3 358.6 355 351.3 347.3 341.7 342.7 350.4 356 362.9 368.8 375.4 378.1 378.3 376.2 376.1 377.3 378 380.3 383.1 382.6 383.8 384.7 383.7 383.3 383 382.6 381.4 378.6 374.8 371 367 362.3 355.4 348.9 342.1 334.1 324.7 314.5
396.2 392.2 387.5 382.9 378.2 373.4 369.5 365.5 361.3 357.1 353.6 347.5 338.6 340.8 345.1 344.6 342.2 338 333.4 332.4 330.1 334.3 341.2 349.2 356.9 366.4 374.2 383.9 394.7 401.7 406.7 408.7 405.8 400 392.6 385.4 379.6 372.6 368.4 367 364 359.5 355.2 350.9 346.4 346.8 353.8 360.7 368.2 377.1 385.1 391.2 393 393.8 394.8 394.5 394.5 395.1 393.2 390.8 391.3 391.4 391 390.6 390.2 389 387.3 384.8 380.6 375.7 371.6 366.1 358.5 351.1 343.8 336.2 325.2 314.2
396.4 392.6 388.3 384.1 379.9 375.7 371.7 367.4 362.9 358.7 349.5 339.5 344 350.6 352.2 351.4 350.1 346.4 342.8 337.8 334.4 329.6 330.5 330 342.2 352.6 361.7 373.8 387.4 400.2 406.5 410.2 408.8 404.2 398.3 391.9 386.1 380.4 376.3 372.6 368.8 364.1 359.7 354 349 349.8 356 363.9 372.1 381.6 391.9 399.2 405.9 411 411.7 412.1 411.7 406.7 404.9 401.2 399.1 398.6 398.2 397.7 397.3 395.2 393.1 389.9 386.2 381.4 376.2 370.1 363 355 347 338.1 327.3 315.5
396.5 392.4 388.5 385.1 381 377.7 373.8 369.3 364.8 359.6 346.8 345.7 355.2 358 359.1 358.2 356.8 353.9 351.5 349.1 347.7 340.3 332.1 327.9 327.5 333.7 349.5 364 378.6 393.2 404.1 410.2 411 408.4 402.7 397 391.9 386.6 381.9 377.9 373.5 368.8 363.2 356.5 350.8 351.8 358.2 366.3 374.9 384 394.8 403.1 410.4 414.6 416.3 418.3 417.5 415.3 413 412.1 407.5 404.3 404.2 403.7 403.4 401.9 398.7 395.3 391.6 387.4 381.9 375.7 367.9 360.2 350.9 340.3 328.5 315.7
394.7 390.6 387.6 384.2 381.7 378.5 375.1 371.1 366.7 352.2 343.4 356.7 363.9 366.2 366.6 365.5 363.8 362.2 358.5 357.5 356.1 352.9 343.2 329.5 327.7 327.3 335.3 353.4 372.1 389.3 403.7 410.1 412.6 410.6 407.3 401.6 396.3 392.1 387.4 382.6 377 371.4 365.1 358.1 353.8 354.8 360.9 368.5 375.9 383.3 393.7 402.4 409.2 413.9 417.4 418.2 418.8 418.3 417.4 415.7 413.7 410.8 408.7 408.7 407.7 406.8 403.5 400.4 397 393 387.9 381.8 373.9 366 356.2 343.8 327.7 313.4
392.8 389.7 386.7 383.5 381.5 378.9 375.3 371.9 366.1 345.7 354.7 368.7 372.9 373.7 374.2 374 372.8 370.7 368.5 366.2 364.6 361.7 354.9 339.8 326.4 324.3 328.5 351.6 368.8 386.2 401.4 409.4 412.9 412.4 409.4 405.2 400 395.4 391 386.6 381 374.5 366.9 359.6 355.7 357.7 362.7 369.6 376.5 383.3 391.5 399.2 405.6 411.6 415.2 416.7 417.8 418.3 419 418.6 416.6 415.1 412.6 412.8 411.7 410.7 408.4 405.6 402.2 398.3 394.2 388 380.1 371.1 359.8 347.3 328.9 311.7
387.3 386.5 385.3 382.8 380.2 377.6 374 369.5 361.3 348.6 367.1 376.4 378.8 381.2 381.7 381.6 381.2 378.5 375.3 373.6 370.6 368.4 363.4 352.5 331.7 325.9 326.5 344.8 365 383 397.8 407.4 412.1 412.6 411.1 406.9 402.9 398.6 393.5 388.4 382.9 376.2 368.7 361.1 358.1 361.5 365.6 371.2 377 383.2 390.1 395.7 401.3 407.2 411.4 413.3 415.5 417.5 418.5 420.1 419.5 418.3 416.6 416.9 415.9 415.1 413.3 410.7 407.1 403.2 398.9 393.5 385.4 375.2 363.7 350.5 333.9 317.3
