app/static/ascii/NT70.asc
ncols 200
nrows 200
xllcorner 370000
yllcorner 600000
cellsize 50
[rows 70 to 104 of 200, columns 0 to 77 of 200]
400.2 406.4 412.8 420.4 432 437.3 436.5 436.4 434.6 430.5 425 428.7 430.8 428.8 425.3 424.5 425 429.9 434.6 438.4 438.1 429.2 418.8 405.9 395.1 387.4 377.2 368.9 362.7 358 350.6 353.5 353.5 354.5 357.7 359.5 361.1 363.1 357.9 354.1 351 336.7 354.8 361.5 364.8 361.9 360 360.8 363.5 368 371.2 376.6 382 394.2 407.5 415.6 420.8 423.4 421.7 418.2 413.7 399.4 379.7 364.5 353.7 345.1 338.3 334.5 330.4 326.8 325.2 323.1 327.6 332 337.4 342.3 347 350.5
395.5 401.5 408.3 414.9 422.2 430.9 433.9 427.6 420 414.5 409.5 420 421.7 414.9 412 410.2 412.4 417.1 423.6 431.1 432.5 423.4 412.2 401.7 391.5 381.9 372 366.4 359.1 355.2 346.3 344.5 345.9 349.7 353.2 355 355.2 359.9 357.8 351.1 347.8 329.2 349.9 356.8 357.3 356.7 355.9 358.9 361.9 365.8 369.3 374.4 380.5 391.5 407.3 416 420.7 422.3 421.3 417.8 412.6 400.4 384.2 368.4 354.8 344.5 337.4 331.3 327.3 324.5 322.3 324.2 327.2 331 336 340.7 345.7 349.3
389.3 396.8 404.4 411.7 420.4 425.8 422.2 416 407.8 400.5 396 404 407.5 404.7 400.8 399 401.2 405 411.9 421.2 425.2 416.4 405.4 396.4 386.5 378.5 370.1 362.7 356.4 351.1 345.9 336.5 340.3 343.4 347.1 348.5 348.7 356.4 350.9 339.6 327.3 326.7 345.1 352 353.1 352.8 354.6 357.8 360.6 366.7 372 377.5 382 389.5 405 414.3 419.8 421.5 420.4 417.8 412.2 401.8 385.8 369.2 354.6 341.9 334.5 329.7 323.2 321 321.7 324.9 327.9 331.5 335.7 340.9 345.7 349.2
381.1 391.6 399.5 406.2 412.4 414.5 411.1 409.6 399.3 391.1 388.1 393.7 397.7 396.9 393.1 389 391.4 397 402 409.8 414.3 409.7 399.6 389.4 379.9 372 366.2 359.2 352.6 346.4 342.6 338.3 330.5 338.7 340.6 340.5 335.5 337.6 331.9 321.6 329.4 332.2 339.1 343.7 347.8 353.5 356.5 358.8 361.3 367.7 372.7 379.8 385.7 391.6 402 414 418.7 421 419.9 417.5 411.7 398.6 383.6 367.4 351.4 339.3 331.6 326.9 321.8 318 322.1 324.7 327.2 330.1 332 338.9 344 347.7
375.8 383 392 399.1 403.6 405.5 401.5 397.3 389.7 382.3 380.2 383 387.8 387.1 384.6 377.4 382.8 388.4 393.8 401.1 404.7 401.9 394.4 384.1 372.6 365.3 361 354.7 348.7 344.3 339.6 336.5 326.1 333.2 333.6 324.2 314 316.1 317.3 326.2 339.2 344.2 343.6 346.7 351.6 354.8 358.8 362.2 363.7 366.5 372.5 377.8 385 393.6 402.2 412.9 417.8 419.4 418.5 416.2 408.2 395.8 380.9 364.3 349.6 336.8 328.9 323.6 318 318.9 321.5 323.6 326.5 330.2 334.6 339.8 343.3 346.2
369.2 375.6 380.1 387.8 390.7 389.4 387.3 385.4 381.6 375.2 370.6 373.2 376.2 377.7 377.2 370 374.7 382.1 388.9 394.4 397.9 394 387.3 379.1 370.4 361.4 355.2 348.2 345.4 340.2 337.7 333.3 328.7 325.1 324.2 310.9 312.1 326.1 325.4 335.8 342.1 345.8 348 351.1 353.5 357.1 361.3 365.9 369.4 370 372.5 376.6 384.6 392.3 400.2 411.9 417 418.3 417.5 413.6 404.7 393.5 379.2 363 347.2 334.7 326.4 321.4 315.5 317.8 320.2 323.8 326.9 330.2 334.3 340 345.4 348.7
361.8 367.2 371.8 375.1 376 376 376.4 375.2 374.2 369.2 362.9 365.7 367.8 368.6 367.4 364.9 368.9 374.7 383 389.7 391 386.8 380.5 373.4 365.6 358.7 352.5 346.8 339.7 335.9 334.6 329.7 324.9 314.9 309.8 306.6 319.6 328.3 333.6 339.1 343.9 347.6 350.5 353.6 356.4 360.4 364.2 368.4 373.2 375.3 376.2 378.8 387.2 394.4 403.3 412.8 416.4 417.9 416 410.7 400 389.6 375.8 361.3 345.5 334.2 325.9 318.9 314.3 316.5 319.9 323.6 326.2 329.3 333.4 338.4 344.1 347.5
353.5 358.3 363.1 365.8 366 366.8 366.6 365.3 365.1 363.2 358.3 358.1 360 360.3 361.1 359.3 365 371.4 380.5 385.1 385.3 380.9 374.1 366.7 361.4 355.9 349.3 342.9 337.1 331.2 329.7 326 320.6 313.4 307.5 309.5 321.7 329.7 334.6 339.7 344.3 348.9 352.2 355.7 359.5 363.2 367 370.8 374.8 379 381.1 382.9 389.2 397.9 408.7 414.9 416.9 417 415.6 408.6 400.3 387.3 372.6 357.5 343 332.2 325.5 319 312.5 314.6 317.2 320.5 322.8 325.1 328.2 331.7 340.8 346.3
345.7 349.2 353.3 356.4 356.3 357.7 359.7 360.3 360 356.5 354.2 352.2 354.2 355.5 352.4 358.8 363.9 370.8 378.9 382 380 375.4 369.4 362.7 352.8 349.7 345.2 341.4 337.8 333.1 325.4 321.4 317.6 314 302.7 312.7 324.4 331 335.8 341.2 346 350.5 354.5 357.4 362.1 366.7 370.8 373.9 378.5 383.6 387.2 389.7 395.2 406.1 413.2 416.2 418.1 416.3 413.4 407.1 398 386.3 374.8 360 344.6 331.2 324.6 318 313.3 312.2 315 317.7 319.4 324.3 330 337 343.9 348.8
336 341.7 343.8 347.9 349.9 352.2 353.5 355.1 354 351.9 349.7 346.1 346.9 346 351.4 357.8 363 369.5 376.2 378.1 374.4 368.9 362.9 356.2 349.5 344.3 341.7 338.8 335.6 331.4 323.1 319.7 315.1 305 304.5 318.5 324.9 331.5 337.1 342.9 347.8 354.7 358.4 359.7 363.5 369.7 374.9 378.6 382.2 387.7 391.3 397.7 404.6 411.7 416 418.1 418.6 416.9 411.8 405.2 396.4 386.7 374.4 358.8 343.2 330.5 324.7 317.5 312 310 313.5 315.5 319.4 324.8 331 338.9 344.7 349.5
334.3 335.9 338.9 340.9 344.7 348.2 349.4 350.7 350.8 349.6 347.6 340.6 342.6 345.5 351.6 356.8 361.3 366.8 371.2 371.2 368.3 363.5 359.3 352.6 346.8 341.7 337.5 335 333.1 329.3 318.4 316.7 312.1 297.8 306.6 319.4 326.1 332.7 338.4 344.2 350.7 359.2 364.1 366.6 368.9 375.2 380.8 384.1 386.7 390.9 395.8 404.8 411 416 418.1 418.7 418.7 416.2 409.9 403.1 394 382.2 368.9 353.5 340.8 330.8 324.3 317.4 311.4 309.6 312.6 315.9 319.6 324.4 330.3 339.2 345.3 350.3
334.4 332.1 334.8 338.5 342 345.4 345.9 348.5 349.6 348.7 345.7 340.6 335.2 344.5 351.4 356.7 361.1 365.1 367.3 366.6 364.3 360.4 356.8 352.2 346.6 341.3 337.4 333 328.8 323.2 311.3 311 300.5 298 306.7 316.4 326 333.6 339 345.7 352.6 363.3 368.6 373 378 380.4 387.6 391.7 394.1 398.1 402.8 408.2 414.3 417.6 419.7 419.5 418.1 413 406.8 399 390.4 378.5 364.7 351.5 338.1 328.8 323.4 317.4 311.1 307.9 312.6 315 319 323.7 331.4 341.4 346.1 350.9
333.3 327.6 326.8 332.2 337.2 338.3 343.1 348.7 346.7 344.3 341.4 336.9 332.3 345.2 352.3 356.5 360.9 363.6 364.6 364.1 361.7 358.7 354.6 348.9 344.8 341 336.9 330.8 321.5 317.8 311.7 303.4 294.4 304 315.8 322.2 327 333.1 339.9 349.5 356.8 364.7 374.2 380.5 385.6 389.5 392.8 398 400.9 404.9 408.5 412.8 416 418.7 421 419.6 416.5 411.2 404.8 396.6 385.3 373.3 359.7 345.9 336.2 327.8 322.3 317 310.6 306.4 311.4 314.5 319.2 325.1 333.2 341.3 345.6 349.2
336.6 328.7 323.1 322.2 325 330.7 334.8 339.3 338.4 336.9 334.8 329.8 334.4 345.8 352.8 358.1 361.4 362.8 363.4 361.9 359.6 356.3 351.8 348 342.9 336.3 331.5 325.7 318.1 310.1 308.4 297.7 292.9 303.5 314.5 322.7 328.5 336 343.2 351.5 358.3 370.1 378.7 384.4 388.7 393 396.9 398.9 403.9 409 414.2 417.5 420.5 423 423.4 420.9 415.1 410 402.6 390.9 380.2 368.1 355.3 341.6 335 328.2 321.4 315.8 309.9 305.4 309.7 314 320.2 327.1 334.8 340.4 345.1 348.4
337.1 329.7 324.3 319.8 319.8 325.6 329 332.4 334.4 332.9 330.7 323.5 335.7 343.4 350.9 357.4 360.1 360.7 360.9 357.9 353.4 349.7 346.8 342.1 336.9 329.7 323.4 318.7 314.4 304.8 293.2 290.9 299.1 313.9 319.4 325 328.9 336.4 348.1 357.4 366.1 374.4 382.7 387.3 391.3 395.9 401.7 405.8 412.1 416.5 421 425.1 427.6 428 427.6 423.9 416.4 410.4 400.7 385.2 368.8 359.6 348.5 339 329.7 324.4 320 315.8 309.9 305.5 307.5 314.5 320.7 327.4 333.2 337.6 342.8 348.5
335 329.8 325.8 320.9 317.9 317.2 322.2 325 328.3 328.6 326.3 324.1 337.1 342.6 347.1 353.2 356.5 355.7 352.8 349.9 345.2 342.4 337.8 333.3 328.2 322.6 318.3 314.7 311.5 293.6 290.8 303.3 309 315.7 320.5 328 335.2 342.6 354.2 364.3 371.7 381.6 384.7 389.3 393.9 402.2 408.5 413.9 420.4 426.5 430.5 434.8 436.3 435.5 432.2 428.3 420.3 412 401 383.5 368.8 359 349.5 340 334.4 329.6 323.8 317.8 311.7 305.8 303.8 312.6 319.4 324.5 332.2 334.3 337.5 346
336.8 332.2 325.8 323.6 320.1 314.5 314.7 318.3 321.5 323.2 320 327.4 334.9 340.2 344 347.5 350 349.2 346.5 343.4 340.7 336.7 332.2 327.6 322.4 319 314.6 307.8 301.3 287.2 301.5 307.5 311.9 316.7 323.7 332.2 340.2 348.7 361.8 371.5 377.6 383.5 387.2 392.6 401.1 407.9 418.1 429.6 440 443.3 445.4 447 447.2 444.4 438.7 432.7 424.2 415.4 403.6 385.6 371.2 364.5 353 344.6 338.5 332.9 324.7 320.4 312.3 306.5 302.1 308.1 315.3 319.8 322.8 330.8 330.4 339.7
335.1 332.9 329.4 325 321.2 318.4 313.4 309.9 311.8 317.1 312.6 325.3 330.7 336.3 339.6 342.4 345 343.3 342.2 340 337.2 334.1 329.1 324.5 319.8 315.6 309.5 294.6 285.7 293.7 302.7 308.3 313.3 318.8 327.6 335.2 343.7 356.1 367.6 376 381.4 386.2 394.2 402.3 413.5 424.4 435.3 453.6 462.8 466.3 467.2 466.1 462 454.6 447.9 440.1 430.1 418.6 406.1 391.1 376.4 365.8 355.5 348.2 339.9 333.1 325.7 318.9 313 308.3 301.7 300.6 307.1 311.6 318.2 324.3 324 331.9
339.1 336.1 332.3 327.7 324.7 321.9 318.3 312.7 306.5 308.8 314.1 321.2 325.4 330.7 333.9 337.9 340.7 340.2 338.3 336.4 334.8 330.6 326.1 321.7 317.6 314.2 310.2 294.5 284.6 297.1 303.6 308.4 316 321.2 328.6 335.9 348.6 361.6 371.4 379.4 387.2 401.6 413.3 428.7 440.6 449.4 456.1 462.5 466.6 470.2 471.8 471.8 470.9 468.3 460.7 450.1 437.5 424.3 411.1 398.3 382.7 370.1 357.2 350.2 342.9 335.7 328.3 321.2 314.5 309.6 304.7 299.2 301.9 306 310.2 315.6 320.1 325.6
341.4 338.7 335.5 332.3 329.1 327 323 316.5 310.2 304.6 310.2 316.4 321.3 325 329.8 334.6 337.7 336.5 335 333.3 331.1 327.5 323.8 319 314.1 310 306.3 291.9 283.7 299 304.5 310.5 314.9 322 329.9 339.2 353 366.1 375.4 387.1 404.1 421.6 437.4 445.8 451.8 455.7 458.9 461.3 465.1 470.1 472.7 474.5 474.1 472.8 470 463.7 449.2 432.3 417.2 403 384.6 370.2 359.3 352.3 344.9 338.1 332.4 324.9 318 311.3 304.2 299.5 299.8 302.7 304.7 308.9 312.1 315
343.8 340.5 339.6 336.6 333.2 329.2 324.7 319.1 312.6 303.1 303.2 311.6 316.5 321.2 325.9 329.5 332 332.1 332 330.1 327.1 324.9 321.3 317.1 311.4 306.3 303.8 283.5 282.3 298.6 304.8 311.9 317.1 323.5 331.6 340.1 356 369.9 383.9 403.7 422.9 437.3 448.3 453.1 456.1 459.7 462.3 464.2 466.3 469.4 472.1 474.3 475.3 475.1 474.1 470.3 462.6 443 424.6 407.5 386.6 372.4 364.8 355.4 349.2 342.9 336.2 329.3 320.4 312.7 305.7 297 297.8 300.6 304.8 311.3 315.9 323.1
346.2 345.3 342.2 338.8 334.2 329 323.2 318.8 312.8 306.9 300.2 306.8 312.8 317 321.3 325.6 328.4 328.6 328 326.7 324.8 322.1 318.6 314.9 310.5 299.8 297.4 282.6 284 298.7 306.2 312.8 317.9 323.9 331.4 343.7 359.4 375.5 389.9 414.4 432 444.7 452.2 456.6 459.4 462.6 464.3 465.7 465.4 467.5 470.6 472.7 474.9 475.3 474.5 472.3 465.4 449.2 430.7 413.7 393.5 380.8 369 363 354.9 347.7 340.8 331.9 322.1 314.1 307 299.3 295.4 299.5 305.5 312.9 320.5 326.9
351 348 342.8 336 332.1 327.1 322.8 317.7 312.9 306.1 300.3 301.7 308.1 312.5 316.3 321.3 325.8 326.4 326 323.9 322.4 318.7 316 311.9 308.3 295.2 288.1 278.4 289 299.8 306.7 312.3 316.8 323.5 332.8 343.6 359.6 378.5 391.6 420.1 439.1 449.2 455.8 458.5 461.4 462.8 463.4 464.6 464.5 464.8 467.7 471.3 473.8 475.3 475.1 473.5 468.3 459 441.8 422.3 404.5 386.8 377.1 371.1 360.9 351.4 341.6 331 321.3 314 307.6 299.9 294.2 298.7 306.9 314.1 321.6 328.1
353 349 344.4 336.1 332.2 326.8 322.2 317.3 312 305.3 299.9 295.7 303.5 307.6 311.6 318 322.7 323.8 324.7 323.5 320.6 317.1 312 309.1 305 293.8 281.6 277.7 288.8 298.2 305.1 311.6 316.2 321.1 330.3 342.4 358.4 376.9 387 417.4 439.6 449.6 456.2 460.4 461.8 461.9 461.9 462.2 462.1 462.4 465.6 469.1 472 473.9 474.7 474.1 471.4 464.3 455.9 436.2 414.5 397.1 385.4 376.5 368.1 357.8 343 331.5 321.6 313.9 306.9 299.9 292.5 296.9 303.2 312.4 321 328
354.6 350 345.3 339.3 331.2 326.9 322.4 318.1 313.5 308.1 301.7 294.5 297.1 302.7 307.9 313.4 318 320.5 322 321.1 319 315.5 312 306.8 298.2 290.6 279 278 287.3 294.4 304.3 310.5 315.2 320.5 328.2 340.1 357 371.9 387.4 410.7 432.9 445.6 452.5 456.1 458.6 459 459 458.9 458.7 459.2 462.7 465.9 468.9 471.5 473.1 473.1 472.2 467.9 461.9 450.5 428 410.3 395.7 383.6 369.2 361.9 346.5 333.5 324.7 315.8 305 296.5 291.7 292.7 301.2 312 320 329.2
358.6 352.8 347.3 340.6 332.9 326.7 322.7 317.4 313.9 308.7 301.8 296.5 292.2 295 301.8 307.4 312 315.7 317.2 316.5 314.9 312.6 310.1 305.2 297.4 289.5 278.8 275.8 284.9 294.4 300.2 308.1 314.3 320.8 327.2 338.5 354.6 366.2 380.3 402.1 422.6 437.3 445.5 450.8 453.4 453.7 454 453.7 453.4 454.5 457.9 461.7 465.2 468.1 470.3 472 472.4 470.1 465.6 463.1 450.5 427.3 409.7 396 378.7 362 345.7 334 326.7 316.4 304.9 293.3 290.3 291.6 299.4 310.9 319.4 330.5
362 354.9 349.2 343.3 336.6 329 322.9 319.6 315 309.9 304.4 299.3 295.3 289.1 290.8 300.8 306.1 309.9 312.2 311.4 309.6 307.4 305.9 301.2 294 290.2 278.8 273.4 285 294.9 302.1 308.6 314.1 321.2 327.1 336.5 349.9 362.1 373.5 387.4 407.9 425.8 436.7 443 446.6 448.3 448.6 448.1 447.5 449.2 452.4 457 460.9 464.6 467.4 469.4 470.4 468.9 466.3 463.4 458.3 443.3 422.6 408.7 383.6 360.1 341.6 330.8 324.4 318.1 305.7 292.5 288.9 290.2 296.5 308.1 318.6 329.1
369 360.7 352.4 346 338.9 333 326.2 321.9 318.5 312.1 306.6 300.7 296.8 293.7 289.2 290.8 298.9 304.7 306.3 306.5 304.5 302.9 300.3 296 290.1 288 274.9 274.1 285.2 293.9 301.1 307.1 311.2 317 325.7 333.9 343.2 355.4 367.1 377.4 389.6 409.7 424.3 432.4 437.2 440.2 441.3 440.5 440.1 442.9 447.2 451.4 455.3 459.8 462.7 465.7 465.8 463.8 457.7 450.6 444.7 432.8 414.6 394.1 376.2 360.2 338.3 327.8 322.5 317 308.5 294.6 287.9 288.7 293.7 305.6 315.8 325.2
376.9 367 357.3 349.3 341.2 336.3 331.1 324.2 320 315.4 310.6 304.1 298.8 295.3 290.6 283.6 291.6 295 298.6 299.9 300.2 297.1 293.9 290.5 288 281.2 271.8 273.4 282.7 292.1 299.4 306.2 312.7 318.4 327.1 331.9 338.2 346.3 357.8 368.1 377.2 392.1 405.6 415.4 420.1 427.2 429.2 430.2 431.5 436 440.5 444.6 449.3 452.9 456.7 459.4 461.1 456.3 444.5 429.9 421.1 410.6 396.9 383 366.4 351.4 336.5 323.7 319.8 316.2 310.7 300.6 287.3 287.4 293.1 302.9 310.7 321
382 371.1 360.7 350.5 342.6 336 331.5 326.6 320.5 316.6 311.8 305.6 300.3 296.1 292.7 288.5 280.2 286.6 291.6 291.9 291.9 291 286.9 283.7 280.7 277.2 270.5 271.8 284.2 291.2 298.2 305.6 313.9 319.1 325 329 333.5 339.1 344.9 354.3 365.7 373.8 380.8 389.8 390.2 406.4 407.8 410.6 415.7 422 428.6 434.9 439.2 443.7 449.2 451.7 452.3 446.1 430.2 415.4 406.7 397.6 387.6 376.6 359.2 342.9 330.7 318.9 314.8 313.7 310 303.3 289.7 286.7 292.7 298.8 306.8 318.1
382.1 372 360.5 350.2 341.9 335.8 332 327 321.1 314 311.2 307 302.2 297.8 293.9 289.4 285.3 276.9 283.9 284.9 283.5 281.7 277.9 275 271.6 270.4 271.3 271.6 283.3 289.4 297.9 307.8 311.4 314.4 316.9 320.8 323.5 330.7 337.1 343.1 348.6 357.7 366.2 372.9 379.2 384 388.6 391.5 395.6 401 408.9 418.2 425.4 431.9 437.8 440.1 438.6 427.5 412.7 403.5 395.4 388.3 381.2 372.5 351.4 331.7 323 315.5 309.5 309.9 307.5 300.5 288.1 286.1 290.5 293.2 299.3 310.2
380.3 371.2 360.3 349.7 340 334.4 330.2 325.5 321.2 316.3 310.4 305.9 302 298.8 294.3 289.6 285.3 281.7 274.9 277.7 274.9 272.7 270 270.1 268.7 267.2 265.7 267.5 276.7 284.8 294.2 305.4 308.5 308.4 307.6 309.6 312 319.6 326.6 331.9 338.6 344.4 350 356.4 361.5 366.9 372 374.4 378 382 386.6 393.7 401.8 407.3 413.5 414 410.4 404.4 401 394.5 387.3 381.8 373.8 363.8 347.5 327.7 318.8 311.2 305.6 306 303.8 295.2 283.7 290.6 298.1 303.8 305.8 305.4
376.2 367.6 356.2 346.4 338.9 332.4 326.8 323.8 319 313.6 308.8 304.5 300.8 295.7 289.8 286.6 282.1 276.6 272.9 272.6 270.8 271.8 270.7 269.9 275.2 276.7 267.1 265.4 266 276.3 286.2 288.6 293.5 296.1 295.3 298.8 304.3 309.5 315.7 321.6 327.1 333.9 339.8 345.4 348.6 352.4 357.4 360.7 363.8 367.9 372.8 378.9 383.6 388.1 390.4 393.1 392.7 390.9 390.1 385.5 379.9 373.4 364.9 354.7 338 320.7 313.8 307.2 302.8 301.8 296.6 289.6 283.1 295.4 303.7 312.9 320.1 318.9
374.2 363.3 352.5 343.7 337 329.3 324.1 320.9 315.7 309.6 304 300.1 295.8 290.2 285.8 279.5 278.3 276.1 277.4 277.9 281.5 280.7 280.1 278.9 278.8 278.7 276.6 269 265.6 263.5 269.2 276.2 280.2 281.3 283.7 290.7 295.7 300.1 304.2 308.4 313.7 319.7 328.3 334 337.6 343.9 346.6 349.8 354.2 357.7 360.8 365.1 369.7 374.2 378.5 381.3 382.8 381.4 379.3 376 370.3 362.3 355.1 344 327.2 313.6 306.5 301.9 298.8 296.9 292 280.9 288.5 305.1 312.7 323.4 329.5 333.8
367.6 359.2 350 340.2 331.4 326.1 322.1 317.1 313.2 307.4 301 295.4 288.4 283.8 280.7 280.2 276.7 281.5 282.2 281.5 282.4 282.3 281.7 280.5 279.9 279.8 278.4 275.7 270.2 265 262.8 263.4 266.8 273.3 278.1 282.6 287.6 291.6 294.8 298.5 303 308.5 314.5 319.6 324.8 331.5 333.9 338.6 341.4 344.5 351.2 356.4 359.2 362.9 365.4 366.9 370.2 369.4 365.9 359.9 353.6 351.1 342.4 328.4 314 306 299.6 295.6 292.3 282.5 278.7 280.7 300.9 315.4 324.8 334.7 338.2 342.4
