app/static/ascii/NT71.asc
ncols 200
nrows 200
xllcorner 370000
yllcorner 610000
cellsize 50
[rows 105 to 139 of 200, columns 0 to 77 of 200]
186.6 186.8 183.5 176.5 176.4 178.1 182.5 184.8 187 188.7 190.2 189.1 186.7 182.9 177 179.4 183 186.6 188 185.9 182.9 180.2 176.4 175.1 178.8 182.5 185 191.3 196.5 197.8 197.7 200.4 198.5 199 202.6 209.3 213.5 214.7 217.1 217.5 217.8 215.1 210.2 207.4 212.6 215 217.6 217.5 213.6 208.7 206.8 203.3 199.2 195.8 191.6 185.9 181.7 179.1 179.4 183.8 192.2 201.4 202.6 202.2 201.7 201.4 201.8 201.9 202.2 195.2 181.8 177.7 181.3 187.1 194.5 202 210.5 221.1
189.6 188.5 183 177.4 179 180.8 185.6 188.5 190.7 192.3 192.9 191.3 188.3 181.5 179 183.9 186.7 189.5 190.1 188 184.7 182.4 177.9 176.3 182.8 183.5 187.4 191.1 196.3 200.2 202.8 204 202.6 200.3 197.8 201.3 209.5 213.7 216.2 216.1 213.1 209 203.7 206.5 209.9 212.5 217.4 217.7 215.1 208.7 206.7 203.5 200.1 195.2 190.5 185.6 182 180.4 180.1 187.1 194.6 204.2 205.6 205.2 204.7 204.3 203.8 203.4 203.4 196.2 184.8 177.2 180.3 187 193.2 202.5 211.8 224.8
191.2 189.6 183.5 179 182.8 185.4 189.5 191.7 193.8 195.1 194.4 192.5 188.9 179.1 185 187.4 190 192.1 192.2 189.9 186.5 184.2 179.5 178 185.4 188 189.8 192 194.2 199.4 203.5 207.4 207.6 206.4 202.6 201.2 203.6 209.4 211.8 210.4 206.9 202.7 203.1 205.9 209.1 211.1 213.7 215 212.9 209.3 207.2 204 200.3 194.5 190 185.4 182.6 181.5 182 189.2 196.4 206.1 205.9 205 204.6 204.3 204.1 203.7 202.1 195.4 185.4 178.1 178 186.4 194.5 202.8 213.1 224.6
192.4 190 184.6 183.5 186.2 190.1 192.9 194.7 195.8 195.5 194.8 192.4 185.6 179.6 188.5 190.4 193.2 194.2 193.7 191.3 188.4 185.9 178.2 182.2 188.4 191.4 190.8 193.8 195.7 198.3 202.9 206.6 207.3 207.1 206.9 203.7 197.7 204.5 206.7 204 202.2 200.1 203.9 206.8 210.2 211.7 212 212.1 210.9 209.7 207.4 204.4 200.5 196.1 191.1 186.6 182.7 183 185.7 190.2 198.3 206.8 206.7 205.8 204.7 203.7 203.3 203 199.1 192.2 183.1 177.9 178.5 185.7 193.5 202.4 213.4 225.8
193.8 190.6 183.7 187.6 189.6 193.4 195.7 197.3 196.7 196.1 195 193.3 191.4 182.3 190.3 192.9 195 195.9 195.4 192.8 190.1 187.7 179.7 184.2 191.5 194.2 193.2 195.6 197.2 199.7 201.1 206.3 206.9 206.8 206.7 205.4 198.5 199.1 200.6 197.8 198.5 200.5 204.3 207.5 210.5 212 212.6 212.5 211.7 210.7 207.3 204.4 200.8 196.7 192 187.1 182.6 184.2 187 189.3 200.1 206.9 206.8 206.7 205.9 204.6 202.9 198.3 193.8 189.7 182.1 178.4 179.8 184.5 191 200.6 212.8 228.5
195.2 191.7 187.7 191.1 193.5 196.8 198.8 199.2 198.2 197.4 196.7 195.5 193.2 184.2 191.7 194.2 196.5 197.4 196.8 194.6 192 189.3 182.1 184.7 194.1 196.2 194.6 197 198.4 200.9 202.1 204.1 206.9 206.8 206.5 206.4 203.1 198.7 198.2 198.4 197.2 200.5 205 208.1 210.4 212.5 213.3 213.5 212.1 211 207.3 204.6 200.9 196.7 192.8 186.6 183.8 187.3 188.8 194 203 207.3 207.3 207 206.8 205.1 199.2 200.5 197.9 193.3 186.3 178.5 179.4 181.1 187.1 197.3 210.6 227.9
196.4 191.5 192.1 194.8 197.3 200.2 201.3 201 200.3 199.8 198.8 197.4 194.7 186 193.1 195.7 198.4 199.1 197.8 195.7 193.1 190.8 183.2 186.3 195.8 197.8 196.1 198.4 199.6 202.1 203.1 203.8 206.8 206.6 206.4 206.9 206.8 207.5 206.7 204.1 198.7 201 205.5 208.9 211.4 213.3 214.3 214 213.1 210.6 207.3 205 201.4 196.9 193.3 188.9 185.4 188.2 190.1 197.3 204 207.7 207.5 207.7 206.5 206.5 202 202.6 199.5 195 187.8 179.5 179.5 180 181.4 193.2 207.4 224.3
197.6 190.7 196.4 199.1 201.2 203.9 204.1 203.5 202.6 202.1 201.1 199.4 196.4 188.6 194.9 197.8 200.2 200.7 199.2 196.9 194.4 191.7 184.4 187 196.9 199.5 197.5 199.6 201 202.8 203.9 204.8 205.7 206.4 207 207 207.8 209.2 209.6 206.7 199.9 201.9 206.1 210.4 212.7 214.6 215 214 213.3 210.5 208.1 205.8 202.8 199.1 193.7 187.5 186.2 188.8 193.6 198.3 202.6 204.3 204.8 207.5 208.5 208 203.6 204.1 200.8 196.3 190.1 182.9 179.8 179.8 180.3 188 202.4 218.7
199 195.2 200 203.1 205.3 207.3 207.2 206.4 205.3 204.4 203.2 201.2 198.1 190 195.7 198.9 201.9 202.1 200.6 198.8 195.9 193 183.9 187.1 197.9 201.1 198.5 200.4 201.9 203.5 204.9 205.9 206.6 207 207.1 207.1 208.5 208.9 209.4 209.1 201.4 203.1 207.6 211.7 214.2 215.5 216 215.3 214 211.3 208.5 206.7 203.9 199.5 192.3 191.5 188.4 193.5 197.3 199 199.6 201.9 205.6 208.5 210.1 210.2 207.4 206.1 202.3 197.3 191.3 185.5 181.1 179.7 179.8 182.6 194.4 209.5
196.3 199.5 203.3 206.3 208.6 210.3 210.2 209.7 208.3 206.6 205.1 202.2 197.3 193.9 197.6 201.2 203.5 203.3 202.6 200.7 197.6 194.3 186.1 188 197.9 201.6 200.1 201.5 203.1 204.7 206 207 207.5 207.4 207.2 207.9 208.3 208.8 209.3 209.9 204.5 204.4 209 212.6 215.4 216.8 216.4 216.3 215 212.7 210.2 207.7 203.7 196.9 193.6 189.7 191.9 195.2 196.7 197.2 199.9 202.9 206.5 209.9 211.3 211.5 209.5 207.1 203.3 198.5 192.4 188.2 183.2 180.6 180.5 180.7 186 199.4
200.5 202 206.5 209.4 211.8 212.9 213.4 212.6 210.7 208.6 206.5 202.9 196.1 196.6 200 203.3 205.3 205.2 204.3 202.3 199.1 194.6 188.4 185 198.4 203 202.4 203.1 204.7 206.2 207.3 208.3 208.6 208.2 207.4 207.8 208.2 208.8 209.3 209.8 210.3 210.9 214.2 214.9 216.8 217.9 217.2 217.1 216 213.2 210.9 208 202.5 197 193.5 191.5 193.7 195 197.1 199 201.7 204.4 207.5 210.7 212.1 212.3 209.7 208.3 204.5 199.7 194.3 189.5 184.6 181.3 180.4 181.1 182.4 188.8
204.4 207.8 209.5 212.1 214.5 215.8 216.4 215.5 213 210.3 207 202.8 195.5 199.2 202.7 205.4 207.7 207.1 206.2 204.3 200.8 195.3 189 185.9 198.3 206 203.4 204.6 206.2 207.5 208.7 209.6 209.7 209.4 208.7 207.6 208.1 208.6 209.1 209.7 210.9 214.2 216.4 217.9 219.1 219.5 218.4 218.4 217.2 214.7 211.5 208.1 201.4 197.7 192 194.6 196.3 197.3 199.1 201.1 203.8 206.3 208.8 211.6 213.2 213.1 211.2 210.1 206.1 201.8 196.7 192.5 189.2 184.4 181.8 181 182 185.6
209.1 212.8 213.7 214.9 216.9 218.8 219.3 217.9 215.3 211.5 206.5 198.9 200.3 202.5 205.5 208.2 209.8 209.4 208.3 206.3 202.7 196.8 191.8 185.8 199.9 208.8 205.3 205.1 207.6 209 210.5 211.5 212.1 211.4 210.1 208.6 207.9 208.5 209 209.6 212.1 214.7 216.2 217.6 219 219.9 219.9 219.1 218.1 214.9 209.5 205.6 202.3 195.4 194.6 197.5 199 199.4 201.5 203.4 205.5 208.1 210.5 212.3 214.1 214 213 210.3 207.5 203.5 199.6 195.3 192.4 188.8 182.5 181.4 182 184.1
214.4 216.5 217.3 217.4 219.9 222 222.3 219.5 216.3 210.9 202.8 202 204.6 206.4 208.7 211.1 212.8 211.7 210.4 208.2 204 199.2 193.7 187.7 197.3 208.1 206.8 206.6 210 211.3 212.5 214 215 214.7 212.3 211.1 209.2 208.4 209 210.2 213.2 214.5 215.9 217.3 218.7 220.1 220.7 220.1 218.9 214.1 209.6 208.5 202.9 194.5 197 199.6 201.1 201.3 203 204.9 207.3 209.7 211.9 214 215.1 215 213.8 210.3 208.5 205 200.9 197.2 194.5 191.3 182.8 182.7 183 183
218.1 219.8 220 219.8 223.1 224.5 224 220.2 215.2 207.3 204.3 206.6 209.4 210.7 213 214.1 216 214.6 212.1 209.4 206.3 201.1 196 189.9 188.8 203.2 206.3 207.2 211.6 213.6 214.6 215.8 217.5 216.2 214.8 213.9 212 209.1 209.1 211.1 212.7 214.2 215.6 217 218.4 219.8 221.2 221.1 218.9 214.2 212.2 210.6 204.6 196.9 198 201.5 202.8 203.7 205.5 207.1 209 211.3 213.3 215.4 216.4 216.1 214.6 211.4 209 206 202.4 198.5 194.9 190.5 183.4 184.9 183.9 183.2
221.7 223.2 222.2 222.9 225.4 226.2 223.6 218.3 211.1 208.1 209.8 212.8 214.3 215.6 217.3 218 218.9 217.2 214.5 211.4 208 203.6 198.1 192 189.2 193 200.1 207.1 211.7 215.1 216.3 217.8 219.3 219 217.6 216.1 214.5 211.2 209.2 211.1 212.5 213.9 215.3 216.7 218.3 220.3 222.3 222.4 218.2 215.2 214.7 211.4 204.9 198.5 202 203 204.5 205.4 207.3 208.7 210.9 212.6 214.8 216.8 217.2 217.3 215.4 212.8 208.8 205.9 202.6 199.3 195.4 185.2 186.6 189 186.5 184
225.4 225.3 224.4 225.6 226.7 225.4 220.3 212.9 212 213.9 216.6 218.9 219.9 221.1 221.6 221.8 221.6 219.4 216.7 213.7 209.4 204.6 200.8 194.5 190.2 194.6 201.8 206.1 211.8 216.1 217.9 219.9 221.6 221.5 219.8 218.5 216.7 213.3 211.2 211.2 213.1 215 216.9 218.8 220.7 222.6 224.5 223.4 218.9 218.9 216.1 211.8 206 200 203.7 204.5 206 207.4 208.7 210.8 212 214 216.1 217.6 218 217.5 215.5 212 208.5 205.7 203.2 198.4 193 185.4 192.4 193 190.8 185.2
228 227.3 227.2 227.3 227.1 223.2 216.4 219.3 218.6 220.8 223.1 224.6 225.3 225.8 226 226.3 225.2 222.1 218.4 215.4 210.7 206.4 202.2 195.9 191.2 194.9 201.8 208.7 213.6 217.6 219.5 221.8 223.9 224.5 221.9 220.3 218.7 215.3 212.9 213.1 215.1 217.2 219.1 221 222.9 224.9 226.8 223.5 220.2 219.6 216 210.6 205.6 201.6 204.2 206.3 207.7 209.7 211.2 212.8 214 215.7 217.5 218.4 218.4 217.2 214.8 211.4 208.5 205.6 202.9 199.4 192.1 189.7 195.7 196.1 195.8 192.2
231.2 230.6 230.1 229.8 227.8 221.8 223.3 223.8 225 226.8 229 229.7 230.4 230.8 229.9 229.4 228.9 224.7 220.5 216.8 212.1 208.3 204 199 191.8 196.3 206.6 212.4 215.2 219.3 220.4 222.7 225.6 226.5 225 222.3 220.3 217.4 214.7 214.8 216.8 218.9 220.9 223 225.1 227.1 229 223 222.4 220 214.7 209 204.6 203.1 205.8 208.1 209.6 211.5 213.2 214.1 215.8 217.3 218.8 219.1 218.1 216.3 213.1 209.7 207 204.5 201.8 198.6 189.7 195.2 197.6 197.8 198.1 196
234.4 235 233.7 232 228.4 226.5 228.6 229 230.7 232.8 234.2 235.1 235.7 235.6 235.4 233.8 232.2 227.8 222.3 218.1 213.7 209.7 205.4 200.9 193.3 200.3 208.2 214.1 217.5 220.2 222.1 224.1 227 228.6 226.8 224.5 222.2 219.8 217 216.4 218.4 220.4 222.4 224.4 226.5 228.5 228.3 224.5 223.1 219.7 213 208.7 203.1 204.5 207.1 209.8 212 213.8 215.5 216.1 217.4 218.9 219.2 218.5 217 214 210.8 208.1 205.1 202.9 199.6 193.8 193.4 197.2 199.1 199.8 199.4 197.8
238.4 238.2 236.3 233.8 230.6 231.5 231.6 232.8 234.8 236.8 238.3 239.6 241.1 241.2 240.8 237.7 235.2 229.9 224 219.1 214.6 210.7 206.4 202 194.5 202.9 209.9 216.9 219.7 221.7 224.2 226 228.6 230.6 229.4 227.1 225 222.9 219.9 218.6 220.7 222.6 224.4 226.2 228.1 229.9 226.5 225.4 223 218.1 213.1 207.6 204.3 205.8 208.3 211.7 214 215.4 217.4 218.2 219.1 219.4 218.9 217.6 215.4 211.3 208 205.7 203.1 200.1 198 193.1 194.4 198.3 200.2 201 200.7 199.4
242.4 241.2 239.3 236.3 233.8 234.1 235.9 237.8 239.9 242.3 243.9 244.6 246.1 246.1 244.9 241.4 238.2 233.8 226.1 219.8 215.5 211.3 207 202.3 195.2 204.4 210.1 217.7 221.9 224.1 226.6 228.3 230.5 232.2 232.1 230.1 228.3 226.1 223.8 221.2 223.8 225.5 227.3 229.2 231 230.5 226.7 226 222.6 217 212.6 207.4 206.7 207.7 210.3 213.5 215.4 217.1 218.5 219.8 220.4 219.1 218.4 216.6 213.7 210.2 206.2 202.1 200 197.8 196.7 194.8 196.3 199.5 201.3 201.4 201.5 200.9
246.1 244.9 241.9 239.1 237.4 238.2 240.1 242.5 245.5 247.7 249.1 250 250.9 250.1 248.1 246.4 241.8 236.5 228.7 221.2 215.2 210.1 206.8 203.5 197.6 204.1 210.9 219 223.3 226.7 229 230.6 232.4 234.2 234.3 233.6 231.5 229.4 227.1 224.2 226.1 228.5 230.2 232.1 231.3 227.9 227.3 224.9 220.4 216.3 211.4 207.4 208.4 209.6 212.4 215 217 218.7 220.2 221 220.5 219.3 216.7 214.2 210.9 207.5 203.5 199.9 197.5 195.6 192 194.4 197.3 199.8 201.3 202 202 201.6
249.8 247.4 245.4 241.9 241 242.3 245.1 247.5 250.7 252.5 254.6 254.8 255.4 253.9 252.4 249.1 244.3 236.5 230.2 221.4 214.6 209.6 203.7 200.8 199.6 203.6 211.7 219.8 226 228.4 231.5 232.8 234.5 236.1 236.9 236.8 235.3 232.8 230.1 227.1 227.3 230.9 232.6 232.3 230.1 229.1 226.9 222.3 218.7 215.3 209.2 209.9 210.8 212.4 214.3 216.6 218.6 220.2 220.9 221.1 219.5 217.1 215 212.3 206.6 205.6 202.6 198.9 196.2 194.2 193.8 195.4 197.9 200.4 201.7 202.8 203 202.3
253.3 250.7 247.2 244.9 245.3 246.8 249.7 252.7 255.1 258.6 260.2 259.8 259.8 259.1 257 251.9 245.5 237.2 228.2 218.3 210.7 205.3 207 206.2 201.8 203.3 212.6 220.1 227.1 230 233.5 236.1 237.6 238.7 239.9 240 238.6 236.2 233.6 230.1 229 231.8 233.4 232.9 229.7 229.6 225.7 221.3 217.7 213.6 212.5 212.4 213.2 214.7 216.3 217.9 219.7 220.9 221.1 220 218.5 216.2 213.9 211.5 207.9 202.6 200.7 198.1 195.6 194.1 195.9 196.6 198.5 200.7 202.4 204.4 204.4 203.1
257 253.9 250.1 248.8 249.2 250.9 253.6 257.6 261.3 264.1 265.3 263.2 264.1 260.7 256.2 250.5 241.9 231.5 218.3 215.9 216.4 214.9 211.1 207.4 200.8 205.4 213.4 220.2 227 232.1 236.3 239.3 240.3 242.1 242.5 242.4 241.4 238.7 236.1 233.2 231.1 232.3 233.3 230.6 230.2 227.9 223.3 219 215.8 213.3 214.6 214.6 215.4 216.3 217.8 219.6 220.8 221.3 220.7 219.7 218.2 215.8 213.5 210.9 207.6 201.7 199.8 197.4 194.6 195 197 198.2 199.2 201 202.6 204.4 204.7 203.8
260.4 256.8 253.8 253.7 253.2 255.1 258.2 262.5 266.3 268.5 268.4 264.2 263.2 258.1 250 240.8 227.9 215.3 220.4 223.1 220.4 217.3 213.5 207.3 201.8 206.2 212.9 220.3 227.9 233.9 238.7 242.4 244 245 244.9 244.8 243.9 241 238.2 235.1 233.1 232.6 231.1 228.9 227.4 225.3 222.1 217.6 214.9 216 216.4 216.9 217.7 218.4 219.7 220.5 221.2 221 220.7 219.2 217.3 215.4 212.9 209.6 206.7 201.8 200 198.6 196.2 198.2 198.7 199.7 200.5 201.5 202.8 204.2 204.6 203.7
263.1 259.4 258.8 257.9 258.3 260.3 263.7 266.9 269.7 270.1 267.6 261.4 256.8 247.4 236 223.7 216.9 221.1 225.9 225 222.3 218.7 214.7 207.9 202 206.3 212.7 223 231.2 236.3 240.8 245 247.1 247.4 246.9 246.4 244.9 241.7 238.9 236.2 234.2 231.9 230.3 229.9 227.5 224.4 221.3 217.6 216.8 218.1 218.3 218.9 219.4 220.1 220.9 221.4 221.6 221.3 220.1 218.3 215.9 214.4 212.2 208.5 204.8 202.1 200.9 199.5 196.9 198.2 200.2 201.2 201.8 202.8 203.9 204.7 205 204.3
266.1 262.6 262.5 262.1 262.5 264.7 266.9 268.9 269.6 266.8 261.9 251.5 241.5 230.5 220.9 218.8 223 228.1 229 227.1 223.8 220.3 216.7 209.2 203.6 206.5 213.7 226.1 234.2 239.6 243 248.2 249.4 248.5 247.9 247.3 245.5 242 239.1 237.2 234.7 230.9 231.1 229.4 226.2 223.2 220.1 218.4 218.4 219.9 220.4 221 221.2 221.6 221.9 222.1 221.9 220.9 219.6 217.4 214.8 213.2 211.2 208.2 205.1 203.1 202.4 201.2 199.5 200 201.6 202.4 203.1 203.7 204.6 205.4 205.8 205
268.9 266.4 266.7 266 266.1 267.2 267.5 266.9 264.8 257.9 247.8 237.8 228.5 221.8 221.7 225.5 231.3 232.4 231.3 229.3 225.4 222.1 218.5 211.6 205.1 207.4 215.9 227.1 234.8 241.1 245.4 250.3 251.4 249.6 248.5 247 244.3 240.7 238.2 236.4 233.3 232.1 231.1 229 225 222.3 221.3 220.1 220.4 221.5 222.5 222.8 222.9 222.8 222.9 222.3 221.4 220.1 218.6 216.2 213.5 211.7 209.6 206.2 204.5 203.9 203.2 201 200.8 201.2 202.8 203.5 204.2 204.9 205.8 206.1 206.2 204.9
271.5 270.2 269.6 268.8 267.5 267.4 266 262.2 253.5 245.6 236.1 226.6 223.7 224 227.9 233 236.6 235.4 233.6 230.3 227.1 223.9 220.1 213.5 205.3 208.7 216 227.6 235.4 241.7 245.8 250.4 252 249.9 247.8 245.6 242.3 238.7 236.5 234.1 232.3 231.5 230.1 226.7 224.4 223 222.3 222 222.5 223.3 224.5 224.4 224.1 224 223.2 222.4 220.9 219.4 217.6 215.5 212.3 209.8 206.9 204.1 203 203.1 203 200.1 200.9 202.4 204 204.6 205.3 206.1 206.7 206.8 206.6 205.9
274.3 273.4 272.5 270.3 268 264.9 258.8 249.4 240.7 232.7 227.2 226.2 227.7 229.5 234.6 239.8 240.2 237.8 234.8 232 228.2 224.6 221.4 215.2 206 209.5 215.4 227.3 235.3 241.1 244.9 248.8 249.6 247.4 243.9 240.9 238 235.1 233.8 231.4 231.9 230.6 227.1 227.2 226 224.4 223.9 224.2 224.1 224.8 225.9 226 225.4 224.6 223.2 221.6 220.3 219.1 217 214.5 211.1 208.1 205 202.7 201.5 201.3 200.6 199.5 201.5 203.9 205.2 205.7 206.4 207.6 207.8 207.8 207.6 206.4
277.3 275.9 273.5 270.2 264.7 256.5 247.6 240.6 232.1 229.6 229.7 230.9 233.5 234.6 240.6 244.4 243.2 239.6 236.2 233.1 228.8 225.4 222.1 216.3 207.9 208.6 215.3 225.6 233.8 239.6 242.6 244.3 244.1 240.7 237.3 235.2 233.2 231.2 230.3 230.5 230 228.9 227.4 227.6 227.3 226 225.2 225.2 226.3 226.4 227 226.7 225.8 224.5 223.1 221.1 220.1 218.9 216.3 213.4 209.5 206.2 203.2 201.7 202.2 202.1 201.8 201.7 203.6 205.4 206.2 206.9 207.8 208.9 208.7 208.7 208.1 206.8
278.8 276.1 271.7 265.3 256.1 245.1 237.6 234.2 234.8 235.6 235.9 236.1 237 240.5 247.5 248.2 245.7 241.6 238.1 234.1 229.6 226 222.7 217.9 212.3 207.7 210.2 220.3 230 234.7 234.4 236.2 236.3 233.3 231.1 230.6 230.3 229.8 229.8 230 230.1 229.1 228.1 228.2 228.4 227.6 226.8 226.4 226.7 227.4 227.9 227.2 226.2 224.4 222.7 221 219.8 218.7 215.8 211.7 207.5 204.1 202.9 203.8 202.3 201.9 202.1 203.2 205.5 207.1 207.8 208.6 209.4 210 209.9 209.6 208.8 207.1
276.4 271.6 265.6 257.6 248.6 241.3 240.7 241.5 241 240.6 239.8 239.6 243.1 247.6 252.4 251.4 248.4 243.7 239.4 234.9 229.9 226.4 222.9 218.9 213.5 213.9 209.9 215.3 219.6 222.1 223.8 225 226.5 226.3 227 227.9 229.2 229.2 229.5 230.5 230.7 229.6 228.9 229 229.4 228.6 227.8 227.6 227.8 228 228.2 227.5 226.2 224.4 222.7 221.4 220.1 218.1 215.1 209.9 205.4 204.5 205.8 206 204.9 203.5 203.5 205.3 207.4 209 209.5 210.3 210.9 211.1 211.2 210.3 209.5 208.3
