app/static/ascii/NT72.asc
ncols 200
nrows 200
xllcorner 370000
yllcorner 620000
cellsize 50
[rows 144 to 179 of 200, columns 0 to 80 of 200]
157.7 167.8 172.2 172.6 173.6 171.2 170.2 169.3 166.5 163.7 160.7 157.9 156.5 156.1 153.6 152.8 152.4 153.6 157 157.5 156.6 158.7 163.6 167.6 168.5 172.2 173.5 175.4 174.5 173.2 175.6 176.5 176.4 174.7 174.7 175.5 176.6 178.6 181.9 185.1 187.6 188.5 189.8 192.7 193.7 190.5 186 182.8 181.9 179.4 177.7 174.8 172 169.7 164.4 160.1 155.8 150.1 145.3 140.3 133.9 127.7 123.8 123 123.1 127.4 135.3 142.4 148.6 157 169.5 179.2 182.4 181.7 183.3 181.6 175.2 168.7 167.1 159.6 153.6
154.3 163.2 169.7 170.7 172.7 171.9 173 171.4 168.5 166 162.9 159.4 158.9 157.4 155 153.4 151.9 153.5 155.3 156.7 157.2 157.6 161.3 167.4 171.9 174.7 175.6 176.4 174.9 174.7 176 176.6 175.1 174.6 175.6 176.5 177.8 179.9 184 187.4 189.3 190.6 192.1 195.8 194.5 189.7 186.1 184.1 183.1 181.9 178.8 176.5 175.6 171.2 166.6 162.4 158.2 153.5 148.2 141 132.6 125.6 123.9 123.4 123.4 129.4 136.6 142.7 149 160.1 174.1 182.9 185.1 184.8 186.2 181.5 174.4 167.7 170.3 158.4 157.1
152.1 158.7 164.5 169.6 171.6 172.8 174 172.5 169.8 167.8 164 160.6 159.7 157.4 154.4 152.5 150.2 153 154.7 155.8 157.2 158.1 161 166.4 171.6 176 178.9 178.8 175.6 175.8 177.3 175.9 175 175.5 176.4 177.7 178.9 181.5 184.7 189.1 191 192.1 194.3 195.3 192.9 189.4 187.5 185.5 184.8 182.8 180 180 177.7 172.5 169.2 165.4 161.6 156.7 150.9 141.3 132 124.7 123.7 123.5 124.1 130.9 137.3 142.9 150 163.3 178.5 187.4 186.4 187.4 187 180.5 174.3 168.4 164.3 161.6 160.5
151.5 156.8 162.2 168.5 170.5 172.6 174.3 173.7 171.4 167.4 164 162.5 160.7 157.8 154.3 150.9 149.7 151.9 153.4 155.7 157.8 158.6 162 166.2 169.9 175 179.4 181.2 180.7 179.3 178 175.8 175.5 176.7 177.9 179.2 180.9 184.4 188.1 190.9 192.7 194.9 196.1 194.7 192.4 190.5 188.6 186.8 186 183.9 183.3 183.2 179 175.6 172.7 169.3 164.7 159.6 152.9 141.5 131.9 125 124 123.9 124.6 132 137.8 143.2 152 165.6 181.7 188.4 186.7 188.6 185 179.9 174.7 170 167 165.4 164.4
153.7 156 159.4 165.1 167.9 171.1 173.2 172.1 170.1 166.8 164.6 164 160.5 156.2 152.8 148.6 144.9 148.3 151.8 154.8 157.8 159.8 162 166 170 175.4 178.4 181.2 181.4 181.1 178 176.3 177.1 178.8 179.6 181.3 183.6 186.5 189.4 192.7 194.3 197.3 197.3 195.2 193.9 192.6 190.5 189 186.9 185.6 188 185.3 181.5 179 176.3 172.9 168 163.6 156.6 142.5 131.8 124.9 124.2 124.1 125.8 133.2 138.5 143.9 153.5 167.6 182.6 186.3 185.4 185.9 182.5 179.1 175.3 172.9 170.2 168.1 167.4
153.3 154.1 156.8 162.1 167.6 170.3 170.8 170 168.1 165.8 164 161.8 158.4 154.9 150.5 144.6 140.6 147.5 151.2 155.7 158.2 160.3 162.7 167.1 171.3 176.3 178.6 180.4 181.5 179.4 177.9 177.7 179.4 180.5 181.6 183.4 186.5 188.8 192.2 195.1 197.3 199.3 198.2 196.7 195.7 194.5 193.2 191.7 188.9 191.1 191.8 187.4 185.2 183.3 180.5 175.7 172.5 167.8 159 145.1 132.9 124.7 124.6 124.4 127.1 133.4 137.9 145.1 154.8 167.7 181.7 182.3 181.9 182.2 181.5 179.8 178.2 175.9 173.3 170.9 170.8
151.4 152 155.3 161.1 165.3 166.6 166.9 166.1 164.9 163.9 162.1 158.7 154.9 151.5 146.2 140.8 140.6 146 149.9 154.5 158.3 161.3 163.4 167.1 172.6 177.3 178.9 180.8 180.5 181.1 181.8 182.4 181.2 182.1 184 186.7 187.7 190.9 193.7 196.9 199.6 200.5 199 198.2 197.4 196.2 195.7 193.6 193.5 197.7 193.8 190.4 189.1 187.7 183.9 179.8 176.2 171.4 162 146.1 132.1 124.8 124.6 124.7 128.7 132.5 137.9 144.8 155.5 167.2 179.1 177.7 179.4 181.9 182.3 181.5 180.7 178.6 175.8 175 174
147.2 149.3 153.8 156.6 158.4 159.3 160.7 161.3 161 160.4 157.9 155.4 150.8 144.9 140.7 138.4 138.3 143.4 149.1 153 157 161 163.4 167.5 173 178 180.1 181.6 180.2 182.7 184.2 187 187.8 186.3 186.8 189.7 189.8 192.4 195.2 198.5 201.6 201.3 199.1 199.7 200.2 199.2 198.5 197.3 198.2 199.7 195.5 194.4 193.9 192.3 188 185.1 180.3 174.2 163.4 145.2 132.5 125.2 125 125 128.4 131.3 136.7 144.8 155.7 166.1 173.5 173.6 178.2 181.4 182.6 183.9 183.1 181.1 178.2 178.3 177.1
142 145 147.4 147.6 148.8 150.6 152.9 154.3 154.4 153.9 152.1 150.1 145.7 137.3 133.6 133.1 136.1 142.2 147.5 152.4 156.1 159.9 162.9 167.7 172.6 177.3 180.1 180.9 181.5 182.5 184.6 189.5 191.2 191 190.6 191.8 191.8 193.6 196.1 198.3 202.1 200.3 198.4 200.4 200.9 202.7 201.8 200.5 202.6 200.8 199.4 198.6 199.1 196.2 192.6 189.4 183.9 175.5 162.3 144.3 133.2 125.7 125.7 125.3 127.3 130.5 136.3 143.3 153.7 161.8 167 172.2 178.3 181.8 184 186.2 186.1 185.8 184 182.6 180.8
135.5 139.5 141.9 138.9 138.9 142.1 143.9 145.1 146.7 146.4 143.9 141.2 137 131 129.2 130 135.5 142.4 149.4 152.9 155.5 159.4 161.3 166.1 171.6 176.3 179.7 181.7 183.3 185.2 187.1 190.2 192.2 193.9 193.5 193.1 193.7 193.7 195.7 196.7 198.3 198.1 197.3 200 202.2 204.2 203.3 204.7 206.8 204.2 204.6 204 204.4 200.6 197.4 192.8 186.6 176.8 160.2 144.2 133.4 125.9 125.8 125.7 126.6 129.9 136 143 150.2 159.4 166 172.9 179.2 182.9 186.4 188.5 186.3 186.4 187.3 185.9 185.3
128.8 132.4 134.1 131.6 131.7 134.8 136 136.9 139.3 139.8 137.5 134.6 130.9 127 127.1 128.4 135.3 141.9 149.6 153.5 156.4 158.5 160 163.7 168.7 175.4 179 182.4 184.5 186.9 189.7 190.6 194.8 195.8 195.5 193.9 193.4 193.4 194.6 194.4 194.4 195.4 196.2 200.4 202 203.8 205.4 208 209.2 206.4 207.8 210.8 208.6 204.8 200.7 196.5 190.5 178.4 160.2 145.2 133.3 126.2 126.1 126.2 126.9 130.4 134.7 142.9 151.7 160.6 167.7 174.7 180.3 185.3 189.3 189.3 187.4 186.5 189.7 189.8 189.4
122.7 125.2 125.5 125.8 128.8 131.1 130.8 134.1 136.7 135 132.4 129.9 127.3 125.7 125.7 127.2 133.8 142.4 149.2 153.1 157.5 156.3 159.7 161.7 168.2 174.8 179.2 182.2 184.7 187.8 190 192.2 195.9 196.4 195.6 194.5 193.4 193.9 192.7 190 189.4 192.7 198.2 201 202.5 205.6 208.1 209.2 209.8 208.7 213.4 217.4 212.6 208.8 204.1 200.8 193.8 177.3 160.7 146 134.4 127.7 126.9 126.6 126.6 129.4 135.1 145.3 154.5 162 170.1 177.2 183 188.1 191.3 190.4 188.5 190.1 193 193 193.2
118.4 119.1 121.2 123.9 126.6 126.5 128.8 133.1 133.2 131.6 129.3 127.1 125.2 124.4 124 125.7 131.7 139.5 145.1 151.8 153 154.1 157.5 159.7 166.8 174 178.6 181.7 184.1 187.5 189.8 192.2 196 196.5 195.6 195.4 196.1 194.9 192.5 188.4 188.4 191 198.6 200.4 203.2 206.9 209.9 210 210.8 212.7 219.5 220.5 217.8 213 208.6 205.6 195.5 177.6 162 147.1 135.8 128.9 126.8 126.8 126.9 129.5 136 146.9 156.5 164.4 172.8 180 185.9 190.8 192.8 191.6 190.7 193.8 197 197.1 196.3
115.4 117.1 121.9 124.3 124.3 124.6 128.5 130.4 129.5 128.4 127.1 125.7 124.3 123.3 123.6 125 129.8 136.2 144.4 149.1 148.2 154.3 155.5 157.6 165.4 172.2 176.7 179.6 181.8 185.5 189.4 192.3 195.3 196.3 196 195.9 196.6 195.6 192.4 187.5 183.9 189.4 195.1 198.9 200.9 207 209.6 210.8 212.4 217.3 222.4 225.1 223.2 216 214.2 208.4 194.9 177.2 162 146.9 137.1 130.1 127.2 127.1 127.1 129.6 137.3 148.2 158.4 167.4 176.4 183.8 189.1 193.2 193.8 193.4 193.8 197.6 200.9 201.1 198.4
114.9 119.7 122.1 122.5 121.3 123.7 126.9 127.8 127.7 126.5 126 124.9 123.4 122.2 122.9 123.6 127.5 130.6 141.7 143.3 148.5 153.6 152.7 156.5 162.5 169.1 172.6 175.6 178.3 183.4 187.3 190.5 192.6 193.6 195.8 196.5 197 194.9 191.9 186.1 181.7 187.2 190.7 192.9 198.6 204.6 208.8 211.4 215.8 220.2 223.7 227.7 226.6 217.7 216.9 206.1 194.4 178.3 158 146.1 136.2 129.6 127.6 127.4 127.9 130.6 138.4 152.1 160.2 170.6 179.2 186.4 192.2 195.3 195.7 194.6 196.4 200.5 201.2 201.3 198.8
116.3 120.3 122.2 120.3 120.3 122.5 124.5 125.5 125.6 125.5 125.5 124.3 122.9 122.3 122.3 123.3 126.1 127.9 135.2 144.6 149.9 151.3 148.9 153.6 156.7 161.8 165.5 168.6 174.2 179.1 183.6 186 188.6 191.6 193.9 196.4 196.5 193.3 189.9 184.4 180.8 184.7 187.7 190.8 196.3 204 208.5 212.4 218.3 220.6 223.6 228.4 228.7 216.8 210.7 202 191.9 177.3 158.4 145.7 135 129.1 128 127.9 130 134.1 140.4 153.5 160.3 174 182.9 188.1 194.3 197.3 198.6 196.5 199.1 201 200.7 200.4 196.9
118.3 120.9 120.2 118 119.2 121.8 123.5 124 124.8 125.5 124.3 123.4 122.5 121.6 122.5 123.6 125.9 127.3 137.3 147.9 150.6 146.7 145.4 150.5 150.9 152.9 156.4 158.9 167.7 173.5 177.7 181.2 186 189.7 192.3 195.2 195.1 192.5 187.6 183.7 180.2 182 187.1 189.7 196.4 202.6 206.7 213 218.5 221.1 221.5 229 228.6 216.7 209.1 199.8 192 176.8 157.2 144.4 134.5 128.9 128.4 128.4 131 137.3 145.1 153.6 159.9 175.7 185.9 189.9 195.3 199.2 201.2 201.5 201.6 200.8 199.9 198.8 195.3
119.9 119.8 116.6 116.5 118.4 120.3 122.4 124.5 125.3 125.1 123.9 122.8 121.2 121.7 123.1 124.1 125.5 127.9 136.5 145.2 146 140.1 139.8 143 142.7 144.5 147.2 150.5 156.9 164 171.2 177.5 182.6 186.6 189.8 193.5 193.3 190.9 184.7 181.1 179.1 181.7 185.8 190.9 195.2 200.8 205.5 213.7 219.9 222.4 223.3 228.2 226.7 216.9 207.4 198.2 190.4 175.9 157.3 142.8 132.6 129.2 128.5 129.1 133.4 140.9 149.3 157.1 163.1 175.2 184.8 191.8 196.7 199.2 200.2 201.5 202.7 201.5 200.3 199.3 194.8
119 116.3 113.9 115.9 117.6 119.6 122.1 124.6 125.8 125.2 123.8 121.3 119.8 120.3 121.7 123.4 125 126.1 132 133.3 138.7 133.7 133.9 137.8 138 135 137.7 140.5 147.6 155.8 165.8 173.2 179.2 183.7 187.3 190.3 190.1 186.6 181.1 178.1 176.7 181.6 185.2 190.9 194.6 198.8 205.8 214.5 221.8 224.3 226.3 227.7 225.9 215.1 205.1 197.3 189.4 176.1 155.4 141.3 130.8 129.5 129.6 130.8 136.8 145.6 154.3 162.5 166.4 175.9 186.6 194.3 197.6 200.3 200.1 202.8 203.9 202.8 201.4 198.6 193.8
115.3 112.7 112 114.4 116.8 119.1 121.6 124.3 125.2 123.4 120.4 119.1 121.1 121.9 123 124.5 125.1 127.9 129.8 130.5 137.4 140.2 143.8 145.3 147.2 148.9 147.1 143.1 142.9 151.4 160.5 168.6 175.9 180.7 184.7 186.9 186.3 182.3 178.1 175 177 180.8 184.7 189.5 194.1 197.8 206.7 215 224.3 227.2 226.1 226.9 221.7 212.9 204.1 194.2 188 171.7 150.8 138 130.2 130.7 131.6 134.7 140.4 149.6 159.2 165.9 170 179.9 189.3 196.6 198.7 200.6 201.4 204 204.8 203.5 200.8 197.9 192.9
112.8 109.1 109.4 111.5 114.9 118.2 121.1 123.9 124.3 119.7 117.6 121.9 122.8 123.4 124.1 125.2 126.3 133.2 133.2 134.8 141 143.7 145.9 149.4 152.2 151.1 146.8 143.6 140.3 148 155.8 165.9 172.7 177.4 181.3 182.9 181.3 177.7 174.8 169.6 176.2 178.9 183.2 188.3 193.5 197.8 207.1 216.5 225.3 227.5 224.6 223.3 218 210.1 200.8 190.5 183.9 162.1 140.8 131.2 130.7 132.2 134.1 138.1 144.2 154 164.7 167 173 181.9 190.5 196.4 200.7 200.8 202.6 203.5 204.4 203.5 199.8 196.2 192.5
108.9 107.3 109.1 109 112 116.5 121.1 123.3 120 115.7 121 121.6 124.4 125 125.6 126.8 128.4 129.9 132.4 139.9 142.9 145.4 148.3 152.1 154.6 151.1 147 144.3 139.9 145 152.4 160.8 167.6 173.2 177.1 178.3 176.5 173.1 172.1 166.5 173.6 176.7 181.4 186.5 192.1 199 206.6 212.4 223.5 225.1 221.8 219.9 213.2 205.8 195.8 182.6 174.1 152.1 132.8 131.6 132.1 133.5 136.8 139.6 148.7 159.6 166.7 167.6 173.8 183.1 189.6 197.1 200.9 201.6 203.4 204.1 203.7 201.8 198.1 194.4 192.9
106.6 106.9 111.9 114.1 112.6 111 113.1 116.3 113.8 121 124 124.9 125.3 126.5 127.8 129.9 131.4 133.1 136.5 142.4 144.8 148.1 151.5 155.1 155.5 151.4 148.7 145.6 142.5 142 148.2 155.9 162.9 169.4 172.9 172.9 170.1 171.1 169.4 166.8 170.6 173.8 178.5 183.8 190.3 197.2 202.9 203.4 217.2 218.5 217.6 215.3 206 199.3 190.9 175.1 162.8 141 132.4 132.7 133.1 135.3 142 145.4 148.6 162 164.8 165.5 172 182.6 187.2 196.8 198.6 200.7 203 203.7 203 200.1 196.4 193.3 193
105 110.2 112.6 114.4 115.7 118.3 114.9 115.5 120 124.2 126.8 127.2 127.3 128.8 130.3 132.6 134.4 137.1 139.7 142.6 146.6 149.9 154.5 157.7 155.9 153.9 151.6 148 143.8 141.2 145.7 153.8 159.6 164.1 166.5 166 167.2 169.7 165.4 164.6 167.2 170.8 175.2 181.4 187.6 193.9 199.4 199.2 206.2 209.3 211.6 206.6 196 182.2 170.1 158.7 143.2 133.1 133.3 133.6 134 138.5 145.4 152.3 156.1 159.7 163.3 164.4 169 176.6 182.2 187.4 193.4 197.8 202.2 202.9 200.9 197.9 194.3 193.5 193.8
106.9 109.8 112.3 114.2 116.7 121.2 121.6 121 124 126.8 129.6 128.7 129.4 131.1 132.3 134.2 137.3 139.8 143.1 145.5 148.4 152.1 157.1 159.1 157.1 156 153.6 150.3 145.7 142.9 142.9 149.4 155.4 158.1 160.2 161.9 168.1 166.2 158.7 161.2 164.6 167.7 171.7 177.2 183.4 189.9 196.1 200.3 202.7 203.5 202.1 193.2 179.2 163.7 150.7 140.2 134 133.8 134.1 134.9 135.9 141.6 150.3 157.1 161.4 166.3 169.7 169.2 169.6 175.4 181 188.1 193.7 198.4 202.2 201.3 198.6 195.1 193.9 194.5 195
108.3 110.9 112.9 114.4 118.2 123.1 123.5 123.1 126.1 130.2 131 131.1 132.8 133.9 135.6 137.8 140.7 143.3 146.5 148.8 151.6 155.6 160.6 160 159.7 157.6 154.6 150.5 148.3 146.5 143.1 144.1 151.3 156.2 157.6 162.4 167.1 160.8 155.3 158.2 162.7 164.3 167.2 172.4 177.4 180.2 192.3 199.2 202.2 197.4 190.5 174.6 159.3 148 136.9 134.5 134.4 134.4 134.9 135.6 139.2 146.1 155 160.5 164.5 169.7 172.6 172.7 173.3 178.4 184.2 191.2 195.9 199.3 199.8 198.5 195.9 195 195.4 196 197.2
108.9 111.3 113.6 115.8 120.5 123.7 123.9 125.5 129.9 134.1 133.6 133.9 135.9 136.3 137.7 140.1 143.3 146.1 150 152.7 155.3 158.7 162.5 162.3 160.8 157.7 154.1 151.1 150.4 149.4 146.4 143.2 146.9 153 157.1 166.2 163.7 154.2 152.7 157.3 160.3 160.3 161.5 167.2 169 177.8 187.1 193.2 192.1 180.6 167.4 154.7 146 138.5 135.2 135.3 135.3 135.5 136 137.8 143.4 151.1 157.7 162.5 167.3 172.4 175.1 176.2 177.1 180.4 187.3 194.2 198.9 200.1 199.3 197.4 196 195.5 196.4 198.4 199.7
110.8 112.7 114.8 117.2 121.9 123.9 124.8 128.8 135.2 137.8 137.1 137.6 139 139.7 141.8 143 146 149 151.9 154.5 158.3 162.5 164.1 163.7 161.1 157.2 153.8 152.1 151.1 148.5 146.8 144.6 143.5 150.3 163 166.8 158.5 149.7 151.9 156.4 157.8 157.4 156.7 160.6 163.3 166.5 174.2 175.6 169.3 160.1 155.8 149.3 140.5 136.4 136.2 136.4 136.4 136.5 137 142 150.7 154.3 161 165.2 170.6 174.7 177 179 181.3 182.9 191.1 196.7 200.4 201 200.5 198 195.8 196.3 197.6 200.1 202.2
112.7 114.4 116.3 119.3 122.8 124.6 127.8 133.8 140.6 141.6 141.1 141.1 141.5 144.3 145.9 147.2 149.3 152.4 155.1 157.3 160.4 163.9 165 163.5 160.3 155.4 151.9 151.6 150.9 148.7 145.4 144.7 143.6 148.8 164.1 163.2 152.2 148.4 150.9 154.6 155.8 155.2 154.1 155.6 158.4 158 157.9 159 156.3 155.2 154.6 147 140.4 137.9 136.9 137.4 137.6 137.7 139.1 148.1 154.7 158.9 164.4 168.1 173.5 177.3 180 182.8 186.2 191.5 189.6 198.6 201.7 202.5 202.4 199.3 197.5 199.7 201.1 201.5 205.6
114.5 116.1 117.8 123.5 126.8 129.9 133.7 138.8 145.2 145.7 145.2 144.4 144.8 147.1 148.4 149.9 152.2 155.3 158.6 161.4 163.9 164.6 164.5 161.9 157.3 151.4 149.5 148.6 148.6 146.4 147.2 147 143.7 146.2 150 157.7 147.1 147.7 148.8 152.7 154 153 152.9 154.3 155.9 157.9 156.7 155.1 154.3 151 147.5 144.1 142.5 141.4 138.9 138.2 138.6 138.8 139.9 147.9 155.6 164.1 168 172 177 180.8 183.9 187 191.6 197.2 195.2 200.8 203.6 205.6 204.1 200.1 201.5 203.4 202.2 204.8 208.2
116.6 118.2 122 127.8 131.7 134.5 137.9 142.8 149.1 150 149 147.7 147 149.1 150.6 152 154.1 157.7 161.4 165 164.3 164.4 160.9 157.4 152.8 147.7 147.2 147.3 147.8 147.7 150.6 149 145.1 144.9 147.1 146.5 146.5 148 152.8 154.4 152.6 152 152.5 154.2 157.5 161 162.3 162.7 161.1 155.1 152.2 151 147 146 141.5 140.3 140.6 140.6 142.7 151.1 162.3 168.2 172.9 176.6 181.2 185.4 188.1 192 197.8 201.5 200.4 203.5 207 208.2 204.8 204.2 207 206.1 205.8 209.6 213.3
118.9 120.8 126.3 131.7 135.2 138 142.1 146.3 152.7 153.1 151.6 149.2 148.5 150.8 152.4 154.3 156.7 160.1 163.9 164.2 162 160.6 156.8 152.6 148.6 147.3 147.3 147.6 147.7 151 153.2 150.9 147.1 145.6 146.2 145.5 146.8 150.4 153.6 154.9 152.6 151.9 152.8 156 161.1 164.2 167.2 168.7 165.9 162.6 160.1 157.5 151.2 147.6 141 143.3 143.8 142.9 148.2 154.8 165.2 170.5 176.6 180.5 184.8 189.1 193 198.2 203.7 205.4 203.6 207.1 210.8 209.9 207.3 210.5 211.8 208.4 211.8 214 218.1
123 126.8 130.2 134.5 138.5 141.4 144.7 148.5 153.2 155.6 153.1 149.9 149.9 152.6 154.4 156.2 158.1 161.9 165.3 161.6 158.1 155.5 152.4 149.5 148 147.5 147.7 148 149.9 154.2 153.6 152.7 151 148.2 147.7 148.2 151.2 154.2 155.6 153.4 153 152.9 154.7 159.3 165.1 169.2 173.8 173.6 170.9 168 164.1 159 152.6 146.8 142.5 146.4 146.3 144.3 148.4 157.6 167.2 173.1 178.5 183.3 188.2 193.2 197.7 203.1 208.4 209.1 207.4 211.7 213.9 211.1 212.2 215.5 213.1 212.9 217.2 217 221.3
126.5 130.9 133.8 137.7 140.7 143.5 147.6 151 155.4 157.2 153.8 151.5 152.5 154.9 156.9 158.4 160.5 163.6 163.9 158.8 155.3 152.3 149.2 147.8 147.9 148.4 148.7 149.5 154.1 157 156.2 155 152.9 150 150.8 152.4 155.3 157.2 156.3 154.1 153.8 153.9 157.5 163 169 174.1 179.1 177 173.8 169.6 164 157.9 152 145.3 144.9 149.1 149.2 147 155.9 161.8 168.3 174.3 180 186.3 192.8 196.9 201.9 208.3 212.5 211.4 212.5 216.5 216.4 214.3 217.7 218.2 214.7 220.1 220.8 220.6 224
127.9 132.7 136.5 140.2 142.8 145.8 149.2 153.6 158.3 157.9 154.3 153.6 155.3 157.5 159.6 161.5 163.1 165.7 161.6 157.1 153.1 149.3 148 148 148.5 149.3 149.5 153.5 158.2 158.9 158.2 156.8 153.8 153.5 154.6 157.1 159.1 159.7 155.7 154.7 155 157 161.6 167.2 174.3 180.3 182.8 179.6 175 169.5 163.3 156.7 150.4 144.6 147.9 153.3 150.5 147.2 158.5 163.2 169.3 175.1 181.2 189.6 196.7 201.6 206.5 212.8 216.1 213.4 217.5 220.1 218.6 219.9 222.6 220.7 221.1 225.6 222.8 226.3 228.7
130.3 136.2 139.3 142.3 145.2 148.3 151.5 156.7 160.5 158.3 155.7 156.1 157.9 160.2 162.9 164.9 166.5 165.6 161.1 155.5 151 148.7 148.4 148.7 149.3 149.8 152.1 158.7 161.3 161.2 161 158.1 156.4 157.7 159.6 161.6 162.5 159.5 156.9 156.7 158.4 161.5 166.4 172.4 180.9 185.1 184.4 180.5 174.7 168.9 161.9 155.2 148.9 148 153.6 156.2 155.4 148.3 159.3 164.9 170.2 176.6 184.2 191.7 199.7 205.8 211.8 218.8 218.5 216.9 223 223.6 222.7 225.8 226 223.9 228.2 227.9 225.4 232.6 233
