app/static/ascii/NT73.asc
ncols 200
nrows 200
xllcorner 370000
yllcorner 630000
cellsize 50
[rows 111 to 147 of 200, columns 0 to 82 of 200]
61.2 62.1 65.7 70.1 70.1 68.3 66.9 64.8 62.6 62.6 62.8 61.5 59.9 59.4 60.1 57.9 53.1 45.9 43.7 43.4 41.3 39.3 38.9 38.8 39 39.2 38.6 37 36.3 37.1 37.5 37.5 37.3 37.2 36.7 36.2 36.2 36.8 36.3 34.6 35.1 36.8 41.5 42.4 41.8 41.7 41.6 40.6 39.9 39.9 39.9 39.6 38.9 38.2 38.6 39.4 40.6 40.9 40.9 40.8 40.5 37.9 35.4 34.3 34.1 34.3 34 33.5 34.1 33.9 33.6 33.2 30.8 26.9 26.5 26.5 29.6 29.3 29.3 29.5 29.6 32.6 33.6
67.2 73 75.9 73.3 71.5 70.1 67.5 64.5 64.1 63.3 62.4 60.7 60 61.3 59 53.5 47.2 44.1 43.6 42 40.2 39.2 38.8 38.8 39.1 39.2 38.7 37.7 36.9 36.7 36.2 34.9 32.8 30.4 30.6 30.1 32.2 34.4 35.4 35.8 34.4 34.9 38.5 39.7 38.8 39.2 39.6 39.5 39.9 39.3 39.2 38.7 38.5 38.1 39.8 41 41 41.2 41 40.6 38.9 35.4 34.7 34.1 34.4 34.6 34.5 34 34 33.7 33.3 30.4 26.5 26.6 26.8 29.5 30.3 29.7 29.6 29.4 33.4 34.2 35.3
76.4 79 76.5 74.5 72.7 70 67.5 65.1 64.8 63.2 61.2 61.9 62.4 60.4 55.6 47.9 44 44.5 43 39.7 39.7 39.2 38.8 38.6 39.3 39.2 37.1 35.2 33.9 33.6 33.5 31.2 31.5 30.5 30.8 30.9 31 30.5 30.2 31.1 32.8 33.3 34.3 33.9 33.5 34.8 37.2 38.8 39.5 39.6 39.1 38.3 38.7 40.2 41.2 41.5 41.4 41.3 40.8 39.7 36.6 34.8 34.6 34.3 34.5 34.9 34.6 34.3 34.4 33.5 30.7 26.2 26.4 27.6 28.2 30.2 30.1 29.7 30 33.8 34.9 35.8 38.8
81.9 79.2 77.6 75.6 72.2 68.9 66.9 66.4 63.8 62.6 63.5 64.3 64 57.9 50.5 44.6 44.3 44.6 41.1 39.8 39.6 39.3 39.2 38.1 37.4 35.3 33.2 33.2 33.6 33.2 31.3 31.3 31.7 33.5 33.3 32.7 32.9 32.9 31.2 30.9 30.6 30.5 30.8 31.2 31.6 31.9 32.5 34.8 36.7 38.1 38.9 38.9 40.1 41.4 41.5 41.5 41.2 40.7 39.3 37.5 35.2 34.7 34.8 34.5 34.6 34.7 34.9 34.7 34.5 30.9 26.5 26.6 28.9 28.3 29.5 30 30.1 29.6 34.2 35 37 39.8 45.6
82.3 80.5 78.6 75.7 72.2 69.7 68.5 65.8 63.5 63.2 65.4 65.4 61 53.5 46.3 44 44.5 43.7 40.3 40 39.6 37.5 35.5 34.5 33.3 34 34.4 34.4 34.3 32.5 31.4 31.9 34 33.3 33.7 34.2 34.1 33.7 33.7 33.3 31.8 30.6 30.7 30.3 30.5 30.6 30.5 31.8 32.8 34.2 38.1 40.7 41.7 41.7 40.9 40.8 40.1 38.8 36.1 35.9 35.5 34.8 35 35.1 34.7 34.8 34.9 34.8 33.2 27.5 26.5 28.9 30.6 29.4 29.9 30.2 30 34.6 35 36.8 40.9 44.7 49.2
83.8 82.3 78.6 74.6 72 69.6 67.4 64.6 63.8 65.4 66.4 62.6 57 48.7 44.1 44.6 44.4 42.9 40 39.7 39.3 35.1 34.8 33.6 34.3 34.7 34.4 33.9 32.7 31.2 31.5 33.6 33.7 34.9 35 34.6 34.1 34.1 34.4 35 34.6 34.6 34.6 34.5 33.7 32.2 30 30.3 30.8 32 35 39.7 41.6 41.5 41.3 39.7 38.7 36.4 35.9 35.5 35.1 34.9 34.9 35 34.9 35 34.9 33.6 30 26.6 27.7 30.7 29.6 29.5 29 29.9 34.3 36 36.4 40.2 45.1 47 49.8
85.9 82 77.5 74.7 71.6 68.6 65.8 63.9 65 66 64.5 59.4 51.4 44.9 44.2 44.4 44.7 42.5 39.9 39.9 35.4 34.8 34.2 34.5 34.2 34.2 34.3 33.6 31.5 31.4 34.6 34.4 35.3 34.8 35.7 35.7 35.7 35.4 35.1 35.3 34.7 34.4 34.5 34.5 34.3 34.3 32.2 29.9 30.6 30.9 31.4 36.4 41.2 41 39.8 37.6 36.6 36.1 35.8 35.2 35.2 35.2 34.9 35.3 35.2 34.8 32.9 32 26.8 26.7 29.9 29.7 29.9 30.3 29.5 33.4 35.7 36.8 38.6 44.7 49.9 51.3 51.6
84.5 80.5 77.2 73.9 70.3 67.1 64.9 64.9 66.5 65.2 62.2 55.6 47 44.8 44.7 44.5 44.8 42.3 40 37.3 34.7 35 34.7 34.4 34.5 34.9 34.4 31.6 31.7 34.9 35.6 36.7 37.2 36.6 36.2 35.5 35.6 35.2 34.6 34.9 34.4 34.3 34.9 34.9 34.4 34.1 33.9 32.9 29.6 30.7 30.6 32.9 38 38.5 37.7 37 36.2 35.3 35 35.7 35.6 35.4 35.3 35.6 35.3 33.7 32.4 29.3 26.7 28.3 30.3 30.8 30.7 29.2 32.2 34.6 37.1 37.6 43.9 49.7 51.7 53.6 54.8
82.5 79.1 75.7 72.3 68.7 65.9 64.9 65.5 65.3 62.6 58 51 45.5 45.2 45 44.9 44.8 41.3 39.3 35.6 35 35.2 35.2 34.9 34.5 34.7 32.1 32.2 37.3 38.3 38 41.4 45.6 48.8 49.1 44.9 42.3 39.8 37.6 36.1 35.8 35.3 35.6 35.5 34.3 34.1 33.8 34.1 29.8 30 30.8 30.1 35.2 37 36.7 36.1 35.9 35.3 35.3 35 35 35 35.4 35.3 34.3 32.8 31 26.9 26.6 29.4 30.8 31 29.8 30.9 34.4 35.7 37.4 39.2 48.1 50.2 53.1 55.2 56.7
80 77.2 74.3 70.6 66.5 64.7 64.5 64.4 62.4 58.7 53.3 46.4 45.2 45.1 45.1 44.9 44.7 40.6 36.7 35.6 35 34.6 35 35.3 34.9 31.6 31.7 39 38.4 38.4 40.4 42.7 47.5 50.8 51.1 50.3 44.9 40.4 38.3 36 35.3 34.9 35.2 35.2 34.4 34.3 34.4 34.2 33.1 28.7 30.7 29.8 33.2 36.1 35.9 35.6 35.3 36.1 35.4 35.3 35.2 35.6 35.4 34.2 33 32.2 28.9 26.5 29.3 29.3 31 30.8 29.6 34.1 35.1 37.2 38.2 45.5 50 51.2 53.8 55.9 57.4
78.8 75.8 72.6 68.4 65.1 63.3 62.7 61.5 58 53.4 47.3 45.4 45.1 45 45.1 44.5 43.5 40.1 36.3 35.4 34.7 34.4 34.4 32.7 32.2 32.1 38.4 38.7 38.9 36.4 33.2 32.8 33 39.1 46.5 45.6 41.1 39 37.8 36.2 35 34.6 34.4 34.9 34.4 33.7 33.6 31.2 30.8 28.9 30.7 29.9 31.4 35.6 35.8 36.1 36.3 36.3 36.1 36.1 35.8 35.3 34.6 33.5 31.9 31.5 27.9 27 29.5 29.9 31 30.3 34.3 35.1 36.7 38.6 44.2 49.4 52 53.9 54.7 56 58.1
77.9 74.2 70.1 67.1 63.8 60.3 58.4 56.2 52.3 47.1 45.2 45.1 45 44.6 43.6 40 39.2 37.7 36 35.6 34 34.7 32.5 33 33.9 38.6 38.9 38.5 36.9 31.5 32.6 33.4 32.4 32.2 33.3 41.4 39.3 38.1 38.7 39.6 36.3 35.2 34.2 34.3 32.3 28.8 28.8 30.4 30.9 28.7 28.9 29.3 28.8 33.6 35.9 36.4 36.9 36.7 36.4 36.5 35.6 34.4 33.7 32.9 32.3 30.6 26.7 28.7 30.4 30.9 30.9 31.4 35.4 36.7 38.4 44 48.4 50.7 53.2 55.1 56 56.9 58.9
76.7 72.7 69.3 65.8 61.4 56.6 52.6 49.3 46.5 45.7 45.6 45.1 44.8 43 39.6 39.5 39.5 37.1 36.1 35.7 34.8 33.2 32.9 34.2 38.3 38.2 39.6 39.1 34.4 32 35.2 34.8 34.4 32.2 31.9 34.9 38.7 38.1 38.8 39 38.4 36 33.7 33.2 28.7 32 31.9 32.6 32 32.4 28.4 28.6 28.7 30.5 34.6 36.7 37.2 36.9 37.1 36.8 35.4 33.4 32.8 32.2 31.4 28.4 27.7 29.6 29.5 31.1 30.8 35.1 37.5 39.8 44.8 49.7 51.8 52.6 53.7 55.9 57.4 58.5 60.9
75 71 66.6 61.5 55.4 49.8 47.9 46.8 46.2 45.7 45.6 44.6 42.4 39.8 40.1 40 39.8 36.9 36.4 35.2 33.2 32.6 34.2 39.2 38.4 39.6 43.2 42.4 31.9 33.6 35.5 35.1 34.7 34 33 32.3 36.9 38.5 38.4 38.3 37.4 35.2 32.5 30.3 30.2 32.4 32.6 32.8 33.1 32.4 31 28.7 28.5 28.8 32.5 35.9 37 37.1 36.9 36.2 34.3 32.9 32.6 32.1 30.3 28.1 28.4 29.9 29.7 29.9 34.2 38.6 40.4 44.5 48.6 50.8 53.1 55.1 56.2 57.2 59.6 62.1 63.8
69.7 66.9 62 54.6 48.9 47.1 46.7 46.2 45.6 42.4 41 40 39.8 40.2 40.4 40.5 39.2 36.9 36 32.5 32.2 34.1 39.6 39.8 38 42.1 44.8 37.4 31.7 36.1 35.7 35.4 35.2 34 34.5 31.4 32.2 37.4 37.3 36.7 35.2 32.7 32.3 28.9 32.3 32.7 33.2 34.2 34 33.2 32.9 30.9 28.8 28.6 28.6 33 35.8 36.6 35.6 34.5 33 32.6 32.2 31.2 28.4 28.5 28.8 29.3 30.2 32.1 35.4 41.5 43.8 47.2 50.3 52.6 54.3 56.3 58 59.9 62.4 65 65.2
61.4 59.7 53.8 47.8 46.2 45 44.7 42.2 40.1 40.2 40.1 39.8 40.2 40.6 40.8 40.3 39.5 36.4 35.1 33 32.2 39.6 40.3 41.3 40 41.9 41.7 32.1 33.9 36.6 36.3 35.7 35.4 34.1 34.3 33.7 31 35.1 35.2 34.4 33.6 32.8 29.4 30.2 33.3 33.9 34 34.3 34 33.3 33.1 32.5 30.5 28.8 28.5 28.4 32.9 35.3 34.1 33 32.9 32.4 31.2 29.6 28.3 28.6 28.7 33 36.8 38 39.2 41.9 46 48.4 51.9 54.4 56.6 57.9 60.6 63.6 65.4 66.3 65.6
50.4 50.2 46.3 43.2 41.2 40.7 40.5 40.7 40.6 40.4 40.3 40.4 40.6 40.4 40.5 40.3 38.9 36 32.2 32.3 37.8 40.9 44.5 45.3 42.4 39.1 36.3 32.4 36.7 37.3 37 36.3 36.2 34.4 33.9 34 31.8 31.4 35.2 33.7 33 30.3 29.7 32.5 33.7 34 34.1 33.9 33.5 33.4 33.2 32.7 32.1 29.4 28.6 28.1 28.2 31.4 32.5 32.5 31.6 29.9 28.2 28.6 28.2 29.1 36.5 41.7 43.6 44.2 44.3 42.8 44 49.9 53.8 56.2 58.6 60.5 64 66.7 67.1 66.7 65.5
38 41.3 40.8 41.2 40.8 40.7 40.9 41.1 40.8 40.7 40.7 40.7 41 40.7 40.5 40.6 38.5 34.6 32.4 36.4 44.9 50.5 51 47.8 41.2 38.2 33.7 32.6 36.7 37.8 37.3 37.2 36.8 34.5 33.8 33.9 33.6 30.7 32 31.3 30.2 30.3 34.4 34.1 34.1 34.1 33.5 33.8 33.1 33.1 33.2 33.2 33.2 32.4 28.1 28.4 28.3 28.3 28.4 28.4 28.5 28.8 28.4 30.4 36 40.5 44 47.1 46.8 46.7 47.6 40 41 49.9 55.5 58.2 61 64.7 67.1 68.2 67.1 65.9 66.4
34.5 36.1 37.1 36.5 39.9 40 40 40 39.2 38.8 39 39 40.1 40.4 40.5 39.9 34.7 32.5 32.4 43.8 52.4 57.1 52 45.1 40.6 36.9 32.7 33.9 37.8 37.7 37.6 37.3 36.9 35.5 34.5 33.6 33.5 33.3 30.8 30.7 32.6 34.6 34.8 33.9 33.8 33.7 33.6 33.6 32.7 32.6 32.6 32.6 33.1 34.8 35 30.3 28.9 28.6 28.5 29.1 30.1 32.2 35.1 42.3 47.6 48.9 49 48.8 48.1 49 51 46.9 43.5 48.3 54.7 60.7 64.9 67.3 68.8 68.2 67 66.7 69.2
35 34.4 34.8 37.3 36.9 36.6 36.8 37.6 37.7 37.2 37.6 37.7 37.1 36.1 35.5 32.7 33 32.4 44.7 50.7 50.6 53 46.8 42 40.8 36.4 32.8 34.8 38.3 39.5 40.4 40.1 39.1 38.6 38.9 36.5 33.5 33.5 34.4 38.9 40.5 37.5 35.2 34.1 33.6 33.2 33.2 33.3 32.6 32.1 32 32.3 33 35 34.2 34.6 32.8 33.4 37.6 40.9 42.4 42.6 41.3 49.1 51.5 52.1 51.9 51.3 51.2 51.9 53.3 52.3 50.3 48 58.1 65.2 68.3 69.5 69 68.1 66.9 68.6 73.5
36.7 36.2 34.7 34.1 36.6 36.1 36.6 36.8 37.1 37.2 37.2 36.6 36.4 36 33.5 32.6 37.1 48.1 55.6 51.9 48.9 43.6 42.2 42.5 39.4 35.1 33.2 36.9 41 42.8 43.3 43.6 42.9 43 42.8 42.9 40.8 39.9 41.5 43.9 44.6 42.4 37.7 34.4 33.9 33.4 32.9 33 32.2 32 31.7 32.2 32.7 34.7 34.4 34.7 40.5 44.5 47.2 50.3 51.7 48.7 49.6 52.9 53.4 54 53.6 53.4 54.4 55.6 58.6 59.1 53.8 51.9 60.2 69.1 70.3 69.3 68.4 67.7 68.8 72.3 78.6
40.8 36.7 36.2 33.6 35.4 36.6 36.3 36.6 36.9 36.6 36.3 36.4 36 33.4 33.2 39.6 47.5 55.1 55.8 50.6 47.5 44.5 42.8 42.5 37.8 33.8 33.7 38.4 41 43.5 44.8 45.7 45.5 45.6 44.1 45.3 45.8 47 46.7 47.8 47.3 45.9 44.8 37.5 34.3 33.9 33.7 32.8 32.7 32.2 31.9 32.2 31.6 34.3 37.3 44.1 48.7 51.9 53.6 54.9 55.5 53.1 53 55.5 56.4 56.1 55.9 55.9 57.1 58.5 59.7 60.7 57.1 49.3 59.6 69.9 69.9 69.1 68.3 68.8 71.3 77 79.3
41.5 39.3 36.5 35.7 33.8 35.5 36.5 36.4 35.8 36.1 35.6 35.5 33.4 33.7 41.1 49.2 52.2 52.7 49.6 44.4 43.9 42.7 39.7 37.5 36.6 33.6 35.6 38.8 40.7 42.7 43.7 46.2 47.2 45.9 47 48.4 49.2 49.6 50 51.1 49.5 49.6 49.9 48.1 46.2 47.4 46.7 44.4 41.3 37.6 33.8 33.1 34.8 42.9 48.8 53.4 56.3 56.7 56.5 57.7 57.5 55.9 53.7 56.9 58.2 57.9 57.6 58.9 59.4 59.4 61.4 62.7 60 50.4 57.3 65.4 68.9 69.3 69.2 70.4 72.7 75.8 76.4
41.2 40.1 41.3 36.7 35.4 33.5 34.7 35.4 35.6 34.2 33.3 33.3 34.3 43.9 52.8 53.1 51.4 48.5 42.5 40.9 40.8 39.1 38.1 37.9 36.5 33.4 37.6 40.4 41 42.9 45.9 47.1 47 49.3 50.5 50.3 51.7 51.8 53.7 53.6 52.7 52.6 52.5 52.7 53.4 54.7 54.5 53.8 51.5 50.2 49.2 49.5 52 56.6 58 58.6 61.3 61.3 61.1 59.9 60.2 59.7 59.1 58.1 59.7 59.6 60.9 60.7 61.6 61.5 64.6 66.8 64.5 58.3 51.8 61 67.8 70.4 70.6 71.3 74.2 75.7 78.3
40.7 40.9 41.3 41.2 40.7 37.2 33.9 33.4 33.3 33.3 34 42.2 50 55 53.3 51 49 42.3 40.4 40.1 38.7 38.3 38.4 38.2 36.3 34.2 39 41.5 41.5 44.3 47.3 48.2 48.3 51.3 51.3 51.3 52.7 52.8 54.7 55.7 56.5 55.6 55 55.8 55.8 55.5 55.7 56.2 56.2 58 61.4 63.5 63.3 62.8 63 65 67.8 67.8 65.4 62.9 63.1 63.7 61.6 60.4 61.2 63 62.3 62.4 63.6 65.7 67.5 68.6 69.2 63.7 60.7 65.7 60.6 70.9 72.4 72.8 76.3 79.1 81.2
53.3 51.1 47.9 46.1 46.8 47 47.3 48 48.1 49.4 51.1 55.2 53.5 51.9 48.2 43.3 40.7 39.8 39.5 39.4 39.1 38.6 38.8 38.2 35.3 33.6 39.3 41.4 42.1 43.3 46.3 46.9 49.5 52.1 52.2 52.2 52.7 54.7 56.5 57.4 58.3 57.2 55.5 55.6 55.9 56.5 58.6 58.9 62.1 64.3 65.6 65.7 65.8 66.6 69 71 71.1 68.6 65.8 64.9 65.6 64.6 61.6 61.8 64.2 64.7 65.1 65 66.7 68.5 69.7 71.9 71.9 68 68.1 70.3 63.4 69.9 73.1 76 78.8 81.4 82
54.6 53.4 53.6 55.2 55.4 55.5 54.7 55.7 56.4 56 55.1 53.3 51.4 46.5 42.6 40.3 40.1 39.5 39.9 40.5 40.8 41.1 40.1 38.4 35.2 34.8 40.9 42.1 42.5 43.6 46.6 47.1 50.4 52 52.6 52.8 53.5 55.9 58 58 58.2 57.1 55.6 55.5 57 60.2 62.6 66.1 67.9 68.1 68.2 69.3 69.7 71.5 72.7 72.4 70.6 68.1 66.8 67.6 67.1 65.2 64.3 66.7 65.1 65.6 66.5 67.5 68.2 68.8 73 72.4 70.9 68.5 71.1 71.7 69.3 62.4 70.5 78.3 81.4 82.1 82.2
50.3 51.2 53.2 52.7 52.4 52.5 54 53.9 52 50.8 49.8 48.8 45.9 42.2 40.7 41 41.6 41.1 41.5 42.8 44.4 46.2 42.7 36.5 34.1 39.4 42.7 42.6 42.2 43.9 48.2 48 51.4 52.2 54.1 53.5 55 56.9 58 57.6 56.9 55.9 55.5 57.1 63.5 67.2 70.1 71.9 72.2 73 72.8 72.5 73.3 73.6 74.1 72 69.5 68.8 69 67.7 66.6 66.1 67.7 68.2 68.5 68.6 69.1 69.8 70.2 72.4 73.4 71.8 69.7 69.9 71.9 73.3 74 71.1 64.1 73.6 82 82.3 82.1
50.5 50.2 50.3 48.8 46.5 46.1 47.1 48.1 46.4 45.2 44.3 43.8 42 42.3 42.8 43.7 45.6 44.2 46.4 47.3 46.6 46.9 42.4 33.7 35.7 42.2 43.6 42.4 42.9 46.6 47.3 48.7 52.2 52 52.8 53.5 54.4 56.2 57.2 56.1 55.7 56 58.7 65.4 70.1 73.3 74.9 76.5 77.3 77.2 76.6 74.6 74.1 74.4 72.9 70.7 70.5 70.4 69.3 68.3 68.2 67.7 67.2 68.8 69.7 69.6 70.7 73.2 74.6 74.3 72.9 71.7 69.8 70.8 72.9 73.9 74.8 76.3 70.4 69.8 81.1 81.7 81
51.5 49.7 45.9 44.6 44.4 43.9 44.2 44.1 44.2 44.2 43 44.9 44.7 44.8 45 46.7 48 47.6 49.8 51.1 51.1 44 37.3 34 37.7 42 43.1 42.9 43.4 46.9 48.2 50.6 51.9 51.5 52.7 53.8 54.4 56.4 57.2 56.1 56.1 60.6 67.1 72.2 76.9 77.4 78.3 80.6 79.6 79.2 78.3 77.7 76 73.7 71.2 70.2 70.7 70.6 69.5 69.1 69.5 69.9 68.6 69.5 71.2 72.5 73.1 75.1 75 74 72.9 71.5 70.8 72.8 74.2 74.6 77.9 80.4 77.9 70.4 70.2 74.9 77.5
48.8 46.2 44.4 44.2 45.6 47.1 47 46.2 47.6 45.7 46.6 47.8 47.6 47.7 46.8 47.1 48.2 47.3 49.4 48.1 42.9 36.7 35.2 36.1 38.3 42.5 41.8 41.5 44.4 47.3 50.2 52.6 51.9 51.2 52.9 54.1 55.1 57.3 58.3 58 63 69 73.5 76.7 79.6 80.2 82.1 82.1 82 81.2 80.3 78.2 74.5 71.9 72.3 72.1 70.7 71.3 71 70.8 71 71.3 71.6 72.6 72.8 74.6 75.2 76.3 74.8 73.4 72.6 72 73.5 74.8 74.9 77.7 80.7 82.7 81.9 78.6 72.7 70.7 74.4
46.7 44.9 45 45.5 47.1 48.8 48.6 49 48 47.3 48 49.3 49 49.5 48.6 48 46.1 44.5 44.6 43.3 35.2 35.1 36.6 38.3 38.5 40.3 41.5 42.2 44.4 48.2 48.8 50.2 52.6 51.7 52.4 53.8 55.3 58.4 60.3 65.7 71.1 75 77.4 79.8 82.8 83.8 83.3 82.9 82.7 81.7 79.9 76 74.2 73.4 71.8 73.5 73.2 72.9 72.7 72.5 72.7 72.9 73.5 74 73.5 75.2 76.7 76.2 75 73.6 72.2 73.8 75.5 75.5 77.7 81.1 82.7 83.5 82.9 81.4 75.7 73 79.3
45.8 44.5 45.5 47.2 48.3 48.5 49.3 49.4 47.9 48.1 48.7 49.5 50.2 49.4 51.3 50 45.4 43.4 42.2 40.5 34.3 37.1 38.3 38.5 38.7 39.2 40.3 43.4 44.6 44.7 44.6 46.4 49.9 52 53.3 54.6 57.4 63.9 68.1 73.4 77.1 78.8 83.3 85.5 85.1 84.9 84.2 83.8 83.1 81.2 77.4 75 74.3 74.9 74.7 74.9 74.7 74.5 74.3 74.2 74.4 74.9 76 77.2 76.5 77.2 76.9 75.3 74.9 73.4 73.6 75.2 76.1 77.9 80.7 83.2 83.7 82.8 81.7 78.5 73.3 77.5 81.8
45.2 45.4 44.5 45.2 47.6 49.7 49.5 48.7 48.5 49.2 49 50.2 51.1 50.3 49.7 47.6 44.4 42.8 41.6 35.9 35.5 38.3 38.7 38.7 38.9 39.9 40.9 41.6 42.1 43.8 45.1 46.5 48.8 53.1 54.9 57.2 63.7 69.7 73.7 78 80.5 82.9 86.9 86.5 86.6 85.8 85.2 84.1 82.1 77.9 76.4 77.3 77.3 76.7 76.7 76.5 76.4 76.1 75.9 76 76.3 77.4 78.5 79.6 79.6 78.3 77.2 75.9 74.9 73.4 75.8 76.2 78.1 81.2 82.9 84 83.5 82.5 80.9 74.1 75.9 78.6 83.2
45.5 45.1 44.8 45.5 50.1 52.8 49.6 50.3 50.6 50.5 49.9 51.5 52.4 52.8 51.5 47.9 45.3 44 43.3 35.7 35.7 38.8 38.9 39 39.4 41.8 43.8 44.7 44.3 45.4 45.9 48.4 51.8 57.1 61.5 65.6 70.4 74.8 77.4 79.3 81.6 87.1 87.2 86.8 86.4 86.5 84.5 82.2 80.9 79.7 79.5 78.7 78.5 78.4 78.3 78.1 78 77.7 77.4 77.9 78.6 79.7 80.5 81.3 79.4 77.5 76.7 75.7 73.6 74.9 77.1 78.7 81.2 82.9 84 84 83.4 81.7 77.5 74.6 80.1 83.4 83.5
46 45.1 45 47.2 50.3 50.9 51.1 52.4 52.3 52.6 51.4 52.9 54.1 54.4 53.6 49.4 47.1 45.4 43.4 36.8 35.3 39.1 39.2 39.3 40.2 43.8 46.4 46.5 44.9 45.2 47.2 50.4 54.7 61.4 68 72 75.4 78.3 81.7 86.5 85.8 87.8 87.3 87.1 86.6 85.5 83.1 81.6 81.3 80.9 80.4 79.5 79.8 80.1 79.8 79.6 79.4 79.2 79.1 80 81 82 82.4 80.4 78.8 77.3 76.9 74 73.7 76.5 78.9 81.5 83 84.1 83.9 83.3 82.6 79.8 75.1 79.7 83.7 86.1 86.4
45.6 45.4 46.6 48 50.7 51.7 51.1 52.5 54.2 54.7 53 54.4 55.8 55.3 55.4 51.8 49.2 46.2 42.8 37 35.1 39.3 39.2 39.2 41.1 44.4 45.7 45 44.9 47.1 50.3 52.9 56.7 65.4 71.2 74.9 78.3 85.2 87.5 88.2 87.1 87.2 87.4 87 85.6 83 81 82.6 82.6 81.8 80.9 81.2 81.5 81.7 81.5 81.2 81 80.9 81.1 82.2 83 83.4 82 79.9 78.1 75.9 74.5 74.7 76.7 79.6 81.5 83.3 84.4 84.3 83.7 82.7 80.3 76.4 79.2 83.7 86.8 88.4 89.4
