app/static/ascii/NT75.asc
ncols 200
nrows 200
xllcorner 370000
yllcorner 650000
cellsize 50
[rows 35 to 69 of 200, columns 0 to 77 of 200]
208.4 206.6 204.6 202.8 201 199.2 197.4 195.7 193 190.2 187.5 184.7 182.7 180.6 178.9 178.7 178.4 178 188.1 193.9 201.7 209.2 216 223.4 231.2 239 247.1 253.4 259.1 263.2 267 268.8 270.5 270.9 270.5 268.3 265.5 261 255.5 251.2 246.1 240.3 232.2 240.2 253.2 262.5 269.4 276.1 277.8 278.8 278.6 277.7 277.4 278.7 279.8 280.4 280 279.5 279 276.1 272.2 275.5 281.9 285.1 288 290.9 294.1 297.5 300.6 302.7 304.5 306 306.5 307.5 308.5 307.6 306.1 304.3
206.7 205 203.2 201.4 199.6 197.8 196.3 194.8 192.7 190.1 187.4 184.6 182.6 180.8 179.7 179 178.6 178.3 189.5 194.8 200.5 206.3 212.7 221.3 228.1 235.5 245.4 252.5 257.7 262.3 266.5 268.9 270.5 271.8 271.4 270.5 268 264.5 260 254.4 248.8 242.6 234.7 238.9 251.6 259.9 265.5 271.3 276 278.2 279.3 280.5 281.3 282.8 283.8 284.2 284.5 284.6 284.7 284.1 282.4 280.6 285.7 288.4 291.3 294.8 298.3 301.7 305 306.8 308.2 308.8 309.3 310.5 310.9 310.9 309.2 307.5
205 203.5 201.8 200 198.2 196.7 195.3 193.8 191.9 189.8 186.9 185.1 182.7 180.8 180.3 179.9 179.2 178 190 199.3 206.8 210 213.7 222 230.5 238.1 245.2 251.7 256.8 261.8 266.3 269.2 271.3 272.6 272.4 272 270.4 268.2 262.9 257.7 251.7 245.1 236.8 234.5 246.2 255.7 262.3 268.2 271.8 276.3 279 280.7 284.5 285.3 285.7 286.1 287.4 288 289.4 289 288.4 287.7 289.6 292.3 295.4 297.8 301.1 304.8 308.1 309.9 310.9 311.2 311.9 312 311.4 310.5 310.5 309
203.3 202.1 200.4 198.7 197.2 195.7 194.3 192.8 191 189 187.1 185.5 183.3 181.2 180.3 179.9 179.6 178.9 191 201 209.2 214.2 217.4 224.8 233.6 241.3 247.1 252.2 256.5 261.2 265.8 268.8 271.6 273.4 273.2 272.8 271.1 268.5 265.2 259.7 254.8 248.4 241.3 234.7 239.8 250 256.8 262.6 267.8 272.1 276.3 280.6 283.8 287 287.3 288.3 290.3 292.3 293.6 293.2 293.2 293.4 293.8 296.5 299.8 302.2 304.6 307.3 310.1 311.8 312.5 312.9 312.1 311.2 310.7 309.5 309 307.7
201.6 200.4 199.1 197.6 196.1 194.7 193.2 191.8 190 188.6 187.5 185.1 183 180.8 180.4 179.8 179.6 178.7 192.5 202.1 210.8 217.1 220 226.9 236 243 247.3 251.5 255.4 259.8 264.2 268.3 271.1 273.2 274 273.3 271.9 269.2 266.7 262.6 257.6 251.8 246.6 238.9 236.5 241.9 249.9 256.2 262.7 267.3 272.3 277.5 282.1 286.6 289 290.2 292.9 295.1 296.5 296.7 297.2 297.7 298.3 301.3 304.1 306.4 308.3 310.1 310.7 311.5 312 311.8 310.7 309.2 307.6 306.9 305.4 304.1
199 198 197.9 196.5 195.1 193.7 192.2 190.8 188.9 187.3 182.5 181.2 180.8 181.1 180.7 179.9 179.8 186.5 194.9 202.5 208.9 215.3 222 228.1 235.2 240 245.7 250.5 254.3 258.3 262.6 266.8 270.2 272.4 273.6 273.5 272.3 270.1 267.7 265.2 259.7 255 249.1 243.7 240.1 238.7 241.7 248.1 256.2 262.8 269.1 274.1 278.5 282.9 287.3 291.7 294.6 296.5 298.9 300.2 301.3 301.8 302.7 305.6 307.4 309 310.1 310.8 311.4 309.9 309 307.4 305.9 304.3 302.5 301.1 299.9 297.7
199.5 196.3 195.6 195.1 193.9 192.5 191.1 189.5 185.1 182.9 181.9 181.6 180.9 180.3 179.9 179.7 179.8 186.5 193.2 199.8 204.5 210.2 216 222.6 228.7 234.9 239.6 246.7 252.7 256.4 260.4 265.5 269.5 271.2 272.5 273.1 272.1 270.8 268.6 266.6 262.6 257.2 253.3 247.9 243.8 240.6 244.3 244.5 251.6 259.7 267 271.8 276.2 280.6 285.1 289.9 294.1 296.5 299.9 302.9 303.5 305.1 306.8 308.6 310.5 312.2 313.5 312.8 310.9 308.8 306.3 303.3 300.3 297.2 295.2 293.8 292.3 290.2
199.1 196.4 193.6 193.1 192.3 191.4 190.2 183.6 183.2 182.3 182.2 181.9 181.6 180.4 179.8 179.4 180.3 187.9 190.7 194.5 201.1 207.1 212.4 217.3 221.3 225.3 230.4 237.8 246.5 252.3 257.8 263.1 266.9 269.7 271.4 271.8 270.8 270.2 269.3 267.2 264.3 260 255.8 251.5 247.6 243.6 246.1 245.2 249.8 258 264.8 269.5 274 278.5 283.2 288 292.6 295.5 300.1 302.8 305.5 307.2 308.8 310.3 312.2 314 316 313.5 310.8 307.6 303.9 298.4 293.9 289.2 285.7 284.4 283.6 281.4
198.6 196.4 194.1 191.6 190.7 189.9 185 183.7 183.1 182.6 182.4 182.2 181.8 181.5 181.1 179.3 181.6 191.1 200.3 203.7 206.8 204.1 207.9 213.1 216 219 222 227 235.3 245 251.9 258.8 264.9 267.8 269.9 270 269.7 270.1 270.2 267.9 265 262.2 258.3 255.3 251.2 247.1 245.9 246.6 249.6 256.2 262.5 267.3 271.8 276.6 281 285.3 289.7 294.6 298.9 302.5 304.8 308 309.5 311.8 313.9 316.3 315.3 313.4 309.9 306.3 301.7 296.5 286.2 278.1 276.1 273.9 271.8 268.2
198.1 196.3 194.2 193.7 187.9 185.3 184.8 183.9 183.5 183 182.7 182.5 182.1 181.7 181.4 181.2 182.5 191.6 201.4 206.3 210.9 214.9 214.9 213.2 214.1 215.7 218.3 222.4 230.2 237.3 246.5 255.9 261.7 265.4 266.9 269.1 269.5 270.4 271.1 269 267.5 263.9 261 258.6 255 251.1 246.9 250.2 251.3 254.2 259.8 265.1 269.6 274.2 278.8 283.4 287.9 292.8 298.2 301.2 303.3 306.4 309.1 311.6 314.4 315.7 314.5 313 309.3 305 300.1 295.5 287.8 279.1 268.4 257.2 255.5 252.8
198 196.1 194.1 190.1 185.6 185.2 184.6 184.1 183.7 183.4 183 182.7 182.4 182 181.4 181.9 179.5 191.8 199.6 206.9 213.8 217.8 221 222.9 223.4 226.7 228.6 229 226.9 231.5 240.9 250.4 257.4 260.2 262.4 266.2 268.6 270.6 272.1 271.1 267.6 265.8 263.7 261.1 258.3 254.6 250.7 251.2 253.8 254.3 257.7 263.2 267.9 272.6 277.2 281.8 286.3 290.6 293.9 298.4 301.5 304.9 308.1 311.4 314.6 314.7 314.1 312.1 308.6 303.9 299 294.2 287.9 280.1 271 260.6 250.2 238.3
197.9 196.5 193.4 187.6 186.1 185.3 184.8 184.6 183.7 183.8 183.5 183 182.7 182.1 181.3 180.4 186.4 192.3 198.8 205.5 212.4 219 223.3 226.4 229.7 233 237.4 238.6 240.2 239.7 235.9 244.2 251.5 254.9 257.7 263.6 266.6 270 271.6 270.4 269.8 268.2 266.3 263.6 260.8 257.9 255.4 251.5 253.7 255.3 256.9 261 265.9 270.6 275.3 280.1 284.7 288.3 290.7 295.2 299.3 302.6 306.3 310.5 312.6 313.5 313.1 310.6 307.4 303.1 298.4 293.9 288.9 281.5 273.8 264.9 255.7 246.6
196.6 195.3 191.4 186.5 185.8 185.2 184.7 184.7 183.7 182.7 182.5 182.3 181.4 182.2 184.1 189.8 194.5 199.6 202 204.3 211.2 217.6 223.2 228.5 233.1 237.7 241.2 244.3 246.1 247.2 247.2 246.1 247.9 250.9 256.3 263.4 266.6 269.7 271.6 271.3 270.7 270 268.5 266.1 263.2 260.5 257.9 255.3 251.9 256.2 258 259.7 263.9 268.7 273.3 277.4 281.6 285.4 288.1 291.5 295.3 298.9 303.3 307 310.4 311.5 311.1 308.4 305.3 301.9 297.8 293.8 289.4 283.8 277.3 270.5 261.7 252.7
193.6 189.7 187.2 186.3 185.7 185.1 183.7 185.4 185.3 185.2 184.5 183.1 182.8 185.2 188.7 193.7 200 205.6 207.4 209.6 213.5 217.2 222.1 228 233.8 239.1 244.6 247.8 250.3 251.7 253.3 254.7 256.2 256.9 261 263.9 267.1 269.8 271.8 272.1 271.5 270.6 269.3 267.2 264.6 262.5 260.6 258.5 255.9 254 258 259.4 262 266.2 270.6 274.3 277.7 281 284.8 288.4 292.8 294.9 299.7 303.7 306.8 307.9 307.6 305.9 302.9 299.7 295.9 292.3 288.2 283.5 278.7 273 266.9 259.8
189 187.6 187.4 186.7 184.1 186.2 186.3 185.8 185.5 185.1 185.7 184 184.1 185.6 191.6 199.5 205.6 210.8 213.1 215.5 218.4 221.3 223.5 229.3 235.7 240.9 246.6 250.4 253.1 255.7 257.5 259.1 260.1 260.5 263.9 266 268.3 270.9 272.2 272.7 271.6 270.4 269.1 267.6 265.6 263 261.1 259.2 257.3 255.4 256.3 258.1 260.7 263.9 267.5 271 274.1 277.4 280.9 285.6 290.9 293 295.9 300.7 303.7 304.3 304 302.4 299.2 295.8 292 287.9 284.4 280.8 277.1 272.7 268.3 262.5
188.3 186.9 186.1 186.4 186.7 186.6 186.8 186.8 186 185.6 185.1 184.5 183.9 187.8 194.2 202 209.7 213.8 217.8 221.1 224 226.8 229.4 234 238.6 244 248.8 252.7 255.5 258.1 259.8 261.2 262.7 264.3 266.7 268.4 270 271.6 272.2 272.4 271.4 270.3 268.8 267.3 265.7 264 261.6 259.7 257.8 256 255.8 257.2 259.1 262.4 265.5 268.4 271.4 274.4 277.5 281.3 286.1 288.9 293.5 298.5 301 301.2 300 297.9 294.6 290.4 285.3 282.7 279.7 275.6 272.8 270 265.5 258.9
188.8 188.2 188.2 188 187.4 187.1 187.2 187.5 186.6 185.8 185.2 184.8 184.1 188.3 194.9 202.3 209.7 216.1 220.3 225 228.7 232.3 235.2 238.6 243.2 247.6 251.1 254.1 257.1 259.7 261.5 263.1 264.5 266.9 269 269.9 270.7 271.5 272.2 271.6 270.7 269.6 268.3 267 265.4 263.9 262.3 260.2 258.2 257.2 256.8 257 258 261 263.7 266.5 269.1 271.6 274.5 278 282 286.7 291.5 296.1 298.4 297.7 295.6 293.2 289.2 284.3 279.4 275.5 271 266.3 262.6 259.4 255.5 250.1
189.5 189.6 189.5 189.3 188.6 187.9 187.2 186.4 189.2 188.2 186.8 185.5 184.5 186.2 194.8 202.2 209.6 216 222.5 227.7 232.1 235.6 238.9 242.5 245.7 248.9 252.3 255.4 258.2 260.7 262.7 264.7 266.4 268.1 269.2 269.8 270.6 271.4 270.9 269.9 268.8 267.7 266.6 265.3 264 262.7 261.4 260.6 258.6 259.1 257.5 257.8 258.4 259.4 261.9 264.7 267.3 269.6 272.4 276 280.8 285.5 289.6 293.5 295.2 294.5 292.6 289.3 284.3 278.5 273.4 267.9 263 258.2 253.5 248.7 244.3 240.4
190.4 189.2 189.5 190.5 189.1 188.1 191 192.1 190.9 189.6 188.2 186.8 185.4 186.4 193.8 202.1 209.5 216.5 223.4 228.9 234 237.9 240.9 243.7 246.8 250.2 253.6 256.4 259.2 261.7 263.6 265.3 267.1 268.3 269.3 270.1 270.6 270.2 269.1 268 266.9 265.9 264.8 263.5 262.2 260.9 260.2 260.3 259.4 259.1 258.7 258.8 259.1 259.9 260.6 262.8 265.5 268 271.3 274.9 279.7 284.4 288.2 293.1 293.4 292.3 289.5 286.1 280.5 274.5 267.7 260.6 254.4 247.6 242.9 239.9 236.6 230.8
195.6 194.9 195 195.1 194.9 195 193.9 193.9 192 190.5 189 187.6 186.2 186.8 192.2 200.6 209.6 217.7 224.4 229.7 234.9 239.4 241.6 245 248.1 249.9 252.9 255.9 258.8 261.1 263.3 265.1 266.8 268.2 269.4 269.7 269.7 268.6 267.4 266.2 265.1 264 262.9 261.7 260.4 259.8 259.9 259.9 259.8 259.8 259.9 260.2 260.5 260.8 261.7 262.9 264.6 267.7 271.3 275 278.9 283.3 287.7 292.4 292.7 291.5 288.4 284.4 277 270.8 268 266 263.7 260.1 256.9 253.6 249.7 246.1
202.9 203.3 203.4 201.9 201 198.7 197.7 195.4 193.4 191.8 189.9 188.5 187 186 190.9 199.2 209.8 219.2 225.3 230.3 234.5 237.5 240.4 243.3 245.9 248.7 252.3 255.3 258.2 260.2 262.6 264.8 266.4 268 268.2 268.5 268.3 267.1 265.9 264.7 263.5 262.3 261.1 260 259.4 259.3 259.2 259.1 260 261.6 262.3 262.4 263 263.7 264.4 265 265.9 268.6 272 275.5 279.1 283.2 287.7 291.5 292.3 291.2 289.4 285.1 282.8 280.5 278.1 275.4 273.1 271 268.7 265.7 261.3 257.4
208.5 208.1 207.5 206.5 204.9 202.9 200.3 197.5 195.1 193.1 191.2 189.4 187.3 186.5 188.9 197.1 207.9 217.1 223.8 228 232.1 235.4 239 240.4 243.1 248.6 251.7 254.3 256.7 259.4 261.6 263.2 264.9 266.4 266.7 266.9 266.4 265.4 264.2 263 261.8 260.6 259.4 258.2 258.4 258.4 258.5 259.9 261.6 263.2 264.9 265.4 266 266.7 267.3 268 269.1 270.2 273.4 276.7 280.3 284.2 288.3 291.9 292.6 292.4 291.8 289 287.8 285.8 283 280 278 276.8 274.5 272.2 268.3 264.4
212.7 211.6 210.7 210.2 207.7 205.4 202.4 199.7 197.3 194.8 192.7 191.3 188.1 186.8 187.5 193.4 203.2 212.2 219.2 223.5 228.1 231.5 233.9 235.8 238.6 244.6 248.2 250.4 252.7 255.7 258.8 261 262.7 264.4 264.6 264.9 264.3 263.3 262.3 261.3 260.1 258.9 257.7 256.6 256.9 257.3 259.7 261.5 264 266.2 267.7 268.4 269 269.7 270.3 271.1 272.3 273.4 275.3 277.7 281.2 285.1 289.1 292.5 293.5 293.6 293.1 292.2 290.5 288.7 286.9 284.5 282.6 280.4 277.6 272.9 270 266.7
215.5 213.6 212 210.7 208.7 207.2 204.4 201.8 199.4 196.5 193.4 192 189 187.5 186.8 190.3 197.3 205.8 213.2 218.3 222.7 226.3 228.8 231.6 234.8 237.4 241.4 245.7 248.7 251.9 254.9 258.3 259.9 260.9 261 262 261.6 260.8 260 259.2 258.2 257.1 255.9 255 256.9 259.5 262.6 265.3 267.5 269.5 270.5 271.4 272.2 272.8 273.5 274.2 275.5 276.6 278.6 280.7 282 285.9 289.5 292.9 294.3 295 294.6 293.9 292.8 291.3 289 286.2 282.6 280 277 273.5 269.3 264.6
217 215 213.1 211.5 210.2 208.7 206.4 203.9 201.1 198.2 194.6 192.5 189.7 187.9 187.4 188.1 194.1 200.2 206.1 211.8 216.7 220.5 223.3 225.5 227.9 230.8 234.5 238.8 243.5 246.9 251.5 254.9 256.7 257.3 258.4 259.2 258.8 258.1 257.3 256.5 255.7 254.8 254 254.3 258.6 262.2 265.6 268.2 270.7 272.1 273 274 275 275.9 276.6 277.3 278.5 279.8 281.4 283.5 285.9 289.1 291.7 294.3 295.4 296.5 296.1 295.3 293.7 291.4 289.3 285.8 282.1 278.4 273.5 269.5 263.3 259.1
218 216.2 214.4 212.6 211.4 210.2 208.4 205.7 202.8 199.9 196.2 193.1 190.3 188.4 187.8 187.7 191.7 197.1 201.1 205.1 210.4 214.6 217.1 219.5 221.8 224.3 227.6 232.3 237.4 243.3 248.2 251.6 253.6 254.4 255.9 256.3 256.1 255.3 254.6 253.8 253 252.2 251.3 255.7 260.5 264.9 268 270.5 273 275.4 276.2 277.1 277.9 278.7 279.5 280.4 281.9 283.7 285.7 287.8 289.9 292.2 294.8 296.2 296.7 297.8 297.1 295.5 293.3 291.2 287.8 284.2 279 273.4 265.7 258.9 252.9 246.6
219.1 216.9 215.3 213.8 212.8 211.6 210.3 207.5 204.5 201.6 197.9 194.5 191.7 189.3 188.4 188.1 191.7 195.2 199.3 203.3 207.1 210.4 213.2 215.9 217.9 219.3 222.6 227.1 233.1 239.8 244.9 248.2 250.4 251.9 253 253.4 253.3 252.6 251.8 251.1 250.3 249.5 251.5 257.8 263.1 267.1 270.3 272.9 275.4 278 279.6 280.4 281.2 282 282.8 284.5 286.3 288.2 290.1 292.2 294.3 296.3 297.6 298.8 299 298.8 296.8 294.5 291.1 285.3 280.6 274.5 268.3 260.8 252.9 246 240.2 231.5
219.7 217.9 217.2 215.8 214.2 213.4 211.7 209.9 207.3 203.6 199.7 196.5 193.6 190.6 189.2 188.4 188.6 193.3 197.5 201.1 204.9 208 210.7 213.6 216.3 219.3 222.8 227.1 232.3 237.8 242.7 246.3 247.9 249.4 250.1 250.5 250.6 249.8 249 248.3 247.6 248.1 253.1 259.7 264.9 268.8 272.2 275.2 277.8 280.4 282.9 283.7 284.5 285.4 287.1 288.9 290.7 292.6 294.6 296.6 298.6 299.8 300.7 301.1 299.7 298.3 294.6 290.3 285 277.3 268.6 261 254.5 248 240.9 237.6 230.8 221.4
221 220.6 219.6 217.8 215.6 214.5 212.5 211 209.1 205.9 201.7 198.6 195.5 192.4 190.5 188.9 189.1 192.7 195.9 200.9 206.4 208.7 211.6 216.4 219.7 222.7 226.2 229.6 233.7 238.1 241.3 243.5 245.2 246.8 247.2 247.6 247.8 247.1 246.3 245.5 244.9 248.9 255 261.2 265.8 269.6 273.1 276.6 280.1 282.8 285.4 287 288 289.7 291.6 293.6 295.6 297.6 299.6 301.5 302.4 303.2 303.2 299.7 298.4 296.2 290.6 283.9 274.4 265.5 258.7 252.6 244.6 235.4 235.6 237.4 237 238
222.4 221.2 221.6 221.5 216.6 215.7 212.3 210.5 209 206.6 203.1 200.2 197.1 194.3 192 190 188.8 191.8 196.6 202.6 207.9 212.2 216.5 219.2 222.5 225.3 228.3 231.3 233.3 236.3 239.2 240.4 242 243.4 244.1 244.7 245.1 244.3 243.5 242.6 244.9 249.7 255.8 261.1 265.9 270.5 273.9 277.4 281.7 285 287.7 290.5 292.7 294.8 296.8 298.8 300.9 302.9 304 304.8 305.7 305.7 304.3 299.1 296.4 292 283.3 274.4 264.7 258.1 246.2 248.5 251.2 251.9 251.9 253.3 253.9 253.9
224.1 223.2 221.4 221.6 217 215.7 211.9 210 208.4 206.6 204.5 201.4 198.3 195.4 192.9 190.8 188.8 191.1 195.7 201.2 206.1 211.5 216.6 220.2 222.9 225.2 228.1 229.8 231.5 234.4 236.1 237.2 238.8 239.9 240.6 241.3 242 241.7 240.5 240 243.9 249.2 254.8 260.2 264.3 269.7 274.7 278.2 282.5 286.8 289.9 292.9 296.1 299 301.2 303.3 305.5 307.1 308.1 309.1 308.4 307.2 304.7 299.8 293.3 285 275.3 264.8 264 265.7 265.6 264.8 265.9 266.7 267 267.9 268.6 268
225.6 223.7 221.7 219.7 217 214.5 212.1 208.8 207.1 205.3 204 202.5 199.4 196.5 194.2 190.1 190.5 192.1 194.3 199.5 204.2 209.7 214.8 218.8 221.9 224.8 226.4 228.1 229.8 231.8 232.9 234.1 235.6 236.3 237 236.9 237.1 237.6 236.7 238.3 242.1 245.9 251.7 257.5 262.5 267.9 274.7 279 283.3 287.6 292 295.5 298.5 301.6 304.8 307.4 309.6 311.7 311.5 310.9 310.2 308.3 302.7 295.5 287.6 276.8 274.3 276.9 278.7 279.5 279.1 278.3 278 278.4 278.5 277.7 277 274.8
224.9 222.9 220.9 218.5 216 214.5 212.5 208.9 206.9 204.4 203.2 202.1 200.4 197.9 195.6 190.1 191.9 194.6 194.8 197 202.3 207.1 211.6 216.9 220.4 223.3 225 226.6 227.8 228.8 229.9 231 232 231.9 231.8 231.8 232.3 232.8 232.9 236.4 239.5 242.5 247.8 253.6 259.5 266.2 272.9 279.7 283.8 287.9 292.6 298.1 301.7 304.7 307.7 310.7 313.3 314.9 314.9 313.8 311.4 306.3 299.6 291 285.3 288.1 289.5 290.7 290.9 289.8 288.6 287.7 286 284.8 284.6 283.7 281.2 278.7
224.2 222 219.8 217.3 215.3 214.2 212.7 209.3 206.7 204.2 201.7 200.6 199.6 198.5 195.9 190.6 192.8 200 201.6 200.4 197.4 203.8 208.5 214.2 218.5 221.9 223.2 224.2 225.2 226.2 226.9 227.1 227 227.3 226.9 226.7 230.4 237.1 242.2 243.3 244.5 246.8 245.4 251 258 265.6 272.7 278.6 284 288.2 293.3 299.4 304 307.6 311 314 316.7 317.9 317.3 314 311 304.1 301.1 299.7 299.5 301.1 301.6 300.8 299.5 297.9 295.4 294 292.6 291.2 289.1 286.8 284.4 281.8
223.2 221 218.6 216.3 214.9 213.7 211.4 209.1 206.6 204 201.4 199.1 198.3 197.3 191.9 192.2 196.5 201.5 205 206.5 206.2 199.5 205.4 211.3 216.3 219.8 221.4 222.4 223.4 222.9 222.2 222.1 221.7 222.7 226.8 233.4 239.9 244.3 248.3 250.9 253.2 256.1 257.4 255.1 256.4 264.5 271.9 277.6 282.9 288.3 294 300.1 306.2 309.9 313.4 316.9 318.4 320.3 320.8 317.5 315.1 312.6 311.2 310.8 310.8 310.4 310 308.2 306.3 304.4 301.1 299.7 296.7 293.5 290.8 287.6 285 282.4
