app/static/ascii/NT76.asc
ncols 200
nrows 200
xllcorner 370000
yllcorner 660000
cellsize 50
[rows 140 to 174 of 200, columns 78 to 155 of 200]
177 177.3 178.9 177.6 175.4 173.1 171.9 181.1 186.8 189.9 186.7 182.5 181 186.6 191.4 188.5 179.2 165.6 163.1 158.1 164.2 186.9 220.2 242.1 245 244.4 243.1 239.4 233.8 229.4 225.3 221.2 216.8 211.6 207.5 204.5 201 197.2 195.7 193.8 190.5 185.1 179.2 174.1 161.8 171.9 175.1 178.5 182.1 184.5 182.1 188.1 191.4 186.9 189.6 192.7 197.4 206.1 211.6 217.5 222 225.8 229.3 230.7 230.7 229.3 226.9 225.4 225.3 224.9 222.9 221.1 220.7 220.2 219.6 219 218.4 217.8
187.5 189 186.3 185.7 185.8 188.5 196.5 196.2 198.9 198.9 191.8 201.3 205.7 210.2 212.9 213.5 203.7 185.9 164 161.7 158.6 188.6 218.6 243.7 244.9 243.6 241.7 238.5 234 227.7 223.5 219.7 216 210.9 207.6 204.3 201.2 199.3 198.6 196.9 193.4 188.5 182.4 176.3 168.4 161.3 164.5 165.5 168.7 169.3 172.9 179.3 177.4 176.3 191.8 195.8 201.3 205.8 210.5 216.2 220.6 224.5 227.2 227.5 227 225 224.1 223.3 222.6 221.5 220.9 221 220.4 220.6 220 219.5 218.9 218.3
205.6 205.9 204.3 205.1 205.1 204.2 203.6 204.9 205 204.6 204.2 210.7 214.9 218.2 221.1 219.2 208.3 190.2 167.3 160.5 160.4 185.9 218.9 240.5 242.4 242.4 240.5 237.2 232.1 226.3 222.1 218.6 214.9 210.3 207.6 205.3 203.5 201.9 200.2 198.2 195.4 191.2 184.9 178.5 173.8 171.7 159.8 160.9 161.4 159.7 161.8 162.6 169.1 180.5 189.6 194.8 198.6 200.6 208.2 214.2 219.4 222 223.6 223.4 222.7 221.6 220.7 219.7 219.2 218.9 219.8 219.8 219.3 220 220.6 220 219.4 219.8
214.1 212.8 212.2 213.1 213.4 212.1 211.2 212 212 212.9 210.3 217.8 221.5 225.2 225.9 223.9 210 187.6 167.9 159.4 161 188.8 216 234.6 240.2 240.7 238.4 234.5 230.3 225.7 220.8 217.3 213.7 210.3 207.7 205.6 204.5 203 201 199.1 195.7 192.7 187.2 181.5 178.2 176.8 175.5 172.1 168.3 161.8 158.7 156.2 156.4 169.7 181.8 190.6 191.8 193.1 204.9 212.6 216.9 219.9 220.5 219.5 217.8 216.3 215.9 215.6 213.8 214.9 217 218.2 218.2 219.5 220.8 220.6 220.7 221.5
224.4 224.3 222.3 221.8 221.4 220.5 218.9 219.5 219.5 220.1 216.7 222 228.2 231.6 233.1 227.8 211.9 189.3 169.6 158.3 163.1 187.7 200.7 213.2 226.2 236 235 232 227.2 223.1 218.7 215.5 211.6 208.8 207.7 205.6 204.3 203 201.6 198.3 195.6 194.1 190.6 184.9 180.4 178.5 177.9 176.9 174.6 171.2 169.3 166.1 156.4 155.3 164.5 170.7 178 184.6 193.3 206.4 211.3 214.2 215.6 214.7 212.9 210.8 210.5 210.3 210.4 211.4 214.1 215.3 217.3 219.1 220.4 221.7 222.4 223.2
235.7 235.7 232.4 229.3 228.5 227.6 227 226.5 225.9 226.5 225.1 228.3 234.1 237.5 237.7 230 214.8 195.8 172.1 157.3 158.9 169.4 179 191.1 203.7 219.2 231 228.2 223.4 218.7 216 213.1 208.8 206.3 204.9 203.8 203.8 202.4 200.8 198.1 197.3 196.2 194.2 189.4 183.2 181.4 179.7 177.9 176.7 173.8 171.6 168.7 160.7 154.1 157.5 165.6 163.3 165.9 173.9 184.4 203.3 207.8 208 207.7 205.4 203.4 204.5 206.1 207.9 208.5 211.1 213.6 216.1 218.8 220.4 223 224.9 226
247 245.8 243.9 239.4 235.3 234.7 234.1 233.3 232.9 233.7 234 235.8 239.4 243.2 242.6 235.3 221.6 206 177.3 159.9 154.7 156.2 159 168.3 182.4 196 210.4 221.5 218.8 214.9 211.6 208.6 205.5 202.2 200.8 200.7 201 201.2 200.2 198.9 198.8 198.6 198.2 194.1 185.8 183.3 180.5 178.6 177.4 174.6 171.5 167.8 160.8 153.5 160.4 177.4 180.9 179.6 182.3 180.6 184.8 190.4 189.6 191.2 193.2 195 197.8 201.6 204.1 206.1 209.4 212.7 216.1 219 221.6 224.3 226.4 228.2
256 254.9 254.3 250.8 245.9 244.4 243.1 241.8 241 242.1 243 243.9 245.5 248.6 249.1 241.4 228.8 216.6 199 179.2 169.6 154.5 155.3 155.5 160.4 173.8 189 203.4 207 209 205.2 202.3 198.7 195 194.7 195.2 196.7 198.7 200.7 200.1 201 201 200.8 198.5 190.2 183.5 181.2 179.3 177.6 175.5 171 166.3 154.8 154.1 166.1 181.1 188.2 190.8 194.2 194.3 195.3 193.1 193.3 195.4 199.2 201.1 202.1 202.1 203.7 207.6 211.3 216.2 218.6 221.1 223.4 225.4 227.7 229.4
260.1 260.4 260.2 258.6 254.6 251.9 250.2 249.2 249.1 250.1 250.5 250.7 251.7 251.8 251.9 248.1 240.1 229.1 219 205.3 186 174.5 160.6 154.4 151.5 155.3 168.9 178.9 183.8 190 188.3 188 185.4 185.5 186.7 188.7 191.7 195.6 197.3 198.8 200.2 201.4 202.1 201.4 195.3 185.9 181.1 179 177.1 174.5 169.9 164.3 150.7 155.5 181.6 190.3 198.3 199.9 203.2 205.3 206.4 204.7 203.5 203.2 206.5 209.4 209.7 208.6 209.4 210.2 215 219.5 222 223.9 225.3 227.2 228.7 230.6
263.5 264.1 263.1 261 259.9 257.1 255.9 255.9 255.7 255.6 255.3 255.3 255.4 255.2 254.6 251.8 247.7 241.1 233.8 218.5 203.2 190.6 177.9 159 153.8 152 154.1 154.7 161.2 167.8 169.8 171 170 171.7 176 180.6 186.3 191 194.5 196.2 197.6 199.1 200.5 201.5 199.5 193.4 183.9 178.5 176.2 174 170 160 151.3 171.9 192 197.6 203.6 206.3 208.6 210.9 211.6 210.9 209.7 209.9 212.3 215 215.5 213.9 214.7 214.8 217.8 221.2 224.2 225.8 227.1 228.4 229.6 231.3
266.2 266.4 265.2 263.9 262.8 261.5 260 259.7 259.4 259.3 259 258.7 258.4 258.1 257.4 255.7 252.1 247.1 240.5 234.3 221.1 208.5 195.6 179.7 166.9 156.2 151.4 151.1 151.4 150 149.5 151.3 157.9 160 159.4 161.4 164.2 173.2 188.2 192.5 194.3 196.4 198.4 199.6 199.6 196.1 186.9 179.9 175.3 172.3 168.4 151.4 155.1 181.9 195.5 202.4 207.6 210.6 212.1 214.4 216.5 216.3 216.4 216.5 218.7 220.6 220.3 219.5 219.7 219.1 219.3 222.4 225.5 227.5 228.9 229.5 230.5 232
267.4 267.4 266.8 265.5 264.2 263.2 262.7 262.5 262.2 261.9 262.1 262 261.5 261 259.9 257.7 254.7 250.5 244.5 240.1 236.1 226.5 212.8 198.3 184.3 176.8 169.3 158.5 152.3 150.9 146.8 146.4 145.8 144.4 144.2 144.2 144.2 143.9 159.4 176.4 188.5 193 194.7 196.6 197.6 195.7 190.1 182.2 174.8 171.1 162.1 149.6 169.4 191.2 199.2 205.8 211.4 215 216.9 218.9 220.7 222.2 221.4 222.2 224.4 226.3 225.5 224.4 223.3 222.5 222.8 224 226.8 229.3 230.4 230.9 231.5 232.7
266.7 267.4 267 266.2 265.5 264.6 264.5 264.1 263.5 263 263.9 263.5 263 262.3 260.6 258.7 255 251.5 249 245.2 241.3 236.3 227.7 212.8 200.9 191.9 182.5 172.6 167.9 163.8 156.1 151.1 147.3 148.4 150.1 148.5 148 146.7 143.9 152.7 164.9 172.9 180.4 190.7 193.5 192.3 188.4 186 175 170.7 161.2 148.7 177.5 194.4 201.3 208.1 215.2 219.2 222.1 224.1 226.1 226.7 227.5 228.4 229.7 230.5 230.1 228.5 227.4 226.3 226 227.4 228.7 231.1 231.9 232.4 232.9 233.5
265.8 266 266.3 266.3 265.8 265.2 264.9 265.2 264.3 264 264.7 264.7 263.7 262.4 260.6 257.7 254.3 250.9 249.2 245.8 240.8 234.8 228.5 220.8 211.3 199.8 187.8 177.3 170.8 164.3 155.9 150.5 148.7 151.4 154.4 151.1 148.6 148.2 146.3 144.9 143.9 152.5 160.3 169.3 179.1 188.3 185.5 183.8 175.7 169.4 156.9 149.9 177.2 197.8 204.9 212.1 217.4 221.6 225.7 228 229.2 230 231.2 232.4 233.6 234 234.1 232.6 231.4 229.1 227.7 229.6 231.2 232.8 233 233.4 233.7 234.1
263.8 264.6 265.1 265.5 265 264.4 264.5 264.9 264.9 264.1 263.7 263.5 262.1 260.4 259 256.3 253.3 250.2 247.5 243.2 238.2 232.5 226.5 219.9 210.9 200.5 188.7 177.9 171.7 164.6 156.1 149.7 146.4 155.5 162.5 156.1 149.9 148.8 147.4 147.1 146.1 143.9 146.5 154.6 161.2 173 183 181 174.5 169.2 157.5 148.3 176.9 200.9 208.5 214.5 219.6 224.5 228.2 230.7 232 233 233.9 235 236.2 236.7 237.1 236.7 234.2 231.6 230.4 231.3 233.2 233.8 233.5 233.8 233.7 233
260.6 262.3 262.8 263.6 263.1 262.4 262.9 263.4 263.2 262.2 261.7 261.5 260.3 258.7 256.7 253.7 250.6 247.6 243.9 239.3 235 229.5 223.9 217.9 210.5 200.7 189.6 179.6 171.4 163.3 155.1 147.7 146.8 158.2 168.2 161.4 154.3 151.3 148.1 147.4 146.4 145 143.9 145.5 146.5 159.8 175.8 174.7 171.2 164.7 147.8 156.7 186.7 204.7 210.8 216.4 221.6 226.8 230 232.7 233.7 234.3 235.3 237.3 238.8 239.5 239 238.5 237.8 234.9 232.1 233.4 234.7 234.7 233.9 232.4 231.9 230.9
257.1 258.9 260.3 261.3 261.8 261.2 261.5 261.2 260.9 259.6 258.5 257.6 256.5 255.2 252.9 250.2 247.1 243.6 239.8 234.9 230.2 225.7 220.1 214.9 208.6 200.6 189.6 181.4 171.2 160.2 148.4 147.6 148.4 155.2 164.4 163.6 157.5 158.2 160.7 157.2 147.2 145.5 145.4 142.9 144 146.4 161.5 169.1 163.8 147 149.2 177.2 199.4 206.5 212.7 218.3 223.7 228.7 232.1 233.9 234.5 235.3 236.7 238.6 240.6 241 240.8 240.2 239.2 237.8 233.1 235.1 234.8 233.8 232.4 231.4 230.1 228.3
253.3 255.1 256.9 257.9 258.5 258.8 258.9 258.6 258 256.6 255.1 253.5 252.3 250.8 248 245.3 242.4 238.8 234.2 230.1 225.5 220.8 216.1 210.8 204.3 199.1 189.6 179.6 163.1 149 147 148.8 149.2 157.6 161.1 161.2 165.7 171.2 167.6 163.4 156.6 146.5 145.3 144.9 142.9 143.4 146.3 160.2 150 146.1 166.8 187.8 201.4 208 214.1 219.9 225.3 229.7 232.9 233.8 234.3 234.9 236.8 239 241 241.6 242 241.7 240.7 238.5 236 233.1 232.4 230 229.4 229 227.1 225.5
249.1 251.1 252.9 254.5 255.1 255.6 255.4 254.8 254.2 252.8 251.2 249.7 247.9 245.3 242.6 239.2 235.9 232.3 228.1 223.8 219.7 214.3 210 205.2 200.7 195.5 185.3 163.8 148.1 148.9 149.2 148.7 155.6 166.1 174.3 182.4 184.3 182.2 179.5 177.2 172 160 145 144.9 145 142.8 141.7 145.6 144.3 154.2 180 195.3 202.9 208.7 214.4 220.3 225.7 229.4 232.6 233.5 234 234.4 236.4 238.6 240.5 241.9 242.8 242.4 241.1 238.7 236.2 231.1 228.1 226.3 226.9 225.4 224.2 222.6
242.7 246.1 248.1 249.6 250.2 250.2 250.1 250 249.4 248.4 246.1 243.4 240.9 238.8 235.1 231.4 228 223.7 220.2 215.2 210.5 204.7 200.9 195.7 193.5 181.6 162.3 146.8 149.6 149.9 151.2 155.2 164.7 184.4 197.5 197.9 192.5 187.3 183.2 180.9 176.9 168.6 160.6 151.3 145.5 145.8 144.8 141.1 144.9 168.5 190.9 198.7 204.1 209.5 214.9 220.5 225.2 228.9 231.5 231.6 232.1 232.2 234.3 237.7 239.8 241.6 242.1 241.8 240.6 237.9 234.6 231.2 228 223.7 223.7 222.6 221.5 220.4
236.1 239.1 240.9 242.6 243.8 244.6 244.4 244.3 244.4 243.6 240.6 236.4 233.8 231.3 227.2 223.8 218.8 212.9 207.7 201.6 196.5 193 188.4 183 175 157.9 147.1 152.4 152.1 153.5 158.3 166.9 180.2 193.3 201.9 202.7 198.3 190.9 185 181.9 178.6 171.6 165.9 160.3 153.3 156.5 144.7 144.3 143.9 180 193.5 199 204.1 209.2 214.8 219.4 224.2 227.3 229 229.5 229.5 229.6 232.1 235.9 238.4 240.5 240.5 240.1 239.2 236.5 232.8 229.7 227.9 224 220.3 219.3 218.2 217.4
229.4 231.4 233.1 234.7 235.5 236.2 237.5 237.3 238 237.4 235.2 231.3 227 223.3 219.3 215.3 208.1 201.5 195.9 191 186.5 182.6 177.1 170.5 160.6 147.1 152.8 154.1 156.5 162.6 172.3 180.2 187.9 200.4 207.6 208.8 202.5 194.8 187.4 181.7 176 170.1 165.1 160.9 155.9 152.6 148 144 141.9 181.8 192.5 197.7 202.7 208.1 213 217.5 221.4 224.1 225.4 225.8 226.1 227.1 228.3 232.2 236.2 238.1 238.2 238 235.8 231.9 229.4 228.5 226.8 224 220.3 216 214.4 213.5
219.5 222 223.8 223.4 223.5 225 227.3 229 230.4 230.3 229.2 226.5 223.2 219.4 214.8 208.8 200.8 194.4 190.6 186.2 181.3 177.4 172.2 157.7 151 153.4 157.8 162.8 166.7 175.8 186.9 193.8 199 209.6 215.4 214.9 208.6 201.3 192.2 183.8 174.8 167.2 162.8 159 156.1 152.3 146.5 143.5 143.1 177.2 186.8 193.9 199.5 204.8 209.7 214 217.5 219.4 220.4 221 223.1 224.2 225 229.1 233.1 234.3 234.8 233.1 230.8 227.8 226.8 226.2 225 222.1 218.4 214.8 211.7 209.9
207.3 209.3 208.6 208.3 208 210.3 214.4 219.8 223 223.4 222.7 222.6 219.6 216.6 209.9 204 196.3 190.4 186.8 181.2 176.9 174.2 163.1 151.6 147.3 157 165.2 172.6 176.8 184.8 193.7 202.9 209.4 218 222.3 220.9 215.3 208 199.4 187.9 175.3 166.9 161.7 157.6 155.2 152.8 145.9 144 148.6 168.3 175.2 183.9 194 198.6 204.1 208.6 212.1 213.4 214.7 216.9 218.6 219.9 222.1 225 227.4 229.5 230.5 228.1 225.5 223.4 223.6 223.4 222.4 219.9 216.6 212.7 209.2 206.3
196.7 197 194.9 194.1 195.1 197.2 202.7 209.5 213.7 217.3 217.1 217.7 216.6 214.3 210.4 202.8 194.9 188.6 183.7 175.7 168.3 168.6 153.8 151.3 153.3 164.1 172.2 180 186.2 194.8 204.7 212.1 220.2 226.7 229.5 228.6 223.1 215.3 205.2 195.2 181 170.2 163.3 158.1 155.1 151.1 144.5 142.9 146.7 156.4 162 170.7 179.3 187.6 195.3 199.8 204.7 207.2 208.8 210.7 214.2 216.4 219.2 221.3 223 224.8 225.1 223 219.9 219.3 218.5 219.5 218.8 217.4 213.6 209.8 206.3 202.8
185.8 188.2 187 185.2 185.4 186.8 189.1 198.8 201.9 207.4 211.8 212.6 212.6 211.2 208.7 203.7 194.8 188.4 183.3 177.4 170.1 158.7 152.7 148.5 164.1 175.8 184 194.7 204.8 210.5 219.9 228.3 234.2 235.5 236.3 234.5 231.3 223.1 213.3 202 185.2 175.7 168.9 161.6 157.1 151.7 143.8 142.4 142.7 144.2 149.1 154.7 163.1 172 181.1 189.4 193.6 198.1 201 203.7 208.8 212.8 214.6 217.2 217.8 218.7 217.7 216.1 215.4 214.7 213.6 215.1 215.3 212.9 210.5 206.7 203.3 199.9
173.3 178.5 178.3 177.5 176.5 177.4 178.2 181.1 187.8 193.9 197.8 201.8 206.4 206.8 205.4 201.8 194.2 187.6 182.4 173.4 166.9 155 152.4 152.3 173 188.7 200.1 211.7 222.3 228.7 236.5 239.2 243.4 244.7 244.5 241.5 236.9 230.5 222.7 210.6 194.2 184.5 183.3 176 164.3 154.7 142.9 142.2 142.4 143.5 143.3 144.4 150.3 157.1 165.1 173.2 180.6 184.8 185.2 190.1 204.9 208.4 210.4 211.3 211.7 211.8 210.5 210.5 210.7 209 208.3 210.5 209.5 207.5 206.5 203.6 200.2 197.1
172.5 164.7 168.9 170.3 169.1 168 168.2 169.7 173.9 177.5 180.8 185.7 195.7 196 198.2 197.1 190.1 183.6 177.8 171.7 165.7 152.6 149.1 163.7 183.6 203.7 216.9 228.7 236.1 239 244.9 248.8 251.8 254.8 252.2 249.5 245 239.2 228.9 214.5 206.8 201.7 204.1 198.1 181.3 165.9 144.3 142.4 141.9 143.7 143.1 142.3 141.5 141.8 144.5 156.2 167.6 168.9 173.1 191.5 200.7 205.2 206.8 206.2 205.2 204.3 204.4 204.5 204 201.6 200.1 203.2 203.5 203.3 202.7 200.4 197.6 195.1
172.2 164.5 162.4 163.1 161 160.6 159.9 159.5 158.7 161.1 163.8 168.9 174.1 174.6 180 183.8 176.8 172.3 172.1 167 156 151.1 156.2 176.3 195.7 215.6 232.9 238.3 243.2 246 251.5 256 259.9 260.7 259.6 256.8 252.8 247.4 237.9 225.8 226.2 221.3 220.9 208.5 195.5 183.3 168.7 148.6 138.8 140 141.3 140.1 142.1 141.9 141.3 142.4 154.1 157.8 165.9 181.6 193.9 200.7 202.8 201.3 200.7 199.5 198.6 197.4 194.8 192.1 192.4 195.4 196.6 198.2 198 195.8 193.6 192.2
157.6 158.8 157.2 158.3 156.4 156.8 156.4 155.6 155.3 154.5 154.3 153.7 154 155.6 160.3 164.8 158.3 154.6 151.4 149.2 149.2 156 172.2 188.9 208.4 227.7 238.3 243.8 248.7 252.3 255.6 259.7 263.1 266.5 267.2 264.6 260.3 254.7 246.9 240.9 236.8 232.6 230.2 220.9 211.5 201.6 191.8 184 171.9 157.1 149.4 144.7 141.6 139.1 137.9 139.2 140.9 144.4 153 170.4 180.5 196.7 200 199.2 198.1 196.2 193.3 191.6 187.4 183.8 183.6 185.7 190.4 191.8 191.6 190.6 189.3 188.1
157.2 157.1 156.1 153.3 153.2 153.2 153.2 155.5 155.5 154.4 154.6 153.9 153.9 153.5 153.3 153.2 153.5 150.2 151.9 152 153.1 167.6 182.3 199.9 219.3 233.8 241.6 247 251.7 255.4 259 262.4 269 272.4 273.1 271.2 267.1 261.1 255.8 251.3 248.6 242.4 237.8 229.3 220.9 215 209 202.4 194 185 174.7 167.1 156.6 147.3 142.1 138.3 139.1 136.2 138.8 147 163.3 186.2 198.2 197.8 197.4 195.5 190.9 187.9 184 179.7 176.4 176.3 181.5 184.7 181.4 182.2 182.2 181.9
156.8 156.6 157.2 156.3 155.8 155.5 155 154.3 154.3 152.3 154.2 154 153.7 153.6 153.9 154.3 152.4 153.3 153.7 154.7 160.9 177 192.1 209 226.1 236 243.8 249.2 254 258.4 262.4 268.1 273 275.7 277.1 274.7 271.5 266 261.7 258.6 254.5 249.1 245.1 238.6 229.6 223.9 217.9 212.6 206.6 200.7 191.9 184.2 175.6 159.9 148.3 142.1 141.3 140.4 140.3 136.7 146.1 176.8 195.9 198.1 196.5 195 188.7 184.8 181.9 176.1 172.5 170.8 171.6 173.4 173.3 173.5 174.8 175
164.1 166.7 168.6 165.6 165 165.4 163.6 159.2 155.9 155.3 154.1 151.8 153.7 152.8 152.3 154.4 160 160.2 163.2 164.9 175.6 187.6 201.8 214.7 226.1 235.7 244.1 250.5 255.7 259.8 264.3 270 274.4 277.7 278.5 276.6 274 270.1 266.5 263.6 260.6 254.7 248.3 242.5 235.5 228.6 222.2 217.4 210.4 205.1 200.4 195.1 188.1 176.9 153.3 148.3 147.4 140.1 139.6 140.6 136.2 169.2 192.7 196.2 195.9 192 185.6 181.7 178.5 174.3 172.1 169.4 166.8 167.7 168.7 169.6 170.7 174.8
192.7 198.3 195.1 184.3 187.8 192.4 190.6 189.4 183.4 175.8 172.3 171.6 167.9 163 172.7 174.2 173.8 170.8 168.3 172 177.1 191.7 203.3 214.5 224.7 235.1 243.1 250 256.2 261 266 271 275.8 278.3 278.7 278.2 276 272.5 269.8 266.7 263.9 258.3 250.9 244.6 238.6 231.8 225.2 220.5 214.6 210.1 204.7 199.5 193.7 186.2 167.7 155.1 152.3 148.3 139.9 139.6 136.2 160.8 186.9 195.1 195.5 191.2 183.7 179.7 176.4 174.8 172.1 165.9 163.5 165 167.3 169.8 172.9 179.5
216.3 217.2 210.1 198.2 207.2 215.3 213.2 209.8 206.5 201.1 197 194.9 194.1 192.4 189.9 185.7 181.8 175.8 177 183.3 184.2 184.6 201 212.7 221.5 232.9 241.2 248.3 255.3 261.3 266.3 271.1 275.6 278.1 279 278.3 277.1 274.7 271.7 268.7 264.5 259.5 252.7 245.4 237.9 231 225.4 220.1 215.9 211.8 207.7 202.7 197.5 189.8 180.2 163.5 157.1 153.5 147.9 139.1 136.2 150.1 177.2 193.6 192.2 188.2 182.1 178.7 176 171.4 166.8 161.4 163 167.2 170 173.5 175.9 185
