app/static/ascii/NT80.asc
ncols 200
nrows 200
xllcorner 380000
yllcorner 600000
cellsize 50
[rows 140 to 174 of 200, columns 0 to 77 of 200]
367.3 365.4 362.5 358.4 353.6 349.4 344.1 339 336.1 333 328 334.1 336.9 339.7 343.6 346.8 348.9 350.5 352.4 356.1 360.9 359.3 357.9 356.5 354.2 352 349.3 346.6 343 338 333.9 329 323.8 319.4 314.5 311.1 306.8 300.8 293.8 284 286.6 291.2 297.3 299.5 301.7 303.6 303.7 303.6 304 304.2 304.7 304.2 303 302 301 298.7 296.7 294.5 292.3 289.9 289.5 290.8 291 294.6 298.5 302.7 305.4 308.3 312.8 317.8 323 326.9 330.1 332.2 334.2 336.1 338.5 342
367.5 364.3 362.3 356.7 352.7 348.8 344 339 333.1 330.6 325.2 329.9 333.1 335.9 339.5 343.3 346.5 346.4 349 352.4 358.7 357.3 355.4 353.1 350.9 349 347.2 345.2 342.1 336.1 331.8 326.4 321.2 317 313.3 309.9 306.3 301.4 295.9 289 283 286.3 292.5 295.2 297.9 299.3 299.2 299.8 300.5 300.8 300.1 299.2 297.7 296.5 294.8 293.5 292.1 290.5 288.7 287.5 287.2 289.2 291.3 295.2 300.2 303.7 307.2 310 314.5 319.2 323.4 326.3 327.6 330.3 333.6 336.4 338.4 341.3
369.6 364.5 360.5 357 351.9 346.7 341.7 337.9 333.3 327.6 323.6 324.6 329.3 332.2 335.1 336.8 341.1 344.4 347.5 349.9 352.4 355.3 353 351.3 348.9 346.9 345.1 342.9 338.1 332.3 327.3 322.9 318.5 314.1 310.3 306.8 304.1 299.7 295.9 291.4 284.1 281.3 288.9 290.9 293.8 295 296.6 297.5 298.2 298.6 298.2 297.4 296.3 294.3 292.2 290.4 288.8 287.3 286.9 285.2 287.9 288.9 292.5 297.5 303 307.4 311.2 314.6 317.1 320.6 322.6 323.8 324.7 328.1 332.1 334.7 336.6 338.6
372.6 368.4 363.4 359.4 354.7 349.6 344.4 339.5 333.9 326.5 323 318.4 324.8 328 330 332.7 336.7 341.2 344.5 346.3 349.5 351.5 351 349.3 347.4 344.3 342.2 339.3 333.4 328 324.2 319.8 314.9 311.1 307 302.8 299.9 297.2 294.1 290.7 286.6 279.8 284.3 288.2 290.6 292.8 294.2 295.1 295.9 296.7 296.3 295.6 294.4 292.2 290 288.2 287 285.9 284.7 285.8 287.3 291.2 295.5 300.2 306.2 313.2 315.9 317.9 320.4 322 322.8 323.4 324 325.7 330.2 331.7 332.7 335.1
377 372.3 367.2 360.5 355.8 350.9 346.2 341.6 336.9 330.7 324.3 320.1 315.7 321.1 324 326.7 329.8 336.1 341.1 344.1 347.4 348.4 348.6 347.1 345.3 342.1 338.4 333.2 329.5 325 320.8 316.8 312.6 309.2 304.6 300 297.1 294.5 291.8 288.4 285.3 278.8 280.2 284.2 288.4 290 291.8 293.3 294.6 294.9 294.5 293.6 292 290.1 287.8 285.9 285.1 283.7 284.8 286.8 289.6 294.3 299.3 305.2 311.2 316.8 318.9 319.5 321.3 322.8 323.2 323.6 323.7 324.2 327.3 327.9 329.6 331.4
379.4 375.3 368.9 362.8 356.2 350.9 346.3 342.1 338 333 326.9 320.7 316.5 313.3 316.8 321.5 324.9 329.7 336.1 341.8 345.5 346.1 346.6 344.7 343 338.6 334.3 330 325.4 321.1 317.8 314.2 310.5 305.9 301.6 298.9 296.2 294.1 290.9 288.9 285.4 278.7 277.1 278.7 284.2 287.6 290.5 292.1 293.3 294.1 293.8 292.6 290.7 288.1 285.7 284.5 283.3 283.6 285.9 290.4 292.6 297.8 302.8 309.2 314.7 318.2 319.8 320.7 321.5 322.3 323.2 323 323.1 323.3 325 326.4 327.9 328.8
380.8 376.4 368.2 361.4 356 350.7 346.2 342.1 338 333.7 328.3 322.6 317.2 312.2 311.6 315.8 320.1 324 331.6 338.7 344.3 345.9 345.3 344.6 339.6 336.5 332.1 327 323.4 319 315.5 311.2 307.8 304.1 300.5 297.4 295.5 294.1 292 290 287.1 283.7 277.3 276 278.8 286.7 289.2 291 292.6 293.1 293 291.7 289.6 286.8 284.1 282.8 282.7 284.2 288.2 293.8 297.7 300.9 305.9 311 315.1 316.9 318.5 319.4 320.9 322.6 322.7 322.6 322.7 322.7 322.7 323.9 324.9 326.1
379.7 373.6 367.3 360.4 354 349.3 345.3 341.4 338.3 334.2 329 324.1 318.3 312.8 310.1 311.2 315.5 320.6 327.5 331.8 341.9 344.9 344 342.5 339.7 335.5 331.2 325.8 321.4 318 313.8 309.8 305.3 301.9 298.3 296 293.8 292.8 290.6 288.8 287.2 284.5 281.2 277 273.5 283.7 287.2 289.9 291.8 292.3 292.5 290.8 288.7 285.8 283.2 281.8 283.2 285.5 290 294.8 298.8 302.7 307.7 312.3 314.6 315.3 317 317.5 320.7 322.3 321.8 322.4 322.4 322.2 322 322.3 322.5 323.7
377.7 370.7 363.4 357.2 351.8 346.7 342.5 339.7 335 332.1 327.6 323.8 319.1 313.3 309.8 309.9 311.6 316.3 323.5 328.9 337.6 342.4 340.7 337.5 334 330.4 326.7 323 319.4 316.9 313.1 308.6 302.9 299.2 296.3 293.5 291.4 290.3 288.5 286.7 285.6 284.1 283.3 275.1 271.6 280.5 284 287 288.5 289.8 290.1 290 288 285.3 281.7 283.2 285.5 287.1 292.7 297 300.6 304.1 308.2 312.3 313.3 313.8 314.8 315.8 317.6 319.7 320.6 321.4 321.2 321.3 320.2 320.2 320.2 321.3
379.1 371.3 362.6 356 349.7 344.7 339.2 334.9 331.2 328.5 325.8 322.6 319.1 314.4 309.8 308.9 309.2 311.6 317.2 322 330.3 336.4 338.2 336 331.7 327.5 323.7 320.1 317.7 315.8 313.4 307.9 302.9 297.5 294.2 290.9 288.6 287.6 286 284.5 283.9 283.2 282.3 279.4 271.2 275.4 280 282.8 284.5 286 286.6 287.3 285.6 283.7 281.2 284 286.4 290.6 295.3 299.5 303.2 306.5 309.6 311.2 312.3 312.2 312.2 312.6 315 318.9 320 319.8 319.6 319.3 318.7 317.7 317.6 317.8
377.3 369.2 361.1 355.1 347.8 342.1 334.9 329.3 326.3 323.8 321.6 319.8 317.5 314.7 310.7 308.2 308.6 309.1 311.9 317 322.9 330.3 333.9 334.4 333.4 330 324.5 320.3 316.9 313.3 308.9 305.2 300.4 296.6 293.2 289.5 286.2 284.5 283.3 282.6 282.1 281.4 280.6 280.5 274.8 269 275.4 277 271.9 275.9 275.6 279.3 285.9 286.1 285.1 284.2 287.7 293.2 298.2 302 305.4 307.7 309.1 309.7 310.1 309.8 309.7 309 312.4 315.4 316.7 317.4 317.4 316.7 316.5 315.6 315.1 315.4
371.3 362.7 357.5 351.7 343.6 336.4 330.5 325.5 322.2 319.3 317.4 316.4 315 313.3 311.8 308.6 308 308.1 308.7 313.8 318.3 322.9 329.7 328.7 329.4 327.5 325.4 321.4 317 312.7 307.4 303 299.6 294.4 290 286.5 283.9 281.2 280.4 279.8 279.5 279.1 278.7 279.1 275.9 270.6 266.8 273.2 281 279.8 286.9 289.5 289.6 289 287.3 286.3 288.7 294.4 298.5 301.1 303.9 306.1 306.6 307.1 308.2 308.2 307.6 306.7 309.2 311.4 313.1 315.1 315.4 314.8 314.3 313.7 313.5 314.5
368.7 362 353.3 345.2 338.6 332.5 327.6 322 317.8 314.5 313.3 312.2 312.1 311.7 310.9 309.5 307.6 307.3 307.9 309.5 314.7 318.3 321.3 324.3 324.1 322.5 319.9 316.6 313.3 309.6 306.8 303.3 299.6 294.8 290 285.7 282.3 280.2 277.6 276.7 276.5 276 276.9 278.9 277.8 273.3 266.4 271.6 281.4 287.7 290.2 292.1 292.5 291.6 290.2 289.1 289.1 294.5 296.9 299.7 301.6 303.2 303.7 305.9 306.5 306.3 306 304.5 305.5 307.2 308.8 310.8 312.3 312.1 311.4 311.5 312.5 314.7
364.1 354.1 347.1 339.2 332.7 327.5 324.8 320.5 314.4 310.8 309.6 309 308.8 309 309.6 309.4 308.5 307.2 305.9 306.9 311.4 315.4 318.6 320 319.9 319.3 316.3 314.3 312.3 309 305.2 302 300.2 295.8 291.4 285.7 281.8 279.1 276.7 273.8 272.7 273 275.2 278.5 278.6 275.5 265.8 266.4 279.1 286.1 289.4 291.3 292.1 292.4 291.6 291.2 292.6 295.2 296.2 297.4 300.1 301.7 303.8 304.4 303.9 302.7 303.9 303.8 301.8 303.8 305.2 306.4 308 308.8 308 309 311.9 314.3
358 350.5 342.3 334.5 328.5 323.1 319.9 315.9 313.1 308.5 306.7 306.1 306.1 307.3 308 308.5 309.2 309 307.8 304.5 309.8 312.3 315.6 318.2 318.2 315.3 312.9 310.7 308.3 305.5 301.7 298.7 296.9 296 294.5 286.2 279.8 276.9 275.5 272.4 270.2 270.8 274.4 277.6 278.9 276.5 271.2 263.3 275.5 283.8 286.8 289.5 291.5 293.2 293.4 293.9 294.8 296.6 298.5 300.5 301.9 302.2 302.9 302.3 301.3 300.6 300.9 301.9 301 302 302.8 303.4 303.7 303.7 306.4 309.4 311.3 314
351.5 344.3 337.4 331.1 323.9 319.4 315.5 312 308.9 307.1 304.6 303.6 303.8 304.9 305.9 307 308 309.3 308.8 305.4 308.3 311.1 313.4 314.9 316.2 315.2 312.9 310.4 307.7 305.1 302.5 299.8 297.1 293.7 291.3 287 279.9 276.3 273 271.1 268.2 268.5 272.3 275.7 278.1 277.3 272.8 265.8 267.4 281.4 285 287.9 290.4 293.3 294.3 295 295.5 296.7 297.8 299.8 300.6 301.4 301.1 301.2 300.4 299.5 299.2 299.9 298.7 300.2 299.5 299.1 300.9 303.7 305.8 307.8 310.3 312.3
344.8 337.4 332 326.7 321.2 315.5 311.3 308.1 305.2 303.3 302.7 301.2 301.3 302 302.6 303.3 305.3 307.2 308.3 303.7 309.2 311.2 312 312.3 313.6 314.1 312 309.3 306.9 304.5 302 299.7 296.8 293.7 289.9 285.6 280.7 275.9 272.7 270.9 267.9 266.1 269.6 273.3 275.9 276.6 274.6 265.3 258.3 277 284.8 286.8 289.2 291.5 293.3 293.9 294.8 295.7 296.5 297.2 297.6 298.3 298.6 299 299.4 298.7 298.4 298 296.4 294.7 297.9 301.4 303.3 305.4 306.6 308.4 310.3 312.2
339.6 332.2 326.8 321.8 317.9 312.7 308.9 305.2 302.3 300.5 298.9 298.5 298.3 298.8 299 300.2 301.8 303.8 302.3 307.3 310.6 312.1 313.2 314.2 311.3 312.3 311.2 308.1 305.8 303.5 301.5 299.1 296.2 292.9 288.1 284.3 279.8 276.9 273.2 267.8 266.5 264.2 266.7 270.2 272 272.9 273.4 264 257.9 279.1 285.2 286.9 288.5 289.2 289.7 291.3 291.8 292.9 295.1 296.3 297.1 297.6 298.4 298.7 299 299 298.3 296.7 296 293.9 296.6 298.5 301.1 303.3 305.7 307.9 310.3 312.9
332 327.3 322.2 317.7 314.2 310.4 306.9 303.6 300.7 298.9 297.2 295.6 295.1 295 295.5 296.8 297.5 298.3 305.8 309.6 312.6 314 315 314.8 314.2 310.5 308.1 305.2 303.6 301.7 299.6 296.5 293.4 289.1 288.5 284.5 279.8 276 272.5 267.7 263.8 260.7 263.9 266.8 267.9 268.8 264.7 254.9 267.7 280 284.9 286.7 287.8 288.2 288.2 288.5 290.4 292.7 294 295.4 296.3 296.7 296.9 298 299 298.2 297.1 295.9 292.7 294 295.7 296.8 297.7 298.4 300.3 304.4 307.9 312.4
328.4 323.1 318.7 314.7 311.2 307.9 305.6 303.8 301.1 298.5 295.9 292.5 291.2 291.7 291.9 292.3 292.8 302 308.8 312.2 314.9 315.6 315.8 315.4 314.7 313.1 311 308.5 305.8 303.3 300.8 296.7 293.9 291.9 288.3 284.8 281.1 276.4 272.8 268.2 263.8 258.6 260.5 263.8 264.5 264.1 251.3 264 275.3 281 284.6 286.6 287.4 287.7 287.5 287.4 287.5 289.4 291.2 292.2 293.1 293.9 294.3 294.5 294.7 294.2 294 293.1 290.7 293.9 295.6 296.5 297.7 298.2 298.7 302.9 307.3 312
325.3 321 317.5 313.6 310 307.4 305 302.1 299.4 296.4 294 291.5 288.7 288.7 288.9 285.8 293.1 299.8 307.3 315 317.5 317.2 316.6 315.7 314.9 312.8 310.7 308.3 305.9 303.5 301.3 298 295.1 292.1 288.5 285 281.9 278.4 274 270.4 265.9 260.2 255.4 258.6 255.3 248.6 264.7 271.7 276.1 281.4 285.2 286.2 286.9 286.3 286.1 286.1 286 285.7 286.4 287.6 288.9 289.7 290.1 290.3 285.4 285.8 287.7 291 294.7 294.9 295.6 296.5 297.4 298.1 298.3 298.7 305 312.2
317.4 313.7 313 310 308 304.2 302.6 298.8 299.1 294.7 292.2 290 287.8 284 283.4 286.4 290.6 297.2 306 313.4 318.4 318.5 317.1 315.9 314.9 312.8 310.6 307.5 305.1 302.6 300.5 297.5 294.6 291.6 288.2 285.3 282.3 279.7 276 272.4 268.1 262.4 256.9 252.3 247.2 253.4 266.9 271.4 275 280.8 285.7 286.7 287 285.5 283.9 282.4 283.5 282.5 282.8 282.5 282.8 282.2 280 281.9 292.2 294.9 296.4 296.7 296.4 297.2 297.2 297.1 297.7 298.1 298.7 301 307 313.8
326.4 321.1 315.5 312.2 310.8 310.2 310 309.3 305.9 300.4 297.3 294.1 289.6 284.4 281.4 283.8 288.6 294.4 301.3 311.5 316.1 318.6 318.3 316.3 314.8 312.9 310.7 307.5 304.3 301.3 299 296.1 293.4 290.6 287.9 285.5 282.6 279.9 276.8 272.7 268.5 263.1 257.9 251.7 246.2 250.3 266.9 271.6 274.8 280.5 284.5 285.8 285.9 285.1 284.1 281 281.4 279.6 278.9 275 278.8 280.6 286.2 288.5 290.8 292.5 294.1 294.8 295.1 295.9 296.8 297.7 298.8 299.4 301.1 302.8 307.4 316
331.5 327.5 322.2 317.7 315.6 313.9 313.3 311.4 307 302.4 299.5 295.9 291.8 286.6 278.9 282 288.1 293.6 299.3 308.4 314.8 317.8 318.4 316.8 315.3 313.3 310.8 307.8 304.9 302 298.7 295.7 292.8 289.8 287.3 284.7 282.1 278.7 275.9 272.4 267.2 261.5 256.9 253 245 250.4 265.3 271.6 275.6 279 282 283.5 283.6 283 282.3 280.6 278.2 276.9 272.7 274 282.5 284.2 285.4 286.4 287.7 288.7 290 291 291.8 292.7 294.1 296.3 299.1 301.1 303.1 305 308.6 313.4
335.6 330.7 326.1 322.9 319.1 316.5 314 310.6 307.2 302.8 299.6 297.5 292.8 288.1 283 276.3 286.9 292.4 297.8 304.5 315.5 317.2 317.7 317.1 315.9 313.8 311.2 308.6 305.9 303 299.9 296.6 293.6 290.4 287.5 284.2 281.7 279 275.5 271.9 266 260.3 254.8 248.1 242.8 250.3 262.8 270.4 274.7 277.6 280.4 281.3 281.4 280.4 279.6 277.2 276 273.6 271 273.2 278.5 280.6 282.1 283.6 285 286 287.1 287.8 288.3 289.6 291.7 295 297.9 299.3 301.4 304.2 307.7 312.5
343.3 337.2 331.1 322.9 320.1 318 315.3 310.7 306.1 301.9 299.5 297.4 293.1 287.6 284.6 275.2 284.3 290.6 296.8 302.6 310.2 316.8 317.4 316.7 315.7 313.8 311.6 309.1 306 303.4 300.5 297.7 294.5 291.2 288.1 284.9 282.3 279.2 276 271.5 265.1 258.4 253.8 250.8 241.9 245 260.7 267.4 272.9 276.8 278.8 279.6 278.9 277.9 276 275.1 274.7 272.9 269.9 270.8 274.3 277.5 279.7 281.1 282.4 283.5 284.9 285.6 286.4 288.3 291.6 295.4 298.3 300.9 302.9 305 308.7 314
345.1 339.7 333.9 330.7 325.1 318.6 313.1 308.4 303.8 299.5 297 294.6 291.7 288 284.2 278.1 284 288.4 294.9 300.5 307.6 314.8 317.3 316 315.2 313.7 312.2 309.4 306.7 304.1 301.7 298.9 295.4 292.6 289.4 286.3 283.3 279.9 276 270.9 264.7 258.1 251.9 249.8 241.2 247.5 259.4 263.9 270.6 274 276.6 277.3 277.1 276.2 274.3 273 272.4 271.3 268.9 267.9 269.2 272.6 275.5 277.9 279.7 281.4 282.8 282.1 283.3 288 292.5 295.9 298.8 301 303.3 305.6 308.4 314.6
344.8 341.2 337.6 331.1 324.4 318.2 311.7 306.3 300.5 296.9 294.5 292.1 289.6 287.1 284.5 273.2 282.3 288.2 293.7 298.9 305 310.9 314.2 316.2 315.2 313.6 312.4 310.3 308.3 305.7 302.9 300.3 297.4 294.2 290.9 287.6 283.8 280 275.8 270.8 263.7 256 250.5 245.3 239.8 250.2 258.6 262.1 266.8 270.4 273.6 275 275.2 274.6 273.4 271.8 270.5 269.3 268.1 265.8 266.9 267.4 268.2 271.7 274.4 276.8 277.8 281.1 285.2 286.9 290.1 295.4 298.5 300.4 303 306.3 309.1 313.6
345.4 341.4 335.7 328.5 322.4 316.1 309.8 303.6 298 293.5 291.4 289.4 287 285.2 283.1 271.7 283 288.5 294.1 299.1 304.3 308.9 312.9 315.4 315.2 313.8 313.4 311.8 310.1 307.9 305.2 302.3 299 295.8 292.2 288.1 284.1 279.6 275.3 269.6 262.1 255 248.8 240 239.5 251 256.1 258.8 261.2 266.9 269.6 271.1 271.9 272.4 272.4 271.3 269.9 268.6 266.9 263.2 263 264.8 265.1 265.5 269.2 274.9 279.8 282.3 285.9 289.7 293.2 295.9 299.1 301.5 304.4 307.4 311.9 315.8
345.8 337.8 330.6 324.3 317.8 311.7 306 300.7 296 291.1 288 286 284.1 282.2 277.7 272 283.5 287.1 292.9 299.1 305.7 309.2 311.8 314.2 315.7 315.7 314.7 312.9 311.2 309.3 306.8 303.9 300.4 296.8 292.8 288.6 284 279.5 274.7 268.1 261.2 254.4 247.9 242.2 237.1 246.2 252 256 257.5 262.6 265.7 267.6 269.3 270 271.4 270.9 270.1 268.7 267.5 266.4 263.8 259.4 261.4 264.6 271.9 275.2 278.1 281.1 283.1 286.9 290.8 294.1 297.7 302.2 306.5 309.6 311.5 315
338.4 332.5 326.2 319.5 313 307.6 302 296.4 291.7 288.6 285.2 282.7 281.6 279.2 266.4 278.1 281.5 285.3 291.9 298.7 307.9 310.3 311.3 312.4 314.8 315.2 315 314.2 312.4 309.5 306.6 303.5 300.2 296.4 292.2 288.2 283.8 278.9 273.8 267.3 260.4 254.2 247.9 243.7 236.5 240.5 246.9 251 254.9 259.6 263 265.2 266.6 268 269.4 270.1 269.9 269 267.8 266.5 264.9 261.8 255.9 263.4 268.4 269.9 273.2 275.5 283.4 287.3 291.1 295.5 299.6 303.9 307.4 310.4 313 317.1
332.5 326.4 320.7 314 307.6 302 296.9 292 287.1 283.9 281.7 279.2 278.2 275.3 264 276.6 279.4 283.1 289.2 296.8 307.8 316.7 316.5 312.5 312.3 313 314.1 314.1 312.3 309 304.8 301.1 297.9 294.4 290.7 286.7 282.3 277.6 272.5 266.9 260 254.2 248 243.7 236.7 235.2 240.9 246.2 250.4 255.5 259.4 261.7 264 266 267.9 268.9 269 268.6 267.7 266.4 264.7 261.7 252.5 261.1 262.6 264.9 271.9 277.3 279.7 282.3 290.3 293.9 296 301.9 304.7 308.3 312.6 316.7
329 322.1 315.6 308.6 301.5 295.6 291 286.6 282.2 279.4 277 276.3 273.9 272.5 261.4 274.8 278 281 287.2 295.1 304.6 318.6 324.3 321.5 314.2 311.8 310.8 311.9 310.7 307.3 303.1 298.7 295.1 291.4 287.7 284.2 280 275.5 270.8 265.9 260.3 254.9 248 243 238.9 233.8 237.8 242.8 246.6 251.1 254.8 258 262.6 264.9 266.6 266.8 266.8 266.7 265.9 265 263.9 260.3 251.7 257.6 255.9 262.9 269.9 273 276.8 283 287.1 294.1 299.6 304.9 308.8 311.5 314.5 317.4
325.1 318.5 312.3 305.7 298.4 290.9 284.3 280.5 277.8 274.9 272.4 271.9 271.7 267.7 260.8 273.3 276.7 279.4 285.3 294 302.4 312.7 324.8 325.6 321.5 314.3 310.6 308.8 308 305.4 301.6 296.4 292 288.3 284.6 281 277.1 272.9 268.8 264 259.2 254.5 249.3 243.6 238.5 233.3 234.3 238.2 240.5 245.8 249.4 256.3 261.9 264.3 266 266.6 266.6 265.6 265 264.4 262.9 259 250.2 250.2 261.2 270.2 274.6 278.8 282.6 286.9 290.7 295.4 301 306.3 310.2 312.7 315.1 317.1
321 314.7 308.3 302 295.2 287.9 280.9 274.6 272.1 270 267.7 268.5 267.9 265.9 259.8 271.9 275.1 278.9 283.8 291.8 300.5 310.1 318.1 323.9 321 314.8 311.3 307.4 306.2 303.8 299.9 294.9 289.5 285.4 281.6 277.9 274 270.1 265.9 261.9 257.5 253.7 249.1 244.6 239.2 233 231.9 233.8 236.2 240.1 244.6 250.7 257.9 261.7 263.7 264.5 264.4 264 263.2 262.3 261.7 258.9 249.9 256.4 267.9 273.8 280.2 284.9 285.7 288 293.1 296.7 300.7 303.6 307.6 310.2 314.2 317
