app/static/ascii/NT82.asc
ncols 200
nrows 200
xllcorner 380000
yllcorner 620000
cellsize 50
[rows 70 to 104 of 200, columns 78 to 155 of 200]
197.9 188.3 178.5 170.5 167.3 162 164 173.4 180.7 190.3 205.1 212.4 219.5 229.6 237 251 269.1 289.8 306 320.1 327.9 335.1 328.6 317.5 306 312.1 318.7 319.8 320 331.6 351.8 356.6 356.9 355 353.5 358.6 365.3 371 374.7 372.4 369.1 364.3 362.2 360.5 349.6 342.4 357 373.2 374.9 367.1 354.1 341.7 329.7 317 308.3 302.7 298 296.4 296.5 299.2 301.9 301.7 292.6 286 276.5 271.5 268.8 262.2 254.5 244.3 233.9 221.9 211.6 200.2 198 197.9 207.5 212.1
199.3 188.9 179.4 171.6 168.3 162.4 164.8 173.7 180.8 191.5 206.3 217.2 224.1 239.9 245.1 249.5 256.7 278.1 302.6 319.8 331.4 341.8 341.6 332.1 320.5 323.1 330.6 332.3 330.4 337.7 353.3 367.1 371.5 370.2 370.4 372.1 381.1 384 383.3 379.8 375 369.7 364.2 351.5 333.1 328.8 341.7 358.9 370.4 363.4 352.6 341.8 329.6 318.5 312 306.5 302.3 301.4 302.5 303.8 307.8 304.6 296.6 285 272.4 260.3 257.1 249.9 238.5 228.2 219.9 211.9 201.7 199.9 200 210.1 215.6 218.9
199.6 189.2 180.8 173.7 168.8 163.6 166.9 173.6 180.6 194.2 208.1 218.6 226.8 247.7 264.4 267.1 264.6 271.9 293.8 316.7 334.1 345.4 350.1 347.6 341.1 336.7 339.7 341.9 342.3 347.2 364.5 379.6 387 382.7 385.1 386 390.8 394.5 393.5 387.9 378.7 372.5 362.7 341.9 323.9 312.9 320.5 343.1 358.8 355.2 345.9 334.3 322.1 313.5 313.4 310.1 306.3 304.7 305.1 306.7 307.3 304.6 296.8 283.9 270.7 252 242.1 234.5 224.2 217.5 206.9 204 203 209.1 211.8 217.7 224.1 227.3
199.7 189.6 182.2 177.3 172 164.8 167.6 173.9 181.6 194.8 207.8 218.4 228.6 250 271.9 289.2 286 282.1 295.6 321.4 339.4 351.3 359.2 363.2 363.5 361 358 354.5 354 356.1 368.2 387.4 395.1 397.6 401.9 397.8 400.5 404.7 402.5 396 385.9 378.7 368.8 349.8 329.1 308.1 302.4 321.9 341 344 335.7 323.1 303.6 296.3 304.8 305.8 305.2 297.8 299.9 303 297.6 294.6 289.3 278.9 268.8 251.6 234 220.2 211.9 207 206.3 208.2 213.8 217.8 222.9 229.9 235.5 236.5
200 191.1 185 181.8 176.1 166.7 167.3 176 183.6 194.8 207.2 217.3 230.2 250.7 278.2 299.4 310.3 307.6 309.3 326.5 344.8 356 365.8 372.6 374 378.2 378.9 372.4 371.2 372.9 382.1 391.9 403.2 411.1 410.8 409.9 414.8 415.3 410.4 401.8 393.2 385.3 374.9 351.4 327.3 306.4 293.7 299.9 317 324.5 319.9 306.1 288.3 281.2 290.3 293.1 287.6 279.8 280.4 284.1 279.6 272 269 263.8 259.8 245 224.7 211.5 209.8 210.7 213.4 216.8 221.1 227 231.7 241.2 247.9 250.8
201.3 194.3 189.2 185.7 179 169.5 167.6 177.8 184.9 193.5 204.9 216.3 232.5 254.5 279.3 302.9 321.1 328.4 329.3 337 348.4 362.9 369.3 374.7 382.4 392.1 396 392.2 389.4 385.4 392.2 400.9 409.9 416.6 416.9 418.5 422.9 422.3 417.6 408 398.7 389.1 379.1 359.7 336 311.5 292.8 283 292.2 301.3 301.6 284.6 272.5 267 274.5 271.5 264.4 255.1 253.2 255 252.5 244.8 241.1 237.7 233.4 223 214 213.9 220.2 222.1 222.2 224.4 229.8 235.3 240.7 250.7 260 265.7
206 198.6 192.8 188.6 181.1 170.4 171.2 179 185.2 194 205.4 217.9 241 262.4 286.7 311.4 327.8 336.5 340 349.8 358 365.1 370.8 377.1 388.8 403.5 407.1 394.7 380.5 380.1 390.9 400.8 414.4 420.2 420.1 426 429 426.2 419.9 410.2 401.4 391.6 378.9 362 341.1 325.3 296.6 279.6 272.1 282 280.9 267.8 256.3 252.1 253.5 245.2 234.1 229.6 226.9 226.1 224.3 221.2 219.9 218.1 216.3 215.4 225.1 230.4 233.1 234.7 230.3 233.6 238.9 245.6 251 260.9 271 280.4
209.8 202.6 196.4 190.8 182.8 173.8 171.4 178.8 185.3 195.4 204.5 217.9 243.1 266.3 290.4 315.4 332.5 341.6 349.4 355 361.1 364.1 372.7 376.9 381.7 390.2 391.7 376.8 364.3 356.4 365.4 381.4 408.8 417 419.8 428 429.5 426.6 420 410.8 399.7 390.8 378.2 362 341.3 328.1 313 288 268.1 261 264.2 253.7 244.5 238.3 235.4 233.7 243.2 243 236 229.4 226.9 227.2 230.2 226.5 218.9 230.8 236.6 241 244.7 244.8 238.1 242.7 249.7 257.8 263.2 270.9 282.5 292.8
214.2 206.1 199.7 193.1 187.2 177.9 172.3 177.6 185 195.1 206 217.5 241.9 263.9 290.2 314.3 326.1 338.5 348.3 349.4 352.9 357.5 363.3 371.6 373.1 373.1 374.8 355.4 342.3 340.5 354.8 375 398 407.1 402.7 421 426.9 426.3 419.6 409.8 395 384.2 376.4 361.8 343.5 332 319.9 294.2 272 259.7 247.1 240.8 238.5 237.9 242.9 251.1 258 260.4 258.8 254.1 247.5 243.8 240 231 228 240.7 249.5 255.1 256.6 253.4 247.5 253.5 263.3 272.2 278.4 283.6 294.1 305.5
217.7 210 202.7 198.5 190.5 182 173.7 177.9 184.1 194.2 205.4 217.4 238.3 257.6 281.9 302.6 312.2 324.4 330.2 341.7 342.4 342.6 349.7 354.7 361.4 358.5 353.4 341.1 325.4 328.2 345.1 367.7 391.3 388.7 383.5 406.4 424.3 425 419.2 409.6 395 377.7 367.4 359.5 340.9 327.4 313 289.2 267.2 253.5 242.7 244.8 250.9 251.9 255.7 265.2 273.7 276.5 275.5 271.6 266 258.6 249.4 233.3 234.9 251.6 263 268.3 267.9 263.3 256.9 267.1 277.4 284.7 291.2 302 309.8 319.2
220.1 213.5 206.6 201.1 193.5 186.3 176.7 176.8 183.2 192.5 203.6 215.9 234 253.7 270.4 283.4 297.3 308.6 315.8 324.3 331.5 328.9 335.2 337.1 337.4 335.6 328.1 320.3 310.3 323 348.8 364.3 379.7 365.4 369.5 390 413.8 420.8 417.3 408.8 394.5 376.2 360.2 349.3 337.3 323.4 305.2 281.4 261 247.5 245.2 257.3 265 269.9 272 277.6 287.9 292.5 291 286.6 279.8 268.6 253.1 233.4 243.4 263.1 275.9 281.3 279.8 273.3 267.9 279.9 289.6 297.9 308.5 318.2 327.1 339.3
222.8 217.3 208.5 201.6 195.5 188.8 183.4 176.5 180.8 189.6 201.3 212.6 227.3 241.4 255.6 266.6 281.3 289.6 303.3 310.5 316.1 311.5 316.4 321.1 315.3 311.1 308.8 298.8 298.4 313.3 341.3 355.3 361.5 348.4 354.3 373.5 399.1 414.2 411.6 404 389.2 373.9 356.1 338.8 329.8 317.9 301 277.5 256.4 246.3 257.9 271.5 281.2 287.4 288.3 292.7 302.2 309.5 307.3 299.2 287.5 272.7 252.8 234.9 254.3 275.3 288.7 293.4 290.5 285.7 281.9 288.5 301.5 313.8 325.2 338.1 346.9 357.7
226.3 219.5 210.6 204.2 198.4 193.5 189 183.1 179.2 184.2 195.3 207.7 217.8 227.1 241.6 248.7 261.7 271.9 283.5 294.1 294.4 292.4 299.3 297.6 293.5 289 287.8 283.5 291.5 315.6 337.2 344.4 342 333 339.8 362.4 387.2 402.3 402 393.5 380.6 367 350.4 334.6 316.2 308.5 291.5 270 250.3 249.2 267.9 286.4 298.8 309.9 308.8 311 316.9 319.8 319.3 308.1 291.1 273 250.5 240.4 265.9 287 301.1 306.5 305 299.5 296.9 297.5 314.6 330.3 343.9 355.7 366.1 373.7
230.3 223 214 208 203.3 197.6 193.1 188.8 181.2 181.3 185.7 198.9 208.1 214.6 227 237.1 243.6 253.1 267.1 280.5 281.9 273.7 280.7 276.9 271.7 266.2 269.2 275.7 290.6 311.9 325.9 333.7 330.8 320.3 328.9 353.5 377.4 385.3 387.3 380.9 370.1 357.7 343.3 328.3 313.1 288.6 275 261.9 251 258.6 280.9 300.1 316.8 330.4 334.6 331.6 333.7 329.4 324 311.3 293.2 272.9 247.9 252.3 277.6 298.8 312.8 319.5 318.2 315.1 317.9 316.8 327.5 344.7 359.7 372.2 382.8 391
237.2 229.4 219.1 211.8 206.8 201.6 197 193.1 186.4 190.3 186.4 186.9 196.5 203.2 211.9 219.7 224.4 236.9 246.3 261.7 266 258.6 267.5 255.5 250 255.1 268.9 282.5 300.7 315.3 323.9 328.7 318.4 309.6 320 341.8 365.2 374.4 374.4 368.5 358 345.8 332.6 319.3 302 280.5 266.7 256.4 253.5 270.7 291.7 313.1 331.6 345.6 348.9 347.1 342.4 339.1 326 309 291.2 268.5 248.3 262.3 288.3 309.2 324.7 332.8 333.6 332.6 337.9 337.1 344.7 360 375.5 388.2 398.8 406.7
245.1 238.1 224.7 216.9 211.6 206.7 201.7 196.4 191.5 193 194.6 190.8 190.2 194.1 195.5 202.4 207.9 217.8 229.2 237.3 240.1 242.1 254.1 245 242.4 257.8 277.8 296.8 307.8 320.4 323 323.5 307.7 299.5 314.4 332.4 347.9 362.4 362.4 357.1 349.5 335.7 320.9 307.7 301.9 285.8 268.9 256.2 263.1 282.7 302.6 323.8 344.8 357.5 362.4 357.8 347.1 338.2 325.5 306.1 287.4 263.5 252.6 271.6 296.8 318.4 334.8 345.2 351.3 354.7 357 360 361.8 374.7 385.8 398.3 408.5 414.7
257.7 244.8 231 223.4 217.8 210.9 205.4 200.9 196.1 196.3 199.4 201.6 201.8 204.6 205.8 207.5 204 201.2 210.1 216.1 220.5 226.1 232.4 229.3 242 256.4 276.4 287.3 300.3 315.2 313.1 309.9 291.3 290.6 304.7 316.4 331.1 345.3 352.4 350.3 345.5 336.2 326.2 322.4 309.8 289.6 271.8 257.8 271 292.1 314.2 334 354.8 368.5 370.6 360.5 345.7 328.8 318 301.4 281.1 261 260.1 278.9 302.9 324.8 343.1 355.2 363.8 369.5 372.9 375.1 379.5 388.8 396.8 404.5 411.5 414.3
265.3 248.7 237 229.3 221.8 215.1 210.4 205.5 200.4 199.1 203.7 208.5 211.3 214.5 216.2 214.5 214.9 214.9 214.2 210.4 208.5 210.8 216.3 220.1 236.3 249.1 258.1 269.4 284.6 300 302.5 295.4 279.4 282.5 293.3 301.4 311.3 322.9 340.1 348.7 347.7 344.6 340.8 334.9 315.5 293.9 272.4 259.8 280.1 302.7 326.5 347.7 365 372.7 368 355.9 339 318.3 303.9 288.6 269 267.2 271 280.6 305.1 328.6 347.7 362.4 372.6 379.6 385.2 389.4 393.6 400.7 404.9 407.9 410 409.1
265.8 255.5 244.1 234.7 227.4 220.7 215 209.3 204.6 202.7 208.4 214.9 219.3 223.8 229.1 227.8 223.5 223.2 223.6 223.8 223.6 222.4 215.1 215.5 220.1 233.6 247.8 260.9 278.1 293.1 286 282.2 270.8 276.4 283.2 292.2 304.4 320.1 343.1 351.6 353.8 352.7 349.9 336.7 318.8 295.3 268.8 262.3 287.5 311 336.1 358.7 372.7 370.6 360.9 345.6 328.4 308.7 291.1 277.5 277.2 279.7 284.3 285.1 304.1 329 350.1 366.4 377.6 385.6 392.7 397.4 402.1 405.5 407.4 406.6 404 397.7
275.2 265.9 253.7 243.1 234 227.1 220.3 213.8 207.9 206.4 212.2 221.2 227.6 233.9 243.8 247 241.2 237.9 236.3 236.8 236.3 234.7 232 226.1 220.2 220.7 241.4 265.8 281.7 278 273.1 271.3 262.9 268.3 278.2 291.2 309.4 330.8 348.2 358.1 361.8 361.3 349.7 333.6 314.3 290 264.7 270.6 295.9 320.7 345.4 367 375.2 367.7 353.5 335.8 317 297.9 287 286.2 288.2 296 297.6 301.2 301.3 326.8 349.3 366.3 378.4 388.4 396.5 402.4 406.4 407.8 405.9 401.9 394.5 385.1
289.8 280.1 266.1 255.2 241.5 234.2 227.6 219.7 211.6 211.2 217.6 226.8 236.8 243.5 256.3 265.5 266.8 260.3 260.3 258.7 258.7 255 251.4 240.6 225.6 222.7 231.1 249.6 265.8 259.8 260.4 260.8 256.9 267.6 279.9 298.4 316.9 334 353.6 365.9 369.6 363.5 346.3 329.7 309.3 284.2 266.1 279.7 305.3 332.5 356.1 375.4 377 363.4 347 329.3 306.2 299.1 298.5 296.7 299.2 308.4 312.7 314.1 313.3 322.2 348 366.2 377.2 388.4 398.4 404.3 406.9 406.5 402.7 395.8 384.8 372.2
310.2 299.2 282.7 268.4 253 242.9 234.1 224.9 215.4 217.4 225.6 236.2 247.1 255.1 263.2 276.8 279.8 274.6 275.5 274.8 270.1 261.2 250.1 236.4 239.1 233.5 226.3 229.2 237.7 238.4 245 249.8 259.4 271.4 283.1 304.3 320.3 337.5 358.8 374.1 375.6 360.4 340.6 325.2 305.8 278.5 268.4 287.2 313.4 341.6 367.5 381 377.6 360.9 341 321.8 309.7 314.1 313.5 308.9 312.6 319.8 325.9 327.8 329.7 327 347 367.3 380.4 390.6 400.5 403 403.9 403.2 398.4 390.7 377.4 365.3
320.7 314.7 294.9 278.6 265.4 255.6 245.1 228.6 223.1 226.1 235 249.4 260.6 267.7 272.1 280.9 286.9 284.1 280.7 276 268.4 255.6 247.5 245.4 245.8 241.8 234.6 228.1 237 243.5 249.6 255.5 265.6 277.6 292.2 306.3 322.2 341.8 364.4 379.6 376.6 358.2 337.9 320.9 298.5 275.4 272.9 296 319.9 348 373 382.8 375.3 359.5 339 324 324 330.6 327.9 326.6 330.6 334.3 341.2 344.4 344.3 341.1 351 371.3 385 394.7 400.6 399.6 397.9 397.3 393.5 386.1 375.9 363.8
326.9 326.4 310.2 293.2 281.7 271 258.8 235 232.3 238.6 248 266 276.2 284.1 285.3 286.1 289.4 286.2 277.4 267.4 258.6 252.3 252.5 251.1 251.2 249.2 243.1 234.2 245.3 251.2 256.1 262.9 272.2 284 301 317.7 333.9 349.6 369.7 380.3 374.7 355.9 336.8 316.3 293.2 275.5 280.9 302.9 327.7 353.8 375.2 383 376 359.8 342 338.7 342.9 347.1 346.3 348.4 352.1 355.7 361.1 362.7 360.3 354.3 359.3 377.4 391 396.9 398.9 394.4 389.1 389 386.8 380.8 371.6 359.1
321.2 328.3 326.3 308.8 296.7 281.1 259.6 243.4 242.6 252.8 265.4 282.2 292.2 300.7 297.8 297.3 292.7 286.6 272.8 266.1 263.9 259.9 258.9 258.4 255.7 252.7 247.5 237.4 248.5 254.5 261.3 269.6 279.2 289.6 304.7 324.9 345.7 366.4 378.4 381.2 371.9 352.8 334.6 313.2 288.7 277 290.1 313.6 339.1 363.3 381.6 388.4 383.3 373.2 362.5 361 364.1 366.5 370 372.5 375.4 376.6 381.3 381.5 380.9 375.3 375.3 388.4 397.1 397.6 394.3 385.5 376.3 378.3 377.7 373.2 364.9 354.2
311.2 320.3 329.9 320.3 300 282.4 260.8 253.1 252.6 264.5 284.5 296 306.6 315.8 312.5 301.8 292 281 274.1 274 269.1 265.3 265.7 264.9 262.6 256.9 246.7 242.8 250.2 258 266.2 276 286.7 299.1 315.8 332 356.7 377 386.2 383.7 371.1 349.9 331.2 309.1 284.4 280.9 297.5 321.7 349.2 373.7 390.5 398.1 395.4 390.1 387 386.4 389.2 391.9 393 396.1 403.4 402.4 401.1 401.9 401.5 398.1 397.7 401 402.1 396.4 387.3 375.8 365.2 364.6 365.9 364.7 355.6 346
297.2 304.6 315.6 320.8 301.2 284.6 272.3 269.5 266.9 273.9 296.9 313.2 324 322.3 315.4 301.1 289.5 282.8 281 280.4 274.6 272.5 271.6 269.8 267.3 261.5 245 246.1 250.8 260.4 271.1 282.1 297.3 310.2 328.7 350.4 367.8 383.7 388.5 383.3 369 346.2 327.5 303.3 285.7 286.6 304.2 328.2 354.6 379.2 397.1 407.9 412.4 410.5 407.2 408.1 412.3 414.7 416.5 421 426 426.7 424.1 420.8 416.7 413.2 411 408 403.7 394.1 381.4 367.6 354.8 350.7 351.1 348.7 343.1 335
280.8 285.8 300.8 306.7 297.2 288.6 286.4 292.4 291.5 288.8 308.5 328.8 337.1 332.3 315.4 299.9 290.1 289.7 287.1 288.5 283.8 281 277.6 274.3 269.6 260.1 243.7 250.4 255.3 262.8 273.5 288.1 303.3 322.2 340.9 359.6 378.4 391.7 391.8 383.6 370.3 346 324.7 302.4 286.8 291.4 309.2 331.1 355.5 378.7 400 415.4 422.4 423.9 424 425.8 433.3 438.8 442.2 446.7 449.4 449.4 445.3 440.2 432.2 424.1 419 411.9 402.9 390 375 359.1 345.8 337.7 334.1 331.5 329 322.8
261.6 270.7 282.8 289.1 289.4 292.8 301.4 313.6 316.4 315.8 326.1 341.7 343.6 332 316 300.7 296.9 297.1 296.2 294.3 291.2 287.4 283.3 279.7 269.5 257.6 249.9 254.8 259.2 265.8 275.9 290.7 306.9 328 348 368.3 386.1 397.8 395.9 386.6 373.1 350.4 328.3 305.6 290 293.3 306.7 331.7 354.1 376.5 399.8 417.7 430.1 436 439.8 446.2 453.7 458.9 464.5 467.5 468.2 467 460.9 454.6 444.9 433.8 422.5 412.1 400 385.2 368.6 353.3 339.4 328.2 318.4 314.5 310.8 305.7
250.1 258.9 265.2 272.1 284 293.8 313 329.5 333.2 338.5 344.8 353.8 348.7 336.6 318.1 304.9 303.2 306.2 303.8 301.5 298.2 293.6 287.3 280.7 270.8 258.1 253.9 258.2 263.6 271.3 280.4 292.5 308.1 327.2 351 372.5 388.2 398 398.4 389.9 375.6 356.3 329.9 306.5 295.2 298 300.6 317.9 341.7 367 388.2 409.3 428.5 442.3 450.8 460.6 468.6 473.9 478.9 480.5 481.3 478.5 471.3 462.3 452.6 440.2 424.2 411.5 397.9 382.6 366.3 349.6 340.1 342.7 336.9 328.4 315.9 302.3
244 250.3 259.2 267.7 278.1 290.9 310.4 332 342.3 352.4 358.7 366.2 355.4 344 326 313.4 314.3 317.8 316.1 313.5 305.6 297.9 290.2 279.2 270.6 260.2 256.2 262.3 269.5 278.2 286.7 298.4 318.1 337.2 359 376.5 389.5 397.1 397.6 391 376.7 357.6 332.2 304.9 302.2 307.5 312.4 307.3 321.3 341.7 365.8 388.4 411.1 432.3 452.1 465.1 475.1 481 484.9 485.8 484.4 481.4 475 465.3 454.4 441.9 426.7 410.6 394.9 377.5 358.7 360.5 361.1 356.3 347.1 335.4 319 306.9
246.8 256.1 264.2 272.5 280.6 292.1 308.4 329.7 351 365.8 376.2 374.6 362.9 348 334 326 330.2 329.8 326.7 320.4 311.7 302.5 295 287.3 276.4 261.5 258.4 266.7 278.4 285 296.1 309.8 324.8 347.3 366.9 383.9 395.3 398.6 397.7 391.3 376.9 357.6 331.5 303 309.3 316 326.9 329 324.7 321.1 340.5 366.2 391.8 417.8 440.7 461.4 474.1 482.2 485.8 486 483.6 478.9 472.3 463.8 453.1 440.7 425.9 411.1 396.6 375.9 377.6 376 371.7 364.6 353.1 338.5 317.6 322.6
255.4 264.7 276.5 285.7 294.1 305.1 323 340.8 363.2 379.9 386.7 380.3 369.7 356.4 343.8 341 341.7 341.8 336.2 329.3 318.5 309.6 301.7 291.2 277.4 262.2 261.1 272.1 286.5 292.9 302.9 321.6 336.9 353.8 374.9 391.9 401.9 403.5 400.4 390.3 374.7 354.3 328.1 309.7 316.9 325.7 340.3 346.4 341.1 337.6 330.6 348.2 376.7 402.7 429.2 453.1 471.4 480.6 484.3 483.9 480.4 475.2 468.8 460.4 450.2 439.1 426.9 413.9 404.2 398.7 393.8 387.7 381.1 372.8 359.9 342.5 320.8 333.8
272 278.6 291.1 302.5 314 326.5 342.8 357.1 372.9 388.8 394.4 387.8 376.3 365.7 358.7 356.2 354.6 352.6 347 334.2 320.7 306.7 296.3 284.8 273.8 264.6 263.8 275.5 287.2 297 314.9 330 349.3 367.3 382.8 397.4 406.1 406.4 401 386.4 368.1 346.5 319 317.7 324.5 338.5 352.8 361.8 361.4 354.1 348 340 365.8 394.7 421.6 446.5 467.2 477.2 481 481 478 472.8 466 457.5 448.1 439.6 431.9 423 415.6 407.7 401.4 395.6 387.6 377.1 363.5 345.8 334 344.4
282.7 290.7 301.3 310.5 324.7 342 358.2 370.3 384.9 397.5 398.6 391.8 383.4 378.3 373.2 369.5 365.5 360.8 349.8 334.2 314.2 299.9 290.9 282.7 273.9 267.7 269.4 277.6 286.2 299.6 318.9 337.9 359.2 375.4 391.7 404.7 411 409.3 399.1 380.3 358 336 316.7 326 336.6 352.6 364.9 376.2 382.3 374.4 364.3 352.6 366.1 393 420.3 441.9 461.4 470.4 475.9 476.8 474.7 469.6 464.2 456.2 448.7 441.6 434.3 427 421.5 414.6 405.2 398.3 389.1 375.9 363 345.8 347.1 358.9
