app/static/ascii/NT90.asc
ncols 200
nrows 200
xllcorner 390000
yllcorner 600000
cellsize 50
[rows 0 to 34 of 200, columns 78 to 155 of 200]
414.2 412.7 413.6 412.7 406.2 403.4 401.7 400.5 396.5 393.3 391.1 386.9 381.9 375.6 369.7 364.5 354.4 347.5 343.3 349.3 353.1 360.4 364.2 373.1 378.6 383.8 391.5 395 399.3 400.2 399.4 398 395 391.3 386.5 381.4 375.1 369.5 365.7 362.6 359 356.7 354 350.1 346.6 340.8 335.4 329.5 321.9 314.8 307.2 300.2 294.3 288.9 283.8 278.5 271.8 260.5 255.7 260.6 264.1 263.2 265.5 267.7 269.2 269.2 271.7 271.4 268.8 266.9 265.6 265.5 262.5 258 252.6 246.2 236.2 234.9
408.2 406.4 406.6 406.1 406 403.1 401.4 400.7 400.2 398.6 394.3 390.6 385.5 379.6 373.8 369.3 364.1 357.6 345.8 334.7 346.2 351.9 360.6 367.2 372.8 377.8 384.3 390.7 394.7 396.8 397.2 396.6 393.7 388.6 383.4 378.7 373.2 367.8 364.4 362.4 360.3 358.2 355.1 350.1 343.7 338.5 333.3 326.2 318.8 311.7 304 297.4 291.1 285.7 280.9 272.3 262.3 262.7 270.5 272.6 272.7 272.8 273.9 276.9 278.2 281.4 282.3 282.5 282.1 280.3 278.7 276.2 272.7 267 260.5 254.7 245.2 244.7
397.3 397.6 399.4 400 400.5 400.3 400.1 400.6 401.3 400.4 397.4 393.2 387.7 382.4 377.1 371.4 366.2 360.8 350.9 340.7 333.8 345.9 354.9 360.9 366.2 373.3 379.5 386.6 391.9 394.6 395.3 393.8 390.6 385.8 380.4 374.7 369.8 364.9 361.1 358.3 356 353.3 349.6 343.4 339 334.1 328.5 322.9 315.2 307.9 300.7 294.2 288.4 283 273.7 264 270.3 280.4 286.2 285.8 284.5 283 282.8 285.1 287.2 289.7 293 294 294 292.3 290.1 287.3 282.3 276.7 271 265.2 251.6 254.4
386.9 388.3 390.7 391.9 393.7 396.2 398.3 398.5 399.8 399.4 396.6 393.1 387.8 383.4 380.2 375.3 370.1 364.5 357.9 351 335.1 330.1 346.2 353.9 359.4 368.1 376.1 382 387.3 391 391.5 390 386.3 381.5 376.8 371.5 366.4 360.5 355.7 352.6 349.8 347.8 344.4 338.1 333.9 329.2 323.2 317.2 310.9 304.5 297.7 292.4 287.1 275.2 268.1 278.6 287.8 294.8 297.4 297.3 296.1 295.1 291.1 294.6 294.9 298.6 301.2 302.9 302.8 301.8 299.6 298.9 292.9 287.8 281.7 276.4 266.3 263.1
380 380.1 381.8 383.4 386.2 390.3 394.1 397.4 399.9 402.6 401.3 397.7 391.4 387.1 382.5 378.3 373.4 369.4 363.8 357.9 348.5 331 324.7 335.5 350.1 362.5 371.2 377.3 381.9 385.2 387.1 386.1 381.9 378.6 374.6 369.7 364.1 357.8 350.9 346.4 343.7 341.6 337.4 333 329 324.2 319.1 313 307.2 301.1 296.4 291.2 281.4 274.1 285.7 294.9 302.1 307.3 309.5 309.1 306.6 304.2 302.4 305.4 307.2 309.6 310.4 309.5 309.7 309.4 307.2 306.5 302.8 295.8 290 284.1 278.6 268.2
370.3 372.3 374.5 377.3 381.4 387 392.2 396.3 400.5 403 402.7 399 393.6 389 385.4 382.7 378.5 372.8 367.5 362.6 357.4 348.1 336.4 321.1 330.4 349.7 364.4 371.7 376.3 379.2 382 381.8 379.2 376.7 371.9 367 362.1 355.4 348 341.6 338.5 336.4 332.7 328.4 324.1 319.9 314.6 308.3 303.2 298.1 294.2 287.6 274.1 287 297.4 306.4 312 316 316.8 316.1 314.2 311.4 310.5 312.4 313.6 316.2 316.9 317 316.1 314.5 313.1 314 309.4 298.9 293.4 288.8 281 267.1
362.1 365.5 369.3 375.7 380.8 386.5 391.7 395.8 399.9 402 401.2 399.6 396.5 393.2 389.4 385.7 381.3 375.3 369.7 364.2 359.1 352.1 341.1 322.1 315.4 334.8 352.8 364.4 371.2 375.2 377.7 377.8 375.6 373.9 369.6 365.7 360.7 353 344.6 338.4 331.8 328.9 326.2 322.4 318.7 314.3 308.9 304.2 299.5 296.1 293.1 283 285.4 296.6 307.1 316.1 319.9 322.3 322.1 320.1 317.7 315.1 315.8 318.2 319.7 321.6 322.5 324.2 323.1 319 315.1 313.8 308.1 297.9 293 286.8 274.4 264.1
357.3 362.7 369.6 377.6 384 389.7 394 398.7 402.5 405 405.2 405.2 403.8 399.2 394.6 391.8 386.3 379.1 372.3 365.5 359.2 352.8 343.4 331.8 308.4 321.6 342.5 358.8 368.9 375.5 378 376.9 374.6 373.6 370.4 366.3 360.1 352.7 344.6 336.6 330 324.2 320.2 315.7 312.5 309 305.4 302.8 300.2 297.7 291.4 283.5 296.5 306.7 314.7 319.9 324.5 325.7 324.3 321.4 318.7 316.6 317.3 320.7 321.3 323.4 325.6 327.6 323.8 318.6 312.6 308.2 301.2 294.1 287.9 278.3 270.2 260.7
358.6 366.2 374.4 381.7 386.9 390.6 394.4 400.1 404.6 408.1 408.3 408.6 408 402.8 397.1 392.3 386.2 379.5 373.3 366.4 359.2 351 341.2 329.8 309.4 316 337 355.1 366.9 372.2 375.3 377.1 373.6 370.3 366.7 362.6 357.6 350.7 341.5 334.1 326.8 321.6 316.9 313.2 309.8 307.2 304.8 302 300.1 295.4 283.5 295.4 306.4 314.5 320.4 323.5 326.5 327.8 325.2 322.3 319.1 317.5 317.1 319.8 322.1 322.3 324.6 324.6 321.4 315.6 308.9 301.6 296.2 288.2 281.8 274.1 265.3 254.9
361.8 369.2 376.8 383.1 386.7 389 393.3 399 404.9 408.3 409.7 409.9 407.7 403.5 397.5 391.1 384.1 377.3 370 363.5 355.4 344.3 332.8 320.8 299.2 320.8 344.2 359.5 369.9 372.8 370.2 373 370 368.5 364.9 360.8 353.4 346 337.5 329.7 323 318.9 315.1 311.2 307.6 304.9 302.7 300.9 298.2 286.7 296 305.4 313.9 321.1 325.7 327.5 328.3 328.4 325.8 322.8 319.3 317.7 317.1 318.8 320.2 321.5 321 319 314.4 309.3 303 295.9 289.3 280.6 275.8 267.8 260.6 246.1
365.1 371.5 377 382 384.4 386.7 391.7 399.2 404.1 408.5 409.8 407.8 405.2 401.7 396.2 392 384 374.1 364.4 354.8 346.2 334.5 322.1 307.8 303.7 325.8 347.9 362.7 372.5 376.9 372.2 366 361 360.4 355 348.9 344.3 338.5 330.9 323.4 317.5 315.9 313 310 306.6 303.4 300.3 298.8 291.7 293.5 302 309.7 316.8 322 324.9 325.5 324.7 323.8 322.9 320.9 318.7 317 317 317.8 320.5 321.2 318.7 315.5 309.2 303.8 296.3 289 280.7 275.1 269.4 262.2 255.2 238.1
365.8 370.2 374.3 377.2 380.7 384.7 388.6 396.9 401.9 405.3 406.4 405.1 401.7 397.2 393.4 388.6 381 370.5 360.7 349.1 335.2 324 313.3 299.4 306.1 328.5 349.1 362.9 371.4 373.7 369.9 366.9 365.7 363.8 359.6 354.9 342.3 333.2 324.1 318.4 311.9 310.1 309.7 307 304.7 302.6 299 293.9 297.7 296.3 307 314.3 318.6 321.4 323.2 322 320.4 319.5 319.9 317.6 316.3 315.2 314.1 315.4 317.2 316.3 312.4 308 304 295.8 289.6 282.7 274.5 269.1 263.9 252.9 247.6 248.6
363.1 368.2 372.6 375.5 378.6 382.7 386.6 393.7 397.9 401 401.5 400.8 397 391.4 387.2 384.7 376.5 367.3 354.3 340.6 327 313.2 304.4 290.7 309.6 331.1 350.3 364.3 372.8 374.7 373.9 373.9 373.3 369.9 365.4 359.7 351.3 343.3 334.9 326.2 321.4 317.3 313.3 309.8 306.6 304 302.5 295.8 301.7 307 312.7 317.7 320.3 322.9 321.9 319.3 317.2 316.3 316.4 316.3 314.5 312 309 309.5 310.1 308.2 303.8 299.5 295.3 288.9 280.1 271.6 262.6 258.3 255.1 252.3 258.4 258.4
365.7 369.5 372.1 374.8 377.3 380.2 384.5 388.7 393.7 396.7 397.6 395.4 392.3 387.7 383.2 379.2 371.1 362.6 351.9 336.5 321.4 306.4 297.7 290.9 316 338.5 357 368.9 376.5 378.8 381 381.9 381.6 378.9 373 366.8 358.2 347.3 338.4 330.2 324.7 320.1 315.8 312.3 309.4 306.8 304.1 303.9 307.1 311.7 316.2 320 321.9 323 320.7 317.1 313.5 311.8 312.4 313.4 311.2 308.3 304.9 301.7 300.9 298.8 294.7 290.8 285.2 273.7 269 265.5 262.1 260.2 254.6 258.8 260.7 257.3
370 372.9 373.6 374.4 375.6 378.2 381.1 384.7 389.1 392.3 391.3 390.8 388 385.2 382.5 378.4 369.8 360.3 350.2 336.7 319 301 291.3 294.6 320.2 343.2 364 374.3 380.9 381.7 386.3 388.2 389.7 387.9 381.9 375.2 364.9 350.8 339.7 332.3 326.5 321.3 317.3 313.8 311 308.5 307.2 309.1 312.5 314.7 317.2 319.5 320.9 320.3 317.1 313.2 310.3 308.2 307.8 309 307.8 304 299.2 295 291.3 288.9 284.5 279.8 272.2 268.6 265.8 262.8 258.1 256.5 257.4 259.5 258 255.7
374.3 377 377.8 375.7 374.3 376 378.6 382 385.5 387.9 387.5 387.3 385.9 383.9 381.3 375.9 370.9 363 353.4 339.6 319.2 300.4 282.7 296.7 320.4 344.4 362 374.4 381.5 384.3 391.7 394.4 394.1 390.4 384.5 378.8 367.8 352.4 341.7 333.2 326.9 322.8 318.7 315.3 311.2 310.4 309.7 311 315.5 316.5 317.3 317.3 316.8 315.4 313.5 309.8 306.9 304.8 303.2 302.8 301.9 298.3 293.1 287.3 282 277.6 272.4 268.8 265 264.2 263.6 259.2 257.4 257.9 259.5 258.3 256.5 254.1
376.7 379.3 377.7 374.8 372.1 373.6 375.7 378.1 381.6 384.6 384.6 385.6 385.4 383 380.2 376 370.8 363 356.4 342.8 320 301.5 283.8 292 316.9 338.9 358 372.2 381.6 387.6 394.8 397.6 394.6 391.4 385.6 380.1 369.7 356.3 344.4 334.6 328.2 323.6 320.3 316.2 314.1 313.4 312.5 311.5 316 316.7 315.8 314.1 312.5 311.3 309 305.8 302.1 300.1 298.7 296.8 294.9 292 285.8 280.5 275.6 269.7 267.9 264.6 262.2 262 258.7 256.6 256 258.7 257.2 255.6 253.9 251.7
378.8 377.1 374.3 371 368.3 367.7 370.3 375.6 378.4 380.4 382.5 383.9 384.4 383.9 381.9 378.2 373 369.5 363.8 349.4 323.4 303.3 284.1 283.3 305.7 330.2 351.1 369.2 382.9 391.4 395.1 394 390.1 386.7 383.3 379.5 370.3 358.2 347.9 337.9 330.5 325 320.9 318.5 317.4 315.7 311.8 310.8 315.1 315.6 314.6 311.8 309.6 307.8 305.4 303 298.9 295.9 293.3 290.7 288.8 283.8 279.1 273.6 269.3 264.6 261.7 256.8 253.5 251.3 253.3 251.9 252.1 253.7 253.7 252.9 251.4 251
376.9 374 369.6 365.8 363.7 363.1 364 366.7 372 377.5 381.7 384.7 386.5 386 384.4 381.6 378.9 375.2 369.5 357.9 329.4 308.1 288.8 274.9 298 319 342.5 363 378.5 387.2 391.4 392.3 389.9 385 379.8 377.9 369.9 357.6 348.1 339.2 332.1 327.5 323.8 322.9 320.2 314.3 311.3 313.8 313.8 313.3 312 307.8 305.3 304.1 302.5 300.5 296.5 290.7 287.3 284.4 281.2 276.4 271.5 267.5 263.6 257.7 252.5 247.7 247.4 248.8 248.3 245.8 246.7 249 249.6 248.5 247.7 248.7
369.6 368.1 364.2 361.2 359 358.3 359.5 362 367.5 375.6 382.5 386.2 389.3 389.1 387.4 383.7 381.3 377.5 372.1 363.9 339 314.7 297.2 274.3 285.1 309 333.3 355.8 373.7 381.4 386.9 390.7 390.4 386.1 376.7 372.6 367.5 356.3 347.1 340.7 336.1 329.1 327.7 324.1 318.8 316.6 315.3 313.9 312.5 312 309.4 305.7 302.3 301 298.6 295 291.8 286.5 281.6 276.6 273.3 270.2 266.8 261.2 256.4 250.2 245.4 244.8 244.3 242.7 241.1 241 242.7 244.5 245.3 246.4 247.1 244.8
364.6 360.5 357.3 354.7 353.4 353.5 354.9 360.5 369.5 379.5 385.5 389.5 391.8 389.2 386.8 383.8 380.6 376.9 372.7 366.6 354.8 328 303.6 282.2 272.1 298.3 323.5 347.3 365.7 374.7 381.8 383.1 385.8 381.1 373.2 367.6 359.9 351.5 345.3 340 335.4 331.8 328.1 324.7 323.5 319.9 315.8 313.5 312.9 311.6 308.3 302.6 298.6 295.7 292.5 288.3 284.8 281.3 276.8 264.5 264.6 259.9 254.7 251.9 249.4 245.3 241.8 239.1 237.8 236.8 236 237.5 239.4 241.5 242.8 243.7 242.9 241.8
357.3 354.4 351 348.8 347.5 347.6 354.2 365.1 373.9 382.4 387.6 391.2 391.8 388.6 386.6 383.7 379.1 375.1 371.4 366.5 362.5 338.3 310.3 290.1 267.5 287.6 312.7 336.6 355 367.3 374.4 374.4 376.6 372.1 365.1 359.6 354 346.5 345.1 339.5 334.8 330.3 330.3 327.6 322.7 319.5 316.8 312.3 309.6 308 304.2 297.4 291.8 287.4 280.6 277.3 274.3 270 265.7 256.3 253.9 249.4 247.7 244.8 242.3 239.5 237.1 233.6 233.2 233.2 233.3 235.1 237.9 240.6 241.2 240.7 238.4 236.4
351.3 347.8 344.8 343.4 342.2 347.1 358.3 368.2 376.8 383.6 386.6 388.5 387.6 386.6 384 382 377.5 372.6 369.5 364.7 361 345.2 316.6 293.2 268.5 274.9 301.6 325.2 345.6 360.1 367 364.9 361.4 359.4 354.1 349.6 343.7 340.4 340.7 336.1 329.3 336 335.4 331.3 326.5 320.3 315.7 310.4 306.8 303 298.5 291.6 284.5 277.9 270.9 265.7 260.6 257 252.3 248 244.4 242.2 240.4 239 236.3 234.5 232.6 230.7 230.9 231.4 232.9 237.1 241.2 243.2 242.3 240.7 238.9 235.1
344.6 341.6 339.3 338.3 340.1 350.9 364.4 372.6 378.1 383 386.1 385.7 387.5 388.2 385.5 381.7 376.6 371.5 366.6 362 357 348.2 322.1 296 273.4 264.4 289 318.1 339.9 350.6 355.4 356 349.7 343.4 337.6 336.3 330.8 330.5 332 332.2 335.3 335.9 331.8 328.9 324.7 318.2 310 305.7 302.9 298 290 282.4 274.1 265.5 256.9 254.4 250.7 246.9 243 238.3 234.8 233.5 233.3 233.4 232.4 230.5 229.4 227.4 231 234.4 239 243.6 245.2 243.8 241.8 238.3 235.3 230.9
335 334.6 333.7 335.1 344.8 359.5 367.1 373.6 380.1 383.5 383.7 383.4 385.5 384.7 382 377.8 373.2 367.2 361.7 357.7 353.5 345.1 326.6 299.5 279.5 258.9 283.1 312.3 331.9 341.3 345.9 343.9 335.4 327.2 320.4 317.1 315.7 317.5 323.7 328.5 324.5 322.3 325.2 323.1 318.1 312.1 304.7 299 294.8 287.1 279.5 271.3 261.1 252.3 247.6 243.7 237.1 236.9 233.4 230.5 228.7 226.5 225.8 226.7 227.3 227.7 226.8 229.2 235 243.3 247.1 247.5 244.3 241 237 231.9 229.1 225.9
328.3 328.3 333.6 348 353.7 362.7 369.3 372.8 376.7 378.1 380.9 380.6 380 378.8 374.9 371.1 365.5 359.4 355.8 353.5 348.8 342 330.8 303.2 279.8 259.3 275.4 304.3 319.8 329.4 329.2 324.1 315.8 311.3 303.9 299.8 300.1 304.7 313.9 289.6 278.7 278.5 280.2 277.2 284.4 304.1 299.4 291.4 283.8 276.2 269 258 249.4 244.5 239.6 235.4 230.1 226.7 225.4 223.2 222.1 221.1 221.1 221.4 222.7 222.6 225.4 231.3 240.3 246.4 246.8 243.8 239.4 234.8 229.3 226.9 224.9 222.5
316.6 331.7 343.2 354 361.1 363.8 367.6 371.7 371.1 370.7 372.5 371.5 370 369.3 366.7 363.2 359.1 353.3 349.9 346.3 341.4 335.1 328.3 306.4 283.7 263 266.4 295.7 304.6 308.7 304 303.4 300.4 292.9 286 284.3 287.3 294.9 281.6 264.9 261.6 259.7 258.8 258.5 258.9 282.5 292.1 284.2 276.6 266.7 253.7 248.6 242 236.4 233 229.2 225.4 222.6 217.9 216.3 217.3 216 217.4 218.6 219.7 216.4 223.2 230.5 239.6 242 239.4 234.8 230.1 224.7 222.7 221 219.1 216
324.1 342.2 353.6 359.4 364.3 368.6 368.1 367.8 365.1 364 363.6 364.4 362.7 362.2 361.3 358.8 352.9 348.8 343.8 338.1 332.5 326.6 320.9 309.9 288 267.6 255.5 280.5 280.7 275.6 275.9 277.7 272.3 267.5 267.9 272.9 278.6 267.3 259 257.7 258 259.6 260.4 260.2 264.9 273.5 277.8 274.5 263.5 253.7 245.3 241.1 236.2 231.7 227.9 223.8 220.8 218.7 214.9 212.5 212.5 212.7 212.4 213.7 215 216.2 217.4 223 228 229 227.1 223.1 220 218.7 217.7 215.2 213.1 212.4
336.2 348.1 356.1 361.9 365.4 368 369.1 364 360.6 358.9 357.7 356.1 356.1 355.4 353.8 350.6 344.3 339.9 334.8 329.6 323.9 319.8 314.5 306.7 295 274.8 252.9 256.1 259 258.4 260.1 259 256.7 257.9 259.1 262.5 267.9 256.9 255.6 255.8 257.7 259.3 258.7 259.8 263.4 266.4 262.1 255.2 248.6 243.2 238.7 235.6 232 228.2 224 220.1 217 213.4 210.7 212.1 207.4 207 208.5 208 208.8 209.1 208.4 212.2 214 214.1 213 212.6 213.1 213.6 213.9 213.4 212.3 212.3
345.6 356.6 361.8 364.4 367.6 366.7 365.6 361.6 358.4 352.3 349.8 345.5 347.8 344.6 342.3 339 334.1 328.5 323.1 316.4 313.6 310.4 306.6 301.4 294 281.8 265.3 251.2 246.4 246.6 255.5 259.7 257.1 253.9 253 254.2 257.4 254.2 253.5 251.5 252.9 254.8 250.2 251.1 248.8 245.7 245.3 241.3 239.4 237.3 233.3 230.4 227.1 223 220.2 216.8 213.2 210.4 205.9 204.3 201.2 202.1 203.1 201.6 200.8 200.6 200.9 202.9 202.9 202 201.5 203.3 204.5 205.9 207.5 208.5 208 206.9
354.3 361 366.8 368.3 367.9 366.2 361.9 356.9 352.1 346.4 339.3 332.9 333.1 331 328.3 323.9 320.3 315.3 309.9 306.2 303.8 300.1 296.6 296.3 292.5 283.9 276.3 270.7 258.6 242.4 253.7 256.7 253.7 250.6 248 244.9 242.3 244.8 244.6 243.8 241.7 240.4 239.6 238.5 237.3 235.9 235.5 235.7 234.3 231.7 228.2 224.7 221.7 215.9 212.8 210.5 208.7 204.4 205 205 202.9 199.6 200 198.4 195 194.5 194.1 194.4 195.3 194.8 194.9 194.8 196.6 198.8 200.7 201.8 201.9 201.3
363.6 367.2 366.4 367.2 367.5 362.9 359.5 356.6 351.3 345.2 338.7 327.8 321.7 317.7 315.4 312.6 311.4 307.6 303.1 298.7 296.1 292.1 288.1 286.1 282.3 277.8 272.6 267.8 261.3 241.6 250.8 252 250.8 247.4 241.3 237.8 238.4 235.9 234.6 234.6 235.2 233.9 233.3 233.2 233.7 232.2 229.3 229.1 227.5 224.4 221.6 219 215.7 211.2 208.2 206 204.9 202.2 202.6 201.8 200.5 196.4 195.7 194.9 191 188.8 188.7 188.7 188.7 188.3 187.6 187.7 189.5 191 193 195 194.9 193.8
368.1 371.7 373.5 371.7 366.1 360.4 356.6 352 347.6 343.2 335.9 325.5 312.7 305.8 304.4 302.5 300.7 298.1 295.6 291 288.1 283.9 277.7 273.2 269 266.2 264.1 260.9 258 242 241.2 237 233.3 227.4 224 222.9 225.8 226.7 229.1 230.6 228.8 227.7 226.8 226.7 226.3 225.4 223.2 221.7 220.1 216.7 215.1 212 210.6 208.1 205.8 204.1 202.2 200.6 199.4 197.9 195.6 192.5 190.1 190.1 188.1 185 184.1 183.7 182.5 181.5 181.3 181.9 183.2 184.3 185.7 185.9 186 187.1
372.8 375.5 377.7 374 367.6 359.7 356.5 350.7 345 341.6 333.8 323.6 314.7 305.8 297.3 291.2 290.1 288 285.8 283 281.1 274.8 268.1 264.4 261.1 258.5 257.2 255.5 254.4 247.8 238.5 238.5 240.2 237.1 233.1 229.1 223.5 218.8 216.5 215.7 215.8 222 221.4 220.4 219.2 217.3 216.2 214.9 213.9 211.9 210.2 207.6 206 204.2 202.6 201.2 199.1 197.5 196.7 195.3 194.3 191.9 187.5 185.7 184.7 182.6 181.1 179.6 178.8 177.9 177.4 177.2 177.9 178.2 178.4 177.8 178.2 179.7
376.7 378.2 374.8 371.6 363.1 355.9 353 347.1 340.7 336.4 327.8 317.8 311.4 303.7 296.2 290.9 283.7 278.2 276.6 274.7 272.3 266 260.5 259.4 256.4 254.5 254 253.5 253.1 251.7 247.4 245.8 247.6 242.8 239.3 237.2 231.7 226.6 221.3 215.9 212.1 211.2 211.6 211.9 214.3 213.3 211.7 210.8 210.1 209 207.5 205.9 203.6 201.5 199.6 197.9 195.6 194.9 193.8 192.3 190.8 187.9 185.5 183.6 182 180.4 179.5 177.6 176.3 174 172.2 172.2 172.8 173.9 173.5 173.3 173.1 174.8
