app/static/ascii/NT91.asc
ncols 200
nrows 200
xllcorner 390000
yllcorner 610000
cellsize 50
[rows 140 to 174 of 200, columns 0 to 77 of 200]
490.7 499.7 506.4 511.9 516.2 516.1 513.4 509 505.1 499.8 493 489.2 487.7 486.8 484.3 482 478.9 475.4 471.8 467.3 461.1 449.5 432.5 415.1 389.6 389.4 402.5 420.7 431.2 432.6 426 417.3 402.2 383.3 366.9 373.4 382 389.6 395.1 398.7 403.8 409.1 415.7 426.1 434.3 439.2 439.8 435.3 426.3 411.7 425.4 430 435.7 440.6 443.1 446.6 449.2 451.2 451.2 448 443 453.6 467.4 480.7 492.2 497.7 496.7 492.5 488.6 482.4 471.1 460.3 448.3 441.2 443.2 442.6 442.2 441.8
493.1 501.1 508.3 513.2 514.8 513.4 510.3 506.2 500.8 494.7 491.8 488.5 488 487.4 485.8 483.1 480.1 476.7 473.3 467.5 460.6 453 444.2 424.5 399.5 379.4 389.5 414.9 427.8 433.9 426.9 417.1 404.2 386.3 366.6 366.6 375.1 383.8 388 391.1 394.4 398.6 408.9 418.3 428.8 435.5 435.6 431.8 423 409 410.6 421.2 424.4 430.6 435.8 440.1 444.1 446.8 445.6 440.2 433.7 452.2 462.1 480.4 493.1 500 497.5 494.2 489.5 482.7 471.8 465 461.6 458.9 452.6 453.4 455.4 455.6
496 501.8 508.2 512.1 513.5 512.3 508.3 502.6 496.4 492.4 489.4 487 486.7 486.3 485 482.3 479.1 475 470.3 465.3 458.6 450.4 440.9 422.2 395.8 377.1 391.3 412.6 424.2 432.7 428.3 416.1 406.2 389.5 369.6 360.3 367 375.3 380.5 383.3 385.5 392.7 402.8 411.5 424.1 429.8 431.3 428.9 421.2 406.7 394 409.3 412.1 416.8 425.3 432.3 437.2 439.8 437.5 430.6 428.1 444.3 457.6 478.3 494.6 498.8 498.4 495.1 490.6 485.5 480.5 475.2 472.2 468.3 465 467.5 470.7 471.4
494.7 499.3 504.2 508.2 509.4 508.1 503.2 498.1 492 489.3 486.6 484.9 484.6 484.2 483 480.2 476 472.4 467.2 461 453.4 446.4 437.5 423.2 394.7 368.7 377.4 400.3 417.9 427.6 423.8 416.3 407.2 394.8 375.3 355.6 359.1 367.3 371.2 374.9 373.6 384.6 396.2 406.5 416.8 424 426 424.9 419.6 404.9 387.4 394.8 399 409.1 416.7 422.8 427.2 429 426.7 419.6 421.4 439.2 457 472.5 488.7 496.5 498.4 497.8 499 495.8 489.5 486.4 484.1 480.3 480.6 483.3 483.9 486.3
488.5 491.8 496.9 501.4 503.3 502.2 498.2 491.8 489.1 485.6 483.3 481.2 480 480.9 478 475.9 473.5 469 464 458 449.5 441.2 432.1 419.6 398 371.6 364.3 388.9 411.6 422.9 421.3 416.1 408.9 401.6 386.9 365 341.3 350.5 356.2 362.4 366 377.6 389.2 401.4 411.9 418.6 419.7 418.9 413.2 400.9 386.2 375.3 392.1 402.7 407.2 410.6 413.8 415.3 414.5 408 414.6 431.8 445.1 467.9 483.5 493.4 498.3 502.9 505.9 506.6 500.2 497.9 495.6 492.6 492.6 495.5 499.4 502.1
477 484 487.6 491.2 493.3 492.9 490.6 486.7 484.5 482.5 479.5 476.7 475.5 474.7 474.5 472.8 469.5 466.4 462.4 455 446.1 435.4 417.7 405.6 390.3 368.5 362.6 386.9 409.2 423.4 421.4 415.8 408.7 403.5 396.6 381.1 362.8 340.9 340.8 344.7 355.4 366.6 382.8 395.7 406.3 412 412.9 412.9 406.6 396.4 382.9 365.4 385.8 386 385.7 388.4 394.5 397.2 398.8 393 406 415.5 436.1 449.2 466.2 483.4 496.4 504.8 510.8 514 512.4 511.3 506.8 502.3 502.3 506.4 510.3 509
463.5 471.5 477.7 479.1 482.2 483.4 483.1 481.3 479.8 477.2 474.6 473.6 472.2 471.2 471.1 469.7 466.1 463.1 459.9 454 446 435.9 422.1 397.6 377.7 359.1 361.4 384.7 408.6 422.5 420.5 414.8 408.7 403.9 399.1 392.3 381.9 362.1 343.2 330.1 339.2 357.4 375.5 390.2 402.1 408.3 408.9 405.5 398.6 389.4 377.5 360.7 362.1 359.3 361.8 364.7 372.8 381 389.5 399.5 414.4 432.5 450.1 465.7 479.3 491.3 502.4 505.7 510.6 517.4 519.6 518.9 513.7 509.8 511.9 514.2 515.2 514.9
443.1 457.4 463.9 466.9 472.6 475.2 476.4 475.4 474.5 472.6 470.5 470.2 468.2 467.5 466.9 467.3 465.7 461.1 457.2 452 441.9 427 407.9 389 368.8 347.2 360.9 387.5 411.7 424.8 420.9 414.4 409.3 403.9 399.5 393.9 387 376.6 357.7 340.6 328.6 342.8 364.1 381.6 394.7 401.2 401.6 396.7 388.1 378.6 368.7 354.8 350.1 367.7 377.1 384.2 388.7 396.7 402.7 411.7 427.7 440 463.7 480.5 492.9 502.8 510.1 517.7 519.8 521.8 527.4 527.7 524.6 519.2 520.3 519.6 518.8 515.1
422.4 434 437.4 439.6 459.6 467.9 469.4 469.4 467.4 466.5 465.6 465.1 463.7 462.6 463.4 465.5 465.2 461.7 454.7 439.7 433.8 414.5 394 377.3 357.7 345.8 371.6 396.9 419.5 426.5 422.4 415.4 410.3 405.2 400.2 395.2 387.2 376.9 363 345.9 331 326.8 349.4 368.9 382.5 389.3 389.4 383.2 373.3 362.6 350.4 341 361.7 385.4 400.1 405.6 408.2 413.6 420.4 432.3 440.2 456.4 477.3 492.5 503.3 510.9 517.3 524.7 527.7 528.3 531.7 533.5 534.6 529.9 526.9 526.5 524 519.3
401.6 406 412.5 433.6 453.2 461 462.9 462 461.6 461.8 460.9 460.5 458.8 455.1 458.3 461.8 463.1 460.3 455.4 445.8 416.9 394.3 378.8 364.4 353.4 356 379 403.9 421.3 424.8 421.6 416.6 411.6 407 401.5 396.4 389.7 380.6 367.5 352.7 337.1 321.4 332.8 351.1 366.2 373.4 373 365.4 356.3 339.6 337.3 356.2 378.5 401 415.5 424 427 430.5 438.4 451.8 462.7 475.5 489.5 501.3 509.9 515.3 522.5 528.8 532.4 536.1 538.4 541.8 541.6 539.9 535 530.9 526.9 526.7
376.6 387.3 409.2 434.4 449 455.3 456.4 455.8 456.5 456.9 456.1 454.4 451.1 444.2 449.7 453.2 455.6 454.7 452.4 445.3 431.9 407.4 379.6 357.3 337.2 351 376.2 401.6 418.3 423.4 422.2 417.8 414.9 410.1 404.9 398.2 391.5 384.3 374.1 359.7 343 325.3 314.1 329.8 347.4 354.9 354.6 347.3 335.1 335.2 356.6 374.6 394.4 413.7 426.8 434.2 440.9 447.8 456.8 467.1 477.4 487.2 497.2 506.6 512.7 516.5 526.4 531.3 536.3 541.5 544.8 546.2 546.4 545.5 540.7 536.4 533.2 534.3
382.9 402.7 422.2 437.5 445.7 450.6 449.3 448.3 449.1 451.2 450 445.3 440.8 417.8 435.2 440.9 440.5 442 441.8 438 428.7 413.3 383.4 356.5 334.8 345.5 372.1 394.2 410.4 421.8 422.5 418.8 417.9 413.3 407.4 400.7 394.3 388.1 382.1 368.7 349.9 332.3 318.4 316.1 330.6 336.3 336.8 326.4 331.2 355.6 377.5 396.2 409.7 424.8 435.4 446.9 455 461 468 476.5 484.8 492.4 500 506.9 512 517.6 524.3 529.8 535.8 542.3 545.9 548.1 547.7 547.4 546.2 541.7 541 542.8
388.9 413 430.1 433.7 438.8 444.7 443.9 442.4 440.9 442.2 440.2 434.2 418.8 403.7 408.2 413.5 417.1 420.5 422.1 422.2 418 413.1 388.1 361.6 335.7 342.1 366.3 387.6 403.3 414.2 417.9 416.8 417.6 413.5 409.3 402 396.9 390.7 383.8 369.3 349.4 331 315.8 308.4 317.2 316.2 318.3 326.4 350.1 370.1 388.3 406.3 423.4 435.5 447.2 457.3 463.7 467.2 471.3 479.9 486.3 491.9 497.9 503.8 508.3 516.6 522.9 527.2 533.5 540.6 544.7 547.8 549.8 550.1 549.6 548 548.3 547.6
381.6 403.6 415.9 419.2 426.8 434.3 437.5 436 429.9 424.4 416.9 409.6 399.4 390.8 380.6 389.4 394.3 397.8 401.6 403.9 402.7 400 386.2 361.7 338.2 334.3 358.3 379.9 396.5 408.1 412.4 413.1 412.2 410.3 407.8 402.8 398.2 393.1 378.6 360.6 341.2 321.7 310.4 306.2 313.2 320.6 332.8 342.3 363.5 384.1 403.2 422.6 433.7 444.8 454.6 462 467.1 469.8 473 478.8 482.4 486.4 493 499.9 504.6 513.7 520.4 525.7 529 536.6 542.7 547.2 550.1 550.7 551.1 550.9 550.1 549.8
362.5 382.1 394.8 397.2 408.7 419.8 429.2 431.2 425.5 411.6 399.4 392.7 384.2 375.7 364.6 366.8 369.4 373.3 378.4 382.5 383.6 380.6 371 355.3 337.8 322 347.9 371.4 389.8 403 406 406.7 405.8 404.6 402.5 399.5 397.6 387.7 366.9 347.8 327.3 312.4 305.2 323.2 336.2 345.9 358 368.5 382.1 397.2 416 428.9 439.6 448.6 456.5 462 465.1 465.7 468 472.3 475.7 480 486.3 493.5 498.9 506.7 516 522.3 523.5 531.4 537.1 543 547.3 549.1 550.2 550.2 549.6 549.2
341.3 358.8 371.7 379.2 387.2 399.7 412.7 425 427.2 419 406.1 390.6 379.9 372 360.2 350.9 347.1 344.7 349.9 357.5 360.7 360.2 354.8 345.2 331.9 317.5 339.8 363.5 385 396.8 398.5 396.4 396.5 395.8 394.5 393 391 372.2 349.9 331.7 310.8 305 323.7 341.1 356.8 368.9 379.9 388.2 398.6 410.1 421.3 430 439 445.9 451 455.1 457 456.3 454.2 460.5 465.6 468.6 472.7 481.7 490.4 500.3 510.4 518.4 522.1 527.2 530.9 537.6 542.6 545.4 546.4 547 547.4 547.7
315.5 334.8 349 360.1 371 381.1 393.4 407.4 418.7 420.3 416.7 412.3 404.7 399.2 387.8 372.8 357.4 343.8 329.4 331.1 336.5 338.8 338.5 333.3 324.1 310.9 343.7 366.1 382.5 390.5 388.7 383.1 384.3 382 383.1 384.3 381.4 363.3 334.9 313.6 297.4 318.1 335.1 352.2 369.2 381.6 390.5 398.7 407.1 414.9 419.9 426.2 432.9 437.7 441.1 443 444.6 444.3 440.9 448.1 451.3 453 457 464.8 478.4 491.5 501.7 514 520.1 523.4 528.5 532.5 536.3 539.5 541.9 543.6 545 545.7
317.2 313 323.5 333.6 346.8 360.1 373.4 388.2 403.2 415.4 419.9 418.4 415.7 411.2 403.9 392.5 379.1 365.2 350.8 334.9 317.9 322 322.3 319.6 317.7 324.4 353.3 371.7 383.5 385.8 379 372.9 365.5 361.8 364 373.8 373 359.2 334.3 303.4 300.1 322.4 340.6 355.1 370.1 382.2 389.7 397.5 404.3 405.4 408.7 415 420.5 424.4 426.8 427.8 427 422.9 424.7 432.6 435.4 438.7 444 449.9 462.1 482.4 496.6 510.2 517.5 519.9 523.7 528.1 530.8 532.8 535.9 539.7 541.3 542.9
330.1 325.4 315.9 309.7 318.3 333 347.3 364.3 383.9 403.4 420.1 423.5 422.4 418.5 412.4 406.2 397.6 385.9 370.1 348.7 327.5 311.9 307.7 304.7 323.6 344.8 364 376.9 381.1 379.4 371.9 362.8 355.1 349 346.8 356.9 364.3 356.3 327.2 299.2 297.1 317.7 340.9 357.4 370.6 377.9 374.8 376.8 382.5 386 390.7 396.6 402.4 406.6 409.3 410 408.6 405.5 405.9 411.4 416.5 423.8 429.9 442.8 455.1 474.9 493 506.2 514.2 517.3 519.3 523 525.4 527.9 530.3 534 536.9 538.6
353.5 346.3 335.8 324.9 313.9 305.3 322.1 344.1 361.2 389.6 414.5 426.9 428.3 425.1 421.2 414.4 405.3 390.7 366.3 345 327.3 311.3 301.6 315.6 338.4 358.5 372.9 380.1 380.7 375.1 369.5 360.7 349.3 338.3 333.8 343.1 357.9 351.6 325.7 297.6 294.4 308.6 337.8 356.4 369.3 367.1 359 358.5 358.9 362.9 365.1 373.8 378.1 384.2 388.3 388.8 389.7 391.5 397.3 405.8 415 421.2 436 446.8 453.2 471 487.7 500.3 508.6 512.2 513.6 517.5 520.3 523.7 525.8 530.8 534.5 537.5
371.1 364.8 351.4 340.3 327.5 313 302.5 325.7 354.8 384.2 411 431.1 434.8 433.4 428.6 421.2 410.3 387.6 362.4 342.1 325.6 306.2 300 326.7 349.3 366.5 377.9 382.5 380.9 375.3 366.9 359.4 349.3 339.7 323.2 334 350.5 345.1 330.1 301.6 290.6 304.4 330.4 351.9 359.5 354.9 346.7 340.3 351 362.2 365.3 367.4 373.5 380.2 380.6 387.8 401.6 408.5 418.5 426.7 434.2 439.5 446 449.2 456 465.6 480.2 492.1 500.9 505.2 508.3 510.7 513.8 518 523.7 529 533.1 536.6
384.4 381 369.6 354.7 337 317.5 303.5 309 344.5 382.5 411.1 433 441.8 439.9 434.1 425.1 410.7 385.5 360.1 342.2 323.6 300.3 309.3 333.9 354.2 369 378.6 381.8 380 375 366.2 356.5 346.2 334.9 316.8 328.2 343.1 336 322.4 300.8 286.9 300.7 319 338.8 347.4 344 335.7 350.8 368.2 379 385.2 387.3 391.8 401.2 406.8 413.7 423 430.1 436.2 442.1 447.5 450.9 452.4 453.2 458.4 464.5 470.4 481.2 490.2 494.7 497.7 501.3 508.8 515.5 519.9 523 528.3 535.3
399.7 394.9 382.5 364.4 342.3 319.3 300.8 307.5 346.7 382.3 411.7 434.8 446.7 445.3 440 428.9 412.4 386.6 361.4 341.9 321 295.9 312.7 335.5 353.5 366.6 375.4 378.9 377.6 372.2 363.7 352.4 338.6 326.6 309.3 317.5 330.2 325.9 312.3 291.3 285.6 293.6 306.5 318.2 326.1 323.4 351.6 373.6 384.8 394.9 402.8 406.9 410.4 421.3 430.2 437.1 441.4 444.1 447.7 451.5 455.3 456.5 455.8 455.9 458.4 461.2 465.3 472.8 478.5 479.6 477.6 482.7 497.8 509.1 518.8 526.5 531.7 536
415.9 406.2 390.4 369.4 342.6 316.5 296.5 315.7 349.9 383 411.4 436.7 449.8 448.6 439.8 430.1 417 390.3 367.3 346.8 321.7 294.1 314 331.6 346.6 357.7 367.9 373.3 373.8 370.3 360.9 351.5 340.9 327.1 308.5 302.7 313.3 316.8 299.5 280.9 291.3 302.5 304.9 306.6 319.4 341.9 365.2 387.7 398.6 408.4 416.7 423.8 427.5 439 447.9 454.6 458 459.7 461 461.6 460.6 459.8 457 453.2 451.3 457.5 462.3 466 465.4 459.9 456 482.6 501.7 511.5 520 526.7 532.4 537.2
430.1 413.6 393.7 369.9 341 316.2 294.4 317.4 351.3 382.8 411.9 439.3 450 445.9 433.1 424.5 414.4 392.7 372 350.3 325.5 296.4 303.7 322.7 336.5 344.1 357.3 366.3 372.6 372 370 361.6 349 333 314.1 294.5 297.3 302.4 288.1 280.6 305.2 325 326.8 323.7 343.5 362.5 380.4 397.4 409.7 419.6 428.9 437.4 445.5 454.2 462.2 467.3 471 472.6 472.1 469.7 467.8 460.3 446.6 434.9 436.7 442.5 440.2 440.1 440.8 444.3 465.6 486.7 503.7 512.8 521.2 526.5 533.4 539
436.9 416.9 393.3 366.1 339.7 315.2 293 316.6 348.4 378.2 407.7 432.8 444.2 433.4 419.6 403.4 396.6 386.3 369.5 349.8 326.9 301.9 289.3 313 328.1 339.5 351.6 365 372.9 378.4 376.4 368.1 353.8 335.8 314.2 294.3 288.4 286.8 279.5 285.6 318.4 343.4 348.8 351.2 357.2 377 392.4 404.6 416.1 426.3 435.8 445.3 454.2 462.9 469.8 475 479.1 482.4 480.2 471.5 455.2 442 427.6 418 421.5 420 422.9 432.4 444.2 459.5 472.8 489.7 504.7 514 522.1 529.4 534.4 540.1
435 416 393 366.8 340 308.6 291.9 314.7 342.5 370.7 398.3 421.3 428.9 420.9 407 380.1 375.3 374.2 361.6 343.8 322.6 299.8 286.7 308.8 324.5 338.5 355.7 370.4 380.8 385.7 381.9 371.7 354.1 331.4 308.7 290.2 279.1 274.9 276.4 304.3 332.3 353.5 366.4 374.4 381.7 390.6 399.9 408.2 417.2 427.3 435.8 445.5 454.6 463.1 469.9 475.5 481.2 486.3 485.4 466.9 441.5 422.6 405.9 410.9 420 429 439.8 449.4 460.5 474.5 485.9 496.4 508.2 516.9 525.2 530.7 537.3 542.4
430.5 411.7 389 363.8 335.4 302.7 290.4 318.6 344.8 370.4 395.2 415.9 418.8 408.3 384.7 364.9 356 362.2 350.1 333.7 313.1 289.6 285.9 311 324 339.9 358.1 376.3 388.3 392.2 386.7 372.2 350.6 327 302.6 286 274 273.7 292.9 319.6 346.4 367 380 388.1 392.7 397 401.2 403.8 412.4 422.7 432.2 439.8 447.4 455.6 462.3 468.6 476.3 482.2 476.5 452.5 424.9 403 410.8 426 435.5 442.4 455 463.2 471.7 483.8 494.8 504.8 513.1 520.6 528.7 534.3 540.1 544.4
423.3 404.1 382.4 357.3 329 296.1 292.7 326.2 355.7 382.6 405 414.4 399.2 386.4 371.6 351.9 337.4 342.5 335.6 319.7 300.8 282.1 290.3 317 337.1 354.6 369.7 385.8 397.1 398.6 390 372.1 347.8 322.6 300.5 279.8 271 293.5 318.6 341.4 362.4 377.9 389.1 394.6 396.6 397.1 394.8 394.4 402.3 414 423.8 430.9 434 442.6 450.9 460.7 469.5 472.8 459.1 436.2 411.2 398.9 422.9 436.4 449.9 457.2 464.1 472.5 481.7 494.6 504.8 514.7 520.5 526.1 530.7 537.8 541.8 546.4
416.1 397.2 373.6 346.3 320.2 290.9 299 332 362.9 391.1 417.8 414 393 370.5 356 344.1 327.6 320.7 316.3 303.3 286.2 279.9 302.9 330.4 351.8 369.9 386.1 399.4 405.6 403.6 391.2 370.6 344.9 318.5 294.2 270.2 289.1 318.4 344 367.9 378.8 386 391.8 393.9 392.4 389.4 386.2 383.7 388.1 401.5 413.6 422.9 428.6 430.8 436.3 448.4 460.2 464.7 445.2 419.2 397.1 413 433.4 450 459.5 472.5 476.1 482.2 493.1 506.3 517.2 524.9 529.6 532.2 536.1 539.7 543.7 548.5
407.1 389.3 364.1 326.5 310.5 284.6 299.1 334.4 365 393.4 423.6 419 403.2 375.3 351.9 335.6 320.5 308.7 300.6 287.8 276.5 288.5 318.3 345.3 367.4 384.9 400.5 410.3 412.5 406.1 390.6 367.9 338.3 313.4 285.7 269.5 305.2 331.3 360.6 377.5 382.2 386.5 388.5 387.2 383.3 376.8 373.8 373.8 375.5 385.4 400.3 412.9 421.7 427.6 430.3 435.3 449.6 458 437.9 411.5 389.3 414 442.5 460.5 470.6 482.6 489.1 496.6 507.2 517.7 526.7 532.3 535 536.5 540.5 544.6 547.2 549.2
394.7 380.2 358.6 334.2 306.6 283.2 302.1 334 361.9 388.4 412.8 411.3 400.6 384.3 371.1 350.3 327.2 305.6 290.1 276.8 276.3 303.2 333.3 359.2 381.3 398.8 411.2 417.1 415.7 405.8 386.9 361 335.4 305.3 280.3 271.7 307.8 336.1 360.2 372.9 376.8 379.5 378.6 374.6 367.5 359.9 356.8 358.8 362.6 367.1 384.7 402.2 413.5 421.6 426 428.3 441.2 448.9 433.4 412.4 387.6 398.2 424.9 450.5 470.4 485.4 495.6 506.1 516.3 525 532.1 536 536.6 537.6 540.7 544.1 546.7 547.7
381.7 369.6 352.3 331 305.2 281.7 300.8 328.1 354 377.5 397.4 395.5 396.1 398.3 383.9 357.4 331.6 309.4 288.9 272.9 284 316.1 346 371.5 392.5 408.1 417.2 420.1 415.2 403 383.8 357.1 331.8 308.1 280.9 267 301.6 329.4 346.4 359.7 364.9 367 365.2 357.7 346.2 334.7 337.5 342.6 350.4 360 372 391.6 404.2 414.4 420.8 422.7 433.8 440.5 428.7 409.6 390.8 384.7 411.3 432.3 454.5 478.7 495.4 508.8 519.4 527.6 533.1 535.6 533.5 535.2 537.9 540.6 543.5 544.4
364.7 354.3 340 322.8 303.9 281.3 294.4 318.9 342.2 361.8 375.2 381.2 393.9 406.4 388.5 359.4 332.1 307.9 282.3 270.3 292.7 326.1 356.8 380.9 400.4 413 418.9 418.2 411.1 398.5 381.1 357.8 330.5 307.5 280 264.5 292.9 318.6 331.9 342.2 349 351.1 348.3 338.7 321.8 324.7 334.2 347.8 358.3 363.4 368 383.3 396.7 406.6 415.4 419.9 426.8 428.1 421.7 408.2 390.9 376.8 397.7 419.3 446.2 473 492.6 507.1 517.3 524.9 529.4 533.1 534.5 534.7 534.4 535.9 538.1 538.9
345.1 335 321.2 308.3 299.4 284.5 283.2 305.1 326.9 347.5 362.2 376.3 393.9 401.6 384.8 359.8 332.2 302.3 270.2 274.1 306.9 338.3 365.7 387.7 404.7 414.4 417 413.4 404.1 390 375.1 354.2 333.4 307.8 279.7 260.9 284 302.7 313.9 324.4 330.2 332.5 330.6 322.7 313.6 334.3 350 365.2 375.2 379.2 384.2 388.2 395.3 398.6 408.7 414.2 414.3 417.1 412.6 402 388.7 379.8 392.3 417.3 443.3 471.6 490.8 504.1 514.1 520.3 524.2 527.7 529.9 530.9 531.9 531.9 533 532.1
