app/static/ascii/NT92.asc
ncols 200
nrows 200
xllcorner 390000
yllcorner 620000
cellsize 50
[rows 70 to 104 of 200, columns 0 to 77 of 200]
462.9 483.9 496.8 509.1 517.3 513.7 503.7 499.1 496.1 493.3 490.7 488.9 487.3 485.7 486.2 488.8 491.2 492.5 494.1 494.3 494.1 493.3 490.6 484.7 473.6 461.4 448.3 438.3 431.9 426.2 420.7 416.5 412.3 409.4 405.5 400.3 394.6 391.9 389 386.2 385.3 385.3 383.8 382 378.2 373.5 369.2 362.2 352.1 347.3 342.3 337.4 332 327.4 323.2 317.5 309.9 302.9 299.5 293.1 290.6 297.3 296.5 297.4 298.2 298.7 298.2 297.2 296 294.4 291.9 292.9 292.5 292.5 292.5 291 290.7 289.8
461.9 479.1 491.9 504.7 513.7 507.2 499.7 494.6 491.8 488.6 485.6 481.9 481.4 480.7 480.3 482.2 483 483.9 486.4 488.5 488.6 487 485 480.8 470.9 457.4 446.1 436.8 428 421.3 416.3 412.4 409 406 401.6 396.3 392 387.6 384.9 382.8 381.8 381.9 381.8 380 376 371.1 367 359.9 349.6 345.7 340.4 334.8 329.2 324.7 320.3 312.4 306.1 298.3 294.6 293.9 301.1 301.6 300.9 301.9 302.5 302.5 301.5 300.7 298.8 297.2 295.4 295.8 295.7 296.3 296.4 295.6 293.8 293.4
460.4 472.7 486.9 498.6 501.8 497.1 491.5 488.1 486.3 483.7 480.6 477.7 475.6 475.4 476.6 476.8 476.5 477.5 478.5 479.9 480.4 478.6 475.1 469.3 463.7 453.7 443.6 433.3 424.7 417.3 412.4 409.2 406.2 401.9 398.6 394.1 389.4 384.8 380.7 377.8 376.7 376.9 376.2 373.6 370.4 366.4 361.8 352.8 345.5 341.5 335.6 330.9 324 318 312.6 306.4 296.5 297.1 295.5 299.6 305 305.1 305.2 305.4 305.7 304.9 303.7 301.9 300.3 299.1 298.7 299 299.6 299.9 300.1 299.5 297.4 296.3
455.5 467.9 481.3 490.5 489.9 486.9 481.7 480.8 479.5 477.3 474.8 472.5 471 470.6 471.1 470.6 471.2 471.7 471.4 470.6 470.2 468.9 463.7 460.1 454.1 447.4 438.1 428 420.8 413.5 409.7 405.7 402.6 398.7 395.4 391.5 386.7 381.1 375 372.2 369.9 369.3 367.4 365 359.5 353.7 349.1 344.4 338.7 335.7 330.4 323 315.5 310.2 304.4 299.5 305.3 306.3 306.7 308.5 309.8 309.5 308.3 308.4 308.9 308 306 303.8 302.1 302.2 302.3 303.4 304.2 303.8 303.5 302.7 301.1 299.9
449.6 460.8 473.1 482 481.9 479.2 476 474.4 471.6 469.2 468.1 466.6 465.7 465.5 464.3 464.8 465.9 464.7 462.7 460.7 458.5 455.6 454.4 448.8 442.2 438.3 431.4 421.9 415.8 410.1 405.7 402.6 399 395.5 392.5 388.7 383.4 378.7 371.9 366.6 362.4 359.6 357.9 353.8 350.3 344.9 340.6 333.1 328.9 326.1 322 315.5 307.8 303.9 302.8 310.2 312.9 315.2 314.3 314.2 314.5 314.1 313.5 312.4 311.1 309.7 308.5 307.2 305.3 305.6 306.1 307.9 307.5 307.1 306.6 304.7 303.4 303.1
441.2 455.3 464.5 473.6 474 471.8 468.8 466.9 464.4 462 461.2 460.1 459.9 458.9 456.7 455.9 456.7 454.8 452.1 450.1 448.1 446.9 443.9 436.6 431.7 427.7 421.6 416 411.9 406.5 401.8 399.3 397.1 393.7 389.8 386.2 381.5 375.2 367.4 362.1 357.2 351.7 348 345.1 341.5 336.1 330.7 325.7 320.2 317.5 308.2 306.2 311.1 311.9 313.9 318.1 322.7 323.7 323 323 321.6 319.4 318.2 317.6 315.4 313.7 311.6 309.3 308 308.3 309 309.7 310.3 310 308.6 307.5 305.2 305.4
429.7 444.8 454.1 460.7 463.4 462.2 460.2 459.5 457.7 455.4 454.2 453.5 453.9 453 450.2 448.4 446.5 444.9 444.5 441.2 438.3 435.5 432.3 427.7 422.4 418.6 415.7 410.9 406.5 401.8 399.3 396.9 394.8 391.4 387.7 383.9 378.8 373 366.3 359.6 351.5 347.8 342 338.2 332.9 327.5 323.4 313.9 312 310.4 308.8 312.3 318.1 318.3 322 326.7 331.2 334.7 334.9 334.6 329.8 326.2 324.7 322.3 318.9 316.7 314.5 311.4 310.4 311 311.1 311.5 312.4 312.1 310.3 309 308 308.8
423 434.9 442.8 447.8 451.3 452.5 452.6 452.6 451.3 450 448.4 447.6 446.2 445 444.1 441.8 439.8 438.4 435.9 433.2 431.2 427.7 424.6 420.3 415.3 413.1 411 406.3 402.9 398.9 396.1 394.3 391.7 388.4 384.4 380.9 375.7 369.5 363.3 356.5 350.1 344.5 338.8 332.8 329.1 324.2 319.5 312.8 311.8 313.5 320.2 324.9 328.5 333 339.3 344.1 348 352.2 354.1 350.1 341.9 335.1 332.2 326.7 322.1 319.1 316.7 314.4 313.3 313.4 313.5 313.4 314.1 313.8 313.2 311.2 310.8 311.2
415.5 425.6 433.9 438.9 443.1 445.3 447.2 446.9 446 444.8 443.8 442.6 440.6 439.4 437.6 435.5 434.3 431.6 428.8 426.6 423.1 421 418.2 414 410.2 408.4 405.2 401.9 397.7 394.4 392.3 390.2 388.2 385.4 380.4 376.3 371.7 365.7 358.8 352.6 347.3 340.2 335.3 331.6 323.7 316.9 315.4 322.3 326.7 328.5 331.9 335.5 342.9 349.6 357.8 364.1 367.9 369.5 366.8 362.6 351.1 343.3 339.5 330.9 325.2 321.7 319.9 317.2 316.2 316.6 315.7 315.4 315.8 315.8 315.5 314.4 313.9 314.1
410.5 418.5 426.3 432.2 437.1 440 442.3 442.5 441.2 440.1 439.3 437.3 435.6 433.8 431.5 429.4 427.4 425.5 422.6 420.6 418.5 415.1 413.3 409 406.3 403.5 401 397.9 394.4 391.2 388.8 385.7 382.1 379.9 375.1 370.6 366.7 360.6 353.5 348.9 343.7 336.9 333.7 328.1 317.5 319 330.3 332.7 334.2 338.7 343.2 351 358.4 364.8 373.4 381.9 389.5 382.7 378.4 373.9 361.1 352.3 346.3 337.1 328.7 325.2 322.4 318.8 319.7 318.7 317.7 317.9 317.7 317.6 317.7 316.3 316.5 316.9
406.4 415.6 422.7 428.4 432.5 436.1 437.6 437.9 437.6 435.6 433.9 432.3 430.6 428.4 426.2 424.3 421.9 419.5 417.1 415.2 412.2 409.9 407.2 405.4 403.2 400.2 395.6 392.2 390.8 387.6 385.7 380.5 377 373 368.5 363.9 359.8 354.9 348.7 344.6 340.7 335.4 323.4 320.2 321.3 330.9 337.4 339.5 341.9 348.3 354.7 363.3 369.5 375.2 385.4 395.5 400.3 394.3 386 380.5 368.7 359.3 350.7 341.9 332.8 327.4 324.3 322.3 322 320.7 320.4 320.7 320.8 320.8 319.9 319 318.7 319.2
406.1 414.2 419.9 425.2 430.1 432.9 435.2 435.3 434.3 432.8 430.6 427.9 426.5 423.9 422.3 420.6 417.3 414.7 412.1 410 407.6 404.6 402.1 401.9 399.2 396.1 392.4 387.8 385.7 383.2 382.1 378.1 374.2 369.5 364.6 359 354.6 348.5 343.7 339.5 334.4 327 323.6 327.1 335.9 339.4 342.9 346.7 352.8 358.4 363.7 372.1 379.2 384.8 394.4 404 407.6 404.1 395 387.1 374.3 364.4 355.4 345.7 337.3 331.2 327 325.3 325.6 324 323.3 322.8 323.3 324 323.7 322.8 321.8 321.8
405.4 413.4 419 424.2 428.6 431.3 433.7 433.7 432.6 430.7 428.5 425.3 422.5 420.6 419.2 416.2 413.9 410.3 408 406.2 403.5 400.3 398.8 397.2 395.4 391.8 387.8 384.5 382.6 379.6 377.7 375.8 371.3 365.5 360.5 354.6 347.8 343.4 338.6 330.8 327.9 325.5 335.2 340 341.1 344.1 348.4 353.1 359.4 363.4 374.3 381.9 388.6 393.2 401.1 411.7 414.4 411.5 401 392.8 380.3 368.3 360.5 353 340.9 333.9 330.3 330.4 330.2 328.9 327.8 327.5 328.5 328.8 328.8 327.5 326.1 324.4
407 414.7 420.5 425.2 428.7 431.8 433.4 433.8 432 429.4 427.4 424 419.4 417.1 415 412 409.7 407.3 405.2 402.2 399.9 397.5 395.7 394 391.3 387.8 384.3 381.9 379.9 377.8 375 372.7 366.1 360.6 353.2 349 341.3 334.7 332.4 334.9 338.2 331.5 341.9 343.3 346 350.2 353.5 358 365.5 375.2 385.5 390.7 396.4 404.2 410.1 417.9 419.2 415.6 405.9 395.8 384.5 371 363.8 356.4 345.8 338.8 334.5 334.6 332.4 332.3 331.9 332 334.1 334.3 332.9 331.2 329.4 327.7
411.7 416.2 423.3 427.4 430.4 432.8 433.9 433.9 432.1 429 425.4 421.5 415.8 413.5 412 409.1 407.1 404.5 401.9 399.6 397.7 395.5 392.8 390.6 387.7 385.4 381 379.6 377.3 376 372.1 367.5 362.7 356.3 348.8 340.8 334.4 335.5 341.9 345.3 334.1 343.6 346.4 347.7 351 356.7 360.2 368.9 376 384.2 390.4 399.4 407.4 413.8 418.7 422.2 422.4 419.1 410.1 398.7 390.6 376.4 368.5 359.8 349.7 342.2 338.6 339.1 337.6 337.3 336.7 337.9 338.7 339.5 338.8 337.6 335.1 332.4
414.7 419.8 427.2 430.8 433.3 434.3 434.9 434.7 432.1 428.5 424.5 420.1 415.6 410.9 409.3 406.4 404.2 401.8 398.9 396 393.8 391.2 388.7 387.6 385 382.6 378.4 377 375.5 372.3 365.6 362 358.1 350.8 341.7 338 348.7 350.7 350.1 344.2 347.3 349.5 349.7 351.3 355.7 362.6 369.7 378.9 387.9 395.2 403.2 412.7 421 425.1 429.2 427.3 425.4 422 414.3 401.9 391.1 379.6 372.3 362.8 353.6 346.7 344 344 343.6 343.6 343.4 344 344.8 345.3 344.2 342.5 339.8 335.5
419.2 424.7 431.3 434.1 435.4 435.9 436.6 435.2 431.9 427.7 422.5 418.2 413.7 409.7 407.2 405.1 403 400.8 397 393.6 390.2 388 386.5 384.5 381.7 378.8 376.1 373.9 371.5 368.4 363.6 355.8 351.7 343.7 345 352.8 354.9 353.9 352.7 348.7 351.4 353.5 355.3 357.2 363.8 372.6 382.1 390.6 397.7 405.9 416 424.9 431.2 433.9 436.9 434.9 429.1 423.4 416.7 405.6 392.4 382.9 375.4 367.4 360.4 354.6 351.8 350.6 350.8 350.7 350.5 350.5 351 350.8 349.4 346.9 343.7 338.8
425.3 430.8 435.1 436.8 438.3 437.8 436.6 434 431.2 426.8 421.9 415.1 411.7 408.3 405.3 401.8 400.4 398.7 395.3 390.4 387.4 384.5 383.1 381.8 379.1 377.1 374.6 371.3 370 363 356.4 349.2 346.5 353 359.3 359.4 358.7 356.5 355.7 353.2 355.5 357.4 360.4 363.6 371.8 382.3 392.8 401.5 408.8 418.6 426.4 432.7 438.1 439.5 440.4 437.2 431.4 424.8 417.6 406.5 396.7 387.6 378.4 372.3 367.1 363.6 361.6 359.1 357.7 357 356.3 356.1 356 355.7 354 350.8 347 340
428.8 434.8 437.2 438.7 439.6 437.9 435.5 432.1 427.7 423.3 418.3 413.3 409.9 405.7 403.1 400.8 397.7 395.3 391.7 386.8 384.7 381.9 378.8 377.3 376.2 373.2 367.8 364.9 362 361.9 356 358.1 361.3 364.4 364.5 363.8 363 359.6 358.2 353.7 358.9 361.2 363.6 368.9 379.9 390.4 403.1 410.2 422.2 431.1 436.5 440.4 443 442.4 441.8 438.4 432 423.5 416.4 407.9 399.6 390.5 382.5 374.7 369.8 367.4 365.4 363.5 362.4 361.1 360.2 360.1 359.6 358.6 356.7 353.1 348.3 340.7
429.7 435.6 437.8 439.1 438.8 436.7 433.8 429.4 425 420.7 416.1 411.2 407.8 403.9 401.3 398.9 396 394.1 391.3 387 381.3 379.9 375.3 372.9 370.7 368.1 368.6 371.4 370.4 370 369.5 368.6 368.1 370.1 371.4 369.7 366.7 363.9 362.8 359.3 362 365.4 367.7 372.8 383.7 395.2 406.4 416.3 428.3 435.5 441 444.2 446.8 444.1 442.1 438.8 430.7 422.8 417.3 410.3 403.2 392.5 384.2 376.5 371.3 368.5 367.2 366.2 365.1 363.6 362.5 361.5 360.8 359.6 357.2 353.4 348.3 340.4
429 435 436.9 438 436.9 434.6 431.5 426.6 422.6 418.1 412.8 409.4 405.8 402.9 400.1 397.8 395.4 392.4 389.5 385.1 382.2 378.8 372.6 373.1 375 374.8 375.6 376.1 374.3 373.7 373.1 372.3 373.4 376.4 377 375 370.6 367.1 366.3 363.5 365.2 368.9 371.2 376.8 387.4 398.2 408.7 418.6 428.8 438.5 443.2 445.8 446.8 444.7 442.3 438.9 433.2 424.5 417.7 412.1 405.1 393.2 384.5 378 372.8 369.7 368.1 366.9 365.4 364 361.8 360.6 358.8 357.2 354.9 351.5 346.3 340
427.3 433.8 436 436.8 434.2 431.5 428 423.6 420 415 410 406.5 403.5 401.5 400 397.5 393.4 391.5 388.1 384.1 379.3 376.9 374.3 379 379.5 379.5 381 379.8 377.7 377.2 376.2 375.9 379.4 381.3 381.8 379.4 374.8 371 369.3 367.9 368.3 371.9 375.9 380 390.4 400.9 410.7 419.4 428.3 437.6 442.2 444.4 445.6 444.5 442.9 439.8 433.4 425 416.4 411.7 405.1 391.7 384.2 377.6 373 369.5 367.7 365.6 363.8 361.6 359 357.1 354.2 350.7 348.1 346.3 342.3 337.8
428 432.6 435 434.8 431.3 427.6 424.2 420.3 416.9 412.1 407.2 404.4 402.2 400.3 399.3 396.1 392.6 390.3 384.9 380.5 376.8 378.2 380.4 382.1 382.7 383.8 383 381.7 381.2 381.7 381.5 385.4 389.3 389.3 388.2 386 380.2 376.4 374.5 372 371.1 375.1 378.8 385.2 394.2 403.3 412.1 420.4 428.1 435.1 440.7 443.6 445.6 444.8 442.8 439.3 433 422.6 413.3 408.8 401.5 391.5 384.2 377.6 372.3 367.6 365.3 363.5 360.5 357 353.3 350.7 347.2 342.8 341.8 339.1 336.3 331.4
428.6 433.1 432.6 431.6 427.5 424.2 420.4 416.9 413.1 409 405.9 404.1 402 401.1 399.1 394.6 391.2 387.5 382.3 379.2 381.3 382.6 384.6 385.9 386.3 386.6 387.4 389.1 390.5 392.1 393.7 395 396.7 395.9 394.6 391.1 384.9 381.3 379.7 375.1 377.1 378.5 382 388.6 397.2 405.1 412.8 420.6 427.9 434.5 440.9 443.4 445.7 444.1 441.7 437.5 430.7 418.3 410.4 403.8 397.8 389.7 382.6 376.3 371 365.2 362.5 359.2 354.6 350.8 346.6 342.4 338.5 335 332.9 330.8 327.6 325.2
427 431.6 429.5 427.5 424.3 420.3 416.4 413.7 409.8 407.3 406.3 404.8 402.5 401 397.7 393.1 389.7 385.7 381.6 383.8 384.3 385.5 387.9 390.8 391.8 393.2 395.3 397.1 399.6 403.2 405.3 404.7 404.1 402.4 400.6 394.4 388.5 385.1 382.2 380.4 381.4 381 385.3 390.9 398.7 406 413 420.9 428.8 435.2 441.6 443.9 444.5 443 440 435.2 425 417.4 410.3 400.5 394.6 387 380.5 374.7 368.4 361.8 357.7 352.8 348.3 344.4 339.5 335.2 330.6 327.7 325.5 322.1 320.1 316.8
424.5 426.6 425.9 422.8 420.3 416.6 413.1 410.8 408 407.5 406 404.7 402.5 399.7 395.2 392.6 389.5 385.6 387.3 386.6 387.7 389.2 392.3 394.2 395.4 398.2 401.1 404.4 409.8 413.1 414.3 412.2 410.3 407.3 403.7 397.2 392 387.3 382.3 384.9 386.3 388.7 388.1 393.1 398.9 405.8 412.5 420.9 428.8 435.5 440.9 443.2 442.4 441.1 437.8 430 423.7 417.3 410.3 399.9 391.3 384.4 378.5 372.5 366 357.9 351.7 346.4 342.2 337.5 333.9 330.3 325.1 321.2 318 314.3 312 308.5
420 421.5 420.2 418.2 416.4 413.9 410.4 408.4 407.6 407 404.7 403.6 400.9 398.3 395.7 392.5 389.8 388.4 391.2 390.6 391.3 393.2 395.9 397.2 398.5 404.6 407.9 413 417.7 420.3 420.5 418.8 415.7 410.6 406.9 400 395.1 389.9 388.7 386.9 390.4 392 393.4 395.4 401.1 406.4 413.1 420.3 428.6 435 439.7 441.3 440.3 438.2 434.6 429.4 423.3 416.9 408.3 399.8 389.9 382.5 375.2 370.4 363.3 354.6 347.4 341.3 336.3 332.3 328.6 325.2 320.7 317 312.8 310.1 306.1 301
415.3 415.8 415.6 415 413.5 411.8 409.4 407.1 406.8 405.5 403 402 399.6 396.3 394.2 390.8 391.7 393.4 394.4 394.3 396.4 396.8 399.5 401.2 405.4 409.7 414.2 419.8 422.9 424.6 425.1 425.2 421.4 414.3 407 401 396.9 393.6 391.6 390.9 392.9 394.3 397.1 400.2 402.2 407.7 412.7 419.8 427.8 433.1 435.8 437.5 437 435.5 433.2 428.7 423.5 417.1 407.8 399 388.2 379.9 374 366.9 360 352.1 343.7 337.2 331.8 327.9 325 321.7 316.8 312.6 309.1 305.3 298.8 293.3
410.1 411.6 412.4 411.9 410.6 409.1 407.1 406.1 405.2 404.6 402.7 400.9 399 397.1 392.5 392.3 394.9 396.6 397.6 398.6 399.6 400.8 402.5 405.5 408.4 413.3 418.5 422.2 425.2 428.2 430.1 429.8 425.6 417.6 412.5 405.3 400.9 399.2 395.9 396.1 397.6 401 402.6 405.3 407.9 409.4 413.9 420.2 426.5 430 432.6 434.2 435.2 433.7 431.3 427.4 423.5 416.4 406 396.9 387.6 379.9 372.9 366.1 357 348.6 340.6 333 328.3 324.9 322.2 316.8 312.1 310 306.4 297.6 301.9 305.5
406 408.8 409.3 408.5 407.9 407.3 406.5 405.6 404.9 404.2 402.7 400.7 396.3 395.2 394.6 395.9 398 399.3 400.4 401.5 402.5 403.9 405.5 408.1 411.3 414.7 420.1 424.3 429 431.5 433.2 433.1 428.9 426.5 423.9 419.7 412 408.7 407 408.8 411.4 411.2 411.7 410.9 412.6 413.2 417.6 422.2 426.5 429.3 430.9 432.6 433.5 432.7 430.9 428.3 424 416 405.6 395.9 387 379.9 371.6 364.6 355.6 346.2 338.3 332.1 326.4 320.4 317.3 313.2 309.2 304.6 300.6 304.9 310.9 312.7
403.9 406 407 408.1 408.3 407.3 406.5 405.6 404.6 403.7 402.8 401.7 400.2 398.5 396.6 397.1 400.2 401.3 401.9 403.7 404.8 406.4 408 410.4 413.5 416.7 421.3 427 431.4 434.1 436.2 435.5 431.3 429.9 430.3 430.8 427.8 424.5 423.1 422 422.3 421.8 419.5 418.8 418.9 419.5 419.9 423.4 427.5 430 431.1 432.2 432.3 431.6 430 427.9 423.4 415.9 404.4 394 385.2 377.7 370.2 362.6 353.6 344.7 336.6 330.6 325.2 320.7 317.6 311.4 308.1 304.2 311.3 315.8 316.5 317.4
402.1 404.3 407.2 408 408.3 407.4 406.6 405.7 405 404.5 403.8 402.9 402 400.5 399.2 397.3 401.1 402.6 403.5 405.3 406.8 408.4 410.3 413.2 416.3 419 423.2 428.8 433.9 439.9 441.4 443.3 441.7 438.2 441.5 441.9 441.4 438.5 435.2 432.8 432.6 429.6 427.2 426.3 426.3 425.5 423.7 425.5 428.7 430.4 431.8 432.4 431.9 430.1 428.3 426.3 422 415.5 405.6 396 388.4 379.9 370.6 362.4 354.6 346.3 336.1 331 327.2 323.1 315.9 311.2 308.5 315.4 320 321.4 321.1 321.2
401.1 404 407.1 408.1 408.1 407.3 406.5 406.2 405.7 405.4 404.3 403.3 402.9 402.2 401.1 398.8 401.5 403.5 405.2 407.5 409.1 410.2 412.4 414.9 417.6 420.4 425.3 434.5 440.7 445.9 450 451.4 452.3 451.1 454.4 453.5 452.5 449.5 445.1 442.5 441 437.1 433.2 432.3 432.8 431.7 429.5 429.4 429.9 431.2 432.4 432.5 431.7 429.3 426.7 423.7 420.3 414.6 404.8 395.9 387.7 380.8 369.5 363.5 355.8 347.7 340.3 335 330.2 321.6 314.9 311.5 321.7 323.3 324.2 326 325.2 324.9
400.8 404.1 406.9 407.8 407.9 407.3 407 406.8 406.4 406.1 405.3 404.2 403.6 402.5 401.3 398.9 402.3 404.2 406.4 408.8 410.7 412.5 414.3 415.6 418.3 422.6 430.2 438.7 449 455.8 462.5 465 463.5 460.1 461.2 459.9 458.7 455.1 452.2 452 449.4 445.8 442.6 438.8 438.6 437.5 434.8 433.8 433.1 432.6 432.7 432.1 429.9 427.8 426.4 423.9 421.4 416.7 405.4 397.7 388.1 381.5 371.6 365.3 357 350.3 344.6 337.6 330 327.1 332.4 329.8 327.2 326.7 327.2 330.3 328.7 327.6
401.2 404.4 407.3 408.3 408 407.5 407.3 407 406.8 406.5 405.6 404.7 404.2 402.8 401.6 400.8 403.2 405.2 406.9 409.5 411.6 413.4 414.9 416.5 419.9 427.3 435.3 446.9 458.8 466.6 468.7 469.4 467.5 466 467.4 465.8 464.6 461.4 460.1 458.1 455.9 453.6 451.7 446 443.7 442.2 440.1 439 437.6 435.1 432.9 431.3 428.3 427.2 425.3 422.6 420.4 415.6 405.3 397.7 388.8 380.7 372.4 366.2 358.5 351.1 345.2 337.5 326.4 341.2 341.9 338.3 333.7 333.3 335.3 335 334.2 331.6
