app/static/ascii/NT93.asc
ncols 200
nrows 200
xllcorner 390000
yllcorner 630000
cellsize 50
[rows 148 to 184 of 200, columns 84 to 167 of 200]
47.5 47.8 46.2 42.8 41.7 41.8 42.3 42.4 42.6 42.9 42.9 41 40.8 41.6 40.6 41.6 42.1 41.8 41.4 41.1 40.6 40.3 39.6 39.6 39.7 39.5 38.6 39.1 38.3 36.8 36 35.8 36.5 35.8 34.9 34.4 34.1 34.2 33.9 33.2 34.3 33.6 33.6 33.2 33.5 33.6 33.7 33.7 33.7 33.7 33.6 33.6 33.5 34.1 33.5 33.8 34.2 34.3 34.4 34.4 34.5 35.8 32.7 32.7 32.8 34.5 35 35 34.2 34.8 34.8 34.2 34.3 34.4 34 34.1 33.6 33.5 33.5 33.8 34 34.1 34.5 34.8
48.1 48.1 46.5 43.9 42.1 42.2 42.5 42.8 43 43.8 41.5 41.2 41.1 41.3 41.4 40.6 41.2 41.8 41.5 40.9 40.6 40.3 40 41.4 40.7 39.4 38.8 38.8 39.5 38.4 37.2 36.4 38.7 39.7 35.8 35.2 35 33.6 33.4 34.4 36.5 37 36.3 34.5 33.7 33.7 33.7 33.7 33.7 33.7 33.6 33.6 33.6 33.8 33.8 34.1 34.4 34.5 34.5 34.6 34.6 34.4 36 34.8 34.3 34.1 33.8 34.6 32.1 31.7 35 35.1 34.9 34.7 34.8 34.3 33.7 33.5 33.6 33.7 34 34 34.5 34.8
48.7 48.4 47.5 44.9 43.3 43.2 43 43.6 43.5 42.9 41.6 41.7 41.4 41.6 41.3 40.7 40.7 41.4 41.8 41.5 42.2 41.4 42.4 43.8 43.6 43 39.7 38.9 38.8 38.9 39 42 42.6 42.1 39.6 37.3 36.7 35.9 35.3 35.9 36.3 37.9 38.1 35.6 34.3 34.3 34 33.7 33.7 33.7 33.7 33.8 34.2 34.4 34.4 34.3 34.5 34.7 34.7 34.7 34.7 34.6 34.3 34.2 34.4 34.5 34.6 34.8 32.4 34.4 35.3 35.2 35.3 35.2 34.3 34.2 34.5 34.1 33.7 34.1 34.8 34.5 34.1 34.5
49.2 48.5 48.1 46.9 45.5 43.6 41.8 41.3 42.8 43.6 42.8 44 43 41.1 40.8 40.8 40.7 40.7 41.5 44.1 44.6 44.9 45.7 44.8 46.3 46.1 43.8 40.5 40.1 39.4 41.6 44.9 44.4 43 42.8 40.8 39.7 38.1 38 36.8 37.3 37.7 37.2 35 35 35 34.9 34.6 34.2 33.6 33.8 34.1 34.2 34.3 34.5 34.6 34.8 34.9 34.8 34.8 34.8 34.6 34.1 34.1 34.3 34.5 34.8 34.4 31.9 33.8 32.4 34.6 31.8 34.8 33.7 35.6 35.1 34.6 34.3 34.8 35.1 35 34.6 34.9
49.7 49.5 48.8 48.2 47.5 46.3 44.4 43.5 44 43.8 43.1 43.4 42.3 41.4 40.9 40.7 40.6 41.5 43.2 45.9 45.6 46.3 47.2 47 47.9 46.9 43.7 43 42.5 44.5 46.7 46.3 45.9 44.9 43.9 42 40.9 40.5 39.9 39.3 37.9 37.3 36.6 35.8 35.6 35.9 35.2 34.8 34.6 33.8 34.1 34.2 34.2 34.3 34.5 34.6 34.8 34.8 34.9 34.9 34.9 34.8 34.6 34.3 34.4 34.5 34.6 33.1 34 34.7 34.8 35 34.6 35.4 34.7 35.9 35.3 35.2 35 35.2 35.4 35.4 35.1 35.1
50 50.1 49.9 48.1 47.3 46.7 46.1 45.5 44.7 43.5 42.4 42.9 42.5 41.6 41 40.8 40.7 42.8 45.6 46.3 46.9 46.5 47.5 47.1 47.5 45.4 44.4 44.8 45.5 47.5 47.3 47 46.5 46.6 45.9 43.8 42.9 42.3 41.3 40.6 39.2 37.3 36.3 36.6 35.9 35.9 35.8 35.6 35.5 35.2 34.6 34.2 34.3 34.3 34.4 34.7 34.7 34.7 34.8 35 34.7 34.8 34.8 34.7 34.6 34.7 34.2 34.9 34.3 34.3 34.3 34.8 34.8 35.4 33.1 36.4 32.4 34.4 36.2 35.9 33.4 32.3 35 35.2
50.3 50.4 50.2 48.9 47.6 47.2 46 45.7 47.8 44.3 43.6 43.1 42.3 41.7 41.1 41.2 42.4 45.3 45.5 46.3 46.6 46.8 47.8 47.5 45.9 44.6 44.7 46.5 47.6 47.6 47.4 47.1 47.2 46.2 47.6 47.2 45.1 43.7 42.8 41.8 40.6 39.4 38.1 37.1 37.8 37.2 36.3 36.6 36.3 35.6 35.2 34.2 34.4 34.5 34.7 34.8 34.7 34.6 34.5 34.4 34.7 34.7 34.9 34.8 34.7 34.9 34.2 33.2 34.3 34.7 34.8 34.8 34.9 35.6 35.6 33.4 35.8 34.4 34.7 34.4 34.8 35.8 32.9 35.4
50.3 50 50 49.7 49.4 48.2 48.4 48 48 44.1 43.9 43.1 42.1 41.2 41.1 41.3 44.7 45.8 46.2 47.1 46.4 46.1 46.9 47.6 45.9 44.7 46.4 47.4 47.8 47.4 47 46.9 47.2 46.9 47.3 46.9 45.5 44.4 42.9 42.2 42.2 41.5 40.7 38.5 38.7 38.4 37.8 38.5 37.3 36.4 36.2 34.8 34.5 34.6 34.8 34.7 34.7 35 34.8 34.9 34.6 34.7 34.8 35 34.9 34.4 34.5 35.1 35.2 34.9 34.9 34.7 34.9 35.7 34.3 35 35.5 35.5 34.7 35.7 35.4 34.2 35.9 35.8
50.4 50 50.2 50.2 46.9 45.2 44.4 46.5 48.7 44.4 43.8 42.2 41.8 41.4 41.3 41.3 45.8 46.3 47 46.3 46.4 46.2 46.7 47.3 45.5 45.5 46.6 47.8 47.5 47.2 47.2 47.1 47.1 47.1 47.3 46 44.9 44.9 44.4 43.6 42.8 42.9 41.8 40.6 39.9 39.9 39.6 39.2 38.2 37.5 36.4 35.2 34.6 34.7 34.8 34.8 34.7 34.7 34.9 35.2 34.7 34.7 35 34.3 35 35 35.2 34.4 34.9 32.9 33.8 34.7 34.8 34.9 35.4 35.2 35.2 35.6 35.9 36.1 32.7 36.6 37.4 37.1
52.1 51.3 50.3 47.6 44.3 44.2 44.2 44.3 44.2 44.1 42.6 42.1 41.7 41.5 41.7 46.4 46 47 46.7 46.4 46.4 46.2 46 46.7 45.6 45.5 47.1 47.8 47.6 47.5 47.5 47.5 47.6 47.8 46.8 45.7 45 45.3 46 45.3 44.5 44.1 42.5 40.7 40.5 40.7 40.9 39.8 39 38 37 36.3 35.1 35 35 35.1 34.9 34.8 34.7 35.3 34.8 35 34.8 35.4 34.6 34.7 34.2 34.7 32.7 35 34.1 34.7 35.1 34.9 34.8 34.8 35.1 35.4 35.8 36.3 32.7 33.2 32.6 32.5
51.6 50.3 50 46.6 44.4 44.3 44.3 44.2 44.1 42.7 42.9 42.9 41.8 41.6 44.9 46.7 46.5 47.1 47 46.8 46.7 45.9 45.6 45.7 45 45.7 47.6 47.9 48.1 48.3 48.3 48.4 47.8 47.1 46.7 46.1 46.1 46.3 47 47.3 46.5 44.7 43.7 42.4 41.9 41.8 41.3 41.1 39.8 38.5 37.1 36.7 35.3 34.9 35 34.9 35 34.7 34.7 35 35.5 35.1 35 32.8 35.4 34.2 35.4 35.1 34.9 34.3 35 34.7 34.7 34.8 34.7 34.9 35.1 35.3 35.7 35.9 36.1 36.1 36 35.7
51.5 51.1 50.2 46.6 46.3 44.4 44 44.2 44.2 43.3 43.5 45.6 45 43.1 47.2 47.1 47.8 47.5 47.4 47.2 47 46.1 45.7 45.4 45.3 46.5 48.4 48.9 48.4 48.5 48.2 48.5 48.1 48.2 47.5 46.9 47.1 47.2 47.6 47.2 46.6 45.7 44.7 44.2 43.8 42.8 41.7 41.2 40.4 39 37.7 36.5 36.3 35 35 34.9 34.7 34.7 34.7 34.8 35.2 34.4 35.3 34.2 35.2 35.2 34.6 34.3 35.3 35 34.5 34.8 34.3 34.5 34.6 34.8 35.2 35.4 35.6 35.8 36 35.8 36 35.8
51.7 51.4 51.2 49 47 46.2 44.6 46.1 45.6 43.9 44.9 47.8 48.6 48.4 48.3 48 47.9 47.8 47.7 47.5 47.1 46.3 46.4 45.3 45.5 46.9 48.4 48.8 48.7 48.6 48.1 48.6 48.6 48.7 48.7 48.6 48.4 48 47.4 47 46.5 46.1 46.1 45.4 45.1 43.4 43 41.8 41.3 39.6 38.3 37 35.9 35.2 35 34.8 34.7 34.8 34.9 35 34.7 34.3 34.6 34.6 35 35.1 34 35.1 35.4 35.1 34.4 34.7 34.7 34.5 34.8 34.9 34.9 35.4 35.4 35.7 35.7 35.9 34 36.1
51.9 51.5 51.5 49.5 47.3 46.6 45.4 48.6 49 47.1 49.3 49.9 49.5 48.7 48.4 48.4 48.2 47.8 47.7 47.6 46.9 46.5 45.9 46 46.3 47.8 48.7 48.7 48.7 49 48.8 48.8 48.5 49.1 49 48.8 48.4 47.5 47.3 47.2 47.2 47 47.2 47 45.7 43.8 43.2 42.6 41.9 40.5 39 37.5 36.1 35.5 35 34.7 34.9 35.2 35.2 34.6 34.9 35.4 33.5 34.9 34.8 35.4 35.4 35.1 35.3 35.2 34.3 34.5 34.4 34.6 35 34.7 34.6 35.2 35.2 35.5 35.8 32.9 36 36
52.1 51.6 51.3 51.3 48.8 47.4 46.1 45.8 50.1 50.1 50.1 50.2 49.7 48.9 49.2 48.4 47.8 47.7 47.7 47.1 46.7 46.3 45.4 45.6 47.1 48.1 48.6 48.6 48.7 49.1 49.2 48.8 48.9 48.6 48.8 48.4 48 47.1 46.9 47.3 46.9 47 46.5 46.4 45.6 43.7 43.5 43.1 42.4 40.4 39.7 38.9 37.9 36.5 35.5 34.9 35.2 34.9 34.8 35.3 34.5 32.8 34.9 35.1 35 35.4 35.3 34.9 34.9 34.9 34.9 34.3 34.8 34.7 34.6 34.8 34.5 35.3 35.3 35.7 35.8 33.2 36.5 33.9
52 51.6 51.2 50.2 49.5 47.6 47.8 47.6 49.9 50.2 50.3 50.3 49.6 49.8 49.7 48.8 48.2 47.9 47.8 47 46.4 46.1 45.7 45.6 46.4 47.4 48.1 49 48.7 49.1 49.3 48.9 48.8 48.4 47.9 47.8 47.8 47.4 46.9 46.6 46.5 46.6 45.5 44.8 44.5 43.3 43.6 43.5 42.8 40.8 40 39.2 38.6 37.8 37 35.5 35.1 35.1 33.1 34.2 32.8 34.3 35.4 35.3 35.1 34.9 35.2 35 35 35 35 34.1 35 34.3 34.6 34.6 34.4 35 35.4 35.8 36.1 36.2 34.8 35.9
52 51.6 48.5 48.7 48.9 48.8 48.3 50.3 51.2 50.1 50.2 50 50 50.5 49.8 49.2 48.7 48.1 47.8 47.3 47.6 47.3 47.3 46.9 46.4 46.4 47.4 48.1 48.7 48.8 48.9 48.9 48.8 48 47.7 47.7 47.7 47.6 47.6 47.6 47.6 46.1 45.3 44.6 43.9 43.7 43.7 43.9 43.1 41.7 40.2 39.7 39.9 39.2 38 35.7 35.2 35.4 34.7 33.9 34.4 35.5 35.3 35.6 35.3 35.1 35 35 35.1 35.1 34.9 33.7 34.6 35 34.8 34.7 34.5 35 35.4 35.7 36 35.6 35.7 35.5
52.2 52.1 48.8 49 49.9 51.1 53.6 52.5 52.3 51.9 50.1 49.8 50.7 49.8 49.8 49.2 48.7 48 48 48 48.4 48.4 47.7 47.4 46.9 46.5 47.1 47.5 47.8 48.4 48.5 48.4 48.1 47.6 47.2 47.3 47.3 47.3 46.3 47.6 47.6 46.6 45.8 45.1 44.6 44.7 44.8 43.6 43.2 41.6 41.4 40.9 38.6 38.2 37.6 36.1 35.4 34.8 33.9 33.9 35.7 35.7 35.5 35.7 35.7 35.4 35.3 35.2 35.1 35 34.8 34.1 35 35 34.8 34.7 34.7 35 35.2 35.5 35.3 35.5 35.7 35.8
52.5 52.1 49.1 49.4 50.5 54.3 57.9 58.2 56.5 53.5 50.6 51 50.3 49.4 49.7 49.5 49.3 50.3 50.6 50.4 50.6 48.8 47.8 47.5 47.3 46.8 46.4 46.6 46.9 47.5 47.4 47.2 47.6 47.3 46.4 46.7 46.9 47.4 47.8 47.7 47.3 47.4 47.1 46.2 45.4 45.4 46.1 44.6 43.3 42.1 41 40.3 36 35.7 35.1 34.8 34.9 35.6 34.1 35.5 35 35.8 35.7 35.9 36 35.5 35.1 35.2 35.3 34.9 34.3 33.6 34.6 34.8 34.6 35 34.9 35 35 35 35.2 35.4 35.6 35.7
53.1 51.9 50.4 49.3 52.7 57.2 59.9 59.8 56.9 51.4 51.3 53.2 52.4 51 52.3 51.6 51.6 53.5 53 49.6 52.1 49.9 48.6 47.8 47.7 47.3 46.6 46.6 47.3 47.1 46.7 46.9 47.2 46.9 46.2 46.7 47 46.9 48.4 49 49.5 49 48.2 47.5 47.1 46.8 46.3 44.3 43 42.9 42 39.6 36.8 35.6 35.3 35 34.6 33.8 35.8 35.8 35.7 35.9 35.9 36 36.1 35.8 35.4 35.5 35.2 34.6 34.9 34.3 34.5 34.6 34.6 34.5 35.1 35 34.8 35 34.9 35.2 35.4 35.5
53.2 52.1 51.9 49.2 52.4 57.2 59.2 58.5 55.4 52 50.8 53.1 53.6 51.8 52.5 53 53.3 55.4 55.9 54.3 53.6 53.8 51.7 49.3 47.9 47.4 47.5 47.6 48.3 46.8 47.3 46.7 46 47.2 46.4 46 46.3 48.3 49.1 50.1 51.2 49.1 48.6 46.7 46.6 46.3 44.8 42.5 43 42.8 42.2 42.1 40.3 37.9 35.2 35.1 34.8 35.2 34.8 35.7 34.7 35.8 35.8 36 36.1 36 35.9 35.6 35.1 34.6 34.9 34.4 34.8 34.9 34.7 33.7 34.2 34.6 34.8 35.1 34.8 35.1 35.3 35.3
52.4 51.3 51.4 50.4 49.9 55.1 56.1 55 54.1 53.3 51.9 51.4 52.5 52.2 52 53.9 55.2 56.7 57.1 56.2 56 55.7 55.4 53.3 50.2 49.2 47.9 48.4 46.9 47.5 47.8 46.9 46.3 45.8 47 45.7 46.7 45.6 46.3 47.9 48.7 49 47.6 46 45.5 45 42.8 42.3 42.3 43.2 42.3 42.1 40 37.9 35.5 35.1 34.7 35.5 33.1 35.8 35.8 35.7 35.8 35.9 36 36 35.6 35.5 35 34.6 35 34.2 35 34.8 34.4 34.2 34.3 34.6 34.8 34.8 34.9 35 35.2 35.5
51 50.6 50.1 49.8 49.6 53.2 55.1 54 53.9 53.8 53.2 52.9 51.5 53.1 52.6 51.3 53.9 54.9 54.9 55 55.1 55.4 55.5 54.1 50.5 48.7 47.6 48.6 48.9 47.8 47.1 45.9 46.1 46.3 45.5 46.3 45.2 44.1 44.5 45.2 46.1 46.6 46.4 45.4 44.6 44.4 44.7 44.2 44.4 45.3 44.3 43.3 39.8 36.7 36 35.4 34.8 35.4 35 35.3 35.9 35.6 35.5 35.7 35.6 35.5 35.2 34.9 34.9 35 35.2 35.2 35.2 34.6 34.5 34.4 34.7 34.9 34.9 34.8 34.9 35 35.2 35.2
50.9 50.4 50.8 51.1 51.9 53.4 53.9 53.5 53.9 53.5 52.9 53.1 52.1 51.6 51.5 51.4 50.7 49.2 48.7 49.2 50.9 51.2 51.8 50.5 49.3 47.9 47.5 47.5 47.4 46 46.5 45.9 46.2 46.2 46.5 45.6 44.1 43.7 44.1 44.8 45.7 45.7 45.3 44.3 44.4 44.9 45.3 44.7 45.1 45.4 45.2 43.4 41.8 38.5 37 35.7 35.1 35.7 33.8 35.6 35.9 35.6 35.2 35.3 35.4 35 35.1 35.3 35.3 35.4 35.4 35.2 34.3 34.7 34.7 34.7 34.6 35 35 34.8 34.9 35 35.1 35.1
52.3 52.5 52.7 52.5 52.6 52.9 53.3 54.4 54.1 52.2 53.1 52.9 51.9 52 52.5 51.2 50.5 50.2 42.3 43.7 42.8 42.4 46.6 45.6 43.2 43.1 46.1 48 47.2 46.9 46.8 46.3 47.7 47.2 46.2 44.6 44.6 44.1 43.8 43.8 44.7 44.8 44.2 44.1 44.5 45.1 44.9 44.8 44.4 44.1 44.8 43.4 41.9 39.9 38.5 37.3 35.5 35.4 35.8 35.7 35.8 35.8 35.9 35.7 35.6 35.1 35.4 35.7 35.6 35.6 35.3 35.1 35.3 35.3 35.2 34.9 33.9 35.1 34.9 34.8 34.8 35 35 35
53.3 53.5 53.5 52.6 52.6 52.1 52.8 54.8 55.7 54.1 52.8 52.1 51.7 51.5 51.7 55.5 50.4 50.4 49.1 44.4 48 46.9 42.7 41.7 47.1 46.7 46.7 47.4 47.9 47.5 46.9 47.1 47.8 46.6 45.5 44.8 45.5 45.2 44 43.1 43.4 44 43.9 44.2 44.5 44.8 44.6 44 43.7 43.4 43.7 42.9 41.4 39.8 38.5 37 35.4 35.5 35.6 35.9 36.1 35.9 35.8 35.6 35.5 35.4 35.3 35.6 35.5 35.5 35.3 35.1 35 35 34.9 34.9 35 34.6 34.8 34.8 34.8 34.9 34.9 34.9
53.2 53.2 53.4 52.9 51.6 48.8 49.8 53.3 54.7 53 52.6 51.9 52 51.6 51.2 51.4 50.7 48.8 49.5 46.6 48.3 43 41.3 46 47.2 47.5 47.6 47.5 47.1 47.6 48 47.4 47.4 47.1 46.2 46.3 46.3 45.3 44.2 43.6 43.3 43.4 44 43.9 43.8 44.1 44.2 43.8 42.8 41.7 42.7 42 40.8 39.3 38 36.6 36 33.8 34.8 36 36.1 35.8 35.7 35.6 35.5 35.4 35.2 35.2 35.1 34.9 34.9 34.5 34.6 34.3 34.9 34.8 35.1 34 34.6 34.7 34.8 34.8 34.8 34.9
53.2 52.7 50.4 48.1 42.6 42.2 42.5 49.2 53 51.9 51.8 51.9 51.9 51.8 51.3 50.8 51.7 49.9 48.9 49.7 46.4 43.1 41.1 46.4 48.4 48.6 48.5 48 47.4 47.4 47.4 46.7 47.2 47.9 46.7 46.8 46.6 46.6 45.4 44.1 44.1 42.5 43.9 43.7 43.1 43.1 43.1 43 42.7 41.3 40.5 40.6 39.2 37.1 36.3 35.7 35.8 33.4 35.7 34.8 35.8 35.7 35.6 35.5 35.5 35.4 35.4 35.3 35.3 35.3 35.2 35.1 35.2 35.1 35.7 35.4 35.3 34.3 34.9 34.6 34.9 34.7 34.7 34.8
50.3 48.3 46.2 42.6 42.6 42.7 42.4 44.8 50.6 51.9 51.6 51.5 51.4 51.6 51.4 50.9 51 51.4 49 48.6 50.9 46.2 43.9 41.5 49.8 49.4 49 48.3 48 48.4 48.6 47.4 47.3 47.2 47 47.1 46.5 46.2 45.7 44.8 44.5 44.2 43.6 43.4 42.9 42.7 41.8 41.5 42.3 40.3 37.6 37.1 37.1 35.7 36.1 36 36 34.1 34.6 35.4 35.9 35.9 35.8 35.7 35.7 35.6 35.6 35.2 35.3 35.5 35.4 35.5 35.6 35.7 35.5 35.8 35.6 35.6 34.8 35.5 35.6 35.3 35.6 35.8
43.2 42.2 42.1 42.1 42.8 42.5 42.5 41.9 48.9 52.1 51.6 51.5 51.6 51.6 50.7 50.8 50.7 51.1 51.3 47.6 47.3 50.7 44.4 50.5 50.5 50 49.2 48.4 48.4 48.8 48.9 48.2 47.5 47.4 47.3 47 46.6 45.3 45.1 44.9 44.9 45.1 44.6 43.9 43.4 44.1 42.3 42 41.2 38.8 38.4 38.3 36.4 35.4 35.2 35.4 35.9 33.9 34.8 36.1 35.8 36.2 36.1 36 35.9 35.8 35.8 35.6 35.5 35.1 35.4 35.4 35.4 35.5 34.9 35.6 35.2 35 35.3 35.2 35.6 35.4 35.5 35.8
42.9 42.4 41.7 41.6 42.6 42 42.3 42.1 45.4 51.1 52 51.8 51.8 50.8 51 50.9 50.7 50.8 51.5 54.8 45.1 47.2 50 50.5 50.1 50.1 49.3 48.8 48.8 48.8 48.2 47.6 47.4 47.1 46.7 46.5 46.9 46.7 46.8 46.1 46.2 46.3 44.2 43.8 44.6 43.7 42.5 41.9 39.4 38.5 38.1 37.6 36.7 35.5 35.2 35.2 35.6 36 34.5 34.3 35.2 35.8 36.3 36.3 36.2 36.1 36 35.9 35.4 35.4 35.4 35.3 35.7 35.8 35.1 35.4 35.2 35.5 35.6 35.6 35.5 35.7 35.7 35.8
42.5 42 41.6 42 42.3 42.3 42 41.6 45.8 51 52.4 52.3 52 51.5 51.2 50.9 50.8 50.7 50.6 51.5 51.6 44.8 48.2 50.1 50.1 49.5 49.8 49.5 48.9 48.9 47.5 47.8 47.7 47.6 47 46.7 46.7 45.7 46.7 47.1 47.5 47.3 46.3 44.1 43.6 41.7 40.7 41 39.7 37.3 36.9 36.9 36 35.7 35.3 35.3 35.4 35.9 35.8 36.2 35.7 34.9 36.5 36.4 36.4 36.3 36.2 36 35.6 35.8 34.9 34.9 34.9 36.1 35.7 35.1 35.6 35.6 35.6 35.7 35 35.8 35.3 35.5
42.3 42 41.9 41.7 41.9 41.9 41.8 41.5 45.8 50.5 51.8 52.4 52.2 52 51.8 51.4 50.9 50.7 50.6 50.7 50.9 48.7 43.5 50.1 49 48.8 49.3 49 48.9 49 48.2 48.1 47.8 47.5 47.1 47.1 46.7 46.1 46.5 46.5 46.4 46.7 46.3 46 45.2 43.9 42.6 41.1 39.3 37 37.6 36.3 36.2 35.7 35.3 35 35.6 35.9 36 36.1 36.3 35 36.6 36.6 36.5 36.3 36.2 36.4 36.3 35.5 35.3 35 35.3 35.6 35.6 35.4 35.5 35.6 35.7 35.8 35.7 35.4 35.3 35.7
42.3 42 42.2 41.6 42.1 41.9 42 42.1 44.8 46.5 47.9 50.2 51.5 52.3 51.3 50.5 45.7 47.7 50.5 50.6 50.1 49.4 46.7 48.6 49.7 49.3 49.6 49.7 49.1 50.1 48 47.7 47.1 47.2 46.6 46.5 46.6 46.8 47.1 46.7 46.2 45.4 44.7 44.8 44.5 43 41.7 39.7 37.7 36.8 36 36.4 36 35.5 35.7 35.4 35.6 35.9 36 36.2 36.4 34.6 36.5 36.5 36.5 36.4 36.3 36.4 36.4 35.7 35.4 35 35.4 35.5 35.3 35 35.7 35.4 35.5 35.7 35.8 35.4 35.1 35.8
42.9 42.7 42.2 41.6 41.6 41.5 41.2 41.4 41.6 41.6 41.4 42.8 40.2 42.7 42.7 40.3 40.5 41.2 42.9 43.6 44.6 46.4 49.1 49.3 49.1 49.1 49.2 48.8 48.5 51.5 49.5 47.9 47.6 46.3 45.6 45.5 46 46.5 46.5 46 45.2 45.6 45.1 44 43.5 41.7 40.2 39.3 37.3 36.4 36.7 37.3 36.7 35.9 35.7 35.3 35.2 35.9 36 36.2 34.8 35.1 36.5 36.5 36.5 36.5 36.4 36.3 36.3 35.9 35.6 35.3 35.4 35.7 35.8 35.5 35.7 35.5 35.5 35.6 35.7 35.7 35.7 35.7
42.7 43.3 42.9 42.1 42.5 42.6 42.1 41.5 40.9 41.3 40.6 41.4 41.5 41.1 39.7 40 40.7 40.5 40.5 40.5 40.5 40.5 47.8 49.2 48.8 48.5 49.7 52.2 51.1 51.7 49.4 48.1 47.2 46.5 46.1 45.8 45.8 46.2 46 46.2 45.6 45.1 45.1 44.7 43.2 42.1 41.3 40.2 38 36.5 36 37.8 36.2 35.4 35.4 35.6 35.7 35.7 36 36.3 35.6 35.5 36.2 36.7 36.7 36.5 36.4 36.3 36.3 36 36 35.6 35.8 36.2 35.9 35.8 36.1 35.8 35.8 36.1 35.7 35.8 35.8 35
42.7 42.5 42.8 42.1 42.5 42.2 42 42 41.2 40.9 41.3 40.9 40.9 40.5 40.5 41 40.6 40.6 40.6 40.5 40.4 40.5 44.8 50 49.7 49.7 49.6 53.2 52.1 53 50.4 49 48.3 47.5 47.2 46.9 46.5 46.1 46.3 46.3 46.1 45.2 45.8 45.5 44.2 43.2 42.5 41 39.5 38.4 37 37.1 35.5 35.3 35.3 35.7 35.7 35.8 36.1 36.3 35.3 36.3 35.8 36.8 36.7 36.5 36.4 36.3 36.1 36.7 36.4 36.3 36.4 36.7 36.6 36.3 35.1 35.9 36.5 35.5 35.3 35.3 35.3 35.4
