app/static/ascii/NU00.asc
ncols 200
nrows 200
xllcorner 400000
yllcorner 600000
cellsize 50
[rows 35 to 69 of 200, columns 78 to 155 of 200]
139.2 132.4 136.7 140 140.8 141 140.1 139.2 138.2 132.8 133.8 137.3 141.1 145.6 150.2 156.3 164 170.7 180.5 182.2 182.9 183.1 184.5 188.7 198.1 212.2 223 223.8 226.4 231.6 236.3 243.3 251.2 252.8 250.9 250.3 249.4 248.2 246 245.1 245.2 243.9 242.5 241.9 239.6 234.6 231.2 229.3 226.4 222.5 223.3 227.4 230.5 232.2 233.2 235.2 235.3 233.6 232 229.3 228.7 231.2 233.3 231 224.6 216.5 214.8 219 219.2 214.3 207.6 195.7 185.8 177.8 178.1 178.7 177.5 175
135.1 136.9 142 144.1 143.5 143.2 142.4 141.4 140 136 137.6 138.9 141.5 145.7 150.9 159.1 162.9 170 176.4 176 177.3 178.9 181.3 184.9 189.6 200 211.6 219.6 223.1 226.2 232.3 240.8 252 252.1 250.6 248.4 248.2 247 244.1 242.5 243.7 241.2 239.2 239.4 238.9 236.7 233.5 231.8 229.1 224.6 220 219 223.1 226.7 228.3 229.4 230 229 226.6 225.3 227.9 230.2 232 229.8 223.3 213.4 211.3 213.5 213.7 207.7 204.3 198.9 188.6 184.9 183.5 184.2 184.1 182.2
140.6 143.8 147.1 147.8 147.1 145.2 143.4 142.2 140.3 136.8 139.6 141.2 142.9 144.2 148.6 155 161 166.4 169.9 170.9 171.7 175.4 177.8 182.4 185.1 189.6 202.9 215.2 218.4 227.2 234.2 243.2 251.8 250.3 250.1 248 246.4 245.3 242.5 241.2 242 240.6 238.4 238.9 239 237.5 235.3 233.2 230.1 227.7 224 216.9 215.5 220.1 222 221.2 223 221.7 220.7 224.3 228.2 230.8 231.6 228.5 221.1 211.6 205.1 206.1 210.7 208.5 207 205.1 199.6 191.9 186.4 185.8 185.9 185.4
148.7 151 151.7 151.2 149.2 146.3 144.5 142.3 140.6 137.3 139.3 141.1 141.3 144 148.2 154.1 157.8 159.4 163.4 168 173.7 178.1 181.4 187.2 192.2 195.7 203.5 213.1 218.9 228.9 236.4 249.9 249.7 248.1 247.4 246.3 245.1 242.6 239.4 238.3 239.3 239 237.9 238.4 238.8 236.9 234.8 232.7 228.8 226.6 223.3 219.1 211.7 213.5 215.8 215.7 215 215.5 221.6 225.2 227.5 229.6 229.7 226.8 221.7 211.3 200.6 202.6 209.1 211.2 211.4 211 207.5 201 192 186.2 185.5 185
150.3 154.4 154 152.8 150.4 147.7 145.3 143.2 141.3 138.3 138.1 139.4 141.8 147 151.5 158.8 163.8 167 169.2 173.2 177 180.9 186 196.9 207.2 211.5 212 214.3 224.3 232.4 239.2 249.6 247.6 246.4 247 246.9 244.7 242.2 239.1 235.1 235.1 234.6 236.5 237.7 237.8 235.1 233.4 231.6 226.6 225.2 221.4 216.5 212.7 206.9 208.4 210.3 210.1 218 223.5 226.2 226.6 226.8 228.5 226 223.7 207.7 199.2 201.2 208.9 212.6 213.4 214.4 212.2 207.5 200.2 190.1 185.3 184.4
153.7 156.2 156 153.4 150.5 147.8 145.5 143.7 141.3 139.1 139.1 140.5 144.1 151.2 156.8 163.6 167.2 170.3 173.1 176.8 182.6 187.3 197.1 211.3 217.3 220.1 224.1 223 232.4 235.2 239.9 249.7 247 245.1 246.2 245.8 243.6 240.3 238.2 235.4 231.4 233.4 235.5 236.4 235.4 234.8 233.5 231.5 226.6 223.7 220.1 217.5 215 210.3 206.3 204.1 211.5 219.2 224.5 225.9 228.5 227 220.3 222.1 214.8 199.6 195.1 202.8 209.2 212.9 215 215.6 214.3 211.5 205.9 197 186.7 182.4
154.9 156.6 156.6 153.8 150.7 147.2 145.7 143.2 141.1 139.8 141.5 143.5 146.7 152.4 159.3 166 171.2 173.7 177.3 184.7 187.8 200.8 216.1 214.8 220.5 227.8 233.4 232.3 233 235.2 239.4 245 245.2 243.3 243.8 243.7 240.8 237 235.4 232.7 229.1 231.3 232.7 233.5 233.3 232.6 233.1 231.1 227.6 222.4 218.7 218.8 216.6 212.3 207.1 201.1 210.8 217.7 223.9 228.6 230.6 222 213.8 212.6 203.1 192.6 193.8 200.1 206 210.1 211.9 212.8 213.2 212.2 208.5 201.6 191.6 184.1
156.3 156.8 156 152.6 149.6 147.3 144.5 142.6 141.3 142.7 143.9 145.7 149.9 153.6 162.1 169.6 173.6 177.5 183.6 188.3 198.6 216.9 222.4 224.2 224.7 232.1 234.2 233.2 233.6 236.4 238.8 242.8 244.3 242.1 241.3 240.8 238 233.5 232.3 229.5 225.7 227.7 228.9 229.2 229.6 229.3 229.3 227.3 226.5 224.7 221.9 219.1 216 211.5 203 198.9 209.2 214.3 219 225.4 226.8 217.1 208.3 202.5 194.7 185.1 187.8 193.8 198.4 202.7 204.8 206.4 209.3 209.5 207.1 201.7 194.8 187.5
156.6 156.2 153.5 150.7 148 146.5 144.9 144.3 143.8 145.6 146.8 151 153.8 158.4 162.5 171.7 177.1 180.9 187.1 197.6 213.7 221.5 229.8 232.3 230.6 233.3 233.6 233.5 234.1 236.3 238.5 240.4 243 239.7 237.4 236.9 234.9 229.7 228.7 225.8 221.7 224 224.6 224.3 225.1 225 223.4 223.3 224.1 223.2 220.4 216.5 213.6 211 202.7 201.5 209.2 209.9 213 218.4 222.3 216.2 203.7 197.2 189.9 179.1 178 183.1 188.4 191.4 194.7 199.5 202.4 203 201.4 197.4 192.4 186.6
156.6 153.9 151.8 151.1 148 146.5 145.7 145.5 145.9 148.7 152.8 156 159.2 166.1 171.4 173.3 178.9 185 197.2 210.6 216.1 226.8 234.9 233.7 233.2 233.5 233.6 233.7 234.4 235.9 237.6 241.4 240.1 236.7 234.5 233.8 230.8 227.2 223.5 221.1 217.5 218.1 219.7 220.3 220.1 219.5 219.5 220.2 221 218.9 216.3 214.8 212.4 209.8 206.1 201 205.7 206.8 207.9 211.3 217 209.9 201.2 195.6 188.1 178.1 167.4 171.1 174.9 179 184.6 189.1 191.8 192.5 190.9 188.3 184.4 179.8
155.6 153.2 152.7 152.1 148.6 147.3 146.7 149.4 152.3 154.6 155.8 160.5 166 174.5 180.6 180.4 183 194 208.4 213 223.9 232 233.5 234.5 234.3 234.5 234 234.1 234.6 235.5 236.1 237.1 234.4 233.4 232.3 230.3 228.3 223.6 220.1 217.5 212.6 211.6 214.2 214.3 215.6 215.7 215.9 216.3 216.3 214.5 212.8 211.7 209.2 205.8 201.6 192 198.9 200.9 203.3 206.9 210.8 205.6 197.7 192 184.4 176.2 168.8 159.2 161.4 163.8 169.8 174.7 177.1 176.9 175.1 172.5 170.3 167.4
155.3 155 153.8 150.3 149 148.7 148.7 152.5 158.5 161.4 162.4 165.1 173.4 181.1 183.5 188.2 194.3 201.8 210.3 218.3 226.1 231.9 236.4 236 236 235.6 235.5 235.7 236.2 236.1 235.2 233.4 231.4 230.7 232.2 228.8 224.2 219.9 215.3 213.5 211.5 203.4 207.7 208.7 211.2 211.1 211.7 212.4 212 211.1 207.9 206.3 201.6 198.7 195.6 193.2 184.7 191.7 196.3 199 201.2 198.8 192.6 184.7 176.6 166.6 156.7 160.5 160.7 157.6 152.9 157.9 158.6 156.6 153.5 150.5 152.1 154.6
156.8 156.2 152 151.3 150.5 149.9 152.1 157.4 163.5 167.6 172.4 175.9 180.3 183.7 187.8 199.5 204.8 208.6 216.7 223.3 231.5 236.9 239.4 238.3 237.9 239.7 241 239.6 238.8 239.1 237.8 234.2 230.3 228.2 229.2 226.1 221.1 216 211.8 209.9 206.4 200.1 202.5 204.7 204.7 205.3 207.3 207.9 207.7 205.8 202.6 199.8 195.4 190.1 188.3 185 182.1 181.4 188.2 191.2 192.1 189.4 184.7 177.4 167.2 161.1 168.5 172.8 173.6 169.8 162.8 155.4 147.8 147.2 146.4 144.9 141.2 140.4
159.3 155 152.6 152.9 152.2 153.4 158.8 166.4 167.3 174 179.2 183.2 185.1 188 195.9 202.1 207.8 215.7 222.5 231.1 237.4 240.5 241.1 240.4 242.5 245.5 246.6 244.7 243.7 242 240.9 234.8 229.2 226 224 221 216.9 212.7 209.3 205.6 201.2 195.5 197.5 199.6 197.6 200.5 201.7 201.5 200.9 198.3 194.8 193.6 192.1 190 188.5 185.6 182.2 175.7 180.9 183.9 183 179.1 175.9 169.6 160.8 169.4 179.1 184.2 184.7 181.2 176.4 173.3 169.4 165.6 161 155.9 149.8 149.4
159.3 154.7 155.3 154.8 154.3 159.3 166.4 170.3 172 178.9 182.5 185.7 188.9 193.7 198.1 205.3 211.5 219.9 228.6 236.9 238.7 240.2 241.7 241.9 240.7 238.9 237.3 236.6 236.4 236.3 234.8 232.2 228.3 223.6 220.2 216.8 213.3 210.7 204.1 202.8 196.8 197 191.8 194.4 191.8 192.7 194.1 192.2 192.1 189.4 187.4 186.6 186.1 185 182.8 181.2 178.8 174.9 174.4 177.1 175.7 172.9 168.3 162 167.8 179.8 189.3 194.9 195.2 190.2 189.7 188 186.1 182.2 176.6 170.9 166.3 161.5
157.9 160.7 160.8 157.8 158.3 164.2 169.8 174.2 179.4 182 184 186.1 189.6 194.6 201.4 207.2 216.3 223.7 230.1 232.8 236.6 242 241.7 241.4 239.4 236.4 234.6 234.1 233.8 233.3 230.9 227.9 224.5 222.3 220.2 217.6 214.1 209.7 204.5 199.2 193.9 191.3 187.9 185.7 184.1 182.3 185.8 185.2 184.3 183 181.5 179.9 179.1 177.9 176.7 175.8 174.2 172.9 170.3 171.3 169.3 164.5 166.2 171.2 180.9 191.9 201.2 205.5 206.1 204.2 203.4 202.6 200.2 197.3 191 184.7 181.5 175.3
162.1 165.1 164.4 162 164.2 168.5 172 177.6 180.4 182 183.4 185.6 189.8 196.9 203.7 211.5 218.6 224.9 228.3 234.9 239.2 241.2 243.5 243.8 238.3 235.4 233.1 231.6 231.8 228.5 226.2 224.6 221.9 221 219.5 216.3 212.1 207.9 203.1 198.8 197.3 195 192.3 188.4 184.2 181.9 180.2 178.7 177.7 176.2 175.3 174.5 173.9 172.8 172.2 171.3 170.9 168.3 167.7 166.9 166.5 169.1 174.5 182.5 192.3 202.1 211.1 215.7 217.4 219.2 219.1 217.8 215.6 213.4 209.3 203.6 197.3 189.5
162.4 165.4 165.8 166.5 167.9 170 174.9 177.5 179.2 180.5 183 184.3 188.6 195.2 200.8 207.5 217.2 223.2 227 232.1 238.8 240.1 244.6 241.3 238 234.8 232 228 225.4 224.1 221.1 220.8 220.2 219.3 217.7 214.3 210.6 206.7 202.8 202.8 201.1 197.5 192.6 188 184.1 181.1 180.9 179.7 179.3 180.1 179.4 179.4 178.4 180.2 179.8 179.4 177 174.3 171.5 170.9 173.3 176.5 182.6 193.3 201.9 210.8 221.9 230.9 236.1 241 241.5 240.5 238.9 235.4 229.6 222.2 217.8 209.2
162.3 163.9 164.6 167 171.5 173 174.2 176.2 178.7 180.9 183 184.6 187.6 190.9 196.1 201.3 210.6 219.3 224.7 229.3 234.4 235.9 238.4 242.1 239.6 235.8 228.2 224.9 220.1 217.1 216.2 217.1 218 216.9 215.1 211.6 209 206.2 206 205.5 201.2 195.2 189 183.2 184 188 189.5 188.7 187.9 187.6 188 188.4 189.5 190.4 190.4 189.3 186.5 183.8 179.3 177.7 183 184.3 191.8 201.6 209.4 219.6 234.5 247 264.1 265.5 267.3 264.5 257.4 249.9 241.7 240 235.5 231
162.1 163.8 164.7 170.3 174.4 174.8 175.3 176.6 179.4 181.3 182.9 185.5 189.3 193.5 200.7 210.5 216.4 223 230.8 234.9 234.7 234.1 235.2 234.8 230.4 222.3 220.4 219 209.3 210.3 210.3 214.9 215.3 213.5 211.7 210.2 209.4 208.9 206.4 202.1 197.9 191.5 185.8 191.1 194.8 197.8 197.6 198.5 197.7 197.8 201.3 204 206.4 206.7 204.1 199.8 197.6 193.8 189.4 188.7 192.7 193.7 197.2 208.2 216.3 232 248.7 263.6 281.1 290.2 294 289.4 282.6 275.4 264.4 259.5 256.4 245.8
162.9 165 169.3 173.3 174.7 173.1 173.4 176.4 179.1 182.7 184.7 188.1 192.9 196.9 205.6 212.1 221 229.2 232.4 231.9 231.1 229.3 225.8 221.4 214.6 210.2 206 202.7 199.7 201.7 209.1 212 211.9 211.2 209.5 207.9 208.5 206.7 201.6 198.9 192.4 192.8 197.7 201.7 204.4 206.3 208.4 212 213.9 215.6 221.4 224.9 224.3 220.9 214.3 211.2 209.2 206 199.1 201.6 202.8 203.8 208.3 217.7 231.2 249.7 269.2 289.7 295.1 300.6 303.6 298.9 299.1 297.9 292.3 289.4 284.1 272.7
164.3 167.9 171.1 171.5 171.9 170.9 170.8 175.3 179.6 183.9 186.4 191.9 198.4 204 209.6 216.9 225 227.8 226.8 225.2 223.1 218.4 212.1 206.7 203.5 199.8 196.7 194.2 194 200.1 204.4 208.3 210 209.4 207 206.5 200.8 199.8 199.1 199.3 199.5 202.9 206.9 210.2 213 217.8 224.3 230.3 231.7 234 240.4 241.9 242.4 237.9 231.2 228.7 224.3 220 211.2 218.5 220.4 221.8 226.4 230.9 246.4 266.5 286.9 294 296.5 303 303.4 301.6 301.1 298.9 297.1 296 290.1 283.3
166 168.7 168.5 168.4 169.1 167.8 167.9 174 178.1 182.6 186.8 194.7 203.1 205.9 210.6 217.7 218.3 219.1 218.4 217.3 213 206.2 200.4 200.1 196.8 194.1 191 190.1 190.8 196.9 203.3 206.9 207.7 207 206.1 203.3 202.3 202 202.5 203.3 206 209.1 213.1 221.3 228.1 235 247.1 252.8 252.9 254.1 258.8 265.4 269.8 261.6 254.4 252.6 245.5 237.2 230.9 236.1 239.8 242.9 245.3 246.7 263.1 281.3 289.2 293.8 297.1 302.2 302.4 300.9 299.3 298.1 297.2 295.3 291.8 287.4
165.8 166 165.3 165.9 165.2 165.6 168 173.1 178.2 183.1 188.2 196.5 201.7 202.9 206 209 208.8 207.7 208.5 206.4 202 194.5 190.9 191.9 190.6 189.5 188.2 187 190 197.4 202.1 205.5 207.2 208.1 209.5 206.7 206.6 208.1 210.7 213.4 218 223.5 229.3 241.2 250.9 258.2 267.9 271.7 272.7 276.9 285.3 292.5 287.6 281 278.6 269.4 261.5 252.1 246.8 252.5 258.2 264.3 264.9 260.8 271.7 284.6 292.8 296.3 300 300.3 299.5 298.1 297.1 296.5 296.1 294 291.5 287.6
162.7 162 161 161.8 162.1 165 169.8 175.7 179.5 184.4 190.6 196 197.2 196.5 198.8 200.3 197.4 196.8 195 193.6 188.7 186.4 185.7 185.2 185.5 185 187 183.4 188.8 195.3 200.9 203.5 208.1 212.3 213.3 213 214.2 219.7 224.1 229.2 237.8 241.5 246.7 257.8 268 280.6 295.5 294.6 294.9 297.2 306.6 312.4 299.9 292 291.9 284.1 274 264.8 260 265.5 273.8 277.9 276 270.6 279.6 289.8 294.6 297.2 299.5 297.2 295.6 294.4 293.5 293.3 293 291 288.3 285.5
158.1 156.8 157.3 160.2 163.1 168.9 173.6 176.6 180.5 185.6 189.9 190.4 189.8 188 188.1 188.5 187.2 185.5 183.5 180.9 180.6 181.1 181.5 181 180.2 180.1 181.5 182.3 186.4 192.8 197.6 204.4 211.7 215.4 217.8 221 223.5 227.1 239.7 246.5 250.6 254.5 262.6 274.1 290.4 308.7 317.6 311.1 312.8 310.9 315.9 316.2 310.5 305.9 298.7 290.9 279.2 270.5 270.4 273.8 279.5 280.2 278.8 282.6 288 292.9 294.7 296.5 297.2 296.1 293.2 290.6 289.8 289.5 287.5 285.7 283.9 282.1
154.1 154.2 157.9 163.3 168.4 172.7 175.3 176.9 179.7 181.4 182.7 182.9 179.4 177.3 177.6 176.2 173.1 172.8 171.6 173.2 174.5 176.1 176.7 176.4 174.8 176.4 183 188.9 193.5 196.1 200.9 205.9 213.8 215.7 223.1 227.9 231.6 236.9 251.8 261.1 265.1 269.4 280.5 292.7 311.3 318 319.6 319.5 317.3 314.6 317.3 315.7 310.9 306.5 301.2 296.6 284.6 275 277.3 279 280.1 281.9 286.2 292.4 293.5 293.9 294 293.9 294.6 294.5 289.7 286.5 285.2 283.5 281.9 281.4 279.1 278.6
153.2 156.5 162.6 167.7 171.6 174.1 174.8 173.9 173.8 173.1 172.3 169.7 167 165.6 164.3 163.4 163.5 162.7 164.9 167.4 169.1 170.9 171.7 173.5 177 178.8 183.1 189.2 196.3 203.2 211.6 217.1 220.1 223.2 230.4 238.6 244 250.8 264.1 277.9 288.7 296.1 302.1 312.3 316.9 317.1 317.9 316.5 314.2 312.8 315.1 312.8 305.6 301.9 302.3 302.5 298.3 287.5 283.7 282.9 283.4 289.3 294.8 293.9 293.7 292.5 291.7 290.6 290.6 289.3 286.2 285.1 281.1 280 279.8 279.6 278.8 276.8
154.9 160.7 166.7 169.7 171 171.8 170.9 168.7 164.6 161.6 158.9 156.4 160 164.1 165.9 167.5 169.7 169.6 167.5 166.3 167.6 169 170.1 172.2 177.7 181 186.6 192.6 205.2 218.2 225.3 227 227.7 235.1 241.4 253.8 257.2 261.5 273.6 289.4 302.3 311.9 313.4 313.6 316.3 314.2 315.3 314 311.7 309 311.3 309.7 302.7 298 298.9 299.6 298.1 295.7 292.6 292 292.7 292.1 291.3 291 290.6 289.7 288.5 286.7 285.6 283.3 281.5 281.6 279.8 275.8 275.5 276.2 275.8 273.2
158.6 163.8 167.4 168.5 168.2 166.7 164.7 161.1 157.4 156.5 161.5 165.3 168.8 171 174.6 179.3 178 172.8 169.2 165.9 167.1 167.9 169.2 173.6 179.1 184.1 189.7 203.9 221.8 233.4 233.8 231.4 239.7 246.8 250.8 255.9 266 274.4 288.7 295.4 301.8 309.4 312.6 311.1 310.4 310.2 311.5 308.9 306.3 303.3 305.2 305.8 297.6 294.7 296.7 296.3 295.1 293.7 291.4 290.6 289 287.6 287.1 287.1 286 285.6 284.6 283.1 280.2 275.5 276 276.2 276.4 274.4 270.7 269.1 270 269.2
160.6 163.2 164.3 163.3 162 160.1 157.5 158.8 157 161.2 166.6 173.5 178.9 184.1 187.5 187.2 182.5 175.6 170 168.7 166.7 167.8 170 175.7 181.1 187.2 201.3 217.3 231.7 239 240.6 242 242.9 248.1 255.1 266.3 283.6 289.3 295.7 298.3 298.9 301.7 307.1 306.2 305.1 306.3 306 304.5 301.8 298.9 299.2 298.6 291.3 291.5 292.9 291.8 289.6 289.6 287.1 285.4 283.1 281.7 281.6 282.1 283.1 282.9 281.1 278.7 273.9 268.5 267.1 266.5 269.2 270.6 269 265.9 262.9 261.9
160.6 161.6 160.7 158.1 156.2 155.3 158.6 158.8 160.2 168.5 177.4 185.2 193.4 196.1 197.2 196.4 188 179.3 172.7 169.7 168.4 168.7 170.8 176 182.5 190.3 203.9 217.9 234 241.6 245 245 247.9 252.6 263 282.1 293.2 297.2 296.8 296.4 296.4 296.5 297.4 301.2 300.1 301.1 300.5 298.4 294.6 292.3 292.5 289.5 284.6 284.7 286 283.4 283.6 282 280.8 279.9 278 277.6 279 279.2 279.5 279 277.9 276.3 270.5 266.1 264.7 266.6 267.2 268.2 267 263.8 256.3 252.4
159.9 158.9 157.5 155.6 153.4 157.1 158.7 158.3 166.1 176.6 187 196.7 202.3 205.9 207.9 206.3 194.7 181.9 174.4 171 168.9 170.5 173.2 177.1 184 191.5 201 213.4 230.1 238.7 244.1 247.6 254.9 264.6 273.2 288.2 296.6 298.2 295.7 294.3 292.6 292.5 291.1 293.5 296.3 297.9 296.7 294 290.6 288.1 285.8 282.5 279.1 278.9 278.8 278.1 277.9 276.4 275.9 276.1 274.8 272.9 272.9 274.4 276.3 277.4 277.8 274.1 269 266.8 266.4 267 266.1 265.8 264.6 260.5 253.6 246.9
158.5 156.8 154.4 149.5 152.5 157.9 160.6 169 178.5 188 195.8 203.2 209.9 213.8 214.7 211.5 196.7 182 176 172.2 170.1 171.4 173.9 178.8 183 190.4 192.8 204.4 221.3 227.8 242 250.9 261.7 273.5 283.7 288.3 294 294.4 292.6 290 286.4 286.3 284.2 283.2 287.2 289.8 289.3 286.4 283.2 279.7 277.6 274.5 272.7 272 271.5 272.3 271.8 270.7 269.4 269.3 268.2 267.2 267.9 269.9 273.4 275.1 277.3 276.9 272.9 266.6 264.6 265 264.5 263.4 260.5 255.6 247 242.4
156.5 153.8 147.9 148.9 155.7 163.5 171.7 181 190.8 197.5 203 209.2 217.1 220.2 219.7 211 197.9 186.6 179.9 174.4 172.3 173.5 175.7 186.3 194.5 202.1 205.2 202.8 210.9 226.3 245.7 259.1 262.5 273.9 288.8 288.2 289.6 284.4 281.8 277.3 272.8 273.3 272.1 270.4 268 266.5 269.3 268.4 270.2 270 268.6 267.2 264.3 263.6 263.5 265.2 265.1 263.8 262.8 262.3 262.8 262 263 263.3 268.2 273 275.9 277.2 274.5 268.5 261.1 260.8 259.6 258.8 256 251 248 247.1
