app/static/ascii/NX07.asc
ncols 200
nrows 200
xllcorner 200000
yllcorner 570000
cellsize 50
[rows 144 to 179 of 200, columns 0 to 80 of 200]
34.3 37.3 36.1 31.3 36.8 39.8 37.1 31.9 30.9 38.2 43.8 46.6 49.7 53.3 55.8 55.9 55.4 56 61.3 64.1 66.7 74.4 79.3 82.4 85.2 84.9 81.8 81.4 82.7 83.4 81 81.1 78.4 75.7 67.5 56.3 53.7 57.3 66.4 68.2 64.8 63.3 64.5 64.8 62.4 59.3 55.6 50.3 44.4 29.7 -1.1 -1.1 -1.1 -1.1 -1.1 -1.1 -1.1 -1.1 -1.1 -1.1 -1.1 -1.1 -1.1 -1.1 -1.1 -1.1 -1.1 -1.1 -1.1 -1.1 -1.1 -1.1 -1.1 -1.1 -1.1 -1.1 -1.1 -1.1 -1.1 -1.1 -1.1
37.2 40.4 41.3 37.4 41.7 42.8 40.8 40.3 34.5 39.7 45.9 49.3 49.6 51.6 55.5 57.3 57 58.6 64.3 67.5 70.2 74.5 79.1 82.1 85.2 85.6 84 84.1 85.2 84.8 82.1 82.5 79.8 76 68.8 59.8 54.9 57.7 65.4 68.1 66.9 65.7 65.8 66.2 64.5 62.6 56.6 50.5 47 28.4 -1.1 -1.1 -1.1 -1.1 -1.1 -1.1 -1.1 -1.1 -1.1 -1.1 -1.1 -1.1 -1.1 -1.1 -1.1 -1.1 -1.1 -1.1 -1.1 -1.1 -1.1 -1.1 -1.1 -1.1 -1.1 -1.1 -1.1 -1.1 -1.1 -1.1 -1.1
39.4 41.6 43 43 44.7 45.7 46.8 49.2 42.5 41.4 47.5 50.7 51.4 52.9 56 57.7 58.7 62.1 67.3 70.6 72 74.5 79.5 83.2 86.4 86.9 85.8 86.2 88 84.6 83.6 83 79.9 75.8 69.6 61.1 56.1 58.2 64 68.9 67.5 67.7 68.4 69.6 69.7 66.2 60.1 53.3 47.3 37.4 -1.1 -1.1 -1.1 -1.1 -1.1 -1.1 -1.1 -1.1 -1.1 -1.1 -1.1 -1.1 -1.1 -1.1 -1.1 -1.1 -1.1 -1.1 -1.1 -1.1 -1.1 -1.1 -1.1 -1.1 -1.1 -1.1 -1.1 -1.1 -1.1 -1.1 -1.1
41.9 42.8 44.6 46.3 47.7 48.7 52.2 53.3 48 46.2 49.6 52.6 52.4 53.4 56.3 59.2 60.7 66.5 69.3 72.1 75.2 77.3 81.9 86.3 87.9 87.6 86.7 87.5 89.1 85.8 84 82.9 80.1 75.6 70.4 62.6 57.3 59.6 63.1 68.9 68.3 70.7 71.5 73.2 72.6 69.4 62.4 55.2 48.4 40.7 22.8 -1.1 -1.1 -1.1 -1.1 -1.1 -1.1 -1.1 -1.1 -1.1 -1.1 -1.1 -1.1 -1.1 -1.1 -1.1 -1.1 -1.1 -1.1 -1.1 -1.1 -1.1 -1.1 -1.1 -1.1 -1.1 -1.1 -1.1 -1.1 -1.1 -1.1
42.9 44.4 46.5 48.6 49.4 50.8 54.8 54.1 50.7 50.7 52.9 52.6 52.3 53.3 57.2 61 64 67.5 70.4 74.3 77.4 79.6 84.7 89 89.8 88 87.4 88.4 89 87.3 84.1 83.2 80.2 75.6 71.2 64.5 58.7 60.4 63.1 69.1 69.4 73.1 74.8 75.9 75 72.3 65.1 56.5 49.7 43.8 30.7 -1.1 -1.1 -1.1 -1.1 -1.1 -1.1 -1.1 -1.1 -1.1 -1.1 -1.1 -1.1 -1.1 -1.1 -1.1 -1.1 -1.1 -1.1 -1.1 -1.1 -1.1 -1.1 -1.1 -1.1 -1.1 -1.1 -1.1 -1.1 -1.1 -1.1
43.2 46.2 48.1 49.8 52.2 55.3 57.7 55.3 53.9 55.2 52.2 52.4 53 54.3 58.6 61.1 63.5 67.9 71 76.4 79.2 81.4 86.1 89.9 90.3 89.1 88.4 88.5 89.4 89.7 88 84.5 80.5 76.1 72.6 65.9 60.4 61.6 64 68.8 71.1 75.1 76.7 78 76.8 73.8 68.5 58.8 50.8 43.8 32.3 -1.1 -1.1 -1.1 -1.1 -1.1 -1.1 -1.1 -1.1 -1.1 -1.1 -1.1 -1.1 -1.1 -1.1 -1.1 -1.1 -1.1 -1.1 -1.1 -1.1 -1.1 -1.1 -1.1 -1.1 -1.1 -1.1 -1.1 -1.1 -1.1 -1.1
44.8 47.7 50.1 52.6 54.2 56.6 59.3 56.9 56.1 57.1 55 53.2 54 55.9 59.2 61.5 63.9 68.6 72.2 76.5 80.6 82.9 86.4 88.7 89.3 89.3 89.6 89.4 90.1 91.3 90.2 85.4 81.6 77.7 75.1 68.4 63.1 63.3 65 69.5 72.3 76.3 77.4 77.8 77.1 74.8 70.3 61.3 52.6 43.5 33.1 13.9 -1.1 -1.1 -1.1 -1.1 -1.1 -1.1 -1.1 -1.1 -1.1 -1.1 -1.1 -1.1 -1.1 -1.1 -1.1 -1.1 -1.1 -1.1 -1.1 -1.1 -1.1 -1.1 -1.1 -1.1 -1.1 -1.1 -1.1 -1.1 -1.1
45.6 48.5 52 55.5 55.7 58.1 60.8 59.4 57.9 59 56.6 54.1 55.3 57.5 59.8 62 64.6 69.3 73.2 78.3 81.9 83.2 85.8 87.8 88.5 88.6 89.1 90.8 91.8 93.7 91.2 85.4 81.6 79 78.9 76.2 68.6 64.3 65.8 69.8 73.7 76.8 78.1 79.3 78 75.4 70.8 62.1 52.3 42.8 36.2 10.4 -1.1 -1.1 -1.1 -1.1 -1.1 -1.1 -1.1 -1.1 -1.1 -1.1 -1.1 -1.1 -1.1 -1.1 -1.1 -1.1 -1.1 -1.1 -1.1 -1.1 -1.1 -1.1 -1.1 -1.1 -1.1 -1.1 -1.1 -1.1 -1.1
46.2 49.5 53.1 55.7 56.7 58.5 59.5 59.5 58.3 58.8 56.4 55.5 57.8 59.1 61 62.8 65.3 70.2 74.8 80.6 82.4 83.3 85 87.5 88.1 88.1 89 91.4 94.7 96.7 91.1 85.5 81.9 80 80.3 82.1 72.8 65.3 66.7 70.1 75.3 76.6 77.6 78.6 77.9 75.3 70.8 63.9 52.8 43.6 34.1 16.3 -1.1 -1.1 -1.1 -1.1 -1.1 -1.1 -1.1 -1.1 -1.1 -1.1 -1.1 -1.1 -1.1 -1.1 -1.1 -1.1 -1.1 -1.1 -1.1 -1.1 -1.1 -1.1 -1.1 -1.1 -1.1 -1.1 -1.1 -1.1 -1.1
47.1 50.3 53.9 56.1 57.1 57.8 59.6 59.3 58.4 58.8 57.5 57.4 60.8 61.5 64 66.4 66.6 70.1 76 81 82.7 83 84.7 86.9 87.8 87.8 89.2 92.1 95.2 95.6 91 86.9 83.1 79.4 78.9 84.1 76.5 67.1 67.8 72.8 75.3 76.1 76.9 77.4 77.1 75 70.5 63.8 53.9 42.9 34.4 28.1 -1.1 -1.1 -1.1 -1.1 -1.1 -1.1 -1.1 -1.1 -1.1 -1.1 -1.1 -1.1 -1.1 -1.1 -1.1 -1.1 -1.1 -1.1 -1.1 -1.1 -1.1 -1.1 -1.1 -1.1 -1.1 -1.1 -1.1 -1.1 -1.1
48.5 52.2 56.5 57.5 57.5 57.8 59.8 59.7 59.2 59.2 57.9 58.7 64.2 67.6 70.2 72.5 72.2 73.5 77.2 80.7 82.1 82.7 84.1 85.9 86.8 87.3 89.5 91.7 94.7 94.4 90.1 88.5 84 78.5 78 83.2 78.8 69.7 69.7 73.6 74.4 75.1 76.2 77.1 76.4 73.9 69.6 63.2 54.5 42.9 34.3 15.2 -1.1 -1.1 -1.1 -1.1 -1.1 -1.1 -1.1 -1.1 -1.1 -1.1 -1.1 -1.1 -1.1 -1.1 -1.1 -1.1 -1.1 -1.1 -1.1 -1.1 -1.1 -1.1 -1.1 -1.1 -1.1 -1.1 -1.1 -1.1 -1.1
48.5 53 57 58 57.6 57.7 59.2 60.9 61.4 62 59.3 59.7 67.5 73.8 78.7 81.2 77.4 77.4 78.6 80.5 81.2 82.1 83 84.9 86.3 87.2 88.3 90.4 92.7 92.4 89.4 87.4 84.6 77 75.7 80.9 79.4 70.9 70.2 73.4 74.8 74.8 76 76.7 75.5 72.7 68.7 62.8 54.1 42.8 33.4 20.2 -1.1 -1.1 -1.1 -1.1 -1.1 -1.1 -1.1 -1.1 -1.1 -1.1 -1.1 -1.1 -1.1 -1.1 -1.1 -1.1 -1.1 -1.1 -1.1 -1.1 -1.1 -1.1 -1.1 -1.1 -1.1 -1.1 -1.1 -1.1 -1.1
49.3 53.7 57.4 58.2 57.2 57.5 60 62.1 64 63.9 62.4 66.8 73.4 83.6 86.7 88 82.6 81.6 79.4 79 79.7 80.6 81.5 83.9 85.5 85.7 87 89.2 90.5 90.6 88.4 85.8 83.6 77.2 74.3 77.9 78.5 72.6 70.6 73.3 74.2 74.7 75.2 75.3 74.3 71.5 67.5 61.6 53.6 41.3 32.2 26.6 23.3 -1.1 -1.1 -1.1 -1.1 -1.1 -1.1 -1.1 -1.1 -1.1 -1.1 -1.1 -1.1 -1.1 -1.1 -1.1 -1.1 -1.1 -1.1 -1.1 -1.1 -1.1 -1.1 -1.1 -1.1 -1.1 -1.1 -1.1 -1.1
50.9 54.7 57.4 57.8 57.7 58.4 58.8 60.5 62.5 64 67.1 75.2 80.4 86.5 87.9 87.8 85 79.8 78.3 78.6 79.3 80.2 81 83.1 84.8 85.3 86.8 88.6 88.9 88.8 86.6 84.1 82 76.6 73.3 74.2 76.4 72.8 70.3 72.3 72.6 73.1 73.7 73.7 72.7 70.2 65.1 58.7 51.3 41.7 31.7 25.6 18.6 1.6 -1.1 -1.1 -1.1 -1.1 -1.1 -1.1 -1.1 -1.1 -1.1 -1.1 -1.1 -1.1 -1.1 -1.1 -1.1 -1.1 -1.1 -1.1 -1.1 -1.1 -1.1 -1.1 -1.1 -1.1 -1.1 -1.1 -1.1
51.4 54.8 57.7 58 58.6 61.3 61.8 62.1 64 67.5 71.3 77.3 83.2 87.3 87.4 86.4 84.1 79.6 78.2 78.5 79.1 80 81.2 82.9 86.8 86.6 86.9 88.5 88.9 86.7 84.6 82.5 80.2 75.9 72.9 73 74.8 72.3 70.1 71.7 72.2 71.8 71.7 72.3 71.3 67.9 63.6 58 50.2 40.4 30.1 25.2 13.7 5.8 -1.1 -1.1 -1.1 -1.1 -1.1 -1.1 -1.1 -1.1 -1.1 -1.1 -1.1 -1.1 -1.1 -1.1 -1.1 -1.1 -1.1 -1.1 -1.1 -1.1 -1.1 -1.1 -1.1 -1.1 -1.1 -1.1 -1.1
50.7 54.7 57.5 58 58.7 62 63.5 64.9 66.8 69.8 72.9 77.8 84.3 85.5 85.6 84.6 82.5 80 78.2 78.5 79 80.3 81.3 84.1 87.7 87.8 86.7 87.9 88.9 85.6 82.7 79.8 78.8 76.6 73.5 73.3 74.2 72.7 70.8 72.1 72.2 71.8 71.6 71.6 69.3 65.6 61.7 56.5 49.3 40.8 30.8 24.2 20.7 17.3 4.4 -1.1 -1.1 -1.1 -1.1 -1.1 -1.1 -1.1 -1.1 -1.1 -1.1 -1.1 -1.1 -1.1 -1.1 -1.1 -1.1 -1.1 -1.1 -1.1 -1.1 -1.1 -1.1 -1.1 -1.1 -1.1 -1.1
50.7 54.3 57.6 58.7 59.9 62.5 65.2 67 68.2 71 73.1 77.5 82.2 83.2 83.3 83.1 81.2 79.6 78.4 78.6 79 80.1 80.6 82.1 86.7 87.8 86.4 87.6 87.6 85.6 82.5 79 78 76.7 74.4 73.8 74.8 73.8 71.4 71.9 72.1 71.7 70.6 69.2 66.3 62.5 59.1 55.7 48.9 40.5 31.4 24 20.2 14.9 4.5 -1.1 -1.1 -1.1 -1.1 -1.1 -1.1 -1.1 -1.1 -1.1 -1.1 -1.1 -1.1 -1.1 -1.1 -1.1 -1.1 -1.1 -1.1 -1.1 -1.1 -1.1 -1.1 -1.1 -1.1 -1.1 -1.1
51.9 54.2 58.9 59.4 60.6 63.8 65.6 67.7 68.9 70.7 71.7 74.6 81.2 81.9 81.1 80.9 80.6 79.5 78.5 78.8 79.1 79.5 79.9 80.5 84 87 86 87.2 87.6 85.9 83.8 79.4 78.1 77.3 76.4 75.9 75.3 73.8 72.7 72.8 72.4 71.2 70 69 66 62.4 58 53.8 48.3 40.3 31.9 23.7 20.5 12.3 2.9 -1.1 -1.1 -1.1 -1.1 -1.1 -1.1 -1.1 -1.1 -1.1 -1.1 -1.1 -1.1 -1.1 -1.1 -1.1 -1.1 -1.1 -1.1 -1.1 -1.1 -1.1 -1.1 -1.1 -1.1 -1.1 -1.1
53.2 55.5 60.3 60.6 62.2 62.4 65.7 68.7 69.4 70.1 71.2 73.7 77.3 79.4 78.9 80 80.5 79.6 78.7 78.8 79.1 79.7 80.2 80.7 82.2 85.6 86.6 87 87.6 86.3 84 80.4 78.3 77.7 78.5 79 77.6 75.5 73.9 72.7 72 71.4 70.3 68.8 65.3 61.2 57.6 52.7 46.7 39.5 32.6 24.4 20.7 17.3 -1.1 -1.1 -1.1 -1.1 -1.1 -1.1 -1.1 -1.1 -1.1 -1.1 -1.1 -1.1 -1.1 -1.1 -1.1 -1.1 -1.1 -1.1 -1.1 -1.1 -1.1 -1.1 -1.1 -1.1 -1.1 -1.1 -1.1
53.5 54.5 57.8 59.4 60.8 62.8 67 70.5 69.8 70.3 70.8 72.1 75.4 78.2 77.6 78 80 80 78.8 78.7 79.3 79.8 80.4 81.2 81.9 84.7 87.5 87.2 86.8 87 84.4 81 78.7 78.8 80 81.3 79.6 77 74.3 73 71.9 71.8 70.9 68.9 64.5 59.6 56.2 51.6 46.5 39.6 34 26.1 18.9 7 -1.1 -1.1 -1.1 -1.1 -1.1 -1.1 -1.1 -1.1 -1.1 -1.1 -1.1 -1.1 -1.1 -1.1 -1.1 -1.1 -1.1 -1.1 -1.1 -1.1 -1.1 -1.1 -1.1 -1.1 -1.1 -1.1 -1.1
54.1 55.5 57.8 60.6 62.5 65.4 68.1 68 69.7 70.3 72.6 71.3 73.8 77.2 77 78.2 80.3 80.4 79.6 79.4 79.6 80.1 81.7 84 84.8 85.6 86.9 87.1 87.4 87.5 84.6 81.8 79 78.6 82 83.2 82 79.4 76.3 73.9 73.5 71.3 70.8 68.7 64.7 59.4 53.9 50.1 45.6 39.3 32.2 17.6 3.6 -1.1 -1.1 -1.1 -1.1 -1.1 -1.1 -1.1 -1.1 -1.1 -1.1 -1.1 -1.1 -1.1 -1.1 -1.1 -1.1 -1.1 -1.1 -1.1 -1.1 -1.1 -1.1 -1.1 -1.1 -1.1 -1.1 -1.1 -1.1
54.2 55.5 59.5 63.8 65.9 67.9 68.9 71.4 71 71.3 72 72.5 72.3 74 75 77.1 81 82.8 82.1 80.4 80.5 80.6 84.7 88.3 89.4 86.5 85.9 88.3 89.7 91.9 88.1 83.7 83 82.8 85 86.5 85.8 82.9 79.3 74.6 74.2 74.1 74 71.1 64.7 59.5 53.5 47.7 43.5 39 24 6.7 1.7 -1.1 -1.1 -1.1 -1.1 -1.1 -1.1 -1.1 -1.1 -1.1 -1.1 -1.1 -1.1 -1.1 -1.1 -1.1 -1.1 -1.1 -1.1 -1.1 -1.1 -1.1 -1.1 -1.1 -1.1 -1.1 -1.1 -1.1 -1.1
54.6 56.1 63 66.8 69.3 71.1 71.1 72.7 73.9 73.7 74.4 74.8 73.6 74.6 76.2 78.7 81.9 85.9 85.2 81.7 81.1 82.4 85.6 91.1 93.2 88.8 86.9 90 92 94.7 90.9 87 85.7 85.5 86.8 88.7 88.8 85.3 80.8 76.2 73.4 74.7 74.5 72 62.6 59.2 53.4 48.2 43.6 38.1 23.4 7.4 3.7 1.1 -1.1 -1.1 -1.1 -1.1 -1.1 -1.1 -1.1 -1.1 -1.1 -1.1 -1.1 -1.1 -1.1 -1.1 -1.1 -1.1 -1.1 -1.1 -1.1 -1.1 -1.1 -1.1 -1.1 -1.1 -1.1 -1.1 -1.1
56 59.5 66.1 72.4 76.1 74.5 73.2 74.7 77.6 78 77.1 77.9 77.4 76.1 75.8 78.9 81.9 86.4 87.7 84.6 82.5 83.2 84.6 91.8 94.3 92.4 90.1 91.1 93.1 94.5 92.2 88.9 88.3 87.5 87.9 89.7 89.5 86.8 82.3 77.1 71 73.3 73.9 72.6 62.2 61 54.4 47.2 43.3 36.8 32.2 12.3 5.6 3.2 1 -1.1 -1.1 -1.1 -1.1 -1.1 -1.1 -1.1 -1.1 -1.1 -1.1 -1.1 -1.1 -1.1 -1.1 -1.1 -1.1 -1.1 -1.1 -1.1 -1.1 -1.1 -1.1 -1.1 -1.1 -1.1 -1.1
60.8 63.1 71 76.9 79.9 79.7 76.7 78.2 81.7 80.7 80.4 82.6 79.4 77.9 76.5 78.3 82.1 85.7 88.3 86.2 84 83.9 84.6 90.8 94.3 94.9 91.3 91 91.9 93.3 92.5 90.8 89.6 89 88.3 89.2 89.6 87.7 83.3 78 70.7 71.2 71.2 69.6 60 60.6 53.8 48.1 43.2 37 33.4 29.1 9.3 5 3.2 1 -1.1 -1.1 -1.1 -1.1 -1.1 -1.1 -1.1 -1.1 -1.1 -1.1 -1.1 -1.1 -1.1 -1.1 -1.1 -1.1 -1.1 -1.1 -1.1 -1.1 -1.1 -1.1 -1.1 -1.1 -1.1
65.5 67.3 74.4 79.4 81.9 82.1 80.4 81 81.8 81.2 82.9 81.7 81.4 79.4 78.8 78.6 80.3 84.3 88.4 87.8 85 84.7 85.9 89.5 93.8 94.9 93.7 93 93.8 94 93 90.5 89.5 89.4 89 89.3 89.4 87.9 83.7 77.4 67.5 67.3 66.5 58.4 62.8 59.7 52.8 47.3 42.1 37.1 33.9 31.3 22.1 7.3 5.2 3.4 1.6 -1.1 -1.1 -1.1 -1.1 -1.1 -1.1 -1.1 -1.1 -1.1 -1.1 -1.1 -1.1 -1.1 -1.1 -1.1 -1.1 -1.1 -1.1 -1.1 -1.1 -1.1 -1.1 -1.1 -1.1
69.2 69.5 75.9 81.7 83.5 83.7 83.2 82.9 83.8 83.8 82.5 82.5 83 82.2 81.2 80 81.3 84.9 87.4 88.9 86.3 86.5 88.2 88.6 93.1 95.6 94.9 96 96.1 94.8 93.1 90.9 89 89.1 88.8 88.3 88.4 87.1 82.3 75.7 66.1 63 63.6 55.7 60.9 58.4 53.4 48.6 44 41.2 37.2 32.9 30.2 23 11.7 5.4 3.9 1.8 0.8 -1.1 -1.1 -1.1 -1.1 -1.1 -1.1 -1.1 -1.1 -1.1 -1.1 -1.1 -1.1 -1.1 -1.1 -1.1 -1.1 -1.1 -1.1 -1.1 -1.1 -1.1 -1.1
72.1 71 75.9 82.1 83.3 84 84 83.4 84.4 83.6 83.1 83.1 85 84.2 84.5 83.6 85.2 84.7 88.9 90.6 88.1 88.4 89.3 89.8 92 94.6 95.1 95 95.9 94.8 93.2 90.8 87.3 87.1 86.2 85.9 85.8 84.6 80 73.2 64.1 58 60.3 54.2 58.9 56.7 52.8 49.7 45.4 42 41.5 40.2 35.8 26.1 20 13.6 10.5 4.7 1.5 0.6 -1.1 -1.1 -1.1 -1.1 -1.1 -1.1 -1.1 -1.1 -1.1 -1.1 -1.1 -1.1 -1.1 -1.1 -1.1 -1.1 -1.1 -1.1 -1.1 -1.1 -1.1
73.4 72.6 76.7 81.4 84.4 84.9 84.9 84.9 84.9 85.1 85.4 85.3 87.2 85.9 86.3 84.9 85.9 85.8 89.1 91.5 89.9 89 89.9 91.7 92 93.6 95.3 94.7 94.9 94.6 93 89.7 86.8 84.7 83 82.4 81.6 79.6 76.5 70.6 63.8 56.3 54.2 56 57.4 55.6 52.1 47.8 45.7 44.9 47 47 41 34.7 29.1 23.9 18.1 7.1 4.7 2.1 1.6 -1.1 -1.1 -1.1 -1.1 -1.1 -1.1 -1.1 -1.1 -1.1 -1.1 -1.1 -1.1 -1.1 -1.1 -1.1 -1.1 -1.1 -1.1 -1.1 -1.1
74.1 73.9 77.6 83.7 86.8 86.4 85.7 86.7 88.8 89.6 88.5 87.1 88 88.5 87.7 87.2 88.2 90.5 89.9 92.3 91.7 90 91.7 92.5 92 94.4 96.2 95.4 94.4 93.3 91.2 88.6 85.6 82.1 80.9 79.2 77.7 75 72.4 68.7 60.7 52 51.1 53 54.6 52.7 50.9 47.2 45.4 47.2 50 49.6 44.1 38.1 32.7 24 20.4 8.9 4.3 3.3 3.4 2.2 0.8 -1.1 -1.1 -1.1 -1.1 -1.1 -1.1 -1.1 -1.1 -1.1 -1.1 -1.1 -1.1 -1.1 -1.1 -1.1 -1.1 -1.1 -1.1
74.6 76.1 79.5 86.9 92.5 89.8 88.6 91.8 93.3 92.4 91.7 89.2 89.6 92.6 90.5 91.4 91.4 91.8 93.5 95.2 92.5 91.6 94.5 94.6 93.7 96.2 96.9 96.1 96.5 93.5 89.8 86.8 83.3 80.9 80.2 80.8 78.6 72.9 69.8 65.6 59.2 48 51.5 48.3 51.2 51 49.9 46.3 44.9 47.8 51.7 50 47.5 41.4 33.2 26.2 20.5 18.8 9.7 6.2 5.6 7.6 3.8 1.4 -1.1 -1.1 -1.1 -1.1 -1.1 -1.1 -1.1 -1.1 -1.1 -1.1 -1.1 -1.1 -1.1 -1.1 -1.1 -1.1 -1.1
77.5 77.8 83.9 90.2 95.2 93 92.5 94.9 96.7 94.1 94.3 93.9 93.8 94.1 91 91.8 92.4 92.5 93.1 95.1 93.3 91.8 94.9 95 94.2 97.3 98.4 97.4 94.9 92 87.4 84.6 82.2 80.3 83.3 85.3 81.9 75.3 68.2 63.4 57.8 48.6 49.1 46.2 48.5 48.2 48.4 45.7 44.3 48.3 51.8 52.9 49.8 44.2 35.7 28.1 22.2 18.7 17.2 10 9.5 14.9 9.7 4.3 1.9 -1.1 -1.1 -1.1 -1.1 -1.1 -1.1 -1.1 -1.1 -1.1 -1.1 -1.1 -1.1 -1.1 -1.1 -1.1 -1.1
78.2 77.8 84 90.4 95.2 94.1 93.6 94.9 96.8 95.9 96.2 95.1 93.3 92.1 90.9 91.3 91.6 91.9 93.6 94.3 94.5 93.2 92.7 92.5 93.8 95.7 95.7 94.2 93 89.8 87.2 84.3 82.1 81.2 88.2 89.2 84.5 75.3 67.7 61.2 56.2 48.3 46.7 45.5 45.1 46.3 46.3 44.6 43.4 47.2 50.5 52.1 50.4 44.4 36.9 29.8 23.9 19.4 17.6 16.3 15.9 15 15 13.1 5.8 1.6 -1.1 -1.1 -1.1 -1.1 -1.1 -1.1 -1.1 -1.1 -1.1 -1.1 -1.1 -1.1 -1.1 -1.1 -1.1
78.1 80.3 83.1 88.4 92.6 94.3 93.7 93.8 95.3 95.3 94.2 93.2 92.5 91.5 90.5 90 90 91.1 93.5 94.4 93.6 92.2 91.2 91.3 91.3 92.4 92.3 92.4 90.7 89.1 85.7 82.9 82.1 84.2 89.9 89.8 85 75.7 66.7 59.8 54.3 48.3 45 43.8 43.1 43.3 43.7 43.2 42.8 45.8 48.7 50.2 50.6 45.2 38.6 31.6 26.1 20.7 18.5 18 17.6 16.6 14.2 12.9 10.2 6.2 2.6 -1.1 -1.1 -1.1 -1.1 -1.1 -1.1 -1.1 -1.1 -1.1 -1.1 -1.1 -1.1 -1.1 -1.1
78.7 80.8 84.1 88.1 91.4 94 95.4 94.2 95.1 93.7 93.7 92 91.2 90 89.9 90 91.2 94.6 93.9 93.1 92.2 90.8 89.3 89.7 89.5 89.7 90 89.5 88.1 86.6 84.2 82.9 83 86 89.3 88.1 84.5 75.4 64.5 58.4 53.1 48.4 43.8 42.7 42 42.3 42.8 42.7 42.2 44.3 46.6 48.2 48.7 45.8 39 33.1 28.4 23.3 22.1 20.9 19.9 17.6 15.8 13 10.3 7.4 5 -1.1 -1.1 -1.1 -1.1 -1.1 -1.1 -1.1 -1.1 -1.1 -1.1 -1.1 -1.1 -1.1 -1.1
80.3 81.6 84.7 87.7 90.7 93.7 94.1 93.8 93.4 91.5 92.1 92.1 90.2 88.8 89.6 88.2 89.4 91.2 91.9 91.2 91.3 89.4 88.2 87.5 86.5 86.6 86.6 86.5 84.7 84.1 84.4 82.7 81.9 84.8 87.2 85.5 81.8 75.6 63.9 56.1 51.3 47.3 42.8 42 41.2 41.3 41.7 41.9 42 42.6 44.4 46 46.2 44.3 38.8 33.6 29.7 23.6 26.6 26 23.6 18.8 17.5 15.9 10.7 7 5.8 -1.1 -1.1 -1.1 -1.1 -1.1 -1.1 -1.1 -1.1 -1.1 -1.1 -1.1 -1.1 -1.1 -1.1
