app/static/ascii/NX17.asc
ncols 200
nrows 200
xllcorner 210000
yllcorner 570000
cellsize 50
[rows 35 to 69 of 200, columns 0 to 77 of 200]
241.1 249.1 259 264.9 269.3 276.2 284.6 297.6 305.3 308.1 310.6 322.4 324.1 322.3 317.8 313.9 304.9 293.9 279.6 267.9 261.6 248.4 235.6 223.2 202.1 198 208.5 220.9 235.6 246.5 257.1 267.4 273.3 279.1 283.1 284.4 288 290.8 295.5 300.6 307.3 311.2 318 327 336.7 343.6 349.8 355.5 360.6 365 369 372.4 375.6 380 384.5 389.6 395.1 401.3 406.7 410.8 412.9 413.5 415.9 418.5 421.2 421 419.8 415.6 408.5 400.7 393.8 391 395 401.2 406.2 408.4 405.3 400.2
247.7 252.7 260.6 267.2 273.2 280.9 289.4 302.8 312.8 315.7 310 313.7 315.4 311.9 304 302.2 291.6 276.9 266.1 249.2 245.3 228.2 210.5 194.2 197.9 215.7 230.5 240.1 245 252.8 262 270.8 279.1 284.1 290.2 291.9 295.5 296.7 300.5 309.1 315.2 319.4 325.1 335.1 345.5 353.9 361.4 368.1 373.3 378.1 382.1 385.4 387.9 390.3 394.1 397.2 401.8 407.3 412.8 416.4 416.3 416.9 417.7 418.5 420.9 421.5 419.4 413.8 406.5 397.4 389.2 382.9 386.5 393.9 399.2 400.9 398 394.6
251.4 260.7 268.7 271.7 276.4 282.8 289.6 303.6 313 312.3 303.3 300.1 301.6 297.8 287.9 280.4 272.8 262.7 251.1 233.3 217.9 201.2 188.2 192.9 213.7 229.7 239.7 245.6 250 258.6 267.1 274.6 283.6 290.6 295.7 301.5 305.3 308.5 312.1 318.3 322.4 328.5 335.1 343.5 353.7 362.6 370.9 378.1 384.1 389.6 394 396.8 397.9 399.3 400.8 402.4 406.4 412 414.6 415.1 415 416.3 414.8 417.2 419.8 420.9 418.7 412.8 405.2 394 386.5 380.2 378.9 384.1 388.8 391.3 390.3 391
253 268.4 278.4 281.4 278.5 280.5 287.9 300.7 304.9 299.9 291.8 285.5 285.1 280.1 270 261.4 252.1 245.1 229.7 213.1 196.4 182.9 194.3 212.9 225.5 235.9 241.8 249 255.8 264.5 272.2 281 290.8 298.3 304.6 312.1 316.3 321.6 326.2 329.3 332.5 339 345.6 353.4 360.8 369.8 378.9 387.2 393.4 399.2 403.1 405 406.7 406.4 406.5 406.6 408.4 411.3 411.3 409.6 409.8 408.6 410.3 414.4 417.3 420.2 416.3 411 403.3 392 384.1 376.6 371.4 374.6 377.1 380.9 385.2 387.4
253.5 272.6 284.9 286.2 284.1 275.6 276.4 288.3 290.9 286.4 280 271.3 267.8 262.7 252.8 246.4 238.3 221.7 205.6 198.4 179.9 190.9 210.7 223.9 231.8 238.3 245 252.9 260.3 267.7 279.8 287.8 296.5 305.6 313.8 321 327.5 333.4 338.1 342.1 345.1 348.9 355.1 361.8 368 376.7 385.5 393.1 399.9 404.7 408.6 410.9 411.3 410.1 409 407.1 404.4 403.7 403.8 401.5 401.5 400.1 406.1 410.6 413.1 413.5 411.5 406.8 400.7 391.1 379.4 371.5 362.7 366.9 367.4 372.6 378.1 381.4
253 270.9 283.4 283.2 283.4 275.4 266.3 271.2 275.6 274.4 267.9 257.1 248.5 243.6 239.6 225.8 213.1 201.6 199.2 184.1 183.5 205 219 227.7 234.8 241 248 255.7 263.3 272.5 282.1 291.5 301.8 310.7 320 327.9 335.2 342.3 348.1 353 357.3 359.1 362.4 367.4 373.4 382.1 390.5 398.4 404 407.7 411.3 413.5 412.8 409.1 405.8 399.8 396.5 394 393.4 392.3 391.5 391.6 399 404.5 407.8 408.2 407.5 405.4 398.4 389.1 377.3 366.7 357.4 358.7 361.2 364.8 370 375
247.8 265.1 279.4 276.6 279.4 269.5 253.2 256.3 261 257.5 249.7 240.5 232 226.3 214.9 203.4 196.9 193.3 188.9 175.4 197.2 211.2 221.9 228.2 236.1 243.1 249 256 265.2 273.5 283.7 293 302.9 312.4 322.4 330 339.4 347.4 355.4 361.3 365.4 366.7 369.3 372.1 377.9 384.5 393.2 400.1 404.2 406.7 409 410.8 408.7 404.4 399.2 391.4 386.3 383.3 382.3 380.2 380.4 384.2 393.3 398.9 402.6 405.2 406.9 404.8 398.9 389.2 375.5 364.5 355.7 351.4 356 358.1 363.3 367.5
243.2 255.9 268.2 268.5 272.3 263.7 251.2 242.9 241.2 239.4 232.9 224.4 213.2 200.4 192.1 187.8 184 177.7 170.6 184.3 206.1 212.9 221.1 228.6 236 243 249.7 257.1 263.7 272.2 282 292.8 302.8 311 320.3 330.1 339.9 350.1 358.3 365.1 368.2 369.2 373.1 376.4 382.1 386 389.6 394.9 396.4 399.3 401.7 403.1 400.9 396.4 390.2 382.5 376.1 372.4 369.3 369.6 371.4 378.7 388.1 394.8 401.2 404.7 407 405.4 399.7 389.1 374.1 363.4 354.8 345.5 351.1 352.8 356.6 362.2
238.1 248.1 257.5 257.9 258.2 252.5 244.3 230.1 227.1 222.3 213.9 202.7 186.4 180.4 175.8 171.4 168 167.5 172.8 177.3 188.7 206.8 218.4 226.8 235.2 243.8 248.5 254.1 261.5 269.9 278.8 287.3 296.6 305.4 314.5 326.1 336.2 346.3 355.3 361.2 365.6 368.7 371.9 375.5 381.4 382.9 383.1 385.5 385.9 386.3 388.9 391 389.3 385.7 380.3 373.5 366.1 362 360.2 359.2 364.1 375.2 385.4 393.9 400.3 405.5 406.9 405.8 399.7 389.1 376 362.9 353.4 347.7 345.6 346.7 349.1 355.1
232.1 237.2 247.8 246.1 245.7 243.2 234.8 223.4 209.9 201.7 187.4 175.9 168.8 160.5 160.8 161.7 167.3 178.2 187 189.8 188 187.1 203.9 224.3 232.3 238.1 243.2 249.6 256.7 265.5 273.1 280.3 288.4 296.4 304.8 316 326.1 336.6 345.8 352.6 359 363.4 366.8 370.5 373.2 376.7 378.4 379.8 379.8 379.4 377.8 376.4 376.6 374.7 371.4 364.5 358.1 355.1 352.6 350.5 359.2 371.5 383.7 392.7 400.7 405.8 409 406.2 400.9 391.1 378.3 364.8 352.7 346.5 334.6 341.4 344 347.3
223.6 230.3 235.1 234.9 235.2 229.2 221.1 206.2 186.5 180.6 167.8 157.8 156.8 157.9 161.2 175.5 188.4 200.9 206.9 209.1 209.7 202.6 200 213.2 228.3 233.5 239 244.2 249.8 256.2 263.6 269.9 276 283.2 290.9 301.9 312.2 321.4 331.3 339.4 347.3 354 357.5 361.7 366.3 370.8 374.5 375.3 375.3 374.1 371.1 368.5 366.7 364.9 361.5 356.5 352.7 348.7 346.9 348.2 355.7 367.2 381.1 391.3 400.2 404.6 408.4 407 403.6 394.1 380.3 367 353.9 343.4 338.2 336 338.3 340.7
216.8 221.4 222.2 224.8 220.4 209.6 196.6 186.7 177 157.8 152.2 153.8 159 172.2 185.4 198.1 208.8 216.4 222.7 225.4 227.6 226.2 225 217.8 215.9 226.5 235 239.2 244.5 247.8 252.3 257.8 262.4 268.5 276.5 286.5 294.5 304.4 315.2 325.4 333.7 340.3 349.4 358.5 364.5 368.5 372.3 373.7 372.9 370 366.4 362.8 360 357.2 353.4 350 346.9 342.8 338.3 345.4 352 361.3 377.1 389.9 398.6 403.8 408.3 409.6 406.3 396.2 382.6 370.8 356.6 342.4 337.2 324.7 333 335
211.6 211.1 211.8 209.4 198.5 189.4 181.8 172.2 162.1 149.4 152.1 164.7 181.2 195 203.9 212.9 219.4 226.6 229.7 234.1 236.9 237.4 237 235.7 233.5 228.8 223.8 228.1 230.7 240.5 247.5 251 255.1 260.2 266.6 275.4 284 293.6 303.4 314 325.9 333.6 348.8 358.3 364.7 369.2 372.2 374.3 372.8 368.3 364.5 359.2 355.8 352.1 347.5 343.8 340.7 337.8 338.2 342.3 348.2 357.5 371 386.9 397.2 403.8 408.5 410.5 405.8 397.7 385.9 372.9 359.2 344.5 336.1 327.8 325.1 327.9
209.5 198.2 197.4 193 184.4 177 166 149.3 146.6 153.5 168.4 183.5 198.7 209.7 217.1 222.7 227.3 233 236.7 241.2 243 245.2 246.1 245.5 246.1 243 241.4 243.3 243 242.9 244.3 244 251.6 256.7 262.6 269.8 279.1 288.5 297.9 309.2 315.3 334.3 348.3 359 367.3 371.7 374 375.1 373 368.9 364.3 358.2 353.3 348.9 345.3 341.2 338 333.1 336.5 340 345.3 354.7 364.5 382.7 395.5 403.2 407 406.7 402.9 396.4 385.5 373 361 348.4 336.2 328.7 314 321.9
199.8 188.9 184.2 177.3 169.7 161.1 146.4 144.8 150 168 185.8 195.6 209 216.4 224.2 231.5 236.2 239.7 245.2 249 251.3 255.2 254.1 253.4 254 253.6 254.2 252.1 251.4 250.1 252.3 252.6 249.3 251.9 257.1 264.3 272.4 281.8 294 307.2 317.8 334.7 351.9 365 371.9 376.3 377.8 378 377.3 371.1 365.8 360.1 353.5 347.3 342.7 338.6 335 330.1 332.1 336 342.6 352.1 358.7 376.2 392.4 399.7 403.2 402.9 399.9 393.3 382.1 372.3 361.7 350.1 338.6 328 320.1 309.8
187.1 176.8 167.6 163.6 155.2 148.5 141.7 147.5 165.9 183.5 196.2 205.3 215.8 224.1 231.7 237.6 244.5 250.5 255.5 261.6 266.5 268.8 267.9 264.3 262.8 264.3 263.3 263 262.3 259.7 260.5 261.4 259.4 258.8 257.5 262.5 272 281.9 293.3 306.1 320.4 333 350.5 368.9 381.5 387.8 388.9 385.8 382.4 376.7 368.8 361.9 354.1 346.2 340.2 335.2 330.9 327.8 328.2 332.7 341.5 348 355 369.2 385.2 395.5 399.7 399.9 396.2 387.6 380 370.3 359.9 350.2 339.4 328 319.1 313
172.6 164.2 148.4 143.6 139.9 138 145.3 165.6 183.6 194.1 205.6 215.4 223.9 232.7 241.6 249.2 256.2 261.1 270.2 278.8 282.3 283.4 283.5 278.6 274.1 273.4 274.1 272.7 272.3 271.7 271.4 270.5 269 268 264.1 261.5 267.7 276.7 287.6 301.9 317.6 330.1 346.3 363.4 381.4 392.6 393.9 390 384.2 379.2 372.3 364.2 353.9 344.8 338 331.9 327.3 325.1 325.3 332.2 337.7 345.1 353.2 367.4 380.4 390.1 395.3 394.4 390 384.2 375.2 366.7 357.3 346.9 336.5 328.1 318.7 311.5
147.6 134.2 134.8 134.4 137.6 142.6 160.9 176.7 189.5 201.5 214.1 223.1 232.4 240.4 247.7 256.9 266.5 278.4 287.5 294.5 298.6 300.1 299.3 297.8 289.5 287.2 286.1 285.1 284.2 284.4 283.5 282.1 280.4 277.7 274.7 271.2 269.5 272.4 282.1 293.1 307.2 321.7 335.9 357.4 375.3 387.7 388.6 382.7 380.1 377.3 368.6 360 350.3 341.9 335.5 328.5 324.2 321.1 323.6 329.7 336.9 343.5 351.7 363.7 376.1 384.6 388.1 387.1 384.9 378.9 370.9 361.9 352.4 342.3 332 324 317.5 308.9
131.1 131.4 133.8 137.6 146.4 163 175.7 188.5 199.9 210.2 221.2 231.7 240.9 251 259.6 272.1 283.9 294.5 303.3 310.5 315.2 317.9 316.6 313.4 308.1 304.5 303.8 300.3 298.8 297.4 296.8 293 292.2 292.2 288 283.5 279.8 277.9 276.5 285.6 297.7 308.9 324.1 345.8 366.1 377.6 376.7 374 372.8 367.8 361.1 353.2 346 338 331.6 325.6 320.3 317.1 323.3 327.6 335 342.2 351.6 361.5 372.2 378.8 381.3 381.7 379.5 372.5 365 355.3 345.2 335.7 327.7 321.1 315.1 308.8
133.2 138.1 146 159.5 167.7 179.3 187.4 197.1 209.7 218.6 229.3 241.7 250.2 261.4 272.8 286 298 309.9 319 326 331.3 334.1 335.5 332.6 328.1 324 321.4 318.1 318.2 316.6 312.8 308.1 304.3 303.8 299.8 295.4 293 288 284.1 281.9 289.9 298.4 313.2 335.3 353.3 361.8 365.2 364.9 362 356.9 351.5 345.2 337.9 332.7 327.7 321.5 314.5 319 322 326.7 334.2 341.4 351 360.3 369.3 373.3 376.4 376.5 371.9 364.6 358.1 349.9 339.5 330.4 324.5 318.9 313.4 307.4
146.8 152.4 154.3 166.1 177.4 185.6 194.7 206.3 215.8 226.3 238.2 248.5 259.1 273.2 286.8 299.8 311.7 323 333.5 341.8 348.1 352.6 354.8 351.8 347.6 343.7 341.4 339.2 339.5 338.6 335.8 332.3 324 317.5 312.9 309 308.5 300.5 293.7 287.6 288 296.5 306.4 324.1 337.4 347.3 353 353.4 350.6 346.9 342.3 336.3 331.1 326.6 322.9 317.8 311 317.1 321.1 325.9 332.9 340.9 349.5 356.5 363.7 369.4 371.6 369.7 364.6 357.7 351.5 343.5 335 327.9 322.5 317.1 311.5 305.8
160.7 163.9 169 174.7 184.1 193.5 202.6 212.1 221.9 233.1 244.4 256.4 271.2 286 299.8 313 324.1 334.1 345.9 354.9 362.6 368 369.9 368.9 365 363 362.4 361.6 357.1 357.5 356.6 352.8 347.2 340.4 333.8 328.3 320.8 312.7 304.6 296.3 291.7 295.7 302 312.4 323.3 333.6 339.4 341.8 339.9 336.8 331.8 327.3 324.8 321.4 318.3 315.6 310.6 314.2 317.8 322.7 330 335.9 344.6 353 359 364.2 364.6 362.2 357.4 350.7 345.2 338 331.7 325.4 320.3 314.7 309.4 303.9
174.5 174.5 169 174.7 191 201 209.7 219.4 228.9 239.2 251 266.6 281.7 298 311.7 324.6 335.3 344.3 354.8 364.9 372.5 377.1 381.2 379.9 380.1 380.2 379.8 377.7 372.7 370.9 368.7 367.9 363.5 357.7 350.8 344.9 339.3 329.7 318.7 307.4 299.1 297.7 298.3 304.9 311.7 321.3 329.7 332.2 330.5 326.9 324.4 322.2 319.5 316.2 313.7 312 308.9 311 314 317.6 325.8 329.5 337.2 347.9 352.2 356.8 357.7 353 349.8 345.1 338.4 332.9 327.4 322.2 316.9 312.2 307 301.3
183 181.3 184.2 181.1 190.9 205.8 215.1 224.3 233.9 245 258 275 292.2 308.1 322.2 334.4 344.6 353.4 362.5 371.9 378.4 384.7 388 389.5 391.4 392 391.9 387.9 382.2 379.3 375.8 374.3 369.6 364.8 358 353 347.8 337.8 327 315.8 306.7 302 303.5 304.3 307.7 313 320.5 322.6 322.5 320.6 318.7 316.9 314.3 311.5 309.1 307.9 305.9 306.4 308.9 311.8 319.5 324 330.8 339.4 343.6 346.5 346.4 343.9 342.6 338.4 333.9 328.2 324 319.8 315.2 310.3 305 298.6
190.8 194.5 195.8 196.5 188.3 207.8 219.6 228.4 239.7 248.7 265.5 281.9 299.6 315.5 329.6 340.8 350.2 359.2 367.4 374.4 379.7 386.5 392 396.2 397.9 398 396.5 392.6 388.4 383.7 379.5 375.8 370.4 365.2 360.1 354.8 347.3 338.7 328.2 320 313.6 308.2 306.9 306.4 305.6 307 310.9 314.6 314.3 314.7 313.2 311.3 309.1 306.8 305 303.9 302.4 299.1 302.7 306.1 312 319 324.6 328.4 334.2 337.3 336.7 337.6 336.4 333.2 330.3 325.4 320.5 317.2 312.6 307.9 303 297.7
200.7 204 205.8 205 194.1 208.9 223.7 231.1 242.3 253.6 268.3 285.3 305.2 321 333.8 344.5 353 360.4 368.5 375 380.6 386.2 391.3 397.9 400.6 399.9 397.5 393.8 389.6 386 380.4 374.1 368.5 362.6 357.6 351 344.1 336.3 327.8 322.1 315.9 311.5 308.1 306.5 305.4 305.3 306.2 308.9 308.7 309 308.2 306.2 304.5 302.6 301.2 300.1 298.9 293.1 298.9 301 304.2 310.2 316.6 320 324 328.2 328.4 328.6 329.5 328.8 326.5 322.2 317.3 313.9 309.4 306.2 301.8 297.3
208.7 212.3 214.6 213.6 207.4 204.1 220.2 233.8 242 253.4 269.1 286.7 306.8 323.1 335.6 344.9 352.2 359 366.9 372.2 377.5 383.3 389 394.2 398 396.5 395.9 393.5 389.2 384.9 378.4 371.4 365.5 358 352.4 346.3 339.8 332.8 327.5 320.9 316.9 313.1 309.6 307.3 305.5 304.2 303.2 304 303.8 303.3 302.5 301.6 300.4 300 299.2 297.7 295.9 293.5 294.6 297 298.1 300.8 308.8 313.8 317.1 319.4 321.5 322.7 324.2 323.2 320.7 318.6 315 310.2 306.3 303.4 299.5 294.8
213.7 218 222 223.8 222.3 210 217.6 235.8 243.8 252.5 267.5 285.7 304.5 320.9 332 341.4 347.3 353.1 359 364.9 372 377.3 382.8 387.6 390.9 392.9 393.5 391.7 386.7 381.4 374.3 367.4 360.2 353.4 347.3 341.9 337.4 333 327.9 320.1 319.4 316.4 310.8 306.5 305.7 304.2 304.6 302.3 299.3 298.7 296.8 297.5 297.6 298.2 298.7 297.1 293.6 290.4 288.3 293.3 291.7 296 302.6 307.2 311.3 313.7 315.2 315.9 316.6 316.8 314.8 313.8 310.3 306.1 302.8 299.7 295.2 292
216.6 222.8 228.3 231.5 232.1 229.5 219.6 235.6 243.6 251.1 265 280.7 296.6 312.1 324.3 332.4 338 343.3 349 355.3 361.5 367.6 372.7 377.9 382.4 386.2 387.8 388 383.5 377.7 370.7 364 356.9 349.4 343.9 339 334.6 328.1 330.3 323.7 323.3 319.4 313.2 307.9 305.9 305.3 305.1 302.9 298.4 295.8 293.9 294.8 295.6 296.4 296.6 294.1 289.9 287.3 283.2 285.1 286.7 293.1 298.2 302 305.7 307.7 309.8 310.6 311.1 311 311.5 309.5 306.7 303.2 299.5 295.3 291.6 288.9
219.9 227 233.5 237.9 240.7 242.7 239.7 229.3 242.5 251.3 259.2 273.7 288.3 302.5 313.3 321.1 327 332.6 337.4 344 349.9 355.3 361.3 367.6 373.7 378.8 382.3 382.2 380 374.2 367.4 360.7 353.4 347.1 340.9 335.3 336.9 336.4 333.9 329 325.7 321.6 315.8 311.6 309.8 307.2 304 300.6 298.8 296.3 292.1 293 294.6 295.2 293.9 290.3 286.5 284.8 281.1 280.6 282.6 288.1 294.4 298.5 301.7 304.1 305.5 304.9 305.6 305.8 305.6 303.5 302.5 299.4 295.3 291.1 288.9 285.7
223.1 230.5 236.6 243.9 248.1 251.9 252.9 250.6 243.8 244.4 254.8 266.1 279.8 291.3 301.4 309.8 316.9 321.7 326.8 332.7 338 343.3 349.7 356.6 365.1 372.2 375.7 379 377.4 371.9 365.1 358.8 351.9 346.7 341.4 341 342 340.5 336.4 332.2 326.9 322.1 317.5 311.9 310.1 307.5 303.6 300.7 298.6 296.4 295 292.8 291.8 292 290.2 287.1 284.8 282.7 280.7 278.5 278.7 284.1 290 294.3 297.3 299.3 300.1 300.2 300.4 300.6 299.5 297.7 296.8 294.6 290.6 287.9 284.6 281.2
225.1 234.1 239.1 247.3 256 260.1 262.9 262.9 262.5 260.2 262.2 265.7 268.2 282.7 292.6 300 306.2 311.9 317.4 322.9 327 332.9 341 350.4 360 368.3 373.3 375.9 374.6 369.5 363.4 358.6 354.8 351.2 348.5 347.6 346.5 344.5 341.2 338.2 333 328.4 322.9 312.9 310.2 307.7 303.1 300.7 299.7 299.1 297.8 294.9 288.7 287.3 286.8 285.7 283.5 281.4 278.7 276.1 275.8 279.4 284.9 289.5 292.8 294.7 295 294.4 295 294.4 294.1 292.9 291.2 289.4 287.3 284.5 281.2 276.9
226.1 236.3 242.5 254.7 262.3 269.3 272.6 274.4 275 275.4 273.1 273.9 278.2 283.4 284.9 295.6 296.7 301.5 309.8 316.7 323.9 329.9 336.7 346.6 357.4 367.7 373.9 375 374.4 369.6 364.9 361.4 357.7 355.2 352.1 351.1 349.1 347.5 345.1 343.7 339.9 336.2 328.6 319.8 311.4 309.1 305.8 303.1 301.4 300.6 299.2 295.5 290 284 285.3 284.1 282.3 280.4 278 275.3 273.5 275.5 278.8 284.1 288.1 289.5 289.4 288.7 289.6 288.4 287.7 287.6 286.6 286.2 284.1 281.2 277.3 272.7
229.3 237.4 249.9 260.7 269.6 276.6 281.1 284.8 287.1 288 287.2 286 285.9 289.9 293.6 298.4 304.3 307.1 312.9 318.2 324.8 330 336.3 347.5 357.5 366.5 373.2 376.1 376.1 372.1 368.4 365.2 362.3 358.6 355.8 354.2 352.3 350.1 348.4 345.9 342.7 337.4 333.3 326.3 316.4 314.1 311.6 309 305.5 302.9 300.9 297.3 291.6 285.1 282.4 283.2 279 276.5 275.4 273 270.5 271.7 274.9 280.4 282.7 283.3 282.8 282.8 283.8 283.6 283.2 282.9 283.1 283.7 281.1 277.4 272.8 268.4
232 242.5 253.9 265.6 276.1 283.9 290.4 295.4 298.6 299.8 299.8 299.3 297.5 295.9 299.5 301 305.1 311 312 320.3 325 329.6 337.7 349.1 357.8 364.5 372.1 376.9 378.4 376.3 372.7 369.7 366.9 362.9 360.3 358.3 354.6 352.3 351 346.6 341.7 335.6 332.2 326.3 316.8 314.5 313.2 311 306.9 303.9 302 299.9 293.9 285.8 283.5 282.9 283 282.9 281.4 277.1 269.2 269.4 271.2 274.7 277.2 277.5 278.6 278.4 279.3 279.9 279.1 278.8 279.3 279.9 278.1 273.6 268.6 264
