app/static/ascii/NX18.asc
ncols 200
nrows 200
xllcorner 210000
yllcorner 580000
cellsize 50
[rows 72 to 107 of 200, columns 0 to 79 of 200]
69.6 70.5 71.5 73.6 75.1 76.3 75.8 73.1 68.3 64.8 67.8 71.1 74.7 78.3 81.7 84 86.4 90.4 93.8 96.4 98.8 101.5 104 106 106.9 105.5 106 108.3 111.3 114.2 118.1 121.2 124.6 127.9 130 130.6 130.5 129.5 127.9 125.8 123.7 123.7 118.2 116.5 122.1 125.1 124.5 122.9 123.8 125.4 127.7 131.2 134.8 134.6 131.9 134 137.2 140 142.9 145.2 146.1 146.8 148 148.9 148.8 144.9 144.1 144.3 144.7 144.7 142.7 139.2 132.2 125.1 115 111.9 105 104.8 100.9 95.3
67.9 69.9 71 72.1 72.9 72.5 70.9 63.9 63.8 68.1 70.4 72.6 75.4 77.6 80.6 81.8 84 88.1 91.7 95.1 98.2 101.2 103.4 104.8 104.4 102.2 104.4 108.8 111.8 116.4 118.8 121.5 123.1 123.6 122.8 119.7 117.1 114 112.4 109.8 104.7 102.8 108.9 116.5 121.7 124 124 119.4 116.9 120.6 120.8 124.1 122.3 126.4 128.3 132.9 135.4 138.6 141.5 143.6 146.1 148.9 151.7 150.3 147 142.5 137.8 137.8 137.5 136.3 133.5 128.2 119.8 111 102.5 98.8 98.5 96.2 90.3 85.2
63.2 58.9 58.2 58.8 62.1 59.2 63 71.9 74.4 77.2 79.6 81.7 84.1 85 86.1 87 83 85.8 89.5 92.2 95.2 98.1 99.4 99.9 99.3 99.6 104.6 108.4 111.6 113.7 115.4 116.2 115.9 115 112.3 108 103 98.7 95.1 92.2 90.4 95.7 103.2 110.1 116.8 119.5 121.8 116.8 113.4 115.9 117.3 118.7 115.7 118 125.3 128.7 131.7 135.8 139.8 142.4 145.5 149.2 146.7 146.7 146.9 142.8 136.7 130.1 128.4 123.8 118.9 112.4 106.3 97 89.8 86.3 82.4 77.7 76 73.8
51.2 54.3 60.3 63.3 68.1 71.5 73.7 76.7 79 81.8 84.5 85 85.9 87.1 87.4 86.7 83.1 85 88.7 90.8 93.1 95.1 96.1 96.2 96.6 98.5 101.8 105.1 108.5 110 111.8 111.2 109.6 106.9 102.6 98.2 91.9 88.9 87.7 91.1 84.9 85.1 92.6 102.3 109.1 115 119.3 118.5 114 110 111.3 112.2 109.1 109.5 113.8 115.9 122.4 126.3 132.1 135.5 137.3 141.7 140.9 138.8 139.6 140.6 135.1 126.9 121.3 115.7 104.8 102.2 94.5 82.8 78.9 78.6 76.2 73 70.4 68.7
59.4 63.9 66.8 69 70.2 74.4 77 79.3 81 82.5 84.1 84 84.9 85.7 86.2 85.6 83.5 85.4 88.1 90.6 91.2 93.1 93.9 95.8 98.1 100.1 102.8 105 106.2 106 105.1 102 100.8 97.3 92.1 88.5 86.9 84 80.8 80.8 79.6 83.5 87.6 93.6 101.3 108.2 111.9 112.4 109.6 106.9 105.7 105.3 103.4 100 104.1 104.5 109.4 114.4 119.5 124.1 126.6 128.8 132.4 130.3 125.5 128.1 130.1 122.1 116.4 110.4 101.1 86.5 80.5 79 79.8 81.4 80 74.9 70.5 67
67.1 68.2 70.2 72.5 73.8 75 77.5 80.3 80.2 82.2 83.2 84 84.5 84 84 83.4 84.1 86 88.6 90.6 90.7 91.3 91.8 93.7 95.4 97.2 97.6 97.5 98.2 97.3 95.4 95 92.7 89.8 85.9 84.9 82.5 78 74.5 73.4 74.5 76.6 81.9 86.9 93 100 102.7 103.8 103.5 101.7 100.2 99.1 99.2 93.8 92.9 94.7 99.3 105.1 109.8 113.8 116.6 119.9 125.6 126.8 117.9 116 117.5 115.5 108.5 103 89.8 80.6 77 79.3 81.7 82.8 80.5 75.8 70.5 67.3
72.2 74.2 75.2 76.2 78.7 80.4 82 83.5 82.9 83.3 84.4 84.2 84.3 82.8 82.4 83.3 84 84.9 84.6 85.1 86 88 88.8 89.9 89.4 90.2 91.3 91 90.8 90.8 89.3 87.8 86 83.1 81 79.6 76 68.5 67.2 68.1 70 71.5 75.6 78.1 85.1 90 93.7 95 95.8 95.9 94.6 93.4 91.8 87.2 85.3 87 88.2 92.4 96.8 102.1 106.2 110.2 114.4 119.3 112.3 107.5 104.2 103.5 101.7 95.1 84.9 75.3 74.1 77.1 80.4 81.3 78.1 73.4 68.3 63.6
76.5 77.8 79.2 80.4 82.1 83.3 83.7 83.3 81.9 81.1 81.9 81.4 80.8 78.2 79.1 78.9 77.9 78.5 80.1 81.1 83.1 84.6 85.2 85.1 84.6 84.5 85.3 84.5 83.3 83.2 79.9 78.7 78.4 76.7 75.8 72.3 67.3 64.9 65 64.8 64.8 65 70.2 71.9 76.9 81 83.8 85.6 90.6 90.2 89.6 88.4 85.1 81.8 79 80.8 82.5 83.5 85.8 87.5 91.9 95.4 99.8 104.5 104.3 100.2 96.4 92.5 94.4 90.1 81.7 72.7 71.2 75.3 79.9 79.8 77 71.4 64.6 59.4
79.4 80.9 82.1 82.9 83.7 83.7 83.5 82.2 79.9 78.3 77.8 77.7 75.9 72.8 72.8 73.5 73.5 74.7 75.2 76.7 78.7 79.3 79.3 79.1 78.7 78.5 77.9 76.1 75.3 73.9 72.9 73.8 74 73.1 69.1 64.8 64.8 64.8 64.8 64.8 64.8 64.8 67.2 68.1 71.4 74.4 79.4 80.6 84.8 86.2 86.1 85.9 84 80.5 75.6 73.6 75.8 76.3 75.6 75.1 78.5 82.7 85.5 88.4 92.6 92.7 90.6 85.8 84.3 81.8 77.1 69.7 70.4 77.3 79.1 77.6 71.6 65.9 58.9 54
81.7 82.7 83.7 83.7 83.9 83.9 82.4 80.4 78 75.5 74.8 74.2 71.2 68.6 69.3 69.7 69.5 68.4 68.7 70.4 72.1 73.9 73.4 72.9 72.5 72.4 71.2 70.1 68.8 68.9 70 71.3 73.4 69.1 65.9 64.8 64.8 64.8 64.8 64.8 64.8 64.8 63.4 64.3 66.3 68.7 73.9 74.9 79.6 80.9 81.4 82.3 80.4 77.5 73.4 67.4 69.3 69.1 65 66.2 69.3 73.1 73.1 74.7 78.5 82.1 83.2 80.8 75.8 72.7 69 67.6 70.7 75.1 76.1 69.1 65 58.9 53.6 48.3
81.5 81.2 81.5 81.2 79.5 79.7 79.7 78 76.9 75.6 73.7 71.8 66.8 65.5 65.4 64.9 64.2 65.3 64.8 66.4 69 68.9 68.9 67.7 67.3 66.7 68.3 68.4 67.4 66.6 67.1 68.9 69.3 67.8 67.5 67.3 66 65 64.8 64.8 64.8 63.2 62 61.2 62.5 62.7 67.5 66.9 68.1 68.3 69.4 71.7 73.2 72.1 69.7 65.5 63.5 61.7 57.5 60 60.6 64.8 64.5 64.7 65.7 69 70.3 69.9 66.4 63.4 65.1 67.6 69.4 72.2 67.2 60.7 55.9 52.6 48.7 41.2
77.5 77.2 76.8 76.3 75.7 76.9 77.1 75.9 75.4 73.1 71.5 68.2 62.9 61.7 61.4 61.4 62.2 63.1 64.1 64.5 66 67 67.9 66.5 66.8 66.5 66.8 66.9 65.8 65.8 66.7 68.2 70.1 71 71.6 72.6 72.6 71.1 69.2 66.5 67.4 64 64.1 62.1 61.1 59.6 60.5 60.3 60.5 60.3 60.9 60.4 61.8 62 61.9 61.6 60.6 58 55.4 53.4 52.6 51.2 52.8 55.4 55.7 57.4 59.6 60.6 59.7 60.4 63.5 64.7 63.2 64.9 56.9 48.6 43.2 36.6 27.5 22.5
74.4 74.7 75 74.3 73.6 73.2 73.9 73.2 70.6 68.8 67.2 61.3 59.1 59.2 59.9 61.1 62.3 62.8 63.6 64.1 66.9 67.5 67.8 65.8 66.5 66.7 64.9 64.2 64.2 65.6 66.2 69.7 71.1 71.3 68.3 68.5 66.4 67.4 67.8 67.9 66.3 64.3 64.4 62.2 58.5 57 56.7 57.4 58.3 63.3 62 55.8 54.5 60.3 63 69.1 66.5 62.6 56.5 51.9 49.5 47.8 47.4 47.4 47.5 52.4 51.7 54.8 56.5 57.7 58.1 58.3 55.3 53.5 48 36.2 26.1 22.2 24.3 24.6
71.5 72.9 72.8 72.7 71.3 67.7 67.8 64.8 62.2 58.6 58.2 57.6 58.3 58.6 58.6 60.3 61.8 62.6 63.2 63.2 64.4 65.9 64.6 64.3 62.5 62.3 60.7 60.4 61.4 61.3 65 67.5 67.5 66.8 65.1 65.7 65.3 65.2 64 63.8 63.7 62.7 60.9 58.8 55.8 54.7 55.5 56.7 58 55.3 54.1 56.8 58.1 46.2 45.4 58.8 60.7 61.8 59.3 54.5 48.1 44.1 46.2 45.5 45.6 45.6 48.6 49.5 52.2 54.9 53.5 50.6 47.3 43.5 37.2 24.2 23.1 24.7 24.7 25.2
67.6 67.2 72.7 71.6 65.4 57.9 57.6 56.3 59.8 58.6 57.4 57.6 57.6 57.9 57.9 58.2 60.7 61.4 60.6 61.2 62 63.7 62.4 61.9 61 60.3 60.3 60.7 60.3 59.8 60.2 62.4 62.7 63.6 65.5 66.2 66.1 66.2 64.6 64.5 65.3 62.7 60.9 58.7 55.2 50.7 52.2 53.9 50.4 47.1 44.2 48.3 47.6 39.1 33.5 39.6 47.3 52.8 55.3 51.5 48.2 40.8 45.4 41.7 46.5 44.3 44.5 49.5 51 51.3 48.1 42.9 40.2 38.5 23.3 23.2 24.6 24.9 25.1 25.7
62.4 62.8 62.2 59.4 55.1 58.9 60.2 60.9 62 61.9 59.5 57.6 57.6 57.5 57.7 58 58.7 58.7 61.1 61.3 66.2 67.4 64 64.6 62.8 62.8 62.5 61.2 60 59.3 59.7 59.5 61.2 61.9 63.9 66.7 67.1 67.2 65.6 60.8 61.5 59.6 57.4 56.6 53.3 52.1 37 37 35.3 34.2 32.6 30.6 30.4 30.1 27.2 26.5 32.4 38.6 43.6 46.8 48.9 47.6 44.4 30 42.1 39.6 43 44.6 43.3 41.1 38.8 36.6 34.9 30.8 22.4 24.6 25.1 25.3 25.4 25.6
48.6 51.7 58.8 57.3 61.3 63.6 65.8 64 62.5 63.1 62.8 61.7 63 63.3 62.4 61.8 63 64.5 67 70.1 72.3 73.2 73 72.7 72.2 70.6 70 68.1 66 66.4 66.6 65.7 65.9 63.4 59.6 61 61 62.4 61.3 57.1 55.6 55 53.3 51 48.8 48 35 21.9 17 19.3 21.8 23 22.9 22.6 23.1 23.4 24.7 29.7 34 37.8 40.1 39.8 41.1 38.5 36.3 36.8 30.5 37.4 35.1 31.2 30.3 31.3 29 20.9 23.7 24.3 24.7 25.6 25.8 26.1
63.7 66.1 68.4 69.3 72.3 74.5 71 67.3 65.7 66.9 68 69.4 69.7 69.1 68 69.3 71.6 73.8 75.8 77.1 76.7 77 80.4 81.3 79.4 77.3 76.3 76.9 77.4 77.8 78.1 78.2 77 73.1 66.3 61.5 60.7 59.7 57.1 52.1 50.3 49.6 50 47.8 45.3 43.1 31.3 16.8 20.2 20.9 17.4 18.3 21.2 21.5 22.1 22.6 22.9 23.9 27.8 31.8 32.9 36.2 33.8 21.4 26.2 25.4 25.4 23 23 23.3 23.7 25.2 24.7 21.3 22.7 23.7 24.5 25 25.9 27
69.7 72.8 75.4 77.9 78.5 74.7 69.4 68.7 69.6 69.9 71.2 70.1 69.1 68.8 69.8 72.5 74.8 78 80 81.4 81.4 81.9 82.3 82 81 80.2 81.5 83.6 82.8 84.6 84.6 83.9 82.4 79 73.7 67.1 62.4 60.9 58.4 55.4 49.1 42.7 41.8 40.1 35.4 33.3 27.9 18.5 20.9 21.6 22 22.2 17.5 20.4 21 22 22.3 22.4 23 23.2 19.1 18 18.8 22.3 19.3 20.4 21.3 22.4 22.6 22.9 23.2 23.6 21.7 23.1 22.8 22.6 23.9 24.5 25.9 28.4
75.6 78.5 79.5 80 79 73.8 67.5 69 67.4 69.4 69.1 68.3 67.7 68 69.8 73.1 75.8 78 79.7 79.4 77.2 76.8 77.4 78.8 81.9 82.8 84.1 85.6 84.7 84.7 84.2 84.9 85.1 82.8 78.9 74.3 70.5 68.5 65.9 62.2 56.9 47.8 41.2 35 37 29.9 18.2 20.8 21.7 23.3 30.3 31.6 29 26.9 22.8 17.9 17.6 18.6 18 20.4 22.1 23.3 28.3 28.7 27.3 25.7 22.1 20.5 22.8 22.8 23.3 23.5 20.8 23.4 23.3 23.6 23.8 24.1 28.3 33.8
78.4 79.8 79.3 76.3 76.6 72.3 65.3 64 66.7 66.7 67.3 67.5 67.5 68.1 69.5 72.3 74.7 75.9 75.8 74.5 75.2 75.5 76.9 80.3 82.2 83.5 84.3 84.6 84.7 84.4 83.2 83.3 81.5 80 77.9 76.1 75.3 74.9 72.5 68.6 64.1 59 51.3 44.8 38.3 30.2 16.9 20.8 21.3 26.5 32.6 32.2 29.5 29.4 31.8 34.5 35.6 36.6 35.1 28.8 27.2 25.8 28 31.4 35.6 33.2 31.2 24.8 21.9 22.9 23.3 23.7 23.5 23.5 23.5 23.5 23.8 27.8 35 38
79.2 77.2 75.1 73 71.3 65.5 62.6 60.5 63.3 66.3 69.6 69.5 72.2 74.3 73.6 70.7 74.3 75.6 75.3 75.3 75.8 76.4 77.8 80.1 82.1 84.2 86 85.9 86.3 86.2 85.4 83.8 81.8 79.3 77.4 75.7 74.8 74.1 72.7 69.9 66.9 62.8 58 51.6 46.6 39.8 17.2 19.9 20.9 26.1 31.6 31.5 32.6 32.9 36.2 39.7 41.5 43.8 43.7 39.6 34 29.7 27.7 33.1 36.5 39.2 39.4 37.2 22.3 22.4 22.1 20.7 23.5 23.5 23.5 23.5 25.9 31.7 37.8 41.7
73.5 71.4 68.2 67.7 63.9 58.5 58.8 61.2 66.3 69.5 72.3 75.3 78.9 80.8 80 78.1 79.1 78.4 77.8 77.3 78.1 79.8 82.7 84.4 86 87.7 89.4 90.4 90.7 88.9 86.8 84.9 82.5 80.6 79.8 78.6 77.4 76.1 73.9 72.1 69 64.1 59.1 54 49.7 44.3 34.4 17.7 20.5 25.5 30.2 31.5 34.2 40.6 45.2 48.8 53 52.7 51.2 46.7 41.1 36.4 32.2 34.7 37.8 40.8 44.2 46.6 47.5 34.2 24.8 23.8 23.5 23.7 24.1 32 34.7 36.1 42.2 46.9
66.2 64 59.4 56.7 57.3 54.1 58.2 61.9 65.9 69.7 72.9 75.4 77.5 80.3 82 82 81.8 82 82.2 82.9 83.7 84.8 87.2 89.1 92.4 95.8 102.8 109.5 109.6 107.7 107.1 104.6 110.1 101.7 89.1 88.7 87.4 87.9 90.8 90.2 89.1 90.5 87.4 75 65.2 52.3 40.6 22.5 16 22.2 26.9 28.9 32.1 36.2 43.7 49.3 55.2 56.4 55.9 52.5 46.3 43.6 38.1 33.7 39.5 41.9 44.8 48.1 51.2 55.1 39.4 30.9 33.1 41 43.5 45.6 43.8 45.8 49.2 53.7
63.7 57.6 52.1 51.2 51.5 51 54.5 59.2 63.8 66.7 70 73.2 76.4 78 79.2 80.3 80.5 80.2 79.9 80.9 82.9 85.8 90 93.8 99.2 103.1 107 111.6 115 119.6 121.7 131.7 140 124.6 114.9 106.7 102.1 104.4 108.3 110.6 113 110.9 99.9 85.5 74.2 59.6 46.5 31.8 16.6 15.9 22.4 26.6 29.3 33.1 38.2 49.7 55 56.6 55.8 53.4 48.7 45.2 43 38.5 35.6 40.1 45.6 47.7 52.2 55.6 56.8 52.2 53.2 52.4 48.1 48.2 48.3 52.4 58.7 61.4
55.3 52.6 46.7 45.6 47.2 49.8 51.9 56 60 63.3 66.9 69.7 72.3 74.3 74.2 73.9 73.4 74.4 75.6 79.3 84.1 88.4 94.3 100.3 103.6 108.6 113.2 117.4 120 122.8 123.2 128.3 134.4 122.3 119.2 118.2 116 111.2 113.9 121.5 116.9 110.9 99.5 86.3 76.2 65.5 53.4 36.2 25.5 18.5 16.2 23 29.1 35.4 50.2 70.8 66.2 60.8 58 54.9 51.1 49.9 49.6 46.8 38.5 38 42.4 48.8 53.9 57.6 58.8 56.7 55.7 55.6 56.4 57.2 56.1 64.6 66.1 64.6
52.1 45.8 44.4 45.2 46.6 48.5 50.6 53.5 56.7 60 62.1 64.6 66.3 66.8 67.6 68.5 70.3 73.1 77.1 82.6 87.4 93.9 99.2 105.7 110.6 115.1 120.3 129.1 137.4 139.5 134.4 132.3 127.6 127.3 123.6 118.4 112.7 109.6 115.2 114.8 114.7 107.3 100.7 89.8 79.5 69.3 59.6 38.7 29.7 23.7 19.2 18.5 35.7 43.2 57.2 81 81.9 72.8 66.9 60.9 57.3 57.6 57.9 51.3 42.5 38 43.8 50.1 56.2 60.3 62.1 62.7 61.1 55 55.8 56.4 56.4 61 66.7 72.7
45.5 44.7 45.1 46.4 47.8 48.7 50.1 52.6 54.7 56.9 58.8 60.3 61.9 65.4 67.5 70.1 72.6 76.4 80.7 85.6 91.4 98.4 106 114.2 123.4 134.7 153.3 163.5 169.2 183.2 188.5 174.9 160.1 158.7 151.4 133.9 116.3 107.7 107.6 104.3 105.1 102.7 96.6 83.9 74.8 64.5 52.9 38.3 24.3 20.7 19.5 19.1 43.8 57.9 69.9 90 90.5 86.5 76.1 67.7 60.6 59.6 58.2 54.1 45.8 40.1 44 52.5 56.3 60.7 61.3 62 60.9 55.1 54.7 55.4 61.2 69.3 74.9 78.2
44.2 47.6 48.6 49 50 52 54.3 56.1 59.3 61.6 62.7 64.4 65 67.9 70.1 73.5 76.3 80.7 85.7 92.8 101.5 110.3 120.5 136.9 148.7 162.1 180.1 191.8 203.9 207.4 206.3 194.6 178.5 172.6 152.3 132.1 114 97.9 95.7 91.3 95 93.4 85.7 77.3 67.9 56.9 44.8 30.2 21.2 20.1 17.8 19.3 42.4 67.3 75.5 88.7 90.5 86.6 82.2 75.7 65.6 62.6 59.5 56.5 48.9 43 42.2 48.9 54.3 58.1 58.1 59.3 57.1 52.8 55.6 59.4 64.1 74.1 79.6 86.1
48 51.1 51.1 52.3 52.9 55.1 57.2 59.1 60.7 62.2 63.8 66.1 67.8 70.6 74.4 78.5 82.3 88.6 95.6 105.6 116.1 129.3 150.3 165.5 175.6 197.1 216.5 223.5 223.6 222.4 214 201.8 186.2 165.6 146.2 129.7 107.9 91.6 82.7 78.3 73 71.4 66.7 63.6 56.6 46.7 35.9 21.3 19.9 19.1 17.2 23.9 43.2 67.4 75.4 85 88.9 92.4 90.7 89.7 74.6 67.9 63.6 56.7 53.9 49.2 44.4 45 46 50 53.9 55.4 55.9 52.3 60.3 64.5 70.9 81.8 87.8 96.6
47.2 47.3 48.5 49.5 52.1 53.3 54.7 57.3 59.6 62.3 64.4 66.9 71.4 75.4 79.4 84.8 93.2 101.6 111.4 125.4 137.8 158.7 178.5 191.9 203.7 229 241.9 245.1 239.4 226.5 218.8 204.7 180.6 156.5 139.1 119.6 98 83.5 71.8 69.2 62 53.6 48.9 43.4 38.8 31.2 21.4 19.3 18.8 16.9 16.7 33 47.1 70.7 77.8 86.2 96.9 104.3 103 94 88 74.8 69 64.7 59.6 55.9 49.2 49.9 54.4 55.5 58.8 58.4 58.3 63.3 70.4 78.4 85.2 90.9 96.8 103.1
44.8 45.8 47 48.3 50.6 52.2 54.1 55.7 59.7 64.1 67.3 72.2 77.8 82.5 90.1 96.3 105.7 115.2 128.3 144.5 170 184.9 199.3 213.6 231 251.1 260.7 256.3 251.7 230.1 212.2 194.8 168.4 139.8 119.3 100.3 84.6 70.9 61 58 49.8 35.6 26.2 22.8 19.2 18.5 18.2 16.9 16.3 17.2 29.3 41.4 54.4 75.1 83.1 90.4 100.9 108.1 106.7 101.6 95.3 84.2 76 70.5 66.2 61 56.2 54.3 57.9 62.4 65.3 67.9 73.3 77.3 84.8 92 99 104.8 110.5 115.2
45.1 45.6 47.3 49.8 52 55.2 58.4 60.3 61.9 66 73 77.6 83.7 91.5 99.3 107.8 118 129.7 148.7 174.3 191.2 204.4 216.4 226.3 243.4 256.4 259.4 252.4 246.3 226 198.2 177.8 150.1 123.4 101.6 83.2 70.4 59.2 48.5 39.7 27.2 17.7 17.7 17.4 17.9 18.5 15.5 15.6 20.3 32 44.2 52.4 63.3 79.3 86.2 90.8 96.1 105.3 106.6 103.6 99.7 90.4 81.8 77.3 72.6 65.7 59.7 59.2 61.5 63.4 70.8 76.8 81.8 93 100.3 102.6 107.9 115.3 119.4 123.1
51.7 50.7 52.5 55.9 59.4 63.9 67.2 68.5 69.1 70 78.3 85.8 94.1 102.2 112.3 121.7 135.8 154.2 172.7 187.3 200.5 208.2 221.8 232.1 247.1 246.8 248.1 240.6 227 202.3 180.4 153.6 127.1 102.7 83.8 66 52.8 43 32.5 17.5 16.3 17 17.3 16.5 14.6 15.3 23.4 30.8 36.7 43.7 54.2 64.3 73.8 81.4 87.5 91.9 96.5 103.9 104.4 103.6 103.5 96.3 87 82.2 77.6 68.6 60.8 62.5 64.5 72.4 80.2 83.8 94.2 104.5 111 114 120.7 126 130.6 132.5
59 60.5 62.7 65.2 67.7 71.1 73.4 76.1 77.9 79.6 86.6 95.2 103.4 112.9 123.6 136.6 157.9 169.5 180.9 189.8 201.8 214.5 223.7 222.8 233.1 228.3 224.1 213.7 201.8 177.7 155.9 128.6 103.5 81.5 63.3 47.4 36.5 21.6 13.9 14.3 16.3 14 15.6 22.9 29.8 32.1 34.2 37.4 40.7 46.8 54.9 61.5 69.4 76.3 82.1 88.1 94.7 100.7 101.1 100.3 103.6 98.8 88.2 85.4 80.8 69 61.4 63.1 67.6 77 84.5 91.1 101.8 111.5 118.7 124.7 129.7 133.6 137.5 141.6
65.8 67.7 71.1 71.9 74.5 77.1 78.8 81.5 83.4 85.7 93.3 102.6 112.3 124 136.3 149.4 159.8 168.8 174.2 186.8 199.8 209.2 210.7 198.3 200.4 202.4 196.7 186.4 169.1 148 123.9 101 77.9 60.5 42.8 30.9 12.7 13.6 18.2 20.8 25.1 26.7 26.7 27 27.4 28.3 31.1 33.7 37.2 43.4 49.9 53.6 61.4 68.3 76.5 81.3 87 92.4 94.3 95.1 98 97.1 85.3 84.3 85.2 72.1 62.4 67 70 78.8 87.8 96 108.1 116.2 123.7 129.7 134.2 137.4 141.3 145.9
