app/static/ascii/NX19.asc
ncols 200
nrows 200
xllcorner 210000
yllcorner 590000
cellsize 50
[rows 88 to 131 of 200, columns 96 to 191 of 200]
-1 -1 -1 -1 -1 -1 -1 -1 -1 -1 -1 -1 -1 -1 -1 -1 -1 -1 -1 -1 -1 -1 -1 -1 -1 -1 -1 -1 -1 -1 -1 -1 -1 -1 -1 -1 -1 -1 -1 -1 -1 -1 -1 -1 -1 -1 -1 -1 -1 -1 -1 -1 -1 -1 -1 -1 -1 1.5 -1 6.2 7.9 9.6 11.3 20.6 22.2 22.6 24.2 25.7 27 27.5 28.1 28 29.1 30.5 31.2 31.5 33.7 36.6 40.3 46.3 53.3 60.6 67.4 74 82.8 91.5 101.1 111.5 122 132.1 142.6 152.1 162.1 174.9 184 189.9
-1 -1 -1 -1 -1 -1 -1 -1 -1 -1 -1 -1 -1 -1 -1 -1 -1 -1 -1 -1 -1 -1 -1 -1 -1 -1 -1 -1 -1 -1 -1 -1 -1 -1 -1 -1 -1 -1 -1 -1 -1 -1 -1 -1 -1 -1 -1 -1 -1 -1 -1 -1 -1 -1 -1 -1 1.8 5.7 5.8 6.2 6.1 8.6 10.5 13.1 15.4 20.4 22.1 26.1 23.6 23.5 26.4 27.6 28.3 29.5 29.3 33 37.5 40.3 42.9 45.6 50.6 56.3 62.7 71.2 74.9 89.8 98.8 108.9 119.9 128.9 137.8 150.7 163.1 173.9 183.4 191
-1 -1 -1 -1 -1 -1 -1 -1 -1 -1 -1 -1 -1 -1 -1 -1 -1 -1 -1 -1 -1 -1 -1 -1 -1 -1 -1 -1 -1 -1 -1 -1 -1 -1 -1 -1 -1 -1 -1 -1 -1 -1 -1 -1 -1 -1 -1 -1 -1 -1 -1 -1 -1 -1 -1 1.2 5.9 6.1 5.5 6.2 7.6 10.3 14.2 12.1 15.5 16.4 17.4 15.5 21 17.1 21.5 23 24.4 24.9 26.1 28.2 33 33.1 42.6 47.6 48.8 52.1 57.7 65.5 71.6 81.3 91.1 99.3 108.5 117.5 129.3 141.2 156.2 169.2 179.3 188.1
-1 -1 -1 -1 -1 -1 -1 -1 -1 -1 -1 -1 -1 -1 -1 -1 -1 -1 -1 -1 -1 -1 -1 -1 -1 -1 -1 -1 -1 -1 -1 -1 -1 -1 -1 -1 -1 -1 -1 -1 -1 -1 -1 -1 -1 -1 -1 -1 -1 -1 -1 -1 -1 -1 0.8 5 5.5 6 6.9 7.2 8.7 14.7 19.8 19.7 15.1 14.6 15.7 16.8 17.4 24.4 26.3 28.5 29.3 28.5 33.8 30.5 27.7 27.3 30.4 39.8 46.5 49.8 51.9 56.4 65.9 74 80.5 86.3 95.4 107.8 121.4 130.6 147.6 159.3 169.8 177.7
-1 -1 -1 -1 -1 -1 -1 -1 -1 -1 -1 -1 -1 -1 -1 -1 -1 -1 -1 -1 -1 -1 -1 -1 -1 -1 -1 -1 -1 -1 -1 -1 -1 -1 -1 -1 -1 -1 -1 -1 -1 -1 -1 -0.7 -1 -1 -1 -1 -1 -1 -1 -0.2 0.5 1.2 3.5 4.8 6.3 6.7 7.7 9.3 10.5 23.9 23 22.2 22.3 22.3 22.5 23.7 24.1 26.3 28.5 31.3 35.5 38.2 42.8 47.3 37.9 39.7 30.3 38.7 44.2 45.9 49.3 53.5 58.8 70.2 72.1 78.1 88.6 105.6 116.2 126.7 143.6 157.4 166.2 174.8
-1 -1 -1 -1 -1 -1 -1 -1 -1 -1 -1 -1 -1 -1 -1 -1 -1 -1 -1 -1 -1 -1 -1 -1 -1 -1 -1 -1 -1 -1 -1 -1 -1 -1 -1 -1 -1 -1 -1 -1 -1 -1 -1 1.5 -1 -1 -1 -1 -1 -1 -1 0.6 1.5 4 4.7 5.8 6.8 7.5 8.4 16.2 23.9 23.5 23.6 23.8 24.1 24.6 25.4 28 28.1 30 32.4 35.2 39.6 41.4 44.8 46.7 48.1 46.9 32 36.7 39.3 43 47 51.6 57.8 75.8 77 83.5 96.1 108.1 119.1 127.2 136.7 146.1 159.6 171
-1 -1 -1 -1 -1 -1 -1 -1 -1 -1 -1 -1 -1 -1 -1 -1 -1 -1 -1 -1 -1 -1 -1 -1 -1 -1 -1 -1 -1 -1 -1 -1 -1 -1 -1 -1 -1 -1 -1 -1 -1 -1 1.9 2.4 1.6 1.2 1.5 1.7 0.6 0.3 0.7 1.6 4.2 4.6 5.4 6.2 7.1 8.1 19.6 30.7 30.6 27.1 25.6 27.9 28.9 30.8 30.8 33.1 37.2 40.9 45.4 51 54.3 56.2 56.9 56.3 54.7 48.9 40.7 36 40.4 47.2 52.4 56.8 61.6 77.1 76 87.7 102.3 115.6 127.5 139.4 150.2 161.3 171.8 180.7
-1 -1 -1 -1 -1 -1 -1 -1 -1 -1 -1 -1 -1 -1 -1 -1 -1 -1 -1 -1 -1 -1 -1 -1 -1 -1 -1 -1 -1 -1 -1 -1 -1 -1 -1 -1 -1 -1 -1 -1 -1 1.6 1.8 4.9 4.8 5 5.1 4.7 4.3 3.8 4.6 4.6 5.1 6.1 6.4 7.4 8.6 24.7 37.9 41.2 38.5 35.8 35.6 38.1 37.4 39.1 42.8 47.8 55.2 61.8 67.8 74 73.4 74.4 78.7 83.4 75.8 58.5 40.4 35.6 51.4 51.7 60.4 63.9 67.8 78.4 80.6 92.1 105.7 119.1 134 146.2 155.5 166.7 178.3 188.4
-1 -1 -1 -1 -1 -1 -1 -1 -1 -1 -1 -1 -1 -1 -1 -1 -1 -1 -1 -1 -1 -1 -1 -1 -1 -1 -1 -1 -1 -1 -1 -1 -1 -1 -1 -1 -1 -1 -1 -1 -1 0.2 3.1 5.6 5.9 5.9 6 5.7 5.3 5.1 4.6 4.7 6.3 6.5 7.4 9.8 25.9 43.6 49.9 49.1 47 46.6 46.1 48.7 49.8 56.3 63.5 71.6 81.9 91 99.6 100.6 109 102.3 118.1 98.6 81.2 61 38.2 48.7 60.7 61.8 67.4 71.4 73.9 76.4 87.5 101.9 112.5 127.2 139.5 149.7 163 174.4 184.1 195.3
-1 -1 -1 -1 -1 -1 -1 -1 -1 -1 -1 -1 -1 -1 -1 -1 -1 -1 -1 -1 -1 -1 -1 -1 -1 -1 -1 -1 -1 -1 -1 -1 -1 -1 -1 -1 -1 -1 -1 -1 -1 1.2 6.2 6.3 6.7 6.4 6.1 6.3 6.1 5.4 5.4 5.8 6.7 7 9.4 25.9 45.6 56.5 59.4 57.6 56.9 58.1 60.3 65.3 70.8 81.3 91 100.8 114.2 123.8 127.4 137.1 138.1 129.3 120.9 97.6 71 48.8 39.5 57.3 66.2 71.5 68.5 78.4 80.7 83.4 92.4 103 118.7 131.8 143.1 154.5 169 180.2 193 203.8
-1 -1 -1 -1 -1 -1 -1 -1 -1 -1 -1 -1 -1 -1 -1 -1 -1 -1 -1 -1 -1 -1 -1 -1 -1 -1 -1 -1 -1 -1 -1 -1 -1 -1 -1 -1 -1 -1 -1 -1 0.2 2.4 6.1 6.2 6.3 5.9 5.7 5.6 5.5 5.4 6.5 7.6 7.5 10.2 25.3 45.4 59.9 66 69.4 68.7 70.5 75.9 83.2 91.2 99.3 112 122.7 136.7 158 161 173.9 174.5 155.7 126.6 106 80.8 63.1 39.7 48.7 50.6 70 75.5 76.2 82.2 84.9 88.9 99.4 108.3 121.9 137.5 149.8 160.1 177.8 191.4 199.8 213.6
-1 -1 -1 -1 -1 -1 -1 -1 -1 -1 -1 -1 -1 -1 -1 -1 -1 -1 -1 -1 -1 -1 -1 -1 -1 -1 -1 -1 -1 -1 -1 -1 -1 -1 -1 -1 -1 -1 -1 -1 0.6 5.2 5.3 5.9 5.8 5.8 5.4 5.1 5.1 5.2 7.5 10.1 11.9 24.1 48.2 59 68 76.6 81.4 83.7 91.8 101.7 112.7 127.3 137.4 154.4 171.7 170.6 181.8 180.7 183 166.6 144.6 111.3 85.3 73.8 56.6 44 54.8 69.1 69.1 77.5 80.8 83.8 84.2 92.4 99.6 112.3 127 141.7 152.5 172 186.3 200.2 214.4 224.9
-1 -1 -1 -1 -1 -1 -1 -1 -1 -1 -1 -1 -1 -1 -1 -1 -1 -1 -1 -1 -1 -1 -1 -1 -1 -1 -1 -1 -1 -1 -1 -1 -1 -1 -1 -1 -1 -1 -1 0 1.4 4.8 5.5 5.5 5.5 5.6 5.6 5.3 5.6 6 10 14.3 24.1 42 59 68 77.3 88 99.6 110.5 123.1 133.6 142 168.5 177.7 186.1 182.3 180.3 183.9 173.8 159.7 143.1 121.3 95 77.8 62.8 51.3 50.7 62.9 79 78.7 77.5 81.7 85.4 90.5 96.4 103.9 116 133.8 147 160.1 178.6 196.2 210.6 221.3 230.1
-1 -1 -1 -1 -1 -1 -1 -1 -1 -1 -1 -1 -1 -1 -1 -1 -1 -1 -1 -1 -1 -1 -1 -1 -1 -1 -1 -1 -1 -1 -1 -1 -1 -1 -1 -1 -1 -1 -1 1.1 3.7 4.8 5.2 5.1 5.2 5.4 5.5 6 6.6 9.6 12.1 27 27.4 47.4 70.5 80.2 95.1 108.8 123 137.3 156.7 166.2 174 182.4 186.4 189 189.4 178.8 166.4 156.3 136.8 124.1 105.2 85.8 72.4 60.4 48.8 44.9 72.2 83.7 84.1 84.1 84.1 87.9 94 99.8 110.2 123.1 139.4 156.5 170.9 187.1 199.5 210.7 221.8 229.5
-1 -1 -1 -1 -1 -1 -1 -1 -1 -1 -1 -1 -1 -1 -1 -1 -1 -1 -1 -1 -1 -1 -1 -1 -1 -1 -1 -1 -1 -1 -1 -1 -1 -1 -1 0.5 1.4 1.8 4.5 5.2 4.5 5 5.2 5.4 6.2 6.5 6.7 8 10.5 16.2 26.7 39 41.3 70.2 81.9 96.7 110.8 126.8 140.9 154.5 168.4 176.1 182.4 185.7 188 195.9 189 173.2 157 141.8 126.1 108 93.5 78.8 68.8 54.8 45.8 63.1 79.4 84.7 84.1 84.1 86.9 95.3 101.5 105.3 117.1 128.1 143.3 163.3 178.5 190.8 203.5 213.4 221.4 226.2
-1 -1 -1 -1 -1 -1 -1 -1 -1 -1 -1 -1 -1 -1 -1 -1 -1 -1 -1 -1 -1 -1 -1 -1 -1 -1 -1 -1 -1 -1 -1 -1 -1 -1 0.6 1.7 4.7 6.5 7.3 6.9 5.8 5.3 5.7 6.7 7.6 8.5 9.1 10.9 25.8 32.2 39.7 46.7 58.9 81.6 94.3 110 125.1 141 151.5 159.2 175.7 181.6 191.2 189.1 182.2 184.9 181 166.3 151.7 132.1 112.2 99 87.5 72.3 69.1 62.5 53.5 57.4 74.3 81.7 84.6 89.4 97.7 105.4 111.5 116.9 124.7 137.2 147.7 167.6 179.4 191 201.2 206.2 213 218
-1 -1 -1 -1 -1 -1 -1 -1 -1 -1 -1 -1 -1 -1 -1 -1 -1 -1 -1 -1 -1 -1 -1 -1 -1 -1 -1 -1 -1 -1 -1 -1 -1 0.5 2.7 5.9 7.5 8.3 8.2 7.5 7.5 6.9 8 10 11.4 15.3 18.1 25.2 31.4 38.7 45.6 53.6 69.8 90.7 95.9 115.9 128.3 138.9 151.9 162.6 175 181.9 184.1 182.9 179.8 179.3 168.5 157.4 142.6 117.9 95.5 88 89.4 87.8 80.6 71 59.8 51.5 73.5 86.3 92.4 90.6 106 112 117.1 123.3 131.3 141.9 157.7 171.1 182.2 192.6 202.2 210.4 217 222.4
-1 -1 -1 -1 -1 -1 -1 -1 -1 -1 -1 -1 -1 -1 -1 -1 -1 -1 -1 -1 -1 -1 -1 -1 -1 -1 -1 -1 -1 -1 -1 -1 0.9 4.2 5.5 7.1 8.3 8.2 8.1 8 8.6 9.2 14.9 17.3 18.9 20.6 23.2 28.5 34.9 43.4 53.3 64.2 80.7 93.6 105.4 116.7 128.7 144 156.4 163.1 174 182.8 184.9 186.6 188.4 181.7 167.5 151.2 129.7 102.3 90.9 94.1 99.1 98 89.3 77.4 65.2 58.2 69 84.3 92.8 104.7 112.6 116.5 119.6 124.5 132 143 156.8 172.8 184.8 195.5 204.6 211.2 216.8 222.2
-1 -1 -1 -1 -1 -1 -1 -1 -1 -1 -1 -1 -1 -1 -1 -1 -1 -1 -1 -1 -1 -1 -1 -1 -1 -1 -1 -1 -1 -1 -1 0.7 4.2 4.6 5.9 7 8 8.1 8 8 8.9 10 16.4 18.5 20.2 22 25.5 35 39.8 49.6 60.3 73.6 87.7 100.4 113.3 124 136.8 151.3 164.4 173.8 187.4 197.2 200 199.1 188.6 182.6 169.7 146.1 117.4 98.3 94.1 98.8 102.2 99.1 91.7 80.1 65.1 61 72.1 82.4 92.3 106 114.6 117.2 119 122.7 129.2 139.8 152.2 171 186.3 197.5 202.7 209.3 215.7 219.8
-1 -1 -1 -1 -1 -1 -1 -1 -1 -1 -1 -1 -1 -1 -1 -1 -1 -1 -1 -1 -1 -1 -1 -1 -1 -1 -1 -1 -1 -1 1.3 3.3 4.9 5 6.2 6.9 7.7 8 8.1 8.5 9.4 12.9 16.9 19.2 21.6 26.3 33 39.1 46 59.1 70.5 83 96.3 106.1 116.4 129.4 144.6 157.5 170.4 185.5 204.3 209.5 208.4 207.1 192.7 180.2 158.8 136.6 116.3 104.1 97.7 101.5 99.2 92.2 84.6 76.1 56.8 73.4 79.6 90.1 94.6 105.3 112.5 115.3 116.6 119.1 126.3 136.6 152.1 170.8 182.8 193.7 198.8 205 210.6 215.5
-1 -1 -1 -1 -1 -1 -1 -1 -1 -1 -1 -1 -1 -1 -1 -1 -1 -1 -1 -1 -1 -1 -1 -1 -1 -1 -1 -1 -1 1.4 5.8 5.7 5.4 5.4 7 7 7.4 7.8 8 8.7 10.9 12.9 16.6 19.9 23.8 32.8 41.6 48.2 58.6 65.1 77.3 92.5 108.2 116.8 122 134.9 150.6 170.3 179.5 191.8 205.5 211.4 208.6 204.3 190.6 167.5 144.2 127.1 119 109.7 109.7 106.9 97.6 87.1 76.4 60.4 73.7 72.8 83.7 88.5 95.2 103 106.2 107.7 110.5 113.7 120.7 134.6 149 163.2 177 186 190.8 197.6 204.1 208.9
-1 -1 -1 -1 -1 -1 -1 -1 -1 -1 -1 -1 -1 -1 -1 -1 -1 -1 -1 -1 -1 -1 -1 -1 -1 -1 -1 0.9 2.1 5.7 6 6.2 5.9 6 7.1 7.9 7.5 7.4 7.9 8.7 10.8 12.9 18 20.3 21.3 29.7 46.2 53.2 62.8 73.3 82.1 94.9 107.8 120.6 127.8 141.8 159.5 173.8 185.2 192.4 200.3 208.3 204.9 194.7 177.5 151 130.2 124.4 117.6 112.2 115.6 110.9 100 84.9 69.4 81.5 81.7 74.8 91.2 90.9 97.4 99.5 100.5 101.3 107.4 116.7 123.2 131.6 150.7 161.4 170.1 177 183.6 190.5 196.5 200.8
-1 -1 -1 -1 -1 -1 -1 -1 -1 -1 -1 -1 -1 -1 -1 -1 -1 -1 -1 -1 -1 -1 -1 -1 -1 -0.5 1.5 3.3 5.6 6.2 6.3 6.5 6.3 6.7 7.1 8.3 7.9 8 8.4 9.1 10.6 12.9 22.8 28.6 39.5 45.4 46.1 63.4 71.9 79.6 90.3 100.1 110 121.3 133.9 145.8 163 177.8 189 194.9 194.7 191.5 199.2 182.2 164.9 140.4 123.5 119.7 113.9 118.7 119.1 110.5 98.9 87 67 84.8 88.2 86.4 85.9 85.4 88.9 90.5 94.6 103.8 112.1 123.5 131 142.2 144.7 157.3 172.2 178.3 178.7 189.2 195 200.4
-1 -1 -1 -1 -1 -1 -1 -1 -1 -1 -1 -1 -1 -1 -1 -1 -1 -1 -1 -1 -1 -1 -1 -1 -1 1.2 3.7 5.2 5.9 6.5 6.8 6.9 7 7.4 7.9 8.7 8.4 8.5 10.4 10.9 14.7 25.6 36.9 47.1 54.9 62.7 64.5 69.3 85.1 89.1 99.1 109.1 119.2 130.2 139.5 144.8 152.7 161.5 179.5 180.3 188.5 175.6 177.7 169.6 150.6 131.2 120.1 117.1 122.4 124.6 122.3 112 97.7 85.3 68.2 92 96 91 94 95.4 94.5 97.8 100.5 104.9 116.3 127.6 136.9 145.8 155.2 166.1 169.9 175 182.4 188.6 194.1 199.8
-1 -1 -1 -1 -1 -1 -1 -1 -1 -1 -1 -1 -1 -1 -1 -1 -1 -1 -1 -1 -1 -1 -1 -1 0.3 1.7 5.4 5.6 6.1 6.8 7.4 7.8 7.6 8.1 8.5 9 9.2 10.4 13.9 22.1 34.8 44.3 55.1 62.9 69.7 76.3 79 78.9 98.5 100.8 111.7 123.4 136.8 150.2 161.6 156.1 145.1 144.7 150.2 152.4 153.6 158.7 151.6 143 134 127.5 122.6 126.6 128.4 128.1 122.6 107 94.7 83 79.1 100.9 97 99 99.9 97.9 99.6 103.5 109.1 116.4 122.2 129.6 142.4 151.8 162.5 167 171.4 177.5 182.4 187.9 194.4 200.1
-1 -1 -1 -1 -1 -1 -1 -1 -1 -1 -1 -1 -1 -1 -1 -1 -1 -1 -1 -1 -1 -1 -1 -0.5 1 5.1 4.9 6 6.4 7.1 8.3 10 10 9.3 9.7 12.6 17.3 31.5 33.2 44 53.5 63.7 67.1 72.9 79.7 84.9 90.5 78.7 105.5 114.7 125.8 137.8 152 165 168 153.4 145.5 143.3 144 144.4 144.7 143.1 140.7 142.3 140.4 136.3 135 135.2 134.2 129.6 119.1 106.1 95.6 83.7 83.8 99.7 104.5 107.5 105.1 104.8 109.7 114.4 116.6 125.3 132.3 136 140 153.9 161.7 166.1 171.8 177.2 182.2 187.4 193.2 199.7
-1 -1 -1 -1 -1 -1 -1 -1 -1 -1 -1 -1 -1 -1 -1 -1 -1 -1 -1 -1 -1 -1 -1 0.2 1.6 5.1 5.4 6.1 6.6 7.8 9.5 12 13.6 12.8 16 23.7 32.3 43.9 55.9 55.8 65.8 69.5 75.6 81.5 87.4 92.9 101.4 111.8 111.8 128.1 140.1 152.9 165.6 173.2 164.7 151.7 152.9 153.1 152.9 154.9 156.9 157.5 156.9 154.7 151.6 147.5 145.3 141.5 137.5 131.6 119.3 106.9 96.1 83.8 91.3 99.9 107.9 111.5 113.1 113.4 118.6 123.7 127 135.6 141.5 146.3 152.5 157.7 161.2 168.6 175.8 180.3 185.5 188.1 192.4 196.2
-1 -1 -1 -1 -1 -1 -1 -1 -1 -1 -1 -1 -1 -1 -1 -1 -1 -1 -1 -1 -1 -1 -1 0.2 1.6 4.5 5.5 6.6 7.7 9.7 11.3 16.2 20.2 29.2 36.5 46.4 56.3 63.9 67.6 68.2 73.6 77.3 82 87.8 94.7 102 110.8 122 126 136.3 153.5 169.5 179.7 164.5 153.8 154.4 156.3 159.3 162.4 164.6 168 170.9 172.4 167.3 158.8 154.2 152.1 146.2 139.5 129.4 119.2 110 95.8 82.8 85.2 102.2 111.1 116.4 116 118.3 123.9 130.4 135.4 143 148.4 153.4 157.1 162.7 167.1 174.4 181.1 187 190.9 193.4 195 196.5
-1 -1 -1 -1 -1 -1 -1 -1 -1 -1 -1 -1 -1 -1 -1 -1 -1 -1 -1 -1 -1 -1 -1 0.6 4.2 5.2 6.6 8.5 13.6 22.2 24.6 29 34.2 42.4 44.1 57.6 62.8 64.7 69.3 76 80 83.4 89.5 94.4 101 109.3 117.7 127.1 127.9 140.7 153.7 167.1 171.3 157.8 154.3 155 157.1 159.8 162.3 162 163.5 167.3 173.4 174.4 163.3 151.7 149.3 148.1 140.5 131.6 122.5 110.6 98.3 74.9 90.6 104.9 111.2 115.4 116.9 119.9 125 133.1 141.3 147.3 152.7 157.5 161.2 165.6 171 178.1 185.1 190.9 194.7 196.9 198.6 198.6
-1 -1 -1 -1 -1 -1 -1 -1 -1 -1 -1 -1 -1 -1 -1 -1 -1 -1 -1 -1 -1 -1 -1 6.3 7.7 9 13.3 25.1 32.6 38.5 42 46.3 53.3 57.3 59 56.6 66 71.7 76 83.4 89.5 92.1 98.2 105.9 111.5 118.8 125.6 131.4 129.3 139.1 145.5 152.4 154.4 151.5 151.7 155.3 159.8 161.6 163.6 161 157.9 153.6 148.4 147 144.9 139.2 137.7 136.9 132.5 131.3 125.2 115.5 99.3 75.6 88 108.6 115.8 116.7 119.8 124.8 131.2 137.6 143.9 148.9 153.2 158.3 162.7 167.6 173.7 180.4 187.8 193.2 197.3 199.1 199 196.8
-1 -1 -1 -1 -1 -1 -1 -1 -1 -1 -1 -1 -1 -1 -1 -1 -1 -1 -1 -1 -1 2.1 9 9.4 13.9 23.1 31.3 40.6 46.7 51.5 56.2 62.1 64.7 71.8 73.3 75.7 79.1 80.6 79.1 88.6 95.4 100.5 106.5 114.4 118.2 125.8 130.8 134.5 136.2 143.1 144.9 145.1 146.8 149.9 153.5 158 161.2 165.5 168.8 168.4 164.9 156.8 150 143.5 141 140 135.9 130.6 127.4 122.6 120.5 114.8 105 83.8 85.3 109.6 115.2 118.8 123.1 128.2 131.7 136.4 142.3 148.3 152.6 157.1 162.3 167.7 173.3 181.7 188.9 193.2 196.1 197.8 198.1 188.7
-1 -1 -1 -1 -1 -1 -1 -1 -1 -1 -1 -1 -1 -1 -1 -1 -1 -1 -1 -1 4 11.4 13.5 27.1 26 39.3 45.9 52.4 57.1 62.9 68.7 74.7 78.2 84.7 84 88.7 88.7 89.1 92.5 94.1 98.7 101.3 109.9 118.1 125.7 130.1 135.8 140.6 142.7 147.5 150.4 150 151.5 155.2 160.1 165.1 170.3 175.6 178.9 178.3 170.2 161.7 154.8 149.5 145.8 143.1 138.2 130.9 126.3 119.3 115.7 111.1 103.8 83 85.5 104.4 114.4 118.8 123.2 125.6 129.2 134.2 140 145.4 151 155.3 160.8 166.4 171.9 178.5 186.5 192.3 193.7 193.9 189.7 180.8
-1 -1 -1 -1 -1 -1 -1 -1 -1 -1 -1 -1 -1 -1 -1 -1 -1 -1 -1 3.2 9.4 21.7 30 41.4 44.3 47.9 55.1 60.5 66.4 73.4 80 85.4 90.3 94.2 97.9 101.5 101.6 99.6 101.6 103.1 107 115.3 121.5 128.4 131.3 136.6 141.5 146.1 153.1 156.7 157.5 157.5 165.3 169 173.1 177.3 184.3 188.9 189.4 186.1 176.6 167.5 160.1 152.5 143.7 136.2 132.3 128.7 123.3 117.6 105.2 107.1 95.9 79.6 89.5 102.6 113.4 117.6 120.4 123.1 129.3 133.2 138.3 143.6 148.9 153.3 157.3 162.4 166.8 173.1 180.2 182.8 183.2 180.4 174.5 165.3
-1 -1 -1 -1 -1 -1 -1 -1 -1 -1 -1 -1 -1 -1 -1 -1 -1 1.7 5.2 10.2 16 36.1 46.3 53.7 56.2 54.9 64.2 69.5 77.1 83.6 89.8 95.4 99.9 103.8 109.3 110.9 111.3 112.8 117.7 119.6 123.6 129 132.2 136.6 141.9 148.4 151.4 157.1 162.3 168.8 171.2 170 174.7 179.2 185.6 191.5 197.2 201.4 203.1 200.2 187.7 173.3 164.8 156.7 147.9 135.7 124.2 120 116.6 110.9 103.1 97.6 90.1 86.5 93.8 105.1 110.7 117.9 122 124 124.9 129.7 134.4 141.2 144.6 148.3 152.1 156.1 159.6 163.7 167.9 168.2 167.9 165.6 164.9 162
-1 -1 -1 -1 -1 -1 -1 -1 -1 -1 -1 -1 -1 -1 -1 -1 1.2 5.8 13.9 26.1 39 46.7 53.8 61.7 65.6 67.2 71.3 79.3 87.2 93.5 99.2 103.4 109.2 114.2 117.5 119.6 125.1 131.7 136.1 136.9 138.1 140.5 142.6 149.6 153.5 158.3 164.4 171.3 175.3 183.5 175.7 182.7 187.2 191.3 198.2 205.3 209.6 212.3 213.3 208.3 197.3 184.9 172.5 159.6 149.5 138.4 122.8 114.3 111 104.6 97.7 93.5 102.3 99.3 85.2 93.1 102.3 113.5 119.6 123.7 122.4 127.7 132.2 137 140.1 142.6 145.2 147.3 150.1 153.7 155.1 155.7 155.7 155.6 151.3 160.7
-1 -1 -1 -1 -1 -1 -1 -1 -1 -1 -1 -1 -1 -1 -1 1.1 5.5 13.6 30.7 31.2 47.2 55 60.3 66.6 72.2 77 82.7 88.9 96.4 101.1 106.2 112.3 118.3 125.2 130.4 137 145.4 150.9 151.8 147.9 146.4 149.7 153.5 160.9 168.7 173.1 177.3 185.6 193.7 190.2 192.6 196.4 202.3 206.2 211.9 218.1 221.6 221.8 220.2 214 203.9 192.5 177.7 162.7 148.6 136 125.8 115 107.8 103.4 103.7 102.2 108 106.4 101.1 93 87 99.5 107.9 116.4 118.8 122.5 127.8 130.8 133.7 136.9 137.1 137.7 141.1 142.8 144.3 144.8 147.5 146.2 150.9 159
-1 -1 -1 -1 -1 -1 -1 -1 -1 -1 -1 -1 -1 1 4.4 6.9 11 34.1 44.4 49.4 51.5 62.2 66.8 73.5 78.9 85.3 92.3 95.8 104.1 111.6 118.7 125 132.1 139 146.5 153.1 158.3 162.8 162 159 157.9 161.9 166.8 172.8 180.7 185.7 192.3 201.6 204.3 195.9 204.6 208.8 214.7 219.5 225.3 228.7 230 227.5 223.7 219.6 210 196.6 179.2 161.4 144.7 135.3 131.1 121.3 111.6 108.2 110.1 103.6 114.1 113.4 106.1 102.3 103.5 94 93.6 103.5 108.6 109.5 117.8 123.3 125.6 127.9 128.6 128.4 129.7 133 131.7 132 136.1 141.9 148.6 156.4
-1 -1 -1 -1 -1 -1 -1 -1 -1 -1 -1 -1 1.3 6.4 10.3 12.3 30.2 42.6 50 57.7 56.9 69.3 77.6 83.6 87.5 94.5 101.4 109.5 116.4 124.9 132.1 137.9 145 151 156.9 161.5 164.4 166.7 168 168.3 169.8 175 182.5 188.1 193.1 202.5 209.4 213.3 211.9 207.6 212.3 218.4 224.5 228.7 232.8 235.8 237.9 234.6 227.5 218.7 209.9 197.9 180.9 160.6 148.1 144.1 136.4 129.2 116.1 113.4 114 106.8 118.2 118.6 113.5 107.6 107.4 104.2 99.5 93.6 108 102.4 106.8 111.1 113.3 115.1 118.9 126.7 130.3 136.2 133.8 136.2 142 144.1 150 157.7
-1 -1 -1 -1 -1 -1 -1 -1 -1 -1 -1 1.4 6.3 9.2 16.9 27.9 44.8 52.8 57.9 65.2 72.5 64.1 82.8 91.9 95.8 102.7 112.9 120.8 126.6 133.2 138.3 143.9 149.7 154.3 159.6 164.2 167 170.2 172.1 175.8 181.2 192.4 198.1 202.3 209.6 216.1 221.8 223.3 221.7 218.8 221.4 223.9 229.5 235.3 239.1 238.2 239.8 236.2 227.9 219.4 209.2 197.9 179.2 161.3 158.1 149.4 141.7 136.2 126.3 123.1 122.2 104.8 121.9 123.7 118.5 118.7 115.5 116.2 113.4 110.2 107.8 102.7 112.8 113.2 115.4 115.1 118 129.4 134.1 135.7 136.8 139.1 143.6 145.6 149.6 156.5
-1 -1 -1 -1 -1 -1 -1 -1 -1 -1 1.3 6.2 9.3 14.9 34.3 38.2 43.2 59.9 66.4 73.7 80 84.4 77.5 95.7 104.6 112.4 121.5 126.1 131.7 137.2 141.5 146.6 152.5 156.2 160.7 164 167.7 172.3 176.8 182.7 194.1 203.2 210.7 216.5 223.1 226.4 232.7 228.5 225.8 225.5 226.4 229.3 231.7 235.4 240.8 241 240.8 236.7 230.6 222.8 213.4 202.2 185.6 168.5 163.1 157.8 151 144.7 139.4 133.4 128.5 124.4 118.1 125.7 124.3 126.5 127.9 126.2 122.6 121.4 117 101 107 112.7 118.4 124.1 126 126.3 132.7 134.9 136.3 138.9 143.4 145.9 151.6 155.6
-1 -1 -1 -1 -1 -1 -1 -1 -1 1.6 6.6 8.8 18.7 36.7 49.8 56.6 45.6 47.4 69.3 81.3 88.7 95 91.6 96.3 108.4 114.6 121.7 127 132.5 137.7 140.7 146.4 151.7 155.4 159.6 163.6 168.9 174.7 181.6 190.5 201.4 211.3 220.4 230.5 236.6 232 235.3 228.4 226.1 228.1 230 232.3 234.4 237.8 240.7 241.4 240 237.6 233.1 227.6 219.7 207.4 191.9 174.9 167.7 163.2 157.4 152.2 148.4 140.4 134.8 129.9 126.4 119 128.2 128.8 129.8 129.4 127.3 124.8 123.2 111.8 112.9 107.2 115.7 120.6 125.2 122.4 132.9 134.2 134.9 136.8 141.1 145.3 150.1 155.8
-1 -1 -1 -1 -1 -1 -1 -1 1.1 7.3 15.9 26.2 43 51.4 58.6 66.2 69.4 69.5 74.4 79.7 94.1 98 101.7 95.3 107.4 112.9 116.8 122.7 128.8 135.7 141.4 144.7 150 154.3 159.1 164.3 169.9 177.5 186.8 198.2 207.6 217.7 231 243.1 245.4 238.6 232.3 227.2 227.4 228.3 230.3 232.4 236 239.5 242.3 243.3 243.5 242.2 239.2 234.4 225.7 209.4 196.7 181.5 172.7 166.7 160.5 155.2 151.9 150.3 143.9 136.1 130.2 117.1 127.4 129.7 130.1 129.7 127.8 125.3 122.2 119.2 117.2 110.7 113.6 122.1 127.6 127.3 131.3 133.7 134.3 135.8 138.7 144.1 148.3 158.3
-1 -1 -1 -1 -1 -1 -1 -1 6.3 23.6 26.5 33.6 38.7 52.7 61.6 68.2 75.8 82 86.5 87.7 92.7 99 102.6 106.9 105.7 114.9 123.1 129.4 134.9 140.1 144 147.3 151.1 154.9 159.4 164.7 170.9 180.1 191.3 203.4 213.9 226.1 237.9 248.9 249.2 240.6 235.3 232.5 229.7 228.4 229 230.9 234.9 238.6 242.1 243.7 245.5 245.1 247.4 242 229 204 195.8 184.3 175.5 167.3 160 154.3 151.5 150.3 148.4 143.7 135.7 121 130.1 131.2 131.1 131.3 132.6 128.4 122.1 117.7 114.6 110.1 107.5 120.3 128.2 129.8 131.6 131.1 132.1 135.4 138.6 142.4 147.2 156.5
-1 -1 -1 -1 -1 -1 -1 6.6 26.9 34.8 40.4 45.1 50.3 55.9 58.8 62.6 76.8 85.6 88.8 93.3 96.4 101.7 103.6 112.3 117.8 120.9 127.6 133.8 139.3 143.1 145.8 148.2 151.8 156.6 161.4 167.9 177.3 188.3 200.7 212.9 223.9 236.4 249.2 254.5 246.5 239.1 236.5 234.3 234.1 230.9 228.8 229.1 231.1 234 236.7 238.8 239.7 239.7 240.3 233.2 217.4 192.1 186.9 181.4 175.3 164.9 156.1 149 146.1 143.6 139.4 136.8 128.2 127.5 132.5 133.3 134.6 134.8 135 131.8 126.1 119 114.2 114.9 110.2 115.8 123.4 127.6 129 128 130.1 134.9 139.7 140.5 144.7 152.7
