app/static/ascii/NX29.asc
ncols 200
nrows 200
xllcorner 220000
yllcorner 590000
cellsize 50
[rows 35 to 69 of 200, columns 0 to 77 of 200]
24.8 30.8 40.6 49.3 57.3 62 64.6 65.7 68.6 70.9 69.6 69 69.6 68.8 73.1 84.5 85.7 89.5 92.4 103.7 127.4 157.7 163.6 166.4 167 169.3 166.5 167 167.3 157.7 147 138.4 136.5 132.4 131.2 130.1 132.2 134.5 137 138.9 140.5 142.7 144.7 146.5 148 149.3 150.8 151.1 150.9 151 151.4 149.5 144.3 137.2 130.6 122.2 113.6 102.8 97.3 84 63.7 80.3 94.2 104.5 112.8 121.5 127.9 133.2 136.9 137.4 135 130.9 130.7 132.8 134.8 136.4 138.4 139.3
29 32.4 44 51.3 57.1 62.9 67 67 70.6 73.6 74.6 76.5 77.5 83.3 88.8 92.5 100.4 105.7 113.3 126.4 141.4 164.1 178 181.9 183.3 184.2 180.5 174.8 169.4 153.5 150 145 142.8 141 138.5 137.2 138.4 141.9 143.9 147.2 149.4 151.5 153.7 156.5 158.8 160.5 161.5 161.9 161.2 161 159.3 156.6 149.8 142.9 135.1 126.8 118.3 110.1 100.6 90.3 72 69.2 92.3 108.2 116.8 127.3 134 138.5 141.5 142.2 139.3 136 135 135.9 137.8 140.1 142.1 141.6
31.9 37.5 39.3 48 52.5 55.1 64.1 67 71.3 76.8 80.2 82.8 87.8 96.2 100.8 107.9 114 124.4 128.2 139.7 150.8 166.6 184.7 194.2 190.2 191.2 184.1 169.6 162.5 157.5 154.8 151.9 149.9 148.8 147.5 143.9 147.5 151 153.7 156.5 160 162.8 164.6 167 169 169.8 169.9 171.8 171.5 170.5 165.1 160.5 154.1 146.6 138.6 130.1 120.6 110.9 100.6 92.1 72.7 58.6 90.3 110.7 119.8 130.5 139.1 143.2 144.3 143.2 140 136.6 136.2 138.2 142.1 143.3 142.8 141.7
35.1 41.8 46.6 53.6 57.4 62.7 66.6 71.1 76.1 83 90.1 91.9 97.5 107.8 110.6 118.1 130.9 138.1 147.7 158.3 163 172.1 180.9 185.2 181.3 175.9 172.1 170.9 165.6 160.9 159.7 158 156 155 154.6 154.9 159.7 163 165.6 169.9 172.3 174.4 175.2 176.7 177.3 177.9 176.9 176.9 175.7 173.1 167.1 159.5 153.6 146 139.3 129.8 120.2 109.7 99.5 92.4 61.4 78.6 95.2 111.1 121 130.3 138.6 144.2 146.9 144.1 139.9 137.4 138 139.7 142.7 143.7 143.8 142.7
39.8 45.3 46.9 57 61.6 66.8 69.5 74.9 80.9 89.2 98.8 103.5 108.8 114.7 117.8 125.4 147.6 153.8 160.4 168.7 179.9 181.7 182.4 182.6 181.1 180.2 175 174.5 169.6 166.4 165 164 161.1 161.5 163.7 166.5 168.7 174.4 177.1 180 182.4 183.7 185.8 185.9 185.8 185.2 183 179.4 176 171.7 166.3 161.7 148.8 136.3 131.4 126.1 119.6 110 100.7 94.1 72 79.8 98.9 112.4 120.9 128.6 134.8 139.7 142.9 141.2 139.3 139.8 140.3 142.7 144.1 142.9 143 142.7
42.3 51.6 55.3 56.5 65.1 71.8 76 78.8 84.9 93.6 102.2 109.7 116.2 121.8 126.3 134.5 148 157.5 169.7 176.3 186.3 191.6 189.6 188.4 181.8 180.6 178.2 178.5 174.2 171.3 169.6 169 170.1 170.2 173.3 175.2 175.7 181.1 186.3 188.9 190.7 192.5 194.1 192.5 190.9 190.5 183.3 176.1 163.8 157.5 151.3 144.1 135 131.1 129.9 124.8 117.2 109.2 100.5 89.1 71.6 81.6 102.5 110.5 119.2 126.1 132.3 136.4 138.2 139.6 140.2 141.4 143.1 145.3 145.7 143.6 143.3 144.8
47.3 53.2 59.3 63.5 68.9 72.3 77.5 85.5 90.7 100.2 106.2 114.2 120.4 128.2 136.2 145.7 155.2 165 179.2 184.6 187.8 189.8 192.1 185.4 178.3 179.5 181.6 182 178.5 176.5 175.6 174.8 175.3 176.8 177.7 180.7 183.7 185.3 189.3 192.4 193.1 192.1 190.8 189.1 188 185.2 181 177.4 172 163 150.1 140 136 135.8 130.7 121.1 118 108 97.5 91.6 69.9 91.7 102.7 110.1 116.8 122.6 128.6 134.3 137.8 140.4 142.6 144.4 145.8 146.6 147.3 146 146 148.7
48.6 56.4 64.2 70.3 75.7 81 86.6 90.6 99.4 100.2 113.6 121.9 130.7 137.7 145.9 151.7 163.1 171 174.2 174.8 178.8 177.8 178.2 178.5 179.5 182.6 184.4 185.5 184.6 182.2 182.2 181.1 180.6 181.9 183.6 185 188.6 189 190.3 191.7 192.9 192.5 193.2 193.2 191.3 188.1 182.9 178.5 172.9 164.2 149.6 144.1 141.8 140.5 135.6 126.2 117.2 108.7 104.1 96.3 78.8 77.5 93.7 99.6 103.7 110.2 117.2 125.6 135.1 140.7 142.3 144.8 147.7 148.7 147.6 147.4 148.9 151.9
55.9 60.3 65.9 71.8 78.7 83.1 90.2 98 105.7 112.5 117.8 129.6 139 146.5 152.7 157.8 162.6 166.2 171.9 175.9 178.9 181.1 181.9 183.5 185.3 187.1 187.8 189.1 190.8 188.2 189.2 187.5 187.1 187.9 189.9 189.9 192 192.4 193.3 193.8 194.3 194.9 195.4 196.1 194.3 189.1 181.8 174.2 170.2 159.3 153.7 150.9 146.5 142.9 137.6 131.4 122.6 113.9 110 98 96.3 83.1 74.9 88.6 94 101.4 108.4 116.4 123.9 130.2 137.6 141 145.7 148.3 148.1 149.7 151.2 152.8
56.6 63.5 69.2 75.6 82.1 87.3 94.2 103.7 112.3 117.1 125.4 134.9 140.2 147 153.1 157.8 162.2 169.5 175.1 179.5 183.1 185 188.2 192.1 195.9 196.5 194 194.3 195.4 194.4 195 195.8 194.2 194.1 195.7 194.5 195.2 195.7 196.3 197.5 198.6 198.8 197.4 194.9 194.1 189.5 184.6 180.8 175.5 167.2 161.2 155.9 150.3 144.4 136.8 130.1 124.3 118 109.4 94.5 104.9 99.8 90.8 79.5 77.7 90.6 101.8 110.3 117.8 125 131.1 137.2 142.2 144.3 143.3 146.2 149.5 153.2
62.9 65.6 73.3 81.6 87.6 94.6 102.1 108.9 114.6 122.9 125.4 133.6 141.1 147.1 153.4 163.5 171.2 178.8 184.3 189.3 192.5 195.2 200.7 204.8 209.7 209 204.5 199.8 200.2 200.1 201.7 201.2 200.4 200.1 200.5 199.4 199.4 200.9 202.2 202.3 202.7 200.9 198.8 195.7 193.1 192.9 189.5 185.7 179.4 172.7 164.9 159.6 152.8 146.2 137.9 131.2 125.1 117.6 108.4 102.3 107.6 109.9 102.6 95.2 86.5 79.4 95.5 105.7 113.5 120.3 127.5 132.7 137.4 137.4 136.2 135.3 134.7 136.9
68.2 72.3 79.7 81.5 92.4 100 105.5 114.3 120.4 127 133.3 137.1 144.8 154.2 161.9 170.3 177.9 186.4 192.9 197.5 202.8 206.6 210.8 214.6 218 219.4 217 213 209.8 208.5 208.2 208 207 205.6 205.5 206.2 208 208.5 208.8 209.5 207.6 204.5 201.9 199.7 199.2 199.4 197.1 192.9 183.8 174.8 169.5 163.1 153.8 146.6 138.6 132 125.4 115.5 104.4 106.1 108.9 111.5 111.5 104.1 90.4 78.3 79 97.9 107.7 114.6 118.9 127.2 133.5 134.4 125.4 122.7 137 139.1
71.4 75 80.9 88.9 93.6 105.9 113.1 120.1 126 129.8 137.8 143 150.7 160.9 170.5 180.7 184.7 194.6 200.4 205.4 211.1 215.9 220.8 224.5 229.2 231.7 231.6 230.3 226.6 222.9 222.3 219.8 216.7 218.6 219.8 219.4 219.9 220.4 220.2 220 218.7 215.7 212.1 208.9 207.4 206.6 204.2 199.1 190.8 183.4 173.4 166.5 156.6 146 135.9 126.2 120.8 109.6 107.6 110.1 112.4 111.7 111.2 105.3 95 93.9 90.4 80.7 93 101.5 111 118.1 122.8 119.8 116.9 132.3 137.6 138.9
72.3 79.3 83.8 91.5 102.4 110.1 119.1 125.5 133.6 137.6 143.3 153.2 165.9 179.2 188.6 194.7 196.8 203.2 209.5 214.7 219.2 224.1 229 233.5 237.4 240.8 241.3 241.4 242 241.7 241.5 237.6 237.3 235.4 235.2 235.7 237.2 238.4 240.3 241.7 240.4 240.7 240.2 236.4 226.7 217.1 213 207.5 200.3 192.2 182.7 170.4 158.7 147.7 136.3 125.3 119.6 115 112.5 113.9 115.4 114.4 110.2 106.4 104.9 106.3 102.4 97.2 92.8 87.2 98.5 108.2 111.2 116 123.7 134.1 135.7 137.6
80.6 90 95.3 96.7 106.5 116.1 120.1 127.7 136.9 146.5 154.1 166.5 178.5 187.9 195.2 200.4 207.4 214.8 222.5 227.2 232 235.6 239.1 243.6 246.7 249.1 251.8 252.5 254.2 253.5 253 252.5 252.5 254 252.6 253.5 253.9 254.4 256.5 256.9 255.7 254.6 248 240.5 233.3 228.4 219.2 209.4 206.9 197.8 187.2 175.6 164.8 151.7 139.7 130.3 124.3 124.7 117.6 121.1 120.2 118.3 113.3 109.7 110.4 109.4 108.2 102.2 101.6 87.9 88.2 96.6 111.9 121.4 126.8 130.6 133.9 137.5
81.5 95.8 103.7 104.1 110 121 129 133.3 141 148.7 157 168.2 183.8 194.9 203.2 214.3 225.9 238 248.6 258 262.9 265.2 262.7 261.4 262 263.9 265.7 266.7 268 268.7 267.1 268.8 271.9 271.3 269.7 267.2 265.7 262.3 259.1 256.9 249.9 243.8 241.4 239.4 236.9 233.5 226.8 220.1 211.9 202.7 192.3 182 173 161.1 149 141.7 136.6 130.4 122.2 124.9 124.3 123.1 120.3 116.5 114.8 113.7 111.2 101.1 103.4 102.2 96.2 90.9 95.9 114.6 122.6 126.5 130.5 134.7
96 100.5 104.8 111.4 119.5 126.1 133.8 139.7 148.6 159.2 167.1 180.3 193.2 207.4 219.8 231.9 245 257.2 265.6 271.7 277.7 284.4 286.5 284.4 285.9 284.9 282 278.9 277 275.8 274.7 274.4 273.7 271.7 268.3 264.8 260.4 256.3 253.7 251.7 249.4 246.5 245.6 244.6 242.4 239.1 234.5 229.7 221.4 209.9 202 189 179.7 169.8 157.6 148.5 137.7 134.4 128.7 129.5 130 130.1 128 124.5 121.8 118.1 107.3 105.4 109.4 105.5 104 100.7 96.3 101.6 121 124.4 126.8 129.1
100.1 110.5 111.1 118.3 126.8 132.2 142.3 148.1 158.4 168.8 180.7 194.5 206.4 219.7 232.5 244.4 254.2 262 268.5 273.3 276.9 281.6 285.3 287.4 289.8 290.5 287 283.8 280.3 278.5 276.4 274.6 272.8 269.8 265.6 261.2 258.7 257.2 256.2 254.8 253.1 251.3 250.7 249.2 247.5 244.3 239.4 232.4 225.4 213.6 207.3 192.1 181.7 172.2 160.4 157.5 148.9 145.1 139.3 139.1 138.3 137 134.6 130.8 127.3 120.9 108.8 112.2 117.2 116.5 109.1 105.7 102.2 94.3 109.1 122.6 126.8 117.6
108.4 117 121.2 117.6 135.2 144.7 151.7 157.1 169.7 183.6 195.1 206.5 217 230.2 243.5 256.4 262.4 267.6 271.4 275.7 279.5 282.8 286.2 288.9 290.8 291 288.8 285.4 281.7 279.3 276.7 274.6 272 268.2 265.2 262.5 259.5 257.4 255.8 253.4 253.6 253.4 253.9 253.5 251.9 249.5 241.1 232 225.5 218.8 210.7 197.8 188.4 178.1 169.1 164.2 157.3 151.5 147.2 146.4 146 144 140.5 135.6 131.6 120 112.2 121.4 124.4 121.6 115.1 115.7 109.9 106.1 97.5 95.1 101.5 117.4
111.2 121.8 126.7 132.3 142 151.4 157.9 166.4 181.6 194 206.1 218.1 234.9 250 265.2 271.6 272 274.6 277.4 280.8 284.6 287.9 289.6 290.8 291.8 292 290.8 289.2 283.9 280.9 277.8 275.7 273.2 270 266.9 263.6 259.8 255.5 252.1 250.7 250.5 252.5 252.9 254.2 253.8 251.1 244 237.1 230.1 223.7 216.8 205.9 197.5 186.8 176.2 170.4 165.1 159.8 155.6 152.3 151.2 149.6 146.4 142.4 138.4 120.8 123.1 129.3 132.4 128 121.3 118 120.3 116.8 109.4 100.1 98.8 101.4
115.9 127.7 135.8 141.9 144.9 162.3 168.4 179.1 195.3 209.3 224.9 245.5 260.1 273.8 279.1 278.4 280.2 282.1 284.1 285.7 288.4 290.1 291.5 292.4 292.7 292.8 292.1 289.6 285.4 281.9 279.3 276.6 273.7 270.9 268.2 264.5 259.2 249.1 245.2 243.1 243 245 247.5 249 250.6 251.8 246.9 241.7 237.5 230.4 223.5 215.3 207.7 202.2 190.3 180 176.4 170.7 164.6 159.2 156.9 154.1 151.8 148.9 144.6 131.8 129.4 132.4 135.7 137 129 120.3 120.6 114.7 99.9 117.5 111.4 113.7
121 130.5 140.6 150.3 155.2 167 171.9 184.3 198.3 219.5 239.1 260 275 281.5 283.9 283 284.4 286.3 288.2 289.2 290.4 291.7 293 293.4 293.8 293.6 292.3 289.9 285.6 281.4 278.2 275.7 270 262.8 256.9 249 239.8 234.2 234.1 233.1 235.6 238.5 241.8 244.2 245.4 246.1 246.8 244.8 240.4 236.3 230.7 226.5 219.9 214.4 207.7 198.4 186.7 180.7 173.8 167.4 163.4 159.5 156.2 153.2 148 140 136.9 136.4 137.2 137.6 130.7 121.3 119.9 106.8 110.2 125.9 128.7 127.3
130.8 140.5 152 159.6 168.8 173.4 184.3 187.6 201.6 213.3 235.6 262 272.4 277.8 281.2 284.3 285.7 286.7 289.5 291.1 292.4 293.4 294.3 295 295.4 295.4 294.1 290.9 286.2 281.1 277.3 273.3 265.6 256.9 246.9 234.7 231 228.9 227.2 227.9 230.7 233.2 235.9 238.4 240.9 242.1 243.7 243.9 242.4 239.5 236.3 232.6 228.2 222.1 216 208.3 199.8 189.8 182.4 175.4 169.8 165 160 156.6 149.8 147 142.9 132.9 133.5 134.7 126.6 126.9 120 105.9 117.3 126 130.7 132.6
146 159.3 168.4 177.5 182.1 186.9 190.8 199.5 202.7 210.5 225.3 244.3 258.5 269.4 276.1 279 281.5 283.8 286.5 288.3 289.1 288.1 286.4 287 288.2 289.1 287.3 283.6 280.5 278.1 275.3 272 266.4 260.1 248 238 232.1 230.5 230.9 229.8 223.3 226.3 228.9 231.7 234.7 237 239.2 241.4 242.5 240.1 238.3 237.2 233.6 228.6 221.6 213.7 206.4 195.6 188.5 181.9 175.3 170.3 164.4 157.9 152.8 150.5 143.6 133.6 130.8 130.6 128.6 125.2 117.4 105.5 119.8 125.6 127 129
162.7 174.8 184.3 193.5 195.7 195.9 201.8 206.8 213.6 222.1 233.4 242.5 251.2 263.1 269.6 274.6 278 279.9 281 281.5 281.4 278.3 276.1 274.2 272.8 271.7 270 269.8 270.4 270.5 269.9 268 264.8 262.3 256.1 248.6 239.3 237.2 235.3 232.8 228.7 219.5 222.3 225 229.1 231.1 233.4 236.7 238.9 238.5 237.1 236 235.6 231.1 225.4 217.9 210.2 201.7 193 186.6 181.5 175.3 167.6 159.9 150.2 145.1 140.6 137.6 132.8 128.9 127.8 120 109 112.5 118.7 121.2 122.1 126
176.3 188.8 200.8 203.5 204.7 206.1 212.8 216.1 222.6 228.4 237.5 248.3 258.8 269 273.7 276.5 278.8 280.2 280.4 279.9 277.8 273.9 272.9 271 269.4 268.1 266.7 266.5 265.8 265.1 265.6 265 263 261.6 258 252 247.5 241.8 237.3 233.4 230.2 225.5 212.7 219.8 223.5 225.3 228.1 231.6 233.6 235 235.3 234.8 233.6 232.5 225.9 216.7 210.1 204.2 198 191.9 186.4 180.4 173.1 164.6 154.9 150 142.1 137.7 134.3 134 130.4 125.9 110.3 117.9 119.1 121 125.3 132.4
186.3 199.1 209.8 214.2 220.1 217.8 221.2 227.6 231.7 238.8 246.4 256.9 266.6 272.2 276.7 279.4 282 284.1 285.1 283.7 282.3 276 270.4 268.3 266.1 265.2 264.2 264 262.1 258.7 259.9 261.3 262.7 260.8 259.2 257.1 254.7 249.5 243.1 233.9 227.5 222.8 211.9 214.8 220 224.1 226.2 227.4 228.6 229.3 228.9 229.1 228.7 227.1 227.4 223.4 211.5 205.1 202.1 197.9 188 180.6 170 162.2 153.3 146.7 142.6 138.7 136.3 138.2 136.7 130.2 111.8 120.5 127.6 130.4 137.2 139.3
194.6 208.8 219.8 227.8 233.7 238 241.5 246.5 252.3 255.2 260.8 264.1 270.3 273.8 278.3 280.8 283.1 284.9 284.8 283.3 280.2 275 270.1 266 262.9 260.1 257.6 256.4 254.7 255.4 254.7 255.5 257.9 259.6 259.4 258.1 257.8 256.3 244.7 236.5 231.3 219.3 209.8 207.9 214.5 219.8 222.6 224.9 227 228.4 227.6 227.3 226.5 223.6 221.4 219.4 217 206.5 200.8 194.5 188.2 181.9 177.8 169.9 160.3 152.8 146.4 142.2 139.3 138.3 137.4 130.4 112.9 123 130.8 135.3 140.8 147.3
200.2 216.2 229.6 238.5 247 251.8 255.3 259.2 262.1 264.7 267 269.6 272.7 275.5 278.2 280.5 283.2 284.7 283.4 280.2 275.8 271.2 266.9 265.3 261.8 258.8 256.9 255.7 256.7 256 252.4 249.4 253.2 255.8 257 257.1 255.9 251.2 245.8 243 237.5 229.4 217 205.5 205.9 211.6 215.8 219.9 223.8 226.5 228.1 227.8 225.9 223.5 221.3 218.6 214.2 210.7 205.3 198.3 190.7 183.2 176.7 170.4 163.5 156.4 152 147.1 141.9 135.8 133 127.1 113.1 125.6 132.1 137.1 143.9 151.1
204.5 224.7 238.2 248.9 254.6 258.9 262.2 265.5 267.5 268.6 269.2 269.8 270.9 272.7 273.3 276.3 277.9 278 278.1 278.2 273.3 266.4 264.7 263.2 260.9 259.2 258.1 258 257.7 257.5 256.2 252.6 246.8 247.3 250.7 252.4 252 251.4 249.5 244 241.2 234.3 224.9 210.8 198.3 201.1 206.3 212.4 216.6 220.7 224 225.3 223.7 222.8 221.5 218.6 214.3 208.5 202.7 196.5 190 183.1 176.8 171.3 164.5 157.4 151.4 146.8 138.1 129.9 126.6 117.8 119.3 124.9 131.2 136.9 143.1 151.1
208.6 224.4 244.1 252.5 257.2 262.2 265.6 267 266.5 266.5 265.9 265.6 266.5 267.2 267.5 267.8 266.6 266.7 268.6 266.9 266.5 266.1 264.9 261.9 262 262.4 263.9 265.4 266.5 267.3 265.8 262.4 254.8 247.5 243.3 245.9 246.1 245.5 244.6 240.4 236.7 232.2 227.7 218.5 206.2 191.5 198.6 203.7 209.6 213.4 215.6 216.3 217.4 217.6 217 213.9 208.5 201.3 194.4 188.5 181.8 175 170.1 165.3 159.8 155.5 148.3 139.8 130.5 124.3 117.1 126 125.7 119.7 129.5 137.7 145.1 154.6
209.9 223.2 240.5 251.2 256.3 259.3 261.9 261.9 261.6 260.7 260.9 261 261.4 261.4 261.4 260.7 260.1 260.4 260.5 259.7 262.1 263.8 265.4 263.2 263.2 264.7 266.9 270.8 273.8 276.5 278 273.3 262.3 251.8 245 242.2 240.1 240.1 239.6 237.3 235.4 230.8 225.9 219.9 211.9 197.8 191.1 196.8 201.6 205.4 208.4 210.2 211.3 211.1 209.1 205.6 200.1 195.4 186.5 181.3 174.6 169.4 166.1 161.5 153.3 147.8 139.6 130.8 121.4 121.6 127.7 129.1 128.4 124.1 130.6 139.2 147.8 158.6
209.2 220.7 230.4 241.4 248.4 250.4 251.8 252.3 252.9 253.4 254 254.3 255.6 255.9 254.9 254.3 253.6 253.7 253.9 254.2 255.8 256.8 258.4 261.3 264.5 268 270.1 272.5 276.1 278 276.9 270.9 259.6 252 246.2 244.7 242.8 240.7 237.7 233 228.1 227.4 224.6 218 213 204.4 193.9 188.2 195.4 199.1 202 204.1 205.1 204.6 201.8 199.4 196.2 190.7 181.6 177.7 171.3 161.8 158.3 155.9 149.9 143 131.4 124.9 131 131.4 132.9 132 129.7 128.2 135.3 141.9 150.4 161.6
204.3 213.1 220.5 228 233.4 237.7 239.7 241.3 242.2 243.7 243.6 245.8 247.8 249.2 246.8 245.2 245.5 248.3 248.8 247.7 249.8 251.3 253.9 257.8 260.3 264.9 271.4 278.8 276.6 276.2 275.9 271.6 260.8 251.7 246.7 244.4 242.5 240.5 238.6 237.6 232.7 225.7 220.7 217.8 214.2 207.6 197.8 183.7 188.4 193.2 195.4 197.2 197.6 198 197.8 196.6 193.2 187.4 176.4 172.4 166.8 159 150.5 147.5 144.6 136.3 124.8 135.4 137.9 137 140.1 137.3 134.1 131.9 140 147.1 154.4 162.9
190.2 200.1 208.1 215.3 220.6 223 225.2 227.5 229.5 229.4 227.6 234.6 239.8 242.6 240.3 238.9 238.4 238.5 239.4 241 245.1 247.2 250.2 252.5 255.7 258.8 262.9 269.7 273.5 275.7 277.8 273.9 265 254.6 247.9 244 240.5 237.8 237.5 236.9 233.2 227.1 219.7 213.3 211 206.8 198 185.4 175.8 183.9 188.3 191.2 193.1 194.7 194.8 194 191.2 183.7 171.2 165 157.8 148.7 139.6 131.7 128.1 128 138.4 139.9 141.6 145.2 145 144.5 143.6 138 145.7 152.8 158.1 163
