app/static/ascii/NX36.asc
ncols 200
nrows 200
xllcorner 230000
yllcorner 560000
cellsize 50
[rows 0 to 36 of 200, columns 0 to 83 of 200]
108 108.1 108.7 109.7 110.3 110.9 110.1 110.2 109.6 110.2 110.8 106.5 98.3 99.4 101.2 102.2 103.5 103.8 103.8 104.7 104.1 103.6 102.3 99.2 99.3 97.6 101.7 104.7 99.6 95.2 91.5 91.2 92.6 93.7 92.1 93.6 94.1 92.3 91.8 90 88.4 88.7 91.4 91.9 92.1 85.5 83.1 80.5 80.2 80.9 82 78.1 78.8 80 79.1 78.1 75.3 75.3 79 79.6 81 80.9 79.7 77.6 76.8 75.6 74.3 72.9 70.8 75.8 85 92.7 99 103.1 101.7 98.7 98 93.2 93.7 92.5 90.8 87.6 85.3 84.8
112.8 109.3 108.2 109.8 110.6 110.7 110.2 110.3 109.3 109.4 110 105.4 98.6 100.4 99.9 101.6 102.7 104 104 103.7 103.5 102.9 100.8 103.6 101.3 99.5 103.8 108.4 109.8 98.2 93.9 93.7 94.1 93.3 93 93.7 96.1 93.7 91 89.5 88.6 89.8 90.2 90.7 89.1 85.1 82.9 80.9 79.2 81.9 79 79.5 80.6 80.2 79.3 79.8 78 72 76.1 77.6 78.1 79.2 77.7 75.8 74.9 73.5 73.4 72.5 72 73 79.3 88.9 96 99.6 100.5 96.3 91.4 90.3 89.3 91.1 87.2 85.6 85.5 85.8
115.9 112.3 106.1 108.5 107.7 109 110.7 109 107.3 108.3 108.3 104 98.8 103 103.2 102 103.7 103.6 104.9 105.6 105.1 105.4 102.7 103.5 101.4 101.5 105.9 109.6 115.9 100.7 97.4 96.3 95.3 96 97 98.4 96.9 92.3 91.7 90.2 87.8 87.8 86.9 86 85.6 83.9 82.7 82 80.6 78.9 78.5 82.2 82.1 81.4 82.3 80.5 79.7 75 71.3 74.5 75.5 76.8 76.2 74.7 73 72.7 73.2 72.4 70.9 70 75.8 82.6 90.9 93.4 93.5 88.6 87.3 87.9 91.2 96.3 86.9 85.7 85.6 86
115.9 113.5 108.1 107.3 109.8 111.1 111.2 109.9 107.8 106.6 105.6 101.7 99.7 103.2 104.1 104.9 106 105.1 107.7 108.7 108.1 108.4 105.9 108.4 105.1 104.8 109 111.4 112.9 100.3 98 97.2 99.3 98.6 98 100 97.9 94.2 93.9 89.7 88.1 87.6 86.7 85.7 85.7 84.5 83.6 82.3 80.8 81.6 84 82.7 82.3 82.6 81.7 80.4 79.2 78.4 74 70.2 72.9 74.5 75 72.5 72.5 71.9 71.2 71.6 70.4 70.1 72.3 79.9 84.4 86.7 86.3 85.2 85.7 89.2 94.2 91.5 87.1 86.5 87.1 86.9
112.1 110.4 107.2 105.3 108.1 110.7 111.2 109.2 106.2 102.5 100 99.8 101 101.5 101.9 105.2 106.2 110.4 110.1 110.4 110.3 110.1 108.9 110.4 110.5 108 110.1 112.2 111.7 100.9 100.4 102.1 101.7 99.3 98.5 98.3 98.9 97.9 94.9 89.9 87.8 87.1 86.2 85.8 85.7 84.7 83.5 82.9 81.7 81.9 82.6 82.9 82.5 82.6 82.3 81.5 79.8 79 77.9 73.2 69.7 70.8 71.4 71.5 72.1 70.5 71 70.6 70.2 69.6 75 83.1 87 84 84 84.1 84.8 87.5 90.3 91.9 86.2 87 87.7 87
106.3 105.3 104.2 104.1 106.3 108.8 108.7 104 102.5 103.5 102.5 100.5 102.3 104.8 106.6 107.8 109.7 116.3 115.3 113.1 113.5 111 110.7 110.7 110 109 109.8 110.1 108.6 99.7 101.2 102.5 101.3 98.8 97.8 96 95.8 97.4 94.3 89.5 88 87 86.7 86.1 85.6 85.1 84.1 82.6 82.1 82.4 82.8 83 83 82.8 82 81.6 80.1 79.4 78.4 75.9 73 69.2 69.5 70 69.4 69.5 71.1 71 70.3 70.1 72 79.4 82.1 83.5 83.9 84.3 87.4 84.3 89.2 89.4 84.3 86.7 88.2 87.7
106.8 106 106.8 104.9 103 104.9 105.3 102.9 106.1 106.2 104.5 100.9 104.6 105.8 107 108.7 114.1 119.9 121 118.5 114.7 114.2 113.9 112.4 110.2 109.3 108.3 108.3 107.3 102.6 100.4 101.7 99.6 96.3 97.1 95.4 94.2 95 92.8 89.5 88.4 87.4 86.4 85.8 85.3 84.6 83.6 83 82.5 83 83.1 82.7 82.6 82.1 82.1 81.6 81.4 78.8 78.5 77.6 74.6 73.1 70.6 68.2 69.1 69 70.1 70.8 70.1 69.6 69.9 77.2 79.5 81.5 84.4 85.4 84.5 83.5 85.9 86.6 82.8 85 87.3 87.3
114.2 111.9 107 105.9 103.7 103.5 104.4 106.1 107.2 106.4 104.7 103 106.8 107.7 109.3 111 114.8 123.4 123.5 120 115.7 114.9 114.9 112.6 110.9 110.6 108.1 107.6 106.3 102.4 98.4 97.8 97.4 95.6 97.5 97.8 97.2 95.7 93.1 90.3 89.5 88.7 86.9 86.2 86 85.4 84.3 83.7 83.8 83.6 83.6 83.3 82.1 82 81.6 81.4 79.7 77.7 77.3 76.4 74.7 74.8 72.5 71.2 70.1 68.3 69.6 69.8 70.9 69.6 71.2 78.1 78.7 80.3 82.8 82 82.7 82.5 84 83.5 82.6 83.8 85.8 85
117.7 116 112.7 107.4 106.1 107.7 107.9 105.9 106.8 107 104.8 104.7 108.5 110.9 111.5 112.8 115.3 120.5 119.3 116 114.9 113.4 112.3 111 110.1 110.2 108.1 106.2 104 101.4 98.4 102.2 95.7 96.3 95.7 97.6 97.6 94.7 92.5 91.2 90 88.5 87.2 86.7 86.3 85.7 85 83.9 83.9 84 83.1 82.3 82.1 81.8 81.5 80.6 79.2 76.8 77.2 77.6 76 75.8 75.2 72.3 69.9 68.9 67.1 69.4 71.9 71.5 69.5 75.9 77.2 78.9 79.8 81 82 82.2 82.7 81.9 81.7 81.4 83.5 82.9
117.3 118.2 115.7 110.5 106.7 108.6 108.4 106.6 105.9 106.9 106 106.1 109.9 112.3 112.8 114 114.5 119.1 117.7 115.7 114.3 112.7 112 110.9 109.6 110.2 108.4 105.4 103 99.9 99.3 101.2 98.7 96.3 95.3 95.3 94.9 93.7 92.7 91.6 90.8 88.8 88.2 87 86.1 85.4 84.6 84 83.7 83.4 82.7 82.1 82.2 81.7 81.3 80.2 80.5 77.4 76.3 76.1 75.9 75 74 73.2 71.3 69.4 69.6 68.2 71.5 71.6 68.4 72.9 76 76.9 78.3 79.3 79.3 80.4 81.8 81 80.7 78.7 78.9 80.8
115.8 117.8 115.9 112 107.2 106.9 105.8 106.5 106.6 107 106.3 107.8 110.4 112.2 112.2 113.2 113.9 115.4 116 116.5 115.2 114 112.9 112.9 109.6 109.2 107.4 105.5 104.2 101.5 100.2 99.1 98.9 97.3 97 93.8 93 92.6 92.2 92 92.5 91.4 90.4 90.7 89.2 88 87.1 85.2 83.5 83.2 83 81.9 81.7 81.1 80.5 79.9 79.6 77.1 76 76.3 76.9 73.8 73.2 71.5 70.9 70.3 68.8 67.5 68.5 67.9 68.1 71.2 72.4 74.4 78.1 77 79.6 79.2 79.9 78.8 77.5 77.4 77.8 77.6
115.4 115.1 112.3 109.1 107.6 108.2 107.3 106.6 107.7 107.5 105.6 108.1 108.9 112.1 111.7 112.5 114.2 114.8 116.1 115.9 115.8 113.7 115.2 115.3 112.3 108.4 105 102.8 101.7 102 99.9 98.5 97.1 96.3 96.5 93.9 93.5 92.9 92.5 92.5 92.7 92 92.4 92.5 92 91.9 90.3 87.5 84.7 83.6 82.5 83.6 81.3 80.7 80.5 80.8 81 81 79.4 76.5 76.2 73.3 72.8 71.8 70.8 70.2 69.5 67.9 67.5 67.2 67.5 70.5 73.9 74.1 76 76 78.2 77.9 80.2 78.3 75.4 75.9 77.7 74.7
112.5 109.7 110.3 111.7 113.1 110.4 108.9 108.2 107.3 106.6 105.5 106.2 107.7 110.8 112.5 110.8 112.8 114.7 115 115.9 115 112.3 111.6 115.2 113.5 108.6 104 101.4 100.5 100.6 99 99 96.6 95.8 94.9 94.6 93.9 93.2 92.8 93.3 94.1 93.3 92.5 91.7 91.7 91.7 90 88.9 85.9 82.1 82.1 81.7 80.9 80.4 79.8 79.3 81.7 83.2 79.9 76.2 75.4 73.4 72 71.1 70 70.6 69.2 68.2 67.8 67.2 67.1 70.3 75.1 72.6 73.6 75.1 76.1 76.3 79.9 76.9 72.7 72.7 75.5 73.6
112.5 114.6 115.1 115 114.8 112.2 109.5 106.7 107.2 105.6 104.3 106 105.9 109.9 110.8 109.6 113 114.9 116.4 117.6 115.7 113.5 111.3 113.2 112.5 107.9 102.8 102.6 99.5 100.1 97.9 96.6 96.1 95.3 94.6 94.5 94.1 93.4 93.6 95.1 95.4 94.5 91.8 90.9 90.9 91.1 90.7 90.1 86.3 81.9 81.6 81 80.7 80.1 79.3 79 80.7 82.6 79.8 76.6 75.4 72.9 71.3 70.9 70 69.5 67.8 67.1 67.5 67.1 66.8 68 72.8 71.3 73.4 76.9 74.5 74.1 74.2 72.5 72.9 75.2 72.8 72
118.1 118 114.9 112.2 112.3 111.8 109.2 106.5 105.6 104.3 103.9 106.5 108.2 109.8 109.2 109.3 112.3 115.8 118 117.8 112.8 113.9 112 112 110.7 106.4 102.8 100.9 99.7 98 97.7 97.2 94.9 94.3 94.4 94.2 94.1 93.8 93.5 94.6 95.1 95.1 94.2 92.2 92.8 94.2 94.4 91.1 85.1 81.9 80.8 79.9 79.6 79.5 79 78.8 79.3 81.5 78.6 75.8 74.7 72.5 71.7 71.8 69.6 69.1 68.2 66.9 66.5 66.9 66.3 67 68.4 70.3 72.2 73.4 72.4 72.3 71.9 71.2 76.5 75.6 72.4 71.6
118.7 117.1 110.5 109.7 110.7 109.6 106.8 104.9 105 102.6 104.5 106.5 107.7 108.6 108 110.2 112.1 116.5 118.2 117 114 112.5 110.8 110.9 110.1 105.4 103.9 100.6 99.5 98.8 98.7 96.1 93.8 93.4 93.5 93.9 93.9 93.9 93.9 94 94.4 94.9 94.2 92.4 95.1 96.9 96 90.2 83.1 82.4 81.4 80.3 79.4 78.7 78.3 77.9 78.9 80 76.9 75.5 74.6 72.8 71.3 70.5 70.6 69.2 69.4 67.1 66.5 66.8 66.7 66.8 67.2 68.8 70.7 71.4 71.1 71.1 71.4 70.6 75.6 73.3 71.8 71.1
116 114.8 112.8 110.4 109 108.7 106.2 105.3 103.2 101.9 103.4 103.8 110.5 110.1 106.5 111.5 113.7 115.2 116.9 114.6 116.1 113.7 108.6 109 108.7 105.9 104.7 101.7 100.3 100 98.4 94 94.6 92.5 93.1 93.4 93.9 93.7 94.2 95.6 96.3 95.1 97.2 96.8 96.3 97.6 95.7 87.2 82.8 82.7 82.1 81.1 80.5 81.5 78.8 77.4 77.7 78.5 75.6 74.7 73.4 73.4 72.7 71.7 70.8 69.9 70.9 70 69.1 67.5 65.6 66.2 66.7 67.1 70 70.5 70.3 70.3 70.7 71 72.6 71.7 71.9 71.8
115 112.1 111.5 111.6 109.5 107.7 106.5 104.9 102.7 102.3 102.7 108.3 112.1 110.5 107.8 111.6 115.7 115.7 114.7 116.2 118.9 118.6 114.3 109.8 106.9 104.9 103.2 101.4 100.4 99.3 99.9 98.5 96.5 93.3 92.8 92.1 93.1 92.7 95.4 96.6 96.2 95.6 97.2 98.3 98.3 97.8 94.1 87.7 83 82.2 81.8 80.4 80.1 81 78.5 76.9 76.7 77 75.9 74.3 72.5 72 72.3 72.4 70.8 70.1 70.2 69.5 68.5 67.4 66.8 66.6 66.9 66.8 68.3 70.9 69.3 69.4 69.8 70.5 71.6 72.2 73.2 74.6
113.6 113.5 111.7 110.7 108.9 107.3 105.1 103.2 102.5 103.4 106.4 109 111.9 109.5 112.6 113 115.1 114.9 116.7 118.1 120.5 120.8 116 112 108.4 104.4 102.4 99.6 99.6 99.7 101.6 101.2 99.4 95.4 93.6 93.3 92.2 93.9 95.5 97 96.6 95.5 94.5 96.6 97.9 95.2 91.5 86 84.5 82.6 82.2 80.6 80 79.7 77.9 77.3 76.9 75.8 74.6 73.9 74 73.1 72 70.6 69.9 69.6 68.9 68.5 68.9 68.8 67.6 66.4 66.9 66.7 66.9 68.6 68.2 69.2 70 70.8 71.4 73.3 74.1 72.9
113.5 113 111.7 108.5 108.5 106.5 104.2 102.3 100.7 103.5 105.3 107.4 110.2 110.2 113.2 114.2 116.7 118.6 118.3 118.7 121 121.3 116.6 109.6 107.4 104.7 102.2 99.7 100.8 101.6 101.7 100.6 99.9 98.1 96.2 93.6 91.2 93.6 95.6 95.9 96.5 94.5 92.2 92.5 93.9 89.3 87.7 87.3 85.4 82.9 82.2 80.9 80.3 78.9 78 78 76.8 76.2 74.6 76.1 76 75.3 74.3 72.3 71.8 68.8 69.5 69.7 70 69.4 68.2 66.1 66.6 67.1 66.7 67 67.2 69.5 71.2 74 72.1 71.8 73.9 71.8
113.1 112.3 109.4 108.1 105.3 104.3 103.4 100.4 99.5 101.1 102.2 104.5 106.1 110.3 114.6 117.5 118.8 119.6 118.7 119.1 120.5 119.5 114.3 110.7 106.7 103.6 102.8 101.7 100.7 102.4 100.9 100.1 100 98.7 96.5 92.4 91.5 94 94.9 96.5 96.6 94.1 92 91.7 90.5 86.7 85.8 86.1 86.8 84.7 83.5 82.6 80.6 79.6 79.4 78.5 78.7 76.5 77.6 78.4 78.3 75.4 75.9 76.9 74.7 69.6 70.7 69.1 70 72 71.1 67.3 66.3 66.7 68.1 67.4 66.9 70.6 69.9 71.6 71.3 71 72.5 72.4
112.8 109.9 109.7 106.1 102.1 102.4 101.9 99.6 98.3 100.4 101.8 104.4 110 111.8 115.4 119.4 119.4 118.5 117.5 118 115.7 116.1 113.6 109.2 106.7 104.3 105.7 103.4 101.2 100.9 100 98.2 97.2 95.9 95.2 92.1 90.6 93.6 95.2 94.5 95.4 92.6 92.3 91.6 89.6 88.1 86.4 87.7 88.4 86.5 85.5 84.7 83.3 81.3 80.2 80.5 79.6 80 79.4 76.7 77.7 76.3 78.5 79.4 76.7 70.9 70.9 69.6 68.7 71.9 72.2 69.2 66 67.1 71.1 69.4 67.6 67.8 68.6 70.4 70.1 70.9 70.1 71.9
112.3 111.6 109.6 105.4 103 102.5 100.3 99.1 97.8 99.6 101.8 105.1 110.9 110.4 116.6 120.3 119.3 115.7 115.8 115.4 114.7 112.1 113 109.2 105.6 104.7 105.9 108.7 105.3 103.1 98.9 96.9 97.7 95.4 94.3 91.1 90.6 92.7 94.9 94.6 93.7 93.3 92.6 91.6 89.9 89.3 86.8 86.2 87.7 88.8 88.1 85.4 82.5 81.1 81.5 80.7 79.8 78.2 77.5 76.7 76.7 76.3 79.6 80.2 76.1 69.4 71.5 70.2 69.4 70.1 71.4 69.6 65.6 66.9 69.3 70.1 68.4 67.4 67.9 67.9 67.8 68.1 68.7 69.6
112.6 111.7 109.6 105.4 102.4 101.3 98.7 98.2 98.2 100.7 101.9 104.4 109.7 111.3 115.7 120 120 116.5 116.5 115.8 115.1 116.2 114.7 109.4 106.5 107.3 106 110 108.1 106.2 99.1 95.9 96.3 95.3 93.9 92.5 89.5 91.4 92.9 93 92.7 91.9 91.8 91.4 90.5 91.5 88.9 87.3 84.7 87.1 86.3 82.5 81.2 81.8 80.8 79.4 78.5 77 76.5 76.4 76.2 77 79.7 79.6 74.8 70.5 72.6 71.5 68.3 69.1 68.7 67.6 65.9 67.1 69.1 70.3 70.6 67.4 69.1 70 69.3 67.9 68.4 69.1
113.3 111.5 108.5 103.7 101 99.9 97.7 98.6 98.6 99.6 101.1 103.8 107.9 108.1 114.2 118.5 120.3 119.2 117 113.5 117.4 116.6 114.8 109.7 106.7 108.3 107.6 110.6 108.2 104.8 98.5 95.5 95.5 93.9 93.9 92.2 89.3 89.8 89.8 89.7 90.4 90.7 91.4 90.9 91.1 92.4 91.8 88.3 87.3 84.1 82.9 82.1 80.5 80.6 80 79.2 78.5 77.2 76.1 75.1 73.5 75.6 79 78.1 73.1 70.9 73.2 72.4 69.9 67.8 66.1 67.2 68.2 68.9 69.7 70.7 71.3 71.1 70.4 73 73.3 69.1 68.1 68.2
112.5 108 106.3 104.1 102 100 97.1 97.5 99.1 99.3 101.8 104.5 105.9 109.9 113.6 115.9 119.2 118.4 114.3 116.3 120.4 119.2 115.7 111.3 109.9 108.8 109.5 110.2 106.6 101.2 98.5 95.3 92.7 92.9 92.2 91.6 88.2 88.4 89 89.7 89.6 90.4 90 92.2 92.6 93.6 94.8 91.2 87.7 84 82.6 81.1 81.2 80.7 79.3 79.2 78.6 78.2 76.4 74.7 74 75.5 75.5 75.3 72.5 71.9 72 69.1 67 66.1 66.3 67.4 69.1 70.2 69.9 70.9 72.5 73.6 73.6 74.1 73.2 73.1 69.7 71.8
110.7 104.9 103.7 102 100.7 100.1 96.8 97.6 98.2 100.7 106.5 106.3 107.6 109.5 113.4 117 118.3 116.2 115.7 120.6 123 121.6 116.4 113.5 110.6 110.3 108.9 108.5 103.2 103.4 99.4 95.2 91.9 92.1 89.1 88.1 87.7 87.1 88.4 88.7 89.3 90.5 91.4 90.7 93.5 94.7 94.7 92.2 88.5 83.7 83.2 81.9 81.6 80.7 81.1 79.4 77.8 77.3 76.9 74.7 72.6 74.4 73.6 71.5 71.1 69.8 69.4 67.6 66.3 66.4 66.8 67.5 68.7 70 70.3 71.8 73.6 74 74.6 74.9 74.1 72.4 72.2 71.8
108.3 103.8 101.6 101.8 100.5 98.7 96.8 98.8 98.7 100.3 110.9 107 109.3 111.1 113 116.3 115.4 115.1 120.5 123.5 123.7 122.7 119 114.3 109.9 107.4 108.3 105.2 104.4 100.9 97 92.2 91.6 89.6 88.8 87.5 87.1 85.9 87.7 87.9 88.1 89.7 90.1 90.1 93.2 93.4 93.6 91.2 88.5 84.9 83.7 82 81.8 80.1 80.1 79.7 78.7 77.6 75.1 74.1 72.7 72.1 72.7 72.3 69.8 70.4 70.2 67 66 66.6 66.4 67.5 69.2 69.9 71.2 72.6 73.6 74.1 74.7 74.8 74.2 73.8 73.2 72.4
104.3 101.8 100.3 99.6 99.1 97.9 96.5 97.7 99.2 100.3 108.6 106.2 110 111.7 112.5 115.2 115.4 119.8 122.5 123.4 123.1 121.2 117.7 114.5 108.9 105.3 106.1 103.3 102.2 98.5 94.7 91.2 90.3 89.7 89.7 88.1 85.7 85.1 85.9 87.2 87 87.1 88.3 90 91.4 91.5 91.2 90.4 87.4 87 83.7 81.6 80.7 79.4 79.4 78.7 77.9 78.6 75.7 73.6 72.5 74.7 75.8 74.7 70.2 71.9 71.8 67.3 66.5 65.8 66.5 67.6 68.6 69.5 70 71.9 73.4 73.9 74.4 74.3 75.4 73.2 73.2 73.5
102.4 101 100.2 99.2 98.3 96.7 97.2 97.9 98.7 100.8 103.6 109.9 113.4 114.8 114.9 115.9 119.3 121.7 122.9 122.6 120.7 115.6 116.1 115.1 109.8 105.5 103.6 102.7 100.2 94 92.1 90.9 91.3 91.9 90.7 89.3 85.9 84.8 85.4 85.6 85.8 86.7 86.7 90.6 90.7 91.2 92.4 89.5 87.6 85.4 84.1 81.4 80.4 79.9 78.7 78.4 79.1 80 77.2 74.6 76.5 78.7 78.9 77.4 72 72.6 71.5 67.9 65.9 66.7 67.2 67.4 68.2 68.9 69.8 71.3 73 73.7 74.6 75.2 76.4 75.3 74.5 73.3
101.1 101.1 103.1 99.3 97.5 96.7 97.3 98.4 99.5 100.3 103.7 112.3 116.5 117 115.7 115.1 119.4 121.6 122.2 121.7 118.6 116.2 117.2 114.6 109.7 103.5 102.3 98.7 95.4 92 91.1 91.3 93.1 92.3 90.7 90.5 87.2 85.4 85.4 85.1 84.8 85.2 86.6 88.7 90.8 91.8 90.6 88.2 86.7 84.7 83.6 80.6 80.2 79 77.3 78.2 78.7 77.9 74.5 76.1 77.3 77.7 78.7 77.2 71.7 70.8 70.6 66.5 66.6 66.5 66.8 68.3 68.5 69.1 69.4 71.7 72.6 72.2 72.3 73.2 73.6 73.5 73.4 74.6
102.6 102.7 98.9 98.5 96.7 96.6 97.4 99.5 101 101.2 102.5 113.7 121.7 117.2 114.9 114.4 115.7 117.9 119.6 118.3 115.6 115.4 115.3 111.7 107.9 102.7 101.5 96.2 93.3 92.9 93.3 91.8 91.5 90.5 92 92.2 85.8 85.3 84.4 84.6 83.8 85.2 87.9 87 89.2 89.6 89.1 86.9 85 82.8 81.4 79.7 79 77.9 76.5 75.2 75.2 75.1 74.6 76.8 74.7 75.8 77.2 75.3 68.9 73.5 73.9 70.7 66.5 66.4 66.4 66.5 67.6 68.4 68.9 71.4 71.9 71.7 72.6 72.2 73 73.5 73.9 75.5
99.2 101.7 99.2 98.3 96 97 97.1 99 100.3 102.5 104.5 110.4 117.6 116.8 114.7 115.8 115.7 116.4 115.5 114.9 113.9 113.7 112.3 109 105.3 102.1 97.6 94.4 93.2 94.4 94.3 92.7 93.3 99.6 98.8 93.9 86.4 83.8 83.5 83.7 83.3 84.1 88.1 86.5 86.3 88.5 87.3 86.6 83.4 82.4 81.2 80.1 79.6 78.3 76.2 75.9 76.2 75.3 74.7 75.5 77.7 77.4 76.1 74.1 71 75 75.3 72.4 69.2 65.4 66.4 66.7 66.8 68.6 69 70.2 70.2 71.1 71.4 71.7 72.4 73.2 73.7 74.1
100.3 97.8 97.9 97.6 95.8 97.8 97.9 99 101.4 106.3 108.5 110.8 115.3 115.5 115 114.8 114.9 114.6 115.1 113.4 109.6 110 110.3 105.5 102.6 98.6 94.6 93.4 94.6 93.8 93.5 92.7 95.9 105 101.7 94.3 86.7 85.1 84.7 84.2 84.3 83.7 85.5 83.9 84.1 85.6 85.5 82.6 82.6 82 81.7 80.1 79.6 77.8 77.5 75.4 76.4 74.8 74.3 75.3 76.9 78.3 75.8 72.7 71.2 75.1 74.9 70.7 69.4 67.3 66.1 66.9 67.3 68.5 69.5 70.5 70.9 71.3 71.5 71.6 71.9 73 74.3 74.5
98.4 98.7 97.8 96.7 95.7 97.4 97.7 97.5 102.3 105.6 109.9 111.5 111.8 113.2 113.2 112.4 111.8 111.3 112.8 110.8 107.1 106.9 107.1 103.4 98.8 94.8 93.6 93.4 95.3 95.4 93.8 93.4 99.5 108.9 101.3 93.1 88.5 86.9 85.7 85.4 85 85.5 81.1 80.5 82.1 82.1 82.5 82.2 82.3 82.3 81.8 81.8 79.7 77.1 76.7 76.3 76.2 73.3 72.3 72.5 73.2 76.6 75.8 71.9 71.4 73 72.5 69.6 68.1 67.2 64.6 66 67.7 68.6 69.3 70.4 70.6 70.9 71.1 71.7 73.1 74.3 75.3 75.7
99.4 98.6 98.2 95.6 96 96.8 97.6 98.4 100.8 104.2 107.7 109.9 110.9 111 111.3 109.9 109.7 110.4 107.9 107.4 106.5 104.1 102.3 97.9 94.5 93.1 93.2 93.5 94.6 94.5 94.1 95 100.6 106.8 98.4 89.7 88.4 87.2 86.6 86.1 85.7 85.9 81.8 82.6 79.3 79.9 81.1 82.5 82.9 83.2 82.8 81.8 79 77.1 76.2 75.1 72.8 72.1 73.6 73.5 70.9 74.2 74.9 70.8 70 68.8 67.3 64.9 64.6 65.7 65.4 66 67.2 68.8 69.6 70.5 70.8 70.7 71.8 72.9 73.9 75 76 77.2
101 99.1 97.2 96.1 95.9 96.8 97.9 99.2 100.2 102 105.6 111.2 111.7 109.4 109 107.1 107.9 106.1 106.6 106.9 103.9 100.7 98 94.5 93 92.3 92.7 92.9 93.2 92.5 95.2 97.3 101.1 102.6 91.4 90.2 89.2 87.9 87.6 86.9 86.1 85.4 79.9 78.8 79.1 80.9 82 83.4 83.3 82.7 82.3 80.4 78.7 77.3 75.6 74.3 73 72.4 73.1 71.5 71.2 70.9 71.8 68.8 67.5 64.9 65.8 65.6 66 66.3 66.3 66.7 67 67.4 68.8 69.4 69.7 71.1 72.2 72.5 74.6 75.7 77 78.3
