app/static/ascii/NX39.asc
ncols 200
nrows 200
xllcorner 230000
yllcorner 590000
cellsize 50
[rows 105 to 139 of 200, columns 78 to 155 of 200]
318.3 323 328.9 333 336.5 336.9 336.7 335 330.1 323.8 319.3 314.8 310.3 307.2 303.9 300.7 299.4 298.6 296.3 295.2 294 293.6 292 289.3 287.1 283.2 280.1 274.4 270.5 265.6 256.5 248.3 273 288.3 297.4 308.9 321.1 334.4 342.9 353.9 362.9 372.9 375.7 373.4 370.2 365.4 358.8 351.7 345.2 330.1 342.3 348.8 353.6 359.4 366.9 372.9 377.2 381.2 384.9 386.9 388.7 388.9 388.7 387.1 385.9 383.6 379.9 378 376.5 381.8 385.9 390.9 393.2 396.2 398.9 401.5 403.3 405.9
318.5 330.7 335.9 335.7 336.9 337.7 337.4 335 328.7 322.9 318.1 315 312.8 310 307.3 305.5 304.1 303.3 301.5 302.1 301.2 300.3 299.4 301.5 299.3 295.7 292.8 289.4 286.9 283.4 275.4 260 281.9 294.5 304.9 317.2 329.9 338 349.1 360 372.8 384.2 382.1 378.7 374.7 370.4 365 359.9 354.3 341.2 343.2 353.7 357.3 362.2 366.8 371.4 375.8 380 384.6 386.8 389 389.9 389.7 389.7 388.2 385.9 382.3 380.7 378.6 383.8 389.1 393.7 396 398.2 400 403 406.5 408.6
313.6 322.9 330.5 334 337.9 338.7 337 334.4 328 322.8 319.8 317.3 315.1 314 312 310 309.1 308.7 307.5 308.9 310 309.2 308.7 308.3 310.8 308.8 306.5 305.6 303.3 299.4 292.6 279.8 289.1 302.3 313 322.9 333.1 341.2 352.3 363.5 376.9 387.3 387.5 381.4 378.3 374.3 370.1 366.2 360.1 350 342.6 355.3 359.9 365.9 370.3 372.8 375.9 380.1 383.9 386.7 389.2 390 390.8 390.9 390 388.6 385.1 383.2 380.5 386.6 390.8 395.1 397.4 399.3 400.8 404.1 408.6 410.9
307.4 315.4 322 330.8 336.7 339.1 338.3 334.7 329.7 325.1 322.3 319.6 317.5 316.6 315.5 314.5 315 314.6 314.9 315.8 318.8 318.9 319.7 321.1 322.1 320.9 324.7 323.7 319.1 313.4 305.3 295.4 295.9 309 320.8 329 336.7 345.8 355.7 365 376.7 389 388.1 384 381.8 378.1 375.1 371.9 366.8 359 343.1 359 363.4 366.4 369.9 373 375.5 379.2 382.8 385.9 388.8 389.8 391.1 391.8 392 390.4 387.8 385.6 382.9 388.6 391.5 394.8 397.8 400.2 403.5 406.5 409.3 411.4
300.4 311.3 317.9 326.8 336.3 339.2 338.6 334.6 331.1 327.6 324.7 322 320.6 320.3 319.9 319.5 320.6 321 321 324.3 326.7 327.8 332.2 334.7 338.1 338.1 338.9 335.2 332.9 325.6 317.9 309.5 310.8 315.9 326.2 334.7 343 351.6 358.8 367.3 375.1 386.8 386.8 384 384.8 381.9 379.5 376.6 373.2 366.6 355.5 354.3 361.1 363.6 368.4 373.4 376.1 379.4 382.1 384.8 388.2 389.5 391.9 393.1 393.7 392.7 390.6 388.1 385.6 389.6 394.4 395.2 397.8 401.1 405.1 408.3 410.1 411.9
296.3 307.5 317.4 323 331.6 336 336.4 334.1 330.7 328.3 326.9 325.1 323.7 324.4 324.6 324.5 326.1 327.9 329.4 333.1 335.3 338.8 344.9 348.8 352.7 356.3 354.2 349 343.9 337.3 330.8 322.7 325.2 323.6 332.1 338.2 348 355.3 362.8 368.7 374.9 384 387.9 387 387.4 385 381.7 379 376.2 372.7 365.9 353 362.8 367.4 371.4 375 378.1 380.3 382 384.8 388.2 390.5 391.3 393.9 395.6 395.4 393.5 391.1 388.1 388.9 391.8 395.5 398.2 402.1 406.9 409.1 411 413.8
293.5 303.4 314 321.2 329 330.6 331 330.6 329.8 329 328.6 327.6 326.7 328.3 329.3 330.2 332.1 336.1 338.5 342.3 345.6 351.1 358.2 364.3 368.6 372.7 366.7 360.3 353.2 347.5 342.5 335.9 335.6 338.4 339.3 345.9 352.1 358.2 364.7 370.4 376.9 385.3 389.2 389.4 388 386.2 383.8 383.1 381.6 376.9 369.9 356.6 368.8 372.5 376.2 380.4 382.2 384.9 385.7 387.4 390.5 392.4 392.6 395.2 396.8 397 396.1 394.1 391.1 388.3 391.1 397.5 399 403.6 406.6 409.1 412.9 415.6
291.4 300.2 310.7 317.9 321.6 323 324.5 325.9 328.2 330.1 330.6 331.3 331.4 333.1 334.2 336.8 340.4 344.1 346.7 350.3 356 362.6 371.9 378.3 380.5 381.5 377.8 369.8 361.5 355.2 349.6 345.5 343.4 346.8 341.2 351.9 356.6 362.5 369.2 373.3 378.2 385.1 389.1 389.7 389.2 388 386.5 384.9 383.1 380.4 373.7 362.3 372.2 374.7 379.9 385.1 388.9 391.3 391.8 391.5 392.5 393.6 394.2 395.7 397.5 398.5 398.7 396.1 391.8 388.5 390.6 398 399.6 405.4 407.7 410.8 413.6 415.8
289.3 297.2 304.4 310.3 315.8 318.7 321 324.5 327.2 329.9 334 335.9 337.6 339.3 341.6 345 349.2 353.7 357.4 360.3 366.2 375.2 385.8 390.4 391.2 389.6 384.5 375 368.6 361.9 356.1 353 353.1 352.7 351.8 356.1 363.8 367.4 370.8 376.5 381 385.7 388.9 389.9 390 389 388 386.5 385.4 382.4 375.2 365.3 371.4 377.3 383.8 386.3 391.8 395 395 393.8 393.1 393.8 394.4 395.7 398.4 399.7 399.4 397.6 393.8 390.9 390.7 393.9 399.1 406.6 408.7 410.4 413.9 416.4
285.9 293.5 300.4 306.9 310.8 314.4 319.3 321.2 326.2 331 337.8 340 342.9 345.7 349.8 355.4 361.6 367 370.7 372.6 379.9 389.7 397.4 400.9 399.9 397.1 390.4 381.4 374.9 367.6 363.3 361.9 360.1 360.9 361.5 361.4 365.8 369 374.8 379.1 382.3 385.4 388.3 390.1 390.8 390 389.8 389.8 386.9 383.3 379.2 370.8 378.5 381.7 384 388.1 392.6 394.2 396.3 396 394.4 394.5 393.9 396.4 399.3 400.1 399.9 398.4 396.9 394.7 391.1 392.9 399 406.4 408.7 411.3 414.4 417.2
280.8 289.9 299 304.4 309.3 313.6 319.3 323.3 328.1 333.4 338.4 343.8 346.9 350.8 357.2 366.2 373.6 379.8 385.1 388.1 393.5 401.5 407.6 412.6 410.3 403.8 395.7 387.1 378.9 373.4 369.6 367.5 366.6 367.8 366.1 362.7 367.8 370.9 376.4 379.6 383.1 387.2 388.3 389.9 391 391.3 391.2 390.2 388.1 385.1 381.1 373.4 380.1 383.5 384.4 389.4 393 395.3 396.8 397.9 396.9 394.3 396.4 398.8 401.4 401.7 401.2 400.9 400 397.2 392.3 392.8 397.6 403.8 406.7 412 414.4 418.7
285.9 292.9 299.1 305 310.8 317.4 323 326.6 332.4 337.2 343.3 348.2 352.1 357.8 366.5 376.9 386 394.9 398.7 404.2 408.2 414.3 421.4 422.2 417.6 409.4 398.3 390 382.5 378.8 376.1 373.8 372.5 371.5 368.8 368.6 373 375.1 377.2 380.3 384.4 386.5 388.3 390.4 390.5 391.3 391 390 388.2 387.3 382.3 375.5 378.3 381.4 385.4 387.5 390.9 395.1 396.4 398.8 399.5 399.4 400.3 401.2 403.8 404.2 403.7 403.3 401.7 400 393 393 395 400.3 406.7 412.7 414.5 421.3
287.3 293 299.2 305.6 313.1 319.9 326.2 330.8 337.3 341.8 348.7 354.2 357.1 365.6 376.2 386.4 398.8 408.1 418 424.4 429.5 432.3 431.9 428.6 422.5 414.5 402.2 394.1 387.8 384 381.2 378.5 376.7 374.9 373 374.7 378.2 382.8 382.5 383.2 383.7 385.8 386.9 389.1 389.5 390.9 392 390.1 390.4 387.1 384.9 380.4 378.6 382.9 385.9 388.9 393.2 395.8 397.6 399.8 401.1 401.4 400.7 403 404.6 403.9 405 403.3 401.2 400.5 395 394.5 397.3 399.5 407.8 412.1 414.9 420.2
285 293.3 299.3 306.9 315.6 322.7 329.1 335.3 342 346.6 352.9 360.6 364.1 373.5 384.1 396.1 406.9 424.1 435.1 439.8 446.2 446.8 442.3 436.1 427.2 416.5 404.6 398.2 392.9 389.4 386 383.3 380.7 379.5 380.1 381.6 382.7 386.1 385.2 386.9 385.1 386.3 387.1 387.9 389.9 391.5 391.4 391.5 390.6 387.5 385.8 380.7 379.3 383.7 385.5 388.7 392.3 395.8 396.9 397.7 399.2 401.2 401.1 402.7 404.1 404.2 404.9 402.6 402 400.1 399 401.1 400.2 401.1 405 411.1 415.9 419.3
280.8 291 301.1 309.9 318.3 325.6 332.9 340.2 346.1 351.8 359.4 366 372.6 381.6 392.2 405.3 423.3 439.7 450.5 456.8 458.5 454.9 448.3 440 428.7 417.3 408 401.3 396.4 392.2 389.5 387 385.3 384.8 384.7 384.2 385.1 389.2 390.4 388.5 387.7 388.7 390.9 392.3 389.6 389.4 390.1 390.6 389.9 388.9 386.2 381 380.4 382.9 380.8 383.6 386.2 389.9 392.9 395.4 397.3 399.4 400.9 402.3 404 405 405.1 404.3 406.7 405.8 401.7 403 404.3 403.4 404.2 406.9 413.6 418.1
275.3 288.9 301 309.7 319.8 328.9 336 343.6 350.3 360.2 369.8 377.3 384.1 392.5 402.1 417.3 434.2 453.8 465.6 466.8 466.1 460.7 454.3 442.1 429 417.9 409.6 404.1 399.9 396.2 393.3 391.8 388.6 387.9 387 386.8 390.1 393.5 391.3 390.4 392.2 394.4 395.9 394.6 393.7 391.6 391.7 389.1 388.5 388.3 385.1 381.1 384.3 386.2 379.9 379.9 384.9 389.6 392.2 394.2 396.7 399.7 401.8 403 405.1 405.1 403.8 404.2 406.6 405 403.2 404 404.6 405.1 407.2 408 413 417.8
267.5 282.8 296.9 309.2 321 330.1 339.4 348.3 358.7 369.8 380.5 390.2 399.5 407.2 415.2 428.8 446.1 463.1 472.9 473.7 471.7 466.6 456.6 443.4 429.9 420.3 413.1 407.7 403.5 400.3 397.2 395.4 392.7 390.1 390 389.8 390.8 392.3 392.9 393 397 400.6 400.7 394 393.3 391.9 388.7 387 385.9 384.2 379.9 379.9 379.9 379.9 379.9 379.9 386.9 390.4 392.1 395.6 396.6 398.7 401 402 402.7 403 404.7 406 405.9 403.8 404 404.2 405 405.6 407.9 410.6 413.5 416.2
266.1 280 293.1 306.3 319 329.9 341.8 352.4 364.4 376.2 389.6 402.3 414.9 422.9 429.8 441.8 459.4 472.8 477.9 480.4 479.6 470.7 458.4 445.2 433 423.7 417.2 411.2 406.7 403.6 401.2 398.3 395.1 393.5 391.8 392.8 392.6 393.5 394.9 395 397.9 398.4 398.9 398.1 398.6 396.4 389.6 388.2 386.3 383.6 379.9 379.9 379.9 379.9 379.9 383.7 386.2 389.1 390.3 392.8 395.5 397.9 399.2 400.8 401.4 404.2 404.9 405.2 404.8 404.3 404.5 404.9 405.9 407.2 408.9 411.4 413.7 416.2
267 275.9 288.4 301.4 314.4 327.8 340.9 353.8 367.2 380.7 397.2 412.9 426.5 437.9 448.8 458.9 474.3 482.8 485.5 487.8 483.5 473.1 462.4 449.5 437.9 428.8 421.5 416.5 411.2 407.8 405 401.7 398.3 396.8 396.2 394.8 393.9 395.4 395.9 396.6 396.6 396.1 397 396.1 397.6 396.3 394.3 391.6 388.5 383.8 379.9 379.9 379.9 379.9 381.7 384.4 388.4 388.9 391.8 393.6 396.3 398.1 400.1 400.7 401.8 403.1 403.7 404.4 405.4 404.8 405 405.5 406.2 407.5 408.4 411.5 414.6 417.5
265.5 276.2 285.6 296.9 309.5 323.6 337.1 351.4 366.8 383.1 399.5 416.5 433 448.7 462.9 471.2 482.9 489.9 492.2 492.4 485.5 476.8 466.4 454.1 442.8 436.4 427.9 421.4 415.5 411.2 407.3 404.2 401.7 399.4 397.7 396 395.3 396.4 397.2 398 398.3 397.6 397.6 396.2 394.2 391.3 389.6 388.8 385.4 381.3 379.9 379.9 379.9 383.2 383.4 385.1 387.1 389.3 392.3 394.4 396.7 399 401 402.4 401.7 402.5 403.4 404.8 405.8 405.3 405.6 406.1 406.6 407.7 410 411.5 415.6 417.4
264.9 276.5 286.4 298 306.9 319.3 332.6 347.3 363.3 380 398.5 417.3 435.9 452 467.4 477.9 489.7 496.6 497.8 495.8 488.8 479.9 469.7 457.7 450.3 443.4 435.5 427.9 420.8 415.7 412 408.3 404.5 401.4 399.9 398.2 397.7 398.7 398.8 399.5 399.8 400.7 400.5 396.8 393.7 387.7 384.4 383 382.1 381.4 381 381.1 382 383.8 384.3 387 389.6 391.1 392.2 394 396.3 398 400.6 401.9 402.8 403.8 404.8 406.1 405.9 406 406.4 406.8 407.6 408.9 411.1 415.5 416.7 419.3
260 273.3 285.4 297.7 307.3 318 330.6 342.6 360.1 376.2 393.8 411.8 428.2 447 463.2 478 490.9 495.7 496.9 494.8 489.2 480.7 470.5 463.1 455.9 449.7 442.8 435.5 427.5 420.6 417.1 412.7 407.5 405.4 404.2 402.2 400.5 401.5 399.8 400.3 402.1 400.2 397.7 392.4 387.5 383.9 382.7 382.2 382.4 382.2 382.1 383.7 386.2 385.2 387 389.1 390.6 390.8 393.1 393.6 395.9 398.5 400.6 402.7 403.4 404.6 406.1 407.7 406.9 406.9 408.2 407.9 409 410.7 415 416.6 417.8 421.9
254.8 268.6 282.2 295.2 306.4 317.8 329.1 341 355.2 372.3 388.4 406.4 422.9 437.7 454.4 469.9 483.1 490.8 493.7 491.5 485.4 479.5 473.2 467.1 462 455.8 449.5 442 435.1 428.5 422.7 418.4 414 410.2 406.6 404.5 403.1 403 400.7 400.4 400.8 399.1 395.4 389.5 385.5 383.2 383.3 383.1 382.9 383.4 384 385.4 386.6 387 390.3 389.9 389.9 390.2 393 395.6 398.8 401.4 403.3 404.3 405.2 405.6 406.7 408.7 408.5 408.1 409.2 409.1 411.1 414.5 419.3 423.4 425 424.7
251.6 261.1 277.9 291.8 305.3 316.6 328.4 340.5 353.6 366.4 383.3 398.4 411.6 427.7 441.9 457 471.6 481.4 487.5 485.7 483.3 479.2 474.5 471.4 468.6 461.8 455 448.1 442.2 435.5 429.8 424.6 419.4 414.7 411 407.3 405.9 404.2 402.4 400.6 397.8 396.4 392.4 390.2 387.6 387.5 385.8 384.3 385.2 386.3 387.8 389.2 389.5 388.8 390.3 391.7 392.6 392.6 394.8 398.3 403.1 403.5 404.6 406.3 407.8 407.9 409.6 411.9 411.3 411.2 412.7 412.6 415.5 419.5 425.7 431.5 431.7 429.8
248.1 257.9 270.4 285.4 300.9 316.5 328.6 342.5 355.1 365.9 377.1 391.8 405 419.4 429.7 443.5 456.7 470.1 476.3 476.6 477.6 475.5 474.7 474 471.9 468.2 462.5 454.5 448 442.4 436.2 431.4 425 419.2 413.3 409 409.1 407.4 403.4 400.4 399.1 396.8 395.3 393.2 391.3 388.7 387.3 387.4 387.1 391.3 393.1 392.5 391.9 392.7 393.7 394.5 395.2 396.5 398.6 400.4 404.1 405.7 407 409 412.5 414.6 413.6 416.1 417.8 418.5 422.6 419.2 423.2 429.5 433.3 434.9 433.9 429.5
246.4 256.1 267.4 279.6 292.5 310.1 323.4 339 352.6 363.7 376.9 388.2 399.1 413.2 422.5 431.6 443.4 457.9 463.3 468.3 471 472.5 473.6 473.8 472.5 470 467 460.3 453.6 447 442.6 437.3 429.5 421.5 417.9 416.1 413.4 408.2 403.3 400.8 399.6 398.2 398.1 395.9 393 390.3 389.8 391.7 394.4 397.1 395.5 396.9 396.7 397.6 398.5 399.1 400.1 400.8 402.8 403 405.3 408.2 412.3 415.1 421 424.3 420.3 422.7 426.4 427.9 427.4 433.2 439 439.2 440.2 439.5 435.1 429
240.7 248.2 260.1 275.5 291.9 307.3 326 341.7 357.3 370.2 381.3 388.2 398.5 407.7 417 424.4 436.3 445.7 452.4 461.2 465 468.8 468.7 467.7 469.8 469.1 467.6 463.8 458.4 451.5 446.9 441.5 433.7 430.3 425.2 420.7 416 410.9 405.5 402.1 400.8 400.4 399.2 396.1 394.3 395.6 393.6 393.6 395.7 398 399.5 401.8 402 401.8 403.1 404 404.1 404.7 405.1 406.8 407.5 410.9 414.9 422 428.1 432.6 429.9 431.1 434.6 438.2 445.1 448 449.3 445.7 443.1 439.2 434.2 427.5
245.9 244.8 260.6 273.9 291.1 302.7 323.3 345.1 362.8 374.5 386.3 393.4 398.8 407.6 414.6 421 428.2 435.7 445.5 454.2 459.6 459.9 460.3 461.8 464.3 465.9 464.3 464.8 460.9 456.3 450.3 443.2 440.8 437.2 430.4 424.2 417.8 413.3 406.7 404.3 402.3 400.9 400 398.5 396.8 397.7 396.4 396.6 401.7 402.1 405 406.6 407.4 406.3 407.2 407.9 407.6 407.4 409.3 411.9 411.2 414.6 418.2 425.5 434.8 438.2 437.4 438.7 442.1 450.6 453.6 452.2 449.4 445.8 441.2 436.1 430.9 423.2
255.2 249.1 253.6 270.3 286.7 302.2 321.3 345 364.4 381.3 392.9 402.3 407.9 410.7 414.6 419.7 423.2 432.5 438.9 449 452.8 452.5 453.1 454.1 454.4 455.4 457.8 458.6 457.2 454.2 451.7 446.7 446 441.6 432.5 426.4 421.7 417.1 412.5 409 405.9 402.9 401.5 400.3 398.3 400.6 400.1 403.5 405.9 409.1 411.4 412.6 412.4 412.2 411.2 411.3 411.8 411.8 413.4 414.6 415.5 418.5 422.4 431.5 438.9 439.4 441.6 444.8 451.5 452.1 450.5 449 446.1 442.2 436.7 432.1 426.5 419
265.3 256.3 253.1 261.9 280.7 301.5 320.8 343 363.8 382.2 398.1 410.8 414.4 417.5 419.8 421.3 424.3 427.6 435.8 447.1 448.2 448.4 448.5 447.4 447.2 447.2 447.7 449.6 449.6 448 446.3 448.5 452.5 445.3 438.9 432.3 426.6 420.3 415.2 410.2 407 403.3 402.3 401.3 400.8 401.6 402.2 409 411.2 414 414.7 416.1 417.7 418.4 416.9 418 418.1 417.8 418.7 420.9 420.7 424.8 427.9 434.1 437.4 440.3 444.6 448.2 449.7 449 447.9 445.2 441.2 437 431.8 427 421 413.7
277.8 267.6 261.9 259.1 279.8 295.8 314.9 340.7 358.6 379.4 401.1 417.8 427.1 426.9 425 423.5 425.4 428.1 437.8 446.2 445.1 442.5 440.4 439 438.1 437.1 436.8 438.7 440.9 440.6 440.9 446.5 446.2 443 440 435.4 428 422.6 416.7 411.2 406.6 403.4 401.7 402.4 401.9 403.2 405.4 413.9 417.6 418.4 422.7 425.8 427.1 426.3 424.9 423.4 424.3 425.5 426.9 426.3 424.9 429.8 433.6 435.3 440.8 445 450.4 450.2 446.6 445.1 442.5 439.1 434.7 430.2 425.9 420.8 413.4 409.4
299.3 285.4 273.8 267.2 272.1 292.7 311 337.3 358.2 378.4 404.3 423.3 433.2 435.9 431.3 427.8 429.9 428.9 435.8 442 440.5 437.3 433.8 430.7 429.4 427.8 426.7 428.2 430.5 432.9 434.3 435.9 437.9 439.1 436.9 432.1 426.1 421.9 417 411.3 406.5 403.5 401.5 400.6 402.4 404 409.4 417.6 426.9 433.5 434.3 436.7 436.7 433.4 433.4 432.5 430.3 432.1 432.1 434 431.9 438.1 438.8 443.6 447.1 446 449.1 447 443.5 439.6 436.1 432.2 426.7 422.1 417.8 413.5 408 406
318.3 300.8 286.8 282.6 274.8 287.7 305.9 328.1 354.6 381.3 401.2 417.4 432.2 442.8 440 433.6 433.4 433.2 436.4 437.6 435.7 431.2 427 424.1 421 419.3 418 418.2 420.5 422.6 424.4 426.6 428.9 432.5 428.9 424.7 422.1 419.4 414.4 409.6 405 402.1 399.9 400.1 401.8 404.6 410.4 423.1 437.4 449.3 454.6 452.5 447.6 444.1 442.5 441.5 439.8 437.2 437.7 440.2 444.5 447.1 445.6 448.2 448.5 447.4 445.8 443.3 439 433.6 430.7 425.4 419 413.6 409.2 407.5 401.7 410.8
338.4 319 307.6 297.2 289.2 287.6 301.9 323.3 349.1 374.2 394.5 411.8 436.5 440.9 443.2 439.1 437.2 438.1 435.5 433 430.4 425.4 420 415.1 412.4 409.6 408.9 408.8 410.4 412.7 414.6 416.3 419 423.1 422.8 419.8 417.2 414.1 410.5 405.2 401.2 398.5 398 399.6 401 405.8 411.7 427.2 444.8 458.2 462.9 462 461 461.3 456.2 450.8 446.2 443.2 447.4 449 450.7 450.7 448.6 449.3 447.2 444.7 441.7 439.1 434 428.2 423.9 416.9 412.6 406.2 403.1 401.2 399.7 407.4
360.4 342 322.3 316 303.2 297.1 299.5 315.1 339 363.9 387.1 403.2 426 436.6 439 440.3 438.8 436.6 434.1 429.5 424.9 419.2 413.1 407.7 404.3 400.3 399.7 400.4 401.6 402.5 404.2 406.5 409.7 413.7 415 414.5 412 408.8 405.3 401 396.9 395 395.7 397.1 399.1 405.2 413.6 427.8 443.5 462.5 471.5 475.6 476.2 474.7 466.2 459.5 457.9 455.3 453.7 451.8 451 451.5 450.3 447 443.5 440.5 436.6 431.8 427.3 422.7 416.6 409.8 404.6 402.7 399.8 395.2 402.5 409.5
