app/static/ascii/NX45.asc
ncols 200
nrows 200
xllcorner 240000
yllcorner 550000
cellsize 50
[rows 41 to 81 of 200, columns 92 to 183 of 200]
6.6 6.4 5.4 4.2 4.2 4.2 4 3.6 3.7 -3 4 4.1 4.1 4 3.8 3.7 3.6 3.4 3.3 3.5 3.3 3.3 3.5 3.6 3.8 4 4.2 4.3 4.3 4.4 4.4 4.2 3.7 3.4 2.5 1.6 0.6 -0.3 -1.2 -1.7 -2.1 -2.5 -3 -3 -3 -3 -3 -3 -3 -0.7 2.3 7.2 8.4 8.1 8 8 7.9 8 8.5 10.4 23.1 33.5 50.6 65.4 80.5 94.1 104.8 115.2 123 128 135.9 143.2 148.9 154.4 162.5 166.4 164.5 163.1 166.5 165.2 169 173.2 181.4 192 193.9 195.6 202.5 211.7 221.7 232 245.6 255.4
6.7 5.5 4.2 4.1 4.1 4.1 3.9 3.9 -3 3.4 3.6 3.8 3.9 4 3.9 3.7 3.5 3.4 3.5 4 3.8 3.3 3.8 3.8 3.9 4 4.2 4.3 4.4 4.5 4.3 4 3.4 2.5 1.7 0.8 0.2 -0.2 -0.6 -1 -1.5 -1.9 -2.3 -3 -3 -3 -3 -3 -3 -3 1.4 8 8.8 8.5 8.1 8 8 8.2 9.8 11.3 20.7 33.6 50.2 66.9 83.6 97.6 108.7 118.1 125.5 131.9 139.5 146.9 152.7 160.3 167.4 172.8 172.2 172 175.2 172.6 174.4 176.9 189.8 198.3 198.7 202.3 209.1 214.8 226 234.4 252.5 268.9
4.4 4 3.9 4.1 3.6 3.5 4.3 -3 -3 4 3.9 3.8 3.9 4 3.7 3.6 3.4 3.3 3.6 3.7 3.6 3.5 3.9 4.1 4 4.1 4.3 4.4 4.5 4.3 4.1 3.6 2.8 2.2 1.7 1.3 0.9 0.5 0 -0.4 -0.8 -1.3 -1.7 -2.2 -2.6 -3 -3 -3 -3 -3 0.8 4.8 9.1 8.9 8.5 8.1 8.1 8.6 10.3 11.6 17.7 33.1 50.9 69.5 86.7 101.8 113.5 123.1 128.3 135.4 143.2 150.4 158.2 162.7 167.8 173.9 176.2 176.9 180.8 180.8 179.5 182.2 199 205.1 208.4 215.8 221.5 226.5 235.9 246.9 263 281.5
3.7 4 4.2 4.2 3.6 -3 -3 4.2 3.5 3.7 4.1 4 4 3.8 3.4 3.3 3.3 3.6 3.6 3.5 3.4 3.6 4 4.3 4.3 4.3 4.3 4.4 4.2 3.9 3.8 3.2 2.9 2.5 2.1 1.7 1.3 0.8 0.4 -0.1 -0.5 -1 -1.4 -1.9 -2.3 -3 -3 -3 -3 -3 -3 3.3 9.2 8.5 8.4 8.8 8.1 9 10.5 10.3 17.8 33.3 51.9 72.6 88.8 104.3 118.4 127.3 132.9 140 147.7 153.6 161.7 167.7 170.4 172.6 174.4 181.2 186.7 188.8 189.9 194.8 208.3 215.1 219.6 227.2 234.7 237.1 244.8 253.6 271.1 284.5
-3 4.4 4.3 4.2 -3 -3 4.3 3.9 3.5 3.5 3.5 3.7 4 3.6 3.3 3.7 3.6 4 4 3.7 3.3 3.6 4.1 4.3 4.2 4.1 4.2 4.2 3.9 3.4 3.2 3 2.7 2.3 1.9 1.6 1.2 0.8 0.5 0.1 -0.3 -0.7 -1.1 -1.6 -2 -2.5 -3 -3 -3 -3 -3 2.7 7.9 8.3 8.1 8.1 8.6 9 10.4 10.2 20.2 34.5 54.3 76 90.7 105.8 120.5 130 135.9 144.4 152 156.9 162.6 168.3 172.4 175.4 180.9 189.9 199.4 205.1 208.1 212.5 219.3 226.7 229.8 231.7 237.7 246.4 246.8 253.9 272.6 282.6
4.3 -3 4.2 -3 -3 4 4.1 3.9 3.4 3.4 3.4 3.4 3.5 3.3 3.3 3.6 4.3 3.7 4 3.7 3.4 3.5 3.7 3.9 4.1 3.6 3.3 3.3 3.2 3.1 2.9 2.6 2.4 2.2 1.9 1.7 1.3 0.9 0.5 0.1 -0.3 -0.7 -1.1 -1.5 -1.9 -2.2 -2.7 -3 -3 -3 -3 2 7.9 8.3 8.1 8.1 9.4 9.9 10.3 10.4 19.4 36.4 60.4 79.2 94.5 108.5 123.5 134.5 141.4 146.7 153.5 159 164.2 168.3 172.5 180.3 190.7 204.6 215.3 220.2 224.5 226 228.1 232.9 236.5 237.8 240.5 246.2 251.4 248.9 271.9 283.7
-3 4.2 -3 -3 4.3 4.2 4 3.7 3.4 3.4 3.3 3.3 3.3 3.3 3.3 3.5 4 3.6 3.9 3.6 3.3 3.3 3.3 3.3 3.2 3.2 3.1 3.1 3 2.9 2.7 2.4 2.1 1.9 1.6 1.4 1.2 0.9 0.7 0.3 -0.1 -0.5 -0.9 -1.3 -1.7 -2.1 -2.5 -3 -3 -3 -3 -3 7.3 9.4 9.1 9 10 10.9 10.4 12.7 16.4 39.8 65.6 83.7 97.8 111.2 125.5 140.3 145.4 149.9 157 163.2 167.7 173.2 180.4 191.2 206.2 227.2 231.2 233.7 237.8 240.2 237 236.6 238.5 238.7 240.3 247.6 251.9 254.7 269.7 284.8
-3 -3 -3 4.3 4.3 4.2 3.9 3.6 3.3 3.3 3.3 3.3 3.3 3.3 3.3 3.3 3.6 3.7 3.9 3.6 3.4 3.3 3.1 2.9 2.8 2.9 2.9 2.8 2.7 2.7 2.5 2.2 1.9 1.7 1.4 1.2 0.9 0.6 0.4 0.1 -0.1 -0.4 -0.8 -1.2 -1.6 -1.9 -2.4 -2.8 -3 -3 -3 -3 2.9 8 9.7 10.1 10 10.7 10.5 12.8 25.4 39.3 68.8 86.2 100.4 114.7 125.8 141.7 149.9 153.8 160.1 167.7 174 181.8 196.1 208.6 224.5 238.3 240.9 246.8 247.9 249.4 245.4 241.5 241 245 247.3 248.3 253.8 258.8 269.8 280.4
-3 -3 4.3 4.3 4.2 4.2 3.9 3.6 3.3 3.3 3.3 3.3 3.3 3.4 3.3 3.8 3.3 3.3 3.3 3.2 3 2.8 2.6 2.4 2.4 2.5 2.6 2.6 2.5 2.4 2.3 2 1.7 1.5 1.2 0.9 0.7 0.4 0.2 -0.1 -0.4 -0.6 -0.9 -1.1 -1.4 -1.8 -2.2 -2.6 -3 -3 -3 -3 0.2 5.8 9.7 10.4 10.6 10.4 10.4 13.1 25.1 39.1 67.9 84 103.4 116.8 128 141.6 150.8 156.5 163.4 174 186.1 200.3 212.7 219.3 233.6 244.8 250.9 256.6 259.3 259.8 257.4 250 246.4 251.9 252.9 251.6 248.6 252.9 261.8 272.6
-3 4.3 4.1 4.3 4.2 4.2 3.9 3.5 3.3 3.3 3.3 3.3 3.5 3.9 3.9 3.5 3.3 3.2 2.8 2.6 2.5 2.3 2.1 2 2.1 2.2 2.3 2.3 2.2 2.2 2.1 1.8 1.5 1.3 1 0.7 0.5 0.2 0 -0.3 -0.6 -0.8 -1.1 -1.3 -1.6 -1.9 -2.1 -2.4 -2.8 -3 -3 -3 -3 2.2 7.9 9.2 9.7 9.8 9.9 12.1 23 36.5 59.9 81.3 101 115.5 128.1 143.9 151.8 157.6 167.5 182.3 199.8 213.9 221 225.9 239.7 251.4 259 265.6 270.9 267.7 263 257.1 251.6 249.7 248.8 245.3 245.4 246.3 257.4 261.7
4.3 4.2 4 3.8 4 4.2 3.8 3.3 3.3 3.3 3.3 3.3 3.3 3.3 3.4 3.3 2.9 2.4 2.1 2.2 2 1.8 1.7 1.6 1.8 1.9 2 2.1 2 1.9 1.8 1.6 1.3 1.1 0.8 0.5 0.3 0 -0.2 -0.5 -0.8 -1 -1.3 -1.5 -1.8 -2.1 -2.3 -2.6 -2.9 -3 -3 -3 -3 0.7 7.3 6.9 8.2 8.9 9.3 10.8 21.9 35.6 57 79.2 100 114.2 128 142.8 154.3 159.2 167.1 178.4 197.9 213 220.4 226.3 244.7 252.7 261.9 268.1 270.6 274.5 265.4 261.8 254.7 242.4 236.9 236.3 238.3 237.5 239.4 242.8
4.1 4 3.8 3.6 3.4 3.6 3.5 3.3 3.3 3.3 3.3 3.1 2.8 2.6 2.8 2.6 2.1 1.7 1.6 1.8 1.5 1.4 1.2 1.3 1.4 1.6 1.7 1.8 1.7 1.7 1.6 1.4 1.1 0.9 0.6 0.3 0.1 -0.2 -0.4 -0.7 -1 -1.2 -1.5 -1.8 -2 -2.3 -2.5 -2.8 -3 -3 -3 -3 -3 -3 4.4 6.5 7.5 7.9 7.9 10.6 23.1 38.4 56.2 79.7 97 113.4 129.9 144.8 156 161.6 167.8 175.2 191.9 205.5 212.6 220.4 241.8 249.9 260.5 267.8 268.1 266.5 265 261 254.5 239.4 224.2 223.3 223.6 224.8 226 228.8
3.9 3.7 3.6 3.5 3.3 3.3 3.3 3.3 3.3 3 2.7 2.4 2.2 1.9 2 1.8 1.4 1 1.1 1.3 1.1 0.9 0.9 1 1.1 1.2 1.4 1.5 1.5 1.4 1.4 1.2 0.9 0.7 0.4 0.1 -0.1 -0.4 -0.7 -0.9 -1.2 -1.4 -1.7 -2 -2.2 -2.5 -2.7 -3 -3 -3 -3 -3 -3 -3 2.7 6.4 6.7 6.9 7.3 8 21.8 40.2 58 77.9 94.2 110.5 128 148.9 157.9 163.9 168.2 174.9 181.9 202.9 208.4 220.1 229.4 244.4 254.3 261.4 264.3 263.8 264.2 260.4 256 243.4 215.4 212.4 214.3 212.8 215.2 222.8
3.7 3.6 3.5 3.3 3.3 3.3 3.3 3.2 2.8 2.4 2.1 1.8 1.5 1.2 1.3 1.1 0.7 0.3 0.7 0.8 0.6 0.4 0.5 0.7 0.8 0.9 1 1.2 1.3 1.2 1.1 1 0.7 0.5 0.2 -0.1 -0.3 -0.6 -0.9 -1.1 -1.4 -1.6 -1.9 -2.2 -2.4 -2.7 -2.9 -3 -3 -3 -3 -3 -3 -3 2.4 6.8 5.8 6.1 6.5 7.3 19.6 41.4 62.2 81.7 95.5 110.6 124.4 143.8 155.2 163.2 167.7 174.2 176.8 188.8 199.2 217.6 227.5 238.5 246.2 254.8 254.8 257.1 255.2 252.5 251.3 236.6 217.7 205.5 203.3 202.2 204.9 210.6
3.6 3.5 3.3 3.3 3.3 3.3 3.1 2.6 2.3 1.9 1.5 1.2 0.9 0.6 0.6 0.4 -0.1 0 0.4 0.3 0.1 0.1 0.2 0.3 0.5 0.6 0.7 0.8 1 0.9 0.9 0.8 0.5 0.2 0 -0.3 -0.5 -0.8 -1.1 -1.3 -1.6 -1.8 -2.1 -2.4 -2.6 -2.9 -3 -3 -3 -3 -3 -3 -3 -3 2.4 6.2 5.3 5.3 5.7 6.7 17.4 41.1 65.8 87 101 112.2 127.1 132.6 149.1 159.5 164 170.4 173.1 175.7 188.1 209.5 222.5 231.4 231.4 235.1 239.1 243 243.7 244.9 242.2 232.3 217.1 203.5 197 195.9 196.2 197.1
3.4 3.3 3.3 3.3 3.3 2.9 2.5 2.1 1.7 1.3 0.9 0.5 0.2 -0.1 -0.2 -0.4 -0.8 -0.4 0 -0.2 -0.3 -0.2 -0.1 0 0.1 0.3 0.4 0.5 0.6 0.7 0.6 0.6 0.3 0 -0.2 -0.5 -0.7 -1 -1.3 -1.5 -1.8 -2 -2.3 -2.6 -2.8 -3 -3 -3 -3 -3 -3 -3 -3 -3 2.9 5.8 4.9 4.8 5.1 6 13.7 37.4 65.8 87.4 103.1 110.1 122.7 128.9 139.6 150.6 156.6 164.9 168.9 171.9 178.3 194.6 207.6 218.4 219.9 222.4 224.4 226.8 230.4 232.2 233.6 228.8 216.2 202.7 194.8 188.3 187.9 188.8
3.3 3.3 3.3 3.3 2.8 2.3 1.9 1.5 1.1 0.7 0.3 0 -0.4 -0.7 -0.9 -1.1 -1.2 -0.8 -0.4 -0.6 -0.7 -0.6 -0.4 -0.3 -0.2 -0.1 0.1 0.2 0.3 0.4 0.4 0.3 0.1 -0.2 -0.4 -0.7 -0.9 -1.2 -1.5 -1.7 -2 -2.3 -2.5 -2.8 -3 -3 -3 -3 -3 -3 -3 -3 -3 -3 4.1 5.5 5.1 4.8 4.8 5.4 7.8 35.6 62.4 85 94.3 106.5 113.3 122.9 130.2 142.9 149 155.8 162.5 165.9 171.4 177 194 205.5 207.9 212.8 214.9 216.6 218.4 222.7 223.9 225.7 217.7 201.2 192.4 184.6 179.2 180.2
3.3 3.3 3.3 3 2.3 1.7 1.3 0.9 0.5 0.1 -0.2 -0.6 -1 -1.4 -1.7 -1.8 -1.6 -1.1 -0.9 -1.1 -1 -0.9 -0.8 -0.6 -0.5 -0.4 -0.3 -0.1 0 0.1 0.1 0.1 -0.1 -0.4 -0.6 -0.9 -1.1 -1.4 -1.7 -1.9 -2.2 -2.5 -2.7 -3 -3 -3 -3 -3 -3 -3 -3 -3 -3 -3 6.1 5.6 5.1 4.7 4.9 5.3 7.1 32.7 56.6 75.3 88 101.9 109.7 117.5 124 134.2 141.9 149.3 154.7 157.1 161.1 167.5 176.2 186.6 193.4 199.7 207 212.1 217.2 221 221.2 223 213.3 202.4 192.4 182.9 173.5 170.6
3.3 3.3 2.9 2.4 1.9 1.2 0.8 0.3 -0.1 -0.4 -0.8 -1.2 -1.6 -1.9 -2.3 -2.5 -1.9 -1.5 -1.4 -1.4 -1.3 -1.2 -1.1 -1 -0.8 -0.7 -0.6 -0.5 -0.3 -0.2 -0.1 -0.2 -0.3 -0.6 -0.8 -1.1 -1.4 -1.6 -1.9 -2.1 -2.4 -2.7 -2.9 -3 -3 -3 -3 -3 -3 -3 -3 -3 -3 -3 6.6 5.5 5.1 4.7 4.9 5.3 5.8 25.9 50 69.2 83.4 93.1 104.8 112.8 118.6 127.6 133.8 140.2 146.3 150.9 155 161.4 168.3 176.5 185.7 192.8 203.8 213 219.8 220.4 222.1 220.8 211 205.8 193.5 184.4 174.1 163.7
3.3 2.9 2.4 1.8 1.3 0.7 0.2 -0.2 -0.6 -1 -1.4 -1.8 -2.2 -2.5 -3 -3 -2.3 -1.8 -1.9 -1.8 -1.6 -1.5 -1.4 -1.3 -1.2 -1 -0.9 -0.8 -0.7 -0.5 -0.4 -0.4 -0.5 -0.8 -1 -1.3 -1.6 -1.8 -2.1 -2.3 -2.6 -2.9 -3 -3 -3 -3 -3 -3 -3 -3 -3 -3 -3 -3 6 5.2 4.6 4.7 4.9 4.9 6 19.2 44.4 65.4 76.8 86.3 99.3 106.8 113.9 121.9 129.2 134.9 140.2 145.9 150.3 156.5 163.6 170.5 179.3 186.2 192.3 206.6 214.7 217.9 221.4 220.5 220 215 196.4 189.8 174.8 164.8
3.1 2.5 1.8 1.3 0.8 0.2 -0.4 -0.8 -1.2 -1.6 -2 -2.4 -2.7 -3 -3 -3 -2.6 -2.2 -2.2 -2.1 -2 -1.8 -1.7 -1.6 -1.5 -1.4 -1.2 -1.1 -1 -0.9 -0.7 -0.7 -0.7 -1 -1.2 -1.5 -1.8 -2 -2.3 -2.5 -2.8 -3 -3 -3 -3 -3 -3 -3 -3 -3 -3 -3 -3 1 5.5 5.2 4.9 4.8 4.8 4.9 5.6 16.3 36.2 58.2 71 81.3 93.1 102.8 110.5 118.5 126.1 131.6 135.9 141.6 145.7 151.8 160 166 174.9 182 187.9 199.1 208.3 214.8 219.9 221.6 216.1 212.9 203.2 186.8 175.8 164.7
2.7 2.1 1.5 0.8 0.2 -0.3 -0.8 -1.4 -1.8 -2.2 -2.6 -2.9 -3 -3 -3 -3 -3 -2.6 -2.5 -2.4 -2.3 -2.2 -2 -1.9 -1.8 -1.7 -1.6 -1.4 -1.3 -1.2 -1.1 -0.9 -1 -1.2 -1.4 -1.7 -2 -2.2 -2.5 -2.7 -3 -3 -3 -3 -3 -3 -3 -3 -3 -3 -3 -3 -3 3.3 4.7 6.6 4.7 4.5 4.7 5.1 5.4 12.1 31.4 53.1 65.2 75.9 86.9 96.9 108.1 116.9 124.1 131 132.7 134.8 141 146.3 155.6 162 170.4 178.4 183.5 186.4 199.8 210.2 210.4 214.9 212.1 154.8 154.8 184.1 175.1 161.3
2.4 1.8 1.1 0.5 -0.2 -0.8 -1.4 -1.9 -2.4 -2.8 -3 -3 -3 -3 -3 -3 -3 -3 -2.9 -2.7 -2.6 -2.5 -2.4 -2.2 -2.1 -2 -1.9 -1.8 -1.6 -1.5 -1.4 -1.3 -1.2 -1.4 -1.6 -1.9 -2.2 -2.4 -2.7 -3 -3 -3 -3 -3 -3 -3 -3 -3 -3 -3 -3 -3 -3 3.2 4.5 4.5 6.1 4.2 4.5 4.9 5.3 8.9 26.6 46 60.2 71.3 80.7 93.3 106.8 117.1 122.7 129.3 130.9 131.4 135.2 140.8 148.4 155 164.4 168.8 176.1 181.4 180.8 185.9 198.7 199.9 195.5 191.8 185.9 185.8 170.1 157.8
2.2 1.5 0.9 0.2 -0.5 -1.1 -1.8 -2.5 -3 -3 -3 -3 -3 -3 -3 -3 -3 -3 -3 -3 -2.9 -2.8 -2.7 -2.6 -2.4 -2.3 -2.2 -2.1 -2 -1.8 -1.7 -1.6 -1.5 -1.6 -1.9 -2.1 -2.4 -2.6 -2.9 -3 -3 -3 -3 -3 -3 -3 -3 -3 -3 -3 -3 -3 -3 2.6 3.6 4.3 5 6.2 4.2 4.7 5 7.4 22 37.3 53.5 65.2 76.1 87.6 100.9 117.2 123.8 126.4 128.7 128.7 130.8 134.2 139.7 145.3 152.1 142 163.8 173.4 165.9 178.8 187.2 189.7 190.3 186.8 184.7 174.9 166.5 152.8
1.9 1.3 0.6 0 -0.7 -1.4 -2 -2.5 -3 -3 -3 -3 -3 -3 -3 -3 -3 -3 -3 -3 -3 -3 -3 -2.9 -2.8 -2.6 -2.5 -2.4 -2.3 -2.2 -2 -1.9 -1.8 -1.8 -2.1 -2.3 -2.6 -2.8 -3 -3 -3 -3 -3 -3 -3 -3 -3 -3 -3 -3 -3 -3 -3 2.4 3.5 3.8 4 4.2 6.2 4.8 4.4 6.7 17 31.3 44.1 58 79.2 86.3 97.7 111.8 123.6 125.2 126.3 126.5 126.7 129.4 133.2 136.7 142.3 148.8 155.4 162.1 165.4 165.5 165.2 177.5 179.6 180.4 176.3 172.3 154.8 150.3
1.7 1 0.4 -0.2 -0.8 -1.3 -1.8 -2.3 -2.7 -3 -3 -3 -3 -3 -3 -3 -3 -3 -3 -3 -3 -3 -3 -3 -3 -3 -2.9 -2.7 -2.6 -2.5 -2.4 -2.2 -2.1 -2.1 -2.3 -2.5 -2.8 -3 -3 -3 -3 -3 -3 -3 -3 -3 -3 -3 -3 -3 -3 -3 -3 2.5 3.5 3.6 3.6 3.6 5.4 6.1 5.1 5.3 13.1 25.4 39 50.9 67.7 82.9 91.8 108.2 120.9 124.6 122.7 122.8 122.7 125.8 127 131.1 136 143.8 148.7 153.4 165.7 166.1 166.4 169.7 171.6 173.1 167.2 160.3 155 150.5
1.6 1 0.5 0 -0.6 -1.1 -1.5 -2 -2.4 -3 -3 -3 -3 -3 -3 -3 -3 -3 -3 -3 -3 -3 -3 -3 -3 -3 -3 -3 -2.9 -2.8 -2.7 -2.6 -2.4 -2.3 -2.5 -2.7 -3 -3 -3 -3 -3 -3 -3 -3 -3 -3 -3 -3 -3 -3 -3 -3 -3 3.4 4.1 3.6 3.6 3.6 3.5 6 6.3 5.6 10.6 23.2 34.8 43.5 62.4 70.6 74.5 87.6 114.3 117.5 118.3 118 118.4 119.3 123.4 125.2 128.8 137 144.9 150.4 155.2 159.7 163 165 162.8 165.5 162.9 159.6 155 149.7
1.7 1.2 0.7 0.2 -0.3 -0.8 -1.2 -1.6 -2 -2.3 -2.7 -3 -3 -3 -3 -3 -3 -3 -3 -3 -3 -3 -3 -3 -3 -3 -3 -3 -3 -3 -3 -2.9 -2.8 -2.6 -2.7 -2.9 -3 -3 -3 -3 -3 -3 -3 -3 -3 -3 -3 -3 -3 -3 -3 -3 -3 1.6 -3 3.7 3.6 3.6 3.4 6.1 6.1 7.3 8.2 18.5 30.6 20.3 17.7 23.5 35.2 65.2 64.5 88.8 113.2 113.2 115.1 114.8 118.8 122.2 122.8 128.8 138.4 143.8 151.3 152.8 158.7 158.3 158.8 156.1 157.3 157.4 154.9 150.3
1.9 1.4 0.9 0.4 0 -0.5 -0.8 -1.2 -1.6 -2 -2.4 -3 -3 -3 -3 -3 -3 -3 -3 -3 -3 -3 -3 -3 -3 -3 -3 -3 -3 -3 -3 -3 -3 -3 -2.9 -3 -3 -3 -3 -3 -3 -3 -3 -3 -3 -3 -3 -3 -3 -3 -3 -3 -3 -2.3 -3 3.5 3.8 3.9 7 6.1 5.8 6.1 8.3 15.6 27.3 21 14.3 14.3 14.3 18.8 41.3 99.6 108.8 108.7 109.5 111.6 116.1 120.7 121.3 121.9 130.5 138 143.7 149.2 151.4 153.4 155.3 154.5 152.9 154.2 156.4 151.6
2.2 1.7 1.2 0.7 0.3 -0.1 -0.5 -0.8 -1.2 -1.7 -2.2 -2.7 -3 -3 -3 -3 -3 -3 -3 -3 -3 -3 -3 -3 -3 -3 -3 -3 -3 -3 -3 -3 -3 -3 -3 -3 -3 -3 -3 -3 -3 -3 -3 -3 -3 -3 -3 -3 -3 -3 -3 -3 -3 0.4 1.8 3.4 6.8 5.5 5.2 5.2 6.2 7.1 7.9 12.8 21.8 30 27.2 18.3 25.7 46.6 77.5 97.2 104.2 103.7 105.2 108.9 115.5 119.7 121.4 120 124.7 134 140.5 144.2 147.1 149.7 152.4 153.7 152.9 153.1 153.5 148.7
2.4 2 1.5 1.1 0.7 0.3 -0.1 -0.6 -1.1 -1.6 -2.1 -2.6 -3 -3 -3 -3 -3 -3 -3 -3 -3 -3 -3 -3 -3 -3 -3 -3 -3 -3 -3 -3 -3 -3 -3 -3 -3 -3 -3 -3 -3 -3 -3 -3 -3 -3 -3 -3 -3 -3 -3 -3 0 2.3 6.7 5.7 5.4 5.8 5.5 5.8 6.5 7.2 8.4 9.9 18.1 14.7 16.9 37.4 60.1 76.8 92.6 99.9 106.6 100.8 101.7 105.3 112.6 116.8 119.2 119.2 122.1 130.8 138.1 143.3 146.9 150.2 152.7 154.9 155.9 150.1 149.6 146.2
2.7 2.2 1.8 1.4 0.9 0.4 0 -0.5 -1 -1.5 -2 -2.5 -3 -3 -3 -3 -3 -3 -3 -3 -3 -3 -3 -3 -3 -3 -3 -3 -3 -3 -3 -3 -3 -3 -3 -3 -3 -3 -3 -3 -3 -3 -3 -3 -3 -3 -3 -3 -3 -3 -3 -3 3.4 5.6 5.7 5.4 5.6 5.7 6.3 6.3 6.8 7.3 8.8 9.6 11.5 22.7 38.4 53.7 60.8 68 91.4 97.9 101.4 99.2 98.2 103.4 108.1 113 116.9 119.9 123.4 129.2 137.5 145.5 150.8 154.2 155.1 155.8 153.7 148.9 145.8 142.4
2.9 2.5 2 1.5 1 0.5 0 -0.4 -0.9 -1.4 -1.9 -2.4 -2.9 -3 -3 -3 -3 -3 -3 -3 -3 -3 -3 -3 -3 -3 -3 -3 -3 -3 -3 -3 -3 -3 -3 -3 -3 -3 -3 -3 -3 -3 -3 -3 -3 -3 -3 -3 -3 -3 -3 -3 5.2 5.4 5.8 6.1 6.6 5.7 5.4 5.7 7.3 9.7 7.9 6.6 10.8 17.2 28.1 42 53.3 62.6 80.8 92 94.5 95.1 96.5 101.4 107 112.4 116.6 120.8 125.3 132.1 140.3 148.2 153.7 157.4 157.2 154.9 152.7 146.9 142.3 137.8
2.9 2.5 2.1 1.6 1.1 0.6 0.1 -0.4 -0.8 -1.3 -1.8 -2.3 -2.8 -3 -3 -3 -3 -3 -3 -3 -3 -3 -3 -3 -3 -3 -3 -3 -3 -3 -3 -3 -3 -3 -3 -3 -3 -3 -3 -3 -3 -3 -3 -3 -3 -3 -3 -3 -3 -3 -3 -3 4.5 3.1 2.8 2.7 3 3.2 3.3 3.3 6.7 7.4 6.1 5.7 8.2 11.4 20.5 36.2 47.7 58.5 69.5 83.7 88.3 89.6 94.1 98.7 107.3 112.1 117.3 123.9 128.7 135.1 142.4 148.5 153.7 157.6 158.3 155.4 151.7 146.6 139.3 134.6
2.9 2.3 1.8 1.4 1 0.5 0.1 -0.3 -0.8 -1.2 -1.7 -2.2 -2.7 -3 -3 -3 -3 -3 -3 -3 -3 -3 -3 -3 -3 -3 -3 -3 -3 -3 -3 -3 -3 -3 -3 -3 -3 -3 -3 -3 -3 -3 -3 -3 -3 -3 -3 -3 -3 -3 -3 1.2 1.1 1.3 1.4 1.7 1.9 2.1 2.4 2.7 3.1 3.3 3.3 4.7 7.9 10.6 17.4 31 42.5 53.1 59.6 72.9 81.1 84.6 91.2 97 107.7 113.2 121.7 126.5 132.2 136.8 142.7 147.4 152.1 157.1 161.4 156.8 150.2 142.8 138 134.1
2.9 2.3 1.7 1.1 0.7 0.3 -0.2 -0.6 -1 -1.4 -1.9 -2.3 -2.7 -3 -3 -3 -3 -3 -3 -3 -3 -3 -3 -3 -3 -3 -3 -3 -3 -3 -3 -3 -3 -3 -3 -3 -3 -3 -3 -3 -3 -3 -3 -3 -3 -3 -3 -3 -3 -3 -3 -0.9 -0.1 0.1 0.4 0.6 1 1.4 1.9 2.3 2.7 3.1 3.3 3.5 7.4 10.9 11.4 24.3 34.8 46.3 54.5 62.8 75 80.8 86.2 95 105.9 116.5 123.8 128.6 133.3 137.3 141.6 145.1 149.1 154.1 158.3 154.7 145.7 139.5 136.2 132.2
3 2.3 1.8 1.1 0.5 -0.1 -0.4 -0.8 -1.3 -1.7 -2.1 -2.6 -3 -3 -3 -3 -3 -3 -3 -3 -3 -3 -3 -3 -3 -3 -3 -3 -3 -3 -3 -3 -3 -3 -3 -3 -3 -3 -3 -3 -3 -3 -3 -3 -3 -3 -3 -3 -3 -3 -3 -1.4 -1.2 -0.7 -0.2 0.2 0.6 1 1.5 1.9 2.3 2.7 3.1 3.3 6.7 8.7 10.6 17.8 29.4 38.6 47.8 55.8 68.5 77 81.7 94.9 104.1 116 124.7 130.1 133 135.4 138.8 141.9 146.4 151.4 152.9 149 141 135.9 131.9 127.5
3 2.3 1.7 1 0.5 -0.1 -0.7 -1.2 -1.5 -2 -2.4 -2.8 -3 -3 -3 -3 -3 -3 -3 -3 -3 -3 -3 -3 -3 -3 -3 -3 -3 -3 -3 -3 -3 -3 -3 -3 -3 -3 -3 -3 -3 -3 -3 -3 -3 -3 -3 -3 -3 -3 -2.4 -1.8 -1.4 -1 -0.6 -0.2 0.2 0.6 1.1 1.5 1.9 2.3 2.7 3.1 5.3 5.6 8.2 9.8 19.9 32.6 41.5 51.1 59.1 70.7 80.1 92.5 103.9 114.4 124 130.8 131.6 131.6 133.5 137 142.6 146.2 146.9 145.5 136.6 131.7 126.9 123.4
3.1 2.4 1.7 1.1 0.4 -0.3 -0.8 -1.3 -1.9 -2.3 -2.7 -3 -3 -3 -3 -3 -3 -3 -3 -3 -3 -3 -3 -3 -3 -3 -3 -3 -3 -3 -3 -3 -3 -3 -3 -3 -3 -3 -3 -3 -3 -3 -3 -3 -3 -3 -3 -3 -3 -3 -2.5 -2 -1.6 -1.2 -0.8 -0.4 0 0.4 0.8 1.2 1.7 2.1 2.5 2.9 3.2 4.7 5.7 6.8 14.2 26.5 35.7 44.6 53 65.9 75.9 90.4 102.4 111.9 121.1 128.4 129.2 128.1 129.4 132.7 135.5 139.9 142.3 142 132.3 129.2 124.8 118.5
3.3 2.4 1.7 0.9 0.2 -0.3 -0.9 -1.6 -2.2 -2.6 -3 -3 -3 -3 -3 -3 -3 -3 -3 -3 -3 -3 -3 -3 -3 -3 -3 -3 -3 -3 -3 -3 -3 -3 -3 -3 -3 -3 -3 -3 -3 -3 -3 -3 -3 -3 -3 -3 -3 -3 -2.6 -2.2 -1.8 -1.4 -1 -0.6 -0.1 0.3 0.7 1.1 1.5 1.9 2.3 2.6 2.9 3.2 5.3 8.4 8.5 22.3 30.8 39 47.9 61 69.6 83.8 96.7 106.6 116.9 124.6 125.3 124.8 125.4 127.7 131.4 134.8 137.5 134.3 131.7 126.2 121.1 113.5
3.3 2.7 1.8 0.9 0 -0.7 -1.3 -1.9 -2.5 -3 -3 -3 -3 -3 -3 -3 -3 -3 -3 -3 -3 -3 -3 -3 -3 -3 -3 -3 -3 -3 -3 -3 -3 -3 -3 -3 -3 -3 -3 -3 -3 -3 -3 -3 -3 -3 -3 -3 -3 -3 -2.8 -2.4 -1.9 -1.5 -1.1 -0.7 -0.3 0.1 0.5 0.9 1.4 1.8 2.1 2.4 2.7 3 3.3 5.9 6.8 15.2 27.3 34.2 44.9 53.4 62.9 75.3 88.2 100 111.2 117.7 120.6 121.3 121.4 124 123 129.8 129.9 129.5 127.6 120.6 116.8 108.9
