app/static/ascii/NX47.asc
ncols 200
nrows 200
xllcorner 240000
yllcorner 570000
cellsize 50
[rows 0 to 34 of 200, columns 0 to 78 of 200]
132.8 123.3 112.2 107.7 100.8 92.2 84.1 81.6 77.4 78 78.1 77.7 77.9 76.7 73.7 73.7 73.7 76.4 73.7 73.7 73.7 73.7 73.7 73.7 73.7 73.7 73.7 73.7 73.7 73.7 73.7 73.7 73.7 73.7 73.7 73.7 73.7 73.7 73.7 73.7 73.7 73.7 73.7 73.7 73.7 73.7 73.9 84 92.1 104.7 116 118.4 119.1 118.5 105.9 98.5 92 88.9 85 86.1 86 85 87.2 91.1 93.8 97.1 100.1 104.4 112.2 127.9 141.8 147.7 154.5 163.3 166.3 170.2 177.8 182.7 186.8
119.6 111.9 100.7 88.5 84.8 80.3 78.5 80.3 79.1 76.9 74.6 73.7 73.7 73.7 73.7 73.7 73.7 73.7 73.7 73.7 73.7 73.7 73.7 73.7 73.7 73.7 73.7 73.7 73.7 73.7 73.7 73.7 73.7 73.7 73.7 73.7 73.7 73.7 73.7 73.7 73.7 73.7 73.7 73.7 73.7 80 89.3 104.3 116.1 124.7 133.9 137.9 136.6 131.4 119.9 112.3 102.6 96.5 91.3 91.5 93.3 92.4 87.2 87.9 88.5 89.9 92.7 95.4 102.1 114.1 123.8 130.7 137 145.5 150.9 157.4 166.4 174.6 178.4
109.2 98.7 87.6 83.2 81 79.2 79.6 82.3 81.1 77.1 74.5 73.7 73.7 73.7 73.7 73.7 73.7 73.7 73.7 75.3 73.7 73.7 73.7 73.7 73.7 73.7 73.7 73.7 73.7 73.7 73.7 73.7 73.7 73.7 73.7 73.7 73.7 73.7 73.7 73.7 73.7 73.7 73.7 80.3 92.3 100.3 110.6 128 140.6 150.5 157.1 159.6 157.4 150.2 137.8 125.5 116.2 109.1 102.9 100.1 102.8 100.9 96.9 91.4 87.6 88.7 90 91.6 97.1 104.5 112.1 120.4 127.6 136.5 141.8 148.7 158.3 164.6 173.5
93.9 85.6 83.9 81.9 80.3 79.6 79.3 82.1 81.7 77.1 73.7 73.7 73.7 73.7 73.7 73.7 73.7 73.7 77.6 76.2 73.7 73.7 73.7 75.3 76.5 73.7 73.7 73.7 73.7 73.7 73.7 73.7 73.7 73.7 73.7 73.7 73.7 73.7 73.7 73.7 73.7 86.3 95.5 104.2 118.1 129 136.4 148.7 161.8 171.7 177.4 179.5 177 169.1 155.3 139.9 136.7 125.4 114.1 111.1 113.5 110.2 105.3 98.9 91.2 89.3 90.5 91.2 93.9 97.9 103.1 112.7 121 130.4 136.9 143.9 150.9 157 166.7
83.5 83.4 82.2 80.8 80.3 79.9 79.8 80.5 80.6 77.7 73.7 73.7 73.7 73.7 73.7 73.7 73.7 78.2 84.4 84.8 80.5 81.2 83.2 91.1 102.4 103.5 99.5 94.5 84.6 83.3 77.7 73.7 73.7 73.7 73.7 73.7 73.7 73.7 79.5 89 97.2 109.6 122.2 135.2 148.9 160 165.5 167.6 183.1 189.8 194.1 196.8 194.3 186.4 173.2 156.3 145.2 141.2 127.3 124.8 125 122.4 116.5 108.2 96.1 92.3 92.5 92 93.9 95.8 97 103.8 114.5 123.7 131.8 137.7 146 153 164.1
81 81.6 81.9 81.5 81.1 81.5 81.4 81 79.6 74.9 73.7 73.7 73.7 73.7 73.7 73.7 73.7 81 90.2 96.3 99.8 103.1 108.3 117.4 127.3 121.6 117.9 112.5 107.2 104.1 100.7 97.6 94.1 92.2 93.4 94.4 96.1 100.7 104.6 109.8 116.2 129 145.9 162.3 176.7 190.2 202.2 202.1 203.6 204.8 207.8 210.9 208.6 201.2 189.1 174.2 160.1 148.3 141.3 137.9 136.3 132.8 126.6 115.5 105.7 98.6 96.8 95.4 95.1 96 98.2 101.6 107 116.4 126.5 134.1 142.6 149.3 160
80.7 81.6 82.3 82.5 82.8 85.7 91.2 85.2 82.5 77.7 73.7 73.7 73.7 73.7 73.7 73.7 79.2 83.1 94.2 105.5 118.6 123.4 134 140.2 143.2 135.7 135.4 132.4 129.5 126 123.6 119.7 113.4 110.7 111.3 116.5 117.7 119.8 123 128.5 140.1 151.3 167.6 185.5 205.1 224.8 234.9 225.8 220 219.9 221.7 222.7 219.9 212.9 201.2 185.9 171 161.8 154.3 147.1 144.1 139.6 133.4 125.3 116.3 105.8 103.3 100.1 99.1 98.2 98 101.6 107.3 117.1 126.1 134.2 141.4 149.3 157.6
81.2 82.5 82.7 83.7 87.1 89.6 94.3 86.2 83.7 75.8 73.7 73.7 73.7 73.7 73.7 78.8 92.9 97.8 101.4 106.4 125.2 142.4 158.2 155.1 148 148.2 151.7 151.9 149.6 148.8 146.5 141.1 131.6 129.1 130.3 136.3 138.7 137.5 143.6 153.6 168.1 178.9 185.5 209.3 234.8 260.3 251.2 241.8 233.4 231.6 233 231.5 228.5 221 209.6 195 183.2 178.9 166.4 158.4 152.5 144.9 136.6 131.7 124.7 115.9 110.4 105.6 103.8 100.3 100.7 102.7 107.6 115.9 126.1 133.3 139.8 149 157.4
81.6 82 83.3 84.4 88 92.3 93.4 86.9 74.8 73.7 73.7 73.7 80.6 86.7 86.1 95.5 105.9 112.7 114.4 115.9 132.7 152.7 170.9 161.1 160.9 166 174.9 177 173.2 172.1 170.5 163.9 152.9 154.4 158.6 164.6 166.2 164.8 171.2 183.7 193.1 204.6 211.5 227.5 255.5 279.4 270.4 254.9 249.3 247.2 245.4 240.7 235.9 225.7 213.5 204.3 197.4 188.6 184.1 171.1 166.2 159.3 149.6 141 132.6 123.3 118.9 113.1 108.8 104.5 103.1 103.1 108.6 114.2 122.6 130.4 137.2 144.8 153
82 81.5 82.4 83.9 90.8 86.2 81.5 78.5 73.7 73.7 73.7 85.5 92 97.1 100.8 109.8 117.9 128.7 125.7 134.3 142.3 151.9 157.8 168.7 171.8 186.2 199.8 204.8 192.2 195.4 195.3 188.5 173.9 181 188.2 194.5 199 204.6 206.7 208.9 219.2 229.2 241.7 248.1 264 286 285 276.4 263.6 260.1 257.8 250.6 242.7 228.5 219.3 212 208.1 200.4 194.6 191 186.9 177.7 166.1 154.4 144.8 137.1 128.6 120.6 115.4 108 105.3 104.9 108.5 116 119.7 127.3 133.5 140 147.9
81.8 81.1 82.1 84.5 83.3 83.2 79.2 73.7 73.7 73.7 88.2 96.5 102.3 106.9 111.3 118.5 126.4 135 138.8 143.5 147 150.9 158 166.9 182.6 205.4 222.3 226.8 212.2 216.1 221.2 219.9 205.4 208 212.7 219.1 227.4 247.2 244.2 242 245.7 261.2 274.2 278.2 273.5 283.4 297.8 294.4 291.8 281.3 269.2 261.5 250.7 239.5 231.4 226.7 223 216.3 211.5 211.2 205.3 196 183.2 171.2 160.8 154.9 143.6 131.7 121.6 115.5 111 107.1 108.5 111.9 117.6 124.2 130.7 137.1 145.1
80.9 79.8 79.1 77.6 78.7 75.2 74.3 73.7 73.7 81.1 95.9 104.2 109.3 112.9 115.4 122.4 129.7 138.5 140.5 143.6 146.3 157.5 162.7 174.9 194.2 219.4 228.7 235.5 228.1 231.6 250.2 246.6 235.9 231.6 229.5 241.4 251.6 267.4 272 271.8 272.1 279.5 298.9 302.2 295.4 292.7 305.1 312.9 311.9 307.8 287.8 275.4 264.4 256.4 246.7 239.6 233.8 228.8 225.4 225.6 224.7 211.4 196.7 186.6 173.4 169.8 158.4 143.9 131.3 124.2 116.1 112.4 111.6 112.5 115.1 122.6 128.8 133.5 141.1
76.7 76 73.7 73.7 73.7 73.7 73.7 73.7 73.7 90.2 102.5 108.8 112.6 114.1 115.9 123.3 130.8 135 140.7 145 149.6 157.6 167.6 180 199.7 223.5 235.2 239.6 237.3 243.5 256.5 257.9 252 247.3 248.3 264.2 272.1 284.3 287 291.2 300.7 307.1 312 319 316.4 310.7 310.7 324.7 330.2 320.4 312.7 292.9 279 271.1 264.6 258.2 251.2 244.8 239 233.3 229.7 222.8 213.8 204.7 192.5 178.4 166.2 154.3 142.9 132.6 125.5 118.4 115.4 117.4 116.1 122.7 128.3 136.1 143.2
73.7 73.7 73.7 73.7 73.7 73.7 76 84 90.8 99.4 106.8 110.6 111.4 114.8 117.6 125.7 131.3 137.7 142.3 151.1 153.9 165.7 171.9 182.7 198.8 214.1 231.1 233.2 239.3 249.4 252.9 257.8 262.2 268.5 267 275.8 291.9 302.1 307.5 304.9 320 327 326.5 329.4 332.7 332.5 326.6 323.8 335.1 331.4 319.6 315.1 300.5 289.3 281.4 274 266.9 261.9 251.7 247.4 242.2 239 230 219 206 192.4 178.7 164.7 154.6 141.7 132.2 125.1 121.6 120.9 120.7 124.5 131.1 139.8 150
73.7 73.7 73.7 73.7 73.7 75.8 83.4 90.4 98 104.5 108.4 109 109.8 116.7 124.4 133.9 130.9 146 147.6 158.4 159.9 169.7 177.6 185.8 204 204.6 214.2 228.9 245.5 243.1 249.7 252.4 265.2 277.8 285.8 296.9 309.1 317 321.9 319 333.2 349.9 348 342.4 347.2 347 344 338.3 335 328.7 323.6 318.9 318.5 311.1 297.4 286.7 280.1 276.2 269 265.6 260.2 255.3 255.4 236 218.9 204.9 191.5 179.6 166.6 152.5 141.7 134.2 129 125.5 124.5 125.4 136.6 143.2 159.3
73.7 73.7 73.7 73.7 74.9 84.6 87.1 92.3 100.6 105.5 108.6 108 111.4 126.7 133.6 131.1 133 137 148.1 164.3 177.7 175.4 186 196.9 219 218.4 211.4 225.9 237.7 230.3 242.7 243.9 261.9 281.6 289.3 310.5 311.3 318.9 323.4 337.9 353.6 369.3 366.8 361 363.4 362.3 354.5 354.5 346.8 338.8 330.8 328.5 332 326.5 315.1 301.2 293.8 291 292.5 289.6 283.3 277.6 266.4 256.6 238.8 222.6 205.6 193.9 178.5 164.5 152.2 142.7 135.4 132.2 129 128.8 136.3 149.4 165.2
73.7 73.7 77 80.5 83.4 85.4 90.9 96.1 100.8 102.9 104.6 112.9 133.2 146.6 142 132.8 132.5 135.8 146.1 168.2 174.4 174.2 190.2 207.3 220 225.6 219.9 220.1 224.4 227 234.5 238.4 247.9 266.6 281.3 308.5 317.9 327.4 338.1 362 373.5 382.9 387.2 388.7 384.6 376.9 367.5 360.8 355.6 355.1 344.7 337.1 338.6 338.7 328.2 315.9 306 303.9 308.1 311.1 308.4 297.9 283.6 271.9 256 228 211.1 197.2 187.3 172.2 159.3 146.8 141.8 139.6 135.8 132.1 144.1 161.1 172.3
73.7 78.2 80.3 81.6 83.6 84.8 90.5 94.7 100 104.6 111.9 128.8 148 153.5 140.7 134.2 134.7 137.5 145.6 161.3 163.5 179.6 191.9 203.9 220.9 234.4 233.6 226.2 229.4 226.4 227.1 228.6 230.7 247.9 272.6 297.6 311.6 333.6 351.1 371.9 388.4 399.9 408.9 411 404 392.5 375.9 368.2 369.9 363.6 353 346.3 351.8 347.7 340.2 328.4 322.8 317.4 318.5 319.9 323.4 317.8 297.8 284.8 260 238.2 219.4 198.7 184.1 172.5 160.4 147.9 147.6 144.5 143.3 136.1 139.9 156.5 174.6
79.6 80.4 80.5 81.8 82.9 85.1 86.7 91.9 103.3 114 127.4 136.5 143.3 148.1 139.5 135.5 135 136 138.7 149.1 167.7 182.1 192.7 202.6 227.9 235.9 240.4 237.4 229.8 228.8 227 228.8 232.4 240.3 260.1 287.1 317.6 337.2 358.7 382.2 398.2 408 428.9 427 422 407.1 390.1 388.4 383.4 377.4 367.6 362.2 361.4 354 350.5 339.8 335.1 326.8 324.9 323.9 328.4 327.7 315.8 301.6 270.1 246.3 229.5 209 191.2 174.7 160.7 157.4 155.4 155.2 153.2 148.9 145.9 147.8 162
81.2 81.2 82.2 81.8 85.4 88.4 89 97.1 109.4 124 131.3 134.6 144.5 135.8 136.7 135.5 133.2 134 138.2 151.9 170.9 183.1 190.7 208.3 229.8 238.5 236.3 229.5 229.2 229.4 228.8 229.7 235.8 242.3 257.6 282.7 314.1 338 366.7 388.7 397.8 407.8 427.3 435.5 438.7 423.9 412.5 410.9 403 392.7 390.4 379.8 371.6 362.5 357.2 351 348.1 341.1 339.6 333.7 332.8 336.9 328.4 313 289.9 260 239.1 216.9 196.9 182.1 166.5 164.8 165.3 163.6 160.4 156.2 152.4 151 169.7
81.1 82.4 84.3 86.4 89.1 89.4 93.2 100.4 109.9 118.9 124.2 130.6 128.6 131.7 132.6 131.1 132.8 135.5 140.4 155 173.8 189.7 198.2 206.1 220 228.1 226.1 227.2 228.5 230 234 236.9 245.7 258.4 267.9 287.9 313.5 338.7 366 380.5 394.4 412.2 426.1 432.8 451.7 435.8 430.3 431.3 421 410.8 407.7 401.8 389.5 381.7 373.3 371.3 368 362.1 356.8 354 349.7 353.2 349.3 328.6 311.4 288.1 253.3 230.7 209.5 193.7 177.5 174.3 172 170.3 166.8 165 160.9 153.6 169
81.8 84.3 86.2 88.9 91 91.3 95.8 100.7 105.9 113.1 119.2 123.5 122.8 123.2 125.9 129.8 133.3 136.2 141.5 162.3 177.2 198.1 200.7 203.3 208.9 214 218.7 224.3 227.7 230.2 242.6 251.6 257.1 272.6 281.5 299.1 323.5 343.7 365.1 381.8 396 406.8 420.7 428.1 449.4 446.9 443.5 439.6 437.9 431.7 429.5 424.1 411.3 401 398 390.3 388.7 379.9 375.7 372.2 369.5 370.8 377 354.9 323 310.6 277 248.2 228.1 213 192 189.4 186.5 180.4 174.8 174.8 173.3 161.9 162.3
83.4 84.2 85.9 88.7 92.2 93.7 95.6 97.1 101.9 108.5 111.7 118.1 117.9 126.9 128.7 135 134.1 139 146.9 166.9 181.4 190.3 195 201.6 200.2 206 220.8 223.4 227.8 233.9 255.4 267.8 271.8 278 295.5 305.1 322.8 343 362.5 374 388.8 408.1 422.5 436 454.6 456.2 456.2 449.9 452.7 453.7 451.3 446.1 433.7 421.4 413.3 408.3 403.3 399.3 396.8 395 388.1 383 393.3 372.5 343.2 322.3 306.8 285 256.6 237 213.1 215.2 207.3 193.8 189.5 188.4 187.3 175.5 167.4
86.9 88.8 88.8 92.4 93.8 99 102.2 104.9 110.3 113.2 114.4 120.6 126.8 134 141.9 143.5 137.8 146.6 157.9 169.4 181.4 184 186.6 195.9 200.2 211.5 222 229.9 233 248.3 274.9 292.8 285.9 287.5 305.9 321.3 327 345.6 356.4 367.5 388.9 404 416.5 436.7 457.9 468.6 465.8 462 468.8 476.2 471.9 463.5 452.2 441.5 432.8 425.4 420.2 422.4 422.2 412.6 400.2 395.4 398.3 384.7 368 342.4 319.5 310.2 293.7 263.6 238.8 236.2 225.1 208.3 202.1 195.1 189.3 183 174.8
95.1 96.1 99.2 101.9 106.1 109.9 112.4 118.9 124.1 128 131.6 137.3 146.9 154.1 157.1 154.3 149 159.4 166.2 173.3 184.2 180.8 182 191.8 205.3 211.3 221.5 231.7 245.9 264.6 291.6 309 304.3 302.9 312.7 331.9 337.9 349.7 354.7 367 387.6 405.5 422.7 435.3 464.3 477.6 475.7 479.6 484.7 494.4 493.7 484.2 476 469.3 454.9 448.5 443.8 448 440.3 432 419.9 410.2 398.1 384.6 371.8 358 334.1 312.5 296.4 283.3 264.4 258.4 249.1 227.8 217.4 206 195.7 188.4 181.2
105.2 108.8 110.6 115.8 121 127.1 129.7 133.3 137.5 147.7 157.1 165 171.1 173.4 171.2 163.5 156.2 169.8 172.2 172.1 177.2 179 179.5 196.6 212.8 219 225.7 244.3 260.3 276 304.2 323.8 325.3 325.2 325.9 333 346.7 348.2 358.4 370.8 393.3 399.6 418.7 440.8 464 476.9 478.2 484.6 488 501.6 509.9 509.5 506.5 495.9 478.1 478.1 468.7 465.1 461.9 455.7 440 421 397.8 384.6 367 352.8 338 319.6 307.1 298.4 284.4 278.1 264.9 248.1 232.6 216.7 204.3 196.3 187.2
113.4 118.5 123.3 128.3 134 142.7 143.2 144.8 160.5 171.7 180.7 187.6 190.3 189.1 183.5 174.1 162.4 175.4 174.4 174.5 176.6 178.4 182.2 205.4 222.5 229.9 240.2 261.2 276.8 290.2 314.9 337.8 342 341.3 340.5 339.8 346.3 351.4 359.9 381 387.3 400.9 412.6 435.6 456.5 471.6 476.1 484.4 489.4 503.5 514.1 524.7 530.6 517.8 501.3 500.3 496.1 488.1 485.6 477.2 463 432.8 406 386.3 366.8 353.8 340.5 326.5 315.1 306.6 302.7 294.6 285.9 269.7 248.5 234.2 219.4 207.9 197.6
118.8 124.9 130.5 140.1 144.6 144.8 152.3 164.8 178.2 190.4 199 204.2 204.9 201.8 192.4 185.4 177 173.3 175.7 178 179.8 181.4 194.5 213.7 227.7 237.5 255.7 279.6 295.4 309.3 322.1 346.8 352.6 354.6 355.6 355.7 358.5 364.7 369.3 378 386.1 403.6 419.4 431.6 449.5 467.2 473.4 486.4 494.4 510.6 521.2 538.7 545 535.4 522.5 520.2 512.8 506.3 504.2 496.8 480.8 445.4 410.5 387.7 370.3 356.2 345.8 333.2 324.2 321.7 319.7 312.1 305.6 293.9 272.2 250.2 232.6 218.9 210.8
128.7 131 137.3 141.6 146.5 149 161.6 177.1 191.5 204.1 212.8 217.7 217.4 211.3 202 194.2 188 180.7 178.8 179.3 181.5 188.1 203.9 220.3 236.3 251.6 279 300.2 313 328.6 337.2 352.8 360.6 366 369.7 371.5 372.2 376.2 379.2 383.8 392.4 408.4 421.4 435.6 452.7 469.3 473.3 483.8 497.3 515.1 533.4 547.4 549.5 547.2 542.1 537.3 530.1 520.4 511.5 503.4 495.9 452.3 419.2 398.6 377 361.7 346.8 341.5 332.9 336.1 340.6 338.2 324.7 313.5 296.9 268.5 250.4 235.7 223
139.7 135.3 141.7 143.9 147.2 153.1 168.9 185.1 200.2 213.4 221.9 227.3 226.9 220 209.9 201.5 195.3 191.5 186 181.5 184.7 197.3 212.9 225.6 240.9 268.9 301 319.7 326.3 339.4 351.6 363.7 371.9 380.5 382 383.2 386.9 388.1 390.1 393.8 401 418.3 428 442.3 461.1 476.8 491.4 499 509.6 528.6 539.2 543.2 551.6 556.3 556.9 546.7 540.6 528.5 522.8 510.2 497.9 463.2 427 401.6 380.9 366.1 359.5 352.3 345.6 349.5 359.7 369.7 350.3 331 319.8 292.2 270 255.3 239.9
137.3 140.9 144.1 151 154.9 158.9 174.9 191.3 205.4 218.4 228 233.4 233.6 228.1 218.4 203.7 199.7 200.4 195.2 186.4 192.1 206.7 217.3 225.3 258.1 291.7 315.3 327 331.7 350 366.3 376.8 378.6 387.6 391.2 398.2 401.5 399.8 401.4 406.5 415.6 420 429.5 443.1 455.9 470.8 489.3 502.9 517.3 531.4 533.7 544 550.1 554.4 554.5 542 532.8 531.1 517.3 504.9 490.8 462.2 428.2 403.8 386.1 372.2 367.2 360 356.3 362.4 370.3 382.6 374.7 356.5 339.8 315.8 292.1 274.3 262.5
139.4 142.8 156.7 162.2 160 163.7 180.5 194.6 206.9 220.4 231.4 237.2 238.2 234.7 228 217.6 211.6 209.2 204.4 194.7 199 208.9 218.7 244.9 281.1 302.6 319.8 325.2 331.6 349.7 371.8 385 385.1 391.3 397.7 407.6 412.2 411.7 413.3 415.7 421.3 425.6 430.3 444.8 455.3 466.1 478.8 492.4 512.5 524.9 531.2 527 527.6 533.3 535.9 528.4 523.4 520.7 515 501.5 479.8 453 427.4 405.9 392.1 383.9 376 373 363.9 371.7 382.7 392.4 405.6 385.3 358.7 337.9 319.1 307.8 291.2
144.8 147.1 161.3 163.2 165.1 169.5 185.2 196.9 205.2 221.1 232.3 238.1 240.3 238 234.3 228.7 221.4 215.2 212.7 205 204.7 210.7 232.2 262.4 293 305.8 316.2 325.1 334.8 347.3 371.6 385.8 391.1 392.2 397.1 405.1 410.1 419.6 422.7 422 423.9 427.1 436.6 443.2 454.7 462.6 468.2 477.2 483.6 496.1 506.9 510.2 515.8 518.2 517.7 515.2 511.7 503.9 504.4 492.1 472 445.6 426.4 411.1 402.6 394.4 387.9 384.7 380.7 384.1 393.7 403.9 422.8 418.6 390.9 368.3 352.6 337.7 333.1
146.9 150.1 156.7 168.6 163.8 174.1 190.1 201.7 210.9 222.1 230.3 235.9 239 239.7 238.1 234.8 230 225.8 221.2 211.7 208.3 223.3 244.8 268.3 288.7 302.8 312.4 320.4 331.5 350.3 369.8 382.9 388.9 387.5 390.5 396.4 406.8 415.4 422.2 424.2 424.5 428.6 438.5 440.5 446.3 454 460.3 464.7 475 483.8 489.7 498.1 506.8 510.3 508.9 510.5 503.9 498.2 490.6 480.4 464.1 445 430.7 424.1 415.8 408.2 401.8 399.1 395.9 391 400.6 414.1 435.6 451.7 429.7 404.4 390.1 375.8 363
141.2 146.8 156.1 159.8 167.3 178.9 194.5 205.9 214 220.4 225.4 228.8 235.1 238.2 236.6 236.1 234.4 233.8 230.2 222.7 216.1 235.6 262.4 273.4 287.9 301.4 309.5 317.9 330 347.1 356.3 369.9 376.1 382.2 384.9 394.1 403.4 410.4 418.2 425.7 427 428.5 430.7 434.7 440.3 441.5 447.4 454.7 463.1 469.3 474.6 483.1 502.8 511.6 508.8 507.8 504 494.9 489.2 480.9 468.4 450.9 443.1 437.8 429.8 422.1 416.2 411.7 409.1 408.3 407.2 421.7 444.3 465.1 470.4 443.4 421.8 408.9 396.3
