app/static/ascii/NX48.asc
ncols 200
nrows 200
xllcorner 240000
yllcorner 580000
cellsize 50
[rows 70 to 104 of 200, columns 0 to 77 of 200]
406.4 413.2 419 417.6 419.8 423 425.1 421.6 422.6 427.9 431.6 435.7 441.6 445.6 459.1 458.4 456.4 453.6 450.7 449.4 449.3 450.7 455.6 460.4 465.3 468.4 474.1 480.6 482.7 489.4 496.3 506.4 512.9 522.7 534.8 546.7 560.2 571.9 584.9 602.5 618.6 630.3 639.6 641.7 640.9 637.5 632 631.2 630.6 633.8 636.1 639.6 636.4 628.2 627.9 600.5 581.2 546.9 516.4 496.6 487.5 486.3 486.7 492.5 497.4 499.4 502.3 504.4 506.4 508.3 508.6 508.8 507.6 504.7 499.4 496.6 490.7 485.3
400.2 406.8 409.3 412.3 413.1 411.6 412.2 415.1 415.4 422.6 421.2 426.1 430.9 433.8 438.3 439.6 438.4 439.1 436.5 436.1 435.5 436.8 442.8 444 445.9 451.4 455.3 461.2 464.7 472 478.4 484.6 492.4 503.6 512.2 522.9 531.2 542 552.4 571.6 585 600.6 612.3 616.7 620.8 621.8 623.4 627.2 629.3 632.5 636.8 641.7 642.6 635.7 632.3 621.1 586.3 550.4 526.8 503.7 492.5 491.4 494.4 497.5 503.6 506.1 507.1 511.1 514.5 514.2 512.1 509.8 507.8 503.9 500.9 495.3 490.4 484.7
387.6 397.8 405.4 409.2 412.3 405.2 406.1 410.7 412.6 413.3 414.2 423.5 425.6 424.2 426.6 431.3 428 428.2 426.4 428.2 426.4 428.9 434.6 432.9 434.2 438.9 445.9 449.8 452.8 459.4 463.9 471.3 478.8 486.3 492.3 500.2 506.3 519.9 529.9 542.8 554.6 571.5 586.2 600 607.1 612.3 619.9 625.9 630 634.2 638.6 641.9 647.7 646.1 641.6 633.1 592.4 562.1 537.2 515.7 501.6 498.9 502.5 503.9 507.8 511.1 513.2 517 518.1 518.5 514.4 509.8 508.4 504 500.1 494.2 489.8 483.9
388.7 391.1 393.1 398 404.2 409.5 407.5 410.3 410 411.4 413.3 417 418.9 419.4 420.2 422.3 422.1 422 423.5 424.5 423.8 427.3 427.7 425.5 431.7 436.7 441.5 441.7 443.9 449.6 454.9 458.9 464.6 469.9 476.9 485.3 493.9 505 514.5 520.6 530.9 545.2 560 575.3 590.9 602.2 615.1 624 630.8 634.9 640.8 645.9 653.9 658.4 649.6 644.4 604.8 576.2 549.8 528.5 511.3 505.5 507.9 508.5 513.2 515.6 519.2 521.1 521.7 519.9 515.4 511.2 505.8 501.2 496.8 492.4 487.8 482.7
400.3 403.4 406.5 408.2 409.8 412.6 413.2 410.2 411.4 413.8 415.5 414.8 416.1 417.2 418.1 419.7 419.9 420.6 421.4 421.9 421.4 422.2 424.2 424.6 426.2 429.4 430 433.9 439.1 444.9 449.8 455.6 458 462.7 467.7 473.6 480.1 489.9 499.8 510 519.5 529.4 537.4 552.4 565.2 588.6 607.6 621.7 629.7 636.3 646.3 654.3 661.9 662.5 664.6 655.4 620.3 589.7 563.5 541.9 522.3 512.5 511.3 514.7 518.1 521.2 523.9 524.8 524 520.3 516.5 509.7 503.7 500 497.5 492.3 486.2 482.5
402.3 404.5 407 410.2 412 415.3 418.5 418.5 421 421 421.3 421.2 423.8 425.7 422.3 422.8 423.2 422 420.3 420.9 420.6 420.8 422.3 422.7 423.5 425.1 428 430.3 434.8 439.8 449.3 458 457.8 461.3 465.8 469.5 477.3 479 484.1 491.9 506.6 511.7 524.5 543.9 556.8 576.3 599.1 618.9 629.6 640.5 652.3 660.5 665.5 671.5 673.7 670.9 639.5 606.8 579 556.3 538.6 521.4 517 521.6 523.3 525.4 526.4 527.8 525 520.3 515.7 508.9 503.1 498.6 495.8 489.9 484.5 479.2
405.8 407.5 409.7 412.5 415.4 418.1 420.8 423.5 425.7 427.6 430.2 431.4 433 435 433.9 431.8 432.1 426.9 422.5 422.6 420.8 421.6 421.2 422.1 423.2 423.1 424.8 427.7 431 436.1 444.7 451.9 455.3 459.8 463.9 468.6 471.8 474.9 479.7 486.9 494.7 505 521 539.3 549.2 571.8 589.9 617 633.3 645.8 656.4 665.6 674.4 682.6 688.6 687.8 657.1 628.8 596.9 571.1 549.8 535.5 525.9 527.8 528.8 529.4 529.1 527.5 524.9 520.5 515.6 509.4 504.3 496.7 492.9 487.4 482.8 478.3
410.1 411.4 414 416.8 419.5 422.6 425.9 428.4 431.1 433.5 435.5 437.2 438.3 439.4 439.8 439.7 439.1 438.4 433 426.1 424.4 422.5 422 422.5 423 423.7 425.3 427.6 430.8 434.8 440.9 449.1 451.2 454.2 457 461.9 466.4 472.9 480.7 487.5 493.5 500.7 514.5 529.1 546.1 566.4 587 614.3 638.2 651.1 659.6 673 684.9 694.4 705 708.7 686.7 651 617.9 588.2 565.5 548.6 537.8 534.6 533.5 532.1 531 528.1 520.8 516.1 510.8 504.5 500 496.5 493.2 486.9 483.2 479.8
414.7 415.9 418.8 422.5 426.1 428.4 430.7 432.2 435.4 438.1 439.9 441.6 443.5 444.8 444 444 443.6 443.4 441.6 433.5 426.1 422.2 421.9 422.4 423.1 423.9 425.4 428 430.3 434.7 438.5 442.8 450.4 457.4 462.5 464.5 471.8 477.6 482.6 488.4 498.6 506.4 513 526.5 548.4 566.6 588.8 615.4 642 655.4 665.8 680.5 693.3 705.8 722.5 732 714.8 676.5 642.9 612.1 587.1 569.5 558.4 546.6 538.9 533.2 530.2 527.4 522.9 516.2 508 504.1 502.1 496.5 493.8 488.5 485.3 481.4
420.4 422.1 425.7 429.4 432 434.1 435.1 436.5 439.6 443 444.9 446.7 449.3 450.5 449.3 448.7 445.6 446.8 441.5 437.7 428.7 422.4 422 422.4 423.2 424.1 425.4 426.9 431.5 437.5 442 448.3 454.2 460.5 468.1 473.2 473.6 480.7 487.4 493.1 500.2 509.6 523.9 533.1 549.4 569.4 590.7 619.2 645.1 661.3 675 688.3 702 714.5 734.6 750.2 745.4 717.7 681.1 638.5 614.5 602.6 576.2 555.9 548.4 533.4 526.5 523.3 517.8 513.2 506.1 504.2 502.2 498.8 494.1 491.5 487.8 486.3
427.8 429 432 434.9 437.7 438.6 440.1 442 444.2 447.5 450.5 453.6 455.5 456.8 455.1 453.9 450.1 447.2 443.1 436.4 427.7 422.4 422.2 422.3 423.1 423.9 425.1 426.1 431.6 440.4 444.5 452 457.3 465.8 473.6 478.2 483.3 483.6 492.9 501.3 508.3 515.7 530.2 542.6 554.4 574.1 599.1 626.2 650.9 667 681.6 695.8 709.8 722.1 744.6 762.7 774 744.9 707 659.5 645.9 618.1 591.5 585.6 568.9 538.1 523.3 522.5 516.5 508.7 504.9 504.3 502.1 498.9 497.3 494.8 493.9 491.9
435.2 435.8 438.1 440.3 442.7 444.2 447.1 449.4 451.7 455.6 459.4 462 462.6 463.3 462.1 459.5 455.2 449.1 446.2 438.9 430.8 423.6 422.7 423.7 422.8 427 430.3 435.4 441.8 448.7 453.7 460.1 466.5 476 485.4 487.8 492.9 496.8 498.2 509 517.4 527.4 535.4 547.8 562.8 581 604.8 633.4 656.9 672.7 688.2 701.8 713.2 725.6 749 771.1 782.6 757.6 719 671.9 631.6 606.9 595.7 606.6 582 545.6 521.7 521 515.6 511.3 506.5 505.7 504.4 502.9 500.5 499.2 498.3 497.6
440.5 442.4 443.5 444.9 447.8 451.5 453.9 456.3 458.9 462.6 467 471 472.9 472.3 470.8 468.3 464.4 458 452 446.2 440.7 431.3 432.4 434.8 438.1 441.9 447.6 452.1 459.1 465.5 470.4 477.8 486.2 493.5 505.6 509.6 510.1 512.9 513.7 517.6 524.3 535.6 544.9 554.3 569.9 589.8 612.8 640.3 661.9 677.3 692.6 703.8 714.3 728.4 748.8 775.5 778.5 735.9 690.7 651.5 619.3 609.3 612.2 621.2 596.6 556.9 532 520.9 517.7 515.3 511.1 509.1 507.5 506.7 506.4 504.7 502.1 502
445.4 448.5 449.4 451.7 457.3 458.5 461 464 467.8 473.8 480 483.3 485.3 484.4 484.2 480.8 477.7 472.2 466.5 460.9 455 448 448.5 449.6 454.1 460.5 466.6 471.6 480.8 494.1 499.1 508.2 517.7 532.5 538.9 538.4 533.1 530.7 529.9 531.8 535.6 543.8 553.7 566 580.5 599.4 619.7 644.9 666.1 682.4 695.3 705.5 715.9 728.8 748.3 771.8 762.9 715.8 682.7 645.7 620.3 619.6 630.8 647.8 612.4 568.7 545.3 530.9 524 520.5 517 514 512.1 512.1 511.2 509.2 506.1 506.5
451.9 455.7 458.6 462.9 463.8 467.4 470.4 477.9 481.1 492.5 497.5 495.3 497.3 498.5 498.2 495.7 493.5 488.9 482.8 479 470.1 468.8 468.6 471.7 478.4 485.1 491.2 497.6 512.2 527.3 541.6 559.8 574.6 572.7 575.1 566.8 560.7 561 557.8 554.7 550.3 552.7 562.1 575.6 588.2 608 628.5 651.8 667.6 682 693.9 705.5 716.2 729.7 750.7 772.2 754.1 714.1 680.3 645.9 632.7 636.1 657.4 657.9 626.3 583 556.2 542.9 532.8 526.2 522.1 519.9 519.1 517.5 515.8 514.3 511.2 508.2
458.1 465.1 467.9 473.4 476.3 480.4 483.9 493.2 499 510.5 514 512.6 516.5 520 515.4 513.9 511.9 507.3 501.8 498.6 496.7 496.5 497.3 503.1 524.6 529.7 540.1 554 568.2 580 593.9 608.1 620.5 611.6 602.1 594.3 582.6 582.9 581.9 575.4 565.3 563.1 571 583.2 595.3 611 635.2 654.2 671 683.2 694.6 706.9 720.9 737 761.6 782.2 750.9 717.3 681.5 657.9 649.7 661.4 676 663.8 634 595.2 567.5 552.7 542 533.9 529.5 525.8 525.3 524.4 522.3 520.2 517.1 514.3
462.3 470 475.8 483.4 489.2 496.2 502.9 511 516.7 532.8 537.7 541.8 545.6 546.9 543.7 541.9 536.1 532 527.9 527.4 539.5 539.5 535.3 543.8 562.5 577.3 598.4 608.5 626.3 638.7 642.7 660.2 668.1 654.1 638.7 621.3 604.6 606.9 609.1 587.5 577.8 575.3 581.3 589.5 600.6 620.2 639.8 658.7 676 688.2 702.1 717.5 735.2 756.6 781.3 801.4 762.2 731 698 682.4 676.1 685.2 702 683.2 640.7 606.2 576.5 561.1 551.3 543.7 539.4 535.4 533.8 533.2 531.2 528.8 525 520.7
463.7 470.1 477.4 491.2 501.2 510.2 519.3 525.7 536.7 552.3 558.7 564.1 569.8 568.9 571.5 572.1 566.1 565.4 563.5 562.8 576.5 588.4 589.6 601.2 613.6 628.4 642.9 660.5 673 678.1 687.7 699.2 703.1 699.1 677.2 647.6 630.7 631 632.9 601 589.3 584.5 588.8 596.9 607.2 627.3 643.6 662 682.4 699.4 718.5 739.3 760.3 779.7 802.1 821.6 789.3 757.5 729.4 718.9 711.5 717.7 723.2 695.9 653.7 616.6 586 570.6 559.3 553.7 549.4 545.3 543.2 541.5 540.4 536.6 531.6 528.5
470.2 474.8 484.9 494.7 503.7 520.6 529.6 539.1 552.4 562.2 569.5 577.8 579.8 579.5 585.1 588.7 591.6 590.4 592.2 596.3 605 614.4 622.5 637.3 649.8 661.3 671.1 678.7 690.2 700 708.6 717.4 723.2 727.9 713.7 688.4 671.4 655.1 645 616.9 606 595.7 599.9 606.1 617.5 633.7 649.3 668.5 692.3 715.9 740.5 764.4 784.9 807.3 826.9 840.8 815.3 789.9 767.3 754.7 747.1 747.2 726.6 690.9 652.6 620.2 594.5 580.5 572.5 566.1 560.8 557.1 554.3 550.8 547.4 542.6 537.3 534.8
473.3 479.6 489.6 498.8 511.3 522.9 536.3 546 560.4 567.2 572.6 582.2 583.9 583.7 589.8 595.1 602.1 606.8 607.7 613.8 620.2 627.6 638.6 653.4 661.8 671.1 681.5 689.2 699.8 708.4 716.8 725.4 732.8 739.6 739.5 729.2 720.7 691.4 662.8 637.5 624.8 611.5 614.2 618.4 627.3 642.7 656.2 675.9 702.9 732.3 761.5 788.1 812.8 833.2 839.5 842.7 839.3 824.2 812.1 796.3 780.3 747 713.4 683.3 651.3 624.7 602.4 593.8 586.8 578.7 573.4 570.4 567.3 563.2 556.3 551.4 544.9 540.5
469 480.1 493 506.3 515.9 529.6 540.9 548.9 562.2 566.1 570.4 573.8 579.9 586.3 590.7 599.2 605.3 609.9 615.3 621.4 628.4 636.7 650.8 662.4 669.6 679.5 687.7 697.4 705.9 713.8 723 729.9 737.9 745.2 749.8 754.3 751.4 714.1 682.5 664.5 647.5 636.4 632.8 635.4 639.2 651.6 664.6 686.1 715 749.9 783.9 815.2 830.4 834.3 837.9 840.4 839.3 837.2 834.4 825.5 794.9 758.1 722.7 696.7 669.1 637.5 618.1 611.2 606.2 602 596.3 585.3 580.5 573.9 564 559.8 552.5 551.6
468.5 478.9 491.9 501.8 516.1 531 541.6 548.7 554.1 558.8 563.3 570.7 574.1 581.6 585.8 592.3 597.9 606 612.8 619.6 631.6 642.4 657.7 667.7 678.2 687.3 693.7 704.2 709.8 717.6 726.3 731.7 739.3 746.7 753.1 758.3 762.9 744.5 707.3 694.9 680.1 668.4 659.2 657.1 656.5 664.2 677.8 698.3 728.4 764.2 802.1 823.6 827.8 829.4 833.8 837.5 835.9 834.7 832.2 823.2 803.7 775.9 741.8 714 686.3 658.7 643.7 633.3 631.7 630.8 626.6 612.3 597.3 584 576.1 566.7 559.6 556
466.5 478 489.6 500 513.7 526.6 536 542.3 545.7 550.7 554.6 560.9 566.9 572.1 576.6 579.8 586.1 594 603 613.8 624.6 639.3 657.2 670.9 681.2 689.8 699.6 705.8 712.2 719.2 727.1 733 740 746.9 753.7 761.1 767.8 771.2 747.1 733.5 718 700.7 688 687.6 683.7 689.7 698.5 717.6 746.1 783.7 814.8 819 823.1 825.3 826.9 829.9 830.1 827.6 824.1 814.4 799 775.9 754 732 710.5 692.4 684.4 670 667.7 648.2 639.5 624.2 606.9 588.4 581 573.9 565 559.4
466.1 475.7 489.1 502 512.4 522.3 528.9 533.1 537.8 541.3 547.4 551 553.5 558 564.6 571.6 578.7 586.5 593.8 602.4 614.2 629 647 665.4 678.5 689.7 699.5 706.1 713.1 720.9 728.9 735 742.1 749 756.1 764.2 769.9 774.9 777.7 770.7 760.4 736.6 724.6 719.6 731 727.7 739.2 746.2 770.7 800.8 811.4 814.8 818.8 819.4 819.8 820.2 819.9 818.5 814.6 805.9 793.9 773.2 753.5 739.9 720.2 709.4 699.5 684.2 680.3 657.1 644.1 631 610.6 598.7 589.8 580.7 574 562.2
457.6 470.9 484.5 497.9 508.2 516.8 523.6 526.1 528.5 532.1 534.9 537.6 542.3 548 555.2 561.9 572.1 580.8 588.9 596.7 607.1 620.5 636.7 655.9 670.7 684.9 697 705.3 712.8 720.3 726.4 733.5 740.1 747.5 755.3 764 770.2 774 777.8 778.6 776.3 774.2 765.7 769.9 770.6 771.1 777.4 785 790.6 797.6 803.1 808.7 810.3 804.2 805 806.4 806.9 806.7 803.4 796.4 786 771.9 755.1 741 723.7 709.1 703.1 696.1 688.2 663.4 646.4 631.9 616.8 603.6 592.9 584.1 573.8 563.7
455.2 469 483 494.1 503.5 511 515 518.4 518.8 520.2 522.2 526 531.5 536.7 546.5 555.4 565.9 576.5 585.3 593.8 603.2 613.6 628.2 644.6 660.8 675.6 690.1 700.5 710.6 717.7 723.8 729.8 737.3 745.3 752.2 760.2 766.3 770.5 772.9 775 773.1 772.7 776 778.6 780.2 780.9 784 783.6 787.2 792.4 795.6 798.9 798 778.3 777.2 782.6 787 786.1 784.3 782.9 772 764.8 751.9 738.1 727.4 706.4 699.6 691.7 684.5 668.9 655.6 642 622.7 608.2 595.9 583.2 573.2 561.9
454.3 469 482 492 498.7 503.5 505.2 504.9 506.7 507.4 510.3 515.1 520.7 526.1 537.3 551.7 562.2 572.6 582.6 592.1 601 611.2 621.9 638.4 651.7 667.3 676.5 688.9 700.5 708.9 715.2 721.7 730.3 738.3 746.1 752.6 757.9 761.1 765.4 766.6 765.6 766.3 768.5 771.4 771.7 772.2 775.3 777.4 780.7 784.2 785.5 788.4 782.5 757.5 754.6 751 758.8 758.6 760.4 758.6 757.3 752.1 742.7 731.9 721.7 703.7 704.6 689.5 685.3 670 663.3 652.4 633.1 615.8 606.2 596.8 584.2 571
455.3 468.6 480.5 488.1 493.3 495.1 495.7 491.8 493.1 495.3 498.4 504.6 509.6 517.4 529.3 544.8 556.5 567.6 579.5 587.5 597.2 606.1 616.8 629.9 644 657.4 669.5 679 687.1 695.6 702.8 710.4 718.4 726.2 734.3 742.1 748 751.8 756 757.3 757.9 758.6 760 762.3 761.8 764.4 766.8 769.6 773.7 775.6 776.8 775.7 765.2 737.3 736.8 725.9 725 728 727.8 733 734.5 732.2 725.3 720.3 715 697.7 699.8 686.9 676.6 662.7 658.2 648.9 633.5 623.6 607.3 598.7 585.5 573.6
456 467.9 477.8 483.9 484.6 483.7 479.5 479.6 480.6 484.6 488.2 494.1 502.6 512 522.9 537.4 547.8 560.4 572.1 581.4 591.2 600.5 610.7 622.1 635.9 646.8 657.4 668.1 676.7 683.5 690.2 696.8 704 712.4 721.1 728.9 736.9 742.5 744.5 747.6 748.9 750.4 751.9 753.2 753.9 757 759.4 762 764.9 766 767.6 762.2 743.1 713 709.3 695.7 699.6 699 699.2 703.3 705.5 706.5 707 706 697.2 690.9 687.8 679.7 671.5 656.8 647.7 638.7 633.4 620.2 608.4 597 584.8 571.4
457 466.7 473.2 475.4 474.1 470.3 468 467.7 470.9 475 479.2 485.7 496.9 506.7 517.7 527.7 539.4 551.6 561.3 571.6 580.5 590.6 601 615.4 628.2 636.6 647.3 655.4 660.8 667.5 673.4 678.9 686.6 696 704.3 715.4 724.4 731.8 735 737.8 739.7 740.5 741.9 742.2 744 746.7 749.6 752.6 756.3 757.4 758.1 746.5 716.1 691.6 685.2 668.3 675.6 671.3 669.5 671.5 673.1 677 685.5 690.4 684.8 683.5 679.2 669 664.6 652.5 639.1 633.6 627.4 619.6 592.7 589.6 579.7 567.9
451.9 462.2 466.2 464.4 460.7 458.7 457.1 458.3 461.1 464.3 469.8 481.1 492.6 499.9 508 518.1 529.5 538.9 550 558.5 568.5 577 590 603.8 614.1 626 633.8 640.9 646.7 653.8 659.6 665.5 673.1 680.8 690.9 701.6 712.2 719.6 725.6 728.7 730.4 730.8 729.3 731.1 732 733 740.4 743.7 747.1 749.8 748.3 732 697.5 671.5 659.3 648.5 645.4 646.7 643.7 644.3 643.3 648.9 670 673.5 672.3 678.7 671.7 655.6 652.2 638.1 629.8 631.2 625.7 616.8 593.9 576.9 569.1 564.7
448 457.1 456 451.8 447.7 446.6 446.7 448.9 449.4 453.5 462.3 474.2 481.7 488.7 495.4 504.3 512.7 521.9 533.8 544.5 554.1 562.9 574.3 591.4 603.5 611.8 617.3 623.6 629.9 638.7 644.6 649.8 658 667.4 680 692.2 700.4 709.1 716.2 719.1 718.8 717.5 714.4 717.6 717.7 721.7 731 737 740.3 742.2 738.8 714.6 682.3 653.2 634 626.7 623.2 621.7 615.9 610.3 615.3 625.8 645.2 656.3 660.8 666.1 658.8 641.3 629.8 625.4 624.1 620.5 619.5 613.6 603 585.5 574.7 564
445.2 446.4 446.5 437.6 434.4 431.1 435.5 437.5 438.8 443.5 455.8 462.8 468 473.6 481.7 487.2 495 504.8 516.3 525.4 535.7 544.8 555.7 571.9 584.3 591.1 600.4 604.4 610.1 618.8 626.3 633.9 643.4 655.6 671.5 682.8 691.5 700.6 707.8 709.6 708.7 702.2 699.1 699.9 699.8 715.1 722.8 730.5 733.1 734.2 730.2 698.8 662.5 635.1 618.2 606.5 605.8 599.2 593 589.3 597.6 612.2 631.1 645.7 651.5 656.2 646.7 626.1 615.8 609.9 617.5 612.3 615.9 608.4 603.2 590.5 580.5 569
435.5 430.9 428 425.2 420.8 421.9 422.9 425.4 426.8 433.8 443.4 448.1 455 457.4 468 472.7 480.2 489.3 499.6 510.5 520.8 530.5 535.8 548.2 564.3 572.1 580.5 586.3 592.2 599.4 609 617.8 630 645.9 660.8 673.9 684.8 692.2 700.8 702.6 697.9 684.5 678.7 679.9 694.7 708.6 715 721.6 725.7 726.8 720.6 684.5 646.8 617.7 603.8 590.5 580.6 577.9 573.6 572.7 582.8 597.4 608.3 625.8 637.6 647.2 627.3 607.6 603 596.4 603.6 600.7 606.9 607.3 605 599.7 588 574.5
417.5 414.2 413.8 411.5 409.9 409 410.6 414 416.9 421.7 427.1 435.6 437.5 447.5 456.8 462.9 468.7 476.2 488.1 499.3 510.3 517.4 525.8 531.2 546.9 556.3 563.8 568.3 576.4 585.5 595.1 606.8 619 634.3 652.3 670.8 682 688.2 693.9 693.8 678.5 667.2 662.1 666.4 687.5 700.5 708.2 714 717.9 718.3 710.4 672.1 633.2 606.5 592.2 571.4 565.6 558.2 555.7 562.6 571.9 583.9 593.5 605.1 621.6 632.9 611 594.3 592 583.4 591.6 593.9 606.3 611.3 609.2 600.1 591.6 577.8
