app/static/ascii/NX49.asc
ncols 200
nrows 200
xllcorner 240000
yllcorner 590000
cellsize 50
[rows 0 to 34 of 200, columns 78 to 155 of 200]
329.6 326 321.1 317.5 313.5 307.2 301.3 295 290 287.3 282.2 279 276.1 274.2 274.1 277.5 274.8 274.5 276 274.3 270.5 269.6 270 271 272 273.4 275.4 279.2 282 285.7 285 286.7 286.7 287.6 289.9 295 295.3 297.7 296.3 297.9 302.2 305.6 308.4 309.9 310.2 311.1 309.8 305.7 301.1 295.5 289.8 287.2 286.2 284.7 282.3 275.4 273.1 268.3 265.7 267.5 265.8 264.2 261.8 257.6 253.5 251.4 248.9 246.4 245.1 244 242.5 240 235.6 231.3 227.1 225.4 224.6 219.6
328.6 323.1 319.3 316.7 315.1 305.9 300.6 296.9 292 286.5 282.4 280.4 277.7 275.5 277.3 275.9 275.8 275.4 274.6 273.8 268.1 269 269.8 269.7 271.7 271.4 272.4 275.9 277.4 278.9 279.6 282.9 284.1 286.4 287.8 288.1 288.5 292.3 293.8 297.5 300.8 303.5 304.9 306.5 308.3 309.1 308.9 307.4 304.8 295.7 289.7 287 284.4 283 279 274.1 272.8 269.3 269.4 269.6 267.4 262.8 259.5 256.2 253.5 252.6 250.5 248 244.2 242.4 241.4 236.9 232.2 230.1 228.2 227.1 224.7 220.9
320.3 321.1 319 317 310.9 305.3 299.9 296.5 292.1 286.4 283.4 280 278.9 277.5 276.6 276.2 276.1 275.8 274.6 274.1 266.8 269.2 268.9 267.9 270.6 269.6 271.3 274 275.1 277.2 278.8 281.5 284.4 286.9 287 287.2 287.7 289 293.6 294.6 297.6 300.8 302.7 305.3 307.3 310 309.6 309.1 302.5 296 290.3 287.2 285.1 281.3 279.9 276 272.3 270.9 270.1 268 265.3 263.4 259.6 256 252.4 250.7 250.8 244.1 242.7 241.1 239 236.2 231.9 230.7 227.6 225.2 222.9 217.6
314.4 316 313.9 313.1 310.4 305.2 299.4 295.6 290.8 287.2 282.7 280.8 280.4 279.1 277.5 276.8 275.8 273.8 273.3 269.4 265 266.4 266.1 266.8 268 268.4 270.5 273.4 274.4 276.7 278.2 278.4 282.8 284 285.7 286.5 287.6 289.7 292.5 293.2 295.2 299.5 301.5 305.1 306.9 307.7 311.6 308 304.2 299.1 293.8 288.5 284.6 282.1 279.5 276.1 274 272.6 270.2 268.5 266.8 260 254.1 251.2 245.4 244.4 244.1 243.8 243 240.1 236.2 235.1 233 229.3 225.9 223.6 221.9 217.9
308.6 309.2 308.1 308.3 306.6 304.7 300.7 296.9 292.4 289.9 285.8 284 281.5 280 278.3 275.6 274.5 272.4 270.5 267 264.1 262.5 266 267.8 268.3 269.1 270.2 272.2 274.9 275.2 276.2 277.2 279.2 281.1 284.7 285.6 286.7 288.4 290.2 292 296.2 297.9 300.1 304.2 305.9 306.9 309.7 310.2 305.8 300.7 295.2 288.5 286 282.3 279.6 276.7 273.7 272.4 269.1 269.4 271.4 261.9 257.7 255.2 252.4 247.9 247.9 247.2 246 242 238.5 235.6 233.2 230.5 227.9 225.5 222.1 219.2
305.1 306.5 304.6 302.1 302.5 305.3 300.9 296.8 292.8 289.9 286 284.7 284 281.4 278.6 276.4 273.9 273.1 269.6 267.8 264.1 262.3 266.3 268.3 269.1 269.2 270.4 272.8 273.9 276.7 276.2 278.1 278.9 280.7 281.2 283.3 285.6 288 290 292.2 296 298.6 302.8 302.9 305.3 306.5 308.7 307.7 306.1 302.9 296.8 292.1 287.2 282.9 279.6 277.5 272.7 270 267.4 267 263.1 260.4 259.8 256.9 251.1 251.2 249.5 246 245.1 241.8 239.8 238.3 234.6 230.6 226.8 224.9 222.5 220.5
300.5 299.2 300.9 299.5 298.4 298.6 302 298.5 292.7 292.4 287.1 289.7 285.4 283.2 280.3 278.5 274.4 272 269.7 268.8 267.4 260.6 264.5 268.3 269.6 270.2 271.1 273.9 275.2 276.3 276.6 279.2 279.4 280.9 282 282.3 285.5 289.5 291.7 292.8 296.1 299.3 302.2 304.2 304.3 306.3 309 308.4 308 305.3 298.7 292.3 286.9 281.9 276.9 275 273.5 271.1 267.2 261.7 261.4 258.2 256.3 256.1 254.5 252.2 250.4 247.3 243.9 242.2 239.3 236.1 233.8 231.1 227.2 224.4 222.7 219.4
291.4 293.1 293.7 294.3 295.8 295.2 294.5 292.8 290 288.2 286.3 284 281.5 279.5 278.7 276.9 275.4 272.1 270.3 269.4 266.6 263 261.8 266.2 267.4 269.9 269.8 272.5 275.6 275.9 277.3 280.6 279.5 279.9 281.5 283.1 283.6 285.2 288.6 292.5 295.4 299 301.9 302.7 303.8 305 307.3 307.2 304.4 301.1 295.3 289.8 284.6 281.1 275.7 274.6 273 270.7 264.2 261.6 261.4 260.6 258.5 257.5 253.8 252.2 248.4 245.7 244.8 243.9 239.9 234.3 232.4 229.6 227.3 225.4 221.1 217.8
286.3 288.4 288.5 290 292.5 294.5 290.1 288.8 287.4 285.7 283.8 280.1 277.8 276.2 274.8 274.2 271.7 271.1 270.9 269.7 267.2 262.3 258.5 261.3 264.3 264.6 266.9 269.7 273.3 274 272.9 274.1 275.8 278.8 279.4 282 284.7 285.1 287.3 290.2 293.5 296.3 300.4 302.1 304.9 306.2 304.8 306.4 305.3 300.3 294.3 289.4 285.4 281.1 276.9 273.1 271.6 267.9 263.7 264 263.9 261.5 259.4 255.8 254.8 252.7 250.8 245.1 243.4 240.7 236.5 231.4 230 228.2 224.1 221.1 219.3 217.8
280.6 281.2 282.9 284.2 286.1 286.3 286.2 286 284.8 283.1 280.9 278.9 276.8 274.8 273.1 271.4 270.7 270.4 270.8 270.2 268.2 263.6 258.3 258.5 260.7 263.4 266 268.9 270.3 270.5 271.3 273.6 275.6 276 276.7 279.9 284.2 286.4 287.7 290 295.7 298.1 299.6 301.8 305.7 306.9 305.3 303.1 302.3 298.6 295.4 291.5 287.6 283.2 279.5 275.5 269.3 269.3 268.8 267.8 265.1 263.5 261.9 260.3 257.9 254.5 250.1 245 242.7 237.1 232.1 229.8 229.4 226.5 223.8 222.4 221.4 219.6
275.3 277.5 279.9 282.2 282 282.1 282.8 283.5 282.9 282.1 281.2 279.3 276.2 273.2 273.4 271.6 271.3 270.3 270.7 271.6 272 265.2 257.8 257.7 262.1 263.9 265.4 267.1 268.8 269.4 270.1 270.5 270.9 272.9 275.6 278.6 283 287.5 288.5 290.4 293.2 296.5 300.2 302.5 304.8 305.8 304.9 301.9 300.4 297.9 293.5 291.6 288.8 284.6 280.3 275.7 272.9 272.9 272 270.7 268.7 266.4 264.1 261.6 259.2 257.1 252 247.1 241.1 238.5 232.5 230 229.5 226.5 223.4 223.2 220.8 220.6
270 272 275.3 277.7 278.1 280.2 281.5 282.1 282.1 281.6 279.9 276.5 274.4 272.2 271.6 270.2 268.6 268.3 267 267.4 265.4 265.4 260 256.7 260.9 264 265.6 268 271.6 270.8 270.5 269.6 269.9 271 276 278.2 282.4 288.2 290.3 291.3 292.5 296.1 299.8 302.9 306.5 308.3 306.1 301.7 299.8 297.6 293.2 290.9 288.9 284.6 282.9 280.2 277 275.4 274.2 272.3 271.2 268.1 266.3 265.9 262.1 257.7 254.2 250.7 244.6 240.5 236.6 234 232.2 228 223.8 220.1 219.9 221.4
262.8 267.1 270.8 275.2 276.7 278.3 280.2 282 281.6 279.8 276.5 273.4 272 270.8 270.1 268 266.2 265 264.5 263.9 263.6 265.5 261.4 256.5 260.5 263.4 265.3 268.3 272.2 272.1 269.9 268.6 268.9 269.8 272.5 278.4 282.2 287 292.1 293.4 293.6 295.7 299.1 302.5 305.8 307.1 306.4 303.1 300.2 297.9 294.3 291.9 289.3 286.6 284.6 281.8 280.9 278.4 278.5 274.4 272.3 271 268 263.7 261 259.1 257.1 254.4 249.6 243.3 238.4 233.4 230.9 228.2 225.5 223.7 219.6 216.2
257.4 261.1 267 267.6 271 273.8 274.6 275.8 274.9 272.5 271.7 271.7 271.2 270.1 268.4 266.1 265.2 264.3 263.6 263.1 262.6 261.8 260.8 260 255.7 260.6 263.4 266.5 268 267.8 267.6 267.4 267.9 268.9 270.3 276.5 283.6 287 291.8 298.3 295.2 296 300.2 303.6 305.7 307.8 309.1 309 306.3 300.6 298.3 296.2 294.4 292 291.1 286.7 281.5 281.4 278.8 278.7 276.3 274.3 268.1 264.9 262.8 261.7 258.8 256.3 249.9 242.7 237 233 231.5 228.9 228.1 227.4 224.8 223.2
256.5 257.3 262 263.2 260.7 261.2 263.8 263.6 264.8 270.4 269.4 270.3 268.6 267.1 267 265.5 264.7 263.8 262.8 262.3 261.4 260 258.8 256.5 254.4 259.8 263.3 265.1 267.3 267 266.7 266.5 267.2 268.3 269.8 273 277.7 283.2 288.9 303 296.2 297.5 298.2 302 304.6 305.1 306.6 307.5 306 304.9 303.3 301.7 297.2 295.6 295.6 289.8 284.8 283.2 281.6 279.4 276.6 275.9 273.8 268.9 267.3 264.2 261.6 257.8 257.3 247.6 243.1 235.1 232.7 230.9 229.7 229.3 229.9 226.5
258.1 259 260.9 259 256.6 260.7 261.3 263.1 266.6 264 264.2 266.7 265.9 264.8 265 264.4 264 263.2 261.8 260.2 259.7 259.7 259.1 257.6 254.4 258.2 262.2 263.6 265.5 266.2 265.9 266 266.8 267.7 269.4 272.6 277.6 281.7 283.3 287.9 291.3 292.1 295.8 299.8 302.7 305.6 307.4 307.9 310.3 311.1 306.9 304.7 299.9 297.7 293.8 289.2 287.2 284.9 282.7 283.1 282 279.4 277.1 272.5 268.8 266.7 263.4 257.9 252.8 248 241.4 235 233.8 232.3 231.2 231.1 231.6 226.5
265 262.7 257.8 254.4 254.4 254.4 259 259.2 262.8 261.3 260.8 262.4 262.6 262.6 263.3 264.3 262.7 260.9 260 259.5 259 258.9 258.9 258.7 255.1 254.4 257.3 259.6 265 265.1 262.4 264.6 265.6 267 268 271.4 273.3 274.6 278.6 283.3 285.8 290.2 295.9 300.4 304.1 306.4 308 309.2 309.8 309.6 305.9 304.3 301.9 298.4 295.8 295 292.4 289.5 287.4 285.4 283.8 282.5 279.3 275.3 272 269 265.6 260.2 254.2 249.4 243.4 236.4 235.2 233.5 232 231.2 230.1 227
268.8 264.6 254.4 254.4 254.4 254.4 254.4 254.4 254.4 256.7 259.7 261.1 261.8 261.8 261.5 261.4 260.6 260.3 259.6 258.8 258.2 258 257.4 257.9 254.4 254.4 254.4 256.6 263.3 260.7 260.3 263.3 264 265 266.9 269.7 270.5 273.1 276.3 280.2 284.1 288 294.6 300.8 303.2 307.5 308.2 307.9 307.8 307.6 305.9 304.5 302.1 300.1 301 300.2 297.8 292.6 290.1 287.7 286 284.5 282.9 281.8 278 270.6 265.1 259.9 253.9 251.1 242.3 236.4 233.4 232.2 231.5 230.8 229.4 229
274.1 266.9 256.2 254.4 254.4 254.4 254.4 254.4 254.4 254.4 254.4 260.2 261.2 261 260.8 260.6 260.3 260.1 260 258.7 257.8 256.7 255.3 255.1 254.4 254.4 254.4 254.9 257.3 257.3 258 261.5 262 264.5 266.5 268.5 269.4 271.5 272.9 275.3 281.6 286.1 293.2 300.3 300.8 302.9 306 306.9 308.6 307.9 308.6 307.6 306.2 304.7 304.5 303.2 300.5 293.9 291.3 289.1 287.7 286.1 285 283.1 281 274.8 265.6 258.4 254.6 250.4 238.9 236.4 234.3 231.6 231.4 231.2 231.1 230.4
278 265.5 258.9 254.4 254.4 254.4 254.4 254.4 254.4 254.4 254.4 260.7 259.8 259.8 259.6 260.1 259.8 259.3 259.8 259.5 258.5 257.4 255.1 254.4 254.4 254.4 254.4 254.4 255.6 255.5 257.3 258.6 260.2 263.6 265.9 268 269.5 269.8 271.9 273.1 275.4 279.8 283.7 288.9 293.6 299.4 303.4 308.4 311.5 309.5 310.1 311.6 309.6 308.2 307.1 304.9 302.4 295.2 292.1 289.2 286.8 286.2 285.4 284.5 279.4 273.6 266.6 260.4 254 245.8 242.2 239.7 236.8 234.1 233 235.2 232.8 232.1
281.5 271.7 268.2 260.6 254.4 254.4 254.4 254.4 254.4 254.4 254.4 254.4 254.9 256.4 257.1 260 259.2 258.4 259.8 260.1 259.3 257.3 255.1 254.4 254.4 254.4 254.4 254.4 254.4 254.4 255.1 255.3 258.2 262.3 265.4 267.6 268.2 268.2 269.7 271 272.9 276.8 283.1 288 295.5 300.7 304.7 310.7 313.6 312.2 310.1 309.4 310.5 310.4 308.3 305.4 305.1 297 292.8 289.1 283.9 282.2 281.6 276.6 274.2 269.5 264.3 258.5 252.8 248.8 244.9 241.4 239.5 235.1 234.4 233.5 233.3 233
290 282.3 273 264 258.8 259.3 259.7 258.3 254.4 254.4 254.4 254.4 254.4 254.4 254.4 259.1 259.7 258.6 255 259 260.1 255.6 254.4 254.4 254.4 254.4 254.4 254.4 254.4 254.4 254.4 254.4 256.6 259.4 262.1 262.5 264.1 266.8 269.5 269.9 270.5 272.3 277 283.7 291.2 298.1 304.1 310.5 314.4 313.1 308.7 309.5 307.1 304.4 306.1 302.2 303.4 295.5 290 285.9 281.9 279.5 276.1 273.7 271.1 267.2 263.6 261.9 256.1 250.4 246 242.1 240.1 236.8 235.5 233.8 232.9 232.4
302.7 286.6 278.1 271.9 263.9 264.2 262.8 261.7 254.4 254.4 254.4 254.4 254.4 254.4 254.4 256 259.7 256.7 254.4 258.7 256.1 254.6 254.4 254.4 254.4 254.4 254.4 254.4 254.4 254.4 254.4 254.4 254.4 254.4 256.9 259.2 261.7 263 266.3 267.3 269.3 270.7 276.1 283.2 291.2 298.7 305.1 310.7 310.6 306.4 306.7 306.2 306 299.9 297.3 295.5 293.2 290.4 288.5 285 281.3 277.7 275.2 270.6 269.2 264.7 264.8 262 256.5 253 247.7 243.4 240.6 238.4 235.7 233.3 232 230.3
302.8 296.7 287.3 277.6 272.5 270.3 265.4 262.9 261.2 254.4 254.4 254.4 254.4 254.4 254.4 254.4 254.4 254.4 254.4 254.4 256.8 254.4 254.4 254.4 254.4 254.4 254.4 254.4 254.4 254.4 254.4 254.4 254.4 256.2 256.8 258 260.2 261.6 263.5 266.6 268.7 270.4 273.8 279.6 287.4 297.9 304.3 304.1 304.1 302.1 304.3 302.7 301.8 299.7 295.1 291.4 289.6 286.9 284.7 280.4 278.6 276.6 272.5 269.4 266.5 263.5 263.7 259.8 255.2 252.7 249.7 245.6 240.6 238.4 233.7 230.9 229.6 230.1
309.9 304.1 293 285.3 278.7 274.5 271.5 268.8 264.4 260.6 259.6 256 254.4 254.4 254.4 254.4 257.9 256.6 254.6 256.8 257.4 257.4 255.6 254.4 254.4 254.4 254.4 254.4 254.4 254.4 254.4 254.4 254.4 255.3 257.9 258.2 260 260.6 262.8 264.7 266 268.9 270.8 275.2 286 295.9 301.7 298.7 298.8 300.9 301.6 302.1 298.2 296.2 292.4 290.1 287.9 284.5 281.7 278.5 276.7 274.5 272.3 269.4 265.4 261.8 259 256.7 255 252.1 245.7 242.5 239.4 236.9 232.8 229.4 227.8 227.8
314.5 304 299.9 292.1 284.6 281.3 279.3 273.7 268.7 264 263.1 260.1 259.5 258.8 259.1 259.1 258.8 259 258.4 257.7 257.2 256.5 257.7 256.2 255.4 254.6 254.4 254.4 254.4 254.4 254.4 254.4 254.4 255.1 257.5 258.2 258.9 259.4 260.6 262.3 262.5 264.1 266.3 273.3 281.1 287.4 290.6 293.3 296.1 300 301.5 300.8 296.9 293.6 291 288.1 286.1 282.7 281.4 277.8 276.7 275.2 270 266.2 262.9 262.1 259.6 254.6 252.2 250 243.8 240.4 236.7 229.5 228 227.8 226.6 225.8
318.6 310.6 306.2 296.3 290.8 286.2 282.7 277.4 274.3 269.8 268.4 266.5 265.1 261.3 260.9 260.5 260.5 260.4 259.5 258.6 257.9 257.6 258.5 259.5 255.5 254.9 254.4 254.4 254.4 254.4 254.4 254.4 254.4 254.7 257.3 257.8 257.8 256.9 258.4 259.4 260.9 262.1 265.4 271.2 277.3 285.4 288.7 290.3 293.9 297.1 301.4 299.3 295.2 291.8 290.3 287.9 284.8 282.7 282.1 278.7 274.5 272 265.4 263.2 260.5 260.6 259.4 253.3 248.2 241.6 239.3 238.6 233.9 231 229.3 229.8 228.5 227.5
324.1 318.8 311.1 301.8 296.8 293 287.6 285.3 279.8 274.2 272.7 271.3 268.9 264.3 262.3 261.6 261.3 260.6 259.8 260.2 258.7 258.4 258 254.7 254.4 254.4 254.4 254.4 254.4 254.4 254.4 254.4 254.4 254.4 254.4 258 256.8 254.8 256.9 257.2 260.1 260.6 264.9 269.7 274.6 279.6 284.8 289.2 290 293.4 298.2 298 293.8 290 288.3 286.5 283.1 280.2 278.2 275.3 272.3 270.7 264.4 262.4 259.9 257.6 255.5 251.4 247.7 240.3 237.2 235.9 236.6 233.9 232 231.3 230.4 227.7
330.4 323.1 314.7 305.2 301.9 299.1 294.9 291.3 284.7 279 275.9 275.8 272.9 270.6 266 264.5 262.3 262.1 263 260.9 259.4 258 257.1 256 256.8 254.4 254.4 254.4 254.4 254.4 254.4 254.4 254.4 254.4 254.4 258.1 255.7 254.4 254.4 256.2 258.5 260.5 263.2 268.2 273.5 277.3 282.3 285.8 287.4 289.9 292.7 293.6 292.9 288.3 285.3 282.9 280.8 278.4 276.5 272.7 271.5 270.8 263.1 260.4 258 256 253.2 245.9 242.2 241.7 240.2 237.3 236.6 234.1 231.7 230.4 228.6 226.4
331.3 329.1 316.6 309.4 306 305 302.4 295.2 288.1 282.6 278.8 279.7 278.2 276 271.9 268.9 268.2 265.3 263.3 262.4 260.8 259.8 257.7 256.5 256 254.4 254.4 254.4 254.4 254.4 254.4 254.4 254.4 254.4 254.4 255.2 254.4 254.4 254.4 255.8 257.6 259.6 263.3 268 271.3 273.5 280.7 284.4 282.2 283.8 287.1 287.6 290.5 286.8 281.2 279.2 278.7 277.3 274.9 271.1 269.4 266.6 259.6 257 255.5 253.1 250.3 246.4 244.3 243 240.2 238.1 235.1 232.1 230.5 229 225.8 224.4
330.3 325.8 316.9 313.4 309.9 307.1 302.4 296.1 291.6 286.7 282.6 282.8 285.3 280.3 280.2 277.1 272.1 268.5 266.6 264.1 262.7 260.9 258.4 255.8 256.4 254.4 254.4 254.4 254.4 254.4 254.4 254.4 254.4 254.4 254.4 254.4 254.4 254.4 254.4 256.2 258.1 259.8 262 265.1 267.9 269.6 274.3 275.7 278.2 280.5 281.7 283.4 285.3 282.4 279.9 277.6 275.8 273.8 272.3 270.7 268.7 263.3 257.5 256.3 254.7 252.1 250.3 247.2 245.8 242.5 240.3 238.3 235.5 232 230.8 229.2 224.6 222.7
334.4 326.7 323.7 320.3 313.7 307 303.1 299.7 296.4 289.5 285.8 286.1 286.8 286.8 286 282.5 277 275.1 272.2 271.2 269.7 262.9 260.2 260.3 258.2 258.3 254.4 254.4 255.6 255.6 255.5 255.4 254.4 254.4 254.4 254.4 254.4 254.4 254.4 256.2 258.7 259.7 260.8 264.3 266.5 268.1 271.6 273.5 277.6 279.9 280.3 280.6 282.4 282.2 277.6 275.6 274.4 273.1 272.3 270.9 265.9 259.1 257.9 255.2 252.7 250.9 248.5 246.3 243.1 241.7 239.6 238 235.3 231.2 228.7 225.4 224.2 222.1
338.7 330.5 325.4 320.9 315 310.3 307 302.3 297.6 293.5 291.8 294.1 293.6 293.6 293.2 292.1 289.5 281.9 280.1 276 270.4 266.3 265.9 263 260.1 258.7 254.4 254.4 256.2 256.9 257.1 256.9 257.1 258.1 260.1 258.8 254.4 254.4 254.4 257 259.1 259.4 260.1 262.2 264.9 267.1 269 272 276.7 277.7 277.9 277.4 276.1 275.8 273.8 274.3 273.8 272.5 270.9 267 261.1 258 255.7 253 250.1 248.8 247.4 246.5 243 241.4 239.2 235.7 234.1 227.4 224.6 223.2 222.4 219.4
337.6 332.7 328.3 323.9 319.2 313.2 309.2 305 299.4 298.3 299.9 302.3 301.4 301 301.1 301.2 299.8 291.1 285.9 280.4 276 272.7 269.4 265.5 260.8 258.2 256.7 255.2 256.5 258.1 258.8 258.2 258.4 258.5 259.6 259.9 254.4 254.4 254.4 254.4 256.9 257.4 258.4 259.9 262 263.6 267.5 271.3 274.7 275.3 274.5 273.3 272.2 272.1 272 272.4 273.7 270.3 267.8 263.8 260 257.1 254.4 253.7 248.8 247 246.6 244.2 242.4 242.2 239.7 237.5 232.8 227.7 225.8 224.3 222 221.5
337.5 334 329.6 326.1 322.2 318.3 314.2 311.8 312 311.6 311 311.1 309.6 308.3 308.5 308 304.3 298.3 293.7 289.8 283.9 278.2 272.3 267.2 263.2 259.3 258.7 258.3 258.1 259 259.6 259 258.9 258.2 257.5 255.8 254.4 254.4 254.4 254.4 254.4 254.4 254.4 258.1 259.2 261 265.3 268.7 271 271.8 272 271.3 270.6 270.8 270.7 269.8 269.8 268.5 267.8 264 259.7 256.8 254.2 249.7 248.1 242.8 241.8 243.1 241.5 241.1 239.9 238.4 236.9 233 227.2 225.6 224 224.6
