app/static/ascii/NX55.asc
ncols 200
nrows 200
xllcorner 250000
yllcorner 550000
cellsize 50
[rows 111 to 147 of 200, columns 82 to 163 of 200]
254.6 261.4 255.4 263 270.8 272.8 264.4 271 276.9 273.9 275.2 281.5 279.2 278 274.4 264.7 254.5 245.5 231.2 211.5 191 184.2 181.9 179.5 173 166.4 161.3 169.6 178.1 190.4 192.4 187.5 179.3 162.7 144.7 117.9 106.4 94.7 85.5 78 80.5 81.8 87 91.1 92.1 88.7 85.6 83.7 76.6 67.7 56.3 48.2 40 32.5 27.2 24.6 18.3 16.2 9.8 7.8 3.5 1.8 -3 -3 -1.2 -0.5 0.3 1.5 3.5 3.5 3.5 2.9 2.5 2.5 2.6 2.5 1.9 1.3 1.3 1.3 1.2 1.1
253.8 256.1 250.5 255.9 256.6 256.9 254.5 256.4 258.1 258 263.2 272.1 277.6 274.2 266.1 263.5 255.3 242.7 229.4 211.9 189.7 183.2 181.5 178.3 169.1 160 159.1 156.5 173 176.4 180 180.8 172.4 158.9 140.9 115.4 102.7 90.9 78.6 83.4 80.8 71.4 82.7 86.7 85 81.4 83.7 78.9 67.2 58.8 50.9 43.9 38.7 31.8 28.6 24.5 18.8 13.8 9.4 4 2 0.4 -1.1 -3 -3 -2.3 -1.6 -0.2 2.2 3.5 2.9 2.2 1.6 1.3 1.4 1.1 0.8 0.2 0.3 0.2 0.1 0
246 248.9 247.2 250.2 247.3 242.1 242.2 242.4 248 249.9 255.4 258.4 264.1 266.8 264.1 257.8 249.2 239.1 225.1 211.9 189.8 186.4 184.2 177.5 168.8 162.7 157.9 154.3 162 167.4 167 169.6 161.9 146.6 127.3 109.6 93.8 83.7 74.4 82.3 78.8 70.1 78.4 81.2 82.2 79.2 76.6 70.2 62.3 56 48.2 44.6 36.4 32.4 28 23 19.5 18.3 8.7 3.1 1.7 0.3 -1.1 -3 -3 -3 -3 -3 1.2 2.4 2.3 1.6 0.9 0.3 0.2 -0.1 -0.4 -0.9 -0.8 -0.9 -1 -1.1
235.1 245.2 249.7 236.6 239.3 235.4 236.5 232.5 230.9 234.4 241.7 241.3 245.4 249.1 251.1 246.3 239.1 226.8 218.5 207.9 191.6 189.7 182.2 175.3 169.3 162 152.9 147.2 148.1 154.6 154.8 155.2 147.5 132.7 116.2 100.2 86.2 77.9 76.8 81.1 77.6 69.6 77.4 77.3 73.4 71 71.7 68.6 59.9 52.5 44.7 40.1 34.8 33.2 26.5 19.9 19.2 17.6 6.3 2.8 1.5 0.3 -1 -2.1 -3 -3 -3 -3 -0.5 0.5 0.6 0.6 0.3 -0.4 -1 -1.1 -1.8 -2 -1.9 -2 -2.1 -2.2
228.5 233.8 235 234 226.3 226.5 226 222.9 219.3 225.2 229.8 233.5 229.1 228.3 228.4 223.5 227.8 227.5 222.4 213 195.1 186.1 179.5 172.7 164.9 156.5 150.5 142.2 138.2 141.3 142.6 140.2 132.5 118.3 105.6 93.4 80.8 70.4 78.2 77.4 73.2 67.1 70.4 73.6 66.2 66.4 67.5 62 54.1 47.2 44.6 38.8 33 27.8 19.6 18.4 16.5 10 5.5 2.6 1.5 0.4 -0.7 -1.5 -2.4 -3 -3 -3 -3 -1.4 -1.4 -1.3 -1.3 -1.2 -1.7 -2.2 -3 -3 -3 -3 -3 -3
230.1 233.1 231.4 227.2 215.2 213.4 212.5 211.4 209.3 205.1 209.4 217 217.5 216.8 220.6 231.3 234.8 229.2 222.9 209.8 192.2 182.1 174.8 171.4 165.6 155.4 148.2 140 134.3 129.9 133 126.8 120.1 112.8 103.3 87.4 73.7 69.1 73.7 74.9 71.6 63.7 59.3 63.8 63.5 65 62 54.1 49.2 48.9 45.7 37.8 28.6 21.5 18.4 16.3 14.2 8 3.5 2.9 1.8 0.8 -0.1 -1 -1.8 -2.7 -3 -3 -3 -3 -3 -3 -3 -3 -3 -3 -3 -3 -3 -3 -3 -3
232.2 231.6 228.9 225.6 213.9 211.1 208.8 203.4 203.3 198.9 197.3 202 203.4 210.9 223.8 228.8 230 226.5 213.2 202 186.1 182.1 168.9 166.6 160.8 153.8 142.6 134.7 126.4 123.8 119.3 116.9 112.4 105.5 95.4 83.2 72 67.1 72.2 78.2 71.7 58.9 52.4 55.5 57.5 58.4 56 53.5 53 48.3 41.4 31.2 23 20.4 17.5 16.6 12.5 7.3 3.8 3.2 2.2 1.4 0.5 -0.4 -1.3 -2.1 -3 -3 -3 -3 -3 -3 -3 -3 -3 -3 -3 -3 -3 -3 -3 -3
233.9 230.3 231.5 223.6 214.5 206.7 200.4 198.7 192.5 192.5 192 196.8 197.6 203.9 211.5 218 220.6 210.6 206.4 199 185.3 174.1 164.2 163.2 155.5 149.9 140 129.3 122.9 118.5 114.9 110.6 105.7 98.5 89.6 77.5 68.7 63 69.5 66.8 65.1 54.6 48.7 55 53.8 55.6 55.1 52.8 50.1 41 32.6 24.6 21.6 18.8 17.3 15.3 7.5 6.1 4.6 3.2 2.4 1.6 0.7 -0.1 -1 -1.8 -3 -3 -3 -3 -3 -3 -3 -3 -3 -3 -3 -3 -3 -3 -3 -3
232 228.8 228.3 224.9 210.7 196.3 187 184.1 183.6 184.2 190 189.3 196.7 198.3 206.3 208.1 210.3 213.9 207.6 197.5 178.1 163.5 159.9 156.5 152.8 145.9 134.6 127.6 120.6 115.1 110.7 106.4 98.2 90.6 82.9 71.2 64.7 60.2 67.2 63.9 58.3 46.7 45.1 50.9 56.2 53.8 51.4 48 41.7 34.3 26.1 21.4 19.8 17.8 16.5 10.8 6.8 6.1 5.4 3.2 2.3 1.5 0.7 -0.2 -1 -1.9 -2.7 -3 -3 -3 -3 -3 -3 -3 -3 -3 -3 -3 -3 -3 -3 -3
227 229.7 228.2 219.2 206.4 190.2 183.5 180.2 176.8 177.4 177.4 181.2 183.4 191.3 204 207.6 208 208.9 204.4 188 167.6 162.6 155.2 154.4 149.8 140.4 129.6 124 116.1 111 106.7 99.7 91.3 84.8 75.6 68.2 62 58.7 61.2 57.3 55.5 51 39.6 48.8 50.6 49.7 47.1 42.1 34.7 26.3 21.3 19.3 17.4 16.1 10.2 8.2 8.1 6.7 4.7 3.1 2.3 1.4 0.6 -0.3 -1.1 -2 -3 -3 -3 -3 -3 -3 -3 -3 -3 -3 -3 -3 -3 -3 -3 -3
224.4 224.4 222.5 215 203.9 192.3 184 182.3 173.9 169.5 169.9 168.2 180.8 189.5 202.4 203.7 205.5 202.4 197.2 181 162.4 154.6 149.2 149.4 142.4 130.5 124.3 118.8 113.7 107.6 98.1 92.7 87.7 80.2 71.1 62.5 57.9 55.3 55.8 53.4 55.4 49.5 36.4 43.6 45.4 44.9 42.5 34.3 26.7 26.6 21.5 15.9 13.3 8.7 7.3 9 9.4 7.7 4.8 3.2 2.3 1.4 0.5 -0.3 -1.2 -2.1 -3 -3 -3 -3 -3 -3 -3 -3 -3 -3 -3 -3 -3 -3 -3 0.9
218 217.8 214.9 210.5 204.3 191.7 180.3 179.5 172.2 166.3 160.1 158.5 170.5 180.6 197.6 199.9 202 201.8 188.9 175.8 154.6 147.5 139.9 140.6 132.8 125.8 121.5 118.6 111.8 103.4 98.5 91.3 85.1 72.5 63.7 58.4 53.4 52.9 49.2 45.3 40.8 33.7 32.8 33.4 38.2 32.7 29.2 27.6 29.9 26.5 15.6 8.5 8 7.5 9.1 11.7 13 8.5 7.8 3.2 2.3 1.4 0.5 -0.3 -1.1 -1.9 -3 -3 -3 -3 -3 -3 -3 -3 -3 -3 -3 -3 -3 -3 0.6 3
213.8 210.9 213.8 210.7 201.9 192.3 183.6 170.7 164.9 161.8 160.3 160.3 155.7 179.2 194.7 188.9 192.7 189.4 181.6 169.7 150.6 140.7 132.3 135.5 128.2 124.1 120.8 119 112.5 105.1 96 87.3 77.7 68.9 62.5 55.5 51.3 47.9 42.2 36.2 29.5 27.2 25.7 28.9 22.5 22.2 26.3 22.4 19.9 11.5 9.3 8.4 8.4 10.9 11.9 15 15.3 11 3.4 2.7 1.9 1.1 0.3 -0.4 -1.2 -2 -2.5 -3 -3 -3 -3 -3 -3 -3 -3 -3 -3 -3 -3 -3 2.2 8.6
205.2 207.9 207.9 203.7 198.8 188.7 175.9 167.8 162.4 157.3 155.1 154.8 159.2 176.7 188.7 186.7 182.3 173.5 169.7 158.6 139.3 131.4 123.2 126.1 123.5 121.2 121.4 117.4 108.9 97.8 87.9 82.3 75.4 70.1 59 55.7 47.7 42 39.8 35.9 31 25.4 21.8 20 20.2 18.7 15.2 14.4 10.6 9.1 9.8 10.8 12.2 13.2 12.5 13.9 12.3 4.4 3.2 2.4 1.6 0.9 0.1 -0.7 -1.2 -1.7 -2.3 -2.8 -3 -3 -3 -3 -3 -3 -3 -3 -3 -3 -3 1 5.7 10.4
197.7 199.3 198.9 195.1 191.9 181.6 172.1 165 156.7 151.3 152.4 156.3 158.8 163.2 174.6 186.8 179.4 174.1 163.3 150.2 137.2 127.8 119.1 114.4 117.2 115 107.8 105.3 100.6 91.1 86.2 79.5 74.6 63 55 54.4 48 41.5 40.4 34.8 29.5 22.6 19.7 18.4 15.7 13.6 11.5 10.3 11 12.4 12.9 12.5 13.4 12.8 12 12.2 8.5 3.5 3 2.2 1.4 0.6 0 -0.5 -1.1 -1.6 -2.2 -2.7 -3 -3 -3 -3 -3 -3 -3 -3 -3 -3 -0.5 2.8 7 10.6
191.5 189.5 190.2 188.8 183 176.2 168.1 160.2 157.3 150.6 144.5 144.9 152.7 155.1 165.1 171 170.9 166.6 154.3 145.5 133.8 121 114.1 113.6 106.3 97.6 100.7 95.6 95.2 88.1 82.9 75.6 69.9 53.8 56.5 54.6 43.6 40 36 28.2 22.8 17.6 16.6 15.3 13.3 12.1 12.3 14.1 18.8 17.5 15.5 14.8 14.9 14.1 12.5 9.4 4 3.5 2.7 1.9 1.3 0.7 0.2 -0.4 -1 -1.5 -2.1 -2.7 -3 -3 -3 -3 -3 -3 -3 -3 -3 -3 0.4 3.1 7.5 11.6
185.2 185.3 181.1 176.5 175.6 170.5 163.2 157.7 153.2 148.6 140 136.8 144.3 148.4 150.3 155.8 155.1 150 143.7 134.1 122.6 109 104.1 106.6 101.3 91.6 85.9 81.5 83.4 81.8 77.8 71 63.9 48.8 58.1 51.3 38.8 33.4 29.6 22.3 17.5 15 15.1 14.2 13.3 15.7 17.1 21.4 24.1 20 15.2 15.6 16.7 15.5 14.2 9.3 4 3.2 2.5 1.9 1.4 0.8 0.2 -0.3 -0.9 -1.4 -2 -2.6 -3 -3 -3 -3 -3 -3 -3 -3 -3 -1.4 0.9 3.3 7.4 11.6
173.6 176.7 173.2 173.5 169.2 165.2 159 151.2 147.4 139.6 136 129.8 135.9 139.8 141.5 144.7 143.9 139.7 131.2 121 112.7 104.9 97 94.2 87.5 85.1 84.9 81.9 78.8 76.3 72.1 66.6 57.4 45.8 51.3 43.7 33.4 27.1 24.3 18.5 15.9 14.4 15.4 15.6 15.3 16.7 18.3 22.5 24.4 18.8 16.7 15.5 16.2 16.2 15.9 12.8 10.2 3.2 2.6 2 1.5 0.9 0.3 -0.2 -0.8 -1.4 -1.9 -2.5 -3 -3 -3 -3 -3 -3 -3 -3 -3 -0.1 1.7 3.5 7.5 12
168.3 170.9 171.7 167.3 164.7 158 154.2 146.6 139.5 131.4 126.7 122 124.6 129.3 132.5 127.8 126.5 125 121.9 116 107.4 98.9 91.6 82.7 82.2 83.5 82.6 77.5 73.1 68.7 62.5 52.1 37.8 42.5 39.5 34.6 26.3 24.8 21.8 18.3 16.8 16.2 15.5 14.9 15.2 15.4 17.9 21.9 18.8 18.2 16.9 15.1 14.7 16.2 17.1 13.6 8.5 3.2 2.7 2.1 1.5 1 0.4 -0.2 -0.7 -1.3 -1.8 -2.4 -3 -3 -3 -3 -3 -3 -3 -3 -3 1.1 3.4 5.1 8.3 11.3
164.3 167.2 166.2 162.6 159.6 153.4 145.8 135.7 128.8 122.3 118.8 115.5 115.4 120.2 119.8 120.7 116.9 120 119.2 111.5 103.7 97.6 85.2 74.2 79 74.8 74.5 69.3 69.3 64.9 51.3 40.1 32.4 34.1 32.5 27.1 25.2 24.4 23.8 22.2 17.5 15.3 12.6 13.4 12.7 14.4 18.5 19.4 18.2 16.7 15.1 14.2 14.6 17 17.3 7.3 3.4 2.9 2.5 2.2 1.6 1.1 0.5 -0.1 -0.6 -1.2 -1.8 -2.3 -2.9 -3 -3 -3 -3 -3 -3 -3 -0.5 2.8 5.7 9.3 11.3 12.6
152.2 160.2 157.9 157.1 151.9 139.3 134.5 130.7 123.4 121.3 114.2 111.7 111.7 111.9 110.7 106.8 109 111.1 109.3 103.3 97.7 90 77.6 65.7 62.9 57.4 56.4 58.1 56.8 50.3 45.2 35.2 30.9 30.9 28 26.6 30.2 29 26.6 20.9 16.7 13.6 11.1 11.9 11.3 14.4 17.9 17 15.9 14 12 12.4 12.1 11.5 10.5 7 3.2 2.7 2.2 1.8 1.6 1.1 0.6 0 -0.5 -1.1 -1.7 -2.2 -2.8 -3 -3 -3 -3 -3 -3 -3 0 3.1 7.4 11.2 12.3 12.7
147.7 150.3 150.6 149.1 142.4 138.2 132.3 126 119.1 113.4 113.6 107.7 104.8 104.4 102.2 102.9 99.5 100.7 96.2 92.2 88.7 80 67.1 61.9 58.7 56 54.2 51.6 47.2 46.3 43.4 33.3 29 29.2 31.5 33.2 33.8 31.4 26.3 22.5 19.2 14.8 11.5 10.6 12.4 15.3 13.8 8 8 8 9.8 11.2 9 8.2 6.8 3.3 2.9 2.4 1.9 1.4 1.1 0.9 0.6 0.1 -0.5 -1 -1.6 -2.1 -2.7 -3 -3 -3 -3 -3 -3 -0.9 1.6 4.3 8.8 12.3 12.5 14.3
141.5 140.2 146.8 141.4 136.8 131.5 125.9 116.8 110.5 102.6 107.8 100.7 97.3 96.8 95.4 96.6 95.8 92.1 91.2 87.4 81 65.2 61.1 58.7 54.8 50.2 46.7 46.8 48.4 48.6 40.1 28.3 29.4 36.2 41.3 37 34.9 31.5 27.9 25.2 21.4 15.8 12.2 10.7 12.3 14.2 10.3 8.8 9.4 7.9 9 8.7 6.1 4.5 3.4 3 2.5 2.1 1.7 1.2 0.7 0.4 0.2 -0.1 -0.4 -0.9 -1.5 -2.1 -2.6 -3 -3 -3 -3 -3 -3 0.3 2 5.6 10 13.2 14.2 17.3
128.3 128 126.8 129.8 130.5 126.6 119.6 111.3 102.5 93.7 96.6 96.4 89.8 91.7 87.9 92.6 89.8 86 84.3 78.3 69.7 56.3 53.5 50.9 48.7 43 43.6 44.2 41.1 33.4 29.1 25.2 32.9 45.1 39.1 40.1 36.1 32.9 28.3 23.8 21.5 16.1 11.8 7.4 11.2 8 8.9 9.5 9.7 9.7 10.6 10.4 8.6 3.5 3.1 2.7 2.2 1.8 1.3 0.9 0.4 0 -0.3 -0.5 -0.7 -1 -1.4 -2 -2.5 -3 -3 -3 -3 -3 -0.9 1.6 4.6 7 11.8 12.3 14 19.4
126 123.1 123.8 124.8 117.8 114.8 108.2 104.7 98.8 89.4 82.3 88.7 82.7 85.4 83.5 83.2 84.5 81.3 77.6 69 60.1 46.9 41.5 40.9 39.7 38.5 33.6 31.1 29.3 24.8 25.1 26.9 31.6 37.9 39.3 40.1 34.3 31.5 27 23.5 16.7 14.5 13.1 6.3 6.8 8.1 8.6 9.7 7.9 11.7 9 9.8 11.3 3.2 2.8 2.3 1.9 1.4 1 0.6 0.1 -0.3 -0.8 -1 -1.2 -1.4 -1.7 -2 -2.5 -3 -3 -3 -3 -0.9 0.7 2.9 7.2 9.8 11.4 12 15.6 22.5
124.3 117 113.1 109 109.3 108.2 101 101.3 92.9 83.4 78.6 76.5 74.2 76.2 75.5 72.9 71.3 71.4 68.8 56.7 44.4 33.8 33.6 34.1 33 29.8 29.6 26.6 25 24.9 26.8 27.8 34.8 44.3 42.5 32.6 31.1 28.8 23.4 18.2 15.9 15.2 13.9 8 3.6 3.5 3.5 3.5 6.2 10.1 5.8 3.5 3.5 2.7 2.3 2 1.5 1.1 0.6 0.2 -0.2 -0.7 -1.1 -1.5 -1.7 -1.9 -2.1 -2.4 -2.6 -3 -3 -3 0.5 2.4 3.5 7 8.2 10 11.6 15 20 30.2
114.8 108.3 114.5 110.6 105.3 102 95.8 89.5 83.4 77.4 71.5 69.6 69.7 69.5 70 68.3 65.7 62.8 56.5 41.5 34.8 32.8 27.2 27.4 26.5 26.2 24.4 24.1 23.5 24.3 28.9 39.5 41.5 40.1 37.4 34.3 31.8 26.5 20.9 18.1 19.2 18.1 10 3.5 3.1 3.5 3.5 3.5 3.5 3.5 3.5 3.5 3 2.1 1.7 1.4 1.1 0.7 0.3 -0.1 -0.6 -1 -1.5 -1.8 -2.2 -2.4 -2.6 -3 -3 -3 -3 0.6 3.1 9.7 10.7 10.3 11.2 10.9 11.9 17.8 23.4 26.8
104 104.5 105.1 99.1 98.4 94.9 88.4 80.4 76.1 72.2 67.9 66.8 67.9 69.3 68.6 65.2 59.4 48.2 43 38.1 31.3 21.7 21.7 22.9 22.6 23.5 23.1 21.8 20.8 24.2 32.5 41.4 40.7 40.2 38.4 34.2 33.3 25.7 23.8 19.8 17.3 12.3 5.2 3.5 2.7 1.8 3.2 3.5 3.5 3.5 3.5 3.5 2.6 1.6 1.2 0.8 0.5 0.1 -0.2 -0.6 -0.9 -1.4 -1.8 -2.2 -3 -3 -3 -3 -3 -3 1 4.4 7.9 10.9 14.9 13.9 11.7 11.1 12.1 22.7 23.8 26.1
95.3 94.9 93.3 88.9 86.6 86.6 78.5 72.3 72.4 69.9 63.5 62.6 64.3 66.1 59.1 54.9 50.8 45.7 39.2 34.1 23.6 20.4 20.4 20.5 23 23.1 21.6 21.3 22.3 25.1 38 42.7 42.1 41 38.1 35.4 30.3 26.3 25.2 17.7 14.2 9 3.9 3.2 2.2 1.3 0.4 -0.5 3.5 3.5 7.2 3.1 2.1 1.1 0.6 0.3 -0.1 -0.4 -0.8 -1.1 -1.5 -1.8 -2.2 -2.6 -3 -3 -3 -3 -3 0.9 3.3 7.2 9.8 12.5 19.3 16.2 11.3 11.6 13.8 18.6 23.5 27.7
89.7 87.7 82.8 80.8 80.2 77.1 73.1 70.2 67.1 63.8 59.4 57.8 55.9 52.1 51.1 53 49.3 39.6 33.9 23.8 21.7 21.6 23 22.8 22 21.5 21.4 22.1 23.5 30.2 38.7 43.5 44.8 44.5 38.6 31.1 28.9 25.1 22 16.7 10.7 7.5 3.5 2.6 1.8 0.9 0 -0.9 -1.8 -2.2 -0.8 1.1 1.7 0.7 0 -0.3 -0.7 -1 -1.4 -1.7 -2 -2.4 -2.7 -3 -3 -3 -3 -3 2.2 4 7.4 10.4 13.9 16.5 21.2 17.7 12 13.6 18.3 21.3 27.6 28.8
85.9 79.8 76.2 74.3 74.5 75.3 75.3 66.9 62.4 57.2 54.7 52.8 50.6 49.3 52.9 52 44.6 35.2 31.6 29.9 25.9 23.7 23.3 22.4 21.5 20 19.1 19.5 24.2 33.5 43 42.7 41.3 40 34.8 26.2 27.9 26.2 22.5 16.2 5.6 3.5 2.6 1.8 1 0.1 -0.7 -1.4 -2.1 -2.8 -3 -2.1 1.2 0.2 -0.5 -0.9 -1.2 -1.6 -1.9 -2.3 -2.6 -3 -3 -3 -3 -2.1 -0.9 1.3 5.6 11.1 13 13.4 15.1 17.9 18.6 11.9 12.1 14.8 19.8 22.9 26.7 28.8
79.6 74.3 72.6 72.4 71.1 72.9 67.5 60.2 55.8 52 50.4 47.4 47.4 49.9 48.1 43.6 35.4 32.8 35.1 28.5 24.7 23.3 23.7 23.7 21.5 20.1 18.8 20.6 26 35.1 38 38.2 37.1 33.8 31.3 27.7 29.9 25.8 21.4 14.9 8.4 2.9 2.1 1.4 0.7 0 -0.7 -1.4 -2.1 -2.8 -3 -3 -1.8 -0.2 -1.1 -1.5 -1.8 -2.2 -2.5 -2.8 -3 -3 -3 -3 -3 0.3 1.6 3.8 13.2 18.4 16.9 17 17.3 18.2 16.5 11.7 13.6 16.7 19.8 24.6 27 29
74 73.7 74.5 74.1 66.4 67.6 61.5 55.9 53.1 48.2 45.4 44.6 45.5 40.7 36.8 33.3 31.8 31.8 28.2 25.5 24.5 25.8 27.1 23.4 20.8 20.5 17.2 20.4 22.9 29.7 35.5 32.4 32.4 28.9 30.5 31 28.6 20.8 17 3.2 3.3 2.8 2.1 1.4 0.7 0 -0.7 -1.4 -2.1 -2.8 -3 -3 -3 -1.6 -1.6 -2 -2.4 -2.7 -3 -3 -3 -3 -3 -3 -3 1 4 11 15.4 18.7 20.2 18.4 17.8 16.6 12.1 13.7 17 17.6 20.5 25 26.8 28.3
73.8 74.8 75 68.6 58.2 56.9 54.7 51.7 48.6 43.9 43.8 41.2 38.6 34.6 34 34.5 32.7 30.2 26.4 25.1 24.3 23.7 23.9 21.4 17.5 16.8 19.2 20.4 20.2 22.8 28.3 32.1 33.2 32.3 30.8 28.6 22 8.5 4.4 3.4 2.9 2.5 2.1 1.4 0.7 0 -0.7 -1.3 -2 -2.7 -3 -3 -3 -3 -2.1 -2.6 -3 -3 -3 -3 -3 -3 -3 -3 -3 2.2 10.4 13.9 16.7 21.3 21.5 19.2 18.3 14.7 11.6 12.2 15.5 17.5 22.1 25.8 26.4 28.8
72 70.6 67.4 60.3 55.3 55.5 51.1 48.8 45.5 44.3 41.5 37.4 35.6 34.6 34.8 35.1 32 30.4 28.1 26 24.7 23.4 22.9 20.8 17.5 19.4 21.8 22 23.5 28 30.5 34 32.2 27.8 26.9 19.9 9.3 5.9 3.5 3.1 2.6 2.1 1.7 1.4 0.8 0.1 -0.6 -1.3 -2 -2.7 -3 -3 -3 -3 -3 -3 -3 -3 -3 -3 -3 -3 -3 -3 0.5 5.3 14.8 17.6 17.3 19.2 19.9 21.7 19.4 12.3 11 11.8 15.3 18.1 25.4 24.9 26.6 29.3
69.6 63 60.1 58.7 54.1 49.2 46.3 43.1 41.9 41.4 39.1 36.4 36 36.2 33.6 31.2 30.6 31.5 29.3 26.4 24.7 23 22 22.4 19.4 17.6 21.9 22.8 23.7 26.6 28.6 30.6 27.8 24.7 19.6 13.1 10.8 3.5 3.3 2.8 2.3 1.7 1.3 1 0.6 0.1 -0.6 -1.3 -2 -2.7 -3 -3 -3 -3 -3 -3 -3 -3 -3 -3 -3 -3 -3 -3 1.9 8.9 16.8 16.6 16.8 17.8 24.5 20.6 15.1 11.2 11 12.2 14.6 22.5 23.9 24.8 26.3 31.5
65.9 61.4 55.5 51.4 46.2 43.5 42.6 42.2 42.2 40.7 39.9 39.2 38.7 37.9 34.3 27.8 27.2 29.8 27.9 24.9 23.7 22.7 22.9 23.4 22.1 18.8 14 20.8 21.7 23.1 26.8 27.4 24.6 21.6 14.3 7.3 10.1 3.6 3 2.5 2 1.4 0.9 0.5 0.2 -0.1 -0.6 -1.3 -2 -2.7 -3 -3 -3 -3 -3 -3 -3 -3 -3 -3 -3 -3 -3 -3 1.8 8.7 12.9 14.2 15.9 19.7 17.8 13.8 11.9 11.9 12.1 13.1 18.1 22.3 24.2 25.4 25.9 29.5
