app/static/ascii/NX56.asc
ncols 200
nrows 200
xllcorner 250000
yllcorner 560000
cellsize 50
[rows 140 to 174 of 200, columns 79 to 157 of 200]
156.1 154.2 153.2 152.5 151.7 153 154.4 157.2 160.6 162.4 163.3 163.3 162.6 162.8 161.7 159 155.6 151.2 145.4 140.7 136.2 130.7 127 123.4 118.7 114.7 113.8 104.9 100.4 100.1 98.1 95.5 94.7 91.9 89.1 86.8 86.4 89.1 90 90.1 90.5 91 90.9 90.9 90.9 91.6 92.6 91.6 93.9 97.1 102.1 109 115.2 120.9 129 136.1 142.2 147.3 152.3 156.2 161.1 162.3 168.2 168 166.9 165.5 162.7 159.1 153.7 149.1 144.1 137.3 127 112.1 97.4 80 61.1 42.4 35.2
154.7 153.2 153 152.5 152 153.4 154.9 156.9 160.1 162.2 162.9 162.8 162.7 161.7 160.2 157.7 155.3 150.5 144.4 138.5 135.8 132.7 129.1 128 122.5 116.3 113.3 104.7 101.8 100.8 98.9 96.6 95.4 93 90.3 88 86.3 86.5 85.7 86 86.8 87 88.8 88.5 88.4 88.9 89.5 89.6 91.8 95.5 99.3 105.7 112.4 118.5 126.8 135 141.8 146.9 151.5 156.3 159.9 163 167.4 167.9 167 165.7 164.4 160.5 156.2 150.2 146 137.8 126.5 116.8 104.8 90.1 72.9 54.6 38.9
153.1 152.7 152.5 152.9 152.4 153.5 155.5 157.5 159.7 162.1 162.5 162.7 161.6 159.7 158.6 156.4 153.4 148.6 143.6 140.7 137.5 135.4 133.9 131.8 130.3 126.3 116.3 107.7 105.7 100.6 98.6 98.1 97.1 96 93.6 89.7 87.5 84.8 83.6 83.9 81 84 85.8 86 85.9 86.4 86.9 87.4 89.9 93.9 97.3 103.3 109.3 116.3 124.1 133.7 141.3 146.4 152.5 156.8 160 161.7 163.2 167.7 166.7 165.9 164.3 162.6 159.8 153.9 146.8 139.1 131.9 124 111.8 98.1 82.5 64.9 48.9
151.5 151.9 151.9 152.3 152.7 154 156 157.4 158.7 161.4 161.3 161.3 159.6 157.8 156.6 155.2 151.8 146.7 143.4 141.2 132.8 132.4 133.6 132.9 131 127.6 122.2 120 111.9 104.5 100.7 97.8 98.2 96.5 93.9 90.9 92.5 89.7 86.2 86.3 83.8 80.2 82.6 82.8 83.3 83.9 84.6 85.6 87.3 91.5 95.1 100.9 106.9 112.8 121.8 132.8 140.8 146.2 150.9 156.7 159.4 161.2 165.3 167.6 167.6 167.6 166.1 164.3 160 156.4 149.8 141.6 137.5 128.1 115.1 103.1 88.8 73 55.4
149.8 150.4 151.5 152.3 153.2 154.5 155.2 156.5 157.8 159.6 159.6 159.7 157.5 155.7 155.4 153.5 150.4 145.1 142.7 139.4 129.8 129.9 131.6 130.3 128.4 127.8 126.7 126 120.6 117.3 103.1 100.1 98.2 96.3 95.9 98.5 95.4 92.1 88.9 88.1 84.1 79.6 78.9 80.4 80.9 81.5 82.5 82.5 84 87.7 92.2 98.7 104.9 113 122.2 131.5 139.5 145.4 148.9 154.9 158.9 160.7 167.4 169.2 170.2 170 169.9 164.9 160.1 156.9 149.1 140.8 137.3 127.9 117.8 106.8 94.5 81.5 65.4
148.2 149.7 152.2 153.4 154.2 154.6 154.6 155.7 156.9 157.8 158.9 158.3 156.4 153.8 152.7 151.4 148.2 142.4 138.1 132.4 128.3 127.8 127.5 127 127.5 127.6 127.4 126.7 125.6 120.7 109 105.6 100.7 98.7 101 100 97.2 93.9 91.7 89.2 84.3 79.9 77.5 78 78.6 79.6 80.8 81.5 82.6 83.7 87.9 94.8 101.3 109.7 118.8 129.8 138.5 144 148.6 154.3 159.2 160.7 167.1 173.6 173.1 172.4 171.7 169.2 164.6 157.9 154.1 142.4 134.9 131.8 125.1 112.6 98.6 85.1 72
149.3 150.9 153 154.2 154.6 154.6 154.6 154.9 155.9 157.8 157.6 156.7 155.9 154.5 152.6 151.6 144.8 139.4 134.3 129.3 127.3 126.3 125.6 125.3 125.8 126.7 126.5 126.8 125.8 124.1 116.1 103.2 100.4 103.5 105.2 104.8 101.3 97.8 93.5 90.1 84.9 80.6 78.9 75.9 76.3 78 77.9 78.3 78.9 79.5 82 88.6 96.1 104.7 115.6 126.8 136.8 143.5 150.5 154.5 158.4 163.1 171.9 175.5 174.9 174.2 174.2 172.4 168.2 161.4 154.3 144.3 136.1 132.9 127.1 113.7 101.6 88.8 75.7
151 152 152.5 153.8 154.9 154.7 154.5 154.9 155.1 155.9 156.5 155.4 154.6 153.8 152.2 148.9 147.1 139.6 133.3 127.7 126.7 126 125 123.6 124.1 125.1 126.3 127.1 124.9 116.2 106.7 109 113.3 108.7 108.6 108.1 105.6 101 96.3 91.8 89.2 85.2 81 78.2 73.1 73.3 73.5 73.2 73.6 73.9 75.8 82.9 92.5 101.9 112.9 124.1 134.3 141.8 149.6 155.9 161.7 165.4 169.5 175.7 176.1 176.8 177 175.7 169.9 163.8 156.9 149.4 138.8 134.2 126.5 117.9 106.1 94 80.3
150.8 150.7 151.1 152.3 153.9 154.6 154.4 154.9 155.4 155.5 155.7 155 153.6 153.2 150 150.6 146.2 139.7 134.5 132.5 130.4 127.6 126.3 124.6 122.3 122.8 122.2 122.6 120.7 112.4 117.1 116.2 114.7 113.5 112.6 111.7 109.1 104.5 98 96.7 94.1 90 86.5 83.8 80 74.2 67.5 66.8 66.8 66.6 70 78.4 89.1 100.1 110.8 121.5 130.9 138.6 146.9 152 154.1 159.4 163.6 172 175.4 179.5 182.5 179.1 170.7 164.4 158.1 151.6 140.5 135.2 129.5 121.6 109.7 98.6 85.1
150.4 150.2 150 150.7 152.3 153.4 154.2 154.9 155.4 155.4 155.3 154.9 152.6 153.2 151.9 149.2 144.9 139.7 135.4 137.4 134 129.8 127.5 125.7 124.1 123.1 120.2 120.1 122 123.8 122.3 121.6 119.5 118.3 117.7 116.3 112.5 107.7 103 102.6 98.8 94.8 91.7 89 85.7 82.3 78.1 73.8 71 67.5 64.7 73.1 85.1 96.7 108.1 118.6 127.1 135.6 138.8 143.7 150.4 155.9 162.3 174.4 178.8 183.7 184.1 177.1 169.8 162.7 158.9 152.9 142.7 134.6 131.4 124.8 112.7 101.6 89.2
148.3 149 149.1 149 150.6 151.8 153.7 154.9 155.2 155.3 155.3 151.2 151.3 152.3 150 146.8 143.5 140.4 139 140.6 136.2 131.7 129.7 129.2 128.4 128.6 127.8 127.1 127.2 128.8 129.2 126.2 123.9 122.1 121.2 119.4 115.7 110.9 107.6 106.9 103.2 99.7 96.8 94.5 91.3 87.9 84.5 80.6 76.7 71.4 65.3 65 77.7 91.3 103.7 113.8 123.3 129.4 132.7 142 148.1 153.9 161.5 172.2 178.5 183.6 181.1 176.5 173.1 162.9 158.1 155.7 147.2 136.9 134.6 128.3 114.6 103.5 92.2
147.1 148.4 148.4 148.7 150 152.2 153.8 154.9 155.5 153.3 154.4 154.1 153.2 152.2 149 145.7 142.2 139.9 141 142.7 137.7 136 134.3 134.3 135.1 133.6 132 130.5 131 132.6 132.6 131 128.4 125.8 123.3 122 119.3 115.4 113.8 111.5 108.4 105.3 103.2 101.1 97.5 93.5 89.9 87.1 83.8 78.4 70.8 62 69.5 85.3 99.6 108.6 119.7 124.3 134 142.3 148.6 155.5 159.9 165.8 172.4 177.9 181.6 177.4 171.3 164.8 158.1 154.1 146.1 136.3 134.9 127.6 116 104.3 92.6
146.5 148.3 148.6 149.3 150.5 152.6 153.4 154.9 155.3 155.8 156 156.4 156.1 154.2 149.5 146.2 143.1 142 142.3 141.4 139.2 138.2 137.8 136.8 138.4 136.8 134.2 134 135.6 138.8 135.5 136 133.4 130.8 130.1 126.8 122.5 119.3 119 114.9 113 111.1 109.2 106.7 102.6 98.6 95.6 92.8 89.7 86.4 75.6 65.1 65.1 79.5 91.5 103.9 112.3 121.1 131.8 140.4 149.9 153.8 159.1 162.7 165.2 173.4 181.7 181.6 175.1 166.2 156 150.8 145.4 135.3 133.3 126.2 114.8 105.5 94.7
148.8 149.5 150 150.7 151.7 152.2 153.7 154.6 156.1 157.9 158.2 158.4 157.6 155.3 151.2 147.8 146 144.5 143.5 142.1 141.7 141.5 140.9 139.4 139.2 139 140.4 140.8 142.9 144.2 141.1 142.5 139.8 136.9 135.6 131.9 127.2 123.9 121.8 117.9 116 114.9 114.1 112.1 108.1 104.8 103.2 98.1 93.7 89.1 77.9 63.2 57 71.9 83.1 95.8 106.3 116.8 128 139.3 148.7 151.8 158.4 161.7 164.3 172.5 179.4 181.2 176.2 168.2 156.3 148.4 142.3 136.2 131.9 123.7 113.1 105.3 94.5
149.8 150.6 151.3 152.1 153.2 154.2 155.7 157 159.2 160.3 159.8 158.6 157.5 156 152.8 149.3 150 148.9 148.4 147.5 147.2 145.4 147.1 145.5 144.9 146.5 147.2 149.9 152.7 150.9 150.2 149.4 144.2 139.5 137.7 134.7 130.7 127.2 124.3 121.6 119.7 118.5 117.3 115.1 110.5 106.5 101.1 97 92.1 81 71.6 64.8 57.1 65.6 78.7 89.2 99.6 112.7 125 134.3 142.3 145.9 153.8 156.9 166.9 173.5 177.6 177.1 176.6 169.8 157.7 148.7 144.1 138.2 133.9 127.2 115.2 107.3 96.3
150.9 151.6 152.3 153.5 154.7 156.6 160.1 160.4 162.3 162.3 161.3 159.9 157.6 155.9 152.7 151.7 153.2 153.4 152.8 152 152.3 153.6 153 153.2 152.8 155.3 154.6 156.5 160.2 153.5 151.1 150.1 145.9 143 140.7 137.8 135.8 132.5 128.9 124.8 125 120.8 119.3 118.3 112.9 103.8 98.3 92.3 87.7 84 75 65.9 57.1 59.7 72.9 87.1 97 108.6 120.4 129.2 137.8 140 147.9 154.9 166.7 174 175.9 175.3 176.1 172.4 160.5 151.4 145.2 138 136.7 131.2 118.2 109.2 97.8
152 152.3 152.9 154.9 157.6 160.3 162.9 163 165.2 165.1 163.5 161.2 158.5 156.1 154.6 157.5 154.8 158.2 157.4 156.8 159.3 161.1 160.9 159.7 161 160.7 161.5 164.3 162.9 153.9 152.8 152.2 154.3 151 152.1 145.5 145.3 138.1 133.5 128.5 125.6 120.9 118.3 114.7 111.7 104.6 101.5 97.6 92.5 85.2 75.8 65.1 58.5 57.1 70.9 82.6 93 107 117 124.1 130.1 136 143.9 151 164.1 168.3 173 173.3 174.8 176.7 164.8 155.9 143.8 138.8 137.4 132 120.2 111.8 98.4
156 155.3 157.5 159.2 161.5 164.1 165.3 166.9 167.9 167.8 166.1 163.8 161.2 159.6 161.4 163.7 165.2 165.3 165.4 164.5 164.5 167 165.8 165.7 165.7 166.6 169.3 167.2 162.1 155.7 155 159.3 159.9 159.2 157.6 152.1 149.6 143 139.7 133.6 127.4 122.2 119.7 116.2 111 107.4 109.7 100.9 93.2 84.6 75.9 66.3 58.8 55.8 68.2 77.8 89.8 105.3 114.1 120 127.9 135 141.3 147.6 157 162 169.3 168.7 170.1 170.3 163.6 155.9 143.3 137.6 135.4 130.9 119.4 111.3 99
159.8 161 162.7 164.5 166.2 168.5 170.2 171.5 171.6 171.2 169.5 167.4 164.9 164.8 166.4 168.8 171.1 169.5 169.2 168.5 169.3 170.3 170.5 169.6 170.2 173.6 170.9 167.2 163 160.1 161 161.2 162.8 161.1 159.8 159.2 156.2 151.5 147 139.8 132 124.8 120.8 116.7 117.5 116 113.2 107.6 100.9 90.6 79.6 69.2 59.2 52 62.5 78.5 87.1 102.8 111.3 118.5 127 133.4 138.2 141.7 150.5 156.4 163.3 165.6 163.6 162.1 157.5 151.8 143.8 135.4 133.7 129 118.6 110 98.9
165.9 167.3 168.8 170.2 171.7 173.2 174.5 175.5 175.7 175.4 174 172.2 171.8 172.5 169.6 171.7 175 173.3 173.1 172.3 174.5 173.4 173.9 174.7 178.6 176.6 173.7 169.9 165.9 166.9 166.4 163.6 163.5 166.3 166.9 165.7 161.2 153.7 148.6 142.5 138.1 132.7 129.3 123.7 122.9 120.5 120 112.8 107.3 95.5 83.1 72.9 61.6 55.4 56.5 77.8 83.3 99.6 110.6 117.5 125.5 131.1 135.2 137.1 146.8 153.7 156.4 158.5 156.8 155.1 152.3 148.1 142 133.9 129 125.5 116.6 107.6 98.3
170.7 173.4 175.1 176.4 176.8 177.2 177.8 178.5 179.4 180.8 181.8 180 182.3 181.3 181.6 180.5 180 182.5 182.5 180.5 181.6 177.9 180.3 184.7 181.8 178.8 176.1 174.4 170.5 169.8 171.9 169 166.8 168.2 167.4 165 161.7 155.5 151.1 147 144.3 139.7 134.8 128.6 126.3 121.4 120 116 109.4 101.7 89.1 75.4 63.7 55.1 51.6 65.3 83.1 96.3 109.1 114.2 124.3 128 130.4 133.4 135.7 144.7 151 152 151.5 148.7 146.1 142.5 136.5 130.6 123.9 122.3 115.1 107.3 97.7
175.7 178.9 180.4 180.6 180.7 180.9 181.2 181.5 183.6 184.6 186.7 188.1 187.7 187.6 187.3 187.6 187.8 189.5 190.3 189.3 187.9 187.9 190.6 191.9 184.9 181.2 179.4 179.7 180.9 176.8 178.7 174.8 172.8 169.7 168.2 166 164.2 160 155.8 152.6 150.1 147.3 142.9 138.4 129.5 126 123.5 116.4 110.2 102.7 90.4 80 67.2 54.4 52.4 56.7 82.8 92.6 104.2 111.9 117.9 121.9 123.7 126.9 132.1 133.7 142.6 145.4 145.1 142.8 140.3 135.2 129.6 125.9 121.1 118.5 112.7 106.4 98.7
181.6 183.5 185.1 186.1 186.2 186.4 186 185.4 185.6 187.6 189.7 191.9 193.3 195.3 198.4 197.1 197.5 197.6 199.9 198 197.7 199.1 199 196.8 187.8 187.5 185.1 188.2 187.6 185.1 182.4 180.7 178.1 176.4 173.2 171.3 171 167.8 164.8 162.2 157.5 153.8 149.3 143.5 135.6 133.7 128 122 117.3 111.2 100 86.1 72.8 57.7 49.1 67.8 82.7 90.3 99.1 107.8 113 116.9 118 122 128.7 127.1 132.8 137.1 137.1 136.9 134.7 129.5 125.2 123.3 121.1 114.7 109.9 104.3 95.2
187.5 188.6 189.8 191.2 191.7 191.6 190.6 190.4 191.9 193.6 196.5 199.1 203.3 206.3 208.9 209.9 209.5 209.3 209 208.6 208.8 208.6 206.1 201.6 193.4 194.1 191.8 193.1 191.4 192.4 192.1 190.1 187.1 186.1 183.4 181.7 180.7 178 174.6 171.6 165.6 160.7 155.7 148.7 143 140.9 135.5 128.4 121.9 114.7 103.5 90.3 75.4 58.3 48.4 70.5 82.7 85.4 93.7 103.9 107.8 114.3 113 115.4 120.3 121.9 125.2 127.8 130 129.7 126.7 122.9 121.6 120.4 117.1 112.2 106.7 101.1 93.5
193.2 194.1 195.2 196.3 197.6 196.5 196.2 198.2 197.6 201.4 205.5 208.9 212.5 214.5 216.8 218.9 218.9 219.5 218.9 217.2 217.7 216 212.9 205.4 201.5 199.4 198.1 199.4 200.6 200.1 198.6 195.8 194.3 194.6 192.7 191.9 191.3 187.6 183.4 178.8 173.1 167.5 161.3 154.6 148.8 143.4 139.1 132.2 124.6 116.3 105.5 93.2 78 61.5 48.3 60.9 75.7 81.3 86.7 96.4 102.4 107.5 106.8 108.8 113.1 115.1 116.3 119.7 121.6 121.6 118.7 117.9 118.4 116.4 111 108 103 97.8 90.2
197.2 199.6 200.6 201.7 202.1 202.1 203.2 204.9 206.9 210.8 214.6 218.1 221 223.7 226.2 228.7 229.4 229.9 229.6 226.8 224.6 223.3 218.6 212.8 210.5 208.1 206.2 207.4 206.1 204.3 204 204 203.6 203.7 202.1 201.2 199.3 195.3 190.5 185.7 179.4 171.7 164.8 158.9 152.8 146.7 140.4 134 126.2 117.3 107.3 96.1 82 66.1 51.5 46.4 56.1 78.1 81 92 98.9 102.5 104.9 103.7 106.8 108.9 111.1 112.7 114.4 115 113.4 112.1 111.2 106.4 100.8 102.3 99 93.5 88.6
199.3 203.7 205.6 206 205.5 205.5 207.9 211.3 215.8 219.2 223.5 227.3 230.5 234.2 236.5 238.6 239.7 240 239.6 236.4 229.7 227.1 221.9 220.1 217.1 215.4 213.5 213.4 210.5 209.3 210.9 212.2 212.2 212.4 211.2 209.2 207 202.5 197.4 191.8 185.1 175.6 167.3 160.8 154.3 148.1 141.5 136.1 127.5 118.1 110 99.6 86 70.2 54.5 49.1 45.2 77.4 77.8 86.3 97.1 102.5 104.2 102.4 101.3 104.8 107.7 107.6 109.8 110.6 109.4 108 103.2 99.1 95.6 97.9 94.5 89.8 85.9
201.2 204.7 209.2 209.8 209.4 210.6 213.8 218 222.4 227.9 233.1 236.2 240.5 244.1 247.3 248.9 249.6 249.4 247.9 244.2 239.1 233.3 230.9 225.8 223 220.8 218.9 219.3 218.3 218.5 218 219.3 220.3 220.4 219.1 217.1 215.5 210 204 198.5 190.3 179 169.7 162.4 156.3 149.4 142.7 135.9 129.2 120.9 113.3 102.9 89.6 74.5 57.6 50.1 44.9 69.4 78.7 85.9 95.7 99 103.4 100.9 98.8 101.8 104.8 106.4 110.5 109.4 105.7 104.1 97.1 93.8 92.2 91.7 90.8 86 80.2
212 210.1 215.3 218.1 218.7 219.6 221.1 225.5 229.7 235 241.2 245.8 250.6 254.3 258.2 258.8 259.3 258.3 256.7 251.4 247.9 243.7 238.8 234.7 233.7 228.9 226.5 226.4 228 227.3 226.6 226.6 227.2 226.7 225 225.6 224.6 218.8 211.8 207 196.3 181.4 170.8 164 157.2 149.8 144.2 136.3 130.1 122.4 117.5 104.4 92.9 77.4 61.9 49.6 44.7 65.3 77.5 84.4 91.5 97.1 103 99.8 94.7 103.1 105.8 106.7 111.3 108.9 100.1 96 92.4 90.4 88.8 88.4 87 81.5 77.6
221.8 220.2 220.7 222.6 223.2 225.6 228.9 233.1 237.2 242.5 248.7 254.9 260.8 266.5 267 267.5 267.9 268.7 268.4 264.7 259.5 254.9 250 243.5 240.5 239.2 236.8 233.2 233.1 234.5 232.7 232.5 233 231.7 231.1 232.7 237.1 229.4 217.1 216.7 203 184.5 174.2 163.5 156 149.1 143.8 136.4 130.1 122.4 115.5 106.1 94.2 82.1 65.3 51.2 45.2 60.6 72 80.2 86.2 93.9 104.2 100.3 93.5 103 105.6 107 109.8 107.9 97.3 92.3 88.7 86.6 84.8 84.5 81.9 78.4 75.9
232 228.7 224.8 225.3 227.6 232.2 235.8 239.9 244.7 249.9 257.7 263.8 269.6 273.9 276.6 277.3 278 278.7 277.9 278.6 275.1 269.1 258.7 252.5 251.4 251.4 246.9 242.5 238.2 237.5 236.6 233.7 235.1 234.3 236.7 242.5 248.5 241.1 220.5 212.2 203.2 184.8 176.6 164.6 156.9 150.2 142.6 135.8 128.7 118.7 113.1 102.8 92.9 82.6 69.5 55.3 46.1 54.9 65.3 77.2 83.3 91.7 103.7 98.9 91.5 99.8 102.9 103.8 106.6 103.9 96.3 89.4 86 82.4 77.6 75.8 74.4 74.8 70.6
237.7 235 231.8 231.6 235 237.8 242.4 246.4 250.5 257.1 265.3 274.8 279.1 282.7 286.9 288.3 288.1 290 291.1 292.1 288.1 282.5 272.4 264 260.9 258.5 252.9 245.8 240.7 240.7 238.4 233.8 232.1 231.6 239.4 238.6 242.6 240 224.6 211.4 201.6 183.8 174.4 164.5 158.8 150.8 141.9 135.5 128.4 116.7 109.2 103.1 93.3 83.9 70.1 56.1 47.6 44.3 60.2 73.6 79.2 85.5 91.4 88.9 88.3 94.2 96.7 98.3 100.2 98 93.1 87.2 84 81.5 75.4 67.7 66.1 69 63.6
246.6 243 240.2 240 240.9 243.3 246.4 250 256 263.8 272.6 282.5 287.1 291.7 295.9 301.7 302.8 303 310.6 310.5 305.9 297.8 286.6 275.9 268.7 260.9 257.1 243.6 238.1 238 234.4 228.2 226 225.9 229.9 230.7 235.1 234.2 221 210.3 199.4 182.1 172.9 163.7 159.9 150 141.2 135.4 127.4 118.8 111.8 105.8 94.6 80.8 69.6 58.4 50.6 43.5 52 65.6 75.3 80.7 82.6 81.4 80.6 83.6 87.9 90.1 91.2 89.5 85.1 82 79.3 75.3 75 63.7 58.5 58.9 55.6
255.1 251.5 247.3 246.3 246.2 246.9 249.7 254.3 262.6 270 276.9 284.6 290.6 300.2 310.2 322.8 322.6 327.6 329.3 325.3 316.9 306.8 296.6 277.2 271.9 265.4 253.1 240.3 233 230.4 226.7 222 220.2 219.4 221.7 226.2 226.8 224.6 216.5 207.2 195.4 181.7 171.5 162.4 157.8 149 140.6 135.7 125.8 120.4 111.7 106.2 96.4 83.4 72.9 62.3 52.9 45.9 42.2 52.9 64.2 76.1 77.5 76 72.8 77.3 80.5 82.5 79.9 77.9 74.4 73.1 69.9 71.5 69.9 62.6 54 50.4 48.3
263.6 258.6 254.4 251.6 250.2 251.5 253.4 259.1 267 274.9 280.5 287.2 294.7 306.5 318.4 325.9 334.1 331.7 326.4 315.2 310.8 301.6 292.5 282 272.3 260.4 246.1 236.9 232.3 226.6 221.3 218.4 218.2 217.2 219 222.5 222.5 218.9 209.8 200.8 190.9 179.3 170 161.1 157.4 148.2 142.2 136.5 128.2 123.2 114.8 107.7 97.5 87.4 77 66.8 56.5 49.8 44.1 40.5 40 47.5 56.8 60.4 67.4 69.4 72.2 71.6 69.5 67.6 65.7 64.5 62.9 63.4 62 56.4 49 43.6 42.7
