app/static/ascii/NX57.asc
ncols 200
nrows 200
xllcorner 250000
yllcorner 570000
cellsize 50
[rows 105 to 139 of 200, columns 78 to 155 of 200]
216.6 211.2 207.2 201.3 198.7 194.9 189 181.7 175.8 172.1 169.6 163.3 158 157.1 157.7 157.8 157.9 157.8 157.7 156.7 156.3 157.5 159.9 157.8 154 149.5 148.5 149 147.1 145.3 143.2 139.9 138.2 139.6 138.6 136.4 138.4 138.1 137.2 139.3 140.2 140.7 141 142.4 145.4 151.4 155 167.6 169.5 171.5 176.7 184.5 193.3 206.4 214.4 223.7 227.1 227.6 225.1 224.8 222 219.6 216.8 213.6 209.9 208.2 205.1 199.7 192.8 186.2 183.8 186.7 192.3 196.9 200.7 207.5 215.1 222
215.2 207.8 203.8 198.8 196.2 192.2 188.7 181.8 175.3 173.6 171.3 162.6 158.1 158.3 158.4 158.4 158.7 159.7 160.1 159.4 158.3 157.7 158.5 158.5 154.4 152.2 151.1 151.1 149.7 148.8 146.3 143.2 139.4 137.9 136.9 136.5 134.5 133.9 134.3 133.4 136.3 137.1 136.8 136.5 138.7 141.6 145.6 152.4 156.3 160.7 164.8 170.3 178.3 186 194.4 203.2 206 207.5 206.6 206 205.9 204.1 202.4 200.6 196.2 198.3 196.2 189.9 185.6 181.5 178.8 182.5 188 192.7 198.2 204.4 212.3 219.6
213 204.3 198.8 195.4 192.5 191.4 188.8 182.1 177.1 175.4 171 164 159.4 160.5 159.9 159.5 160.9 162.5 162.7 160.9 159.6 159.1 159.2 160.3 158.7 156.6 154.8 153.4 152.7 152.4 149.3 146.5 143.6 142.2 141.5 139.9 139 138.8 138 137.5 134.5 133.3 132.2 130.7 131 133.6 138.6 143.1 146.4 149.3 154.9 158.4 164 170.8 178.1 185.5 187.3 187.8 189.3 190.5 191 192.2 191.3 186.7 183.6 182.9 183.6 179.8 177.6 174 173.8 177.8 183.5 188.8 194.4 201.1 209.5 216.8
209.4 200.3 195.1 191.5 190.8 189.3 186.3 179 174.8 174.2 169.3 163.6 162.8 163.6 164.8 163.8 164.6 166.7 167.7 166.3 165.2 163.4 163.6 163.3 163.1 161 159.2 158 157 155.8 152.7 150.3 149.2 147.2 145.4 143.8 142.4 140.8 139.7 139.6 143.6 143.5 139 136.3 133 129.2 128.2 132.8 139.1 140.9 144.5 148.4 152.9 156.7 163.2 168.7 171.2 172.6 175.9 179.9 180.2 181.2 181.4 177.9 174.6 171.8 172.7 170.7 168.4 167.7 167.7 172.3 179.7 184.7 191.5 198.4 206.9 214.1
205.9 199.2 192.8 189.6 188.1 185.2 182 175.3 172.3 170.4 166.2 167.1 166.9 166.6 168.2 169.1 170.4 171.5 172.3 171.7 170.5 169.3 168.7 168.3 167.3 165.7 162.9 162.4 161.3 158.7 156.2 154.1 152.7 151 148.9 147.8 146.4 145.3 144.4 145.7 151.5 152.1 148.7 147.4 140.3 135.4 132.2 127.8 130.4 133.2 137.9 143.2 144 145.2 149.4 155.9 159.3 161.9 165.9 170.2 173.3 173.8 174.8 174.1 172.2 167.7 167.4 163.4 162.1 161.1 162.9 167 174.2 181.7 188.5 195.5 203.3 211.7
202.8 197.8 191 187.6 185.2 181.2 177.7 174.5 171.4 169.4 169.8 169.9 170.2 169.7 171.2 174.1 175.2 177.2 176.8 175.8 175.2 174.3 172.7 171.9 171.2 169.9 168.3 166.3 163.9 161.3 159.6 157.9 156.2 154 151.3 150.3 149.9 149.4 149.6 153 156.9 157.4 150.6 146.7 139.2 135 133.1 129.9 127.7 128.7 131.6 136.7 137.9 138.5 143.2 149.1 152.4 154.1 157.4 160.9 164.5 167.1 169.6 168.7 166.6 163.2 165.8 163.3 156.4 155.1 157.6 161.8 168 177.2 184.5 190.8 200.6 210.8
199.7 194.4 188.3 185.7 182.2 178.7 176.4 174.3 172.8 173.2 171.6 171.7 172.5 173.7 175.5 177.8 181.1 183.4 183.4 180 179.7 178.7 177 175.3 174.1 173 171.1 169.2 166.4 163.9 162.3 161 159.5 156.8 154 152.9 152.6 152.4 153.4 157.2 159.2 157.6 149.7 141.9 137.7 136.5 133.9 131.6 129.6 128.4 125.7 127.1 129.8 131.3 139.3 143.7 145.3 147.2 151.6 151.5 154.5 158.8 161.7 161.4 158.7 159 160.1 160.1 155.3 150.5 152 157.3 164.3 173.6 180.2 187.2 197.3 207.5
196.8 191.5 185.3 182.7 180 178.8 177.7 175.7 174.3 174.7 174.3 173.7 174.7 177.6 179.7 181.8 185.5 189.5 189.9 186 183.2 182 180.4 178.6 176.9 175.6 173.8 172 169.2 166.6 165.2 163.7 161.6 159.7 157.4 156.4 156.1 155.9 156.7 159.1 157.1 154.1 144.5 142.1 141 140 138.4 134.5 130.7 129.9 128.4 126.6 124.6 127.2 131.4 134.9 134.5 136.8 143.3 145.8 146.9 150.6 152.4 153.4 153.6 152.9 152 156.1 154.5 147.5 147.8 153.8 160.3 168 174.8 183.1 193.2 202.1
193 187.2 183.4 181.1 179.9 179.1 178.9 177.3 176.2 175.5 175.6 176 177.2 179.7 183.1 185.9 189 191.5 191 188.9 186.9 186 184.6 182.5 180.7 178.3 176.5 174.7 172.4 169.8 169.1 167.2 164.6 162.4 161.2 160.4 159.8 159.5 159.3 158.6 155 150.6 149.4 147.3 145.5 143.1 140.5 141.3 134.9 131.7 130.1 128.7 126.8 123.8 125.6 127.1 128.4 129 135.4 140.6 139.6 141.7 143.8 146.5 147.4 146.4 147.6 149.6 149.8 146.3 144.8 149.2 153.1 162.5 168.3 177.7 187.7 197.3
188.7 184.4 181.6 180.6 179.8 179.5 179.6 178.9 178 177 176.4 178 179.6 182.3 186.1 189.3 192.2 193.2 192.1 191 190.6 190.9 189.5 187.1 184.7 182 179.8 178 176.5 174.4 173.2 170.7 167.8 166.2 165.1 164.5 164.1 163.6 162.4 160.5 158.1 153.8 152.6 151.4 149.2 147.3 149.3 147 140.2 136.9 134.8 132.4 131.4 129.6 126 123.3 123.4 124.2 128.9 133.4 133.9 133.4 134.8 138.7 140.1 141.6 141.1 143.4 144.7 140 139.2 143.3 146.7 154.2 163.2 172.6 182.2 191
184.9 182.6 181.5 180.5 179.9 180.3 180.5 179.9 179.2 178.7 178 180 182 185.6 189.2 192.4 195 194.8 194.4 194.1 196.8 197.5 196.1 192.1 187.9 185.9 184.1 183.1 182 179 176.6 174.4 172 170.7 170 169.7 169.2 168.5 167.8 166.1 161.8 157.9 156.7 154.2 151.5 150 155.9 158 146.5 142.5 140.1 137.9 138.2 138.2 133.2 129.8 127.2 125.2 122.8 121.8 126.4 128 127.5 130.8 132 133.7 134.4 135.6 139.1 132.8 133.7 139.2 143.6 147.8 157.4 166.2 175.9 186.4
183.9 183 182.3 181.9 181.3 181.5 181.3 181.7 180.8 180.7 179.2 181.3 184.3 188.5 192.1 195.5 197.9 197.8 197.6 198 200.1 202 201 198.2 191.1 190.3 188.9 187.8 186.1 183.2 180.9 178.7 176.5 175.3 174.8 174.4 173.6 172.9 172.3 170.6 165.8 162.7 160.5 157.6 155 154.7 156 159.7 155 149.1 145.3 143.5 142.2 141.2 143 140.6 135.3 131.3 128.4 125.3 120 120.3 120.8 122.5 124.9 127.1 126.7 128.3 131 130.8 129 133.7 138 141 150.2 160.6 171.7 181.1
186.6 185 184.1 183.6 183.2 183.6 183.9 183.5 182.3 181.9 181 182.9 187 191.1 194.7 198 200.9 201.1 200.8 200.9 202.7 204.3 202.7 200.8 196.5 194.7 193.4 191.8 190.1 187.6 185.2 182.9 180.9 179.9 179.3 178.8 177.9 177.1 176.2 174 170.6 167.1 165 162.1 160.4 159.6 158.5 159.9 160.1 154.4 151 149.6 148.8 146.9 151.5 150.1 145.2 140.3 135.4 131.1 127.4 125.6 122.6 119.2 119.7 119.9 120.7 121.3 123.2 123.6 125 128 131 134.3 142.2 151.9 164.4 175.5
188.3 187.2 186.5 185.9 185.7 186.2 186.6 185.4 184.2 183 183.3 185.3 188.9 192.7 196.3 201.2 204.8 206.4 206.2 205.9 206.6 206.7 204.5 202.1 201.1 199.2 197.4 195.8 194.1 191.8 189.5 187.2 185.3 184.6 184 183.3 182.5 181.3 179.9 177.3 173.1 171.3 170.3 167.8 165.7 164.7 163.7 162.8 162.6 160.7 157.4 156.1 155.3 153.5 157.7 155.8 151.4 146.8 142.9 139.3 134.4 130.6 128 125.7 122 117.6 116.7 116.3 117.5 118.7 121.4 123.8 126.5 129.8 136.9 146.4 157.1 167.1
189.2 189.5 188.8 187.9 187.8 188.8 188.4 187.2 185.8 184.5 185.6 188.2 190.9 195.1 200 204.9 209.2 211.4 211.5 211.2 211.2 209.3 207.5 205.9 204.8 203.2 201.7 199.9 197.8 195.7 193.4 191 189.4 188.8 188.1 187.1 185.4 183.8 182.4 180.1 177.3 176.2 175.2 173.4 170.9 169.4 168.7 167.9 167 165.9 164.1 162.9 163 161.6 163.3 161.6 157.7 153.1 149.4 146.4 142.4 137.7 133.4 130 126.8 121.5 118.9 118.2 115.8 115.3 117.8 120.3 122.9 126 131.5 138 147.8 159.5
189.8 190.3 190.3 189.8 190 190.9 190.3 189.1 188 186.7 186.8 190.2 193.1 197.7 202.6 207.9 212.4 216 216.8 216.2 214.3 212.3 211.3 210 208.9 207.8 205.8 203.6 201.5 199.4 197.2 194.8 193.5 192.6 191.6 190.6 188.7 186.7 184.9 182.2 181.5 180.6 179.9 178.9 176.5 174.6 173.4 172.4 171.6 171.3 170.8 170.4 170.5 170 169.5 168.8 165.2 159.8 155.6 152.2 148.3 143.8 139 134.9 130 125 121.8 120.2 119 117.3 114.8 117.2 119.4 121.7 125.9 132.6 138.1 148.6
190.8 191.8 191.9 191.3 191.8 192.6 191.8 191 189.7 187.8 188.6 192.8 197.4 201.4 205.6 210.7 216.2 219.3 220 219.5 218.1 215.7 215.1 214.1 212.5 210.9 209.1 207.3 205.2 202.9 200.4 197.9 197 196 195 193.9 191.9 189.9 187.9 185.9 185.2 184.1 183.5 182.8 181.5 179.5 179.2 178 177.1 177.3 177.8 178.5 178.6 178.1 177.2 175.7 172.3 167.5 162.5 157.9 153.9 149.5 144.7 138.3 132.6 127.1 123.1 121.6 120.6 119.3 116.1 115.6 117.6 118.8 121.7 129.1 134.6 140
192.6 193.2 193.4 193.5 193.5 194.1 193.3 192.5 191.7 189.4 188.5 194.8 200.4 205.4 209.6 213.5 219.3 221.2 221.1 220.8 220.8 219.4 218.4 217.2 215.4 213.7 211.9 209.9 208 205.8 203.3 200.8 200.3 199.5 198.5 197.1 194.8 192.4 191.1 190.2 188.5 187.7 187.1 186.5 185.5 184.2 184.2 184.1 183 183.3 184.9 186.2 187.1 186.5 186.8 184.5 181 175.5 170 165 159.9 155.9 150.4 142.2 135.1 128.4 124.6 122.4 120.9 119.4 116.9 114.7 116.1 117.5 118.4 123.4 131.1 134.6
194.6 195.4 196 196.2 196.2 196 195.2 194.5 194.3 193.2 190.9 194.8 200.5 207 212 216.7 220.5 222.2 222.2 222.2 222.4 221.9 221.3 219.9 218.1 216.2 214.2 212.2 210.2 208.3 206.1 203.6 203.1 202.2 201.2 199.6 197.3 195.3 194.4 192.8 191.2 190.7 190.6 190 189.1 188.7 189 189.1 188.9 189.4 191.5 193.1 194 195 193.9 192.7 189.6 184.3 178.8 172.8 167.2 162.5 156.2 148.4 139.2 130.5 126.2 122.5 120.5 118.6 117.1 115.5 112.7 115.5 116.3 117.7 124.4 129.4
197.5 198.1 198.8 198.8 198.5 198.2 197.8 197.5 197.9 197.5 194.3 195.3 200.9 207.4 212.2 216.9 221 222.4 223.9 223.9 224 224.1 223.8 222.4 220.7 218.6 216.6 214.5 212.5 210.5 208.6 206.4 205.8 204.8 203.7 201.8 199.7 198.1 196.6 195 194 194 193.6 193.6 192.7 192.3 193.5 194.4 194.4 195.2 196.7 199 200.7 201.8 201 199.7 197.7 193.3 187.7 181.3 175.2 167.8 160.3 153.7 144.4 134.7 128.4 124.9 121.4 119.4 118 116.6 114.9 112 113.6 115.4 118 120.5
202.7 202.4 202.1 200.9 201.9 202 201.6 200.8 200.8 200.1 197.5 196.9 201.4 207.6 212.5 217.4 221.2 223.2 224.5 225.5 225.6 225.8 226 224.9 223.2 221.1 219 216.6 214.6 212.7 210.7 209.1 208.6 207.4 206.1 203.4 201.2 199.9 199 198.3 197.5 198 197.7 197.1 196.8 196.4 197.3 198.4 199.5 201 202.4 205.1 207.8 209.3 208.2 206.9 204.8 201 196.2 189.1 180.9 173.3 165.8 158.7 150.1 140.6 134 129.4 124.6 121 119.3 116.5 114.1 112.8 111.3 112.8 114 116.1
209.8 208.7 207.6 206.6 208.3 209.2 208.4 207.4 205.4 202.2 199.2 197.4 201.8 207.4 212.8 217.8 221.4 224 225.6 227.1 227.4 227.9 228.5 227.5 225.6 223 220.4 218 216.5 214.8 213.3 212.3 211 209.8 208.4 205.9 203.6 202.7 201.7 200.6 200.4 201 201 200.7 200.4 200.7 201.9 202.9 204.5 206.4 208.4 211.2 213.9 216.3 216.9 214.8 211.5 208.1 203.4 195.3 186.8 178.9 171.5 164.9 156.5 147.6 139.2 133.7 128.9 124.4 121 117.2 114.2 111.9 112.3 110.3 110.9 112.5
216.4 213.4 212.2 211.4 212.7 212.2 211.6 210.8 209.2 205.1 201.3 197.8 201.4 207.1 212.9 217.6 221 224.2 226.3 227.8 229.1 230.5 230.7 229.3 227 224.2 221.6 219.9 218.3 217.2 215.9 214.5 212.8 211.1 210 208.6 206.4 205.4 204.3 203.4 203.1 204.1 204.5 204.2 204 204.4 205.2 206.7 208.5 211.1 213.6 216.4 220.1 222.6 224.3 222.7 219.2 215.5 209.3 201.9 193.3 184.7 177.7 170.4 162.9 155.4 147.7 138.9 133.2 128.1 123 119.3 115.5 112.9 111.8 109.9 108.7 111.1
221 219.2 217.8 214.8 214.9 214 212.9 211.6 210.3 207 203.7 200.4 200.3 206.4 211.8 216.7 221.3 223.9 226.6 228.1 228.9 230.4 231 231 228.8 226 223.4 221.6 220.1 218.9 217.8 216.1 214.1 212.2 210.8 209.5 208.7 208 207.2 206.6 206.6 207.5 208.1 207.8 207.4 207.9 208.7 210.6 213.4 216.3 218.8 222.2 227.2 229.9 231 228.3 225.6 221.9 214.4 208 200.6 191.5 183.6 175.2 167.8 160.3 152.9 145.2 138.3 132.6 126.6 120.7 116.6 113.7 112.1 110.7 109.6 107.8
225.1 223 220.2 217.3 216.4 214.4 211.8 211.5 211 209.5 206.5 203.1 200.2 206.7 211.5 217 220.7 223.7 226.8 228.3 229.5 229.7 230 231.3 230.1 228.1 225.7 223.4 221.9 220.7 219.5 218.1 216.1 214.1 212.2 210.6 210.1 210.1 210 209.9 210.3 210.9 211.7 211 210.5 211.6 212.1 214.7 217.3 220 224.4 229.6 234.3 236.5 236.4 232.6 231.4 228.6 220.5 213.1 205.4 197.9 188.9 179.5 172 164.6 156.7 148.9 142 137.1 130.2 123.4 118.8 115.3 113.3 111.8 110.9 109
229.3 226.8 223.7 220.8 219.1 217 215.9 214.7 213.7 211.9 209.7 205.9 201.7 205.7 210.4 215.5 220.2 223.3 226.3 228.9 229.6 229.7 229.9 231.8 230.4 228.6 227.1 225.5 223.7 222.5 221.3 220.1 218.1 216.1 214 212.5 212.2 212.1 212.1 211.9 212.7 213.5 214.7 215 214.3 215.1 215.9 218.5 221.5 225.3 231.1 236.9 239.8 240 239.6 236.6 233.2 231.6 227.5 218.7 209.7 201.7 193.6 183.8 175.5 167.5 158.7 151.1 144.9 141.8 135.6 128.2 120.9 117.3 115.2 112.7 111.7 109.5
233.4 230.2 227.3 224.1 221.4 219.1 219.3 218.3 216.8 213.8 211.2 208.3 202.5 204.5 208 212.9 219.6 222.6 225.4 227.9 228.9 229.8 230.1 231.4 230.8 229.2 227.6 226.2 225.2 223.8 222.6 221.4 219.8 218.1 216.3 214.7 214.4 214.3 214.2 214.1 214.9 216.2 217.3 217.4 217.7 219 220.2 221.9 225.6 230.9 238 241.5 243.4 241.8 241.7 241.5 240.2 234.4 229.6 224.1 212.8 204.5 194.8 185.7 177.2 168.2 159 151.7 145.4 142.1 140.5 133.2 126.9 119.9 117.1 114.1 112.2 109.8
236.8 233 229.1 226.2 223.2 220.8 220.3 220.5 218.7 215 212.2 209.9 207.2 204.1 207.8 211.5 219.5 221.8 224.5 227 228.1 229.9 230.3 231 230.2 229.2 228.6 227.9 226.8 225.4 224 222.5 221.2 220 218.5 216.8 216.6 216.5 216.7 217.7 218.2 219.4 220.3 220.6 220.9 221.5 223.3 225.3 229.5 235.9 243.5 245.5 247.3 246.2 247.3 246.7 245.1 240.3 234 229 217.3 206.6 197.2 188.1 178 167.6 160.2 153.3 146.6 140.1 139.7 135.7 131.1 125.9 119.4 116 112 110
239.8 236 232.4 229 226.1 224 222 220.5 219.3 215.9 213.2 210.8 209.7 202.6 207.6 209.4 215.4 220.5 223.5 226.1 227.8 229.9 230.8 230.7 229.9 229.6 230 229.5 228.3 226.9 225.6 224.1 222.9 221.7 220.4 219.3 218.9 219.3 220.6 221.3 221.5 222.2 223.5 223.8 224.1 224.5 225.7 228.1 232.5 239.1 245.5 248 250.2 249.1 249.9 250.2 248.6 244.3 237.8 230.8 221.3 209.8 199.9 189.4 179.3 169.4 161.2 154.3 146.8 140.3 137.6 133.4 129.3 125.7 119.9 116.9 113.1 110.5
243.5 239.2 235.4 232.9 229.8 227.7 225.8 222 220.5 217.9 214.6 211.8 209.4 204.5 206.7 209.2 213.8 218.8 222.2 225.4 227.8 229.9 231.8 231.9 231.6 231.2 231.1 231.1 229.8 228.4 227.1 226.1 224.8 223.6 222.4 221.8 221.4 222.8 224.6 224.6 224.4 225.2 226.7 227.1 227.4 227.9 228.8 231 235.3 241 247.2 250.1 250.6 250.5 251.2 252.3 251.2 247 239.9 231.5 223.8 213.5 202.8 191.8 181.6 171.7 162.7 156.1 148.3 141 135.3 130.1 126.7 123.4 121 118.8 115.5 112
248.4 242.6 238.2 236.2 233.5 231.1 228.9 225.2 222.4 219.6 216.3 212.3 209.6 205.3 204.6 208.4 213 218 222.1 225.3 228.5 231.1 233.2 233.8 233.6 233.6 233.5 233.3 232.2 231.2 230.1 229.1 228.1 226.3 224.6 224.3 224.7 226.4 228.3 228.6 228.6 229.2 229.7 230.4 231.5 232.1 232.6 234.7 238.4 244.3 249 252 253.2 253.5 254.9 254.6 254.1 249.4 242.3 233.5 224.4 215.1 204 194.5 184.3 174 164.9 156.8 150.7 142.7 136.8 131.1 127.7 125.5 125.6 122.7 119.5 116.4
252.3 247.2 242.1 239.4 236.9 234.1 230.6 227.3 223.3 220.3 216.6 212.6 209.8 207.1 202.8 207.5 211.8 216.8 221.9 225.2 229.1 232.5 234.9 236.3 236.8 237.2 237.3 237.2 235.9 234.8 233.9 233.4 231.5 229.8 228.4 228.3 228.9 229.7 230.1 230.7 231.8 232.8 233.4 234.5 235.7 236.3 236.9 238.7 242.8 246.3 250.4 253.6 256.5 257.5 258.9 258.3 256.2 251.6 244.6 235 224.7 215.1 204.9 196 187.6 176.3 167 159.4 152.2 144.6 139.6 134.6 130.5 130.4 130.1 126.4 122.4 118.8
256.4 251.3 246.2 242.5 239.9 236.2 231.8 228.9 224.6 221.4 217.1 213 209.9 207.2 203.5 206 211 216 221 226.1 230.3 234.2 238.1 240.1 240.8 241.2 241.4 241.3 240 238.7 238.4 238 235.6 234.3 233 232.8 233.1 234.3 234.9 234.3 234.9 236.4 236.9 237.9 239.5 240.4 241.2 242.5 246.7 249.3 251.9 255.2 258.4 260.2 260.9 260.4 257.3 252.3 246.1 235.8 225 216.3 206.9 198.6 190 179.1 169.4 161.6 154.4 147.6 141.9 137.6 133.2 131.3 130.4 126.7 122.2 120.6
259.7 254.3 249.2 245.6 242 238 233.5 230 226 221.9 217.6 213.4 210.1 208.2 205.8 204.2 209.9 215.9 221 226.4 231.8 236 240.8 244.4 246.4 247.3 247.3 247.1 245.9 244.6 243.2 242.9 240.9 239.9 238 237.6 238.2 239.1 239.7 238.9 239.7 240.9 242.1 242.1 243 244.2 245.1 247.7 250.1 252 254.1 257.8 260.1 261.4 261.8 261.9 257.9 252.2 245.1 235.9 225.5 216.9 208.7 200.1 191.3 181.2 171.7 163.2 156.2 150.6 145 139.3 135 131.4 129.9 125.6 121.9 120.8
262.9 259 251.9 248.3 244.1 239.3 234 230.2 226.6 222.3 218.1 213.9 210.8 208.8 206.7 203.1 208.6 214.2 221.2 226.7 232.5 238.4 243.4 247.6 250.3 252.7 252.9 252.9 251.9 250.4 249.4 248.1 246.5 244.9 242.9 242.6 243.4 244.2 243.3 243.3 245.2 246.9 247 247 247.1 248 250.1 251.4 252.7 254.6 256.5 260 261.3 262.6 262.7 262.8 258.2 251.9 244.4 236.2 225.9 217.3 209.2 200 192 182.9 172.9 164.4 158.5 152.6 146.4 141.1 136.7 132.6 129.2 126.8 124.5 122.2
