app/static/ascii/NX58.asc
ncols 200
nrows 200
xllcorner 250000
yllcorner 580000
cellsize 50
[rows 105 to 139 of 200, columns 0 to 78 of 200]
492.2 509.7 527.6 544.7 564.7 583.8 602 615.5 632 643.6 654.3 664.6 673.9 685.1 694.5 705.4 710.4 699.8 656.5 615.7 583.8 542.3 496.4 457.7 420.8 389.4 371.2 355.6 347.7 337.1 328.1 322.7 321.4 321.8 325.1 327.9 330.4 331.8 332 331.1 327 317.5 313 309.1 308.3 308.3 308.3 308.8 313 313.9 312.3 310.8 311.1 310.6 310.6 310.5 309 306.2 308.3 310.4 314.5 318.7 324.4 330 334.2 337.9 341.1 344 345.9 347.2 347.1 346.1 343.2 339.5 334.7 328.9 322.7 314.6 304.8
489.4 506.5 524.9 542.8 560.1 578.3 595.3 610 624.5 636.6 648.6 658.2 669.4 677.2 688.6 701.1 707.5 698.6 664.5 626.8 592.4 551.1 499.8 458.9 425.9 398.4 378.6 364 352.9 340.7 331.1 324.7 320.7 319.6 321.1 323.6 326.2 328 328.3 327.2 322.9 312.7 308 308.3 308.3 308.3 308.3 308.3 308.3 308.3 308.1 308.6 309.5 310.8 310.8 310.6 307.7 308.3 308.3 308.7 313.6 319.6 325.6 331.8 337.1 340.4 343.3 346.3 347.6 348.6 347.9 347 344.3 340.6 335 327.6 319.8 311.3 303.8
485.4 502.2 520.9 539.9 556.8 572.3 590.3 603.9 619.2 632 642.7 653.6 662.3 672.6 684.5 695.9 704.2 696.7 671.9 640.4 603 559.1 509.3 468.1 437.6 411.1 389.3 376.1 362.7 347.9 336.5 327 322.2 320.1 319.5 320.3 321.7 323.7 325.1 319.5 316.1 309.3 308.3 308.3 308.3 308.3 308.3 308.3 308.3 308.3 308.3 308.3 307 309.5 310.3 309.9 306.7 308.3 308.3 308.6 313.8 320 326.7 332.9 338.9 344.1 347.4 349.3 349.6 350 349 347.3 345.1 341.5 335.6 326.6 316.9 308 299.7
479.4 494.6 514.3 534.6 549.8 567.5 584.6 598.8 612.3 624.7 635.2 647.6 656.9 668.7 680.3 692 703.8 706.6 685.9 653.6 616 576.9 532.2 484 449.9 420.3 402.7 389.5 373.5 359.7 334.8 326.9 322.4 319.6 318 318.7 319.8 320 319.6 311.4 309.7 306.8 308.3 308.3 308.3 308.3 308.3 308.3 308.3 308.3 308.3 308.3 308.3 308.3 307.5 307.4 308.3 308.3 308.3 307.3 313.3 319.8 327.6 335.1 341.6 347.6 350.3 351.1 351 350.4 348.2 346.2 343.2 339.3 332.9 325 315.4 304.8 295.4
482.6 494.2 510.2 532.2 548.3 562.8 579 595.2 606.4 618.6 631.8 642.6 654 665.1 676.5 690.1 702.4 711 690.3 657.9 625.3 592.6 555.3 498.8 463.5 437.3 418.7 405.9 398.5 360.8 339.8 328.1 322.9 320.2 318.1 317.4 316.3 314.7 313 311.9 307.6 308.3 308.3 308.3 308.3 308.3 308.3 315.3 315.9 308.3 308.3 308.3 308.3 308.3 308.3 308.3 308.3 308.3 308.3 308.2 312.2 320.9 329.4 335.9 343.2 348.9 351 351.4 351 350.3 347.9 345.4 341.4 334.6 327.9 320.7 312.3 302.8 293.4
488.9 498 515.1 533.5 548.2 561.2 575.4 588.6 603.3 614.6 628.7 639 650.1 661.7 674.3 688.1 700.7 711.6 690.4 664.8 638.4 603.5 554.4 510.2 480.1 455 434.2 423.8 410.8 380.4 355.6 341.4 324.6 321.7 319.9 315.9 317.1 306.4 308.3 308.3 308.3 308.3 308.3 308.3 308.3 308.3 316.5 323.9 315.1 308.3 308.3 308.3 308.3 308.3 308.3 308.3 308.3 308.3 308.3 308.3 311.7 322.6 331.3 338.4 344.2 349.1 350.9 351.4 351.6 350.1 347.8 344.5 339.2 331.8 323.8 315.7 307.8 300.6 293.1
491.8 501.8 518.1 533.9 549.5 562.6 573.2 587.9 599 611.7 624.5 637.2 646.6 658.1 670.4 685.3 700.5 703.9 689.5 671 646.5 618 578.4 535.9 503 474.9 452.3 443 428.5 412.6 388.9 378.5 338.5 329.1 331.2 336.2 327 308.3 308.3 308.3 308.3 308.3 308.3 308.3 308.3 312.5 316.4 315.2 308.2 308.3 308.3 308.3 308.3 308.3 308.3 308.3 308.3 308.3 308.3 308.3 316 327.4 336.5 341.5 346 349.4 350.9 351.5 350.9 348.3 345 342.4 336 327.7 319.9 312.2 306.3 298.7 291.8
493.4 505.3 520.7 534.8 548.6 562.6 572.1 584.5 596.1 608.9 621.3 634.6 642.2 655.9 667.9 684.3 695.8 692.3 685.4 671.9 659.2 641.6 602.8 559.7 526.3 492.5 468.7 455.9 448.6 452.7 434.2 414.6 382.4 349.1 350.4 355.5 339 308.3 308.3 308.3 308.3 308.3 308.3 308.3 313.4 318.4 313.5 307 308.3 308.3 308.3 308.3 308.3 308.3 308.3 308.3 308.3 308.3 308.3 309.6 322.6 333.4 342.4 345.7 347.7 350.3 351.2 352 350.9 347.2 341.7 337.8 331.6 324.4 315.6 308.2 304 297.8 292.8
495.9 506.6 522.6 535.3 545.8 556.7 569.5 579.1 593.4 605.2 616.5 628.8 638.9 652.7 664.9 682.8 692.6 687 682.3 679.4 671 655.8 621.3 585 554.1 516.7 494.8 482.7 479.6 499.4 479.9 447 416.8 374.7 370.9 373 349.1 308.3 308.3 308.3 308.3 308.3 308.3 309.1 317 319.9 310.6 308.3 308.3 308.3 308.3 308.3 308.3 308.3 308.3 308.3 308.3 308.3 308.3 316.1 329.2 340.6 346.1 347 348.8 350.2 351.5 352.6 350.3 345.6 339.8 334.3 327.5 320.3 312.5 305.7 301.1 295.5 289.9
493.9 509.6 521.5 531.4 542.8 552 565.1 577 589.1 602.4 613.5 625.1 638.9 652.7 666.8 681.1 690.1 694.6 687.6 687.1 681.2 668.3 657.8 622.5 575.2 533.3 520.8 518 523.6 525.5 494.2 467.4 428.1 395.4 398.5 396.5 358.1 318.4 308.3 308.3 308.3 308.3 308.3 311.1 317.5 316.5 319.5 311.4 308.3 308.5 310.1 308.7 308.3 308.3 308.3 308.3 308.3 308.3 309.1 321.4 336.3 345.5 347.4 348.6 348.9 349.8 351.6 351.2 348.1 343.1 338.7 332.8 326.1 319.3 310.4 302.4 296.3 290.6 285.1
491.6 505.6 517.7 526.5 537.9 548.6 560.3 574 589.2 602.1 614 626 638.7 654.8 670.3 681.9 689.2 698.7 700.6 695 691.6 681.4 671.1 634.7 580.7 547.2 553.1 570 547.7 533 512.4 471.8 430.2 417.9 422 405.4 362.6 330.7 310.3 308.3 308.3 308.3 307.1 313.7 319.2 327.8 321.5 310.6 308.8 310.8 313.8 315 313 309.9 307.4 308.3 308.3 308.3 312.2 327.4 338.6 347.6 349.1 349.8 349.2 350.3 350.7 349.4 345.1 340.6 336.4 330.8 323.8 315.8 306.8 299.9 294.4 288.7 283
492.4 502.3 511 519 534.1 547.2 558.2 572.1 585.8 599.6 613.8 627.6 642.9 659.8 674.6 685.3 694 705.2 709.5 704.8 698.5 689.8 675.5 633.4 595.7 576.8 598.6 602.4 562.6 552.3 523 481.5 447 440.2 446.9 416.8 373 340 320.5 309.7 308.3 306.9 310 315.8 323.3 324.6 318.3 313.1 311.9 316.3 321.1 322.7 319.3 316.5 311.9 310.4 307.7 309.9 319.3 330.6 338.6 348.3 350.8 352.5 350.9 349.5 349.7 347.4 341.5 336.6 331.4 325.9 319.7 313 304.3 297.5 293.1 287 280.7
491.7 498.1 511.1 522.5 533.7 547.2 561.5 572.9 586 600.6 615.4 629.9 646.9 663.8 678.6 688.9 697.7 707.4 715.2 712.9 708.2 699.5 680.7 650.6 620.3 622.8 648 616.3 578.2 560.4 534.5 494.1 476.9 465 467.7 420.7 377.3 347.2 337.2 322.1 314.6 310.1 311.5 317.9 321.1 321.8 319.3 318.9 320.7 324.8 327.3 327.1 325 323.6 320.7 319.2 317.1 317.7 326.6 334.6 340.4 349.3 351.2 352.7 351 348.9 347.4 344.2 338.5 332.6 328.7 322.6 317 312.1 305 299.8 294.2 288.1 281.8
495.1 503.7 515 523.5 532.8 548.3 563.8 574.4 588.5 601.7 618.3 633 650.5 665.5 678.8 690.5 701.3 712 721 723.3 721.2 716.8 698.6 673.4 649 664.5 658 618.1 587.2 566.7 543.5 508.9 496.8 483.5 470.2 424 381.3 364.5 357.4 342.6 318.3 315.6 315.3 321.2 322.7 324.6 326.3 327.5 329.4 332.8 334.9 335.3 336.4 333.3 329.5 327.9 325.6 327.5 333.9 339 344.7 349.7 351.1 351.6 349.2 347 343.7 340.6 335.7 330.6 329.6 324.4 319 311.8 306.7 302 296.5 290.3 284
504.3 510.7 519.2 529.7 539.2 550.9 563.3 577.6 591.1 602.6 621.8 635.1 652.6 668 679.7 689.9 701.8 714.4 723.4 729.2 730.5 727.2 713.1 705.6 694.7 702.8 670.4 627.2 596.4 577.3 555.3 520.8 498.9 494.3 469.3 422.9 397.7 391.7 378 354 332.1 323.6 322.3 325.1 328 334.4 336.4 337.9 339.7 344 345.8 349.3 347.1 344.2 340.9 338.2 337.3 339 339.9 341.7 347.1 350.4 350.8 350.4 348 345.5 342.4 339 335.4 330.8 330.1 327.3 322.4 315.2 307.7 301.4 295.8 290.9 286.1
512.1 520.1 526.1 536.6 546.3 556.2 568.5 583.1 594.7 606.9 622.8 633.7 653.6 667.8 680.5 691.4 701.1 712.7 722.5 729.9 734.5 732.5 731.4 724.9 719.6 713 676.8 635.5 609.1 582 571.7 532.2 513.5 487.2 461.7 424.8 437.1 417.4 382.9 356.6 344.9 337.2 332.2 332.9 340 350.2 351.2 353.7 356 360.5 360.7 364.1 360 359.2 356.5 356.3 353.3 351 349.2 348.7 349.5 350.5 350.7 349.5 347.7 344.9 341.1 337.8 334.1 330.3 329.6 330.3 325 316.7 308 301.4 295.6 291.2 288.6
516.3 524 534 544.7 553.7 566.4 574.1 589.4 600.8 611.1 627.7 639.3 654.4 667.6 679.6 691.4 701.8 710.8 720.9 728.9 732.8 734.7 736.5 732.3 726.4 718.1 690.2 652.2 622.8 592.1 571.4 540.4 517.9 492.9 458.1 456.1 453.9 422.7 402.6 375.1 362.1 349.5 342.8 348 357.4 364.5 368.4 376.1 383.1 383.5 380.9 379.1 381.1 380.7 377.7 377 373.9 365.1 360.5 357.6 355.9 353.5 352.6 349.6 347 344.7 342.7 338.8 334.6 330.5 330.3 330.5 326.5 318.5 309.2 301.6 296.1 291.6 290.1
521.1 529.5 541.8 553.5 563.8 575.8 586.6 596.4 608.6 619.9 631.1 642 653.9 665.3 677.8 689.7 700.8 708.8 718.8 726 730.1 731.7 731.8 728.4 725.5 721.3 702 662.8 629.4 605.1 578 551.4 521.7 497.6 484.4 475.7 456.2 424.3 397.4 395.3 382.3 365.3 363.8 371.3 378.4 386.8 394.5 402.4 407.5 409.8 401.2 403.6 405.5 407.1 402.2 402.2 397.4 381.6 374 369.3 364.7 363.4 359 353.7 350.4 350.1 347.7 343.3 337.3 331.9 330.7 328.1 324.2 319.7 312.7 304.5 298 294.3 290.3
526.7 537 550.1 561.6 574.3 586 596.5 606.3 615.5 626.9 634.7 642.9 653.2 663.9 674.9 686.6 695.4 704.5 713.3 720 723 725.5 724.4 722.9 723.4 720.9 698.6 666.4 637.5 606.5 579.2 563.7 542.2 518.7 505.7 482.4 458 427.3 424.1 413.9 405.8 394.7 390.2 396.8 405.8 418.8 426.4 436.3 435.8 432.1 434 431.1 434.3 443.1 436.9 433.2 423.5 405.2 395.3 385.9 378.1 376.9 371.5 367.5 362.5 360.6 359.8 354.1 345.3 336.9 331.7 328.2 321.5 315.9 310.8 305 300.4 297.2 293.4
531.2 541.4 553.6 568.2 581.8 592.4 602.1 612.1 619.4 629 636.8 644.1 652.9 662.8 673.6 683 691.6 701.6 708.1 714.2 717.4 717.5 717.3 717 718.6 716.4 702.1 672.1 635.5 604.8 583.1 575.3 549.4 545.7 524.8 489.9 461.1 454.5 457.2 441 432.3 429.7 418.7 423.3 431.8 448.9 454.1 460.8 463.5 458.6 458 456.7 466 476.5 476.6 474.7 453.8 433 418.5 404.8 396.2 394.3 389 382.8 376.6 375.4 376.1 378 362.4 347.2 338.7 332.2 324.6 315.6 310.9 306 300 297.3 295.7
531.2 543.9 556.6 573.6 587.5 597.3 606.7 615.9 623.8 630.7 636.6 643.7 652.3 659.9 670.7 678.7 688.6 696.8 701.6 707.2 708.6 707.7 707.6 708.2 709.6 708.8 699 667.6 635.6 606.6 590.8 582.2 582.6 568.1 535 505.6 487.6 483.5 488.7 475.9 460.2 447.5 443.9 453.1 456.8 469.1 480.4 481.9 484.4 481.7 479.7 487.7 500.3 512.2 510.1 506.8 484.1 467 457 431.4 419 417.3 411.1 400 393 388.9 386.1 377.8 369.9 359.3 353.1 342.8 332 327.1 324.4 316.2 306 302 298
530.2 544.7 558.5 574.5 590.7 601 609.4 618.9 625.7 632.3 637.3 642.8 649.5 655.8 665.1 674.4 683 688.6 694.2 697.8 698.9 697.6 699.3 699.9 701 699.3 694.2 668.2 637.5 611.4 595.7 600.7 612.2 593.9 559.4 526.5 518.3 517.7 520.1 498 479.5 469.9 469.6 475.8 481.2 487.8 497 498.9 497.5 498.6 504.8 517 533 542.8 543.5 538.1 531.7 513 495.7 458.5 444.7 447.4 432.3 418.8 410.5 404.9 392.6 384 379.9 370.7 365.5 354.1 340.4 333.9 328.5 320.6 311 306 302.8
532.8 545.1 562.1 574.8 591.9 601.5 611.4 620.3 626.9 633 638.6 642.1 645.9 651.6 658.8 667.5 675.7 679.3 683.9 687 688.1 687.5 689.7 690 690.9 690.9 687.4 667.5 640.1 617.7 616.5 622.2 629.5 613.6 576.7 563.5 549.2 548.8 546.5 515.6 505.2 495.2 493.4 497.2 505.2 507.5 507.6 508.8 510.9 515.4 529.6 543.5 558.3 564.9 566.5 564.2 555.3 538.8 507.2 483.1 472.4 471.7 459.5 444.8 437.5 420.4 406.1 396.5 389.2 380.3 368.9 358.8 348.5 337.8 330.9 321.4 313.1 311.4 307.2
527 542.5 559.2 575.1 589.7 602.1 611.1 618.9 626.2 633 637.6 639.8 643 646.4 652 659.4 665 668 671.9 674 675.7 676.1 678.9 681.1 682.7 682.3 680.4 663.9 640.2 627.7 637.6 634.6 634.4 618.1 586 580.8 579 576.3 559.4 541.1 527.2 521.7 526.6 520.9 524.5 524.4 522 522.3 525.4 536.2 549.3 560.6 575.8 577.8 573.9 571.1 559.7 537.8 517.8 498.3 491.1 493.7 489.1 474.6 466.2 440.3 421 413.6 398.9 385.1 372.3 362.4 353.2 347.7 337.3 324.2 318.2 312.3 309.5
525.7 540.4 555.1 569.6 584.8 597.2 606.6 614.7 622.8 629.4 633.8 636.3 638.9 641.6 646.3 651.5 654.5 657.6 658.8 659.1 661.8 665.8 667.6 670.5 673 672.8 670.8 659.1 640.6 645.9 645.6 635.9 632.8 612.5 612.5 605.2 600.8 598.5 582 569.5 553.9 545.9 551.9 547.1 543.1 539.2 536.6 536.5 542.5 553.3 563.6 573.2 582.7 577.3 574 572.7 556 535.2 520.2 507.4 501.6 502.5 493.9 480.9 470.6 453.3 435.2 422.6 409.3 396.6 376.2 369.3 357.5 348.6 338.5 328 319.3 313.3 309.4
518.6 533.9 548.1 561.6 575.2 587.2 598.5 609.5 617.6 623.6 628.4 630.6 633.1 635.4 637.6 638 637.9 641.1 642.6 646.5 649.1 654 657.4 660.6 665.4 666.7 660.9 650.4 647.2 648.1 645.6 635.6 627.6 627.4 626.5 622 619.1 616.7 605.2 589.4 582.9 571.4 572.8 570.9 560.7 553.7 551.1 555.5 563.9 568.7 576.5 580.5 582.4 573.7 572.5 563.3 546.9 534.1 520.5 509.5 506 500.6 490.6 484.5 471.4 459.5 450.3 428.2 416.5 407 385 373.8 360.9 348.1 337.6 329.9 322 314.9 310.7
508.9 525.1 541.1 553.8 564.1 575.3 585.7 598.5 607.9 614.9 619.3 622 624.6 625.3 622.4 616.7 619.7 624.5 626.3 629 637.3 641.7 646.5 652 657.3 660.6 657.5 649.9 650 650.7 646.7 636.3 639.5 638.4 637.8 639.7 639.6 631 619 612.7 608.1 595.6 596.5 589.3 578.6 570.1 570.8 575.7 581.5 581.9 580.7 584.2 575.7 569.3 565.5 555.1 539.6 528.1 518.1 506.8 503.3 493.2 486.9 480.6 470.6 466.4 449.9 436.2 427.1 407.3 391 374.2 365.4 352.2 342.7 338.8 328 319.5 317.6
499.9 517.5 532 541.6 550.4 561.3 569.5 582.5 592.3 600.9 606 609.6 610.1 604.6 600.4 596.5 601.4 606 611.7 617.5 626.1 632.4 637.3 642 649.8 653.3 650.9 651.3 650.1 648.5 645.5 645.2 647.9 647.1 651.2 655 655.5 645.9 639.1 635.5 626.3 616.3 612.6 604.5 593.1 590.6 592.6 594.5 594.9 593.5 585.8 582.7 569.5 567.4 554.5 544.6 533.8 521.7 512.7 500.9 500.3 490.9 485.5 479.6 478.5 467 460.1 453.2 437.4 415.4 399 384.6 370.8 360.2 356.1 347.9 338.1 332 327.3
490.5 504.9 519.8 528.1 537.5 546 553.8 563.6 572.2 582.1 588.5 589.4 588.1 583.5 578.5 578.3 582.6 587.2 592.8 603.1 614.8 623.1 630.5 636.3 644.1 648.9 650.2 650.2 650 650.4 651.1 651.9 657.5 660.4 666.3 672.4 669.1 665.9 660.5 651.8 645.9 637.2 628.1 620 614.6 614.3 613.2 609.6 599.9 594.7 591.4 575.1 561.5 552.4 544.6 534.3 522.7 512.7 502.4 493.5 491.5 486.5 480.5 481.5 484.3 477 466.8 461.7 447.8 425.4 410.9 393.4 378.2 370.9 363.6 354.9 346.8 339.8 333.4
477 490.4 504.5 513.3 520.5 529.5 536.7 545.2 555 566.4 569.4 569.8 567.6 562.5 561 562.5 561.9 565.7 572.4 587.5 605.6 615.8 625.5 632.9 641 648.1 651.1 653.3 653.7 658.9 660.3 665.6 669.7 677.1 683.3 686.1 684.5 683.3 679.2 672.2 665.3 649.5 640.6 636.9 635.1 629.6 622.3 613.1 604.1 595.3 586.1 562.4 548.2 540.6 531.5 520.9 509.9 498.5 489.2 484.1 484.7 478.4 476.3 476 480.3 473.6 469.1 466.6 454.7 439.2 422.2 402.1 391.8 380.5 371.9 361.9 354.1 344.5 338.6
459.8 471.6 484.4 496.9 506.2 512.7 521.6 531.3 540.9 547 551.8 551.5 548.6 546.4 545.6 544.6 549.8 566 583 594 601.3 613.3 623.3 630.9 638.3 648.4 652.4 656.4 660.2 665.1 672.9 680.3 683.1 689.9 695 697.2 697.4 696.1 692.5 685.4 673.7 661.1 653.6 650 643.4 633.8 626.6 615.6 603.1 583.3 564.4 547.4 537.8 525.2 515.9 505 493.5 484.1 476.8 472.5 471.2 469 468.5 469.3 471.6 471.4 470.5 465.4 458.8 447.3 426.6 411.4 400.8 388.6 376.2 365.5 356.5 352.1 350
443.1 455.2 468 479.8 490.7 500.1 507.1 520.9 527.5 534.8 538.3 535.8 533.1 530 528 543.3 557.1 576.2 593.7 606.2 615 616.9 629.3 638.4 645.3 651.2 656.2 660 664.5 675 683 689.2 694.8 699.4 704.5 707.3 707.9 707.6 702.1 691.1 679.9 670.5 663.5 656.2 644.8 636.1 627 611.5 589.8 569.7 549 531.7 517.8 501.8 492.5 480.8 474 469.2 462.6 461.6 461.1 458.4 459.1 463.7 465.4 466.6 466.3 462 459 444.7 431.5 416.1 405.6 392.3 380.4 371.6 365.4 362.9 359.8
431.6 441.5 452.5 466.6 478.4 486.7 496.6 506 514.2 520.1 522.5 520 515.9 511.9 532.1 551.8 570.4 588.7 605.9 615.7 627.8 631.4 636.1 645.5 651.8 656.4 661.2 664.8 673.2 682.5 692.1 699.3 705.5 710 713 715.3 717.4 716 706.8 697.6 689.7 677.3 668.4 657.7 649.1 634.7 617.5 593.2 570.9 552.7 535.1 514.9 498.6 480.4 467.1 455.8 450.6 448.6 446.6 447.2 450.6 445.4 450.5 455.9 458.1 459.9 462.8 463.9 456.4 444.4 435.5 426.4 412.6 397.5 385.9 378.4 374.1 371.7 367.2
422.9 431.5 443.7 454.6 466.6 475.9 485.4 494 499.9 505.4 505.7 502.3 503.1 522.1 541.2 559.7 578.3 597.6 613.5 624.4 636.9 643 647.3 653.2 657.6 662.8 667.7 671.4 684.3 692.4 696.8 706.2 711.2 715.6 718.9 721.8 723 720.6 715.2 705.5 695.4 680.5 669.8 656.3 641 623 599.2 575.5 552.2 537.4 521.9 503.4 482.8 464.3 449.6 435.7 428.8 426.8 431 435.4 437.9 436 439.9 446.8 449.2 455.7 458.1 454.9 450.2 444.7 438.2 430.9 418.6 404.8 392 386.3 383.5 378 374.1
415.1 423.3 434 443.5 456.6 466.5 476.2 484.3 488.7 490.5 486.8 498 515 532.7 550.1 567.8 588.7 607.2 621 632.9 642.6 649.4 653.7 658.2 663.3 667.7 672 679.8 690.7 696.3 703.9 710.3 716 720.8 724.4 727.2 727.2 725.9 720.8 711.2 696.1 680 667.4 651.8 629.3 608.1 585.1 563 543.2 529.6 514.6 491.8 469.6 449.5 432.8 419.7 411.9 415.2 417.2 426 425.9 427.8 430.8 436.2 443 453.4 451.5 448.5 445.2 442.1 439.9 433.8 423.1 411.4 404.1 398.9 391.8 385.6 381.9
