app/static/ascii/NX59.asc
ncols 200
nrows 200
xllcorner 250000
yllcorner 590000
cellsize 50
[rows 105 to 139 of 200, columns 78 to 155 of 200]
223.3 218.3 214.3 212 209.4 206.2 202.8 198.9 195.7 193.2 189.8 187.4 184.7 183 182.5 182.4 182.2 182.6 182.7 184.1 187.3 189.1 190.5 192.1 195.6 198.6 201.5 204.5 208 209.9 211.6 213.5 214.3 213.6 212.3 208.2 203.8 202.4 198.9 195.4 193 195.3 197.9 209.7 225.7 232.1 236 240.3 244.3 248.3 253.2 258.1 263.5 267.4 272.5 279 284.8 289.2 291.2 289.7 284.3 278.3 272.9 266.4 256.6 251.9 250 248.6 247.9 247.3 247.6 250.6 251.4 253.7 257.4 260.8 264.7 267.7
227 221.6 217.2 213.6 210.4 207.4 203.8 199.9 197.1 194 190.6 187.1 184.7 183.5 182.7 182.3 182.6 182.7 182.7 183.1 184.4 185.5 186.8 188.5 191.4 194.9 197.8 200.8 203.7 205.6 207.6 208.8 210.4 211 209.7 201.8 196.1 197 193.2 191.9 194.1 196.2 198.9 217.2 227.7 234.5 241.2 246.4 251.7 256.3 261.1 266.3 272.2 278.8 284.3 290.7 298 305 309.4 309.6 305 296.6 288.6 280.8 269.1 261.5 256.5 252.8 252.4 252.6 254.7 256.7 258.2 258.4 259.8 260.7 263.7 266.8
232 226.3 222.4 217.6 212.2 209 205.5 202.4 199 195.4 192.1 188.8 186.1 184.9 183.2 182.9 182.8 182.6 182.6 182.6 182.7 183.8 185 185.8 188 192.3 195.7 198.9 201.1 203.1 204.7 205.2 207 207.6 206.4 194.2 196.9 194.9 191.6 192.6 194.3 197 208.3 220.2 228.8 236.1 244.4 251.7 257.7 263.3 269.4 275.8 282.3 290.3 296.2 302.2 310.1 318.7 325.7 329.2 327.5 319.7 309.3 296.7 283.7 271.2 263.1 258.2 256.6 256.5 257.6 259.1 260.2 260.4 261.1 262.6 264 265.9
239 232.3 227.8 222.1 216.6 212 208.9 205.8 202.6 198.7 194.7 191.8 189.9 187.5 184.2 182.9 182.8 182.5 182.6 182.5 183.3 185.6 186.1 186.8 189.4 192 193.6 196.9 198.7 200.4 201.7 203.2 202.7 203.6 203.3 191.4 191.5 194.2 192.7 193.7 195.2 203.6 212.7 220.4 228 238 247.1 255.7 263 271.1 278.8 285.1 292.9 300.9 307 312.7 321.8 331 339.7 345.5 347.2 342.7 332.2 319.3 301.5 283.1 273 265.4 261.5 259.2 259.8 260.5 260.9 261.2 261.8 263.2 264.2 265
243.5 238.2 232.5 226.7 220.9 215.8 212 209 206.2 202.3 198 193.9 192.5 190.6 187.2 184.3 183.8 182.9 182.5 182.5 183.3 184.3 184.9 187.8 189.9 190.5 188.8 192.6 195.4 197.3 199.3 200.5 200.5 199.9 198.8 191.7 195.2 201 193.9 194.8 203.2 204.5 210.5 218.2 226.3 237.4 248.5 258.4 267.7 276.8 286.3 295 302.9 310.7 316.5 321.1 329 338.2 348 353.6 358.7 360.7 354.9 342.3 318.1 295.4 283 273.4 267 263.4 262.3 262.3 261.7 262.1 262.4 263.5 263.8 264.1
247.3 241 235.3 230.3 225.9 220 214.5 211.1 208.1 204.7 200.5 197.3 194.1 192.3 189.2 185.8 184.8 183.9 183.1 182.5 182.4 183.1 183.7 184 185.1 186.5 186.9 189.6 192.5 194.2 196.7 197.8 198.3 197.6 196.4 194.4 192 195 199 201.4 203.3 202.7 209.4 218.1 225 236.1 247.2 258.3 270.1 282.4 292.5 301.7 310.2 318.4 323.2 326.6 331.2 340.4 350.9 358.2 363 370.4 370 358.1 334.7 310.9 293.8 281.7 273 267.9 265.5 264.1 263.3 262.9 263 263.2 263.6 263.7
254 246.1 240 235.4 230.5 224.8 219.3 214.6 210.5 207.1 203.5 200 196.5 193 190.1 188.4 186.9 184.8 183.4 182.7 182.3 182.4 183 182.9 184 184.5 185.5 187.3 192.5 192.8 194 195.1 195.6 194.6 192.3 189.6 191.2 192.6 197.2 199.7 200.5 201.1 210.6 218.8 225.8 234.6 245.2 256 269.4 282.9 295.4 307.5 313.3 321.2 328.3 332 334.2 340.9 349.7 356.7 363.8 373.3 379.2 369.1 347.1 325.4 305.8 289.7 279.6 272.7 269 267.1 265.5 264.1 263.9 263.3 263.6 262.9
261 253.1 247.3 241.8 236.1 230.5 225.1 220.1 214.2 208.9 205.8 201.7 197.5 193.5 194.4 192.1 188.9 185.8 183.7 183.1 182.7 182.2 183.6 183.3 183.1 184.1 184.6 185.4 187.1 189.5 190.2 191.1 191.8 192.1 190.7 189.2 190.1 190.3 190.6 192.7 194.2 197.5 207.5 216.4 223.8 231.9 242.3 252.8 265.5 280.3 295.9 310.4 315.1 322.7 331.3 336.1 337.1 340.1 345.9 352.2 360.5 370.4 379.3 374.1 356.6 340.5 319.1 299.5 287.1 278.4 273.5 270.3 267.7 265.7 264.9 264.2 263.4 262
263.9 259.3 253.2 247.4 241.9 236.3 230.8 224.7 217.9 212.2 206.6 202.5 198.6 196.8 200 195.6 191.9 187.9 185.4 184.3 182.4 181.6 183.3 183.2 183 183.2 184.1 184.9 185.8 187.5 188 189 189.4 190.1 189.6 188.9 190 189.7 189.5 189.6 191.2 196.6 205.3 214 222.5 230.9 239.1 249.5 260.6 274.3 289.4 304.5 312.6 321.9 329.8 332.7 334.7 336.4 339.5 346.7 354.4 362.1 370.8 371.8 362.6 349.6 329.3 310.5 294.3 284.2 276.9 272 268.7 266.2 265.1 263.9 262 260.6
266.5 262.1 258.6 252.9 247.4 241.7 235.5 228.7 222.3 215.9 209.4 204.4 201.1 199.1 198.2 197.2 193.1 189.7 187.2 185.6 183.8 181.8 182.4 182.3 182.7 183.1 184 184.9 185.7 186.7 187 187.3 187.5 188.1 188.8 188.6 190 189.4 189.4 189.4 191.4 197 203.8 212.4 221.2 229.8 237.6 246.7 257.6 268 281.6 292.9 303.9 314.8 323.2 325.2 326 328.2 332.1 340 347.5 353.7 361.2 363.7 362.4 354.6 338.4 319.1 301.1 288.2 280 274.3 270 266.4 264.6 262.3 260.5 259.3
269.4 264.4 261.2 257.5 251.4 245.7 240 232.8 224.6 218.3 212.1 207.4 202.9 199.9 197.3 196.4 194.6 191.5 188.9 186.5 184.4 182.2 181.7 182.3 182.7 183 183.9 184.8 185.7 186.2 186.7 186.9 187 187.1 187.3 187.1 185 189.2 187.7 188.6 192.5 197.4 201.8 208 217 226.5 234 244.2 254.1 262.9 273.2 282.9 292.9 304.2 310.6 313.7 314.8 317.7 324.4 332.4 339.4 345 351.5 355.6 358.9 356.1 341.7 324.7 306.4 294 284.4 274.8 270.2 266.2 262.9 260.6 259 257.8
273 266.8 262.1 259 255.5 250.2 244.5 238.9 233.6 227.6 219.4 211.8 205.5 201 198.1 195.6 195.1 192.8 189.7 186.6 184.7 182.4 182 182.3 182.6 183 183.8 184.7 185.2 185.7 186.3 186.5 186.5 186.6 186.7 186.2 183.1 188.5 187.8 188.3 193.1 197.2 200.1 204.5 214.3 222.4 230 239.4 249 257.3 265.9 274.5 283.5 289.3 297.1 300.4 303.5 307.2 314.6 322.9 330.2 335.5 339.9 345.3 347.9 347.7 341.9 327.2 310.6 295.5 285 275.4 270.1 264.4 261.1 259 257.6 256.3
276.4 271.4 267 263.1 258.6 255.1 250.9 244.7 238.1 231.7 225.4 217.4 210.3 204.1 198.7 195.5 194.1 191.7 188.7 186.2 182.3 181.7 181.6 182.2 182.6 182.9 183.8 184.3 184.7 185.2 185.7 185.9 186 186 186.1 185.3 184.1 187 186.5 186.9 191.6 197.4 200.2 202.8 210.7 219 226.6 233.8 244.1 251.1 259.1 267.4 274.8 282.1 286.9 292.2 295.1 298.6 303 310.1 318.8 322.6 326.4 331.4 335.3 336.6 332.5 324.1 308.7 293.1 280.9 274.4 268.5 262.3 258.9 257 255.6 254.2
281 276.2 271.8 267.2 261.9 256.9 252.7 246.5 240.3 233.8 227.6 221.9 215.4 209.2 203.6 198.8 194.8 192.3 186.7 184.3 182.4 181.7 182.3 182.5 182.8 182.8 183.3 183.7 184.1 184.6 185.2 185.3 185.4 185.5 185.6 184.8 185.4 185.7 185.4 186.2 190.4 197.6 200.3 202.3 207.6 214.4 222.3 230 238.7 246.3 253.3 260.3 267.9 274.1 278.3 283.8 287.6 289.6 292.9 298.4 305.7 309.6 312.5 316.8 322.2 325.8 323.6 316.8 305.4 290.2 280.4 272.2 265.8 259.6 256.3 254.3 252.4 250.7
284.4 279.3 274.3 269.5 265.3 259.5 253.5 247.9 241.8 235.1 229.3 223.3 218.3 212.8 207.9 202.8 197.6 191.1 187.2 183.8 184.1 182 181.5 181.6 182.2 182.6 183.1 183.5 183.8 184 184.6 184.8 184.8 185 184.8 184.3 185.3 185.7 186.2 186.4 190.1 196.1 199.8 202.3 204.7 209.4 217.6 225.6 232.5 240.3 247.4 252.6 260.9 266.9 271.6 276.5 280.1 281.6 284.5 289.2 294.3 297.3 300.2 304.1 309.6 312.9 312.8 308.7 299.2 286.9 275.2 268 261.9 255.9 252.8 250.7 248.6 246.7
287.1 281.4 275.8 271.2 267.8 263.3 257.3 251.3 244.1 237.1 231 224.9 220.1 215.7 211.8 206.7 201.7 195.6 191 188.5 186 183.1 182.5 181.6 182 182.5 182.9 183.1 183.4 183.7 184 184.2 184.4 184.7 184.1 182.9 184.9 185.5 185.9 188.2 191.8 195 198.3 200.1 202.2 205.7 212.9 221.1 227.5 234.4 241.8 246.2 253.7 259.4 266.1 270.4 274.3 275.4 278 280.5 284.7 287.9 290.4 293.4 297.7 300.1 301 299.2 290.7 279.8 270.1 263.5 257.9 252.3 249 246.9 245 243.4
286.3 282.1 277.4 272.5 269.2 267.2 262.6 256.4 249.8 241.8 233.7 227.3 222.8 219 215.6 210.9 205.9 200.6 195.3 190.9 187.4 184.3 181.5 181.9 182 182.3 182.5 182.8 183 183.3 183.5 183.8 184.1 184.3 182.9 184.2 184.4 184.9 187.1 189.5 191.3 193.5 194.7 195.6 196.6 202.3 208.1 215.4 222.4 229.1 235.4 241.8 247.8 253.1 258.6 262.7 268 270.8 270 273.7 277.4 279.2 281.3 284.6 287.9 288.7 288.7 287.5 280.8 272.6 265.3 258.9 253.9 248.8 245.6 243.7 241.8 240.3
281.7 280.3 277.1 273.4 269.6 267.3 265.3 259.6 252.7 245.2 236.5 231.1 226.8 223.1 219.2 214.7 209.9 204.6 199.2 194 190.2 186.6 184.8 182 182 182 182.2 182.5 182.7 183 183.4 183.4 183.7 183.5 181.4 183.6 183.3 185.4 187.9 187.3 186.9 187.2 190.4 191.3 191.4 197.8 205.1 210.7 217.2 223.9 230.6 237.7 243.6 247.8 252 256.6 261.9 264.2 264.5 268.5 271.7 272.9 273.8 276.1 277.9 278.6 277.6 275.4 271.6 267 260.6 254.2 248.8 245.8 242.9 240.6 238.8 237.3
276.5 275 274 270.5 268.1 265.4 262.9 259.2 253.2 246.9 239.4 234.6 230.9 226.9 222.7 218.6 214 208.5 203 197.4 193.2 188.8 186.2 182.9 181.5 181.7 181.9 182.2 182.5 182.9 183.2 183.2 183.2 182.9 181.7 182.8 182.6 183.6 187 185.9 188.8 187.4 187 186.6 188.7 193.3 199.9 205.6 212.2 218.9 224.8 233.2 238.4 242.9 247.3 251 254.5 258 259.9 262.5 265.5 266.4 267.3 267.9 268.2 268.7 267.7 265.5 264.1 260.8 255.3 249.3 244.1 241.9 239.8 237.6 235.8 234.6
270.1 269 268.1 267.7 266.2 263.7 260.9 257.7 253.7 248.2 242.5 237.1 233.3 229.2 225.2 221.3 217.2 212 206.7 201.1 196.2 191.5 186.8 182.9 181.1 181.4 181.7 182.1 182.4 182.8 183 183 183 182.3 181.8 181.8 181.8 181.5 182.7 185.8 184.1 188.2 184.3 184.8 186.6 189.2 194.4 200.7 207.1 213.7 219.6 228.2 233.9 238.6 242.7 246.1 249.4 252.3 253.3 256.1 258.1 259 260 261.2 260.4 259.6 258.6 258.2 257.1 254.6 248.3 244.4 240.3 238.1 235.5 233.1 232.6 231.7
261.4 262.2 262.3 263.1 263.5 262.3 258.8 255.5 252.5 247.8 242.8 238.8 234.8 231.3 227.7 223.9 219.6 215.3 209.9 204.4 198.1 190.9 186.1 182.8 181.2 181.1 181.6 181.9 182.3 182.7 182.8 182.8 182.6 181.5 181.6 181.6 181.5 181.4 181.2 180.9 182.5 184.1 184.7 185.4 185.7 186.3 190.1 194.1 200 207.9 214.9 222.2 228.2 233.7 238 240.9 243.8 246 245.8 248 250.2 252.1 252.3 252.4 251.5 251.2 252 251.8 250.7 247.4 243.3 239.9 236.7 234 230.6 229.4 229.2 229.3
252.6 253.8 253.6 254.8 254.8 253.9 252.9 251.2 248.1 244.8 240.7 238 235.2 231.9 229 225.5 221.4 217.2 212.7 207.3 201.7 193.1 187.4 184 183.2 181 181.2 181.7 182.1 182.6 182.5 182.3 181.8 181.5 181.5 181.2 181.2 181.1 180.9 180.3 179.4 184.9 184.8 185.1 186.6 187 187.9 191.1 194.9 201.6 208.7 215.7 222.1 228.3 232.8 235.6 238.5 240 240.2 241.2 244.1 245.5 245.8 245.5 244.6 244.2 245 244.6 243.2 242 238.4 235.1 232.3 228.1 227.3 226.9 227.3 227.3
246.6 246.4 245.6 245 245.1 247 246.8 245 243.3 241.5 238.9 236.3 233.8 231.4 228.8 225.6 221.7 217.8 214 208.8 203.7 197.2 190.6 187.8 185.7 182.6 180.6 181.1 181.5 182.1 182.4 181.9 181.5 181.3 181.2 181 180.8 180.7 180.5 180 179.3 184.6 183.6 183.5 184.8 186.4 185 188.1 192.1 195.8 202.6 208.8 216.4 222.6 227.5 231.2 233.6 235.1 236.1 236.1 237.2 238.3 239.1 239.1 237.5 238.5 238.4 236.4 235.3 234.4 233.6 230.3 226.2 223.7 224.6 225.3 225.8 224.1
242.8 242.1 241.9 239.9 236.3 241.4 242.5 240.8 240 238.4 235.8 234.1 232 229.8 227.5 224.7 221.5 217.6 213.8 210.4 205.6 200.5 195.9 191.2 188 184.7 181.5 180.5 180.9 181.2 181.8 181.5 181 181 180.9 180.7 180.6 180.4 180.3 179.9 179.3 179 179 178.8 178.7 179.5 181.1 184.2 187.9 193 199 204.8 211.4 217.4 221.8 226.2 227.8 228.6 232 232.2 231.2 230.5 230.1 231.4 230.8 230.7 230.6 229 228.8 227.7 226.6 225.2 222.4 221.1 222.1 223.2 222.5 218.9
240.6 238.4 237.2 233.8 230 232.3 237.1 237.5 235.6 234.5 232.6 231.6 229.9 227.5 224.9 222.7 220 216.7 213.3 210.4 206.8 202.2 198 193.7 190.6 187.3 183.2 180.2 180.6 180.6 180.9 181.1 180.7 180.3 180.4 180.5 180.4 180.2 180 179.6 179.1 179 179.3 179.3 178.8 178.7 179 181.9 186 190.9 196.4 202.7 207.1 212.7 216.5 219.6 221.3 221 226.4 226.3 224.7 224.4 223.9 223.9 224.3 225.1 224.3 223.1 222.1 221 221 220.3 218.9 217.2 218.8 219.7 219.4 215.6
239.4 234.7 231.3 230.3 227.5 226.2 229.2 232.2 232.6 230.8 230 229 227.2 224.6 221.8 219.5 216.5 214.6 212.2 208.7 205.6 203.2 200.1 196.3 193.2 189.9 185.4 180.2 180.2 180.3 180.4 180.6 180.3 180.1 180.3 180.2 180.1 180 179.8 179.2 179 178.9 179.1 179 178.7 178.5 179.3 182.2 186.6 191 195.7 200.3 204.2 206.5 208.4 210.2 211 213.8 218.2 218.2 217.5 216.6 214.5 214.5 217.3 219 219.2 218.4 214.4 214.9 215.9 216.2 216.1 213.6 214.7 215.7 215.2 213.2
238 232.9 229.3 228.4 225 223.6 223.2 227.4 229.2 228.2 227.4 225.7 223.6 221.2 217.6 213.8 211.5 210.9 209.7 206.9 205.1 203.7 201.6 199.2 196 192.5 188.5 182.2 179.6 179.5 179.9 180 180 179.9 179.8 179.8 179.8 179.7 179.4 178.8 178.7 178.6 178.3 178.1 182.1 181.1 182.5 184.4 187.8 191.3 195 197.6 200.2 200.1 198.6 199.5 199.7 204.2 206.2 206.6 207.9 207 206 206.7 208.7 211.2 212 210.4 209.4 209.6 212 213 213.3 210.2 209.1 209.7 209.2 208.7
237.4 229.4 229 227.4 226 224.9 222.3 222.2 223.7 222.8 220.9 221.2 220.1 218.1 208.2 206.5 204.5 206.7 208.2 206.6 206.8 203.7 202.7 203.2 199.9 194.7 188.9 183.1 181.4 179.4 179.2 179.6 179.7 179.4 179.4 179.4 179.3 179.3 179 178.6 178.6 178.4 178.2 182 182.7 182.7 183 185 186.6 189.7 192.2 193.5 194.1 193.2 191.9 190.2 191.6 194.5 196 198.1 198 197.5 197.5 199.7 201.4 203 205 203.2 204.3 205.7 208.1 209.6 210 209.4 205.6 201.8 204.9 202.8
237.3 233.3 228.5 227.8 226.8 224.4 221.3 218.3 217 217.8 217.1 215.3 211.2 208.5 207.1 208 209.9 207 203.7 201.5 197.8 203.5 202.8 204.8 204.4 197.1 190.6 186.2 181.2 178.7 178.9 179.3 179.4 179.1 179 178.9 178.9 178.8 178.7 178.5 178 177.7 177.4 178.8 181.8 183.1 183.2 184.6 186.3 187.4 186.4 186.8 186.3 186.2 186.2 186.1 185.8 186.5 188.3 190.1 189.1 187.9 188.9 192.5 194.9 195.7 198 198.3 200.1 201.7 204.2 206.2 206.2 205.1 203.3 199 199.5 197.3
235.3 232.1 228 224.6 221.4 220.3 220.6 218.7 217.5 214.2 214.4 215.2 209.9 210.4 211.4 212.3 212.7 212.2 209 206.6 203.2 196.6 199.9 201.6 201.8 197.5 192.5 186.9 180.8 178.4 178.9 179.4 179 178.8 178.6 178.5 178.4 178.4 178.2 178 177.6 177.3 176.9 176.6 177.8 178.4 182.7 183.6 183.1 183.6 182.9 182.9 183.6 183.8 183.7 184 184 184.4 184.9 185 184 183.2 185 189.2 191 191.8 193.7 195.6 197.3 198.4 200 202 201.6 200.1 198.3 195.8 195 194.2
231.9 232.6 231.2 228.3 226.3 224.1 221.7 219.8 219 217.7 214.7 213.1 214.2 215.2 214.8 213.9 214 213.3 209.7 206.4 204 199.8 196.5 198.1 198.6 195.8 191.6 185.8 178.4 178.8 179.3 179.1 178.3 178.3 178.2 178 177.9 177.6 177.7 177.8 177.4 177 176.6 176.5 176.6 176 176.7 179.6 179 179.3 179.8 179.7 180.9 182.6 181 181.5 182.2 182.5 182.3 181.3 180.9 180.9 183.3 187.5 188 188.4 189.9 192.4 194.5 195.6 196.5 196.9 196.4 194.3 192.3 190.3 189.7 189.4
236.7 236.8 234.8 229.9 226.5 224.6 222.3 221.2 221.9 220.1 217.8 215.8 216 216 216 215.5 214.4 213.9 209.4 206.1 204.6 202.6 200 195.1 193.3 192.7 189.2 184 179 179.3 179.2 178.7 177.7 177.5 177.5 177.2 177 176.8 177.3 177.4 177.2 176.7 176.6 176.3 176.1 176.3 176.3 176 176.2 175.9 176.1 176.3 178.4 179.3 178.7 179.2 179.8 178.8 179.7 180.1 179.8 180.2 182.8 185.7 185.4 184.8 185.5 189.1 191.1 191.7 190.3 190.4 190.2 189 186.8 185 184.1 183.3
239.7 239.1 237.4 232.1 226.8 224.7 223.7 223.6 224.5 222 219 217.4 216.6 216.2 217 216.6 214.9 213.2 209.9 207.1 205.3 203.6 201.2 197.7 188.6 190.9 188.4 183.9 180.9 177.6 178 177.6 177.1 177.3 177.4 176.8 176.5 176.7 176.4 177.1 177 176.5 176.2 175.9 175.6 175.8 176.2 176.2 175.7 175 174.6 174.4 174.4 175 175.7 176 175.7 177.6 176.6 179 179.9 181.1 182.9 183.3 182.3 179.9 179.5 182.4 185 184.7 183.8 184 183.8 183 181.8 180.2 180.1 180
240.2 239.9 237.9 233.6 228.3 226.7 226.2 226.1 225.4 222.2 218.9 217.7 216.9 216.2 216.9 216.9 216 214.9 212.2 208.5 205.9 203.5 200.7 198.9 189 186.7 186.1 183.9 181.9 179.9 178.9 178 177.8 177.1 177.7 177.8 177.3 176.3 176.2 177.5 176.9 176.2 175.5 175.1 174.9 174.9 175.3 175.9 175.1 174.3 174.5 174.3 173.9 173.9 173.6 173.2 172.9 172.7 176.9 177.7 180.5 182.3 182.1 181.6 178.9 175.3 175 177.4 178.6 179.1 178 177.7 178.1 178.1 177.4 176.4 176.4 176.9
238.8 238.1 237.1 235.4 232.3 229.9 228.2 226.7 225.4 222.2 218.8 217.9 216.5 214.6 216.1 216.8 215.9 214 211.2 208.9 205.6 203.3 201.3 199.6 193.5 184.9 183 182.6 181.4 179.8 179 179.4 178.4 177.1 177.5 177.8 177.5 176 176.3 176.6 176.8 176 175.3 174.6 174.2 174.3 174.2 174.4 174.4 173.9 174.4 173.8 173.5 173.8 173 172.8 173.5 172.6 171.8 176.8 181.2 182.1 181.6 179.7 176.5 172.5 171.9 172.6 171.7 173 173.3 174.2 174.3 174.2 174.1 173.3 173.7 174.1
