app/static/ascii/NX65.asc
ncols 200
nrows 200
xllcorner 260000
yllcorner 550000
cellsize 50
[rows 37 to 73 of 200, columns 83 to 165 of 200]
186 186 186 187 188.9 189.5 190.8 190.9 187.4 183.1 179.6 177.8 176.5 174.1 169.1 164.7 161.2 157.4 156.8 147.6 146.3 147.4 145.6 146.3 149.7 160.8 175.5 189 196.9 198 195 184.8 164.4 153.9 157.4 155 147.4 144.5 143.9 141.7 139.2 136.9 134.2 135.3 134 130.5 123.7 119.4 125.7 119.7 129.6 134 136.4 140.9 140.9 136.7 141.2 146.1 147.7 142.1 134.4 129.7 129.4 127.2 124.2 120 111.4 109.2 104.8 95.7 91.8 90.1 79.8 70.7 64.5 65 68.7 67.2 58.5 35.8 29.1 21.4 20.1
188.3 188.4 190.5 189.8 189 188.9 189.3 188.9 186.1 183.1 180.4 179.7 177.8 173.3 165.9 159 156.7 152.7 152.2 146.6 145.9 147.1 147.7 148.1 154.1 161.4 168.6 177.5 188.4 190.7 188.9 174.8 159.1 148.8 151.5 149.8 145.3 144.1 143.4 140.9 138.3 136 134.6 134.2 131.9 130.1 122.3 119 123.8 118.1 128.1 132.9 134.7 138.7 138.7 137.3 142.2 146.5 146.8 140.3 131.8 129 127.2 125.3 121.7 114.4 111.9 109.3 100.2 94 90.3 85.8 85.1 83.5 76.3 64.3 63.5 65.7 54.7 33.2 27.2 19.8 19.6
190.5 190.4 190 190.1 188.8 188.9 189.5 188.1 187.2 183.7 179.4 177.5 175.8 171.9 166.2 158.1 151.2 147.9 147 147 147.9 150.6 149.3 152.4 155 160.9 168.9 173.5 184.2 182.8 181.7 165.1 155.8 146.8 150.3 148.7 143.6 144.4 141.6 140.2 137.9 135.3 132.8 132.2 128.9 122.7 117.1 120.2 122 120.8 128.4 132.3 133.9 136.3 137.3 138.9 139 145 143.7 136.2 130.1 125.7 124.4 121.4 115.8 110.7 110.7 107.2 100.5 96.2 93.3 87.7 90.3 93.3 87.2 67.7 52 50.3 38.3 30.9 26.2 21.6 18.8
194.4 191.8 191.1 191 191.6 191.3 191 189.6 188.1 185.3 177.9 174.7 173.2 167.7 162.1 159.3 148.8 146.9 146.2 145.8 147.1 150.4 152 154.9 155 157.3 162.1 174.7 174.8 177 175.6 161.7 146.4 146.8 149.5 145.3 145.8 144 143.5 140.2 137.8 134 132.4 128.6 126.8 124.2 114.8 120.9 119.6 122.2 127.1 129.6 131.7 134.8 132.3 132.2 137.7 142.3 138.8 130.6 121.4 116.1 114.8 111.7 107.9 109 108.3 107.2 101.9 97.7 93.5 83.9 88.5 91.3 81.3 70.7 46.4 40.9 32.7 29.6 25.6 23.4 19.7
200 197.3 194.6 193.7 194.2 191.4 189.2 188.3 186.3 183.2 176.8 172 169.3 166.5 165.7 159.6 151.1 146.8 146.3 146.2 146.3 148.2 153.8 153.7 153.4 158.7 160.4 171.4 173.2 173.4 168.5 152.1 144.3 145.8 146.1 144.6 143.6 144.4 144.4 140.3 137.1 132 129.4 123.7 122.1 116.9 112.9 117.7 116.4 119.6 123.8 126.1 128.3 131.6 128.7 128 134.9 138.1 130.6 120.6 110.2 108.4 107 113.9 108.4 105.1 106.9 106.8 101.7 95.3 84 77.6 78.9 80.1 69.1 59.7 46.3 38.2 32.5 28.2 23.7 20.6 18.8
204.5 199 195.8 194.6 191.5 189.3 187.8 186.6 184.7 182.2 177.9 172.9 168.8 165.5 163.1 159 155.9 146.6 146.4 146.6 146.6 148 153.1 152.7 153.9 157.3 159 168.3 171.2 169.2 162 149.9 144.1 143.9 144.3 143.9 143.3 144 143.6 139.7 136.8 132.4 126.8 121.7 117.5 112.4 112.9 115.5 113.2 116.7 120.3 122.2 124.7 125.6 124.7 126.8 131.6 132.8 125.3 117.5 109.9 109.7 107.7 105.4 107.5 104.5 103.9 103.5 94.6 87.1 80.9 74.1 71.9 69.4 68.5 63.3 42.1 35.4 30.9 26.7 24.3 21.3 17.8
207 198.1 194.8 193 192.7 187.8 184.7 184.3 183.2 180.5 175.8 172.6 169.2 165 163.2 161.6 155.7 147.2 146.9 150.3 148.1 150 148.4 151.4 153.2 153.9 158.4 162.1 163.6 163.9 154.9 147 140.9 142.6 144.7 142.9 143.3 143.6 143.3 138 135.5 131.5 122.2 117.4 113.5 112.2 111.8 112 113.2 115.7 119.7 120.3 122.8 122.7 120.8 123.4 127.9 127.7 119.8 113.6 117.2 116.1 112.7 104.4 102 104.1 101.7 99.9 90.9 86.7 81.2 73.8 69.4 74.6 69.7 50.9 39.9 31.3 29.2 26.7 27.8 23.2 18.3
207.4 195.3 192.6 190.8 189 184.6 183.1 182.2 181.5 178.2 174.8 171.8 167.4 164.7 162.3 159.7 156.9 147.6 149.2 153.6 150.3 152.6 151.4 150.6 151 151.3 156.6 157.3 158.2 157.5 150 144.1 141.7 144.2 139.9 143.5 143 142.7 142.5 135 133.7 126.3 120.3 113.3 112.1 111.7 111.7 112 112.7 114.8 118.2 119 121.5 122.5 120.1 120.3 124.5 124.4 118.4 111.9 116.4 114.7 108.3 102 101.3 101.9 101.9 95 91.8 90 79.6 72.8 68.7 70.4 60.5 56.4 39.3 31.2 28.5 26.7 29.3 22.9 17.8
203 193.3 190.3 188.4 187.5 182.6 181.1 180.5 179.2 175.7 172 170 166 163.6 162.1 159.3 156.2 151.4 151.6 154.1 152.3 153.9 152.3 151.6 151 151.4 154.3 153.9 154.4 151.8 146.7 139.3 144.3 139.5 141.7 142.5 142.2 141.8 138.4 129.8 127 121.2 112.1 111.4 111 111.2 111.4 112 112.6 116.1 117.3 119.7 121.5 121.8 118.2 119.6 122.4 121 114.5 113.9 113 112.7 110.2 102.1 102.7 102 101.6 92.5 93.1 89.3 76.1 73.3 74.2 68.4 60.6 50.8 40.3 32.2 28.2 26.1 26.1 20.4 17.2
195.8 192.5 187.7 186.5 182.6 178.8 178.6 178.9 177 172.8 169.8 167.4 164 162.3 161.1 160.7 156.1 156.1 154.7 153.5 155.1 155.4 153.6 151.7 154.2 151.2 152.4 151.7 152.1 148.7 142.5 137.1 140.2 135.7 144.1 142 140.6 137.9 129.1 121.7 116 112.5 111.2 111.2 111.2 111.2 111.2 112.2 115.1 118.4 118.5 120.3 121 121.3 116.5 118.2 119.6 116.2 107.2 113.8 111.8 111.3 109.4 104 102.5 102.1 100.9 92.1 91.4 83.7 76 79.4 78 68.1 55.8 46.4 43.1 32.6 27.7 26 23 17.6 16.9
190.6 188.1 185.7 183.5 178 175.7 176.5 176.3 173.9 170.4 167.2 165.4 164.5 161.9 161.1 160.9 158.8 156.9 155.5 156.7 159.4 157.9 157.1 155.5 153 153.5 156 151.6 147.9 144.3 138.5 136 134.4 129.8 142.1 140.2 135.9 125.8 119.9 114.4 113.5 112.3 111.2 111.2 111.2 111.2 111.3 112.8 116.9 118.6 119.4 120.4 121.1 120.5 116.6 117.3 117.1 111.8 105.8 107.2 110.2 110.4 107.5 103.2 103.7 102 99.4 89.6 87.2 79.4 82.4 79.1 72.7 63.1 59.1 47 38.9 27.6 27.3 26 21.1 16.7 16.9
186.7 185.9 184.9 178.5 173.7 171 172.9 172.7 170.8 167.9 164.6 162.9 162.7 162.5 164.4 167.4 166.2 163.3 157.4 159.6 164 161.8 157.3 154.8 149.4 147.8 152.2 148.1 145.5 141.1 133.4 129.7 129 130.2 135.5 132.3 132.6 129.8 118.1 114 113.6 112.6 111.2 111.2 111.2 111.2 111.4 113.3 117.4 118.6 119.6 119.6 119.8 118.1 117.6 116.8 115.2 108.6 105.5 107.3 110.2 108.9 106.6 103.8 104.3 102.3 97.2 87.6 88.5 80.8 80.6 80.3 69.9 59.5 48.2 47.4 32 27.3 26.8 23 19 16.8 17.6
183.4 182.6 177.1 173.2 169.7 168.6 169.1 169.9 167.1 164.9 162.4 161.6 162.6 166 169.2 169.7 171 170 160.7 166 163.6 160.1 155.9 153.8 150.1 147.7 144.7 142.3 140.7 137.2 129.1 128.6 128 127.9 130 129.6 133 127.1 116 114.3 113.3 113.1 111.7 111.2 111.2 111.3 111 114.4 117.3 118.8 119.1 118.8 118.8 113.1 116 116.4 112.4 111.4 107.5 110.5 110.3 108.4 103.8 102.3 106.1 103.4 89.5 85.9 87.1 83.6 75.5 74.8 67.6 58 46 43.5 29.1 26.6 24.9 21.4 18 19.7 27
178.1 178.5 174.8 169.3 167.1 167.1 167.2 166 163.5 162.3 161.6 161.2 168 174.2 175.1 178.7 178.6 174.8 165.8 168.1 163.6 158.2 160.6 161 154.2 151.9 155.3 148.8 144.8 136.6 134.3 135.4 125.5 125.2 125.9 125.5 125.5 123 123.4 116.1 113.2 114.1 112.6 111.1 110.7 111.4 113.7 114.7 117 118.2 118.4 118.2 117.7 113.5 118.1 113.6 111.3 110.7 105.8 110.3 109 106.4 105 103.2 105.2 101.7 91.6 84.8 85.2 80.6 71.2 66.7 62.9 59.1 41 33.2 27 26.5 24.4 22.3 18.3 20.8 22.3
176.3 176.4 172.2 166.3 165.1 166.1 166.4 163.3 161 160.6 159.9 161.5 170.5 176.8 181 180.9 180.2 177.9 166.3 167 162.7 158.7 161.4 159.1 156.6 152.9 152.2 149 144.8 136.9 146.1 135.1 126.3 124.7 124.2 126.3 124.8 130 127.7 120 113.6 118.9 112.9 111.7 111.4 111.7 114 115.3 116.8 117.3 117.4 117.5 116 111.5 114.7 111.6 110.8 110.1 106.6 108.3 106.9 105.9 104.4 102.6 101.5 94.8 97.1 84.7 80.5 77.5 70.5 59.7 57.7 53 36.2 28.7 27.1 25.8 23.8 25.4 19.8 18.4 20.7
175.6 176.1 169.3 164.4 163.8 165.4 165.6 161.7 159.4 159.3 158.5 162.1 170.9 177.7 180.2 179 179.6 176.1 167.4 164.7 162.6 158.5 160.9 157.3 155.1 152.3 148.4 148 141.4 139.3 138.4 135.8 129.8 128.4 133.8 135 129.2 131.1 126.9 117.8 115.5 116.5 112.3 111.7 112.2 113.1 114.7 115.9 116.9 116.9 116.8 117.2 111.3 113.5 114.5 110.3 111 106.3 105.2 106.1 105.3 104.1 101.8 99.1 99 94.8 94.9 84.3 74.8 66.8 61.5 54.2 47.4 40.4 27.9 27.5 26.9 26.3 22.7 23.5 20.5 16.6 24.2
174.7 170.3 165.7 162.8 162.7 165.1 164.8 160.3 158.2 158.1 156.9 163 169.9 176.5 176.3 177.3 178.1 175.8 167.1 165 160.8 159.1 158.7 154.3 153.6 150.1 146.4 144.4 139.1 137.5 136.6 133.4 134.4 133.6 133.9 132.7 129.2 128.3 124.8 120.9 115.9 113.5 112 111.7 112.2 112.4 115.3 116.9 117 116.3 115.5 115.4 111.5 113.8 110.1 112.4 110.4 100.6 100.6 102.1 103.2 103.3 101.9 96.8 97.1 95.6 93.5 83.4 69.3 61.4 52.5 46.3 41.3 34.7 26.9 26.9 26.8 26.9 23 22.4 19.4 16.2 20.7
171.8 164.2 163.3 161.4 161.7 164.9 163.4 158.1 157.1 156.9 156.7 162.2 167.8 172.5 174.5 175.7 174.6 169.1 165.6 165.1 161 162.8 159.7 154.4 149.9 148 145.3 139.8 138.8 135.9 135.1 134.9 134.8 133.7 132.2 130.9 127.4 125.9 123.3 117.2 114.4 112.4 110.7 112.9 112.5 113.1 116.6 117.7 117.6 116.7 113.8 111.9 111.4 111.4 109.7 111.6 106.3 99.5 98.4 103 100.9 99 90.8 94.6 97 89.1 83.9 74.2 63.3 53.2 46.3 42.1 38.8 31.8 28.4 26.7 26.7 25.6 23.7 20.1 17.8 16.6 22.7
166.4 163.3 161.3 160.4 160.8 163.8 161.2 157.5 156.1 155.4 155.8 160.5 165.8 169.9 170.8 171.3 167.8 164.2 163 161.7 163.7 164.3 159.8 153.7 148.7 147.6 144.4 138.6 137.2 134.5 133.5 135.3 136.4 133.5 133.2 130.5 128.4 125.3 121 116 113.2 112.4 111 114.1 114 115.1 117.2 119.1 118 116.2 113.7 108.9 110.3 106 107.7 109.9 107.9 97.9 96.8 99.7 97.9 91.4 85.8 92.5 85.2 75.4 68.9 61.7 54.8 54.4 52.1 45.4 39.2 30.6 27.5 25.7 25 21.1 19.4 17.1 17.1 23.5 25.2
165.7 162.2 160.1 159 160.7 162.7 159.5 156.9 155.7 154.7 155.6 159.3 164.2 166.1 167 166.5 164.8 165.8 160.9 161.8 166.2 165.1 158.8 149.8 147.8 148.8 144.6 137 135.1 133.3 129.5 133.5 132.6 134.1 135.3 132.6 131.5 127.5 122 117.1 112.5 111.3 110.3 116.6 115.9 117.9 119.6 120.4 118.7 116.2 111.8 104.1 106.8 102.5 108.5 109.3 104.6 95.1 98.8 96.1 88.5 88.7 82.6 84 74.9 72.8 69.1 60.4 59.9 58.9 52.6 41.4 33.7 29.2 27.7 25.2 23.5 20.5 18.4 16.2 17.6 23.7 25.2
163.3 159.8 158.8 158.4 159.3 161.1 158.4 156.2 155.4 154 154.5 157.1 161.8 163.7 162.9 164.2 165.6 166.2 159 160.5 164.6 162.6 156.1 150.1 147.8 149.9 143.5 137.4 135.8 132 129.7 131.5 136 136.7 135.2 133.6 132.1 128.8 125.5 118 111.7 110.1 110.8 114.8 116.5 119.2 122.3 121.8 117.9 115.2 109.6 105 98.6 100 108.3 106.6 101.1 94.1 97.8 90.2 85.4 87.6 80.9 82.3 79.9 78.5 70.3 61.8 58.8 56.4 47.9 39.6 34.2 31.1 29.4 26.6 23 19 16.8 19.7 23.9 24 25.2
163.2 160.6 160 159.2 158.5 158.7 156.2 155.5 154.4 153.5 153.6 155.8 158.2 159.2 161.1 163.2 164.2 164.7 155.6 156.5 161.8 158.4 153.2 146.7 148.6 148.6 140.8 134.9 133.3 131.1 131.1 135 135.3 135.5 135.1 134.1 131.6 129.2 123.9 121.9 111.3 110 110.8 113.7 119.1 121.9 124.5 122.4 117.9 113.8 105.9 101.1 98.6 92.9 96 99.9 92.1 95.4 88.7 83.6 84.3 83 86.2 89.5 84.6 85 68.3 66.3 62.1 53.7 41.9 37.8 34.4 31.4 27.8 25.1 24 18.6 16.1 16.5 23.1 22.7 24.8
166.1 165.8 163.4 160.8 158 158.1 157.5 156.4 154.8 153.4 153.3 155.7 156.7 157.8 158.9 161.9 164.4 159.3 156.1 153.2 156 154.4 147.8 143.8 148.3 145.7 138 134.1 131.3 129.6 133.1 133.6 135.6 135.9 135.6 133.7 130.7 129.7 129.1 121.1 111 110 110 113.7 119.6 122.3 125.4 121.7 117.2 113.3 105.9 103.3 106.5 104.3 97.8 82.2 84.6 86 82 82.9 85.5 82 86.4 87.8 83.5 77.7 68.1 71.3 64.5 58 39.2 37.2 32.6 26.6 25.9 24.8 23.5 19.3 16.9 18.3 22.9 23.1 24.2
164.1 164.7 162.2 159.3 159 159.7 158.4 157.6 154 153 153.1 155.1 155.2 155.6 157.3 161.1 162.3 156.2 154.7 149.6 151.5 151.1 141.5 141.2 145.7 141 133.7 130.9 129.9 129.3 131.2 132.1 135 135 133.1 131.8 130.1 131 128.1 118.9 112 110.7 110.5 113.7 116.5 120.9 124.3 119.6 115.7 114.8 110.4 108.4 108.4 104.2 101.6 88.7 75 79.8 77.1 81.8 81 82.6 87.4 85 78.9 71.1 66.9 66.9 61.6 52.9 38 35.1 31.4 26.2 24.8 24.7 23.7 19.4 18.8 22.7 23.3 23.7 24.1
162.8 160.6 158.1 158.1 157.8 158.7 158 156.4 152.5 150.5 152.1 153.4 153.4 153.8 156.9 159.6 158.4 154.6 151 147.3 148.1 146.4 139.7 140.8 140.6 134.9 131.3 130.8 128.8 130.5 130.3 132.2 133 133.4 132.9 130.7 131 131 128.9 126.5 118 111.2 112.6 114.1 115.5 120.5 121.8 117.6 114.9 114.6 110.4 108.3 106 101.6 98.6 81.8 71.8 65.3 67.6 60.7 79.4 84.5 86.5 83.2 74.8 70.1 62.9 62.8 60.3 55.6 38 34.8 31.9 29.4 24.4 24.4 24.3 20.6 16.7 21.4 23.3 24.4 23.8
163.5 161.1 158.8 159.1 159 157.8 156.3 155 152.1 149.1 151.3 152.3 152.5 152.9 156.4 157.1 154.5 151.9 146.3 144.8 145.6 140.7 139.3 138.6 136.7 132.2 130.9 130 127.5 130.9 129.4 130 129.9 130.8 129.8 129.9 133.1 131.1 127.9 121.6 114.4 111.7 117.8 117 115.1 118.2 119.3 115.2 113.9 111.1 110 106 99.1 94.8 84.3 67.2 85.2 91.6 86.5 68.3 83.9 85.1 85.9 81.1 74.1 73.4 64 61.8 60.9 53.1 35.3 35.5 33.4 29.3 24.6 24 23.7 17.2 18.1 21.9 21.5 23.4 22.9
164.2 160.3 160.2 160.3 159.2 156.8 154.4 153.8 151.1 148.6 149.6 151.6 151.4 152.1 155.4 153.5 150.4 146.8 141.6 143.1 140.2 136.5 136.9 136.5 133.5 130.8 129.8 127.6 128.2 129.1 128.2 128.2 127.5 128.1 130.6 129.6 133 130 126.9 118.5 112.7 119.7 120.2 117.7 112.5 115.5 115.2 112.5 113.1 111 107 101.9 98.7 85.6 81.6 89.4 91.1 93.7 90.9 75.1 56.7 62.8 73.9 75.2 74.9 71.8 64.2 57.5 54 44.8 34.4 39.1 34.9 28.2 23.5 23.7 23.4 16.9 16.4 16.5 16.4 19.3 23
162.3 160.1 159.3 158.5 157.6 155.2 152.2 152.3 149.9 146.8 148.5 150.5 150 154.2 153.7 153 148.6 142 139.4 140.1 136.8 134.9 133.7 134.2 130.6 129.2 128.7 125.5 127 126.5 124 128.4 128.3 132.3 128.5 131.6 131.6 127.4 121.7 111.3 111.5 113 110.9 110.6 110.4 111.6 110.9 108.3 110.2 110.9 105.4 98.4 81.5 86.5 92.6 95.3 93.3 91.9 90.6 88.4 82.9 77.3 69 55 74.9 75.5 70 57.6 55.9 39.9 34.7 40.9 31.2 26.6 23.7 21.5 22.1 16.5 16.7 20.8 21.1 20.4 18.7
160.8 158.1 156.1 157.2 155.8 153.3 150.7 150.8 148.2 145.7 148.2 149.8 149.2 152.7 152.7 151.3 146.6 137.2 136.8 136.3 132.2 132.8 131.6 131.5 128.7 128.3 128 123.5 123.6 120.7 121 125.1 126.9 127.7 125.6 128.7 125.5 120.2 115.5 111.8 111.6 115.4 122.4 121.2 115.5 116.7 115.5 111.4 106.4 92.5 86.3 83.4 99 99 95.5 95.4 93.8 92.9 91.8 90.8 86.8 81.9 78.7 60.7 72.3 74.5 68.3 53.7 48.4 36.9 34.4 36.1 28.8 26.9 26.3 19.5 19.4 17.5 16.7 21.6 21.8 21.1 17.6
157.4 156.2 153.8 155.6 154.2 151.3 149.3 148.9 145.8 144.5 146.9 146.3 148 151.7 150.8 148 142.4 134.4 134.8 131.9 129.8 128.8 130.4 127.9 126.3 126.1 123.1 121.2 120.6 121.6 121.3 122.3 124.4 125.3 125.8 126.3 125.5 126.2 117.8 113.2 116.7 120.8 124.2 124.1 116.1 119.7 114.7 113.5 112 104.3 96.2 103.6 100 99.8 96.6 94.6 93.5 92.9 91 88.8 85.1 79.1 74.2 68.9 58.4 71.1 64.7 48.1 42 36.9 34.6 34.2 29.2 25.1 20.7 19.8 18.6 17.6 21.6 21.3 21.5 20.5 19
153.4 153.7 153.3 154 152.4 150.3 148.1 146.9 145.1 143.5 145.3 144.9 146 146.2 145.2 143.9 137.1 131.6 131.3 130.6 129.7 128.1 126.3 123.6 123.4 123 119.6 121 124.3 126 125.3 125.3 124.5 127.3 125.8 128.6 127.4 124.6 117.5 116.8 122.3 125.6 124.8 123.4 118.3 119.6 115.2 111.6 107.9 104.2 103.5 102.8 99.7 97.1 94.3 92.9 91.7 90.5 88.9 85.9 82.9 79 69.2 63.1 52.6 60.7 53.3 46.7 42.1 38.4 36.6 31 28 24.2 23.4 21.6 18.8 17.2 17.3 18.8 20.3 17.1 16
151 151.2 152.5 152.8 150.6 148.7 146.4 147.2 146 142.8 143.5 143.8 145.1 144.2 142.3 138.4 131.5 130.6 128.7 127.9 128.9 127.9 126.3 123.7 122.4 121.5 122.6 124.8 126.1 127 125.7 126.9 126.2 126.8 127.1 128.4 127 124.3 122.4 120 122.8 124.7 124.8 119.9 118.1 116.9 112.6 110.4 108.3 104.7 104 101.8 97.3 93.7 92.6 91.2 89.3 88.5 87.2 84.6 82.8 76.9 68.4 62.6 50.3 60.7 55.8 51.8 45.2 39.5 39.2 31.1 29.5 27.3 25.9 22.2 22.5 17.5 17.7 16 16.3 15.1 16.4
149.7 150.2 151.3 151 149.6 147.3 147.7 145.9 143.6 141.9 142.3 142.9 143.2 140.4 139.4 137.6 133.4 132.4 129.6 129.5 128.6 126.8 125.7 124 121.5 121.1 123.7 124 125.1 125.7 125.7 127.7 125.6 124.8 127.1 128 126.1 121.5 124 120.4 126 126.5 125.1 118.1 113.3 112.6 111.8 111.1 107.1 103.9 102.8 100.8 96.4 91.9 91 89.9 87.7 86.5 85.2 81.2 80.5 76.6 66.2 64 55.3 59.7 59.4 54.7 43.9 45 38.8 31.6 30.6 29.2 27.1 22.4 21.5 20.4 16.3 15.8 15.3 14.8 15.9
148.9 149.3 150 148.6 147.5 147 147 144.3 141.9 140.3 140.7 140.5 141.1 142.7 141 137 135.5 134.5 129.8 129.7 128 126 124.3 123.4 121.5 122.1 123.1 123.1 123.3 123.9 124.9 124.7 125.7 125.2 126.7 126.5 124.1 120.9 120.6 124.8 126.9 125.5 122.4 114.1 114.7 108.6 113.4 109.5 106.3 103.2 101.4 98.4 95 91.7 89.9 89.2 88.8 87.5 84.9 81.4 78.4 76.4 65.2 65.7 60.9 53.6 58.2 52.4 43 44.5 38.9 31.6 31.3 29.6 26.8 25.7 23.8 21.2 17.3 16 14 15.2 15.9
148.4 147.9 148.1 147.3 146.5 145.4 145.5 143.5 139.7 139.2 139.4 140.1 145.1 146.2 141.4 138.7 140.1 135.1 130.5 127.1 126.2 125.2 123.7 123.8 122.4 121.5 122.4 122.2 122.9 125.6 126 126.2 125.3 124.6 125.9 126.4 122.8 121.6 122.3 126.7 126 124.6 118.1 114.1 114.8 107 110.7 108.5 105.3 101.5 100 96.7 94 91.2 89.5 89.5 88.9 88 86.4 82.7 80.1 72.1 67.6 68.4 59.6 47.8 56.6 47.9 44.9 42.6 36.6 30.6 29.4 29.6 27.5 27.3 26.9 21.8 18.3 17.3 14 14.4 15.6
145.7 146.6 147.1 149 149.2 147.3 146.1 141.9 138.3 138.2 141 144.7 149.3 149.3 142.5 143.1 145.5 138.1 132.5 126.2 124.8 122.9 123.5 123.2 122.3 119.9 121 121.2 124 126.1 125.6 125.6 124.1 124.1 125.6 126.2 123.2 122.3 122.7 125.2 123.9 121.5 113.9 116.3 111.2 106 107.7 107.1 103.6 100.3 98.6 95.8 93.9 91.5 89.4 89.4 89.1 88.4 85.6 83 82.3 68.9 68.8 67.9 60.9 48.2 51.1 42 39.9 38.5 33.6 30.8 27.5 27.1 28.4 26.5 27.3 23.6 20.8 17.7 16.1 15.8 14.4
143.4 143.8 149 152.6 153.1 152.6 150.2 142.2 138.6 139.2 140.5 145.7 149.7 150.5 144.8 147.9 147.8 139.9 132.7 127.4 125.1 124.3 122.5 122.2 120.9 119.8 119.3 119.6 123.8 126 127 124 122.8 124 125.4 125.7 124.7 124.9 123.8 123.3 122.2 118.4 117.1 117.1 110.8 104.6 105.8 106.2 103 100.8 97.9 94.9 93.7 91.9 89.1 89.4 87.8 86.2 84.4 82.5 74.7 72.7 69.7 64.2 60.6 47.5 53.2 44.6 47.5 42 35.1 29.4 28.5 25.2 25 26.1 25.5 23.8 21.9 19.1 17.6 16.6 15.6
