app/static/ascii/NX66.asc
ncols 200
nrows 200
xllcorner 260000
yllcorner 560000
cellsize 50
[rows 72 to 107 of 200, columns 0 to 79 of 200]
131.7 134 135.7 137.5 141.2 145.2 148.6 155.1 161.3 165.8 172 179.1 186.8 195.1 203.5 211.1 217 221.7 227.2 233.2 237.4 238.6 235.8 229.8 225 219.1 213.1 207.7 199.5 193.4 187.2 180.4 171.2 164.4 158.1 153.7 147.8 145.9 145.4 143.8 144.7 147.4 149.1 150.8 152.5 154 156.2 161.1 166.4 169.1 171.2 172.7 173.4 174.2 174.3 174.4 177.4 177.5 177.2 176.1 174.9 174.2 174.4 172.1 172.4 175.9 174.5 179.8 182 186.5 188.2 187.4 190 192 195.2 193.9 195.1 197.1 197.4 199.2
132.3 136.9 136.9 138.1 141.5 146.2 150.7 156 161.3 165.4 172.6 180.2 188.2 197.9 206.2 214.3 220.1 226.2 232.3 238 236.2 237.3 235 233.8 230.4 223.4 216.4 209.5 202 195.1 189.3 181.6 172.9 164.9 159.6 154.3 150.2 148.2 147.1 146.3 149.2 148.8 150.1 152 154 155.2 156.4 161.8 163.7 168.5 170.9 172.1 173 174.9 175.5 176.4 186 183.3 181.3 179.8 179 179.2 177.2 178.2 179.1 181.1 179.5 184.5 186.4 190.8 193.7 196.6 199.3 199.6 198.2 199.9 202.9 205.3 202.6 204
133.6 137.3 137.2 138.3 141.1 145.7 150.8 156.1 161.1 167 175.2 181.4 189.7 200.1 208.6 217.5 224.1 230.3 234.1 237.6 239.3 241.4 240.3 240.2 234.9 226.7 217.3 211.4 203.5 197.4 191.2 183.3 175.8 167.2 159.1 156.4 153.5 150.1 147.3 147.7 148.9 150.4 151.5 152.7 154 154.7 156 163.6 165.1 166.8 169.5 170.9 174 175.4 177.2 183.3 187.3 189.3 188 188 183.7 186.1 181.4 180.4 186.9 185.5 186.5 190.7 192.4 194.7 199.4 202.5 204.7 205.6 204 206.3 207.6 207.2 207.5 208.1
135.7 136.3 137.4 139 141.8 145.3 151.2 156.2 162.3 169.7 176.2 182.4 191.6 201.1 209.6 217 227.2 233.1 237.2 240.6 247.5 249.2 247 243.9 237 227.6 219.3 212.5 204.8 199.1 193.1 185.3 177 169.9 163.6 158.7 155.2 151 150 148.1 148.2 150.2 151.6 152.1 153.5 155 159.1 161.1 163.5 166.4 168.7 170.4 173.4 176.6 180.9 189.5 193.2 194.7 191.9 191.2 188.2 191.5 192.1 188.4 193.6 190.4 190.9 193.5 197.8 199 204.1 206.3 208.5 211.5 212.1 210.1 209.4 209.3 210.6 211.1
139.2 138.4 138.2 139.4 141.7 144.3 150.6 155.6 163.8 170.7 175.9 182.5 190.9 202 211.6 221 228.6 237.7 241.4 249.8 253.5 253.5 250.6 244 238.7 231 223 213.9 205.5 200 194.4 186.9 178 170.3 163.5 159.3 154.4 151 150.4 149.2 148.1 150.2 152 153.5 154.2 155.9 158.5 160 162.5 165.8 167.3 169.6 172.9 179.2 184 194.3 197.2 196 196.2 195.6 198.2 199.3 200 196.4 197.5 196 195.5 199.3 200.7 204 208.5 210.2 212.4 215.9 217.9 216.9 213.4 211.5 213.5 213.8
139 138.9 138.5 139.4 141.3 144.4 150.2 156.1 163.2 169.5 177.5 185.5 195.2 205.4 216.5 223.8 231.2 238.5 247.6 253.3 256.1 254.4 251.8 248.2 241.1 233.6 223.5 215.5 208.1 202 195.7 188.4 180.1 172.2 164.6 160 154.9 152 150.8 149 148.2 149.9 152.4 154.9 155.6 157 158 159.2 162.5 165.4 167.6 169.6 173.7 179.2 187.1 195.5 199 201.2 201.4 206.4 205.1 207.2 206.6 200.2 197.9 198.5 199.7 205.6 206.9 209.4 213.4 215.1 216.9 219.9 223 224.9 214.5 213.8 217.8 217.5
139 140.4 139.5 139.5 141.3 147.2 151.9 158.3 164 171.8 179 185.9 194.6 206.2 216.1 227.3 232.1 244.5 252.5 255.5 257.2 257.2 254.4 247.5 240.6 232.9 226.7 216.7 208.5 202.9 197.4 189.4 181.4 173.4 165.9 160.2 156.6 154 151.1 148.9 150.1 151.5 153.1 156.5 156.7 157.3 157.5 158.8 161.4 165.4 169 171.3 173.6 181.4 186.7 197.6 203.2 206.8 207.3 213.3 214.2 214.3 209.1 205.5 203 205 208.9 210.1 212.5 213.4 217.1 219.4 221.6 224.9 227.4 230.4 219.3 214.8 219.1 219
140.5 141.2 140.5 140.1 144.7 148.8 152.6 158.9 164.9 171.5 178.9 184.7 194.7 206.4 216.9 227.9 238 246.6 253.7 255.9 259.7 260.9 255 246.3 240.3 236 225.6 216 208.8 203.8 197.8 189.3 182 174.4 166.9 162.4 157.1 154.2 150.5 152.3 151.9 153.3 154.3 154.8 158.4 155.9 159.2 159.7 160.9 163.7 167.4 173.1 175.8 180 188.3 201 207.6 211.5 212.4 218 219.7 215.7 212.3 208.5 206.4 210 213.1 215.7 215.4 219 220 223 225.5 228.3 228.9 230.2 224.7 214.5 214.4 218.3
140.2 141.3 141.2 140.9 145.6 149.7 153.7 159.5 164.3 170.5 175.8 183.7 193.4 203 215.1 227.4 237.9 246.7 251.4 259.6 262.4 260.4 254.3 246.5 238.8 232.3 224.3 217.3 208.8 203.9 197.2 189.8 182.5 174.8 167.3 161.5 155.9 152.3 149.2 152.6 153.5 154.6 154.9 155.3 153.7 153.7 159.9 159.3 161.4 163.4 166.6 173.2 179.5 184.2 193.2 203.7 208.2 213.9 216.8 220.8 221.5 217.1 214.6 214.6 212.5 213.7 217.1 220.1 219.4 224.1 223.8 226.8 227.9 229.3 229.4 229.1 222.5 213.9 213.6 215.4
140 141.2 141.6 141.3 145.8 149.6 152.4 157.7 162.6 168.5 175 183.4 191.2 202.6 214.4 224.6 232.9 245.1 255.5 259.7 260.4 261.5 251.8 245.2 236.5 231.5 226.1 217.3 209.1 203.1 197.5 189.5 183.1 175.4 168.1 161.8 156.1 153.3 151 150.1 153.1 153.9 155.1 154.4 152.6 152.4 153.8 156.6 160.7 164.4 167.3 175.6 183.5 187.3 197.2 204.7 210.1 219.9 220.9 222.1 221.5 223 223.4 219.6 217.1 218.6 222.3 225.5 222.4 227.2 226.9 229.5 230 229.8 228.9 227.1 222.5 214.3 209.3 213.8
140.6 141.7 142.1 142.5 143.9 147.8 152 157 161.1 167.4 174.4 179.6 188.5 200 210.8 220 231.1 245.1 254.5 259.1 260.5 260.4 251.9 243.5 236.2 229 222.1 214.8 209.4 203.4 196.9 189.3 183.2 175.8 168.3 162.2 156.7 153.8 152.4 150.9 152.2 153 153.8 152.8 151.8 152.7 154.3 156.4 158.2 165.2 171.3 177.3 183.4 189.1 197.3 208.1 214.3 220 223.9 222.5 222.3 227.2 224.8 226.9 222.6 224.3 226.3 228.9 230 232.2 230.2 233.4 232.8 229.7 226.8 225.5 219.5 209.9 205.5 211.2
141.5 142.2 142.7 143.1 143.5 144.8 149.3 158.1 161.8 166 170.2 176.5 185.4 195.2 205.3 217.5 229.2 242 252.1 255.8 259.7 258.8 249.5 240 232.2 226.6 221 214.9 210.1 203 195.9 189.5 182.4 175.6 168.9 162.7 156.7 153.6 152.1 151.4 150.4 151.3 151 150.8 151.2 152.9 154.8 156.6 158.5 166 173.9 179.5 185.2 191.9 198.2 210.8 217.5 223 224.4 223.8 226.1 228 229.5 231.8 228.8 231.3 230.9 234.6 233.8 235 236.5 235.4 238.6 232.6 225.3 223.6 220.8 208 202.9 205.6
142.4 143 143.5 143.8 144.1 144.8 149.4 153.6 159.8 162.1 166.7 175 182.2 192.6 203.9 215.2 226.2 237.4 247.4 250.8 253.6 252.9 244.2 233.6 228.8 223.9 218.5 213.7 209.6 203.3 196.2 189.2 181.8 173.6 169.1 163.3 157.4 153.6 153.1 153.6 151.6 150.8 151.3 152.5 152.6 151.7 153.8 156.7 160.4 169.2 177.4 180.9 189.7 191.6 200.9 213.1 220.5 224.5 224.8 228.6 230 232.5 234.2 236.5 239.1 237.3 238.3 238.9 240.5 241.5 238.6 238.7 237.9 229.9 226.1 220.1 215.5 212.8 204.4 200.4
143.3 143.8 144.1 144.4 144.6 144.8 147 152.3 156.5 159.3 165.1 172.1 179.4 188.9 202.8 211.9 222.2 233.8 242.4 245.4 247.8 244.9 239.4 230.2 225.2 221.7 217.5 212.9 207.4 201.8 195 187.8 180.2 173.7 169 165.4 159.7 155.2 154 153.5 151.9 151.4 152 152.6 152.9 153.1 152.9 156.4 162.9 171.3 177.5 185.4 193.5 194.6 206.9 213.4 222.5 225.3 231.9 234 238.1 241.7 242.9 246.3 249.1 242.7 247.8 242.4 243 245.6 243.6 242.6 233.4 228.2 223.1 220.5 222.6 217.7 208.6 199.4
144 143.9 144.1 144.2 144.4 144.6 146.9 149.5 153.1 157.3 162.9 168.8 177.1 189.4 200.2 212.2 220.8 229.8 234.8 238.9 240.4 237.3 232.3 227.6 223.5 219.5 216.8 211 205.1 200.8 195.6 187.4 180.6 174.2 169.4 165.3 160.8 156.4 153.4 152.6 152.5 151.5 151.2 152.2 152.3 153 153.5 154.9 161.9 169.3 179.3 188 197.9 201.7 210.1 216 225.4 232.4 236.4 238.9 242.6 247.8 249.5 254.7 257.9 251.4 250.3 246.7 246 248.8 247.6 241.1 231.2 226.7 222.4 223.1 223.4 216.9 211.2 199.4
144.3 144.2 144.1 144 144.1 144.4 144.8 148.5 152.2 156.4 160.1 166.5 176.7 186.5 198.5 209.8 216.8 223.5 229.3 232.1 232.7 230.7 227.1 224.5 222.4 217.9 215.3 209.9 204.4 200.2 194 188.1 181.2 174.8 170.1 165.8 160.5 155.5 153 152.3 152.2 150.9 151.1 152.8 152.7 153.2 153.8 156.4 164.9 172.8 182.2 190.8 199.6 206.4 215 221.9 229.4 236.5 243 243.1 250.8 257.3 258.9 261.9 261.5 256 252.1 251.2 248.7 250.1 246.2 241.9 233.8 227.4 223.2 223.8 220.9 214.9 211.5 201.9
144.5 144.5 144.3 144.2 144 142.9 143.7 145.8 150.1 154.7 160.2 166 176 185.3 195.7 205.8 210.5 216.8 222.1 224.9 225.7 225.4 223.6 220.7 219.4 218.4 213.9 208.3 204.9 199 194.2 188.9 182.4 174.8 169.7 165.9 160.4 155.1 152.8 151.9 152 152.1 150.9 152.1 153.2 153.1 154.3 157.2 167.1 176.1 185.5 192.1 200.7 205.1 214.7 227.5 235.4 242.4 251.5 251.7 256.4 263.1 263.2 268 269.9 262.5 257.7 255.5 249.5 249 244.4 242 238.8 231.2 226.4 225.1 221.2 217.3 210.8 205.7
144.5 144.2 144 143.9 143.7 142.7 142.8 145.6 148.7 153.5 158.6 165.1 173.7 182.6 193 199.7 204.8 210.7 214.8 218.4 221.2 220.7 220.4 218.8 217.5 215.5 212.2 207.4 204.8 199.2 193.4 188.8 182.3 175.4 169.5 165.5 160.8 155.3 153.2 153.3 153.2 152.7 151.8 150.9 152.7 153.5 154.5 156.7 167.8 176.3 185.5 193.5 201.1 206 217.1 228.9 240.3 250.8 256.3 257 262.5 269.8 270.6 272.6 272.7 269.9 259.9 256.4 251.5 246.7 245.4 246.2 245.6 239.5 232.4 228.3 222.9 220.6 212 208.3
144 143.7 143.6 143.4 143.1 142.6 142.8 144.5 148.3 152.1 157.1 163.5 171.1 179.7 186.5 194.8 200.2 205.1 210.4 213 215.5 216.2 216.3 214.9 215.9 216.3 212.6 208.5 204.8 199.6 193.4 188.7 181.5 175.8 171.7 166.9 162.5 157.5 154.2 153.1 152.8 152.7 153 151 151.9 153.2 154.6 160.5 169.8 178.5 185.8 194.1 196.4 205.4 219.2 233.8 245.2 253.2 262.5 261.6 268.5 275.2 274.7 276.4 276 270.5 261.5 256.6 251.3 249.5 251.4 250.2 248 241.5 237 230.2 225.2 221.5 215.2 210.4
143.5 143.3 143.1 142.8 142.5 142 142.9 144 147.1 151.8 155.1 161.3 169.1 177.5 184.5 190.1 195.4 200.7 205.3 208.1 209.2 210 210.7 211.2 215.3 214.5 211.1 208.1 207.1 201.6 193 187.1 181.8 177.9 174.5 168.6 164.9 159.4 155.3 153.2 152.5 152.2 151.7 152.3 151 152.2 154.4 160.7 170.5 177.9 186.1 193.8 196.8 211 221.3 236.7 247.4 258.9 264.5 265.3 274.4 277.9 278 279.5 276.4 273.2 264.7 257.7 255.5 258 258.7 254.5 248.6 244.1 238.1 231.2 226.4 223.2 218.3 214.1
143.1 142.7 142.4 142.1 141.8 141.9 142.4 143 145.9 150.2 154.3 161.1 166.7 173.3 179.9 186.6 192.1 196 199.6 202.6 203.6 204.8 205.3 208.3 212.4 211.3 210.3 208.9 207.4 202.2 194.4 188.4 184 180.2 175.9 171.1 166.4 161.6 157 154.4 154 153.6 152.8 151.7 151.4 151.8 154.4 162.7 170.1 179 184.7 192.8 198.3 214 223 237.1 250.4 265.6 266.9 270.2 272.2 278.5 282.4 281.6 278.6 272.6 266 263 263.7 263.4 258 253.8 249.8 245.1 238.7 231 227.3 226.1 221.5 213.3
142.3 141.5 141.3 142.1 142.1 141.2 142.1 143 145.1 149.4 154.4 159.2 164.3 169.9 176.1 180.2 186.5 192.4 197.6 198.2 198.1 200.1 201.2 205.3 208.4 208.4 208.6 207.8 206.1 201.1 195.2 189.5 186.9 183.5 179 174 169.7 164.5 159.2 155.7 154.4 153.7 152.9 151.8 151.4 152.1 156.4 161.2 167.1 177.1 188.6 190.4 197.6 211.3 225.4 239.7 252.2 265 268.4 271.9 277.1 281.3 287.6 283.1 278.1 274.9 270.9 269.1 269 265.3 261.4 258.5 251.2 246.7 237 231.5 232.4 229.8 219.3 216.1
141.6 140.5 141.4 142.2 142 140.5 141.2 142.6 145.1 148.3 152.8 158.6 163.5 168 173.3 177.2 182.2 189 195.8 193.6 194.4 195.9 197.3 201.9 205.3 206.8 206 205.4 204.8 201.6 195.7 192.4 189.1 186.3 182.8 177.9 172.9 167.9 160.5 156 154.2 153.5 153 151.8 151.6 152.3 155.2 159.1 168.2 178.6 188.1 189.5 200.5 207.7 223.1 238.5 253.8 263.5 271 276.7 280.5 284.8 285.6 281.8 284.9 278.8 276.9 276 273.3 268.1 264.5 256.7 252.4 245 238.6 235.1 232.6 228.6 223.8 222.6
141.2 140.5 141 141.7 141.7 140.2 141.3 143.9 145.4 147.3 150.4 157.5 162.1 165.9 170.6 174.9 180.8 189.2 192.4 190.7 190.1 192.3 194.5 198.7 202.1 204.6 204.1 203.8 203.1 201.1 197.2 195.3 192.3 188.5 185.8 180.6 174.4 170 163.1 157.5 154.8 153.2 152.3 151.6 151.7 152.4 154.3 160.6 170.7 180.4 185.3 188.7 194.8 206.2 225.2 240.4 253.9 263.2 274.7 279.1 281.2 288.5 289.1 288.2 284.9 283 281.9 279.4 274.8 268.5 262.7 257.2 254.2 249.9 239.9 235.3 233.4 232.1 230 223.8
140.8 140.3 140.1 140.7 140.2 140.3 140.3 143.8 145.8 148.2 148.9 155.3 161.2 164.4 168.5 173.1 179.6 187.7 189.2 187.9 187 189.4 191.7 194.6 198.2 201.2 202.9 202.4 202.2 200.1 199.6 199.9 197.8 194.2 189.1 183.2 175.2 170.9 165.9 160.4 155.7 154.3 153.1 152.5 151.5 152.5 154 160.3 170.8 178.1 185.2 189.5 198.3 210.2 220.1 240.5 254.3 266.8 273.4 277.7 282.4 289 286.4 286 285.6 286.9 284.7 280.2 274.7 266.9 260.4 257.9 258.6 252.6 241.9 239.8 240.1 238.4 234.6 227.1
140.3 139.4 139.3 139.9 140.4 140.6 140.6 142.8 145.9 146.6 148.1 153.7 159.2 163 168 172.6 180.2 186.1 186.1 184.8 185.1 187.4 189.7 192.7 196 199.1 200.8 201.8 201.2 200.6 201.2 203.4 202.5 199.9 193.5 187.2 181.6 175.3 169.3 163.4 156.4 153.6 152.8 152.1 151.7 152.6 154 163 172 179 186.1 193.9 203 213.7 219.7 242.4 255.3 264.1 271.5 279.6 284.8 283.5 285 285.7 287.3 285.9 283 278.6 273 268 260.3 265.1 257.1 250.2 244.8 241.8 244.8 242.1 237.3 232.6
139.2 139 139.5 139.9 140.8 140.8 140.9 141.3 143.1 145.2 148 152.5 157.7 161.7 166.4 173.1 179.8 183.9 183.6 182.4 184.3 186.9 189.4 192 195.5 198.8 200.9 203.8 203.5 203.9 205.9 207.3 205.8 204.2 197.5 190.4 186.6 179.1 171.9 164.8 157.7 154.5 153 152.2 151.5 153 155.6 165.9 172.1 180.7 189.6 197.7 206.5 214.6 223.9 241.3 251.9 263.1 272.4 278.1 279.6 284.5 289.6 287 287.5 283.5 280.4 279.9 275.3 272.8 261.5 258.8 254.7 249.7 245.6 244.2 245.3 241.8 237.7 233.8
138.9 139.2 139.6 140 141.4 140.8 140.9 141.2 142 145 148.8 151.8 155.2 158.8 165.5 172.1 178.3 181.1 180.9 180.8 183.9 186.6 189 192.9 196.6 200 203.8 206.6 208.2 209.5 211.8 212.6 211.5 208 201.1 195.6 189.8 181.9 173.8 166.7 159.6 155.9 153.4 152.8 151.8 152.6 155.4 163.1 171.9 182.9 193.3 202.8 214.8 221.2 230.3 241.6 253.2 261 267.4 275.9 281.2 284.4 285 284.9 285.4 280.7 281 283.6 278.9 272.4 261.8 256.4 253.5 249 244.7 245.1 243.8 239.7 236.6 232.2
139.8 140.2 140.7 141.2 142.2 141.3 140.9 141.4 142 145.2 150.1 152.8 154.2 158.4 167 171.9 176.9 177.3 177.4 179.1 182.4 185.9 189.8 195.2 198 202.1 207.1 211.3 212.1 214.3 217.1 218.1 216.4 211 205 200.8 193.3 184.7 176.3 167.3 159.3 154.6 153.6 152.6 151.8 152.8 155.1 161.7 172.7 185.3 192.6 205.5 216.2 223.8 236.2 243 250.9 257.7 267.8 274.6 277.3 280.8 282.3 282.4 281 278.5 281.4 284.2 275.4 266.6 260.8 255 249.9 245.7 241.8 243.3 239.9 236.3 233.2 225.3
140.9 141.3 141.7 142.1 142.9 141.5 141.6 141.9 142.5 144 150.3 152.1 154.3 160.3 166 169.9 174.1 173.9 175.8 179.3 182.9 188 192.7 197.2 201.4 204.9 212.2 214.4 217 220 222.7 223 220.8 214.8 208.3 203.5 197.5 188.4 177.6 167.6 160 154.4 153.6 152.7 152 153.3 155.5 161.9 176 185.5 194.2 207 218.2 225.6 238.7 243.3 250.8 258.5 262.9 268 272.2 276.9 277.5 280.6 276.9 276 281.7 278.3 270 263.7 260.4 252.1 246.7 242.5 239.5 240.7 236.1 232.8 224.9 224.4
142 142.6 143 144.4 143.3 141.8 142 142.5 143.4 145 147.8 150.7 154.9 160.6 165.6 167.1 169.4 172.4 177.7 182.4 185.5 189.6 195.8 200.4 204.6 210.4 216.4 219.5 222 225 228.4 227.7 224.5 218.5 210.8 205.4 198.7 188.8 178.9 168.3 161.2 154.6 153.8 152.8 152.5 153.3 154.7 159.4 173.6 185.9 197.9 210.6 219.5 227.6 239 249.7 254.3 255.8 258.2 265.8 269.8 270.9 270.4 274.5 271.8 273.7 276.9 272.7 266 261.6 257 247.1 242.8 239.1 233.1 237 231 223.4 221.6 220.5
143.5 145 145.9 144.3 143.2 142.4 142.7 143.5 144.8 146.3 150 152.5 154.8 160.3 163.2 164.5 170.3 176.2 182.1 185.4 188.2 191.3 200.9 204.8 210.4 216.3 221.4 225.1 228.4 230.7 232.1 231.1 228.9 221.9 212.4 206.7 198.6 190.5 180.4 168.5 160.3 154.2 153 152.3 152.8 153.3 154.5 162.5 176.5 186.5 201.2 210.4 219.3 231.5 241.9 248.6 254 254.9 255.8 260.4 260.9 262.6 263.8 268.5 270.4 269 270 267.4 262.9 260.5 254.7 246.4 237.2 231.9 228.6 230.7 223.1 222.1 221.3 220.1
145.9 147.7 147.3 144.7 143.4 142.9 143.6 146.1 147.3 148.7 149.7 153.3 155.3 162.2 161.8 167.5 174.4 178.2 184.3 187.6 191.3 195.2 204.7 209.8 218 223.4 227.3 231.8 234.7 236.3 237 235.4 232.8 225.7 215.2 207.3 199.6 189.4 180.4 168.7 160.5 154.3 153.2 152.2 153 153.5 155.1 165.1 178.1 188.1 198.4 213 223.1 233.8 243.3 252.8 255.3 246.9 248.8 248.9 250.4 256.9 264.2 265.6 266.2 264.8 264.7 262.4 259.2 256 250.2 244.4 231 225.4 224.7 224.1 221.2 221.2 221.5 220.6
149.3 150.9 148.3 144.9 143.9 144.7 146.1 147.6 150.4 151.2 150.4 152 155.9 161.6 164.6 170.7 176.6 181.8 187.9 193.6 194.3 199.3 207.6 214.2 221.5 227.6 230.9 236.4 238.9 240.7 241.3 239.6 236 227.6 218.9 209.5 199.1 188.7 179.8 169.4 162.4 155.1 153.7 152.5 152.5 153.3 156.5 166.5 181.5 190.6 201.5 214.4 224.4 234.9 245.8 255.2 252 243.7 243.7 245.4 250.2 259.5 261.2 262 261.2 260 258.6 257.6 255.5 252 246.4 237.4 225.8 221.1 220.5 221.8 221.1 222.1 222.3 220.5
152.6 153.7 146.9 144.9 145.8 147.4 150 150.6 151.9 154.1 155.9 155.8 155.7 159 163.6 171.8 180 187.2 192.4 199.8 200.8 204.4 211.3 217.9 224.7 230.8 235.5 241.1 244.4 246.8 246.2 243.8 238.1 230 220.2 210.1 201.5 191.3 181 171.9 164.3 154 152.6 152.9 152.1 153 157.6 168.2 181.9 191.6 203.1 214.3 224.5 236.8 245.8 253.4 248.3 242.9 242.6 252.8 256.7 258.9 257.1 256.6 255.3 253.4 254.4 248.8 250.4 244.4 237.1 229.3 223.5 219.5 218.7 219.8 222.2 221.9 217.3 216.5
153 151.6 148.6 147.8 149.8 152.4 154.3 154 154.9 157.3 159.6 159.9 158.5 158.6 164 173.4 183.2 189.5 197.2 204.2 207.4 209.2 217.1 223.2 229.8 234.5 239.7 245 251 253.3 253.3 248.9 242.7 234.6 224.1 214.9 203.1 193.3 183.3 174 162.5 153.8 153.7 153.4 152.9 153.1 158.4 164.4 177.6 189.3 200.7 213.3 224.5 233.5 241 250.6 253.8 245.7 248.1 255.8 252.8 253.8 251.6 249.7 249.2 248.9 250.6 244 241.2 236.5 230 225.5 220.7 217.8 217.5 217.8 221.4 217.6 216 214.1
