app/static/ascii/NX67.asc
ncols 200
nrows 200
xllcorner 260000
yllcorner 570000
cellsize 50
[rows 0 to 35 of 200, columns 0 to 80 of 200]
203.6 193.8 185.5 177.5 166 154.5 142.9 134.2 126.6 119 112.2 107.2 101.9 92.3 85.2 80.1 78.7 78.6 78.5 75.1 71.9 71.1 70.8 68.7 66.5 63.9 62.5 62.5 61.7 62.3 59.4 57.4 56.1 52.7 52.5 51.2 50.8 50.6 50.1 49.5 48.8 48.8 49.1 49.5 49.8 50 50.1 49.5 48.2 48 49.5 50.1 50.8 50.2 49.3 49.5 50.2 50 49.9 50 49.9 53.8 57.4 62.7 70.3 76.7 83.5 86.8 83.8 82.9 83.7 83.3 86.2 91.7 94.3 95.8 95.8 94.8 92.1 89 90.1
204.5 192.5 179.7 170.2 160.6 150.2 143 136.5 129.4 122 115.9 110.6 106.2 101.5 95 87.7 85.6 85.7 85.7 82.5 78.7 76.9 75.2 72.7 71.3 69.9 68.2 66.2 64.2 63.1 61.5 60.6 59.4 57 55.1 55.1 54.6 53.2 51.7 49.4 49 49.2 49.6 49.8 50 49.7 49.6 49 48 47.8 49.2 50.6 50.5 49.8 48.9 48.8 49.6 49.3 49.4 49.6 49.6 49.4 49.7 51.1 59 66 73.3 78 80.2 80.9 82.2 81.4 82.1 88.9 91.7 91.5 90.8 89.5 88.5 86.3 88.4
197.8 184.9 174.5 164.3 156.1 147.8 142.5 138.6 134.5 127.4 121.2 116.5 112.6 109.3 102 94.8 92.4 92.7 92.8 90.4 85.9 81.6 79.7 76.6 75.5 73.7 71.4 68.9 66.8 64.3 67 66.1 64 61.6 59.6 59.7 60 57.4 54.4 50.3 49.2 48.9 49.4 49.7 49.6 49.1 49.5 49.6 48.6 47.8 48.8 49.9 50 49.5 49.1 48.9 48.9 49 49.1 49.3 49.4 49.2 49 49.4 49.8 53.8 63.2 71.3 77.6 78.5 78.6 78.6 78.5 81.8 86.1 86.9 85.6 86 85.8 85.5 86.9
186 176 164.8 157.3 152.3 147.7 143.2 139.6 134.9 130.1 123.5 120.4 117.5 110.4 103.7 99.5 98.7 99.1 101 100.3 95.2 88 85 80.5 78.7 76.7 74 71.6 68.6 68 67.9 70.1 67.5 64.5 63.3 64 64.7 62.8 59.7 53.3 48.6 48 48.2 49.4 49.4 48.6 49 49.5 48.8 47.5 48.6 49.6 49.6 49.4 49.2 49 48.7 48.7 48.9 49 49.2 49 48.6 49 49.4 49.1 50.5 61.4 68.3 71.6 72.3 75.1 71.6 71.2 74 76.4 77.9 81 82.5 83.5 83.8
175.7 168.7 156.3 151.6 147 145.2 144.7 138.8 133.1 128.8 121.7 117.9 115.6 106.9 104.9 102.9 104.1 106.6 109.6 109.4 106 97.3 93.3 87.7 82.6 78.7 76.2 74.6 71.7 69.9 68.4 70.3 70.4 67.3 67.3 67.5 67.8 66.4 64.6 60.9 55.6 54.2 52.6 49.8 51 50.2 48.4 49.7 48.1 47.5 48.6 49.3 49.3 49.4 49.4 49 48.6 48.1 48.5 48.8 49 48.7 48.7 49.1 48.7 48.1 47.7 47.4 52.2 58.7 56.2 57.5 59.4 63.1 64.4 65.6 69.8 77.1 78.3 80.4 80.5
164.9 159.1 152.9 148.8 145 139.3 138 132.8 126.4 121.3 117.1 113.5 110.6 106.7 109.9 110.2 112 116 116.6 116.1 114.9 108.7 100.6 94.8 88.2 80.2 77.7 74.8 73.3 73.8 71.4 72.3 71 70.7 69.9 68.8 68.8 67.2 67.3 64.2 59.7 59 56.7 57.4 58.8 54.1 51.8 50.6 48.7 47.9 48.5 49 49.1 49.3 49 48.9 48.4 47.9 47.9 48.2 48.6 48.8 48.8 48.7 48.3 48 47.9 47.9 47.9 48.9 53.6 53.8 57.2 57.5 57.6 60.4 64.4 73.8 76.6 75.1 77
154.9 149.5 148.6 146.1 142.4 135 130.7 126 123 118.6 113 111 109.2 114.4 122.8 121.9 122.1 125.7 123.2 121 121.9 119.6 112 101.9 95.1 86.3 81.5 77 75.1 75 74.9 73.5 72.2 72.8 72.9 70.6 69.6 69.3 68.6 70.7 66.4 68.2 66 67.2 67.6 62.6 55.5 53.8 52.4 47.8 48.1 48.6 48.8 48.7 47.8 47.9 48 47.8 47.3 47.8 48.5 47.8 47.9 48.2 48 47.5 48 48.1 47.9 48.3 47.7 50.3 55.5 55.7 55.4 57.2 59.6 67.1 69.3 70.5 72.9
146.6 141.1 138.2 138 136.9 131.9 124 123.1 122.3 116.1 112.1 112 113.9 123.8 141.8 140.5 130.5 131.5 129.8 127.6 130.4 124.5 120.6 112.8 100.6 94.7 86.4 82 78.5 77.3 75.6 75.2 74.3 72.8 73.3 70.4 70.9 70.1 70.3 72.9 75.6 75.3 75.4 77.2 76 70.9 68.6 64.1 58.3 52.6 47.7 47.8 48 47.9 46.9 46.4 46.4 46.4 46.3 46.4 46.4 46.7 46.7 46.7 47 47 47.4 47.8 48.3 48.3 47.7 48 48.3 51.7 53.2 56.1 59 62.6 67.8 68.9 71.9
139.3 134 131.9 129.5 128.4 127 121.1 120.1 119.2 116.3 114.5 114.9 119.3 128.9 137.4 145.7 139.9 133.6 132.5 131.6 133.1 130.8 126.1 121.2 109.7 102.3 94.1 87 81.8 79.1 76.8 75.8 75.6 74.4 73.4 72.7 74.2 73 71.4 74.9 79.5 80.4 81.4 81 79.6 78.2 77.9 75.9 67.8 63.5 54.6 49.6 47.1 46.7 46.7 47.3 47.6 47.6 47.6 47.7 47.5 47.1 47.1 46.8 46.9 46.7 46.8 46.8 46.8 46.8 46.9 46.9 47.4 49.1 48.3 52.3 55.7 57.7 64.1 66.4 66
133.1 129.6 126.5 123.6 122.7 121.4 120.2 119.6 119 120.5 122 124.5 131 137.4 143.8 143.8 144.7 142.4 138.3 135.7 135.7 134.2 130.7 125.6 118.7 108.1 98.8 91.4 86.5 82.2 78.7 81.1 77.8 77.6 73.2 73.5 74.8 74.9 75.4 77.9 83.4 86.9 89 86 82.3 80.1 80.6 78.2 74.6 68.9 62.9 58.3 56 53.3 52.9 52 52.2 52.3 51.7 51.7 50.1 49 48.7 48.4 48.7 48.7 48.5 48.7 48.8 47.3 46.8 46.6 46.6 46.8 47 47.3 52.2 57.9 63.3 66 63.3
130.9 127.1 123 121.4 120.7 122 123.1 122.5 122.7 122.6 126 132.1 136.9 140 146.1 151.5 145.2 145.9 144 142.7 140.2 135.9 134 129.1 121.7 115.2 105 95.7 91.2 87.5 82.4 84.5 85.7 79.8 75.7 76.3 78.9 77.3 77.7 80.3 87 92.6 94.5 94.5 86.6 83.4 84 80.1 77.1 74.5 70.7 68.4 67.4 62.3 60.1 60.9 59 58 57.2 56.4 54.8 51.4 49.6 48 47.7 48.2 48.3 48.4 48.5 47.8 47.4 47.2 47.2 47.3 46.6 47 47.9 55.4 60.7 63.1 63.3
127.7 125 122.8 123.6 124.6 126.2 126.9 125.7 125.8 129.1 133.5 132.3 142.8 152.5 156.1 154.7 151.5 150.9 149.7 147.6 143.9 137.8 136.1 132.9 125.7 116.9 108.5 104.8 99.6 89.6 85.4 84.8 88.9 85.6 82 80.5 80.7 81.4 81.8 83.7 84.1 94.3 98.7 99.5 95.2 86.7 84.2 82 80.5 78.5 78.1 77.1 75.2 69.5 69.2 68.8 65.1 62.8 61.8 60.1 58.4 55.9 53.4 50.3 47.9 48.1 48 48 48.1 47.8 47.9 47.9 47.4 47 46.6 46.6 47.6 49.8 58.5 59.9 59.3
126.8 126 126.3 127.7 128.9 130.2 130.2 129.7 130.2 136.1 138.4 143.2 149.6 157.6 164.1 167.2 166.6 163.5 160.9 157.9 149 141.2 138.4 135.2 128.5 116.2 118.2 115.1 106.1 94.8 89.7 87.8 89.1 91.7 88.7 85.8 86.4 85 85.8 87.1 86.1 89.2 96.6 99 94.8 86.9 86 85.9 83.5 84.4 80.6 81.1 80.1 77.7 76.2 73.8 70.6 67 68.5 68.1 66.8 65.6 61.6 56.5 53.6 48.3 47.6 47.6 47.7 47.5 47.5 47.8 47.5 47.1 46.7 46.6 47.3 48.8 52.2 57 57.6
130.4 131.1 131.6 132.4 133.1 133.6 133.8 134.4 134.1 137.8 142.7 150.7 155.9 160.4 168.3 176 178.5 175.9 170.1 165.1 156.6 145.2 139 135.1 129.2 118.3 122.3 122.8 114.3 101.2 94.5 91.9 92.2 92.8 95.2 94.8 92.2 90.8 89 90.4 92.4 91.2 92.5 95 90.1 88.6 88.1 90.1 88.6 87.2 85.1 84 88.5 84.9 80.5 77.9 75.4 73.1 77.5 80.3 77.2 74.5 71.3 63.2 60.5 52.4 47.6 47.2 47.1 47.1 47.3 47.6 47.5 47.2 46.5 46.4 47.8 46.8 50.9 53.1 56.9
134 135.1 136.8 137.4 136.7 136.4 136.1 137.1 139.5 141.5 146 150.2 156.8 163.4 168.8 177.5 184.4 183.1 178.8 174.1 166.6 154.7 139.6 134.7 126.5 124 124.7 126.1 121.4 111.6 101.9 98.3 95.6 94.5 95.9 97.9 99.5 95 93.4 96.5 96.9 99.2 98.9 96.4 93.6 92.9 91.2 91.3 90.7 88.1 91.4 88.4 90.2 88.7 84.8 81.9 79.8 80.3 80.9 89.7 88.6 83.8 79.2 73.3 66 58.6 50.9 47.4 47.1 47.1 47.1 47.3 47.3 47.2 47 46.6 47.4 48.3 48.6 49.4 47.7
137.5 138.6 140.1 140.4 139.3 139.1 139.6 140.5 141.5 143.5 145.3 151 154.8 159.1 168.7 177.6 185.9 190 185.6 178.6 171.1 161.6 149.5 139.1 131.6 131.6 128.6 125.8 124 118.4 110 103 98.6 97 96.8 99 102.2 102.1 101.6 105.6 106.4 104.5 104.5 102.3 99.9 97.4 95.6 92.8 92.3 91.4 93.2 94.1 92.5 93.4 92 88.4 88.3 86.2 84.5 89.2 94.1 90.9 84.6 78.8 70.9 64.9 56.7 47.1 47.1 47.1 47.1 47.1 47.2 47.5 46.4 46.5 47.6 48.3 49.1 52.3 50.5
143.3 142.2 142.1 142.1 142.1 141.9 141.3 143.6 144.2 143.9 143.5 146 153.4 161.3 168.6 178.3 188.6 196.4 190.9 182.4 175.9 169.2 157.7 145 140.7 138 135.6 125.8 121.2 116.4 110.5 107.3 102.6 99.9 100.9 103.7 105.1 107.6 108.4 111.1 110.7 108.7 107.7 108.8 108.9 108.1 101 101.3 99 99.1 98.6 100.1 98 98 102.6 96.8 95.1 90.7 86.1 86 89.2 92.6 87.7 79.4 73.8 68.7 61 51.1 47.1 47.1 47.1 47.1 47.3 47.7 45.8 46.8 48.1 49.3 50 50.8 50.5
146.7 145.5 145.5 144.6 143.6 143.2 144.7 145.9 148 149.3 146.2 145.1 155.8 164.3 169.5 178.4 189.9 196.5 191.4 187.3 179.2 176.5 164.2 150.2 148.8 147.3 142.7 132.8 126 120.4 115 110.6 109 104.6 106.4 109.5 110.3 111.9 112.8 113.6 116.2 113.6 109.6 112.3 113 110.9 109.6 109.9 108.3 105.4 105.5 104 105.5 102.2 106.3 105 102.5 97.5 93.1 90.4 91.4 91.1 86.9 81.6 79.3 73 64.9 54.2 46.7 47.1 47.1 46.9 47 46.6 45.8 47 48.4 49.4 49.7 49.3 49.9
149.9 148.8 148.1 147.1 145.7 147.7 150 150.2 151.5 151.7 149.5 150.6 154.3 157.8 163 173 179.9 182 188 190.5 179 173.4 165.3 159.9 154.7 156.2 147.4 142.4 135.3 128 118.7 116.2 115.6 114.7 109 112.6 113.7 114.6 114.6 115.1 117.4 117.1 115.9 114.6 115.5 115 115.9 117.1 113.8 113.1 112.1 111.2 114.1 109.4 109.5 111.9 108.9 106 101.3 96.9 95.7 93.4 91.4 90.2 83 76.3 67.9 57.1 47 47.2 47 46.8 46.4 45.4 45.9 47 48.4 48.8 49.2 48.8 50
156.2 153.8 151.9 149.7 148 152.1 152.8 153.7 155 155.1 158.2 157.8 155.9 155.3 156 161.6 170.2 172.8 181.4 185.6 177.8 171.4 167.9 165.6 158.1 159.3 155.4 147.6 140.4 135.8 128 124.6 124.2 120.6 112.5 114.2 116.3 117.1 117.3 117.8 117.6 119 119.6 118.2 119.1 117.8 119 121.2 120.8 120.6 118.5 117.8 118.6 117.9 115.1 117 114.3 112.6 108.2 104.1 99 99.2 93.5 93.3 87.6 80.5 71.2 64.1 53.6 48 47 47 45 45.5 45.9 46.3 47.3 48.4 48.1 47.7 53.6
162.3 159 156 154.2 153.1 156.9 155.4 156.3 158.6 160.1 161.1 160.3 159.1 155.8 156.9 156.7 157.9 164.7 172.3 177.6 176.9 170.7 167.4 162.8 164 162.9 161.5 153.9 146.6 142.5 135.2 137.1 134.4 125.8 119.5 118.3 118.7 119.8 120 119.9 118.5 120.2 121.5 121.2 120.2 122.7 123 125.5 128.6 130.1 125.4 121 120.3 124.4 123.6 122.4 122.9 114.4 115.8 112.8 103.1 100.1 99.4 98.5 95.5 83.3 78 72.4 64.9 54.6 55.1 46.2 45 46.1 46.6 46.6 46.6 46.7 46.8 47.1 52.4
168.4 165.2 162.5 160.8 160.3 159.5 160.4 162.9 163.5 164.3 163.1 163 162.1 158.5 156 156.2 157.7 159.1 165.3 165.5 169.8 167.6 164.9 162.4 166.7 163.2 166.8 161 153.8 146.9 147 151.9 143.1 136 126.2 122.7 120.7 122.9 123.6 123.3 120.8 120.9 123.6 123.3 123.9 126 127.1 128.5 132.4 135.7 129.6 124.7 123.5 126 130.3 126.6 129.3 126.6 120.3 116.6 113.2 106.2 105.9 101.9 100.7 88.6 84.5 79.7 72.8 62.8 57.5 44.6 45.2 46.9 46.9 47 47.1 46.7 46.1 47.4 50.8
177.6 172.8 169.6 167.6 163.8 166.4 167.5 166.7 166.7 166 167 166.9 166.5 163.8 158.4 156.9 157.1 159.5 161.6 161.4 161.5 161.9 162.1 161 163 163.9 160.2 161.9 154.7 151.8 157.7 162.5 149.3 140.5 132.2 127 124 125.8 126.4 127.1 123.1 122.2 125.4 124.2 127.1 127.7 128.5 133.2 135.5 135.6 131.2 128.4 127.2 125.3 133.5 138.7 135.5 136.5 126.6 123.9 121.5 117 112 102.4 100.7 99.2 95.3 90.4 82.7 74.1 58.4 44.8 45.2 47 47.1 47.2 47.1 46.7 46.1 46.2 50.2
185.6 180.7 177.9 175.7 173.9 172.5 172.9 174.9 172.5 171.4 169.5 169.3 168.9 165.7 161.5 159.3 158.1 159.4 159.5 157.9 156.3 157.4 155.9 156.5 156.4 160.9 159.3 157.5 157 162.5 169.5 169.1 155 148.3 141 130 127.9 125.3 128.6 128.3 126.1 126.3 127.2 126.8 128 128.5 128.4 133.3 133.5 131.8 131 129.4 129.1 128.7 133.7 143.3 138.8 139.2 133.1 132.3 132.5 126.4 114.4 105.1 102.6 103.1 106.8 95.5 90.5 85 67.7 49.9 44.6 47 47 47.1 47 46.7 46.2 46.2 47.3
193.3 189.4 187.2 185.4 184.1 182 180.4 179.6 176.8 175.6 174.3 176.3 173.5 168.9 164.2 162.1 159.3 158.2 156.9 154 151.2 150.2 154 151.8 153.1 154.9 155.8 154.1 158.8 173.9 175.1 169.2 161.9 156.5 150.7 131.7 130.4 127.2 127.5 128.6 129.4 126.1 125.8 126.8 128.1 129.6 129.3 130.1 130.4 130.6 129.4 129.7 130.6 132.1 135.8 139.8 142.4 140.8 143.5 143.2 138.5 129.4 116.5 105.5 107.6 107.9 104.4 98.5 96.3 92.5 75.2 54.1 44.6 46.9 47 47 46.8 46.6 46.2 45.9 45.2
201.2 198.5 196.5 195.3 194.3 191.8 188.6 184.8 182.2 183.4 182.1 178.6 174.8 171.8 167.6 164.1 159.5 157.4 155 151.2 150.3 149.4 149.2 149.5 149.8 149.4 148.6 151 165 173.2 168.6 167.5 163.8 160.7 156.4 137.3 132.1 131.6 128.3 129.9 128.2 126.4 125.3 126 126.3 130 131.6 129.9 128.2 129.6 129.2 129.8 127.2 127.7 130.3 136.6 141.6 147.1 148.7 143.3 136.7 129.3 118.5 107.2 105.5 103.9 100.8 105 103.7 101.5 80.4 60.4 44.6 45.6 46.7 46.6 46.4 46.2 46.2 45.7 45.3
210.2 208.5 206.5 204.9 202.3 199.4 195.2 191 186.8 188.3 184.7 180.7 176.2 173 172 167.2 160.9 156.6 154.8 151.7 153.2 155.3 152.8 150.5 148.4 147.1 146.5 149.9 156.1 157.6 165.5 162.8 161.6 162.6 159.9 143.4 132.3 132.5 129.2 130.1 128.6 125.8 126.3 125.3 124.6 126.3 126 128 128.7 127.7 126.8 126.1 125.7 125.2 124 131.7 140.5 143 141.9 138.7 133.2 123.8 116.6 109.8 103.9 104.4 108.6 111.2 106.6 101 83.5 65.8 51.2 44.9 45.5 46.2 46.5 46.4 46.1 45.5 45.4
219.3 219.3 218 214.4 209.9 206.1 201.5 199.1 198.1 192.8 189.9 184.6 180.7 176.2 171.1 167.8 161.4 156 155.5 153.6 154.2 160.5 158.7 154.3 148.6 145 145.2 146.1 149.6 152.6 155.6 157.9 161.7 165.7 157.2 148.7 138.5 132.1 129.8 128.2 126.9 124.5 122.7 124.7 123.8 124.3 126.2 126 125.6 125.3 123.9 124.3 124.6 121 122.7 122.7 123.9 130.8 135.8 135 130.2 122 118.6 112.4 102.8 108.2 114.2 115.3 107.9 102 83.3 61.4 56 47 44.9 44.9 45.2 45.4 46 45.8 45.5
226.9 229.3 230.5 223.6 216.8 213 208.9 208.2 204.3 198.5 194.6 191.2 185.8 180.2 172.2 167.6 163.7 157.9 159 153.8 153.5 161.3 161.3 156 150.7 145.4 144.1 144.1 146 144.3 148.9 156.1 170 162.7 157.5 151.9 144.4 131.7 129.2 126.5 123.5 119.8 116.5 123.3 123 122 122.4 123 123.5 124.4 122.3 123.7 122.8 119.2 118.9 118.8 117.6 123.6 130.1 130.9 129.6 123.3 114.5 108.5 104.9 113 114.9 118.1 107.6 104.5 79.8 68.7 65.1 51.7 46.4 45.7 44.8 44.7 45.1 45.5 45.3
230.8 232.1 232.7 229.3 224.8 221.7 215 212.8 209.3 205.5 202.8 198.8 193.1 185.1 176.4 171.4 164.6 159.8 164.4 164.3 155.1 155 155.9 149.2 145 144.1 144.4 144.5 144.1 143.4 145.7 155.4 163.3 162.8 158.2 152.7 146.8 135 129.3 124.2 118.3 113.7 114.9 117.4 120.6 118.9 118.6 119.8 123.1 121.9 121.9 122.3 120.3 117.9 117.7 115.9 116.2 120.4 121.9 124.7 124.3 119 112.3 108.3 107.3 114.4 111.1 111.2 110 104 82.9 76.4 67.1 46.4 46.8 46.5 46.3 45.9 44.6 44.6 46.1
230.3 231.1 231.8 231 228.4 226 221.7 219.3 216.4 213.3 210.1 203.9 196.4 188.9 182.3 173.8 167.4 162.5 162.4 166 161.6 152.2 147.9 144.3 144.2 144.1 144.4 144.6 144.6 142.9 146.3 151.6 151.6 157.1 155.2 153.5 147 137.9 126.2 124.7 115.5 112.8 114.2 116.2 118 116.9 118.2 118.2 121.1 121.2 120.8 119.3 117 116.1 116.4 113 114 115.8 116.2 119.2 119.1 115 112.7 108 105.4 110.8 107.3 107.5 106.5 96.7 90.7 82 63.3 47 46.8 46.5 46.4 46.4 46.6 45.4 44.6
228.1 228.9 229.4 229.9 229.1 228.5 225.9 226.2 223.4 218.5 212.2 205.4 199.3 193.9 187 179 169.9 167.5 163 161.7 159.1 153.7 148.2 145.6 144.2 144.1 143.3 143.8 143.5 142.5 147 147.9 144.5 149 150 148.4 145.5 140.1 126.5 117.2 116.4 113.1 113.8 114.7 121.3 117.3 115.5 116.7 117.6 121.9 119.6 117.4 114.5 114.9 114.2 110.8 111.2 113.3 115.8 117.1 115 110.5 108.6 104.4 105 110.6 103 103.5 102.7 98.3 94.3 81.2 64.6 46.9 46.6 46.3 46.2 46.2 46.2 46.6 45.7
222.1 224.5 225.4 226.9 228.5 228.8 227.8 228.8 226.2 220 215.1 210.6 207 200.3 190.3 182.3 177.7 175.3 166.1 160.7 158 154.9 153.9 151 146 144.2 143.7 142.7 143.6 142.8 144.1 142.4 143 146.7 146.4 144.8 144.2 138.5 127.2 114 113.2 113.1 111.8 115.5 122.2 122.9 115 113.5 115.7 121.3 119.2 116.2 113.4 112.3 111.9 111.7 108.7 109.4 112.2 112 110.1 107.1 105.2 100.6 101.2 101.9 99 100.9 98.9 97.9 92.6 79.1 64.2 47.1 46.8 46.5 46.5 46.4 46.2 49.1 45.2
217.2 218.3 221.4 223 225.3 227.2 227 225.2 227 223.4 220.4 219.8 215.3 205.5 195.8 189.6 184.8 180.2 174.7 164 161.1 159.4 157.6 153.6 150.8 149.9 148.5 144.3 143.8 143.1 142.3 142.3 143.8 146.5 145.2 145.1 144.2 137.3 128.1 114.1 113.4 113.5 111.2 112.3 119.8 123.6 119.5 112.5 114.8 120.4 118.4 115.2 112.7 108.9 108 108 106.6 104.4 109 106.5 108.7 104.6 100.3 96 97.3 95.6 96.6 98.9 97.6 95.7 90.8 78.3 63.2 47.2 46.3 46.4 46.2 46.1 45.9 45.5 44.7
212.9 214.1 216.4 218.6 221.2 222.5 222.6 224.3 227.4 228.1 227.7 223.8 218.5 215.5 212.2 200.8 189.6 182.3 179.5 171.5 164.8 162 158.4 154.4 150.8 150.3 150 147.8 145.4 143.7 142.9 142.4 142.4 139.4 138.5 140.9 139.3 135 128.1 117.2 114.8 115.5 111.8 111.9 111.4 119.8 120.3 112.4 111.8 114.9 116.6 114.9 111.8 108.9 105.3 106.2 103.3 103.9 103.6 102.1 105.2 101.3 97.9 95.4 93.9 93.9 95.2 98.7 97.2 93.5 89.1 77.9 63.2 48.2 46.3 45.8 45.6 45.8 45.9 45.4 44.5
210.2 210.8 211.3 213.3 215.7 219.1 221.4 223.2 226.2 231.8 229.4 228 227.8 222.5 217.5 210.4 199.5 187.8 181 176.1 167.2 162.7 157.6 154 151.9 151.1 150.7 151.1 149.5 147 149 146.1 141.9 140 138.9 135.4 131.7 130.2 126.2 118.6 115 114.7 111 109.1 106.1 114 115.8 112.8 108.9 111.1 113.5 113.6 110.7 107.8 103.9 101.5 102.2 100.5 98.1 99.7 100.4 96.5 96.5 96.1 92.6 91.5 93.3 97.3 96.1 92.9 86.4 79 64.7 47 46.3 45.6 45.3 45.1 45 45 44.4
