app/static/ascii/NX74.asc
ncols 200
nrows 200
xllcorner 270000
yllcorner 540000
cellsize 50
[rows 86 to 128 of 200, columns 0 to 95 of 200]
49.7 53.4 57.2 60.6 66.8 66.3 68.9 68 67.7 67.6 63.1 63.8 65.6 63.6 62.7 62.5 59.2 56.6 52.7 51.8 49.2 47.2 45.1 49.1 54 59.6 63.3 59.6 56.5 55.3 58.3 60 60.1 52.7 51.2 53.8 59.1 65.5 71.1 76.3 79.4 81.3 81.8 82.3 82.8 86.7 91.7 94.1 95 91.5 86.9 82.4 81.1 82.1 84.6 87.4 85.6 87.4 89.2 88.8 92.9 95.2 94.7 92.8 92.2 92.2 92.6 92.3 91 90.1 88.5 86.3 82.6 78.1 75.9 73.9 71.8 69.8 67.6 64.5 60.8 56.8 51.9 48 44.7 43.4 43.1 42.5 41.6 36.6 31.9 26.8 30.5 40.4 42.4 47.4
51.9 59.2 61.2 61.9 63.7 64.3 65.3 66.6 65.8 65.6 61.6 61.1 61.6 61 61.1 60.7 57.7 54.6 51.2 49.7 47.8 46.4 45.2 48.5 54.3 60.1 61.3 56.9 53.9 54.5 58.2 61.6 58.8 52.2 51.2 54.4 60.7 66.5 71.9 77.1 81.9 82.2 82.5 82.4 81.9 86.1 90.4 93 92.7 88.8 84.6 80 80.4 81.1 84 85.6 84.1 87.4 87.4 87.2 91.1 91.7 91.4 90.5 88.9 88.8 89 88.9 88.2 87.4 87 84.9 79.9 75.9 73.6 71.5 69.5 67.4 65.4 62.3 58.1 54.2 50.2 46.5 43.8 43.1 43 42.7 41.2 37.5 31.2 27.1 36.1 40.7 42.3 47.5
50.2 55.2 56.4 57.1 58.3 59.7 62.1 64 63.3 62.7 60 58.9 60.1 60.2 60.1 59.4 55.6 53.1 51.1 48.8 46.6 43.5 45.4 48.9 54.9 61 59.8 54.7 52.7 56.6 60.4 61.1 57.8 49.5 51.1 55.9 61.9 67.6 72.9 78.5 83.2 83 81.7 81.3 81.4 85.7 89.1 91.2 89.9 85.7 81.5 78.2 79.6 80.4 83.3 83.8 84 87.2 87.6 85.8 88.5 88.8 88.5 86 85.1 85.4 85.6 85.6 85.5 85.1 84.6 82 77 72.1 70.9 69.3 67.2 65.2 63.1 60.7 57.4 55.1 56.4 46.9 42.2 42.8 42.7 42.6 41 35.2 27.3 27.6 35.9 40.4 42 46.3
44.4 51.2 52.3 54.9 56 58.4 61.6 62.4 61.6 60 58.8 59.1 60.7 59.4 58.9 57.4 54.4 51.7 50.1 48.5 46.6 40.9 44.7 49.3 55.9 60.1 57.2 52 52.9 57.2 61.2 61.1 53.8 48 52.1 57.3 62.7 69.1 74.4 81.7 84 82.7 81.1 80.2 81.5 84.3 87 88.5 85.7 81.8 78.1 77.7 78.1 79.9 82.8 82.2 84 87.1 85.8 84.3 86.3 86.6 85.4 82 81.7 82.4 83.7 83.4 83 82.9 82 78.8 73.7 69.2 67.8 66.6 65 62.9 60.8 58.5 57.1 60.9 62.3 49.4 40.3 41.1 42.1 42.2 40.4 33.8 22.2 29.7 37.3 40.3 41.9 46.5
43 50.5 54.5 56.4 62.7 66.4 67.7 65.9 64.4 61.7 59.4 60.2 62.2 59.3 57.5 55.5 53.1 50.4 48.5 46.8 45 41.7 44.7 49.6 56.2 56.9 53 48.4 52.6 56.9 59.9 57.2 51.5 49 53.5 58.6 64 70.7 78.6 83.2 84.1 82.5 80.8 79.4 80.7 83.1 85.1 84.5 82.3 79 76.6 77.3 77.1 80 82.6 80.7 84.1 86.6 83.9 82.8 84.4 83.8 81.9 78.4 78.4 79.5 80.5 79.3 79.8 80 78.8 75.4 70.4 66.2 64.8 63.6 62.3 60.7 58.5 56.4 61.7 63.8 61.4 46.9 39.5 41.1 42.2 41.2 39.4 28.6 23.5 33.8 38.2 39.9 42.3 46
47.3 53.6 56.2 59.6 65.1 67.6 68.6 68.5 68.3 63.4 61.1 61.7 62.6 59.1 56.8 54.6 53.6 51.1 48.8 47 41.2 41.6 45.2 50.2 55.9 53.4 48.7 45.9 49.7 53.5 54.3 52.5 47 50.5 55.3 60 65.6 73.3 80.1 84.3 83.5 81.4 79.9 78.9 80.9 82.6 82.3 81.1 79.4 77.2 76 76.3 76.9 80.2 82.6 79.8 83.4 85.4 82.5 80.9 81.5 80.9 77.9 75 74.4 76.6 76.9 76.3 77 77.2 75.1 70.8 66 63.6 62 60.8 59.5 58.1 55.9 56 61.8 59.8 55 43.2 38.6 40.3 41.9 40.1 38.3 26.4 25.8 35.6 38.3 39.9 42.5 45.7
49.2 53.4 56.8 61.2 65.3 67 67.8 69 69.4 65.8 64.9 62.7 62.3 59.1 58.5 57.3 55.2 52.1 50.1 47.8 42.8 41.1 46.5 51 54.8 49.3 45 42.9 46.6 48.1 44.5 45.3 50.8 56.8 58.9 62.3 67.6 76.2 81.7 83.7 82 80.2 78.8 78.2 79.9 80.6 79.5 78.1 76.9 76.4 75 75 77 80.8 81.8 79.3 83.4 83.3 80.6 78.8 79 77.2 73.8 71.5 71.5 73.8 73.6 73.5 74.4 74.2 71.5 66.9 62.9 59.5 59.3 58.2 56.9 55 52.9 56.6 59.3 57.5 51.9 40.6 38.4 40 40.4 38.4 36.2 23.7 26.8 36.8 38 40.1 42.7 44.3
50.3 54.2 57.8 61.5 65.5 67.2 68.2 69.5 69.8 68.3 67.2 64.7 62.2 60 60.1 59.6 57.9 55.6 53 48.5 43.4 39.3 46 50.8 52 45.2 41.7 40.3 42.3 46 51.6 54.6 60.6 66 63.9 65.5 72.1 78 82.6 83 80.1 78.9 77.9 77.8 79.5 79.9 78.5 76.2 74.9 74.5 74.2 73.6 75.1 78.3 78.2 79 82.8 80.6 77.1 76.8 75.4 72.5 69.9 68.1 68.8 70.8 70.7 71 72.3 71.1 67.3 63 57.7 56.9 56.7 55.6 53.9 52 51.5 55.1 57.1 55.2 49.5 38.1 37 38.3 38.7 37.5 33.3 19 28.9 36.4 37.8 39.2 42 41.1
52 54.5 58.1 61.6 65.4 68 69.1 70.7 70.5 70.3 69.3 67.3 63.9 61.3 62.3 62.8 62.8 59.5 56.6 52.1 44.8 36.3 45.5 49.7 48.7 41.9 39 41.6 47.1 50.8 54.8 61.9 70.3 73.1 68 69.4 74.5 80.6 83.7 81.6 78.9 77.4 76.5 77.2 78.8 78.9 77.9 75 74 73.2 73.3 75.7 77.9 73.6 69.5 77.6 80 77.2 75 74.2 71.5 68.9 66.4 64.6 65.6 67.1 68.5 68.5 69.6 66.8 63.4 57.5 55.4 54.6 54 52.8 51 49.4 50.4 53 54.2 50.4 43.7 35.7 35.5 36.9 37.5 36.8 28.3 18.8 31.1 35.8 37.6 39.6 40.6 38.3
52.3 54.3 57.9 61 64.3 68.1 70.2 72.2 73.6 74.9 75.7 69.3 64.8 63.6 66 66.3 65.5 62.5 57 54 46.2 33.8 45 48.2 44.4 38.7 38.7 43.1 49.1 55.9 61.9 69.5 74 77.2 72.2 74 77.6 83.1 83.4 79.7 77.1 76.1 75.4 76.2 77.8 78 77.3 75.1 74.2 74.2 77.1 78.5 80.7 81.1 71.6 71.4 74.9 74 71.5 70.5 67.9 65.2 63.6 62.2 62.9 63.8 65 65.9 65.7 62.7 58.9 53 51.9 51.6 51.6 50.2 48.2 46.9 48.4 50.8 50.4 45.8 37.2 32.6 34 35.3 35.6 31.3 20.2 21.1 33.5 35.2 37.5 39.6 38.5 35.9
52 54.5 57.7 61.4 64 68.1 72.1 75.2 75.3 76.7 76.3 70.7 67 69 69.4 68.3 65 61.2 56.1 51.5 45.6 32.1 43.6 45.1 41.1 36.4 38.8 45.6 52.9 59.8 66.2 72.1 75.5 77.9 77.2 78.8 82.3 84.6 81.7 78.1 76 75.5 75.3 76.1 76.5 77.1 77 76.2 76.1 77.1 79 79.6 82 80.6 75 62.1 66.4 69.1 68.4 66.8 64.8 62.8 61 60 60.7 61.3 62.2 62.8 61.9 58.3 54.3 49.8 49.4 49.4 49.4 47.8 46.1 44.2 46.7 48.7 46.9 41 34.3 30.6 32.6 34 33.5 26.3 17.1 31.4 33.3 35.2 38.6 37.5 36.7 36.4
53.3 56.7 59.7 63.2 68.2 72.3 76 78.8 78 77.5 77.5 75.2 72 71.3 70.1 69.1 66.5 60.4 55.2 47.5 43.5 32.6 41.1 41.6 37.2 36.8 41.3 49.8 56.2 61.9 67.5 71.4 75.5 79.3 81.9 84.5 87.5 87.5 80.7 77.9 76.6 75.8 75.5 77.2 76.7 78.8 79.7 81 82.3 83.2 81.5 81.5 79.9 79.7 85.9 77.8 62.4 64 64.6 64.7 62.2 60.2 58.3 58.4 58.9 59.5 59.9 59.5 58.4 54.2 50.3 47.9 48 47.8 47 45.1 43.1 42.1 44.7 46.9 43.9 37.3 32.1 29.9 32 33.5 34 27.3 21 32.8 33.5 36.5 38.7 36.9 36.3 37.9
55.9 60.9 65.2 69.4 76.5 80.7 81.9 82.9 80.9 79.3 77.7 76.3 72.1 71.3 70.4 69.4 67.4 59.3 53.2 45.7 38.1 31.9 39.7 39.3 34.4 37.4 44.8 52.2 59.1 63.8 67.5 70.9 77.5 83.9 87.1 88.8 92.2 89.2 81.9 80.2 79.3 79.7 79 78.3 78.2 80.8 82.8 86.9 88.2 86.1 85.3 84.9 80 82.8 84.8 75 63.8 60.5 62.1 61.9 59.9 57.6 56.4 56.8 57.3 57.6 57.9 57.4 54.8 50.1 47.4 47 47.1 46.3 44.7 42.8 40.1 39.7 43.9 45.3 40.6 33.2 28.7 29.7 31.4 32.7 34 30.8 16.2 32.2 34.5 36.2 37.5 38.1 38.3 38.3
58.7 64.9 71.8 77.2 82.4 86 85 82.5 80 79.3 77.7 75 71.9 70.7 69.8 66.9 62.8 57.1 47.2 40 33 32 37.4 36.2 34.7 39.6 47.9 55 60.8 64.4 66.9 72.7 78.5 83.6 87.3 90.3 91.1 86.5 84.2 85.9 88.9 85.2 82.4 80.2 80 84.3 92 95.2 93.2 89 84.1 84.8 78.3 77.2 73.6 67.9 63.6 58.5 58.7 58.9 57.5 55.1 54.7 55 55.3 55.7 56 54.5 52 47.9 45.9 45.9 45.3 44.5 43.1 41.2 38.6 40 43.5 43 37.2 30.8 27.1 29.8 30.8 32.2 33.5 29.3 17.4 32.1 36.6 37.9 40.3 39.8 39.4 38.1
60.5 67.4 74.9 80.6 85.1 85.5 82.8 80.6 78.7 77.4 75.3 73.4 71.3 71 66.6 63.3 60.3 52.8 41 34.3 29.6 33.7 35.7 33.6 34.6 42.4 49.9 55.7 60 63.4 66 70.3 76.4 81.4 85.7 88.7 87.6 85.6 87.5 91.9 92.6 93.4 85.8 80.8 83.9 90.5 94.6 92.4 87.1 83.1 79.4 78.8 75.1 71.3 70.8 66.3 63.3 60.2 56.8 55.2 54.1 52.8 52.9 53.9 53.9 54 54.1 52.5 49.4 46.6 44.3 45.3 43.4 42.7 41.8 39.9 35.5 40.6 42.6 40 33.5 27.1 27.7 29.9 30.6 31.8 30.3 23.1 26.2 35.1 36.1 37.3 38.5 40.1 37.8 37.5
61.4 70 76 78.4 81.4 79.8 77 76.3 75.6 74.1 71.6 72.1 70.4 68.2 63.3 60.2 55.8 44.5 36 30.3 29.2 35.4 33.8 31 33.7 42.9 49.9 55.2 59.1 62.4 65.1 68.4 73.9 79 84.2 85.9 86.3 86 89.5 92.3 97.9 93.8 85.7 80.5 85 89.8 88.2 83.4 78 75.6 74.1 73 69 66.5 76.7 65.8 61.4 60.5 57.4 54.4 52.6 50.7 51 51.9 52.4 52.4 52.1 51 48.2 45.7 43.8 44 42.8 40.7 40.1 38.1 35.6 40.5 41.5 37.2 30.8 23.5 29.1 29.8 29.9 29.2 21.1 23 31.6 33.8 35.6 37 36.5 36.9 34.2 36.2
62.1 67.5 69.5 71.2 73.9 73.3 71 68.9 69.1 68.3 67.2 67.8 64.5 62.5 59.2 55.6 48.2 39.1 31.8 27.5 29.8 33.1 31.8 30.9 34.2 41.9 49.3 54.4 58.1 61.3 64.2 66.9 70.8 76.8 81.7 84.4 86.2 88 89.6 91.8 93.2 86.6 80 77.9 82.6 81.4 77.4 73.8 69.9 68.8 68.1 67 64.8 66.3 72.3 61.8 60.2 59.1 57.6 55.5 53.9 51.7 48.4 46.8 48.6 51.3 50.5 49.3 46.1 44.9 41 36 34.3 34.1 33.2 31.3 28.4 31.3 31.2 31.6 26.8 23.6 29.3 28.9 25 18.1 16.4 29.2 30 32.1 34.6 36.2 33.9 33.5 31.4 34.1
59.3 63.5 63.3 63.5 64.9 64.8 63.9 62.4 61.5 61.1 61.2 60.3 57.3 56.5 53.1 48.1 42 34.3 28.9 27.4 29.5 31.7 30.9 30.1 35.7 41.9 47.7 53.2 56.1 58.8 60.6 63.3 67.7 73.4 78.2 83 86.6 87.1 87.3 87 83.8 77.6 73.5 74.6 74.7 72.2 68.5 64.8 63.2 62.8 62.8 61.5 64 64.6 64.4 59.8 58.3 58.4 57 55.9 54.9 53.7 52.9 49.7 46.3 45 46 44.5 37.1 32.3 38.6 42.2 41.4 36.9 31.5 24.1 20.3 15.6 15.9 16.5 17.6 23.7 26.7 24.3 16.6 7.4 21.9 27.4 28.4 30 33.3 31.8 30.5 30.2 27.6 11.4
57.1 60.1 57.8 56.4 57.5 57.2 55.4 54.3 54.1 54.9 55 53.7 51.6 51 47.4 42.5 36.7 28.4 25.4 27.1 29.6 31.2 29.7 31.4 37.4 43.2 48.3 52.5 53.5 56 58.6 61.8 65.2 70.3 75.1 79.7 82.7 82.3 80.4 79.2 75.7 69.9 67.3 67.9 66.6 64.3 61.3 58.6 56.6 57.6 58.8 59.4 62.5 63.3 61.2 58.1 56.8 53.6 54.6 57.3 57.2 58.2 57.1 52.7 52.3 48.9 43.6 39.5 41.7 46.5 46.1 44.5 42.9 40.6 36.9 37.7 40.8 38.8 34 24.9 15.7 14.9 21.1 18.6 8 10.7 23.3 25.5 26.6 28.9 29.4 27.6 22.9 15.3 3.4 -3
55.4 59.6 56.7 54.3 58.9 60.3 54.5 50.7 48.3 49.2 49 47.6 46.4 44.8 42.4 37.5 32 27.2 24.7 26.9 29.1 29.8 28.1 32.6 39.5 45.7 50 51.7 52.5 54.7 58 61.2 64.3 66 70.8 75.4 77.2 76.5 73.9 71.7 67.1 62.6 61.5 61.6 60 56.8 55.3 54.4 55.3 55.2 55.9 59.3 61.2 61.9 60.7 57 56.3 57.3 55.5 55.6 54.3 53.9 53.9 52.1 54.3 55.7 51.7 49.7 48.2 48.9 47 44.9 43.3 41.7 39.4 41 42.3 40.3 35.3 27.4 23.7 15.9 8.1 8 5.1 14 20.3 22.7 22.6 22.9 16.9 5.3 6.6 -3 -3 -3
55.5 61.8 59.5 57.7 61.2 63.3 57.3 52.9 51 48.1 45.5 42.9 41.6 38.8 36.6 32.6 28 26.3 23.5 25.7 27.9 27.9 28 33.3 47.2 55.9 50.1 50.9 52 54.9 58.1 60.7 61.8 62.7 65.7 70.5 72.1 71.1 68 64.3 60.5 59.3 58.4 57.4 57.8 55.6 54.7 54.7 55 55.6 55.2 61 59.5 60.5 60.2 57.9 57.9 56.6 56.5 56.9 57.2 57.1 57.3 58.4 57.4 56.6 54.5 52.6 51.7 51.3 48.4 45.4 43.7 42 41.4 42.5 42.5 39.5 32.7 26.5 24.2 21 11.8 6.5 5.8 15.6 19.4 20 19.6 20.1 6.9 1.6 -3 -3 -3 -3
56.9 63.8 60.9 57.9 62.2 63.3 58.1 53.7 51 48 47.1 44.7 41.7 38.4 32.9 28.7 26.4 24.5 22.4 24.5 26 25.3 27.7 36.3 52.5 50.1 48.3 50.5 53.1 54.4 56.2 57.8 59.4 60.9 63.8 67.1 68.7 66.2 63.5 61.4 59.8 58.7 60.3 61.6 63.1 59.6 57.2 58.9 60.6 53.8 55.2 56.9 57.3 57.5 58.3 58.2 56.5 56.1 57.1 58.7 59.8 61.3 62.2 64 63.4 62.4 61 58.6 56.7 53.6 50 46.9 44 43.1 42.6 42.8 41.7 37.2 30.2 25.5 23.5 21.7 11.2 6.2 7 9.5 10.9 12.5 9.6 4 -3 -3 -3 -3 -3 -3
58.2 62 58.1 56.2 60.4 60.4 56.4 52.9 50.4 48.3 47.2 46.1 43 37.9 30.8 27.6 25.1 23.2 21.7 22.5 25.4 25.6 27.2 35.2 44.1 45.4 45.3 49.8 50.7 51.7 53.7 56.6 58.7 60.9 64 66.4 66.3 65.3 63.9 63.1 63.2 63 66.8 66.4 65 64.1 61.8 60.6 58.3 54.8 53.3 54 55 55.7 58 56.9 58.1 58.2 59.1 61.2 63.3 65.6 66.9 69.4 69.4 69.9 67.8 65 63.1 58.9 51 47.9 45.9 44.9 43.6 42.8 40 33.6 27.5 24 22.6 20.7 8.6 -3 8.5 8.6 4 4 4.1 -3 -3 -3 -3 -3 -3 -3
57.9 58.4 55 53.8 57.6 57.3 53.7 50.4 47.7 47 46.5 44.6 42.2 36.3 28.8 26.1 23.1 20.2 22.5 25.1 26.7 26.3 26.7 33.6 40.9 42 42.9 45.7 46.5 49.2 52.7 55.4 58.6 62.2 65.4 67.4 68.3 67.1 66.3 66.8 69.9 71.8 69.4 65.3 64 62.9 59.4 57.9 58.6 54 52.9 53.3 53.8 57.6 55.7 58.4 60.3 61.8 63.1 65.6 68.8 72.9 76.3 78.5 79.7 79.4 76.8 73.4 68.7 62.5 53.5 49.3 47.9 46.1 44.9 44.2 39.3 31 24.6 22.4 21 16.6 6.4 -3 5.5 3.2 2.8 3.3 1.1 -3 -3 -3 -3 -3 -3 -3
57.4 55.3 51.5 52.9 57.7 55.5 50.7 47.7 45.9 45.1 44.3 41.7 38.3 32.6 27.9 25.3 21.8 21.2 23.6 25.1 26.3 26.4 27.5 34.2 40.5 40.2 40.1 42.2 44.4 47.3 51.3 56.5 60.4 64.2 66.8 69.4 70.7 70.3 68.1 70.2 74.5 67.8 65.8 63.5 66.2 60.9 55.3 56 56.5 52.5 53 53.3 57.1 55.5 57.9 61.1 64.3 66.5 68.3 72.5 80.1 86.3 90.5 91.1 90.8 90.9 87.2 82.3 73.8 63.9 55.4 52.2 49.2 47.9 46.6 42.9 37.4 29.2 25.2 21.9 18.3 9.4 4.8 -3 1.1 1.3 0.3 -0.1 -3 -3 -3 -3 -3 -3 -3 -3
55.7 53.2 50 53.8 58.1 56.8 51.6 46.7 44.8 43.3 41.8 39.4 36.1 30.9 27.1 24.7 21.6 19.1 22.6 25.2 26.3 26 28.7 36.6 40.4 38.5 38.2 40.1 43.3 47 52 57.9 62.1 63.8 65.6 67.8 70.7 69.1 67.9 67.4 65.3 62.1 64.6 65.1 60.6 55.5 52.6 55.9 53.6 52.8 53.6 56.7 56.1 59.2 61.9 65 69.1 72.3 76.1 85.3 96.1 100.1 97.8 95.8 97.5 99.1 95 84.3 74.3 64.7 58.3 54 50 49.1 47.5 40.6 33.8 29.4 25.5 21.6 16 10.1 4.6 -3 -3 -0.9 -1.5 -3 -3 -3 -3 -3 -3 -3 -3 -3
54 50.9 49.6 53.8 57.9 57.5 52.8 48 45.2 42.4 39.7 37.5 34.3 29.3 25.2 22.5 20.2 18.8 22 24.8 25.7 25.6 29.7 36.9 39 36.8 37.3 38.3 41.1 45.6 50.9 57.2 59.5 60.7 62.1 63.8 66 65.5 64 62.4 60 67.5 63 60.4 55 51.4 51.2 53.3 54.8 55.8 57.3 58.9 61.1 63.8 67 72.4 77.9 82.9 90 96.8 104.6 102.2 100 101.5 102 99.7 91.9 82 74.6 67.9 59.4 54.4 51 49.1 47.4 39.8 32.1 28.1 24.4 16.4 12.2 9.3 4 0.4 -3 -3 -3 -3 -3 -3 -3 -3 -3 -3 -3 -3
51.2 49.8 48.8 53.5 56.8 57.1 52.6 47.6 44.5 41.8 39.1 36.3 32.6 27.6 23.7 20.7 18.6 19.6 24.5 25.7 25.3 25.2 30.1 37.4 38.3 35.9 36.6 37.5 38.9 43.6 48.3 52.8 55.5 56.7 57.9 59.6 60.4 60.3 58.5 57.2 57.5 60.6 57.7 53.2 48.7 45.3 49.9 55.1 60.2 61.8 64.5 66.8 67.6 71 74.5 82.9 91 97.3 101.6 100.4 102.2 99.9 101.5 101.1 97.1 91.5 85.2 80.6 73.5 66.6 60.5 54.4 52.8 49.7 44.1 37.6 31.9 28.4 24.4 21.7 17.3 8.8 3.2 -0.1 -3 -3 -3 -3 -3 -3 -3 -3 -3 -3 -3 -3
48.6 47.5 47.6 53.2 55.7 55.1 51.1 46.9 43.8 41 38.1 35.3 31.2 26 22.4 19 17 22.3 24.7 25.6 25.1 25 31.4 37.6 37.7 34.4 36.1 36.4 37.1 40.4 43.8 48.4 51.5 52.7 53.7 55.5 56.1 55.7 54.2 51.6 54 54.4 50.6 46.2 42.3 46.9 54.2 59.6 66.4 67.4 70 72.2 75.2 79.4 87.5 101.1 103.9 101.4 99.7 98.9 102.6 99.7 98.5 91.7 86.3 82.4 78.8 76.6 71.3 66 58.8 55 53 48.2 41.5 35.3 29.9 27.8 27.3 23 12.4 6.6 2 -3 -3 -3 -3 -3 -3 -3 -3 -3 -3 -3 -3 -3
45.5 45.1 46.4 52.9 55.5 53.4 49.1 45.8 43.1 40.1 37.1 34 29.4 24.8 22.7 18.1 18.5 23 25.4 24.9 23.9 25.4 32.9 38.1 36.7 33.5 35.4 35.2 35.9 38.6 41.9 45.1 46.6 48 49.6 51.4 52.2 51.2 49.5 48.3 50.6 48.3 44 41.5 44.2 49.3 58.4 68.7 68.9 71.4 75.9 79.8 84.6 88.4 97 99.8 98.2 95 95 101.8 105.8 97.9 92.2 85.2 79.9 76.4 74.3 72 67.4 62.8 57.4 53.8 51 45.7 39.7 38.5 34.4 29.5 28 21.9 12.2 6.4 1.7 -3 -3 -3 -3 -3 -3 -3 -3 -3 -3 -3 -3 -3
43.8 44 45.9 52.5 55.3 53.5 49.8 46.4 43.6 39.6 36.3 32.3 27.4 23.4 22.7 15.5 20.7 23.5 25.6 24.3 23.3 25.6 33.2 37.8 34.5 32.7 34.5 34.2 34.6 36.9 39.9 42.1 43.4 44.6 46 47.2 48.3 46.2 44.3 45.2 45.2 41.1 39.6 45.6 50.7 56.6 66.1 67.5 71.5 76.2 83.5 91.3 94.8 97.2 97 94.8 90.3 92.4 97.6 101.9 100 90.5 85.1 82.1 81.2 78.7 74.4 70.6 64.9 61.2 56.9 54.7 53 48.1 43.7 38.8 34.4 29.8 27.6 22.8 18.7 10.5 2.4 -3 -3 -3 -3 -3 -3 -3 -3 -3 -3 -3 -3 -3
43.4 42.9 46.3 53.6 56.1 55.4 51.8 47.8 44.2 40.4 35.1 30.9 27.3 22.7 21.7 15.3 22.1 24.4 26.2 23.3 22.3 26 34.2 36.4 32.7 30.2 33.5 33.1 32.8 34.8 37.2 38.7 39.7 41 42.5 44 44 41.7 39.8 40.2 38.8 38.2 44.1 51.1 55.6 61.5 65 67.3 75.6 81.7 92.8 97.2 101.7 102.9 99 89.4 88.1 98.6 96.6 96.5 90.2 84.2 81.6 81.4 80.8 78.4 75.3 72.8 68.3 64.3 62.3 59.6 57 51.4 46.3 40.1 35.8 32.2 29.5 27 22.5 12.6 2.6 -3 -3 -3 -3 -3 -3 -3 -3 -3 -3 -3 -3 -3
41.8 42.8 47.2 53.3 56.9 56.8 54.6 50.5 45.7 39.7 34.1 29.4 24.7 22.2 17.7 15.8 22.5 24.4 26.4 23.9 15 18.1 23.5 36.2 31.7 30.9 31.7 30.9 31.3 32.6 35 35.4 35.9 37.6 39.2 40.9 40.6 38.4 36.7 36.8 38.6 41.2 47.4 52.5 56.3 60.1 63.2 78 80.6 92.4 99.2 99.1 100.9 94.4 90.1 86.8 92.8 96.4 91.6 87.8 82.9 79.9 80.3 79.7 79.3 77.6 77.1 74.4 69.8 68.2 66.5 64.1 61.1 55 48 42.5 38.3 34.7 33.4 28.5 24.4 6.8 0.6 -3 -3 -3 -3 -3 -3 -3 -3 -3 -3 -3 -3 -3
38.7 44 48.8 55.3 58.3 57.4 57.9 53.2 45.7 39 32.5 28 23.4 21.3 12.4 19.6 22.7 24.6 20.9 11.2 4.5 5 9.4 15.4 21.5 27.6 29.8 28.4 29 30.9 31.8 32.5 33.2 34.8 36.5 38.1 36.6 35.6 34.8 40.3 45.3 43 48.6 54.9 56.2 59 66.3 74.9 89.7 101.4 99.7 95.5 89.3 85.4 84.1 85 90.4 90 87.2 80.9 77.1 77.4 77.5 77.6 80 82.2 79.7 74.3 71.2 70.2 69.1 67.2 62.7 56.5 50.7 46.3 36.6 36.4 34.1 29.9 25.1 3.4 -0.6 -3 -3 -3 -3 -3 -3 -3 -3 -3 -3 -3 -3 -3
40 44.8 51.4 58.1 63.9 63.7 62.3 54.2 42.6 36.6 31.6 25.8 23.2 21.6 10.9 19.7 23.1 16.8 9.4 7.2 4 4 4.4 8.2 9.7 10.5 11.8 16.7 27.6 28.9 29.4 29.9 30.6 32 33.7 35.4 33.5 36.9 38 43 45.2 43.3 50 53 55.5 59.4 69 84.4 98.4 99.2 93 83.7 82.8 82.9 82 84.4 84.5 82.5 79.9 76 75.2 77.1 77.2 81 83.5 82.2 77.1 73 71.5 71.7 70 66.8 62 57.8 55.2 46.8 36.3 35.1 32.5 27.9 22.7 3.3 -3 -3 -3 -3 -3 -3 -3 -3 -3 -3 -3 -3 -3 -3
42.5 47.1 61.7 69.9 73.6 67.2 60.3 46.1 37.6 33.7 29.8 25.4 23.1 21.5 11.1 14.2 11.9 9.9 7.7 5 4 4 4 4 5.4 6.8 8.7 9.4 15.6 27 27.2 27.6 28.1 29.2 30.9 30.9 34.5 37.9 40.2 44.6 44.6 44.5 49.3 51.4 55.5 66.1 76.8 91.4 92.2 87.6 80.4 77.3 81 79.4 79.9 80.3 78.9 76.1 75.3 72.8 75.1 77 80.9 82 81.3 78.8 74.5 72.4 72.2 72 71.3 68.2 63.7 56.5 52.7 43.7 32.9 32.3 28.3 27.7 10.8 1.3 -3 -3 -3 -3 -3 -3 -3 -3 -3 -3 -3 -3 -3 -3
46.9 60.3 70.1 76.3 75.9 63 52 39.6 31.6 30.8 28.5 25.6 23.1 21.4 10.6 9.9 9.8 10.3 4 4 4 4 4 3 3.3 3.7 4.8 6.5 8.9 16 24.5 24.9 25.5 26 27.3 29.6 35.3 36.9 42.4 44.8 44.2 45.8 49.8 53.1 60 68.5 86.6 83.2 78.1 74.4 73.6 74 75.4 76 76.4 74.1 73.8 72.4 71 73.7 78 80 80.2 80.6 80.6 78.3 73.1 72.3 72.8 73.6 72.3 68.1 58.9 53.6 48 41.4 32.8 29.2 28.7 22.9 4 -3 -3 -3 -3 -3 -3 -3 -3 -3 -3 -3 -3 -3 -3 -3
41.4 49.5 65.7 72 42.3 37.9 42.9 33.5 27.6 29 28.6 25.8 23.5 22.2 10.4 8.6 9.1 7.9 4 4 4 4 2.4 1.4 1.6 2.1 2.7 3.6 4.6 6.7 9.5 13.8 22 20.7 25.4 30 33.9 36.8 44 45.3 45 48.7 55 60 58.9 74.7 74.1 70 69.3 70.5 70.5 70.3 71.9 74 72.3 70.1 67.5 67.6 71.5 76.7 77.2 76.7 79.3 80.8 80.6 74.6 75.1 71.2 72.9 75 69.6 60.8 53.1 49.3 44 33 29.7 25.3 14.2 4.9 -3 -3 -3 -3 -3 -3 -3 -3 -3 -3 -3 -3 -3 -3 -3 -3
8.8 7.8 19.8 36.1 9.2 9.1 9.7 17.1 25.5 29.3 29.7 26.3 24.4 23.7 15.3 6 6.6 7.2 4 4 3.8 2 0.1 -0.3 -0.1 0.4 1 1.6 2.5 3.3 4 5.1 9.4 21.5 24.4 29 33.2 39.6 45.7 49.4 56.4 53.6 58.1 55.5 57.4 67 65.7 63.8 65.1 66.1 65.5 66 68.3 70.2 65.8 66.3 65.8 67.4 71.1 73.5 75 76.4 79.3 77.7 75.4 75.3 74 70.2 73.1 69.6 63.2 52.3 47.1 42.3 36 27.8 29.2 14.2 3.6 -3 -3 -3 -3 -3 -3 -3 -3 -3 -3 -3 -3 -3 -3 -3 -3 -3
3.7 4 4.3 5.3 4 3.6 3.9 7.1 11.9 29.3 30.8 28.1 26.1 25.6 21 5.2 3.9 5.5 5.5 3.3 1.6 -0.2 -3 -2 -1.7 -1.4 -0.8 -0.3 0.7 1.5 2.6 3 4.5 6.9 11.5 29 34.1 44.3 47.1 58.2 54.4 52.9 52.5 54.9 60.7 60 58.6 58.6 60.9 60.4 60.1 62.7 64.3 62.8 60.7 61.7 63.5 65 68.4 71.6 73.2 74.7 74.4 72.5 75.4 73.1 66.8 70.9 68.1 61.9 52.2 44.3 42 35.1 26.8 33.7 23.5 3.2 -3 -3 -3 -3 -3 -3 -3 -3 -3 -3 -3 -3 -3 -3 -3 -3 -3 -3
0.4 2.1 3.9 4 2.8 1.7 2 3.4 6 21.7 31.5 29.2 28.3 31.1 13.4 4 4 3.5 2.4 1.8 0.3 -3 -3 -3 -3 -3 -3 -3 -1.2 -0.5 0.9 1.9 2.5 4 4 20.9 36.6 44.9 49.6 53.6 50.3 48.9 54.7 58.9 57.8 54.4 53.9 55.4 55.9 56.1 57.1 60.2 60.1 57.8 58.1 59.5 59.4 62.2 65.9 69.4 69.1 68.9 69.4 70.2 68.6 63.5 63.1 62.7 56.8 50 39.4 34.7 34 23.1 32.3 23.3 2.3 -3 -3 -3 -3 -3 -3 -3 -3 -3 -3 -3 -3 -3 -3 -3 -3 -3 -3 -3
-3 -0.6 1.3 1.4 0.8 -0.2 -0.1 1.3 3.1 15.4 30.1 33.7 37.9 29 5.6 1.1 0.1 3.9 0.2 -1.2 -3 -3 -3 -3 -3 -3 -3 -3 -3 -3 -1.1 -0.2 0.8 2.5 4 22.3 38.8 47.5 51.9 49.7 47.3 49.5 58 55.9 52.2 49.8 49.9 52.3 52.3 53 56.2 57.5 55.1 53.8 55.9 55.5 56 60.6 64.3 64 63.8 64.2 64.2 62.6 59.7 55.5 55.5 49.5 42.1 32.9 20.5 13.8 13.7 13.9 7.8 -3 -3 -3 -3 -3 -3 -3 -3 -3 -3 -3 -3 -3 -3 -3 -3 -3 -3 -3 -3 -3
-3 -3 -3 -3 -3 -3 -3 -0.7 2.7 4 3.3 1.7 4.1 -3 -3 -3 -3 -3 -1.1 -3 -3 -3 -3 -3 -3 -3 -3 -3 -3 -3 -3 -3 -0.7 0.8 2.6 20.9 37.2 44.8 48.2 46 44.6 54.1 54.6 52.3 47 46.4 46.9 49.5 49.4 51.8 56.1 53.2 51.6 51.4 53.7 52.1 55.2 57.8 58.7 58.2 57.5 57.2 56 53.8 49.8 46.7 37.8 28.9 16.9 7.3 3.7 2.9 2.4 -3 -3 -3 -3 -3 -3 -3 -3 -3 -3 -3 -3 -3 -3 -3 -3 -3 -3 -3 -3 -3 -3 -3
