app/static/ascii/NX75.asc
ncols 200
nrows 200
xllcorner 270000
yllcorner 550000
cellsize 50
[rows 70 to 104 of 200, columns 79 to 157 of 200]
129.6 116.3 109.6 106 104.6 102.7 104.8 102.5 97.6 94.6 92.8 94.5 96.7 97.4 98.9 98.9 96.1 94.5 94.1 94.4 95 95.3 97.2 97.3 97.6 98.5 99.5 100.8 104.1 108.7 115 116.3 120.8 122.6 126.4 132.5 137.2 140.7 141.9 143.5 144.3 143.3 144.9 144.2 144.3 146.9 147.5 149 151.9 155.7 158.4 160.5 161.9 164.8 165.2 166.8 167.8 168.8 168.6 170 172.7 173.2 176.4 177.4 180.2 182.9 190 192.4 199 198.6 193.4 192.9 190.7 181.3 172.8 160.5 148.7 138.1 131.3
132.8 121.9 113.2 109.4 108.9 107.4 107.4 104.3 98.9 93.4 92.8 93.9 96.7 98.6 100 98.8 96.5 95.5 94.9 95.6 98.4 95.5 97 98.2 99 99.6 100.7 103.7 107.2 112 118.6 120.3 119 124.5 130.5 136.4 141.1 144.8 148.1 148.8 149.2 148.7 148.6 149.9 150.8 151 151.2 154.5 158.3 161.5 163.1 165 167.9 171 170.9 172.7 172.9 175.7 177.6 176.5 178.4 179.4 181.3 184.2 185 189.6 194.1 196 205.5 202.8 197.2 196.9 201.7 196.1 179.7 173.2 167.1 160.7 153.7
135.7 127.1 117.1 114.5 115.1 113.8 112.2 105.8 100.4 96 94.6 94.5 97.7 98.1 100.1 100.3 97.6 96.2 95.8 96.4 97.3 96 98.3 99.6 100.2 100.8 101.8 104.9 109.6 114.4 121.3 123 121.2 126.5 132.5 137.8 143.1 148.3 151.5 152 152.7 152.8 152.8 154.6 155.7 155.7 155.2 160.2 164.2 167.3 170.3 172.4 174.7 175.5 174.9 177.5 179.1 182.2 182.2 183.3 183.5 183.9 183.8 188.3 190.2 192.8 196.8 198.6 205.3 204.5 199.7 198.7 195 196.4 184.4 177.3 174.7 173.7 171.7
141.7 133.7 125.4 120.2 120 119.4 114.6 107.5 103.3 98.4 95.4 95.5 96.8 99.3 99.7 99.1 97.4 95.4 98.8 98.2 98.3 96 99.4 100.7 101.1 102 103.3 106.3 110.5 115.3 121 120.9 123 129.4 135.2 140.4 145.4 150.7 153.8 154.9 155.7 154.8 155 157.6 160 159.7 160.3 164.6 168.8 172.2 175.6 177 177.8 182.1 182.1 183 184.4 186.9 186.4 189.4 188.9 187.4 186.3 189.1 193.3 196.8 198.7 205.3 206.2 205.8 199.6 193 196.2 189.4 185.6 181.1 178.8 176.9 175.3
150.6 140.6 131.7 128.3 126.8 124.3 116.8 110.1 105.7 101.6 96.2 96.9 98.3 98.9 99.6 99 97.4 96.9 99 102.7 98.1 97.9 101.5 101.3 102 103.6 103.3 107.8 111.6 117.1 120.6 120 125.3 132.2 137.6 142.9 147.8 153.7 156.2 156.7 156.6 156.7 157.6 160 162.4 163.3 165.8 169.6 173.2 175.9 178.6 181 182.2 183.7 185 186.1 188.4 189.8 189.3 194.3 192.3 191.4 189.3 192.5 194.6 200.3 201.7 209.3 210.9 209 202.9 191.6 189.5 190 185.3 182 180.7 177.3 176.1
158.9 150.7 139.7 133.7 131.8 125.6 116.4 110.9 107.5 103.5 98.7 97.7 98.5 99.1 99.1 98.7 97 99 101.7 99.8 97.8 98.8 100.4 101.4 102.1 105.4 106.3 106.3 112.5 116.2 120.4 121 127.9 134.5 139.4 144.2 149.7 154 156 157.5 158.1 157.8 159.5 162.1 165.3 168.2 170.9 175.5 177.7 179.5 181.1 181.6 183.4 186.5 188.4 189.6 192.1 195.8 193.1 199.8 199.3 196 194.6 196.9 199.5 201.6 204.7 209.8 208.1 207.8 206.4 195 190.7 184.8 182.3 181.1 179 178.1 176.8
165.4 151.9 145.1 136.5 132.6 125.8 117.8 110.9 107.7 103.7 99.9 98.7 99.1 99.7 98.8 98.3 98 100.9 106.9 99.5 99.4 100.1 101.4 101.3 104.1 106.2 110.9 111.9 111.1 117 118.5 122.1 129.7 135.4 140.4 144.3 148.3 151.4 153.8 156.2 158 158.5 160.4 163.4 167.7 171.9 174.9 179.3 181.7 182.9 183.1 184.7 186.8 190.1 193.7 194.1 194.9 197.7 198 204.3 206.6 205.8 207.2 203 204.4 206.3 207 209.3 205.8 203.2 199.7 194.7 188.9 186.3 180.7 180.4 178.7 176.6 175.6
160 150.3 141.9 135.8 129.5 126.3 121.3 106.9 104.7 103.9 101.1 100.6 100.3 98.9 99.5 100.8 100 103.3 104.6 102.7 100.1 101.2 102.1 103.3 104.4 107.6 112.2 113.7 114.9 118.4 117.4 125 133.4 136.1 140.1 144.2 146.9 149.7 153 155.2 157 159 161.6 164.9 169.8 174 177.8 181.9 184.5 185.8 186.5 188.8 193.1 196.9 198.8 198.6 199.8 201.2 202.8 210.9 213 214.6 214.2 209.4 205.1 208 211 207 203.4 201.6 196.2 191 186.4 184.2 181.9 180.3 178.3 176.4 176.1
152.3 144.8 136.8 132.3 129.4 122.9 118.7 113.7 107.8 104.4 107 104 99.7 99.1 99.7 103.4 101.3 103.1 102 102.7 100 101.2 102.8 103.6 104.7 109.8 111.8 114.8 117 118.5 117.8 125.1 133.1 136.4 139.2 144.8 148.2 150.7 152.7 154.7 155.7 158.3 162.7 166.8 171.3 175.4 178.3 182.5 186.1 187.9 189.8 193.1 195.4 198.1 202.4 204.7 204.6 206.9 207.5 208.4 217.1 220.4 224.1 217.2 211.3 207.6 210.6 208.5 202.9 201.8 200 195.3 189.6 187.2 183.2 181.7 178.1 178.9 177.7
145.5 138.6 131.9 129.9 130.8 125.2 118.9 113.2 107.7 104.4 102.9 101.3 99.3 100.1 99.8 104.1 100.9 102.7 103.4 102.9 100.9 101.4 102.9 104.9 109 111.2 111.8 115.5 119.2 118.9 121.4 126 131.2 135.2 137.7 145 147.2 149.9 151.2 152.3 155.2 158.8 163.7 168.1 172.6 176.4 180.6 185.1 189.2 192 194.2 197.8 200.6 204 208.3 211.8 211 212 212 209.9 215.9 225.5 230.4 225.6 214.6 204.1 204.1 204.1 204.1 202.2 200.7 197.3 190.2 188.7 188.7 182.8 181.4 182.5 180.1
139.4 134.3 129.5 128.6 131.5 131.5 120.9 113.5 108 104.9 104.4 101.1 100 100.5 99.8 102.8 102 104.6 105 102.1 101.5 101.7 102.5 105.7 109.7 110.1 112.7 115.3 117.8 119 125.9 131.5 133.4 134.6 138.9 141.7 144.2 148.7 149.8 150.7 152.3 159 164.7 169.2 173.7 178.6 184 188 192 195.8 199.8 203.4 207.3 210.3 215 221.2 215.3 215.3 218.7 217 215.1 226 232.7 227.3 216.3 208.8 204.9 204.1 204.1 203.2 202.3 199.4 191.9 190.1 193.5 189.2 189.2 189 188.6
135 129.3 130.1 125.9 126.8 126.8 122.5 110.7 107.1 104.3 104.2 102 102.1 100.3 100.1 101 102 104.8 103.5 101.1 102.4 102.1 102.8 105.2 110.6 113.4 115.2 118.7 115.8 122.7 133.3 140.9 137 137.2 139.7 142.7 144.2 146.4 148.5 149.4 152.7 158.2 164.8 170.2 176.4 182.3 187.4 190.7 195.1 199.7 206.9 210.5 215.2 218.9 222.5 225.4 223.3 221.7 220.4 222.2 222.6 229 235.4 232.2 223.1 213.2 208 204.7 204.1 207.3 205.6 202.6 195.5 193.6 199.1 193.9 198.4 194.6 197.7
130 126.2 126.2 122.4 123.5 123.6 118 111.9 106.9 104.1 104 102.5 103.4 101.7 101.2 100.8 101.4 103.6 103 101.6 101.7 102.2 103.7 107.6 112.8 116.1 119.1 118.1 120.4 127.2 134 141.2 140 138.4 139.3 142.8 145.8 147.7 149.4 153.7 154.8 160.6 162.7 173.4 179.5 185.4 189.8 194.1 198.2 205.5 213.2 220.5 225.4 225.1 228.9 232.2 235 237.2 231.3 230.2 234.1 237.1 230.7 230.6 226.7 219.7 211.7 207.5 206.8 208 208.3 206.5 199.6 198 203.2 202.9 201.8 201.8 203.4
125.3 121.7 122.9 121.2 120.9 120.9 114.8 110 105.8 103.8 103.9 106.7 105.3 103.2 102.9 101.9 103.8 103.2 101.7 101.6 101.7 102.2 104.6 108.8 115.5 118.5 122 116.8 125.4 129.9 135.2 141.1 142.3 138.8 142 142.9 146.4 150.8 150.9 153.1 159.8 164.5 166.9 174.7 178.9 187.1 192 196.9 201.7 208.3 218.6 226.8 236.1 242 235.5 238.4 240.5 240.6 239.9 241.5 245.7 248.3 239.7 233.4 230.2 223.3 216.1 211.7 210.2 208.8 209.1 210.3 206.1 203.3 204.7 207.4 209 208.3 207.3
123.4 121.7 120.8 120.7 120.2 119.2 113.7 110 106.6 105.5 107.1 108.9 106.9 105.1 104 102.4 103.6 104.7 102.8 101.7 101.9 103.3 108.2 112.7 118.7 121.8 121 122 127.1 133.4 136.8 141.7 144 140.2 143.2 144.9 147.6 153.5 153 160.5 162.4 165 171.8 181.1 186.8 188.3 192 200.4 204.6 216.3 225.3 236.7 249.8 258.9 249.5 243.6 244.9 244.3 249.1 256.4 256.8 259.8 250.1 239.3 233.5 226.2 221 217.2 214.1 212 210 211.3 211.5 211 211.2 216.7 218.5 219.9 221.2
126.4 122.7 121 121.5 121.2 117.7 114.8 110.5 106.5 109.5 110.8 109.5 105.9 104.6 104.6 103.2 102.8 104 103.8 102.9 102.2 105.1 110.9 116.7 121.8 122.4 119.8 125.7 129.1 133.5 139.3 141.9 141.9 144.6 147.4 149.2 148.5 153.8 158.3 166.2 172.3 171.6 179.5 184.4 190 200.1 197.6 195.8 204.3 216.9 228.8 248.5 261.3 265.6 259 249.1 248.3 251.4 259.4 270.9 271.9 264.7 260.4 248.8 238.5 230.1 223.4 220.4 218.4 216.8 214.9 212.8 215.1 218.4 219.8 226.9 232.4 234.6 235.5
130.1 124.1 121.2 121.8 122.5 121 116.5 111.4 110.8 116.2 116.6 111.7 107.8 105 106.8 105 102.2 104.4 103.2 102.9 102.7 108.2 115.6 120.8 124.6 120.2 125 126.8 131.3 135.1 140.1 141.5 143.7 144.9 149.9 150.1 153.7 156.2 161 167 174.5 176 184 188.4 194.8 200 202.7 201.9 200 215.8 234.6 251.2 265 268 262.6 255.2 252.8 259.2 269.9 279.4 281.5 272.7 266.3 255.1 246.4 236.4 228.8 223 222.3 222.3 223.5 222.2 224.3 230.5 231.1 232.9 243.8 247.9 249.8
134.4 127.7 124 128.5 126.3 124.1 119.9 115.5 121.5 127.6 126.2 114 107.6 105.8 105.1 104.9 103 103.2 102.5 101.8 103 111.4 119 127 122 121.1 129.8 129.9 132.2 136.9 138.1 142.5 143.4 145.3 149.5 156.8 156.1 159.5 161.5 170.2 175.3 181.5 186.9 192.8 199.2 205 207.1 210.2 212.7 208.5 231.1 252.1 265.3 267.3 262.3 258.3 254.7 264.3 278.1 285 289.5 283.6 273.8 264.3 258.2 249.4 239.3 231.1 225.8 229.1 230.8 231 233.6 238.2 240.1 242.7 254 261.9 265.8
136.7 130.2 128.7 129.9 129.4 128.5 122.6 120.2 124.6 134.2 130.6 117.9 108.1 106.2 105.2 104.7 104.1 102.7 102.3 102.5 104.6 110.9 120.1 125.4 123.9 130.8 135.7 133.2 134.8 135.8 142 142.8 146.5 147.1 148.4 155.2 158.2 160.4 163.7 171.6 177.9 184.8 195 199.7 207.5 217.8 214.3 216.3 216.3 213.9 221.1 243.8 257.1 261.2 261.1 260.4 258.6 266.1 280.6 287.7 296.6 296.1 279.2 274.9 270.6 265.5 255.3 242 234.1 234.6 239.7 238.4 241.9 247.9 254 258.1 261.2 270.7 282.9
137.7 131.5 128.7 130.9 130.6 133.2 129.3 126.2 132 141.8 130.3 116.2 109.9 107.4 107.5 104.1 102.8 102.4 102.4 104 105.3 113.6 121.1 125.2 125.6 132.9 136.8 137.9 136.5 138.3 141.1 144.8 145.4 148 147.7 154.3 159.5 161 164.5 173.7 177.1 193.1 200.1 206.7 217.3 226.4 229.3 225.7 222 219.8 217.6 232.1 248.7 255.6 259.3 263.2 262.1 269.4 281 291.1 306 308.7 295.5 291.5 285.1 277.1 271.6 262.2 247.8 241.9 244.6 245.7 248.3 256.1 264.6 271 274.8 278.8 296.7
139.1 138.8 138.1 132.4 130 130.6 128.8 127.8 137.3 145.4 128.2 114.7 108.6 108 107.8 105.9 103 102.7 102.7 104 106.6 114.5 118.2 128.2 126.4 130.5 136 136 139.5 139.8 143.2 144.6 145.9 147.9 146.9 156.5 160.2 161.5 164.1 175.2 186.5 196.7 197.8 207 219.6 231.6 237.3 239.4 237.1 231.4 221.5 228.9 237.1 247.9 255.8 261.4 267.9 271.8 277.5 291.6 308.6 315.8 307.6 296.7 298.7 289.2 280.9 274 266.4 261 254.3 253.7 252.9 259.2 269.1 276.9 283.1 286.4 299.5
146.1 143.7 143.7 135 129.1 128.7 126.5 126.5 134.3 137.3 125.9 114.1 109 108.5 107.9 105.8 104.2 103.8 103.1 105.3 107.2 112.5 120.4 127 128.7 130.9 136.6 135.2 139.6 142.2 143.6 144.5 145.1 145.4 148.6 155.4 161.8 163.1 168.6 177.1 190.3 201.8 210.7 213.5 219.8 230.6 237.8 241.1 243.5 239.2 235.7 230.5 233.3 241.8 251.8 262.4 268.4 270.5 273.6 293.3 306.4 321.3 319.1 313.5 310.7 299.8 290.8 283.1 280.5 279.8 278.5 272.3 265.8 264.1 270.7 281.2 291.1 298.8 307.9
145.5 145.4 141.4 134.3 129.6 127.6 126.5 126.6 127.4 130.3 124.2 115.4 109.1 109 107.5 107.1 104.7 107.3 104.4 104.1 107.3 116.4 124.1 128.3 131.8 134.3 139 141 139.2 144.1 143.7 145.8 145.3 145.5 150.8 156.9 162.6 165.5 172 183.2 196.6 208.8 211.4 219.7 225 233.8 239.8 241.2 243.5 245.4 244.2 243.8 240.2 237.9 244.3 253.8 263.3 266.2 270.2 289.5 305.4 319.1 323.4 323.9 310.4 312.1 305.1 296.2 295.3 293.9 294.3 291.1 286.3 283 278.5 284.8 294.9 309.2 318
148.8 147.1 143.6 132.4 129.1 127.6 126.8 126.9 127.4 130.1 124.4 114.5 111.9 109.8 108.1 107.1 106.2 107.4 105 105.1 112.6 119.8 123.9 131.5 133.5 136 139.4 141.6 142.1 141.2 143.4 145.3 146.7 148.6 151.2 158.6 164.2 168.1 177 188.8 201.1 213.8 226.4 229 230.4 237.1 243 248.9 254.4 252.2 251.1 249.2 245.9 242.9 245.3 245.5 250.3 258.9 267 280.1 292.9 305.9 317 324.4 305.9 315 307.5 312 313.7 314.9 311.1 307.2 301.7 301.2 295.6 287.3 289.5 300 321.3
148.4 147.9 141.1 134.8 131.5 127.4 126.6 127.1 127.1 124.9 119.2 114.4 111.8 108.5 107.7 107.3 105.7 107.8 109.3 108.3 109.6 119.9 122.6 128.6 133.2 138.4 142.5 144.8 145.2 147.2 145.7 145.7 149.6 151.5 153.9 160 166.1 173.8 183.9 199.3 211 215.3 236.9 244.1 240.5 242.7 251.6 261.5 263.5 265.5 261 259.9 253.1 251.6 248.4 251.2 252.2 256.5 259.2 267.4 277.9 280.9 292.7 307.3 302.9 298.4 306.2 308.9 318.5 322.8 324.1 320.8 314.9 312.4 307.4 301.1 297.9 297.2 304.6
147.6 145.1 144.7 140.4 135.8 129.8 126.5 127.8 129.1 126.5 121.3 114.7 110.5 108.3 107.5 108.9 110.5 108.9 109.4 110.4 111.2 117.8 124.6 126.9 131.9 141.9 143.1 146.3 147.4 147.6 148.8 148.4 153.1 156.2 157.5 165.6 168.9 178 190 201.3 216.8 235 243.1 255.5 261.6 252.9 262.5 270.3 274.4 279.4 278.9 276.6 269.3 266.3 263 261.6 263.7 270.6 274.1 269.9 268.6 274.5 279.2 284.4 287.4 285.1 291.7 298.4 307.6 315.2 323.4 327.3 323.5 319.8 315.8 311.8 305.4 298 300.4
144.5 144.1 144.1 143.4 141.9 135.7 129.9 127.7 128.6 127.5 120.4 113.7 111.8 109.4 109.8 108.6 112.2 112.5 112.9 112 114.4 119.5 122.5 127.5 133.4 142.4 150.2 155 151.7 151.8 150.7 153.3 158.1 159 159.6 165.7 174.5 179 190.9 207.8 225.3 244.8 253.3 263.2 266.1 261.1 274.3 279.8 283.5 284.9 288.2 292.3 289.9 279.9 279.5 271.4 276.9 281.8 289.7 290.9 282.4 279.3 292.2 291.7 284.2 284.8 290.5 292.6 297.8 306.7 317.9 322.4 317.1 318 312.4 304 300 297.3 294.8
140.4 140.2 142 145.2 144.4 141.7 135.3 129.8 131.5 130.1 122.5 116.5 113.9 112.6 115.5 113.4 113.2 114 113.9 115.3 117.5 122.7 122.8 130 135.5 138.8 150.5 155.6 158.2 157 159.5 163.5 164.8 163.7 163.9 170.5 175.4 179.9 193.2 212.6 232.3 250 260.8 267.6 274.7 264.6 264.9 283.2 284.5 287.6 295.9 299.2 302.6 297.7 287.8 287.9 287.1 295.2 298.3 307.4 303.1 288.7 293.8 304.3 302.8 293.8 300.6 309.1 315 317.2 321.3 321.3 323.6 319.7 312.5 308.6 306.6 306.8 296.8
136.7 136.2 135.7 137.1 137.7 141.6 139.9 130.2 134.2 133.1 125.3 117.1 113.6 115 114.2 118.1 117.4 113.7 115.5 118.4 119.2 125.8 124.7 130.6 139.1 140.5 150.8 158.3 162.2 163.5 168.4 171.6 172.9 173.8 170.7 173.4 178.6 184 194 220.2 232.5 250.1 267.5 269.2 277.8 268.6 264.5 272 280.4 282.9 294.6 298.9 304.4 307.2 302.9 294.3 298.7 307 312 314 318.4 313.1 300.4 297.6 311.7 312.7 306.8 314.1 320.7 319.8 328.7 329 336.2 330.8 325.2 324.3 321.5 318.7 305.4
135 133.8 134.3 135.4 135.2 135.2 134 131.5 132.9 139.6 131.5 123 118.1 116.4 116.2 118 117.3 114.4 114.9 117.3 120.6 123.9 126.8 138.7 144.4 144.3 151.8 162 167 172.5 176.4 178.1 178.5 179.6 176.6 176.5 180.8 185 198.7 223 235.5 248 264.3 269.6 271.9 266.5 259.9 270.6 272.5 279.7 286.8 296 301.4 303.5 310.5 316.1 310.4 312.1 320.2 324 320.8 320.6 316.8 305.5 301.9 308.1 317.2 315.9 316.5 315.2 319.1 327.9 338.6 337.9 334.5 330.1 330.7 321.7 316.8
132.2 131.8 133 133.2 133.9 133.9 132.8 130.6 131.1 137.2 133.8 128.9 123.7 120.6 116.9 120.8 121.2 116.6 116.2 118.2 122 128 132 135 144.9 154.8 158.6 161.4 174.9 182.4 186.9 191.6 190 186.6 180.4 179.1 181.6 185.1 200.4 214.4 227.7 247.5 258.6 261.2 263.1 263.9 252 267.7 270.2 270.2 281.4 285.9 297.8 303.4 309.1 318 329.8 326 317.9 330.4 327 325.4 323.6 317.4 310.9 306.9 301.5 318.1 315 315.6 297 310.7 320.8 338.2 336.4 331.4 327.9 321.7 318.1
130.8 130.9 133 132.5 132.7 133.1 132.2 130 130.2 134.6 131.6 132.3 127 123.9 119.5 121 122.7 121.8 121.2 121.8 121.4 128.8 135.8 135.5 145.3 148.8 163.2 169.6 175.5 186.8 193 196.9 193.5 196.6 188.3 182.2 183.2 187.5 198.4 211.6 228.3 236.6 251.5 256.4 258.7 262.1 242.4 253.4 264.6 262.6 265.8 277.8 284.3 296.2 303.1 313.4 325.1 333.1 329.9 323.3 333.9 329.4 329.5 326.7 320.7 307.6 307.9 294.5 304.1 293.8 291.1 286.7 296.5 320.7 327.2 329.1 324.1 321.1 316.4
129.2 129.5 131.6 132.1 131.6 132.2 131.7 130.4 130.5 132.2 131.2 129.8 128.4 125.1 126 122.2 123.4 122.9 121.6 122.3 122.9 130.6 133 135.9 146.6 154.6 163.7 175.5 179.2 188.2 196.8 203.3 203.4 201.3 197.8 189 185.4 187.9 196.6 207.5 221.1 232.3 241.3 244.7 246.9 249.7 231.2 243.1 255.8 253.9 255.8 261.2 275 286.3 298.2 312.1 320.7 326.3 332.3 326.4 325.4 327.8 332.8 331.1 328.3 323.4 306.9 298.2 287.6 278.9 274.1 285.1 294.9 308.7 312.3 319.4 318.5 309.1 309.3
130.5 131.9 131.8 131.9 131.6 131.7 131.2 130.8 130.3 131.3 132.3 130.1 128.6 126.8 125.3 125.9 124.2 122.4 123.6 127.3 126.4 130.8 135.7 140 150.4 160.3 167.7 178 185.8 193.8 203.6 209.1 210 206.5 200.5 195.5 189.7 188.6 195.2 206.3 216.3 227.7 232.8 234.4 235.6 233.7 218 224.3 238.7 237.8 243.3 258.5 267.2 277.7 289.1 303.9 317.5 323.1 325.7 331.4 331.5 338.3 340.1 343.8 340.7 335.3 326.8 307.7 301.3 289.3 271.2 266 274.7 287.1 298.1 302.5 305.2 302.9 303.3
132.5 133 134.1 132.6 132.3 131.7 131.2 130.3 130.6 131.1 133.5 130.9 128.5 127.6 125.9 125.6 124.6 124.8 130.4 130.4 129.2 133.6 139.4 143.5 148.5 163.1 175.6 185.5 191.8 203.1 209.2 211.9 213.3 204.5 201.9 200.9 192.9 188.4 194.1 201.7 213.4 226 230 228.5 220.5 217.7 209.6 209.8 220.6 231.4 238.2 251.3 263.8 272.3 283.7 294.1 305.7 318.3 327.7 338.6 344.2 347.1 353.4 354.1 351.8 341.5 328.8 318.7 302 293.4 287.7 272.2 250.4 250.5 257.1 265 277.3 287 284.2
