app/static/ascii/NX77.asc
ncols 200
nrows 200
xllcorner 270000
yllcorner 570000
cellsize 50
[rows 35 to 69 of 200, columns 78 to 155 of 200]
145.2 145.1 145.3 145.9 146.8 148.1 148.2 148.5 150.9 151.9 155.1 159.1 163.9 164.7 166.3 169.6 170.3 171 171.1 170.9 170.5 171.1 173.1 177 180.4 178.9 175.9 173.5 168.2 161.5 155.1 150.4 146.1 141.4 138.1 136.9 135.8 134.9 134.6 135.2 135.9 140.5 135.1 139.9 146.8 152.6 158.6 164 168.5 171.7 172.7 174 174.7 174.6 174.7 173 171 169.5 167.5 166.9 165.5 165.6 163.3 160.8 158 155 153.1 152.3 151.5 149.1 149.9 153 160.5 165.5 169.5 173 177.3 185.5
144.3 144.5 144.1 144.2 144.6 145.9 146 143.9 144.1 149.5 152.6 155.2 160.9 163.4 166.7 168.8 169.1 170.5 170.4 169.7 169.3 170.2 170.1 173 177.6 180.2 177.9 171.9 164 155.8 150.8 146 142.8 140.3 137.6 136.7 135 134.5 135.1 135.9 134.6 134 135.3 142.5 149.1 155.2 161.3 165.8 172 175.9 176.4 177.4 177.6 176.4 175.4 173.4 171.4 169.7 167 166.7 165.7 163.6 160.5 159.3 156.9 154.1 152.5 151.6 150.7 148.7 148.9 152.5 161.1 165.4 169.4 174 176.7 181.2
143.3 143.6 143.5 142.6 142.6 143.7 143.6 140.8 140.1 145.4 150.5 154.9 157.2 160.1 164 165.7 166.4 167.7 168.7 168.4 168.4 168.5 168.7 169 169.4 173.3 174.7 170.4 163 153.8 149.7 147.1 143.3 140 137 135.9 133.8 136.1 134.5 135.5 133.1 142 148.6 149.9 153 158.9 162.2 167 172.6 178.1 179.5 180.5 180 179.6 177.4 175.1 173.3 170.9 167.5 165 164.2 162.2 158.3 156.2 154.9 154.4 154.4 152.7 150 148.5 148 149.2 156.3 164.1 170.2 173.9 176.9 181.7
142.3 142.2 141.9 141 140.1 140.3 140.8 139.4 140.8 144 149.5 153.8 154.5 158.9 160.9 162.5 164.3 164.4 167.5 169.2 171.8 174 174.9 172.5 167.7 166.4 167 165.9 161.4 154.6 151.2 146.9 144.1 140.4 136.2 135 133.1 132.5 134.5 132.6 137 147.4 156.5 160.1 159.2 161.6 166 169.6 172.4 175.9 178 179.3 180.7 180.9 180.6 178.2 175.3 172.2 167.8 166.2 162.9 159.3 156.4 153.6 153 156.9 160.5 160 154.1 147.4 147.8 148.5 150.2 158.4 168.1 171.1 175.8 179.7
141 140.4 140.1 139.4 138.9 138.5 139.1 140.6 140.3 143.1 148.1 151.6 152.5 153.4 156.2 159.5 164.2 166.4 170 172.5 174.8 176.9 180.8 179.1 174.9 167.9 165.6 163.6 160.9 156.5 151.2 145.9 142.7 139 136.8 134.9 132.4 132 133 132 136.8 145.2 154.7 162.7 162.8 163.7 167.7 172.2 174.2 175.8 176.1 177 178.4 179.4 179.8 179.9 178.4 176.8 170.8 168.8 167.2 164.2 159 153.9 151 154.1 160.2 161.1 152.4 146.5 147 147.8 148.6 151.4 155.7 161.5 170.8 175
140.5 139.1 138.8 138.5 138.1 138.4 139.4 140.9 140.8 141.8 144.7 147.1 148.9 150.3 155.1 160 164.6 169.1 172.5 173.9 174.5 175.3 177.5 177.7 176 171.8 166.2 163.3 160.2 156.6 151.3 146.1 141.5 139.3 137.5 133.9 131.7 131.7 131.8 131.2 137.4 143.4 148.7 156.3 161.3 164.4 167.6 171.6 173.9 175.3 175.6 175.8 175.8 176 177.9 178.3 179.9 177 172 168 164.5 160.5 157.1 153.6 150.2 148.9 154.3 157.1 152.1 146.6 146.8 147.5 148.4 150.6 154.9 161 167.2 172.1
141.4 139.1 138.4 138.2 138.8 138.8 137.5 139 140.3 140 139.4 139.9 144.1 149.1 155.7 159.6 164.7 168.7 171.7 173 173.6 172.7 173 173.7 175 172.4 168 164 159.9 156.7 151.6 148.8 144.2 138.9 136.4 134.1 131.6 130.5 130 129.5 144.3 151.5 154.7 151.8 154.8 161.3 165.3 168.5 171.3 173.7 174.3 174.2 173.9 174.5 177.1 179 179.6 175.4 170.8 165.2 160.2 157.7 154.6 151.4 148.1 146.6 147.4 150.5 150.6 145.9 152.4 152.4 148.4 151.2 156.8 162.4 168 172.3
141 139 138.1 138.5 139.2 138.9 137.9 136.8 139.1 139.4 138.8 139.7 141.7 150.2 154.4 158.1 162.9 166.5 170.2 172 173 172.1 171.3 170.4 170.6 170.7 166.8 163.9 161.3 157.4 152.3 148.7 144.2 138.2 135.9 134.1 132.4 129.9 129.8 132.5 142 148.8 157.7 159 155.3 157.1 161.6 164.6 169 170.4 171.5 171.6 172.2 174.8 178.3 180.7 179.9 176.1 171.1 165.3 162.3 162.7 158.9 152.8 147.1 145.3 144.5 144.2 145.5 144.7 149.6 153.2 149.7 151.5 157.2 162.7 166.2 169.3
139.5 138.8 138.9 138.7 139.1 138.8 137.3 136.7 136.4 138.3 138.7 139.3 141.6 149.1 154.7 157.7 160.7 162.7 165.9 168.8 169.1 170.1 169.9 169.1 168.5 168.5 166.7 163 161.1 158.7 153.3 148.4 144.7 138.6 137.2 133.8 132.4 129.8 129.5 132.6 136.9 143.6 151 156.8 158.2 155.4 155.9 160.5 164.3 166.2 167.9 169.1 170.1 170.2 173.2 175 170.7 172.9 172.8 172.4 172.2 166.7 157.8 152.2 147.5 145 143.9 143.3 143.3 144.3 145.3 147.3 150.3 154.2 157.4 160.7 163.3 165.8
143.5 143.7 141.5 140 139.2 139.2 138.2 137.8 136.4 137.1 138.1 139.1 142.8 144 147.7 152.9 156.6 159.6 162.5 164.4 165.9 167 166.3 166.4 166.3 166.5 165.8 163.1 160.2 157.3 153.3 148.6 142.5 138.3 136 133.8 129.9 131.6 142 143.9 140.1 138.7 141.6 146.8 148.9 149 150.9 156.9 159 161.7 164.2 165.7 166.1 166.2 165.4 165.9 170 173 173.9 172.1 170.1 164.1 158.2 149.9 148.3 145.5 143 142.9 143.3 143.9 145.8 149.3 155.2 156.8 159 160.4 162.2 164.1
149.9 150.1 145.9 140.6 138.9 138.7 139.1 138.5 137.1 136.4 136.8 137.6 141.5 141.4 143.3 147.5 149.7 154.3 157.9 159.3 161.3 163.2 164 164 164.2 165.1 164.8 162.4 159.3 155.3 150.6 146.8 142.6 139.2 136.9 134.9 128.7 137.5 143.4 146.1 145.7 143.8 140 135.9 138.6 141.9 146.1 151.5 156.6 157 159.3 161.5 161.6 161.6 160.7 159.9 165.1 167.2 167.6 166.8 163 155.3 152.6 149.2 147.4 148.3 146.2 142.3 143.1 143.6 147.8 155.9 157 158.1 159.7 161.3 161.2 163.1
145.4 148.8 147.9 142.7 139.4 138.6 138.7 138.8 138.5 137.3 136.5 136.9 137.4 138.6 141.1 142.7 146.5 150.9 152.9 154.1 155.9 159.2 161.3 162.4 163 163.5 163.7 162 158.8 153.8 148.4 144.8 145.6 144.4 140.1 135.8 127.4 131 137.8 140.9 141.8 140.1 136.9 131.1 135.7 141.5 146.5 150 152.2 153.4 155.1 155.5 156.6 156.7 156.7 156.2 157.6 159.8 161.4 159.3 154.9 151.6 148.8 146.1 144.3 143.1 142 142.6 143.4 145.4 153 155.4 157 158.8 160.1 161.5 161.4 162.9
143.5 143.1 143.1 140.3 138.9 138.5 138.8 138.7 138.3 137.7 137.9 136.2 136.4 136.5 138.1 138.4 140.8 146.2 148.4 149.6 150.2 153.9 156.9 159.4 160.5 161 161.9 161.6 159.7 153.3 147.1 143.8 145.8 150.6 150 141.2 134.4 129 126.8 130.3 132.8 132 127.9 127.5 133.9 140.1 144.2 146.2 150 151 151.9 151.9 152.4 153.1 153.2 152.4 154.6 158.7 158.6 157.8 152.7 148.9 146 144.3 142.7 142.2 142.2 142.9 144.3 146.7 151.7 153.8 156.7 158.4 158.8 160.1 160.5 163
144.1 142.4 140.4 140.2 140.6 139.1 139.3 139.4 139.4 139.1 138.6 136.2 135.1 134.3 135.9 135.4 136.1 139.6 141.6 143.8 145.7 148.1 151.8 154.8 156.7 158.5 159.3 161.1 161.3 154.8 146.3 141.9 144.1 148.2 152.6 148.5 138.7 134.8 133.1 126.3 126.1 126.9 126.6 128.8 133.2 137.4 139.3 142.4 144.9 147 148.3 147.9 148.3 148.4 148.7 149.3 149.4 151.1 154.3 156.7 154.5 148.9 145.7 143.8 142.5 141.6 141.5 142.4 144.2 145.8 149.3 150.9 152.4 155 157.9 159.5 159.4 162.5
150.7 147.7 140.9 140.1 142.6 143.9 141.7 142.1 142.4 141.1 139.3 137.5 135.7 136.6 134.4 133.1 133.3 136.1 137.9 140.5 142.1 143.2 144.1 149.2 152.6 154.9 156 157 157.4 154.4 144.7 138.6 142.1 144.1 146.5 149.1 146.2 139.7 134.5 132.8 127.6 125.3 125.8 130.4 131.1 137.1 146.7 150 147.8 145.5 145.6 145.4 145.2 145.9 146.8 147.6 148 148.4 150.3 156.1 156.1 152.1 147.6 145.1 143.8 144.1 140.7 141.2 143.4 144.5 146.6 148.2 149.7 152.5 155.2 157.7 158.3 162.3
148 149.5 147.6 140.6 140.9 142 142.5 143.3 144 141.7 139.1 137.6 136.9 136.3 135.8 133.5 132.1 134.4 135.9 136.3 136.4 138.5 143.3 150.1 152.9 154 152.9 151.8 150.8 147.7 141.9 136 138.8 142 142.7 142.7 143.3 140.7 134.3 131.8 129 125.8 124.7 125.9 128.3 135.9 141.7 149.7 157.3 155.5 149.5 145 143.5 144.3 146.2 146.1 146.6 147 148.9 157.3 164.3 164.3 158.4 151.2 147.4 145.7 144.5 142.5 141.7 143.7 144.4 147 148.4 152.1 153.8 154.3 157.6 161.2
144.7 144.1 143.7 141.8 140.9 142 142.8 144.1 145 142.7 139.9 137.9 137 136.3 135.9 134.3 132.8 130.8 133.5 133.3 134.2 137.7 148.6 155.6 157.9 156.9 152.7 148.2 145.9 142.8 139.2 136 135.1 139.1 141.5 141 139.2 135.1 129.7 128.4 128.2 125.5 124.9 124.7 127.2 134.3 138.1 142.3 151.3 157 156 150.8 144.8 143.3 144.7 145.1 145.3 146.1 147.5 155.3 161.6 162.2 160.3 156.2 149.9 145.4 141.6 140.2 141 142.5 143 148.1 149.7 151.3 152.1 153.6 157.5 157.7
144.5 144.3 144.1 144.2 145.8 143.9 144.3 144.8 144.7 142.4 139.8 138 137.1 136.3 135.2 133.9 132.7 130.6 131 131.4 132.9 140.5 149.9 161.3 162.5 159.6 155.7 150.4 147.1 145.7 143.2 136.3 133.3 133.1 135.3 137.2 136.3 131.2 126.6 125.7 126.9 125 124.7 123.9 123 125.5 134.1 137.7 142 148.1 152.4 148.9 144.7 142 141.3 142.1 144.1 145.8 152.8 160.5 161.6 158.6 153.9 149.9 145.8 142.2 139.3 139.3 140.2 141.3 142.4 144.6 147.2 149.6 150.3 152.4 156.1 155.8
152.5 153 153.3 152.8 154.6 154 152.5 150.3 145.3 142.1 140 138.2 137.2 136.3 135 133.6 132.7 132 130.6 130.5 131.4 139.9 148.3 158.4 164.4 162 157.4 152.4 149.6 149.9 150 146.6 142.5 136.2 133.1 130.6 129.9 127.8 125.6 125 124.5 124.6 125.1 123.8 122.6 121.5 127.6 132 136.2 139.6 144.3 145.6 143 140 139.7 138.1 140.1 146.6 153.6 164.5 166.4 161.3 153 144.8 140.6 138.6 138.9 138.8 139.8 140.6 141.7 144.3 146.1 147 147.7 149.4 151.9 151.7
163.1 163 161.3 160.9 161.7 160.9 158.5 156.1 150.7 145.7 140.6 138.9 138.3 137 135.3 135.8 134.9 133.3 131.9 130.6 129.9 135.7 143.5 151.7 161.6 162.9 158.7 153.1 149.5 150 150.1 148.2 145.7 141.3 134.8 133.8 132.3 130.1 126 124.3 123.8 124.5 125.5 126.5 122.7 122.1 122.8 127.4 129.9 131.3 132.1 138.6 141 137.8 135.8 135.8 137.7 144.6 152.1 164.2 167.2 163.9 157.7 149.7 145.7 141.2 138.4 138.4 139.2 140 141.7 143.5 144.6 143.6 145.7 149.6 152.4 152.2
170.5 171 170.4 168.5 167.8 165.9 164.8 162.7 157 151.7 146.7 142.3 139.1 137.5 136.2 136.2 135.2 132.5 131.1 129.9 129.5 130.9 138.1 145 151.9 160.1 159.3 153.5 148.8 149.9 149.7 147.1 143.3 134.6 130.5 131 134.3 134.1 129.5 126.4 123.4 123.5 124.5 128.7 127 122 119.7 126.2 129.6 129.4 129.8 131.3 134.2 135.9 134.8 134.9 137.9 144 151.2 162.7 166.5 162.3 156.6 150.5 146.5 145.1 141.3 138.1 138.9 139.6 140.8 142.4 142.6 144.4 148.4 152.7 153.7 155.1
177.5 177.9 177.1 176.1 173.1 171.8 168.1 165.2 162.1 158 153.4 148.9 144.3 140.6 138.4 136.1 135 132.7 130.4 129.7 130.9 129.5 134.8 138.6 143.7 153.1 156.9 153.5 147 150.2 152.8 148.8 141 131.1 128.3 130.2 138.1 138.4 133.5 128.9 125.1 122.5 123.2 125 125.8 127.4 124.2 121.9 126.9 126.8 128.3 130.2 131 131.8 134.2 135.6 137.5 144.3 152.6 163.3 164.2 159.1 154.5 148.1 144.4 143.2 140.3 138 137.1 138.3 139.7 141.4 142.3 146.6 150 151.8 153.8 155.4
182.8 183.7 183.1 181.8 179.4 176.3 173.5 170.2 165.9 161.4 157.4 154.8 152.4 148.5 145.5 142.9 139.1 132.9 130.1 128.5 128.9 128.5 129.8 134.5 138.4 144.3 153.2 151.4 146.2 146.1 148.2 148.4 143.7 131.7 127 127 134.4 138.8 137.8 136.4 128.6 122.5 122.9 123.6 123.6 123.4 128.8 124.9 118.1 122.7 125.7 127.9 130.1 133.2 136.9 138.2 140.7 147 156.4 163.6 161.6 155.7 151.3 147.3 142.5 141.6 139.1 138.2 136.8 137.3 139.7 139.5 138.8 142.5 147.1 149.5 150.6 149.5
188.8 189.9 188.9 186.8 184.7 184 180.3 175.8 171.5 166.9 161.1 158.2 156.6 153.7 150.4 148.4 145.1 137.1 130.6 128.9 128.9 127.5 127.6 130.4 134.9 138.7 148 150.5 147.2 143.5 141.9 141.7 137.3 130.9 125.3 125.2 129 131 131.3 136.5 134.1 125.6 121.2 122 121.7 120.6 121.8 118.8 121.7 124.8 127 132.9 138.3 142.1 142.4 142.6 143.2 149.5 156.9 161 157.4 152.1 147.9 145.4 142.6 139.8 136.9 136.7 134.9 136.6 138.7 138.5 139.4 140.9 145.3 147.5 148.2 148.8
195.2 195.8 194.9 192.7 190.5 187.3 185.8 182.5 178.1 173.2 166.8 160.7 157.9 156 152.9 149.1 145.4 139.5 132.4 130.6 136.3 130.5 127.6 126.5 128.1 132.5 138.8 145.9 148.9 144.7 138.7 135.3 130 126.5 124.2 123.2 123.2 123.8 125.8 132.9 132.4 127.8 121.4 121 123.4 122.1 116.8 119.6 124.1 126.4 128.5 131.6 141.1 145.8 148 148.4 147.9 150.6 153.1 155.1 152 147.7 147.7 146.5 143.5 137.6 135.2 135.1 136.4 138.1 138.6 138.7 139.1 140.3 143.3 148.5 151.7 159.7
201.9 200.7 198.3 195.9 194.3 191.6 188.2 185.4 182.3 178.2 172.2 165.9 159.9 155.9 153.3 149.2 143.8 137.8 133.4 131.4 132.8 136.9 133.2 127.6 127.4 127.7 132.4 138.3 147.9 146.9 141.4 137.8 129.5 123.1 123 122 122.3 122.2 123 125.4 126.6 126.9 121.2 119.9 119.6 119.4 117.5 120.5 124 127 129.5 133.2 135.5 143.2 148.2 147.9 147.3 147.7 146.2 147.1 147 148.4 150.8 148 142.2 135.6 134.4 135.1 137.6 138.3 138 138.4 138.9 140.7 148.1 151.6 159.9 163.8
210.7 205.2 202.6 200.1 197 195 191.7 187.7 184.4 181.7 177.1 171.3 164.2 157.2 152.9 150.1 144.2 137.5 134.2 132.3 131.8 132.3 133.7 131.9 127.6 126.7 129.1 133.8 139.8 146.4 143.7 139.4 134.7 125.1 123.6 122.9 123.4 122.3 122.2 121.9 123 124.8 121.5 118.8 117.9 116.5 116.9 120.5 125.1 128.2 133.8 140.1 141.3 138.1 139.2 140.9 141.4 142.1 142.4 144 143.6 144.4 149 148.7 141.9 133.8 134.4 137.9 138.7 138.6 136.9 137.3 138.4 142.4 150.3 156.6 162 165.9
217.4 211.1 207.1 205.4 202.1 198.2 193.6 189.7 186.4 184.4 181.6 177.2 169.5 161.3 157.9 155.1 151.7 146.3 142 136.6 131.8 131.2 131.4 131.9 130 128 127.5 128.2 129.4 133.5 138 137.4 132.6 124.3 123.8 123.9 123.9 124.4 126.3 121.2 119.9 119.6 119.3 123.7 120.8 115.7 116.5 118.6 122.6 131.6 136.7 140.2 140.7 139.5 139.2 140.2 141.4 142 142.7 142.3 141.8 142.6 143.5 145.5 141.7 133.3 133.5 133.6 135.4 136.2 135.8 139.3 140.5 147.8 153.7 156 159.1 164.7
221.2 216.3 210.9 207.9 205.9 202.5 196.7 191.8 188.5 186.3 183.3 179.9 175.5 167.1 161.2 156.5 151.3 147.6 144.1 141.5 134.4 131.6 131.8 131.6 131.5 130.3 127.1 126.7 126.1 125.9 128.7 129.7 126.3 124.3 124.6 124.5 124.9 125.8 124.4 122.4 122.1 125.8 124.3 122.5 120.5 115.7 116.5 117.1 123.8 132.5 136.6 136.7 137.5 141.3 141.3 140.5 141.9 143.4 146.2 146 142.7 140.4 140.7 141.2 137.5 132.7 132.8 133.1 133.7 135.5 138.4 140.4 143 152.7 158.5 160.6 162.2 165.2
221 218.2 213.8 211.1 209.8 207 201.5 194.1 190.6 187.8 183.9 179.8 175.2 167.4 160.3 155.6 156 150 143 139.5 134.7 134.4 132.7 136.5 135.2 133.1 130 126.3 129.9 130 127.8 126.8 128.7 128.3 126.2 126 127.1 125.6 123.9 123.3 125.5 127.2 124.5 121.6 118.9 115.8 116.4 118.5 128.2 133.3 134.1 134.7 137 142.5 142.7 141.7 141.8 146.7 150.7 154.1 153.8 146.3 138.5 136 134.1 133.2 133.1 133 133.2 134.4 137.1 141 148.9 154.6 158.9 163.7 169.2 175.7
218.9 217.8 215.5 213.3 211.2 210.1 204.9 199.2 198.9 193.9 186.8 181.5 175.7 167.7 164.6 163.3 160.2 155.5 146.7 136.7 133.5 133.5 135.7 138.1 138 133.8 133.8 134.7 135.4 136.5 135.9 132 135.4 137.2 132.6 127.7 126.8 125.5 125 125.4 124.6 124.2 124.4 121.4 118.8 115.9 115.2 118.9 124.1 126.4 126.2 131.3 135.7 140.5 140.8 141.4 141.8 145 149.5 152.3 153.4 151.3 144.6 134.7 132.1 132.3 132.8 132.8 132.8 134.4 140.3 146.7 152.3 155.9 160.3 166.1 171.6 180.5
218.3 216.3 214.6 214 212.3 209.6 207.5 208.9 207.5 201.4 192.9 185 178 171.6 170.5 168.7 164 153.7 140.1 137.1 134.5 135.5 138.3 137.9 142.4 139.3 140.7 141.7 141.1 144.2 143.9 138.8 135.6 141.1 142.5 136.5 128.8 128 126.9 124.7 124.5 124.1 122.7 122.3 119.3 116 113.8 117.5 118.3 118.8 122.4 128.7 133.6 136.3 137.8 140.7 142 147.3 151.2 151 150.4 148.4 143.2 134.8 131.8 132 132.2 132.4 134.6 137.7 144 149.8 152.9 156 158.5 169.5 175.7 184
216.8 215.6 214.7 213.6 211.9 210.9 210.7 212.1 210.4 203 196.9 190.4 182 174.6 169.8 166 162.2 154 142.7 141.7 139.4 141.4 141.7 141.8 145.7 145.8 145.7 144.8 143.9 144.1 145.2 145.9 141.5 139.2 139.5 139.5 135.2 130.9 127.3 125.7 125 124.2 121.8 121.8 120.8 116.8 113.8 118.9 116.4 117 120.4 125.4 130.6 134.6 137.3 142.1 146.6 150.4 154.4 154.4 150.8 146.7 141.9 133.9 131.5 132.2 132.3 132.3 134.8 140.2 144.7 150.6 154.7 157.2 164.8 173.9 179.6 186.5
216.6 216.4 215.3 214.3 217.2 214.9 213.9 211.8 210.4 205.2 201.1 194.8 185.5 176.6 169 162 158.3 151.9 145.3 145.4 145.1 145.7 146.1 147.3 150.1 150.9 148.7 147.5 147.2 146.2 145 145.3 143.9 141 139.7 139.7 137.7 133.1 129.5 128.1 127.3 124.9 122.3 120.4 119.3 116.9 113.4 114.2 115.3 116.6 119.4 123.1 128.7 137.8 145.2 150.6 153.1 153.9 154 152.7 148.1 142.1 135.5 131.7 131.7 132.1 132.5 132.6 137.1 141.6 146.3 150.4 155.4 162.9 171.3 180.5 183.1 188.3
214.5 214.6 215.2 215.5 218.9 216.2 214.6 212.5 208.7 206.9 203.2 198.3 188.9 178.8 169.9 163 157.9 153.7 147.5 149.2 149.2 149.8 152.1 153.3 154.4 155.7 154.5 154.2 153.8 152.4 150.4 146.7 145.3 142.9 140.8 139.4 137.6 135.9 134.1 132.3 128.7 125.9 122.4 119.5 117.5 115.7 112.8 112.9 114.9 116.3 119.8 124.4 134.3 141.4 146.3 149.1 150.1 151.3 150.6 147.9 142.2 136 132 131.1 131.4 132.1 133.3 135.4 139.8 141.5 145 150 157 166.7 173.5 179.5 184.2 186.7
