app/static/ascii/NX89.asc
ncols 200
nrows 200
xllcorner 280000
yllcorner 590000
cellsize 50
[rows 111 to 147 of 200, columns 83 to 165 of 200]
65.7 65.1 64.5 64.3 64.1 64 63.9 63.7 63.3 62.6 59.9 54 53.3 54.3 54.9 48.7 48.8 49.1 49.2 48.6 47.9 47.9 47.9 46.9 46.6 44.9 44.9 45.3 45.7 44.1 43.8 44.3 44.3 44.1 44.3 43.8 43.6 46.4 46.5 46.5 45.6 42.6 42.5 42.6 42.6 42.6 43 43.4 43.6 43.6 43.3 43 43.1 43.3 43.4 43.6 43.8 42.9 42.3 41.6 39.5 45.3 45.9 46.1 46 45.9 45.8 46.2 46.5 47.5 47.5 47.6 47.8 48.7 49.3 49.5 49.9 50.3 50.5 51.5 52.6 52.6 53.3
64.5 64.2 64 63.8 63.6 63.5 63.3 62.7 61.9 61.7 59.5 54.1 52.9 50.9 49.6 48.2 49.6 49.8 49.3 48.6 47.7 47.6 47.8 47.9 48.1 47.3 45.5 45.2 45.2 45.9 43.5 44.1 44.3 44.2 44.3 43.7 43.3 43.2 45.5 46.1 44.7 43.1 42.4 42.2 42.1 42.1 42.5 42.9 43.4 43.3 43 42.7 42.8 43 43.2 43.4 43.6 42.7 42.1 41.7 39.5 44.9 45.9 46.3 46.4 45.9 45.2 45 45.8 47 47.4 54 56 52.1 49.8 49.3 49.3 49.4 49.4 50.4 50.9 51.4 52.4
62 60.6 60.6 61.2 61.8 61.9 62.2 61.3 60.6 60 57.6 54 52.9 50.8 50.2 48.8 50.5 50.9 50 48.6 47.7 47.6 47.2 47.4 47.4 46.6 46.6 44.8 44.9 45.1 42 43.7 44.3 44.3 44 43.6 43.1 42.9 42.8 44 44 42.7 42.4 42.1 42 42 42.2 42.6 43 42.9 42.6 42.5 42.7 42.9 43 43.2 43.4 42.4 41.9 41.5 39.7 45.3 45.8 46.2 45.9 45.3 44.9 44.9 45.7 46.8 56.7 59.4 61.9 66.9 62.1 58.9 50.5 49.8 50.5 50.9 51.2 50.9 51.1
60.7 60.5 59.9 59.8 60.2 60.6 61 60.5 59.4 58.8 54.4 54.4 53.4 50.5 50 48 50.5 51.4 51.5 51.5 49.2 47.3 46.6 47.1 46.8 46 45.3 44.5 44.6 44.7 44.7 42 44.1 44.6 43.8 43.3 42.8 42.8 42.9 42.7 43.2 42.8 42.5 42.2 41.9 41.9 42.1 42.3 42.7 42.6 42.5 42.4 42.6 42.7 42.9 43 42.8 42.6 41.7 41.1 39.6 45.1 45.5 45.5 44.1 44.5 44.9 45.1 47 56.1 58.6 60 62.8 70.7 69.2 63.2 60.9 53.6 51.4 54.3 52.3 51.4 51.5
59.9 60.3 59.8 59.2 59.3 59.5 59.7 59.6 58 54.2 54.2 54.5 53.9 50.8 50.4 46.9 49.8 51.2 52.2 52.1 51.4 50.7 46.4 46.9 46.6 46.3 45.8 44.2 44.1 44 44.2 43.8 43.9 42.3 44 43.2 42.8 42.9 43 43.1 43.5 42.9 42.5 42.1 41.9 41.8 42 42.2 42.4 42.4 42.3 42.3 42.4 42.5 42.7 42.7 42.3 42.2 41.8 40.8 43.8 45 44.9 43.8 44 44.5 45.1 52.5 53.5 57.2 58.4 59.1 62.1 64.2 68.7 69.5 64.9 63.9 65.1 71.5 73.2 66.7 59.9
56.8 59.3 59.4 58.6 58.3 58.6 57.7 53.9 54.6 54.4 54.2 54.2 54 51.9 51 49.4 50.4 52.3 52.6 52.5 54 54.5 49.6 45.8 46.6 46.2 45.4 43.1 43.4 43.4 43.6 43.1 43.2 43.8 42.2 43.6 43.4 43.3 43.1 43.4 43.5 43.1 42.6 42.1 41.7 41.8 41.8 42 42.2 42.1 42.1 42.1 42.2 42.3 42.4 42.2 41.7 41.6 41.3 39.6 42.5 43.7 43.7 43.7 44.2 44.7 45.1 46 55.5 56.7 57.6 58.5 61 62.2 65.6 71.7 73.5 75.6 76.3 79.1 81.5 80 71.2
54.2 52.3 57.7 57.2 55.6 53.7 52.1 52.5 53.4 54.6 54.6 54.3 53.4 52 51.9 49.4 51.9 52.4 52.8 54 54.4 54.1 56.8 55.2 50 50.4 49.1 45.5 44.5 43.7 44.5 43.8 43 43.3 43.3 44.2 43.8 43 42.8 43.1 43.1 43.1 42.8 42.3 41.9 41.8 41.8 41.8 41.9 41.9 42 42 42 42.1 42.2 41.6 41.1 41 39.3 41.6 43.3 43.1 43.5 43.8 44.1 44.5 44.9 45.3 49.5 56.5 56.7 57.3 60.8 61.8 63.5 69.8 72.9 74.6 76.6 78.4 80.8 84.3 84.5
59.2 57.7 55.8 54 53 51.9 50.5 49.1 50.8 53.6 54.1 53.6 52.9 51.4 51.5 50.4 52.4 53.9 55.7 56.8 56.2 54.3 58.4 59.3 58.9 58.3 56.6 47.1 45.5 45.1 44.8 44.1 43.5 43.4 43.3 42 43.2 42.3 42.6 42.7 42.7 42.7 42.7 42.7 42.2 42 41.9 41.9 41.8 41.8 41.8 41.8 41.9 41.9 42 41.1 39.3 40.4 39.2 42.1 42.7 42.9 43.1 43.6 43.9 44.4 44.8 45.2 48.2 55.8 56.9 57.6 61.7 61.9 64.2 68.5 70.5 72.3 73.2 74 76.9 82.7 84.2
63 62.5 62.6 62.1 60.3 57.4 54.8 51.6 49.6 50.8 52.4 52.1 51.8 51.2 51.1 50.7 54.1 58.3 60.2 60.1 59.3 58.7 59.2 61.3 63.2 60.7 57.7 54.3 47 45.4 45.5 44.6 43.7 43.6 43.6 43.7 43.1 42.6 42.6 42.3 42.2 42.2 42.3 42.5 42.5 42.1 42.1 42 41.8 41.6 41.6 41.6 41.6 41.7 41.6 41.1 39.2 39.3 41.1 41.6 42 42.6 43 43.5 43.8 44 44.4 45 50.5 57.1 59 60.9 60.9 61.4 62.3 65.4 67.4 68.5 70.1 71.7 74.2 78.9 81.4
67.4 67.1 66.7 65.8 64.2 59.8 56.4 53.7 52 48.5 48.1 49.8 50 50.2 50.7 51.1 58.4 61.1 61 60.7 60.4 59.9 63 68.4 68.2 64.9 60.6 58.4 57.2 55.6 48.6 45 43.9 43.7 43.5 42.8 42.2 42.5 42.3 42 41.8 41.8 41.9 42 42.2 42.4 42.3 42.1 41.8 41.6 41.4 41.3 41.4 41.5 41 38.9 39.4 41.3 41.5 41.7 42 42.4 42.8 43.4 43.7 43.9 44.2 44.4 56 59.7 61.2 61.9 58.5 60 61.1 62.3 64 65.1 67.8 70.2 72.3 76.2 79
70.3 70.5 69.5 68.7 67.2 63.1 59.3 57.3 56.5 54.5 51.8 48 47.1 47.1 47.1 55.9 61 61.5 61.2 60.8 60.5 60.4 62.1 66.7 64.4 62.8 63.8 68.9 64.1 57.7 55.5 53.9 44.1 43 42.5 42.5 41.8 42.3 42 41.7 41.3 41.4 41.5 41.6 41.8 41.9 41.9 42 41.8 41.6 41.4 41.1 41.2 41.1 38.3 39.9 40.5 40.8 41.3 41.4 41.7 42.1 42.7 43.2 43.6 43.8 44.1 44.4 49.6 60.3 60.9 60.1 58.5 59.5 59.7 59 59.8 63.1 65.3 67.8 69.8 72.6 75.4
75.7 74.8 73.1 71.3 69.8 67.6 63.5 61.2 58.6 57.3 56.8 55.5 55.2 55.1 58.8 60.3 60.4 61.4 61.1 60.8 60.5 60.5 60.2 63.7 62.8 62.7 63.2 68.6 67.2 59.2 56.9 55.1 54 48.3 42.7 42.8 41.7 42 41.6 41.3 41.1 41.8 41.4 41.5 41.6 41.6 41.6 41.6 41.6 41.6 41.4 41.1 41.3 41.2 39.3 40.7 40.7 40.7 40.8 41.2 41.4 41.8 42.4 43 43.4 43.9 44.2 44.5 46.7 48.4 58.3 59.9 59 59.8 58.5 57.7 58.9 62.6 64 64.5 66.3 68.5 72.2
81.4 79.7 77.7 76.2 73.5 70.3 67.5 64.9 62.2 62.2 59.8 58.1 57.2 59.7 61.4 61.3 60.2 61.1 60.8 60.6 60.3 60.1 59.9 59.7 59.1 60 61 65.6 68.7 66.2 56.9 55.9 55 54.7 46.6 43.1 42.3 41.1 41.4 41.3 41.1 41.2 41.3 41.4 41.5 41.4 41.4 41.4 41.4 41.4 41.3 41.2 41.3 38.5 39.2 40.4 40.5 40.6 40.7 40.8 41.1 41.6 42.1 42.6 43.1 43.5 44 44.4 44.4 48.1 48.7 55.6 59.6 60.8 60.1 58.7 59.9 60.2 62.8 62.1 62.7 65.9 69.5
84.8 82.3 80.8 79.3 75.8 71.6 70 67.5 63.9 62.4 60.5 58.3 57.4 59.1 61.4 61.2 60.9 60.8 60.5 60.3 60.1 59.8 59.6 59.4 59 59.4 62.2 59.6 65.7 68.4 65.4 58.7 55.4 54.7 54.5 54.2 48.8 41.8 41.4 41.3 41.2 41.1 41.3 41.4 41.4 41.3 41.2 41.2 41.2 41.1 41.1 41 40.9 38.4 39.2 40.3 40.3 40.4 40.6 40.7 40.8 41.3 41.8 42.3 42.8 43.2 43.7 44 44.1 46.1 48.5 50 60.2 62.5 61.8 59.9 60.2 60 60.8 60.7 61.3 64.3 67.9
86.2 84.9 83.8 80.9 77.2 74.3 73 70.3 66.1 61.5 58.9 57.4 57.5 57.7 60.3 61.1 60.7 60.4 60.2 60 59.9 59.5 59.1 58.9 58.7 59.6 60.3 58.3 60.2 64.6 66.4 62.9 58.1 54.7 54.5 54.2 53.8 51.6 40.1 41.3 41.2 41.1 41.2 41.3 41.2 41.1 41 40.9 40.9 40.9 40.9 40.8 40.9 38.7 39.6 40.3 40.3 40.3 40.3 40.5 40.6 41 41.4 42 42.5 42.9 43.3 43.4 43.7 44.2 48.4 47.8 58.7 61.2 61 60.6 61 59.7 59.8 59.9 61.2 64.2 66.9
89.4 87.6 86.2 83.2 82.6 79.8 75.5 72.1 68.8 63.8 60.9 59.2 58.4 58.3 59.2 60.3 60.5 60.1 59.9 60 59.7 59.4 59 58.3 58.2 58.6 59 58.1 57.4 59.2 62.7 64 59.4 54.9 54.6 54.3 54 53.4 42.8 41.3 41.2 41.1 41.2 41.2 41.1 41 40.9 40.8 40.7 40.7 40.9 41.2 41.4 38.9 40 40.2 40.2 40.3 40.3 40.3 40.4 40.7 41.2 41.6 42.1 42.6 42.8 43 43.1 43.3 46.7 47.7 54.5 61.8 61.7 60.8 60.8 59.7 59.4 59.3 59.8 62.6 65.7
93 90.1 88.2 86 87.8 84.1 76.9 74.4 70.7 66.3 63.6 62.4 60.5 58.8 59.7 59.4 59.4 59.8 59.8 59.9 59.5 59.2 58.9 58.5 56.8 56.9 57.9 58.4 57.6 55.8 57 61 61.1 55.3 54.9 54.4 53.9 52.7 47.2 40 41.4 41.2 41.1 41 40.9 40.8 40.7 40.6 40.6 40.7 40.9 41 41.2 38.5 39.7 40.2 40.2 40.2 40.2 40.3 40.3 40.4 40.9 41.3 41.8 42 42.1 42.2 42.3 42.9 45.9 47.5 52.5 61.4 62.7 62.3 61.1 59.8 59.3 59 59.1 60.6 62.2
95.7 91.5 89.5 87.5 87.2 85.2 81.4 76.4 71.5 69.7 66.5 64.1 62.5 61.3 60 59.8 59.6 59.5 59.3 59.7 59.3 58.9 58.7 58.4 56.5 54.7 56.7 58 56.9 55.7 55.2 55.5 55.4 53.1 53.6 53.8 53.2 52.6 52.2 40.6 41.2 41.2 40.9 40.9 40.8 40.7 40.6 40.5 40.5 40.5 40.6 40.8 41 40.6 38.9 40.2 40.2 40.2 40.2 40.2 40.1 40.1 40.3 40.8 41.3 41.5 41.6 41.6 41.6 42.1 43.1 46.7 51.8 57 61.1 62.3 61.9 61.8 59.2 58.9 58.6 59.6 60.6
96.1 92 90 87.2 84.5 87.4 83.4 77.6 75.4 72.1 69 66.1 64.2 62.7 60.2 60.1 60 59.5 58.5 58.8 59.6 58.7 56.5 55.9 55.6 55.9 57 57.3 56.7 55.8 54.9 53.4 53.2 52.6 51.8 53.2 52.6 52.1 51.7 45.2 41.3 40.9 40.6 40.7 40.7 40.6 40.5 40.5 40.5 40.5 40.5 40.6 40.7 40.4 38.4 40.2 40.1 40.1 40.1 40.1 40 40 39.9 40.3 40.7 41 41.2 41.2 41.1 41 41.9 45.7 52.9 58.8 59.6 60.6 61.6 61.5 59.7 59 58.5 58.6 59.9
96.7 92.3 88.9 85.7 84 84.5 86.3 81.6 77.4 73.7 70.7 68.4 66.2 63.9 60.7 60.3 60.1 59.9 58.6 58.1 58.7 58 58.2 57.8 57.1 56 56.5 55.7 55.1 55.1 53.9 53.9 53.8 51.7 51.3 52.7 52.5 52.2 51.8 50.9 39.5 40.2 40.3 40.4 40.5 40.4 40.4 40.4 40.4 40.4 40.5 40.5 40.5 40.5 38.3 40.3 40.1 40 40 40 39.9 39.8 39.8 39.7 40.1 40.4 40.6 40.8 40.7 40.6 42.3 46.5 49.4 57.1 58.6 59.5 62.2 61.4 59.8 59.7 59.6 58.3 58.3
98.6 94.5 90.1 87.5 85.6 85.9 84.6 80.7 76.4 73.4 70.6 69.2 67.5 64.4 61.4 60.4 60.1 59.6 59.4 58.9 58.2 57.7 57.7 57.5 57 56.6 55.5 55.1 55.1 54.3 53.4 52.9 51.8 51.1 49.5 51.2 51.4 49.9 48.6 47.5 40.4 40.5 40.5 40.5 40.5 40.3 40.4 40.4 40.4 40.4 40.4 40.4 40.4 40.5 39.4 40.7 40.5 40.1 39.9 39.8 39.8 39.7 39.7 39.6 39.7 39.9 40.2 40.5 40.5 40.4 40.6 45.6 48.1 56.6 59.9 60.6 61 59.1 58.9 59.9 59.6 58.2 58.2
100.7 96.9 94.4 90.5 88.4 85.3 81.8 78.9 76.3 73.3 73.1 71.8 69.6 64.6 62.5 60.4 60.1 59.5 59.4 59.1 58.5 57.6 57.1 56.9 56.9 57 56.1 56 55.7 54.5 54.5 54 54 53.9 51.4 49.8 48 47 45.9 46.3 45.7 41 40.8 40.6 40.5 40.2 40.3 40.3 40.3 40.3 40.3 40.3 40.2 40.3 40.5 38.4 40.4 40 39.8 39.5 39.2 39.3 39.7 39.5 39.5 39.7 40 40.3 40.5 40.6 40.6 43.1 48.6 56.3 59.3 61.7 59.3 58.5 60.5 60.6 60 59.1 59.5
111.3 105.7 102 97.9 92.3 88.6 84.4 80.5 78 75.5 74.3 74.8 72.4 67.7 64.2 61.5 59.7 59.3 59.1 59.2 58.8 58.2 57.3 57.6 57.7 57.4 56.9 57 56.3 55.2 54.8 54.7 55.4 55.1 54 52.2 49.9 51 49.5 45.1 43.2 41.4 40.8 40.6 40.1 40 40.1 40.2 40.2 40.2 40.1 40.1 40 40.2 40.3 40.1 39.9 39.7 38.7 39 39.7 39.8 39.7 39.3 39.3 39.5 39.8 40 40.3 40.5 40.5 40.7 47.1 54.5 60.2 60.2 58.2 59.5 61.2 60.4 59.8 59.2 58.9
126.9 117.4 111.1 104.7 99.4 94.1 89.1 83.9 80.4 77.7 77.2 76 74.5 73.1 68.6 64.9 62.2 61.4 60.1 60.8 62.2 61.1 59.5 58.4 58.8 58.8 58.8 58.1 56.7 55.6 55 55 55.1 55.3 54.7 54.1 54 53.1 51.6 49.7 48.4 42.1 40.4 40.5 39.8 39.9 39.9 40 40.1 40 40 39.9 39.9 40 40.1 40.3 39.7 40.4 38.7 39.9 39.8 39.8 39.5 39.1 39.1 39.3 39.6 39.8 40.1 40.3 40.4 41.1 44.3 50.5 57.8 57.1 57.2 59.4 60.1 58.4 58.1 58.7 58.2
133.7 126.8 120.3 111.8 105.6 100 95.2 91.1 85.4 81.8 80.3 78 75.4 76.5 73.1 68.8 65.8 64.8 63.4 62.2 67.2 68 63 66.3 61.5 60.3 61.2 62.5 58.5 57.2 55.8 55.8 55.8 55.5 54.6 54.8 53.9 53.5 52.7 51.1 49.2 46.4 41.4 41.1 40 39.7 39.8 39.8 39.9 39.8 39.8 39.7 39.7 39.8 40 40.1 39.4 38 37.5 39.9 39.8 39.7 39.3 38.9 38.9 39.2 39.4 39.6 39.9 40 40.1 40.3 42.3 46.3 53 54.9 58.3 58.2 58.8 58.2 57.7 59.1 60
144.7 137.1 128.6 120.6 112.9 105.5 100.8 97.8 92.3 86.7 82.4 80 77.8 76.3 74.6 71.2 68.8 68.7 66.9 63.1 63.7 66.8 68.9 68.9 69.1 62.5 63.6 61.3 60.2 57.7 56.8 56.9 56.4 55.4 54.5 53.6 53.1 53.5 52.5 50.4 49.7 47.8 41.4 39.5 40.8 40.3 39.9 39.6 39.7 39.7 39.6 39.5 39.5 39.7 39.8 39.7 39.1 39.4 38.9 37.8 39.9 39.4 39 38.9 38.6 39 39.2 39.4 39.6 39.7 39.8 39.9 40.3 41.4 48.7 55.4 57.6 58.6 56.8 57.7 57.8 57.8 58.7
151.7 145.5 137.2 127.5 118.4 111.8 105.6 100.9 97.1 94.1 88.9 83.7 79.9 77.4 75.1 73.5 72.4 71.9 70.3 65.5 65 66 66.1 66.5 66.7 66.5 66.2 61.7 59.9 59.4 58 57.2 56.2 55.2 54.3 53.8 53 49.9 45.8 44.8 43.9 41.8 40.3 40.5 41.5 41.1 40.7 40.2 39.7 39.5 39.4 39.3 39.4 39.5 39.6 39.4 39.3 39.5 39.8 39.2 37.8 37.2 39.6 39.3 39.2 38.8 39 39.1 39.3 39.4 39.5 39.7 39.7 39.9 43.5 52.2 55.4 54.8 54.6 56 55.9 58.7 59
156.9 151.3 143.4 133.8 125 116.2 110.3 105 100.9 97.5 94.8 88.4 82.7 79.9 77.8 76.2 74.8 73.9 72.6 70.3 68.1 70.6 68.2 66.4 67 71.3 69.5 64.5 63.2 60.8 58.8 57.2 56.2 55.1 54.8 54.3 52.8 50 51.4 45.5 43.7 43.4 41.9 40.6 39.2 40.8 40.1 39.6 39.5 39.4 39.5 39.6 39.3 39.3 39.4 39.1 39.4 39.5 39.6 39.6 39.2 38.8 36.7 39.7 39.6 39.2 38.9 38.9 39.1 39.2 39.3 39.4 39.4 39.6 39.9 44.5 52.5 52.3 51.2 53.3 55.7 57.1 56.9
161.6 155.4 147.4 138.5 130.1 122.6 116.3 109.7 103.6 99.4 95.2 90.8 87.1 83.6 80.8 78.6 76.9 75.9 74.6 71.7 70.5 69.8 69.1 68.4 68 68.1 67.7 67.5 66.2 63.3 60.8 58.1 57.5 55.7 55.1 54.6 53.1 54.9 55.1 52.9 50.5 49.7 45.5 39.7 39.9 39.4 40.5 39.9 39.6 39.8 40 39.8 39.2 39.2 39.2 39.3 39.3 39.3 39.4 39.4 39.5 39.3 39.2 36.6 39.6 39.2 38.8 38.7 38.8 39 39.1 39.2 39.2 39.2 40.2 41.6 42.9 49.3 51.7 53.9 55.7 56 55.5
165.1 159.7 151.6 143.2 135.4 128.7 122.3 115.2 109.3 105 101 96.1 92.1 88.7 85 81.8 79.8 78.7 77 75.3 73.9 72.1 70.4 69.9 69.5 68.5 69.8 69.7 67.1 65.9 62.5 59.3 58.4 56.8 55.2 54.4 53 54.7 58.8 56.4 51.1 50 48.5 42.4 39.6 39.8 39.7 40.2 40 40 40.2 39.8 39.2 39.2 39.2 39.1 39.1 39.1 39.2 39.2 39.3 39.4 39.2 36.8 39.6 39.2 38.8 38.3 38.4 38.6 38.9 38.9 38.9 38.9 39 39.8 41.1 43.3 52.9 55.9 56.5 54.5 53.4
166.1 161.5 154.8 146.3 139.9 133.9 127.4 120.8 115.4 111.2 107 101.4 97.2 92.6 89.1 85.6 82.8 81.2 79.4 79.2 77.1 73.4 72 71.8 70.5 69.2 71.2 69.6 69.6 67 62.3 60.2 57.9 58.6 56.3 54.5 53.8 55.5 56.2 54.2 51.9 50.2 49.3 48.8 43.3 38.9 39.8 39.9 39.7 39.2 39.1 39.5 39.2 39.2 39 38.9 38.9 38.9 39 39 39.1 39.1 38.9 38.5 36.4 38.9 38.7 37.9 38.1 38.4 38.7 38.7 38.7 38.8 38.8 38.8 38.5 41.1 50.6 51.1 51.8 53.6 53.5
166.3 163 157.5 150.7 144.6 138.7 132.3 126.3 121.8 117.1 111 106.5 101 96.1 93.2 88.9 85.6 83 82.3 81.2 79.6 75.5 73.9 72.4 77 70.5 68.9 69.2 70.9 66.6 62.3 60.3 56.3 56 55.7 55.8 55.5 57 55.6 55.1 54.4 52.1 50.1 49.8 48 42.2 39.4 39.6 39.6 39.3 39.2 39.2 37.4 39.6 38.8 38.8 38.7 38.7 38.7 38.8 38.8 38.8 38.5 38.6 35.5 38.7 38.5 38.2 38.1 38.2 38.4 38.5 38.6 38.6 38.7 38.6 38.5 38.5 44.2 48.5 54.3 54.8 54.4
167.4 166 161.2 155.6 149.6 143.3 137.8 132.6 127.5 121.6 115.1 109.2 103.8 100.1 97.8 93.3 88 86.1 84 82.4 80.4 78.2 79.4 79.9 76.7 71.3 69.3 69.9 71.1 67.7 62.7 62.1 56.9 56.1 55.5 56.7 58.3 56.2 57.1 57 57.7 57.8 55.3 53.4 51 48 43 39.3 39.4 39.2 39 38.7 38.9 38.7 38.7 38.6 38.6 38.6 38.5 38.6 38.6 38.5 38.2 37.9 36.8 38.7 38.4 38.2 38.2 38.2 38.3 38.4 38.5 38.5 38.4 38.4 38.2 37.7 41.1 43.1 54.2 54.7 55.9
170.9 169.1 164.9 160.4 154.8 149.9 144.5 139.3 134 128.2 121.2 115.7 108.5 103.6 100 96.4 90.7 88.9 87.5 85.5 83.5 84.3 83.2 79.7 74.3 77.9 71.9 68.9 68.3 66.7 65 62.3 59.2 57.5 56.9 57.7 60.8 57.8 59.5 58.6 58.3 57.2 56.2 54.1 55.6 52.8 49.2 43.9 39 39 38.8 38.4 38.5 38.8 37.8 38.4 38.5 38.5 38.4 38.4 38.4 38.5 38.7 38.4 37.7 38.4 38.1 38 38 38 38 38.3 38.3 38.3 38.3 38.2 37.9 37.6 39.2 41.4 46.9 54.9 55.5
174.8 172.4 169.2 165.5 161 156.1 151.2 146.6 140.4 134.5 126.7 120.2 114.7 108.7 101.5 98.2 98.2 94.8 91.7 90.1 86.6 86 82.3 79.1 77.6 76.8 71.5 69.3 71.7 67.3 66.7 62.7 60.1 63.7 61.8 57.1 61.1 60.6 60.1 57.9 58.5 58.5 58.5 54.7 56.8 56.2 53.7 49.3 44.9 38.2 38.6 37.8 38.7 38.7 38.5 38.4 38.5 38.4 38.4 38.3 38.3 38.4 38.5 38.7 38.5 36.7 38 37.8 37.8 37.7 37.7 38.1 38.2 38.3 38.2 37.9 37.7 37.5 37.2 40.8 42.5 54.1 54
178.1 176.3 173.4 170.2 166.9 162.2 158.2 153.3 147.3 140.4 133.9 127.2 120.1 108 107 106 102.8 97.1 94 92.3 89.5 86.7 83.8 81.8 78.9 77.4 75 73 71.1 66.6 65.2 64.1 61.1 65 60.8 58.1 58.9 65 65.3 62 57.7 58.4 57.1 57 56 57.6 57.7 52.6 48.8 47.2 43.9 37.5 38.6 38.7 38.4 36.8 38.4 38.4 38.3 38.2 38.1 38.2 38.4 38.6 38.6 35.5 38.4 37.6 37.5 37.5 37.4 37.7 38 38.2 38 37.8 37.6 37.3 37.4 40.8 41.2 50.5 54.7
178.2 177.9 176.7 174 170.5 167.1 163.6 159.3 153.7 147.4 137.9 126.6 118.9 117.1 110.7 107.9 103.8 98.3 97.4 99.1 91.9 89.8 88.9 86.6 84.5 81.6 77 74.6 73 68.5 64.9 65.9 66.8 67 66.8 59.2 57.5 60.7 65.5 64 58.9 58 59.2 59.3 56.1 58.4 57.4 56.3 53.2 50.9 50.4 46.4 39.5 38.6 38.4 37.6 38.5 38.4 38.3 38.2 38.3 38.2 38.4 38.6 38.3 35.5 38.6 37.9 37.3 37.3 37.4 37.3 37.6 37.9 37.8 37.7 37.4 37.3 37.6 37.7 40.3 52.4 56.9
