app/static/ascii/NX95.asc
ncols 200
nrows 200
xllcorner 290000
yllcorner 550000
cellsize 50
[rows 0 to 40 of 200, columns 0 to 91 of 200]
100.9 103.9 108.2 113.9 117.3 121 122.5 123.3 123.6 124.1 121.7 118 113.3 108.6 104.1 99.4 93.2 90.9 90.3 90.4 86.8 81.9 84.5 85.1 84 83.9 84.8 84.7 81.7 78.6 75.6 74.1 66.6 66.4 66.7 65.8 67.3 69.2 69.9 71.8 67.3 75 76 76.9 77.9 76.6 74 75.1 76.2 83.9 94.9 107.1 116.5 128.8 139.4 150.9 161.5 173.2 184.6 192.3 194 200.5 207.7 216.6 235.8 252.2 271.1 290 305.1 321 332.5 342 351.5 354.7 353.3 349.3 343.1 336.9 328.3 325.7 326.9 331.5 343.1 349.1 357.1 368.8 386.7 402.8 412.6 410.9 402.9 401.8
97.5 100.1 104.5 109.7 114.2 116.4 119 120.2 120.2 121.5 119.3 115.6 110.6 105.9 101.3 95.4 91.7 89.1 87.8 86.8 84.9 81 80.9 83.4 82 81.5 82.4 82.9 80.9 78 74.9 73.2 71.6 62 67.6 63.8 65.7 67.5 67.3 69.2 70.5 72.3 74.5 75.7 77 75.3 72.8 72.3 73.2 76.6 85.6 97.6 109.9 120.2 130.8 142.3 152.8 163.2 174.2 184.1 188.4 192.8 199.7 209.4 223 242.2 258.9 278.3 293.1 306.3 319.6 329.1 337.5 342.1 341.6 336.7 331.5 325.9 320.3 317.9 319.5 326 340.4 344.2 349.2 357.2 373.8 394.2 400.1 405.8 394.5 397.8
93.6 95.9 100.1 105.1 109.4 113.6 114.5 116.4 117.4 118.6 117.2 113.1 108.3 103.1 98.3 94.6 91.4 88 86.6 85.5 83.5 82.1 78.6 79.4 79.9 79.7 80.2 80.7 79.7 77.1 74.3 72.2 70.3 63 61.2 62 63.3 64.2 65.9 65 63.2 71.4 72.4 74.6 76.4 74.9 72.1 71.4 71.9 72.4 77.1 88.9 99.1 111.9 120.9 133.4 143.7 154 164.2 173.5 180.3 185.7 193 201.1 214.8 231.7 246 264.4 282 293.4 305.2 315.6 323.5 327.7 326.8 322.4 317.9 312 309.4 308.8 312.1 316.9 333.7 339 341.3 348.1 359.3 376.3 387.1 392.8 386.6 390.9
89.2 91.5 95.1 100.8 106 110.8 112.9 112.3 113.8 115 113.7 110.4 105.2 101.1 95.3 91.8 89 86.3 85.3 84.2 82.6 81.6 78.9 76.9 77.8 78.5 77.9 78 77.7 77.6 72.7 70.6 67.7 64.1 59 61 60.1 60.4 62.6 62.2 62 66.3 69.4 72.6 74.9 74.9 72.5 69.5 69.4 70.3 71.4 81.5 92 102.7 113.3 124.7 135 145.3 154.9 163.1 171.6 178.5 185.7 193.7 206.3 219.8 234.6 249.8 267.8 280.3 290.6 301.2 308.5 314 313.6 311 306.5 300.7 299.2 299.4 303.4 308.2 323.1 331.1 336.1 342 349.1 359.7 366.8 379.1 379.5 380.7
86.9 88.3 91.2 95 100.9 106 108.6 109.4 109.2 110.2 109.4 107 102.9 99 93.4 88.7 85.9 82.9 83 82.6 81.5 79.9 78 75.8 76.1 77.9 77.5 76.3 75.7 76.2 73.7 69.6 67 64.3 57.9 60.3 61.6 57.8 60.2 59 61.8 61.9 67.6 70.3 73.1 74.4 72.7 69.4 67.6 67.9 69.2 73.7 84.4 94.4 106.8 116.3 126.4 136.5 145.1 153.4 162.1 169.9 177.4 185.5 198.2 209.2 223.3 236.6 252.4 264.6 276 286.8 293.3 299.1 301 298.7 295 290.3 287.5 289.2 295.8 301.6 310.5 320.9 329.8 338 344 347.3 352.3 359.8 368.1 372
84.5 85.7 87 89.9 95.5 101.1 104.6 105.9 105.7 106.3 105.8 104.3 101.4 96.8 91.9 86.8 82.2 79 78.2 79.2 79.6 78.5 76.2 74.8 74.8 73.9 76.2 74.5 73.7 73.9 73.7 69.7 66 63.9 58.1 56.8 59.3 56.7 56.9 58.2 61.9 60 63.5 67.9 70.6 73.1 72.9 70 66.9 66.3 67.2 68.9 79 87.5 99.3 110.3 119.4 128.9 136.9 145.2 153.7 162 170.5 175.8 190.5 203.5 215.1 226.7 238.8 249.9 260.5 270.9 279.6 284.6 285.2 285.8 282.5 279.2 275.3 281.5 288.5 295.3 302.2 312.9 324.9 332.8 339.7 344.4 345 347.4 354 361.9
81.9 83.4 84.4 86.1 89.7 95.4 99.8 101.3 101.9 101.5 101.2 101.2 99.7 97.1 92.6 85.5 80.2 76.3 75.1 75.2 76.5 77.3 74.2 72.9 72.9 71.5 73.4 72.7 71.3 71.6 72.1 69.2 64.5 62.5 60.6 55 55.1 55 55.3 54.9 58.3 58.8 59.7 65.3 67.4 69.3 71 70.1 66.3 65.1 65.3 66.3 70.7 80.8 93.1 106.5 113.8 122 129.7 137.8 145.7 155.2 162.4 170.9 185.5 198 205.5 215.8 226.2 236.6 245.5 255 263.4 269.1 270.3 269.4 268.1 267.4 264.9 272.9 280.7 289.5 297.9 305.7 317.1 325.8 332.2 339.2 345.2 345.4 346.3 355.3
77.8 82.7 83.1 84.4 85.4 89.9 93.7 96.7 96.8 97.2 97.8 97.5 96.3 95.3 92.7 84.9 78.4 75.4 73 71.9 72.6 73.4 72.5 70.9 68.9 69.1 69.6 71.3 69.6 68.9 69.1 68.3 63.4 60.2 58.2 55.1 53.9 53.8 54.1 54.1 55.3 55.9 58 61.7 64.3 66.9 69.2 69 66.8 64 63.9 64.8 66.4 73.8 84.8 98.2 107.6 115.6 123.4 130.7 139.2 148.5 156.6 165.5 179.2 191.5 198.7 206.3 215 223.2 230.9 240.5 247.9 253.4 255.8 256.7 256.8 257.5 258.5 264.7 274.4 283.6 291.8 300.3 310.9 318.2 327 337.8 344.7 346.7 346.4 349.1
74.8 77.6 82.4 83 83.3 84.6 88.8 91.4 92.7 93.7 94.6 93.7 92.5 91.4 89.8 85 78.9 74.6 71.5 69.7 68.5 67.9 67.6 66.5 66.9 67.3 67.3 69.6 69.2 67.6 65.7 65.5 63 57.7 54.9 53.3 52.9 52.6 52.8 52.9 53.2 53.8 57.3 58.8 61.6 64.4 67.4 67.9 67.5 64.9 63 63.8 65 69.2 80 89.4 102.1 109.2 118.6 124.9 132.8 142.2 151.7 161.1 171.9 182.9 191.7 197.5 204.6 211.9 218.9 226.5 234.3 240.8 244.5 247.5 248.3 250.6 253.6 259.5 269.9 276.9 287.6 293.8 303.9 309 320.6 335.1 341.7 347.8 350.6 350.4
78.1 75 77.6 80.3 80.6 80.9 83.6 87.4 89.2 90.4 91.1 90.3 89.6 88 86.5 84.1 78.1 74.6 71.8 68.8 66.6 65.9 65.7 65.2 64.8 65.6 65.6 66.3 67.6 66.7 64.9 63.2 62 57.9 53.3 51.8 51.6 51.4 51.4 51.5 51.8 52.4 54.8 55.9 60 63 65.6 66.6 67.1 65.1 62.6 63.1 64 65.5 73.2 84.1 96.1 103.2 111.8 120.5 125.8 136.7 145.7 155.6 165 173.9 182.6 188.6 194.7 201.2 207.3 213.9 221.7 231.2 235 238.5 240.7 243.3 249.3 254.7 262.7 271.8 280.5 289.8 297.8 303.7 315.8 329.7 339.4 347.4 352.8 352.3
84.7 78.4 74.1 75.2 76.1 76.6 77.1 83.7 86.4 87.6 87.5 87.3 87.2 86.1 84.2 82.4 79.7 75.5 72.2 69.9 66.9 65.4 64.9 64 63.4 63.5 63.8 63.9 65.3 66.2 64.7 62.9 60.8 57.3 53.1 50.5 50.3 50 49.9 50.1 50.6 51 51.5 53.8 57.5 61 64.3 65.8 66.3 65 62.2 62.1 62.8 63.8 67.5 78.3 90.5 99.1 107.5 115.8 122.1 130 141 147.7 157.3 167.2 175.4 181.9 187.6 193.2 198.5 204.1 209.9 218 224.1 229.3 233.2 237 241.8 247.1 256.1 265.6 274.2 285.4 293.7 299.8 314 323.7 337.6 348.8 355.2 352.7
87.8 85.3 80.5 76 74.2 72.6 71.9 75.5 82.2 84.1 83.8 83 83 82.2 81.8 80 80.4 76.8 71.9 70.1 68.2 66 63.7 63 62.4 62.2 62 61.6 63.8 65.5 64.5 63 59.9 57.7 53.7 49.9 48.9 48.6 48.4 48.7 49 49.5 50.6 52.2 55.4 58.9 62.9 64.7 65.5 65.6 63.6 61.3 62.2 63.2 64.8 71 82.6 94.1 102.7 111.2 118.5 127 137.6 145.5 153.1 161.8 169.8 176.8 181.3 187.2 193.2 198 202.8 209.4 216.2 221.7 226.9 232.5 236.7 241.4 248.5 258.3 268.5 278.5 289.2 297.4 305.8 318.5 334 343.1 352.6 352.3
89.6 87.5 84 77.9 75.9 73.3 72.1 71.3 75.2 77.4 74.6 74.1 75.4 76.8 76.8 76.7 75.7 78 72.3 68.2 65.5 63.7 63.1 62.1 61.4 60 58.9 56.6 60.4 62.6 63.9 63.1 60.7 57.7 54.7 49 47.4 47 47.1 47.2 47.6 48 48.8 51.4 54.9 58.5 62.4 63.6 64.3 65.2 63.9 61.2 61.7 62.8 64 67.2 74.8 88.2 97.6 106.4 114 123.5 133.4 141.7 149.7 157.6 165.6 171.7 176.3 180.3 187.6 193.3 197.4 202.2 207.8 215 221.1 227.3 232.2 236.6 243.6 252.9 263.9 274.1 284.8 293.7 301.3 310.8 328.3 339.8 345.6 349.1
90.9 85.2 84.8 83.2 81.5 78.3 73.1 71.8 71.1 71.4 73.2 72.1 71.4 70.7 71.4 71.3 70.2 72.5 71.3 65.5 64.4 63.5 62.6 61.7 60.1 57.1 58.6 55.8 54.6 57.2 59 59.7 59 52.6 49.2 47.7 46.4 46.1 45.9 45.9 46.1 46.5 47.4 50 53.3 57.2 62.8 63.8 64.4 65.2 63.1 61.1 61.3 62.5 63.8 65.4 69.5 79 91.8 103 111 121.5 130.8 137 145.7 154.5 160.7 163.5 168.9 176.8 184.6 188.7 194.2 198.1 204.6 211.6 217.5 222.7 227.3 230.7 238.4 248.8 259.9 270.5 281.9 293 297.3 308.3 325.3 336.8 340.5 346.7
90.1 89.9 88.4 86.7 85.8 83.6 76.9 73.6 72.9 71.3 71.6 71.5 72.5 72.2 71 67.9 67.4 66.6 66.1 65.7 64.9 68 69.1 68.1 65.8 65.4 65 62.1 57.3 55 54.2 50.8 50.2 48.5 47.5 46.9 46.2 45.4 45.1 44.9 44.7 45 46.1 49.1 52.1 56.1 61.8 65.1 65.4 65.7 62.4 60.8 61.1 61.8 62.7 63.8 66.7 72.6 87.5 99.2 111.1 126.6 137.5 146.2 148.2 156.8 162.7 166.4 172.4 180.9 188.9 195.5 197.4 199.8 202.2 210.3 216.3 219.6 222.3 225.7 235.5 246.7 258.1 269.8 279.4 291.5 295.3 303.8 316.3 332.2 338.1 344.1
91.6 92.5 92 89.7 87.7 86.6 84.1 81.9 79.4 78.4 78.9 80.4 81.8 78.8 76.2 75.7 72.8 71.3 71.6 71.1 73 71 70.6 70.1 68.3 67.1 68.1 66 63.2 63.1 61.8 58.5 56.1 53.3 47.6 46.8 45.9 44.5 44.3 44.1 43.9 43.6 45.5 47.9 51.4 55.3 62.2 67.7 65.2 65.1 63.3 60.6 61 61.8 62.6 63.5 64.7 69.1 82 95.6 110.9 125.6 140.5 150.3 152.4 162.6 167.1 172.1 177.6 185.4 193.8 200.1 204.3 207.3 209.3 210.9 216.8 219.7 222.2 226.8 238.2 243.9 256.7 269.1 279 286.7 292.9 297.5 316.5 322.4 337 343
91.9 91.8 92.8 92 89.3 88.6 88 87.8 89 88.5 88 88.8 90.2 87.1 85.5 84.7 82.2 83 80.9 78.9 76.3 74 72.7 71.6 71 70 69.9 68.8 66.6 65.1 65.2 62.8 61 57.7 52.9 47.8 45.6 44.5 43.5 43.2 42.7 42.4 44 46.6 50.5 54.6 60 66.7 65.9 64.2 63.1 60.4 60.1 61.1 63.2 63.2 63.2 66.2 74 89 109.2 129.1 141.6 151 157.7 169.6 177.5 179.4 185.1 190.9 199.3 206.8 212.1 216.3 215 214.2 216.6 220.3 223.7 229.7 239.7 245 253.2 265.9 276.2 286.7 290.7 297.9 312.8 318.7 332 339.8
94.8 91.2 91.1 92 91.1 90.1 89.7 89.9 90.4 92.3 93.9 93.5 93.8 95.4 94.2 91.4 89 86.6 83.8 79.8 76.9 75.2 74 72.9 72.6 72 72.7 72.3 70.6 68.6 67 65 63 59.8 55 50 46.7 44.5 43.1 42.5 42 41.5 42.7 45.4 48.6 52.9 57.9 64.4 65.3 64.1 62.5 60.3 59.2 61.3 63.8 63.3 62.7 63.6 68.6 79.2 105.4 127 142.1 155.4 163.3 173.4 184.2 185.6 190.9 199.5 209.3 216.8 223.1 226.5 225.9 221.3 219.4 223.1 226.9 233.4 238.9 244.2 251.8 261 270.4 282.3 295.9 295.6 304.9 318.5 325.1 330.7
97.7 92.6 89.5 90.1 90.7 90.3 90.2 90.9 91.4 92.6 95.8 96.3 95.8 96.6 97.5 95.6 92.3 89.3 85.9 81.1 77.7 76.5 75.4 74.3 74.2 74.1 75.6 76.1 74.8 72.3 68.9 66.9 64.4 61.1 58.7 53.7 47.8 44.5 42.7 41.8 41.4 41 41.2 45.2 48.4 50.7 55.6 61.5 63.8 62.8 60.9 59.4 58.4 62.6 64.7 62.9 62.6 62.5 66.3 74.1 96.4 122.6 141 155 166.8 173.9 186.5 190.8 199.7 209 219 225.1 232.4 237.4 238.6 235.9 229.8 224.8 229.1 233.7 236.5 242.4 249.1 256.6 264.5 276.2 288.4 291.2 299.4 313.6 321.2 322.2
100.8 95.4 89.9 87.9 89 89.8 89.7 90.5 91.5 93.2 96.9 98 98.9 98.8 99.9 98.9 95.4 90.6 86.7 82.7 79.2 78 76.8 76.1 76.4 77.9 79.2 79.7 79.2 76.3 73.3 69.8 66.5 63.3 60.3 56.6 51.5 46.3 43.4 41 41.1 40.6 40.8 44.3 47.2 49.7 52.6 57.4 59.5 61.6 59.8 57.9 57.7 63.6 65.3 64.3 62.3 62.2 64.6 69 83 113.8 135.2 154.4 170.2 175.3 192.1 193.1 204.8 218.4 227.7 234.1 242.6 248.9 251.8 249.3 239.5 231.7 227 234.7 234.1 239.1 245.3 252.8 259.9 266.4 276.9 282.2 292.7 305 318.1 316.1
114.6 98.7 93.1 87.8 87.1 88 88.4 89.4 90.5 93.1 96.5 100 102 103.4 103 102.2 99.6 95.3 88.8 83.7 80.7 78.3 78.3 78.4 80.1 81.8 82.8 83.5 83.1 80.7 77.7 73.8 68.8 64.9 62 59 54 50.5 45.8 41.4 40.5 40.3 40.1 41.1 45.2 48.2 51.8 54.6 57.3 59.5 59 55 59.6 65.6 66.9 66 62.4 61.8 62 65.9 74.9 101.6 129.2 149.9 171.6 175.2 194.8 193 205.3 222.8 235.4 241 251.6 258.9 263.4 261 252.9 237.3 230.4 226.4 228.8 233.2 240.2 248.1 256 264.8 266.8 272.1 284.1 294.5 306.9 310.6
129.4 115.2 97.3 91.1 86.5 86.2 87.3 88.1 88.3 89.6 94.2 99 104.1 108.5 107.2 105.1 102.9 99.5 91.8 84 80.6 78.5 78.7 80.3 81.4 83 84.3 86.5 86.2 84.6 81.6 77.6 72.4 66.3 64.1 61.5 57.4 54.9 50 43.4 40.1 39.5 38.7 38.6 43 46.2 48.9 52.3 55 57.3 57.2 53.1 60.3 67.3 69.3 67.9 64.8 63 61.6 63.9 69.3 90.2 116.9 138.5 161.4 173.3 190.7 192.8 203.9 224.7 238.2 244.4 261.3 269.2 270.3 261.4 253.1 236.8 230 228 223.5 227 234.1 242.6 249.7 258.4 266 267.2 273.8 289.1 295.8 302.6
139.4 128.2 111.1 95.9 89.6 85.6 85.8 86.4 87 86.5 90.6 95.9 102 109.1 110.4 106.8 103.8 101.6 95.4 86.7 79.5 77.4 78.3 80.6 82.5 84.1 85.7 87.7 88.4 87.7 85.8 81.7 76.8 70.9 64.3 64 60.4 56.1 54.9 46.4 41.3 39.2 38.7 38.1 40.9 43.1 45.1 49.7 52.6 55.1 53.4 53.2 60 67.6 73.5 71.4 68.5 64.5 60.9 61.3 64.3 72.6 100.7 128.5 153.3 167.1 178.2 190.4 206.4 224.7 236 247.9 261.2 270.6 266.6 254.1 245.7 233.5 229.1 223 219.5 221.6 226.1 236 244 252.6 260.9 264.7 268.5 277.9 286.7 291.2
147.2 135.6 123.1 106.7 94.5 88.5 85.9 84.8 85.2 86 85.9 91.4 97.8 106.4 109 107 103.2 100.5 95 88.5 81.1 75.3 75.9 77.9 81.9 84 86 88.4 89.7 89.1 87.8 85.5 80.7 75.4 66.3 63.2 60.9 57.1 55.8 51.8 43.6 40 38.6 37.7 36.6 41.9 43.8 45 49.6 49.8 47.5 53.7 60.7 67.6 76.6 80.6 71.3 66.9 61.5 59.8 61.6 65.7 82.9 116.1 136.4 156 170.2 178.3 203.9 216.3 228.1 245.8 256.9 267.6 261.4 246.3 237.9 235.3 227.9 221.7 216.5 217.6 222 229.9 238.7 245.4 250.6 259.4 264.2 274.3 278.2 279.2
153.9 143.5 130.4 117.1 102.9 93.2 87.1 85.1 83.8 84.4 84.4 85.6 91.3 98.6 103.7 104.7 103.7 98.7 93.7 87.9 81 73.7 72.9 74.9 78.6 83.2 85.2 86.7 89 89.7 88.7 87 84.6 79.6 72.6 62.8 59.8 57.2 56.3 55.4 48.5 41.6 38.7 37.5 36.7 36.2 43.1 42.5 42.7 48.8 50.4 53.6 59.6 65.8 78.5 90.9 84.9 70.5 64 59.4 59.5 62.2 66.4 88.9 116.2 140.9 155.9 169.5 200.1 210.7 225.5 227.5 251.7 260.2 257.4 241.4 234.6 231.7 225.3 218.3 214.3 214.7 218.2 224.6 231.2 237.8 243.2 249.4 259.7 271.5 272.3 275.7
158.4 153.4 138.7 124.9 111.7 99.6 90.9 84.9 83.1 82.3 82.5 82 83.8 90 95.8 99.2 99.3 96.2 91.9 86.2 79.8 73.8 70.4 72 75 79.6 83.8 85.5 87.5 89.6 88.8 87.8 87.3 85.2 78.1 70.6 58.7 56.7 56.3 55.9 51.4 44.1 39.7 37.6 36.5 35.8 36.1 38.1 40 48.3 47.9 52.4 57.4 64.2 75.1 97.6 99.9 83.4 68.6 61.4 59.2 59.3 62.2 69.9 98.7 129 141 161 193.6 212.2 221.1 219.2 241 250.9 252 239.4 231.5 226.7 223.6 219.3 213.7 212.6 212.4 216.9 223.7 230 234.8 241.6 252.7 261.4 269.2 271.3
153.6 152.7 145.4 132.2 119 105.9 94.9 87.2 82.8 81 81.1 80.2 78.7 81.5 87.4 91.5 93.1 90.6 88.3 84.8 79.7 74.4 68.4 69.1 71.4 75.7 79.7 83.5 84.9 86.9 88.8 88.4 88.3 89.3 85.2 75.3 67.2 55.6 55.4 54.6 53.8 50.2 42.1 38.7 37.1 36.1 35.6 34.5 37.3 40.3 45 52 57.2 64 73.4 94.3 112.5 100.2 78.7 66.3 59 57.5 59.1 59.8 72.7 108.2 131 150.5 183.4 208.3 219 218.6 223.4 240.4 243.7 237.6 228.7 226.5 227 223.7 217.2 209.2 207.6 208.5 215.8 221.4 226 233.7 243.5 252.8 262.4 269
145.5 147.7 145.9 137.2 125.4 112.4 99.4 90 84.3 80.6 79.5 78.3 76.7 76.1 79.2 83.4 85 86.3 84.3 82.2 79.7 74.8 68.3 66.3 68.8 72.1 75.8 80 82.9 84.3 87.5 89.6 89.5 88.8 87.3 81.3 73.4 62 54.3 53.4 52.4 52.2 46.6 40.3 38.1 38.2 36.4 34.1 34.3 35.6 41.6 48.8 55.8 63.2 72.6 91.6 112.9 117.3 97.7 72.4 64 56.3 56.6 58.1 62.6 85.2 118.5 135.8 167.5 196.4 209.8 220.6 214 229.3 235 230 226.9 227.1 226.8 228 219.6 214.4 205.1 202.9 207.1 212.4 217 225.9 232.6 240.5 252.6 262.2
140.6 138.5 138.9 135.4 129 117.9 107.8 95.7 87.1 81.5 79 77.9 75.4 73.6 72.6 75.2 78 79.7 81.6 80.6 78.9 75.1 68.8 65.1 66.2 68.9 72 75.8 79.7 82.3 84 87.1 90.4 90 88.4 85.7 77.7 67.1 56.9 53.5 53.1 52 50.6 41.7 40.1 41.1 41 37.7 32.8 32.7 36 44.9 52.4 62 69.8 88.5 107.7 129.4 116.6 94.5 71.9 61.8 55.4 56.2 58.8 68.9 97.9 120.9 149 181.1 199.7 213.5 214.5 219.1 222.1 222.1 223.7 228.3 229.6 226.7 222 213.9 207.5 201.2 201 203.2 206.7 214.7 222.8 230.2 240.4 249.6
136.8 133.5 130.3 129.3 125.4 120.6 112.6 103.6 92.5 85.9 80.7 78.2 75.2 73.3 72.1 72.2 72.9 75 77.4 77.6 76.3 74 68.9 63.6 63.5 64.7 67.9 71.4 75.5 78.2 80.9 84.5 89.5 89.5 88.9 88.3 87.1 71.2 61.4 54.9 52.8 51.9 52.5 43.5 42.1 42.9 44.6 40.3 36.2 31.9 30.9 38.5 49.4 58.8 67.4 84.4 99.3 119.7 136.1 114.4 89.3 70.3 57.9 54.4 55.3 57.2 76.8 108.1 133.5 162.8 189.7 204.4 208.5 206.4 208.7 214 219.1 226.2 229.9 227 224.1 214.4 209.1 202.6 198.2 197.3 198.5 203.6 214.7 220.8 227.5 231.6
130.9 128.6 125.6 125 123.1 120.5 118.2 109.7 99.9 91.7 85.2 80.7 77 75.8 73.1 71.6 71.2 71.4 74 74.3 73.5 72.5 69.7 64.3 61.1 61.1 63.2 66.6 73 76 77.4 79.3 90.2 88.5 87.1 86.1 84.6 77.6 65.7 58.5 52.7 51.9 53 47.9 45.3 45.5 45.6 43.5 40.8 34.4 30.6 31.5 42.5 54.3 60.9 77.1 92.4 110.1 137.2 131.5 108.7 81.5 65 54.2 52.4 54.1 58.5 93.5 117.6 148.4 177.6 190 200.3 202.6 203.2 210.5 219.3 225.6 228 229 226.6 223.6 216.6 206.6 197.9 191.9 189.3 196.6 204.1 209.3 212.6 216.2
128.3 125.2 123 121.4 120.3 119.4 117.7 115.8 106.3 98.8 92.4 86.4 83 81 77.5 73.3 71.7 71.2 71 71.7 71.6 70.1 67.5 65 61.1 58.8 58.8 61.1 64.4 69.7 72.5 71.8 77.8 86.7 83.9 82.4 80.6 77.1 69 61.7 53 51.7 50.6 48 44.8 43.8 44.4 44.6 45.2 38.6 30.2 29.2 33.8 46.6 54.9 72.4 88.4 100.4 124.5 141.7 123.2 98.5 69.6 58.8 52.7 52.3 53.9 78.3 105.5 131 160.8 176.7 191.1 194.4 202.1 205.9 214 218.8 228.2 232.2 230.4 231.7 225 212.3 202.1 193.2 182.2 187.3 196.3 198.2 199 200.9
127.3 123.2 121.7 119.9 119.5 118.9 117.5 117 114.1 109.1 100.2 94.7 88.3 86.3 82.4 79.3 75.9 71.8 71.9 70.9 70.3 68.9 65.6 63.1 61.1 58.8 56.7 58.2 59.5 63 67.8 67.4 66 75.4 78.3 79.6 75.8 72.6 68.7 62.4 55.5 51.7 50.3 47.1 43 42.9 43.6 44.2 44.2 39 31.3 28.8 29.4 38.3 47 67.5 85 94.4 107.8 133.1 133.7 109.2 79.6 66 56.1 50.9 51.6 54.6 84.9 117.3 144.4 163.4 180.8 191.4 199.3 205.4 206.1 213.8 228.2 234.2 233.6 234.2 228.1 218.4 202.2 192.5 183.4 172.8 179.7 182 184.4 187.1
126.3 122.8 121.6 120 119.2 118.7 119 119.3 118.8 117.5 112.4 104.6 97.4 90.9 87.8 84.7 82.2 78.8 75.5 73.7 70.5 69.2 65.9 62.4 60.4 58.4 56 55 55.4 56.7 60.9 62.4 61 62.6 67.9 73.2 70.9 67.9 66.1 63.2 55.2 51.7 50.2 48.4 42.6 40.9 41.9 44.6 46.4 43.2 36.1 29.3 28 33 40.8 59.9 84.2 92.8 98.2 114.6 130.6 118.2 90.7 74.1 62.5 53 49.8 49.7 65.5 100.3 129.6 155.7 171.6 189.5 198.3 202.8 201.6 207.8 222.1 232.2 236.4 239.2 228.7 218.3 204.1 191.7 180.5 172.4 165.7 168.8 173.3 173.2
126 122.9 122.2 121.1 120 120.6 121.8 123.6 124.5 123.8 122.2 116.4 109.9 102.8 96.4 90.2 88.1 86.7 82.4 78.1 73.9 71.1 69.3 67 61.1 57.8 56.1 53.2 51.8 51.1 54.5 59.2 57 56.3 60.5 63.4 63.6 62.9 63.3 61.4 55.7 50.9 50.3 51.9 47.5 40.9 38.7 42.5 43.7 41.9 38 31.7 27.5 28.5 35.6 49.3 75.8 91.7 96.8 99.9 115.6 120 99.2 79.9 72.2 59.5 48.9 48 52 84 113.5 137.6 161.9 182.6 188.1 190.8 193.1 204.1 212.4 227.2 231 235.7 225.6 216.2 206.1 192.9 180.6 169.6 161.1 159.4 163.7 161.5
123.6 122.6 122.7 123.5 123.2 124.6 125.9 128.9 130.3 131.3 131.2 128 123.3 116.3 107.9 100.7 95.5 92.4 88.3 84.8 79.9 76.1 72.7 70.7 64.6 58.3 54.9 53.7 50.8 49.4 48.6 53 53.7 53.5 54.5 57.2 58.6 58.7 62.1 59.5 55.1 51.4 51.1 53.1 52.5 48 39 36.7 40.1 40.2 36 34.6 28.1 25.9 30.4 45.8 60.6 81.2 94.7 102.1 101.6 115.1 106.5 84.2 82.2 70.5 56.1 47.7 49.2 64.9 94.6 117 142.7 162.3 175.1 181.8 192.9 205 207.9 216.3 225.4 225.2 216.8 211.2 204.4 192.1 177.4 166.1 157.2 154 153.8 151.7
119.4 122.6 123.4 125.1 127.4 128.6 130.1 132.8 138.2 141.1 141.8 137.3 132.9 128.5 121.2 112.5 103.8 98.5 96.1 92.2 88.9 83.2 75.6 71.6 68.1 61.8 56.1 52.4 50.7 49.4 48.3 47.5 49 49.9 51 53.4 53.4 54.3 54 55.9 54.6 51.2 52.4 55.3 58.6 54.1 47.4 37 35.2 37.1 35.5 31.3 29.5 25.6 28 40.4 53.1 68.5 88.2 105.9 105.5 103.7 110.6 87.7 85.6 80.4 65.1 49 45.6 51.4 76.1 101.1 124.2 143.5 162.9 173.6 189.7 203.8 211.2 203.4 220 215.2 207 203.6 200.3 191 174.3 160.6 152.5 146.8 145.1 143.7
113 117.7 123.1 125.4 128.8 132.2 134.4 139.2 146.7 151.7 154.1 155.1 151.6 140.6 132.8 124.9 117 110 104.6 99.4 94.3 90.5 83 74.7 69.6 65.2 59.8 54.3 51.4 49.7 48.4 47.1 46.9 47.9 48.4 51.1 51.5 51.1 52 54.7 56 51.3 53.8 59.4 61.8 61.9 54.7 45.3 35.1 33.5 34.1 30.1 27.2 24.4 27.6 33 46.4 59.7 76.9 99.4 114.7 106.3 105.1 91.6 88.9 88.1 71.8 57.9 44.4 46.3 54.9 81.3 108.4 129.2 145.7 164.4 184.4 202.1 208.4 201.9 207.3 211.1 199.1 195.6 189.6 178.1 165.5 155.2 146.4 138.7 137.8 139.3
108.6 113.7 121.6 125.7 129 134.4 137.6 143.3 149.8 157.1 163.3 166.4 164.1 159.9 152.2 140 129.9 122.4 113.5 105.9 99.3 93.9 89.5 81.2 72.3 68 63.5 56.8 52.6 50.1 48.8 47.4 46.5 46.2 47.2 48.8 50.5 49.9 49.7 50.7 51.9 51.8 54.4 63.1 65.3 69.7 64 55.8 43.2 32.9 31 29.5 25.2 23.5 26.2 31.3 41 55.3 66.4 86.9 110.6 117.4 99 92.3 88.2 89 77.2 67.1 47.7 42.3 51.1 62.4 91.4 112 130.8 149.7 169.6 191.6 199.8 200.9 191.3 193.9 193.5 183.4 178.4 170.8 162.9 151.6 139.2 132.9 134.1 138.4
104.5 109.4 117.6 125.5 128.6 133.4 137.7 143.4 149.9 156.8 164.2 171.1 177.1 173.2 167.3 161.8 146.9 134.9 125.8 112.8 105.2 98.7 93.3 87.7 80 71.9 66.5 60.5 56.2 52 50.1 48.2 46.6 46 46 46.4 48.5 49.3 47.6 47.7 48.1 50.3 55.2 63.6 66.3 78 73.3 64 51.9 40.6 29 26.7 24.7 21.6 25.4 32.9 42.3 52.8 60.3 73.6 95.5 112.5 104.8 87.4 82.1 87.7 78.3 70.3 54.9 39.8 44.2 55.2 75.5 96.1 114.7 134.9 157.6 177.4 189.2 190.2 177.8 174.7 172.4 170.4 168.2 164.4 151.6 138.5 132.1 129 134.1 141.8
102.4 105.8 113.9 120.6 126.1 130.2 136.4 141.9 148.3 154.4 163.2 169.8 177 182.3 179.2 171.6 159.9 145.4 135.2 121.2 114.4 104.3 97 91.4 85.4 78.7 69.9 64.6 60.8 56.2 51.5 49.2 47.2 46.7 45.8 45.3 45.6 47.6 48.1 47 45.3 46.3 51.4 64.5 68.7 77.2 80.6 71.8 60.9 46.9 36 25.6 23.9 22.6 20 29.8 37.7 49.3 57.9 66 80.8 99.7 105.5 84.4 77.2 80.6 75.5 69.3 58.2 39.3 39.9 48.2 65.2 82.3 103.9 124.4 150.3 163.2 171.1 170.1 162 158.1 158.2 159.6 157.6 151.3 136.7 129.3 126.5 127.6 136.5 141.7
