app/static/ascii/NX97.asc
ncols 200
nrows 200
xllcorner 290000
yllcorner 570000
cellsize 50
[rows 152 to 189 of 200, columns 86 to 171 of 200]
103.1 100.3 95.8 85.6 71.2 55.9 42.6 28.4 14.9 8.5 8.1 7.8 7.9 8.1 8.2 8.3 8.3 8.2 8.2 8.1 7.9 7.6 7.5 7.7 8.2 10.8 14.3 18.6 23.4 28.2 32.6 37.1 40.8 40.8 39 36.7 34.2 29.8 25.3 22.7 21.6 21.3 20 17 14.9 14 12.1 10.7 9.1 7.7 6.4 6.3 6.2 6.5 -2.1 6.6 -2.1 -2.1 -2.1 5.6 5.8 5.4 5.5 -2.1 -2.1 4 4.7 5.2 5.5 5.8 6.1 7.1 7.9 8.2 9 10 11 12.3 13.6 14.1 14.8 16.4 17.8 18.6 18.1 20.4
120.6 117.9 115 108.5 91.6 76.4 58.2 42.4 24.8 13.4 8.4 8.2 8.2 8.3 8.5 8.6 8.7 8.7 8.6 8.6 8.3 8.1 7.9 7.6 7.3 8.1 12.8 17.3 20.9 24.8 28.9 34.7 40.3 41.9 39.9 37.7 34.7 31.7 26.5 23.1 20 19.6 17.5 16.1 14.6 13.6 11.8 10.6 9.4 7.5 6.5 6.4 6.6 6.7 6.7 -2.1 -2.1 5.3 5.9 5.4 5.7 5.9 5.4 -2.1 -2.1 4.4 5.6 5.2 5.5 5.8 6.1 6.6 7.4 8.2 9.1 10.1 11.1 12.1 13.1 14.1 14.9 15.9 16.4 17.1 17.6 20.6
136.3 136.8 134.5 130.4 124.6 100.5 77.7 58.3 41.3 25.1 14.1 11.7 8.9 8.8 8.9 8.9 9 9 9.1 9 8.8 8.6 8.4 7.9 7.2 8.3 10 15.1 18.6 22.1 25.4 30.3 35.9 40.6 40.9 38.2 35.2 32.2 28.6 23.6 19.9 18.1 16.9 15.7 14.3 13.1 11.1 9.3 8.1 7.7 6.7 6.6 6.7 6.7 6.7 6.4 -2.1 5.3 5.9 5.3 5.1 6.1 -2.1 -2.1 -2.1 5.2 5.2 5.6 5.5 5.8 6.1 6.6 7.3 8 8.8 9.9 10.9 11.9 13.1 14.4 14.9 15.1 15.7 16.3 18.2 21.7
142.9 148.9 150.5 143.7 135.3 126.3 99.9 77.7 56.4 39.8 24.6 14.1 9.6 9.2 9.3 9.3 9.1 9.3 9.4 9.5 9.3 9.1 8.9 8.5 8.4 8.3 8.2 9.2 15 17.2 21.6 24.9 31.2 36.6 39.6 38.7 35.7 32.7 29.3 24.9 21 18.2 16.3 15.2 14.1 12.5 10.5 8.5 7.3 7 6.7 6.7 6.8 6.8 6.5 6.1 5.7 -2.1 5.6 3.1 5.1 -2.1 -2.1 -2.1 -2.1 -2.1 5.8 5.6 5.5 5.7 6 6.5 7.3 7.8 8.6 9.6 10.6 11.8 13.1 14.1 14.3 14.4 15 16.6 18.9 23
144.8 148.1 150.4 152 150.7 134.9 116.5 97.2 75.5 53.4 35.7 23.1 12.9 9.6 9.7 9.7 9.5 9.3 9.5 9.4 9.6 9.4 9.2 9 8.8 8.5 8.4 8.3 8.8 13.9 17.5 20.3 24.4 30.6 35.3 37.7 36.2 33.2 29.6 25.3 22.9 18.7 16.1 14.7 13.9 12.8 10.9 9.2 7.4 7 6.7 6.7 6.8 6.6 6.2 5.8 5.6 5.4 5.6 5.2 4.9 4.6 5.7 -2.1 -2.1 -2.1 5.4 5.1 5.4 5.7 6 6.5 7.1 7.6 8.3 9.3 10.5 11.6 12.6 13.5 13.7 13.8 14.7 16.9 18.7 21
141.3 142.2 149.2 155 154.7 140.5 124.4 109.4 92 70.6 48.7 33.3 18.6 12.5 10.1 10.1 9.9 9.7 9.4 9.4 9.5 9.6 9.4 9.1 8.9 8.8 8.6 8.6 8.1 9 12.5 15.7 18.2 23.4 29.1 33.6 35.5 33.7 29.9 26.7 24.7 20.4 16.5 14.6 13.9 12.5 11 9.5 7.6 7 6.7 6.7 6.6 6.3 6 5.7 5.6 5.5 5.4 5.4 5.1 5.1 5.1 4.8 -2.1 -2.1 4.8 5.1 5.4 5.6 5.9 6.2 6.8 7.3 7.9 9 10.1 11.1 12.2 12.8 13 13.3 14.6 16.4 18.1 20.3
133.7 135.8 142 142.8 145.1 138 130.6 118.7 99.5 82.3 64.3 39.4 26.1 17.4 12 10.3 9.9 9.5 9.2 9.3 9.4 9.6 9.5 9.3 9.2 9 8.9 8.6 7.9 8.1 8.9 12 14.2 16.5 22.8 29 33.4 33.7 31.1 28.2 26.2 22.6 18.1 14.5 13.4 12 10.6 9.2 7.7 7 6.7 6.6 6.3 6.1 5.9 5.8 5.6 5.5 5.5 5.5 5.4 5.3 5.2 5.5 -2.1 -2.1 4.7 5 5.3 5.6 5.7 5.8 6 6.5 7.1 8.2 9.4 10.5 11.6 12.3 13 13.6 14.2 15.9 17.6 19.8
128.1 128.7 137.3 147.1 156.5 158.2 152.2 121.6 104 86.6 69.5 49.8 34.7 24.2 13.5 10.9 10.3 9.7 9.2 9.2 9.4 9.5 9.7 9.7 9.4 9.3 9.1 8.5 7.6 7.2 7.5 8.6 10.8 13 16 22.5 29.2 32.2 31 28.5 25.7 22.8 19.6 15.4 13.5 11.9 10.4 9 7.8 7.2 6.6 6.4 6.2 6 5.9 5.8 5.7 5.6 5.6 5.6 5.5 5.3 5.2 5.4 -2.1 -2.1 -2.1 4.9 5.3 5.3 5.4 5.6 5.7 5.9 6.2 7.3 8.5 9.8 10.7 11.6 12.2 12.8 13.7 14.8 16.3 18.8
123.4 127.9 139.4 154.8 164 161.2 147.2 123.4 102.8 86 69.8 52.6 40.1 28.2 14.1 11.1 10.2 9.8 9.7 9.2 9.4 9.6 9.7 9.8 9.8 9.8 9.9 9.2 8.3 7.7 7.6 7.5 7.6 8.5 11.5 16.3 23.3 27.6 29.1 28.1 25.4 22.9 20.1 16.3 14 12 10.6 9.2 7.9 7 6.6 6.4 6.2 6 5.9 5.9 5.8 5.7 5.7 5.6 5.5 5.4 5.2 5 -2.1 -2.1 -2.1 4.8 5.5 5.4 5.4 5.4 5.4 5.5 5.7 6.2 7.4 8.5 9.9 10.8 11.4 12.2 13.3 14.4 15.4 18.1
118.9 125.3 140.4 154.3 164.3 161 147.4 123.9 105.1 85 71.5 59.3 45.4 31.7 17.3 12.5 10.4 10.4 10.3 9.8 9.4 9.6 9.7 9.8 9.8 9.7 9.6 10.2 9.8 8.6 8.4 7.5 7.4 7.5 8 12.7 17.1 23 25.5 26.2 24.9 22.5 20.1 16.5 14.5 12.6 10.8 8.7 7.8 6.9 6.6 6.3 6.1 6 6 5.9 5.8 5.8 5.7 5.6 5.5 5.4 5.3 5 4.7 -2.1 -2.1 -2.1 5.6 5.6 5.6 5.5 5.4 5.4 5.4 5.1 6.1 7.2 8.6 10 10.7 11.8 12.8 13.7 14.7 16.2
113.7 119.3 131.5 143.6 148.8 148.7 138.9 124.4 107.1 89.3 73.3 60.7 47.9 35.2 24.7 19.4 14.1 11.4 10.9 10.4 9.8 9.6 9.8 9.6 9.4 9.2 9.6 9.8 9.9 9.2 9.7 8.4 7.3 7.4 7.5 10.5 13.5 18 21.7 23.8 24.4 22.3 19.9 16.1 14.1 12.5 11 8.6 7.4 6.9 6.6 6.3 6.1 6 6 5.8 5.7 5.7 5.6 5.5 5.5 5.4 5.3 5.5 4.8 4.7 -2.1 -2.1 -2.1 5.3 5.2 5.2 5.1 5.3 5.6 5.3 5.1 5.9 7.3 8.8 10.1 11.1 12.1 13.1 14.1 15.1
105.7 110.3 119 129.8 136.9 144.5 140.7 128.7 111.3 93.9 78.8 67.4 61.4 47.7 36.9 35.6 27.7 16.8 13 11.6 10.8 10 9 8.8 8.9 8.9 8.9 9 9.8 10 10.3 9.4 7.8 7.3 7.6 8.3 10.5 14.5 18.2 20.5 22.2 22.1 19.9 16.1 14.3 12.8 10.6 8.3 7.3 6.9 6.6 6.3 6.1 6 5.8 5.6 5.5 5.5 5.4 5.4 5.4 5.3 5.2 5.5 5.8 4.7 -2.1 -2.1 -2.1 5 4.9 4.9 5.1 5.3 5.6 5.5 5.3 5.1 6 7.7 9 10.2 11.2 12.2 13.2 14.4
94.6 100.7 105.5 112.8 130.3 138.2 140.8 140.9 122.8 99.2 88.1 78.9 74.5 67.6 48.2 46.2 46.7 38.5 22.9 13.2 11.4 9.8 8.9 8.6 8.5 8.5 8.4 8.4 8.2 9.2 9.6 8.2 7.6 7.3 7.7 8 8.5 11.9 14.6 17.1 19.7 20.9 19.7 16.6 14.7 12.7 10.3 8.6 7.1 6.8 6.4 6.2 5.9 5.7 5.5 5.3 5.3 5.3 5.2 5.2 5.2 5.2 5.2 5.3 5.6 5 4.8 -2.1 -2.1 -2.1 4.7 4.8 5.1 5.3 5.6 5.7 5.5 5.3 5.3 6.6 7.7 9 10.3 11.3 12.3 13.7
88.2 93.1 100 109.3 115.1 125.3 132.5 137.5 133.2 113 101.3 89 79.9 70.7 59.4 55 61.6 52.5 38.8 21.1 13.1 9.9 8.9 8.5 8.8 8.6 8.3 8 8 7.6 7.3 7 7 7.5 7.9 8.3 8.4 9.6 11.8 14.2 16.5 17.7 18.1 15.9 14.2 13.5 12.4 10.2 8.2 6.6 6.3 5.9 5.7 5.5 5.3 5.1 5.1 5.1 5.1 5.1 5.1 5.1 5.4 5.5 5.4 5.2 4.5 4.9 -2.1 -2.1 -2.1 4.8 5.1 5.3 5.6 5.9 5.7 5.5 5.3 6.1 7 8.1 9.2 10.3 11.6 13
90 83.3 91.9 102.2 106.1 112.2 119.7 124.6 126.8 128.9 122.7 109.5 93.9 78.5 72.3 61.5 62.1 62.5 47.9 35.2 17.9 11.9 9.5 9.1 9 8.7 8.4 8.1 7.8 7.2 7.1 7 7 7 8 8.5 8.7 8.6 10 12.2 14.2 14.9 15.1 14.6 14 13.3 12.4 11.2 9 6.7 6.1 5.7 5.5 5.3 5.3 5.2 5.1 5.1 5.1 5.1 5.1 5.3 5.6 5.8 5.7 5.2 4.8 -2.1 -1.1 -2.1 -2.1 -2.1 4.8 4.9 5.1 5.1 5.2 5.5 4.9 5.6 6.5 7.4 8.4 9.5 10.7 12.1
96.6 84.6 78.6 89.2 93.2 98.4 101.9 112 119.4 125.7 128.1 119.6 102.9 86.5 78.9 67.8 58.6 58.1 50.6 37.1 26.7 15.3 11.4 9.6 9.2 8.8 8.5 8.2 7.9 7.4 7.3 7.2 7.1 7 7.3 8.3 8.9 8.8 9.3 11.5 13.2 14 14.7 14.3 13.7 13 12.3 11.2 8.7 6.7 6 5.5 5.5 5.4 5.3 5.3 5.2 5.1 5.1 5.1 5.3 5.5 5.8 6.1 5.5 -2.1 -2.1 -2.1 5.1 4.3 -2.1 -2.1 -2.1 4.7 4.7 4.7 4.7 4.7 4.7 5.2 6 6.9 7.7 8.6 9.9 11.2
104.9 89.7 77.4 70.4 78.4 84.3 89.6 97.9 102.9 107 109.8 108.6 101.5 91.5 82.3 73.5 59.9 53.5 50.7 39.8 30.8 23.7 12.7 10.4 9.2 9 8.6 8.3 8 7.7 7.6 7.4 7.3 7.2 7.1 7.8 8.7 9.2 9.1 10.8 12.1 12.9 13.4 14.1 13.6 12.8 12.1 10.9 8.7 6.5 5.7 5.5 5.5 5.4 5.4 5.3 5.3 5.2 5.1 5.2 5.5 5.6 5.6 -2.1 -2.1 -2.1 5.5 5.2 5 4.7 1.3 -2.1 -2.1 -2.1 4.7 4.7 4.7 4.7 4.7 4.7 5.4 6.1 6.6 7.7 8.9 10.3
107.5 94.5 82.1 70.4 65 70.6 75.3 80.6 86.1 90 92.6 92.5 91.2 87.2 81.1 72.1 63.9 53.3 46.5 39.8 31.4 19.5 11.9 10.4 9.2 9 8.7 8.4 8.1 7.9 7.8 7.7 7.5 7.4 7.6 7.8 8.2 8.8 9.3 10.1 10.9 12 13 13.7 13.5 13.1 12.3 11.6 9.6 6.9 6.1 5.7 5.4 5.4 5.4 5.4 5.5 5.4 5.4 5.4 5.3 5.3 5.4 5.3 -2.1 5 5.3 5 4.8 4.7 4.7 -2.1 -2.1 -2.1 -2.1 -2.1 4.7 4.7 4.7 4.7 4.7 4.9 5.6 6.4 8.2 9.3
107.3 95.2 84.8 73.6 63.6 58.4 61.7 65.7 69.7 73.3 76.1 78.3 76.5 74.6 70.2 66.4 60.2 53.1 43.4 36.9 29.1 19.4 11.8 10.2 9.2 9 8.7 8.4 8.1 8.1 8 7.8 7.8 8 7.9 7.7 7.7 8.3 8.9 9.5 10.5 11.6 12.7 13.3 13.1 12.9 12.6 12 11.4 9.5 6.6 6.1 5.6 5.4 5.4 5.4 5.6 5.7 5.7 5.7 5.6 5.4 5.2 5 -2.1 -2.1 -2.1 5.1 4.9 4.7 4.7 3.1 0.1 -2.1 -2.1 -2.1 -2.1 4.6 4.7 4.7 4.7 4.7 4.7 5.1 6.5 9
104.9 95.8 86.8 77.3 67.2 57.8 51.9 51.9 53.7 56.6 59.5 60.5 59.5 59.3 57.2 56.1 54.9 49.9 42.5 33.1 26.9 16.7 10.8 9.6 9.2 8.9 8.7 8.4 8.1 8.2 8.2 8.2 8 7.9 7.8 7.7 7.6 7.7 8.4 9.2 10.2 11.2 12.3 12.9 12.7 12.5 12.5 12.3 11.8 10.8 7.1 6.6 6.1 5.6 5.4 5.5 5.6 5.7 5.7 5.7 5.6 5.3 5 -2.1 -2.1 -2.1 -2.1 5.4 5.2 4.9 4.7 4.7 2.5 0.3 -2.1 -2.1 -2.1 -2.1 4.7 4.7 4.7 4.7 4.7 4.7 -2.1 6.2
104 95.4 89 80.4 70.6 59.7 49.7 43.4 41.4 43 45.1 47.3 47.4 46.2 44.8 44.3 44.9 43.3 38.5 31.9 21.8 14.6 11.2 9.3 9.1 8.9 8.6 8.4 8.1 8.2 8.3 8.1 8 7.9 7.7 7.6 7.5 7.6 8 9.5 10.4 11.3 12.2 12.5 12.3 12 12.1 12.4 11.9 11.3 9.5 6.4 5.9 5.7 5.4 5.4 5.5 5.6 5.6 5.5 5.5 5.5 5.3 -2.1 -2.1 -2.1 -2.1 -2.1 -2.1 4.8 4.7 4.7 4.7 3 1.6 -2.1 -2.1 -2.1 -2.1 -2.1 4.7 4.8 4.7 4.7 -2.1 5.3
108.7 98.6 89.1 82.2 73.3 62.5 54.8 47.4 40.4 37.9 33.4 36.7 37.3 35.5 33.9 33 32.5 31.3 29.4 25.3 18.5 12.6 10.9 9.6 9 8.8 8.6 8.4 8.1 8.2 8.3 8.2 8 7.8 7.7 7.5 7.4 7.5 8.7 9.7 10.6 11.4 11.9 12 11.8 11.6 11.7 12.1 12 11.4 11.1 7.3 6.3 6.3 5.4 5.4 5.4 5.4 5.4 5.3 5.3 5.3 5.2 -2.1 -2.1 -2.1 -2.1 -2.1 -2.1 4.6 4.8 4.7 4.7 4.8 4.7 2.4 -2.1 -2.1 -2.1 -2.1 -2.1 4.7 5.1 5.1 4.7 -2.1
111.3 102.6 93.9 85.7 76.1 66.7 55.9 48.2 43.3 39.4 34.4 28.7 28.5 28.1 27.5 26.5 24.3 21.4 19.2 17.1 14.1 12.1 11.1 10.1 9 8.8 8.5 8.3 8.1 8.2 8.2 8.3 8.1 7.9 7.7 7.5 7.4 7.8 8.9 9.8 10.7 11.1 11.4 11.5 11.3 11.1 11.3 11.7 12.1 11.7 11.2 8.5 6.8 5.8 5.5 5.4 5.3 5.2 5.2 5.1 5.1 5.1 5 4.7 -2.1 -2.1 -2.1 -2.1 5.4 5.2 5 4.8 4.8 4.9 5.6 5.4 -2.1 -2.1 -2.1 -2.1 -2.1 -2.1 4.7 4.7 4.7 -2.1
112.2 105.4 97.3 89.8 80.6 70.6 58.7 48.9 44.4 40.4 37.9 32.7 26.4 24.3 22.9 19.5 18.3 17 15.9 14.8 13.5 11.9 11 10.3 9.2 8.7 8.5 8.3 8.1 8.1 8.2 8.3 8.3 8 7.8 7.6 7.4 8 9 9.9 10.2 10.7 11 11.1 10.9 10.7 11 11.3 11.5 11.8 11.5 10.2 8.6 5.7 5.5 5.4 5.1 5 5 5 4.9 4.8 -2.1 -2.1 4.9 5.5 5.6 5.6 5.5 5.4 5.2 5 5 5.4 5.5 5.6 5.6 -2.1 -2.1 -2.1 -2.1 -2.1 -2.1 5.4 4.7 4.7
112.3 105.9 98.4 89.5 82.5 73.3 61 51.8 48.4 44.1 37.6 34.2 30.6 26.1 22.7 20.5 19.3 18.4 17 15 13.1 11.6 10.8 10.2 9.5 8.7 8.5 8.3 8.2 8 8.2 8.3 8.4 8.2 8 8 8 8.3 9.2 9.2 9.4 10 10.6 10.6 10.4 10.3 10 10.6 10.2 11 11.2 10.7 8.6 6.3 5.6 5.5 5.1 4.8 4.8 4.8 4.7 -2.1 -2.1 5 5.2 5.5 5.6 5.7 5.6 5.4 5.3 5.2 5.2 5.3 5.4 5.5 5.5 5.2 -2.1 -2.1 -2.1 -2.1 -2.1 -2.1 5.1 4.7
111.2 104.6 97.7 88.8 83.3 73.4 62.2 54.5 48.2 44.2 41.7 36.9 33.1 30.1 24.1 23.4 21.2 19 17.5 15.7 13.8 11.5 10.9 10.2 9.5 8.8 8.6 8.5 8.3 8.1 8 8.2 8.3 8.5 8.6 8.7 8.5 8.7 8.7 8.3 8.5 9.1 9.6 10.4 10.1 9.9 9.1 9.3 9.5 9.7 10.6 10.4 9 6.5 5.6 5.5 5.1 -2.1 -2.1 4.7 4.7 -2.1 5 5.3 5.5 5.6 5.8 5.7 5.6 5.4 5.3 5.1 4.7 4.8 4.9 5 5.5 5 5.4 -2.1 -2.1 -2.1 -2.1 -2.1 4.7 4.7
109.8 103.8 97.2 88.5 82.3 70.7 62.9 55.8 49.1 42.8 38 33.5 29.8 32.7 36.4 33.1 26.4 21.7 18.9 17.6 15.3 12.4 11.2 10.7 10.1 9.5 9.1 8.7 8.5 8.3 8 8 8.2 8.8 9.2 9.4 9 7.8 8.3 8.2 7.7 8.1 8.6 9.7 9.6 9.1 8.2 7.8 7.8 8.6 9.1 9.3 8.7 5.9 5.4 5.3 4.9 -2.1 -2.1 4.7 4.7 -2.1 -2.1 5.8 5.8 5.8 5.9 5.7 5.6 5.4 5.3 5.1 5 4.4 4.5 4.9 5.4 4.3 5.8 4.9 4.7 -2.1 -2.1 -2.1 -2.1 4.7
105.3 100.1 94.5 87 80.2 71.4 63.1 56.1 49.2 40.3 40 40 41.6 41.2 40.6 41.3 38.8 32.6 26.2 21.4 18.5 16 13.3 11.7 10.8 10.2 9.4 8.9 8.5 8.3 8.1 8 8.8 9.1 9.7 9.9 9.5 7.8 8.4 7.8 7.2 7.5 8 8.2 8.9 8 8.3 7.8 7.8 7.9 8.4 8.9 9.2 7.7 6.3 5.1 5 5 -2.1 -2.1 -2.1 -2.1 -2.1 6.1 6.1 5.9 5.8 5.7 5.6 5.4 5.2 5 4.8 4.6 4.8 5.4 5.3 5.1 5.2 5.5 4.9 -2.1 -2.1 -2.1 -2.1 -2.1
95.3 86.7 80.3 78.5 73.7 67.9 57 50.1 48 48 46 46.7 49.3 49.1 48.6 48.8 47.2 46.1 40.3 34.5 30.2 25.9 20.1 14.4 11.5 10.8 9.9 8.7 8.6 8.5 8.5 8.4 9 10 10.1 9.3 8.5 7.8 7.7 7.7 7.6 7.6 7.5 7.5 8.1 8.6 8.3 7.9 8.7 8.3 8.2 8.6 8.9 7 5.8 5.7 5.4 5.1 4.9 4.8 4.7 -2.1 -2.1 5.2 5.5 5.6 5.7 5.6 5.5 5.4 5.3 5 4.8 4.9 4.7 4.7 5 5 5.5 5.3 5 5 -2.1 -2.1 -2.1 -2.1
91.1 85.7 79.3 74.6 71 67.6 63 60 58.2 53.6 52.8 55.5 57.6 57.6 55.5 52.7 52.3 50.9 48.7 46 42.9 37 32.2 25.6 14.6 10.3 9.5 9.1 9 8.9 8.9 8.8 9.1 9.9 10 9.2 8.2 7.7 7.7 7.9 8 8 7.7 7.6 8.1 8.7 7.8 8.1 6.2 8.7 8.9 7.4 7.9 8 7.2 5.8 5.4 5.1 5 4.9 4.9 4.9 5.1 5.4 5.3 5.4 5.5 5.4 5.3 5.1 5.2 4.9 5.1 4.9 4.9 4.7 4.7 4.7 5.2 5.2 5.2 5.3 -2.1 -2.1 -2.1 -2.1
88.7 83.9 78.5 75.6 74.4 72.4 68.6 65.8 64.3 61.6 60.4 59.6 64.6 63.1 61.5 59.1 59.6 56.8 56.6 55.8 53.6 51.4 46.9 43.8 21.7 13.1 10.7 9.5 9.4 9.3 9.3 9.2 9.3 9.9 9.8 9.3 8.3 7.7 8 8.2 8.4 8.3 7.8 7.6 8.2 8.6 8.4 9.3 7.4 5.9 8.2 6.6 5.6 5.5 6.4 6.8 5.4 5.3 5.2 5.1 5.1 5.2 5.3 5.3 5.3 5.3 5.3 5.2 5 4.8 4.7 5 4.8 4.7 4.9 4.9 4.7 4.8 4.8 5 5.3 5.2 5.1 -2.1 -2.1 -2.1
89.1 86.8 85.9 84.3 81.5 77.5 77.4 75 71.6 69.7 69.1 65.8 68.6 66.7 66.6 66.9 64.8 64.7 65 63.2 61.1 59.4 56.3 52.6 32.6 17.3 11.7 10 9.7 9.7 9.7 9.6 9.6 9.3 8.9 8.6 8.5 8 8.1 8.4 8.7 8.5 8 7.7 7.9 7 9.5 9.4 9.1 8.8 6 6 8.7 8.2 8.5 8.7 6 5.4 5.3 5.4 5.4 5.4 5.4 5.3 5.3 5.2 5.2 5.2 5.1 5 5 5.3 4.5 4.7 4.8 5 4.8 4.7 4.8 4.9 5.2 4.7 5.1 -2.1 -2.1 -2.1
94.7 94 92.2 91.1 87 85.8 85.1 83.6 79.8 78.3 79.6 77.3 72.2 69.1 69.8 70.5 71 71.2 71.6 69.2 66 63.1 59 53.4 43.3 28.7 14.2 9.7 9.3 9 8.6 8.4 8.4 8.6 8.5 8.4 8.4 8.3 8.3 8.5 8.6 8.8 8.4 7.7 8.3 8.1 9.2 9.4 9.4 9.8 8.7 8 9 8.9 8.8 8.8 8.8 5.6 5.6 5.5 5.5 5.4 5.3 5.2 5.2 5.2 5.2 5.2 5.2 5.2 5.3 4.8 4.6 4.7 4.8 4.9 4.9 4.8 4.7 4.7 4.7 4.7 4.7 -2.1 -2.1 -2.1
97.9 97.6 98.1 97.9 97.5 96.7 95.8 93.5 89.9 89.2 90.3 88.6 82 76.7 73.3 74.2 75 75.3 76.3 75.5 72.6 69.2 67.2 56 48.3 38.8 24.2 11.3 9.1 8.9 8.9 8.5 8.4 8.5 8.3 8.2 8.2 8.2 8.3 8.2 8.3 8.5 8.8 9.3 9.7 9.8 9.6 9.7 9.7 9.7 9.4 8.3 9 9 8.9 8.9 8.9 8.4 5.9 5.7 5.5 5.3 5.2 5.2 5.1 5.1 5.1 5.1 5.2 5.3 5.2 5 4.7 5 5.1 4.9 5 4.9 4.8 4.7 4.7 4.7 4.7 5.2 -2.1 -2.1
103.5 103.3 104.2 105.1 106.2 106.7 106.3 104.9 100.8 97.7 98.5 97.1 90.8 87.3 82.6 80.2 78.9 79.1 78.5 75.8 74.1 71.9 68.7 62.1 52.6 44.6 33 17.1 10.1 9.7 9.7 8.7 8.4 8.4 8.2 8.3 8.3 8.3 8.3 8.3 8.2 8.7 9.1 9.6 10.1 10.4 9.9 9.7 9.4 9.5 9.5 8.7 9.1 9 9 8.9 8.9 8.7 8.2 6.8 7.1 5.7 5.2 5.2 5.1 5.1 5.2 5.3 5.4 5.3 5.2 5.1 4.9 5.1 5.5 5.5 5.2 5 4.8 4.7 4.7 4.7 4.7 5.1 -2.1 -2.1
110.7 110.3 110.5 112 113.3 114.1 114.8 113.6 108.8 104 107.9 106.7 99.1 95.5 89.4 87.8 87.3 82.9 78.2 76.2 73.6 71.1 70.3 66.1 59 50.9 37.9 25.5 12.7 9.9 9.8 9 8.8 8.4 8.2 8.6 8.7 8.7 8.6 8.6 8.9 9.1 9.4 9.9 10.4 10.4 10.2 10.1 9.8 9.5 9.3 9 9.1 9.1 9 9 8.9 8.6 8.4 8.4 8.3 7.1 5.3 5.5 5.2 5.3 5.4 5.5 5.5 5.2 5.2 5.2 5 5.1 5.6 5.8 5.5 5.3 5.1 5 4.9 4.7 4.7 4.7 5.2 -2.1
116.6 115.9 117.2 118.5 118.8 119.7 120.6 119.5 117.8 114.6 118.4 115.7 109.3 103 95.9 91.7 88.4 83.2 77.8 74.8 72.3 69.7 67.8 65.3 61.7 54.3 44.8 31.6 19.5 11.2 10.5 10.6 9.6 8.5 8.3 8.7 9.1 9.1 9.1 9 9.2 9.6 9.9 10.3 10.7 10.7 10.6 10.4 10.2 9.9 9.6 9.3 9.2 9.2 9.1 9.1 9 8.8 8.6 8.7 8.9 8.9 8.5 6 5.3 5.2 5.6 5.7 5.5 5.2 5.2 5.2 5.1 5.2 5.2 5.4 5.7 5.7 5.6 5.5 5.4 4.9 4.7 4.7 4.7 5
119.4 120.9 122 123 124.5 125 125.9 126.7 126.3 120.3 120.8 118.5 110.9 103.8 97.3 91.8 86.6 81.7 77.4 75.3 74.5 71.1 65.4 60.8 58.8 56 48.1 36.8 26.8 14.2 13.1 12.2 10.5 9 8.3 8.7 9.2 9.5 9.5 9.4 9.5 9.9 10.3 10.7 10.8 10.8 10.9 10.8 10.6 10.3 10 9.5 9.3 9.2 9.2 9.2 9.2 9 8.8 9 9 8.9 8.7 8.5 8.6 6.4 7.5 6.4 5.4 5.2 5.2 5.2 5.2 5.2 5.5 5.7 5.8 5.7 5.6 5.5 5.4 4.8 4.7 4.7 4.7 4.7
