app/static/ascii/NX98.asc
ncols 200
nrows 200
xllcorner 290000
yllcorner 580000
cellsize 50
[rows 152 to 189 of 200, columns 85 to 169 of 200]
37 37.3 36.5 34.7 32.3 25.9 21.4 19.1 18.9 18.3 17.4 17.3 17.4 17.5 17.5 17.4 17.4 17.4 16.5 16.6 16.6 16.6 14.7 18.3 18.4 17.4 16.5 15.8 15.7 15.5 15.4 15.3 15.4 15.2 15.1 14.9 14.7 14.6 14.9 15.4 15.8 15.8 15.8 15.8 15.8 15.7 15.6 15.6 15.5 15.3 15.1 18.2 17.1 15.8 16.4 15.2 16.9 16 24.5 23.5 20 19.4 24.8 26.4 20.4 23.2 26.7 25.9 23.7 19.4 19.3 19.6 21.4 20.4 24.5 21.4 23.8 28.2 27.5 24 24 18.2 18.2 21.8 18.2
35.4 36.1 36.2 35.3 32.9 31.4 24.2 21.5 18.9 18.4 17.7 17.3 17.4 17.1 16.9 16.8 16.7 16.7 16.7 16.6 16.6 16.5 14.9 17.8 18.8 17.8 16.9 15.6 15.5 15.3 15.2 15.1 15.3 15.3 15.1 15 14.8 15 14.9 15.2 15.7 15.8 15.8 15.8 15.9 15.8 15.7 15.6 15.5 15.4 15.2 15.1 15 15.3 15.7 15.7 15.6 16.5 17.2 22.1 23.4 24.8 27.6 26.3 23.5 25.1 25.3 21.6 25.2 20 19.7 19.7 20.1 19.4 23.1 26.4 22.4 25.1 27.5 27 26.8 18.2 18.2 21.9 18.2
33.8 34.1 34.6 34.4 32.8 31.8 30.1 27.9 21.4 19.4 18.2 17.3 17.3 17.4 17.1 16.9 16.6 16.7 18.5 17.6 16.7 16.3 14.8 17.3 18.4 18 16.6 15.4 15 15.1 15 14.9 15.2 15.3 15.2 15 15.4 15.3 15.2 15.1 15.4 15.6 15.6 15.6 15.7 15.9 15.8 15.7 15.6 15.5 15.3 15.1 14.9 15 15 15.1 15 16.9 17.7 21.4 24.3 22.8 26.7 25.3 23.6 23.3 22.4 23.4 21.4 24 20 19.5 19.6 19.3 21.1 23.5 26 20.8 25.3 30.1 29.1 18.7 18.2 20 18
32 32.4 32.8 32.5 32.2 31.9 31.6 31.3 31 21.2 19 18.3 17.4 17.8 17.5 17.1 16.7 20 20.6 21.5 16.6 16.5 16.7 14.6 17.4 17.8 16.1 15.2 14.8 14.7 14.8 14.8 15 15.2 15.2 15.5 15.7 15.6 15.5 15.4 15.3 15.3 15.4 15.4 15.6 15.8 15.9 15.8 15.7 15.6 15.3 15.1 14.8 14.6 14.4 14.9 14.2 16 17.4 19.2 21 23.2 25.3 23.5 26.2 20.7 22.4 20.9 21.6 24.5 22.5 22.2 19.8 19.5 19.8 22.4 27.7 25.9 28.8 29.9 33 21.3 18.2 18 18
31.3 31.8 32.4 32.4 32.2 31.9 31.5 31.3 30.9 28.5 21.3 19 17.1 17.5 17.2 17.1 19.9 20.2 17.6 21 16.3 16.1 16.6 14.7 16.9 16.7 16.2 15.3 14.7 14.2 14.5 14.8 15 15.2 15.5 16.1 16 15.9 15.8 15.7 15.4 15.3 15.3 15.4 15.5 15.7 15.8 16 15.9 15.8 15.6 15.2 14.9 14.5 14.6 15 14.1 13.9 17.6 19.6 20.8 22.7 24.7 23.3 25.6 22.8 22.3 19.3 20.5 18.8 20.6 23.7 23 20.9 19.6 20.1 21.5 24.4 26.5 27.9 30.1 26.8 19.7 18 18
30.8 31.5 32 31.7 32.1 31.9 31.5 31.3 30.9 28.8 24.5 20.8 17.3 17.4 17.2 19 21.4 21.2 19.3 17.2 16.4 15.7 16.3 16.9 14.5 15.8 16.5 16 15.4 14.2 14.5 14.9 15.2 15.2 15.7 16.3 16.3 16.2 16.1 15.7 15.3 15.3 15.3 15.4 15.5 15.6 15.6 15.7 16 16.3 15.8 15.5 15.1 14.7 14.4 14.5 14.8 14.2 16.7 23.8 19.8 21.9 23.7 23.8 25.3 22.4 20.5 19.9 19.7 19.5 21.9 23.3 25.3 22.8 23.1 25.3 19.1 23.5 30.2 30.2 29.4 29.9 23.7 19.4 18
30.6 31.2 31.6 31.4 31.2 31.9 31.7 31.8 30.9 30.5 27.7 23.1 19.4 17.9 17.3 18.8 22.7 24.4 22 19.2 17 15.6 15.9 16.5 14.6 14.9 16.6 16.4 16.1 14.3 14.5 14.6 14.3 15.6 16 16.4 16.4 16.4 16.1 15.6 15.4 15.3 15.3 15.3 15.4 15.4 15.4 15.4 15.9 19.4 17.1 15.4 15.2 14.8 14.3 14.3 14.7 14.4 17.6 20 18.5 20.1 21.5 21.9 22.8 22.2 20.5 19.1 19.4 20.3 21.4 23.5 24 22.2 23.4 23.6 21.5 26.4 31 30 32.3 31 24.7 24.7 19
30.5 30.9 30.9 29.4 30.1 31.3 31.8 31.1 30.6 30.3 29.9 25.5 19.9 19.3 18 19 21.5 24.9 22.6 20.1 17.7 15.7 15.4 16 16.5 14.6 14.9 15.8 15.9 17.4 14.6 14.6 14.4 14.9 16.2 16.5 16.5 16.4 15.9 15.5 15.3 15.3 15.2 15.2 15.1 15.2 15.1 15.4 15.9 16.9 21.7 18.2 15.9 15.1 14.7 15.1 16 14.8 14.8 16.7 17.2 17.9 21.4 23.6 22.4 18.3 17.7 18.5 19.7 21.9 23.6 24.1 24.2 23.9 23.9 25.2 24.9 29.6 32.9 31.7 32.9 34.6 23.8 21.8 20.4
27.1 29.3 28.3 27.5 28.6 30.6 31.1 30.9 31 30.8 30.7 29 25.5 23.4 21 20 18.2 22.7 22 19.3 17.7 16.9 15.2 15.9 16.3 16.5 14.8 14.3 15.7 15.7 15.9 16.4 15 14.3 16.1 16.3 16.4 16.2 15.7 15.7 15.2 15.2 15.1 15.1 15.2 15.2 15.3 15.3 15.4 16.1 22.1 22.1 18.7 16.9 16.2 16.7 16.1 15.3 15.2 14.5 14.9 14.9 19.2 25.1 22.9 17 16.4 17.2 15.8 20.4 22.5 23 23.7 23.5 27.2 26 27.5 28.1 32.7 30.4 28.2 38.4 24.6 21.5 20.5
30.3 27.6 25.6 25.5 26.8 29.6 29.4 29.8 30.1 31.1 29.9 29 28.2 27.8 21.3 21.4 19.4 19.3 21.3 20.7 18.2 19.5 16.5 15.3 15.2 15.1 15.2 16.3 14.4 14.2 15 15.3 15.6 15.3 15.9 16.1 16.3 16 15.9 15.7 15.3 15 15 15 15.1 15.3 15.3 15.3 15.3 16.3 22.8 23.1 20.5 18.8 18.6 17 14.8 15.1 15 14.9 14.4 13.7 16.5 21.5 20.8 15.6 16 16 15.2 17.6 17 20.5 21.5 25.5 24.9 27.9 29.2 30.9 32.9 28.2 24.4 33.9 31.3 22.3 20.4
30.8 30.3 28.3 24.5 27.8 27.7 29.3 28.5 29.2 30.3 30.1 29.7 29.4 27.9 26.2 20.7 20.5 19.6 20.6 21.2 19.3 19.9 19.4 15.1 14.7 15 14.6 15.1 15.6 14.9 14.2 13.6 13.3 15.5 17 16.2 16.2 16.1 16 15.8 15.3 14.9 14.9 15 15.2 15.3 15.4 15.3 15.3 15.7 22 22 22.3 21.3 19.3 15.7 13.9 14.7 15.7 15.3 13 14.4 14.4 17 20.6 16.6 14.4 15.5 15.3 15.5 16.3 20.5 22 21 25.3 33.1 30.5 32.6 31.8 27.6 25.6 29.6 31.7 29.1 23.8
30.3 30.1 30.7 25.8 25 25.8 27.5 28.3 27.9 28.2 28.5 27.5 26.9 26.9 25.3 21.7 20.5 19.8 19.3 19.4 19.5 20.6 24.6 20.6 14.6 14.8 14.1 15.1 15.2 15.7 15.5 15 14.5 14.1 13.2 17.2 16.3 16.2 16.2 15.8 15.3 14.9 15 15.3 15.4 15.5 15.5 15.4 15.4 15.6 21.5 22.2 22.4 21.8 21.2 17.5 13.7 13.9 14.7 14.3 14.5 14.2 13.9 14 18.4 13.1 14.9 14.2 20.2 17.2 20.5 20.1 19.7 19.3 26.2 31.6 28.6 30.5 31.1 29 28.8 30.6 27.2 28.1 25.8
29.7 30.5 30.5 24.9 24.2 25 26.1 26.6 26.7 26.8 27.3 25.9 25.8 25.1 24.5 24.5 21 20 19.4 19.7 20 20.7 25.4 23.4 16.6 15.8 14.4 14.3 15 15.5 15.7 15.3 15.4 15.4 15.1 13.2 16.3 16.3 16.3 15.7 15.1 14.9 15 15.6 15.8 15.9 15.7 15.6 15.6 15.6 19.7 22.6 22.5 22 21 20 15 13.8 14.1 14 14.2 14.3 14 13.4 14 13.1 16.5 14.7 18.1 23.2 20.7 18.8 18.6 18.7 24.1 30.9 27.7 27.2 28.8 30.2 30.8 34.6 29 26.1 29.4
25.7 25.6 26.1 23.9 23.1 23.1 24.3 24.4 24.3 25.5 26.1 24.6 25 24.7 24.5 24.5 22 20.1 19.4 19.6 20.4 21.9 22.6 23 18.6 18.2 15.6 14.7 15.2 15.3 15.5 15.8 15.3 15.3 15.4 14.5 13.2 16.2 15.8 15.2 15.1 14.8 14.9 15.5 16.1 16 15.9 15.7 15.5 15.3 15.7 21.3 22.7 21.5 20.3 19.3 16.8 14 13.8 14 13.7 13.9 14.1 13.2 13.4 13.2 15.7 14.8 16.7 21.9 22.2 19.9 18.5 18.6 20.7 32 29 25.6 25.7 30 36.1 38.1 32.2 26.2 28.4
28.5 26.3 24.9 24.2 23.3 22.6 21.6 20.6 21.5 23.4 24 24 24.3 24.4 24.2 22.5 20.9 19.9 19.6 19.4 20.3 21.3 21.2 20.7 19.7 18.9 18.6 16.1 15 15.2 15.5 15.7 15.1 15.1 15.2 15.2 13.4 16.6 15.4 15.9 14.6 14.6 14.7 14.9 15.6 15.8 15.6 15.4 15.1 14.9 14.8 15.7 19.7 20.6 20.3 19.4 16.6 14.2 13.5 13.8 14 14.5 14.5 14.1 13.4 12.8 13.5 13.8 18.8 22.8 21.5 18.8 19.2 19.5 21.5 28.7 28.8 26.7 26.3 28.4 28.5 35.1 37 27.7 29.1
29.7 29.4 28.8 27.2 25 23.5 21.7 19.5 19 19.8 21.8 23.2 23.7 23.9 23.8 23.8 20.3 20 19.6 20.1 21.2 22.4 23 19.9 19 18.5 18.7 18.7 14.8 15 15.2 15.4 15.1 14.9 14.8 14.7 14.5 13.2 16.1 14.5 14.5 14.6 14.6 14.6 14.9 15.4 15.2 15.1 14.9 14.7 14.7 14.8 15.4 20.9 21.1 20.1 17.5 13.7 13.5 13.3 14.3 15.2 14.6 15.4 14.7 13.7 12.7 13.9 20.5 23.7 23.6 21.1 19.4 20.7 23.2 24.8 22 26 26.6 26.8 28.8 34.1 39 29.7 28
29.8 29.7 30 29.9 27.8 26 24 19.9 19.2 19.1 20.2 21.6 22.5 23 22.7 23 23 20.2 19.8 19.4 20.4 20.4 22.5 20.5 18.4 18.5 18.6 18.4 14.6 14.8 15 14.9 14.9 14.6 14.4 14.5 14.2 13.2 16.8 14.4 14.6 14.6 14.6 14.6 14.5 14.8 14.8 14.8 14.6 14.4 14.5 14.6 15.2 21.4 21 18.9 18.3 13.5 13.6 12.2 13.9 14.7 14.3 15.7 16.1 13.7 12.7 13 18.3 23.3 24.8 20.1 20.2 20.2 20.6 23.3 23 25.2 27.3 25.5 27.4 31 32.8 31.2 28.7
30.9 29.5 29.7 29.7 29 27.7 24.7 21 19.3 19.1 19.1 19.9 20.7 21.5 22.5 22.9 23.3 22.3 20.2 19.9 19.2 20.5 20 18.6 17.4 17.2 16.8 17.1 14.6 14.6 14.7 14.7 14.7 14.3 14.4 14.5 14.6 13.3 15.9 14.5 14.6 14.6 14.5 14.5 14.5 14.5 14.5 14.4 14.3 14.3 14.5 14.6 15 21.2 20.8 15.9 15.7 14.1 13.4 13.5 12.9 13.5 14.2 16.5 17.3 15.4 15.4 15 13.5 20.4 21.2 18.1 18.2 18 17.6 17.8 18.2 20.9 23.2 25.9 24.4 24.4 24.8 23.3 30.5
31.2 30.5 29.6 29 28.8 27.8 25.1 22.3 20.4 19 19.1 19.8 20.2 20.5 20.6 21.9 22.3 23.1 21 20.4 19.4 19.2 18.7 18.5 18 16.7 16.2 16.3 16.6 14.8 14.6 14.5 14.3 14.3 14.3 14.4 14.5 13.2 14.5 14.6 14.6 14.6 14.6 14.6 14.5 14.5 14.6 14.8 14.5 14.1 14 14.1 14.4 14.4 20.9 17.4 14.6 14.4 13.3 13.4 12.7 12.6 14.2 15.6 17.3 16 15.5 14.3 12.6 14.1 14.1 16.5 17.3 15.9 17.6 17 16.6 16.8 17.8 21.3 23.1 21.6 20.9 22.7 28.4
31.3 30.5 29.8 29.9 29.5 29.2 27.4 25.1 22.5 19.6 19.1 20 20.3 20.3 20.4 20.8 20.8 22.8 21.1 19.5 19 19 18.9 18.7 18.6 18.1 18.4 21.1 24.4 22.3 15 14.5 14.4 14.1 14.2 14.2 14.6 12.7 14.6 14.6 14.6 14.6 14.6 14.6 14.5 14.4 14.6 14.8 14.5 14 13.9 13.8 13.8 14 17.3 20.1 16.3 13.7 12.9 13 12.8 12.3 14 14.9 16.1 15.6 15.2 14.6 14.4 13 12.5 15.2 16.6 15.6 15.7 17.5 15.2 14.9 15.1 17.4 21.9 22 20.1 21.5 23.6
31.4 30.6 30.4 30.8 30.1 29.1 28.4 27.6 25.4 22.3 21.3 20.4 20.1 20.1 20.1 19.6 19.9 21.4 19.4 18.7 18.4 17.9 18.3 18.8 18.4 19.2 19.2 21.1 26.1 25.4 25.1 15 14.6 14 14 14.2 15.2 12.7 14.8 14.6 14.7 14.6 14.6 14.5 14.4 14.3 14.6 14.7 14.5 14 13.8 13.7 13.6 13.6 14.2 20.6 18.9 15.5 12.7 13.1 12.9 13.1 14.6 14.3 14.8 15.3 14.8 14.5 14.7 12.7 13.1 14.7 14.3 13.8 16.2 15.9 14.9 14.6 15 20.3 21.4 20.5 19.2 21.8 23.3
31 30.4 30.8 31 31 29.7 27.7 26.8 26.6 23.7 23.5 23.2 20.2 20.1 20.1 19.6 19.6 21.5 19.3 18.6 18.6 18.2 17.7 18.8 17.5 19 19.5 21.4 24.5 25.2 23.9 22.4 16.5 15.8 14.1 14.6 15 12.8 15.6 14.7 14.7 14.7 14.6 14.4 14.3 14.3 14.5 14.6 14.7 14 13.6 13.6 13.5 13.4 13.5 19.4 21.1 17.7 13.9 13.7 13.4 12.9 15.3 17.4 16 15.5 13.7 13.5 15 12.6 12.8 12.3 12.2 13.5 15.5 15.2 14.7 14.3 15.3 18.6 17.3 16.4 16.6 21.1 22.7
30.2 30.1 31 31.2 31.2 30.8 29.5 27.3 26.7 26 26.4 26.2 22.2 20.1 20.1 20.1 19.2 21 19.2 19.1 19.1 18.7 18.2 17.6 18.5 19.1 20.6 21.4 22.5 24 24.6 22.5 21.4 14.3 13.9 14.1 13.3 14.8 14.4 14.9 14.7 14.6 14.5 14.4 14.2 14.2 14.4 14.5 14.6 14.2 13.5 13.5 14.8 13.2 13 13.2 15.4 19.1 15.7 13 13 12.5 14.6 17.8 17.2 17.2 14 15.3 13.8 13.1 12.2 12.2 12.3 14.6 13.8 14.2 14.5 14.3 13.9 15.9 15.7 15.9 15.7 18 21.1
29.3 29.7 30.3 30.7 31.2 31.1 30.5 29.3 29.1 28.7 28.4 27 23.6 20.9 20.1 20.1 19.8 19.6 20.8 21.7 22 20.4 19.2 18.4 16.6 18.9 18.8 19.5 20.7 21.4 22.2 22.2 18.7 16.4 13.8 14.3 13.3 14.6 14.2 14.1 14.8 14.6 14.5 14.4 14.2 14.3 14.4 14.5 14.5 13.9 13.5 13.4 13.1 12.9 12.7 12.5 13.1 14.3 14.4 12.8 12.3 13.5 13.5 19.2 19.6 18.6 15.3 13.3 12.8 14.4 12.1 11.7 11.9 11.7 12.5 13.6 14.5 14.3 13.7 13.4 13 13.5 12.3 15.6 17.9
28.8 29 29.3 29.7 29.9 30.4 30.7 30.5 29.5 29.5 29.6 29.6 26.5 24.8 22.4 20.6 21.3 22.2 25.1 26.4 27 24.9 22.2 19.2 17.4 16.9 17.8 17 17.8 18.8 20.4 22.7 21 17.5 13.9 14.5 13.3 14.6 14.3 14.1 13.9 13.7 14.5 14.4 14.4 14.5 14.6 14.2 13.7 13.6 13.4 13.3 13 12.7 12.6 12.3 13.6 14.3 14.4 12.7 12.4 12.3 13 16.4 21.3 22.7 21.8 17.2 13.8 15.3 12.2 11.7 11.3 11.8 12.4 13.6 14.8 14.8 13.7 13.1 12.6 12.7 12.8 14.9 16.5
28.2 28.2 28.4 28.6 28.8 29.1 29.6 30.2 29.3 28.8 28.8 29.5 29.2 28 25 24.1 24 24.3 25.3 26.6 26.5 25.5 24.4 22.3 20.4 17.7 18.4 17 15.9 16.7 17.9 20.4 21.1 20.9 14.7 14.4 12.7 14.4 14.3 14.1 14 13.6 13.5 14.9 14.6 14.5 14.3 13.9 13.8 13.5 13.3 13.1 12.9 12.6 12.3 11.4 14.5 20.5 16.8 13.4 12.4 12.3 12.8 14.5 16.7 21.7 16.4 15.9 14.2 11.8 13.4 11.8 11.7 12.2 12.5 14.1 17.2 16.9 18.9 17.5 15.1 15.5 13.3 14.2 15.9
27.9 27.6 27.4 27.6 27.8 28 28.5 29.1 28.9 28.3 28 29 28.8 27.8 26.3 25.4 24.7 24.3 25.4 26.5 26.9 27 26.2 25.9 24.3 20.4 18.4 17.9 16 15.6 15.4 16.5 19.2 20.5 15 12.5 14.3 14.5 14.3 14.1 14 13.6 14 14.2 14.1 14 13.6 14 14 13.7 13.4 13.2 12.9 12.6 13.7 19 21.4 22.7 20.8 16.6 13.2 13.2 13.4 13.4 21.2 21.6 17.5 12.9 13.5 15.1 11.2 11.3 11.4 11.5 11.5 15.4 22 22.5 22.7 20.3 15.8 19.8 16.1 12.6 14.3
27.8 27.6 27.1 27.1 27.3 27.5 27.9 28.2 27.6 27.1 27.2 27.8 27.6 27.4 27 26.9 26.1 25.3 25.9 26.8 27.2 27.4 27.6 26.8 26.1 24.2 21.5 19.5 17.5 16.3 15.7 15.3 16.7 18.5 17 12.3 13.8 14.3 14.3 14.2 13.9 14.1 14.1 14 13.9 13.9 13.5 13.3 14.1 13.8 13.5 13.2 12.9 12.7 11.5 17.3 18.5 21.5 21.5 18.5 12.9 15.5 15.7 15.5 21.6 21.5 19.8 15.7 13.1 19.9 11.2 12.8 11 10.7 10.8 12.8 22.2 22.7 22.9 22.7 20.2 17.1 14.8 12 12.9
28 27.2 26.8 26.6 26.7 26.9 27.3 27.6 26.2 26.8 27.4 28 27.8 27.4 27 27.4 27.7 27.1 27 26.1 26.6 26.8 27.2 29.5 28.1 26.3 23 19.4 17.8 17 16.4 15.7 15.1 16.8 16.8 13.5 14 14.1 14 14.2 14.1 14.1 14 13.9 13.8 13.6 13.5 13.7 14.8 13.8 13.5 13.2 12.9 12.6 12.4 13.6 17.2 22 22.5 21.4 18.2 16.6 18.4 18 20.4 22.4 22.3 21.6 20.4 16.6 11.8 14.6 10.8 10.8 10.9 12.7 17.9 20.2 20.7 21.4 19 14.7 12 11.9 12.8
27.7 26.8 26.4 26.2 26.2 26.4 26.3 26.2 27 26.7 27.4 28 27.7 27.2 27.1 27.5 28 28.3 27.6 26.5 25.8 26.6 27.4 29.4 30.7 28.6 25.8 22.3 18.7 17.3 17.2 16.7 15.4 15 16.1 14.2 13.9 14.1 14.1 14.1 14 13.9 13.8 13.7 13.6 13.5 13.4 13.5 14.1 13.7 13.5 13.3 12.8 12.1 13.6 12.7 13.5 22.5 22.1 21.8 21 19.2 16.8 17.5 18.8 19.7 21.9 22.1 22.4 21 11.1 14.9 13.6 11.2 11.6 10.3 13.7 18 16.6 17.3 15.3 12.3 10.6 11 12.4
27.3 26.3 26 25.8 25.6 25.2 24.8 24.4 25.7 26.8 27.3 26.8 27.5 27 27.1 27.5 28 28.1 27.6 26.3 25.5 26.4 26.7 27.4 28.9 30.8 28.7 25.2 21.7 18 17.7 17.3 16.4 14.8 14.5 14.3 12.7 13.9 13.9 14 13.9 13.8 13.6 13.5 13.5 13.5 13.5 13.5 14.8 14.1 14 13.6 13 11.1 15.2 13.1 12.8 22.1 19.9 21.2 19.2 18.2 15.8 16.5 16.9 17.6 19 22.8 23.7 21.8 11.1 14.6 17.1 15.4 12.5 10.9 12.3 16.7 14.6 12 10.3 10.3 10.3 10.4 11.5
26.8 25.9 25.6 25 24.8 24.4 23.9 23.5 24 25.2 25.5 25.9 26.9 27 27.2 27.6 27.6 27.2 27.7 26.1 25.2 25.5 25.8 26.4 27 28.9 30.9 29 25.6 21.6 18.4 17.6 16.7 14.8 14.3 14.1 12.7 13.7 13.8 13.8 13.7 13.6 13.6 13.6 13.6 13.5 13.5 13.6 14.3 14.6 14.4 14 13.5 12.4 16.3 13.2 12.6 14.1 13.9 16.3 16.2 14.3 13.1 12.9 14.1 14.5 17 22.7 26.9 22.9 16.4 16.6 18.2 17.8 11.9 11.3 14.5 19.8 13.9 11.4 10.4 9.9 9.9 10 11.1
26.6 26 25.7 24.3 23.9 23.5 23.1 22.6 22.3 23.1 23.6 25.1 26.2 26.6 27.2 27.2 26.7 26.3 26.6 26.1 24.7 24.5 24.8 25.8 26.3 26.7 28.9 31.1 27.7 24.4 22.4 18.2 16.9 14.6 13.8 14 14.2 12.5 13.5 13.6 13.6 13.7 13.7 13.7 13.7 13.6 13.6 13.7 15 14.4 14.4 14.4 13.8 10.9 13.2 15.3 12.3 12.4 12.7 13 13.2 12.4 12.3 12.3 12.5 12.5 15 20.4 25.3 21.5 16.7 18 19.1 14.8 15.3 12 13.3 13.9 10.8 10.1 9.7 9.6 9.6 9.6 10.5
26.9 26.5 25.4 24.2 23.4 23 22.8 22.5 22.3 22.1 22.2 23.9 25.3 25.3 26.3 25.7 25.2 25.1 25.2 25.5 24.4 24 24.1 25 25.6 26 26.4 29.7 30.7 27.1 25.3 24.3 17.7 15.1 14.5 14.4 14.3 12.5 13.1 13.6 13.7 13.7 13.7 13.8 13.7 13.6 13.6 13.7 13.5 14.1 14.3 14.3 14.2 13.9 12.7 12.5 12.1 12.3 12.5 13 12.8 12.7 12.4 12.3 12.4 12.5 12.6 15.6 16.4 18.2 17.8 17.2 19 14.7 13.1 10.7 12.3 12.6 10.9 9.6 9.6 9.6 9.5 9.4 10
26.9 26.5 25.3 24.5 23.7 23 22.7 22.5 22.4 22.2 21.8 22.6 23.2 23.9 25.4 25 24.2 24.8 25.3 25.2 24.5 24 23.7 24.1 24.8 25.2 25.7 26 29.9 30.3 27.1 23.6 16.8 15.4 15 14.4 13.9 14 12.6 13.7 13.8 13.8 13.8 13.8 13.7 13.6 13.6 13.5 13.3 14 14.2 14.5 14.3 14 12.1 12.5 12.4 12.2 12.1 12.8 13.2 13.1 12.8 12.6 12.4 12.5 12.6 13.1 15.2 20.2 21.8 19.5 21.8 17.7 12.5 10.6 10.1 10.2 9.5 9.5 9.5 9.5 9.4 9.5 10
26.8 26.3 25.6 24.8 24 23.3 22.7 22.6 22.5 22.1 22.2 22 22 22.7 24.2 24.3 23.3 24.4 25.5 25.4 24.9 24.3 23.7 23.7 24 24.2 25.1 25.9 26.6 30 28.7 24.8 21.7 17.5 16.1 13.9 13.6 13.8 12.5 12.3 13.8 13.9 13.9 13.8 13.7 13.6 13.6 13.3 13.1 12.9 14.5 14.8 14.4 14 12.7 12.8 12.4 12.1 12 12.1 12.3 12.5 13.4 12.8 12.4 12.6 12.9 13.4 14.7 17.7 21.2 22.5 21.1 16.5 11 10.4 10.2 9.5 9.6 9.5 9.5 9.4 9.4 9.5 9.9
27.6 26.3 26 25.3 24.5 23.7 23.5 23.6 23 22.2 22.2 22.4 22.6 22.6 23.3 24.1 23.8 24.4 25.5 25.7 25.3 24.8 24.3 24.1 23.4 23.1 23.3 24.1 25.2 27.4 28.8 26.3 23.8 20.8 17.1 16.5 13.6 13.6 12.5 12.7 12.8 13.7 13.2 13.2 13.1 13.6 13.5 13 12.6 12.1 14 14.8 14.2 13.6 13.2 12.3 12.2 12.2 12.1 11.8 12 12.2 12.4 12.6 12.6 12.8 13.2 13.9 14.6 16.3 19.3 20.9 16.7 13.7 12.4 10.9 10.5 9.9 9.8 9.8 9.8 9.7 9.5 9.6 9.9
29 26.7 26.1 25.7 25 24.3 24.5 23.8 23.2 22.9 22.9 23.1 23.3 23.4 24 24.2 24.6 24.7 25.4 25.1 24.8 24.5 24.4 23.7 23.1 22.5 22 22.5 23.5 25.3 27.5 26.6 24.4 23.3 20.8 18.9 14 12.4 12.5 12.9 12.9 12.8 12.5 12.1 13.6 13.5 13.5 13.5 13 12.5 12.1 14.5 14 12.9 13.6 12.5 12.4 12.3 12 11.7 11.7 11.9 12.1 12.7 12.8 13.1 13.5 14.2 14.8 15.1 16.5 16.4 15.4 14.9 12.5 11.9 12.6 10.3 10.1 10.2 10.2 10 9.5 9.6 9.7
