app/static/ascii/NX99.asc
ncols 200
nrows 200
xllcorner 290000
yllcorner 590000
cellsize 50
[rows 0 to 34 of 200, columns 79 to 157 of 200]
505.4 504.5 503.1 503.6 503.1 502.8 499.1 487.9 477.9 495.8 508.8 520.1 525.4 528.5 529.8 531.7 529.9 526 522.7 518.2 503.1 496.1 472.6 452.7 438 424.9 426.8 435.6 451.6 468.8 475.8 482 484.9 486.4 495.6 499.6 500.7 500.2 497.1 489.6 490.2 484.7 477.7 469.1 459.1 445 436.1 430.3 425.6 422.4 420.3 418.6 416.1 411.7 405.6 397.8 389.8 383.4 375.4 365.2 357.4 351.6 350 354.2 364.1 372.7 379.5 387.4 397.3 410.7 430 444.5 454 461.4 466 467.4 472 476.3 480.4
497.1 495.2 495.5 494.6 494.9 495.9 491.3 479.4 465.3 490.5 506 515.5 520.5 524.2 526.2 527.4 526.4 523.6 519.9 513.8 507.1 494.2 465.5 441.3 425.5 415.1 425.6 425.8 449.5 464.3 470.4 475.2 473.4 484.4 492.2 496.5 495 492.5 492.9 492.1 487.4 481.2 473.7 465 455 441.9 433.5 427.9 422.3 420 416.9 417.1 413.8 408.9 403 395.5 387 378.2 370.6 362.9 355.3 349.6 348.2 355.1 363.5 374.2 383.1 392 403.8 419.4 437.4 452 460.3 468.6 476.4 480.9 484.3 489.1 494.7
488.2 482.7 484.5 485.1 485.1 484.4 478.8 467 462.8 487.4 505.7 513.3 516.6 520.4 523.2 524.5 524 520.8 516.2 512.1 503.9 490.7 464 439 418.4 407.2 419.8 418.9 440.6 458.1 465.7 463.2 471.5 483 490.5 493.1 492.2 492.4 491.9 489.1 485.2 477.1 470.9 462.3 452.1 440.2 430.9 425.7 419.4 417.1 415.9 412.7 411.3 407 400.2 392.2 384.3 375.2 366 359.1 353.2 346.6 346.8 355.4 365.8 376.1 388 398.4 410.3 425.9 441.6 455.6 470.2 472.7 483 488 495.1 501.1 508.2
482.8 473.7 474.4 475 473.6 469.6 461.1 451.5 466.7 487.5 503.2 511 514.6 517 520.5 522.4 520.9 517.9 513.9 507.6 499.5 486.6 460.3 432.4 407.6 402.8 403.5 404.6 426.1 444.7 455.3 454.3 472.5 481 487 489.6 490.3 488.7 487.4 484.7 482.2 474.6 467.7 460.4 449.9 438.2 429.7 422.9 417.4 414.6 414.1 411.3 407.1 404.6 398.4 390.9 380 370.2 362.1 354.8 350.2 345.9 343.5 356.2 367.6 380.1 392.1 403.3 415.1 428 441.7 458.3 471.3 472.3 480.5 490 501.3 513 521.1
477.3 461.7 462.6 462.8 459.1 452.1 442.2 448.2 470 487.7 501.1 507.7 512.4 515.5 519.2 522.6 519.6 513.7 507.6 501 490.6 479.9 459.5 430.2 401.6 386.2 383.4 387.3 407.5 424.3 428.4 457.3 470.4 477.1 484.7 488.7 486.4 482.8 478.9 471.3 471.8 470.8 464.9 458.9 447.7 437.3 429.8 422.9 415.7 412.9 412.7 409.6 404.8 397.8 395.3 388.1 377.2 365.2 358.2 351.8 347.7 344.2 344.3 358.5 371.9 383.2 395.9 409.6 418.2 430.4 445.7 458.4 465.8 468.5 477.2 492.2 510.8 523.4 532.5
470.9 455.5 449.3 448.8 444.4 433 427.1 451.4 471.1 488.6 499.9 506.4 511.1 515.4 517.7 519.5 515.1 509.3 501 492.1 482.7 475.7 463.1 436 409.4 381.4 363.2 369 386.4 393.4 424.5 449.1 461.3 470.1 478.6 482.4 478.4 477.5 477 474.1 464.8 456.5 461.9 456.1 447.2 437 428.7 423.1 418 412.2 410.8 409 403.1 397.1 385.9 384.4 375.4 365.2 355.2 349.6 346 341.2 349.2 359.7 374.2 386.1 400.7 414.1 421.8 433.1 445.1 453.1 456.6 463.7 477.7 501.4 516.7 529.5 542.1
462.1 448.1 438.5 436.1 429.3 413.4 431.1 456.1 478 492 499.6 505.8 511.7 519.9 520 516.4 510.9 497.9 493.4 483.3 477.2 470.8 461.4 446.8 422.9 397.2 371 353.8 366.4 387.6 415.4 440.6 450.2 457.9 467.1 469.8 475.3 482.2 485 483.5 479.4 468.6 454.7 449.6 445.7 435.8 428.5 427.3 417.7 408.5 407.9 406 401 393.7 387.5 372.1 371.7 360.8 352.7 348.1 345.1 339.2 349 360.4 375 390.3 405.6 416.1 423.8 432.1 442.9 445 449.2 465.2 486.1 506.1 520.3 536.2 547.9
453.4 438.4 424.6 424.2 412.3 417.2 439 461.7 482.3 492.5 500.2 507.2 514.5 521.1 520.1 515.7 508.5 495.3 486.1 476.9 470 462.9 455.9 448.6 433.2 406.9 378.2 352.8 355.1 380 406.8 429.2 432.2 433.6 453 472.4 482.5 488.4 489.1 487.2 483.1 476.4 466.3 457 447.4 435.9 428.1 420.7 412.3 405 405.6 405.9 398.1 389.6 384.2 377.9 371.5 352.3 341.2 346.2 343.5 335.2 348 360 375.7 394.8 406.9 417.8 424.3 430.4 436 439.5 449.3 469.5 486.8 505.1 523.7 538.4 550.2
442.1 428.8 410.8 409.8 402.9 424.7 442.7 464.9 481.7 491.9 501.6 509.7 517.1 521.4 519.6 515.8 506 493.5 479.7 470.1 460.5 453.8 450 444.7 432.1 404.8 376.9 350.8 350.5 373 394.9 405.1 427.6 450.5 466.6 479.4 486.9 491.5 492.7 491.1 486.9 479.7 469.3 458.9 448.8 438.2 427.4 417.7 410.7 404.1 402.6 400.9 395 388.4 382.3 374.7 366.6 359.1 351 335.4 333.5 337.1 347.2 360.4 376.8 398.1 410.1 418.9 426.7 429.7 431.6 436.9 452.9 467.7 484.6 505.2 523.1 537.7 546.6
430.2 418.7 407.5 389.5 412.8 427.9 447.7 464.8 478.6 491 503.6 512.3 519.5 521.1 518.7 514.1 504.1 491.9 477 463.8 448.9 443.6 440.7 435.3 419.8 395.4 369 343.6 346.4 361 385.5 414.3 438.1 454.8 468.8 480.5 487.6 492.5 494.5 493.3 490.3 483 473.6 461.7 451.2 440.3 428.5 418.8 410.3 403.9 394 397.9 392.9 385.9 379.8 373.3 366.3 356.7 346.9 341.6 335.6 337.8 346.2 359.6 376 400.6 412.2 420.7 428.5 428.4 426.3 438.4 452.3 464.3 483.5 503.8 518.8 532.9 540.8
417.5 407.7 396.6 392.1 415.3 432.5 450.7 464.3 477.5 490.5 505.1 513.9 520.1 520.5 517.4 510.9 500.7 488.5 471.9 459.2 437.2 422.2 426.2 421.6 403.4 381 357.9 337.5 348.1 368.5 394.5 418.6 442.2 455.8 466 478.3 486.7 492.4 495.4 494.9 492.1 485.5 476.4 463.8 452.8 441.8 432.2 419.2 410.3 404 397.7 393.7 391.6 384.7 377.1 370.2 363.2 354.7 345.3 340.4 333.1 337.1 344.5 356.1 375.2 398.6 414.4 423.4 427.6 418.8 421.1 442.2 452.9 463.9 480.8 500.9 516.9 526.7 533.5
402.8 395.1 377.2 400.4 418.3 435.3 452.1 462.3 476.2 490.9 504.1 512.3 518.4 517.8 514.4 506.9 495.5 481.1 466.8 455.7 435 408.1 397.3 401.2 384.6 365.1 343 337.3 357.6 380.5 404.1 424.8 443.2 453.1 462.5 474.3 484.5 491.3 494.6 495.9 493.1 487.6 478.4 465.8 453.2 443.3 433.3 421.7 410.3 402.5 397 384.1 389.5 383.1 375.7 368.3 361.8 353.7 345.5 339.5 330.7 336.4 341.8 352 367.5 394.8 415.8 423.8 425.2 408.5 423.3 441.3 453.7 463.8 481.7 498.5 510.5 518.9 524.1
389.6 375.9 383.3 402.7 422.6 439.2 453.5 462.3 476.8 489.8 501.3 510.1 514 513 508.4 499.2 482.9 471.1 466.2 455 437.4 410.3 380 374.7 368.5 349.7 331.8 343.7 369.9 398 416.9 430.6 441.8 447.4 458.9 469.6 480.3 487.7 492.5 494.3 493 487.8 479.3 467.1 453.8 443.4 432.2 422.9 411.3 403 396.7 388.3 379.7 380.8 376 367.1 359.8 353.6 345 337.2 328.3 328.2 340.4 348 361.7 394.3 406.1 414.9 414.2 397.3 418.8 435 449.7 464.4 479.8 492.8 501.6 507.1 517.9
369.5 365.3 390.9 410.6 427.2 442.9 454 464.3 477.7 492 500.5 506.5 508.4 505 501 490.2 483.6 472.9 463.2 454.5 438.8 411.2 383.4 352.1 349.6 333 328.9 353.5 382 407.9 423.4 431.4 437.2 443.1 453.8 464 475 483 489.4 491.7 490.7 486.3 478.3 466.7 454.3 443.8 432.4 424.3 413.2 405.3 397.8 392.2 387.2 376.8 369.8 359.4 356 347.2 340.5 333.5 325 326 337.5 342.5 355.7 375.9 383.8 400.3 397.5 392.9 406.6 419.1 438.1 459.2 474.6 488.2 500.4 509.6 518.3
359.5 373.9 394.8 417 433.2 446.8 457.6 470.3 482.1 493.1 499.3 502.9 503.2 500.6 493.4 487.1 477.8 465.9 457 451.5 433.5 406.4 379.9 355 337 326.6 335.3 361.1 390.7 413.4 423.7 427.8 430.9 435.3 447.6 458.8 468.8 477.8 485.3 488.1 487.4 483.7 476.1 465.1 453.3 443.1 431.7 425.8 418.1 406 398.9 392.8 387.5 381.4 373.8 366.3 358.9 350.9 343.9 338.6 331.1 322.4 335.2 339.6 347.8 359.7 368.9 380.7 385.9 389 414.1 432.6 448.5 465 479.9 490.4 501 508.5 515.3
374 389.5 404.8 423.5 439 450.6 464.8 477.1 486.3 492.5 495.1 497.2 498.7 494.3 486.3 479 470.1 463.8 453.9 448 424 398.2 373.4 350.2 333.9 323.8 339.7 370.1 399.4 413.1 420 423.4 423.3 426.8 437.7 450.6 463.2 472.8 480.5 482.7 482.9 479.3 472.2 462.7 449.3 439.6 430.3 423.4 418.9 410.3 400.7 393.8 388 381.8 375.8 368.9 360.3 351.4 344.5 337.8 329 320.6 332 336.8 342.4 350.2 357.6 369.3 368.8 392.9 417 432.9 450.7 467.2 478.9 489 499.2 505.8 513.2
390 403.4 418 432.6 446.1 460.6 471.2 478.8 485.9 489.8 492.3 493.1 491.7 488.3 484.7 479.2 466.1 460.7 451.1 439.9 416.2 390 366.4 346.8 327.5 321.4 345.3 375.9 402.3 410.6 416 414.4 414.3 416.6 429.9 445.8 459.8 468.1 475.2 477.7 477.3 473.8 466.7 454.5 447.4 439 431.3 423.3 420.8 414.9 402.4 395.2 388.5 383.5 376.9 368.8 361.5 350.2 341.9 334.6 326.2 318.2 331.2 332.9 336.8 342.6 345.4 361.2 373.8 390.5 413.2 434.1 453.4 467.4 478.6 489.2 497.2 503.8 510.1
405.5 418.8 430.6 443.6 455.6 466.1 471.5 474.9 482.2 485.8 487.7 487.6 485.4 484.3 481.6 477.2 469 458.5 447.8 428.7 405.4 382.1 358.1 338.7 315.8 323.4 349.3 379.1 399.8 406.9 408.1 404.3 395.1 406.8 424.7 441 455.8 464.4 469.5 471.4 470.1 467.1 458.5 452.6 444.1 432.9 429.7 424.7 420.4 417.6 404.8 397.1 389.2 379.2 376.4 371.7 363.2 354.7 346.2 338.3 331.7 316.5 321.8 330 332.6 336.6 338.7 353.5 371.2 398.9 418 438.4 454 466.1 478.4 489.7 496.2 501.9 506.7
420.2 431.5 442.9 452.6 460.1 466.8 470.1 471.8 472.9 479 479.8 480.2 480.3 480.2 478.3 473.6 467.1 457.6 446.6 423.4 398 373.6 351.5 332.6 316.6 324.7 349.1 378.7 394.4 402.4 397.1 393.2 382.1 397.8 418.4 436 452 460.8 463.7 465.2 465.1 459.2 451.7 445.9 431.9 432.8 427.6 425.2 419.8 411.8 405.8 397.2 394.2 387.7 380.9 374.3 366.4 356.8 346.6 337.9 331.5 317.6 313.3 322.9 327.2 322.9 336.8 350.1 369.9 395.8 420.7 439.5 454.1 466.2 480.3 489.9 496.4 501 504.8
430.7 438 445.9 453.8 459.6 464.9 467.4 469.1 470.6 470.1 468.8 472.2 472.5 473.1 473.9 472.6 463.9 458 444.4 425.4 396.8 370.9 347.5 329.5 312.6 323 345.9 369.9 386.2 390.3 386.5 379.1 367.2 390.7 413.1 432.4 446.9 456.8 461 461 454.2 452.3 445 441 437.2 439.3 433.5 425.7 421 413.9 407 409.5 402 396.9 385.7 375.2 367.7 358.8 347.6 338.8 333.3 328.3 315 312.7 314.6 330.6 333.7 347.2 367.7 398.9 419.9 434.8 449.2 466.8 481.4 488.3 493.3 497.6 502.5
432.8 438.7 446.3 451.4 454.4 459.3 463.8 466.5 467.8 466.9 462.5 462.7 463.4 465.5 468 467.8 463.3 456.5 444.4 428.6 400.1 373.3 348.5 329.8 311.4 317 339.3 360.1 373.8 375.2 370 356.4 369.7 390.1 411.8 430.2 442.7 451.9 457.3 461.3 463.6 462.2 458.6 453.4 447.9 441.6 435.2 426.4 421.6 415.1 409.3 408.5 415.6 401.5 386 377.7 369.3 359.7 349.3 340.3 333.1 326.1 311.7 311 318.2 327.9 332 346.4 372.2 401.1 418.7 434.5 450.7 465.9 477 484.2 490.3 494.4 500.1
431.2 435.6 441.1 447.3 448.4 452.6 458.6 462.8 464 461.9 455.4 446.7 450.6 455.2 459.7 461.4 460.5 453.9 446.1 431.8 404.5 376.5 350.4 333.5 309.1 310.3 331.5 354.2 358.6 359.4 355.8 347.8 372.6 392.7 414.3 431.4 441.1 450.9 459 464 466.2 464.8 461.4 456 449.7 443.4 436.9 426.1 418.3 415.2 410.1 407.8 407.3 401.6 387.6 378 371.2 361.8 350.3 340.7 332 326.9 315 308.5 318.6 328.3 330 348.9 378.9 404.8 420.8 435.1 451.7 463 472.9 480.3 485.8 491.7 497.1
426 431 434.5 439.6 444.3 446.8 452.4 457.4 459.1 455.5 442.9 431.6 433.9 440.8 448.9 453.5 453.8 449 439.4 430.3 409 381.7 355.8 339.8 315.1 303.1 319.3 338 343.4 340.4 329.5 355.7 378.8 401.2 421.8 433.5 445.3 453 458.3 463.4 465.4 464.5 461.9 457.7 452.4 445.9 437.5 420.2 420.6 418.7 413.4 409.1 406.1 402 397 384.7 374.7 363.1 350.6 340.2 329.7 319.6 313.5 307.1 324.7 326.3 329.6 348.4 380.7 403.5 419.1 434.1 447.7 459.2 465.8 473.7 479.6 485.7 492.1
420.8 424.4 427.8 433.2 436.4 441.3 446.4 448 450.8 442.1 437.6 430 411.1 425.1 435.4 443.4 446.8 444.2 439 430.7 416.4 390.6 366.3 344.7 328.5 302.2 306.1 321 325.2 320.7 332.2 360.1 383.7 406.8 425.2 434.2 445.9 451.7 456.3 460.5 462.8 462.4 459.7 457.7 453 444.8 433.7 427.6 425.8 422.6 419.5 415.9 413.8 410 402.1 391.5 381.8 365.3 351.9 341.2 330.6 323.8 313.7 305.8 323.6 324.1 328.6 345.7 372.3 398.4 415.9 432.6 442.9 453.3 458.6 465.7 474.7 478.4 484
416.1 420.1 423.3 425.8 432.1 436.8 440.1 443.7 440.5 438.6 433.5 422.7 403.6 409.5 423.1 430.7 439.6 438.3 435.5 430.5 421.3 401 375.8 350.5 331.6 313.5 299.1 305.7 309.4 318.3 339.5 363.6 388.3 411.9 428.1 436.8 445.2 450.5 453 454.9 456.9 456.2 454.3 451.6 448.5 445.4 443 438.9 431.2 426.6 423.8 418.6 415.5 411.2 405 392.3 377.6 366.3 353 340.5 329.9 324.8 314.7 306.9 323.7 322.6 327.9 344.5 369 394.4 412.5 428.7 440.9 447.3 450.8 458.4 468.7 471.4 475.1
411.4 417 419.7 423.1 425.5 426 430 434.2 432.1 427 423.9 415.8 400.7 392.4 408 420 427.1 430.7 428.1 425.3 419.4 405.8 386.2 360.2 341.8 325.3 306.5 295.3 300.4 317.3 339.4 365.2 390.6 414 428.1 437.8 444 448.3 450.9 451.7 452 452.1 451.6 454 454.4 451.8 446.2 440.8 435.8 428.1 421.1 415 412 407 400.9 390.3 376.3 367.7 353.6 340.6 330.6 324.5 308.5 304.1 320.4 320.9 328.1 343.8 365.1 385.3 408.2 422.8 433.8 438.7 443.8 450.9 459.1 463.6 467.2
404.6 412.9 417.6 420 420.6 421.4 419.2 420.8 422.1 418.3 411.7 404.8 396.8 376.6 387.5 404.4 414.5 421.8 425 420.4 413.1 398.8 384.3 365.7 355.4 341.2 319.7 300.8 294.3 312.4 332.2 357.8 387.1 413.3 426.6 432.6 438.4 444.2 447.8 448.5 449.9 450.4 452.3 454.5 454.3 450.7 444 439.1 435.1 424.3 415.6 409.1 405.2 399.7 394.9 386.5 373.9 366.9 355.2 341.4 331.3 322 307 302.6 311.4 320.2 328.2 343.1 359.4 376.9 399.9 414.5 424.1 430.1 435 441.5 448.6 453.9 457.8
402.5 410.9 414.5 416 419.6 417.6 418.2 412.4 411.9 405.5 399.6 391.8 371.6 359.8 370.6 388.5 401.3 409.4 411.7 409.7 402.7 391 378.2 365.5 357.3 341.4 320.5 300.5 290.9 312.7 331.3 354.4 383.9 409.4 419.8 427.3 430.5 435.3 440.2 443.3 445.9 447.8 449.5 451.4 451.5 446.9 442.4 437.6 431.6 420.6 412 404.9 399.7 394.4 387.5 379.7 374.3 365.4 356.5 340.6 325.7 317.2 306.4 300.2 305.2 320.4 328.2 341 356.2 372.4 391.8 405.7 414.7 421.2 428.2 434.6 439.9 444.9 448.8
395.6 405.9 409.5 411.8 411.6 414.3 412.3 405.8 398.7 394.9 394.1 387.3 376.5 362.4 365.8 374.5 387.9 393.7 397.9 395.3 391.1 380.4 371.8 360.1 350.8 333.4 315.1 294.8 290.1 312.2 333.4 353.4 379.1 398.2 409.1 420 426.3 429.3 432.1 436 440.1 444.9 447.8 446.6 445.8 441.7 437 432.1 424.8 420 414.4 404.2 399.4 389.5 383 378.8 374.5 364.6 358.5 344.4 326.7 315.3 300.5 298.8 309.3 320.8 327.8 339.4 350.1 369.3 385.5 397 407.6 416.5 424.1 428.1 433.7 437.6 440.1
387 398.7 403.9 406.2 406.7 405.4 406.2 401.5 399.6 396.3 391.7 382.8 369.2 347.8 361.8 365.6 372.4 378.9 372.6 379 376.3 369.1 362.5 350.3 341.6 322.1 304.3 285.8 294.3 312.9 331.1 351 369.2 382.8 394.9 408 414.2 420 425.5 432.1 439.3 444.2 447.3 446.4 439 435.4 432.1 426.5 421.9 413 408.4 401.9 395.9 388.7 380 374.5 371.5 361.8 355.8 343 325 313.4 299.6 297.7 311.8 320 326.8 335.5 346.5 361.4 379.9 391.4 404.1 414.6 421.1 424.7 427.5 431 433.2
380.7 388.1 394.6 399.6 399.7 399 397.2 396.3 394.1 389 382.9 372.3 354.7 336.3 337.1 349.3 359.5 358.3 358.7 360.1 362.2 361.3 354.7 343.3 330.3 314.3 286.9 284.9 311.3 305.3 327.9 344.1 357.2 368.6 381.5 395.4 400 413.9 425 430.3 438.9 442.8 445.2 442.7 437 427.7 429.7 423.8 417.9 409.6 402.4 396.3 391 385.2 376.7 369.8 366.7 359.4 350.7 337 323.1 311.2 298.9 297.3 312.6 320.6 325.1 332.7 342 358.4 376.1 389.8 404.2 412.7 418.2 420.8 422.8 425.7 427.6
374.6 377.6 379.9 389.7 391.3 391.6 390.1 385.6 386 380.5 376.5 367.7 355.1 341 326.7 337.9 350.2 353.8 354.9 348.1 343.5 340.3 341.3 336.8 321.5 307.9 286.8 287.2 311.1 325.3 334.3 343.9 351.5 356.7 365.2 384 403.7 418.7 427.2 430.8 436.7 441.2 441.1 436.2 434.4 426.3 421.9 420.9 412.8 405.4 395.2 390.1 386.7 382.5 383.5 373.2 357.2 353.6 346.7 336.6 319.8 303.8 297.1 302.9 319.1 323.8 326.9 333.3 342.1 356 376.4 391 403.8 411.1 415.1 413.9 416.1 420.3 421.7
364.8 368 373 371.9 381.9 381.1 376.3 373 376.4 373 367.1 359.1 355.9 346.3 325.1 328.6 338.4 342.5 343.5 340 339.7 340.8 335.4 324.8 314.1 299.2 278.7 296.6 322.9 344.8 356.4 366.6 375 381 388 391.1 409.5 422.1 427.5 429 429.4 435.1 436 426.8 428.5 428.2 420 408.6 405.1 399 397.5 394.2 386 381.7 382.6 367.4 356.4 353.4 344.9 334.5 323.5 306.9 293.9 305 322.5 326.5 328 331.4 341.1 358.3 379.1 395.7 404.9 412.1 415 414.7 412.6 411.6 416.2
350.9 354.6 364.2 365.4 370.3 366.2 363.5 358.6 364 362.3 358.9 358.2 349.7 338.7 330.5 311.2 320.8 327.4 330.3 328.3 325.8 325.5 323.1 313.4 298.1 284.2 280.6 313.9 342.3 361.4 374 384 394.9 399.7 405.5 410 415 422.6 425.6 430.8 430.3 427.2 426.6 432.9 421.9 415.5 421.3 415.8 409.1 399 394.4 391.4 391 382.5 378.2 367.2 349.2 346.9 346.3 343.1 334.2 321.2 294.8 305.8 323.8 327.4 328.8 331.1 342.2 360.9 381.8 397.7 407 414.6 416.3 417 413.5 410.6 406.6
341.1 343.8 350.5 358.5 352.7 360.4 358.1 354.3 354.4 351.8 350.3 349.8 347.7 340.3 331.7 320.5 308.7 311.6 316.8 319.5 318.4 315.4 309.7 293.1 275.5 274.7 296.5 325.1 348.7 367.9 379.5 388.4 402.4 410.9 414 418.7 418.6 419.8 423.2 427.6 430.5 430.5 433.7 433.7 430.3 423.8 417.5 409.2 401.3 394.3 389 387.9 387.9 384.7 371.1 361.7 350.7 344.5 341.2 335.7 342.3 329.4 297.1 306.3 325.1 328.1 327.9 330.9 340.7 366.1 382.5 401.5 409.7 415.2 418.7 417.8 413.2 407.1 403.8
