app/static/ascii/NY06.asc
ncols 200
nrows 200
xllcorner 300000
yllcorner 560000
cellsize 50
[rows 80 to 119 of 200, columns 0 to 88 of 200]
-1.9 -1.9 -1.9 -1.9 2.8 4.7 4.7 4.7 4.7 -1.9 5.3 5.8 6.2 6.3 6.2 6.1 6.5 7 7.5 8.1 8.9 10.5 13.6 15.1 15.9 16.8 17.7 18.7 19.9 21.2 23.9 26.9 30.7 34.8 39.1 41.1 41.7 40.8 39 34.8 32.9 30.8 28.8 26.6 24.3 22.5 21 21.3 22.2 24.1 25.5 25.6 24.1 20.7 15.2 11.2 10.1 9.6 9.4 9.4 9.4 9.4 9.5 9.5 9.5 9.5 9.5 9.5 9.5 9.5 9.5 9.5 9.5 9.5 9.5 9.5 9.5 9.6 9.6 9.6 9.4 9.3 9.1 9 8.9 8.8 9 9.1 9.1
-1.9 -1.9 -1.9 -1.9 -1.9 3.7 4.7 4.7 4.3 4.1 -1.9 4.9 5.4 5.6 5.5 5.5 5.9 6.4 6.8 7.5 7.9 8.3 9.7 10.7 13.8 14.7 15.8 16.9 18.1 19.8 22.3 25.1 28 32.1 35.5 38.1 37.3 36.3 34.7 31.6 28.8 27.4 25.3 23.9 22.4 21 19.9 20.5 21.7 23.5 24.4 24.4 23.5 17 12.4 10.5 10.4 9.5 9.4 9.4 9.4 9.4 9.4 9.4 9.4 9.4 9.4 9.4 9.4 9.4 9.5 9.5 9.5 9.5 9.5 9.6 9.6 9.6 9.6 9.5 9.3 9.1 9 8.9 8.8 8.9 9 9.1 9.1
-1.9 -1.9 -1.9 -1.9 -1.9 1.4 4.4 4.3 3.8 3.6 -1.9 4.2 4.7 4.9 4.9 4.9 5.3 5.7 6.2 6.6 7 7.4 8.1 8.5 8.8 9.4 12 14.5 16.4 18.3 20.5 23.1 25.6 28.7 31.8 35 35.2 33.1 30.9 28.1 25.5 24.1 22.9 21.6 20.5 19.5 19 19.7 20.9 22.5 23.3 23.3 18.9 14.2 11.1 10.1 10.1 9.4 9.3 9.3 9.3 9.3 9.4 9.4 9.4 9.4 9.4 9.4 9.4 9.5 9.5 9.5 9.5 9.5 9.6 9.6 9.6 9.6 9.5 9.3 9.2 9 8.9 9 9.1 9.1 9.1 9.2 9.2
-1.9 -1.9 -1.9 -1.9 -1.9 -1.9 2.1 4.7 4.2 4.4 -1.9 -1.9 4.7 3.6 4.3 4.9 5 5.3 5.6 5.9 6.3 6.7 7 7.5 7.9 8.8 9.1 9.3 11 15.1 18.9 21.5 23.7 26.3 29.5 32 33.3 31.6 28.2 25.4 22.9 21.3 20.7 19.9 19.2 18.3 18.2 19 19.8 21.4 22.6 18.8 15 12.2 10.9 10.3 9.5 9.4 9.3 9.3 9.3 9.3 9.3 9.3 9.4 9.4 9.4 9.4 9.5 9.5 9.5 9.5 9.5 9.6 9.6 9.6 9.6 9.5 9.4 9.2 9 9 9.2 9.3 9.4 9.4 9.3 9.2 9.2
-1.9 -1.9 -1.9 -1.9 -1.9 -1.9 0.1 2.8 4.7 4.7 4.7 4.7 4.7 4.7 4.7 4.7 4.7 4.8 5 5.3 5.6 6 6.4 6.7 7.1 7.5 8.2 8.4 8.7 9.2 12.3 17.4 21.7 24.4 27 29.4 30.6 30.4 27.3 23.6 20.9 19.8 19.3 18.8 18.2 17.1 17.5 18.3 19.1 18.5 18 15.6 13 11 9.9 9.1 9.2 9.3 9.3 9.3 9.3 9.3 9.3 9.3 9.3 9.3 9.3 9.4 9.4 9.5 9.5 9.5 9.6 9.6 9.5 9.5 9.4 9.4 9.3 9.1 9 9 9.2 9.3 9.5 9.6 9.8 9.7 9.5
-1.9 -1.9 -1.9 -1.9 -1.9 -1.9 -1.9 0.8 2.8 4.3 4.7 4.7 4.7 4.7 4.7 4.7 4.8 4.9 4.6 4.8 5 5.4 5.7 6.4 6.7 7 7.3 7.6 8 8.6 9.2 10.8 17.3 21.3 24.5 27.1 28.9 29.1 26.9 23 19.6 18.8 18.7 18.7 18.3 16.4 17.3 17.1 16.9 16.2 14.5 12.8 12.7 10.1 9.2 9 9.1 9.1 9.2 9.2 9.2 9.2 9.2 9.2 9.2 9.2 9.2 9.2 9.3 9.4 9.4 9.5 9.5 9.4 9.4 9.3 9.3 9.2 9.1 9 9 9.1 9.2 9.4 9.5 9.6 9.6 9.5 9.4
-1.9 -1.9 -1.9 -1.9 -1.9 -1.9 -1.9 -1.9 0.9 2.5 3.8 4.7 4.7 4.7 4.7 4.7 4.8 4.6 4.2 4.5 4.7 5 5.6 6 6.3 6.6 6.9 7.2 7.4 7.9 8.5 9.4 9.5 17.2 21.5 24.4 25.9 26.9 26 22.8 19.6 17.8 17.4 16.6 16 14.4 14.8 14.5 14.2 14.3 13 10.5 10.1 9.3 8.9 8.9 9 9 9.1 9.2 9.2 9.2 9.2 9.2 9.2 9.2 9.2 9.2 9.2 9.2 9.4 9.4 9.5 9.4 9.3 9.2 9.2 9.1 9 9 9 9.1 9.2 9.4 9.5 9.6 9.4 9.3 9
-1.9 -1.9 -1.9 -1.9 -1.9 -1.9 -1.9 -1.9 -1.9 0.8 2.2 3.5 4.7 4.7 4.7 4.7 4.7 4.4 4.1 4.3 4.6 5 5.2 5.5 5.9 6.2 6.5 6.8 7.1 7.4 7.8 8.6 8.6 9.1 11.7 16.4 19.2 21 20.8 19.1 16.4 14.8 14.1 13.9 14.1 12.8 11.7 10.5 9.8 10.3 9.1 9.1 9.5 9 8.8 8.8 8.9 9 9.1 9.3 9.2 9.2 9.2 9.2 9.1 9.1 9.1 9.1 9.1 9.2 9.4 9.4 9.4 9.4 9.3 9.2 9.1 9 8.9 9 9 9.1 9.2 9.3 9.4 9.4 9.2 8.9 8.7
-1.9 -1.9 -1.9 -1.9 -1.9 -1.9 -1.9 -1.9 -1.9 -0.6 0.9 2.2 3.4 4.5 4.7 4.7 4.7 4.5 4.4 4.6 4.8 5.1 5.3 5.5 5.7 5.9 6.1 6.4 6.7 7.1 7.4 7.7 7.9 8.2 8.6 9.5 12.2 13.9 13.8 13.7 13 11.7 11.6 11.5 11.2 11 10.3 9.4 9.3 9.3 10.3 10.8 9.1 8.8 8.7 8.8 8.9 9 9.1 9.4 9.3 9.1 9.1 9.1 9.1 9.1 9.1 9.1 9.1 9.3 9.3 9.3 9.3 9.3 9.2 9.2 9.1 8.9 9.4 9.5 9.2 9.2 9.2 9.3 9.4 9.2 8.9 8.7 8.5
-1.9 -1.9 -1.9 -1.9 -1.9 -1.9 -1.9 -1.9 -1.9 -1.9 -0.3 0.9 2.2 3.2 4.2 4.7 4.7 4.6 4.7 4.9 4.9 4.6 4.6 4.8 5 5.3 5.7 6 6.3 6.7 7.1 7.5 7.7 8 8.3 8.5 8.8 9 9.2 10.3 10.6 10.3 10 9.8 9.5 9.3 9.2 9.1 9.1 9.2 9.3 9.8 9.4 8.6 8.6 8.8 8.9 9 9.1 9.4 9.3 9.2 9.1 9.1 9.1 9.1 9.2 9.2 9.2 9.2 9.2 9.2 9.3 9.3 9.2 9.1 9 9.2 9.9 9.4 9.2 9.3 9.3 9.4 9.4 9 8.8 8.6 8.4
-1.9 -1.9 -1.9 -1.9 -1.9 -1.9 -1.9 -1.9 -1.9 -1.9 -1.9 -0.1 1 2.1 3.1 4.1 4.7 4.7 4.7 4.6 4.5 4.4 4.4 4.7 5 5.3 5.6 5.6 6 6.4 6.9 7.2 7.5 7.8 8 8 8.2 8.4 8.6 9 9.6 9.9 9.5 9.2 8.9 8.8 8.7 8.8 8.9 9 9.1 9.1 8.9 8.5 8.7 8.8 8.9 9 9.2 9.5 9.4 9.3 9.1 9.1 9.1 9.1 9.2 9.2 9.2 9.1 9.1 9.2 9.2 9.3 9.2 9.1 8.8 9.5 9.5 9.2 9.3 9.3 9.4 9.4 9.3 8.9 8.6 8.4 8.2
-1.9 -1.9 -1.9 -1.9 -1.9 -1.9 -1.9 -1.9 -1.9 -1.9 -1.9 -1.9 0.1 1.3 2.2 3.1 4 4.7 4.7 4.7 4.7 -1.9 4.7 4.8 4.8 4.9 4.9 5.4 5.8 6.2 6.6 7 7.3 7.4 7.5 7.5 7.7 7.9 8.2 8.5 8.7 9.4 9.1 8.7 8.4 8 7.9 8.4 8.7 8.8 8.9 9 8.5 7.9 8.6 8.8 8.9 9 9.3 9.6 9.5 9.2 9.1 9.3 9.2 9.1 9.1 9.1 9.1 9.1 9 9.1 9.1 9.2 9.2 8.7 9 9.1 9.1 9.2 9.3 9.3 9.2 9.2 8.9 8.9 8.5 8.3 8.1
-1.9 -1.9 -1.9 -1.9 -1.9 -1.9 -1.9 -1.9 -1.9 -1.9 -1.9 -1.9 -0.5 0.5 1.4 2.4 3.3 4 4.5 4.7 4.7 -1.9 3.9 4.1 4.2 4.3 4.8 5.3 5.7 6 6.4 6.7 6.9 6.9 7 7 7.2 7.4 7.7 8 8.3 8.5 8.6 8.2 7.9 7.5 7.2 7.6 8.4 8.6 8.7 8.4 8 7.5 7.6 8.5 8.9 9 9.4 9.7 9.4 9.1 9.2 8.4 9.4 8.8 8.9 8.9 8.1 9 9 9.2 9.2 9.2 8.9 8.7 9 9 8.9 9.1 8.9 9 9.1 8.6 8.4 8.4 8.5 8.1 8.1
-1.9 -1.9 -1.9 -1.9 -1.9 -1.9 -1.9 -1.9 -1.9 -1.9 -1.9 -1.9 -1 0 1.2 1.9 2.5 3.1 3.6 3.8 4.3 -1.9 4.2 3.8 3.4 4.2 4.6 5.1 5.5 5.8 6.2 6.3 6.5 6.5 6.5 6.5 6.7 7 7.2 7.5 7.8 8 8.1 7.8 7.4 7.1 6.9 7.1 7.7 8.4 8.3 7.8 7.4 7.1 7.2 7.3 8.4 9.1 9.4 9.2 6.6 5.9 6.1 6.2 6.4 6.2 6.1 6.1 6.5 6.3 6.5 6.2 6.1 6.3 6.6 7.7 7.1 6.5 6.6 7.3 7.3 8 7.9 8 8 8 8 8 8.1
-1.9 -1.9 -1.9 -1.9 -1.9 -1.9 -1.9 -1.9 -1.9 -1.9 -1.9 -1.9 -0.9 -0.2 0.7 1 1.2 1.4 1.6 1.8 2.1 -1.9 1.4 4.4 3.9 3.9 4.5 4.9 5.3 5.7 5.8 5.8 5.8 6.6 6.6 6.2 6.3 6.5 6.8 7 7.3 7.4 7.6 7.3 7 6.7 6.7 6.9 7.2 7.8 7.8 7.6 7.2 7.3 7 6.2 6 6.1 6.4 6.7 7 5.9 5.7 5.7 5.8 5.9 6 6 6.1 6.2 6.1 5.9 5.8 5.8 5.8 5.9 6 6.1 6.3 6.6 6.6 6.9 6.9 6.8 6.5 6.9 6.3 6.1 6.5
-1.9 -1.9 -1.9 -1.9 -1.9 -1.9 -1.9 -1.9 -1.9 -1.9 -1.9 -1.9 -1.6 -1.4 -1.2 -1 -0.8 -0.6 -0.3 -0.1 0.1 -1.9 -1.9 4.7 4.4 4.3 4.4 4.8 5.2 5.2 5.3 5.3 5.2 5.4 5.8 5.8 5.9 6 6.3 6.5 6.7 6.9 7.1 6.9 6.6 6.3 6.5 6.7 6.9 7.3 7.1 6.9 6.8 6.6 6.1 5.5 5.6 5.8 6.1 6.4 6.7 6.6 5.5 5.5 5.6 5.7 5.8 5.9 6 5.9 5.8 5.7 5.6 5.6 5.6 5.7 5.8 5.9 6.4 6.5 6.5 6.7 6.6 6.5 6.1 6.1 6.1 5.9 5.7
-1.9 -1.9 -1.9 -1.9 -1.9 -1.9 -1.9 -1.9 -1.9 -1.9 -1.9 -1.9 -1.9 -1.9 -1.9 -1.9 -1.9 -1.9 -1.9 -1.9 -1.9 -1.7 -1.9 2.4 4.2 4.6 4.7 -1.9 4.7 4.7 4.8 4.8 4.9 5.1 5.5 5.5 5.5 5.6 5.8 6 6.2 6.4 6.6 6.5 6.2 6.1 6.3 6.5 6.6 6.8 6.5 6.5 6.6 6.5 6 5.5 5.4 5.5 5.8 6.1 6.4 6.4 6.2 5.3 5.4 5.5 5.6 5.7 5.8 5.7 5.7 5.5 5.5 5.5 5.5 5.5 5.6 5.7 6.1 6.1 6.2 6.5 6.6 6.1 5.6 5.6 5.6 5.6 5.4
-1.9 -1.9 -1.9 -1.9 -1.9 -1.9 -1.9 -1.9 -1.9 -1.9 -1.9 -1.9 -1.9 -1.9 -1.9 -1.9 -1.9 -1.9 -1.9 -1.9 -1.9 -1.9 -1.9 -1.9 1 1.5 -1.9 -1.9 4.7 4.7 4.7 4.5 4.8 5 5.3 5.3 5.3 5.3 5.4 5.4 5.6 5.8 6 6.1 5.8 5.9 6.1 6.2 6.4 6.6 6.1 6.3 6.4 6.5 5.9 5.5 5.3 5.3 5.5 5.8 6.1 6.3 6 5.8 5.2 5.3 5.4 5.4 5.4 5.4 5.4 5.4 5.3 5.3 5.4 5.4 5.4 5.5 5.7 5.8 6.1 6 5.8 5.4 5.4 5.2 5.3 5.2 5.3
-1.9 -1.9 -1.9 -1.9 -1.9 -1.9 -1.9 -1.9 -1.9 -1.9 -1.9 -1.9 -1.9 -1.9 -1.9 -1.9 -1.9 -1.9 -1.9 -1.9 -1.9 -1.9 -1.9 -1.9 -1.9 -1.9 -1.9 -1.9 3.4 4.7 4.7 4.1 4.6 5 5.1 5 5 5 5.4 5.3 5.3 5.3 5.5 5.7 5.5 5.7 5.8 6.1 6.2 6.1 5.8 6 6.2 6.3 5.8 5.5 5.3 5.3 5.3 5.5 5.8 6.1 5.9 5.6 5.4 5.1 5.1 5.1 5.1 5.1 5.1 5.2 5.2 5.2 5.2 5.2 5.3 5.3 5.4 5.4 5.5 5.6 5.4 5.7 5.6 5.2 5.2 5.2 5.6
-1.9 -1.9 -1.9 -1.9 -1.9 -1.9 -1.9 -1.9 -1.9 -1.9 -1.9 -1.9 -1.9 -1.9 -1.9 -1.9 -1.9 -1.9 -1.9 -1.9 -1.9 -1.9 -1.9 -1.9 -1.9 -1.9 -1.9 -1.9 -0.3 4.1 4.7 4.7 4.8 5 5 4.8 4.8 4.8 5.2 5.4 5.3 5.2 5.1 5.2 5.3 5.5 5.8 5.8 5.7 5.6 5.5 5.7 6 6.1 5.8 5.5 5.3 5.3 5.3 5.3 5.5 5.8 5.7 5.5 5.2 5 5 5.1 5.1 5.2 5.2 5.2 5.1 5.2 5.3 5.3 5.3 5.3 5.3 5.4 5.5 5.6 5.1 5.4 5.2 4.6 4.9 5.1 5.2
-1.9 -1.9 -1.9 -1.9 -1.9 -1.9 -1.9 -1.9 -1.9 -1.9 -1.9 -1.9 -1.9 -1.9 -1.9 -1.9 -1.9 -1.9 -1.9 -1.9 -1.9 -1.9 -1.9 -1.9 -1.9 -1.9 -1.9 -1.3 0.2 1.5 3.1 4.7 4.8 4.9 4.9 4.7 4.5 4.6 4.9 5.3 5.3 5.2 5.2 5.2 5.3 5.5 5.4 5.3 5.2 5.1 5.1 5.3 5.5 5.8 5.8 5.5 5.2 5.2 5.2 5.2 5.3 5.5 5.6 5.3 5 4.9 5 5.2 5.2 5.3 5.3 5.1 5 5.1 5.2 5.3 5.3 5.4 5.4 5.4 5.5 5 4.8 4.6 4.1 4.3 4.5 4.7 5
-1.9 -1.9 -1.9 -1.9 -1.9 -1.9 -1.9 -1.9 -1.9 -1.9 -1.9 -1.9 -1.9 -1.9 -1.9 -1.9 -1.9 -1.9 -1.9 -1.9 -1.9 -1.9 -1.9 -1.9 -1.9 -1.9 -1.9 -1.9 -1.9 -0.7 0.8 2.3 3.6 4.8 4.8 4.6 4.4 4.3 4.7 5.1 5.4 5.3 5.3 5.3 5.4 5.1 4.9 4.8 4.8 5.1 4.5 4.8 4.4 4.7 5.5 5.4 5.2 5.2 5.2 5.2 5.2 5.3 5.4 5.1 5 4.8 4.9 5.2 5.3 5.3 5.3 5.1 4.9 5 5.1 5.2 5.3 5.4 5.4 5.4 5.4 4.2 4.1 3.8 3.7 3.9 4.3 4.7 5.1
-1.9 -1.9 -1.9 -1.9 -1.9 -1.9 -1.9 -1.9 -1.9 -1.9 -1.9 -1.9 -1.9 -1.9 -1.9 -1.9 -1.9 -1.9 -1.9 -1.9 -1.9 -1.9 -1.9 -1.9 -1.9 -1.9 -1.9 -1.9 -1.9 -1.9 -1.7 -0.2 1.4 2.1 4 4.6 4.3 4.1 4.6 5 4.8 4.9 5.3 5.5 5.3 4.9 4.5 4.7 4.9 5.2 4.7 3.5 3.7 4.5 4.7 5.4 5.2 5.2 5.2 5.2 5.2 5.2 5.2 5.1 4.9 4.8 4.8 5.1 5.4 5.4 5.2 5 4.9 4.9 5 5.1 5.2 5.3 5.3 4.9 4.8 3.3 3.8 4.4 4.2 4.6 5 5.3 5.3
-1.9 -1.9 -1.9 -1.9 -1.9 -1.9 -1.9 -1.9 -1.9 -1.9 -1.9 -1.9 -1.9 -1.9 -1.9 -1.9 -1.9 -1.9 -1.9 -1.9 -1.9 -1.9 -1.9 -1.9 -1.9 -1.9 -1.9 -1.9 -1.9 -1.9 -1.9 -1.9 -1.1 -1.9 1.5 4 4.7 3.8 4.8 4.2 3.4 3.2 3.7 4.4 4.4 4 3.8 4.7 4.8 5.2 3.7 4.6 4.4 5 5 5.1 5.1 5.1 5.1 5.1 5.1 5 5.1 5.1 5 4.9 4.4 4.7 4.8 5.3 5.1 5 4.8 4.8 4.9 5 5.1 5.2 5.1 4.7 4.7 3.5 5.5 5.5 4.9 5.3 5.5 5.5 5.4
-1.9 -1.9 -1.9 -1.9 -1.9 -1.9 -1.9 -1.9 -1.9 -1.9 -1.9 -1.9 -1.9 -1.9 -1.9 -1.9 -1.9 -1.9 -1.9 -1.9 -1.9 -1.9 -1.9 -1.9 -1.9 -1.9 -1.9 -1.9 -1.9 -1.9 -1.9 -1.9 -1.9 -1.9 0.5 1.4 1.1 3.3 4.7 2.8 2.1 3.4 2.9 3.2 3.3 3.3 -1.9 -1.9 -1.5 4.8 3.2 4.2 5.4 5.4 5.5 5.5 4.9 4.9 4.9 4.8 4.9 4.9 4.9 4.9 4.9 4.9 4.3 4.3 4 4.6 5 4.8 4.1 4.5 4.8 4.9 5 5 5 4.8 4.7 3.7 3.9 4.8 5.2 5.6 5.6 5.6 5.5
-1.9 -1.9 -1.9 -1.9 -1.9 -1.9 -1.9 -1.9 -1.9 -1.9 -1.9 -1.9 -1.9 -1.9 -1.9 -1.9 -1.9 -1.9 -1.9 -1.9 -1.9 -1.9 -1.9 -1.9 -1.9 -1.9 -1.9 -1.9 -1.9 -1.9 -1.9 -1.9 -1.9 -1.9 -1.9 -1.9 -1.9 1.2 3.2 3.7 4.7 4.3 3.9 3.9 4 4.2 -1.9 4.2 3.6 3.3 3.5 4.5 5.5 5.5 5.6 5.4 4.7 4.6 4.7 4.7 4.7 4.9 4.7 4.7 4.7 4.8 4.7 4.5 4.6 4.1 4.7 4.1 3.5 4 4.4 4.8 4.8 4.9 4.8 4.7 4.2 3.7 3.3 3.8 4.4 4.6 4.9 5.3 5.6
-1.9 -1.9 -1.9 -1.9 -1.9 -1.9 -1.9 -1.9 -1.9 -1.9 -1.9 -1.9 -1.9 -1.9 -1.9 -1.9 -1.9 -1.9 -1.9 -1.9 -1.9 -1.9 -1.9 -1.9 -1.9 -1.9 -1.9 -1.9 -1.9 -1.9 -1.9 -1.9 -1.9 -1.9 -1.9 -1.9 -1.9 -1.9 0.2 0.8 2 3.5 4.6 4.5 4.6 -1.9 -1.9 4.6 4.2 3.9 3.8 4.8 5.3 5.4 5.4 5.1 4.6 4.5 4.5 4.5 4.6 4.8 4.6 4.5 4.6 4.7 4.7 4.7 4.7 4.5 -1.9 4.7 4.4 4.7 4.7 4.7 4.7 4.7 4.7 4.7 3.9 3 3 3.7 4.5 4.7 4.7 4.7 4.7
-1.9 -1.9 -1.9 -1.9 -1.9 -1.9 -1.9 -1.9 -1.9 -1.9 -1.9 -1.9 -1.9 -1.9 -1.9 -1.9 -1.9 -1.9 -1.9 -1.9 -1.9 -1.9 -1.9 -1.9 -1.9 -1.9 -1.9 -1.9 -1.9 -1.9 -1.9 -1.9 -1.9 -1.9 -1.9 -1.9 -1.9 -1.9 -1.9 -1.9 -1.9 0.4 2.1 3.2 0.7 -1.9 -1.9 2.2 4.6 4.2 4.1 5.1 5.2 5.2 5.2 4.8 4.6 4.6 4.4 4.3 4.6 4.7 4.4 4.4 4.5 4.6 4.7 4.7 -1.9 -1.9 3 4.1 4.7 4.6 4.5 4.6 -1.9 4.7 3.9 4.6 3.2 2.8 3.1 3.8 4.6 4.7 4.7 4.6 4.7
-1.9 -1.9 -1.9 -1.9 -1.9 -1.9 -1.9 -1.9 -1.9 -1.9 -1.9 -1.9 -1.9 -1.9 -1.9 -1.9 -1.9 -1.9 -1.9 -1.9 -1.9 -1.9 -1.9 -1.9 -1.9 -1.9 -1.9 -1.9 -1.9 -1.9 -1.9 -1.9 -1.9 -1.9 -1.9 -1.9 -1.9 -1.9 -1.9 -1.9 -1.9 -1.9 -1.9 0.1 -1.9 -1.9 -1.9 -1.9 3 4.6 4.4 5 5 5 5.1 4.7 4.7 4.7 4.5 4.5 4.6 4.7 4.6 4.6 4.7 4.7 4.7 4.7 -1.9 -1.9 3.4 4.2 4.7 4.7 4.5 4.6 -1.9 4.7 4.5 4.7 2.6 3.9 3.6 3.9 4.7 4.7 4.7 4.6 4.6
-1.9 -1.9 -1.9 -1.9 -1.9 -1.9 -1.9 -1.9 -1.9 -1.9 -1.9 -1.9 -1.9 -1.9 -1.9 -1.9 -1.9 -1.9 -1.9 -1.9 -1.9 -1.9 -1.9 -1.9 -1.9 -1.9 -1.9 -1.9 -1.9 -1.9 -1.9 -1.9 -1.9 -1.9 -1.9 -1.9 -1.9 -1.9 -1.9 -1.9 -1.9 -1.9 -1.9 -1.9 -1.9 -1.9 -1.9 -1.9 1 3.3 4.7 4.8 4.9 4.9 4.9 4.7 4.7 4.7 4.6 4.5 4.5 4.6 4.7 4.7 4.7 4.7 4.7 4.7 -1.9 -1.9 4.3 4.5 4.7 4.5 3.8 1.8 -1.9 2.7 4.7 2.7 3.6 4.5 4.4 4.2 4.7 4.7 4.7 4.5 4.7
-1.9 -1.9 -1.9 -1.9 -1.9 -1.9 -1.9 -1.9 -1.9 -1.9 -1.9 -1.9 -1.9 -1.9 -1.9 -1.9 -1.9 -1.9 -1.9 -1.9 -1.9 -1.9 -1.9 -1.9 -1.9 -1.9 -1.9 -1.9 -1.9 -1.9 -1.9 -1.9 -1.9 -1.9 -1.9 -1.9 -1.9 -1.9 -1.9 -1.9 -1.9 -1.9 -1.9 -1.9 -1.9 -1.9 -1.9 -1.9 0.2 2.1 3.1 3.9 4.7 4.6 4.5 4.4 4.3 4.1 3.7 3.6 3.6 3.7 3.9 4.1 4.5 4.7 4.7 4.7 4.7 -1.9 1.5 1.6 1.8 1 0.2 -1.9 -1.9 -1.9 4.1 4 4.2 4.7 4.7 4.7 4.4 4.7 -1.9 2.6 -1.9
-1.9 -1.9 -1.9 -1.9 -1.9 -1.9 -1.9 -1.9 -1.9 -1.9 -1.9 -1.9 -1.9 -1.9 -1.9 -1.9 -1.9 -1.9 -1.9 -1.9 -1.9 -1.9 -1.9 -1.9 -1.9 -1.9 -1.9 -1.9 -1.9 -1.9 -1.9 -1.9 -1.9 -1.9 -1.9 -1.9 -1.9 -1.9 -1.9 -1.9 -1.9 -1.9 -1.9 -1.9 -1.9 -1.9 -1.9 -1 0.1 1.3 2.5 3.7 4.1 3.7 3.6 3.5 3.3 3.2 2.9 2.7 2.7 2.9 3 3.3 3.7 4 4.3 4.6 4.7 -1.9 -1.9 -1.2 -1.9 -1.9 -1.9 -1.9 -1.9 -1.9 1.7 3.1 3.3 1.9 -1.9 -1.9 -1.9 -1.9 -1.9 -1.9 -1.9
-1.9 -1.9 -1.9 -1.9 -1.9 -1.9 -1.9 -1.9 -1.9 -1.9 -1.9 -1.9 -1.9 -1.9 -1.9 -1.9 -1.9 -1.9 -1.9 -1.9 -1.9 -1.9 -1.9 -1.9 -1.9 -1.9 -1.9 -1.9 -1.9 -1.9 -1.9 -1.9 -1.9 -1.9 -1.9 -1.9 -1.9 -1.9 -1.9 -1.9 -1.9 -1.9 -1.9 -1.9 -1.9 -1.9 -1.9 -1.1 0.1 1.3 2.5 3.5 3.4 3.1 2.7 2.5 2.4 2.3 2 1.8 1.9 2 2.1 2.5 2.8 3 3.2 3 3 1.6 -1.9 -1.9 -1.9 -1.9 -1.9 -1.9 -1.9 -1.9 -1.4 -1 -1.2 -1.9 -1.9 -1.9 -1.9 -1.9 -1.9 -1.9 -1.9
-1.9 -1.9 -1.9 -1.9 -1.9 -1.9 -1.9 -1.9 -1.9 -1.9 -1.9 -1.9 -1.9 -1.9 -1.9 -1.9 -1.9 -1.9 -1.9 -1.9 -1.9 -1.9 -1.9 -1.9 -1.9 -1.9 -1.9 -1.9 -1.9 -1.9 -1.9 -1.9 -1.9 -1.9 -1.9 -1.9 -1.9 -1.9 -1.9 -1.9 -1.9 -1.9 -1.9 -1.9 -1.9 -1.9 -1.9 -1.1 0.1 1.3 2.5 3 2.8 2.4 2.1 1.7 1.5 1.3 1.2 0.9 1 1.1 1.3 1.7 1.9 2 2.1 1.4 1.1 0.2 -1.9 -1.9 -1.9 -1.9 -1.9 -1.9 -1.9 -1.9 -1.9 -1.9 -1.9 -1.9 -1.9 -1.9 -1.9 -1.9 -1.9 -1.9 -1.9
-1.9 -1.9 -1.9 -1.9 -1.9 -1.9 -1.9 -1.9 -1.9 -1.9 -1.9 -1.9 -1.9 -1.9 -1.9 -1.9 -1.9 -1.9 -1.9 -1.9 -1.9 -1.9 -1.9 -1.9 -1.9 -1.9 -1.9 -1.9 -1.9 -1.9 -1.9 -1.9 -1.9 -1.9 -1.9 -1.9 -1.9 -1.9 -1.9 -1.9 -1.9 -1.9 -1.9 -1.9 -1.9 -1.9 -1.9 -1.1 0.1 1.3 2.3 2.5 2.2 1.8 1.4 1.1 0.7 0.4 0.3 0 0.1 0.2 0.5 0.7 0.9 1 1 0.3 -0.4 -1.9 -1.9 -1.9 -1.9 -1.9 -1.9 -1.9 -1.9 -1.9 -1.9 -1.9 -1.9 -1.9 -1.9 -1.9 -1.9 -1.9 -1.9 -1.9 -1.9
-1.9 -1.9 -1.9 -1.9 -1.9 -1.9 -1.9 -1.9 -1.9 -1.9 -1.9 -1.9 -1.9 -1.9 -1.9 -1.9 -1.9 -1.9 -1.9 -1.9 -1.9 -1.9 -1.9 -1.9 -1.9 -1.9 -1.9 -1.9 -1.9 -1.9 -1.9 -1.9 -1.9 -1.9 -1.9 -1.9 -1.9 -1.9 -1.9 -1.9 -1.9 -1.9 -1.9 -1.9 -1.9 -1.9 -1.9 -1.1 0.1 1.3 1.8 1.9 1.5 1.2 0.8 0.4 0.1 -0.3 -0.6 -0.9 -0.8 -0.7 -0.4 -0.3 -0.1 0 -0.1 -0.9 -1.9 -1.9 -1.9 -1.9 -1.9 -1.9 -1.9 -1.9 -1.9 -1.9 -1.9 -1.9 -1.9 -1.9 -1.9 -1.9 -1.9 -1.9 -1.9 -1.9 -1.9
-1.9 -1.9 -1.9 -1.9 -1.9 -1.9 -1.9 -1.9 -1.9 -1.9 -1.9 -1.9 -1.9 -1.9 -1.9 -1.9 -1.9 -1.9 -1.9 -1.9 -1.9 -1.9 -1.9 -1.9 -1.9 -1.9 -1.9 -1.9 -1.9 -1.9 -1.9 -1.9 -1.9 -1.9 -1.9 -1.9 -1.9 -1.9 -1.9 -1.9 -1.9 -1.9 -1.9 -1.9 -1.9 -1.9 -1.9 -1.1 0.1 1 1.3 1.3 0.9 0.5 0.2 -0.2 -0.6 -0.9 -1.3 -1.9 -1.9 -1.9 -1.4 -1.2 -1.1 -1 -1.9 -1.9 -1.9 -1.9 -1.9 -1.9 -1.9 -1.9 -1.9 -1.9 -1.9 -1.9 -1.9 -1.9 -1.9 -1.9 -1.9 -1.9 -1.9 -1.9 -1.9 -1.9 -1.9
-1.9 -1.9 -1.9 -1.9 -1.9 -1.9 -1.9 -1.9 -1.9 -1.9 -1.9 -1.9 -1.9 -1.9 -1.9 -1.9 -1.9 -1.9 -1.9 -1.9 -1.9 -1.9 -1.9 -1.9 -1.9 -1.9 -1.9 -1.9 -1.9 -1.9 -1.9 -1.9 -1.9 -1.9 -1.9 -1.9 -1.9 -1.9 -1.9 -1.9 -1.9 -1.9 -1.9 -1.9 -1.9 -1.9 -1.9 -1.1 0.1 0.6 0.9 0.6 0.2 -0.1 -0.5 -0.9 -1.2 -1.6 -1.9 -1.9 -1.9 -1.9 -1.9 -1.9 -1.9 -1.9 -1.9 -1.9 -1.9 -1.9 -1.9 -1.9 -1.9 -1.9 -1.9 -1.9 -1.9 -1.9 -1.9 -1.9 -1.9 -1.9 -1.9 -1.9 -1.9 -1.9 -1.9 -1.9 -1.9
-1.9 -1.9 -1.9 -1.9 -1.9 -1.9 -1.9 -1.9 -1.9 -1.9 -1.9 -1.9 -1.9 -1.9 -1.9 -1.9 -1.9 -1.9 -1.9 -1.9 -1.9 -1.9 -1.9 -1.9 -1.9 -1.9 -1.9 -1.9 -1.9 -1.9 -1.9 -1.9 -1.9 -1.9 -1.9 -1.9 -1.9 -1.9 -1.9 -1.9 -1.9 -1.9 -1.9 -1.9 -1.9 -1.9 -1.9 -1.1 -0.2 0.1 0.3 0 -0.4 -0.8 -1.1 -1.5 -1.9 -1.9 -1.9 -1.9 -1.9 -1.9 -1.9 -1.9 -1.9 -1.9 -1.9 -1.9 -1.9 -1.9 -1.9 -1.9 -1.9 -1.9 -1.9 -1.9 -1.9 -1.9 -1.9 -1.9 -1.9 -1.9 -1.9 -1.9 -1.9 -1.9 -1.9 -1.9 -1.9
-1.9 -1.9 -1.9 -1.9 -1.9 -1.9 -1.9 -1.9 -1.9 -1.9 -1.9 -1.9 -1.9 -1.9 -1.9 -1.9 -1.9 -1.9 -1.9 -1.9 -1.9 -1.9 -1.9 -1.9 -1.9 -1.9 -1.9 -1.9 -1.9 -1.9 -1.9 -1.9 -1.9 -1.9 -1.9 -1.9 -1.9 -1.9 -1.9 -1.9 -1.9 -1.9 -1.9 -1.9 -1.9 -1.9 -1.9 -1.1 -0.7 -0.3 -0.3 -0.7 -1 -1.4 -1.8 -1.9 -1.9 -1.9 -1.9 -1.9 -1.9 -1.9 -1.9 -1.9 -1.9 -1.9 -1.9 -1.9 -1.9 -1.9 -1.9 -1.9 -1.9 -1.9 -1.9 -1.9 -1.9 -1.9 -1.9 -1.9 -1.9 -1.9 -1.9 -1.9 -1.9 -1.9 -1.9 -1.9 -1.9
