app/static/ascii/NY17.asc
ncols 200
nrows 200
xllcorner 310000
yllcorner 570000
cellsize 50
[rows 38 to 75 of 200, columns 86 to 171 of 200]
67.7 67 66.9 69.1 71.3 70.1 66.5 61.7 59.3 59.5 59.7 59.8 60 60.3 60.5 60.6 53.4 60.7 63 67 72.3 76.7 80.8 85.2 89.2 91.3 93.3 93.1 92 90.5 90.6 91.5 92 93.1 94.4 96.8 99.4 102.1 104.9 108 110.9 114.3 118.4 121 121.7 122.5 123.3 123.2 122.1 121.4 121.1 121 122.2 123 126.3 128.9 131.7 134.4 137.8 140 142.1 143.2 144.5 145.8 147.8 149.9 152.2 157.6 163.2 168 171.7 173.7 175.9 177.4 179.1 182.5 189.1 196 201.7 207.3 211.6 213.1 216.6 218.4 221.9 228.4
66.5 65.8 65.2 67.4 69.1 69.3 65.9 61.1 58.6 58.6 59 58.8 58.8 59.1 59.3 59.4 53.4 61.1 63.8 68.3 72.7 76.8 81 85.4 89.6 91.5 93.5 93.9 92.7 91.2 91.2 92.4 93 92.3 94.4 96.2 100.1 102.8 105.2 108.9 111.7 115.2 118 120.6 121.4 122.4 122.6 123 122.3 122.1 122 121.9 122.2 123.7 125.8 127.7 130.4 133.5 136.7 139 141.6 143 144.5 146.1 148.1 151.5 154.9 159 164.2 168.8 172.4 175 177.4 180.1 182.8 186.8 195.4 204.1 211 217.7 221.1 219.7 219.1 220.9 225.6 232.1
65.5 64.1 63.9 64.9 66.1 67.4 64.9 60.7 57.8 58.1 58.1 57.8 57.6 57.8 58.1 58 58.8 61.6 65.4 69.8 73.5 77.1 81.2 85.6 89.8 91.8 93.9 94.6 93.1 91.7 90.2 91.9 92.3 91.9 93.5 98.6 101.2 103.6 105.6 108.6 111.7 115.7 118.6 120.4 121.5 122.5 122.6 122.9 122.2 123.1 123 122.9 123 123.5 125.7 128.6 131.8 134.3 135.5 138.9 140.2 142.7 144.7 146.4 149.3 153.3 157 159.9 165 169.4 172.5 175.8 178.6 181.6 185.7 194.4 205.4 212.6 220.8 225.4 225.5 225 225.3 224.2 228.7 231.1
64.6 62.2 63.5 62.8 63.9 65.7 63.5 59.4 57.4 57.1 56.7 56.8 56.6 56.6 56.7 55.2 59.1 63.2 66.9 70.5 74.1 77.4 80.8 85.2 89.6 92.3 94.9 94.7 93.3 91.9 90.5 93 91.3 91.6 93.5 98.3 101.3 102.8 105.5 108.3 111.4 115.6 118.7 121 121.9 122.6 122.7 122.8 122.6 123.9 124.6 124 124.9 124.3 125.6 128.5 131.7 135.5 138 139.8 141.4 143 145 147.8 150.7 153.6 157.5 161.1 165.6 169.9 174.2 177 179.8 182.4 186.1 202.3 211.8 219.8 227.6 233.2 232.1 227.5 225.6 218.4 218.6 224.7
63.7 61.1 61.3 61 62.6 64.4 61.8 57.8 55.7 55.7 55.3 55.3 55.3 55.5 55.3 51.7 58.7 63.2 67.5 71.1 74.4 77.5 80.7 84.8 89.2 92.1 94.9 94.9 93.5 92.1 90.8 93.5 94.3 93 94.9 97.1 101 103.5 106 108.4 110.7 114.7 117.7 120.6 122.5 123 123.1 123.1 123 125 125.4 125.3 125.9 126.4 126.4 128.5 131.9 135.7 139.3 141.1 142.9 144 145.6 148.3 151.3 154.6 157.6 161.6 166.1 170.7 175.4 179.1 182.3 184.5 188.3 206.9 216.8 226.5 233.8 236.8 234.7 228.6 223.5 218.3 213.3 212.9
61.7 60.4 60.1 60.2 60.4 62.5 59.6 54.7 54.8 54.6 54.5 54.5 54.7 54.6 51.7 55.9 58.8 63.3 67.8 71.4 74.6 77.7 80.9 84.3 88.8 92 94.7 95 94 92.6 91.3 92.5 96.1 93.1 94.6 97.4 100.8 103.7 105.4 107.9 110 113.6 116.9 120.3 122.1 123.3 123.8 123.6 123.5 124.5 125.8 126.3 126.9 127.5 128.3 129 133 136.7 139.8 142.7 144.5 146.1 147.4 148.9 151.8 155.8 159.7 163.5 167.4 172 176.9 181.1 184.2 186.6 191.9 207.7 220.8 232.3 237 235.9 233.1 227.4 219.7 211.7 201.9 205.9
59.4 59.2 59.3 59.3 59.4 60.6 55.3 53.7 54 54.4 54.3 51.9 54.7 55.1 55.5 56.3 58.5 63.4 68.4 71.7 74.8 77.9 81.1 84.2 88.2 92.1 94.5 94.6 93.7 92.9 91.9 90.9 97.8 93.2 92.8 97.8 101 104 105.8 107.4 109.8 113.4 116.4 119.7 122.3 123.7 125 124.8 125.5 125.3 127 127.7 128.3 129 130.1 131.6 134 137.1 140.3 143.4 146 148.1 149.5 151.4 153.1 157.5 161.5 165.3 169 173.2 177.7 182.1 185.9 189.7 194.1 208.1 223.5 233 236.4 236 231.6 223.9 214.7 205.2 192 194.6
58.1 58.5 57.9 57.6 58.1 58.5 53.2 53.3 53.4 53.4 52.8 54 55 55.4 55.9 56.3 59.5 65 68.6 71.9 75.1 78.2 81.4 84.5 88 91.9 94.4 94.6 93.6 92.8 91.9 91 98.7 92.7 94.2 97.2 100.1 102.1 104.6 108 110.5 113.4 115.9 119.2 122.5 124 125.4 127.1 128.4 129.8 128.8 130.1 130.7 131.5 131.8 133.6 135.4 137.6 140.8 144.6 148 150.3 152.8 155 157.2 159.3 163.2 166.7 170.4 174.6 179.3 183.6 187.9 192.7 198 213.5 226.9 231.8 233.6 231.4 225.9 217.9 209.6 197.9 188.3 181.6
57.6 57.8 57.4 56.6 55.9 49.8 49.8 52.9 53 53.1 53.8 54.5 55.3 55.8 55.9 56.3 60 65.4 69.7 72.7 75.6 78.6 81.8 85.1 88.6 91.9 94.2 95.1 93.6 92.7 91.9 91.7 98.1 101.2 94.6 98.2 100.8 103.3 106.6 109.1 111.1 113.7 116.3 119.5 123.9 126.5 129.3 130.6 130.8 132.6 133.4 133.2 134 134.3 134.4 134.9 136.8 138.9 141.4 145.1 149.2 152.8 155.6 158 160.2 162.2 164.2 167.7 171.8 176.1 181 185.6 193.2 196.8 207.2 222.1 228.4 228.9 229.3 226.7 220.7 212.1 202.1 190.3 181.9 170.8
56.9 56.7 56.9 56.5 55.3 52.2 52.3 52.6 52.9 52.9 54.1 55.9 62.4 63.8 57.3 57.2 60.7 66.2 70.2 73 75.6 78.8 82.2 85.4 88.7 92.1 95 94.8 93.3 92.6 91.7 92.3 97 102.9 94.2 97.8 101.2 105.1 108.7 111.2 113.5 115.2 117.3 121.2 126.4 129.5 131.6 133.5 133.9 136.6 138.6 137.8 137.6 137.8 137.8 137.1 138.3 140.5 142.6 145.7 150.2 154.7 158.2 160.9 162.7 164.7 167.3 173.2 179.5 182.3 188.7 197.8 206.8 207.2 218.1 225.9 226.1 226.1 226 221.9 215.1 206.1 194.2 183.9 174.8 164.6
55.8 55.8 56.4 56.2 54.8 51.5 51.9 52.3 52.5 52.6 53.8 55.2 69.3 71.6 64.2 58.4 60.7 66.5 70.3 72.4 75.2 78.4 81.9 85.1 88.6 92.7 95.8 94.4 92.9 92.2 92.1 92.5 96.9 104.5 95.7 97.6 103.2 107.6 111 113.5 116 117.7 119 123.5 128.6 131.8 134 136.1 137.4 140.6 143.8 144.1 142.3 141.6 140.8 139.9 140.1 142.5 146.1 149.7 153 156.7 160.2 163.7 166.2 170 177.8 187.1 194.9 195.1 198.3 206.3 212.8 212.1 222.3 224.7 224.5 222.6 221.8 216.7 209.1 198.8 188.2 177.6 167.8 160.4
55 54.8 55.4 55.8 53.6 50.7 51.6 51.7 51.9 52.3 53.9 56.1 70.8 72.1 69.6 62 60.2 66.6 70.4 72.5 74.7 77.6 80.9 84.7 89.6 95.8 97.4 95.5 94.1 93.5 93.7 93.6 97.8 105.8 103.1 100.3 105.9 110.2 113.1 115.8 117.9 119.9 121.2 125.4 130.7 133.8 136.1 138.5 141.1 143.8 146.7 153 150.6 147.9 146 145.2 149.2 151.7 152.5 155.3 158.3 161.2 167.6 173.5 178.5 184.5 191.8 203.1 207.6 206.7 207.6 210.7 217 210.6 216.8 220.4 221 220.2 217.1 211.5 203.2 191.8 180.8 172 162.7 155.7
54.9 53.8 54.1 54.5 53.5 49.1 50.9 50.5 50.5 51.7 53.7 61.4 71.8 71.8 68.1 61.1 60.2 66.3 72.1 73.7 74.8 76.5 80 84.3 93.2 101.5 102.6 98.7 96.7 95.3 95.3 96 99.3 98.4 108.1 101 107.1 111.7 114.8 117.8 119.7 122 123.9 127.8 132.9 136 138.6 140.9 144.3 147.4 150.3 154.6 154.8 153.3 154.4 159.3 167.9 169.9 168 165.9 167 169.3 179.1 183.2 188 201 203.2 212.6 218.1 217.2 217.1 211.8 211.5 208.1 212.2 214.3 215.7 214.9 211.6 205.1 196.6 186.3 176 166.7 159.1 152.8
55.2 53.4 53.7 54.1 53.2 52.1 50 50.7 50.5 51.4 53.4 62.4 72 71.2 65.8 60.9 61.1 66 71.4 73.5 74.3 75.7 80 90.5 104 110.5 110.8 106.5 101.7 98.7 97.9 97.8 99.3 102.7 109.5 102.9 108.5 112.1 116 119 121.4 123.6 126.6 131 135.4 138.8 141.1 143.5 146.7 149.9 152.1 155 158.7 160.5 169.9 178.5 184 187.5 187.2 184.4 175.2 176.1 181.2 187.5 195.2 204.5 212.4 211.8 215.8 217.3 218.9 212.8 205.8 200.7 205.9 207.1 207.8 207.5 203.9 198.7 191.1 181.3 171.3 164.4 157.9 151.1
54.8 53.1 53.4 53.4 53.4 52.1 50.5 50.7 50.9 51.2 52.9 58.1 71.3 70 63.7 61.1 63.2 67.7 71.3 73.1 73.7 75.8 84 98.2 111.2 116.3 116.1 114.1 108.2 103.4 100 99 100.2 103.5 111.2 107.2 110 112.6 115.7 120.6 122.7 125.4 127.8 131.7 137.8 140.7 143.4 146.2 149.4 152.4 154.2 158 164 173.4 182.1 186.6 190.6 192.3 190.9 190.6 184.8 178.4 180.7 188.1 196.3 204.1 209.2 209.9 211.5 212.5 212.2 208.3 201.8 191.8 198.2 198.9 198.9 197.8 196.1 191.8 183.9 176.6 167.1 162.8 157.1 150.5
54.2 52.7 52.7 52.7 52.7 51.2 50.5 48.6 50.9 51.3 51.9 53.8 69.1 69.4 61.7 61.5 66 69.4 72 73.1 73.2 78.1 90.9 105.1 116 119.1 119.5 118 112.7 107.5 102.7 100 101.2 103.8 112.7 112 112.9 116.8 119.8 123.8 127.2 129.6 131.9 135.2 138.7 142 145.3 148.9 152.4 156 161 167.9 173.2 179.1 183.3 186.6 188.6 189.3 189.4 189.9 186 179.9 179 186.9 194.5 202.7 206 205.9 207.2 207.8 206.5 201.8 195.6 188.4 187.6 188 187.5 187.8 186.1 182.8 178 170.3 165.7 160.9 156.3 151.1
52.6 52.2 52 52 52 51 50.2 50.4 50.7 51.3 51.9 52.7 68.4 68.6 65.3 62.5 67.2 70.6 72.2 72.4 73.6 80.9 96.3 109.2 117.5 121.5 122.7 121.1 115.2 110.7 105.9 100.7 101.8 101.1 110.8 114.8 118.1 126.5 128.9 129.8 134.8 138.2 140.9 142.1 143.5 143.8 148 155.7 158.6 169.6 172.1 173.3 175.9 180.4 183.7 185.7 185.5 187.3 189.5 189.1 184.9 179.4 175.9 185.2 194 199.9 203.6 204.3 203.2 202.5 200.8 194.6 185.5 177.9 173.1 175.6 174.6 173.1 172.3 172.7 170.7 167.4 164.4 159.6 154.6 150.3
52 51.7 51.5 51.6 51.8 50.8 50.2 48.9 50.8 51.3 51.9 56 68.8 68.4 61.5 63.2 67.9 70.9 71.6 71.8 74.3 84.8 99.4 110.6 118.2 122.9 124.5 121.8 116.5 113.2 108 101.4 101.2 101.9 108.9 115 121.3 130.7 132.6 134.6 138.7 143.4 147.4 151.1 154.9 155.6 155.8 159.8 167.8 176.1 182.4 176.3 176.6 181.4 183.4 183.8 183.7 184.4 185.6 182.3 179.1 174.5 173.4 183 191.6 197.9 202.2 202.6 201.1 198.8 194.3 190 178.8 170.9 166.2 164.1 165.2 165.4 164 166.2 166.6 164.6 162.1 157.7 152.4 148.3
51.7 51.5 51.4 51.5 51.7 49.7 50 50.5 50.8 51.1 51.9 58.9 67.2 68.1 61.7 62.4 67.5 70.9 71.3 71.4 75.2 88.2 101.8 111.2 118.9 123.8 122.6 119.5 117.8 114.6 108.5 102.2 100.1 102.6 107.4 115.6 119 131.8 135.8 136.4 138.9 144.2 147.9 151.1 154.7 159.2 162.2 161.8 166.1 172.5 178.8 177.9 176.6 182.2 183.1 181.4 181.3 180.9 179.2 176.5 171.9 166.5 171.4 181.6 190.3 197.6 202.5 201.6 200 195.3 187.2 179.7 172.1 165.4 160.2 157.6 158.5 159.8 160.3 161.9 161.9 161.6 159.5 156.1 150.3 145.4
51.9 51.3 51.3 51.4 51.6 47.5 50.2 51 50.8 51.1 51.7 58.5 65.6 67.5 61.9 60.7 66.3 70 71.8 71.9 78.1 91.6 103.1 112.4 119.2 122.8 120.1 119.3 119.5 115.6 110 103.7 99.7 101.1 105.8 113 119 130.1 137.7 138.5 137.8 143.8 148 151.2 154.3 159.4 164.2 163.3 164.5 167.6 170.7 174.2 174.3 180.1 181.3 178.4 177.6 176.5 172.9 169.3 165.2 160.5 168.2 178.4 186.2 193.4 198.6 197.5 191.9 184.7 178 171.8 165.3 159.5 155.5 152.9 154.8 156 155.9 156.8 157.4 156.8 155.3 154 148.5 142.8
57.1 51.3 51 51.1 49.9 50.8 51.8 52.6 52.5 51.8 53 58.6 64.1 67.2 62.5 60.7 64.9 69.4 71.8 73.1 80.6 93.6 104 112.7 118.2 120.9 122.9 119.9 119.5 116.7 111.6 105.4 99.6 100.4 103.9 111.5 117.6 123.1 136.5 138.7 137.4 142.2 147.6 151.1 154.5 159.6 164.2 161.1 161 160.5 159.1 164.9 170.6 175.8 176.9 173.9 171.2 166.2 163.6 162.5 157.7 150.9 156.3 163.8 174.8 182.3 186.8 185.5 177 173 168.7 163.6 158.5 154.8 152.1 149.5 151.7 151.8 151.5 151.7 152 151.2 151.1 150.1 145.9 141
58.6 51.2 50.6 50.8 47.4 51.7 53.6 55.2 56.4 56.6 56.1 59 63.5 66.1 61.8 60.7 64.8 68.6 71.1 74.3 81.9 93.6 103.6 111.7 116.3 118.5 121.3 119.8 119 116.5 111.6 106.4 98.3 100.4 101.5 110.5 115.6 121.3 131.9 137.4 136.3 140.2 146.7 150.5 154.8 159.6 163.9 158.6 154.6 151 151.8 153.5 158.8 165.8 168.7 165.4 159.9 156.7 155.2 153.7 151.5 146.7 147.8 151.9 156.9 163.6 166.3 165.8 164.6 162.1 160 156.3 152.6 149.5 147.3 145.8 148.3 148.4 147.8 145.9 146.3 146.6 146.9 145.7 142.7 138.9
53.2 50.4 50.3 50.1 47.3 53.5 55.7 57.6 60.1 61 60.6 61.8 64.4 65.2 60.7 60.7 65.1 68.2 71.6 74.9 82.7 93.5 103.4 109.5 114.4 118.1 120.5 119.3 119.5 116.7 111.8 105.3 96.1 101.8 104 108.1 113.5 118.8 123.3 134.1 135.8 136.7 142.8 150 154.8 158.5 159 156.5 148.8 146.8 147.2 147.5 148.6 150.3 152.9 153.9 154.6 152.1 150.1 148.8 145.6 142.3 143.7 145.7 147.7 152.5 155.9 158.9 157.6 155.7 153 150.3 146.6 144.4 142.3 141.7 143.8 144.8 143.7 141.4 141.3 141.5 141.6 141.2 138.8 136.8
49.8 50.1 50.1 50.1 50.5 56.2 58.4 60.3 61.8 62.2 62.3 62.9 64.8 64.2 60.7 60.7 66.2 69.7 73.3 76.4 84.1 93.9 101.7 106.5 110.2 116.1 119.4 119.7 119.9 116.9 110.8 104.8 96 103.9 106.3 109.4 112.3 117.7 120.9 128.7 132.5 133.9 139.4 145.5 151 153.7 152.5 152 148.3 143.7 142.2 143.5 144.7 145.3 147.4 148.5 148.9 148.2 145.4 144 140.2 137.8 140.7 143 143.7 146.4 150.8 154.7 154.6 151.9 149.4 145 140.8 139.3 138.3 137.3 138.5 140.1 138.6 137.2 137.4 137.4 137.2 137 136.3 134.5
50.2 50 50.1 47.3 55.9 59.8 61.1 61.9 62.1 62.3 62.9 63.7 64.6 64.2 60.7 60.7 67.3 71.4 74.7 78.9 87.4 95.5 100.9 104.7 109.6 114.3 117.6 119.6 120 116.8 110.8 104.7 96.1 104.7 107 109.8 112.7 116.2 119.7 124.5 128.4 131.2 136.2 140.3 142.8 145.2 147.1 146.8 145.7 143.1 140.6 139.7 144.3 146.2 145.3 144.2 144.1 142.4 140.9 139.1 135 134.8 137.5 139.7 142.3 143.2 146.2 149.4 152 148.7 145 142.9 139.2 138.2 135.9 133.6 134.3 134 133.4 133.8 134.2 133.9 133.3 132.7 132.7 132.5
49.7 49.4 47.3 56.5 60 61.7 62 62.4 62.4 62.4 63.3 64.2 65 64 60.2 64.7 69.7 72.9 75.9 80.1 86.9 95.6 100.1 104.1 108.1 111.9 115.2 117.1 117.6 114.6 109 104.4 97.1 105 107.6 110.2 113.6 116.9 119.6 120.7 124.9 128.4 130 133.6 136.1 138.5 140.1 141.2 141.6 141 138.8 139.5 138.8 143.5 144.2 143.1 139.9 135.9 136.3 133.6 130.4 132.4 134.2 135.9 138.8 141.4 144 146.4 146.7 145.4 143.2 140.9 137.7 136.9 134.8 132.1 129.7 130.3 130.3 130.7 131.4 131.6 131.2 130.9 130.4 130.2
46.8 52.3 56 59 61.5 61.8 62.1 62.5 62.5 62.3 63.4 64.2 65 64.1 61.7 66.3 70.5 73.3 76.1 80.6 87.2 95.1 99.4 103.4 107.2 110.3 112.4 113.4 113.6 111.4 107.5 104.1 99.2 104.1 107.1 110.3 114.5 118.2 120.7 122.8 121.8 125.6 127.8 129 132.4 136.3 136.7 135.8 137.2 136.4 136.5 136.6 138 139.7 140.3 141.1 138.9 135.3 129.6 129.2 126.8 129.7 131.2 132.8 134.9 139.2 143 143.3 141.9 141 139.9 137.9 135.9 135.3 133.7 131.8 127.8 127.1 127.3 127.6 128.1 128.7 128.9 129 128.5 127.5
50.9 54 57.9 60.5 61.8 62.1 62.3 62.6 62.6 62.2 63.3 64.4 65.2 63 62.1 66.7 70.1 72.7 75.6 80.1 87.1 94.1 98.8 102.5 106.3 108.8 111.3 110.4 109.9 109.6 106.4 103.5 100.6 104.1 106 109.3 115.8 120.3 122.1 123.7 123.2 123.4 126.8 125.8 130.6 134.3 136.7 134.2 131.3 132.7 133.1 133 133.6 136.9 131.8 135.7 135.3 133.1 130.6 124.2 123.4 126.8 128.2 129.6 131.6 135 138.1 139.3 139.3 137 136 134.6 133.6 133.2 132.8 131.4 128.3 125.2 125.6 125.8 125.4 125.2 126.2 126.6 127.1 126.4
52.1 55.3 58.6 60.6 62.2 62.5 62.5 62.7 62.4 62.1 63.1 64.3 64.7 61.5 62.4 66.1 69.5 72.2 75.2 80.1 86.7 93.5 98.4 102.2 106 108.7 110.4 109.6 108.6 107.6 105.8 103.7 101.3 102.4 103.6 107.4 116.6 122.6 124.3 127.8 127.4 122.9 124.4 124.8 128.5 131.3 133.5 134.9 130.2 127.9 129.4 128.4 130.6 134.1 132.8 126.2 129.6 129.3 127 124.5 121.5 123.7 125.6 126.2 127.4 128.6 131.5 133.8 134.6 134.2 131.2 131.5 130.5 130.3 130.2 129.6 128.4 125.6 124.1 124.1 123.5 122.5 122.8 123.8 124.6 125.2
52.9 55.8 58.9 60.8 62 62.5 62.6 62.8 62.3 62 63.1 64.8 63 60.4 62.7 66.4 69.6 72 74.9 80 86.8 93.6 98.3 102.1 105.6 108.2 108.5 108.6 107.7 106.5 105.7 102.7 101.2 101.6 103 107.5 116.3 123.3 126.8 127.9 127.2 125.8 122.6 124.2 126.1 128.2 130.1 131.4 131.3 125.8 125.3 124.9 128 132.6 130.4 126.5 122.2 124.6 123.7 121.8 119.7 120.3 122.4 122.3 122.9 123.7 125.6 127.5 129.9 130.3 128.8 127.1 127.2 126.7 126.4 127 126.5 124.8 122.8 122.2 121.7 120.9 120.8 121.1 121.9 122.6
53.5 56.1 58.5 60.3 61.1 61.6 62.1 62.3 61.5 61.7 62.9 62.5 58.9 61.4 65.4 68.2 69.6 71.6 75.1 80.6 87.1 93.6 98.4 101.9 104.9 106.6 107 107.2 106.5 105.5 104.6 103.5 101.1 101.6 103.9 108.1 117.7 123.9 126.9 128 127.1 126.2 124 122.3 123.8 125.5 127.6 129.5 129.7 127.5 121 122.6 124.8 128.8 127.8 125.3 121.5 118.6 119.7 119 117.1 116.1 118.5 118.1 117.7 119 120.7 122.4 124.8 125.9 125.9 125.1 123.9 122.6 123 123.6 123.6 123.1 123.2 120.5 121 118.7 119 119.3 119.7 120.5
52.9 55.4 57.8 59.5 60.5 60.9 61.3 61.7 60.7 61.9 61.8 58.4 58.5 63.8 67.6 68.9 70.1 71.6 76 81.8 87.6 93.5 97.7 100.9 103.9 105.7 105.8 105.8 105.3 104.4 103.6 102.6 100.9 101.9 104.2 110.1 119 125.3 126.6 126.3 126.3 126.4 123.5 121.6 122.1 123.3 125.1 127.3 127.1 125 124 118.6 120.8 123.6 125 122.2 119.9 117.1 114 115.5 115.4 114.5 113.9 113.5 112.9 116.6 117.7 119.2 121.1 122 122.4 123 122 121 120.6 120.3 120.7 120.5 120.1 119.5 120.2 119.1 118 117.8 118.2 118.5
52.3 54.6 56.9 58.7 59.8 60.2 60.5 60.7 60.1 62.5 60.5 56.8 59.4 66.5 68.9 70.3 71.8 73.5 78.3 84 89 93.1 96.8 99.9 102.6 104.3 104.5 104.5 104.5 103.6 102.6 101.8 100.6 101.6 105.2 112.2 119.4 126.8 130.3 128.1 126.6 126.2 122.4 120 118.6 120.6 122 124.6 125.1 123.2 122 118.7 117.5 119.1 119.7 119.2 117.5 115.3 113.1 112 113 112.6 112.3 111.7 110.4 110.7 115.1 116.5 117.7 118.4 119 120 120.2 119.4 118.9 118.6 117.1 117.2 117.4 118 118.8 119.3 117.4 116.7 116.3 116.8
49.4 53.9 56 58.1 59 59.3 59.5 59.6 59.7 60.7 56.5 57.7 62.4 66.1 68.8 71.5 73.4 76 81.1 86.4 90.9 94.2 96.6 99.1 101.1 102.9 103.3 103.3 103.7 103.5 102.5 101.5 99.6 101.3 106.1 111 121.7 127.8 131.8 130.5 128.7 126.6 125 120.8 119.2 118.5 119.5 119.7 123.5 121.3 120.2 118.9 115.2 113.8 115.1 115.7 115.3 113.6 112.1 109.4 109.7 110.8 110.8 110.6 109.9 109.3 110 114.5 115.2 115.8 116.9 117.8 118.3 117.7 117.4 116.6 115.8 113.8 115.7 116.6 117.4 118.2 118.2 116.5 114.9 112.1
48 53.2 55.4 57.5 58.1 58.3 58.4 58.3 58.5 57.8 55.8 59.6 62.6 65.8 69.2 72 75.8 81.2 85 89.6 92.3 95.4 97.3 99.1 99.7 101.4 102.1 102.4 102.9 102.7 102.4 100.7 98.4 100.9 104.9 114.5 124.5 130.1 133.4 133 130.4 128.7 126.3 122.7 120.1 117.5 116 117.6 117.8 118 117.8 116 115.5 111.4 110.7 111.3 111.9 111.6 110.6 108.9 107.1 107.9 109 109.3 108.5 108.6 109.7 109.5 113.9 114.5 115.2 115.9 116.5 116.3 116.1 115.5 114.7 114.6 114.4 115.1 115.8 116.3 117.2 117.4 117 115.4
45.2 53 55.1 57.1 57.4 57.2 56.2 56.1 56.2 53.5 56.8 59 62.4 67.2 70.6 74.8 81.1 86.4 89.5 92.7 94.1 96.7 98 99 99.4 100 100.9 101.6 102.1 101.9 101.5 100.4 97.3 100 105.1 116.8 125.7 131.7 134.7 133.8 132.4 130.7 129 124 121 118.5 115.9 111.9 116.1 116.3 114.2 114.5 113.5 111.9 108.6 108.2 109 109.4 109.5 108.7 107.4 105.6 106.8 108.1 108.5 107.7 109.4 109.4 109.5 113 114.7 115.2 115.6 115.2 114.8 114.4 114.3 114.4 112.7 113.3 113.8 114.2 115.2 116 116.7 116.7
44 53.4 55.1 56.2 56.5 55.4 54.4 53.6 53.6 56.1 58.1 59.6 63.7 68.6 74.2 79.7 86.6 91.2 93.9 96.3 97.4 97.8 98.1 99 99.4 99.4 99.9 100.8 101.3 100.9 100.5 99.8 95.7 99.4 103.7 111.7 123.2 131.5 134.9 135.5 134.4 132.2 129.9 126.3 122.4 119.8 117.6 115.6 108.9 111.8 113.6 112.3 111.2 109.5 109.1 105.7 106.1 106.7 107.1 107.6 106.2 104.4 105.6 106.7 107.6 107.5 107.7 109.7 109.7 109.9 111.9 114.1 114.4 114.8 114.4 113.6 113.9 113.4 111.9 111.9 112 112.2 112.8 113.6 114.5 115.4
44.7 53.1 55.2 55.5 55.9 54.3 52.6 53.2 55.5 57.2 58.5 59.8 64.6 72.1 78.3 84.3 90.8 95.7 98.5 99.3 99.1 99.7 99.2 99.1 99.9 100 99.5 100.3 100.5 100.1 99.7 99.7 98 99 101.9 105.8 117.3 127.5 132.8 135.3 135.1 132.8 130 126.7 123.6 120.9 119.1 117.3 113.3 106 109.4 111.2 110.3 109.1 109.4 106.5 103.8 104.5 105.4 106.3 105 104.1 105.2 105.5 106.5 107.2 106.9 109.1 109.1 109.5 109.9 111 113.5 112.8 114.4 114.1 113.3 112.2 111 110.3 110.4 110.6 111 111.5 112.3 113.3
