app/static/ascii/NY20.asc
ncols 200
nrows 200
xllcorner 320000
yllcorner 500000
cellsize 50
[rows 70 to 104 of 200, columns 78 to 155 of 200]
685.4 696.6 710.6 743.7 758.5 774.6 785.5 809.4 841.2 865.4 884 894.7 881.7 867.6 850.1 836.1 838.1 808.9 757.8 724 706.5 678.9 646 633 622.8 607.1 586 587.4 585.9 584.8 578.6 564 530.3 499 472.6 447.2 423.6 391.9 359.8 347.1 344.4 340.1 325.2 317.6 316.6 313.6 310.1 290 273.9 263.8 258.1 230.4 195.2 170.6 156.4 143.6 129.1 129.5 129.7 129.9 127.7 125.4 124 124.6 124.4 126 131.6 136.2 141 147.8 162.1 170.9 178.5 188.5 200.4 212 225.9 240
676.4 689.6 705.4 730.3 761.2 770.8 782.6 802.7 824 848.9 872.8 894.6 880.8 864.9 856.5 850.6 844.8 829.9 813 775.7 731.6 705.4 669.4 655.9 648.4 639.2 623.3 616.9 608.2 602.4 591.9 558.3 524.8 498.2 475.8 451 423.7 384.6 373.7 372 380.8 375.7 358.4 345.2 343.2 330.7 333.7 316 300.3 292 291.8 236.4 193.1 168.9 155.5 141.9 130.4 129.6 128.3 126.4 124.4 122.1 120.2 120.5 121.4 123.1 125.7 127.8 132.3 138.5 148.8 156.9 165.4 172.1 183.1 195.9 206.7 213.9
669.5 682.3 698.5 717.4 740.3 760.9 770.2 781.2 795.2 818.6 846.4 867.7 870.1 860.9 859.3 852.3 844.7 838.8 836.1 803 772 741.9 714.6 694 681.8 673.9 657.6 642.4 628.6 613.6 590.9 556.8 524.2 499.1 477.6 443.7 419.2 412.4 402 401.2 403.4 400.5 385 373.5 367.8 359.8 359.3 347.2 327.1 306.4 278.2 234.5 205.7 182.8 169.1 152.9 143 131.1 129.5 125.7 122.3 120.2 120.5 120.3 120.7 120.9 123.2 124.4 126.7 132.6 141.3 148.3 155.3 160.2 168.5 180 188.1 199.1
663.3 673.4 689.9 706.8 723.7 738.7 746.9 752 762.2 783 808 834.3 844 844.7 848.3 849.2 837.7 824.6 822.2 810.5 789.6 768.8 735.4 713.9 701.6 684.4 669.5 647.4 632.3 619.5 597 556.1 526.3 501.2 483.6 457.4 440.4 435.5 436 428.1 432 425 412.3 405.6 394.3 383.7 372.8 370.6 343.4 316.1 289.8 256.6 226.1 204.6 186.6 168.5 160.5 149.2 135 124.1 121.7 120.5 120.6 120.4 119.7 120.8 121.3 121.3 123.9 127.4 133.3 141.3 146 151.1 156.5 163.5 172 181.6
655 667.5 681.5 695.9 706.8 712.5 716.4 722.1 733.5 747.8 762.4 778.4 783.7 789.1 800.1 808.8 806 801 802 797.5 781.3 749.3 720.2 696.5 680.4 667.2 653 641.7 628.2 621.3 599.9 566.8 535 520.2 502.7 484.3 465.7 456.8 459.6 456.9 461.8 449.3 439.9 434.9 424.7 409.5 394.8 387.4 367.1 340 314.3 282.7 257.9 230.2 210.2 193 180.1 165 151.5 135.1 127 121.9 120.9 120.8 119.3 119.2 120 120.9 119.5 122.5 124.4 131.9 138.7 141.2 146.7 152.4 158.7 164.6
643.1 652.4 663.8 671.2 676 682.4 687.8 695.8 707.1 722.2 732.9 743.8 748.8 752.1 754.6 762.2 768.8 769.6 777.4 780.7 761.8 728.7 694.1 672.2 655.6 644.4 633.9 628.1 618.8 611.2 603.1 578.2 556 554.7 524.7 508.4 499.5 486.9 482.3 481.2 494 485.4 472 459.1 445.3 432.2 415.7 408.9 387 361.7 337.6 315.1 288 257.5 239.6 223.1 207.1 186 171.3 159.1 141.7 130.5 123.4 120.8 120.7 120.3 119.9 120 118.7 118.3 119.4 120.5 125.1 129.7 134.6 140.2 143 147.1
620.4 624.8 629.1 635.7 641.4 647.4 655.2 663.1 680.7 706.3 708.3 714.2 718 721 726.7 732 740.5 747.8 756.3 756.7 740.1 708.9 681.6 659 641.3 628 616.9 610.7 604.4 598.1 596.8 586.2 581.3 575.6 567.9 566.5 550 531.5 516.9 514.3 528.1 528 511.2 492.3 473 457.1 439.9 434.3 415.3 382.2 359.5 344.4 330.5 286.3 266.9 252.7 231.6 211.4 194.4 178.8 159 147.8 131.1 124.5 123.4 121.6 120.2 119.3 118.1 117.1 115.2 115.6 118.5 119.1 122.3 130.4 130.6 135
594.5 590.6 593.7 597.1 604.2 608.3 616.9 631.7 647.7 667.8 679.1 690.9 696.2 702 707.4 716.1 725.8 732.7 736.3 732.7 722.2 697 671.6 650.3 630 614.9 604.5 596 589.5 588.1 586.2 582 581 580.2 580.7 584.6 580.9 572 555.5 540.9 544.7 552.4 549.1 538.8 514.7 488 474.6 459.9 436.6 405.5 385.3 375.6 359.1 332.7 297.3 279.1 260.3 238 217.9 202.7 181.9 165.2 151.1 134.8 125.3 123.1 120.9 119.6 116.3 114.7 112.8 113.2 114.1 113.7 115.4 118.5 118.7 120.7
568.1 563.7 561.8 565 573.4 577.5 589.3 604.9 617.2 633.1 652 668 678.7 688.3 698.2 705.6 717.9 720.8 722.8 720 708.8 689.6 665 643.1 622 605.5 590.2 580.7 574.9 572.4 573.8 573.2 573.4 576.5 578.7 579.8 582.8 576.2 569.1 562.4 553.5 557.8 559.3 561.3 546.4 524.7 509.9 493.4 462.2 439.1 417.7 398 388.2 368.5 335.7 308.8 288.2 268.6 247.7 230.8 211 187 166.1 152.3 140.1 130 120.9 118.9 115.3 113 111 110.1 110.4 110.7 111 110.6 111.1 111.2
541.2 539.3 534.4 538.8 547.6 554.2 565.4 577.3 590.8 607.7 628.7 646.3 661.4 675.9 689.3 701 714.4 720.9 721.3 718.8 709.3 696.3 667.4 641.3 618.5 601.6 582.1 570.6 561.7 557.1 557.9 559.1 560.1 565.4 568 570 573 575.7 578.7 564.9 557.1 552.9 559.7 561.2 557.5 542.6 529.1 518.6 491.3 467.9 445.3 420.9 416.2 398.7 373.9 340.6 321.1 306.1 287.2 268.7 245.4 210.7 183.2 168.4 155.6 143.6 132.5 120.7 115.9 111.4 110.2 110.5 110.5 109.8 109.4 108.2 107.1 106.8
513.4 513.7 509.6 518.1 525.8 533.4 542.9 554.3 569.1 586.7 607.4 625.9 645.4 665.7 682.1 698 711.9 720.3 722.3 721.8 721.2 703.9 678.7 647.1 621.4 600.5 581 563 553.9 543 540.3 542.4 545.2 548.2 554.9 557.9 561.9 569.9 567.8 559.2 557.2 549.5 555.9 558.2 554.8 543 528.4 522.5 510.7 493.7 473.9 449.8 441.5 430 402.9 368.2 346.1 323.1 305.9 290.2 270.4 237.5 210.7 185.8 171.7 156.7 141 127.1 120.5 114.5 111.2 110.9 111.1 108.8 107.5 106.2 106.4 106.4
489.2 488.3 492 501.2 508.3 514.8 522.4 536.8 554.5 574.7 592.1 615.5 639.6 662.3 679.7 696.3 710.6 719.9 728.2 732.1 732.2 715.4 694.9 656.3 630.4 611.6 589.2 568.2 553.5 540.9 532.4 526 529.4 529.9 536.3 544.9 549.9 553.3 552.4 549.5 547.7 545.7 547.8 549.4 544.5 535.3 520.8 520.2 515.1 505.2 490.1 468.7 450.1 438.6 415.8 383.8 362.9 347 328.4 309.6 276.9 250.8 230.1 206.7 189.4 168.6 154.6 140.6 128 119.5 114.6 111.2 109.7 107.9 106.4 105.9 106 106.3
469.1 472.4 478.5 485.8 493 498.7 510.9 524.2 543.9 566.6 585.1 608.6 633.9 660.8 679.4 697.3 712.6 722.3 732.6 738.2 740.1 732 704.6 674.6 649.2 638.2 600.6 573.9 558.8 543.1 531.4 519.8 514.8 516.1 518.8 525.8 531.6 535.8 537.9 539.4 539.7 537.4 536.9 534.4 528.9 519.3 511.1 507 496.6 488.6 478.5 464.2 459.5 448.3 433.1 406.5 390.6 377.2 358.9 334.1 315.8 279.9 258.1 224 206 182.7 167.2 156.5 139.8 127.9 121 111.4 109.7 108.5 106.3 106.1 106.3 106.3
455.6 461.8 466.8 471 478.3 486.2 498.5 516.6 539.8 563.5 589 612.8 637.6 662.1 685.4 705.5 717.4 726.4 735 739.4 744 741.4 722.1 693 669.1 644.7 611.6 583.2 566.6 550.5 534.5 521.9 504.5 493.4 495.4 507.7 516 520.6 523.3 527.7 526.6 528.5 521.2 514.1 513 504.4 496.3 491.6 485.2 478 471.2 461.8 455.7 441.1 431.3 418.5 402.5 382.8 365.2 354.2 338.8 317.5 284.9 247.9 234.3 206.1 184.2 168 156.3 141.9 126.5 115.8 110.5 109.8 109.1 107.9 107.6 107.6
446.2 451.4 454.8 460.7 465.5 479.2 497.3 516.2 537.2 566 594.5 622 646.8 670 690.7 713.2 731.8 739.9 742.6 746.2 756.2 750.4 730.7 705.7 683.6 651.1 620.9 595.1 574 557.8 538 519.7 504.1 495.3 478.4 487.3 497 505.4 510.1 512.5 511.7 511.7 502.1 495.2 498.3 489.2 478.3 473.5 468 462.1 456.8 449.6 439.9 434.9 418.9 411.4 398.4 380.4 355.5 344.3 337 320.9 302.1 271.8 252.9 231.3 202.2 180.5 171.8 165.2 142.3 125.3 116.3 110.9 110.1 109.7 109 108.6
438.4 441.9 448.4 455.2 467.7 485 504.4 525.7 545.4 576.8 603.8 630.4 657.1 677.7 698.2 718.2 731.6 748.2 757.5 758.4 773 752.3 720 696 669.7 648.8 632.3 608.3 581.2 559.7 539.5 516.7 503.8 497 483.2 470 477.3 488 493.8 494.3 492.6 491.1 483.5 466.7 476.4 467.4 457.1 450.8 442.7 439.9 437.1 431 424.9 421.1 406.5 387.2 372.6 358.8 340.6 326.4 307.1 296.8 284.6 266.2 250.8 235.9 216.9 196.6 186.4 178.3 162.2 143.2 130.2 118.8 112.3 111.6 111 110
430.8 436.6 445 457.9 472.1 488.9 510.2 530 556.6 588.1 617.5 643.2 662.1 683.5 703.7 717.5 737 758.4 762.2 761.2 758.1 734.9 696.3 675.4 653.5 641.9 626.4 600 574.4 560.6 529.5 508.4 495.3 485 478.2 467.9 459.9 467.7 474.2 478.4 473.2 472.3 467.9 434.7 442.8 441.9 433.6 428.9 424.3 416.7 418 407.6 408.4 397.8 382.3 370.6 353.7 334.9 322.5 305.2 287.5 271.4 259.6 245 228.6 216.7 203.2 192.2 186.4 177.9 167.3 154.4 137.6 123.2 116.5 114 112.6 111.2
427.5 438 450 462.9 477.5 496.7 520.6 541.2 564.6 595.6 626.6 653.5 672.4 691.5 708.2 721.4 733.1 756.9 771.2 778.8 768.8 730.8 686.2 666.4 639.9 615.8 587.1 560.6 539.9 524.5 516.4 500.5 484.1 476.7 468.2 462.4 459.3 448.7 454.7 460.4 456.6 451.3 444 418.7 407.8 414.3 408.5 412.8 407.2 393.2 395 383.9 381.3 371.9 362.7 342 333.8 318.9 303.2 283.7 261.9 247 232.3 218.4 203.6 189.6 178.7 167.6 163.3 160.8 161.2 151.6 136.1 127.5 118.8 116.2 114.6 113
427.9 440.9 457 472 488.2 502.5 527.4 556.6 578.3 611.4 642.5 663.2 681.6 697.4 710.5 725.6 742.7 757.4 777.5 789.1 777.2 752.9 704 668.3 644.6 626.3 596.5 577.5 547.3 516.8 496.4 482.7 475.1 467.6 461.1 455.8 449.6 439.8 441.7 441 441.1 436.8 426.6 402.6 376.9 387.5 385 392.8 381.3 371.2 366.5 360.4 360.3 346.3 333.7 324.3 310.2 300 287.8 278.8 246.2 225.7 208.9 195.1 182 169.7 157.2 146.7 141.4 140.5 141.2 135.5 129.8 124.4 119.6 117.1 115.5 113.2
429.2 442.3 460.1 476.8 493.8 516.6 524.6 554.8 589.4 618.6 648 668.4 687.8 701.5 719.2 732.7 754.8 769.9 786.5 800.9 794.4 784.5 750.9 699.6 679.7 654.1 610.6 593.8 549.1 520 502.3 482.1 470.1 463.1 454.2 449.8 445.6 441 437.6 419.1 412.8 417 412.7 384.8 352.8 358.4 359.3 364.9 357.2 348.7 334 334.4 336.2 331.6 315 295.8 284.6 277.8 268.3 239 221 206.7 192.1 178.8 167.4 154.1 141.5 132.6 129 129.2 129.9 128.1 125 121.9 119.6 118.6 115.8 113.6
431.5 450.5 466.3 480.1 497.9 522.1 547.3 558.9 582.6 619.7 648.9 669 687.5 706.8 727.1 740.8 753.4 770.2 789.9 801.4 805.1 805 785.8 742.9 722.4 665.6 624.5 598.8 548.1 522.2 501.6 485.5 472.2 460 449.4 442.5 439.5 430.4 421.3 411.8 393.3 393.7 385.1 371.1 335 329.8 330.4 338 334.6 325.7 312.1 305.9 304.9 296.3 280.6 268.5 256.4 242.8 240.5 219.4 200.4 188.8 180.1 168.5 159.5 149.7 140.1 132.2 129.9 129 127.5 125.6 122.9 121.4 120.1 120 116.4 113.7
444.4 458.6 467.7 482.4 501.6 531.3 562.4 591.1 595.9 604.6 641.6 669.1 687.5 707.4 726.9 749 760.1 770.9 780.7 796.3 806.3 810.6 798.2 765.4 726.4 674.6 634.9 604 558.7 527.9 504.2 485.7 472.6 458.7 446.2 435.2 422.2 411 390.3 383.5 370.9 359 357.2 350.8 330.7 296 305.5 314.3 311.6 300.6 287.6 279.2 275.1 269.4 255.7 239.8 225.5 213.5 206.4 193.3 187.3 177.7 171.6 163.1 156 145.9 138.5 132.8 130.8 129.8 128.5 126.4 124.6 122.7 121.7 121.3 117.9 115.3
449.5 451.7 462.5 485.6 507.6 538.1 572.6 606.9 636.5 633.8 636.5 667.1 689 706 723.2 737.8 760.9 768.6 778.6 792.4 803.7 808.8 796.4 763.1 730.2 674.7 631.9 600.6 568.1 539.1 514.4 493.6 481.2 466.6 449.2 434 420.8 402 382.9 368.8 358.9 346.1 338.3 327.7 302 278.2 278.9 294.7 285.8 276.2 262.1 252.1 250.3 244.2 232 218.2 206.5 195.9 183 176.3 173.2 166.3 163.8 160.3 151.1 139.1 137.5 133.7 131.2 130.4 129 128.3 128.9 125.8 123.8 120.3 117.9 117.2
443.8 443.8 464.5 487.7 514.7 546.6 583.9 639.3 662.9 671.8 668.4 668.9 684.8 705.5 717.7 735.7 748.9 758.1 764.1 784.9 802 808.5 790.9 759.5 714.5 666.5 634.2 610.4 574.9 553.4 529.8 508.7 491.3 476.8 457.2 441 429.3 414.9 395.1 382.8 374.3 363.4 348.7 335.9 307.7 285.4 260.8 271.8 258.5 245.2 239.6 234.3 228.7 224.8 214.8 206.2 195.7 182.1 172.3 166.6 161.9 159.7 157 150.7 145.6 141.5 139.6 136.1 133.1 132.8 131.3 132.7 133.6 133.7 129.8 126.4 129 122.5
427.3 439.6 463.9 489.9 520.6 552.1 596.9 641.6 666.5 693.7 694.5 693.5 699.4 699.8 714.2 728.1 738.8 754.2 762.8 774.7 784.9 787.2 767 728.1 697.8 665.1 630 604.4 580.3 560.9 540.4 514.8 496.2 478.1 461.4 442.4 431.4 418.1 405.1 394.9 384.7 377.8 361.9 345 326.5 296.8 267.1 250 240.5 227.5 218.8 212.2 207.8 203.2 196.2 190.2 184.6 174.2 167.1 162 159.6 156.6 149.7 148.4 144 141.1 138.4 138.4 139.8 140 141.9 147.4 146.7 146.5 146.3 140.5 139.9 136.2
414 437.4 460.7 488.8 522.6 557.1 613.5 644.1 675.1 703.3 719.5 718.9 715.5 717.6 720 720.5 740.3 754 759.1 769.7 779 785.6 763.6 717.2 684.3 658.3 634.3 611.3 592.5 576.5 558.8 536 508.9 485.4 467.9 454.2 441.6 422.1 408.5 400.6 391.8 381.9 365.9 343.8 318 293.2 269.5 250.2 236.2 220.7 216.2 203.4 199.7 191.7 182.3 178.8 175.7 169.2 164 160.4 156.7 151.7 149.1 148.7 147.4 145 148.6 149.7 152.6 155.5 158.5 162.2 159.5 161.9 163.1 159.5 157.7 155.4
411.6 435.3 462 494.4 528.2 566.7 615.9 658.4 677.7 697.1 715.6 729.9 733.3 737.7 740.2 738.6 739.5 750.8 760.3 773.5 792 808.3 798 726.6 692.2 667.7 653.9 634.9 600.4 586.4 580.2 560.1 517.9 494.2 479.4 462.3 444.4 422.1 412.1 400.1 391 383.6 367.6 341.8 313.5 284.9 261.1 245.6 234.5 220.1 218.4 213.6 210.8 203.2 191.8 182.1 174.2 166.6 162.5 160.7 158.7 154.5 153.7 159.1 159.2 157.1 163.4 167.6 170.7 174.7 176.2 179.8 172.6 181.6 180.4 177.9 176.4 179.3
411.8 434.2 464.1 506.4 538.8 587.4 627.2 651.1 679.8 710.1 737.8 757.1 760.7 762.4 765.2 763.8 761.1 768.8 777.9 788.6 801.6 816.9 791.3 745.1 713.7 695.9 684.3 654.8 625.9 602.7 586.5 556.4 525.9 500.5 481.2 463.4 446.7 429.1 414.2 397.4 376.2 362.3 345.8 328 301.8 277.1 260.4 248.7 244.3 242.2 231.3 225.3 239.2 225.4 201.3 188.5 177.3 170.9 167.7 164.7 165.4 164.9 172.5 178.4 177.8 184.4 185.5 187.4 189.7 192.1 197.2 196.5 190 195.7 203.2 202.7 202 205.3
412.2 436.9 458.7 511.1 559 620.9 640.8 658.2 689.4 722.6 762.2 783.3 785 790.3 791.8 788 786.2 789.8 793.2 803 815 830.6 786.4 759.1 734.8 710.9 687.9 664 636.2 606.4 579.4 551 523.7 498.1 479.3 460.1 443.2 424.2 393.1 359.7 342.2 326 318.8 301 286.2 277.8 274.7 268.7 262.2 243.8 241.1 239.8 247.5 247.1 223.8 202.2 189.2 180.3 176 180.1 182.5 185.9 196.6 199.1 201.3 204.9 204.7 207.5 207.6 212 216.5 220.3 219.3 215.1 225.9 230.6 232.5 236.3
414.6 431.5 450 479.8 541.2 610.8 626.5 652.6 686.1 722.8 759.8 783.6 797.3 807.6 809.7 807.7 808.7 812.1 812.4 815.5 824 828.7 813.5 781.6 752.5 727.2 703.3 675.2 632.2 599.4 570.7 542.5 522.8 499.2 485.8 454.9 432.9 413.5 392.1 359.7 348.7 341.4 334.9 325.3 309.7 306.2 300.9 285.8 260.7 258.4 259.5 242 256.5 254.5 239.1 224.4 210.8 199.7 191.7 197.5 203.5 209.7 216.6 220.5 224.5 225 229.3 229.8 237.2 243.4 247.7 251.2 247.2 227.7 260.6 265.6 264.4 273.5
418 427.9 450 482.6 537.2 586.8 612.5 649.4 689.8 726.4 752.4 778.8 800.2 807.8 822.8 825.2 828.9 833.1 829.6 828.8 824 829.7 832.2 794.8 744.1 708 688.2 645.3 609.3 579.1 552.4 535.8 518.3 500.7 477.7 448.9 428.3 410.5 381 373 376.9 370.8 367.8 359.1 346.6 328.9 310.2 282 269.7 265.7 246.3 261.6 276.4 278.4 276.6 271.1 255.8 232 218.6 221.3 226.4 233.2 241 243.1 248.2 251.9 255.2 255.7 260.6 273.2 281.4 283 271 243.3 267.4 297.2 314 327.3
416.1 431.7 458.5 489 527 567.6 607 652.8 691.5 717.4 734.3 752.5 775.5 796.1 830.3 842.7 845.4 846.4 852.2 848.1 827 788.2 799.2 767.1 717.3 670.3 642.1 616.3 584.5 560 538 512.8 498.4 475.2 452.9 422.7 399.3 398.3 402.1 402.8 400.8 396.4 386.1 372.7 359.3 340.8 306.4 302.4 293.7 284.1 258.2 283.4 307.5 313.4 299.5 289.2 277.5 256.1 247.1 245.5 251.5 260.5 271.8 279.6 282.3 283.8 282.1 276.7 280 299.1 306.5 310.4 287.2 268.2 278.7 312.6 359.5 373.6
414.7 436.4 463.3 495.1 530.3 569.8 612.8 659.2 681.5 701.4 718.7 732.8 750.4 777.1 812.9 834.7 843.4 845.5 852.3 857 841.2 802.1 735.6 707.1 677.7 651.8 621.8 594.9 567.4 540.3 509.4 482.4 462.4 465.7 466.6 463.4 452.4 439.6 439.9 439 429.4 423.9 408.7 393.7 373.9 349.6 337.7 325.3 313.4 296.7 269.9 307.2 321.5 321.4 312.2 299.9 296.9 285.6 273.6 273.1 280.2 292.4 309.2 322.3 320.2 319.6 321.8 307.9 295.1 318.6 331.5 336.4 307.4 281.9 319.8 323.8 348.7 378.9
423.7 441.6 459.8 487.8 541.8 576.5 612.3 648 672.6 689.1 704.1 719.2 734 757.9 799.7 818 822.4 828.1 832 852.8 842.4 787.2 716.5 696.5 678.2 659.5 626.2 593.3 561.2 534 533.3 517.5 500.9 498.9 502.3 504.2 497 476.1 466.3 463.6 464.1 444.1 424 399.9 384.8 372.8 358.3 348.3 329.4 299.6 278.1 315.9 341 337.1 324.9 317 314.6 305.5 299.2 305 309.9 328.1 344.3 357.5 362 355.5 353.3 336.2 326.9 334.7 352.9 353 330 302.4 331.3 350.2 370.8 383.9
420.8 441 460.4 484.1 523.7 567.2 602.9 639.5 662.3 680.4 694.1 706.5 721.8 738.5 761.8 794.7 793.9 798.6 800.4 821.5 804.5 751.4 722.5 696 679.1 664.3 635.1 604.9 588.2 562.7 574.2 550.6 526.8 521.4 518.8 520.2 516.8 506 491.3 479.6 459.4 440.9 426.8 419.2 412.4 403 389.3 369.7 345.9 327.6 295.9 298.3 337.5 348 343.7 333.7 327.5 321.4 325 333 338 352.1 372.8 384.3 389 391.3 385 367.2 359 369.6 376.8 377.7 369.1 335 357 372.4 390.4 414.9
