app/static/ascii/NY28.asc
ncols 200
nrows 200
xllcorner 320000
yllcorner 580000
cellsize 50
[rows 140 to 174 of 200, columns 0 to 77 of 200]
156.3 151.8 147.1 143 138.5 132.9 125.1 129.5 132.3 131.1 128.7 126 124.2 129.3 139.1 142.6 150 155.6 157.7 159.6 155.6 151.2 132.5 131.8 134.4 134.4 134.9 133.3 134.9 135.7 136.8 134.7 144 151.2 160.8 167.2 169.9 170.1 168.7 158.4 146.9 144.4 146.6 148.6 157.7 170.9 180.4 187.3 190.4 190.8 194.1 198.3 204.1 204 211.5 216.5 220.7 224.7 225 219.2 208.7 196.4 187.1 177.8 167.1 160.3 158.3 158.7 159 163.5 168.6 169.4 169.8 169.2 169.3 168.6 167.1 165.8
153.3 148.7 144.8 140.8 136 131.1 123.3 126.6 128.6 126.6 125.5 122.7 129.4 141.3 146.5 150.4 158.2 163.4 163 161.6 161.8 158.4 155.1 150.4 142.3 144.7 142.8 142.6 141.1 141.7 144 147.5 155 162.5 170.5 175.2 177.4 178 177 165.3 153.3 145.6 147.8 150.1 158.6 171.2 180.9 188 191.4 193.7 196.8 201.2 206.6 210.4 218.4 225.4 231.1 232.1 230.9 224.2 214.9 203 192.3 183.4 175.6 167.8 160.3 160.1 160.1 164.1 170.5 171.2 173.3 178.5 181.5 181.3 179.1 174.6
149.9 146 142.3 138.5 133.1 128.5 122.2 123.9 124.2 123.2 122.1 128.1 141.5 152 158.1 165.5 173.9 177 175.7 171 165.7 162.3 160.2 155.7 153.1 153.9 151.5 149.6 148.7 150.9 153.3 157 164.9 172.7 178.3 180.6 182.5 182.8 181.5 173.5 162.9 151.7 148.8 153.3 159.7 173.2 180.9 187.5 191.6 194 197.8 203.8 209.1 215 224.8 233.4 239.6 240.3 236.7 227.8 218 208.1 196.2 186.3 180.1 174 167.2 161.8 161.3 164 169.5 173.8 179.8 186.9 192.5 195.1 195.8 194.7
145.7 142.3 140.2 136.6 129.2 124.8 122.5 120.8 121.6 121.2 126.2 139.8 152.1 161.5 169.7 178.3 188.6 191.6 190.5 180.9 172.3 165.6 162.1 155 162 162.1 160.5 158.9 158.2 160.3 163.9 168.8 175.6 182 185.2 186.2 186.3 186.2 185 178.2 168.5 159.5 153.8 154.9 161.3 173.5 180.8 186.9 191.6 194.1 198.8 204.8 210.3 218.9 229.5 238.3 244.5 246.2 240.5 231.1 221.5 212.1 200.5 190.8 184.3 178.3 172.1 165.8 162.6 165.5 170.4 177.5 186.9 195.1 203 206.1 207.9 206.2
142.3 138.1 136.5 132.9 121.7 121.6 120.9 120.2 120.6 124.6 136 149.7 159.8 169.1 177.9 186.5 195.3 196 193 184.2 176 169.7 165.2 164.4 166.7 168.1 167.6 167.9 168 170.4 174.5 179.3 184.9 189.4 191.7 190.2 189.6 188.8 186.7 181.7 173.5 166.3 161.6 161.1 167.1 174.5 180.5 186 190.6 193.9 200 206 212.6 220.3 231 240.5 246 247.1 242.8 234.3 225.7 216.1 206.2 196.6 188.5 182.3 175 169.4 164.8 169.3 175.5 183.5 194 203.8 212.1 216.2 217.8 215.8
138.4 135.6 131.7 116.7 117.3 119.1 119.2 121.1 121.6 130.4 145.4 155.8 165.8 175 181.9 188.1 195.2 196.9 195.7 187.5 180.4 174.6 170.6 169.4 171.3 172.7 175.1 177 177.7 181.1 184.5 188.7 192.8 195.3 196.8 194.2 192.4 191.5 189.5 184.3 178.5 171.2 166.8 167.9 174.7 177.1 179.7 184.9 189.3 194 200.5 207.2 213.5 221.2 231.3 241.9 246.1 246.5 244.8 237.3 228.9 220.3 210.2 201 193.4 185.4 177.9 172 168.8 175.4 181.5 190.4 201.3 211.6 220.9 225.9 228 224.3
135 132.7 123 118.3 118.8 119.2 119.9 121 128.6 142.8 151.2 161.8 169.8 178.3 184.1 190.6 196.6 197.8 195.7 189 183.1 180.7 174.7 174.7 178.4 180.3 182.4 184.8 186.1 189.3 191.8 195.2 198 199.1 199 197.2 196.1 195 191.2 185.9 180.4 175.4 166.6 171.8 177.5 180.2 183 185.9 189.9 195.2 200.5 206.8 213.2 221.5 231.2 242.1 247 250.1 246.4 239.5 231.8 223.3 213.7 205 197.4 188.3 180.1 173.6 171.1 179.2 185.7 195.1 206.8 218.6 228.1 235.9 236.7 232.9
131.1 125.9 116.2 118.1 118.8 119.2 119.9 120.6 131.1 144.9 153.5 161.9 170 178.3 185.1 190.7 196.2 196.6 194.1 189.2 185 185 179.5 181 187.1 189.1 188.4 191.2 193.5 194.8 197.1 200 201.4 200.2 199.7 199.3 199.1 196.7 192.9 187.4 183.2 180.1 174.9 172.6 179.3 183.5 186.1 188.8 191.4 195.2 200.4 206.4 213.1 220.9 230.3 241.6 247.6 249.7 246.4 240.3 233.2 225.9 217.1 209 200.8 190.7 181.3 173.7 173.4 181.9 189.9 199.7 211.5 223.5 234.5 241.1 243.3 240.3
124.4 118.2 117.2 118.2 119 119.5 120.4 121.3 132.1 143.9 152.9 159.8 166.6 173.3 181.1 188.1 192.8 194.5 192.3 188.1 187 187.7 185.2 184.6 190.2 191.8 191.3 194.7 198.4 199.4 200.7 201.6 202.3 201.1 200.7 200.2 199.7 198 194.3 189.9 185.6 182.1 180.3 179.4 179.7 186.1 189.2 191.9 194.8 196.6 201.3 207.1 213.3 220.2 229 239.7 245.6 247.3 245.1 240 234.3 228.1 219.5 210.4 202.9 192.7 182.7 176.6 171.2 183.6 196.3 204.9 215.9 227.7 238.5 244.6 246.8 246
119.6 117.5 119.4 119.6 120.2 120.9 121.4 126 134.3 142.7 150.6 158 164 169.9 176.3 183.2 189.4 192.3 190.7 187.8 188.4 188.6 185.9 184.1 189.2 192 192.3 195.5 200.2 202.1 203.6 202.9 202.6 201.8 201.4 201.1 200.3 198.9 196.9 194.9 189.1 184.5 184.3 183.9 182.3 188.3 192 195 200.7 201.5 201.8 206.7 212.7 219.7 226.7 236.3 241.6 244.1 242.7 239.3 234.7 228.1 220.8 212.3 204.5 194.7 184.9 183.2 173.5 185.5 198.7 208.2 219.2 230 240 246 247.9 249
120.5 123.1 122.2 121.9 122.1 122.2 122.7 128.2 135.2 143.2 151.1 158.2 163.5 169.3 174.8 179.7 185.3 189.6 189.3 188.7 189.1 188.3 185.3 183.7 187.2 190.3 191.6 195.2 200 204.1 206 204.7 202.8 202.2 202.2 201.9 200.4 198.8 200.3 200 194.1 187.8 188.9 187.4 184.2 189.4 194.1 199.4 205.3 208 209.1 209.8 212.6 219.3 225.3 232.7 237.8 240.5 239.6 237.7 233.4 227.3 220.8 213.1 205.2 196.2 189.2 186.3 178.2 188.4 198.7 209 219.4 230.1 239.1 245.1 247.5 248.9
126.2 124.8 124 124.8 125.6 125.8 126.1 127.6 134.1 143.8 151.4 159.8 165.1 169.6 174.7 178.7 183.1 186.7 186.9 188 188.5 187.8 185.5 184.5 185.6 187.7 189.9 193.6 198.8 204.1 206.7 206 203.2 202.8 202.8 202.7 200.6 199.9 201 201 198.2 191.9 191.3 189.4 185.8 192.3 198.5 205 209.1 212.5 214.1 215.5 212.5 219.6 225 230 234.7 237.3 237.5 235.6 231.8 226.2 220 213.8 206.2 198.3 192.4 188.9 182.2 189.9 199.3 210 219.6 229.6 237 242.7 246.8 248.4
127.5 127.1 126.4 129.2 131.3 132 131.7 130.5 134.1 143.2 151.1 158.5 164 168.9 173.9 177.1 180.6 184.2 185.1 186 188.1 186.5 185.3 183.1 184.3 185.6 187.2 192.1 199.2 203.3 206.2 206.4 204.2 202.8 202.7 202 200.8 200.1 200.9 200.7 198.3 194.8 192.8 190.8 186.8 196.4 206.1 208.9 212.8 215.6 217.2 218.8 220 218.3 224.5 229.7 232.9 234.8 236.1 234.5 230.3 225.3 219.6 213.9 206.9 200.1 195 191.5 182.6 192.3 203.2 211 219.3 228.7 235.8 240.2 243.5 246.3
132.7 131.9 134.5 139.5 141.3 140.8 140.1 137.9 137.8 142.6 150.8 157.4 161.3 165.8 170.9 174.4 177.7 181.2 183 184.5 188.3 186.9 185.4 183.9 183.4 185.8 187.9 193.5 201 204.5 206 206.7 204.6 203 203.2 201.8 200.6 199.7 200.4 200.5 198.3 195.1 193 191.1 187.4 196.7 207.5 211.8 214.9 218.4 220.3 221.8 222.8 220.8 223.9 229.2 232.1 233.7 234.7 233.5 229.5 225.2 219.5 213.6 208.2 203.5 197.6 192 191.8 196.6 203 210.2 218.9 227.6 233.7 237.6 240.6 243.9
138.5 139.3 142.4 147.1 149 149.4 149.3 150.6 149.3 148 147.3 154.3 157.8 162.2 166.5 170.7 174 177.7 180.4 182.8 186.9 187.4 185.7 185.1 183.8 185 188.2 192.8 200.4 204.7 205.1 205.5 205.2 204.5 204.1 202.4 201.1 199.7 200.2 200.2 197.8 194.8 192.1 190.1 190.5 196.8 207.5 212.3 215.7 219.9 221.8 223.7 225.2 224.1 223.5 228.5 231.5 233.1 234.1 233.3 229.9 225.1 219.9 215.2 210.9 206.2 200.1 190.7 194.9 199.2 204 210 217.7 226.5 231.4 234.9 238.2 241.5
144.4 148.3 150.9 154.4 155.1 155.8 158.5 163.5 162.3 161 159.9 155 154.8 158.3 162 166.4 170.3 174.4 178 181.3 185.4 187.7 186 185.4 184.5 184.1 187.4 191.4 198.9 202.6 205.5 206 205.4 205.4 204.8 203 201.1 200.1 199.9 199.3 197.2 194.1 191.6 190.4 191.2 199.1 207.7 212.1 216.1 220.1 222.7 225 227.1 227 226.3 228.6 231.2 232.9 233.7 233.1 230.2 225.5 220.8 216.5 212 207.3 202.5 193.5 192.3 202.1 206.5 211.7 217.4 224 229.5 233 236.1 239.1
151.9 157.1 161.1 163.7 162.8 162.9 166 171.3 173 173.1 172.9 168.2 161.7 159.2 158.5 163 167.6 171.9 175.9 179.4 185.8 189 186.3 185.5 184.6 183.5 186.6 189.4 196.3 201.5 205.2 206.9 206.1 205.7 205 203.2 200.2 198.9 198.2 197.8 196.5 193.4 191.1 189.7 192 199.4 208.1 212.4 216.4 220.4 223.9 226.4 228.7 228.8 228.8 229.3 231.3 232.7 233.4 233.2 231.2 226.6 222.1 217.5 213.3 208.9 204 202.8 204.4 203.1 209 214 218.2 222.9 227.9 232.1 235.2 238.2
160.2 165 169.2 171.3 172.1 173.8 174.3 180.8 182.9 183 180.9 177.4 176.8 174.5 167.6 166 165.6 169.5 173.9 178.7 183.2 190.1 186.3 185.3 184.5 183.4 185.5 188.3 194.5 198.8 203.4 206.8 206.8 206.3 205.7 203.5 199.5 197.4 196.6 196.2 195.9 193.1 190.9 190.6 193.3 199.5 208.2 212.6 216.5 220.5 224.3 227.6 229.8 230.6 230.1 230.7 232.4 233.3 234.2 233.2 231.4 227.7 222.8 218.1 213.4 209.9 205.2 210.5 211.9 210.1 209.4 214.9 219.2 223.1 227.2 231.8 234.9 238.7
164.1 169.4 174 176.8 177.5 178.4 180 189.6 192.1 191.1 190 186.8 185.8 183.8 180.5 178.9 175.5 173.4 172.2 178.6 183.4 188.6 186.7 185 184.4 183.4 184.7 187.9 192.8 197.2 202.3 206.4 208.5 208.6 207.1 204.5 200.1 196.5 195.1 194.8 194.7 193 191.6 191 192.4 198.6 207.8 212.5 216.6 220.5 224.3 228.2 230.9 232.2 231.3 231.7 233.1 234.4 235.3 234.4 232.2 228.2 223.3 218.6 213.9 211.4 217 221.2 222.3 222.1 213 214.8 220.1 224.6 228.5 232.6 236.7 240.8
166.6 171.4 176.1 178.5 179.9 180.5 183.8 193.5 198 201.3 201.2 197.6 195.5 191.8 189.7 187.2 182.6 182.5 179.2 179.7 184.3 187.9 187.5 186.2 184.9 183.8 184.5 187.7 191.8 196.8 201.6 205.7 208.6 209.5 208.5 206.3 201.6 196 194.3 193.7 193.6 192.6 191.3 190.8 192.2 200.5 207.2 211.9 216.3 220.7 224.8 228.3 231.4 233.3 232.8 233 234.2 235.5 236.4 235.8 232.8 228.7 223.8 217.3 217.1 224.5 229.3 231.7 231.7 230 223.2 217.1 220.7 225.8 230.4 234.4 238.6 243.4
168 172 176.1 179 180.3 181.4 186.2 194.9 201.8 207.3 207.2 205.8 202.8 199.1 194.7 193.3 190 189.6 185.8 185 186 188.8 188.6 187.2 185.8 184.5 184.2 187.5 191.1 195.7 200.4 205.1 208.1 210 209.2 206.4 203 197.1 194.3 192.9 192.6 192.1 191.1 191.7 192.9 200.5 206.6 211.3 216.1 220.3 224.4 228.5 232 234.4 234.1 234.7 235.7 236.9 238 237.3 233.6 229.1 224 221.6 229.9 239 240.7 240.4 238 235.3 228.6 221.3 221.8 228.5 233 236.7 241.3 247.7
167.3 172.2 176.3 179.3 180.4 181.2 188.1 195.1 201.9 208.5 210.5 209.6 207.4 204.7 200.6 197.3 195.9 193.7 191.4 189.9 190.5 190.4 190.3 188.4 186.9 185.8 184.8 187.5 190.7 194.3 199.8 205 208.2 210.9 211.1 209.1 205.7 199 195.4 193 192.2 191.7 192 192.6 193.4 200.1 206.7 211.1 215.8 219.8 223.8 228 231.7 235.2 235.4 236.3 237.3 238.9 239.8 238.5 235.3 229.6 223.9 233.1 240.1 244.7 247.5 247.1 243.8 239.6 232.2 225.6 223.7 230.4 235.9 240.2 246.3 251.5
167.3 171.4 175.3 178.1 180.1 180.9 187.4 194.3 201.1 207.5 210.9 211.3 210.7 209.3 207 202.1 199.9 198.1 196.2 194.5 194.7 192.7 192.6 189.6 188 187.1 186.2 186.9 190.4 194.6 201.8 206.6 209.3 211.9 213.4 212.8 208.7 201.8 196.3 193.4 192.1 192.4 192.8 193.3 194.1 199.3 206.5 211 215.1 218.9 223.2 227.4 231.2 235.5 236.8 238 239 240.6 241.6 239.6 236.4 231.3 232.1 239.2 245.6 250.6 253.5 251.6 247.7 243.4 236.6 228.9 226.3 231.7 238.1 244.4 250.5 254.5
165.6 169.7 173.8 176.4 177.8 179.6 186 193.4 199.8 205.7 210.2 211.3 212.8 211.9 209.1 203.8 203.2 201.7 199.8 199.6 198 196 194.5 192.8 189.4 188.3 187.1 186.9 192 197.1 203.7 208.4 211.3 214 216.1 215.6 212 207 200.7 193.6 192.7 193 193.5 194.3 195.5 199 207 211.4 214.8 218.5 222.7 226.9 231.5 235.6 237.6 239.6 240.7 242.3 243 240.9 237.7 233 238.2 245.3 252 256.6 258.7 255.5 251.4 247 242.9 235.4 229.9 235.9 239.2 245.6 252.7 256.6
164.8 168.2 172.2 174.2 175.7 178.7 186.4 192.6 198.8 205.3 209.7 211.9 213.4 212.8 208.7 206.2 207.8 208.5 206.2 205 202.3 199.6 197.7 196.1 193.1 190.1 188.9 190 195 200.4 206 210.1 213.6 216 218.3 218.2 215.8 213.1 209.9 203.3 198.5 196.1 194.8 195.3 196.4 199.3 207.1 211.1 214.6 218.3 222.5 226.8 231.5 235.7 239.4 241.3 242.1 243.9 244.2 242 239.3 237.1 242 250.6 258.6 264.2 263.5 259.4 255.1 250.9 246.7 237.7 236.7 237.2 239.7 246.5 254 258.7
163.9 167 170.2 172 173.8 177.4 184.1 190.4 196.8 203.7 208.2 210.6 212.9 212.7 209.4 210.6 215.2 212.9 210.8 208.4 205.6 202.9 201.1 199.2 197.7 196.1 192.6 195.9 199.6 203.1 208.7 212.9 216.4 218 220.2 220.9 218.8 217.9 215.8 214.3 210.6 206 201.4 200 198.8 198.6 205.9 210.7 214.4 218 222.4 226.7 231.2 236.6 241.8 243.3 244 245.6 245.7 243.6 240.6 238.4 244.8 252.9 261 266 265.3 261.8 258.8 255.4 251 244.5 252.1 253.9 250.9 250.3 255.7 260.2
163.5 165.2 168.9 170.7 172.5 175.7 180.8 186.8 192.6 200 205.5 208.6 210.8 211.5 211.9 213.6 217 217.8 215.2 210.8 208 206.1 204.2 202.3 202.1 201.1 199.1 202.4 205.9 208.9 212.8 216.4 219.2 220.2 221.8 223.4 222.3 221.3 220 219 217.2 213.5 210 208.2 206.7 201.8 203.1 208.6 212.9 217.6 221.9 226.2 231.2 237.2 243.2 245.3 246.6 247.5 247.4 245.3 241.5 239.3 246.3 254.4 262.2 266.1 266.5 264 262.6 259.7 256.1 251.2 258.6 260.1 260.1 258.1 259.1 262.3
164.8 164.1 166.7 169.2 171.4 175 178.6 183.3 189 195.3 202.1 205.4 209.1 210.2 211 213.2 216.1 217 215.1 211.1 209.5 208.2 206.3 205.2 204.7 203.3 204.3 207.4 210.7 213.9 216.8 220.2 222.1 222.8 224.3 227.9 227.5 225.1 221.8 223.2 220.9 218.4 216.7 214.8 210.1 208.6 207.6 207.4 213 216.8 221.1 225.6 231.4 238.8 244.7 248.2 249.7 249.9 248.9 247.5 244.5 243.7 248.3 257.2 263.1 266.9 267.8 267.2 266 263.9 260.4 258.6 261.5 263.7 263.1 261.9 261.9 263.7
165.9 165.9 164.7 167.2 170.5 174.4 178 182.4 186.8 192.4 197.5 201.9 205.9 208.7 210.5 212.7 215.8 215.9 214.6 211.6 210.7 209.4 208.2 207.5 206.8 205 205.7 209.3 212.8 216.1 219.2 222.4 224 225.2 227 230.3 231.4 230.5 227.2 225.1 223.6 221.5 220.6 218.4 217.5 214.4 213.3 207.8 212.4 215.9 220.3 224.7 231.1 239.8 246.5 250.7 252.7 253.3 252.9 252.7 251.5 252.1 255.5 260.1 266.7 269.6 269.5 268.9 268.5 267.1 263.8 261.5 264.9 265.9 265.3 265 264 264
168.6 168 166.8 165.4 169.5 173.8 177.5 181.8 185.8 190.4 194.4 198.1 202.7 206.1 208.9 211.8 214.8 214.5 213.9 211.5 211.2 210.5 209.2 209.2 208.8 207.6 207.7 210.9 214.9 218.1 221.2 224.2 226.1 227.8 231.3 232.9 233.6 233 229.7 228.7 226.8 224.7 222.3 219.8 221 220.1 217.1 213.2 209.8 214.5 218.7 224.3 230.4 240.1 247.4 252.5 256 257.7 258.4 258.2 258.3 259.5 261.4 264.2 267.2 270.4 270.8 270.3 270.4 269.4 267 266.9 268.1 267.4 267.8 267.3 265.7 264.4
171.8 170.6 169.8 168.6 167.7 173.2 176.9 180.8 184.4 189.8 193.5 195.4 199.7 203.8 206.6 209.4 212.5 213.7 212.7 210.8 209.7 210.3 210 211 210.8 209.7 208.8 211.5 216.3 219.8 222.8 225.7 228.2 230 232.9 234.3 238.5 238.5 239.1 237.1 230.7 226.9 224.6 223.3 223.6 223.1 222.3 216.7 214 214.3 218.4 223.4 229.6 238.9 246.4 253.7 257.6 259.3 261.4 263.6 263.5 264.5 266 267.4 269.6 271.8 272.5 272.4 272.7 272 270.9 271.3 270.7 269 268.3 267 266.2 265.1
174.3 173.4 174.2 172.3 169.9 171.1 175.3 179.9 184.5 189.5 192.8 193.8 197 201.2 204.3 207.1 210 211.9 211.3 210.1 209.1 209.7 210.5 211.6 212.2 211.8 211.4 211.8 216.5 221.2 224.1 226.5 229.7 232.1 235.9 240 242 242.5 241.2 239.3 235.7 231.5 227.4 225.9 227.5 228.2 226.2 220.9 216.2 215.7 218.4 223 228.8 237.6 246.1 254 257.8 260.8 263.7 266.3 267.4 268.5 270 271.3 272.8 274.9 275.6 276 277.1 277.2 277.3 276.1 273.6 270.2 268.1 266.6 266.1 264.5
177.5 178.2 179.5 177 172.5 170.3 173.2 178.3 184 188.6 190.9 192.8 195.1 198.6 202 204.9 207.7 209.7 209.9 209.2 208.5 208.9 210.8 212.3 212.8 212.6 212.2 213.1 215.4 221.1 225 227.3 231.3 235.6 239.1 241.9 244.3 245.6 244.3 241 237.9 234.2 229.9 230.6 232.6 232.7 228.7 222.8 217.9 217 219 222.8 228.2 236 245.2 255.2 258.1 261.4 265.4 267.5 271.1 272.6 273.9 275 276.5 278.2 278.9 279.9 281.8 283.7 283.8 282.2 277.8 272.6 269.4 266.5 264.9 263.1
180.3 182.4 185.1 180.9 175.9 172.3 172.4 176.1 181.5 186 188.4 190.8 193.3 197.2 199.8 202.6 205.4 207.4 208.5 208.1 208.1 208.5 210.2 211.9 213.5 213.3 213.3 214 215.7 221.3 225.3 228.8 232.4 237.4 240.9 243.6 246.1 247.8 247.5 243.7 240.1 235.8 232.6 232.4 234.4 234 229.9 224.4 220.1 217.7 218.2 224.5 231.1 238.3 245.1 254.5 258.5 262.2 266 269.8 273.6 275.9 277.6 278.7 280.2 281.8 282.4 283.9 286.2 288.6 287.7 284.4 281.4 275.4 271.5 267.8 264.8 261.8
184.7 187 189.9 187.6 179.8 174.2 172.5 174.6 179 183.8 186.4 188.6 191.2 193.5 195.7 199.9 203.5 205.6 207.3 207.8 207.9 208.3 209.4 211.4 213.1 214.4 215.1 215.3 217.5 221.7 226.5 230.1 233.7 238.6 242.2 245 247.4 248.6 248.2 246 242.5 238.5 234.4 233.9 234.9 234.6 230.9 228 226.1 223.6 219.2 229.3 236.1 242.4 249.1 256 259.4 264 269 272.3 275.2 277.8 278.9 280 281.6 283 283.7 285.3 288.4 291.5 288.9 285.2 281.9 277.6 274 270.4 264.4 260.2
