app/static/ascii/NY29.asc
ncols 200
nrows 200
xllcorner 320000
yllcorner 590000
cellsize 50
[rows 70 to 104 of 200, columns 0 to 77 of 200]
265.3 261.5 260.1 257.3 254.5 252.2 250 247 247 247 247 247 247 256.6 264.6 274.1 288 298.4 305.1 309.2 310.7 310.7 310.3 308.6 304.1 297.9 291.6 285.3 279.9 273.3 277.2 281.2 286.2 289.7 292.3 292.9 291.1 288.3 284.5 280.6 277 275.1 275.2 274.5 273.1 271.5 271.1 268.6 266 263.8 260.8 257.9 257.8 261.8 265.7 270.5 275.8 278.9 281.3 280.8 281.7 279.8 276.6 270.3 262.8 256.1 252.8 251.3 249.6 247.5 244.5 240 238.4 238.4 244.1 254 262.5 267.3
268.4 266 263 259.6 255.9 252.8 250.3 247 247 247 247 247 247 252 261.9 270.6 282.6 292.2 300.1 305.2 308 307.3 305.6 303.6 299.6 294.9 289 282.5 277.2 275.2 274.1 283.3 289.2 294.1 294.8 294.2 292.4 289.4 286.1 282.5 278.8 278 278.3 278.1 277.2 275.2 273.4 271.2 268.5 265.5 262.3 257.5 257.3 262.2 265.8 269.2 272.7 276 278.3 280.2 281.4 279.7 275 269 262.9 257.6 255.3 253.1 251.3 248.7 244.2 238.8 238.4 238.4 246.9 257.7 264.7 268.4
271.6 268.6 265.2 261.3 257.4 253.9 251 247 247 247 247 247 247 249.7 259.7 267.9 277 285.8 293.1 298.4 300.3 299.6 298.2 296.2 293.4 289.1 284.2 278.5 273.3 269.2 277.7 285.7 293.8 298.2 297.5 295.4 293.6 290.8 287.6 284.8 283.2 283.2 283.4 281.6 279.6 277.1 274.6 272.1 269.5 266.2 262.4 257.8 256.5 259.9 263.4 266.9 270.3 273.7 276.3 278.9 281 278.8 274.4 269.7 264.5 261.3 259.4 256.1 252.6 248.7 243.9 238.8 238.4 242.4 252.2 261.3 266.5 266.8
273.9 270.8 267.2 263.2 259.1 255.5 252.8 247.6 247 247 247 247 247 249.6 257.2 262.6 271.3 279.6 286.2 290.1 292.2 291.9 291 288.9 285.8 281.3 276.6 272.5 267.8 274.8 280.3 289 297.3 300 299.5 297.3 294.9 292 289.3 287.3 287 286.8 286 284.2 281.9 279.4 276.9 274.3 270.1 266 262.5 258.5 253.2 257.7 261.3 264.9 268.9 272.7 275.3 277.8 280 278.5 274.1 271 268.7 267.2 264 258.1 253.2 248.5 244 239.7 238.2 244.4 254.3 261.4 263.5 263.5
275.1 271.7 268.3 264.7 260.7 257 254.5 248.8 247 247 247 247 247 250.5 253.2 258.4 265.6 273.6 279.8 283.3 284.8 284.9 284 282.2 278.7 274.5 270 266 270.6 275.5 281.7 290.5 297.9 299.7 299.7 298.4 296.1 293.5 291.3 290 289.8 289.3 288.7 286.7 284.2 281.6 279 276.3 271.6 266.9 262.5 258.2 252.1 256 259.6 263.6 267.7 271.7 274.3 276.6 278.9 278.2 275 272.9 273 272.1 265 258.8 254.2 249.6 244.8 240.5 236.2 245.5 254.5 259.2 259.8 261.9
277.3 273.4 269.6 265.8 262 258.2 255.4 250.6 247 247 247 247 247 251.5 251.4 256.3 261.7 267.3 273.4 276.9 278.4 279.1 278.4 275.7 272.5 265.7 262.1 268.3 271.3 276.3 282.5 289.8 295 297.4 297.7 297.7 295.9 294.9 293.2 292.6 292.8 292.4 291.3 289.8 287.1 283.7 281.1 277.8 273 268.3 262.9 258 252.4 252.8 258.6 262.6 266.6 270.6 273.3 276 278.4 278.8 276.6 275.1 275.5 272.3 264.7 258.9 254.6 250 245.2 239.6 237.8 245.7 252.8 255.7 256.7 260.4
275.6 273 270.1 266.3 262.6 259 255.9 251.3 247 247 247 247 247.6 244.8 248.8 254.2 258.3 262 267 270.8 273.3 273.5 273.1 270.4 266.4 260.9 266.7 269.4 272.7 277.8 282.5 287.6 292 294.2 294.7 295.8 295.3 295.1 295.5 295.8 296.2 296 295 293.1 290.8 288.1 284.2 279.6 274.3 269 263.2 257.5 253.1 248.1 255.6 261.7 265.9 269.8 273.5 276.7 279.2 280.4 278.7 276.9 275.8 271.3 264.6 259.1 255 249.8 244.6 238.7 238.7 244.4 249.4 251.7 255.9 259.9
273.8 271.3 268.7 266.6 263.2 259.3 254.8 250.7 247 247 247 246 238.5 238.8 245.3 251 254.8 257.2 262.1 267.3 269.4 269 268.5 265.7 264 264.9 267.6 270.2 273.4 278.1 282.5 286.2 289.4 290.9 291.9 292.8 293.7 296.3 297.7 298.7 299.4 299.2 298.4 296.3 292.8 289.3 284.9 279.8 274.6 268.3 262.4 256.3 251.9 245.8 253.5 259.3 265.3 270.6 274.3 277.7 280.9 282.4 280.6 277.5 275.6 270.9 265.5 260.1 254.7 249.4 244.2 239.5 237.3 241.8 245.4 249.9 255.1 259.4
271.8 271.2 269.1 267.2 263.7 259.2 255.4 252.4 250.8 250.3 244.2 234.6 232.2 233.3 241.7 248.7 253.2 255.2 259.5 264.5 266.2 265.4 263.5 261 259.9 265.6 268.3 271.1 274.2 277.8 282 285.2 288 289.2 290 290.8 293.1 297.3 298.9 299.4 300 300.3 298.9 295.5 291.6 287.8 283.5 278.9 273 267 261.1 254.8 248.1 244.7 251.7 257.8 264.3 270.3 275.4 278.9 283.9 285.2 281.9 278.3 275.8 272.1 266.6 260.8 254.4 248.8 243.6 239.6 235 239.9 244.4 249.7 254.4 258.7
270.7 270.6 269 267.2 263.5 259.5 256.6 255.4 254.1 250.3 244.4 235.6 231.5 230.6 237.7 247.8 252.9 255.3 258.1 260.8 262.3 261.3 258.6 252.9 261.7 266.1 269 272 275.1 278.2 281.9 284.4 286.6 287.6 288.4 289.8 293.3 297.1 297.5 297.7 298.1 297.8 295.7 292.6 289 285.1 281.6 276.4 271.3 264.8 258.7 252.5 246.1 244.1 249.5 255.8 262.7 269.5 274.7 280.5 286.4 286.8 282.6 278.6 276.9 274 270.2 262.5 254.6 248 242.6 238.3 235 238.9 243.5 248.6 253.3 259.1
273.5 270.9 268.4 265.7 263.1 259.5 258.3 256.7 254.9 251.7 244.8 234.6 231.1 230.9 227.9 243.3 250.5 253.6 255 257.1 258.2 257 251.7 258.7 262.7 266.5 269.9 272.8 275.8 278.7 281.2 283.5 285.3 286.5 287.6 289.7 292.8 294 294.1 294.5 294.6 293.9 291.7 288.9 285.2 281.3 277.9 273.9 268.7 261.4 254.7 248.7 243.2 242.6 248.3 254.4 260.7 267.2 273.2 278.7 284.8 285.4 281.6 278.2 278.2 278.3 272.3 262.7 254.2 246.8 240.7 237.5 235.3 238.5 242.7 247.6 252.9 260.2
272.8 270.3 267.7 265.1 262.4 260.9 259.8 257.5 255.4 251.6 244.3 233.3 230.9 230.5 227.7 241 245.5 249.8 251 251.5 250.6 251.1 257.7 261.9 265 268.2 270.1 272.9 275.7 278.3 280.7 282.8 284 285.1 286.3 288.4 290.6 290.7 290.2 289.9 289.4 288.9 287.7 285 281.4 277.3 272.7 268.9 264.4 257.3 250.7 244.8 239 242 247.2 253 258.9 265.2 270.4 275.3 279.4 282.8 280.4 276.7 278.2 278.9 271.7 262.7 253.3 245.1 239 235.9 235.1 238.1 241.9 247.4 252.6 264.3
272.6 269.7 267 264.5 262.9 261.7 260.8 259.7 255.6 250.3 242.4 232.2 230.4 229.4 227 239.1 242.4 245 241.4 244.4 248.4 256.5 260.9 265 267.6 269.1 270.8 272.9 275.3 277.8 280.2 281.9 283.2 284.3 285.3 285.9 287 287.2 286.1 285.4 284.6 282.8 280.6 278.4 275 271.1 267.1 263.3 258.5 252.7 246.6 241.5 236.4 241.3 246.6 252.1 257.7 262.4 267.2 271.3 274.5 277.6 277 273.9 276.4 277 270.7 261.8 250.4 240.8 236.6 234.9 235.4 236.6 241.1 247.9 258.2 270
272 269.3 266.7 264.7 263 261.9 260.7 257.9 253.6 247.3 240.6 231.1 229.3 228 226.7 233.6 233.1 234.3 245.7 250.2 254.5 258.9 263.1 266.9 269.2 270.4 270.8 273 275.1 277.4 279.5 281 282.4 283.6 284.5 284.7 284.6 283.4 282.7 281.6 280 277.7 275 272.1 269 265.7 261.8 257.8 253.5 247.7 242.9 238.9 235.6 240.7 246 251.3 256.6 260.5 264.2 267.9 269.8 272.1 271.3 270 272.5 272.6 267.6 255.8 244 237.2 235.5 234.5 235.6 236.9 241.6 252.1 263.6 275.6
271.7 269.3 266.7 264.9 263.1 261.6 259.8 256.2 251 244.5 238.2 230.7 228.9 227.9 226.8 229.4 234.3 243.1 248.2 252.7 256.6 260.6 264.2 267.7 269.7 270.2 270.6 272.4 274.7 277 278.7 280 281.5 282.8 283.6 283.4 282.5 281.3 280.3 279.2 277.2 274.7 272 269.2 265.9 262.3 258.1 253.9 249.5 245 240.9 235.6 234.9 240.5 245.9 250.8 255.3 259.7 263.2 265.5 266.9 267 266 265.4 265.6 263.1 258 247.8 238.7 235.2 234.6 234.8 236.2 237.3 243.9 255.2 267.2 280.6
269.7 269.3 266.9 265.1 263 260.6 258.4 254 249.2 243.2 236.9 231 229 227.8 226.2 232 239.2 243.6 249.2 253.9 257.9 261.5 265 268.1 269.2 269.9 270.4 271.8 274.1 276.7 278.5 279.8 281.1 282 282.4 281.7 280.5 279.3 278.1 276.5 274.5 271.8 269.4 267 263.6 260.1 256.1 252.2 248.2 243.9 239.7 235.8 233.9 240 246 249.9 253.7 258.7 261.5 262.6 263.2 262.6 262 260.2 258.7 254.7 249.9 242.6 236.7 234.8 234.3 235 236.9 238.7 244.7 258 271 284.4
270.1 268.7 266.7 264.1 261.5 259.1 255.5 251.2 246.7 241.4 235.5 230.6 228.4 227.2 225.9 231 238.9 243.7 249.5 255.1 259.1 262.4 265.4 268.1 268.8 269.4 270.1 271.3 273.9 276.5 278.2 279.7 281 281.7 281.4 279.9 278.5 277.2 275.8 273.8 271.6 269.4 267.2 265 262.3 259.3 256 252 247.8 243.4 239 233.7 233.5 238.6 243.9 247.9 252.1 255.7 258.3 259.3 258.9 258.2 257.7 256.4 254.5 251 246.7 240.8 236.6 235.1 234.2 235.1 237.1 239.9 246.9 260.9 274.8 287.5
269.4 268.5 266.4 263.7 261.1 257.9 253.4 248.7 244 239.5 234.5 230 228.1 227.1 225.7 233.7 239.7 245.2 250.9 256.2 260 263.3 265.9 267.8 268 268.1 270.3 272 273.7 276.1 277.8 279.6 280.8 281.3 280.5 278.8 277.1 275.1 273.2 271.3 269.6 267.5 265.6 263.8 261.2 258.2 255.1 251.8 247.4 243 238.5 234.1 231.6 237 241.7 245.2 249.2 252.8 254.8 255.6 254.9 254 253.7 253.9 252.4 249.1 245.6 241 237 235.6 234.3 235 236.7 242.2 251.5 263.8 276.7 286.1
271 269.8 267.3 264.4 260.3 256.7 252.3 247.9 243.3 238.5 233.8 229.8 227.7 226.7 225.4 233.6 240.2 246.1 252.6 257.5 260.8 263.8 266.3 267.6 267.5 269.1 272.1 273.5 274.6 276 277.6 279.2 280.4 280.5 278.6 276.4 274.3 272.5 270.8 269.1 267.5 266.1 264.6 263 260.7 258 254.9 251.4 247 242.5 238 233.4 229 235.5 239.7 243.4 246.5 249.7 251.5 252.1 251 250.5 251 251.8 251 249.3 246.5 242 237.5 235.4 234.3 235.5 239.1 245.5 255.4 267 277.6 284.2
271.8 271.2 268.9 265.1 260.8 256.9 252 247.3 242.7 238.2 234.2 230.2 227.6 227.4 225.9 234.5 241.3 247.4 253.6 258.4 261.4 264.3 266.6 267.2 267.4 270.1 273.1 274.7 275.7 276.7 278 279.5 280.1 278.7 276.1 273.5 271.3 270.4 268.9 267.3 265.7 265 263.9 262.2 260.1 257.6 254.7 251 246.5 241.9 237.2 232.4 227.3 233.5 237.7 241.9 244.9 246.4 247.9 248 247.8 248.5 250.9 252.7 252.3 250.3 247.8 243.5 238.3 235.5 234 236.8 241.5 248.3 257.8 267.1 276.2 282.7
273.5 272.9 270.6 266.5 261.9 257.2 252.5 247.8 243.3 238.9 234.8 230.7 227.5 227.1 225.6 232.9 242.7 248.8 254.6 258.5 261.4 264.1 266.2 266.8 267.4 270.6 273.7 275.4 276.5 277.4 278.1 278.6 278.3 275.9 273 270.7 269.7 268.6 267 265.4 264.1 263.3 263.1 261.5 259.4 257.1 254.3 250 245 240 235.5 231.3 226.6 231.4 235.5 239.5 242.5 243.7 244.5 245.2 246.3 249.5 253.1 254.8 254.2 251.6 248.7 245.1 240.2 235.6 233.5 239 244.3 250.7 257.5 265.8 273.2 277.9
275.1 274.6 272.5 268.2 263.6 258.4 253.3 249 244.7 240.3 235.5 231.1 227.2 226.4 224.7 235.6 243.5 249.2 254.2 257.6 260.5 263.2 265.7 266 267.6 270.7 273.7 276.1 277.4 277.8 277.8 277.2 274.9 272.6 270.3 269.4 268.6 266.8 264.9 263.2 262.5 261.6 261.6 260.7 258.7 256.5 253.4 248.3 243.3 238.4 233.4 229.5 224.7 229.5 233.2 236.5 238.8 240.6 241.8 244.4 247.2 252.1 256.6 258.2 256.1 253 249.7 244.9 239.1 233.3 237.1 241.8 247 251.9 257.7 264.5 269.8 276.2
276.2 276.5 274.5 270 264.9 259.5 255.7 251.1 246.3 241.8 236.9 230.9 226.8 226.2 224.2 236 242.3 248.3 253.4 256.5 259.5 262.4 264.4 265.9 268.5 271 273.7 276.7 277.8 277.8 277.1 275.3 272.5 269.6 268.4 268.1 267.3 264.5 262.1 261.1 260.3 259.9 259.9 259.2 257 254.8 251.8 246.5 241.6 236.3 230.8 227.5 224 227.6 230.3 232.5 234.8 237.9 242.1 245.7 249.7 256.2 260.9 262 259.4 254.4 249.7 244.8 239.9 234.8 236.5 243.1 247.8 252.3 258.1 263.1 268.5 276.9
277.3 278.3 275.6 270.5 265.6 260.8 258 253.6 248.8 243.5 237.9 231.4 226.5 225.8 224.1 233.8 240.2 247.4 252.4 256.3 259.1 261.9 264.3 267.3 269.9 272.3 274.7 277.1 277.9 276.7 275.7 272.9 270 267.6 266.4 266.5 264.6 261.6 259.7 259 258.3 258 258.2 257.2 255.2 253.1 250.1 244.9 238.7 233.1 228.2 225 223.8 226.2 228.1 230.4 233.8 237.8 242.2 245.9 253.2 261.5 266.5 265.6 260.3 254.6 249.8 245.4 240.3 234.3 237.1 242.6 248 252.7 257.8 262.8 268.4 276.5
279.6 277.4 273.6 269.4 265.3 261.9 258.9 254.9 249.7 244.7 239 231.8 226.2 224.8 225.2 233.7 238.2 244.2 250.7 257.1 259.9 262.6 265.3 268.7 271.4 273.8 275.8 277.8 278.1 276.5 274.2 271 268.3 266.1 264.4 263.5 261.8 259.1 257.5 256.8 256.4 257.1 257.1 255.5 253.8 251.7 248.7 243.2 236.5 229.8 224.5 222.2 224.7 226.3 228.6 231.2 234.2 238.1 242.2 247 256.8 266.1 269.2 265 259.2 254.5 250.1 245.7 240.4 234.9 236.6 242.2 247.5 252.6 257.4 263 268.5 274.5
277.6 274.3 271 268.5 265.5 262.2 259 255 249.8 244.4 238.5 231.2 226 224.5 229.1 239.4 247.4 251.2 254.6 259.5 262.3 264.2 266.6 270 272.5 274.4 276.5 278.1 278 277.1 274.5 270.7 267 264.4 262.7 261.5 259.7 258 256.3 255.4 255.3 256.5 256 254.2 252.5 250.5 247 241.2 233.5 227.2 223.8 222.3 224.7 227.5 230.6 233.7 236.5 239.9 243.8 250.5 260 268 267.1 262.6 258.8 254.7 250.5 245.6 240.2 233.8 235.4 240.7 245.9 251.2 256.8 263.1 268.9 274.4
275.1 272.2 270.6 268.6 265.7 262.4 258.9 254.9 249.5 243.2 237.4 230.1 225.3 224.4 231 242.2 249.6 252 256.3 261.3 264.3 266.3 268.3 271.2 273.9 275.6 277.3 278.8 279 278.2 275.4 270.7 265.9 262.9 261.1 259.4 259 257.1 255.3 254.5 254.4 255 254.8 253 251.3 248.4 244.1 237.1 230.1 224.8 220.5 223.2 226 230 234.6 238.4 241.4 242.5 246.2 252.9 262 267.1 265 262.5 259.4 255.1 250.9 245.3 239.5 231 233.6 239 244.2 249.4 255.3 261.5 269.8 277.4
272.6 271.8 270.1 268.3 265.7 262.3 258.7 254.8 249.1 242.9 236.7 229.4 225 222.9 233 241.9 247.2 251.1 257.3 262.4 265.2 268 270.5 273.2 275.9 276.7 278.1 279.7 279.9 279.7 274.9 269.8 265.7 263.2 262.1 260.5 258.6 255.8 253.5 252.9 253.5 254.4 253.7 252 249.5 246 240.2 233.4 227.8 223.5 219.9 223.2 227.3 232.4 239.1 243.5 243.7 244.4 248.3 255.4 263.1 266.5 266.6 265.9 260.8 256.8 251.1 244.8 238.7 231.2 230.7 236.7 242.4 247.5 253.8 260.6 269.5 279.1
271 270.9 269.9 268.2 265.3 262.3 258.6 254.6 248.8 242.8 236.4 229.4 224.7 222.5 232.4 239 244.6 250.5 257.3 262.3 266.1 269.4 272.4 275.1 277.8 278.9 279.6 280.6 280.8 279.3 274.3 269.4 266.5 265.4 264.3 261.9 258.6 255.2 251.9 251.1 252.4 253.6 252.4 250.2 247.3 243 236.9 232.2 226.5 220.9 220.1 223.8 229.5 236.6 242.5 243.7 242.7 244.8 249.4 257.4 264.7 267.9 269.8 267.5 260.7 256.2 251.2 245 238 231.6 229.2 234.1 240.1 246 252.5 260.9 271.4 280.3
270.1 270.2 269.7 267.9 266.1 263.2 258.9 254.4 249.3 242.8 236.1 227.4 223.8 222.3 230.2 236.6 242.8 250.1 257.1 261.7 266.3 271.5 274.2 277 279.7 281 281.7 281.2 280.9 279.1 274.7 270.5 268.8 267.8 265.8 261.9 258.4 255.6 253.2 249.8 250.6 251.7 250.5 247.9 244.8 239.8 234.4 230 225.6 221.4 221.2 225.4 233.1 239.2 241.6 241.5 241.9 244.8 251 259.1 266.2 271.1 273.2 268.6 261 255.4 250.6 245.3 238 230.5 230.5 232.5 236.7 241.9 251.4 263 274.5 281.3
269.3 269.4 269.5 268.9 267.9 264.5 259.3 255.3 250 242.1 232.9 225 223.2 222.1 228.2 234.9 242.2 250.2 256.7 259.2 267 274.1 276.1 278.6 281.5 283 282.4 281.5 280.7 279.4 276.5 273.7 271.2 269.7 265.8 261.8 257.6 255.4 253.4 249.7 248.5 249.8 248.3 245.7 242.6 237.3 232.2 228 223.6 220.9 219.4 226.5 234.7 237.7 237.9 239.1 241.8 245.4 251.8 261.2 268.1 273.2 273.3 268.9 262 256 251.4 245.4 237.7 231.1 229.2 230.3 233.9 243 253.2 263.6 272.5 281.2
266 268.2 268.6 268.7 267.5 264.6 259.6 254.8 249.2 240.2 229.8 223.6 222.5 221.5 225.5 233.4 242 250.2 255 260.4 269.4 274.7 276.2 279.1 282.1 283.9 282.6 281.7 280.3 278.9 277.6 276.3 274.6 271.4 267.2 262.5 258.9 256.2 253.9 250.2 246.9 247 246 243.4 240.3 234.7 229.8 225.7 222.4 220.4 220 227.7 232.9 235.4 235.9 238.9 242.4 245.9 252.8 262.3 269 274.1 272.4 268.5 263.5 259.2 253.7 245.3 237.1 231.6 229.1 229.7 234.9 244.5 254.3 264.3 273.7 282.6
265 266.5 268 268.1 266.9 264.4 259.8 254.2 247.7 239 228.9 223.2 222.1 221.2 224.3 232 240.6 248.2 254.5 263.1 271.1 273.5 276.2 279.6 282.6 284.1 283.3 281.4 279.8 279.4 278.6 278 276.1 272 267.4 264.1 260.7 257.3 254.5 250.5 246.4 244.7 243.9 241.3 237.1 233.2 229.7 225.7 221.4 218.9 222.1 227.6 232.8 234.8 235.9 239.1 242.8 246.4 254 263 269.7 273.2 272.5 270.1 266.1 262.2 254.8 244.4 236.6 231.3 227.4 231 237.1 246.2 255.9 265.2 274.1 283.2
263.4 264.9 266.6 267.8 266.4 263.8 259.5 253 245.9 238.2 228.9 223 221.9 221.1 223.1 230.9 238.9 247 255.2 263.6 271.1 274.4 277.8 281.5 283.1 283.7 282.5 280.9 279.2 278.2 277.8 277.1 275.1 271.3 268 264.7 261.4 257.8 254.6 250.5 246.2 243 241.7 239 235.3 233.9 230.9 225.6 220.3 218.1 222.5 227.6 230.7 233 235 238.7 242.1 247.2 254.7 263.2 269.6 273.2 274.5 271.4 266.5 261.3 252.3 243 236.4 232 227.7 233.1 240 248.2 256.4 265.3 274.4 282.7
262 263.3 264.9 266.8 265.8 263.2 259.1 252 244.3 236.5 229.4 223.5 221.6 221 222.8 230.6 238.1 246.7 255.4 263.9 271.9 276 279.9 282.1 282.5 282.3 280.8 278.7 277.7 277.2 277.5 275.9 273.7 270.7 267.4 264.1 260.8 257.5 254 250.1 245.8 242.2 240.3 237.8 235.1 232.8 229.1 224.4 219.5 217.2 222.6 227.1 228.9 230.9 234.1 237.3 242.1 247.5 254.9 263.1 268.7 273.4 274.5 269.6 264.2 251.4 245.7 241.4 236.4 232.9 228.2 233.4 241.3 248.7 256.2 265.3 274.2 282
