app/static/ascii/NY38.asc
ncols 200
nrows 200
xllcorner 330000
yllcorner 580000
cellsize 50
[rows 35 to 69 of 200, columns 79 to 157 of 200]
152.2 135.6 122.6 111.3 102.2 95.5 96.1 96.4 93.3 97.4 96.7 109.1 116.4 120.4 126.9 136.9 142.4 144.6 146 143.1 140.1 138.5 134.9 128.9 129.2 128.3 126 124.9 115.5 119.9 126.1 139.1 149.6 157.2 165.5 172.2 176.2 180.6 186.1 189.9 193.5 200.2 209.4 217.6 223 223.8 217.9 207.4 195.1 181.9 170.1 159.7 147.6 135.9 123.4 112.9 103.7 102.5 102.9 103.3 103.8 108 123.4 140 155.5 170.3 181.6 189 193.5 193.4 191.1 189.4 190.7 192.8 194.9 191.9 189.1 188.5 188.5
150.5 137 122.8 114.7 103.3 95.5 95.6 95.8 95.3 93.2 96.2 99.7 113.6 120.2 126.8 135.8 142.3 142.5 143.1 139.8 136.2 133.2 129.9 123.8 121.6 120.5 118.2 116.5 113.4 120.3 126.7 137 146.3 154.6 162.1 167.2 171.2 174.9 179.6 182.4 187.4 197.2 207.8 221.1 231.8 233.9 226.4 215.5 199.8 184.9 170.3 159.4 148.3 135.4 123.8 111.6 100.7 102.4 102.7 103.1 103.6 108.7 123.7 139.6 155.1 170.1 181.1 188.6 190.7 190.1 187.9 185 185.4 188 188.7 185.7 183.6 183.1 182.9
161.6 147.9 126.1 116 102.2 95.6 95.4 95.5 95.2 93 96.5 98.5 102.7 118.5 125.9 135.3 139.2 139.9 139.7 136 131.6 128.7 124.7 120.8 117.5 115.1 112.3 111.4 111.1 121.7 126.8 133.8 142.4 150.5 157 160.7 164.4 167.8 172.7 176.7 183.5 193.3 205.9 222 236.1 242.3 235.9 221.4 204 187.9 170.7 158.8 148.2 136 122.8 110 102.1 102.3 102.5 102.4 103.3 107.7 122.8 138.7 154.8 170.2 180.6 186 188 187 184.4 180.7 179.8 182.2 182.1 180.7 178.9 178.3 178.5
184 159.1 135.2 118.4 106.1 95.3 95.2 95.2 95.3 93.1 96.6 97.6 98.6 118.4 125.8 135.6 134.5 137.9 136.2 132 127.4 124.2 120.1 117 113.8 110.9 108.8 106.4 116.2 121.1 126.5 132.5 138.3 144.9 150.1 155 159.6 163.1 167.2 172.7 180.3 190.1 204.8 221.1 236.3 246.4 241.2 226 207.5 190.5 173.1 157.7 148.1 136.3 122.5 111.3 101.6 101.9 102.1 102.1 102.8 106.9 122.5 138.1 154.3 169.6 179.8 184.3 185 183.6 181.1 176.8 174.8 176.4 175.4 174.5 173.9 173.3 173.9
191.1 165.1 141.2 121.8 109.7 93.9 95 95 95.1 93.3 96.1 97.2 98.1 117.6 124.1 130.9 131.9 136.3 133.3 126.2 123.8 121.9 117.6 112.8 110.2 107.9 104.9 110.4 116.6 119.7 125.1 130.6 135 140.4 145.6 149.7 154.7 159.1 163.6 169.1 177.5 187.7 203 219.9 235.8 246.9 243.9 229.4 210.3 193 174.9 157.4 147.6 135.4 122.5 113 101.4 101.7 101.8 101.7 102.1 106.6 122.4 137.2 153.2 169 177.8 180.8 181.9 180.4 177.4 172.9 165.5 169.6 168.4 168.8 168.3 168.1 168.8
195.3 169.8 146.7 124.3 111.5 99.2 94.9 94.8 94.8 93.2 95.6 97.5 97.9 116.6 122.8 126.6 129.8 133.3 131.4 126.7 121.7 119.9 115.7 110.4 108 105.8 102.3 108.9 112.2 115.8 121.5 126.7 130.9 136.8 141 144.5 149.3 154.7 159.2 165.4 175 185.8 201.7 218.6 234.5 246.3 245.2 230.7 212.6 193.5 176.2 158 146.6 133.8 121.2 112.7 101.4 101.4 101.4 101.3 101.6 105.8 122.4 136.6 152.2 167.5 174.6 178.1 178.5 176.7 172.2 167.5 162.7 162.8 161.7 162 162.5 162 160.6
198.3 171.9 148.5 126.7 112.6 100.8 94.6 94.5 94.9 92.5 95.9 96.9 97.2 116.8 121 123.9 128.2 128.8 128.8 125 120.8 117.9 113.6 109.1 105.2 105.1 98.3 107.2 111 113.2 117.5 122.6 126.2 131.2 136.5 139.9 145.9 150.5 155.3 162.3 172.5 183.9 200.2 217.2 233.7 244.2 245.1 233.8 215.3 194.9 177 159.5 147.2 133.2 119.2 111.3 102.5 101.3 101.1 101 101.2 105.7 122.1 135.8 149.5 163.7 170.6 174.8 174.5 172 166.2 162 158.5 153 154.8 154.8 152.4 143.2 143.2
201.8 172.4 149.1 129 114.9 103.2 94.2 94.1 94.2 94.6 96.3 96.6 96.9 116.1 119.9 121.4 125.7 125.6 125 122.3 118.7 114.8 112.6 108.2 104.1 103.4 97.1 104.7 108.6 110 112.3 117.7 121.2 120.7 131.8 137.9 142.5 146.8 151.3 159.9 170.1 182 198 215.6 231.8 242.4 246.4 239.1 217.5 195.5 177.5 161.2 146.9 134.2 120 110.5 102 101.5 100.8 100.7 100.6 104.9 121.1 133.8 147.2 160 168.3 171.3 171 166.4 161.3 157.1 153.7 147.9 140.6 139 141.2 145.9 160.5
204 175.4 152.4 132.9 118.7 108.5 93.1 93.8 91.8 94.9 95.9 96.7 99.1 113.7 117.9 120.4 122.3 122.1 120.4 119 116.4 112 110.3 108.3 105.8 102.2 99.8 98.7 106.1 106.5 103.8 111.2 113 119.9 127.7 133.9 139.1 143.5 148.4 157.3 167.2 179.5 196.5 213.8 230 241.6 248.3 242 220.7 199.4 179.6 160.8 148 134.5 121.6 109.6 101.1 100.3 100.5 100.4 100.2 104.5 119.8 132 144.4 157.1 165.3 167.6 166.4 160.4 156.8 151.3 135.2 133.4 140.3 152.9 156.5 159.8 164.2
208.6 181.9 156.6 136 121.7 112 103.6 93.4 94.3 95.2 96 96.2 97.9 111.4 115.4 118.5 119.7 119.8 118.3 117.1 114.7 110.4 110.8 111.2 107.6 106.3 111.2 91.3 89 87.9 98.8 103.2 107 115.1 122.4 127.8 134.5 140.1 145.4 153.7 164.6 177.4 194.5 213 229 243.2 252.6 248.9 228 206.6 186.8 167.3 150.6 136.1 122.7 109.8 101.1 100.3 100.2 100.2 100 104 119.6 129.4 141.1 153 160.3 162.3 162.1 157.4 152 145.8 130.4 148.1 153.9 158.3 163.1 167.7 172
218 193.6 164.8 140.3 125.2 115.5 105.8 91.3 94.3 95.2 95.3 95.6 96.3 107.9 110.6 115.1 117.5 117.4 116.4 115.7 113.3 108.8 107 107.6 106.5 106.8 94.5 86.3 88.6 88.7 85.8 92.5 93.4 100.5 106.9 116.2 129.7 136.6 142.2 150.3 161.7 175.9 194.5 213.4 230.2 248.1 259.3 258.7 240.1 216.9 195.2 175 155.2 138.6 124.1 113 101.2 100.2 100.2 100.1 100.2 103 117 126.3 137.3 148.8 155.7 157.6 156.8 153.2 147.9 130.9 138.8 150.8 160 171 178.9 180.2 180.4
230 205.5 176.4 151.6 130.4 119.3 108.9 91.3 93.8 94.6 94.7 94.9 95.2 105.7 106.6 109.4 110.6 112.4 113.7 114.3 109.6 105.8 102.3 103.3 103.7 87 89 89.2 89.3 88.9 88.7 87.7 85.5 90.5 93.3 108.6 123.2 132.8 139 146.6 157.8 174.4 194.6 214.7 234.1 253.3 265.9 267 251 228.9 206.2 182.3 160.6 143.1 127.8 116.6 101.2 100.7 100 100.2 100.1 101.1 112.9 122.5 133.7 145 150.9 152.2 149.5 145.1 139.1 128.6 144.6 158.3 171.3 182.4 189.5 189.8 187
239.7 214.6 187.1 161.4 138.5 122.8 112 97.6 91.7 94 94.2 94.5 94.8 98.8 105 105.3 105.7 105.7 106.8 106.2 102.9 99.2 98.5 96.1 87 89 89.3 89 89.2 89 88.6 88.3 88.3 85.5 89.4 99.4 115.9 128.5 135.4 143.5 156.5 174 196.9 218 239.6 258.3 273.9 276.7 265.1 242 216.4 191.1 167 148.4 131.8 117.8 101.3 99.9 99.3 99.1 97.3 100.2 112.7 119.5 130.1 140 145.8 145.9 143.1 135.7 125.3 133.7 151.5 167.6 179.3 188.3 194.3 193.1 188
245.7 222.1 195.3 170.6 147.5 128.1 115.1 106.2 93.3 93.7 93.8 94.1 94.3 94.4 95.7 98.4 100.8 102.9 102.8 101 98.4 98.8 97.1 89.5 89.2 89.9 89.6 89.3 89.1 88.8 88.4 88.1 87.7 86.3 89.2 89.8 104.6 119.5 131.9 140.7 152.7 174.7 198.7 222.2 244.5 265.5 281.9 290.9 277.5 251 225 199.4 175.1 152.7 135 120 106.3 99.1 98.8 98.8 98.9 97 109.2 118.3 127 134.6 139.2 139.2 134.1 121.7 134.9 150 162.4 173.4 183.3 190.8 193.2 189.9 188.4
254.5 230.7 204.4 179.6 156.8 135.4 120.3 110.3 97 90.9 94 93.9 93.9 94.3 94.2 94 96.6 101.2 102.4 100 99 98.9 90.4 88.2 90 89.1 90.2 89.9 89.3 88.9 88.3 88 87.7 87 89.1 89 93.2 111.9 128.6 137.8 151.2 177.4 201.9 227 250.5 272.8 288.4 297.9 284.6 257.3 232.3 206 180.5 157.6 136.4 123.4 115 99.3 98.7 98.7 98.8 98.7 102.8 115.4 123.9 129.5 133.3 131.5 120.9 136.9 149.6 158.9 167.8 174.7 182.4 187.8 188.7 186.2 188.5
268.1 243.4 217.1 191.6 164.7 143.2 124.3 113.8 105.3 91.6 93.9 93.9 93.7 93.8 93.6 93.4 93.2 93.9 98 99.4 93.3 90.9 87.8 90 90.5 89.9 89.9 89.9 89.5 89.6 88.7 88.3 88 86.6 88.5 88.9 88.9 103.9 122.9 136 150.7 178.1 205.1 231.6 256 277.8 292.3 297.5 287.2 263.1 236.2 211.5 185.9 162.1 139.7 124.9 115.9 98.9 98.5 98.5 98.5 98.5 97.7 107.6 119.3 122.9 125.9 122.4 130.6 145.2 154.6 161.9 170.7 174.3 179.7 183.1 183.7 184.4 189.1
278 255.8 229.4 201.5 175 152.4 132.9 119.9 111.3 95.1 93.6 94 93.6 93.3 93 92.8 92.8 92.7 92.3 91.9 91.5 90.5 89.8 90.4 90.5 89.9 89.6 89.3 89.3 89.5 88.7 88.7 87.7 86.2 88.1 88.6 88.9 99.4 117.5 131.4 151.9 180 207.8 233.8 259.2 282.2 299.6 306.2 294.6 271.3 242.2 213.9 190.1 167.4 144 128.5 117.3 105.1 98.1 98.2 98.2 98.2 98.1 106.5 111.3 111.2 111.2 120.1 131.9 144.9 154.6 162 169.6 172.6 175.5 178.3 179.8 183.6 190.2
286 267.1 242.8 213.4 186.2 162 140.6 125.8 113.6 104.4 90.4 93.3 93 93.3 93.2 92.9 92.9 92.7 92.1 91.6 90.9 88 91.3 91.2 91 90.8 89.8 92 96.7 98.3 96.2 90.1 87.9 85.9 87.4 88 88.5 93.9 112.8 128.1 151.6 181.4 209.7 234.8 260.1 284.2 303.1 309.3 297.3 277.7 247.9 219.2 194 171.3 149.8 133.8 121.5 109.4 97.7 97.8 97.9 97.8 96.2 103.7 105.9 109.6 114.1 121.3 131.9 141 150.4 158.6 164.7 167.5 170.7 173.7 176.5 182.2 191.5
289.8 272.7 251.1 227.3 199.3 170.4 145.3 129.2 117.2 106.5 103.8 90.7 93.1 93.4 93.3 93.1 92.7 92.4 91.9 91.4 90.7 92.4 92.3 92 91.7 92.5 102.2 112.8 110.1 102.8 98.8 95.3 88.2 84.5 87.7 87.9 88.1 90.2 110.1 126.6 151.2 180.8 209.3 234.8 258.8 282.6 302.5 308.6 296.1 278.8 252.6 225.9 202.8 180.2 157.7 139.9 127 115.6 101 97.6 97.7 95.7 99.8 99.2 108.3 108.9 113 120.4 128 136.5 146.8 154.9 159.4 162.2 166.1 169.6 173 181.7 191.8
293.7 274.7 253.8 234.8 213.9 182.4 152.2 132.7 120.7 113.6 109.8 101.1 91.2 92.7 92.8 92.6 92.4 92.1 91.7 91.1 89 92.2 91.8 91.9 96 108.4 119 119.9 115.2 107.4 101.3 96.3 90.8 84.2 87.7 87.7 87.8 88.8 106.9 126.1 152.3 181.6 209.1 233.9 256.6 280.1 300.9 303.7 294.1 281.9 261.6 236.7 213.4 190.1 167.4 148.4 134.4 123.6 115.1 97.3 95 97.9 99.8 105.4 106.9 108.2 110.9 119 126.4 135.7 144.4 151.3 154.9 158.7 162.6 165.6 168.8 180.4 190.7
292.8 271.7 249.5 232.4 214 186.5 156.2 136.7 125.7 119.4 113.8 109.7 95.6 89.7 92.4 92.1 91.9 89.1 89.1 91.3 93 93 95.8 103.8 119.7 123.5 124.3 122.9 116.8 109.2 101.6 94.9 90.3 83.9 87.3 87.4 87.4 88.9 109 130.2 155.8 183.2 209.7 233.7 256.2 278.5 297.2 299.4 294.3 283.7 266.1 245.1 221.8 198.5 176.4 155.8 142.6 130.9 118.6 96.1 96.8 97.5 102.1 104.2 105.8 107.6 112.6 119.4 125.5 132 139 145.7 150.9 154.7 157.9 160.3 163.4 174.1 185.3
284.9 264.2 243.2 226.1 207.2 184.7 157.4 140.1 131.2 123.3 116.4 111.7 101.8 105.4 94.6 89.1 92.2 99.8 100 103.4 114.5 114.9 120.7 124.3 128.2 129.4 128.4 125 114.7 107 100.3 92.6 88.6 83.8 86.9 87.2 87.1 92.6 113.3 134.5 158.9 185.2 211.1 234.7 257.3 277.8 292.3 294.9 293.2 282.6 267.6 249.3 227.1 205.6 183.5 162.5 148.4 136.5 126.2 104.8 96.6 96.8 97.1 97.3 104 107.5 115.5 121 125 129.8 137.1 142.4 146.9 149.4 152.2 154 158 167.1 177.2
275.7 256 236.1 217.5 199.2 177.3 152.9 141.8 132.5 124.7 117.9 113 110.9 115.1 117.5 119.8 121.4 119.8 118.7 119.7 121.2 124.3 127.5 131.5 133.7 133.4 130.5 124.2 115.5 105.4 97.9 89.9 88.4 83.8 86.7 87.2 87.1 99.3 119.6 139.7 163.4 188.7 212.7 233.8 255.9 276.2 287.7 292 292.9 281.5 267.6 252.9 232.9 211.4 190.5 171 156.8 143.7 134 117.2 101.1 93.4 96.1 96 96.5 104.8 112.2 119.1 120.1 128.7 135.2 139.7 142.4 143.5 145.4 148.7 155.5 162.5 169.6
264.6 244.6 226.8 208.6 190.1 173.2 154.1 145.1 136.9 129 120.7 114.7 114.8 118.9 124.2 128.6 129.7 127.6 127.8 128.8 132.4 137.5 141.7 141.2 140.2 137 129.6 120.8 112.5 103.4 95.6 88.9 88 83.2 86.5 86.9 88.6 107.1 126.2 144.8 167.5 192.2 213.3 233.3 254 272.8 283.6 291.8 295.7 287 274 259.3 241.2 221.8 201.7 184.4 169.1 154.8 142.4 128.3 112.9 99.4 96.1 95.8 95.7 96.3 105 115.9 121.2 127.4 132.5 135.8 137.6 136.6 139.2 145.1 152.9 159.7 165.4
249.3 232.9 215.6 198.3 183.4 167.7 152.8 146 139.6 131.9 123.8 115.3 119.1 122.8 129.4 135.3 138.1 141.1 142.2 145.5 150.5 157.5 161.5 158 149.3 140.1 127.7 118.2 110 101.9 94.1 88 87.2 82.4 86 87 97.8 116.7 134.4 150.1 171.2 194.9 213.5 232.6 250.7 270.2 283.6 294.8 297.3 293.3 283.1 269.7 252.3 234.1 217 198.3 181.2 165.5 148.5 132.9 115.8 105.9 96.1 95.4 95 95.5 102.1 113.7 120 125.7 129.2 131 131.4 132.3 136.4 142.8 151.4 157 161.7
237.8 221.8 205.8 191.2 177.7 164.3 153 146.4 141.5 134.4 126.8 118.8 124 128.3 134.8 144.5 152.2 157.5 163.1 167.2 172.9 177 175.6 169.2 159.2 143 127.2 116.3 109.1 100.5 91.3 87.6 87 82.4 85.4 89.1 107.3 124.4 140.3 154.7 174.6 195.7 213.7 230.7 249.4 268 283.7 296.1 298.6 296.4 288.2 275.3 258 240.9 222.3 202 183.7 167 150.1 133 120.5 108.7 101.4 90.9 94.7 94.8 97.5 108.4 117.4 122.1 124.8 126.4 126.5 128.5 133.2 138.7 146.7 152.3 154.2
226.5 211.6 197.7 184.5 172.7 161 151.7 147 141.5 133.2 127 127.4 130.4 134.3 143.4 156.5 167.2 177.8 186.2 192.1 194.5 192 185.7 176.4 164.6 145 126.8 114.3 105.5 97.7 88.4 86.5 86.3 85.8 84.6 98.3 115.2 130.4 145.5 158.5 175.7 195.9 212.3 228.4 246.6 264.2 280.4 293.3 301 296 285.9 272.6 256.3 236.1 218.5 201.7 184.1 164 144.9 129.5 117.9 109.6 104.7 94.9 90.9 94.6 95.2 106.4 108.1 110.6 113.4 117.5 123.1 127.2 130 134.3 139 144.3 151.1
216.7 203.5 190.4 178.5 168 158.6 150.3 145.4 140.5 134.5 131 133.1 135.8 143.2 155.1 169.4 183.1 196.7 208.4 212.6 209.8 202.8 194.1 181.7 166.2 147.6 125.6 112.9 103 93.9 86.9 85.6 85.7 85.9 86.7 107.7 121.8 135.6 147.8 160.6 177 195.1 211.8 227 243.9 260.2 275.2 288.8 299.7 293.2 282.1 267.5 249.9 231.4 215.6 199.5 181.1 159.9 137.9 124.3 115.1 109.1 104.5 95.6 94.3 93.8 94.6 107.1 114.6 119.9 120.9 125 128.1 132.3 137.7 140.2 140.2 143.8 148.7
209.5 197.5 185.8 173.4 165 157.1 150.6 145.5 141.9 137.9 134.7 137.7 143.7 153.3 166.8 184 200.1 216.3 229 230.7 219.3 205.5 193.8 181.1 164.6 146.5 125.3 112.4 102.3 91.7 86 85.4 85.6 85.5 86.7 115.4 126.6 137.7 149.2 160.7 176.2 194.5 212 226 241.6 257.9 272 283.8 291.4 286 276.1 261.8 244 226.8 210.4 194.1 175.9 155.1 134.8 122.8 117.5 110.1 105.1 100.4 93.6 93.4 94.8 108.5 115.5 118.4 122.1 127.9 130.5 135.9 143.1 148.3 150.6 151.4 155
202.4 191.9 180.2 169.6 161.9 156.7 150.7 146.7 143.5 140.5 129.6 143.8 150.8 162.9 179.6 196.8 213.5 227.4 236.2 235.6 224.8 212.7 191.2 177 159.8 142.6 124.1 110.2 99.8 90.8 85.2 84.8 84.9 83.3 96.3 121.8 129.5 139.8 150.6 160.1 174.8 194.2 212 225.5 240.5 255.8 269.5 279.3 282.7 277.6 269.1 255.2 239.3 221.2 202.8 185.8 167.8 147.3 130.2 121.7 115.4 109.9 106.4 95.7 93.2 93 94.2 113 114.9 119 123.1 127.6 131.4 139 146.1 152 156.4 158.1 162.6
197.5 187 176.2 166.3 160.7 155.2 151.3 147.1 144.3 138.7 144.9 151.4 159.7 174.6 192.1 209.5 227.3 237.9 243.9 243.4 227.4 208.8 189.6 171.6 154.6 137.6 118.5 107.3 96.2 87.9 84.7 84.4 82.2 84.1 115.1 123.1 132 141.9 151.7 161.2 173.7 195.1 212.1 225.6 239.3 254.2 266.4 274.4 273.9 269.7 261.2 246.9 230.1 212.4 194.9 178.2 158.6 139.2 127.3 121.3 115.3 110.4 106 94.7 92.9 92.7 89.8 115.8 117.6 119.8 124.2 128.9 133.7 141.1 149.1 156.3 160 163.4 166.7
193.9 185 174.1 165.4 159.4 154.2 150.5 146.5 141.9 147.2 153 160.9 172.6 188.1 205.3 221.5 232 240 245.3 242.4 237 212 186.7 164.5 146.5 129.2 113.2 102.8 91.8 84.7 84 81.9 90 107.2 117.1 125.2 133.5 143.6 154.9 165.4 178.8 196.1 212.3 225.4 239.6 254.4 265.2 272.2 269.8 262.9 252.4 237.4 221.1 202.7 187.1 171.9 152.5 135.1 126.5 120.5 116.3 111.1 106.4 94.1 92.5 92.4 100.6 118.2 119.1 121 125.7 130.6 135.8 143.5 151.7 158.6 162 165.9 170
194.6 182.9 172.8 163.7 157.7 153.2 149.2 144.2 148.8 154.7 163.3 173.6 185.4 200.3 214.6 225.1 230.6 234.8 237.7 238.1 230.1 206.7 180.7 156.4 138.7 122 108.8 97.8 87.8 81.3 83.5 86.3 101.2 109.1 117.5 126.1 134.5 143 155.8 168.1 181.6 198.2 212.5 225.9 241.1 256.2 267.2 273.2 269.2 255.2 238 224.1 207.7 190.2 175.7 161 144.8 131.3 124.7 119.9 116.3 110.6 107.5 93.8 92 91.8 100.6 117.9 119 122.7 127.4 132.1 137.4 146.2 154.6 160.2 164.3 168.2 172.5
189.5 179.8 168.8 160.2 153.6 149.9 145 147.3 155 165.3 176.7 187.8 197.8 209.8 220.6 223.9 227.7 229.7 230.2 230.2 219.9 196.6 172.5 150.2 130.9 115.9 104.5 93.6 80.8 82.8 87.6 92.6 103.5 110.7 118.6 127.6 135.9 144.5 157.5 170.5 184.6 200.4 214.7 228.2 244.4 258.5 270.4 274.7 265.7 249.4 229.1 209.8 193.6 177.8 165.1 151.8 137.8 127.9 121.5 117.6 113.9 109.5 110.6 92.6 91.5 88.4 97.7 115.5 119.2 123.4 127.9 132.5 139.4 149.2 156.5 161.5 166 169.6 173.6
182.7 173.1 166.7 162 157 151.9 149.6 151.8 164.2 177.8 191.2 198.8 203.5 208.9 215.9 220.5 222.5 222.8 223.2 220 206.2 185.9 164.6 143.2 125.1 110.6 103 92.6 81.2 82.8 87.6 90.6 103.2 111.1 120 128.4 136.8 147.7 161.2 173.6 187 203.1 218.1 232.8 249.2 264 273.8 273.5 259.2 239.8 219.9 200.2 183.8 170.4 157.4 145.2 134.3 125.9 120.4 116.2 113 108.3 111.5 92.6 91.8 88 107.4 115.9 119.3 123.7 128.6 133.5 142.4 151.4 157.7 163 167.3 170.9 174.6
