app/static/ascii/NY40.asc
ncols 200
nrows 200
xllcorner 340000
yllcorner 500000
cellsize 50
[rows 0 to 34 of 200, columns 78 to 155 of 200]
631.9 618.7 607.9 601.2 596.7 592 592.8 591.6 600.9 612.6 628.9 655.9 683.4 707.6 726.8 735.7 739.2 736.9 732.6 724.7 706.6 679.8 644.4 612.1 583.7 550.2 522.1 494.5 474.8 455.2 451.4 451.4 451.4 451.4 457 463 483.4 501.7 516.1 531.8 545.2 559.2 568.8 571.1 576 586.6 590.4 601.2 600.5 562.1 532.5 522.8 529 525.1 509.4 482.5 463 444.3 432.1 429.6 435 431.5 434.7 433 448.9 465.3 484.7 509.8 542.6 574.1 604.7 637.7 668.1 684.6 695.1 704.5 709.5 711.3
623.6 602.7 593 580.1 570.1 568.5 569 568.4 579.3 590.5 609.4 635.2 664.8 689.3 713.5 725.6 731.7 731.9 726.3 719.9 698.7 671.3 635.1 604.3 573.9 545.5 520.8 501.6 479.3 456 451.4 451.4 451.4 456.9 462.9 472.5 495.3 520.2 531.9 546 562.9 574.6 581 585.2 589.8 596.8 607.7 623.6 627.5 599.7 568.1 568.3 579.6 582.4 565.4 529.9 496 469 457.3 451.8 445 443.7 438.4 437.9 445.2 462.1 480.4 503.3 534.5 569.7 604.1 638.4 668.7 682.4 694.3 703.8 708.6 710
639.9 613.3 585.4 561.1 550 546.3 547.9 552.5 561.8 575.9 596.1 620.4 651.2 676.4 701.1 719.3 728.2 729.8 727 715 690.1 668.2 636.4 599.7 573.9 547.7 530.4 514.2 489.7 466.8 458.8 462.2 468.8 465.9 470.1 485.9 508.2 533.1 548.9 563.7 581.8 587.8 595.3 600.8 607 615.2 633.8 649.5 662.2 632.7 614.2 616.9 635.6 655.1 626.9 577.5 533 503.2 484.5 467.8 454.3 448.2 440.5 440.5 441.7 455.3 474.6 500.5 531 564.2 599.6 639.5 666.4 677.6 690.3 698.6 702.9 705.8
665.8 627.6 592.3 556.9 540.1 536.3 536.8 542.2 549.4 563.4 586.6 611.8 639 662.9 689.3 713.1 724.7 728.2 729.3 708.1 693.1 665.7 631.2 602.1 578 558.6 546.1 531.6 506.8 485.3 477.4 485.7 483.5 479.6 484.9 503.4 527.9 546.3 562.7 580.5 594.7 602.9 609.4 617 627.9 642.2 664.1 677.9 688.7 665.5 660.6 666.2 690.7 688.3 669.9 615.2 568.6 533.3 504.6 485.7 467.5 457.5 451.6 448.7 449 453.6 473.7 497.7 530.7 563.1 595 636.3 659.8 671.9 683.2 690 695.1 699.5
662.6 623.5 584.7 550.9 531.1 531 529.1 530.4 539.1 554.4 578 606.6 631.1 652.5 679.3 702.3 717.7 726.1 728.2 709.7 692.7 669.8 639.2 606.1 588.4 573 565.1 553.3 535.9 515.5 504.4 504.4 500.6 496.4 500.9 520.2 541.1 562.3 579.2 595.3 610.5 622.2 627.3 637.3 654 672.7 690.5 706.6 717.4 703.1 713.2 708.2 716.8 714.1 692.5 652.1 611 570.9 539.1 514.2 487.9 469 463.4 457.8 456.6 462.7 474.5 496.1 524.9 557.6 592.9 629.3 653.1 665 674 681.6 686.8 691.8
623.3 597.8 570.4 540 527.6 526.9 523.5 528.6 538 559.3 581.1 606 627.3 647.9 672.8 694.7 710.4 722.2 724.6 707.6 692.2 676.5 644 616.7 604.3 589.9 580.5 582.9 572.2 552.8 539 530.9 521.4 514.1 519.6 536.6 558 581 599 614.9 630.9 641.7 655.7 670.1 688.2 702.9 719.1 733.9 742.2 742.7 746.6 739.6 735.8 728.9 718.8 692.9 653.9 611.6 571.1 536.2 507.8 487 474 466.2 470.2 473.1 477.7 497.6 521.7 555.2 587.1 622.9 643.1 655.6 664.5 672.2 677.7 684.1
585.3 570.2 549.2 533.1 524 521.2 518.8 531.9 543 559.5 583.4 604.7 623.8 646.2 670.2 691.3 707.8 716.4 718.1 711.5 695.3 676.4 652.2 631.9 619.6 603.1 601 609.7 604.7 584.6 566.8 554.6 544.2 537.7 544.2 562.5 572.4 593.9 616.6 634.5 651.3 668.1 684.5 701.7 717.9 730.1 744 753.6 758 756 751.3 742.2 732.2 720.8 713.8 698.6 675.2 639.4 591.3 551.9 523.4 494.9 484 477.5 478 483 490.7 495.2 525 553.5 586.5 619.1 634.3 645.6 655.2 662.1 667.6 674.2
555.9 543.9 528.1 517.1 508.8 506.5 513.3 531.8 551.4 567.8 585.3 606.4 627.3 645.7 670.1 689.3 705.5 714.8 716.7 711.3 696.8 682.2 658.8 639 630.3 620.7 623.8 626 635.8 622.3 608.6 594.8 576.6 568.4 571.3 583.7 593.3 611.6 633.8 653.8 674.7 694.3 712.6 728 739.9 750 759.6 765.9 762.2 755 745.6 736.2 722.8 715.8 709.8 702.6 678.5 637.9 595.1 569.5 545 517.6 499.6 487.9 487.4 500.9 506.4 516.1 529.3 559 589.4 610.1 625.4 636 645.5 651.5 657 663.9
524.2 514.8 505.1 496.3 489.4 497.5 514.2 533.2 552.4 571.7 588.3 606.6 631.1 650.8 669.3 688 703.2 711.6 711.1 707.5 694.7 674.5 656.5 643.7 633 629.8 628.5 637.9 653.4 658.8 649.7 640.3 620.5 610.9 600.2 607.6 612.3 628.7 649.6 675.5 700 721.4 736.6 747.5 753.5 760.9 766.6 764.3 755.3 749.4 738.2 727.7 716.9 707.5 700.7 697.1 685.4 645.2 619.5 590.6 572.9 546.4 519.9 505.9 502.6 510.9 521.1 533.1 538.5 567.3 586.4 603.1 616.4 625.6 634.1 640.3 644.6 650.4
497.3 490.4 484.4 479.3 484.4 497.1 514.4 532.5 553.6 574.2 593 613.6 635.4 654.2 669.9 685.8 698.8 705.3 701.6 688.9 671.2 650 634.9 618.5 615.5 617.3 609 615.9 637.1 653.7 676.9 684.6 666.5 650.2 632.5 627.6 632.2 645.2 669.5 698.2 726.4 746.5 752.9 757.3 762.3 767.4 766.1 758.1 748.8 740.7 729.2 718.7 707.2 696.8 690.2 689.1 685 667 645.4 625.5 606.2 575.6 544.9 529.2 526.3 526.3 530.8 542.5 550.7 565.3 581.3 594.8 606.7 615.2 621.5 625.7 628.8 635.3
475.9 469.8 465.8 466.1 482.2 499 516.7 536.3 557.1 576 595.1 618.1 639.1 656.9 673.3 685.1 692.8 689.3 677 662 638.2 618.9 601.6 583.5 583.4 587.3 584.3 584.4 609.5 641 664.2 686.3 695.1 689.6 667.9 649.1 649.8 667.5 689.2 721 747.5 757.1 762.1 765.7 767.3 766.2 760.4 748.1 740.2 730.4 719.9 710 696.4 685.5 680.2 679 678 673.3 669.7 662.7 638 605.6 573.3 557.8 555.7 550 553.3 555.5 561.6 564.5 574.4 585.9 597.9 606.1 610 609.9 612.7 617
458.6 452.8 445.8 465 483.9 499.9 519.4 541.2 561.4 581.1 601.7 621.2 641.6 660.3 676 688.3 675.3 662.8 649.3 627.8 606.6 590.7 573.1 549 546.8 553.3 558.4 566.4 588.6 616 641.3 661.4 681.7 697.9 694.2 677 677.3 692.6 715.2 744.8 761.5 766.1 769.9 770.5 767.8 760.6 750.1 739.5 729.8 720.4 708.6 699.2 684.4 676.5 669.8 669.6 671.2 671.6 671.2 674.8 672.9 641.3 611.9 593.3 586 579 580.7 576 572.4 572.3 572.8 579.6 589.3 594 597.9 600 602.5 604.7
438.6 434.3 440.3 462.6 482.9 502.6 525.9 547.2 567.9 586 606 625.1 646.3 664.1 679.1 676.7 647.5 631.3 615.2 596.6 578.4 556.8 543.3 527.6 523.1 528 541.4 552.7 569.3 590.1 612.8 634.3 660.6 689.6 707.2 708 713.2 726.1 744.7 761.7 768.9 774 774.7 771.9 764.5 753.8 741.8 730.8 718.9 709.4 698.6 686.9 675.3 665.7 660.7 660 662.5 665.2 666.7 670.2 674.7 671.5 652 635.5 628.7 610.6 597.7 584.8 578.2 576.5 574.9 576.6 581.5 580.7 583.5 582.2 586.9 588.8
420.8 415.8 435.2 457.6 485 510.1 532 556.6 576.7 593.8 613.5 633.4 653.1 668.1 673.1 653.7 627.4 595.2 583.9 568.2 549.4 529.8 516.1 509.2 505.2 514.4 527.1 543.6 558.9 572.6 595.5 619.6 646.3 675.6 700.1 722.4 738.5 759.1 767.9 773.1 776.1 778.5 776.8 770.5 758 744.7 732 719.2 709.4 699.9 681.9 673.5 662.1 652.8 645 649.8 652.8 656.3 659.8 663.9 667.6 670.4 664.9 651.3 634.7 619.1 605.1 592.7 584.9 581.6 575.7 574 573 573.3 571.6 570.3 574.9 576.5
404.1 406.2 427.5 452.4 482.4 509.9 533.6 556.6 581.1 600.6 622.3 642.3 659.4 671.1 662.4 633.4 603.2 572.3 553.9 537.5 520.4 503.5 494.1 489.4 490 503.9 509.6 531.2 549.6 566.8 586.1 608.2 636.4 665.8 691 714.5 740.5 759.7 769.1 774 776.8 778.1 774.5 766.3 752.5 737 722.5 707.9 694.7 685 669.3 658.9 650 640.5 631.4 638 643.1 645.4 650.4 656.5 663.8 668.2 665 651.5 635.1 621.4 611.8 600.1 590.9 582.8 579.8 576.1 570.8 567.1 563.4 560.9 560.7 560.9
388.6 401.4 415.2 441.2 472.9 506.7 530.6 553.2 580.3 604.8 626.2 647.7 664.5 667.9 641.9 612.7 578.1 546.9 524.3 509.1 492.2 484.6 480.2 475.7 481.9 494.2 508.2 525.1 541.7 559.7 579.5 600.7 624.7 650.8 678.2 707.1 734 752.9 763.8 772.1 774.2 774.9 770.6 761.6 748.3 731.3 713.4 694.6 675.3 669.6 657.5 647.5 638.1 629.7 621.4 624.7 630.6 637.3 643 651.1 658.5 661.5 659 648.4 638.1 630.5 622.1 612.7 603.1 593.7 584.7 578.9 570.3 565.5 559.6 554.3 553.8 552.9
383.9 393.5 404.9 429.7 456.2 489.8 520.3 546.6 572.2 598.6 616.2 641.8 658.5 657.5 627.2 592.4 555.9 523.3 506 489.8 475.3 469 467.3 467.5 477.6 489.7 504.1 520 537.2 552.6 570 591.1 614.9 642.8 673.1 703.1 728.4 748 761 769.6 772.1 770.8 766.2 757.1 746.1 730.3 714 693.6 677.2 661.4 648.3 635.1 627 620 614 615.2 621.7 628.3 635.4 645.9 654.8 660.2 653.3 653.1 648.1 641.7 633.8 625.1 616.7 607.1 594.7 583.6 574.1 566.5 559.9 551 546.3 546.5
377.4 381.9 393.7 416.5 439.4 468.5 498.8 530.8 557.8 584.3 607.2 628.1 647.9 642.5 614.7 575.3 536.2 505 489.3 475.2 465.1 460.3 462.8 462.5 473.7 486 500.1 516.6 533.1 547.5 565.3 587.9 613.6 643.8 672.5 701.6 724.3 746 754.9 766.6 770.1 767.2 762 753.6 742.6 729.4 716.1 700.1 686.6 671.4 658.8 646.5 632.7 622.6 612.2 604.1 611.9 618.7 629.7 641.3 650.5 657.1 657.9 659.4 656.1 652.5 645.9 638.3 625.7 617 604.4 593.1 580.7 568.9 558.8 550.9 544.1 540.7
372.3 377.3 385.3 400.8 426.6 448 476.3 506 538.3 566.6 590.5 616 632.4 620.1 590.6 554.3 519.5 491.7 474.9 460.3 456 451.6 454.9 460.1 469.6 482.9 497.3 513.7 528.4 542.6 561.9 587.2 617 643.7 673.1 700.3 723.1 741 752.7 764.8 767.9 764.8 758.7 750.5 740.5 727.6 715.2 699.4 686.5 671.5 658.6 647.9 637.6 625.1 612 599.4 600.4 609.1 621.5 633.2 644 652.7 660 663.3 662.7 655.8 645.9 636.2 626.8 614.9 604.6 594.3 581.8 570.8 560 548.1 539.7 533.3
367 368.3 371.8 384.9 403.3 426.7 451.7 479.3 507.9 539.7 564.4 588.2 606.8 594.7 573.4 536.5 503.2 478.3 459 449.3 444.1 445.7 448.6 457.8 468.3 482.9 495.6 510.2 523.5 539.8 563.2 589 617.1 645.9 675.5 702.2 723.8 739.6 751.8 763.2 764.7 762.8 757.5 748.5 738.1 724.6 712.1 695.4 681.5 666.7 654.8 644.7 635 622.5 610.3 597.7 588.3 596.5 608 621.3 635.2 648.7 658.7 663.3 662.4 654.4 647.6 637.1 626.4 615.9 604.5 592.8 582.8 570.1 554.7 544.5 533.5 523.9
368.3 361.5 362.5 373.1 390.5 410 429.9 455.1 484.4 511.9 537 558.4 571.4 565.9 544.7 510.9 485.7 465.1 445.8 436.5 433.4 440.9 449.6 456.6 467.9 481 494.5 506.4 520.2 541.9 565.9 592.9 619.8 648.3 677.8 703.7 723.6 740.2 751.9 759.4 762.8 761.2 755.2 746.8 734.9 720.9 705.6 685.9 671.1 658.1 648.7 640 628.7 613.6 602.5 590.4 577.5 587.4 596.1 610.9 625 639 652.3 653.7 652.1 646.9 638.4 628.1 620.6 610.8 600.3 590.5 581.9 566.5 549.8 537.4 525 515.2
376.8 363 358.9 363.4 376.8 392.2 410.6 431.3 457.6 480.7 507 524.5 536.8 531.2 515.3 492.9 469.4 451.9 433.4 426 431.6 439.9 447.8 455.5 467.4 480.2 490.6 503.2 519.4 541.5 566.3 594.5 623.4 652.9 678.5 701.9 723.9 742.8 755.8 763 763.5 759.6 752.2 743.5 730.9 714.6 693.5 672.7 658.4 649.9 641.2 629.7 616.5 604.1 592.2 582.7 571.7 578.5 586.1 596.8 611 627.4 640.3 643.5 642.2 633.6 622.8 614.3 608.8 603.9 593.5 583.9 575.6 558.5 542.2 528.2 514.5 504.1
377.1 362.9 347 349.4 355.5 372.5 389.8 404.8 423.6 443.1 475.1 497.3 499.2 497.2 488.3 474.2 453.9 439.2 422.3 420.2 428.8 436.3 445.3 455.6 467.4 477.8 489.8 502.5 518.1 541.3 567.9 596.1 624.7 653.4 679.1 703.9 727.7 747.3 761.4 765.2 761.7 756.4 748.2 737.3 723.4 703.4 680.8 660 643.2 630.6 628.6 618 605.6 596.1 586 576.2 568 570 574.9 582.7 597.3 611.7 623.9 626 622.1 613.7 609.8 602.1 595.8 591.5 583 574 564.8 550.1 529.1 513.1 503.1 490.6
372.1 356.7 344.8 335.8 344.9 353.5 365.2 374.6 394.2 417.9 448.5 458.5 457.2 459.4 461.3 453.2 441.1 426.2 416.3 416.8 424.7 434.5 444.8 454.9 465 476.9 487.8 500.6 518.3 540.8 565.2 594.6 623.7 648.5 676.5 703.8 728.3 748.7 759.9 761.3 759 752.7 743 730.7 711.5 688.3 667.3 647 631.9 629.2 614.4 603.3 595.8 584.9 577.8 571.3 566 561.5 565.6 571.9 581.3 595 606 609.5 606.5 599.1 592.4 588.4 584.2 579.4 571.7 564.4 552.8 535.5 517.1 498.1 486.9 473.2
374.1 352.5 340.6 336.3 333.2 338.4 347.8 359.2 374.8 394.5 416.5 424.5 421.2 425.7 432.1 432.7 425.7 413.9 409 410 421.2 431.7 441.7 451.1 463.2 477 487.6 500 518.4 539.8 566 593.5 618.9 645.5 673.2 700.3 723.9 740.2 754 756.4 754.3 748.1 738.8 722.5 700.6 679.6 658.1 654 650.4 643.2 627 609.3 595.7 589.1 580.7 571.1 564.9 559.4 557.1 560.8 570 577.6 585.8 590.9 588.2 582.7 575.5 571 570 567.6 562.5 554.6 537.1 517.3 499.3 486.1 477.9 466.7
374.9 356.2 339.5 334.2 330.8 330.1 334.3 343.5 357.8 377.6 390.9 393.6 394.3 398.2 404.9 410.3 407.2 402 395.9 404.1 417.1 429 439.7 449.2 459.9 473.2 487.1 501.7 519.3 541.7 564.1 587.4 609.1 632 662.4 690.8 718.2 737 749.7 752.3 750 744.2 735.7 721.3 698.7 681.8 675 672.2 666.9 654.6 635.5 616.7 611.4 604.9 597.6 583.7 573.3 563.4 558.1 552.8 557.5 562.9 566.9 565.1 565 558.2 560.1 550.5 551.1 549.1 542.3 530.6 514.1 498.4 486.8 480.3 470.7 452.6
376.4 357.7 339.8 331.3 330 327.3 327.1 333 341.4 355.9 368.5 368.7 368.9 367.8 375.6 381 387.3 389.2 385.1 397.3 409.7 424.9 436.5 447.7 457.7 470 486.7 503.8 522.4 543.8 566.5 592.2 618 641.3 667.5 691.3 713.7 733.4 746.2 749.3 746.9 741.2 732.9 722.6 709.5 696.9 691 688.1 679.4 660.4 644.2 634.1 629.1 622.8 615.2 602.1 584.2 572.6 564.3 557.9 548.4 548.9 552.7 554.2 551 545.3 540.7 541.7 533.1 524.1 516.7 506.7 499.8 483.8 472.4 463.8 451.1 443.4
383.5 364.3 344.6 333.5 330.1 326.8 323.6 326 328.8 338.6 345.9 346.1 350.4 347.1 351.7 359.9 368.3 374.9 379.5 390.7 406.7 421 432.6 444 453.6 469.6 487.1 507.6 528.1 548.6 571.7 595.2 617.6 641.6 666.4 689.1 710.8 730.7 743.7 747.6 744.1 738.1 731 723.2 714.9 707.1 702.1 697.6 690.6 676.1 662.4 655.3 646.8 638.9 628.2 615.1 600.6 582.7 572.1 565.1 551.8 543.8 540.8 540.6 538.8 537.9 533.4 526.8 516.6 506.5 496.5 486 479.5 470.1 459.9 451.6 443 436.6
397.2 373 351.2 338.8 334.6 330.8 326.8 321.8 322.6 325.2 328.4 329.8 331.3 330.7 332.4 342.5 352.9 358.3 366.2 381.5 399.9 417.7 430 444 457 473.7 491.7 512.5 533 554.2 575.9 595.3 617.2 639.9 661.7 685.6 706.4 727 742.3 745.6 741.8 736.2 729.7 721.5 715.1 707.8 702 698.3 693.9 685.6 679.4 667.7 657.4 648.2 634.4 627.3 614.3 597.3 579.2 568.3 554.2 544.5 534.3 532.7 529.2 527.4 524.6 515.6 504.8 491.7 478.5 470 462.3 463.9 462 457.6 450.5 436.3
405.5 379.8 361.1 350.8 343.6 336.4 328.1 323.1 316.8 316.7 313.6 314.9 318 315.9 318.8 325.5 335.7 341.1 359.4 378.7 397.2 414.1 433.2 448.6 463.2 480.9 498 519.6 539.2 557.8 576.7 596.3 614.9 634.2 655.5 678.1 699.3 722.5 737.8 743 738.4 732.9 726.8 720.3 712 705.7 700.6 697.4 693.6 688.7 680.2 670 660 648.5 636.7 630.5 621.8 607.5 588.4 574.4 560.9 548 539.6 531.5 526.6 521.4 516 502.4 494.4 484 487.8 481.3 470.6 459.9 449.3 454.9 455.5 447.1
411.1 389.4 373.6 365.3 353 345.6 335.9 326.6 317 303.2 300 304.9 307.7 302.9 305.3 312.9 322.3 342.3 359.3 374.1 393.2 411.4 433.2 452 467.5 485.5 503.8 525 543.6 564.1 581.5 598.7 614.1 630.2 644.7 666 688.4 711 729.5 736.8 733.3 727.2 721.8 715.7 710.6 705.6 700.9 695.3 689.8 684.8 677.3 668.2 658 648.3 640.5 634.3 625.9 611.3 594.9 581.6 567.6 555.2 545.1 541.1 535 531.4 519.1 498.4 506.2 509.7 509.4 492.7 480.8 469 454.2 440.3 436.3 431.1
422 400.3 389.8 376.5 369.3 353.7 338.8 325.4 310.9 299.8 295.6 295.6 297 300.2 310.3 316.3 327.7 343.7 351.5 368.7 389.3 409.4 432.4 451.4 471.5 490 505.2 526 546.6 562.9 580.2 598.1 614.4 627.4 637.9 654.9 675 695.5 717.4 724.9 723.3 721.4 715.8 712.6 708.1 703.4 699.3 693.4 686.4 682 673.4 664.6 658.1 649.6 641 632.5 622.5 611.1 598.5 586.4 573.3 560.9 556.8 549.4 543.3 534.4 524.9 522.5 518.1 513.5 505.5 498.1 487.9 474.4 456.3 438.5 427.9 427.5
428.9 416.4 400.2 391.2 380.9 362.9 344.4 325.1 311.4 299.9 295.6 295.6 295.6 297.6 306.6 313.9 320.5 330.1 347.4 368.5 389.8 413 433.5 455.5 476.2 495.2 508.2 522.2 544.2 561.9 575.2 592 604.2 609.1 621.1 634.6 648.4 670.6 688.2 700.7 705.5 711.6 708.8 709.5 706.2 702.7 700.9 693.5 682.7 672.4 666.5 660.9 655.2 646.8 638.7 627.9 617.4 608 597.9 588 574.6 573.9 564.6 552 548.4 541.3 534 531.8 531.4 524.3 514.4 503.8 493.5 480.3 460.3 439.5 423.2 425.6
442.8 428.5 414.3 409.4 396.7 377.5 353.4 334.6 315.9 307.4 295.6 295.6 295.6 296.6 301 307.3 314 326.4 347.2 361.2 388.4 413.9 435.6 459.9 476.6 500.3 511.2 519.9 539.1 555.6 565.6 570.6 574.7 582.4 595.5 607.3 626.4 645.5 663.8 679.2 685.6 696.9 702.9 705.1 704.5 703.2 700.9 694.6 686.3 675.3 661.6 650.9 647.9 639.2 626.4 616.7 611.2 602 596.7 591.2 585.8 577.8 568 558.4 546.1 542.1 537.1 537.1 534.2 532.4 518.8 509 501.6 489.5 461.3 442.7 426.8 424.4
443.2 436.1 431.8 425.7 412.9 389.2 368.3 345.6 324.4 309.4 295.6 295.6 295.6 295.6 295.7 301.3 311.1 326 344.8 365.3 389.4 413.2 435.9 455.8 476.5 494.8 509.9 513.6 529.7 537.6 546.1 548.4 550.4 557.1 569.6 584.7 609 626.4 648.7 660.6 673.1 680 692.7 696.6 702.7 705.1 703.5 697.8 688.9 678.6 665.2 643 633.8 624.7 617.2 611.5 614.7 613.4 606.2 597.3 592.1 585.7 568.7 556.9 549.2 544.4 541.9 539 534.8 530.1 526.1 522.7 514.2 484.2 461 439.8 426.9 410.8
