app/static/ascii/NY41.asc
ncols 200
nrows 200
xllcorner 340000
yllcorner 510000
cellsize 50
[rows 140 to 174 of 200, columns 78 to 155 of 200]
633 625.4 637.3 623.8 639.5 652.6 679 689.3 723.4 750.6 764.4 767.9 761 753.7 744.5 735.7 726.7 717.4 710.8 703.8 693.1 685.9 678.7 671 664 656.8 651.7 644.2 638.2 636.6 631.5 627 621.9 616.3 611.3 605.6 600.2 594.9 590 587.1 582.7 578.8 576.5 576.4 573.9 568.4 563.1 557.5 550.8 549.1 536 508.9 469.4 428.2 390.1 357.6 328.3 310.5 300.8 291.7 284.3 283.2 280 266.5 250.1 238.1 238.1 238.1 238.1 238.1 238.1 238.1 238.1 238.1 238.1 238.1 238.1 238.1
652.5 644.8 650.3 651.8 671.8 691.3 707.7 732.4 761.6 785 778.4 771.2 763.2 755.2 745.9 733.3 723.1 711.5 700.4 689.8 680 671.8 665.7 659.1 652.9 647.5 642.9 637.8 632.7 627.8 624.2 620.7 614 603.2 599.7 593.3 588.8 583.9 580 575.8 570.8 567.5 563.5 559.7 555.9 552.3 546.3 542.5 534 521.4 517.3 497.2 463.7 438.8 410.8 378.6 348.9 328.1 314.1 304.6 296 294.2 284.7 266.4 248.6 238.1 238.1 238.1 238.1 238.1 238.1 238.1 238.1 238.1 238.1 238.1 238.1 238.1
675.9 679.1 680.6 683.4 699.7 725 745.1 761.3 791 790.1 781.8 773 765.3 758.8 750.4 735.9 723.9 719.3 710.8 702.3 691.1 677.2 664.1 658.9 650.3 645.3 638 633.8 631.9 629 625.5 622 617.3 611.6 601 592.5 582.7 575.9 570.4 565.4 557.9 551.5 548.4 541.6 534.9 527.2 522.8 520.7 509 497 491.5 482.1 467.2 463.7 436.2 408 365.7 350.5 332.4 320.7 313.6 307 285.1 267.2 253.6 238.1 238.1 238.1 238.1 238.1 238.1 238.1 238.1 238.1 238.1 238.1 238.1 238.1
705.2 717.9 715.9 732 739.6 770.8 784.9 790.4 791.3 789.6 784.4 775.7 767.9 762.5 755.5 747.2 737.7 733 725.8 719.1 707.5 694.3 685.6 675.2 665.1 655.7 648.1 642.5 639.8 636.7 633.6 631.7 624.4 615.6 606.2 595.4 583.7 577 569.2 563 552 535.8 518.2 519.6 511.9 498.4 491.8 486.6 482.4 477.4 477.1 474.5 471.7 468.3 460.6 435.8 399.1 376.8 358.6 345.9 342.4 317.9 290 272.6 260.3 238.1 238.1 238.1 238.1 238.1 238.1 238.1 238.1 238.1 238.1 238.1 238.1 238.1
730.7 745 754.2 763.8 774 784.7 790.3 791.7 790.4 788.2 785.4 778.3 770.7 765.3 760.8 754.3 747.6 742.3 737.3 730.3 722.7 713.2 701.6 692.7 683.6 672 663.6 657 653.8 649.1 643.4 640.5 633.2 624.7 610.6 599.2 588.9 580.4 570.4 560.7 551.9 540.2 525.8 506.2 486.4 474.9 466.4 461.3 458.6 459.5 461.1 459.7 462.2 456.5 454.7 452.5 445 432.7 384 381.5 392.8 333.2 295.8 275.3 263.2 238.1 238.1 238.1 238.1 238.1 238.1 238.1 238.1 238.1 238.1 238.1 238.1 238.1
739.6 752.6 764 773.8 780 786.3 787.5 786.9 787.5 785.8 781.8 777.4 770.4 767.4 764.7 761.5 756.3 749.7 745.3 739 734.9 726 719.9 711 703.9 695.5 679.5 672 667.1 662.9 656.4 648.4 642.8 634 620.1 607.4 593.9 583.8 570.1 559.9 551.2 540.4 529 516.9 502.8 498.3 492.1 478.4 460.3 442.5 430.9 435 440.4 445.5 445.2 446.2 449.4 453.7 423.2 399.8 391.8 355.6 301.7 282.7 284.1 238.1 238.1 238.1 238.1 238.1 238.1 238.1 238.1 238.1 238.1 238.1 238.1 238.1
748.8 759.2 768.1 776.1 781.1 784.3 782.7 776.9 774.5 773.2 767.2 764.3 764.3 763.4 765.9 768.7 765.3 758.9 752.6 748.2 743 733.7 727.4 722.4 717.4 708.3 697.5 689.6 679.4 670.7 663.1 652.6 645.6 637.7 622.8 609 598.5 585 575.9 567.9 558.9 552.7 541.9 528.3 519.6 513.5 505.5 490.3 476.8 460.8 440.1 420.2 415.6 426.8 430.8 436.8 445.1 446.7 427.2 411.5 387.9 340.7 310.4 294.1 274.4 238.1 238.1 238.1 238.1 238.1 238.1 238.1 238.1 238.1 238.1 238.1 238.1 238.1
755.9 763.2 769.9 777.1 779 779.8 770.2 756.5 749.6 745.8 744.9 740.5 743.8 750.6 762.2 774.1 775.7 769.4 757.8 750.7 741.6 735.3 726.8 722.2 719.3 714.1 702.6 694.8 684.4 675.6 665.5 655 643.4 633.6 624.8 612.7 600.6 587.3 583.8 576 568.7 560.3 550.4 538.8 526.2 521.4 516.3 503.1 488.4 464.7 447.4 426.9 407.3 406.7 416.6 421 430.3 430.9 420.3 413.3 389 347.9 312.5 295.7 257.9 238.1 238.1 238.1 238.1 238.1 238.1 238.1 238.1 238.1 238.1 238.1 238.1 238.1
758.1 765.4 772.1 775.3 772.2 764 745.7 726.7 718.6 716.2 713.2 707.8 715.8 728.1 747.9 759.4 777.8 769.5 758.6 741.5 722.8 713.3 714 711.6 714.3 708.9 703.8 695.1 684.7 674.7 664.2 651.1 637.6 627.3 616.7 605.1 596.9 586.4 580.8 576.6 573.8 560.9 553.9 546.9 533 524.8 519.4 506.3 496.9 462.5 446 425.9 406.5 389.4 401.6 411.2 419.4 421.6 411.5 411.6 379.8 352.3 310.9 285.1 251.3 238.1 238.1 238.1 238.1 238.1 238.1 238.1 238.1 238.1 238.1 238.1 238.1 238.1
758.4 765.2 769.4 764.9 750.6 735.1 717.9 694.9 684.5 682.6 678.3 676.5 685.5 703 717.6 722.3 726.3 725.2 721.4 712.4 694.7 684.3 683.5 683.6 688.2 687.4 697.2 687 677.1 667.7 655.8 641.5 626 611.5 597.7 589.1 582.8 575.7 570.8 565.3 568.5 562.3 557.5 550.3 535.9 526.1 519.4 506 492 465 444.7 419.4 398.8 381 389.2 398.2 404.4 402.7 404.5 407.4 374.6 339.1 304.3 274.8 246.2 238.1 238.1 238.1 238.1 238.1 238.1 238.1 238.1 238.1 238.1 238.1 238.1 238.1
755.4 760.5 758.6 742.9 724.3 710.2 686.1 667.5 648.6 647.4 642.2 642.1 652.9 671.3 680.2 681.9 685.9 682.5 678.7 671.3 661.1 651.5 648.7 651.3 653.3 656.5 667.2 667.1 659.1 645.2 632.6 615.6 599.5 582.8 572.2 561.8 558.3 554.1 554.3 551.4 549.8 547.4 550.1 556.9 542.4 533.6 514.2 493.3 476.5 462.9 442.1 414.9 396.3 378.5 375.2 384.2 387.9 386.7 396.6 394.3 362.5 333.2 300.8 274.4 243.3 238.1 238.1 238.1 238.1 238.1 238.1 238.1 238.1 238.1 238.1 238.1 238.1 238.1
751.2 760 752.9 723.2 696.6 680.9 649.4 633.5 616.4 612 608.3 611 619.7 629 639.7 639.9 641 641.2 637.8 632 624.6 615.3 611.1 616.2 618.2 621.7 626.7 626.7 623.8 603.7 596.5 580.4 564.5 550.6 538.6 528.3 524.5 523.5 522.3 522.4 520.7 518.9 516.4 513.1 513.9 517 509.5 487.3 469.2 454.3 435.6 411.2 393.5 379.7 365.3 375.2 373.3 376.6 382.9 377.1 348.3 321.7 298.8 280.9 245.1 238.1 238.1 238.1 238.1 238.1 238.1 238.1 238.1 238.1 238.1 238.1 238.1 238.1
746.5 756.5 756.1 719.6 677.6 643.8 616.7 599.5 585.2 578.5 577.8 584.9 589.7 594.4 597.9 602.3 601.5 600.7 597.9 593.3 587.9 580.8 577.3 579 580.6 587 584.8 583 581.3 567 556.1 546.2 530.4 517.3 503.4 492.9 492.3 489 488.1 486.7 486.8 484.7 484.7 480.4 480.1 478.3 481.3 480.8 460.7 444.7 430.2 408.1 389.6 374.4 357.5 362.6 363.5 364.1 368 364.5 338 313.6 299.2 269.5 243.4 238.1 238.1 238.1 238.1 238.1 238.1 238.1 238.1 238.1 238.1 238.1 238.1 238.1
742.4 745.6 744.2 703 668 639.2 612 579.5 561 553.5 554.6 563.5 572.5 570.2 567.4 568 566.7 566 559.8 556.1 548.9 544.3 541.2 540.5 540.3 551.9 543.4 542.8 539.5 533.4 517.9 508.9 495.2 485.7 471.9 461.8 461.9 458.4 457.6 456.8 456.2 453.8 452.5 452.1 448.5 447.6 447 447.7 436.1 427.9 423.2 404 384.9 371.2 351.9 349.6 353.6 350.6 350.2 343.9 328 307.5 299.3 265 243.2 238.1 238.1 238.1 238.1 238.1 238.1 238.1 238.1 238.1 238.1 238.1 238.1 238.1
736.2 730.7 695.8 673.5 643.2 618.9 584.1 560.2 544.7 536.1 535.6 545.1 552.2 553.8 550.7 548.8 543.3 538.7 533 524.3 516 510.3 506 505.3 506.4 506.7 504 501.7 502.1 496.8 482.4 473.8 461.6 451.1 441.6 434.9 431.2 430 430.5 429.2 429 427.7 429.5 426.9 427 423.6 421.5 416.4 411.6 405.1 401.5 390.3 376.5 363.6 353.4 338.9 343.6 339.7 334.2 328 316.5 313.5 295.2 272.5 246.6 238.1 238.1 238.1 238.1 238.1 238.1 238.1 238.1 238.1 238.1 238.1 238.1 238.1
724.5 720.2 684 639.1 611.3 587.9 569.4 550.6 535.4 527.9 526.1 530.9 534.8 534.8 536.4 531.8 527.9 521.9 513.3 503.6 493.6 485.1 477.2 470.4 471 467.1 464.2 464.3 461.3 461 449.8 438.4 431 421.5 413 409.1 407.4 407.1 405.9 405.9 405.9 410.1 411.3 408.3 411.4 409.2 405.6 400.8 396.7 388.8 380.7 374.8 366.1 355.3 345.8 338.7 330.5 329.8 325.2 316.8 312.6 307.5 293.3 267.3 243.6 238.1 245 238.1 238.1 238.1 238.1 238.1 238.1 238.1 238.1 238.1 238.1 238.1
708.8 715.1 679.2 645.4 607.1 579.6 563 547.6 531.6 525.9 524 524.2 524.2 519.8 519 518.7 512.2 506.3 496.8 486.2 474.8 462.5 453.3 446.1 437.8 431.9 430.4 428.3 429.6 424.7 415.8 412.2 405.2 397.1 391 391.5 389.8 388.9 389.3 391 388 393.3 395.1 395.3 394.6 392.1 388.7 386.9 382.6 377.1 368.4 360.7 354.3 347.8 338.7 332.7 320.8 320.3 316.3 312 306.7 296.9 283.4 266.2 246.9 240.1 248 239.4 238.1 238.1 238.1 238.1 238.1 238.1 238.1 238.1 238.1 238.1
700 711.8 705.5 675.1 626.9 592.2 571.1 555.9 543.4 534.3 527.8 524.4 520.1 511.4 504.8 504 496.4 488.9 479 468.4 458.1 446.2 432.6 426.6 418.4 408.6 404.4 403.3 401.2 398 391.1 388.9 383.2 379.1 376.9 375.3 375.7 376.4 375.7 375.1 376 377.1 378.3 378.9 377.6 376.5 375.1 372.8 369.3 364.2 357.1 349.6 343.8 336.5 331.1 322.7 315.2 309.9 309.2 303.3 297.9 286.1 272.1 261.4 245.3 244.2 245.4 246 238.1 238.1 238.1 238.1 238.1 238.1 238.1 238.1 238.1 238.1
694.7 711 722.8 709 661.4 627.2 595.5 577.8 565.3 555.7 542.8 531.8 522.1 510.3 497.2 492.3 480.9 468.7 461.2 446.7 436.6 424.1 412.9 408.1 399.1 392.9 389.2 386.9 384.7 381 376.7 374.4 370.2 366.9 363.7 362 361.7 361.4 360.6 360.2 361.3 362.2 363.9 364.3 364.3 364.2 362.3 359.8 357.7 353.7 348 340.1 336.9 329.7 322.6 315.7 300.2 299.3 296.4 292.2 284.3 273.4 263.8 250.3 243.3 239.7 239.4 238.1 238.1 238.1 238.1 238.1 238.1 238.1 238.1 238.1 238.1 238.1
691.9 710.3 724.8 729.2 694.7 660.7 638.8 617.5 609.1 592.2 557.5 536.6 527.2 515.4 501.7 487.7 463.2 451.3 439 426.5 412.6 401.8 396.8 391.1 382.2 377.5 374.6 371.8 369.5 366.2 364.8 361.9 358.6 355.7 351.5 349.3 347.4 347.2 346.9 346.2 349 348.1 349.5 350.4 350.5 350.2 349.5 346.3 344.4 340.8 337.6 332 327.6 320 315.4 308.6 292.9 282.7 279.7 274.4 270.2 262.6 251.3 244 240.1 238.1 238.1 238.1 238.1 238.1 238.1 238.1 238.1 238.1 238.1 238.1 238.1 238.1
688.1 708.7 726.2 735.8 728 693 665.5 645.3 625.7 589.3 550.2 527.9 516.5 506.8 492 474.1 453.9 433.6 420.7 410.8 401.2 390 380.4 375.5 367.2 365.3 361.6 361.2 358 355.5 353 350.8 347.2 344.5 339.7 338.2 335 334 334.4 334.8 336.9 336 337.4 338.3 338.1 338 337.7 334.3 329.2 326.8 324.2 320.6 315.9 310.2 305.2 298.4 289.9 271.2 267.5 263.8 264.6 256.1 245.5 238.1 238.1 238.1 238.1 238.1 238.1 238.1 238.1 238.1 238.1 238.1 238.1 238.1 238.1 238.1
685.8 711.1 730.2 738.1 742.4 705.4 661 620.1 585.2 556.7 533.4 518.7 504.3 490.4 476.5 458.6 436.8 417.4 410.9 397.4 385.9 375.3 366.9 360.5 356.7 352.1 352.8 347.4 347.1 345 341.3 337.8 334.5 332.5 327.9 325.1 323.5 321.5 320.5 321.6 323.7 322.1 325.6 327.1 328 327.3 324.9 320.5 317.3 314.6 309.8 306.5 303.8 298.8 291.6 282.2 276.6 268.7 257.1 253.4 249.6 245.5 238.1 238.1 238.1 238.1 238.1 238.1 238.1 238.1 238.1 238.1 238.1 238.1 238.1 238.1 238.1 238.1
688.5 716.9 733.5 738.5 731.2 689.1 642 605.7 572.1 544.6 524.6 509.3 494 476.3 461.7 443.7 421.8 402.8 390.4 380.6 370.5 362.1 356.9 349.9 343.2 341.7 340.6 337 334 329.8 327.6 325.1 322 317.9 315.1 312.4 310.4 309.5 309.7 311.2 312.2 314 316 317.1 316.6 314 309.4 306.3 303.9 302.6 299.8 296.9 290.7 284.9 279.5 272.7 265 260 252.3 247.3 243.3 238.1 238.1 238.1 238.1 238.1 238.1 238.1 238.1 238.1 238.1 238.1 238.1 238.1 238.1 238.1 238.1 238.1
693.7 722.9 739.4 743.4 727.3 681.8 632.8 597.5 567.1 543 521.3 505 489.5 470.8 448.9 425.9 406.9 390.1 379 370.7 364.3 352 345.3 340.3 339.2 333.9 332.1 327.2 324.5 324.3 322.8 315.6 311 308.5 307.2 306.2 305.1 304.7 304.4 304.7 304 304.7 304.5 305.5 303.6 301.1 294.3 291.2 294.2 294.7 291.9 285.7 279.3 273.6 269.3 265.3 259.2 252.6 246.4 240 238.8 238.1 238.1 238.1 238.1 238.1 238.1 238.1 238.1 238.1 238.1 238.1 238.1 238.1 238.1 238.1 238.1 238.1
698.9 730.3 746.5 752.2 730.3 683.7 634.6 601.5 572.9 544.9 518.8 497.5 483.4 462.6 441.2 419 399.9 386 375 363.8 356.1 348.9 341.6 339 334.6 331.2 329.8 329.2 324.8 322.1 322.4 314.7 310.2 307.1 305.7 304.6 303.5 302.3 301.7 301.2 299.9 299.6 299.2 298.3 294.4 293.2 291.4 294.8 282.9 282.1 280.7 273.2 267.4 267.8 259.1 252 248.9 243.4 242.5 238.2 238.1 238.1 238.1 238.1 238.1 238.1 238.1 238.1 238.1 238.1 238.1 238.1 238.1 238.1 238.1 238.1 238.1 238.1
706.8 737.7 751 758.9 751.3 706.4 668.1 632.4 593.2 553.6 522.4 495.7 480.7 458.6 437.4 420.4 404.4 391.2 376.2 365.8 360.8 353.8 348.2 343 337.5 333.2 332.9 330.7 329 326.7 322.8 318.5 311.6 308.9 304.5 303.7 302.9 302 300.5 299.7 298.6 298.5 297.5 296.4 298.5 299.7 298 296.9 292.2 279.4 273.1 274.3 269 262.8 259.3 256.3 251.5 246.8 247.8 243 238.1 238.1 238.1 238.1 238.1 238.1 238.1 238.1 238.1 238.1 238.1 238.1 238.1 238.1 238.1 238.1 238.1 238.1
707.5 741.2 757 765.1 770.1 735.1 694.7 666.8 614.4 569.2 536.1 506.8 484.9 464.8 445.9 430.9 413.1 396.1 385.3 378 371.7 365.3 358 351.7 346.8 339.9 336.4 335.5 334.8 331.4 325 320.5 318.8 314.5 312.6 307.4 305.9 303.9 301.4 300.6 300 298.5 300.5 299.9 301.4 301 299.1 297.2 293.2 287.9 283.2 277.4 274.3 270.3 267.3 263.7 257.2 252.7 250.2 245 243.3 241.8 241.4 238.1 238.1 238.1 238.1 238.1 238.1 239.4 239.9 240.1 243.5 248.5 238.6 238.1 238.1 238.1
725.5 752.2 765.5 771.8 777.2 771.5 742.6 706.7 660.1 600.3 564.1 524.5 496 477.4 459 443.5 426.9 414.7 404.2 396.3 390.8 377.8 373.2 368.8 361.3 352.4 349.6 347 345 341.1 337.5 333.1 330 321.8 321.3 317.5 315 310.1 304.5 305.1 303.5 305.2 306.6 305 306 304.5 302.1 300.9 299.7 297.6 292.5 287.5 280.1 274.7 268.6 263.7 257.1 251.6 250.5 250.2 249.5 250.4 249.3 243.5 239.5 238.1 238.1 238.1 245.7 257.3 268.5 267.8 268.4 259.2 240.9 238.1 238.1 238.1
724.4 760.9 773.2 780.3 786 791.5 770.5 728.5 690.5 624.4 579.3 551.6 517.6 493.5 479.1 460.9 456.9 439.1 426.8 416.4 410.2 400.9 398.6 391.8 379.4 372.5 369 366.3 360.2 360.4 360.1 352.4 344.6 343.3 336.8 340.1 328.6 324.4 322.8 320.4 318.9 320.1 321.1 314.4 314.8 318.2 314.1 309.6 309.1 308.6 306.4 294.1 285.4 278.2 271 264.2 259.8 257.1 257.7 256.1 256.2 255.2 252.5 250.1 248.9 251.1 252.5 252.6 261.3 271.6 277.5 278.5 267.4 246.7 238.1 238.1 238.1 238.1
728.8 765.4 778.8 787.9 795.2 798.3 780.2 730.1 683.5 640.4 598.6 568.6 542 529.5 500.8 486.7 476.9 469.1 452.9 442.8 437.8 430.9 426.8 414.1 402.5 392 389.6 385.6 381.8 384.6 383.8 378.9 370.4 367.9 362.7 358.7 354.9 347.2 345.7 343.6 341.4 345.1 341 330.8 324.8 320.4 323.2 323.8 321.2 323.8 316.3 308.7 298.8 289.4 283.8 277 271.2 266.1 265 265.1 263.6 263.3 264.3 259.5 263.3 273.4 273.1 274.9 277.2 279.1 276.2 263.4 247.1 238.1 238.1 238.1 238.1 238.1
726.8 769.9 785.8 796.3 804 808.4 780.5 733.9 689.1 647.5 618.1 587.6 573.3 579.4 551.3 527.4 504.9 494.4 488 481.2 473.5 466 458.7 450.6 433.1 421.9 417.1 414.3 413.1 416.9 411.1 407.6 400.8 394.5 392.6 385.8 388.6 377.6 374.9 371.9 367.7 369.7 373.4 357.5 344.5 334.6 337.6 338.1 334.9 333.3 330.2 328.4 329 312.2 298.7 293.5 286.8 279.8 277.3 275.4 276.6 275.6 274.8 276.4 276.9 279.5 286.2 283.1 278.6 269.1 256.4 244.6 238.1 238.1 238.1 238.1 238.1 243.9
720.9 752.4 786.6 801.5 810.4 813.1 788.6 757.6 718.5 668.4 637.2 618.3 617.8 626.7 607 578.3 544.3 536.5 518.4 512.4 516.6 516.2 499.5 489.4 475.8 464.7 454.5 457.4 455.1 454.4 450.1 450.6 441.9 435.7 422.8 417 415.8 410.7 410.6 403.5 399.2 395.3 393.9 383.8 375.7 359.6 358.8 359.8 356 351.9 349.1 346.9 340.3 330.3 317.9 311 305.1 297 294.4 291.2 292.2 290.4 289.9 284.1 282.5 288.2 287.2 276 265 254.1 238.1 238.1 238.1 238.1 238.1 238.1 246.5 258.9
744.2 775.4 794.8 805.3 813.6 817.1 811.4 775.6 735.7 705.4 686.5 660.5 655 662.9 648.7 612 586.9 574.9 565.4 552.1 554.1 560.2 550.2 542.7 531.4 508.6 507.7 510.4 523 506.1 509.1 500.1 494.5 481 465.2 464.2 466.8 454.2 445.4 441.4 439.9 439.1 430.5 420.1 419.5 406.9 393.4 392.9 396.5 392 383.9 377.8 364.3 355.6 343.4 334.1 331.4 318.7 319.1 308.5 306.6 307.4 304.8 308.9 302.9 290.7 277.5 262.8 247.5 238.1 238.1 238.1 238.1 238.1 238.1 242.9 259.1 275.2
758.8 783.4 799.8 809.5 817.3 819.4 818.2 798.3 763 749.5 736.2 696.8 685.8 691.7 676.7 655.5 629.8 621.2 612.5 601.8 596.9 587 589.5 587.2 583.2 572 554.8 567.3 581.6 559.9 563.9 553.7 551.6 547.1 538 542.8 537.7 517.1 491.1 488.7 495 493 472.2 468.7 469.1 441.4 429.7 444.3 435.1 429.6 425 431.2 406.5 380.9 371.9 365.3 368.7 348.1 344.1 332.8 332.6 332.8 321.5 315 292.5 277.7 262.3 242.2 238.1 238.1 238.1 238.1 238.1 238.1 238.1 252.2 271.4 292.7
771.8 793.6 806.5 815.4 820.8 822.1 821.8 817.9 799 784.1 761 733.4 716.9 707.1 692.4 678.5 659.6 640.9 624.6 618.5 605.3 597.2 593.7 599.4 606.7 614.8 609.2 613 618.6 611.1 607.6 599.8 596.1 595.9 582.7 586.8 580.4 573.8 540.6 542.9 541.4 533.8 525.1 520.8 513.1 487.5 470.5 489.2 488.2 482.4 467 466.6 455 418.4 413.5 405.5 408 397 380.4 375.4 365.1 335.4 310.9 292.1 273.8 259 243.5 238.1 238.1 238.1 238.1 238.1 238.1 238.1 250 269.2 288.6 307.1
