app/static/ascii/NY47.asc
ncols 200
nrows 200
xllcorner 340000
yllcorner 570000
cellsize 50
[rows 0 to 35 of 200, columns 81 to 161 of 200]
125.9 124 121.9 120.1 118.3 115.9 111.1 112.6 112 110.1 107.6 105.5 105.3 104.1 102.1 100.5 98 97.2 96.8 96.5 96.3 94.6 95.9 96.6 93.9 84.1 75.5 83.8 94.4 97.8 101 101.2 100.1 100.6 99.5 84.5 65.5 65.5 68.8 70 69.2 70 71.2 87.7 94.5 95.6 96.9 99.3 101.5 105.2 106.5 109.9 114.1 119.4 125.4 127.6 137 142.2 146.8 149.5 153.7 159.2 163.4 167.6 171.9 175.8 179.6 184.5 186 189.7 191.1 191.9 194.2 196.4 198.8 203.6 207.1 210.6 212.6 214.8 218.3
124 123.2 121 118.4 115.8 113.8 112.3 98.9 110.2 107.7 105.4 102.7 101 100.2 99.4 97.7 96.8 96.2 95.9 95.9 96 96.4 93.3 96.9 93.3 86.3 68.7 79.2 92.7 96.4 98.1 97.3 95.6 98.7 88.1 65.1 69.5 70.1 70.9 73.1 77.6 79.6 82.8 87.9 94.3 96.6 100.7 103 106.7 107.9 111.9 116.6 118.6 124.2 130.4 136 140.8 142.4 148.2 151.8 156.8 161.2 167 172.2 177.3 182.3 185.3 188.2 191.7 194.2 197.7 199.1 201 203.1 204.8 206.8 210.8 214.7 217.1 219.5 222
123.1 122.7 120.2 117.6 115.1 112.9 111.3 103.9 94.3 105.9 103.1 100.3 97.9 96.2 95.3 95.8 92.1 95.2 94.9 95.1 96 96.8 96.6 95.5 88.9 85.2 66 73.8 88.7 92.4 93.3 92.5 93 97.5 77.5 65.5 69.6 71.8 74 75.5 77.5 82.5 89.7 92.8 96.2 101.1 99.9 108.6 114.3 117.7 119.5 122.3 126 129.3 134.8 139.2 142.8 146.1 150.4 155.9 158 164.3 169.5 175.2 180.6 186.5 191.2 194.4 196.4 199.2 203 204.4 206.2 208.4 209.7 211.3 214.5 218.5 221.6 223 224.7
122.7 122.1 119.5 117.1 114.7 112.4 110.7 109.1 107.4 89.3 98.6 98.3 95.3 93.5 92.9 93.8 92.6 93.5 94.4 95.2 96.1 96.9 97.3 94.9 88.8 85.7 73.3 69.9 80.1 87.6 88.6 88 87.7 90.8 68.9 68.4 69.9 72.2 74.8 76.6 78.1 87.5 92.6 96 101.5 103.1 111.6 114.1 120.1 120.4 123.6 125.8 130.3 133.9 138.3 141.5 145.6 149.6 153.6 157.5 161.7 167 172.4 178.6 183.8 189.8 194.4 198.7 201.4 205.2 207.8 208.6 210.8 211.9 214.4 216.5 218.6 221.7 225.3 226.9 227.9
122.1 121.4 119 116.6 114.3 111.3 108.4 106.7 104.6 103 87.6 93.6 93.4 91 90.3 91.4 91.4 92.3 94.2 95 95.5 96.5 96.4 92.5 85.8 81 73.3 69.4 74.3 79.3 79.8 79.9 77.2 77.1 63.9 68.7 70.1 72.2 75 78.1 83.1 92 96.8 102.3 108 111.5 116.4 119.4 121 122.3 125.2 129.3 134.7 137.7 140.1 144.3 149 153.2 157.4 161.7 165.7 171.2 177 182.8 187.3 192.8 196.7 200.2 204.1 207.9 210.6 212.7 216.2 218.6 221.7 222.3 223.5 226.7 229.9 231 232.1
122 120.8 118.5 116.1 112.9 109.5 106 104.2 102.2 99.5 96.7 76.9 89.8 88.8 87.2 88.3 82.4 91.3 92.2 93.1 93.8 92 88.7 83.8 78.6 68.8 69.5 67.3 67.8 68.6 69.1 70.7 70.6 71.3 63.9 69.4 70.8 72.3 73.8 83.6 89.3 94.1 102.7 108.4 112.7 116.2 117.4 120.6 123.1 124.2 127.2 131.2 135.7 138.2 142.9 147.7 151.6 156.8 161.6 165.9 170.6 175.4 180.4 185 190.4 195.2 198 202.3 207.2 210.6 213.2 216.3 220.8 225.2 227.4 229 229.4 232.1 234.9 236.5 238
121.1 120.1 118 114.6 111.1 107.7 104.2 101.5 98.6 95.8 93.9 90.5 74.9 87.9 82.2 81.4 80.2 89.1 90 88.4 86.3 78.4 70.7 66.3 66.2 62.2 63.1 62.8 63.8 63.9 63.9 63.9 63.9 63.9 69.5 70.7 72.1 75.3 81.9 91.8 97 103.5 107.2 112 116.6 118.9 121.3 122.1 124.7 126.7 131.1 133.3 137.3 140.9 145.3 150.4 154.2 159.4 164.6 169.8 173.7 178.1 182.8 187.3 192.7 197.4 201.6 205.2 209.1 214.4 217.6 222.1 226.7 229.4 231.6 233.7 235.5 239 241.5 243 244.1
120.1 119.1 116.7 112.8 109 105.3 101.6 98.1 94.5 92.4 91.6 89.5 85 74.4 70.9 67.7 75.3 80.9 82 79.3 69 61.7 62.5 65.7 66.7 66.6 67.4 71.7 72.1 71 72.5 72 74.8 77.1 80 80.1 84.2 88.1 90.9 94.9 100.2 105.6 109.7 111.5 117.7 120.7 123.3 125.2 128.1 131.4 134.9 137.7 139.7 143.6 147.8 152.3 157.3 163.6 167.4 173.2 176.5 180.8 185.6 190.7 195.2 201 205.9 211.1 213.7 217.7 223.2 227.6 231 232.8 234.7 237.2 240.2 243.4 246.7 248.3 248.9
119 118 115.3 111.5 107.7 103.9 99 94.6 92.6 91.4 91.2 86.3 75.3 69.5 69.4 66.6 68.6 70.5 70.8 67.9 64.7 65.7 67 68.1 69.8 71.4 77.7 81.8 84.7 87.4 86.3 90.8 93.6 95.2 96.3 96.8 96.8 91.8 92.5 92.5 102.5 108 113.1 117.8 115.6 122.8 125.6 129.2 130.8 134.6 138.1 139.5 142.9 146.4 150.1 155.1 161.3 166.2 170.7 177.6 179.6 183.1 188.4 193.8 200.1 207.8 210.8 214.5 220.2 221.8 226.6 231.2 233.6 236 237.8 240.7 244.1 247.2 250 251.9 251.3
117.7 116.6 113.6 109.7 105.6 100.5 95.5 90.7 90.7 84.3 76.6 66.1 59.7 59.7 60.2 60.2 60.2 65.4 66.7 60.8 66.1 67.1 67.6 69.4 73.3 81.8 81.3 84.5 87.8 91.7 94.6 97.9 100.8 102.2 102.1 100.8 98.7 90.8 96.3 101.1 103.5 109.6 115.5 120.6 122.7 125.1 128.1 132.1 135.2 135.8 140.2 142.7 146.3 149.9 153.8 159 163 169.9 175.8 179.6 182.8 186 191.1 198.4 204.9 212.1 216.6 219.7 223 225.9 229.5 231.9 235.8 238.2 240.3 243.4 248 250.8 254.1 255.5 254.6
117 114.9 111.8 107.7 103.3 97.5 92.7 88.4 86.7 70.7 58.4 62.4 63.9 65 66.8 68.4 69.3 60.2 60.2 67.2 81.4 85.5 88 88.9 88.8 87.3 89.5 89.4 91.4 93.5 97.4 101.5 103.7 104 102.7 101.5 99.9 91.4 99.3 103.5 109.3 115.3 113.5 121.9 126 129.3 132.1 134.1 137.8 138.2 141 147.3 149.8 153.7 157.6 166.5 170.3 174.4 178.8 182.1 186.7 189.8 195.2 205.2 211.3 216 220.5 224.9 228 231 233.8 235.7 237.9 240.1 242.2 245.1 251.3 252.3 252.3 253.3 256.5
102.9 106.5 110 106 99.7 94.5 91 85.1 73 58.4 63.9 64.6 66.2 68 69.6 72.4 78.6 83.6 90.5 93.3 93.5 94.2 93.7 93.2 93.3 92.4 90.6 90.1 93 97.4 101 103.8 105.4 105.4 104.1 102.8 99.8 99.1 101.5 106.3 111.6 116.6 120.3 113.5 128.3 131.9 134.3 135.8 138.8 140 144.3 150.1 154.9 159.9 166.6 172.8 176.2 179.9 182.7 186.8 191.7 196.3 205.5 212.1 215.8 216.8 221.4 224.6 230.8 228.8 230.7 235.9 238.6 241.1 244.4 248.6 253 256.3 257.5 258.5 255.5
93.5 90.6 94.5 96.1 94.2 91.9 88 82.6 69.5 60 64.9 66.6 68.4 70.5 72.8 78.2 85.8 92.6 96.5 98.1 98.1 97.5 97.3 96.5 96.9 96.1 93.8 92.9 96.7 100.9 103.9 105.5 106.7 106.7 105.6 103.5 100.3 100.8 105.1 109.9 115.1 118.3 122.2 125.2 127.1 125.6 135.3 138.1 141.4 142.1 148.9 154.1 158.3 164.4 170.7 176.8 181.9 185.2 186.9 193 198.7 204.3 209.7 214.2 218.5 223.5 226.2 228.5 231 233.3 234.8 236.4 240 244 247.5 250.8 254.1 257.3 258.4 257.9 255.7
109.8 101.5 90.7 78.8 76.4 77 83.3 72.7 61 63 65.5 67.5 70 72.5 75.7 84.6 93.3 97.2 100.9 103 103.9 103 100.2 100 100.4 98.3 96.8 97.9 100.5 103.9 106 107.5 108.1 107.3 106.3 103.5 100.6 103.7 108.9 114.6 118.6 121.2 124 127.7 131.4 133.9 137.2 139.3 142.8 146.6 152.8 158.4 162.9 167.5 173.3 179.8 184.8 190.4 194.3 198.4 203.3 207.6 213.7 217.8 222 225.3 228 231.2 233.2 235.2 237.1 240.3 243.9 246.8 249.2 251.9 255 257.8 257.7 255.7 253.5
112.5 108.2 104.3 97.6 92.2 80 67.9 65 58.4 64.3 66.2 68 71 74.6 80.6 90.5 96.8 101.7 105.1 106.4 107.3 105.2 103.7 103.7 103.4 101.5 101.6 102.9 105.4 106.9 108.4 109.6 108.8 108 107.1 104.6 103.6 107.3 112 118 120.8 122.9 126.8 130.7 134.1 136.5 138.3 141.1 145.1 146.7 156.1 161.9 167 171.6 175.7 181.9 187.4 194.3 198.7 203 207.8 212.9 218.6 220.9 225 227.2 228.9 231.8 234 237.5 240.1 243.5 247.1 249.9 252.3 254.4 255.9 256.4 255.3 253.3 251.4
110 107.1 100.8 94 88.1 84.3 79.9 65.7 58.3 65.5 66.5 68.3 72.8 78.7 86.8 94.6 100.7 105.5 108.6 108.5 108.4 107.3 107.3 107.4 105.3 104.1 105.9 107 109.1 111 112.2 111.3 110.4 109.4 108.3 106.1 104.6 109.9 115.4 120.4 122.7 125.9 129.8 133.5 136.7 139.1 140.8 144.3 148.6 150.8 157.3 164.7 171 175.5 179.8 186.6 191.5 196.4 201.3 206.5 212.3 217.8 222.5 225.6 227.7 229.1 230.3 232.3 234.6 238.2 242.3 246.4 249.7 251.6 253.4 253.3 252.7 252.9 251.4 249.9 249
106.1 101.4 94.5 87.6 81.9 77.2 75.5 64.4 58 63.6 66.3 69.3 75 82.8 91.9 99 104 107.9 110.3 111 110.5 111 111 110.3 108.3 107.7 109.9 110.9 112.3 114.3 114 113 111.9 110.7 109.4 107.9 107.2 111.5 117.5 121.5 125.1 128.8 132.5 136 138.4 141 144.2 148.3 151.2 152.8 160.5 166.9 173.1 178.1 183.6 187.4 192.4 198.1 202.7 208.8 214.5 219.9 224.2 227.9 229.8 231.4 233.3 234.6 235.8 238.8 242.9 246.3 247.7 249.4 250.2 249.8 249.2 248.8 248 247.3 246.5
103.1 96.8 88.2 79.3 72.2 69.6 67.6 62.2 57.9 64.2 66.8 70.3 77.1 85.7 95.1 102 106 109 111.2 112.4 113.5 114 113.9 113.1 111.5 111.4 113.4 114.4 114.8 116.3 115.6 114.5 113.4 112.1 110.9 110.1 109.5 112.9 118.3 123.5 128 131.2 134.4 135.9 138.1 140.6 146.1 151.5 154.6 157.9 162.6 168.5 173.8 178 182.7 190 194.3 197.2 202.4 209.6 215.7 221.2 225.8 229.3 230.6 232.8 234.9 239.2 238.6 238.7 241.3 244.3 245.5 247 246.6 246.2 245.8 245.3 244.9 244.6 244
99.3 92.1 82.2 73.1 68.2 67.6 63.9 60.8 57.9 64.3 66.2 70.8 78.8 88.7 96.7 102.6 106.7 109.5 112 114.1 116.3 117.1 117 116 115.2 115.4 116.6 118.2 117.8 118.6 117.3 116.1 114.8 112.9 111.7 112 111.7 114.4 119.2 125.6 130.9 132.6 134.1 135.3 138.5 142.9 152.9 155.1 158.1 161.9 163.4 169 174.4 178.2 183.9 190.5 195.5 199.5 203.4 210.7 217.4 222.3 227 230.4 230.9 232.2 234.8 239.1 240.9 238.6 239.3 242.2 243.7 243.5 243 242.5 242.2 241.8 241.6 241.5 240.9
96.3 87.3 75.8 68.4 69 69.9 65.4 60.5 60.2 63.7 66 72.2 80.8 90.9 98.7 104 106.5 109.9 112.8 115.1 116.8 118.7 119 118.2 119.1 119.7 120.8 122.6 122.1 121.3 119.2 117.5 115.6 113.7 112.6 112.6 113 116.9 122.1 128.3 131.6 132.9 133.8 136.7 139.8 146.8 153 154.4 159.4 163.2 165.4 166.8 174.4 179.3 185.1 190.5 194.4 200.2 205.7 212.1 219 224.1 228.5 230.8 230.5 231.4 232.7 235.7 238.3 237.5 237.2 239.2 240.7 240.2 239.6 238.9 238.9 238.9 238.7 238.5 237.8
92.8 83.1 72.8 67.6 66.6 69.6 61 57.1 62.8 63.5 66.9 74.9 82 91.5 99.2 103.6 106.2 110.2 112.7 114.6 116.5 118.9 120.3 122.5 123.2 123.7 125.3 126.6 125.9 124.1 121.8 119.5 117.3 115.6 113.8 112.1 114.4 119 124.8 128.2 130.8 133.9 135 138.1 142.9 149 152.4 154.6 158.7 163.5 167.6 168.5 175.2 181.7 188.6 194.4 199 202.8 208.3 212.5 219.9 224.1 229.5 231 230 230.3 230.4 232.9 235.8 235.9 235.1 236.1 236.8 236.4 236 235.9 236.2 236.2 236.1 235.4 234.7
86.5 80.4 73.1 68.6 67.2 66.1 66.5 57.1 62.2 62.5 67.6 75.1 80.5 91.3 97.9 102.2 105.7 109.5 111.9 113.7 117.4 120.8 123.7 127 127.2 126.6 127 127.4 127.5 126.4 124.1 121.8 120.6 119.4 117.8 116 117.6 122.5 125.9 128 130.7 133 135.5 139.5 146.6 148.8 151.7 155 158.2 162.8 167.5 169.2 176.8 186.7 193.8 198.9 203.4 206.9 209.7 214 221.2 225 229.4 231.5 230.2 228.9 229.3 231.3 233.2 234 232.6 232.4 233.2 233.1 232.8 233 233.3 233.6 233.1 232.4 231.6
82.1 78.1 74.2 69.3 67.3 66.1 65.7 65.3 56.7 62 68.7 76 81.6 90.3 96.4 100.4 104.7 108.9 111.7 115.4 119 122.1 124.2 126.4 127.6 126.6 127.4 128 128.3 128.3 127.8 127.1 126.6 126.2 125.6 123.9 119.1 122.5 127 129.8 130.5 132 135.6 140.6 147.9 148.8 152 155.1 158.1 162.3 166.9 170.6 180.9 189.8 195.7 201.6 205.9 211.1 213.6 217.6 222.6 226.2 229 230.8 230.4 229.7 229.5 230.1 230.6 231.8 230.2 230.6 229.6 229.7 229.8 230.1 230.5 230.7 230 229.3 228.5
84.3 80 74.4 68.2 66 65.8 65.3 64.6 56.3 60.9 72.3 77.8 82.6 90.4 95.6 99.9 104.3 108.7 112.5 117.7 121.3 121.8 123.5 125.3 126.9 125.6 127.3 128.3 129.4 131.1 132.2 131.5 130.1 128.8 126.6 122.3 122.6 126.8 129.1 130.4 131.8 134.3 135.2 141 146.5 149 151.1 154.3 157.7 162.2 166.9 172.3 184.9 191 197.6 203.7 208.2 213.3 216.9 219.7 223.1 227.2 228.8 230 229.2 228.9 228.9 229.5 229.6 228.5 229.9 228.9 227.6 226.4 226.9 227.3 227.4 227.2 226.7 226 225.3
83.5 79.6 74.8 67 65.3 65.4 65.5 61.6 60.8 61.9 74.4 79.7 87 90.8 95.1 99.4 103.8 108.2 112.3 116.2 119.4 121.8 123.5 125.2 124.8 124.8 127 128.1 129.2 130.9 132.3 131.1 130.1 128.9 126.5 124 123.8 130.5 132.1 133.9 135.8 137.5 137.3 142 144.8 147.7 150.3 153.4 156.9 161.5 165.8 177.5 187.8 192.5 199.4 204 209.4 214.1 218.1 221.2 223.4 226.4 228.2 228.1 227.4 227.6 227.8 228.6 228 226.9 228.3 228.5 225.7 224.4 223.6 224 223.9 223.8 223.4 222.8 222.6
80.3 78.8 74.2 66.7 64.7 65.3 60.6 60.1 56.1 69 77.2 82.2 86.7 90.4 94.4 98.9 103.3 107.3 111 114.3 117.7 120.3 122.6 124 122.9 124.4 126 127.6 129.1 130.6 130.5 130.1 129.4 128.7 126 122.4 128.7 134 135.5 136.2 137.8 138.7 139.6 141.3 143.1 145.7 148.6 151.8 155.6 160.9 169.4 181.4 188.7 192.8 197.1 204.1 210.9 214.5 218 221.8 224.1 226.2 227.2 226.1 226.1 226.1 226 226.9 226.5 225.8 224.5 226.7 223.3 222.1 221.3 220.6 220.5 220.3 220.3 220.1 219.9
80 75.1 71.6 65.9 63.9 64.4 59.6 56.1 63 73.4 79.5 82 87.1 90 94.4 98.7 102.5 106.3 109.7 113 116.2 118.8 121 121.8 122 124.4 126 127.9 129.2 130.5 130.3 130 129.3 128.1 126.6 124.5 128.9 133 135.9 138.2 139.7 139.8 140.1 141 142.9 144.7 146.6 150.1 154.6 161.4 174.3 183.7 189.5 193.4 199.1 205.8 211 214.7 217.9 221.5 222.9 224.4 225.5 224.1 224.1 224.5 223.3 224.2 224.9 222.9 220.8 222.4 221 219 218.1 217.3 217 217.1 217.1 216.9 216.7
81.1 79.2 73.8 65.5 63.4 62.4 56.1 62.5 69.8 73.5 79.1 83.1 87.9 91.6 94.6 98.1 101.6 105.2 108.4 111.6 114.4 117 118.9 120.5 122.5 124.3 126.3 128.2 129.5 130.4 130.6 129.9 128.7 127.5 126.2 126 129.3 133.8 136.7 139.1 141.2 141.5 140.6 141.4 142.7 144.4 146.1 150.4 157.8 165.9 177.1 185 189.4 192.9 199 205.4 210.7 214.7 217.2 220 221.9 221.4 223 222.2 222.1 222 220.7 222 221.1 220.2 217.8 218.9 217.9 216.5 213.4 214.4 213.7 214 213.9 213.8 213.7
79.4 78.3 71.3 64.3 62.8 60.9 56.1 69.4 73.1 78 81.5 85.2 89.5 92.1 94.4 97.4 100.4 103.6 106.8 110.1 112.8 115 117.2 118.3 120.1 123.1 126.4 127.5 128.6 129.5 129.9 129.5 128.1 127.3 127.2 127 130.1 134.6 138.6 139.8 140.4 141.9 141.9 142.4 143.9 144.2 150.6 156.5 163.7 172.3 179.5 182.9 186 193.8 202.6 209.3 212.8 215.6 216.8 217.9 219.3 219.3 219.9 220.4 220 218.9 219.4 218.7 218 217 215.5 214.6 214.6 213.5 212.4 211 210.5 210.6 211.3 211.2 211.2
77.7 74.6 66.7 62.6 61.6 56.1 60 72.9 76.8 80.4 84.3 87.7 89.7 91.1 93.3 95.9 98.8 102.1 105.3 108.5 111.2 113.4 115 116 118.3 121.8 125.1 126.3 127.2 127.3 128.2 128.5 127.1 126.6 126.5 127.7 130.1 134 137.6 138.1 139.9 141.2 142.1 146.1 148.3 148.4 154.8 159.3 165.2 173.7 177.9 180.8 186.6 198 207 214.7 213.7 214.7 215.6 215.7 215.8 216.4 216.7 217.6 216.7 216.3 216.4 215.5 214.8 214.1 213.3 211.4 211.5 210.3 209.1 208.8 207.8 207.7 209.3 208.9 208.8
76 73.1 66 60.3 60.2 58.3 70.4 74.6 78.7 80.7 82.9 86.5 88.9 93.5 95.3 95.6 97.5 100.7 103.7 107 109.5 111.1 112.7 113.5 115.8 119.7 123.1 124.3 124.3 124.5 125.9 126.9 126.4 125.5 125.5 127.5 129.8 132.7 135.6 138.1 139.2 140.4 141.9 147.1 148.8 151.2 157.4 160.9 166.3 172.4 176.1 178.6 186.4 197.7 204.8 208.4 210.5 211.7 213.5 213.5 213.2 213.8 214.1 214.3 213.2 215 213.8 213.1 211.7 211 210.9 210.6 209.3 207.8 206.6 205.4 205.5 204.5 206.7 207 206.5
73.7 69.9 63.8 57.8 55.3 70.3 76.6 77.7 82.8 86.4 88.3 89.4 90.3 95.1 99.2 98.9 98.7 98.9 103.4 106.7 107.7 108.9 110.4 111.8 114.2 118.2 121 121.4 121.4 122.1 124.2 125.6 125 124.3 125.3 127.7 130 133.9 138.2 138.8 138.6 139.8 141.6 144.6 146.2 152.2 156.4 158.3 165.7 169.9 173.8 177.6 187 197.1 201.4 204.5 208.2 209.9 212.2 212 211.6 211.1 211.4 211.8 211.9 215.5 212.7 210.8 209.2 208.1 207.8 207.2 206.8 205.4 203.7 202.3 202.4 202.1 203.9 205.1 204.6
72.4 72 57.8 58.8 69.6 75.9 79.5 82.6 86.4 89.2 91.8 93.2 94.3 96.9 100.6 101.7 101.9 102.4 104.7 106.5 107.4 108.4 108.3 110.8 113.6 116.9 119 119.3 119.6 120.6 122.7 123.8 123.2 122.7 126.2 128.7 130.3 133.7 137.3 138.4 138.3 139.9 141.2 144.3 146.8 149.3 154.5 158.9 160.5 163.5 171.1 174.1 183.6 194.9 198 201 205 207.7 209 209 209.6 208.8 209 209.4 210.2 212.5 210.1 208.3 206.4 205.4 204.6 203.9 203.3 202.5 200.4 200.4 200.7 201 202.2 203 202.9
71.9 66.6 54.4 64.7 75.6 79.6 83.5 86.1 89.3 91.9 92.6 93.4 96 99.1 102.2 103.8 104.7 105.6 106.2 106.7 107.7 107.5 110.3 112.2 114 116.1 117.6 117.9 118.4 119.4 120.7 121.5 121.5 122.2 126.4 128.6 130.2 132.8 135.4 137.2 136.3 139.9 140.9 143.2 145.7 150 157.3 160.5 162.7 168.2 172.1 179.8 181.1 186.9 192.6 196.4 200.1 204.1 205.9 206.9 207.3 207.5 207.2 207.2 207.8 208.6 207 205.1 203 202.2 201.5 201 200.8 200.2 198.4 198.4 198.6 198.9 199.2 199.8 199.8
69.7 64.4 58.3 68.8 79.2 84.2 86.4 89 92 92.6 93 94.8 97.8 100.9 103.9 105.7 106.9 107.3 107.3 107.3 108.2 108.6 112.6 115.5 115.2 115.7 115.8 116.1 117.2 118 118.4 119.2 119.8 121.7 124.8 128.1 129.7 131.7 133.7 136 135.9 137.6 139.9 142.3 145.8 152.5 157.8 159 164.3 169.7 175.7 183.6 187.8 187.6 188.3 188.4 194.8 200.5 202.1 206.5 205.4 206.5 205.7 204.9 205.3 205.1 204 202.2 200.8 199.8 198.3 198.1 198.7 197.8 196.8 196.8 196.9 195.3 196 197 197
62.1 59.3 61.5 75.6 83.4 86.4 88.7 91 92.3 93.4 94.2 96.2 99.4 102.3 104.7 107 108.4 108.4 107.7 107.1 107.4 109.9 113.2 114.6 114.9 113.8 113.8 115 115.8 116.5 116.5 117.2 118.7 120.7 123.6 127.8 128.5 130.7 132.6 133.8 133.5 136 137.5 142 146.5 152.3 154.5 157.3 162.6 167.1 175.3 184.5 186.6 188.9 190 191.4 192.4 196.1 199.3 206.1 204.2 204.5 204.6 204.2 203 201.7 202.3 200.9 199.1 197.6 196.4 196 197 196.4 195.2 195.6 196.8 196.4 194.9 195.7 195.7
