app/static/ascii/NY48.asc
ncols 200
nrows 200
xllcorner 340000
yllcorner 580000
cellsize 50
[rows 105 to 139 of 200, columns 0 to 77 of 200]
155.6 156.4 158.4 158.8 159.4 160.9 163.3 167.1 171.6 175.2 183.6 186.8 196.5 202.7 207.3 211.4 212.3 217.6 224.7 231.3 236.3 241.3 245.1 249.3 252.4 254.4 255.2 254.6 254.7 258.8 260.2 263.9 268.1 272.7 278.6 284.1 289.9 295.6 300.7 303.1 308.4 310.9 313.5 317.1 321.4 325.9 328.5 331.3 334.5 337.4 338.1 336.9 337.1 337.6 337.3 338.8 339.8 340 339.6 337.8 332.1 325.4 318.3 310.4 302.7 294 288.3 281.4 274.8 267.7 260.2 252.8 246.3 237.6 235.3 232.1 228.3 222
156.7 157.1 158 158.5 159.7 162 165 170 176 182.9 183.3 193.1 199.3 204.2 208 210.9 212.2 220.9 227.7 233.5 238.1 242.1 246 249.7 252.1 253.7 254.2 251.4 256.6 259.5 261.8 264.2 268.4 273.8 279 284.5 290.9 296 300 303.4 306.8 309.1 312.6 315.9 319.7 322.9 326.1 328.7 332.2 334.8 336.1 334.8 334.8 335.5 335.8 336.2 337.5 338.2 337.7 336.4 332.4 325.7 318.7 311 303.8 296.9 290.7 284.5 278 271.6 263.7 255.3 248.6 243.6 237.9 233.5 228.2 223.8
157.3 157.4 157.2 158.6 160.3 163.8 166.6 172.5 179 184.4 187.8 193.3 196.4 203.4 207.9 210.4 218 224 230.4 235.4 239.4 242.9 246.7 249.2 251.5 252.7 252.4 250.7 256.5 258.5 260.7 264.7 269.1 274.2 279.4 285.6 291 296.1 299.8 303.1 305.9 308.7 311.9 315.7 318.8 320.8 323 326.3 329.9 332.4 333 332.4 332.2 332.7 333.2 334.5 335.4 337 336.9 334.9 331.8 325.9 318.8 312.4 305.7 299.2 292.2 285.4 278.3 270.4 263.7 260 253.6 247.1 239.4 233.3 228 222.4
157 157.1 155.9 158.2 161.1 164.5 168.9 173.9 179.6 183.3 191.6 197.9 201.9 205.1 209.9 215.8 221.5 227.6 232.9 236.5 240 243.6 246.3 248.5 250.5 251.4 246.8 250.6 254.5 257.6 261.3 265.5 269.8 274.8 279.6 286.2 291.5 295.7 299.2 302 304.9 307.8 311.7 315 317.2 319.1 321.6 324.4 327.1 329.2 329.7 330.1 329.7 330.1 330.5 332.1 334.2 335.4 335.2 333.3 330.8 326.2 319.2 313 306.9 301 294.7 288.4 281.1 274.7 267.5 261.2 254.7 247.2 239.9 233 226.5 220.4
156.4 154.8 154.9 158.6 163.4 167.8 171.8 175.9 183 189.2 194.7 199.6 203.5 209.4 214.5 219.3 224.5 230.6 234.3 237.2 240.6 243.8 245.8 247.8 249.2 248 249.1 253.8 255.4 259.2 263.1 266.5 270.7 275.5 279.9 286 290.9 295.5 298.8 301.5 303.9 307.4 311 312.8 315.4 317.6 319.8 321.7 323.6 325.2 326.2 326.7 326.7 327.2 329.2 330.9 332.8 333.5 333.3 331.4 329 325.4 319.3 313.1 307.4 301.8 295.8 289.6 283.3 276.5 269.7 261.6 255 247.5 240.3 233.2 226.2 217.8
154.1 152.4 155.3 161.4 165.6 170 174 179.1 186 191.7 196.7 200.8 206 211.7 216.7 221.6 227.4 231.8 235.1 238.2 241 243.3 245.2 246.7 248 245.5 248.2 252.8 256.7 261 264.7 268 272.2 276.8 281.7 287.8 291.9 296 298.9 301.5 304 307.9 310.5 312.5 314.2 315.7 317.3 319 320.1 321.3 322.6 323.2 324 325.1 327.2 329.1 330.8 331.3 331.3 329.5 327.5 324.4 319 312.9 307.2 301.7 296.3 290.3 284 277.6 270.7 263.4 255.7 248 241.3 234.5 227.4 217.5
150.2 152.2 155.9 161.6 167.3 171.9 177.2 182.8 189.2 194.4 198.2 203.3 208.8 213.7 218.8 223.8 228.9 232.5 235.6 238.3 240.8 242.8 244.2 245.6 243.2 244.7 249.9 254.2 257.9 262.1 265.9 269.4 273.6 278.2 283.4 288.6 292.8 296.9 299.6 302.6 305.3 308.2 310 311.7 312.8 313.8 315 316.5 317.4 318.3 319.5 320.4 321.3 322.6 324.9 327 327.9 328.3 328.4 327.1 325.8 323 318.1 312.6 307 301.5 296.2 290.8 284.5 278 271 263.6 256.7 250 243 234.1 224 233.3
148 155.3 160.3 165.5 169.9 174.6 180.2 186.4 192.2 196.9 201.4 206.9 211.3 216 220.6 225.6 229.2 232.8 235.7 238.2 240.3 241.4 243.1 241.8 240.4 249 253 255.9 259.6 263.3 267 270.8 275.4 280.2 285.3 289.6 293.7 297.7 300.8 303.5 306.1 308.3 310 310.7 311.2 312.2 313 313.9 314.6 315.3 316.6 317.7 318.8 319.9 322.2 324.4 325.6 326.1 326.1 325.1 323.8 321.7 316.5 310.6 305.6 300.2 296.1 290.6 284.4 277.9 271.7 264.2 258.2 251.6 238 232.8 240.3 241.1
153.6 158 165 168.9 172.6 178.2 183.3 188.9 193.6 198.3 204.3 209.6 214 217.7 222.4 227.5 229 232.9 235.5 237.2 239.2 239.4 237.2 236.7 243.2 250.1 253.5 257 260.8 265 268.9 272.7 277.1 282 286.6 290.6 294.7 298.6 301.8 304.1 306.8 308.6 309.6 310 310 310 310.5 311.2 311.3 311.9 313.2 314.5 315.6 316.9 319.5 321.6 323 324 324.1 323.1 322 319.3 314.6 309 302.4 299.2 293.2 288.8 282.8 276.3 270.6 265.4 257.2 248.1 243.6 247.6 248.2 248.4
158.2 163.5 167.2 171.2 176 181.5 187.7 192.8 197.3 202.1 207.4 212 215.7 219.5 224 226.6 229.7 232.9 234.8 236.3 237.5 236 237.2 240.4 245.5 250.6 254.6 258.6 262.7 266.9 270.9 274.7 278.7 283.6 287.6 291.7 296.2 299.6 301.7 304.7 307.2 308.8 309.8 309.2 307.9 307.6 307.9 308.5 308.2 308.4 309.6 310.7 311.5 312.8 315.5 317.5 320.3 321.6 321.3 320 318.6 316.7 312.7 308.4 303.2 300 295.6 290.5 284.2 278 272.4 265.6 254.3 243 255.7 256.5 257.7 260.6
162.7 167.5 173.6 177.3 181.4 186.1 191 195.9 200.8 204.9 210.2 213.6 217.1 221.6 223.9 226.8 229.6 231.7 233.8 235 232.5 234.4 239.1 242.8 247.9 253 256.9 260.6 264.6 268.8 272.8 276.7 280.6 284.8 289.3 293.7 297.6 300.4 302.9 305.6 307.6 309 309.5 307.9 306.2 305.1 305.2 305.3 304.5 304.2 305.6 306.7 307.1 307.9 310 313.6 316.5 317.9 317.5 316.3 315 313.7 310.3 306.7 303.3 299.4 295 288.7 283.5 278.3 272.8 263.3 263.2 263.4 264 265.5 268 266.5
167.9 173.3 179.3 182.8 186.9 190.9 195 199.3 203.9 208.9 213 215.3 218.9 222.1 223.5 226.6 229.2 230.1 231.2 229.2 231.9 237.5 242 246.5 251 255.6 259.5 263.2 266.8 270.8 274.9 278.9 282.8 287 291.4 295.6 298.8 301.5 304.2 306.3 308.2 309.6 309 307.8 305.6 303.4 302.4 302 300.9 300.5 301.7 302.5 303.1 304.9 307.3 310.4 312.3 313.5 313.1 312.7 311.3 309.8 307.6 304.6 301.4 298.5 293.5 288.7 282 269 269.4 266.4 270.5 272.2 273.7 274.4 275.4 272.8
175.4 178.7 183.6 187 190.7 194.5 198.4 203.1 208.1 212.3 214.9 217.3 220.4 221.6 223.4 225.9 226.7 223.6 224.7 233.2 238.6 241.7 245.7 250.2 254.4 258.4 262.2 265.8 269.4 273.2 277.3 281.2 285.1 289.2 293.6 296.9 299.8 302.7 305.3 307.2 308.8 309.1 308.5 307.2 305 302.4 300.6 299.6 298.1 296.5 297.2 298.1 299 301.7 304.5 307.4 309.5 311.1 310.6 309.4 308.4 306.9 305.1 302 299.2 296.5 292.4 287.3 277.7 281.4 277.9 277.1 278.1 280 280.1 280.9 281.3 278.6
181 185.1 187.6 190.6 194.2 198 202.1 206.2 210.7 214.1 216.7 219.2 220.5 220.6 222.7 221.4 223.2 229.2 235.7 240.1 243.2 246.3 249.5 253.4 257.5 261.4 264.8 268.4 271.9 275.5 279.6 283.5 287.4 291.4 295 298.1 301 303.9 306.4 308.2 309.4 309 308.1 306.4 304.2 301.5 298.5 296.9 295.5 293.7 293 293.3 294.4 298.4 301.8 304.8 307.2 309 309.3 307.6 306.3 304.7 302.8 300.1 297.4 294.6 290.8 284.2 286.7 286 284.5 284.8 285.6 285.8 285.3 285.9 285.9 283.3
183.5 188.3 192.2 194.2 197.9 202.3 206.7 209.4 212.5 214.6 218.1 219.1 218.9 219.8 219.5 223.2 226.2 232.1 237.9 242.3 245.6 249 252.5 256.5 260.6 264.2 267.5 271 274.4 277.9 281.9 285.8 289.7 293.3 296.6 299.6 302.5 305.3 307.6 309.1 310 309.5 307.7 305.7 302.8 299.8 296.4 293.9 292.3 290.9 290.4 289.1 292 295.7 299.2 302.2 304.7 307.2 308.1 307.2 305.9 304.9 302.9 300.3 297.4 294.5 291.7 292.4 292 291.1 292.1 292.6 292.8 291.5 290.6 289.6 289.1 287.3
188.6 194.2 196.9 199.6 203.3 206.5 209.2 211.1 212.9 215.9 217 218.1 215.9 215.9 221 224.7 228.1 233.9 239.9 244.7 248.3 252.1 255.5 259.6 263.6 267 270.3 273.7 276.8 280.2 284.1 288 292 295.1 298.2 301.1 303.9 306.8 308.9 310 310.5 310.1 307.5 304.5 301.1 297.7 294.3 290.5 288.7 287.6 286.8 287.6 289.7 293 296.5 299.7 302.4 305.2 306.2 306.3 305.4 304.5 301.9 300 298.2 296 295.7 295.9 295.7 297.1 297.9 299.1 299.7 297.2 293.8 293.3 294.4 294.4
192 196.8 200.4 204.4 206.3 208 210.4 212.4 213.7 214.8 215.5 216.2 214.2 219.5 222.9 227 231 236 241.9 247.1 251 254.8 258.6 262.7 266.4 269.7 272.9 275.9 279.2 282.4 286.3 290.2 293.8 296.9 299.9 302.9 305.5 308.2 309.7 310.3 311 310.4 307.9 303.9 299 295 291.3 287.7 284.4 283 280.7 283 286.9 290.2 293.3 296.2 299.3 302.3 303.6 304.6 304.9 302.9 301.6 300.2 299 298.3 298.4 299.3 299.5 301.5 303.7 304.7 305.6 304.1 301 300.8 302.8 303.7
193.7 198.6 202.3 205.4 207.7 209.5 211.5 212.1 213.1 213.3 212 212.3 216.3 221.4 225.5 229.5 233.6 238.4 244.1 249.3 253.2 257.1 261.3 265.4 268.9 272.2 275.1 278.2 281.5 284.8 288.5 291.9 295.2 298.5 301.7 304.7 307.5 308.7 309.5 309.8 310 309.4 307.4 303.3 297.7 292.8 288.4 283.4 280.3 277.7 276 278.8 283.9 286.8 289.5 292.4 295.3 298.3 300.7 301.5 302.5 302.3 301.1 300 299.7 299.3 299.5 300.5 302.5 305.1 309.1 310.2 310.9 310.5 308.5 307.9 309.5 309.7
195.9 199.6 202.6 205.7 206.5 209 210.6 210.9 211.4 208.8 211.1 214.9 218.9 223.3 227.3 231.4 235.5 240.2 246 251.4 255.2 259.4 263.8 267.8 271.1 274.2 277.3 280.4 283.5 286.6 290 293.2 296.5 299.9 303.2 306.5 307.9 308.2 307.9 307 306.3 305.2 303.2 300.3 295.4 290.3 285.2 281.8 277.7 273.1 271.3 275.4 280.2 282.9 285.8 288.6 291.4 294.2 296.6 297.9 298.6 298.6 298.4 298 297.8 298.1 298.8 300.9 304.5 309.2 313.7 315.1 315.5 313.9 312.1 311.5 311.9 311
197.5 200.1 202 203.9 205 207.4 208.3 208.1 205.1 211.5 214 217 221.2 225.2 229.1 233.2 237.4 242.1 247.7 252.3 257.1 261.7 266.4 269.9 272.9 275.8 278.8 282 285.1 288.3 291.4 294.6 297.9 301.2 304.4 306.8 306.8 305.8 304.6 303.5 302.5 300.6 298.1 295.2 291.8 287.7 283.3 278.3 274.4 271 264.7 272.4 277 279.2 281.7 284.6 287.4 289.8 292 293.6 294.4 294.9 294.7 294.7 295.7 296.3 298.4 301.8 305.5 311.2 316.3 317.1 317.4 315.6 314.4 313.5 311.2 309
197.7 199.2 201.2 202 203.4 205.3 203.6 203.9 209.5 212.4 215.3 219.1 223.1 227.1 231 235 239.4 244.1 248.7 253.6 258.5 263.2 268.2 271.2 274.2 277.1 280.2 283.4 286.6 289.8 292.9 296 299.1 302.2 304.5 305.5 304 302.7 301.3 300.2 298.3 296.3 294 291.1 287.2 283.7 278.8 273.6 270.9 267 262.6 269.3 273.4 275.6 278 280.8 283.4 285.6 287.9 289.3 290 290.7 291.3 291.5 292.2 293.7 297.6 301.3 305 309.9 315.2 317.2 315.7 313.7 312.1 310 308.4 306.3
196.5 197.8 199.5 200.2 202 201.3 201.2 206.5 209.6 212.7 216.3 220.4 224.6 228.6 232.7 236.8 240.8 245 249.7 254.9 259.8 264.8 269.7 272.8 275.5 278.5 281.6 284.8 288.1 290.9 293.5 296.2 299.4 302.4 303.6 302.7 300.9 299.4 298 296.2 294.3 292.5 290.2 287 283.6 279.6 274.5 269.4 265.9 263.5 260 266.2 269.7 272.5 274.9 277.3 279.5 281.6 283.8 285.1 285.9 286.6 287.4 288.1 288.7 292.2 296.4 300.5 304.3 308.1 312.6 313.4 311 308.6 306.6 304.5 303.2 302.8
195.5 196.7 197.2 198.2 199.3 195.8 202.8 206 210.1 213.8 217 221.1 225.9 230.1 234.2 238.1 241.7 246 250.7 255.9 260.9 265.9 270.8 274.8 277.2 279.8 283 286.3 289.4 291.6 293.9 296.2 299 301.4 301.7 299.7 297.9 295.8 294.4 292.6 290.4 288.5 286.1 283.3 280.3 275.9 271.3 266.9 263.1 259.8 256.9 263.3 267.1 270.1 272.6 275 276.5 278.2 279.7 280.9 281.7 282.5 283.3 284.1 286.3 290.1 294 297.9 300.7 304 306.9 306.7 305.7 303.5 301.2 299 297.8 297.2
193.6 194.1 194.6 196.2 194.6 197.3 201.6 204.9 209.1 213.3 217 221.3 226.4 231.2 235.2 238.8 242.3 246.5 251.2 256.2 261.3 266.6 271.5 275.6 278.5 280.9 284.4 287.7 290 292.3 294.2 295.7 297.4 299.1 298.3 297 294.9 292.7 290.8 289.1 286.9 284.7 282.6 280.4 277.6 273.3 268.5 264.8 261.2 255 254.7 260.4 264.1 267.6 270.5 272.6 273.9 275.5 276.6 277.5 278.2 278.9 279.4 280.9 284.2 287.8 291.6 294.8 297.2 299.1 300.8 300.5 299.9 297.9 295.7 293.6 291.9 291.4
191 191.5 192.1 193.7 191.1 194.1 198.9 204.2 209 213.1 217 221.3 226 231 234.6 238.3 242.2 246.6 251.2 256.4 261.7 266.5 271.1 275 278.5 281.3 284.4 287.3 289.8 292.1 293.6 295.1 296.5 296.8 295.7 293.9 291.6 289.5 287.5 285.6 283.5 281.8 280.1 278.1 275.1 270.8 266.5 263 259 255.4 251.2 257.6 261.5 264.8 267.8 270.2 271.4 272.6 273.6 274.6 275 275.5 276 278.8 282.2 285.6 288.8 291.8 293.3 294 294.4 294.3 293.7 292.4 290.2 288.1 286 285.8
188.5 189.1 190.1 190.9 186.3 193.3 199.2 204.5 209.1 213.2 217 221.2 225.3 229.8 233.9 237.4 241.3 245.7 250.4 255.8 260.3 264.8 269.6 273.4 277.2 280.6 283.9 287 289.5 291.6 292.8 294 295.1 294.3 292.5 290.7 288.1 286.1 284 281.9 280.2 278.6 277.3 275.6 272.9 269.3 264.9 261.4 257.8 253.1 248.5 255.1 259.3 262.6 265.4 267.8 268.8 269.7 270.7 271.6 272 272.3 273.6 276.2 279.5 281.9 285.7 288 288.7 289.3 288.7 288.2 288.2 288 286.4 285.1 283.1 281.7
186.3 186.8 188.1 185.4 183.6 195.4 200 204.3 208.8 212.3 216.1 220.3 224.5 228.4 232.4 236 239.9 244.5 249.2 253.9 258.5 263 267.1 271 274.7 278.1 281.1 283.7 286.8 290.3 291.5 291.2 290.8 290.5 289.3 287.5 284.6 282.3 280 278.1 276.4 274.5 273 271.8 269.6 266.6 263.4 259.6 256.1 251.2 245.3 252 257 260.3 263 265 265.9 266.8 267.8 268.2 268.5 268.8 270.3 273.5 275.9 278.3 281.4 283.8 284 284.7 284.8 285.4 286 286.8 285.6 284.5 282.4 280.1
184.2 184.6 181.6 181.2 189.9 195.4 199.5 203.9 208.1 211.4 215.2 219.5 223.2 226.9 230.9 234.5 238.4 242.9 247.5 251.8 255.7 259.8 263.7 267.2 270.5 273.5 277.1 280.3 283.2 285.9 287.5 286.8 285.8 285.8 285.9 284.1 280.1 278.1 276.1 274.2 272.5 270.6 269.1 267.2 265.6 262.7 259.7 256.2 253.4 248.8 241.2 248.3 254 257.4 260.1 261.7 262.8 263.8 264.5 264.9 265.1 264.9 268 270.5 272.9 275 276.7 278.3 279.7 280.9 282.5 284.1 285.6 286.2 285.3 284.4 282.1 280.6
181.5 176.1 181.3 189 192 195.3 199.5 203.3 207.5 210.6 214.3 218.2 221.9 225.6 229.3 232.8 236.7 241.2 245.7 249.7 253 256.6 260.2 263.2 266.3 269.2 271.9 274.8 277.3 279.9 281.5 281.3 280.6 280.2 280.3 278.7 276 273.3 271.9 270.5 268.7 267 265.6 263.8 261.8 259.2 256.2 253.1 250.1 246.9 239.5 246 251.2 254.8 257.4 258.5 259.5 260.5 261.2 261.6 259.9 262.3 265.4 267.6 270 271.7 273.4 275.7 277.9 279.9 282.4 284.4 285.6 285.8 285.2 284.3 282.5 280.7
171.5 181.7 189.1 190.6 193 196.5 199.9 203.5 206.9 210.1 213.2 216.9 220.5 224 227.5 231.1 235.1 239.5 244 247.7 251.1 254.2 257.2 260.4 262.5 264.7 266.7 269.2 271.4 273 274.5 274.7 274.3 274.4 274 272.8 271.1 268.7 268.1 266.7 265 263.5 262 260.4 258.3 256.1 252.9 249.5 246.4 243.5 235.6 244 248.2 250.4 253.5 255 256.2 257.2 257.9 258.3 255.5 259.3 262.6 264.7 267.2 269.4 273 276.4 278.5 281.1 283.7 285.3 286.1 285.8 285.1 284 282.3 280.4
178.2 183.6 188.1 190.2 193 196.1 199.4 202.8 206.1 208.9 212.1 215.4 218.7 222.1 225.7 229.4 233.4 237.9 242 245.8 249.2 252.5 255.4 258.2 260.5 262.4 263.7 265 266.1 267.8 268.9 268.9 268.8 268.8 268.4 267.4 266.6 264.7 263.9 263 261.5 259.9 258.4 257.1 254.9 252.7 249.8 246.4 242.8 239.6 234.3 241.6 244.4 246 249.5 251.5 252.9 254 254.6 254 253 256.5 259.7 263.7 267.4 270.8 274.3 278.4 280.5 282.3 285 286.2 286.2 285.6 284.7 283.3 281.7 279.9
180.1 183.7 187.9 190 192.9 195.6 198.6 201.9 205.2 208 210.9 213.9 217.2 220.5 223.8 227.4 231.7 236 240.2 244.6 247.7 250.8 254 256.6 259 260.5 261.6 262.5 262.9 262.9 263.6 263.5 263.4 263.4 263.5 263.2 262.5 261.3 259.8 259.5 258.7 256.7 255.1 253.8 252 248.8 246.3 243.1 239.3 235.6 233 239.5 241.3 242.9 246.1 248.5 250.1 250.9 251.4 248.7 251.3 255.7 260.2 264.3 267.8 271.3 275.3 279.5 281.6 283.3 285.2 286 285.7 285.1 284.2 282.6 281 278.7
182 183.4 187.2 189.9 192.4 194.8 197.7 200.8 204.2 206.5 209.2 212.3 215.6 218.8 222.2 225.2 230.4 235.2 239.6 244 246.9 249.7 252.6 255.1 257.4 258.7 259.6 259.8 259.8 259.2 259.2 259 259.3 259.6 259.8 259.4 258.8 258.1 256.5 255.9 255.2 253.6 251.2 250.2 248.8 245.5 242 239.2 236.2 231.5 232.6 237.6 238.6 239.9 243 245.9 247.6 247.9 247 244.7 251.8 256.7 260.5 264.1 267.6 271 275.3 279.1 281.3 283 284.9 285.5 285.2 284.7 283.1 281.7 280 277.4
182 183.4 187.1 189.8 192.2 194.5 196.9 199.6 202 204.5 207.4 210.4 213.8 217.3 220.9 225.1 229.9 234.7 239 243.4 246.4 249.1 251.5 253.7 255.5 256.8 256.9 257.1 256.3 255.4 254.8 254.9 255.7 256.2 256.7 257 256.2 255.2 252.7 252.9 252.2 250.2 248 246 245.1 242.1 238.8 235.4 232.9 228.4 231.8 235.1 236.3 237.6 239.6 243 244.5 244.3 240.5 245.7 251.6 255.8 259.5 263.1 266.8 270.4 274.1 277.7 280 282.6 284.5 285 284.7 283.7 281.9 280.4 278.5 276.1
181.9 183.4 187.4 189.9 192.1 194 196.1 197.4 199.5 202.3 205.3 208.4 212.4 216.7 221.1 225.3 229.5 234.2 238.5 242.7 245.9 248.3 250.5 252.7 254.3 254.7 254.8 254.4 253 252 251.5 250.7 252.1 253 253.6 254.1 253.9 253 252.1 249.5 248.2 245.7 244.3 242 240.6 238.5 235.2 231.7 228.8 224 229.8 232.9 234.1 235.5 235.9 238.1 240.1 239.1 239.5 245.6 250.2 254.5 258.5 262.1 265.7 269 272.6 276.1 278.7 281.2 284.1 285 284.1 282.3 280.6 278.6 276.6 273
