app/static/ascii/NY49.asc
ncols 200
nrows 200
xllcorner 340000
yllcorner 590000
cellsize 50
[rows 35 to 69 of 200, columns 0 to 77 of 200]
392.9 393.6 381.6 362.1 357.9 348.3 328.5 301.7 304.1 326 345.1 360.2 372.9 376.9 402.4 424.7 440.7 455.2 470.3 481.7 487.3 490.9 490.3 487.8 484.6 479 471.5 460 441.9 423.2 425.7 430.9 434.7 435.5 432.7 420.3 402.9 392.1 387.4 382.5 380.6 382 380.2 373.1 362.8 344 322.5 303.1 291.4 281.6 274.8 266.6 258.3 266.6 277.9 289.9 301.3 310.8 317.3 320.5 322.6 328.9 342.6 353.8 362.5 364.3 363.7 362.6 361 358.4 355.3 351.7 345.3 338.3 330.8 321.7 314.2 309
386.2 378 361.5 353.8 346.7 333.1 304.5 285 313.6 338.3 361.7 382.6 397.7 406.7 419.5 433.5 447.8 459.3 466.4 469.5 471 471.5 468.6 466.8 465.5 461.4 454.9 445.6 429.2 402.8 400.7 406.7 412.9 415.7 414.9 402.6 387.1 374.8 368.7 366.5 368.4 375.3 378 373 365.3 350.2 331.4 311.8 295.9 284.6 276.5 270.4 263.6 260 273.4 286.2 295.7 303.3 307.4 305.4 314.5 326.7 335.8 345.5 355.3 359.4 359.3 358.6 357.3 355.6 352.8 348.9 345.2 336.7 329.9 322.7 313.1 304
376.8 358.9 348.9 345 333.2 309.2 287.9 298.1 324.7 351.6 378.2 401.7 418.4 429.9 440 450.7 460.5 460.5 452.5 447.6 447.8 446.5 445.8 445.8 445.7 444 439.4 431.4 418.7 397.9 375.2 381.4 390.9 395.6 394.7 383.2 370.4 361 352.8 351.6 358.1 370.4 375.8 371.4 364.7 354.8 341.1 321.3 302.1 288 278.3 271.8 265.2 255 270.4 281.9 289.8 294.4 295.6 295.5 308.5 319 328.2 337.5 347.7 353.8 354.7 354.5 354.2 352.8 350.3 346.9 342.2 335.5 329.8 323.5 314 305
358.2 346.9 340.8 331 313.6 289.5 280.4 308.4 336.9 366 394.1 417.4 435.5 449.6 461.3 468.7 466.6 451.5 433.4 420.7 419.8 420.2 421 423.6 425.5 425.8 422.4 416.4 406.5 391.9 370 358.5 368.2 373.5 373.1 363.3 353.3 347.1 340.2 340.2 351.4 365.8 371.4 367.4 362.2 355.2 345.8 329.8 308.9 292.7 280.8 273.4 266.9 253.7 267.1 276.6 281.1 282.3 280.7 290.2 299.9 310.1 319.3 329.7 341.1 347.7 349.9 351 351.4 350.8 348.8 345.8 340 333.6 327.1 321.2 315.2 306.5
343.5 340.1 330 314.9 290.6 275.7 292.3 320.6 350.6 379.7 407.6 429.7 449.8 464.6 477.3 481.2 462.2 438.8 417 394.8 389.5 389.9 394.7 401.5 406 406.3 404.6 400.2 391.9 380 362.1 338.6 346.4 351.1 353.3 346.6 339.5 333.8 327.9 332.1 347.5 359.1 364.1 361.7 357.4 351.9 344 330.2 312.2 295.6 283.1 274 267.8 259.2 259.7 267.6 269.1 270.2 267.9 281.1 290.3 300.3 309.5 320.7 333.7 340.7 344.5 346.7 348.7 348.7 347.3 342.6 336.5 331.2 325.5 319.1 313.4 307.3
336.5 327.3 313 289 272.1 280.5 307.1 334.8 364.2 392.6 418.4 440.9 460 474.3 486.8 482.8 456.3 428.6 404.1 379.5 360.9 360.3 366.9 379.9 387.9 387.8 387.5 383.1 375.2 364.5 350.8 334.1 327.3 332.4 335.5 331.5 325.7 320.8 316.9 329 345 353.7 355.9 353.7 351.4 347.6 339.9 328.2 312.8 295.9 282.3 273.9 267.7 261.4 249.4 258.8 256.7 257.3 262.5 269.7 278.3 286.7 294.1 306.9 318.7 330.5 337.7 342.5 345.5 345.9 342.5 336.8 331.7 327.6 322.5 317.5 312.3 306.5
324.2 310.5 289.2 266.3 276.1 299.5 324.8 351.7 378.9 404.6 428.3 450 466.7 480 482.7 474 452.2 425 397.6 371.4 344.8 333.7 341.5 358.9 370.4 371.4 369.9 365 358.3 347.9 336.4 321.8 306.4 316.8 320.8 317.5 311.9 306.4 312.5 328.9 341.9 346 345.9 343.9 342.9 341.6 336.8 326.8 311.7 295.2 280.8 272.7 266.4 260.2 249.9 251.8 258.3 268.6 272.7 272.6 268.3 273.9 278.7 285.8 296.1 311.6 327.6 337.5 339.8 339.6 334.9 329 324.9 321.7 318.6 313.9 310.3 305.5
309.1 289.8 261.2 269.4 293.2 316.1 340.5 367.2 392.2 416.5 439.6 459.1 471.4 472.9 465.9 458.6 444.6 426.1 399.2 371.3 343.3 315.6 320.3 337.5 351.7 355.5 352.4 348 341 332.3 321.4 308.2 296.2 303.9 308 303.8 297.9 293.4 313.4 328.1 335.8 336.9 334.7 333 333.1 335.3 331.3 322.4 309.3 293.4 278.7 270.2 263.8 257.7 245.8 254.5 268.9 280.3 286.7 287.4 280.5 275.8 274.6 273 282.4 293.1 309 317.7 323.7 326.4 323.3 317.8 312.1 311.2 312.2 310.4 308.5 305.1
294 263.4 258.3 282 306.7 330.4 355.2 381.3 406.3 428.7 452.1 469.9 468.6 456.2 445.6 440.7 433.9 420.8 398.3 371.1 343 314.8 302.2 317.2 333.2 340.3 336.8 331.9 325.3 317.6 307.4 295.5 284.5 294.8 296.9 289.4 277.6 297.1 312 323.5 328.4 327 323.2 320.5 324.1 327.2 324.2 316.7 305.6 290.4 276.5 267.6 260.4 252.8 242.9 262.7 276 287.6 295 296.8 294.4 294.4 297.1 294.1 286.4 279.6 287.2 293.3 299.4 304.5 304.9 300 296 302.7 308.2 310.7 310.9 308.9
275.3 242 264.6 290.3 316.5 342.9 368.8 394.2 419.4 440.7 459.4 468.6 455.4 436.4 422.9 419.3 418.9 410 394.1 370.5 342.9 314.3 285.6 299 316.1 324.8 322 317.2 311.6 305.8 296.9 283.8 276.2 286.2 284.8 272.9 278 294.1 306.8 316.8 319.8 316.8 311.7 309.7 313.3 316.6 314.7 309 301.2 287.3 273.5 263.7 254.1 245.1 250.9 266.8 279.3 292.9 304.7 307.1 306.9 309.7 314.4 314 306 296.4 289.1 285.1 285.6 288.4 292.7 301 310 313.4 314.7 315.9 315.4 313.1
255.7 242.9 267.2 293.9 323.5 351.8 378.6 405.2 429.2 448.6 462 457.8 438.8 416.5 397.2 398.7 403.9 400 387.6 370.8 344.8 315.7 287.7 281.4 298.8 307.4 306.5 302.2 299.1 294.3 287.8 272.2 270.3 274.8 272.1 259.2 267.9 286.9 299.2 307.1 309.6 306.3 299.9 298.6 302 304.5 304.3 300.7 294.9 282.7 268.1 254.6 244.3 240 255.9 268.6 280.6 295.7 310.1 312.8 313.3 316.4 320.2 321.4 319.8 314.1 309.7 306.4 305.5 306.9 311.2 316.2 318.8 320.3 321 321.6 320.5 316.9
243.7 242.1 268.8 298.2 329.4 359.2 386.9 413.1 437.5 453.5 456.5 443.2 421.9 397.7 371.9 376.5 388 391.8 383.5 369.5 347.8 318.2 288.6 262.1 279.5 288.9 289.2 288.5 286.3 282.2 274.9 259.1 255.3 260.9 258.3 247.1 260.9 279.1 288.3 295.7 297.6 295.2 288 287 290.1 291.6 291.8 290.2 285.2 275.5 261 244.8 238.7 249.5 260.2 271.3 282.5 295.7 307 311.3 314.1 317.4 321.1 323.2 323.6 322.8 323.5 323.9 324 324.5 326.2 326.3 326.6 328.2 329.1 328 325 320.1
231.1 245.8 273.5 304.3 335.6 366.5 394.1 420.6 444 454.9 445.9 427.7 404.8 380.1 355.2 355.1 373.2 384.1 379.2 366.4 348.9 323.9 293.3 264.5 260 269.9 272.7 273.2 270.6 265.2 258.2 246.8 238 239.7 238.7 231 253.8 262.8 270.6 280.6 283.8 281.7 275 272.9 275 276.4 277.3 275.8 272.4 265.1 249.9 234.4 244.3 253.9 263.1 273.4 283.9 294.1 302.1 307.7 311.9 316.7 321.1 323.7 325.4 327.8 329.1 330.8 330.8 332.5 334.5 334.5 334.9 335.3 334.5 332.5 328.6 324
225.2 252.8 281.4 312.7 344 374.3 400.5 426 446.6 448.3 433.8 412.5 389.4 364.5 340.4 336.8 357.1 369.1 368 359 344.1 325 298.9 268.1 245.9 255.1 259 257.1 253.9 248.4 241 230.7 219.8 218 217.7 230.9 235.2 239.3 247.3 258.1 264.3 264.6 261.7 256 255.4 255.9 256.9 256.6 255.6 248.7 236 243.3 255.8 265.2 272 278.7 286.2 293.7 300.6 306.1 311.2 316.1 319.7 322 325.8 330.9 333.7 336.8 338.5 339.4 341.7 341.5 340.9 338.9 337.2 335 331.8 330.3
233.4 260.4 290.3 322.9 353.1 381.6 406 428.7 445.5 438.9 422.4 400.3 374.6 349.5 325.3 321.5 340.7 353.3 354.7 346.9 333.5 316.3 297.6 275 248.7 241 245.4 242.7 238.6 230.9 220.5 210.6 212.5 220.3 218.1 214.7 217.9 221.1 226.6 234.9 241.2 244.1 243.5 239.3 236.8 235.5 235.8 232.3 236.8 234.8 244.9 258.1 269.7 277.1 283.5 289.3 294.8 299.7 303.5 307.5 311.2 314.2 316.6 319.3 324.2 329.6 334.3 336.9 338.7 342 345.6 346.2 344.4 342 340.1 338.1 336.6 337.9
241.4 268.8 299.5 330.9 360.2 388.1 410.6 429.1 440.1 427.8 410.9 389 362.6 335.2 311 307.6 323.6 335.1 338 331.6 319.8 305.1 289.1 272.3 252.1 229.7 233.1 230.3 223.4 213.5 213.4 223 233.8 240.4 236 233.9 231.6 227 220.6 220.3 223.8 225.9 224.2 224.3 225.6 226.4 230.1 239.1 243.4 251.4 262.3 271.5 278.9 285.2 291.3 295.9 299.7 302.2 304.3 306.1 308.6 310.8 312.9 314.9 319.4 325.4 329.4 331.7 335.2 341 344.2 345.1 345.7 344.4 343.2 343.5 344.5 347.3
248.7 278.1 309.8 341 369.2 393.2 413.5 426.1 427.7 415.1 398.6 379.9 354.9 325.9 298.8 292 305.1 316.9 320.2 315.4 305.4 292.4 278.1 263.7 248.8 231.2 221 217.4 207.7 216.3 230.7 243.9 255.6 262.3 258.9 257.2 252.7 247.2 241.8 237.3 234.8 233.4 235.3 239.8 245.2 250 253.7 258 262.8 267.3 272.7 278.2 284.9 290.4 295.1 297.1 298.8 300.2 301.6 303.4 304.4 305 307.3 310 314.4 319 321.5 324.3 329.6 335.1 339.4 343.3 345.4 347.2 349.1 350.4 354.9 359.3
255.8 287 319.8 350.9 377.9 393.9 406.8 415.7 412.6 400.8 387.1 370.1 347.2 319.8 291.6 276.1 285.3 298.1 304.3 301.2 291.8 279.8 267.2 253.8 240.6 225.4 209 203.9 216.9 235.1 251.4 265.6 276.2 282.5 281 277.8 273.9 268.7 262.9 258.7 257.3 255.9 257.1 259.9 262.6 265.3 266.6 268.2 270.5 273 276.8 282.7 288.1 291 293 293 293.8 294.2 295.1 295.6 297 298.9 301.5 303.9 307.5 309 312.4 316.4 322.3 328.7 334.4 340.3 346 350.3 354 358.3 365.6 373.2
261.1 292.2 323.5 352.2 375.9 389.1 396.9 402.3 398 385.8 373.4 359 340.1 314.3 287 260.3 268.5 282.6 290.3 287.8 280.3 269.9 257 243.6 229.8 215.5 203.8 215 234.7 254 270.4 284.1 293.3 298.3 295.1 290 285.4 280.8 276.9 273.7 271.3 269 267.5 267.2 266.7 266.6 266.9 268.3 270.8 274.4 278.3 282.9 285.5 284.3 284.6 283.2 283.2 283.1 283.5 285.7 287.9 289.3 293.3 295.3 298.7 298.8 306.1 312.4 320.2 328.9 334.5 342 349.3 355.6 361.1 367.6 377.2 385.6
272.1 302.8 331.3 357.1 375.8 382.3 384.6 387.4 382.1 370.2 358.5 345.6 330.4 309.2 282.3 258.6 256.2 270.9 278.7 278.3 271.3 261.2 247.9 233.5 217.8 204.7 211.7 231.7 252.1 271.8 286.6 297.5 303.9 304.7 300 294.3 288.7 283.3 279.5 275.7 272.3 269.3 266.3 264.1 262.3 261.8 262.4 265.2 268.6 272.6 275.4 276.3 274.9 272.2 267.1 269.5 272.2 280.6 283.8 285.5 282.8 289.8 293.8 297 296.4 305 315.4 325.3 333.7 339.9 343.4 349.2 356.5 363.2 370.4 377.2 388 397.3
278.8 310.6 338.4 361.5 370.6 372.4 372.5 371.1 363.7 353 342.6 331.1 318 301.5 279 252.7 246.5 262.3 270.7 269.9 262.7 252.6 239.2 222.8 206 204.5 226 247.7 268.1 284.4 294.2 300.2 302.2 300.7 297.8 291.3 284.6 278.9 274.2 269.6 266.1 262.5 258.9 255.9 254.9 255.7 256.9 260.7 265 267.5 266.5 263.4 260.8 270.3 279.3 287.6 295.4 300.9 303.6 303.2 303.4 300.7 303.3 303.6 300.5 310.6 323.8 335.9 344.6 349.4 352.3 358.1 365.2 372.6 380.7 388.9 400.9 411.2
281 312.5 339.4 354 359 361.4 358.5 353.5 345.5 336.5 327.4 316.1 304.7 291.7 274.8 248 240.2 254.9 262 260.7 254.2 244.6 231.1 213.7 199.2 215.6 238.2 258.1 274.4 283.5 288.6 292 292.3 290.9 288 282.3 276.1 270.5 265.2 259.7 255.5 251.3 247.3 245.2 245 246.9 251.6 256.1 257.9 257.9 251.2 264.7 274.5 284.7 295 305 312.6 316.6 318.8 317.6 315.6 312.8 310.9 307.6 306 319.3 334.7 345.5 352.8 357.6 362.4 367.7 375 383.1 391.6 401.9 416 426.6
280.7 310.6 330.8 338.7 342.3 343.7 340.1 335 328.2 321.4 312.7 302.6 291.9 281.7 268 245.1 233.6 247 253.4 251.9 245.8 236.4 223.9 205.6 203.7 222.8 241.4 256.8 266.5 272.4 275.5 276.5 277.2 276.4 275.9 271.5 265.5 260.7 254.9 248.2 242 236.7 233.2 232 235.4 239.4 245.4 247.2 244.6 254 267.4 279.1 289.1 299.2 309.2 317.7 323.7 326.7 327.3 324.8 321.8 320.2 316.9 312.5 310.7 329.1 343.9 354.1 361.6 367.4 372.6 378 384.9 393.2 402.5 417.1 430.4 438.9
277.7 302.7 313.8 319.1 322 322.1 318.5 314.7 310.4 304.9 298.3 289.3 280.1 270.7 259.3 241.1 224.7 238.1 244 242.6 236 226.4 215.6 200.3 205.4 221.1 233.6 241.9 249 254.2 257 258 259.9 260.5 263 259.9 254.9 249.9 243.7 234.3 227.7 223.3 232.2 239.2 240.6 239.9 244.7 252.3 261.8 271.9 283.8 293.7 303 311.5 320.2 327.3 331.1 331.9 332.7 330.4 328 328.1 324.9 316.7 316.5 334.9 351.6 362.1 370.3 376.2 382.3 387.7 394.7 402.1 415.8 431.4 442.7 448
272.4 289.5 293.1 296.1 298.7 299.2 295.5 292.7 291.7 288.6 283.3 275.8 267.1 257.6 247.4 235.2 214.1 229.2 233.2 230.4 223.5 215.5 205.2 193.2 202.9 212.3 217.4 222.5 228.6 233.4 236.5 239.5 242.2 243.2 247.7 246.8 243.1 237.7 229.1 219 222.7 235.2 246.1 253.1 254.3 245.8 252.7 262.3 273.6 285.8 297.1 306.4 314.9 322.2 328.2 333.1 336.2 337.7 337.6 336.3 335.9 336.4 330.3 320.4 320 343.9 359.4 369.9 377.9 383.8 389.5 395.6 403 412.6 428.7 442.1 452.3 453.2
264.9 271.1 271.2 271.7 274 276.1 272.7 270.7 270.7 270.5 266.4 259.9 251.9 243.3 235.7 226.3 210.3 219 219.8 216.2 209.8 202.3 194.4 194.9 198.2 198.4 200 205.5 208.4 213.7 216.7 219.7 222.1 224 230.7 232.6 228.5 222.7 216.4 223.6 238.7 250.3 260.7 266.9 267.7 258 258.9 265.5 281.3 295.3 305.7 314.5 322 327.7 333.3 338.2 341.2 343.4 344.4 344.7 345.3 344.2 334.6 323.5 326 351.1 366.9 376.3 382.2 387.6 393.5 400.9 409.8 422.5 437.1 449.7 457.3 454.8
248.7 250 249.4 251.2 253.6 253.8 250.4 248.2 250.4 252.3 248.8 242.7 235 229.3 222.8 215.9 204.1 206.7 206.4 202.1 196.4 192.5 189.2 198.1 205.5 212 213.9 215.6 213.8 210 203.4 206.6 208.9 210.6 213.7 215.4 213.1 217.6 227 239.6 254.5 267.2 276.8 280.7 277 273.9 272.1 268.5 280.5 292.9 302.8 312.3 322 331 337.8 343.8 348.3 351.6 353.3 354.5 354.4 349.6 336.1 324.4 331.3 356.2 371.7 377.9 383.3 389.1 396.4 404.8 415.4 429.1 442 453.5 460.1 457
229.1 230.9 231.6 232.8 234.7 233.3 230.4 229.4 232 233.2 229.7 225 219.4 214.2 210 205.2 198.2 195.8 193.3 186.2 191 197 204.4 214.1 223 231.4 236.7 238.1 234.8 226.5 217.1 220.3 224.2 221.2 213.8 221.7 230.4 237.2 247.6 260.1 273 285.5 293.7 294.3 285.1 288.5 289.4 282.5 280.9 279.2 289.8 299.3 312.7 328.9 341.8 350.7 355.7 359.5 362.4 363.7 360.1 345 335.8 335.8 341.3 356.5 371.8 377.6 382.7 389.9 397.9 407.1 419.1 432.7 444.3 454.1 460.4 459.6
212.6 214.5 215.4 216.2 216.6 215.3 213.7 213.8 215 214.4 212.3 209.2 204.6 201.5 198.2 194.9 191.2 185.7 185.8 194.6 203.6 213.4 223 232.2 239.8 248 251.7 250.8 245 232.8 234.9 242.1 243.8 233.5 217.2 237.4 249 256.9 268.5 281 293.7 303.1 308.3 305.2 299.2 303.5 305.7 305.7 302.2 298.9 298.2 298 299.4 317.5 337.7 354.1 363.1 366.8 370 370.5 361.3 360.7 348 350.1 358.3 365.7 371.6 376 381.2 388.4 397.2 408 421.2 433.9 444.7 453.5 458.2 457.7
199.1 201 201.5 201.6 202.5 201.5 199.9 199.8 199.6 198.4 197.2 195.7 193 190 187.1 180.7 182.2 188.1 192.8 201.3 214 227.5 239 248.4 254.9 259.1 261.3 259.1 249.9 249.8 257.8 261.1 255.9 238.6 223 247.5 261.6 272.7 286.4 300.4 311.5 316.4 315.7 312.5 313.7 318 321.7 324.9 326.2 324.7 321.7 318.4 312.4 310.2 328.1 352.6 366.3 373.1 376.5 377 369.6 368.2 357.9 365 370.6 372.3 372.9 374.4 377.6 384.7 394.1 406 419.8 431.5 442 449.4 452.3 451.9
187.4 189.1 189.8 187.7 189.4 189 188.3 186.7 184.4 183.2 184.8 184.8 184.6 183.1 185.4 188.3 188.2 189.8 195.9 207.4 224.6 239.9 252.5 260 263.4 266.7 270 268 269.4 274.4 276.6 273.9 265 244.3 229.9 252.2 271.3 286.3 300.8 311.8 316.7 317.9 318.2 321.4 325.9 331.7 337.5 343.1 346.8 348 346.2 342.9 334.8 322.1 329.4 356.1 371.8 379.4 383.2 383 380.3 374.5 371.7 376.5 376.7 375.5 373.5 365.7 370.8 378.9 389.2 402.4 417 428.8 437.9 443.4 444.5 443.7
176.7 177.6 177.9 175.2 174.3 177.4 178.2 178.2 177.4 176.1 180.2 182.3 186.8 191.4 193.4 195.4 193.2 191.7 199.9 213.9 232.6 249.3 259.7 264.7 268.5 273.5 278.1 283 287.9 289.5 289.2 284.5 273.8 253 230.3 255.2 276.2 287.4 296 304.7 311.6 317.1 323.6 330.3 337.6 344.7 352.3 358.6 363 366.3 367.6 366.8 360 343.8 336.6 363.9 384 390.1 390.1 389.1 385.9 381.8 381.1 380.6 378.8 375.8 370.9 361.3 361.9 370.3 383.9 400.1 413.9 424 431.6 435.2 433.6 431.9
170.8 172.5 174.5 175.9 176.7 175.7 177.1 179.2 185.8 189.6 193 196.4 200.6 204.3 205.6 203.6 198.6 193.1 202.7 216.8 234.8 248.4 257.7 264.6 271.4 279.6 288 296.2 300.7 302.3 301.1 294.4 281.5 256.3 240.2 246.4 262.5 267.9 274.4 288.1 307 318.9 329.3 338.5 348.3 356.7 363.9 370.6 376.3 381.6 385.9 387.4 384.6 370.1 358.7 378.1 398.2 400.6 398.4 395.5 390.8 387 382.8 379.6 376 372.6 366 347.2 346.7 361.4 376.7 394.1 408 417.5 423.9 424.9 421.5 416.8
176.3 176.3 176.4 181.1 184.5 188.3 192.5 197.1 201.8 205.4 209.2 213 216.6 219.1 218 212.2 204.6 194.1 204.6 217.1 231.1 242.4 253.4 263.8 273.7 285.6 297.8 306.3 312.1 314.2 310.4 301.8 288 271.6 265.5 252 257.6 265.6 267.9 281.6 301.5 319.3 333.5 345 354.6 364.8 373.5 382.1 390.6 398.6 403.5 408.3 408.3 398.8 391.2 400.5 410.6 408.5 404.6 399.3 393.2 387.5 382.2 376.3 371 366.8 358.2 339.8 337.3 348.3 370.7 389 400.6 409 413.2 411.3 405.4 400.5
188.1 187.8 186.9 190.4 195.9 202.1 208 214.1 219.7 224.2 228.3 231.4 234.6 234.3 230.7 223.3 210.5 198.2 203.4 214.5 226.3 238.4 249.7 261.5 276.9 292.1 305.6 315.2 320 320.9 314.9 306.9 297.2 286.5 271.6 274.1 279 281.6 284.3 286.6 292.9 310.4 324 339.1 357.4 371.1 384.5 396.3 406.8 415.6 422.2 425.8 427.2 424.8 421.2 420.9 418.8 414.7 408.6 401.2 393.9 386.4 378.8 371.4 359.9 355.6 347.7 326.6 335.4 356.8 372.8 384.5 392.2 396.5 398.1 393.8 389 382
