app/static/ascii/NY50.asc
ncols 200
nrows 200
xllcorner 350000
yllcorner 500000
cellsize 50
[rows 105 to 139 of 200, columns 78 to 155 of 200]
335.7 341.5 349.8 353.7 366 385.3 407 429.6 451.4 477.1 482 477.7 469.3 456.3 441.4 426.3 411 403.2 384.9 368.2 354.8 345.8 337.1 332.3 322.1 317 313.5 306 305.3 324.8 342.4 363.3 380.7 398.8 418.3 431.2 447.6 457.4 465.5 471.3 472.4 468.9 463.9 455.4 442.2 433.1 423.5 415.9 410.7 405.4 399.7 392.5 385.9 378 363.7 357.4 339.9 326.6 315.1 305.4 295.5 281.3 267.7 266.5 268.7 273 274.9 276.5 277.4 275.1 273.1 270.4 266.6 264.2 264 263.1 255.3 245
326.2 331.3 336.8 339 347.6 363 381.6 401.6 425.7 444.9 463.3 467.7 461.6 450.1 434.1 416.6 398 388.1 374.3 360 349.5 340.4 333.8 327.6 321 316.5 314.8 314.1 301.7 321 347.1 365.7 384 400.2 419.1 437.4 455.4 464.5 471.8 478.2 478.7 470.7 460.2 450.7 441.1 432.5 423 410.4 404.9 401.5 397 390.3 382.6 374.2 360.8 345.8 327.5 320.5 306 298.9 286.9 280.4 276.3 281.4 285.9 289.3 293.7 297.8 298.4 295.6 288.9 285.3 283.5 282.3 280.3 276.1 267.2 252.5
314 320.6 325.6 327.9 332.5 346.3 357.9 376 396 417.3 435.6 451.7 454.3 448.4 432.6 408.3 384.8 375.7 362.9 354.2 342.9 334.9 328.7 321.6 315.7 313.6 310.5 307.2 305.7 330 350.5 367.7 387.3 402.5 418.1 438.5 456 466.3 476.7 483.2 483.3 473.8 461.3 450.3 441.6 433 424.6 417 412.1 408.7 403.7 396.8 388.1 379.4 364 349.1 332.1 318.3 308.4 301.6 293.9 296.3 286.5 294.3 304.2 312.3 318.4 321.3 322.3 316.3 312.7 308.1 305.5 299.3 294.4 286.4 273.8 270.7
305.1 311.2 316.3 319.7 322 334.1 343.7 355.4 372.7 390.6 406.6 427.7 445.2 439.3 418.8 391.6 375 362.9 351.9 344 334.7 327.9 323.4 316.4 311.6 309.1 298.4 295.5 314.9 333.8 353.1 370.5 389.5 404 417.1 435.6 453.5 468.5 479.6 484.6 481.3 474.3 459.9 451.4 443.6 434 430.2 426.6 422.6 415.8 411 405.9 395 381 363.5 348.2 333.5 321.2 316.3 309.4 299.8 304.7 298 311.3 328.1 336.8 345.5 343.4 343.1 343.9 341.1 336.3 330.7 321.4 313.9 302.8 295.4 294.1
300.1 300 303.2 313.2 314 323.6 331.4 338.3 352.6 367.7 384 398.9 415.6 414.8 393.3 373.1 359.5 351 344.1 337.9 331.7 324.2 318.2 313.1 309.3 300.3 290.3 302.8 323.3 341.6 356.8 373.8 390.6 405.6 420 433.1 448.5 468.4 479.2 484.1 478.9 471.3 463.7 456.8 446.8 442.7 437.2 434.2 430.3 424 419.1 409.1 399.6 381.9 364.5 347.9 336.4 323.9 320.5 312.9 309.8 313.2 313.7 322.4 338.7 356.7 368 373.8 371.5 372.6 373.1 364.2 359.6 350.3 337.9 328.4 322.1 319.2
309.3 301.9 298.2 309.5 310 314.4 322.4 325.9 334.5 351.4 364.7 377.6 387 386.3 378.9 365.4 346.2 340.2 337.6 331.9 326.4 321.2 315.9 310.4 306 291.9 295.4 311.5 326.2 343.7 359 375.5 391.7 408 421.1 433.5 446.5 466 476.8 480.5 480 473.5 465 460.7 455.1 451.9 447.1 440.2 436.7 430.9 425 406.7 395.5 380.4 367.3 352.1 337 325.3 321.3 322.3 323.6 329.7 334.8 334.5 346.5 366.4 377.6 382.7 382 380.6 387 387.4 385.3 376.5 362.9 353.3 352.8 350.6
318.2 308.9 298.4 300 304.5 307.7 313.1 316.2 321.2 333 345.9 355.5 362.6 365.8 364.3 348.8 336.5 332.8 331.8 328.2 321.3 315.6 310.6 305.9 304.4 293.3 292.9 311.9 329.9 345.4 363.5 381.3 396.6 411 422.7 435.4 449.3 464.2 475.8 478 477.4 472 461.9 460.6 457 450.5 449.1 444.8 439.9 432.7 422.5 406.1 393.6 379.4 368.1 353.7 349 343.6 340.8 338.7 342.5 343.9 348.9 350.2 349.5 361.1 374.8 383.5 391.5 390.7 391.5 393.8 390.2 383.9 381.6 373 373 373.6
320.3 313.8 301.5 297.6 296.1 298 300.9 307.7 311.3 318.1 327.8 336.1 339.4 341.4 343.6 337.2 328.4 327 325.8 322 312.1 307.6 303.9 300.7 297.2 282.7 293 310.3 330.4 347 368.6 385.5 399.8 414.5 426.3 441.6 451.9 464.1 471.7 470.1 468.4 461.7 454.9 451.9 450.8 450 449.2 450.5 440.6 431.9 422 408 395.7 381.6 368.5 366.6 365.5 363.1 360.3 357.1 360.1 355.9 356.5 358.4 354.2 364.8 372.5 384.9 391.9 396.1 397.5 398 395.4 393.4 390.5 389.7 386.1 387.9
324.7 315.8 310.6 304.4 298.3 294.1 292.4 293.3 304.7 309.7 315.3 321.1 323.4 325.9 327 325.7 322.5 319.9 317.9 313.1 303.5 298.8 296.2 294.6 286 281.5 292.6 306.5 326 344.8 366.3 387.5 403.7 419 433.3 445 453.8 460.7 461.6 459.1 455.9 451.2 444.8 448.1 452.7 448.5 450.6 445.3 436.1 430.1 421.3 411.5 397.1 390.8 387.5 383.3 379.9 379.9 376.4 369.1 367.9 366.4 365.1 365 361 365.6 373.5 384.2 393 400.2 407.7 405.6 404.4 401.6 401 399.1 392 389.8
332.4 324.5 319 317.3 305.4 302 294.4 290.6 298.3 303.9 306.5 309.3 311.4 312 314.4 315.4 313.6 309.1 307.3 302.5 294.7 291 289.1 286 284.4 279.4 289.6 303.1 319.1 336.6 363.1 389.3 407.8 422.6 436 445.5 451.6 454.8 454.7 448 441.6 437.2 439.1 440 441.2 441.8 442.4 437.9 435.5 428.1 422.1 415.1 408.8 405.1 401.8 397.7 391.7 389.8 386.3 383.9 378.7 368.5 372.7 372.3 375.4 380.4 389.2 401.1 406.1 409.9 413.4 413.5 411.4 408.9 409.1 406.7 401.1 393
339.7 334.3 325.4 324.8 312.6 304.9 296.5 290.1 290 296.1 296.6 299.9 300.7 301.6 303.7 305.6 302.9 298.2 295.3 293.1 285.2 281.9 281.2 281.6 280.5 277.6 288.6 298.7 310.7 327.1 353.1 382.7 408.1 422.6 432.7 441.2 446 446.1 443.6 435.3 427.1 422.8 425.2 430.3 429.1 429.7 432.5 432.8 431.4 431.9 427 420.5 417.3 413.2 409.4 407.7 406.5 402 397.9 391.2 382 377.9 377.7 379 386.4 394.2 401.3 411.4 416.1 418.4 421.5 421.6 420.7 418.1 415.6 410.8 404.6 396.7
344.1 337.3 329.7 328.5 320.1 309.9 301.8 303.8 295.7 288.4 287 291 291.1 292.9 298.3 298.4 290.8 288.4 280.8 277.4 279.5 278 276.2 280 276.9 278.3 285.8 292.6 302.6 317 335.7 363.7 397.5 419.1 427.2 437.9 438.8 437.8 432.7 421.5 412.4 404.9 412.4 416.9 418.2 419.9 421.1 426.4 430.7 429.7 429.5 428.9 428.9 426.7 422.8 421.6 415.4 407.8 400.5 392.4 385.2 384.8 384.1 389.3 397.5 406.7 412.5 420 424.6 424.9 427.8 429.6 427.8 424.7 421 415 408.4 401.3
350.1 338.3 340.3 330.1 325.7 315.2 309.8 312 301.3 288.7 288.1 285.2 285.6 286.6 295.5 291.6 282.1 279.4 279.1 277.5 276.4 275.6 275.2 275.3 275.7 277.7 279 287 297 311.5 322.1 339.6 361.8 390.3 416.8 426.7 430.5 427.5 415.6 406.7 397.4 387.4 391.2 396.5 401.7 406 411 419.2 427.3 432 436 441.2 439.7 436.6 434.6 430.1 419.5 411.9 405.8 396.4 392.7 392.1 393 402.2 410.6 419 426.2 430.4 434.1 434 434.7 436.4 433.6 430.8 425.8 419.6 410.1 402.5
351.9 338.2 336.3 330.5 326.2 317 313.7 312.2 298 291.8 291.5 288.6 284.7 284.4 290.4 289.3 280.5 281.7 280.5 276.9 276 275.1 274.5 274.6 274.5 275.6 276.9 282.7 294.9 305.7 314.1 324.7 338.6 360.9 386.6 406.3 417.8 414.3 404.8 392.2 382.2 371.4 373.2 377.2 384.1 392.4 399.6 411.9 426 436.2 441.2 448.1 447.7 448.6 441.5 435.3 426.6 417.7 408.4 403.4 396.7 401.2 405.8 415.4 422.2 432.2 435.6 436.8 436.4 438.3 438.7 437.2 435.6 431.3 423.8 416.6 409.4 400.1
356.6 339.5 335.8 329.2 322.3 313.7 307.9 304.4 298.9 295.6 292.2 289.4 285.4 283.4 282.6 282.3 284.3 281.5 280.7 278.7 279.9 279.4 274.3 273.2 272.9 275.4 275.2 278 282.7 296.3 304.4 312.1 323.5 337.1 354.9 372.7 385.1 392.1 384.5 374.6 364.8 355.3 355.8 360 366.1 375.2 393.1 407.7 422.5 433.2 443.8 448.5 449.6 451.7 448 438 430.3 423.3 416.9 410.5 409 412.6 418.1 428.2 433.8 436.9 437.7 439.5 439.4 442.9 442.2 438.5 433.1 429.1 423.4 415.9 406.5 393.9
355.9 339.3 330.5 323.3 322.6 316.9 311.9 308 300.8 296.4 293.4 292.1 292.2 288 290.3 293.7 292.1 284.3 282.8 281.9 288.3 288.8 277.9 273.9 273.2 272.6 271.4 271.3 271.2 280.4 292.4 300.1 309.6 318 329.2 342.1 357 363.6 362.1 353.7 344.6 338.8 340.1 344.5 347.3 365.3 383.2 398.9 415.1 430.9 440.3 446.1 452.3 454.8 451.2 443.5 436 429.2 423.1 417.7 419.3 424.8 430 436.2 439.8 439.6 441.7 441.3 439.8 443.8 441.7 435.7 433.3 428.2 423.6 417.2 409.8 393.9
357.9 342.6 333.2 331.1 323.4 321.4 313.9 312 306.4 304.7 298.8 298.6 297.1 295.1 294.9 294.7 292.5 289.4 284 283.8 293.9 294.7 285.4 286.2 284.2 276.3 273.1 273.8 269.9 268.3 280.4 289.1 295.8 304.6 313 321.9 333.1 337.8 334.8 330.6 327.2 324 324.1 331 336.2 349.4 367.8 388.3 407.1 424.4 437.7 445.4 453.8 458.1 457 450.4 441.6 433.6 426.8 427.4 432.1 436.9 441.6 444.7 446 444.6 442 441.6 440.4 440.8 437.1 434.9 432.5 427.3 423.7 416.5 406.5 394.6
349.9 347.4 348 347.2 335 327.5 325 316.4 314.8 309.7 304.3 310.7 303.3 303.9 304.6 298.2 293.6 291.3 291.1 297.2 298.6 298.1 294.1 295.3 289.5 288.6 287.5 270.7 268.8 268.6 273.5 278.9 285.3 292.8 300.5 308.7 315.4 319.6 316.4 316.5 312.5 313.1 314.9 319.1 323.8 337.5 355.5 377.5 399.5 414.4 429.2 439.4 448.9 459.5 461.2 454.5 443.4 434.8 435.3 437.6 441.1 447.4 451 453.4 453 451.7 447.8 445 443 439.8 436.1 430.1 428.8 426 422 415.9 402.1 384.3
360.1 357.8 356.7 353.6 348 339.2 334.6 326 318.3 313.8 314.7 319.9 314.2 315.2 316.2 309.8 300.8 299.4 300.5 302.7 301.5 300.7 301 302.8 299.5 293.8 286.5 275.8 268.3 266.9 269.3 273.2 281 286.9 291.9 297.3 302.6 305.2 305.1 303.6 300.7 298.3 303.8 308.9 314.9 326.1 343.8 366.4 388.8 403.2 416.2 433.2 444.2 456.7 455.6 449.5 444.3 441.7 444.4 446.5 451.7 457 457.8 459.5 458.4 454.7 451.6 447.5 439.6 434.3 426.7 423.1 422.5 421.5 415.3 406.4 390.1 365.8
369.7 360.3 357.4 355.7 352.4 344.6 342.7 335.4 323 321.2 323.5 328.1 328 326.8 322 318.3 310.5 307.5 305.2 303.6 308.4 307.5 305.8 311.2 311.3 301.2 289.9 284.6 277.7 267 265.3 267 272.7 279.2 282.1 288.1 293.1 295.1 294.1 293.5 288 290.1 290.7 297.8 304 313.3 330.2 351.4 372 389.5 401.9 418.1 433.6 446.3 452.8 452.2 451.2 450 451.1 454.7 457.2 460.7 463.7 466.1 465 460.8 457.1 448 439.1 433.8 428 422 415.2 412.1 407.6 392.6 370.1 350.3
380.4 374.5 365.7 356.9 357 349.7 344.2 340.5 334.5 331.3 329.2 334.4 335.7 334.1 326.1 323.7 319.2 313.5 314.7 316.9 315.7 313.5 318.1 318.7 314.3 300.2 294.7 290.4 285.8 271.7 268.1 264.3 264.3 268.1 267 277.6 273.7 276.4 280.4 281.5 280.1 275.4 282.3 286.7 292.8 301.7 315.4 333.3 351.7 370 384.6 400 417 439.4 451.4 454.4 454.1 452.7 456.5 459.3 462.6 463.6 468.5 470.3 468.8 464.3 458.8 446.4 440.9 436.9 431.5 424.2 415.7 406.5 394.8 382.1 362.1 338.5
395.7 390.4 379.2 372.5 367.5 363 356.1 353.3 346.1 342 337.4 337.5 340.2 342.4 338.1 332.5 330.5 327.2 321.6 323.9 320.3 322.9 327.6 327.5 322.2 311.7 307.3 297 287.1 277.7 270.2 266.9 263.1 262.8 263.5 263.1 262.5 261.8 262.2 269.1 269.5 264.3 274.1 278 283.1 291.5 301.8 316.4 331.8 347 364.6 380.9 398.9 420.1 440.8 447.8 448.1 449.4 456.3 460.5 464.7 466.4 468.5 468.6 466.8 462.1 454.9 447 443.1 438.3 434.1 428.1 421.8 413.4 399.9 383.7 363.5 340.9
408.3 399.9 393.8 388.1 381.9 378.9 374 368.3 362 355.5 351.3 345.9 346.7 346.6 348 342 341.9 338.8 328.5 325.3 325.6 327.7 331.8 335.1 329.2 317.2 309.3 302 290.8 283.1 278.5 270.8 268.5 265.7 263.3 261.5 262 261.1 259.2 256.6 255.1 255.2 257.9 261.4 267.9 282.8 290.5 300.6 312.5 323 337 353.6 371.3 390 406.7 420 431.5 440.7 449.6 457.2 462.1 464.6 464.2 462.1 459.5 455.5 448.9 446.5 442.2 440.1 436.4 431.5 427 417.3 402.7 389.5 372.5 367
419.6 415.4 412.9 405.6 401 399.9 391.8 386.2 374.9 369.5 363.9 358.4 357.1 352.8 354.9 352.8 353.2 349.5 334.9 330.1 323 326.4 329.1 332 328 319.3 311.4 305 298.8 290.8 291.6 286.1 285.4 280.6 281.3 279.9 275.8 272.3 270.5 260.9 259.2 258.2 257.1 255 253.2 264.4 285.3 296.5 296.7 302.3 314.7 330.7 344.9 361.2 375.2 391.2 410.6 420.6 431 442.2 451.7 454.4 454.2 453.2 450.3 447.1 442.2 442.7 441.4 440.9 438.4 431.9 426.3 417.7 403.4 397.7 390.6 382
427.3 427.7 423.1 421.1 422.6 416.2 413.5 404.3 388.1 383.1 378.2 371.7 367.8 364.3 366.2 366.2 372.1 360.8 337.6 328.4 320.4 318.7 322.5 325.8 322.3 312.8 307.5 305.3 302 306.2 305.7 304.7 302.2 301.3 300 298.3 295.5 293 287.4 278.7 269.6 263.8 261 256.7 254.4 251.9 261.5 282.9 287.9 293.2 298.1 307.5 320.7 334.6 349.1 364.6 381 393.3 406.4 422 431.1 436.1 440 441.1 438.9 436.3 435.7 438.1 440.8 440.3 436.5 432.5 429.8 421.5 413.5 404.5 398.8 394.6
425.6 423.5 424.6 428.2 426.8 428 421.9 418 403.4 398.7 398.4 396.3 387.8 382.5 385.1 385.6 372.1 365.2 343.9 322.4 313.4 310.6 309.7 311.1 308.1 303.4 307.9 309.9 316.3 318.4 319.9 320.1 318.1 319.7 318.9 316.9 314.5 310.3 305.7 298.9 290.4 283.3 277.7 269.9 257.8 251.8 252.1 265 276.3 281.3 289.1 295.3 300.5 311.5 323 338.1 353.2 364.7 380.7 395.5 406 412.6 417.8 422.3 421.7 424.2 430.3 431.9 435.8 438 438.2 437.9 434.7 427.2 419.1 410.4 404 396.6
418.8 416.6 418.7 422.8 421.9 418.1 419.5 425.2 425.1 423.1 420.2 413.8 408 393.3 385.9 378.6 370.8 365.1 339.7 312.4 307.7 300.6 295.4 296.5 296.6 299.2 304.9 307.8 315.4 326 332.7 334.3 334 337.3 334.6 329.9 329.7 323.5 320.1 318.9 311.9 302.8 291.6 279.3 265.5 253.2 250.1 253.7 259.8 265.1 272.5 281.6 289.2 293.9 300.6 313.2 324.7 336.4 350.4 363.2 374.8 383.3 391.2 397.6 404.9 407.3 417.4 423.7 431.4 437.5 442.2 442.1 439.5 433.6 423.5 414.5 405.6 400.1
405.8 410.5 407.5 408.3 409.3 411.6 411.3 418.2 421.8 413.4 405.1 400.7 396.8 388.2 370.8 362.1 361.9 347 321.9 303.9 300.7 292.2 288.6 283.8 285.2 290.1 295.9 304.9 314.7 325.9 337.9 345.5 345.8 348 352 349.6 349.1 347 341.8 337.1 329.2 316.8 302.4 285.3 272.9 263.9 255.3 250.8 248.6 245.9 253.3 261.4 271.1 275.3 283.6 292 301.2 312.3 322.7 333.3 343.4 353.4 360.4 368.1 381.4 394.1 402.4 415.3 429.3 437.9 444.2 446.3 443.8 438.3 429.6 422.1 411.6 400
397.1 397 397.1 392.6 396.5 401 404.6 400.3 403.4 399.1 390.8 381.8 374.1 369.7 361.6 348.9 343.8 326.9 313.9 302.8 293.4 285.2 280.3 269.7 274.1 280.3 291.4 298.6 308.3 321.1 338.4 347.3 353.6 360.3 368.3 372.3 379.4 376.3 364.7 352.7 343.4 329.2 311.9 294.7 287.2 279.4 271.9 264.7 259.5 251.5 245.6 245.6 248.8 256.3 265.5 278.3 286 292.2 299.1 307.2 317.4 327.6 331.8 342.7 359.3 376.9 390.7 407.6 424.6 438.7 447.9 452.6 447.7 443.2 432.2 425.3 413 401.7
389.1 386.9 382.2 384.3 391.6 396.8 390.4 380.8 375.6 369.7 364.3 361.4 356.5 354.7 353.2 341.8 332 324.2 312.9 301.6 287.3 278.2 269 260.7 265.3 270.2 282.7 294.9 308 327.4 339.9 354 364.7 376.9 390 404.9 412.2 406 390.4 373.4 355.2 340.9 324.8 309.5 301.2 292 283.2 276.2 270.1 262.2 254.8 248.3 243.5 243.9 245.4 254.2 268.5 278.3 284 288.7 293.8 303.5 311.5 324.2 342.2 356.1 375.9 397.6 418.7 436.3 448.2 453.6 450 442.3 430.5 422.1 409.9 399.4
382.6 378.6 375.9 375.8 384 381.4 366 353.5 348.8 349.9 346.4 341.9 340.7 342.5 341.6 335.4 327.3 317.7 308.7 296 282.6 273.5 262.6 257.5 254.4 261.8 276.4 289.9 305.8 327.7 347.6 363 374.4 399.2 409.1 424.6 439.2 435 419.2 400 375.7 352.8 336.8 323.5 310.6 300.8 292 284.9 280.1 271.3 264 253.5 247.8 244.8 244.1 241.9 243.6 254.9 260.6 275.6 285.4 290.2 295.8 306.9 317.4 336.4 359.6 386.7 409.8 428.1 444.6 449.1 448.6 441.6 429.3 421.5 409.8 401.5
377.6 373.2 369.9 365.7 367.7 361.7 343.9 337.3 332 331.9 328.4 328.7 328 330.9 334.7 327.5 320.6 312.9 301.8 294 279.7 268.8 259.9 256.6 249.8 252 266.8 284.3 300.2 320.6 343.8 366.1 384 396.6 408.7 429.8 441.8 445 438.6 418.5 392.3 374.3 356.2 341 323.9 311.2 301.1 293.1 289 283.6 273.3 264.5 255 246.9 243.9 243.1 240.3 244.9 248.7 263.1 269.4 273 279.5 286 304 321.6 344.3 371.4 396.3 419.2 436.9 445.3 450.2 439.7 429.1 420.3 410.3 401.3
374.2 368.3 355.3 349.6 348.5 339.3 334.2 327 317.9 316.4 314.8 314.6 315.6 319.8 322.3 316.9 309.4 303.3 296 291.5 276.5 263.8 254.7 251.4 248 245.6 259.4 275.2 292.6 313.8 339.3 368 386.3 394.5 404.1 425.8 443.7 450.4 448.6 432.8 414.6 398.1 377 356.4 337.6 320.1 308.3 302.8 297.5 289.8 286.7 278.3 268.3 253.2 246.4 243.9 241.2 240 239.8 242.5 248.7 256.2 264.5 275.6 293.6 305.6 327.9 354.4 381.1 406 427 442.9 444.8 440.8 430.9 422.4 412 404.5
363.5 353.5 341.9 332.2 333.1 328.1 318.8 311.1 310.2 308.9 306.8 305.8 304.6 308.1 310.7 308.9 300.7 297 291.6 281.4 273.6 259.9 249.7 246.5 244.9 241.2 248.4 266.8 287 309.4 333.1 356.5 379.8 392.5 403.4 420.2 434.2 448.2 451.8 445.9 433.8 416.7 397.3 373.9 351 328.4 316 310.5 304.5 301.2 295.8 290 281.6 267 257.3 249.6 246.2 242.4 239.6 238 242 244.1 252.5 273.4 282 292.4 311.5 337.5 365.3 393 418.7 436.7 442.5 437.7 432.5 426.2 420.7 416.6
352.6 340.2 334.7 323.9 323.2 318.9 313.8 311.5 305 301.8 296.1 291 291 296.7 302.3 304 293.8 290.2 283 277.7 269.7 255.5 245.7 240.9 240.6 239.8 246.8 267.7 287.2 304.8 326.4 350 373.7 387.9 401.9 413.8 427.9 440.2 449.2 444.8 445.2 432.1 412.1 378.4 352.4 332.1 321.2 314.8 311 307.8 306.2 302.6 296 286.1 276.2 268 260.7 251.2 239.3 238.7 239.3 241.1 243.6 261.4 271.8 283.3 298.7 321.3 353 383.8 410 430.7 439.7 438.2 438.3 435.2 432.7 430.2
