app/static/ascii/NY51.asc
ncols 200
nrows 200
xllcorner 350000
yllcorner 510000
cellsize 50
[rows 140 to 174 of 200, columns 78 to 155 of 200]
340.4 335.1 329.3 321.9 314.7 312.1 309.5 308.8 308.9 308.7 309 306.1 303.3 299.3 293.1 287.1 280.7 272.8 268.7 270.4 269.1 274.6 277.3 279.7 279.1 275.1 274 274.2 275.4 274.3 271.9 267.9 266.2 268.4 265 255 247.7 245.2 245.5 244 241.6 240.1 238.9 239.1 239.3 238.3 245 243.5 245.4 248.2 250.4 257.9 263.1 261.8 260.7 263.3 266.8 272.6 272.6 278.7 282.2 287.3 292.4 296.8 301.3 307.7 310.5 311.1 316.9 318.7 316.9 316.1 317.6 317.6 316 312.9 310 309.1
339.6 334.3 327.4 322.4 314.3 310 307.9 307.5 307.5 306.5 305.6 304.1 302 299.1 294.6 288.3 278.1 282.2 278.7 274.8 274.7 276.5 280.3 282.3 280.5 277.6 275.7 273.8 271.9 270.8 269.6 270.3 272.4 271.6 265.7 255.5 249.7 246.1 247.9 246 242.7 242.2 238.9 239.3 238.7 239.7 240.7 240.6 245.5 250.2 251.9 258 262.5 260.9 261.6 263.9 267.9 273.4 273 279.4 282.4 289 294.7 299.9 304.2 310.5 312.9 314.1 320.7 319.8 318.3 317.6 318.7 318.6 316.8 312.9 310.2 309.5
338.2 335.6 327.6 323 314.1 308.6 306.8 306.1 305.3 303.9 302.1 301.4 299.6 297.5 293.7 286.2 279.1 285.6 281.2 278.4 279.2 280 282.4 283.7 280.9 276.9 275.8 274.8 274 272.4 274.1 276.7 275.9 273 266.8 256.2 250.2 248 249.4 247.2 243.7 242.9 239.7 241.5 240.4 239.5 239.5 244.2 247.4 252.8 256.8 255.7 258.6 260.4 261.8 264.8 268.8 273.8 275.8 280.7 284.8 290.2 296.6 303.1 307.7 312.9 314.8 317.2 321.9 321.2 319.6 318.3 319.5 319.5 317.6 312.7 310.7 309.9
334.5 332 327.4 319.9 315.9 309.5 307.9 303.8 302.1 300.3 298.5 297.6 295.9 293.8 287.9 286.2 283.4 287.2 284.4 283.4 284.2 285.1 284.6 284.5 280.7 277.9 276.6 276.3 276.5 276.7 278.6 278.8 278.4 274.6 267.4 255.4 250.3 250.2 251 247.6 244.8 243.5 239.7 241.6 242 240.8 243.6 245.4 249.9 254.6 258.7 259 259.2 260.6 262.8 266.3 270 274 278.3 282.4 287 291.8 298.3 305.1 309.8 314.6 316.5 319.4 323 322.5 320.8 319.5 320.5 320.6 318.2 314.2 311 310.4
332 329 321.3 315.4 310.9 308.9 305.4 301.3 297.7 296.8 295.1 292.6 290.1 288.3 287.7 294.1 293.6 290.1 288.9 289.3 289.8 291 288.1 284 281.3 279.1 278.4 278.6 278.7 279 280.7 280.6 279.5 275.2 266.4 256.1 251.3 249 249.9 247.2 245.3 243.7 241.5 243.2 244.3 242.5 244.5 246.5 250.7 255.7 259.7 259.7 258.9 260.9 264.6 268.3 272 274.7 279.3 284.5 289.1 293 299 305.3 310.5 317.1 316.1 321 325 322.7 321.1 320.1 321.7 321.1 318.6 315.3 312.4 312
334.2 330.1 325 320.8 315.9 308.8 303.8 301.2 299.8 298.4 299.8 300 298.4 292.6 292.5 294.6 294.1 295.8 295.4 296.4 296.6 296.1 293.1 289.2 286.8 282.1 280.7 280.2 281.6 280.8 282.5 281.4 279.4 273.7 265.8 259.1 253 250.4 248.7 247.3 245.6 243.8 240.5 243.9 246.7 245.2 244.6 246.2 250.6 256.1 261 260 258.2 261.6 267.4 271.7 273.1 276 280.7 286 290.9 295.4 300.7 305.3 310.1 318.4 316.1 323 325.5 322.9 321.4 320.6 322.3 321.4 318.9 317 315.4 315.7
335.4 331.3 326.1 322.1 317.7 311.6 305.8 305.1 304.5 304 305.1 304.2 303.9 298.1 298.8 299.3 300 301 301.7 302.7 303.4 300.8 297.2 293 291.6 286 284.1 285.3 284.8 281.3 282.9 280.4 277 271.5 266 261.6 256.1 252.4 250.2 250.1 246.6 244.8 242.7 244.1 248.9 248.1 246.5 247.3 250 255.4 260.9 259.8 257.7 263.4 270.1 276.1 275.1 278.4 281.6 286.7 292.1 295.8 300.1 304.5 309.3 316.2 316.5 325.4 326.2 323.4 321.4 320.7 321.6 321.4 319.2 318 316.7 318.3
338.3 333.4 328.5 323.7 317.5 312.1 310.8 311.1 312.1 311 310.4 311.8 310.7 308.6 306.4 305 305.9 306.8 308.4 309.8 308.7 303.7 299.4 299.6 295.3 289.4 288.8 288.6 287.1 280.9 280.1 277.9 273.9 270.3 267.9 262.7 259.4 252.2 252.9 252.2 247.2 245.8 244 247.4 251.6 249.6 247.5 248 250.3 254.5 260 258.2 258.5 264.4 271.6 277.6 276.6 279.8 283.4 288.3 293.3 297.2 300.5 303.7 307.4 313.8 315.8 324 324.1 322 319.8 320.8 321.7 321.2 319.6 318.3 318.1 319.3
340.9 336.4 331.7 325.5 321.6 320.2 318.3 317.5 317.6 316.8 317 316.4 315.7 314.8 312.8 313 313.7 313.6 314.9 315.6 312.5 307.2 303.7 301.3 296.4 292.2 288.9 288.9 289.6 284.1 280.6 275.9 272.6 270.6 269.5 265.1 259.9 256.3 257.5 254.6 248.3 247 245 247.4 252.4 251.1 248.8 251.4 253.6 253.8 258.1 258.1 258 264.6 271.8 278.9 278.2 280.5 284.4 289.3 294.1 298 300.4 303.4 306.5 311 315.2 320.9 322 320.9 319.8 319.5 320.7 320.3 318.9 318.5 318.9 319.6
344.2 339.1 334.3 326.5 328 325.9 324.5 323.9 323.3 323.2 323.1 321.5 321.2 320.6 319.1 320.1 321.1 319.2 319.9 319 314.2 309.4 306.4 302.5 296.9 293.5 289.3 290 291.5 287.2 282.4 276.7 274.3 271.9 269.8 264.6 260.9 259.6 261.1 256.2 250.1 249.2 245.4 249.7 254.3 251 249.4 250.5 256.5 254.7 257.8 257.3 257.9 266.4 272.4 279 278.9 278.8 285.2 290 294.9 298.4 300.9 303.2 307.3 311 315.4 320.9 321.7 320.8 319.4 318.3 319.8 319 318.4 318.6 318.9 319.4
347.8 341.6 333.9 335.4 333.7 332.2 331.1 331.3 331.6 330.9 330.3 330.4 328.6 328.2 328.4 329 327.7 323.9 323.8 320.3 314.7 309 305.5 301.6 296.7 293.1 289 290.7 291.5 287.3 283.3 279.3 276.6 272.8 268.3 263.9 259.8 262.7 262.3 256.7 249.9 249 245.8 252 254.6 252.3 249.9 251.8 258 256.5 255.3 255.8 259.1 267.6 274.3 279.1 279.7 275.8 286 290.4 295 299.2 302 304.5 307.2 311.5 314.8 319.2 320.9 320.9 319.4 319 318.7 318 317.4 317.6 318.4 319.1
353.9 345.5 342.9 342.7 341.2 339.6 340.3 340.2 340 339.4 338.8 337 335.5 336.7 336.5 336 331.7 327.6 324.3 319.5 314.1 308.9 304.4 300.7 296.6 292.3 287.9 289 288.1 286 283.4 279.8 276.5 272.5 268.2 262.3 259.2 263.8 261 256 251.8 249.6 247.9 250.6 252.4 251.6 250.5 254.2 259.1 257.7 255.8 255.9 259.7 266.7 274.6 277.9 279 276.6 286.7 291.6 296.7 300.1 302.3 305.2 307.1 311.8 317.1 320.4 320.7 320.1 317.9 316.8 317 316.5 316.8 316.3 316.9 317.7
358.4 346.7 351.6 352.1 349.4 348.9 350 349.2 347.3 346 344.8 343 342.7 343.2 341.3 339 334.5 329.7 324.8 318.8 311.9 306.7 302.9 299.4 294.6 290.4 285.8 285.9 284.3 282.5 280.6 278.5 275.8 271.5 266.8 260.4 259.4 262.9 260.1 255.2 251.2 248.7 248.2 250.9 250.6 250.7 250.8 255.4 260.2 258 255.1 255.8 261.1 270.8 274.6 276.6 279 280.6 286.4 292.8 298.1 301.5 302.8 305.3 308.1 312.7 318.6 321 321.8 319.3 317.2 316.1 315.3 314.7 314 314.5 314.2 315
360.2 354.5 360.4 361 357.9 360.9 361.5 357.2 356 352.6 350 349.2 349.8 349 344.3 340.6 335.1 330 324 317.3 310.6 304.4 300.8 297.3 292.5 287.7 284.5 281.8 280.7 279.1 277.3 275.4 272.5 269 264.7 258.6 258.7 259.7 256.7 252.7 249.9 249.2 248.8 249 250.5 250.4 250.6 254.5 259.9 255.9 255 255.7 263.5 272.6 276.4 276.3 278.7 281.3 286.2 292.6 298.9 302.3 304.3 306.9 309.5 315 321 323.1 324.1 321.9 319.6 317.8 317.1 315.3 313.1 313.1 312.6 313.7
362.8 362.7 368.9 366.7 367.3 369 366.8 363.4 361.2 357.5 354.7 353.7 353.3 349.9 344.6 340 334.8 328.5 321.4 314.3 307.3 301.3 298.2 294.7 291.1 286.4 283.4 279.3 276.5 275.7 273.8 271.5 268.6 266 260.9 256.8 256.6 256.6 254 251.1 248.8 248.9 249.1 249.1 250 249.9 251.3 253.3 257 255.1 255.1 256.3 264 272.8 276 276.3 279 282.6 287.2 293.8 300 303.8 306.5 309.2 311.6 317.3 322.9 325.2 325.9 324.4 323.4 321.2 319.7 317.4 315.4 314.9 314.7 312.7
364.3 367.8 369.1 370.4 372.6 372.8 370.5 367.8 364.1 360.7 357.6 355.3 351.5 347.2 342.3 337.4 331.7 324.4 315.9 308.8 303.5 299.1 295.3 291.7 288.7 284.3 279.4 275.7 272.7 272.4 270.3 267.7 264.7 261.8 255.1 251.8 251.3 251.7 250.6 250 249.8 250 249.4 249.3 249.4 249.6 250.7 253.1 253.6 254.5 255.2 257.9 262.3 272.8 275.4 276.4 279.8 284.1 288.6 295.7 301.5 305.6 308.5 311.8 314.4 319.2 326.1 326.5 328.4 328 325.9 323.8 321.7 320.6 317.8 317.8 317.5 314.8
366.5 370 372.3 375.3 376.2 374.3 371.6 369.6 365.7 361.5 357.6 354.5 348.9 343.4 337.2 333.5 326.6 319.1 310 304.6 301 297.4 293.3 288.7 285.3 281.1 276.5 273.1 269.8 268.8 267 263.4 258.3 252.6 252.5 252.8 252.1 251.6 250.7 250.6 250 249.8 249.6 249.5 249.6 249.7 250.1 253.4 254.9 254.6 256.1 257.1 264.7 273 274.9 277.1 278.5 285.4 289.6 296.1 302.9 306.7 310.4 313.9 316.7 321.7 327.8 328.4 332.4 330.6 328.7 326.7 324.7 322.9 320 320.2 319.7 316.2
368.9 370.5 374 378.6 379.9 374.9 372.6 370.6 365.5 361.5 357.9 354.6 348 340.1 333.9 328.5 320.9 313 305.4 302.2 298.9 295.3 291.7 287.8 282.9 277.8 272.4 270.1 266 265.3 262 259.6 252.4 252.8 252.7 253 252.8 252.5 251.8 251 251.8 250.6 249.7 251.3 250 249.9 250.4 252.3 255.6 255.9 257 257.6 264.5 271.9 274.7 276.9 278.6 286.4 290.3 296.6 304.6 309.1 313.6 315.6 318.9 323.8 329.1 331 335 332.8 330.8 329.2 327.5 324.6 322.1 322.4 321.2 317.7
372.3 373 376.8 379.2 379 375.7 374.7 370.8 365.3 361.6 358.4 353.9 346.6 338.4 330.2 323 315.1 307.2 303.1 299.7 296.7 293.6 290.5 286.9 281.2 273.5 268.8 266.9 264.5 266 263.3 257.2 254.6 253.7 253 253.1 252.8 252.5 251.8 251.8 253.1 251.4 250.8 252.2 250.5 250.3 250.7 253.1 255.7 257 257.8 258.2 262.9 269.7 274.5 277.5 279.5 287.8 291.9 297.7 305.8 310.5 315 317.5 321.3 326.2 330.7 333.2 334.3 335.3 332.9 331.1 329.6 326.7 324.1 323.4 322.7 320.3
378.5 380.3 381.1 380.9 379 376.9 374.2 369.6 366.3 363.3 360 353.3 345.5 333 322.8 314.5 309 303.6 300.5 297 294.1 291.1 288.3 285.6 280.7 274.1 267.6 265.5 266.1 269.3 264 256.2 256.9 255.9 254 253 252.7 252.4 251.7 252.5 254.3 253.1 252 252.6 251.1 250.6 251.9 254.4 255.7 256.5 257.7 259.2 260.7 267.2 272.9 276.9 281.5 288.4 292.9 299.2 305.9 311 316.6 319.4 323.9 328.4 332.9 335.5 335.6 338 335.6 333 331.6 328.2 325.2 324.8 323.5 322.3
386.7 384 385.3 382.7 379.9 377.3 373.7 370 367.3 363.9 359.5 350.4 340 329.3 321.1 314.6 307.6 302.4 297.1 293.9 291.2 288.5 286.6 284 280 273.7 267.6 265 268.2 269 263.5 255.2 262.1 261 255.9 253.3 252.8 252.3 252.9 255.7 257.6 255 253.9 252.4 251.3 251.2 253.1 254.4 257 260.4 257.9 258.9 259.7 263.7 270.1 276.9 281.8 289.2 294.5 300.3 307.3 312.7 318.6 322.6 326.5 330.9 335.4 338.1 337.6 337.8 337.9 335.2 333.5 330.1 326.5 325.3 323.1 322.1
390.4 389.2 387.4 384.9 381.8 379.4 376.7 371.8 367 360.5 353 343.5 332.7 324.7 318.5 312.9 306 300.2 295.3 291.5 287.7 286.3 284.7 282.1 278.6 273.1 267.6 264.1 268.7 266.8 260.4 257.1 264.5 263.1 257.5 254.7 255.1 255 256.7 259.5 261.2 258 258 253.2 251.4 252.4 253.4 256.2 260.3 264.3 264.6 259.6 259.2 260.7 265.7 275.3 281.7 289.4 295.1 300.6 307.5 314.8 321.1 325.5 328.8 333.3 338.4 341.3 339.7 338.8 338.6 337.4 335.6 331.5 327.2 324.9 322.2 321.9
397.6 394.6 391.3 388.4 385.1 380.7 376.1 370.9 363.5 352.9 346.4 337.5 328.8 320.6 315 309.8 304.4 298 293.6 289.4 285.7 283.9 282.2 280.4 277 272 267 264.4 266.9 262.3 257.4 262.7 266.6 264 258.5 256.5 257.3 257.8 259.8 262.6 265.9 263.9 262.5 255.4 252.8 253.5 255.9 259.3 263.1 267.2 268.3 265.5 261.8 261.8 264.7 273.8 280 289.5 295.2 301.2 309.3 316.9 323.5 328.4 331.9 335.2 339.2 341.8 340.9 339.3 337.9 337.5 337.1 331.8 328 324.1 321.5 321.1
403.5 399.2 395.6 394.4 389.7 384 374.6 367.9 360.5 350.6 340.8 330.9 324.3 317 311.8 306.2 300.6 296.1 291.1 286.7 283.7 279.2 276.8 278.6 276.1 271.4 267.3 264 263.5 256.5 257.4 265 267.6 263.9 258.8 259.6 260.6 261 263.1 267 271.3 269.7 266.3 258.4 255.3 256.2 258.7 262.5 266.3 270.1 271.2 270.1 267.7 261.8 261.8 273.4 279.6 289.6 296 301.8 310.4 318 325 330.7 334.6 337.2 340.4 340.4 340.8 339 337.3 336.4 334.3 330.1 326.3 322.5 318.7 318.9
409.7 402.7 399.9 398.2 393.9 386.3 374.4 365.8 357.7 348.8 334.9 326.5 319.3 312 307 302.5 297.8 294.4 289 284.4 279.2 276.8 276.8 276.8 276.7 271.9 266.6 261.6 259 258.6 259.1 265.1 266.5 263.5 262 262.8 263.7 264.3 266.4 270.8 275.1 274.8 269.9 260.8 258.3 259.3 262.1 266.1 270.1 274 274.8 273.4 273 265.2 262.9 270.7 279.8 288.9 295.1 301.3 310.4 318.2 326.3 332.7 336.1 338.5 341.8 341.3 340.7 339.3 337.7 336.1 332.8 328.1 323 318.8 316.5 316.5
415.7 404.6 402.2 398.1 396.6 384.7 373.8 363.1 350.6 338.4 327.4 320.4 313.3 307.6 302.4 298.1 294.4 291.6 287.5 282.4 276.8 276.8 276.8 276.8 276.8 270.5 265.5 261.3 259.4 258.4 260.7 265.5 265.5 264.7 264.6 265.3 266.7 268.5 270.8 276.8 278.1 277.5 272.9 262.3 262 261.9 265.4 270.5 274.2 278 278.1 277.3 276.5 272.7 266.4 267.4 279.8 287.4 293.6 300.6 310.5 319 326.8 333.2 338.2 340.3 341.9 341.3 340.1 339.5 336 333.5 329.8 325.3 321.6 317.8 314.3 312.6
409.1 404.7 400.9 396.8 390.3 380.9 369.4 355.3 340.9 329.7 321.4 316 309.6 302.9 297.5 294.1 291 288.4 284.7 278.9 276.8 276.8 276.8 276.8 276.8 276.8 265.2 262.1 258.2 260.5 262.2 265.1 265.5 265.2 265.5 267.6 270.3 272.7 276 281.6 281.7 280.6 273.8 265.1 267.3 267 267 273.4 278.9 281.5 280.9 280.6 280.8 280.7 279.3 268.8 271.5 285 292.9 300 310.3 318.4 327.2 333.3 338.7 340.9 341.1 340.8 339.1 336.5 333.2 330.7 327.1 322.7 319.2 316.3 313.2 309
407.1 401.9 397.5 393.2 384.6 372.4 357.9 344.6 332.1 323 316.2 310.1 303.6 298.1 293.4 290.4 287.1 283.7 279 276.8 276.8 276.8 276.8 276.8 276.8 276.8 276.8 258.1 261.4 262.3 263.5 264.1 265.5 265.9 267.6 270.4 274.8 277.6 281.4 286.1 285.3 283.3 274.9 269.6 271.8 272.6 272.3 272.7 279.7 284.9 283.8 283.9 284.6 283.4 281.5 270.3 270.6 279.5 290.5 299.8 310.6 318.4 326 333.3 338.5 341.3 341.1 339 338.5 335.4 330.3 327.3 323.7 318.6 315 313.2 309.4 306.1
401.7 397.3 392.1 384.3 374.4 359.9 348.2 336.8 324.4 316.4 310.3 304.1 298.5 293 288.9 285.9 283.1 280.6 276.8 276.8 276.8 276.8 276.8 276.8 276.8 276.8 276.8 276.8 263.2 264.8 265.4 267.6 267.6 268.6 271 274.5 280.1 283.7 286.7 289.1 287.6 284.5 274.7 275 276.5 277.1 279.5 281.9 287.4 283.3 287.6 288.3 288.7 286.2 278.6 274.1 270.8 278.4 286.3 298.7 308.5 316.6 324.4 332.2 337 339.6 338.7 336.2 334.9 331.4 327.5 323.6 318.3 312.9 308.8 306.3 304.5 303.8
397.1 390.4 382 373.1 360.5 349.1 338.8 326.6 316.3 309.8 302.7 297.8 292.6 288 284.6 281.9 279 276.8 276.8 276.8 276.8 276.8 276.8 276.8 276.8 276.8 276.8 276.8 272.8 267.8 269 270.5 270.9 271.7 274.6 280.9 286.4 288.5 290.3 289.6 287.6 283.3 277.7 280.4 281.9 282.2 283.5 286.6 291.8 289.6 287.1 292.7 292.7 290.2 281.7 279.4 271.8 277.3 279.6 293.9 303.8 312.9 320.9 328.6 333.1 336.9 336.4 334.5 331.4 328.5 324.6 319.4 312.1 308.6 305.3 302.1 301.9 300
391.6 378.9 368.6 360.1 348.7 338.7 327.2 316.8 309.5 301.9 295.9 291.9 288.1 284.5 280.5 277.8 276.8 276.8 276.8 276.8 276.8 276.8 276.8 276.8 276.8 276.8 276.8 276.8 276.8 273.4 272.7 273.9 274.1 273.7 279.9 287.9 291.9 292.2 292.3 290.1 288 283.1 282.6 284.5 286.6 286.4 287.3 290.6 296.4 297.2 292.9 297.2 297.2 293.3 284.4 284.7 272.7 272.3 276.9 287.8 298.1 307.4 316.4 324.5 330.3 333.7 334.2 333.1 330.4 324.9 321.6 315.8 309.4 306.4 304.5 300.8 298.5 295.2
377.8 366.7 356.2 348 337.4 328.1 320.4 309.3 302.1 295.8 291 287.7 284.2 280.8 276.8 276.8 276.8 276.8 276.8 276.8 276.8 276.8 276.8 276.8 276.8 276.8 276.8 276.8 276.8 276.8 277.8 280.2 278.5 280.3 286.2 294.4 298.9 295.2 293.5 291.5 287.9 286.8 287.7 289.5 291.2 290.7 292.1 294.4 299.6 300.9 297.5 302.2 301.6 295.7 286.5 286.5 279.5 273.1 274.6 279.2 287.3 297.2 308.5 318.6 326.2 330.2 332.4 331.7 329.2 324.1 318.1 312 307.6 305.2 303.9 299.2 297.3 291.2
365.7 356.6 347.8 337.1 327.6 319.6 311.2 299.4 293.9 288.8 286.1 282.7 277.2 276.8 276.8 276.8 276.8 276.8 276.8 276.8 276.8 276.8 276.8 276.8 276.8 276.8 276.8 276.8 276.8 277.6 282.5 286.7 285.6 285.2 292 300 302.4 298.7 294.7 291.5 291.6 293.2 292.5 294.4 295.1 294.8 296.7 298.4 302.8 303.2 303.5 305.7 304.9 299.5 293.2 286.5 280.9 274.5 277.6 276.9 279 287.9 301.3 314.6 321.8 327.2 329.8 329.8 327.2 321.8 315.8 309.7 305.7 304.1 303.2 298.6 294.6 288.3
353.6 346.7 337.4 328 321.1 312.1 303.1 294.4 289.2 284.4 277.1 276.8 276.8 276.8 276.8 276.8 276.8 276.8 276.8 276.8 276.8 276.8 276.8 276.8 276.8 276.8 280.7 280.1 284.7 285.1 289.7 292.9 292.3 290.3 298.1 305.6 304.7 300.6 294.3 296 296.3 297.9 297.1 298.9 299.4 298.8 300.3 302.9 306.5 306.6 306.8 307.7 309.2 303.6 296 289.2 282.2 276.3 277.2 279.3 279.1 279.5 292.5 309.3 317.2 323.6 325.6 327.2 325.2 319.6 313.6 307.6 304.8 303.2 302.6 297.9 293.5 287.4
343.2 334.8 326.4 321.7 311.4 300.6 295.8 290.5 286.3 276.8 277.3 276.9 276.8 276.8 276.8 276.8 276.8 276.8 276.8 276.8 276.8 276.8 276.8 276.8 281.1 285.6 289.9 291.9 291.7 291.2 296.5 299.2 299.1 296.4 303.6 309.3 307 302.8 299.1 299.4 300.5 301.3 301.7 304 304.6 304.2 304.3 307.1 309.8 309.8 307.9 310.8 312.4 306.4 299.2 292.8 283.9 280.6 278.3 278.8 279.6 279.4 281.1 303.5 313.4 320.2 323.4 324.2 322.3 317.8 311.7 306.8 304.6 302.9 301.4 295.8 290.3 287.3
