app/static/ascii/NY57.asc
ncols 200
nrows 200
xllcorner 350000
yllcorner 570000
cellsize 50
[rows 0 to 34 of 200, columns 78 to 155 of 200]
208.3 202.3 196.7 191.3 184 168 165.7 166.1 176.7 179.8 185 190.3 195.9 201.3 206.4 210.5 215.6 219.3 217.8 226.8 228.4 226.3 228.6 232.8 233.5 234 234.5 235.8 237.7 239.5 240.1 240.1 240 240 239.2 237.8 236.6 235.5 233.2 231.2 229.2 226.5 221.9 213.8 212 213.9 212.8 214.1 211.7 208.6 207.1 205.6 203.8 195.7 198.3 201.1 204.6 208.9 211.8 215.5 219.2 222.7 226.5 232 236.1 240.1 245 249.3 254.7 261 266.6 271.9 278 284 290 295.3 299.8 302.2
205.7 200.5 196.1 190.8 184.2 170.1 165.4 169.3 174.8 179.8 185.3 191.5 196.7 201.5 206.2 210.5 215 220.5 219.3 221.7 223.3 222.6 224 227.6 228.5 229.2 230.2 233.1 235.4 236.8 237.5 237.5 237.3 236.9 236.8 235.3 233.8 231.7 229.6 227 224.4 221.8 217.7 211.4 208.3 208.6 206.9 207.3 205.7 202.9 202.7 202.4 200.4 195.3 198.5 202.2 205.9 209.7 213.3 216.9 220.3 224 228.2 232.1 235.8 239.7 244 249 254.8 260.8 266.8 272.7 278.7 285.4 291.5 297.3 303.1 306.4
203.3 198.2 194.1 189.7 183.3 170.3 163.9 166.4 173.6 179.1 186.3 192.9 197.6 202.1 206.5 211 215.4 219.3 222.1 222.2 219.8 220.5 221 220.3 222.6 223.6 226.4 231 233.2 234.5 234.9 234.8 234.5 234.2 233.8 232.5 230.4 228.4 226.2 223.6 220.7 217.7 213.6 209.4 204.2 203.5 204.2 201.6 199.3 197.8 197.8 197.7 195.6 194.3 198.6 203.4 207.3 210.6 213.8 217.2 220.6 224.1 228.2 231.8 235.6 239.5 244 249.1 255 261.1 267.3 273.5 280.2 287 293.1 299.1 305 310
201 195.6 191.3 187 180.9 171.9 164.3 165.4 172.5 179.6 187.3 193.8 198.5 202.4 206.3 209.5 213.2 217.2 219.6 221.3 218.2 218.2 218.3 217.5 216 219.3 224.4 229.2 230.9 231.6 231.8 232 231.7 231.3 230.8 229.1 227.1 225 222.7 219.6 216.6 213.5 209.4 206.2 202.7 198.8 199.7 197.4 196.4 195.4 195.7 194.6 193.4 193.9 198.4 204.1 207.8 210.9 213.9 217.5 221 224.4 228 231.4 235.3 239.6 244.2 248.7 254.2 260.8 268 275 281.7 288.5 294.8 300.9 307 312.9
198.5 192.7 188.4 183.9 178.3 167.4 163.4 164.3 172.5 180.2 188.6 194.9 198.9 202.1 205.4 208.6 211.7 215 217.5 218.3 217.6 216.2 215.5 214.7 213.8 214.9 219.6 225.7 227.7 228.3 228.5 228.4 228.3 228.1 227.8 225.8 223.7 221.5 219.2 215.9 212.5 209.4 205.7 201.7 198.7 194.7 197 196.6 195.5 194.6 193.5 191.2 191 192.9 198.6 204.5 207.6 210.7 213.5 216.7 220.2 223.6 227.2 230.7 234.6 238.9 243.7 248.5 254.2 261.2 268.4 275.6 282.8 289.9 296.5 302.7 309.2 315.3
195.3 189.7 184.7 180.3 174.8 165.8 162.5 163.8 173.2 180 188.1 195.3 198.7 201.9 204.7 207.9 211.1 214.1 216.3 216.9 216.9 215.6 214.2 212.4 213 212 213.5 221.2 224.1 225 225 224.8 224.6 224.4 224.2 222.5 220.3 218.1 215.7 212.1 208.3 204.7 201.1 197.2 196.1 194.7 194.9 197.5 195.9 196.3 193.7 189.8 190.3 192.9 199.4 204.1 207.1 209.9 212.5 215.5 218.9 222.5 226.1 229.9 233.8 238 242.6 248.2 254.6 261.8 268.9 276.1 283.2 290.4 297.6 303.9 310.8 317.2
191.5 186.7 182.1 177.2 172.2 164.9 162 163.6 172.7 179.9 186.3 194.9 198.1 201 204.1 207.4 210.5 213.1 214.8 215.2 216 215.2 213.9 212.3 211.9 210.7 208.4 216.9 219.8 221.5 221.4 221.1 220.8 220.6 220.4 219.4 217.6 215.6 212.8 208.6 203.6 200.2 197.1 193.1 190.3 187.9 193.4 195.3 196.7 197.8 188.3 191.1 190.7 193.2 198 202.6 206.2 208.8 211.6 214.1 217 220.6 224.4 228.5 233 237.3 242.3 248.3 255.3 262.5 269.6 276.6 283.7 291 298.2 305.1 312.1 318.8
187.6 183.5 179.4 175.1 168.4 164.2 160.1 164.3 173.2 178 185.4 193.9 197.1 200.3 203.3 206.7 209.8 212.1 213.4 214.3 215.1 215.2 215.2 212.4 208.2 207 206.7 213.7 215.6 217.3 217.7 217.6 217.6 217.3 217 216.7 214.9 212.5 209.6 204.7 199.8 196.4 193.3 189.6 184.4 190.9 190.1 185.1 191.3 194.3 187.2 190.2 194.2 194.8 194.1 200.1 204 205.6 207.8 209.8 212.5 217.5 222.1 226.8 231.7 235.5 242.1 247.5 255.2 263 270.5 277 283.4 290.5 297.7 304.2 311.7 318.4
184 180.1 176.4 172.3 164.9 162.4 159.9 164.9 171.8 176.7 187 192.9 196.9 199.9 202.9 206.2 209.1 210.4 211.6 212.7 213.7 215 214.9 212.2 208 204.2 205.7 209.6 211.4 213.1 214 213.9 213.8 213.8 213.7 213.5 212 209.3 206.1 201.3 196.6 192.9 189.5 179.8 181.3 181.6 183 184.2 184.8 185.7 186 192.3 198 200.9 203.1 205.7 208.6 210.5 210.6 208.2 210.4 213.5 220 225.2 230.4 232.8 236.5 246.9 255 263 269.8 276.3 282.9 289.5 296 302.4 309.6 317.3
183.3 179 174.2 169.2 163.4 159.8 159.6 163.2 169.7 179.5 187.2 192.3 196.6 199.9 203 206.3 208 208.7 209.5 210.6 211.7 213.2 213.5 211.7 208 204.3 203 205.2 207.1 208.9 210.2 210.2 210.1 210.4 210.5 210.2 209.3 206.3 202.9 199.1 194.4 189 178.8 180.2 180.4 181.8 183.4 185.8 186.9 186.8 190.2 197.4 202.2 206.1 208.3 210.9 212.7 214.2 216.1 216.2 218.7 219.8 221.5 225.5 229.5 236.3 243.5 249 255.8 263.1 269.3 275.5 282.1 288.3 294 300.1 307.1 316
184.2 178.1 173.7 170.7 163.8 158.9 159 160 171.7 179.1 187.3 192.1 196.8 200.4 203.2 205.9 207 207.2 207.8 208.6 209.7 210.5 210.9 209.9 207.9 205.4 202.4 200.9 202.8 204.6 206.4 206.6 207 207.4 207.2 206.9 206.4 202.9 199.4 196.1 193 188.1 180.7 178 180.5 184.8 188.5 191.9 192.7 194 198.9 203.1 207.6 210 212.3 214 215.8 217.8 219.7 220.9 222.1 223.2 224.4 226.4 230 234.8 243.2 248.7 256.6 263.4 269.4 275.7 281.9 288.4 294.6 300.6 308.5 317.4
185.7 179.7 173.7 169.9 161.1 158.9 158.1 158.6 164.4 180 186.4 191.8 196.8 200.6 203.6 205.3 205.7 205.7 206 206.9 207.2 207.3 207.3 207.2 206.8 206.2 203.3 199.8 198.9 200.9 202.9 203.6 204 204.3 204 203.7 203.1 199.8 196.8 193.9 191 186.4 176.9 176.6 181.9 187.2 193.5 197.7 199.2 201.7 205.1 208.9 211.7 213.6 215.4 217 218.9 220.8 223.1 223.8 225.5 226.6 227.6 229.5 233.3 237.6 243.4 249.5 256.3 263.8 269.6 275.8 282.4 289.2 295.4 302.5 310.7 319
187.2 180.3 174.1 169.4 163.4 157.2 158 157.4 165.3 180.2 185.2 190.5 195.8 200.1 203 204.6 204.8 204.7 204.6 205.1 205 204.9 204.9 204.9 205 204.3 202.3 198.7 196.4 197.8 200 201.6 201.2 201.1 200.8 200.6 199.8 197.4 195.3 192.4 189.9 179.2 175.5 179.5 184.3 191.3 198.1 201.3 203.4 206.3 209.1 211.8 214.3 215.8 217.5 219.6 221.9 224 226.4 227 228.4 229.6 230.6 232.3 235.5 241.3 247.5 253.3 256.8 256.2 269.7 275.8 283.1 290.3 297.5 304.8 312.6 320.5
187.7 181.6 175.5 170.2 164.9 157 156.5 164.8 175 180.3 185 189.9 194.6 199.1 202.3 203.8 203.7 203.4 203.2 203 202.7 202.6 202.5 202.4 202.6 201.3 198.6 196.6 195 194.4 197.2 198.9 198.5 198.1 197.7 197.2 197.1 196.4 194.6 191.6 188 175.9 176.1 183 189.5 195 201.4 204 206.5 209.2 211.8 214.4 216.7 218.2 219.7 221.5 224 227.3 229.5 230.2 230.7 232.1 233.5 235.5 239.1 244.9 250.5 256.4 260.6 264.6 267.5 274.8 280 291.1 298.9 306.9 314.6 322.6
190.4 184.1 178 171.8 165.8 156.1 156.4 166.3 174.3 179.2 184 188.9 193.6 198.2 201.2 202.6 202.3 202.1 201.5 201.1 200.6 200.5 200.1 200 199.6 198.5 197.2 195.5 193.9 192.7 193 194.4 194.4 194.7 194.2 193.9 194.3 193.8 193.4 190.6 176.3 175 178.7 187.2 192.3 198 202.9 205.9 209.1 211.9 214.5 217.1 217.9 219.4 221.1 223 226.1 229.5 232.1 233 233.1 234.8 236.4 238.6 241.7 247.2 253 258.7 263.6 268.6 273.7 278.8 285.5 284.5 297.6 306.5 317.5 325.8
189.4 185.2 180.6 174.2 167.4 159.6 155.8 162 173.7 178.5 183.1 187.9 192.6 197.3 200 201.2 200.9 199.8 199.2 198.7 198.7 198.8 198.8 198.5 198.1 197.5 196.8 196.2 193.7 192.2 189.5 189.8 189.7 190.1 190.8 190.8 191.2 190.8 190.4 189.7 174.4 174.6 181.7 186.6 192.5 199.7 204.4 207.6 210.7 214.1 217.1 218.4 218.7 219.4 220.7 223.6 226.8 231.4 233.4 234.4 235.8 236.8 238.5 240.9 244.1 248.9 254.7 261.2 266.8 272.1 277.5 283.3 290.4 297.3 302.4 312.4 311 327.8
187.2 185.1 181.9 176.2 170.5 163.5 153.5 163.4 173.3 178 182.7 187.1 191.7 196.2 197.9 198.6 197.8 197.2 196.5 196.4 196.7 196.8 197 197.2 197 197.4 196.7 196 195.3 194 192.4 189.8 186.2 186.9 187.3 187.5 187.6 186.7 186.9 187.1 175.7 173.3 182.9 186 193.5 200.2 205.1 208.5 211.9 215.2 217.8 218.7 218.7 218.4 220.6 223.6 228.5 231.3 233.8 235.9 238.5 239.5 240.6 243.3 246.5 250.9 256.3 263.5 269.7 276 281.4 288 295.1 301.8 309.5 317.7 326.1 327.5
181.6 184.1 181.4 178.2 173.8 164.8 154.2 160.2 172.2 176.9 181.6 185.6 189.2 193.2 194.8 195.3 194.7 194.1 193.5 193.9 194.4 194.6 194.7 194.8 196 197.1 197.2 196.7 196.3 195.4 194.3 193.5 190.7 188.3 183.2 183.7 179.8 177.2 173.8 174.4 170.6 172.4 182.3 186.1 194 200 205 208.9 212.4 215 216.5 217.9 218.6 218.3 219.4 222.3 228 231.7 234.6 238.8 242.3 244.6 246 246.9 250 254.6 259.2 266.3 272.5 278.9 285.4 292.1 299 305.8 313.8 322.2 330.9 338.7
180.1 180.4 180.4 178.5 175.7 166.7 153.8 158.4 175 177 180.6 184.3 187.1 189.9 191 192 191.6 191.2 191 191.5 192.1 192.2 192.3 192.6 193.6 194.5 195.7 195.6 195.3 195 194.6 193.6 192 190.3 187.8 185.6 186.9 187.7 176.8 170.4 172.6 178.4 179.2 186.4 193.6 199.3 204.3 207.7 211.4 213.7 215.2 216.7 217.5 216.2 217.8 221.5 226.4 231.8 236.1 240.4 244.8 248.3 248.5 251 254.1 259.5 265 271.4 277.6 283.3 289.4 295.8 302.8 309.7 317.8 326.1 334.1 341
180 178 177.2 177 176.7 170.9 154 156.8 173.7 176 178.3 181.6 184.9 187.1 188.3 189.3 190 189.9 189.7 190 189.9 189.8 190 190.6 191.7 192.6 193.5 194.3 193.9 193.7 193.8 193.2 192.6 191.9 190.5 188.4 182.5 170.4 171.8 172.2 177.1 183.3 184.9 185.2 188.7 196.9 203.4 205.3 209.3 211.2 212.8 214.5 213.8 216.1 218.2 225.8 229.4 233.4 237.2 241.5 245.4 248.7 251.3 254.2 258.2 263.4 269.2 276.3 282.9 288.5 294.2 299.1 306 313.8 320.8 328.6 336.4 342.8
177.9 178.1 177 174.4 175.4 173.5 156.4 152.5 168.4 171.3 173.6 177.8 181.7 184.2 185.9 187.5 188.3 188.5 188.7 187.9 187.7 187.5 187.6 188.5 189.7 190.8 191.7 192.7 192.8 192.9 193 192.7 192.3 192.3 190.4 185.7 169.8 170.4 173.5 179.9 185.8 189.5 191 195.5 197.4 198.6 195.1 199.8 204.8 207.9 209.8 208.7 213.1 217.9 222 228.8 232.3 234.9 239 242.5 246 249.3 252.9 256.5 261.7 266.5 273.4 280.3 287.6 292.4 296.9 302.8 310.6 318.1 325.3 332.1 338.7 344.9
176.2 176.3 176.5 175.8 172.9 173.2 163.2 153.3 160.1 167.5 168.5 171.6 177.6 181.8 185.2 187.6 188.5 188.6 188.2 186.8 186.1 185.4 185.3 186.4 187.3 188.1 189.6 191 191.6 191.8 192.1 192.1 191.5 190.3 187.5 175.8 170 172.5 181.4 188.7 194.3 197.4 200.1 203.2 204.6 206.4 207.6 209.3 209.7 207.4 207.4 209.8 213 219 222.7 229.6 234.2 236.7 240.2 243.6 247.4 249.8 253.8 259.1 264.8 270.8 276.7 283.7 290.5 297.2 302.3 309.3 317 323.6 330.6 337 342.8 347.9
174.9 175.1 175.3 174.6 173.3 171.2 169.3 156.7 151.4 158.5 162 171.7 180 182.6 185.7 188.1 189 188.6 187.4 186.1 184.9 183.5 182.4 182.5 183.4 185.3 187 188.6 190.3 190.9 190.9 190.5 189.6 186.9 183.4 173.7 168.6 177.1 184.6 192.6 199.1 203.8 207.4 208.9 211.3 213.4 214.9 214.6 213.6 211.9 211.8 210.8 214.4 219.2 223.1 229.3 234.8 239 242 244.8 247.6 250.2 255.2 260.5 267.3 273.7 280.2 287.9 294.7 301.3 308.7 315.8 323.1 330 335.1 339.3 343.7 349.3
173.5 173.9 173.9 173.4 172.8 169.7 165.1 165.4 158.3 149 159.5 171.3 180.3 182.7 185.9 188.6 189.7 188.9 186.8 184.9 182.8 180.5 178.9 178.6 179.6 182.9 185.1 186.9 188.6 189.7 189.3 188.8 186.7 183.6 180.7 168.1 169.9 177.9 186.2 194.9 201.1 206.2 210.7 213.8 216.5 217.5 218.3 218.4 218.7 216.8 215.1 214.4 215.8 219.4 224 228.8 234 239 242.4 245.2 247.6 250.6 255.6 261.7 268.8 276.1 284.7 292 298.9 305.8 313.3 321.1 328.3 332.3 336.1 340.1 344.6 349.5
171.3 172.6 172.6 172 170.9 170.7 169.6 167 162.8 153 151.9 167.8 178.9 182.3 184.8 187.4 189.8 188.5 186.1 183.5 181.1 178.3 175 175.5 176.6 180.5 183.3 185.3 186.9 187.9 187.8 186.8 184.7 181.7 175.3 167 172.9 178.1 187.1 196.3 202.3 207.3 211.9 216.5 219.5 220.4 221.3 221.8 221.4 220.7 219 218.9 219.3 221 224.4 228 232.8 237.3 241.6 244.7 247.8 250.8 256.3 262.6 270 277.9 286 294.4 301.7 308.8 316.9 323.9 328.8 332.2 336 340.2 344.2 349.1
169.1 170.4 170.9 170.1 169.4 169.2 168.7 166.2 163 153.5 148.4 165 175.5 182.2 185.7 188.2 189.7 188 185.1 182.4 179.4 176 173.1 172.9 174.5 178.8 181.4 183.2 184.6 186 185.2 183.5 181.9 180.6 168.5 167.1 173.4 178.5 187.4 196.2 202.3 208.1 212.7 217 220.7 222.5 224.1 224 223.7 221.6 220.1 221.6 222.5 224 226.8 230.8 234.5 239.2 242.9 245 247.5 252.4 257.4 262.9 269.7 277.2 285.9 295.1 302.9 310.8 317.9 322.8 327.2 330.6 333.1 338.6 341.7 346.4
166.3 168.2 169.1 168.4 167.7 167.1 166.5 165.3 163.1 152.3 158.6 163.9 171.9 182 186.4 188.3 189.6 187.9 184.9 182 178 174.8 171.7 170.8 172.3 175.9 179 180.5 181.8 182.6 182.3 180.5 179.8 179.2 167.4 167.5 175.1 181.8 190.7 197.3 202 208.7 214.1 218.1 221.3 223 224.2 224.4 223.3 221 221.2 223.9 225.7 227.1 229.7 232.4 236.2 241.2 244.1 246.3 249.1 254 257.3 262.1 267.1 275.2 284.6 293.4 302.6 310.7 316.9 321.1 325.9 325.9 332.1 334.9 339.4 347.5
160.1 165.2 166.5 166.8 166 165.3 164.6 163.6 161.9 148.1 155.4 163.5 169.2 177.8 183.2 187.7 189.7 187.8 184.8 181.3 177.5 174 170.9 169 169.6 172.5 175.6 177.8 179 179.4 179.8 179.1 178.4 178.4 165.7 170.6 177.9 185.7 194 200.1 205.4 211.5 215.5 218.5 221 222.3 223.4 222.4 221.9 220.2 220.8 223.2 225 226.2 228.8 232.1 235.9 240.9 244 247.3 250.1 254.1 257.1 259.7 263.5 271.9 281.9 291.8 301.6 310.6 315.8 319.6 321.8 322.7 328.3 332.9 339.5 353.8
157.8 161.8 163.6 164 164 163.4 162.9 162.1 160.6 148.1 158.8 162.3 168.3 175.9 181.4 183.2 188.5 186.8 183.6 180.2 176.8 174 171.5 169.1 168 168.8 171.8 174.4 175.8 176.4 177 176.3 176 166.5 167.3 173.4 180.4 188.3 196.1 202 207.6 212.6 215.8 218.7 220.5 221.6 221.8 221 220.2 219 219 220.1 221.2 223.2 226.5 229.7 234.1 239.1 243.2 246.4 249.9 252.6 253.5 252.4 260.1 267.6 275.1 282.3 286.5 300.9 308.7 310.2 316.2 319.9 324.9 333.2 341.2 355
154.8 158.7 160.2 160.9 161.7 161.6 161.1 160.5 158 147.3 158.6 161.9 167.4 174.9 181.5 183.8 184.2 184.9 181.1 177 173.1 172.2 170.8 169.1 167.2 166.1 167.6 170.1 171 172.4 173.3 172.5 170.6 165.3 170 177.1 183.7 191.5 197.2 202.4 207 211.4 215.6 217.9 219.5 220.7 220.3 219.3 218.8 217.5 216 217.1 218.2 220.1 224 227.4 231.9 236.8 241.3 246.1 249.3 245.8 242.3 252.5 251.8 258.6 263.7 275.2 298.9 311.7 307.7 310.7 317.9 322.3 331.3 339.5 347.2 357.6
155.9 154.8 156.5 157.4 158.4 159.6 159.7 158 150.5 153.3 159.2 161.9 166.5 172.9 179.8 183 179.6 177.5 175.7 172.8 171.3 167.4 167.8 167.6 166.6 165.1 165.1 165.4 166 167.7 167.4 166.2 164.8 167.8 175.8 180.2 185.8 192.8 197.5 201.8 206.1 210.1 213.5 216 218 219 218.2 217.4 216.3 215.1 213.8 214.3 215.5 217.8 221.2 224.9 229.4 233.5 238.1 244.4 244.8 241.6 253.4 258.2 262.7 260.3 272.3 284.4 298.3 305.9 305.2 305.2 316.8 325.2 336.3 342.3 349.6 360.5
152.8 150.7 153.1 153.9 155.1 156.5 157.1 152.5 148 157.4 159.3 161 164.4 171 177.2 181.3 180.5 177.7 175.7 172.7 170 169 165.9 166.1 165.8 164.9 163.7 163.8 163.6 162.1 161.6 164.3 169.1 173.3 176.5 181.4 186.9 192.6 197 201.3 205.2 208.7 211 213.7 215.3 216.5 215.9 215.1 213.8 212.3 211.4 211.8 212.7 214.8 216.5 220.4 224.8 228.6 232.4 239.6 231.7 249.7 257.6 263 267.7 270.5 275.9 276.1 287.9 294.8 302.2 312.5 320.9 331.2 340.1 347.9 353.3 362.1
149.2 147.5 149.9 150.5 152.3 154.1 153.9 146.2 150.6 155.9 158 160.1 163 167.6 173.3 177.2 175.7 173.4 171.8 170.8 167.8 165.8 163.8 164 164.6 164 162.9 163.4 162.6 160.8 162.2 167.2 170.9 174.1 177.3 181.7 187 191.3 195.8 200.2 203.8 206.8 208.3 211 212.5 213.7 213.4 212.6 211.9 210.4 208.8 208.4 210.4 212 212.4 215.6 216.1 221.9 224.3 231.1 241.5 253.2 260.2 266.6 270.4 274.6 280.8 286.2 290.4 295.5 303.9 312.6 324.5 337.7 345.7 351.5 359 364.5
146.3 147.3 147.8 148.4 150.8 152.7 152.3 147.1 153.5 156.7 157.4 159.2 162.4 166.3 171 172.3 170.8 169.2 167.6 166.6 165.7 162.7 161.8 162.2 162.6 163.1 162.6 163.5 162.1 161.5 163.8 168.8 171.3 174.8 178.3 182 186.6 190.3 194.7 198.8 202 204.8 206.4 208.3 209.7 210.1 209.7 209.4 209.2 208.3 207.1 206.4 208.2 208.8 208.8 210.5 217.5 223.6 229.3 239.4 247.4 254.3 260.2 264.1 269.3 274.8 281 286.5 291 297.6 304.7 311.6 323.3 339.4 348.5 356.6 364.3 369.2
143.8 144.8 145.8 146.5 148.7 147.7 147 149.7 155.8 157.4 158.2 158.4 160.7 164.5 167.2 167.4 167 165.5 164.2 162.7 161.6 160.6 161.4 162.3 162.8 163.6 161 160.5 159 160.7 168.1 168.7 170.9 174.7 178.7 182.4 186.2 189.8 193.7 197.2 200.3 202.8 204.3 205.4 206 206.3 206 206.2 206.3 205 201.9 201.1 204.3 205.4 209.8 212.1 215.9 223.2 230 238.8 247.6 254.5 258.8 262 268.7 275.1 280.7 285.3 290.3 296.6 303.6 310.6 319.8 335.2 347.2 355.3 362.6 368.5
