app/static/ascii/NY58.asc
ncols 200
nrows 200
xllcorner 350000
yllcorner 580000
cellsize 50
[rows 70 to 104 of 200, columns 78 to 155 of 200]
265.6 264.2 259.1 248.8 241.4 236.2 228.3 226.9 231 238.6 245.9 252.1 257.2 263.7 270.4 275.1 278.2 282.1 285.1 288.9 293.1 295.2 299.5 300.4 281.2 294.4 308.5 317.2 325 329.4 331.5 322.3 338.1 349.9 358.8 366.4 372.9 375.8 383.9 393.2 403.7 411 418.9 427.8 436.7 445.4 450.8 456 461.8 468.8 475.1 481.5 487.8 494.1 500 504.8 508.2 510.6 511.8 512.9 512.5 511.1 507.5 503.3 499.8 498 495.5 492.2 488.1 482.4 478.8 474.3 468.9 462.1 454.5 447.3 440 435.2
254.4 251.3 245.5 236.6 230.2 227.5 225.2 234.2 242.4 250.1 257.6 263.6 269.1 273.7 279.8 285.7 288.6 285.6 295.3 297.6 302.1 307.1 308.9 308.1 290.3 299 318.4 327.3 334.1 339.2 341.7 334.7 337 353.1 363.4 372.4 379.5 385.4 388.7 399 408 411.9 423.5 433.8 443.2 450.5 455.6 460.7 465.5 472.3 478.2 484.4 490.8 496.3 501.1 506.2 509.8 512.5 513.3 513.3 512.7 510.9 507.1 502.8 498.5 496.5 493.7 489.7 485.7 481.5 475.6 469.8 464 457.2 449.6 442.6 437 432.5
242.2 238.1 229.8 221.7 222.2 224 237.1 245.2 254 262.3 267.5 273.9 278.7 283.7 289.7 295.8 298.7 299.7 304.3 305.6 308.8 313.6 318.4 313.6 294.8 310.5 325.3 335.1 340.9 344.9 346.5 348.5 350.4 358.4 369.8 378.3 385.8 392.9 398.4 402.7 411.5 419.6 427.7 439.4 448.7 455.5 460.5 465.3 469.8 475.7 481.4 486.4 491.5 496.5 502.3 507.7 510.9 513.3 513.8 513.5 512.7 510.6 506 501.2 496.2 493.3 491 487.5 483.3 479 473.9 468 461.4 453.3 444.4 437.6 434.1 429.6
224.7 219.9 219.8 223.2 231.1 240 248.1 256.6 264.2 270.7 276.4 283.5 290.8 293.5 299.4 304.7 308.5 309 312.4 312.2 315.1 319.6 324.4 316 302.4 318.1 332.3 341.5 346.5 350.4 353.2 351.1 363.5 367.9 373.8 384.2 391.2 398.3 404.6 410.4 416.1 425.1 436.3 452.3 454.5 460.6 465.4 470 474.5 479.3 484.2 489.1 493.5 499 504.2 507.3 510.1 512.3 513.3 512.2 510.8 507.9 503.7 499 494 491.2 488.7 485.8 481.3 476.4 470.4 464.7 458.2 451.6 444.8 437.6 432.7 427.6
219.1 220.7 228.9 236.3 241.9 249.1 257 265.2 272.5 278.8 284.1 290.5 300.5 303.8 308.2 313.4 316.7 317.2 320 318.9 321.4 324.3 325.2 317.2 312.6 328.1 338.7 347.4 351 355.2 359.2 362.5 370 376.8 381.7 387 395.7 402.8 410.3 417.2 423.7 432.5 450 455.3 463.7 467.1 470.9 473.8 477.6 481.9 486.9 491.6 495.8 500.5 505.2 507 508.8 510.6 511.6 510.4 508.3 505.2 500.9 496.6 492.8 489.9 487.4 484.7 481.5 477.2 471.1 463.4 455.4 448.5 441.5 434.9 429.7 424.7
236.9 240.2 241.4 245.4 251.7 257.7 265.3 273.7 280.1 285.8 291.6 298.7 308.4 312 315.9 320.8 323.2 324.3 327.1 325.8 326.3 326.8 324.5 314.3 323.5 334.9 342.6 350.1 355.7 360.3 364.5 370.1 375.3 376.6 387.2 392.5 399.5 407 414.4 421.9 429.7 439.6 450.6 462.9 468.4 471.4 474.3 476.3 479.9 484.6 489.3 493.9 498 502.6 505.8 507.3 508.2 508.3 508.7 507.4 505.1 501.8 498.1 494.3 491.3 488.9 486.1 483.3 479.7 475 469.3 462.8 455.8 445.7 436.5 432.5 428.1 423.8
250.2 251.5 252.2 255.4 259.4 265.7 273.5 282.3 289.4 292.8 299.6 306.8 314.6 319.1 322.7 326.2 329 330.1 331.3 332.4 330.4 330.3 324.6 325.7 331.3 341 347.5 354.5 360.5 365.6 368.9 374.1 379.7 385.8 390.5 396.3 404.2 410 417.2 424.6 433.7 444.3 456.3 465.8 469.8 473 476.2 478.9 482.9 487.5 491.7 496.2 500.2 504.6 505.8 506.4 506.6 506.2 505.2 503.3 501.1 498.2 494.6 492 488.6 486.7 484.6 481 477.6 472.9 467.3 461.5 455.8 449.7 443.5 437.1 431.2 425.2
259.2 260.6 262.3 265.1 268.8 274.5 282.5 290.9 298.4 301.1 308.1 313.2 320.2 324.4 327.5 331.4 334.1 335.5 334.9 337.6 335 332.9 325.7 331.7 338.7 347.2 352.5 358.2 363.7 367.6 371.9 377.9 384.8 390.2 395.7 399.6 407.9 414.8 421.9 429.5 438.3 448.6 459 465.6 470.8 474.8 478.7 482.7 486.4 489.9 494.5 498.8 501.7 503.9 504.6 504.8 503.9 502.6 501.8 499.6 497.3 494.2 491.3 488.4 485.8 483 480.2 476.4 472.7 469.3 464.6 460.6 456.6 451.4 445.6 438.7 432 425
271.6 274.1 272.2 273.7 278.8 285.3 292.4 299.5 305.9 310 310.9 319.3 324 327.9 331.4 335.7 338.3 339.5 335 338.7 339 336.7 330 340.1 345.8 351.7 355.4 360.7 365.2 370.3 376.6 383.4 389.7 395 400.7 405.5 412.7 416.8 426.4 434.4 443 452.5 460.6 466.7 471.8 476.6 481.6 485.3 488.3 491.3 495.5 498.5 500.7 502.2 502.1 501.2 499.8 498.7 497.8 496.7 494.4 491.7 488.3 484.7 481.1 478.1 474.8 470.7 467.5 464.2 460.8 457.4 453.4 448.6 443.6 437.5 431.6 424.6
280.6 282.4 282 282.9 288.4 293.7 300.3 306.3 311.8 315.7 318.7 323.3 326.9 331.1 334.8 338.9 341.5 342.4 341.8 341.1 341.1 341.4 341.9 342.6 346.2 352.9 359.4 367.1 372 376.1 381.5 387.7 393.8 400.1 405.9 410.8 417.4 424.3 428.3 434.6 445.4 454.2 461.9 467.8 473.5 478 482.3 486 489.2 492.6 494.4 496.7 498.7 499.5 498.5 497 495.6 494.7 493.8 493 490.6 487.3 483.3 479.4 475.6 472.4 468 465.3 462.1 459.1 455.7 452.2 448.6 444.1 439 433.8 428.2 422.5
284.6 287.7 289.8 292.4 295.9 301.2 306.4 311.9 316.3 320.3 324 326.2 328.6 333.3 338 341.5 343.7 344.8 345.2 344.1 344 344.1 346.6 347.9 352.3 359.2 365.6 371.2 375 378.8 384.1 390.7 397.3 404.1 410.2 416.1 422.6 428.7 434.7 442 449.2 456.4 462.9 468.6 474 478.3 482.7 486.7 489.2 491.5 493.1 494 495.7 496.5 494.5 492.5 491.7 490.8 489.9 487.6 485.1 481.8 477.6 473.7 470 467.3 463.5 459.8 457.6 454.6 451.7 448 444.3 439.6 435 430 424.5 418.9
287.3 291.9 295.9 299.4 302.6 306.5 311.5 315.9 320.4 324.7 328.4 330.7 332.6 336.4 340.5 343.5 346.1 347.4 348 346.1 347.2 348.3 348.6 351.5 355.3 361.4 367.4 372.8 377.3 381.2 386.7 393.3 400.3 407 413.7 420 426.4 434 440.9 446.8 453.1 459.5 465.1 470.4 475.2 479.2 483.1 486.2 488 489.8 490.9 490.9 491 492.5 490.8 489 488.6 487.5 486.1 483 479.7 476.1 472 468 464.3 462.2 459.1 456.7 453.6 450.2 447.2 444.1 439.8 435 430.5 426.2 420.7 416.3
290.3 296 300.3 304.2 307.6 311.1 315.4 319.6 324 328.4 332.1 335.6 337 340.1 342.8 345.7 347.9 349.6 350.2 349.1 349.3 350.1 352.3 355.2 358.9 364.7 369.9 374.7 379.1 383.9 389.5 396.2 403.7 410.2 417.3 424.1 430.7 437.7 444.6 450.6 456.6 462.3 467.5 472.5 477 480.6 483 484 484.8 486 487 486.7 487.7 487.7 486 484.7 485.4 484 481.9 478.3 474.8 471.2 467 462.5 458.7 457.7 455.4 453.1 450.7 447 443.5 439.9 435.1 430.3 425.8 421.5 416.9 412.7
293.3 299 304.1 308.6 311.9 315.2 318.7 322.6 326.9 330.8 335.4 338.8 340.6 342.8 345.3 348 349.7 351.3 351.9 351.7 351.8 352.5 354.6 358.8 363 368.2 373.2 377.8 382.4 388.3 393.8 400 406.8 413.3 420 426.8 433.7 440.2 447 452.1 458.3 463.6 468.8 473.6 477.3 480 481.5 481.5 481.9 481.8 481.7 482.2 483.5 483.3 482.3 481.8 479.7 479.5 476.9 473.3 469.7 466.1 462.2 457.8 454.5 453.7 451.4 449.4 445.7 442.1 438.5 434.4 429.6 424.9 420.4 416.3 413.2 410.1
295.2 300.6 305.6 310.7 315.2 318.3 321.4 325.2 328.7 333.2 337.2 340.4 343.2 345.3 347.7 349.8 351.4 353 353.7 353.7 354.3 355.9 358.8 362.4 367.3 372.7 376.6 380.9 386.4 392 398 403.4 409.4 415.7 422.4 429.1 435.6 442 448 453.2 459.3 464.6 469.7 473.2 476.4 478.5 478.7 478.7 478.4 478 477.5 478.7 479.3 479 478 476.4 473.8 473.7 471.5 468.5 465.7 462.1 458.1 455.3 453.1 450 447.8 444.7 440.9 436.7 432.9 429 424.3 418.5 414.4 411.6 409.2 406.7
296.9 302.1 307.3 312.4 317.5 321.1 324.2 326.8 330.5 334.5 338.6 341.8 344.6 347.1 349.2 351.1 353 354.7 355.6 356.2 357.6 359.2 362.5 366.8 372 377.3 380.8 385 390.5 395.8 400.7 405.9 412.1 418.1 424.8 431 437.1 443.5 448.6 454 459.9 464.8 468.1 471.4 474 475.4 475.3 474.7 473.9 473.5 474.5 474.9 475.2 474.7 473.2 471.8 469.9 468 466 463.7 460.8 458 455.8 452.6 450.2 448 444.4 440.9 436.6 432.1 427.7 423.5 419.6 414.4 409.6 407.6 406.1 404
298.6 303.8 308.8 313.9 318.9 323.2 326.1 328.7 332.6 336.7 340.3 343.1 345.4 347.9 350.4 352.1 354.3 356.3 358 359 360.9 363.6 367.2 371.9 376.6 380.8 384.6 388.8 393.9 398.4 403.4 408.4 414.6 420.7 426.8 432.6 438.5 443.7 448.7 454.3 459.2 463.1 466.2 469.4 471.6 471.9 471.1 470.4 469.6 468.7 470 470.6 471.1 470.4 469.2 468.5 466.6 465 463.2 461.1 457.7 455.5 453.9 450.4 446.3 443.1 438.9 436 432.8 428.3 423.9 419.6 415.5 410.8 405.5 402.6 402.1 400.7
300.3 305.4 310.3 315.1 319.8 324.4 327.7 330.7 334.3 338.2 341.5 344 346.2 348.6 351.6 354.4 356.5 358.2 359.7 361.9 364.8 368.3 372.3 376.3 380.4 384.6 388.4 392.1 396.5 401.1 406 410.9 417.1 422.5 428 433.5 438.8 443.3 448.8 453.9 457.8 460.7 463.8 467.1 468.4 468.4 466.8 465.7 464.7 465.1 465.4 466.1 466.7 466.5 465.7 465.1 463.3 462.1 460.3 457.9 454.4 451 448.6 445 440.5 436.3 433.2 431.2 428.1 424.6 420.7 416.7 412.6 407.9 402.7 397.3 396.3 395.4
301.2 306.2 311 315.8 320.2 324.8 328.5 331.7 335 338.6 341.7 344.6 347.4 349.7 352.8 356 358.6 360.5 362.9 365.8 369.5 373.1 376.8 380.3 383.7 387.3 391.2 394.9 399.1 403.7 408.6 413.5 418.9 423.6 428.3 433.3 437.9 442.5 447.5 452 454.9 458 461.1 463.9 465.3 464.8 463.3 461.7 458.1 460.1 460.4 461.3 462.2 462.7 462.3 461.6 460.4 459.1 457.5 454.4 450.7 447.1 441.5 438.7 434.2 430.1 427.9 426.8 423.8 420.2 416.5 412.5 408.5 404.5 399.8 393.4 390.4 389.5
301.3 306.4 311.4 316.3 320.8 325 328.1 331.5 335.4 338.5 342 345.3 348.5 351.2 354.2 357.2 360.1 363.6 366.4 370.3 373.9 377.6 380.7 383.5 386.6 390 393.9 397.7 401.5 406.3 411 415.3 419.6 423.5 427.6 432 436.4 440.4 444.6 448.8 452.1 454.9 457.8 460.1 461.7 461.2 459.9 458.3 456.1 454.4 455.5 456.4 457.4 457.8 457.7 457.3 456.8 455.9 454.4 450.9 446.8 442.7 436.9 432.5 429.6 427.2 425.1 423.2 419.7 416.1 413 409.2 405 400.9 396.4 392 386.7 383.2
300.7 305.7 311.1 315.9 320.4 324.4 327.3 331.8 335.5 339.1 342.5 345.9 349.1 352.4 355.4 358.2 361.9 366.6 370.5 374.7 377.5 380.3 383.3 386.3 389.5 392.7 396.5 400.4 404.3 408 412.1 415.7 419 422.7 426.9 430.3 433.1 437.2 441.2 445.1 448.5 451.9 454.5 456.5 457.9 457.6 455 454.4 452.2 446.8 450.6 451.6 452.5 452.8 453 453.5 453.1 452.2 451.3 447.4 442.6 437.8 432.3 429.5 427.4 425.1 422.9 420.4 416 413 409.9 405.9 401.7 397.4 393.3 389.3 383.9 379.1
300 305.6 311.1 315.4 320.1 324.1 328.2 332.6 336.1 339.6 343.1 346.5 349.7 352.8 355.6 359.3 364.2 369.6 374.9 379.8 382.3 384.2 386.2 389.6 392.7 395.6 399.1 402.1 405.7 408.4 411.4 415.2 418.1 421 424.2 427.4 430.1 433.5 437.4 441 444.3 447.6 450 452.3 454 453.7 452 450.4 448.7 445.9 445.6 447.1 448.1 449 449.6 450 450.1 448.3 445.5 442.4 437.7 433.1 429.6 427 424.9 422.8 420.7 418.2 414.5 407.4 406.4 402.4 398 393.6 388.8 385.3 381.3 377.2
299.1 304.6 310 314.8 320.2 324.8 329 333.1 336.8 340.2 343.6 347 350.2 353.4 357.1 362.2 367.4 373 378.3 381.6 384.5 386.6 389 392.7 396.3 398.6 400.5 403.3 406.7 408.8 410.9 413.4 416.1 418.8 421.4 424.4 427.1 429.4 433 436.5 440 443.2 445.6 448 449.5 449.7 448.5 447.7 446.1 442.9 441 443.6 444.6 445.5 446 446 445.2 442.7 439.1 436.5 433.9 430.6 427.5 424.4 422.4 419.9 417.7 415.3 412.2 408.3 401.6 394 393 389.1 384.2 380.6 378.3 375.5
299 304.3 310.2 315.8 321 325.5 329.4 333.5 337.3 340.6 344 347.4 351.1 355.5 360.4 365.2 370.2 375.7 380.1 383 385.8 388.6 392 395.7 397.6 399.5 401.9 404.1 404.4 406.5 408.7 411.3 413.5 415.5 418.1 420.5 422.5 424.8 428.5 432.1 435.6 438.8 441.2 442.8 444.3 445.1 445.4 444.6 441.8 439.3 437.3 439.9 441.2 441.9 442.7 442 440.1 436.5 433.1 430.1 428.3 425.9 424 421.8 419.3 416.7 414.7 411.6 407.5 403.2 399 394 386.3 381.5 379.4 376.6 374.3 371.8
301.5 306.7 312.6 318.2 322.9 326.8 330.4 333.9 337.9 341.1 344 347.9 352.7 357.9 363.1 368.1 373.2 378.3 382.7 385.3 387.9 390.5 392.6 395.2 397 398.3 400.7 400.9 401.5 403.6 406.4 408.3 410.2 412.1 414.2 416 417.5 420.3 424.1 427.7 431.1 434.3 436.2 437.6 438.8 439.6 440.3 438.5 436.9 433.7 429.5 435.8 437.5 438.1 438.4 436.8 434.3 431.2 427.7 424.5 422.3 420.9 419.8 418.7 416.2 413.5 411 408.2 403.2 397.6 392.8 388.7 383.3 378.2 376 372.5 370 367.6
303 309.1 314.6 320.1 324.6 328.6 332.1 335.6 338.8 342.2 346 350.7 355.4 359.9 365.4 370.7 375.5 380.3 384.7 387 389.3 390.9 392.3 394.3 396.4 397 397.3 397.6 398.5 400.4 402.8 404.5 406.4 408 410 411.6 413.1 416 419.8 422.9 426.2 428.7 431 432.5 433.1 433.8 433.4 432.3 431.9 431 423.2 430.9 433.2 434.2 433.2 431.1 428.3 425.6 422.8 421.1 419.7 419.3 418.4 417.1 415.7 412.9 409.8 406 400.5 394.8 389.2 384.4 379.3 374.1 372 369.3 367.3 364.8
304 310.7 316.5 321.9 326.2 330.2 333.9 337.4 340.6 344.3 349.3 354.5 358.9 363.3 368.7 373.9 377.7 381.8 385.1 388.1 389.8 391 392.3 393.6 394.5 395.1 395.4 395.4 395.7 396.9 399.1 401 402.5 403.9 405.6 407.3 408.9 411.9 415 418.1 420.9 423.6 425.8 427.5 428.2 428.2 426.8 426 425.8 424.4 416.7 424.1 428.6 429.9 427.2 425.2 422.4 421.3 420.3 419.8 417.7 417.7 416.6 415 413.2 411 407.7 403.9 398.7 391.5 385.3 380.2 375.2 371.3 367.1 365.9 364.4 364.6
305.8 312.3 318.2 323.8 327.8 331.7 335.7 339.1 342.7 346.4 351.6 357.1 361.7 367.5 372.7 377.2 380.4 383.1 385.9 388.8 390.1 391.2 392.3 392.8 392.1 391.9 392.4 392.5 391.7 393.1 395.1 397 398 399.1 400.6 402.6 404.8 407.5 410.5 413.2 415.7 418.3 420.6 422.3 421.9 421 419.9 419.9 419 417.4 410.8 420.8 423.8 423.7 421.8 419.2 417.8 417.3 416.8 415.8 411.6 413.8 413.5 412.9 410.6 408.2 405.2 401.4 395.6 388.6 381.6 376.5 372.6 369.5 367.7 366.3 369.1 370.1
308 314 319.9 325.2 329.3 333.2 337 341.1 345 349.1 353.9 359.1 364.3 370.6 377 380.2 383.1 385.3 387.5 389.2 390.4 391 391.6 391.7 390.4 390 389.6 388.8 387.9 388.3 390.7 392.9 393.5 394.2 395.6 397.3 400 403 405.3 407.6 408.6 410.4 412.7 413 413.5 413.1 413.7 415.4 413.4 405.9 415.6 419.2 419 418.1 415.1 412.1 409.9 408.4 408.4 409.4 409.5 408.6 411.5 409.9 407.7 405.3 402.2 397.9 391.9 385.8 378.6 373.4 370.8 372.4 372.8 372 374.5 375.7
310 316 320.9 325.6 329.9 333.5 337.5 341.9 346.2 351.6 356.4 361.5 368.4 374.8 379.2 383.3 385.4 387.2 388.3 389.5 390.2 390.6 390.9 390.4 389.1 388.4 388.1 386.8 384.4 384.3 386.6 388.7 388.7 389 389.7 391.3 393.3 396.2 398.8 399.7 399.6 401.2 404 405.2 405 404.7 406.2 407.7 402.7 410.1 415.3 414.5 412.7 410 407.4 406.3 404.5 403.6 403.1 403.9 406.4 406.3 408.7 407.1 404.2 400.8 398.2 392.5 386.4 379.5 375.6 377.3 377.2 376.5 377.8 378 380.8 381.6
311 316.6 321.3 325.9 329.9 333.9 338.3 342.6 347.8 353.1 358.8 365.4 371.9 377.7 381.8 385.3 386.9 387.6 388.7 389.5 389.5 389.5 389.2 388.4 387.3 386.1 385.3 383.8 381.3 379.4 382.6 382.5 382.5 381.3 384 386.6 387.9 389.3 390.6 392.8 392.8 393 395.1 396.7 395.8 393.8 393.7 391.3 397.5 407.2 409.7 409.7 408.3 406.3 405.6 404.6 402.9 400.8 399.7 400.9 401.6 404.9 405.6 403.1 398 394.8 388.1 381.5 378 382.2 386.8 384.4 383.1 381.7 382.1 382.9 385.1 386.7
311.2 316.8 321.6 325.6 329.5 333.6 337.9 342.9 349.3 355.2 362.2 369.1 374.7 380.3 384.2 386.7 387.6 388.3 389 389.1 389.2 388.9 387.7 385.9 384.4 383.3 382.3 380.6 378.5 376.8 377.1 377.4 376.7 372.9 379 381.3 381.6 382.1 382.7 383.4 385 383.1 386.1 384.7 378.7 375 380.2 396 401.5 403.8 405.7 406 405.9 404.9 404.3 403.2 400.6 398 396.1 399.6 403.5 404.1 402.4 395.6 393.6 394.3 394.5 393.8 393.2 394.6 394.2 389.6 388.3 388 389 390.2 390.5 389.5
310.9 315.9 320 324.6 328.8 333.1 337.9 343.6 350.8 357.7 365 371.6 377.4 381.8 385.3 386.8 387.6 388.2 388.9 388.9 388.8 387.5 385.1 383 381.8 380.7 379.6 378.3 376.3 372.4 371.1 372.1 370.3 369.8 373.5 375.2 374.4 374.3 372.3 371.8 372.7 369.8 373.2 367.1 374 385.1 392 398.3 400.6 401.4 402.5 402.7 402.8 403 401.9 400 397.2 395.1 397.5 399.1 399.8 399.3 397.2 398.7 399.7 401.5 402.3 401.9 400.5 398.8 394.9 395.4 395.3 394.8 395.9 393.4 392.8 391.5
309.8 314.2 318.5 323.3 328.2 332.6 338.4 345.8 353.2 360.4 367.8 373.9 378.4 381.9 384.8 386.8 387.7 388.2 388.7 388.6 388.5 385.2 382.4 380.5 379.5 378.4 377 374.5 372.4 369 366.4 365.8 363 362 366.6 367.7 364.9 362.6 362 360.9 361.7 360.8 359 367.3 378.6 386.8 393.6 398 398.4 398.6 399 399.2 400.1 400.1 399.2 397.1 394.3 392.5 397.1 399.1 400.5 401.8 405.2 407.4 408.6 408.2 408.6 406.7 403.6 399.5 401.7 402.9 400.7 399.7 396 396.2 395.3 392.9
308 312.3 317.1 321.8 326.8 332.8 340.6 348 355.4 362.4 369.8 374.8 378.5 382.1 384.5 386.6 387.6 388 388.4 388.7 388.2 383.4 380.3 378.5 377.2 376.1 373.5 370.1 367.3 364.5 357.5 357.4 354.7 352.5 356.2 355.4 353.3 354.4 353.2 352.9 350.5 354.7 363.9 372.1 380.8 388.1 394.1 396.1 396 395.7 395.8 396.6 397.5 397 396 394.6 391.5 394.1 399.1 402 405.9 409.9 412.3 413.1 413.4 413.7 411.6 408.4 405 404.3 406.6 405.8 403.4 399.1 399.6 399 397.5 394.9
