app/static/ascii/NY59.asc
ncols 200
nrows 200
xllcorner 350000
yllcorner 590000
cellsize 50
[rows 35 to 69 of 200, columns 78 to 155 of 200]
297.6 304.8 310.9 316.7 322.4 327.7 333.6 340.9 349.6 364.4 374.7 382.1 386.2 385.4 384.8 383 374.5 371.2 371 373.4 375.9 380 388 400.2 411.1 417.1 416.6 412.4 405.5 396 387.2 376.3 365.6 354.9 344.2 335.2 337.5 334.1 327.6 318.4 309.4 300.2 292.1 285.6 276 273.8 269.2 264 259 254.1 249.7 245.9 242.1 238.8 236 233.9 231.9 229.4 223.7 212.4 224.5 236 244.9 250.2 253.9 256.4 256.3 256.1 254.5 250.8 245.7 240.9 237.1 234.3 232.4 230 226.4 220.8
298.9 305.4 310.1 316.7 322.4 326.8 334.1 341.5 350 363.7 373.4 379.9 382 382.1 379.6 373.3 367.2 362.6 366.8 368.1 370.6 375.1 382.8 393.3 405 411.2 411.5 406 398.1 387.9 377.6 367.6 357.8 347.1 335.1 324.5 325.2 321.3 315.2 306.6 298.1 290.5 283.7 276.9 270.2 262 260.9 255.9 251 246.1 242.8 239.4 235.3 232.7 230.8 228.6 226.2 223.7 210.1 217.5 228.9 237.8 244.6 248.8 252.5 253.9 253.9 252.8 249.7 244.3 238.5 233 228.4 226.3 225.1 222.5 217 210.4
297.1 303.2 308.5 313.7 319.3 325.8 333.1 340.1 348.9 362.7 371.5 376.4 376.5 378.1 372.9 365.3 360.8 352 361.7 362.5 365.9 371.5 378.4 391.5 402.6 407.4 405.8 398.9 389.9 379.2 369.4 359.6 349.8 339.7 327.7 316.8 312.4 307.7 302 295.8 289.3 282.4 276.2 270.6 264.5 258 253.3 247.1 243.9 239.2 235.9 232.9 230.2 227.9 226.6 224.1 220.4 214.1 213.8 223.6 231.1 238.1 243.5 247.4 250 250.7 249.2 246.6 242.8 237.2 231.6 226.1 221.1 218.7 216.2 212.6 206.6 200.2
295.1 301 306.4 311.1 316.5 323.9 330.7 338.3 347.7 361 369.3 372.5 372.6 370 364.7 358.6 354 349 356.3 357.4 361.4 366.5 376.4 389.9 400.1 403.7 398.4 389.9 381.2 370.6 362 351.7 341.2 331 322 311.3 298.5 295.7 291 286.6 281.2 274.5 269.3 263.9 257.9 251.7 247.4 238.7 236.6 232.7 229.7 227.6 225.5 223.3 223 219.1 214.6 210.4 221.2 227 232.9 238.8 242.2 244 245.8 244.6 241.6 238.7 235.1 230.5 225.9 220.8 215.8 210.6 206.6 202.7 197.7 190.3
292.4 298.4 303.9 308.4 314.8 322.7 330.2 337.3 347.8 360 367.1 367.9 366 363.7 357.7 352.2 343.5 347.3 350.4 352.8 357.6 363.2 375.3 387.7 395.7 397.7 391.2 381.6 372.8 362.4 352.8 342.6 332 322 313.5 306.1 296.1 288 283.5 278.4 273 267.6 262.4 257.2 251.2 244.7 240.6 232 229.9 226.7 224.8 222.5 220.3 216.6 214.3 209.3 209.7 219.5 225.5 230 232.4 237.8 238.5 239 239.8 236.6 233.7 231 227.9 224.5 220.7 215.9 210.1 204 198.3 193.9 189.4 184.9
289.4 294.5 300 304.6 311.3 321.5 329.2 336.9 347.1 358.5 363.3 362.7 358.6 355.2 351.2 345.4 338.9 338.9 345.1 349.7 354.5 361.7 373.6 384.1 391.5 392.5 385.4 374.7 365.4 354.3 344 334.2 324.4 315.8 307.6 300.1 291 283.7 275.8 271.5 265.8 260.6 255.4 250.2 244.9 238.5 233.2 227.6 220 218.4 219.1 215.4 204.1 202.3 204.1 208.2 217.8 223.3 229 233.3 237.4 233.5 227.9 232.1 230.9 228.7 226.3 223.7 221.2 218.3 214.5 209.4 203.8 197.4 190.3 185.7 182.2 184.1
285.4 288.7 293.4 300 306.8 315.1 326.3 332.3 344.2 355.1 358.7 359 352.9 348.4 344.8 340.7 328.9 336.5 341.6 346.2 350.8 359.7 371.4 381 387.3 386.7 378.7 367.9 357.6 346 336.6 327.2 318.2 310.7 302.6 294.4 286.4 277.4 268.2 261.3 258.6 253.5 248.3 244 239.8 233.5 226.4 221 218.2 209.3 210.3 201.6 199.1 203.7 207.7 215 220.6 226.3 231.8 235.2 236.7 236.1 233.1 230.8 224.8 222.1 219.1 216.4 213.6 210.5 206.6 200 192.9 187 180.9 182.2 183.9 189.1
278.7 281.7 287.6 294.5 301.2 309.9 322 328.7 339.2 349.7 353.8 352.1 346.5 341.8 338.4 334.8 323.5 333.7 338.4 342.4 347.3 357.6 369.1 377.7 381.8 379.9 372 361.2 350.1 337.8 329.5 320.3 312.9 305.7 297.5 289.5 281.6 273.1 264.2 255.6 249.3 246.1 242.1 237.9 233.6 228.5 223.5 217.9 209.2 205 196.7 200.3 205.7 211.2 215.5 218.8 223.5 229.2 233.8 235.9 236.3 234.8 231.5 226.8 221.4 216.2 212.6 208.7 205 201.2 195.1 186.7 183.9 181.7 181.6 183.9 191.1 203.2
272.5 275.9 282.3 288.2 295.4 305.4 316.8 325.1 333.6 342.2 346.3 343.6 339.9 336.1 332.7 329.4 322 331.4 335.5 339.9 346.1 356.3 366.6 373.3 375.7 373.2 364 353.4 342.1 330.3 323.4 315 307.8 300.6 292.6 284.8 277 268.9 260.3 253.3 244.7 238.4 235.9 232.1 227.8 223.8 218.9 214.2 206.5 192.1 200.7 208.9 214.1 219.4 222.7 223.4 227.5 232.5 234.9 235.3 234.4 231.4 227.5 222.8 216.8 210.8 206.3 200.7 195.6 188.5 183.9 181.2 179.6 180.9 183.9 198.9 209.7 219.1
265.7 270 275.3 282.2 289.8 302.1 312.5 321.1 327.3 333 336.1 336.4 334.4 330.5 327 323 323 330.5 334.5 339.3 346.1 355.6 363 369.2 370.1 365.1 355.9 345 334.2 325.7 318.6 311.2 303.7 295.9 288 280.2 272.3 264.3 256.4 248.5 242 232.5 230 225.8 222.1 218.6 214.2 206.8 195.1 199.1 209.3 216.1 221.6 225.2 226.7 227.5 231 234.8 235 233.6 230.2 225.1 220.3 214.9 209.6 204.5 197.7 190.6 182.8 177.6 178.2 180.2 188.5 197.7 206.2 216.2 225.4 234.8
261.8 264.4 268.8 276.3 287.6 298.8 307.9 316.1 321.1 324.8 327.9 329 327.3 324.8 321.8 310.9 323.6 327.9 331.9 337.2 345.4 354.1 360.6 365.1 363.9 358.5 348.2 336.7 328.8 322.2 314.3 307.5 300 292.4 284.1 276 268.1 260.1 252.3 244.5 237.7 232 223.6 216.1 215.1 213.5 207.3 196.1 197 207.4 214.8 221.7 226.7 228.5 229.5 231.5 233.6 234.8 232.8 228.7 222.7 216.6 210.9 205.2 200 195.1 188.3 180.6 177.7 179.4 182.1 191.9 203 211.5 220.2 230.2 242.4 252.3
259.6 261.1 263.6 271.3 284.9 295 303.5 310.1 314.2 316.9 319.8 321.1 320.2 318.7 314.5 313.9 320.7 324.7 329.2 335.3 344.1 352.7 357.9 359.9 357.7 351.9 341.3 331.1 323.3 316.4 309.5 302.8 296.1 288.7 280.5 272.2 264.6 256.8 248.5 241.3 234.3 228.1 220.4 210.2 204.4 203.7 196 190.9 204.1 210.7 217.6 224.1 228.6 230.5 232.1 234.9 235.3 232.3 226.8 221 214.5 207.8 201 196.6 190.7 185.2 177.1 177.3 178.8 181 194.6 205.1 215.1 224.7 235.6 246 256.6 265
258 259.1 260.4 265.3 279.7 290.2 298.3 304 307.2 310.2 312.5 314 314.6 314.1 305.4 312.3 317.8 321.8 326.2 333.1 342.3 349.9 353.8 354.5 351.4 345.5 334.9 325.8 317.9 310.9 304 297.5 290.8 283.9 275.8 267.3 259.9 252.8 245.9 238.9 231.8 224.2 218.1 212.8 203.2 191.9 189 198.4 206.5 210.8 217.6 224.1 229.1 232.2 234.8 236.9 234.6 227.4 220.2 213.6 206.8 199.6 193.9 187.8 180.6 175.5 177 178.6 180.7 191.2 207.8 217.5 226.9 238.5 250.4 260.7 268.6 275.3
256.6 257.6 258.9 261 271.9 283.4 291.9 297.2 301.4 304.5 305.9 308 309.6 309.8 299.5 310.5 314.9 318.5 323.9 332.2 340.1 346.4 349.9 349.2 345.1 337.8 328 319.9 312.4 305.3 298.6 292.1 285.5 279.5 271.1 263.2 256.6 249.8 243 236.7 229.6 222 215.6 211.6 206.4 193.1 188.3 199.3 204.3 208.1 215.7 222.8 229.2 232.5 235.5 236.5 231.4 222.6 214.1 207.1 200.3 194.3 188.7 180.3 173.6 175.2 177 182 193.4 206.6 218.2 228.1 238 250.8 262.2 271.9 279.4 285.1
257.6 257.3 257.9 259.7 266.4 276.5 284.9 291.1 296 298.9 300.6 302.7 304.8 301.5 300.1 309 312 315.4 321.7 330.2 337.2 342.9 345.5 343.6 338.7 331.1 321.3 313.3 306.8 299.8 293.3 286.7 280.8 275.1 267.6 259.8 253.2 246.6 240 233.6 227.7 220.8 214.7 210.6 206.5 196.9 186.9 191.7 197.3 203.2 212.6 221.8 228.1 232.1 234.6 234.3 226.3 217.2 208.7 201.5 194.9 189 181.5 173.7 174.3 175.9 179.4 192.3 205.8 216.7 227.8 237.8 247.5 259.5 271.1 280.9 287.6 292.5
260.3 258.6 257.9 258.5 263.1 271.9 280.6 287.3 291.6 293.7 295.6 297.5 298.4 292.6 302.1 306.4 309.3 313.3 320.2 328.2 334.1 338.2 339.6 337 331.8 324.3 314.7 307.6 300.9 293.8 288.1 282.7 276.5 270.6 264 256.4 249.8 243.1 237.1 231.5 225.9 220.2 214.1 210.1 206.9 191.5 184.2 187.2 189.9 198.3 210.7 220.2 226 230 232 229.9 220.9 211.8 203.4 195.8 188.7 181.6 175.6 174.1 175.3 177.7 187.5 204 218.1 228.5 237.4 247 256.5 267 277.3 286.5 292.9 296.1
262.1 258.9 257.5 257.7 260.6 270 278.4 285.2 288.7 289.7 290.9 293.2 288.9 295.3 300.4 303.7 307.1 311.7 319.7 325.3 329.9 332.5 331.1 328.6 323.8 316.6 308.4 301.7 295.1 288.3 283.3 278.5 272.3 266.3 260.1 252.9 246.2 240.2 234 228.4 223.5 217.8 212.5 208.5 204.8 200.7 183.1 184.1 186.4 194.4 207.1 215.7 223.1 227.1 228.5 223.1 214.6 206.9 198.9 190.7 183.7 175.9 172.3 173.9 176.4 187.3 201.7 216.5 228.1 238.1 246.6 255.2 263.8 272.4 280.9 289.2 295.4 297.8
262.5 258.7 256.9 256.6 261.3 269.4 279.3 286.7 289 287.5 286.7 287.4 284.6 293.6 298 302 305.8 311.1 317.3 322 325.3 326.1 324.3 320.7 315.7 309.5 302.1 295.3 289.7 283.2 278.8 273.4 268.1 262.5 256.3 249.3 242.9 236.8 230.8 225 220.3 215.3 210.2 206.5 203.5 200.4 185.4 180.5 182.8 190.3 203 212.6 218.9 223.1 223.6 217.3 209.8 202.6 194.3 186.4 179.4 171.9 173.2 174.6 182.8 197.6 211.7 224.7 234.5 243.6 252.6 260.4 268.4 275.2 283.1 289.8 296.1 299.1
261.2 257.1 254.8 255.3 261.5 271.8 282.4 289.4 291 288.5 285.5 282.8 282.9 290.6 295.8 299.8 304.4 309.6 314.3 318.2 320.7 321.5 318.7 314.4 309.1 303.1 295.6 289.8 284.2 279 274.3 268.9 263.6 258.3 252.7 245.8 240.1 234.1 228.4 222 216.8 211.7 207.8 204.1 200.4 197.2 191 181.7 179.4 186.2 200 208.3 213.7 218.9 218.6 212.9 205.5 198.5 191.1 183.8 175.2 171.3 173.1 175.4 190.6 205.5 219.9 230.9 239.4 247.6 257.5 264.5 271.3 277.1 282.7 288.3 293.6 298.2
258.3 253.7 251.2 254.8 264.6 275.4 284.4 289.9 291.4 289.4 285.4 276.4 280.3 285.8 292.3 298.2 302.5 306.5 310.5 313.6 315.6 315.5 313.3 309 304 297.8 290.6 284.8 279.5 274.5 270.2 264.9 259.6 254.4 249.7 244 238.3 232.7 226.6 219.6 213.3 209.1 205.4 201.8 198 194.4 189.1 180.5 176.8 184 195.1 203.5 209.9 214.3 213.6 207.8 201.6 195.6 189.2 182 173.6 171.5 173.6 183.5 197.2 212.5 226.5 235.6 244.1 252.1 260.2 267.1 272.8 278.1 282.2 285.8 289.8 294.3
252.9 249.1 248 256.1 267.5 278.1 285.9 289.8 290 288.4 283.1 271.9 273.6 281.4 289.2 294.5 299.1 302.6 305.8 307.9 309.3 308.6 306.8 303.4 298.7 293.5 287.3 280.6 275.6 270.7 266 260.8 255.7 250.8 246.2 241.2 236.5 231.8 225.9 218.4 211 206.5 202.9 199.3 195.5 191.7 186.3 179.2 175.8 181.8 192.5 200 205.9 209 207.7 204.4 199.1 194 187.3 179.9 172.3 171.7 177 189.9 203.5 219 230.9 239.6 247.3 254.2 261.5 267.9 272.9 277.5 281.1 284 286.5 289.9
248.1 245 248.9 259.2 271.7 281.7 287.7 288.3 288.9 285.9 281.1 270.9 269.6 278.8 285.5 290.2 293.8 296.9 299.6 301.6 303 302.1 300.1 296.9 292.9 288.4 282.7 276.3 271.5 267 262.5 257 252.1 247.1 242.6 238.6 233.9 229.5 224.2 216.9 209.7 203.5 199.4 196.1 192.6 189.1 185 179 174.5 180.4 190.6 197.4 202.5 204.8 203.3 201.2 197.8 193.4 186.8 177.4 171.2 170.9 178 194.9 209.5 223.6 233.8 241.4 248.6 255 261.2 267.4 271.9 276.3 279.1 281.4 283.4 285.2
241.9 245.2 251.5 261.1 275.6 284.1 288.3 288.4 287.1 283.5 277.8 267.2 265.7 274.1 280.8 285.2 287.9 290.6 292.9 296.7 298.2 296.8 293.4 290 286.1 282.6 277.8 272.2 267.6 263.1 258.1 252.7 247.5 242.4 239.1 235.6 231.3 226.6 221.2 214.3 207.3 200.9 196.6 193.1 189.6 186.1 181.9 175.3 174.7 181.1 190.3 196.7 201 201.2 199.8 198.6 196.2 191.9 186.4 176.5 170.8 170.3 182.2 199 214.8 228.4 236.2 242.9 248.8 254.7 260.8 266.3 270.5 273.7 277 279 279.9 280.3
239.7 247 253.3 261.6 276.8 283.1 286 287.7 286 282.7 277.5 268.9 253.3 267.1 274.5 279.1 281.2 283.9 287.6 291.3 293.5 292.4 289.2 285.4 281.3 277.5 272.8 268 263.6 259.3 255.1 249.8 242.4 237.3 234.3 231.8 228.2 224 218.3 211.8 205.1 198.8 194 190.4 187.1 183.9 180.4 171 174.9 182.8 191.4 196.3 198.9 198.3 197.5 196.5 193.9 190.5 184.8 174.6 169.5 172.8 187.3 203.8 219 232 238.4 243.9 249.1 254.5 260 265 268.4 270 272.9 275.1 275.6 275.9
237.5 249.3 254 263.6 276.5 281.1 284.7 287.3 285.9 283.4 277.2 268.5 257.3 256 265.4 270.1 273.9 277.7 282.8 286.6 288.1 288 286.3 282.2 277.9 273.6 268.8 264 259.9 255.9 252.1 246.5 241 235.1 229.8 228 225.3 221 215.5 209.2 203.1 196.7 192.5 187.9 185.6 183.2 178.5 171.2 174.4 183.2 190.7 194.5 196.6 196.8 196.1 195 192.6 188.2 179.9 168.8 171.5 182.3 195.2 209.6 223.5 234.3 239.9 244.9 249.4 253.5 258.2 262.9 265.8 266.5 268.2 269.1 270.6 273.3
236.4 247.5 254.2 265.1 274.3 279.1 282.8 284.4 284.8 281.5 276.1 267.3 254.3 243.9 254.5 261 266.9 273.7 279.7 282.2 284.2 287.6 286.6 281.6 276.2 271.3 265.7 259.8 255.9 252.3 248.3 243 237.2 230.5 225.1 222.7 221.5 218.5 213.1 206.6 200.5 195 190.5 185.9 182.5 180.2 173.2 170.3 174.2 182.6 189.4 192.9 195.3 195.4 194.2 193.1 190.4 184.4 173.5 168.8 175.5 190.2 202.7 214.4 227.3 236.2 242 246.5 249.2 252.3 256.4 259.7 262.1 262.9 259.3 267.3 273.6 278.3
236 245.8 251.1 260.9 271.8 277.3 279.8 280.9 281 277.7 272.5 264.4 251.9 240.2 247.1 254.4 263 271.3 277.2 281.4 286 287.4 284.8 280.1 274.6 269.3 263.5 257.9 252.1 247.1 244.6 239.2 232.8 227 222.5 217.9 217.3 214.6 210 203.9 197.6 192.3 188 183.7 179.4 175.9 171.3 169 174 181.6 187.8 190.7 192.7 192.2 188.4 185 180.9 173.9 168.5 171.9 184.2 197.5 208 219.3 230.2 238.1 244.2 247 248.9 250.6 252.7 255.1 256.4 250.7 262.4 269.8 276.5 281.4
234 241 245.4 255 266.7 273.3 275.8 277.5 276.3 273 267.1 259.8 250 235.6 243.8 256.2 267 274.6 279.4 284.5 286.7 283.2 279.3 275.3 269.8 264.5 260.4 256.8 251.5 244.7 235.1 234.9 229.2 224.3 219.1 214.1 212.2 210.1 206.6 200.6 194.6 189.4 184.6 180.4 176.2 172.7 170 167.4 172.7 179.4 184.7 187.2 187.3 180.5 174.7 172.5 170.8 168.5 166.7 176.5 189.9 201.5 212.5 222.5 231.6 239 244.1 245.7 245 246.1 247.3 248.9 247.2 252.7 260.4 268.5 276.6 282.6
230.1 234.6 239.3 248.2 257.9 265.8 271.7 273.1 272.1 268.4 261.5 254.4 246.5 231.9 245 260.4 271.4 278.2 281.2 285 283.3 278.9 274.4 269.9 265 260.5 256.9 253.1 249 243.4 238.2 231.6 220.1 218.4 215.1 210.7 206.3 205.6 202.9 197.6 192.1 187 181.9 176.9 172.9 170.1 168.3 166.4 170.5 176.2 179.8 181.5 177.2 168.6 167.2 166.8 166.3 166 170.5 178.4 191.6 204.1 214 222.6 230.7 237.2 241 239.6 235.1 238.5 240.6 242.7 244.8 250.1 258.1 267.1 275.4 282.1
222.6 227.9 232.2 238.6 251.1 257.3 264.8 267.6 266.9 262.8 256 249.1 241.8 227.2 246.2 259.8 270.6 277.8 281.2 281.2 277.7 273.3 268.7 264.3 260.5 256.9 253.2 249.4 245 238.8 233.7 227.1 220.4 201.1 208.6 207.8 203 200.2 200.2 195.9 190.7 184.9 179.8 174.1 170.7 168.8 167.6 165.6 167.7 171.5 173.5 173.2 167.9 166 164.9 167 173 171.6 173.3 178.1 190.1 203 212.5 219.7 226.7 232.6 234.1 224.9 234.5 239 240.4 242.5 247.1 252.6 259.9 266.6 274.1 281
225.3 219.4 225.4 230.5 240.3 251.4 257.3 260.2 261.4 258 250.7 244.7 236 226.5 246.7 260.3 271.5 275.6 279 276.7 273.1 268.7 264 260.5 257.3 253.8 249.8 245.2 239.5 232.5 227.6 221.4 216.1 207.7 198.6 205 201.6 195.7 198.1 194.9 189.8 183.9 177.7 171.8 169.2 167.9 166.7 165.2 165.5 166.7 166.3 165.9 164.5 163.7 170 176.5 183.3 179.3 172.4 177.8 187.5 198.5 207 214 220.8 223.9 216.2 228.6 237.1 240.9 244.4 247.2 250.3 254.9 260.3 266.7 273.3 279.5
230.4 222.9 217.5 222.4 229.1 238.8 247.2 252.2 249.3 251.5 246.8 239.1 227.3 229.3 243.5 258.5 269.3 272.7 273.9 272.1 268.5 264.5 260.6 258 255.4 251.6 246.3 239.6 234.1 226.6 221.2 215.5 210.2 204.9 191.5 199.9 197.9 188.1 194 192.7 188.9 183.3 177 171 168.3 167 165.7 164.4 163.8 164.1 163.5 162.7 165 173.2 181.8 188.1 191.3 189.6 177.5 175.6 181.7 190.9 196.1 208.5 208 215.5 223.2 230.1 234.9 240.2 246.1 249.8 251.7 254.3 259.1 264.9 271 277.3
237 232.3 223.9 214.3 219.9 229.6 236.8 242.9 245.4 243.4 241.3 236.6 240.9 235.6 241.5 257.2 265.6 269.2 269.6 268.1 265.2 261.5 258.4 255.7 253.2 249.5 243.2 234.9 227 221 215.4 209.5 204.2 199.8 189.3 193.1 192.8 184.6 189.7 188.9 185.5 181 175.7 171.3 167.8 166.1 164.8 163.5 162.6 162 161.7 165.2 176.4 185.1 191 195 196.4 195.4 188.8 180.6 181.8 194.8 203.1 206.6 213.8 219.5 224.7 230.4 235 240.6 246.2 249 250.8 253.1 255.8 261.7 269.2 276.3
244.1 239.4 231.6 222.5 209.1 218.6 227 233.8 239 237 235.9 235.1 219.6 233.4 246.7 253.3 260.7 265.6 266 264.4 262.1 259.4 256.7 253.9 250.9 246.4 239.2 231.3 223.3 216.1 204.5 201.1 197.4 194.6 187.3 187 186.5 181.5 185.9 184.3 181.7 178.4 174.3 170.7 167.2 165 163.2 162.5 162 160.8 162.5 176.1 185.3 192.8 197.4 199.9 200.5 199.2 195.2 188.8 186.9 198.5 207.5 212.3 216.6 220.8 225.1 230.7 235.6 239.8 243.8 246.8 248.3 250.1 254.1 260.1 267 273.5
249 243 233.1 225.4 218 210.1 217.8 224.8 231.2 230.9 229.9 228.3 213 230.8 240.9 248 256.5 259.9 261.3 261.4 259.9 257.4 254.5 250.1 247.4 242.5 235.1 227.6 221 213.4 207 197 185.7 184.3 178.8 178.8 178.4 178.5 182.2 180.4 177.7 174.3 172.3 168.3 165.5 163.8 162.3 161.3 160.7 165.5 175.7 185.3 193.8 199.5 203.3 204.1 203.7 203.1 202.6 198.7 190.1 191.9 203.1 208.7 214.8 218.1 221.7 228.2 233 236.7 239.3 242.4 245.1 248.3 251.2 256.4 263 268.2
