app/static/ascii/NY60.asc
ncols 200
nrows 200
xllcorner 360000
yllcorner 500000
cellsize 50
[rows 140 to 174 of 200, columns 0 to 77 of 200]
226.9 217.9 210.4 208.8 212.3 219.3 221.9 230.5 237.9 246.2 252 257.6 263.4 266.4 255.8 242.6 230.8 223.5 207.2 206.5 193.7 170.5 170.4 174.9 172.4 171.2 178.2 191.8 210.9 235.9 259.6 280.1 296.3 305.9 309.1 307.9 310.7 309 304.7 302.5 297 288.4 273.4 281.5 292.1 297.5 302.5 308.5 315.3 321.4 327.1 327.9 330 333.4 333.6 332.4 334.7 336.7 339.2 341 341.6 341.4 338.9 334 324.9 316 304.5 289.7 284.2 284.3 279.7 264 274.7 285.2 289.3 289.9 290.6 293.2
218.5 213.6 216.3 221.6 226.3 230.6 235.2 240.7 249 256.7 263.9 275.6 283 276.4 262.9 247.6 236.1 227.5 223.4 213.1 200.9 186.1 170.4 165.5 165.6 164.3 173 185.4 200.5 227.6 251.3 271.9 291.3 300.9 304 303.8 306.5 307.3 305.6 303.9 299.8 294.1 282.2 278.4 290.5 295.6 299.9 305.2 312.3 320.7 325.5 328.5 331.6 333.9 333 332.1 334.8 338 342.1 342.9 342.5 341.5 338.8 333.4 325.7 317 308.6 296.3 294.5 292.3 288.7 267 273.2 284.2 288.1 290.8 293.4 295.8
219.4 222.1 224.3 232.1 238 242.3 247.8 252.1 260.7 269.8 280.8 297.9 294.6 277.5 263.5 250.8 238.4 233.3 228.1 218.4 205.4 191.2 182 174 172.1 170.7 171.5 185.4 200.6 220.7 242.3 262.8 281.3 291.9 296.4 299.5 305.4 307.9 307.5 305.8 301.9 297.9 293.4 283.4 278.6 293.4 297.8 302.9 311.6 318.4 323.9 325.8 328.1 330 331.3 331.8 334.6 339.2 343.5 343.8 343.1 342.2 340.1 335.1 329.4 320.4 313.5 306.7 301 297.3 293.1 282.2 271.2 281.5 288.1 291.1 294.5 297.7
226.9 231.6 236.7 245.5 248.7 255.6 262 267.8 274.4 287.7 297.9 305.2 297.5 279.8 264.3 255.6 244 238.1 229.2 220.5 209.2 198.6 187.9 174.4 171 161.7 175.5 190 200 215.3 234.6 254.1 271.7 283.9 291 297 304.3 308.9 308.9 307.8 306.6 301.3 297.5 288.7 284.6 282.5 293.8 300.3 309.4 316.1 317.6 319.7 324 327.5 330.2 332.7 336.1 340.8 344 345.3 346.3 345.4 342.7 338.1 332.6 326.6 319.3 311.6 305.1 300.5 294.4 287.2 273.3 284.6 289.8 294.1 296.3 298.4
239.8 242.7 248.2 257.1 263.1 270.5 277.5 286.1 293.5 302.2 310.2 309.6 302.4 286.8 274.7 262.7 252.1 245 231.6 216.2 209.4 200.2 189.2 174.3 171.9 160.5 171 179.8 198.8 209.4 228.3 245.8 261.1 274.6 287.6 297.2 303 309.2 311.4 310.9 306.9 306.5 301.9 297.3 291.7 291.2 288.9 296.7 306.1 310.9 313.5 316.9 321.4 326 330.7 334.7 338.3 342.5 346.6 348.6 349.9 349.5 346.5 341.7 336.8 330.6 322.3 314.2 307.1 302.5 292.8 286.9 272.2 286.4 291.5 296.8 301.2 303.9
249 253.3 264.4 272 279.7 290.7 296.6 305.4 307.9 313.9 321.9 319.7 312.2 299.1 285 270.5 260 251.6 235.8 213.3 206 198.9 187.9 174.2 172.8 176.3 160.2 168.7 187.5 207.2 225 241.3 257.3 272.2 285.8 296.6 303.2 311.5 315.2 315.7 315.5 313.6 310.1 303 294.6 293.6 282.7 286.5 302.8 307.1 309.7 315.1 320.1 326 331.4 335.4 339.8 344.9 349.8 352.1 353.1 352.3 350.1 347.4 342.4 333.9 324.2 316.2 309.3 303.7 293.7 283.5 274.2 288 293 299 304.4 308.6
260 268.3 275.6 287.6 302.3 316.4 318.5 324.3 321.8 328.8 334.4 331.2 322.1 308.5 293.3 279.5 267.6 254.2 231.5 213.6 204.9 197.4 183.9 174.4 175.9 167.2 157.9 179 194.8 208.3 224.5 240.7 256.8 270.7 284.6 295.6 306.1 315.4 319.1 320.9 320.8 316.5 313.7 309.8 302.9 298.8 298.7 295.6 290.4 298.8 310 314.9 319.4 324.4 330.8 336 341.1 346.2 351.3 353.8 355.4 355.3 353.8 352 346.6 336.9 327.7 320 311.5 303.9 291.1 279.2 280.7 287.3 293 300.8 308 312.8
272.6 278.4 293.1 310 325.9 336.5 340.4 341.6 338.9 347.1 345.4 340.5 330.9 317.5 301.9 287 271.6 254.3 228.1 211.3 201.9 190.4 180.7 174.8 172.1 159.3 169.8 187.9 198.9 212.1 226.2 242.4 257.3 271.4 286.1 297.8 311.8 320.5 324.9 326.3 324.8 321.8 318.1 313.2 308.7 311.7 313.2 310.7 297.8 290.8 308.5 314.2 318.4 324.1 329.9 336.9 341.9 348.8 353.1 355.9 358.2 359.5 357.7 355.3 349.2 340.2 332.9 323.8 314.7 306.1 292.3 280.4 288.5 292 299.5 306.6 314.5 319.8
282.1 291.9 314.3 330.8 344.1 353.7 353.4 352.6 354.1 355.6 352.1 346.9 338 323.6 308.3 291.5 274.3 252.7 224.7 205.6 198.2 186 175 171.7 167.3 157.7 178 189.3 199 212.6 227.9 242.9 257.6 274.5 289.9 305.6 318.3 326.4 330.3 331.5 329.6 328.9 323 321.5 319.1 322.6 324.3 320.8 314.3 305.2 299.9 314.3 319.9 324.3 329.9 336.2 342.5 351.4 355.8 359.6 362.4 362.7 361.9 358.3 353.9 347.9 340.3 330.2 320.1 308.7 294.4 282.8 293.4 297.6 303.8 313.7 321.1 327.1
299.3 315.3 332.4 345.6 360.6 368.5 363.2 362.2 365.2 361.7 357.3 350.5 341.7 327.9 311.9 294.8 277.2 251.9 226.2 210.1 190 186.1 173.8 170.5 162.4 161.2 183.8 191.1 199.4 211.3 228.8 243.8 260.6 280.8 298.6 312.9 324.9 332.9 336.6 336.4 335.9 334.6 329.6 329.6 328.1 327.9 331.9 328.1 321.3 313.7 295.9 310.5 319.2 324.8 331 338.1 346.5 354 361.2 364.4 365.9 370.3 367.5 365.2 360.9 353.8 345.5 334.6 322.8 310 293.8 286 295.9 301.3 308 320.2 327.4 332.3
322.6 339.6 353.1 363.9 369.4 369.1 364.7 366.6 372.7 367 361.7 352.7 342.5 332.1 320 300.9 276.3 257.3 233.4 213.2 192.1 181.1 174.1 169.6 158.5 178.6 184.3 190.4 198.2 211.1 227.1 244.9 265.8 287.3 307.7 321 331.1 340.4 341.5 341.4 341.1 339.8 337.2 336.8 336.5 332.6 336.1 330.6 325.8 319.3 308.3 309.9 320.1 325.7 332.2 339.3 350.1 358 363.6 368.6 372 375.7 373.6 370.6 366.4 357.8 349.1 337.7 322.8 306.9 289.6 293.8 295.7 302.4 314.6 325.3 333.4 341.1
340.4 356.4 365.9 371.8 373.3 366.9 363 371.4 375.8 369.6 363.9 357.5 350.6 339.9 329.3 310.7 288.1 262.7 240.2 216.5 194.7 178.4 171.5 164 166.6 177.4 182.8 191.1 200.6 214.6 229.2 249.7 274.2 298.1 319.1 330.7 339.3 345.7 346.8 347.2 346.4 344.7 343 342.9 341.6 338 341.7 337.6 333.2 324.2 309.3 313.9 321.9 327.5 333.6 342.4 352.6 361.1 367.9 375.1 377 379.2 378.1 375.6 369.9 361 350.1 337.2 321.7 301.5 290.1 304.7 303.9 311.6 325.5 337.1 345.4 349.9
349.1 363 370.9 368 364.7 359 362.9 373 375.5 372.2 367.6 364.8 358.3 347.7 338.7 324.9 298.1 271.1 242.7 218.2 198 177.1 170.7 158.4 167 172.8 176.6 183.1 195.8 215.3 233.6 256.5 283 307.6 326.8 338.9 350.2 353.9 352.6 353 352.1 349.8 348.6 347.9 346.2 344.8 346.1 343.2 335.3 321.4 309.9 321.1 325.1 330.1 335.9 342.5 353.1 361.5 370.6 377.6 382.6 384.1 382.2 379.4 371.7 361.6 348.7 334.2 316.5 296.3 303.3 311.6 318.8 326.2 335.7 345 353 356.9
345.8 354.8 356.5 355.9 351.7 352.3 355.7 369.4 376.4 375.8 370.2 367.3 362.8 356 348.9 334.6 307 274.3 245.7 221.1 199.9 174.8 167.7 157.9 164.4 166.6 175.4 185 198.7 216.4 241.3 262.3 292 318 335.5 349.2 358.5 358.9 359.5 360 357.6 352.9 352.8 351 349.2 349 347 342.2 325.3 312 315.7 322 326.8 331 338 345.9 354.1 362.4 371.7 381.1 384.9 386.9 385.9 381.3 371.8 358.8 344.3 328.5 308.2 296.7 311.1 317.6 324.5 333.9 344.4 351.4 358.5 364.1
341.7 343 343 339.5 337 340.4 345.2 358.8 370 374 369.8 367.9 364.9 363.3 356.5 341.9 313.6 279.2 248 225.4 202.1 175 170.6 155.9 163.8 170.9 176.3 186.7 201.6 221 247.1 271 299.3 327.4 341.3 354.4 357.6 363.9 367.2 366.6 362 355.5 355 352.5 351.3 350.4 347.8 338.5 324.2 313.9 321.1 325.9 329.8 333.8 338.7 348.6 355.3 362.8 373.4 382.3 385.9 389.2 388.1 381.7 368.6 355.7 339.4 321 300.8 307.6 314.9 321.1 328.4 338.6 350.1 358.9 364.9 371.3
332.4 332.5 328.1 324.7 324.8 324.5 332.3 345.5 360.3 369.3 368 367 366.6 367 358.6 341.6 309.4 279.6 250.2 226.4 206.9 175.4 171.2 158.6 159.1 171.2 175.9 185.9 202.7 224.5 249.1 276.4 308.6 334.4 345 355.4 359.5 368.3 372.4 370.6 365.3 359.2 358.7 357.1 356.8 353.7 347.7 340.8 325.2 316.1 322.5 328 332.1 336.3 341.5 350.5 357.7 363.8 372.9 382 387.1 389 388.4 379 364.3 349.7 333.2 313.9 301.3 313.1 318.2 323.9 332.4 344.7 357 366.5 374.5 379.4
321.3 319.3 316.5 310.6 307.2 308.2 317.7 331.5 347.1 359.4 364.7 365.9 367.2 367.8 359.6 338.1 305 277.5 252 227 201.2 176.8 173.3 159.5 155 165.7 168 181.8 199.9 224.4 248.4 278.5 312.7 334.6 344.5 350.2 361.6 365.8 372.4 372.2 367.8 365.1 365.4 364.4 360.5 355.9 349.1 340.6 330.3 322 318.9 328.3 332.7 337.6 343.1 350.2 358.1 365.3 372.8 380.8 386.2 388.2 382.2 369.2 356.3 341.2 323.4 304.3 309.7 316.2 321.4 327.9 339.8 352 364.4 375.3 381 386.3
306.6 303.9 300.4 295.1 293.2 298.2 306.4 319.1 333.8 346.7 358 361.5 362.6 362.7 354.2 333.7 303.8 274.8 246.2 223.5 192.3 178 170.2 160 154.8 165.5 169 178 196.4 223.1 246.2 274.1 302.3 321.6 332.5 343.4 358.9 362.6 371.9 371.6 370.8 370.5 370.8 369.6 363 356.8 347.9 339.9 333.5 325 326.6 328.4 330.8 340.5 346.3 353.4 359.5 367.1 373.8 380.9 385 382.3 374.4 360.3 346.3 331 318.1 307.3 312.8 317.5 323.4 333.3 346.8 359.3 371.7 382.7 387.9 394.3
291.2 287.5 283.4 279.4 276.9 285.9 294.9 303.9 317.3 331.8 347.4 352.4 353.4 351.9 347.4 334.1 303.8 270 241.7 217.7 190.6 180.5 169.5 160 155.1 167.5 175.6 183.1 199 220.7 243.3 265.7 287.7 306.2 319.6 332.5 348.1 357.3 365 372.9 373.9 375 374.9 373 366.2 358.1 348.8 341 335 326 332.8 333.8 337.7 341.6 347.5 353.5 361.9 368.8 375.1 382 382.7 376.8 363.4 350.8 338.8 320.9 313.4 308.5 311.1 316.1 325.7 339.1 352.3 367.4 379.4 389.1 396.4 400.6
276.2 273 269 264.5 265 270.9 281.2 284.9 299.9 316 329.7 338.8 339.5 343.2 342.9 324.1 292.9 263.2 231 209.4 177.9 171.2 164.9 160.7 153 165.1 180.5 189.5 200.3 216.8 240.5 259.7 272.4 288.7 306.7 321.2 337.8 352 362.5 370.4 376.6 378.1 378.1 375.1 367.8 358.6 349.2 341.1 334 334.5 339.9 342.7 345.7 348.2 350.7 356.2 365.2 372.6 379 381.3 378.6 370.9 357.9 345.6 331.5 315.7 312.1 309.6 315.6 320.7 331 343.9 359.6 374 385.1 395.1 403.2 407.7
269.3 260.4 252.7 246.5 247.8 252.4 258.8 265.4 279.7 293.8 311.4 323 326.8 333 330.8 310.2 278.2 247.8 217.6 197.1 177.6 172.7 166.3 159.9 153.3 172.7 182.3 191.7 202.2 214.8 236.2 253 265.8 280.5 297.2 312.2 327.8 343.5 357.7 369.1 378.3 380.7 380.6 377.3 369.8 359.4 349.2 340.4 332.9 344.3 345.7 349.2 354.1 356.5 358.3 361.7 369.2 375.3 379.4 380 375.4 366.6 353.1 341.7 328.6 315.5 314 312.8 319 326.9 336.3 349.4 365.7 381.5 392.4 403.3 409.7 415.5
257.6 243.6 236.7 232.6 230.1 237.3 242.9 247.5 257.5 272.1 288.8 304 310.6 315.4 305.8 287.7 263.1 228.8 208.2 186.5 178.6 170.1 163.7 158.3 155.6 173.7 183.1 191.8 204 218.5 236.7 250.6 261.5 275.6 292 305.5 322.4 340.1 356.2 371.9 380.2 382.9 382.9 378.9 371.7 359.5 348.9 337.4 345.6 350.4 352.4 358 362.4 364.6 368 373.9 376.1 380.7 382.5 379.5 373.1 361.8 348.7 337.7 324.2 316.3 316.4 318.1 323 333.2 343.7 358.1 376.8 392 402.6 411.6 417.6 421.2
242.3 234.7 225.5 221.9 214.9 224 227.9 235.7 240 248.6 264.6 278 284.5 287.3 275.6 257.5 235.4 210.5 197.4 176.7 173.4 168.3 160.9 152.5 163.5 173.1 182.8 193.2 203.7 219.6 235.9 246.3 259.1 277.3 288.1 305.7 320.8 343.6 360.5 374.9 382.8 386.7 385.2 380.1 372 359.9 344.3 346.6 354.1 357.7 359.9 366.7 371.1 373.9 379.7 383 384.5 387.3 387.2 379.6 369.5 358.1 346.9 336.6 322.9 320.4 321.7 327.5 333.4 344.1 354.4 368.8 384.7 401 412.2 419.7 425.7 428.1
225.6 217.6 212 211.2 193.3 207.6 206.4 219.8 223.7 230.5 240.6 249.1 260.9 257.7 245.9 231.3 216.5 200.1 181.4 176.9 171.6 163 156.6 151.8 166.4 172.8 181.3 191.1 206 222.1 240.8 260.6 276.4 289 299 312.3 327.6 348.4 365.2 379.3 387.1 391 387.7 382.6 372 358.9 344.6 355.6 361 363.9 367.5 372.7 378 382.8 390.3 393.9 395.4 396.4 394.2 382.6 370.1 356.6 346.5 336.3 325 331 330.3 337 342.4 350.4 361.1 376.8 394.1 408.9 419.9 427 433.5 433
210.7 204.9 190.3 196.8 186.3 179.2 185.4 197.2 211.3 215.7 224.1 232.3 235.7 232.1 222.8 209.8 197 188.4 176.4 172.8 163.6 156.4 154.7 155.1 166.3 172.9 179.7 191.8 205.9 227 251 271.1 288.4 300.3 311.9 323.9 339.7 355.8 370 384.6 392.7 397.1 391.5 383.8 371.5 355.8 350.4 361.3 366 369.8 374.5 379 384.6 391.3 399.3 403.7 406.3 405.7 400.3 387.7 371.8 355.5 346.9 328.1 336.3 339.3 339.2 341.7 346.3 354.4 368.1 384.4 401.7 416.8 426.9 435.2 439.4 437
191.1 190.6 178.7 165.2 167.6 163.8 163.8 168.4 190.9 202.7 207.7 210.5 212.4 210.9 206.2 194.6 185.8 178.4 176 170.3 158.9 155.7 151.9 162.1 167.5 173.6 179.9 189.9 208 235 260.7 283 300.6 310.4 322.8 338.2 350.7 365.6 377.7 390.8 398.5 403.4 394 383.5 370.5 359 354.3 363.8 369.7 375.4 380.5 387.8 394.5 402.3 409.5 413.6 415.3 413.7 407.7 393.2 373.8 357.4 347.3 336.6 341.8 344.4 343.8 344.5 349.7 357.6 373.8 391.1 408.2 421.7 432.5 442.4 445.4 442.3
170.4 168 171 169 168.5 166.8 164.5 161.7 176.6 186.2 188.3 190.8 190.8 193.8 190.9 184.2 175.5 174.5 175.2 165.9 158.2 150.5 160.9 162.7 167.6 173.1 179.6 190.5 210.6 240.6 266.5 290.3 310.2 322.1 334.8 350.1 363 374.6 386 395.9 403.6 407.3 396.5 384.7 370.7 355.2 360.5 366.1 374.1 380.6 388.6 396.2 403.6 411.3 418.6 422.5 425.6 422.3 414.8 399.3 379.3 361.7 345 335 346.2 348.5 350.1 351.3 354.3 362 377.2 391.1 411.6 426 437.2 446 449.1 443.5
172.5 171 168.8 172.3 171.3 167.5 164.4 161.5 165.4 171.1 175.2 178.1 178.1 179.8 180 171.8 170.9 175.4 166.8 162 154 154.3 159.8 161.8 165 171.8 177.6 191.6 217.6 248.2 275.7 299.5 323.1 336 347.4 359.6 372.6 382.9 392 402.1 409.6 407.5 398.4 386 371.6 359.1 366.6 369.6 377.8 387.3 397.3 403.6 412.1 422.4 427.7 432.9 434.1 430.3 421.4 405.4 383.3 362.9 339.1 345.2 348.2 352.3 354.8 357.3 358.1 364.8 379.4 396.2 415.8 429.9 440.6 449.5 451.9 447
178.6 174 174.9 174.1 177.8 173.1 165.5 161.1 162.3 161.5 161 169.4 170.1 168.6 168.2 167 170.4 175.1 166.1 158.7 150.5 156.1 158.6 160.8 165.8 170.4 178.2 194.1 221.1 253.5 286.3 315.8 338.1 349.5 357.8 369.5 381.1 390 396.4 403.2 409.5 410 401 387.1 375.1 363.5 371.5 373.4 383.8 395.3 402.4 410.6 421.1 429.3 435.7 440.7 441.2 435.8 426.1 408.6 387 364.1 341.3 342.3 350.2 355.5 359.2 362.1 365.2 372.7 383.6 401 415.1 433.8 444.1 454.3 456.3 451.2
188.9 184.6 183.3 186.3 189.9 186.5 176.2 167.7 158 160.4 159 159.8 158.6 162.7 163.6 165.1 169.4 174 159 157.4 151.4 157 157.8 158.7 166.3 171 180.5 195.9 225.5 259.9 295.2 327.3 349.5 358.2 366.2 377.6 387.9 394.5 399.7 405.4 410.7 410.3 404 392.3 379.8 370.5 376.8 380.7 391.9 402.6 411.7 421.3 430.8 437.4 442.6 447 445.8 440.2 429.2 410.4 388 367.5 345 347 349.9 356.5 362.8 367.1 371.3 379.9 392.7 408.1 420.3 436.6 449.6 457.7 459.6 456.2
196.6 193.3 197.7 200.4 201 197.2 187.8 178.3 171.5 163.7 160.7 160.9 159.2 158 153.2 159.9 159.7 159.7 154.9 153 151.2 156.4 157.3 157.3 165.1 170.3 181.3 197 227.4 262.3 298.9 335.3 355.2 364.4 375.4 385.5 393 399.2 402.9 406.2 409.4 408.7 403.7 395.7 383.4 375.9 383.1 387.5 397.8 407.5 416.4 427.9 435.8 444.3 451.5 453.7 452.1 444.8 429.5 409 388.5 368.8 349.6 354.1 361.8 362 369.8 373.9 378.1 385.3 395.2 409.9 424.3 438.8 452.5 462 465.4 462
201 204 207.3 210.6 210.9 205 199.3 193.3 184.4 177.5 175.4 175.1 174.4 172.4 165.1 162.2 156.7 155.6 155 154.7 149.6 154.4 156.6 157 158.1 171 181.6 197.5 228.7 262.5 300.2 332.5 354.1 372.7 382.8 393 399.2 403.4 405.2 407.9 409 410.2 405.3 400.1 388.9 378.4 388.5 392.6 400.4 410.4 421.6 432.8 443.6 452.5 459.3 460.2 457.2 446.8 429 407.7 388.4 371.2 355 366.5 368.9 369.4 373.6 380.4 384.9 390 397.5 410.5 426.6 439.1 454.3 464.7 468.7 464.9
210.2 212.7 216.4 221.7 221.9 218.5 213.2 207.6 196.7 188.9 186.6 184.5 183.9 180.8 174.4 168.9 169.7 169.5 158 157.6 148.7 152.1 154.7 156 156.7 164.9 181 196.6 226.8 260.7 295 324.2 352 374 387.5 396.6 401.5 405.8 406.8 406.5 408.3 413.2 407.3 406.7 395.8 391.3 392.5 396.5 402.8 413.4 426 438.8 451.1 459.8 465 464.8 461 446.1 428.7 407.1 385.7 370.4 366.5 371.2 374.8 377.5 374.6 384.8 389.8 395 400.8 413.1 427.5 441.5 453.6 466.8 471.8 468
221 225 230.6 233.2 233.7 229.4 223.5 216.5 208.1 202.2 198.4 196.3 194.9 189.1 182.7 173.3 174.4 170.5 169.4 167.7 160.1 148.3 153 154 155.1 157.1 179.7 200.1 223.8 255.6 287.2 318.2 346.3 373 386.2 395.9 401.4 404.6 404.7 405.5 409.7 416.3 412.5 409.9 400.4 397.1 391.2 399.7 405.3 415.1 427.6 440 454.6 466 469.4 467.2 460.2 445.9 428.2 406.6 388.1 370.1 368.9 372 384.2 389.5 385.9 382.4 392.6 399.3 405.5 418 430.7 441.6 456 467.9 473.1 467
235 240.6 244.2 243 241.6 240.6 233.1 226.5 221.5 216 211.9 209.5 205.6 197.3 190.9 179.9 175.1 171.2 172.7 169.2 162.5 148.2 151.2 152.3 153 154.6 171.3 198 223.1 256.2 286.2 317.2 346.4 370 381.8 391.1 395.4 397.6 398.9 404.2 412 413.9 414.2 412.1 404.2 401.7 393.4 402.2 407.8 415.3 428.4 443.1 456.4 467.6 470.9 464.9 453.8 443.2 425.9 406.4 389.1 370 367.9 374 390.4 400.7 396.4 392.8 395.6 403.1 409.2 417.4 430.8 443.9 455.3 465.8 468.6 463.2
