app/static/ascii/NY64.asc
ncols 200
nrows 200
xllcorner 360000
yllcorner 540000
cellsize 50
[rows 105 to 139 of 200, columns 78 to 155 of 200]
524.6 529.7 535 542.8 548.9 556.8 566.3 576.3 586.3 599.5 614 630.5 643.7 649.1 653.4 652.7 651 649.3 647.6 646.2 643.7 642.9 642.5 638 633 628.1 623.1 617.4 611.8 606.3 600.1 592.1 588.4 585.2 580.4 574.1 567.4 560 553.6 546.7 539.6 533.1 528.1 520.4 512.7 505.4 498.8 492 486.2 481 475.7 471.8 468 464.4 460.8 458.2 456.1 454.6 451.6 446.4 438.8 430.5 421.5 412.6 404.4 399.8 398.9 409.2 412.4 415.7 422.9 429.5 434.5 438.5 443.3 448.7 455.1 458.5
524.8 529.9 535 542.2 548.8 556.1 565.7 575.6 585.6 598.7 613.3 628.2 642.2 650.3 655.2 655.2 653.5 651.8 650.1 647.3 648 647 643.2 638.2 633.1 627.9 622.7 616.8 609.9 604.4 598.1 590.2 582.4 577 571.4 564.3 556.5 549.2 542.8 536.4 531.6 527.4 521.9 514.4 507.5 501.2 494.6 488.7 483.6 478.6 473.7 470.2 466.5 462.9 459.5 457 454.5 452.7 448.3 442.8 434.6 426.3 417.5 407.1 400.8 403 411.1 414 416.2 422.2 429.7 436 441.4 446.3 452.5 456.2 459.4 463.4
525.8 530.6 535.2 541.1 548.3 555.4 564.9 574.8 584.5 597.7 611.8 626.3 641.1 649.7 656.2 657.1 655.5 653.8 651.5 652.9 651.2 647.9 643.1 637.9 632.7 627.5 622.4 616.3 608.5 602.5 595.5 586 576.3 569.5 560.2 552.9 545 538.9 534.4 530.7 527 521.7 516.3 509.5 502.6 497 491.5 486.3 481.8 476.7 472 468.5 465 461.4 458.2 455.7 453 449.8 445.5 438.4 428.8 419.2 409.4 402.9 408.1 414.5 416.3 419.2 421.8 428.8 435.4 441.2 446.9 453.5 458.7 459.7 462.2 468.3
527.2 532.1 536.9 541 547.7 554.9 564.1 573.9 583.6 596.1 610.3 624.8 639.4 648.5 655.2 658 656.4 655.2 654.1 655.3 652.9 648.1 643.2 637.6 632.3 627.2 622 615.8 608.2 600.8 589.9 579.3 568.6 558.5 545.4 541.3 535.9 531.6 529 524 518.3 513.7 507.8 502.6 498.4 494.2 489.3 484.4 479.3 474.8 470.2 466.7 463.2 459.5 455.7 453 450.1 447.9 442.2 432.1 422.9 413.2 406.5 409.5 417.2 419.4 421.1 424.1 429.4 434.9 440.9 446.9 453.1 459.6 462.6 464.5 468.7 475.7
529.1 534 538.4 543.2 548.7 555.8 564.2 573.9 583.7 595.1 608.8 623.3 637.8 647.2 653.9 658.9 658.1 657.8 657.2 656.9 652.8 648 643.2 637.8 632.1 626.8 621.6 615.2 607.9 596 583.7 572.5 561.5 550.6 542.1 530.9 527.9 523.5 519.4 514.8 509.7 505.5 501.8 498.3 495.5 492.1 487.2 482.3 476.3 472.6 468.5 464.7 460.7 456.8 452.8 449.3 446.9 443.7 435 425.7 416.1 407.9 412.8 418.3 421 423.7 427.3 430.5 435.8 441.4 447.2 453.1 458 461.8 464.1 469.5 475.1 482.5
531 535.7 540.5 545.4 550.4 556.7 564.7 574 583.9 595.5 608.5 621.9 636.4 647 653.7 658.4 659.8 659.7 659.6 657.4 652.7 647.9 643.2 638 632.4 626.7 621.2 613.2 602 590.3 578.1 567.1 556.6 545.9 537.2 529.4 523.3 511.6 511.1 507.3 502.9 500 497.4 494.9 492 489.2 485.1 480.1 474 470 465.3 462 458.1 454.1 450.2 446.2 441.2 435.5 425.7 418.8 408.5 412.1 420.8 425.6 428.2 431 434.2 437.4 442.1 447.8 453.7 458.6 462.6 464.6 469.8 475.3 481.9 490.1
532.8 537.9 542.7 547.6 552.7 557.7 565.2 574.1 584.3 596 608.9 622 635.1 646.8 653 657.7 659 659.3 660.3 657.5 652.8 648 643.1 638.3 632.6 626.8 618 605.9 594.6 584 573.5 563.5 553 542.4 533.1 525.8 519.2 512.2 503.4 500.9 498.6 495.4 493 491.6 488.6 485.7 482.9 478.1 472.4 468.7 463.7 459.4 455.1 451.5 447.5 441.9 435.4 425.7 415.5 413.2 413.4 424.9 430.3 432.4 434.9 437.7 441.1 444.3 448.5 454.3 458.9 462.9 466.9 470 475.8 481.6 488.9 496.8
534.5 540.1 544.9 549.9 554.9 559.9 565.7 574.5 584.7 596.4 609.3 622.4 635.5 645.8 652.6 656.5 658.1 659.4 660.6 657.4 652.1 647.4 642.7 637.4 631.4 624 611.9 600.4 589.9 579.6 569.2 558.9 549.1 538.9 529.1 522.2 514.9 507.8 501.3 496.6 494.1 490.9 488.6 487.4 485.4 482.4 479.5 476.3 471.4 466.9 462.9 458 453.6 447.4 442.9 435.8 428 419.8 416.5 424.5 428.5 435.4 438.6 439.6 441.5 444.5 447.8 451.2 454.9 459.3 463.3 467.3 471.3 475.7 481.6 488.5 495.7 502
536.2 541.9 547.1 552.1 557.1 562.1 567.1 575.2 584.4 596.3 609.6 622.7 635.8 646.4 652.6 655.2 657.7 658.1 658.1 657.1 652 646.7 642 635.3 628.6 617.6 606.9 595.9 585.2 575.3 564.9 554.6 544.5 534.7 525.1 517.9 510.8 503.7 499.2 494.5 490.5 486.1 484 483 481.9 479.2 476.1 473.8 469.3 464.7 460.8 457.3 449 440.5 432.4 425.7 419.7 419.3 429.4 434.4 437.9 444 445.4 446.5 448 450.4 453.5 456.6 459.7 462.8 466.9 471.1 475.6 481 487.4 492.6 500.8 508.7
537.8 543.6 549.2 553.7 558.3 562.9 567.6 575.4 584.8 595.5 608.8 622.1 635.5 646.8 652.5 654.9 657.3 656 654.2 653.5 651.8 646.2 640.1 633 623.3 612.9 602.4 591.6 580.5 571 560.5 550.2 540 530 521.5 514.7 507.4 501.3 496.9 492.3 487.5 482.8 481.7 477.3 476.7 475.8 472.6 469 464.7 462 457.7 449.1 439.7 428.9 426 424.8 430.7 435.3 438.9 443.5 447.2 449.6 450.8 451.5 453 455.5 458.3 461.2 464.1 466.9 470.1 475.7 480.3 486.2 493.6 498.5 507.5 514.5
539.5 545.1 550.1 554.8 559.1 563.5 568.1 576.6 585.1 594.7 608 621.4 634.6 647.5 652.8 655.2 656.6 654.7 652.7 649.7 646.4 641.7 633.8 625.2 615 605.1 597 585 573.2 563.8 547.7 540.8 530.1 519.9 510.9 505.3 500.9 497.8 493.7 489.2 484.4 480.1 481.3 474.2 467.7 469.4 467 462.5 458.5 454.7 445.5 438.6 432.7 429.5 436.9 440 437.1 442.9 446.8 449 452.2 454.9 455.8 455.7 458.1 460.5 463.4 466.1 468.6 470.7 475.1 481 486.3 492.9 499.5 506.2 513.7 518.5
540.9 546.4 551.1 555.8 560.4 564.7 569.6 577.6 586.3 595.1 607.2 620.4 633.6 646.3 653.2 655.3 655.8 654.5 652.1 647.5 641.5 634.8 625.9 617 608.5 600.1 590.9 577.8 562.1 551.7 551.2 543.2 536.8 528.2 518.9 510.3 502.2 494.1 488.9 485.5 480.7 477.6 476.6 472.4 467.3 457 461 455.1 449 443.1 436.1 433.5 432.4 440 443.4 446.3 445.2 447.6 452.6 453.4 455.8 458 460.4 460.3 462.7 465.3 467.8 470.4 472.9 475 483.3 489.5 494.9 500.8 506.4 512.7 517.8 522.3
542.2 547.4 552.1 556.8 561.5 566.2 571.3 578.3 586.9 596.1 606.7 619.8 632.5 643.8 653.9 654.9 655.9 654.4 651.6 646.2 638.5 630.3 620.8 613.1 604.5 596.5 586.8 583.8 572.7 563.7 555.3 546.3 537.8 528.6 519.3 511.5 502.9 495 487.9 484.8 479.3 474 468 458.8 456.5 452.3 450.1 443.9 443.3 438.6 443.3 446.7 444.7 447.4 449.3 451.6 452.9 452.8 453.3 456.3 458.6 461.9 463.5 464.2 466.2 468.7 471.7 474.7 477.2 483.9 493.6 497.8 501.4 505.6 511.6 516.9 521.9 528.1
543.6 548.4 553.1 557.8 562.5 567.4 573.1 579.8 587.5 597.1 606.7 618.6 630.8 643.2 654 654.9 655.6 653.3 650.3 644.1 634.9 624.2 615.2 608.9 604.2 601.3 593.7 582.6 572.3 562.8 554.1 547.6 538.7 529 520.2 512.5 503 496 492.3 489.3 486 482.1 477.3 474.3 470.8 463.6 449.5 450.6 454.9 456.8 454.1 449.7 451.1 452.9 454.8 455.9 456.9 457.9 458.9 459.1 463.2 465.2 466.6 467.8 469.5 471.8 474.9 478.1 483 491.1 498.2 502.5 505.7 510.9 517 522.2 528.7 536.8
544.6 549.5 554.2 558.9 563.6 568.5 574.1 581.1 588.6 597.7 607.5 619 631.4 643.8 654.1 655.1 654.8 652.3 648.6 641.9 632.8 622.6 614.9 614.9 611.7 603.7 591.7 579.9 569.8 562 554 548.2 539.6 529.4 521.1 513.3 507.3 501.9 495.5 492.5 489.2 485.8 482.1 478.2 472.8 461.9 455.7 459.1 463.1 462.2 457.5 454.3 457.4 459.7 460.7 461.6 462.6 463.6 464.5 462.4 466.3 468.4 469.7 470.9 472.8 475.2 479.9 484.5 489.4 495.2 500.9 505.2 510.5 517.3 523.5 529.5 537.1 545.4
544.9 549.9 555 560 564.7 569.5 575.7 582.5 590.1 598.3 608.5 619.6 632.2 644 653.4 654.7 653.9 651.3 647.7 641.7 633.8 625.2 620.7 620.8 614.2 602.8 589.9 579.4 570.7 561.1 554.7 547.4 539.8 530 523.4 517 509.6 504.8 500.1 495.6 492.2 488.7 485 479.3 471.6 462.5 461.3 468.8 470.2 468.1 463.5 462.1 464.7 466 466.5 467.4 468.2 469.2 469.7 468.6 468.7 471.6 472.7 474.5 476.8 479.8 484.9 490.2 495.5 499.7 504 509.3 516.2 523 529.9 537.4 545.7 554
545.2 550.2 555.3 560.4 565.5 570.6 577.2 584.1 591 598.8 609.1 620 633.2 646 652.7 654.1 653.2 650.6 646.6 642.1 634.5 628.5 628 622.4 612.2 600.9 589.4 580.9 573.2 563.3 556.9 550.6 542.1 533 526.5 520.4 514.5 509.2 503.6 497.9 493.8 489.7 485.6 473.9 476.9 469.2 473 476.6 476.9 473.7 469.1 468.7 471.3 471.5 472.4 473.3 473.9 474.7 474.8 474.3 472.6 475 478.1 480.8 483.6 486.5 491 496.3 501.6 505.7 509.8 515 522.1 529.2 536.6 545.2 553.6 560.6
545.7 550.3 555.3 560.3 565.2 570.3 577.4 584.7 592 599.3 609.9 620.7 633.3 647.7 652.5 653.4 652.3 650.8 646.4 642.2 637.9 634.7 628.9 620.6 611.6 601.6 590.9 582.2 574.2 566.6 559.7 552.7 544.6 537.1 530.8 525 518.2 511.1 504.3 498.6 494.7 490.8 486.8 485 480.7 465.9 480.4 481.5 481.9 479.1 472.3 475.9 476.6 477 478.3 479.4 480.5 481 479.8 478.9 478.7 481.5 484.3 487.2 490 493.1 497.4 502.4 507.7 511.9 516.8 522 528.5 535.9 544.4 553 559 564.2
545.7 550.2 554.8 559.8 564.7 570.2 577.1 584.4 591.7 599.4 609.2 620.7 633.1 646.7 652.4 652.9 651.5 650 646.4 644.8 643.4 638.4 628.9 617.9 609.4 599.6 592.3 584.9 576 568.9 562 554.6 545.8 539.2 533.7 526.6 518 510.9 504.9 499.4 495.2 491.5 489.2 486.1 471.3 480.5 485 482.1 483.8 484.3 480.1 479.8 481.6 482.1 483.8 486.1 487.1 486.7 485.1 483.6 485.1 488 490.8 493.7 496.5 499.5 504.2 508.6 514.1 518.9 524.2 530.6 537.6 545.2 552.7 558.5 564.1 569.6
545.8 550.3 554.8 559.3 564.2 570 576.8 584.1 591.8 599.4 608.2 619.6 630.8 644.2 652.4 651.7 650.3 651 651.4 651.3 646.8 638.1 626.4 617.6 609.4 601.1 593 584.9 577.8 570.8 564.3 555.7 545.9 539.5 534.2 525.8 518.1 510.9 504.4 499.8 497.2 492.6 488.6 484.2 472.7 483.6 485.4 485.9 486.8 487.7 485.3 485.2 485.8 487.2 488.9 490.1 490.8 491.6 490.6 489.5 491 494.2 497.4 500.2 503 505.9 510.3 515.2 520.7 527.1 533.4 539.7 546.7 553.3 559 565.1 570.9 576.6
545.9 550.4 554.9 559.3 563.8 569.8 576.5 584.1 591.7 599.1 607.1 616.8 627.3 638.4 647.6 647.8 650.4 657.8 657.3 653.5 647.4 635.8 625 618.1 611.3 603.2 595.4 587.6 580.7 573.4 565.6 555.8 545.9 539.9 534.3 525.2 518 510.4 506.5 502.2 499.1 494.8 490.4 479.1 486.8 489.5 489.9 489.1 489.9 490.4 489.8 490.2 490.5 491.7 493.5 494.4 495.1 495.9 496.1 495.9 498.3 501.1 503.9 506.7 509.5 512.3 516.5 522.9 529.3 535.4 541.9 548.4 553.9 559.6 565.3 571.6 577.4 583.2
546 550.5 554.9 559.1 562.9 568.5 575.2 583 589.6 597 604.5 612.9 622.8 632.6 638.7 641.9 647.2 654.3 657.6 651.8 642.1 631.3 625 618.1 611.2 604.5 596.7 588.6 581.3 571.5 564.3 556.8 546 540.2 533.5 525.1 519 514.7 509.8 505.4 500.6 496.2 484.5 487.6 492.2 492.7 492.2 492.4 492.8 493.1 493.2 493.7 494 495.7 497.9 500.1 500.8 501 504 505.5 507.1 509.2 510.1 513.1 515.9 519.3 525.1 531.6 537.8 543.9 550.1 556.1 560.7 565.8 571.6 577.9 583.9 588.3
546.1 550.3 554 557.6 561.9 567.2 573.4 579.5 586 593.3 599.2 605.5 616.1 623.9 630.1 635.4 640.5 644.2 646 642 635.1 629.4 624.3 617.5 610 602.4 595.6 588.8 581.2 569.5 562.9 556.8 550 543.8 536.9 530.7 523.6 517.2 512.3 507.4 501.7 493 490.6 496.2 497 496.4 495.7 496 496.3 496.4 496.4 497.1 497.5 499.7 501.9 504.7 507.9 510.7 512.9 513.7 514.8 515.4 516.3 519.4 522.5 527.2 534 540.2 546.3 552.4 558 562.9 567.7 572.4 577.9 583.7 587.1 590.7
545.2 548.9 552.5 556.5 560.9 565.5 571.4 577.2 582.2 587.1 593.1 599 607.9 615.8 622.8 628.3 634 636.7 637.1 636.2 631.1 626.1 619.3 613.1 605.9 599.3 594 588.5 580.2 572.2 566.5 559.7 552.4 545 538.3 532.2 526.1 519.9 514.1 508.5 502.8 491.4 500.7 500.7 500 499.4 498.6 499.9 500.6 499.9 499.7 500.3 503 507.4 510.6 513.9 516.9 517.7 518.4 519.3 521.6 521.5 522.4 525.8 530.4 535.4 542.4 548 553.5 559 564.4 569 573.8 577.9 582 585.8 586.6 586.9
544.2 547.5 551.1 554.8 558.5 562.8 568.1 572.4 576.7 582 587 593.3 601.2 609.5 616.6 622.2 629.2 632.6 634 631.9 627.2 621.4 614.9 608.6 603.2 598.5 593.9 587.5 581.1 574.9 567.9 560.8 553.5 546.2 539.8 533.7 527.5 521.4 514.6 509.1 497.9 500.8 504.5 503.8 503.2 503 503.7 504.1 505.4 506.4 505.9 506.1 511.1 515.7 519.1 520.6 522.7 523.5 523.9 525.9 528.2 528.3 530.5 534.9 539.3 544.2 550 555.3 559.9 565.4 570.9 575 579.2 582.6 584.4 584.3 583.7 580.4
542.6 546.4 548.8 552.5 556.1 558.9 562.6 566.9 571.2 576.6 582.3 588.9 595.3 602.9 610.4 617.3 624.7 629.1 631 628.5 624.1 619.2 614.1 608.7 603.9 599.3 595.2 588.2 581.4 575.2 568.5 561.7 554.7 547.4 541.3 535.1 529 522.8 516 508.9 502 506.7 507.6 506.9 508 508.8 509.4 509.4 509.6 510.8 511.8 514.5 519 521.8 522.9 525.4 527.8 529.5 530.4 532.5 534.8 536.8 540.6 545 549.7 553.6 558 562.6 567.9 572.3 577.2 580.2 582.8 584 583.7 581.4 577.4 572.5
538.1 542.7 546.3 548.9 552.2 555.2 558.5 561.8 565.8 571.1 576.7 582.5 589.9 597.2 604.4 613.7 620 626.7 629.1 628.4 625.9 621.6 616.1 610.4 605.7 601.2 596.7 589.5 582.4 575.7 569 562.3 555.5 548.9 542.7 536.5 530.2 523.9 516.8 505.5 511.2 512.2 511.7 513 514 514.5 515.1 515.6 514.8 515.2 518.3 521.2 523.8 526 528.2 532.1 535.1 537.7 540.4 542.7 544.4 546.7 550.8 554.8 558.8 562.7 567.1 571.4 575.8 580 582.4 583.6 583.3 582.5 578.7 574.8 570.2 564.8
532 535.5 539 541.9 545.2 549.9 554.1 557.6 561.3 566.4 571.1 576.8 582.6 590.2 598.3 607.8 615.6 623.1 627.2 627.7 627.5 623.9 617.7 612 607.4 603 597.1 589.9 582.7 576.1 569.3 562.6 555.8 549.4 542.9 536.5 530.2 523.7 511.6 517.2 516.7 516.8 517.2 519.1 519.6 520.2 520.7 521.3 521.2 521.5 525 527 529.8 532 536.9 541.8 544.6 547.1 549.7 552.1 554.7 556.8 559.9 563.9 567.9 571.8 576.2 580 582.7 585.4 585.8 583.8 581.4 578.8 573.6 568 562.9 558.1
525.7 528.6 531.7 535 539.3 545 549.5 553.2 558 563 567.6 572.2 576.9 584.8 593.8 602 609.8 617.9 625.4 627.2 626.4 623.5 619.4 613.7 609.1 603.2 596.2 589.5 582.8 576.7 569.6 562.8 556 549.7 543.5 536.7 527 523.6 523.8 523.6 523.6 523.9 524.9 525.8 526.2 526.6 527.1 527.5 528 528.4 531.7 534.4 536.3 540.6 545.8 550.7 554 556.5 559 561 563.8 566.3 569.2 572.9 576.9 580.4 582.6 585.3 587.9 588.7 586.8 582.9 577.9 572.8 566.8 561.4 557.5 553.6
517 520.6 524.9 529.2 533.4 540 545.2 550 554.7 559.5 564.3 568.9 573.8 581.8 589.8 597.7 604.9 613.1 622.9 625.8 624.8 621.3 617.5 613.4 608.5 602.1 595.1 588.9 583.1 577.3 570.1 563 556.3 548.3 534.9 535.7 533.6 526.6 530.3 530.4 530.6 531.7 532.7 533.5 533.4 533.8 534.3 534.8 535.5 536 538.3 541.8 545.5 549.7 553.5 558 562.2 565.3 568.2 569.9 572.7 576.4 579.6 581.8 584.8 586.7 587.9 590.6 590.2 588.8 584.4 578.3 572.3 566.8 561.5 557.3 553.3 549.3
512.7 515.9 519.8 523.9 529.1 534.4 540 546.2 551.5 556.2 561 565.9 571 577.6 585.5 593.4 600.6 608.5 617.5 623.2 622.9 619.3 615.7 611.5 606.6 600.8 594.2 589 583.7 577.9 570.7 563.1 552.4 544.7 546.5 543.7 540.6 538.4 538.1 537.6 538.3 539.5 540.5 541.1 540.6 541 541.5 542.2 542.9 543.7 545.9 549.5 553.6 557.4 561.1 565.2 569.4 573.6 576.9 580.8 584.1 587.1 587.5 589.3 591 592.7 593.6 591.1 589.3 586.6 580.9 574.9 568.6 562.3 557.6 553.9 550.3 544.7
507.7 511.2 514.5 519.8 525.3 530.7 535.5 541.1 546.7 552.4 557.9 563 567.6 573.1 581.2 589.2 596.9 605 612.5 618.4 619.9 617.2 613.9 609.5 604.7 599.1 594.6 589.4 583.7 577 568.9 552.3 557.5 555.5 553.6 550.5 546.8 547.4 546.6 545.7 545.4 546.6 547.7 547.5 548.2 548.2 548.9 549.7 550.6 552.7 554.9 557.5 561.4 565.1 568.8 572.5 576.7 580.9 586.6 591 593.2 594.8 594.6 595 595.9 596.6 595.8 592.3 589.6 583.6 577.3 571 564.7 558.9 555 551.2 546.3 540.1
501.8 504.7 509.5 514.5 520.1 526.4 530.9 536.2 542.3 548.7 554.8 560 564.1 568.5 576.6 584.5 593.6 601.4 608.2 614.3 617 615 612 608.1 603.6 598.6 593.8 588 570.9 575.9 572.1 567.7 566 563.7 560.3 555.9 555 554.4 553.5 553.1 552.9 552.8 552.8 551.5 554.1 555.4 556.2 557 559.2 561.3 563.4 565.5 568.6 572.1 575.6 578.8 582.8 588.2 594.3 600.4 602 601.2 600 599.6 599.7 599 596 591.2 585 579.5 573.5 567.2 560.5 556.8 553.2 547.9 541.7 535.4
495.6 501.8 504.9 509.1 514.3 519.9 523.5 532.9 539.1 545.2 551.3 556.5 560.4 564.4 571.4 580.2 589.5 597.7 604.4 611.4 614.3 613.8 609.9 606.2 603.2 598.9 594.1 590.8 585.9 582.3 578.2 575.1 573.3 569.2 565.3 562.2 562.4 561.5 560.6 559.6 559.1 558.9 560.4 561.1 561.7 562.2 562.9 563.7 565.8 568.7 571 573 575 578.5 582 584.7 588.6 595.1 600.1 604.1 605.9 605.5 602.4 601.2 600.3 599.1 593.1 587 580.2 575.5 570 563.3 557.9 554.4 550.8 544 537.1 530.8
490.1 499.3 500.4 503.7 509.5 511.6 521 528.7 535.6 541.4 545.8 551.2 556.2 562.1 569.3 577.7 586.2 593.7 600.6 607.6 612.9 611.9 609 606.1 603.3 601.2 597.9 594.3 590.8 586.2 583.1 581.2 578.3 574.5 570.8 569.3 568.9 567.8 566.7 565.5 564.5 567 568.5 568.3 568.7 569.2 569.7 570.4 571.8 575.1 577.2 578.7 580.8 584.9 588.1 591.3 595.2 599.2 602.3 605.5 606.8 605.1 601.7 600.1 599.2 594.5 588.4 583.1 577.9 573.9 568 561.3 554.9 552.4 548.4 540.2 533 526.2
