app/static/ascii/NY69.asc
ncols 200
nrows 200
xllcorner 360000
yllcorner 590000
cellsize 50
[rows 35 to 69 of 200, columns 78 to 155 of 200]
511.4 499.6 482.7 474.5 464.5 452 443 437.3 430.2 422.3 416.4 412 413.3 416.4 418.3 417.3 413.6 407.4 398 404.6 407.2 406.5 401.3 392.8 390.1 380.9 371.5 366.4 361.3 355.8 348.8 342.7 337.7 333 326.7 322.7 318.3 313.3 307.4 302.1 300.6 300.4 296.9 290.4 283.1 277.4 273.7 268.6 263 259.6 254.2 248.8 250.9 260.1 262.8 266.5 265.4 263.3 260.6 257.2 251.3 254 260.5 263.3 271.6 277 277.5 272.9 263.7 268.2 281.5 291.7 298.3 301.7 306.1 313.2 321.9 329.7
507.1 487.3 474 463.2 452.9 443.6 435.4 426.6 417.8 413.4 413.2 412.1 408.4 405.1 407 406.4 403 395.1 391.6 393.1 398.6 398.2 393.3 389 383.5 374.4 367.6 362 356.3 349.5 346 340 334.8 331 325.2 321.4 317.5 313.4 307 304.5 302.1 301.4 297.8 292.6 286.1 280.7 276.5 271 263.6 261.2 255.8 249.3 249.5 254.8 258.1 261.6 260.1 258.5 255.5 251 254.7 259.9 265.2 273 280.3 284.8 284.3 278.9 270.8 265.8 278 287.9 296.4 300.3 304.5 312.3 320.4 328.3
493.5 477.9 464.8 455 447 434.8 426.1 415 408.5 409.3 410.5 410.5 407.7 405.2 402.8 399.7 396.3 393.1 388.7 387.5 388.6 388.2 384.6 381.5 375.5 365.6 361.3 356.5 349.8 347.3 344.7 339.5 333.8 328.6 323.7 319.7 317.5 314.8 311.2 307.7 303.2 302.7 298.3 292.7 289.3 285.2 280.3 272.7 265.7 261.6 255.9 249.5 248.9 248.4 254.4 257.2 256.5 252.2 249.6 258.3 261 265 269.1 278.7 289.3 291.4 289.4 284.6 276.6 268.2 275.1 283.7 290.9 297.2 302 309.8 318.3 324.4
482.3 469.1 454.6 445.8 440.2 430.1 418.9 407.3 404 403.9 404 405.5 403.6 402.2 401 397.8 394 389.5 384.9 380.3 375.3 376.5 376.2 372.9 365.8 357.1 355.4 351.3 346.9 343.4 342.2 338.7 334.5 327.9 323.1 320.2 318 314.8 311.2 308 304.4 302.2 298 294.4 291.9 288.1 282 274.1 266.6 259.8 254.7 249.3 247.8 248 250.9 253.8 248.9 252.5 255.6 261.6 267.5 270.2 275.7 284.2 294.8 296.4 295.2 291.4 282.3 272.1 275.6 278.5 281.6 291.9 299.2 306.6 314.3 320
477.2 461.7 447.6 440.1 431.9 422.3 410.6 404.4 402 396.6 396.3 397.6 396.9 395.6 394 390.2 385.9 381.1 375 370.3 367.8 366.5 366.3 363.5 358.6 352.3 350.3 348.5 344.4 340.5 339.4 336.7 332.4 326.5 323 319.8 316.6 313.3 309.8 307.4 303.9 301.3 298.5 294.7 292.9 288.3 280.7 271.5 265.5 259.6 254.4 248.7 247.4 247.5 248.5 247.9 252.4 258.3 264.2 269 273.5 277.5 282.9 291.5 300.3 301.8 301.6 297.3 288.2 277.6 277.2 284.9 292 296.8 295.9 300.7 307.9 312.7
473.8 459.7 445 438.9 429.3 417.5 400.4 401.1 397.5 387.9 385.3 388 390.3 389.2 385.1 381.4 378.9 372.4 365 360.6 357.4 357.1 357 352.1 349.6 347.1 346.3 344.6 341.9 339.9 336.5 332.5 327.8 322.6 320.4 317.7 314.5 311.7 308.1 305.9 301.9 299.4 297.5 293.4 291.3 286.2 279.4 270.6 264.6 259.3 253.8 248 246.5 246.5 247.2 249.5 256.4 264.9 271.6 275.4 280.1 285.3 289.4 298.9 304.5 306.5 304.8 301 293.2 283.5 275.7 288.6 294.6 300.3 304.8 307 309.6 314.3
470.5 460.3 450.5 439.9 427.5 411.6 400.8 397.8 391.8 381.9 375.5 378.6 381.1 379.6 374.9 375.1 371.5 365.3 357.7 355.1 351.6 349.5 349.1 345.5 345.9 345.2 341.9 340.8 338.1 335.1 331.6 328.5 322 318.2 316.3 313.7 311.3 308.5 305.3 302.4 299.1 296.9 295.7 292.9 289.8 284.7 277 268.6 262.1 256.3 250.4 246 246.6 246.3 246.8 252 263.2 274.1 279.4 283.6 287.4 293.3 299.1 305.4 309.3 311.7 307.6 304.4 298 291.5 278.7 284.9 292.5 301.4 307.1 311.4 316.7 322.9
468.5 460.3 451 438.7 422.3 401 394.4 393.4 385.8 374.9 360.1 366.9 369.6 367.5 369.7 368.1 366.1 361.1 352.7 347.6 346.4 342.4 342.6 343.3 344.4 344.5 341.7 340.9 338.5 335.5 331.1 324.4 316.2 312.8 310.5 308.6 306.8 303.8 300.8 298.6 296.1 294.3 293.7 291 287.8 282.6 275.2 265.5 256.6 252.6 249.4 244.7 245.9 245.6 245.7 256.7 269.6 281.8 287.9 291.6 296.8 301.9 308.9 312.8 314.9 315.6 313.8 309 303.4 296.5 285.4 289.3 297.2 300.6 300.1 313.1 319.2 326.9
469.3 459.9 448.9 435.5 416.6 393.1 391.7 388.4 379.8 369.5 356.1 354.1 357.3 359.9 361.7 360.8 358.9 355.1 347.6 340.3 341.5 339.3 338.7 340.2 341.8 344.3 343.3 340.6 337.9 333.2 328.2 321.9 313.6 307.4 306.7 304.7 301.8 299.4 297 293.7 293 290.6 290.8 288.5 284.8 280.6 274.9 266.5 256.8 252.4 249.7 245.9 245.3 245.1 249.8 263.8 273.8 288.5 293.8 298.8 302.6 309.5 317 320.5 321.4 321.9 317.8 312.8 306.2 298 292.3 293.8 294.5 303.5 310.7 314.2 311.4 327.1
468.9 458.1 446.5 433.4 415.3 393.6 390.4 385.1 373.9 364.8 354 342.2 345.3 349.8 352.4 352.8 351.3 348.7 342.5 333.5 336.5 336.2 336.1 338.8 342 342.6 340.5 336.5 333 327.6 322.5 318.3 312 304.3 300.9 299.6 298.5 296.1 293.6 290.8 289.4 287 287.1 285.2 281.3 277.3 271.8 264.4 255.9 249.6 248.2 244.7 245.3 247 259.7 268.1 283 295.4 299.8 304.1 310.5 317.5 323.8 327.9 328.3 327.2 322.5 315.9 308.4 298.9 302.5 298.7 304 304.3 313 320.3 320.9 320
466.3 455.8 445 432.3 417.1 397.3 391.6 385.9 375.4 365.5 353.7 343.1 334 337.9 341.9 343.4 340.1 340.2 335.1 328.6 330.5 329.4 335.3 337.9 339.2 337.3 334 329.7 324.6 318.4 316.9 313.9 309 303.5 296.4 294.9 294.5 292.4 290 287.6 284.7 282.9 283.1 281.6 278.6 274.1 267.7 262.2 254.7 248.2 245.6 243.1 244.8 256.9 264.1 275 291.5 301.7 306.3 311 316.8 324.9 331.4 334.5 334.4 332.4 327 320.5 311.5 311.1 312.2 309.4 311 314.5 316 322.4 328.5 324.1
462.5 451.4 442.8 432.8 418.3 399.9 395.1 388.7 378.4 367.3 353.5 343.2 335.1 325.3 330.3 333.7 333.1 333.2 329.2 323.4 323.7 326.6 333 335.4 334.8 331 325.8 321.3 314.5 311.3 311.3 308 304.3 299.8 295.7 289.8 290.1 288.8 287.2 284.7 281 280.1 279.8 278.5 275.2 270 264.6 259.1 253.1 247 244.1 243 245.9 261.6 269.7 282.4 297.5 306.9 311.7 316.3 323.8 331.9 338 340.3 339.8 337.3 332.4 326.3 316 322.3 321.3 319.5 322.3 322.9 323.8 326.8 332.5 335.3
459.2 451.6 441.9 431.9 418.9 402.4 397 390.8 379.3 367.3 353.4 343.3 336.3 327.7 320.2 324.3 325.7 325.7 322.6 316.5 315.8 323.3 329.3 331.9 331 328.1 321.8 313.6 307.3 305.8 305.2 303.6 298.5 294.7 291.6 288.8 284.7 283 283.1 281.2 278.6 277.1 276.6 275.1 271.6 265.7 260.3 255.6 250.4 243.7 243.8 242.6 256.8 266.9 276 289.1 302 311.4 315.7 322.9 331.7 338.7 343 345.4 345.8 343.2 339.4 334.6 321.8 329.7 329 328.4 331.4 333.6 331.7 335.3 338.2 340.8
455 449.1 439.7 428.5 417.4 404.8 399.6 392.8 381.1 366.4 353.7 343.9 335.7 326.6 317.9 314 314.1 315.6 314.9 310.4 309.5 317.6 324.1 327.4 327.1 323.6 315 306.6 302.2 302.4 303.1 299.7 295.6 291.3 286.1 285.4 282.9 279.2 278.9 278 276 273.5 272.9 271 266.4 260.8 256 251.2 243.7 242.3 242.7 247.4 262.4 272.2 281.3 294.2 305.6 313.9 318.7 328.6 338.2 345.2 350.4 351.7 350.7 348.5 345.1 340.8 336 338.3 336.7 336.4 337.9 341.3 337.7 344.5 345.6 348.7
450.1 445.4 436.9 426.1 413.8 405 402.7 394.5 380.6 366.8 357 347.1 336.5 329.2 322.9 315.2 306.5 303 305.6 303.3 304.4 310.4 316.9 320.6 320.8 318.4 311.5 302.7 302.1 301.8 301.6 297.2 293.6 290.2 284.6 283 280.6 276.3 274.9 274.2 272.3 270.8 267.9 266.3 261.8 256.5 252.3 247.7 242 242.3 241.5 255.4 266.3 275.6 284.5 298 308.5 314.8 321.3 333.7 343.3 349.8 353.3 355.3 355 352.7 349 345.6 343.6 344.3 345.1 344.4 345.3 348 344.4 352.4 354.2 355.9
445.3 441.1 432.1 418.3 412.6 409.9 404.7 394.7 379.5 369.9 361 350 339.6 331.3 324 317 310.2 302.3 296.1 295.6 298.2 304 306.6 311.2 312.9 310.8 309.4 303.4 299 299.8 298.5 295.1 291.3 287.9 281.8 277.9 275.9 273.1 271.1 270 268.8 267 262.3 260.4 257 252.7 248.3 243 241.6 240.5 249.8 259 268.7 277.6 286.3 298.2 309.3 315.8 325.5 337.5 346.4 351.9 357 358.8 359.2 357.7 354.2 350.9 349.5 351.6 353 353.7 354.8 356.3 357.1 359.2 361.2 362.7
440 435.3 424.5 414.6 415.1 411.7 404.9 393.2 379.5 373.7 364.4 353.4 340.7 332.9 325.7 318.7 313.2 307.4 300.2 292.9 288 295.3 299.7 300.5 305 305.8 305 301.3 295.7 294.3 295.1 292.8 289.2 284.9 277.8 271.9 272.7 271.1 269 266.6 264.9 262.9 259.7 255.4 252.1 248.9 243.1 241.6 240.8 249.4 255.1 262.4 271 280.3 288.8 299.2 309.6 317.5 327.6 339.5 348 352.5 358.9 362 363.2 361.6 359.1 354.7 355.4 357.6 360.8 361.8 363.5 365.1 365.1 362.6 367.9 368.6
434.8 430.7 420.3 418 415.5 410.7 403.4 390.6 382.4 376.1 366.8 355.5 344.5 336.2 327.7 320.6 316.7 311.2 305.3 299.2 289.6 283.8 292.3 295.4 296.5 300.7 299 297.7 294.8 288.8 289.7 289.7 286.7 280.7 272.3 269.1 269 268.2 266.6 264.4 261.6 258.1 255.1 251.5 247.6 245.7 241.3 240.9 241.4 252 257.7 265 273.1 282.4 291.1 300.3 310.9 319.1 329.1 343.1 350.3 353.5 359.5 364.6 366.7 366.4 363 361 363.2 365 367.8 368.9 370.2 372.3 371.3 369.3 371.7 373.3
429.3 426 420.8 418.4 413.6 406.4 400.4 392.2 386.2 379.1 368.8 357.4 347.1 338.6 330.3 323.8 318.9 313 306.5 302.1 294.9 283.8 283.7 289.2 291.4 295.2 296.7 294.8 290.2 287.9 283.3 284 282 276.6 270.4 267.7 264.6 265.1 263.8 263 259.4 255.2 250.9 247.8 244.9 240.3 239.5 240.6 245.4 254.7 260.4 267.7 274.8 283.7 292.1 300.8 311.4 321.2 331.5 342 351.4 355.7 361.7 367.2 369.5 370.5 368.8 366.5 369.5 372.1 374.9 376.2 377.5 378.5 377.6 375.8 377.7 378.2
424.6 423 420.7 419.3 415.8 406.9 401.5 395.9 389.2 381.7 370.8 358.2 348.6 340.6 334.1 325.8 319.3 312 305.9 302.3 297.1 288.4 276.5 281.6 285.9 290.2 292.6 290.9 287.3 284.2 281.5 277.4 277.1 271.9 269.4 267.6 263.7 261.5 260.2 260 257 253.2 250.3 244 239.3 239.5 239.8 247.8 252.6 254.2 263.5 269.6 275.9 284.1 292.7 300.7 310 320 332 341 349.8 356.3 363.3 368.6 371.9 373.6 373.2 372.8 375.4 378.7 381.1 383.4 385.1 385.2 383.6 384 386 387.2
419.7 421.6 422.2 421.9 418.8 409 403.8 398.2 391.3 382.4 370.6 358.9 350 345.4 338.9 330 318 310.7 306.9 303.2 297.6 289.4 280.4 272.6 280.4 283.4 287.8 286.2 283.2 280 276 274.4 272.6 270.2 268.8 267.5 264 259.2 256.4 256.4 254.4 251.4 248.1 239.4 238.4 238.9 245.1 251.6 257.3 261 263.7 269.2 276.9 285.5 292.3 300.5 309.1 320 331.2 340.6 349.3 355.9 362.3 368.5 371.6 374.5 377.3 379.4 381.4 384.8 388.4 390.3 391.3 391.7 392.4 393.1 395.6 396
415.4 419.5 422.3 423.9 418.2 410.7 404.6 398.9 391.5 381 368.4 361.5 354.4 348.9 342.3 333.1 320.8 313.8 308.5 303.6 298 289.8 282.6 275.4 271.4 277.3 282 283.2 281.2 276.9 271.7 271.2 270.3 269.2 268.3 266.7 262.9 258.2 254.5 252.1 251.6 249.2 243.1 238.7 238.8 240.4 250.1 254.8 262.1 267.4 269.1 273.6 280.3 285.3 293.5 303 311.7 321.4 330.9 340.1 348.5 355.6 361.6 366.9 370.2 374 379.3 383 388.2 393.4 397.4 399.8 401.2 401.1 402 404 404.8 405
408.4 412.8 417.3 420.2 416.4 410.5 403.9 398.1 388.9 377.6 368.2 362.6 355.8 349.2 342.4 333 322.5 315.1 306.7 301.9 297.8 292.1 284.9 278 266.9 273.6 278.9 281.5 279.4 272.9 269.3 268.9 268.9 268.4 266.8 263.6 259.8 256.4 252.6 248.7 249.7 246.6 238.7 238.1 237.9 247.4 253.7 260 267.5 272.4 275.6 278.4 284.5 290.3 296.8 305.3 311.9 321.6 328.1 339.1 346.2 351.9 359 365.9 369.9 375.1 380.7 387.7 394.4 399.5 403.3 404.2 404.1 404.5 404.8 405.3 405 404.6
402.2 406.1 411.1 413.8 412.6 408.3 402.2 394.7 384.7 371.9 366.4 360 352.1 343.9 339.3 330.8 320.4 312.7 304.7 300 296.6 291.6 287 280.8 271.8 269 275.9 278.1 277.5 272.1 267.3 266.7 267.7 267.6 264.7 260.2 256.9 254 250.2 245.1 248 242.5 237.6 237.5 243.5 250.3 256.9 263.6 272.2 276.8 280.8 283.7 289.4 295.8 301.2 305.9 316 323.8 333 339.7 346.9 354.1 360.7 367.9 372.4 377.5 383.7 392.1 398.3 402.1 404.4 404.3 404.1 404.5 404.5 405 404.7 404.3
395.9 400 403.7 407 406.8 404.1 397.5 388.4 377.3 369.6 363.1 353.9 348.9 340.8 335.3 326.9 316.1 306 301.1 298.5 293.3 290.1 286.5 282.6 272.9 261.8 272.4 274.4 274.5 271.3 265.5 264.3 265.9 266.3 263.6 257.5 253.6 251.1 247.2 243.2 245.7 236.6 236 236.5 247.1 253.1 259.9 266.9 275.7 282.8 283.6 289.2 293.4 299.6 306 311.7 318.7 327.2 334 340.9 348 356.3 362.5 369 373.8 378.6 387.3 394.7 400.8 403.1 403.2 404.4 404.2 404.5 404.6 404.8 404.4 403.9
388.5 391.9 395.5 399.2 400.3 397.3 390.3 379.2 367.2 365.6 359.9 353.1 346.6 339.6 331.2 321.2 311.6 304.3 300 294.9 291.2 288.6 284.5 281.6 272.7 258.9 269.6 270.8 269.9 268.3 263.9 260.9 263.8 265 262.7 257.4 250.9 248.4 245 239 237.5 235 237.3 243.8 250.4 255.6 262.3 269 278.6 286.1 287.7 293.2 298.9 303.1 309.2 315.3 323.8 331.2 337.9 343.3 350.5 357.8 364.9 370.4 375.1 380.8 390.3 398.3 403.3 403.6 402.9 404.2 404.3 404.5 404.7 404.6 404.2 403.6
379.8 383.4 386.6 390.3 391.3 388.1 379.8 370.3 359.5 359.4 354.7 348 341.8 333.7 324.2 313.8 305.6 301.2 296.2 290.6 289.4 287.6 283.7 279.5 271.4 260.3 263 265.6 266.1 264.2 262 257.7 260.8 262.1 260.7 257 251.4 247.1 244.5 237.9 234.6 236.9 240.4 247.9 253 259.1 265 271.5 280.8 288.1 290.6 299.1 304.7 307.6 311.8 320.1 327.5 335.3 342.5 348.7 354.1 360.4 366 371.5 375.7 384.8 394.4 399.9 403.5 403.7 403.3 403.4 404.3 404.5 404.8 404.5 404 403.2
371.7 375.8 377.7 379.5 380.9 377.4 370.1 361.3 352 352.1 347.7 340.2 334.2 325.8 316.3 306.7 299.9 293.8 291.6 289.2 288.6 287.3 283.8 277.7 269.8 262.5 256.6 253 261.3 259.8 258.1 256.4 258 257 257.8 255.6 250.6 245.4 239.9 234.4 236.3 237.9 243.6 250.1 256.7 261.8 267.9 275.3 283.7 289.8 293.4 300.6 306.6 309 315.6 324.4 332.9 339.3 345.5 352.5 357.9 362.3 367.6 372.6 378.7 389.2 396.8 401.2 403.4 403.8 403.6 403.5 404 404.5 404.4 402 398.4 394.9
364.1 367.1 368.7 369 369.7 366.8 361.8 352.7 343.8 344.7 339.8 332.2 323.3 316.1 310.5 303.4 295 289 287.7 288.1 287.1 285.5 282.2 277.1 275 272.1 264.1 254.4 252.8 256.1 254.2 252.8 253.8 256 255.7 252.4 245.9 239.9 235.3 235 237.5 244.7 250.2 252.6 258.2 264.7 270.7 278 286 291.7 296.3 302.5 308.4 312.3 319.3 327.1 334.9 341.3 347.3 352.9 358.4 362.8 368.5 373.5 381.8 390.4 396.5 399.8 401.3 401.6 402 402.5 401.5 399.6 396.2 391.6 388.9 385.9
356.9 358.1 358.2 358 358.4 355.9 352.1 344.5 334.8 336.8 332.5 322.5 308.4 307.4 304.9 301.6 295.8 290.2 285 286.6 286.1 282.8 278.8 275.9 276.8 273.8 265.4 258 247.3 251 250.7 248.8 249.5 252.4 251.4 248.3 243 235 233.1 236.8 245 250.2 256.4 260.1 260.7 266.8 272.6 280.3 289.1 294.3 298.7 303.1 309 314.8 321.6 328.2 334.9 341.3 347.6 352.6 357.7 361.8 367.1 373.1 381.8 388.5 393.2 395.6 396.2 396.1 395.5 394.2 391.8 388.7 384.6 382.1 379.4 375.3
348.9 349.2 347.8 347.6 347.8 346.3 341.5 336.2 327.4 329.7 324.7 311.7 309.9 307.3 304.6 300.9 294.3 290.2 284.7 284.1 285.2 283 278.1 275.1 275.6 273.2 266.5 258.6 252.3 244.5 245.6 245.9 244.9 247.3 246 242.5 236.4 233.1 236.1 245.8 249.2 254.9 262.3 267.4 268.4 268.1 274.7 282.2 291.3 298.2 300.7 304.8 309.9 316 322.7 328.9 335.1 340.5 345.8 350.5 355.3 359.6 364.6 371.3 378.3 383.1 385.8 386.8 386.9 386.2 385.5 382.4 378.9 378.3 374.8 369.3 364.9 362.1
341.3 340.1 338.2 337.9 338.3 337.4 333 328.4 323.3 324.4 320.9 311.5 309.8 307 304.2 299.3 292 290.7 284.2 280.6 282.8 281.6 277 273.6 273.3 271.3 267 259.8 250.1 243.8 242.2 242.1 241.2 241.5 240.8 237.3 234.1 234.5 246.3 252.4 253.2 257.9 265.6 271.6 274.1 272.1 276.7 283.4 292.2 299 302.4 304.7 310.8 316.2 322.5 328 333.5 338.1 342.9 347.5 352.8 356.6 361 367.2 371.9 374.4 374.8 373.6 370.6 372.3 374.1 372.5 370.9 366.8 364.3 359.6 354.8 351.3
335.3 332.8 329.5 328.5 328.9 328.7 325.7 321.6 317.7 320.6 318.4 312 306.6 304 301.9 297.5 291.4 289.8 284.3 275.6 278.7 279.1 275.7 270.2 270.7 269.2 266.1 260.6 251.2 241.8 239.6 239.4 237.8 237 236.7 233.5 233.7 240 250 257.3 257.7 260.6 267 273.5 278 278.2 279.8 283.9 291 298 302.4 304.7 309.2 314.9 320.5 326.3 331.2 336.6 340.7 345.8 350 353.7 357.1 360.1 362.9 363.1 361.3 360.5 356.8 361.1 362.4 361.7 359.7 356.1 353.4 349.8 344.1 341.3
331.3 329.2 324.3 319.4 321.1 321.9 320.8 317.4 317.4 317.4 314.3 310 303 301.5 299.2 294.7 291.3 289.2 284.3 277.6 272.4 274.5 272.4 269.2 269 266.4 264.6 260.1 251.8 241.2 236.8 237.3 235.7 235.1 233.5 233.8 234.9 243.5 251 258.8 261 263.6 268 275.1 280.6 283 283.8 287.1 293 299.6 302.9 306.6 311.2 315.9 320.4 326.4 331.7 335.6 339.4 343.8 346.3 349.7 351.4 350.4 354.7 354.8 355 355.5 353 351.7 350 349.7 347.6 344.1 342.7 339.4 335.6 332.3
325.9 323.4 320.1 315.2 315.1 317.2 317.5 317.1 316.2 313.9 310.9 307.9 302.9 297.6 294.9 292 290 286.9 284.8 279.7 270.7 268 267.9 265.5 265.7 266.5 263.2 258.8 252.4 242.6 235.9 235 232.4 233 233.7 236.5 243.9 247.1 251.2 256.8 262 264.3 269 275.7 282.4 286 286.9 289.5 295.8 302.4 306.1 309.6 314.7 319.2 323.6 328.3 331.8 334.9 338.3 340.3 342.8 346.3 347.4 345.1 347.7 349.4 349.9 349 346.7 345.2 342 338.8 334.5 333 331.6 328 324 319.7
