app/static/ascii/NY70.asc
ncols 200
nrows 200
xllcorner 370000
yllcorner 500000
cellsize 50
[rows 35 to 69 of 200, columns 0 to 77 of 200]
261.8 253 245.6 241.9 240.7 238.7 238 239.5 240.5 246.6 254.9 262.4 273 294.8 321.8 327.8 334.4 340.6 347.8 353.3 356.5 359.5 362.4 361.2 362.6 363.5 364 364.6 361.5 359.6 360.2 361.5 362.4 362 362.3 360.7 358.3 356.7 357.6 357.6 357.9 358.4 350.2 345.9 341.7 336.1 331 323.6 310 298.1 288.8 283.5 282 281.1 280.6 278.3 274.6 273.9 274.6 269.8 261.1 247.2 233.5 218.4 207.3 199.5 187.7 190.5 203.8 207.5 206.3 205.2 202.7 211.4 214.2 210.7 211.1 213.6
240.7 239.2 238.9 238.6 238.2 240.5 247.5 250.4 243.9 249.7 258.9 269.9 280.1 296.9 320.7 330.4 335.5 343.3 349.5 355.8 361.2 365 364.2 362.4 364.2 365.1 364.7 364.4 363.1 362.3 364.2 365.2 363.9 363.3 363.7 362.7 360.9 359.3 360.2 361.4 359.7 356.6 354.2 351.6 345.9 339.3 332.1 323.1 308.8 297.9 287.7 284.2 283.6 282.4 280.4 276.6 273.7 274.7 273.6 265.2 253.1 239.6 222 208.2 190.8 190.1 196.3 208.2 218.5 216.6 215.9 214.9 213.2 212 211.3 209.5 209.8 212.3
239.8 239.4 239.5 241.3 247.3 252.8 255.7 255.5 248.5 253.7 267.3 274.8 288.6 302 319 332.1 337.9 342 352 358.6 361.3 362.3 361.7 362.9 364.8 365.9 365.7 364.6 363.8 365.1 366.5 366.9 366.1 365.3 365.6 365.3 363.1 361.7 362.5 363.9 363.8 362.5 360.3 355.4 348 340.4 332.4 321.2 308.8 297 287.2 284.4 284.2 282.4 279.4 276.8 273.8 274.5 268.2 257.4 242.6 224.8 209.1 190 192.4 200.4 213.5 218.3 225.9 224.4 220.9 216.7 211.1 212.1 209.8 209.4 209.7 214.6
246.9 246.3 242.2 242.4 250.4 257.8 261.9 258.6 255.3 261.2 271.2 287.6 292.7 307.3 319.5 329.7 339 346 348.8 354.8 359.2 360.1 360.3 361.4 364.9 365.7 365.9 365.8 365.8 367.6 369.4 369.5 369.7 370.1 368.9 367.5 365 364.1 364.7 365.8 366.3 365.7 363.2 358 349.4 340.7 330.8 318.2 308.1 296.7 285.6 283.4 283.9 282.2 278.9 275.4 272.1 272.6 263 247.5 228.1 207.1 190.9 193.6 203.6 218.7 226.6 232 231 228.6 224.7 220.4 212 216.5 214.3 212.6 213.2 217.6
253.4 252.7 246.9 245.6 252.2 260.1 265.9 265 264.8 270.9 287.2 294.9 303.4 311.9 320.2 328 335.2 344.8 352.8 356.9 359 360.2 361.5 361.6 364.2 365.2 365.7 366.5 367.4 368.9 371.6 372.4 372.3 371.4 370.8 369.1 366.8 366.2 367.5 368.1 368.5 367.4 364.9 357.1 347.6 338.8 326.9 316.4 307.1 295.1 282.8 282.3 283.3 281.7 278.4 271 269.1 269.3 254.4 234.9 209.6 191.2 195.2 207.5 219.1 232.4 236.3 234.5 232.5 229.3 225.4 220.3 217 221.2 219 217.6 216.5 220
256.9 257.6 253.3 254.4 259 265.6 272 274.5 277.3 285.8 296.3 302.3 308.2 318.8 322.7 327.4 333 338.6 346.3 355.2 360.2 362.6 362.6 362.3 363.3 364.5 365.7 367.8 369.4 371.2 372.9 374.6 375.3 374.7 372.5 370.5 368.1 367.2 365.7 366.1 366.6 363.9 357.6 351.7 344.6 334.4 322.1 313.4 303.7 291.7 281.5 280.4 282.4 280.9 273.1 270.6 268.7 257.7 242 224.3 194.3 194.7 206.1 220.8 233.8 240 237.7 235 232 228.2 223.4 220.4 230.8 224.6 224 222.1 219.9 221.7
260.6 261.6 260.8 263.8 267.5 273.1 280.7 285.7 290.4 298.7 305.6 308.8 313.3 322.9 327.6 331.5 334.1 336.6 341.7 348.4 353.4 356.8 358.1 360.2 361.9 363.7 365.8 368.1 370 372 374.1 376.1 376 374.3 371.8 369.2 364.8 362.6 361.8 361.6 360.3 356.2 355.1 351.1 338.3 328.8 317.9 308.7 298.2 287.4 278.5 279.3 281.2 275.2 270.5 268.4 261.8 243.5 233.4 210.3 193.3 203.5 220.9 236 242.6 240.9 236.9 233 228.9 224.3 219.9 218.2 223.4 226.6 228.6 231.9 224.2 222.7
266.2 269.1 270.5 272.3 276.1 281.7 289.9 295.5 302.1 308.6 312.6 315 318.7 318.5 329 336.2 338.1 338.7 341 344.3 348.8 351.8 355.3 359.2 361.5 363.6 365.8 368.4 370.9 373.8 376.1 378.5 379.2 376.5 371.9 369.1 363.5 361.4 361.9 359.1 357.8 357.3 353.5 339 331.8 322.6 311.5 302.7 293.7 284.4 275.4 277.1 276.3 271.8 268.5 265.8 249.2 241 224.3 200.5 197.7 216.5 233.3 245 244.3 241.6 236.4 231.3 224.5 220.7 220 220.6 224.9 228.6 232.4 232.4 229.5 226.6
272 275.8 278.1 280.1 283.3 289.8 298.2 305.3 311.7 317.1 319.3 321.4 321.2 325 327.6 325 340.7 343.7 345.1 346.8 348.3 351.6 355 359.3 361 363.5 366 369.3 372.7 375.8 376.8 378.8 381.2 378.6 371 367.9 363.3 363.4 361.4 357.9 361 353.1 340.5 334.2 326.2 313.9 306.3 297.8 289.3 280.4 274 273.6 266.8 265.3 263.2 249 234.5 213.9 202.5 194.8 205.5 225.6 242.7 247.4 246.2 244.5 238.4 231.3 224 222 223.4 224.1 226.5 232.3 237 238.6 235.6 230.8
278.2 281.4 284.3 286.9 291.7 298.4 305.9 312.8 320 323.8 325.1 325 324.5 327.7 330.8 333.5 337.2 343.8 347 348.3 349.5 350.9 354.4 360.4 361.2 362.6 366.3 370.5 374.1 376.7 379.2 380.4 377.9 375.2 372.6 370 368.1 357.9 351.8 351.2 349.6 342.1 335.8 326.4 313.9 307.4 299.9 292.8 284.5 276.9 272.7 270.4 273.1 268 252.3 245.1 241.9 231.9 208.7 197.7 219.7 237.1 250.4 250.2 250.8 247.5 240.4 230.7 224.2 226.6 229.1 230.3 231.7 236.6 242.6 244.5 242.7 237.2
286.9 289 290.2 293.7 298.1 304.7 313.8 320.1 326.7 329.2 328.7 329.8 329.8 332.6 333.3 335.3 337.5 340.2 346.4 348.5 349.3 349.3 351.4 354.6 358 361.8 366.7 370.8 375.5 377.5 379.6 381.5 378.7 375 370 365.2 358.6 353 350.2 347.2 339.9 330.7 322 312.6 307.5 301.7 296 289.1 281.7 275.9 271.5 272.3 273.8 268 258.6 253.4 249.5 231.8 199.1 204.8 225.2 244.8 252.6 252.4 251.5 246.9 240 230.7 225.7 231.3 234.4 236.2 236.7 242.2 248.3 251.5 251.3 245.7
294.9 296.2 298.9 302.1 307.4 317.6 323.9 327.3 332.1 334 331.9 334.3 335.5 336.3 338.8 339.3 339.1 340.9 341.3 343.2 345.9 347.3 348.6 350.4 353.4 357.8 363.8 370.5 376.6 379.6 378.5 377.3 373.8 370.5 366.4 362.9 358.5 353.7 347.2 336.6 329.6 322.1 314.9 307.6 302.8 296.3 292.1 286.7 280.5 274.2 274 274.1 273.8 267.7 260.6 256.9 250 225.7 193.7 213.1 236 251.9 256.9 254.5 250.9 246.7 238.3 228.6 229.3 236.7 240.4 241.4 243 247.4 252.4 258.8 260.8 256.4
299.8 301.5 304.3 306.6 313.1 323.4 331.9 334.6 337.8 337.4 336.1 337 338.3 338.8 341.5 342.7 343.3 345.4 346.2 345 344.7 346.4 345.7 349.3 352.2 357.5 363 370.7 375.3 382.2 379.7 374.9 371.3 368.6 365.1 362.2 357.2 346.1 337 330 324.9 317.9 311.7 303.4 297.9 293.6 289 283.7 277.8 277.4 277.3 275.4 273.7 267.9 262.6 257 243.1 216.8 197.8 222.9 244.6 256.5 259.6 257 253 240.7 232.4 228.6 232.1 242.1 245.1 248.5 249.2 252.5 258.6 266 268.3 265.4
304.7 306.5 309 312.9 318.8 325.4 336.3 341.6 343.6 342.3 342.1 341.7 342.1 341.8 343.1 346.6 347.3 349.4 351.3 349.6 348.2 347.6 348.3 348.6 351.5 357.6 364.4 371.9 375.7 375.5 374.2 373.6 371.9 367.1 363.3 358 348.9 339.5 331.9 326.7 321.5 314.7 306.2 299.5 295 290.5 286.1 281.3 280.7 282.5 280 276.4 272.4 267.2 262.4 255.5 239.5 204.6 202.3 225.3 250.5 259.3 260.1 254.3 244.8 237.3 231.1 231.4 237.5 246.5 250.8 254 255.4 258.9 265.6 272.5 275.1 272.3
311.3 312.9 315.5 319.7 327 331.5 336.3 345.3 347.7 349.2 347.9 346.8 347.5 347.6 348.1 350.3 350.8 350.9 351.5 351.6 349 348.2 349.6 352.7 355.5 359.5 365.9 373.1 376.8 378.1 377.5 374.1 369.7 363.9 358.2 351.3 343 332.4 328 324.2 318.6 312.2 305.3 300.2 293.7 290.1 286 284 285.1 286.4 281.4 277.1 271.4 266.2 262 254 232.6 196.2 208.6 236.4 254.9 260 259.2 252.6 243.9 236.7 232.6 235.5 242.8 252.2 258 260 262.6 266.4 272.7 278.5 280.6 277.6
316.9 319.8 322.6 327.5 332.6 336.9 339.3 342.8 350.8 351.4 352.2 352.6 352.7 353.2 347.8 351.3 352.7 352.6 349.6 349.2 347.8 343.8 347.6 354.2 362.2 364.3 368.1 372.7 378.4 378.7 376.7 368.7 364.3 358.3 352.1 345 334.2 327.8 325 321.8 316.3 310 305.7 301.8 296.8 293.1 289.3 287.8 289.1 287.7 283.1 277.3 268.7 262.4 258.6 249.1 219.7 193.7 219.3 242.6 259.7 261.8 259.5 252.8 243.6 237.7 236.2 241 249.4 258.3 264.2 268.7 270.3 274.3 279.1 283.5 284.7 281.2
325.5 328.3 331.7 334.8 339.3 341.3 342.7 343.7 345 349.2 352.5 350.9 347.6 345 347.6 352.1 352.7 352.7 351 349.2 343.3 342.7 346.2 351.4 360.7 367.8 372.1 370.1 372.5 371.3 368.4 364.3 358.3 352.6 343.1 334.6 327.7 324.7 322.9 319 314 310.5 306.9 304.4 299.9 296.8 293.8 291.4 290.6 288.5 284.9 276.5 266.5 259.5 257 245.1 208.1 199.9 226.4 249 262.8 264.5 260.6 253.4 246.7 240.1 240.8 249.4 252.8 264.6 270.2 276.1 280.3 281.8 284.7 287.3 287.1 283.8
332.3 335 338.1 340.6 343.4 346.1 346.7 347.4 346.4 346.6 346.5 344.3 340.5 339.5 344.7 351.5 352.2 352.5 350.6 346.6 344.1 343.6 345.7 350.9 357.7 363.1 370.5 366.9 366.5 366.2 363 356.6 348.9 341.8 335 326 323 321.9 320.8 317.3 313.9 311.9 309.9 307.9 304.5 299.8 296.5 293.4 291.9 290.4 285.8 275.1 265.2 257 253.5 236.2 200.3 207.6 233.1 257.9 268.3 268.1 263.4 256.6 249.8 240.2 244.4 256.1 261.2 266.6 276.7 282.1 286.7 289.8 289.6 290.1 289.7 289.4
340.2 343.2 346.5 349.2 350.9 351.5 352.7 353.1 353 352.2 348.3 344.1 338.2 338 344.5 349.3 350.5 351 348.6 347.4 348.6 349.1 351.8 355.2 359.1 362 364.1 359.4 356.4 355.4 352.3 347.2 341 335.3 328 322.6 322 320.2 318.2 315 315.8 317.3 314.5 312.2 308.9 303.8 299.4 296.8 294.9 293.7 287.4 276.6 262.4 256.9 250.8 227.2 196.8 217.3 243.1 266.2 273.5 272.4 267 258.1 247.7 243.7 249.5 261.3 268.7 268.5 277 287.1 291.2 294.6 294.7 294.9 296 299.4
347.2 350.3 352.9 355.5 357.3 358.4 359.2 360 357.2 352.4 347.2 340.6 337.3 340.4 345.1 347.4 345.7 343.9 343 345.2 350.4 353 355.6 358.4 361.4 362.2 360.6 353.6 348.4 347.9 346.2 342.3 336.3 331.1 324.8 323.5 321.9 320 314.6 311.2 308.9 308.2 305.8 303.8 304.1 302.7 300.6 300.7 298.6 296.8 288.1 275 267.3 258.4 250.2 218.2 198.3 225.7 246.7 271.3 274.1 275.5 268.6 259 248.4 246.1 253.5 262.9 275.9 276.9 280 290.1 297.2 300.5 301.9 303.8 305 309
350.4 354.4 357.3 360.9 362.3 362.8 363.9 362.2 357.2 349 343.3 338.2 338.8 342.7 346 347 342.9 340.6 341.5 343.3 345.6 349.8 352.4 355.5 358.1 357 354.7 348.8 345.2 343.6 341.7 338.2 334.4 329.8 324.4 321.7 319.5 316.1 312.9 309.9 308.2 305.3 302 300.1 298.5 297.5 295.7 295.6 298.3 298.3 289.1 279.5 267.4 259.2 228.5 207.3 203.5 233.8 261.6 271.3 275.6 278 272.6 261.7 252.3 249.2 258.5 262 272.5 282.7 285.5 292.7 298.6 303.7 310.7 312.1 313.7 317.1
350.6 355.3 361.3 362.8 364.6 364.9 364.1 359.4 350.1 338.2 334.3 336.3 339.6 343.7 346.3 345.5 342.3 338.8 337.9 338.2 338.5 341 343.2 343 342.2 344.7 341.7 341.7 339.9 335.5 331.6 328 326.2 322.5 321.3 319.7 317.4 314.4 312 310.5 306.8 302.1 300.3 299.8 302 300.4 297.1 294.1 292.7 293.5 284.8 281.5 272.6 257.3 232.4 202.6 213.6 247.4 268.8 273.7 278.3 280.3 275.4 270.2 261 250.7 260.8 268.7 274.2 284.5 293.1 299.3 305.2 309.5 315.9 320.3 320.8 324.1
351.5 355.2 360.2 362.5 363.6 362.7 360.3 352.3 336.7 329.1 330 333.9 338.9 343.7 345.5 345.1 342 340.7 339.3 337.8 337.9 338.8 337 336.6 337.9 338.7 337.4 336.4 333 329.3 324.9 322.6 320.8 319.8 318.8 317.3 314.5 311.5 309 306.9 304.1 301.7 302.2 303.6 301.4 300.2 300.7 298.3 295 292.1 293.5 283.3 270.1 251.2 214.3 200.5 226.1 259.4 275.6 278.1 280.9 281.7 279.7 280.2 273.4 262.2 256.8 272.3 279.4 290.6 299 304.6 312.7 318.1 319.4 323.4 327.1 330.5
350.3 355.1 360.1 361.6 362.8 360.3 352.5 343.3 334.7 328.4 328.5 330.8 335.3 339.4 340.8 341.2 339.8 340.5 340.3 340.4 339.3 338.5 338.7 334.7 335.4 332.6 332.7 333.9 329.7 325.2 323 320.9 319 317.1 316.8 314.4 311.1 308.8 306.9 305.4 303.9 303.2 303.5 304.3 303 301.3 299.2 297.8 294.8 295.6 294.5 285 270.5 245 211.6 211.3 242.5 270.3 278.3 281.7 283.1 283.9 285.6 287.6 284.7 274.6 262.1 273.2 285.5 294 300.7 310.1 311.8 318.7 326 328.5 331.5 335.8
340.5 344.7 350.1 356.7 359.4 355.8 349.6 340.1 333.6 329.2 327.6 331.4 334.6 334.9 333.6 331.3 329.9 332.2 331.2 328.6 328.4 327.8 328 327.5 324.9 325.1 326.3 325.3 316.9 314.8 312.9 312.6 313.8 311.8 312.2 309.8 308.2 305.8 305.8 306.3 304.8 304.2 305 305.8 304.4 302.7 301.5 299.7 296.4 297 295.4 284.8 262.6 223 203.8 229.3 259.5 279.7 285.2 287.7 287.9 288.5 291.4 293.2 291.2 285.4 275.1 267.9 285.2 297.7 302.5 308.5 317.6 323.8 328.4 334.1 336.7 337.4
333.7 338.7 346.4 352.9 353.9 350.9 344 335.5 330.4 327.2 325.1 330.2 333.4 334.8 331.2 328.6 326 322.3 320.3 320.4 320.6 319.6 321.2 321.2 320.3 318.9 316.2 310.7 308.6 306.8 303.8 305.6 306.7 305.7 304.5 303.9 300.5 300.6 301.8 304.9 306 306.5 307.1 306.8 305.8 304.5 302.5 300.1 297.6 297.3 294 285.4 248.8 205.5 220.6 245.4 283.4 287.4 293 292.4 294 294 295.9 297.6 295.8 292 286.4 279.5 278.6 297.5 306.4 311.3 319.9 329.9 334.7 337.4 341.7 343
330.1 335.2 343.7 349.9 348.1 343.8 334.9 327.6 324.3 322.8 326.7 331.9 331.6 332.1 329.2 325 319 316.2 316.3 317.3 315.2 313.8 313.8 314 312.3 309 302.7 302.3 300 298.1 300 304.4 305.3 304.6 306.9 308 303 297.1 297 297 298.5 304.9 308.8 308 306.4 306.8 303.9 300.7 297.7 296.8 292.2 275 238.3 206.2 221.2 255.4 289.8 290.1 298 299.2 297.9 300.8 300.1 300.7 299 297.4 295.1 291 287.8 297 309.7 317.9 323.8 329.5 337.7 342.4 347.1 348.5
322.5 328.2 336.6 339.9 334.6 328.2 322.5 321.2 318.6 318.6 324.8 333.3 334.1 328.2 321.6 317.2 314.2 312.6 313.9 314.2 312.8 309.3 306.7 302.4 298.6 296.9 296 293.5 289.8 291.2 294.7 300.6 302.5 303.8 309.2 309.7 305.8 299.3 296.8 296.4 295.2 295.5 297.1 301.4 300.5 302.6 302.6 298.7 296.3 295.2 287.2 265.1 228.9 207.7 227.9 264.2 294.6 295.1 300.4 305 302.2 306.3 305.3 303.7 302.6 301.6 300.7 297.4 292 302.1 310.1 318.5 327.5 332.5 338.6 345.1 350.9 351.9
315.4 319.1 324.3 325.2 320.6 316 318.2 318.3 315.2 317 323.4 330.4 331.7 325.1 321 316.4 313.7 311.6 313.3 312.8 308.1 303.9 300 298.8 298.9 299 298.5 295.5 290.1 287.9 291.2 295.7 298.1 302.9 309.3 310.6 307 301.2 297.6 299 299.4 298.4 297.5 295.8 293.7 289.8 287.5 284.2 284.6 285.7 269.9 250.1 216.3 208.9 234.6 270.8 297.8 301.9 304.2 307.9 306.6 310 310.9 308.7 307.3 306.3 305.2 302.4 300.7 305.4 312.6 318.3 326.3 332.9 340.4 347.1 352.5 353.8
310.3 314.3 317.5 317.8 314 312.2 314.5 317.2 315.2 314.2 320.5 328.6 326.7 321.8 319 316.5 313 309.4 312.9 312.3 307.6 302.9 298.4 297.4 299 301 301.1 296.9 287.8 292.6 291.9 294.4 298.1 300.4 306.5 309.6 308 303 299.6 297.8 299 301.3 299.5 298.4 295.8 291.5 285.9 282.7 280.2 277.1 247.2 220.2 207.4 217.4 244.9 279.5 297.8 303 304.1 309.2 311.4 309.2 314.9 314.2 312.7 311.3 309.6 307.3 305.9 307.1 313.4 318.9 324.5 330.7 341.3 348.8 352.4 355.4
306.1 309.7 312.5 313.4 310.8 308.7 310.6 313.7 313.1 311.1 316.3 320.9 319.8 317.1 314.8 312.1 309.3 308.9 310.5 309.5 305.4 300.8 294.9 292.8 296.5 298.4 297.1 293.4 292.3 294.7 292.6 292.7 297.9 300.4 304.3 308.1 308.1 303.2 299.4 299.2 300.3 300.2 298.4 295.2 291.8 288.6 284.4 278.3 273.8 259.5 223.4 208.8 218.4 232.2 252.8 281.6 298.8 302.9 304.6 309.5 313 314 315 317 318.1 316 313.8 312.6 311.3 310.5 313.6 319.4 324.3 330.3 338.1 348.3 354.3 355.6
302.2 305.3 308.2 308.5 306.3 305 306 308.1 309.4 306.5 311.3 311.2 310.4 308 307 304.8 305.3 304.3 305.8 304 300.8 295.8 288.4 288.9 292.6 293.3 291.9 288.3 292.3 292.3 291.8 290.8 297 300.6 306.5 308.6 306.6 301.3 297.9 299.1 301.8 300.8 299.1 295.9 291.3 285.6 280 274.1 268.4 239.5 211.8 218.6 235.5 246.1 264.4 280.7 291.2 299.5 305.7 308.4 316.4 315.9 315.2 317.2 319.6 320.6 318.1 318 316.1 313.7 314 319.1 324 330.2 335.1 343.6 357.2 358.5
298.6 301.6 302.5 303.4 302.9 302.6 302.7 303 300.4 300.8 302.3 303.8 301.7 299.9 297.9 298.3 298.4 298.5 299.8 297.2 293.7 287.3 280.9 282.1 286.3 287.4 286.3 283.5 286.7 287.9 292.5 287.9 297.3 303.1 309.1 308.8 305.3 301.5 300.2 300.2 303.5 302.4 300.3 297 292.9 285.1 275.3 269.1 265 234 208.6 225.8 246.4 255.2 271.9 283.3 294.7 295.4 305.5 310.1 313.4 317.1 316.9 317.9 320 321.5 321.3 321 319.9 319.4 317.1 318.7 324.1 331.6 336 341.7 350.6 358.9
295.4 297.3 299.7 300.3 300.6 300.6 300.4 299.5 299.1 299.5 297.7 295.4 294.2 293.9 293.2 293 293.9 291.8 288 286.4 283.2 280.6 278.8 276.8 280.8 281.8 280.1 277.4 279.6 286 294.4 291.7 294.4 304.6 311.2 308.4 302.8 300.1 302.7 303.2 301.1 298.8 296.4 293.1 286.8 279.6 270.3 265.2 241.3 229.2 211.1 223.9 252.3 265 277.8 286.7 294.5 299.8 302.6 311 315 318.2 319.7 320 322.9 323.2 323.1 322.2 321 321.1 320.8 323.3 324.6 329.6 337.3 342.8 348.3 354.1
294.7 293.7 295.7 297.1 298.9 299.2 299.9 301.1 302.9 303.6 302.6 297.9 295.9 295.4 296 298.1 300.6 297.5 298.2 295.4 290.8 286.1 280.6 276.7 277.8 277.8 274.7 273.4 276.1 286.1 295.4 295.5 296.2 308.1 310.7 306.9 302.9 299.4 299.7 300.5 299.8 300 296.9 292.8 284.8 275.2 270.5 263.1 243.4 226.6 214.1 225.3 255.9 273.5 284.7 289.6 296.4 302.1 305.4 308.9 317.5 322.1 322.2 320.5 321.4 322.6 325 324.9 323.6 323.2 323.2 327.7 327.6 330.2 335.9 345.8 348.4 351
