app/static/ascii/NY73.asc
ncols 200
nrows 200
xllcorner 370000
yllcorner 530000
cellsize 50
[rows 35 to 69 of 200, columns 78 to 155 of 200]
461.3 483.6 504.5 519 530.1 540.1 549 568.6 574.6 583.9 584.8 589.2 592.5 595.3 597.3 598.3 596.4 596.2 594.6 593.7 588.8 586.6 587.1 572.2 558.6 545.5 532.1 521.8 516 510 502.7 493.3 486.3 478.3 471.5 464.8 459.2 452 442.3 438.1 435 428.1 421 410 406.6 412.9 415.6 422.9 433.1 444.6 457.1 467 474.5 483.4 493.1 500.8 508 514.8 524.3 538.7 548.5 562.3 574.5 577.8 581.7 589.4 598.1 610.4 625.4 636.9 641.3 643.7 646.5 649 651 657.2 665.4 671.8
463.9 483 503 516.1 532.5 544.4 552.6 564.9 573 583.5 588.9 592 594.9 598.8 605 604.4 605.5 600.8 596.6 594.3 590.7 588.8 584 577.1 561.7 548.6 534.9 525.7 519.1 511.9 505.2 495.7 487.7 479.9 473.2 466.9 459.5 454.6 449.4 445.7 440.4 434.5 426.4 412.4 407.8 410.8 416.6 420.5 430.3 440.2 454.6 465.2 472.6 482 490.7 499.3 506.4 513.2 522.3 533.5 545 555.3 570.6 575.4 578.3 585.5 593.1 603.8 619.2 633.3 639.7 642.4 644.2 645 647.9 654.4 662 673.1
467.8 487 510.1 524.9 532.1 545 554 561.2 570.1 579.4 586.2 590.4 593.8 597.6 602.3 606.1 611.2 613.9 608.2 602.7 594.1 589.4 587.2 577.4 562.4 549.4 537.4 527.6 519.6 512.4 506.2 497.9 490.3 482.4 475.4 469.8 463.5 458.1 454 449.3 443.5 436.7 428.7 414.7 409.3 411.8 419 423 431.4 440.2 451.5 462.9 470.8 479.5 488.4 497.5 504.9 511.5 518 528.7 539.6 551.6 564.1 572.2 575.2 580.6 588.4 599.6 614.6 627.4 632.3 636.5 637.9 642.6 650.1 657.3 663.3 672.4
473.4 495.8 515.8 531.6 539.7 545.3 553.3 559.8 566.3 574.3 582.4 588.4 594 598.5 602.4 610.8 617.2 621.3 620.4 612.5 604.7 597.8 588.7 574.7 561.9 550.2 539 528.5 520.9 513.9 507.5 499.4 492.1 484.6 477.6 472 466.8 460.2 456.6 451.3 445.1 437.9 429.6 420.2 410.3 414.7 420.8 426.3 431.2 440.1 449 460.9 469.4 476.9 485.7 494.7 503.1 509.1 516 524.2 534.5 542.2 555.6 566.4 571.8 575.8 583 592.6 604.2 615.1 616.9 622.3 636 641 646.4 654.9 667.5 674.1
479.6 502.8 518.1 533.1 542.6 547.8 554.3 561.1 569 576.7 583.4 588.8 594.3 601.2 606.4 612.8 619.4 623.7 625.3 620.1 609.5 601 585.5 572 561.4 550.2 539.4 530.2 521.2 515.4 509.2 502.3 495.5 488.1 480.9 473.9 468.4 462.4 458.7 452.7 446.6 436.6 425.8 429.4 412.4 414.1 421.5 428.3 433 440 450.1 458.4 467.2 474.9 482.9 491.8 500.2 506.8 514.6 521.4 528.6 537.5 547.7 562.9 567.9 572.4 578.4 584.8 591.4 597.9 613.3 630.5 636.3 643.6 650.5 662.3 669.7 675.3
488.9 506.6 520.9 536.3 543.5 550.8 557.7 562.9 571.7 578.8 585.2 591 596.7 604 610.5 615.9 621 626 623.3 617.8 606.8 596.4 582.4 572.4 561.7 550 539.4 531.8 524.9 517.9 510.9 503.8 498.3 491.4 484.3 476.7 470.9 464.4 459.2 454.7 443.5 441.6 439.5 432.9 424.7 416.3 419.5 420.6 426.7 434.6 451.7 456.6 466 473.7 480 487.6 495.8 504.1 511.8 518.5 524.4 532.6 539.9 547.4 552.6 566.6 576.6 586.8 598.7 611.5 623.9 632.6 638.6 644.5 654.8 665.1 672 677.4
491.8 510.5 526 536.8 543.8 551.3 558.7 564.1 572.3 579.7 587.1 593.1 598.2 607.1 616 620.5 623.6 625.3 622.7 612.4 602.5 593.5 581.9 571.2 561.6 552 540.9 533.8 527.1 519.6 512.3 505.2 500.3 493.6 486.8 479.5 471.2 464.1 460.8 455.1 451.1 445.5 437.5 432.7 421.9 417.9 428.4 432.6 438.4 446.5 438.9 438.3 464.2 470 476.7 484.2 493 500.8 508.6 515.4 520.8 525.2 533.9 544.8 559.6 567.6 575.9 585.9 598.2 613.5 624.9 633.5 639.1 646.7 656.7 665.5 672.5 678.1
503.3 519.3 528.5 539.3 546.3 553.4 560.3 565.3 572.6 580.9 588.4 594.9 599 608.2 619.9 623.2 626.6 624 618.1 609.4 600.5 590.4 580.2 571.1 560.8 552.1 543.2 535.9 529.1 521.4 513.9 507.2 502.9 496.3 489.7 482.4 474.9 469.1 463 456.7 453.8 448.8 440.8 438.6 422.3 418.9 433.6 439.2 446.1 453.3 458.5 462.7 459 461.2 473.8 479.8 489.1 495 500.2 507 518 526 534 541.7 554.5 564.5 574.2 585 594.5 611.9 621.5 633.1 638.9 645.2 654.2 663.8 672 678.4
515.7 526.3 534.5 543.5 549.3 555.2 561.6 566.2 573.3 581 587.9 595.5 600.1 608.1 617.9 623.8 626.4 625.1 614.2 606.5 600 590.3 580.6 569.8 562.2 551.9 544.6 537.2 530.9 523.9 517 511.1 505.3 499.7 494.1 482.2 481.3 472.5 466.2 459.5 456.3 450.5 444.4 442.4 419.2 424.4 439.5 445 451.1 459.4 464.4 468.2 468.5 458.8 464 478.8 487.9 495.3 504.6 512.4 519.8 524.9 530.3 538.7 549.4 561 570.6 583.4 593.8 606.1 621.1 632 637.2 643.1 651.7 661.5 670.4 679.1
521.1 530.9 540.8 549.1 552.8 556.4 561.7 567.9 574 581 587.5 595.6 601.2 608.9 615.7 621.1 625.1 621.8 613 602.8 594.7 586.1 576.7 567.3 559.2 552.5 545 539.1 533.4 527.1 521.6 515.6 510.6 504.9 491 494.8 487.6 478.3 468.9 465 459.5 450.7 444.5 425.3 421.5 431.5 445.1 452.1 457.5 465.4 470.4 474.5 475.3 472.1 461.9 474.9 486.5 495.1 502.8 510.7 517.7 523.2 529.1 537 546 557.8 566.5 582.4 593.2 602.8 614.4 622.7 634.8 643.1 650.8 659.8 669.5 679
529.4 537.5 545.1 552.9 555.4 558.9 563.1 568.9 575.3 582 588.6 596.9 604.7 613.2 618.8 620.8 620.4 617.1 609.4 600.3 591.7 583.2 574.4 564.4 557.1 550.8 544 539.9 535.7 530.8 526.2 521.3 506.1 506.3 505.2 499.4 491.9 482.1 473 468.5 461.6 451.6 441.8 422.8 428.9 436.4 448.3 457.7 463.8 471.4 476.6 480.6 482.3 478.9 473 465.9 483.3 494.3 502.1 508.9 515.5 521.3 529 534 542.6 554.2 564.8 574.6 587.2 598.3 606.8 617.8 632 641.8 648.9 659.2 669.1 678.6
536.9 544.4 552.1 554.7 557.4 562.1 566.6 571.4 576.8 582.9 589.5 599.4 608.9 617.2 622.5 623.7 618.4 613.8 605.9 598.5 589.3 579.7 569.7 561.3 555.2 549.2 543.7 539.8 536.2 532.7 528.7 523.5 519.7 515.8 509.1 502 494.8 485 475.9 469.9 460.4 452.9 440 428.5 444.1 446.8 449.9 462.7 470.8 477.6 482.9 486.9 487.6 486.2 483.4 472.5 473 492.8 500.2 506.6 513.5 517.8 521.6 531.7 540.9 550.1 560.7 574.4 591.1 600.6 610.3 620.5 629.4 639.9 648.2 657.8 668.6 678.6
542.9 550.3 555.1 558.1 559 563.5 568.8 573.6 579.1 584.7 590.7 601.5 611.5 619.8 624 623.6 616.7 611 603.4 596.4 587.4 578 567.9 559.5 553.7 547.8 542.6 539.6 536.6 533.7 529.7 525.2 523.7 518.3 512.2 503.3 495.1 487.4 479.1 467.3 458.9 450.8 435.7 431.9 443.5 452.8 459.3 466.2 477.2 483.9 489.3 492.1 493.3 493.2 490.7 485.8 477.2 479.8 495.3 501.7 511.4 518.7 526.6 533.5 540.4 549.1 560.4 573 589.1 599.7 607.9 615.5 626.2 638.8 646.3 656.7 667.7 677.4
549.2 555.4 558.5 560.1 563.1 565.2 569 575.7 580.9 586.1 591.9 602.7 613.7 620.2 621.5 621.3 616.1 609.5 601.8 594.7 584.8 575.9 567.3 559.8 552.3 546.2 542.6 540.1 537.7 534.8 533.2 530.4 526.6 521.4 515.4 506.4 498.1 489.4 480.4 469.3 457.3 451.8 436.9 434.2 449 458.3 465.9 475 479.9 490 495.3 498.7 499.9 499.8 496.3 493.1 490.1 490.1 487.8 503.3 511.3 517.5 523.2 531.6 538.1 547.9 559.7 572.9 589.6 601.2 608.3 616 624.9 637.7 647 656 666.9 678.4
554 559.6 561.2 562.7 566.1 569.7 573.5 573.2 581.3 586.4 593.1 606 615.4 619 620.9 619.6 615.3 609.2 601.3 592.7 582.7 575.1 567.4 560.1 553.1 548.1 544.3 541.1 538.9 536.8 535.4 532.9 529.4 524.5 517.2 509.3 501 491.2 480.4 470.7 463.4 453.6 436.1 441.3 452.5 463.8 473.3 483.3 479.5 495.8 500.5 503.4 505.3 505.6 500.7 500 497.2 497.1 490.6 492.7 507.6 512.8 521.1 528.9 537.6 547.9 559 572.4 588 601.4 608.5 615.8 624.4 634.8 646.6 655.5 666.6 678
558.3 562.5 564.3 565.8 569.3 574.1 578.3 581.3 583.4 588.3 595.5 607.7 616.6 619.6 620.5 618.4 615 607.8 600 592.3 583.9 574.4 567.4 560.2 555.1 550.1 545 542 539.9 538.7 537.2 535 531.3 525.9 518.5 511 501.7 492.3 483.2 472.5 465.9 449.9 438.9 447.7 455.8 467.2 479.1 489.4 496.7 499.7 505.4 508.2 512.1 512.2 507.4 505 501.6 502.3 502.6 496.9 501.1 506.1 512.6 527.3 535.8 544.9 557.3 571 582.5 599.4 606.7 614.4 622.6 634.2 645.9 654 664.3 677.2
562.5 564.9 567 569.1 572.9 577.7 581.8 585.7 588.3 592.3 598.9 609.5 618.8 620.9 619.8 616.6 612.3 606.1 598.9 590.9 583.5 575 567.4 561.9 556.9 552.9 547.6 545.3 542.8 541.5 539.1 537 533.2 527.6 519.9 512.2 503.1 493.5 484.1 474.5 467.4 455.7 445.4 458.7 466.8 472.6 484.3 493.6 503.3 502.5 511.5 514.1 516.5 516.5 512.3 509.3 507.3 507 507.7 509.3 500.8 517.8 519 521.7 534.2 543.5 557.4 569.3 580.3 595.7 605.7 613.4 622 633.1 643.4 651.8 660.8 673.4
564.4 567 570.2 573.7 577.7 582.1 587.7 593.5 596.6 599.3 604.5 613.4 621.9 621.8 620.1 616.6 610.7 604.7 598.1 589.5 582.2 575 568.3 563.4 558.9 553.9 551 548.5 546.1 544.3 541.4 538.3 534.4 527.9 520.5 512.5 503.4 494 484.7 475 467.8 457.2 441.5 462 472.7 480.6 490.6 500.2 509.8 513 516 521.1 521.4 519.8 517.1 513.6 512.4 512.3 514.8 516.7 509.5 519.3 527 525.9 521.6 542.3 554.5 567 578.7 590.3 604.2 611.9 621.5 632.6 641.7 650.2 656.9 668.1
568.4 570.7 573.9 578.2 582.5 589.5 596 602.1 608.5 609.6 612.8 619.8 624.9 625.8 622.2 617.4 610.2 602.5 596.2 589.1 582.3 575.9 569.3 565.1 561 556.7 553.6 551.2 549.4 546.9 543.6 539.5 535.3 529.2 521.8 513.5 504.2 494.3 485.1 475.8 469 456.9 457.6 467 476.8 486.3 496.5 507.2 514.9 519.8 518.5 526.9 527.4 524.7 521.1 517.4 517.3 519.2 522.4 524.7 522.8 518.4 531.2 538.1 537.1 534.4 551.1 562.9 575.1 587.2 600.2 610.7 617.5 627.3 637.1 646 654.3 663.1
571.8 574.4 578.2 582.5 586.8 593.8 602.5 607.8 615.2 619.3 622.2 626.9 628.9 628.8 625.5 618.5 611.6 603.1 597.9 589.3 582.5 576 570.4 566.2 562.2 559.6 555 553.9 551.2 548.8 544.9 540.6 535.9 530.2 521.8 513.4 504 494.4 484.4 475.2 468.6 457.5 464.6 473.6 481.9 492.8 502.9 514.1 520 524.5 527.2 529.7 531.2 530.7 527.6 524.7 520.9 523.1 527.2 531.7 531.5 517.9 533.9 542.5 547 540.3 543.4 559.1 571.9 586.4 596.6 607 615.1 622.4 632.5 641.3 649.8 658.7
575.3 579.4 583.1 587.2 592.2 601.3 608.2 613.2 619.8 627.7 629.4 631.9 631.8 631.5 628 620.7 613.3 606.3 600.8 592.7 583.4 576.9 571.8 568.6 564 561.9 558.8 555.7 551.7 549.2 545.7 541.1 535.7 529.7 522.7 513.7 503.6 494.5 483.4 474.5 469.6 457.9 470.7 478.9 488.1 499.1 512.2 520.3 524.5 528.6 531 531.1 533 533 534.3 531.7 526.7 530.5 535.2 538.3 539.6 529.1 536.1 546 553.6 553.9 543.3 549.8 565.7 580.2 588.3 601.3 609.7 618.4 628.2 637.2 647.2 654.2
578.3 582.4 587.4 591.3 597.5 608.1 613.6 618.9 630.7 633.2 632.7 633.4 631.5 630.4 629.9 624 616.8 607.8 601.6 593.7 585.3 578.4 573 569.2 567.5 564.2 561 557.5 553.5 550.5 546.1 541.3 535.9 530 523.1 514.4 504.7 493.5 484.4 473.9 469.3 459.4 475 485.4 494.6 505.6 518.5 525 529.1 532.6 534.1 532.1 533.2 534.8 538.2 538.3 535.8 538.5 542.2 544.5 546.3 544.2 535 548.8 555.8 560.5 560.6 550.5 559.7 573.2 585.9 594.9 603.5 613.6 623.2 632.9 641.5 649.7
581.5 586.5 591.1 596.6 602.5 611.9 620.1 626.8 633.6 634 632.1 630.7 632 635.7 634.2 627.8 620.3 608.9 604.8 597.4 587.3 580.8 575.5 573.5 571 566.4 563.1 559.8 556.6 551.4 546.4 541.5 535.6 529.5 522.8 513.8 504.8 493.7 483.9 470.4 465.5 469.4 477.4 489.7 501.1 511.5 523.6 530.3 533.9 537 537.9 536.2 534.6 536.3 540.5 544.5 543.8 547.2 550.2 551.3 551.3 550.3 537.2 552.1 558.6 564.4 567.2 566.7 563.2 560.6 580.8 591.6 596.3 603.9 613.6 616.3 628.2 637.5
583.1 590.4 595.1 600.8 607 617.1 621.6 627.3 631.3 631.4 632.3 636.2 637.9 638.2 635.1 630.9 624.3 613.8 606.6 599.9 592.4 584.7 579.1 576.1 574 569.8 566.7 562.7 558.3 552.6 547.1 541.3 535.5 529 521.1 513.4 504.6 494.2 480.7 469.1 470.5 474.4 482.7 494.9 505.7 517.7 528.5 534.9 538.7 541.3 543.2 542.2 538.4 538.3 544.5 547.9 551.2 554.1 556.9 558.3 557.7 555.9 551.5 551.5 560.7 567 570.8 574.1 574.7 575.9 575 575.8 597.3 611.7 620.5 627.7 634.1 645.3
589.9 593.9 599.4 605 612.3 620.6 626.1 630.4 634.3 636.3 639.7 642.3 641.9 641 638.8 636.2 631.8 618.6 609.5 605.4 597.1 588.2 582.3 579.6 576.3 572.4 569.2 565.8 561.6 554.5 548 540.4 532.9 527 520.2 511.9 503.6 493.6 477.8 473.4 474.8 477.7 485.5 498 511.1 522.5 533.1 539.5 543.1 545.7 547.5 547.2 545.1 544.2 546.7 551.3 555.8 559 562.2 563.4 562.8 560.2 555.1 547.3 561.2 568.2 572.9 575.8 579 581.2 586.1 592.3 608.2 617.9 625.7 628.8 635.1 642.9
595.2 599.2 603.7 609.9 618.3 624.3 631.2 635.9 641.4 643.8 644.5 644.4 644.3 643.9 642 641 638.1 623.9 614 608.4 601.6 591.7 585.8 582 578.7 575.3 571.5 566.8 561.9 555.3 548.2 539.8 531.3 524.3 518.1 510.9 502.4 491.6 479.9 474.9 477.6 480.4 488.2 500.4 514.5 526.3 536.5 543.1 547.1 549.6 551 552.4 550.2 550.2 549.2 553.8 559.4 563.2 566.2 567.6 567.4 565.1 556.9 552.2 563.7 569.3 574.2 577.4 580.6 583.7 588.6 598 610.9 623.9 628.7 632.8 638.3 643.3
599.5 603.5 608 613.5 620.9 629.1 637.1 641.8 645.1 646.3 646.2 646.2 647 647.1 646.1 644.6 642.5 631.4 618.1 610.8 605.8 595.2 589.1 585.1 581.9 577.2 571.7 566.8 562.1 555.5 547.5 540 531.9 522.9 517.1 507.7 497.5 487.6 479.4 476.1 480 484.5 490.1 503.6 516.6 528.9 538.4 545.7 549.5 552.9 555.4 557.3 556.4 556.6 553.9 556.2 560.9 565.4 569.8 570.9 570.9 568.8 564.4 558.6 562.3 571.2 576 578.1 581.8 585.4 591 598.2 610.1 623.5 633.3 635.7 640.5 644.8
603.6 608.2 614.3 618.3 625.3 631.1 640.1 643 647.4 648.5 648.3 649.1 649.4 648.4 647.5 646.3 645.7 637.8 622.4 614.4 612 599.4 592.1 587.5 583.6 578.7 573.2 567.7 562.2 555.8 548.8 540.7 532.1 524.4 515.3 506.2 497.8 487 476.1 479.9 481.5 486.5 492.9 506.4 518.1 530.1 540.1 547.7 552.4 555.4 559.8 561 560.8 560.9 559.5 558 561.7 566.2 571.1 573.5 573.7 572.8 569.8 560.7 561.3 571.4 576.8 580.5 584.1 588.1 593.1 599.4 607.5 620.2 633.6 638.7 641 645.3
610.2 615.1 619.6 623.6 630.1 636 641.6 644.6 648.6 649.3 650.4 650.8 650 650 649.1 648.4 647.2 641.5 627 618.7 610.8 600.8 594 589.3 585.1 579.6 573.9 568.1 562.1 555.7 548.7 540.5 532.2 524.2 515.5 505.6 495.2 481.2 485.1 490 482.4 489.2 496.6 506.7 517.9 530.7 540.8 548.5 554.8 559.2 562.5 563.2 563.5 563.9 563.6 562.8 563.3 566.9 571.5 574.9 576.7 575.7 571.9 566.1 563.1 570.6 577.8 582.8 586.8 590.7 595.1 602.2 609.6 617.3 628.3 640.7 643.9 645
617.7 622 624.2 629.4 634 640.9 644.5 644.8 648.2 649.4 651.5 651.8 651.3 651.4 652.6 651.6 649.5 642.9 632.5 621.6 610.9 602.8 595.4 590.2 586.1 580.2 574.6 568.8 561.7 555.6 548.8 541.3 533 524.7 515.6 501.9 493.4 482.4 490.9 490.8 487.3 491.6 499.8 508 517.9 529.7 540.2 549.1 556 561.9 564.9 565.7 566.2 566.6 566.9 566.8 566.4 569.4 573.7 578.1 579.9 578.2 574.6 571.8 565.9 570.1 578 583.4 586.9 591.5 596.9 605.7 610.2 618.8 627.6 635.9 645.8 648.5
623.5 626.8 629.4 634.6 639.5 643.9 646 646.8 647.6 650.3 653.7 655.3 654.5 655.7 655.1 653.8 650.7 646.4 636.3 625.2 613.2 603.5 596.1 591.5 587.1 580.8 574.4 569 562.5 556 547.6 540.9 532.8 525.3 517.1 505.3 491.3 484.3 492.9 493.2 490.3 495 501 508.5 517.9 529.5 539.5 548.6 556.1 562.1 565.7 567.8 568.4 569 570 570.5 570.4 571.7 576.3 579.5 583.1 582.3 580.2 577.4 571.3 571.2 575.5 584.1 588.9 592.4 596.7 604.6 612.8 617.5 626.2 632.9 641.3 647.8
628.9 633.2 635.7 640.2 643.1 646.7 649 650.2 650.7 653.5 658.7 659.5 659.8 660.1 659.1 657.2 655.3 648.1 637.3 626.1 613.7 603.4 597.5 593.2 587.9 581.2 575.3 570.2 564 557.1 549.1 542.7 534.2 525.1 512.9 502 496.5 485.7 490.5 497 497.6 495.1 501.2 512.5 520.6 529.7 538.5 546 554.4 560.8 565.5 568.6 570.6 571.4 572.4 573.5 574.6 574.6 577.9 581 585.5 585.5 582.7 582.8 575.2 573 574.7 582.6 588.9 592.3 596.2 603.2 612.3 618.8 623.9 629.6 634.2 639
633.5 639.5 642.5 646.4 648.9 651.4 655.2 656.9 658.4 660.5 663.9 666.3 665.8 664.6 662.5 660 656.6 650.6 639.7 627.6 615.2 605.1 598.2 592.8 588.1 582.4 577.1 572.2 565.9 558.7 551.3 544.4 536.1 526.4 513.7 502.9 500.4 487.5 497.3 502.5 503.7 505.3 508 509.2 520.5 529.5 537.6 545 552.6 559.8 564.9 568.8 571.7 573.8 574.8 576.1 577.7 578.2 580 582.1 585.7 588.5 586 587 581.1 575.4 577 580.1 586.7 591.7 596.1 601.1 611.2 616.8 621.4 626 629.9 633.3
639.9 648 652.9 655.1 658 659.5 663.5 665 667.4 670.3 672.9 673.1 671.1 668.9 664.5 661.6 658.8 655.4 647.2 634.5 623.2 612.1 601.7 595.4 591 585.3 580.1 575 567.7 565 556.8 547.9 537.9 527.2 515.9 506.7 500.2 494.8 504.3 504.8 510.4 509.7 519.3 520 523.2 512.6 526.6 543.7 550.6 557.5 564 568.9 572.2 575 576.7 577.9 579.3 581.2 582.5 584.4 588 591.8 589.5 590.2 587.3 578.4 579.2 582.2 585.2 590.8 595.8 600.6 607.3 614.1 618.7 623.1 625.2 626.3
638 646.6 651.9 657.2 660.6 664.1 666.9 669.3 671.8 675.2 677.3 678.7 677.6 673.9 669.4 665.6 663.3 658.5 652.6 642.9 631 620.3 607.8 599.2 593.8 588.2 583.1 577.3 574.1 569.4 561 551.4 537.5 528.4 521 510.3 501.4 498.9 510.1 504 515.9 513.9 521.9 526.3 531.3 536.2 536.6 524.7 545.8 555.5 561.6 568.3 572.6 575.2 578 580.7 582.2 583.8 584.5 587.2 590.3 595.1 592.9 591.6 591.2 581.1 580.5 582.5 585.7 588.9 595.4 601.9 606.8 611 614.3 618.5 620.2 620
