app/static/ascii/NY74.asc
ncols 200
nrows 200
xllcorner 370000
yllcorner 540000
cellsize 50
[rows 70 to 104 of 200, columns 78 to 155 of 200]
359.9 360.2 359.3 358.8 358.2 355 355.3 355.6 356.1 352.6 347.5 351.7 352.4 352.7 353.1 353.3 352.8 351.7 349.9 347.7 346.6 345.3 342.5 345.7 345.5 341.4 338.8 338.6 339.1 341.7 358.2 376.4 380.1 383.4 386.1 388.7 391.2 393.4 395 396 395.7 397.5 398 395.9 398.6 401.9 409.9 414.7 420.3 435.5 442.2 445.1 444.6 458.1 469.1 476 481 487.1 495.7 503.6 509.4 515.2 521.1 528.1 532.1 535.9 541.4 544.6 546.2 547.7 549 549 549.4 548.9 547.8 545.3 542.5 540.4
362.8 363.5 363.5 363.2 362.6 360.4 359.4 358.3 358.4 358.3 352.2 356.2 356.7 356.7 356.9 357.2 356.1 354.4 351.6 349.1 348.2 347.1 346.7 349.3 350.4 347.1 338.8 340.1 339.7 341.6 342.6 356 364.7 374.3 382.6 385.8 387.2 386.8 389.8 390.6 390.1 394.1 393.1 392.7 394.1 397.7 402.8 408.4 421 432.4 425.3 432.6 450 460.9 466.5 469.9 479 485.4 492.2 501.8 507.9 514.1 519.4 524.8 530.2 535.7 542.8 547.7 549.5 550.6 551 551.6 550.9 550.4 550 548 545.3 543.6
366.2 367.4 368 367.4 366.8 366.7 365.7 364.7 363.5 362.6 357.4 360.9 361.7 361.6 360.9 361.2 359.3 357 353.4 351.6 350.9 348 349.8 352.2 353.6 351.6 342 341.6 341.5 340.2 340.9 342 344.7 351.7 357.8 363.1 368.7 373.9 379.3 382.9 387.3 391.4 390.5 390.5 391.9 394.2 399.2 406 415 418.3 424.7 439.2 448.4 448.8 462.4 471.3 478.7 484.2 489 500.9 507.5 512.9 518.3 523.7 529.3 534.8 542.4 549.2 551.3 551.8 553.6 553.9 554.3 554 551.9 550.1 548.5 546.8
371.5 372.1 372.8 372.8 372.2 372.1 372.4 371.2 369.5 367.9 362.4 366.5 367.3 366.6 365.6 365.1 362.6 360 355.8 354.2 353.2 352.3 354.1 355.4 356.7 356.1 350.1 345.4 343.8 342.9 345.5 346.1 344.1 344.4 343.6 347.9 353.5 361.9 369.7 375.3 386.6 389.6 388.1 387.9 390 392.7 397 401.7 407.8 417.9 427.3 435.6 438.8 447.8 464.5 474.6 479.6 481.7 485.9 497.3 505.9 511.8 517.3 522.8 528.2 533.3 540.7 548.2 551.5 552 553.4 555.7 557.6 554.9 553.1 552 551.5 550.2
375.6 376.3 376.9 378 378.5 377.4 378.5 375.8 375 373.4 372.8 372.8 372.8 372.8 371.1 369.2 367 362.8 359 357.5 356.4 356.6 358 359.3 360.4 361 356.1 354.4 350.5 352.9 355.3 354.9 350.3 346.2 345.5 346.4 349.8 356 371.3 381.3 386.6 387 385.4 385.9 388.5 391.8 396.5 401.6 408.6 419.1 428.5 433.3 438.9 449.9 465.4 474.7 478 479.6 483.4 492.2 504.3 511 516.2 521.1 526.4 531.7 539.1 545.5 549.8 552.1 553.6 555.2 556.2 555.3 555.3 554.4 554 553.3
381.5 382.4 383.1 383.7 384.8 384.5 384.3 383.1 382 380.5 379.2 379.3 379.1 378.2 376.9 374 370.5 366 364.5 360.3 360.6 361.2 362.7 363.3 364.4 364.5 362.9 360.6 359.8 359.6 359.5 358.4 351.6 349 346.4 344.3 347.6 351.2 367.4 382.5 385.9 383.1 383.7 387.8 391.4 393.7 399.8 402.5 406.2 412.2 417.5 429 440.5 451.6 463.6 472.8 474.9 476.2 481.5 488.6 500.2 509.1 514.1 519.4 524.6 530.1 537.3 542.4 546.8 552.1 553.9 555.8 556.7 556 556.3 557 556.8 556.3
386.5 389 389.6 390.1 390.7 392.6 391.2 390.3 389.2 387.6 386.9 387.1 386.2 385.2 383.7 380.2 375.7 371.7 370.1 366.1 365.3 367 368.4 368.7 368.9 367.4 365.5 363.5 362.3 361.9 360.5 359.1 351.7 352.1 346.4 345.3 347.2 351 361.9 377 381.5 380.1 387.8 392.2 395.6 400 398.6 407.3 412.5 419.7 426.9 432.4 438.4 449.7 460.6 468.7 470.7 473.2 480 486.6 496.1 505.9 512.4 517.6 522.9 528.5 534.9 539.5 545.3 550.8 553.7 555.5 557.1 556.9 557.7 558.8 559.6 559.1
395.1 396.7 397.6 398.5 399.3 399.2 398.4 397.5 396.4 394.9 394.7 394.2 393.2 392.2 390.2 387.3 383.1 379.1 374.7 373.3 371.9 372.9 374.1 374.5 372.8 369.6 367.4 365.3 364.5 363.4 362.4 358.1 354.8 356.1 349.1 346.9 347.8 350.3 358.5 364 372.7 384.9 390.1 395.4 399.8 404.8 404.9 409.4 415.8 424.3 428.9 432.4 437.5 446.1 455.5 462.8 466.1 472.5 479.3 485.3 492.9 502.5 510 515.6 521.2 527 532.2 538.2 543.7 549.3 552.9 554.8 556.8 558.3 559.3 560.4 562 561.9
403.2 405.1 406 406.9 406.9 406.2 405.5 404.7 403.6 402.3 402.2 401.2 400.2 399.3 396.8 394 390.5 386.4 382.1 381.3 380.9 380.3 379.3 378 375.3 371.4 369.2 367.4 366.3 365.2 363.7 355.2 360 357.2 351 348 348.3 349.1 354.9 361.1 379.9 385.8 391.3 397.3 403.7 407.9 410.9 410.9 418.9 426.2 429.8 433.1 436.2 442.4 449.9 455.1 463.5 472.1 480 483.6 490.4 498.9 507.9 513.1 518.7 525 530.9 536.6 542.3 547.9 552.3 555 557 559 560 564.6 565.9 565.6
410.8 412.8 414.5 414.5 413.8 413.2 412.6 411.8 410.8 410 409.2 408.2 407.2 406.1 403.3 400.5 397.7 391.9 389.7 388.5 388.1 387.1 385.8 381.9 376.5 372.9 370.7 369.8 367.8 366.7 360.3 362.4 362.2 359.9 353.7 350.1 348.6 349.2 353 366.8 379.4 386.2 391.9 397.8 405.1 410.3 413.8 410.3 419.8 426.8 429.7 432.6 435.6 438.4 443.9 449.2 460.7 472 478.3 481.4 488.4 496.6 505.4 511.2 515.9 522.1 528.8 535.1 541.3 547.4 551.7 555.4 557.9 559.7 563.9 568.6 569.3 566.7
419.7 421.7 422.2 421.4 420.7 420.1 419.5 419 418 417.3 416.3 415.2 414.3 412.7 409.9 407.1 403.9 400.3 398.7 397.1 395.6 393.7 389.4 383.6 377.9 374.7 372.9 370.3 367.9 364.8 364 365.6 364.5 361.3 356 350.3 349.6 349.3 350.5 365.1 378.5 386.4 392.2 398.1 405.6 411.7 415.1 411.4 419.6 425.1 429.9 431.9 433.3 435.7 439.5 446.8 458.6 471.8 475.9 479.8 487.1 493.9 501.2 506.5 514.9 522.9 529.9 535.4 541.3 546.7 552.8 557.9 559.9 562 567.9 569.3 569.6 569
427.5 429.1 428.4 428.3 427.6 427 426.4 425.9 425.3 424.3 423.3 422.3 421.3 419.3 416.4 413 410.6 408.1 406 403.9 401.6 398.1 392.7 385.9 379.4 376 374.4 369.3 365 368.8 369.4 367.5 365.5 361.9 355.2 351.5 350.6 349.9 351.8 358.7 369.4 384.8 391.5 398 406.6 412.7 416.2 416.4 419.3 424.4 429.1 430.2 431.2 433.9 440.1 448 458.9 467.3 470.5 479.1 486.7 492.1 497.9 506.4 514.3 522 529.7 536.6 541.2 547.1 553.3 559.7 562.9 565.6 568.2 568.8 569.3 569.6
435.5 435.2 435.1 434.8 434.5 433.9 433.4 432.8 432.5 431.7 430.3 429.3 428.3 425.8 422.9 420.2 417.4 414.5 411.9 409.8 406.4 400.3 393.7 386.3 380.6 378.4 372.9 372 367.2 372.3 370.9 368.7 366.8 362.8 358.2 353.3 351.8 350.9 351.6 354 362 380.8 389.8 395.3 405.6 412.7 416.6 417.2 416.9 423.5 427.1 427.5 429.5 432.4 439.6 448.4 456 461.7 469.9 478.3 486.7 492.6 499.2 505.8 513.2 520.6 528 535.5 541 546.2 552.9 559.6 564.4 566.8 567.9 568.4 568.9 569.4
441.8 441.7 441.5 441.3 441.2 440.8 440.3 439.7 439.6 439.5 438.3 437 435.2 432.5 429.8 427 424.2 421.4 418.2 415.8 409.3 402.3 394.8 387.2 383.8 378.9 374.3 375.6 375.2 374 372.4 369.8 368 366 362.6 356.1 353 352.2 352.3 353.1 357.5 373.4 388.6 393.5 402.4 411.6 416.5 417.6 417.4 421.4 423.1 425.3 432.3 439.3 445.6 447.6 453.9 461.2 468.6 476.2 485.1 491.8 499 504.8 512.3 519.7 527 534 540 545.3 552.4 559.2 563.9 566.2 567.6 568 568.5 568.9
446.1 447.2 448.1 448.3 448.5 447.6 447.1 446.9 447 447 446.7 445.5 442.9 439.4 436.6 433.9 431.2 428.4 424.4 418.5 411.6 403.8 396.8 390 384.7 380 379.9 379.1 377.1 375.7 373.7 372 370.1 367.7 364.8 359.2 354.5 353.3 353.7 351.7 356.7 366 385.6 392.3 399.4 410 415.6 418.5 419.8 421.6 422.4 426.6 435.3 443.3 448.5 450 454 460.1 467.4 475 481.4 489.9 495.2 503.8 511.4 518.6 525.3 532.6 539.1 544.1 551.4 559.2 563.4 565.7 567 567.5 567.9 568.4
453.1 454.7 455.6 455.6 455.4 454.5 453.8 453.6 454.5 454.6 455 454.3 453.1 449 444.1 441.4 438.2 435 428.5 420.8 413.3 405.3 398.2 391.6 383.6 380.6 385.5 381.8 379.9 378 375.9 374.2 371.9 369.3 365.6 360 359.6 355.9 352.9 354 352.8 359.3 381.1 391.6 397.3 406.1 414.2 417.9 419.6 421.3 423.5 430.7 437.7 445.4 449 452 454.9 459.8 466.6 473.2 482.1 489.1 495.6 504 511.5 517 523.5 530.5 536 541.8 549.7 557.3 562.8 564.6 565.9 566.9 567.4 567.8
460.5 461.6 462.9 463.3 462.5 461.6 460.2 460.4 461.5 462.3 462.7 462.8 462.3 459 453.6 449.1 445.4 440.6 432.2 422.8 414.9 406.9 399.2 393.5 385.4 388 386.9 385.2 383.4 381.4 379.1 376.7 374 370.7 366 361.7 364.3 361.8 357.7 356.5 355 354.5 366.2 390 397.1 403.2 411.4 416.1 419 422.7 426.6 432.7 438.8 444.3 447.8 451.4 454.3 459.1 466.2 472.3 480.2 487.1 494.1 503.1 511.7 516.8 521.1 526.7 532.4 539.7 547.2 555.8 562.3 564.3 565.3 565.7 566 566.2
468.3 470.3 471.2 471.3 470.2 469.6 468.8 469.9 470.2 470.8 471 471.2 469.9 466.9 463.6 458.9 453.5 444.9 435.3 425.1 416.5 408 400.6 393.2 391.7 390.7 390.7 388.6 386.9 384.9 382.4 379.5 376.3 372.6 368.1 367.6 367.3 365 366.1 360.2 355.6 355.6 359.9 382.3 393.9 399.3 407.4 413.8 417.1 421.5 428.1 433.9 438.9 443.4 446.1 449.8 453.9 459.5 468.3 474.1 479.4 485.7 492.3 501.3 509.8 515 519 523.8 529.2 536.3 543.4 550.6 559 563.7 564.5 564.8 564.5 565.1
476.1 478.4 479.4 478.4 477.1 476.5 477.9 478.6 478.7 479.3 479.5 479.7 477.3 474.2 471.1 465.5 458.5 450 438.8 427.9 417.8 409.3 402.6 396.1 395.5 396.1 394.7 392.5 390.4 388.1 385.2 382.4 378.6 373.9 366.4 370.6 370.1 368.8 370 366.3 360.2 357.7 356.6 362.5 385.7 395.5 401.9 408.7 414.8 421.7 428.3 433.3 438.3 441.7 444.5 448 453 459.1 468.4 475.3 479.6 485.1 491.4 498.9 506.1 511 515.9 520.8 526.4 533 539.8 543 548.1 554 555.1 556.7 559 556.7
483.9 485.3 485.1 484.3 484.3 483.5 484.7 485.6 486.8 487.7 488 487 484.2 480.9 477.3 470.5 463.2 454.9 442.6 430.3 420.3 412.5 405.8 398 400.6 400.1 398.6 396.6 394.3 390.8 387.5 384.8 379.8 373.7 372.4 374.4 373.1 372.2 373.1 370.5 365 361.1 356.6 359 367.3 390.1 396.7 404 411 419.8 428.6 432.8 437.1 439.9 443 446.4 450.4 456.8 463.9 471.8 477.2 482.1 489.2 496.2 501.9 507 511.8 516.1 521.5 528.2 535.2 538.9 541.6 544.6 547.5 549.4 549.2 549.5
489.9 491.7 491 490.2 490.2 490.4 491.4 492.4 493.4 494.9 494.5 492.4 490 487.1 482.1 474.8 466.7 457.9 446.2 432.5 424.1 416.2 407.8 399.9 405.8 405.3 403.3 400.2 398.2 395.9 390.5 386.3 384.5 379.1 377.9 377.4 376.3 376.2 375.1 374.2 370 365.1 359.6 358.2 360.3 376.3 390.7 397.1 405.6 416 427.7 432 435 438.1 441.5 444.9 447.5 453.8 460.3 465.6 470.9 477.3 484.2 492.2 498.1 502.9 506.9 511.4 516.3 522.4 528.8 534 537.5 541.2 542.6 544.1 544.5 544.9
497 496.6 496 495.5 495.7 495.9 496.9 498 498.8 500 499.4 497.9 495.5 492.7 485.5 477.2 469 460.9 448.6 436.9 428.4 419.8 410.3 404.5 411.8 411 408 404.6 401.2 399.4 395.3 391 387.9 382.8 382.1 381.6 380.9 380 378.6 376.7 373.5 369 363.9 360.7 362.3 365.5 381.7 391.3 398.8 409.8 421.6 427.7 432.1 437.1 439.6 442.2 444.7 449.5 455.9 461 466 470.8 475.9 483.3 491.6 497.7 502.2 505.7 510.6 515.8 521.8 526.5 530.2 534.9 537.2 537.5 537.5 538.1
498.5 500.1 499.5 500.1 500.8 500.8 501.8 502.9 504.2 504.6 503.8 502.2 499.8 495.4 488.4 480.1 471.8 463.4 452.7 442.1 432.7 423.1 420.6 412.4 418.5 415.5 412.9 410 406.5 402.8 400.5 396.8 391.9 387.5 387.5 385.8 384.7 383.8 382.9 380.8 377.4 374.5 368.1 360.2 362.6 365.3 372.7 383.4 392.5 399.6 408.7 418.2 426.3 432.5 437.2 439.6 441.5 446.6 451.4 456.4 461.5 466.2 470.2 473.7 481.7 489.8 494.5 498.6 502.6 507.3 512.7 518.1 521.4 525.8 527.5 529 529.5 529.6
500.6 502.1 503.5 504.7 505.4 505.9 506.8 507.8 508.1 508.3 507.6 506 502.7 496.8 490.3 483.2 474.9 465.9 456.4 447 437.3 432.2 426.3 419.1 422.4 419.8 417.2 414.8 412.2 405.5 406.3 402 397.1 393.9 392.9 391.3 389.5 387.7 386.7 385.1 382.6 379.1 371.3 361 362.6 365.6 367.5 372.8 384 392.5 400 408.8 419 425.6 432.4 435.9 439 444 448.3 452.3 456.9 461.7 464 466.6 472.2 479.3 485.2 491 493.9 497.3 502.9 509.7 512.9 515.5 517.4 519.1 518.4 518.5
502.8 504.5 505.9 507.1 508.3 509.3 510.3 510.9 511.5 512 511.1 509.7 504.3 498.6 492.1 485.6 477.8 469.1 459.8 450.7 443.2 438.4 423.5 428.6 427.5 424.7 422 419.2 416.5 412.7 411 406.2 402.5 400.4 398.2 396.7 394.9 393.1 391.3 389.1 386.3 383.4 369.9 362.3 361 365.4 367.1 368.2 374.3 383.9 393.1 400.2 410.6 417.3 426.7 432.3 436.3 441.4 445.1 449.2 453.2 456.8 459.8 462.7 465.8 470 476.1 481.6 484.4 488.7 495.6 499.2 504.3 506.5 508.7 508.8 508.3 509.8
504.9 506.8 508.3 509.6 510.7 511.1 512.3 513.8 514.3 515 513.8 510.9 505.7 500.6 494.3 487.8 480.1 472.4 463.4 454.6 446.1 435.5 430.7 435.3 432.6 429.7 426.7 423.7 420.8 418.6 415.7 411.7 408.6 406.3 404.2 402 400.4 398.6 395.7 392.6 390 387.2 376.7 364.2 362.4 365.9 367.1 368.2 369.1 371.2 384.3 393.5 400.3 408.8 418.2 427.1 433.1 438.3 442 445.7 449.8 452.8 455.9 458.8 462.2 463.6 467.2 471.9 475.5 479.9 486.1 489.1 494.7 500.1 502.1 502.6 501.5 503.7
505.3 508.4 510.6 512.1 512.5 512.9 514 515.5 516.9 517.4 514.4 511.5 507.3 502.1 496.4 490 482.3 474 465.8 456.7 449.6 444.8 441.8 441.6 438.7 435.2 431.8 428.9 425.4 423.9 420.7 417.4 414.1 411.9 409.8 407.8 405.6 402.4 399.3 396.2 393.4 390.1 384.5 373 362.8 365.8 367 367.6 368.3 370.2 374.4 385.3 394.9 401.6 406.5 414.6 425.9 432 438.2 442.8 445.5 448.5 452 455 458.1 461 463.7 466.3 468.8 471.2 474.6 479.5 486.2 491.9 496.7 496.9 497.3 498.2
502 507 511.3 513.5 514.4 514.7 515.8 517.2 519 518.2 515 512.1 509 503.6 498.3 492.2 484.7 474.8 465.9 459.6 456.7 444.1 449.3 447.5 444.5 441.4 437.9 434.4 426.8 429.2 426.2 422.9 419.6 417.4 415.4 413.4 410.2 407.2 403.8 399.9 395.8 392.4 385.6 376.4 367.9 365.6 366.4 366.5 367.8 369.6 371.5 373.8 386.7 395.4 399.7 401.7 417.1 423.4 431.4 437.4 440.2 443.3 446.4 449.7 455.1 458.6 461.4 463.1 465.4 467.2 469.6 472.6 477.9 482.8 487.4 491.8 490.3 487.2
499.1 504.1 509.2 513.5 514.7 516 518.2 520.4 521.6 519.5 516 512.7 509.7 505.4 500 494 484.2 476.3 472.7 467.3 454.1 459.5 457.5 453.5 450.3 447.5 444 438.4 436.7 434 431.5 428.4 425.1 423 421 418.5 414.8 411.8 408.5 402.9 398 392.8 386.6 377.1 372.4 369.8 373.7 373.2 371.4 368.3 371.4 372 375.3 385 393.3 402.1 409.3 414.1 419 425.8 431.5 436.1 439.3 442.9 446.4 454.5 458.6 460 461.6 463.5 465.8 468.6 470.8 473.9 477.9 482.3 479 475.7
496.5 501.1 506.4 512.8 515.4 518.3 521.7 523.2 522.6 520.8 517 513.7 510.5 507.1 501.8 493.8 489.4 484.7 477.2 466.6 469.9 467.2 464.2 460.3 456.4 453.6 449.6 442.3 442.5 439.3 436.2 433.8 430.6 428.6 426.6 423 419.4 415.8 411.4 405.6 399.8 393.7 386.4 378.3 373 373 376.8 379.3 380.3 379.2 369.9 372.9 374.4 378.6 383.1 392 400.7 404.6 410.3 416.3 420.9 426.5 431.7 436.1 438.3 445.2 450.9 455.1 458.7 456.9 461.8 465.5 467.8 469.5 470.2 473 468.8 465.8
493.4 498 504.4 511.1 516.7 520.6 522.7 523.1 521.6 519.7 518.1 515.2 512.3 507.1 505.1 501.5 496 491 482.8 479.9 477.4 474.5 470.1 466.1 462 456.5 452.6 451 447.5 443.9 441.2 438.4 436.2 433.7 431.1 427.3 423.5 419.3 413.5 407.1 401.3 394.8 387.2 379.2 374.8 377 380.6 382.8 384.8 386.1 385.6 375.5 371.6 376.2 380.4 382.1 391 397.2 400.3 407 411.6 415.9 420.3 425 429.9 435.7 440.9 446.5 452.4 454.8 453.7 463.5 466.5 464.5 464.2 465 460.3 456.1
487.6 493.8 497.1 507.2 514.9 516 521.2 522 520.5 519.6 518.1 516.5 512.9 512.5 509.4 505.8 501.2 495.8 486 488.1 485.2 480.4 476.3 471.5 467.4 461.2 459.4 458 454.6 450.9 447.5 444.9 443.3 439.9 437.1 429.3 428.5 422.8 415.7 408.6 401.4 394.9 387.1 378.5 379.4 376.2 383.7 385.6 387.6 389.7 392.3 388.9 380.2 375.7 375.1 375.5 377 386.3 386 396 402.2 406.2 410.3 415.2 420.7 426.5 432.4 435.6 441.7 445 449.3 456.4 462 461.2 459.8 456.1 451.1 445.7
490.9 496.1 501.8 512.9 518.4 520 520.9 521.6 521.1 519.8 518.2 517.9 516.8 515.7 512.8 510 506.4 500 494.8 496.1 493.4 488 482.6 477.8 473.3 468.9 466.6 465.3 462.2 459.1 456 453.5 450.8 447.9 443.5 438.3 432.8 424.4 417.7 410.6 403.5 395.1 387.7 383.8 383.7 379.5 385.2 388.4 390.6 392.9 395.3 393.5 385.8 382.2 381.5 380.1 389.5 393 396.5 382.5 390.2 395.8 400.4 406.2 411.8 417 422.9 427.7 433.7 438 443.3 449.6 453.9 454.6 452.6 447.4 442.1 438.1
490.2 495.9 501.4 514.2 519 519.9 520.9 521.8 521.5 520.8 520.5 520.4 520.2 520.3 517.3 514.2 510.9 505.2 502.8 503.8 501.5 497.5 492.4 487.6 483.7 479.9 477.3 473.9 470.6 467.1 463.9 461.5 459.3 454.8 449.4 442.9 433.8 425.1 418.3 411.6 405 395.1 387 385 387 385.6 384.9 390.1 394 396.2 397.4 393.9 392.6 388.3 387.6 383.9 393.4 397.8 399.1 392.7 384.6 386.7 390.9 396.6 401.5 406.7 413.4 418.4 423.6 429.7 433.7 439.2 443.9 445.6 441.6 437 432.8 424.8
489.5 495.2 501.3 513.3 519.1 520.3 521.1 522.1 523.1 523.1 522.9 523.2 525 524.7 522.8 519.3 515.9 513.5 512.5 511.5 510.2 508 503.2 498.3 494.1 490 487.2 484 479.2 475.5 471.8 469 464.9 458.5 452.4 444.8 435.8 426.1 418.8 411.9 404.3 395.7 389.1 392.1 391.6 388.5 391.2 391.1 396.8 399.4 399.2 395.2 395.6 396.6 396.1 386.3 394.8 400.5 403.6 404.6 401.3 397.4 391 391.4 389.9 393.8 398.8 403.6 409.7 419.2 426.2 428.6 433.5 434.3 431.5 427.7 420.6 435
