app/static/ascii/NY76.asc
ncols 200
nrows 200
xllcorner 370000
yllcorner 560000
cellsize 50
[rows 0 to 34 of 200, columns 79 to 157 of 200]
277.4 276.6 274.8 273.6 272.9 271.4 270.2 270.4 270.1 271.2 272 272.3 272.8 273.1 272.2 270.1 268.5 267.3 265 263.5 262.9 263.4 263.3 262.2 262.2 263 263.2 264.4 264.1 263.6 263.9 264.3 263.7 262.5 262.3 260.6 260.8 262.4 261.7 260.9 260.9 261.4 259.5 258.3 256.5 253.8 251.8 247.5 244.4 241.1 238.3 235.5 232.9 231.5 228.4 226.6 226 224.8 221.3 223.1 226.3 227.5 227.7 226.8 226.2 224.7 224.7 223.7 222.3 221.3 221.3 221.3 221.3 221.3 221.3 221.3 224.9 229 236.2
271.8 269.3 267.5 267.2 266.8 266.3 265.9 265.6 266.7 266.7 267.6 268.3 268.3 267.2 265.7 264.6 263.7 262.8 262.2 261.6 261 260.3 259.9 259.7 260 261.3 261.7 261.5 261.2 260.8 260.4 260.8 260.4 259.7 258.7 256.9 256.3 256.7 256.2 256.5 255.9 255.2 253.9 252.2 250.8 248.9 246.2 243.2 239.5 236.2 233.4 230.6 228.9 227.1 225 223.4 221.9 221.3 221.3 221.3 221.7 224.6 225.9 224.4 223.7 223.4 223.3 222.4 221.3 221.3 221.3 221.3 221.3 221.3 221.3 223.5 232.9 243.8 253.1
266.2 263.9 262.8 262.5 262.9 263.3 263.4 264.7 265.4 265.3 264.9 264.4 263.6 263.6 262.8 261.9 260.9 260.7 260.7 259.9 259.3 258.6 259.7 260 260.4 260.5 260 259.6 259.2 259 257.2 257.4 257.2 256.3 254.5 252.9 251.4 251.6 251.9 251.9 251.3 250.4 249.3 247.8 246 243.7 240.8 237.8 234.6 231.3 228.4 227 225.4 223.8 222.1 221.3 221.3 221.3 221.3 221.3 221.3 222.3 223.1 222.1 221.3 222.8 221.5 221.3 221.3 221.3 221.3 221.3 221.3 221.3 221.7 234.9 242.8 250.1 253.6
260.8 259.2 259.1 259.7 260.5 262.8 264.8 264.6 263.3 262.2 261.8 261.1 260.6 261.3 260.1 259.1 259 259 258.9 258.2 257.6 257.1 258 259.3 258.7 258.3 257.8 257.6 257.2 257.3 255.1 254 254 252.4 250.9 249.3 247.6 247.3 247.7 247.4 246.7 245.7 244.6 243.4 241.2 238.4 235.6 232.9 229.3 225.6 223.9 224.1 224.3 222.3 221.3 221.3 221.3 221.3 221.3 221.3 221.3 221.3 221.3 221.3 221.3 221.3 221.3 221.3 221.3 221.3 221.3 221.3 221.5 227.6 237.6 245.4 248.9 249.2 249.1
255.8 257.4 259.2 261.3 262.4 262.9 263.1 262.4 261.3 260 258.8 258.1 257.5 257.8 257.3 257.4 257.3 257.3 257.3 256.7 256 255.4 255.9 255.8 255.4 255.2 255.5 255.7 255.3 254.7 251.8 250.7 250.7 249.1 247.4 246.2 245.1 244.1 243.6 243.2 242 240.3 238.9 237.4 234.9 232.1 229.4 227.3 226.4 224.9 224.5 224.1 223.7 222.5 221.3 221.3 221.3 221.3 221.3 221.3 221.3 221.3 221.3 221.3 221.3 221.3 221.3 221.3 221.3 221.3 221.3 228.1 241.6 253 248.8 245.4 244.3 245.5 248.5
260.3 264.3 262.5 261.8 261.6 261.1 259.9 258.7 257.6 256.4 255.2 254.6 254.5 255 255.8 256.2 256.3 256.3 256.3 255.7 254.7 253.8 252.6 252.3 252.4 252.5 252.7 253 250.3 249.3 248.9 248.3 247.3 245.9 244.2 243 242.3 241.5 240.5 238.7 237.1 235.5 233.8 232.5 230.8 229.1 226.9 225.3 224.7 224.2 223.7 223.2 222.8 222 221.3 221.3 221.3 221.3 221.3 221.3 221.3 221.3 221.3 221.3 221.3 221.3 221.3 221.3 221.3 221.3 233.8 252.5 250.7 247.3 244.4 243.4 244.3 247.7 254.1
262.6 263.1 261.4 260 258.9 258.3 257.1 255.9 254.7 253.5 252.5 251.3 252.5 253.6 254.2 254.7 255.2 255.3 255.5 254.6 253.3 251 250.2 249.5 249.6 249.8 249.2 247.6 246.1 245.1 245.7 245.2 243.9 242.3 241.1 239.8 238.6 237.1 235.5 234 232.3 230.7 229.4 228.3 227.5 226.2 225.1 224.5 224 223.6 223.1 222.4 221.9 221.4 221.3 221.3 221.3 221.3 221.3 221.3 221.3 221.3 221.3 221.3 221.3 221.3 221.3 221.3 221.3 233.8 250.3 248.6 245.9 243.9 242.1 242.5 246.2 253.4 252.7
258 257.8 256.9 256.6 256.1 255.5 254.4 253.2 252 250.9 250 248.9 249.7 251 251.1 251.1 251.6 251.9 251.4 250.1 248.6 246.8 246.3 245.2 245.6 245 244.3 242.9 241.9 240.5 241.1 241.1 239.4 237.8 236.8 235.1 233.5 232 230.8 229.8 228.8 227.2 226.1 225.6 225.4 225.3 224.3 223.8 223.4 222.9 222.4 221.9 221.3 221.3 221.3 221.3 221.3 221.3 221.3 221.3 221.3 221.3 221.3 221.3 221.3 221.3 221.3 221.3 226.4 245.3 245.9 245.6 244.3 243.2 241.4 244 252.5 248.8 246.9
252.7 253 253.5 253.4 253.3 252.8 251.6 250.4 249.2 248.3 247.5 246.5 246.8 248.1 248.1 247.9 247.6 246.9 245.9 244.5 243.1 241.7 241.3 240.9 240.5 240.2 239.3 238.2 237 236.3 235.9 235.7 234.6 233.5 232.2 230.4 229.3 228.7 228.2 227.4 226.1 225.2 224.6 224.3 223.9 223.8 223.6 223.2 222.7 222.2 221.8 221.3 221.3 221.3 221.3 221.3 221.3 221.3 221.3 221.3 221.3 221.3 221.3 221.3 221.3 221.3 221.3 223.9 233.5 245.4 244.5 243.4 241.8 240.8 240.8 247.7 246.4 241.6 243
251.2 250.9 251 250.6 250.5 250.1 248.9 247.7 246.7 245.8 244.9 244.2 243.9 245.2 245.2 244.9 244.1 242.9 241.8 240.6 239.5 237.7 235.5 235.8 235.2 235.3 234.3 233.2 232.3 232.3 232.4 231.3 230.3 229.2 228 227.6 226.2 225.5 225.2 225.2 225.1 224.7 224.4 224.3 224 223.3 222.9 222.7 222.2 221.8 221.3 221.3 221.3 221.3 221.3 221.3 221.3 221.3 221.3 221.3 221.3 221.3 221.3 221.3 221.8 223.3 223.1 235.5 245.5 243.3 242.6 241.2 239.3 238.7 239.9 240.6 239.7 244.5 249.1
249.9 249.7 249.2 248.3 247.7 247.3 246.1 245.1 244.2 243.3 242.4 241.8 241.5 242.4 242.2 241.5 240 238.9 237.8 236.6 235.7 234.8 232.4 231.6 231.6 231.4 230.8 230.1 229.3 228.9 228 227.3 227 226.3 225.7 225 224.9 224.8 224.8 224.9 224.9 224.5 224.2 224.3 224.2 223.5 222.7 222 221.8 221.3 221.3 221.3 221.3 221.3 221.3 221.3 221.3 221.3 221.3 221.3 221.3 221.3 221.3 221.3 223.3 223.1 225.2 240.3 238.6 238.3 238.5 237.8 236.7 236.4 236.6 240.7 245.8 251.6 256.8
247 246.7 246.9 246.3 244.9 244.6 243.4 242.5 241.7 240.8 239.9 239.4 239.1 239.4 238.9 237.4 236.1 234.9 234.5 234.2 233.9 232.2 230.8 229.9 229.4 229 228.3 227.6 227.1 227 226.7 226.3 225.7 224.9 224.8 224.7 224.6 224.5 224.5 224.5 224.6 224.3 224 224.3 224.3 223.6 222.9 222.1 221.5 221.6 221.4 221.3 221.3 221.3 221.3 221.3 221.3 221.3 221.3 221.3 221.3 222.1 222.8 225 233.9 237.2 236.9 228 233.9 233.8 234 233.7 234.2 236.8 241.6 246.4 251.9 255.5 258.9
243.6 243.1 243.3 243.5 243.3 241.8 240.9 240 239.1 238.3 237.4 237 236.8 236.5 235.4 234.2 233.4 233 232.7 232.3 231.8 229.9 229.2 228.4 227.9 227.1 226.3 226.2 226.1 226 225.6 225.1 224.3 224.5 224.6 224.3 224.3 224.2 224.1 224.2 224.2 224.1 224.3 224.4 224.4 223.7 223 222.3 222.3 222.3 221.9 221.4 221.3 221.3 221.3 221.3 221.3 222 222.9 223.4 223.5 228.7 235.2 240 237.9 236.5 233.9 229.6 229.3 229.3 231.3 234.4 237.4 241.5 247 253.9 258.8 263.9 266.5
240.5 240.7 240.9 241.1 240.4 239.4 238.6 237.7 236.8 235.9 235 234.7 234.5 234.5 233.5 232.3 231.6 231.2 230.8 230.5 229.3 228.3 227.6 226.9 226.2 225.6 225.4 225.2 225.1 224.9 224.5 224 224.1 224.3 224.4 224.4 224 223.9 223.7 223.9 223.7 223.9 224.3 224.4 224.4 223.9 223.2 223.1 223 222.4 222.1 221.5 221.3 221.3 221.3 221.3 222.1 224.5 229 233.9 238.9 238 238.1 236.4 233.2 231.4 230.5 229.3 230.3 232.6 234.5 237.6 240.7 246.5 255 262 268.5 278.1 277
238.8 238.8 239 238.8 237.8 237 236.2 235.4 234.5 233.2 233.2 232.5 232.4 232.3 231.5 230.4 229.9 229.3 229 228.6 227.4 226.7 226 225.3 224.8 224.7 224.5 224.3 224.1 223.9 223.7 223.8 224 224.1 224.1 224.5 223.6 223.6 223.4 223.5 223.3 223.7 224.3 224.4 224.5 224 224 223.6 223.7 224.3 225.2 223.8 225.6 225.9 229 231.7 238.7 239.7 240.3 240 237.5 235.3 233.8 231.8 229.2 228.1 227.8 227.8 232 234.8 237.7 243.2 248.4 254.9 263.3 274.4 277.7 276.3 275.1
236.7 236.9 237.1 236.2 235.7 235.3 235 234.7 233.9 232.8 231.4 230.7 230.1 230.2 229.6 228.7 228.2 227.6 227.4 225.5 225.7 225.1 224.4 224.1 223.9 223.8 223.6 223.4 223.3 223.3 223.5 223.6 223.8 223.9 223.9 224.3 223.6 223.3 225.4 225.8 225.3 225.3 225.6 225.2 225.1 225.6 226.2 226.8 227.9 230.3 233.7 235.8 238.1 237.5 238.5 239.2 238.3 237.8 236.9 236 234.1 232 229.1 228 228.3 227.9 228.2 228.8 232.6 238 243.4 249.6 255.7 265.1 271.3 274.3 275.3 275.2 274.9
234.6 234.8 235.8 235.7 235.3 234.9 234.5 234.2 233.5 233 232.9 231.8 229.7 229.8 228.5 228.1 226.7 226.8 227.2 228.6 228.4 225.8 223.9 223.6 223.4 223.2 223.1 223.3 223.5 223.3 223.1 223.4 223.6 223.7 223.7 226.5 226.7 227.1 227.1 226.6 226.2 227.3 228.3 228.2 228.6 228.3 233.9 241.5 243.2 243.5 242.1 240.2 237.9 235.4 236.4 237.4 235.5 234.4 233.2 232.1 230.8 228.7 227.9 227.9 228.4 228.2 228.4 228.6 235.8 242.4 250.1 257.2 267.5 272.6 274.5 275.3 275.2 275.4 275.5
232.5 233.6 234.6 235.8 235.8 235.4 235 234.4 233.6 232.8 233.1 232.7 236.7 235.8 239.8 238.1 233.2 229.9 229 230 228.5 225.4 223.5 223 222.9 223.1 223.3 223.5 223.7 223.6 223 222.9 223.5 224.5 225 226.2 227.5 228.1 228.3 228.4 230.8 235.6 241.4 243.6 242.8 243.3 243.5 241.2 239.9 239.3 238.4 237.7 236.3 233.4 233.8 233.8 232.4 230.9 229.5 228.4 228.2 228.1 227.7 228 228.3 228.6 228.9 235.5 244.6 253.8 261.3 268 271.9 275.2 277.6 277.7 277.5 277.4 277.5
231.3 232.4 233.4 234.7 235.8 235.8 235.4 237.9 243.3 242.4 239.7 237.7 235.6 236.1 234.9 233.1 229.9 227.8 226.6 225.8 224.6 224.3 222.9 223 223.1 223.3 223.5 223.7 223.8 223.8 223.3 223.6 224.1 225.2 226.2 227.8 232.9 239.8 243.9 248.7 252.5 250.5 249.3 248 244.4 241.4 239.1 237.9 235.8 235.1 233.6 232.6 231.9 231.2 230.4 229.6 229 228.4 228.1 228 228.4 228.7 228.9 228.7 228.4 232.6 241 247.5 259.9 269.8 271.6 274.2 276.5 278.6 279.9 280.1 279.9 279.6 279.5
230.2 231.2 232.8 234.4 240.7 243 241.7 241 240.5 240 237.9 235 232.6 232.5 230.6 228.2 224.7 225.3 224.1 223.5 223.4 223 223 223.3 223.3 223.5 223.7 223.9 224 224 224 225.9 228.7 233.9 241.1 245.6 254.3 255.4 254 250.7 247.2 245.5 243.3 240.5 238.1 235 234.1 232.6 231.9 229.1 228.5 228.8 229.2 229.2 229.2 228.9 228.4 228.5 227.8 228.6 229.2 229.6 228.6 233.4 242.4 250.1 262.9 269.6 271.2 272.2 273.8 276.4 278.5 280.4 281.7 282.2 282.3 281.9 281.6
228.9 232.9 239.5 240.3 239.9 239.4 239.1 238.2 237.8 236.9 235.1 232.2 229.9 229 226.4 222.6 225.3 222.1 222.8 224.6 223.6 224.1 223.8 223.6 223.6 223.8 224 224.1 225.5 228.5 231.9 234.7 241.5 255.2 254.3 253 251.2 247.4 246.1 243 240.9 238.9 236.2 232.9 230.3 228.7 228.8 228.7 229.2 228.4 228.3 228.5 228.6 228.7 228.4 228.2 228 228.5 229.5 229.1 233.1 236.6 240.5 249.9 260.8 265.6 268.5 270.6 272.6 274.1 276.8 279.5 281.3 282.8 283.3 283.3 282.6 281.5 279.6
235.7 235.8 234.8 235.9 236.4 236 235.8 235.4 234.4 233.4 232.2 229.6 227.2 224.5 221.4 227.1 227.9 227.1 226.7 227 226.6 226.7 226.2 226.6 226.9 228.1 230.2 233.2 238.4 239.6 242.3 250 248.8 247.9 247.4 244.8 242.6 239.6 237.6 236.1 234.3 231.9 229.3 229 229.1 229.2 229.2 228.7 229 228.5 228.3 228.2 228 228.6 227.6 231.6 234.5 239.4 242.2 243.5 243.5 245.8 251.7 261 265 268 271.2 274.1 276.4 279 281.4 284.2 285.1 283.8 281.9 281 280.1 278.9 276.8
231.4 230.5 229.4 230.3 231.9 232.6 232 230.3 229.2 228.4 224.1 221.7 225.2 229.9 231 230.5 230.1 229.8 229.5 229.4 229.1 230 231.5 233.3 235.4 239 240.7 245.4 249.9 248.8 247.2 245.9 244.2 242.5 240.9 239 236.5 233.9 232 230.3 230.1 230 229.8 229.3 229.2 229.7 229.7 228.8 228.9 232 234.6 237.5 240.5 238.3 240.2 242.2 244.7 246.2 248.3 249.6 250.4 253.6 257.7 262.7 267.6 270.7 274.2 277.8 280.2 281.7 283.5 283.6 281.1 276.1 278.2 279.1 277.6 276.2 273.9
225.7 225.7 221.6 221.3 224.7 228.7 226.8 224.3 220.7 226.4 230.8 232.2 232.6 232.2 232.1 231.5 231 231.6 231.9 232.1 232.7 235 243.7 249.2 248.7 247.7 246.8 245.7 244.7 243.9 243.1 242.4 241.4 239.8 238.4 236.2 233.4 232 231.3 230.8 230.4 230.4 230.4 229.9 230.8 235.5 236.6 242.7 245.3 244.6 244.2 243.7 243.2 243.2 245.1 246.8 249.4 252.2 254.3 255.9 257.6 260 263.5 266.2 269.9 274.2 276.8 278.5 278.7 280.1 280.6 277.2 277.4 277.6 278.5 277.5 275.6 273.4 271.1
219.9 222.8 225.1 224.8 222.3 222.6 222.1 232 234 234.4 234.1 234.1 233.5 232.9 232.9 232.6 231.9 233 233.6 234.1 237.4 243.7 247.3 247 246.3 245.6 244.7 242.3 241.3 240.4 239.7 239.1 238.4 237.1 235.9 233.5 233 231.6 230.9 230.8 230.7 234.4 239.5 244.2 245.4 246.3 247.4 246.8 246 245.1 244.6 244.7 245.5 247.4 249.3 251.5 254.6 257.7 260.7 263.2 265.1 267.1 268.2 268.8 272 274.2 275.9 277.5 277.6 277.8 278.5 279.2 280.3 278.1 275.9 274.4 272.9 271 269.6
223.9 225.4 227.1 228.5 230.2 231.9 233.7 234.4 235.2 236.2 236.1 235.5 234.5 233.8 234.8 236.8 239.7 243.9 242.5 242.1 242.6 244.2 245.4 245 244 243.1 242.4 240.3 238.8 237.8 237.4 237.1 236.3 235 233.9 233.4 232.6 231.5 235.6 240.6 244.5 245.4 246.6 247.2 247.6 248.2 248.4 247.8 246.9 245.6 245 245.9 249.6 252.5 255.2 257.7 260.1 263.2 266.6 269.2 271.7 272.3 270.9 270.1 271.4 272.9 274.5 276.1 277.4 278.7 280.6 278.2 278.4 277.5 276.4 275.5 274.1 273 273.5
226.6 227.9 229.7 231.4 233 234.3 235.7 236 236.4 237.5 237.9 236.8 240.2 242.4 244.3 244.2 244.3 244.6 243.2 243.8 243.9 243.5 244.6 245 244.1 243.1 242.5 240.5 238.5 237.8 236.8 235.9 235.2 234.8 235.2 236.9 238.5 241.9 243.5 245.7 246.8 247.1 248.7 249.5 249.7 250.4 250.2 249.9 251.2 252.9 254.5 254.9 256.8 258.7 261.4 263.9 265.9 268.7 272 273.8 273.5 272.2 270.8 269.7 270.8 271.9 274.8 277.3 279.1 278.9 278.6 278 277.6 278.2 278.4 279.3 280.6 280.8 282
230.2 231.6 233 234.2 235.9 236.8 237.8 238 239.1 243.2 245.6 248.9 248.8 248 247.5 246.8 246.1 245.3 244.7 245 244.8 244.1 243.9 244.7 244.1 243.2 242.7 240.7 242 240.6 239.6 238.6 237.6 238.2 240.8 242.4 244 245.1 246.1 248.1 248.6 248.9 249.9 250.6 253.6 258.4 259.6 258.8 260.4 260.1 259.9 259.7 259 261.4 263.2 265 266.1 269 271 271.8 271.5 270.4 269.6 269.8 271.5 274 276.8 278 278.1 279 279.1 281.3 284 285 286.6 287.6 288.8 290.4 291.4
233.3 235.7 237.3 238.9 242.6 246.1 249.6 252.2 254.5 253 251.6 250.6 249 248.1 247.6 247.3 246.9 246.3 246 245.8 245.6 245 244.4 244.3 243.9 243.2 242.9 244.3 245.2 243.7 243.5 243.4 243.5 245.2 246.8 248.9 248.6 248.4 249.2 253.5 258.5 261.9 262.1 262.6 262.8 263.1 263.2 263 262.5 261.8 261 259 258.7 258.9 260.4 261.6 263 265.8 267.3 268.5 268.8 268.4 268.2 270.5 273.1 275.8 277.3 278.3 279.7 281.5 285.9 289.6 292.2 294.1 295.8 296.1 301.2 309.5 315.1
241.7 246.5 250.6 253 252.1 252.8 253.2 253.2 253.3 251.7 250.7 249.8 248.3 248 247.6 247.3 247.1 247.4 247 246.8 246.5 245.9 245.5 245.4 245.5 246 246.9 248 248.8 250 251.2 252.1 252.5 253.3 254.4 254.4 258.7 263.3 265.6 265.6 264.8 264.2 264.3 263.2 264.1 264 263.1 260.9 260.4 260.1 258.7 257.3 256.9 256.3 256.7 257.4 259.9 261.7 263.2 264.6 266 266.1 268.9 271.2 274.1 277.2 279.1 281.2 283.8 289.4 294.3 298.6 305 313.5 316.9 316.5 319.3 316.4 313.5
254.6 252.1 250.5 249.5 250.2 251 251.8 252.1 252.1 250.9 249.9 249 248.7 248.3 248 248.4 248.7 248.6 248.2 248.6 248.8 248.7 249.5 249.8 250 251.1 253.3 255 257.3 259 260.5 264.3 267.6 267.3 268.8 268.1 268 268.6 267.8 266.3 265.4 263.5 262.7 261.9 262.6 261.7 260.5 258.9 257.9 257.4 256.4 255.2 254.9 253.8 253.1 252.3 253.7 257.7 259.7 261.6 263.4 264.3 267 270 272.9 276 280.2 283.3 288.5 295.7 305.2 317.2 324.4 321.4 317.4 315.3 313.3 309.2 304.9
247.5 245.9 246.3 247.5 249.3 250.3 251.2 252 252.7 252.4 252.3 252.1 252 251.5 251.1 250.7 250.2 250.4 250.6 251.3 253.1 254.2 254.4 256.2 257.7 260 263.9 268.4 271 270.7 273.7 273.9 274 273.6 273 272.1 271.3 270.2 269.3 267.9 265.7 263.6 261.8 260.8 260.7 259.8 259 258.2 257.3 256.9 256.2 255.6 255.9 255.5 255.6 251.9 252.3 254.7 256.5 258.5 260.2 262.4 264.6 266.3 269.9 273.2 278.6 284.1 292.8 308.3 316.1 317.5 316.2 313 310 307.8 304.9 300.6 296.3
241.5 243.5 246.2 248.8 251.2 252 253.4 254.2 255.3 255.7 255.3 255.2 255.5 254.8 254.8 255.4 257.1 257 257 258.2 259.3 261.2 267.4 271.3 274.7 276.4 277.3 276.4 276.1 277.6 277.6 277.2 276.9 276.2 275.2 274.1 272.8 271.8 270.6 267.9 265.2 263.1 261.7 261 260.2 259.3 259.4 259.8 259.3 257.9 256.7 255 254.7 254.5 254.1 248.2 251 251.8 253.4 255.3 255.7 257.9 259.3 261.2 265.8 269.8 276.6 287.6 307.1 311 310.9 310 307.4 305.1 302.4 300 296.3 292 287.7
242.9 245.5 247.8 250.2 252.7 254 255.7 256.7 257.8 258.9 258.7 259.1 258.9 259.8 261 262.2 264.3 264.8 265.1 269.8 275.2 278.3 280.4 281.5 281.6 283.1 282.8 282 280.8 280.7 280.2 279.8 278.3 277.3 276.3 274.9 274 272.6 270.7 267.8 265.1 264.8 264.2 262.6 261.3 259.7 257.7 255.8 256.6 255.9 253.8 252.6 251.4 251.1 250.4 246.7 248.2 248.9 250.3 251.2 251.1 252.9 254.1 256.3 261.4 268.3 276.7 292.6 300.9 304.8 304.3 301.8 299.8 297.3 294.8 292.1 287.9 284.1 281.1
244.8 247.8 249.8 251.9 254.2 256.1 257.6 259.2 260.3 261.4 263.1 264.8 265.3 266.7 269.1 272.3 276 279.8 282 282.9 285.1 286.2 287.3 286.9 287 287.5 287.1 286.4 285 282.3 281.1 279.9 278.2 276.4 275.2 274.1 273.6 273.2 272.1 270.5 266.8 264.7 262 260.6 258.1 256.7 253.9 251.5 251.8 251.6 249.3 247.7 246.9 246 245.1 244.3 245.3 246 246.9 246.5 246.7 247.7 249.2 252.6 258.4 266.9 279 287.7 292.7 295.6 296.9 294.1 292 289.5 286.5 283.4 280.2 276.7 272.7
