app/static/ascii/NY77.asc
ncols 200
nrows 200
xllcorner 370000
yllcorner 570000
cellsize 50
[rows 105 to 139 of 200, columns 0 to 77 of 200]
275.9 273.6 271.1 267.6 263.1 259.7 258.8 256.8 256.5 257.5 258.1 258.5 258.6 258.5 258 257.6 257.8 258.9 260.9 265 266.5 268.6 270.6 273.2 273.6 272 270.7 270.1 268.5 268.7 267.9 268.1 268.4 268.8 269.3 269.4 269.5 268.4 266 263.1 261.1 255.9 260.9 261 260.8 259 255.9 255.7 256.6 258.2 259.7 261.4 262.4 260.9 258.8 254.2 249.4 244.3 243.6 246.3 246.7 243.9 246.1 250.6 253.7 254.5 256.9 258.7 261.1 262.3 262.8 263.2 255.1 250.6 253.4 253.8 254 250.2
274.2 272.9 270.2 266.4 261.7 258.9 258.9 257.3 255.4 256 256.7 257.3 257.6 257.6 256.9 256.9 257.9 259 263.6 268.3 272.2 274.6 276.9 277.2 276.1 274.2 272.9 271.4 270.8 270.5 270.1 270.2 270.3 270.5 270.5 270.5 270.5 269.1 266.2 262.7 260.5 256.8 259.3 259.5 259.2 258.9 257.6 256.3 256.8 259.3 262.3 263.5 263.6 261.4 256.9 251.1 246.8 246.8 250.5 251 248.6 250.9 254.6 256.6 259.7 262.8 264.5 264.7 266.5 267.7 265.5 260.5 253.7 260.4 261.1 261.1 260.8 259.1
271.8 270.4 267.4 263.1 258.8 257.2 256.8 256 254.3 255 256 256.6 256.8 256.7 256.2 257.1 258.1 261.9 268.2 274.3 277.6 279.2 279.5 278.2 276.8 275.2 274.2 272.7 272 271.4 270.9 270.9 270.9 271 271 271 270.9 268.9 265.2 260.9 258.8 259.7 261.1 261.2 261 260 257.8 257.5 261.6 264.6 266.7 265.7 262.6 258.4 252.6 254 254.4 255.3 257.4 258 256.4 259.1 262.6 264.5 267.2 270.3 271.2 270.3 268.5 265.7 262 258.1 257.8 263.5 264.4 263.7 262.6 260.8
269.4 267.1 263.2 259.2 257.2 257 255.5 254.1 253.4 254.1 255.1 255.9 256.2 256.1 256.2 257.6 258.5 265.2 270.1 273.3 274.5 276 276.9 276.2 274.7 274.6 273.9 272.6 272.2 271.8 271.3 271.4 271.1 271.1 271.1 271.1 269.7 267 261.3 258.7 257.6 259.9 260.4 263.2 264.3 260.4 258.9 261.3 264.3 265.9 264.2 260 257 255.3 258.4 260.8 261.8 263.9 266.3 265.9 266.2 266.9 269.8 272.6 272.9 271.9 270.8 266.4 263.5 261.1 258.9 258.5 263.1 265.4 265.1 263.3 259.3 256.8
264.8 262.6 259.1 257 257.2 256.6 255.3 253.6 252.2 252.8 253.4 254.4 254.9 256.1 257 258.3 260.4 263.9 267 268.8 270.4 271.8 272.8 273.2 272.8 273.3 273.5 272.5 272.2 271.9 271.6 271 271.6 271 270 269.2 266.8 262.7 258.9 257.8 258.7 259.2 262.7 266.4 268.2 266.1 266.6 266.7 265.8 264 260.5 259.1 259.1 261.8 264.5 267 269.6 273.6 275.2 274.3 273.1 271 272 271.6 270.2 268.1 265.6 262.1 264.5 265.1 265 265 265.1 263.8 260.7 257.2 254.4 252.1
260 257.6 255.7 256.6 256.8 256.3 254.9 253.2 251.2 251.8 252.7 252.9 255 256.6 258.5 259.6 260.5 262.8 265 266.8 268.5 269.9 270.6 271.2 271.5 271.8 272.1 272.3 271.9 271.5 271.1 270.6 268.8 268.4 267 265.4 261.1 259.9 258 259.2 260.2 263.7 268 270 271 271.1 270.2 268.2 264.1 262.8 263 265 267.5 270.4 271.6 274.3 276.4 281.1 280.9 279.7 277.8 274.8 272.2 269.4 267 266 263.4 266.4 267.5 267.7 267.4 266.7 264.5 260 256.9 254.9 253.5 254.9
256 254.9 254.9 255.5 256.2 255.9 254.9 251.7 250.3 250.9 252.2 254.1 255.4 256.3 258.7 259.5 260.7 262.7 264.3 266.2 267.8 269.4 270.3 271 271.3 271.6 271.9 272.1 271.6 271.2 270.7 269.5 267.3 265.9 263.8 261.8 259.8 259.5 260.1 261.9 264.3 267.7 271.1 271.2 271.2 271.1 269.8 266.9 266.1 266.5 269.6 272.2 275.4 278.5 280.2 281.8 283.1 283.1 282 280.4 278 274.3 270.5 267.3 267.1 265.9 266.8 268.5 269.5 269.6 269.4 267.9 264.6 260 257.3 255.8 257.3 257.8
253.3 252.5 253.6 254.2 254.8 253.5 251.2 250.3 250.2 251.4 252.6 253.8 254.8 255.8 257.7 259.1 260 262.5 264.9 266.5 267.8 269.2 270.1 270.8 271.1 271.4 271.7 271.9 271.5 270.9 270.4 269.1 268.1 266.2 264.6 262.4 260.7 260.1 261.2 263.9 266.7 268 270 270.7 270.2 269.6 269.1 269.2 268.9 270 274.2 278.2 280.7 281.6 281.3 282 281.5 280.9 279.5 277.4 274 269.6 267.7 267.3 267 266.8 267.6 268.2 268.1 268.2 267.6 265.6 261.6 259.4 259.3 261.9 261.9 261.9
251.1 251.2 251.9 252.2 251.8 250.6 250 249.9 251.1 252.1 252.6 253.2 254.2 254.9 256.2 258 260.4 262.4 264.1 266.2 267.6 268.8 269.8 270.6 270.9 271.2 271.5 271.7 271.3 270.7 270.3 269.3 268.1 267 265.9 263.4 262.2 261.5 262.1 264.3 265.7 266.8 267.2 267.7 268.6 269 270.3 273.1 274.1 274.9 277 279.4 280.4 280.3 279.9 279.3 278.7 277.3 274.9 271.2 269.1 269.2 267.9 267.6 267.5 267.4 267.1 267.6 267.3 266.4 264.9 261.8 260.9 261.2 262.7 263.9 263.7 263.6
249.2 249.4 249.3 249.2 249.3 249.4 250 251.4 252.7 253.1 252.8 252.8 253.4 254.2 256.3 259 261.8 263.4 264.8 265.7 267.4 268.6 269.5 270.4 270.7 271 271.3 271.5 271.3 271.1 270.8 269.5 268.4 267.4 266.4 264.5 263.1 263.7 263.7 264.4 265.6 266 266.6 267.3 269 270.7 274.3 277.4 279.1 279.4 279.9 279.5 278.5 276.5 275.2 274.8 273.1 271.9 271.2 270.6 270.1 272 272.3 271.6 270.7 269 268 268.3 267.7 265.9 264 262.7 263 265 265.5 265.4 265.7 265.6
247.9 248.9 249.4 250.9 252.5 253.2 253.4 253.7 253.5 253.7 252.9 252.3 252.5 253.4 255.7 259.1 262.2 264.2 265.7 266.5 267.9 268.8 269.6 270.4 271.1 271.3 271.6 272.1 272 271.5 271.1 269.9 268.7 267.7 266.7 265.7 265.2 265.3 265.3 265.4 266 266.4 266.8 267.6 270.6 274.1 278.3 280.7 282.9 282.5 281.3 280.3 278.5 274.9 273.8 273.2 272.2 271.4 272.8 273.6 274.5 274.9 274.7 273.4 270.7 269.1 268.6 268.2 266.7 264.5 263.8 265.2 267.2 268.1 267.2 267 266.8 268.5
248.9 251.6 254.6 256.7 257.4 256.8 256.2 255 253.7 252.5 252 251.3 251.6 253.1 256 259.1 262.9 264.8 266.5 267.5 268.3 269 269.7 270.5 271.5 271.8 272.3 272.8 273 272.5 271.6 270.3 269.1 267.8 266.7 266.5 266.5 266.5 266.6 266.6 266.8 267.2 267.6 269.5 272.8 278.2 281.7 284.4 286.6 286.7 285.1 282 279.4 276.7 274.7 273.6 274.1 274.5 275.3 276.6 276.3 276.4 275.6 272.2 269 268.4 267.6 266.8 265.3 265.2 264.9 269.4 269.6 269.6 269.8 269.6 269.7 271.3
253.1 256.2 258.6 260.4 258.9 257.8 255.9 253.7 251.9 250.4 249.9 250.4 250.6 252.8 256.2 259.5 263.2 265.4 267 268 268.6 269.2 269.9 270.8 272 272.3 272.8 273.3 273.5 273.1 272.1 270.5 269.9 269 267.6 267.1 267 267.1 267 267 267.1 267.4 267.9 269.7 275.2 280.9 284.1 287.8 289.9 289.7 288.6 285.4 281.9 278.3 275.9 275.5 275.9 276.3 277.2 278 277.1 276.8 274.4 270.2 269.3 269.5 268.6 267.9 266.7 266.4 268.6 271.2 271.9 271.9 272.3 272.9 273 274.3
257 260 260.5 259.5 258 256 254 252 250 249.1 248.3 249 250.7 254.7 257.6 260.5 262.5 263.9 266.1 267.6 268.5 269.2 270 270.9 272.2 272.9 273 273.8 275.2 276.1 276.9 276 274.8 271.2 268.8 268 267.5 267.5 267.4 267.4 267.5 267.6 268.1 272.5 278.7 283.3 287 290.2 290.8 290.4 288.8 285 281.2 279.3 277.3 276.5 276.4 277.1 278.2 278.6 277.7 275.4 271.5 269.4 269.4 269.6 268.9 268.7 270.6 271.4 271.3 272.3 273.5 274.2 275.8 277.1 278.4 278.5
254.6 257.4 257.8 257 255.8 254.3 252.1 250.1 248.6 248.4 247.2 248.9 251.6 255.1 256.5 259 259.8 263.1 265.4 267.1 267.8 268.7 269.7 272.6 273.6 273.7 274.3 276.6 277.9 278.2 278.1 276.8 274.8 271.3 268.8 267.8 267.7 267.7 267.7 268 268.3 268.7 271.5 276.3 281 284.6 287.5 289.2 289.5 287.9 284.8 281.4 279.1 278.2 276.9 276 277.2 277.4 277.4 276.9 275.1 271.6 268.7 269.1 269.5 269.6 269.5 272.7 273.8 274.2 274.4 276.3 279 279.8 280.9 282.3 282.9 281.2
250.4 253 253.3 253.2 252.9 251.9 250.8 248.9 247.7 246.6 247.2 249 250.8 253.6 255 256.3 258.8 261.8 264.8 266.2 267.8 268.5 271.9 274 274.2 273.8 275 276.9 277.6 277.5 275.8 274.1 272 269.5 268.4 267.9 267.8 267.7 267.7 268.2 268.9 269.8 272.5 276.9 279.4 282.2 283.2 283.8 284.5 282.2 278.8 275.8 275.8 276.1 275.7 275.2 275.3 276.2 274.7 272.7 270.3 267.9 267.2 268.4 269.2 269 269.7 272 274.1 275.4 275.8 279.3 282.2 284.8 285.8 284.1 282 279.9
247.8 250.1 251.2 251.5 250.8 249.6 249 247.7 246.5 245.7 247.3 248.6 249.5 251.2 252.9 255.6 257.8 260.9 263 264.8 267 268.4 272.3 274.3 274.6 273.3 272.9 273.7 273.5 272 271.6 269.4 269 268.4 267.7 267.9 267.8 267.7 267.9 268.4 269.4 270.4 272.8 275.3 277.2 278 278.9 278.9 279.4 277.6 274.9 272.9 273.9 273.8 273.5 273.5 274 273.6 271.5 269.3 265.8 263.4 265.6 266.8 267.9 268.2 270.2 271.8 273.6 275.5 277.1 280 280.5 280.9 280.6 280.3 280.3 279.8
246.8 248.6 249.6 250.2 249.8 249.1 248.6 247.2 245.8 245.8 247.5 248.4 249.2 250.1 251.7 254.5 257.1 259.8 261.7 263.6 265.8 268.2 271.4 274.3 274.7 273.4 271.3 270.5 269.6 269 268.2 268.6 268.6 268.9 268.7 269.1 268.7 267.9 266 268.5 269.6 270.4 273.1 274.7 275 275.4 275.5 275.2 274.8 273.8 272.9 272.3 271.9 271.5 271 270.8 270.9 270.3 268.9 266.3 261.7 263 264.9 265.1 266.5 267.9 269.4 271.1 273.4 274.9 276.9 278.1 277.7 278.2 277.9 278.4 278.7 278.5
247.1 248.5 249.2 249.1 248.8 248.1 247.3 246.5 245.9 246.3 247.4 248.2 249 249.8 251.4 253.4 256.6 259.1 260.7 261.6 264.1 267.6 270.7 271.7 271.4 270.9 270.1 269.9 268.8 267.9 267.1 267 266.9 267.5 268.8 270.4 270.4 268.6 264.3 267.8 269.1 269.5 270.7 271.9 272.8 273.3 271.4 269.7 269.7 268.8 267.8 268.1 268.6 268.6 268.9 268 267.6 266.6 264.9 260.2 258.4 262 262.1 264.7 265.8 267 268.3 270.3 272.7 273.7 274.9 275.9 275.6 276 277.1 277.4 277.2 277.7
247.4 248.4 248.2 247.2 247.1 246.6 246.1 245.4 243.8 244.8 246.3 248.1 248.7 249.4 251.1 253.3 255.8 258 259.3 260.5 261.7 266.5 269.7 269.7 269.7 269.4 269.2 269 268.4 267.3 266.1 265.3 265.1 265.5 266.1 267.4 267.9 266.6 262.7 264.6 266 266.7 267.1 267.1 266.8 263.8 261.8 261.6 264.3 264 263.9 264.6 265.3 265.5 266.7 266.9 264.3 262.5 260.4 254.5 255.5 258.6 261.4 263.8 264.4 265.7 267.3 269.2 270.5 271.7 272.9 273.6 273.7 274.3 275.5 276.4 276.6 279
247.3 248.3 247.5 246.4 246.1 245.5 244.9 244.3 242.8 243.4 245.1 246.7 248.1 249.4 251 253.1 255.6 257.8 258.4 259.6 260.9 264.3 267.1 267.7 267.3 267.1 267.1 267.5 267.2 266.4 265.3 264.1 263.5 263.1 263 263 262.9 262.2 259.8 260.9 261.9 262.2 260.3 260 259.3 258.8 259.4 260.3 260.9 260.7 261.1 261.7 261.6 261.1 261.5 261.6 260.3 258 255.6 253.8 255.2 258.2 260.5 261.8 262.8 264.3 266.2 268.3 269.4 270.3 271.6 272.1 272.4 273.3 273.7 274.8 276.7 278.5
247.1 248.4 248 247.1 245.9 244.4 243.7 242.5 242.2 243.3 245.8 246.9 248.3 249.6 250.6 252.8 255.5 257.7 258.5 258.9 260 261.8 264.1 264.5 264.5 264.8 264.9 265.3 265.4 264.9 264.4 263.2 262.1 261.2 260.3 259.2 258.8 255.1 256.9 258.2 258.8 258.3 256.5 255.2 255.2 256 256.5 256.5 255.7 256.1 257.1 258 257.9 257.6 256.8 256.3 254.4 252.8 251.3 252.5 255.1 257.2 258.2 259.3 260.9 263.2 265.6 267.7 268.6 269.5 270.6 271 271 272 272.4 273.1 274.6 276.1
248.3 248.8 249.1 247.8 245.8 244.1 242.4 241.8 242 245.1 246.3 247.4 248.7 249.8 250.6 252 254.9 257.5 258.5 258.4 259 259.4 260.7 261.3 262.4 262.7 263.4 263.3 263.1 263 263.1 262.2 261 260.1 259 257.9 255.9 253.6 254.2 254.4 255.2 254.7 254.6 254.3 253.7 253.7 253.8 254.1 253.5 252.3 253.5 253.7 255.3 256.3 256.4 255.9 254.6 252.7 250.4 251.5 254.5 254.8 254.9 257.5 261 263.6 266 267.8 268.8 269.3 269.4 269.9 270.2 270.6 271.2 271.4 272 272.7
250 250.5 250.3 249 246.1 244 241.5 241.4 244 245.5 246.6 247.3 248.2 249.3 250.6 251.1 254 257.7 258.6 258.3 258.6 259.1 259.5 260.8 261.4 262.1 262.8 262.6 262.6 262.5 262.1 261.2 260.3 258.5 257.5 256.9 255.8 254.1 252.3 251.6 251.8 252.3 253.1 253.1 252.3 251.6 251.4 251.4 251.1 250 251.2 254.5 256.9 257.3 257.4 255.6 252.8 251.1 248 248.8 251.3 250.7 253.2 258.5 262.6 264.4 266.4 268.1 269.2 269.3 269.6 268.2 270.3 270.9 270.5 270.3 269.9 269.8
253.3 252.7 250.7 248.8 246.4 243.1 239.5 242.6 244.2 245.1 246.3 246.3 247.1 248.4 249.7 251.4 256 258.3 258.6 257.9 257.5 258.5 259.4 260.8 260.9 261.6 262.2 262.5 262.6 262.5 261.8 260.9 260 258.7 257.1 256 253.9 252.7 252.3 250.4 250.7 251.4 251.6 251.8 251.3 250.3 250.2 250.2 249.1 248 250.8 255.1 258.5 258.2 258.2 254.4 250.6 249 245.2 246.1 249.1 252.1 257.4 260.7 265.2 266.6 267.4 268.8 268.1 267.4 267.1 267.7 270.1 270.8 270.7 270.2 269.2 268
254.9 253.7 250.8 248.5 246.2 243 239.7 242.7 243.5 244.2 245.6 245.9 246.4 247.5 250.2 254.4 259.5 260.9 260.4 258 253.9 255.1 257.6 259.8 260.6 261.4 262.3 262.5 262.3 262 261.8 260.9 259.9 258.9 257.7 255.8 254.2 252.9 252.5 248.4 249.3 249.8 249.4 250.9 251.1 251.1 251.1 251 248.6 247.1 253.1 258.6 260.7 260.7 261 255.9 250.7 246.9 242.9 244.3 248.5 253.9 258.5 261.2 266 267.1 268 266.8 266.6 266.5 266.3 267.2 268.5 270.1 270.2 269.2 266.7 270.2
255.2 253.1 250.4 248 245.7 243.4 239.1 240.7 241.2 243.5 244.7 245.4 246.2 247.2 251 257.7 260.3 260.5 259.7 255.5 251 252 255.2 258.1 260 261 261.5 261.6 261.5 261.3 261.2 261.1 259.6 257.8 256.9 255.8 254.3 253.9 252.9 252 249.2 246.5 250.7 251 251.1 251.2 251.2 251.1 247.5 248.2 256.6 261.1 261.1 260.9 257.5 251 247.7 241.8 242.3 244.2 247 251.6 256.2 259.6 263 264.5 264.7 264.6 265 265.3 265.2 265.7 266.3 267.8 268.4 268.2 267.3 268.7
253.9 252.2 249.9 247.6 245.4 243.1 240.8 241 241.8 244.2 246.5 247.5 247.6 248.3 249.6 256.2 258.4 258.1 255 251.8 249.4 250.3 252.5 256.5 259.1 260.5 261.2 261.3 261.2 261 260.8 260.1 259 256.7 256 255.5 254.3 253.9 253 250.8 243.7 245.4 251.1 250.8 251 251.2 251.3 251.4 246.6 247.1 251.2 253.4 256 256.6 252.1 247.8 244.1 239.6 240.3 241.9 244.9 248.3 253.7 256.8 260.2 261.1 261.8 262.2 262.7 263.2 263.5 263.8 264.2 265.4 266.5 267.6 268 268.9
252.4 250.9 248.7 246.4 244.5 243.6 240.4 241.2 244.7 247.5 248.6 249.6 249.9 249.8 248.6 252.4 255 253.3 250.5 247.7 247.4 248.6 250.7 255.6 258.5 260.1 260.8 261.3 261.2 260.9 260.4 259.9 257.7 254.9 254.1 253.8 252.9 252 250.7 246.9 239.1 241.9 245.5 247.3 249.8 250 249 247.4 242.7 242.5 247 249.2 249.9 251.3 249 245.8 241.9 238.9 239.4 241.5 247 249.9 251.9 255.3 257 257.9 258.9 259.2 260 260.7 261.5 261.7 261.8 261.3 264.3 265.6 267.2 269.8
250.6 249.2 247.1 245.4 244.2 241.7 238.2 244.4 248.1 249.4 250.5 251.1 251.1 251 250 247 250.7 249.7 246.9 244.9 244.7 247.4 250.1 253.9 258 259.6 260.1 260.4 260.5 260.6 260 257.4 254.6 252.4 251.8 251.4 249.8 248.3 244.9 240.3 234 236.2 238.9 240.5 241 241 242 241.2 239.9 240.2 243.5 246.7 249.1 251 250.1 246.2 244.3 240.5 239 241.4 245.7 249.1 249.4 250.9 251.8 253 254.5 256.1 256.9 257.6 259.1 258.8 258.2 260.7 263.6 266.2 268 269.7
248.6 246.5 245.2 244.1 242.3 238.2 245.6 248.9 250.5 251 251 251.5 251.5 251.2 251 249.8 244.5 244.1 243.3 242.9 244 246.9 250.5 252.6 257.3 258.8 259.2 258.8 258.9 257.8 255.9 252.8 250.5 249.9 249.6 248.8 247.3 244.9 241 236.4 232.7 230.5 232.3 233.4 234.5 233.9 235.5 237.5 239.3 239.4 241.3 244.7 247.1 249.1 248 245 243.5 239.6 238.5 239.1 241.1 244.6 245.1 244.9 246.4 248.9 249.9 251.6 252.6 254 256.9 258.9 260.6 263.1 265.9 267.7 269.4 270.5
245.3 244 243.2 242.1 237.1 243.8 247.9 250.6 251.1 251.1 251.1 251.4 251.5 251.4 251.2 250.4 246.7 242.4 241.6 242 244 249.3 253.2 256 258.1 258.2 258.1 256.2 254.2 253 251.5 248.8 247.6 246.7 246 245.3 243.1 240.8 236.4 231.7 229.5 229.6 229.5 229.4 229.9 230.3 231.9 234.2 237.6 239.2 240.6 241.6 243.5 243.8 242.9 240 237.7 237.1 237.9 238.4 239.9 241.1 242.5 242.9 244.2 246.2 246.7 248.5 252.2 255.7 259 260.6 263 265.8 267.7 269.8 271.5 273.2
242.9 242 241.2 239.6 238.4 244.1 248.5 250.1 250.5 250.5 250.7 250.7 251.2 250.7 250.6 249.1 244.9 241.2 240.8 242.3 247.4 254.1 257.4 259 259.6 259.5 258.6 256.4 253 249.6 247.7 246.1 244.9 243.5 242.4 239.7 237.6 235.2 231.5 229 229 229.3 229.7 229.6 229.9 230.2 232.2 231.9 233.5 236.4 236.7 238.2 237.8 236.8 235.3 236.3 237 238 238.4 238.8 239.6 240.4 241.7 243.4 245.5 248 250.7 252.9 255.4 258.9 261.7 263.9 265.8 268.5 270.4 272.2 273.8 276.2
241.6 240.7 239.3 237.6 237.6 242.2 245.2 246.3 246.2 246.8 247.8 248.6 248.8 247.6 245.3 242.6 240.8 240.3 240.4 243.4 248.4 254.6 257.9 258.6 259 258.5 256.8 254.4 252 248.3 245.9 244.6 243.2 240.4 238.1 234.6 232.6 231.1 228.8 228.6 229.1 229.7 230.7 230.2 230.4 230.9 234 232.6 231.7 232.5 232.6 234.2 236.2 238.5 238.8 237 237.1 239.1 238.5 239.4 240.9 242.5 244.6 247.2 249.3 251.7 255.2 258.6 261.2 263.6 265.1 267.5 268.8 271.3 273.2 275.1 276.7 276.8
240.1 239.4 238.5 236.7 236.4 238.4 240.2 240.4 240.4 240.8 241.5 241.6 240.3 239.5 239.1 237.9 238.7 239.6 240.6 243.8 248.2 252.5 256.6 257 256 255.3 253.7 251.6 249.8 246.8 243.5 241.4 239.9 237.5 233.6 230.8 229.8 229.1 228.6 228.8 229.1 230.2 230.7 230.1 231.1 233.8 236.1 237 237.2 237.8 238.8 239.3 239.8 239.2 239.3 238.5 237.8 240.6 241.9 243 243 246.3 249.4 251.3 254.9 258.1 260.1 262.1 264.3 266.3 268.9 270.5 272.4 274.9 277.3 277.2 277.3 277.3
