app/static/ascii/NY78.asc
ncols 200
nrows 200
xllcorner 370000
yllcorner 580000
cellsize 50
[rows 0 to 34 of 200, columns 0 to 77 of 200]
313.9 313.6 312.7 312.4 310.3 307.4 303.5 298.9 293.5 287.8 282.8 277.6 274.3 272.4 269.3 265.8 266 270.4 273.1 274.3 274.4 271.9 266.6 258.8 259.1 266.4 269.8 273.5 276.5 281.6 281.9 285 287 289.1 294.4 296 297.3 298.3 298.2 299 299.6 300.3 301.4 302.1 303.3 304.7 305.8 307.4 309.4 311.3 312.1 311.3 310.9 311.2 313.3 314.6 317 317.5 318.5 319.6 320.1 322 323.7 324.7 325.1 324.9 324.3 322.8 320.6 315.7 310.3 306.5 307.7 311 313.6 312.5 309.4 306.3
315.3 315.8 315.7 315.4 312.1 306.5 302.8 298.6 293.3 287.7 282.8 278.2 274.2 269.4 267 265.6 261.9 264.1 266.5 269.5 270.3 268.8 263.5 255.8 257.1 268.3 271.1 273.4 274.9 277.3 279 279.8 281 286.7 291.8 293.5 294.7 296 295.8 295.5 295.9 296.7 297.3 298.5 299.6 301.1 302.6 304.8 306.8 308.9 310.3 311.1 311.4 311.3 312.6 315.8 317.6 319.1 320.1 321.1 322.2 323.1 324.1 324.2 324.3 324.3 323.7 322.6 321.3 319 314.5 309.9 308.8 309.7 311.7 313.1 311.7 309.9
312 312.7 314.9 315.6 313.7 307.1 301.2 297.6 292.8 287.8 282.8 278.4 274.6 269.7 263.8 261.5 260.2 259.7 262.9 264.1 266.4 264.8 259.2 251 257.6 265.8 269.7 271.6 273.1 274.9 275.8 276.5 279.9 285.1 289.2 290.5 292.1 293.5 293.9 294.4 293.8 287.1 288.1 290.1 295.8 296.9 298.5 301.4 303.7 307.4 310 310.8 311.5 311.9 312.6 314.6 317.9 319.7 321 320.9 322.2 323 323.5 323.3 323.3 323.2 322.5 321.8 321.4 319.7 317.1 312 311.6 312.7 312.6 312.9 313.2 312
312.5 310 310.1 312.1 311.9 307.9 304.3 299.9 294.2 288.8 283.6 279 275.2 271.5 265.8 259.9 257.3 256.8 258.8 260.7 261.9 260.3 253.2 246.2 262.4 266.9 268.1 269 270.9 272.1 273.6 274.2 277.1 282.5 285.5 289 290.1 291 292.3 287.7 283 290.8 293.1 293.5 292.6 294.6 296 298.4 301.7 305.6 308.5 310.2 310.9 311.5 312 313 315.6 318.5 319.9 320.2 321.3 322.2 322.4 321.7 321 320.9 320.3 319.9 319.9 319.1 318 314.7 313.1 313.8 314.1 314.1 314.3 314.3
314.8 311.4 307.9 306.8 306.6 305.5 304.4 301.6 298.3 294.2 287.9 281.9 276.3 272.3 267.5 260.5 260.5 257.1 253.1 255.1 257.1 255.9 245.1 247.2 259.8 265 266.6 267.4 267.8 269.8 270.9 272.7 275.2 279.3 283.4 286.6 288.3 288.6 287.1 281 288.5 295 298.1 299 297.4 297.5 295.8 296.4 297.8 302.1 305.4 307.9 309.5 310.4 311.1 312.3 313.6 315.7 316.4 317.9 318.6 318.9 319.3 318.6 317.9 317.8 317.2 316.3 316.5 317.5 317.8 316.4 313.9 314.4 314.4 314.7 314.8 316.7
310.9 311.9 306.8 302.6 301.7 301.5 299.9 299 298.9 297 291.6 285.5 279.1 272.7 268.3 264.2 262.9 260.5 255.9 248.2 250.8 251.7 240.4 243 255.4 259.4 263.6 265.1 265.8 266.2 267.6 270.1 274.3 278.5 283.1 284.3 285.4 286.5 277.3 283 291.3 296.6 300.1 299.6 298.5 297.6 297.7 296.8 297.4 297.9 301.2 303.9 306.9 309.1 310.1 310.9 312.3 313.3 313.5 314.1 315 315 314.7 313.7 313.1 313.4 313.3 315.4 316.9 318.1 317.3 316.1 314.7 315.1 315.3 314.9 314.8 317.5
318.1 309.7 303.9 298.9 296.8 296.5 296.7 294.9 295.1 295.2 293.1 287.8 281 274.4 268.1 263.6 262 261.2 258.8 253.6 245.7 244.7 238.5 241.7 248.8 252.4 256.9 261 262.3 263.7 264.8 268.9 272.8 276.8 280 281.2 281.7 280.4 278.7 285.7 292.2 295.7 298.9 296.7 297.4 297.3 297.8 298.3 298.1 298.3 299 300.7 303.8 306 308 309.2 310.1 310.8 311 311.2 310.7 309 308.7 308.6 309.3 311.3 312.9 317.4 321.1 322.6 321.8 319.3 315.6 315.7 315.3 315.1 316.6 321.2
321.5 316 307.2 298.2 293.2 292 291.5 291.5 290.4 289.7 289.9 286 280.1 273.7 267 261.9 259.5 258.7 257.9 254.4 249.1 243.1 236 227.8 240.2 244.5 250 253.3 253 257.5 264.8 267.6 271.3 272.7 275.7 277.7 274.1 274.5 278.5 287.3 290.3 291.6 296.5 298.1 298.6 299.6 299.6 298.2 300.3 299.7 299.9 300.5 301.2 302.8 304.6 306.3 307.2 308.1 307.7 306.8 305.4 303.6 304.1 305.1 307.6 309.6 312 318.4 322.8 324.7 324.4 323 320.3 316.5 315.9 317.3 320.7 325.6
316.7 316.7 312.5 303.2 292.1 287.9 287 286.4 285.5 285.4 284 282.1 278.4 272.5 264.9 260.2 255.4 254 253.2 251.4 249.1 243.2 237.2 230 224.2 234.8 241.9 241.7 247.2 257.1 264 267.8 269.5 271 271.7 273.6 268.4 273.4 281.6 288.3 291.1 289.5 292.4 295.7 299.1 300.5 301.4 301.1 301.3 300.6 300.5 300.9 301.2 301.2 301.4 302.6 303.3 304.6 303.8 303.5 301.9 302.2 302.6 303.3 304.6 307.6 312.4 317.7 322 324.1 325 324.4 323.1 320.6 318.1 319.2 323.2 326.1
299.4 303.3 307 304.6 298 292.6 285.9 281.2 280.3 280.2 279.2 277.9 275.3 270.8 264.3 257.7 252.7 249.3 247.1 246.4 243.9 240.1 237.8 233 223.7 213.4 229.9 234.5 245.6 254.5 260.8 265.7 268.6 270.4 269.8 271 267 274.8 281.5 287.5 290.7 291.4 291.6 294.5 297.4 298.9 299.9 299.1 298.9 299.2 298.9 300.1 301.3 301.8 300.9 300.5 300 300.8 299.5 300.6 301.5 301.5 302 302.6 303.6 306.3 311.9 316.5 320.1 321 322.4 322.9 322.2 319.9 317 319.8 324.8 328.1
295.1 296.4 297.2 297.6 297.6 296 292.4 285.6 278.8 274.1 273.8 272.9 271.1 267.9 263.2 256.7 250.6 246.9 244.4 241 239.2 237.5 235.1 232.5 227.3 216.2 210.2 232.2 241.8 250 255.6 261.4 265.6 268 269.9 268 267.7 274.2 280.4 284.7 288.4 291.1 292.2 290.1 293.4 296 296.6 294.7 292.5 292.4 292.5 295.2 297.6 299.7 300.5 299.1 298 296.9 298.2 299.1 300.5 300.9 301.3 301.3 302.7 304.2 308.4 311.9 314.9 316.2 317.2 318.8 317.9 315.8 315.8 318.7 323.2 327.9
290.1 290.3 291.3 291 292.3 293 292.8 290.2 284.9 278.7 271.7 267.1 265.9 263.7 260.5 255.9 249.7 244.2 241.1 238.1 234.3 233 230.2 225.7 225.1 217.5 207.1 224.2 237.7 245.3 250.8 255.7 260.3 263.9 264.5 266.8 266.9 271.8 277 281.2 284.3 287.5 289.7 288.6 290.2 292.2 291.6 286.4 280.5 281.2 282.2 283 289.1 293.6 296.3 295.7 294.7 293.8 297.2 299.5 300.6 300.4 300.6 300.1 298.7 300.8 303.7 306.9 310 311.9 313.4 314.1 311.5 310.8 313 314.9 319.2 326.1
284.4 285 285 285.7 286.5 287.6 287.7 288.4 286.8 283.1 277.1 269.8 260.1 256.4 255.2 252.8 247.4 240.2 236.4 235.3 233.2 229.6 224.3 220.7 220.7 215.5 206.1 220.6 233.1 239.2 245 250.1 254.2 258.6 259.7 261.4 260.1 266.4 271.6 275.9 280.3 283.7 285.9 287.3 287.3 287.7 286.8 279.3 275.6 275 274.1 276.2 279.9 285 289.2 291.2 288.5 293.3 298 300.4 301.1 301.1 300.4 298.8 295.1 296.2 299.6 301.7 303.5 305.5 308.7 308.3 306.3 309.1 309.2 314 319.1 324
278.6 279.1 281 281.5 282.7 284.2 284.4 284 283.4 281.2 278.9 272.6 266.1 258.4 248.2 247 243.1 237.4 230.5 233.3 233.8 230.9 226.1 218.9 214.5 210.5 203.2 216.5 227.9 234.8 240.5 245.1 249 252 254.3 256.2 257 258.6 264.3 269.6 274.2 277.8 279.8 281.9 282.7 283.4 282.1 278 271.6 269.1 267.9 268.9 272 277.2 281.6 284.9 285.4 292.2 296.4 299.5 300.6 301.4 300.8 299.2 296 291.9 293.1 296.7 299.9 301.1 302.3 302.3 304.6 306.1 307.1 310 317.5 323.7
275.4 275.4 276.8 278.8 280.6 282.1 281.2 279.7 278.2 276.2 274.4 271.6 267.5 261.6 254 244.8 235.8 232.4 224.6 226.1 228 228.6 225.8 219.3 211.4 202.2 200 214.5 225.9 230.6 234.8 238.2 243.8 247.2 249.4 251.6 251.4 253.2 256.3 262.6 267.6 270 271.1 273 275.6 276.8 276.1 274 268.1 266.5 266.5 268.5 269.9 271.3 275.3 278.7 284.1 289.2 293.9 297.7 300.3 300.3 299.8 297.9 295.3 293 290.5 290.8 293.5 295.1 296.2 298.7 300.8 302.1 304.2 307.3 313.6 323.1
273.6 274.9 275.7 277.1 278.6 278.8 278.1 276.1 273.8 271.6 268.9 268.2 265.4 260.7 255 249.2 242.3 236.2 228.1 219.4 217 219.3 219.5 215.7 208.3 194.2 199.3 210.9 220 225.8 229.8 232.2 237.5 241.3 244.6 246.4 244 248.1 249.3 255 259.3 259.9 258.9 261.7 265.7 266.6 269 268.7 266.8 264.6 267.1 270.9 272.2 273.5 275.8 278.6 282.3 285.7 289.8 294.4 296.2 296.1 294.8 294.6 293.1 290.9 289.2 286.5 285.6 287.7 291.7 293.5 293.5 296.9 301.2 305.9 312.7 319.9
269.4 272.1 274.6 275.8 275.9 275.4 275.2 273.6 271.3 268.6 265.9 263.8 258.2 256.4 253 248.9 244.5 239 232.2 223.8 213.9 207.7 209.5 207.3 203.8 192.6 194.9 207.6 213 220.5 225.1 227.7 231.5 234.3 238.4 241.5 240 243.2 244.3 247.8 250.3 250.3 247.1 251.7 256.1 259.3 260.5 260.4 262.3 264 266.4 272.9 274.6 276.8 278.3 278.9 280.5 282.3 284.8 288.1 289 288.5 288.5 287.9 286.7 286 284.3 283 281.6 281.2 285.3 287.3 287.3 291.1 295.8 301.2 310.5 317.7
264.8 267.1 269.1 271.4 273.2 272.6 271.1 269.6 268.5 265.7 264.6 259.6 253.8 249.2 246.9 245.6 240.3 236.5 232 226 218.3 208.1 199 196 195.4 188.4 191.5 200.2 209 214.7 220.7 222.9 225.8 228.5 230.9 234.5 236 239.2 240.8 241.1 241.3 243.1 244.5 246.5 251 253.3 258.1 263.6 262.8 263.3 265.5 272.1 274.3 275.8 277.6 278.3 278.6 278.9 280.2 281.3 280 281.3 281.5 279.7 279.7 278.6 277.1 276.1 275.7 275.9 279.8 281 283.6 288.5 293.6 296.2 306.1 315.2
256.6 259.8 262.9 264.2 265.7 267 267.6 266.3 264.6 262.3 261 258 252.3 248 246 243.1 233.1 228.1 227 224.4 220.1 212.9 204.7 196.4 187 184.5 191.2 201.7 211.7 215.3 218.6 220.6 222.6 223.7 226.6 227.7 230.3 234.3 236.6 238.2 238.3 239.2 242 245.4 249.7 255.5 259.2 262.6 265.7 264.6 264.7 269.7 273.8 276.2 276.4 277.6 277 277.8 278.1 276.4 275.4 276.6 276.4 276.4 275.7 273.5 274.7 272.7 270.1 272.9 274.1 276.6 281.4 286.1 291.3 295.8 301.7 311.4
248.6 249.7 252.7 255.4 257.4 258.6 259.9 260.5 260.3 258.3 256.2 254.3 250.1 247.9 247.6 244.9 238.6 228.6 218.4 220.1 217.3 212.6 206 197.4 188.4 183.1 190 199.3 209.2 213.9 216.8 217.3 219.5 220.6 222.5 221.6 226.4 228.6 231.1 231.6 237.3 240.6 244.6 247.8 251.3 255 258.2 260.3 263.7 265.8 265.6 267.5 269.5 272 274.9 275.9 275 275.4 275.6 276.3 276.3 274.7 272.1 271.8 270.5 272.8 272.7 268.7 268 272.9 276 277.8 278.1 282.9 286.8 293.6 298.7 305.4
242.2 242.4 242.9 244.8 247 250 251.1 251.7 252.5 252.5 251.4 250.7 249.4 246.6 247.3 245.8 241.3 234.4 226.2 214.2 209.9 208.1 202.8 194.9 185.5 180.3 185.1 194.9 202.8 209.3 213.6 216.6 217.4 217.5 215.9 217.9 222.4 224.3 224.9 232.8 236.3 239.4 242.7 246.2 249.6 253 257.1 259.7 262.2 264.5 265.6 265.1 266.8 267.9 270.5 272.2 272.7 273 274.4 274.2 275.1 274.9 272.9 269.2 272.2 273.2 269.3 265.3 268 273.3 277.8 280.5 281.9 281.6 284.2 290 295.4 301.2
235 235.7 237.4 238 236.9 239.2 240.7 242.8 243.6 244.9 244.6 244.5 244.8 243.2 243.9 243.4 240.9 236.3 230.2 222.6 214.2 202.7 197 191.1 183.4 178 182.8 188.7 195.2 202 208.3 213.3 215.1 215 214.5 216.4 218.7 220.7 226.2 230.3 234.7 239.4 241.5 244.4 248.1 250.6 253.2 256.9 259.5 262.6 263.1 263 261.9 264.3 265.3 267.3 269.7 271.6 271.7 271.9 271.9 272.4 271.5 271.1 273.1 272.1 264.1 261.6 264.5 269.4 274.9 279.5 281.5 282.9 282.9 284.2 287.7 293.5
226.7 228 230.4 231.5 231.4 232.1 233 233.1 235.3 236.7 237.1 237.3 238.5 239.3 238.9 238.7 236.4 233.4 229.8 223.6 215.8 204.6 192 187.6 181.9 176.5 179.1 182.6 188.3 192.3 199.9 207.8 211.9 211.8 209.1 215.5 217.7 220.5 224.8 228 233.3 238.8 240.6 243.4 245.9 248.3 249.9 252.4 255.6 258.9 261.9 261.9 260.5 259.6 262.2 263.3 265.8 268.4 269.7 269.6 268.3 267.9 268.4 268.5 271.1 270.1 266.2 261.5 257.4 262.9 270.2 275.3 278.2 280.2 279.8 278.1 282.9 286.1
219.5 221.2 222.3 225.1 224.8 228.6 230.6 230.5 229.4 228.4 229 230.8 231 232.6 233 231.4 230 227 224.7 220.5 214 205.8 196.6 186.5 180.5 177 174.6 179.8 182.9 187.6 192.2 199.4 208 208.1 203.5 207.8 213.2 218 222.6 226.4 231 236.1 239 241.7 243.8 243.5 245.8 248.3 251.3 253.3 257.3 259.4 260 258.2 257.9 259.8 260.9 262.9 265.8 265.2 263.9 263.4 264.3 265.8 267 266.2 264.4 262 258.3 254.7 263.3 271 274.3 275.3 274.7 273.2 276.7 280.6
214.9 215.2 216.3 217.7 217.5 220.8 224 229.2 231.5 232.6 232.3 232.2 229.5 228.1 226.8 226.1 223.8 220.3 217.5 214.1 207.3 202.2 195.4 187.2 181.1 175.5 174.6 182.8 188.8 192.1 192.4 193.2 205.2 208.2 207.6 209.3 211.1 216 220.3 223 228.3 231.2 233.5 237.3 238.4 237.3 240.8 243.7 246.3 249.5 251.9 255.1 257.4 256.6 254.9 255.9 256.9 257.6 260 259.5 258.6 260.4 260.7 261.9 261.8 260.4 259.3 258.3 256.3 252.6 256.6 265.3 268.7 270 269 266.6 269.7 275.2
210.1 210.4 209.2 209.9 208.2 212.3 215.7 224 228.7 232.3 234.4 234 231.2 226.5 226.2 221.5 220.9 219.1 215.8 211.4 204 197.1 190.9 185 179.9 175.1 175 184.6 191.4 195.8 198 201.2 205.5 208.3 209.9 211.4 215.2 216.4 220 223 225 228.2 229.1 230.1 231.4 233.2 236.1 240.3 245 247.3 250.2 252.4 254.6 256 254 251.6 252.7 253.6 254.2 254.8 255.9 257 256.7 256 254.5 251.6 250.1 251.6 251.1 247 253.8 259.7 262.9 263.7 261 264.6 273.4 281.5
202.1 202.7 203.8 206.1 201.1 204.1 207.5 217.1 223.4 229.1 232.3 233.4 231.5 228.3 227.1 223.6 217.3 216 211.6 207.1 202.3 197.8 191.4 184.1 177.5 172.4 172.7 182.6 189.7 194.5 197.7 199.8 204.7 209.6 213.8 215.6 218.6 220.7 222 223.1 222.8 223.4 224.3 224.1 224.8 231.2 238.2 241.7 243.3 246.6 248.2 248.9 250.9 252.6 253 251.3 249.5 248.4 249.8 250.1 252.2 250.6 252.7 252 249.3 244.9 244.5 245 242.2 248.1 250.6 253.3 257.1 257.3 260 268.4 277.5 285.7
197.2 195.1 195.4 198.2 196 199.5 207 211.4 215.3 222 227 228.5 228.7 226.9 224.5 222.3 218.8 214.3 209.2 206.8 202.7 196.4 191 183.7 177.6 172.8 169.7 177.7 184.4 190 195.9 201 205.1 210.1 215.1 216.8 218.3 221.4 223.2 223.9 221.8 219.1 218.5 216 220.6 227.9 234.5 239.2 242.3 243.8 245.6 245.9 246.7 248.6 250.2 249.1 247.6 246.4 245.6 245 246.3 248.1 247.6 246.6 245.1 241.2 234.6 239.4 246.3 249.4 249.9 249 251.1 255.5 261.7 270.5 279.5 288.4
196.6 195.5 192.5 191 195.1 201 206 210.2 213.6 217.3 220.7 219.6 221.9 222 219.5 217.1 214.7 212.7 209.2 205.9 203 197.3 189.8 182.8 177.5 172.4 170.4 175.2 179.4 184.8 192 198.4 203.9 209.5 213.8 214.4 213.9 218.6 221.5 222.6 220.4 216.2 213.1 212 218.4 223 229.2 234.5 236.1 237.4 238.6 241.8 242.9 243.7 245 245.8 245.3 244 243.4 241.5 240.9 241.8 244.9 243.5 241.3 237.5 231.3 241.7 244.7 247.1 248.8 248.6 249.7 255.6 264 273.8 282 290.8
194 193.5 192.7 192.1 195.3 200.2 202.4 205.1 208.5 212.8 215.8 215.5 215.6 215.2 211.1 207 205.9 207.1 208.1 206.9 203.9 199.8 193.7 186.7 178.2 171.6 163.7 169.9 175.3 181.1 186.2 193.1 199.3 205.5 210.1 210.9 209.2 213.7 217.5 219.3 217.6 213 208.9 211.7 216.6 221.8 226.1 230.3 230.8 232.4 234.1 237.1 238 239.1 239 239.7 241 240.7 240.5 239.7 237.6 237.9 239.9 240.6 239.3 236.2 229.4 242.6 243.6 246.1 247.4 245.9 249.8 258.2 267.3 276.4 284.8 293.1
189.9 190.9 189.8 190.9 192.9 197.6 200.2 201 204.8 207.8 209.9 210.6 211.1 208.2 204.3 202.3 201 200.1 203.4 205.4 204.3 200.6 195.2 189.7 182.9 175.7 166.1 159.7 166.7 174.3 181.5 187.4 193 198.6 204.9 206.9 205.2 207.2 211.5 214 213.1 210.5 206.3 208.3 212.9 218.6 221.9 225.4 225.7 227.3 228.9 231.4 234.5 235.4 235.4 235.7 235.3 236.8 237.1 236.6 234.7 235.7 235.2 235.2 235.8 231.6 228.3 240.3 244.8 245.3 245.3 239.9 249.1 259.5 268.7 275.9 285 293.2
182.6 187.3 186.7 185.9 188 194.1 198 200 200.7 202.5 203 204.7 205 202.3 197.6 198.4 200.3 199.7 199.7 202.6 202.5 199.5 195.5 190.9 185.7 179.6 172.1 163.4 156.9 159.3 173.2 182.4 188.4 191.9 198.6 201.4 200.9 201 204.9 206.9 207.2 206.3 205.6 203 206.6 211.4 215.1 217.9 220.7 222 222.1 225.3 229.6 231.9 233 232.4 232.6 233 233.3 233 231.9 233 232.9 233.2 230.7 224.6 231 240 239.9 238.9 235.3 242 250.2 259.1 269 277.2 285.1 293
182.6 182.6 182.6 182.6 185.1 187.7 193.5 197.1 197.5 197 196 195.3 195.5 194.5 193.1 198 200.7 200.4 198.9 198.5 198.2 195.8 192.2 187.9 184.1 179.9 174.3 168.5 162.3 157 163.9 175.5 182.9 187.8 191.2 194.6 196.6 196 196.9 199.4 199.7 199.1 200.7 201.7 203.4 206.3 208.9 212.5 216 217.3 217.6 220.2 224 225.7 228.2 230.6 230.4 229.6 229.5 229.9 230 230.4 231.7 230.1 225.2 220.7 231.2 234.8 227.8 230.9 238.5 246.7 256.3 264.8 271.4 279.6 285.7 292.2
182.6 182.6 182.6 182.6 182.7 182.6 184.3 189.1 190 191.5 191.6 191.8 189.6 187.7 189.7 196 198.6 199.5 198.8 198.2 195.9 190.4 185.1 182 178.2 175.2 172.4 169.2 167.9 163.2 154 167.8 174.1 180.5 184.9 186.6 189.2 188.7 187.3 191.8 192.6 193.5 197.4 198.7 201 203.9 205.3 209 211.1 212.3 212.5 211.3 216.7 218.7 221.2 226.1 228.5 229.2 228.7 227.9 229.1 230.2 229.4 226.1 216.8 220 224.1 221.2 230.8 237.9 243.9 250.8 261.5 272 276.5 282.7 288 292.5
182.6 182.6 182.6 182.6 182.6 182.6 182.6 182.6 182.6 182.6 185.1 188.3 188.5 188 188.4 190 194 196.1 196.4 195.9 193.3 189.5 184.5 179.8 175.1 168.4 165.3 165.2 163 158.3 151.3 169.3 171 173.2 177.5 179.6 181.3 183 182.5 183.9 183.1 185.5 189.3 194.2 197.7 201.2 203.9 206.8 207.9 208.5 209 207.8 209 212.7 215.9 220.7 226 228.3 228.7 227.8 225.7 227.4 227.3 223.6 214.8 214.9 216.6 223.2 233.2 243.2 251 256.7 262.8 270.3 281.8 287 291.1 294.6
