app/static/ascii/NY83.asc
ncols 200
nrows 200
xllcorner 380000
yllcorner 530000
cellsize 50
[rows 0 to 34 of 200, columns 78 to 155 of 200]
479.2 476.4 474.5 473.2 472.9 474.1 475.7 476.5 474.3 470 465.3 462.6 459.1 453.6 449.1 444 439.5 435.2 430.6 425 418.4 413 408.5 403.9 401.7 400 395.6 389.5 384 378.5 374.3 369 358.7 346.8 347 351.4 381.2 397.9 405.5 409.4 411.8 416.1 419.1 421.8 424.1 426.6 428.5 430.1 432.8 436.4 437.8 438.3 437.8 439.3 439 439 439.9 439.3 439.3 441.4 444 447.5 448.4 443 451.9 464.9 472.7 482.6 491.4 497.5 504.8 508 511.7 512.6 512.7 512.6 512.7 512.3
484.8 480.4 476.9 474.5 471.9 470.5 472.3 471.9 469.8 466.2 462.1 458.8 453.9 449 444 438.6 433.8 429.8 425.5 420.7 416.2 411.4 407.5 402.9 398 394.4 392.2 386.9 381.9 376.9 371.9 366.8 359.9 347.2 345.8 347.4 375.1 394.2 402.2 406.8 409.2 412.1 414.7 417.4 419.9 420.9 422.2 423.5 426.7 429.7 431 430.8 431 432.3 431.8 430.2 433 432.9 433.2 435.1 438.2 440.8 435.6 442.7 453.3 464.1 470.7 479.2 488.6 494.9 500.9 503.2 505.5 506.3 506.9 507.7 507.8 507.9
488.1 483.6 478.5 475.3 472 468.9 461.5 466.7 465.1 462.1 457.9 454.3 447.9 443.7 438.5 433.6 427.9 423.2 418.8 415.2 411.4 407.9 404 401.8 398.3 394 389.6 383.1 379.8 375.1 370.3 364.9 358.1 345.1 342.6 344.9 358.3 386.6 397.6 402.8 406.3 408.8 411.3 413.1 414.9 417.6 417.1 418.2 420.9 423.1 424.2 424.3 423 423.1 424.7 425.5 425.1 426.4 427.6 429.8 429.7 421.4 436.1 445.6 455.2 462.8 467.8 474.2 485.9 492.4 496.6 499.4 500.7 501 502.8 504.7 503.6 502.9
488.8 483.7 480 477.2 474.5 470.9 467.6 460.7 451.1 457.6 454.6 449.7 444.8 439.6 433.2 428.2 422 417.2 412.7 409 405.4 401.9 398.4 397 394.8 392.1 388.6 384.1 378.9 372.8 366.1 361.3 354.8 346.7 344 344.6 350 374.1 389.7 398.4 402.7 405.4 406.6 407.5 410 413.9 414.3 412.3 415.6 417.2 419.2 418.7 418.1 417.1 418.8 419.4 417.3 419 421.6 417.4 417.6 433.9 442.1 448.3 456 462.3 466.3 471.5 483 488.6 492 494.6 496 496.9 499.4 502.5 502.1 499.1
489.8 486.7 482.6 479.3 475.5 471.3 467.2 464.1 459.4 448.1 439.3 437.4 435 432 421.3 417.3 415.1 411.8 407 403.3 399.4 394.2 393.3 391 389.9 387.3 385.5 382.2 377.1 372.1 366.6 360.7 353.1 344.5 343.5 340.6 344.7 360.6 379.1 390.2 397 400.8 401.7 402.6 406 408.8 410.2 409.6 410.9 412.6 414.3 412.9 412.7 412.1 413.3 412.5 409.8 408 410.9 409.2 425 434.2 441.2 446.9 454.1 460.1 464 469.8 476.7 483.7 487.4 489.3 490.7 491.9 493.9 497.1 497.5 496.9
493.1 489.4 484.8 480.2 476.1 471.5 466.9 463.6 460.7 457.1 452.5 447.3 441 432.8 421.9 417.4 401.9 398 396.2 394.8 393.2 390.7 387.3 385.1 382.9 381.3 380.1 378.2 375.3 370.9 365.7 359.8 354.7 344.2 342.1 339.2 341.8 351.3 368.5 375.8 382.5 389.9 386.9 396 401.9 403.7 405.2 404.1 406.3 408.4 409 410 409.1 406.8 406.2 405.4 402.3 387.4 402.2 411.4 420.5 431.2 437.6 443.2 451 456.1 462.6 466.2 475.4 479.3 481.7 483.2 485.2 486.5 487.8 489.6 489.6 490.3
496.1 491.8 487 481.8 476.6 471.7 467.2 463.2 460.1 456.6 452.6 446.9 441 433.9 426.7 420.2 413.6 407 399.4 392.5 385.4 382.5 380.4 379.1 376.9 375.6 374.4 373.6 370.9 366.2 363.7 359.4 355.6 351 346 343.7 339.7 345 358.5 363.2 367.4 366.1 373.8 381.2 392.3 396.8 397.8 395.1 396.7 398.6 400.8 403.2 399.7 399 398.9 396.7 390.3 389.4 404.4 409.2 415.3 425.3 434.4 440.5 447.4 455.2 460.3 465 470.7 473.6 474.3 479.3 480.3 481.5 482.9 483.9 483.7 481.2
498.4 494.3 489.1 483.8 478.4 472.3 467.2 462.9 457.6 452.5 446 441.2 435.4 431 424.1 419 411.8 406.4 401.3 395.2 390.2 381.7 376.2 371 369.9 366.7 366.7 366.7 364.6 361.6 358.5 354.2 351.9 349.8 347.3 343.2 338.4 341.3 350.3 354.6 355.8 359.2 363.2 366.8 374.8 384.7 388.8 391.8 392.7 393.3 393.4 394.4 395.2 394.4 388.8 387.3 382.5 389.9 402.8 408.9 414.6 422.6 430.2 438.5 444.2 451.6 456.5 459.9 464.5 465 470.5 474.2 475.7 473.2 477.3 478.2 477 475.2
499.3 495.1 490.7 485.9 479.7 472.8 465.4 458.4 452.1 445.7 439.2 433.1 427.9 423.8 419.5 414.7 409.8 405.2 400.2 395.5 390.4 385.6 381.3 376.2 371 365.9 358.8 359.6 358.2 357 354.5 352 349.5 345.6 341.2 339 337.7 339.1 340.3 345.6 348.7 349.2 351.5 352.3 359.9 365.8 374 381 385.7 388.1 389.3 389.4 387.8 386.2 383.9 376.3 368.9 389.7 398.3 404.1 410.2 416.3 424.8 431.8 439.3 444.3 449.8 453.8 456.3 461.4 464.4 465.9 465.9 468.7 468.6 469 470 469.3
498.3 495 491 485.6 478.5 470.6 462.5 453.6 445.6 438.8 432.4 425.9 422 418 414.1 409.5 404.8 400.8 396.4 392.4 388.5 384.9 381.3 377.2 373.9 369 363.8 356.1 355.5 353.7 349.8 344.4 342.3 340.7 339.7 338.3 337.2 336.6 336.3 335.9 335.1 335.2 340.7 347.3 347.1 354.2 357.6 366.1 373.6 379.7 383.3 385.9 384.9 381.3 379.7 370.2 362.3 385.6 391.6 397.6 402.6 410.2 417.7 426.7 432.7 438 441.8 445.5 450.3 456.4 458.3 459.5 457.9 461.7 462.2 462.9 463.5 463.3
498 495.5 491.5 485.9 477.2 467.3 455.8 446.1 438 431.7 425.9 419.9 416.1 413 409.3 405 400.3 396.4 392.3 388.2 385 381.1 377.4 372.3 369.1 364.6 361 354.7 353.1 351 345.5 343.3 342.6 342 338.7 338.4 336.7 334.4 333.6 334.6 334.3 333.7 332.8 331 330 341.3 348.9 353 359.1 366.1 371.3 374.5 375.5 372.7 373.4 373.5 359.2 376.6 385 391.8 398.8 405.2 412.9 420.2 427.3 432.2 435.6 437.9 442.7 449.6 452 453.6 453.5 456 455.5 456.3 457.3 456.9
498.7 496.8 492.2 485.3 474.6 462.6 451.5 439.8 427.1 421.8 417.8 415.2 412.5 409 404.8 400.7 397.3 393.6 388.4 383.9 379.9 376.1 372.2 367.5 363.7 360.2 357 351.6 349.2 348.9 342.2 344.7 343.5 343.1 343 336.5 340.6 339.4 336 334.8 335 334.3 333.3 334.3 332.5 329.8 327.4 341.5 344.7 350.7 356.7 360.7 364.4 363.2 365.3 367.6 356.4 370.5 380.9 387.5 394 401.5 408.4 413.9 421.4 425.4 428.6 432.3 436.4 441.1 446.6 449.6 448.4 448.9 448.8 446.7 447.1 449.1
497.8 495.6 491.1 484.3 473.6 462.2 452.7 441.6 430.3 421.6 415.2 411.3 408.3 405.1 400.9 398.5 394.5 390.9 383.5 379.3 375.7 373.3 370.4 367.5 363.3 358.2 354.2 350.5 349.3 344.2 346.6 346.5 345.2 344.9 345.6 344.1 341.7 340.9 338.3 336.9 336.5 336.8 337.1 334.2 333.6 331 329.6 327.3 332 333.9 344 349 354.5 357 359 359.5 355.8 369.8 375.5 380.7 386.2 393.2 400.9 407.4 413.7 418.3 422.7 423.8 431.4 434.7 437 439.2 440.4 441.7 442.1 441.2 442.2 442.5
494.2 487.1 479.3 478.7 467.7 456.4 447.6 439.7 430.9 423.1 415.4 409.5 404 400.5 396.5 393 389.4 387.4 383.1 378.9 373.9 370.7 366.1 365.2 361.5 356.9 351.8 350.2 344.8 343.6 348.5 348.9 347.8 346.7 349.8 345.9 343 341 340.5 339.8 338.2 336.5 335 334.2 333.6 331.8 329.9 328.5 328.4 328.9 328.4 336.2 344.1 349.8 350.7 346.4 351.1 362.8 367.7 372.6 378.2 384.5 389.7 397.8 404.7 411 416.6 421.7 428.3 430.4 432.4 432.6 432.8 434.7 435.5 435.8 437 437.8
477.3 476.3 475.5 465.7 456.8 448.7 437.5 435.4 428.1 421.8 403.9 400.6 400.1 400.7 397.9 392.9 387.4 383.9 379.5 375 370.8 368.2 362.6 360.4 357.6 352.7 351.4 346.7 350.6 353.4 354.1 354.4 352.8 350.5 349.6 348 347.5 344.6 343.8 344.3 342.7 340.7 337.9 335.4 334.2 334 330.1 328.6 328.2 327 327.3 326.6 329.5 340.6 343.2 333.7 348.4 353.7 359.6 364.5 370.6 374.2 378.6 388.4 392.3 401 407.5 415.1 421.5 425.3 427.5 427.9 428.2 429.8 430.3 431 432 433.1
475.2 470.8 464 456.2 446.2 437.9 431.2 426.6 422.7 417.3 401.2 400 399.8 399.2 391.7 388.1 383 379.5 376.7 372.7 369.4 363.9 356 356.4 352.3 351.6 352.2 357.4 362.1 364.2 363.6 362.7 360.6 357.2 355.6 352 352 350 346.7 346.7 344.7 344 340.5 338.1 339 339.5 334.4 330.6 329.4 327.3 325.7 326.4 325.6 326.9 334.6 333.8 343.4 347.4 351.7 355.9 361.5 366 366.6 371.4 386.7 393.9 397.8 405.3 411.9 417.8 420.2 422.6 424.2 425.9 426 426.3 426.7 427.3
464 458.5 452 444.1 437.6 430.1 423.8 420.5 416 411.7 405 400.3 395 398.9 386.5 384.5 381.1 377.6 374.1 370.1 365.8 362 355.2 354.9 352.8 354.1 363.2 367.9 370 369.9 368.2 367.6 364.9 363.7 359.2 360.4 359.9 359 350.2 350.7 349.5 345.8 342 339.9 339.4 340.3 337.9 334.8 332.7 330 328.3 327.1 326.1 325.1 324.9 326.9 334.5 339.8 344.5 350.1 354.2 358.1 357.6 366.6 378.8 384.2 392.5 396.4 402.3 408.5 413.7 417.7 420.4 421.9 422.1 422.7 422.9 422.9
450.8 445.3 440.2 434.1 427.4 422.7 415.8 414.2 409.9 404.1 396.1 395 395 395 392.4 382.7 379.5 376.1 371.4 367.3 363.9 355.8 354.9 353.5 354.7 358.8 372 375.3 377.1 377.2 376.6 373 371.7 370.8 368.9 367.9 364.7 358.5 354.3 355.6 352.8 347.6 343.8 342.8 342.1 340.1 338.6 336.3 334.5 332.1 328.6 327.5 326.2 325.1 324 323.8 324.6 326.1 336.9 344.1 348 349.2 351.6 359.3 367 372.4 381.1 387.8 394 398.9 405.1 409.3 407.6 415 417.3 417.6 418 417.9
437.7 433.2 428.5 424.1 419.3 414.6 410.2 407.7 401.2 395 395 395 395 395 399.8 387.3 378.7 367.2 363.5 359.8 359.1 356.5 355.9 355 361.4 376 378.8 381 382.2 380.8 377.8 375 372.8 371.1 370.9 370.1 367.2 367.3 364.9 362.1 359.5 352.3 348 345.2 343.3 339.1 337.3 338.4 335.6 336.1 332.9 328.1 326.5 325 324.4 318.1 323.2 323.1 324.9 334.8 339.7 338.8 344.3 348.1 355.3 362.6 369.3 375.8 383.6 391.5 395.2 399.8 405.1 406.8 408.4 408.2 409.4 409
427.7 424.3 420.5 415.7 406.3 404.8 405.3 397.2 395 395 395 395 395 395 395 394.6 381.6 367.2 360.2 358.7 357.9 356.9 355.1 367.7 379.6 384 383.8 383.8 382.6 380 377.1 374.3 372.3 372 372 371.8 371.8 369.6 368.1 367.2 364.2 357.6 354.7 354 348.5 343.2 340.9 338.7 336.6 338.4 336.4 336.6 331.9 327.3 328.6 323.9 318.5 320.1 321.3 323.1 328.5 330.9 335.5 339 343.9 350.8 359.3 363.9 371.5 377.5 379.6 389 392.1 393.6 395.3 393.4 398.5 397.8
415.4 413.3 408.8 401.5 395 395 395 395 395 395 395 395 395 395 395 395 390.1 375.8 360.1 359 358.2 362.8 380.2 386.8 387.8 388.3 388 386.6 384.1 381.7 379.5 378.3 376.3 374.5 375.2 375.6 374.7 372.5 369.3 369.9 367.5 364.6 360.5 359.2 357.8 350.9 346.9 344.2 339.5 337.5 335.9 334.1 335.4 333 330.2 324.2 318.7 319.7 320.6 320.9 322 324.4 328.5 332.8 335.4 340.9 348.6 356.8 359 361.2 369.7 376.6 381.4 382.9 384.5 381.4 383.3 385.6
403.1 397.6 395 395 395 395 395 395 395 395 395 395 395 395 395 395 398.9 384.3 370.1 362.5 376.3 380.1 390.7 394.1 393.6 392.6 390.4 387.9 385.9 387.3 386.8 385 384.1 384.8 385.6 383.7 382.1 379 373.1 371.3 373.1 374.1 371.6 365.4 359.9 354.5 350 346.2 343 339.8 337.1 334.6 333.2 334.7 333 329.9 326.1 315.6 319 319.7 319.7 320.9 320.5 321.4 329 332.6 337.7 341 349.5 354.2 358.4 365 368.5 373.1 373.2 369.3 371.6 376.5
395 395 395 395 395 395 395 395 395 395 395 395 395 395 395 395 395 392.4 379.4 378.8 385.7 394.8 397.2 397.7 397.7 395.9 393.5 389.7 391.4 392.3 391.7 390.2 390.4 389.1 389.1 386.3 383 377 372.9 372.3 372.6 374 373.6 367.1 362.6 358.8 354.3 349.4 341.9 339.9 336.9 334.9 332.7 331.4 331.7 332.1 329.6 322.3 316.8 318.4 318.1 317.8 317.3 316.3 317.4 321.7 329.4 333.3 337.4 340.8 348.2 354.1 356.3 361.4 361.2 360.4 364.3 367.2
395 395 395 395 395 395 395 395 395 395 395 395 395 395 395 395 395 399.9 387.4 389.7 397.7 402.2 403.2 403.8 402.7 399.8 396.6 394.8 397.5 398.6 398.6 397.6 397.2 395 393 389 383.1 378.4 375.6 373.8 371.1 373.8 370.5 365.3 360.8 357.7 354.5 351.2 345.9 336.5 336.1 333.4 330.9 329.5 330.4 331.1 328.2 325.8 320.7 315.1 316.6 316.6 315.6 314.4 314.4 315.9 320 325.9 327.4 329.6 334.1 338.9 342.6 342.9 350.8 352.8 356 359.5
395 395 395 395 395 395 395 395 395 395 395 395 395 395 395 395 395 395 397.4 397.9 407 408.2 407.4 405.8 404.2 402.6 403.5 403.6 403.8 403.2 403.6 402.5 400.9 398.8 395.1 391.6 387.9 382.5 379.2 377.2 373.1 369 366.1 363 359.3 356.6 353.6 350.7 347.2 342.1 334.9 330.2 328.8 328.3 327.4 327.4 325.8 320.4 320.7 316.1 316.9 311.7 315.8 315.2 314.8 314.4 317.3 316.7 318.6 322.6 325.6 328 329.2 333.7 338 336.8 341.4 344.8
395.2 395 395 395 395 395 395 395 395 395 395 395 395 395 395 395 395 395.5 399.4 406.5 411.2 410.5 408.8 407.3 407 406.9 406.2 406.4 405.8 405.1 403.7 402.8 401.2 398.8 395.3 392.1 390.5 387.4 382.1 378.8 375.5 371.6 366.6 361.2 356.7 354.1 351.7 350.4 347.8 345.9 343.6 337.4 332.1 328.5 324 324.6 322.9 320.8 320.6 319.8 320.1 319.6 316 310.2 314.6 314.7 314.5 313.4 312.1 311.6 315.7 317.9 323.7 325.9 327.6 326.6 331.9 335.6
395 398.2 399.7 395 395 395 395 395 395 395 395 395 395 395 395 395.2 401.1 406.1 411.5 414.7 414.6 414.2 413.1 412.8 411 410.9 407.7 408 406.7 404.8 401.5 400 399.7 397.6 394.2 390.9 389.8 387.5 383.7 380.8 376.1 373.7 370 366.1 361.2 356.6 353.6 349.8 345.8 343.2 340.2 337.1 335 328.1 327.7 326.1 325.6 325 323.8 322.7 321.2 320 317.9 314.9 313.6 311.7 313.2 312.4 311.6 310.5 309.3 309.2 311.8 314.2 320.1 319.3 323.1 325.7
399.4 402.6 402.2 401.6 401.3 401 400.6 400.4 400.5 395 395 395 395 395 400.5 405.6 410.9 415.1 418.4 419.6 417.6 418.1 420.5 420.5 414.1 412.2 410.5 410.7 407.7 404.5 406.1 403.4 399.7 397.2 392.9 388.3 384.5 382.6 380.9 378.1 374.1 370.6 368.8 366.2 364 360.2 356.5 352.1 348.5 345.5 343 335.9 327.5 330.6 331.6 330.7 330 327.6 325.4 324.2 322.3 320.9 319.4 317 316.1 314.6 309.7 311.9 311.2 310.6 309.6 308.8 307.7 307 306.6 311.1 315.7 316.9
404.7 405.4 404.9 404.5 404.2 403.6 403 403 402.9 401.1 395 395 395 402.6 408.8 413.9 418.2 421.2 422.5 422.9 420.3 422.3 421.3 418.3 415.3 417.3 416.9 417 415.1 414.9 413.5 407.9 396.9 388.5 386.4 380.9 380 377.5 375.9 374.7 370.2 366.6 363.9 361.3 359 360.2 359.2 358 353.2 350.1 345.6 335.2 334.9 344.6 342.3 339.2 336 333.8 331 326.2 323.9 321.6 319.5 317.7 316.7 315.4 313.4 312.1 307.5 306.7 308.8 308.7 307.6 307.3 305.1 304.1 304 309.1
409.6 409.7 408.2 407.5 407 406.6 406.2 404.5 404 403.4 395 399.5 404.7 411.7 417.1 420.7 424.2 425.1 426.2 426 425.3 424 423.4 423.7 423.6 424.3 423.7 422.4 418.5 417.2 412.1 405.8 400.7 395.2 389.8 383.8 375.6 374.5 372.6 370.5 366.9 362.7 355.3 346.6 343.9 343.5 356.6 359.3 352.9 349.5 335.4 340.2 340.8 352.3 346.9 345.5 343.6 341 337.2 330.4 327 323.7 320.9 318.1 316.3 315.4 314.6 313.5 311.1 310.9 310.4 308.2 307 306.4 306.4 306 305.7 302.4
413.7 413.2 412.4 411.9 411.3 410.8 409.9 408.3 405.7 403.1 395.6 403.8 412.9 421.2 423 426.4 428.8 429.6 428.5 427.6 426.8 426.4 426.3 426.3 426.4 426.9 426.7 425.9 422.6 418.8 414.7 408.9 402.3 395.3 389.9 384.5 378.1 371.1 369.4 365.4 361.7 354.3 348.4 346.5 358.4 351 340 340.6 338.5 344.6 354.1 361.2 360.5 351.5 354.1 348.9 348.4 340.9 336.6 335.9 334.5 332.7 327.7 323.5 319.6 316.8 317.2 318.1 318 313.3 310.8 310.8 309.2 308.8 307.8 307 306.2 305.3
419.3 417.6 417.4 417 416.5 416.2 415.4 412.7 409.3 404.9 404.7 411.7 421.9 426.1 429.1 431.2 432.4 430.9 430.3 429.3 428.4 428.1 428.2 428.3 428.5 429.3 428.6 426.9 420.9 418.6 412.9 405.9 400.2 393.1 385.6 379.5 375.4 369.8 365.3 364.1 363.2 351.5 352.1 363.2 365.3 359.3 361.2 363.6 363.3 371.3 374 374.5 372.4 367.9 364.7 354.3 347.2 343.1 345.8 341 336.4 334.5 331.4 330.1 325.6 323.3 320.3 321.1 320.1 317.9 314.7 310.7 309.3 309.3 308.3 307.5 306.8 305.9
424.7 423.8 422.9 422.2 422 421.8 421.4 420.3 417.4 407.1 416.2 422.9 427.6 431.3 433.3 434 434.2 433.1 432.3 431.3 431.4 430.8 430.9 430.5 430 429.6 427 423.8 418.3 414.8 408.7 403.2 396.4 389.5 383.3 377.8 374.2 370.6 367 363.8 355.1 349.6 362.1 370.3 373.8 376.4 379.2 380.9 381.5 383.6 381.9 381.9 380.3 377.1 374.1 364.4 355.5 355.7 347.1 345.5 345.2 336.1 333.4 330.2 330 330.1 325 324.9 329.4 324.4 324.6 323.2 318.5 313.4 311.8 314.8 310.4 310.3
429 429.6 428.3 427.6 428.2 429.6 429.1 426.7 423.2 412.4 423.4 429.4 433.1 435.6 437 437.5 438 437.8 434.8 434.8 435 434 433.2 432 429.5 427.3 424.6 421.2 415.5 411.4 407.4 401.8 395.3 388.3 382.9 378.5 373.9 371.1 368.1 361.8 352.3 360 370.3 376.3 380.8 384.2 388.1 389.4 389.3 388.9 388.9 388.9 387.9 386.2 382.1 371.1 372.2 366.9 360 356.9 352 345.1 341.7 334.9 337 335.4 330.5 326.4 326.9 324.6 322.6 319.2 319.1 324.3 316.8 312.8 312.7 312.9
433.5 433.4 433.9 434.5 435.4 435.8 432.4 428.2 414.6 421.8 429.7 434.3 438.2 440.8 441.8 441.6 440.9 439.4 438.1 438.1 438.4 437.5 434.8 432.5 430.8 428.7 425.4 421.7 416.9 409.8 404.1 398.7 394.2 388.7 383.7 380.1 376.7 373.8 368.8 359 358.3 372.9 378.2 382 387.3 391.4 394.4 395.8 395.4 396.4 395.4 392.9 389.6 384.8 378.6 380.2 385.3 379.4 372 365 360.3 355.6 350.4 346 344.8 340.8 336.6 336.1 332.5 331.2 328 327.3 322.8 323.6 321.3 314.3 312.2 315.7
