app/static/ascii/NY84.asc
ncols 200
nrows 200
xllcorner 380000
yllcorner 540000
cellsize 50
[rows 0 to 34 of 200, columns 78 to 155 of 200]
347.4 345.4 343.2 340.3 336.8 332.7 327.3 320.7 321.9 312.6 300.7 304.5 306.4 310.4 312.1 316.9 321.8 323.2 327.4 340.7 344.9 350.1 353.4 354.9 350.6 370.9 386.2 396.5 406 414.6 422.6 431.5 438.8 443.6 447.2 449.5 448.5 448.3 448.1 447.8 446.6 443.1 442.2 440.3 441.9 446.1 449.3 451.2 453.5 455.9 458.2 459.9 461.4 463 464.5 466.5 468.4 470.2 472.1 473.2 474.3 475.4 476.5 477.6 478.3 478.3 478.1 477.6 477 475.3 474 472 469.5 466.6 463.3 459.5 455.5 451.8
348.9 346.9 344.8 342.5 339.1 333.3 328.2 318.4 325.6 319.9 314 302.6 305.3 307.7 312.3 318 322.4 327.8 332.8 330.2 336.2 339.5 340.6 347.8 355 366.3 379.6 391.3 401.5 411.4 420.6 430.1 437.8 443.6 447.2 451 450.7 450.5 450.2 449.6 449 446.9 445.6 443.6 441.3 444.3 448.1 450.2 452.6 454.9 457.2 458.7 460.2 461.8 463.3 464.9 466.7 468.8 470.6 471.7 472.8 473.9 474.9 476.2 476.7 476.5 476.5 476.2 475.1 473.4 471.7 469.7 467.1 463.4 460.2 456.1 451.9 448.2
350.4 348.4 346.7 344.3 340.9 332.7 325.2 324.9 329.9 322 317.1 308.6 303.7 308.1 312.5 317 323 328.3 335.4 339.9 339.2 343.4 349.2 353.2 359.1 366.1 372.1 385.9 396.7 407.9 417.7 427.4 436.1 441.9 447.8 452.1 452.4 452.5 451.9 451.3 450.7 449.7 448.1 446.5 444.3 443.8 446.6 449.2 451.6 453.9 456.3 457.5 459 460.5 462.1 464.3 466.2 467.8 469.3 470.5 471.8 473.1 474.4 475.7 476.6 476 475.5 474.9 473.1 471.4 470.1 468.9 466.1 462 457.7 453.6 450 447.2
353 351.1 348.5 345.8 343 333.6 327.1 331.6 331 323.6 318.4 313.5 304.9 304.1 312 314.3 322.7 329.5 336.2 341.2 344.9 347.4 351.9 354.9 360.4 366.9 372.6 379 393.7 404.2 414.1 424.5 434.2 441.3 447.7 452.2 452.4 453.3 453 452.4 451.7 450.3 448.6 447.7 446.9 444.5 446.4 448.8 450.6 453 455 456.2 457.8 459.4 461.9 464.2 466.1 467.8 469 470.1 471.3 472.6 473.9 475.2 476.5 475.9 475.3 474.5 472.8 470.9 469.4 466.8 464.8 461.9 457.8 454.6 451.2 448.7
355.2 352.6 350.2 347.8 344.5 335.8 332.4 339.7 331.3 326.4 321.6 316.9 312.4 307.8 307.2 313.5 321.5 330 336.9 341.5 346.5 350.4 354.8 359.8 365.3 369.2 373.9 380.8 391.9 400.4 410.2 421.3 432 439.5 446.1 452.4 452.5 453.6 454.2 453.4 452.4 450.8 449.7 448.9 448.2 447.4 445.9 449.1 450.6 452.1 453.8 455 457 459.6 461.8 464.1 466 467.5 468.8 469.9 470.9 472.1 473.3 474.6 476.3 475.8 475.4 474.1 472.8 472 468.1 465.3 464.8 462 458.6 455.6 452.3 449.8
357.6 355.4 353 350.6 347.5 338.2 343.8 342.8 334.4 329.7 324 319.3 314.8 309 305.6 312.4 321.5 330 339.4 346.7 352.4 357.3 362.6 368.1 373.3 377.8 381.9 384.8 391.4 400 409 419.4 427.4 435.6 443 451.1 452.6 453.8 455.1 454.1 452.9 451.7 450.9 450.2 449.5 448.7 448.8 449.8 450.8 451.9 453 454.6 457.2 459.5 461.8 464 465.9 467.3 468.6 469.7 470.8 471.8 472.9 474.1 476 475.8 475.4 474.1 472.9 471.8 469.9 467.6 465.4 462.7 459.6 456.6 453.4 450.9
359.7 357.3 355.1 352.9 345.5 340 345.3 344.1 335.5 330.6 325.7 321.1 315.6 308.2 308.8 312.6 322.2 331.2 340.8 349.7 357.4 364.5 367 378.7 382 385.6 388.3 392.8 397.5 403 411.7 422.1 428.4 436.2 443.3 448.2 450.3 452.4 454.6 454.8 453.7 453 452.3 451.6 451 450 450.2 451.4 452.7 453.9 454.9 455.8 457.1 459.4 461.7 463.9 465.8 467.1 468.4 469.6 470.6 471.7 472.8 474.2 475.4 476.4 476.5 475.8 474.8 473.6 471.4 469.2 466.9 464 460.9 457.5 454.5 452.9
361.2 358.9 356.5 348.8 350.4 349.3 346.9 340.5 333.9 329.8 324 321.6 313.4 307.8 309.1 313.7 322.4 331.8 342.8 352.8 361.7 370.8 380.4 385.9 391.3 397.3 401.4 405 408.8 415.3 420 426.4 430 437.4 443.4 447.5 449.8 451.9 453.3 455.3 455.1 454.4 453.8 453.1 452.4 451.8 452.3 453.6 454.7 455.8 456.8 457.7 458.5 459.3 461.6 464 465.7 466.9 468.2 469.4 470.8 472.2 473.6 474.9 475.8 477 477.5 477.1 476.3 475.1 472.9 470.7 468.1 465.1 462.4 459.5 456.4 455.2
361.8 359.1 356.1 349.2 354.7 352.1 344.7 339.5 334.1 328.6 321.9 315.2 308.1 308.7 311 315.5 322.6 332.6 344.7 353.7 364.9 375.2 384.5 391.2 400.6 408.5 415 420.6 423.8 428.1 431.5 434.1 435.4 438.4 443.7 447.4 449.4 451.7 454.1 456.4 457.1 456.3 455.5 454.7 454.2 454 454.4 455.5 456.6 457.7 458.7 459.6 460.3 461.2 462.5 464.6 465.9 467.3 468.8 470.2 471.5 472.9 474.3 475.7 476.7 477.3 478.5 478.4 477.6 476.2 474.4 472.2 469.2 466.1 463.4 460.8 458.3 457.2
362.6 359.5 352.5 356.3 357.2 353.5 344.2 339.8 334.5 328.7 322.4 312.8 309.3 311.6 314 318.1 323.1 331.8 344.8 353.1 364.4 376.3 386.6 395.5 404.4 414.3 421.8 427.6 432.3 434.8 436.9 437.7 439.2 441.8 446.8 449.1 451 453 455.1 457.4 459 458.2 457.6 457.1 456.8 456.8 456.9 457.4 458.5 459.6 460.6 461.4 462.3 463.3 464.1 465.2 466.7 468.2 469.7 471 472.3 473.7 475 476.4 477.6 478.2 478.7 479.5 478.8 477.3 475.5 473.7 470.4 467.2 464.5 461.9 460.3 459.1
363.5 362.5 361.4 360.1 357.5 354.1 349.3 342 335.4 329.1 323 313.9 310.9 312.7 316.9 320.9 325.8 332.4 342.8 351.8 363.6 375.3 387.3 396.2 405.8 416.1 425.6 431.3 435.1 437 438.5 439.7 440.5 445.5 450.5 451.6 453.6 455.6 457.5 459.4 460.7 460.5 459.9 459.7 459.7 459.6 459.7 460.2 460.7 461.5 462.5 463.4 464.2 465 465.6 466.2 467.6 469 470.5 471.8 473.1 474.4 475.8 477.2 478.5 479.1 479.6 480.2 480.1 478.4 476.6 474.5 471.1 468.3 465.6 463.7 462.3 461.2
367.8 365.7 364 362.7 360 356.5 352.4 347.1 339.8 332.9 324.8 315.3 310.5 314.7 319.3 323.5 327.1 333.1 341.6 351.4 362.3 373.4 384.9 395.1 405.8 416.8 427.2 432.3 436.5 437.9 439.3 440.7 443.5 447.6 452.9 454.1 456.1 457.7 459.2 460.6 461.9 462.1 462.6 462.6 462.5 462.5 462.6 462.9 463.5 464 464.3 465 465.8 466.5 467.1 467.7 468.4 469.9 471.3 472.6 473.9 475.2 476.5 477.9 479.3 480 480.5 481 481.3 479.4 477.4 475 471.9 469.4 466.8 465.1 463.7 462.6
370.7 368.8 367 365.3 362.1 358.6 353.5 347.3 340.3 333.2 327 319.8 314.4 311.1 317.4 324.2 328.4 332.5 338 347.9 358.7 370.3 381.9 391.8 402.4 414.3 427.5 432.7 436.3 438.3 439.7 441.5 443.7 447.3 453.1 456.1 457.5 459 460.4 461.8 463.1 463.9 465.1 465.4 465.4 465.3 465.4 465.7 466.2 466.6 466.1 466.6 467.4 468 468.6 469.2 469.8 470.8 472.1 473.5 474.8 476.1 477.4 478.7 480 480.9 481.4 481.9 481.4 480.2 478.2 475.5 473 470.4 468 466.5 465 464.1
373.6 371.8 369.9 367.6 363.5 359.7 352.7 345.4 339.2 333.6 327.7 323.3 318.5 313.9 313.7 321.7 326.9 330.9 335.6 343.5 353.6 365.1 376.9 387.7 398.9 410.4 424.6 431.7 436 438.7 440.6 442.8 445 447.5 453.9 458.1 459.4 460.8 462.1 463.2 464.4 465.9 467.1 468.3 468.2 468.2 468.3 468.4 469 468.8 468.3 468.2 468.9 469.5 470.1 470.7 471.4 472 473 474.3 475.6 476.9 478.2 479.5 480.8 481.8 482.2 482.3 481.2 480 478.9 476.6 474.1 471.5 469.4 467.9 466.4 465.6
376.4 373.9 371.6 369.1 358.7 352.9 347.7 340.5 334.6 332.9 330.2 327.6 319.4 315.4 311.3 317.8 323.7 329.4 333.8 338.1 348.5 362 372.5 382.9 394.2 406 417.6 428.2 433.7 438.6 440.8 443 445.2 447.4 453 459.2 460.5 461.6 462.7 463.8 465.3 467.1 469 470.4 471.1 471.1 471.2 471.3 471.6 471.1 470.6 470 470.5 471.1 471.7 472.4 473 473.3 473.9 475.2 476.5 477.7 479 480.3 481.6 482.5 482.6 482.2 481 479.9 478.7 476.8 474.4 472 469.6 467.8 465.9 465.6
379.1 375.8 372.2 368.5 360.5 357.7 350.8 347 338.9 339.1 333.1 331.4 322.2 318.9 314.2 316.6 322.5 328.1 332.5 336.2 342.6 356.8 367.7 377.9 390.2 401.8 412 422.5 430.3 436.7 439.9 441.8 443.4 446.9 451 458.2 461.1 462.2 463.3 464.5 466.2 468 469.9 471.7 473.6 474 473.9 473.7 473.5 472.8 472.1 471.7 472.1 472.8 473.4 474 474.7 474.7 475.1 476.1 477.4 478.6 479.9 481.2 482.5 482.8 482.9 482.1 480.9 479.7 478.6 476.7 474.3 471.9 469.6 467.2 465.3 464.4
380.5 377.2 374.2 371.1 366.6 361.9 357.3 352.9 345.5 342.9 337.1 334.3 328.5 322.1 318.5 315.8 321 326.8 331.5 335.3 339.6 348.6 363.3 373.6 385.8 395.4 405.3 415.7 424.8 432.4 438.6 439.8 441.5 445.1 448.8 454.1 460.3 462.5 463.3 464.4 466.5 468.8 471.1 473.1 474.9 474.7 474.5 474.5 474.5 474.2 473.6 473.5 473.9 474.4 475.1 475.7 476.2 476.1 476.3 477.1 478.3 479.5 480.8 482.1 482.7 483 483 481.9 480.8 479.6 478.4 476.6 474.3 471.5 469.5 467.2 464.8 463.1
381.6 378.5 375.5 372.5 368.5 363.7 359.5 355.6 350.5 347.7 343.2 335.7 330.8 324.9 320.9 314.9 319.8 326.5 332.3 335.9 337.4 345.5 357 368.5 379 388.5 399.8 410.2 419.6 428.8 435.8 439 439.9 442.1 445.3 450.1 456.7 459.7 462.3 463.6 465.3 467.6 469.9 472.1 474.3 475.3 475.3 475.3 475.3 475.7 475.2 475.3 475.6 476.1 476.7 477.4 477.5 477.5 477.6 478.3 479.2 480.4 481.7 482.6 483 483.3 482.8 481.7 480.6 479.5 478.3 476.5 474.2 471.3 469.4 467.1 464.8 462.9
383.2 379.9 376.8 374 370.4 365.6 361.8 357.9 354 348.6 345.5 336.9 333.4 327 325 314.3 319.5 326.6 330.1 334.5 338.7 341.1 352 362.3 375.4 385.4 394.6 404.8 415.1 425.1 432.3 436.3 437.7 439.1 441.7 446.2 452 455.4 457.6 459.9 461.8 465.8 468.2 470.3 472.6 473.5 474.7 475.9 476.2 476.5 477 477.2 477.3 477.8 478.4 479 478.9 478.9 478.8 479.5 480.3 481.3 482.5 482.9 483.2 483.6 482.6 481.5 480.4 479.3 478.2 476.3 474.2 471.3 469.4 467.7 466.3 464.9
384.8 381.2 378.2 375.5 372.2 367.7 364 360.2 356.7 352.8 348.4 345.1 340.8 333.9 327 319.4 315.4 322.1 327.6 331.6 337.6 339.9 344.3 356.5 369 381.2 391.4 401.3 411.6 419.2 426.5 432.1 434.4 436 438.2 441.2 445.6 450.3 452.1 455.2 457.3 460.9 464.9 468.6 471.1 471.9 472.8 474 475.1 476.3 476.5 478.3 479.1 479.6 480.1 480.4 480.3 480.2 480.2 480.8 481.5 482.3 482.9 483.6 484.3 484.1 483.4 482.2 481 479.8 478.6 476.8 474.8 472.5 471.4 470 468.6 467.2
385.4 382.2 379.7 377 374.1 369.8 366.3 362.5 359.9 356 351.1 348.3 344.4 337.9 335.4 325.6 317.7 317.2 323.7 328.3 334.5 335.2 339.5 349.4 361.9 375.8 387.4 397.3 407.2 413.8 419.3 426.3 430.7 432.5 436.1 439.3 442 444.9 447 448.3 450.5 454.2 459.1 463.8 466.5 468.6 470.4 470.8 471.3 473.1 475.2 477.5 479.5 480.8 481.2 481.5 481.5 481.5 481.5 482.2 483.1 484.1 484.3 485 485.4 484.6 484.2 483 481.8 480.6 479.2 477.1 475.5 474.8 473.7 472.3 470.9 469.5
381.5 378.9 377.1 375.8 375 372.1 368.5 365.1 361.6 356.8 351.5 349.1 346.1 342.2 338.9 330.7 322.5 316.4 319.9 324.4 328.5 333.2 334.3 345.5 357.3 371.2 382.7 391.2 399.8 407.7 412.8 419.5 424.2 429.2 434.4 437.3 439.3 441.3 443.4 444.8 446.1 449.5 454 458.2 460.6 463 466.1 467.6 468.3 471.3 474 477.5 479.6 481.4 481.9 482.5 482.5 482.8 483.6 484.3 485.1 486 486.4 486.4 485.8 485.1 484.7 483.8 482.6 481.3 479.8 477.5 477 476.8 476 474.6 473.2 471.8
384.2 379.8 376.5 371.3 371.3 370 367.7 364.7 361.8 360.1 352.4 347.2 345.5 342.1 335.8 331.4 318.7 320.5 319.6 321.7 327 329.1 330.3 342.3 353.2 367.2 377.3 385.1 392.5 399.8 404.9 410.4 416.2 423.9 430.9 434 435.9 437.8 439.8 441.1 442.6 445.4 449.2 452.8 455 457.7 461.1 463.9 466 469.4 473.3 477.4 479.6 481.6 482.8 483.5 484.2 485 485.8 486.5 487.1 487.9 488.5 487.8 486.1 485.6 485.2 484.6 483.3 481.8 480.3 479.5 478.9 478.2 477.6 476.3 475.6 474.2
386.9 381.9 378.2 374.6 371.7 365.9 365.3 361.9 359.7 361 354.6 343.6 343.4 340.2 336.7 329.8 320.2 324.6 318.8 320 322.9 325.2 327.7 335.2 348.7 360.5 370.6 377.7 383.8 390.7 396.2 403 411 420 427.5 430.6 432.5 434.5 436.1 436.6 438.1 440 443.8 447.4 449.5 452.6 456 460.2 465.8 469.6 473.4 476.1 479 482.2 484.2 485.3 486.5 487.3 488.1 488.7 489.4 490 490.5 488.9 487.2 486.5 485.9 485.3 484 482.6 481.3 480.5 480.2 479.6 479 477.3 476.6 476.4
388.8 384.1 380.4 376.8 373.9 370.6 369.9 367.2 362.8 351.1 354.4 351.5 346.1 342.4 335 328 322.8 330 321.6 319.7 322 323.8 326.3 330.8 344.9 352.9 361.6 368.5 374.6 381.5 388.7 398.2 404.9 412.7 420.7 425.2 427.2 429.3 429.7 430.4 431.6 433.8 436 439.9 442.6 447.7 453.9 459.2 465.2 469.8 474.2 477.6 481 483.2 485.5 486.8 488.1 489.4 490.3 490.8 491.2 491.7 491.6 490.2 488.4 487.9 487.3 486.2 484.8 483.5 482.4 481.6 480.9 480.7 480.4 479.7 477.2 476.9
390.8 386.2 382.5 378.9 375.7 372.5 371.5 367.7 363.7 360.9 357.9 353.3 346.3 340.2 334.3 324 330.5 330 323.9 319.6 321.6 323.3 325.8 331.3 339.7 346.4 353.9 359.9 366.4 377.1 385 392.2 398.6 404.7 412.4 417.1 419.6 420.8 420 421.3 423.8 425.3 426.3 428.7 435.1 444.8 452.8 458.8 464.8 471 475.7 479.6 482 484.2 486.5 488.4 489.7 490.7 491.6 492.2 492.6 493.1 492.5 491.3 490.1 489.2 488.1 487 485.7 484.4 483.6 482.7 481.8 481.4 481.2 481 479.1 477.8
392.8 388.3 384.7 381.1 377.6 374.8 372.7 368.8 364.3 360.2 355.9 351.3 346 340.3 333.9 332 337.6 332.9 326.7 320.2 321.6 324.2 326.5 333.3 337.5 341.3 346.3 352.9 362.2 371.2 378.7 385.9 392.1 398.3 404.1 407.9 410.5 411 409.8 410.5 412.9 414.4 413.2 424.3 434.5 445.4 453.2 459.6 465.6 472.8 478 481.4 483.5 485.7 487.8 489.9 490.8 491.8 492.7 493.6 494 494.5 493.4 492.4 492.1 490.1 489 487.9 486.6 485.5 484.7 483.8 483 482.1 481.9 480.2 480.5 479.3
395.2 389.7 385.8 381.9 378.1 375.3 373.9 369.2 364.7 361.4 357.1 351.6 345.4 340.1 333.5 336.2 338.9 336 329.5 325.6 322 323.5 322.9 330 330.1 334.5 341.7 348.3 353.7 363.9 370.4 377.8 384.5 388.9 394.5 398.4 400.4 400.6 399.3 401 404.2 406.5 415.2 425.3 436.9 447.7 453.7 460 466.4 474.9 480.6 483.4 485.9 488.1 490 491.9 493 493.7 494.4 495.1 495.6 495.6 494.9 494.3 493.9 492.5 490.2 488.7 487.5 486.7 485.8 484.9 484.1 483.2 482 481.3 480.8 479.8
396.9 390.3 386.1 382 377.7 375 372.3 368 365.3 361.8 356.3 349.7 342.2 331.8 331.4 329.1 339.7 338.2 331.8 328.4 324.8 324.6 324.1 330.5 338.4 342.3 344.5 341.8 349.1 355.4 362.9 369.9 375.2 380 383.7 387.5 389.3 390.2 392.6 395.3 398.9 407.5 417.7 427.6 437.8 447.8 454.3 460.5 468.8 478.2 483 485.6 488 490 492 493.9 495.3 496 496.7 498 498 497.6 496.5 495.6 494.5 493 491.4 489.9 488.6 487.8 486.9 486 485.1 484.3 482.9 482.2 481.6 480.5
396.8 390.5 385.6 380.8 376.8 373 368.8 364.4 360.4 355.7 349.7 340.6 334.1 334.2 335.4 335.7 340 340.3 333.7 330.8 328.8 327.1 324.6 332.5 343.3 347.5 351 352 350.6 348.7 358.4 363.6 368.9 372.3 376 377.7 381.3 383.2 385.4 390.7 400.4 408.3 417 427 437.2 447.3 455.1 461.3 471 480.2 484.7 487.3 489.6 491.9 493.9 495.9 497.5 498.2 499.8 500.3 500.3 499.6 498.7 497.5 495.8 494.3 492.6 490.7 489.7 488.8 487.9 487.1 486.2 485.1 483.7 483 482.4 480.2
394.9 389.5 384.1 379.2 375.1 370.2 365.2 358.7 352.5 346.7 340.1 336.8 334.8 335 337.9 340.4 342.3 343.8 337.3 334.1 332.6 330.7 324.6 335 345.5 352 356.3 357.8 357.7 355.6 356.9 359.5 360.2 363.6 366.5 371.3 375.5 380.4 381 392.9 400.8 409 416.7 426.3 436.6 447.6 455.6 462.7 471 480.8 485.8 488.4 490.8 493.2 495.7 498 499.8 501.2 502.8 502.6 502.6 501.7 500.8 499.6 497.3 495.3 493.3 491.7 490.8 489.9 489 488.1 487.3 485.9 484.5 483.8 482.1 479.7
394.5 389.4 383.7 377.8 372.8 368.1 362.6 355.7 347.6 343.4 337.8 335 339.2 340.6 343.8 344.9 347.6 346.5 341.1 337.2 335.7 330.8 324.8 335.4 346.9 355 359.4 362.2 363.5 364.6 366.1 368.5 369.6 374 378.6 381.5 386.5 390.8 394.6 396.8 402.1 409.7 417.1 425.7 435.8 447.4 456.2 463.5 471.3 480.5 486.3 489.4 492.2 495.1 497.9 500.4 502.3 505 505.2 505 504.7 503.7 502.5 501 498 495.9 493.9 492.8 491.8 490.9 490 489.2 488.1 486.7 485.3 484 481.6 479.2
392.7 388.6 382.4 376.9 371.3 365.7 359.6 352.1 346 340.2 337.3 341.6 347.3 347.7 349.6 350.4 350.6 347.3 342.1 338.1 333.9 328.2 327.2 336.9 351.2 358.4 362.9 367.2 370.1 372.3 375 378.6 381.6 384.6 388.2 393.7 399.1 403 406.9 408.7 409.4 413.9 421.3 428.9 435.2 446.8 456.9 464.9 472.6 482.4 487.8 491.5 494.4 497.3 500.1 502.9 504.9 507.5 507.6 507.4 506.8 505.9 504.3 502 499 496.7 494.5 493.7 492.9 492 490.9 489.5 488.5 487.5 485.8 483.4 480.9 478.3
389.1 387.2 380.7 376 368.2 361 353.6 345.7 338.9 338.8 342.9 345.6 349.9 352.2 353.5 353.1 351.8 348.9 341.8 337.4 333.9 330.9 326.8 340.4 355 363.9 367.9 372.2 375.8 379.9 384.1 388.8 392.9 397 401.3 406.5 408.6 412.2 416.3 418.6 417.5 420.1 428.4 436.9 444.9 452.9 459.3 467.2 475.2 484.5 489.3 493.4 496.4 499.4 502.3 505.2 507.6 509.7 510 509.7 507.9 506.8 504.9 502.1 499.1 496.7 495.1 493.7 493 492.3 490.9 489.5 488.6 487.2 484.9 482.5 479.4 475.6
377.9 377.6 371.2 365.9 358.3 353.1 347.8 342.6 345.9 349.1 348.8 349.8 352.6 356.3 357.2 356.4 354.3 350.5 342.8 336.9 333.1 328.6 329 339.4 357.1 367.3 372.9 377.3 380.8 386.6 391.9 397.4 401.6 405.8 410.2 414.3 417.2 421.5 425.9 429.3 428.8 431.3 434.9 445.7 453.4 458.5 463.7 471.4 479.3 487.5 490.9 495 498.4 501.4 504.3 507.3 510.5 512 512.4 511.2 509.1 507.4 505.2 502 499.1 497.1 495.6 494.1 493 492.3 490.9 489.5 488.5 486.3 483.9 480.3 476.6 472.9
