app/static/ascii/NY87.asc
ncols 200
nrows 200
xllcorner 380000
yllcorner 570000
cellsize 50
[rows 35 to 69 of 200, columns 0 to 79 of 200]
188.5 188.7 190.5 194.8 197 196.9 196.2 195.3 193.8 192.5 191.4 190.9 190.7 189.5 182.6 181.4 180.5 180.4 181.1 183.7 185.6 186.6 184.8 181.7 178.4 175.9 175.1 171.6 163.1 168.5 175.1 176.1 175.5 174.3 173.8 174.9 176.8 179.5 181.6 182.9 183.5 182.8 182.4 180.4 179 177 176.7 180.6 191.8 199.7 197.7 194.5 193.2 197.4 203.7 196.2 192.3 186.3 182.9 181 181 179.4 174 170.7 167.5 163.2 159.6 157.8 157.3 157.5 156.9 155 154.4 154.8 155.7 156.8 159.2 160.4 160.9 160.9
189.2 189.6 189.9 190.8 193 195.9 196.9 195.7 193 191.2 190.1 188.7 187.6 186.6 186.5 183.4 179 179 179.6 180.8 182.4 182.5 183.5 182.1 179.1 176.6 174.4 170.6 166.6 162.9 171.8 176.2 177.8 176.4 174.9 174.2 174.2 174.5 175.6 178.2 179.8 182.1 184 183.5 181.7 180 180 184.7 192.1 194.6 194.7 195.3 192.1 196.6 197.8 195.1 193.7 189.6 186.7 184.1 182.7 179.6 178.1 175.6 172.4 169 166.5 164.4 162 161.7 161.8 162.3 160.9 159.7 158.2 155.5 152.6 152.6 151.5 153.6
190.1 189.7 189.4 190.6 192.6 192.4 193.6 193.9 192.4 189.8 188.3 186.9 184.9 182.5 181.4 179.9 180.7 178.4 177.8 178.2 178.9 179.6 179.1 180.1 179.8 177.3 173.9 170.6 169.2 163.9 166.3 170.9 174.1 176.1 176.4 175 174.2 174.3 174.3 178.6 183.1 185.3 185 185.2 185.7 184.2 183.9 187.5 191.1 190.8 189.7 189 188.9 193.8 191.7 191.2 190.7 188.9 186.9 183.2 181 178.9 179.6 178 174.9 172.1 170.3 168.9 167.9 166.7 165.9 166.5 166.2 166.1 165.2 163.9 161.9 159.7 156.6 148.7
191.1 190.5 190.1 189.3 190.4 192.9 192.8 189.7 190.5 188.6 186.4 184.7 181.5 178.4 176.4 175.3 174.8 175.9 177.1 177.6 177.7 177.9 177.4 176.7 176.3 175.9 171.2 164.1 163.7 162.4 164.5 167.7 168.5 170.5 173.9 174.3 174.9 175.1 177.5 183.3 187.4 189.4 189.6 189.2 188.4 188.2 188.1 189.6 189.5 187.7 186.8 186.4 186.6 187.7 188.2 188.4 186.4 185.1 184.1 181.8 180.5 180.9 180.5 179.1 178.5 176.5 174.9 172.7 171.9 171 170.3 170.6 170.1 169.2 168.7 168.1 167.3 165.6 163.4 161.4
190.4 190.9 190.5 190 189.2 189.4 191 191.9 187.8 186.6 186.1 182.9 175.8 173.9 172.5 173.2 172.1 171.5 171.9 179.7 179 178.3 177.1 176.2 173.8 171.4 165 163.8 165.7 166.2 166.4 166.2 167.7 167.6 169.5 173.7 175.4 178.7 181.7 185.8 189.1 191.7 192.8 192.5 192.9 191.5 190.7 191 188.1 186.6 186.6 186.4 186.1 186.1 186.8 186.5 185.2 182.9 180.3 179.8 179.2 178.8 178.3 179.5 180.3 179.6 178.8 177.8 176.9 176.1 175.4 174.9 173.8 172.4 171.3 170.6 169.8 168.8 167.4 165.8
186.2 186.3 186.5 186.6 188.1 188.4 189.1 189.3 189.6 186.5 182.7 180.9 176.6 174.6 173 172.9 172.1 172.1 171.5 170.3 169.9 177.2 174.4 174.5 175.3 169.6 165.1 169.9 179.8 180.2 179.4 177.2 174.6 171.7 171.4 174 178.7 181.8 185 188.2 189.6 189.5 191.2 192.8 192.8 193 196.1 192.8 189.7 188 186.9 186.4 186.3 186.1 186 185.8 186.4 183.9 181 178.3 177.2 177 178.2 182.3 184.8 185.9 184.9 183.6 182 181 179.8 178.4 177 175.2 174 173.1 171.9 170.7 169.6 168.8
184.5 182.4 183.1 182.3 183.9 185.9 188.6 187.5 187.2 186.4 183.7 180 176 178.4 183.2 181.7 181.3 180.2 173.3 170.7 169.5 169.8 168.8 167.8 166.5 166.3 165.4 180.6 182.1 182.4 182.1 181.2 179.3 179.1 177.6 178 180.4 183.1 185.7 188.1 191.2 193.3 195.5 196.8 197 197.8 195.1 192.6 189.6 187.5 186.6 186.3 186.6 186.8 186.3 185.2 185 185.4 183.1 180.3 177.2 176.3 177.3 179.8 182.6 185.2 187.4 188.4 187.3 184.9 183.4 181.7 180 178 176.6 174.7 173.3 172 170.9 170.1
188.5 187.9 186.5 183.2 182.6 184.6 185.1 186.3 184.1 179.1 177.3 176.2 176.1 181.8 191.7 189.7 186.9 185.5 182.7 176.1 169.8 169.8 168.8 167.5 165.6 164.7 179.3 181.6 182.1 182.3 183.4 183.6 182.4 182.4 181.7 181.9 181.5 183.8 186.3 190.6 195.9 198.2 197.3 196 194.9 193.8 192.4 190.3 189.5 188.6 187.8 187.8 187.9 186.8 185.6 184.4 183.7 184 183.8 182.5 179.9 177.5 176 177 179.1 181.2 184 186.7 188.4 187.9 186.3 183.7 181 179.8 178.3 176.3 174.9 173.3 171.1 169.6
193.9 193.8 192.6 192.9 188.5 179.7 179.9 178.6 176.5 176.9 175.7 178.5 189.2 194.8 199.2 197.7 194.9 191.4 188.2 183.6 178.7 177.3 170.8 176.6 173.2 176.9 179.6 180 180.5 181.2 182.9 184.4 184.9 184.3 183.6 183.8 183.2 184 186.7 194.3 195.7 193.6 192.8 191.7 190.5 189.4 188.4 188.3 190.8 194.5 194.9 189.7 188.1 187.8 185.5 183.9 182.4 182.2 182 182.2 182.4 180.4 177.8 175.7 176.3 177.8 179.6 182.1 183.9 184.8 184.8 182.5 180.6 178.9 177.3 175.8 174.4 173 170.7 168.6
196.5 196.1 195.2 194 192.6 187.3 186 186.5 188.8 189.7 189.6 190.2 192.6 196.4 199.3 201.5 202.3 198.4 194.9 189.8 184.8 179.2 179.7 184.6 181.5 177.3 178.4 178.6 178.8 179.6 180.3 182 183.8 185.2 185.5 185 184.4 184.3 185.3 192.1 191.2 189.2 188 187.3 186.3 186.2 186.4 189.3 191.7 196.7 195 192.3 190.2 188.3 187.2 185.5 183.8 182.4 180.3 180.3 181 180.8 179.9 177.3 175.2 174 175.6 177.4 178.2 178.7 178.7 177.8 176.3 174.8 173.5 171.9 170.5 169.6 168.5 167.5
199.6 198.8 197.5 196.3 195.3 194.7 194.2 194.1 194 193.8 193.7 193.2 193.1 193.6 195 197.4 198.2 195.9 193.3 192.2 190.6 185.2 183.4 182.9 181.7 180.5 177.9 178.1 178.2 178.5 179 179.8 182.1 182.5 183.8 184.6 184.4 184.4 182 189.3 186.6 184.7 183.9 184 184.6 185 186.5 189.4 192 195.3 193.6 191.6 189.6 187.8 187.1 185.3 183.6 182.1 180.5 178.8 177.7 177.7 177.6 176.9 174.6 173.3 169.7 171.8 172 171.9 171.9 170.7 170 168.4 166.7 166.4 165.3 164 163 161.6
202.8 202.1 200.5 199.2 198.2 197.4 196.9 196.7 196.4 196.1 195.8 194.7 194.6 193.2 192 189.5 189.5 187.8 186.9 187 186.9 186.2 183.5 180.8 180 179.3 178.4 178.1 178 178.1 178.6 179.5 179.9 180.1 180.5 181 181.4 179.9 183.9 185.5 183 181.9 181.3 181.1 182.2 183.5 187 189.5 192.2 193.5 192.5 190.8 188.7 188.1 187.3 185.8 183.4 182.8 182.5 181.8 180.8 178.9 177 174 172.1 170.6 168.9 166.4 166.7 166.5 166.5 164.6 164.3 163 161.9 160.7 159.8 158.8 157.9 157.1
206.1 205.2 203.6 202.3 201.2 199.9 199.3 199 198.7 198.3 197.6 197.2 196.5 193.7 189.8 188.3 187.2 187 186.3 185.3 184 183.1 182.4 183.4 184.1 184.4 182.9 180.3 178.6 178.3 178.5 179.3 179.9 182.2 186.5 186.7 184.1 180.6 181.2 181.9 180.8 179.7 179.2 181.1 181.8 183.2 186 189.5 191.2 192.1 190.8 189.5 188.6 188.4 186.9 186.3 184.1 183.9 183.9 184.4 184 182.9 181.5 180.2 177.9 175.3 173.3 172.2 170.2 166.9 166.7 166.6 164.7 163.5 162.5 160 159.4 159.1 158.1 157.5
209.9 207.6 206 204 202.8 201.6 201 201.3 200.8 200.5 199.8 199.7 199.5 197.2 197.6 199.7 203.8 202.4 198.9 193.3 189.9 188.9 189.9 192.3 194.3 193.3 190.5 186.6 182.8 181.7 181.9 181.7 183.4 186.5 186.2 184.8 183.9 182.2 179.5 178.7 178.3 179.3 180.9 182.9 182.7 182.5 183.7 186.6 189.1 190.6 190.5 189.4 189.1 188.3 186.6 187.3 186.6 186.9 189 189.6 189.7 189.8 188.6 185.8 182 180 179.4 178.3 177 175.5 174.1 172.1 170.3 169 166.6 163.3 160.8 160.2 160.4 160.5
208.1 206.5 205.1 203.7 203.4 203.1 202.5 202 202.1 202.3 202.3 202.1 201.9 203.8 206.2 207.5 205.6 202.7 201.1 198 194.2 191 192.1 192 192 191.5 190.2 188.7 186.3 185 184.9 184.7 183.8 183.9 184 183.7 182.6 182.7 182 180.4 176.4 180.8 182.9 182.9 182.5 181.8 181.4 183.5 185.9 187.6 189.2 189.2 188.6 187.9 186.9 187.7 187.9 189.7 192.5 192 191.5 190.8 189.7 188.2 185.2 183.8 182.6 181.6 181 179.2 177.3 175.5 173.7 171.9 169.5 168.1 166.1 167.3 167.5 167.3
203.3 202.5 201.5 201.1 200.8 200.7 200.5 200.5 202 202.5 203.3 203.3 204.9 205.5 203.8 201.1 199.8 197.3 196.2 195.4 192.8 192.2 194.1 194.1 192.4 189.8 189.8 188.5 187.3 187.2 186.2 184.8 182.6 182.5 183.9 183.9 182.6 182.5 184.4 182.8 178.5 178.6 183 183.1 183.8 185.3 183 181.9 182.7 184.4 186.2 187.6 187.7 187.5 186.9 187.9 188.5 190.3 191.3 190.7 190.2 190.4 189.8 188.2 187.9 187.2 185.5 184.1 182.2 180.7 179.8 178 176.2 174.5 173.4 173 173.9 174.6 175.5 174.7
197.9 197.2 196.9 199.4 198.2 197.9 196.9 200.4 200.4 198.9 200.7 201.4 203.1 203.6 204.7 205.8 207.5 201.6 194.4 193.1 192.1 193.7 196.4 195.7 193.4 190.9 189 186.4 185.4 183.8 183.6 183.5 182.8 180.5 180.2 180.8 180.7 180.1 180.1 179.6 177.3 174.1 177.9 178.9 180.6 182.8 182.8 180.6 179.5 179.9 181.5 183.5 184.6 185.4 185.4 185.5 186.4 188.6 189.4 189.3 189 189.1 189.7 189.6 189.5 189.3 188.7 187.4 185.1 182.5 181.3 179.7 178.2 176.6 175.5 175.2 175.7 176.5 177.8 178.2
195.4 197.9 198.7 195.6 196.7 195.5 193.2 194.9 194.9 195.1 196.7 197.8 204.5 203.2 202.9 203.1 202.4 199.2 196.4 192.9 188.2 190.9 192.8 192.1 190.1 189.7 188.9 186.4 182.1 180.3 179.3 179.5 180.2 179.4 178.3 176.8 176.9 176.9 175.8 175.2 174.6 172.3 172.2 174 174.6 175.3 176.4 178.3 177.7 176 176.5 178.6 180 181.3 182.2 182.6 183.2 185.1 186.2 186.4 186.3 186.8 187.3 187.7 189 189.8 189.6 189.6 188.4 186.4 183.2 180.7 179.2 177.6 176.4 175.5 174.5 174.5 176.1 177.2
199.1 203.3 204.8 202.2 196.7 191.5 190.8 189.5 189.9 189.5 191 192 191.4 194 194.2 194.7 194.8 193.3 192.4 191 188.5 185.4 187.5 187 186.2 186.3 185.5 184 181.4 180.2 179.3 176.6 176.7 177.7 177.9 176.9 174.5 174 172.8 171.5 170.4 169.8 166.5 167.6 169.7 170.7 171.8 173.6 174.2 172.3 172.7 173.7 174.8 176.1 176.8 177.8 178.6 179.6 181.7 182.1 182.4 182.9 183.5 184.7 185.5 184.3 184 186 187.9 187.5 185.7 182.7 179.7 178.3 177 175 172.8 171.6 172 172.7
199.2 202.9 204.9 205 202.2 196.4 190.5 184.9 184.4 183.9 183.2 184.4 184.2 184.4 185.2 186.2 186.7 185.7 185.5 184.5 183.8 182 181.5 180.8 180.8 181.6 181.1 181.3 183.1 182.5 180.5 178.2 176.7 173.6 176.1 175.4 174.2 173.5 171.3 169 167 165.7 164.4 161.4 165 166 167.4 168.7 169.6 169.1 169.7 169 169.5 170.1 170.7 171.4 172.8 174.1 175.7 176.3 176 175.5 178.4 179 178.3 177.4 177.7 178.8 180.6 185.1 184.3 182.5 179.6 176.6 173.6 172.1 169.9 167.8 167.5 167.1
198.7 202.1 202.9 202.1 200.3 196.5 192.4 187 179.9 178.2 177.6 177 177.2 178.2 178.8 178.6 179.4 179.6 179.1 178.3 177.5 176.7 175.3 175.7 174.4 175.5 175.8 176.2 178.8 178.3 177.6 175.8 174.3 173 170.5 171.6 171.7 171.7 171 168 165.1 163.2 162.2 156.2 162 163.2 163.4 164.4 165.1 165.6 165.1 165.1 163.4 163.8 164 164.1 166.6 168.4 169.1 169.6 168.5 167.9 168.3 170.9 171.4 171.1 171.9 172.8 174.3 177.4 179.4 177.9 174.3 172.7 170.1 166.4 164.4 163 161.8 161.3
200.9 201.5 200.5 199 196.6 192.3 187.6 180.1 176.1 171.3 173.6 173.1 172.9 173.5 174.3 173.8 173.5 173.3 173.5 172.8 171.7 170.3 167 158.9 156.4 156.7 166.6 172.3 173.1 174.5 173.8 173.1 171.8 170.2 168 166.6 167 168.2 168.7 168.2 165.2 163 157.3 152.8 161.4 160.8 160.1 160 160.5 159.4 159.9 160.5 159.9 158.1 158.2 158.1 158.9 161.1 161.9 162 160.2 159.2 158.7 159.5 162.7 165.1 166.2 167.9 166.5 169 170.7 170 166.8 164.9 162.6 161.1 158.6 157.8 156.5 156
198.9 200.6 198.9 195.8 192.5 187.4 178.6 171 167 166.5 171.5 170.3 169.6 169.2 169.5 168.6 167.2 166.6 165.5 162.1 160 157 147.4 152.1 148.9 148.4 140.8 161.7 167.5 169.8 170.1 169.6 168.8 167.4 165.5 165 163.3 163.4 164.4 165.2 163.9 161.9 159 155.6 149 157 156 153.3 155.8 153.8 149.9 155.7 156.2 154.3 153.5 153.1 153.7 154.4 154.4 154.8 154.6 154 153.6 154.3 157.9 159.7 160.8 161.3 160.5 158.8 161.8 160.6 158.5 154 152 152.6 152.5 153.3 152.9 151.7
195 195.9 196.1 194 189.3 181.8 169.5 165.9 164.1 163.3 160.8 158.7 168.1 166.8 164 157.9 153.4 152.5 151 152.8 152.5 150.6 160.8 162.2 158 150.8 146.1 147.5 150 164.9 165.3 164.7 164.9 164 163.3 166.9 166.7 163.8 159.6 158.1 157.7 156.5 155.3 154.8 148.2 136.8 141 138.9 136.4 133.8 133.8 142.1 148.7 152 149.7 149 149.2 150.2 150.8 152.1 152.7 153.5 153.9 153.2 153.3 154 155 154 152.9 151.2 151.6 150.1 149.2 145.6 142.5 143.4 146 148.1 149.5 151.2
194.2 194.5 194 189.6 174 160 159.7 158.2 159.8 159.1 160.6 160.1 157.6 156.2 156.9 157.8 163.3 164 164.3 165.4 166.8 166.2 166 165.3 163.3 158.2 154.9 142.2 145.5 147.4 157.8 153.1 150.5 150.1 156.7 158.4 164.9 164.8 163.8 161.6 159.1 146.4 140.8 137.4 135 132.3 129.9 131.3 130.4 129.9 128.8 128.3 134.5 134.5 135.6 139.9 146 147.3 149.3 151.9 154.4 155 156.7 157.4 155.4 150.9 148.6 147.7 147.1 143.7 145 140 137.4 134.7 129.9 130 135.9 141.5 147.8 150.6
192.9 190.2 184.1 170.5 163.8 164.1 165 173.6 175.3 176.2 175.3 172.5 167 166.3 170.7 174.8 174.4 173.9 174.7 173.1 171.3 170.7 169.4 167.9 165.9 165.2 163.9 160.8 149.7 142.3 138.8 144.5 144.8 143.8 142.4 141.8 140.9 138.1 145.6 147 143 139 135.4 132.6 128 133.1 132.5 131.3 149.2 150.3 144.1 131.8 127.5 124.5 127.7 129 131 134.5 141.1 148.4 150.7 152.9 154.1 155.2 155.6 153.9 150.2 144.3 139.2 135.1 131.6 125.9 119.5 113.8 111.7 110.9 118.5 129.6 138.3 148.5
182 177.8 170.1 165.4 174.1 176.6 180.5 184.6 184.1 183.4 183 181.9 182.1 182.4 180.8 181 181.1 179.9 183 180.5 178.3 177.1 175.1 171.8 171.9 171.5 170.2 168.6 163.9 159 149.6 136.3 140.8 137.4 136.4 138.6 138 136.9 132.9 135.5 134.6 134 131.2 155.1 156.3 154 144.1 153 154.8 154.8 156.3 153.2 149.2 145.9 141.8 133.1 122.2 126.1 128.1 129.6 133 144.2 143.9 138.6 134.7 134.5 134.7 132 126.3 121.7 119 112.6 116.4 116.6 116.3 114 112.9 116.4 129.2 140.4
171.7 168.6 169.1 182.1 189.1 193.1 194.6 195.1 193.3 190.2 188.1 187.6 188.4 187.9 187.3 187.8 190.2 189.6 186.6 185.6 185.2 183.2 181.9 178.9 172.3 171.4 170.6 170.9 171.5 171.3 170.2 163.6 163.6 157.9 149.9 143.2 142.3 143.5 139 132.4 138.2 155.8 164.7 166.7 164.6 162.8 159.9 158.3 157.8 157 157 156.6 155.8 153.4 149.7 145.9 143.3 141.1 124.4 124.8 125.9 126.7 125 124.7 124 124.4 118.2 119.2 117.4 119.5 123.3 126.9 128.1 130.3 122.4 117.3 116.3 110.4 118.2 129.2
170 191.3 197.8 200.7 204.7 204.1 203.4 203.3 204.4 202.1 198.1 194.1 194.8 193.6 193.2 195.3 200.2 200.2 197 196.3 195.6 193.7 192.3 188.6 186.3 184.7 183.5 183.5 182.8 181.5 180.9 180.6 178.8 173.5 166.7 162.1 160.7 161.9 161 162.1 164.5 170.6 169.9 169.6 167.4 163.8 161.9 160.2 160.9 158.2 155.8 155 154.5 155.1 154 150.8 146.9 142.3 138.1 132.8 122.5 122.6 122 121.4 120.7 118.9 117.7 124 133.1 135.3 138.6 141.4 140 137 133.4 121.8 118.2 112 108.8 116.8
175.8 200.5 202.5 210.2 215.4 213.4 214.6 215.4 213.9 210.6 205.6 203.1 203.4 203 203.5 204 203.4 201.8 202 201.7 201.7 200.3 197.5 194.9 192.4 191.1 189.3 186.9 185.3 184.2 183.4 183 181.6 180.6 176.8 175 172.3 174.5 177.4 177.6 177.2 177.2 175.1 171.8 170.7 169 167.6 167.7 168.3 166.4 162.7 159.3 155 153 153 152.4 149.4 144.2 143.1 143.1 143.1 136.8 123.1 118.9 119.1 116.1 138.9 141.9 143.8 146.4 150.3 152.3 149.1 145.5 142.1 132.3 120.3 112.9 110.6 110.1
180.7 202.3 205.3 209.3 214.7 219.7 221.4 219.9 216.5 214.9 212.2 211.5 212.5 212 210.9 207.6 204.3 201.4 198.6 197.5 196.6 196.1 195.2 193.3 191.4 189.5 188.5 187.5 186.1 184.9 183.9 182.5 181.9 181.2 180.6 180.2 179.8 179.6 179.5 179.4 179.2 178.9 178.3 176.1 174.8 173.1 172.3 171.7 172 171.9 170.3 167 162.2 155.7 152 149.3 147.9 148.8 150 150.6 148 143.6 142 141.3 142.5 146 151 153.9 155 155.6 154.8 153.9 152.5 151 148.4 142.2 127.4 119.4 112.5 107.4
194.4 206.4 209.6 212.7 212.3 216.8 219.6 218.7 216.3 216.4 217 217.4 220 220.5 218.6 214.5 208.3 202.5 197 192.7 190.2 188.9 187.4 185 185.7 185.9 184.3 182.4 181.1 180.7 181 181.2 179.9 179.4 179.1 178.7 178.4 178.1 178 177.8 177.8 177.5 176.7 175.5 175 173.9 173.4 172 171.4 170.9 170.2 168.9 166.4 162.5 157.1 151.8 150.6 150.9 151.1 153.4 155.7 155.6 154.2 154.4 158.6 159.5 160.2 158.5 156.5 153.8 152.4 150.2 149.7 148.3 146.2 142.6 133.6 126.1 117.6 110.4
205.9 210.1 213.3 215.5 216 214.7 215.3 216.6 218.5 220.6 222.3 222.8 221.7 219.9 217.6 214.2 210.7 204.4 198.6 191.3 187.2 183.8 181.7 180 178.2 179.5 176.6 174.7 174.7 173.1 172.5 172 171.6 170.1 171.3 171.4 172.5 172.8 173.6 174.3 174.7 174.2 173.2 173 170.9 170 166.6 164.3 165.7 167 166.8 165.5 163.9 162.5 161.2 157.6 153.3 151.9 149.7 150 150.1 151.5 154.8 157 155.9 152.9 153.4 155.2 152.7 150.2 147.8 144.9 145.1 145.2 141.7 137.4 133.1 128 118.6 119.9
208.2 211.7 214.6 217.2 217.7 217.4 213.6 217.1 223.5 227 226.7 224.8 222.2 218.7 213.8 209 204.3 200.6 197.6 192.3 187 185.2 182.7 182 182.1 184.4 185.9 179.4 181.7 182.2 180.5 179.2 176 177.5 174.9 171.9 169 166.2 166 166.4 167.5 166.7 164.7 164.9 164.5 161.5 157.6 156.8 155.9 156.6 157.5 158.2 157.5 157.7 158.8 157.6 157.6 154.6 147 142.8 140.8 142.6 145.2 146.7 145.9 140.7 138.9 137.8 135.5 134.6 132.3 129.6 128.7 125.4 124.6 119.3 119.8 116.5 119.6 127.9
210.1 212.9 214.8 216.8 217.7 217.4 214.4 215.6 222.4 227 226.2 223.2 217.1 211.9 207.9 202.7 196.8 192.6 190.9 189 187.9 188.3 189.3 189.6 187.6 188.7 188 188.9 190.7 191.1 189 188.8 187.4 186.2 185 183.7 181.8 178.7 173.3 169 165.7 166.3 165.7 164.6 162 163.7 167.4 168.6 167.9 163.5 158 153.4 151 149.5 149.7 151.7 151.3 148.1 144.1 151.7 152.7 151.9 149.5 147.8 148.9 153.8 153.4 148.5 149.9 149.4 133 136.3 141.9 142 141.5 134.7 135.3 134.8 135.1 136.1
