app/static/ascii/NY89.asc
ncols 200
nrows 200
xllcorner 380000
yllcorner 590000
cellsize 50
[rows 0 to 34 of 200, columns 78 to 155 of 200]
327.9 336.3 340.8 339.5 337.6 336.3 334.8 333 333.2 331.2 327.3 323.5 321.3 319.8 318 316.1 314 311.3 308.5 304.8 301.7 298.5 294.9 293.6 291.3 289.6 287.4 285.9 284.1 282.2 280.9 278.6 275.5 272.9 270.5 267.7 265.4 263.1 261.6 259.2 259.3 257.9 254.9 252.9 250.5 248.1 246.3 249.4 257.5 266.6 272.2 276.7 279.5 281.2 282.6 282.6 282.3 280 278.3 273.1 267.8 262.9 255.5 250.7 248.5 247.8 247.7 246.4 245.5 244.7 243 243 245.4 246.5 248.4 252.4 256.4 260.4
327.8 341.7 341.9 340.6 338.9 337.1 335.1 332.2 327.8 326.3 325.1 322.8 319.9 317.3 314.3 312.9 311.9 306.9 302.7 299.9 299 297 296.1 294.6 292.3 290.1 288.1 286.7 284.8 283.2 280.9 278.6 276 273.7 270.7 268.8 266.6 265.2 263.8 261.8 259.3 257.9 257 255.6 252.4 247.3 244.9 245.8 256.9 266.2 270.7 274.4 276.9 279.8 281 281.5 280.9 277.9 273.5 268.9 264.9 261.5 254.8 252.7 249.1 247.7 247.4 246.5 245.5 242.2 242.2 242.5 245 245.9 246.8 250.3 254.2 258
324.6 334.1 339.6 338.8 338.6 336.4 334.2 332.2 329.5 325.9 321.8 319.4 317 314.5 312.5 309.7 310.2 307.6 304.9 302.9 301 298.6 296.4 294.2 292.2 290 287.3 285.3 283.1 281.4 278.5 276.6 274.9 273.2 270.7 268.5 267.1 265.6 263.8 262.4 261 260.5 259.3 259.1 256.8 250.8 243.1 241.8 255.8 263 268.7 270.9 273.7 277.6 278 277.1 275.9 273.1 269.8 266.4 262.6 260.2 256.2 252.9 249 247.5 246.9 246.7 245 241.9 240.8 242.7 243.4 244 244.8 247.5 250.7 254.8
320.4 325.2 331.2 333.3 334.1 334.2 334.2 332.7 331.6 329.2 326.4 324.2 321.1 318.2 315.7 313.1 310.7 308 305.2 302.5 300 297.5 295 291.9 289.6 287.8 285.3 283.1 280.6 278.2 274.2 271.8 271.1 269.8 269.1 266.8 264.4 262.7 261.6 260.7 260.2 260.5 262.4 260.9 258.8 254.4 247.5 242.5 248.2 260.4 264.2 268.9 273.5 273.1 272.8 273.6 272.1 269 267.5 267 263.8 259.8 254.3 250.3 246.8 246.6 246.4 245.8 244.1 240.9 239.3 241 241.2 241.4 242 244.2 247.7 251.8
317 320.6 324.1 327.4 330.1 330.7 332 332.7 333.5 331.1 328 324.6 320.5 316.8 314.5 310.9 308.2 305.9 302.9 300.9 298.5 295.7 292.3 289.7 287.8 285.5 282.3 279.5 276.6 277 276.3 273.1 268.3 264.3 264.3 262.9 260.9 259.4 259.3 259 259.3 261.4 261.8 260.6 257.8 254.6 248.8 240 249 258.1 262.6 267.3 267.4 267 268.7 267.6 268.4 268.1 268.4 265.2 261.7 257.5 252.7 248.6 246.4 246.1 245.6 244.2 243 239.7 238.1 239.1 239.2 240 239.6 241.4 244.2 248.6
313.9 316.8 320.1 322.1 323.3 326.1 327.5 327.8 330.2 329 325.5 322.7 318.8 314.7 311.1 308.6 305.3 302.7 300.6 297.8 295.7 292.9 290.4 288.2 285.6 282.2 282.3 281.7 280.2 279.2 277.3 274.5 271 267.2 265.1 263.8 261.9 259.9 257.9 256.3 254.9 256.7 258.5 258.3 255.7 253.8 249.2 241.5 246.1 255 259.9 260.2 260.2 262.6 263.6 265.6 267.4 266.8 264.1 261.9 258.7 256.2 252.3 247.8 245.9 245.4 244.8 244.3 241.8 240.1 238.2 237.2 236.3 237.3 237.9 239.2 241.4 245.3
310 311.8 315.2 316.5 319.3 320 321.1 321.8 323.7 323.5 322.2 319.7 316.4 312.3 307.6 304 301.8 298.9 294.5 292.2 291.6 289.7 287.2 285.6 285.6 285.6 284.9 284 281.9 279.8 277.7 274.7 271.5 268.8 266.6 264.9 263.5 261.6 259.9 257.8 254.6 252.5 254.6 255.5 254.9 253.7 250.1 243.2 239.1 254.1 254.4 254.4 254.7 257 259.1 263.1 263.2 260.5 259.4 257.9 256.4 254.8 252.3 247.3 245.3 244.9 244.2 243.8 241.7 240.2 238.7 237.4 235.6 235.4 236.1 237.4 239.3 242.6
303.3 308.9 312.8 313.8 315 317.6 318.6 319 318.4 318.4 317.9 315.3 311.7 310 307.9 305.6 301.9 296.4 296.9 296.8 296.5 296.1 293.1 290.3 288.7 287.4 285.2 283.1 280.4 278.3 276 274 270.8 267.7 265.8 264 261.9 260.4 258.4 256 254 251.2 248.9 250.3 251 249.8 247.7 245.3 237.1 249.9 250.1 249.8 249.6 250.9 255.9 259.6 256.7 253.8 254.6 255.4 254.8 253.5 251.5 248 245.8 244.6 243.8 243 242.7 240.9 239.3 238 235.6 234.1 234.2 236.4 238.8 241
300.9 303.7 307 309.6 310.9 312.9 316.7 317.9 317.7 317 315.9 316.6 314.1 311.9 309.4 307.2 305.1 302.6 300.8 299.3 297.6 295.5 293.4 291 288.3 286.1 283.8 281.5 278.8 275.7 274 271.5 268.4 265.7 264.2 263.1 262.1 260.9 260.3 260.2 259.4 256.9 251.5 244.4 244.6 240.9 240.1 236.8 242.8 246 246.5 246.7 245.9 247 253.8 253.1 250.4 249.7 251.5 252.7 252.6 251.6 249.8 247.4 245.7 245.3 244.9 245.1 243.8 242.8 240.8 238.6 236.5 234.4 232.4 235.3 238.3 240.5
299.5 300.5 302.2 304.4 306.3 308 312.4 315.7 317 317.3 318.2 317.8 316.3 313.4 311.5 309.2 307.2 303.9 301.1 298.7 296.2 293.8 291.7 289.3 286.7 284 281.6 279.1 276.5 273.6 270.9 269.2 267.8 266.7 265.2 263.7 262.7 262.4 262 262.2 262.2 259.6 255.1 250.2 246.5 243.9 239.7 233.5 237.8 244.2 242.7 243.4 241.9 243.3 248.1 246.5 246.1 246.2 248.4 249.9 249.9 249 247.3 245.7 245.3 244.6 245.4 245.1 244.3 243 240.4 239.2 237.4 236.1 233.3 233.1 235.8 239.1
298.3 299.1 299.9 301.3 303.3 305.7 309.5 313.7 317 317 317.3 316.2 317.5 315.5 312.6 309.9 306.5 303.3 300.2 297.5 295 292.3 289.7 287 284.5 282.5 280.2 278.4 277 274.9 272.9 270.9 269.1 267.5 265.7 264.7 263 261.7 260.5 260.2 259.7 257.8 253.8 251.4 248.7 246.2 243 238.3 233.4 237.4 240.8 238.8 238 238.6 240.9 241.8 242.7 244.4 245.7 247 246.7 245.8 244.5 243.5 243.6 243.8 243.9 243.6 242.5 241.4 240.3 239.4 238.3 236.5 233.6 231.1 235.5 238.8
296.9 297.8 298.4 299.4 301 305 309.2 313.5 317.3 318.3 318.6 318.5 318.3 316.3 313.2 309.9 306 303.2 300.3 297.4 294.7 292.3 290.5 288.5 286.9 285.5 283.9 281.2 279 276.9 274.5 272.6 270.1 267.3 264.7 262.5 260.5 258.7 256.6 254.4 253.7 252.2 250 248.1 246.2 245 243 240.4 235.5 230 236.9 235.7 235 236.1 237.2 238.8 241.2 243.1 244.2 244.3 244.2 243.5 242.6 241.3 241.3 241.7 241.8 241.2 240.2 239.1 237.8 238.7 237.3 235.6 232.7 232.3 236.5 238.7
293.7 295.8 296.5 297.5 299.4 304 306.4 313.4 317.2 318.9 319.4 319.2 318.2 316.7 313.1 309.2 305.9 303 300.8 298.7 296.7 294.5 292.9 291.2 289.3 287.7 286.1 283.8 281.4 278.1 274.9 273.8 271.3 269.2 267.8 265.5 264.2 262.8 260.7 257.6 253.5 250.7 247.5 244.1 241.3 239.8 239.7 239.1 237.2 231.8 229.1 233 232.5 233.8 235.4 237.7 240 241.7 242.1 242.1 241.7 241.2 240.1 239 238.5 238.9 239.4 238.8 238.1 237.2 236 236.7 235.3 234.5 230.2 235.2 238.1 239.8
290.9 293 294.8 296.6 298.4 301.4 305.6 311.8 318.1 318.6 318.7 318 317.1 315.6 312.6 311.6 307.9 305.2 302.2 299.3 297 295.3 294 292.3 290.7 289.2 287.6 286 282.8 278.9 277.5 275.1 273.2 271.6 269.4 267.6 266.3 264.6 262.2 260.1 256.9 254.4 250.7 247.3 244.6 241.8 238.1 236.3 236.2 233.9 230.2 227.8 230.5 231.6 234.1 236.7 239 239.8 240.1 239.6 239.3 238.6 237.6 236.5 236.4 236.7 237.1 236.5 236 234.7 234.4 234.1 233.4 230.5 232.8 236.9 239.8 242.9
285.1 286.5 293 293.5 297.8 301.5 305.7 313.3 319 318.5 317.9 317.6 316.2 315 313.8 310.6 307.3 304.5 301.7 299.2 297.8 296.4 295.1 293.1 291.4 289.8 288.3 285.4 282.4 281.9 280.3 278.7 276.4 274.2 273.2 270.9 269.6 266.7 264.5 262.2 259.9 258.1 253.6 249.7 245.9 243 240.1 237.3 233.8 232.1 227.1 226.2 228.8 229.5 231.9 234.3 236.1 237.3 237.3 236.7 236.8 236.2 235.1 234.8 234.7 234.9 234.8 234.4 233.9 233.2 232.2 230.7 228.8 231.4 235.8 237.9 240.9 245.3
272.8 282.5 286 294.5 298.2 301.5 306.3 313.8 319.5 319.6 318.5 317.5 317.1 317 314.5 310.2 307 302.9 301.2 298.9 298.2 297.5 296 294.1 291.9 289.3 287.9 287.1 286.4 284.7 283.1 281.7 280.1 279.1 277.5 276 274 270.6 268.2 266.4 264 262.1 257.9 253.8 247.5 242.5 239.2 236.6 234.3 231.5 228.1 224.8 226.6 226.7 229.2 231.6 233.1 234.4 234.3 234.5 234.4 233.8 233.4 233 233 233.3 232.8 232.3 231.7 231 229.3 226.9 231.5 233.7 236.4 239.3 242.6 247.8
277.6 286.3 292 295.4 298.6 302.1 306.7 310.9 316.1 317.8 318.1 318 317.8 317.7 315.8 311 307.2 304.1 301 298.8 298.1 297.5 296.4 294.7 292.9 291.5 290.3 289.7 288.7 287.4 286.3 284.9 283.4 281.8 280.7 279.4 279.1 275.3 274.7 272.4 268.8 266.4 261.1 254.9 248.8 245.1 240.5 236.6 232.9 230.4 228.2 224.4 225 225.5 226.7 229.4 230.9 232.4 232.5 232.3 232 231.8 231.8 232.1 232.1 231.3 230.8 230.4 230.1 228.2 226.8 231.2 232.4 234.9 237.8 240.9 246 251.5
280.2 287 292 295.9 297.7 301.7 304.9 310.5 313.9 315.6 316.5 317.8 317.6 316.9 314.6 310.4 307.6 304.5 301.3 299.2 298.6 297.3 296.4 295.4 294.3 294.2 293.2 292.9 292.6 291.7 291 289.7 288.5 286.2 284.3 283.7 282.7 280.6 279.7 278.6 274.5 268.9 263.9 257.2 250.8 247.1 242.6 236.7 233 230.1 227.6 225.5 222.8 222.9 222.5 226.7 228.8 229.4 230.6 230.9 231.1 230.1 229.9 229.9 230.2 229.3 228.9 229 225.8 226.7 230.1 231.7 234.3 237.4 239.8 243.7 249.5 254.7
279.4 284.3 289.1 293.1 295.1 299.4 303.7 307.5 309.4 314.5 315.9 316.6 316.5 315.7 314 311.2 308.1 305.1 302.3 300.1 298.1 297.4 296.3 296.3 296.8 296.9 296.3 296.5 296.9 296.7 296 295 293.7 291.7 289.9 288.9 286.6 284.8 284.1 282 277.5 272.5 265.9 259.2 254.3 249.7 245.2 240.2 235 231.1 228.9 226.5 223 222.2 221.4 219.9 226.5 227.8 228.5 228.1 229.5 229.6 229.1 228.7 228.8 227.8 227.7 224.1 226.1 229.6 231.3 233.9 236.5 238.9 242.1 248.6 254.8 261.1
275.5 279.2 284.9 289.3 292 296.7 299.8 304.9 311.1 312.7 313.6 314.1 315.4 315 312.7 310.3 307.3 304.5 302.3 300.3 298.8 298.6 298.7 298.7 299.2 299.8 300.1 300.3 300.5 300.3 299.8 299.3 298.5 297 294.9 292.9 290.8 288.1 285.2 282.7 277.9 273.5 266.6 261 256.2 252.1 246 239.9 236.9 232.9 230.4 227.9 226.5 224.1 221.5 220.2 219 225.9 226.9 226.8 226.5 227 227.6 227.5 227.4 226.3 223.7 223.7 228.5 230.7 232.6 234.6 237.5 240.9 246.5 253.5 260.2 267
270.4 273.4 279.5 285.2 289.9 294.2 299.3 304.7 307.3 309.3 310.7 312.1 313.2 311.8 310.3 308 306.6 304.5 302.5 301 299.9 299.9 300.4 300.6 301.9 303.1 303.2 303.6 303.5 303.5 302.9 302.7 301.9 300.6 298.9 296.8 294.5 291.2 287 281.9 277.5 271.7 267.3 262.5 258.1 252.3 249.1 244 239.3 235.6 232.1 230.3 228.1 226.6 225.4 224.1 218.2 220.3 224.8 225.1 224.8 225.2 225.2 225.3 225.2 223.8 220.5 225.9 227.8 229.9 231.9 234.8 238.5 244.6 251.8 258 265.1 271.5
267.3 274.2 279.7 285.5 289.2 293.7 297.8 299.4 303 305.1 307.5 309.6 308.9 307.5 306.1 306.7 306.5 305.7 303.9 302.4 301.1 301.4 301.5 303 304.3 305.2 305.2 306.3 306.5 306.4 306.4 305.9 305.1 303.8 302.2 299.9 297 293.4 288.1 281.9 276.8 271.5 267.5 263.7 260.8 257.2 251.5 247 242.8 238.4 234.9 232.7 229.9 227.5 226 224.6 220.9 218 220.3 222.3 222.2 222.4 222.6 222.8 222.3 219.6 223.1 226.3 228 229.5 232 235.3 240.8 248.1 254.8 260.8 267.3 273
268.3 274.2 278.8 283 285.6 288.5 293 296.2 299.7 302.9 305.1 304.4 303.6 303.9 303.8 304.9 304.7 303.3 302.7 301.9 301.5 302 302.8 304.7 307.8 309.5 309.2 309 308.6 308.4 308.6 308 307 305.9 304.1 301.8 298.4 294.5 289.4 283.6 277.5 272.4 269.2 266.3 261.8 259.4 254.5 250.2 245.3 241.4 238.1 235.1 232.2 229 227.4 225.6 223.3 217.9 216.4 219.3 219.5 219.6 220.1 219.3 217.4 217.9 224.7 226.3 227.5 229.3 232.2 235.9 241.7 248.3 254.4 261 266.6 271.7
265.4 271.1 276.5 280.3 283.3 286.3 289.1 291.9 296.8 300.2 300.4 299.6 299.9 298.9 301.4 302.4 301.8 301.8 301 300.5 300.6 301.3 303.2 305.8 308.8 310.9 311.5 311.1 310.7 309.9 309.7 308.5 307.6 306.1 303.9 301.8 298.7 295 290.5 285 279.8 274.8 271.1 267.4 264.5 261.1 257 253.4 248.4 244.2 240.7 237.4 233.8 230.7 227.9 225.6 223.3 219.9 216.3 215.6 217.8 217.9 217.7 214.7 217.3 222.4 223.9 224.4 225.9 228.5 232.1 236 241.3 247.3 254.1 260.9 266.4 271.1
264.8 269.9 273.4 276.6 279.2 282.1 285.9 290.3 292.6 297.4 295.2 296.2 296.4 296.5 298.1 298.1 298.9 299.4 298.8 299.1 299.4 300.6 302.7 305.8 308.9 311.3 312.9 313 312.3 311.7 310 309.1 307.9 305.9 303.7 301.3 298.3 294.7 291.1 286.4 281.3 276.7 272.6 268.7 265.4 261.5 258 253.8 249.7 245.9 242.1 238.1 234.3 231.5 228.3 225 222.3 219.5 215.9 214.7 214.8 215.9 215.6 214.8 219.1 220.6 221.9 222.7 224.6 226.8 231.3 235.9 241 247.4 253.3 259.2 265.6 271.5
262 265.1 270.1 273 277.1 279.3 282.8 285.5 290.2 291.1 291.3 291.9 292.9 293.2 293.9 294.7 295.2 296.2 296.6 297 297.1 299.1 301.3 304.5 308.3 311 312.3 312.6 312.1 311.7 310.9 309.2 307.9 305.6 303.3 300.6 297.6 294 290.8 287.2 282.7 277.7 273.5 269.7 265.8 262.2 257.8 253.3 248.8 244.8 241.6 237.7 234.1 230.7 226.9 224 221.1 218.6 217.1 214.4 213.1 214.2 214.2 216 216.9 218.9 220.3 221.7 223.5 226.2 230.4 235.2 239.9 244.1 252.8 259.3 265.3 271.6
262.3 264.7 266 270.3 273.2 276.4 280.4 283.2 286.8 286.9 288.1 289.3 290.2 290.3 290.1 291.3 292.3 291.8 292.7 293.8 294.7 296.9 299.3 301.9 304.8 307.7 309.4 310 309.9 309.8 309.5 308.6 307.8 305.1 302.6 299.8 297.3 294.7 291.1 287.5 283.2 278.2 274.3 270.4 266 261.5 257.5 253.3 248.9 244.8 241.2 238 234.8 231.5 228.2 224.5 221.7 218.7 216.1 215 212.8 212.6 211.9 214.8 216.2 217.4 219 221.8 223.4 225.3 229.9 234 239.1 247.6 254.6 260.8 266.7 271.4
259.6 261.8 262.4 263.3 267.4 272.9 277.1 279.3 280.3 282.9 284.9 285.7 286.9 287 287.5 287.8 286.8 284.9 289 290.8 292.5 294.9 296.5 298.9 301 302.7 304.1 304.5 306.7 307.4 308 308.3 307.6 304.9 301.7 298.8 296.2 293.1 289.5 286.4 282.4 278.2 273.8 269.5 265.1 261.1 257.3 253.1 249.4 245.5 242.1 239.2 236.3 233 229.5 225.8 222.1 219.2 216.4 215.3 213.3 212.1 211.9 213.9 215.7 217.3 219.2 220.4 223.2 225 229.7 234.3 241.7 250 256.5 262.4 267.7 272.6
255.6 258.1 259 259.5 261.7 266.1 271.6 273.9 276.7 279 282 282.6 283.1 282.6 283.8 282.7 283.2 284 285.1 286.9 288.9 292.3 293.7 295.8 297.1 298 299 299.7 301.9 303.2 304.5 305.9 305.3 302.9 300.4 297.7 294.5 291 287.6 283.3 280.3 276.4 272.4 268.5 263.6 259 255.4 251.6 248 245.4 242.6 239.8 236.7 233.6 229.9 226.3 223 219.8 217.1 214.7 212.9 211.5 211.4 214.3 216.6 218.1 219.5 221.1 223.2 225.6 229.4 234.9 243.4 250.5 257.3 263 268 273.2
254.4 254.1 256.1 256.1 258.2 261.9 266.5 269.5 273.3 276.4 278 279.8 279.8 280.3 280.4 280.8 280.8 281.3 281.1 284.1 286.8 288.3 290.3 292.1 293.4 293.5 294.8 296.1 297.4 299.6 300.1 300.6 298.9 298.5 296.8 294.5 291.9 288.7 284.7 280.5 276.4 273.5 269.6 265.9 261.9 257.1 253.4 249.6 247 244.4 241.8 239.2 236.6 233.3 230 226.3 222.9 219.5 217.2 215.6 211.8 211.1 210.6 217.3 218.6 219.7 221 222.3 224.1 226.9 230.3 235.3 241.3 249 256.3 262.3 267.7 273.6
252.9 251.8 253.3 253.8 255.4 258.1 262.6 267.3 269.7 271.2 275.5 277.2 277.8 278.4 277.9 278.9 277.9 278.7 279.1 281.3 283.9 286 288.5 288.5 288.8 289.8 290.8 292 294 297.2 297.9 297.3 296.7 296 293.8 291.7 288.6 285.6 282.1 278.5 274.5 270.9 266.9 263.1 259.6 255.7 251.9 248.3 245.8 243.5 241 238.4 235.7 232.5 229.2 225.9 222.5 219.7 217.8 216.3 210.8 209.9 215.4 219.3 220.3 221.4 222.7 224.4 225.8 228.6 232.2 235.8 241.1 247.6 255.4 261.5 268 275.4
251.3 250.8 250.6 251.8 253.9 255.2 259 264.5 268.1 270.7 273.9 275.9 276.7 277.8 277.9 277.7 276.4 276.7 278 280 279.7 282.2 285.4 283.9 284.7 285.8 287.4 288.4 290 292.4 294 294.4 294.6 293.2 291.7 289 286 282.5 279.3 276 272.6 268.5 264.4 260.5 256.4 253.5 249.4 246.9 244.5 242.4 239.8 237.2 233.9 230.2 226.5 223.4 220.5 217.2 214.7 215.1 209 214.2 219.4 220.4 221.7 223.1 224.8 226.8 228.4 230.8 234.3 237.8 243.8 250.2 256.2 262.3 269.2 283.1
250.5 250.1 250 250.2 251.3 252.8 256 262.2 268 272.2 275.2 278.5 279.3 279.1 279.1 279.1 277.1 275.7 276.2 278 277.7 277.8 279.9 279 279.6 281.1 283.3 285.2 286.5 288.6 291.2 292.1 292.8 291.7 290.5 288.3 285.3 282.2 278.2 274.5 270.2 266.3 262.2 258.1 254.3 251.2 248.1 245.8 243.1 241.8 240.1 237.7 235.3 232.1 228.5 224 221.6 219.5 217.1 209.2 209.1 219.7 220.8 221.1 222.6 224.2 226.6 228.9 230.6 232.9 236 239.6 244.4 250.5 256.9 264.4 278.4 289.1
249.6 249.5 248.6 249.6 250.7 252.3 255.8 260.7 266.3 270.9 275.1 277.7 279.4 280.3 280.6 280.4 278.2 275.9 274.5 275.3 275.4 274.6 275.3 273.8 274 276.6 278.9 281 282.7 284.5 287.8 289.9 290.7 290.5 289.1 287.3 284.3 281.2 278.1 274 270.2 266.9 263.2 259.2 255.8 252.4 249.2 247.1 244.7 242.9 240.9 238.5 235.9 232.3 227.9 224 220.7 218.6 217 208.4 209.4 218.6 220.6 221.8 223.1 225.1 227.7 230.2 232.1 234.7 237.7 241.3 246.4 252.6 259 271.8 285.7 291.1
250.8 251.2 247.6 247.6 249.2 251.3 254.2 257.9 263.2 268.1 272.4 276.2 278.8 280.4 280.7 279.4 278 276.1 273.9 272.9 272.5 271.9 270.4 269 270.1 271.6 274.1 276.4 277.5 281.5 285.4 287.3 288.7 289 287.6 285.8 283.1 280.2 277.3 274 270.8 267.6 264 260.2 256.9 253.7 250.9 248.5 246.5 244.4 241.4 238.2 234.5 230.7 226.8 222.6 219.8 217.6 215.9 207.4 208.3 217.4 220.7 222.1 223.6 226 228.6 231.1 233.5 236 240.9 246 251.4 257 266.2 280 288.9 291.6
