app/static/ascii/NY90.asc
ncols 200
nrows 200
xllcorner 390000
yllcorner 500000
cellsize 50
[rows 140 to 174 of 200, columns 78 to 155 of 200]
551 561.7 570.3 575.1 579.6 583.3 582.9 586.1 587.9 588.1 587.8 588.3 586.6 583.5 582.6 581.3 578.9 575.5 572.8 570 566.7 568.5 567.7 567.7 565.9 565.2 562.5 557.2 552.3 550.3 549.1 547.5 545.3 542.6 540.6 537.9 534.9 531.2 533.4 534.3 537.4 539.6 541.5 543.8 546.1 549.1 553 556 557.6 559.1 560.9 562.6 563.4 563.8 563.9 565.2 565 567.8 568.4 567.7 566.7 565.1 564.4 563.7 562.1 560.4 559.5 558.8 559.1 556.7 553.8 553.7 554 552 549.6 546.2 542 538.2
545.4 555.8 562.2 570.6 579.1 584.2 586.1 588.2 588.4 590 588.8 589.1 588.1 584.8 582.5 579.7 579.8 578.2 573.8 573.6 570 572.8 572.2 572 570.4 568.2 563.8 558.1 553 551.4 549.9 548.1 546.2 544.6 540.9 538.1 536.9 534.9 533.6 534.2 536.6 538.6 540.8 543.8 546.6 550.1 553 555.3 557.3 559.9 561.8 563.9 565.1 566.3 567.2 568.9 570.4 572.4 572.1 571.9 571.7 570 569.4 567.7 566.6 564.9 564.6 563.8 563.5 561.2 558.6 556.6 554.5 553.1 549.7 549.5 548.5 544.7
544.1 550.8 559.1 566.3 573.7 583.3 587.2 589.9 590.4 591 591.2 589.9 587.9 583.9 582.8 581.5 577.8 576 576.7 576 575.1 575.9 575.1 573.8 571.3 569.1 564.1 558.7 553.6 550.7 550.1 548.4 546.5 544.3 542.1 540.8 538.2 536.4 535 534.3 535.3 537.3 539.3 542.5 545.9 548.8 552.1 554.6 557.3 559.6 561.9 564.6 566.6 568.1 569.5 571.4 572.8 573.8 574.8 575.3 575.3 575 573.7 571 568.8 568.3 566.6 565.1 563.5 561.3 558.6 556.1 554.1 552.3 550.8 548.2 548.3 547.1
538 549.2 554.6 561.5 568.7 578.1 586.3 589.5 590.8 591.2 589.9 590 588.5 584.9 583.1 581.9 578.9 579.2 578 578.1 577.4 578.5 576.7 573.8 571.1 568.1 564.1 559.3 553.9 551.6 549.3 547 546.5 545.4 543.1 543 540.6 537.6 534.4 533.8 534.2 535.5 537.6 540.6 544.6 548.7 551.8 554.4 556.3 558.7 561.8 564.9 567 568.5 571.1 573.1 574 574.9 576.3 576.4 576.7 575.5 573.9 572.2 570.9 569 565.6 561.6 557.9 557.6 555.9 552.9 551.3 550.1 548.2 546.2 546.6 547.4
527.2 545.7 553.6 558 565 572.3 581.4 587.7 589.7 590.2 590.7 590.2 588.3 585.2 582.7 582.5 581.1 580 579.7 580.2 579.9 579.6 577.3 573.4 571.3 567.9 563.1 558.9 555 553.5 550.3 547.3 545.6 545.1 545.7 544.8 542.1 538.2 534.4 533 533.1 534 535.4 538.9 543 546.7 550.7 553.9 556.3 558.4 561.3 564.9 567.4 569.9 571.9 574 574.9 575.9 577 577.9 578 576.5 576 574 571.9 569.2 566.5 561.5 556.1 551.3 553.1 550.2 546.9 546 544.7 543.5 543.3 543.7
515.7 537.3 551.5 557 561.9 568.7 575.5 582.7 588.2 589.4 590.2 589.8 586.2 584.5 581.5 580.9 582.2 581.7 580.5 581.4 581 579.7 577.1 574 571.7 568.5 564.1 561.6 559 554 549.9 547.8 546.9 546.1 546.3 545.9 543.3 538.6 533.9 532.2 532 532.5 532.9 536.6 540.4 544.5 549.2 553 555.8 558.4 560.2 563.5 566.7 570.4 572.6 574.2 575.3 576 577 578.6 579.2 579.8 580.2 578.1 574.2 568.8 564.6 559.6 554.2 548.4 545.9 545.3 543.6 540.7 539.5 538.7 538.8 539
500.7 529.8 546.9 554.7 559.5 564.7 569.5 576.7 584.2 588.8 589.9 589.1 585.1 582.1 583.5 584.1 582.9 582.2 582.7 582.7 582.4 582.3 579.6 575.3 572.3 569.6 567 564 560.4 555.8 552.8 549.9 548.1 546.8 547.3 547.2 543.2 538.1 533.5 531.2 529.9 531 531.5 534.1 538.4 542 547 551.6 555 558.2 560.7 562.7 565.7 570.7 572.3 574.1 575.1 576.2 578.3 581.1 582.3 583 582.1 580.6 578 570.6 563.3 559 555.3 550.2 550.8 550.6 540.9 536.5 535.1 532.4 533.2 533.8
497.7 523.4 537.5 553.1 557.3 561.7 566.9 573.8 581.2 588.4 589.9 588.7 585.4 584.4 583.5 585.1 583.5 584.3 583.8 583.9 584.1 583.7 580.9 576 574.2 572 569.4 565.7 561.8 558.8 554.5 550.9 549.3 548.6 548 546.3 541.6 536.5 532.9 530.7 527.9 529.2 529.9 531.2 535.7 539.4 545.3 550.1 553.7 557.2 559.8 561.9 565.2 569.1 571.5 573.7 574.7 576.2 578 579.9 581.8 581.6 580.3 578.2 574.7 570 564.5 559.2 554.8 553.7 554.9 552.2 546.3 540.6 534.7 529.1 527.3 526.6
487.2 505.8 536.1 547.8 556.8 561.5 566.8 573.7 581.1 587.9 590.7 589.9 586.4 583.6 585.5 585.8 585 585.4 584.7 584.6 584.6 583.8 581.6 577.3 575.7 574.1 571.2 567.7 563 559.8 556.5 553.3 551.2 549.4 547.5 545.3 540.1 533.7 529.6 528.3 527.2 527 528.2 528.9 532.5 536.3 541.6 547.1 551.5 555.3 558.1 560.5 562.6 567.3 569.5 571.7 573.5 575.1 576.4 578.1 579 579 578 575 572.2 569.1 566 562.9 559.3 557 554.9 550.1 546.3 542.1 535.8 531.1 525.7 520.4
476.9 502.9 530.7 545.8 556.4 561.6 567.4 575.3 579.9 585.8 590.3 590.9 586.6 587.2 587.2 586.4 586 586.3 585.4 584.3 584.1 583.8 581.3 578.4 577 575.4 571.3 568.4 564.4 561.9 556.9 553.8 551.9 549.1 546.1 542.4 536.5 529.2 525.5 524.6 523.5 523.3 526.4 527.2 529 532.3 536.9 542.9 547.3 551.4 554.6 558.1 560.4 564.5 567.1 569.8 572.9 574.9 574 575.6 576.4 576.3 574.7 573.3 571.5 568.6 565.3 562.3 558.7 555.3 556.2 548.3 544.1 540.2 536.5 530.4 527.5 522.8
480.3 504.3 524 541.1 554.3 561.5 568 574.8 579.5 583 589.4 590.6 588.5 589.2 588.8 588.1 588 587 585.6 584.4 583.4 583.1 581 578.7 577 574.1 570.5 568.3 565.6 561.9 557.7 554.2 551.8 548.2 544.4 540.8 531 526 522.6 521.5 520.1 522.3 523.7 524.3 526.8 529.6 532.1 536.5 543.2 547.6 551.9 555 558.4 561.7 564.4 567.8 569.5 571.3 574.2 574 574 573.7 572.8 573.5 570 566.2 563 560.2 556.4 552.8 550.9 545.9 541.7 537.3 533.7 529.4 526.5 524
473.3 502.9 520.5 539.1 550.8 562.1 567.5 574.9 577.2 581.5 586.6 589.5 590.1 590.4 589.7 588.5 588.1 587 585.1 584 583.2 581.9 580.2 578.1 576.2 573.4 570.8 568.5 566.5 562.4 557.9 553.5 551 546.5 541.2 538.5 532.5 524.6 519.5 519 518.7 519.1 519.9 520.8 523.6 526.3 528.8 533.6 538.1 543.5 548.5 552.5 556.3 559 562 565.4 567.1 569.2 570.8 570.5 570.6 570 569.8 567.7 565.5 562.4 559.2 555.5 553.4 549.9 546.5 542.8 538.8 536.6 532.2 528.2 525.8 523.5
476.9 502.8 512.7 530.8 549.3 561.7 567.2 573.1 578.9 581.6 584.5 586.7 588.6 590.2 589.2 588.8 588.1 585.6 584.2 583.1 582.3 580.6 579.6 578.1 576.3 573.5 570.9 568.6 566 563.4 559.6 555.5 553 548.6 543 537.7 532 524.4 517.1 516.8 516 516.5 516.8 518.6 521.8 523.6 527.6 531.6 539.2 540.9 542.9 550 553.2 556.4 560.3 563 564.7 566 568.1 567.4 567.6 567.8 567.5 565.6 563.4 560.4 557.3 553.5 549.8 546.6 543.3 540.1 537.5 534.8 531.2 527.7 525.1 522.8
482.9 500.1 511.8 524.2 547.1 560.6 567.6 572.7 579.7 580.9 583.7 585 586 587.8 588.6 588.8 586.7 584.6 583 581.8 580.1 580.1 579.2 577.6 576.2 573.9 571 568 565.7 563.7 561.5 557.5 553.8 549.4 544.5 539.3 531.1 524.7 518.9 513.7 513.2 514.9 512.2 516.3 519.7 523.1 524.9 530 533.5 536.9 540.6 547.2 552.5 554.6 558.7 560.8 561.8 563.1 564.6 566.2 566.8 567.2 567 565.2 563.1 560.4 557.2 553.2 548.6 543.7 540.4 538.2 536.1 533.7 530.9 527.2 524 521
487 507.9 512.6 521.2 545.3 558.3 567.3 573.4 578.4 581.9 583.5 584.1 584.7 586.6 587.8 587.7 586 583.6 582.1 580.9 579.7 578.5 578 576.7 574.8 573 570.5 568 566.2 564.5 560.1 556.5 553.3 548.9 543.5 537.9 530.1 524.5 517.6 513.9 508.1 510.6 507.3 513.1 516.6 520.5 523.7 528.1 532 536.1 539.4 545.4 550.5 553.4 556.7 558.5 560.3 561.4 563.1 564.6 566 567.2 566.9 564.8 561.8 559.1 556.2 553 549.2 544.5 540.8 537.7 535 532.7 530 526.6 523.1 519.9
489 508.5 517.8 523.6 546.4 556.6 566.4 574.1 578.2 582.8 583.7 583.9 584.5 585.6 586.5 586 584.2 582.3 581 579.7 578.1 575.4 574.9 574.7 572.8 571.1 569.6 567.5 564.8 561.2 558.3 555.6 551.8 547 541.2 534.4 529.8 524.6 518.4 514.2 510.6 503.7 506.6 511.3 514.6 518.7 522.8 527.1 531.2 534.6 538.2 543.6 548.9 552.2 555.4 557.6 559 560.1 561.8 563.5 565.9 567.2 565.3 562.8 560.3 557.8 555.3 552.3 548.4 545.1 541.5 538.1 535 532.5 528.9 526.2 522.7 518.9
491.9 508 518.5 534 547.8 554.8 563.8 572.8 579.3 582.9 582.9 581.4 581.9 583.2 584.2 583.6 582.5 580.8 579.4 578.1 576.7 575.7 574.6 572 570.7 569.5 568.1 565 562 559.5 556.8 553 549.2 543.7 537.5 530.5 527.9 522.3 517.3 512.8 509.6 506.1 502.1 509 512.8 517.6 521.2 524.9 529.6 533 536.2 542.8 547.6 550.2 553.9 556.6 558.1 558.8 560.6 563.6 566.3 566.8 564.6 562.4 560 557.4 554.4 551.8 548.8 545.1 542.1 537.8 534.7 532.3 529 525.8 522.5 518.2
494.4 508.3 520.8 537.5 548.5 554.8 562.3 571.7 579.4 581.9 581.7 581.2 581.8 581.8 581.8 581.3 580.5 578.9 577.3 576.4 575.2 573.3 572.4 570.6 568.8 566.8 564.7 562.2 560 557.2 553.1 548.7 545.5 540.5 534.1 529.7 526.2 520.2 516.9 510.4 508.6 504.4 499.4 507.4 511.3 516.4 519.8 523.5 527.9 531.4 534.4 541.5 545.8 549 552.4 555.2 556.7 557.8 559.9 563.4 565.8 566.9 564.8 562.4 560.2 556.7 553.6 551.4 548.7 545.5 542.9 538.6 534.9 532.4 529.8 526.4 523.1 520.5
502.3 512.4 523 539.5 548.9 554.8 562.5 570.3 579.4 579.2 578.4 579.7 581 580.9 579.8 579.9 579.2 576.6 575.6 574.3 573.7 572.6 570.2 566.5 565.2 564.5 562.5 559.2 555.2 551.9 548.9 545.3 542.5 538.9 534.1 530.5 527.2 523.4 517.7 511 506.4 502.3 498.5 504.8 508.8 513.5 517 520.7 526.5 530.4 534.4 540.4 544.2 548.1 551.5 554.2 555.6 556.6 559 562.4 565 566.1 564 562 560.9 560.5 555.5 551.8 549.1 547.4 544.2 539.7 535.5 533.2 531.4 528.5 525.4 522.7
506.3 516 524.6 540.4 550.1 555 561.9 571.7 578.4 577.7 578.6 579.3 581 580 579.8 576.7 578 575.8 574.1 572.5 571.9 570.8 568.6 566.4 564.2 561.8 557.9 553.4 549.3 546.5 544.5 542.6 540.9 538.7 535.8 531 525.3 520.3 514.7 509.8 505.3 500.1 492.2 501.3 508.2 512 516 520.6 525.3 529.1 532.8 538.4 543.5 546.6 550 552.7 554.2 555.3 557.5 560.3 564.3 565 563.4 561.3 560.3 560.1 555.1 553.1 551.1 548.3 545.6 540.8 536.8 534.6 532.8 530.6 527.1 524.3
509 517.2 523.7 539.9 550.6 556 560.4 570.1 577.3 579.7 579.5 580.9 580.5 580.1 579.3 577.7 574.6 574.8 572.2 570.9 569.9 568.6 566.8 564.6 562.5 557.1 552.3 548.1 545.5 543 541.6 539.5 538.1 534.9 531.1 527.2 523.1 517.7 511.8 506.7 502.8 497.6 489.7 497.2 503.4 510.7 514 517.6 522 526.7 530.9 536.1 541.5 544.9 548.5 552.1 553.4 554.2 555.9 559 562.1 564.1 563.3 561 559.3 556.7 556.3 554.5 552.3 550.3 547.7 543.3 540 537.3 534.8 532 528 525.5
510.1 517.6 524.7 537.9 548.2 556.3 560.7 566.8 575.4 578.8 580.2 580.3 579.7 579.1 578.1 576.6 574.2 573.6 570.8 570.1 568.7 567.6 565 562.4 559.3 553.9 547.6 544.8 541.2 540.5 538.4 535.6 533 529.8 527 523.7 519.4 514.6 509 503.8 499.8 494.5 492.7 494 499.3 506.3 511.1 514.4 518.6 523.6 527.6 534.3 539.1 543.3 547.6 550.8 552.6 553.5 554.6 556.5 559.3 561.5 562.6 561 559.9 558.7 557.8 556.5 554.8 553.4 550.6 546.8 543.1 539.6 536.6 533.5 530.1 528
510.8 520.1 525.9 536.3 547.1 554.7 560.2 564.8 572.8 575.6 578.7 577.9 577.6 577.4 576.4 574.5 573.2 571.8 570.2 568.4 568.1 565.7 561.6 558.4 555.5 551.7 549.1 545.3 542.4 538.7 535.1 533.1 529.7 526.3 522.2 517.2 513.1 509.2 505.3 499.5 496.1 493.4 485.1 493 496.3 503.8 507 510.1 515 521 525.8 532 537.5 541.7 546.9 549.9 551.1 553 553.3 554.8 556.8 558.4 560 560.7 560.5 559.9 559.5 558.4 557.3 556.2 553.1 549.2 545.4 542.1 538.6 536.2 534.3 532.5
512.1 519.8 526.3 533.9 543.8 552.6 559.2 564.2 567.9 572.8 574 574.5 575.3 574.7 575.2 570.9 570.2 569.9 569.3 568 565.9 563.3 559.3 554.7 552.7 550.1 547.2 543.9 541.4 538 533.6 526.8 523.5 518.9 515 510.3 507 503.9 499.7 496 492.5 488.7 482 490.4 494.4 498.3 502.4 506.8 511.2 517.1 522.7 527.9 535.6 540.9 545.6 548.5 551.4 552.2 552.7 552.9 553.6 555.6 557.3 558.9 559.7 560.3 560.4 559.9 559.2 558.1 555.1 551 547.4 544.3 540.7 538.8 536.8 534.8
511 519 526 532.1 540.7 550.1 557.3 562.3 565.6 568.9 571.8 573.3 573.5 573.1 571.8 568.5 568.2 566.5 566.3 566.6 564.6 560.5 557.4 553.2 549.9 547.7 544.2 541.4 538.6 534.9 528.1 515.4 511.6 508.3 506.2 504.9 502.5 500 497 493.5 489.9 487.5 484.2 485.9 487.2 488.6 496.6 500.5 506.4 512.5 519.6 523.3 528.1 537.9 544.8 547.3 549.6 550.8 551.2 551.4 552.3 553.7 555.1 556.6 557.5 558.2 559.6 560.1 559.7 559.7 556.5 552.5 548.9 545.7 543.1 541.2 539.3 538.3
509.8 518.1 524.5 531.3 537.7 546.7 554.6 559.6 563.5 566.8 569.7 571.6 571.2 571.7 569.9 567.4 565.5 563.4 562.2 561.3 559.6 557 555.4 553.3 549.4 546.9 546.3 544.8 541.3 536.4 529 522.2 516.6 510 505.4 500.3 498.7 497.7 494.9 491.4 488.7 485.9 483.4 477.1 481.8 485.3 486.9 491 501.4 506.9 513.3 520 524.6 529.5 540.8 545.2 547.8 548.9 549.6 550 549.8 551.5 553 554.1 554.9 555.3 555.3 556.9 557.4 557.1 555.2 552.4 549.2 547.3 545.1 543.3 541.9 541.1
508.3 517 523.8 530 536.2 543.3 552.2 557.1 560.8 564.7 567 569.5 570 570.2 568 568.4 568.3 567.8 566.8 566 564.1 560.8 559.2 557.9 555.3 554.3 551.7 546.5 542.4 537 531.8 526.4 521.5 515.2 508.6 504.6 496.4 493.8 491.5 489.5 485.6 480.5 477.8 475.3 473.9 480.4 482.6 483.9 493.3 501.1 506.3 512.7 517.8 522.8 526.5 535.2 543.3 546.1 546.9 547.5 547.6 548.8 550.3 551.3 552.2 552.6 552.9 552.3 552 552.8 552.2 551.1 550.1 548.7 546.7 545.4 544.1 544.1
503.8 513.1 521.1 528.3 536.2 543.4 550.2 555.1 558.1 561.7 564.5 567.7 570.8 571.5 571.5 570.9 572.4 571 569.9 568.4 566.5 563.2 560.9 560.1 558.8 556.7 553.7 547 542.8 539.2 534.1 529.3 522.4 513.1 504.7 502 500.2 501.7 499.3 494 491 485.9 481.7 478.5 470.3 474.6 476.1 476.1 480.4 491.5 498 504.5 509.3 513.3 518.9 522 530.5 539.1 543 543.8 543.9 545.2 547.6 548.9 549.5 549.2 548.8 548.2 548.9 549.4 549.1 549.3 549.8 549.2 548.1 547 546.6 546.5
483.2 505.7 516.3 524 531.1 538.5 544 551.1 554.8 558.2 564.2 565.7 570.9 570.5 572.1 572.4 572.3 571.6 571 570.2 568.8 564.8 562.6 561.6 560.5 558.5 554.3 548.1 544.7 540.4 534.7 529 520.8 509.8 507.4 510.1 513.5 510.6 505.7 503.1 497.1 490.1 483 478.1 477.5 467.2 475.2 475 478 484.5 488.9 493.3 501.9 507.5 510.2 515.6 519.8 532.4 538.2 540.4 541.1 541.9 543.2 545.4 546.4 545.9 545.9 545.9 545.9 546.4 547.3 548.1 549.3 549.2 549 548.7 548.4 548.7
470.1 484.8 505.7 511.8 524.3 523 539.2 544.8 548.1 555 559.9 563.3 566.7 569.5 571.4 571.3 571.5 570.9 570 568.7 566.8 565.4 563.3 562.6 561.5 558.9 553.7 548.1 543.8 539.5 533.2 525 515.1 519.6 519.5 519.6 519.1 514.5 510.7 504.7 498.1 496.3 490.3 483.9 477.1 473.6 466.6 468 473.5 479.3 483.3 488.1 493.6 500.3 504.6 508.6 512.4 523.8 532.7 536.7 538.2 539.2 540.1 541.2 541.7 543.1 543.3 544 544.2 544.9 546 547.6 548.9 549.4 549.6 549.7 550.6 550.9
452.9 465.6 479.1 499.6 509.8 524 527.7 520.9 546 551.7 557.1 561.8 565.3 567.3 569 570 569.7 569.6 569.1 567.8 566.1 565.5 564.1 562.8 560.3 556.6 552.4 546.6 539.4 531.9 523.7 523.5 530.6 530.2 528.2 527.1 523.1 517.4 514.1 508.9 505.4 498.5 492.6 488.6 481.4 474.8 471.6 462.5 465.8 474 478 483.5 488.6 493.7 498.9 501.2 505.3 511.9 519.7 529.3 533.3 535.7 537.7 539.4 539.9 540.8 541.7 542.3 542.8 543.6 544.9 547.1 548.4 549.2 549.5 550 552.3 553.1
431.5 451 473 487.6 502.2 508 506 530 537.7 548.7 554.2 559.6 562.6 564.2 564.2 566.6 566.4 565.2 564.6 565 563.1 562.7 562 559.6 557.1 551 547.4 544.8 537 533.7 533.5 535.1 535 539.5 537.2 533.3 528.6 523.1 518.5 512.1 507.9 501 494.1 487.7 482 472.9 469.7 469.7 463.8 459.5 473.3 477 486.4 489.7 491 494.1 499.1 506.8 514 518.4 528.5 531.9 535 536.4 537.6 538.7 539.1 541.4 541.8 543.3 543.9 545.7 546.9 548.3 549.8 551.6 553.7 555.3
421.7 440.5 463.9 470.4 473.8 491.7 512.7 521.9 529.5 540.2 550.7 556.1 559.6 561.3 562.4 563 563.9 563.3 562.8 562.2 560.4 558.3 556.6 554.1 550 548.3 545.1 540.6 544.5 546 543.1 544.8 543.7 542.3 539 535.1 531.3 525.7 520.2 511.4 507 498.8 492.4 485.7 479.4 473.5 470.4 466.9 464.3 458.2 465.8 470.5 477.7 483.1 486.8 490.2 496.3 499.7 504.9 510.3 519.9 525.9 528.8 532.4 533.1 535 536.8 539 540.1 542.1 543.3 545.1 547.6 549.8 551.3 553.6 555.4 556.9
412.4 428.3 445.4 460.4 487.4 499.4 511.3 515.3 521.5 533.2 544.7 552.7 557.2 559.1 559.9 560.7 559.9 560.5 559.4 558.5 557.8 555.2 553.1 550.2 547.6 548.5 549.1 550.3 550.3 550.4 549.9 549 548.2 545.9 541.6 536.2 531.3 525.7 520.5 514.9 508.4 501.8 491.9 484.8 479.6 476.2 471.2 465.2 460.1 452.3 457.9 464.1 471.3 478.1 483.4 487.8 490.9 495.5 499.4 502.6 506.1 511 511.7 511.9 515.6 522.6 530.8 534.2 536.6 539 541.6 544.4 547 549.6 551.8 554.6 556.9 558.5
402.1 416 438.4 453.9 479.9 493 497 513.3 518.8 526.1 539.6 549.2 554 557.2 558.5 559.8 560.2 559.8 558.7 556.8 554.4 551.5 549.8 553.6 555.9 556.2 556.6 555 555.9 555.2 553.6 553.5 550.6 548.6 544.8 540.1 533.6 526.5 522.8 517.4 510.7 503.7 496.5 488.1 481.7 480.5 474 468.1 461.5 455.6 450.3 457.3 464.7 470.4 476.4 481.2 485.3 489.1 493.9 495.5 496.8 498.4 500.2 500.5 504.8 506.2 513.8 519.1 522.3 529 532.3 536.8 542 546.2 550.2 553.6 557.1 559.7
