app/static/ascii/NY91.asc
ncols 200
nrows 200
xllcorner 390000
yllcorner 510000
cellsize 50
[rows 70 to 104 of 200, columns 78 to 155 of 200]
401.6 399.8 399 398 397.2 395.3 397.9 400.4 400.6 401.8 404.6 408.2 410.9 411.2 412.5 413.9 415.3 416.6 417.8 418.3 418.2 416.4 414.4 412.3 411.8 411.2 411.2 411.1 411 411.2 411.2 409.2 406.2 402.8 401.3 399.9 397.7 395.8 393.8 392.4 391.2 389 387.3 383.9 380.9 381 380.7 379.5 375.8 371.3 367.9 365.4 361.9 360.1 361.4 360.8 360.9 360.7 359.9 356.7 353.2 350.1 348.8 346.6 345 342.8 341.2 340.6 340.9 339.5 336.8 333.4 331.4 330.2 330.1 329.4 329.1 329.3
403.7 402.4 400.7 400.1 400.8 400.3 399 399.7 400 402.8 406.2 409.4 411.2 412.4 413.8 414.9 415.9 417 418.3 418.8 418.4 416.9 414.3 412.1 411.6 411.2 411.2 411.2 411.2 410.5 408.7 407.4 404.7 402.3 400.4 398.8 396.5 394.5 392.6 391.7 391.5 391.1 389.7 386.8 382.2 380.9 380.4 379.7 374.8 370.7 368.4 366.8 364 362.8 364.1 366.3 365.3 362.2 361.1 359.2 355 351.4 349.1 346.3 342.2 340.7 340.2 339.9 339 336.4 334.2 331 329.3 329 329.5 329.2 329 329.8
405.7 404.7 404 403.6 403.6 402.6 400.6 400.1 400.8 404.7 407.6 408.8 410.9 412.4 413.4 414.7 416 417.2 418.5 418.9 418.4 416 413.4 411.6 411 410.3 410.3 410.5 410.2 407.7 405.3 403.3 401.1 399.8 398.9 397.6 395.3 393.3 391.7 391.2 391 389.8 388.4 386 381.7 379.3 378.9 378.5 374.1 371.2 369 369.6 368.5 368.2 368.5 369.3 366.7 362.1 360.7 359.8 354.4 350.8 348 342.7 339.9 339.7 339.4 339.2 337 334.8 332.5 331.2 330.3 330.4 330.8 331.3 331.3 331.3
407.7 407.1 407.2 407 407 406.4 404.5 404.4 404.9 406.9 409.3 409.6 411.1 411.8 412.7 413.9 415.2 416.5 417.8 418.3 417.1 414.8 412.7 410.8 410.9 408.9 409.1 409.2 408.6 405.4 401.1 399.6 399.7 398.3 397.7 397.6 395.2 392.3 390.3 389.4 390 389.3 387.2 384 381 380.4 381 379.3 375 371.1 370.7 371.1 370.8 367.8 366.5 366 363.1 360 357 354.3 349.1 346 341.6 339 339 339 339.1 339.1 337.8 335.5 333.1 331.1 333.8 332.8 331.3 331.3 331.3 329.5
409.8 409.9 410.4 410.4 410.3 409.6 408 408.4 408.4 410.7 411 411 411 411.2 412.1 413.1 414.4 415.7 416 417 415.9 413.6 412.4 410.2 409 409.2 409.1 409 408 403.6 400.3 400.1 398.2 396.8 396.4 396.4 395.4 393 390.6 390 389.2 388.9 385.5 383 381 381 381 378.1 373.7 370.6 370 368.8 367.9 363.9 360.9 361.4 360.3 356.8 351.8 349.2 345.7 340.3 339 339 339.3 340.2 340.7 340.6 337.1 334.7 332.6 332.4 334.3 333 331.1 331.2 328.3 325.9
413 413.1 413.6 414.4 414.4 413 411.6 411.3 411.2 410.7 411.3 411.4 411.5 411.7 412 412.5 413.6 413.9 414.3 415 414.3 412.6 411.4 410.5 410.2 409.3 409.1 409.1 408.2 403.8 400.5 401.1 398.3 395.2 394.8 394.7 394.5 392.8 391 391.2 390.9 385.5 381.4 379.6 376.9 373.4 371.1 369.6 369 368.8 367.9 364.5 362.7 361.1 359.4 356.1 351.2 349.1 348.7 347.2 342.8 341 341 341 342.3 340.6 340.7 339.6 336 331.3 330.1 329.9 330.6 331.2 329.4 328 324.2 321.9
417.8 417 416.5 417.3 418.1 417.4 416.6 415.6 414.4 412.5 411.3 411.5 411.6 411.9 412.2 412.5 412.6 412 412.5 413.1 412.4 411.3 411.2 409.9 407.6 407 408.9 409.1 408.5 404.7 401.1 401.3 398.7 394.7 392.6 392.1 391 388.6 386.3 383.8 379 376.1 373 370.1 369.2 366.7 365.4 369.7 370.2 370.7 366.3 361 359.2 358.5 356.6 352.9 350.2 348.6 346.6 344.8 342.7 341.2 341.1 341.4 343.1 341.6 341.2 333.4 330.4 324 323.9 322.7 319.2 323.7 323.9 322.3 320.3 319.1
420.8 419.7 419.5 419.7 421 420.5 419.7 418.7 416.6 413.9 411.6 411.1 411.2 411.4 411.7 411.7 410.9 411 410.4 410.8 411.2 411.1 411.2 407.1 404.7 403.5 404.4 408 407.3 402.7 401.2 401.1 394.2 390.9 389.7 388.1 384 379.5 377.3 374.4 370.8 368.6 366.3 364.3 362.7 361.4 361.1 364.1 365.2 363.4 359.1 357.8 356.2 355.8 354.5 352.4 351.2 348.2 343.9 342.2 340.6 340.7 340.4 338.2 335.9 331.4 329.6 329.3 329 331.3 330.8 329.9 320.2 318.8 320.1 318.6 317.8 316.7
421.1 420.8 423.6 423.3 421.3 421.1 420.9 420.9 418.1 415 411.9 410.8 410.9 410.9 410.8 410 409.1 409.3 408.9 410.2 410.6 410.7 409.8 405.1 401.2 400.2 400.1 400.9 399.8 398.6 396.2 390.5 388.6 386.2 384 382.1 379.7 376.5 373.2 369.1 366.9 364.5 362.5 360.6 358.8 359 359 357.8 353.3 352.4 351.6 351.3 351.4 352 351.9 350.4 349.3 343.9 340.4 339 339 335.9 330.3 330.6 330.9 333.9 331.2 331.3 331 330.2 328.2 325.5 321 317.5 314.5 315.5 314.9 314.4
421.2 420.8 427.5 425.5 421.2 421.1 420.9 420.1 417.7 414.2 411.6 409.8 409.2 409.2 409.1 408.3 406.9 407.1 407.1 407.9 408 407.1 405.9 401.4 399.2 397.1 396.4 394.6 392.7 390.7 389.5 388 386.6 384.2 379.9 379.8 377.8 375.6 370.9 368.8 366.6 363.1 360.5 360.4 360.5 359.3 358.8 357.6 351.1 349.7 348.9 348.9 348.9 348.9 348.7 342.7 340.3 339.3 340.7 341.2 341.2 340.5 341.2 341.2 340.2 337.3 331.5 330.9 328.7 326.7 324.1 321.5 318.8 315.3 309.8 311.1 311.4 311.2
420.9 420.7 421.3 420.9 420.3 419.7 418.9 417.6 415.9 412.8 410 409 408.9 409.4 409.7 405.7 404.7 404.6 404.4 404.7 404 403.4 402.1 400.6 397.2 395.5 393.1 390.6 389.9 388.2 387.5 386.3 384.7 382 379.6 379.1 379.3 379.1 372.3 369.7 367.5 364.3 362 360.7 360.5 360.9 360.7 361 357.9 354.6 350.3 350.2 351.2 349.1 348.9 345 343.4 340.1 341.3 341.3 341.1 341.1 340.7 339.1 337.6 333.9 330.4 327.8 325.2 322.9 320.7 318.8 316.4 313.6 309.7 310.1 310.3 310.3
420.3 419.1 419.2 418.7 417.7 417 415.5 414.2 412.8 411.4 409.6 408 407.6 408.4 406 402.8 402.2 401.9 401.5 401.1 400.2 399.4 397.8 395.6 394.3 393.6 391.1 390.4 389.6 387.5 385.5 384.7 383.1 380.6 380.3 380.2 377.3 375.1 372.5 368.7 367.7 367.1 365.6 364.8 362.7 361.3 361.5 361.5 360.8 355.9 353.3 350.5 350.8 350.9 350 348.7 344.3 341 341 341.3 341.1 339.1 336.7 335.3 332.4 330.1 327.4 324.4 321.8 319.6 317.6 315.4 313.2 311.1 309 309.4 309.2 308.7
418.7 417 417 416 414.9 412.8 411.6 410.6 409.7 408.7 407 404.6 401.6 401.6 401.2 400.2 400.1 399.2 398.2 397.8 395.7 393.9 390.6 389.1 390.2 390.2 390.3 391.1 388.5 386.4 384.2 382.2 381.1 379.7 379 377.5 374.4 370.2 370.3 369.4 368.7 369.2 369 367.2 365 363.1 361.6 361.4 358.8 357.3 354.7 352.1 350.8 349 347 345.6 344 342.3 341.1 339.2 337.1 335.4 332.7 331 328.4 326.3 322.8 321 318.7 315.6 313.6 311.6 310.2 308.4 306.5 306.4 306.4 306.3
416.1 414.5 413.8 413 411.4 410 409.2 408.3 407.3 406.4 404.7 403.3 400.3 399.7 397.7 396.4 396.3 395.9 394.1 392.9 391.8 390 388.4 388 387.7 388.6 388.9 388.9 387.6 385.4 383.2 379.9 378.6 377.5 376.3 374.7 372.1 369.8 368.2 368 367.8 368.9 367.8 366.6 364.6 362.2 360 359.3 357.9 355.2 353.4 351.5 348.4 345.1 342.6 341.5 340.3 337.9 334.2 332.9 331.5 329.7 328.4 326.3 323.9 321.6 319.2 316.4 313.4 311.4 309.9 308.6 307.4 305.9 304 303.2 303.4 303.3
413.3 411.7 410.8 410.1 408.5 407.3 406.8 405.9 404.9 404 402.7 401.2 399.7 396.3 394.1 392.7 392.8 392.8 390.7 389.5 388.9 388.1 387.2 386.9 386.5 386.5 386.5 386.2 385.5 383.7 381.8 380.2 378.5 374.9 372.8 371.7 370.9 368.1 366.5 366.2 366.3 366.1 365.1 362.7 362 359.2 356.2 354.2 352.3 350.2 347.4 345 341.7 339.5 337.7 334.8 331.8 329.5 326.9 326.4 324.6 321.8 321.4 320 317.6 315.3 312.7 311.1 309.2 308 306.9 305.7 304.5 303.2 301.3 300.7 301 300.3
410.9 409.8 408.5 407 405.4 404.7 404.4 403.5 402.5 401.5 399.9 398.6 396.2 393.4 392 390.1 389.8 389.7 388 387.9 387.6 387.2 386 385.1 384.8 384.3 383.5 382.2 381.5 381.2 380.3 379.7 376.3 371.8 369.1 368.4 367.1 365.6 363.9 362.7 361.8 361.7 359.9 356.6 354.6 352.2 349.7 346.5 343.3 340.3 338 336.3 333.5 331.4 329.3 326.4 323.4 321.1 319.2 318.7 317.8 315.7 314.9 312.3 310.1 309.2 308.6 307.9 306.4 305.1 304.3 303.3 302.1 300.8 300 299.5 298.3 298.9
408 406.4 404.5 403.2 401.8 401.9 401.7 400.6 400.3 397.9 396.5 394.1 391.9 390.7 389.9 387.6 384.8 385.5 386 386.7 386.8 386.5 385.1 383.1 381.6 381.1 379.8 378.8 376.7 375 374.4 372.3 371.4 371.1 367 365 363.6 361.9 360.6 359.1 356.9 353.2 349.3 346.9 344 342.4 339.3 334.7 332.3 331.1 329.5 327 324.8 321.2 320.8 318.9 317.6 315.4 313.6 313.2 312.2 310.3 309 308 306.7 305.7 305.2 304.9 303.8 302.5 302 301.1 299.3 299.2 299.9 296.7 295 296
406.6 403.7 400.8 400.2 400 399 398.7 399.2 397.2 394.9 391.9 389.6 388.9 388.4 386.1 383 379.9 381.6 384.1 385.6 386 385.4 384 381.6 377.2 375.8 374.3 371.9 369.8 367.5 366.8 365.8 363.9 363.5 362.1 359.5 358.2 355.4 351.5 347.6 344.8 339.7 338.1 336.9 334.5 332.8 329.3 328.1 326.3 324 322.2 319.7 318.8 316.7 317.1 315.9 313 311 309.6 309 306.9 305.6 304.6 304.2 303.4 302.7 302.6 302.6 302.2 300.7 301.1 299 298.9 298.9 298.2 293.8 291 292.3
406.8 403.2 401.6 400.4 399.2 395.1 390.9 393.6 393.6 392.5 389.8 389.1 389.1 388.8 383.9 380.4 379.4 379.7 381.7 383.1 383.7 382.8 381 377.6 371.7 368.6 367.6 364.9 362.8 361.2 359.7 357.8 356.7 355 353.5 351.4 348.8 346.6 341.8 339.3 338.2 336.3 332 330.7 328.6 328.1 326 323.6 322.7 320.1 318 316.7 315.3 313.9 313.2 311.7 308.8 308.3 306.8 304.4 301.9 301.6 301.3 301.3 301 300.4 300.2 300.4 300.1 299.9 299 298.5 298.3 297.6 295.2 292 290 291.1
407.5 403.2 401.9 401.2 399.5 396.1 390.5 389 389.3 390.5 390.6 389 389.5 388.3 382.5 380.7 381 380.6 378.5 377.4 379.1 378.2 374.2 370.3 367.3 363.2 359.4 357.7 355.6 353.9 352.4 351 348.7 347.5 346.5 345.1 341.6 339.8 338.8 336.4 334.5 333 330.2 329 328.9 326.5 324.6 323.5 320.1 318.9 318.9 316.5 314.1 313.1 311.1 310.1 309.4 306.2 302.4 300.2 300 300 299.5 299.3 298.9 298.9 299 299.2 298.9 299 299 298.4 297.7 294.9 292.7 290.8 290.1 290.6
406 402.9 401.3 400.4 400.9 400.4 394.5 390.5 389 385.7 391.3 390.8 388.1 383 380.2 379.5 379.4 378.3 375.4 370.9 369.9 367.9 366.2 363.9 361 357.6 354.1 351.8 349.8 347.9 346.4 344.8 343 343.8 342.3 339.8 337.5 336.1 335.7 334.2 333.5 332 331 331.3 329.3 327 324.1 323.1 321.3 319.2 318.5 315.9 313.6 311.9 311.5 309.4 309.1 305.5 300.9 300 301.2 300 300 298.9 298.9 298.9 299 299.1 299.1 298.9 298.9 298.4 296.8 294.7 292.8 291.1 290 290.7
403.6 401.4 400 399.4 397.9 394.8 390.3 388.2 385.2 379.2 386.6 386.1 382.2 380.4 377.2 375 372.6 370.6 368.9 366.6 361.6 362.4 360.7 357.8 355 351.8 348.9 346.5 344.5 342.9 341.2 339.5 338.7 340.6 339.7 336.4 334.4 333.5 332.7 332.1 331.6 330.4 330.6 329.8 328 326.2 324.3 322.4 320.5 319.6 317.7 315.3 313.1 310.9 310 309.9 308.8 306.9 304 304.6 303.9 302.5 301.3 300.9 300.3 299.8 299.5 300.2 300.7 301 299.8 298.9 297.1 294.9 293.1 291.4 290.5 289.8
399.4 397.2 393.7 391.1 388.8 385.8 384.8 382.2 379.7 376.7 379.8 378.9 377.1 374.5 372.2 370.3 366.7 362.6 360.9 359.4 358 356 355.3 352.1 349 346.4 344 342.4 340 338.3 336.7 335.2 335.1 335.4 334.9 333.8 332.1 330.6 328.8 328.4 328.5 328.2 327.7 327.1 326.4 324.7 323 321.8 319.4 318.6 316.2 313.7 311.8 309.9 308.8 309.2 309.4 309.1 308.3 308.3 308.3 307.3 306.7 305.7 304.5 303 301.8 301.4 301.2 300.6 298.9 298.3 297 295.2 293.3 291.8 291.2 290.7
392.1 390.3 387.5 386.1 384.6 381.8 380.1 378.5 374.9 371.7 372 371.7 370.2 368.6 369.1 363.1 360 357.6 356.3 354.7 352.7 349.8 351 347.8 344.8 342 339.9 338 335.9 334.1 332.4 331.3 331.8 331.1 327.8 324.6 324.4 325.1 324.3 324 324.6 325.3 325.1 324.5 324.3 323 322.5 321.3 321 317 313.1 311.5 309.9 308.9 309.6 310.2 310.7 310.7 310.9 310.9 310.7 309.8 310.4 309.3 308.7 306.2 304.7 304.4 303.6 302.4 300.4 298.6 297 295.3 293.9 292.9 292.3 291.7
387.4 385.5 383.6 382.1 380.7 378 375.7 374.4 373.2 371 368.3 365.7 364.5 363.5 365.8 361.2 359 355.1 352.9 351.2 350.4 347.9 345.9 343.8 340.9 338.3 335.7 333.3 331.5 329.8 329.2 328.7 328.9 326.2 320.1 319.1 319.5 319.5 319.5 320.2 321.3 321.7 322.1 322.1 322 321.4 320.3 319.8 317.1 313.3 310.4 309.3 308.8 308.8 310.8 310.6 311.1 312.2 313 314.3 314.8 313.2 312.4 311.6 310.7 309 308 307.4 306.7 305 301.5 298.9 298.3 297.2 296 294.9 293.9 292.9
384.9 382.7 379.9 378.3 376.7 374.2 372.4 371.1 370.2 368.1 365.3 360.8 360.4 360.1 359.3 359.7 356.3 352.9 350.2 347.7 345.6 343.1 340.2 339.3 337.5 335 332.7 330.4 328.8 328.9 328.7 328 325.8 322.5 320.4 318.8 319.1 319.1 318.8 318.8 319.6 319.7 320.3 320.7 320.2 319.6 317.2 314.4 312.1 309 308.8 308.9 308.8 309.8 311 311.4 312.2 313.2 315.1 317.8 318.4 317.6 315.7 313.3 311.6 310.8 309 309.1 309 307.5 304.4 301.2 299.4 299.2 298 296.9 295.8 295.1
382 379.7 377.6 376 374.4 372.1 371 369.1 366.6 364.2 361.8 359.1 359.2 359.2 359.2 358.3 353.6 350.4 346.7 344.1 340.5 339.3 337.9 335.6 333.4 331.4 330 329 328.1 327.9 328 327.8 324.4 321.4 320.8 319.6 318.8 318.9 318.8 318.9 318.8 319.4 318.8 318.9 319 317.4 314.8 310.4 309.6 309.3 310.9 311.6 310.5 310 311.8 312.8 313.8 315 316.7 319.9 319.7 319.2 317.5 315.1 313 311.6 308.8 309.1 309 309 308.2 302.9 300.2 301.7 300.5 299.1 297.8 297.7
380.2 377.1 375.6 374 372.1 369.9 368.4 367.1 364.3 361.1 359.3 359.4 357 354.4 359.9 355.2 350.7 348.2 345 341.2 339.1 339.1 336.7 333.5 331.2 329.7 329.2 328.9 328.1 328 328 327.9 324.4 325.1 324.9 322.6 320.3 319.2 319.7 319.2 318.8 319.1 319 319.1 317.5 315.6 313.9 311.7 310.5 312 313 313.4 311.6 310.8 313.3 314.5 315.5 316.8 318.4 319.5 319.3 318.9 317.7 315.5 314.1 312.1 310.2 309.4 310 308.9 309 309.1 309 309.3 306.4 302.4 300.1 299.9
376 373.6 372.4 371.8 369.4 367.1 364.9 363.4 361.6 360.7 360.5 357.9 355 352.5 349.2 349.2 348.3 345.6 343 340.3 340.8 339.3 335.9 331.8 330.2 329.3 329 328.7 328.5 328.5 328.3 327.9 327.1 328.8 327.8 324.6 322.5 320.3 320.6 318.8 318.8 318.8 319.2 318.7 316.9 314.9 313.7 313.2 312.5 313.8 314.6 314.2 312.3 312.5 314.8 316.1 317.3 318.7 318.9 319.1 318.9 318.6 318 316 315.2 312.4 310.2 309.3 310.1 309.8 310 309.1 310.3 310.5 308.6 306.4 303.6 302.3
370.8 369.9 370.6 369.8 366.8 364.4 361.6 360.7 359.4 359.2 358.6 356.4 353.4 350.7 350.5 349 346.4 343.7 341.3 339.9 338.4 336.2 332.9 329.8 329.2 329.3 329.7 330.3 329.6 329 329 329.1 329.6 329.4 328.8 323.3 324.2 321.5 319 319 319 318.2 319 318.6 316.8 315 314 313.9 314 314.7 315.4 314.9 314 315.3 317.1 318.8 318.1 319 317.8 317.9 318.6 318.3 318.2 317.8 317 313.3 312.1 311.7 315.4 311 309.4 308.9 310.6 311.1 311 308.8 306.6 305.5
372.9 367.2 368.9 366 364 361.8 358.7 357.7 355 354.2 355.3 352.9 351.6 349.9 349.9 348.3 346.2 342.8 340.1 338.6 337.1 336.1 333.4 329.2 332.5 333.1 333.5 333.4 332.4 331.9 332.1 331.7 331 329.3 324 322.9 324.1 321.1 319.6 319.2 318.7 317.8 317 317 316.2 315.1 314.9 314.8 314.4 313.6 313.6 314.9 315.6 315.4 315.7 320.7 319.6 318.7 317.6 317.4 318.2 317.7 319.9 319.1 314.2 314.1 314.6 313.7 314 313.4 306.8 310.9 312 313.7 313.1 310.9 309.8 308.9
370.7 367.7 364.9 363.2 361.2 359 357.7 356.1 355 353.7 351.3 352.4 351 349.5 348 345.8 343.5 340.7 338.6 337 335.2 332.7 330.4 334.4 335.9 336.8 337 336 336.2 336.5 337.1 336 334.6 330.9 327.4 326.2 325.1 322.4 320.7 320.1 319.2 318.7 317.5 317 316.9 315.8 315.8 315.3 315.2 315.8 316.4 316.1 316.2 316.2 318.9 322.4 322.4 321.9 320.4 319.4 319.8 318.8 320.6 317.6 316.1 315.7 314.8 314.6 313.7 311 313.2 312.9 314.2 315.8 314.7 312.8 313.6 313.3
368.1 365.7 363.8 361.9 360.3 359.6 358.8 357.1 356.7 354 350.7 348.3 347.3 345.8 345.1 342.3 341.1 338.9 337.3 335.7 332.1 330.9 334.2 336.3 338.7 340 340.9 340.8 340.4 340.5 339.4 339.1 337.8 333.8 329.7 327.9 326.5 323.8 322.5 322.7 321.3 321 322.4 322.5 320.8 317.8 316.7 317.3 318.4 317.7 319.3 319 317 317.9 320.6 322.7 322.5 322.4 321.3 320.7 320.7 321.7 319.9 319 318.5 318 317.3 316.9 317.5 318.1 317.7 317 317.1 318.6 318.2 318.6 320 318.8
367.1 365.8 364.2 362.5 359.9 358.9 355.7 355.6 354.1 350.2 347.5 345.6 344.5 343 342.1 340.8 339.2 336.6 334.9 333.5 332.1 331.2 336.5 337.8 340.3 342 343.9 345 344.5 344.3 343.1 342 339.7 334.9 332 330.1 327.9 326.4 327.1 330.7 331.7 333.3 331.2 329.9 327.2 324.4 319.4 319.3 320.2 319.7 321 321.7 322 321.9 323.6 325.4 325.1 325.5 324.9 324.6 324.2 325 321.4 320.7 320.7 319.7 321.2 323.8 324.1 322.8 321.4 321.7 321.7 322.6 323.3 322.3 321.7 322
367.8 366.2 364.7 363.5 360.5 358.3 354.9 353.7 351 347.3 345.8 344.3 341.9 342.4 340.3 336.6 338.1 335 334.5 335.4 334.5 336.5 338.1 340.9 343.9 346.3 347.8 348.8 348.3 347.5 345.6 343 341.3 337.8 334.4 336.9 339 340.6 343 343 340.8 342.3 340.7 338.9 335.4 330.9 328.5 323.5 322.2 322.5 323.9 326.5 327.8 326.5 326.9 328.4 327.2 327.6 327.9 327.9 327.6 326.9 323.6 322.9 323.8 324.6 327.3 327.7 326.9 327.2 327.7 327.2 326.8 326.9 326.1 324.5 323.4 324.2
