app/static/ascii/NY93.asc
ncols 200
nrows 200
xllcorner 390000
yllcorner 530000
cellsize 50
[rows 35 to 69 of 200, columns 0 to 77 of 200]
298 297.6 297.3 297 296 296.5 295.2 291.1 286.6 286.4 285 283 279.6 281.3 281.1 280.9 280.7 281.4 282 282.3 283.5 285.9 286.5 286.9 286.2 285.8 285.3 285.3 286.8 290.1 297.4 301.5 304.8 302.9 300.7 301 301.7 302.5 303.4 302.4 300.9 301.1 301.3 300.7 298.3 298.9 295.3 291.4 289.4 287.7 281.5 278.8 272.5 269.1 269.2 268.2 266.8 266.1 265.3 263 260.4 257.2 254.9 254.2 253.7 252.7 250 243.2 241.7 243.9 242.4 242.2 242.1 245.6 247 246.7 246.1 246.2
289 288.6 288.2 285.7 287.5 288 287.2 284.1 281.5 279.3 278.5 277.8 275.5 278.9 278.8 278.7 278 278 278.8 279.8 279.8 279.7 281.7 282.4 281.9 281.6 281 280.9 280.2 281.2 287.3 290 292.3 293.1 291.1 291.3 292.2 293.2 294.3 295 294 293.8 293.7 293.3 291.5 293.7 291.3 288.2 287.2 291.1 286 283.9 282.8 278.8 264.8 264.5 263.2 262.3 262.2 259.4 256.3 254.4 253 253.5 252.7 251.3 242.7 244.6 246.1 248.3 248.9 248.7 248.4 247.4 248.2 248.6 248.1 248.5
282.9 278.4 278.2 278.3 276 276.7 278 279.8 278.8 276.5 276.6 275.9 272 276.9 277.1 276.7 275.6 275.1 275.4 277 276.4 276.6 277.9 277.9 277.7 277.6 276.9 276.3 274.8 273.1 276.4 277.9 278.1 281 281.6 281.6 282.7 284 285.1 286 286.7 286.4 286.1 285.8 286 288.3 287.2 286 285.3 283.9 280.3 278.8 277.2 272.7 260.3 260.8 259.7 258.4 258.9 257.7 254.7 252.8 251.1 253.6 250.4 243.8 245.2 245.8 248 250.2 250.4 250.7 250.2 249.5 249.2 249.8 250 250.8
278.4 277.5 277.1 276.4 275.6 274.9 275 274.6 274.3 274.9 274.7 274 274.2 272.8 275.1 274.1 272.6 270.4 269 268.1 264.4 264.7 266.8 266.7 266.5 264.8 265.8 266 264.7 264.7 266 266.6 269 272.8 274.1 274.3 274.9 275.9 276.1 276.9 277.2 277.5 277.7 277.9 279.3 279.8 279.4 278.5 278.1 276.1 274.5 272.9 270.1 263.2 259.8 257.8 256.3 256.2 257.1 256.7 252 249.5 249.5 248.7 247 245.1 245.9 248.1 250.7 252.1 252.3 252.9 252.5 251.3 250.6 251 251.5 252.4
277.3 276.8 276.4 276.5 275.1 275 275.5 275.2 274.3 274 273.2 274 274 273.5 272.5 271.3 269.1 267.4 270.2 270.8 270.8 269.3 269.6 267.8 266.2 265.6 267.1 266.3 265.5 264.3 264.1 264.3 263.1 260.3 263.8 269.2 268.9 269.7 269.1 269.1 267.5 268.3 267.6 267.8 269.2 268.5 268.8 268.5 268.9 268.3 267.6 266.4 263.5 260 256.9 254.5 252.5 251.6 250.8 250.1 249.6 248.8 248.7 247.7 244.3 247.4 246.8 249.3 252.9 254 254.8 255.4 255.6 255 254.4 253.9 253.9 256.1
277.8 277 276 275.8 275 273.9 270.9 273.5 272.8 273.3 272.9 272.8 270.3 269.6 270.4 275.1 278.4 277.7 276.1 273.4 271.6 271.6 271.6 268.1 265.5 266.5 266.5 264.9 264.6 264.5 264.3 264.2 263.6 262.9 262.8 259.3 262.5 261.6 259.6 259.7 259.2 259.2 258.6 259 257 254.4 253.3 252.6 254.7 261.1 261.4 260.2 259 256.7 252.8 252.1 251.4 250.5 249.7 249.2 248.5 248.7 244.8 246.2 248.1 251.6 249.1 251.4 254.5 256.2 257.5 257.8 258.6 258.9 259.5 260.5 260.8 265
281.1 279.9 278.7 278 276.6 275.8 274.6 273.5 274.2 269.8 270.5 275.3 283.1 288 286.6 286.4 285.9 284 282 277.9 275.2 274 272.6 269.6 267.4 269.1 268.2 269.5 265.4 263.8 263.4 263.8 263.4 262.9 262.6 261.8 261.1 260.3 260.8 259.2 259.2 259.6 257.7 255.9 257.1 256 255.8 255.2 254.1 252.5 253.2 253.1 252.7 251.8 251.1 251.1 250.3 249.5 248.4 247.2 247.9 248.1 249.3 253.7 255.4 255.8 256.4 257.2 254.5 257.7 259.7 260.2 262.5 264.1 265.1 266.4 268 273
283.5 282.5 282.7 280.2 278.2 277.4 275.7 276.1 279.2 278.7 283.7 290.4 292.6 294.8 294 294 291.7 287.7 282.5 279.4 278.1 277.3 276.4 273.9 268.6 271.4 271.3 270.8 269.2 267.9 262.2 262.7 263.4 263.4 263.1 262.6 261.8 261.3 259.9 257.6 256.9 257.8 258.4 258.2 257 256.1 255.9 255.6 255.6 254.3 253.1 250.7 249.7 250.4 250.9 251.1 250.7 248.7 248.8 249.1 249.1 252.5 256.3 258 259 259.6 260.5 259.2 260 258.6 260.9 262.7 267.2 269.3 271.3 271.6 275.8 282.5
290.3 289.8 288.9 287.2 284.6 281 283.4 285.7 286.4 289.4 291.4 295 296.2 294.9 293.3 291.2 287.3 284.4 284.3 283.8 282.8 280.8 279.2 275.9 274.9 273.7 272.8 272 271.2 270.5 269.5 268.2 266.3 265 264.1 263.3 262.4 262 260.5 259.4 259.6 259.3 257.9 257.8 256.4 256 255.8 255.8 256.3 258.4 257.6 255.6 254.4 254.2 253 252.6 252.2 251.1 249.7 250.4 256.7 259.3 261 261.6 262.6 263.1 264.2 266.6 264.6 257.3 262.4 266.1 270.5 275.3 276.7 275 282.7 289.9
300.5 299 296.7 292.5 290 290.7 291.7 293.8 294.4 294.8 294.5 295.4 295.5 294.6 293.1 293.6 292.3 293.2 292.3 290.9 288.7 286.5 282.5 281.1 276.5 276.1 275.1 273.8 273.4 273.1 272.8 272.2 270.6 269.9 270 271.8 270.2 270.1 266.9 261.7 259.8 262.4 262.6 262.4 262.6 264.1 264.7 264.6 265.4 265.5 264.3 262.9 261.9 261.7 259.3 258 255.1 256 260.6 262.5 264 265.1 266.7 267.6 267.1 269.2 271.1 273.1 273.6 273.1 257.5 272.1 278.5 282.5 282.2 281.6 287.4 294.7
307.9 303.6 302.1 297.7 298 300.1 299.2 299.3 298.4 300.3 302.5 303.4 303.1 301.5 300.3 300.5 299.9 299.2 298.8 298.2 295.8 292.5 283.4 282.7 275.1 280.4 279 277.5 277 278 278.9 277.5 278.4 278.1 277.2 277 275.9 274.2 272.6 270 268.8 268.6 267.8 267.6 265.8 267.7 268.5 268.2 269.1 269.3 266.9 266.1 267.3 265.7 264 267 268.5 267.6 268.8 270.9 271.4 272.1 272.3 273.5 274.2 275.6 277.6 280.6 281.8 281.5 277 265.8 284.6 287.6 291 292.5 290.6 298
310.9 308.6 306.8 299.4 303.7 305 306.6 307.4 308.5 310.2 311.7 312 310.2 308.6 307.1 305.7 304.5 303 302 302.1 299.7 296.5 293.8 281.3 282.7 286 284.8 283.8 283.9 284.4 285.1 286.5 287.5 286.1 283.6 282.7 281.2 280.3 279 277.5 276 274.6 273.3 273.2 271.6 271.1 271.4 271.5 271.6 271.3 270.1 271.2 272.4 271.2 272 275.8 276.7 277.6 277.7 279.1 279.3 279.3 278.7 280.6 281.9 283.6 285.5 287.9 289.4 290.1 288.7 269 288.3 291.4 296.7 300 297.2 304.2
314.3 311.4 308.1 307.5 314.3 317.4 316.9 317.4 317.6 317.9 316.7 316.9 314.8 312.4 310 308.4 305.9 303.6 301.1 299.8 297.7 294 285.8 283.2 290.4 291.7 291.2 291.4 291.8 292.2 292.5 292.9 292.5 291.6 289 289.3 289.9 288 286.8 285.3 283.8 282.4 280.5 279.4 278.1 276.6 276 274.7 275.4 276.8 277.4 278.2 278.7 279.3 281.2 282.7 283.8 284.6 285.5 285.6 285.3 285.3 285 286.6 288.8 291 293 293.4 294.5 296.8 290.8 272.5 295.3 298.4 302.5 304.2 303.4 307.5
317.4 316.8 319 320.5 322.7 323.7 323 322.7 322.2 321 320.6 320.7 318.3 316 313.2 310.3 306.9 305 300.2 293.4 290.4 285.8 284.6 288.3 297.2 299 298.4 298.6 298.9 299.3 299.7 299.6 298.6 296.9 296.3 296.5 297.4 295.5 294.3 293.2 291.7 290.2 288.8 287.6 286.4 285.5 284.8 283.8 284 285.3 285.3 285.7 285.6 287.3 288 289 290.2 291 291.2 291.4 291.6 291.6 291.4 292.3 294.5 296.7 295.7 296.2 294.9 292.9 285.6 276.2 299.4 305.3 305 305.1 309.1 313.8
329.2 328.5 329.8 329.3 330.2 328.6 327 326.6 326.1 325 324.8 324.3 321.9 319.6 316.8 312.7 310.5 302.5 296 293.6 300.8 302.8 303.9 305.5 305.7 308.3 307.2 305.9 306.1 306.5 306.8 306.2 305.7 304 303.5 304.6 304.8 302.9 301.9 301 299.6 298 297.2 295.5 295.6 294.4 293.6 293.6 292.6 293.7 293.2 293.3 293.6 294.3 294.4 295.5 296.6 297.4 296.9 297.3 297.7 297.8 297.7 298.6 300.3 302.5 298.5 297.6 295.7 292 276.1 294.4 306 310.6 307.3 312.1 316.5 321.3
338.8 338.8 338.7 337.7 335.6 333.5 331.4 330.7 330 329.3 329 328 325.5 323.2 318.2 314.2 298.4 296.9 302.6 312.7 313.2 312.7 314.4 316 316.5 317.6 316.5 315.1 313.6 313.6 313.8 312.8 312.4 311.2 310.7 311.4 311.5 310.4 309.5 308.5 307.4 306.1 305.3 304.6 304.9 303.4 302.4 303.3 301.2 301.6 301.1 300.9 301.5 300.7 300.9 301.9 303 303 302.7 303.1 303.6 303.8 304.1 304.9 306 306.4 304.4 302.5 300 299.4 278.8 303.5 310.8 309.4 314.9 319.7 323.9 328.7
344.9 345 345 342.5 340.4 338.4 336.4 334.7 334.7 334.1 333.4 331.6 329.2 326.7 323 304.9 297.3 316.1 318 320.8 321.9 323 325 326.9 327.2 327 325.8 324.4 322.9 321.4 319.8 319.4 319 318.5 318 318.1 318.2 318 317 316.1 315.1 314.2 313.3 313.6 314.3 312.7 311.5 313.1 309.7 309.4 309 308.6 308 307.2 307.3 308.4 309.3 308.6 308.5 309 309.4 309.8 310.4 311.3 312.1 311.9 311.2 309.9 305.7 293.9 289.2 307.1 309.8 315.5 322.1 327 331.2 336.2
348.1 348 348 345.1 343.4 341.7 341.5 342.2 341.8 341.2 340.3 337.7 334.8 331.7 318.1 302.5 316.9 327.4 327.8 328.8 328.5 330.7 332.9 334 334.2 334.4 334.2 333.2 332.1 331 330.7 330.9 330.9 331.1 330.1 328.7 328.5 328 327 325.7 324.1 322.6 320.8 319.4 320.1 318.5 317.5 317.6 316.6 315.8 315.3 314.8 314.9 314.5 314.9 315.6 315.3 314.1 314.4 314.2 315 315.3 315.7 316.6 316.7 314.8 312.9 310.7 307 291.1 303.4 312.1 317.1 323 328.7 334.4 338.7 344
351.9 351.2 350.5 349.8 347.9 347.4 349.2 349.5 349 347.2 344.4 341.9 339.1 335.5 308.6 308.1 330.1 334.2 335.4 336.7 336.7 338.8 340.5 340.6 340.8 341 340.7 340.3 339.8 339.7 340.3 340.1 339.9 339.3 337.6 336.3 335.9 334.8 333 331.8 330.5 328.4 326.9 325.3 325.5 324.1 323.4 322.8 322.2 321.8 321.4 320.9 321.4 321 321.9 322.6 321.3 319.9 319.4 320.6 321.3 320.2 321.1 320.1 317.9 315.1 313.2 309.9 302.4 291.8 305.7 317.8 323.4 329.1 334.7 340.3 346.1 350.6
356.9 356 355.3 354.8 352.5 353.7 354.4 354.4 352.4 350.2 347.6 345.1 342.5 337.7 324.1 309 336.2 339.5 341 342.2 343 344.8 346.9 347.1 347.3 347.5 347.2 346.7 346.1 345.6 346 346.3 346.1 345.5 343.8 342.7 342.3 340.6 338.9 337.6 335.9 334.1 332.2 331.7 331 330 329.5 328.9 328.4 327.9 327.4 327 327.5 327.7 328.8 328.7 327.6 326.9 327.6 327.2 325.6 323.9 321.5 319.4 317.5 315.7 313.4 309.6 289.4 300 313.6 323.1 329.6 335.3 340.8 346.4 352.2 356.1
362.1 361.2 360 356.2 355 357.1 358 358 355.8 353.3 350.8 347.1 342.9 330.1 310.6 329.3 340.7 343.2 345.6 347.5 348.1 350.2 352.4 353.6 353.9 354 353.6 352.8 352.1 351.6 351.9 352.3 352.1 351.4 350.2 349.1 348.2 346.5 344.9 343.3 341.3 339.4 337.7 336.9 336.9 336.2 335.7 335.2 334.7 334.2 333.7 332.9 332.8 334.2 335.2 334.2 333.4 332.3 330.2 329.3 326.1 322.4 321.2 320.5 318.4 317.2 316.5 315.3 295.9 303.9 319.1 328.3 335.5 341.3 346.8 352.2 357.3 359
366.6 366.5 365.6 361.8 360.1 360.3 360.3 359.2 357.8 354.5 350.3 345.7 341.8 324.3 320.1 340.2 344.5 347.8 350.6 353.4 353.3 356.5 359.4 360.6 360.6 359.9 359.6 358.8 358 357.6 357.9 358.3 358.9 357.8 356.6 355.5 354.1 352.9 352.1 350 347.5 345.2 343.9 344.3 344.4 342.9 342 341.5 341 340.4 339.9 338.9 339.1 340.3 339.8 338.5 337.6 335.8 333.7 330.8 327.4 325.1 323.7 322.2 322.7 322.1 320.8 315.5 302.9 304.2 322.6 333.3 340 345.9 351.3 356.7 361.5 364.2
369.6 369.1 368.5 366.4 364.8 362.4 359.8 358.2 356.3 352.7 349.3 344 334.3 317.8 333.3 344.2 348.4 351.7 355 357.8 360 363.9 365.9 365.9 365.5 364.8 364.6 364.6 364 363.6 364.1 364.8 365.9 366.2 365.9 364.7 363.4 362.6 361.2 358.1 355.6 353.2 352.1 352.1 351.8 350 348.9 347.8 347.2 346.7 346.1 345.9 345.7 345.8 344.4 343.5 343.6 341.6 339.6 336.6 334.1 332.4 331 329.9 328.7 327.8 326.7 323.9 313 296.2 323.8 335.7 343.3 348 356 361.9 365.9 369.4
372.3 371.7 371 369.8 367.6 365.1 362.4 359.7 355.9 351.3 348.3 344.4 329.4 320.7 340.7 346.8 352.6 356.2 359.9 363.1 366.8 369.9 370.3 370 369.9 369.8 369.2 369.6 369.5 370.6 372.6 376.1 377.6 378 376.6 375.1 373.2 372.4 369.4 366.3 363.7 361.9 360.9 360 359.3 357.1 356 354.7 352.9 353.5 353.4 353.4 353.4 352.2 350.8 349.9 349.6 347.5 345.6 343 341 339.5 336.8 335.4 334.5 333.5 332.8 330.5 322.9 308.9 319.2 338 345.7 355.7 361.3 367.5 373.5 372.8
375.7 375.1 374.5 372.7 370.4 367.7 365 361.2 357.9 354.3 351.1 347.5 328.9 328.3 342.7 350.7 357.2 362.5 366.2 369.5 373.3 374.3 375.3 375.5 375.2 375 375.5 376.7 380.4 382.1 385.3 388.9 390.3 389.1 387.4 385.7 383.3 380.7 377.6 374.6 372.2 370.5 369.7 368.8 365.5 362.5 361.4 360.2 359.9 361.8 362.2 362.2 361.7 360.4 358.9 357 355.4 353.5 351.6 349.5 346.6 343.8 342.1 340.7 340 339.2 338.6 335.3 324.8 310 321.3 340.8 348.9 359.2 366.1 375.2 375.3 370.5
380.5 379 377.5 375.3 371.5 367.6 363.7 360.1 357.5 354.6 351.7 339.5 328 333.7 346.9 355.1 361.7 368.3 372.5 376 377.7 378.7 379.7 380.8 380.7 380.3 382 384.5 391.1 394 396.2 396.4 396.9 394.9 393.3 391.1 390.5 389.5 387.5 385.1 382.1 380.4 379.5 378.7 376.8 371.9 372.4 372.7 373.6 371.3 370.9 370.6 369.8 367.9 365.9 363.9 359.7 357.4 355.5 352.8 350.9 349.2 347.4 346 345.1 343.6 341.1 333.8 317.5 306.8 330.7 344.9 355 363.1 371.4 376.3 372 374.2
382.2 379.4 376.3 373.5 370 366.1 362.2 359 356.2 352.3 341.8 332.3 327.5 341 351.1 359.2 365.9 372.7 378.8 381 382.1 383.1 384.2 385.2 386.1 386.9 389.8 396.5 399.8 400.6 400 400.3 399.7 398.2 397.7 396 395.6 394.8 393.7 392.3 390.8 388.5 387.4 386.8 386.2 384.7 383.1 382.1 381.1 379.5 379.2 378.1 376.8 373.2 368.9 366.4 362.9 361.6 360.8 357.9 356.8 355.7 353.3 350.1 347.6 344.8 341.8 332.4 313 322.2 337.8 349.1 361.1 368.5 379.6 371.9 375.4 384.4
382.7 378.8 375 371.7 367.8 364.9 360.8 357.9 354.8 343.8 328.7 330.9 342 352.5 357 362.5 370 377.6 383.6 384.9 386.4 388.2 390 391.1 392.5 397.7 401 403.7 405.8 405.8 404.3 403.5 402.3 401.5 402.1 400.9 400.5 400 398.4 397.1 396.3 394.7 394.1 393.5 392.9 391.2 389.9 389.1 387.9 386.2 384.8 383.4 382.1 378.3 374.3 374.2 372.6 369.8 368 363.9 362 358.9 355.8 352.3 348.1 344.1 341.7 333.6 316.5 312.1 339.1 354.1 365.3 376.9 382.5 374.5 382.7 397.1
383 378.9 374.9 371 365.2 361.7 355 349.5 343.7 332.2 345.2 350.9 356.1 358.8 362.9 367.9 375.2 383 388.2 390.3 392.1 394.1 396.1 398.1 401.6 406 409.2 409.9 411.9 411 409.7 409.2 407.6 407.7 407.5 407.1 407.5 407.3 405.5 403.7 402.3 401.4 400.7 400.1 399.4 397.7 396.4 395.5 394.1 392.4 390.9 389.5 387.1 383.9 381.5 380.8 378.7 376.7 373.6 370.1 365.9 359.9 356.4 353.4 349.5 345.1 340.7 334.2 324.7 309.3 342.5 358.9 369.7 388.1 375 381.2 394.8 406
385.9 381.1 376.6 374 369.2 365 361.5 357.5 348.8 337 355.2 360.6 363.3 366.5 370.6 374.6 380.7 388.1 392.6 396 398 400 402 405.5 409.3 413.4 416.6 417.7 417.8 416.8 416.2 416.4 416.7 416.1 415.7 415.5 415.3 414.6 412.7 410.8 409.3 408.4 407.5 406.8 405.8 404 402.3 401.5 400.3 398.6 396.9 394.1 391.1 388.4 386.9 383.6 381.4 378.4 374.2 370.9 366.6 361.2 357.7 354.3 350.9 346.5 340.6 330.7 313 331 350.8 364.5 378.5 377.2 381.4 392.1 404.9 401.7
385.6 382.6 379.6 377.5 373.2 368.5 364.3 359.1 346.4 342.5 358.8 366.8 371.2 374.5 378.5 382.2 387.9 394.1 399.2 403.3 405.8 408.3 410.3 413.3 417.1 420.9 424.1 425.6 424.7 423.4 423.3 423.4 423.5 423.1 422.7 422.7 422.5 421.2 419.6 418 416.3 415.4 414.4 413.2 411.7 409.7 407.6 406.5 405.2 402.8 400.3 398.2 395.6 393.2 390.1 385.4 382.5 379.8 375.3 371.1 367.1 362.5 359 355.3 351.6 345.4 338 327.8 316.3 342 356 369 386.7 375.2 388.8 402.8 401 389.6
386.8 385.3 382.6 380.3 376.5 372.1 367.4 360.9 339.8 353.3 366.2 373.1 378.6 382.5 386.3 390 395.2 402.8 408.7 413.1 415.6 417.1 419.4 421.8 424.9 427.5 428.6 429.6 429.5 429.7 430.1 430.2 430.3 430.1 429.7 429.7 429.6 427.7 426.3 425.9 423.5 421.7 420 418 416 414 411 408.9 407 405.6 403 400.9 399.7 397.2 393 388.4 384.5 380.8 377.1 371.3 369.2 363.9 360.2 356.9 353.3 345.8 335.8 325 324.8 345.5 359.2 370.5 378.9 381.1 394 400.8 391 378.4
387.7 386.2 384.6 381.9 378.4 374.6 370.4 361 342.8 359 370 378 384.9 389.6 393.2 396.8 404.4 412.1 419.4 422.2 424.3 425.9 426.9 428.5 431.1 432.4 433.4 434.5 435.6 436.1 436.6 437 437.1 437.1 436.8 436.8 436.7 437.8 436.8 433.5 431.1 429.1 427 423.5 420.2 417.2 413.9 412 410 407.8 405.4 400.7 399 396.3 392.2 388.2 384.9 381.6 379.4 375.5 372.4 367.8 362.7 359 350.6 342.1 332.1 322.7 331.7 347.5 361.1 370.8 375.9 384.7 394.2 394.3 379.4 369.5
388.6 387.5 386 383.5 380.6 376.8 374.6 360 348.7 361.4 370.8 379.9 388.2 394 398.7 405.7 414.1 421.8 426.8 428.8 430 430.5 431.2 433.8 436.7 438.7 439.8 440.8 442.3 442.5 443 443.5 444 444.1 443.8 443.8 445 445 443.9 440.7 438.7 436.7 433.2 429.7 424.9 419.8 416.9 414 412 409.1 405.6 401.7 399 394.9 390.5 386.5 384.6 382.8 381.1 378.9 375.6 371 364.9 355.6 345.2 336.8 328.9 319 335.7 346.7 360.2 369.7 378.1 382.4 391.1 392.3 377.1 369.5
389.8 388.5 387.1 384.7 382 378.8 375.6 358.4 346.9 360.9 372.6 382.9 390.3 397.5 403 412.8 421.6 429.5 432.8 433.6 434.2 434.7 436.4 439.5 442.4 445 446.1 447.2 448.9 448.9 449.4 449.9 450.4 450.9 450.8 451.9 452.2 451.5 450.9 448.3 445.6 442.1 439.4 435.9 430.7 424.6 421.4 418.3 414.9 411.3 407.7 404.4 400.3 396.3 392.1 387.6 385.5 383 381.2 380 377.7 370.9 361.7 350.7 339.4 333 326.2 324.6 340.8 352.1 357.6 368.4 380.3 379 388.5 378.9 390.2 390
