app/static/ascii/NY94.asc
ncols 200
nrows 200
xllcorner 390000
yllcorner 540000
cellsize 50
[rows 0 to 34 of 200, columns 78 to 155 of 200]
403.1 401.6 400.1 398.3 393.4 387.5 380 373.7 367.8 363.5 359.8 354 348.3 344.1 339.8 336.8 332.8 328.8 324.6 320.7 319.3 317.9 314.9 312.1 306.7 301.7 298.5 294.4 290 285.7 280.4 275.1 268.4 260.2 255.7 246.9 244.5 244.3 244.9 244.5 244 242.7 241.9 240.5 239 245.6 248.8 259.4 267.5 276 280.1 280.1 279.8 279.7 279.4 278.6 277.5 276.9 275.9 274.9 274.3 273.7 273.1 272.5 271.9 271.5 271.5 271.4 271.4 271.3 271.3 270.8 268.6 263.3 261.6 266.4 271.8 276.8
405 403.5 401.8 400.1 394.2 387.9 380.1 373.9 368.4 363.7 358.5 352.4 346.8 341.7 337.7 333.9 330.2 326.2 322.2 320.7 319.3 317.6 313.7 308.9 304.8 300.9 298.1 293.9 289.5 285.3 279.4 272.3 265.2 258 251 247.2 245.1 244.6 242.6 242.7 244.1 244.7 250.3 255.3 258.4 261.6 254.6 261 268.7 276.3 281.7 282 281.9 281.8 281.6 281.2 280.4 280 279.1 278.3 277.7 277.1 276.5 276.1 275.9 276 275.9 275.9 275.8 275.8 275.8 274.3 271.8 266.5 265 270 274.9 279.7
405.9 404.2 402.1 399.3 392.4 386 379.8 374.1 368.6 362.9 356.9 350.8 345.4 339.8 335.2 331.3 327.5 323.7 321.8 320 319.5 313.4 305.3 305 302.2 300 297.3 293.7 289.6 285.2 276.9 267.7 261.7 251.8 247.7 247.1 245.8 248.5 249.2 251.3 253.1 259.9 264.3 268.2 268.7 269.2 268.2 255.5 267.2 274.7 281.3 284 284 283.9 283.8 283.4 283 283 282.3 281.8 281.3 281.1 280.9 280.6 280.4 280.7 280.9 280.7 280.7 280.7 280 277.9 274.9 271 267.5 273.1 277.9 282.7
406.7 405.2 401.6 396.5 387.3 382.9 375.9 372.2 366.4 360.5 353.9 347.3 342 337.1 332.6 328.8 324.9 322.2 320.4 320.1 316.1 308.3 305.8 302.7 300.9 299.1 295.7 292 288.2 282.5 273.3 261 252.3 248.4 245 248.1 246.2 250.1 253.8 259 258.2 270.1 273.3 274.1 275.2 275.7 275 271.3 264.9 274.5 281 284.7 285.2 285.5 286.3 286.6 286.7 286.3 286.3 286.1 285.8 285.6 285.4 285.2 285.1 285.5 285.9 285.8 285.6 285.2 283.4 281.1 277.9 274.7 269 275.8 280.5 286.2
405.8 403.2 399.9 393.6 384 380.6 376.3 370.1 363.9 356.5 350.3 343.8 338.2 334 330.1 326.2 323.5 320.8 318.1 315.7 312.5 306.6 304.2 302.7 299.9 298 293.8 290 285.7 280.1 266.2 250.5 248.3 246 255 259.6 257.2 253.1 265.2 269.7 265.8 269.7 276.5 279.9 282 282.3 281.5 280.6 270 277.5 282.8 285.9 286.8 288 289.2 290.3 290.2 290.4 290.5 290.4 290.3 290.1 289.9 289.7 289.8 290.2 290.2 289.6 289.1 288.6 287 284.7 281.2 275.3 272.3 278.1 283.7 292.3
401.5 399 394.5 386.2 382.1 379.2 374.1 367.6 359.8 352.4 346.2 340 335.4 331.4 327.5 324.7 322.4 319.7 316.5 312.4 308.3 306.9 304.5 301.4 298.2 294.9 290.9 287.2 282.3 265.8 249.1 247.7 246.4 258.9 265.2 266.1 262.1 256 273.8 277.6 277.7 273.7 277.1 284.2 287.6 288.2 288 286.6 281.5 283.3 286.1 288.1 289.6 290.9 292 293.3 294.3 294.6 294.8 294.7 294.6 294.5 294.4 294.2 294.2 294 293.9 293.1 292.2 291.7 291.2 288.8 283.9 277.7 279.4 279 287.1 296
394.5 392 385.8 381.5 378.6 375.6 369.5 362.3 355.4 348.2 342.3 336.8 333 329 325.5 323.2 320.9 318.1 314.4 310.1 307.1 304.5 302.1 298.9 295.6 291.4 287.1 279.6 263 251.1 248.5 247 264.1 274.7 274.2 268.2 262.1 261.8 277.6 282.2 283.3 281.6 276.7 284.3 289 289.9 289.8 288.9 283.5 287.5 289 290.6 292.3 293.8 295.6 297.1 298.1 298.8 299.1 299 298.9 298.4 297.9 297.6 297.8 297.7 297.5 296.8 295.6 295 294.5 292.3 287 284.9 285.4 286.1 282.4 299.4
386.4 383.7 380.2 377.4 374 368.6 362.2 356.8 349.8 344.5 338.9 334.5 330.7 326.7 323.8 321.5 319 315.6 311.3 307.4 304.7 302.1 299.6 296.3 292.5 288.2 282 264.9 252.3 250 249.3 265.6 280.5 282.7 279.9 275.1 264.8 263 281.8 287.4 289.1 287.9 284.5 287.2 289.9 291.4 291.4 291 289.8 290.7 292.3 293.9 295 296.9 299.1 300.8 301.9 302.6 303.1 302.4 301.9 301.4 300.8 300.9 301.2 301.5 302.1 301.6 301.5 301.1 299.7 294.5 288.9 292.7 292.6 292.7 291.7 295.1
378.4 376.6 375.1 371.6 365.7 358.9 354.3 349.6 345 340 335.6 332.1 328.3 324.8 322.2 319.3 316.3 312.1 307.3 303.9 301.8 299.4 296.4 292.1 283.6 274.3 261.9 251.9 250.7 255.2 268.3 282.6 286.9 286.5 284.9 280.3 271.5 257.8 285.5 292.1 295.7 294.6 291.8 291.5 292.7 293 293 288.7 293.3 294.1 295.3 296.5 297.9 300 302.2 304.4 305.6 306.1 306.5 305.9 305 304.3 303.8 304.5 306.7 308.3 309.3 308.8 308.3 308.1 305.8 297.9 300.3 302.9 302.3 301.1 298.2 289.2
369.1 365.4 363.1 358.6 353.4 348.9 343.7 340.1 336.3 331.7 329.8 327.5 324.9 321.6 318.5 313.8 310 306.1 302.7 300.1 297.9 295.3 287.7 277.7 269.1 255.9 252.2 250.5 260.3 271.9 286.5 288.9 290.7 290.3 289 284.4 270.1 262.9 288.6 296.4 297.9 296.9 296 295.3 295.1 295 294.9 292.1 294.7 296.2 297.9 299.1 301 303.2 305.3 308 309 309.4 309.8 309.4 308.7 307.9 309.7 312.7 314.6 315.5 316.4 316 315.5 315 310.9 306.3 308.4 311.3 310.2 309.2 304.8 300.5
353 350.5 348.5 344.6 341.2 337.6 334.1 331.1 328.6 326.4 324 321.6 318.2 315.6 312 307.5 303.7 299.8 297.4 295.8 288.5 280.5 270 258.9 253 251.7 250.4 264 281 289 290.8 292.8 294 293.6 291.5 282.5 265.6 278.4 293.4 300.4 301 300 299 298.6 298 297.8 297.5 296.3 295 297.2 300.5 302 304.2 306.9 309.6 311.1 312.2 312.9 313.2 312.9 314.3 316 318.1 320.9 322 322.8 322.9 323 322.1 321.3 314.2 314.6 317.2 318.1 316.6 315.1 310.6 306
342.3 340.3 338.5 336.9 334.1 330.9 328.2 325.7 323.7 321.4 318.5 314.9 311.3 309 305.2 301.2 296.5 291.9 285.7 278.2 268.4 255.9 253.1 252.8 253.9 260.7 268.7 287.4 290.8 293.9 295.8 296.9 297.5 296.9 293.8 275.9 274 291.7 299.8 303.9 304 303.1 302.1 301.7 301 300.6 300.2 299.8 300.3 296.2 300 305.8 308.5 311.1 313.2 314.1 315.3 316.4 317.2 317.4 320.4 324.2 326.4 328 328.3 328.5 328.6 327.8 326.5 324.9 322.2 322.6 323.8 323.3 321.6 320.1 315.3 310.2
336.4 334.4 332.4 329.8 327.3 324.6 322 319.2 317.7 315.3 311.9 309.2 306.4 303.2 298.9 290.6 281.4 274.5 265.7 254 254.9 254.3 256.1 264.1 272.1 283.9 288.3 293.3 295.8 298.7 300 300.8 300.3 298.5 290.9 266.9 285.8 299.6 305.2 307.5 306.9 306.2 305.4 304.7 304.1 303.5 303 303.4 303.9 303.6 304 306.9 312.4 315.2 316.2 317.2 318.1 321.8 324.6 324.9 327.2 331.2 332.5 333 333.5 333.7 333.8 332.7 331.2 329.8 327.1 328.9 328.8 328.4 326.8 325.2 320.3 317
330.7 328.7 326.2 322.1 318.4 315.8 313.1 311.1 310.2 308.6 306.5 304.3 301.8 293.5 283.2 272 260.5 257 255.3 255.5 254.1 270.7 278.4 286.8 287 294.6 297 299.4 301.4 303.1 304.1 303.5 302.9 299.5 284.9 272.8 296.6 305.2 309.9 310 309.4 309 308.3 307.7 307 306.4 306.7 307.1 308 308.9 307.5 312.6 313.9 319.5 321 321 323.1 328.8 332.1 334 336 336.9 337.6 338.1 338.6 338.9 338.7 337.8 336.3 334.9 334.1 334.1 333.8 332.9 331.4 330.2 327 323.2
323.7 320.7 316.8 312.2 308.1 304.2 298.2 297.8 299.5 300.6 299 291.6 280.9 272.5 262 257.7 256.9 256 253.9 269 279 288.1 294.4 296.8 299 300.8 302.8 304.5 306.1 307.4 308.5 307.4 304.5 297.8 276.8 284.6 303 311.2 312.5 313 312.8 312.2 311.3 310.3 309.8 309.9 311.3 312.2 313.1 314 310.9 315.4 318.9 323 327.8 328.7 331.3 336.7 339.2 340.9 341.4 341.8 342.5 343.3 343.8 344.1 343.6 342.9 341.5 339.7 338.9 338.5 338.3 337.1 336.1 335.4 332.4 329.1
310 309.6 304.2 297.8 290 283.5 274.5 272 275.4 274.3 270.8 261.9 259.6 259.8 260.4 259.9 260.6 269.9 283.4 292.2 294 297.6 300.7 304.7 305.3 305.9 307.3 308.9 310.3 311.7 312.3 310.1 304.6 292.8 272 293.7 308.2 313.8 315 316.4 315.9 315.3 314.5 314 314.3 314.9 316.4 317.6 318.5 319.5 318.8 321.6 321.1 329.7 335.2 338.7 340.2 342.4 344.1 345.3 346.2 346.7 347.4 348.4 348.9 349.6 348.6 347.9 346.2 344.5 343.8 343.3 342.8 342 341.3 340.6 337.8 334.2
291.9 291 284.6 278.1 269 264.8 264.6 263.2 263.4 261.9 262.3 261 260.8 260.9 268.5 279.2 288 298.2 300.5 302.9 303.1 305.8 309.6 311.3 313.1 313 312.7 313.3 314.6 315 314.4 312 306.1 293.1 277.3 298.5 311.6 315.7 318.4 320.2 320.4 319.8 319.2 319.2 318.8 319.6 321.3 322.9 323.9 324.3 325.5 330.3 332.9 339.9 342.3 344.1 345.7 347.1 348.3 349.5 350.7 351.6 352.3 353.3 353.5 353.5 353.9 352.8 351 349.2 348.6 348.4 348.9 347.7 346.5 345.8 343.1 339.6
266.6 266.9 266.6 265.5 267.5 281.7 285.7 280.7 281 269.7 261.1 268.5 278.6 288 299.1 302.3 304.8 307 309.5 311.3 312.4 314.1 317.4 318.3 318 317.7 317.4 317.1 317.4 316.6 316 314.5 308.4 294.9 281.9 301.5 314 318.8 324.1 325.9 326.6 325.7 325.1 326 326.2 326.5 327.9 329.2 330.4 331.5 332.9 339.3 342.8 345 346.6 348.3 350 351.4 352.6 353.8 354.9 356.1 356.9 357.1 357 358.6 358.6 358.2 356 354 354.1 354.9 355.2 354.3 352.9 351 348.4 345.4
278.7 277.7 281.8 291.3 301.9 304.1 301.4 294.7 290.1 273.3 263.2 278.8 293.5 301.8 308.4 311.4 313.2 315.5 317.5 319.6 321.2 321.3 322.6 321.7 321.3 320.9 320.6 320.4 320 318.8 318 315.6 309.9 294.7 285.7 303.8 315.7 322.2 329 333 333.4 333.1 334.8 337.1 335.6 335.5 337.1 338.6 339.2 340.3 341.3 344.2 346 347.7 349.9 352.6 354.3 355.7 356.8 358 358.7 359.4 360.1 361 362.8 364.6 364.9 364.7 362.9 360.9 360.4 361.4 361.5 360.6 359.6 357.3 354.3 352.1
307 305.1 309.6 310.4 309.7 305.9 298.3 283.5 270.6 267.2 278.2 297.4 309.7 311.9 315 318.2 321.7 322.7 324.5 325.6 326.1 324.9 325.4 324.6 324.6 324.2 323.9 323.7 322.7 321.1 320 316.8 308.7 290.4 290.2 302.5 317.1 323.9 331.5 336.4 340 343.5 349.8 350.3 345.8 345.5 347 348.4 348.6 348.6 348.6 348.7 350.4 352.1 353.8 356.1 358.4 359.7 360.3 360.9 361.6 362.2 363.8 366.9 369.1 370.5 371.2 371.1 368.6 366.9 367.8 367.8 366.7 365.1 363.5 362 360.1 358.1
318.1 316.7 315.9 312.3 305.7 291.4 269.5 268 282.6 292.1 305 307.2 313.4 317.9 321.2 324.6 326.6 327.6 328.6 329 328.8 327.7 327.5 327.5 327.4 327.3 327.2 326.9 325.3 323.9 321.3 319.2 304.8 280.8 293.2 303.2 317.8 325.5 333 339.5 349.4 357.6 360.2 358.4 355.8 355.9 356.2 355.9 354.9 354.3 354.1 354.1 355.2 356.5 358.1 360 362.5 363.8 363.2 363.8 364.5 365.3 368.9 372.7 375.1 376.6 376.3 374.7 372.1 371.4 372.2 371.4 370.6 369 367.3 365.8 364.5 363.7
322.1 320.2 314.8 304.9 288.5 263.5 279.9 289.5 300.9 303.6 312.5 309.3 318.7 322.6 325.5 328.4 329.8 330.9 331.1 331.2 331.3 330.4 330.1 331.1 331.4 331.1 330.8 330.1 328.5 327 323.8 319.7 306.4 286.4 289.6 299.3 314.4 325.5 333.2 341.2 356.1 364.3 365.5 363.6 361.8 361.5 361.3 361.4 360.5 360 359.6 359.4 360.2 361.6 362.9 364.3 365.6 366.5 366.8 367.1 367.4 370.8 374.3 378.4 379.7 379.3 378.4 377.3 374.9 374.9 375.9 375 374.2 372.9 371.2 369.9 368.8 369
322.6 318.6 308.7 293.7 268.5 286 295.5 310.3 314.5 313.3 315.9 318.4 322.6 326.3 329.3 331.1 332.2 333.3 333.6 333.7 333.9 332.8 333.2 334.5 335.9 335.9 335.7 334.6 333 330.5 326.2 321.3 314.6 295.5 283.9 296.2 310.3 324.1 333.3 341.7 354.6 368 369 367.8 367.3 366.6 366.9 366.7 366.1 365.7 365.3 364.9 365.2 366.5 367.7 368.6 368.9 369 369.6 370.9 373 376.1 379.9 381.9 382.8 382.3 381.2 379.9 377.5 378.6 379.6 378.7 377.8 376.8 375.4 374.2 373.9 373.9
321.7 315.2 300.6 273.3 284.6 298.7 313.6 320.6 320.5 321.2 318.9 323.9 326.2 329.9 332.2 333.5 334.6 335.7 336.2 336.3 336.6 336.2 336.8 338 339.3 340.6 340.3 339.1 337 333.9 329.8 324.9 320.2 308.1 287.7 291 308.7 322.5 332.4 341 351.2 366 370.7 371.5 371.6 371.7 372.5 372.1 371.6 371.4 371 370.9 370.2 371.1 372 372.3 372.6 372.6 373 374.7 378.9 381.4 384.8 385.4 385.8 385.3 384.4 383 382 382.3 383.3 382.4 381.5 380.7 379.7 378.8 378.8 378.7
316.5 304.7 281.1 286.7 302.5 316.7 324.9 325.7 325.9 326.1 324.9 327.5 330 333 334.8 335.9 337 338.2 338.7 339.2 340.1 340.2 341.2 342.4 343.6 344.6 344.6 343.6 340.4 337.2 333.4 328.5 324.1 320.5 302 286.3 305.5 321.5 331.4 340.2 348.9 365.1 370.4 373.7 375 376.6 378.9 379.1 378.7 378.8 377.5 377 376.2 375.3 375.7 376.1 376.3 376.2 376.3 378.9 383.1 386.5 388.3 388.7 389 388.5 387.7 386.6 386 386.5 387 386.3 385.6 384.9 384 383.7 383.6 383.6
299.5 280.4 290.3 306.7 318.3 326 329.4 330.6 330.8 331 329.5 332.6 334 335.7 337.3 338.7 339.8 340.8 342.1 342.9 343.8 344.9 346.1 347.3 347.7 347.8 347.8 346.7 343.8 340.5 337 332.6 328.5 323.1 311.3 291 300.2 319.8 330.5 339.8 347.9 362.3 370.2 374.7 378.1 381.7 385.9 387.2 387.9 387.7 386.4 384.7 383.8 382.2 380.6 379.8 380 379.8 380.7 384.6 387.6 389.7 391 391.8 392 391.6 390.9 390.2 390.1 390.1 390.5 390.4 389.7 389 388.8 388.6 388.5 388.4
279.6 288.9 306.4 319 327.3 331.7 334.1 335.6 335.5 335.4 334.4 335.2 337.6 338.7 339.9 341.4 342.6 343.9 345.9 347.5 347.9 348.5 350.8 350.8 350.9 350.9 350.5 349 347.4 343.8 340 335.5 330.8 325.3 311.3 294.1 300.8 320.1 329.2 338.3 347.2 358.5 369.5 375.1 379.5 385.5 392.7 394.8 395.7 394.9 393.2 392 390.6 388.8 387 385.4 384.7 384.8 384.9 387.6 390.6 392.9 393.8 394.7 395.1 394.5 394.1 394.3 394.5 394.8 394.5 394.3 393.9 394 394.1 394.1 393.6 393.3
282.3 301.5 317.8 327.9 332.5 336.6 340.2 341.1 340.6 339.8 339 339.5 340.6 341.8 342.7 344 345.4 347.4 349.4 351.4 352.9 354.9 353.8 354.2 354.2 353.7 352.9 351.5 349.3 346.2 342.1 337.7 332.4 326 310.7 293.1 303.6 320.3 329.7 339.1 347.1 357.2 369.4 375.8 380.7 388.1 397 398.8 398.4 397.7 397.1 396.4 395.2 394 392.4 390.8 390.1 390.1 390 390.5 393.4 395.8 396.6 397.4 398.1 398.3 398.5 398.7 399 399.5 399.4 399.1 399.1 399.3 399.5 399.6 399.4 399.2
292.5 313.1 329.6 333.3 336.7 341.8 345 345.6 344.2 342.9 341.6 342.1 343.5 344.8 346.1 348.1 350.4 352.2 353.9 355.6 357.3 358 357.5 357.6 356.9 355.9 355.1 354 351.3 348.6 344.1 339.2 333.1 326.8 312.4 294.4 304.9 318.9 331.6 340.2 347.6 356.6 367.9 376 381.7 390.1 399.6 400.8 401.1 400.4 399.7 399.4 398.7 397.6 396.3 395.2 394.8 394.7 394.6 394.4 396.8 398.8 400.1 400.9 401.8 402.7 402.9 403.2 403.4 403.9 404.4 404.1 404.2 404.4 404.6 404.8 403.8 402.1
302.3 323.3 334.7 338.2 341.5 345 348 348.4 347.8 346.8 345.4 346.7 348.1 349.6 351.4 353.4 355.6 357.4 359.1 360.8 361.7 361.8 360.8 360.5 359.7 358.8 357.7 355.8 353.1 349.7 345.3 339.8 333.7 327.3 317.3 298.7 305.1 321.8 331.3 341.2 348.5 356.8 368.3 376.2 383.2 394.2 402.1 403.1 403.5 403 402.4 402.1 401.7 401.1 400.1 399.6 399 399 399 398.9 400.1 401.7 403.1 404.5 405.3 406.2 407.1 407.6 407.8 408.3 409 409.1 409.3 409.5 409.1 408 406.3 404.5
312.5 332.8 338.1 341.4 344.9 348.4 349.5 350.5 351 350.7 350.5 352.2 353.7 355.2 357 358.8 360.7 362.5 364.3 364.9 365.1 365.3 364.8 363.6 362.8 361.9 360 357.5 354.1 350.3 346 340.2 334 327.9 321.2 302.5 304.8 323 332.4 341.1 347.5 353.9 367.9 376.3 383.9 394.5 404.4 405.1 405.5 405.6 405.1 404.8 404.7 404.8 404.4 403.9 403.4 403.2 403.2 403.2 403.5 404.9 406.2 407.6 409 409.8 410.7 411.5 412.3 412.7 413.3 413.5 413.7 413 411.8 410.5 408.7 407
325.6 338.1 341.8 345.2 348.7 352.2 353.3 354.3 354.8 354.7 356 357.6 359.3 360.8 362.5 364.2 365.3 367.1 368.2 369.1 369.5 369.8 369.2 369.2 367.2 365.3 362 358.5 354.7 350.9 346 340.2 334.3 328.2 321.5 304.2 309.5 323.5 331.8 340.2 348 355.2 366.2 374.2 383.1 394.3 405.1 407.1 407.5 408 408.8 408.9 409.1 409 408.6 408.2 407.8 407.3 407.4 407.5 407.9 409.6 411 412.4 414 414.6 414.8 415.5 416.3 416.6 416.9 417 416.2 415.4 414.5 412.9 410.8 408.2
335 341.7 345.5 349.1 352.6 355.8 357 359.2 359.7 360.5 361.8 363.3 364.7 366.4 368.1 368.6 369.9 371.4 372.9 374.5 374.9 375.7 374.7 373.5 371.3 367.2 363.4 359.2 355.3 351.5 345.9 340 334.3 328.4 318.7 301.2 312.8 323.1 331.2 339.4 347.7 354.6 362.3 373 382 392.6 404.6 407.5 409.5 410.7 412.2 413.3 413.4 413.1 412.7 412.3 412.3 412.2 411.9 411.9 412.2 414.1 415.7 417.8 419 420 420.2 419.7 419.3 419.6 419.5 418.8 418 417.3 416.4 414.4 412.2 408.8
339.5 344.6 349 352.9 356.5 359.5 363 364.9 365.9 366.6 367.7 369.1 370.6 372.1 374.2 375.8 377.2 378.3 379.2 380.3 382.3 383.2 382 377.6 372.5 368.5 364.3 360 356 351.4 345.8 339.9 334.2 328.4 310.8 305.8 316.9 325.1 332.5 339.4 348.2 354.6 361.7 371.4 380.5 390.3 403 407.5 409.9 413 415.1 416.4 417.9 418.1 418 418 417.6 417.7 417.7 417.2 416.8 418.5 421 422.9 424 424.6 423.2 422.7 422.1 421.7 421.2 420.6 419.7 418.9 417.3 415.4 412.5 408.8
342.3 347.7 352 356.8 361 365.9 370.1 371 372.1 372.8 373.8 375.2 376.7 379.9 382 383.6 384.3 385.4 386.4 387 388.8 387.7 385.2 378.8 373.8 369 364.9 360.7 356.3 350.6 344.9 339.5 334.2 326.8 307.8 309.4 320.7 326.2 332.9 340.5 348.4 354.9 361.6 371.6 380.2 389.3 399.4 407.6 411 414.1 416.9 419.8 421.9 423.7 423.5 423.2 423 423.3 423.4 423 422.3 423 425.5 426.7 426.9 425.4 424.3 423.2 422.6 422.6 421.9 420.8 420.2 419.7 417.6 415.4 412.4 407.8
