app/static/ascii/NY96.asc
ncols 200
nrows 200
xllcorner 390000
yllcorner 560000
cellsize 50
[rows 0 to 37 of 200, columns 85 to 169 of 200]
208.5 205.6 203.2 201 198.5 198 197.2 196.5 195.7 196.6 196.4 196 196.6 196.4 197 197.4 197.2 195.9 197.8 198.1 198 198.8 200.6 200.7 205.2 205.9 207.9 208.9 212.6 215.1 217.6 220.8 221.8 225.1 230.7 232 232.7 233.2 234.5 235.8 237.2 238.1 238 237.8 236.8 235.2 233.8 231.9 230.4 230 230 229 228.1 226.7 225.7 223 225.2 229.3 232.1 233.7 234.6 235 236.9 238.4 238.2 237.4 236.5 234.4 232.5 232.2 231.4 231.1 230.9 230.7 229.3 228.1 226.5 225.6 223.9 222.2 221 219.5 217.8 216.1 215.7
216.1 214.3 211.7 208 203.7 201.8 201.9 202 202.5 203.3 205.4 204.8 204.6 203.6 203.6 203.9 203 203.5 204.2 204.8 204.6 207.9 206.7 210 211.9 214 216 217.3 217.5 222.9 226 230.1 230.7 226.7 231.6 231.9 232.2 233.9 235.1 236.3 237.3 238.2 238.2 237.2 235.7 234.1 232.8 231.4 230.9 230.5 230.5 229.3 227.6 225.3 223.6 222 223.4 224.6 226.7 228.4 229.7 230 231.1 230.5 229.4 228 227.7 227 227.4 227.4 227.6 227.4 227 226.6 226 224.5 222.8 222 221.5 220.6 218.6 217.3 216.2 214.4 213.5
220.7 219.2 217.1 214.8 210.6 206.5 207.1 206.5 207.4 208.3 209.6 209.9 209.2 208.7 209.2 209.4 207.9 208.2 208.4 209.5 211.7 213.6 212.1 217.3 219.7 223.7 227.1 228.3 225 229.5 230.9 231.5 231.4 226.3 230.5 231.2 232.1 233.6 234.6 235.7 236.7 237.6 237.7 236.8 235.3 233.7 232.8 232.5 231.3 231.8 231.1 229.8 227.7 225.4 223.7 222.8 220.9 222.2 223 223.4 224.2 223.9 223.6 222.6 222.1 221.3 220.9 221 220.9 221.2 221.2 220.9 220.6 221 220.5 219.5 217.9 216.7 216.5 215.9 215.4 214.1 211.7 210.8 210.8
221.2 220.1 218.7 216.3 214.6 212.9 211.7 211.2 211.5 212.9 213.7 214.2 213.8 214.1 214.4 214.5 213.6 213.5 214.4 214.9 217.4 220 219.5 222.8 229.4 231.4 232.3 232.1 232 231.5 231.1 231.2 231.1 229.3 226.9 230.5 232.5 234.5 233.8 234.7 235.9 236.8 237.2 236.6 235.2 234.2 232.9 232.3 231.9 231.9 230.8 229.7 228.2 227.2 225.1 224.3 222.6 219.9 219.4 219.8 219.6 219.1 217.9 218.2 217.4 217.4 217.5 217.4 216.3 216.4 215.4 215.2 215.7 215.8 215.6 214.6 213.2 212.6 212 211.3 211.3 210.7 210.2 209.2 208.8
222 220.8 219.4 218.2 217.3 217.1 217.7 218.7 219.1 219.6 220 220.2 220 220.2 220.2 222.1 222.4 221.2 221.7 222.9 223.9 225.2 227.2 220.9 230.3 233.1 236.2 237.7 235.9 233.6 232.1 230.8 230.4 229.3 231.3 234 234.4 233.8 233.3 234.2 235.1 235.4 236.6 237.2 236 235.1 233.6 233.5 232.8 232.2 231.4 229.9 227.2 225.9 223.9 222.7 221.8 220.5 218.6 216.9 216.3 215.1 215.1 214.3 213.8 213.3 212.6 213.9 212.9 212.7 211.8 211.7 212.5 213 212.6 212 211.2 210.8 209.5 208.8 208.7 208.6 208.3 208.4 208.3
223.7 224.2 222.7 221.4 221.1 222.5 224.5 226.5 227.7 228.5 228.2 229.3 229.6 228.9 227.8 227.3 227.1 227.4 227.1 227.4 228 229.8 230.4 228.5 230.8 234.1 238.3 237.7 236.5 235.2 233.4 232.2 231.6 231.7 229.3 232.3 231.9 233.7 233.6 233.8 234 234.5 235.1 236.2 236.2 235.2 234.6 234.7 234 233.1 231.5 229.1 225.5 223.8 222.9 223.6 224 222.9 221.5 219.8 218.5 217.2 216.1 215.7 215.1 215.1 214.1 212.7 212.2 211.2 210.8 210.4 210 210.1 210.2 209.9 209.8 209.3 208.7 208.4 208.2 208 207.5 207.4 207.6
226.5 226.5 227.7 227.2 226.6 229 229.9 232 236.2 239.5 238.6 238.3 238.8 237.5 236.1 234.8 234 233 232.3 232.7 232.9 233.5 233.6 232.1 232.1 235.7 237.4 237.1 235.8 235.2 235.2 234.4 234.1 233.7 233.3 234 234.8 235.2 234.8 234.9 235.1 235.4 235.1 235 235.2 235.4 236.1 235.6 234.4 232.1 230 226.5 225.1 224.8 225.6 225.9 226.4 226 224.3 222.8 221.1 219.9 219.5 218.5 218.4 217.1 217.1 215.9 215.3 215.1 213.4 211.7 210.7 210.4 208.9 208.5 208.2 208.4 208.2 208.4 208.3 208.1 207.3 207.7 207.8
230.1 229.3 229.8 230.1 230.2 232.1 235.5 240.6 245.3 247 246.8 244 243.5 242.3 240 238.5 236.7 235.4 234.6 233.9 234.4 234 233.5 233.9 235.4 237.1 237.6 237 237.5 238.9 238 238 237.8 235.9 235.9 236.8 238.1 238.9 238.1 237.7 236.8 236.5 236.7 236.5 236.4 237 238.3 237.8 235.4 233.1 233.1 233.7 235.2 235.4 232.5 230.5 231.9 232 232.2 230.6 228.4 225.9 224.8 223.7 222 221.5 221 219.8 218.8 218 216.4 214.6 211.9 209.6 209.7 209.4 208.4 207.3 207.2 208.1 208.2 207.8 206.8 206.6 206.8
235.8 233.2 232.4 233.1 234.7 239.8 243.8 245.5 245.6 246.6 248 249.2 247.8 246.5 244.4 242.1 240.2 238.3 236.8 236.2 235.8 235.4 235.1 235.9 237.6 239.1 240.8 242 242.1 242 242 241.3 241.7 239.6 240 240.3 241 241.9 242.9 241.8 240.7 239.8 239.5 239.5 240 240.5 240.2 239 239 238.9 241.8 246.7 246.1 244.7 238.8 237.4 240.3 239.3 237.2 235.6 233 230.7 228.2 227.7 222.7 226.1 225 223.3 221.7 220 218.2 215.4 213.2 210.6 209.2 208.3 207.7 206.9 206.7 206.3 206.2 205.8 205.8 205.5 206.1
232.3 234.8 235.5 236.6 240 242.6 244 244.5 246.3 247.9 248.8 250.3 252 252.3 249.7 247.8 244.7 243 241.9 240.9 240.4 239.3 239 240 240.7 241.8 242.9 242.4 243.1 243.2 243.7 243.7 242.8 242.5 242.7 243.7 243.8 244.7 245.6 245.8 244.9 243.2 242.2 243 243.1 243.3 242.4 243 246.5 249.7 249.7 247.6 245.9 243.3 242.3 244.7 246.3 243.3 240 237.6 235.7 233 231 228.9 228.3 227.9 226.6 224.1 219.1 215.9 216 213.2 211.7 210.9 209.6 208.8 207.8 206.8 206.4 206.1 205.7 205.4 205.3 204.9 205.2
231.1 233.4 236.3 238.3 240.5 242.3 243.8 245.4 247 248.5 248.6 249.4 251.4 253 252.8 251.5 250.5 246.3 243.5 242.6 241.9 241.7 241.9 242.7 242.5 242.1 242.1 242.6 244.6 245.3 247 248.9 245.7 244.1 243.6 246 246.1 245.8 247.6 250.2 249 248.1 247.3 247.4 247.8 249 251.6 255.4 254.3 252 249.4 247.3 245.3 243.8 246.1 247.7 247 244 240.8 238.5 235.6 232.6 228.9 226.2 228.6 228.2 227.3 225.6 223.7 221.2 218.7 217.3 214.4 212.4 210.1 209 207.9 206.9 205.9 206.8 205.6 205.2 204.5 205 204
229.1 231.3 233.9 235.9 238.2 240.8 243.2 244.7 246.2 246.6 247.2 247 249 251.3 252.8 251.6 250.1 247.2 244.8 243.6 243.6 243.2 243.7 245.1 244.9 244.5 242.7 242.6 245.3 246.9 248 249.4 247.6 247.2 246.4 248.2 248 247.3 249.9 253.3 255.8 254.1 254.2 254.2 254.2 256.7 255.6 254.5 253.1 251.2 249.4 247.8 246.5 248.7 249.4 247.8 246.7 243.4 240.6 238.2 234.9 232 231.5 232.2 232.6 232.1 230.8 228 226.4 224.9 222.4 219.6 217.5 215.2 212 210.4 209.1 208.4 208.7 210.3 210.9 208.6 206.2 206 206.7
227.6 229.9 230.6 233.7 237.5 241.4 243.6 246 246.1 246.4 246.9 247 247.9 249.4 250.4 250.3 249.2 247.2 245.6 245.4 244.7 244.8 245.7 246.1 245.6 245.4 244.7 244.1 245.5 246.8 247.5 248 247.7 249.4 250.9 250.4 250 250.3 252.3 254.5 255.9 255.4 254.9 255 255.6 255.2 253.9 252.5 251.7 250.4 249.2 248.5 248.6 249.3 248.7 248.1 247.2 245.7 244.1 242.4 238.9 237.4 236.9 238.2 238.8 237.8 235.2 233.2 230.7 228.5 226.8 223.8 222.2 219.3 216.5 212.9 210.9 210 214.4 217.3 215.9 213.3 210 207.8 208.3
227.2 227.2 229.1 232.1 235.6 238.7 242.2 243.7 243.4 244.1 245 246.7 247.9 248.4 248.8 249.3 247.9 245.6 243.7 245.4 245.5 244.8 245.4 244.5 244.3 244.7 244.7 246.1 246.5 247.4 247.5 246.6 247.1 250.4 251.9 252.6 252.5 252.6 254.2 255.5 256.3 257.6 257.3 255.9 254.4 253.4 252.1 250.8 250.1 249.9 249.6 250.1 249.2 248.7 248.4 248.3 247.8 247.1 246.4 245.7 243.9 242.7 242 241.7 241.7 240.5 239.1 237.2 236 234.2 231.8 230.9 228.9 226.8 222.7 220.3 217.4 213.5 214.5 218.9 217.6 214.7 212.5 210.9 209
225.7 225.5 227.7 231.1 234.3 237.4 240.7 240.7 241.1 242.5 243.6 245.2 246.4 246.5 246.3 245.8 245.5 245.5 244 244.4 244.3 244.5 244.5 243.6 243.1 244.1 243.7 243.7 243.9 244.8 245.8 246.1 248.4 252.3 254.5 254 252.9 254.1 254.6 256 256.7 257.7 257.5 255.3 253.1 251.9 250.7 249.5 249.3 249.2 251.6 251.6 249.4 249 248.9 248.6 248.2 248 247.2 246.7 246 244.8 244 243.6 243.2 242.1 241.6 240.2 239.3 238 237.2 236 235.1 234 232.2 228.5 225.4 223 220.7 219.9 218.5 216.5 215.2 213.9 212.3
223.8 223.8 225.5 229.2 232 235.2 238.2 237.9 239.1 240.3 242.2 243.7 244.1 244.1 244.2 243.9 244.1 244.3 243.5 243 243 242.4 242.3 242 241.6 241.9 241.4 240.8 241 242.1 244.4 246.9 249.4 251.9 253.4 253.5 253.5 253.8 254.8 255.9 256.7 256.6 256.6 254.5 252.6 250.4 249.2 248.6 248.7 249.8 249.7 249.4 249.2 249.3 249.7 249.7 248.7 248.3 248.4 248.3 248.4 247.6 247.4 246.5 246 245.1 244.8 244.5 243.3 241.6 240.4 239.1 238 236.2 235.5 234.3 232.4 229 226.2 224 222.4 220.2 219 217.6 215.6
220.7 221.3 223.9 227 229.4 233.6 234.3 234.1 235.7 237.9 240.2 241.5 242.2 241.3 241 241.1 241.7 242.6 242.4 240.9 240.4 240.1 239.9 239.7 239.4 239.9 239.2 239.1 240 241.7 243.9 246.5 249.1 251.3 252.6 253.1 252.2 253.3 255 255.1 255.6 255.6 255.4 252.6 251.4 248.6 248.6 248.1 248.4 249.5 249.4 249.3 249.1 249.4 250.1 251 251.5 252.3 253.4 254.5 254.9 254.4 254.2 253.9 253.5 253.5 252.7 250.7 248.5 246.4 244.6 243 241 238.5 237.2 235.5 233.8 231.7 227.6 224.6 223.2 221.8 220.9 220.2 218.2
218.4 219.4 222.1 224.9 227.8 230.3 230.1 232.1 233.9 235.9 238.3 239 239.3 239.4 238.9 238.9 239.7 240 240.5 239.7 239 238.9 238 237.6 237.9 238.7 238.6 238.8 239.8 241.8 244.3 246.9 249.9 251.7 253 252.1 252 253.1 253.8 254.1 254.8 254.1 253.3 251 251.1 248.2 247.9 247.3 248.8 249.9 249.8 250 250.5 253.2 256.7 258.3 261.6 264.4 264.8 265 264.6 263.3 263 262 260.5 260.4 259.3 257.7 254.4 251 248.1 245.3 244.1 241.9 239.3 236.3 234.1 230.1 227.2 225 223.9 221.7 220.9 220.3 218.2
217.4 218.3 220.4 223.3 226.7 227.2 230.1 230.6 231.7 233.5 235.7 236.2 237.2 237.3 237.1 236.6 237.3 238.2 238.8 238.8 237.8 238 237.7 237 237.6 238.3 238.5 238.9 239.7 242.3 245.1 247.2 249.6 251.2 251.7 250.7 251 251.7 252 252.1 251.9 251.7 250.8 249.5 249.1 248.5 247.4 246.8 250 252.5 254.1 255.8 257.5 259.1 261.8 263 264.7 264.6 266 266.1 266.2 266.5 265.6 264.2 263.6 262.2 261.2 259.9 257.1 253.1 249.8 248 247.1 244.2 240.4 236.8 234.1 230.3 226.4 223.3 223.7 221.1 219 217.8 216.8
216 218.3 219.9 221.9 223.2 224.8 227.2 228.1 230.1 232 233.2 233.7 234.7 235 234.9 234.9 235.7 236.5 237.3 237.6 236.8 237.1 237.1 236.9 237.5 238 238.4 239.7 240.5 242.7 245.2 247.5 249.3 249.9 249.5 248.6 249 249.5 249.9 250.2 249.9 249.8 249.8 248.8 248.3 247.7 246.3 246.1 249.9 254.1 256.4 258.7 260.4 261.8 263 264.2 265.3 265.2 265.4 265.5 267 267.1 265.8 264.7 263.4 262 260.8 259 256.8 252.5 251.2 249.1 247.9 244.3 240.6 236.7 233.7 230.5 226.6 223.7 221.3 219 216.8 215.6 214.6
215.3 216.3 219.1 220.6 220.5 221.2 224.7 225.5 227.8 229 230 231.6 232.1 232.7 233.2 234.4 234.6 235.1 236 236.2 236 236.1 236.6 237.1 237.9 238.6 239.3 240 241.5 243.2 244.9 246.5 247.9 248.5 247 245.5 245.8 245.9 247.4 249.3 249.6 249.6 250.4 249.2 248.1 246.6 245.7 245.9 248.9 255 257.6 258.8 259.4 260 261.4 262.9 264.4 265.9 267 268.6 269.3 268.2 266.3 264.3 263.4 262.7 262.2 259.7 256.3 252.7 251.4 247.9 246 243.5 240.4 236.9 232.4 229.7 226.1 223.5 221.1 218.6 217.1 216.5 215.5
215.3 215.8 216 217 217.8 219 221.3 222.6 224.2 226.4 227.4 227.9 229.2 230.1 231.5 232.4 233.5 234.4 234.7 235 235.5 236.2 237 238.1 238.8 239.5 240.3 241.1 242.4 243.2 244.3 245.1 246.5 246.6 244.9 244.4 244.6 244.4 245 247.5 249.4 250.2 250.4 249.3 247.8 246.5 245.5 245.6 249.3 255.3 257.9 258.4 257.6 257.8 258.7 259.5 261.6 262.8 264.7 267.9 269 268.1 267.7 265.9 263.7 263 261.5 259.9 258.1 254.3 250.6 247.9 244.4 240.9 238.5 236.1 232.9 229.7 226.2 223.7 221.9 220.2 218.2 217.3 216.3
214.6 217.2 216.9 217.6 217.5 217.8 218.7 220 221.6 223.6 224.9 225.3 226.4 228.1 229.1 230 231.1 232.9 234.6 235.2 235.8 236.4 237.5 239.2 239.8 240.5 241.5 242.3 243.3 243.4 244 245.1 244.9 244.6 244.3 244.5 244.5 244.5 244.9 247.6 248.8 249.4 248.8 247.7 246.7 245.5 245.2 245.8 250 255.2 257.9 256.7 256.2 256.5 256.6 256.2 256.9 259.3 259.4 264.1 267 266.7 263.9 263.9 262.1 262 260.1 259.8 258.4 257.8 255.2 251.5 248.6 244.9 241.1 238.9 236.3 233.1 229.9 226.6 223.2 222 220.1 219.4 218
213.1 215.8 217.9 218 217.9 217.9 217 218.4 219.7 221 222.6 223.5 224.2 225.9 228.6 230.6 232.7 233.8 234.1 234.6 235.6 236.2 237.2 239.9 240.9 241.5 242.9 243.4 243.5 243.6 243.8 243.8 244.3 244.2 244.5 244.6 244.6 244.9 245.9 247.8 248.5 248.4 247.6 246.2 244.8 244.5 245.5 247.3 250.9 255.5 258.2 257.8 256.8 256.8 256.2 256.2 256.2 256.2 256.3 260 262.7 262.5 261.8 261 261.4 261.4 260.5 259.5 258.2 257.6 256.4 254.7 251.1 248.6 245.6 243.5 240 236.2 233.3 230.2 227.4 224.4 222.5 221 219.5
211.7 213.6 216.3 217.5 217.3 217.6 216.9 216.5 217.9 218.7 219.6 220 221.9 226.6 228.5 230.5 232.4 233.4 233.6 233.9 234.6 235.7 237.2 239.7 241.8 242.6 243.3 243.3 242.9 241.9 243.5 244.8 245.1 245.3 245.2 245.3 246.7 248.5 249.3 249.3 247.8 245.5 244.9 244.4 244.8 248.8 250.2 252 254.6 255.3 256.4 257.1 257.3 256.5 256.7 256.2 256.3 256.1 256.4 257.7 258 257.6 259 259.3 259.6 260.1 259.5 258.9 257.8 257.1 257.2 255.5 252.8 251 247.7 246.2 243.4 240.4 236.9 233.8 231.7 229.1 226 222.4 220.8
210 212.1 213.8 216.3 216.9 217.3 216.8 214.6 217 218.5 219.3 222.4 225.1 229.7 231.6 231.1 231.5 232.4 232.4 232.8 233.6 234.7 236 238.4 240.9 241.8 242.1 242.4 241.3 240.8 243.6 245.4 247.4 249 249.1 248.8 250.1 250.5 251.7 248.8 244.2 242.5 241.9 241.9 246.8 253.9 255.6 254.8 254.3 254 254.3 255.4 257.2 257.6 257.6 258 257.8 257.6 257.6 257.7 256.2 256.2 257.3 257.9 258.8 258.9 258.3 257.7 256.9 256.4 255.8 255.7 253.7 250.9 249.5 247.8 245.5 243.6 239.1 236.6 234.4 231.9 229.4 225.7 223.5
210.7 209.4 212.1 214.4 216.2 215.9 215.8 213.4 216.8 218.7 223.6 228.9 232 235.7 235.8 232.2 230.9 231.1 231.5 232.2 233.4 233.8 234.9 237.1 238.7 239.7 240.1 240.2 239.6 241.9 245 246.1 248.6 248.7 248.6 248.7 249.1 250 250 247 242.1 240.4 238.4 243.4 248.1 255.1 255.3 254.7 253.8 253.9 254.3 255.8 256.8 255.7 256.1 256.6 257.1 256.3 255.2 256.4 256.1 255.3 255 256.5 257.5 257.6 256.7 256 255.3 254.2 253.5 253.1 251.9 251 248.4 246.4 244.6 242.9 240.8 237.8 235 233.2 231.1 227.9 225.9
211.2 208.5 210.7 213 214 210.6 211.6 216.9 217.6 218.3 222.4 228.1 231.3 234.7 236.2 233.2 232 231.2 231.3 232.5 233.4 233.2 234.1 235.4 236.7 237.2 236.6 238.7 242.8 245.6 247.4 248.1 248.7 249 248.7 248.7 250.2 250.7 251.5 245.8 239.8 236.9 240.5 243.1 247.5 255.1 255.3 253.6 253.8 254.2 255.6 255.4 255.2 253.4 254 255.2 253.9 253.2 252.4 252.8 252.7 252.9 252.6 254.1 255.4 255.9 255.4 254.5 253.4 252.3 251.2 250.1 249.4 248.9 247.4 244 241.5 240 238 236.8 234.9 233 231.1 229.2 227
209 209.8 206.3 207.6 208.2 213.3 215.8 217.1 218 219.5 221.6 224.5 228.6 231.8 233.8 233.3 232.6 232.2 231.9 230.9 231.5 232.1 232.4 234 234.4 234.2 236.6 242.8 245.5 247 248 249 249.5 248.6 249.6 249.8 250 250.2 247.7 241.8 238.2 234.6 239.9 243.5 247.1 251.3 254.3 251.2 251.8 253.7 254.5 255.2 254.3 254.2 253.9 253.5 252.5 252.1 252.2 251 249.6 249.4 250.1 251.8 253.4 254.2 254.1 252.6 251.4 250.3 249 247.4 247.2 246.5 245.1 243.1 240.6 238.2 235.8 234 232.2 230.3 228.6 227.3 226.5
206.1 207.4 206.2 205.6 212.2 213.3 214.9 217.8 218.8 221.8 223.4 224.3 224.9 227.1 229.5 229.7 229.3 229.6 229.3 228.9 229.8 230.9 231.9 233.6 233.9 233.7 236.5 241.2 245.6 247 249.3 249.9 249.3 249.5 247.8 249.1 249.8 248.6 243 239 235.9 235.3 239.8 245.4 248.7 250.3 255.4 247.6 247.8 248.7 251.6 254.3 254.5 253.3 251.3 252 252 252.4 252.2 249.8 248.9 247.9 248.1 249.8 251.7 252.6 252.5 250.4 248.8 247.6 246.4 245.1 244.5 243.6 242.7 241.4 239.4 237.8 235.1 232.3 229.9 227.6 225 223.2 222.7
202.8 204.2 205.8 204.1 210.5 211.9 213.7 217.1 218.7 222.5 225 226 222.9 221.7 223.9 225.3 225.5 226.3 226.6 226.5 227.1 228.8 231.1 233.1 231.9 233.2 236.3 239.7 243.3 244.3 246.5 249.7 247.7 248.4 247 248.4 245.7 243.2 239.4 236.1 234.1 235.9 238.5 245 248 247.8 250.4 245.6 244.8 246.1 248.3 251.3 254.4 254.6 252 251.1 251.6 252.8 252 249.1 247.5 246.7 246.5 247.7 248.5 249.8 249.9 249 247 244.2 243.1 241.6 240.5 240.3 239.7 238.9 236.7 234.5 231.5 229.2 226.8 224.6 221.8 218.8 216.9
199.4 200.9 201 203.3 206.9 209.2 210.4 213.6 216.1 219.1 222.7 223.8 221.4 216.9 218 220.2 221.9 222.8 223.5 223.4 224.1 225.7 228.1 230.5 233.6 237 237.3 241 241.8 242.1 242.6 245.4 246.8 246.6 244 242.4 240.6 238 235.4 231.7 230.8 235.1 236.8 240.8 243.6 242.6 241.6 243.2 243.2 245.3 246.7 248.5 252.9 253.6 251.2 248.4 247.3 247.6 248.4 247.4 245.7 244.9 244.5 244.9 245.2 246.9 247.5 246.2 244.3 242.1 239.6 238.6 237.6 236.8 235.7 234.4 232.4 230.3 227.2 225.2 223 220.5 218.3 215.8 214
194.2 195.8 193.1 200.5 203.5 206 207.8 209.3 212.1 213.9 216.9 218.2 217.5 214.5 213.5 216.5 218.9 219.7 221.8 224.3 230.3 233 233.2 234 235.7 237.8 238.5 239 239.6 241 239.8 241.8 243 242.2 240.1 238.3 235.7 233.8 231.8 228.6 232 233.5 234.8 235.6 237.5 235.9 236.2 238.4 239.7 243.1 244.6 245.1 245.9 245.5 244 242.6 241.9 242.9 243.8 244.6 244.5 243.7 243.2 243.7 243.2 243.7 244.2 242.9 241.4 240.4 238.3 236.4 234.9 234.3 232.7 230.7 228.4 226 223.2 221 218.9 217.8 214.9 213.1 211.8
189.7 189.4 194.2 196.9 200 202.8 204.6 206 207.6 209.3 211.4 213.2 213 211.2 212.8 217.8 220.5 223.2 226 227.2 230 232.6 234 235.4 236.5 237 237.1 236.5 236.9 238.6 238 239.4 240.1 238.4 236.4 235.2 232.6 231.2 229.3 226.2 229.1 230.2 231.4 232.9 235.2 235.1 233.2 234 235.6 238.5 239.9 240.5 239.7 237.7 237.4 236.2 235.4 235.9 238.8 243 244.5 244.5 244.9 244.6 242.5 242.1 242.2 241.5 239.8 238.3 236.9 235.1 233.5 231.6 229.3 226.9 223.7 221.2 219.2 217.5 215.2 214.1 212.7 211.1 209.5
185.1 187.2 190.7 193.8 196.7 199.4 201.1 202.7 204.2 205.7 207.2 208.1 208.8 207.4 215.2 220.5 223.3 224.6 226.1 227.5 229.6 231.9 234 234.7 236.1 236.3 236.2 235.5 236.6 236.7 237.4 236.5 236.8 235.5 232.7 232 231 230.2 229.6 223.5 224.4 226 227.4 230.9 233.1 233.8 233 233.1 233.1 234.9 235.7 238.7 236.2 236.1 234.9 233.9 233.4 233.2 234 237.5 241 243.5 244.8 244.8 243.7 241.8 240.6 240.5 238.8 236.3 234.3 232.3 230.2 228.2 225.1 222.9 219.9 217.4 215.6 213.7 212.6 211.8 210.8 209.8 208.4
182.4 184.3 186.7 190.1 193.6 196.1 197.9 199.6 201 202.4 203.2 203.9 204 207.9 213.9 219.4 223.4 223.5 223.6 222.9 226.5 231.1 232.7 232.7 234.8 234.9 233.5 233 234 236 236.1 236.7 236.4 234 230.1 229.2 229.6 228.6 229.1 224.2 220.1 221.6 222.3 226.5 229.6 232 233.8 234.1 232.7 232.8 233.4 239.3 242.1 238 236 233.9 233.1 232.8 232.6 232.8 236.3 240.3 243 244.1 242.5 241 239.4 238.5 236.6 234.1 231.4 229.1 225.6 223.3 220.9 218.5 217.1 215.7 213.4 211.9 210.6 208.7 207.5 206.1 205
181.2 184.2 188.5 192.6 192.5 192.7 194.6 196 196.9 198.6 199.8 201 203.8 207.4 211.2 215.1 218.6 220.1 219.2 218.5 221.6 224.7 227.9 229.2 230.1 231.5 229.4 229 231 233.3 234.4 235.7 235.3 231.6 228.5 226.1 226.9 227.3 226.8 224.3 219.1 217.3 218 220.3 222.9 226.2 230.5 234.1 237.2 232.3 232.1 236.6 242.3 243 238 235.1 233.8 232.6 232.7 232.9 235.8 238.2 240.6 241.6 240.7 239.1 237 235.8 233.9 231.6 228.2 226 222.7 220.3 218.4 216.6 215.8 214.9 213 212.7 212.2 211.6 210.1 208.8 207.8
179 182.6 186.6 191.4 194.9 194.5 194.2 196 198.6 200.9 203.4 204.5 205.3 206.6 208.3 211.8 213.6 215.5 215 215.1 217.3 220.9 224 226.2 226.1 227.8 226.8 224.3 226.7 229.7 231.7 232.7 231.9 229.3 226.3 224.5 224 225.4 224.6 223.9 219.5 215.8 214.7 216 217.1 219.6 223 230.6 234 230.4 233.3 233.5 242.7 248.5 246.2 239.6 235.6 233.9 232.8 232.5 234.7 236.9 239.4 238.8 237.5 235.8 234 230.7 230 228.2 225.9 223.4 221.4 219.5 218.5 217 215.6 217.2 216.6 216.3 215.6 214.6 213.5 212.3 210.3
