app/static/ascii/NY97.asc
ncols 200
nrows 200
xllcorner 390000
yllcorner 570000
cellsize 50
[rows 0 to 34 of 200, columns 79 to 157 of 200]
220.8 216.9 213.4 209.4 213.5 214.5 213.7 212.7 215.7 220.9 222.9 222.9 223.6 224.9 226.1 222.7 221.4 222 224.4 224.6 224.4 223.8 223.9 223.1 223.8 224.1 224.5 225.4 225.8 224.4 223 223 224.6 225.1 222.9 222.5 221 219.4 218.1 223.6 225.1 226.1 226.2 225.1 225.7 225.8 224.2 222.6 220.2 216.9 214.8 213.8 213.2 213.8 215.5 217.2 217.9 217.4 216.3 213.8 210.1 208.1 207.3 208.7 214.4 218.4 221.7 226.4 229.1 230.9 231.7 230.7 229.1 229 230.6 233.4 236.3 238.9 241.6
218.8 215.1 208.8 212.6 215.8 218 216.6 214.5 217.9 221.8 222.6 224.4 227.5 229.1 229.7 228.2 226.7 227 226.9 225.3 224.3 224.1 223.5 222.8 222 221.6 223.4 225.5 226.9 226.8 225.6 226 225.2 224.4 222.4 221.2 220.5 217.3 217.8 221.7 224 225.3 225.2 223.8 224.2 224.3 221.7 219.4 217.4 215.5 214.5 214.6 215.9 217.3 217.8 217.4 215.5 214.3 212.1 209.5 207.8 208.1 209.1 214.3 218 220.5 223.6 226.6 228.7 229.7 230 228.7 228 230.3 232.4 234.1 236.3 239.6 241.1
214.4 210.9 207.7 211.6 215.5 218.3 218.4 217.7 220.3 223 224.8 226.4 229.2 230.5 231.3 231.3 230.9 230.3 229.7 228 226.2 225.8 224.3 223.5 222.6 218.6 222.9 225.6 227.6 227.7 228.5 227.3 225.6 222.9 219.9 218.7 217.6 215 217.1 220.2 222.2 226.7 224.7 224.1 223.9 223.1 220.2 218 217.1 216 215.6 216.1 217.4 217.8 216.5 213.7 211.9 211.1 209.5 207.3 210.3 211.8 212.1 215.6 217.9 220.2 222.8 225.2 226.2 227.1 227.8 228.5 227.6 230 231.6 232.2 235.8 238.3 239.9
210.2 207 212.1 214.8 218 220.8 221 221.4 221.6 221.2 223.7 225.3 226.2 227.3 228 229.2 228.8 228.8 228.6 227.6 226.1 223.6 222.1 221 220.1 218.9 225.2 227.8 227.8 226.7 225.9 224.6 222.6 219.8 216.4 214.5 213.4 212.5 216.1 219.7 223.8 224.9 223.9 223.4 223.4 221.4 219.4 217.7 216.8 215.9 215 215.7 216.6 215.6 213.2 210.2 209.3 206.4 206.5 209.7 212.9 214.6 215.3 216.4 216.3 217.1 219.6 220.8 221.9 224.5 227.5 227.4 227.1 228.8 230.2 231.3 233.9 235.9 232.2
206 210.1 214.3 219.6 223.1 224.6 224.8 225.1 225.9 225.4 223 218.6 220.1 220.8 221.2 221.7 221.7 222 221.4 220.9 220 219 216.5 214.9 215.5 218.8 223 224.6 223.4 221.7 221.2 219.9 217.7 215.1 213.1 211.2 210.7 211.7 215.7 219.3 224.8 223.8 222.6 222 222.3 220.8 219.5 217.9 217.6 216.6 214.6 213.7 213.2 211.1 208.7 206.8 206.6 211.2 211 212.6 215.3 215.8 215.6 215.9 216.4 216.2 215.1 216.3 220 225.1 226.7 226.8 226.7 227.6 227.6 228.8 230.7 230.2 226
205.3 206.1 212.9 217.5 221.5 224.2 225.9 226.6 226.2 224.6 222.5 218.9 215.8 215 215.9 216.7 217.1 216.4 216.7 215.8 214.9 215.5 214.1 213.4 215.4 219.2 220.9 219.7 217.8 216.9 216.6 216.1 214.6 213.5 212.1 209.6 209.8 212.9 214.6 218.3 222.5 222.3 221.1 220.6 220.7 219.9 218.6 217.5 217.2 215.9 213.6 210.7 208.7 207 205.8 203.9 208.8 212.4 212.1 209.5 210.2 212.2 215.8 218.2 218.5 217.6 214.5 215.2 221.6 225.6 226.2 226.6 225.5 225.5 225.5 225.3 223.9 222.2 220.6
207.8 205 204.6 213.9 218.9 222.6 224.8 225.7 224.5 222.6 220.4 217.8 214.1 212.4 213.4 214.6 214.9 214.2 214 214.3 212.7 212.2 212.8 211.5 213.6 215.6 215.6 214.1 212.5 211.9 212 211.5 211.7 211.3 210.9 209 209.6 212 215.5 219.1 221.2 220.7 219.5 218.3 219.2 218.5 217.4 216.1 214.5 213.1 210.1 207 205.4 204.5 203 204.7 206.8 208.5 210.1 209.3 208.9 214.1 216.9 217.9 217.4 215.5 213.4 217.1 222.2 224.2 224.7 225.4 224.8 223.7 223.2 224.4 233.3 228.8 228.8
209.8 211.8 204.9 211.7 216 220.2 223.6 224.8 224.2 222.5 220.4 217.8 214.9 212.7 212.4 213.3 213.6 212.8 212.5 212.1 211.5 211.1 210.7 210.5 211.3 211.6 210.9 210.2 209.4 210 210.2 209.6 210.3 210.7 209.8 208.5 208.1 213.1 220.4 221.4 220.4 219.4 217.3 215.4 216.6 216.3 214.7 212.2 210.9 208.5 205.3 202.9 202.1 202.3 201.3 202 203.6 205.2 206.6 205.6 207.9 211.4 213.1 214.2 213.8 212.2 213.7 217.9 221.4 223.2 224.3 224.7 224.2 223.7 230.5 234.5 232.2 229.1 226.4
214.4 213 208.9 206.7 212.3 215.4 218.4 220.5 219.8 219 217.1 214.6 212.4 210.9 212.6 214.3 214.6 214 213.4 212.2 211.1 211 211.4 209.7 209.6 210.1 209.2 208.1 208.3 208.3 208.5 208.2 208.9 208.8 208.5 207.8 207.6 211.8 217.7 218.6 217.9 216.7 215 213.2 211.6 211.5 208.8 206.9 205.2 202.9 200.5 199.1 199 199.8 199.5 201 202.3 202.6 203.6 203.4 204.6 208.2 209.4 211 210.3 210.4 213.5 217.7 221.2 223.3 224.6 225.2 225.5 223.9 234 233.7 230.4 227.7 225.3
216.7 213.3 211.6 203.4 210.1 212.4 213.7 213.9 214.5 212.5 211.4 210.4 210.3 210.9 212.1 212.7 213.4 213.2 212.7 211.2 210.8 211 210.7 208.9 208.4 208.1 208.5 208.1 208.2 208.5 208.7 208 208.5 208.5 207 207.4 207.5 208.2 211.9 216.8 214.6 212.6 211.1 209.8 208 205.9 203.8 202 200.9 199.4 198.4 198 198.3 198.5 198.8 200.1 202.2 201.4 201.7 202.9 204.9 206.9 207.6 208.1 208 211.7 216.4 220.3 222.7 224.3 225.7 226.9 227.1 226.1 230.3 232.6 229.3 226.1 211.1
217.5 213.9 212.3 204.9 212.7 216 217.7 217.3 216.6 214.7 211.3 210.2 209.8 210.3 210.3 210 210.1 211 211.8 211.5 212.8 212.4 210.4 208.3 208 207.9 208.5 208.5 210.6 212.7 209.9 209.2 210.9 208 206.7 208.2 208.9 206.1 206.4 206.3 212.2 209.1 206.8 205.8 204.7 203.3 201.7 200.3 199.3 198.9 198.1 197.5 197.8 197.9 198.1 199.2 200.8 201.1 201.8 203 204.4 205.7 205.6 206.1 207.4 213.9 217.4 220.6 222.8 224 225.7 227.4 229.2 230.6 230.7 231.3 228.2 213.3 209.8
216.5 213.8 212.3 204.7 212 215.3 215.2 214.7 213.4 212.1 211.2 210.2 209.8 209.3 210 209.9 210 210.8 210.6 211.5 212.4 211.5 209.2 207.9 207.9 207.8 208.8 210.5 213.1 212.2 211.5 210.3 209.4 207.1 206.6 209.3 208 205.7 205.3 205.3 204.9 204.6 204.3 205.1 203.5 202.5 200.8 200.2 199.2 198.4 197.7 197.2 197.4 197.4 197.8 198.5 200.3 202.1 203.3 204.3 205.8 204.8 204.8 205.5 207.8 213.2 217.2 219.2 220.2 221.3 223.8 226.4 229 230.3 230.7 230.3 222.6 212.7 209.5
215.1 212.7 211.5 204.1 210.9 211.9 212.2 212 212.1 211.3 210.3 209.8 209.8 209.4 210.1 210.9 211.1 212 212.3 212.7 213.1 211.3 207.4 207.5 211.4 216.6 217.7 215.5 215.8 213.7 211.7 211.2 208.9 206.7 207.6 210.4 207.5 206 206.4 212 209.2 206.3 205.8 206.3 205.6 203.6 203.1 201.6 199.7 198.9 197.5 197.5 196.9 197 197.6 199 202 204.2 205.5 205.2 205.5 204.7 204.4 205.3 208 211.1 212.9 215.6 217.5 218.5 220.1 222.3 224.7 226.3 227.8 226.8 214 209.9 208.7
213.9 211.8 210.5 206 208.1 209.9 210.8 211.1 211.4 211.9 211.5 211.1 209.6 209.5 212.1 213.3 214.1 214.2 214.7 214.1 212.3 209.2 209.3 214.8 216.9 217.8 215.6 215 214.3 212.6 211.3 209.9 207.5 205.9 206.9 208.2 206.1 205.7 205.7 206.6 210.8 206.3 205.3 204.3 203.7 203.6 204.2 202 199.8 199.7 197.2 197.3 197 197.3 197.9 199.6 203.1 205.2 205.7 204.9 204 203.5 204.2 205 206.2 208.6 209.7 213.3 215 214.7 214.3 215.9 218.4 221.6 224.7 227 217.9 209.5 207.2
213.6 212 210.5 208.8 203.3 206 206.4 207.2 208.3 209.3 210.5 210.9 210.4 208.4 210.9 213.2 212.7 210.8 209.8 209 207.1 206.7 207.3 209.6 211.3 213.2 212.2 212.4 212.1 210.9 209.8 208.5 206.4 205.7 205.8 205.9 206 205.9 208 209.3 209.3 206.3 204.7 204.9 204.1 203.1 203.7 202.7 200.8 198.7 196 197.9 196.7 197.4 197.5 200.1 203.5 205.4 205.6 205.1 204.6 203.1 206.2 208.7 209 208.5 207.4 208.1 210.7 210.7 209.9 209 213.3 221.5 227.4 225.7 221.1 208.8 205.3
211.5 209.4 208.6 207.2 201.3 203 204.6 209.1 212.6 213.6 213.4 213.5 213.5 211.8 205.8 208.7 209.4 207.9 206.7 206.2 206.3 207.8 208.7 208.1 208.7 210.6 209.4 210.2 209.3 208.1 207.9 206.7 205.8 205.7 205.5 205.9 207.3 210.8 213.7 211.2 208.8 206.7 206.6 202.9 203.6 204.4 204 201.8 199.1 198.3 196 196.9 196.1 197.4 198.7 201.3 203.7 204.9 205 205.1 205.4 203.2 206.8 209.3 209.2 208.4 207.8 206.1 209 209.3 208.8 209.1 211.1 212.8 218.9 215 214.1 214.1 203
208.5 207.8 207 205.5 202.2 201.3 206.8 212.2 214.4 216.1 217 217 216.3 214.3 211.5 208 206.4 206.7 206.8 206 207.3 208.7 208.4 207.9 210.3 209.2 208 208.2 207.2 206.9 206.8 206.5 205.8 205.5 205.5 206 210.9 213 211.8 208.7 207 205.4 205.4 201.1 200.7 202.3 202 195.8 194.3 194.4 194.7 195.9 196.3 197.5 198.9 200.7 202.5 202.8 202.8 202.4 202.6 201.3 203.4 206.3 206.6 206.5 206.5 204.7 207.2 207.5 209 210.7 211.7 211.8 212.4 213.2 209.6 208.4 202.3
212.8 211.4 210.2 208.9 205.2 201.3 208.4 212.3 216 218.9 220.2 220.2 220.2 219.4 217.3 213 208.6 206.7 206.5 205.8 206 206.6 208.4 208.9 209.5 210 210.7 210.6 210.3 209.3 207.7 206.6 206.8 206.1 206.1 206.9 208.1 210.8 209.9 207.8 205.1 203.8 203.6 200.3 198.8 201.5 200 194.1 200 199.4 200.5 200.1 199.9 200.4 201.6 202.7 202.9 201.7 200.7 200.2 200 200.5 200.8 202.4 202.8 202 203 203.1 206 208.1 209.5 211.1 212.7 213.1 211.9 208 206.9 202.4 203.3
213.2 211.8 210 207.9 204.6 201.3 204 207.1 210.4 213.1 213.5 213.4 213.5 213 212.3 209.1 205.3 205 206.1 205.7 206.4 208.8 211.7 213.2 214.9 216 216.7 218.4 218.1 217.9 213.1 211.9 207.9 211.2 218.7 221.7 215.8 215.6 211.6 208.9 205.5 204.7 201.8 199.9 198.5 199.2 198.6 195.8 200.2 200.6 200.4 199.9 199.3 199.7 200.7 200.4 200.2 199.8 198.8 198.3 197.9 198.4 198.7 199.9 199.6 198.5 200.2 203.3 205.4 207.1 208.7 210.5 212.1 212.6 212.5 210.1 205.4 203.5 200.3
210.5 210.5 209.5 208 204.5 201.3 201.3 203.7 206.7 207.3 207.7 207.8 208 208.5 205.9 204.2 204.3 205.1 206.8 208 211.5 215.1 217.6 220.9 223.8 225.4 224.6 224.6 222 218.4 215.8 213.3 208.4 224.4 225 221.1 217 216.1 211.6 207.1 205 203.9 200 196.8 197.7 199.1 199.7 193.2 197.1 198 198.1 198 198.5 199.1 199.3 199 198.7 198.8 198.6 198.1 196.9 197.5 197.7 198.3 197.9 196.7 199.7 202 203.9 205.6 207.6 209.6 211.5 212.5 212.2 210.8 207.3 202 203.4
210.7 210.2 210.4 208.3 205.2 201.3 201.3 201.6 205.4 205.4 205.5 205 205 204.6 203.9 204.3 204.3 208 210.5 213.4 218.3 222.9 225.9 227.8 228 227.5 225.3 222 220.3 217.2 214.9 210.9 208.7 213.7 221.7 218.5 215.4 213.4 211.6 207.6 205.1 201.9 198.8 196.4 198.2 199.9 199.6 191 195.5 196.1 195.6 196.4 198.6 199.5 198.9 197.8 197.5 198.7 199.8 198.7 197.3 196.1 196.5 196.6 195.6 195.7 198.5 200.2 202.1 204.6 207.3 209.3 211.6 212.4 212 210.2 207.3 201.9 198.3
210.6 208.1 207.8 206.5 203.7 199.8 201.1 201.4 205.3 205.4 204.4 203.3 203.5 201.6 205.2 204.6 205 211.5 213.8 216.8 221.6 225.6 228.5 228.9 227.6 225 222.6 220.2 218.6 216.7 212.8 211.1 210.6 209.8 219.5 220.5 214.6 210.9 208.6 207.4 207.5 202.2 197.7 195.8 198.9 199.4 193.9 190.5 195.3 194.8 195.2 195.6 197.7 198.6 198 196.8 198.6 200.5 202.1 200.3 198.5 197.5 195 196.4 194.8 195.2 198.5 201 202.9 205.2 208 210.1 212.2 212.8 212.8 210.9 207.1 202.4 196.3
209.3 205.3 203.5 204.9 202.4 199.4 199.4 199.4 202.9 204.4 205.3 205 205.2 205.4 205.4 205.2 207.4 213.3 215.8 218.9 222.4 225.5 226.9 226.4 224.7 222.4 221.2 219.8 217.9 215.9 213.5 212.3 213.4 213 213.1 215.4 211.7 209 206.2 204.5 204 199.9 196.6 195.2 196.8 198.4 190 193.1 194.6 194 193.4 193.9 195.3 196.1 196.2 197.3 201.5 203.3 202.4 199.9 197.9 197.6 196.4 194.3 192.8 197 200.7 202.9 204.6 207 208.9 209.9 208.2 210.3 211.5 208.3 203.1 197.7 194.8
206.4 202.1 200 199.8 199.4 200.8 205 207.2 207.5 207.5 206.9 206.5 207.2 207 206 205.7 207.7 212.6 216.7 219.4 222.2 224.3 224.5 223.2 221.5 220.4 219.6 217.5 215.2 214.4 212.5 211.2 212.3 212.9 213.9 212.6 209.6 207.5 204.9 202 200.5 196.6 194.8 194.5 195.2 194.2 188.9 193.4 193 192.5 192.4 193.5 195.1 195.4 195.6 196.5 200.7 202.1 201 199 198 198.3 198.1 197.6 194.7 191.5 196.6 202.2 202.4 202.4 202.2 203.2 202.8 203.4 207.3 205.9 201.7 194.4 197.8
204.4 203 199.4 199.4 201.4 207.4 208 207.2 207.3 206.8 208.5 209.8 209.6 208.3 206.5 206.1 208.4 210.3 216.3 219.2 222.3 223.6 223.8 222.4 220.4 217.5 215.7 213.2 210.6 208.8 207.5 206.5 206.9 208.8 211.9 212 207.7 205.4 202.8 200.3 198.1 195.4 194.3 194.1 194.8 188.9 188.7 192.4 192.5 192.2 192.3 193.5 194.6 195.6 195.9 196.8 198.8 198.8 197.3 197.2 200.1 201.8 201.5 201.2 200.4 199 192.3 191.8 193.1 197 197.7 197.3 197.9 197.6 199.1 199.1 197 192 188.3
203.1 203.7 199.4 199.4 203.1 206.6 207.2 206.2 205.8 205.8 208.8 210 209 207.8 206.6 206.9 210.6 212.6 216.6 220.6 223.1 223.8 222.9 221.1 218.5 215.6 212.3 209.3 207.1 205.8 205.7 205.3 205.2 206.5 211 209.6 206.9 204.8 202.3 200.4 197.4 194.4 193.9 194.4 192.7 187.3 189.4 191.9 191.7 191.6 192.5 193.5 194.5 195 195 195.7 197.3 197.1 197.1 200.6 202.5 203.1 202.3 201.7 200.8 198.6 196.9 193.7 186.3 191.3 193.4 193 193.3 192.9 191.8 192.1 190.6 191.4 186.1
201 201.7 199.4 199.4 203.4 206.6 206.4 206 205.4 206.7 209.5 210.8 209.7 207.1 206.2 206.5 208.3 210.9 215.8 220.2 222.3 222.6 221.6 218.4 215.1 211.7 209.2 206.7 205.7 205.3 205.2 205 205.5 206.9 208.4 207.1 206.3 203.5 201.9 199.4 196.1 194.7 194.6 194.1 189.3 186.5 188.9 191.2 190.5 190.9 192.2 193.1 193.7 193.8 194.2 195 196.3 195.7 196.7 200.3 202.1 202.1 201.3 200.6 200.7 200.8 200.9 199.1 195.8 185.6 185.5 186.6 188.1 186.9 186.9 188.3 188.6 189.3 188
200.8 201.4 199.4 199.4 202.2 204.7 205.4 205.7 207.8 209.3 210.4 211.2 210.2 207.2 205.9 205.7 206.5 208 210.2 212.9 214.8 215.2 213.7 211.5 208.7 206.8 206 205.6 205.4 205.2 206.1 213 215.6 213.2 211.4 208.3 207.2 203.5 200.7 197.6 195.3 195 195.5 190.8 188.2 186.3 188 191.8 190.3 191.7 193.3 194.3 194.2 193.9 193.5 195 195.4 196.3 197.4 197.8 198.2 198.5 198.8 199.5 200.9 202.1 201.8 200.5 197.7 192.7 185.8 181.6 181.5 181.3 182.7 185.1 186.2 188.7 189.1
199.4 199.4 199.4 199.4 203.3 205.5 206.7 208 209 209.9 210.4 210 209.3 207.1 206.2 205.7 205.5 205.9 207.7 210.2 211.2 210.4 208.3 205 202.9 203.5 205 205.2 205.4 207.1 208.6 220.1 220 217.8 214 210.5 206.6 202.4 199.6 196.6 195.6 197.2 192.6 190.3 190.2 188.2 185.9 190.6 189.4 190.5 193.2 194.2 194.6 194.4 194 194.7 194.9 195.1 195.3 194.7 195.3 195.7 196.4 197.5 198.7 199.1 199.3 198.1 194.8 191.1 187.6 181.9 180 179.7 180.2 181.5 185.8 185.6 185.1
199.4 199.4 199.4 199.4 202.4 205.4 206.8 207.5 208.9 210.4 210.6 210.1 209.3 207.7 206.5 206.3 205.6 204.7 206.2 211 213.2 212 208.9 204.2 201.7 202.9 206.4 205.7 204.4 204.6 208.7 219.4 218.1 216.8 212.5 209.6 206.1 201.9 199.2 196.5 196 194.3 191.9 191.1 191.7 192.7 187.8 184.8 184.9 189.7 193 193.9 194.2 193.8 191.5 193 193 193.1 193.1 192.3 191.9 192.4 192.7 193.7 194.3 195.1 195.7 194.1 190.9 187.2 183.7 180.4 179.5 178.8 178.7 179.9 184.3 184.2 182
199.4 199.4 199.4 199.4 203 204.5 206.1 208 209.2 210.1 210.1 208.6 207 207.3 207.2 207.3 206.7 206.6 204.7 205.4 207.1 206.3 204.3 201.7 201 203.8 207.4 207 206.3 205.4 209.9 218.6 217.4 215.5 211.6 207.6 203.5 199.8 197.3 195.1 194.2 191.8 190.3 192.8 193.9 192.5 190 187.3 183.5 186.4 191.3 192.4 192.5 191.8 189.9 190.1 190 190.5 190.6 190 189.1 188.8 189.1 188.7 189.1 189.3 191 188.4 183.6 181.5 179 178.8 178.4 178 179.9 178.1 179.4 178.4 176
199.4 199.4 199.4 199.4 203.2 204 205.2 207.5 208.8 209.7 209 207.7 206.4 209.6 212.8 214.5 214.3 213 211.7 208.7 205.3 201.1 200.6 199.5 201.5 203.9 206.4 207.2 206.1 205.1 208.5 217.3 216 211.8 209.6 206.1 200.1 197.5 195.9 193.1 192.1 190.4 189.4 192.3 192.4 190.9 189.3 188.4 183.6 183 187.2 188.1 187.7 187.7 187.5 187.3 187.4 187.9 187.9 187.6 187 186.2 186 186.5 186.8 188.3 188.6 186.5 182.8 181.1 178.9 178.3 177.8 177.2 177.2 176.7 176.1 175.7 174.2
199.4 199.4 199.4 202.9 204.9 206 207.6 210.9 213.1 213.4 214.4 213.6 209.8 206.8 208.4 210.1 211.3 211.9 212.2 210.6 206.9 201.3 198.3 200.6 203.3 206.3 206 206.4 206.1 205.8 207.4 214.7 213.6 209.3 205.2 201.1 197.6 194.8 193.1 190.1 188.8 189.1 188.8 190.1 190.3 189.4 187.7 186.5 184.6 181.4 183.8 185.1 185 185.8 186.2 185.8 185.5 185.5 185.7 185.8 185.2 184.8 184.4 185.3 185.9 187.7 187.3 185.5 184.1 181.5 182.2 182 181 180.5 179.4 179 177.9 176.4 174.2
199.4 200.8 204.8 205.2 206.5 206.5 208.6 212.5 214.2 215.1 214.5 212.7 211 208.6 206.6 205.1 204.8 204.9 204.9 204 200.2 199.8 202.9 205.8 207.6 208.8 208.3 208.5 208.9 208.5 208.7 213.3 211.1 205.9 201.2 197.7 194.3 193.4 190.7 187.5 186.5 188 187.1 187.8 188.1 187.5 187.1 186.3 184.5 181.3 180.6 182.1 184.2 185.6 186 185.3 184.1 183.6 183.9 183.7 183.4 183 182.9 183.3 184.1 185 184.5 183 183.8 182.7 185 186.4 186.3 185.9 184 181.8 178.5 176.3 173.3
200.3 206.4 207.7 207.3 207.8 206.1 207.1 209.8 211.3 212.4 212 211.2 209.7 208.5 206 204.2 203.1 202 202.1 199.7 200.5 207.8 209.3 210.7 212.1 213.2 213 212.1 211.1 210.2 208.8 209.8 209.4 205.4 198.7 194.9 191.7 190 189 185.7 186.5 187.4 186.1 186.2 185.8 184.9 184.5 184.3 183.6 182.4 179.5 181 183.8 185.1 185.2 185.1 184.3 182.7 181.6 182.3 181.8 180.8 180.5 180.5 180 178.9 177 180.3 183.8 187 190.6 192.9 193 192.8 190.2 185.2 181.6 177.9 175.4
