app/static/ascii/NY98.asc
ncols 200
nrows 200
xllcorner 390000
yllcorner 580000
cellsize 50
[rows 140 to 174 of 200, columns 0 to 77 of 200]
243.9 243.4 241.8 242.5 245.5 250.1 257.7 259.5 261.3 264.7 267.8 267 272.1 276.1 279.5 287.6 293.8 294.9 294.6 296.4 297.8 297.3 297.4 298.1 298.5 298.1 295.9 293.7 293.8 293.3 293.3 293.1 292.7 292.2 292.1 292 292 291.2 290.9 290.1 289.9 288.7 292 294.9 295.3 292.6 297.9 302.9 305 303.3 301 298 294.9 292.6 292.6 294.4 297.5 306.4 310.9 311.9 310.8 307.6 304.6 299.9 295.5 291 287.3 283.6 280.2 277.4 274.5 271.8 268 264.4 259.4 256.1 256.6 260.5
241.3 243.4 243.2 243.2 244.3 247.5 252 253.6 255.9 259.9 261.9 268.9 274.6 279.5 283.5 284.3 285.2 286.6 287.6 291.1 293.3 292.4 294 295.8 298.6 297 295.5 294.4 293.9 293.5 293.4 293.3 292.8 292.4 292.6 292.5 292.5 291.8 291.1 289.9 289 288.1 288.8 291 292.5 291.5 298 301.6 301.3 300 297.9 295.2 292.3 290.6 291.5 293.4 296.6 303.8 307.4 308.1 306.9 303.5 298.4 293.6 289.2 284.7 281 277.3 274.3 271.5 269.2 266.2 263.2 258.9 254.7 250.8 256.1 260.1
236.3 237.7 239 241 241.8 244.5 247.8 249.4 251.3 254.7 261.7 270.3 279.4 281.6 280.8 282.2 282.5 282.5 283.5 285.3 286 286.3 289.6 293.3 293.9 294 293.8 294.1 294 293.7 293.6 293.3 292.9 293.1 293.2 292.9 292.6 292 291.3 290.1 289 287.8 286.6 284.5 288.6 293.2 297.8 298.2 296.9 295.5 294.5 292.1 289.7 288.1 289.2 291.1 294.6 301.5 304.5 304 301.4 294.8 290.6 287.3 283.5 279.1 275.7 271.9 270 267 264.5 261.9 258.7 253.8 250.4 247.6 251.9 255.9
232.9 233.9 233.6 235.8 237.5 240.3 243.1 245.9 248.7 255.2 264.5 273.3 276.2 277.8 278.6 278.7 280.5 279.1 280.3 282 282.3 282.6 285 287.8 289.7 292.2 294.7 296.8 296 294.3 293.9 293.6 293.5 293.8 293.3 293.1 292.7 292.1 291.2 290.2 289.4 289.1 289.9 286.1 282.3 289.7 291.5 291.8 291.6 290.6 289.8 287.9 286.1 285.4 286.4 288.2 291.2 297 297.2 296.5 293.1 288.1 284.8 281.2 277.4 273 270.3 267.2 265.1 262.1 260.3 258.3 256.4 252.8 248.6 245.5 247.4 249.6
229.7 230.2 230.6 232 232.1 236 242.7 246.9 253.6 266.5 270.4 270 272 275.2 272.2 273.6 275.4 275.2 276.6 279.2 279.2 279.8 282.3 286.1 290.2 293.6 297.9 301.1 300.5 297.7 294.8 294.3 294.2 294.3 293.7 293.3 293 292.2 291.3 290.3 289.9 291.3 292.8 292.3 290.1 280.8 283.5 285.8 285.1 284.5 284.2 281.1 281 281.5 282.8 284.1 286.6 291.5 289.9 287.8 285.6 282.7 279.7 276 272.8 268.6 265.6 263.5 261.8 260.1 258.3 256.1 253.9 251.2 247.7 245.5 244.1 245.1
224.7 225.9 224.2 225.4 232.8 236.6 240 257.3 264.9 268.3 269.9 270 269.7 272.8 269.1 269.4 270.6 271.1 272.2 274.5 274.7 277.4 283.2 287.8 291.9 295.6 301.6 307.8 307.8 304.1 300.7 298 296.1 296.5 295.4 295.1 295 295.4 295 294 294.4 294.5 294.3 292.9 290.1 287.8 284.7 277.1 278.2 278.6 280.1 277.9 276.9 277.1 278.5 280.3 282.1 284.4 284.3 283.5 280.8 278.3 275.3 272.6 270.3 268 266.1 264.9 263.4 261.4 259.8 257.5 253.5 250.7 246.8 243.3 242.6 243.2
220.5 218.4 223.2 229.7 237 247.9 255.7 251.9 265.3 267.3 268.2 268.9 267 267.1 267.5 267.8 268.6 269.5 270.8 273.6 278 283.5 288.4 292.2 295.9 297.7 301.9 306.3 304.2 301.7 300.1 298.7 297.6 296.4 295.1 293.8 293.2 292.6 292.2 290.9 289.9 290.2 289.5 286.3 285.2 284.2 283 281 276.9 275.5 275.6 276.1 276.3 276.2 277.2 278.1 278.5 280.2 280 279 277.2 274.9 272.8 270.6 268.9 267.9 266.6 265.3 262.9 260.5 257.2 253.6 249.9 246.8 243.5 241.6 240.9 241.5
212.5 218.1 225.9 233.2 244.3 252.9 259.9 263 263.5 267.1 264.8 266 269.5 266.3 266.8 267.3 268.1 268.9 274 280.4 284.3 288.4 291.9 294.7 295.6 296.3 299.4 302.1 298.6 294.9 293.5 291.5 292.3 292 290.7 290.1 289.4 287.6 285.8 283.5 283.6 282.8 283.4 283.5 281.9 280.4 278.8 275.6 274.5 274.8 275 275.2 275.1 275.8 276.6 277 277.8 278 277.1 276.1 274.6 272.2 269.5 267.4 265.9 264.3 263.1 261.9 259.4 255.7 252.2 248.9 245.5 243.1 240.6 239.9 239.5 239.2
217.1 222.5 230 239.6 245.8 252.8 261.4 265.7 268.3 269.6 269.4 267.1 269.4 266.6 266.9 267.3 268.1 270.5 276.7 282.4 288.4 292 292.7 292.6 291.7 289.1 287.8 287.3 287.6 286 285.4 284.8 283.9 283.5 284.2 284 283.5 281.4 279.7 279.9 278.4 277.3 277.4 277.2 277.7 277.9 276 274.2 273.2 274 274 273.5 273.6 275.5 274.5 267.2 271 265.9 270.4 273.3 271.3 268.7 266.3 264 262.5 261.7 260.2 258.2 255.9 252.4 249 245.1 241.8 239.7 239.3 239.3 239.3 239.3
218.6 226.2 233 240.1 245.4 252 260.5 264.8 268.8 270.3 269.8 268.2 268.5 268.9 270.1 270.4 271.2 274.7 278.6 282.9 289.3 293.4 294.1 292.4 289.6 286.2 285.7 285.4 284.1 283.5 283.2 282.9 283 282.9 282.1 281.4 280.8 279.7 279.1 278.2 277.2 276.8 275.2 274.3 273.8 273.9 272.7 272.9 272.4 271.6 270.3 269.7 269.2 270.9 276.3 277.9 275 271 267.2 263.5 258.8 257 261 258.9 256.7 257.2 256 254.2 251.4 247.9 244.3 240.7 239.3 239.3 239.3 239.3 239.3 239.3
215.3 224.3 233.4 239.7 245 251.1 258.2 263.2 266.6 268.4 268.7 267.5 268.5 269.3 270.8 272.9 275.8 279.5 284 289.5 294.7 297.2 298.1 297.3 292.6 287 285.2 284.8 283.8 283.1 283 282.6 282.3 282.2 281.8 281.1 280.4 280.2 278.7 277.8 277.9 276.9 277.2 277.5 278 277.8 276.5 273.7 271.5 271.1 271.9 273.7 276.5 278.3 279.2 279.1 278.1 276.7 274.6 272.2 270.1 266.1 258.6 256.8 253 249.2 246 244.8 245.3 241.1 240.6 239.7 239.3 239.3 239.3 239.3 239.3 239.3
227.8 225.6 230.1 239.5 247.2 253.7 258.6 262.5 265.1 265.5 265.9 266.4 267.6 268.5 270.1 272 275.5 280.1 285.8 292.4 297.9 299.5 297.8 295.3 291.7 289 285 284.3 283.5 282.9 282.9 282.5 282.2 281.8 281.4 280.8 279.8 279.2 279.4 278.8 278.1 278.1 278.7 279.3 279.9 280 279.4 277.8 276.4 275.3 275.6 277.7 279.7 278.8 278.3 277.7 276.6 276 274.7 272.4 270.4 267.8 264.5 262.1 260.2 257.4 252.8 248.8 243 241.7 241.6 240.5 239.3 239.3 239.3 239.3 239.3 239.3
233.3 235.3 236.5 234.3 247.2 253.8 257.8 260 261.6 262.1 262.4 263.5 264.5 268 268.5 271.1 272.9 277.2 283.7 290.7 296.2 297.2 296.2 293.5 289.9 288.1 285.3 284 283.5 283.1 282.7 282.5 282.3 281.8 281.4 281.2 281 280.9 280.1 279.4 278.9 279 279.1 279.6 280.5 280.6 280 279.4 278.1 276.6 276.8 279 279.2 278.7 278.6 278 276.9 275.1 274.6 271.6 269.5 267.7 264.3 262 257 249.3 246.3 243.4 241.7 247.2 244.2 243.3 241.9 239.5 239.3 239.3 239.3 239.3
238.4 243.5 248 249.5 251.1 247.7 253.9 256.2 257.5 259.2 259.7 261 262.2 267.1 265.3 267.3 270.5 277.6 282.2 287.9 291.6 293.3 292.9 291.8 288.8 286 284.9 284 283.9 283.2 282.9 282.6 282.3 281.9 281.9 281.6 281.4 281.3 281 280.3 279.9 280.1 280.5 280.8 280.9 281.1 280.7 280.2 279.5 278.9 279.6 281.5 282 281.1 279 277.6 276 274.1 271.9 269.2 267.1 265.1 262.8 258.7 250.4 244.2 242.5 242.3 245.3 249.4 247.1 245.4 243.2 240.8 239.3 239.3 239.3 239.3
248.9 252.2 255.7 255.9 256.2 257 256.3 258.2 258.7 260.3 260.8 261.5 262.8 265.8 267 269.2 274.4 278.2 281.3 285.7 289.1 290.5 291.4 290.6 289.3 286.7 284.9 284.1 283.7 283.2 283.1 282.8 282.4 282.3 282.3 281.9 281.8 281.7 281.7 281.2 280.9 281.1 281.2 281.3 281.3 281.4 281.3 280.5 280.3 279.9 279.3 279.5 278.8 278.3 276.2 273.8 272.1 270.2 267.7 265 262.7 260.4 258.2 253 245.1 243.1 243.2 246 252 249.9 248.5 246.8 244.5 242.1 239.6 239.3 239.3 239.3
260.7 262.1 262.8 262.2 261.7 261.2 260.3 260.9 268.6 266 266.2 268.1 270.4 273.2 272.9 275.6 276.8 278.2 280.3 284 286.6 288.9 289.9 289.2 288.6 286.9 285.2 284.2 283.9 283.4 283.3 283.1 282.8 282.8 282.7 282.3 282.1 282.2 282.1 283 283 281.6 281.6 281.8 281.8 281.9 281.7 280.7 280.4 279.8 279.9 280 279.1 277 274.6 272.4 269.5 267.3 264.9 262.1 259.7 256.9 254 248.1 243.4 243.8 244.4 255 252.4 251.6 250 247.2 245.2 244 241.5 239.3 239.3 239.3
271.1 270.5 269.2 267.6 266.6 266.1 264.8 261.8 267.9 269.7 269.2 271 272.6 274.3 274.9 279.3 281.1 283.6 283.9 284.5 286.3 288.2 289.4 289.3 287.8 286.8 285.8 286.1 286.1 286.3 287.4 286.3 285 283.3 282.7 284.7 287.2 288.6 288.6 286.2 283.3 282 281.5 282.2 282.3 282.2 282 281.2 280.5 279.2 278.1 276.9 275.6 273.7 272.2 269.7 267.8 265 262.3 260.3 258.2 255.3 251.4 245 244.1 246.9 258.3 255.5 253.6 251.8 249.8 247 244.9 243.5 241.7 240.7 240 241.7
277.4 276.9 274.4 272.7 272.1 270.5 268.5 267.9 266.8 266.6 267.3 270.5 273.8 275.5 276.9 279.8 283.7 285.3 286.3 287.8 288.7 289.7 290.2 289.9 290 289.1 288.3 288.1 288.2 289 289.8 289.4 289.1 287.7 285.6 286 286.7 288.4 288.3 286.5 283.6 281 280.4 280.6 280 280 279.4 280 280.1 278.4 275.8 272.2 271 270.6 269.3 267.3 265.5 263.6 261.6 259.3 257.5 254.8 251.3 245.1 244.8 251.8 258.6 255.6 253.1 250.2 246.9 245 244.3 245.4 244.2 243.4 244.9 246.4
279.2 278.5 276.5 274.4 273 271.3 270.1 270.7 270.6 269.1 268 269.9 273.5 274.6 276.1 279.9 285.7 287.7 287.6 288.6 291.7 292.6 292.7 294.1 294 294.4 293.8 293.1 292.3 290.8 289.9 290.4 291.1 290.1 287.6 285 284 283.2 282.7 282.3 280.6 278.7 278.2 278.4 278.1 277.8 278.1 277.7 276.8 274.4 271.7 270.3 268.9 267.2 265.1 263.9 262.7 261.2 260.6 259.6 258.4 256.8 253.7 245.7 245.3 255.5 256.7 254.4 250.1 246.8 245.9 251.8 250.9 249.1 246.6 245.9 248.4 250.8
277.5 278.1 277.1 274.1 273.5 272.4 271.4 271.8 271.3 271.5 270.4 271.8 273.8 275.2 276.8 281.3 283.8 286.1 285.6 286.9 290.8 292.4 293.5 292.9 292.2 292.3 291.5 290.4 288.8 288.1 288.5 289.2 290.2 289.6 287.5 284.6 283.8 282.8 281.4 279.4 277.8 276.4 276 277.2 277.1 277.2 277.4 277 275.8 272.8 271.8 269.8 268.8 266.7 262.7 259.6 259 259.2 258.6 258 257.2 255.5 250.5 246.4 246.4 257.7 256.3 253.4 249.4 249.4 256.9 254.3 253.1 250.3 246.7 249.9 252.9 255.2
276.2 275.6 274.5 273.6 273.4 273 272.5 272.4 273.3 272.9 272.2 273.9 275.8 277.6 278.4 283 283.1 284 286.9 289.7 289.4 289.6 289.3 289.4 289.4 289.1 288.1 286.8 287.1 287.9 286.8 286 285.9 284.7 282.1 280.4 280.7 280.9 279.4 277.4 274.8 273.3 272.5 273.7 275.3 276.3 276.3 275.2 274.1 270.6 269 266.6 266 263.9 261 258.1 255.9 255.9 255.9 255.2 251.7 249.8 252.7 249.4 258.9 260.1 258.9 256.5 255.3 259.8 256.7 256.4 254.3 250.9 250 253.3 254.9 255.8
276.9 275.5 274.5 274.4 274.2 273.9 274 273.3 276.1 278.9 280.6 280 279.4 279.8 281.1 283 286.4 287.8 287.7 289 288.4 288.2 287.7 287.1 286.8 286.4 285.9 285.2 284.6 287.2 286.7 282.7 280.1 279.5 278.2 279.2 279.6 279.3 276.5 274.3 272.5 271.5 271.7 270.6 271.4 273.1 273.8 272.1 270 268.2 266.1 263.2 263.4 260 257.7 255.8 254.7 253.7 252.8 253.3 255.7 257.8 259 262.9 263.1 262.9 261 260.2 260.6 258.8 258.3 257.1 253.5 250.9 251.1 250.9 251 252.1
278.5 276.2 275.9 275.2 275.5 275.8 276.5 278.1 280.6 282.4 283.2 283.2 283.8 285.5 285.6 286.2 286.6 287.5 288.3 289.3 289.2 288.6 288.7 288.8 289.1 288.6 288.5 288.6 287.5 283.6 281.4 280.2 278.5 276.9 276.3 276.9 278.6 280.2 278.4 275.4 272.3 271.5 270.9 269.8 269.8 270.9 271.2 269.5 267.3 266.6 263.3 261.7 261.4 258.6 256.2 256.3 256.9 257.6 258.1 258.9 260.4 262.3 264.9 266 265.4 265.7 264 263.5 261.8 261.1 259.2 257.8 255.3 254.8 254 252.3 249.6 247.9
279.1 281.4 283.5 282.5 283.5 285.4 285.3 287.3 288.1 288.9 289.4 289 288.1 288.5 288.8 288.6 288.3 289.9 289.8 289.8 289.7 289.2 289.5 289.7 290.6 291.3 291.9 292.2 291.5 289.6 286.4 280.7 279.2 277.1 275.2 274.4 274.5 275.4 274.6 272.4 271.4 270.8 270.1 269 268.6 268.2 268.3 267.2 267.1 265.3 263 262.8 263.1 261.9 260.5 259.9 259.2 259.8 261 262.1 263.3 266 268.3 269.4 268.8 268.2 267 264.8 263 261.4 260 258.3 257 255.6 255.2 252.8 250.1 247.8
278.2 284.8 288.7 290.2 289 287.1 286.7 286.4 286.3 288.1 288.9 289.7 290 291.1 290.7 290.1 289.1 289.8 289.6 289.6 290.2 290.7 291.4 291.9 292 292.9 293.7 293.8 292.9 290.6 286.7 281.4 278.4 276.1 274.6 274 273.6 273 272.6 272.2 271.6 271.7 272.4 273 273.3 271.9 270.2 268.3 270 268.2 265.3 266 266.5 265.9 263.8 263.1 261.2 260.9 263.5 264.5 265.9 268.3 269.8 270.9 270.4 269 267.2 264.2 261.7 260.4 258.8 257.1 256.2 255.4 254.4 253 249.6 247.9
278 286.4 289.6 289.7 287.8 286.7 287 287.3 286.6 287.9 288.8 288.9 290.4 290.3 290 289.3 289.5 289 288.7 290.1 291.3 291 292 293 293.6 294 293.9 293.4 291.6 288.1 283.7 280.9 281.5 279.2 275.6 274 273.2 272.8 272.2 271.6 271.3 271.7 272.9 273.8 273.9 272.6 271.7 272.7 272.6 270.8 270.6 271.7 273.1 272.7 270.7 268.6 267.7 265.9 264.9 264.5 263.8 265 267.7 269.3 268.5 266.7 264.7 261.8 257.7 256.3 254.3 253.4 251.8 251.3 252.4 251.4 248.3 247.9
277.6 286.8 290.6 288.9 288 289.1 288 287.1 286.3 287.2 291 292.2 290.2 288.8 288 287.8 287.6 288.4 287.9 289 290.9 292.3 292.5 293 293.7 293.5 293.2 291.8 290.1 287.6 285.8 283.6 280.9 278.5 277.2 274.5 273.5 272.8 273 272.2 271.7 272.1 272.4 272.9 273.2 274.4 275.1 275.1 275.9 275 275.4 277.3 279.2 279.1 276 273.2 271.4 268.6 266.7 263.9 262.1 261.2 264.1 265.6 265.4 263.5 261.2 259.1 255.6 252.9 251.3 249.1 248.2 248.6 249.4 249.6 248.2 247.8
277 281.3 289.3 288.2 286.5 287.3 287 286.3 285.6 286.6 289.6 291.2 290.4 288.8 286.8 285.7 286.6 289.6 287.8 290.7 293 294.9 296.1 295.8 294.2 293.3 295 297.2 294.4 292.4 290.3 288.1 285.2 282.3 278.8 276.5 277.8 276 276.3 275.5 274.2 274 274.4 275.1 276.2 278.2 278.4 278.6 279 279 281.2 282.2 283.1 280.7 276.4 272.6 269.7 267.4 265.6 264.4 262.4 260.5 261 260.5 259.9 258.8 257.1 256.4 254.4 251.1 248.4 247.9 248.3 248.4 249.4 250 249.6 248.7
281.2 279.2 281.5 285.2 284.5 284.5 284.9 284.6 285.8 287.2 288.5 288.2 287.6 286.2 284.4 283.6 284.4 287.6 290.7 293.8 296.8 299.7 299.3 298.9 298.8 297.9 296.1 294 291.4 288.8 287.2 285.2 282.8 279.7 276 278.3 278.2 279.8 281.7 280.6 277.5 277.5 278.3 280 281.4 282.4 283.2 283.3 283.2 283.3 283.6 283.9 282.4 279.1 273.4 268.6 265.7 264.6 263.5 262.9 261.8 260.3 257.3 255.2 254 253.2 253.2 255.1 254.1 250.6 247.2 247.7 248.8 250.1 252.3 252.7 252.6 251.3
282.4 280.7 280.3 282.4 285.2 283.7 283.7 284 285.7 287.8 287.9 287.3 286.5 284.7 282.7 282.1 284.3 288.4 291.9 294.4 297.2 296.6 295.9 295.3 295.1 293.8 292.2 290.4 288.1 285.6 283.5 282.1 281.5 278.5 274.6 276.7 277.4 279.2 280.5 280.1 278.7 278.4 278.6 279.8 282.4 284.8 286.5 287 285.5 284.8 283.7 282.6 279.5 276 270.4 265.7 262.6 260 259.1 258.1 256.5 253.8 251 248.4 247.8 248.3 251.1 252.8 253.2 250.8 246.9 247.5 248.9 250 252.2 252.3 251.3 249.8
282.1 281 280.7 281.5 285.8 284.5 284.4 283.2 283 284.8 285.8 286.3 285.5 284.6 282.9 281.1 281.7 284.6 286.5 293.5 294.1 293.1 292.2 291.7 291 289.5 287.9 286.2 284.4 282.8 282.8 282.7 280.5 278.3 274.8 272.6 274.8 276.1 276.9 278.1 277.8 277.5 277.7 277.8 279.6 282.4 284.6 285.1 283.3 280.6 279.1 278.4 276.1 272.1 267.3 262.8 259.8 256.6 254.7 252.8 251.3 248.3 246.9 244.9 243.7 248.4 250.9 252.9 253.3 251.9 248.9 246.8 247.2 248 248.6 248.4 247.2 246
282.9 281.5 281 281 281.4 282.2 282.9 282.6 282.7 282.4 281.9 283 283.1 282.9 282.1 281.3 280.3 280.1 284 288.8 290.2 289.6 288.6 287.5 286.8 285.3 284.2 282.3 281.3 281 282.9 280.6 278.6 275.4 271.9 270.6 272 273.9 275.7 276.6 276.7 276.6 277 277.6 279.5 282.4 284.2 283.3 280.4 276.9 274.6 274.9 273.9 270 266.1 261.4 257.1 254.6 251.4 249 246.5 244.4 243.6 242.9 242.4 243.8 246.5 249.7 251.8 251.9 250.1 247.9 245.9 246.5 246.3 245.9 244.6 243.4
285.6 283.9 282.8 282.5 282.3 281.6 282.3 282.2 282.8 282.8 282.3 282.2 281.2 280.7 280.5 280.5 279.6 279.2 279.8 282.7 286.1 285.4 285.2 284 282.8 281.7 280.5 279 280.8 281 278.8 276.7 274 270.8 267.7 267.3 271.9 271.9 272.6 273.9 276.4 277 277.4 277.5 280.9 286.1 287.6 285.5 281.2 276.3 272.1 268.7 266.7 263.7 259.8 256 253.9 251.8 250.3 248.2 246 245.3 243.8 243.1 242.5 241.9 241.6 245 248.7 250.1 249.3 246.9 244.8 244.1 244.6 243.8 243.6 241.9
286 285.1 283.6 285.9 283 283.4 281.9 282.5 282.5 282.6 282.5 282.2 281.1 281.8 281.2 280.7 279.9 279.4 279.3 279.1 282.4 281.8 281.3 281.7 279.6 278.3 277.3 277.3 281.5 278 273.9 271.1 268.6 266.8 267.7 271 266.4 270 271.4 273.2 275 275 275 273.7 278.2 284.9 287 283.8 279.6 273.8 268.2 264.2 261.5 258.6 255.3 252.7 249.2 247.8 248.3 247.9 248.5 249.7 248.9 247.7 246 244.5 243 240.6 242.7 243.6 243.3 240.8 240.7 242.5 244.4 245.3 245.3 243.4
286.8 285.2 285.1 285.2 287.1 283.9 282.3 282.9 283.6 285.6 286.4 286.6 285.7 286.3 285.2 284.1 283.3 281.9 280.4 279.9 278.5 276.8 276.3 278.4 277.3 275.8 275.4 274.7 276.8 273.7 269.6 267.8 268 269.3 271 271.2 270.7 268.5 264 271.3 273.6 272.4 270.9 270.5 273.8 279.1 283.7 282.1 276.4 270 264.9 261.3 257.7 254.4 252.3 248.5 245.9 244.7 245.2 248.9 252.5 253.8 252.6 250.3 246.7 245.2 243.4 241.8 240 238.9 238.7 239.8 242.7 245.2 247.1 247.5 245.3 243.9
