app/static/ascii/NY99.asc
ncols 200
nrows 200
xllcorner 390000
yllcorner 590000
cellsize 50
[rows 140 to 174 of 200, columns 78 to 155 of 200]
162.1 162.1 162.3 162.9 163.5 163.2 163.5 163.8 164.5 164.8 165.3 165.6 166.1 167 167.3 173.2 176.3 179.7 180.7 179.5 176.5 173.6 172.3 171.1 171.2 172.9 173 172.8 173.3 175.7 174.3 176.7 178.1 178.4 179.9 180.4 183 188.1 193.2 198.7 203.5 207.7 211.7 212.5 210 205.9 207.9 210.7 209.9 211.7 213 217.2 220.3 224.9 232.8 240.4 246.6 250.9 252.4 251.6 251.7 250.4 252.6 255.6 260.2 265.7 270.2 273.6 274.8 280.7 287.5 293.3 296.6 297.4 296.9 298.2 297.4 297
161.6 161.9 162.2 162.7 163.2 163.1 163.6 164 164.4 164.7 165.2 165.6 169.2 169.7 172.8 175.3 179.4 181 181.1 180.4 177.3 175.7 173.5 172.7 171.6 173.4 174.1 174 174.5 175.2 175.2 175.8 176.9 177.9 179.2 182.2 187 190.2 193.6 200.5 203.3 204.8 212.9 219.1 218.4 215.6 216.3 215 216.8 219.5 217.8 219.9 227.4 232 237.9 248.7 255.5 259.3 261.3 260.3 258.4 256.1 256.6 261.2 267.4 270.5 273 278.5 281.8 285.4 289.9 293.9 296.4 295.8 295.7 296 294 293.1
161.8 162 162.3 162.7 163.1 163.2 163.9 164.1 164.6 165.2 166.8 168.4 171 173.9 177.3 180.4 182.1 182.9 182 181.4 180.8 177.4 175.4 174 172.5 173.1 174.5 176.2 176.8 177.3 177.4 175.4 176.3 179.4 181.3 185.1 189.3 192.1 194.3 201.2 207.9 209.1 218.3 226.2 226.6 228.1 228.1 226.5 224.7 225.3 225.8 227.6 233.8 238.9 244.1 254 260.8 264.6 267 266.5 263.8 261.3 263 267.5 272.1 277 278.8 283.1 287.3 289.7 291.5 292.4 294.4 295 295.6 295.3 294.6 294.2
162 162 162.4 162.3 162.9 163.1 163.5 163.9 164.9 166.1 167.8 169.7 171.9 175.2 179.2 184.5 184.8 184.3 184.2 182 183.8 180.8 177.2 174.6 176.8 179.9 179.5 179.1 180 180 180.4 180.4 179.1 184.7 187.3 187.9 192.4 197.3 196.8 206.2 215.9 222.2 229.1 234.2 235.9 236.3 235 233.1 231.6 232.2 232.5 231.5 234.4 241 249.4 257.8 264 268 270.8 272.2 270.2 266.8 267.1 273.7 279.4 284.3 288.1 290.5 292.9 294.3 293.2 293.7 294 295.5 295.8 295.8 294.7 294.1
161.8 161.7 164.3 164.4 165.8 167.2 168.3 168.2 169.1 169.5 170.8 171.9 174.3 178 184.2 188.1 187.6 186.1 184 183.5 186.4 180.3 177.7 180.7 185.6 187.7 185.7 179.2 182.6 186.8 188.2 187.6 185.8 190.9 189.3 192.3 199.7 203.2 207 214.4 224 231.8 236.9 240.7 241.5 239.5 236.6 235.8 238.4 238.2 236.1 232.9 231.8 235.4 246.6 257.5 265.3 271 274.2 276 275.2 273.6 279.8 285.4 290.3 293.3 294.9 295.1 296.2 296.2 296.6 296.7 295.7 295.6 295.9 295.9 294.6 294.5
167.6 169.4 172.5 173 174 178.9 179.9 180.9 178.7 180 181.3 181.7 182.6 181.5 189.8 190.1 190 188.9 187.5 186 183.4 181 185.7 190.1 192.4 192.5 189.4 182.8 186.7 192.9 197.2 199.3 200.3 202.9 203.9 205.5 208.2 210.3 215 222.5 231.2 237.3 241.7 244.6 241.8 237.7 239.8 241.2 243.6 242.8 237.1 235.8 240 239.9 247.5 254.2 262.3 270.7 274.9 276.4 276.1 279.1 285.3 291.3 295.5 296.9 298.1 298.4 298.4 299.3 299 299.2 299 298 296.4 295.3 294.8 294
173.8 179.5 183.5 180.1 178.1 182 187.3 191 188.1 188.6 189.2 189.5 189.5 181 188.4 190.5 190.3 189.6 187.4 185.8 186.9 184.6 191.8 196.1 196.5 193.9 191.1 187.1 189.8 200.2 206 209.1 211.7 213.1 213.8 214.1 218.1 217.5 222 229.1 236.1 241 241.8 240.3 237.4 237.1 242.5 247.4 248.7 246.8 242.9 247.1 249.6 252.3 254.2 259.4 263 269.9 272.8 273 279.5 284.3 288 292.7 296.1 297.7 298.7 299.7 301.5 303 301.8 302.2 301.6 300.2 298.3 296.9 296.8 294.5
180.8 187.1 190.5 186.8 184.8 189.4 193.8 196 198 198.8 193.2 191.3 185.6 188 191.6 191.4 192.6 195.4 194.5 193.6 194 189.8 196.6 201.5 198.8 196.7 197.9 193.2 195.9 206 212.9 217.2 219.9 220.6 222.1 225 226.8 227.5 230.4 233.3 240.4 244 245.3 242.6 237.8 239.5 247.7 252.2 253.1 253.8 254.4 256.7 259.8 261.2 261.8 262.7 266 270.3 273.3 277.6 283.9 287.8 290.5 294 296.1 297.6 299 301.6 304.6 304.2 304.2 304.8 303.3 301.8 300 299 298.3 296.7
188 191.4 194.8 193.9 196.7 199 202.2 202.9 204.4 203.3 195.7 192.2 191.5 197.8 199.6 199.3 203.8 205.7 204.8 201 200.2 197.3 200.5 206.5 205.9 205.4 205.3 199.8 198.6 209.6 217.5 222.1 225 226.1 228.6 231.2 233.2 233.9 236.1 241 243.4 245 247.8 245.6 246.7 250.5 255.2 258.2 260.3 261.7 262.4 263.6 264.3 267.6 266.6 264.3 266 270.7 275 279.5 285.3 289.4 293 295.4 297.2 298.4 301 302.5 305.7 306.7 307.8 306.8 305 302.9 301.2 301.2 299.3 299.3
193.5 195.9 197.2 198.3 200.5 202.9 205.6 205 202.9 201.2 197.2 192.7 193.7 200.1 205.2 206.7 210.4 212.6 212.5 209.8 209.9 204.2 204 211.4 214.7 215.2 212.4 205.1 199.1 212.3 221.1 226.3 228.8 229.3 231.4 234.9 238.3 240.9 243.5 246.1 246.9 248.7 252.5 254.6 256.2 258.1 261.1 263.9 265.6 265.8 265.7 266.2 267.5 268.6 267.4 266.8 265.6 269.8 275.6 280.6 285.7 289.8 293.6 296.4 297.7 298.5 302.6 304.5 308.3 310.1 311.4 311 309.4 307.5 305 304.6 303.4 303.2
200 203.2 203.9 203.9 206.8 207.5 208.7 209.7 210.1 209 201.9 192.6 196.2 203.7 213.6 216.4 218.7 220.3 221.6 220.9 215.8 211.2 205.7 214.1 219.4 220.7 217.6 210.9 201.9 215.5 224.3 228.6 229.5 231.7 230.1 235.5 240.8 245.1 248.4 250.5 252.7 254.7 257.8 261 262.6 264.6 266.3 267 267.9 267.9 267.3 268.3 269.1 269 269.8 268.8 267.9 269.5 274.3 279.8 285.1 289.8 294.5 298.2 299.6 300.3 303.7 307.7 310.6 312.2 314 314.6 313.4 311.1 309.2 307.9 306.6 305.9
206.2 210.4 210.1 209.2 210.8 211.8 215.3 220.8 223.9 218.6 206.8 197.6 199.5 207.2 215.5 220.5 224.4 229.6 231 225.6 220.5 215.8 206.4 214.5 220.9 223 220.8 214.5 206.6 219.4 228.9 233.3 234 237.5 240.2 242.3 244.3 245 250.2 255.1 258.6 261.3 263.5 265.9 267.7 269 269.8 270.7 269.5 268.9 269.9 272.2 273.9 273.3 272.2 271.6 271.2 270.8 273.4 277.6 282.9 289 294.8 298.9 302.3 304.6 307.5 310.6 312.6 313.9 314.8 315.3 314.6 313.2 311.2 310.2 309.3 308.9
207 212.6 213.5 212.2 214.1 215.4 220.8 225.2 228.2 223.6 215.3 205.2 201 208.3 215.3 221.9 226.8 231.9 233.8 229.4 224.7 219.6 212.2 219.2 222.2 223.3 221.3 216.6 213.8 224.5 232.9 237.1 238.3 242.8 247.9 251.4 253.3 254.4 252.4 255.8 261.1 264.1 266.1 267.8 268.8 270 271.4 272.8 273.7 272.6 274 275.4 275.7 272.4 273.7 273.5 272.1 271.8 277 280 284 287.7 294 299.2 304.2 308.8 311.5 313.9 316.1 316 316.9 315.7 315.1 314 312.2 311 311.1 310.4
206.7 211.5 215.1 216.5 217 218.6 222.4 224.7 228.3 227.2 221.1 214.8 209.1 205.9 213.5 220.7 226.2 230.8 232.6 229.6 226.4 221.6 220.6 225.1 225.7 223.8 223 219.9 217.5 227.4 235.6 239.1 238.8 245.1 250.5 254.5 257.4 259.9 260.4 260.6 262.5 264.2 265.5 267.1 268 271.4 274.6 276.6 278.4 277.5 279.1 280.8 279.9 278.5 278.6 278.7 277.5 279.7 282.4 285.2 291.7 294.9 296.9 299.9 305.4 309.3 312.6 317 319.7 321 320.3 318.2 316.7 315.7 314.4 313.6 313.3 313.8
206.3 208.6 213.4 217.4 221.3 222.8 222.9 225.1 227.2 226.9 223.6 220.2 215.6 212.7 211.2 220.5 225.7 229.7 230.6 228.7 225.7 224.6 226.1 230.1 230 227.3 224.9 224.6 221.5 228.3 237 241.4 242.9 245.1 248.6 251.6 258.2 261.7 262.4 264.5 264.4 264.2 265.2 268.3 269.6 274.6 278.2 280.9 283.5 284.6 283.4 285.7 286.9 287.5 287.4 287.1 287.5 288.6 291 296.2 300.5 303.1 303.6 304 303.9 307 310.1 315.3 317.4 318.3 318.8 318.3 317.8 317.1 317.4 317.8 317.3 317.6
206.7 207.9 211.3 217.3 223.1 224.9 225.7 227.3 228.2 227.8 225.8 223.1 221.5 219.7 217.5 219.9 225.4 228.7 229 227.5 225 227.4 230.7 233.6 233.1 230.7 228 228.4 229.3 227.7 237.4 243.3 246.6 244.6 246.5 249.3 257.9 261.4 264.7 265.8 266.2 265.8 265.8 267.8 271.8 275.8 279.5 283.2 287.2 289.5 289.8 288.8 291.7 294 295.5 297.1 298.6 303.1 306.6 307.9 309.2 310.2 308 306.2 305.2 305.9 307.4 311.5 312.9 313.2 313.7 313.6 314.4 315.1 316.9 318.3 318.9 318.5
207.4 208.3 211.8 217.4 223.2 227.9 230.3 230.7 231.5 230.8 229.3 226.1 228.3 229 227.5 228.3 230.6 231.1 229.3 227.2 227.2 229.8 234 236.2 235.5 235 233.4 234.1 234.7 228.9 234.9 243.4 248 250.6 250.7 252.7 259.1 261.7 265.9 267 266.9 267.2 267.5 266.8 272.6 278.1 281.9 285.5 289.4 292.5 293 292.4 292.7 296.1 299.6 302.4 305.6 308 309.7 311.2 312.2 312.7 310.9 309 308.1 307.8 308.2 309.7 312.4 313.1 313.5 313.6 313.9 314.8 316.5 318.4 318.2 317.7
208.5 209 213.8 218.7 222.3 227.4 232.4 235.2 236.9 235.5 233.5 231.6 234 236.2 238.1 239.2 239.1 237.2 234.1 230.3 228.8 232.7 236.8 238.8 238.4 238.9 238.9 237.9 236.4 232 237.4 242.4 249.2 254.3 257.4 259.5 260.8 263.9 267.6 268.8 269.2 270.2 271.2 271.4 270.2 277.4 283.3 287.7 290.8 292.6 293.1 291.1 294.5 298.1 301 301.6 304.5 307.2 309 311.9 313.3 313.5 312.8 311.6 310.7 310.4 312.7 312.2 312.3 312.8 313.3 314.6 314.5 315.7 317.4 317.7 318 316.9
214.5 211.5 212.2 217.2 223 226.3 232.3 236.2 238.3 238.9 237.4 238 239.8 241.5 244.9 247 246.6 244.4 240.3 234.6 230.6 234.3 239.8 243.2 244.1 243 239.9 238.1 237.3 234.8 240.6 247.2 250.3 255.6 259.8 261.9 262.1 265 269 270.9 272.2 272.4 274.6 275.7 274.4 273.8 280.8 284.6 287.3 290.6 290.8 292 300 303.6 301.3 301.3 304 306.9 309.6 312.7 313.5 314.1 314.2 313.7 313.5 312.9 313.8 312.9 312.5 313.8 315.6 316.2 316.7 318.2 318.8 317.1 316.4 316.9
218.5 214 213 218.2 223.6 226.2 231.6 236 239.6 240.8 241.5 242.6 245.1 246.4 248.8 250.3 250.8 248.9 243.9 237.6 232.6 235.5 240.9 245.3 247.4 246.9 242.5 242.1 241.4 240.1 245.8 249.7 250.8 253.3 259.8 262.7 265.4 267.1 269.7 271.5 273.7 273.8 274.4 275.9 277.5 278.2 278.6 279.5 286 288.3 289.5 299.1 306.1 309 307.6 302.5 303.8 307.2 312 314.4 315.3 315.7 315.1 314 313.3 313 314 314.2 314.2 317.5 319.9 321.4 322.9 323.3 322 320.4 317.7 315.4
227.9 224.8 224.3 224.4 226.4 229.9 233.3 237.4 240.7 243.9 247 250.8 250.7 250.2 251.8 255.1 255 252.5 245.3 237.4 237.3 240.1 244.7 247.7 249.6 248.9 247.2 248.1 249.3 243.7 250.6 254 255.5 256.9 260.1 263.2 265.6 267.6 269.5 271.1 273.3 274.7 275.1 275.1 276.1 278.5 281.3 283.4 286.9 287.9 296.4 304.4 310.1 313.2 312.7 309.4 304.6 309.5 313.3 315.1 315.4 315 313.5 312.8 312.8 313 313.1 314.5 316.7 321.1 323.9 324.9 325.5 324.3 322.3 319.4 316.4 316.3
239.9 239.3 238.8 238.4 238 236.1 237.7 240.3 244.4 247.9 251.1 253.5 255.3 255.9 256.7 258.6 259.3 256.5 250.3 239.9 245.5 247.4 249.9 250.8 252 251.1 250.8 251.3 251.4 250.1 250.3 256.5 259.9 260.4 259.9 261.3 264.3 265.7 267.3 269.3 271.3 272.9 274.3 274.9 275.9 277.1 279.7 283.5 285.7 292.7 300.3 306.6 311.7 314.9 315.7 314 308.3 311.7 313.3 314 313.6 312.8 310.9 312.1 312.6 312.7 313.1 316 320 324.1 325.2 324.8 323.2 321.6 319.2 316.5 313.7 316.6
244.7 244.2 243.8 244.4 246.8 246.6 245.8 245.3 247.1 250.3 253.5 255.3 258.6 261.6 264.5 264.8 262.8 260.7 256.9 251 252.3 255 256 257.6 257.1 256.6 256.2 256 254.7 253 250.3 253.1 257.7 257.3 256.7 259.1 262.6 266.8 269.1 270.6 272.5 274.2 275.7 277.2 278.4 279 280.3 283.1 286 292.8 299.4 305.8 310.7 314.4 316.6 316.3 313 310.3 311.8 312 311.3 310.6 309.5 310.6 311.9 312.9 314.3 316.6 319.6 323 323.4 323.8 321.9 319.8 317.2 316.1 316.1 318
245.6 245.5 244.7 244.6 247.3 251.4 252 253 252 254.6 257.6 259.9 263.7 267.3 269.8 270.9 270.6 269 265.3 261.8 260.7 260.6 260.3 264.2 265.7 263.8 262.4 260.8 258.5 257 255.2 253 255.3 257.2 259 262.2 266.4 269.4 271.9 273.8 276.7 279 280.9 283.7 284.6 283 283.5 285.3 287.3 288.7 293.1 300.2 306.7 312.1 315.9 317.1 314.8 311.7 312.3 310 310.7 311.5 311.6 312.9 313.6 313.8 315.9 317.1 318.6 321.2 321.7 321.5 320.4 319.2 317.6 316.9 317 318.4
241.1 243.2 243.8 243.8 245.4 250.4 254.5 256.9 256.5 256.4 258.2 262.9 266.8 270 273 273.9 273.9 274.6 273.3 271.5 269.2 268 266.5 269.3 273.1 273.1 271.5 268.5 265.1 263.3 261.2 258 260.7 263.9 264.5 267.9 270.3 273.6 277.1 279.9 282 284.7 285.9 286.3 286.8 286.2 286.7 287.2 288.9 290 291 292.6 299.2 306.6 312.7 315.8 317 316.4 315 310.3 308.8 313.2 316.4 318.6 320.1 321.1 322.1 322.3 318.9 319.6 320.2 320.3 319.8 318.4 316.4 316.6 317.6 318.4
234.5 237.4 239.8 240.6 242.5 245.4 251.2 256.2 257.7 258.3 260.3 263.3 267.6 272.3 276.3 277.5 277.7 277.5 276.9 275.6 274.1 272.4 271.2 270.6 274.3 278.6 278.5 275.4 271.6 268.3 264.8 262.5 265.4 269.1 269 271.2 275.5 279.5 282.7 284.1 285.5 286.8 287.9 288.1 288.1 287.9 288.1 288.8 289.7 291.4 292.4 294.1 296.5 299 305.2 310.9 314.7 316.4 316.3 313.6 308.8 311 316.3 320.3 323.1 325.4 327 326.2 322.7 318.3 319.4 320 319.1 318.8 318.1 317 318.1 318.3
229.7 231.4 233.9 235.1 237.1 240.5 245.5 252.6 257 258.5 262.2 268.5 272.3 273.6 275.9 278.1 278 277.8 276.6 278 276.9 275.5 273.2 271.2 275 281 282.7 282.3 278 272.8 268.6 266 266.9 271.4 272.2 274.4 278 282.3 284.9 286.9 287.7 288.8 289.4 289.9 289.7 289.6 289.5 290.2 291.2 292.8 294.2 296.3 299.3 301.1 301.9 303.3 308.6 312.5 314.1 313.9 312.4 309.1 312.1 319 323.5 326.2 328.1 327.6 325.5 320.6 319.6 320.4 320.1 321.3 321.2 320.2 320 318.6
226.3 227.5 229.5 230.8 232.3 235.3 239.7 246.3 253.1 256.1 263.2 269.9 273 273.9 273.6 272.7 273.5 275.2 275.8 277.5 277.7 276.6 274 272.2 276.1 282.9 284.4 285.2 283.2 278.7 273.8 269.7 269.6 272.8 274.4 277.3 280.6 284.2 287.2 288.8 290.2 290.9 291.4 291.9 291.3 291.2 291.4 291.8 292.9 294.5 296.1 298 300.5 301.8 303 304.6 304.9 305 308.4 311.2 311.8 310.7 308.6 315.5 320.3 323.7 325.7 327.4 327.3 323.9 319.4 320.2 321.4 321.9 321.3 320.5 318.6 317.3
225 225.6 226.9 227.7 228.9 230.6 235 240.7 247.2 251.5 260.5 266.1 269.3 270.2 270.9 270.5 270 270.7 272.6 275.1 275.9 275.3 273.9 273.5 278.2 285.7 287.7 288 286.3 283.3 279.9 276.8 275.5 277.2 278.2 279.6 282.7 286.3 288.5 291.1 292.9 293 293.6 294.3 293.3 293.6 293.5 293.6 294.9 296.7 298.3 299.6 300.8 302.3 304.7 306.2 305.4 304.9 304.9 305.1 307.4 309.4 311.4 308.3 317.2 322.4 325 326.8 328.1 325.7 320.7 320.5 321 321.5 320.2 318.6 316.2 315.1
228 229.6 230.2 230.2 230.7 230.9 232.3 236.9 242.2 249.6 258 263.8 265.9 266.7 267.5 267.6 267.8 268.6 269.7 271.3 272.7 273.4 275.1 279.5 285.1 289.7 291.2 290.1 287.9 286.3 284.6 283.5 282.5 282.7 283 283.2 285.5 287.9 290.7 293.8 295.7 296.3 296.7 297.1 296.2 296.5 295.9 295.3 296 298.2 299.9 300.8 301.5 303.8 305.7 305.9 305.7 304.9 304.2 304.4 304.4 305.1 308.3 311.6 311.9 318.5 322.6 325.2 325.8 324.4 321.5 319.9 321.1 320.8 318.6 316.8 314.2 312.7
233.7 235.6 235.2 234.1 233.7 235.5 239.2 239.6 239.3 250.9 256.9 262.3 265 266 265.6 265.2 268.1 269.5 269.7 270.8 273.7 276.3 280.8 286.4 292 292.6 293 291.7 289.2 287.6 287.2 287.6 288.3 288.4 288.4 289.5 290 291.2 293.2 296.2 298.2 299.6 299.9 300.2 299.4 299.5 298.6 297.6 298.4 300.5 301.6 302.2 302.5 304.7 305.4 304.2 305.3 304 304 304 304 304 306 309.8 311.6 313.7 317.3 320.2 320.1 317.8 317.5 318.6 320.4 319.3 317.5 315.2 313.1 311.3
242.7 244.7 240.1 239.1 240.5 246.2 248.7 250.9 246.1 251.7 259.5 262.9 265.7 265.1 263.9 265.2 268.8 271 272.8 276 279.1 282.2 285.9 289.3 290.9 291 292.8 291.9 290.9 289.2 288.6 288.8 290.2 292.6 293.2 294.9 296.3 296.7 298.2 300.4 301.3 301.9 302.8 303.3 302.7 302.3 301.5 301.1 301 302.4 303 303.1 303.2 303.4 304.1 303.8 303.5 303.2 303.4 303.4 303.4 303.8 306.3 308.4 309.5 310.9 310.7 311.8 311.7 312.5 313.3 315.3 316.8 317.9 316.5 314.2 312 310.1
247.4 248.5 244.3 244.4 247.8 252.7 255.2 256.3 257.6 248.3 258.8 261.4 264.2 263.1 262.1 264 266.4 270.8 275.4 279 286 286.1 286.9 286.6 287.6 288.7 290.7 290.9 290.6 290.3 290.1 290.3 291.7 293.8 296.1 297.7 299.5 300.5 301.7 304 303.7 304.4 305.3 305.8 305.6 305 304.8 303.2 303.1 303.1 303.4 303.5 303.4 303.1 303.4 303.4 303.2 302.9 302.8 302.8 302.9 303.9 306.2 309.2 310.3 310.1 309.9 309.6 308.3 309.4 310.1 312 313.9 315 315.2 313.4 311.5 309.1
250.6 250.5 250.1 251.6 255.4 258.2 260.2 261.8 260.3 259 253.5 260.5 260.6 259.1 259.1 261.8 263.7 268 272.2 275.5 279.6 282.8 282.9 283 283.4 285.5 286.9 287.3 288.8 290 291.1 293.3 294.7 296.6 298.1 298.7 301.8 303.4 305.9 305.9 306.5 306.7 306.9 306.4 306.5 306.3 305.3 303.5 303.6 303.7 303.7 303.7 303.5 303.2 303.4 303.2 302.9 302.6 302.5 302.2 302.9 303.3 306 310 311 310.1 309.8 309 307.5 306.1 307.2 308 310.8 311.9 312.6 312.2 310.9 309
251.7 252.1 254.1 256.4 261.4 261.5 261.9 264.9 262.8 261.4 259.8 254.8 254.9 255.9 256.2 259 260.5 263.6 267.6 271 274 276.1 277.2 278.2 279.8 281.9 282.5 284.9 287.5 289.7 292.5 295.3 298.8 301.1 301.5 302.7 304.5 306 307.4 307.5 307.9 308.5 308.5 307 306.3 305.9 305.5 303.9 303.5 303.7 303.8 303.6 303.4 303.2 303.2 303 302.6 302.3 301.8 301.4 302.4 302.7 305.4 310 311.6 310.2 309.2 308.4 306.5 305.1 304.8 305.1 307.2 308 308.4 308.2 308 307.6
