app/static/ascii/NZ00.asc
ncols 200
nrows 200
xllcorner 400000
yllcorner 500000
cellsize 50
[rows 70 to 104 of 200, columns 78 to 155 of 200]
433.8 435.2 436.9 438.7 439 433.7 436.8 439.3 440.4 441.2 439.7 437.8 435.9 434.1 431.8 430.9 430.2 427.7 428.7 430.6 432.3 431.2 430 429.1 427.9 426.5 424.8 423.4 421.5 420.2 419.3 417.9 415.2 410.6 414.6 419.9 424.6 429 431.4 433.2 433.6 433.1 434.2 435.6 434.9 431.9 428.4 424.5 420.8 416.8 412.7 408.6 404.9 402.2 401.1 399.3 397.5 395.7 393.6 391.6 388.9 383.9 382.2 385.3 387.9 388.9 389.9 391.2 391.7 390.5 389.3 386 382.1 378.7 376.7 374.8 373.2 365.8
424.7 424.2 424.3 425.4 427.8 422.1 431.4 430 433.4 435.3 436.2 434.7 433.2 431.2 428.3 423.9 426 420.6 423.3 424.3 425.3 424.9 424.1 424.5 421.9 421 420.5 420.4 418.9 418.2 417.3 416.7 414.4 409.1 412.5 417.8 423.2 427.2 429.8 432.9 433.7 432.9 432 431.5 431.8 428 424.3 421.3 417.9 413.3 410 406.8 403.7 400.8 398.5 396.7 395.1 393.8 392.4 390.5 387.2 384.9 379.6 379.5 381.1 383.6 385.9 387.7 388.9 388.9 387.2 384.9 381.9 379.9 377.8 375.1 371.3 362.7
440 437.1 429.1 423.6 419.8 415.9 410.9 421.8 425.1 427.9 429.9 426.1 426.1 423.3 421 413.4 417.2 415.5 418.7 420.1 420.3 419.9 419.6 419 418.2 417.4 417.3 417.5 417.1 416 415 414.8 412.6 408 416.3 420 421.9 424.3 426.5 428.4 430 430.6 430.5 429.6 427.8 425.3 422 417.1 412.3 409.8 406.6 403.8 401.1 398.6 395.8 393.6 392.1 390.7 388.7 386.7 384.6 381.9 379.5 374.2 375.3 377.5 380 383.8 385.3 387 385.8 383.2 381.1 379.4 377 374.3 370.3 363.7
443.6 441.1 438.6 435.4 431.8 428.5 423 407.7 405.5 405.3 405.4 406.3 402.1 404.7 411.9 408.1 411.3 407.9 414 417.6 418.3 417.4 416.6 415.9 415.1 414.2 414.2 414.5 414.5 413.5 411.5 411.9 407.3 413.7 419.7 422.4 423.9 425.1 426.4 427.3 428 428.2 426.7 426.1 424.7 422.9 419.7 419.3 416.3 412.7 409.5 406.9 403.9 400.2 396.2 392.3 389.7 387.6 386 383.7 381.6 379.4 376.7 373.9 371 372.4 374.5 377.1 380.8 383.9 384.7 382.5 380.3 377.3 374.3 372.6 368.9 361.2
446.2 442.9 439.9 437.1 433.6 430.5 426.6 421.2 420.9 417.2 411.9 405.6 401.5 397.6 391.9 390.7 389.4 388.4 389.7 398.9 411.7 413.8 413.9 413.1 412 410.9 411 411.4 411.9 412.1 408.8 407.6 408.5 415.4 419.5 421.6 423.3 425.2 426.9 427.8 428 428.2 427.7 427.2 424.7 424.3 422.2 420.7 417.5 414.8 412.8 410.1 407.3 403.8 398.4 395.2 392.7 388.6 384.7 382.3 379.1 376.9 374.7 372.6 370.2 369.2 369.6 372 374.5 379.2 381.8 382.2 379.5 376.3 373.5 369.2 365.4 362.8
447.5 445.1 442.2 439.6 436.5 433.9 431.3 428.7 425.6 423.2 421.4 418.6 415.4 412.5 406.2 404.4 403 406.1 390.5 384.6 390.8 396.6 403.7 402.9 407.9 406.7 407.1 408.5 409.5 409.9 408.7 398.2 407.9 413.8 419 420.9 422.2 424 425.7 426.8 427.7 427.9 427.9 427.3 426.7 426.6 424 421.9 419.3 417.3 415.9 413.6 408.7 406.4 404.6 400.3 396.1 393.3 388.5 384.7 381.6 377.5 374.2 372.1 370.1 367.8 366 366.5 371.4 375.1 376.7 377.4 376.1 374.1 370.6 366.6 363.3 359.6
450.2 449.2 446 442.5 439.2 435.1 434.1 432.9 430.9 426.1 423.1 420 417.9 415.7 413 407.1 411.1 409.5 406.9 391 384.1 372.3 382.6 388.4 390.6 399 402.5 404.7 407.3 408.5 406.9 393.6 405 413.4 416.6 418.2 419.7 421.7 423.2 423.9 425.3 426.3 427.5 427.2 426.6 425.5 424.2 422.6 420.2 419.2 417 414.1 411.8 408.2 405.3 402 397.3 393.6 389.6 386.4 383.1 379.6 377.5 374.6 371.9 369.4 366.5 363.3 364.5 369.7 370.6 370.7 370.9 370.1 367.6 364.9 362.4 359.8
452.4 450 447.4 444.5 440.5 441.3 439.9 437.7 433.1 427.3 422.4 420 418 416.1 413.4 411.2 413.2 413.1 411.7 407.6 399.7 390.9 386.5 366.6 376.1 384.1 392.5 399 404.2 405.9 404.2 392.1 405.2 411.9 414.5 415.6 417.2 419.4 420.8 421.5 422.6 423.2 424.1 425.1 425.7 424.9 424 423 421.3 420 418.1 415.9 412.5 408.6 404.3 400.5 397.5 393 389.3 386.1 383.6 380.9 379 376.4 374.7 372.5 370.3 366.4 359.7 363.3 366.1 366.6 366.9 366.5 365.5 363.7 361.6 359.3
452.9 449.9 447.1 444.6 445.9 446.7 443.7 440.1 436.4 429.5 424.5 421.5 419.4 416.8 414.3 414.5 415.8 417.4 414.4 412.3 408.6 404.1 390.7 385.1 375.9 359.2 378.6 392.4 396.7 400.5 400.4 387 403.8 410.6 413.1 414.6 416.2 417.9 419.5 420.2 420.9 421.3 421.4 421.9 422.7 422.7 422.6 421.9 420.7 419.7 417.3 415 412 408.2 403.5 400.3 396.6 392.2 388.7 385.6 383.3 381 379.6 378 375.7 374.1 371.8 367.3 364.8 356.7 361.1 363.2 363.6 363.3 362.5 361.8 360.8 358.6
452.9 450.2 447.5 447.8 451.4 449.4 445 441 437.8 432.8 426.7 423.7 421.2 418.3 417.5 416.8 418.5 418.8 416.5 413.8 410.4 406.6 399.9 391.6 388.9 379.9 363.9 379.2 388.6 391.8 380.9 383.4 400 409 411.5 413.6 415 416.4 418 418.7 419.4 419.9 419.7 419.7 420.3 420.6 420.3 419.8 419.5 417.7 415.2 412.9 409.8 405.4 403 399.5 396 390.9 387.3 384.2 381.1 379.3 378.4 376.8 374.1 372.3 370.5 367.3 364.2 360.4 354.3 355.6 357.4 358.2 358.9 358.8 358.1 356.5
452.3 450.3 449.9 449.9 452.4 449.9 445.6 441.6 438.1 433.1 429 425.5 423 421.3 420.3 420 420.3 420.2 418.6 416.3 412.7 408.4 403.7 400.2 392.6 385.2 370.8 355 374.7 377.4 361.3 379.7 396.6 408.1 411 412.3 413.8 415.2 416.4 417.5 418.7 419.8 419.6 419.4 419.1 418.9 418.3 417.4 416.7 415.1 412.5 409.6 407.3 404.2 401.2 397.7 392.4 387.9 385.1 382.3 379.5 376.8 375.4 373.4 370.1 368.5 366.4 364.4 362.7 359.1 355.3 350.8 352.8 353.5 353.6 354.2 353.7 352.3
453.3 451.7 451.3 450.6 450.8 449.4 444.6 440.8 435.5 432.6 430.1 427.4 425.3 424 422 422.5 422.1 421.7 420.7 418.8 416.1 411.9 408.1 403.6 398.9 391.8 386.5 375.5 351.6 354.6 375.3 386.5 398.7 407.2 410.5 411.8 413 414 415.1 416.6 418.1 419.5 419 418.5 418 417.6 417 415.6 414.4 413.4 410.4 408 405.4 402.7 399.5 395.9 389.9 385.7 382.1 379.3 376.9 373.2 371 368.9 366.4 363.9 361.7 360.3 358.7 356.6 354.2 346.7 346.4 348.2 348.5 349 348.7 348.3
451.9 451.2 451.1 450.9 450.3 447.4 443.5 441.1 439.8 437.1 434 430.6 428.3 426.7 425.3 425.1 424.2 423.5 422.6 420.7 418.6 414.8 410.4 405.6 401.3 397.2 393 383.9 358.6 354.6 378.6 393.4 400.5 407 410.3 411.4 412.5 413.5 414.4 415.5 417.9 418.7 418.3 417.7 417.3 416.8 416.1 414.8 413.3 411.8 408.8 405.9 403.3 400.6 396.8 391.9 386.9 383.7 379.4 375.6 373.5 371.2 367.8 364.4 362.6 359.5 357.4 355.3 354.5 353.3 351.6 348.5 340.1 342.9 345 345.3 345.1 344.6
450 450.6 450.5 450.4 449.8 447.6 447.2 444.9 442.5 440.9 437.9 434 431.4 429.6 428.5 427.9 427.2 425.9 424.3 422.5 419.7 416.1 411.8 406.4 402.3 398.9 394.8 388.1 375.2 347.3 374.2 392.9 400.5 407.7 411 411.9 412.8 413.3 414 415.6 417.6 418.4 417.9 417 416.5 416 415.2 414 412.7 410.5 407.7 404.1 401.5 398.6 393.4 388.6 385.3 381.5 377.7 374.4 370.8 368.5 365.7 362.4 359.8 357.7 356.6 354.7 351.3 346.9 345.9 345.9 343.2 338.1 340.3 342.5 340.2 340.9
447.4 447.7 449.2 449.7 449.9 449.6 449.4 448.8 446.6 444.5 440 437.7 435.5 432.8 431.5 430.9 429.4 427.6 425.6 423.2 420.3 416.4 411 405.9 402.2 399.2 396 391.3 382.8 348.5 364.1 389.9 398.9 407.2 411.1 412.4 412.8 413.6 414.8 416.3 418.2 418.5 417.4 416.5 415.8 415.1 413.9 412.5 412 407.9 405.3 402.9 400.5 396.3 391.4 387.1 383 379.7 376.4 373.8 371.5 367.8 364.7 362.3 361.1 361.1 359.7 358.1 355.2 350.3 345 341.9 338.6 339.1 336.4 334.7 333.5 333.5
446.4 446.7 447.2 448.5 449.3 450 449.7 449.5 448.8 446.7 443.2 440.9 438.8 435.8 433.9 432.6 431.1 428.7 426.3 423.9 420.9 415.9 410.1 405 401.8 398.8 395.6 390 377.7 345.2 361.7 387.5 397.6 405.4 411.5 413.7 414 415.2 415.8 417.6 418.8 418.5 417.9 417.1 416.1 414.3 411.9 410.3 408.8 405.9 404 401.8 398.9 394.1 389.3 385.3 381.2 377.5 374.5 372 369.2 367.1 365.1 363.8 363.4 362.9 361.8 359.3 355 348.4 345.7 343.9 343 341.5 342.1 340.8 340.2 338.4
445.1 445.2 445.8 447.1 448.1 448.7 449.5 449.9 449.4 448.8 446.3 444 441.1 437.8 435.2 433.9 431.7 429.1 426.7 424.3 421.2 415.5 409.5 404.3 400.7 398.1 394.7 389.2 369.9 342.9 354.1 386.9 396.5 403.9 410.7 414 415.2 415.8 416.3 416.9 417.3 417.3 417.1 416.7 415.6 413.1 411.2 409.4 407.1 404.2 402.3 400.6 397.1 391 387.9 383.6 379.7 375 373.3 371.1 369.2 368.2 367.5 365.8 364 362.1 360.4 353.7 352.1 351.9 350.4 348.9 345 346.4 347.6 345.5 344.2 343.5
443.6 443.5 444.1 447 447 447.4 448.3 449 449.7 449.5 447.7 446.7 443.5 439.3 436.7 434.7 432.3 429.5 427.1 424.5 420.2 416.1 410.1 404.7 400.1 397.3 394 389.8 361.2 340.7 353.4 386 395.3 403.7 410 414.7 416.1 416.2 416.1 416 416.2 416.3 416.6 416.8 415.7 414.3 413.3 411.7 409.3 404.9 399.9 395.3 391.8 388.9 385.1 382.4 380 375.8 373.8 371.6 370.1 370.9 370.3 367.6 364.2 361.9 359.7 357.9 356 355.3 353.4 348.8 346.6 349.6 351.1 348.8 347.2 345.4
441.8 441.9 442.1 442.7 444.3 445.9 447 448 449.3 448.9 447.1 445.4 444 440.1 437.6 435.5 433.3 429.8 426.9 422.8 419.7 415.9 411.2 405.6 400.1 395.4 392.1 388.1 353 339.1 349.6 379.4 393.9 403.8 409.8 413.5 415.6 415.9 415.5 415.4 415.5 415.5 415.9 416.4 415.9 414.8 413 411.3 408.5 404.4 400.6 396.2 392.3 389.9 385.8 383.4 381.5 379.4 376.6 374.1 374.2 374.2 372.9 369.6 366.6 364.7 362.8 360.9 359.7 357.7 354.3 354 348.4 353.3 354.9 354 350.8 347.5
439.7 440.2 440.5 440.5 441.1 442.5 445.5 446.7 447 444.9 444.1 442.8 440.7 439.2 437.4 435.6 433.5 430.4 426.5 422.6 418.9 414.3 409.1 403.4 397.2 392.6 389.5 382.2 348 337.4 350.2 372.2 390 402 407.1 411.2 413.2 414.5 414.2 414.3 414.7 414.7 415.3 416.2 415.7 414.8 413.3 411 408.1 405 400.4 397.9 394.5 392.4 389.1 385.9 384.8 382.1 377.5 377.5 377.4 377.2 375.6 372 369.5 367.5 364.1 364 361.3 358.7 358.6 354.3 351.5 357.1 358.7 356.5 353.3 350.2
437.9 437.5 438.6 438.7 438.4 439.3 441.9 443.5 443.7 442.4 441.7 441.1 439.5 438.4 436.6 434.9 433 430.3 425.8 422.2 418.3 413.6 409.2 402.3 395 387.6 383.4 357.9 342.1 339.6 350.6 370 388.3 398.2 403.7 406.7 409.5 411 411.3 411.9 413 413.8 415.2 415.7 415.4 414.8 413.2 411.4 408.6 405.7 404 401.9 398.4 395.6 392.7 389.7 386.6 382 381.8 382.5 381.8 380.6 378 375.6 373.2 371 367.8 366.2 364 363.2 360 353.8 356.5 359.9 360.5 358.8 355.8 352.7
434.4 433.8 436.5 436.8 437 437.5 438.7 439.7 440.4 440.3 439.8 439.1 438.7 437.6 435.8 434 432.1 429.5 424.6 420.6 417 411.7 407 401.3 395.8 383.4 369.3 348.1 338.8 337.5 349.3 366 385.3 392.5 399.1 401.7 404 406.4 407.5 408.9 410.8 412.3 414.3 415 415.1 414.7 413.1 411.1 410.1 408.1 406.6 404.6 402.1 398.8 396.1 392.6 388.8 384.9 387.2 387.2 385.8 384.9 382.6 379.6 376.7 373.8 372.2 368.9 367.1 363.2 360.3 358.9 361.4 362.1 361.4 359.4 356.5 353
432.6 425.3 432.8 433.5 434.1 436.4 437.6 438.7 438.9 438.9 438.4 437.7 437.7 436.8 435 433.1 430.9 427.7 423.7 419.5 415.4 408.5 403.1 399.8 394.2 382.6 360.8 341.3 333.6 336 345.9 361.6 383.5 389.6 394 397.4 400.3 401.6 403.9 405.4 408.1 410.7 412.8 414.5 415.1 415.3 413.4 412.5 411.4 409.7 408.2 406.7 404.8 400.9 398.3 394.8 389.6 390.2 391.8 391.2 390.7 389.3 388 385.7 382.3 378.7 375.7 374.3 370.4 367.4 363 364.1 365.3 364.6 363.7 360.7 357.8 354.7
428 422.6 426 425.1 433.5 435.7 436.7 436.8 436.6 436.8 436 436.1 436.3 435.8 433.7 431.6 428.8 424.8 420.4 416.5 412.9 408.4 401.4 397.9 391.1 374.1 354.4 341.8 332.1 334.6 344.2 361.3 379.8 387.7 390.4 392 393.9 395.9 399.4 402.7 405.5 408.2 410.7 413.4 415.2 415.9 415.2 414.4 412.5 411.3 409.4 407.9 406 402.4 399.5 395.2 395.9 395.4 396.3 396.6 396.3 394.7 393.3 390.8 388.8 384.8 380.2 376.6 372.2 368.3 364.9 367.4 367.3 366.2 364.3 361.3 358.3 355.2
426.4 419.5 413 424.6 430.8 433.6 434.9 435.5 434.7 434.8 434 433.9 434.3 433.5 431.7 429.3 425.8 421.3 416.7 412.5 409.3 404.8 400.3 395.6 386.8 363.8 354.3 339.6 327.3 333.6 340.7 355.4 374.4 385.9 387.9 388.1 389 390.3 393.3 398.1 402.4 405.4 408 411 414.4 415.5 415.9 415.5 414.4 412.6 410.4 408 405.9 403.7 401.7 400.3 400.2 399.3 400.7 401.3 401.9 400.3 397.6 395.3 392.6 388.4 382.6 376.5 372.2 367.6 368.8 369.6 368.6 366.6 363.7 360.6 357.5 354.3
425.5 418.8 409.3 419.9 424.2 426.8 429.6 430.7 429.6 430.1 430.8 430.8 431.9 430.8 428.7 425.5 420.2 417 412 408.3 404.8 401.5 398.5 392.3 377.5 362.1 348.9 338.4 324.1 329.3 340.5 353.7 371.2 380.1 382.5 383.4 382.5 386.4 390.9 394.2 398.7 403.5 406.2 408.9 412.7 414.5 415.5 415.7 415.7 413.1 410.6 408.8 406.9 405.5 404.2 403.8 404 404.3 405 405.5 405.1 404.2 402.2 399.6 395.1 389 382.8 378 373 371.4 372.3 370.5 368.4 365.9 363.2 359.9 356.7 353.5
424.1 418.7 404.4 414.1 419.3 420.9 422.6 423.2 423 423 423.7 424.7 424.4 424.9 422.9 419.6 415.7 411.2 407.7 403.7 402 398.4 394.6 388.6 372.1 360.5 348.6 337.6 322.1 326.9 334.6 346.2 361.7 371.8 375.5 376.5 376 382.8 387.8 391.3 394.1 400 404 406.5 409.3 411.9 415 415.5 415.2 412.6 411.4 411.1 409.8 407.3 406.5 407.1 407.4 407.7 408.4 408.8 408.2 407.4 405.7 401.5 396.1 387.3 382.2 377.8 374.4 374.9 374.3 371.8 368.7 366 362.9 359.8 356.3 353.1
422.4 418.3 411.1 404.5 412.1 415.2 417.2 417.4 416 416.4 416.6 417.7 417.4 417.3 416.4 412.5 409.5 407.3 403.7 401.9 398.4 394.9 388.7 380.4 369.3 359.8 348.1 338 320.1 322.1 327.2 341.9 352.3 359.9 362.7 365.7 375.3 378.9 383.6 388.1 390.8 394.3 399.5 402.3 406.3 408.9 412.4 413.8 413.1 412.6 412.5 412.8 411.8 410.4 409 409.8 410.7 411.2 411.6 411.8 411.2 410.4 408.8 403.9 395.8 387.6 382 377.4 376.9 376.6 375.1 372.1 369.1 366.1 363 360 356.5 353.8
420.1 417.2 411.5 404 404.9 407.9 408.6 409.6 409.2 408.7 409.3 410.5 410 410.1 408.4 406.8 405.4 404 401.9 397.1 389.9 384.9 371.1 362.7 359.2 352.5 345.5 335.3 325.7 317.1 320.4 335.6 343.3 345.6 350.2 356.9 366.1 373.2 377.6 382.9 387.6 389.1 393.7 398.8 403.6 406.6 408.5 410.5 411.2 412.1 412.9 413 412.9 411.3 410.8 411.6 413.6 414 414.4 414.9 414.1 412.8 410.8 403.5 395 387.5 382.3 379.9 379.5 378.5 375.3 372 368.9 366.1 363.3 360.5 357.4 354.5
416.6 414.1 410 406.2 388.3 400.4 403.2 404.5 404.7 404.4 404.1 404.6 405.5 404.9 404.2 402 401.2 399.9 396.5 379.5 371.8 363.5 358.5 350.3 352.4 344.1 340.7 336.8 332.3 317.4 316.8 325.6 334.3 335.4 335.3 341.2 349.7 361.2 372.3 377.3 380.5 384.5 389.1 394.9 400.3 404.1 405.9 408.5 410.3 412.1 413.6 413.7 412.1 411.9 412.1 413.7 416.5 416.9 417.3 417.6 416.2 415.1 412.8 403 394 387.8 384.5 383.2 381.5 378.4 374.9 371.7 368.7 365.6 363.2 360.7 357.8 355.2
411.3 410.7 406.2 403.5 400.5 384.9 396.3 399.7 400 399.6 398.6 400.4 400.6 400 399.3 398.3 396.8 393.3 375.2 367.9 359.8 347.7 343 341.9 340.3 336.1 334.1 332.1 329.4 319.7 315.6 315 315.4 316.8 319.2 331.7 336.8 346.7 359.1 367.8 373.7 378.9 382 387.2 392.1 397.9 395.9 405.4 408 409.7 410.4 410.5 411.4 412 414 417 419.6 420.5 420.7 420.6 418.8 416.7 414 402.2 393.2 388.7 386.2 384.7 381.7 378.3 374.2 370.6 368.2 365.5 363.6 361.6 359.4 357.3
406 404.4 400.8 400 399 395 380.2 393.4 394.9 393.9 393.5 396.1 396.1 395.1 394 392.9 390.1 370.9 363.1 352.9 344.6 335.4 329.6 330.5 325 324.3 321.4 318.6 317.6 317 317.2 314.8 314 313.2 313 317.4 327 337.1 341.9 349.9 360.2 360.2 375.1 378.9 380.5 387.8 391.4 396.9 400.1 402.7 404.7 409.3 411.8 414.6 417.6 421.1 423.4 424.9 425.1 423.7 421.4 418.9 414.2 400.2 393.3 389.7 388.1 385.5 382.3 378.7 373.9 370.9 368.3 366.5 364.7 362.8 360.8 358.7
396.9 396.7 396.6 396.5 395.7 392.8 383 381.6 387.8 386.4 383.9 387.5 389.4 388.5 387.7 383.2 368.3 359.5 349.1 342 341.1 343.2 343.8 339.7 334 330.4 328.3 328.4 330.8 330 332.3 328.8 322.9 317.9 313.1 311.9 314.3 322 337.5 340.3 348.3 354.6 359.9 360 365.9 372.4 384.7 390.2 394.1 398.4 404.6 409.6 414.1 418 421.8 424.8 426.1 428.7 428.8 426.6 423.3 419.1 409.3 398.1 393.7 390.8 389 386.1 383 379.3 374.9 371.5 369.2 367.6 365.8 364.1 362.1 360.1
389.7 390.8 389.3 387.5 382 379.7 380.4 370.4 374.4 372.8 368.7 364.4 369 370.6 370.2 364 358.2 347.7 348.1 350.7 350.9 351.3 348.5 345.4 340 338.9 338.4 338.5 338.5 339.2 338.1 337.1 332.8 329.7 321.2 314.9 311.2 315 323.1 334.4 339.8 340.8 345 349.2 358.4 360.3 366.8 375.3 382.5 392.7 399.8 407.6 412.8 417.3 423.1 426.9 429.7 431.5 431.2 428 420.9 411.5 402.6 398 394.8 391.9 389 385.9 382.8 379.4 375.5 372.3 370 368.5 366.9 365 363.3 361.2
380.5 380.2 383.8 383.8 380.7 379.6 376.6 375.5 371.2 374.2 375.6 370.5 365.4 361.8 355.1 357.9 362.2 366.8 366 362.5 363.1 359.6 355.1 349.9 346.8 345.9 345.6 345 344.4 343.9 342.6 342.1 340.8 337.2 328.6 321.8 311.4 309.5 317.4 322.3 329.6 334.6 339.5 344 346.1 348.7 353.8 362.3 369.9 375.6 386.5 396.7 404.8 413.2 421.6 428.5 432.1 433.3 431.7 423.9 412.1 405.1 401.2 398 394.8 391 388 385.1 381.8 378.8 374.9 372.2 370.3 368.5 366.9 365.5 364.3 362.3
