app/static/ascii/NZ01.asc
ncols 200
nrows 200
xllcorner 400000
yllcorner 510000
cellsize 50
[rows 140 to 174 of 200, columns 0 to 77 of 200]
266 264.4 263.1 262.7 263 261.3 258.5 257.7 258.1 258.4 258.1 256.3 255.6 254.5 252.7 250.9 246.4 243.4 242.6 241.6 242.7 242.3 241.8 244.2 253.5 253.7 253.7 254 254.7 254.3 254.7 255.5 257.5 257.8 258.8 259.8 260.2 260.6 260.6 260.1 259.1 258 256.9 255.8 254.2 252.5 251 250.1 246 248.8 248.9 248.8 248.5 248 247.8 247.2 246.6 245.1 244.1 243 243.4 243.3 243.3 243.6 243.8 245.4 245.8 248 250.1 250.9 251.6 251.7 251.5 250.9 250.4 250 250.4 250.6
268.2 267.6 267.2 266.5 265.7 264.4 263.7 262 260.9 259.3 260.6 260.7 260.2 259.4 258.6 257.5 255.5 251 245.8 242.8 243.3 242 239.7 241.4 241.1 242.4 245.4 245.6 243.5 239.9 237.9 240 240.4 237.7 237.4 239.5 248.8 254.6 257.9 258.9 258.2 257.3 256.2 255.1 254.6 252.6 251.1 249.7 248.9 245.2 245.2 246 247.2 247.1 247.3 246.6 245.5 244.5 243.5 242.8 243 243 243.2 243.4 243.5 244.1 245.8 247.9 250.3 251.1 253 253.8 254.3 255.5 254.7 254.6 252.6 251.5
273.6 270.7 272.1 270.9 269.3 266.6 264.7 263.6 262.8 261.8 261.8 261.5 261.5 260.7 260 259.5 258.6 257.1 255.7 254.3 253 250.9 247.6 241.8 239.4 241.2 240.7 240 239.3 237.6 238.4 238.2 238 239.4 237.5 236.7 236 236.7 245.2 250.9 252.2 252.5 253 252 253.8 252.7 251.6 249.8 249.3 248.7 247.9 241.5 243.7 244.1 243.8 244.3 244.9 244.4 243.7 243.3 242.7 243 243.2 243.2 243.4 244.1 245 246.4 248.1 249.9 251.5 252.7 253.4 254.5 254.9 254.8 254.8 254.7
279.9 271.7 277.7 276.4 273.6 271.1 269 266.2 265.1 264.3 264.3 264 263.2 263.1 262.8 261.8 260.9 260 258.7 257 255.7 254.6 253.6 251.4 244.6 239.5 239.9 237.9 237.4 239.6 240 242 244.1 246.3 244.2 243.3 238.8 236.3 235.9 233 236 235.8 241.4 243.5 245.7 246.2 247.8 247.9 247 246.2 245.8 244.2 240.1 243.7 242.2 241.6 241.5 241.7 242.2 241.5 243 243.5 244 244.3 244.8 245.4 245.7 246.2 246.5 247.5 248.9 249.8 249.3 249.8 250.1 250.6 250.6 251.7
277.6 283.1 283.4 281 278.3 275.8 273.2 269.9 268 267.6 267.6 267.1 266.4 266.2 265.3 264.4 264 263.8 262.5 260 258.8 257.5 257.2 256.2 256.2 252.6 251.8 252.2 250.7 250.7 251.4 251.6 251.1 250.5 249.3 247.7 245.6 245.1 238.1 235.6 235 233.9 234.2 233.5 232.6 231.9 231.4 236.8 237.6 241.4 241.1 240.2 238.1 241.5 240.6 240.2 240 240.6 241.6 242.2 242.6 242.7 243.7 244.7 245.5 245.7 245.8 246.2 247 246.8 246.8 246.8 246.7 246.1 246.1 245.6 246 246.8
286.4 288.9 286.9 285.1 282.9 280 275.6 273.4 272.1 271.4 271.4 270.7 270.3 270 269.4 269 268.5 267.8 267 264.7 264 262.8 262.7 262.3 261.5 260 259.4 258.7 256.9 255.2 253.7 252.7 252.4 251.7 250.6 249.7 249.1 247.5 246.1 245.6 244.3 241.7 239 238.6 234.4 233.5 232.9 230.3 229.4 232.3 236.3 237.9 236.9 238 239.8 239.8 240 240.7 241 241.5 241.6 241.8 242.3 243.8 244.7 245 245.3 245.7 245.7 245.7 245.1 245 245 244.7 244.3 243.3 243.3 243.7
294 292.9 291.6 289.6 287.4 284.5 280.6 277.9 277.3 275.7 275.5 274.6 274.5 274.1 273.5 273.2 272.1 271.4 270 268.8 268.4 268 267.1 266.1 264.9 264.1 263.2 262.6 261.2 260.8 258.8 258.7 257.4 255 254.7 254.8 255.4 253.2 251.1 249.1 247.3 245.1 242.4 239.8 239.5 239.8 237.4 234.7 233 231.1 228.9 235.9 235.5 237.5 240.6 239.7 241.6 242.7 243 242.4 242.4 242.5 242.3 243.2 243.7 244.1 244.4 244.8 244.9 245.2 244.7 244.3 243.9 243.5 242.6 242.3 242.3 242.2
296.9 296.3 295.5 294.1 291.9 288.9 287 283.8 282.9 281.8 279.9 279.4 278.9 278.4 277.8 276.9 276.3 275.3 274.4 273.5 273.3 271.7 272 270.9 270.2 270 270 268.9 268.1 267.2 266.8 266.4 266.2 265.1 265.3 265.5 265 264 261.6 260 257.1 252.8 250 245.9 242.3 242.7 242.4 237.8 233.6 232 231.1 230.8 231.5 234.2 239.3 238.4 242.8 245.3 244.3 243.4 242.5 242.9 243.3 243.7 243.6 243.5 244.1 244.6 244.9 245 245.6 246.1 245.7 244.2 242.9 242.5 242 241.6
300.1 299.6 299.2 298 296.4 294.2 292.6 290.8 288.5 287.3 285 284.5 283.5 283.2 282.8 282.2 281.4 280.9 280.7 279.7 278.9 279.2 279.2 278.8 278 277 276.3 275.8 275.2 275.3 275.3 275.7 276.6 276.6 276 274.4 272.3 270.8 269 267.3 264.6 258.4 256.2 251.8 249.1 247.6 245.2 239.3 233.3 231.7 230.7 230.3 230.5 230.8 232.3 232.5 242.7 246.3 245.8 245 243.7 242.3 241.9 242.1 242.6 243.6 244.3 244.9 245.4 246 246.1 245.7 245.9 245.2 243.4 243 241.9 241.5
303.5 302.9 302.2 301.9 300.5 299.2 297.6 295.9 294.1 292.6 290.9 290.2 289.5 289 288.2 288.2 287.5 287.2 287.4 287.2 287.1 286.7 286.6 286 284.9 284.1 283.2 282.7 282.6 282.7 282.9 282.5 282.6 282 280.8 278.9 276.5 274.4 271.2 268.4 266.7 262 259 256.5 250.7 245.7 241.7 241.9 241.4 231.9 230.2 230.3 230 230.8 230.6 230.6 232.3 247.1 246.8 245.7 244.3 242.4 242 241.9 242.4 243.2 244 246.3 247.1 247.2 246.3 245.6 246.2 245.1 242.8 241.9 241.7 241.3
306.7 305.8 305.5 305.1 304 303 301.5 300.2 299.1 297.9 296.6 295.3 293.9 293.6 293.5 293.1 292.8 292.5 291.7 291.3 291.1 291.2 290.5 289.5 288.8 288.5 287.9 287.2 286.3 285.8 285 284.9 284.4 283.1 282.1 280.3 277.9 275.2 273.4 270.5 267.3 263.4 260 251.6 247.9 248.6 249.3 248.1 247.1 243.8 234.6 228.2 230.5 230.9 231 230.6 229.5 233.3 247.3 245.5 245.2 243.2 243.3 243.6 243.5 244.1 243.9 243.9 244.9 246.1 245.9 245.8 246.7 246.1 244 242.4 241.6 241.3
309.8 308.6 308.1 307.7 306.6 306.2 305.2 304.3 303.2 302 300.5 299 298 296.3 295.9 295.3 295 295 294.9 294.7 294.2 293.5 292.8 292.1 291.2 290.3 289.6 288.3 287.4 286.2 284.7 283.4 282.2 280.6 279.2 277 274.2 271.7 268.3 262.2 258.1 256.3 253.8 257.8 255.4 254.4 251.2 250.5 250.7 250.1 248.5 246.3 243.4 232.4 227.2 226.5 226.5 225.9 227.5 241.5 243 244.8 246.5 247.4 246.5 245.5 244 242.3 242.7 243.3 243.9 244.6 245.7 245 243.6 242.3 241.6 241.6
312.2 311.6 310.9 310 308.9 309 308.5 308.1 307.3 305.9 304.3 302.4 300.2 298.2 296.9 295.8 295.5 295.4 295.6 295.6 295.4 294.9 293.8 292.7 292.6 291.1 289.7 287.6 285.9 284.5 283 280.9 278.9 276.2 272.4 269.9 270.3 268.6 267.8 267 266.2 264.6 262.5 260 259.3 257.8 255.4 254 252 250.3 249.7 248.2 247.3 245.8 243 239.9 234.3 229.7 228.8 226.7 228.6 241 245.7 247.8 246.8 245.4 244.3 242 240.3 240.9 240.5 242 243.5 243.3 241 241.7 242.5 242.5
314.3 313.6 312.7 311.9 311 311.5 312.1 312.1 311.7 310.1 308.1 305.6 302.8 300.2 297.6 296.4 295.2 294.7 294.3 294.6 294.3 294.2 293.7 292.7 291 289.7 287.5 286.1 283.4 281.1 279.7 280.3 280.1 278.9 277.3 276.6 274.9 273.8 272.2 270.7 269.6 268.7 266.6 264.8 262.9 260.3 258.2 255.4 253.5 251.6 250.8 248.9 248.4 247 245.9 243.4 241.3 240.3 233.3 227.7 225.9 227 229.2 241.5 242.7 243.5 243.6 241 238.2 239.6 239.9 239.7 240.9 241.5 240.9 242.7 243.4 243.6
315.6 314.7 313.7 312.8 312.6 312.8 313.2 314.3 314.3 312.1 310.6 308.7 305.4 301.2 298.2 296.8 295.3 294.4 293.9 293.9 293.1 292.5 291.7 290.1 288.8 287.7 287 285.7 285.5 285.1 284 283.5 282.6 281.4 279.8 279.3 277.6 276.8 275.4 274.7 274 272.8 271.2 269 266.4 264.4 261.8 258.9 256.1 253.5 251.9 250.7 249.2 247.3 245.5 244.1 243.7 241.7 239.6 233.8 228 224.4 224.9 223.6 227.7 238.7 238.2 235.3 233.2 233.8 237.7 238.5 239.5 240.7 242.2 243.6 244.3 244.7
316.1 314.7 313.3 313.1 313.5 314 315.6 315.4 317.2 314.2 311.7 309.8 306.8 303.4 299.9 297.1 295.6 294.9 294.7 294 292.7 292 291.5 291.1 290.1 289.5 288.8 287.8 287.4 287.7 286.9 285.8 285.1 283.8 282.9 281.9 280.7 279.5 278.2 277.4 277.1 276 274 272 269.8 267.7 265.4 262 257.5 254.5 252.6 251.5 249.9 248.3 246.7 245.8 244.7 243.4 241.2 239.4 238.8 237.4 231.8 226.3 227.6 223.1 224.3 226.3 226.4 228.8 225.7 234.5 234.9 240.8 242 243.9 245.5 244.6
316 314.7 313.8 314.1 314.5 315.3 316.2 317.3 317.4 315.8 312.7 310.3 307.3 304.5 301.5 299.2 297.6 297.4 296 295.9 296 295 294.2 292.5 291.8 291.4 290.9 288.9 288.5 288.8 288.7 287.7 286.5 284.9 284.7 283.1 282.2 280.6 279.5 278.4 278.4 277.8 276.4 274.7 272.9 270.8 268.5 264.8 261.3 258 254.2 252.5 250.7 249.4 247.7 246.7 245.6 244.5 243 240.6 238.7 237.3 228 236.8 234.4 230.2 226.7 221.3 224 221.1 220.4 220.8 224.9 240.4 241.6 242.9 244.5 244.8
316.5 315 314.1 314.5 315.1 315.6 316.1 316.6 317.3 316 313.1 310.1 308 305.6 303.5 302.5 301.6 301.2 298.8 299 298 296.7 295 294.1 293.8 292.7 291 290 289.5 289.5 289.7 289 287.9 286.5 286.3 284.2 282 280.2 279.5 279.4 279.7 279.5 277.8 276.3 274.2 272.9 270.8 267.6 264.2 261 257.4 254.4 252.4 250 248.6 248 246.4 245.2 243.4 241.1 239.1 230.8 234.3 238.8 237.8 238 238.1 238 238.8 236.7 232.1 223.2 221.3 232.6 241.6 243 243.9 244.4
319.3 317.9 315.8 315.7 315.5 315.8 315.6 315.8 315.6 314.1 311.8 309.4 307.1 305.4 304.2 304.3 303.3 301.4 300.4 301.5 300.1 298.1 296.1 295.7 295.4 294.5 292.1 291.5 291.9 292 290.5 289.9 288.9 287.8 288 287 282.3 280.7 279.8 278.9 279.7 280.2 277.8 275.9 275 274.3 273 270 268.2 265.4 259.6 258.2 255.3 252.8 250.9 249.7 247.7 245.2 243.3 242.6 239.3 232.5 241.4 241.3 239.4 239.5 239.9 240.1 240.1 239.3 237.7 226.9 222.1 224.2 241.9 242.6 243.2 243.5
322.7 320.2 318.8 317.5 316.6 315.6 314.8 313.8 312.6 311.3 309.6 307.6 305.6 304.6 304.1 303.4 301.4 300.6 302.6 303.2 302.2 299.7 297.6 298.1 298.3 297.6 298 296.8 296.8 296.3 294.7 292.7 291.3 289.2 289.8 289.2 287.6 281.6 277.5 276.5 275.7 278.3 277.4 275.8 274.4 273.8 272.4 270.6 267.5 265.7 264.6 261.6 259.4 256.5 253.7 251.6 248.9 245.2 243.9 242.4 242.4 239 236.6 243.6 242.6 240.5 241.4 243.2 242.9 242.1 240.2 238 221.7 218.1 228.8 242.8 242.4 242.9
324.6 321.9 320 318.4 316.4 315.3 313.6 312.3 310.8 309.6 307.8 306.9 305.5 304.5 303.8 302.4 301.6 302.6 305.1 305.8 304.6 302.9 304.1 303.9 302.6 301.1 299.1 299.7 299.4 298 297.6 296.4 292.9 291.7 291.1 290.1 287.7 286.6 279.9 277.1 275.7 273.7 271.7 271.1 273.4 272.6 271.8 270.5 269.8 268.1 265.8 263.3 260.9 258.7 255.9 253.1 250 247.8 245.1 244.2 242.6 241.9 236.7 243.8 245.1 243.8 242.9 244 245.1 244.8 242.3 239.1 224.2 218.1 221.1 227.3 241.1 242.1
324.6 322.4 320.9 318.7 316.6 315.2 314.4 312.8 311.4 309.5 308.5 307.1 306.7 305.9 304.9 303.2 305 306 309 309.6 307.7 306.7 305.6 304 303.1 302.3 299.8 299.4 299.6 299.1 299.1 298.5 295.8 294.4 293.7 291.2 290.3 288.7 279.9 278.5 277.1 276.5 275.4 273.1 270.1 271 271.1 270.2 269.6 268.1 266.9 264.7 262.6 258.9 255.7 253.5 251.4 250.8 247.7 245.6 244.8 243.7 236.2 245 246.3 246.5 244.8 243.1 244.5 246.4 245.2 242 238.8 217.3 219 219.6 219.9 240.6
325 323.8 323.5 319.7 318.6 318.3 317.8 315 313.6 311.5 310.6 308.9 308.4 307.3 306.5 305.4 305.7 305.7 306.8 307.6 307.5 306.7 304.8 303.1 301.8 301.3 301.5 300.4 299.7 299.1 299.6 299.8 298.5 297 296.1 294.9 292.3 290.3 283.4 279.4 278.4 277.9 274.7 272.3 271.7 270.8 268 266.9 266.1 264.9 263.4 261.8 260.5 257.2 256.9 256.3 254.7 252.4 249.6 246.4 245.7 244.6 238.4 246.5 247.4 247.9 246.4 243.5 241.8 244.5 244.1 244 242.6 240.2 233 221.2 217.3 215.3
330.4 329.2 325.7 326.7 321.2 321.3 321.3 318.8 316.1 313.2 319 317.5 310.8 310.8 312 312.5 312.6 311.5 309.6 307.8 306 305.1 304.7 302.4 301.5 301.2 300.8 301.8 300.3 299.2 298.8 298.5 298.8 297.7 296.2 295.1 294.2 290.8 286.8 280.1 279.8 278.8 277.3 275.3 273.7 273.3 272.3 271.1 269.7 269 267.3 265.3 263.5 262.5 261.3 259.4 256.7 253.7 251 247.2 245.9 240.6 242.6 245.5 247.2 248.3 246.7 241.9 239.7 239.8 242.1 243.9 244.5 242.7 239.9 233.4 219.3 218.3
331.9 330.3 327.6 328.6 325.2 324.5 324.2 321.8 319.5 316.9 323.2 322.5 314.6 314.7 315.7 317.7 315.2 312.5 310.4 308.3 306.9 303.6 302.8 302 301.5 300.9 299.6 300.8 301 299.7 298.8 298.6 298.6 298 296.2 295.5 293.8 290.4 287 281.2 280 279.3 277.6 276.5 275.4 273.9 273.8 272.5 270.7 270.5 268.9 267.2 265.1 264.4 263.4 261.4 259.1 255.9 251.4 249.8 247.7 245.4 240.3 246.3 246.7 247.4 246.8 243.8 240.4 238.3 239.7 240.3 241.8 242.5 241.3 238.3 234.8 220.9
336.7 332.4 330.6 330.2 329.7 328.8 326.4 324.4 323.1 322.9 324.7 324.6 323.7 320.3 320.5 320.9 317.6 313.8 310.7 309 306.9 305.4 304.1 300.9 298.6 297.9 298.3 297.1 301.5 300.5 300.2 299.7 298.5 298.2 297.6 296.3 291.7 288.7 286.8 281.2 279.1 278.8 277.2 277.9 275.2 273.9 272.2 272.2 270.5 269.4 269 266.7 267.1 265.4 262.7 261.5 258.6 255.7 254.3 252.3 249.5 246.3 241.9 249.8 247.9 248.3 246.5 246 243.6 239 236.8 235.9 237.8 239.6 241.5 240.7 238.1 233.6
337.4 333.3 331.3 333.5 333.4 332.8 330.2 328.9 326 325.4 326.4 325.4 325.2 324.3 323.7 321.5 320.5 317.3 313.4 310.2 309.8 310.1 306.6 302.6 298.4 296.8 295 293.6 292.9 301.1 300.3 300.3 299.1 298.1 297.1 295.1 291.7 287.9 285.2 278.4 276.1 271.9 271.4 270 270.5 269.4 269.9 271.6 270.6 269.2 267.4 266.2 266.6 264.9 264.1 261.8 260.8 260.2 258.2 255.3 251.5 245.5 252 251.5 252.4 252 251.1 245.5 242.7 239 240.3 236.9 234.8 232.2 234.2 234.9 236.7 234.8
335.9 332.4 333.6 335.6 335.9 335.8 333.9 331.7 329.6 326.5 326.8 325.8 326.2 325.9 325.4 323.6 323.2 317.7 314.9 315 314.1 311.6 308.1 305 298.4 302.5 302.8 299.9 295.2 290.5 288.9 292.8 296.8 297 294.9 293.2 291.2 287.2 278.6 277.6 274.8 277.7 275.2 278.1 267.8 266.2 266.4 266.9 268.1 269.3 269.2 268.2 266.4 262.3 261 261.2 261.8 256 254.5 253.9 247.6 250.8 253.4 253.3 252.7 251.9 250.7 246.2 242 243.6 241.1 239.1 238.1 236.7 235.6 229.6 226.7 227.1
336.1 334.7 335.7 336.6 337.1 337 335.9 333.4 331.7 327.6 328.3 328.1 326.8 326.5 325.6 325 325.5 325 320.5 317.1 315.5 313.7 310.5 299.8 308.4 308 307.3 307.2 306.1 299.8 292.8 291.3 286.1 286 288.9 288.4 286.3 281.6 284.4 286.7 283.7 280.8 280.9 277.9 275.6 272.9 270.3 266.6 262.6 262.6 262.5 267.2 263.2 259.6 255.2 254.1 252.3 257.1 259 257.3 254.7 253 250.9 249.8 249.5 248.6 247.6 245.9 247.4 248 244.2 241.7 240 238.1 236.9 235.6 234.5 230.6
334.9 336.3 337.3 337.7 337.9 337.7 336.8 334.4 333.6 330.9 329.6 328.3 327.4 326.9 326.5 326.2 326.1 326.2 324.3 317.9 316.7 310.9 308.9 313.3 314.6 314.4 312.2 314.2 310.1 306.5 303 298.6 298.4 297.2 295.9 295 294 292.6 290.7 287.5 286.2 282.8 279.6 277.6 276.9 275.1 273.5 271.2 266.9 263.3 263.4 259.5 259.4 260.4 263.6 262.1 258.3 262 261.4 259.8 258.2 257.2 255.6 255.2 255.2 254 252.4 249.4 249.2 246.8 244.2 243.3 241.3 238.9 236.8 235.2 234.8 234.7
336.1 337 337.9 338 338.1 338.4 337.5 335.5 333.6 331.2 329.5 328.7 327.9 328 327.4 326.8 326.1 326.2 324.3 318.6 315.6 304.3 316 317.5 317.4 316.4 316.2 314.9 311.6 308.2 302.8 302 301.4 300.4 299.2 297.2 295.9 293.5 292.1 290.7 290.6 289.4 285.6 284.8 283.3 282.6 280.1 273.2 271.5 267.6 265.4 265.8 266 265.1 264.7 262.6 261.1 260.1 261.4 259.5 258.1 256.2 254.3 253.3 253.6 254.2 252.2 251.3 250.5 248.3 246.5 245.6 244.6 241.6 239.7 236.9 235.4 234.6
337.5 338.4 338.5 339.1 339.6 338.5 337.6 334.8 333.1 331.6 331.3 331.3 330.2 328.3 327.5 326.2 325.7 324.9 324 319.1 316.1 307.6 316.1 317.7 319.3 318.9 317.7 315 310.7 305.6 304.9 305.6 304 302 300.9 299.5 296.5 294.1 293.9 295.6 297.2 295.8 295 291.6 289.8 285.8 281.8 278.5 275.4 270.4 268.3 267.2 267.1 266.1 264.9 263.6 262.7 260.7 261.3 260 257.9 253.8 252.4 251.9 251.5 253.3 254.3 253.4 250.7 250.2 247.9 247.6 246.8 243.5 241.1 239.2 237.5 236
339.1 339.6 339.5 338.9 339.7 338.4 337 335 333.6 332.7 334.6 334.9 331.5 329.5 328.8 326.3 325.7 324.6 323.3 322.3 320.9 318.3 310 317.7 318.7 318.6 318.3 316.8 313.2 311 310.9 308 305.1 303.5 303.8 301.7 298 296.6 298.5 298.3 297.9 296.9 296.6 295.1 293.5 289.2 284.1 279.7 276 273.8 271.7 269.7 267.9 266.8 265.5 264.2 263 261.4 260.3 260.1 258.8 255.8 253.1 252.4 251.2 251 254.3 255.7 254.4 252.4 248.6 249.4 247.4 244.6 242 240.5 239.2 237.9
340.2 340.3 340.1 340.2 340.5 337.4 336.6 336.4 336.9 335.6 336.7 335 331.9 329.2 329 328 326.7 325.5 324.9 322.5 321.1 319.9 311.2 316.8 318.2 318.8 319 317.8 317.4 315.2 314.2 310.5 307 306.3 307.3 307.4 302.8 301.9 302.9 302 300.8 299 297.7 295.6 294.7 291.2 286.3 284 281.4 278.7 275.1 272.3 269.9 268.7 267.7 266.9 263.4 261.8 260 258.1 257.4 254.8 254.2 253.8 252.1 250.5 249.1 251.7 252 251.1 249.7 249 247.6 245.7 243.1 240.6 238.9 238.4
340.6 340.9 342.1 341.4 339.9 338.8 338.1 337.3 337.8 337 335.5 333.1 331.7 329.9 326.3 326.1 326.3 325 323.2 321.9 319.9 316.8 314.2 320.1 320.7 320.8 320.1 319.4 319.5 318.3 316.8 313.1 310.8 311.2 311.6 310.8 311.2 307.6 308.3 306.9 305.1 303 300.6 297.3 297.1 293.8 290 287.4 285.4 282.8 279.6 276.7 274.3 272.4 271.1 268.9 264 263.2 262 260.3 260.2 257.7 255.8 254.6 252.2 251.8 250.2 247.7 246.7 244.6 244.6 244.6 244.9 244.2 242.4 239.6 236 230.4
