app/static/ascii/NZ03.asc
ncols 200
nrows 200
xllcorner 400000
yllcorner 530000
cellsize 50
[rows 0 to 34 of 200, columns 0 to 77 of 200]
342.9 341.7 339.7 336.6 331.6 324.3 316.8 308.5 297.3 288.5 282.5 277.3 274.3 283.9 295.4 305.3 312.8 318.5 322.1 326.5 329.9 331.9 335.4 337.6 340.7 347 352.8 360.6 367.7 378.7 387.5 392.9 398 405.3 418.1 425.8 430 436.8 447.1 453.5 455 456.1 455.3 453.4 451.8 450.1 448.4 447 443.5 439.9 437.1 434.1 430.3 424.6 420.3 417.1 413 409 405.7 401.3 397.9 393.9 388.7 381.6 373.9 367.5 360.4 356 351.8 347.9 344.8 341.2 337 334.1 331.4 327.6 325.1 323.9
341.3 340.1 338.1 334.8 330.4 325.1 317.2 307.9 296.8 285.9 280.9 277.8 270.7 280.3 291 302.3 308.7 316.1 319.5 322.1 326 330.4 333.2 334.7 337.9 342.6 348.2 355.4 361.9 369.4 380.6 387.2 394.1 399.9 409.4 422 427.4 432.3 439.2 442.2 453.1 454.1 453.4 452 450.1 448.8 447.9 446.2 444 441.1 436.7 432.9 428.8 423.6 419.4 415.6 412.3 408.2 404.4 400.2 396.7 393.1 386.2 379.4 371.1 364.9 359.3 354.4 350.5 347 343 339 334.7 329.1 327.4 323.8 321.7 318.6
338.1 337.7 335.9 333 329.1 323.8 315.6 308.2 296.9 287.2 278.7 275.8 269 276.7 286.1 298.3 305.4 309.9 316.1 320 323.1 326.3 329.8 332.4 335.8 339.5 344.1 349.6 355.6 361.1 370.1 380.7 387.6 395.1 402.7 416.5 424.6 429.2 434.4 444.2 446.5 450 451 450.4 448.6 447.4 446.8 444.3 442.2 439.7 437.1 433.3 428.5 423.4 419.1 415.3 411.2 408.1 403.6 398.6 395.8 391.2 383.5 377.7 368.7 361.2 356.7 353 349.6 345.5 341.6 336.8 332.4 327.7 322.1 320.4 318.6 315.5
333.8 334 332.8 330.6 326.9 321.2 314 307.6 298.9 288.4 278.9 271.9 267.5 271.9 280.3 292.2 300.7 304.7 309.5 315.8 320.1 322.6 324.7 329.1 332.8 335.7 340.2 344.3 349.9 355.9 363.3 371.8 382.2 390.1 396.8 406.7 419.5 426.7 430.2 433.7 440.7 447.2 449.4 449.4 447.1 445.6 445 443.5 440.8 438.6 435.8 431.8 428.2 424.1 419.3 414.3 410.8 407.3 403.7 399.1 394.4 385.5 380 374.1 366.7 359 355.5 350.7 347.3 343.3 339.3 334.1 329 324.5 320.2 314.8 315 312.9
329.4 329 327.8 325.7 322.5 318.1 312.5 306.1 297.6 288.5 279.7 273 264.3 269.2 277.3 282.9 291.1 299.4 305.6 309.1 314.7 317.7 322.3 324.5 329.4 331.3 337.6 341 345.7 349.9 356.1 364.5 376.3 385.2 392.1 399.6 409.9 421.7 427.3 431 435.6 444.3 450 449.5 447.4 447 445 442.8 441.4 439.6 436.2 431.3 427.5 424.2 418.7 413.7 409.6 406.4 402.6 398.8 394.6 386.5 379.1 370.7 363.7 358.2 353.4 349 344.3 340.2 337.1 332.1 327.1 322.1 317.7 314 310.6 309
326.8 324.7 323.1 320.1 317 313.9 309.7 304.2 296.5 287.5 279.1 274.5 268.6 262 270.3 278.2 285 291.1 298.2 304.1 307.5 312.8 317.3 321 323.4 328.7 334.7 337.8 341.1 344.5 351.5 359.1 368.4 380.9 388.2 395.5 405.1 415.2 425.7 429.8 434.2 446.5 450.8 450 448.2 447.6 445.7 444 442.7 440.5 436.8 431.9 428.4 425.1 421.6 417.9 412.5 408.3 405.1 401.9 397.7 392.1 383.7 376.2 365.9 358.9 352.6 347.5 342 337 332.6 329.2 324.4 319.5 314.6 311 307.8 305.2
321.5 320.8 318.5 315.6 313.2 309.3 306 301.4 295.1 287.5 279.3 273.3 268.3 265.8 259.8 274.5 280.6 285.8 290.3 294.2 299.3 305.9 310.8 315.2 318.1 324.1 328.5 332.6 335.8 339.8 345.4 355 364.9 374.9 385 392.5 402.5 414 425.6 429.7 433.9 444.6 452 450.8 449.8 448.6 447.8 446.7 444.5 442 438.6 434.4 430 426.8 423.9 419.4 414.8 410 406.3 402.7 398.9 393.9 386.6 378.5 368.7 360.7 353.7 346.3 340.9 336.2 331.6 326.6 321.3 315.4 311.3 307.1 304.5 300.6
313.6 317 312.5 312.3 309.3 306.2 302.6 298.3 292.8 287.9 280.1 274 269.8 266.3 258.2 268.3 276.2 280.2 284.4 287.7 291.9 297.6 304.7 304.2 312.4 317.7 322.5 325.9 330.7 335.8 342.3 350.7 359.7 373.1 384.2 391.8 400.1 412.5 424.7 428.6 432.6 439.1 447.2 450.9 451.1 449.6 448.7 447.2 446.4 444.1 440.5 436.6 432 428 424.5 420.9 416.4 411.1 407 403.4 399.1 393.6 386.3 379.5 370.4 361.8 354.4 346.8 340.2 335.4 330.4 326.6 321.6 316.1 310.7 305.5 301.1 298.5
298.3 307.8 309.6 307.8 305.6 303.8 301.3 296.6 290.2 284.5 279.8 274.8 270.9 267.6 256 257 272.4 274.5 277.9 278.1 281.6 288.9 293.6 300 305.5 312.6 317.6 318.3 320.4 329.6 337.3 348.5 358.4 371.1 381.5 389.9 400.2 411.5 423.2 427.4 430.7 436.8 446.7 450.8 450.8 449.6 450 447.7 445.5 443.3 439.6 436.4 432.1 428 424.6 421.3 417 412.3 407.9 403.7 399 395.1 387.4 379.8 372.3 361.9 355.2 348.3 341.3 334.9 329.1 324.5 320.4 315.6 310.4 304.4 299.7 295.5
288 296.1 303.4 303.6 302.4 296.6 297.3 294 288.9 283.8 279.9 275.4 272 269.2 266.1 253.1 264.9 259.9 265.6 273.5 276.1 279.9 289.9 295.8 300.3 311.2 317.1 322.6 329.2 334.1 341.4 349.8 361.1 372.6 381.3 391.2 400.6 414.4 422.9 426.7 430.6 436.4 446.1 451.3 451.3 456 457.2 449.4 445.8 442.7 439.7 436 432.1 428.1 424.8 420.8 416.1 411.8 407.2 402.7 396.9 393.9 387.7 380.7 371.6 362.9 354.7 347.9 341.2 335.2 328.7 323.8 319 313.2 308.9 304 298.4 294.4
279.6 288 294.9 299.1 298.3 295.6 292.3 291 287.2 282.2 279 275.9 273.3 270.8 268.1 251.9 262.3 272.7 278.3 282.6 289.8 294.6 300.6 307.1 310.1 311.3 316.5 324.6 333.2 338.3 344 352.3 362.7 373.8 382.3 392.8 404.1 418.4 423.7 427.4 430.9 437.7 444.9 450.4 451.5 451.3 451 448.3 446 442.9 438.9 435.7 432.7 428.8 426.1 422.3 416.8 412.4 408.2 403.7 399.7 395.1 389.2 381.6 372.4 362.8 354.5 348 341.3 335.2 328.8 322.5 316.9 310.4 306 301.2 296.9 293.3
258.2 276.6 285.3 288.7 291.1 291.6 290.4 286.3 282 280.8 277.2 274.6 273.6 271.8 264.1 252.6 268.7 275.6 282.3 293.4 303.7 308.4 314.1 316.4 319.7 321.3 319.8 329.8 334.7 339.7 346 353.7 364.5 374.1 383.7 394.6 408.6 419.9 424.1 428 431.6 438.8 444.8 447.7 447.5 448.2 448.4 447.8 445.4 442.4 439.5 436.5 433.5 430.9 427.9 423.6 418.4 414.3 409.1 404.4 400.2 395.8 389.9 382.1 373.5 363.5 354.6 347.8 341.1 334.9 328.2 322.1 316 310.6 305.7 300.7 296.4 293.1
240.2 256.4 274.8 281.2 285.1 285.9 285.3 284.1 281.2 276.2 273.8 271.8 271 269.8 252.2 262.9 273.2 277.9 286.5 304.1 309.7 313.2 318.2 322.3 326 327.4 328.7 329.1 338.7 342.6 348.4 355.5 366.8 375.9 385.8 399.7 409.9 419.9 424.5 428.7 431.9 437.9 445.1 446.5 447.4 448.5 448.2 447.5 445.7 444.3 442.5 439.5 436.7 433.4 429.4 425.2 419.7 415.2 410.3 404.8 400.3 395.7 390.2 382.8 373.9 364.5 355.5 347.6 341.5 334 328.4 322.4 315.7 310.3 305.6 300.7 296.6 293.9
244.5 237.1 265.2 269.3 276.3 280.2 280 279.1 277.6 275.2 271.5 267.3 265.3 256.7 248.2 267.7 273.2 278.7 290 307.8 313.7 318 323.9 326.7 328.8 331.7 334.9 334.5 338.6 345.3 351.5 359.1 369.4 377.8 387.8 400.2 409.3 420 424.4 428.6 433.2 442.8 447.2 446.7 448.2 448.3 447.7 447.6 446.4 444.8 443.8 442.2 439.3 436.2 431 426.4 420.9 415.8 410.1 405.4 401 396.3 390.6 383.9 375.1 366.1 357.4 349.5 341.7 336.3 328.7 323 317.2 311.6 306 300.8 296.3 292.2
251.2 247.5 259.8 263.1 267.3 270.4 272.8 274 273.2 271.4 269 265.1 248.7 257 266.3 269.4 272.3 276 291 310.7 315.9 320.1 326.1 327.9 330.3 333.5 337.9 340.9 342.5 346.2 352.6 360.8 372.2 380.7 392.6 405.1 411.4 418.9 425.6 429.3 436 447.6 448.6 447.8 448.6 448.7 447.9 447.3 446.6 445.1 444 441.9 438.7 435.6 431.1 425.8 419.8 414.7 410.1 404.9 400.9 396.5 390.9 384.2 376.9 366.8 359.2 351.7 344.1 337.6 330.1 324.9 318.9 312.6 306.4 301.6 297.1 292.3
251.3 250 252.8 256.6 259.2 262.2 265.3 267.4 267.9 266.9 266.1 259.8 243.2 260.8 264.6 267.7 271.5 274.7 291.4 310.8 316.4 320.3 326.8 328.8 331.9 337.6 342.6 345.6 347.8 351 356.4 368.7 377.1 384.4 395.7 408.5 412.5 417.8 424.3 429.6 437.6 452 450.6 449.2 448.9 449.4 447.7 446.9 445.5 445.4 443.7 441.1 438.9 433.9 429.5 423.9 418.8 413.4 408.9 404.9 400.8 396.4 389.8 383.3 376.7 368.4 359.8 352.4 345.5 339.2 332.8 326.5 319.5 313.7 308.3 303.5 297 291.7
237.3 245.8 247.1 250.7 254.4 256.3 259.6 261.6 263 263.3 262.7 256.4 250.2 257.3 261.6 264.4 269.4 275.5 291.5 309.7 316.3 320.6 326.7 330.2 333.4 340.5 345.1 348.2 352.3 356.8 361 373.1 384 389.1 396.2 407.4 412.4 417.4 423.4 429.3 437.4 447.9 451.5 449.5 450.2 449.8 448.8 446.8 444.1 443.5 442.8 441.9 438.1 433.3 427.4 421.3 416.5 412.1 407.3 404.1 400.2 396.7 390.5 383.9 376 368 360.4 353.2 346.2 339.9 333 328.7 323.3 317.4 312 306.7 299.8 292.6
230.3 235 240.1 244.3 235.7 247.7 253.8 255.8 257.6 259.3 259.4 257.4 236.7 245.5 255.4 261.6 267.1 273.7 289.3 309.5 316 320.4 326.4 330.8 333.8 341.1 346.4 351.3 355.2 365.1 370.9 375.2 384.9 393.2 400.2 406.8 412.3 417.6 424.1 429.4 439.2 444 452.1 450 449.6 449.5 449.5 447.5 444.4 442.6 441.5 439.8 438.3 430.7 425.3 418.7 414.2 409.3 404.9 401.9 399.6 397.9 393.6 387.9 378.5 369.1 361.1 354.2 347.1 341.8 336.5 331.2 326.4 320.8 314.8 306 301.7 297.6
225.4 228.4 231.9 238.4 237.8 234.2 233.4 250.4 252.6 254.3 255.1 254.8 241.5 231.6 252.6 260.2 264.2 268.9 286.5 308.6 316.6 320.9 326.4 331.2 334.8 341.6 348.5 352.4 359.6 371.8 377.2 385.5 389.3 393.3 403.2 409.4 414.8 418.7 425.7 431.5 439.4 440.7 441.9 448 449 448.2 448.4 446.5 443.6 442.4 439.3 437.7 434.2 428.3 421.8 415.5 410.3 406.7 403.8 401.5 399.5 397.7 395.8 391.1 381.3 372.3 363.6 356.1 349.2 343.5 338.1 332.4 326.9 319.4 315 311.1 307.5 303.4
218.1 223.5 226.9 230.4 242.1 238.4 237.8 231.6 247.5 249.7 250.9 250 224.2 243.8 255.6 259.4 266.5 273.8 286.5 307.8 316.4 321 327.4 331.8 335.7 346.6 350 352.3 362.6 374.6 379.5 390.7 393.6 391.2 396.8 409.8 415.9 418.4 422.2 429.6 434.4 436.5 437.2 437.4 441.5 445.8 445.6 443.6 441.5 440.1 439 434.6 431.5 426.7 421.2 414.7 409.4 405.2 402.3 400.7 398.2 396.7 395.2 391.7 383.3 374.5 365.2 357.5 349.8 343.7 337.5 333 328.5 324.4 320.2 316.2 312 307.1
215.3 217.2 222.3 225.2 228.4 234.9 241.3 238.9 235.7 245.1 247.2 245.9 226.1 241.8 251.3 260.2 266.8 274 286.6 306.7 315.7 321 328 332.1 337.2 346.6 349.5 352.5 364.5 376 380.1 392 393.8 390.5 392.3 406.2 419.7 418.2 419.2 427.3 427.5 428.9 430.8 432.3 433.7 440.6 443.3 442.9 441.6 440 437.3 434.2 431.4 427.1 421.4 416.2 410.3 405.7 402.2 399.5 396.7 394.1 392.4 390.3 384.9 376.6 364.4 356.6 351.2 345.5 340.2 336.9 333.1 328.2 324.4 320.4 315.8 311.2
208.8 211.4 216.1 217.4 221.5 228.5 236.2 232.6 230.2 240.4 242.3 243.2 229.6 230.7 246.5 259.8 268.5 274.4 285.5 306.4 315.2 320.2 327.2 332 336.2 345.2 348.1 351.7 364 375.1 379.5 388.4 389.9 388.8 388.1 395.9 407.3 414.2 414.7 422.4 424.3 423.4 425.8 425.9 427.5 430.5 436.1 440 440.9 437.6 435.3 433.4 430 424.8 420.8 416.8 411.8 406.9 403.5 400.1 396.3 393.5 391.3 386.3 378.6 375 370.6 361.3 353.8 348 343.6 339.5 335.9 332.1 328.2 323.8 319.9 316.1
205.2 206.9 209 211.6 215.1 219.2 224.4 230.2 231.5 230.4 238 238.7 228.4 227 244.7 257.7 267.2 272.3 283.2 302.9 313.7 320.2 326.4 331.8 334.4 342.1 347.2 351.2 361.4 373.4 377.9 382.4 385.3 385.1 384.5 387.5 393.9 402 408.8 409.8 417.9 419.2 419.8 422 424 425.8 429.3 436.1 439.1 436.1 434.2 430.5 426.8 422.9 419.9 416.5 411.6 407.4 405.2 401.8 398.4 395.7 392.8 389.8 386.2 380.3 373.2 364.3 355.9 349.9 345.5 341.6 338.1 334.4 331.2 327.2 323.9 320.2
202.5 203.9 204.8 206.6 208.5 212.6 217.1 221.7 226.3 233.4 234.1 236 221.5 227.8 245.6 255.8 265.8 269.4 279.7 300.9 313.2 318.4 329.6 331.8 334 339.8 347.1 350.2 357.1 371.6 375.8 377.4 378 378.9 379.7 382.4 386.2 391.5 399.6 404.6 411.3 415 415.9 417.1 419.4 422.2 424.7 428.1 435.3 435.1 433.4 430.4 425.8 421.4 419 416.2 412.2 408.5 405.7 403.5 400.9 398.5 395.9 393 389.4 383.4 375 366.5 358.8 353 347.8 343 340 336.5 333.5 330.8 327.9 323.9
196.1 202.4 202.9 202.9 205 208.6 211.1 214.8 220 224.7 231 230.4 214.4 232.4 247.4 257.5 263.4 268.7 278.5 299.3 313 319.2 328.4 331.5 333.2 339.4 347.7 348.8 353.2 367.2 370.7 374.1 375.6 375.4 377 379.4 381.8 385 388.7 393.2 402.8 409.6 412.7 415 416.3 418.6 421.6 424.6 428.5 431.7 430.9 428.3 424.6 420.9 418 416.9 413.5 409.1 406 404.4 402.2 400.1 397.8 395.3 391.8 386.8 378.9 370.5 362.4 356.3 350.9 346.4 342.2 339 336.6 333.7 330.8 327.3
194 194.1 200.6 201.3 202.6 204.4 206.8 209.3 213.5 219.3 225.2 219.1 216.2 236.4 249.5 256.2 260.8 267.4 276.1 296.7 313.7 319.2 327 330.3 331.7 335.6 343.4 346.1 348.8 360.2 369.1 369.9 372.9 373.6 374.3 376.9 376.4 380.3 383 386.7 394.1 400.1 406.9 410.6 414.5 416.8 418.5 422.5 425.2 426.8 426.7 425.3 422.6 419.7 417.1 415.6 411.6 408.5 406.4 404.8 403.1 401.2 399.3 397 393.4 389.1 381.7 373.6 365.9 358 352.3 348.1 345.2 341.9 338.9 336 332.8 329.3
193.3 193.2 193.6 201.1 201.7 202.8 204.1 206.4 209.6 214.3 215.7 209 226.9 239.8 247.3 253 259.7 266.6 275.7 291.3 313.6 318.7 322.4 328 330.7 332.8 339.8 343.3 344.8 351.4 359 363.2 366.8 368.6 372.4 374 373.3 377.2 379.5 381.9 391.5 397.9 402.1 408.5 415.8 417.2 418.1 420.3 423.2 424.2 423.8 422.3 419.3 415.9 413 411.1 408.5 406.5 405.1 403.3 402 400.6 399.1 396.9 394.3 391.1 384.8 375.8 366.7 359.3 353.3 348.8 346 343.5 340.6 337.6 334.7 331.3
193.4 193 193 197.9 201.4 202.5 204 205.8 208 209.6 208.2 212.8 224.4 236.9 244.3 249.7 256.3 264.1 274.4 286.9 311.7 317.7 320.6 326.3 330.6 331.2 335.6 340.2 341.6 346.1 349.9 356.2 359.9 361.6 368.1 369.7 368.8 372.2 373.6 375.4 382.5 391.7 398 402.9 409.4 418.1 419.6 419.7 420.5 423.1 422.4 420 416.1 413 410.9 408.6 405.7 403.7 402.2 401.2 399.9 399 397.8 396.2 394 391.5 385.5 375.6 367.9 360.8 354.3 349.1 346.1 343.6 341.2 339.1 335.7 332.8
193.1 192.9 191.8 194.6 199.4 201.6 203.9 200.6 201.2 203.8 208.8 213.5 220 232.4 242.7 249.6 253.2 261.8 271.4 287 311.6 317.7 319.2 324.9 329.7 329 332.2 337 339 342.1 346.4 349.6 354.3 356.3 360.4 362.7 361.4 365.8 363.8 372 374.1 379.3 386 394 398.3 405.5 415.8 417.9 416.6 415.4 414.7 413.6 412.2 410.3 408.6 404.7 401.6 399.8 398.9 398.4 397.5 396 394.1 392.2 390.7 387.3 380.6 374.3 368.2 362.6 357.6 352.5 348.1 344.3 341.6 339.5 337.1 334.1
192.2 192.1 191.9 193.3 196.9 198.8 198.5 197.4 200.8 203.8 207.7 209.7 214.4 227.5 241 246.3 233.6 256.9 268.9 286 314.2 318.7 318.7 319.8 325.7 325.8 329.8 333.3 336.7 340 342.5 344.5 348.8 353.3 354.3 355.1 354.3 356.7 361.3 365.9 368.2 371.7 377.6 379.2 387.8 395.1 404.3 413.4 414.8 411.9 408.6 406 402.5 400.1 397.9 395.6 394.4 393 392.9 392.2 391 388.5 387.9 386.5 382.9 380.3 376.7 371.7 366.6 361.5 357.6 353.6 348.9 345.1 341.5 338.7 336.4 334.2
189.8 192.1 191.3 192.8 194.2 195 196.2 197.7 200.2 204.2 204.4 206.5 213.3 220.6 240.1 242.8 230.4 234.6 264.1 284.4 306.8 301.7 303.1 317.3 321.6 322.5 332 332.2 334.8 336.9 339.4 342.9 346.5 348.9 349.9 349.2 348.2 349.6 356 359.2 361.1 365.5 369.6 374.1 380 385.8 390.9 398.7 404.8 409.3 405.8 401.4 397.5 393.8 390.8 388.3 385.4 382.5 380.3 379.5 377.5 375.3 373 370.4 367.3 366 363.9 361.1 358.2 354.9 352.2 348.1 344.9 342.2 338.9 336.3 334.4 331.9
191.7 189.4 191 192 193.4 193.8 194.9 197.8 200.7 202.8 202.8 202.6 206.4 214.9 228.4 247.1 232.4 231.8 259.7 275.3 292.8 302.2 300 314.7 315.1 318 327.4 330.7 332.6 334.2 337 338 341.1 344.6 345.1 344.9 343.4 345.3 352.3 354 356.1 360 363.5 367.6 373.6 378.9 383.2 386.6 390.4 393.7 395.7 398 397.6 394.6 390.1 386.2 382.6 374.6 374.1 370.7 366.8 365.1 362.6 360 357.9 356 353.7 351.8 349.9 347.5 345.3 343.7 341.6 339 336.5 334.3 331.9 329.8
193.2 192.1 189.1 192 192 192.8 192.9 193.6 200.4 201.2 199.1 198.5 203.2 207.4 218.5 240.8 243.2 232.1 254.8 264.1 280.6 297 300.6 308.5 310.1 313.9 318.5 327.7 330.7 332.6 334.7 335.5 335.4 337.4 341 342.5 342.2 340.9 348.1 349.1 351.3 354.3 358.5 362.4 365.4 371.1 376.6 380.2 381.6 383.4 385.2 387.5 387.7 387.9 385.8 382.3 377.9 373.8 364.7 362.8 360 357.8 355.5 352.6 350 347.4 345.5 344.6 343.2 342.3 340.8 339.6 337.7 336 333.8 331.7 329.8 328
198.7 193.7 190.9 189.7 191 191.2 190.6 189.9 199.5 200 197.9 196.3 201.3 204.5 210.7 225 245.3 232.1 230.2 260.9 271.7 284.7 296.3 296 295.6 303.3 313.9 321.1 327.9 330.4 331.4 335.4 333.8 332.1 333.4 334.7 336.8 338.5 341 341.4 347.2 348.1 352.5 357.4 360.6 363.7 369.8 374.8 376.3 376.5 376 375.9 377 375.5 375.6 373.5 370.6 367.2 362.8 358.9 354.1 352.7 350.1 346.4 343 339.3 338 337.1 334.8 335.4 335 333.9 332.5 331.2 329.6 327.7 326.2 324.8
203.8 198 192.2 188.4 191.3 190.4 189.9 189.7 188.9 196 198.2 194.7 200.7 203.9 205.2 213.7 236.1 230.1 228.9 252.2 262.7 271.8 287.5 298.8 295.1 295.2 309.3 313.7 319.5 324.7 327.7 330.7 332.1 329.5 330.5 330.7 330.2 330.4 333.9 338.2 339.9 342.7 346.2 350.3 355.3 359.8 362.7 366.1 370.9 370.6 369.5 367.8 368.5 367.7 366.6 363.8 361.1 358.1 355.8 352.8 348.8 345.9 342.1 339.3 336.6 334.1 332.1 330.2 328.9 327.5 326.1 326.6 325.4 324.7 323.6 321.8 320.9 320
