app/static/ascii/NZ04.asc
ncols 200
nrows 200
xllcorner 400000
yllcorner 540000
cellsize 50
[rows 70 to 104 of 200, columns 78 to 155 of 200]
331.8 330.4 329.4 328.4 327 326.7 327.2 326.8 327.1 330.3 330.8 331.6 334.9 338.2 341.4 334.8 331 332.5 335.5 336.4 336.3 334.6 330.2 326.5 322.1 316.2 311.6 309.8 304.1 298.1 292.7 290.2 288 284.2 279.4 274.4 269.5 264.9 260 264.2 264.5 264.3 266.8 268.2 263.9 252.3 261.1 266.3 270.1 275.6 285.1 292.6 297.1 300 302.6 305.3 308.7 312.1 311.6 316.2 317.7 319 319.5 321.2 321.6 321.5 320.7 320 318.6 319.3 320.2 317.2 315.5 314.1 313.5 312.9 313.2 313.3
334.6 333.3 332.9 330.8 329.2 331.4 333.5 337.2 340.4 342.9 341 341 341 341 341 338.6 332.3 334.1 336.4 336.3 335.7 332.3 329.1 325.2 322.1 316.2 311.8 308.1 303.1 296.6 292.8 288.9 285.1 281.8 276.6 271.9 269.7 267.5 259.8 267.2 267.5 267.5 268.4 265.5 262 257.4 263.8 267.8 271.4 275.4 282.2 289.6 295.9 300 300.6 302.8 306.9 309.7 312.5 311.8 313 314.4 316.8 318.5 319.6 319.6 319.2 319.3 317.4 317.2 316.2 314.6 313.3 312.9 312 311.5 310.4 311.4
337.6 336.1 336.9 336.5 339.9 341 341 341 341 341 341 341 341 341 341 341.6 335.3 337.3 336.9 336.2 335.3 333.3 329.3 325.4 322.2 315.8 311.3 305.3 302.9 297 292.6 288.1 282.6 279.9 275.1 271.7 269.4 263.3 265.3 268.1 267 267.4 267.6 264 259.2 261.8 258.1 268.4 272.3 275.9 280.4 284.6 289.1 293.4 297.9 300.8 304.4 306.9 305.9 307.3 310.2 312.5 313.6 314.9 316 316.9 317.2 318.2 317.3 314.1 313.5 312.7 312.3 311.5 310.9 310.4 308.6 309.3
344.1 342.1 341.6 341 341 341 341 341 341 341 341 341 341 341 341 342 337.4 338.7 338.1 336.1 335.3 333.2 329.3 325.9 320.8 315.6 310.4 304.3 299.3 295.4 291.2 287.1 283.1 280.3 274.8 272 269.1 267.4 268.5 269 267.1 266 264.9 262.4 262.5 266.4 269 263.8 268.6 271.3 277.9 281.3 284.1 287.6 292.6 297.9 303.5 302.3 303.1 304.7 306.7 308.5 309.8 312.1 312.7 314.2 315.2 315.2 314.9 314.4 313.7 313.4 312.6 311.9 311.1 310.6 309.4 308.7
344.9 343.9 342.7 341 341 341 341 341 341 341 341 341 341 341 341 341 340 340.5 340 338.4 336.8 333 329 325.2 321.5 315.9 308.9 303.9 299.6 295.3 292.2 288.9 283.1 279.5 274.9 271.3 270.6 269.4 270.5 270.5 269.6 267.7 266.6 264.1 267.8 270.8 273.2 270.3 272.3 277.4 278.1 281.7 285.8 291.6 293.8 294.2 306.5 298.4 300.4 302.7 304.4 306.3 308.4 311.1 311.8 312.8 314.4 314.7 314.8 314.3 315.1 314.3 313.8 315 315.1 313.5 311.9 310.5
345.9 343.7 341 341 341 341 341 341 341 341 341 341 341 341 341 341 341.8 341.4 340.7 338.9 337 335 330.7 326.5 321.1 316.6 309.1 303.3 300 295.5 291.9 288.9 284.3 279.3 275.1 274.4 272.8 271.2 271.3 270.7 269.3 268.8 265.7 267.3 271 276.6 275.8 272.9 274.8 278.3 280.8 283.9 287.6 291.8 297.1 304 302.7 300.7 301.4 303.6 304.7 307.7 310.2 312 313.2 313.9 315.3 315 315 315.3 315.3 315.5 314.1 312.7 311.6 313.1 312.4 311.6
345.8 344.5 341.3 341 341 341 341 341 341 341 341 341 341 341 341 343.3 343 342.7 342.1 340.7 339.1 334.7 331.7 327.9 321.7 315.6 308.3 303 300.4 295.8 292.1 288.8 283.1 281.6 278.8 277.2 274.3 273.2 273.4 272.6 271.2 269.1 267.4 271.1 274.9 278.3 275.5 277.6 279.1 280.9 283 284 287.4 292.2 296.8 308.1 305.4 304.3 303.1 306.4 308.3 313 313.3 314.5 314.8 315.3 315.5 315.7 315.8 316 315.4 314.1 313.2 311.9 310.1 308.8 308.4 308.7
346.1 344 341.1 341 341 341 341 341 341 341 341 341 341 341 343.5 343.5 342 342.6 341.9 340.6 338.5 334.5 333.1 329.1 322.6 316.8 309.8 304.3 300.4 295.6 290 287.8 287 284.8 282.3 279 276.7 277.3 276.7 275.3 272.5 270.1 271.1 274.6 278.3 278.4 279 280 281.8 283.7 286.4 289.7 291.7 294.9 303 302.5 306 305.6 305.3 308.1 313 315.9 315.7 315.7 315.7 316.1 316 316.2 316.4 316.4 315.8 314.8 313.1 311.3 310.9 309.9 309.1 307.8
345.5 343.3 341.8 341 341 341 341 341 341 341 341 341 341 341 344.5 345 347.1 342.6 342.8 341.6 339.5 337.5 333 329.1 322.9 316.4 309.7 304 299.8 296.1 292.6 290.8 289.7 287 284.7 280.2 279.9 280.6 279.1 276.5 273.6 272 274.7 278.4 281.3 279 280 281.9 284.3 286.7 289.4 294.2 296.5 300 312.3 308.8 307.9 307.3 307.3 308.6 311.8 315.7 317.4 316.6 316.2 316.7 316.5 316.7 316.7 316.3 315.6 315 314.2 312.5 311.1 309.8 309.3 308.7
345.3 344.4 342.8 341 341 341 341 341 341 341 341 341 341 345.6 345.5 345.7 349 344.9 345.3 342.5 340.4 337.7 333.1 327.4 320.9 316.2 310.7 304.5 300.7 296 294.5 292.7 292.4 292.1 287.9 283.1 284.3 284.4 281.1 278.4 277.8 278.5 279.5 281.9 281.4 281.5 282.6 285.6 288.7 291.3 295.1 299.3 302.6 307.8 311.9 314.9 310.6 309.4 309.1 309.5 312.8 316.6 318.5 318.7 317.8 317.9 317.4 317 316.5 315.9 315.4 314.8 313.8 312.7 311.2 310.6 310.1 310.4
346.3 347.4 343.5 342.4 341 341 341 341 341 341 341 341.3 345.8 348 350.2 350.1 350.2 349.1 346.7 343.6 342 339.9 334.4 327.3 321 316.1 309.7 305.5 304.7 302.2 298.3 297.8 296.3 295 288.5 287.3 288.2 286.6 283.6 281.3 282.4 282.2 284.1 283.6 282.6 284.2 286 288.9 293.4 296.6 302.5 304.8 309.3 316.7 319 314.9 312.5 311.4 311.3 313.9 318.9 319.6 322.2 322.4 322.2 321.6 320.8 320.1 319.3 317.4 316.1 314.7 313.9 312.6 311.9 311.3 310.8 311.1
346.8 347 347.1 343 342.8 342.2 342.8 343.2 342.7 343 344.3 346.4 349.2 351.8 353.1 351.8 349.3 348.6 346.5 344.1 343 338 332.9 326.1 319.9 313.2 310.3 310.1 307.3 304.4 302.6 300.3 297.9 293.6 290.4 290.9 290.5 288.4 286.6 283.7 285.5 286 285.8 285.1 284.5 286.8 290.5 294.2 297.7 303.4 309.1 312.4 314.2 319.1 320 316.8 315.3 315.1 316 320.4 322.9 324.8 326.7 326.8 326.7 325.4 324.2 323.3 322.1 319.7 318.1 316.6 315.6 314.4 313.9 313.4 312.6 312.1
348 347.1 345.8 344.9 343.7 344.2 344.8 345.5 345.7 346.6 346.6 348.4 352.5 353.9 354.3 352.9 350.5 349.3 347.4 345.1 342.9 337.3 331 322.8 315.9 317 317 314.6 311.2 307.7 303.9 301.6 298.9 293.8 293.4 293.6 292.7 291 288.5 288.4 288.6 289 287.2 286.1 286.6 290.7 293.2 298 303.3 309.7 314.4 317.2 319.4 320.5 322.1 320.3 319.2 321.4 321.4 326.3 330.1 331.6 333.2 333 332 329.8 327.8 325.8 323.7 320.8 319.3 317.7 317 316.1 315.7 315.1 314.3 313.7
349.3 349.2 348.6 347.9 347.2 347.1 347.5 347.9 346.7 346.8 348 353.4 354.8 354.1 353.2 353 351.4 349.9 348 343.9 340.9 334.6 325.8 326.2 325.3 324.7 322 318.7 314.5 308.4 306.3 302.6 299.3 296.4 296.8 296.9 296.1 293.1 290 291.6 291.5 290.8 289 288.5 289.2 293.9 298.4 302.9 310.1 316.3 319.6 321.7 322.8 322.9 324 324.7 323.9 326.1 328.8 333.2 335.8 338.2 339.5 339.3 337.1 333.4 330.5 327.8 325.3 322 320.4 318.8 318 317.4 316.8 315.7 314.9 314.7
351.7 351.4 351 350 349.6 349.9 349.2 348.2 348.2 348.4 348.8 356.3 356.2 355.4 354.2 353 351.9 349.8 347.8 343 337.6 335.7 335.4 335 332.4 329.7 324.9 320.9 317.9 312.1 311.2 305 300.7 301.1 304.3 300.3 298.4 295.4 294.7 295.7 295.4 293.3 292.4 293.7 295.5 297.7 304.3 309 317.7 321 323.4 324.1 325.7 328.4 330.2 331.1 330 330.4 333.3 338.3 341.5 343.3 344.7 344.6 340.5 335.7 331.6 329.1 325.8 323.3 321.6 319.9 319 318 317.4 316.2 315 314.6
355 354.2 353.5 352.3 353 353.4 351.9 350.1 350.1 350 359.1 358.8 357.9 356.7 355.3 353.9 352.4 350.7 348.3 344.4 342.9 342.3 341.6 339.9 337.7 332.3 327.8 324.7 321.2 315.2 309.8 305.7 307.9 308.9 306.6 304.8 301.9 298 300.3 300.5 301 297.4 296.2 300.5 302.3 299.9 309.2 316.9 322.6 324 325.3 326 332.4 334.1 335.1 334.4 334.2 335.1 338.7 341.7 343.7 345.4 345.4 344.5 340.6 335.8 331.5 328.9 325.8 323.8 322.5 321.1 319.7 318.8 317.3 315.9 314.6 313.6
359 357.2 356.3 355.7 355.6 357.5 359.3 355.2 361.5 361.9 360.9 360.2 359.1 358.1 356.6 355 353.3 351.2 348.9 348.3 347.2 345.9 344.4 342.5 339.9 336 332.7 328.5 323.2 315.6 316.6 314.7 313.9 314.4 312.9 309.3 304.2 304.6 305.7 305.7 305.1 304 298.3 303.2 308.3 309.3 315.1 320.8 327.5 329.8 328.1 332.6 336 338.9 338.1 337.2 337 339.1 342.7 344.1 345.1 344 342.9 340.8 337.3 332.9 330.3 327.8 325.6 324 322.6 321.8 320.7 319.5 317.9 316 314.1 312.3
363.1 359.3 359 359 359.3 362.4 365.2 365.5 365.4 364.4 362.7 361.2 360.3 359.6 358.3 356.6 354.8 352.3 350.9 350.2 349.4 347.9 346.3 344.5 341.9 338.8 336 331.1 323.1 323.8 322.1 320.9 319.9 321.1 318.5 314.9 308.8 311.3 311.3 310.2 310.8 308.5 304.2 308 314.9 317.3 314.1 323.1 329.3 331.8 329.1 335.7 340 343.5 340.5 339.9 340 343.2 344.8 345.2 344.1 342.1 339.9 335.7 332.4 330.3 328.8 327 325.2 323.8 323 322.3 321.3 319.9 317.9 316.1 313.8 311.6
367.2 364 362.7 362 365.1 368.2 369 368.8 367.8 366.9 364.3 363 361.7 361.1 359.4 358 356.5 354.7 353.2 352.3 351.1 350.1 347.9 346.2 344.7 341.7 338 329.9 329.9 330.6 328 328.9 327.9 326.5 322.5 314 316.3 316.4 317.4 317.6 317.2 315 309.3 312.6 318.2 322.2 316.4 324.2 329.6 334.8 331.1 338.4 341.5 343.6 342.4 342.5 342.3 343.5 344.5 342.9 340.5 338.7 334.7 332.6 330.5 329 327.7 326 324.5 323.7 323.9 323 322.2 319.9 317.6 315.3 312.9 310.4
371 368.5 365.3 367.9 371.1 372 371.8 370.9 369.9 368.3 366.3 365.3 363.4 362.6 361.5 360.1 358.8 357.8 356 354.1 353.1 351.8 350 348.4 346.5 340.5 340.6 337.5 336 337.8 336.4 336.8 333.8 330.8 325.5 318.5 322.3 323 323.2 323.9 323.8 321.3 312.7 315.1 320.4 324.4 321.6 325.3 331.2 336.4 337.6 340.7 344.8 344.1 342.9 343 342.5 342.7 342.8 340.3 338.1 335.8 333.9 332.3 329.4 328.1 326.5 324.5 323.6 323.7 323.7 323.5 321.9 319.4 316.7 314.6 312.2 309.2
373.5 370.6 369.3 372.6 374.3 374.2 373.5 372.3 371 369.6 368.2 367.5 366.2 365.2 364.1 362.5 362.2 360 357.9 356.6 355.8 354.3 352.5 350.8 347.2 346 345.4 342.6 342.2 341.1 340.6 339.7 338.1 336.2 328.8 327.6 328.5 330.1 328 328.9 325.8 326.4 316.4 322.3 324.1 327 327 327.5 333.1 337.7 339.4 341.4 344.8 344.6 343.3 342.1 341.4 340.8 340.2 339 336.2 334.9 334.1 333.2 329 327.3 326.2 324.2 321.5 322.5 322.6 322 320.8 318.4 315.8 312.7 310.1 307.9
377.3 374.8 371.8 376.4 376.8 376.1 374.9 373.6 372.1 371 370 369.1 368.5 367.5 366.3 365.1 364.1 362.2 360.5 359.9 359 357.5 355.3 352.4 349.3 350.2 349.2 347.3 345.6 344.4 343.7 343 340.6 339.1 336.6 335.2 335.4 334.6 334.5 333.3 329.5 324.5 326.9 326.9 328.2 328.9 329.2 328 334.4 337.5 339.5 342.2 343.9 344.9 345.1 343.3 341.2 339.3 338.1 336.6 335.3 334.5 333.2 330.6 328.8 327.7 326.1 323.9 321.4 320.9 320.8 319.9 318.4 316 313.3 310.7 308 306.4
379.5 376.1 376.3 377.9 377.7 379.3 376.6 375.7 374.8 373.3 371.8 371.3 371.2 370.4 369.1 367.9 366.3 365.6 364.3 362.9 361.4 359.7 357 355 352.5 354.6 351.8 348 346.9 346.9 345.5 343.8 342.6 341.5 340 338.6 337.9 338.5 337.5 336.1 332.9 333.2 332.5 330.7 331.9 332.5 332.5 332.9 335.4 338.7 339.2 342.8 344.1 345.3 345.8 344.7 342.5 340.2 337.6 335 334 333.4 331.9 329.7 328.7 327.8 325.7 322.8 321 319.2 318.8 317 315.1 313.1 311.2 309 307 305
380.7 378.5 379.3 379.6 380.1 380.6 377.4 376.9 372.1 375.3 375.3 375.4 374.4 373.2 372.4 370.9 369.5 367.9 366.4 364.9 363.5 362.2 359.5 357.1 356.1 355.9 353.7 349.8 349.6 349 347.5 345.9 346.1 344.8 341.9 342.1 341.6 341.3 340.5 338.1 337.8 337.4 335.8 335.1 336.7 337.2 338.5 337.7 338.8 339.5 340.4 342.1 343.7 344.8 347 345.7 342.2 339.1 336.6 334.2 332.4 330.6 330.4 329.3 327.8 327.3 324.1 321.5 319.9 317.2 316 314.5 312.7 311.3 309.4 307.4 305.3 303.3
381.6 381.3 381.4 381.5 381.9 379.2 379.1 379.4 379.4 380.8 380.1 380.1 379.3 377.3 376.7 374.5 373.6 372.1 371.9 369.4 366.7 365.2 362.9 361.2 358 359.1 354.7 354 354.8 353.9 352.1 349.7 350.8 348.8 345.5 346.1 345.6 344.2 345.4 342.8 340.6 341 340.8 340.6 339.4 341 341.3 341.2 340.3 339.5 340.4 340.7 341.8 343.7 345.5 344.1 341.4 338.1 335.5 333.3 331.2 328.7 327.4 327.4 326.5 324.5 322.7 320.6 318.7 316.5 313.5 311.8 310.9 309.2 307.4 305.3 303.6 301.6
384.1 383.4 383.1 383.1 379.1 384.6 383.7 383.6 384.4 385.3 385 384.4 382.9 380.7 380.4 378.5 376.5 375.4 372.6 372.1 369.6 369 367.4 365.4 362 361.8 358.5 359.3 358.6 358.2 357.8 355.9 354.6 353.6 353.6 351.6 351.6 351.5 350.9 348.5 346.7 347.5 346.7 344.9 345.8 345.9 342.8 341.7 341.2 341.3 340.8 339.6 339.1 341.8 342.5 342.1 339.9 336.9 334.6 332.3 329.4 327.5 325.3 323 323.3 323.5 321.8 319.8 317.3 314.8 312.6 309 308.4 306.7 304.9 303.2 298.9 298.8
387.3 386.2 385.7 385.6 383.5 386.3 386.7 388.4 388.6 388.1 386.9 386.4 384.7 383.4 382.1 380.6 378.6 376.9 375.5 374.3 372.7 372.2 371.1 368.9 364.3 364.8 362.3 364.3 363.9 363.4 362.5 360 358.5 357.7 356.8 355.8 353.9 355.5 354 352.7 351.4 351.1 349.7 348.8 349.1 348.3 347.2 345 340.8 340.6 336.7 340.8 339.3 338.8 340.3 340.2 338.3 336.1 333.5 331.1 327.3 325.4 323.6 321.4 319.5 320.1 320.2 319.1 316.7 313.8 311.1 308.2 304.1 304.5 300.5 298.5 296.4 290.6
390.2 389.6 389.2 388.9 390.2 390.5 390.9 391.1 390.9 390.2 388.6 388.7 387 385.2 383.9 382.7 380.4 378.2 376.9 376 375.6 374.1 371.4 369.3 369.6 369.1 367.1 368.4 367.4 366.5 365.3 363.7 361.9 362 360.8 359.8 358.9 359.6 356 355.6 354.8 354.3 353.9 351.7 350.7 349.6 347.9 346.7 344.1 342.7 339.6 337.4 337.8 336.6 337.2 338.7 336.8 335 331.9 329.6 327.5 325.6 323.6 320.9 317.5 315.3 317.2 316.3 315 312.4 310.8 307.5 301.9 299 291.2 287.5 282.7 286.9
393.7 393.4 393.1 392.9 393.4 393.1 393.2 392.8 392.5 391.4 390.3 389.7 388.3 387.8 385.3 384.6 381.1 379.5 378.2 377.8 377.3 375.1 372.9 372.2 372.1 372.3 372 371.7 370 368.9 367.1 365.6 365 365.7 365 363.5 363.1 361.7 359 359.1 358.9 356.6 355.7 354.5 352.1 351.3 349.6 348.6 346.5 344.6 343.2 340.8 336.3 336.5 334 335.6 335.3 333.9 332.6 329.7 327.5 324.2 322.6 320.3 318.6 316.2 311.7 312.4 313.3 310.6 308.9 306.3 300.7 298.3 288 289.8 295.4 294.1
397.4 396.7 396 395.5 395.3 394.9 394.3 394 393.7 392.8 392 390 388.4 387.4 386.1 385.4 382.3 380.9 379.7 379.4 378.6 376.4 374.5 373.8 374.2 375 374.7 374.4 371.8 370 369.9 368 367.4 369.5 370 368.7 367 364.8 363.9 363 362.2 359.8 358.8 358.1 356.4 355.2 351.6 349.8 347.5 345.7 344.1 339.9 337.8 333.7 334.9 332.4 333.1 333 332.8 330.4 327.2 325.1 324.2 321.4 318.7 314.5 312.2 310.9 308.5 308.6 305.6 301.3 297.1 294 288.7 293.8 296.4 297.6
398.7 397.8 397.1 396.5 396.1 395.8 395.4 395 394.6 394 392.8 390.9 389 388 387.2 386.3 384 382.7 381.8 381.2 380.3 378.5 376.7 377 376.5 377.4 377.2 375.7 372.8 371.8 371.7 370.2 371.1 372 372.4 371.4 370.1 367.7 366.4 365.8 365.2 362.9 361.8 360.5 358.7 357 355.5 351.9 349.2 347.7 345.3 340.5 341.6 339.1 331.2 328.2 325.4 330.2 331.3 330.2 326.9 324.8 322.5 321 319.3 317.7 314.7 313.1 310.8 306 302.7 303.4 298.4 289.8 297.6 297.1 299.5 300.7
398 397.3 397.4 396.8 396.4 396.1 395.7 395.3 394.9 394.4 393.4 392.1 390.2 389.4 388.6 387.4 386.9 385.6 385.2 383.6 382.8 381.9 378.7 379.5 379.9 379.7 379.3 378.1 377.5 374.6 375.1 373.2 373.7 374.6 373.8 373 371.9 369.9 368.7 368.6 367.4 365.5 363.8 362.2 359 357.4 355.4 353.5 350.3 349.1 347.8 343.5 343.2 341.6 338.1 334.8 328.2 327.3 327.6 328.6 326.7 323.6 321.3 319.6 317.7 316.2 314.1 312 309.1 304 303.4 297.4 293.3 298.4 301 302.5 302.6 301.8
395.6 395.9 396.4 396.1 396.1 395.9 395.7 395.3 395 394.3 393.6 392.9 391.4 390.7 390.2 389.9 389.5 388.4 387.8 387.1 386.1 384.2 379.9 381.2 381.8 382 381.2 380.3 378.7 378 377.3 376.4 376.3 375.9 375.1 374.4 373.3 371.3 370.8 369.8 368.1 367.7 365.2 362.1 360.9 359.8 356.9 354.1 352.5 349.6 348.4 344.1 344.5 342.1 339.3 336.3 332.6 322.7 325.9 325.6 325.5 323.6 320.7 318.6 316.4 314.3 312.8 310 306 298.8 298.1 303.7 304.7 303.6 305 305.3 306.3 305
393.3 393.7 393.6 394.3 394.6 394.8 395 395 394.7 393.9 393 392.3 391.4 390.8 390.8 390.9 390.8 390 389 387.4 385.8 382.4 381.6 381.7 382.9 382.9 382.2 381.2 380.4 379.4 378.8 378.5 377.8 376.8 375.3 374.4 373.6 372.4 371 369.7 368.5 367.4 365.2 362.8 361.6 359.6 357.4 354.9 353 351.1 349.4 343.5 345.9 343 339.8 336.5 332.8 326.9 322.6 321.2 320.2 321.4 319.8 317.9 315.6 313.3 310.9 307.6 299.6 303.4 308.5 307.9 308.4 308.3 308.5 309 309.5 309.7
391.3 390.8 390.7 390.6 390.7 391.4 392.6 393.3 392.9 392.7 391.5 390.8 390.3 389.9 389.9 390.5 390.4 389.3 387.7 385.9 384.6 383.1 382.4 382.7 383.7 383.6 382.4 381.3 380.2 379.7 379.1 378.9 378.2 377.1 375.4 374.4 373.3 372.4 371 368.8 365.9 364.7 361.9 360.9 360 358.2 356.2 353.4 351.2 351.2 350.6 344.2 345.5 342.6 339.5 336.3 333 329.2 320.5 321.3 322.4 316.4 314.6 315.6 313.2 311.3 308.3 302 307 311.1 311.9 310.4 310.9 311.3 311.3 312.6 313.1 313.1
