app/static/ascii/NZ06.asc
ncols 200
nrows 200
xllcorner 400000
yllcorner 560000
cellsize 50
[rows 108 to 143 of 200, columns 0 to 80 of 200]
69.3 69.1 68.9 69.5 70.6 71.6 71.7 72.4 73.3 74.3 75.3 76.6 81.1 92.1 101.9 102 101.9 101 102.9 104.4 104.7 107.8 110.7 112.8 114 113.9 114.1 114.1 113.6 112.4 111.1 110.2 109.9 109 107.6 105.9 105 104.4 104 103.2 102.8 102.2 102.3 101.8 99.7 97.2 99.7 99.2 97.1 99.1 101 103.3 106.7 110.9 114.2 116.4 117.5 120.1 124.1 128.8 134.8 139.9 143.4 147.2 150 147.5 144.2 140.1 136.5 131.4 127.4 124.3 122.2 119.2 117.2 119.9 125.8 130.7 132.3 133.2 133.5
69 68.7 68.4 69 69.8 71 71.6 72.1 72.7 73.6 74.5 75.2 79.7 90.3 101 101 101 99.9 101.7 102.8 104.4 105.8 109.1 111.8 114.3 113.1 112.2 111.8 111.6 110.1 108.7 107.8 107.8 107.4 105.7 104.1 103.2 102.5 101.9 101.1 100.4 100.1 100.4 100.2 99.6 94.3 95.3 95.8 92.6 98.6 100.5 102.7 105.5 109.1 112.2 113.7 114.7 116.8 119.9 124.4 130.1 135.5 138.9 142.2 145.1 143.2 140.2 136.6 132.4 127.5 123.5 120.1 115.7 114.2 112.6 115.2 119.6 125.4 128.2 129.5 130.6
69.3 68.6 68.2 68.6 69.5 70.4 70.9 71.4 72.1 72.6 73.3 74 77.6 87.2 95.7 99.1 100.6 97.3 98.4 101.1 101.8 104.1 106.6 112.9 114.4 113.1 111.8 110.7 109.7 108.5 107.8 106.2 105.6 105.3 103.9 102.3 101.5 100.8 100.2 99.5 98.7 98.6 98.7 99 98.5 98.7 97.8 94.9 90.2 91.5 100.5 102.9 105.5 108 110.4 111.9 112.7 114.1 116.6 120.2 125.7 131.3 134.7 137.7 140.7 139.5 136.5 131.9 128.2 123.2 119.1 115.8 112.8 110.9 109.3 111.6 115.8 122.4 124.7 125.7 128.4
69.9 69.1 68.2 68.1 69.1 69.6 70.1 70.6 71.1 71.7 72.3 72.9 74.5 82 89 93.9 97.8 93.7 95.5 97.8 100.7 104.2 107.8 111.5 113.2 113.1 111.8 110.7 108.8 107.7 106.9 105 103.2 102.8 101.9 100.9 100 99.3 98.6 98 97.3 96.8 96.8 96.9 97.6 98.2 98.8 97.8 90.6 90.6 100.9 103.3 105.7 107.8 109.3 109.2 110.8 112 114.3 117.8 123 128 131.5 134.1 136.3 135.4 133 128.9 125 121.4 116 111.7 109.6 107.8 106 109.6 114.7 119.6 120.7 122.3 124.9
69.9 68.8 67.4 67.2 68 68.3 68.7 69.3 70.2 70.7 71.2 71.3 72.9 78.9 84.1 90.2 94.9 91.6 92.2 95.5 100.1 105.1 104 110.4 111.8 112.1 111.6 110.6 108.7 105.5 105.4 103.6 101.7 100.5 99.9 99.5 98.5 98.5 97.6 96.8 96.1 95.4 95.3 95.9 96.6 97.3 98 97.8 87.2 91.8 100.6 103.4 105.2 107 108.2 107.9 110.1 110.2 112.4 116.9 122 126 128.8 130.6 131.2 130.4 128.5 124.7 120.8 116.5 112 108.3 105.9 105 103 108.3 113.3 115.2 115.7 118.9 121.9
68.5 67.9 67.2 67 67 67.3 67.5 68.5 69.1 69.6 69.8 70.7 72.2 77.3 81.8 87.8 91.8 91.1 88.1 92.9 100 104.2 105.1 103.5 109.8 110.5 110.1 109.2 107.8 105.3 103 101.4 100.3 98.5 98.6 98 96.9 96.5 96.5 96 95.4 94.5 94.6 95.2 95.7 96.3 96.9 97 87.3 94.6 100.5 102.8 104.7 106.5 107 107.9 108.7 108.7 110.8 115.3 119.2 122.1 124.4 126.3 127.8 126.5 124.9 120.1 115.9 111.8 107.7 104.2 102 101.6 102.6 107.5 109.5 110.7 111.8 115.6 118.9
66.9 66.3 66.1 66.4 66.6 66.8 67.1 67.9 68.4 69.7 70.8 70.3 71 74 80.9 87.7 89.1 89.1 86 88.9 98.8 100.1 101.8 104.2 103.1 108.8 108.6 107.7 106.5 104.6 102.1 99.6 98.4 97.7 96.9 96.9 96 95.3 95.2 94.7 93.9 93.9 93.9 94.6 95.4 95.8 96 96.3 92 95.8 99.4 102.1 103.8 105.3 105.8 106 106.8 107.1 108.7 111.7 114.6 117.4 120.4 124.2 124.5 122.1 118.8 114.7 109 104.9 102.1 100.1 98.8 98.8 103.4 105.2 105.4 106.7 108.4 111.8 114.5
64.8 64.3 65.1 65.8 65.7 65.1 65.4 67.1 69.8 74.4 75.4 74.2 70.8 71.9 76.6 82.8 87.7 88.3 85.6 87.7 93.9 96.8 99.4 101.9 103.3 102.6 106.8 106.9 104.9 102.6 100.2 98.5 97.2 96.4 95.7 95.6 94.9 94 93.7 93.3 93.5 93.5 93.2 93.9 94.7 94.8 94.6 94.2 92.3 89.7 98.4 101.9 102.9 103.8 103.5 103.2 104.3 104.7 106.1 108.4 110.5 113 115.3 118.9 118.2 114.8 111.6 107.5 102 99.2 97.5 94.4 97.4 100 101.4 101.4 102 103.7 105.6 106.8 107.5
62.7 59.3 63 64.5 64.4 63.8 65 67.1 71.9 78.8 82 80.4 75.8 71.7 73.1 79.1 86.2 88.2 85.6 86.8 92.3 93.1 96.1 98.9 101.4 103.9 102.3 104.2 103.4 101.5 99.8 98 96.5 95.4 94.2 93.9 93.7 92.8 92 91.6 91.8 91.9 92.3 93.2 94.5 94.3 93.8 93 83.5 91.7 97.8 101.4 101 100.8 100.5 101.4 102.2 102.3 103.3 105.6 107 109.2 111.3 113 111.1 108.4 104.9 99.7 96.4 94.7 90.7 96 97.4 98.2 98 97.6 99.1 101.2 101.3 101 101.6
55.4 51.8 60.6 60.8 62.2 63.4 64.4 65.7 70.9 77.7 80.7 82.2 81.9 79.7 73.6 74.7 82.4 84.4 81.8 83.7 86.1 89.5 92.6 94.7 100.2 101.9 102.1 102 101.8 101.2 100 97.4 96.1 95.1 93.7 92 92.2 91.5 90.8 90.6 91.1 91.4 91.9 92.5 93.3 93.2 92.7 91.4 81.4 88.3 91.9 97.7 97.5 97.4 97.2 98.5 99.3 99.9 101.8 103.9 104.8 105.7 107 106.7 104.7 101.6 97.3 93.7 92 89.7 90.7 92.8 94.3 95.1 94.3 95 95.4 96.5 95.7 94.6 95.4
46.1 55.1 59.7 62.7 63.8 64.1 63.6 64.8 68 71.9 74.2 75.6 76.3 77.3 73.6 71.7 78.2 80 80.8 80.5 82.4 86.3 90.6 92.8 97.9 101.3 101.7 102.1 101.1 100.3 99 97 95.5 94.5 93.6 92.5 90.9 90.3 88.4 87.6 90.4 91.2 91.4 91.2 91.7 91.5 90.7 89.7 83.8 82.7 89.6 93.5 93.7 93.8 93.9 94.1 97.6 99.8 101.4 102.5 103.6 103.7 101.8 100.4 98.5 94.4 90.9 88.3 87 84.9 89.5 91.3 92.2 92.6 92.5 91.2 91.2 89.9 89.3 91.1 91.9
49 51.2 54.7 58.3 62.4 62.1 61.9 62.9 64.9 66.4 67.2 68.1 68.3 69 69.3 69.4 72.4 77.1 79.5 78.9 79.3 84.7 88.5 91.7 96.3 100.5 101.9 101.3 100.3 99.8 97.3 96.9 95.4 94.9 94.7 94.2 93.5 92.1 90.3 88.1 90.6 90.9 89.1 89 89.1 89.1 88.1 85.8 83.4 79.1 85.8 88.2 89.7 90.6 90.6 92.7 95.8 98.1 99.2 99.8 99.7 98.4 95.9 93.2 90.6 88 85.5 83.7 82.3 85.5 88.7 90.5 91 90.9 89.6 87.2 86.1 86.8 87.1 85.2 85.1
47.9 48.9 51.3 54.2 57.5 59.6 59.9 61.6 62.9 63.3 63.1 62.2 63.1 64.8 66.8 69.1 72.7 76.4 78.5 78.6 77.9 82.6 85.9 88.6 93.3 99.6 100.4 98.6 98.3 97 97.3 96.5 97.3 98.7 96.8 95.2 94.2 92.2 90.5 86.5 87.7 88 86.1 85.5 85.2 84.9 84.5 82.7 79.3 77.6 82.1 83.8 85.5 87.1 88.3 90.8 93.2 95.1 95.2 94.3 92.7 90.5 88.1 86.5 84.4 83 81.4 79.3 81.7 84.9 87.9 89.4 88.5 86.8 85.4 84.8 84.1 82 82.3 82.3 82.5
56 52.3 51.7 52 52.9 55.5 57.7 59.1 60.4 61.3 60.6 59.6 60.2 63.6 66.8 68.9 71.8 75.6 77.9 78.2 77 78.3 82.8 85.8 90 96 96.7 95.3 96.3 100.1 99.2 99.1 93.8 98.2 97.7 95.4 92.9 90.3 88.3 85.7 83.4 84 82.8 81.7 81.3 80.9 80.8 80 78 76.4 79.4 80.5 82 83.7 86.4 89.1 91.4 92.2 91.7 89.5 86.9 83.5 81.8 80.6 79.6 78.6 77.5 78.7 81.7 84.8 87.2 85.1 84.1 84 81.8 82.3 78.7 79 79.4 79.2 78.8
52.3 53.4 56.3 50.2 49.5 52.2 54 56 57.5 58.2 57.5 56.8 57.5 60.1 66.6 68.7 70.4 73 75.1 75.7 76.9 78 79.7 82.7 87.1 92.9 93.1 92.6 93.6 99 103.6 99.5 98.1 93.9 89.2 91.9 89.8 87.5 85.4 83.5 81.6 81 80.1 79.3 78.4 78.1 78.4 77.9 76 75.8 78 79.5 80.7 82.4 84.3 86.9 88.2 88.6 87 84.9 81.8 78.6 76.5 76.1 75.8 75.2 73.8 78.1 81.1 82.8 81.1 82.3 78.6 76.5 75 76.6 73 73.4 74.4 73.7 76.9
40.4 50.9 53.6 51.6 47.2 46.6 44.8 47.3 51.4 53.3 54.5 54.8 54.3 56.2 63.3 68.9 69.7 71.2 73.2 76.6 78.4 76.3 77 79.3 85.3 88.6 88.4 88.3 90.1 94.3 100.8 98.8 95.1 92.7 90.4 87.1 84.8 84.3 82.4 81.2 79.9 78.8 78.3 77.7 77 77.1 77 76.5 73.7 77.4 78.6 79.3 80.4 82.1 83 83.3 83.8 83.7 83.1 81.1 78.5 76.4 74.2 73.4 73 71.9 75 76.5 77.7 79.3 76 74 72.7 71.5 70.3 69 68.7 68.9 69.2 74.5 80
33.2 36.6 43 49.7 44.9 42.6 40.1 39.3 42.4 45.9 48.3 49.9 50.8 52.3 56.5 62.7 66.6 70.4 72.7 75.4 73.6 73.1 74.3 76.9 83.3 83.2 82.7 84.2 85.7 88.9 94.6 94.2 91.3 88.7 86.6 84.1 81.8 83.4 82.1 80.5 76.1 77.9 77.9 77.1 76 75.9 76.1 73.1 75.8 79.1 79.7 80.7 80.6 81.3 81.4 80.9 80.3 80.5 79.7 78 76.3 74.6 72.4 71.1 70 70.8 74.1 75.6 75.1 74.1 71.9 70.4 69.6 68.3 66.7 65.7 65.6 67.8 71.4 76.5 81.8
26 26.4 26.4 27.6 33.5 34.7 35.7 37.9 40.1 40.8 41.8 44.7 48.9 51.6 53.3 56.6 62.9 68.1 72.5 75.1 71.8 71.8 72.6 75.3 78.8 78.4 78.1 80.4 84.5 87 90 88.9 89.2 88 85.5 83.5 81.6 80.1 78.7 80 79.4 78.5 77.6 76.6 75.5 74.9 73.8 74.4 74.7 79.5 80.2 80.2 80.4 80.1 80 78.7 77.4 76.2 75.5 74.5 73.4 72.1 70.6 69.8 70.9 72.7 71.2 72.8 72.7 70.6 68.1 66.2 66.5 65.1 63.3 63.6 66.6 69.6 75 80.5 85.1
25.4 25.9 25.7 25.5 25.7 26.6 29.7 34 36.9 38 42.3 48.3 54.1 57.8 57.2 58.6 59 60.6 70.1 72.3 74 73.7 72.7 73.7 74.3 74.6 75.1 77.4 80.9 83.6 87.8 85.7 86.1 86.4 85.5 84.4 82.3 81.5 79.3 78.5 78.2 77.3 77.5 77.6 78.8 79.1 74.5 76.2 74.3 73.7 73.6 74.1 74.4 75.4 75.9 75.5 74.7 73.5 72 70.5 69.7 69.5 70.2 68.3 66 66.6 68.3 68.9 69.3 67.9 65 62.6 61.6 61.8 63.1 65.3 68.4 73.4 79.6 84.6 88
25.3 25.8 25.7 25.5 25.1 24.6 24.8 24 25.6 39.6 41.4 41 48.4 59.6 58.6 58.8 58.2 61.5 62 71.5 73.2 73.5 73.6 71.2 71.4 72.9 74.1 74.9 77.7 81.4 84.8 85.2 89.5 90.7 87.8 84.6 82.9 81.9 80.2 80 79.7 79.2 79.3 75.1 79.2 76.5 73.8 79.2 74.2 78.3 79 78.6 76.9 77.9 77.1 76.4 75.4 73.2 71.8 70.9 68.5 67.8 67 66.1 64 64.6 67 66.5 66.2 65.3 62.8 60.3 59.9 62.1 65.7 67.8 72.4 78 84.5 87.3 89.8
24.7 25.5 24.6 24.3 23.2 22.5 23.1 23.7 23 22.9 25.5 30.2 34.2 44.4 58.1 57.5 59.3 61.6 62.5 69.3 73.7 73.4 68.1 63.1 62.2 62.9 66.7 69 71.8 77.2 85.7 88.4 88.4 88.5 88.5 85.7 83.5 82.4 80.9 81 80.7 80.2 80.1 80.1 78.6 74.2 73.3 72.7 69.2 73.6 77.3 77.2 76.5 75.9 75.2 74.1 72.5 70.9 68.9 67.8 66.8 65.8 64.8 64 62.7 62.3 63.4 63.3 63 62.5 61 57.8 58.3 60.5 63.3 69 73.5 80.1 84.7 87 90.7
24.8 24.9 24.8 22.9 22.9 23.6 24.1 21.3 19.2 19.2 19.2 19.2 30.7 42.1 57.5 57.4 54.8 59.3 62.4 71.7 72.3 71 60 59.4 59 59.9 63.7 67.2 69.7 74.6 80 85.3 87.2 88 87.5 85.2 83.5 82.2 81.5 81.5 81.2 80.7 80.3 80.2 80.1 80 79.5 78.8 75 69.1 70.4 74.3 74.5 74.5 74.1 73.2 72.2 70.8 68.5 67.2 65.9 65.2 63.7 62.2 60.6 60 60.5 60.3 60.2 59.7 58.3 57 57.7 59.2 61.6 66.2 71.8 78.2 82.3 87.4 91.3
25 25.1 24.4 24.4 24.5 23.1 22.2 19.2 19.6 24.1 24.4 20.2 19.2 25.5 52.2 55 54.9 55.1 62.4 71.6 71.9 68.1 58.5 59.1 58.8 59.1 60.7 65.4 68.2 75.1 82.8 86.4 87.9 88.7 87.1 85.1 83.6 82.3 81.8 81.4 81.3 80.6 80.6 80.3 80.1 79.9 79.7 79.2 76.6 77.6 76.3 67.2 68.8 72.2 73.1 72.5 71.2 69.3 67.3 66 65.1 64.5 62.3 60.6 59.9 59.2 58.2 57.8 57.3 56.7 54.7 55.9 57 58.5 60.5 64.1 70.1 78.7 82.4 86.7 90.7
25.3 24.5 24.4 24.1 23.4 22.3 19.8 23 26.4 26.2 25.8 25 21.1 19.2 24.3 50 56.2 62.5 66 71.4 72.2 66.8 58.6 58.8 58.5 58.3 59.6 63.5 67 78.2 86.8 88.8 87.9 86.8 85.4 84.2 83.1 81.4 80.9 80.7 80.7 81.5 81.2 81.1 80.9 81 80.8 80.3 79.8 74.2 77 74.8 66.4 68.9 73.4 73.2 70.1 67.6 66 65 62.9 61.8 60.4 59.2 59 58.1 56.7 55.8 55.2 54.9 54.1 55.1 56.5 58.1 59.4 62 66.9 74.9 81.5 86 90.1
24.4 24.1 23.3 22.3 19.8 19.8 24.8 27.1 25.6 25.9 25.7 25.4 24.9 20.7 19.1 25.2 52.1 59.4 68.7 71.7 72.4 70.8 59.1 59.1 58.6 58 59 60.9 65.7 77.2 85.9 87 85.3 84.2 83.5 82.6 81.4 81.7 81 81.2 81.6 82 82.1 82.1 82.6 82.7 82.6 81.4 80.4 79 76.6 74.3 70.1 66.2 72.9 73.3 69.8 65.6 64.4 62.9 60.8 59.8 58.6 58.1 57.9 57 56.1 55.3 54.2 54 53.2 54.3 56.5 57.1 58 60.4 64.9 71 78.5 83.5 87.9
21.9 21.6 19.9 19.8 22.4 38.6 36.6 25.3 21.5 21.8 23 25 24.8 24.2 19.3 18.7 31.8 45.7 59.3 70.4 71.8 70.7 65.7 59.9 59.4 57.3 58.4 60.2 63.8 71.3 81.2 83.8 81.9 81.3 81.2 82.3 83.9 84.8 84 82.6 81.6 81.8 82.6 83.1 83.8 83.8 82.2 80.7 78.9 76.5 73.3 72.7 70.7 63.6 68.3 70.9 67.2 63.8 62.2 60.7 59.5 58.6 57.8 57.2 56.9 56.1 55.7 54.5 53.4 52.6 52.9 54.3 56.2 56.1 56.5 58.6 62 67.7 75.1 80.3 84.9
19.8 19.8 21 35.6 54.8 52 42.6 31 23.5 20.6 20.7 20.9 24.8 21.6 24.8 19 18.7 36.4 50.3 65.5 71.6 70.1 64.4 59.9 59.6 57.6 58.1 60 62.9 66.5 75.9 79.4 79.3 78.4 80.5 85.4 88.4 87.3 85.2 82.7 80.8 82.4 83 83.5 83.6 82.9 81 78.7 76.5 73.8 71.8 71.5 69.6 64.9 65.4 68.7 65.7 62.2 60.9 59.8 58.8 58.1 57.4 56.8 56.6 56.2 55.5 54.1 52.8 52.2 52.1 54.2 55.3 55.2 55.1 56.9 60 64.3 70.8 76.8 81
31.9 44.9 52.9 46.2 43.2 42.4 36.9 33.4 31.2 20.6 20.7 20.8 22.5 20.7 22.4 23.4 18.7 25.8 46.3 64.9 70.6 70.5 66 62.9 59.9 58.7 57.8 59.8 61.9 65.1 71.6 75.8 76.7 78.4 83.4 88.2 88.3 85.5 83.3 81.7 82.5 82.7 83.5 84 83.8 81.9 79.4 77 74.5 71.6 69.5 69.7 67.5 63.7 64.3 67.3 64.5 61.5 60.3 59.5 58.9 58.2 57.6 56.9 56.5 56.1 55.7 54.8 53 52.1 51.2 51.5 52.8 53.6 54 55.8 58.3 62.2 67.8 73.6 77.2
46.8 36.4 33.5 36.8 42.5 37.5 42.7 41.4 35.2 30.6 25.6 20.7 21.2 21.7 20.7 24.3 19.9 18.7 33.8 66.2 67.9 67.3 66.4 64.2 58.1 58.2 57.8 60.1 62.2 64.6 67.1 73.1 76.1 79.2 85.8 87 86.3 84.8 83 81.7 81.5 82.3 83.7 84.8 83.7 81.5 78.7 76.2 73.5 71.1 68.8 66.6 66.9 62.3 63.4 65.8 63.8 61.3 60.2 59.6 59 58.3 57.7 57 56.6 56.2 55.9 54.9 53 52.1 50.7 49.9 50.9 52.2 53.5 55.1 57.4 61.2 66 70.5 74.1
57.7 50.7 45.5 34.5 30.7 35.3 35.6 37.3 37.4 30.8 29.7 21.5 20.7 20.5 20.7 22.8 26.2 18.7 22.8 51.8 62.3 64.3 65.4 62.7 58 57.8 59.3 63.2 63.8 65.3 66.7 71.4 75.5 80.5 87.6 86.3 86.4 83.7 81.2 80 80.1 81.7 84.6 85 83 80.7 78 75.8 73.8 71.8 69.6 66.6 64.2 67.9 61.2 63.2 62.4 61.2 60.4 59.7 59.1 58.4 57.8 57.2 56.8 56.3 56 55.6 54.6 53 52.1 50.9 48.8 50.7 53 54.6 56.6 60 64.4 68 71.2
58 50.2 48.5 43.2 41 31.8 33.5 33.4 37.6 33.1 29.9 29.2 20.7 20.7 20.7 20.7 25 19.4 18.7 40.5 50.3 59.9 63.1 61.7 55.4 54.4 55.7 62.2 63.4 64.9 66.4 69 73.8 82.1 85.6 84.7 82.4 82 80.2 78.7 78.8 80.6 82.7 83.8 82.2 79.6 77.5 76 74.4 72.6 70.4 67.8 65.4 63.6 65.1 60.2 61.3 61 60.6 59.9 59.2 58.6 58 57.4 57 56.5 56 56 55.8 54.6 53 51.5 49.7 50.6 52.7 54.2 56.1 58.6 62.1 65.5 67.9
56.3 52.4 48.4 50.2 44.6 40.2 37 29.7 37.4 35.6 29 29 20.7 20.7 20.6 20.7 23.3 22.8 18.7 25.8 49.4 56.7 59 58.9 54.5 56.2 57.1 61.4 63.8 64.3 66 68.1 71.9 80.3 84.7 82.3 80.3 80.5 79.7 78.4 77.4 78.6 80.4 81.3 79.9 78 76.9 75.6 74.6 72.9 70.4 68.2 66.4 64.8 63.2 60 59.3 60.4 60.5 59.5 59 58.5 58 57.3 56.6 56.4 56.1 56.1 55.7 54.9 53.2 51.6 49 50.2 52.1 53.3 55.2 56.8 58.9 61.6 63.7
61.1 57.3 57.5 58.4 52.5 45.9 47 44 30.5 32.2 27.2 27.2 23.9 20.7 20.7 20.6 23 24.2 18.7 18.7 33.5 42.6 47.4 50.5 50 50.7 57.7 61 62.2 64.4 66.3 67.8 70.5 77.1 82.6 79.8 79 77.2 77.7 77.2 76.2 76.2 77.5 77.6 76.7 75.5 74.9 74.1 72.4 71 68.9 66.7 65.1 63.9 63 63 58.3 57.9 59.8 59.3 58.8 58.3 57.9 57.3 56.7 56.3 55.9 55.7 55.4 54.6 53 51.2 47.8 49.8 51.3 52.1 53.2 54.6 55.5 57.2 59.3
65.3 64.8 61.3 63.8 62 58.2 56 55.6 44.6 28.1 27.2 28.7 28.2 24 20.7 20.7 21.9 24.2 21 18.5 25.3 36.3 39.5 45.7 51.6 55.5 60 62.9 63.4 65.3 66.3 67.8 69.9 73.3 78.5 79 76.5 75.4 73.8 74.3 74.3 73.7 74.2 74.6 73.9 72.7 71.7 70.9 69.1 67.1 65.1 63.3 62.3 62.9 62.6 61.5 61.7 55.2 58.1 58.9 58.5 57.9 57.4 56.7 55.9 55.5 54.2 54 53 51.9 51 49.9 48.2 47.9 49.9 50.4 51.2 51.8 52.5 53.5 54.9
67.7 66.5 64.2 64.5 64.2 62.5 60.7 58.1 52.2 37.7 30.1 30.6 30.5 25.4 21.9 20.7 20.7 23.3 22.4 18.5 24.7 28.7 42.2 53.3 58.6 58.7 57.7 60.3 63.4 67.7 66 67.6 69.1 71 73.8 75.5 75.2 72.8 71.3 70.8 71 71 71.1 71.3 71.1 69.9 68 67 64.7 62.8 61.2 60.5 60.9 62.3 61.9 61 59.7 57.6 54.2 57.5 57.6 57.1 56.6 55.9 55.1 54.8 53.4 50.7 50.1 49.6 49.1 48.5 46.9 45.3 47.4 48.1 48.9 49.3 49.8 50.5 51.5
68.4 67 65.9 66.2 65.8 65.2 64.7 62.6 54.3 48.2 37.7 35.6 29.2 28.1 24.9 23.4 23.8 24.4 23.3 18.5 23.4 25.1 36 43.1 55.6 53.4 60.1 58.7 65.9 68.4 65 67.1 68.8 69.4 71.4 71.7 71.8 71.2 69.9 68 67.9 68.1 68.6 69 68.8 67.6 64.9 63 60.3 59.4 58.9 59.1 59.7 60.4 60.1 59.6 58.5 57.9 51.4 53.4 55.7 55.9 55.8 54.8 53.4 51.7 50.2 48.7 48.3 47.8 47.8 47.8 47.9 46.2 43.8 45.8 46.5 47.1 47.7 48.2 49.2
