app/static/ascii/NZ10.asc
ncols 200
nrows 200
xllcorner 410000
yllcorner 500000
cellsize 50
[rows 105 to 139 of 200, columns 79 to 157 of 200]
241.4 230.4 227.5 223.6 222.4 216.9 217.9 215.9 212.3 211 210.2 207.4 207.7 212 216 218.8 215.9 214.9 212.5 205.4 213 215.3 209.2 210.5 214.1 216.7 223.5 223.9 226.9 231 233.8 233.2 234.4 236.9 236.8 238.3 238 239.1 240.3 240.9 242 244.7 243.8 239 235.1 234 233.7 224.7 211.6 199.8 196.6 195.2 194 190.6 188.8 185.1 181.8 177.7 175.7 166.2 156.2 153.6 145 141.5 138.7 135.5 130.5 117.3 111.7 110.4 108.9 108 107.1 106.3 105.3 104.5 105.5 105.9 107
238 233.2 233.2 229.2 226.6 224 222.4 219.9 219 217.7 217.3 217.1 217.9 221.6 223.8 221.6 218.3 217.3 214 212.5 219 219 213.8 215.6 224.2 226.3 230.1 233.4 235.9 236.7 238.7 239.8 240.9 243.5 243.9 245.3 245.3 246.7 245.8 243.7 242.1 242.2 243.2 241.9 234.7 230.2 228.3 227.4 223.1 209.9 196.7 191.3 189.1 187.4 185.5 184.1 180.9 173.3 171.8 170.6 164.4 152.1 149 141.4 137.1 135.2 133.8 127.9 118.2 111 109.9 109.3 108.3 107.3 106.1 104.8 103.2 102.1 103
249.6 242.5 239.1 235.9 233 230.9 227.3 225.5 227.1 227.1 226.4 223.6 225 226.4 226.4 223.9 220.4 216.8 215.8 218.2 219.1 220.9 221 222.7 227.9 231.9 234.2 237.4 241.1 242.8 243 244.1 246.9 248.6 251.7 252.1 252.7 253.1 252.9 252.2 249 243.4 240 237.8 235.9 231.7 225.5 223.4 221.6 218.8 208.5 193.2 187.2 183.3 181 179.2 177.5 175.5 168.4 167.2 165.9 161.4 148.6 145.1 135.4 133.3 132 130.1 124.8 115.6 111.8 111 109.5 108.2 106.7 105.3 104 101.2 100.3
258.6 251.9 245.4 241.8 239.1 236.5 233.2 228.9 230.4 232.4 230.6 228.3 229.1 229.5 229.4 226.7 222.8 220.7 222.6 223.3 223.3 223.2 223.6 224.6 230.2 236.2 243 247.3 247.2 247.5 248 249.2 250 250.2 250.6 250.8 250.5 250.9 251.3 250.9 250.2 248.1 242.2 236.2 233.1 231.9 227.5 220.5 218.2 216.3 212.6 204.5 191.4 182 177.9 175.5 173.8 172.1 169.9 164.4 163.3 162.5 155 143.4 140.7 136 131.3 128.8 125.9 121.3 117 113.3 111.4 109.4 107.2 102.7 101.9 100.9 99.8
261.1 257.3 253.6 248.8 244.2 241.5 235.6 233.6 232.4 235.8 234.7 232.9 232.9 233.4 232.4 229 228.6 226.9 227.5 227.7 229.6 230.9 229.4 234.4 240.4 246.7 248.1 248.9 248.9 248.6 249.4 250 250.7 251 250.5 249.9 250.3 249.5 249.3 248.5 247.7 247.2 246.8 242.1 232.3 228.4 227.3 225.6 217.4 214.6 211.9 208.8 201.3 186.3 176.8 172.7 170.3 168.3 167.5 164.7 161 161.1 157.5 144.9 142.7 139.2 134.3 129.7 126.3 124.4 121.3 117.3 114.1 113.8 109.1 104.3 105.6 110.2 111.8
264.7 261.8 258.9 253.6 248.8 240.8 238.3 238.5 234.9 237.5 238.1 237.8 237.1 236.6 233.5 231.3 232.7 232.2 232.5 233.4 235.8 239 242.4 247.2 250.2 252.5 253.4 253 253.1 253.7 255.6 258.3 260.8 256 251.1 249 248.8 248.8 248.8 247.5 246 245 243.7 242.3 239.6 229.7 225.7 225 223.7 216.4 211.8 207.6 204.9 198.2 185.2 171.1 167.8 166.2 165.2 163.3 159.6 157 154.6 149.5 144.8 141 136.8 132.4 129.5 127.5 125.1 119.9 117 116.9 117 116.2 114.7 114.3 113.5
268.9 264.9 261.3 256.8 249.4 244.9 243 240.7 240.3 237.7 241.2 243.8 241.7 240.3 238.8 236.1 238.1 238.2 240.3 241.4 246.2 253.9 260.9 263 260.9 259.2 259.1 260 259.4 260 262.1 265.9 268.4 267 260.2 251.9 247.7 246.7 247.3 247.3 244.7 242.3 240.5 239.2 238.2 236.4 226.6 222.5 221.6 220.6 213.6 207.9 203.7 201 193 177.1 166.7 164.6 163.1 161.3 158.9 156.7 153.6 150.6 146.3 142.5 138.5 134.8 132.3 129.6 126.3 122.3 120.9 120.9 122.5 122.9 120.3 119.8 119.4
272.4 267.7 264.1 259.6 253.9 251.6 248 244.5 242.4 238.7 243.1 247.6 245.3 244.2 243.5 239.2 241.7 244.2 247.5 253 261.3 264.6 266.1 266.5 266.5 263.9 263.3 263.7 263.6 263.3 264.1 266.1 266.5 265.1 263 257.4 251.5 247.6 245.5 244.4 242.8 239.5 237.3 235.8 235.7 234.9 233.6 225.4 218.6 216.8 214.8 209.1 203.9 199.8 195.6 186.2 171.6 164.3 161.7 159.9 158.7 157.1 154.6 152.7 149.8 146.1 140.8 136.9 133.8 129.9 127.2 126.5 126.4 126.8 127.5 127.2 127.2 125.9 124.3
274.8 271 266.8 261.9 259.6 257.2 256 250.6 246.9 241 247.6 252.9 248.5 250 246.4 245.6 250 255 259.6 262.2 263.8 265.5 266.4 266.5 265.9 265.4 264.4 264.7 264.4 263.4 263.6 265.5 264.8 262.9 260.9 258.6 257.5 254 249.2 246.1 242.8 239 236.1 233.5 232.5 232.2 231.2 230 222.3 216.5 213.8 210.5 205 200.5 195.7 190.6 181.2 168.2 163.2 159.6 158.3 156.9 155.5 154.5 152.9 149.5 144.2 138.8 134.7 132.3 133.2 134.4 134.7 134.1 133.6 135.2 136 136.1 131.7
281.1 274 269.3 266.4 264.7 261.9 262.3 256.9 250.1 245.3 254.4 257.9 254.4 253.2 250.7 253.9 256.9 259.9 262.4 264.3 265.3 266.1 268 268.4 269 269.6 267.8 268.5 265.1 263.4 262.7 264.8 264.8 262.9 260.1 257.4 257 256.7 258 257.3 253 247.6 241.6 234.6 230.8 229.5 228.7 229.3 229.4 218.7 212.1 211.8 206.4 201.3 197.2 193.8 189.4 176 166.7 160.5 157.4 156.1 155.1 153.7 152.3 150.7 147.2 141 136.5 138.3 139.9 139.1 138.2 137.4 137.1 137 136.9 135.6 132.9
284.6 278.8 273.3 271.1 269.4 266 265.8 259 248.3 254.3 261.9 262.2 258.8 256.9 256.7 258.7 261 263.7 266 267.9 269.2 270.4 271.8 272.5 274.3 274.9 274.7 272 269 265.5 262.8 262.9 263.9 263.5 261.4 258.9 255.6 256.5 258 259.2 258.2 256.4 252.2 245.8 233.8 229.6 226.5 226 226.8 226.2 214.1 209.6 207 203 199.1 195.6 191.7 189.8 177.8 162.6 159.1 157 155.2 153 150.8 148.5 144.4 139.1 140.3 141.8 141.7 141.3 139.8 137.9 136.4 135 133.9 133.3 130.3
285.9 282.9 278.4 274.4 272 269.9 267.4 258.4 250.6 261.3 266.3 265.5 262.4 260.9 261.3 263.5 266 269 271.1 273.1 275 275.9 275.5 275.4 274.5 273.6 273.3 272 270.1 268.2 265.4 262.1 262.2 261.3 260.3 258.6 256.5 255.2 256.3 258 259.1 257.7 255.8 253.4 246.3 231.7 226.8 224.4 223.6 223.9 220.1 208.5 205.9 205.5 202.2 197.9 194.7 192.8 188.3 176.1 161.4 157.9 156.6 154.2 152 150 147.5 145.7 146.1 145.7 145.5 145.1 143.3 141.5 139.2 137.4 134.7 130.7 128.2
285.9 284.7 282.5 278.6 274.7 272.1 266.8 260.2 255.8 263.7 270.2 268.9 266.9 265.2 264.7 267.6 270.8 272.5 274.2 275.2 276.2 276.2 276.1 275.2 273.7 272.9 272.5 272.2 270.3 268.5 267 265.3 262.9 260.4 259.9 257.9 257.7 257.2 255.5 255.8 257 257.1 255.2 251.7 249.4 245.3 229.7 227.3 223.9 221.6 220.8 213.7 208.6 207.1 204.7 199.9 196.4 192.4 186.8 181.6 171.7 162 159.8 156.9 154.7 151.7 149.5 149.2 149.7 150.4 150.2 149.6 147.9 146.4 145 143.7 141.8 140 136.3
285.7 284.3 283 280.9 276.1 273.4 266.4 262.6 257.9 266.4 274.1 271.6 269.8 269 270.1 270.9 272.9 274.1 275 275.9 276.8 277 277.2 275.6 274.5 273.7 272.1 271.9 270.6 267.8 265.6 265.2 264.6 262.1 259.4 258.7 258.6 258.8 257.3 255.5 254.4 254.3 253.2 249.7 247.5 247.2 242.1 235.1 230.3 223.9 220.6 217.3 212 208.8 207.3 203.3 199.4 194.6 187.9 181.3 173 167.1 163.7 160.4 157.5 154.3 152.7 152.4 153.6 155.1 155.3 154.6 153.4 152.8 152.2 150.8 148.9 147 144.4
285.7 283.4 281.4 279.7 276.3 271.4 266.2 263.2 260.8 268 275.4 273.2 272.4 272.8 273.7 274.4 274.7 275.2 275.8 275.9 276.5 277.1 277 276.1 273.9 272.8 271.9 271.3 270.2 268.7 266.5 263.8 263.1 261.7 260.5 259.6 260 260.3 259.3 256.2 254.4 252.2 251 248.5 245.7 244.3 244.9 241.1 235.9 230.8 222.9 220.1 215.9 211.5 209.1 206.4 201.7 197.4 190.7 180.9 179.2 173.2 168.3 165 161.9 157.8 157.2 156.7 158.3 158.5 157.5 156.8 155.6 155 154.3 153.1 151.6 149.1 148.9
286 282.9 281.1 279.4 278 268.9 265.1 263.6 263.5 270.2 275.7 274.1 275.7 276.1 275.9 276.7 276.8 276.2 275.6 275.6 276.1 276.9 276.8 276 274.9 273.1 271.4 269.2 267.2 266.8 264.6 262.6 260.8 260 259.9 259.8 259.2 259.5 258.1 257.3 255.3 252.7 249.9 246.9 244.5 242.6 242.6 242.4 239.2 235.1 227.9 222.6 220.2 215.7 211.9 208.1 203.1 198.5 192.1 193.5 186.2 179.4 173.4 168.5 165 162.2 161.3 161 161.4 161.1 160.1 158.3 156.6 154.8 152.5 150.9 150.6 147.2 144.2
286.8 284.1 282.5 278.5 272.1 267.7 266.5 266.9 266.6 271.7 277.5 276.2 280.1 280.2 278.9 278.7 278.5 277.7 276.7 275.4 276.2 276.5 276.4 275.3 274.9 273.9 272.4 269 266.3 263.4 260.8 259.1 258.6 258.2 258.7 258.3 258.4 257.9 257.2 256.6 255.5 253.2 250.8 248.3 245.4 243.3 240.7 240.8 239.5 237.3 232.5 226.2 222.8 219.8 214.6 209.1 204.6 200 199 196.1 192.4 187.1 180.1 173 169 166.6 165.5 165 164.7 164.1 162.4 160.6 158.9 156.2 153.2 150.2 148.2 145.4 142.8
286.8 284.6 279.6 275.2 272.8 271.3 270.1 269.6 269.7 266.3 274.1 276.7 278.6 277.9 278.6 280 279.5 278 276.8 275.2 275.1 275.5 274.6 273.9 273.7 273.5 272.4 269.7 266 262 258.4 256.7 255.5 254.2 255 255.6 256.1 255.4 254.6 253.7 253.6 251.7 250.2 249.5 248.2 245.4 241.9 239.1 238.1 236.3 235 229.4 224.3 219.5 216.7 208.6 209.8 207.9 202.9 199.3 196.3 192 185.3 178.2 172.7 170.9 169.6 168.7 168.1 166.8 165 162.8 161 158.5 155.2 151.3 147.3 144.3 141.5
286.9 284.9 281.1 280.4 278.1 275.7 273.6 272.2 271.6 270.7 271.8 274.9 275.4 275.9 277.1 279.3 280.1 278.9 276.1 271.9 270 271.3 272.9 272.1 271.6 271.7 270.7 269.1 266.2 262 257.7 255.7 252.7 250.9 250.5 251.1 252.7 252.6 252.1 251.2 250.7 249.2 248.5 248.2 246.3 245.9 243.7 240.8 236.2 233.7 232.8 229.4 224.2 221.8 219.5 216.7 214.3 211.7 208.5 203.6 200.5 196.4 191.9 184.4 177.1 175.3 173.8 172.5 171.2 170.3 168.9 166.4 162.4 159.4 155.9 152.3 148.3 145.5 141.7
288.9 287.3 285 283.6 282.4 279.3 275.8 274 273.2 272.4 272.2 273.4 274.2 275.7 276.7 277.6 280.1 279.8 277.9 277.2 275.6 269.2 270 270.3 269.6 268.9 268.2 267.3 265.8 263.1 257.9 255.7 252.7 248.3 247.1 246.6 249.1 249.9 250.1 249.6 248.5 247.1 246.1 245 244.1 243.3 242.3 241.2 238.3 236.3 234.8 232.2 227.5 223.2 222.6 220.5 217.8 214.1 209.8 205.8 204.2 201.1 196.9 192.2 187.4 181.2 179.3 178.7 177.5 176.5 174.9 172.1 168.1 163.1 155.1 152.5 148.9 145.3 142.7
290.6 288.7 287.1 285.8 284.6 282.1 278.4 276.3 274.9 274.5 275 276.5 276.9 278.3 277.8 279.6 282.2 282 281.8 281.3 279.8 275.7 267.6 270.8 271.2 268.9 266.9 264.9 263.8 262.2 257.4 254 251.8 249.2 243.2 242.3 244.6 247.3 247.5 247.7 245 243.4 242.8 241.8 241.3 241.1 239.9 237.8 236.9 236.2 235.2 235 232.8 226.3 220.8 221.9 218.8 214.1 211 208.3 205.8 203.1 200.4 197.9 195 189.2 185.3 184.7 183.9 182.4 180.4 177.7 173.4 169.8 161.9 153.9 149.2 145.7 143.1
292.4 290.7 288.9 287.2 285.7 283.9 281.2 278.7 277.1 276.9 278.9 280.7 281 282.6 283.9 284.6 285.3 286.4 286.5 285.8 284 279.6 269 270 272 271.5 269.3 264.9 261.9 259.9 256.2 251.6 248.9 246.9 243.8 239.7 240.1 241.9 244.5 243.2 242.3 241.2 239.8 238.6 237.7 237.7 237.6 235.6 234.1 233.3 232.4 231.1 229.9 228.6 225.8 221.9 220.1 217.5 214.7 211 208.5 206.3 203.7 201.2 198.7 195.7 190.1 189 188.5 186.2 183.8 179.5 176.2 172.4 167.6 160.6 153.8 147.1 143.7
293.4 291.5 289.6 287.6 286.7 285.9 285.6 281.3 280.2 281.8 283.7 284.4 285.4 287.3 287.2 288.2 290 292.6 293 291.8 290 287.7 270.6 266.5 270.3 273 272.2 267.3 262.4 257.5 254.8 249.7 245.7 243.4 241.2 237.9 234.2 236.4 238.8 239.6 238.9 237.4 235.1 234.5 234 234.5 235.7 234 232.7 231.5 230 228.9 227.1 225.2 223.8 222.8 221.5 219.8 216.2 212.1 210.5 209.4 207 203.5 201.2 198.8 194.8 192.1 190.7 188.7 185.6 181.9 177.7 173.7 168.8 164 157 150.5 144
291.7 290.5 288.9 287.5 286.2 285.7 285.1 283.2 283.1 285.7 286.2 287.2 288.8 289.9 291.2 292.6 297 300.8 301.4 298.3 294.7 292.3 283.6 266.8 264.9 271.3 273.8 270.5 264.7 258.1 252.6 248.4 243.4 240.5 238.3 234.6 232.3 232.7 234.3 235.4 235 233.3 231.5 231.1 230.5 231.3 233.3 232.7 231.6 230.5 228.8 227.7 224.8 221.8 220.4 219.1 218.3 217.3 215.3 213.3 212.8 211.9 209.3 205 202.4 200.6 198.4 195.1 193.4 191.8 190 183.6 178.3 172.6 167.4 163.4 158.1 152.3 145.7
291 289.8 288.5 287.5 286.8 286.1 285.8 285.2 285.4 287.3 288.8 290.7 291.2 291.6 292.2 293.8 297.4 300.5 299.9 298.9 297.2 294.9 289.6 275.9 261.9 264.5 270.2 270 265.5 258.3 251.3 247 242.5 238.3 235.7 232.5 230.4 229.6 230.7 230.4 230.2 229.1 227.7 227.7 228.3 229.9 230.8 230.7 230.1 228.9 226.1 224.4 221.9 219.5 218.1 217.1 216.7 215.8 213.6 211.1 210.7 210.3 207.9 204.4 201.5 199.7 197.5 194.6 192 190.8 186.9 183.6 178.4 172.5 167 162.8 158.5 153 147.1
289.3 288.2 288.2 287.8 287.7 287 286.7 287.3 287.6 289.2 290.6 291.7 292 291.5 293 294.6 296.7 298.1 297.2 297.3 296.5 294.3 289.5 283.7 264 260.1 260.5 262 260.5 258.4 252.4 246.7 242.2 238.2 234.6 231.7 229.7 227.8 226.4 227.1 226.1 225 224.4 225.1 226.2 225.7 228.3 227.9 227.5 226.5 223.9 221.1 218.9 217.4 216 215.3 214.1 212.7 210.8 209 207.1 206.1 203.9 201.6 199.4 197.3 195.4 192.5 188.4 185.5 182 179.3 176.8 173.1 166.4 161.1 155.9 151.7 146.4
287.8 286.3 286.1 287.3 288.3 286.9 289 290.2 290 290.4 290.5 289.6 287.4 285.7 286.5 293.7 295.6 295.4 295.2 295 295.2 293.7 291.2 286 275.9 262.1 258.1 255.6 249.8 252.3 252.5 246.6 241.8 238.5 234.9 232.3 230.2 228.1 225.4 224.5 223.2 221.7 221.4 222.1 222.8 224.3 224.8 224.9 224.9 223.9 221.9 220.1 217.9 215.7 213.9 212.5 211.1 209.7 208 206.3 204.9 203.4 201.3 197.7 194.7 193.3 191 187.4 183 180.3 177.3 175.9 172.9 169.8 165.8 158.9 152 148.8 145
287 285.1 284.1 286.9 289 287.4 289 289.5 290 284.8 277.7 271.1 267.1 268.1 271.7 275.7 281.7 289.9 291.7 292.6 293.2 292.4 290.4 287.5 278.9 272.7 265.2 260.2 257.2 246.1 246.8 247.2 243.2 240 237.9 234.4 231.5 229.6 227 224.9 223.2 220 218.2 218.4 219.2 221 221.8 222.1 222.7 221.8 219.9 218.8 217.1 214.5 212.9 211.2 210 208.9 207.2 205.6 204.2 202 198.9 193.9 190.2 188.1 184.7 182.3 178.3 175.9 173.5 172.1 169 166.9 163.1 154 150.3 147.6 143
287 284 282.7 284.1 284 284.2 284.9 286.5 275.7 267.7 259.8 257.9 256.9 256.7 258.7 260.8 265.8 270.9 276.8 283 288 289.9 288.4 284.5 277 271.7 262.6 257.7 253.2 249.1 242 245.5 243.7 242.1 239.5 235.8 232.6 230.1 227.1 223.6 221.8 220.2 216.5 214.8 213.9 216.9 218.4 218.9 219.1 218.9 217.8 215.7 214 213 211.7 210.5 209.6 208.1 206.2 204.3 202.4 199.8 197 191.7 186.5 182.1 179.5 177.6 175.2 172.7 170.6 167.8 165.6 163.2 160.4 154.4 151.3 145.3 141.6
287 284.4 280.4 282.1 282 283.3 281.8 268.3 260.8 258.5 254.8 252.4 249.2 249.9 251 253.7 256.7 257.8 260.1 268.3 275.5 281.3 282.8 277.7 272.4 266.9 256.9 248.6 242.2 240.3 240.1 240.8 238 241.4 238.9 235.8 233.3 231 227.6 222.4 221.2 219 216 213.2 215.2 213.9 211.7 214.3 216.4 215.8 214.8 213.5 211.4 210.5 210 209.5 209.2 207.6 205.6 203.4 201.1 198.4 195.4 191.9 186.2 181.7 177.4 175.7 172.9 170.3 168 166 163.7 161.1 159.5 156.4 150.3 144 139.1
285.8 284.1 284.3 277.2 278.3 278.7 271.2 260.9 256.9 256.1 256.5 253.3 253.2 250.7 247.5 243.7 248 250.7 252.5 256.7 262.1 266.5 267.1 269 267.6 258.8 249.5 241.1 237.8 236.9 237 236.4 231.6 233.5 235.9 234.9 234.3 232 228.5 224.9 222.1 220 217.2 211.2 213.2 214.6 213 208.3 211.2 212.4 212 211.3 209.4 208.2 207.6 207.9 208.5 206.8 204.9 202.7 200.6 197.8 194.3 190.4 186.3 181.7 177.2 173.9 171.7 169.1 166.9 164.4 163 160.1 158.6 154.1 149 143.4 138.7
281.2 281 282.7 280.1 274.3 267.5 262.4 258.6 261.2 262.6 263.3 262.4 258.8 254.4 252.4 248.8 242.4 243.9 247.3 250.6 251.6 254.2 256.3 258.9 257.6 246.8 241.2 236.6 235.6 236.1 235.9 235.7 235.5 232.4 230.3 229.4 229.7 228.1 225.4 222.6 218.7 217.7 215.4 211.1 208.3 209 210.7 209.9 208.5 207 207.5 208.7 208.1 206.6 205.5 205.9 206.4 205.8 204.1 201.8 199.6 197.5 194.4 189.7 185.2 180.9 177.3 174.2 172.3 171.3 169.5 165.5 164.3 162.1 159.5 155.2 150.2 145.4 141.9
273.8 272.6 272.9 273.6 268.7 262.8 265.1 270.8 277.4 279.2 279.2 277.5 271.7 259.5 251.9 248.5 244.8 239.3 241 245.6 247.9 249.3 249.4 249.3 248.8 241.4 237 234.7 234.3 234.2 235.6 234.5 233.4 232.9 230.8 228.1 224.5 222.2 219.4 216.3 214 211.7 209.1 207.4 206.6 207.3 206.5 206.8 206.3 206 205.8 205.7 206.2 205.3 203.7 203.8 204.2 204 202.9 201.7 197.8 195.7 192.9 188.3 185.2 180.5 178 177.6 174.9 173.2 170.5 167.1 164.7 162.3 159.2 155.2 150.8 146.2 142.4
280.7 280.8 278.3 276.8 275.2 272.7 276.4 279.6 283.7 283.5 283.4 282.6 279 272.6 260 252 244.3 241.1 236.5 236.8 241 242.3 242.4 242.7 241.5 238.4 236.4 235 234.7 233.7 231.6 230.9 230.3 227.8 225.9 223.1 219.7 216 212.9 209.5 208.4 208.3 207.5 205.7 204.8 206.7 205 205.9 202.1 206.2 209.7 208.9 205.1 203.2 201.2 200.7 201 201.5 200 199 196.1 193.3 188.6 184.5 182.7 178.9 178.4 180.5 178.8 176 173.4 171 167.1 163.1 159.7 154.4 148.3 145.8 143.5
284.1 282.4 282.1 278 277.6 280.5 281.7 286 290.9 294 294 289.9 283.1 277.4 273 263.9 251.1 244.3 238.9 234.9 232.3 234 236.3 237.8 235.6 233.1 233 233 232.3 230.2 228.6 226.6 225.5 223.3 219.6 217.2 213.9 209.2 206.6 206.8 206.8 205 203.1 201.5 199.4 197.2 198.1 198 196.6 202.6 205.8 207.2 206.5 202.6 200.2 200.2 200.7 199.7 200.2 198 196.3 194.3 188.4 187.7 183.8 183.8 183 181.4 178.5 175.6 172.7 169.8 167.6 164.2 157.7 152.1 148.1 146.8 145.2
