app/static/ascii/NZ14.asc
ncols 200
nrows 200
xllcorner 410000
yllcorner 540000
cellsize 50
[rows 35 to 69 of 200, columns 0 to 77 of 200]
217.2 217.9 215.3 206.7 197.4 197.7 203.5 205.2 202.1 202.8 203.5 201.9 198.4 194.9 192.4 191 190.2 189.5 189.3 187.8 185.7 185.5 183.5 181.4 179.7 177.9 175.1 170.3 158.8 157.6 164.4 170.9 172.7 171.5 172 171.3 169.2 165.9 150.6 148.7 146.9 149 152.8 150.7 146.2 144.8 146.6 156.3 157.1 158.7 160.3 162.3 164.7 167 169.3 170.7 172.2 173.6 173.9 174.3 174.8 174.6 173.1 170.2 169.6 166.4 165.3 163 160.8 160.1 158.3 154.7 152.6 151.2 150.7 148.2 147.9 147.5
218.4 206.1 205.3 200.9 206.1 207.9 207.9 208.4 208.1 207.2 206.3 203.4 200.2 197.6 196.5 195.3 194.1 192.6 191.5 190.5 188.5 187.6 185.8 184 181.9 180.1 177.7 173.6 159.5 157.9 169.6 171.3 166.4 164.3 168.7 167.9 165.8 158.2 149.4 150.7 160.3 159.7 158.9 158.2 156.1 146.9 143.5 144.1 146.7 148.7 151.5 156.2 159.4 161.9 164.2 165.4 167 167.5 167.9 168.2 168.3 168.6 165.9 163.7 158.5 156.5 155.5 154.1 153.3 152.5 152.7 148.5 147.8 146.8 145.1 142.8 141.8 140.7
221.4 217.3 203.8 212.5 213.2 212.4 211 210.1 210.5 209.2 206.7 204.3 202.1 201.5 200.1 198.6 197.1 195.6 194.1 192.6 191.3 189.7 187.9 186.1 184.2 182.4 179.9 177.3 166.6 157.5 166 166.3 159.2 157.9 162.8 163.7 165.5 153.2 149.6 152.8 162.3 162.5 162.1 161.6 161 159.2 154 148.9 144.1 143.3 143.6 143.6 148.7 154.4 158.2 159.8 159.9 159.8 161.1 162.1 162.1 161.6 158.1 154.3 151.6 151 150.7 149.5 148.6 147.4 146.5 144.5 143.3 142.3 140.5 138.2 136.1 135
221.5 210.7 217.3 217.9 217.9 216.9 215.5 214.1 212.7 211.4 210.2 208.7 207 204.8 203.1 201.6 200.1 198.6 197.1 195.6 193.9 192.2 190.5 188.7 186.9 185.2 182.7 180.1 176.4 158.9 157.4 155.7 155.7 152.9 152.8 153 154.5 150.3 149.8 150.9 164.9 165.5 165 164.6 163.6 161.9 162.6 161.1 159 154 150 143.3 143.6 142.8 147.3 152 152.6 152.5 152.3 152.2 151.8 153.6 149.7 147.9 146.9 146.3 145.6 145.1 143.9 142.6 141.2 140 138.8 137.6 135.8 133.9 133 132.7
216.7 214.1 222.4 221.7 221.4 221.4 220.1 218.9 217.8 216 214.7 213.1 211.7 209 206.8 204.7 203.1 201.6 200.1 198.6 196.8 194.4 192.7 191.6 190 188 185.7 183 180.3 176.5 162.9 155.7 155.7 152.9 152.9 152.6 151.9 151.6 151.4 152.2 160.5 167 166.8 166.9 165.1 163.1 162.7 162.5 162.1 161.8 158.9 156.1 150.5 142.6 141.4 140.3 145.5 147.1 147.3 146.9 146.6 147.4 144.3 143.7 143.2 141.9 140.9 139.9 138.3 136.9 134.6 135 134.3 133.6 133.3 133.1 133.3 133
219 224.1 226.3 227.6 227.2 226.6 225.4 224.2 222.8 220.9 219.2 217.8 216.4 213.5 210.8 208.7 206.4 204.6 203.1 201.6 199.6 197.3 195 193.2 192 190.6 188.6 186 183.4 180.3 178.2 176.2 175 167.8 153.5 152.9 152.8 153 153.4 153.9 154 163.4 166.2 167.4 165.8 164.2 163 162.1 161.7 160.6 159.7 157.3 154.5 149.3 141.1 140.2 139.3 140.8 141.7 142 142.5 141.8 139.4 138.8 138.3 137.9 136.2 135.8 135.6 135.4 135.9 135.2 133.5 132.4 132.5 134.1 133.9 135.4
230.9 233.4 234.2 234.4 231.8 231.5 231.1 230.1 229.1 227.2 224.1 222.6 220.9 218 215.1 212.8 210.2 207.6 206.1 204.6 202.5 200.1 197.8 195.5 193.7 192.5 191.2 188.7 186.5 183.5 181.5 179.7 177.9 175.2 171.4 166.2 159.5 158.5 157 156.3 155.3 159 164.6 167.1 166.3 165.1 163.8 162.9 160.8 159.4 158.6 156 152.6 149.3 148.1 145.8 142.2 143 142.3 141.1 140.7 139.2 138.6 138.7 137.4 135.7 136 136 136.3 137 138.4 138.7 140.5 142.5 143.4 143.7 144.5 143
237.2 237.9 238.7 237.5 235.8 235.4 235.1 234.7 233.6 231.3 228.3 226.5 224.5 221.8 219 216.4 213.9 211.2 209.1 207.6 205.3 203 200.7 198.4 195.1 193.4 191.9 190.8 189.4 185.7 183.7 182 180.4 178.7 177.2 175.3 171 169.1 167 163.4 158 160.1 165.8 167.9 166.9 165.7 164.5 163.7 161.9 160.5 160.2 158.5 156.2 155.2 153.7 151.6 149.2 151.1 151.1 150.7 146 143.7 143.2 142.8 139.6 137.3 137.4 137.8 138.8 140 140.7 143.2 145.8 147.5 149 150.2 150.5 149.6
241.4 242.8 242.3 240.7 239.4 238.9 238.5 237.5 235.9 233.6 231 229 227.1 224.4 221.6 219.1 216.8 214.7 212.2 210.5 208.2 205.8 202.5 199.1 195.9 194.3 192.8 190.5 189.3 188.1 185.5 183.5 181.6 179.1 177.3 176.7 173.3 170.2 169.3 165.2 159.3 162.7 168.8 169.4 168.1 167.8 168.2 168 166.7 165.3 163 161.3 159.7 158.2 157.2 155.4 154.7 153.9 154.5 153.4 147.3 150.3 149.2 148.2 147.5 147.4 147 145.6 143.3 144 145.4 147.1 149.1 151.4 153.3 155.2 156.8 158
245.4 246.2 245.3 244.1 242.9 242 240.9 239.2 237.6 236 233.6 231.7 229.7 227 224.2 221.7 219.3 217.3 215.5 213.3 209.9 206.5 203.1 199.9 196.7 195.2 192.7 189.8 188.2 187.2 185.4 184 181.7 179.1 177.2 174.6 171.8 170.9 166.7 163.7 164.2 167 168.9 170.4 170.6 171.2 171.5 171.3 170.1 168.4 166.4 164.3 162.6 161.5 160.5 159.5 158.5 157.6 157 153.9 151.9 155 154.4 153.4 153.3 152.7 152 151.3 148.9 147.2 148.5 150.1 152.3 155.3 158.2 160.6 163.5 165.6
249.1 249.7 249.8 248.5 245.6 243.9 242.6 240.9 239.2 237.4 235.2 233.3 230.8 228.9 226.2 223.6 221.5 219.5 217.1 214.3 211.1 207.6 204 200.7 197.6 195.7 192.7 189.8 187.1 186.1 184.3 182.1 181.6 177.3 173.1 170.6 171.9 170 169.5 171.5 171.6 171.6 171.5 171.8 172.4 172.6 173.1 172.6 171.8 171 169.7 167.6 165.6 164.6 163.7 162.4 162 161.9 161.5 154.7 157.6 159.3 159 158.6 158.1 157.4 156.7 155.3 152.7 151 151.7 152.9 155.1 160.2 163.4 166.7 169.8 172.4
252.1 252.5 253 251.4 249.1 245.9 244.1 242.5 240.7 238.1 236 233.3 230.3 228.7 226.9 224.8 222.6 220.1 217.8 215.3 212.2 208.8 205.4 201.9 198.5 195.6 192.6 189.6 186.3 183.9 181.2 180.3 181.6 179.9 179.2 179.2 178.3 177.3 176.3 175.5 175.2 174.9 173.6 173.8 174.3 173.7 174.2 174.2 173.4 172.5 171.6 170.9 168.7 167.8 166.6 165.3 164.5 164.4 161.3 158.5 161.7 163.2 162.7 162.6 162.3 161.8 161.2 159.1 156.4 155.9 156.7 157.2 157.1 161.9 166.5 169.7 173.6 177.4
254.8 254.3 253.6 251.7 248.8 247 245.2 243.7 241.2 238.7 236 232.9 229.8 228.4 226.6 225 221.8 220.3 217.2 215 211.8 208.5 205.6 202.5 198.8 195.4 192.4 189.3 185.4 182.8 182.6 184.1 184.3 183.7 183.4 182.9 182.2 181.3 180.8 178.8 178.6 178.1 176.7 175.8 176.1 175.6 175.2 175.5 174.9 174.1 173.3 172.8 171.9 170.7 169.5 168.3 167 165.9 163.8 162.7 165.1 166.9 166.5 166.5 166.3 166 165.5 164 161.3 161.2 162 162.3 163.8 162.4 168.6 173 177.1 181.2
255.8 254.8 254.1 252 249.7 247.9 246.2 244.1 241.6 239.1 237.4 234.8 231.5 229.4 227.1 225.3 223.9 221.5 218 216.3 210.7 206.3 203.6 200.8 198.4 195.5 192.2 188.2 185.4 186.3 187.4 188.2 189.4 188.9 188.1 186.9 186 185.7 185.2 183.1 182 181.3 179.9 178.6 178 177.4 176.8 176.5 176.5 175.7 175.2 174.8 174.7 173.3 172.1 170.8 169.7 168 165.9 165.8 168.7 170.3 170.6 170.5 170.2 170 169.8 168.5 167 167.3 169.3 170.8 169.9 170.2 171.7 175.6 180.4 184.6
257.8 255.6 254.6 252.6 250.5 248.8 246.9 244.4 242 239.6 237.7 235.9 233.8 231.1 229.3 227.2 224.3 222.3 219.8 215.7 211.7 207.3 202.2 198.4 196.4 192.6 190.1 190.9 189.7 190.8 191.9 191.8 193 194.5 193.7 193.6 191.7 189.9 189.6 187.3 185.3 184.5 183.1 181.8 180.6 179.9 179.1 178.5 177.9 177.6 177.4 177.5 177.2 175.6 174.4 173.2 172.4 171.6 168.6 167.9 171.4 173.5 174.6 174.3 174 173.7 173.3 172.3 171 170.9 173 174.7 174.6 173.9 173 177.4 182.6 188.9
258.8 257.2 255.4 253.4 251.3 249.3 247.3 244.9 242.5 240.1 237.9 236.1 233.6 231.3 229.2 226.8 224.3 221.2 217.2 214.4 211.7 207.5 201.5 199 196.9 196.2 196.6 195.9 194 195.4 195.4 196 198.9 201.5 202 201.3 199 196.7 194.7 192.3 189.8 187.8 186.6 185.4 184.6 183.9 182.8 182 181.2 180.2 180.2 180.4 179.7 177.9 176.7 175.9 175.1 174.3 173.5 170 174.6 176.4 177.3 177.1 176.8 176.3 175.8 175 173.9 174.8 176.2 177.2 178 177.5 176.5 179.9 186.1 193.5
259.5 257.9 256.4 254.2 251 249.8 247.5 245.1 242.8 240.4 238.1 234.4 231 227.7 226.2 223.6 221.4 217.6 212 208.9 207.3 206 205.3 204 201 201.2 201.2 200.3 200.4 200.5 200.5 202.8 206.8 208.2 208.8 208 206.1 203.9 201.7 199.6 196.8 194.1 191.7 189.5 188.5 187.9 186.8 187 186.8 186.1 184.6 183.7 182.3 180.2 179.4 178.6 177.8 177 176.2 174.4 175.8 178.5 179.5 179.6 179.1 178.6 178.4 177.9 177.8 178 178.1 179 179.5 180 180.6 182.8 188 194.1
260.7 258.9 257.5 254.7 251.7 250 247.7 245.3 243 241.1 239 233.6 231 227.9 222.4 222.4 218.4 217.8 216.4 214.8 214.1 212.5 210.9 207.9 206.6 205.9 206.1 204.7 203.4 205.6 206.7 207.9 211.9 214 214.6 213.6 210.7 209.2 207 205.1 203.7 201.8 200.3 198.2 196.4 195.9 195.6 195.2 194 191.8 189.9 187.9 185.4 183.4 182.1 181.3 180.5 179.6 178.6 177.4 179.1 179.4 180.6 180.6 180.6 180.6 180.4 180 179.8 180 180.2 181.9 183.8 183.8 184.3 184.2 188.6 194.7
262.9 260.2 258.5 255.3 252.4 250.2 247.9 246 244 242 240 236.1 232.9 227.8 228.8 228.7 226.4 224.6 223.2 221.8 220.3 218.3 215.3 211.9 212.2 211.4 210.7 209.1 207.4 209 210.1 212.4 215.5 217.9 218.2 217.2 215.6 214.2 212.4 211 210.1 208.2 205.9 204.8 204.1 203.5 202.6 201.5 199.6 196.9 193.7 191.3 189.3 187.3 185.2 183.9 183.1 182.3 181.1 181.9 181.3 180.8 181.8 181.8 181.8 182.5 182.3 181.9 182 182.1 183.4 185.8 188.5 188.4 188.5 187.9 189.2 193.2
264 262 259.3 255.9 252.8 250.9 248.9 246.9 245 243 240.9 238 232.5 233.4 233.9 233.8 232.4 230.1 228.5 226.7 224.5 222 220.1 217.2 216.7 215.8 214 212.1 210.5 212.4 213.4 215.3 218.4 221.2 221.1 219.8 219.1 218.6 217.7 216.7 214.8 212.6 211.3 210.1 208.9 208.3 206.5 204.7 202.5 199.6 197.3 195.2 193.2 191.2 189.1 187.1 185.7 184.8 184.5 183.9 183.3 182.9 182.6 183 183.7 184.6 184.2 184.3 184.4 184.5 186.2 189.9 193 194.3 194.2 193 191.5 193.7
265.8 263 260.4 257.8 255.3 251.9 249.9 247.9 246 243.9 241.8 239.4 236.9 237.4 237.7 236.7 235.1 233.5 232.1 230.1 228 225.9 224 221.9 220.5 219.4 217.5 215.1 214.6 216 216.7 218.5 220.1 221.4 221.4 221.4 221.1 220.7 219.7 218.4 217.5 215.8 214.2 213.1 212.6 211 209 206.7 204.3 201.8 199.9 198 196 194.1 192.1 190.2 188.4 187.6 186.5 185.9 185.3 184.9 184.5 184.9 185.8 186.5 186.4 186.7 186.8 186.8 188.4 193.9 197.2 199.7 200 198.6 195.6 195.7
266.8 264 261.3 258.6 255.5 253.6 251.1 248.9 246.9 244.8 243.1 240.5 240.9 240.4 239.9 239.1 237.6 236 234.5 233 231.5 229.5 227.3 225.2 223.7 222.5 220.7 218.4 218.5 219.2 219.9 221.4 222.3 222.9 222.7 222.4 222.6 221.9 221.3 220.1 219.3 218.5 217.1 215.6 214.4 213.3 211 208.6 206.2 204.2 202.3 200.4 198.5 196.5 194.6 192.6 191.5 190.4 189.2 188 187.3 187.7 188.3 188.6 188.7 188.9 189.1 189.3 189.5 189.7 190.7 195.4 200.2 202.7 203.6 202.3 199.5 198.3
267.8 264.9 262.2 259.4 255.7 253.8 251.9 249.9 248 246.4 244.9 244 243.6 242.7 242.2 241.5 240 238.5 237 235.5 233.7 232.2 230.6 228.5 226.9 225.7 224 222.9 222.5 223 223.5 223.4 223.9 224.4 225 224 224.1 223.1 222.6 221.9 221 220.2 218.8 217.2 215.7 214.3 213.1 210.1 208.1 206.4 204.7 202.8 200.9 199 197 195.5 194.3 193.1 192.1 191.3 191.1 191.5 192.2 192.5 192.5 193.6 194.5 194.7 195.9 193.9 193.7 196.6 202.4 203.9 204.9 205.4 203.6 201.7
269 266.1 263.2 260.3 256.1 254.4 252.7 251.1 249.5 248.3 247.4 246.6 246.2 245.2 244.5 243.8 242.4 240.9 239.4 237.9 235.9 234.3 232.9 231.5 230.1 228.4 227.8 226.6 226.5 226.5 226.3 225.6 225.6 226.1 226.6 226.3 225.6 224.2 223.7 222.9 221.9 221.1 220.3 218.7 217.2 216 214.7 213.2 210.8 208.4 206.8 205.1 203.3 201.4 199.7 198.4 197.6 196.8 196 195.4 195.4 195.5 196 196.3 197 198.1 199.2 201.1 201.4 199.8 199.8 197.5 205.6 205.5 206.1 206.4 206.6 205.4
271.9 268.5 265.7 261.3 257.4 255.7 254 252.5 250.9 249.9 249.7 249.4 248.7 247.7 246.8 246.2 244.8 243.3 241.8 240 238.1 236.4 235 233.5 231.4 230.4 230.2 229.5 229.2 229.1 229.1 228.2 227.3 227.8 227.8 227.3 226.4 225.3 224.3 223.4 222.5 222 221.6 220.2 218.7 217.6 216.5 215.1 213.3 210.6 208 206.6 205.2 204 202.7 201.5 200.8 200.3 199.8 199.7 199.8 199.8 199.9 200.4 201.5 202.5 204.4 206.5 206.9 205.6 203.3 201.4 206.4 207.6 208 208.1 208.3 208.8
276.6 272.6 268.8 264.8 258.9 257 255.4 253.9 252.3 251.5 251.4 251.5 251.2 250.3 249.3 248.5 247.1 245.7 244.2 242.2 240.2 238.4 237 235.3 233.6 232.4 232.5 232.1 231.4 231.3 231.2 230.5 229.8 229.2 228.7 228.1 227 226.2 225.2 224.1 223.3 222.9 222.5 221.7 220.2 219.2 218.2 216.9 215.7 212.8 209.5 207.6 206.4 205.9 204.8 203.7 203 202.4 202.9 203.7 204.1 204.2 204.4 205.8 206.9 207.9 209.4 211.5 211.8 209.7 206.3 205.1 208.4 210 210.4 210.9 211.3 211.8
280.5 276.3 272.7 268.1 262.9 259.5 256.9 255.7 255.2 254.6 253.8 253.9 253.8 252.8 251.9 250.9 249.5 248.1 246.4 244.6 242.5 240.5 238.9 237.4 235.8 234.7 235 234.6 234.1 233.4 233.2 232.7 231.4 230.3 229.5 228.9 228.1 227.2 226.2 225.1 224.6 223.8 223.5 223.1 221.6 220.7 219.9 218.6 216.1 213.7 211.2 208.7 208.3 207.8 206.8 205.7 204.9 205.5 206.1 206.9 207.6 208.7 210 211.5 213 214.2 215.1 216.5 216.1 213.8 212.1 210.5 211.8 213.2 213.6 214 214.4 214.8
281.5 278.9 276.3 271.6 267.1 263.6 261.6 260.1 259.3 259.3 259.3 257.6 256.3 255.4 254.4 253.2 251.9 250.2 248.5 246.6 244.3 241.9 240.1 238.6 237.1 236.5 237.1 236.9 236.7 235.6 234.7 233.8 232.5 231.5 230.4 229.7 229.2 228.2 227.1 226.7 226.2 225.5 224.7 224 223.1 222.3 221 219.6 217.3 214.9 212.5 210.6 210.1 209.7 208.7 207.7 207.8 208.5 209.2 210.1 211.2 214.1 215.7 217.2 218.7 220.2 221.3 221.6 221 219.4 217.8 216.1 216.9 217.6 218.1 218.5 219 219.6
283.5 281.3 278.6 275.7 272.5 268 267.6 267.9 268.3 267.1 265 263.3 261.1 258.4 257.4 255.5 253.5 251.6 249.6 247.7 245.4 243.1 241.5 239.9 238.4 237.9 238 237.7 237.3 236.6 235.4 234.9 233.7 232.5 230.7 230.8 230.2 229.2 228.6 228.3 227.7 227.2 226.4 225.6 224.4 223 221.6 220.9 219 216.6 214.2 212.6 212.7 211.6 211 210.9 210.7 211 212.9 214.5 217.1 218.4 219.4 220.9 222.4 224.9 225.2 225.2 224.7 223.8 222.6 221.4 221.6 222.3 222.9 223.3 223.9 224.7
283.6 282.1 280.3 279.1 277.3 274 273.4 275.4 274 272 270.3 268.1 265 261.8 258.9 256.8 254.7 252.7 250.8 248.8 246.5 244.8 243.2 241.6 240 239.7 238.5 237.5 237 236.3 235.2 234.8 233.3 231.5 230.3 230.2 230.7 230.8 230.3 229.8 229.3 228.8 228.2 226.8 225.1 223.5 222.3 221.6 220.6 218.3 215.9 214.5 214.6 214.8 214.3 214.6 215 215.6 217.5 218.5 219.9 221.4 222.8 224.9 228 228.8 228.7 228.3 227.7 226.8 226 226.5 226.2 226.9 227.6 228.2 228.9 229
284.8 283.5 281.8 280 278.4 277.7 278.5 278.6 277.2 275.6 273.6 271 268.1 264.8 261.5 258.1 256 254 252 249.9 248.2 246.6 245 243.4 241.5 241.7 239.8 237.5 236.8 236.1 234.1 233.4 232.1 230.6 230 229.6 229.7 229.9 230.6 230.5 229.8 229.1 228.7 227.6 225.8 224.1 223.1 222.3 221.6 219.9 217.6 216.5 216.4 216.6 216.8 217.4 218 219.2 221 221.7 222.7 224.2 225.7 227.7 230 231 230.8 230.5 230.1 229.2 229.4 229.9 230.8 231.9 231.9 231.8 231.8 233
285.7 284.4 282.9 282.1 280.8 281.4 281.3 281.2 280 278.7 276.3 273.6 270.9 267.8 264.2 260.6 256.8 254.6 252.7 250.8 249.7 248.4 246.8 245 243.5 243.5 241.2 238.8 236.7 235.6 233.4 230.1 229.6 228.4 228.2 227.7 227.4 227.1 227.6 228.5 229.4 228.7 228.7 227.8 226.5 224.7 223.8 223.1 222.3 221.6 219.4 218.5 218.3 218.4 218.5 219.1 220 221.6 223.3 224.5 225.2 226.8 228.5 230.1 232 233 232.8 232.5 232.3 232.3 233.1 233.9 234.8 235.3 235.2 235.8 236.2 237.5
286.5 285.1 284 283.9 283.6 283.3 283 282.2 281.9 281.1 278.9 275.9 272.8 269.7 266.3 262.6 258.7 254.8 252.9 251.1 249.5 248.4 247.3 246.4 244.8 244.5 242.1 240.2 238.6 237.1 235 231.4 227.9 226.2 226.2 225.7 225.2 224.1 223.6 225.5 227.1 228 227.6 226.9 226.7 225 224.6 223.8 223.1 222.4 221.4 220.4 219.6 219.1 218.7 219.5 220.8 223.3 225.2 226.1 226.7 228.3 230 231.7 233 233.7 233.9 233.7 233.8 234.3 235.1 235.7 235.7 237.4 237.8 238.4 238.3 238.4
286.9 285.4 284.6 284.7 284.7 284.4 283.4 282.7 282.1 281.3 279.8 277.2 274.1 271 268.4 264.4 260.2 256.4 253.3 251.4 249.5 248.2 247.2 246.1 244.4 244.8 243.5 242.1 240.6 238.4 235.6 232.8 228.8 224.7 223.8 222.5 220.5 218.8 219 219.7 222.5 224.5 224.1 223.8 225.5 224.5 224.3 224.3 223.7 222.6 221.5 220.5 219.8 219.2 218.7 219.9 220.8 222.9 225.1 226.8 227.5 228.8 230.4 232.1 233.4 234.1 234.5 234.5 235 235.5 235.7 235.5 235.3 237.1 238.8 239.3 239.3 238.9
286.1 285.3 285.4 285.6 285.6 284.6 283.7 282.7 281.8 281 279.8 277.3 275 272.1 269.1 265.3 261.7 258.1 254.5 251.7 249.9 247.5 246.3 244.9 243.6 242.9 241.2 239.8 238.4 237.5 234.7 231.8 228.6 224.5 220.6 218.4 216.6 214.9 214.7 214.8 215 216.8 218.6 220.4 222.4 224.3 224.9 223.8 223.3 222.3 221.2 220.6 220.1 219.4 218.8 219.7 220.3 222 223.9 225.4 226.4 228 229.7 231.2 232.6 233.6 234.1 234.2 234.9 235.5 235.5 235.1 235 236.7 237.6 238 238.5 238.9
