app/static/ascii/NZ15.asc
ncols 200
nrows 200
xllcorner 410000
yllcorner 550000
cellsize 50
[rows 35 to 69 of 200, columns 0 to 77 of 200]
187.9 187 186 185.1 184.5 180.9 176.6 171.8 173.9 173.9 173 172 160.8 168.7 166.6 163.4 157.7 146.6 153.5 153 152.3 152.8 153.5 152.3 154.4 157.4 157.6 156.8 155.2 154.5 152.4 150.2 147.7 144.4 144.2 144.8 145.5 145.3 144.1 143.6 144.5 143.1 144.5 146.5 149 154 155.3 155.5 154.8 154.8 153.7 152.2 144.4 137.2 149.6 151.9 154.6 156.1 156.1 156.3 156.5 154.7 154.5 152.7 150.4 145.9 144.5 142.2 142.1 147.1 144.9 142.8 147.7 147.3 150 149.1 147.7 141.2
184.9 183.4 183 182.6 181.7 180.1 177.5 174.8 170.2 168.3 170.3 169.3 167.9 157.2 161.2 158.1 155.3 151.7 137.7 147 147.7 146 146.9 147.4 149.2 151.2 153.1 151.9 150.8 149.9 148.3 147.8 144.2 142.5 140.9 141.1 140.1 139.9 138.4 137.7 138 138.4 140.3 142 142.9 144.1 146.5 151 152.6 153.3 152.5 150.3 145.5 133.7 146 147.9 151.9 156.1 157.5 156.4 158.6 157 151.4 147.5 144.3 137.8 139.8 137.1 141.8 145.6 144.8 142.5 143.5 152.1 148.6 144.7 154 145.5
180.8 179.7 178.3 178.3 178.3 177 174.9 172.4 170.6 168 164.3 163.6 161.9 158.9 152.5 152.2 149 146.3 144.4 134.3 143.8 143.3 141.6 142.4 145.7 148 148 145.7 145.5 144.9 144.7 142.1 140.2 139.1 136.6 137.1 136.7 136.1 136 134.7 132 132.4 133.9 136.2 137.7 139.5 141.6 145.7 149.1 151.4 151.3 149.2 142.5 128.6 143.2 142.7 143.5 144 144.5 145.6 148.5 145.5 143.7 140.7 138 135.9 135.1 130.9 136.9 138.6 140.9 143.6 138.2 136.8 140.7 142 141.6 147.8
176.9 175.4 174 173.3 173.3 173 171.3 169 167.4 166.3 161.6 149.9 155 154 149.4 147 144 142.7 139.8 132.5 139.3 138.6 137.3 137.6 139.7 142.8 142.8 142.3 141.1 139.7 139.5 138.5 136 135.5 133.2 134.6 133.2 132.6 131.2 129.8 128.2 127.4 130.2 133.4 134.6 135.6 136.3 139.1 144.8 147.5 148.7 148 140.2 129.7 140.8 139.7 137.2 137.3 137.5 139.1 140.2 138.8 137.2 135.8 132.8 130.8 129.5 125.3 131.2 133.2 135.7 133.7 135.6 135.4 138.1 141.3 143 145.1
172.1 170.5 168.9 167.2 166.7 165.9 166.6 165.2 163.8 161.6 160.5 156.3 142.6 145.5 146.6 140.1 139.8 139 136.7 133.3 127.4 131.1 132.1 134.4 135.8 137.6 138.5 137.9 136.7 135.7 134.5 133.3 131.2 131.1 127.6 130.2 128.9 127.5 127 125.8 124.9 123.2 125.5 128.4 129.7 130.9 135.8 136.4 139.1 142.1 142.6 141.6 140 130.5 131.4 135.2 133.6 133.1 133.1 134.3 134.4 134.1 132.4 131.4 130.1 128 123 120.9 126.3 129 131.3 128.2 134.7 135.3 136.4 138.9 140 140.5
167.1 165.6 162.8 161.8 159.2 158.3 157.4 157.3 156 154.6 154.2 152.2 145.1 138.1 143.1 138.6 131.4 133.5 132.8 131.5 127.8 121.3 131.1 131.9 132.2 134 135.2 134.8 133.5 131.9 130.4 129.5 127.9 127.2 121.7 123.3 123.3 121.6 120.8 121.5 120.4 119.4 121.5 124 124.9 125 127.5 130.8 133.2 135.8 136.8 135.7 134.5 131.8 116.8 129.1 128.3 129.4 128.9 129.7 130.2 130.6 130.5 129.8 128.3 125.6 122.6 115.8 121.2 123 124.8 126.3 132.3 134.4 134.2 134.9 135.4 136.4
161 159.3 156.5 155.5 152.6 149.4 148.5 147.6 146.6 144.9 144.1 144.4 140.6 127.2 136.4 134.7 132.9 126.6 128.4 128.9 127.3 114 128.2 130.8 131.8 131.8 132.4 131.6 130.9 129.7 126.7 126.8 124.6 123.8 119.8 118.5 117.9 117.3 116.7 116.6 115.5 115 116.6 118.3 123.6 123.7 123.9 125.7 128.2 129.9 131.5 131.7 130.1 127.4 122.8 119.6 123.1 125 125.5 126.1 126.6 127.2 128 129.1 128.3 126.4 123.6 118.2 114.2 119.4 117.1 123.8 128.5 129.4 129.3 130.1 130.5 130.2
155.7 153.5 150.5 148.5 146.4 143.1 141.5 141.1 138.7 138.2 138.1 134.6 133.8 123.8 130.1 130.6 128.6 126.9 122.5 124.9 123 117.1 127.4 128.8 130 130.4 131.5 131.1 130.4 129.6 127.6 125.1 123 120.4 118.3 114.4 114.3 113 112.8 112.2 111.9 111.7 113.3 114.4 116.4 118.4 119.7 121.5 124.9 128.4 129.2 128.6 127.1 125 123 118.7 119.5 121.3 122.5 122.8 123.2 123.6 124.7 125.5 124.2 122.2 117.3 115.4 107.5 112.9 113 118.7 122.1 123.7 124.3 125.6 126.1 125.5
151.3 148.8 145.6 143.3 141.4 139.3 138 135.6 132.9 132.7 131.1 129.7 128.9 125.3 123.4 124.5 124.3 123.2 115.3 120.3 117.5 116.7 123.6 124.7 126.5 128.5 130.8 131.5 131.6 131.1 130 126.4 124.3 122.2 119.2 115 112.9 111.3 110.6 110 109.7 109.7 111.3 112.8 114 115.4 117.1 119 121 123.6 122.9 122.4 123.1 122.2 120.5 115.8 108.9 118.1 119.1 119.2 119.4 119.8 119.8 119 118.5 116.2 112.8 110.6 107.8 104.1 108.7 113 116.4 118 119.7 120.6 120.4 120
143.4 145.9 142.4 138.9 137.1 135.6 132.6 129.2 128.8 126.4 125.7 124.3 123.5 122 111.6 121.4 120.8 120.6 118.8 112.6 114.1 115.2 119.1 119.7 122 124.1 124.9 127.2 128.1 128.9 128.5 126.2 123.9 122.5 120.1 116.7 113.1 110.9 109.9 109.1 108.7 108.3 108.7 110.2 112.4 112.8 113.4 114.7 115.6 116.6 116.7 117.3 116.9 116.5 115.5 113.8 104.9 115.3 115.7 115.8 115.8 115.5 115.8 115.3 113.9 111.6 109.7 107.9 105.5 97.7 104.1 107.3 110.7 113.7 115.4 116.6 115.8 115.7
137.8 135.3 140 135.6 132 134.4 138.1 134 125.5 123.7 122 120.9 119.8 120.4 110.7 118.5 118.5 117.4 116.7 114.6 106.2 107.5 114.6 116.6 116.9 118.4 119.1 120.9 122.2 122.4 121.5 121.6 121.1 119.6 117.1 114.4 110.6 108 106.6 107.1 106.5 105.6 105.5 106.8 108.1 108.8 109.4 110.4 111.4 112.4 112.9 113.2 113 112.5 112.5 110.4 107.7 112.5 112.3 112.2 112.1 111.6 111.6 111.4 110.2 108.5 106.5 104.2 100.8 96 100.6 103.4 106.5 107.7 110.1 111.5 111.7 110.8
145.4 138.2 124.2 130.6 124.6 129.8 127.3 125.3 122.9 119.9 119.4 118.4 117 118.8 108.2 117.7 118.5 117.5 115.7 113.8 110.3 95.9 110.2 113.7 113.7 114.3 115.2 115.5 116.9 116.7 116.6 116.4 114.6 113.7 112.2 109.8 106.7 104.6 101.7 103.8 103.2 102.1 101.7 103 103.9 104.1 105.4 106.5 107.4 108.4 109.3 110.1 109.9 108.8 108.9 106.1 108.4 109.7 109.6 109.6 108.7 107.8 107.7 107.5 106.6 105 103.3 101.3 98.5 95 96.5 98.8 100.5 103.1 105.8 106.9 107.2 106.7
155.1 148.8 138.9 129.9 122.4 115.5 113.3 111.5 117.4 117.9 117.2 116.5 116 116.9 102.1 114.9 117.6 116.6 115.8 113.7 109.3 98.5 104.3 111.1 111.3 111.9 111.9 111.6 111.4 112.2 112 110 109.2 108.4 106.9 104.9 102.7 100.8 99 99.8 99.2 98.2 97.3 99 99.5 99.5 101.1 102 103.4 104.5 104.6 106 106.5 106 104.5 101.5 106.1 106.8 106.3 106 105.2 104.2 103.6 103.5 102.9 102 100.5 99 96.6 93 87 93.9 95.5 98.7 101.6 101.8 101.1 101.2
159.3 155.4 147.9 137.5 127 127.4 126.1 118.5 108.4 105.4 110.4 116.4 111.5 112.1 102.9 108.4 114.2 114.6 113.9 112.4 109.3 98.6 99.6 108 109.5 108.9 108.7 108.4 108.1 107.7 107.2 106.1 105.4 103.9 102.4 101 99.7 98 96.9 95.6 95.1 94 93.1 94.4 95.3 94.9 96.8 97.8 98.8 99.9 100.7 101.7 102.7 102.9 101.1 94.7 101.8 105.1 102.9 102.1 101.5 100.6 99.6 98.9 98.6 98.5 97.8 96.4 95.1 93.7 88.1 86.3 90.8 93 94.3 95.5 95.1 95.4
158.7 155.5 146.1 132.9 129.8 130.8 127.8 124.9 117.7 110.7 100.3 100.6 109 102.4 98.2 104.9 110.1 111.8 111.5 109.4 107.4 97 92.8 104 108.1 106.5 106.7 105.8 104.8 104 103.1 101.7 100.9 100.1 98.8 98.5 97.2 96.8 95.7 93.8 92.7 91.5 90 89.4 90.6 90.2 92.5 94.2 95.6 96.3 97.3 98.3 99.4 99.7 97.1 87.6 99.4 102 100.3 98.4 97.8 96.7 95.8 94.7 94.1 94.2 93.6 93.3 92.7 91.1 89.5 85.4 85.1 88.7 89.5 90 90.2 90.6
154 150.3 137.5 133.8 132.6 130.3 127.1 123.3 116.6 113.5 111.3 104 98.6 97.2 89.2 91 97.8 105.5 109.4 106.6 105.3 99 86.2 97.9 102.4 104.3 104.1 103.2 101.8 100.8 100.1 99.3 98.3 96.5 95.5 95 94.8 94.6 94.4 93 90.8 90.7 88.8 87.9 86.2 86.7 89 91 92.3 93.3 94.3 95.3 96.2 96.1 93 87.3 96.5 98.8 97.8 95.9 93.3 93.1 92.6 91.3 90 89.8 89.5 89.3 88.7 87.7 86.6 84.3 79.2 84.8 85.8 86.3 86.6 85.3
151.1 142.9 138.3 138.2 133.5 126.4 120.8 117.3 114.1 112.5 111.2 110.1 108.9 107.6 101.4 89 86.7 87.8 94.8 104.1 100.9 100.6 84.2 92.4 97.4 100.8 100 99.9 99.2 97.7 97 95.9 94.8 93.7 92.6 91.8 91.1 92.1 91.4 90.3 88.5 87.8 86.6 85.4 84.7 82.7 85.9 87.8 89.2 90.2 91.3 92.2 93.1 92.3 87.7 87.6 93.9 95.2 94.7 93.9 91.4 89 89.3 87.8 86.2 85.1 85.2 84.9 84 83.9 83.8 81.5 72.1 81 81.8 81.7 81.6 79.9
142.1 140.4 143.8 137.2 129.8 122.9 116.1 113.5 112.1 110.1 109.1 108.4 108.3 107.8 107.3 104.4 96.1 84.1 83.6 86.5 85.6 83.9 82.6 85.5 90.3 94.7 95.5 97.1 96.4 94.1 94.1 93.3 92.3 91.1 89.9 89.1 88.3 87.8 87.1 85.9 85.5 83.2 81.7 80.9 80.8 79.9 83 84.8 86.2 87.3 88.3 89 89.7 88.6 83.6 86.5 90.8 91.2 90.9 90.1 88.7 85.6 86 83.8 81.3 80.3 80.1 79.4 77.9 78 80.1 79.9 72.2 75.5 76 75.9 76.3 75
137.4 139.2 141.5 133.7 124.2 117.6 112.6 109.6 107.8 106.5 106.1 106.6 109 106.6 105.6 104.3 101.2 94.6 84.6 81.3 77.2 75.1 77.9 82 82.8 84.7 92.1 93.9 93.4 91.9 91.9 91.3 90 88.9 87.8 86.5 85.8 84.8 83.8 83.7 83.2 80.6 78.9 75.5 78.5 78.2 80.3 81.7 83.2 84.3 85.3 85.8 86.1 85.9 76.5 84.5 86.5 86.8 86.8 85.8 84.9 82.5 81.7 79.7 77.2 75.6 74.8 74.2 73.5 73 74.3 75.4 71.6 68 69.5 70.2 70.9 70.2
133.9 134.9 137.3 130.6 122 114.4 111.2 108.7 105.8 104.4 104 104 105.5 106.2 104.2 102.4 100.1 98.4 98.3 97.2 95.6 94.4 81 72.6 73.8 79.5 86.2 89.4 89.1 87.5 87.7 87.7 86.8 85.5 84.3 81.8 81.7 80.2 80.9 80.2 79.8 79.1 75.6 68.5 73.6 72.7 78.4 78.6 79.6 80.6 81.8 82.2 82.5 82.7 75.7 80.6 82.2 82 81.6 81.1 80.5 79.2 76.9 76.1 74.4 71.7 70.9 70.1 69.3 68.6 68 65.8 65.1 63.2 61.1 55.6 53.4 52.2
131.3 130.8 133.5 120.9 114.7 112.3 110.5 107.5 105.7 104.8 104.3 105.1 104.1 101.6 101.7 100.5 98.2 96.2 94.1 92.9 92.4 92.3 91.1 79.3 70.9 72.7 78.4 83.3 83.7 82.5 82.4 82.1 81.1 79.2 77.1 77.5 71.8 73.3 76.4 76.4 75.6 75.2 75 73.1 62.2 71.9 76.3 76.4 75.8 76.2 77.5 78.3 78.9 78.5 75.9 74.2 78.5 77.8 77.3 76.4 76.3 75.3 74 72 70.6 69.3 68.7 68 67.4 65.4 63.5 61.4 59.8 53.4 52.9 52 48.1 47.3
129.8 127 123.2 116.7 113.7 111.6 109.6 107.4 105.8 104.1 104.1 106.7 106.1 101.3 98 97 94.5 91.5 88.9 86.1 85.1 85.4 85.4 83.6 76.9 69 69.1 75.6 79.4 78.7 79.8 76.9 75.6 74.1 71.8 71.5 66.3 67.8 70.6 72.7 72.6 72.7 72.4 70.6 66.1 64.8 72.7 71.8 66.8 70.8 72.2 73.3 74 74 72.1 67.6 74.9 74.4 74.1 73 73.4 72.5 71.7 68.6 67.2 66.3 66.3 64.8 64.9 61.1 55.9 50.9 44.8 43.2 41.8 41.7 41.6 46.6
126.8 124.4 120 118.4 119.8 114.4 111.8 109.6 107.6 105.6 102.5 100.9 99.7 98.3 96 93.5 90.6 87.4 84.5 80.3 77.4 77.8 78.8 77.9 77.2 76.8 66.3 67.7 77.4 75.9 75.3 72.9 68.5 67 66.3 65.5 62.8 58.6 65.5 66.2 68.4 68.1 67.2 64.6 61.1 58.3 59.2 56.4 54.1 54.6 57.8 65.2 69.8 69.7 63 68.4 72.7 72.5 72 71.2 71 70.7 69.8 69.1 67.4 61.2 60 61.1 53.3 43.3 43.7 44.5 44.4 45.3 48.7 49.2 50.9 54.4
128.5 124.8 125.8 130.9 126.7 125.4 115.9 111.1 108.2 105.3 101.5 98.5 97.7 97.1 95.9 94.1 91.7 89.2 86.4 83.1 79 73.7 73.5 71.6 70 69.7 67.6 64.7 68.3 69.1 68.1 66.1 62.1 64.3 62.7 58.7 56.2 55.7 55.3 55.1 59.5 60.6 58.9 61 60.4 54.9 53.8 53 52.8 52.8 52.3 55 60.8 59.2 65 67.1 68.6 71.3 70.7 69.7 69.1 68.8 67.9 67.4 66.6 66.4 62.5 55.8 46.3 42.8 46.6 45.6 45.4 45.8 45.7 56.3 64.1 65.2
140.4 131.8 130.6 134.4 133.3 129.6 116.3 109.5 105.8 102.8 99.8 96.8 95.6 95.3 94.3 92.4 89.9 87.4 84.7 80.7 76.3 71.3 70.6 69.2 68.2 67.9 67.6 65.1 63.8 64.4 64.3 59.1 58 57.2 56.8 55.7 55 54.8 54.5 54.3 54.6 56 55.3 54.5 54.5 53.9 52.9 53 52.7 52.6 52.5 52.2 53.1 53.7 57.7 62.1 64.1 67.6 70 69.1 67.5 66.8 66.2 65.5 64.8 64.8 61.5 49.8 46 43 46.8 46.5 46.1 49.6 57.2 62.8 64.6 65.9
132.6 127.5 127 126.5 126.1 134.1 114.6 106.5 102.5 99.6 96.9 94.4 92.3 91.6 90.8 89.8 88 84.2 79.1 76.9 71.1 70.2 69.5 68.1 66.7 66.4 63.2 61.7 62.3 60.9 59.3 58.8 58 57.2 56.2 55.1 55.3 54.7 54.2 54.1 54.4 54.4 54.7 53.8 53.8 53.2 52.9 53.9 52.4 53.1 52.7 52.4 52.3 52 52.4 53.2 56.6 59.4 67.1 68.6 67.5 65.8 64.6 63.9 62.9 63 53.4 47.1 45 47 47 47.1 50.9 60.4 63.2 65.1 66 67.4
127 130.6 128.2 126.5 125.8 132.9 114.3 103.3 99.2 96.2 93.7 91.7 90.6 88.5 86.6 89.1 88.5 87.5 78.4 72 70.3 69.3 68.7 67.5 67.2 67 61.4 60.6 60.8 59.8 59.6 58.8 57.8 57.1 55.4 55.7 55.3 54.4 54 53.9 54.5 54.5 54.2 53.5 53.6 53 51 52.6 52.2 52 52.7 52.4 52.2 51.4 51.4 51.4 51 50.7 56.9 66.9 66.9 66.2 64.7 63.4 61.5 60.8 50.5 46.9 46.5 47.4 47.6 49.1 60.4 62.7 63.9 65.7 67.6 69.5
131.3 131.1 133.8 123.9 121.9 130.2 111.7 102.1 97.2 94.1 93.1 92.4 90.4 91.3 90.5 82.3 81.3 79.5 74.1 70.7 69.3 66.7 65.9 66.9 67.2 66.3 59.6 59.5 59.8 59.7 58.6 58.7 57.6 57 55.9 55.8 55.3 54.9 54 53.8 53.7 53.7 54.3 52.8 52.6 52.4 52.9 52.6 51.8 51 50.4 51.7 51.8 51 50.6 50.4 50.1 50.3 50.6 61 65.9 65.5 64.8 63.7 62.3 54.6 47.9 43.9 47.6 48.1 48.1 48.3 56 64.5 65.8 67.3 68 70.6
132 130.4 126.1 127.5 133.6 127.1 110.2 102.1 94.7 92.5 94.2 89.6 88.8 90.9 89.3 86.4 80 73.7 71.7 70.2 68.1 64 62.8 62.7 63.3 63.1 57.9 57.4 57.2 56.5 56.6 56.9 54.2 54.6 56.1 55.6 55.3 54.8 54.7 54.4 54 54 51.7 53.2 53 53 53 52.3 52.1 51.3 51.5 51 51.5 50.8 50 49.8 49.5 48.7 48.1 48.2 63.9 64.8 64.5 63.7 62.5 59.9 47.8 46.9 48.4 48.8 49.2 49.1 51.6 63.1 65.6 67.6 69.3 70.5
119.2 120.1 119.1 117.3 116.7 111.7 102.2 96.4 93.8 93.2 92.1 91.1 87.8 85.6 81.2 80.2 79.9 74.2 71.1 70.1 66 63.3 60.4 56.4 56.8 56.7 57.9 56.2 54.9 55.9 55.4 54.3 55.8 55.3 55.5 53.7 55.3 54.6 54.4 54.1 52.6 52.2 53.6 53.4 53.4 53.1 53 52.3 51.8 51.7 51.2 51.3 51.4 50.5 49.8 49.7 48.1 49.8 49.5 49.2 49.6 56.9 63.7 63.4 61.6 57 44.4 48.8 49.1 49.4 49.9 50 56.1 64 65.7 68.2 70.1 71.2
118.9 117.8 116.2 115.4 121.3 116.2 108.8 103.7 101.8 95.8 93.5 90.2 86.8 85.1 85.5 79.9 75.8 71.9 70.9 67.6 64 63.2 55.9 58.5 58.1 58.4 58.4 58.4 58.5 58.6 58.6 58.6 57.8 57.5 57.3 54.9 55 54.6 54.3 54.1 53.7 54.1 53.5 54.8 54.1 53.9 55 52.9 51.9 51.3 50.9 50.1 51.4 50.7 49.8 49.9 48.5 49.9 49.5 49.1 47.5 48.8 50 56.7 60.4 55.4 45.9 49.7 49.2 49.8 51 51.1 53.6 63.9 66.4 68.2 69.1 71.6
125.5 124.2 123.4 125.7 124.9 118.2 115 111.7 106.1 96 89.9 87.6 86.2 84.8 84.3 74.5 73.1 71.1 68.9 64.2 63.6 59.1 57.9 59.1 59.1 58.9 57.9 57.8 58.1 58.5 58.8 59.8 58.8 58.5 57.9 59.8 59 58.1 56.2 54.7 53.7 54.6 57.1 59.6 58.1 61.7 65.5 58.9 56.7 52.6 51.3 51.6 49.2 50.5 49 52.1 52.4 50.7 50 49.6 48.2 47.5 48.7 48.1 51.1 50 50.2 50.8 49.6 50.5 54.8 54.6 59.6 65.8 67.3 68.6 70.3 71.5
126.7 125.5 126.8 128.7 129.7 121.8 110.7 106.7 100.2 93.4 89.1 82.7 84.9 83.8 75.8 73.9 72.8 70.1 64.3 63.7 63.6 55.9 59.3 59.8 58.9 58.8 58 57.6 59.8 61 67.2 68.2 68.4 70.4 74.9 75.2 74 77.1 77.4 74.5 70.3 66.1 69 68.2 69.7 71.7 66.3 69.2 70.6 64.1 57.6 56.8 57.8 59.7 64.4 65 60.5 53.6 52.2 50.5 49.8 48.7 45.8 48 50.1 48 47 54.7 58.2 61.9 65.5 55.6 67.3 68.4 69.6 70.8 71.3 71.9
126.6 126.1 128.8 130.7 129.7 124 112.2 98 93 89.7 87.9 83.6 82.8 73.5 72.8 73.5 70.8 68.7 63.6 63.4 62.5 58.6 59.5 59.8 59.1 58.6 57.4 64.3 65.1 70.4 70.9 76.2 76.9 77.9 77.9 78 78.4 79.2 79.6 80.5 79.8 78.1 78.6 80.3 78.7 77.5 75.6 75.7 74.9 73.1 70.8 65.3 64.4 68.3 66.8 66.2 64.4 59.5 54.3 52.9 50.2 50.3 48.8 45.7 47.3 46.5 57.2 65.3 68.2 67.9 68.4 57.8 69.2 71.4 70.7 72.4 72.7 72.5
126 127.7 129.9 129.2 126.4 117.1 107.2 94.3 88.1 84.2 80.6 78.8 72.8 69 67.1 68.3 68 64.4 63.7 63.4 60.8 60.1 60.5 60.2 60.7 61.9 70.8 75.9 78 79.5 79.6 81.5 80.3 80.7 80.8 81 82.1 84 83.4 84.2 85.7 84.7 83 83.1 81.5 80.1 79.7 78.1 77.1 76.2 73.7 72.3 70.2 68.8 68.3 67.4 61.5 59.7 59.2 58.4 59.2 53.8 49 47.3 47.7 48.8 62 70.9 72.3 70.7 70.7 61.2 70.9 73.5 73.2 73.7 73.6 73.5
