app/static/ascii/NZ22.asc
ncols 200
nrows 200
xllcorner 420000
yllcorner 520000
cellsize 50
[rows 72 to 107 of 200, columns 0 to 80 of 200]
96 95.5 95.5 96.8 97.5 96.6 97 96.5 96.2 96.4 98.4 100.9 101.8 102.8 103 101.9 102.3 103.8 106.3 108.6 110.8 113.2 116.2 120 123.5 127.4 130.6 133.7 136.3 138 141.4 142.9 144.6 145.7 146.6 146.9 146.4 147 146.6 145.9 145.7 143.8 145.7 146 146.3 143.7 142.2 139.9 139.5 140 139.5 136.5 134.8 143 142.5 143.4 144.8 145 144.6 142.8 142.4 139.9 136.6 135.3 134 129.9 130 130.7 130.6 130.2 131.3 132.7 136.5 140.1 142.7 145.1 146.8 147.5 149 149.4 149
95.9 95.6 96.3 97.2 97.6 97.3 97.7 96.7 97.4 98.3 100 102.2 103.5 104.5 104.1 103.6 102.8 103.9 106.1 108.2 111.4 112.1 115.1 118.6 121.7 124.9 127.8 130 131.6 134.8 138.6 140.1 140.6 141.9 144.8 145 145 145 144 144.2 144.6 144.8 146.7 146.6 146.5 144.9 144.8 142 142.3 141.9 141.4 138.6 133.6 135 136.9 139.1 141.8 142.7 141 140.8 140.3 136.3 134.5 133.5 126.8 130.3 128.7 129.5 130.4 129.5 130.3 132.4 135.9 138.3 141.1 143.5 145.1 146.7 148.2 148.6 148.5
96 95.6 96.6 97.6 97.8 97.5 97.3 97.2 98.4 99.9 102.1 104.2 105.2 105.5 105.1 105.6 104.9 104.4 105.8 111.8 112.1 111.6 112.6 116.6 120.1 122.2 124.3 127 130.2 134.2 137 138.7 139.1 140.5 142.7 143.7 145.1 146 145.9 146.7 146.2 146.1 146.9 147.1 147.1 146.8 145.7 143.6 144.3 144 142.4 138.9 133.4 130.7 129.9 132.4 134.8 135.6 136.3 136.5 135.4 133.1 132.2 131.8 125.4 131.4 129.1 127.4 130.9 129 130.4 133.9 136.6 138.7 141.2 142.5 144.4 146.4 147.5 147.5 148
97.9 97.7 97.5 97.4 97.7 98.1 97.4 98 99.5 101.1 103.7 106 107.2 106.8 107.3 108 107.5 106.3 106.2 106.9 109 110.2 112.5 116.7 120.1 121.8 124.7 127.9 130.8 133.8 135.2 136.3 137.7 141.1 142.4 142.4 143.8 144.9 145.7 146.3 146.3 146.6 147 147 146.5 146.6 146.3 144.1 144.6 144.6 142.5 140 135.8 131.4 128.3 128.2 128.6 129.3 131.2 131.3 130.4 130.8 131.1 131.4 131.4 129.7 129.5 126.5 128.9 128.3 131.6 135.1 137.9 140.2 142.2 143.7 144.7 146.1 147.6 147.2 148
98.3 98.1 97.9 97.5 97.7 98.8 98.9 99.9 101.1 102.7 105.7 107.8 108.9 108.9 109.6 110.5 109.8 108.3 107.6 107.8 108.5 110.6 112.9 116.5 120.1 123 124.3 127.1 129.5 132.6 135.4 136.9 138.3 140 141.4 142.1 143.1 144.5 145.4 146.4 147.1 147 146.8 146.7 146.5 146.1 145.4 145 144.3 143.4 142.1 139.5 136 132.9 128.6 127.9 126.8 127.2 127.2 127.5 128.3 129.1 129.4 131 130.9 117.6 128.8 125.6 126.8 128 132 135.8 138.3 141 142.9 144.3 144.8 145.1 146.6 147 147.2
98.7 98.4 98.2 98.3 98.7 100.2 101 102.1 103.6 105.3 107.7 110.2 111 111.2 112 112.9 112.2 111.8 110 111.7 112 113 114.5 119 121.6 123.6 125.1 127.6 129.4 131.8 134.3 136 137.9 139.8 141.3 142.1 143.1 144.5 145.6 146.5 146.9 146.9 146.5 146.2 146.1 145 144.7 144.5 143.2 141.8 140.3 137.7 134.8 132.3 129.6 127.8 126.5 125.8 125.7 125.6 126.2 127.5 127.5 129.6 130 129.4 126.6 125.3 126 128.5 131.1 134.9 137.4 140 142.5 143.8 145.2 145.5 146.3 146.2 145.4
98.8 98.5 98.7 99.2 100.2 101.6 103.3 104.9 106.6 108.5 111 112.6 113.2 113.8 114.1 114.9 115.3 114.7 115 117.9 118.9 118.2 117.8 120.4 122.6 123.9 125.4 127.9 129.3 132.2 133.9 136.1 138 139.9 141.3 142.1 143 144.5 145 145.8 146.1 146.2 145.8 146.4 145.6 145.4 144 143.4 142.9 141.8 137.5 135.5 133.6 132.3 129.9 127.4 126.1 124.9 125.1 124.9 124.4 124.8 127 127 127.4 128.7 117.5 125.4 125.4 127.2 129.8 132.3 133.9 136.3 139.8 143 145.5 146.4 145.9 144.5 143.8
98.9 99.1 99.6 100.2 101.8 104 106.2 108 110.1 111 113.6 115.2 116.4 116.9 117.4 117.1 117.5 117.5 117.9 120.7 121.3 121.4 121.4 120.2 123 124.9 126.6 127.9 129.3 131.1 135 136.4 138.2 140.3 141.3 142.1 143 143.5 145.3 146.2 146.1 145.8 145.8 145 145.1 143.8 142.1 142 142.7 141.4 137.3 134.1 132.7 131.7 129.6 127.2 125.7 124.5 123.8 124.5 123.6 123.9 126.3 126.7 126.5 128 125.6 124.3 124.3 124.3 125.9 129 130.4 134.6 137 140.7 144.3 144.9 143.5 143.1 142.4
100.4 101.1 101 101.6 102.5 104.6 107.7 111.1 112.7 113.9 116.1 118.6 120.3 120.5 120.2 119.5 119.7 119.3 119.4 121.9 122.7 123.2 123.9 122.2 124.4 126.6 128.4 129.6 131 132.2 133.8 137.5 138.9 140.8 141.4 141.8 142.2 143.5 145.3 146 146.2 146.2 146.1 144.9 144.8 145.3 141.9 141.4 141.4 138.7 135.5 133.6 131.5 130.2 128.4 127 125.4 124.7 123.7 124 124.1 123.9 125.4 126.7 127 127.3 127.1 118.8 124.5 124.3 124.5 125.6 128.1 130.5 133.1 136.5 140.9 140.6 141.9 141.6 141.2
104.3 104 103.6 103.8 104.6 106.5 110.1 113.9 116 117.1 118.6 120.9 123.1 123.2 123 122.7 122 120.7 121.9 123.5 124.1 124.6 124.3 124.5 126.4 128.9 130.9 131.9 133.3 134.6 136.2 138.3 140.4 141.5 141.5 141.9 142.4 143.9 145.3 145.7 145.6 145 144.6 144.9 144 142.7 139.9 138.7 137.3 134.6 133.2 131.7 130.7 128.8 127.4 126 125.3 125 124.3 123.9 123.9 123.4 123.8 124.9 126.7 127.2 127.4 123.6 124.5 124.3 124.4 124.3 125.9 128.1 130.1 131.6 135.2 137.8 139.3 140.3 140.3
106.1 106 106.4 106.7 107.7 109.3 112.4 116.4 118.9 120.1 120.8 122.7 124.6 125 124.7 124.7 124 122.8 123.9 124.9 126.1 127 125.8 126.8 129.2 131.5 133.4 135 135.7 137.2 139.5 141.1 142.2 142.6 142.8 143.5 144.8 146.2 146.1 145.1 144.3 143.1 142.4 141 139.3 138 136.8 135.1 133.6 131.5 130.9 130.4 129.8 128.6 127.1 125.7 125.6 125.3 124.7 123.8 122.6 122.5 122.3 122.7 121.7 122.4 125.7 126 118.6 124.8 125.1 124.6 125.1 125.7 127.3 128.8 130.6 131.4 134 137.4 138.8
109 108.7 109.7 110.6 111.5 112.7 115.5 118.2 121.2 122.4 123.3 124.5 125.6 126.3 126.2 126.4 126.3 125.7 126.3 127.2 128.3 129.1 128.4 129.2 131.7 133.9 135.8 137.1 138.7 140.9 142.6 143.6 145.2 143.1 146.4 146.4 146.6 146.6 145.7 144.7 143.1 141.4 139.6 137.7 135.9 135 134.2 132.5 130.7 129.9 129.4 128.8 128.2 127.3 126.5 125.8 125.7 125.2 124.7 123.3 123.2 121.6 121.5 121.3 121.3 120.9 121.4 123.3 124.4 118.5 125.2 125.1 124.5 124.9 125.1 126.3 126.9 128 130.7 136.1 138.5
110.4 110.5 113 114.2 115 116.4 118.6 121.2 123.6 125.7 127.2 127.8 127.8 127.5 127.7 127.9 128.5 128.4 129.1 129.7 130.5 131 130.2 131.3 133.9 135.5 138.2 140.4 141.2 143.9 146.2 147.2 148.6 149.2 144.5 147.1 146.4 145.4 144.1 142.3 140.7 139.2 137.3 135.4 133.5 132.8 132.1 130.8 129 127.9 128 127.7 127.9 126.6 126.6 125.8 125.6 125.4 124.3 123.3 122.4 122.5 123 122.7 122 121.1 120 120.1 120.1 123.7 119.8 121.6 122.8 122.9 123.2 123.7 124.4 123.7 126.1 129.6 137.7
115.7 116.2 118.4 119.9 121.1 122.3 122.4 123.6 125.6 126.9 128.1 129.3 130.3 129.9 130.1 130.4 130.6 131.3 132.4 133 133.6 133.7 132.5 133.1 136 138.9 141.1 143.2 145.4 147.6 149.6 150.5 151.5 150.6 149.2 144.6 145.8 144.1 141.9 139.7 137.9 137 134.9 132.9 130.9 130.8 130.2 129.1 127.4 126.6 126.8 126.8 126.7 126.5 126.7 125 124.1 123.3 123.3 123.7 123.2 123.2 123.1 121.4 121.5 121.4 121.9 121.2 121.4 121.1 119.9 118.6 117.9 119.2 120.5 120.3 119.7 122.9 124.8 127.7 127
119.8 121 122.7 126.7 128.5 130 129.7 129.3 130 129.9 130 131.4 132.6 132.4 132.1 132 132.3 133 134.2 135.7 136.6 136.4 134.5 134.3 137.4 140.9 143.9 146.4 148.9 151.1 152.8 153.8 153.1 152.2 150.7 148.3 143.9 143.5 140.9 137.9 135.8 134.2 132.9 131.3 129.8 128.4 125.9 126.3 126 125.5 125.4 125.5 125.9 125.1 124.4 124.8 124.5 123.5 124.1 124.5 125.1 125.5 122.6 121.6 122 122.3 122.6 122.5 122.6 122.1 121.8 121.4 120.1 119.9 117.5 116.8 116 117.3 120.3 123.8 123.7
124.4 126.5 127.4 132.2 134.8 137.1 137.4 135.9 134.8 134.4 133.4 134.8 136.8 136.6 136.2 135 134.5 134.7 136 137.4 138.2 138.1 137.1 137.6 138.7 141.8 145.1 148.9 151.9 154.2 154.9 153.8 153 151.9 150.3 148.1 145.1 141.4 139.1 136.3 134.5 132.6 131.7 129.8 129 125.5 126.3 126.5 126.3 125.8 125.6 125.5 124.6 124.4 124.2 124.2 124.2 124.2 124.4 124.6 125.5 125.7 124.6 123 123 123.1 123 123.3 125.3 125 124.3 123.7 122.2 121.3 119.2 116.4 116.3 116.4 115.9 118.4 119.3
129 131.1 133.5 134.3 138.5 142.2 142.3 141 140.4 140.6 140 140.7 142 140 139 138.8 138.4 137.8 138.9 139.9 139.5 138.9 138.3 137.6 138.3 141.2 142.8 147.5 150.4 152.9 153.3 151.9 151.2 149.7 148.2 145.8 142.8 139.5 136.7 134.7 132.9 131.8 128.8 127.4 127.3 127.2 126.9 126.6 126.5 125.7 125.9 125.1 124.6 124.4 124.5 124.7 124.8 124.5 125.4 125.6 125.9 125.8 124.1 124.1 123.6 123.4 123.2 125.3 127.3 127.1 127.4 126.8 125.3 122.8 119 118.7 116.8 115.8 115.9 115.6 114.6
133.4 136.5 138.2 136.6 139.5 143 145.8 145.9 145.6 146.1 146.3 147.4 147.3 145.5 143.9 142.3 141.6 140.8 140.9 141 140.5 139.7 138.7 138.4 138.9 140.1 141.5 144.3 147.3 149.8 150.2 149.2 149 147.4 145.4 142.3 140 138.3 135.7 134.1 131.6 130.6 130 128.4 127.6 127.4 126.6 126.5 126.5 125.5 125.1 125.5 125 124.9 124.5 124.7 125.1 125.5 126.1 126.2 126.6 125.3 124.3 124.6 125.8 123.7 126.4 128.8 129.1 130.6 130.3 129.8 128 123.6 120.4 119.1 117.8 117.7 115.1 115.2 115
139.3 141.8 143.1 142.5 142.9 145.9 147.8 149.4 150.8 151.9 152.8 153.9 154.1 151.8 150.1 148.3 146.4 145.1 144.1 143.4 141.5 140.7 139.7 138.9 139.3 140.3 142 144.5 146 149.7 150 150.5 148.2 145.7 143.5 141.8 139.1 137.4 135.5 132.7 134.6 131.1 130.5 128.2 127.5 127.2 127 126.4 126.3 125.9 125.4 125.7 125.1 125.3 124.6 125.1 125.2 125.1 125.8 126.7 127.1 126.4 125.6 126 127 129.3 130.9 131.6 133.3 133 132.7 131.7 129.8 123.7 120.4 119.5 118.6 118.1 117.6 118 118.4
144.8 146.2 146.6 146.8 148.6 149.8 151.3 152.9 155 157.3 159.2 160.6 160.8 159.3 156.3 154.3 151.8 150.3 148.5 147.2 144.6 142.3 141.7 140.7 141.6 142.1 143.7 145.6 148 149.3 149.4 148.4 147.1 145.3 143.1 141.4 139.5 137.5 135.9 134.1 131.9 131.9 131.8 128.7 127.9 128.2 126.8 126.6 126.4 126.3 125.6 125.8 125.6 125.9 126 126.3 126 126.5 127 127.4 128.2 128.9 128.8 129.4 130.5 131.3 132.9 134.9 135.8 135.1 134.2 132.5 127.6 123.8 121.8 120.7 119.9 120.8 120.3 120.4 118.8
152.1 152.5 152.9 153.1 153.8 155.1 157.1 159.3 161.9 164 164.6 165.6 166.5 165.4 162.4 160 157.4 155.3 153.4 151.3 149.1 147 145.3 143.9 144.7 146.1 147.4 149.7 150.5 152 153.5 151.3 148.4 146.1 143.1 140.3 138.6 136.8 135.2 133.8 132.6 132.1 131.4 130.9 130.7 130 128 127.7 128.3 127.5 128.1 128 127.6 126.8 126.6 127.3 129.1 129.5 130 129.8 130.8 132.1 133.3 133.3 135.4 134 135.7 137.6 138.1 136.5 134.6 131.4 126.9 126.7 124.9 123.4 123.6 124.4 124.1 123.4 120
158.7 160.1 159.8 161.3 162.1 162.5 164.1 166.5 169 171.3 172.3 172.3 172.3 170.2 167 164.8 161.8 159.1 158 155.6 153.3 151 149.7 147.9 147.1 148.4 149.9 152 153.4 154.6 155.2 153.6 150.8 148 143.8 141 138.9 137.2 136.1 135.2 134.8 134.7 133.8 132.9 132 131.6 131.2 130.5 130.3 129.9 129.6 129.9 128.6 128.8 128.6 129 130.7 132.3 133.3 134.3 135.6 135.4 135.9 135.9 136.8 137.1 137.5 139.1 138.7 137 135.2 133.4 131.7 129.6 128 126.5 126.4 127 127.3 124.9 121.9
172 171.9 171.7 172.5 172.4 173 173.9 175 176.3 178.7 180 179.8 178.9 176.1 173.5 169.9 166.9 164.9 162.8 159.9 157 154.6 152.1 150.4 150.3 150.9 152.4 155.1 157 158.6 157.3 155.2 153.1 150.3 146.6 143.4 141.7 139.9 138.2 137.6 137.5 137.1 136.2 135.2 134.3 133.5 133 133.1 133.2 133.1 132.6 132.6 131.6 132 132.1 133.3 134.7 136.1 137.1 137 139.1 139.4 140.1 138.9 138.6 139.7 139.8 139.4 139.1 138.3 137.5 136.2 135.7 135.7 133.8 132.1 132.4 131.9 131.3 129.2 125.8
183.9 184.2 183.5 184.5 185.1 184.6 184.5 184.2 185.6 186.3 187.2 187 185.5 182.5 178.6 176.5 174 171.3 169 164.9 160.8 158.3 155.8 154 153.8 153.8 155.6 158.8 160.2 159.4 158.6 157.3 155.1 152.4 149 146.5 144.6 142.5 140.7 140.4 140.2 139.4 138.5 137.5 136.6 135.7 135.1 135 135.3 135.3 134.4 134 134.8 135.3 136.5 137.8 139.1 140.4 140.8 141.6 141.9 141.2 142.5 141.8 141.4 141.6 141.2 139.4 138.9 138.1 137.9 138.9 138.4 137.3 136.4 136.6 136 135.3 134.6 133.7 132.4
193.4 192.6 194.2 195.8 196.3 196.1 196.1 194.8 194.3 195.3 193.9 192.7 191 187.8 183.7 181.9 179.6 177.1 173.1 168.9 165.5 163.6 161.7 159.9 158.5 157.2 157.8 159.3 160.8 161.1 160.8 159.2 157 153.7 150.9 148.3 146.5 145.4 143.7 143.2 142.8 141.9 140.9 140 139 138.3 137.8 137.3 137.2 137.1 136.4 136.7 137.5 139 140.8 142.6 144 145.1 144.9 144.1 143.4 142.8 142.3 142.8 142.6 141.8 141.1 139.7 139.3 139.6 139.1 139.6 139.8 139.4 139.3 139 138 137.8 136.9 135.8 134.2
202.8 204.4 204.6 204.5 205.5 207 208.2 207.3 204.5 203.1 201.1 200.9 199.4 194.6 190.1 188.3 184.5 180.9 177 174 171.5 169.4 167.6 166 164.1 161.4 160 160.6 160.3 160.1 159.3 158.9 157.3 155 152.2 150 148.6 147.4 146.8 146.1 145.3 144.5 143.6 143.3 142.3 141.3 140.7 140.2 140 139.7 139.6 140.6 141.7 143 144.2 145.8 148.1 147.7 146.2 145.7 144.8 143.7 142.4 142.5 142.3 142.6 141.3 140.9 140.6 141.2 141.1 141 141.3 141.4 140.9 140.1 138.9 138.8 136.8 136.1 135.4
200.7 209.7 211.2 213.3 213.8 214.5 216.3 214.9 213.6 212.2 210.5 209.6 210.8 214.2 203.3 202.7 197.2 190.1 186.3 180.9 177.4 175.7 173.8 171.9 168.9 166.3 163.8 162 160.6 158.5 157.1 156.6 155.9 154.1 152.8 151.5 150.1 149.3 149 148.4 148 147.4 147.2 147.4 147.2 145.7 144.4 143.3 143.4 143.4 144.4 144.9 146 147.1 147.6 148.1 149.3 149.7 148 147 145.9 144.8 143.4 143.3 142.9 142.4 142.4 141.5 141.2 141.7 141.3 141.3 141.4 142 141.7 140.6 139.5 138.9 137.3 136.2 135.3
194 199 200.8 212.3 216.6 218.6 218.5 219.7 219.2 218.6 217.7 216.5 215.7 212.5 208 204.2 201.5 198.2 195.1 191.4 187 184.4 181.3 179.8 175.3 171.5 167.7 165.3 162.4 159.2 156.8 156 154.6 153.5 152.7 152.4 151.9 151 150.6 150.1 150.3 150.6 151.4 152.3 153 151.4 149.9 148.9 148.6 148.9 149.4 149.6 149.4 149.2 149.1 149 149.4 150 149.7 147.8 146.9 146 144.8 143.8 143.3 142.7 141.9 141.3 141.6 141.9 141.8 141.8 141.8 142.1 141.9 140.6 139.7 138.8 136.6 135.1 133.9
191.3 196.5 199.3 202.1 206.4 210.9 214.5 217.6 218.8 218.9 218.6 216.8 214.4 212.5 207.7 204.8 201.8 200.4 198.3 196.2 195.3 195.1 191.3 187.9 184 179.3 174.8 169.7 165.4 162 158.8 157.2 155.6 154.4 153.8 154.1 153.3 151.4 151.1 151.4 152.2 154.2 157.3 158.7 158.4 157.6 156.4 155.2 154.2 153.2 152.5 152 151.2 150.7 150.3 149.5 149 149.3 149.6 148.1 147.3 146.6 145.3 144 143.1 142.5 141.7 141 141.6 142 141.9 142.1 142.2 142.3 141.9 140.7 139.9 138.9 136.9 134.9 133
190.1 194.8 198.2 200.8 204 207.5 211.4 214.7 217.3 216.8 214.8 213.3 213.1 211.3 206 203.3 201.3 199.3 196.9 195.1 194.2 193.6 193.5 193.1 192 187.8 182.4 177 172.3 168.4 165.1 162.5 160.6 157.8 156.2 156.2 155.5 154.1 154 154.1 154.5 156 158.6 159.9 159.5 159.3 159.3 160.3 158.1 156.1 155.1 153.9 152.9 152 150.2 149.5 148.6 148.6 148.4 148 147.2 146.5 145 143.6 142.4 141.5 140.9 140.2 140.6 141.4 141.4 141.2 141.1 141.9 141.2 141.1 140 139.3 136.9 134.9 132.9
188.9 193.2 195.5 193.8 200.5 205.2 209.9 213.9 215.9 215 212.1 210.8 210.6 208.1 204.6 202.4 200.5 198.8 195.7 193.8 192.3 191.1 190.6 190.1 189.3 187.9 186.5 184.2 179.9 176.8 173.5 170.4 168.2 166.2 164.2 163.3 161.8 159.8 159.1 158.6 158.6 158.2 158.9 159.9 159.9 160.1 159.9 161.1 160.8 159.7 157 155.5 153.4 151.4 149.9 149.3 148.7 148 147.3 146.4 146.1 145.8 144.2 141.9 140.6 140 139.7 139.4 139.8 141.2 141 141.2 140.6 141.1 140.4 139.8 138.8 138.1 137.1 134.3 132.8
188 191.9 195.2 196.2 200.7 205.7 210.3 213.4 214.8 213.7 211.3 209.2 209.9 206.1 203.6 201.6 199.6 197.6 195.2 193.1 191.6 190.1 189 187.6 185.6 183.3 182.5 180.4 179.4 178 176.5 174.8 173.2 172.5 171.7 172.2 170.6 168.4 167.1 164.6 162.8 161.4 160.2 159.1 158.5 159.1 160.2 159.6 158.7 161.2 159.1 156.4 154.3 152.7 151.1 149 148.4 147.4 146.1 144.5 144.3 143.2 142 139.4 137.5 137.2 137.5 138.3 139.6 140.7 141 140.3 140.4 140.4 140.2 139.7 138.5 137.4 136.3 134.6 133
189.3 191.1 195.4 198.8 202 205.5 210.1 212 213.9 213.2 211.6 209.6 209.4 206.8 205 203.1 201.6 199.7 197.9 195.3 193 190.6 188.2 186.2 183.1 180.6 178.7 177.1 176.1 174.6 173.2 171.5 170.1 168.3 168 168.6 168.7 167.4 165.9 163.9 161.4 160.3 158.3 155.9 155.1 155.3 156.6 157.5 157.1 158.1 157.2 156 154.7 152.3 150.2 148.1 146.7 145.7 144.1 142.5 140.5 139.5 136.5 136.3 135.7 134.8 135.7 137.8 140.1 140.8 141.4 140.4 140.5 140.4 140.2 139.5 138.3 137.2 136.2 134.6 133.3
191.7 193.2 195.4 198.1 201.4 205.1 208.1 210.4 212.7 212.5 212 211.5 211.3 209.7 208 206.8 206 203.7 201.8 199.9 196.9 193.5 190.5 187.4 184.7 181.3 178.2 175.9 174.3 172.5 170.8 169.1 167.4 166 165 163.7 163.4 163.3 161.5 159.9 157.5 155.6 155 152.3 149.9 150.3 150.7 150.8 151 151.8 151.7 152.1 151.1 150.4 148.5 146.5 144.4 143.2 141.3 139.2 135.8 131.4 130.7 130.5 130.7 131.5 132.8 135.1 137.6 137.8 139 140.5 140.5 140.4 140.5 140.2 138.7 137.3 136.2 134.7 133.8
195.2 196.6 199 200.9 202.7 205.5 208.9 211.4 213 213.8 213.8 213.8 213.3 212.9 212 210.9 209.9 208.8 207 204.9 201.8 198.1 194.4 191.5 188.2 185.1 181.3 178.1 175.1 171.3 168.4 167.5 165.7 163.9 161.9 160.8 160.2 159.4 158 156.7 155 153.2 151.3 148.9 147.8 147.3 146.4 145 144.1 145 145.7 146.4 146.8 146.6 146.1 144.4 142.1 139.2 134.5 130.7 128.6 127.8 126.6 126.2 126.7 128 129.9 131.3 133 133.8 135 139.1 140.6 141.1 141.1 139.9 138.8 137.6 136.7 135 134.9
199.4 201 202.9 204.5 206 207.4 210.3 212.9 215 215.8 216.2 216 216.3 216 214.8 212.9 213.1 212.1 210.2 207.5 204.4 199.9 195.6 191.7 189.6 186.3 182.5 179.5 176.6 174 171.4 168.1 164.7 161.1 159.7 158.4 157.1 154.8 153 151.6 151.8 149.8 147.2 144.6 143 143.4 144.2 142.2 141.7 141.4 142.3 142.5 142.9 143.4 142.8 140.8 137.3 131.9 128.3 125.8 124.2 123.2 123.8 123.3 123.8 123.7 125.7 126.5 128.1 129.5 129.6 133.6 135.7 136.7 138 137.7 136.8 136.6 134.7 133.6 133.3
