app/static/ascii/NZ24.asc
ncols 200
nrows 200
xllcorner 420000
yllcorner 540000
cellsize 50
[rows 108 to 143 of 200, columns 82 to 163 of 200]
76.2 75.8 75.1 74.4 74.9 75.1 75.5 76 76.5 78.3 81.6 84.6 89.1 96.2 95.9 94.2 101.5 104.4 106.1 109.6 112.2 114.5 116.2 118.4 120.7 121.9 121.9 119.2 117.9 116.7 115.8 114.8 114.1 113.8 112.2 110.3 111.5 110.1 108.8 106.8 106.8 106.6 105.4 104 104 104.6 105.1 104.8 104.4 101.8 100.5 100.4 99.7 97.4 93.7 92.2 92.5 92.2 91.6 90.8 89.7 85.6 88 91.7 94.2 92.8 90.7 89.3 87.6 87.2 87.9 84.5 78 74 71.4 68.5 64.4 60.9 63.4 60.1 55 54.9
79.9 75.9 75.2 74.5 74.4 74.5 75.4 76.5 75.9 77.2 78.9 80.9 85.9 90.5 93.7 95.1 96.9 100.6 102.9 105.6 109 112.3 115 115.3 117.9 121.2 120.6 118.5 118.4 117.8 116.1 114.9 114.1 113.6 111.9 110.4 111.2 110.3 110.7 106.6 106.4 106.2 105.1 104 103 104.4 104.8 104.6 103.7 100.7 99.8 99.8 99.6 97.4 94 92.1 90.7 90.9 90.2 89.2 89.4 85.8 84.4 90.5 94.4 92 89.7 89.1 88 85.8 85.8 85.7 78.6 73.6 72.3 68.5 63 62.5 57.1 54.4 51.7 51.9
79.1 77.9 75.9 73.5 74.6 74.3 77.6 77.6 76.2 76 77 77.8 80.7 84.4 89.5 91.3 93.6 95.7 98.3 101.4 104.2 108.7 111.6 112.8 115.2 117 117.5 117.8 119.3 118.8 116.5 114.5 113.5 112.5 110.9 110.2 108.6 110.6 111.2 106.5 106.2 105.5 103.6 103.8 102.4 103.5 104.2 104.3 102.3 100.4 99.8 100.2 98.7 96.2 94.2 92.3 91 89.7 88.6 87.8 86.7 85.2 80.5 88.6 93.5 92.6 91.3 90.6 89.5 84 82.7 83.4 77.9 73.4 71.2 66.3 63.7 57 53.5 51 49.9 49.7
79.6 78.6 75.7 72.6 74 74.4 77.2 78.2 76.3 75.4 75.8 76 77.6 80.7 83.7 87.2 89.9 91.7 93.6 97.2 100 103.4 106 109.6 111.4 113.6 113.8 114.8 117.2 118.7 116.2 114.9 112.6 112 110.1 110.1 109.3 110.6 110.5 107.1 106 104.9 103.9 104.2 102.4 102.4 103.2 103.3 102.3 100.7 100.8 99.7 99.7 97 96.4 93.4 92.1 90.6 88 87.2 86 84.2 78.3 83.4 91.6 92.3 92.3 91.4 88.9 83.6 81.4 79.5 72.6 70.8 66.6 65.9 59.1 54.5 51.5 49.9 48.7 48
77.9 76.9 75.4 72.9 74 73.8 75.4 78 76.7 75.6 75.1 77.4 76.1 77.2 79.2 81.3 85.4 88.5 89.8 92.8 94.3 97.9 101.1 103.9 107.4 109.3 112.1 112.4 114.5 115.9 115.2 113.6 111.8 111.3 110.3 110 111.3 107.3 110.1 107.9 106.3 105.2 103.7 102.5 102.4 102.2 103.2 103.7 103 102.5 102.2 100.9 99.7 99.7 97.7 95.7 93.4 90.5 88.1 84.9 79.9 77.7 75.8 79 83.2 90 90.8 89.2 88.3 85.9 81.2 76.3 68.7 67.3 63.6 60.5 57.1 52.5 50.1 48.6 47.6 46.7
76.4 75.2 74 74.6 73.7 73.4 74.8 77.5 77.2 76 77.9 77.9 77.9 76.4 77.7 76.4 78.2 84.4 86.1 88.7 89.6 91.7 95.5 98.6 101.1 105.1 107.9 109.6 112.9 112.9 112.6 112.7 111.5 111.2 110.4 109.9 110.5 111.2 109 107.2 107.2 105.1 103.3 102.5 102.3 102.6 103.6 103.7 102.3 102.5 102.5 101.5 100.7 100.9 98.8 96.4 93.7 90.9 84.1 78.1 81.5 81.1 80.3 75.1 78 86.3 90.6 87.4 87.3 85.4 81.1 76 66.6 65.9 62.1 56.6 54.4 50.8 48.9 47.1 45.2 47
78.2 75.5 74.2 74.3 74 73.5 74.5 81 79.8 77.9 76.5 76.6 76 78.7 83.9 81.2 77.7 77.9 82.7 85.6 86.4 86.9 90.4 93.5 97.5 100.8 103.9 109.1 112 112.2 111.6 111.3 111.3 110.7 110.4 110.2 110.4 111.7 109.3 107.8 106.5 104.2 103.3 102.7 102.6 102.8 103.3 103.4 102.8 102.4 102.4 102 101.2 100.2 100.3 96.2 93.7 86.9 80.1 90 87.6 86.9 82.6 78.5 71.5 83.2 84.9 85.8 85 78.2 72.8 71.1 64.1 64.4 56.8 53.9 51.8 48.7 47.9 46.6 43.2 47.2
81.6 75.3 74.3 73.9 73.7 73.9 74.1 90.5 88.5 84.5 80.7 78 76.9 79.9 82.5 81.7 78.4 76.1 79.3 82 82.6 84.1 87.4 88.4 93 97.6 101.3 107.8 110.7 109.6 110.7 110.4 110.6 110.6 110.5 109.8 111.4 111.9 109.6 108.1 106.3 105.4 103.1 102.6 102.9 103.6 103 102.1 102.2 102.7 101.6 102.4 100.6 99.3 98.2 96 94 83.4 86.4 92.1 94 93.3 86.6 80.6 69.7 81.8 83.1 82.7 81.5 80.3 73.7 67 63.4 58.1 54.5 52.8 50 48 46.9 46 41 46.5
81.7 78.1 74.2 73.7 73.9 73.1 74.2 83.4 94.2 91 88.8 84.4 80.8 81.4 81.5 81.5 79.1 77.2 76.5 77.9 79 80 82 84.9 88.7 94.6 99.1 106 108.5 109.6 110.8 112.7 112.1 111.5 110.9 110 109.6 110.7 108.8 107.2 106.3 103.2 103.4 101.4 104.3 104.6 102 102.7 102.7 103 101.3 98.3 98.3 97 96.7 95 86 83.5 91.7 92.3 92.3 94.4 89.8 85 71.6 73.9 82.1 82.8 82.1 84.2 77.3 68.9 64.7 57.2 53.3 52.5 49.8 47.6 45.6 44.2 38.5 44.1
80.8 79.2 74.6 73.3 73.9 74 73.9 75.1 92.3 95.5 93.9 91.8 89.3 85.5 82.7 81.5 79.7 77.9 76.7 76.9 76.3 78 79.2 80.7 84.9 90.2 95.3 99.6 105.7 107.5 111.2 112.5 113.4 111.1 109.9 109.2 108.1 109.4 107.5 106.5 104.5 102.7 101.2 101.7 102.7 101.7 99.9 100.6 97 93.3 92.2 93 91 91 88.6 85.4 88.4 91.8 93.6 94 95.5 93.5 87.4 81.2 71.8 68.3 72.9 82.4 82.9 83.8 79.6 69.8 64.8 59.7 54.4 51.3 48.9 46.9 45.1 39.2 34.6 37.3
78.4 74.4 73.9 73.7 73.7 73.8 74.1 77.3 92.2 97.2 98 97.3 95.3 91.7 86.3 82.1 79.3 77.6 76.7 76.1 77.6 77.6 77.8 78.5 80.1 84.6 88.9 96.7 102.4 104.8 108.6 113.1 112.9 112.1 109.4 107.9 106.6 107.8 105.6 104 103.4 102.1 101.3 99.4 98 97.8 97.6 95.3 93.9 92.4 92.6 93.2 91 90.9 91 92.2 89.1 92.4 93.7 93.7 99.1 92.7 90.2 83.3 71.9 67.7 61.1 65.4 76.5 83.1 79.9 64.8 64.4 60.2 55.6 52.2 49 46.3 43.5 37.2 33.2 31.7
75.3 73.8 71.8 74.4 74.4 76.2 81.3 91.3 96.8 97.1 98.6 100.2 100.3 95.8 89.1 83.3 79.3 77.1 76.3 76.6 78 78.4 77.6 77.8 78.1 80.9 86.2 93.2 97.5 103.3 106.4 109.7 111.5 111.7 110 107.4 106.5 107.1 104.7 104.1 103.4 104.5 104 101.6 99.1 97.7 98.2 97.3 100.2 100.1 96.2 96.9 97.8 96.1 98.3 95.3 92.9 92.6 93.9 95.4 96.4 92.7 88.9 84.2 79.4 68.9 63.4 59.7 62.8 79.4 71.6 67.5 63.8 59.6 56.6 53.1 49.5 46.9 44 35.9 32.3 30.4
77.9 73.4 74.3 81.8 80.2 86.1 92.8 94.4 96.2 97.1 98.5 100.2 100.9 98 91.2 84.3 79.5 76.7 76.1 77.4 78.1 78.8 77.8 77.6 77.7 78.6 82.4 89.9 96.1 100.7 105.1 107.1 108.7 110.4 109.4 107.4 106.8 108.9 107.6 108.6 107.5 109 106.7 103.9 100.1 100.7 100.9 100.2 104.3 102.1 102.3 102.9 100.7 99.8 98.7 96.1 92.3 92.2 92.2 93.2 95.7 94.7 92.5 87 79.7 74.3 66.6 61 53.2 59.3 65.2 65.8 62.3 58.8 55.8 52.8 48.7 46 40.7 34 29.9 29.1
75.5 71.8 74.5 89.2 89.9 90.2 91.4 95.1 96.4 96.7 98 99.7 100 98.8 93 85.7 80.3 77.1 76.9 77.8 78.3 78.4 77.5 77.6 77.8 78.7 80.4 86.9 93.4 98.3 104.2 106.9 107.5 108.8 108.9 108.6 109 110.2 109.5 111.9 111.4 111 104.9 104.3 103.6 104.5 102.9 102.2 107.4 107 106.4 105.5 103.7 102.5 100.9 95 94.6 92.6 94.2 96.1 95.3 94.3 91.5 86.1 78.5 74.6 69.5 65.5 64.4 60.1 69.5 64.5 61.6 58.3 55.6 52.3 47.8 41.7 35.9 32 29.1 28.9
80.1 72.9 74.5 81 88.4 89.4 92.4 95 96 95.9 97.2 97.3 98.3 97.1 91.8 86 81 78.4 77.4 77.5 77.8 77.7 79.4 78.2 78.2 79.2 81 85.1 91 97.3 101.8 105.5 106.7 107.3 108.9 110.3 110.8 110 109.4 115.2 111 109 107.6 108 107.3 108.3 104.6 104.2 107 109 107.4 106.4 104.1 102.3 101.4 99 95.6 92.6 91.8 92.7 93 92.9 91.5 85.2 77.2 73.3 68.3 64.4 62.9 65.2 57 63 60 58 54.3 52 46.7 39.3 33.3 30.6 29 29
85 75.6 73.7 73.5 80.6 89 89.9 92.4 94.3 96.5 95.9 93.2 94 95.1 90.4 84.2 80.7 78.6 77.5 77.3 77.4 84.4 94.2 93 86.4 85.8 84.8 86.1 91.4 97.9 104.1 105.8 107 106.8 108 108.8 109.9 109.2 110.7 109.5 109 108.2 107.6 109.7 108 106.6 106.3 105.4 107.3 107.3 107.7 106.6 103.9 101.5 100.9 98.9 93.5 93.8 93.7 90.9 91.8 91.1 88.8 84.3 78.5 73.4 68 63.5 62.5 56.9 51.6 60.9 58 55.5 53 50.2 45.6 38.2 32.9 29.3 28.8 29.3
91.6 82.8 74.6 71.5 71.2 83.8 89.6 90.5 92.2 95.1 97.3 94.1 92 92.7 88.5 83.2 82.2 81.7 78.3 77.7 83.3 92.8 96.6 96.7 91.1 91.1 89.8 87.9 94.8 98 103.7 106.6 108.4 107.8 108.7 107.7 107 107.6 107.9 108.7 110 108.7 108.1 108.8 106.7 105.6 103.3 102.4 105.1 106.5 107.7 105.5 102.7 101.4 101.1 97.6 96.5 94.5 94 93.3 90 88.8 85.7 81.7 77.1 73.7 69.1 63.4 64.6 56.8 46.6 58.6 57 53.4 50.7 48.7 44.5 38.8 33.4 28.9 29.3 29.5
94.8 86.9 79.2 74.6 72.8 79.9 90.1 90.1 90.5 92.9 96.1 97.4 94.8 93.9 89.3 84.5 84.5 84.3 81.8 84.6 90.6 96.9 97.7 97.8 97 95.7 93.9 92.7 94.9 97 98.5 104 107.5 109.1 110.3 109 106.5 106.9 108.2 109.8 109.7 109.7 108.2 107.6 106.4 104.2 101.8 101.3 98.7 98.4 100 98.3 102.5 101.8 101.2 97.8 95.7 94.7 94.3 92.9 89 86.1 82.9 80.6 74.1 71.2 68.7 64.3 57.5 49.7 44.7 54 55.5 52.3 49.7 44 43 40.9 35 29.3 29.7 25
99.8 92.5 85.3 77.8 72.7 75.2 82.5 89.8 90.7 90.3 93.1 96 97.5 95.9 94.5 93.6 92.5 94.2 94.1 94.8 98.9 97.9 99.1 100.5 100.5 99.2 98 96.3 96.2 95 95.6 97.1 99.9 104 110.1 108.8 107.4 106.2 107.7 109.2 109.1 108.8 107.9 107.4 106.1 104.1 102.7 99.8 95.9 93.7 92.9 91.1 99.2 100.2 99.5 98.4 98.2 94.8 93.9 92.9 92 90.1 85.3 78 71.1 67 63.5 64.3 55.3 48.2 41 45.1 51.9 48.7 44 41.7 39.8 38.3 33.1 29.1 25 29.7
102.9 94.9 88.8 82.8 79.3 72.5 74.6 81.2 88.3 89.7 90.9 94.3 96.3 96.8 98.5 100.4 100.8 100.2 100.3 99.9 99 98 99.9 102 103.1 102.7 100.6 99.7 98.6 98 96.1 95.2 96.3 100.8 106.2 107 106.8 105.3 105.7 108.1 107.6 107.8 107.7 104.9 104.7 103.4 102.1 97.9 94.9 89.8 88.2 87.2 91.9 90.1 88.3 91.2 95.3 94.8 93.7 92.8 92 90.9 86.7 79 71.9 66.5 65.1 59.9 55.7 47.1 40 42.2 41.9 39.6 35.9 33.7 33.2 33.1 29.7 28.7 28.5 29.8
107.2 99.6 93.5 89.1 83.2 76.6 72.6 75 82.9 88.5 90.8 93.2 95.9 93.5 97.4 100 100.7 101.1 100.5 100.2 99.9 97.9 98.5 102 103.6 103.5 101.4 100.1 97.8 98.2 97.9 96.3 95.7 99.5 102.8 105 106.2 105 103.4 104.6 104.5 104.6 102.4 101.4 101 101.1 99.1 97.1 93.1 88.8 87 86.2 85.9 83.8 83.4 84.4 95.4 94.1 93.6 92.7 92 91 86.9 79.6 72.5 66.4 64.4 57.8 50.9 44.9 39.2 38 39.1 35.7 32.9 32 30.7 30.2 30 25.7 29.6 29.7
109.6 104.5 99.5 92.9 87.2 79.7 76.2 72.4 75.7 80.4 88.9 91.1 89.3 89.3 96.9 98.3 99.4 100 100.2 100.9 100.9 97.5 98 100.9 102.2 103.5 101.1 102.1 100.5 98.7 99 99.3 97.4 98.4 99.5 102.8 104.2 104.2 101 101.7 102 101.3 101.2 94.8 94.8 96.7 98.2 94.6 92 88.9 86.7 85 84.7 87.2 83.3 79.8 87.5 93 92 92.6 91.7 90.9 85.1 79.6 72.7 67.2 61.5 55.7 48.3 39.7 32.4 35.8 35.1 33.7 33 32.3 30.8 30.5 30.1 25.8 29.3 30.1
111.3 105 103.6 96.6 92.8 84.3 78.6 73.6 72.5 73.7 77.3 81.5 85.8 93.8 88.9 91.9 95.6 99.3 100.8 101.8 100.7 97 96.6 98.7 99.5 101.2 103.7 104.2 103.1 100.1 99.5 97.6 95.5 96 97.5 100.4 101 102.1 98.4 98.8 99.6 98.3 98.8 92.2 91.9 91.5 92.7 93.2 89.8 87.5 85.6 85.4 82.7 83.4 78.4 80.9 79.9 87 90.2 92.6 91.3 87.3 82.1 78 73.1 66.3 57.8 51.2 46.1 35.7 32.9 34.3 33.7 33.2 32.5 31.8 31 30.7 30.3 28.8 28.4 30.3
112.9 106.5 103.9 101.6 94.5 91.3 81.7 77.3 74 72.3 72.9 74.4 73.5 78.5 74.6 76.4 81.6 91.5 100.6 101.9 100.6 97.6 95.8 97.1 97.8 98.9 102 104.6 104.5 102.9 101.2 99.3 97 94.1 94.7 95.8 95.3 96.1 94.8 94.4 94.8 95.7 92.9 89.8 89.2 90.4 91.6 90.9 87.9 86 85 84 83.6 82.1 85.4 84.9 76.3 84.7 87.8 91.3 88.5 84.6 80.3 75 67.3 62.4 54.7 48.5 41.7 35.1 32.2 32.8 32.6 32.5 31.9 31.4 30.9 30.7 30.6 29.1 25 30.2
110.5 106.6 105.6 104.2 99.4 94.2 88.4 81.6 78.2 75.8 73.6 71.9 71.9 71.6 71.9 72.4 72.3 76.5 88 96.3 100.8 97.7 96.7 96.3 97.4 98.7 101.2 104 106 103.4 102.2 100.2 98.9 95.5 93.1 92.7 93 93.3 93.9 92.8 91.3 92.1 90.2 88.1 86.7 89 89 88.5 86.8 84.9 84.2 83.9 83.8 81.4 83.8 83.8 73.4 77.6 79.7 83.6 85.6 78.4 77.7 69.2 66.9 61.2 53.4 46.5 37.2 35.8 34.7 32.3 32 31.7 31.7 31.4 31.5 31.1 32.3 31.5 25 30.3
110.5 108.8 107.3 105.1 101.1 95.3 93.6 88.1 84.3 81.7 78.2 74.9 72.2 72.2 71.6 71.9 72.5 72.8 80.1 96.5 102.5 99.6 97.8 97.1 95.1 97.5 100.6 102.1 104 102 100.6 98.9 97.7 98.3 97.1 94.4 94.4 93.8 93.8 92.6 91.1 88.7 87.3 87.1 86.5 85.7 86.1 84.2 82.9 83.3 83.6 83.2 83.5 80.5 80.7 80 76.6 70.6 71.9 74.6 76.6 74.6 70 68.2 62.8 57.1 54.4 47.5 41 39.4 34.7 32 31.7 32.1 31.4 31.8 31.6 31.3 31.9 32.2 26.6 29.5
112.4 110 108 105.5 102.2 98.3 94.7 93.7 91 88.4 84.9 79.8 76.3 73 69.9 72.1 72.5 72.4 77.5 98.9 104.5 102.5 98.9 98.7 99.1 93 98.7 102.3 103.1 100.9 100.7 97 98 99.1 99.8 99.6 97.9 103.8 99.6 95 90.1 90.5 86 84.7 85.6 85.2 83.5 82.9 83.2 83.3 83.9 84.8 82.8 82.8 80.7 77.4 74.6 75.6 73.1 72.1 71.6 69.8 64.7 67.8 59.1 54.4 51 45.7 42.1 38.6 31.5 31.4 32.5 31.2 31 30.7 30.8 31.9 32.4 32 31.1 26.4
110.9 110 108.4 105.7 102.7 100.1 96.2 94.2 91.4 90 88.6 86.1 81.7 78 73.7 71.4 72.4 72.9 80.5 94.4 105.3 104.3 101.5 98.4 100.4 96.5 93.8 99.6 100.5 98.4 99.2 96.1 97.5 101.7 99.5 99.7 100.1 106.5 106.1 98.5 92.1 90.5 83.9 85.4 83.6 84.3 83.7 83.6 83.8 83.6 84.8 86.4 82.4 82.5 80.3 79.5 78.6 84.1 84.6 78.3 75.4 73.2 68.5 61.6 54.5 50.5 49.2 43.8 40.2 35.2 32.4 31.9 31.9 31.8 31.6 31.4 32.1 32.8 33.6 32.4 32.1 26.2
112.5 108.6 107.4 104.9 102.4 100.3 96.8 95.2 92.4 90.3 89.2 88.2 85.6 81.4 75.7 72.8 69.8 72.6 81.5 96.9 104.2 105.7 104.3 101.5 98.8 97.4 90.2 95 95.9 99.7 94.4 92.2 98.5 102.8 102.3 100.9 102.5 103.8 103.7 99.9 97 92 85.1 85.5 81.8 83.1 84.5 83.6 84.6 84.5 84.6 84.7 80.8 81.7 81.9 79.6 80.3 89.9 92.9 81.5 74.3 70.8 65.7 59 51.9 48.7 45.5 42.6 39.5 34.2 32.2 31.8 31.6 31.7 32 32.1 32.4 32.2 32.4 26.7 26 31.1
114.3 111.4 106.1 103.1 100.4 99 96.9 96.2 94.6 92.1 90.8 89.6 88.4 86 76.8 72.8 72.8 73 79.1 91.7 101.1 105.1 105.8 103.8 101.1 98.7 91.8 91.5 98.5 96.8 91.7 92.3 101.5 102.6 101.4 101.1 103.2 103.9 101.5 100.9 92.1 86.2 79.9 78.7 82.9 88.3 87.3 84.2 84.4 84.7 84.7 84.3 80.9 79.8 79.7 80.9 79.6 84.4 79.8 71.2 74.5 69.1 59.6 53.2 43.7 42.5 40.7 39.3 34.7 32.2 30.9 30.4 26.5 26.5 26.5 26.5 26.5 26.5 26.9 30.5 31.9 35.6
115.1 112.2 107.5 103.7 100.7 98.6 97.8 96.3 92.3 93.2 91.5 90.7 89.4 89.4 78.5 72.1 72.6 69.7 79.9 90.1 97.5 100.8 104.1 105.4 102.7 98 89.8 86.4 96.4 93.9 89 91.7 100.1 101.4 100.7 100.6 102.4 105 104 102.6 98.5 89.2 83.2 76.9 88.6 88.5 90 88 85 84.7 86.8 87.1 80.6 77.3 78.7 80 76.8 79.3 74.4 71.7 69.9 59.7 53.5 47.4 34.7 33.6 36.8 33.8 26.5 26.5 29.6 29.5 30.4 30.4 31.1 31.6 32.8 32.5 33.3 34.9 37.3 41.2
115.9 112.3 109.6 105 102.6 100.1 98.7 96.9 95.1 95.5 91.4 90.2 90.2 88.9 84 74.9 72.5 72.5 79.7 92 93.3 94.4 99.8 103.1 101.6 99.1 96.2 91.7 86 90.9 86.5 97.3 99.1 100.5 99.5 101.3 101.5 104.9 105.1 102.3 96.2 86.1 79 71.2 79.4 87.8 82.9 91.1 90.2 87.6 88.2 85.9 86.4 72.4 81.9 85 79.4 71.3 72.5 70.5 70 55 47.9 41.3 34.7 30.9 27.5 26.5 30.9 31 31.2 31 31.5 32.7 35.6 35.3 35.9 35.2 37.3 40 44.2 46.4
116.3 113.5 110 105.4 102.9 101.1 99.5 98 96.1 95.3 92.1 88.7 87.3 86 81.5 78.5 72.8 72.9 83.8 90.3 90.3 92.4 94.4 96.9 100.4 102.3 100.7 95.4 89.5 85 85.4 90.3 93.6 95.4 99.8 102.1 103 104.9 104.1 103.4 101.7 97.1 89.2 83.8 68.8 73.7 74.1 91.5 100.4 92.9 89.6 87.2 79.5 75.3 84.8 92.1 89.5 75.6 66.3 70.2 58.4 50.5 39.9 32.6 32 30.6 29.3 31.2 31.6 31.8 31.9 31.7 37.1 39.9 41.4 41.7 42.4 41 43.5 46.7 49.7 52.3
116.2 113 109.9 106.2 103.5 101.8 100 98.1 98.4 95.3 93.4 91.2 87.4 83.5 84.7 80.3 72.4 74.2 87.1 88.4 89.6 90.4 91 91.9 94.2 96.5 100.5 98.7 95.6 93 83.4 90.8 97.3 98.5 103.1 103.6 104.1 104.5 104.1 104.2 104.5 101.8 100.7 87.4 75.1 65.5 67.9 83.8 95.4 91 83.6 84 83.3 79.9 77 89.2 91 82.6 78.4 69.6 55.5 44.4 34.9 32 30.5 30.5 31.4 30.4 30.4 32.1 33.2 41 41.3 43.8 45.6 50.5 50.3 48.4 55.4 56.1 58.8 64.4
117 114 111.1 107.9 105.5 103.5 100.7 99.5 97.2 95.3 94.8 93.5 90 86.4 85.2 83.8 72.7 72.3 78.6 87.4 88 88.1 88.3 88.8 88.5 88.4 95 101.7 98.4 95.7 90.2 84.2 92.8 100.5 98.6 102.6 102.9 104.3 104.1 104.1 103.9 97.3 86.1 76.6 67.4 63.7 63 74.4 79.7 87.2 87.6 79 77.8 75.5 70.9 84.3 88.2 77.7 71.9 64.9 53.6 40.1 34.5 31.7 27.1 32.4 31.5 31.9 31.7 32.6 37.9 45.3 48.1 51.7 54.6 59 56.8 54.3 56.3 56.6 58.8 64.6
120.1 116.9 113.9 111.2 108.4 102.4 98.9 100.7 96.1 95.6 95.6 93.9 93 87.9 85.9 83.4 77.7 71.5 72 80.7 87.1 87.6 85.9 86.5 85.8 86.1 90 98.4 100 95.7 88.5 82.7 93.5 97.7 96.5 101.1 103.3 104.4 104.2 104.2 104.1 93.1 85.9 77 65.7 64.5 61.5 63.5 71.8 85.3 78.8 75.2 72.8 68.5 66.5 80.7 84 67.2 71.5 56.3 51.6 37 32.9 31.3 27.1 32.1 32.2 32.3 32.5 36 41 51.3 54.6 58.6 63.1 63.9 63 60.9 60.7 60.4 62.8 67.7
