app/static/ascii/NZ25.asc
ncols 200
nrows 200
xllcorner 420000
yllcorner 550000
cellsize 50
[rows 76 to 113 of 200, columns 0 to 84 of 200]
155.1 152.3 148.4 145.1 142.4 123.5 126.2 141.2 143.1 143 142.4 142.8 144.8 149.7 155.6 162.3 161.7 156.8 157.4 155.4 152.2 150.6 149.3 149.7 150 150.1 150.5 151.5 152.5 150.3 146.5 139.3 148.1 149.3 146.4 141.8 140.8 139.2 140 140.5 139.9 137.5 135.9 136.2 138.7 141.1 141.9 138.6 138.9 143.9 145.6 145.2 143.8 140.4 136.1 134.3 133.3 133.6 132.3 129.4 128.2 127.2 126.7 128 127.3 124.4 119.9 116.4 114.1 111.7 110.9 108.9 106 102.6 99.6 97.9 96.1 92.9 89.9 87.6 85.5 83.7 81.9 80.5 79.4
155.9 153.6 151.1 149.5 147.5 123.9 128.1 138.9 140.9 140.8 142.6 142.8 145 149.8 155.8 162.7 162.1 158.1 155.1 154.8 152.4 151.2 150.6 150.7 150.7 150.8 151.8 153.3 154.3 151.9 147.8 140.1 140.2 145.4 143.6 140 139.9 137 136.3 136 138.3 136.8 135.3 131.5 136.3 138.3 139.3 137 136 141.5 143.5 143.3 142.6 139.8 136.6 133.6 131.9 130.8 130.5 128.7 127.2 126.8 125.3 126.4 126.9 125.2 121.5 116.2 114.3 112.9 112.4 110.4 108.2 103.6 100.5 98.8 97 95.1 92.1 89.4 88 86 84.1 82.7 81.4
156.5 154.8 152.2 151.8 150.8 134.3 116.5 127.8 140.5 141.2 141.5 142.9 145.9 149.7 155.9 163.2 162.5 158.7 155.5 153.6 152.1 152.8 153.9 152.9 152.1 151.9 153.5 155.6 154.6 151.7 147.7 141.3 133.2 141.8 140.3 138.4 138.6 136.5 133.3 132 132.9 134.3 134.1 133.5 129.6 134.3 137.2 136.9 130.6 137.4 140.3 139.8 138.6 137.5 137.2 134.3 129.9 127.1 128.8 129.3 127.4 126.4 124.5 124.4 125.2 125.3 122.5 119 115.1 113.4 113.1 111.4 109.1 104.8 102 99.3 97.6 95.6 94.4 93 90.9 88.7 86.6 84.3 82.7
156.9 154.3 145.6 148.4 139.9 115.2 118.5 126.6 142.5 136.1 137.1 144.1 147.4 152.1 158.1 162.9 163.8 160.4 156.3 154.3 153.5 153.7 153.5 153.8 153 153.6 154.6 155.5 154 151.2 148.8 144.1 135 136 138.7 138.4 138 136 131.9 130.4 130.5 129.5 130.6 129.3 129.8 127.9 133.6 130.8 127.2 134.1 136.1 135.4 135.6 136.9 138.6 136.5 130.2 125 126 127.5 126.8 126.6 124.6 122.6 123.2 124.2 122.7 119.7 116 113.4 111.9 110.8 107.7 105.6 102.2 99.1 97.3 96.1 96.6 96.8 94.6 90.5 87 85 83.1
155.8 148.9 117.5 117.7 117.4 136.4 133.8 142.6 134.2 124.7 141.1 144.6 150.7 157.5 161.6 163.5 163.2 161.6 159.5 156.3 155 153 153.1 153.6 154 154.6 154.5 154.4 151.9 150.3 147 144 135.4 131.7 141.4 139.9 136.6 133.4 130.1 128.9 130.5 130.4 129.7 126 124.4 123 127 125.2 126.9 130 132.1 133.8 135.4 139.1 139.9 137.9 132.6 125.6 123.7 125.4 126.2 126.6 124.9 122.7 121.2 122 121.7 120.1 117.1 114.2 112.1 109.1 107.6 105.1 102 99.1 97.2 96.5 97.3 97.3 94.9 90.7 87.1 85.1 83.1
154.3 140.9 118.8 145.3 143.8 144.6 143.8 135.4 122.1 112.7 138.3 144.6 150.3 159.4 163.9 162.5 161.8 160.4 161 157.1 153.5 152.6 152.5 153.6 154.1 154.5 155 153.8 151 147.9 144.3 141.7 133 129.7 141.1 140.1 135.8 131.9 129.1 126.8 127.2 128 127.3 122.7 121.3 120 120.8 117.9 125.6 129.3 131.2 132.4 135 140.2 140 137.4 133.6 126.9 122.1 124.2 125.3 124.4 124.1 122.5 119.3 119.8 119.7 120.2 117.6 114.8 112.7 109.4 107.2 104.1 101.4 98.4 97.7 97.4 97.3 96.3 93.6 89.8 87.3 85.8 83.7
144.9 130.3 120.8 144.3 148.2 144.8 142.4 139 121.4 110 135.7 143.4 149.6 160 163.1 160.6 157.5 156.5 157 155.3 153.5 153.4 152.5 153.5 153.9 155.7 156.3 154 150 146.5 142.6 136.7 130.4 128.7 140.7 138.7 135.5 132.2 130.5 129.1 126 124.8 125.4 120.1 118.5 119.5 117.8 118.3 122.7 128.3 130.8 131.5 132.9 136.1 138.4 136.9 133.7 127.4 121 121.6 121.3 121.2 122.9 121.7 118.8 117.5 117.8 118.5 117.5 114.8 113.5 110.6 107.1 103.6 101.2 100.3 99.1 98.3 97.6 94.9 92.1 89.7 87.6 86.1 84.5
130.8 132.6 145.4 149.4 146.5 143.5 137.7 140.3 125.3 110.9 133.8 142.3 149 158.5 161.6 159.2 156.4 154.5 153.7 152.9 152.6 152 155 154.8 155.2 157.4 159.6 155.1 149.3 145.4 141.3 136.6 129.9 126 136.1 137 134.5 132.5 130.1 128.7 127.3 122.9 121.7 119.2 115.8 116.4 116.3 114 119.3 127.1 130.3 129.7 130.8 132.8 134.7 135.6 131.3 127.6 122.6 119 118.3 118 120.6 120.5 118.6 117.2 116.3 116.8 116 114 112.9 111 108.2 104.5 103 102.9 101.7 99.4 97.2 94.8 92.1 89.9 87.8 86.6 85
154.2 151.6 149.5 148.5 145.3 142.9 141.3 139.8 128.9 108.7 129.1 141 148 157.9 159.8 157.6 155.2 153.3 152.1 151.1 151 150.9 151.1 151.4 154.2 155.6 160 154.6 149.6 146 141.3 138 131.2 120 127.5 131.6 130.8 129.7 128.3 127.9 126 122.8 119.2 117.3 115.2 113.6 111.7 109.7 115.8 125.1 129.2 128.5 130 131.7 132.2 132.7 130.3 127.3 123 119 116.1 115.4 115.9 117.4 118 117.4 116.3 115.3 114.7 113 111.8 110.7 108.3 105.8 105.3 105.2 104.2 100.8 98.4 96.5 93.3 90.4 88.1 86.9 85.3
155.7 152.7 150.3 148 144.5 140.1 140.5 139 129.7 107.7 127.6 139.3 146.1 156.7 157.7 157.5 154.9 152.8 151.6 150.3 150.1 149.9 148.4 148.1 147.8 149 152.6 153 149.1 145.8 141.7 139.2 133.9 125.8 116.2 123.8 127.9 126.6 126 126.7 125 124.6 119.9 117.3 114.6 111.6 108.1 106.4 113.6 121.6 127.7 128.3 128.8 129.6 129.3 129.3 128.3 127.9 123.7 119.3 114.8 113.2 113.3 115.5 117.9 117.7 116.2 113.9 113.1 112 110.1 109.7 107.8 105.5 105.6 105.8 104.8 102.2 99.3 96.9 93.8 89.9 88.6 87 85.4
156.6 153.6 150.2 147 144.2 141.2 138.7 136 126.7 108 128.9 137.9 144.4 155.2 156.7 157.2 156.6 154 151.8 149.8 149.2 148.9 147.7 146.4 145.8 145.6 148.1 154 148.2 145.1 142.3 139.9 136.1 127.6 117.6 115 125.7 125.4 124.8 126.7 126.3 125.3 119.8 116 117.9 114.8 108.5 105.2 110.3 117.4 122.1 125.4 127.2 126.4 125.9 126.3 127.2 128.2 124.5 119.4 115 113.4 112.4 116.2 119.1 118.8 116.7 114 113 111.8 108.7 108.1 106.9 105.1 105.3 105.4 105.1 102.9 99.8 96.9 93.4 89.8 88.5 86.9 84.9
158.9 154.4 150.5 147 143.7 141.3 136 133.1 115.5 107.8 130.8 138.6 146.1 153.5 155.1 156.6 157.3 155.7 152.1 149.2 148 147.5 146.7 145.1 144.3 144 146.2 151.5 148.6 144.4 141.7 138.9 135 129.3 119.2 109.8 121.2 123.8 123.2 126.2 129.1 125.2 117 113.3 114.1 115.5 110.2 103.9 104.6 112.1 121.1 123.6 123.3 123.4 123.8 123.7 123.3 124.6 124.5 121.4 117.8 115.6 112.9 116.8 119 119.1 116.8 113.6 112.3 110.9 108.1 106 105 104.5 104.8 105 105.2 104 100.1 97.5 94.4 90.2 88.2 86.3 84.3
160.2 156.1 150 146.9 142.5 140.7 134.8 127.2 108 117 131.7 139 148.8 151.8 151.6 154.4 156.8 156.2 152.3 148.6 145.8 146 144.9 143.6 142.1 142.2 144.9 148.7 149.3 143.2 141.1 135.3 134.9 130.7 123.3 114.6 110.4 114.3 117.9 123.5 129.7 122.6 115.6 108.7 107.8 108.1 107.6 107.3 100.8 108.2 116.3 117.8 119.7 121.8 122.6 122.2 121.8 122.5 123.3 122.6 120.9 117 113.6 115.7 117.6 116.8 113.7 112.3 111.6 109.7 106.9 104.1 103.8 103.7 103.7 103.7 104.5 104.1 100.4 98 94.7 90.5 87 84.8 82.9
160 156.6 150.7 146.7 142.9 135.7 131.9 114.3 106.1 127.1 134 141.7 149.3 151.1 151.6 153.6 156.4 153.9 152.3 145.8 143.9 144.9 142.8 141.2 141.2 143.7 145.7 147.8 147.8 141.9 137.9 133.1 129.3 129.6 125.4 120.9 112.4 105.9 110.5 118 125.7 117.4 112.3 105.4 106 107.2 106.2 107.3 100.5 101.9 112.9 113.7 118.2 121.2 121.4 121.1 120.8 121.5 122.3 121.9 120.6 116.7 112.2 114.6 115.3 113.6 110.1 110.6 110.4 108.4 105.9 103.4 103.3 103.5 103.6 102.1 103.4 104.1 101 98 95.5 89.3 85.5 83.1 80.7
160 158.8 152.3 146.9 140.4 133.2 128.2 104.4 121.4 130 139.9 143.4 147 148.6 152.3 153.4 153.2 153.1 152.4 144.4 140.1 143.4 141.5 139 137.4 142.8 146.1 146.3 145.3 138.8 136.3 131.6 127.7 121.9 124.1 122.9 118.1 112.7 101.5 109.6 121.2 113.8 111.3 106.5 105 105.1 104.2 106.9 102.5 100.7 109.3 118.8 121.8 122.2 121.8 120.9 120.5 119.9 120.8 120.2 119.3 115.5 109.5 111.4 113.1 110.5 107 107.4 108 107.6 107.3 106.6 103.3 102.9 102.6 100.9 102 104.1 101.4 98.5 92.8 87.5 84 81.3 78.9
159.3 157.4 151.8 144.2 139.5 130.9 118.1 105.8 124.1 132 135.4 141.5 143 145.2 150 151.3 150.8 148.3 147.9 142.1 138 143.8 142 137.9 133.9 141.4 149.7 146.5 140 133.5 134.2 130.9 126.4 120.9 118.4 119.8 117.6 114.1 105.9 104.1 116.7 110.7 109.7 110.9 105 105.1 108.1 110.3 107.7 99.4 109.1 120 122.8 121.5 121.5 120.7 121.3 119.9 117.8 117.6 115.8 111.8 107.1 108.7 108.9 108.1 106 105.5 105.3 106 108.5 108.2 105.8 102.7 102.6 100.9 101.2 102.2 100.6 97.1 90.7 85.4 82.3 79.7 77.9
157.7 155 148.7 142.7 137.4 131 108.3 108 122.2 131.5 134.1 139 139.5 140.6 142.5 144.6 146.1 140.8 138.1 135.3 134.2 136.1 138.4 133.3 131.4 136.6 140.9 140.2 134.9 129.2 127.7 126.7 122.3 119.1 114.5 116.6 114.4 110.2 102.5 100.9 110.1 107.9 105.7 106.9 105 105.6 118.3 115.7 104.2 98.2 108.4 118 121.1 121.3 122.3 121.2 122.2 118.2 115.8 114.2 111.6 108.7 104.6 106.9 107.9 106.9 104.2 102 100.6 101.1 104.9 106.4 105.3 103.4 102.2 101.5 99.9 99.2 98.6 94.9 89.5 84.2 80.8 77.9 76.3
155.6 151.9 146.8 141.9 137 128.6 101.7 108.9 121.7 127.4 131.5 138.1 138.4 138.9 138.4 138.6 137.8 134.4 131.6 127.9 127.7 130 131 131.7 127.5 131.7 131.5 130.7 128 124.8 125 121.8 118.4 113.7 111.5 112.6 111.5 102.8 98.8 100.5 107.7 113.5 104.8 106.7 108.9 114 114.4 106.4 94.2 98.3 106.8 118.4 124.6 126.6 125.3 125.7 120.9 117 113.8 111.9 110.4 106.3 102 104.7 106.3 105.3 102.7 98.7 94.6 95.3 98.9 103 102.1 101.2 102.8 104.6 102.5 98.3 92.7 92.4 87.9 83.3 79 77.1 73.5
152 147.2 144.1 140.6 133.3 125.7 106 104.9 117.2 124.5 132.1 136.5 133.4 135 135.4 135.8 132.5 128.3 125.1 122.3 124 124.7 125.1 124.7 122.2 126 125.5 124.1 121.9 120.9 121.4 118 116.2 112.7 108.8 108.7 109.6 99.3 91.6 104.9 114.2 118.3 110.8 107.5 100.6 99 98.5 97.1 92 106 114.4 123.3 128.6 132.6 130.8 127.7 121.7 118 114.2 111.7 108.5 104.4 100.8 99.8 101.3 102.1 99.3 96.7 92.3 91.7 95.7 100.2 99.9 99.7 102.8 104.9 101 96.9 94 91 83.3 81.4 78.2 74.4 71.5
144.5 140.8 143.4 137.7 132.2 122.2 103.8 103.6 110.9 122.4 126.5 127.7 129.4 129.7 131 132.1 129.7 124.8 119.8 118.7 122.4 122.9 119.7 119.4 119.7 119.9 118.8 117.5 117.1 118.1 119.4 117.9 116.1 112 102.7 103.9 102.6 95.8 91.9 101.4 108.6 111.8 109.9 104.3 94.5 94.5 96.9 92.2 98 112.2 112.8 118.8 125.3 133.1 133.7 129.2 123.3 119.5 115.4 109.9 105.9 103.6 100.8 98.2 93.2 94 96.8 95.8 93 87.1 91 97.4 99 97.9 101 102.8 98.6 94.7 91.5 89.1 85.1 80.5 72.8 71 71.5
141.9 137.5 140.2 135.3 131.4 122.2 105.3 101.8 106.1 117.4 120.9 121.3 122.7 123.4 124.2 124.4 122.6 120.7 118 116.3 118.8 119.1 117.1 114.5 115.6 116.3 115.3 114.8 114 112.6 114.6 114.9 110.4 105.7 97.2 95.3 91.2 89.7 89.4 94.4 100 103.3 101.9 93.9 90.5 91.8 93.4 90.9 98.7 104 107.3 114.7 123.5 133.5 132.9 128.3 123.9 119.7 115.4 110.7 107.3 104.8 101.9 100.7 97.5 94.3 89.8 93.1 91.5 83.5 86.3 91.9 96.1 95.3 99.8 98.3 96.3 92.7 89.6 88.1 83.4 79 70.6 65.2 69.4
143.3 139 136.1 134 131.6 119.9 106.2 101.3 103.4 112.5 117.3 118.3 119.1 118.6 118.1 117.2 116.5 116.1 114.6 115 113.2 112.6 111.6 112.4 114.3 114.5 114.5 113.5 113.5 108.7 103.9 104.4 100.1 94.6 86.8 83.7 81.2 82.3 84 83.9 85.4 91.1 91.2 88.4 88.1 88.9 91.5 88.9 89.6 99.4 104.2 113.7 124.3 132.8 132.6 128 125.7 122.1 116.8 113.8 110.1 105.4 102.2 101 98.3 94.1 88.7 88.4 88.7 86.2 81.3 87.3 92.1 92 93.3 93.5 93.2 90.8 88.1 85.5 82.9 77.4 73.2 68 61.8
142.2 139.2 138.8 135.7 128 115.9 108.8 101 103 108.4 113.2 117.1 116.5 116.9 116.1 115.6 115.1 115.5 116.1 115.5 113.9 111.2 106.1 112.7 112.3 111.5 111.3 107.3 105.5 100.6 96.5 94.2 91.2 87.6 85.1 81.4 89.8 88.6 85.7 81.3 81.8 80.3 82.4 85 84.2 87.3 90.1 87.3 90.3 93.9 100.1 113.4 124.8 131.2 133 131 128.4 123.5 121.8 120.6 114.8 108.8 101.9 99.7 95.4 90.1 86.5 82.8 84.1 82.5 78.4 82.3 84.3 85.9 88.2 89.8 88.9 87.7 86.2 83 78.4 73.9 70.3 69.9 66.3
145.1 143.3 137.1 135 127.3 116.2 110.1 100.3 102 104.6 112.2 116.1 117.8 116.5 116.5 116.3 115.8 116.4 116.6 116.2 114 109.7 102.5 109.9 110.6 107.1 103 99.1 97 94 91.2 87.3 85.7 85 82.3 92.8 92.7 93.9 90.3 89.7 82.3 80.9 80.2 82.9 84.2 85.4 86 85.8 88.7 91.2 97 107.5 116.3 125.4 132.1 130.8 126.3 122.3 120.3 117.5 113.5 107.6 103.2 98.5 96.4 91.8 85.4 82.7 78.9 79.5 73.1 74.9 76.4 80.8 86.6 91.5 88.2 86.6 83.5 80.9 77.2 75.8 75.6 72 72.3
149.7 145.3 137.8 133 125.9 118.5 110.4 101.4 100.1 100.6 109.1 115.7 118.5 118.3 117.2 116.3 115 113.4 112.7 114.8 111.8 107.3 100.5 104.9 103.2 99.2 95.9 94.2 91.5 88.6 87.3 86.4 84.6 88.9 89.6 95.4 95.6 94.8 95.4 93.3 90.5 82.9 80.1 79.9 82 84.6 84.8 86.3 87.8 90.6 95.4 102.1 115.5 125.4 130 127.4 124.6 121.8 118.9 114.8 109.8 104.1 102.8 101.9 96 86.8 82.7 79.8 78.4 76 71.6 72.4 79.6 85.6 88.6 88.2 86.8 84.6 80.9 78.7 76.7 75.5 74.2 72.7 71.2
151.9 145.8 139.5 130.9 126.4 120.3 112 102.9 100.5 98.7 105.8 110.4 115.7 116.7 114.9 111.1 106 105 104.5 106.8 107.9 107.2 102.5 98.9 97.4 92.4 91 90.5 89 87.9 86.4 90.6 89.2 91.6 91.4 96.5 98.3 96.4 93.8 92.9 91 89.7 79.9 77.1 80.5 82.8 83.8 86.3 87.4 88.5 92.4 98.4 112.1 121.1 126.7 125 125.8 122.6 118.5 115.2 111.5 108.6 106.6 102.9 97.2 86.9 81.6 79 76.1 75.9 73.2 70.2 75.5 82.8 85.9 86.6 85.1 83.2 79.5 76.1 75.5 75.5 74.6 73 67.5
149.4 146 145.9 138.9 130.6 121.4 115.3 107.8 100.1 99.9 98.2 107.8 108.4 107.6 106.3 104.4 103.9 103.4 102.4 101.8 102.4 98.8 96.1 94.1 92 90.7 89.9 88.8 88.3 87.6 91.1 89.3 91.2 89.7 89.7 94.1 98.1 98.3 93.6 91.4 89.7 90.6 80.8 77.1 78 80.4 80.7 85 86 86.7 89.7 95.9 102.8 111 115.9 122.2 127.3 123 120.5 116.5 115 112.4 109.7 103.4 95.7 88.7 82.9 78.4 72 77.7 75.3 71.9 67 77.2 78.3 81.1 82.5 79.4 75.7 73.9 73.1 74.3 74.2 69.1 53.2
148.8 147.7 146.8 142 130.3 123.3 115.6 108.4 101 100.2 98.4 103.9 105.4 104.8 103.9 103.4 102.4 101.3 99 96.2 92.2 92.5 92.5 91.4 91.4 90.4 89.1 88.3 90.2 91.7 89.1 90.3 89.4 89 89.2 93.1 97.4 97.9 91.6 90.5 89.4 89.4 88.4 75.7 75.9 76 76.4 84.2 84.5 85.3 88.5 94.1 101.3 111.9 117.4 121.7 123.3 118.5 116.4 112.6 113.8 112.3 104.9 99.4 95 87.5 81.8 77.5 71.3 76 75.3 74.1 67.9 74.5 74.7 75 76.4 75.3 71.3 68.8 64.1 67.9 60 52.4 41.2
152.3 149.7 148.7 144.7 132 123.9 117.7 110.4 102.2 99.5 98 98.8 99.7 101.4 101 100.7 99.3 95.7 92.7 91.6 90.9 90.9 91.2 91.2 91.4 88.5 89.7 89.4 91.6 91 90 89.5 89.1 89.7 90 92.8 94.8 94.6 90.7 90.5 88.6 85.4 86.1 82.8 81.2 77.1 75.5 82.5 83.2 84.2 86.7 92.5 98.8 106.3 113.4 116.2 118.1 119.8 112.1 111.3 109.4 100.4 95.1 95.4 92.9 86.5 82.7 79.9 68.5 78.1 74.8 73.6 67.8 70.4 73.3 72.7 72.2 70.3 67.7 55.3 51.3 48.5 45.1 38.5 40.2
162.9 153.6 148.2 143 135.6 124.8 118.5 114 105.8 101.8 98.5 96.4 97.5 97.2 96.1 95.6 94.9 93.8 92.6 91.3 91.3 88.8 93.5 92.9 94 93.3 93.2 93.1 92.1 91.1 90 90.4 91.4 92.2 94.4 96.9 98.8 96.8 90.4 88.4 84.7 82.5 83.4 82.2 79.9 80.7 74.8 76.8 80.8 82.7 84.5 89.4 95.3 102.4 110 114.9 118.2 116 115.1 108 100.1 94.1 93.5 93.8 92.7 86.1 81.1 76.8 71 65.7 70.5 67.9 71.4 63.3 72.3 72.4 69.3 70.4 60 46.6 44.1 40 39.6 39.9 41.1
164.4 153.5 154 147.5 134.7 124.6 119.5 114.9 112.2 105.1 102.3 98.8 96.5 95.6 95.6 93 94.5 93.5 91.4 91.6 91.6 94 95.4 96.2 95.9 95.5 95.2 96.9 96 93.7 94.1 97.4 100.3 98.5 100 100.1 99.1 94 90.2 87.3 84 84.3 84.5 84.6 85.4 83.6 72.7 74.4 75.7 77.3 79.9 84.6 91.6 98.6 103 108.1 112.5 112.3 114.8 110.7 94.6 94.4 93.3 94.5 92.1 86.7 81.4 79.4 76.2 71.7 75.7 71.1 58.3 60.5 72.8 72.8 66.2 56.4 48.5 41.8 40.2 40.5 39.9 39.6 46.6
164.4 154.2 149.2 138.6 134.5 125 120 117.5 115.1 110.5 105.9 101 95.2 95 93.5 91.8 95.2 95.7 95 95.6 97.1 98.2 97.7 99.8 100.1 102.9 106.1 104.2 105.4 103.5 102.9 102.5 102.4 100 97.8 96.9 95.4 92.9 89.3 86.3 84.1 85.2 86.2 88.1 92.1 92.5 84 74 72.3 72.8 71.3 74.4 87.6 94.1 99.2 104.4 107.2 108.4 110.7 106.7 95.8 96.4 93.6 92.1 89.8 87.7 84 80.1 76.1 73.7 74.7 73.4 72 57.9 57.6 66 52.3 48.1 43.2 42.3 41.8 41.2 41 42.2 51.9
161.8 155.2 147.3 141.4 136.4 133.7 126.6 122.8 119.8 113.3 111.7 103.3 101.3 100.3 99.9 101 100.4 99.8 102.5 102.4 103.6 102.9 101.7 103.3 103.9 109.3 114.6 109.7 113.6 112.4 105.5 102.3 101.6 96.4 92.6 92.1 92.4 91.8 88.1 85.7 85.4 86 87.7 93.1 101.2 100.6 98.4 89.1 82.6 81.1 72.3 71.5 82.4 90.2 96.3 101.6 104.3 105.9 105.8 103 96.4 93.1 93 90.1 88 85.3 82.3 77.6 74.9 74.8 74.5 73.9 73.9 72.3 62.3 47.9 44.9 43.2 41.8 41.6 42.3 42.7 42.2 48 70.5
158.7 154.5 149.5 146.1 140.6 138.3 134.2 128.1 122.7 121.7 118.4 112.5 104.6 107.4 109.9 111 111.4 107.7 105.9 108.1 113.7 110.3 108.1 106.2 111.9 113 116.1 115 113.7 113.4 109.6 102.6 101 94.9 90.3 88.7 88 87.2 85.9 85.7 85.9 88.4 90 98.3 103 98.5 93.2 86.3 83 81.4 72.3 71.7 73.1 85 91.7 98.1 100.7 101.2 100.9 101.2 93.6 90 89.9 90.5 90.7 85.5 81.3 77.3 75.2 74.5 73.8 73.6 71 63.6 53.2 44.9 44.5 43 42 41.8 42.4 46.3 52 64.2 70.2
160 152.5 151.3 149.5 146.3 143.5 137.7 133.7 130.2 127.6 124.3 118.8 113.6 119.9 119.7 117.7 117.4 116 111.7 108.6 118.2 121.2 117.3 107.9 114.8 118.4 118.6 116 113.9 114 114 111.3 102.7 92.9 89.7 89.1 88.4 87.6 86.7 86.5 87.6 89.3 93.3 98.1 95.9 90.3 85.7 83.2 82.1 79.8 74.9 70.1 69.4 81.5 87.1 93.8 94.9 94.1 93.3 93.8 89.8 87.5 87.4 92.2 90.3 84.3 79.5 76.7 75.4 74.2 73.8 71.3 63 56.3 44.6 45.6 51.4 53.1 51.3 56.1 63.4 65.8 66.4 68.4 69.8
157.5 153.9 153.2 153.5 152.2 147.2 140.2 140.1 136.5 133.5 129.8 127.3 124 127.2 125.6 123.4 125.2 126.3 118.7 110.7 120.8 127.4 120.5 116.1 119.2 122 120.8 116.2 114.4 113.6 114.4 114.2 106.1 93.7 91.3 91.2 91.4 91.1 91.7 91.7 94.2 92.6 93.6 90.3 87.4 84.6 83.5 83.5 83.8 81.8 79.6 75.7 69.9 69.3 84.2 89.7 90.1 87.9 87.9 90.7 89 88 87 89.4 87.9 83.6 77.7 76.1 75.3 74.5 73.7 64.9 56 48.9 46.8 57.2 67.7 67.4 67.9 67.9 67.3 67.1 66.9 67.8 69.3
153.6 154.3 153.4 153.4 151.9 149.9 146.6 146.3 141.1 138.6 136.6 132.7 130.9 130.8 129.4 128.1 129.8 129.7 123.1 113.9 123.6 130.5 128.2 128.2 130.4 129.7 126.8 120.5 114.8 113.9 114.3 112 105.6 98.3 93.9 93 92.5 92 91.8 97.7 92.7 92.9 92.1 89.2 87.9 87.1 88.5 89.1 89.3 87.8 81.9 79.5 75.6 67.8 79.5 85.7 86 84.4 84.5 87.1 88.8 88.1 90.3 90.3 87.7 81.1 76.3 75.4 74.6 73.9 69.1 61.8 50.3 46 49.4 67.6 68.1 68 69 69.4 69 68.4 68 68.1 68.4
153.4 154.8 153.3 153.3 151.5 151.2 151.9 148 144.4 142.1 142.3 138.1 135.7 133.6 132.3 131.5 131.6 130.2 123.3 118.2 127.8 133 138.2 136.1 135.3 132.7 130.4 122.3 116.8 116 116.5 114.9 103.8 100.9 95 94.4 93.9 93.1 92.7 94.3 94.8 95.5 95.7 95.4 94.1 95.3 96 95.3 94.3 92.7 90.5 84.1 76.8 69.2 71.8 82.4 82.2 81.7 81.8 83.8 88 90.6 94.9 91.9 85.5 78.1 75.4 74.8 73.5 67.6 61 51.6 47 48.4 64.9 70 70.6 69.6 69.6 69.5 69.4 69.2 69.1 69.3 69.5
