app/static/ascii/NZ40.asc
ncols 200
nrows 200
xllcorner 440000
yllcorner 500000
cellsize 50
[rows 76 to 113 of 200, columns 0 to 85 of 200]
60.9 61.5 60.2 59.9 59.8 59.7 59.9 60.4 60.9 61.6 62.1 61.6 61.7 62 62.4 62.4 62 61.2 60.3 59.7 59.7 59.9 59.6 60.4 60.3 59 57.3 57.9 57.7 56.9 55.9 54.7 51.8 50.7 50.5 50.3 50.1 49.9 49.8 50.1 50.3 50.4 50.4 50.5 50.6 50.9 51.2 51.5 51.7 51.8 51.8 51.7 51.3 51.1 51.2 51.1 51.3 51.8 52.4 51.4 51.5 51.5 51.3 51.6 52.9 54.1 55.3 57.2 56.3 56.9 57.4 57.2 57 56.6 56.7 56.7 55.6 56.3 58.5 58.7 58.2 58.5 59.1 60.3 61 62.1
61.1 60.6 60.3 60.1 60.1 60 60 60.1 60.6 61.2 61.8 61.4 61.5 61.8 62.1 62 61.5 60.8 60 59.1 58.9 59.2 60 60 59.3 58.7 57.7 57.9 56.9 56.3 56.1 54.9 52.1 50.8 50.6 50.4 50.2 50 49.8 50.4 50.4 50.5 50.5 50.6 50.7 50.9 51.3 51.5 51.6 51.7 51.8 51.8 51.5 51.1 51.2 51.8 52.3 52.6 52.6 51.4 51.7 52.1 51.8 53 54.3 54.8 56.3 58.8 58 57.7 58 58.6 58.5 58.4 58.4 58.5 57.9 56.5 58.5 59.6 59.2 59.9 60.9 63 63.9 64.7
60.9 60.7 60.6 60.5 60.3 60.2 60.3 60.2 59.9 60.1 60.6 60.6 60.5 60.7 60.8 60.6 60.4 60.2 59.7 58.9 58.6 59.2 58.4 59 59 58.1 58.5 57 56.1 55.6 54.7 52.8 51.1 50.7 50.5 50.3 50.2 50 49.9 49.8 49.9 50.1 50.3 50.5 50.6 51.7 51.4 51.5 51.6 51.7 51.8 51.9 51.7 51 51.4 52.3 53.1 53.2 52.5 51.4 51.7 52.5 52.1 54.1 55.6 56.2 57.2 58.6 58.3 58.2 58.4 59.1 59.9 60 60 60 59.9 56.5 60.1 61.2 61.4 62.1 62.8 65.1 66.3 67.1
61.1 61.1 60.9 60.8 60.6 60.5 60.4 60.1 59.8 59.6 59.5 59.6 59.5 59.5 59.2 58.9 58.5 58.3 58.1 58 58.6 58.9 58.1 57.7 58.1 57.9 58.1 56.7 56.4 56.2 54.3 51.7 50.9 50.8 50.6 50.5 50.3 50.2 50.1 49.9 49.9 50.1 50.3 50.3 50.5 53.2 53.2 53.1 51.8 51.7 51.8 51.9 51.9 50.9 51.4 52.3 52.8 52.3 51.8 51.3 51.8 52.6 53.1 54.7 56.3 57.1 57.9 58.2 58.3 58.6 59.5 60.5 61.2 61.3 61.3 61.1 60.8 58.3 60.5 62.1 63.2 64.1 65.2 66.4 67.5 68.9
61.4 61.5 61.3 61.2 61 60.9 60.2 59.9 59.7 59.5 59.3 58.6 58.3 58.1 57.9 57.4 57.6 57.4 57.3 57.6 58.4 58.7 57.9 57.4 57.6 56.9 56.7 57.2 56.6 56.4 53.9 51.5 51.3 51.1 51 50.8 50.6 50.5 50.3 50.2 50 50.1 50.2 50.4 50.4 51.8 52.7 53 52.4 51.8 51.7 50.8 51 52.3 51.6 51.9 52 51.3 51.1 51.2 52 52.6 54.3 54.4 56 56.8 58.2 58.8 59.1 59.4 60.1 61.8 62.4 62.2 61.7 62.3 61.2 59.1 60.2 63 63.7 65.1 66.5 67.6 68.7 70
61.6 61.9 61.7 61.6 61.6 61.1 60.3 59.8 59.6 59.4 58.8 59.1 59.1 58 57.5 57.4 58 57.1 56.8 57.5 58.3 58.3 57.6 57.2 56.9 56.3 56.8 58.5 57.4 55.6 52.8 50.9 51.7 51.5 51.3 51.2 51 50.9 50.7 50.2 50.2 50.4 50.6 50.6 50.7 50.5 51.6 52.3 51 50.8 50.7 50.7 50.7 51 52.5 52.1 51.8 51.2 51.2 51.3 52.3 53.9 55.5 54.9 55.6 57.2 59.4 60.1 59.8 60.1 60.7 62.5 62.8 62.2 62.5 63.2 62.6 59.9 60.5 63.7 64.1 65.9 67.4 68.5 69.6 70.7
61.7 61.3 61.5 61.7 62 61.3 60.5 59.6 59.5 59 59.3 59.9 59.1 59.1 59 59.1 58.3 57.2 56.4 57.2 57.9 57.7 56.9 56.4 56.9 57.1 58.5 58 56.3 53.5 51.5 50.8 52 51.9 51.7 51.6 51.4 51 50.3 50.4 50.6 50.8 50.7 50.3 50.3 50.4 51.1 50.6 50.8 50.8 50.7 50.7 50.7 50.7 50.7 50.8 51.3 51.3 51.4 51.9 53.8 55.6 56.6 57.2 56.4 58.9 60.3 61.1 61.5 60.9 61.4 62.8 63.1 62.6 63.3 64 63.2 59.8 61.7 63.6 64.4 66.5 67.9 69 70.1 70.6
61.3 60.7 61.5 61.4 61.2 60 58.9 58.3 58 58 59.1 59.8 58.6 60.9 60.7 59 58 56.7 56.6 57 56.6 56.1 55.6 56.3 57 58.1 58.7 57 54.1 51.7 51.8 51.7 52.4 52.3 52.1 51.8 51.1 50.4 50.5 50.7 50.8 50.8 50.1 50.1 50.2 50.2 50.3 50.6 50.8 50.8 50.8 50.7 50.7 50.7 50.7 51 52.1 51.7 52.1 52.5 54.3 56.3 58 58.7 57.9 59.3 61.2 62 62.9 62.6 62 62.9 63.5 63.4 63.4 64.3 63.2 59.3 62 64.2 65 66.8 68.5 69.6 70.5 71
61.2 60.3 60.6 60.4 60.3 59 57.9 58.2 58.4 59 59.7 59.3 58.3 59.9 59.3 57.8 56.8 56.5 56.9 56.9 55.9 55.6 55.4 55.9 56.5 57.8 57.1 55.2 53.1 51.5 51 52.3 52.7 52.6 51.9 51.2 50.5 50.7 50.8 50.8 50.7 50.7 50.1 50.2 50.4 50.5 50.3 50.5 50.7 50.8 50.8 50.8 50.8 50.7 50.9 52.6 52.8 52.4 52.9 53.2 54.3 56.4 58.4 60.1 60.1 58.9 61.2 62.5 63.3 62.9 62.7 64.1 64.5 64.4 64.2 62.7 61.5 60.1 61.6 64.7 65.9 67.1 68.8 70.1 70.9 71
63.3 61.7 59.6 59.6 59.8 58.8 58.8 59.9 59.8 59.3 58.5 58.2 57.5 57.6 57.9 57.5 56.7 57.2 57.7 56.1 56 55.7 55.5 55.6 56 57.1 56.4 55.2 53.7 52.8 51.3 51.5 52.4 52 51.2 50.6 50.8 50.7 50.7 50.6 50.6 50.5 50.2 50.4 50.6 50.8 50.6 50.5 50.7 50.7 50.8 50.8 50.8 51.4 53.5 54.2 53.4 52.8 53.6 54.2 55.4 57.3 59.4 61.4 61.6 60.8 60.9 62.4 62.6 62.7 63.2 64.8 65 64.1 61.9 60.6 60.6 61.6 62.1 65.3 67.6 68.4 69.1 70.6 71 71
63.6 62.1 59.2 60.2 60.5 59.5 58.8 60.1 60.9 60.9 59.6 58.2 58.6 57.8 56.8 56.9 57.5 57.6 57.7 56.8 56.3 56.1 56.1 57.1 56.1 56.3 55.4 54 52.6 51.8 51.4 51.4 51.3 51 50.7 50.7 50.6 50.6 50.5 50.5 50.4 50.4 50.2 50.4 50.6 50.8 50.8 50.5 50.6 50.7 50.7 50.7 50.9 52.7 54.7 54.6 53.7 53.6 54.7 55.8 57.3 59.2 61 62.6 62.9 63.2 61.9 61.5 62.1 62.3 63.4 65 64.9 63.3 61.1 60.8 62.7 63.8 62.9 66.1 67.7 68.8 69.9 71.1 71.1 71.1
61.8 60.6 59.2 60.1 60.3 59.2 59.3 60.1 61.1 62.4 61.8 61.2 60.7 59.6 58.6 58.4 58.3 58.1 58 58.2 57.7 57.2 57.4 57.7 56.7 55 54.4 54 53.3 52.2 51 51.3 52 52 50.6 50.6 50.5 50.5 50.4 50.4 50.4 50.4 50.3 50.4 50.6 50.8 50.8 50.6 50.6 50.7 50.8 50.9 51.3 52.5 53.7 54.1 55.3 56.2 57.2 58 59 60.7 62.5 63.4 63.6 63.7 62.7 62.3 61.8 62.2 62.9 64.5 64.2 62.2 61 61.9 62.5 63.2 64 67.8 69.1 70.9 71.7 71.5 71.9 71.9
59.4 58.3 59.5 60.7 61.6 60.5 59.6 60.2 61.1 62.2 63.7 63.5 61.8 60.6 59.6 59.1 58.4 58.2 57.7 58.6 58.9 58.8 58 57.2 56.4 55.6 54.8 54.6 53.6 51.5 50.9 51.2 51.9 51.6 50.6 50.5 50.5 50.4 50.4 50.4 50.5 50.5 50.4 50.3 50.5 50.7 50.7 50.8 51.2 50.9 51 51.2 51.8 53.2 54.5 55.2 57 58.5 59.9 60.2 61.1 62.2 63.5 64.1 64.2 64.2 64.1 64 63.3 63.2 63.4 63.4 62.4 62.4 61.6 62.5 62.8 64.1 65 67.7 71.2 72.5 71.6 71.8 72.3 72.5
57.8 58.4 59.6 60.7 61.1 60.8 60.4 59.9 59.6 62.6 64.8 64.1 61.8 60.6 60.2 60 59.1 58.3 57.4 57.1 57.6 58.4 57.1 56.8 55.5 54.8 54.6 53.9 51.8 50.9 50.9 51.1 50.7 50.6 50.5 50.5 50.5 50.5 50.5 50.5 50.5 50.5 50.5 50.3 50.5 50.7 50.7 51.6 52.1 51.6 51.5 52 52.8 54.1 55.3 56.8 58.8 60.3 61.6 62.2 63.2 63.8 63.9 64.7 64.6 64.6 64.5 64.5 64.6 64.5 64.4 64.2 62.8 62.7 63.6 63.7 64.9 66.1 66.8 69.1 71.8 73.3 72.7 72.3 72 72.6
57.8 58.8 59.8 60.6 60.6 60.5 60.1 59.8 59.4 62.6 65 64.3 61.8 61.2 61 60.8 60 58.9 57.2 56.1 56.6 57.5 56.8 56.4 54.6 54.8 54 52.9 51.6 50.9 51.5 51.8 51.5 51.2 50.5 50.5 50.6 50.6 50.6 50.6 50.6 50.6 50.5 50.4 50.5 50.6 51.2 52.4 53.2 52.9 52.6 53.3 54.2 55.9 57.6 59.1 60.6 61.9 62.6 63.6 63.9 63.8 64.2 64.9 64.9 64.9 64.9 64.9 65.3 64.9 64.2 64.4 64.7 65.2 66.2 65.9 67.3 68 68.6 69.8 71.8 74.1 73.8 72.2 71.9 72.7
58.2 59.3 60.4 60.1 59.8 60.5 60.2 59.8 59.4 62.4 63.7 62.4 60.4 60.5 61 61.4 60.2 58.8 57 56.2 56.4 56.6 56.3 55.2 54 52.9 51.8 50.9 51.3 52.1 52.3 52.9 52.7 51.4 50.5 50.6 50.6 50.6 50.6 50.7 50.7 50.7 50.6 50.5 50.7 51.1 53.1 53.6 53.8 53.9 54.1 55 55.8 57.2 59.3 60.4 60.3 62.2 63.3 64.5 64.7 63.8 64.7 65.2 65.2 65.2 65.3 65.5 65.5 65.3 64.7 64.1 65.3 66.5 67.7 68.3 69.1 69.7 70.2 70.6 71.9 72.4 72.1 71.9 71.4 72.3
58.5 59.9 60 59.7 59.3 60.4 60.3 59.8 59.4 60.9 60.6 60.4 59.8 59.6 59.9 60.2 59.4 57.9 56.5 56.3 56.2 56.6 56.7 56.2 53.7 52.5 52.8 50.4 51.1 52.1 52.7 52.9 52.9 51.4 50.5 50.5 50.6 50.7 50.7 50.7 50.7 50.8 50.7 50.8 51.6 52.8 53.9 54.1 54.3 54.6 55.9 56.9 57.7 59.3 60.8 61.8 62.3 61.8 64.1 65.4 65.3 64.4 64.7 65.1 65.2 65.3 65.8 65.9 65.1 64.4 64.3 65.2 66.4 66.9 68.5 69.8 70.4 70.9 71.3 71.4 72.2 70.5 70.4 71 71.2 72.2
58.9 60 59.7 59.3 59 59.7 60.4 59.3 59.1 59.9 60 60.7 60.6 60 60 59.6 58.8 57.5 56.7 56.3 56.2 56.4 55.4 54.6 54.6 53.5 52.8 51 51.1 51.9 52.3 52.5 52.7 51.4 50.5 50.5 50.5 50.6 50.7 50.8 50.8 50.8 50.8 51.7 52.7 53.8 54.5 54.8 55.2 55.8 57.3 59.1 60.5 61.6 62.3 62.8 63.3 63 64.6 65.7 66.2 65.1 64.5 64.8 65 65.5 65.9 64.7 64.6 65.3 66 66.8 67.9 67.6 68.2 70.5 71.2 71.9 72.5 71.6 71.6 70.2 70.3 70.9 71.2 72.2
59.1 59.6 59.7 59.4 59.3 59 58.7 58.8 58.9 59.1 59.7 60.4 61.1 60.8 61 60.7 60.6 59.4 58.3 57.6 56.7 55.9 55.5 55.6 55.7 53.2 50.7 50.7 51.1 51.3 51.9 52 51.7 51.4 50.5 50.5 50.6 50.6 50.7 50.7 50.8 50.9 51.9 53.1 54.1 54.7 56.1 56 56.1 57.2 59.2 61 62.4 63 63.4 63.9 64.2 64.1 64.2 65.1 66.4 66.4 66 66 66.2 66.1 65.4 65.1 66.3 67.1 67.8 68.5 69.3 69.3 69.4 70.6 71.4 71.9 72.3 71.4 70.9 70.5 70.5 70.8 71.4 72.2
58.9 59.2 59.7 59.6 59.5 59.2 58.4 58.2 58 58.9 59.5 60.2 60.9 61.5 61.7 62.1 62.3 60.5 59.4 58.6 57.6 56.6 56.2 56.3 56.5 53.8 50.9 50.3 50.6 50.8 51.1 51.2 50.9 50.6 50.6 50.5 50.5 50.6 50.6 50.9 51.1 52.3 53.4 54.2 54.9 55.6 56.8 57 56.8 58.8 61.4 62.8 63.6 64.2 64.4 64.8 65.2 65.3 65.3 65.2 65.6 66.4 66.6 66.6 66.3 65.6 65.2 66.7 68 68.8 69.5 70.2 70.3 70.2 71.4 69.9 71.3 71.7 71.9 71.9 70.8 70.8 70.8 71.1 71.6 72.2
58.1 59.2 60.1 60.3 59.7 58.5 58 57.9 58.2 58.7 59.4 60 61.1 62.2 62.9 62.7 62 59.5 59.3 59.5 58.6 57.5 56.5 57 55.6 53.5 51.8 50.4 50.3 50.5 50.6 50.9 51.6 52.2 52.1 51.1 50.5 50.5 51.2 51.8 53.3 54.7 55.5 55.7 55.9 56.3 57 57.5 57.5 60 62.9 63.8 64.6 65 65.2 65.6 66 66.2 66 66 65.7 66.4 66.9 66.6 66.2 65.2 66.7 68.3 69.6 70.1 70.5 71 71.5 71.4 72.2 71.8 70.2 71.6 71.9 71.9 71.7 71.3 71.2 72 72.8 72.7
56.4 57.2 58.5 61 60.8 59.3 58 58.1 58.3 58.9 60.1 61.1 62.2 63.7 63.5 62.9 60.9 58.8 58.7 59.5 59.5 58.3 57.1 56.8 55.1 53.9 52.4 50.5 50.2 50.3 50.7 51.7 52.9 53.9 53.3 52.1 51 50.9 51.5 53.4 55.4 56.6 56.7 56.4 56.7 56.9 57.3 58 58.3 61.2 63.8 64.7 65.3 65.8 66 66.4 66.8 66.8 66.7 66.3 66.5 67.5 68.3 68.3 67.4 66.6 68.2 69.9 70.6 71.1 71.5 71.9 72.4 72.7 73.1 71.4 69.6 71.3 71.9 72 72.5 72.9 72.9 72.9 73.4 73.1
56.4 55.8 57 59 60.5 59.8 58.7 58.3 58.8 59.7 61.2 62.2 63 64.4 63.8 61.9 59.9 58.4 58 58.7 58.7 57.7 56.8 55.4 54.8 54.2 52.8 51.2 50.2 50.6 51 52.6 53.4 53.5 52.8 51.5 51.4 51.7 52.1 53.9 55.4 56.8 57.4 57.3 57.3 57.7 57.9 58.3 59.4 62 64.3 64.8 65.6 66.3 66.9 67.2 67.4 67.2 66.9 66.7 67.5 68.3 69.2 69.5 68.8 68.1 69.8 70.8 71.5 72.2 72.6 73 73.4 73.3 73.1 71 69.8 71.1 71.8 71.7 71.8 73.5 73.6 73.9 74.1 74.6
57.1 56.7 56.7 57.2 58.4 58.5 59.2 59.5 59.6 60.9 62.4 62.7 63.5 63.8 63.2 61.4 59.5 58.4 57.3 57.9 57.9 56.8 55.8 53.9 52.9 52.9 51.6 50.4 50.8 51.9 52.6 52.4 53.6 53.2 52.2 51.9 52.3 52.7 53.6 54.6 55.5 56.9 57.5 58.2 57.9 58.3 58.6 58.9 59.9 62 63.9 64.7 65.4 65.7 66.6 67.5 68 68.1 68 67.9 68.4 69.2 69.6 69.4 70.1 69.7 71 71.7 72.5 73.2 73.7 74.1 73.8 73 72.1 70.2 69.6 69.9 71.6 71.4 71.7 73.8 74.2 74.4 75.1 75.9
57.2 57.6 57.7 57.9 57.9 58 59.9 60.7 61.1 62.3 63.4 63.7 63.9 63.3 62.5 60.6 59.4 58.6 57.5 56.7 56.5 55.4 54.3 52.7 52.1 51.3 50.5 50.8 51.6 52.7 53.1 52.8 52.6 51.8 51.6 52.8 53.4 54.3 55.2 55.3 55.6 57 57.6 58.3 58.8 58.8 59.2 59.6 60.1 61.8 63.4 64.4 65.2 64.9 66.2 67.4 68.2 68.1 68.7 69.2 69.6 70.1 69.9 69.6 70.4 71.2 71.9 72.7 73.4 74.1 74.5 74 73 72.3 71.2 69.8 69.8 70 70.8 71.6 72.9 74.2 74.8 75.2 76 76.7
57.3 57.8 57.9 57.8 57.8 57.9 59.6 61.8 63.1 63.3 64.4 64.2 63.8 63.1 61.6 60 59.2 58.4 57.6 56.8 56.6 54 53.1 52.2 51.3 50.6 50.2 50.3 50.9 53.2 53.8 53.4 52.1 51.7 52.1 53.7 55 55.9 56.9 56 55.9 57.1 57.7 58.4 59 59.4 59.8 60.4 61.1 61.7 63 63.9 64.4 64.8 66.4 67.3 68.6 68.5 68.4 69.6 70.3 71 70.4 70 70 71 72.1 73.3 74.1 74.5 74.2 72.8 73 72.5 71.3 70.5 70.1 70.5 72 72.7 74.3 75.4 75.7 75.7 76.6 77.3
57.6 58 58 57.8 57.7 58.3 60.4 62.7 63.3 63.7 64.6 64.2 63.8 62.3 61.1 60.3 59.7 59 58.3 57.6 55.9 53.8 53.3 53 51.3 50.1 50.3 51.5 52.9 54.4 54.8 53.5 52.7 52.5 53.3 54.8 56 57.3 57.6 56.7 56.7 57.2 57.8 58.5 59.2 59.9 60.3 60.6 61.1 61.7 62.2 62.7 63.9 65.8 66.8 67.8 68.5 69 70 71.1 71.5 71.9 71.9 71.1 71 71.3 72.4 73.9 73.9 74.6 74 73 72.2 71.6 71.5 71.3 71 70.9 72.7 73.6 74.7 75.8 76.9 77 77.2 77.3
58.3 58.7 59.5 59.6 59.2 58.4 61.8 64 63.4 63.8 64.5 64.2 63.9 63.3 62.3 61.4 60.7 60 59.1 58 56.1 54.5 53 52.5 50.2 50.3 50.6 51.1 52.1 53.4 54.4 53.5 53.4 53.5 54.7 55.9 56.7 57 57.3 57.5 57.4 57.6 58.6 59.3 59.9 60.5 61.2 61.3 61.4 61.4 61.5 63.1 66 67.3 68 69 69.9 71 71.8 72.1 72.5 72.9 73.3 73 72.6 72.3 73.2 74.7 74.1 73.4 73.8 73.3 72.4 71.8 71.8 71.7 71.3 71 73.2 73.5 75 76.1 77.3 78.5 77.7 77.7
59.3 59.8 60.5 61.8 61.1 59 61.3 63.7 63.3 63.7 64.1 63.7 63.2 63.8 63.5 62.6 61.7 60.7 59.6 58.4 57 55.2 52.6 50.7 50.4 50.9 51.7 52.3 52.2 52.3 52.7 53.3 53.2 53.4 54.6 56 56.7 57.6 58.7 58.8 58.4 58.9 59.4 59.9 60.4 61 61.8 62.3 62.3 62.4 62.9 65.5 68 69 70 71 71.5 72 72.7 73.3 73.2 73.6 74 74.1 73.9 73.6 73.3 73.3 73.3 73.3 73.3 73.7 72.8 72.2 72.2 73.2 73.4 73 73.3 74 75.9 76.6 77.7 78.1 77.8 78.2
60.2 60.8 61.3 62.9 62.7 61.2 60 62.8 63.3 63.6 63.2 63 62.5 63.1 63.7 63.7 62.8 62.1 61.2 59.5 57.1 54.5 52.6 49.7 50.6 52 53.8 54.5 53.9 54.2 55.5 54.8 54.4 54.3 54.4 56.1 57.1 58.5 59.7 60.3 60.4 59.8 60.3 60.6 60.9 61.6 62.4 63.2 63.3 63.4 64.4 67.1 68.8 69.9 71 72 72.6 73.1 73.7 74.3 74.6 74.3 74.7 74.9 74.6 74.2 73.4 73.3 73.8 73.7 74 74.6 74.7 74.4 75 75.8 76 74.6 73.9 74.7 77.2 77.8 78.3 78.5 78.1 78
61.3 62 61.8 63.1 62.7 61.9 60.6 62.7 63.2 62.8 62.2 61.8 61.9 62.3 62.8 63.3 62.2 61.4 60.3 57.9 55.4 53.1 52.1 51.3 52.5 53.8 54.6 55.8 56.4 56.9 57.9 57.6 56.8 56.3 55.8 56.5 58 59.4 61.2 62.8 62.7 61.7 61.8 62.3 62.9 63.4 63.7 63.8 64.2 64.5 65.2 68 69.6 70.7 71.9 72.9 73.6 74.1 74.8 75.4 76 75.9 76.1 75.2 75 74.7 74.6 75 74.6 74.5 75.2 75.9 76.7 77.4 78 78 77.8 76 74.9 75.5 78.3 78.8 79.2 79.6 78.8 78.3
62.4 62.2 62.2 61.6 61.8 61.6 62.3 62.8 62.8 62 61.3 60.6 60.5 60.9 61.4 61.9 61.2 60.9 59.5 56.4 53.8 51.7 50 52.3 54.2 54.9 55.4 56.2 57.1 58.5 59.6 60.1 59.1 57.7 57.2 57.3 58.6 60.4 62.5 63.8 63.8 62.8 63.3 64.5 65.4 65.7 66 66.4 65.8 65.7 66.4 68.7 70.4 71.6 72.7 73.8 74.6 75.3 76.1 76.7 77.1 77.5 76.6 75.7 75.9 76.1 76.2 76.8 75.8 75.4 76.2 77.2 78.1 78.7 79.1 78.9 78.1 77 75.9 75.6 77.8 78.8 79.1 79.1 79.8 78.9
60.4 60 60.2 60.1 61.3 61.6 61.8 61.1 60.9 61.1 60.5 59.7 59.2 59.5 60 60.4 60.4 60.2 59.1 56.1 53.1 51.5 50.6 53.4 54.7 55.6 56.2 57 58.6 60 60.6 60.9 60.6 60.2 59.3 58.7 60 61.8 62.9 63.7 64.7 64.1 64.7 66.2 66.9 67.1 67.6 68.1 68.6 67.9 67.9 70.2 71.2 72.4 73.6 74.6 75.1 75.9 76.8 77.5 77.6 77.3 76.9 76.8 76.7 77 77.2 76.4 76 76.3 77.8 78.6 79.5 79.4 79.3 79.1 78 77.1 76.3 75.5 76.5 77.3 77.9 78.7 79.4 79.3
58.3 57.9 57.6 58.6 60.3 60.9 60.9 60.5 60.5 60.1 59.6 58.8 57.8 58.2 58.6 58.5 58.4 58.4 57.2 55.8 53.2 53.1 51.3 53.3 55.2 56.3 57 58.6 60.1 61 61.6 61.7 61.8 62.6 61.5 60.4 61.7 63.3 64.7 65 65.4 65.5 66.1 67.6 68.2 68.3 68.7 69.2 69.7 70.2 69.8 71.4 72.3 73.3 74.4 74.8 75.4 76.1 76.5 76.7 76.5 76.3 76.1 76.1 76 77 77.2 76.8 76.6 77.1 79 80.2 80.4 80.1 79.8 79.1 77.9 76.7 75.8 76.2 76.5 76.4 77.2 78.5 79.3 79
56.1 55.7 55.3 56.6 57.6 59.5 60 58.8 57.8 58.2 58.3 57.9 56.6 56.8 56.4 56 56.8 57.4 56.6 55.7 53.2 52 51.5 53.4 55.1 57 58.5 60.2 61 61.9 62.5 62.7 62.5 62.9 62.1 61.2 61.6 63.4 64.9 65.4 65.4 65.1 66.1 67.7 68.5 69.4 69.7 70.1 70.7 71.3 71.7 72.4 73 73.8 74 73.6 72.7 73.4 74.5 75.1 75.2 75 74.9 74.9 75.8 77 77.5 77.9 78 78.7 80.4 81.3 81.3 81.1 80.6 79.8 78.5 77.1 75.6 76.8 76.8 77.6 78.3 79.2 78.4 76.8
53.6 53.4 53.6 54.3 55.4 57.7 59.2 58.5 57.4 56.1 56.1 55.7 55.5 54.9 54.3 55.4 56.6 57.6 56.8 55.7 53.7 51 51.3 53.7 55.4 57.2 60.1 61.1 61 62.1 62.8 62.6 62.8 62.7 62.4 61.5 61.5 62.8 63.8 64.3 65 65.1 66 67.5 68.8 69.8 70.6 71.1 71.6 71.9 72.2 72.5 73.1 73.3 72 71.2 70.2 71.2 72.1 72.9 73.7 73.7 74.1 74.9 76 77 78.5 79.4 79.6 81.2 81.8 82.2 81.6 81.5 81.6 80.4 79 76.9 75.4 75.9 76.3 77 77.9 79.2 78.9 76.8
51 51.6 52.7 53.9 54.8 56.3 58.3 58 57.1 55.8 55.5 55.3 55.2 54.5 54 55.5 57.5 57.6 55.8 54.3 53.6 50.8 51.1 54 56.2 58.8 60.5 61.1 61.3 61.5 62.3 62.5 62.6 62.4 62.2 61.8 61.5 62.2 62.9 63.6 63.7 64.7 66 67.3 68.1 69.3 69.8 70.7 71 71.3 71.8 72.2 72.4 72.1 70.8 69.6 68.5 69 70 71 72.1 73.1 74 74.9 75.8 77 79.3 80.7 81.4 82 82.7 83 82.2 82.1 82.5 81.2 78.3 76.8 75.3 74.9 76.3 76 76.9 77.5 78.4 77.2
49.4 50.5 52.7 53.6 54.4 55.7 57.2 57.2 56.5 55.3 55.2 55 54.9 54.8 54.1 55.5 56.7 56 53.3 51.8 51.9 49.9 51.2 54.3 56.4 58.6 59.7 60.3 60.4 60.7 61.8 62.4 62.3 62.2 62 61.2 60.5 60.5 61.7 62.8 63 64 65.5 66.1 66.7 67.5 68.5 69.6 70.3 70.7 71 71.3 71.6 70.9 69.6 68.4 67.8 67.9 69 69.9 71.1 72.9 73.8 74.6 75.5 77.1 79.5 80.9 82 82.9 83.6 83.8 83.5 83.4 83.1 81.4 78.6 76.6 75.8 75.3 76.6 75.2 75.6 76.3 77.8 76.5
