app/static/ascii/NZ50.asc
ncols 200
nrows 200
xllcorner 450000
yllcorner 500000
cellsize 50
[rows 70 to 104 of 200, columns 80 to 159 of 200]
87.4 88 88.4 88.5 88.6 89.9 90.4 90.8 90.7 89.2 84.3 85.8 90.8 92.6 92.6 92.7 93.7 95.2 95.5 94 94 93.2 93.2 93 92.5 92.9 93.3 94.4 98 100.4 100.3 99.7 99.6 100.2 100.5 101 101.3 102.3 103.4 104.1 103.8 103.7 103 99.4 101.1 105.3 107.6 110.7 111.1 110.9 112 111.9 110.9 111 111.9 112.1 112.6 113.2 114.3 115.5 116.6 117.2 117.5 117.5 117.4 117.1 118 119.8 121.8 122.2 123.5 124.1 123.8 123.7 120.4 122.1 121.8 118.7 118.4 124.2
87.5 87.8 88.1 88.4 88.8 89.3 89.9 90.4 90.3 90.6 89.6 86 89.7 91.8 92 92.3 93.6 94.9 95.7 95 93.9 93.1 93.2 92.9 92.7 93.9 94.9 96.2 97.8 99.7 100 99.6 99.6 100 100.2 102 102.9 103.2 104.1 104.2 103.8 104.4 103.2 101 100.6 106.6 110.1 111.7 111.4 111 112 112.3 111.8 111.1 112.4 113.1 113.6 114.1 115.2 116.3 116.7 117 116.9 117.8 118.1 118.6 118.8 120.4 122.9 124 124.5 124.6 124.6 124.4 123 121.2 125.6 124.6 120.2 120
88 87.9 88 88.3 88.6 88.6 88.7 88.9 90 91.6 90.8 86.7 89 90.8 91.2 91.6 92 93.8 95.5 95.3 94.2 93.7 93.2 92.9 93.1 94.2 97.6 98.9 99.4 100 99.6 99.6 99.5 99.5 100.1 102.3 103.6 103.8 104.8 104.7 104.7 105 104.1 102.9 103.7 108.5 110.9 111.7 111.4 111.1 111.1 112.6 113 112.6 114.2 114.4 113.6 114.4 115.6 116.5 117 116.8 117.1 118 118.3 118.5 119.6 120.5 122.8 124.6 125.2 125.5 125.1 124.8 124.1 122.1 125.9 127.2 123.9 119.4
88.3 88.1 88.1 88.2 88.5 89.1 89.5 89.9 90.4 90.6 89.3 86.7 87.8 89 89.7 90.4 91.9 93.6 95.1 95.1 94.5 93.4 93.2 93.3 93.3 94.9 98.1 99.7 100.5 99.3 98.9 99 99.8 99.9 101.1 102.6 104.1 104.5 104.8 105 105 105.4 104.8 103.2 105.1 107.6 109.3 110.9 111.4 111.1 109.2 111.7 112.7 113.6 113.9 113.7 113.6 113.6 114.8 116 117.2 117.1 117.5 118.2 118.1 119 119.3 121.1 122.4 125 125.7 125.7 126.5 126.2 125.5 123.5 124.6 128.1 128.8 126.6
88.5 88.6 89 88.6 89 89.5 90.1 90.9 91.1 89.1 88.2 86.2 86.3 88.6 91.1 92 92.4 93.7 95.1 95.8 95 93.8 93.9 94.3 94.8 94.6 95.5 97.3 98.2 98.4 98.5 98.7 99.5 100.5 101.9 103.2 104.9 106.5 105.7 106.5 107 106.8 106.6 104.9 105.9 105.7 108.1 108.2 109.9 106.6 108.3 110.3 111.8 112.7 113.8 113.7 113.5 113.3 114 115 117 116.6 118 118 117.9 117.9 119 120.2 122.1 124.3 124.7 125.4 126.9 127.2 126.7 124.9 123.7 127.8 130.5 129.3
88.6 89 89.2 89.3 89.3 89.6 90.3 91 90.8 89.8 89.3 88.3 85.9 87.9 91.5 93 93.1 94.3 95.6 96.6 96.3 94.9 95.4 95.6 96.1 97.6 97.6 97.4 98.5 98.9 98.2 98.4 98.9 100.2 101.6 103.4 105.1 107.1 106.6 107.5 107.1 107.8 108.5 107.8 107 107.7 108.8 109 107.7 104.5 107.2 109.4 110.9 111.6 112.8 112.4 112.8 112.6 113.2 114.1 114.5 116.1 117.2 116.8 117.4 117.1 117.3 118.7 120.5 122.7 124 125.2 127 127.6 127.9 127.1 124.5 126 130 129.7
89.5 89.2 89.4 89.5 89.6 90.3 91.1 90.8 90.8 91 90.3 90.2 87.8 86.7 90.8 93.1 94.3 95.5 95.9 96.5 96.9 96.7 97.2 97.4 97.4 99.6 100.8 100.3 99.7 99.1 97.9 98.5 98.4 99.8 100.8 101.5 103.9 105.3 107 108.2 108.1 108.7 109.1 107.5 106.5 107 109.2 109.9 109.5 105.9 103.8 105.5 106.1 107.8 109.5 111.2 112.1 113.2 113.6 115.1 116.1 118.1 118.5 118.3 116.5 116.5 117.1 118.2 119.4 121.2 122.3 124.1 126.6 127.3 129.1 128.9 126.9 126 128.8 130.2
90.9 89.3 89.5 89.7 90.2 91.3 91.8 91 91.6 91.4 91 91.5 89.4 86.9 88.9 92.1 94.8 96.3 96.4 96.6 97.1 97.4 98.1 98.8 98.6 99.7 99.7 99.2 99.7 98.9 98.1 98.2 98.4 99.4 100.1 100.9 102.4 103.7 106.4 109.2 108.4 108.7 108.7 107.2 106.7 107.1 108.8 110.1 109.1 107.8 105.6 107.2 106 106 109.6 112.4 114.5 115.1 115.7 116.4 117.3 118.1 118.6 118.4 118.3 116.8 117.3 118 118.7 119.5 121.4 123.2 125.2 126.6 127.9 128.5 129.5 126.6 127.1 128.8
93.2 90.7 89.9 90.3 90.7 91.7 92.7 92.7 92.2 91.6 91.8 91.5 91.3 88.2 87.7 90.3 94.6 96.1 96.2 97.1 97.6 98 98.6 99.1 98.5 99.2 100.2 99.4 99.7 98.9 98.3 98.4 99.3 100.6 100.5 100.5 101 103.2 106.7 109.7 110.2 108.9 108.2 107.2 107.5 108.5 109.3 111.7 111.7 109.9 109.1 110.3 110.3 110.4 107.7 108.7 113.1 114.1 115.3 116.2 116.5 117.2 118.6 119 119 118.2 117 117.3 118 118.6 119.7 121.4 123.3 125.2 126.8 128.1 128.7 128.4 128.5 128.5
95 91.7 91 91.4 91.3 91.9 93 93.4 93.1 92.6 92.5 92.4 92.4 90.7 89.3 89.2 93.3 94.9 95.9 97 98.5 98.4 99.2 99.8 99.4 99.1 100.6 101 100.6 99.4 98.9 98.9 100.4 101.9 101.9 101.6 101.6 104.4 106 109.1 110.1 108.7 107.9 107.6 109 109.5 109.6 111.6 113.5 112 110.4 111.1 112.7 113.2 111.3 107.9 110.2 113.4 113.4 114.6 116.2 117.2 117.7 118.7 119.2 118.3 117 116.8 117.4 118.1 119.1 120 122.1 124.8 127.4 127.6 127.7 129.2 131.6 131.5
94.9 93.4 92.7 92.5 92.4 92.9 93.8 94.3 94.1 94 94.1 93.8 93.1 93.1 91.6 88.8 92.2 93.9 95.1 97 98.1 98.7 99.7 102.1 100.7 100.1 100.7 101.6 101.2 100.1 100 100.9 102.2 103.5 103.6 103.5 104.2 106.7 107.5 109.4 109.8 108.7 108.6 109.2 111.3 111.9 110.6 112.3 115.2 115.2 114.1 113.8 113.9 114.8 115.1 112.7 108.3 111 113 114.5 116.1 116.8 116.8 117.2 117 116.3 116.6 116.5 117.5 118.2 119 120.3 121.6 125.4 128.1 128.2 129 129.7 132.8 133.6
95.4 94.5 93.2 94.5 93.5 93.6 94.4 95.4 95.9 95.8 94.7 94.3 93.6 93.7 94 91.9 92.5 94.8 95 96.3 97.5 98.3 99.2 100.9 101.2 101.4 101.5 101.8 101.9 101 102 102.4 103.4 103.8 104 104.3 105.7 107.8 109.4 110.4 110.1 110.2 109.9 111.3 113 113.2 113.2 115 116.8 117.5 118.9 118.9 116.5 116 115.9 115.3 110.8 108.7 110 112 114.3 115.4 115.1 115 115 114.7 115.3 116.4 116.9 118 118.8 120.1 123.3 124.7 126.7 128.5 131.3 132.8 133.2 135.1
95.4 94.4 93.5 94 94.2 94.6 94.8 95.7 97.2 96.9 95.8 94.2 94.2 94.3 94.5 94.3 91.7 92.9 95.3 96.4 97.4 97.9 98.5 99.5 100 100.5 101.3 102.4 102.2 102.2 103.9 103.7 103.3 103.6 103.9 104.3 105.3 107.1 108.7 109.8 110.5 110.5 111.1 112.9 113.5 114.3 115.6 117.6 118 119 119.5 120.6 119.9 117 116.7 116.3 113.8 111.3 112.8 111.9 111.1 113.5 114.8 115.4 115.5 116 116 116.4 116.9 117.6 118.8 120.5 123.2 126.2 126.4 129.4 133.1 135.6 136.6 136.1
94.5 95.4 95.7 95.1 94.6 95.3 95.3 95.8 97.1 97.3 97 95.3 94.8 94.9 95 95.1 94.2 92.8 92.9 95.6 97.2 98.1 99 99.3 99.8 100.8 101.6 102.6 103.3 102.7 102.8 103.6 103.7 104.1 105.1 106 105.5 105.9 107.6 110.2 111.5 111.3 111.7 113.5 114.3 115.8 117.1 117.8 118.4 119.5 119.7 120.8 121 118.5 117.2 115.8 114.5 113.7 115.4 115.6 113.6 113 115.1 116.7 117.5 116.9 117.1 117.2 118.1 118.5 119.8 121.4 123.4 126.2 127.6 130.1 134.6 137.3 138.5 138.7
96 95.5 95.9 95.9 95 95.5 95.6 96.1 96.8 96.8 97.1 96.6 95.8 95.4 95.4 96.1 94.9 96.3 96.1 92.8 97 97.9 98.7 99.3 99.4 99.9 100.4 101.3 102.6 103 104 104.3 104.5 105 105.6 107 107.4 106.9 108 110.7 112.1 112.9 113 112.4 113 114 115.5 116.7 118.2 118.5 117.8 118.6 120.2 120.6 118.6 116.4 114.6 114.2 115.7 117.2 117.3 115.1 113.9 117.6 118.7 117.6 117.9 118.9 120.2 121.4 122.2 123.6 126.3 128.6 130.8 131 135.2 137.6 139 140.5
96.7 96.6 96.1 95.9 95.2 96.1 96 96.3 96.9 97.4 97.3 97.3 96.9 96.2 95.8 96.3 95.6 96.7 97.3 95.8 96 97.4 97.2 97.2 97.3 98.3 99.1 100.4 102.4 104.1 105.1 105.5 106.1 106.4 107.1 107.6 108.4 108.7 109.1 111.2 112.6 113 113.4 113.1 115.5 117.2 117.7 117.5 117.3 117.6 118.4 118.6 119.9 120.7 119.8 118.2 116 115.1 116.4 118.2 118.5 119.1 116.7 116.8 119.3 119.6 119.5 120.2 122.5 125.1 125.9 127.5 128.4 129.3 132.6 131.7 133.4 136 138.6 140.5
97.4 97.1 96.6 96 96.6 97.2 96.4 96.5 97.6 98.1 97.6 97.4 97.5 97.6 97 97.3 96.9 95.5 97 97.4 94.7 96 95.4 95.9 96.9 98 99.4 99.9 100.7 102.7 104.7 105.8 106.6 107 106.5 107 108.5 109.9 109.8 110.2 111.7 111.9 113.5 114.7 117.3 119 120.1 121.4 120.1 118.1 118.9 119.7 120.5 121.6 120.7 118.9 117.8 117.3 117.8 119.4 119.8 120.5 119.2 118.4 121.2 121.7 121 121.6 124.8 127.1 128.8 130.6 129.3 130.6 131.6 132.1 132.8 134.6 137.2 139.4
97.9 97.6 97.2 96.4 96.5 96.6 96.6 96.7 97.8 98.3 98 97.4 97.6 97.4 97.5 97 96.5 96.2 97.4 96.5 95.3 95.4 95.8 96.4 97.5 98.6 100.7 102 101.4 101 103.6 103.9 104.5 105.9 105.8 106.4 109 110.6 110.9 110.7 110 111.9 113.7 113.9 115.9 117.6 119.2 120.3 120.4 119.2 119.9 120.5 121.1 122.1 121.7 119.9 119.6 118.9 118.9 120.9 122.8 123.7 121.1 118.1 122 122.8 122.3 123.6 126.2 127.2 129.1 132.2 133.2 134.7 133.6 134 133.5 133.8 135.2 137.2
97.9 97.6 97.2 96.9 96 96 95.9 96.3 97.6 98 98.7 97.9 97.7 97.8 98 97.7 97.3 97.8 98 97.1 95.8 96.1 96.2 96.7 98.3 99 101 102.4 102.4 101.2 102.6 102.5 103.1 104.6 106.5 108.5 110.1 111.4 111.8 111.8 111 111.3 112.3 112.5 113.6 115.8 117.5 119.1 119.2 119.3 120.3 120.7 121.2 121 121.2 120.7 121.2 120.6 122.8 125.9 127.6 127.6 123.9 121.2 118.7 119 121 124.6 126.6 128.5 129.3 131.2 135 138.8 138.3 138.3 136.7 134 134 135.3
97.8 97.3 97.1 95.9 95.7 95.8 96.1 96.4 97.1 97.8 98.7 98.1 98.8 98.6 98.6 98.4 98.3 98.2 98.1 97.9 96.5 97.1 97.6 97.5 97.7 99.6 101.6 103.3 103.3 102.7 102.8 103.3 103.5 105 107.2 108.4 109.2 110.5 111.5 111.6 110.6 110.6 110.7 110.8 112.1 114 116.2 118.5 119 118.9 120 120.9 121.6 121.9 122.2 123 123.2 123.5 126.3 129.6 131 130.9 128.7 126.3 121.4 122.6 123.1 124.4 127.1 129.2 130.7 131.2 132.6 136.8 140.9 142.1 142.7 137.9 137.1 137.3
98.6 98.2 97.7 97.3 96.9 96.4 96.2 96.6 97.1 98 98.8 99.4 99.1 99.1 99.1 99.4 99.2 99.1 99 98.5 98.1 98.4 97.8 97.8 98.5 99.1 101.2 101.6 102.8 103.5 103.7 104 104.2 105.1 106.2 106.8 107.4 108.8 109.4 109.4 109.4 109.6 111.2 111.4 111.4 112.6 114.1 116.4 118.5 118.7 119.4 121 122.4 123.7 124 124.9 124.7 124 127.1 129.6 130.6 133.9 133.1 129.2 125.7 124.8 125.8 124.7 126.4 128.5 131 131.5 134.7 135.5 139.5 142.1 142.1 139.7 142.8 141.3
99.3 99.7 99.5 98.9 98.5 97.8 97.1 97 97.3 97.9 98.9 99.6 99.8 99.8 99.9 101.1 100 100.1 99.8 98.7 100.1 99 98.2 98.7 99 100.1 99.6 100.7 101.6 103.9 104.3 104.3 105.1 106.4 107.2 107.7 109.3 111 109.6 108.8 108.9 111.3 114.1 112.6 111.7 113.6 115.3 116.8 118.6 118.6 119.8 120.7 122 124.1 125.6 125.2 125.3 125.4 126 127 128.4 130.6 131 129.3 124.2 126.3 126.8 126.3 127.3 128.9 131 133.1 136.4 137.2 136.9 140.6 142.7 141.3 145.8 149.2
100.5 100.7 101.3 100.5 100.6 99.6 99 98 98.6 99.4 100.2 100.9 101.1 100.7 100.9 101.1 101 100.9 99.9 99.6 100.9 100.5 99.9 99.6 101.3 101 102.2 102.8 102.8 102.9 104 105.8 107 106.1 107.8 108.7 110.5 111.7 111.5 110 111.1 113.1 115.8 114.4 113.4 115.9 119.1 119.7 120 119.9 120.4 122.1 123.2 124.4 125.2 125.2 125.8 127.8 128.7 127.6 128.9 129.6 129.9 128.8 125.1 127.3 128.1 127.7 129.6 130.7 132.1 134.2 136.5 139.6 138.8 139.6 141.6 142.7 145.5 149.5
102.2 101.9 102.7 103 102.7 101.9 100.7 100.5 101.3 101.4 101.4 101.4 102.6 101.4 101.5 101.2 101.1 101.5 100.8 101 101.4 102.1 101.6 100.4 102.2 103.9 104.4 105 103.5 103.7 104.7 105.9 108.4 108 106.9 108.4 111 112.2 112.5 112.8 115.5 116.3 116.2 116 116.1 118.8 120 121.3 122.8 121.7 121.4 123.1 125 126.1 125.8 125.5 127.1 130 129.7 128.1 128.7 129.7 130.3 129.5 125.5 128.2 129.6 129.9 130.1 132.3 134 136.8 138.2 138.8 139.9 140.1 141.5 142.5 145.3 149.3
104.2 103.4 104.6 104.8 104.6 103.2 103.7 104.5 105 105 104.6 102.8 103.1 103.5 102.9 102.8 102.8 102.7 101.9 101.7 102.4 104.2 105 103.4 104 105.4 105.9 105.4 105.3 105.9 105.9 107.8 109.6 110 108.6 108.5 111.1 112.6 114 113.9 117 119.1 118.3 119.3 118.1 119.6 121.2 123.5 124.9 124.5 123.2 125 127 127.9 128.1 128.7 127.5 129.7 128.9 128.5 129.3 129.5 130.7 130.1 125.9 129.3 130.5 131.5 130.9 133.6 136.5 138.3 139.7 139.9 141 142.6 143 143.8 146.9 149.4
106.1 105.8 106.4 106.3 106.1 105.9 106 106.9 106.9 107.1 107 105.1 103.9 104 104.1 103.7 103.9 103.7 103.1 103.2 105.1 106.6 108 107.2 106.6 107.1 106.3 106.2 107.5 107.8 107.3 108.6 110.7 111.6 110 109.3 109.7 110.9 112.6 112.6 114.8 119.8 122.9 121.9 120.1 121.1 122.8 126.1 127.6 127.4 126.1 127 128.7 129.4 129.6 131.1 129.1 129 129.4 129.4 130.7 131 131.6 128.5 129 130.5 131.9 132.9 133.3 134.3 137.8 138.4 139.9 140.5 141.5 143.3 144.5 145 146.6 148.7
108.7 108.6 108.5 108.2 108.1 108.2 108.3 108.9 108.9 109.3 108.5 106 104.5 104.9 105 105.1 106 106.2 105.3 105.2 107.7 109.5 110.9 109.8 109.8 109.6 107.5 107.5 108.6 109.1 108.5 108.7 110.5 113.3 111.1 110.9 111.3 112.9 113.7 115.6 113.8 116.8 121.9 121.9 120.6 122 124.6 130.1 131 130.5 129.9 130.3 131.3 132.2 132.3 133 131.7 129.5 129.9 130.8 132.4 131.9 131 129.3 130.8 132.4 133.1 133.7 135 134.1 136.2 137.3 138.8 140.8 141.5 142.9 145.4 146.4 147.3 148.4
110.7 111 111 109.7 109.6 110.1 111.3 111.4 111.4 110.5 108.6 105.7 105.2 106 106.3 106.7 107.2 107.9 106.2 105.6 108.8 111.2 112.5 112.7 112.5 111.5 108.2 108.3 110.2 110.2 110.2 109.6 110.4 112 111.9 111.8 112.3 113.9 115.5 117.2 115.1 115 117.2 118 119.9 122.5 127.5 131.4 133.2 134.2 134.3 132.9 133.6 134.9 134.6 135 133.5 131.9 131.2 132.4 132.7 132.5 131.6 131.6 132 133.1 134.1 134.5 135.3 137.1 137.8 138.7 139.7 141.6 142.6 143 144.6 146.6 148.3 148.5
113.3 112.6 112.5 111.1 110.9 111.1 113.1 113 112.2 111.3 110 107.5 106.7 107.4 107.9 108.5 108.2 107.8 108.1 108.4 110.8 113 114.1 114.4 114.3 113.1 110.7 110.4 113 111 110.5 110.4 110.6 111.3 112.7 112.6 113.1 115.3 116.5 117.9 116.4 115.2 116 117.5 119.2 122.3 128.6 133.6 134 133.9 134.1 134.3 134.5 136.6 136.8 136.7 135.6 134.4 133.6 132.9 133.3 133.3 132.3 132.2 133.2 133.7 134.6 134.8 135.7 137 138.7 139.8 140.9 142.4 144.5 145.3 145.4 145.5 147.9 147.9
118 114.9 115 113.5 113.1 113.4 114.3 115.1 114.4 113.4 111.1 110.5 110.8 110.2 109.4 109.4 109.3 108.5 109.2 110.3 112.2 115.2 116.4 116.2 115.9 116.2 113.5 110.9 113.7 112 111.3 112.1 112.2 112.6 113.3 114.4 115 115.8 117 117.2 117.1 116.6 116.7 118.3 119.9 121.9 127.4 135.2 134.9 133.7 133.1 135.2 136.5 138.8 137.4 136.3 136.3 135.7 134.9 133.7 134 134.2 133.9 132.7 135 134.5 134.9 136 136.8 137.8 139.2 140.8 142.2 143.6 145.4 146.6 147.4 147.6 147.7 148.5
120.7 116.8 117.7 116.5 116.9 116.3 116.2 117.1 117.1 116.3 115.6 114.9 114.7 111.6 110.7 110.8 110.6 110.1 111.6 112.8 115 116.8 118 117.8 117 115.9 113.9 112.7 112.4 112 112.5 113.4 114 114.1 115 115.3 116.2 116.3 116.8 117.4 117.9 117.9 117.9 118.5 119 120.8 124.5 133.6 135.9 133.3 132.2 134.8 137.4 137.1 135.7 135.2 136.2 136 135 134.6 135.1 135 133.8 133.9 136.5 137 136.9 137.9 138.9 139.8 140.8 142.3 143.6 145 146.2 148.4 149.2 149.3 149.6 149.7
121.3 119.1 120.6 120.1 119.8 118.7 118.6 119.4 121.3 120.7 120.8 117.4 114.4 112.3 112.1 111.4 110.5 111.7 113.8 114.6 115.5 115.9 117.2 117.8 116.5 115.2 114.6 114.4 113.5 113.3 113.8 114.4 114.9 116.1 116.3 116.8 117.5 117.8 117.6 117.9 119.6 119.5 119.1 119.9 120.4 121.4 124.2 129.9 131.3 132.2 131.6 133.3 136.1 134.9 134.8 135.4 135.9 136.3 136.4 136.5 136.3 135.9 135.9 135.1 137 138.4 139.3 140.8 141.3 142.1 142.8 143.9 145.3 146.4 147.7 149 150.5 150.8 150.5 150.4
123.6 120.8 123.7 122.9 121.3 120.1 120.7 121.5 123.2 123.1 122.3 118 114.5 113 112.2 111.4 111 111.5 112.6 113.2 114.7 117.7 119 120.1 117.5 116.3 115.8 115.1 114.4 114.3 115.2 115.8 116.2 118.4 117.9 118.4 119 119.5 119.9 119.6 120.1 120.6 120.5 121.1 122 123.5 123.7 125.6 128.4 128.6 130.8 132.7 133.6 134.3 135 135.7 136.7 137.8 138.9 138.9 137.6 137.4 137.8 137.8 136.2 139 140.6 141.9 142.1 143.1 144 145.7 147 148.2 149.2 150.4 152 152.2 151.5 150.8
124.1 124.8 126.1 124 122.1 121.2 121.8 123.6 124.6 124.5 120.7 117.4 114.7 113.4 112.3 111.7 111.7 112.9 112.5 113.2 114.5 116.7 118.3 120.2 117 117.1 116.4 115.7 115.4 115.7 117 117.8 118.9 120.3 121.7 121.6 121.6 122.6 122.8 122.8 122.6 121.6 121.9 122.6 124.3 126.7 127.4 128.1 128.7 130.4 131.6 131.9 133.8 134.6 135.8 136.6 138.4 139.2 140.7 140.5 140.3 139.1 139.3 139.1 139.1 138.5 141.4 143.8 144.6 144.5 145.5 147.3 148.4 149.3 150.2 151.8 153.3 153.4 152.8 151.4
125.1 127.8 127.4 124.6 123.6 123 123.6 126 126.1 123.8 120.7 117.7 116.2 115.1 113.6 114.3 114.1 114 114 113.9 114.4 115.6 118.5 121.2 118.6 118.1 118.4 117.4 117.3 117.9 120 121.9 121.5 123.7 126.2 126.1 125.5 127 126.9 127.5 127.7 125.3 123.6 124.5 126.3 129.7 131.7 132.2 131.6 132.2 133.4 133.8 134.1 135.2 136.8 137.5 139.4 140.7 142.3 141.7 141.2 140.6 141 140.7 140.6 142.3 140.4 144.6 147.2 146.9 147.5 149.1 150.7 151.3 151.6 153.3 154.1 153.9 152.9 152
