app/static/ascii/NZ51.asc
ncols 200
nrows 200
xllcorner 450000
yllcorner 510000
cellsize 50
[rows 148 to 184 of 200, columns 84 to 167 of 200]
83.8 82.5 85.8 85.1 90.3 90.6 94.1 94.6 94.4 93.5 91.9 90.9 90.7 92.4 91.7 92.1 92.3 91 90.4 90.8 91.6 92.1 91.6 90.5 88.5 86.5 84.8 83.5 82.4 82.8 83.9 86.1 86.7 87.1 87.3 87.4 88.6 90 91.5 92.4 93.5 94.3 95.7 96.7 96.4 97.5 98.1 99.8 101.9 103.1 103.6 103.5 103.3 104.7 105.6 106.2 107.3 109.3 111.4 113.3 114 113.5 113.8 117.7 129.4 138 151.1 189.1 208.2 223.3 243.4 259.5 271.4 284.9 303.6 287.2 277.6 264.7 246.2 241.1 240.4 237.7 230.7 235.5
84.1 80.5 84.5 84.6 88.1 90.3 92.9 90.1 96.4 95.9 93.5 93.3 93 93.3 93.1 93.1 93.2 92.7 92.2 92.6 93.5 93.9 93.5 91.8 89.7 87.5 85.1 82.8 83.1 83.4 86.8 89.6 89.9 90.2 90.3 90.3 90.1 90.9 92 92.6 93.6 94.8 96.1 97.5 97.9 97.9 98.7 99.5 101.7 103 104 104.4 104 104.5 105.5 106.2 107 109 111.3 113.3 114.4 114.4 113.6 117.5 129.1 137.6 160.9 189.8 207.3 220.8 241.4 254.8 265.2 269.8 279.7 272.7 265.7 259 246.1 239.1 238.3 233.6 226.9 225.2
84.1 80.8 82.3 84.1 85.8 87.8 89.2 90.6 92.4 93.5 90.4 92.6 93.1 94.1 93.4 93.9 94.2 94.3 94.3 94.5 95.1 95.1 94.9 93.7 91.8 89.6 85.2 82.4 83.9 85.9 89.4 92.1 92.8 93.1 93.1 93.1 92.8 92.4 92.6 93.2 94 95.2 96.6 98.1 98.4 99 99.2 100.1 101.1 102.5 103.9 104.9 104.8 104.3 105.2 106 106.9 108.6 111.3 113.3 115.1 115.4 113.8 118.8 131.2 139.6 158 195.7 206.2 218.6 234.2 242.8 254.7 255.1 258.4 259.5 255.5 251.2 243 234.2 228.4 227.5 223.1 218.7
83.8 82.8 80 83.3 83.4 85.4 86.5 87.1 88.5 88.4 88.9 89.9 92 91.7 91.9 95 98.1 97.7 96.9 96.8 97.3 96.6 95.1 93.9 92.4 86.7 83.4 82.8 88.5 92.4 92.6 93.7 96 96.3 96.3 96.2 95.7 95.3 95.1 94.6 95.1 96.4 98.2 99.4 99.6 100.1 99.5 100.8 102 102.4 103.8 104.7 105.2 105.8 106.9 108 108.4 111.2 112.6 112.6 115 116.4 116.7 122.7 132.3 143.8 156.5 189.3 205.4 216.1 226.8 233.4 238.9 243.6 245.2 245.7 246 238.6 233.4 226.5 221.6 224.1 222.6 215.1
81.6 81.5 81 82.7 81.2 83.1 84.2 84.7 85.2 86 87.1 88.3 89.5 89.4 90 93.2 97 97.7 100.2 98.9 99.4 96.2 88.1 86.3 84.5 82.5 83 93.9 95.4 98.1 98.4 97.9 99.5 100.9 99.7 99.2 98.6 98.1 98 97 96.7 98 99.3 100 100.4 101.4 100.8 100.7 103.4 103 103.3 104.2 105.5 107.5 109.4 110.8 112.7 114.9 116 115.6 114.6 115 115.6 121.5 131.5 148.7 158.3 182.8 205.4 213.3 224.2 227.7 229.7 232.7 235.5 235.7 235 232.1 226.9 222 218 218.8 217.8 214.5
79.2 81.2 80.6 82.4 80.2 81.7 82.3 82.6 83.3 84.1 84.8 85.8 86.5 86.8 87.5 89 92 94.2 97.1 98.1 100.7 94.4 91.8 82.5 82.5 87.5 93.6 100.4 102.7 103.3 102.8 102.8 103.3 103.7 103.6 102.8 101.5 101.4 101.1 99.9 98.9 99.2 100.6 100.4 101.1 102 104.8 101.8 101.8 103.6 104.1 104.5 106.5 109.3 111.8 114 117 120.7 120.2 117.8 117 115.7 115.6 118.6 129.1 145.8 160.9 180.4 202.2 208.8 225 227.3 228.3 228.5 229.2 227.9 228 227.9 224.3 216.5 214.7 212.8 209.8 207.9
81.6 82.3 83.4 82.6 80.7 80.7 80.8 81.1 81.5 82.3 82.8 83.4 83.9 83.8 84.6 86.7 87.3 89.4 90.6 95.4 97.6 91 98.7 83.6 85.6 104 108.7 109.7 109.8 109.3 108.6 108.2 108.5 108.3 108.1 107.3 106.1 104.7 103.9 103.2 102.5 101.2 101.6 101.7 102.4 105.3 101.1 101.9 102.7 105.9 107.9 107.9 108 111.2 114.2 115.3 116.9 121 121 118.6 117.8 117.9 118 118.6 126.8 137.6 153.7 173.2 199.8 205.4 219.2 226 226.6 227.5 227.6 226.8 225.4 225.3 220.3 214.6 211.4 206.2 204.3 201.4
81.4 82.7 83.3 82.8 81.5 80.8 80.5 81.4 80.8 80.6 81 82.3 81.9 81.9 82 82.9 84.2 84.9 86.2 90.6 91.9 87.2 88.8 82 85.4 98.6 109.3 117.8 119 117.6 116.5 115.1 114.5 114.7 114.4 112.8 110.6 108.2 106.1 106 106.3 104.9 103.5 103.3 102.4 102 100.7 101.1 102.8 105.2 108.5 111.1 110.4 113.3 116 114.7 114.6 117.9 121.7 119.4 119.4 119.3 120.1 120.5 124.3 131.8 151.4 171.6 197.6 202.3 208.6 219.5 223.2 224 224.2 224 223 221.9 215.9 209.3 203.7 199.5 200 197
81.5 82.2 82.7 82.8 81.9 81.3 81.4 81.2 80.9 81.5 81.5 81.3 81.5 81.4 81.5 81.2 81.6 82.1 83.1 85.1 86.4 85 84.3 82.6 82.5 89.2 97.3 110.9 115.9 118.6 122.7 123.3 122.9 122.3 120.9 119.4 115.8 112.3 109.5 110 110.1 108.7 106.4 106 104.5 102.6 101.7 101.7 102.4 103.7 107.8 111.7 113.1 112.8 113.6 113.6 114.4 115.5 117.9 120.7 121.3 121.7 123.1 123.4 124.4 128.3 149.5 174.7 194.7 200.2 205.6 211 216.4 218.6 219.5 219.7 217.3 214.6 210 206.5 200.3 195.7 194.2 193.8
82 83.7 83 83.1 82.7 82.1 81.4 80.9 81 81.5 81.7 81.5 82 82.2 82.6 81.7 81.6 82 81.2 82.6 82.6 82.8 82.2 81.9 82.1 82.8 92.2 100.2 105.3 110.1 114.6 120 123.9 127.6 129.1 128.8 125.7 121.6 115.4 114.2 114 112.3 109.6 108.2 105.4 103.6 103.1 104.2 103 104.5 106.8 110.8 114 114 113.4 113.5 114.6 116.4 118.8 121.6 123.5 124.8 125.8 122.2 123.9 134.4 157.5 186 192.9 196.2 202.5 206.2 210.5 212 213.1 211.6 209.1 206.3 205.9 203.2 197.4 192.1 190.4 190.6
81.8 82.8 83.2 83.3 82.4 81.6 81.2 81.1 81.2 81.5 82.1 82.6 82.2 82.4 82.6 82.3 82.1 81.9 81.7 81.8 82 82.5 82.2 82.1 82.1 81.6 84.1 93.7 99.9 104.9 108.6 111.9 114.7 117.7 122.6 126.8 130.6 131.6 127.6 123.2 119.8 115.7 112.6 109.8 107.7 105.3 104.5 104.6 105 104.9 107.3 109.6 111.4 113.3 113.6 114.3 116 118 120.2 122.2 124.3 125.5 123.2 123.5 126.9 148.9 176.5 179.1 190.8 193.5 197.7 202.4 205.5 207.5 208.9 207.8 205.3 203.1 200.7 198.4 192 181.5 185.2 185.8
84 83.3 83.2 83.2 82.6 81.7 81.4 81.3 81.6 81.9 82.9 82.7 82.6 82.8 82.7 82.5 82.5 82.4 82.2 82.1 82 83 84 83.8 82.8 81.4 81.8 84.7 93.9 100 103.5 106.5 109.7 112.9 117.1 119.9 122.4 123.2 126.1 126.7 123.8 120.4 115.5 113.1 108.1 105.4 106.9 106 105.9 106 106.3 107.6 107.6 108.8 110.5 111 112.1 112.7 116.3 120.3 123.3 125.4 129.1 133.4 146.1 170.3 184.6 189.9 191.1 192.1 193.1 197.1 201.9 204.1 204.9 204.5 203.3 200.3 195.1 191.7 185.3 182.4 178.3 181.4
84.4 84.3 83.6 83.3 81.8 81.8 83.2 83.1 82.7 82.7 82.8 82.8 83 83.5 83.1 83.2 83.1 82.8 82.6 82.4 82.6 83.4 84.9 85.7 84.4 82.1 81.9 81.3 86.7 94.2 99.7 103 105.6 108.7 111.9 114.9 116.6 118.2 119.2 119.9 120.4 120.7 121 118.2 109.9 108.4 111.8 107.6 106 106.7 108.1 108.9 109.6 109.9 113.2 115.6 116 115.6 117.2 123.1 131.2 136.2 143.9 145.8 159.1 171.8 183.1 191 193.4 194.8 194.8 195.9 197.6 200.7 201.6 201.7 200.3 197.5 192.9 183.6 185.9 185.5 174.3 175.7
84.6 84.5 83.6 83.1 81.7 82.2 84.4 83.8 83.8 84.7 83.7 83.1 82.8 83.6 84.1 84.1 84.1 84.3 83.8 83.2 84.3 84.5 84.7 85.4 85.4 84.3 82 81.3 81.4 86.2 94.8 100 102 104.4 107.4 109.7 111.7 113.5 114.9 115.8 116.1 116.5 115.9 114.1 109.3 110.4 112 110.8 108.3 107.7 109.7 110.8 114.5 117.6 121.2 122.7 125.1 126.8 128.5 138.8 148.8 148.7 154.6 171.1 173 180.3 187.2 192.1 194.8 196.2 195.3 195.5 193.3 196.4 198.4 199.5 198.5 195 187.8 179.1 179 181.7 173.7 168.2
84.9 84.9 83.2 83 82.4 83.3 84.7 84.3 84.4 85.1 83.9 83.7 83.5 83.8 84.7 85.3 85.7 85.2 84.8 83.6 83.8 84 84 84.7 85.2 84.8 82.4 82 81.4 82 87 96.1 98.2 100.6 103.4 105.7 107.8 109.6 111.3 112.1 112.3 112.6 111.4 109.7 106.7 108.2 109.6 112.1 112 110.4 114.2 120.5 125 129.4 135.3 138 139.8 143.5 147 152.2 155.8 161 180.5 185.3 186.6 188.9 191.7 195.2 195.1 195.6 194.2 193 191.5 192.6 194.1 196.5 195.5 192.5 184.4 176.6 176.4 175.9 168.8 161.6
85.2 85.2 83.8 83.3 83.7 84.5 85.1 84.7 84.9 85.4 83.8 84.4 84.6 84.7 86.4 86 85.2 84.6 84.1 83.5 83.3 83.4 83.7 84.3 84.6 84.5 83.2 81.5 81.8 80.8 83.9 91.3 95.8 97.8 99.9 102.3 104.1 106 107.9 108.5 109.1 109.2 107.6 106 104.9 106.3 108.5 110.6 112 107.6 115 117.9 124.7 125.9 132.9 146.3 155.3 161.7 165.1 169.4 178.8 186.3 190 193.2 194.7 195 195.2 197.1 197 195.8 194.6 192.7 190.1 189.6 190 191.5 192 191.2 187.9 177.3 177.1 166.3 162.8 167.2
85.4 85.3 83.8 83.5 83.8 84.7 85.5 85.5 85.3 85.3 84.5 84.9 85.2 85.3 85.4 85.3 84.3 84.5 84.1 83.3 83 83.1 83.4 83.7 84 84.3 83.4 82.1 82.6 80.9 81.6 86.9 93.4 95.7 97.6 99.4 101.4 102.9 105 105.6 106.3 105.8 104.4 103.3 103.4 105.2 107.9 110.7 112.9 114.3 115.6 117.7 120.1 132.4 139 140.5 149.8 171 182.4 185.3 191.5 194.3 196.9 199 200.3 201.6 201.3 198.3 196.9 196.4 194.3 192 190.5 187.7 186.4 188 188.7 189.3 188 182.1 172.2 163.1 159.2 170.3
83.3 83.3 82.9 83.4 84.1 84.4 85.2 84.4 84.5 84.6 84.9 85.3 85.1 85.4 85.6 84.9 84.9 85.2 84.1 83 82.7 82.7 82.9 83.1 83.5 83.9 83 82.2 83.3 81.3 81.3 85.7 91.5 93.1 95 96.9 98.7 100.5 102 103 103.4 102.6 101.6 101.4 102.2 104.6 107.5 110.9 113.5 115.3 113.1 118.7 119.4 127.4 138.9 148.2 153.3 161.1 176.7 183.7 198.8 209.3 208.3 210.3 211.7 213 210.8 205 201.2 197 192.7 190.6 188 184.7 183.4 185 187.8 188.5 188.5 177.6 170.9 160.4 157.7 170.3
82.5 82.4 82.5 83.5 83.6 83.9 84.3 85 85 86.2 86.9 86.1 85.6 86.1 86.2 85.8 85.9 85.1 84.1 82.9 82.4 82.2 82.3 82.5 82.8 83 81.7 81.4 81.2 80.8 81.5 82.7 85.5 88.4 92 94.2 96.5 98 99.1 100.4 100.8 99.9 99.5 100.1 101.8 103.6 106.6 109.6 112.2 114.5 114.2 118.2 119.3 122.4 129.7 142.4 152 162.6 173.4 188.2 192.8 192 218.1 220.7 220.9 222.1 221 210.9 202.9 198.2 194.4 189.5 185.4 181.4 180.4 182.7 184.8 186.8 186.7 173.6 166.9 154 166 170.9
82.4 82.3 83.5 83.9 83.8 84.1 84.8 85.6 85.9 86.2 87.2 87.8 87.7 86.7 86.4 85.6 85 84.5 83.7 82.8 82.2 82 81.7 82 81.8 81.9 81.4 80.7 80.9 81.1 81.6 84.4 86.6 87.9 90.3 92.7 94.2 95.8 96.8 97.8 98.3 98.3 98.2 98.5 99.8 101.9 105.4 107.6 110.4 112.9 115.6 115 118.6 120.8 126.3 134.7 140.2 149.7 158.2 171.3 184.4 195.3 207.9 216.4 210 212.6 218.1 217.1 202.8 197.5 193.5 189.6 184.8 180.4 178.5 180.2 181.8 180.7 174.4 164.7 152.8 163.8 166.7 169.9
82.2 82.2 82.8 83.6 84.8 85.1 85 86 86.4 86 86.7 87.8 87.9 87 86.3 85.4 84.7 84.2 83.5 82.7 81.9 81.7 81.4 81.2 81 80.8 80.6 80.7 81 81.2 82.5 85.2 87.3 88.6 89.7 90.7 92.4 94.2 95.4 96.3 96.7 97 97 97.3 97.7 99.6 102.9 105.7 108.4 111.1 113.8 114.6 116.8 117.7 122.8 128.5 133.9 139.6 145.5 154.4 166.3 175.8 187.9 199.3 206.7 212.4 221.5 217.5 201 196 191.5 186.5 182.5 179.7 176.2 180.6 182.7 184.7 187.1 161.9 159.4 160.5 164.1 166.2
82.3 82.7 82.9 83.1 84 84.8 85.2 86.4 87 86.9 87.3 88.3 88.1 87.3 86.8 85.9 85 84.3 83.5 82.4 81.7 81.4 81.1 80.8 80.7 80.5 80.3 80.7 81.1 81.4 82.9 85.2 86.7 88.3 89.3 90.3 91.7 93 94.2 94.8 95.4 95.8 96.6 96.7 96.9 98.6 101.9 104.5 106.9 109 110.9 112.9 112.9 116 118.7 122.7 127 131.6 136.4 141.3 148.6 158.1 165 176.1 186.1 199.4 203.7 205.1 198.2 194.1 184.8 177.4 174.4 170.9 183.6 184.5 186.3 187.6 183.6 150.1 151.4 159.6 156.1 159.9
82.6 83 83.1 83.4 83.8 84.7 85.2 86.2 87.9 87.5 88.1 88.7 88.2 87.6 86.7 86 84.8 83.8 83.1 82.2 81.4 81.1 80.7 80.7 80.5 80.4 80.9 81.2 81.4 82.1 83 83.8 85.4 87 88.4 89.9 91 92.3 93.2 94 94.6 94.9 95.7 95.6 95.9 97.8 100.8 103.8 105.7 107 108.8 111 113.1 114 114.7 118.2 119.8 123.9 129.2 135 140.2 144.7 150.3 158.8 167.4 174.5 182.1 186.5 194 191.4 186.4 179.4 168.4 181.1 184.6 185.7 185 185.3 167.4 147.1 164.2 166.9 165.2 168.3
83.3 83.4 83.5 83.6 83.7 84.4 85.2 86 86.6 86.8 87.2 87.6 86.8 86 85.3 84.6 84 83.3 82.4 81.6 80.9 80.6 80.4 80.6 80.1 80.3 80.9 81.4 81.7 83.6 85.3 86.4 87.6 88.7 89.2 90 90.8 91.4 92.9 93.8 94.1 94.8 94.7 94.6 95.1 96.2 98.9 102 104.7 105.9 106.8 108.9 110.6 112.1 112.9 113.7 116.4 120 125.1 129.7 134.5 138.1 141.2 144.8 151.3 155.1 160.8 168.8 177.5 172.3 177 172.8 168 163.5 180.4 179.1 178.1 174.8 145.7 154.6 164.7 166.7 167 169.1
83.7 83.3 84.2 84.4 84.9 84.9 84.7 84.8 85.4 85.8 85.9 86.3 85.6 85.4 84.9 83.8 83.1 82.6 81.8 81.2 80.5 80.1 80.1 80.3 80.4 80.6 80.8 81.2 83 85.6 87 87.9 88.9 89.8 90.3 90.5 91.2 92.1 93 93.8 94 94.4 94 93.9 94.4 95.2 97.6 100.1 103.1 105.1 105.7 106.8 108.5 109.6 111.7 112.1 113.8 116.9 120.3 122.8 126.3 131.4 135.9 139.1 140 142.7 141.4 145.1 147.8 150.7 167 159.2 158.9 155.1 162.9 167.7 167 162.8 144.4 156.2 162.9 164 165 167.1
83.2 83.2 84.1 85.2 86 85.6 85.2 85.3 85.3 86.3 87.3 85.8 85 84.7 84.2 83.6 82.3 81.8 81.2 80.6 80.1 80 80.1 80.2 80.4 80.6 81.1 81.6 83.1 85.1 87.1 88.4 89.8 90.8 91.2 91.6 92 92.1 92.4 93.1 93.2 93.3 93.5 93.2 94 94.8 96.5 98.4 100.9 103 104.9 105.6 106.6 107.8 109.1 111.1 112.4 114.4 116.4 117.6 121.7 124.2 127.2 130.7 131.7 133 132.6 133.1 138.1 147.1 154.8 155.9 155.5 151.8 146.2 144.3 142.4 146 141.8 157 159.9 162.9 166.6 166.5
82.6 83 84.1 85.1 86.1 86 85.8 85.9 86.5 87.4 87 85.5 84.3 83.3 83 82.7 81.9 81.3 80.8 80.4 79.9 79.8 80 80.2 80.4 80.6 81.1 81.5 83.3 85 86.6 88.1 89.4 90.6 91.1 91.8 92 92.1 92.2 92.3 92.3 92.4 92.5 92.8 93.5 94.4 96 97.5 99.3 102.1 104.1 104.7 104.8 105.9 106.9 108.5 111.7 113.1 115.6 117.9 118.5 120.3 122.4 126 127.7 129 127.9 129 136.3 144.2 152.6 156 152.8 148 146.5 144 139.5 141 142.3 152.6 157.7 160.5 162.8 163.8
82.2 82.4 83.2 84.3 85.8 85.6 85.3 86.3 88.1 88.1 86.7 84.6 83.6 82.8 82.5 82.3 81.7 81.1 80.4 80.1 79.7 79.8 80.1 80.3 80.4 80.6 80.9 81.8 84.1 85.6 87.1 88.6 89.6 90.6 91.3 91.8 91.9 92 92 91.8 91.8 92.1 92 92.6 92.6 93.8 95 95.9 98.6 100.2 102.9 103.5 103.1 103.5 104.5 107 109.4 111.9 112.4 115.3 116.7 117.2 120 125.2 125.4 125.7 125 129.5 136.3 145.5 151 148 147.3 146.1 136.7 134 136.3 142.8 150.7 155.7 156.2 156.6 159.5 162.6
81.1 81.5 82.3 83.5 85.2 85.8 86.2 86.8 88.6 89.3 86.2 84.3 83.5 82.8 82.2 81.8 81.4 80.8 80.1 80 79.9 79.2 80.2 80.3 80.6 80.8 81 81.6 83.9 84.9 86.9 88.6 89.9 91.4 92.7 93.4 93 92.6 91.9 91.4 91.4 91.9 91.5 92.3 92.3 92.7 94.3 95.4 97.2 99.3 100.7 100.5 100.4 103.4 103.8 105.6 108.5 109.6 108.7 111 115 116.2 118.9 121.4 121.9 121.3 124.9 131.2 137.4 144.2 146.2 142.9 140.9 134.8 129.6 129.2 136.7 146.1 152 154.4 155.2 155.9 159 164.3
80.2 80.7 81.3 83.1 85 85.8 86.5 86.1 87.9 89.4 86.6 84.2 83.5 82.7 81.8 81.7 81.4 80.9 80.2 79.8 79.8 79.8 79.9 80.3 80.6 80.9 81.2 81.5 83.4 84.4 86.2 87.8 90.2 92 93.5 94 94 93 91.9 91 91.4 91.7 91.8 91.8 91.6 91.9 93.6 95.5 97.8 99.3 98.2 97.6 98.8 101.1 102.4 103.7 106.2 106.9 108.7 111.4 114.6 114.6 116.8 117.9 119.3 119.9 124 129.6 135.5 139.5 136.2 133.3 126.7 126 129.8 138 141 143.2 149.6 151.5 154.7 155.1 157.6 160.3
79.5 79.9 81.2 83.5 84.6 85.4 85.4 84.9 86.4 87.7 86.7 84.7 83.2 82.1 81.5 81.5 81.3 80.8 80.2 79.5 79.3 79.1 80 80.3 80.6 80.9 81.2 81.5 82.6 83.6 84.7 87.1 89.2 91.3 93.2 93.4 93 92.7 91.5 90.3 90.6 90.8 90.9 91 90.6 91.5 93.5 96.4 98.6 100.4 98.1 97 97.1 98.7 100.3 102 104 105.6 107.9 110.8 113.1 113.8 115.3 117.9 118.9 119.1 121.4 126.1 129.1 129.2 127.7 122 124.9 134.6 136.9 138.4 139.5 140.9 144.9 150.1 153.3 152.4 149.5 150.4
78.7 79 80.3 82.4 83.7 84.5 84.4 83.9 84 84.5 84.5 83.8 82.6 81.7 81.1 81.1 81 80.2 79.6 79.5 79.5 79.6 80 80.3 80.6 81 81.3 81.7 82 83.4 83.8 85 87.7 89.2 91 91.8 91.6 90.7 89.9 89.7 89.8 89.6 89.5 89.6 89.6 90.5 92.9 96.3 99.8 102.5 99.4 95.6 96.2 97.2 98.4 100.2 101.8 104.3 106.9 108.1 111.6 113.6 114.7 116.1 117.5 118.3 117.5 118.2 118.4 117.1 119.8 123.4 129.1 131.9 134.5 136.4 138.6 140.3 142.8 145.3 148.1 146.1 155.5 162.9
78.2 78.1 78.4 78.9 81.2 81.8 82.2 82.2 82.2 82.2 82.4 82.2 81.8 81.4 80.8 80.9 80.8 80.1 79.2 79.4 79.1 79.7 80.1 80.5 80.8 81.1 81.5 82 82.2 83 83.3 84.3 87.3 90.6 93 92.8 91.2 90.1 89.5 89.4 89.3 89.5 89.3 89.2 89.3 90 91.5 95.7 99.1 101.3 97.4 95.2 95.5 96.6 98.2 100 102.1 103.7 105.4 106.7 109.5 112.5 113.7 114.9 111.2 111.9 112.6 116.1 119.9 123 126.4 128.5 130.7 133.5 136.3 137.6 139.3 138.4 140.4 141.7 145.3 154.3 170.8 171.3
77.8 78 78 78 78.6 80.1 81.3 81.2 81.5 81.7 81.5 81.5 81.3 81.1 80.9 80.9 80.6 79.9 79.2 78.4 79.7 80 80.2 80.6 81 81.3 81.8 82.3 82.3 83 83 84.7 86.4 89.7 92.3 93 93 91.9 91 90.1 89.5 89.2 88.9 88.5 89 89.9 91.1 93.2 95.5 95.3 94.6 94.6 95.4 97.5 98.8 100.1 101.8 103 104.4 105.7 107.2 108.4 111.8 109 109.7 117.5 121.6 123.2 125.6 126.9 126.7 123.2 129.6 134.1 136.3 136 137.2 143.7 148 150 158.2 174.8 177.1 177.4
78.4 77.9 77.6 77.5 78.3 79.5 80.8 80.8 80.7 81.5 81.3 81 80.8 80.7 81.3 81.2 80.9 80 79.1 79.4 79.7 80.1 80.4 80.8 81.1 81.5 82.4 82.4 82.9 83.2 83.3 84.2 85.6 88 90.5 92.1 93.2 93.3 92.6 91.4 89.5 88.2 87.7 87.7 88.6 89.6 90.7 91.8 92.6 93.2 93.7 94.9 96.1 97.3 98.4 99.8 101 101.9 102.8 103.9 103.4 105 106.3 112 116.9 118.8 121.2 122.8 124.1 125.7 122.5 127.3 132.5 131.1 130.7 135.3 141.8 156.6 165.8 169.4 163.9 165.2 175.1 180.2
78.2 78 77.7 77.7 77.8 78.4 79.7 79.8 80.2 81.2 80.1 80.1 80.3 80.5 81.5 81.8 81.2 79.7 78.7 79.8 80 80.2 80.7 81.1 81.5 81.9 82.3 81.5 83.3 81.6 82.1 83.2 83.1 86.6 87.8 90 92.3 93.1 93.3 92.4 90.7 88 86.5 88.1 88.6 89.4 90.1 90.9 91.8 92.4 92.7 94.2 95.4 96.7 97.8 99.1 100.1 100.6 99.5 104.5 107.3 108.5 112.4 112.9 115.5 117 118.4 120.2 121.8 120 121.7 127.2 131.2 134.9 134.5 137.1 143.1 160.7 172.3 176 179.4 182.7 185 185.8
78.3 77.6 77.6 77.8 78.1 78.4 78.4 78.6 79.2 80 79.9 79.5 79.7 80 81 80.7 80.5 79.9 79.1 79.7 79.9 80.5 81.1 81.4 81.6 82 82.3 81.2 80.9 80.8 81.2 81.3 82.2 82.6 83 83.3 83.9 88.3 91 92 91.3 88.9 86.9 88.5 88.3 87.9 89 89.9 90.4 92 93 93.7 95 96.1 97.1 98.1 96 101 103.4 104.7 106.1 108 109.2 111.8 113.1 114.3 115 118 116.3 120.5 126.5 130.2 134.2 136.4 137.8 137.9 142.3 155.7 171.3 177.8 181.4 185 190.5 193.4
