app/static/ascii/NZ60.asc
ncols 200
nrows 200
xllcorner 460000
yllcorner 500000
cellsize 50
[rows 140 to 174 of 200, columns 0 to 77 of 200]
200.2 203.5 213.6 225.9 235.2 245.4 265.3 284.6 299.5 310.9 326 348.1 375.6 388.9 399.9 414 422.1 425.5 425 422.9 419.8 418 415.7 413.2 411.1 408.5 406.5 403.1 401 400.2 398.9 398.8 398.9 398.3 397 394.4 393.7 391.8 390.2 389.6 388.7 388.3 387.3 385.9 384.7 384.7 386.9 389.2 393.2 396.7 400.5 403 405.8 408.6 411.2 414.7 417.7 421.1 423.6 424.8 426.2 427.9 430.7 432.3 433 431.7 430.4 428.8 427.7 426.9 422.6 415.9 410.7 407.5 404.3 399.7 395.4 390.7
204.7 205 213 224 233 246 263.7 283.8 299.3 310.1 321.7 340.4 371.4 383.7 398.5 412.8 420.5 425 425.7 423.5 421 418.9 416.9 414.9 412.1 410.2 408.5 406.6 405.3 404 402.7 402.7 403.2 402.6 401.5 400.2 398.6 396.4 394.9 393.7 392.2 392 391.6 390.3 389.7 388.7 390 393.1 395.9 398.4 402.6 406.1 408.8 412 414.8 419.1 422 424.5 426.5 427.8 428.9 430.6 432.4 433.2 433.8 433.6 431.6 429.1 427.9 426 422.3 415.1 410.2 407.1 404.3 400.3 394.7 390
208.6 210.3 212.4 221.8 232.1 243.6 261.4 282.1 297.1 304.1 321.3 341.1 367.5 380.7 398.3 411.5 419.7 424.8 426.5 425.5 423.5 421.3 418.4 416.3 414.6 411.6 409.9 409.7 408.9 405.8 406.6 406.2 406.7 406.3 405.2 404.1 402.8 400.9 399.3 398.1 396.9 396.2 396.2 394.6 393.8 393.4 395.3 396.6 399.4 401.2 404.6 408.7 411.9 415.2 419.4 422.5 425.5 428.8 430.3 431.3 431.9 432.8 433.2 433.8 434.2 434.4 433.6 429.8 427.8 425.6 423.5 416.1 410.6 407.3 404.5 400.4 394.9 390.4
209.8 211.4 214.1 221.5 231.7 245.9 260.9 279.5 294.8 303.5 318.9 339.6 359.2 377.7 395.8 408.4 418.2 423.7 426.8 427.6 426.1 423.8 421.4 418.7 416.4 414.7 412.4 412.4 412 409.2 409.9 410 409.7 409.8 408.8 407.8 406.2 405 402.9 401.9 401.1 400.2 400.5 399.4 399.4 400 400.3 400.5 402.2 404.5 407.5 411.3 415.4 419.1 421.8 425.4 428.8 430.4 432.2 432.9 433.4 433.7 434 434.1 434 434 433.2 430.1 427.1 426.1 424.2 416.6 411 407.4 404.9 400.7 395.9 390.6
212.9 214 215.7 222.1 232.2 244.2 256.4 275.7 292.6 302.4 313.2 332.8 357.9 374.7 390.6 404.2 418 424.3 427.7 428.8 427.7 425.9 424.2 421.9 420 417.9 415.8 414.6 414.1 413.1 412.8 412.3 412.9 412.5 412.4 411.2 410.3 408.3 406.6 406.1 404.6 404.2 404.4 405.1 405.8 405.7 404.8 404.5 405.5 407.9 410.5 414.4 418.8 421.2 424.6 428.1 430 431.3 432.9 433.5 433.8 433.9 434.3 434 433.5 432.9 431.8 429.6 426.5 425.3 423.6 415.3 411.4 407.8 404.9 401.2 395.4 391.3
214.1 216.2 219.4 223.3 228.8 240.7 255.3 274 289.5 300.1 309 327.9 355.1 372.9 387.6 403.6 418.4 423.6 427.6 429.3 428.5 427.8 426.6 424.9 423.2 421.3 418.6 417.8 415.2 415.5 415.9 416.2 416.6 416.8 416.4 415.8 413.9 412.1 411.2 409.9 409.4 408.7 409.4 410.2 410.5 409.5 408.4 407.7 408.1 410.7 413 417 419.4 422.8 426.2 428.2 430.3 431.6 432.7 433.6 434.1 434.1 433.7 433.3 432.7 432 431 428.6 425.2 424.3 421.8 414.6 410.5 407.6 404.4 401.5 395.1 390.8
216.6 217 219.8 225.2 232.7 238.8 249.6 270.5 286.4 296.3 303.5 321 348.3 372.7 386.3 403.6 416.7 422 426 428.8 429.8 430 428.9 427.3 425.8 423.8 421.3 420.1 418.3 418.2 419.3 419.6 419.7 419.5 419.4 418.4 416.9 415.5 414.7 413.5 412.7 412.5 412.7 413.3 412.8 412.4 411.7 411.1 410.9 412.7 416 418.3 420.2 422.7 425.9 427.6 429 430.8 432.2 433 433.6 433.3 433 432.6 431.8 431 429.5 426.3 424.1 423 420.3 414.6 410.4 407.3 404.4 401 395.5 391.3
221.7 220.2 220 225.2 236 244.3 252 267.2 281.6 291.8 298.6 312.1 333.1 371.6 386.5 401.2 413.1 420.8 425.1 427.8 431 431.8 430.7 429.3 427.6 425.7 424 422.6 422.2 421.7 422 422 422 421.6 421.4 420 418.8 418.1 417.1 416 415.4 414.7 414.9 414.8 414.6 414.3 414.1 413.2 413.1 415.3 417.2 418.8 420.2 422.6 424.7 426.1 427.4 429.5 430.8 431.6 432.2 432.1 432 431.5 429.6 428.1 427.6 423.9 422.1 421.2 418 414 410.9 407.3 404.2 401.1 396.4 391.4
228.8 226.6 225.7 223.3 237.3 248.7 257.1 264.8 276 284.4 294.3 309 329.4 367.6 383.2 402 412.8 419.9 423.6 427.7 430.2 432 431.6 430.5 428.5 427.4 425.7 425 424.2 424.1 424.3 424.3 423.3 422.9 421.8 420.5 419.7 419.1 418 416.9 416.2 415.5 415.5 415.4 415.3 415.2 415.3 414.7 415.3 416.7 417.6 418.3 418.8 421.1 423 424 425.1 426.9 428.7 429.5 430.6 430.5 430.1 429.1 427.2 423.8 422.9 422 420.2 419.3 417.8 413.6 410.3 406.9 403.7 400.6 397 393.1
244 239.4 234.5 229.5 237.4 250.8 262.2 270.6 277.7 284.2 297.8 310.6 326.5 354.2 380.6 399.6 412.4 416.4 422.2 426.5 429.3 430.7 431.3 430.8 429.7 428.2 427.2 426.4 425.8 425.4 425.5 425.1 424.1 422.7 422.2 421.1 420.1 419.2 418.3 417.2 416.5 416 415.7 415.7 415.6 415.6 416.1 416 416.3 417 417.8 418.8 417.9 418.6 419.3 420.4 421.5 422.9 424.2 425.7 427.1 427.5 426.2 423.8 422.1 420.5 420.4 419.7 418.7 418 417.2 414 410.3 407 403.9 400.7 398.2 393.7
258.2 251.4 243.9 238.6 240.6 250.4 263.7 271.5 279.1 291.3 303.5 312.8 330.2 345.1 365.1 400.1 411 416.1 420.6 424.7 427.8 428.9 430.2 430.5 429.6 428 427.3 426.9 426.7 426.3 425.9 425.3 424.3 423.1 422.2 420.8 419.5 418.8 417.8 416.6 415.8 415.4 415.2 415.3 415.6 415.9 416.1 416 416.9 417.3 417.8 418.4 417.7 417.2 416.7 416.6 416.6 417.8 418.7 420 421.1 421 420.3 419.5 418.9 418.9 417.9 417.6 416.2 415.9 416.1 413.7 410.9 407.2 405.1 401.7 398.7 395.5
271.9 262.9 258.5 254.8 247.8 252.5 265.4 271.8 283.1 298.8 308.7 317.6 334.7 345.9 372.6 400.1 409.3 415.2 419 424.3 425.9 427.6 428.3 429.3 428.7 428 427.6 427.2 426.6 425.9 425.4 425.2 424.2 422.9 421.3 419.9 418.7 418 417.1 415.8 415 414.7 414.6 414.5 415 415.5 415.8 415.6 416.7 417 417 417.1 417.1 416.8 415.7 414.4 413.8 413.8 413.8 414.4 414.5 415.7 415.5 415.6 414.4 413.6 413.1 413.7 414.2 414.4 414 412.7 410.4 407.4 405.4 403.2 399.5 397
283.9 279.1 275.1 269.9 260.1 260.7 270.4 275.3 292.6 310.8 320.4 327.9 333.1 347.1 375.5 400.1 407.9 415.4 419.2 423.6 425.4 426.6 427.1 427.4 427.7 427.5 427.5 427 426.3 425.6 424.8 424.4 423.9 422.8 421.2 419.4 418 417.1 416.4 415.1 413.9 413.2 413.4 413.4 414.2 414.7 414.8 414.9 416 416.2 416.2 416.2 416 415.2 414.3 412.5 411.3 410.1 409.3 409.3 409.1 409 409.7 409.7 409.8 409.3 409.6 410.2 410.8 411.3 412.1 411.8 411.1 408.8 407 404.4 402 399.2
297.8 291.7 288.7 284.2 270.6 273.8 276.8 287.5 311.3 329.2 337.1 341.9 341.9 353.7 377.5 399.4 408.7 415.2 419.4 423.6 424.5 425.7 426.1 426.5 427.3 426.3 426.4 426.5 425.9 425.2 424.3 423.4 422.5 421.3 420.2 418.8 417.4 415.8 414.8 413.8 412.4 411.4 411.8 411.8 413 413.1 413.7 413.9 414.2 414.8 415.2 414.6 414.8 414.3 412.1 409.9 409.1 407.6 407.1 405.8 405.1 404.8 405.7 405.9 405.9 405.7 406.2 407.1 407.7 409.1 409.3 410.3 410.6 410.1 408.1 405.9 404.3 401.5
309.2 304.9 298.9 290.3 284.4 283.6 295.2 318.4 322 338 349.1 358.4 363 366.3 376.9 399.1 409.6 414.7 419.5 423.2 423.9 424.5 425 424.8 425.7 425.3 425 425 424.2 424.1 423.9 422.7 421.6 420 419.3 417.9 416.5 414.9 413.4 411.9 410.6 409.9 409.7 409.5 410.2 411.2 412.1 412.6 413.1 412.8 412.9 412.9 413.1 411.9 410.3 408 406.4 404.7 403.7 402.2 401.6 401.2 401.4 401.9 402 402.2 402.7 403.2 403.9 405.4 406.8 407.5 408.9 409.7 409.3 407.4 405.5 402.9
320.7 311 305.6 297.3 294.5 291.3 303.6 331.6 341.4 341.1 358.6 367.9 375.5 381.5 391.9 401.4 410.3 414.9 419.5 422.3 423.4 423.6 423.3 423.2 423.9 423.8 423.5 423.4 423 423.1 423.1 422.5 421.6 419.7 418.6 417.2 415.8 414.2 412.5 410.5 408.5 407.5 406.9 407.3 407.6 408.8 409.8 410.5 411 411 410.2 410.2 410.3 409.5 408.1 406.4 403.9 402.9 400.9 399.3 398.2 397.6 397.6 397.8 398.1 398.6 399.4 400.6 401.1 402.4 403.7 405.2 407.1 408.8 409.6 408.9 407.2 405.3
323.5 314.7 310.3 303.8 302 309.1 326.5 341.6 350.4 359.2 365.4 374.3 383.4 389.4 395.8 403.5 410.5 415.6 420.2 422.6 422.9 422.4 421.7 421.6 421.1 422.2 422 421.7 421.8 421.9 421.5 421.1 420.4 418.9 418 416.4 414.5 412.8 411.3 409.3 405.5 404.7 404.1 404.3 404.2 405.4 406.9 408.1 409 409.3 407.9 407.5 406.9 406.7 405.6 404.3 401.8 400.1 397.5 395.8 394.3 393.7 393.1 393.9 394.3 393.4 396.2 397.2 398.2 400.2 401.7 402.7 405.7 408.1 408.7 409 409 407.5
336.4 324.4 320.9 321 321.7 335.2 349.2 355.8 360.4 366.6 373.4 377.7 386.8 393.9 398.4 405 411.3 416.2 419.8 421.9 421.9 421 420.7 420.8 420.6 420.4 420.7 420.5 420.1 420 419.7 419.4 419.5 418.8 417.5 416.1 414.4 412.6 410.5 407.4 405.2 401 400.5 401.6 401.1 402.1 403.4 404.9 406.1 406.2 404.9 404.5 404.4 404.5 404.1 401.8 399.7 397.5 394.8 391.9 389.8 388.7 388.6 389.3 389.6 390.4 392 393.4 395.4 397 399.3 401.8 404.5 406.6 407.4 409 409.7 409.7
359.5 351.6 338.7 341.6 345.6 360.5 366.9 365 368.2 375.4 381.8 388.1 392.3 396.5 401.3 407.1 410.7 415.5 418.5 419.3 420.1 419.7 419.4 419.9 419.8 419.1 419.9 419.4 419.3 419.2 418.7 418.4 418.3 418.2 417 415.6 414.1 412.8 411 408.4 405.1 402.4 397.3 398.1 398.1 399.3 399.9 401.6 402.9 403.1 402.2 402.4 402 402 401.7 400.5 398.3 395.2 392.7 389.4 385.7 383.7 383.5 384.3 385.1 386.1 388.3 390.4 391.9 394.8 397.7 400.1 403.2 404.9 407.1 408.2 408.9 409.6
392.7 378.4 368.9 363.4 370.4 377.2 379 373.9 377.7 385.6 390.1 394.9 398.9 401.1 404.5 408.1 413 415.5 417.7 417.8 418.1 418.4 418 418.5 418.7 418.5 419.1 419.3 418.6 418.4 418.1 417.9 416.9 417.1 416.5 415.6 414.3 413 411.4 408.4 404.9 401.2 397.5 394.1 395.2 396.1 397.3 398.3 399.2 399.4 398.5 398.4 399.3 400.2 399.7 398.7 397.1 393.6 390.1 386.9 381.5 376.6 377.2 378.7 380 382.4 384.3 387 390.2 393 395.8 398.7 401.3 403.2 405.1 406.2 407.4 408.6
413 400.2 399.6 393.9 389.3 388.9 390.6 386.7 390.1 392.2 396.7 401.9 404 406.6 407.9 410.8 414.1 412.8 416.8 416 416 416.2 416.6 417.1 417.9 417.9 418.3 418.4 418.3 417.7 416.8 416.6 415.7 416 415.7 415.3 414.6 413.1 411.2 408.6 404.8 400.3 396.4 393.1 390.3 393.8 395 395.6 396.6 395.4 395.2 395.5 396.3 398.1 399 397.8 395.3 392.4 389.4 385.8 380.7 372.9 371.2 374.1 375.7 379.5 382 384.9 388.1 390.7 394.7 397.4 399.4 400.3 402.1 404.8 405.8 406.2
425.6 422.4 417.9 411.5 404.4 402.6 399.7 399.3 400.4 400.7 403.8 408.7 410 411.3 411.5 413.1 415.3 414.1 415.3 414.5 414.3 414.8 415.3 415.8 417.2 417.3 417.7 417.8 417.7 416.5 415.1 414.5 414.4 414.5 415 414.8 414 413 411.3 408.4 404.5 400 395.2 391 386.1 390.2 392.3 392.6 392.6 392.3 392.6 392.9 393.9 395.4 396.7 395.9 393 389.4 387.5 384.3 379.4 373.1 360.4 367.8 371.3 375.6 379.8 382.9 385.7 389.8 393 395.3 396.9 397.8 398.9 401.7 403.2 403
434.6 433.4 432.7 428.1 421.7 415.5 413 410 409.6 408.9 409.7 413.6 414.4 416.3 415.3 414.9 416.5 416.1 411.8 412.8 412.7 413.2 413.9 414.9 416.1 415.9 416.3 416.9 416.6 415.7 414.7 413.3 412.4 412.7 413.3 413.9 413.4 412.4 410.5 408.1 404.1 399.4 394.8 390.7 383.1 383.5 387 388.4 388.9 388.6 388.3 390.6 392 392.9 394 394.2 391.6 388.2 385.9 382.8 377.5 370.9 358.8 359.9 367 371.1 377.2 380.5 384 387.4 390.3 392.4 393.5 394 395.4 397.3 399.8 399.9
437.7 437.3 436.6 434.9 431.9 428 425.7 422.4 419.1 417.7 417.2 418.7 419.7 419.7 418.2 417.4 416.9 415.5 413.7 409.9 410.2 410.4 412.1 413.3 414 414.6 415.5 415.2 415.3 414.4 413 411.7 410.5 410.7 411.9 412.7 413.2 412.3 411 408.8 404.6 400.3 395.5 391 384 382.3 381.7 382.6 383.3 383.2 384.6 388 390.6 391.4 391.9 392.7 389.5 387.2 384 380.6 374.2 369 360.9 348.4 362.8 368.6 374.7 377.7 381.2 384.5 386.9 389.2 390.2 390.7 391.4 393.3 396.1 397.5
440.6 439.6 439.5 438.6 437 434.6 434.5 433.1 429.4 425.4 423.4 422.6 424 422.8 420.3 418.2 416.3 414.5 412.6 409.7 407.7 406.6 409.3 411 411.8 412.8 413.9 414.6 414.2 413 411.8 410.3 408.8 408.7 411.1 412.1 412.9 412.7 411.6 409.2 405.1 401.2 396.5 392.9 388.5 381.7 372.9 376.6 377.8 378.4 380 384.2 386.9 390.4 391 390.6 388.7 385.5 381.9 378.4 371.6 366.2 359.7 340.5 357.1 366.4 372.5 375.3 378.1 381.4 383.8 384.9 386.8 387.4 388.3 390.4 392.3 393.8
442.8 442.1 441.3 441.9 441.3 440.6 441.1 440.1 436.7 433.1 430 429.5 427.5 424.9 422.4 419 415.7 412.3 410.7 408.4 405.8 403.4 406.7 408.5 409.6 410.2 411.7 412.7 413.1 412 410.6 409 406.5 407 409.5 410.9 411.6 411.7 411.1 409.3 405.7 401.8 398 394.7 391.3 385.2 379.5 367.6 371.2 374.2 376.9 380.6 384.8 387.4 386.7 387.8 385.6 383.9 378.7 373 368 362.3 355.5 336.8 352.2 363.1 369.4 372.9 375.7 377.9 380 381.5 382.7 382.9 385.1 386.6 389.1 390.1
443.8 443.1 443.3 443.8 443.6 443.4 444 442.8 440.8 438.8 435.6 433.3 430.7 426.5 423.2 419.8 415.5 411.8 407.3 405.4 402.7 399.9 402.6 405.6 406.6 407 408.7 410 410.8 409.3 409.5 407.3 404.4 404.2 407.3 409.2 410.2 410.5 410.8 409 405.9 402.5 398.2 395.4 392 387.3 381 374.6 360.9 370.4 373.7 376.2 379.3 382.6 386.7 387.5 386.4 382.2 376.1 371 365.1 359 350.6 331 344.8 358.3 364.9 369 372.3 375.2 376.1 376.7 377.7 379.2 380.8 383.4 384.9 387.2
443.8 443.2 442.9 443.3 444.3 444.8 445.1 444.4 442.4 441 438.6 435 432 428 423.3 419.7 415.3 411.1 406.9 403 398.7 397.2 398.1 400.9 403 403.4 404 406.4 407.1 407.8 407.6 406 402.9 402.2 404.2 406.2 408.5 409 409.5 408.1 405.1 401.8 398.4 395.2 392.2 387.9 381.6 375.6 362.4 365 369.1 372.4 375 378.5 383 384.8 384.2 380.3 374.8 369.5 363.2 355.5 346.9 324.5 338.2 349.2 359.4 363 367.3 371 371.8 373 373.2 375.3 376.6 379.6 382.8 384.4
442.3 441.9 442 442.4 442.9 443.4 444.1 444 442.8 441.5 439.3 436.6 433.7 429.8 424.8 420.4 416.7 412.4 407.2 401.5 396.8 394.3 393.8 396.1 398.9 399.4 400.3 401.2 401.9 402.6 404.5 404.8 401.9 399.5 400.6 403.3 406.4 408.2 408.8 407 404.1 400.3 396.9 393.9 391.5 387.6 381.2 375.2 367.8 353.6 364.3 367.9 371.2 375.3 378.5 380.8 379.8 377.1 373.9 368.6 361.8 352.8 343.8 328.2 328.6 339.9 348.9 356.1 361.3 366.3 366.9 367.3 368.7 370.6 373.8 376.2 379 381.8
440.9 440.6 440.1 441.4 441.8 441.7 442.1 442.6 441.8 441.3 439.6 437.5 434.5 430.3 425.9 420.9 415.9 411.5 407.3 401.2 396.3 392 390.7 391.6 393.8 395.6 396.3 396.8 397.4 398.9 401.3 401.3 400.9 397.3 396.3 400 403.5 407.2 408 406.4 402.9 399.1 395.6 392.8 390.4 386.4 380.7 375.8 369.3 356.3 351.6 363 366.9 372.8 376 377.5 376.7 375.1 371.9 367.2 358.5 350.8 340.9 329.2 317.4 331.5 340.1 346.6 353.4 357.7 360.2 360.8 362.7 366.8 369.6 373.2 375.8 379.2
439.8 439 439.4 439.3 440.2 440.1 441 441.5 441.4 441.5 439.9 437.9 434.1 430 425.4 419.4 413.5 408.6 404.6 400.9 395.3 390.4 387.1 387 389.1 391.4 392.5 393.5 393.8 394.2 396.8 398.9 398.3 395.6 393 396.8 401 405.7 407.3 405.1 402 398.2 394.2 391.9 388.7 384.5 379.7 374.9 368.4 356.9 341.4 356.2 362.7 369.6 373.3 375.2 374.4 372.8 369.7 364.7 357 348.8 339.7 331 303.2 320.8 331.9 337.5 341.7 345.6 350.6 353.3 356.9 363.1 365.5 369.2 372.9 376.1
438.8 438.1 437.3 437.4 437.6 438.1 439.1 439.7 440.1 440.6 439.9 437.6 434.8 429.7 425.4 420.1 414.2 408.4 403.8 399.8 394.7 390.2 385.9 382.7 384.4 387 388.7 389.3 389.7 390.5 391.2 394.9 395.4 393.9 393.5 394.3 398.5 403.3 405.1 403.9 400.6 397 394.7 391.4 389 383.4 377.9 373.7 367.5 357.8 333.6 350.1 356.1 364.3 368.9 371.6 372.4 370.4 366.8 360.5 355.1 345.9 337.8 330.4 305.4 306.6 325.1 330 332.5 334 338.6 340.1 350.8 357.9 361.6 365.2 370 374.4
439 436.4 434.5 435 434.9 435.6 437.1 437.3 438.9 439.4 438.9 437.5 435 431.4 426.8 421 415.5 410.5 405.5 400.7 396.8 392.4 386.8 381.5 379.4 381.6 384.3 385.7 385.9 385.9 386.9 390.3 391.7 389.9 389 392 396.8 401.1 403.6 402.4 399.4 396 392.7 390 387.6 382 377.3 372.6 366.7 354.8 328.1 344.2 349.6 356.2 363.2 366.3 368.1 368.3 363 357.6 350.9 344.8 335.7 328 306.8 288.7 312.6 321.2 320.6 322.8 325.3 332.8 341.5 350.6 357.2 361.7 366.6 371.9
439.3 435.9 434.8 433.2 432.2 432.6 433.5 434.8 437 438.4 438.7 437.4 434.9 431.4 426.9 422 416.5 411.5 406.4 401.1 397.2 392.2 387.7 384.4 379.4 375.9 378.1 380.9 382.5 381.7 382.7 385.4 387.3 386.2 385.7 390.2 394.5 398.8 398.5 398.7 398 394.5 391.4 388.8 386 380.8 376.4 371.9 365.9 355.3 331.2 332.3 342.9 346.5 352.7 358.8 361.8 364.2 359.2 353.7 345.9 342.3 334.6 324.7 308.1 278.2 289.5 300.1 310.8 312.9 314.8 323.2 332.6 342.9 351.4 359 364 369
439.3 436.1 433.6 430 430.4 430.1 430.6 432.4 435.1 437 437.6 436.9 434.6 431.4 427 422.5 417 411.2 406 401.1 396.1 393.3 390.5 387.9 384.5 379.7 374.3 374.7 377.1 378 378.7 380.9 384.1 382.4 383.6 387.3 392.8 397 399.8 399.4 397 393.8 390.4 387.9 384.6 378.8 374.3 370.5 364.8 355.1 333.8 310.3 331.5 335.8 340.9 345.1 351.3 356.2 351.6 344.9 339.5 338.6 332.8 325.7 310.7 285.8 272.4 280 286 294.8 304.2 315.4 325.2 335.3 343.5 354.3 360.4 364.4
