app/static/ascii/NZ61.asc
ncols 200
nrows 200
xllcorner 460000
yllcorner 510000
cellsize 50
[rows 35 to 69 of 200, columns 0 to 77 of 200]
101.1 101.8 103.6 104.9 105.1 106.3 106.7 107.2 106.6 105.1 105.2 104.6 104.1 103.6 102.7 102.4 101.5 100.9 100.4 99.3 98.1 97.1 95 93.3 92.6 91.9 91.8 91.7 91.5 91.1 90.9 90.8 90.8 90.6 90 89.2 88.3 85.7 82.4 74.9 64.6 77.6 83.5 62.4 60.6 66.4 62.8 60 73 70.9 74.3 83.8 84.6 77 70.7 72.7 76.5 76.6 76.1 76 73.6 63.7 71.8 72.2 73.9 72.6 58.9 53.9 52.6 52.7 60 66.2 70.7 72.2 73.6 75.7 77.9 79.4
103 103.9 105.8 106.8 107.9 108.5 108.6 109.6 109.3 108.6 106.8 106.8 106 104.1 103.6 103 102.4 101.6 100.6 99.5 98.1 96.7 94 93.2 92.5 92.1 92 91.9 91.5 91.5 91.3 91.1 90.9 90.5 90.5 90.2 89.5 87.2 79.4 71.1 64.4 79.7 83.6 80.9 80.4 78.7 74.5 65.3 60.2 58.4 62.8 73.3 75.9 63.6 59.8 61 66.8 68.9 69.8 74.7 75.4 67.6 68.1 72 73.2 67.7 56.1 53.4 55.8 56.4 57.9 68.2 71.4 72.5 75 76.8 78.1 79.1
105.1 105.9 108 109.4 109.7 110.3 110.8 111.2 110.9 110 109.1 107.9 107.4 106.2 104.7 103 102.4 101.6 100.6 99.7 97.8 95.6 93.4 92.8 92.4 92.2 92.2 92.1 91.5 91.7 91.5 91.1 90.7 90.3 90.1 89.9 88.3 83.8 76.6 66.3 69.9 80.2 84 84.3 82.6 79.2 77 76.5 73.5 66.4 58.6 60.5 64.1 60.7 58.3 58.6 58.8 58.3 58.8 60.8 65.9 63.7 62.4 67.8 64.2 65.5 56.6 55.7 55.6 66.5 65.6 59.9 66.3 72.4 75.2 77.3 78.2 80.9
107 107.9 109.6 112.4 112.3 112.1 112.2 112.7 111.9 110.8 109.7 107.9 107.7 105.8 104.8 103 102 101.1 100 98.8 95.8 94.2 93.2 92.6 92.4 92.3 92.3 92.3 92.1 91.8 91.4 90.9 90.5 89.9 88.4 87.5 86 77.8 71.8 64.2 74.9 81.4 85 86.3 84.2 80.6 78.2 79 76.8 73.7 68.6 57 59.7 61.5 59.1 57.1 59.3 60.1 55.4 58.2 57.8 57.4 54.1 54.1 54.1 56 56.4 54.9 61.7 65.9 70.2 72.3 64.6 65 73.9 78.3 79.8 82.4
108.6 109.7 111.8 112.9 113.6 113.2 112.8 112.9 111.4 109.7 108.6 108.1 106.6 106.1 105.1 102.8 100.8 99.5 98.9 96.9 94.4 93.5 93.4 92.6 92.3 92.3 92 91.7 93 94.2 90.7 90.5 89 89 93.6 91.3 81.7 75.7 66.6 67.1 77 82.7 85.8 87.1 86.3 82.6 80.2 81.1 79.4 75.5 73.1 68.3 63.3 55.4 60.1 73.3 72 69.4 65 60 58.9 60.9 58.3 56.5 57.7 57 56.5 56.3 60.7 61.5 69.2 74.2 73.9 73.5 68 74.9 80.9 83.8
111.8 112.4 112.9 114 114.2 113.1 111.6 111.3 109.5 108.1 111 111.1 105.1 105.6 104.3 103.4 100.7 99 97.5 95.4 93.5 92.9 92.7 92.6 92.3 92.1 92.2 94.8 97.8 98.2 97 94.9 93.5 96.7 96.4 88.7 79 70.9 65.5 70.2 78.5 83.4 86.8 87.4 86.4 84.5 83.1 83.8 83.1 80 78.4 68 78.7 75 79.9 80.8 76.7 74.1 73.7 73.4 72.7 70.2 62 64.8 64.7 57.6 58.4 59.2 65.7 69.5 65.5 72.9 76.1 77.6 72 79.6 77.3 85.4
112.9 113.6 115.1 115.5 113.3 112.3 110.5 109.2 110.1 111.8 113.2 112.7 109.8 108.6 108 105.9 101.7 98.2 95.2 92.7 91.2 91.8 91.9 93.3 92.5 92.3 92.8 96.2 99.5 100.7 100.4 99.5 100.9 103.4 97 86.4 75.2 67.1 66.6 72.4 79.7 83.5 86.6 87.8 86.5 86 85.6 85.6 85.6 84.2 81.2 74.3 81.7 83.4 82.8 82.6 80.9 79.1 77 75.3 72.7 68.8 57.3 65.6 64 68.4 64.4 68.7 74.6 74.4 73 68.7 75.9 79.3 80.7 74.6 85 86.1
112.6 112.9 112.9 113.7 113.3 110.3 109.9 108.8 107.9 111 113.6 113.4 110.7 103.7 95.6 94.4 94.9 94 92.1 91.1 91 91.6 92.4 92.8 92.1 92.1 91.7 94.8 96.9 99.3 101.9 103.7 104.3 102.8 94.6 87.9 79.7 70.2 67.7 73.3 81.4 83.6 86.3 88.1 88 86.5 85.9 85.8 85.4 84.1 79.4 77.6 81.6 83.3 83.4 82.8 81.6 79 76.4 73.4 67.7 58.8 69.1 63.1 70.5 72.7 73.9 75.7 76.6 76.9 76.3 72.2 75.8 81.1 81.3 83.8 83.3 86.4
110.2 112 112 110.5 111.2 110.6 109.7 109.2 108.3 107.2 111.4 112.7 110.9 101.3 93.1 90.2 92 92 90.9 90.9 89.9 89.8 92.3 92.1 91.3 91.6 91.3 91.9 91.4 94.8 100.7 101.4 101.3 95.2 87 79.6 75.3 67.3 65.7 73.3 81.3 83.6 86 88 88.8 87.9 87.6 86.9 85.8 83.5 81.3 77.5 83.2 83.9 83.1 82.6 81.6 78.4 72.6 67 59.6 68.8 72.4 65.6 72.1 73.8 75.5 77.6 78.5 78.6 75.1 76.3 78.8 81.4 83.6 85.4 88.4 91.4
108.6 109.2 109 109.2 108.3 108.1 107.5 108.5 107.7 106.8 106.2 111.1 110.6 103.4 94.9 90.2 90.6 90.7 90.7 89.5 90.1 89.8 90.3 92.3 91.9 91.5 91.2 91.4 91.1 94.6 98 98.4 94.9 88.5 81.6 74.3 69 69 68.7 76.4 80.5 83.3 86 88.4 89.2 89.4 89.5 88.7 87.3 86.3 83.8 79.3 84.6 86.3 85.1 84.1 81.2 77.2 73.3 70.9 59.6 73.3 74.4 71.9 74.1 75.4 77.8 79.1 78.7 77 76.6 78.1 79.8 82.1 84.9 87.6 90.3 93.7
108.1 108.2 107.8 107.8 107.2 106.8 106.6 106 105.8 106.1 105.5 105.8 108.8 106.7 96.7 91.2 90.3 90.2 90.9 89.4 89.4 91.4 91.7 92 91.2 91.5 91.2 90.7 90.4 90.6 89.5 92 88.5 83.6 77 69.5 67.5 69.1 74.4 76.7 79 81 85.2 87 88.8 90.8 91.1 90.5 89.5 88.3 85.4 81.4 85.6 86.9 86.2 84.4 81.8 80.4 78.8 73.3 61 72.9 75.3 69.7 76.9 77.4 78.6 79.4 79 77.8 77.8 80.2 81.4 83.9 86 89.6 92.5 96.6
108.8 108.6 108.5 107.3 104.2 104.5 104.8 103.7 104.1 104.6 103.6 102.1 105.8 106.3 100.6 94.4 90.3 91 92.9 90.9 90.4 91.1 90.8 91.3 90.4 91.7 91 90.6 90.2 89.9 88.9 85.8 83 80.1 73.5 68.7 66.1 65.5 74.2 79.2 81.4 83.9 87.4 88.1 88.6 91.1 92.2 91.7 90.4 89.2 86.4 85.2 87.6 88.3 87.3 85.6 83.5 82.2 80.4 75.8 62.7 61.2 71.9 73.2 79.2 80 80.5 80.1 79.6 78.7 80.1 82.3 83.7 85.7 87.7 91 93.8 100
111.2 110.1 110.7 109.3 106.2 103.1 99.1 100.1 102.4 102.2 100.2 99.2 99.7 102.5 101.4 96.6 92.7 91.5 92.5 91.4 94.3 92.3 91.6 89.4 86 87.7 87.9 88.7 88.8 88.9 87.4 83.9 79.6 75.5 71.7 68.5 66.5 70.7 73.8 79.8 83 86.3 89.1 89.9 88.6 91.3 93 92.9 91.3 89.6 86.6 88.8 88.9 88.9 88.5 86.9 84.3 82.7 81.1 75.7 69.5 68.9 64.7 78.2 75 80.9 81.1 80.3 80 80.2 81 83.7 85.6 87.2 90 93.1 96.5 107.3
116 114.8 112.9 110.1 107.3 104.1 101.2 99.2 97.1 98.1 97.2 97.1 98.4 98.7 99.1 95.5 93.8 94.3 92.9 92.7 92.4 92 90.6 91.3 89 86.3 84.1 82.5 82.7 83.1 79.8 74.7 73.3 71.1 70.2 68.2 66 74.8 77.3 78.3 82.8 86.8 89.6 90.5 91 92.3 94.1 93.8 92.3 90.8 90.3 90.3 90.2 89.7 87.9 86.9 85.7 83 79.5 70.9 76.6 78.2 64.6 78.5 81.1 76.6 82.2 80.5 80.8 81.8 83.4 84.6 86.4 89.1 92.3 95.8 101.4 116.8
118.8 116.5 113.2 109.6 107.7 104.6 102.5 104.1 94.6 94.5 95.6 96.3 97.5 98.6 99 96.9 93.7 93.4 92.9 92.4 92 91.3 91.7 91.4 90.6 89.4 87.5 84.5 80.1 77.7 77.2 75.2 73.3 69.2 66.3 68.1 72.1 78.1 83.4 81.3 81 84.2 88.4 90.8 91.7 93 95.1 95 94 92.7 92.1 91.7 91 90.2 87.6 86.3 85.8 83.4 77.3 68.8 79.8 80.2 63 79.6 82.4 81.1 79.7 80.3 82.2 82.8 85 86.6 87.9 90.4 93.9 97.8 109.5 121.6
118.3 116.1 114.6 111.7 109.2 105.7 103.4 104.2 99.9 93.9 93.9 95.4 96.8 98.4 99.1 98 94.1 93.5 92.9 92.3 91.9 91.8 91.7 91 90.2 89.2 88.3 87.1 84 84.8 83.5 80.7 77.6 70.8 67.5 70.2 73.4 79.7 85 85.5 85.7 83.2 87.9 91.6 92.3 93.6 97.1 95.6 95.8 94.6 93.9 93.4 91.3 89.5 87.4 85 84.1 83.2 79.9 77 81 82.3 65.9 81.8 83.9 82 83.1 82.2 83.1 83.9 85.8 87.6 89.9 92.5 95.8 99.9 114.1 126.2
120.4 118.6 117.8 113.9 110.8 109.2 105.5 104.3 100.8 95.8 94.5 94.2 95.4 97.2 98.6 98.7 94.7 93.1 92.6 92.2 91.9 91.8 91.3 90.4 89.8 89.2 88 87.4 86.9 86.1 83.9 81.2 78.5 73 67.8 70.4 77.4 82.6 86.6 87.3 88.6 86.5 88.4 91.8 93 94.9 102.3 100.3 98.9 97 95.7 93.7 92.6 90 88.2 86.8 85.6 82.6 78.1 81.8 77.4 83 64.7 83.2 84.5 83.9 84.2 84.1 83.9 85.4 87.2 89.7 91.4 94 98.4 103.9 115.6 130.3
127.5 122.8 118.5 114.5 111.4 110.4 107.6 104.2 99.8 96.6 94.4 92.9 95.2 96.5 97.7 97.9 94.2 93.1 92.7 92.2 91.9 91.6 90.8 90 89.5 89 88.5 87.3 86.4 85.2 82.7 79.8 75.6 68.6 66.5 70.2 79.9 85.1 87.1 88.3 89.8 88.6 91.3 92.6 94.1 101.2 106.2 104.3 101.1 99.3 97.5 95.6 93.9 91.7 90.1 88 85.8 82.1 81.9 84.1 83.3 75.2 74.7 81.5 84 85.9 85.5 85.8 85.8 86.2 89.2 90.9 92.9 96.2 100.9 106.2 117.7 132.3
141.8 128 120.3 114.9 112.6 110.7 108.7 104.4 100.2 97 96.6 92.3 97.4 98.4 98 96.5 93.5 93 92.5 92 91.8 91.4 90.4 89.5 89.3 88.8 88.1 86 84.5 83.1 81 76.9 69.6 69.5 73.4 75.1 78.9 84.5 88 89.1 90.5 91.3 91.7 93.5 95.8 109.2 109.5 107.1 103.9 101 99.4 97.4 95 93.1 91.6 88.9 86.4 86.4 84.4 85.4 83.3 74.8 72.3 83.8 84.9 86.2 86.9 87.8 87.8 88.1 91 92 94.4 97.5 102.1 108.7 117.7 133.1
143.7 129.1 121.1 115.4 112 110.4 108.8 107.9 101.9 97.6 95.2 90.7 96.7 99.5 97.5 95.4 92.6 92.3 92.1 91.8 91.5 91.3 90.3 89.2 88.8 87.6 86 84.1 80.9 79.2 76.9 73.5 67.8 75.5 80.6 81.9 79.9 84.1 88.8 90 91.1 91.8 92.7 94.8 105.4 112 112.8 109.6 106.3 103.2 101.1 99.4 97.1 94.6 92.6 90.7 88.4 87.3 86.7 84.1 85 75.3 66.8 80 85.6 87.3 88.3 90 91.3 91.1 92.3 94.5 96.7 98.8 103 110 120.6 130.5
140.5 126.7 120.3 115.3 111.9 110.3 108.9 107.5 101.6 97.8 95 90.2 99 99.1 95.2 92.8 91.6 91.4 91.4 91.3 91.3 91.1 90.1 89.1 88.2 86.5 84 82.2 79.4 70.6 69.2 68.7 68 76.7 81.1 85.3 85.1 84.5 89.2 90.6 91.5 92.4 94.4 102.4 109.4 115.5 115.9 113.7 109.5 105.5 101 101.1 98.8 96.5 93.7 91.5 90.5 89.3 87.7 86.8 83.7 77.2 67.1 78 87.4 88.7 90 91.9 93.6 93.3 94.5 95.9 98.1 100.2 104.2 109.8 117.9 126.5
133.6 123.6 117.7 113.7 111.6 110.1 109.6 105.7 101.5 97.9 95 92.1 91.7 96.8 93.9 91.1 90.4 90.5 90.5 90.8 91 90.7 90.1 88.8 87.1 84.4 81.5 79.8 76.6 70.6 70.2 70.7 75 77.2 78.7 83.7 87.5 86.4 88.9 91.4 92.4 93 97 107.1 113.4 119.3 119.3 113.7 111.5 107.6 103.8 102.6 100.5 99.1 96.8 92.6 91.9 90.8 87.4 88.3 87.8 82 67.8 77.7 88.8 90.4 91.9 94.2 95.3 95.4 96.1 97.1 98.7 101.6 106 111.2 118 127.1
125.6 119.4 116.5 115.5 113.6 112.5 107.7 104.2 101.6 98.1 96.1 98.4 92.7 87.1 91.1 90.3 89.4 89 89.6 90.2 90.6 90.3 89.5 88.7 85.2 82.2 78.6 72 69.4 72.1 76.4 81.6 82.7 82.1 79.4 81.2 86.1 88.4 89 91.1 93.1 94.5 103.9 110.1 116.4 122.2 121.6 117.3 117.1 110.3 109.6 106.8 102.7 99.5 97.1 94.8 92.9 91.1 90.3 89.2 89.1 88.8 78 72.3 89 92.8 94.4 96.2 96.8 97.5 97.2 98.3 98.7 101.7 107.2 113.5 117.9 125.4
120.7 117.5 115 112.8 111.8 108.9 105.2 102.5 100.3 99.5 98.8 98 96.7 94.2 85 83.7 86.8 85.3 87.3 89.3 90.7 90.1 88.5 86.3 80.2 76.2 72.1 68.2 75.1 77 81.1 85.2 85.1 86.2 86.4 82.5 86.4 89.7 90.6 91.6 93.6 98.2 106.2 112.9 118.6 122.6 122.2 121.7 118.2 117.5 113.8 109.6 104.8 101 98.3 96 94 92.2 92 91.4 90.3 90.3 80.4 76.9 76.1 94.8 96.6 97.2 97.7 98.7 98.5 98.8 101 104.9 109.9 114.6 118.9 126.8
117.4 114.5 111.9 109.5 107.9 105.3 103 101.4 100.9 100.1 97.7 97.3 96.2 94.3 92.5 83.9 80 78.7 82.7 88.5 89.8 88.5 84.5 79.9 75.2 70.3 71 74.4 77.7 84.1 86.1 87.4 87.6 88 89.1 85.6 86.5 90.1 91.8 93.4 95.2 101.6 108.2 114.6 120.1 121.4 120.8 121.5 122.2 118.1 116.5 112.2 106.6 102.5 99.5 97.2 95.2 94.1 93.6 92.8 91.9 92.2 86 81.5 72.7 82.3 97.1 97.9 98.3 99.4 100.6 101.5 104.9 107 109.2 116.3 118.9 126.5
115.8 112.4 109.1 106.5 104.1 101.3 100 100.2 100.5 99.2 97.1 96.3 95.3 93.4 91.3 90.3 89.8 82.9 76.4 85.6 84 82 78.4 74.5 70.8 69.7 76.7 77.8 80.2 87.4 89.5 89.6 89.9 90.1 89.7 84.9 86.5 90.4 92.5 94.4 99.1 105.1 110.5 115.6 119.4 120.3 119.8 120.9 122.6 121.8 117.9 112.7 107.3 103.3 100.5 97.8 96.1 96.3 96.1 94.9 93.7 94.8 95.5 86.1 82.5 77.3 96.9 98.9 99.5 100.1 100.6 102.4 105.3 106.9 111 116.6 120 126.6
112.1 109.4 107 103.6 100.7 98.1 96.1 97.4 98.4 98.3 96.8 95.1 93.4 91.6 89.6 87.8 85.1 78.5 74.2 79 77.8 76.6 72.5 70.2 72.7 74.9 78.9 83 84.4 90.5 91.4 92 92.4 93.5 94.7 95.4 92.9 91.6 94.3 97 102.6 108.1 111.8 115 117.7 118.5 118.4 119.3 121.1 120.8 116.5 111.9 106.8 104.1 101.4 98.5 96.5 97.3 98 96.8 95.5 97.6 98.1 98.6 91.5 74.6 73.8 86.7 100.8 101.2 100.7 101.2 104.7 108.2 112.7 118.6 120.6 126.5
109 106.2 102.9 99.2 96.6 94.4 93.8 94.3 95.7 96.1 94.7 93.1 91.5 89.7 86.3 78.9 76.2 74.8 71.8 71.9 71.5 72.4 70.1 71.5 77.7 82.1 86.7 90.1 92.7 92 91.9 91.7 92.3 92.6 93.2 94.5 96.4 98 98 101.3 105.2 109.2 111.1 113.1 116.1 116.4 116.1 117.1 118.8 118.7 115.6 111.8 107.5 104.9 102.4 99.6 97.6 97.7 98.2 97 97.3 99.9 100.4 99.8 99.7 90.7 73.5 75.1 84.3 96.1 99.8 101.3 105.6 109 114.5 119.5 123.1 127.7
103.7 101.4 98 94.4 92.5 92.3 92.3 92.7 94.1 93.9 92.9 90.9 88.2 83.8 80.7 76.6 72.9 73.9 72.5 70.9 71.4 70.8 74.1 75.8 83 89.6 91.5 91.1 91.3 91.3 91.7 92 92.1 92.5 93 95 97.3 100.3 101.3 104.1 103.6 101.2 105.6 111.9 114 114 113.5 114.3 116 116.9 115.3 112.1 108.1 105.1 102.7 100.9 99.8 99.1 98.1 97.2 98.2 101.2 101.6 101 100.3 98.8 90.2 90.1 75.4 85.4 90.7 102 106.3 109.9 115.3 124.2 125.3 130.6
98.6 95.6 93.3 92.2 90.3 91.1 91.8 93.6 92.8 92 90 83.4 79.7 77.3 74.2 73.6 74.2 74.9 73.8 73.5 77.3 79.6 82 80.4 89.9 89.3 89.2 89.9 91 91.4 92.2 92.2 92.7 92.7 93.6 95.5 97.8 101.1 103.2 106.7 107.1 108.4 109.9 111.9 107.5 107.2 110.8 111.5 113.7 114.1 113.3 110.2 107.1 104 102.4 102.1 101.6 100.6 99.6 99.3 99.5 102.1 102.5 101.9 101.1 101.8 102.1 102 81.5 82.9 90.4 97.5 107.6 111.2 116.6 121 126.1 130.8
94.5 93 91.4 88.3 88.1 89.6 92.8 93.2 91.4 86.8 79.5 75.4 73.8 72.9 73.5 74.7 79.7 78.6 84 80.9 84 86.8 88.5 88.2 88.7 88.5 90.1 91.3 93 94.5 95.3 95.4 95 94.4 95.5 97.1 98.8 101.9 103.4 106.6 107.1 107.3 108.5 109.1 108.7 108.5 108.2 109.1 106.5 109.9 110.7 107.4 104.5 102 102.1 102.4 101.9 101.6 101 100.8 101.1 101.9 102.9 102.7 102.3 103 102.6 101.6 88.2 85.2 90.8 96.3 108.4 111.7 116 120.9 126.5 131
94 93.3 92 88.6 82.6 84.9 84.3 82.2 79 78.5 75.1 72.9 75 81.6 82.6 82.2 83.5 85.8 86.7 85.8 87.9 88.8 89.4 89.8 89.4 89.6 92.3 94.4 95.4 96.4 97.2 96.7 95.5 95.8 96.6 98.7 101 103.2 104.1 106 107.2 107.3 107.8 108 106.7 106.4 106.2 107.5 108.5 108.7 106.1 102 101.5 100.7 101.9 102.3 101.2 101.2 101.6 101.4 101.9 102.3 102.8 103 103.4 103.7 101.9 91.8 80.9 89.3 91.6 97.3 108.4 111.9 116.9 122 126.5 133
94.1 93.5 92.4 89.2 80.7 78.4 77.2 75.7 74.4 75.3 74.2 76.4 79.6 84.6 85.3 85.1 84.9 86 87.9 89.8 90.7 89.8 90.4 90.7 90.9 90.8 93.1 95.9 97.1 98.3 98 95.9 95.4 96.5 98.5 101.1 103.7 104.8 105.5 106.7 107.4 107.2 106.6 105.7 104.8 104.8 104.3 105.7 107 106 102.7 100.5 99.7 100.3 101.8 100.5 99.9 100.8 101.3 101.8 102.3 101.7 100.5 101.5 103.6 104 98.5 78.5 92.2 92.8 96.9 106.1 109.2 115 117.9 123.9 128.2 134.7
95.4 94 92.4 87.8 79.2 76.5 75.7 76 81.6 83.2 82.1 82.4 84.1 85.6 87.1 87.2 87.6 88.1 88 89 89.3 90.8 90.9 90.9 90.8 90.9 92.2 94.2 97.4 99.7 98.9 95.8 94.9 95.8 99.1 102.1 105.7 106.6 106.8 107 107.1 105.1 104.4 103.5 101.9 100.4 100.8 102.9 106.2 105.7 100.4 98.4 98.3 99 100.5 98 100.3 101.4 100.6 101.7 101.1 100.2 101.4 100.1 102.6 103.1 85.4 92.4 102.7 103.7 105.6 106.8 108.5 112.6 117.2 123.9 129.9 135.4
93.7 91.9 89.7 84.8 78.1 75.2 76.7 85.6 86 85.6 84.2 85.6 87.4 86.6 87.8 88.1 88.8 89.3 89.2 89.6 90.1 91.6 93.2 93.2 91.6 91.5 93.2 95.3 98.2 99.3 96.2 93.7 93.1 94 96.5 102.3 106.8 106.6 106.9 106.9 105.3 103.4 100.6 100.6 99.2 97.8 98.4 100.8 105.4 105.7 101.8 98.2 97.9 98.2 98.6 99 100.4 100.9 100 100.9 100.1 99.9 99.7 100.4 88.4 87.7 81.9 101.9 102.9 103.2 105.3 105.8 108.7 112.5 117.3 122.9 131.2 136.8
