app/static/ascii/NZ70.asc
ncols 200
nrows 200
xllcorner 470000
yllcorner 500000
cellsize 50
[rows 140 to 174 of 200, columns 79 to 157 of 200]
195.1 191.2 185.9 180.2 175.5 170 167.5 164.2 160.1 159.2 157.5 156.4 154.5 152.5 150.7 149.5 148.3 147.2 145.7 144.4 144.7 148.6 149.5 150.6 151 153.1 154.5 153.8 152.6 151.1 151 152.6 154.7 158.8 165.9 175 187.2 203.3 227.2 239.3 245.8 252.2 257.6 260.6 264.5 267.9 271.6 274.7 277.2 279.4 281.2 285.3 289.5 293.1 296.9 298.2 298.5 298 297.2 296.3 295.8 294.9 293.1 291 288.9 286.8 284.8 283.3 281.8 279.6 276.7 273.8 270.7 266.4 262.1 255.3 248.7 242.8 236.9
199.2 193 187.6 182.4 177.1 172.4 167.8 164.1 160.5 158.3 155 153.6 152 150.7 149.9 148.5 147.4 146.3 145 147.4 152.4 154.3 155.3 156.3 157.5 157.7 157 156.1 154.6 153.1 152 152.9 155.5 159.9 167 176.7 190.8 207.1 231.4 240.6 248.1 256.5 261.6 266.5 270.2 275.4 279.1 283.6 287.2 289.4 291 292.8 295.6 297.6 299.1 299.8 299.7 299 298.1 297.3 296.4 295 293 290.9 288.8 286.7 284.6 283 281.5 279.3 276.1 273 270.1 265.9 261.7 254.5 247.4 241.3 234.5
200.4 194.3 188.1 184.1 179.2 174.1 168.1 163.7 160.3 157.8 155.5 153.3 151.6 149.9 149 147.9 146.9 148 149.1 153.7 158.5 161 161.5 162.3 163.3 163 159.9 158.4 157.9 157.4 154.4 154.4 157.2 160.4 167.8 178.4 192.8 210.6 231.6 242.5 250.9 259.1 265.1 271.4 275.8 281.3 286.8 291.8 296.4 297.8 298.2 298.7 299.4 300 300.6 301 300.6 299.8 298.5 297.1 295.8 294.4 292.8 290.7 288.7 286.7 284.6 282.6 280.4 276.9 274 271.5 268.9 265.3 261 254.5 245 238.3 231.6
204.9 195.5 186.9 179.9 175.9 172 167.4 164 161.1 158.6 156.8 154.6 152.8 150.8 149.5 148.3 149.6 151.8 154.9 161.2 165 168.7 174.2 176 172.4 169.6 165.8 164 163.3 160.8 157.2 155.6 158.5 161.5 168.1 180.5 194.1 211.3 228.5 245.8 254 262.2 269.6 275.9 281.3 287 292.7 299.1 302.3 302.9 303.1 302.8 302.2 301.6 301.8 302 301.3 300.1 298.1 296.6 295.2 293.8 292.4 290.5 288.5 286.4 284.1 280.5 276.7 273.1 270.5 267.8 265.1 261.6 258.7 252 243 235.2 228.5
214.7 203.5 201.5 197.4 188.3 179.6 171 166.7 163.2 160.6 158 155.8 153.8 151.7 150.1 149.5 152.7 155.9 162.1 167.1 172.3 178.5 185.1 190.3 187.8 186.5 182.4 175.9 169.8 163.2 160.6 158.3 159.9 163.3 170.2 182.9 197.4 213.7 230.7 244.5 256.5 266.3 273.9 280.5 285.9 291.4 296.9 301.4 303.4 304.9 304.4 304 303.7 303.3 302.9 302.8 301.7 300.3 298.3 296.4 294.9 293.5 292 289.6 287.2 284.2 280.1 276 272 268.4 265.7 263.6 261.2 257.9 253.3 246.8 239.4 232.3 226.7
223.9 216.4 215.3 209.4 200.8 186.7 174.9 169 164.9 162 159.4 157 154.7 152.5 150.7 152.2 155.6 163.5 167.7 172.2 179.3 188.4 196.6 201.6 203.2 205.9 202.7 191.2 182.1 172.9 165.9 161.6 162.3 165.4 173.1 186.1 201.5 216 231 246 259.5 270.7 279.5 283.4 288.2 293.1 298.6 302.5 304.5 305.9 305.5 305.1 304.8 304.5 304.2 303.2 302.1 300.6 298.5 296.5 294.7 293.2 291.3 288.2 283.9 279.8 275.7 271.6 267.6 263.7 261 258.9 256.8 253.7 248.4 241.1 235.5 230.4 225.2
233.4 230.6 225.7 219.2 208.5 195.5 180.1 172.3 166.6 162.9 160.4 158 155.7 153.4 151.9 155.1 162.2 167.7 172.8 177.7 185.1 194.8 206.3 213 227.4 230.7 222.1 209.3 198.4 185.1 175.3 166.9 163.3 167 176.4 188 202.4 216.2 229.1 245.9 262.5 274.4 282.1 285.9 290.5 295.3 300.4 303.5 305.5 306.8 306.5 306.2 305.9 305.5 304.2 303.3 302.5 300.8 298.8 296.7 294.7 293 289.9 285.8 280.7 275.8 271.3 267.2 263.1 259.1 256.2 254.1 252.3 248.1 243.7 238.4 233 227.7 222.3
242.1 240.4 235.1 226.6 214 201.2 183 174.7 168.2 163.8 161.4 159.1 156.6 153.3 154.8 160 166.2 170.4 176.1 182.2 189.4 201.1 213.9 231.2 247.1 239.7 234.1 223.2 213.7 195.7 186.3 173.5 169.9 169.9 179 188.3 201.8 215.4 227.9 247.2 264.8 276.4 283.3 288.4 292.7 297.6 301.7 304.4 306.6 307.8 307.6 307.2 306.7 305.7 304.2 303.3 302.1 300.1 298.3 296.4 294.5 291.8 288 282.7 277.7 272.6 267.8 262.9 258.7 254.7 251.2 249.2 246.6 242.8 238.2 234 229.7 224.3 218.8
249.5 247.5 242.8 231.3 217.1 202.2 186.2 177.4 169.4 164.9 161.6 158.4 155.4 156.4 159.3 163.7 169.3 172.9 178.5 185.5 193.8 205.4 218.2 240 251.4 247.2 240.9 230.9 218.2 205.2 192.6 185.1 175.1 171.2 179.6 188.4 200.5 212.2 228.7 246.7 265.2 275.8 283.4 288.8 294.2 298.4 302 304.9 307.6 308.7 308.6 308 307 305.6 304.2 303.3 301.4 299.4 297.5 295.7 293.9 290.1 285.8 280 274.6 269.6 264.6 259.7 254.5 249.6 245.9 243.9 240.5 237.1 232.5 228.3 224.1 219.9 214.8
257.5 252 247.6 234.9 219.7 200.6 189.4 179.6 171.7 165.8 160.3 157.3 159.2 160.7 164.5 167.5 171.8 175.7 181.1 188.5 197.1 208.1 221.1 243.2 254.4 252.8 247.6 239.3 228.7 212.9 195.7 196 183 175.8 181.1 190.4 199.5 211.4 228.7 245.9 262.9 275.1 282.5 288.5 294.3 299.1 302.4 305.1 307.6 308.9 309.2 308.2 307.1 305.6 304.2 302.9 300.6 298.6 296.7 294.9 292.2 288.6 283.6 277.6 271.9 266.5 261.4 255.4 253.1 249.2 240.7 238 234.3 228.6 224.8 221.7 217.9 212.4 206.6
262.2 253.2 247.8 237.6 215.9 198.9 189.8 182.4 174.4 165.6 158.8 161.6 164 165.1 168 170.8 174.4 178.3 184 191 199.3 210.5 222.2 244.4 258.2 259.5 256.6 247.5 239.5 222.3 199.5 204.1 198.8 183.6 181 190.7 200.6 210.7 224.2 243.7 258.8 272.2 281.2 288.7 294.2 299.6 302.6 305.2 307.6 308.8 308.9 308.4 307.1 305.6 304.2 302.2 299.9 297.9 296 293.8 290.4 286.8 281.8 275.2 269.1 261.1 261.8 260.2 256.6 252.7 245.1 233.5 217.3 210.2 214.6 212.8 206.2 200.8 195.9
266.5 252.7 241.2 227.1 216.3 199.1 190.5 183.5 176.2 166.5 160 164.5 167.6 168.6 170.5 173 176.7 181 186.8 193.4 201.7 213.4 226.2 245.7 260.4 266.7 264.7 255.5 247.5 236.1 210.7 213.7 201.9 191 185.4 189.1 198.5 209.9 222 234.5 252.5 269.5 281.1 287.9 294.2 299.6 302.6 305.4 307.5 308.6 308.5 307.7 306.4 305.1 303.5 301.4 299.2 297 294.3 291.5 288.7 284.9 279.2 273.5 269.7 268.2 266.6 264.7 261.3 257.6 250.6 244.3 236 224.9 205.4 196.9 198.6 196.9 188.7
268.4 250.4 237.6 228.3 216 199.5 191.7 184.2 175.8 166.4 161.6 166.9 169.2 169.8 172.6 175.1 178.8 183.4 189.6 196.3 205.2 216.3 230.8 249 261.3 269 268.6 262.6 254.8 246.3 219.9 217.7 206.2 199.2 192.6 182.9 196.7 208.4 219.4 228.2 249.9 265 280.3 287.1 294 299.6 302.5 305.3 307.3 308.4 307.8 307 305.5 304.2 302.3 300.2 298.6 296.4 292.1 289.1 286.6 282.7 276.9 275.6 274.5 272.7 270.7 268.8 266 262.2 255.8 249.3 240.2 231.4 214.7 219.5 219.5 215.8 212
268.9 250.2 242.7 231.5 213.7 202.9 191.5 182 171.3 169 166.2 163.7 168.9 171.9 174.8 177.5 181.1 185.4 191.2 198.5 208.1 219.2 233.9 249.6 263.2 270.6 272.2 270 262.1 254.6 244.6 231.9 218.6 205.6 198.5 195.9 190.2 206.1 216.8 228.8 241.9 259.2 274.4 286.3 293.2 299.5 302.2 304.7 306.7 308.1 307.5 306.3 305 303.2 301.3 299.8 298.4 296.2 293.7 289.4 285.2 282.4 281.6 280.8 279.1 277 275 273.1 270.3 266.7 260.1 253.5 243.9 230.7 230.1 233.4 232.7 229.9 226.7
267.6 255.2 240.6 230.7 213.5 201.9 195.3 186.4 175.2 170.7 167.4 167.3 170.3 174 177 180.3 184.6 189.1 193.5 202 211.2 223 239.6 256.3 267.7 274.6 277.7 278.1 271.9 262.9 251.8 245 235.3 219.4 207.9 203 200.8 199.2 214.7 225.9 240.1 256.3 271.8 283.1 292.1 298.7 301.8 304 305.9 307.7 307.3 305.9 304.4 302.6 301.1 299.6 298.1 296 293.6 290.9 288.5 287.1 285.8 284.6 283.4 281.3 279.4 276.5 273.7 270.5 265.6 257.2 244.3 237 240.2 244.7 245.1 243.1 240.2
269.2 257.8 240.1 225.7 216 210.2 198.9 189.1 179.9 173 168.4 172.1 174 176.5 179.6 183.9 189.2 194.8 201.7 208.4 217.3 229.4 248.1 264.8 275.5 279.7 283.2 287 280.3 270 259.5 252.3 245.4 235.4 220.3 210.3 207.1 199.3 207.8 224.8 237.4 251.8 266.5 278.9 288.7 297.2 301.9 304.6 307 308.6 307.9 306.6 304.7 302.9 301.2 299.5 297.9 295.8 294.3 293 291.5 290 288.7 287.6 286.5 285.4 282.8 279.9 277 274.1 269.1 259.9 248.7 240.3 251.5 255.5 255.2 254.1 251.7
272.9 260.2 239.9 235.7 228.5 220.5 205.5 192.7 184.9 177.7 171.3 175.9 177.1 179.6 182.5 187 192.6 199.4 206.5 215 224 237.7 255.4 271.6 279.2 284.2 288.8 291.5 288.5 278.9 267.3 259 250.8 244.1 232.6 222.8 213.7 205.7 202.8 218.1 232.7 247.2 261.3 273.6 286.2 295.9 301.4 305.3 308.2 308.9 308.4 307.4 305.2 303.1 301.4 299.8 298.9 298.4 297 295.7 294.4 292.8 291.5 290.5 289.4 288.1 286 283.2 280.3 277 272.9 265.8 253.8 257.5 262.4 263.6 264.1 262 260
279 266.9 246.7 234.7 230.7 218.6 207.3 196.3 188.6 180.5 175.1 178.3 180.6 183.2 186.6 187.8 193.2 200.4 211.1 219.8 229.3 244.9 261.9 274.5 283.6 289.1 294.7 297.7 295.2 289.3 280.2 269 259 252 241.3 233.1 224.6 218.1 212 212.4 230.7 248.5 261 273.5 285 294.7 301.2 307.1 309.2 309.1 308.7 308.2 305.8 303.3 302.4 301.5 300.8 300.6 299.7 298.4 297.2 295.6 294.4 293.3 292.6 290.7 288.5 286.3 282.9 279.4 275.9 266.9 265.8 270.4 270.6 270.4 269.7 268.4 266.4
285.3 274.6 255.1 235.9 230.3 224 206.5 195.9 188.6 179.7 179.5 181.8 184.6 188 191.2 194.8 197.9 201.6 213.7 223.6 236.2 253.4 268.7 279.6 289 294.9 300.2 301.7 299.2 295.4 289.6 281.8 267.3 261.1 254.5 247.1 238.8 226.7 221.1 213.6 236.2 250.4 261.1 274.8 286 295.6 303.1 307.9 310.6 310.7 310.4 309.2 307.8 305.9 304.1 303.2 302.8 302.6 302.4 301.1 299.9 298.5 297.3 296.3 295.7 293.3 291.1 288.1 284.6 281.4 278.1 276.1 276.4 276.3 276 275.1 272.7 270.5 268.8
288.5 276.6 257.8 238.5 228.8 217 211.6 195 187.6 182.5 185.5 188.5 191.8 195.2 198.8 202.4 206.4 211.7 219.8 231.6 246.3 259.9 273.7 285.4 294.8 301.3 304.6 305.5 302.6 299.7 295.4 290.8 283 268.8 261.8 257.7 251 238.4 226 216.1 233.4 250.2 265.7 276.9 287.4 296.6 304.3 311.9 311.5 311.7 312 310.5 309.1 307.7 306.3 305 304.8 304.6 304.4 303.8 302.6 301.3 300.2 299.8 298.3 295.9 293.1 289.9 286.5 283 281.6 280.4 280.3 280.2 279.8 278.4 275.5 272.7 270.3
286.8 273.4 255.5 237.4 223.2 214.4 204.1 197.8 184.5 190.4 193.7 197.4 204.9 205.1 207.4 212.3 219.9 225.6 239.4 250.5 260.5 270.6 280.8 292.2 300.2 305.4 307.6 307.5 305.6 303.2 299.9 295.7 290.7 286.3 285.7 279.9 269 252.7 236.3 222.5 234 252.9 269.5 280.9 291.6 298.9 306 312.6 312.8 313.5 313.4 312 310.6 309.2 307.7 307 306.8 306.6 306.4 306.1 305.1 304 303.5 303.3 300.9 298.4 295.4 291.6 289 286.5 284.4 284.2 284.1 284.1 283.1 281.2 278.3 275.5 272.7
283.9 268.7 240.6 231.5 229.5 215 200.9 193 199 201.6 204.8 208.6 210.8 211.1 217.5 224.8 234.1 246 255.9 264.8 273.6 281.4 289.6 298.7 305.5 307.7 309.5 308.9 307.5 305.3 302.8 299.7 297.5 294.4 291.6 287.6 281.5 263.8 243.9 225.7 238.7 257.1 272.8 284.9 295.6 302.2 307.8 313.9 314.4 315 314.9 313.5 312.1 310.7 309.6 309 308.8 308.6 308.4 308.1 307.5 306.4 306.1 305.7 303.4 300.9 297.9 294.3 291.6 289.2 287.4 287.9 288 288 286.4 284 281.2 278.3 275.5
276 251.9 243.9 230.5 225 214.4 201.3 205 212.3 217.7 219.8 221.9 218.5 222.9 230.7 241.6 251.3 260.9 269.5 275.9 283.8 291.9 299 304.8 307.6 310 310.9 310.3 309.1 306.9 304.8 302.2 300 297.7 295.9 291.9 286.6 270.5 250.3 233.4 242.9 261.5 275.9 288.5 297.7 305.1 310.5 315.3 316.3 316.4 316.4 315 313.6 312.5 311.5 311.1 310.8 310.6 310.4 310.1 309.8 308.8 308.5 307.7 305.8 303.4 300.5 297.1 294.4 291.7 291.8 291.6 291.9 291.3 289.6 286.8 284 281.1 278.3
260.1 244.7 236.9 226.3 218.9 207.8 210 217.3 221 222.2 224.2 225.4 230.7 243.5 251.9 257.6 263.9 273.2 280.7 287.3 294.2 300.5 304.3 308.7 310.6 311.8 312 311.8 310.8 308.6 306.3 303.9 302 299.9 297.4 292.8 288.5 275.6 256.1 238.9 248.9 266.2 282.4 292.9 301.2 307.5 312.8 316.1 317.8 317.8 317.9 316.5 315.3 314.4 313.4 313.1 312.8 312.6 312.4 312.1 311.8 311.2 310.6 309.8 308.3 305.9 303.1 299.9 297.2 294.5 296.9 296 295.8 294.5 292.4 289.6 286.8 283.9 281
250.4 240.7 234.1 228.4 224.1 226.7 225 224.2 227.9 230.3 237.7 247.1 257.7 262.7 267 271.4 277.2 284.7 291.9 298.3 303.6 307.5 310.2 311.5 313 313.1 312.9 312.9 311.6 309.7 307.3 304.9 302.6 300.7 298.7 295 290.8 279.5 260.4 244.7 254 270.9 285.6 296.2 304.9 309.5 315.1 318.1 319.2 319.3 319.3 318.1 317.2 316.3 315.4 315.1 314.8 314.6 314.4 314.1 313.8 313.5 312.7 311.8 310.7 308 305.4 303.2 300.9 298.5 300.9 299.8 298.5 297.3 294.8 291.9 288.9 286 283
267.3 249.5 240.9 236.4 237.4 238.3 238.5 244.8 250.9 258.3 263 268.4 271 274.3 279.2 284 289.7 296.2 301.9 306.4 309.9 311.8 313 314.3 314.5 314.4 314.2 313 311.4 309.6 307.7 305.8 303.5 301.2 299.3 296.7 292.8 283.5 260.5 249.1 262.5 276.7 290.7 300.4 307.3 312.5 316.3 319.2 319.9 320.4 320.4 320.1 319.1 318.2 317.4 317.1 316.9 316.6 316.4 316.1 315.7 314.8 313.8 312.9 312.1 310.7 308.3 305.9 304.5 302.8 302.9 301.7 300.5 298.7 296.9 293.9 291 288 285.1
276.2 264.7 252.2 251.1 256 259.9 262.1 265 268.1 272.1 276.2 280.5 282.8 285.2 290.2 295.5 301.4 305.6 309.2 312 313.8 315.1 316 315.9 315.9 314.8 313.4 312 310.4 308.7 306.9 305.2 303.5 301.8 299.9 297.6 294.2 288.5 267.2 253.2 266.7 280.9 295.3 304.2 309.6 313.8 317.2 319.5 320.2 320.4 320.7 320.4 320.1 319.8 319.4 319.1 318.9 318.6 318.4 317.8 316.9 315.9 315 314 313.1 311.9 310.5 308.7 306.7 305.1 304.8 303.7 302 300.1 298.3 296 293 290.1 287.1
289.7 275.9 270.2 264.1 270.9 276.2 277.5 279 281.1 284.3 288.5 291.5 294.5 296.9 300.9 306.2 310.5 313.4 314.9 315.8 316.7 317.1 316.7 316.6 315.4 313.8 312.4 311 309.4 307.7 306 304.2 302.5 300.7 299.2 297.8 295.4 289 270.3 258.1 276.3 291 299.2 306.7 310.9 314.8 318.1 319.9 320.4 320.8 320.9 320.6 320.4 320 319.7 320.1 320 319.8 319.4 318.9 318 317 316.1 315.1 314.2 313 311.6 311.3 310.3 308.6 306.9 305.3 303.4 301.5 299.7 297.9 295.1 292.1 289.2
299.2 290.8 279.1 272.2 284.6 288 289.3 289.9 291.9 294.5 298 300.4 303.1 306.1 309.5 313.6 316.1 318.4 318.2 318.1 318.2 318 317.1 315.4 314.3 313 311.4 310 308.4 306.7 305 303.2 301.4 299.9 298.3 297.9 295 289.6 276 265 286.8 296.8 303.1 308.3 311.9 315.6 318.5 320.2 320.7 321.3 321.2 320.9 320.5 320.1 319.7 320.1 320.5 320 319.3 320.1 319.1 318.2 317.2 316.3 315.3 314.7 314.4 314 313.4 312.3 310.6 307.8 304.8 303 301.1 299.3 297.1 294.1 291.2
305.7 300.2 294.8 292.8 295.1 296.7 297.6 298.9 301.1 303.7 307.3 309.6 311.7 314.7 316 318.2 319.9 320.5 319.7 318.3 317.7 317.1 315.8 313.9 311.9 310.9 309.9 308.8 307.5 305.7 303.9 302.1 300.5 297.9 295 293.8 291.4 286.3 267.2 279 293.9 302.2 305.9 309.8 313.1 316.6 318.9 320.6 321.2 321.7 321.4 321 320.6 320.1 319.7 320 320.5 320 319.3 320.1 320.8 319.4 318.4 317.4 317.1 317.2 317.1 316.8 316.3 315.5 314.3 311.2 308.1 305 302.3 301.2 299.2 295.9 293
312.8 307.7 304.4 301.7 300.7 303.7 305.4 306.8 309.4 312.6 315.7 317.4 318.4 319.7 320.9 320.9 322 321.1 319.5 317.9 316.2 315.6 314.5 312.5 310 308.4 307.4 306.4 305.2 304.2 302.7 300.7 297.9 293.9 287.1 279.6 271.9 271 272.5 293.6 300 305.6 307.9 310.7 314.1 317.1 319.3 320.8 321.7 321.9 321.5 321 320.6 320.2 319.8 319.9 320.4 319.9 319.2 320 320.8 321.1 319.8 319.3 319.6 319.7 319.2 319.5 319.1 318.3 316.9 314.3 311.1 308 304.5 303.3 301.2 298.3 294.8
320 315.8 312.2 310.7 309.2 311.4 313.1 314.6 317.7 320 321.6 322.5 323 323.9 324.1 323.8 322.5 320.9 319.2 317.6 315.3 314.2 313.1 311.2 308.5 306 305 303.5 302.5 301.5 299.9 296.9 292.4 285.9 294.3 296 295.4 291.9 297.6 300.4 303.8 307.4 309.7 312 315 317.5 319.9 320.8 321.7 321.8 321.7 321.2 320.7 320.3 319.8 320 320.3 319.8 319.2 319.9 320.7 321.5 322.1 322.8 322.1 322.3 321.7 321.6 321.3 320.1 318.4 316.7 314.1 310.9 307.6 305.4 303.2 300.3 297.3
326.2 322.2 318.5 318.1 317.9 318.9 320.7 322.3 323.9 325.1 325.8 326.5 327 326.6 326 324.8 322.9 320.7 318.9 317.3 315.3 313.2 311.7 309.8 307 304.6 302.3 300.4 299.8 298.7 296.5 294.3 296.7 298.4 300.6 301.1 301.8 302.6 302.8 305.4 306.8 308.7 311.1 313.5 315.7 318.2 320 320.9 321.5 321.4 321.4 321.3 321 320.6 320.1 320 320.2 319.7 319.2 320.1 321 322 324.5 325.4 325.6 324.9 324.3 323 322.3 321.4 319.8 318.3 316.6 313.9 310.6 307.5 305.3 302.3 299.4
331.4 328.7 325.5 325 324.4 325.1 326.4 327.5 328 328.7 329.4 330 329.5 328.2 326.9 325.3 323.3 321.2 319 317 315.4 312.8 311.3 309.9 308 306 304.4 303.1 301.4 299.9 299.2 299.8 301.2 302.1 302.8 303.4 304 305 305.7 306.7 308.1 309.9 312.3 314.8 316.2 318.7 320 320.9 321.1 321.1 321 320.9 320.9 320.7 319.8 320.5 320.3 319.9 319.6 320.4 321.7 323.2 324.7 325.6 325.7 325.8 324.6 323.4 322.7 321.5 320.1 318.6 317.1 315.2 312.7 310.2 307.4 305 302.7
335.1 332.5 330.7 329.4 328.8 329.3 330.5 331.6 332.2 331.9 332.5 332.1 331.1 329.2 327.7 325.8 323.8 321.8 319.6 317.3 315.3 314.4 313.2 311.8 310.1 308.6 307.4 306 304.5 303 302.2 302.7 304 304.8 305.1 305.6 306.2 307.1 307.3 308.2 309.4 311.2 313.6 315.4 316.8 318.8 320 320.8 320.7 320.7 320.6 320.6 320.6 320.5 320.4 320.3 320.5 320.1 320.1 320.4 321.6 323.4 324.9 325.7 325.8 325.9 324.8 323.8 322.8 321.6 320.3 318.9 317.3 315.4 312.9 310.5 308.5 306.5 304.4
