app/static/ascii/SD09.asc
ncols 200
nrows 200
xllcorner 300000
yllcorner 490000
cellsize 50
[rows 0 to 37 of 200, columns 87 to 173 of 200]
10.2 17.5 17.2 16.7 17 17.4 17.8 17.8 17.8 18.1 18.1 18.2 15.6 19.1 19.8 20.1 20.1 19.4 19.6 20.6 20.8 21.8 22 22.5 23.1 23.9 23.6 24.5 27 28.7 28.5 24.5 23.1 24.4 29.1 31.6 31.2 26.2 25.5 27.3 23.3 22.6 22 22 22 22.2 22.7 23.9 25.3 27.9 30 31.4 33.6 34.5 35.4 36 36.6 35.6 35.3 33.1 31.3 30 30.3 29.6 25.9 20.6 13.5 12.6 15.2 18.4 19.2 19.2 16.2 9.5 7.6 7.9 7.6 7.4 7.5 7.7 7.7 7.4 10.1 14.3 16.6 22.7 25.9
13.2 18.1 18.4 17.6 17.2 17.5 17.7 18 18.9 17.8 18 18 18.6 15.7 19.8 20.3 19.6 19 19.1 19.2 19.3 19.4 19.7 20.4 21.2 21.3 21.5 23.3 24.5 25.2 24.7 23.3 21.3 23.5 26.1 27.5 27.5 24.9 24.1 24.8 21.9 21.3 20.8 20.7 21.1 21.6 22 22.6 25 26.6 27.2 28.7 30.5 33 37.5 38.7 39.9 36.7 34.7 33.1 30.9 29 29 29 25 19.6 16.1 11.2 14.2 18.6 16.4 13.4 6.7 6.8 7.5 7.6 7.3 7.3 7.3 7.4 7.4 5 8.7 17.9 21.9 26 26.3
16.5 18.2 17.9 18.4 17.7 17.8 18 18.6 19.7 18.1 18.7 19.2 20.9 21.4 18.6 19.4 19.2 18.7 18.7 18.7 18.6 18.6 18.9 19.4 19.8 20.1 20.1 20.3 19.8 19.3 19.5 20.1 20.1 22.6 23.7 23.7 24.2 23.4 23 22.9 22 19.6 19.6 20.6 20.6 20.9 21.3 21.8 24.3 28 29.9 29 29.3 31.8 35.6 38.5 37.8 34.9 33.7 31.5 31.4 30 28.3 27 25.4 19.7 15.1 10.5 16.2 16.7 12.6 8.9 4.7 6.8 7.3 7.2 7.2 7.2 7.1 7.3 5.4 5 19.2 27.4 27.8 28 26.4
14.5 17.7 15.9 18.3 18.3 18.1 18.5 18.8 19.3 19.8 19.5 21.7 24.1 23.9 21.8 19.1 18.1 18.8 18.6 18.7 18.7 18.8 18.7 19 19.2 19.9 19.1 18.3 16.8 15.2 16.2 18 19.1 21.2 21.3 21.4 20.7 21.1 20.5 20.9 20.5 20.8 20.2 20.3 20.6 20.9 20.9 21.2 23.5 27.7 30.3 29.9 28.3 29.5 32.4 34 33.8 32.6 32.1 31.1 29.1 29.4 29.1 27.1 23.3 18.9 12 11.9 18.6 13.1 9 6.2 6.2 7.2 6.3 4.8 7.4 5.3 7.8 12.1 20.6 26.1 28.7 29 29.3 27.6 25.8
7.5 16.9 16.4 17.6 18.7 18.4 17.9 18.4 19.5 17.7 16.5 16.6 24 25.3 23.9 21.5 19.7 15.4 19.1 19.3 19.2 19 18.6 18.7 18.7 18.5 18.1 17.8 15.9 14.5 14.6 16 19.1 19.9 19.9 18.1 17.9 19.1 19.1 19 20.6 21.7 20.3 20.1 20.5 20.8 21.2 21.5 23.2 25.2 27.2 27.8 27 29 30.2 30.7 29.3 29.4 30.6 30.6 27.1 26.3 28.1 28.3 26.4 23.3 15.4 9.7 15.1 11.7 7 6.6 6.3 6.8 11 19.5 22.5 14.3 24.3 23.2 19.9 25.5 28.5 29.3 29.6 26.9 25.1
4.7 14.6 13.9 14.2 19.1 18.9 18 18.8 18.8 16.6 16.6 16.6 20.8 24 25.3 23.6 21.7 20.1 15.3 19.6 19.5 19.2 19 18.9 18.6 18.3 18.1 17.2 15 14.1 13.9 14.2 15.1 15.9 16 16.2 16.5 17.1 17.5 19.8 21.3 22.8 21.9 20.8 20.9 21.7 22.4 22.3 22 22.9 23.4 24.9 26.4 27.5 28.7 27.9 26.8 26.9 28 29.1 24.7 23.4 23.3 25 24.4 21.7 19.1 12.4 7.3 7.8 6.6 6.5 6.5 7.7 17.8 22.7 22.1 20.3 22.6 24.8 26 26.7 28.2 29.7 29.2 26.5 24.4
4.3 8.7 17.5 18.9 19.2 19 18.7 19.1 19.5 16.7 16.7 16.6 16.5 23.1 24.4 25.7 23.6 21.6 20 18.9 19.4 18.9 18.6 18.4 18.1 18 18.2 16.3 13.8 13.3 12.8 12.9 12.9 13.1 16.1 15.2 14.6 15.7 17.4 18.8 20.1 21.1 22.6 23.1 23.1 23.5 23 21.9 21.5 21.6 22.2 23.1 26.9 28.1 27.3 26.1 25 24.7 25.2 25.3 24 22.9 25 26.4 22.4 16.1 15.9 15.6 14.1 12.5 3.7 5.7 6.4 6.3 19.8 22.1 15.1 13.8 15.9 22.9 25.9 26.5 28.1 28 27.7 26.6 24.5
4.8 7.4 14 16.2 19.2 19.1 19.7 20 20.2 19.7 16.8 16.8 16.7 17.7 23.8 25.1 25.3 23.3 21.3 18.3 17.8 17.3 17.5 17.4 17.3 17.5 18.2 16.7 13.9 13.1 12.2 12 12 14.3 15.5 17.4 18.2 16.5 17.1 17.9 18.4 19.2 20.4 22.5 24.3 25.5 24.8 23.2 21.5 21.8 22.4 23 24.6 28.2 26.4 24.7 23.6 23 22.8 22.7 22.5 22.6 24.3 25.2 22.3 16.1 15.1 14.7 14.6 14 6.1 6.2 6 5.7 14.7 16.9 12.8 12.6 14.2 19.4 25.6 26.6 27.1 27.4 26.2 25.3 24.8
3.6 4.8 8.8 13.6 16.7 19.4 20.7 20.8 20.5 19.8 17 16.9 16.8 16.9 22.7 24.5 25.6 25 23.1 21.3 18.7 17.2 14.7 16.3 17.3 18 18.2 17.6 16 14.1 12.2 11.6 11.6 15.1 17.3 19.9 20.6 18.1 17.5 17.3 17.7 18.2 19.3 20 21.7 23 24 24.8 23.4 22.3 23 23.3 24 26.5 27.2 25.2 23.2 22.3 22.1 22.2 21.7 20.9 21.8 24.3 25.2 20.4 14.7 14.9 14.5 13 7.1 3.7 5.8 5.9 8.5 12.4 12.5 12.2 14.1 23.6 26 26 26.2 26.5 25.8 25.3 25
3 3.8 8 16 17.9 19.1 21.1 20.7 20.6 20 19.8 18.2 16.7 16.8 16.7 22.7 24.2 25.7 24.8 23 21.5 19.8 16.9 14.5 17.8 18.3 18.3 18 15.9 13.8 12.2 11.2 11.2 14.9 18.3 21.7 20.9 18 17.2 17.5 18.2 18.8 19.6 20.6 21.2 21.9 23.1 24.8 25.3 25.1 23.7 24.4 24.5 25 27.2 26.4 24.1 22.1 21.4 21.7 20.1 19.2 21.1 24.9 25.8 25.4 25 15.6 14.9 12.9 8.5 6.5 7.3 3.7 6.5 9.2 11.2 11.9 16 24.1 25.4 25.6 25.5 26.3 25.6 24.9 24.7
3.1 3.6 6.2 12.5 15.9 18.9 20.9 20.9 21 20.3 20.1 18.8 16.3 16.3 16.3 21.1 23.1 24.4 25.6 24.1 22.8 21.2 19.9 17.2 17.3 17.3 16.7 16.1 14.4 13.1 12.4 11.7 11.2 14.2 17.9 19.1 19 19.1 18.3 19.4 21.1 21.6 22.1 21.9 22.2 21.9 22.5 23.7 26.2 28.3 28.1 25.3 24.2 23.9 24.6 25.2 24.1 22.6 20.6 21.4 20 19.7 21.3 24.2 25 25 25.6 25.4 23.8 21.9 15.8 6.8 6.1 6 3.7 6.3 9.2 11.8 15.2 22.3 24 24.9 24.3 25.1 24.9 24.7 24.1
2.9 3 5.3 11.3 16.6 16.6 20 20.9 21.2 20.8 20.5 20.3 19.4 15.9 16.5 19.6 21.8 23 24.2 24.6 23.5 22.1 20.1 15.5 16.2 15.8 14.8 14.2 14 13.3 12.8 13 11.6 10.6 13.6 15.3 16.5 16.9 17.2 19.2 22.2 23.2 23.8 23.4 22.6 22.1 22.8 24 26.2 29.1 28.5 26.7 24.5 23 22.8 24.1 23.4 21.5 20.6 21.6 21 20.9 22.1 22.9 23.3 22.9 23.8 24.5 23.5 24.3 24 17.8 8.3 6.4 5.1 6 6.8 9.4 12.2 16.3 20.5 23.1 22.6 22.9 24.1 24.5 23.9
2.7 3.3 4.2 11.4 13.8 18.3 19.9 22.1 21.7 21.3 20.8 20.4 22.1 19.4 16.1 16.9 19.6 21.7 22.4 22.9 21.8 20.2 16.1 14.4 14.4 14.2 13.9 14.1 14 13.6 14.4 14.8 13.4 11.4 10.3 10.9 11.8 12.9 14.6 15.7 19.6 22.6 23.1 23 22.7 23 22.5 20.7 24.4 26.9 27.1 27.3 25.2 23.7 22.9 23.6 22.1 18.6 22 22.4 22.1 22.3 22.7 22.3 21.7 21.1 22 23.3 25.4 26.1 25.4 25.2 22.9 7.9 5.4 5.6 6.2 9.6 11.3 11.8 12.1 15.8 16.9 20.5 24.8 24.4 23.8
2.5 3 5.1 11.2 14.8 16.9 20 22 21.7 21.4 21.1 20.7 21.1 19.7 20 16.2 17.2 20 20.9 21 19.9 17.4 14.1 13.9 13.5 13.2 12.8 12.1 13.8 13.1 15.1 16.1 14.9 12.6 9.8 9.9 10.3 10.6 11 12.7 17.1 19.9 22.6 23.2 23 23.9 22.4 18.9 21.9 24.7 25.3 25.8 24.6 24.3 24.5 21.1 17.9 20.8 24.6 24.2 23.7 23.5 23 22.1 21.4 20 19.3 21.8 24.6 26.2 26.3 24.8 14.9 6.4 5.6 5.6 6 10.2 10.8 11 11.2 11.6 12.8 15.4 23.8 24.5 23.7
2.3 3 3.3 8.4 13.9 15.8 19.2 21.4 21.5 21.3 21.1 21.2 20.6 25.3 17.4 15.8 15.2 17.9 19.5 18.2 14.5 13.3 13.4 13.1 12.7 12.4 12.4 11 11.6 11.9 15 15.9 14.8 12 9.1 9.4 9.8 11.4 13.3 15.9 16.3 18.2 21.6 23.5 22.5 22.9 21.2 17.7 18.5 20.7 21.7 23 24 23.8 23.5 17.4 21.4 24.1 25 25.2 24.5 23.6 22.7 21.9 21 20.2 15.1 19.7 21.5 22.6 23.7 14.6 6.5 5.5 5.3 3.9 6.1 10.8 10.3 10.2 10.5 10.5 10.8 11.9 19.6 23.8 23.4
2.2 2.9 3.3 5.7 11.4 16.6 19.7 22.5 22.4 22.1 21.8 21.5 20.8 19.8 17.5 16.3 15 15.4 17.8 13.4 13 13.8 12.6 12.3 12 11.7 11.9 12.5 11.1 11.8 12.4 12.8 9.3 9.3 11.9 12.2 13.1 15.5 16.6 17.1 16.7 17.8 20.3 21.3 20.9 21.4 20.6 18.1 15.9 17.1 18.7 20.5 21.7 23.2 21.7 17.3 20.9 24.2 24.5 24.2 24.4 23.6 22.2 20 19.3 17.9 11.5 16.6 17.7 17.5 12.1 6.6 5.6 5.4 5.1 4.5 10.2 10.5 10.3 10.3 10.3 10.2 10.6 10.9 14.7 21.5 22.2
2.1 2.8 2.7 4.7 10.2 16.1 18.3 22.7 24.4 21.8 21.5 21.4 20.7 20.2 24.9 17.4 14.4 14.2 16.2 13.6 13 13.4 13.2 11.7 11.5 11.3 15.1 11.4 10.6 11.1 11.8 11.7 13 14.4 14.8 14.1 15 16.8 17.2 16.8 15.3 16.6 18.2 18.9 19 19.6 19.7 18.2 15.7 15.3 17.1 18 19.4 19.7 20.8 15.8 18.5 23.1 23.5 23.4 23.3 22.4 20.9 19 15.3 14.2 8.7 9.5 8.9 7.7 7 5.4 5.1 5.1 4.9 3.7 11.6 11.7 11 10.4 10.2 10.3 10.3 10.1 11.1 15 20.8
2 2.8 3.8 5.2 14.2 17 18.6 23.8 24.8 21.2 21.6 21.3 20.9 20.4 19.6 19 18 14 15.5 13 12.3 11.9 12.5 11.2 11.1 10.9 12.3 11.1 8.6 9 10.2 11.3 12.4 13.5 17.1 15.4 14.5 15.4 15.5 15.2 15 16.2 16.8 17.5 17.7 17.9 18.2 17.6 15.5 14.7 15.1 15.5 18.2 20.2 20.1 16.9 14.3 19.8 21.1 21.7 21.7 19.7 17.4 15.2 9.3 6.3 6.1 5.8 5.7 5.4 4.9 4.8 5.2 5 5.4 9.6 16.3 14.2 12.6 11.4 10.5 10.2 9.9 9.7 10.4 11.6 18.2
2 2.7 2.9 4.3 12.1 16.3 19.8 21.5 22.2 21.2 21.7 21 20.5 20 19.4 24.4 16.3 15.5 13.2 12.9 12.3 11.8 11.6 11.2 10.9 11.3 9.9 9 9.4 10.5 10.1 11.2 12.2 13.1 16.2 15.9 14.2 13.9 14.4 14.8 15 15.7 16.4 16.9 16.4 16.3 17.4 16.6 15.5 14.2 14.9 16 18 19.8 19.1 17.6 14 13.6 15.8 17.4 17.4 15.7 13.6 9.5 5.8 5.7 5.7 5 4.3 4.2 4.3 4.9 5.1 5.7 8.3 20.4 19.5 14.2 12.6 11.6 10.5 9.8 9.4 9.3 9.8 10.7 16.8
1.9 2.6 3.4 5.1 10.8 14.6 17.2 16.1 19 20.3 20.7 20.6 20.1 19.6 19 18.3 24.4 19.6 14 10.1 12.2 11.9 11.4 11.1 10.7 11.7 9.4 9 11.2 10.8 10.5 10.9 11.6 13.8 13.7 16.3 15 15.5 14.6 15 15.2 15.9 16.4 16.9 15.3 15.4 16.9 17.6 16.9 14.4 14.2 14.9 16.9 17.8 17 15.3 13.1 6.7 11.6 12.2 12.8 10.8 9.6 6.7 5.7 5.6 5.6 5.3 4.2 4.2 4.3 4.7 4.7 6.7 20.6 21.4 18.4 13.9 12 11.1 10.1 10.1 9.6 9.2 9.3 9.9 15.6
1.9 2.7 3.1 4.7 10.3 14.1 15.3 17.4 18.9 19.6 20 20 19.6 19.1 18.4 17.7 16.4 14.7 12.2 11.8 11.9 11.7 11.3 11.1 10.6 10.4 12 9.1 11 11.1 11 11.1 13.3 14.9 14.4 15.3 16.1 12.4 14.2 15 15.5 16.8 16.8 17.9 16.8 16.4 17.9 18.2 17.3 15.2 14.3 13.8 14.6 15.3 15 13.4 11.6 10.3 7.5 6.8 8.4 6.5 6.2 6.6 6.5 5.5 5.5 5.1 4.3 4.4 4.5 4.4 7.9 18.8 20.8 21.2 19.1 14.4 11.9 10.3 10 10.4 9.8 9 9.1 9.5 14.8
2.1 2.8 3 4.9 9.9 13.7 15.9 17.2 18 18.9 19.3 19.2 19.1 18.7 18.1 17.3 16.4 16.2 12.2 11.6 11.3 10.9 9.6 11.1 10.5 9.8 9.1 10.6 12.2 11.5 10.9 12.7 13.6 14.3 14.9 15.4 15.3 13.1 12.2 13.2 14.5 15.4 17.3 17.5 16.1 18.2 18.4 16.4 16.3 16.3 15.6 13.2 12.5 13.6 13 12.8 12.7 11.7 11.5 1.5 2.7 5.1 5.6 5.9 6.1 5.7 5.3 5.2 4.5 4.8 2.7 11.7 15.9 17.4 19.5 20.1 19.8 16.3 13.9 10.8 10.1 9.8 9.3 8.9 9 9.1 13.6
2.2 3.1 2.8 4.8 9.2 13.9 14.5 14.4 16.1 17.4 18.5 18.3 18.3 18.4 17.8 17.1 16.4 17.4 18.5 11.5 11.3 11.1 10.9 8.2 10 9.2 8 9 11.3 11.7 11.8 11.9 13 14.6 14.4 14.7 14.7 13.3 12 11.8 12.5 15 16.8 16.7 14.2 16.7 17.5 14.9 14.9 14.4 13.7 12.7 10.5 12.4 12.5 -2.6 -2.6 4.8 6.3 4.4 4.7 1.5 5 5.2 5.6 5.3 2.9 4.7 4.8 4.7 11.4 17.7 17 15.8 17.4 18.2 17.2 16.6 16 12.3 11 10.1 9.3 8.7 8.7 8.7 9.2
2.6 3.2 2.5 3.3 9.9 13.4 12.4 13.2 15.7 17.5 17.8 17.7 17.8 18 17.9 17.4 17 16.8 15.9 13.9 12.2 11.5 11.2 11 10.1 9.2 8.5 9.8 10.7 12 11.9 12 12.2 13.4 13.5 14 13.4 12.4 11.4 11.3 12.7 12.4 14.7 14.5 12.2 11.6 12.3 12.2 13 12.7 12.3 11.7 9.9 10.9 -2.6 -2.6 -2.6 4.1 4.2 4.8 5.4 1.6 4.1 4.3 5.2 5 4.3 4 4.1 5.5 12.7 18.5 19.7 17.3 16.4 16.7 17.7 17.4 16.9 16.4 14.8 15.1 10.5 8.8 8.4 8.7 8.9
2.7 3.2 3 4.1 5.9 10 11.6 13.9 16.1 16.7 17.1 17.1 17.4 17.6 17.7 17.4 16.6 15 14.1 13.1 12.3 11.7 11.4 11.2 10.1 9.5 10.7 9.5 10.5 11.1 11.7 12 12 12.6 12.7 12.9 12 10.7 9.6 10.2 11 12.4 11.4 11.9 10.3 9.4 9.8 10.8 11.8 11.5 10.2 9 7.9 8.9 -2.6 4.3 4.1 4.2 4 3.6 4.4 1.7 1.7 4.4 4.6 4.4 4.6 4.8 1.7 10.6 14.8 18.1 19.7 18.7 18 18 17.8 18.4 18.8 19.3 19.5 17.9 10.6 9 8.2 8.1 8.3
1.9 2.6 3.2 3.8 4.8 11.9 13.9 14.7 15.9 16.2 16.6 16.7 16.8 17.1 17.5 17.4 17.4 17 15.6 13.4 12.5 11.9 11.7 11.5 10.4 10.2 9.4 8.2 10.4 11.5 11 11.8 12.1 11.4 10.7 12.4 10.2 10.5 9.7 9.1 9.1 9.6 9.4 10.6 9.4 8.1 8.9 9.8 9.9 9.8 8.6 7.3 6.4 4.2 -2.6 4.4 4.3 4.4 1.8 4 5.6 11.7 13.3 4.8 4.4 4.3 4.6 4.6 10.3 12.1 16.6 19.1 19.7 19 18.2 18 18.6 19.1 19.3 19.7 19.9 18.5 11.2 9.4 8.5 7.6 7.6
1.2 1.8 2.5 3.2 4.1 4.9 13.6 14.9 15.9 15.9 16.3 16.5 16.3 16.3 17 17.1 18.6 18.6 15.8 13.7 13 12.4 12 11.7 11.1 10.3 9.6 9.2 8.3 10.8 10.6 11 11.8 10.3 10.4 10.9 9.4 9.7 9.4 9.1 8.4 8.4 9.1 8.2 7.7 8.4 8 7.3 7.6 8 6.8 5.1 4.6 4.2 -2.6 4.6 4.1 4.7 4.6 5.1 9.9 15.6 14.8 5.6 4.7 1.7 8.2 9.6 10.2 12.9 17.7 20 20.1 19 18.4 18.8 19.4 19.6 19.4 19.8 19.6 19 13.2 9.7 9.1 8.2 7.4
0.9 1.5 2.1 2.8 3.1 2.8 12.4 12.3 12.9 15.1 16.3 16.3 16.2 16.3 16.9 17 18.2 18.4 15.8 14 13.5 12.9 12.5 12.1 11.7 11.2 10.4 10 9.6 6.4 9.8 9.8 10.3 9.3 9.8 10.5 9.4 9.4 9.6 9.6 8.3 8.2 8.7 7.2 6.8 6.3 9.8 6.2 5.7 5.4 5.7 -2.6 -2.6 -2.6 -2.6 4.9 4.8 5.4 5.8 7.4 14.3 16.1 15.4 11.9 5.2 7.3 8.1 8.6 11.1 15.3 19 20.5 19.8 18.8 18.6 19 19.4 19.8 19.3 19.3 19.6 19.4 15.8 12.8 10.4 8.4 7.6
0.9 1.4 2 2.5 3.1 2.1 3.8 8.9 10.5 11.5 14.4 15.3 15.2 16.1 16.8 17.5 18.9 18.4 16.6 15.4 14.2 13.4 12.7 12.1 11.5 11.7 10.9 10 9.6 8.8 6.8 7.4 10.3 7.3 7.3 10.3 9.7 8.3 8.5 8.4 8 8 8.4 8.2 8 6.9 5.6 11.5 -2.6 -2.6 -2.6 -2.6 -2.6 -2.6 4.1 4.2 5.1 6.1 6.8 12.5 16.5 15.4 13.7 11.1 8.1 7.6 7.8 9 12.6 17.3 19.6 20.2 19.4 18.7 18 18.8 19 19.1 18.9 19 19.5 20.4 21.4 20 19.8 14.6 9.3
0.7 1.3 1.8 2.4 2.8 2.9 2.7 5.9 10.2 9.7 10.3 12.2 13.8 15.9 17.2 18.7 21.2 22 20.3 18.5 16.5 14.6 14 13.3 12.1 11.5 10.7 10.2 9.8 9.2 6.8 6.7 6.3 7.4 6.9 7.9 8.1 7.1 6.9 6.8 7 8 8.6 8.7 8.5 7.3 6.4 5 -2.6 3.8 -2.6 -2.6 -2.6 -2.6 -2.6 4.1 4.4 5.8 8.4 15.4 15.6 13.6 11.6 9.4 7.6 7.1 7.7 9.2 13 16.6 19.5 19.7 19 18.4 17.7 17.8 18.1 18 18.3 18.6 19.4 20.8 22.2 21.8 21 20.7 18.6
0.6 1.1 1.7 2.1 2.5 3 3 3.8 8.5 9 11.9 14.5 15.7 17.5 18.8 20.3 23.3 26.3 25.8 23.8 20.8 17.3 15.1 14 12.8 12.1 11.7 11.3 10.9 8.8 9.6 8.5 7.8 7.1 6.4 6.1 5.6 5.8 6 6.5 7.5 8.3 8.7 9 6 3.7 4.2 -2.6 -2.6 5.7 -2.6 -2.6 3.5 -2.6 -2.6 4.2 4.6 5.3 10.1 14.1 12.8 11.4 9.6 8.1 7.2 7.2 7.6 8.9 12 15.9 18.5 19.2 18.5 17.9 17.3 17 17.3 17.6 18 18.5 19.8 21.3 22.3 21.9 21.4 20.8 20.9
0.4 1 1.5 1.8 2.2 2.7 3.1 3 3.9 11.7 14.4 14.8 15.6 18.7 21.1 22.7 24.6 27.7 28.6 27.1 23.8 18.6 16 14.7 13.6 12.7 12.1 11.5 10.9 10.5 7.4 8.1 8.2 7.4 6.3 6.2 4.5 4.7 5.1 6.2 6.6 6.5 6.3 -2.6 -0.2 3.2 -2.6 -2.6 -2.6 3.8 4.3 -2.6 3.2 -2.6 -2.6 5.4 5.6 8.8 13.8 13.5 10.9 9 7.4 7.3 7.1 7 7.2 7.6 10.4 15.7 16.6 18.2 17.9 17.4 16.8 16.4 16.7 17.8 18.1 18.8 19.9 21.3 22.8 22 21.1 19.7 17.9
0.2 0.8 1.1 1.5 1.9 2.4 2.8 3.3 3.9 8.2 17.5 14.6 17.1 18.9 21.6 24.1 26.2 28.1 28.7 27 24.5 19.6 17 15.8 14.5 13.6 12.7 12 11.4 10.8 9.9 8 7.9 7.3 6.5 6 5.4 4.9 4.9 5.6 5.5 5 -2.6 -2.6 3.7 3.8 -2.6 3.7 1.1 4 4.3 4.4 7.3 4.5 4.7 5.3 7.3 11.9 13.2 12.8 10.2 8.3 7 7.3 7.4 7.3 7.1 7.4 10.5 14.4 15.9 17 17 16.5 16.1 16.2 16.4 16.6 17.2 18 19.3 21.9 22.8 21.7 20.5 18.6 17.3
0.1 0.4 0.8 1.2 1.6 2 2.5 3 3.3 4.2 11.1 16.3 16.8 18.2 21 23.2 25.1 26.2 26.9 25.9 23.4 21.1 22.5 20.6 16 14.9 14 13 12.3 11.8 9.7 8.1 7.5 7.1 6.6 6.1 5.7 5.2 4.8 4.7 4.3 -2.6 -2.6 3.7 4 4 3.9 3.8 3.8 4.1 4.1 4.1 4.3 7.9 4.8 6.2 10.9 14.8 14.9 14.4 11 7.5 6.8 7.3 7.6 7.2 6.5 7 11.2 15.1 16.4 16.6 16.6 16 16.1 16.3 16 15.6 16 17.4 18.9 22 21.8 21.2 19.9 18.1 16.6
-0.2 0 0.4 0.9 1.3 1.8 2.2 2.7 3.1 3.1 5.9 11.4 18.7 19.8 21.8 23.2 25 25.7 26.3 25.4 25 23.7 24.2 23 17.4 15.6 14.7 13.9 13.2 11.4 8.7 8.1 7.6 7.2 6.7 6.3 5.8 5.3 4.9 4.5 4.2 -2.6 -2.6 4.1 4.2 4 4 2.9 3.6 3.9 3.8 3.7 3.8 4.5 7.9 8 12.2 15.3 15.4 14.9 12.1 8.6 7.9 7.8 7.8 7 7 7.6 12 15.1 16.4 17.2 17.4 17 16.6 16.2 15.8 15.1 15.5 16.7 18.3 20.2 20.6 20.6 19.5 17.6 16.2
-0.7 -0.3 0.1 0.6 1 1.4 1.9 2.4 2.9 3.8 5.3 9.8 13.3 19 20.8 22.9 24.1 25.6 26 26.2 26.1 25.9 24.7 23.1 17.9 16.1 15.4 14.8 14 10.6 8.8 8.3 7.8 7.3 6.9 6.4 5.9 5.5 4.9 4.2 4 -2.6 3.4 4 4.4 4 3.9 3.6 3.5 3.6 3.5 3.6 3.6 4.1 4.7 7.8 11 14.5 15.1 14.1 11.5 10.1 9.8 8.4 6.9 7.8 8 9.1 11.3 16.5 17.5 17.7 18.1 18.2 17.3 16.1 16.4 16.2 15.6 15.8 16.9 18.1 18.6 18.8 19.2 16.4 15.4
-1.1 -0.7 -0.2 0.2 0.7 1.2 1.6 2.1 2.5 3.1 2.9 5.2 8.4 17.9 19.9 22.8 23.4 25 24.6 25.9 26.5 25.9 24.7 21.6 18.4 16.7 15.9 15.1 13.3 9.8 9 8.5 8 7.4 7 6.5 6.1 5.4 4.7 4 -2.6 -2.6 3.5 3.9 4.3 4.7 3.9 3.8 3.7 3.6 3.6 3.5 3.6 4.1 5 7.3 9.7 12.3 13.9 13 12.2 12 11 7.7 8.6 11.6 11.3 12.7 13.9 15.8 17.3 17.9 17.9 18.6 17.5 16.3 16.4 16.7 15.9 15.1 14.8 15.7 16.6 16.9 16.8 15.8 15.2
-1.4 -1 -0.5 0 0.4 0.9 1.3 1.7 2.2 2.8 2.8 3.7 8.8 12.4 20.1 22.5 23 23.8 23.3 25.1 26.3 25.8 23.8 20.2 17.3 16.7 16.1 14.7 13.4 9.6 9.1 8.6 8.1 7.6 7.1 6.6 5.9 5.3 4.6 3.9 -2.6 3 3.6 4 4.4 4.7 5.5 4.6 3.6 3.6 3.7 4.5 3.6 4.1 5.3 7.7 10.8 11.4 12.3 11.1 10 9.5 8.6 7.2 9 10 9.8 9.4 10.7 12.2 16.1 17.6 17.5 18.9 17.7 16.7 16.8 16.8 15.9 15.2 14.5 14.2 14.9 15.5 16.1 16 15.1
