app/static/ascii/SD17.asc
ncols 200
nrows 200
xllcorner 310000
yllcorner 470000
cellsize 50
[rows 0 to 37 of 200, columns 87 to 173 of 200]
6.2 6.7 6.3 6.1 6 6.9 5.8 5.8 5.8 5.9 6 6 6 5.9 5.9 7 7.1 7.2 6.3 6.3 6.7 6.9 8.4 10.9 11.2 10.6 9.9 8.1 5.8 5.4 5.5 5.5 5.5 5.6 5.8 6 8 10.7 12.1 10.8 9.4 8.7 9.3 10.2 11.3 11.3 11.3 10.9 10.2 9.5 10.2 10 12.3 16.8 19.5 19 17.9 15.5 13.3 10.6 8.3 7.5 6.7 6 5.9 5.8 5.7 5.7 5.8 6.1 10.2 17.9 17.8 18.1 18.4 18.5 17.2 10.6 7.9 8.1 7.9 7.7 7 6.4 7.2 4.2 3.7
6.2 5.6 6.8 6.5 6 5.7 5.7 5.8 5.9 5.9 5.9 6 6.1 6.1 6.1 6.9 7.3 7.2 6.4 6.6 6.8 6.6 6.6 8.2 9.8 8.9 8 6.5 6.1 5.7 5.6 5.7 5.8 5.9 6.1 6.3 7.6 11.2 13.7 12.6 11.9 9.3 9.5 10.4 11.6 11.7 11.7 11.2 10.6 10.5 11.6 12.5 16.1 19.6 22.4 22.7 20.9 18.1 14.4 11.6 8 7.2 6.5 5.9 5.9 5.9 5.9 6.1 6.2 6.2 7.8 14.1 16.6 16.9 17.4 18.2 14 7.8 7.2 6.5 7.1 7.7 7.1 7.1 7.5 7.2 7.2
6.6 6.5 6.8 6.8 6.8 6.2 6 5.9 6 6 6 6 6.1 6.1 6.2 6.6 7.3 6.7 6.3 6.6 6.8 6.9 6.4 6.6 7 7.5 6.3 6.2 6.2 6 5.6 5.7 5.9 6 6 8.6 10.2 12.1 14.1 13.2 13.2 11.1 8.7 10.2 11.8 11.9 12.1 11.2 10 10.3 11.5 12.7 15.9 20.2 22.5 23.8 22.7 20.7 15.8 12 7.9 7 6.4 5.8 5.7 5.7 6 6.1 6.1 6.1 6.1 6.5 6.8 6.9 6.6 8.2 8.7 7 7 7.6 7.3 6.9 7 7.2 7.4 7.5 7.2
7 6.9 6.9 6.9 6.8 6.7 6.5 6.3 6.2 6.2 6.2 6.9 6.7 6.1 6.2 6.6 6.6 6.3 6.3 6.6 6.8 7 6.4 6.5 6.5 6.7 6.2 5.9 5.8 5.8 5.7 5.8 5.9 6 7.1 8.5 8.6 9.2 13.8 12 11.1 10.1 9.3 10.3 11.9 12.7 12.8 9.8 9.3 9.9 11.1 11.8 14.2 18.3 21.6 23.5 23.4 21.5 17.4 10.6 7.3 6.9 6.4 5.8 5.5 5.8 6.1 6.2 6.1 6.2 6.1 6.1 6 5.8 5.8 5.3 5.9 6.7 6.7 7 7.1 6.8 6.9 7.2 7.3 7.4 7.2
7.4 7.2 7.1 7.1 7.1 7.1 6.9 6.7 6.5 6.5 7.5 9 8.4 7.2 6.2 6.3 6.5 6.6 6.2 6.5 6.7 7.9 6.4 6.2 6.2 6.4 6.2 5.9 5.9 5.8 5.8 5.8 5.9 6 6.4 6.7 8.8 15.1 19 16.8 11.1 10.2 9.8 9.4 10.3 12.4 13.2 11.6 9.6 10.4 10.6 11.3 12.2 15.4 19.1 19.5 19.1 18.3 14.8 9.6 7.2 6.8 6.3 5.7 5.4 6 6.3 6.2 6.2 6.2 6.2 6.2 6.1 5.8 5.8 4.9 4.6 6 6.1 6.4 6.6 6.4 6.8 7.2 7.3 7.4 8.4
7.6 7.5 7.4 7.4 7.4 7.4 7.3 7.1 7.1 7 8.8 10.2 9.4 8.2 7.1 6.9 7 7 6.5 6.1 6.8 6.4 6.7 6.4 6.1 6.1 6.3 6 5.9 5.8 5.8 5.8 5.9 6 6.5 6.7 6.5 12.7 18.9 18.4 12.2 10.9 10.6 10.1 11 12.1 12.6 12 10.2 9.9 10 10.8 11.3 12.2 14.6 16.1 15.9 11.9 9.4 7.1 6.8 6.5 6.3 5.9 5.5 6.1 6.3 6.2 6.2 6.2 6.2 6.3 6.2 6 5.8 4.8 4.6 5.9 6.5 7 6.9 6.5 6.9 7.1 7.3 7.6 8.3
7.8 7.7 7.6 7.6 7.6 7.6 7.6 7.5 7.3 7.2 8.8 10 10.1 9.4 8.3 7.6 7.6 7.4 6.6 6.1 6.7 7.3 7.9 7.4 6.1 6 6 6 5.9 5.8 5.9 5.9 6 7.5 9 9.9 8.5 8.8 10.8 13.6 13.6 11.6 10.3 10.5 11.4 12.2 12.4 11.8 10.8 10.5 10.1 9.5 9.7 10.7 11.7 12.9 12.6 8.9 7.3 6.7 6.6 6.5 6.3 6 5.8 5.5 5.8 5.9 5.9 5.9 5.9 5.9 6.2 6 5.8 4.7 4.7 6.4 6.6 6.6 6.6 6.7 6.9 7 7.3 7.5 8
8 8 7.8 7.8 7.8 7.8 7.6 7.6 7.5 7.5 8.6 9.8 9.5 9.1 9.1 8.5 8.1 7.2 6.4 6.1 6.4 6.6 7.1 7.4 6.4 7.1 7 6.8 5.9 5.9 6 6.1 6.8 8 9.9 11.1 11.6 10.4 9.3 9.6 12.2 11.9 11.5 12.5 12.3 12.6 12.3 11.7 11.1 11.1 10.3 9.1 9 9.2 10 11.1 11 8.2 7.1 6.9 6.7 6.6 6.3 6.1 5.9 5.4 5.2 5 5 5.1 5.1 5.5 6 6 6.1 5.8 4.1 5.2 5.8 6.4 6.5 6.6 6.8 7 7.2 7.4 7.3
8.2 8.2 8.1 8.1 8 7.8 7.6 7.6 7.5 7.6 8.9 9 8.7 8.5 8.4 8.5 7.8 6.9 6.3 6.2 6.2 6.1 4.8 6.3 6.4 7 8.2 8.6 6.4 6.1 6.2 6.6 6.7 7.7 8.2 10.8 12.1 12.5 12.5 12.8 13.1 13.8 14.6 15 13.5 12.4 11.8 11.2 10.9 10.5 9.6 8.6 8.5 8.4 9.1 9.7 10.6 8.3 7.1 7.1 6.7 6.6 6.4 6.2 6.1 5.9 4.4 4.2 4.2 4.3 4.6 5.1 5.6 6.1 5.9 5.8 4.9 4.6 4.8 5.6 6 6 5.7 6.6 7.1 7.3 6.1
8.3 8.3 8.3 8.1 7.9 7.8 7.7 7.6 7.6 7.7 8.8 8.4 8 7.7 7.6 8 7.9 7.1 6.6 6.8 6.7 5.9 6.1 6.3 5.4 6.5 7.9 8.4 6.5 6.6 5.8 6.3 6.4 6.3 6.5 7.5 10.2 11.8 12.5 13.5 12.7 14.2 14.7 13.6 12.6 12 11.2 10.5 10.1 9.5 8.8 8 7.9 7.7 8.2 8.9 8.4 7.5 8 8 7.6 7 6.4 6.3 6.2 6 4.9 4.5 5 3.8 4.1 4.6 5.1 5.8 5.8 5.8 5.3 4.6 4.7 5.3 5.7 5.6 5.6 6 7.1 6.6 6.4
8.4 8.5 8.4 8.2 8 7.8 7.7 7.7 7.7 8 8.3 7.9 7.7 7.3 7.2 7.5 7.8 7.6 7.3 6.9 6.5 6.1 5.9 6.1 6.2 6.4 6.4 6.2 6.6 8.5 7.1 4.3 6.3 6.2 6.3 6.4 6.7 7.9 10.5 11.2 11.1 13.6 14.7 14.1 13.9 12.6 11.6 10.6 9.5 9.4 9.3 8.3 7.9 7.4 7.1 7.3 7.2 6.9 8.6 10.1 9.6 7.3 6.4 6.2 6.1 5.8 5.5 6.7 7.9 7.4 4 4 4.8 5.5 5.4 5.4 4.2 4.6 4.7 5 5.2 5.5 5.6 5.6 6.4 6.5 6.2
8.7 8.6 8.5 8.3 8.2 8 7.9 7.9 7.9 8.1 7.8 7.7 7.5 7.2 7.2 7.2 7.6 8 7.7 7.3 7.5 7 6.5 5.9 5.9 6.1 6.3 6.1 7.7 9.7 9.8 8.4 4.3 6.2 6.3 6.3 6.7 7 9.1 11.2 10.9 14.5 14.9 14.2 13.9 12.5 12.1 11.9 11 11.3 10.5 9.1 9.4 9.3 8.2 7 6.3 6.3 7.8 8.7 7.6 6.7 5.8 5.4 5.1 4.9 7.3 9.1 10.2 10.9 10.3 6.8 5.6 5.3 5 5.1 4.8 4.7 4.7 4.7 4.9 5.4 5.4 5.5 5.8 6.4 6.2
8.8 8.7 8.6 8.5 8.5 8.2 8.1 8.1 8.2 8 7.7 7.5 7.3 7.2 7.3 7.5 7.7 8.1 8.3 8.8 8.7 8.1 7.6 7 5.9 5.9 6.2 5.7 8 10.1 10.5 9.4 7.7 4.4 6.1 6.4 6.6 7.9 10 13.9 14.6 13.3 12.3 12.2 13.9 12.4 14.6 14.5 13.8 11.9 10.5 10.1 11.8 11.1 9.5 7 6.1 6 6 7 6.6 6 5.5 5.3 6.2 6.5 7.6 10 12.6 16.5 16.4 13.4 7.9 6.2 5.4 5.6 5.2 5.1 4.8 5.2 5.6 3.5 5.4 5.5 5.9 6.4 5.6
9.1 8.9 8.8 8.7 10.6 11.8 9.9 8.9 8.8 8.3 8 7.6 7.2 7.2 7.3 7.5 7.6 7.6 8 9.1 9.7 9.2 8.6 8.1 7.4 6.1 6.1 7.6 9.3 10.3 9.7 9.1 10.1 8.4 4.3 6.3 9.5 11.8 12.4 13.1 14.4 12 12 13.1 14.7 14.8 16.2 15.5 14 12.3 10.6 11.3 12.1 11.4 8.2 6.9 6.2 6.3 6.2 5.9 5.9 5.8 6.9 7.3 8 12.7 12 10.5 15.2 22.1 0.5 13.3 11 8.3 6 5.8 5.5 5.7 5 5.2 5.6 5.5 4.3 5.4 5.9 5.9 5.8
9 9.1 9.2 9.1 14.2 17.1 16.7 13.5 10 8.4 7.8 7.3 7.1 7.1 7.2 7.3 7.5 7.6 7.2 8.2 9 9 9.4 8.8 8.3 8.2 7.7 9.6 11.3 11.7 10.2 12.4 15.1 14 10.6 4.3 7.3 10.3 10.5 9.5 9.2 10.5 13.7 16.6 17.4 16.5 16.6 15.2 14.1 13.1 12.4 13 13.3 10.8 8 6.4 6.5 6.6 6.4 5.8 5.8 6 7.6 9.5 11.3 17.8 23.9 15.3 16.1 21.7 1.1 1.4 13.2 10.6 8 5.8 6.1 6.2 5.4 5.2 5.6 5.2 4.9 4.8 5.3 5.1 5.3
9.1 8.9 8.8 9.1 9.3 9.1 9.2 9.7 8.1 7.7 7.5 7.2 6.9 6.9 7 7.2 7.3 7.5 7.2 7 7.6 7.9 8.4 9 9 9.4 9.8 10.5 11.8 11.8 12.4 16.7 18.6 17.8 15.1 8.3 5.9 4.3 7.9 7.5 8.2 9.8 13.7 17.4 18.6 17.9 17.4 16.4 15.5 14.4 14.2 14.7 13 9.8 7.9 6.8 6.9 7.2 6.2 5.6 5.6 6.3 9.8 8.6 9.7 15.1 20.7 23.9 15.7 11.4 1.4 1.4 12.2 10.9 8.4 6.4 6.6 6.7 5.8 5.3 5.4 5.2 5 4.9 4.2 4.9 5.1
9 8.9 8.8 8.6 8.5 8.3 8.5 8 7.7 7.4 7.2 7 6.8 6.7 6.9 7 7.2 7.4 7.2 7.1 7.1 7.1 7.3 8 8.6 9.2 9.6 10.5 11.7 11.8 12.2 15.6 17.5 15.9 13.6 8 5.8 5.9 6.3 6.6 8.7 11.5 14.1 17.2 19.3 19.3 18.5 17.7 16.7 15.7 15.2 14.8 12.5 12.7 10.4 8.3 7.5 7 6 5.4 5.7 6.1 8.4 8.4 9.5 15 23 22.4 16.2 1.4 1.4 1.4 7.6 11.6 9.2 6.8 7 7.3 6.2 5.5 5.6 5.4 5.2 5 4.9 4.9 5.1
8.9 8.8 8.7 8.6 8.4 8.3 8.3 8.1 7.7 7.4 7.2 6.9 6.7 6.5 6.7 6.9 7.1 7.3 7.3 7.3 7.2 7.2 7.1 7.1 7.6 8.5 9.5 10.9 12.6 11.9 11.8 13.1 14 14.3 13.6 8.4 5.7 3.9 6.1 6.1 6.3 10.2 14.1 17.2 19.4 21 19.3 17.8 17.7 17.1 16.2 15.4 14.5 14.4 12 11.2 9.6 5.9 6 5.4 5.9 6.2 6.5 9.5 14.8 17.9 19.9 20.9 20.4 0.8 1.4 1.4 2.8 10.9 8.5 7.4 7.7 7.7 7.2 6.4 5.8 5.5 5.3 5.1 5 5.6 5.1
8.9 8.8 8.7 8.6 8.4 8.3 8.3 8.1 7.7 7.4 7.1 6.8 6.6 6.5 6.6 6.8 7 7.2 7.3 7.3 7.3 7.2 7.1 7 7 7.3 9.5 11.4 12.1 11.5 11.2 11.4 11.4 11 8.6 6.2 6.2 6.3 6.3 6.3 6.2 6.2 8.8 12.6 18.2 20.1 18.8 18.7 19.3 18.5 17.4 16.6 16.1 14.9 13.2 12.6 11.4 7.4 4.1 4.1 4.1 6.2 6.5 7 10.4 16.9 16.9 20.3 19.7 8.9 1.1 0.6 2.9 7 9.2 7.6 7.4 6.2 5.7 5.7 5.7 5.5 5.4 5.2 5.3 6 5.5
9.1 8.8 8.7 8.6 8.4 8.3 8.2 8 7.7 7.3 7 6.7 6.5 6.5 6.5 6.6 6.8 7 7.1 7.1 7.1 7.2 7.3 7.3 7.3 7.2 8.3 9.5 10.3 9.8 9.7 9.5 8.6 6.6 6.4 6.3 3.9 6.2 6.2 6.1 6.1 6.2 6.2 7.3 8.4 10.9 11.5 15.1 19 20.2 19.4 18.1 17.6 15.5 14.2 13.7 11.9 9.8 4.1 4.1 4.1 4.1 4.1 6.1 5.8 7.1 15.6 18.6 18.8 15.4 14.3 11.1 6.6 4 8.5 7.3 6.3 5.3 5.4 5.5 5.5 5.5 5.4 5.3 5.7 6.1 6.2
9.7 9.4 9.1 9.6 8.7 8.3 8.1 7.9 7.7 7.3 7 6.6 6.5 6.4 6.4 6.5 6.6 6.8 6.9 6.9 7 7.1 7.5 7.5 7.4 7.4 7.7 8.4 8.9 8.6 8.4 8.1 6.8 6.3 6.4 6.3 6.2 6.1 6 6 6.1 6.1 6.2 5.9 6 6.2 7.4 8.4 10.1 15.3 18.5 17.3 18.2 17.2 14.8 14.6 12.7 13.5 4.1 4.1 4.1 4.1 4.1 4.3 5.8 6.8 9 12.3 12.1 13.9 14.8 13.5 11.1 5.9 7.7 6.7 5.6 5.4 5.3 5.3 5.4 5.4 5.5 5.4 5.9 6.3 5.8
10.4 10 9.5 9.1 8.7 8.4 8.2 7.9 7.6 7.3 6.9 6.6 6.4 6.3 6.3 6.3 6.4 6.6 6.7 6.8 6.9 7.2 7.6 7.6 7.6 7.4 7.5 7.9 8.7 7.9 7.8 8 7.3 6.1 6.2 6.3 6.1 5.9 5.9 6 6 6.1 6.1 5.8 5.7 6.1 6.5 6.8 6.1 7.3 9.8 13.2 17.6 17.8 16.1 15.1 14 13.3 10.7 4.1 4.1 4.1 4.1 5.2 5.4 6.2 8 9.6 11.1 11.7 10.3 9.1 11 8.9 5.6 6.4 5.7 5.5 5.2 5.3 5.4 5.5 5.6 5.5 5.8 6.7 6.1
10.3 9.9 9.5 9.1 8.7 8.5 8.2 7.9 7.6 7.2 6.9 6.6 6.4 6.2 6.2 6.1 6.3 6.4 6.5 6.6 6.9 7.2 7.6 7.7 7.6 7.5 7.5 7.5 7.8 7.8 7.6 7.3 7 6.1 6.3 3.7 6.1 5.7 5.8 5.9 6 6.1 5.9 6 6 6.2 6.5 6.6 6.3 6.5 7.6 8.6 10.4 13.9 16.1 15.3 14 13.9 6.5 4.1 4.1 4.1 4.1 4.1 4.1 4.1 7.4 8.5 8.5 8.4 8.1 7.6 7.8 7.6 7.4 6.1 5.9 5.4 5.3 5.3 5.4 5.5 5.6 5.6 5.6 6.8 6.2
10.6 9.8 9.4 9.1 8.8 8.5 8.2 7.9 7.5 7.2 6.9 6.6 6.4 6.3 6.1 6 6.1 6.2 6.4 6.6 6.9 7.2 7.5 7.5 7.5 7.5 7.4 7.1 7.3 7.8 7.7 7.4 5.9 5.9 6.2 3.7 5.9 5.8 6.7 5.8 6 6.1 6.3 6.4 6.4 7 7.5 7.5 8.3 8.5 8.5 9.1 10 10.4 11.4 12.6 13.2 14 7.4 4.1 4.1 4.1 4.1 4.1 4.1 4.1 4.1 6.8 7.4 7.1 6.6 6.8 7.4 7.1 6.9 6.3 5.8 5.5 5.4 5.4 5.5 5.6 5.7 5.6 5.8 6.6 6.5
10.4 9.7 9.4 9.1 8.8 8.5 8.1 7.8 7.5 7.2 6.8 6.6 6.4 6.3 6.1 5.9 5.9 6 6 6.3 6.6 6.9 7.2 7.2 7.2 7.3 7.4 7.1 6.9 6.6 6.9 7 6.4 5.8 6.1 6.4 6.2 6.3 7 6.4 5.8 6.1 7.3 8.7 8.3 8.2 8.2 5.4 5 4.1 4.1 4.3 5 5.3 6 8.6 9.4 11.3 5.4 4.1 4.1 4.1 4.1 4.1 4.1 4.1 4.1 6.1 7.3 7.1 6.1 6.5 6.7 6.6 6.6 6.1 5.7 5.6 5.5 5.4 5.5 5.6 5.6 6.2 6.1 7 6.4
9.8 9.5 9.2 9 8.7 8.4 8.1 7.8 7.5 7.1 6.8 6.6 6.4 6.3 6.1 5.8 5.8 5.7 5.8 6.1 6.4 6.7 7 7 7.1 7.2 7.3 7.1 7.1 6.6 6.1 5.9 6 6.2 3.4 8.2 7.9 7.6 7.1 6.8 6.6 8.6 6.8 9.5 8.1 4.3 4.1 4.1 4.1 4.1 4.1 4.1 4.1 4.1 4 11.3 5.6 4.1 4.1 4.1 4.1 4.1 4.1 4.1 4.1 4.1 4.1 4.3 7.4 8.4 7 6.9 6.7 6.7 7.6 6.2 5.8 5.7 5.6 5.5 5.4 5.5 5.9 6.9 6.2 7.1 7.6
9.6 9.3 9 8.8 8.5 8.3 8 7.7 7.4 7.1 6.8 6.6 6.4 6.2 5.9 5.8 5.7 5.7 5.8 6 6.2 6.4 6.8 6.9 7 7.1 7.2 7.4 7.1 6.8 6.4 6.1 6.2 6.2 3.4 -2.6 7.3 8.3 8 7.3 6 3.7 3.7 4.5 5.1 4.1 4.1 4.1 4.1 4.1 4.1 4.1 4.1 4.1 4.1 4.1 11 4.1 4.1 4.1 4.1 4.1 4.1 4.1 4.1 4.1 4.1 4.1 7.7 8.3 8.5 7.4 6.6 6.7 7.5 6.5 6 6.1 6.1 6.2 5.8 5.7 5.8 6.8 6.4 7.4 7.4
9.5 9.1 8.8 8.6 8.3 8.1 7.9 7.6 7.3 7 6.8 6.6 6.3 6 5.9 5.8 5.7 6 5.9 6 6.2 6.4 6.7 6.9 7.1 7.2 7.6 7.5 7.3 7 6.7 6.4 6.3 6.1 6.1 -2.6 7.3 7.6 4.3 3.5 2.6 2.5 2.4 2.9 9.5 4.1 4.1 4.1 4.1 4.1 4.1 4.1 4.1 4.1 4.1 4.1 4.1 4 4.1 4.1 4.1 4.1 4.1 4.1 4.1 4.1 4.1 4.2 7.7 8.4 8.6 8 7.6 7.2 7.6 7.1 5.8 6.2 6.2 6.2 5.9 5.9 5.9 6.7 7.6 8.6 5.8
9.3 9 8.6 8.4 8.1 7.9 7.7 7.4 7.2 7 6.8 6.5 6.2 5.9 5.8 5.7 5.6 6.4 6.1 5.9 6.2 6.5 6.9 7.1 7.3 7.4 7.3 7.3 7.1 6.8 6.5 6.3 6.2 5.9 6.1 -2.6 -2.6 3.6 2.6 1.9 1.6 1.4 1.7 2.2 2.5 9.5 4.1 4.1 4.1 4.1 4.1 4.1 4.1 4.1 4.1 4.1 4.1 4.1 4.1 4.1 4.1 4.1 4.1 4.1 4.1 4.1 4.1 4.1 7 7.7 7.3 7.4 7.4 7.5 4.5 7.6 7.3 6.1 6.2 6.2 5.9 6 6 6.2 7.3 6.8 6.9
9.1 8.8 8.5 8.2 7.9 7.7 7.5 7.4 7.2 7.1 6.8 6.5 6.2 5.9 5.7 5.6 5.9 6.7 6.2 5.9 6.3 6.7 7.1 7.2 7.2 7.1 7.1 7.1 6.9 6.6 6.3 6 6.3 7.2 7.4 8 -2.6 2.4 1.2 0.6 0.4 0.6 1.1 1.5 2 7.9 4.8 4.1 4.1 4.1 4.1 4.1 4.1 4.1 4.1 4.1 4.1 4.1 4.1 4.1 4.1 4.1 4.1 4.1 4.1 4.1 4.1 4.1 4.3 5.7 6.4 5.9 7.5 4.5 4.5 4.5 4.5 4.5 6.1 6 5.9 5.9 6 7.3 7.8 7.4 2.5
9 8.6 8.3 8 7.7 7.6 7.6 7.4 7.3 7.1 6.8 6.5 6.1 5.8 5.6 5.6 5.7 6.5 6.6 6.3 6.7 7 7.2 7 7 7 6.9 6.9 6.8 6.5 6.3 6.1 7.1 7.4 5.6 3.5 -2.6 -2.6 -0.2 -0.6 -0.5 0 0.4 1.1 1.7 2.3 9.7 4.1 4.1 4.1 4.1 4.1 4.1 4.1 4.1 4.1 4.1 4.1 4.1 4.1 4.1 4.1 4.1 4.1 4.1 4.1 4.1 4.1 7.1 6.7 7.9 6.9 7.7 4.5 4.5 4.5 4.5 4.5 7.8 6.8 5.9 5.9 6.7 7.8 8 4.8 2.1
8.9 8.6 8.2 7.9 7.8 7.7 7.7 7.5 7.3 7.1 6.8 6.4 6.1 5.8 5.6 5.6 5.6 5.7 6.1 6.8 6.5 6.5 6.8 6.8 7.1 7.2 7.3 7.4 7.9 7.2 7 7.4 7.8 7.3 3.8 1.9 -0.7 -2.6 -1.7 -1.6 -1.1 -0.5 0.1 0.7 1.3 1.8 3.9 5.8 4.1 4.1 4.1 4.1 4.1 4.1 4.1 4.1 4.1 4.1 4.1 4.1 4.1 4.1 4.1 4.1 4.1 4.1 4.1 4.1 6.6 7.1 9.4 9.2 8.9 8.8 10.3 8.1 4.5 4.4 9.6 7.5 6.2 7.1 7.7 7.7 2.4 2 1.6
8.9 8.5 8.2 7.9 7.8 7.8 7.7 7.5 7.4 7 6.7 6.3 6 5.8 5.6 5.5 5.5 5.6 5.7 7.4 7.2 7.3 6.8 7.3 8 7.9 7.9 8.1 8.3 7.7 8.6 8.8 8.3 4.4 2.8 1.2 -0.5 -2.6 -2.6 -2 -1.5 -1 -0.5 0 0.5 1.1 1.9 9.9 4.1 4.1 4.1 4.1 4.1 4.1 4.1 4.1 4.1 4.1 4.1 4.1 4.1 4.1 4.1 4.1 4.1 4.1 4.1 5.6 9 8.6 10.1 10.2 10.4 11.3 11.8 9.5 9.1 9.8 10.8 9.3 6.7 8 8 2.4 1.7 1.3 0.9
9.4 8.5 8.1 7.9 7.9 7.9 7.8 7.6 7 6.7 6.4 6.3 6.1 5.9 5.7 5.5 5.4 5.4 5.7 6.5 8.2 8.6 8.2 8.4 8.8 8.8 8.2 9 9.3 9 9.4 8.3 4.8 3.6 2.5 1.5 -0.3 -2.6 -2.6 -2.6 -2.2 -1.7 -1.2 -0.7 -0.2 0.3 1 2.3 9.6 4.1 4.1 4.1 4.1 4.1 4.1 4.1 4.1 4.1 4.1 4.1 4.1 4.1 4.1 4.1 4.1 4.1 4.1 4.1 4.1 4.1 9.1 10.9 10.8 12.1 9.9 9.8 10.3 12 17.2 15 7.7 7.9 2.5 1.9 1.1 0.6 0.3
9.9 9 8 8 7.9 7.9 7.7 7.2 6.8 6.6 6.5 6.3 6.1 6 5.8 5.6 5.4 5.3 5.7 6.4 7.6 7.9 7.1 7 7.4 8.1 8.2 7.1 7.7 9.3 7.9 4.7 4 3 2.5 1.9 0.2 -1.6 -2.6 -2.7 -2.6 -2.4 -1.9 -1.4 -0.9 -0.5 0.2 1.1 8.8 5.3 4.1 4.1 4.1 4.1 4.1 4.1 4.1 4.1 4.1 4.1 4.1 4.1 4.1 4.1 4.1 4.1 4.1 4.1 4.1 4.1 4.1 4.1 5.5 6.9 9.9 10.6 12.2 16.1 19.6 16.9 8.5 3.7 1.9 1.3 0.6 0 -0.4
10.2 9.3 8.3 8.2 8.2 8.1 7.7 7.1 6.8 6.7 6.5 6.3 6.1 6 5.9 5.7 5.5 6.1 6.3 6.9 7.5 6.7 7.1 7 7.7 8.3 8.4 9 7.1 6.1 4.4 4 3.4 2.5 2.5 1.9 0.3 -1.6 -2.6 -2.6 -2.6 -2.6 -2.6 -2.2 -1.7 -1.7 -1.3 -0.4 1.1 10 4.1 4.1 4.1 4.1 4.1 4.1 4.1 4.1 4.1 4.1 4.1 4.1 4.1 4.1 4.1 4.1 4.1 4.1 4.1 4.1 4.1 4.1 4.1 4.1 4.4 10.6 12.6 15.7 17.9 14.5 3.9 1.8 1.2 0.6 0.1 -0.7 -1
9.9 9.3 8.6 8.5 8.4 8 7.4 6.9 6.8 6.7 6.5 6.3 6.1 5.9 5.8 5.9 6.6 7.1 7.6 7.1 7.8 9.8 9.1 8.5 6.4 9.1 8.4 7.1 4.7 4.4 4 3.4 2.9 2.5 2.5 1.2 -0.4 -1.6 -2.6 -2.6 -2.6 -2.6 -2.6 -2.6 -2.6 -2.6 -2.6 -2.6 -2.6 1.3 10.1 4.1 4.1 4.1 4.1 4.1 4.1 4.1 4.1 5.2 4.1 4.1 4.1 4.1 4.1 4.1 4.1 4.1 4.1 4.1 4.1 4.1 4.1 4.1 5.6 10.2 10.9 13.4 12.8 8.3 2.2 0.9 0.3 -0.1 -0.7 -1.2 -1.7
8.9 8.1 7.9 7.8 7.4 7.2 7.2 7 6.8 6.7 6.6 6.4 6.3 6.4 6.7 7.9 7.1 7.8 7 9.2 8.3 8.9 9.4 9 9 8 6.7 4.6 4.3 4 3.8 3.2 2.6 2.5 2.3 1.1 -0.1 -1.3 -2.6 -2.6 -2.6 -2.6 -2.6 -2.6 -2.6 -2.6 -2.7 -2.7 -2.6 -2.6 -2.6 10.1 4.1 4.1 6.5 6.3 6.2 5.7 6.9 6.1 4 4.7 4 4.1 4.1 4.1 4.1 4.1 4.1 4.1 4.1 4.1 4.1 10.6 2.5 2.5 2.5 10.2 10.7 2.9 1.5 0.3 -0.7 -1 -1.5 -2 -2.6
