app/static/ascii/SD27.asc
ncols 200
nrows 200
xllcorner 320000
yllcorner 470000
cellsize 50
[rows 38 to 75 of 200, columns 86 to 171 of 200]
155.1 157.4 158.1 160.5 165.7 173.3 185.7 199.2 207.7 213.1 216.4 219.4 221.2 218.4 213.4 209.9 206.4 202.4 197.7 193.1 188.5 184.1 178.2 168.1 156.4 143.6 128.1 119.1 115.9 123.8 129.6 134.4 136.8 137.1 131.5 125.5 123 120.2 115.6 109 102.4 96.3 92.2 92 92.4 91.1 94.9 96.6 91.6 88.9 83.9 82 80 77.6 75.4 72.9 68.4 65.2 62.1 57 55.6 55.9 59.7 59.8 57.8 58.8 59.5 57.8 57.8 55.9 55.7 54.4 51.5 50.1 44 42.8 42.5 42.9 40.7 37 34.5 34.8 31.5 29 27.3 23.2
150.8 153.7 154.9 157.6 160.3 171.4 184 195.1 203.9 210.4 213.1 216 217.3 212.3 207.9 206.2 203.1 198.5 193.8 189.7 185.8 183 175.8 165 153 140.1 126.4 118.6 114 119.8 124.9 129.7 133.4 134.8 128.1 120.1 117.1 114.5 108.9 102.7 95 89.8 86.7 86.5 87 85.3 86.3 88.1 84.2 83.2 79.5 78 76.4 74.3 72 68.7 64 61 58.5 54.8 54.5 54.5 54.7 54.6 52.5 53.4 54.1 53.3 51.6 46.8 44.6 47.1 50.3 48.8 41.6 41.6 41.2 41.2 40.2 39.5 39.5 33.5 31.7 29.4 27.8 24.1
143.5 153.3 159.3 160.7 160.1 168.6 180.4 191.1 201.2 206.1 209 212.3 211.9 207.2 205.1 202.3 198.3 194.5 190.4 186.7 183.5 178.8 170.8 159.4 148.3 136.8 125.5 119.5 111.9 116.3 120.7 124.4 130.4 130.7 124 116.3 112.5 108.8 101.9 94.8 88.1 84.2 82.4 80.3 81.5 79.8 78.3 79.5 78.5 78.6 75.8 73.6 72.8 70.5 68 64.9 61 57.5 54.7 53.6 53.1 53.4 52.8 52.2 51.4 51.7 52.5 52.6 51.3 48.4 42.8 40.5 42.8 40.8 41.3 42.1 38.9 42.4 43.9 43.9 37.2 32.4 34 32.5 30.7 28
148.9 161.2 164.7 164.5 163.1 167.5 179.1 188.2 197.2 201.8 205.3 207.1 205.2 202.5 201 198.2 194.3 190.9 186.6 182.6 178.4 172.1 163.6 151.5 143.5 135.2 124.1 117.1 112.3 118.1 121.1 122.9 125.9 125.4 119.3 112.6 107.8 102.8 96 91.7 86.1 82.4 78.4 74.5 75.9 74.4 71.5 71.9 72.8 71.2 69.6 68.9 68 66.4 63.8 61.3 58.2 54.2 52.8 51.6 51.7 51.9 51.8 51.5 51.2 51.3 52.2 52.2 48.3 46.1 41 37.9 38.9 38.6 40.5 41.1 41.6 45.4 45.7 38.2 33.9 32.9 32.9 33.1 32.8 31.5
157.4 167 169 167.4 167.7 171.8 179.7 185.6 192.7 196.9 200.5 201 199.7 197.9 196.7 193.3 190.2 186.8 182.9 176.7 171.4 165.7 157.3 148.4 143.7 133.8 123.2 115.4 110.8 105.6 117.1 121 120 119.5 114.2 108.9 103.8 98.4 92.4 87.3 83.3 78.4 75 70.8 70.1 69.2 67.8 66.5 67.2 64 63.1 63.8 63 61.8 60.5 59 56.3 51.4 50.1 50.2 50.3 50.5 50.9 50.3 50.9 51.7 51.3 49.4 47.7 43.9 40 36.6 36.7 38.3 41.2 42.5 44 38 33.1 32.9 32.1 30.8 30.2 29.9 32.2 32.9
166.7 173 172 170.9 171 175.3 181.9 186.8 189.2 191.4 193.7 194.8 194.3 192.8 190.7 189.1 185.4 181.5 175.7 170.6 166.1 160.5 152 147 140.4 132.9 124 114.5 108.5 106 113.8 112.6 114 112.5 108.2 103.9 98.8 92.6 87.9 82.9 79.5 72.7 68.8 67.3 65.8 64 64.5 62.1 61.7 59.8 56.7 59.3 59.3 58.4 57.6 56.4 54 49.4 48.7 48.8 48.9 49 49 49.8 50.5 51.6 51.7 49.3 46.3 43.1 39.6 36.5 38 39.8 34.5 34.6 36.5 42.1 43.4 40.5 36.7 33.2 33.9 34.3 33.7 36.2
173.4 173.7 174.4 173.5 174.1 179.4 185.3 188 188.3 188.7 189.4 189.9 188.6 187.8 186.8 185.5 181.5 175.1 168.5 164.7 160 153.4 146.7 142.2 134.7 128.5 118.6 110.7 104.4 109.6 109.7 107 107 104.8 101.3 97.4 92.9 86.7 82.9 77.8 74.5 73.9 73.3 69.5 65 61.6 60.8 58.8 56.5 55.5 53.2 55 55.3 55.1 54.4 53 50.9 48.1 47.7 47.5 47.5 47.8 47.4 48.1 49.5 49.6 46.8 42.6 38.5 37.9 37.8 35.9 36.1 35.9 35.2 37.1 38.5 41.2 40.5 39.9 39.4 37.8 37.5 38.2 36.2 36
177.9 175 176.2 176 176.5 181.2 187 188.1 187.5 186 186.2 185.4 183.8 183 182.7 181.1 175.6 167.7 162.5 158.3 153.5 147.8 142.9 136.9 131.1 122.6 113.3 106.7 99.7 109.4 106.6 102.3 101 97.5 94.5 91.3 86.8 81.1 77 75.1 76.8 81.4 80 74.4 66.6 62.7 59.6 57 55 53 52.1 51.1 51.3 51.6 50.8 49.5 48.7 47.1 46.6 46.5 46.5 47 42.6 44.7 49.7 51.4 49.7 48.1 45.6 45.9 38.9 36 35.6 34.9 34.1 33.3 32.9 34.5 34.8 37.2 38.8 39.3 39.4 37.6 38.6 38.2
176.2 174.8 175.9 176.3 176.6 180 184.6 185.7 185.6 183.9 182.2 180.8 179.5 179.3 178.6 175.4 169.6 164.1 158.1 151.9 145.5 140.3 135.4 132.4 128.1 120 109.9 99.3 99.3 104.6 101.2 97.1 94.7 91 88 85.1 79.9 75 73.3 76 81.5 85.3 81.6 76.4 67.9 62.8 57 55.2 54.2 52.6 51.4 50.8 50.2 49.8 49.4 48.4 48.1 46.2 44.8 45.2 46.2 45.4 45.4 45.9 48.8 49.6 52.1 51 47.5 48.4 41.5 38.4 37.2 35.9 33.9 32.9 32.5 31.5 30.1 33.2 38.4 38.8 38.7 38.4 39.5 39.6
171.9 173.5 175.1 176 175.3 176.8 180 181.3 181.8 180.3 178.3 176.5 175.5 175.4 173.4 170 165.2 161.4 156.2 150 141.6 132.7 128.4 127.2 122.1 115.8 108.1 96.6 95.5 100 95.8 92 88.2 84.2 80.9 78 74.6 72.4 72.6 78.1 83.4 82.6 79.4 75.8 69.2 58.9 54.5 53.6 52.7 52.4 51.8 51.3 50.8 51.6 50.2 46.6 46.6 51 50.7 43.3 43.6 43.7 44.1 44.7 45.1 48.3 52 52.4 49.6 47.8 45.7 43.9 38.1 35.6 33.5 34.6 33.4 32.1 31.2 29.7 37.4 38.8 38.5 39.2 39.8 40.3
168.7 172 174.1 175.1 172.9 171.7 174.5 177 177.3 176.4 175.1 173.1 171.2 170.9 168.9 166 161.6 157.2 152.6 145.5 137.6 131.5 125 121 115.6 110 100.9 93.2 93 93.2 89.6 86.8 83.3 78.8 76.5 73.7 72 72.1 74.2 78.7 80 78.7 75.4 72.3 68.1 56.6 53.8 54 53.2 53 52.3 52.4 49.2 53.6 52.9 51.2 49 47.7 47.9 48.8 49 48.2 44.6 43.3 46.8 42.6 46.8 51.1 51.2 50.5 49 45.8 38.4 36.5 34.7 38.1 38.1 36.6 32.8 30 30.6 38.3 40.2 40.5 39.6 39
166.2 170.6 172.7 173 171.2 167.5 171.4 176.3 175.9 174.2 173.6 172.1 169.8 166.7 166.4 163.7 159 152 146.3 141.7 134.6 129.7 123.3 118.9 112.9 106.3 96.5 90.6 85.9 80.5 81 81.2 78.9 74.3 73 70.9 70.3 70.7 74 76.7 75.7 73.2 68.2 64.4 61.5 55.1 55.6 55.4 54.4 51.3 53 52.4 52.9 55.2 54.3 52.1 50.7 52.5 53.5 53.2 53.4 54.4 56.5 52.5 47.1 43 41.9 48.3 50 45.5 41.3 38.9 37.9 38.4 40.5 45.3 43.7 42.1 38.4 32.6 28.2 31 40.4 42.3 40.5 38.2
163.8 168 169.9 169.5 166.9 164.8 171.3 175.8 174.2 173.6 173.5 171.2 167.8 164.6 162.9 160.2 153 146.1 142.4 140 134.5 129.7 121.9 117 111.1 105.8 96.3 91.6 89.1 86.2 79.8 74 69.2 72 71 69.1 68.5 68.7 73.1 74.7 72.3 65.3 61.8 59.7 56.6 55.7 55.6 55.1 53.9 54.1 53.2 53.7 56.7 56.8 59.4 57 57.2 58.2 57.4 56.8 56.3 57.5 55.5 55.4 51.2 45.9 42.2 41 43.2 40.1 39.2 36.4 40.5 46.5 45.3 47.3 46.2 43.7 40.4 36.6 30.8 27.3 38.4 42 40.5 37.3
159.6 144.9 148.6 162.5 162.9 162.7 168 172 172.7 173.9 173.2 170.1 165.8 161.9 159 154.7 147.1 142.1 139.1 135.6 131.9 129.5 122.5 113.7 108.6 101.7 96.1 93.2 91.4 87.7 82 78.7 76.6 67.8 69.3 68.2 67.2 68.5 72.6 73 69.3 61.2 59.2 57.8 56.8 55 56.5 56.4 55.3 55.7 56.5 58.2 62.3 65.8 64.3 64.2 64.7 63 61.2 59.6 59.1 58.4 60.3 58.8 54.3 49.9 45.2 42.4 40.9 44.8 48.6 49.2 51 50.1 48.3 47.6 46.4 43.9 41.5 39.2 32.8 26.5 30.2 37.9 39.8 35
158.7 145.5 144.9 156 155 160.7 163.2 168.7 172 173.7 172.1 168.2 163.8 159.6 155.3 149.9 145.4 142.4 140.9 138.1 131.8 125.1 118.1 110.2 105.2 102 97.9 92.2 91.2 93.3 87.4 82.4 80.7 77.6 68.6 66.2 67.1 68.9 74.3 70.4 63 58 58.6 58.1 56.2 57.6 56.5 57.4 59.4 61.5 61.4 62.4 64.9 66.5 66.4 66.2 66.1 64.5 62.6 61.1 60.1 59.5 60.6 60.8 56 51.5 48.7 47.3 47 49.6 50.6 50.7 50.7 50.5 50 48.6 46.5 44.3 41.8 38.5 36.9 30.9 26.6 24.9 35.2 31.4
151.5 149.2 152.3 150 152.4 155.8 161.2 168.6 172.2 172.4 170.4 166.3 162.4 157.2 151.4 147.9 146.6 146.4 144.5 141 133.5 124.3 113.7 109.2 107 107.1 102.9 93.3 95.5 99.6 95 89.8 85.2 80.7 76.3 67 65.5 65.5 68.2 70 64.4 60 59.3 59.1 58.5 57 58.7 65.1 65.7 66.9 65.6 66.2 68.2 68.9 68.6 68.1 66.3 65.1 63.4 61.7 61.8 60.9 60.5 60 56.3 53.5 51 50.2 50.2 50.6 50.4 50.2 50 50 49.6 48.6 46.5 44.5 41.5 41.5 42.1 37.5 30.6 25.9 25.8 26.8
141.8 147.9 150.6 143.5 147 149.7 160.3 166.5 169.4 169.8 167.8 164.6 161 157 153 150.9 150 148.8 146.1 141.6 133.7 122.7 109.8 107 109.4 110.5 105.3 97.8 99.5 101.2 97.1 91.6 87.2 81.1 73.3 66.1 64.4 63.7 62.8 61.8 61 60.7 59.8 58 57.7 59.3 66.4 69.6 69.2 68.5 67.7 68.9 70.3 71.2 70.7 69.4 66.6 65.1 63.4 62.2 61.9 61.2 59.7 57.8 55.5 53.8 52.5 51.4 50.4 50.3 50.1 49.8 49.6 49.3 49.1 48.2 46.6 44.7 42.9 44.6 44 41.6 37.7 30.4 26 23.7
142.7 140.6 146.3 136.1 140 145.6 157.1 162.6 165.7 166.4 165.1 162.3 159.3 156.6 155.5 154.4 152.9 150.5 145.9 139.5 130.8 118.8 107.4 105.5 109.9 111.8 106.7 100.7 100.9 100.8 95.8 90.2 85.3 79.2 69.5 65.6 64.1 63.7 63.1 62.1 61 61.3 61.9 60.9 63 64.6 67.8 69.9 69.7 68.8 69.9 71 71.5 72.4 72.1 70.4 67.6 65 63.2 62.4 61.7 60.2 58 56.7 55 53.6 52.6 51.5 50.5 50 49.8 49.5 49.2 49 48.8 48 47.1 45.4 45.1 45.7 45.7 43.7 42 40.1 35 30.6
140 135.8 141.8 129.3 129 138.3 152 158.4 161.8 162.7 162.3 160.8 158.3 157.2 157.2 157.5 154.8 151.1 144.6 136.5 127.3 115.5 105.7 104.8 109 110 106.3 101.1 99.6 98 93.2 86.8 81.7 76.4 70.3 70.1 69.5 63.3 62.6 62.3 63.5 65.8 58.1 69.7 69.3 67.7 68.3 68.9 69.6 70.3 70.9 71.4 72 72.9 72.6 70.9 68.1 65.5 63.2 61.8 61.1 58.9 56.8 55.8 54.7 53.7 52.7 51.7 50.7 50.5 50.6 50.7 50.6 50.4 49.3 48.2 47.4 46.9 47.1 47 46.9 46.1 44.3 43 41.7 37.3
134.2 133 137.1 127.7 127.2 134.9 146.4 154 157.8 159.1 158.6 157.5 157.8 157.4 159.3 159.8 156.3 149.7 141.7 132.4 122.7 111.6 101.9 102.2 105.2 105.3 102.1 99.3 96.9 94.8 89.9 83.1 78.1 73.6 72.9 74.1 75.6 73.7 71.3 71 70.1 69 63.4 70.7 70.7 69.2 69 69.7 70.4 71.2 71.6 71.9 72.4 72.6 72.3 70.9 68.6 66.1 63.4 61.1 60.1 57.9 56.5 55.5 54.5 53.5 53 51.9 51.6 51.4 51.4 51.6 51.8 51.2 49.8 48.4 47.7 47.4 47.2 47.2 47.5 47 45.9 44.3 43.5 41.2
127 128 127.7 124.2 125.7 134 142.2 148.6 151.9 152.9 154.7 155.4 156 158.3 160.4 160.5 155.7 148.6 138.6 127.7 117.2 108.9 101.6 98.8 98.2 98 95.5 94.2 93 91 86.6 80.7 76.2 75.9 76.4 76.7 76 74.2 74.6 73.3 72.3 71.8 67.3 71.6 72 71.3 70.5 70.5 71.2 72 72.6 72.9 72.9 71.9 71.9 70.4 68.7 66.3 63.2 60.9 59.4 58 56.9 56.1 55.8 54.5 53.1 52.4 52.8 52.9 52.3 52.3 52.4 51.5 50.2 48.9 48.1 47.8 47.5 47.6 48.1 47.6 46.6 45.2 43.7 42.9
123.7 126.1 124.5 122.4 124.4 130.9 137.9 144 149 150.4 143.1 152.6 155.1 157.8 160.4 159.8 155.2 147.5 135.9 123.9 112 105.2 98.8 94.2 92.6 89.4 89.6 89.6 88.8 87.5 84.4 80 77.6 77.7 78.5 78.1 76.4 77.2 77.3 75.8 74.1 73.4 69 72.6 73 73.5 72.6 71.1 71.8 72.5 73.4 73.6 73.1 72.2 71.5 70.7 69.4 65.8 62.7 60.5 59.2 58.1 57.6 56.6 56.2 54.6 53.3 53 53.2 53.4 53 53 52.7 51.9 50.5 49.1 48.3 48 47.8 47.9 48.3 47.9 47.2 46.2 44.8 46.1
122.4 124.7 124.1 123.3 124.4 127.9 133.4 139.3 142.1 144.9 143.1 143.9 152.8 156.1 158 156.6 153.8 144.2 132.2 118.5 104.6 98.5 93.9 90.7 89.3 83.9 85.1 85.8 85.5 86.7 85.9 80.8 77.9 78.3 79.3 79.6 79.9 80 79 77.4 75.7 74.1 67.2 72.9 73.7 74.3 73.5 72.5 71.9 73.2 73.9 73.7 73.6 72.5 71.7 70.6 68.9 65.5 62.2 60.7 59.2 58.2 57.7 57.2 56.4 55 53.6 52.8 52.8 53.3 53.2 52.3 51.5 51 50.5 49.2 48.8 48.3 48.2 48.2 48.5 47.9 47.8 47.1 47.4 48.9
125.8 125.3 124.4 123.7 123.2 126 129.8 134.7 136.9 140.1 142.5 144.1 148.6 152 153.1 151.5 143.3 132.1 121.7 110.5 98.7 91.9 89.5 88.3 87.4 84.6 83.4 83.4 83.7 85.4 84.6 80.7 77.5 78.6 79.8 80.9 81.9 81.2 79.7 78.4 76.7 74.9 64.1 72.6 73.7 73.8 73.2 72.4 72.8 73.8 74.4 74.2 74 72.9 71.9 70 67.3 64.4 61.3 60 58.6 58.4 57.9 56.9 56.2 55.9 53.7 52.7 51.9 51.5 51.5 51.1 50.7 50.6 50.2 49.4 50.1 49.2 48.6 48.6 48.6 47.9 47.9 47.6 48.4 48.7
130.1 126.7 125.4 123.3 122.5 124.7 126.4 130.5 132.3 134.3 135.5 140.4 143.9 146.5 145 140.4 130.8 118.7 111.3 104.3 96 89.1 87.6 86 85.2 84 83.1 82.4 82 81.3 80.7 78.6 76.3 78.3 80.3 82.5 82.6 81.5 79.9 79 77.4 75.3 61.9 72.4 73.5 73 72.2 71.8 73.1 74.3 74.9 74.7 74.4 73.4 71.3 67.8 65.2 62.6 60.2 59.4 58.7 58.4 58.2 57.7 57.6 57.1 54.8 53.7 52 51.4 51.2 50.4 50.2 50.2 50 49.7 50.4 50.5 49.5 49 48.5 47.9 47.9 47.9 47.8 48
126.4 126.1 125.1 122.4 121.2 123.1 121.7 125 128.3 128.4 129.8 135.4 140.5 140.8 137.6 133.2 124.1 114.3 107 100.4 95 88.3 86.9 85.4 83.9 83.3 83.2 81.9 80.1 77.4 77 76.3 75.5 77.5 81.6 83.9 83.1 81.9 80.1 79.2 77.9 75.4 62.4 70.6 73.1 72.5 71.6 71.2 73.1 74.5 75.2 75.2 74.8 73.7 71 66.3 63.8 61.8 60.3 59.5 58.9 59 59.5 59.2 59 58 57.6 58.1 56.6 53.3 51.2 50.3 49.8 49.8 49.7 50 50.8 51.3 51 49.7 48.6 47.9 47.8 47.6 46.9 47
137.4 129.7 120.8 116.1 116.9 121.4 125 125.6 122.6 123.4 125.8 131.4 136.2 134.5 131 128.2 122.6 113.9 102.6 96.4 90.1 86.1 85.4 82.9 82.3 82.3 82.3 81.5 78.5 75.4 74.8 74.9 75 77.3 82.1 83.1 83.5 82 80.5 79.2 77.6 74.8 63.3 70.1 72.3 72.4 71.5 69.9 71.5 74.7 75.4 75.4 75.5 74.2 71.9 67 64 62.2 60.4 59.7 59.8 60 61.8 61.8 60.5 58.1 61.7 61.9 61 57.8 54.1 51.1 50.2 49.9 49.7 50.4 51.1 51.8 51.8 50.6 49.2 48.4 47.6 47.3 47 46.1
138.2 133 125.4 119.7 116.3 120.9 123.7 124.4 117.3 101.5 104.7 117.6 130 128.3 123.7 126.8 120.5 113.4 97.7 91 86.7 84.8 83.6 81.6 81.2 80.7 80.6 80.5 79.7 76.8 75.3 75.3 75.1 75.9 78.6 80.5 82 81.7 80.3 78.3 76 72.8 62.6 70.1 70.4 70 70.2 69 72.6 74.8 75.5 75.3 75 73.9 71.5 68 65.3 63.4 61.4 61 61.3 62.6 63.2 62.9 60.8 61 66.5 67 65.6 61.9 58.4 54.9 51.9 51.1 51 50.9 51.3 51.8 52.1 51.2 49.9 49.1 48.1 47.4 47.5 46.5
138.4 134.3 124.8 113.4 111.8 115.6 116 119 115.3 106.3 104.1 110.5 125.5 128.5 129 125.8 117.1 110.4 95.2 87.4 85.5 83.6 81.9 81.1 81.7 81 80.4 79.8 79.1 78.4 77.8 76.4 74.2 74 75 76.7 78.7 79.7 79 77.1 73.7 70.3 63 69.8 69 68.5 69.3 70.3 73.2 75.2 75.7 75.1 74.7 73.4 71.2 68.2 65.3 63.7 62.4 62.4 62.9 63.5 63 62.6 60.3 63.5 68.7 69.9 68 65.8 62.6 59.3 55.5 53 52.8 52.1 51 51.4 51.6 51.1 49.8 48.9 48.1 47.1 47 46.5
136.8 133.3 122.1 107.8 106.5 107.1 106.2 113 114.9 111.6 109.5 108.7 120.9 128.7 128 123.5 116.7 109.3 96.2 87.3 84.5 81.3 79.9 80.9 81.8 81.3 80.8 79.8 80.7 83.1 83.6 82 77 73.3 73.2 73.8 75.5 76.6 77.4 74.7 71 67.7 65.3 68.7 67.5 67.4 69.6 71.1 73.1 75 75.5 74.8 74 72.6 70.9 67.6 64.6 62.9 62.7 63.4 63.7 63 62.5 61.2 60 63.8 66.9 66.7 66.1 65.8 63.9 61.6 58.8 54.8 54.1 52.9 51.7 51 50.8 50.4 49.4 48.5 47.7 46.8 46.1 46.4
135.5 130.5 120.6 105.7 100 98.8 100.8 110.9 114.5 114.5 112.9 109.8 111.3 124.7 124.8 120 113.8 106.6 94.4 86.8 83.9 80.7 78.6 79.4 80 80.3 80.2 81.3 86.3 88.6 87.7 84.6 79.6 74.9 72 72.2 73 74.6 75.2 73 68.7 64.2 67 67.3 66.5 67.1 68.4 70.3 72.4 74.4 74.9 74.6 73.2 71.8 69.7 66.1 63.7 63.1 63 63.6 63.7 62.9 61.8 59.6 59.2 60.5 62.1 62.3 61.9 61.6 61.4 60.2 59 55.9 54.5 53.3 52.3 51.5 51 50 49 48.1 47.3 46.4 45.4 46.4
132.4 126.1 116.1 104.5 90.4 93 97.3 105.5 111.5 112.8 112.9 115 112.2 106.9 109.5 112.6 108.8 100.8 91.8 86.7 82.9 79.8 77.7 77.7 79.1 79.6 79.7 85.3 90.2 91.6 90.1 86.7 81.7 76.3 72.3 71.2 71.6 72.6 72.3 70.3 70.3 65.7 66.9 66.4 65.7 66.5 67.4 69.5 71.6 73.2 73.7 73.2 72.5 71 69.3 65.5 63.4 63.1 63.1 63.6 64 63.4 61.8 59.5 57.9 57.6 57.4 57.4 56.5 56.6 56.8 56.7 56 54.9 54.4 53.8 52.9 52.1 50.8 49.1 48.1 47.5 46.8 46 45.2 46
130.3 122.5 115 102.6 85.8 85.6 84.1 97.7 107.5 110.5 110.8 113.6 116.5 113.4 103.3 94.1 91.7 92.8 90.9 87.1 81.4 78.4 76.8 74.9 77.5 77.9 80.3 86.5 92.1 93.4 92 88.6 84.1 77.6 72.8 70.6 70.5 70.3 69.6 67.8 64.5 63.7 62.6 63.5 65.2 66.2 67 68.9 70.7 72.1 72.4 72.2 72.1 71 70 66.5 64.3 63.2 63.1 63.6 64 63.8 62.6 60.4 58.5 57.1 56.2 55.1 53.5 52.8 53.1 53.6 53.2 53.4 53.3 52.7 52.4 51.3 49.8 48.2 47.2 46.6 45.9 45.3 45.2 45.4
124.8 122.2 113.8 104.5 87.5 80 79.1 86 102.4 106.6 106.9 110.1 114 115.9 114.2 104.5 96.2 92.3 90.9 87.3 84.5 78.6 69.5 70.6 74.2 77.7 81.5 88.2 93.3 94.2 92 88.2 83.8 77.7 73.5 70.1 69.8 69.4 67.1 64.7 65.3 61.3 59.7 62.3 64.9 65.9 66.6 68.4 70 70.9 71.4 71.8 72 71 70.5 67.7 65.8 64.9 65 64.9 64.9 64.1 63.2 60.9 59.3 57.8 56.3 55.1 53.9 53.1 53 52.6 52.4 52 52.1 51.7 51.3 50.8 49.5 47.8 46.3 45.6 44.9 44.9 45.1 45.3
121.9 120.8 113.6 100.1 88.4 78.8 73.9 79.1 94.7 100.2 100.7 105.2 109.5 113.7 113.1 108 100.9 94.9 87.3 78.1 85.7 81.6 74 70.7 73.4 79.7 85.8 90.6 93.1 93.1 90.3 86.8 82.3 76.5 72.7 70.3 69.8 67.6 65.5 66.2 64.7 60 58.7 62 64.5 65.4 66.1 67.5 69.1 70.2 71.5 72.2 71.7 71.1 70.2 68.5 67.5 67.4 67.5 67.7 66.6 64.9 63.3 61.5 60.1 58.9 57.7 56.8 56.4 55.5 55 54 52.8 51.9 51.5 51.1 50.5 49.8 48.7 47.1 45.7 44.7 44.2 44.7 44.6 43.9
124.5 118 112.5 102.4 90.1 78.1 72 75.3 87.9 94.3 95.7 99 103.5 109.3 110.2 106.4 100.4 93.5 86.7 77.4 75.9 78.1 78.3 72.7 73.1 79.3 82.3 88.5 90.5 89.6 87.8 84.4 79.8 74.4 70.7 70 67.7 66.5 66.3 66.9 63.5 58.7 58.7 62.2 64.2 65 65.9 67.3 68.8 70.2 71.6 72.3 71.8 71 69.7 68.8 67.9 67.6 68 68 67.2 65.4 63.9 62.5 61.2 60.7 60.4 60.1 59.9 59.5 57.9 55.9 54.5 52.9 51.5 50.6 49.8 49 47.8 46.4 45.2 44.3 44.1 44.2 44.4 44.4
121.9 116.7 109.7 102.6 91.8 77.9 73.2 75 85 90.6 92.1 93.6 98.4 104.6 106.6 104.4 100 92.7 87.3 88.7 83.8 85.2 81.7 77.4 79.1 79.7 81.9 82.9 86.4 85.7 84.1 81.3 76.3 71.2 69.4 67.2 69.1 67.6 65.9 63.4 61.1 59.1 59.7 62.1 63.7 64.5 65.4 67 68.6 70.2 71.2 71.5 71.6 71.3 70.8 69.7 68.3 67.2 67 67.4 66.7 66.5 65.3 64.1 63.6 63.8 64.3 63 62.3 61.4 59.6 57.5 55.4 53.2 51.3 50.5 50.2 49.5 48 46.4 44.8 44.1 44 44 44.7 47.4
119.8 112.4 103.9 99.4 89.5 76.2 72.7 74.3 82.8 88 88.7 89.7 94 99.3 102.8 103.6 100.8 94.1 88.7 85.8 85.3 84.5 82.5 81.2 78 75.4 76.8 78.2 81.7 80.4 79.8 76.7 72.7 68.6 67.2 70.4 70.6 69.3 66.5 65.1 61.7 59.5 59.7 60.5 62.5 63.5 64.7 66.3 67.8 69.3 70.3 70.6 71.3 72 71.9 70.8 69.4 68.1 66.6 67 66.9 67.4 66.9 66.5 66.6 67.1 66.6 64.9 63.6 61.6 59.7 57.7 55.7 53 51.1 50.8 50.5 50.6 49.5 47.9 45.8 44.4 44.2 43.9 44.8 48.4
