app/static/ascii/SD37.asc
ncols 200
nrows 200
xllcorner 330000
yllcorner 470000
cellsize 50
[rows 120 to 159 of 200, columns 91 to 181 of 200]
1.9 2.7 3.5 3.6 3.8 4 4.2 4.8 5 5 5.3 5.4 5.5 5.6 5.5 5.4 5.3 5.3 5.4 5.6 5.7 5.7 5.9 6 6.2 6.3 6.2 6.2 6.6 6.9 6.7 6.7 7.1 7.5 8 7.9 7.8 7.1 6.5 6.3 6.1 6.1 6.2 6.3 6.2 6.3 6.3 6.2 5.8 5.8 5.9 5.8 5.7 5.6 5.5 5.3 5.3 5.4 5.6 5.9 5.9 5.8 5.6 5.7 5.9 6.2 7.5 6.2 6.1 6 5.8 5.8 5.7 5.7 5.7 5.7 5.7 5.7 5.7 5.8 5.6 5.6 5.7 5.5 5.5 5.4 5.4 5.4 5.6 6.6 47.5
1.8 2.6 3.4 3.7 3.9 4.1 4.4 4.6 4.9 5.2 5.1 5.1 5.2 5.1 5.2 5.1 5 5.1 5.2 5.3 5.4 5.6 5.8 5.9 6.1 6.2 6 6.4 6.7 6.7 6.7 6.5 6.2 6.6 6.7 6.7 6.4 6 6.4 6.3 6.1 6.1 6.2 6.2 6.3 6.3 6.2 6.2 6 6 6.1 5.7 5.6 5.5 5.4 5.3 5.9 5.9 5.8 6.3 6 6 5.7 5.6 6.1 5.1 6.2 6.1 5.9 5.8 5.7 5.7 5.7 5.6 5.6 5.6 5.6 5.6 5.6 5.6 5.6 5.5 5.5 5.4 5.4 5.3 5.3 5.2 5.5 8.1 50.4
1.8 2.6 3.4 3.8 4 4.2 4.5 4.7 4.9 5.3 5.2 4.8 4.5 4.4 -2.7 5.5 -2.7 3.8 5 5 5.3 5.5 5.7 5.9 6 6 6.2 6.5 6.6 6.6 6.7 6.3 6.1 6.4 6.6 6.6 6.3 6 6.4 6.3 6.1 6.1 6.1 6.2 6.2 6.2 6.3 6.2 5.9 6.1 5.8 5.6 5.5 5.5 5.5 5.5 6.1 6.2 6 6.1 4.7 4.7 5.9 5.2 5.8 7.3 6.1 5.8 5.8 5.7 5.7 5.7 5.6 5.6 5.6 5.5 5.5 5.5 5.5 5.5 5.5 5.4 5.4 5.3 5.3 5.2 5.2 5.1 5.4 21.6 51
1.7 2.2 2.9 3.7 4 4.2 4.4 4.7 4.9 5.1 4.7 -2.7 -2.7 -2.7 -2.7 -2.7 5.1 5 5 5.2 5.3 5.4 5.6 5.8 5.9 6.1 6.2 6.4 6.6 6.5 6.5 6.1 6.1 6.2 6.5 6.5 6.3 6 6.3 6.3 6.1 6 6.1 6.1 6.2 6.2 6.3 6.3 6 5.9 5.7 5.7 5.7 5.7 5.7 5.7 6 6.3 4.7 4.7 4.7 6.2 5.4 5.4 5.5 6 5.8 5.7 5.7 5.7 5.6 5.6 5.6 5.5 5.5 5.5 5.4 5.4 5.4 5.4 5.4 5.3 5.3 5.2 5.2 5.1 5.1 5.1 5.3 35.4 51.4
1.1 1.5 2.4 3.6 3.8 4 4.2 4.4 4.5 4.1 -2.7 -2.7 -2.7 1.8 3.6 4.4 4.8 5 5 5.4 5.6 5.6 5.7 5.7 5.9 6 6.2 6.3 6.5 6.5 6.3 6 6 6.1 6.4 6.4 6.2 6 6.2 6.2 6 6 6 6.1 6.1 6.2 6.2 6.2 7.8 6.2 5.7 5.8 5.8 5.8 5.7 5.7 5.8 6.3 5.9 4.7 6.2 5.8 5.5 6 7.1 5.8 5.7 5.7 5.6 5.6 5.5 5.6 5.5 5.5 5.5 5.4 5.4 5.3 5.3 5.3 5.2 5.2 5.2 5.1 5.1 5.1 5.1 5 5 16.7 50.1
0.3 0.7 1.3 2.2 3.6 3.7 3.9 4 4 -2.7 -2.7 -2.7 -2.7 0.4 2.1 3.7 4.1 4.4 4.8 5.5 5.8 5.8 5.5 5.5 5.6 6 6.1 6.3 6.4 6.4 6.1 5.9 6 6 6.2 6.3 6.1 6 6.2 6.1 6 6 6 6.1 6.1 6.1 6.2 6 8.9 6 5.8 5.8 5.8 5.8 5.8 5.7 5.7 6.3 5.9 4.7 4.7 6 6.2 6.8 6 5.7 5.7 5.6 5.6 5.5 5.5 5.5 5.5 5.4 5.4 5.4 5.3 5.3 5.3 5.2 5.2 5.2 5.1 5.1 5 5 5.1 5 5 5.9 46.7
-0.8 -0.4 -0.3 -0.1 1.7 3.6 -2.7 -2.7 -2.7 -2.7 -2 -1.6 -1.2 -0.8 0.5 1.8 3.2 3.7 4.2 4.6 4.9 5 5.2 5.4 5.7 5.7 6 6.2 6.3 6.3 6.1 5.9 5.9 6 6 6.1 6.1 6 6.1 6.1 6 5.9 6 6 6.1 6.1 6 5.8 8.1 5.9 5.9 5.9 5.9 5.9 5.9 5.6 5.5 6.2 4.7 4.7 5.8 6.2 5.2 6.8 6.9 5.7 5.6 5.5 5.5 5.5 5.4 5.4 5.4 5.4 5.3 5.3 5.3 5.2 5.2 5.2 5.1 5.2 5.1 5.1 5.1 5.1 5.1 5.1 5 5 43.1
-1.8 -2.7 -2.7 -2.7 -2.7 -2.7 -2 -1.6 -1.3 -0.9 -0.6 -0.2 0.1 0.5 0.8 1.3 1.7 2.7 3.6 4.1 4.3 4.5 4.9 5.4 5.8 5.3 5.8 6.1 6.3 6.2 6 5.8 5.9 5.9 5.9 6 6 6 6 6 6 5.9 5.9 6 6 6 5.8 5.6 7.1 5.9 6 6 6 6 5.9 5.7 5.5 4.7 5.5 6 6.1 8.3 5.9 5.8 5.8 5.7 5.5 5.5 5.4 5.4 5.4 5.4 5.4 5.3 5.3 5.3 5.2 5.2 5.2 5.2 5.2 5.1 5.1 5.3 5.3 5.5 5.5 5.1 5.2 5.1 28.2
-2.7 -2.7 -2.7 -2.1 -1.9 -1.7 -1.5 -1.4 -1.2 -0.8 -0.3 0.1 0.5 0.9 1.4 1.8 2.2 2.7 3.1 3.5 3.7 3.9 4.2 4.6 4.7 5 5.4 5.9 6.2 6.1 5.9 5.8 5.8 5.8 5.9 5.9 5.9 6 5.9 5.9 5.9 5.9 5.9 5.9 6 5.7 5.3 5.2 6.1 6.5 5.8 5.8 5.8 5.9 6 5.8 5.6 5.5 6.2 5.6 6.2 5.7 5.7 5.6 5.8 5.6 5.6 5.4 5.4 5.3 5.3 5.3 5.3 5.3 5.2 5.2 5.2 5.1 5.4 5.3 5.2 5.1 5.1 5.2 5.6 5.8 5.6 5.1 5.2 5.2 5
-2.1 -1.9 -1.7 -1.5 -1.3 -1.1 -0.9 -0.7 -0.5 -0.3 -0.1 0.1 0.3 0.5 0.7 0.9 1.2 1.6 2.1 2.5 2.9 3.4 3.6 3.8 4.1 4.4 4.6 4.8 5 5.2 5.8 5.7 5.6 5.3 5.3 5.3 5.6 5.5 5.4 5.2 5.3 5.2 5.6 5.9 5.5 5.1 5.1 5 5 6.7 6.1 5.6 5.6 5.6 5.6 5.8 7.2 6.3 8.6 5.6 5.8 5.5 5.5 5.4 5.8 5.6 5.5 5.4 5.3 5.3 5.2 5.3 5.2 5.2 5.2 5.1 5.1 5.4 5.3 5.2 5.2 5.1 5.1 5.2 5.6 5.7 5.4 5.2 5.4 5.4 5.1
-1.5 -1.3 -1.1 -0.9 -0.7 -0.4 -0.2 0 0.2 0.4 0.6 0.8 1 1.2 1.4 1.6 1.8 2 2.2 2.4 2.6 2.8 3 3.2 3.6 3.8 4 4.1 4.4 4.5 4.6 4.9 4.9 4.7 4.6 4.6 4.6 4.7 4.6 4.4 4.5 4.5 4.6 4.6 4.8 4.6 4.4 3.9 3.7 7.1 6.2 5.8 5.5 5.6 6.2 6.2 5.7 6.3 4.6 4.8 5.4 5.3 5.3 5.3 5.8 5.5 5.4 5.4 5.2 5.2 5.2 5.2 5.2 5.2 5.1 5.1 5.5 5.4 5.3 5.2 5.1 5.1 5.1 5.2 5.6 5.5 5.4 5.3 5.4 5.2 5.1
-0.9 -0.8 -0.6 -0.4 -0.2 0 0.2 0.4 0.6 0.8 1 1.1 1.3 1.5 1.7 1.9 2.1 2.3 2.5 2.7 2.9 3 3.2 3.4 3.6 3.6 3.6 3.6 3.6 3.8 3.9 4 4 3.9 3.8 3.7 3.7 3.6 3.6 3.6 3.7 3.6 3.6 3.6 3.7 3.7 3.6 3.6 3.6 3.6 7.4 6 5.8 5.9 6.1 7.6 3.6 3.6 3.8 4.1 4.6 5 5.1 5.2 5.8 5.5 5.3 5.3 5.2 5.1 5.1 5.2 5.1 5.1 5.1 5.5 5.4 5.3 5.2 5.2 5.1 5.1 5.1 5.2 5.3 5.3 5.2 5.2 5.2 5.1 5.1
-0.8 -0.6 -0.4 -0.2 0 0.2 0.4 0.6 0.8 0.9 1.1 1.3 1.5 1.7 1.9 2.1 2.3 2.5 2.7 2.8 3 3.2 3.4 3.4 3.5 3.5 3.5 3.5 3.6 3.6 3.6 3.6 3.6 3.6 3.6 3.6 3.6 3.6 3.6 3.6 3.6 3.6 3.6 3.6 3.6 3.6 3.6 3.6 3.6 3.6 5.7 5.5 6.1 8 3.6 3.6 3.6 3.6 3.6 3.6 4.2 4.6 4.9 5.1 5.8 5.5 5.2 5.2 5.1 5.1 5.1 5.1 5.1 5.2 5.6 5.5 5.4 5.3 5.2 5.1 5.1 5.1 5.1 5.1 5.2 5.5 5.8 5.8 5.8 5.6 5.5
-0.6 -0.4 -0.2 0 0.2 0.4 0.6 0.7 0.9 1.1 1.3 1.5 1.7 1.9 2.1 2.3 2.5 2.6 2.8 3 3.2 3.3 3.3 3.4 3.4 3.4 3.4 3.5 3.5 3.5 3.5 3.5 3.5 3.5 3.6 3.6 3.6 3.6 3.6 3.6 3.6 3.6 3.6 3.6 3.6 3.6 3.6 3.6 3.6 3.6 3.6 8.2 5.5 3.6 3.6 3.6 3.6 3.6 3.6 3.6 4 4.3 4.5 4.8 4.9 5 5.1 5.4 5.3 5.2 5 5 5.4 5.6 5.5 5.4 5.3 5.3 5.2 5.1 5.1 5.1 5 4.9 5.2 5.5 5.5 5.3 5.4 5.1 5.2
-0.4 -0.2 0 0.2 0.4 0.5 0.7 0.9 1.1 1.3 1.5 1.7 1.9 2.1 2.3 2.4 2.6 2.8 3 3.1 3.2 3.2 3.3 3.3 3.3 3.4 3.4 3.4 3.4 3.4 3.4 3.4 3.5 3.5 3.5 3.5 3.5 3.5 3.5 3.6 3.6 3.6 3.6 3.6 3.6 3.6 3.6 3.6 3.6 6.4 4.1 3.6 3.6 3.6 3.6 3.6 3.6 3.6 3.6 3.6 3.7 4 4.2 4.4 4.5 4.7 4.9 5 5.7 5.4 5 5.1 5.6 5.6 5.5 5.4 5.3 5.2 5.1 5.1 5.1 5.1 5.1 4.4 5.2 5.3 5.2 5.2 5.2 5.2 5.2
-0.2 0 0.2 0.3 0.5 0.7 0.9 1.1 1.3 1.5 1.7 1.9 2.1 2.2 2.4 2.6 2.8 3 3.1 3.1 3.1 3.2 3.2 3.3 3.3 3.3 3.3 3.3 3.3 3.3 3.3 3.4 3.4 3.4 3.4 3.4 3.4 3.4 3.5 3.5 3.5 3.5 3.5 3.5 3.5 3.6 3.6 3.6 3.6 3.6 3.6 3.6 3.6 3.6 3.6 3.6 3.6 3.6 3.6 3.6 3.6 3.7 3.9 4 4 4.2 4.5 4.6 4.7 5 5 5.1 5.2 5.5 5.4 5.3 5.3 5.2 5.1 5.1 5.1 5.1 5.1 4.2 3.6 3.8 4 4.1 4.4 4.6 4.6
0 0.1 0.3 0.5 0.7 0.9 1.1 1.3 1.5 1.7 1.9 2 2.2 2.4 2.6 2.8 2.9 3 3 3 3.1 3.1 3.2 3.2 3.2 3.2 3.2 3.2 3.2 3.3 3.3 3.3 3.3 3.3 3.3 3.3 3.4 3.4 3.4 3.4 3.4 3.4 3.4 3.5 3.5 3.5 3.5 3.5 3.5 3.5 3.5 3.5 3.6 3.6 3.6 3.6 3.6 3.6 3.6 3.6 3.6 3.6 3.6 3.6 3.6 3.8 4 4 3.7 4.5 5 5.1 5.3 5.4 5.3 5.2 5.2 5.2 5.2 5.2 5.1 4.9 4.5 3.6 3.6 3.6 3.6 3.6 3.6 4 4
0.1 0.3 0.5 0.7 0.9 1.1 1.3 1.5 1.7 1.9 2 2.2 2.4 2.6 2.7 2.8 2.9 2.9 2.9 3 3.1 3.1 3.1 3.1 3.1 3.1 3.1 3.2 3.2 3.2 3.2 3.2 3.2 3.2 3.3 3.3 3.3 3.3 3.3 3.3 3.3 3.4 3.4 3.4 3.4 3.4 3.4 3.4 3.4 3.4 3.4 3.4 3.5 3.5 3.5 3.5 3.6 3.6 3.6 3.6 3.6 3.6 3.6 3.6 3.6 3.6 3.6 3.6 3.6 4.2 4.9 5.1 5.3 5.4 5.3 5.1 4 3.6 3.7 4.1 3.6 3.6 3.6 3.6 3.6 3.6 3.6 3.6 3.6 3.6 3.6
0.3 0.5 0.7 0.9 1.1 1.3 1.5 1.7 1.8 2 2.2 2.4 2.5 2.6 2.7 2.8 2.8 2.8 2.9 3 3 3 3 3 3 3.1 3.1 3.1 3.1 3.1 3.1 3.1 3.2 3.2 3.2 3.2 3.2 3.2 3.2 3.2 3.3 3.3 3.3 3.3 3.3 3.3 3.3 3.3 3.3 3.3 3.3 3.3 3.3 3.4 3.4 3.4 3.4 3.5 3.5 3.5 3.5 3.6 3.6 3.6 3.6 3.6 3.6 3.6 3.6 4.1 4.5 4.8 5.2 5.1 5 3.6 3.6 3.6 3.6 3.6 3.6 3.6 3.6 3.6 3.6 3.6 3.6 3.6 3.6 3.6 3.6
0.5 0.7 0.9 1.1 1.3 1.5 1.6 1.8 2 2.2 2.4 2.5 2.6 2.7 2.7 2.7 2.8 2.8 2.9 2.9 2.9 2.9 2.9 2.9 3 3 3 3 3 3 3 3.1 3.1 3.1 3.1 3.1 3.1 3.1 3.2 3.2 3.2 3.2 3.2 3.2 3.2 3.2 3.2 3.2 3.2 3.2 3.2 3.2 3.2 3.2 3.3 3.3 3.3 3.3 3.4 3.4 3.4 3.4 3.5 3.5 3.5 3.5 3.6 3.6 3.6 3.7 3.8 3.9 3.8 3.7 3.6 3.6 3.6 3.6 3.6 3.6 3.6 3.6 3.6 3.5 3.5 3.5 3.5 3.5 3.5 3.5 3.5
0.7 0.9 1.1 1.3 1.4 1.6 1.8 2 2.2 2.3 2.4 2.5 2.6 2.6 2.6 2.7 2.8 2.8 2.8 2.8 2.8 2.8 2.9 2.9 2.9 2.9 2.9 2.9 2.9 3 3 3 3 3 3 3 3.1 3.1 3.1 3.1 3.1 3.1 3.1 3.1 3.1 3.1 3.1 3.1 3.1 3.1 3.1 3.1 3.1 3.1 3.1 3.2 3.2 3.2 3.2 3.3 3.3 3.3 3.3 3.4 3.4 3.4 3.4 3.5 3.5 3.5 3.5 3.6 3.5 3.5 3.5 3.5 3.5 3.5 3.5 3.5 3.5 3.5 3.4 3.4 3.4 3.4 3.4 3.4 3.4 3.4 3.4
0.9 1.1 1.2 1.4 1.6 1.8 2 2.1 2.2 2.3 2.4 2.5 2.5 2.5 2.6 2.7 2.7 2.7 2.7 2.7 2.8 2.8 2.8 2.8 2.8 2.8 2.8 2.9 2.9 2.9 2.9 2.9 2.9 2.9 3 3 3 3 3 3 3 3 3 3 3 3 3 3 3 3 3 3 3 3 3 3 3.1 3.1 3.1 3.1 3.2 3.2 3.2 3.3 3.3 3.3 3.3 3.4 3.4 3.4 3.4 3.4 3.4 3.4 3.4 3.4 3.4 3.4 3.4 3.4 3.4 3.4 3.3 3.3 3.3 3.3 3.3 3.3 3.3 3.3 3.3
1.1 1.2 1.4 1.6 1.8 1.9 2 2.1 2.2 2.3 2.4 2.4 2.4 2.5 2.6 2.6 2.6 2.6 2.6 2.7 2.7 2.7 2.7 2.7 2.7 2.7 2.8 2.8 2.8 2.8 2.8 2.8 2.8 2.9 2.9 2.9 2.9 2.9 2.9 2.9 2.9 2.9 2.9 2.9 2.9 2.9 2.9 2.9 2.9 2.9 2.9 2.9 2.9 2.9 2.9 2.9 3 3 3 3 3.1 3.1 3.1 3.1 3.2 3.2 3.2 3.2 3.3 3.3 3.3 3.3 3.3 3.3 3.3 3.3 3.3 3.3 3.3 3.3 3.3 3.3 3.2 3.2 3.2 3.2 3.2 3.2 3.2 3.2 3.2
1.2 1.4 1.6 1.8 1.9 2 2.1 2.2 2.2 2.2 2.3 2.4 2.4 2.5 2.5 2.5 2.5 2.6 2.6 2.6 2.6 2.6 2.6 2.6 2.7 2.7 2.7 2.7 2.7 2.7 2.7 2.8 2.8 2.8 2.8 2.8 2.8 2.8 2.8 2.8 2.8 2.8 2.8 2.8 2.8 2.8 2.8 2.8 2.8 2.8 2.8 2.8 2.8 2.8 2.8 2.8 2.8 2.9 2.9 2.9 2.9 3 3 3 3 3.1 3.1 3.1 3.1 3.2 3.2 3.2 3.2 3.2 3.2 3.2 3.2 3.2 3.2 3.2 3.2 3.2 3.1 3.1 3.1 3.1 3.1 3.1 3.1 3.1 3.1
1.4 1.6 1.7 1.8 1.9 2 2.1 2.1 2.1 2.2 2.3 2.4 2.4 2.4 2.4 2.5 2.5 2.5 2.5 2.5 2.5 2.5 2.6 2.6 2.6 2.6 2.6 2.6 2.6 2.7 2.7 2.7 2.7 2.7 2.7 2.7 2.7 2.7 2.7 2.7 2.7 2.7 2.7 2.7 2.7 2.7 2.7 2.7 2.7 2.7 2.7 2.7 2.7 2.7 2.7 2.7 2.7 2.7 2.8 2.8 2.8 2.8 2.9 2.9 2.9 2.9 3 3 3 3 3.1 3.1 3.1 3.1 3.1 3.1 3.1 3.1 3.1 3.1 3.1 3.1 3 3 3 3 3 3 3 3 3
1.5 1.6 1.7 1.8 1.9 2 2 2 2.1 2.2 2.3 2.3 2.3 2.4 2.4 2.4 2.4 2.4 2.4 2.4 2.4 2.5 2.5 2.5 2.5 2.5 2.5 2.5 2.6 2.6 2.6 2.6 2.6 2.6 2.6 2.6 2.6 2.6 2.6 2.6 2.6 2.6 2.6 2.6 2.6 2.6 2.6 2.6 2.6 2.6 2.6 2.6 2.6 2.6 2.6 2.6 2.6 2.6 2.6 2.7 2.7 2.7 2.7 2.8 2.8 2.8 2.8 2.9 2.9 2.9 2.9 3 3 3 3 3 3 3 3 3 3 2.9 2.9 2.9 2.9 2.9 2.9 2.9 2.9 2.9 2.9
1.5 1.6 1.7 1.8 1.9 1.9 2 2 2.1 2.2 2.2 2.3 2.3 2.3 2.3 2.3 2.3 2.3 2.3 2.4 2.4 2.4 2.4 2.4 2.4 2.4 2.5 2.5 2.5 2.5 2.5 2.5 2.5 2.5 2.5 2.5 2.5 2.5 2.5 2.5 2.5 2.5 2.5 2.5 2.5 2.5 2.5 2.5 2.5 2.5 2.5 2.5 2.5 2.5 2.5 2.5 2.5 2.5 2.5 2.6 2.6 2.6 2.6 2.7 2.7 2.7 2.7 2.8 2.8 2.8 2.8 2.9 2.9 2.9 2.9 2.9 2.9 2.9 2.9 2.9 2.9 2.8 2.8 2.8 2.8 2.8 2.8 2.8 2.8 2.8 2.8
1.6 1.6 1.7 1.8 1.8 1.9 2 2 2.1 2.1 2.2 2.2 2.2 2.2 2.2 2.2 2.2 2.3 2.3 2.3 2.3 2.3 2.3 2.3 2.4 2.4 2.4 2.4 2.4 2.4 2.4 2.4 2.4 2.4 2.4 2.4 2.4 2.4 2.4 2.4 2.4 2.4 2.4 2.4 2.4 2.4 2.4 2.4 2.4 2.4 2.4 2.4 2.4 2.4 2.4 2.4 2.4 2.4 2.4 2.4 2.5 2.5 2.5 2.5 2.6 2.6 2.6 2.6 2.7 2.7 2.7 2.7 2.8 2.8 2.8 2.8 2.8 2.8 2.8 2.8 2.8 2.7 2.7 2.7 2.7 2.7 2.7 2.7 2.7 2.7 2.7
1.6 1.7 1.7 1.7 1.8 1.9 2 2 2.1 2.1 2.1 2.1 2.1 2.1 2.1 2.2 2.2 2.2 2.2 2.2 2.2 2.2 2.3 2.3 2.3 2.3 2.3 2.3 2.3 2.3 2.3 2.3 2.3 2.3 2.3 2.3 2.3 2.3 2.3 2.3 2.3 2.3 2.3 2.3 2.3 2.3 2.3 2.3 2.3 2.3 2.3 2.3 2.3 2.3 2.3 2.3 2.3 2.3 2.3 2.3 2.3 2.4 2.4 2.4 2.4 2.5 2.5 2.5 2.5 2.6 2.6 2.6 2.6 2.7 2.7 2.7 2.7 2.7 2.7 2.7 2.7 2.6 2.6 2.6 2.6 2.6 2.6 2.6 2.6 2.6 2.6
1.6 1.6 1.6 1.7 1.8 1.9 2 2 2 2 2 2 2 2 2.1 2.1 2.1 2.1 2.1 2.1 2.1 2.2 2.2 2.2 2.2 2.2 2.2 2.2 2.2 2.2 2.2 2.2 2.2 2.2 2.2 2.2 2.2 2.2 2.2 2.2 2.2 2.2 2.2 2.2 2.2 2.2 2.2 2.2 2.2 2.2 2.2 2.2 2.2 2.2 2.2 2.2 2.2 2.2 2.2 2.2 2.2 2.2 2.3 2.3 2.3 2.3 2.4 2.4 2.4 2.4 2.5 2.5 2.5 2.5 2.6 2.6 2.6 2.6 2.6 2.6 2.6 2.5 2.5 2.5 2.5 2.5 2.5 2.5 2.5 2.5 2.5
1.5 1.6 1.6 1.7 1.8 1.9 1.9 1.9 1.9 1.9 1.9 1.9 2 2 2 2 2 2 2 2.1 2.1 2.1 2.1 2.1 2.1 2.1 2.1 2.1 2.1 2.1 2.1 2.1 2.1 2.1 2.1 2.1 2.1 2.1 2.1 2.1 2.1 2.1 2.1 2.1 2.1 2.1 2.1 2.1 2.1 2.1 2.1 2.1 2.1 2.1 2.1 2.1 2.1 2.1 2.1 2.1 2.1 2.1 2.2 2.2 2.2 2.2 2.3 2.3 2.3 2.3 2.4 2.4 2.4 2.4 2.5 2.5 2.5 2.5 2.5 2.5 2.4 2.4 2.4 2.4 2.4 2.4 2.4 2.4 2.4 2.4 2.4
1.5 1.6 1.6 1.7 1.8 1.8 1.8 1.8 1.8 1.8 1.9 1.9 1.9 1.9 1.9 1.9 1.9 2 2 2 2 2 2 2 2 2 2 2 2 2 2 2 2 2 2 2 2 2 2 2 2 2 2 2 2 2 2 2 2 2 2 2 2 2 2 2 2 2 2 2 2 2 2 2.1 2.1 2.1 2.1 2.2 2.2 2.2 2.2 2.3 2.3 2.3 2.3 2.4 2.4 2.4 2.4 2.4 2.3 2.3 2.3 2.3 2.3 2.3 2.3 2.3 2.3 2.3 2.3
1.5 1.6 1.6 1.7 1.7 1.7 1.7 1.7 1.7 1.8 1.8 1.8 1.8 1.8 1.8 1.8 1.9 1.9 1.9 1.9 1.9 1.9 1.9 1.9 1.9 1.9 1.9 1.9 1.9 1.9 1.9 1.9 1.9 1.9 1.9 1.9 1.9 1.9 1.9 1.9 1.9 1.9 1.9 1.9 1.9 1.9 1.9 1.9 1.9 1.9 1.9 1.9 1.9 1.9 1.9 1.9 1.9 1.9 1.9 1.9 1.9 1.9 1.9 1.9 2 2 2 2 2.1 2.1 2.1 2.1 2.2 2.2 2.2 2.2 2.3 2.3 2.3 2.3 2.3 2.2 2.2 2.2 2.2 2.2 2.2 2.2 2.2 2.2 2.2
1.5 1.6 1.6 1.6 1.6 1.6 1.6 1.7 1.7 1.7 1.7 1.7 1.7 1.7 1.8 1.8 1.8 1.8 1.8 1.8 1.8 1.8 1.8 1.8 1.8 1.8 1.8 1.8 1.8 1.8 1.8 1.8 1.8 1.8 1.8 1.8 1.8 1.8 1.8 1.8 1.8 1.8 1.8 1.8 1.8 1.8 1.8 1.8 1.8 1.8 1.8 1.8 1.8 1.8 1.8 1.8 1.8 1.8 1.8 1.8 1.8 1.8 1.8 1.8 1.8 1.9 1.9 1.9 1.9 2 2 2 2 2.1 2.1 2.1 2.1 2.2 2.2 2.2 2.2 2.1 2.1 2.1 2.1 2.1 2.1 2.1 2.1 2.1 2.1
1.5 1.5 1.5 1.5 1.5 1.6 1.6 1.6 1.6 1.6 1.6 1.6 1.7 1.7 1.7 1.7 1.7 1.7 1.7 1.7 1.7 1.7 1.7 1.7 1.7 1.7 1.7 1.7 1.7 1.7 1.7 1.7 1.7 1.7 1.7 1.7 1.7 1.7 1.7 1.7 1.7 1.7 1.7 1.7 1.7 1.7 1.7 1.7 1.7 1.7 1.7 1.7 1.7 1.7 1.7 1.7 1.7 1.7 1.7 1.7 1.7 1.7 1.7 1.7 1.7 1.7 1.8 1.8 1.8 1.9 1.9 1.9 1.9 2 2 2 2 2.1 2.1 2.1 2.1 2 2 2 2 2 2 2 2 2 2
1.4 1.4 1.4 1.5 1.5 1.5 1.5 1.5 1.5 1.5 1.5 1.6 1.6 1.6 1.6 1.6 1.6 1.6 1.6 1.6 1.6 1.6 1.6 1.6 1.6 1.6 1.6 1.6 1.6 1.6 1.6 1.6 1.6 1.6 1.6 1.6 1.6 1.6 1.6 1.6 1.6 1.6 1.6 1.6 1.6 1.6 1.6 1.6 1.6 1.6 1.6 1.6 1.6 1.6 1.6 1.6 1.6 1.6 1.6 1.6 1.6 1.6 1.6 1.6 1.6 1.6 1.7 1.7 1.7 1.7 1.8 1.8 1.8 1.8 1.9 1.9 1.9 1.9 2 2 2 2 1.9 1.9 1.9 1.9 1.9 1.9 1.9 1.9 1.9
1.3 1.3 1.4 1.4 1.4 1.4 1.4 1.4 1.4 1.5 1.5 1.5 1.5 1.5 1.5 1.5 1.5 1.5 1.5 1.5 1.5 1.5 1.5 1.5 1.5 1.5 1.5 1.5 1.5 1.5 1.5 1.5 1.5 1.5 1.5 1.5 1.5 1.5 1.5 1.5 1.5 1.5 1.5 1.5 1.5 1.5 1.5 1.5 1.5 1.5 1.5 1.5 1.5 1.5 1.5 1.5 1.5 1.5 1.5 1.5 1.5 1.5 1.5 1.5 1.5 1.5 1.5 1.6 1.6 1.6 1.6 1.7 1.7 1.7 1.7 1.8 1.8 1.8 1.8 1.9 1.9 1.9 1.8 1.8 1.8 1.8 1.8 1.8 1.8 1.8 1.8
1.3 1.3 1.3 1.3 1.3 1.3 1.3 1.4 1.4 1.4 1.4 1.4 1.4 1.4 1.5 1.5 1.5 1.5 1.5 1.5 1.5 1.5 1.5 1.5 1.5 1.5 1.5 1.5 1.5 1.5 1.5 1.5 1.5 1.5 1.5 1.5 1.5 1.5 1.5 1.5 1.5 1.5 1.5 1.5 1.5 1.5 1.5 1.5 1.5 1.5 1.5 1.5 1.5 1.5 1.5 1.5 1.5 1.5 1.5 1.5 1.5 1.5 1.5 1.5 1.5 1.5 1.5 1.5 1.5 1.5 1.5 1.5 1.6 1.6 1.6 1.6 1.7 1.7 1.7 1.7 1.8 1.8 1.8 1.7 1.7 1.7 1.7 1.7 1.7 1.7 1.7
1.2 1.2 1.2 1.2 1.2 1.3 1.3 1.3 1.3 1.3 1.3 1.3 1.4 1.4 1.4 1.4 1.4 1.4 1.4 1.4 1.4 1.4 1.4 1.4 1.4 1.4 1.4 1.4 1.4 1.4 1.4 1.4 1.4 1.4 1.4 1.4 1.4 1.4 1.4 1.4 1.4 1.4 1.4 1.4 1.4 1.4 1.4 1.4 1.4 1.4 1.4 1.4 1.4 1.4 1.4 1.4 1.4 1.4 1.4 1.4 1.4 1.4 1.4 1.4 1.4 1.4 1.4 1.4 1.4 1.4 1.4 1.4 1.4 1.5 1.5 1.5 1.5 1.6 1.6 1.6 1.7 1.7 1.7 1.6 1.6 1.6 1.6 1.6 1.6 1.6 1.6
1.1 1.1 1.1 1.1 1.2 1.2 1.2 1.2 1.2 1.2 1.2 1.3 1.3 1.3 1.3 1.3 1.3 1.3 1.3 1.3 1.3 1.3 1.3 1.3 1.3 1.3 1.3 1.3 1.3 1.3 1.3 1.3 1.3 1.3 1.3 1.3 1.3 1.3 1.3 1.3 1.3 1.3 1.3 1.3 1.3 1.3 1.3 1.3 1.3 1.3 1.3 1.3 1.3 1.3 1.3 1.3 1.3 1.3 1.3 1.3 1.3 1.3 1.3 1.3 1.3 1.3 1.3 1.3 1.3 1.3 1.3 1.3 1.3 1.4 1.4 1.4 1.4 1.5 1.5 1.5 1.5 1.6 1.6 1.5 1.5 1.5 1.5 1.5 1.5 1.5 1.4
