app/static/ascii/SD39.asc
ncols 200
nrows 200
xllcorner 330000
yllcorner 490000
cellsize 50
[rows 36 to 71 of 200, columns 0 to 80 of 200]
162.1 139.3 115.7 95.5 84.2 76.1 69.7 64.5 61 62.4 71.6 81.7 87.4 93.1 99.8 105.5 117.6 129.8 135.3 133.3 132 125.2 112.8 101.2 85.7 66.8 55.6 51.6 48 50.4 49.9 47.4 49.2 48.8 60.5 67.6 70.8 71.6 74.2 77.7 85.9 91.5 96.5 107.9 117.7 121.3 124.8 133 135 140.5 143.2 146.1 151.6 159 172.5 190.3 202.4 210.6 221 220 223.2 226.1 227.9 223.8 226.2 225.6 223.7 224.9 224.9 220 214.4 216.2 223.8 222.2 218.7 215.3 207.7 203.3 201.2 198.9 193.7
136.2 117 105.6 82.8 74.7 69.9 64.1 60.8 60.9 65.9 72 81.4 85.3 87.7 94.1 102.1 115.5 127.7 128.9 127.2 122 109.9 98.3 85.7 72.6 63.4 49.9 47 46.9 47.3 46.9 47.3 47.8 48.5 58.8 65 66.3 69.5 68.5 75.6 81.6 86.3 91.3 104.4 118.2 110.4 125.5 129.2 128.3 134.1 138.1 146.4 158.8 174.9 187.1 197.6 205 217 225.8 227.8 228.1 234.7 230.7 225.2 225.9 224.6 226.1 226.6 224.2 218.9 220.9 219.9 222.9 221.7 221.5 217.6 211.1 208 200.9 203.6 198.2
114.2 98.5 86.5 76.7 70.5 64.7 61.7 61.2 58.4 66.6 71.4 73.8 76.5 81.4 88.3 97.4 112.2 119.5 119.6 116.7 107.3 98.4 85.8 78.1 67.8 54.7 48.5 48.2 45.7 45.4 46.4 46.7 47 48.1 57.6 59.8 65.9 66.4 66.2 73.4 78.3 80.2 88.5 101.5 101.1 109.7 117.6 120.9 125.8 131.5 143 154.9 168 180.3 194 201.8 209.6 224.9 234.3 234.5 234.6 233.4 230.9 226.5 228.7 226.3 231 230.3 225.7 227.5 229.7 226.3 227.3 227.7 222.9 218.3 214.2 213.3 204.5 204.2 202.9
99.3 85.6 78.2 69.5 65.1 62 61.3 61 56.4 64.5 66.4 66.7 71.2 73.6 81.3 93.5 106.5 109.8 110.3 99.7 96.9 91 84.5 70.4 55.8 52.5 46.7 45 44.3 45 45.8 46.2 46.3 50.3 54 58.4 63 62.6 65.3 69.8 72.2 76.4 87 96.1 98.6 103.9 107.9 115.6 125.8 137.9 151.3 162.3 173.8 185.8 196.9 204.5 213.1 226.8 234.2 234 235.2 233 231.7 227.4 227.7 228.5 232.3 230.7 232.3 234.8 235.8 232.4 232.2 228.3 224.4 220.5 214.3 209.9 209.3 207 205.7
85.4 79.9 72.6 66.2 64 63.1 62 60.6 58.6 61.3 62 62.6 62.3 68.4 76.7 88.2 95 97 96.1 97.3 93 82.1 69.2 56.6 52.4 46.3 44.9 44.9 43.6 44.1 44.4 45.7 45.6 49.5 53.1 57 59.2 59.8 61.3 64.3 65.7 71.2 85.7 92.3 93 98.1 105.5 117.9 132.9 143.7 155.5 165.4 177.1 189.5 205.2 211.7 217.9 229.4 233.2 233.9 233.9 234.2 230.4 229.4 230 233 232.9 233.7 236.4 237.4 236.1 234.5 232.9 229.8 224.9 220.3 215.1 208.8 210.5 211.3 214.6
78.3 72.4 67 62.5 64.5 61.8 62.1 59.8 58 56.9 58.4 57.6 57.6 62.7 71.6 81.4 87.3 91.1 94.6 92.7 79.3 67.8 60.9 55.4 46 44.5 44.4 44.6 43.2 43.2 43.2 43.3 46 47 50.5 54.3 56.5 58 58.3 61 66.3 76.5 83.1 87.8 89.4 99.7 112.7 124.7 137.9 148.6 159.6 168.8 181 193.1 201.7 212.9 219.7 229.7 233.1 236.3 231 231.6 232.7 232.7 233.8 236.5 236 236.4 237.4 238.2 236.3 235.4 234.8 230.1 224.8 219.4 211.6 214.2 218.2 219 218.8
71.4 67.5 63.2 61.8 61.7 62.8 60.9 57.3 55.9 51.5 55.4 53 53 57.7 65.2 73.9 83 89.2 88.5 80.2 73.1 68.2 66.2 49.4 45.2 44.8 44.3 43.2 43.2 43.2 43.2 43.2 44.3 46.7 48.4 48.3 51.2 54.8 53.1 56.1 67.8 73.9 79.4 85.7 93.2 107.3 122.6 132.2 142.9 154.5 164.1 172.9 186.3 199.1 207.7 214.8 220.8 230.6 232.1 231.4 231.1 234.3 238.5 242.1 240.2 240.9 239.9 237.9 239.3 240.6 239.1 237.4 235.1 228.2 222.8 215.9 218.8 220.4 223.3 227.3 219.7
67.5 65.2 63.3 61.8 60.1 60.6 58 57.1 55 51.8 53.3 52.2 51.5 52.7 58.3 67.1 74.3 79.1 73.5 72.4 75.5 65.8 54.7 45.6 45.4 45.2 44.5 43.2 43.2 43.2 43.2 43.2 44.7 46.3 46.9 47.9 49.2 51.6 53.1 57.1 61 67.5 76.5 88.6 102.7 115.4 126.1 136.6 149.4 159.7 168.9 182.1 194.6 203.4 211.9 216.7 224.5 230.1 229.4 230.8 232.5 238.9 244.5 245 242.4 242.7 240.8 241 242.2 243.3 242.2 240 234.5 226.9 224.9 224.7 225.8 227.5 228.4 228.1 222.3
68.5 61.7 62.1 60.7 59.3 58.4 58.3 56.7 53.7 53.1 50.9 51 50.8 50.9 51.5 60.8 65 66.1 69.3 72.2 64.9 52.1 45.9 45.5 45.7 45.5 43.2 43.2 43.2 43.2 43.2 43.2 44.8 45.9 46.9 47.6 48.9 50.3 52.6 55 60.4 67.6 82.1 94.9 109.1 119.4 130.3 140 153.5 165.1 177.1 189.3 199.7 206.2 214 219.5 224.4 227 229 231.8 237 244 248.5 247.6 245.6 245.5 243.8 245.4 246.2 245.1 242.9 237.6 235.3 231.6 231.7 231.7 232.9 231.4 231 230.4 224.5
69.2 63 61 60.1 58.6 58.2 58.5 54.7 53.5 52.7 50 50.1 50.3 49.7 49.6 53.7 58.8 61.4 62.1 58.6 49.4 46.7 46.1 45.4 45.6 44.8 43.2 43.2 43.2 43.2 43.2 43.2 45.3 45.8 46.8 47.6 48.8 51 55 60.3 71 82.6 89.7 101.9 116.6 128.5 135.4 140.3 154.4 168.3 181.1 193.3 201.3 207.5 214.6 220.1 226.5 231.7 235.5 238.2 242.5 249.7 254.8 252.7 249.2 247.2 246.9 247.9 248.4 246.5 242.8 241.2 240.1 236.4 237.4 239.4 237.8 235.3 233.2 230.6 224.2
68.1 63.8 59.6 59.3 57.4 56.6 55.9 54.2 54 52.3 50.4 48.1 49.3 49.6 48.8 48.9 51.2 54.5 52.8 47.5 46.3 46.4 46.3 45.6 45.3 43.2 43.2 43.2 43.2 43.2 43.2 43.3 45.6 45.9 47.1 48.1 49.3 55.4 61.7 68 74.2 84.8 93.9 106.9 120.4 129.9 138.6 144.6 160.4 173.4 186 195.2 202.5 209.2 216.2 221.9 229.2 232.6 237.8 246.2 250 255.5 259.7 256.8 252.3 249.3 250.2 250.2 249 246 242 245.1 243.2 240.8 241.2 244.5 243.8 240.8 236.3 229.8 221.2
69.5 65.3 60.3 57.8 56.5 55.3 54.4 54.2 53.1 51.8 51 48.3 48.9 48.2 48.3 48.4 48.1 47.8 47.4 47.5 47.1 46.8 46.4 45.7 43.9 43.2 43.2 43.2 43.2 43.2 43.2 43.2 44.8 45.6 47.8 49.1 50.8 55.2 58.3 68.1 76.5 89.1 98.9 111.8 122.3 135.4 146 155.1 169.4 181 190.7 198.2 205.3 211.4 218.6 226.7 232.2 236.1 243.6 253.1 256.7 261.5 264.4 259.4 254 251.4 252.5 251.2 249.5 246.4 246.6 250 249.2 245.8 248.8 249.2 248.8 243.5 238.5 229 220.1
72.2 66.1 61.5 56.9 55.7 54.3 53.9 53 52.2 51.5 50.7 46.7 48.2 47.6 47.8 47.6 47.1 47.4 47.5 47.6 47.1 46.7 46.4 45.9 44.7 43.2 43.2 43.2 43.2 43.2 43.2 43.2 44.2 46 47.1 50.5 54.7 58.6 64.9 74 85.1 91.2 101.9 116.2 131.1 140.9 146.8 160.3 177.2 185.9 193.4 200.5 205.4 213.2 221.9 229.1 235 241.2 251.6 258.5 262.6 265 266.4 258.6 255 252.2 251.5 252.1 251.4 249.4 250.6 252.5 250.7 249.8 253.3 253 251.3 247.1 240.4 231.9 221.6
79.6 67.5 61.9 57.4 54.2 54 53.6 52.9 51.7 51.5 50.5 49 46.3 47.3 47.3 47 46.4 46.2 47.1 47.1 46.9 46.5 46.3 45.2 43.2 43.2 43.2 43.2 43.2 43.2 43.2 43.2 43.2 45.5 48.6 54.1 58.4 65.8 69.6 78.9 89.5 98.3 105.5 120.4 135.2 140.4 150.8 166.5 178.3 187.9 196.3 203.3 209.4 217.9 224.5 231.7 239.3 246.8 257.4 265.2 268.8 269.1 267.1 260.3 256.1 253.2 253.9 254.2 251.2 252.6 254.2 254.4 249.7 252 255.8 255.5 253.1 248.9 242.6 234.9 226.1
85.4 70.7 63.1 57.9 54.4 53.4 51.5 49.8 51.4 50.5 49.9 48.1 46 46.7 46.7 46.5 46.7 46.3 46.4 46.7 46.8 46.6 46.1 43.2 43.2 43.2 43.2 43.2 43.2 43.2 43.2 43.2 43.2 50.8 51.9 59.1 61.9 67.1 74.3 88.4 93.1 105.8 110.9 124.6 136.7 149.6 157.9 167.5 180.6 190 198.2 206.1 213 221.4 228.5 236.9 244.7 250 261.2 269.1 273.9 271.8 268.7 266.4 261.9 258.9 255.1 256.9 256.5 256.3 257 255.2 255 257.4 259.1 257.6 254.5 250.1 243.3 235.6 228.4
85.5 74 64.2 57.9 53.8 52.1 51.8 51.3 50.8 50 49.3 48.4 47.4 45.4 45.7 46.5 46.2 45.7 45.4 46.2 46.4 46.5 45.2 43.2 43.2 43.2 43.2 43.2 43.2 43.2 43.2 43.2 49.8 56.1 55.3 62 63.3 69.7 77.5 88.8 101.6 110.1 117.7 124 139.1 155.1 165.4 173.8 184.2 193.6 201.4 208.3 217.3 224 230.2 241.4 248.7 255.5 264.5 272.2 276.5 274.6 272.5 268.5 262.4 258.2 258.1 261.5 259.9 259.2 260.7 261.5 263.5 262.5 263.6 261.6 256.2 251.5 245.9 239.1 227.3
85.3 77.3 64.9 56.9 53.4 51.6 51.1 50.8 50.6 48 48.7 48.2 47.6 46.3 45.3 46.3 45.6 45.3 45.3 45.4 45.8 45.2 43.9 43.2 43.2 43.2 43.2 43.2 43.2 43.2 43.2 44.8 53.5 54.8 57.5 61.7 67 75.1 83 98.7 108.2 116.8 123.2 135.7 138.7 160.2 169.1 179.1 187.8 197.4 204.9 211.8 222.1 226.1 231.5 243.8 251.1 259.6 266.2 274.4 279.1 276.8 273.9 271.2 267.5 264.1 263.2 263.1 261.4 261.8 263.1 266.9 266 263.3 266.3 265.5 259.8 251 244.4 237.4 225.7
93.6 78.1 64 57.1 52 50.7 50.4 50.2 50.2 48.8 47.9 47.4 46.3 46.4 45.8 45 44.4 45.5 45.4 45 44.4 43.7 43.2 43.2 43.2 43.2 43.2 43.2 43.2 43.2 43.2 48.5 52.1 57.7 57.7 66.7 72.2 79.7 90.2 103 108.1 118.4 133.7 144.2 157 163 173.5 181.8 191.4 201.2 208 215.9 225.4 229.7 234 245.8 253.9 261.1 267.9 276.1 279 277.5 277.6 274.5 270.6 266.3 265.3 264.6 262.4 263.3 265 269.6 268.6 262.9 265.1 263.9 259.7 247.7 241.1 234.2 232.3
91.4 79 64.8 56.4 51.1 49.7 49.8 49.6 48.6 48.6 47.5 46.3 46.2 46.3 45.8 45 44.4 44.6 45.4 44.6 43.6 43.2 43.2 43.2 43.2 43.2 43.2 43.2 43.2 43.2 45.1 52.9 59.5 60.4 63.4 66.3 74.6 87 96.6 104.1 112.5 126 140.2 151.6 162.7 172.3 177.2 183 193.8 204.7 212.5 220.5 229.3 234.5 235.3 245.5 253.2 261.1 268.5 276.1 278 277.8 280.7 277.5 273.8 272 268.1 269.3 263.7 264.8 265.4 267.9 266.1 262.4 264.5 261.1 254 244.3 237.7 234 232.8
90.1 76.5 64.2 55.1 50.1 49.4 49.1 48.6 48.2 48.2 47.3 46.7 45.9 45.9 45.6 45.1 44.7 44.4 43.3 44.3 43.2 43.2 43.2 43.2 43.2 43.2 43.2 43.2 43.2 43.2 48.6 54.1 57.2 60 66.9 70.6 79.2 95 100.3 111.3 119.6 134.7 146.6 157.7 170.1 181.1 185.2 188.6 196.9 207.9 217.6 225.3 234.9 233.6 233.6 246.8 254.3 261.4 268.5 274.2 277.1 281.6 283.2 279.3 277.2 276.1 272.1 268.9 262.6 264.7 266.1 265.7 262.6 263.1 262 255.7 248.7 242.2 238.2 236.3 234.1
87.2 73.4 60.6 51.8 48.6 48.1 48.2 48.3 47.9 47.6 47.3 47 45.4 46.2 45.2 44.9 44.5 44 42.9 42.9 44.5 43.2 43.2 43.2 43.2 43.2 43.2 43.2 43.2 43.2 49.7 51.5 60.3 65.2 69.5 75.9 87.9 94.9 106.2 115.3 128.9 141 152.6 163.4 178.1 186.6 192.3 197 202.2 210.7 217.9 226 235.4 234.3 237.1 250 257.1 263 268.1 272.2 277.4 281.6 279.9 279.8 281.3 279.2 274.4 263.5 259.6 261.5 262.6 263.4 259.4 259.2 254.1 249.8 244.9 242.7 240.9 240.8 237.9
83.4 69 58.3 51.4 47.5 47.6 47.6 47.5 46.9 46.5 46.2 45.9 45.6 44.4 44.5 44.5 44 43.6 43.1 42.9 43.9 43.2 43.2 43.2 43.2 43.2 43.2 43.2 43.2 45.9 51.5 57 63.3 66.2 74.5 82.5 88.4 93.9 110.3 122.7 136.2 149.8 161.6 173.6 183.7 190 198.1 204.8 207.3 212 218.1 226.8 234.7 240.7 246.7 252.5 258.5 263.8 269.3 274.3 277.5 276.9 277.2 281.7 280.7 278 272.5 260.4 254.3 255.1 258 258.3 255.3 253.7 249 245.6 243.5 242.6 244 244.4 241.3
84.1 70.6 58.8 50.8 47.6 46.7 47.1 46.8 46.4 46.1 45.8 45.4 45.4 46.6 44.8 44.5 43.5 43 43.2 43.2 43.2 43.2 43.2 43.2 43.2 43.2 43.2 45.3 45.9 50.1 56.6 62 66 71.9 77.7 85.6 91 97.1 111.7 128.4 140.4 153.1 168.9 181.2 187.5 193.9 203 206.9 210.1 213.7 219.7 227.1 238.1 243 247.4 252.2 256.7 263.7 271.2 277.7 274.5 274.3 274.5 277.2 275.3 271.5 263 252.3 245.6 246.2 248.2 250.7 252.8 246.1 245.2 242.1 242.1 245.9 244.4 243.8 240.5
81.9 68.5 56.4 48.9 47.4 46.4 46.6 46.2 45.9 45.6 45.4 45.1 44.8 47.6 47 45.1 43.1 43.2 43.2 43.2 43.2 43.2 43.2 43.2 43.2 43.2 43.6 47 50.6 55.9 60.7 63.8 68.2 75.6 80.4 88.7 94.4 103.7 114.7 133 145.7 158.4 171 186.7 190.7 196.5 205.1 207.7 211.9 217.6 221.4 229.1 239.3 247.4 253.8 258.7 262.5 268.2 272.6 274 273.5 270.8 269.9 271.9 270.5 265.9 255.7 246.6 240.9 241.2 239.4 243.5 242.3 241.9 243.8 244.4 248.2 243.9 241.5 240.1 240.6
72.9 61.7 54.1 48.6 47.4 46.7 45.8 45.6 45.3 45.1 44.9 44.7 44.5 44.6 45.4 45.5 43.2 43.2 43.2 43.2 43.2 43.2 43.2 43.2 43.2 43.2 46.6 49.1 53.2 57 63.4 66.2 70.3 76.4 83.3 90.2 100.7 114.6 124.1 135.9 149.3 162.6 174.9 189.6 190.9 196.7 203.2 206 210.4 216.6 222.6 231.5 246.1 255.1 262 265.7 266.7 270.2 273.7 272.8 269.1 266.6 265.8 265.2 262.5 253.4 246.1 238.9 236.7 239.2 238.5 239.7 239.9 240.1 242.8 242.1 243.1 241.6 239.2 238.3 239.8
71.5 62.1 54.7 50.5 48.5 46.6 46.3 45.4 44.9 44.6 44.4 44.2 44 43.7 43.3 42.8 43.2 43.2 43.2 43.2 43.2 43.2 43.2 43.2 43.2 43.6 47.3 49.2 54.2 59 63.5 65.9 68.8 76.4 86 93.6 104.9 119.6 131 137.5 153.6 165.7 178.4 187.2 189.5 196 201.8 205.3 209.4 218.2 227.3 234.8 247.6 258.6 264.8 269.1 270.7 275.4 272.5 269.4 265.5 262.3 260.6 257.6 255 249.6 241.8 235.7 235.4 239.7 240 241.5 239.8 239.6 239.9 243.9 245 243.1 237.4 235.6 236.9
68.7 61.1 57.7 53.8 48.8 47.5 46.5 45.5 45 44.6 44.6 44.4 43.7 43.2 43.2 43.2 43.2 43.2 43.2 43.2 43.2 43.2 43.2 43.2 43.2 45.3 46.2 51.7 56.7 59.5 62.4 66.1 71.2 81.5 88.1 96.5 110.3 125.3 134.8 140.4 158.9 171 182.2 187.1 187.1 194.6 201.7 207.3 213.1 221.2 228.5 234.3 248.3 257.7 263.4 269.9 270.7 272.1 268.8 267.7 263.2 262 256.8 252 248.8 244.8 239.9 233.7 235.6 241 242.4 242.5 239.6 239.9 241.8 248.2 248.4 245.2 236 234 232.4
67.6 62.4 59.2 51.9 49.2 48.2 46.9 45.6 45.2 44.4 44.5 44.5 44.2 43.2 43.2 43.2 43.2 43.2 43.2 43.2 43.2 43.2 43.2 43.2 43.9 46.2 48.8 54.6 56.4 60.3 64.7 70.4 76.6 82.2 90.5 99.7 114.1 130.7 140.1 145 160.4 174.7 181.7 183.8 185.9 194.8 202.6 209.1 216.9 224.3 230.1 234.9 247.5 257.8 262.9 268.3 270.3 266.9 266 265.7 262.3 259.8 250.6 246 242.5 238.4 234.1 229.6 232.9 237.5 240.3 239.9 242.1 241.1 242.5 247.1 245.7 241 234.1 230.1 226.9
69.3 62.1 55 52.2 50.6 49.3 48 46.7 46.1 44.6 43.5 43.2 43.2 43.2 43.2 43.2 43.2 43.2 43.2 43.2 43.2 43.2 43.2 43.2 45.6 46.8 50.2 53.4 59.1 60.8 69.1 70.2 79.2 84.4 95.6 106.4 118.7 133.5 145.1 150.6 161.3 174.1 182.7 183.5 190.7 200.4 202.2 210.5 219.4 228.7 235.5 245.1 254.4 259.9 263.3 269.5 273.5 266.1 260.9 261.9 259.9 253.4 244 241.2 238.2 233.5 230.7 225.7 229.9 233.6 236.5 239.8 245.9 239.5 245.2 249.2 241.1 236.4 231.4 225.5 224.1
67 59.3 56.2 53.6 51.1 51.5 48.6 46.7 45.5 44.5 43.6 43.2 43.2 43.2 43.2 43.2 43.2 43.2 43.2 43.2 43.2 43.2 43.2 43.2 46.2 48.2 51.3 52.6 57.7 64 64.9 70.8 78.6 87 97 108.3 121.5 135.4 147.7 156.1 167.3 172.6 182.6 185.8 191.8 195.7 205 215.3 222.9 233.6 242.7 251.9 258.6 263.3 266.9 272.5 277.4 265.7 258.3 256.2 253.6 247.6 241.2 237.9 234.7 230 227.7 225 229.6 233.5 239.3 240.7 242.8 232.4 245.3 245.8 240.5 234.3 229.1 221.3 218
61.8 62.4 57.6 57.5 52.4 48.8 48.6 47.2 45.6 44 43.2 43.2 43.2 43.2 43.2 43.2 43.2 43.2 43.2 43.2 43.2 43.2 43.2 43.2 47.1 49 52.1 55.8 58.3 62 66.9 73.2 82.1 91.9 102 115.5 127 135.4 149.7 156 164.1 178.9 183 191.6 197.4 200.6 210.2 219.7 227.3 235.1 244.2 253.3 260.9 266.6 270.2 278.6 276 262 256.8 254 248.3 244.6 238.8 235.2 231.2 227.8 223.3 223.9 227.7 233.6 240.4 240 237.2 230.5 240.5 240 235.5 232.1 226 219.7 215.5
65.8 65.8 68.1 59.8 52.6 49.2 48.7 46.5 44.6 44.3 43.2 43.2 43.2 43.2 43.2 43.2 43.2 43.2 43.2 43.2 43.2 43.2 43.2 43.2 46.2 49.6 52.5 55.6 60.9 63.1 70.5 75.6 85.9 94.1 106.6 120.8 135.2 146 151.1 157.4 163.9 179.6 186.6 190.9 204 210.7 218.8 224 230.5 237.5 244.4 253 263.4 268 272.8 279.2 273 261.6 257.5 256.3 253.4 246.1 241.2 235.5 230.6 225.7 220.1 218.7 224.5 231.4 236.4 239.2 227.9 228.5 234.7 231 232.7 232 224 220.6 214.6
71.9 66.9 62.5 56.3 53.4 50.5 48.1 47.1 44.4 43.2 43.2 43.2 43.2 43.2 43.2 43.2 43.2 43.2 43.2 43.2 43.2 43.2 43.2 43.2 44.2 50.4 54.5 56.4 60.3 66.3 71.3 78.9 86.9 96.2 111.4 126.3 138.9 151.6 158.9 167.3 170.2 178.2 191.1 195.4 205.5 213.9 220.7 229.5 239.3 239 244.8 251.4 263.3 267.5 273.5 275.8 270.8 264.6 262.4 260.3 255.4 248.6 242.8 236.8 232.9 229.2 217.9 213.4 218.3 225.5 227.3 230.3 217.9 225.2 228.1 223.7 228.2 225.1 225.8 222.9 219.1
70.8 66 61.5 56.2 54 52.2 48.9 47.2 44.8 43.2 43.2 43.2 43.2 43.2 43.2 43.2 43.2 43.2 43.2 43.2 43.2 43.2 43.2 43.2 43.2 50.2 53.4 58.6 63.1 69.5 77 81.9 88.5 102.6 118.3 131.3 139.3 155.8 160.6 169.8 180.4 187.4 194.8 198.6 208.9 219.4 228.7 235.7 243.5 242.1 244.2 251.3 263.4 266.8 274.3 277.3 273.5 268.7 263.8 259.9 256 251.5 246.2 237.2 232 223.8 216.1 211.6 217.8 222 219.4 216.8 213.2 221.5 218.7 216.8 217.8 217.9 222.7 215.6 209.7
70.3 66.6 61 59.9 54.5 51.2 49.6 47.8 46.8 43.2 43.2 43.2 43.2 43.2 43.2 43.2 43.2 43.2 43.2 43.2 43.2 43.2 43.2 43.2 43.2 49.8 52.7 56.8 62.3 71.8 76.7 81.1 92.4 107.6 118.9 131.4 144.6 159.9 164.2 174.3 181.2 192.5 198.9 204.8 212.3 224.2 232.3 238.8 245.4 245.2 247.6 254.9 261.5 267 275.3 278.4 274 267.1 260 260.2 256.7 251.5 245.8 238.1 227.7 222.6 218.3 211.2 219.2 219.5 213.9 209.1 210 215 214.2 213 212.8 215.8 211.3 206.5 203.7
73.3 66.8 61 58.3 56.7 53 49.1 47.9 45.8 44.1 43.2 43.2 43.2 43.2 43.2 43.2 43.2 43.2 43.2 43.2 43.2 43.2 43.2 43.2 43.8 50 52.9 56.8 64.1 74.1 75.5 85.5 99.5 111.6 122.7 135 145.5 156.5 170.4 177.4 185.4 196.1 202.3 213 216.6 224 232 239.9 243.4 248.8 251 256.1 260.8 265.3 272.8 274.5 270.6 263.7 262 259.7 255.6 251.7 247 240.3 229.4 219.6 217.3 210.2 212.4 211.1 204.6 201.4 204.6 210.2 210.4 209.1 207.7 206.6 203.4 202.3 201.8
