app/static/ascii/SD47.asc
ncols 200
nrows 200
xllcorner 340000
yllcorner 470000
cellsize 50
[rows 39 to 77 of 200, columns 0 to 86 of 200]
112 110.2 105.6 99.2 94.9 90.2 82.5 74.7 68 62.2 57.3 54.4 48 42 38.5 35.4 23.1 14.2 6.3 4.9 6.6 5.1 4.7 5 4.8 4.6 4.4 4.1 4.2 4.1 4.2 3.7 3.3 2.4 2.2 2 1.7 1.9 3.9 3.9 3.8 3.4 1.7 3.2 -2.8 -2.8 -2.8 -2.8 -2.8 -2.8 -2.8 -2.8 -2.8 -2.8 -2.8 -2.8 -2.8 -2.8 -2.8 -2.8 -2.8 -2.8 -2.8 -2.8 -2.8 -2.8 -2.8 -2.8 -2.8 -2.8 -2.8 -2.8 -2.8 -2.8 -2.8 -2.8 -2.8 -2.8 -2.8 -2.8 -2.8 -2.8 -2.8 -2.8 -2.8 -2.8 -2.8
107.3 105.3 101.1 95.9 91.2 85.6 78.2 69 62.7 56.2 48.4 41.6 39.3 34.6 34.1 31.2 16.8 10.8 5.4 5.1 5.3 4.9 4.8 4.8 4.6 4.4 4.2 4 3.8 3.7 3.6 3.1 2.6 1.9 1.7 1.5 1.3 2.3 3.8 3.8 3.8 0 -2.8 -2.8 -2.8 -2.8 -2.8 -2.8 -2.8 -2.8 -2.8 -2.8 -2.8 -2.8 -2.8 -2.8 -2.8 -2.8 -2.8 -2.8 -2.8 -2.8 -2.8 -2.8 -2.8 -2.8 -2.8 -2.8 -2.8 -2.8 -2.8 -2.8 -2.8 -2.8 -2.8 -2.8 -2.8 -2.8 -2.8 -2.8 -2.8 -2.8 -2.8 -2.8 -2.8 -2.8 -2.8
100.8 99.3 94.9 91.9 86.1 80.1 71.1 62.5 57.8 50.7 41.2 34.6 29.9 28 30.5 28.8 14.2 6.7 5 4.8 4.8 4.8 4.8 4.6 4.4 4.2 4 3.8 3.6 3.4 2.9 2.5 2 1.5 1.3 2.3 3.7 2.6 1.4 1.8 3.8 -2.8 -2.8 -2.8 -2.8 -2.8 -2.8 -2.8 -2.8 -2.8 -2.8 -2.8 -2.8 -2.8 -2.8 -2.8 -2.8 -2.8 -2.8 -2.8 -2.8 -2.8 -2.8 -2.8 -2.8 -2.8 -2.8 -2.8 -2.8 -2.8 -2.8 -2.8 -2.8 -2.8 -2.8 -2.8 -2.8 -2.8 -2.8 -2.8 -2.8 -2.8 -2.8 -2.8 -2.8 -2.8 -2.8
96.5 94.2 89.9 85.2 80.9 74.8 65 57.2 51.8 45.2 37 29.6 25 24.9 28.9 21.8 11.9 7.4 4.5 4.4 4.4 4.6 4.6 4.4 4.3 4.1 3.9 3.7 3.5 2.9 2.7 2.2 1.6 2 3 3.6 2.5 1.4 0.2 -1.1 -2.8 -2.8 -2.8 -2.8 -2.8 -2.8 -2.8 -2.8 -2.8 -2.8 -2.8 -2.8 -2.8 -2.8 -2.8 -2.8 -2.8 -2.8 -2.8 -2.8 -2.8 -2.8 -2.8 -2.8 -2.8 -2.8 -2.8 -2.8 -2.8 -2.8 -2.8 -2.8 -2.8 -2.8 -2.8 -2.8 -2.8 -2.8 -2.8 6.2 7.2 4.8 3.5 1.4 3 3.8 3.8
91.9 90 88.6 83.3 76.5 70.3 60.9 53 46.5 41.2 33.7 27 22.5 23 25.8 21.8 8.7 5 4.1 4.3 4.6 4.6 4.5 4.3 4.1 3.9 3.7 3.5 3 2.3 2.1 2 2.3 3.1 3.8 2.7 1.6 0.5 -0.8 -2.8 -2.8 -2.8 -2.8 -2.8 -2.8 -2.8 -2.8 -2.8 -2.8 -2.8 -2.8 -2.8 -2.8 -2.8 -2.8 -2.8 -2.8 -2.8 -2.8 -2.8 -2.8 -2.8 -2.8 -2.8 -2.8 -2.8 -2.8 -2.8 -2.8 -2.8 -2.8 -2.8 -2.8 -2.8 -2.8 -2.8 -2.8 4.2 11.3 12.1 11.6 10.6 9.4 8.8 5.3 4.7 4.2
87.1 85.2 82.7 80 71.2 67.8 60.1 50.9 42.4 37.4 30.2 23.7 20.1 21.2 20.6 17.6 5 4.8 4.6 4.7 4.7 4.5 4.3 4.1 3.9 3.7 3.5 3 2.4 1.8 1.5 2.4 3.8 3.8 3.4 2.2 1 -0.3 -1.5 -2.8 -2.8 -2.8 -2.8 -2.8 -2.8 -2.8 -2.8 -2.8 -2.8 -2.8 -2.8 -2.8 -2.8 -2.8 -2.8 -2.8 -2.8 -2.8 -2.8 -2.8 -2.8 -2.8 -2.8 -2.8 -2.8 -2.8 -2.8 -2.8 -2.8 -2.8 -2.8 -2.8 -2.8 -2.8 -2.8 -2.8 4.6 9.9 14.2 14.2 13.3 12.2 10.8 9.3 7.1 6.5 6.3
80.1 79.3 77.2 75.3 73.3 69.5 61.3 47.8 38.8 33.7 26.2 19.9 17.3 17.3 17.3 8.3 4.9 4.9 4.8 4.6 4.5 4.3 4.1 3.9 3.8 3.6 3.1 2.5 1.9 1.6 1.6 2.3 3.4 3.8 2.9 1.8 0.6 -0.6 -1.8 -2.8 -2.8 -2.8 -2.8 -2.8 -2.8 -2.8 -2.8 -2.8 -2.8 -2.8 -2.8 -2.8 -2.8 -2.8 -2.8 -2.8 -2.8 -2.8 -2.8 -2.8 -2.8 -2.8 -2.8 -2.8 -2.8 -2.8 -2.8 -2.8 -2.8 -2.8 -2.8 -2.8 -2.8 -2.8 2.1 7.1 13.5 15.1 15.9 15.9 14.6 13.9 7.5 5.4 5.7 7.2 7.3
78.3 73.5 71.6 70.6 70.4 68.1 61 49.6 37.7 30.1 22.9 17.4 16 14.9 10 4.9 4.9 4.8 4.8 4.5 3.8 3.7 3.7 3.6 3.6 3.3 3 2.7 2.3 2.1 2.2 2.5 2.8 3.7 2.6 1.5 0.4 -0.8 -2 -2.8 -2.8 -2.8 -2.8 -2.8 -2.8 -2.8 -2.8 -2.8 -2.8 -2.8 -2.8 -2.8 -2.8 -2.8 -2.8 -2.8 -2.8 -2.8 -2.8 -2.8 -2.8 -2.8 -2.8 -2.8 -2.8 -2.8 -2.8 -2.8 -2.8 -2.8 -2.8 -2.8 -0.5 1.9 6 13.5 15.3 15.8 15.7 15.1 12.5 8.5 8.6 10 7.4 7.6 7.8
78.5 72.4 70 66.5 66.6 65.3 56.9 48.5 37.7 27.5 20.5 16.3 13.9 12.5 7 4.9 4.9 4.8 4.7 4.7 3 2.9 2.9 2.9 3.1 3.6 3.4 3.1 2.8 2.6 2.7 2.9 3.3 3.3 2.3 1.3 0.1 -1 -2.1 -2.8 -2.8 -2.8 -2.8 -2.8 -2.8 -2.8 -2.8 -2.8 -2.8 -2.8 -2.8 -2.8 -2.8 -2.8 -2.8 -2.8 -2.8 -2.8 -2.8 -2.8 -2.8 -2.8 -2.8 -2.8 -2.8 -2.8 -2.8 -2.8 -2.8 -2.8 -2.8 -2.8 -0.2 2.3 9.7 13.6 15.1 15.6 15.2 9.5 18.2 17.2 12.8 8 6.8 7 7.2
77.6 71.5 66.6 63.8 64.7 61.1 53 44.8 35 25.8 19.2 14.7 12.8 8.2 5 5 4.9 4.8 4.7 4.6 4.2 2.1 2.2 2.3 3 3.7 3.7 3.5 3.3 3.1 3.3 3.5 3.8 2.9 2 1 0 -1.1 -2.2 -2.8 -2.8 -2.8 -2.8 -2.8 -2.8 -2.8 -2.8 -2.8 -2.8 -2.8 -2.8 -2.8 -2.8 -2.8 -2.8 -2.8 -2.8 -2.8 -2.8 -2.8 -2.8 -2.8 -2.8 -2.8 -2.8 -2.8 -2.8 -2.8 -2.8 -2.8 -2.8 -2.8 0.4 3.2 9.6 12.9 14.6 11.6 7.6 18.5 17.5 14.7 10.6 6.9 6.2 6.2 6.5
75.9 69 64.4 61.3 60.1 57.5 49.6 41.4 32.3 23.6 19.4 15.1 9.6 5.2 5 5 4.9 4.8 4.7 4.6 4.6 4.4 3 2.2 2.9 3.6 3.8 3.8 3.8 3.7 3.8 3.8 3.5 2.6 1.7 0.7 -0.2 -1.2 -2.2 -2.8 -2.8 -2.8 -2.8 -2.8 -2.8 -2.8 -2.8 -2.8 -2.8 -2.8 -2.8 -2.8 -2.8 -2.8 -2.8 -2.8 -2.8 -2.8 -2.8 -2.8 -2.8 -2.8 -2.8 -2.8 -2.8 -2.8 -2.8 -2.8 -2.8 -2.8 -2.8 -2.8 0.4 3.3 6 10.5 7.1 6.8 17.9 12.3 14.8 12.7 8.3 6.6 5.9 5.4 5.7
75.2 71.2 63.3 60.6 56.7 52.8 47 38.3 28.3 22.5 18 13.5 6.9 5.1 5.1 4.9 4.8 4.6 4.5 4.4 4.5 4.5 1.8 2.6 3.3 3.8 3.8 3.8 3.8 3.8 3.8 3.8 3.2 2.4 1.4 0.5 -0.4 -1.3 -2.3 -2.8 -2.8 -2.8 -2.8 -2.8 -2.8 -2.8 -2.8 -2.8 -2.8 -2.8 -2.8 -2.8 -2.8 -2.8 -2.8 -2.8 -2.8 -2.8 -2.8 -2.8 -2.8 -2.8 -2.8 -2.8 -2.8 -2.8 -2.8 -2.8 -2.8 -2.8 -2.8 -2.8 0.2 3 4.5 4.9 7 12.8 15 12.3 11.7 11 7.1 6.1 5.4 5.1 5.2
73 68.5 61.8 56.8 51.6 46.4 42.5 35.1 25.7 21.1 17.1 12.6 5.1 5.3 5 4.8 4.5 4.4 4.3 4.4 4.5 3.3 2.1 2.8 3.6 3.8 3.8 3.8 3.8 3.8 3.8 3.6 2.9 2.1 1.3 0.4 -0.5 -1.4 -2.3 -2.8 -2.8 -2.8 -2.8 -2.8 -2.8 -2.8 -2.8 -2.8 -2.8 -2.8 -2.8 -2.8 -2.8 -2.8 -2.8 -2.8 -2.8 -2.8 -2.8 -2.8 -2.8 -2.8 -2.8 -2.8 -2.8 -2.8 -2.8 -2.8 -2.8 -2.8 -2.8 -2.8 0 2.5 4 4.6 7.6 10.4 13.7 12.9 8.6 11.4 6.8 5.4 5.4 5.5 5.6
66.8 65.1 58.4 52.9 48.4 40.7 38.8 32 23.6 19.6 15.8 9 5.6 5.3 5 4.8 4.5 4.2 4.3 4.4 4.5 2.3 2.3 3 3.7 3.8 3.8 3.8 3.8 3.8 3.8 3.4 2.6 1.9 1 0.2 -0.5 -1.4 -2.3 -2.8 -2.8 -2.8 -2.8 -2.8 -2.8 -2.8 -2.8 -2.8 -2.8 -2.8 -2.8 -2.8 -2.8 -2.8 -2.8 -2.8 -2.8 -2.8 -2.8 -2.8 -2.8 -2.8 -2.8 -2.8 -2.8 -2.8 -2.8 -2.8 -2.8 -2.8 -2.8 -2.8 -0.2 2.3 4 4.5 5.6 8.8 14.6 14.8 8.1 6.5 6.1 5.4 5.7 5.9 5.9
61.1 58.7 54.6 49.6 44.1 36.8 31.2 28.3 21.7 18.5 14.3 8.6 5.6 5.3 5 4.7 4.5 4.4 4.3 4.4 4.6 2 2.6 3.2 3.5 3.7 3.8 3.8 3.8 3.8 3.8 3.2 2.5 1.7 0.9 0.2 -0.7 -1.5 -2.4 -2.8 -2.8 -2.8 -2.8 -2.8 -2.8 -2.8 -2.8 -2.8 -2.8 -2.8 -2.8 -2.8 -2.8 -2.8 -2.8 -2.8 -2.8 -2.8 -2.8 -2.8 -2.8 -2.8 -2.8 -2.8 -2.8 -2.8 -2.8 -2.8 -2.8 -2.8 -2.8 -2.8 0 2.6 4 4.5 5.1 10.7 16.2 16 9.8 5.1 5.4 5.5 5.6 5.8 7.3
57.3 54.4 50.7 45.7 39.8 32.9 25.3 23.2 20.5 17.3 12.8 7.7 5.5 5.2 5 4.9 4.7 4.6 4.5 4.5 4.6 2.1 2.8 3.1 3.3 3.6 3.8 3.8 3.8 3.8 3.8 3 2.3 1.5 0.8 0 -0.8 -1.5 -2.8 -2.8 -2.8 -2.8 -2.8 -2.8 -2.8 -2.8 -2.8 -2.8 -2.8 -2.8 -2.8 -2.8 -2.8 -2.8 -2.8 -2.8 -2.8 -2.8 -2.8 -2.8 -2.8 -2.8 -2.8 -2.8 -2.8 -2.8 -2.8 -2.8 -2.8 -2.8 -2.8 -2.8 0.3 3.2 4.2 4.6 5.2 13.2 17.1 19.7 17.6 10 5.2 5.3 6.1 6.4 14.2
55.7 52.1 46 40 34.7 28.9 23.4 21 18.7 15.5 11.1 5.6 5.5 5.4 5.2 5.1 5 4.8 4.7 4.6 3.5 2.4 2.6 2.9 3.2 3.4 3.7 3.8 3.8 3.8 3.6 2.9 2.1 1.3 0.6 -0.2 -0.9 -1.7 -2.8 -2.8 -2.8 -2.8 -2.8 -2.8 -2.8 -2.8 -2.8 -2.8 -2.8 -2.8 -2.8 -2.8 -2.8 -2.8 -2.8 -2.8 -2.8 -2.8 -2.8 -2.8 -2.8 -2.8 -2.8 -2.8 -2.8 -2.8 -2.8 -2.8 -2.8 -2.8 -2.8 -2.8 0.4 3.7 4.5 5 12.6 18.8 23 30.8 33.2 28.5 19.7 10.6 10.4 13.9 18.7
52.9 48.9 41.2 34.5 29.3 23.1 20.9 18.7 16.6 14.2 9.1 5.6 5.4 5.3 5.2 5.1 5 4.9 4.8 4.6 3.2 2.7 2.7 2.8 3 3.3 3.5 3.8 3.8 3.8 3.8 3 2.3 1.5 0.8 0 -0.8 -1.6 -2.8 -2.8 -2.8 -2.8 -2.8 -2.8 -2.8 -2.8 -2.8 -2.8 -2.8 -2.8 -2.8 -2.8 -2.8 -2.8 -2.8 -2.8 -2.8 -2.8 -2.8 -2.8 -2.8 -2.8 -2.8 -2.8 -2.8 -2.8 -2.8 -2.8 -2.8 -2.8 -2.8 -2.8 0.3 3.7 7.2 20.4 25.7 27.7 32.5 39.8 43.8 41.3 34.8 28.2 22.5 25 25.3
48.9 41.7 37.8 29 24.3 21.8 19.2 16.8 14.8 12.5 8.3 5.3 5 4.7 4.6 4.6 4.6 4.7 4.6 4.3 2.9 2.9 3 3.2 3.3 3.3 3.4 3.6 3.8 3.8 3.8 3.2 2.4 1.7 0.8 0 -0.8 -1.6 -2.8 -2.8 -2.8 -2.8 -2.8 -2.8 -2.8 -2.8 -2.8 -2.8 -2.8 -2.8 -2.8 -2.8 -2.8 -2.8 -2.8 -2.8 -2.8 -2.8 -2.8 -2.8 -2.8 -2.8 -2.8 -2.8 -2.8 -2.8 -2.8 -2.8 -2.8 -2.8 -2.8 -2.8 -0.3 2.9 11.5 25.9 32.2 37.5 42.3 46.6 50.9 53.6 52.3 44.5 40.4 37.5 33.6
44.2 36.9 30.5 25.6 20.5 18.2 16.1 14.2 12.4 8.9 5.4 5.1 4.7 4.4 4.1 3.9 3.9 3.9 3.9 3.6 2.5 2.6 2.8 3 3.1 3.3 3.5 3.6 3.8 3.8 3.8 3.3 2.5 1.7 0.9 0 -0.8 -1.6 -2.8 -2.8 -2.8 -2.8 -2.8 -2.8 -2.8 -2.8 -2.8 -2.8 -2.8 -2.8 -2.8 -2.8 -2.8 -2.8 -2.8 -2.8 -2.8 -2.8 -2.8 -2.8 -2.8 -2.8 -2.8 -2.8 -2.8 -2.8 -2.8 -2.8 -2.8 -2.8 -2.8 -2.8 -0.4 3 15.3 28.4 35.2 42.6 47.6 52.9 57.4 60.5 61.3 55.8 52.6 49 41.6
38.8 32.7 27.8 20.5 16.4 14.4 12.2 10.7 9 6.4 5.3 5 4.6 4.2 3.8 3.5 3.2 3.2 3.2 2.8 2.3 2.4 2.6 2.7 2.9 3.1 3.2 3.4 3.7 3.8 3.8 3.3 2.5 1.7 0.9 0 -0.8 -1.6 -2.8 -2.8 -2.8 -2.8 -2.8 -2.8 -2.8 -2.8 -2.8 -2.8 -2.8 -2.8 -2.8 -2.8 -2.8 -2.8 -2.8 -2.8 -2.8 -2.8 -2.8 -2.8 -2.8 -2.8 -2.8 -2.8 -2.8 -2.8 -2.8 -2.8 -2.8 -2.8 -2.8 -2.8 0.2 3.5 18.1 30.6 37.9 45.7 52.9 57.8 62 65.8 66.8 64.5 62.1 58.6 50.2
34.1 29.4 22.6 17.3 15.3 12.4 9.4 8.9 6.3 5.3 5.3 4.9 4.5 4.1 3.7 3.3 2.9 2.6 2.4 2.1 2.1 2.2 2.4 2.5 2.7 2.9 3 3.3 3.6 3.8 3.8 3.1 2.3 1.6 0.8 0 -0.8 -1.7 -2.8 -2.8 -2.8 -2.8 -2.8 -2.8 -2.8 -2.8 -2.8 -2.8 -2.8 -2.8 -2.8 -2.8 -2.8 -2.8 -2.8 -2.8 -2.8 -2.8 -2.8 -2.8 -2.8 -2.8 -2.8 -2.8 -2.8 -2.8 -2.8 -2.8 -2.8 -2.8 -2.8 -1.5 1.5 4.1 21.3 31.6 39.4 48.7 55.9 61.3 66.1 70.6 71 70.8 69.1 65.5 60.3
29.6 24.7 17.5 13.4 11.4 10.1 7.1 5.2 5.1 5.1 5.2 4.8 4.5 4.1 3.7 3.3 2.9 2.5 2.1 1.8 1.9 2 2.1 2.3 2.5 2.6 2.9 3.3 3.6 3.8 3.8 3 2.2 1.4 0.7 -0.1 -0.9 -1.7 -2.8 -2.8 -2.8 -2.8 -2.8 -2.8 -2.8 -2.8 -2.8 -2.8 -2.8 -2.8 -2.8 -2.8 -2.8 -2.8 -2.8 -2.8 -2.8 -2.8 -2.8 -2.8 -2.8 -2.8 -2.8 -2.8 -2.8 -2.8 -2.8 -2.8 -2.8 -2.8 -2.8 -2.8 1.8 4.4 24.2 33.3 41.9 51.7 59.3 64.3 68.3 72.9 76 76.4 75.3 73.6 70.7
22.7 19.2 13.8 10 8.7 6.1 5 5.1 5.1 5.1 5.1 4.8 4.4 4 3.6 3.2 2.8 2.5 2.2 2.1 1.9 1.8 1.9 2.1 2.3 2.6 2.9 3.2 3.5 3.8 3.8 3 2.2 1.4 0.6 -0.2 -0.9 -1.7 -2.8 -2.8 -2.8 -2.8 -2.8 -2.8 -2.8 -2.8 -2.8 -2.8 -2.8 -2.8 -2.8 -2.8 -2.8 -2.8 -2.8 -2.8 -2.8 -2.8 -2.8 -2.8 -2.8 -2.8 -2.8 -2.8 -2.8 -2.8 -2.8 -2.8 -2.8 -2.8 -2.8 -2.8 1 6.9 25.2 33.1 41.9 52.1 62.5 66.4 70.3 74.8 79.8 81.3 80.5 79.3 79.5
23.5 16 11.8 8.8 6.3 5.1 4.9 4.9 5 5 5 4.7 4.3 3.9 3.6 3.3 3 2.7 2.4 2.3 2.2 2 1.8 1.9 2.2 2.5 2.8 3.1 3.5 3.8 3.8 3 2.2 1.4 0.6 -0.2 -1 -1.8 -2.8 -2.8 -2.8 -2.8 -2.8 -2.8 -2.8 -2.8 -2.8 -2.8 -2.8 -2.8 -2.8 -2.8 -2.8 -2.8 -2.8 -2.8 -2.8 -2.8 -2.8 -2.8 -2.8 -2.8 -2.8 -2.8 -2.8 -2.8 -2.8 -2.8 -2.8 -2.8 -2.8 -2.8 -0.1 5.6 21.6 31.5 39.3 48.5 59.1 65.8 70.7 76.3 80.5 83 82.2 82.7 83.6
23.6 15.8 11.9 6.2 9.1 4.8 4.8 4.8 4.8 4.9 4.9 4.7 4.3 4 3.7 3.4 3.1 2.8 2.6 2.6 2.4 2.2 2.1 2.1 2.2 2.5 2.8 3.1 3.5 3.8 3.8 3.1 2.1 1.1 0.3 -0.5 -1.2 -2 -2.8 -2.8 -2.8 -2.8 -2.8 -2.8 -2.8 -2.8 -2.8 -2.8 -2.8 -2.8 -2.8 -2.8 -2.8 -2.8 -2.8 -2.8 -2.8 -2.8 -2.8 -2.8 -2.8 -2.8 -2.8 -2.8 -2.8 -2.8 -2.8 -2.8 -2.8 -2.8 -2.8 -2.8 -2.8 2.7 15.7 28.1 35.7 41.7 49.8 57.1 64.4 70.7 75.8 79 79 81 83.8
23.5 16.2 10.9 5.6 4.8 4.8 4.8 4.8 4.8 4.8 4.8 4.8 4.5 4.2 3.9 3.5 3.2 2.9 2.9 2.8 2.7 2.5 2.4 2.4 2.5 2.7 3 3.2 3.5 3.8 3.8 3.6 2.5 1.5 0.4 -0.6 -1.7 -2.8 -2.8 -2.8 -2.8 -2.8 -2.8 -2.8 -2.8 -2.8 -2.8 -2.8 -2.8 -2.8 -2.8 -2.8 -2.8 -2.8 -2.8 -2.8 -2.8 -2.8 -2.8 -2.8 -2.8 -2.8 -2.8 -2.8 -2.8 -2.8 -2.8 -2.8 -2.8 -2.8 -2.8 -2.8 -2.8 0.5 4.4 22.9 30.2 35.3 38.5 41.2 47.7 55.4 60.6 67.2 70 72.6 75.5
23.3 14.6 8.4 5.1 4.8 4.6 4.6 4.7 4.7 4.7 4.7 4.8 4.5 4.3 4 3.7 3.4 3.2 3.1 3.1 2.9 2.8 2.7 2.8 2.9 2.9 3.1 3.4 3.7 3.8 3.8 3.8 3 1.9 0.7 -0.5 -1.8 -2.8 -2.8 -2.8 -2.8 -2.8 -2.8 -2.8 -2.8 -2.8 -2.8 -2.8 -2.8 -2.8 -2.8 -2.8 -2.8 -2.8 -2.8 -2.8 -2.8 -2.8 -2.8 -2.8 -2.8 -2.8 -2.8 -2.8 -2.8 -2.8 -2.8 -2.8 -2.8 -2.8 -2.8 -2.8 -2.8 -2.8 3 10.9 19.3 21.3 23.4 26.4 30.5 36.9 41 47.8 53.8 58.9 63.3
21.6 12.7 5.4 5.1 4.9 4.6 4.5 4.5 4.5 4.5 4.6 4.8 4.5 4.2 4.1 3.8 3.5 3.4 3.4 3.3 3.2 3 3.1 3.1 3.2 3.3 3.4 3.6 3.8 3.8 3.8 3.8 3.2 1.9 0.5 -0.9 -2.8 -2.8 -2.8 -2.8 -2.8 -2.8 -2.8 -2.8 -2.8 -2.8 -2.8 -2.8 -2.8 -2.8 -2.8 -2.8 -2.8 -2.8 -2.8 -2.8 -2.8 -2.8 -2.8 -2.8 -2.8 -2.8 -2.8 -2.8 -2.8 -2.8 -2.8 -2.8 -2.8 -2.8 -2.8 -2.8 -2.8 -2.8 -2.8 -2.8 -2.8 4.6 4.4 4.2 7.3 13.5 20.6 28.3 35.9 41.5 48.3
20.8 12.3 6.2 5.2 5 4.7 4.4 4.4 4.4 4.4 4.6 4.8 4.6 4.2 4 3.9 3.7 3.7 3.6 3.6 3.5 3.3 3.4 3.5 3.6 3.7 3.8 3.8 3.8 3.8 3.8 3.8 3.4 1.9 0.3 -1.2 -2.8 -2.8 -2.8 -2.8 -2.8 -2.8 -2.8 -2.8 -2.8 -2.8 -2.8 -2.8 -2.8 -2.8 -2.8 -2.8 -2.8 -2.8 -2.8 -2.8 -2.8 -2.8 -2.8 -2.8 -2.8 -2.8 -2.8 -2.8 -2.8 -2.8 -2.8 -2.8 -2.8 -2.8 -2.8 -2.8 -2.8 -2.8 -2.8 -2.8 -2.8 -2.8 -2.8 -2.8 -2.8 -2.8 -2.8 11 17.1 21 28.1
20.7 13.6 7.4 5.3 5 4.8 4.5 4.2 4.2 4.3 4.5 4.7 4.6 4.3 4 3.8 3.8 3.8 3.8 3.8 3.7 3.7 3.8 3.8 3.8 3.8 3.8 3.8 3.8 3.8 3.8 3.8 3.3 1.8 0.1 -1.4 -2.8 -2.8 -2.8 -2.8 -2.8 -2.8 -2.8 -2.8 -2.8 -2.8 -2.8 -2.8 -2.8 -2.8 -2.8 -2.8 -2.8 -2.8 -2.8 -2.8 -2.8 -2.8 -2.8 -2.8 -2.8 -2.8 -2.8 -2.8 -2.8 -2.8 -2.8 -2.8 -2.8 -2.8 -2.8 -2.8 -2.8 -2.8 -2.8 -2.8 -2.8 -2.8 -2.8 -2.8 -2.8 -2.8 -2.8 -2.8 -2.8 5.8 7.9
18.2 11.2 6 5.2 5 4.8 4.6 4.3 4.1 4.2 4.4 4.7 4.6 4.2 3.8 3.8 3.8 3.8 3.8 3.8 3.8 3.8 3.8 3.8 3.8 3.8 3.8 3.8 3.8 3.8 3.8 3.2 1.9 0.9 -0.6 -2 -2.8 -2.8 -2.8 -2.8 -2.8 -2.8 -2.8 -2.8 -2.8 -2.8 -2.8 -2.8 -2.8 -2.8 -2.8 -2.8 -2.8 -2.8 -2.8 -2.8 -2.8 -2.8 -2.8 -2.8 -2.8 -2.8 -2.8 -2.8 -2.8 -2.8 -2.8 -2.8 -2.8 -2.8 -2.8 -2.8 -2.8 -2.8 -2.8 -2.8 -2.8 -2.8 -2.8 -2.8 -2.8 -2.8 -2.8 -2.8 -2.8 -2.8 -2.8
18.2 11.2 5.1 4.9 4.7 4.6 4.4 4.2 4.1 4.3 4.6 4.7 3.8 3.7 3.8 3.8 3.9 3.8 3.8 3.8 3.8 3 3.8 3.8 3.8 3.8 3.8 3.8 3.8 3.8 3.6 1.8 0.4 -0.7 -2.8 -2.8 -2.8 -2.8 -2.8 -2.8 -2.8 -2.8 -2.8 -2.8 -2.8 -2.8 -2.8 -2.8 -2.8 -2.8 -2.8 -2.8 -2.8 -2.8 -2.8 -2.8 -2.8 -2.8 -2.8 -2.8 -2.8 -2.8 -2.8 -2.8 -2.8 -2.8 -2.8 -2.8 -2.8 -2.8 -2.8 -2.8 -2.8 -2.8 -2.8 -2.8 -2.8 -2.8 -2.8 -2.8 -2.8 -2.8 -2.8 -2.8 -2.8 -2.8 -2.8
18.5 11.4 5.2 5 4.8 4.7 4.5 4.2 3.9 3.9 4.5 4.6 3.2 3.8 3.8 4 4.2 3.8 3.8 3.8 3.8 3.1 2.4 3.8 3.8 3.8 3.8 3.8 3.8 3.5 2.3 0.7 -1 -2.8 -2.8 -2.8 -2.8 -2.8 -2.8 -2.8 -2.8 -2.8 -2.8 -2.8 -2.8 -2.8 -2.8 -2.8 -2.8 -2.8 -2.8 -2.8 -2.8 -2.8 -2.8 -2.8 -2.8 -2.8 -2.8 -2.8 -2.8 -2.8 -2.8 -2.8 -2.8 -2.8 -2.8 -2.8 -2.8 -2.8 -2.8 -2.8 -2.8 -2.8 -2.8 -2.8 -2.8 -2.8 -2.8 -2.8 -2.8 -2.8 -2.8 -2.8 -2.8 -2.8 -2.8
18.4 10.7 5.3 5.1 4.9 4.7 4.3 4.1 3.8 3.6 4.1 4.3 4 3.8 3.8 3.8 3.8 3.8 3.8 3.8 3.8 3.6 2.2 2.3 3.8 3.8 3.8 3.3 2.7 1.9 0.8 -0.7 -2.8 -2.8 -2.8 -2.8 -2.8 -2.8 -2.8 -2.8 -2.8 -2.8 -2.8 -2.8 -2.8 -2.8 -2.8 -2.8 -2.8 -2.8 -2.8 -2.8 -2.8 -2.8 -2.8 -2.8 -2.8 -2.8 -2.8 -2.8 -2.8 -2.8 -2.8 -2.8 -2.8 -2.8 -2.8 -2.8 -2.8 -2.8 -2.8 -2.8 -2.8 -2.8 -2.8 -2.8 -2.8 -2.8 -2.8 -2.8 -2.8 -2.8 -2.8 -2.8 -2.8 -2.8 -2.8
17.7 9.9 5.4 5.2 4.8 4.5 4.2 3.9 3.7 3.5 3.6 4 3.7 3.6 3.7 3.6 3.6 3.7 3.8 3.8 3.8 3.8 3.8 3.8 3.8 3.8 3.8 3.6 1.4 0.7 -0.5 -2.8 -2.8 -2.8 -2.8 -2.8 -2.8 -2.8 -2.8 -2.8 -2.8 -2.8 -2.8 -2.8 -2.8 -2.8 -2.8 -2.8 -2.8 -2.8 -2.8 -2.8 -2.8 -2.8 -2.8 -2.8 -2.8 -2.8 -2.8 -2.8 -2.8 -2.8 -2.8 -2.8 -2.8 -2.8 -2.8 -2.8 -2.8 -2.8 -2.8 -2.8 -2.8 -2.8 -2.8 -2.8 -2.8 -2.8 -2.8 -2.8 -2.8 -2.8 -2.8 -2.8 -2.8 -2.8 -2.8
16.3 8.5 5.3 5 4.6 4.3 4.1 3.8 3.6 3.4 3.2 3.6 3.3 3.5 3.7 3.5 3.5 3.6 3.8 3.8 3.8 3.8 3.8 3.8 3.8 3.8 3.8 3.8 1.7 -0.4 -1.5 -2.8 -2.8 -2.8 -2.8 -2.8 -2.8 -2.8 -2.8 -2.8 -2.8 -2.8 -2.8 -2.8 -2.8 -2.8 -2.8 -2.8 -2.8 -2.8 -2.8 -2.8 -2.8 -2.8 -2.8 -2.8 -2.8 -2.8 -2.8 -2.8 -2.8 -2.8 -2.8 -2.8 -2.8 -2.8 -2.8 -2.8 -2.8 -2.8 -2.8 -2.8 -2.8 -2.8 -2.8 -2.8 -2.8 -2.8 -2.8 -2.8 -2.8 -2.8 -2.8 -2.8 -2.8 -2.8 -2.8
14.6 8.8 5.1 4.7 4.4 4.2 4 3.7 3.5 3.3 3 3.3 3.1 3.5 3.8 3.1 3.1 3.2 3.3 3.4 3.5 3.7 3.8 3.8 3.8 3.8 3.8 3.8 2 -0.3 -2.8 -2.8 -2.8 -2.8 -2.8 -2.8 -2.8 -2.8 -2.8 -2.8 -2.8 -2.8 -2.8 -2.8 -2.8 -2.8 -2.8 -2.8 -2.8 -2.8 -2.8 -2.8 -2.8 -2.8 -2.8 -2.8 -2.8 -2.8 -2.8 -2.8 -2.8 -2.8 -2.8 -2.8 -2.8 -2.8 -2.8 -2.8 -2.8 -2.8 -2.8 -2.8 -2.8 -2.8 -2.8 -2.8 -2.8 -2.8 -2.8 -2.8 -2.8 -2.8 -2.8 -2.8 -2.8 -2.8 -2.8
14.2 9.6 5.2 4.5 4.3 4.1 3.8 3.6 3.4 3.2 2.9 2.9 3 3.4 3.7 2.6 2.7 2.8 2.9 3 3.1 3.3 3.6 3.8 3.8 3.8 3.8 3.8 2.3 0.1 -2.8 -2.8 -2.8 -2.8 -2.8 -2.8 -2.8 -2.8 -2.8 -2.8 -2.8 -2.8 -2.8 -2.8 -2.8 -2.8 -2.8 -2.8 -2.8 -2.8 -2.8 -2.8 -2.8 -2.8 -2.8 -2.8 -2.8 -2.8 -2.8 -2.8 -2.8 -2.8 -2.8 -2.8 -2.8 -2.8 -2.8 -2.8 -2.8 -2.8 -2.8 -2.8 -2.8 -2.8 -2.8 -2.8 -2.8 -2.8 -2.8 -2.8 -2.8 -2.8 -2.8 -2.8 -2.8 -2.8 -2.8
