app/static/ascii/SD48.asc
ncols 200
nrows 200
xllcorner 340000
yllcorner 480000
cellsize 50
[rows 78 to 116 of 200, columns 88 to 175 of 200]
127.1 137.2 160.5 168.4 184.1 185.6 180.8 178.9 175.6 174.7 174.3 175.9 168.2 163.4 158.2 151.1 140.5 136.5 131.2 132.7 148.4 155.2 155.1 149.2 140.2 129.9 122.7 114.3 106.7 99.8 92.1 85.3 79 70.6 63.9 46 33.7 28 23.8 18.5 14.1 7.6 5.3 5.1 4.9 4.7 5.2 5.6 5.7 5.6 5.4 5.6 5.5 5.4 5.4 5.3 5.5 6.1 6.7 6.5 5.8 5.4 5.4 5.3 5.2 5.3 5.2 5.2 5.1 5 5 4.9 4.8 4.7 4.5 4.5 4.5 4.5 4.6 4.6 4.7 4.8 9.8 20.7 30.4 35.3 38 39.7
105.4 128.7 150.3 159.1 173.8 181.9 182.1 184.3 179.6 175.6 175.4 172.4 167.1 170.1 163.3 157.7 151 139.6 136.8 128.4 139.6 152.2 157.7 156.1 147.1 137 129.6 122 111.5 101.8 93.2 89.5 77.4 66.8 59.4 52.1 38 25.3 14.6 7.6 5.6 5.8 5.5 5.3 4.9 4.6 3.5 5.4 5.1 5 4.9 6.4 5.3 5.2 5.1 5.1 5.4 6.1 6.9 4.7 6.2 5.4 5.4 5.4 5.3 5.2 5.2 5.1 5.1 5 4.9 4.9 4.7 4.9 4.7 4.5 4.4 4.4 4.4 4.5 4.7 4.8 12.7 22.7 31.8 36.8 39.1 38.8
92.8 131.9 146 153.6 165.2 179.7 181.9 187.8 182.4 178.7 175.1 176.6 171.9 167.8 170.7 155.8 154.9 141.4 134.8 127.2 133.7 148.8 157 157.9 150.1 141.1 128.1 121.9 110.2 101.5 95.6 89.2 78.5 75.8 68.9 57.2 40.5 24.5 11.8 5.9 5.5 5.4 5.3 5.1 4.9 4.8 4.5 5.2 5.1 5 4.8 4.8 5.1 5.1 5.1 5.2 5.3 6.1 6.9 6.3 5.7 5.5 5.4 5.3 5.2 5.2 5.1 5.1 5 4.9 4.9 4.8 4.7 5.2 5 4.7 4.4 4.3 4.4 4.5 4.6 4.7 13.9 26.7 33.2 37.9 38.3 37.4
81.1 118.4 140.6 149 159.7 173.7 184.3 188.4 183.2 182.8 180 175.5 177 172.7 166.7 160.6 154.6 147.5 135.7 130.6 125.9 133.4 144 149.2 142.1 135.1 126.4 118.4 107.9 104.2 101.1 97.8 90.6 83.6 74.1 59.5 44.1 26.7 11.3 6.1 5.4 5.2 5 4.9 4.8 4.7 4.7 4.9 4.8 4.7 4.8 4.8 5.3 5.1 5.2 5.2 4.7 5.9 7 6.1 5.9 5.8 5.4 5.2 5.2 5.1 5.1 5 5 4.9 4.8 4.8 4.9 5.5 5.2 4.9 4.5 4.4 4.5 4.5 4.6 6.9 20.3 31.1 35.2 37.2 36.4 35.6
71.2 105.3 136.5 146.9 157.6 170.4 184 188.2 184.4 185.5 183.5 179 175.6 171.2 170.2 160.9 153.1 144.1 137.6 130.2 125.2 124.2 125.2 130.7 127.5 123.3 114.1 113.9 114.6 111 106.3 105.4 101.1 92.2 79.1 64 48.8 27.5 12.5 10.1 5.4 5.1 5 4.9 4.9 4.8 4.7 4.7 4.7 4.7 4.8 4.7 4.7 5.1 5.2 5.2 5.3 5.8 6.6 4.8 6.2 6 5.6 5.1 5.1 5.1 5 5 4.9 4.9 4.9 5 5.1 4.2 5.1 4.7 4.6 4.5 4.5 4.7 4.7 9.1 25.1 33 36.5 35.5 34.8 34.1
69.7 99.5 127.1 142.9 154.4 167.5 183.7 189.2 190 186.7 183.9 178.8 175.1 171.4 168 163.9 155.9 146.9 141.1 135.5 125.1 125.8 125.4 124.6 126.6 124.2 121.6 121.5 122.3 117.7 110 103.7 106.5 99.1 87.6 68.5 50.7 27.8 13 6.2 5.3 5.2 5.1 5 4.9 4.8 4.6 4.9 4.7 4.8 4.7 4.8 4.9 5.2 5.2 5.3 5.3 5.6 6.3 6.9 5.4 6.3 5.7 5.5 5 4.9 5 4.9 5 5.1 5.1 5.2 5.2 3.6 4.9 4.8 4.7 4.6 4.5 4.7 4.9 13.2 27.6 33.2 34.9 33.5 33.1 32.6
70.3 95 127.2 143.9 153 163.4 178.7 190.8 195.7 190.7 186.8 181.4 176.9 174 172.8 169.9 161.2 152 141.8 137.2 130.8 127.1 129 129.8 133.9 129.8 125 126.6 123.8 120 113.8 105.9 99.4 101.4 91.6 67.6 48.9 31.4 8.4 5.5 5.3 5.2 5.1 5 4.9 4.8 4.9 5.2 4.3 4.8 4.8 4.8 4.7 5 5.2 5.5 5.6 5.9 6.3 6.7 6.6 6.5 5.8 5.5 5 4.8 4.8 4.9 4.9 5 5.2 5.2 5.1 5.4 5.1 4.9 4.8 4.7 4.6 4.6 5.6 21.1 30.5 32.5 33.1 32 31.5 31.2
65 93.1 127.7 145.7 153.8 161.8 174.1 192 196.9 194.8 189.7 184.9 180.9 178.9 179 175.3 166.4 155.2 147.1 142.2 132.3 129 131.7 135.5 135.9 133.6 128.9 128.7 125.2 120.7 116 109.4 102.8 93 92.7 73.9 54.1 32 5.9 5.1 5.2 5.3 5.1 5 4.9 5 5.1 5.1 5.2 4.6 4.6 4.4 4.3 4.7 5.7 5.9 6.1 6.3 6.6 4.8 6.3 6.2 5.7 5.3 5.1 4.9 4.9 4.9 4.9 5 5 5.1 5.1 5 5.1 5 4.9 4.8 4.7 4.6 8.3 22.9 28.6 31.1 31.5 30.6 29.8 29
56.7 91.1 123.5 144.9 154.6 161.2 170.7 183.7 193.8 190.9 192.5 188 184.6 182.8 184.7 178.6 169.6 159.2 152.9 146.7 136.3 131.6 135 142.3 142.2 137.4 131.6 127.5 127.4 122.7 118.7 112.9 105.3 91.6 85.8 82.4 62.4 24.9 9 4.9 4.9 5 5 5.1 5 5.1 5.1 5.1 5.1 3.7 4 3.8 3.9 4 6.1 6.4 6.5 6.7 6.7 6.5 5.9 5.7 5.6 5.2 5.2 5 5 4.9 4.9 4.9 4.9 5 5.2 5.2 5.4 5.3 5.2 5.1 5 4.9 12.7 20.9 26.3 28.1 27.7 26.5 25.3 24.1
52.1 86.5 119 142.3 155.2 162.3 171 173.3 179.9 186.7 191.6 187.4 186.8 185.7 185.4 182.4 172.1 163.7 154.8 152.2 140.8 135 138.7 149.9 148.6 144.1 138.2 131.6 129.7 125.8 122.6 119.2 107.8 94.6 81.1 73.8 59.1 16.4 5.2 4.7 4.8 4.8 4.9 4.9 5 5.1 5.1 5.1 5.1 4.7 5.1 5.4 5.5 5.8 6.8 7.2 7.3 6.3 5.8 6.1 5.5 5.3 5.3 5.1 5.3 5.1 4.7 3.8 4.1 4.8 4.9 5 4.9 4.9 4.9 4.9 4.9 4.9 4.9 4.8 11.7 19.2 24.3 24.3 23.9 22.7 21.6 20.5
46.9 73.5 109 133.7 153.3 162.8 171.1 174.3 178.7 181.3 183.3 184.6 188.4 188 189.3 184.3 175.4 164.4 155.3 151.1 144.9 140.3 144.8 154.5 158.8 154.5 147.5 140.4 133.1 131.9 129.4 124.9 112.4 99.2 83.9 54.1 26.2 7.4 5.1 4.7 4.6 4.7 4.7 5.1 5.1 5 5.1 5.2 5.3 5 5.3 5.6 5.7 5.8 6.5 7.3 4.4 5.7 5.2 3.7 3.2 5.3 5.3 4.9 4.7 4.7 4.6 4.5 4.6 4.8 4.9 4.9 4.8 4.8 4.4 4.4 4.4 4.4 4.6 4.9 9.5 14.6 19.8 20.4 20.2 19.1 18.1 18.7
42.4 65.1 98.3 129.7 144.9 158.7 169.8 175.9 179.5 182.5 180.6 179.4 185.1 186.3 188.3 185.3 176.6 167.8 162.1 157.4 152.1 145.3 148.7 161.7 166.4 161.4 156.7 148.8 143.5 139.1 135.4 130.4 118.9 96.8 55.8 13.2 7.8 5.5 4.9 4.6 4.5 4.5 5 5.2 5.1 5 5 5.1 4.3 5.5 5.5 5.9 6 6 4.8 6.6 4.3 5.6 5.8 4.4 5 4.8 4.9 4.8 4.7 4.7 4.6 4.6 4.7 4.8 4.9 4.9 4.8 4.7 4 4 4.1 4.3 4.5 4.7 6.3 10.2 14.4 14.6 14.4 14.4 14.4 15.3
38.9 56.8 86.1 115.3 132.8 149.7 167 178.5 183.4 186 183.9 179.6 185.4 190 189.6 187.7 180.5 171.8 166.3 161 159.4 152.5 154.9 167.4 170 165.2 159.2 156.1 152.4 147.8 136.9 132.8 119.4 62.1 25.5 9.9 6.3 5 4.6 4.5 4.3 4.8 5.2 5.2 5.2 5.1 5 5 5.3 5.5 5.7 6.1 6.4 4.2 6.4 7.4 6.9 6.3 6.1 4.5 4.6 4.2 4.4 4.5 4.7 4.7 4.6 4.7 4.7 4.8 4.9 4.8 4.7 4.6 3.4 3.8 3.9 4.1 4.2 4.4 4.9 7.5 10.5 10.4 10.4 11.9 11 10.1
37.8 46.7 74.1 104.9 134.9 149.8 165 177.4 185.7 190.1 186.1 184.7 190.4 193.4 188.9 186.9 181.1 175.5 169.5 164.6 164.1 155.7 159.1 171.6 174.6 169.5 164.6 161.7 155.4 146.7 137.9 131.4 101.5 39.1 17.8 8.3 5.6 4.6 4.8 6 4.6 5 5.4 5.3 5.2 5.1 5 4.9 4.7 3.3 5.7 5.8 5.6 6 6.7 7.7 6.5 6.1 5.7 5.7 7.1 7 6.7 6.8 6 6.2 6.2 6.3 6.4 6.4 6.5 6.2 5.2 4.5 3.8 3.8 3.7 3.9 4 4.2 4.6 5.1 6.7 9 8.4 9.9 9.9 8.4
38.4 43.6 64.4 94.3 133.8 152.7 163.2 175.7 187.3 192.2 189.9 188.1 191.2 194.3 192.5 189 184.4 177.3 170.6 165.8 167.7 162.9 163.4 175.6 178.3 173.9 168 162.1 154.6 147.5 141.1 123.5 72.4 30 14.1 7 5.5 4.8 4.7 6.7 4.7 5.3 5.4 5.4 5.3 5.2 5.1 3.2 5.1 5.3 5.6 5.8 5.7 5.9 6.8 6 5.7 7.4 7.7 7 4.1 4.2 4.3 4.3 4.6 4.8 4.6 4.7 4.7 4.7 4.8 4.6 4.4 4.3 4.3 4.1 3.7 4.1 5.1 6 6.5 6.8 6.5 6.3 6.5 7 7.5 8.3
37.5 45.1 52.7 82.3 121 152.3 160.5 172.3 188.3 194.6 193.2 191.5 191 192.6 193.1 191.6 186.1 178.5 172.3 167.7 167 169.8 163.7 175.7 181.7 177.5 170.7 164.8 156 150.9 138.6 103 44.2 18.3 7.9 5.5 4.8 4.8 4.9 4.9 5 5.1 5.1 5.4 5.3 5.3 5.2 4.9 5.1 5.3 5.5 5.7 5.8 5.9 7.3 4.2 7.7 4.8 4.6 4.8 4.4 4.5 4.5 4.5 4.5 4.6 4.6 4.7 4.7 4.8 5 5 4.5 4.4 4.4 4.3 4.4 4.5 4.6 4.7 4.7 4.9 5.1 4.8 5.2 8.3 9.4 8.2
35.3 45 52.6 68.2 105.6 145.9 159.2 168.3 183.1 191.9 191.2 193.5 192.8 192.3 195.6 194.3 190.1 182.6 176.8 170.4 167.4 173.8 164.5 169.6 180.5 181.1 175.9 167.8 160 152.4 104.8 48.7 25 15.1 8 5 4.9 4.9 5 4.9 4.8 4.9 4.8 5.1 5.3 5.3 5.3 4.9 5.1 5.3 5.5 5.7 6.4 7.4 6.9 -2.8 5.6 5.2 4.7 4.7 4.6 4.6 4.6 4.6 4.6 4.6 4.6 4.7 4.9 5 5.1 5.3 5.3 4.5 4.4 4.4 4.5 4.6 4.6 4.7 4.8 4.8 5 4.9 6.2 6.6 6.2 6.4
31 40.6 50.5 62.4 89.9 130.6 155.3 165.1 177.2 186.1 189.5 193.8 196 194.5 197.9 198.1 194.9 186 177.8 171.1 165.6 167.6 167.9 166.6 174.7 180.2 179.2 161.7 108 63.8 44.1 30.6 25.9 16.2 9.1 5.5 5 5.1 5.1 4.8 4.5 4.7 4.6 4.8 5 5.2 3.3 5 5.2 5.3 6.1 7.3 6.3 6.3 -2.8 -2.8 5.9 5.3 4.8 5 5.1 5.1 5.2 5 4.9 4.8 4.7 4.7 4.8 5.1 5.3 5.4 5.6 5 4.4 4.5 4.6 4.6 4.7 4.7 4.8 4.8 4.8 6.2 8.9 7.9 6.6 6.1
31 38.1 45.8 59.4 75 118.5 152.8 165 173.6 182.3 189.8 194.6 196 194.7 198.2 198.9 195.8 186.4 177.7 169.7 161.7 163.9 172 167 175 180.7 169.4 109 54.4 43.4 39.9 32.5 24 13.1 6.8 5.5 5.9 5.3 5.1 4.7 4.4 4.5 4.4 4.5 4.7 5.1 4.8 5.1 5.3 7.3 5.4 6.5 7.4 7.1 -2.8 -2.8 5.8 5.3 4.8 5.6 5.5 5.3 5.2 5.1 5 4.9 4.8 4.8 4.7 4.9 5.1 5.3 5.5 5.2 4.4 4.5 4.6 4.7 4.7 4.8 4.8 4.8 5.2 5.8 9.7 8.1 6.4 7.3
31.1 36.3 39.9 52.1 67.9 106.4 145.1 160.9 171.1 183.9 191.6 194.2 193.6 191.1 194.4 195.3 193.1 185.9 177.8 170.7 163.8 159.7 170.7 168.8 170.1 175.4 138 74.6 53.1 45.4 38.5 28.2 15.4 7.2 6.5 5.3 4.5 4.3 5.4 4.5 4.2 4.2 4.2 4.2 4.4 5.4 5.4 7.5 5.1 5.4 5.8 6.1 6.2 6.3 -2.8 6.4 5.8 5.3 4.8 5.6 5.5 5.3 5.3 5.2 5.1 5 4.9 4.9 4.8 4.8 5 5.2 5.4 4.7 4.3 4.5 4.7 4.7 4.8 4.8 4.8 5.1 5.1 5.5 7.7 7.3 7.5 7.4
30.9 34 37.7 46.6 59.7 87.5 125.1 146.6 160.2 174.2 187.6 194.6 194.8 191.4 189.5 189.4 190.7 185.3 176.3 169.7 163.1 155.1 160.8 168.5 162.7 157.7 103.1 63.4 56.8 40.9 29.5 18 8.6 6.9 6.1 5.1 4.8 5 4.7 4.5 4.3 4.3 4.3 4.7 5.4 7.3 6.6 5.1 5.3 5.4 5.8 6.1 6.2 6.4 -2.8 5.1 6 5.5 4.9 5.6 5.5 5.5 5.4 5.3 5.2 5.1 5 5 4.9 4.9 4.9 5 5.2 5.2 4.2 4.3 4.6 4.8 4.8 4.8 5 5 5.1 5.3 5.1 7.3 7.4 7.3
30.7 28.3 31 38.9 49.6 72.6 106.1 136.3 154.1 162.4 174 187.5 194.3 193.3 191 183.3 183.9 185.4 177.2 169 158.7 152.8 151.7 152.2 143.7 113 79.8 60.3 42.8 29 21.7 14.6 9.6 7.4 5.8 5.4 5.3 5.1 4.9 4.7 4.8 4.5 4.5 4.6 7.3 5.4 4.9 5.2 5.4 5.5 5.8 6.1 6.3 6.4 -2.8 5.2 6.1 5.4 4.8 5.6 5.6 5.6 5.5 5.4 5.3 5.2 5.1 5.1 5 5 5 5 4.9 4.8 4.3 4.3 4.5 4.8 4.9 4.9 5.1 5.3 5.4 5.6 6.2 5 6.7 7
29.1 28.1 26 28.8 41 57.8 90.6 123 149.9 158.1 163 173 182.7 187.5 185.4 178.5 174.5 177.9 174.9 168.1 159.4 149.3 146.3 143.9 119.2 85.1 65.8 47.2 35.5 28.1 22.2 17.7 12.3 8.2 6 5.2 5.7 5.1 5 5.1 5.1 4.7 7.6 6.5 5.7 5.2 5.1 5.3 5.6 5.8 5.8 6.1 6.3 6.3 6.7 -2.8 -2.8 4 4.2 5.5 5.5 5.5 5.5 5.5 5.4 5.3 5.2 5.2 5.1 5.1 5.1 5 5 5 4.5 4.6 4.8 4.9 5.1 5.3 5.4 5.6 5.8 6.2 6.2 6.3 4.4 7.1
29.2 28.3 27.1 25.6 30.6 48.5 70.1 109.6 136.3 154.2 157.5 163.1 171.4 183.9 179.6 176.1 171.5 169 170.5 166.5 160 149.4 126.6 108.9 85.5 66.6 56.1 44 37 30.8 23.4 17.8 12.7 10 6.6 5.9 5.2 5.2 5.2 5.2 5.3 8.6 4.5 4.6 5.1 5.2 5.1 5.4 5.7 5.9 6.2 6.1 6.3 6.2 -2.8 -2.8 -2.8 4 4.1 5.5 5.4 5.4 5.4 5.4 5.4 5.4 5.4 5.3 5.2 5.3 5.8 4.2 5 5 4.8 4.9 5.1 5.3 5.4 5.6 5.8 6 6.2 6.3 6.5 6.6 6.6 3.7
28.7 27.4 26.3 24.9 24.8 39.5 55.7 85.3 122 149.9 156.2 160.1 164.5 173 177.3 174.8 171.4 165.4 162.7 161.1 158.3 141.9 103 83.6 75.9 57 49.9 40.1 32.3 24 17 12.9 10.2 7.7 7.1 6.5 5.9 5.4 5.3 5.5 8.7 4.8 4.7 4.6 4.8 5 4.7 5.1 5.5 5.9 6.3 6.4 5.8 -2.8 -2.8 4.3 4.5 4.9 5.1 5.5 5.5 5.5 5.5 5.4 5.4 5.4 5.3 5.3 5.3 5.2 5 5.1 5.1 5 5.1 5.3 5.4 5.6 5.8 5.9 6.1 6.3 6.4 6.6 6.7 6.8 6.9 3.6
27.4 26.1 25.3 25.1 25.2 29.4 44 66.3 107.9 135.1 151.5 160.2 162.2 165.2 169.8 171 168.7 162.9 156.6 151.5 138 120.4 89.4 79.6 58.6 48.3 41.4 35.3 28 21 15.4 10.9 8.7 8 7.5 6.9 6.3 5.5 5.4 8.7 5.1 5 4.9 4.8 4.8 4.7 4.9 5.3 5.6 5.9 6.2 -2.8 -2.8 -2.8 5 5.2 5 5.4 5.6 5.6 5.5 5.5 5.4 5.4 5.4 5.3 5.3 5.3 5.1 5.2 4.8 5 5.1 5.2 5.3 5.7 5.9 6 6.1 6.3 6.4 6.6 6.7 6.8 7 7.1 7.2 7.3
26.5 24.9 24.7 25.1 25.2 25.5 32.7 51.7 75.6 115.2 139.1 155.2 164.2 162.9 162.4 161.8 160.5 151.1 136.5 126 105.9 94.5 75.6 55.7 45.3 40.3 35.5 35.3 27.2 20.4 12.4 8.8 8.1 7.8 7.9 7.3 6.5 5.4 8.7 6.2 5.3 5.2 5.2 5.1 5 4.9 5.2 5.5 5.8 6 6.3 -2.8 -2.8 -2.8 -2.8 -2.8 5.5 5.7 5.9 5.6 5.5 5.4 5.4 5.4 5.3 5.3 5.4 5.3 5 5.2 5.2 5.2 5.3 5.4 5.5 5.9 6.3 6.4 6.5 6.4 6.4 6.5 6.6 6.7 6.9 7 7.2 6.5
24.9 23.2 23.7 25 23.8 26.4 26.1 36.8 54.5 84.2 126.5 146.9 159.4 157.5 153 150.3 146.2 135.3 119.6 103.1 94.8 71.2 55.7 49 44.5 36.9 30.7 28.9 23.6 16.3 10.2 8.4 7.8 7.5 8.1 7.5 6.6 9.1 8 6.7 5.3 5.3 5.2 5.1 5.1 5 5.2 5.5 5.8 6.1 6.4 7.4 -2.8 6.5 6.3 -2.8 -2.8 -2.8 6.1 5.7 5.6 5.4 5.4 5.3 5.3 5.4 5.4 5.3 5 5 5.5 5.4 5.5 5.6 5.7 6.1 6.5 6.7 6.5 6.4 6.5 6.5 6.6 6.6 6.7 6.9 6.9 6.2
22.9 20.8 20.2 20.9 23.2 23.8 26.3 28.2 41.6 68.8 107.4 134.3 147.1 149.8 143.2 130 117.4 106.3 92.9 79.6 67.1 57.6 51.9 47.7 41.9 32.5 33 30.1 23 16.3 11.3 9 8.2 8.4 8.6 8.4 9.3 8.7 7 6.1 5.3 5.2 5.2 5.1 5 5 5 5.2 5.4 5.6 5.7 5.9 6.3 7.3 7.2 7.1 7.1 -2.8 -2.8 5.8 5.7 5.5 5.4 5.3 5.3 5.4 5.5 5.2 4.9 5.3 5.4 5.9 5.7 5.8 5.9 6.3 6.7 6.6 6.4 6.5 6.5 6.6 6.6 6.7 6.7 6.8 6.7 6.6
29.6 28 23.5 23.1 20.1 20.8 29 23.7 35 54.5 84 117.4 142.7 145.6 139.8 115 94.7 83.8 64.8 55.4 54.6 50.5 44.2 41.9 34.2 26.4 25 31.8 21.7 16 11 8.5 8.5 8.8 9.1 9.5 9.7 8.7 6.5 5.9 5.4 5.2 5.1 5 4.9 4.9 5.1 5.3 5.5 5.6 5.7 5.7 5.8 6.3 6.1 6.8 7.8 7 -2.8 6 5.9 5.7 5.5 5.4 5.5 5.6 5.7 5.2 5.6 5.7 5.7 5.8 6.3 6 6.1 6.5 6.5 6.4 6.4 6.5 6.6 6.6 6.7 6.8 6.7 6.6 6.5 6.5
36.6 30.3 24.4 20.5 22.9 20.3 25.2 23.4 35.5 44.3 64 93.7 127.7 144.9 134.1 93.1 74.7 65.1 55.3 47.7 43.6 33.9 32.2 29.5 24 21 20.9 25 18.9 15.6 10.2 8.3 8.5 9.1 9.3 9.3 9.7 8.3 6.4 5.8 5.5 5.4 5.2 5 4.8 4.8 5.2 5.3 5.5 5.5 5.5 5.5 5.5 5.7 5.8 6.4 6.8 8 7.2 -2.8 6 5.7 5.5 5.7 5.7 5.9 6 5.3 5.9 6 6.1 6.1 6.2 6.6 6.3 6.5 6.3 6.2 6.3 6.5 6.6 6.7 6.8 6.7 6.5 6.4 6.4 6.3
40.1 32.4 26.2 20.3 21.8 20.5 24 23.5 37.8 40.4 52.1 72.1 96.8 118.4 100.8 73.3 62.1 55.8 45.6 35.6 30.9 27.3 26.3 22.6 16.9 12.3 12 16.9 13.4 11.7 10.4 8.3 8.8 9.3 10 9.1 9 8 6.9 5.8 5.7 5.5 5.3 5.1 4.9 4.8 5.2 5.3 5.4 5.4 5.4 5.4 5.4 5.4 5.5 6.1 6.2 6.8 7.7 -2.8 -2.8 5.7 5.8 5.9 6 6 6.2 6.1 6.2 6.3 6.4 6.5 6.6 6.6 7.2 7.3 7.5 6 6.3 6.6 6.8 6.8 6.7 6.6 6.3 6.3 6.2 6.2
39.9 31.9 27.3 19.9 23.5 22.6 18.8 22.6 33.3 41.5 48.6 56.4 68.5 79.8 75.9 60.3 50.1 38.9 30.8 24.2 18.2 16.5 12.9 10.2 6.8 6.5 6.7 7.4 6.3 6.6 8.5 8.8 9.1 9.1 9.4 9 8.5 6.1 5.8 5.7 5.7 5.6 5.5 5.3 5.2 5 5.2 5.2 5.2 5.2 5.2 5.2 5.2 5.2 5.3 5.7 6.1 6.6 7.8 -2.8 -2.8 5.9 6 6.1 6.2 6.3 6.3 6.6 6.6 6.6 6.7 6.8 6.9 -2.8 -0.7 -2.8 -2.8 -2.8 8.2 6.8 6.7 6.6 6.6 6.3 6.1 6.1 6.1 6
41.5 32.5 22.9 23.4 20.2 19.9 18.4 18.9 26.7 36 42.9 48.1 52.4 55.4 52.5 42.2 33.6 24.7 18.6 15 15.5 12.5 9.3 6.6 5.7 6.4 6.7 7.1 6.6 6.6 8.7 7.2 7.9 8.5 8.9 8.8 7.6 5.6 5.6 5.5 5.5 5.5 5.5 5.4 5.3 5.2 4.9 4.9 4.9 4.9 4.9 4.9 4.9 5.1 5.1 5.6 6.1 6.7 7.2 -2.8 -2.8 6.5 6.5 6.5 6.5 6.6 6.7 6.8 7 7 7 7.1 -2.8 -2.8 6.5 6.3 -2.8 -2.8 -2.8 6.7 6.6 6.5 6.4 6.1 5.9 6 5.9 5.9
39.8 34 23.5 23.1 23 27.7 21.2 17.3 20.2 32 38.5 44.5 43 40.5 36.7 31.3 22.7 18 12.5 10.1 9.7 9.8 6.9 6 6 6.4 6.8 4.6 4.9 7.3 5.3 5.8 6.2 6.6 8.1 8.9 7.3 5.6 5.3 5.3 5.3 5.3 5.3 5.3 5.3 5.2 4.6 4.6 4.6 4.7 4.8 5 5.1 5.1 5 5.4 5.9 6.5 7.2 -2.8 -2.8 6.4 6.6 6.9 7.1 7.2 7.2 7.2 7.3 7.4 7.2 7 -2.8 -2.8 6.8 6.1 6.4 -2.8 -2.8 3.8 8.1 6.4 6.1 5.8 5.7 5.8 5.8 5.7
44.1 32.6 25.7 26.6 24.4 22.6 18.1 20.5 17.6 26.3 40.6 41.8 38.8 33.9 30.6 29.9 20.1 14.5 11.3 7.4 7.5 7.8 6.7 6.9 4.5 4.6 5.7 5.7 4.8 4.9 5.2 5.5 5.9 6.3 7.4 9.1 7.5 5.8 5.1 5.1 5.1 5.1 5.1 5.1 5.1 4.7 4.5 4.6 4.7 4.9 5 5.1 5.1 5.1 4.9 5.2 5.7 6.3 7 7.4 -2.8 -2.8 6.5 6.5 6.8 6.9 6.9 6.9 7 7.1 7 -2.8 -2.8 6.5 7.1 6.1 6.5 6.9 7.2 7.2 3.9 5.8 7 7 7 6.7 6.4 4.6
49 35.8 22.8 20.5 20.7 18.4 20.4 21.5 17.3 25.5 36.8 38.3 35.9 31.5 29 23.6 16.2 11.9 8.6 6.8 6.5 5.8 4.5 4.3 4.3 4.4 6.5 5.1 4.9 5.3 5.5 5.3 5.6 6 7.2 8.7 7.8 6.3 4.9 4.9 4.9 4.9 4.8 4.8 4.7 3.6 4.4 4.8 4.9 5 5.1 5.2 5.1 5 4.9 5.1 5.5 6.1 6.6 6.8 -2.8 -2.8 -2.8 6.3 6.4 6.5 6.5 6.6 6.7 6.9 6.8 -2.8 -2.8 6 5.8 6.2 6.6 7 6.9 6.9 7.2 7.9 7.2 6.6 4.3 4.4 4.4 6.9
48.4 35.3 23.1 20.3 20.1 15.4 17.9 16.9 17.2 19.8 30.4 35.1 31.9 30.9 25.7 16.5 13.1 10.7 7.2 6.3 6.1 5.7 4.4 4 3.9 6.4 5.7 5 5.2 5.6 5.9 6 5.8 5.8 6.9 8.2 7.8 6.1 5.1 5 5 5 5 5 5 4.5 4.5 4.9 5 5.1 5.2 5.1 5 5 4.8 5 5.4 -2.8 -2.8 -2.8 -2.8 -2.8 -2.8 -2.8 -2.8 6.1 6.3 6.4 6.5 6.6 6.4 -2.8 -2.8 6.8 5.9 6.3 6.7 6.6 6.6 6.6 6.8 6.6 6.5 6.2 6 5.6 6.7 6.7
43.9 35.9 25.4 22.4 22.3 16.2 12.2 20 14.5 18 24.5 29.6 30.4 30.4 19.9 11 11.7 11.9 7.2 5.8 5.4 5 4.6 3.9 6.2 5.1 4.9 4.9 5.3 5.8 6.2 6.6 6.5 7.5 7.6 7.7 8.4 7 5.7 5.1 5.2 5.2 5.2 5.2 5.3 4.7 4.9 5 5.2 5.2 5.2 5.1 5 4.9 5.5 -2.8 -2.8 -2.8 -2.8 -1.3 -2.3 -2.5 -2.8 -2.8 -2.8 6.1 6.1 6.1 6.2 6.3 -2.8 -2.8 6.5 6.7 6.1 6.4 6.4 6.3 6.3 6.3 6.4 6.3 6 5.7 5.4 5.4 6.7 6.5
