app/static/ascii/SD50.asc
ncols 200
nrows 200
xllcorner 350000
yllcorner 400000
cellsize 50
[rows 148 to 184 of 200, columns 85 to 169 of 200]
107.2 105.2 103.9 99.6 96.3 97.5 95.6 97.2 98.3 98.5 95.9 92.1 88.6 87.2 85.4 83.9 84.5 83.6 81.2 80 79 78.4 77.7 76.5 76.3 75.1 73.9 73.2 72.6 70.5 69 66.9 64.3 65.2 63.6 62.4 61.5 60.3 58.1 55.8 52.7 49.6 48.8 48.8 49.2 49 48.4 47.7 46.5 45.8 45.1 44.2 44.5 45.6 44.2 43.9 43.6 44 44.3 44.1 42.6 41.5 39.9 39 38.9 40.1 39.8 39 38.2 36.7 35.3 33.9 32.7 30.5 28.4 26.4 27.4 28 28.3 27.7 28.4 26.2 26 26.1 26.1
109 107.7 105.8 101.5 99.3 100.1 98.8 99.8 101.1 99.9 95.7 91.7 90.7 88.8 88.4 88.5 87.8 85.3 83.6 80.7 79.5 78.8 78.3 77.3 77 75.5 74.2 73.3 72.2 69.9 69.1 66.7 66.7 66.7 65 63.7 62.5 60.6 58.7 57.1 52.4 49.4 49.4 49.3 49.4 50.1 48.4 48.3 47.7 46.1 46 45.8 45.1 44.6 44.5 44.2 43.8 44.4 44.1 44.1 43.1 42.2 41 40.1 40.9 41.3 40.7 39.4 38.5 37.1 36.1 34.2 32.4 31.2 29.3 27.6 29.1 28.8 26.1 26.1 26.1 26.1 26.1 26.1 26.1
111.3 110.3 108.2 104.1 103.2 103.5 103.2 103.8 103.4 99.9 95.7 95.2 93.8 93.2 92.7 91 87.2 85.7 84.8 82.3 80.3 79.6 79.2 78.3 77.2 75.8 74.5 73.3 71.5 70.3 68.4 68.7 68.2 67.4 65.8 63.8 62.2 60.2 58.9 58.1 53.2 49.9 49.7 49.6 50 50.4 48.3 48.2 47.6 47.7 47.6 47.6 46.6 45.2 44.8 44.5 44.1 44.2 44.1 44.1 43.1 42.7 41.9 41.3 42.2 42.1 41.5 40.2 39.3 38.2 36.6 35 33.2 32.3 30.3 28.6 29.1 26.4 26 26.1 26.1 26.3 26.3 26.1 26.1
113.2 111.7 110.1 106.5 106.3 105.9 107.9 107.3 104.7 100.1 100.1 99.5 97.8 96 95.3 92.5 90.9 85.7 85.8 84 81.8 80.4 79.4 78.4 77.2 75.4 73 70.6 68.8 67.5 68 67.5 67.9 67.4 66.3 64.2 62.3 61.3 59.9 58.6 53.8 50.1 50.1 50.1 50.2 50.4 49.5 49.3 49.2 49.5 49.5 48.4 48.7 46.9 46.3 45.9 45.8 45.7 45.6 44.3 43 42.6 41.8 41.6 42.3 43 42.4 41.2 40.6 39.5 38.4 36.2 34.4 33.7 32.6 31 29.4 27.2 27 26.2 26.1 26.3 26.4 26.1 27.8
114.8 113.6 112 109.8 110.3 110 111.4 110.3 105.9 104.8 103.9 102.2 99.4 98.1 98.2 96.5 94.8 91.3 87.4 84.7 83 81.6 79.4 77.6 76.5 73.8 70.9 67 68.6 69.4 69.4 69.2 68.2 67.8 66.3 65.2 64 62.2 60.5 59.2 55.3 50.6 50.5 50.5 50.4 50.5 50.2 49.9 49.4 50.3 50.2 50.2 50.4 49.5 47.5 46.3 46.8 45.5 46.3 45 43.2 41.9 41.1 41.4 42.7 44.1 43 41.9 40.9 40.6 39.1 37.6 36.3 35.4 34.4 33.1 31.8 29.1 27.7 26.9 26.6 26.4 27.1 27.1 27.9
116.6 115.4 113.6 110.6 112.9 112.8 113 112 107.9 108.9 107.1 104.4 102.3 101.5 99.8 98.8 96.3 94.1 90.1 84.7 82.8 84 81.4 77.9 74.8 71 70.9 71.8 71.7 71.8 70.8 70.6 70 68.8 66.8 65.4 64.8 63.3 61.5 60 57.4 53.5 51.7 51.5 51.6 51.2 52.1 51.5 49.4 51.1 50.8 51.9 52.6 50.8 49.6 47.6 47.7 46.4 46.6 45.3 43.9 42.5 41.9 42.6 44.3 44.9 44.1 43 41.8 40.8 39.8 38.5 37.9 37.1 35.9 34.7 33.8 30.7 28.9 28.2 26.8 26.6 27.3 28.4 28.1
115.8 116.7 115.1 112.4 113.5 113.4 114.5 113.4 113.6 112.9 110.1 107.6 105.3 102.5 100.2 98.5 92.8 89.6 88.8 83.8 85.2 85.3 82.6 77.8 72.5 73.4 74.2 74.6 74 73.5 72.9 72.1 71.1 69.8 67.3 66.6 65.5 64.6 63.5 62.1 59.1 56.6 54.7 55 55.1 54.4 53.9 53.6 52.5 52.7 53.6 53.9 53.8 52.4 51.4 50.5 49.6 48.3 47.2 46.2 45.3 44.4 44.1 44 45.2 45.5 44.6 43.5 42.4 41.7 40.6 40.2 39.9 39.4 37.1 35.9 34.1 33.3 31.3 28.5 27.5 27.4 27 27.7 29.6
114.4 115.8 117.9 113.9 112.7 115.9 116.3 115.9 116.7 115.6 112.7 111.5 108 103.9 100.9 95.3 89.1 85.9 86 84.4 85.2 84 81.2 74.4 73.8 75.6 75.9 76.4 76 74.8 73.7 72.2 71.6 70.1 69.4 68.7 67.5 66.1 65 64.4 59.7 58.8 59.2 58.8 58 57.6 56.3 55.2 54.8 55.3 55.5 55.8 56 54.1 52.9 51.9 50.9 50.2 49.1 48.1 47.2 46.3 46.1 45.5 45.9 46 45.1 44 42.9 42 41.7 41.4 41.2 40.6 38.9 36.5 35.2 34.8 32.8 30.2 29 28.2 27.8 27.4 30.4
121 114.4 114.8 116.9 115.7 117.9 118.2 119.2 119.7 116.9 115.2 112.3 108.3 104.1 101.8 97.8 93.3 87 85 83.6 82.3 79.4 77.5 74.6 75.1 76.4 77.4 77.4 76.7 76.3 75.2 74.3 72.8 72.2 71.6 70.8 70 68.7 67.9 65.7 61.9 61.1 60.7 59.6 57.7 57.6 56.6 55.6 55.1 55.4 55.5 55.8 56.4 53.9 53 52.3 52.1 51.8 50.9 49.9 48.9 47.9 47.1 46.9 46.4 46.1 45.5 44.8 43.7 42.6 42.4 42.2 41.9 41.2 39.2 37.1 36.8 35.9 34.1 32.1 30.4 29.6 28.9 28.1 35.3
121.4 121.4 114.7 113.3 117.3 119.9 120.7 121.3 119.8 117.4 116.1 112.3 107.7 105 101.2 96.7 91.6 87.5 84.4 82 79.4 76.4 75.5 76.7 78 78.7 78.5 77.9 77.7 77.4 77.1 76.8 76.1 73.3 73.5 72.7 71.6 70.3 68.5 66.2 64.5 64 62.2 60.9 59.3 57.9 57 56.4 55.3 55 54.9 55.6 53.9 53.8 54 54.1 53.5 52.4 51.6 50.7 49.6 48.3 48 47.6 47 46.2 45.5 45.2 44.4 43.4 42.9 42.8 42.1 40.9 39.3 38 36.9 36.7 35 33.6 31.8 30.7 29.2 37.6 35
121.3 122.6 122 116 112.5 116.2 122.4 122.7 120.8 117.6 114.8 111.2 107.6 104.7 100.8 95 89.4 86.2 84.1 82.4 79.2 77.2 77.5 77.7 79.5 80.1 79.4 78.4 78.6 79.2 78.3 77.7 77 74.8 74.5 74.1 72.9 71.3 68.9 66.3 65.7 65.6 64.2 62.6 61 59.7 58.5 57.6 56.1 55.7 55.1 56.1 54.8 54.9 55.3 54.7 53.7 52.4 51.8 51 49.9 48.8 48.2 47.6 47 46.1 45.8 45.4 45.3 44.4 43.5 43.3 42.6 41.4 40 38.9 37.4 36.6 35.9 35.1 33.5 32.1 38.3 35.8 31.9
120.6 122.8 122.8 123.3 122.4 111.7 109.8 115.8 119.6 115.5 112.9 109.4 105.5 103 99.6 94.7 88.7 85.9 83.3 81 80.2 78 78.6 78.4 80.4 80.8 80.4 80.2 80.1 78.8 78.8 78.4 77.4 76 75.4 75.4 73.5 72 69.6 68.6 67.2 66.5 65.3 63.6 61.9 60.5 59.2 58 57 54.9 56.1 57.3 55.8 55.6 55.2 54.1 53.3 52.3 51.9 51.2 49.9 49 48 47.3 46.7 46.8 47.2 46.8 45.8 45 44.3 43.8 42.5 41.3 40.3 40 38.9 37.7 36.7 36.4 35.7 36 36.3 31.9 31.9
120.5 122.9 124 124.6 125.3 124.6 114.9 109.3 107.1 111.7 110.3 108.4 104.9 102.1 97.6 92.9 87.6 85 82.6 81.1 80.4 80.9 82 80 81.9 81.5 81.6 81.9 80.5 79.7 79.2 78.9 78.1 77.6 76.8 75.1 74.2 71.6 70.6 70.2 68.6 66.5 65.3 63.9 62.6 61.2 59.3 56.8 57.5 55.7 55.8 55.6 56.4 55.6 54.7 53.9 53.1 52.2 51.6 51.2 49.7 49.2 48.1 47.8 47.8 48 48.1 47.9 46.8 45.8 44.8 44.1 43 41.1 40.6 40.3 39.6 38.8 38 37.6 38.2 37.6 37.7 31.9 34.3
120.5 122.6 124 125.8 125.9 125.7 124.4 117.1 111 106.5 104.9 103.1 102.6 100.7 97.9 93.1 87.8 85.4 83.7 83.8 84.7 85.5 83.2 82.8 83.5 83.1 83 82.5 82.1 81.1 79.5 79.4 78.7 78.3 77.9 75.8 74.3 72.8 72.7 71.7 70.4 68.1 66.9 64.5 62.9 61.9 60.6 57.9 57.2 57.3 57.4 57.5 58 57.5 56.7 55.8 54.9 53.3 52.7 52.2 52.5 52 49.7 48.8 49.4 49.9 50.1 49.8 48.2 47 46 44.3 42.3 41.7 41.7 41.4 41 40.5 40.2 39.1 40.6 39 39.4 38.2 38.9
120.3 122.7 124.5 125.2 125.6 125.6 125.8 122.4 119.6 115.7 110.8 106.1 101.6 99.9 98.6 93.7 88.3 86 85.8 85.6 85.2 85.2 83.1 86.9 87.2 84.4 83.8 83.2 82.5 81.9 80.9 79.9 79.7 79.2 78.4 76.7 74.9 74 73.4 72.7 70.5 69.3 67.3 65.4 63.9 61.8 59.8 58.2 57.4 56.5 57 58 58.6 58.1 57.9 58 57.9 57.4 58.5 57.1 56.7 56.2 54.1 52.4 50.3 50.6 50.5 51 49.8 48.6 47 45.2 42.4 42.1 42.7 42.5 42.2 41.7 41.4 41.7 41 40.2 40.2 40.2 40
120.4 123 123.5 124.6 124.5 124.7 124 121.9 119.5 115.7 112.6 108.3 103.9 100 95.8 96.2 88.3 94.5 88.2 86.1 86.3 84 85 89 89.9 88.1 85.1 83.5 82.8 82.1 81.9 81.8 81.1 80 79 77.9 76 74.6 73.9 72.5 71.3 69.3 68.3 65.5 63.2 62.1 60.4 57.5 57.7 56.4 55.9 57.6 58.5 58.4 58.4 58.1 58.8 58.7 58.7 56.6 56.7 56.3 56.7 53.8 50.1 51.2 51.5 51.2 50.9 49.6 47.7 46.2 44.3 43.7 43.2 43.3 43.3 43.1 43 41.6 42 41.2 41 40.6 40.9
119.9 121.8 123.5 123.7 123.3 122.8 122.5 121.2 119 115.6 112 108.7 105.1 100.4 96.5 92.1 88.6 86.9 92.4 91.5 89.6 85.4 87.1 89.3 89 88.9 86.5 84.1 83.1 82.7 82.2 82.4 81.6 80.5 79.7 79.2 77.5 76.3 74.9 72.9 71.6 69.8 67.7 66 63.4 61.5 61.4 58.8 57.2 56.9 56.6 57.4 58 59 58.3 57.9 58.3 58.2 57.9 56.8 56.4 55.5 56.1 55 50.7 50.1 50.5 50.3 49.9 49.3 48.2 46.7 46.6 45 44.2 44 43.4 43.2 43.3 43.2 41.4 40 39.7 40.2 40.9
119.1 119.7 120.8 120.8 121.6 122.4 121.9 118.6 118.7 116.2 113 109.3 105.2 100.8 96.6 92.3 88.6 86.5 84.9 84.8 86.9 89 88.2 87.6 88.6 89 88.3 86.6 85.1 83.2 82.8 82.5 81.8 80.7 79.8 79.4 78.3 77.5 76.7 74.2 72 69.3 67.5 65.7 64.2 61.6 60.6 59.1 58.5 57 57.2 58.7 58.9 58.9 58.7 58.1 57.8 57 55.5 53.7 52.7 51.2 51.5 52.2 52.1 49.6 49.9 49.5 48.1 47.8 47.2 47 46.5 44.6 44.1 43.7 47.6 43.8 44.4 43.3 41.5 40.4 39.1 39.3 41
116.3 115.7 116.4 116.4 116.6 118.3 120.1 117.4 116.4 115.8 112.9 109.7 105.9 100.7 96.3 92.5 88.7 86.7 85.5 86.2 87.8 88.3 88.3 86.3 86.2 86.7 87.8 87.5 86.8 86.3 84.8 82.5 82 81.7 80.7 80 79.7 79 79.1 76.9 71 68.3 67.1 64.7 64.1 62.5 59.7 57.8 57 56.5 56.6 57.7 59.6 59.1 58.5 57.7 56.3 54.9 53.5 52.2 50.7 49.6 48.5 49.9 51.7 50.2 49.8 49.6 48.8 47.9 48.2 47.1 45.5 44.2 43.5 43.3 44.5 44.5 45.1 44.5 42.9 40.9 39.7 39.2 39.1
118.3 116.5 113.3 112.5 112.6 114.6 116.1 115.1 114 113.6 111.6 108.9 105.1 99.1 95.2 91.6 88.8 87.1 86.4 87.4 88.6 89.4 89.4 88.3 87.2 84.7 84.7 86 86.5 86.3 85.3 83.1 82.2 81.6 81.1 80.5 79.7 78.7 78 74.6 71 68.8 67.1 65 63.3 61.7 59.2 56.8 55.8 56.2 56.1 57.3 59.4 57.4 56.3 56.2 55.1 53.3 52.3 51.1 49.6 49.1 48.4 47.9 49.4 50.7 48.8 49.2 49 48.4 47.9 47.2 45.5 44.9 44.3 44.8 44.8 45.6 46.4 46.5 43.9 41.4 40.4 39.9 39.1
118.1 116.7 114.6 113.2 111.7 110.9 111.1 111.2 111.8 110.9 109.9 107.2 103.9 98.5 94.3 90.8 88.6 87.6 87.3 88.6 90.2 92.2 92.5 91 89 89 85.3 83.2 84.7 85 85.5 84.6 81.8 80.9 80.5 80.6 79.5 78.2 76.8 71.4 73.1 70.7 68.4 66.2 63.6 61.2 58.6 56.4 54.9 54.9 54.7 55.6 57 55.9 55.1 54.2 53.5 51.8 51.6 50.2 49.5 49 48.5 48 48.2 49.7 47.8 46.9 47.3 45.8 46 45.3 42.2 42.5 42.3 46.1 45.5 46.1 46.7 47 45.8 45.5 43.5 42.9 41.5
118.1 116.3 115.1 113.8 112.2 111.4 108.3 108.2 108.8 109.4 108.1 106.1 102.7 98.2 94 90.3 88.7 88.2 88.5 90.8 93.5 95.2 95.4 93.7 91.5 89.4 87.7 87 82.1 81.8 83.8 85.2 84.9 82 80.4 80.1 79.6 78.1 71.6 75.8 74.2 71.8 70.2 67.7 66.1 64.3 61.4 58.3 54.8 53.9 54.5 53.9 54.7 53.1 52.7 51.6 51 51.1 50.8 50.3 49.9 48.4 46.9 45.8 45.9 49.4 49.3 46.2 49 49 48 47.3 44.8 41.9 47.4 45.9 48.5 51.2 53.3 53.4 52 49.4 46.4 44.5 43.9
118.3 115.4 114.2 113.3 111.4 110.5 109 105.9 105.5 105.8 105.7 105.5 103.3 98.5 94.5 91.3 89.5 89.3 90.1 92.8 95.5 96.7 97.2 95.2 92.5 90.2 89 88.5 87.3 83.4 81 84 83.9 83.6 81 79.7 79.2 78 71.4 75.9 74.5 73.3 71.3 69.9 68.1 66.7 63.4 59.1 56.8 55.4 54.2 53.6 52.4 51 50.3 50.1 49 48.6 49.1 49.6 49.1 47.7 46.1 47.6 49.8 49.4 49.6 49.8 51.2 50.7 48.9 49.6 47.8 48 51 55.5 57.7 58.7 59.3 58.6 54.9 50.6 49.7 48.5 45.8
116.7 115 113.8 112.8 111.3 110.1 108.7 106.2 103.1 103.5 103 103.7 102.8 100.1 96.4 93.3 91.7 91 92.3 95.1 96.8 97.9 98.2 95.7 93.2 90.4 89.5 89.7 88.6 86.2 84.1 80.3 83.5 82.8 81 79.4 78.6 71.7 75.2 77.5 74.3 72 71.4 70 68.3 66.8 63.9 62.3 60.7 57.9 55.7 54.5 53.1 51.6 50.6 51.2 51 50.6 48.8 47.9 47.8 48.3 49.5 49.6 49.4 49.4 51.7 52.3 53.8 54.1 52.9 51.6 49.3 51.9 56.9 60.6 62.4 62.5 61.3 60.8 57.1 54.2 53.1 50.6 46.8
114.2 113.4 113.1 112.6 110.8 109 108.7 106.6 103.5 101.4 100.8 101 101.4 100.3 97.1 95 92.5 93.1 95.2 97.6 99.8 100.3 98.4 95.6 92.7 89.8 89.4 89.7 88.4 87.7 85.8 83.9 79.4 81.8 80.2 79.7 78.6 72 77.2 77.7 73.1 71 69.7 68.7 67.8 65.8 64.6 64.3 62.4 60.4 58.1 56.7 54.2 53.8 53 52.2 51.9 51.9 50.6 50 50 50.2 49.9 49.4 49.4 51.1 55 55.9 56.3 56.9 55.7 53.9 52.5 56.3 59.4 59.5 59.5 60 60 62 60.8 56.6 54.2 50.4 46.7
112.2 111.3 111.8 111.9 109.6 108.1 107.1 105.4 102.9 100.7 99.4 99 99.1 99 97.7 95.3 93.5 94.1 97.3 100.5 102.7 101.8 98.6 95.1 91.5 90.5 90.2 88.8 88.5 88.4 88.1 84.6 83.2 78.9 79.9 79.7 75.9 73.5 76.2 74.5 72.4 70.7 70.1 69.2 68.4 67.1 67 65.7 63.9 61.7 59.5 58.4 55.9 55.3 54.6 53.4 52.4 51 50.1 50.1 50.5 50.2 49.4 49.4 50.7 53.9 56.2 57.5 58.5 57.9 56.9 54.4 55.6 61.1 58.4 58.7 59.1 59.6 59.4 60.7 65 61.5 57.9 54 49.5
107.8 107.1 106.2 107.4 107.6 106.3 104.9 103.2 101.2 100 98.5 98.7 99.1 99.9 98.4 96.3 95.3 96.1 100.4 103.4 105.1 102.9 99 95.6 92.9 91.8 90.3 89.1 88.7 87.7 87.3 85.9 83.3 82.3 78.3 79 70.6 74.9 74.5 72.6 73.2 73.2 72 70.3 69.5 68.2 67.2 66.5 64.8 62.3 59.4 58 57.7 55.7 54.2 52 51.7 50.5 49.3 49.2 50.2 49.3 49.7 52.3 54.5 56.5 57.3 58.2 58.2 57 51.5 56.7 56.1 58.8 57.9 58.2 58.6 59.1 59.3 61.3 65.7 63.7 60.1 56.3 51.9
109.4 108.2 105.9 103.8 103 102.1 100.6 99.6 98.3 98.4 98.8 98.2 98.5 99.8 99.8 98 97.2 98.8 103.1 105.2 106.2 103.9 100.4 98.4 95.7 93.4 91.7 90.4 88.3 87.3 85.7 83.4 83.1 81.3 78.7 78.4 72.8 76.2 73.7 74.2 76.1 75.3 73.2 71.8 70.5 69.6 68.6 67.3 65.8 63.4 62.3 61.3 60.2 56.2 54.4 52 51.5 51.5 51.1 50.7 49.8 49.8 54.2 55.6 55.9 57.1 57.1 56.1 55.8 51.6 56.2 58.2 57.3 57.3 57.9 57.7 57.8 58.2 58.6 60.4 64.1 60.8 57.8 55.1 50.3
113.7 112 110.1 108.3 106.7 105.9 104.3 102.2 100.3 97.8 97.6 98.4 98.6 99.9 100.5 99.1 99.1 101 104.6 106 106.1 104.1 101.8 100.8 97.7 95.8 93.8 91 88.8 87.7 86 86.3 84.1 82 80.2 77.6 78.1 77.3 75.5 77 77.7 76.9 75.4 74 72.7 72.3 71.2 69.6 68.1 67 65.2 64.7 62.8 60.2 57.9 56.1 54.4 53 51.9 51.1 52.1 55.7 56.2 56.4 56.9 56 55.9 55 55.4 57.8 59.5 59.1 57.9 56.8 56.6 56.6 57.8 58.2 58.1 59 59.6 56.1 53.9 52 48.3
117.2 115 112.7 111.9 110 108.5 106.7 104.5 101.7 98.9 96.6 96.6 98.7 100 100.5 100.4 100.2 102.2 104.7 106 105.9 104 103.3 101.6 99.3 97.5 95.5 92.5 90.6 88.5 86.6 86.9 84.9 82.5 81.2 78.4 75.6 77.2 77.3 78.2 78.1 77.5 77.1 76.3 74.9 74.7 73 70.9 71 71.1 67.5 67.5 66.7 65.4 61.5 58.2 55.9 54.2 53.6 56.1 56.4 57 57.2 55.6 54.4 54.2 57.6 55.1 54.6 58.8 59.7 59.5 58.1 57.9 57.5 56.6 55.6 56.2 57.7 58.2 55.7 53.7 52.9 50.1 50
119.1 116.7 115.1 114.3 112.4 110.5 108.3 105.4 102.1 99.3 97 95.6 97.2 99.8 101.5 101.4 100.7 101.4 102.8 104.2 104.4 104.6 103.6 102.2 100.4 98.9 97 94.4 91.8 89.1 87.1 86.6 85.4 82.5 81.6 80.6 72.5 78.7 77 78.7 78.5 77.6 77.1 77.2 76.3 75.8 73.7 73.2 73.1 74.1 73.4 72.5 70.6 67.6 64.2 60.9 58 58.4 58.7 59 58 57.3 55.4 55.2 55.1 54.8 56.3 52.6 59.3 59.4 59.4 58.9 59 58.2 58 57 53.6 53.5 54.3 55.1 54.6 52.9 50.5 48.5 49.6
119.3 117.3 115.9 115 113.4 111.4 108.8 105.6 102.5 99.5 96.5 94.8 97.3 100.7 102.5 102 100.4 98.9 99.7 101 101.9 103.4 103.1 102.1 101.2 99.7 97.8 95.5 92.7 89.3 87.8 86.8 85.7 83.5 81.7 81.5 78.9 76.8 76.4 77 78.1 77.9 77.5 77.7 77.1 75.3 75.2 75.4 74.5 74.4 75.6 75 72.8 69.5 65.5 62 59.7 61.3 61.4 60.1 57.8 57 56.3 55.9 56.1 56.6 52.5 59.2 60.1 60.2 59.7 59.1 58.7 58.7 57.6 54.7 52.9 52.9 53 53.4 54.6 51.9 50.3 48.6 52.2
118.5 116.9 116.2 115.4 113.8 111.2 108.9 105.5 102 98.9 95.6 93.7 96.4 99.9 102.8 101.7 100.3 97 95.3 95.9 97.5 99.7 100.5 100.9 100.9 99.3 97.1 94.5 92.7 90.3 89.4 88.4 87.2 85.1 83 82 81.7 78.4 77.7 75.7 78.7 78.3 77.9 76.7 76.5 76.5 76.6 76.6 75.7 75.2 75.3 74.7 73.2 69.8 67.1 64 62.3 63.3 62.1 60.3 58.9 57.5 56.6 57.1 56.6 57.1 59.6 59.8 60.3 60.1 59.8 58.8 58.4 58 58.5 57.4 53.5 52.9 53.9 57.1 56.3 53.5 48.5 49.6 52
116.3 115.1 114.7 113.9 112.3 110.1 107.6 104 101.2 98.2 94.7 92.9 96.2 101 103.1 101.6 99.9 96.2 93.5 91.7 94.2 95.7 97 98.3 98.5 97.8 94.9 92.6 91.4 90.3 89.9 89.5 88.3 85.9 84.3 83.5 82.3 81.1 79.5 74.8 75.4 78.6 77.9 77.5 77.4 77.2 76.9 77.1 76.5 75 74.6 74.3 73 71.1 68.6 65.4 62.3 62.4 61.3 60.2 58.8 58.2 57.3 57.4 56.5 56.4 59.4 59.5 59.6 60.3 59 59.3 58.8 58.3 57.8 58.5 56.4 52.9 52.9 54.4 56.1 52.8 50.2 48.2 47.8
112.4 111.3 110.1 110.3 108.8 106.8 104.7 102.5 99.7 96.8 93.8 93.1 96.2 101.2 103.7 102 98.4 95.7 91.4 87.3 89 91.9 94.9 95.3 94.5 93.5 92.5 91.1 90.4 89.4 88.8 88.9 88.4 86.7 86.4 85.5 84.2 82.2 81.9 79.6 74.4 78.4 79.1 78 78.3 78.6 77.9 77.1 77.4 76.1 74.7 72.9 71.7 71.4 69.5 67.5 63.9 62.1 61.4 60.3 59.8 59.2 58.6 58.4 52.5 58.9 59.3 59.3 59.2 59.8 60 59.8 59.2 58.5 57.9 58.3 58.2 55 52.9 53.2 55.1 52.1 51.2 51.1 49.8
107.8 108 106.6 105.6 105.3 104.2 102.7 100.7 98.5 96.7 93.8 93.8 96.7 100.8 102.4 101.5 98.3 94.8 92.6 87.2 86.9 86.9 91.9 92 91.7 90.4 89.5 89 88.5 88.3 88.4 88.4 88.2 87.7 87.5 87.7 85.8 83.2 82.5 81.3 78.8 73.7 78.6 78.8 78.9 79.3 78.9 77.6 77.4 76.6 75.2 73.4 70.6 70.1 69.4 67.7 65.9 63.4 62.5 61 60.8 60.2 59.9 52.6 59.8 58.3 58.7 58.7 58.7 59.7 59.7 59.6 59 58.4 58.5 58.6 58.6 57.3 53.8 53.2 54.7 53.4 51.8 51.2 50.9
106.8 105.1 104.5 101.9 101.3 99.7 99.6 98.4 97.1 96.3 95.5 95.2 97 99.7 100.5 100.5 97.5 94.8 94.1 88.9 87.5 87.4 87.8 87.6 87.3 87.2 86.9 87 87.9 88 88.2 88.9 88.1 88 86.2 85.6 84.6 82.7 82.2 82.4 80.2 72.2 79.8 79 79.2 79.8 79.5 78.4 77.4 76.4 75 72.9 70.5 69.8 68.8 68.5 66.4 64.6 63.1 61.8 61.4 60.1 56.7 60.3 59.2 58.3 58.1 56 56.7 58.3 59.5 59.4 58.8 58.3 58.2 58.5 57.8 57.6 57.1 55.9 54.4 54 54.3 51.8 51.3
