app/static/ascii/SD54.asc
ncols 200
nrows 200
xllcorner 350000
yllcorner 440000
cellsize 50
[rows 140 to 174 of 200, columns 0 to 79 of 200]
16.1 16.1 16.3 16.5 16.6 16.8 16.8 16.7 16.6 16.9 17.2 17.5 17.9 18.2 18.5 18.9 19.3 20.4 21.3 21.6 23 23.4 23.9 29.3 25.3 26 26.6 27.6 27.9 28.4 29.1 29.5 30.1 30.8 31.5 32.3 33.2 34 34.4 35.9 38 41.3 44.7 48 51.3 54.1 57.4 61.6 64.3 67.4 68.2 68.6 70.9 73.7 75.7 78.1 81.3 84.3 86.9 90.2 93 95.9 98.1 101 104.6 108.3 111.6 113.5 114.3 115.3 115.7 117.1 117.3 117 115.8 114.6 113.8 113.3 113 112.7
16.7 16.7 16.8 17 16.8 16.7 16.6 16.3 16.6 16.9 17.2 17.6 17.9 18.2 18.6 18.9 19.2 20.1 23 21.6 21.8 22.2 23 28.7 24.5 25.1 25.8 26.5 26.7 27.9 28.4 28.9 29.6 30.4 31.1 31.8 32.6 32.9 33.2 34.7 37.6 41 44.3 47.5 50.3 52.9 55.6 60.4 63.7 67.4 68.5 68.1 70.3 71.6 74.1 76.7 78.5 80.6 83 88.1 91.1 94.3 97.4 100.8 104 107.7 111 113.9 115 115.2 115.2 116.6 117.1 117 116.1 114.8 113.4 112.8 112.4 112.1
17.9 17.6 17.7 17.2 16.9 17 16.9 16.6 16.5 16.9 17.2 17.5 17.9 18.2 18.6 18.9 19.3 19.8 20.8 21.2 21.3 22 22.6 22.8 23.7 24.4 25 25.8 25.7 27.3 27.7 28.5 29.2 29.9 30.7 31.5 32.1 32.1 32.2 33.7 36.8 39.9 43 46.5 49.4 51.8 54.2 58.7 63.1 66.6 68 67.1 67.4 69 72.6 75.4 77.6 81.4 84.6 88.1 91.6 94.1 97.2 100.5 103.5 107 110.4 113.5 115.4 115.6 115 115 115.7 115.8 115.5 114.2 112.9 112.5 111.5 111.5
18.8 18.6 18.3 18 17.6 17.4 17.1 16.8 16.6 16.8 17.2 17.5 17.8 18.2 18.5 18.9 19.3 19.9 20.4 20.9 22.1 23.1 24 28.1 23.2 23.7 24.4 25.3 25.4 26.6 27.3 28.1 28.8 29.6 30.4 31.1 31.6 31.8 31.7 31.8 35.4 38.5 42 45.6 48.4 50.8 53.3 57.1 63 65.6 65.1 62.5 66.9 69.1 71.8 74.6 77.7 80.7 83.6 87.1 90.6 93.9 97.2 100.3 103.1 106.5 109.9 113.4 116.7 117.7 116 114 114.2 114.3 114.3 113.7 112.4 112.1 111.8 110.3
18.8 18.9 18.5 18.6 18 17.6 17.3 17.1 16.8 16.8 17.1 17.5 17.8 18.2 18.6 19 19.4 20 20.4 21.1 22.8 23.7 25.4 27.7 24.2 23.4 23.9 25 26.4 26.2 27 27.8 28.5 29.3 30.1 30.7 31.2 31.5 31.2 32 34 37.4 41.1 44.7 47.4 49.9 52.5 55.1 61.4 62.7 59.6 65.2 66.6 68.3 71 73.9 77 80 82.6 85.7 89.2 92.5 96.8 100.1 102.6 106 109.2 112.7 116.4 118.4 117.6 115.3 112.4 112 112.4 113.2 111.9 111.6 111.4 111.2
18.7 19.2 19.5 19.4 18.8 18 17.6 17.3 17 16.8 17.1 17.5 17.9 18.2 18.6 19 19.5 20.3 20.3 20.7 23.6 24 25.2 27 25.6 26 25.3 25.6 25.8 26.2 26.7 27.5 28.3 29 29.8 30.3 30.7 31.2 31.4 32.2 33.6 36.7 40.2 43.8 46.5 48.8 51.2 53.5 57.2 57.1 63.5 65 66.4 67.8 70.2 73.1 76.2 79.3 81.9 84.5 87.8 91.1 94.9 98.3 101 104.5 108.2 111.9 115.6 118.3 118.5 115.7 112.8 110.2 110.5 111.7 111.4 111.2 111 110.7
18 19.1 19.6 19.8 19.5 18.7 17.9 17.6 17.3 16.9 16.8 17.2 17.7 18.1 18.6 19.2 20 20.7 20.4 21 24.4 24.3 24.9 26.5 26.5 27 26.7 25.6 25.6 26.3 26.7 27.2 28 28.8 29.3 29.8 30.3 30.8 31.9 33.1 34.7 36.3 38.9 41.7 44.4 46.9 49.5 51.2 53.6 59.3 62.8 64.6 66.1 67.5 69.4 72.4 75.5 78.6 81.2 83.8 86.3 89.1 92.4 95.7 98.7 101.8 106.2 110.2 114 117.1 117.2 115.5 112.7 109.1 106.8 109 111 110.6 110.5 110.6
17.1 18 18.5 18.5 18.4 18.3 18.1 17.8 17.6 17.2 16.9 17.3 17.7 18.2 18.9 19.7 20.5 20.8 20.3 21.2 24.7 24.1 25 26.8 27.1 27.5 27.1 26.6 25.4 26.1 26.6 27.1 27.7 28.4 28.9 29.5 30.2 30.8 31.6 32.7 34.8 36.9 38.7 40.5 43.4 47.3 50.3 51.9 54.7 57.5 61.9 64.1 65.7 67.2 68.6 71.6 74.7 77.8 80.2 82.4 84.6 87.2 89.9 93.2 96.2 99.4 104 108.2 111.4 114.4 114.2 113.4 112.2 109.4 103.6 103.8 108.6 110.2 110.4 110.5
17.7 17.8 17.8 18.4 18.5 18.4 18.3 18.4 18 17.6 17.3 17.4 17.9 18.7 19.4 20.2 20.6 20.6 20.6 20.9 25.7 24 25.4 26.6 27.5 28 27.6 27.2 25.5 25.7 26.6 27.1 27.5 28.2 28.8 29.5 30.2 30.9 31.5 32.4 34.9 37.1 38.9 41.4 45.2 48.4 50.9 52.7 55.6 58.4 61.1 63.7 65.3 66.8 68.3 70.6 73.5 76.3 78.5 80.7 82.9 85.4 88 90.8 94.2 97.8 101.8 105.5 108.4 110.8 110.4 109.2 108.3 107.5 103.5 103.3 106.1 107.4 108.8 109.2
18.9 18.4 18.1 18.6 18.5 18.4 18.4 18.5 18.8 18.4 18 17.7 18.4 19.2 20 20.3 20.9 21 20.6 20.5 25.7 23.7 25.4 26.6 27.9 28.4 28.2 27.8 26.4 26.1 27 27.1 27.5 28 28.9 29.6 30.3 30.9 31.6 32.2 35.4 37.4 39.5 43.1 46 48.8 51.4 53.8 56.5 59.1 61.5 63.4 65.2 66.6 67.6 69.1 72.1 74.6 76.8 79 81.3 83.4 85.9 88.7 91.8 95.2 99.2 102.8 105.7 106.6 105.4 104.2 103.6 103.2 102.4 101.7 103.4 104.9 106.4 107.2
19.3 19 18.6 18.6 18.6 18.6 18.6 18.6 19.3 19.3 18.8 18.7 19.1 19.8 20.4 21.3 21.4 21 20.8 20.5 25.7 23.3 25.6 26.7 27.9 28.8 28.7 28.3 28.4 27.5 27.5 27.6 27.8 27.9 28.6 29.5 30.3 31 31.7 32.3 34.9 37.5 40.4 43.3 46 48.7 51.3 53.2 55.7 58.3 59.3 61.6 64 66.1 66.8 67.7 70.6 72.9 75.1 77.6 80.2 81.8 83.7 86.6 88.9 91.1 94.3 98 99.5 101.4 100.1 99.2 99.3 100 99.4 99.2 101 102.4 103.9 104.9
19.4 19.3 18.8 18.8 18.7 18.7 18.7 18.7 19.4 20.1 19.7 19.7 20.2 20.9 21.6 21.8 21.9 21.5 20.9 20.4 24.7 23.1 26.1 26.6 27.8 29 29.2 29.3 29.2 29.3 29.1 28.9 28.7 28.5 28.5 29.4 30.2 30.9 31.6 32.9 35 37.7 40.4 42.8 45.4 48 50.6 52.2 53.1 55.3 56.6 58.9 61.1 64.1 65.9 66.8 69 71.2 73.8 76.5 78.9 80.4 81.9 83.4 84.5 86.4 88.7 90.9 93.4 94.8 94.2 93.9 94.5 95.5 95.6 96.5 98.5 100.1 101.5 102.3
19.6 19.7 18.9 18.9 18.9 18.8 18.8 18.8 19.5 20.2 20.5 20.9 21.5 22.1 22.6 22.9 22.6 22.3 21.5 20.7 22.9 22.6 25.8 25.7 27 28.6 28.9 28.7 28.7 29.5 29.5 29.2 29 28.8 28.6 29.3 30.1 30.8 32 33.7 35.5 37.5 39.8 42.2 44.6 47.2 49.7 51.2 52.1 53.1 54.6 55.9 58.3 61.5 64.1 65.5 67.5 70.1 72.7 75.4 77.6 79 80.5 81.9 83 84.2 86.3 87.6 88.5 89.1 88.5 88.5 88.9 90.3 91.6 93.9 96.1 97.6 99.2 99.6
19.6 19.7 19 19 19 19 19 18.9 19.6 20.5 21.4 22.2 22.6 23.1 23.4 23.8 23.7 22.8 21.9 21.1 20.8 22.4 25 24.7 26.3 28 28.2 28 28.7 29.5 30.2 29.8 29.4 29.1 28.9 29.3 30 31.1 32.8 33.8 34.6 36.6 39.2 41.6 43.9 46.5 48.8 50.2 51.1 52.2 53.5 54.2 56.2 59 62.2 64.1 66.7 69 71.6 74.2 76.2 77.7 79.2 80.4 81.5 82.5 84 84.3 84.2 84.5 85 84.9 85.6 87.6 90.4 91.6 93.5 95.2 96.9 97.6
19.2 19.5 19.4 19.2 19.2 19.2 19 18.8 19.5 20.4 21.3 22.5 23.4 23.8 24.1 23.9 23.3 22.6 22.2 21.6 21.2 22.5 24.8 24 25.7 27.4 27.6 28 28.8 29.5 30.3 30.5 30 29.6 29.2 29.2 30.2 31.3 32.1 32.9 33.7 35.6 38.2 40.8 43.3 45.8 47.8 49.2 50.3 51.4 52.4 54.2 56.8 59.2 61.5 63.2 65.8 68.2 70.6 73.1 74.9 76.4 78.1 79.3 80.5 81.6 82.3 82.4 82.6 82.2 82 81.8 84.1 87.1 89.9 91.1 92.4 93.6 95 95.4
18 18.8 19.6 19.4 19.4 18.8 18.7 18.7 19.2 20.1 21 22.2 23.1 24 23.9 23.5 22.9 22.8 22.9 21.7 21.5 23.1 24.6 23.7 25.1 26.8 27.2 28 28.8 29.6 30.4 31.1 30.7 30.3 29.9 29.5 29.8 30.4 31.2 31.9 32.7 34.5 37.2 39.8 42.4 44.7 46.6 48.2 49.3 50.3 52.1 54.9 57.3 59.8 61.8 63.5 65.2 67.5 69.8 72.3 74.2 76.1 77.8 79.2 80.4 81.2 81.6 81.4 81.4 79.7 75.2 80.2 83.8 86.7 89.5 90.8 92.2 92.4 92.9 93.3
17.5 17.2 17.7 18.7 18.7 18.5 18.5 18.6 18.9 19.8 20.9 21.8 22.7 23.5 23.7 23.2 23.1 23.1 23.3 22.4 22.1 22.3 24.2 23.4 24.9 26.3 27.2 28 28.8 29.6 30.4 31.2 31.4 31 30.7 30.5 30.1 30.4 31 31.6 32.4 33.5 36.1 38.7 40.8 42.9 45 46.8 48 49.5 52.7 55.7 58.2 60.6 62 63.7 65.4 67.2 69.7 72.2 74.1 75.8 77.5 79.1 80 80.7 80.9 80.6 79.7 77.1 75.3 80.8 83.7 86.5 88.9 90.1 90.7 90.2 90.7 91.1
16.5 16.4 16.5 16.8 17.8 18.4 18.4 18.5 18.6 19.5 20.5 21.4 22.3 23.1 23.5 23.4 23.3 23.7 23.7 23.3 23.1 22.9 23.8 23.6 24.8 25.9 26.6 27.5 28.5 29.4 30.4 31.2 32 31.8 31.9 31.4 30.9 30.7 31.2 32 32.8 32.7 35.2 37 39.1 41.2 43.3 45.4 46.6 47.5 52.8 56 60 61.3 62.2 63.9 65.6 67.5 69.7 72.1 74.2 75.6 77 78.2 79.2 80.2 79.9 79.2 77.7 75.1 77.2 80.6 83.3 85.8 87.3 88.3 88.1 87.7 88.1 88.9
16 16.3 16.8 17.2 17.9 17.8 18.1 18.4 18.4 19.2 20.1 21 21.8 22.6 22.9 23.1 23.5 24.2 22.3 23.2 23.5 25.2 23.5 23.6 24.5 25.5 26.2 26.8 27.8 28.7 29.7 30.7 32 33.2 32.9 32.4 32.1 31.6 31.2 31.8 32.4 33.1 34.2 36.3 38.1 39.9 41.8 43.7 45 48.3 52.9 57.1 60.9 61.9 62.7 64.1 65.8 67.8 70 72.1 74.3 75.5 76.2 77.3 77.9 78 78.2 76.8 75.1 73 76.6 80.4 82.9 84.9 85.7 85.3 85.4 85.2 85.3 86.6
16.4 16.8 17.2 17.8 18 18 17.6 17.9 18.3 18.8 19.7 20.5 21.4 21.8 22 21.6 23.3 23.2 24 23.9 23.4 25.2 24.8 24.3 25 25.4 25.9 26.4 27.1 28.1 29.4 30.7 32 33.4 34.8 34.3 34 33.5 33.1 32.9 32.6 32.4 33 35.6 37.4 39.3 41.2 43.5 46.5 50.3 54.7 58 60.8 62.2 63.3 64.2 65.9 68.1 70.2 72.4 73.9 75.3 75.6 75.3 75.5 75.6 74.9 73.4 71.5 73.5 76.7 79.8 81.9 83.2 83.6 82.2 81.9 82.2 82.5 82.7
17.3 18.1 18.9 18.8 18.8 19 18.4 18.1 18.5 18.9 19.5 20.2 20.6 20.8 20.9 22.7 24.3 25 24.9 25.1 25.1 25.1 24.7 25.1 25.2 25.4 25.9 26.4 26.9 27.8 29.1 30.4 31.8 33.2 34.7 36.2 36.2 35.6 35.2 34.9 34.7 34.5 34.3 35.1 36.9 38.8 41.5 44.6 47.9 51.9 56 59 60.9 62.3 63.5 64.7 66.2 68.4 69.8 71.1 72.1 73.9 73.5 73 72.7 72.5 70.7 69.2 68.4 74 77.2 79 80.7 81.2 80.7 79.4 76.1 74.4 72.7 71
18.9 19.9 20.4 20.8 20.5 19.8 19 18.4 18.7 18.9 19.6 19.8 19.9 20.4 21.3 22.6 24.1 25 25.2 25.7 25.7 25.6 24.9 26.1 26.1 26 25.9 26.3 26.7 27.6 28.8 30.1 31.6 33.1 34.5 35.8 37.4 37.8 37.3 37 36.8 36.9 36.6 36.7 36.5 39.5 42.6 45.7 49.4 53.3 57 59.8 61.3 62.3 63.5 64.8 65.8 67 68.4 69.4 70.4 71.4 71 70.6 69.4 68.2 65.9 65 66.9 72.8 76.3 78 79.2 79.3 76.9 63.8 59.1 58.7 58.3 59.1
20.8 21.4 21.5 20.5 20.6 20.4 19.6 18.7 18.9 18.9 19 19.2 19.7 20.5 21.5 22.6 23.9 25.5 27.2 26.4 26.4 26.4 25.7 26.6 26.7 26.6 26.5 26.4 26.6 27.3 28.6 30 31.4 32.7 34.1 35.4 36.8 38.4 39.4 39.2 39.3 39.3 38.8 38.9 38.4 39.5 42.3 45.6 49.5 53 56.3 59.4 61.4 62.2 63.4 64.4 65.3 66.3 66.6 67.6 68.6 68.5 68.9 68.1 66.2 64.3 61.3 62.3 66.5 71.3 74.2 76.4 77.7 76.9 62.6 57 56.5 56.8 57.5 58.6
22.8 23.4 23.5 22 21.2 20.3 19.3 18.4 17.8 17.4 17.6 18.8 18.9 19.7 20.6 21.9 23.5 25.2 26.1 26.7 27.1 26.7 26.3 26.3 27.3 27.2 27.1 27.1 27 27.2 28.3 29.7 31 32.3 33.7 35 36.3 38.3 39.7 41.2 41.7 41.7 41.3 41.2 40.2 40.1 42.1 46 49.8 53 55.9 59.2 60.6 62.1 62.9 63.8 64.8 64.9 64.9 65.7 65.6 65.1 66 65.5 63.9 62.3 59.8 60.7 66.3 70.6 72.8 75 75.2 68.2 55.1 56.9 55.9 58.2 58.9 62.2
24.5 24.5 23.9 21.8 20.8 19.9 19 18 17.4 16.9 17.1 17.4 19 19 19.9 21.4 23 24.6 25.8 26.7 27 26.9 26.7 26.1 30.8 28.3 28.1 27.8 27.4 27.5 28 29.3 30.6 31.9 33.2 34.6 35.9 37.6 39.2 40.8 42.4 43 43.3 42.8 42.5 41.4 43.1 47.3 51.1 53.8 56.3 58.2 58.6 60.5 62.9 63 63.5 63.5 63.5 63.1 62.2 61.7 62.9 63.5 61.9 60.2 58.3 61.3 66 69.7 71.8 73.6 73.9 60.4 55.1 55.8 60.5 75.3 75.5 80.3
24.2 24.4 24.1 21.6 20.4 19.4 18.5 17.6 17.1 16.9 17.5 18.1 18.9 19 20.5 20.8 22.5 24.1 25.4 26.4 27 28.6 26.8 25.3 29 28.6 28.3 27.9 27.6 27.7 28.1 28.9 30.2 31.5 32.8 34.1 35.5 36.8 38.4 39.9 41.5 42.7 43.4 43.2 41.6 41.8 44.9 47.5 51.7 54.5 57 57.7 57.6 58 60.8 61.8 62.2 62.2 61.9 61.5 59 58.7 60.9 62.6 61.3 59 56.4 61.9 65.1 67.9 70.5 70.4 58.1 54.3 54.5 61.5 62.6 74.7 76.8 78.7
22.4 22.8 23.2 21.7 20.3 19 18.2 17.4 16.9 17.5 18 18.6 19.2 19.7 19.4 20.3 21.9 23.5 25.1 26.1 26.8 26.8 24.8 25.7 28.8 28.5 28.1 27.9 28 28.1 28.5 29.1 29.7 31 32.4 33.7 35 36.2 37.5 39 40.6 41.9 43 42.3 40.7 41.8 44.3 50.5 53.3 55.2 55.6 55.6 55.9 56.7 58.6 59.7 60.8 60.4 60.1 59.7 57.4 55.5 60.4 61.1 61 56.3 57.5 62.6 64.3 65.2 63.4 53.8 53.3 52.3 51.8 71.4 73.5 74.6 76.6 78.5
20.6 21.1 20.9 20.7 19.3 18.6 17.9 17.1 17.5 17.9 18.4 18.9 19.4 19.9 20.3 20.8 23.8 24.1 24.6 25.5 26.1 26.6 24.7 25.7 28.6 28.3 28.3 28.4 28.4 28.4 28.9 29.5 30.2 30.9 31.9 33.2 34.5 35.8 36.9 38.1 39.7 41 42.4 42.1 41.5 43.1 46.9 51 51.7 53.3 53.8 54.1 54.8 55.4 56 56.8 58.9 58.6 58.2 57.8 56.3 52.1 59.4 61.6 59.3 52.9 55.2 56.7 55.3 54.3 51.6 52.8 56.1 65.4 71.2 73.3 74.7 75.9 77.1 78.4
18.9 18.9 18.9 19.2 18.8 18 17.3 16.9 17.2 17.8 18.3 18.9 19.4 19.9 20.8 21.1 20.8 22.9 24.1 24.7 25.3 25.9 25.6 25.7 28.3 28.7 28.7 28.8 28.8 28.8 29.3 30 30.7 31.4 32.1 32.7 34 35.4 36.5 37.5 38.8 40 40.9 42.2 40.8 42.3 46 48.2 50.4 51.9 52 52.3 52.3 52.9 53.2 54.9 57.1 57.6 54.1 47.2 45.5 47.4 48.2 50.4 50.2 51.9 52.1 53.2 52.3 47.5 53 65.1 66.7 69.3 72.1 74 75.7 77.1 78.3 79.2
17.4 17.7 17.9 18.6 18.2 17.5 16.9 16.8 17 17.5 18 18.6 19.1 19.6 20.3 21.2 20.6 22.2 23.4 24.1 24.8 25.4 26 26 27.6 28.1 28.5 28.9 29.2 29.3 29.8 30.5 31.2 31.9 32.5 33.2 33.9 34.9 36 37 37.7 38.6 39.4 41.2 42.2 42.9 41.4 43 46.4 48.4 48.5 49 50.2 50.5 50.8 52.4 54.7 52 45.1 45.3 45.4 47 48 50 48.9 50.5 50.9 50.4 49.9 47 61.4 65.5 67.9 70.3 72.6 74.4 76.2 77.9 79.5 80.1
15.8 16.5 17.3 18 17.7 17.1 16.6 16.7 16.9 17.2 17.7 18.3 18.8 19.2 20 20.9 21.3 21.9 23.2 23.4 24 24.6 25.2 27 26.7 27.4 27.9 28.4 29 29.3 30.1 30.8 31.5 32.2 32.8 33.5 34.2 34.9 35.3 35.9 36.7 37.4 37.6 38.5 39.3 41.6 43 47.7 46.9 46 46.5 48.5 49.6 49.5 48.5 48.8 47.7 42.5 43.8 45.4 45.5 46.5 47.6 48.1 48.6 46.3 48.1 50 54.8 61.1 62.7 65.3 67.7 70.1 72.3 74.2 76.1 77.9 79.7 80.4
14.2 15.4 16.4 17.4 17.2 16.7 16.5 16.7 16.8 17 17.4 18 18.4 19 19.8 20.6 21.4 21.7 23 23.1 23.4 23.9 24.5 26.1 26.5 27.5 28.3 28.6 28.9 29.2 29.9 30.7 31.5 32.2 32.9 33.6 34.3 34.8 35.2 35.6 35.6 35.4 36.4 37.2 38 39.1 40.9 44.5 45.2 44.9 45.8 45.1 47.3 47.3 41.1 41.6 41.8 42.9 42 41.4 45.7 45.9 46.5 47 47.8 43.7 50.1 52.5 56.9 61.1 63.2 64.9 67.5 69.9 72.1 74 75.9 77.8 79.6 80.9
14.8 14.9 16.3 16.5 16.9 16.3 16.4 16.6 16.7 16.9 17.1 17.6 17.9 18.7 19.5 20.2 20.9 23.7 22.1 22.5 23.4 24.3 25.3 25.9 26.7 28 28.2 28.4 28.7 29 29.8 30.5 31.3 32.1 32.8 33.6 34.3 34.6 34.8 34.9 34.4 33.9 34.7 35.7 38 38.7 44.4 46.3 44.8 45.4 47.7 43.6 39.1 38.6 40 41.3 41.8 42.8 37.2 41.3 41.6 40.5 46.2 46.8 47.4 50.6 52.7 54.5 58.9 61.1 63.2 65.3 67.3 69.7 71.8 73.7 75.6 77.6 79.5 80.6
14.2 14.1 14.3 15.3 15.8 16.1 16.3 16.5 16.7 16.8 17 17.1 17.6 18.3 19 20.2 20.8 21.1 21.5 22.4 23.4 24.3 25 25.4 27.1 28 28 28.2 28.5 28.9 29.6 30.4 31.2 31.9 32.7 33.5 34 34 34.1 34.3 33.3 32.6 33.6 34.6 36.9 41.9 46.9 49.7 48.7 48.8 47.1 37.6 37.6 32.5 32.8 34.6 36.1 37.2 40.7 42.9 43.8 41.1 45.7 46.7 49.5 51.9 54.8 56.8 58.9 61.1 63.2 65.3 67.4 69.6 71.6 73.4 75.3 77.1 78.9 79.9
14.1 14 14.4 15.9 16.6 17.3 16.9 16.5 16.7 16.8 16.7 17 18 19.2 19.8 20.2 20.6 21.2 21.8 22.4 22.9 23.5 24.1 24.7 26.7 26.5 27.5 28 28.3 28.7 29.5 30.2 31 31.9 32.7 33.5 33.6 33.5 33.4 33.3 32.6 32.4 33.4 34.3 35.5 42.1 47.8 52.6 52.8 38.2 35.4 33.8 38.2 39.4 39.3 39.7 41.3 40.8 41 43.6 45.9 44.5 48.1 48.9 51.4 53.2 55 56.8 58.8 61 63.1 65.2 67.3 69.3 71 72.8 74.7 76.5 78.3 79.4
