app/static/ascii/SD55.asc
ncols 200
nrows 200
xllcorner 350000
yllcorner 450000
cellsize 50
[rows 140 to 174 of 200, columns 0 to 78 of 200]
43.6 44.7 45 46.1 49.4 52.7 57.2 60.7 63.2 63.2 62.2 61.8 62.6 62.8 63 63.3 65.8 68.2 69.2 69.2 73.3 77.1 78.9 79.8 81.4 83.1 84.3 84.7 83.9 84.3 86.7 89 89.3 88.5 75 61.7 57.4 59.7 61.4 62.9 64.8 76.2 83.1 86 86.9 88.2 89.4 91.3 93.5 95.7 96.8 96.6 96.5 96.9 97.3 98.1 99.5 101.4 103.8 108 113 119.5 127 132.6 134.8 134.5 134.7 138.6 142.5 146.4 148 148.3 148.1 147.9 147.8 147.7 147.6 146.2 141.2
45.7 45.4 46.8 48 50.7 52.8 57 60 61.1 62 60.9 61.6 62.6 63 62.3 61.6 63.1 66.2 67.7 67.6 71.6 75.5 77.5 78.7 79.9 81.4 82.6 83.8 81.9 81.9 84.1 86.4 86.9 82 69.4 59.1 59.7 57.7 61.5 61.9 62.8 73 81.4 85.4 86.1 86.7 87.7 89.6 92 94.6 95.8 95.7 95.5 95.4 96.3 97.4 99.5 101.7 103.9 107.5 112.1 118.1 124.3 129.2 132.2 132.7 133.9 137.6 141.5 145.6 146.9 147.3 147.1 146.5 146.7 146.6 146.5 146.1 140.4
45.5 46.3 48 49.7 51.8 54 56.7 58.3 59.8 61.1 60.2 61.4 62.6 63.1 64 62 60.7 63.3 66.2 64.6 70.1 73.7 76.2 77.5 78.8 80.4 82.1 82.8 81.9 81.2 82.2 84.8 84.3 73.3 60.3 59 59.5 59.4 57.9 61.6 62.4 71 80.2 84.6 85.5 86.1 86.5 88.5 91.3 93.5 94.8 94.7 94.5 94.2 95.1 96.7 99.1 101.5 103.6 106.9 111.1 115.9 121.7 126.1 129.2 132.1 133.2 136.7 140.6 145 146.5 146.7 145 144 144.5 144.9 145 144.4 139.2
45.2 46.8 48.6 50.7 52 53.5 55.9 57.4 58.7 60 59.7 61.1 62.4 63.3 62.9 61.1 60.6 61.6 62.3 62 68.1 72.5 75.1 76.4 78 79.5 80.7 80.9 80.7 80.2 80.6 82 80 70.7 58.8 59.3 59.1 58.6 58.3 60.3 61.5 69.7 79.1 82.6 84.3 84.9 85.3 87.5 91.5 93 94 93.7 93.4 93.1 93.9 96.2 98.6 101.1 103.4 106.8 109.8 113.9 118.4 123.1 126.7 129.6 132.3 135.8 139.9 144.4 145.5 142.7 140.7 139.6 138.9 140 142.6 141.6 134.5
44.6 47.6 49.8 50.6 51.7 52.6 55.2 57.1 58.4 59.1 58.4 58.6 59.1 60.7 61.3 61 60.5 60.8 61.4 61.6 66 70.9 74 75.6 76.8 78 79.2 79.8 79.8 79.4 79 79.7 79.4 75 59.9 59.1 58.3 57.8 57.6 59.3 60.6 69.2 78.6 81.2 81.6 82.3 83.1 86.8 90.9 91.4 92.3 92.9 92.2 91.8 93.3 95.6 97.9 100.3 102.6 105.4 108.3 111.6 116 120.4 124 127.6 130.8 134.2 138.9 143.3 142 138.7 136.1 135.5 132.2 130.8 135.6 134.4 132.5
42.9 49.1 50.7 50.5 51.1 51.9 54.3 56.8 57.8 58 58.2 56.9 56.4 57 58.7 60 60.4 60.1 60.8 60.8 65.5 70 73.2 74.3 75.3 76.5 77.6 78.7 78.9 78.1 76.7 77.4 76.9 74.8 62.1 58.6 55.4 57.2 57.6 59.1 60.1 71 77.3 78.2 78.9 79.3 81.1 85.8 88.6 89.5 90.4 88.5 88.5 91.9 93.3 95 96.6 99 101.3 103.9 106.8 109.7 113.6 117.5 121.2 124.9 129 132.9 137 140.3 138.3 134.9 131.8 130.6 125.1 125.9 126.9 131.5 140.8
42.5 48 49.7 50 50.5 51.4 53.2 55.9 56.7 56.7 56.9 57.3 56.3 56.2 56.6 57.8 59.3 59.9 60 60.5 65 69.4 72.4 73.7 74.8 75.8 76.8 77.4 77.4 75.9 74.4 74.7 74.5 72.3 63 55.6 57 57 57 58.2 60.2 69.7 74.4 74.8 75.5 77.6 79 82.2 84.4 85.4 84.7 88.8 91.6 92.4 93.1 94.9 96.6 98.2 100 102.4 105.3 108.2 111.1 114.7 118.3 122 126 130 133.9 135.7 133.5 131.1 128 121.7 123.5 133 138.9 140.5 142.7
44.1 48.4 48.1 49.1 49.9 51.3 52.2 54.8 56.4 56.2 56.4 56.8 56.5 56.2 56 55.9 56.8 58.6 58.7 59.4 64.3 68.7 71.3 73.1 74.3 75 75.4 75.9 74.9 73.3 72.3 71.7 71.2 68 56.4 57.1 57.4 57.1 56.7 57.3 58.9 67 69.8 69.8 72.3 74.1 76.7 80.2 84.1 84.9 88.6 90.4 92.2 93.5 93.5 94.3 96 97.8 99.5 101.3 103.8 106.6 109.5 112.5 115.5 119.1 123 126.9 129.5 129.9 128.3 126.7 123.3 121.3 129.6 137.9 140.1 141.9 143.9
45.5 47.9 48.1 48.9 50 51.7 52.6 54.1 56.2 56.5 56.9 57.1 56.9 56.8 56.4 55.9 56.1 57.5 58 58 63 67.9 70.1 72 73 73.5 74 74.1 72.4 70.8 69.3 68.5 67.2 63.4 54.9 56.7 57.2 57.6 57.3 56.6 58.4 65.7 68.6 72.3 74.2 77 80.4 82.9 85.5 87 88.5 90 91.9 93.6 94.3 94.6 95.4 97.2 98.9 100.5 102.6 105 107.9 110.8 113.9 116.9 119.6 121.8 123.9 124.7 123.4 122.3 121.1 119.8 133.4 139 140.7 141.9 144.5
45.4 47.2 49.1 49.8 51 52.2 52.5 54.2 56.1 56.6 57 57.8 57.1 56.6 56.2 55.8 55.7 56.9 57.3 57.4 62 66.7 68.9 70.8 72.2 72 72.5 71.6 69.9 68.3 66.4 64.2 62.4 60 56.6 55.6 56.8 57.2 57.6 57.2 57.7 65.1 71.6 73.7 76.7 79.6 81.7 83.9 85.7 86.9 88.1 89.7 91.5 93.3 94.1 94.8 95.4 96.5 98.1 99.8 101.8 104 106.3 109.2 112.2 114.3 115.3 117.6 118.8 119.2 118.9 119 120.1 127.2 135 138.7 140.1 141.9 144.8
44.7 46.7 48.7 50.8 51.7 52.6 52.9 54.9 56.4 57.2 58.1 58.8 58.3 57 56.1 55.7 55.2 56.5 55.5 56.8 61.3 65.2 67.9 69.7 71.3 71.3 70.7 68.6 66.6 64.6 62.6 60.5 58.8 56.9 56.1 54.3 56.9 56 55.8 56.4 56.7 63.5 71.9 75.1 77.9 80.2 82.2 84.2 85.5 86.7 88 89.3 91.1 92.8 93.9 94.5 95 95.7 97.4 99 101 103.2 105.4 107.5 109.1 110.3 111.1 111.4 113.7 116 117.9 121.9 125.5 131.5 136.1 138.3 140.1 142.1 145
45.2 46.8 49.6 50.6 52 53 53.7 55.7 57.3 58.4 59.2 59.9 59.8 58.6 57.2 55.9 55.1 55 54.8 56.1 59.7 63.4 66.6 68.3 69.9 70.1 68.5 66 63.9 61.6 59.3 53.4 54.5 55.6 55.5 55.9 53.6 54.7 55 55.5 60.7 69.7 73.4 75.9 78.3 80.7 82.3 83.7 85.1 86.3 87.6 89 90.7 92.2 93.2 93.8 94.4 94.9 96.5 98.2 100 101.2 102.4 104.1 106.5 109.9 112.4 115 117.4 120.3 122.8 126.3 129.3 132.6 136.5 138.5 140 142.4 145.2
46.8 47 49.7 50.5 51.4 53 54.9 56.9 58.2 59.5 60.4 61 61 60.2 58.9 58.3 57.1 54.6 54.6 55 58.6 62.1 65.1 66.8 68.4 67.9 65.3 61.2 60.2 58 49.7 49.7 49.7 52.4 54.9 55.3 54.9 53.6 54.6 55 65.4 70 73.2 76 78.2 80.1 81.8 83.2 84.6 85.8 87.1 88.6 90.1 90.5 92.1 92.9 93.7 95.3 96.8 97.4 98.1 101.6 104.9 107.8 109.6 111.7 114.5 117.3 119.9 122 124.2 126.9 129.9 132.4 136.9 140 141.1 141.5 145.3
47.8 47.5 49.1 50.1 51 52.3 55.5 58 59.3 60 60.8 61.3 61.3 61.6 61 60.4 59.2 57.3 53.9 54.1 57.3 60.7 63.5 65.3 66.4 65.3 62.8 58.6 54.3 49.9 49.7 49.7 49.7 49.7 51.1 53 54.7 55 51 55.2 66 69.5 72.9 75.6 77.4 79.3 80.9 82.7 84.1 85.3 86.8 88.2 89.5 89 90.1 92.6 94.1 95.7 97.3 99.5 102.2 104.8 107.3 109.4 111.1 113.3 116.1 118.8 121.4 123.1 125.3 127.5 130.3 132.8 136 138.6 141 139.6 142.4
46 48.7 49.8 50.9 51.5 52.5 55.3 58.4 59.4 60.2 60.9 61.5 61.5 61.9 61.9 60.8 59.7 58.6 57.5 54.7 53.3 58.8 61.8 63.3 64 62.8 60.1 56.4 48.2 50 49.7 49.7 49.7 49.7 49.7 49.7 55.4 54.5 50.3 55.5 65.2 69.4 72.4 74.8 76.6 78.5 80 81.9 83.6 85 86.5 87.8 87.1 88.3 91.4 92.1 94 95.6 97.5 100.4 103.1 105.5 108 110.4 112.5 114.9 117.6 120.3 122.9 124.4 126.4 128.1 130.8 132.9 134.4 136.7 138.5 138.4 143.9
48.8 50 49.6 51.5 51.7 53.4 55.7 58.4 59.4 60.1 60.8 61.6 62.5 62.1 62.3 61.9 61.4 60.9 60.1 56.9 52.7 55 59.6 61.1 61.6 60 57.5 49.7 48.2 48.2 48.2 49.7 49.7 49.7 49.7 49.7 53.9 52.5 52.8 63.3 66.1 69 71.4 73.9 76.1 77.7 79.1 81 81.2 83.7 84.8 84.2 87 89.8 91.4 92.7 93.9 95.8 98.2 101.3 103.8 106.2 108.6 111 113.5 116.4 119.1 121.8 124.3 125.9 127.5 128.5 128.9 131.4 133.6 135.6 137.9 141.4 145.1
50 50.6 50.9 52.3 53.7 54 55.6 57.7 58.5 59.5 60.4 61.6 63.3 63.8 65.2 64.8 64.3 63.8 62.3 60.6 56.1 51 56.5 59.4 59.3 57.3 52.7 48.2 48.2 48.2 48.2 49.7 49.7 49.7 50 50.8 49.9 53.8 53.9 62.1 64.6 67.5 70.4 72.9 75.4 77 78.3 78.6 78.2 79.8 84.8 85.5 88.1 89.9 91.2 92.4 93.6 96 99.2 102 104.4 106.8 109.2 111.6 114.2 118 120.9 123.4 125.6 126.7 126.2 128.1 131.1 133.8 136 137.8 139.6 142.5 145.6
51.9 51.5 52 51.8 55.6 55.1 56.7 57.4 58.3 59.2 60.2 61.6 63.3 64.9 66.6 67.6 67.2 66.4 64.5 62.3 60.7 54.2 52.9 57.2 56.7 55 52.5 50.5 48.4 49.5 49 50.4 50.1 50.7 51.4 51.8 52.2 52.5 53.7 60.3 62.6 65.6 69.2 71.8 74.4 75.5 76.7 75.7 80.9 84 87.1 86.7 88.8 89.9 90.8 91.9 93 95 98.6 102.4 105 107.4 109.8 112.2 115.1 118.9 122.2 124.6 125.6 124.3 126.1 130.5 133 134.6 136.9 138.6 140.2 142.9 145.8
51.9 52.2 52.6 52.8 52.8 56.9 56.9 57.2 57.9 59 60 61.6 62.9 65 67.6 69.7 70 68.1 65.8 63.8 62.3 56.9 50.7 54.2 54.1 51.8 49.6 49.9 48.1 49.2 50.5 50.2 50 49.2 51.7 51 51 51 53 58.3 61.4 63.8 67.3 70.8 72.9 73.5 72.9 77.3 80.6 83.9 86.6 87.9 88.7 89.7 90.6 90.8 92.5 94.3 97.4 101.8 104.7 107.7 110.3 112.7 115.4 120.1 121.4 121.5 120.5 122 126 131 132.8 134.2 136.3 139.2 140.9 143.3 145.8
52.4 53.3 53.8 54.1 53.5 54.3 57 57 57.6 58.6 59.6 60.9 62.6 64.8 67.3 69 70.9 69.5 66.3 64 61 56.1 50.7 51.7 51.7 50.1 42.8 47.9 47.7 49.2 50.5 49.9 49.9 49.9 51 51 51 51 51.6 57.3 59.3 61.5 65.2 66.6 69.2 70.3 74.5 77.1 80.4 83.7 86.2 87.3 88.6 89.5 90.4 90.6 90.7 94.2 97.1 100.6 103.7 106.7 109.7 113.5 115.6 117.3 118.6 112.3 119.3 121 121.6 127.1 131.4 133.7 135.6 138.4 141.3 143.6 145.6
54 54.2 54.4 54.5 55.5 53.1 55.9 57 57.1 58.1 59.1 60.3 62.5 64.6 66.6 68 69.1 68.4 66.4 62.7 58.8 54.2 49.4 50.3 49 47.7 42.8 46.8 48.1 47.7 50.2 49.9 49.9 49.9 51 51 51 51 52.5 54.4 59.9 65.5 68.6 69.6 71.5 73.2 75.7 78.1 80.4 83.4 85.6 86.9 88.2 89.5 90.4 90.6 90 92.7 94.3 98.7 101.8 104.3 109.8 114.8 110.9 104.7 110 116 123.6 126.6 128.1 127.8 125.6 132.3 135 137.6 140.8 143.1 145.2
54.1 53.2 53.9 54.7 55.7 56.3 53.1 55.9 56.9 57.3 58.3 59 61 63 64.8 66.2 67 66.1 64.5 60.6 55.4 50.2 50.3 47.3 44.2 42.8 42.8 47 50.1 46.1 47.3 49.9 49.9 49.9 50.8 51 51 51.6 52.6 52.7 61.1 65.2 68.4 70 71.8 73.4 75.7 79.1 81.3 83 84.5 86.5 87.8 89.1 90.2 88.9 88.4 91 91.7 96.7 99.5 101.6 105.5 109.9 101.7 114.3 113.3 122 125.3 128 130.7 132 132.4 133.3 133.1 135.5 139.8 140.7 144.8
53.2 52.3 52.7 54 55.9 56.7 56.1 52.7 54 56.5 57.5 58 59.1 61.3 63.1 64.3 64.3 63.5 61.3 57.5 51.9 48.8 47.7 47 42.8 42.8 42.8 43.4 49.3 47.9 46.3 48.8 49.9 49.9 49.9 51 52.2 52.1 53.1 54.9 60.9 63.7 67.5 68.9 69.9 72.4 76 79.9 80.7 81.7 83.2 85.2 87.1 88.6 89.4 86.1 86 86.9 90.4 89 91.8 96.5 98.8 100.2 110.1 117.6 114 123.8 126.8 129.4 132 134.2 135.5 137.9 139.5 141.6 144.3 144.6 148.6
54 52.5 52 53.5 55.2 56.9 56.8 53.9 52 53.4 56.7 57 57.3 59.5 61 61.9 61.3 60.4 56.9 52.6 49.5 47.9 47 45.2 43 42.8 42.9 43 48.1 47.3 47.2 47 49.9 49.9 52 53.1 53.9 51.9 53.2 55.4 57.4 57.4 59.4 60.9 61.4 71 73 76.9 77.6 80.1 81.9 84 86 87.9 86.8 84.3 85.7 88 92 94.5 94.8 97.9 101.2 109.4 113.8 119.5 122.5 120 127.2 130.3 133.1 135.8 137.7 140.6 142.1 145.1 148.2 150.3 152.2
54.3 52.2 50.9 52.2 53.7 53.9 53.7 55.6 52.2 50.9 55.8 55.2 55.8 58.1 58.6 58.8 56.8 56.1 53 49.5 47.8 46.9 45.7 43.7 43 43 43 43 43.2 46.4 46.7 46.2 47.3 50.5 52.7 53.3 52.3 51.7 53.4 58.2 59.5 60.7 60.5 64 65.6 62.5 65.6 67.5 67.8 73 79.5 83 85.7 83.6 81.5 83.3 87.4 88.9 92.9 96.3 100.7 105.3 110.4 114.8 118.3 122.1 124.8 125.9 126 124.9 127.7 130.9 135.6 141 143.5 146.5 149.9 153.8 155.7
53 51.4 50.2 50.7 51.6 51.4 51.2 51.2 55.9 50.3 50.5 57.9 54.6 55.1 55.4 55.5 54 51.7 49.5 47.6 47.3 46.8 45.9 43.3 43 43 43 43 43.2 43.2 46.3 46.3 45.4 50.7 51.3 52.1 52.9 52.6 53.5 59.3 61.8 63.2 65.6 67.7 69.2 70.7 73.3 75.9 74.2 70.4 76.4 81.7 83.2 79.4 79.9 86.2 89.1 90.9 93.7 98.7 103.6 107.5 111.5 118.6 122.5 125.4 127.2 127.8 128.7 130.7 133.6 136 138.1 137 143.8 148.1 151.8 155.7 159.2
51.4 50.5 49.5 49.1 49.3 49.8 50.3 50.7 51.1 54.3 50.1 50.8 52.1 52 52.1 52.2 51.5 49.2 47.8 47.5 46 45.9 45.9 43 43 43 43 43 43.2 43.2 44.9 45.4 44.8 49.6 50.5 51.5 52.9 52.9 56.5 60.1 62 63.6 66.6 69.1 71.6 73.7 79.2 79.2 80 72.5 74.2 76.4 75.5 78.1 80.3 83.6 88.2 91.5 94.6 99.2 103.9 108.2 112.2 118.2 124.1 127 128 128.3 129.2 130.6 132.8 135.8 139.5 144.2 145.1 149.7 153.7 157.7 161.5
51 49.8 49 48.9 49.7 49.8 49.9 50.3 50.7 53.5 51.3 49.3 49.7 49.4 49.3 49.3 48.7 46.5 47.1 47.4 45.3 44.3 44.5 43.2 46.1 44.6 43 43 43.2 44.4 44.7 44 48.5 49.9 50.4 50.9 53.4 52.5 58.8 60.1 61.4 64.3 67.6 70.5 73 76 80.7 80.7 81 80.5 72.8 76.2 75.8 79.2 82.4 83.5 84.7 88.5 93.8 98.5 103.1 107.3 111.3 117.4 122.9 126.7 127.4 127.9 129.1 130.7 133.2 136.2 142.3 147.2 148.3 148 155.1 159.6 163.6
50.3 49 48.9 48.9 49.8 50.7 50.8 50.9 51.6 50 49.7 49.4 48.3 46.7 46.4 46.4 46.3 46.2 46.1 46.8 45.4 43.5 43.2 43.2 43.2 43.2 43.2 43.1 44.2 46.1 44.4 46.5 47.8 50.6 51.5 52.7 53 50.6 58.2 59.5 61 64 68.1 71.8 75.2 79.7 80.7 81.7 82.3 81.9 83 81.4 81.6 84.2 87.1 89.2 90.2 90.5 92.9 97.8 102.3 106.4 110.4 116.8 121.8 125.3 125.5 127.4 129.6 131.2 134.7 138.7 144.5 149.7 152.9 149.8 151.3 159.1 164.5
49.8 50.4 48.9 48.9 49.8 50.8 51.7 51.7 51.5 51.2 50.8 51.1 48.3 47.1 46.6 45.4 45 45.1 45.2 44.9 44.5 43.3 43.2 43.2 43.2 43.2 43.2 43.2 43.8 44.3 46.3 47.4 49.2 51.2 51.8 52.3 52.9 51.2 52 58.7 61.2 64.4 67.8 71.3 73.9 77.5 81 83.3 84.2 86.1 87 87 86.7 88.6 90 92.5 94 94.3 95.4 93.1 98.8 104.4 107.7 111.5 121.2 121.3 126.1 128.4 130.9 133.5 136.9 141.4 146.9 152.4 155.3 152.9 157.9 160.7 164.5
49 49 49.4 48.9 49.8 51.3 53 53.2 52.9 52.4 51.8 52.1 51.7 46.7 45.1 44.2 43.9 43.4 43.8 43.5 43 43.2 43.2 43.2 43.2 43.2 43.2 43.2 44.9 43.6 46.4 46.5 48.9 50.7 51.4 51.9 48.8 53.1 53.9 58 61.4 65 68.5 71 73.3 76.1 79.8 83.7 87.5 90.5 90 89 89.4 89.6 90.5 93.6 96.4 96.9 97.3 98.6 102.9 103.9 109.9 116 122 124.3 126.2 129.1 132.5 135.9 139.9 144.6 150.2 155.5 158.4 157.8 162.4 165.6 168.2
49 49 49 48.9 50.7 52.5 54.2 54.9 53.7 52.7 52.6 52.9 52.5 47.4 45.7 40.9 41.4 41.7 42.5 42.1 42 43.1 43.2 43.2 43.2 43.2 43.2 44.9 38.3 46.3 46.3 46.3 48.5 50.2 50.7 48.8 54.9 58.3 56.2 58.9 62.3 65.5 68.5 71.2 74.1 77 79.7 83.5 88.1 91.1 90.7 90.1 90.1 90.6 90.9 95.9 98.6 99.6 99.8 102.1 105.8 110.6 114.6 117 119.7 124.8 128.3 133 136.4 140 143.7 147.9 153.6 158.8 162 163.8 166.7 169.8 173.2
48.8 49.1 49 48.9 51 53.2 55.3 56.3 54.9 53.5 53.3 53.6 53.2 51.6 45.6 40.2 41.4 41.7 41.8 42.2 42.5 42.2 43.2 43.2 43.2 43.2 43.2 38.8 44.5 46.3 46.5 46.4 46.3 48.4 49.6 53.5 61.3 60.6 58.3 60.4 62.8 66.1 69.7 72.2 74.9 77.8 80.4 83.4 87.9 90.3 90.9 90.8 90.3 90.7 92.3 97.9 101.2 102.5 103.2 104.9 109.5 114 118.5 120.6 120.4 126.9 132.2 136.9 140.3 144 148.7 153.5 157.8 162.1 166.3 168.7 171.6 175.1 178.8
47.7 49 49.4 50 51.9 54.2 56.1 57.4 56.5 54.5 54.4 53.5 53.1 50.3 45.3 41 41.5 41.6 41.8 42 41.9 40 39.7 40.3 41.1 42.3 40.8 38.6 42.1 45.1 46.6 51.3 53.6 52.2 50.8 60.1 64.5 61.8 60.5 61.5 65 67.9 71.2 75.3 77.1 78.7 81.1 83.1 85.6 87.8 88.4 89 90 91.1 94.2 99 102.5 103.4 104.6 107.8 112.4 117.1 121.8 124 125.7 130.7 136 140.7 144.6 149.4 154.2 159 163.8 167.4 170.9 173.9 176.8 180.5 184.4
48.8 50.9 51.5 52.5 53.5 55.3 57.3 58.8 57.6 55.2 54 52.8 51.8 39.2 40.6 44.3 41.4 41.6 41.3 41.3 38.2 41.2 38.9 38.2 38.2 38.2 40.8 40.3 42.4 43.4 47.1 54.1 53.4 55.7 62.2 65 65.1 63.8 63.4 63 67.4 70.2 73.1 76.9 78.9 79.1 79.7 81.8 84 86.1 87.3 88.2 89.2 89.9 95.1 100 103.9 104.5 106.7 110.2 114.8 119.7 125.4 128.8 132.2 134.2 140.4 145.2 150.1 154.9 159.7 164.5 169.3 173.6 177.1 180.1 183.2 186.6 190.2
