app/static/ascii/SD56.asc
ncols 200
nrows 200
xllcorner 350000
yllcorner 460000
cellsize 50
[rows 37 to 73 of 200, columns 82 to 163 of 200]
138.6 136.4 135.7 135.7 137.7 140.2 142.4 142.8 139.9 135.8 132.2 132.2 127 120 115 113.6 113.3 112 112.1 106.4 109.5 118.3 126.5 128.2 124.1 119.6 115.4 112.1 110.8 108.8 106 101.5 96.4 89.5 78.9 74.5 67.5 65.6 62.9 55.1 46 35.5 36.1 32.9 25.9 20.9 16.5 16.5 16.9 19.5 20 20 19.8 19.9 20.1 20.4 18 18.1 20.4 20.4 19.4 20 20.5 19.4 19.7 20 20.1 20.5 20.9 21.3 20.4 21.7 21.7 21.8 21.8 21.9 22 21.9 21.7 23 23.2 23.6
140.9 138.2 138.2 139.4 141.5 143.7 144.5 142.2 138.2 133.6 130.9 129.5 123.7 117.8 117.4 118.7 119.9 118.4 114.4 106.1 108.7 115.8 122.4 126.5 123.4 119 114.7 111.8 110.4 108.1 105.9 102.1 96 89.5 80 75.3 67.7 66.7 64 56.6 47.4 36.6 31.5 26.6 21.4 18.4 16.5 16.5 16.5 17.6 18.6 19.5 20.2 19.7 19.9 17.9 18.1 20.6 20.4 20.2 19.7 20.2 20.7 19.4 20.2 20.5 19.9 20.7 21.1 21.1 21.3 21.9 21.9 21.9 21.9 21.9 22.8 22.6 22.2 22.5 22.9 23.6
144.7 143.9 144 143 144 145.6 145.9 142.4 138.3 133.9 126.8 127 122.5 118.3 123.6 126.3 125.9 122.5 116.9 108.7 106.9 112.9 119.2 125.3 122 117.7 113.3 110.7 109 107.1 104.4 100.2 94.9 89.7 81.5 74 67.9 66.8 63.4 54.7 44.3 30.3 22 19.3 18.8 18.9 17.8 17.1 16.5 17.4 18.3 19.3 20.2 19.4 19.5 18.4 20.9 20.4 20.4 20 20.2 19.8 19.4 19.4 19.4 19.4 19.6 20.5 21.2 20.1 20.5 22.1 22.3 22.3 22.2 22 22.7 23 22.7 23 23.3 25.9
148.6 149.6 149.3 147.8 145.8 147.7 147.9 143.6 139.3 134.2 129 124.5 119.3 124.8 129 133.2 129.2 123.2 117.6 110.1 107.3 111.8 119 124.3 119.8 115.4 111 109.2 107.4 105.4 102.3 98 93 89.6 82 73.3 68.2 65.7 60.9 48.4 36.9 19.7 18 19.1 19.2 19 18.6 17.7 17.4 17.8 18.8 19.6 20.2 18.7 17.8 20.8 20.6 20.3 19.6 19.7 19.9 19.8 19.7 19.5 19.4 19.5 19.5 19.8 20.2 20.4 21.8 22.7 23.1 23.1 23.2 23.1 22.5 22.7 25.2 25.1 25.9 34.3
151.9 152.8 152.8 151.5 150 150.5 150.1 146.1 139.7 132.8 127.9 123.3 121.1 126.2 131.2 135.7 128.8 122.5 116.4 111.8 108.2 114.1 122.4 122.8 118 113.2 109.4 107.5 105.6 103 100.1 95.9 91.2 86.7 80.6 73.8 67.6 64.1 57.3 44.7 31.1 16.7 18.1 18.2 19 19 18.9 18.8 18.5 18.2 19.2 20.2 18.8 17.8 19.4 20.4 20.3 20.2 19.7 20.6 20 19.9 19.7 19.6 19.5 19.8 19.6 20 20.4 20.8 22.6 23.4 23.9 24.2 24.5 25.5 24.9 25.4 26.8 26.7 32.6 33.7
153 155.1 155.6 154.9 154.1 152.4 151.9 146.3 140.9 134.4 131.1 126 123.1 126.5 129.7 134 128 121.8 114.6 110.3 112.7 119 123.6 121.3 116.4 111.5 107.9 105.8 103.3 99.9 97.1 94.1 89 83.9 77.1 72.8 66.9 59.8 52.3 42.8 28.3 16.8 16.7 16.5 16.5 19.3 19.3 19.1 19.5 19.2 19.4 20.5 17.7 17.8 20.3 20.1 20.1 20.1 20.8 20.7 20.4 20 19.8 19.7 19.5 20 19.8 20.2 20.6 21.7 24 24.3 24.5 24.8 25.1 25.1 25.4 29 29 31.9 33.4 33.9
151.8 155.5 157 155.4 153.7 152.2 150.3 146.5 143.4 140.1 135.1 129.5 124.4 125.4 127.7 127.6 124.4 118.4 116.3 115.3 117 121 122.3 119.3 114.6 109.7 106.7 103.8 100.6 97.2 95 91.1 86.7 80.7 72.2 70 62.3 53.5 45.8 37.3 22.6 16.9 16.7 16.5 16.5 19.7 19.7 19.5 19.4 19.5 20 19.7 18.3 20.4 20 20 20 19.9 19.8 20.3 20.3 20.3 20.1 19.7 19.6 19.8 20.1 21.2 22.3 24.4 24.6 24.8 25.1 25.3 26 25.7 26.7 28.4 32.7 32.4 33.2 33.7
152.2 156.1 156.8 155 153.4 151.8 149.6 147.5 146.8 142.2 135.8 130.1 125.4 123.2 123.5 121.5 118.8 121.2 122.4 117.5 117.5 119.8 119.6 117.3 112.7 107.9 104.5 101.3 98.3 95.2 91.9 88.2 83.8 78.1 71.4 62.2 56.6 44.7 39.4 29.7 16.5 17.6 17.2 18.8 19.6 19.4 19.7 19.9 19.8 19.7 19.8 17.1 20 20 19.9 19.9 19.7 19.6 19.5 19.6 19.8 19.8 19.8 19.8 19.7 20.7 22 23.3 24.6 24.9 25.1 25.3 25.5 26.3 27.7 27.5 27.8 28.9 32.5 32.8 32.6 32
152.5 156.2 155.6 154 152.1 149.8 149.1 149.6 147.3 140.3 135.1 130.3 125.8 121.9 118.6 116.4 120.1 122.9 121.6 116.6 116 117.2 117.5 115.6 110.4 106.2 102.8 99.1 95.4 92.2 89 85 79.6 73.6 67 57.5 45.7 38 31.9 19.1 17.7 18.4 18.7 19.2 19.5 19.2 19.4 19.6 19.8 19.2 17.1 16.8 20 19.8 19.7 19.6 19.5 19.4 19.3 19.1 19.3 19.3 19.3 19.3 19.7 22.2 23 23.5 24.5 25.7 25.1 25.2 25.3 27.5 29.3 29.9 33.1 31.4 33.3 34.1 32.8 33.3
152.4 154.8 153.7 151.7 148.9 148.3 147.8 148 144.4 138.8 134.7 130.2 126.5 121.8 118.3 114.8 118.4 120.6 118.9 113.7 112.7 114.1 115 112.9 107.7 104.1 100.7 96.8 91.9 89.3 85.9 81.1 76 68.6 62.3 52.2 39.2 31.1 24.8 16.7 16.5 16.9 18 18.7 18.8 18.9 19 18.8 18.1 16.9 16.7 19.6 19.6 19.5 19.4 19.3 19.2 19.1 19 18.9 18.7 18.8 18.8 19.6 19.8 22.4 22.8 23.4 23.9 24.7 25.5 25.7 28.9 30.8 31.1 33.3 33.4 33.2 35.2 35.9 35.4 35.9
152.4 152.7 151.6 148.9 146.8 145.9 145.3 144.2 140.8 137.4 133.9 131.6 128.4 123.2 119.3 113.4 114.2 116.2 114 108.5 109.2 110.2 111.8 108.2 103.9 102.4 98.2 94.3 88.6 85.1 81.1 76.1 69.6 63.4 53.6 44.4 32.2 24.2 16.7 17.3 18.8 19.1 17.1 16.9 16.7 17.2 17.3 17.1 17.4 19.7 19.7 18.9 19.3 19.3 19.2 19.1 19 18.9 18.8 18.6 18.5 18.3 18.3 19.6 20.5 22.6 23 23.5 24 24.8 25.6 28.6 32.7 33.5 34.5 34.7 35.1 36.1 38.3 39 38.3 38.6
150.5 150.9 148.1 145.7 145.1 144.1 143.1 140.8 139.5 139.7 137.6 134.1 129.9 124.3 120.4 115.9 111.7 112 109.4 103.5 104 106.2 105.5 102.1 99.1 97.7 98.1 93.6 86.8 78.8 75.2 70.7 65.4 57.3 47.5 36.4 20.7 16.7 17.6 19.2 19.1 19 19 19.3 19.4 19.6 19.6 19.2 19.2 19.3 18.8 18.6 18.9 19 18.9 18.8 18.7 18.6 18.5 18.4 18.2 18.1 19.1 19.2 19.7 22.7 23.2 23.7 24.3 25.1 27.9 30 32.2 34.6 37.4 36.9 35.9 38.8 41.5 41.9 43.8 43.7
149.4 148.9 145.3 144.5 144 142.6 140.7 138.9 141.7 141.4 139.3 135.1 130.2 125 121.3 116.2 110.3 103.5 103.3 97.6 98.7 100.4 97.7 95.5 95.4 97.7 98.6 92.2 84.8 76.4 67.3 63.9 57.5 50.4 39.4 24.4 17.8 16.8 18.4 19 18.4 18.3 18.3 18.9 19 19.1 19.1 18.5 18.4 18.7 18.1 18.3 18.6 18.8 18.7 18.6 18.5 18.4 18.2 18.1 18 18.3 18.8 19.8 19.6 19.7 22.2 23.9 24.7 25.3 30.4 30.7 32.6 36.5 37.5 36.7 38 41.6 45.8 48.3 50 49.2
148.6 148.6 145.2 143.7 144 142.3 140.6 140.6 142.4 142.4 140.6 136.7 131.1 125.9 120.6 113.5 106.9 101.1 95.8 93.2 93.9 93.4 90.9 89.3 92.6 97.2 92.7 86 78.7 72.1 63.4 53.4 50.3 41.6 25.2 17.8 16.7 18 18.5 18.6 17.6 17.5 17.6 18.5 18.6 18.6 18.6 18 17.5 18.2 17.8 18 18.3 18.5 18.4 18.3 18.2 18.1 18.3 18.8 18.9 19 19.3 19.3 19.6 19.9 20.3 21.3 23.9 27.3 29.4 29 30.8 33.6 34.8 36.1 38.9 43.6 49.6 53.6 52.9 50
148.3 148.9 145.7 143.6 143.9 143.3 142.5 142 143.2 143.5 141 136.5 130.7 123.5 116.5 108.7 102.8 97.8 92.5 86.4 87.9 86.1 84.7 83.8 90.3 94.1 87 79.6 73.9 66.1 58 49.1 35.5 25.9 17.4 17.8 16.4 19 18.7 18.4 17.4 16.7 17.1 18.1 18.1 18.1 18.2 18 16.7 17.6 17.6 17.8 18 18.2 18.1 18.3 18.7 19.1 19.4 19.7 19.7 19.7 18.8 19 19.4 19.9 20.3 21 21.7 23.9 25.9 25.6 28.6 29.1 31.7 35.3 39.9 45.7 51.9 52.9 49.5 51.8
149.2 149.4 146.8 143.9 142.2 143.3 142.6 142.2 142.4 143.4 140.4 135.2 127.8 119.1 111.7 104.5 98.6 93.7 88.9 84.9 82.5 80.2 74.9 81 86.4 86.6 80 74.6 68.3 60 52.8 45.7 28.7 17.3 17.6 16.5 16.5 19 18.7 18.4 17.8 17.7 16.6 17.5 17.7 17.7 17.7 17.7 16.1 17.1 17.5 17.8 18.2 18.4 18.5 18.8 19.1 19.4 19.7 19.7 19.8 19.9 19.3 18.7 18.9 19.8 20.4 21.2 23 23.7 27.3 27.8 28.3 28.2 29.8 34.8 40.4 47.1 48.3 46.2 49.1 55.2
149.9 149.3 147 144.2 141.6 141.3 140.7 140.5 141.7 141.5 138.3 132.9 123.8 115.6 107.6 99.6 93.6 89.3 85.7 81.8 75.7 76.3 68.8 75.8 78.3 79 72.6 66.9 62.3 55.1 46.6 30.5 18.5 18 17.7 16.5 19 19 18.6 18.2 17.7 17.6 17 17.8 16.8 17.1 17.4 17.7 17.9 17.9 18.3 18.7 19.1 19 19 19.2 19.4 19.7 19.9 19.8 19.9 19.8 19.1 18.7 19.1 20.7 22.3 22.5 25.2 29 32.6 32.2 31.7 32.1 33.9 36.8 38.2 43.1 42.9 43.1 49.1 53.9
152.2 151 147.7 144.6 141.9 139.8 139 139 138.6 138.2 135.4 128.4 120.2 111.6 103.4 95.5 87.5 84.8 81 78.1 76.6 67.5 62.9 68.2 68.9 69.9 65.3 59.2 54.5 46.5 31.9 19.5 17.2 17.7 16.3 18.2 18.7 18.9 18.5 18 17.5 18 16.9 17.5 17.4 17.6 17.9 18.3 18.5 18.7 18.9 19.4 19.7 19.6 19.6 19.7 19.8 20 19.9 19.9 20.1 21 20.5 21.9 23.5 25 26.7 25.4 31.6 36.3 38.5 40 40.2 41.7 42.9 45.2 46 46.9 46.6 45.9 47.6 50.8
154.2 152.8 149.4 145.5 141.9 141.9 139.3 137.1 135.2 134.8 131.6 124.6 116.5 108.1 99 90.7 84.8 78.2 76 75.1 73.6 68.7 58 59.6 57.9 58.5 57.9 51.1 44.9 33.9 22.7 16.5 17.7 16.5 18.8 19 19.1 19.2 18.3 17.8 17.3 18.5 17.2 17.3 18.7 18.2 18.4 19 19.2 19.3 19.8 20.1 20.5 20.9 21 20.7 20.5 20.5 20.3 20.9 21.6 23 25.9 27.7 28.4 26.3 28.4 32.1 37.5 41.5 43.3 44.2 45.7 47.8 48.9 51.2 52.8 52.3 53 54.3 57.1 58.7
154.8 152.3 148.9 145.9 144.5 142.8 139.8 136.4 132.4 130.3 128.8 120.8 112.9 102.4 91.9 87.1 80.7 75.1 74.1 71.2 67.4 61.6 51.4 49.7 50.1 49.5 48.3 43.7 35.2 21.8 15.4 15.7 15.4 18.8 19 19 19 19.1 18.4 18.2 17.3 18.4 17.2 17.8 18.6 19.3 19.1 19.6 19.4 19.7 19.6 19.8 19.4 20.5 21.3 21.5 21.6 21.8 22.4 22.9 24 25.2 29.8 33.6 28 28.4 31.3 38.4 42.5 46 47.9 49.4 51.8 54.3 56.2 58.8 58.8 58.3 59.5 61.3 61.5 59.6
153.6 150.5 147.6 146.7 145.2 143.5 140.7 136.8 132.2 128.6 124.9 118 108.2 97.7 88.6 81.8 74.8 68.6 69.1 66 60.8 54.7 45.1 39.3 42.3 40.9 39.5 34.3 23.7 14.7 14.9 15.3 18.1 18.8 18.8 18.8 18.8 18.8 18.8 18.6 18.1 17.9 17.8 17.8 18.2 19 19.1 19.5 19.3 19.3 19.3 19.2 19.2 19.7 20.2 20.5 20.8 21.1 21.2 23.3 23.5 24.2 24.7 25.7 27 27.5 35.5 42.9 47.3 50 53.2 55.5 57.9 60.2 61.8 63.3 63.6 62.9 61.1 60.7 59 58.7
151.4 148.6 147 145.9 145.4 144.2 141.3 136.4 131.4 129.6 126.3 114.2 100 92.8 83 77.9 70.6 63.7 61.8 58.4 52.5 43.5 36.9 27.1 30.8 28 25 20.9 15.1 15.2 15.5 17.5 17 18.4 18.6 18.6 18.5 18.5 18.5 18.3 18.3 18.5 18.3 18.4 18.7 19 19.5 19 19 18.9 18.9 18.8 18.8 18.8 19.3 19.8 20.2 21 22 22.9 22.6 23 24.3 26.1 26.1 31 39.5 46.5 50 51.2 54.2 57.1 59.5 61.2 62.8 64.9 60.1 55.9 51.9 53.4 55.5 55.2
149.2 148.6 146.4 145 144.6 144.1 141.7 135.6 130.3 127.5 124.1 115.1 103.4 92.1 75.8 77.4 66.5 59 49.3 48.8 43.2 33 25.9 22.8 20.6 18.9 19.1 15.4 15.9 17.4 18.2 17.8 17.3 17.2 18.3 18.3 18.3 18.3 18.2 18 17.9 18.2 19 19 19 19 18.7 19 18.9 18.9 18.9 19 19 19.1 18.9 19.1 19.6 20.9 21 22.2 22.3 22.6 24.2 26 26.7 30.6 38.2 41.6 45 47.7 49.3 53.2 54.6 57.3 59 58.5 50.6 50.4 58.3 61.6 64 64.8
148.6 148 146.2 143.9 143.8 142.5 137 131.2 125.7 122.6 120.8 113.9 102.5 92 81.8 65.8 58.4 53.5 45.2 35.9 31.7 24.3 20.6 19.7 19 18.5 15.3 15.9 16.6 17.6 17.4 17.9 17.6 17.1 17.5 18 18 18 17.9 17.7 17.6 17.9 18.8 18.9 19 19.1 19.8 19.2 19.2 19.3 19.3 19.3 19.4 19.6 19.2 19.2 20.4 21.1 20.5 20.9 21.8 22.3 24.5 26.6 28.6 30.3 35.3 36.4 35.6 37.3 38.7 40.1 42.6 47.9 49 45.8 50.3 61.4 65 68.5 69.7 70.6
147.6 148.3 144.6 142.3 143 139.4 133.3 127.9 122.8 110 114.5 107.2 97.7 86.7 77.4 58.3 50.6 46.1 42.4 29 20.9 19.3 18.3 18.1 18.3 15 15.2 15.9 17.7 17.7 17.6 17.5 17.6 17.4 17 17.7 17.7 17.7 17.6 17.4 17.7 17.8 18.5 18.7 18.8 18.9 20.9 19.7 19.6 19.6 19.6 19.7 19.8 20 19.6 20.7 20.5 20.2 20.8 22.2 23.3 25.4 27.2 31.9 33 29.9 31.5 32.3 37.7 39.4 40.4 43.6 43.2 45.3 47.4 53.3 63 66.2 70.4 74.1 75.4 76.4
148.3 146.8 142.4 140.5 141.1 135.6 130 124.6 118.9 107.7 103.8 98.8 87.9 76.7 62.8 48.8 35.4 35.8 30.5 20.6 18.4 18.2 18.1 17.9 17.7 15.5 16 17.9 17.9 17.8 17.7 17.6 17.6 17.4 17.3 16.8 17.4 17.4 17.3 17.4 17.7 17.8 18.2 18.5 18.5 18.7 20.5 20.4 19.9 20 20.1 20.1 20.2 20.4 20.5 20.2 20.1 19.6 20 24.8 26.9 29.8 33.1 34.4 34.9 37.7 37.8 44.2 49.8 50.1 52.4 52 48.1 49.8 53.9 60.4 65.5 69.3 75.6 80.9 82.6 83.2
146.1 144 141.7 140.6 138 131.9 126.5 121.1 114.6 108.9 93.8 82.6 76.3 64.9 52.1 39.3 29.2 24.9 21.9 17.9 17.4 17.6 17.8 17.8 15.2 15.5 18.1 18 18 17.9 17.8 17.8 17.7 17.6 17.5 17.1 17 17.1 17 17.6 17.7 17.8 17.9 18.2 18.4 18.8 20.4 20.5 20.7 20.7 20.8 20.9 21 19.6 19.6 19.6 19.8 19.8 27 29.8 34.2 30.2 34.9 35.9 42.6 47.4 45.8 52 53.2 54.6 59.1 60.4 58.6 52.7 54.9 64.6 69.1 74.4 78.4 79.9 82.5 86.1
144.1 142.2 139.7 138.1 129.7 128.1 121.5 115.9 109.8 102.9 93.2 77.4 56 51.2 40.8 31.5 24.9 21 18.1 17.2 16.8 17.1 16.7 15.6 15.1 17.1 18.1 17.9 17.9 17.9 17.8 17.8 17.8 17.7 17.6 17.6 17.1 16.8 17.2 17.6 17.7 17.8 17.9 18.1 18.6 19 20 22 22 22 22 22.1 21.7 20.2 19.8 19.8 22.5 30.2 38 36.9 36.2 35.4 35 40.1 51.3 52.9 52.4 52.1 54.7 58.9 62 64.4 63.7 57.9 58.8 61.7 72.3 70.5 69.3 71.4 74.6 78.5
142.7 140.3 137.8 133.7 129.5 117.8 112.7 108.4 102.4 94.5 77.7 62.3 51.3 38.9 30.5 25.7 17.7 17.6 16.8 17 16.4 14.8 16.7 17.8 15.2 16.5 17.8 17.8 17.7 17.7 17.7 17.7 17.7 17.7 17.6 17.6 17.6 17.2 16.8 17.1 17.2 17.2 17.4 18.3 18.8 19.3 20.1 22.4 23.8 23.2 23.6 24.9 23.3 23 26.4 31.7 37.9 41.6 44.1 43.6 44.6 43.7 40.5 48.1 53.4 55.7 57.2 57.3 57 61.3 64.3 67.4 67.1 66.5 66.6 64 67.4 68.9 71.4 74.9 73.7 76.6
140.8 138 134.8 130.7 122.5 114.9 100.9 101.9 94.5 79.4 62.6 52.5 39.3 25.5 21.9 18.8 17.3 17.5 14.3 15.8 15.3 16.5 17.5 17.6 17.7 15.9 17.3 17.8 17.6 17.6 17.5 17.5 17.5 17.5 17.5 17.5 17.5 17.9 17.3 17.5 16.8 16.9 17.7 18.6 19 19.5 20.6 22.3 23.6 24.5 26.1 27 28.4 34.5 39 42.7 44.9 48.5 49.9 51.1 52.2 50.9 46.8 54.1 56.7 61.2 61.9 62.8 63.9 65.2 68.3 70.6 72 73.2 75.5 77.2 78.2 80.2 80 83.2 84.3 78.7
140.2 138.7 134.4 127.2 113.6 94.6 97.8 79.4 75.6 62.9 49.5 38.6 23.4 18.3 18.5 16.9 17 15.5 16.6 16.4 17.5 17.4 17.3 17.4 17.5 16 16.7 17.8 17.5 17.4 17.4 17.4 17.4 17.4 17.3 17.3 17.5 18.1 18.3 18 19.3 19.1 18.7 19 19.4 20.3 21.3 23 25.3 26.4 28.3 30 33.4 41.3 46 50 51.9 55.2 55.9 56.8 58.6 55.4 52.6 57.9 62.7 67 68 69.7 69 72.9 73.9 75.3 77.6 79.2 82.1 85.2 88.3 89.6 91.7 90.2 90 91.5
141.2 137.4 130.5 123.2 111.8 99.8 79.6 73.6 55.8 47.6 34.6 22.2 17.7 17.5 16.4 14.6 15.6 16.7 16.7 17.5 17.4 17 17.2 17.2 17.3 17.5 16.1 17.4 17.5 17.3 17.3 17.2 17.2 17.2 17.2 17.2 17.7 18.3 18.9 18.6 21.1 21.1 20.4 19.9 20.7 21.6 22.5 23.7 26 28.2 31 32.6 38.2 46.1 49.4 51.8 57.1 62.8 63 61.2 58.3 55.5 59.3 64.5 62.7 64.5 66.5 68.7 73.7 76.5 76.4 77.8 82.2 85.5 90 93.3 95.4 98.3 99 98.1 97.6 99
140.2 132.3 124 116.3 107.6 92.5 75.4 55.2 47.6 32.8 19 17.5 16.6 15.6 15.3 16.5 17.4 17.5 17.2 16.9 16.7 17 17.2 17.2 17.2 17.3 16.9 16.9 17.5 17.2 17.1 17.1 17.1 17.1 17 17.2 17.9 18.5 19.2 19.4 21.9 21.6 21.4 21.1 22 23 23.8 24.7 26.3 29.3 36 35.6 36 39.4 40.6 46.6 58.4 64.2 62.3 57.7 57.2 64.6 69.2 70.8 73.7 76.8 71.6 70.1 71.8 75.3 77.4 83.3 87.7 92.5 96.2 99.1 100.7 105 106.3 105.8 106 106
137.7 128.5 118.1 109.2 93.5 71.8 58.5 43.1 30.8 19.5 17.3 17.3 15.8 15.8 17 17.7 17.6 17.6 17.1 16.7 16.6 16.9 17.2 17.2 17.1 17.1 17.3 16.3 17.5 17.2 17 16.9 16.9 16.9 16.9 17.4 18.1 18.7 19.4 19.8 22.7 21.3 21.4 22 22.3 22.7 24.4 25.4 29.3 32 37.2 39.7 42 43.4 48.6 45.2 49.8 54.3 57 62.2 65.9 72 76.1 78.7 81.2 83.2 82.9 80 81.9 74.6 77.7 86.6 93.8 98.5 101.8 105.3 106.2 109.5 112.2 112.1 111.6 112.4
133.3 124.3 114.2 94.5 73.3 58.5 39.8 18.5 17.6 17.1 17.3 17.6 16.3 17.2 17.5 17.4 17.4 17.1 17.4 16.9 16.6 16.9 17.1 17.1 17.1 17.1 17.1 17.3 17.1 17.2 16.9 16.8 16.8 16.8 17 17.6 18.3 19 19.6 19.3 19.7 21.1 21.2 23 23.9 25.3 26.7 27.6 32.1 36 39.1 43.8 50 51.9 54.2 57.4 55.2 52.1 65.8 69.9 73.9 77.8 81.7 85.6 88.6 90 88.8 86.5 86.5 85.6 88.4 87.1 89.7 98.9 101.6 103.3 105.1 109.6 111.1 111.8 115.3 116.9
129.9 120.7 103.1 79.5 60.5 40.3 17.7 16.5 17.2 17 17.4 15.7 15.2 17.1 17.2 17.1 17.2 17.1 16.7 17.2 16.8 16.8 17.1 17.1 17.1 17.1 17.1 17.1 16.5 17.2 16.9 16.7 16.6 16.6 17.2 17.8 18.5 19.4 19.7 19.5 18.9 20.2 22.3 23.7 25.3 27.8 29.9 31.9 35.7 39.7 43.2 47.9 57.5 57.4 59.2 61.8 63.6 63 64.6 73.1 77.3 82.3 89.2 93.1 95.8 96.8 96.9 95.7 90.1 92.7 91.8 93.9 95.1 95.7 95.4 100 105.8 108.6 110.4 115.2 120.2 123.3
110.4 98.6 82.1 61.3 41.4 17.4 17.5 17 17.4 15 15 15.4 16.8 17.1 17 16.8 16.8 16.8 16.8 16.5 17.1 16.8 17.1 17.1 17 17 17 17 17 17.1 16.9 16.6 16.5 16.7 17.4 18.2 19.1 19.9 19.6 19.5 19.7 22.2 23 24.2 28.1 30.8 33.1 37.3 42 46.3 53.5 53.8 54.9 62.1 66.5 70.9 74.7 76.6 75.9 81.4 74.9 88 93.9 97 98.1 100.5 101.2 96.9 94.4 95.1 96.5 99.3 103.9 106.2 103.4 107 107.2 109.2 113.9 119.5 124.5 126.5
