app/static/ascii/SD58.asc
ncols 200
nrows 200
xllcorner 350000
yllcorner 480000
cellsize 50
[rows 72 to 107 of 200, columns 82 to 163 of 200]
96 88.2 88.8 87.6 87.1 85.5 88.3 92.2 97.4 99.6 99.1 98 95.1 88.8 78.8 79.8 81.7 82.6 83.6 86.8 89.5 96.5 102.6 109.7 114.3 120.2 120.8 126.1 125.9 130.6 138.1 137.3 137.8 139.5 144.6 148.7 148.2 152.2 154.2 152.3 150.7 147.9 149.5 153.2 157.3 159.9 163.9 168.5 174 178.4 175.6 174.3 175.6 176.2 180.6 185.5 186.3 185 183.3 186.6 187.7 185.7 185.9 187.1 192.3 193.8 194.7 201.9 202.3 199.7 200.3 202.9 202.9 204.2 210.3 209.9 207.4 211.9 221.2 227.6 232.2 237.1
98.2 92.6 85.2 86.4 85.8 85.2 90.5 95.8 101.3 104.6 106.5 104.6 100 92.4 80.9 79.2 81.1 82.5 84.7 86.1 89.4 93.6 103.6 107.9 112.6 116.4 120.8 125 128.2 133.9 138.3 136.5 136.6 141 140.9 146.7 149.2 152.4 152.9 155.5 154.7 155 156.2 154.9 160.5 165 173.9 177.8 178.1 177 177.2 173.8 176.9 181.1 183.2 183.3 183 182.8 187 188.5 188.1 186.3 182.5 186.6 190.5 192 197.7 200 197.3 197 203.8 207.4 208.6 209.2 211.9 210.1 209.5 214.7 224.4 229.8 231.1 231.2
93.6 93.6 83 84.4 84.4 88.6 95.4 99.3 104.3 109.1 113.6 110.4 104.3 94.4 82.3 79.2 81.2 83.4 87.4 88.4 91.4 94.1 100 106.8 113 116 119.9 123.8 130.1 133.9 135.1 138.4 139.7 143 147.1 143.6 148.8 152.5 155.9 159.5 159.8 161.8 163.1 159.3 166 170.3 177.1 177.8 177.9 180.3 180 176.1 178.5 180.7 182.2 180.9 178.4 180.6 186.5 186.7 184 181.8 182.5 186.2 190.3 195.1 200.2 200.9 201.8 200.7 203.8 208 209.8 211.9 214 212.8 212.3 222.6 227.2 228.8 231.2 233.9
93.6 91.2 81.6 82.8 85.2 92.8 98.3 100.1 105.2 113 120.2 112.3 104.9 92.1 82.2 77.6 80.3 83.8 86.4 86.3 89.1 95.1 103.8 108.1 115.8 117.9 121.9 126.6 127 133.1 139.3 141.7 140.8 145.7 146.9 144.8 149.2 154.4 158 160 164.6 167.8 168.3 167.8 159.4 172.1 175.6 175.8 176.7 178.6 177.5 177.8 180.9 178.6 178 177 176.4 180.2 182.7 184 185.1 182.1 182 184.4 191 195.8 202.1 203.6 203.2 202.6 208.9 210.6 211.2 213.2 212.3 211 219.1 227.3 230.9 234.2 237.9 239.2
92.3 88.1 81.9 84.8 86.4 94.5 97.5 97 103.5 114.8 117.8 110.6 102 88.1 78 78.5 81.6 84.2 85.5 88.3 91 97.3 105 111.4 116.1 117.2 125.6 129.8 136.4 141.2 144 143.5 145.5 147.1 145.5 145.7 149.7 155 158.2 162.1 166.6 167.8 171.3 172.8 171.8 171.3 171.3 172.6 176.1 177.6 177.5 179.4 176.2 177.4 173.6 173.8 176.9 178 178.1 178.6 179.8 181.6 183.6 185.8 190.9 198.5 205.7 205.9 207.1 204.6 210.6 209.2 209.3 208.7 209.1 218.2 227.4 231.8 236.4 239.7 241.3 239.5
89.7 86.8 84.7 81.2 87.5 92.5 92.3 92.8 100.1 109.2 110.5 103.4 92.6 79.7 77 78.4 82.2 84.1 86.2 90.5 93.5 97.4 109 110.5 113.7 121.4 126.7 132.8 139.8 145.7 148.9 145.4 146.4 148.1 149.3 153.3 156.4 160.9 164.8 167.3 168.6 170.1 172.8 174.6 175 174.5 173.2 175.1 177.9 179.2 179.6 179.9 176.2 173.2 173.4 173.6 175 175.9 174.8 177.8 181.1 187.1 186.9 186.1 194.2 199.6 202.3 204 208.1 205.7 208.1 205.9 209.7 215 211.2 226.2 234.4 236.3 240.1 241.3 240.7 241.3
87.2 84.8 86.2 79.9 89.1 88.6 86.6 87.5 96 101 99.3 95 86.5 77.6 75.3 78 81.9 84.1 87.6 91.9 92.9 97.9 106.3 111.6 118.4 123.8 129.5 137.4 143.6 147.9 146.2 145.3 148.9 153 156.8 159.6 161.8 166.1 170.9 172.9 173.9 173.2 174.6 176.2 178.1 178.1 176.9 179.7 182.5 185 184 182 176.6 173.3 173.6 173.7 173.9 174.1 176.3 177.8 185.6 187.7 190.7 191.3 195.7 200.7 201.8 203.9 203.5 204.8 206.1 211.9 214.3 213.5 219.9 232.6 236.6 241.1 243.1 243.6 243.5 248.4
86.5 82.8 79.9 79.8 82.8 84.3 82.3 84.3 90.8 93.5 91.1 86 79.7 76.6 74.9 77.4 81.6 84.2 88.4 94.2 96.4 100.5 104.6 112.2 119.8 126.1 133.6 144.3 149.7 146.8 143.2 147.2 152.9 156.3 159.5 163.1 166.5 172.6 177.8 181.6 178.4 175.3 176 177.7 180.1 181.7 181.2 184.4 187.1 188.5 186.8 180.5 179.2 173.7 173.8 173.9 174.3 178.1 179.8 181.2 184.7 188.3 192.1 192.3 196.6 198.5 199.7 202 207.8 207.9 214.3 214.2 214.1 215.9 227.2 236.6 239.6 242.6 245.8 243.2 247.5 248.9
79.7 80 77.9 76.5 78.6 77.3 75.8 79.1 84.7 86.5 83.2 76.8 75.8 74.4 74.9 76.9 81.5 83.9 86.4 90.5 94.7 101.1 103.5 112.8 120.4 129.8 139.9 147.1 145.6 140.4 145 151.3 155.4 158.8 162.2 167 170.5 180.8 188.2 184.5 178.6 177.5 176.3 179.3 182.3 185.1 188.1 192.8 194.2 193.9 190.2 183.6 176.4 175.3 174.2 174.6 174.9 178.2 180.5 181.3 184.1 187.5 189.9 192.3 196.8 199.3 200.4 203.9 205.3 208.2 213.2 217.6 216.4 221.9 232.1 238.2 240.3 242.6 243 247.6 248.6 253.3
78.8 77.2 75.4 74.9 75.4 77.6 79.2 78.7 79.4 80 76 74.8 75.2 74.4 78 79.9 80.7 83.3 86.9 91 99.9 101.9 108.5 114.9 122.2 134.2 145 144.3 140.2 141.6 146.9 153.4 158.5 163.1 165.2 171.2 176.8 185.5 191 185.1 178.3 176.2 177 181.4 185.5 189.9 193.7 198.5 198.7 196.5 191.8 185.3 179.1 177.7 175.6 174.8 174.3 179.3 181.9 182.2 184.4 187.5 189.6 193.5 195.4 199.6 202.2 203.8 206 210.2 216.1 217.7 220.7 226.8 235.7 239.2 241.9 244.1 242.1 248.2 251.5 256.4
80.5 78.1 72.5 71.5 71 76.7 80.5 78.3 76.8 76.6 76.1 74.9 74.5 75 77.3 79.3 81.2 81.5 88.8 94 101.2 109.6 115.8 116.3 123.9 133.3 138.9 135.6 136.1 143.2 148.1 152.9 160.8 165.1 169.2 174.8 183.2 191.5 190 184.2 179.1 179.1 183.6 187.7 191.7 195 198.3 199 199.6 201.3 195.9 188.2 181.1 178.3 176.3 175.2 177.8 183.2 187.3 187.4 187.1 189.6 191.3 195.2 196.6 197.8 200.4 201.2 208.3 212.4 214.5 218.2 222.6 232 236.2 239.4 241.3 241.7 242.6 248.7 254.5 258.2
80.6 79.7 73.6 67.1 70.5 80.3 81.5 80.5 77.3 78.4 78.2 75.5 74.3 73.3 75.5 77.6 79.6 82.1 88.4 96.4 106 117.5 121.4 116.6 120.7 128.6 129.3 129 138.9 142.5 146.8 155.7 169.2 171 176.8 183.6 192.3 193 188.6 182.6 179.6 183.3 187.5 192 196 197.7 198.3 201.5 204.8 203.5 196.4 189.5 182.4 181.9 180.1 179.6 183.4 185.3 188.9 190.8 187.5 189.5 192.3 193.2 195 197 201.4 204.3 207.5 211.3 213.2 219.1 227.1 235.2 236.9 238.4 240.8 239.1 244.5 247.2 252.1 256.3
80.7 81.2 77.9 66.5 69.4 78.2 78.4 78.3 77.8 77.1 76.5 73.5 73.1 72.8 74.9 77 79.4 87.8 93.9 99.4 112 120.7 123.6 113.1 117.5 122.6 120.6 127.4 139.4 142.6 151.6 163.9 174.8 187.5 194.1 194.7 192 188.9 185.2 181.3 181.4 186.7 189.2 192.5 195.3 198.9 201.8 205.2 204.7 201.6 194.5 188.9 185.8 185.3 185.9 189.9 191.2 192.7 189.4 189.7 192.3 190.7 190.3 192.2 194.4 196.1 198.3 202.4 209 210.6 215.9 223 229.4 233.7 237 238.5 237.8 240.7 244.3 246.9 252.7 255.2
82.3 81.8 77.2 66.5 68.5 74 74.8 76.3 77.6 76.4 76.3 73.5 71.6 71.7 76.2 78.4 81.2 88.9 96.7 104.4 113.9 122.4 119 108.2 112.3 115.1 119.5 127 138.7 142.9 153.4 164.2 178.2 189.1 192.3 188 185.7 184.3 181.5 181 185.1 189.5 191.4 191.8 195.6 199.9 204 206.7 201.9 197.3 191.3 188.2 187.5 190.3 196.4 201.9 202.7 198.3 192.3 193.5 196.1 194.4 191.5 195.6 194.7 196.7 199.5 203.6 208.7 212.6 217.9 225 229.5 232.3 235.5 237.7 236.3 242.5 245 246.5 250.6 252
83.8 79.2 78.3 66.5 66.8 71.9 72.4 77.1 79.9 77 75.7 73.8 71.5 72.2 76.5 79.9 85.2 90.4 100.8 108.9 117.2 120.5 109.1 108.2 109.3 111.4 121.2 131.4 138.7 143.5 152.5 157 168.9 180.6 186 182 179.9 179.2 178 182.9 187.6 188.3 189.5 194.5 197.3 200.9 203.8 202.1 196 192.5 190.6 190.7 193.3 197.2 204 207.5 208.8 203.8 195.8 195 196.9 194.5 192.9 196.5 195.6 197.9 200.3 203.9 208.6 213.1 218.5 226.2 229.4 231.6 233.8 236.2 239.7 242.7 243.7 244.4 247.5 251.5
83.4 82.4 77.6 67.1 66.5 70.4 71.5 76 76.5 74.5 72.1 70.8 69.8 72 79 83.2 88.1 94.3 102.4 111.6 116.7 112.2 106.1 108.6 110.9 116.9 126.7 133.4 138.4 142.5 149.1 152.4 159.7 168.8 169 170.7 173.9 174.4 178.1 183.5 186.3 186.9 191.9 196.3 196.7 197.1 194.7 190.6 188.3 189.2 192.6 194.9 199.7 209.3 213.5 212.4 212.1 203 195.8 194.8 195.3 194.3 195.8 198.8 196.2 197.6 202 208 210.7 211.9 218.8 225.1 230.6 230.9 233.4 233.7 238.3 240.9 241.4 243.8 248.1 255.1
84.9 86.5 84.4 67.5 67.6 72.7 71.2 73.5 75.9 73 70.6 69.1 69.9 74.3 80.5 85.1 90.3 95.7 103.5 113.3 111 106.7 106.2 113 117.4 123.4 126.5 132.9 137.4 142.7 148.8 148.6 154.9 160.7 161.8 166 168.8 172.9 179.2 183.5 183.6 187.5 191.3 192.6 192.1 189 185.2 190.5 191.8 192.8 195.2 200.2 209 217.2 213.7 209.4 205.2 199.7 194.8 194 194.5 195.8 197.5 198 200.6 201.3 202.9 206.9 210 214.8 221.6 226.5 230 232.3 234.8 237.7 236.3 237.4 240.7 244.5 250 253
86.5 85.4 84.1 73 68.8 71.9 70.3 73.4 72.9 70.2 68.3 69.2 73 76.3 79.6 85.5 94.1 100 106 106.8 107.1 105.5 109.2 117.3 123.6 128.8 129.9 130.5 136.4 139.9 142.7 145.6 147.1 153.4 158.4 163.1 167.6 174 179.1 181.7 183 187.3 188.1 186.9 187.4 183.9 190 186.2 186.9 193.7 198 204.4 213.4 217.6 211.2 204.2 200 196.8 194.1 194.1 195 196.3 197.3 198.5 199.6 202.1 203.1 207.1 212.9 219.3 224.8 228.1 231.2 233.1 235.6 241.6 239.1 238.2 239.4 243.9 249.7 250.2
86.1 86.3 82.2 76.8 70.6 71.1 71.2 68.9 67.8 68.1 74.1 75.9 74.6 78.2 82.3 90.4 97.8 104.5 107.4 102.8 105.5 109.4 115.5 129.5 136.7 137.4 133.7 131.7 134.1 138.6 139.4 141.4 145.2 149.7 156.2 162.4 169 174.2 177.1 180.1 180.3 182.9 184.8 185.2 182.8 184.5 182.9 188.1 189.4 192.9 201.6 209.2 212.1 209 204.1 198.8 197.2 196.6 193.5 193.6 193.8 195.9 197.1 198.3 199.5 202.3 205.4 208.6 214.8 221.9 225.6 229 232.5 235 236.8 239.3 240.1 239 240.8 245.5 247.9 246.5
86 86.5 80 74.1 68.6 66.9 66.7 67.9 68.6 77.8 86.8 83.9 81.5 80.4 87.3 95.2 100.3 105.5 99.4 107 112.1 118.4 125.5 137.3 144.2 143.1 137.1 129.9 133.8 136.3 138 140.3 143.4 150.9 157.5 164.5 169.6 173.4 176.6 179.9 182.2 181.8 182.5 181.9 179.5 184.5 190.8 190.5 189.5 193.7 201.1 205.3 204.1 200.3 196.5 195.4 195.7 194.1 193.2 192.8 192.5 194.3 195.5 197.7 200.4 203.1 206.3 208.1 214.8 218.5 222.8 227.8 232 235.3 237 238.1 238.8 240.3 241.7 245 245.9 244.7
86.4 85.8 79.2 72.4 65.5 65.3 65.7 67.7 76.2 89.8 93.2 87.3 83.1 82.2 89.8 97.1 96.4 94.5 104.6 111.4 116.1 121.5 128.5 137.3 146.6 144.5 136.2 128.4 140.8 139.7 141.4 144.6 144.6 148.5 155.7 163.8 169.6 170.8 174.1 177.2 179.2 182.4 181.1 182 188.8 191.3 191.9 193 190.2 195.9 198.7 199.3 196.7 196 194.9 194.8 195.3 195.5 194.2 193.2 194 193.3 196.1 198.9 201.6 204.4 206.7 210.6 216 221 225.3 229.2 230.9 234 238.1 238.5 242.1 241.6 241.4 243.2 244.2 241.3
84.7 85.2 78.9 68.5 64.5 64.9 66.5 73.7 83.7 98.8 97.3 91.2 84.4 84.3 91.8 97.8 92.2 100.3 105.8 110.5 118.7 123.9 130.9 140.4 148.6 144 135.3 127.7 135.7 142.3 145.2 149.5 154.6 157.8 160.6 168.9 171.5 169.1 168.3 173.7 176 178.1 182.3 184.7 186.3 192.7 194.7 194.4 195 201.6 201.5 196.4 195.1 194.8 195.2 195.9 197.4 196.7 195.2 193.8 193.2 193.7 195.8 198.4 200.9 203 206.4 211.2 218.8 222.7 226 229.6 230.7 234.2 235.7 239 241.1 240.5 238.6 238.7 237 235
84.2 83.9 75.8 64.9 64.6 65.1 71.4 81.5 96.3 101.1 98.1 93.3 88.1 83.4 90.8 92.2 89.2 99.9 103.2 111.1 119.1 127.4 135.3 144.3 146.3 142.3 132 130.1 137.5 143.6 148.4 153.3 157.6 163.6 169.9 173.6 173.2 174.3 174.3 174 173.5 175.3 178.5 183.2 189.8 193.5 197.7 198.2 201.3 203.6 202.1 195.8 197.3 198.7 199.6 199.9 201.3 198 196.2 194.1 193.7 196 197.9 197.3 200.1 202.3 206.7 213 219.7 223.1 225.7 228.2 230.6 233.9 235.3 238.1 237.5 235.3 235.5 235.2 232.7 231.6
85 82.5 77 64.4 64.3 71.1 81.3 91.9 99.5 101.2 98.1 94.5 90.7 84.4 85.7 84.2 92.2 95.1 105.6 115.3 125.2 132.5 143.9 146.1 139.7 135.8 126 129.1 143.4 147.6 154 158.2 164 168.8 174.3 171.8 174.2 174.6 177.8 179.3 177.5 180.8 184.8 187.5 191 192.6 197.8 198.2 197.8 199.4 196.3 197 200.3 203.3 205.6 206.5 203.9 199.8 195.3 195.1 197.6 199.6 200.7 202.4 201.9 204.4 210.6 215.8 219.8 223.4 226.8 232.9 232.4 233.1 234.8 235 234.9 234 233.2 232.8 232.1 230.1
86.8 82.2 79.1 64.7 65.1 75.7 86.6 98.2 102.3 100.1 97.4 96.7 94.4 82.9 81.7 85.1 87.3 95.6 104.9 119.8 131.7 137.8 136.2 137.3 135.4 129.3 122.7 133.3 144.6 151.3 158.1 161.3 168.7 176.2 175.4 173.8 174.2 175.7 178.3 177.9 180.2 185.6 189.7 194.4 196.2 195.4 192.8 195.1 195.4 196.1 197.8 202.5 206 209.3 212.3 214.9 211.6 208.2 199.7 197.2 199.9 201.9 203.7 205.5 206.3 212.4 215 218.8 222 227.4 231 232.3 232.8 234.1 234.8 233.2 232.1 231.3 231.3 231.1 231.1 228.6
84 79 75.9 64.3 64 79.2 92.7 101 100.8 98.8 100 99 92.9 78.2 78 80.2 83.2 95.2 107.3 118.5 128.3 129.5 127.2 128.4 128.6 122.8 124.3 136.1 142.6 153.4 160.4 165.2 171.3 181.2 181.4 178.3 173.8 175.1 176.4 178.4 182.3 187.4 195.1 201.2 199.4 196.8 193.6 195.9 200.4 201.5 204.2 208.2 214.3 221 224.3 223.9 217.4 212.7 204.7 199.3 200.8 204.5 206.7 208.5 210.7 216.4 221 222.6 226.1 230.3 231.6 232.7 234.5 232.9 232 231.7 231.7 229.6 229.5 230.4 230 228.4
82.3 76.8 71.3 65.4 63.9 82.1 98.1 100.4 97.6 100.3 100.8 98.5 87.1 77 77.8 77.7 86.9 93.9 104.3 113 118.4 119.4 119.7 119.6 113.3 119.4 124.9 134.1 146.4 156.5 165 170.7 178.2 185.5 183.7 179.1 175.7 171.1 175.5 179.7 185.1 191 198.5 201.9 197.8 195.5 194.4 198.8 202.9 205.3 208.6 214.2 224.6 227.4 228.4 228.2 223.7 217.1 210.4 201.9 201.6 206.3 208.9 211.5 214.9 220.3 224.9 228 229.7 230.7 230.5 231.6 232.4 231.3 232 232.5 228.1 227.2 227.5 227.5 226 231.9
80.4 74.6 69.7 68.4 66.6 86.1 95.4 97.4 98.6 100.4 98.4 91.6 80.3 76 77.8 79.3 86.6 90.5 97.5 104.1 108.6 111.2 113.3 110.5 111.4 121 123.2 137 148.8 161.2 170.8 179.4 184 185.7 180.7 176.6 172.8 169.6 175.5 181.7 188.3 194.8 198.8 197.1 195.7 194.6 197.8 201.8 205.6 208.9 214.3 219.4 226.3 229.8 232 232.7 226.6 220.4 212.7 207.1 203.4 206.4 211 215.2 222.7 226.3 228.8 232.2 230.9 230.8 230.9 230.4 230 232.7 234.2 237.8 232.8 226.3 224.1 225.1 227.3 233.9
77.1 71.6 70.6 64.8 66.1 84.7 90.2 93.6 96.9 96.3 90.9 82.6 75.2 75.9 78.8 79.9 81.8 85.3 90.7 95.8 102.4 107.2 107.9 107 116.5 120.8 128.9 138.9 150.5 161.8 173.7 181.4 184 182.7 178.4 175.5 171.9 168.6 176.5 185.1 191.5 194.4 195.1 192 196.5 197.8 200.7 204.5 208.2 212 216.9 221.6 226.9 231 234.8 231.4 226.8 221.2 216.4 211.5 205.8 208.2 215.3 221.5 229 230.8 233.7 234.6 232 231 230.5 230 232.2 236.3 241.1 240.7 234.8 227.3 221.8 222.7 227 234.9
79 71.7 65.9 58.7 74.3 84.9 89.1 90.2 91.6 87.6 80.3 72.4 73.8 75.6 77.1 82.5 85.3 85.1 87.8 90 94.2 99.1 106.1 113.1 117.5 123.7 131.2 142 151.9 162.5 175.1 178.2 177.4 177 173.9 171.4 169 168.2 175.1 184.7 187.9 189.2 188.4 194.2 196.8 199.4 204.1 207.8 212.8 215.6 220.8 222 226.7 231 233.8 229.5 226.6 222.5 217.8 211.9 207.2 211.6 221 230.2 236.4 237.2 237 235.2 232.9 232.5 230.7 229 234.4 239.4 244.3 245.5 236.6 221.8 218 221.4 228.2 234.6
76.7 71.1 64.5 59.8 74 82.7 86.6 84.9 82.1 77.9 71.1 71.6 74 76 78.2 84.3 86.1 90.2 95.5 97.1 98.9 103 107.5 114.2 118.9 124.3 133.9 141.9 151.8 161.4 175.5 174.8 171.7 170.2 167.6 169.2 166.2 164.8 173.4 181 182.6 184.6 190 195.5 199.5 202.5 207.9 211.5 215.8 214.4 216.6 219.7 227.3 232.8 230.9 228.6 226.3 222.4 217.1 211.7 208.1 212.6 222.6 231.5 237.8 239.3 238 238.5 237.2 233.8 228.8 230.9 235.6 240.5 243.6 242.9 233.5 218.6 216.6 223.3 229 236.6
71.4 67.8 62.4 65.3 71.9 79.2 79.7 78.6 72.9 70.3 69.7 71.1 73.6 77.2 79 81.5 85.6 92.3 97.9 97.9 99.8 105.4 111.5 114 118.5 132.2 140.5 148.8 156.2 164.4 172.4 171.8 167.3 166.1 165 163.2 163.4 165.8 175 182.7 186.9 189 192.8 195.4 199.9 204.8 210.7 211.5 212.6 216.8 222.3 222.1 227 227.9 226.9 225.5 224.5 218.3 212.6 205.5 207.6 211.5 219.4 227.5 233.8 236.8 240.8 243.3 240.7 234.6 227.7 230.1 235.4 240.6 240.9 236.6 227.7 216.2 217.8 223.6 230.4 237
69.7 61.1 58.5 66.4 71.2 74.8 74 71.3 67.3 68.1 68.8 70.7 74.9 78.1 79.1 83.8 87.4 92.9 100.2 99.1 102.3 108.8 111.7 119 126.7 135.7 144.2 157.2 165.4 167.8 166.1 162.2 160.6 162.1 162.4 159.9 165.7 175.6 181.2 184.2 186.7 191.8 193.5 197 199.8 205.5 208.3 214.8 224.1 231.4 227.9 229.1 229.1 231.3 226.2 224.9 221.7 215.4 205.7 202.6 203.6 206.1 214.3 222.8 230.3 238.7 242.6 243.5 240.3 232.8 227.7 228.5 233.7 238.4 236.7 230.2 221.3 211.3 218.5 224.6 229.9 234.3
65.1 59.5 58.1 64.4 68.2 69.5 68.7 65.2 65.9 67.4 68.9 72.2 76.3 78.3 80.2 85.4 89.4 94.3 100.4 102.6 107.1 109.8 118.1 124.4 130.2 135.8 142.7 148.5 155.8 156.5 154.2 152.6 155.3 156.8 161.5 165.4 171.7 179 185.2 188.1 190 192.6 195.3 199.1 203 207.3 211.6 219.6 227.5 227.1 228.2 237.9 234.6 237.7 233.9 228.7 222.8 213.1 203 202.3 201.8 202 209.3 217.3 227.9 238.8 241.8 241.1 239.7 229.7 223.6 225.5 228.7 231.5 230.1 223.9 215.9 210.5 218.8 223.7 228.9 231.3
63.8 59.3 58.4 60.6 65.2 64.9 63.4 62.9 65.8 68.7 71.2 73.7 75.8 78.6 81.5 87.4 89.7 95.7 101.5 111.5 108.2 114.8 124 125.6 132.4 135.9 140.8 146.8 147.3 144.2 146.7 147.6 150.9 158.3 162.9 168.2 176.5 180.9 186.1 191.6 195.2 198.4 202.2 206 210.6 210 219.6 226.3 225 225.3 229.3 234 236.4 239.1 240.7 233.3 226.9 217.3 208.7 208 206.3 202.9 204.6 212.4 223.2 232.2 236.9 239.7 238.6 228.9 219.2 220.3 224 226.7 224.2 216.5 209.8 213.2 218.8 223.2 227.8 230.1
69.8 59.8 58.2 58.8 60.5 61.8 61.3 62.7 65.4 68.2 72.3 72.7 75.1 78.4 81.2 90.9 97 101.9 106.8 106.5 117.5 120.2 124.7 126.4 127.3 137.7 140.9 141.7 142.7 143.9 149 152.4 155.2 162.5 165.4 172.4 177.7 183 190.8 196 200.1 205.1 209.5 211.1 211.5 214.6 227.6 229.5 236.6 239 247.6 252 250.7 250.7 247.3 239.3 232.8 224.2 219.8 216.5 211.4 206.9 201 206.5 216.1 225.3 230.7 237.2 236.9 228.3 216.7 216.1 221.7 221.9 216.8 210.1 206.1 212.9 218.2 221.6 225.3 225.5
