app/static/ascii/SD61.asc
ncols 200
nrows 200
xllcorner 360000
yllcorner 410000
cellsize 50
[rows 70 to 104 of 200, columns 78 to 155 of 200]
222.9 224 230.8 235.7 239.2 242.3 245.8 249.4 252.7 257 261.9 270.2 275.5 276.3 276.4 275.7 276 276.9 277.1 275.7 281.3 286.2 294.9 303.1 311.1 315.6 319.8 322.8 327 333.4 340.8 349.1 352.4 355.3 356.3 357 356.8 355 350.9 348.2 344.8 341.2 337 333.6 330.3 327.4 325.2 323.7 321.5 318.3 315.5 311.8 307.3 303.1 300 296.8 292.8 289.3 285.6 281.9 279 275.3 273.8 273.2 273.7 273.8 274 268.6 263.9 263.9 263.9 263.9 263.9 263.9 263.9 263.6 269 275.8
223.5 227.4 231.8 235.7 238.6 242.4 245.7 248.7 252.6 257.6 265.4 271.5 273.1 273.8 273.4 272.8 273.8 274.1 272.7 279.2 286.7 294.6 300.2 307.7 313 316.8 321.2 324.5 330.6 338.6 348.3 350.7 353.4 355.2 355.6 356.1 356.5 355.4 353.3 350.2 347.4 345.1 343.3 341.6 338.3 334.6 334.1 332.6 329.6 325.7 321.4 316.9 316 315 313.1 312.6 309 303.5 296.7 291.5 284.2 277.3 274.8 275 275.5 276 276.1 273.5 262.4 259.2 263.9 263.9 263.9 263.9 263.9 265.1 270.6 274.2
219.3 225.5 229.8 234.1 237.7 241.6 245 248 252.2 258.1 267.6 269.9 270.8 270.7 270.1 270.5 270.6 269.3 275 281.9 290 297.3 303.5 309.8 315.4 319.4 323.3 329.8 337.2 347.6 350.7 351.7 352.7 354.2 354.4 354.2 354.2 354.4 353.9 352.2 349.3 347.4 345.4 343.2 340.7 337.3 335.9 333.8 331.9 328.8 323.5 319.3 316.4 316.6 315.6 312.6 310.1 303.1 296.4 292.2 283.3 276.9 275.8 277.3 278 277.9 277.2 274.7 261.5 244.2 247.9 252.9 257.8 258.4 257.1 263.9 268.2 272.1
220.1 219.6 220.9 226.8 232.7 237.1 241.4 244.9 250.4 256.6 264.5 267.6 267.7 267.1 267.4 267.4 266.1 271.3 276.1 283.9 292.8 298.8 305.2 311 317.3 322.4 324.6 336.4 347.5 349.6 350.6 351.4 351.8 351.9 352 350.8 350.7 351.2 350.8 349.7 348.9 346.8 344.9 342.8 340.2 337.8 335.5 334.3 332.4 329.4 321.7 316.4 312.4 311.4 309.4 305.8 304.3 296.2 289.7 282.3 276.9 274.4 275.4 278.3 279.7 280 278.7 273.8 262.7 242.8 242.1 253.9 257.2 257.5 257.1 260.8 264.8 268.4
229.3 232.2 230.8 224.7 225.3 226.6 230.4 236.8 242.3 249.9 257.1 261.8 263.2 263.5 264.3 262.4 265.4 270.4 276.2 283.9 292.1 299.3 305.4 311.2 316.9 322.5 327.6 343 347.9 349.4 349 349.3 348.6 348.4 348.2 347.9 346.6 345.3 344 343.6 344.7 344.2 341.9 340.9 338.8 335.7 334.2 332.6 330.8 324.9 315.8 311.9 308.7 305.6 302.8 298.9 296.3 289.4 281.7 274.6 271.3 273 275.7 277.3 279.7 279 276.3 271.1 262.8 249.1 238.1 255.1 256.2 254.4 254.8 258.6 261.5 264.3
232.5 235.5 237.9 239.1 238.3 237.1 237 236.1 232.8 237.1 245 251.9 253.1 258 257.2 263.7 267.6 271 275.7 283 290.6 297.5 303.8 309.9 315.2 320.2 325.8 333.6 340.3 346.8 346.5 345.9 344.8 344.5 344.4 343.8 342.6 340.9 338.9 337.4 337.2 336.4 335.7 335 333.5 331.6 331.3 330 327.2 317.8 310.3 306 303.4 300.4 296.6 291.8 286.4 279.8 273.4 268.8 267.9 270.8 272.5 274 274.9 273.7 270.3 266.8 261.5 250.7 236.5 247.2 253.7 253.3 253.2 255.7 256.1 257.6
237 238.9 240.4 241.6 242.6 243.7 244.8 245.4 245.9 241.1 242.5 241 244.5 257.6 260.5 264.3 267.8 271.7 276.7 284.2 291 298.6 303.7 310.2 314.1 318.2 321.6 327.2 332.3 334.9 336.7 336.6 338.3 339.1 339.1 338.3 337.3 335.2 333.7 332.9 331.7 331.2 330.3 329.1 327.2 327.1 327.1 326.5 318.2 310.6 304.9 301.4 299.4 294.7 287.4 281.6 276.9 271.7 267.1 265.8 265.7 266.9 267.8 268.7 267.8 267.6 264.5 262.9 258.5 249.5 234.9 243.4 249.2 249.9 246.7 245.7 252 253.9
239.2 241 242.6 244.4 245.8 247 248 249.3 251.2 252.5 254.4 255 250.8 250.7 260.2 265.1 269 272.8 277.6 283.8 290.5 297.2 303.6 309.7 312.8 315.8 318.7 322.3 326.1 328.2 329 330.6 331.7 332.3 332.2 332.3 332.1 331.3 329.7 329.5 328.4 326.9 325.1 323.4 322 322.7 323.2 320.4 310.5 304.3 299.8 296.9 294.2 287.2 279.3 276.2 271.1 266.1 264.1 263.4 264.1 262.6 263.4 262.8 262.4 261.6 258.5 258.1 256.5 248.5 232.8 235.1 242.2 241.1 238.8 242.4 244.9 248.5
240.6 242.7 244.4 246.7 248.6 250.2 251.9 253.8 256.3 257.7 259.9 261.9 262 259.1 259.5 266.8 271 276.6 281.7 285.3 290.7 296.4 303.5 308.9 309.9 312.6 316.3 318.5 321.3 322.9 324.4 325.8 326.5 327.4 327.5 328 328 327.4 324.5 322.2 319.9 319 316.5 309.9 308.4 310 311.7 306.9 300.9 296 292.8 289.1 285.6 283.3 275.3 270.3 266.2 263.1 261.3 260.1 262.5 260.8 259.4 258.3 256.6 256.6 256.5 256.7 255.1 249.6 237.7 225.7 227.2 230.4 233.5 236.7 239.2 241.8
239.7 244.7 247.4 249.9 252.7 254.6 257.8 260.6 264 264.7 266.8 266.7 265.8 264.8 258.1 270.6 276.5 279.9 282.8 286.1 289.5 296 297.9 301.1 304.9 308.8 312.9 315.7 317.4 319.5 321.5 322.9 323.6 323.7 323.2 322.2 322.7 320.8 315.6 311.9 309.5 306.8 302.3 293 291 291.1 289.7 287.5 284.4 282.6 280.4 276.6 274.6 281 275.3 268.3 262.6 259.7 257.8 256.8 257.9 257.3 256.3 255.5 256.1 256 255.3 254.8 253.9 250.5 241.8 234 224.3 220 224.8 225.3 232.6 239.5
244.2 248.5 251.9 256.2 260.5 265.3 268.3 270.3 271.6 272.4 272.6 272.1 271.4 270.5 268 265.8 271.4 274.8 279.1 281.6 285.1 291.5 294.3 298 300.6 304.5 305.8 309.5 315.1 315.6 317.8 321 322.5 322.1 321.1 317.9 316.1 313.1 308.5 309.1 307.8 303.8 299 298.9 295.3 286.6 282.7 286.6 278.9 276.6 274.2 271.4 268.9 270.2 272 268.3 260.9 258.3 255.4 254.5 254 253.4 254.4 254.5 255.2 255.6 255.5 253.8 252.8 251.2 245.1 237.6 228.6 220.2 217.2 219.9 226.7 236.1
247.4 253.5 258.5 263.3 266.9 269.6 272.1 274.1 275.5 275.7 276.3 276.8 276.7 276.7 276.7 277.1 273.7 279.6 282.3 286.1 290.7 292.9 296.1 299.6 303.1 307.3 313.4 314.1 317.7 318.9 320 321.5 322 321.4 319.9 319.6 321.7 320 319.2 314.7 307.4 302.1 294.9 289.2 294.9 298.2 291 280.8 280.8 282.7 280 268.1 266.6 266.4 266.9 265.2 260.7 258.3 256.1 254.3 252.4 252.2 251.9 252.5 254.3 255.2 255.4 254.3 253.5 251.3 245.1 238.3 230 220.6 217.3 215.5 219.8 230.4
252.8 257.4 260.7 264.7 268.1 271.2 273.7 275.4 276.7 277.3 277.6 278.2 278.9 279.7 280.1 280.9 281.6 283.9 287.4 289.1 292.7 296.3 301.3 304 307.7 313.5 317.8 317.9 319.4 320.7 322.4 323.8 325.5 326.2 325.9 327.6 327.8 325.7 322.2 318.8 316.8 314.5 310.1 299.8 293.5 278.4 281.6 277 269.3 270.8 269.8 267.6 265.2 260.2 264.1 263.1 260.6 258.8 257.3 256.7 254.6 254.1 254.1 254.1 253.6 254.6 255.1 254.9 253.3 249.1 243.5 238.2 231 223.6 217.6 214.9 213.4 224.9
255.3 257.6 260.1 263.2 268.3 271.2 273.5 275.4 276.4 277.4 278.3 279.5 280.4 281.9 283 284.5 286.4 284.5 290.9 293.7 297.4 302.9 307.7 312.5 316.3 319.5 321.1 322.1 322.2 324.2 326.6 330.9 330.6 329.5 329.8 330.6 330.8 328.7 326.2 321.4 319.4 317.1 313.8 306.5 295.6 281.1 272 269.8 266.2 265 263.2 261.6 258.9 254.8 256.5 253.9 253.7 258.5 258.8 257 254.3 254.1 254.1 254.1 252.3 254.5 253.6 254 252.8 247.8 241.6 237.4 233.7 226.1 218.6 214.9 212.4 224
252 255.4 257.6 259.4 264.4 269.2 272 274.2 275.9 277.4 279.4 281.3 283.4 286.1 289.1 289.4 290.5 292.2 291.1 298.6 305.5 314 316.9 319.9 322.6 324.9 325.1 326.3 329.1 330.9 334.7 339 341.4 340.3 338.8 336.2 335.2 332.2 329.2 325.9 323.6 321.6 316.4 307 307 300.7 284.1 272.1 269.8 268.2 262.9 264 264.6 264.4 266.8 267.1 264.2 253.5 254.1 254.1 254.1 254.1 254.1 250.8 251.2 250.9 252 252.1 250.1 245.8 240.3 235 232.1 226.1 219.2 212.8 211.1 217.5
246.8 250.9 253.4 255.1 259.1 265.2 269.3 272.5 274.8 277.5 280.9 284.1 288.7 291.8 293 293.6 294.7 296.9 301 303.4 311.8 315.5 317.8 321.6 325.4 326.7 327.3 329.8 333.7 338.4 342.9 346.5 346.9 346.9 347.4 345.8 340.9 336.1 334.2 331.9 330.4 325.2 320.7 320.3 315.7 308.8 291.9 283.7 285.1 277.8 276.5 274.6 273.4 276.2 284.9 286.6 280.3 274.7 263.7 262.1 257.2 255 254.1 242.1 238.5 239.6 241.4 235 239.3 236.7 236.2 233.2 229 223.8 217.4 211.2 210.2 210.2
244.3 246.6 248.8 251.4 255.9 259.8 264.4 267.7 272.3 276.2 281.4 286.9 292.2 296.4 299.7 303.9 306.8 309.5 310.3 312 311 317 320.1 323.1 325.3 326.9 331.3 335.2 337 341.6 345.4 346.5 348.2 349.8 350.2 349.3 346 340 338.6 337.3 336.4 333.7 334.4 333.2 327.3 316.4 296.6 293.5 287.9 286.8 286.8 285.8 286 289.1 293.6 294.6 294.2 294.8 291 288.4 273.9 276.3 265.8 256.1 254.6 246.9 240.5 239.4 233.8 224.7 223.9 220.2 218.8 219.7 213.4 210.9 211.7 212.5
242 243.8 247.1 249.6 253.7 257.2 262.2 267.1 270.4 275.9 283 291.2 300.3 303.3 306.1 308.2 309.8 311 312.3 315 316.9 316.8 321.6 323.2 325 328.5 333.8 336.5 337.9 340.4 343.9 345.5 347.4 349.9 350.6 350.5 348.2 344.6 343 341.8 339.1 340.2 339.8 338.9 337.2 326.4 318.5 314.6 305.3 300 299.1 301.9 301.7 302.5 304.1 305.2 304.2 300.4 297.8 295.6 289.4 291.9 290.3 284.6 278.8 271.6 268 262.5 257.1 248.5 237.7 231.4 228.3 215.1 213.9 216.3 218.9 216.6
240 242.1 245.3 248.6 252.5 256.4 260.4 266.6 272.1 277.2 286.8 300.1 302.7 304.9 306.7 307.9 309.5 311 312.5 315.5 320.1 320.4 320.5 323.5 327.4 329.6 333.2 335.7 337.8 339.4 342 345 348.5 350.6 351.6 352 350.9 348.6 346.8 344.1 343.4 343.5 344.1 342.9 341.2 338 337.8 333.5 328 323.1 319.5 317.5 314.5 313.5 311.8 310.8 309.8 307.9 303.6 296.6 296.5 295.6 294 291.4 289.2 286.7 284.1 280 277.9 269.4 255.2 242.2 236.1 223.8 225.8 224.5 224.9 225
238.5 241 243.9 246.6 251.3 256 261.1 267.7 272.9 278.7 289.8 300 302.7 304.5 305.4 304.7 308.4 310.6 313.3 315.8 318.4 322.6 324.4 325.3 327.2 329.6 332.7 334.8 337.3 340 343.3 346.4 349.6 354.2 356.1 356 354.6 352.6 350.9 348.9 347.6 347 347.2 346.1 345.2 344.2 343.7 341.8 340.6 336.3 331.5 327 324.1 322.5 321 318.7 316.6 312 309.5 300.9 301.3 298.3 295.6 293 290.7 287.5 284.3 281.2 276.7 272.1 263.6 249.5 233.5 225.3 238.8 236.4 234.2 233.5
236.2 236.2 241.6 246.3 250.7 254.9 261 267.1 273.2 278.5 286 295.4 298.6 298.1 299.8 299.8 306.3 311.5 316.6 318.3 320.7 324.7 325.2 326.3 328.7 330.2 332.8 334.9 337.4 341.4 345 348.7 353.2 358.3 361.2 361.1 358.5 355.7 354.3 353.2 351.9 350.6 349.4 348.8 348.1 347.5 346.9 345.9 344.9 344.1 343.1 340.3 335.3 330.3 326.7 323.6 321.5 317.4 309.6 310.1 305.2 301 296.5 293.5 289.8 285.6 282.5 277.8 272.9 266.7 257.9 245.5 228.4 238.2 244.5 243.2 240.5 239.7
229.3 233 235.9 237.5 241.8 246.1 248.9 256.1 265.9 271.6 277.6 282.1 282.8 288 294.5 299.3 303.7 307.7 311.1 314.4 318.7 321.5 324.1 326.6 329.9 332.1 334.8 336.4 339.7 344 348.3 352.9 356.9 361.1 362.8 363.3 362.8 360.6 357.9 356.6 356.1 354.2 352.2 351.3 350.7 350.3 349.6 348.7 347.9 347.4 346.4 345.7 344 340.1 334.1 329.7 326 319.8 317.4 312.5 306.9 300.3 295.1 291.7 289.1 284.6 279.6 273.5 267.2 260.6 250.9 233.7 236.4 246.1 249.3 249.3 246.8 246.5
236 238.7 242.2 246.5 249.8 254.5 258.7 262.6 263.8 260.9 264.7 272 291.2 297.1 298.3 299.4 303.2 309.9 309.3 318.6 320.1 325.3 327.6 330.4 332.2 334.6 337.4 340.9 345.9 349.9 354.4 358.3 361.8 363.4 364.6 364.9 365.3 365 362.5 360.4 359.3 358.4 356.3 354.7 353.4 352.4 351.8 351.1 350.5 350 348.4 347.9 346.4 344.7 342 336.2 330.4 324.9 320.3 314.3 308.7 300.6 292.7 287.2 284.3 278.9 271.7 263.6 256 247.5 238.7 236.2 247.2 251.6 253.2 253.3 251.6 251.3
237.8 241 243.6 247.5 251.7 256.2 260.6 264.9 270.4 276 283.6 290.2 290.1 306.2 311.3 313.6 316.4 320.3 321 318.8 325 328.3 330.6 333.7 335.9 339.1 341.9 344.7 349.6 352.9 357.4 361.1 363.5 364.5 366.5 367 367.5 367.3 367.1 365.2 363.4 361.2 359.7 358 356.4 354.8 354.4 353.8 353.2 352.4 351.4 350 348.8 346.7 345 341.4 331.1 330.2 323 315.8 310.1 297.1 283.1 278.2 272.8 267.6 258 259.1 256.5 255.4 250.2 253.3 257.6 256.1 256.1 255.9 254.3 253.1
238.6 242.2 244.9 248.1 252.8 256.9 262.3 268.2 275.4 284.2 291 299.8 303.7 313 319.1 321.3 322.9 326.1 327.7 327.9 326.3 330.6 333.5 336.4 339.4 342.6 345.3 347.4 350.9 354.4 358.1 362.6 365.2 367.3 368.5 369.4 370.9 370 370.2 369.5 367.9 365.1 363 360.9 360 358 357 356.1 355.3 354.6 353.2 352.1 350.8 349.5 347.3 345 340.3 335.1 328 319.3 312.2 293.6 276.9 269.4 268.7 267.7 262.9 263.5 261 258.7 259.9 262.3 262.5 261.7 259.2 258.8 256.4 255.3
239.3 242.2 244.7 249.5 253.7 258.6 264.7 273.4 283.2 295 304.9 313.2 319.8 311.3 324.3 328.8 329.4 331 331.9 331.6 332.4 333.2 336.6 340.5 343.6 346.9 349.8 351.9 354.9 358.6 363.8 368.3 371.1 372.8 373.4 374.7 374.7 374.6 374.9 373.6 372.3 369.1 366.5 363.9 363 361.9 360.7 358.9 357.3 356.8 354.8 354.2 353 351.2 349 347.5 344.2 340 334.3 324.7 312.2 289.5 277.6 274 272.2 269.2 269.1 268.3 265.6 265 267.1 268.2 268.5 268.6 265.7 261.7 258.9 256.8
239.6 242.8 246.5 250.2 256.1 262.1 268.7 278.9 291.3 304.9 319.1 328.3 336.1 337.6 338.5 339.1 336.6 337.5 336.3 337.3 337.7 339.6 342.8 348.7 354 358.4 361 365.7 369.1 373.7 377 379.7 382 383.7 384 384.9 383.8 383.8 383.1 379.7 377.6 375.2 371.7 369.6 369.5 368.7 368.2 366.3 363.7 360.6 359.6 357 355.7 353.4 351.7 349.5 346.8 343.5 338.5 328.7 307.2 291.2 280.4 279.5 276.2 275.5 274.5 274.3 274.1 271.4 275.3 277 276.4 274 270.9 264.7 262.5 259.8
238.2 241.9 246.4 251.2 256.5 264 272.3 279.2 295.1 314 330.6 339 344.9 346.7 348.4 350.5 349.5 348.8 346 344.5 345.5 348.1 353.3 358 364.2 370.9 377.1 383.2 390 394.2 397.1 399.2 400.6 399.8 399.7 398.8 401.7 400.3 398.6 396.4 391.7 385.8 380.3 379.4 379.2 377.5 377.1 375.4 372.9 370.2 367.4 364.3 361.1 356.9 354.6 352.1 350.3 346.4 342.7 335.1 320.1 307.5 293.9 289.5 293.1 289.5 289.2 288.4 285.7 285.2 285.2 284.9 284.7 280.2 277.8 273.2 268.9 264.8
237.8 242.3 246.7 252.6 259.1 268 276.4 289 297.4 318.1 335.2 342.9 353.2 356.7 358.4 362.1 362.6 360.6 358.2 355.6 354.9 357 361.5 366.3 374.5 382 388 396.4 410.1 417.9 423.3 425.5 425.8 424.7 422.8 420.1 420.1 419.8 420 415.4 411.4 408.8 405.8 401.5 398.4 392.9 386.4 382.9 380.1 376.6 373.9 371.5 368.1 365.7 361.6 357.6 354.8 350.7 347.1 341.4 334.5 324.2 309.6 310.6 315.3 314.9 313.1 308.4 304.4 300.3 297.3 296 293.5 290.1 290.2 283.5 278.1 272.5
238.1 242.7 249.1 257.3 265.5 274.8 288.4 299.6 310.3 321.7 334.9 346.5 354.1 359.3 366.7 373.9 375.5 372.6 366.9 365.7 365.4 368.5 372.8 377.3 384 390.4 401 410.3 418.5 424.1 430.4 435.7 439.6 442.8 444.1 446.3 447.8 449.5 448.3 444.3 438.4 434 427.9 424.4 418.5 410.6 402.5 393.2 386.1 382.3 378.9 376.4 374 372.1 369.2 365.6 359.9 356 350.7 347.7 343 336.5 327.2 328.6 332.9 333.3 330.7 327.4 321.4 318.4 311.2 312.2 308.6 302.5 297.6 296.2 290.1 282.8
240 249.3 256.9 266.2 276.8 287.6 299.9 312.4 322.3 331.7 340.9 347.8 354.5 362.3 371.1 380 382.6 381.2 375.7 373.5 373.9 378 381.6 386.3 393 400 409 415.7 419.6 425.1 431.6 434.6 438.7 442.1 444.2 447.7 449.8 452.4 453.6 455.1 455.5 454.4 451 446.8 437.1 426.9 416.6 405.4 396.3 387.6 383.4 380.1 377.6 375.5 373.4 370.3 365.9 362.1 357.1 353.1 349.9 346.5 339.6 341.1 341.6 339.5 339.5 338.5 337.1 335.6 331.9 327.4 323.5 317.1 308.3 304 302.1 297.6
245.4 248.4 269.1 281.8 292.6 304.1 315.2 323.8 332.8 342 350 352.8 357.8 364.3 374.1 379.7 381.6 382.8 380.3 381.2 382.4 385.3 388.2 394.2 399.2 404.5 410.4 416.5 419.2 424.2 429.1 433.1 436.9 439.8 442.8 446.5 448.7 450.6 451.1 454 454.6 456.1 455.8 455.7 452.2 441.8 429.4 418.1 406.8 396.8 387.7 384.1 382.1 378.3 376 373.5 371 368.4 365.4 360.9 357 353.6 350.6 348.9 346.8 345.9 343.3 342.8 341.7 341 338.5 335.9 331.1 326.3 322 316.3 312.1 306.9
246.5 262.8 276 288.5 302.1 313.3 322.3 330.6 342.8 349.6 353.3 357.1 360.9 365.2 373.2 377.7 382.1 384 383.6 384.2 386.4 389.3 392.6 396.6 401.1 404.7 410.1 414.7 418.2 420.4 425 428.9 434 438 441.2 443.2 445.8 447.7 449.8 451.2 453.2 454.2 454.3 455.5 454.6 451.8 442.3 429.2 418 406.3 396.7 389.4 385 380.9 378.4 377 374.9 372.4 369.3 365.8 364.2 360.2 359.2 356.1 355.3 353.2 351.3 347.8 345.7 344.6 342.5 340 335.5 332.9 328.9 324.6 320 314
254.1 266.1 280.6 294.1 307.1 317 324 336.1 346.2 351.1 355.6 359.2 362.8 367 372.4 378.2 382.3 383.8 384.6 385.1 387.3 390.1 393.2 396.7 401.1 404.5 409 413.3 416.5 418.9 422.4 425.1 429.7 433.9 437.6 438.4 440.9 444 445 446.5 448.4 450.2 451.2 450.8 451.2 450.3 448.6 439.1 425.3 417.5 406.6 398.3 393.3 384.4 381.3 380.4 378 375.6 372.1 369.5 368.6 366.3 365.9 364.3 361.6 359.4 356.7 354.9 352.2 348.1 345.3 342.2 340.7 336.9 334.2 331.1 326.4 321.2
256.2 268.6 282.7 296.3 308.3 317.8 326.5 336.3 347.1 352.8 358.7 362.4 365.1 369.2 374.8 379.5 381.5 382.9 384.1 385.7 387.8 390.2 393.7 396.9 399.5 402.8 407.6 410.8 413.7 416.3 418.6 420.1 424.7 429 431.3 434.1 435.1 437.5 439.4 441.2 442.5 444.6 445.6 446.8 447.9 447.4 446.8 443 436.4 425.9 413.8 407.9 405 395.4 390.2 386.2 382.4 378.8 375.5 374.5 372.7 370.8 371.2 369.3 367.8 366.9 364.6 361 357.3 353.7 350.5 347.5 343.4 341 337.8 334.1 329.5 326.7
