app/static/ascii/SD64.asc
ncols 200
nrows 200
xllcorner 360000
yllcorner 440000
cellsize 50
[rows 35 to 69 of 200, columns 0 to 77 of 200]
448.3 436.4 418.6 415.2 411.4 427.5 431.5 431.6 431.6 431.3 429.3 427.2 423.9 421.2 418.4 417.1 414.9 409.8 403.7 396.8 389.2 370.1 369.6 356.9 382.4 394.9 400.2 403.8 406.3 408 411.3 414.9 416.8 422.5 426.2 427.1 429.2 427.7 425.1 421 418.8 415.5 413.9 412.1 405.7 390.9 396 383.7 394.3 403.3 408.4 412.7 417.3 419.9 426.3 432.5 442 451.1 457 459.5 461.3 462 460.3 455.5 448.9 428.7 396.3 371.1 358.4 361 359.6 350.6 336.7 325.4 315.5 308.3 302.8 298.7
448.5 437.5 421.1 423.5 427.4 424.3 434.6 436.2 436.4 435.6 433.5 430.7 427.9 424.7 423.1 421.7 419.6 415.3 408.4 400.9 392.6 371.4 379.5 362.7 384.4 396.1 402.4 406 408.8 411.2 413.6 418 420.3 423.5 426.1 428.6 431.3 430.3 427.3 424.3 421.6 418.6 418.3 415.7 412.4 399.6 403.8 393.5 394.7 405.2 411 417 421.3 423.3 429.4 435.4 443.2 451.5 456.8 459.5 461.5 460.7 457.6 452.9 439.6 407.9 383.9 367.4 351.6 337.5 338.6 331.9 322.4 314.3 306.2 301.5 296.5 292.1
451 443.8 428.4 428.4 431.4 426.2 438.1 440.5 439.5 439.1 437.5 435.1 431.9 429.8 428.6 427 424.2 418.3 412.6 405.2 396.6 374.9 385.5 369.6 379.3 394.2 401.7 406.9 410.1 413.8 416.6 420.5 423 425.6 427.2 430.3 433 433.8 429.8 426.8 425.4 424.1 421.8 418.7 416.7 413.2 411 406 399.6 408 414 418.7 424 427.6 432.7 439.3 446.1 451.9 457 460.3 460.7 460.4 457.4 451.1 426.7 394.1 370.3 357.4 346.4 332.7 318.9 311.8 307.5 302.5 297.8 294.8 289.9 285.7
451.5 446.2 430.6 431.9 435.8 428.8 440.2 444.2 444.3 443.4 441.8 438.8 437 435.2 434.3 431.5 427.2 422.7 415.9 407.4 393.3 390.5 393.1 386.4 371.1 388.6 401.4 407 411.1 415.4 418.8 422.7 424.5 426.4 428.6 432.6 436.3 436.5 431.6 429.8 427.4 426.3 423.3 423.8 418.1 420.1 416.9 414.2 409.4 413.2 419.4 422.5 427.5 432.6 435.9 442.4 446.8 453.4 457.9 460.1 462.2 460.2 456.6 449.6 416.5 386.6 361.2 351.3 344.2 332.5 316.5 300.4 295.4 293 290.8 288.1 284 280.5
457.3 444.7 440.4 433.2 440.5 437.2 440.6 446.7 447.4 445.6 444.3 444.2 442.6 441.1 438.5 435.4 431.2 426.9 417.4 405.1 390.4 402.6 402.1 398.8 386.4 381 398.1 409 411.2 415.1 419.9 421.1 425.7 428.4 430.6 434.1 439 437.7 434.1 432.5 431.8 430.4 428.1 426.9 425.6 424.7 422.3 416.8 415.9 418.7 423.4 427.9 430 435.1 441 445.3 449.8 453.8 458 461.5 462.3 460.7 458 447.5 412.2 384.1 359.9 351.6 344.5 331.3 312.2 299 288.2 283 282.3 281.1 279.3 275.7
460.6 455.2 446.4 440.6 445.4 446.1 442 447.2 450.4 450.9 448.6 448.2 446.7 445.4 443.4 439.2 435.5 428.6 415 400.2 405.7 413.7 411.7 407.7 397.1 391.1 400.3 409.7 412.1 417.3 419.5 423 427.2 429.7 432.2 435.4 440.3 440.6 436.9 434.7 435.8 434.5 430.5 428.2 429.8 428.5 426.8 422.8 422.5 425.2 429 432 434.8 437.1 442.8 448.1 451.8 456.4 460.1 461.9 461.4 463.4 458.8 448 412.7 384.3 362.9 355 340.8 324.6 309.7 297.3 287 278.9 272.7 274.3 273.3 270.5
464.5 457.7 449.1 446.7 450.9 450.9 450 451.2 453.9 454.6 453.9 452.8 452.4 449.7 446.4 441.6 437.4 430.9 416.4 408.8 418.8 419.6 418.2 412.5 397.9 407.3 410.6 414.1 416.2 419.3 422.5 424.6 426.8 429.5 433 436.9 439.8 440.3 440.4 438.8 438.8 437.8 435.6 431.2 433.3 432.6 428.6 429.3 429.2 430.8 433.8 435.8 440 441.8 445.6 449.5 453 457.9 460.3 462.7 464.1 463.1 458.8 449 412.5 386.5 368.9 351.3 336.5 320.9 306.6 294.7 285.4 278.5 272.4 262.9 269.2 263.9
466.8 461.7 460 453.5 456.7 456.8 455.5 456.3 457.8 457.8 457.6 457.2 456.2 453.7 447.9 445 439.1 432.9 413.6 417 424.8 424.2 421.8 416.4 414.6 414.3 416.4 416.1 419.3 422.5 427.2 429.2 429.8 432.5 435.9 437.6 440.7 442.2 441.6 441.9 442.1 440 438.4 436.5 436.8 433.1 433.3 431.8 434.7 434.5 437.6 439.9 442.9 445.5 449.1 452.9 455.9 458.5 459.5 462.3 463.5 460.5 456.3 445.7 418 387.9 365.9 346.6 333.1 317.7 304.5 294.7 285.4 279.4 271 261.3 260.7 260
472.1 469.3 463.9 459.5 461.7 460.4 460.1 460.1 460.6 462.6 463.6 462.5 459.7 456.2 452.7 446.3 441.6 434 423.5 430.3 429.7 428.4 425.8 421.6 422.2 421.4 421.9 423.3 425.8 430.2 433.4 433.8 434.1 434.8 437.9 439.4 442.4 443 445.2 445.1 443.8 442.6 440.8 439.9 438.7 437 437.8 438.6 438.9 439.1 440.9 444.5 446.7 450.1 452.4 454.8 458.1 459.1 459.1 461.8 461.2 459.3 451.4 439.6 422.3 390.3 365.3 348.1 334.2 315.4 303.4 295.9 287.7 280.5 273.4 262.7 246.8 249.5
474.9 473.2 468.5 466.8 467 465.2 463.5 463.4 465.6 468.5 468.1 466.5 463.2 459.3 453.5 450.5 444.1 433.4 436.6 434.5 434.9 432.4 430.2 427.5 428.1 427.1 429.3 430 432.6 435.2 438.4 439.3 439.4 439.5 439.5 442 442.7 444.6 446.4 445.4 444.7 443.7 441.9 442.5 439.5 437.4 440.6 441.7 442.7 443.5 444.4 449 452.7 454.5 455.9 457.5 457.8 457.8 459.6 458.1 456.7 451.5 441.9 430.8 415.8 392 365.4 347.6 329.3 313.4 300.5 293.9 287.3 283 279 267.7 250 241.9
481.8 476.5 473.9 472.8 472.3 470.4 469.5 468.2 469.4 472.2 472.4 471.1 466.5 462 458.3 453 444.1 444.4 443.4 441 438.8 438.2 435.5 435.3 433.9 433.9 436 437 439.6 441.3 443.1 444.7 444.1 442.7 443.6 445.1 447.3 447.4 447.9 446.2 443.8 443.3 442.8 443.4 442.4 440.2 442.5 443.3 445.8 447 448.6 452.7 453.7 455.4 456.1 455.5 456.7 456.8 457.1 453.5 446.8 438.1 427.3 416 400 379.3 357.6 338.9 321.7 306.1 295.9 291.3 289.8 287.1 281.6 269.2 252.6 239.8
483.3 483.5 480.4 479.7 478.1 475.4 475.2 473.9 474.6 475.4 476 475 470.8 466.5 461.7 457.9 447.8 451.7 449.4 447.1 445.2 445.1 442.5 443 441.9 443 443.9 444.3 445.3 446 447.5 448.3 448.3 448.5 448.2 448.6 450.2 448.8 448.2 447.4 446.6 445.4 446.1 445.7 443.3 440.7 444.9 445.5 448.2 450 451.2 453.1 454.6 454.7 455 454.5 454.9 452.9 451.1 446.9 434 410.1 403.6 396.2 381.5 363.7 341.9 324.5 310.7 297 290.4 287.7 287.4 287.1 276.6 262.6 249.6 237.9
489.6 488.9 487 485.2 482.7 481.4 478.7 479.9 479.5 480.8 479.1 478.3 474.2 470.9 466.7 461.8 457.4 457 455.4 453.5 453 451.5 447.8 450.1 450.3 450.1 448.1 449.9 450.9 450.6 452.6 452.4 451.3 450.5 450.5 448.6 450.4 449.4 447.9 446.3 444.9 445.9 445.8 444.7 443.1 442.5 445.3 448.3 450.5 451.8 451.6 453.7 454 452.1 451.2 450.5 449.4 447.5 444.8 435.4 421.2 389.8 372.1 373.8 362.1 343.4 325.8 308.8 296.8 287.6 281.6 283.2 285.2 276.2 265.2 255.9 245.1 235.9
494 491.2 491 488.2 487.7 485.9 485 483.6 483.5 483.6 482.6 480.5 476 473.3 470 465.3 464.3 462.8 459.6 461 460 456.2 455.2 456.7 457.1 455.8 454.6 455.2 455.2 454.2 454.6 454.2 454.1 451.8 451.5 448.5 448 447.8 445.9 443.8 443.4 444.4 443.2 443 443.9 445.5 448.4 449.3 450.8 451.8 452.6 451.6 449.1 446.8 446.2 447 443 440.2 431.6 418.1 403.5 383.6 351.9 343.9 339.2 324.1 309.1 295.9 285.4 279.3 274.2 274.2 274.3 263.8 254.7 248.1 239.9 231.8
499.2 496.8 493.9 493.1 490.7 489.1 489.6 487.7 486.4 487.1 484.1 483.5 479 476.4 474.7 470.7 469.3 465.6 467.2 466.2 463.4 461.9 462.6 462.2 462.7 460.5 461 460 457.5 457.7 458 455.6 453.9 451.3 448.9 448.9 445.4 443.3 442.5 439.4 441.4 439.9 439.5 440.9 444 446.7 447.7 450.1 450.2 449.7 449.5 447.4 444.6 442.4 440.3 437.2 433.1 420 412.7 394.4 378.6 362.4 344.6 318.2 316.4 303.9 293.6 284.7 276.6 271 267.5 265.9 263.7 255.3 247.6 241.9 234.6 226.3
502.3 500.5 495.8 494.9 495 493.3 493.5 492.6 489.9 489.3 486.1 485.5 480.9 478.9 477.1 475.3 472.2 471.9 471.7 468.3 467.3 466.5 466 467.6 467.7 466.5 464.9 463.1 461.9 460.7 459.8 455.6 453.3 451 448.5 443.8 439.2 437.2 438 436.8 437.7 437.7 438.4 440.4 444.4 445.8 449 448.2 449.3 448.2 445 441.6 439.8 436.8 432.2 427.5 416.9 402.2 390.1 369.2 356.1 341.4 324.7 309.7 296.5 288 280 273.6 268.4 264.3 260.7 261.6 258.4 250.8 241.7 235.8 229.8 224.8
507.4 503.4 501.3 498.5 499.7 497.8 495.4 495 493.4 490.4 489.2 487 483.1 481 480.5 478.7 476.9 476.3 475.4 472.8 469.8 469.4 470.4 470.7 471 469.1 467.1 464.8 463.6 461 458.1 454.9 453.1 449.4 445.9 439.7 434.6 433.1 434.4 433.8 434.8 433.6 437.2 439 442.4 446 447.6 448.6 447.8 445.2 439.7 434.2 430.2 424.7 418.8 408.2 397.4 378.9 365.4 349.1 336.5 322 309.9 292.8 279.4 274.6 269.4 265.2 261.4 257.4 255 255.8 253.8 245.1 238 229.7 226.2 221.8
508.8 507.6 505.2 503.4 503.3 501.3 499.1 498.1 495.9 493.2 490.9 488.2 486.5 483.4 481.8 480.9 479.8 477.6 477.7 474.4 475.1 472.7 471 472.2 471.7 469.6 467 463.3 462 459.7 457.5 456.1 452.2 446.5 440.4 437 429.5 430.1 430.6 427.9 430.3 429.2 434.1 438.5 441.8 444.8 446.5 446.7 443.6 440.2 434.5 425.4 399.4 399.7 395.4 386.2 371.3 354.9 331.8 328.9 315.6 301.1 292.4 278.4 270.4 264.1 260.5 256.8 253 249.6 248.8 251.9 249.1 241.9 233.7 225.1 222.6 218.4
512.5 511.1 508.4 507.2 505.6 504.7 501.5 499.8 497.3 493.9 491.1 488.2 486.7 485.5 483.4 482.1 482 481.2 479.8 478.5 478.7 476.4 474.9 473.4 470.4 469 466.7 463.9 462.1 458.5 456.4 452.5 447.2 440.6 436 431.3 428.6 425.8 424.2 418.5 415.9 427.9 431.8 437.7 441.3 443 444.5 444.1 442.2 437.3 429.7 403 378.8 366.7 368.1 362.5 348.2 333 319.5 308.7 295.6 284.1 276.1 267.7 259.9 257.5 252.6 249.1 246.2 242.2 244.9 247.3 246.4 240.5 228 220.1 218.3 215.3
511.8 510.9 512.2 509.4 508.1 505.3 504 501.8 497.8 495.2 490.6 489.7 486 483.9 483 481.3 481.8 481.2 480.6 480.3 478.6 477.9 477.1 473.8 470.5 468.7 464.6 460.5 460.2 456.7 450.8 445.5 441.4 436.9 431 426.6 424 417.6 410.4 407.5 420.5 428 431.8 436.7 440.4 443.4 442.5 441.5 437.9 434.8 425.4 396.2 363.1 343.7 337.6 337.8 329 317.1 303.3 287.5 282.5 272.1 264.6 258.3 251.7 248.2 245.4 242.1 240.2 237.7 241.4 244.3 243.5 237.9 224.3 216.2 214 211.8
511.8 511.7 511.7 510.9 508.8 506.7 504.7 502.2 498.8 494.7 491.1 488.1 486 483.7 483.7 480.1 478.7 478.3 479.2 479.4 478.4 477.9 475.8 474.4 471.4 468.8 465 461 456.5 451.9 445.6 441.4 437 430.7 427.1 419.7 418.5 409.5 395.2 414.5 422.7 428 434.2 437.3 440.1 441.6 441.7 439.1 436.7 433 423 395.8 364 336.2 318.4 317.6 314.3 305.3 292.7 280.5 270 261.9 254.2 250.7 244.9 240.3 237.9 236.1 233.5 234.2 237.6 242 240.1 233.2 219.7 213.4 208.2 208
511.5 511.5 510.8 510.2 508.8 507.2 506.1 502.5 499.1 495.4 492.2 488.7 486.9 483.2 481.6 478.4 476.4 475.4 475.5 475.4 475 474.8 474.3 471.6 468.7 465.6 461.5 458.9 453.6 448.2 440.7 436.6 431.7 425.9 420.7 413.4 402.7 386.1 403.7 415.3 422.7 428.2 434 437 438.7 439.9 438.7 434.8 431.9 427 420.8 403.5 373.3 344.6 319.5 300.4 293.8 290.4 283.7 272.3 261.4 252.7 246.6 242 238.6 233.4 232.8 231.2 228.5 231.4 234.4 239.2 238.8 228.2 216.6 211 205.5 204
509.6 508.9 508.9 508.4 507.8 506.5 506 503 500.2 495.9 492.6 487 484.7 482 479.4 475.9 474.3 471.2 471.2 471.5 471.9 472.1 470.4 467.5 464.6 460.4 458 454.4 448.2 443.8 437.2 426.2 424.1 416.5 407.4 394.2 377.3 392.7 405.7 415.1 419.9 426.7 430.8 435.3 436 435.7 434 432.7 427.1 422.3 415.9 404 387.3 361.7 335.9 317 295.6 274.9 268.8 262.9 253.7 245.9 240.2 234.8 232.5 226.7 228.3 226.7 224.1 228.7 232.9 238.5 237.1 225.4 214.9 209.2 205.1 200.9
508.3 508.2 506.9 507.6 506.6 505.4 503.4 501.1 498.4 494 490.2 486.9 482.7 479.3 476.8 473.6 470.7 468.5 466.9 466.8 467.2 466.5 465 461.6 460.6 456 452.7 449.2 443.1 439 432.8 422.8 405.1 397.9 383.9 369 377.3 395.4 405.7 412.8 419.9 425.6 429.5 432.2 432.4 432.3 430.3 425.2 421.1 416.2 408.4 397 384.3 368.7 351 329.9 308.8 289.1 271.5 256.3 244.2 238.2 234.4 229.9 227.2 225 223.6 222.1 222.5 227 232.5 237.2 232 220 212.3 208 203.8 199.5
506.5 504.9 504.1 504.4 504.6 504.2 502.9 501 498.7 495.7 491.7 487.6 484.3 479.2 476.1 472.5 468.6 466 463.9 464.1 463.7 461.5 459.2 455.9 455 451.4 447.7 443.4 438.1 433.3 423.3 408.4 392.7 376.3 363.8 362.2 381.7 396.2 404.9 410.6 417.9 423.9 426.8 428.6 430 426.4 422.9 417.4 414.6 406.3 396 384.9 373.2 359.6 346.5 332 314.8 296.9 281.2 262.8 247.6 237.2 231.7 224.4 220 219.3 219.2 217.4 222.3 226.8 230.8 231.5 222.8 213.5 208.4 205.2 202.2 197.7
503.2 503.2 501.5 501.1 501 502 500.4 499.6 497.2 495.1 491.4 488.6 485.1 480.6 475.8 470.3 466.9 463.1 460.3 460.9 459.7 458.7 456.1 453.3 450.2 448 445 437.8 428.3 417.7 405.1 390.1 378.3 365.2 342.8 366.7 385.2 396.4 403 410.3 415.8 419.2 423.1 423.7 422 419.6 415.5 408.8 399.6 391.2 379.6 367.5 358.3 346.9 336.1 324.3 308.9 294.2 280.4 266 248.7 236.5 230.2 225 221.1 218.2 213.1 213.9 221 222.5 224.3 221.7 215.4 209.8 205.1 201.8 199.3 196.4
501.5 498.3 496.6 496.6 497.9 496.9 497.5 496.3 494.5 492.9 490.7 487 482.9 478.9 473.9 467.1 462.6 458.5 454.9 455.9 456.2 455.9 454.1 453.1 448.1 445 435.7 415.4 401.3 387.4 383.4 370.2 359.9 346.7 349.7 375 386.7 395.2 402.7 406.9 412.9 416.6 420.5 420.2 415.4 411.7 407.5 394.9 377.4 369.2 360.1 351.6 342.4 332.8 324.8 313.6 300.1 290.4 276.7 262.4 250.9 237.9 230.6 226 219.8 217.1 214.4 208.2 212.6 217.1 216.9 213.9 209.9 206.3 202.2 198.8 195.8 194.1
496.3 494.4 492.9 492.6 492.2 493 492 491.4 490.3 488.2 485.8 482.9 478.9 474.9 470.7 462.8 456.8 452.1 444.7 450.2 452.2 451.7 451.2 448.9 445.8 437 417 402.1 389.9 377.3 362.4 347.7 337.4 330.7 357.9 375.6 386.6 396.7 404.1 409.9 413.1 415.4 416.7 413.9 408.7 403.6 396.8 383.5 355.2 346 340.6 333.5 327.6 321.6 313.6 300.9 291.7 282.5 270 258.1 248 237.2 231.1 226.9 221.6 219.1 218.1 215.7 206.7 208.4 210.5 208.4 205.9 202.3 199 196.5 193.1 191.3
489.7 488.4 488.3 487.1 487.8 485.8 486.7 484.8 482.9 481.3 479.5 476.7 472.9 469 464.4 457.7 450.9 445 436.2 444.6 446.7 446.4 445.2 443.2 437.1 424.2 403.6 391.4 373.7 359.4 341.5 323.4 317.2 346.4 363.1 375.1 387 396.4 404 410.2 413.7 415.5 414.3 409.3 403.2 395.3 385.6 369.8 349 323.3 314.6 314.2 314.9 306.1 300.1 292.2 284.8 275 263.7 253.1 245.3 237.4 231 227.2 223.5 223.8 224.4 221 213.3 203.7 204.7 204.1 201.6 198.9 195.7 191.6 188.8 187.5
483.2 481.8 480.8 481.8 479.6 478.8 477.6 477.1 476 474.3 472.2 469.2 466.4 462.3 458 452.8 445.6 437.3 427.2 436.5 437.3 439.1 437 434.4 427.6 412.4 393.2 380.7 361.3 347.1 327.5 308 325.2 347.9 361.7 374.4 385.4 395.7 402.4 407.4 411.8 413.9 412.9 408 399.7 385.5 364 350.3 335 318.3 305.4 305.9 304.4 295.8 290.1 283.4 278 268.9 257.4 249.7 242.5 235.2 230.8 226.9 226.8 227.1 226.8 222.6 217.5 206.5 198.5 201.5 200.3 197 192.9 190.9 188.6 182.2
476.4 473.9 473.8 471.7 468.8 467.4 465.5 463.7 462.7 461.8 461.6 459.9 457 453.6 450 443.4 435.8 427.2 412.7 427.2 428.6 430.6 429.1 425.3 418 406.1 385 365.3 346.4 330.7 311.8 304.7 318.5 338.8 355.6 366.7 377.4 386.3 394.7 403.7 408.8 410.8 409.6 406.5 398.7 381.6 351.5 325.5 318.2 306.4 294.1 291.4 288.5 284.5 281.2 273.7 269.2 259.4 252.4 246 240.6 233.9 231.1 228.5 228.5 228.7 228.3 224.9 219.4 207.7 198.4 201.5 201.1 198.2 196.5 192.8 189.5 186
468.3 466.5 462.4 461.4 459.4 458 453.5 451.1 449.5 449.9 449.1 448.1 446.3 443.5 440.1 432.5 421 413.5 399.5 417 419.6 419.7 419.9 416.8 411.2 394.5 374.5 349.3 325.7 309.2 296.2 299.4 307.1 323.4 341.7 353.7 362.3 371.7 381.5 391.1 399.8 404.4 404.6 403.1 396.2 382.1 357.9 330.4 307.6 292.9 284.7 279.2 277.1 273.4 270.5 265.8 256.6 251.1 245.9 241.7 238.5 233.9 231.4 230.2 230.3 230.7 230.9 229 220.7 208.2 197.6 198.9 198.6 196.9 194.4 191.3 188.2 185
456.2 453.3 447.7 444.7 442.9 440.5 436.4 433.1 432.7 434.4 436.1 436.2 434.5 431 425.4 418 403.8 396.3 397.8 408 410.5 410.9 411.8 410.8 402.4 384.9 362.1 335.6 313.6 297.6 288.6 292.5 299.7 311.4 322.8 334.9 341.4 351.1 363.4 374.7 386.4 394.4 398.5 397.6 390.5 378.5 362.2 338.7 312.6 291.4 277.9 270.7 266.8 261.6 258.3 254 249.2 244.1 240.8 238.3 236 232.8 231.6 231 231.7 232.3 233.1 231.4 220.8 208.7 195.2 196.3 194.7 194 191.7 190.1 187.4 183
444 439.8 434.2 426.4 420.9 413.9 409.4 408.7 412.5 416.4 418.2 420.3 418.8 415.7 410.4 404.7 395 379.2 393.5 399.1 402.7 403.2 404.6 402.9 393.5 377.1 352.2 326.7 304.5 289.3 284.1 286 291.6 299.1 306.4 317.6 325.6 333.7 347.4 362 377.4 387.5 390.8 388.8 382.4 372.6 359.5 340.8 319.6 298.6 278.6 264 258.1 253.3 250.5 246.1 242 239.3 237.4 236.1 234.2 232.5 231.6 231.3 232.9 234.2 233.3 226.8 217.3 208.2 192.3 197.9 196.2 192.6 188.7 186 183.7 179.4
431.4 428.1 422.1 413.8 404.6 398.4 396.8 396.9 399.8 402.9 405.3 406 403.7 400.6 397.9 392 380.7 367.3 385.4 391.5 394.8 396.3 396.9 395.6 387.1 366.9 342.2 321 296.2 282 279.6 280 284.4 290.8 296.7 307.2 315.2 327.5 337.9 351.3 363.7 375.6 377.9 379 373.4 365.4 352.9 337.2 322.3 304.5 284.2 267.4 252.5 247.5 243.9 240.5 237.5 235.3 234.7 234 233.3 232.3 231.3 232.1 234.2 233 228.7 220.2 213.2 205 189.7 201.1 197.9 194.8 192.2 190.3 188.2 186.8
