app/static/ascii/SD66.asc
ncols 200
nrows 200
xllcorner 360000
yllcorner 460000
cellsize 50
[rows 0 to 34 of 200, columns 78 to 155 of 200]
97.4 96.3 95.5 96.1 96.5 97.3 99.9 102.9 104.7 105.3 105.3 108.7 110.7 110.5 108.9 106.1 101.9 103 103.7 104.8 105.3 104.7 103.8 103.2 102.5 105.2 107.9 108.3 109.8 113.3 114.3 113.8 114.8 113.7 109.3 106.1 100.1 101.6 109.2 114.7 116.1 111.6 108.7 107.2 103.9 99 96.5 99.5 107.6 112.2 113.9 112.5 112.8 116.5 118.6 117.8 117.1 119.8 123.4 124.7 123.5 119.3 119.2 122.1 122.6 123.9 125.4 126.6 127.8 128.1 128.6 130.3 133.6 136.7 137.9 137.3 135.4 129.6
91.3 91.4 90.8 91.6 92.8 93.8 96.8 100.7 102.7 104.2 103.9 104.8 105.9 105.7 103.6 101.6 100 103.7 104.9 105.6 105.6 102.5 103.5 103.1 100.6 102.7 103.3 104 106.8 111.1 112.5 114.7 117.6 116.5 112.1 106.1 98.2 100.1 106.7 108.3 108.6 104.9 100.8 97.2 95.5 96.4 98.5 103.6 106.6 110.5 110.7 108 112 114 113.7 113.1 115.6 119.9 124.9 127.2 123.5 118.9 118 118.9 120.2 121.3 121.9 122.7 125 128 130.7 133 136.7 139.1 140 138.9 137.1 132.6
84.9 84.9 84.4 86.3 87.5 89.3 93.3 97.3 99.9 101.6 102 102.4 101.7 100.9 98.6 96.8 100.6 102.4 103.5 103.8 103.3 102.8 104.4 103.9 100.5 99.3 99.1 101.5 104.8 108.1 109.6 113.2 114.9 112.3 107.6 102.6 96.7 98.2 101.6 101.6 99.7 98 94.6 95.7 101 104.1 108.3 111.7 106.7 107.8 107 105.9 109.1 109.3 109.2 109.8 114.8 120.3 125.4 127.9 126 121.9 116.9 117.8 119 119.8 124.5 128 131.4 133.8 134.7 136.1 137.5 140 141.2 140.9 139 134.5
77.2 79.5 79.4 81.5 82.9 84.3 88.5 92.5 96.8 99.2 99.5 99.5 99.3 97 94 96 97 97.9 97.1 97.7 98.3 100.6 103.9 102.7 98.3 93.7 95.7 99.4 102.3 104.2 106.2 109.8 111.3 108.3 103.9 99.6 96.4 94.5 95.7 95.4 94.5 92.3 93.5 101.2 107.2 111.1 114.7 115.7 111.7 107.4 105.5 103.8 105.4 107.2 109.8 109.8 115.8 120.7 124.9 128.4 127.5 124.8 117.8 118.4 121.1 124.5 128.7 132.3 136.1 137 135.4 135.8 136.6 138.6 140.6 141.1 139.6 134.8
71.1 74.2 74.4 77.1 78.7 80.9 84.3 88.9 92.9 95.5 97 97.1 97 93.9 90.1 90.7 91.2 90.8 90.2 90.9 92.4 96.1 100.4 97.5 94.7 90.8 92.8 96.2 98.5 100.3 101.2 104.2 106.2 103.8 100.8 97.7 95.9 88.7 90.5 89.6 92 94.5 95.8 103.1 109.5 112.8 117.4 117.8 114.9 111.9 108.7 104.4 106.6 110.5 113.1 114.5 116.6 121.1 124.4 127.3 128.4 124.8 116.6 120.1 123.9 127.8 133.9 136 135.7 134.8 132.5 132.1 132 133.9 134.9 135.8 134.2 131.7
64.6 66.9 71.1 74.4 75.9 79.6 83.2 85.2 89 92.4 93.6 94.6 94.6 92.1 87.9 86.7 85.2 85.2 85.1 85.4 87.5 91.5 95.6 94 92.1 89.9 89.2 92.9 94 94.5 95.4 97.8 100.4 99.9 97.9 96.2 91.4 85.7 88.6 89.6 94.7 95.8 97 103.8 108.6 112.4 115.4 115.9 115.5 114.1 111.3 107.4 107.2 114 116.9 117.6 117.2 119.9 122.7 126.2 128.4 124.2 116.5 120.5 124.9 129.3 132.8 133.3 131.6 128.7 127 126.4 127.4 129.3 129.7 129.6 128.1 126.4
63.4 64.4 66.1 67 75.4 78.9 81.9 83.6 85.6 89.5 89.8 91.3 91.7 90.1 90.4 91.6 87.8 81.9 79.4 80.3 82.8 85.6 88.8 90.2 89.7 87.5 85.5 89.3 90 90.1 90.3 93 94.2 94.3 92.8 92.2 85 92.3 94.3 94.8 94.9 95.7 96.5 100.5 105.6 108.2 110.2 111.1 111 110.8 108.7 105.4 107 112.5 116 116.2 115.5 117.8 120.9 124 125.1 122 116.1 118.3 122.8 127 128.6 128 125.9 124.3 122.6 121 122.6 124.5 125.3 125 123.4 124
61.4 62.1 63 67.8 71.1 76.1 80.5 82.9 83.2 85.2 86.6 89 91.8 89.8 90.6 89.8 85.5 80.2 75.9 77.1 79.9 80.8 81.3 83.7 86.4 84.2 83.4 84.7 84.6 84.2 86 87.3 87 87.1 86.9 82.3 87.5 94.2 94.8 95 94.5 94.7 95.5 97.6 100.7 102.7 104.1 105.1 105.7 105 103.4 101.5 104.2 108.9 112.7 112.7 113.4 116.1 120.1 122.6 122 119.3 111.8 114.7 118.9 121.8 123.3 122.5 120.9 119.5 117.8 119 120 120.5 121.3 121.4 123.2 128.5
60.7 62.8 62 63.1 64.9 68.6 71.7 75.2 79.7 83.4 85.6 87.9 89.8 83.5 80.3 82.8 82.6 77.5 76.3 77.2 77.9 78.2 77 78.9 80.8 78.8 78.4 78 77.7 79.1 81 80.7 80.8 81.9 81.6 84.1 90.7 94.2 94 93.5 93.2 93.4 94.7 95.2 95.6 97 98 99 100.3 103.5 103.6 102.7 102.8 105.1 109.3 111.1 111.7 117.2 120.9 121.2 120.7 116.3 110.5 111.4 115.1 117.2 117.6 117.8 114.3 118 122.2 124.7 124.9 122.9 122.9 124.4 128.8 133.1
59.6 57.4 59.9 61.6 64.4 64.2 65.3 66.4 71.5 79.8 81.9 82.9 80.1 75 69.4 70.5 62.7 62.8 69.4 77.4 77.7 79.1 73.4 74.7 75.8 74.4 73.9 73.9 77.1 79.5 78.4 80.9 81 81.7 83.9 88.6 93.3 92.6 92.5 92.9 93.5 94 94.9 95.6 95.4 96.3 95.8 97 98.7 105.7 107.6 106.4 103.8 102.2 105.6 107.5 112.2 118.2 120.8 120.2 117.8 113.1 108.6 108.6 110.1 112.3 110.2 115.6 119.7 122.7 126.6 128.4 127.2 125.2 125.4 126.2 129.5 133.5
60.4 60.8 60.1 56.6 61.3 62.6 63.6 66.1 65.7 70.4 75.6 78.4 79.1 74.5 62.8 65.2 63.9 65.9 66.2 67.5 71.7 78.9 69.3 69.8 70.1 72.1 76.2 78.9 82 84.8 85.4 85.2 85.3 86.1 86.6 88.1 88.7 89.3 92.3 94.9 96.2 96 95.8 96.1 96.8 97.9 97.9 96.4 101.6 107.3 108.9 109 103.7 100.2 102.1 105.5 111.9 116.8 119 117 113.2 109.6 107.9 108 108 108.8 113.6 118.6 121.8 124.8 127.3 127.6 125.4 123.1 124.5 126.1 128.6 131
63.4 63.1 62.4 61.3 57.5 60 61 62.8 64.6 65.8 67.9 70 73.4 62.2 64 66 66.3 66.8 64.7 67.2 67.8 70 69 70.6 73.6 76 79.5 82.6 84.9 86.5 87.2 86.8 85 87.2 86.4 85.3 85.1 88.4 92.7 94.2 95.5 96.3 95.6 96.1 98.2 99 96 96.8 101.2 105.3 107.7 107.3 103.1 99.7 100.3 103.2 109.8 114.1 115 112.2 110.4 110.2 107.5 106.7 108.1 111.8 116 118.1 119.2 121.2 122.9 122.8 122.5 121.2 122.7 126.7 129.5 131.6
72.9 66.9 65.6 64.6 63.2 58.7 58.6 62.5 63.1 63.3 66.4 69.3 70.1 62.2 66 69.8 66.8 69.3 63.8 66.9 67.6 67.9 69.3 71.9 74.9 79 82.5 87 89.6 87.3 86.5 86.7 86.2 90.2 88.5 87 82.9 86.3 91.6 92.7 92.6 94.2 94.3 95.9 97.7 96.9 94.5 94.6 97.3 99.8 103 104 100.9 99.5 99.6 100.6 105.3 109.2 110.6 109.4 111.9 112.4 110.4 107.7 109.3 112.6 113.5 115.1 116.2 116.9 118.1 118.2 118.4 120.5 123.9 127 130.4 131.5
76.1 69.5 68.6 68.2 66.6 65 62.7 57.5 63.1 62.7 63.8 66.5 65.3 61.3 64.2 66.3 68.5 70.4 72.1 63.8 68.5 68.7 72.4 72.7 73.8 79.4 82.6 85.2 87.2 88 87 83.5 81.2 82.6 81 79.5 85.4 84.7 87 87 89.1 92 94.4 95.5 96.6 93.4 93.6 93.9 96.3 97.6 96.4 98.5 99.5 98.9 99.2 99.4 102.6 105 106.4 108.1 111.2 112.8 111.4 107.9 107.7 110.4 111.3 112.4 113.4 113.9 114.6 115.7 119.7 123.4 126 128.8 130 126.5
74.9 72.7 72.4 72.7 72.1 71.3 76.6 68.5 59.4 61.3 63.6 63.9 64.2 62.9 64.3 68 70.6 75.6 80.7 71.8 64.7 63.8 68.2 69.1 71 75 76.2 75.6 74.5 76.9 79.1 75.8 73.7 75.3 75.4 78.3 80.7 83.9 84.1 84.8 90.5 94.2 94.6 95.2 95.3 93 93 93.5 94.8 94.5 94.9 98.1 99.4 98.8 97.6 99.7 102.5 103.9 102.8 106.6 110.7 112.3 110.1 105.2 103.4 109.1 109.5 111.1 111.9 110.9 114.1 118 121.9 124.5 127 128.2 128 123.1
81.1 81.6 81.6 81.4 79.4 77.5 79.9 78.6 71.8 65 58.2 62.4 62.9 62.9 64.3 69.1 71.5 78.7 85 82.4 67.1 65.7 68 69.1 69.8 70.5 69.1 75.4 78.8 74.8 71.7 72.5 72.7 74.7 77 77.7 79.2 82.6 83.6 84.3 88.4 91 92.8 93 93.7 93.2 93.1 91.1 90.9 93 95 96.8 97.8 97.3 98 100.3 102.1 102.7 101.6 104.7 108.1 107.9 105.8 101.1 102.5 109.8 109.9 110.5 110.6 110.7 114.7 119.3 123.5 125.4 125.3 125.5 124.4 125.1
87.5 89.1 90.4 90.3 87.5 84.4 83 81.9 78.8 76.6 73.3 58.4 60 59.6 69.1 69.7 73 80.8 86.8 86.7 77.3 68.3 65.5 69.6 70.6 70.4 69.3 68.5 70.8 70.7 71.2 71.9 72.4 73 73.5 73 73.7 74.5 76.3 79.2 81.1 85.3 87.3 88.5 90.6 92 90.5 88.2 88.3 90.4 91.6 94.1 94.7 94.3 96.2 98.8 101.3 102.1 101.9 102.2 103.1 103.1 98.5 106.4 109.4 109.9 110.2 109.9 108.9 110.4 115.1 120 123.8 122.8 121.6 120.9 123.9 131
92.1 94.4 97.4 97.5 93.9 90.6 88.7 86 84.1 82.4 80.1 66.4 66.4 71.7 70 69.6 73.3 80.6 86.4 87.7 84.7 73.3 68.2 69.8 69.6 70.3 68.7 68.7 69.1 70.4 71 71.4 72.1 72.7 73.2 73.4 74.5 72.4 74.9 74.1 72.5 74.4 77.1 81 82.6 81 86.9 84.1 85.6 88.1 88.1 90.2 90.9 91.9 94.1 96.7 99.2 98.6 99.4 99.1 98.8 92.9 101.7 105.8 107.4 107.9 108.6 108.7 106.8 109.5 113.7 118.2 118.3 117.8 121.1 129.2 130 134.7
92.3 95.6 99 99.8 97.5 96 95.3 92.5 86.3 83.7 81.9 76 75.5 75.2 73.8 71.9 73.2 78.2 84 86.5 81.4 76.2 64.8 69.2 69.7 68.9 70.6 70.7 70.8 71.7 71.9 72.8 72.7 73.1 73 72 70.9 74.7 72.5 74.6 74.1 72.9 74.8 75 75.6 76.4 78.8 83 85.2 88.8 88 87.2 87 89.1 91.3 93.1 95.9 93.6 94.1 94.7 92.5 95.1 99.2 101.7 103.3 104.4 104.4 101.3 102.1 107.5 109.5 111 117.8 125.9 129.1 131.3 132.5 134.6
91.9 92.4 95.5 97.4 98.4 98.8 98.8 94.2 89.7 86.5 78.5 79 82.4 85.8 82.4 77.6 72.9 74.5 79.4 81.8 78.4 77.9 79.6 71.2 70.1 71.7 71.8 71.4 72.8 74.3 78.3 80.1 82.6 81.8 79.2 75.3 77.8 74.8 74.2 73.9 73.7 74.3 75 72.9 75.2 76.4 77.6 80.6 88.9 90.7 88.6 85 85.6 86.2 88.5 89.4 90 89.9 89.9 89.9 89.5 93.2 95.4 96.8 98.4 99.1 98 102.8 108.9 112.3 116.3 120.6 123.2 125.5 128.6 130.5 130.7 133.1
93.8 93.6 94.2 95.3 96.8 97.8 97 93.6 91.3 87.5 79.9 85.4 92.1 92.1 90.1 84.2 77.8 74.7 75.7 76.8 79.4 83.5 83.1 82.5 81.5 80.6 75 73.9 75.2 77.3 83 86.5 88.5 87.1 84.2 80.1 81.4 85.2 85.6 74.6 74 74.3 74.7 75 73.5 77.2 77.2 76.6 88.5 92.6 88.6 83.3 81.4 85.7 84.2 86.7 87.1 87.8 87.4 87.6 88.8 90 90.8 92.2 94.5 94.8 99.2 108.9 110.3 110.8 115.3 120.9 123.6 123.6 121.7 122 125.5 129.1
97.3 95.4 94.7 94.9 95.1 95.7 96.4 96 93.8 87.3 84.9 90.5 93.9 95.3 95 92.4 88.1 84.9 83.5 81 80.4 86.7 87.2 88.7 87.9 85.5 80.8 76.7 82 83.3 87.6 92.6 94 92 88.6 81.5 87 92.2 91.3 88.4 84.9 77.6 75.5 75 75.2 73.9 76.8 76.5 78.3 92.6 88.8 82.6 80.7 81.8 80.2 80.7 86.8 84.1 87.4 87.3 89.6 90.5 94.4 96.4 95.3 96.8 99.9 101.8 103.2 108.5 115 118 120.8 120 115.5 116.1 117.8 121.9
99.1 97.6 96.1 94.5 94.8 96.3 97.5 98.2 93.7 84.5 84.1 89.8 92.9 95.2 95.9 96.1 94.7 93.3 91.2 88.4 85.1 87.7 90.8 92.2 92.5 89 85.5 80.2 86.9 88.5 93.3 97.3 98.6 95.9 89.1 80.9 88.6 94.1 94.8 92.2 86.8 87 85.2 78.9 75.8 76.2 74.8 75.7 77.4 88.9 89.4 81.3 79.9 79.5 79.8 80.2 83.7 84.2 90.5 93.8 92.9 95.3 95.1 91 89.6 93.7 97.4 95.5 96.2 100.3 104.6 109.1 111.7 109.1 108.2 109.9 111.6 114.6
100.1 98.1 96.3 94.5 96 97.3 98.8 98.5 94.4 87.7 85.3 87 90 93.5 96.7 97.8 100 98.8 96 92.3 89.7 89.9 93.2 95.9 95.3 92.8 89.5 83.1 87 92 96.9 101 100.8 95.9 89.4 83.5 85.6 89.8 92.6 91.4 88.8 92.2 91.9 88.5 76.5 77.1 76.7 74.4 78.8 81.2 80.7 78.4 78.9 79.6 80 80.4 80.7 81.6 85.2 88.8 89.9 91.7 91.6 91.7 91 90.2 90.6 88.4 87.9 89.4 90.8 91.7 93.9 97.9 102 104 105.2 107.9
101.1 98.6 96.5 95.5 98.2 99.9 101.2 99.7 96.4 93.3 91.8 88.1 87.4 91.1 95.2 98.1 102.9 103.5 99.5 95.2 92.8 92.1 95.8 98.4 97.1 95.9 93.4 90.7 83.5 90.6 96.9 101.2 99.7 95.6 89.5 84.7 85.6 86.8 87.4 87.8 90.6 95.2 97 93.3 90.4 81.8 77.8 78.2 74.8 78.5 78 78.3 78.7 80.3 80.3 80.8 80.6 81 81.3 82 83 80.7 82.3 83.4 84.7 84.8 85.9 85.3 84.8 84 83.3 85.8 83.9 84.9 89.9 92.2 95.6 101.8
99.1 97.2 95.7 96.5 99.2 100.7 101.2 100.3 98 99.4 97.2 90.2 86.7 89.4 93.2 97.2 103.2 105.3 102.9 98.4 91.9 92.6 97 99.9 100 99 98 96 84.9 89.9 96.7 100 99.8 95.1 89 86.8 87.2 90.4 88.5 87.4 90.6 94.1 95.4 94.5 92.1 93.4 91.5 77.8 78.5 76 77.1 77.5 78.7 80.6 80.2 78.6 77.4 78 81 81.2 80.6 81.5 81.9 82.2 83.4 83.8 84.5 84.3 81.1 84 85.6 85.4 86.4 86.3 87.4 88.2 88.6 92.6
96.7 94.9 94 96.7 99.1 100 99.9 100.2 100.3 102.3 99.6 91.2 87.5 88.2 90.8 95.4 101.9 105.4 106 101.8 94.9 92.5 96.4 99.9 100.1 100.4 100.8 97.6 92.1 91.9 96.7 99.6 99.4 98 94.1 93.7 98 98.9 96.8 93 88.9 91.9 93.2 93.7 94.8 96.7 88.4 79 79.5 79.6 80 80.3 80.7 81.1 84.3 85.5 85.6 87.3 79.8 79.2 80.9 81.9 82.6 82.3 82.2 80.7 80.5 82.2 82.8 84.6 85.5 85.3 86.9 85.6 87 86.6 86 87.3
93.7 93.6 97 98.4 97.9 99 98.7 99.7 103 105.4 99.3 93.8 92.3 89.7 89.4 93.5 99.7 104.3 107.5 105.7 100.4 95.8 97.2 100.7 102 102.6 102.9 97.2 88.9 94.1 97.7 100.3 100.9 101.3 101.2 103.2 104.8 105.4 103.6 101.3 95.2 92.1 92.3 94.6 97.3 100.1 94.5 83.9 83 80.8 81.4 81.7 85.7 89.3 92.8 92.3 91.3 95.2 83.5 82.3 82.8 83.1 83.1 85.5 87.8 90.1 87.2 84.6 85.8 86.1 87.4 90.7 90.2 89.9 87.7 88.2 88.7 88.4
101.4 102.9 103.2 99.8 98.4 101.2 102.9 102.8 104.4 104.8 101.4 100 99.4 95.2 90.1 91.7 96.4 101.9 106.4 106 103 99 98.9 101.4 103.5 104.5 102.8 97.5 91.3 95.6 98.8 101.1 103 104 104.6 107 109.2 110 108.8 106.2 100.4 95.1 93 94.6 98.3 102.7 101.4 92.6 89 89.6 84.3 89.2 94.7 98.6 100.5 97.5 96.3 98.5 96.2 91.4 89.2 92.6 92.6 94.8 98.8 100.7 101.4 99.2 100.3 96.4 90.8 90.3 91.8 91 90.3 90.8 90.4 90
107.3 108 106.9 103.7 104.6 106.5 106.5 104.4 104.4 104.6 104.5 104.1 101.7 96.5 95.2 95.3 93.9 99.8 103.1 105 102.1 99.7 100.5 102.7 104.7 104.7 101.4 97.2 94.2 97.4 100.5 103 105.3 106.2 106.4 108.2 110 110.6 110.5 108.8 104.6 101.4 100.3 98.4 100.2 103.6 103.3 101.9 99.8 100.3 90.7 98.8 104.1 107.2 106.1 102.4 100.4 99.7 97.5 93.9 92.6 94.4 96.7 98.7 101 101.6 102.3 104.3 104.4 99.6 93.4 93.4 94 93.4 95.8 93.9 92.2 94
109.7 108.3 106.8 106.2 108.3 110 108.5 106.5 105.8 106.3 106.5 105.3 102.1 98.1 97.3 100 94.2 95.2 97.4 100.3 101.5 100.3 102.9 105.1 106 104.4 100.1 95.5 95.7 99 102.2 104.6 104.7 104 104.4 106 107.2 108.2 109.2 109.4 109.2 107.8 105.1 100.9 101.2 104.4 106.7 109.1 110.4 109.6 93.9 103.7 110.8 112.4 111.2 108.3 105.8 103.2 97.1 96.3 99.1 101.5 101.3 100.6 100.6 101.3 101.6 103.1 104.3 102.9 97.3 97.2 97.7 100.2 102.5 101.2 95.8 97.4
108.6 107.2 105.6 107.9 111 110.4 109.5 109.2 109 109 107.8 106.2 104.2 101.3 100 99.9 100.7 100.2 96.7 99.2 101.4 102.7 105.6 108.2 109.2 104.8 99.8 97.4 94.8 98.2 101.2 102.5 102.7 101.5 102.6 103.9 105.1 105.2 107.4 109.5 110.9 112.6 110 104.4 103.1 106.7 110.3 113.5 115.4 113.3 106.7 110.3 114.2 114.4 114 113.9 111.6 108.4 101.9 106.5 107.9 109.4 109.3 107.4 103.1 102.6 101.7 104.7 105.4 105.5 103.5 101.6 102.9 105.1 107.5 107 98.7 106.6
106.8 105.7 106.1 108.5 109.7 109.5 109.3 110.4 110.4 111 109.4 107.6 106.1 105.5 105.5 106.8 107.7 106.4 98.7 99.2 101.2 104.2 108.5 111.1 109.8 104.2 101.5 102.4 101.9 97.9 98.3 99.9 101 103.2 102.1 102.3 103.2 103.4 105.7 108.5 112.8 116 112.5 108.2 105.4 107.8 111.5 114.9 115.2 113.5 106.4 109.3 112.5 113.9 114.6 116 114.3 109.8 107.9 111.9 113.4 115.9 116.1 113.6 111.5 108.9 107.7 109.7 111.2 112 110.1 107.1 108 109.3 110.6 109.9 101.4 111.2
104.9 104.4 106 107.8 108.1 108.2 109 110.7 111.7 111.4 109.9 107.7 105.6 109.7 110.1 110.7 111.1 110.1 105 103.6 101.4 105.7 110.7 113.9 111.4 109.2 109.8 109.7 108.5 104.2 100.5 103.3 106.6 106.7 104.6 102.6 103.4 103.4 105.4 108.4 113.3 115.1 112.6 108.2 106.4 108.6 111.4 114.6 115.3 111.7 109.5 107.2 109.9 113.2 114.8 115.4 112.9 111.7 112.4 114.9 118.6 120.9 120.4 119.3 118.2 115.4 115.8 116.9 117.5 117.5 115.3 113 112.9 114.1 115.1 112.9 102.5 112.9
102.6 103 104 105.1 105.3 105.6 108.7 111.3 111.9 110.5 108.1 106.6 109.1 112.4 113.2 113 112.5 112 111.7 110 107.3 102.3 109.6 115.3 115 115.1 117.1 117.3 113 107.3 103.9 110.2 111.7 110.4 108.8 105.7 104.5 103.8 107.4 109.4 112.9 113.6 111.5 108.9 108.1 107.8 109.5 111.5 113.1 112.9 116.4 118.1 114.3 112.4 114.5 114.2 113.8 116.5 119.1 118.4 118.5 120.6 121 119.9 119.9 118.4 118.4 119.8 119.8 119.6 119 117.4 118.1 119.9 120.7 117.4 108.5 113.3
