app/static/ascii/SD69.asc
ncols 200
nrows 200
xllcorner 360000
yllcorner 490000
cellsize 50
[rows 140 to 174 of 200, columns 78 to 155 of 200]
183 181.9 189.9 199.7 208.6 216.3 223.2 232.5 241.9 248.8 261.5 267.5 274.1 280.7 286.8 292.9 301.9 308.7 314.1 319.4 323.6 328.1 339.4 355.6 368.1 376.5 381.4 382.5 375.1 365.5 356.4 354.7 349.3 353.6 360 363.4 361.5 352.4 337.9 315.3 286.7 264.3 246.1 265.7 272.1 270.9 271.2 268.1 264.3 253.7 241.3 238.5 235.2 228.8 220.3 213.7 207.8 203 194.8 190.7 193.7 184.2 177.1 180.8 180.3 180.3 177.7 174.5 173.6 170.6 165.4 167 166.3 166 165.5 163.2 159.9 158.3
174.3 180 186.6 195.1 204.1 211.4 218 226.1 236 245.5 253.1 262.7 266.8 274 282 289.5 300.2 308.9 313.5 317.3 320.2 328.8 337.7 351.4 355.2 356.2 358.1 360.7 349.1 345.1 341.9 339.2 342.5 339.1 339.7 338.5 337.3 338.1 334 315.6 283.8 253.3 237.1 256.7 262.2 255.1 250.7 246 239.2 232.3 233.7 230 220.2 214.9 212 205.8 201.6 195.6 191.6 192.9 194.5 188.6 177.2 171.4 174.8 174.5 171.3 167.6 165.7 162.8 160.1 160.9 158.6 160.4 162.2 160.7 159.3 156.2
170.8 176.6 182.3 191.2 199.7 202.2 207.2 218.3 223.8 236.2 243.9 249.9 258.2 266.5 279 285.2 294 302.3 307.2 311.7 314.7 326.1 327.6 333.2 331.6 333.8 335.6 334.7 327.7 327.5 325.7 325.5 317 311.9 316.8 316.2 320 318.9 322 312.2 285.3 254.1 226.8 244 246.7 243.7 239.2 234.6 230.3 224.7 216.6 210.7 206.8 204.5 203.3 198.1 193.5 189.4 189.4 187.7 189.4 184.6 177.9 168.7 166 168.5 165.1 161.5 158.3 156 155.6 154.9 153.9 154.4 155.7 156.9 156.5 155.1
165.3 173.8 180.5 185.9 188.5 189.8 195.4 202.3 210.6 222.2 229.5 234.3 243.2 256.8 266.2 270.7 279.7 288 291.2 293.8 300.2 304 304.1 305.3 305.9 309.9 310.9 309.3 308.3 311.4 304.2 295.5 291 288.7 293.1 295.5 296.9 294.6 290.5 281.9 265.8 248.2 225.4 227 231.2 230.7 228.6 225 219 211 205.9 202.6 200.3 196.5 192 188.7 188.5 184.1 185.3 182.2 180.9 177.5 173.2 165.8 161.5 160.9 158.7 157.2 154.4 151.7 153.1 152 149.3 146.1 149.6 152.6 153.7 152.2
161.1 167.4 170.2 174.9 174.5 176.7 183.5 187.9 197.3 206.9 210.8 221.2 230.8 240.1 250.1 255.7 265.8 266.5 271.1 276 278 277.9 279.2 281.2 285.5 286.3 289.1 286.4 292.4 294 283.1 270.4 267.7 266.9 265.2 265.8 266.2 261.8 258.3 251.6 239.8 226.3 223.2 213.6 220.9 220.1 218.4 214.7 208.3 202.9 199.4 195.2 194 191.8 190.1 185.4 185.7 181 178.2 174.5 173.3 170.7 166.2 157.3 157.5 157.4 158 160.1 156.5 148.6 150.5 149.6 149.4 146.3 143.4 147.6 147.3 146
155 162.7 164.1 165 163.1 166.3 174.5 183.5 189.4 190.7 201.9 210.2 221.3 225.3 230.5 239.4 247.3 243.2 247.5 252.1 256.4 258.5 257.8 258.1 264.1 270.3 269.1 267.9 264.2 259.4 254.8 246.9 246.1 245.6 245.4 245.1 245.4 241.1 233.8 227.8 221.1 218.4 213.3 204.2 210.4 210.9 208.8 205.5 201.5 193.7 190.8 190.2 188.5 186.6 188.2 182.6 180.4 174.9 172.1 172.3 167.3 161.8 152.5 153.9 154 155.3 157.4 155.8 149.2 145.9 149.4 151.5 150.8 143.6 139.1 141.5 141.2 144.9
154.2 157.6 156.1 157.5 153.9 163.4 169.9 176.1 177.6 184.5 192.8 202.2 208 207.9 215.3 223.3 226.4 224.2 231 238.2 241.5 243.5 242.3 249 249.7 251.5 252.6 239.2 232.8 228.3 224 224 224.6 225.9 223.7 226.5 228.7 223.2 215.9 219.4 220.4 210.8 205.4 197.5 200.1 200 198.7 196.8 194.6 190.8 185.8 183.4 182.1 182.4 182.3 174.8 172.7 168.4 164.3 162.5 155.1 153.1 148.6 149.6 149.6 151.4 150.9 147.6 144 146.1 148.3 148.6 142.2 134.8 135.3 138 143.2 147.7
148.8 150.2 149.7 150.3 152.3 160.8 165 164.8 170.6 179.4 185.2 190.7 193.2 196.7 205 211.1 212.6 213.5 218.4 221.5 221.2 220.6 224.8 230.4 231 236.8 226.7 212.3 207.3 203.2 204.3 208.2 210.4 213.4 220.2 214.9 211.1 210.5 209.2 211.8 208.8 195.9 201.1 199 188.2 191.5 188 189.4 188.8 184 182.1 180.8 177.3 175.7 169.9 167.7 164.7 158.8 154.2 150.9 147.1 148.3 144.2 146.5 146.1 145.7 141.4 141.7 141.8 142.9 145.7 143.3 135.3 132.8 134.1 139.3 141.6 141.7
139.6 142.1 143.5 144.8 146 152.1 153.5 163 170.2 175.5 177.9 181.8 185.7 188.9 194.9 198.3 199.5 198.9 200.3 201.5 201.6 205.9 206.7 206.9 206.7 209.3 199.9 191.2 191 193.9 196.6 198.4 198.7 199.3 196.8 197.7 200.2 200.4 197 195.3 193.4 187.5 192 188.9 182.9 182.3 182.1 177.3 182.1 176.2 177.1 170.5 170.1 168.3 163.3 158.1 154.3 148.1 145.1 143.4 144.6 145.6 142.1 142.3 143.4 141.4 139.7 136.9 136.1 139.5 142.6 139.1 130.7 130.9 131 132.8 132.9 136
130.1 132.4 134.1 135.4 147.3 152 160.3 165.9 167.3 170 172.6 176.6 179.8 177.9 181.8 182.6 184.6 184.6 182.6 183.4 185.5 193.5 192.3 185.2 184.1 180.7 175.1 177.3 180.4 182.6 184.6 183.3 180.6 181.6 184.1 185.9 182.8 183.5 184.3 180.9 179.7 179.8 180.3 179.3 179.1 175.2 174.8 172.2 170.8 169 166.1 166 165.5 160.6 154.3 147.5 142.8 138.5 138.1 136.7 136 138.3 138.6 138.6 139.6 138.4 137.1 135.3 133.5 133.5 132.2 129.5 129.1 129.3 129.8 130.7 131.3 131.7
124.6 126.5 128.3 135.6 142.6 150.6 158.1 162.8 164 166.6 167.9 168.1 165.3 168 169.2 169.3 168.3 168.5 169.6 172.3 175.4 172.9 169.8 169.5 170.3 168.8 168.8 170.6 172.4 172 172.1 170.5 167.7 168.3 169.5 171.3 168.3 173.3 174.2 174.6 171.3 173.7 177.5 175 175.6 176.7 168 163.8 160.1 162 162.1 163.2 157.7 152.1 140.6 137 134.2 134.4 133.6 132.2 133.5 135.7 136 135.9 135.7 135.7 134 131.7 130.8 131 129.8 128.3 127.9 128.7 129.4 129.9 128.1 125.9
120 122.7 125.4 130.5 138.6 148.3 156.6 160.5 159.6 164.1 162 159.4 154.9 155 156.7 154.3 156.6 162.1 161.8 165.4 166.4 166.5 165.6 163.2 165 161.2 160.7 167.1 168.3 165.8 161 159.6 155.5 152 156.9 159.8 159.2 164.9 165.9 165.8 164.7 167.5 170.5 167.1 167.2 166.8 163.8 160.8 155.2 158.7 160.2 157.7 146.1 136.3 135.2 133.5 132.5 133.3 130.8 129.8 131.3 132.9 132.7 132.9 132.5 132.4 130.8 129.7 128.2 128.5 128.1 127.3 126.7 127.1 127.6 125.2 125.2 124.4
118.3 120 121.5 125 135.4 144.3 150 152.6 152.2 152.1 150.3 146.2 140.3 143.7 144.9 146.5 151.8 159.7 166.5 167.2 169.2 167 162.4 154.8 155.1 153 159.8 162 161.7 157.6 148.8 147 143.9 146.9 148.8 153.5 154.4 155.8 156.5 156.9 159.1 160.5 161.9 160.8 160.8 160.2 161.6 163 158.3 151.5 152.1 141.7 133.6 132.3 132.4 129.8 131.7 129.7 127.3 127.8 128.8 130.1 129.9 129.9 130.2 129.1 128.2 127.1 126.4 126.6 126.1 125.4 124.7 124.4 124.2 124.5 124.4 117.2
122.8 121.9 120.3 124.4 130.4 137.7 141.5 143.9 146.6 145.3 144 136.1 131.9 134.5 139.6 146.8 154.3 163 163.3 156 158.6 154.3 150.9 146.2 147.5 150.9 153.1 152.5 149.7 144.9 139.2 138.3 136.7 135.6 141.5 142.6 142.7 146.1 148.9 151.8 152.9 152.8 153.8 158.1 153.5 162.5 166.5 167.6 159.7 143.6 137.8 133 130 129.7 127.6 124.6 124 124 124.9 125.8 126.7 127.5 127.3 126.9 127.3 126.6 125.8 124.2 124.9 124.4 124.8 124.3 123.6 122.6 123.8 123.6 115.7 124.7
131.2 131.7 122.6 120.4 126.5 130.3 137.9 142.2 148.6 152.7 147.3 130 126.8 128.7 136 141.6 147.1 151.8 151.6 145.6 142.2 142.6 142.3 141.6 146.1 147.3 147.5 146.3 142.1 136.8 133.7 132.4 131.6 133.9 136.9 136.7 138.1 141.4 144 145.6 145.8 144.7 146 148 156.8 156.7 154.1 150.1 141.8 131.7 133.7 131.3 128.9 125.3 121.9 121.1 121.3 122.3 123.2 122.2 121.5 123.6 124.4 124.7 124.3 124 123.5 121.7 122.1 122.5 122.6 122.6 122.6 118 118.9 115.8 122.4 125.3
133 133.3 127.6 117.8 121.1 128.5 135.3 145.4 154.9 152.2 140.1 126.1 126.2 126.8 133 136 138.4 135.9 133 137.5 133.8 133.5 136.8 143.6 146.9 145.3 142.9 139.7 135 132.8 131.3 130.2 130.6 134.2 136 135.3 135.7 137.8 139.7 139.6 138.9 138.9 138.6 146.7 142.8 135.9 134 129.7 128.4 128.6 129.1 127.8 125.7 121.8 119.8 119.5 120.3 121.1 121.8 119 120 121.1 121.7 122.7 121.8 121.5 121.1 119.7 119.8 120.3 120.5 121.2 120.2 115.5 115.5 118.4 123.9 125.1
131.8 132.2 123.9 112.4 117.6 125.5 134.8 145.1 149.7 146.2 130.9 123 122.3 123 127.9 125.9 123.7 121.9 128.1 130.3 128.7 131.5 134.5 135.6 136.4 136.2 135.6 132.7 132.2 130.9 128.8 128.1 131.1 134 135.4 133.4 133.1 134.4 135 134.6 134.1 134.5 133.6 134.9 129.5 124.7 124.2 123.6 124.8 125.3 125.2 124.4 122.5 120.2 118.1 117.7 119.1 118 116.3 117.4 118.4 118.7 119.6 119.9 119.9 119.3 119.6 117.8 119 118.9 115.4 114.4 115.1 117.1 118.5 122.9 124.7 125.5
130.6 129.7 116.1 107.5 112.1 118.9 131 137.9 140.9 137.8 129.9 121 119.9 119.9 120.5 120.1 121.5 124.2 124.1 123.8 124.9 120.4 124.1 123.6 123.1 125.5 128.1 128.4 128.9 127.8 126.5 128 130.5 131.5 131.8 130.2 129.7 130.6 130.8 130.5 130.6 130.9 129.5 128 125 122.5 120.9 121.6 122.3 121.5 120.9 118.7 118.6 117.4 116.3 114.6 114.1 114.2 114.8 115.6 116.8 116.9 117.3 118.1 117.6 116.9 116.9 115.7 112.6 114.7 116.6 116.8 120.6 122.3 121.7 122 125 126.1
127.3 121.3 111 105.5 108.3 112.8 122.3 129.6 134.1 135.5 131.4 123.5 119.3 119.7 122.8 126.4 125.8 123.7 120 120.7 117.3 113.4 113.9 116.8 117.7 119.2 120.2 121.8 122.3 124 126.5 130.2 131.8 132.9 130.9 125.9 126.5 127.3 128.1 128 127.9 127.4 127.3 125.5 123.1 121.3 120 119.5 119.5 117.8 116.3 114.2 113 114.2 114.3 113.3 113.1 113.7 114 114.6 115 115.4 115.9 115.8 116.5 115.3 112.6 115.1 118.8 121.3 120.6 121.9 122.5 122.6 122.9 121.4 125.1 127.1
121.9 112.4 106.7 104.4 104.4 107.9 112.3 125.6 132.4 128.5 124.4 120.6 119.6 122.3 126.3 128 124.4 118.1 115.5 113.9 113 113.2 113.3 114.4 116.2 117.2 117.9 119.7 121.8 125.3 130.1 130.8 130.9 130.8 130 123.1 122.5 124.3 124.5 125.1 125.7 125 124.8 123.6 121.6 119.3 117.9 116.8 116 115.3 113.6 112.2 111.8 111.6 112.3 112.3 111 111 112.3 113.1 113.7 113.9 114.7 114.6 114.6 111.9 117 119.6 120.2 120.6 120.9 122.1 122.6 123.4 124 121.6 126.4 131.6
115.5 109.2 104.5 104.2 104 106.7 111.9 116.7 122.1 120.6 117.9 118.4 120.9 120.9 119.2 117.6 115.4 112.6 113 113.9 113.6 115.4 114.2 116.2 117.7 118.4 118.7 119.6 121.1 125.9 128.4 129.7 128.9 127.1 122.1 121.5 121.4 122 122.1 123.1 123.7 123.2 122.4 121.6 119.6 117.9 115.9 113.4 114 112.1 111.9 111.5 111 109.9 110.5 112.2 112.3 112.6 112.4 111.4 111.2 112.5 112.8 111.4 114.7 117 118.6 119.2 120.3 120.4 120.5 122.2 124.3 128.3 132.3 119.8 125.5 134.1
115.6 114.4 111.4 105.9 104.1 106.1 109.6 111.8 115.4 116.2 114.2 114.8 112.7 111.2 109.6 110.2 110.4 111.1 112.9 112.7 115.3 117 118.3 116.9 118.1 118.8 118.4 119.2 118.7 124.9 127.8 129.1 128.1 125.7 122.3 121.4 121.4 121.2 120.6 121.2 121.5 124.5 121 119.6 117.7 114.9 111.2 111.4 111.5 111.3 110.3 109.4 112 112.1 112.1 112.6 113.3 113.4 113.9 113.7 115 115.8 115.1 115.8 116.5 117.7 118.7 118.5 119.9 120.3 120.8 122.1 129.9 131.2 132.4 128.2 124.4 122.2
120.6 119 113.2 110 107.3 105.3 106.6 109.2 111.3 110.9 108.3 109 108 106.3 106.8 108.5 109.1 111.4 112.8 111.7 113.5 114.9 115.8 116.3 116.2 116.8 118 120.1 119 119.7 120.6 125.3 125.1 123.4 121.1 121.5 121.6 121.7 124.4 125.1 126.1 127 128.9 123.8 121.8 111.1 110.9 110.8 110.2 109.9 110.9 111.4 111.1 111.6 112.1 112.9 113.1 113.4 113.6 113.8 115.6 115.7 115.7 116 116.5 117.9 118.6 118.4 119.3 119.6 120.5 122.6 130 130.7 131.4 131.6 131.6 133.3
118 115.6 115.7 115.4 105.6 102 103.9 106.4 105 104.6 103.5 104.1 102.8 107.2 108.7 108.6 108.1 111.9 112.9 112.6 113.9 114.6 114.3 114.6 114.7 115.6 116.1 115.2 115.6 115.3 116.1 117.6 117.5 116.1 118.7 121.2 122.5 124.8 128 131.3 133.4 135 133.6 129.2 123.7 111.8 110.5 109.9 110.7 110.7 110.8 110.8 110.8 111.8 112.4 112.7 112.8 113 113.3 113.4 115.7 116.1 115.8 116.4 117.7 117.3 117.9 118.7 119.3 119.2 121.2 127 131.2 129.9 131.8 133.9 135.8 138.2
117.7 115.5 112.5 106.7 103.8 100.5 99.8 103.6 98.2 101.8 98.5 99.2 101.7 105.2 109.5 109.9 110.4 112.2 111.8 110.7 111.3 114.3 114.9 114.3 115.1 114.7 113.9 112.2 109.9 109.2 109.8 112.2 113.6 115.1 119 122.1 124.8 127.2 130.3 132.2 134.8 136.2 132.4 126.9 125.3 110.4 110.2 108 110.5 110.2 110.5 110.6 110.5 110.7 111.6 112.5 112.6 112.7 112.9 112.9 115.9 116.1 116.8 116.8 117.3 117.7 117.9 118.5 118.6 119.8 126.2 128 130.4 130.8 133.4 135.6 137.3 136.7
120.7 116.3 109.3 101.9 99.9 100 96.5 94.3 94.6 99.2 99.4 103 107.7 111.2 109.9 109.9 109.3 110.2 110.5 110.5 112.4 113.4 114 116.2 117 113.6 113.6 114 109.2 108.9 108.9 108.9 117 114.7 117.6 121.5 124.8 127.4 128.2 130 131.2 129.9 126.5 118.2 112 109.5 109.8 109.6 109.5 110.2 109.7 109.6 110.1 111 111.7 112.2 112.3 112.4 112.6 113.2 115.5 116.1 116.9 117 117.4 117.6 117.6 118.4 119.4 120.7 123.4 125 128.7 133 134.8 135.6 136.9 137.2
121 117.2 109.4 102.2 96.5 94.1 94.1 94.4 95.8 98.9 107 113.9 117.8 115.2 110.5 109.3 109.4 110.4 111.5 112.4 113.1 111.1 111.7 113.2 112 107.8 107.4 107.9 108.8 108.8 108.7 111.3 112.2 115.6 117.2 118.5 118.7 121.8 125.1 125.7 126.1 124.4 119.7 109.2 109.4 109.4 108.9 109.3 109.2 109.8 109.9 109.2 109.9 111.2 111.5 111.8 111.9 112.2 112.3 114.4 115.6 116.2 116.6 117 117.1 116.8 117.9 118.6 119.4 121 123 124.4 127.2 129.7 132 134.5 137.6 136
121.5 119.4 111.7 100.8 96.6 93.9 93.7 100.4 102.9 111.6 111.8 119.1 117 110.8 108.2 108.8 107 108.7 107.6 109.7 108.5 106 106.8 105 103.5 104.6 104.5 108.3 106.6 107.7 108.7 111.1 111.5 114.7 115.6 118.4 116.2 118.4 120.8 121.3 121.2 121.4 114.4 109.1 109.3 109.4 108.3 109.5 109 109.3 109.7 109.5 110 111 111.1 111.4 111.5 112.2 112.8 114.8 115.6 116 116.4 116.5 116.6 117.2 118 118.3 119.6 120.5 120.8 121.4 122.5 122.9 124.1 124.6 126.6 128.1
118.5 113.6 103.3 93.6 93.7 93.4 94.9 103.1 109.2 121.6 117.6 112.9 106.7 106 103.8 107.8 104.9 108.1 104.4 104.6 103 102.7 102.7 103.5 103.1 103.3 105.1 105.8 103.9 105.6 107.3 110.7 111.1 112 111.3 112.4 111 113.3 114.4 115.4 116.3 117.3 116.2 108.3 108.9 109 109.2 109.3 108.8 109.1 109.5 108.7 110.3 110.8 110.9 111 111.4 112.8 114 114.5 115.2 115.8 115.9 116.4 116.6 117.2 118 118 119.3 120.8 120.7 121.8 122.6 126.2 128.6 132.8 132.1 138.1
109.6 101.2 94.8 93.8 93.2 93.3 99.3 111.6 120.7 118.6 110.7 101.6 101.9 103.7 102.3 103.4 102.3 103.2 102.5 102.7 102.6 103.6 104.5 107.3 108.3 106.4 105.5 103.2 103.7 103.4 102.7 108.4 107.2 109.4 110.4 109.8 110.1 112.3 112.7 113.5 114 117.8 115 110.9 108.6 108.7 109 107.9 109 109 109.4 108.5 110.5 110.8 111.3 112.3 112.4 113.7 113.8 114.5 114.7 115.1 116.1 116.3 116.6 117.7 118.5 119.7 120.5 121.9 122.6 124.9 128.5 133.3 137.2 139.4 140.7 142
95.2 93.4 93.8 93.7 93.5 99.8 109.4 117.4 119.4 109.1 100.5 102 103.6 105.9 107.7 107.4 104.3 104.7 105.7 109.4 108.3 108.5 110.8 114.1 111.3 110.3 110.7 108.7 102.8 103.5 103.1 105 109 108.1 109.3 110.3 110.2 111.7 112.8 112.5 113.5 115.2 115.7 114.8 108.4 108.5 108.8 106.5 108.4 108.3 108.4 109.6 110 110.3 112.1 113 114.7 117.5 117.5 119 118.7 120.2 119.8 118.5 117.9 119.2 119.6 121.1 124 128.5 132.9 134.5 137.4 138.5 139.9 142.9 146.9 149.9
93.4 93.6 93.9 93.8 94.2 101.8 111 118.6 113.3 102.3 99 100.2 102 102.2 103.1 103.3 102.9 103.6 106.7 108.5 109 109.1 110.1 108.4 104.4 106.7 104.2 101.4 103.5 103.7 103.8 104.2 105.5 105.4 109.7 112 110.6 113.1 114.7 114.3 114.2 114.9 115.3 115.2 109.7 107.7 108.3 106.4 108.8 109.1 110.6 110.7 111.7 112.4 113.8 117.1 118.4 123.8 129.4 135.3 137.8 138.5 135.4 125.6 119.9 121.1 123 126.8 130.4 135.4 135.6 135 136.2 139.1 142.9 148 150.8 155.5
93.5 93.8 94.1 94.1 95.1 100 111.5 112.7 104.3 97.8 99.6 100.3 99.4 99.3 100.3 99.9 100.4 101.8 102.7 104.4 103.3 105.6 104.6 97 98.8 100.7 100.9 98.4 99.7 103.8 103.9 104.8 104.4 105.6 111 117.4 119 116.9 114 112.4 113.4 114.3 115.8 115.5 105.7 108.3 106.5 108.7 108.3 110.5 111.5 112.9 115.5 118.5 121.6 125.4 129.5 136.2 141.8 145.5 146.4 143.5 138.2 128 125.2 129.6 128.6 130.5 133.3 135.9 135.4 137.7 140.3 142.8 143.9 149.8 154.1 159.1
93.8 94.3 94.6 95 98.3 101.7 103.2 101.8 97.9 97.1 97.3 100.9 103 101.5 100.2 100.5 102.4 102.8 101.9 102 102 104.5 100.7 97.1 101.4 101.6 101.8 102.1 102.5 100.4 99.3 102.7 105.3 110.6 118.1 122.3 119.4 114 104.9 103.6 107.4 112.7 113.7 111.9 105.1 114 113.5 113.1 116.3 115.2 116.3 119.2 122.8 127 132 136.4 139 142.9 142.8 140 135.8 132.4 131.2 130.9 131.2 134.9 137 137.6 139.8 140.5 141.9 146 147 154.1 149.2 149.1 155.5 159.2
94.1 94.6 95.2 95 95.5 95.8 95.5 95.7 96.4 96.7 97 98.3 99.4 100.1 102.5 102.4 102.9 106.1 108.7 110.5 106.1 108.5 102.5 97.2 97.5 101 102 102.3 103.7 106.8 104.8 101.7 99.5 102.8 113.8 119.4 115.3 109.1 101.2 105.4 104 105.4 108.3 106.5 109.2 115.4 116.5 117.1 117.4 118 123.3 124 129.4 133.9 136.5 138.4 137 133.3 130.5 129.3 131.2 131.8 132.6 134.4 136.6 139.4 141.2 142.1 146 147.7 151.6 153.7 159.2 160.2 157 156.7 153.4 155.3
