app/static/ascii/SD71.asc
ncols 200
nrows 200
xllcorner 370000
yllcorner 410000
cellsize 50
[rows 70 to 104 of 200, columns 0 to 77 of 200]
256.1 256.3 256.2 256.3 255.4 254 259.8 265.4 270.5 279.7 283.4 287.8 308.9 315.7 317.2 317.4 318 318.2 320.5 322.4 324.2 325.8 327.6 329 330.2 330.7 330 327.1 321.2 315.9 309.2 302.4 293.4 284.5 279.7 276.9 276.3 275.3 275.2 270.9 264.1 257.3 250.5 246.1 241.5 240.4 236.6 230.5 224.8 220.2 214.6 209.8 205.9 204.2 201.8 194.8 198.1 201.2 203.1 200.9 199 200.9 204.2 198.4 188.6 178.8 172.4 172.5 172.5 172.5 172.5 172.5 172.5 172.5 176.4 196 197.5 198.4
255.3 255.6 253.8 254.9 255.1 253.2 255 258.7 262.4 274.2 286.5 283.9 293.6 309.6 313 313.4 313.8 315.5 317.9 320 322.3 324.3 326.2 327.7 328.8 329.6 329.7 328.2 323.9 317.6 312.6 304.1 296.2 289.4 281.3 276.5 275.4 274.3 273.9 271 265.3 256.1 251 244.7 237.9 233.7 230.6 224.7 220 218.4 213.8 208.3 204.7 201 198.2 195.6 194.2 196.2 201.5 198.2 196.4 197.4 200.1 200 196.9 187.7 179.2 172.5 172.5 172.5 172.5 172.5 172.5 172.5 172.5 185.7 193.2 196.2
254.3 254.6 252.9 251.9 253 252.9 250.1 253.8 260.3 270.2 280.9 281 284.1 304.6 307.4 305.9 300.2 310.3 315 317.6 320 322.2 324.2 325.9 327.2 328.3 328.6 327.9 325.4 320.8 315 309.4 299.8 294.1 282.9 277.2 272.4 272.5 270 266.3 261 254.8 248 243.1 241.6 240 234.3 231.3 223.4 216.8 210.8 204.1 199.4 197 193.4 191.2 189.4 194.9 199.6 197 193.6 194.8 195.2 196.1 199 199 188.8 182 176 172.5 172.5 172.5 172.5 172.4 172.4 175.5 188.9 191.4
251.5 252.3 252.9 251.9 251.1 252.7 251.4 250.9 256.6 265.3 272.6 281.3 277.5 295.8 297 295.3 288.7 298.1 309.6 314.1 317.4 319.9 321.6 323.6 324.8 326.3 327 326.9 325.9 323.2 317.8 313 306.5 297.4 286.9 278.7 272 269.9 267.9 264.2 256.9 254 249.4 252.7 249.1 244.1 238.4 232 225.8 219.7 215.3 209.7 204.7 203.7 199.1 193.1 190.1 191.7 198.3 197.9 193.6 191.4 191.6 193.8 197.3 199.4 196.3 189 181.9 172.5 172.5 172.5 172.4 166.3 154.3 163.8 183.3 187.1
247.1 248.7 249.8 249.1 248.2 250.9 249.1 249 250.6 256.5 267.4 276.5 271.5 276.9 278.9 278.5 278.8 284.3 289.1 300.8 312 316.3 318.7 320.9 322.5 324.1 324.8 325.6 325.2 324.1 320.9 315 308.7 298.3 289.5 282 275.4 269.8 262.6 256.3 256.5 255 251.5 252.5 252.4 244.7 234.4 231.3 225.5 219.1 215.3 211.4 208.2 205.5 201.8 193.8 189.8 187.7 192.8 196.7 195.2 192.9 190.5 191.3 193.2 192.9 190.9 189.4 184.9 172.5 172.4 166.6 153.8 149.9 149.5 155.4 178.7 183
240.7 242.6 243.9 245.1 246.1 248.4 248.4 249.4 247.1 252 261.3 263.7 268.3 270.8 270.1 268.8 270.8 275.5 280.6 282.8 292.4 309.4 314.3 318 320.3 321.9 322.8 323.8 323.8 323.4 321.7 317.9 310.9 304.9 293.6 286.2 278.4 271.7 265.3 264.3 260.2 258.3 255.6 256.3 253.8 243.8 235.8 229.2 225.5 219.2 211.6 207.9 206.8 203.7 200.4 194.5 188.9 183.8 186.9 191 191.8 191.6 189.2 191.9 190.3 190.3 188.8 188.3 181.8 174.6 165.4 157.7 149.6 147.9 145 157.4 174.3 178.5
234.7 237.8 238.7 241.3 244.7 244.9 246.2 244.2 244.6 248.2 253.6 256.7 260.4 261.3 262.4 261.8 263.3 267.5 271 274.8 280.1 286.9 304.8 313.8 317.8 319.7 321.1 322 322.4 322.4 321.6 318.8 313.8 306.9 299.5 291.4 282.5 274.1 268.9 266.4 261.5 258.8 257.8 256.2 251.9 245.7 239 235.8 229 222.8 214.6 208.8 203.4 199.6 198.4 196.1 192 187.2 180.6 184.5 186.9 184.9 186.3 185.9 186.8 187.4 186.7 185.4 182.5 179.7 169.4 157.8 147.8 148.2 145.5 149.2 159.8 171.4
233.1 235.7 238.3 240.8 242.1 242.1 243.1 241.5 239.9 243 246 250.9 253.3 255.4 254.7 252.8 256.2 261.1 266 270.1 273 281.2 285.8 300.1 313.8 317.5 319.1 320.6 321.1 321.1 320.9 319.3 316.2 309.1 303.1 295.2 288.5 279.5 273.7 270 261.2 258.3 256.8 254.6 249.9 246.4 240.9 237.9 230.8 223.8 218.5 211.8 205.8 199.1 193.1 195.4 192.5 188.6 182.8 178.1 180.2 181.6 182.5 181.2 182.3 184.6 185.4 184.7 185.2 184.9 173.4 160.9 149.5 145.7 144.8 148 155.6 165.8
231.5 233.8 235.3 237.8 238.7 239.8 241.3 239.7 239.4 242.5 241.9 243.8 245.3 246.5 247.6 249.3 250.6 253.6 256.2 263.5 270.6 272.7 280.4 284 302 312.7 316.8 318.9 319.6 320 319.7 319.3 317.4 311.8 304.9 298.2 291 284.5 278.5 272.3 264.2 258.9 255.5 253 250.5 247 247.3 239.5 233.5 228.4 222.8 215.9 209 200.7 193.2 190.5 190.3 188.8 185.3 179.1 176.1 177 177.8 178.2 180.1 182.5 183.8 183.5 184.9 185.2 178.8 166 157.2 146.7 143.5 145.9 151.9 162.4
229 231 232.1 233.8 235.8 237.2 238.3 239.6 234.4 239.9 239.8 241.6 241.7 244.4 246 247.3 249.4 250.1 250.3 255.3 260.3 263.1 271.5 277.2 282.5 297.4 312.1 315.9 317.9 319.2 319.9 319.9 318.2 314.1 308 300.6 293.9 286.5 280.8 273.6 265 259.9 255.9 253 251 247.6 248.4 240.7 235.1 229.4 225.4 221 214.5 207.9 201 192.3 185.2 184.6 184.9 181.7 176.9 173.8 172.8 176 177.6 181.1 183.5 183.6 184.7 183.3 178.8 174.2 166 153.8 147.3 145 148.2 157.4
225.2 226.5 227.4 229.9 232.2 233.8 235.6 237.2 231.5 234.8 239.8 241 241.6 244.1 245.6 248.8 247.8 247.6 248 248.9 251.4 256 264.3 271.3 276.3 283.2 302.2 313.4 316.1 318.5 320.6 320.8 320.4 315.7 310.4 303.5 296.7 290.7 281.9 272.4 266.6 261.6 256.2 253.2 250.9 249.1 248.8 243 236.5 231.5 226.3 222.2 218.2 212.7 204.5 197 188.8 181.7 180.4 180.8 175.3 177.7 173.7 172.8 178.4 180.1 182.5 184.2 184.4 182.9 179.6 177.2 175.4 169 153.4 145.5 145.2 149.8
218.8 221.4 222.5 225.3 228.7 230.6 232.9 233.8 230.7 230 236.5 238.9 240.6 242.2 243.1 245.8 245.7 246.9 246.8 248.1 249 250.9 256.8 263.5 270.8 275 281.7 306.7 315.1 318.5 321.3 323.8 325.4 321.5 314.8 308.3 301 294.4 288 280.3 272.3 265.8 258.1 254 251.5 249.7 249.2 245.5 238.6 233.6 228.1 223.8 219.7 213.7 206.2 197.2 190 184 180.3 183.2 174.9 177.9 172 170.6 178.5 180.5 182.8 184 184.4 184.3 181 178.2 176 170 156.9 146.1 143.8 146.5
211.7 215.8 217.4 221.8 225.4 228.3 229.5 229.6 228.9 226.4 230.2 236.1 237.8 236.4 238.7 241.3 243.4 244 246.6 247.5 248 249.1 252.3 258.4 264.4 272.1 274.9 285.7 311 317.2 321.4 325.9 328.1 327 321 311.8 305.7 298.4 292.6 285.9 276.4 268.5 262.8 256.8 252.2 250.2 248.5 246.8 243.6 238 229.6 224.7 220.6 215.4 208.7 200.5 191.1 184.7 179.3 182.6 173.1 175.8 169.5 171.3 177.5 180.5 182.7 183.6 184 184 183.5 179 177.2 171.7 163.6 146 144 145.6
211.3 211.3 211.9 218.7 222.7 225.7 227 225.6 225.6 221.7 226.9 229.9 231.7 233.8 237.3 239 239.2 240.8 244.1 245.7 247.3 247.9 249.6 254.2 258.8 266.9 273.8 276.6 296.4 311.6 319.6 326.7 328.8 328.1 325.3 316.5 308.9 303 296.4 290.8 285.1 276.5 270.6 264.1 255.7 250.8 248.3 246.8 244.3 239.6 229.7 225.4 220.6 215.5 210.1 202.6 194 185.7 179.3 174.7 170.9 170.5 167.4 170.9 175.9 180.2 182.5 184.1 184.3 184.7 183.9 179.6 177 171.5 163.1 144.5 143.5 146.3
211.3 211.3 211.3 215 220.5 222.3 223.7 222 221.3 217.6 223.5 226.8 230 233.3 236.7 238.4 238 239.1 243.1 244.3 244.1 245.8 246.7 248.1 254.8 260.5 271.1 275.1 282.7 301.3 314.4 325.7 328 328 326.2 320.2 312.3 305.8 299.8 294.5 288.8 282.4 276 268.8 257.8 252.4 246.8 246.1 243 238.7 230.5 224.9 220.7 215.2 210.2 204.5 196.2 187.7 182.4 178.2 178.5 167.6 166.3 173 176.1 180.1 182 183.6 184.4 184.5 181.8 177.3 176.6 169 154.1 142 142.5 143.3
211.3 211.3 211.3 211.9 219.3 219.5 219.6 219.1 218.3 216.5 222.4 224.4 226.8 229.7 232.8 236.4 235.8 234.1 238.7 240.1 240.9 244.2 241.3 242.8 246.8 255 262.1 270.7 278 296 308 322.4 326.2 326.9 326.7 323.4 318.3 310.8 303.7 298.7 293.2 285.9 279.7 271.4 262.2 256.4 250.1 243.2 238.8 234.2 230 225.9 220 215.5 211.2 205.7 199.9 190.7 188.8 181.3 179.5 170.5 165.1 168.9 171.8 175 178.7 182.6 184 182.8 177 174.9 172.4 163.1 146.7 140.8 141.7 142.6
211.3 211.3 211.3 211.3 211.8 214.2 215.9 216 215.4 214.1 219 221 221.4 225.1 226.3 229.6 229 230.4 234.1 234.2 236.8 239.1 239.4 239.2 241.7 249.3 256.9 262 275.6 289.6 300.3 314.5 323.5 325.2 325.5 325 322.2 315.7 309.3 302.1 296.6 289.9 282.8 274.9 266.1 258.1 251.3 244.5 239.4 232.1 228.2 224.8 220.2 216.2 210.5 206.1 202.1 193.8 194.2 182.3 178.9 177.5 168.6 163.6 167.1 170.1 175.2 180.5 183.1 176.1 170.3 165.5 160.7 149.3 140.9 140.4 141 145.2
211.3 211.3 211.3 211.3 211.3 211.3 211.3 209.7 211.2 211.8 215.9 218 219.1 220.5 221.4 223.5 223.9 226.5 230.3 230.3 233.2 233.7 234.2 238.9 241.4 243.3 247.5 255 271.8 283.6 291.2 303.1 318.2 322.1 323.4 323.8 322.9 319.3 312.6 304.8 299 292.6 286.4 277.9 268.1 259.9 251 244.8 238.9 233.3 227.6 223 219.7 217 211.7 206.5 197.4 195.9 191.1 183.1 180.3 177 171.9 165.5 161.5 164 171.2 176 176.6 170.7 163.2 157.2 149.1 139.5 139.3 140.9 150.5 161.6
211.3 211.3 211.3 211.3 211.3 211.3 211.6 206.8 207.7 211.3 214.1 215.1 216.4 217.8 218.1 219.5 221.1 223.6 228 229.8 229.2 228.9 233.3 237.6 240.8 241.9 243.8 257 267.8 275 283.7 294.7 305.5 316.8 320.3 321 320.6 319.6 315.1 308.9 301 293.8 288.2 280 269.1 260.8 252.5 246.1 238.6 232.3 227 222.6 218.5 214.7 212 203.3 195 195.2 192.6 188.5 180.8 178.3 173.5 169 160.8 160.4 166.4 171 172 164.1 157.3 148.2 138.6 140 140.8 150.5 162.2 166.7
211.3 211.3 211.3 211.3 211.3 211.3 210.9 203.9 208.9 211.4 212.8 213.2 214.1 214.9 214.1 215.5 218.4 220.5 223.8 224.5 226.7 227.4 231.6 236 239.9 241.7 247.3 258.3 264.6 270.9 278.4 286.1 295 303.1 314.7 316.8 317.1 316.3 313.9 310.8 302.8 294.5 288.2 281 271.1 262.2 254.1 244.1 237.9 232.6 226.5 222.6 218.4 214.4 211.3 208.5 205.3 198.9 193 185.3 178.7 179.6 174.3 168.7 163.2 159.1 161.6 167.7 166.8 159.4 149.9 143.9 137.8 139.5 146.7 160.5 164.8 168.1
211.3 211.3 211.3 211.3 211.3 211.3 204.2 201.2 206 209.8 211.6 211.3 211.8 212.7 211.3 212.1 213.8 216.7 221.1 225.4 229 231.4 230.9 233.5 237.9 242.6 248.8 256.3 261.8 266.6 271.7 278.6 286.6 293.8 306.7 311.9 312.3 312.1 310.8 308.9 302.4 293.5 287.4 280.8 271.6 262.5 252.6 242.5 240.2 233.1 226.2 221.5 217.8 214 210.4 206.8 203.7 198.5 192.7 185.5 177.4 174.9 171.8 167.2 164.1 158.8 160.9 165.9 164.3 157.7 148.2 141.3 137.7 144.1 158.8 163.3 168.1 168.4
211.3 211.3 211.3 211.3 211.3 212 198 198.2 202.5 205.8 208.8 209 209.7 209.9 209 210 212.1 216.1 220 225.4 227.9 227.7 230.8 232.5 236.9 242.7 248.8 253.4 259.2 263.6 268.1 273.3 280.1 287.5 298.5 306.8 307.7 307.4 306.7 305.6 299.3 290.9 283.9 279.2 271.4 262.6 255.1 245.3 240.6 231.9 224.6 219.8 215.7 212.5 208.8 203.1 201.2 197.4 191.9 186.3 176.6 173 170 166.8 162.5 156.4 160 165.3 163.1 156.9 151.7 139.9 140.8 156.3 159.2 162.1 165.9 170.7
211.3 211.3 211.3 211.3 211.3 208.8 190.7 192.4 198.8 201.4 205 206.5 207 207.6 207.3 207.5 209.7 213 216.1 220.9 224 228.9 231.6 234.6 236.3 242.8 247.1 252.1 255.8 261.1 264.6 267.8 274.2 282.2 291.2 300.7 302.8 302.7 302.8 301.4 295.4 287.9 281 277.1 270.3 262.6 254.9 247.4 239.3 231.3 224.7 219.8 215 208.4 204.1 200 193.4 192.2 189.2 181.5 176 170.4 165.8 162.1 160.7 155.8 163.7 165.2 161.1 156.4 145.8 138.1 142.3 158.4 163.2 165.4 168.1 171.3
211.3 211.3 211.3 211.3 211.3 202.4 192.5 188.8 195.5 197.5 199.7 202.1 203.9 205.5 204.1 204.6 206.5 209.4 212.7 215.5 220.9 225.4 231.4 236.6 240.1 242.9 246.7 250.3 254 257.1 261.2 263.5 268.4 275.7 284.1 291.3 296.6 297.1 294.8 293.8 290 284.9 278.7 275.4 267.7 260 253.8 246.8 237.4 229.9 222.4 217.6 213 207.3 203.3 199.2 192.9 189.4 184.4 175.3 175.4 175.1 171.9 164.7 158.2 154.9 161.5 161.2 158.8 153.6 149.4 140.1 137.9 146.1 156.7 164.8 168 171.7
212.5 211.3 211.3 211.3 212.4 196.3 194.1 182.6 192.4 194.1 195.2 198.1 199.6 201.2 201.4 202.2 204.5 207.1 210.3 213.3 217.5 222 229 235.9 239.3 242.2 244.7 248 250.9 253.7 256.7 259.6 264.1 268.3 273.9 282.3 286.2 287.6 287.5 287.5 284.9 280.5 275.8 271.6 263.8 257.6 252.9 245.5 236.8 227.3 220.2 215.1 209.4 205.9 201.8 197.2 193 192.5 185.4 181 177.5 179.1 180.7 169 162.6 154.3 153.4 157.4 152.2 152.1 161.9 162.5 150.2 136.7 135.4 148.7 166.9 171
205.9 207.5 211.8 211.3 207.1 194.2 193.4 184.2 188.6 189.2 192.4 195.5 195.9 195.5 197.8 200.5 201.8 204.1 206.4 209.8 215.1 218.9 223.8 231.6 236.3 239.8 241.8 243.7 248.5 251 253 255.8 260.7 262.2 266.6 271 276.3 278.1 279.5 279.3 278.8 275.6 269.9 266.3 260.7 256.1 251.4 243.2 233.9 225.3 215.5 211.1 206.5 203 198.5 193.7 190.9 191 179.2 176.6 178.4 179.3 180.4 180.3 166.8 160.8 156.8 162.1 159.3 166.5 168.9 168.7 166.7 159.1 141.5 135.6 152 167.7
200.7 199.6 201 207.8 200.8 193.7 190.5 186.3 181 185.8 190.8 191 191.3 192.6 196.4 198 198.9 200.4 203.5 207.6 212.8 217.4 221.8 227.3 232.3 236.1 238.4 240.6 244.7 248.5 250.5 252.8 255.7 258.3 261.8 265.3 267.8 271 273.2 273.2 273.1 269.7 264.5 261.1 257.6 253.6 249.4 233.5 226.8 215.7 212.8 210.6 208.8 204.3 199.7 194.5 186.3 187.9 173.4 176.8 178.5 178 179.8 178.8 169.3 168.6 168.2 169.5 169.3 169.3 171.1 171.5 169.9 166.7 151.5 137.3 141.8 159.2
194.6 194.4 196.2 198.6 198.1 194.2 190.8 188.5 181.4 175.7 182 189 188.4 192.5 194.1 194.9 196.2 197.8 201.3 205.6 209.8 215.5 220.8 225.7 228.8 232.5 234.9 237.1 239.9 244 248.1 251.3 254 259.2 257 258.6 260.7 261.7 265.1 267.8 268.2 265.6 262.2 258.4 254.9 251 247.6 235.8 222.9 215.5 214.3 212.7 208 202.3 198.1 194.4 188 180.1 174.2 174.7 176.9 176.9 176.6 177.9 171.7 171.8 172.5 172.6 171.3 169.1 170.6 171.2 170.4 166 147.6 135.1 142.1 153.1
187.8 190.1 192.9 196 195.5 193.1 192.3 190.9 186.7 179.4 178.1 183.3 189.7 190.9 191.4 192.3 193.8 196 198.1 203.5 208.5 213.9 219 224.2 228 230.3 232.5 233.2 236 239.7 245.8 251.1 253.8 255.7 255.5 255.1 255.1 254.6 256.9 262 263.3 262.7 259.8 256.6 253.6 251.1 244.8 235.4 220.2 216.6 215 209.2 203.7 200.2 198.1 194.5 188.8 183 173.2 169.3 173.9 173.2 171.3 172.7 171.7 172.1 173.5 172.4 171.1 167.9 168.1 168 166.4 152.8 133.1 148.3 159.5 158.8
185.1 186.7 188.3 190.6 192.3 192 191.4 190.4 189 183.4 178 182.2 187.4 188.9 189.5 190.7 191.6 193.2 196 200.6 206 213.2 219.2 223.8 226.9 229.1 230.3 231.5 232.9 235.8 243.4 250.2 255.4 257.1 255.9 254.4 251.6 249.9 250.1 256.8 258.5 258.2 256.6 251.6 249.2 247.8 243.3 236.6 219.3 216.6 212.7 204.7 200.2 199 195.7 193.6 187.4 182.4 176.3 170.3 164.9 171.2 168.6 169 171.9 174.2 172.8 171.5 170.4 166.9 164.1 161.8 152.7 133.7 139.8 156.2 160 164.7
179.2 181.9 184.1 187.5 189.9 190.8 190.8 189.6 188.8 182.9 177.6 179.6 184.3 186.3 187.3 189 189.6 190.7 192.4 196.5 202.8 209.9 217 221.7 225 226.9 228.9 230.4 230.9 233 236.3 243.9 250.7 254.8 253.3 253 252.8 251.2 245.6 251.8 254.9 255.6 254.6 251.5 248.7 245.5 241.4 233.7 218.5 208 205.1 200.5 197.6 196.4 193.5 191.6 182.9 179.9 173.3 168 159.1 163.2 163.1 165.6 170.1 172.8 171 170.2 170.3 164.4 155.8 147.2 133.1 133 147.8 155.8 162.2 166.3
170.3 176.5 180.3 184.1 188 189.2 188.8 189.2 188 185.7 177.5 174 180.5 183.9 186.4 187.3 186.5 187.6 190 193 198.5 205.1 212.3 218.8 222.6 224.9 227 229.1 229.5 229.7 231.5 235 238.8 243.1 244.4 245.8 247.8 248.7 242.9 248.8 250.2 251.8 251.9 249.9 245.4 241.7 237.7 229.9 216.5 209.8 204.1 199.7 195.9 192.5 190 187.5 178.3 175 169.6 163.9 156.9 155.4 157.4 159.2 166.7 169.7 168.5 161.8 168.2 158.3 150.2 138.3 133.1 139.6 153.7 160.4 164.5 167.6
162.6 168.2 174.6 180.6 184.2 187.8 186.1 186 186.6 187.8 181.7 172 176.2 184.3 187.2 186.7 184.2 183.1 188.5 188.8 194.9 200.2 205.9 211.6 218.5 221.9 223.5 226.2 227.8 228.1 228.1 229.8 231.7 234.1 236.1 237.9 239.9 243.4 244.9 240.4 240.3 244.4 246.2 246 241.3 235.2 229.2 224.8 221.9 214.4 206.9 201.5 197.9 194.7 186.7 177.6 172.8 168.2 169.1 160.4 153.5 151.2 152.4 152.7 156.5 165.6 162.7 153.8 157.1 152.1 145.8 137.1 133.1 143.3 153.5 160.6 166.3 168.6
160.7 160.6 166 174.2 177.4 180.4 181.9 182.3 181.7 182.9 179.6 166.5 174.2 184.6 188 187.3 184.7 180.6 182.1 186.7 190.6 194.9 198.7 204.2 213.1 217.8 220.1 221.6 224.5 225.7 226.4 226.7 227.7 229.9 231.2 231.9 233.2 235.9 240.9 243.9 241.4 236 244.4 243.2 239 231.7 232.6 230.1 224.3 221.9 209.2 203 199.9 196.2 187.3 176.8 169.4 166.3 167.1 156.7 152.5 150.5 148.7 147.9 149.2 150.9 152.6 149 150.5 145.4 140.3 132.4 131.5 146.7 154.9 161.3 166.9 169.5
164.6 160 160.5 164.2 168.8 174.3 177.8 179.9 179 176.7 173.2 163.1 168.7 180.4 187.8 187.6 185.7 178.8 178.4 184.1 187.7 191.5 196.8 202.1 207.6 212.4 216.1 217.9 219.7 221.2 222.9 224.2 224.5 225.8 226.9 227.8 228.6 229.7 232.2 234.8 233.5 231.8 239.5 238.1 233.5 230.7 230.2 231.3 227.9 223.4 213.9 206.3 201.6 197 184.7 174.1 168 161.6 164.5 162.5 155.8 150.7 143.6 144.5 144.1 145.5 144.9 144.1 143.5 139 135.5 131.5 135.9 145.9 154.6 161.5 165.2 168.2
