app/static/ascii/SD72.asc
ncols 200
nrows 200
xllcorner 370000
yllcorner 420000
cellsize 50
[rows 35 to 69 of 200, columns 78 to 155 of 200]
138.5 138.2 137.8 134.9 123.9 123.5 130.3 132.8 133.8 134.1 134 133.9 134.1 137.3 136.4 135.6 137.7 139.4 141.2 143.1 147.2 149.4 151.9 154.3 155.6 158.9 161.4 164 165.4 165.3 163.7 160.5 157.5 155.4 151.9 150.7 148.8 146.9 145.1 142.8 145 148.7 148.2 147.2 145.4 142.6 141.1 142.8 145.9 151.2 155.2 157.1 159.6 163.1 164.3 165.3 166.4 169 169.5 172.9 176.2 181.1 188 195 200.2 204.2 206.2 208.2 209.1 211.4 213.1 216.7 221.3 224.9 227.4 228.2 227.6 226.6
138.9 138 137.4 129.1 123.1 124.5 131.6 133.9 134 134.2 134.3 134.2 134.8 136.9 137.1 136.6 137.4 139.1 140.8 142.5 148.7 150.7 154.1 155.1 157.8 160.2 164.4 167.3 169.5 169.9 168.3 166.1 162 159.3 156.2 152.6 149.7 147.7 144.7 144.4 147.4 149.5 150.6 149.1 147.5 145.5 145.5 144.2 146.8 149.1 151.4 156.9 157.6 161.8 162.5 162.6 163.5 166.6 168.7 171.6 176.5 182.2 188.5 195.4 200.3 203.8 205.6 206.1 206.1 207.9 208.3 210.8 213.2 216.1 219.5 213.8 215.6 227.8
138.9 137.8 133.6 127.6 124.5 130.5 135.4 134.7 134.7 134.7 134.7 134.6 134.6 136.9 137.1 136.7 138.2 140.3 142.2 142.9 149.3 154.2 154.3 153.9 160 162.5 165.7 169.5 173.5 172.9 170.8 168.6 165.9 162.7 159.5 156.6 152.6 147.9 144.7 144.7 147.7 149.5 150.6 150.6 149.3 147.5 148.1 148 149.2 150.6 153.1 152.3 151.8 154.7 155.3 156.8 159.4 160.9 163 170.8 174.1 179.2 187.4 194.2 199 201.1 202.2 202.7 202.3 203.1 200.9 198.5 198.5 206.3 210.7 219.7 228.8 233.9
139 137.1 130.6 126.4 127.7 136.6 136.6 136.2 135.7 135.7 135.7 135.4 135.9 137.5 136.9 137.1 139.6 141.8 143.7 146.8 148.6 155.1 154.1 155.3 159.5 162.8 167.3 172.3 173.4 173.3 171.8 169.8 167.7 165.1 162.7 160 155.5 151.2 144.7 144.7 146.9 149.8 150.9 151.3 151.1 151.4 151.4 152.7 155.1 157.3 155.8 154.8 151.1 150.3 151 152 155.2 159.6 161.5 162.7 167.5 173.5 182 189.7 195.1 197 197.6 197 193.6 193.4 201.9 209 213.9 217.5 224.5 224 231.6 236.2
138.5 134.2 127.5 127.6 133.8 138.7 138 137.3 137 136.8 136.6 136.3 137.7 138 137.8 138.1 140.8 143.2 147.2 146.6 152.2 154.4 155.7 159.8 162.7 165.2 169.8 172.8 173.5 173.6 173 170.7 169.5 167.8 165.7 163.6 159.2 153.5 149.1 147.1 148 149.7 151 151.4 153.6 155.2 157.1 158.9 161.9 162.2 161 159.4 156.4 151.6 150.9 152 155 157.6 160.5 162.9 162.4 168.1 175.6 182.6 189.5 192.1 191.3 185.8 193.1 199.8 208.4 215.3 221 225.9 229.6 231.8 234.1 238.9
136.8 130.2 127.1 130.8 139.7 139.5 139 138.6 138.2 137.8 137.5 137.9 138.2 138.4 138.7 139.6 141.8 145.1 147.7 151.3 152.8 156.3 160.3 161.9 164.6 168 171.7 174.2 174.1 173.9 173.4 172.9 172 170.5 168.6 166.8 162.5 157.6 150 148.5 147.3 148.9 151.9 155.3 158.3 160.8 162.2 163.9 166.9 167.5 167.4 165.5 163.9 158.4 152.4 152.3 155.4 157.6 160 162.8 162.7 163.7 170.6 177 182.5 183.1 184.5 194.8 199.4 205.6 214 221.5 226 230.5 233.3 236.1 236.8 240.4
133 130.4 129.4 136.8 141.1 140.4 139.7 139.3 139 138.7 138.3 138.8 139.2 139.6 140.1 141.9 144.7 148.2 150.3 153.6 159.7 160.2 163 165.6 169 172.1 175.1 175.9 176.4 176.2 175.8 176.4 175.8 174.4 171.5 169.2 164.6 159.4 155.2 148.6 148.1 149.9 156 159.5 163.4 166.1 167.2 168.3 170.6 172.4 172.2 169.7 169.8 168.2 157.4 153.6 154.5 157.6 158.3 160.9 162.3 165.6 169.4 175.5 179.1 187 192.2 197.9 203.9 210.7 217.4 227 231.5 232.2 234.3 237.9 240.2 242.3
132.3 132.5 134.5 140.1 141.4 141.1 140.6 140.3 140 139.5 138.5 140.2 140.6 140.9 143 145.4 147.8 151.5 154.3 160.4 166 167.3 169.7 171.4 175.2 176.7 177.3 178.4 179.4 178.8 179.2 179.8 179.7 179.1 177.2 172.2 168.1 162 159 150.2 151.8 150.7 159.8 163.7 167.4 170.1 172 173.9 175.2 176.8 176.7 175.8 173.9 171.9 169.6 155.7 154 156.9 156.8 160.4 165.1 173.1 176.4 179.9 182.2 189.7 194.9 201.9 208.2 213.2 219.1 226.2 230.8 232.2 234.4 239.2 241 243.2
132.6 132.7 139.2 142.5 143.2 142.8 142 141.2 140.8 140.5 140.2 141.2 141.8 143.3 147 146.4 149.1 154.2 159.2 165.8 169 173.7 175.8 178.7 180.7 181.6 181.8 182.5 183.2 183.3 183.7 185.4 188.6 188.4 184.7 178.7 174.5 170.1 165.2 155.6 151.7 151.9 160.7 164.4 170 173.6 175.3 178.4 180.7 183.3 181.5 182 181.5 178.4 173.7 160.3 156.5 156.8 159.4 161 166.8 171.7 175.5 179 182.3 192.8 197.6 203.2 207.6 211.3 217.5 222.8 228.5 231.9 235 238.6 241.9 244.3
132.1 136.4 140.7 144.3 145 144.2 143.4 142.8 142.6 142.3 142 142.2 143.4 144.7 147.5 147.9 154.8 156.8 162.7 169.1 173.8 178.3 181.5 184.7 187.2 186.5 186.9 186.8 187.8 188 188.3 194.3 195.2 196 194.9 189.7 180.8 176 171 162.6 153.2 151.5 161.7 165.2 172.4 177.1 180.4 183.8 186.4 188.7 188.3 187.2 185.1 182.7 177.7 168.4 160.7 159.5 160.4 162.7 166 168.2 173.5 176.3 178.2 187.9 193.7 199.7 203.8 207.8 211.8 221.5 228 230.7 231.4 234.8 240.5 243.9
138.4 138.5 141.4 144.8 146.5 145.7 144.9 144.5 144.4 144.1 143.8 144.4 145.9 147.2 148.1 151.7 156 160.9 165.8 172.6 177.8 182.4 186.1 189.7 191.8 190.9 190.8 191 191 191.9 192.8 196.2 197 197 197.8 195.9 191.1 183.3 176.7 168.1 156.4 152.7 160.9 168.2 175.4 181.1 185.9 189.4 191.3 192.6 195 196.8 189.3 186 181 177.6 164.1 161.5 161.4 163 164.6 169 169.2 168.6 173.9 183.7 186.7 192.3 196.8 203 209.5 219 223.4 224 225.2 230.2 238.3 243.4
139.8 136.6 141.7 146.3 147.5 147.3 146.4 146.2 146.1 145.9 146 146.8 147.5 149.2 149.9 155.8 159.7 164.2 168.4 174.4 180.1 184.7 188.3 191.3 192.7 193.1 193.1 193.3 193.5 194.8 196.9 199 199.6 200.5 199.9 198.3 195.9 191.5 183 174.9 159.6 153.9 162.5 173 180 184.9 192.5 196.8 195.6 198 196.3 200.6 197.1 188.8 184.8 183.1 172.8 165.2 163 164 172.5 172.6 169.2 171.1 171.3 176.3 182.6 187.3 194.7 201.5 209.3 213.8 214.7 214.2 214.7 226.2 235.8 242.5
142.3 140.6 139.7 144.8 146.9 147.6 147.7 148.1 147.9 147.7 147.5 149.1 151 152.3 151.7 157.5 162 166.4 170.7 176.3 180.7 185.4 190.1 193.1 193.6 194.5 195.4 195.4 195.6 197.3 199.8 200.9 201.7 203.2 202.2 202.2 200 195.9 189.2 179 165.1 154 164.7 174.6 182.6 188.6 194.9 197.4 201 201.9 199.2 202.8 202.3 196.1 189.5 185.6 182.3 176.7 167.9 165.5 172.7 172.7 175.8 178.4 175.6 174 177.4 182.9 192.2 203 199.2 193.1 194.1 197.3 210.5 216.6 228.3 238.7
144 142.2 140.2 143.7 147.2 148 148.8 149.3 149.8 149.6 149.6 152.7 154 155.6 156.7 153.3 163.6 167.5 172.5 177.1 181.3 186 190.6 193 194.5 195.8 196.8 197.7 197.9 199.4 202.6 203.9 204.1 204.2 204.1 203.7 202.9 199 194.1 182.9 168.3 158.1 167.9 175.3 183.1 189.8 196.2 200.6 204.3 205.2 204.6 204.4 204.9 201.9 192.4 190.1 187.6 180.5 177 171.3 171.1 176.3 181.1 184.7 185.7 187.9 184.2 180.3 184.7 194.7 196.3 192.6 193 194.4 196.4 213.2 221.2 232.7
146.9 145.9 143 143.2 144.3 149.2 150 150.4 151 152.2 153.2 156.3 157.8 159.9 160.4 160.4 156.5 163.9 173 177 180.7 184.9 189.8 193.1 195 196.3 197.6 198.9 200.1 201.2 203.6 204.6 204.7 207.7 209.6 209.1 205.3 201.4 194.8 185.6 172.3 161.2 169.5 179.1 184.8 192.2 196 200.8 204.5 207.2 207.9 206.3 208 205.2 198.4 193.7 191.4 187.8 180.4 176.3 169.7 178.4 185.9 192.4 195.2 196.5 195.8 193.2 183 192.8 203 200.9 200.8 201.9 202.6 197.8 220.9 226.5
149.4 147.3 145.5 144 145.8 149.9 150.9 151.5 152.6 155.2 157.4 160 161.9 164 164.3 164.9 165.5 164.1 163.7 174.3 178 182.8 187.9 192.9 194.8 197 198.3 199.7 201.6 203.6 205.6 209.3 210.2 209.8 210 209.7 207.9 202.7 197 187.3 178.4 162.4 174.3 181 188.8 194.8 199.9 203.2 206.8 208.5 210 209.2 209.1 208.2 203.1 195.8 194.2 191.7 186.5 182.4 171.2 180.8 189.4 193.5 200.1 202.4 204.2 204.7 205.2 209.7 211 213.7 215.2 216.3 219.3 213.7 208.3 209.1
150.3 147.9 144.6 143.2 149.4 151.6 152.1 153.5 155.8 158.3 160.8 164 167.2 167.8 168.5 169.4 170.6 173.8 175.1 172.7 172.4 183.4 191.3 194.1 195.1 195.7 199.4 201.7 203.5 205.1 206.9 210.3 210.6 210.4 210.1 209.9 209.1 203.5 198.2 189.7 180.6 165.6 174.6 178.3 192.7 195.5 202.7 205.6 206.8 208.4 210.7 211.5 210.5 209.5 205.6 200.2 196.6 193.4 189.7 187.3 178.7 179.3 190.6 194.9 199.6 204.7 209.8 216 217.8 221 223 224.5 226.5 228.2 229.9 230.1 229.9 226.4
151.3 147.7 144.1 144.2 150.7 152.1 153.2 155.9 158.8 161.5 165.3 169.9 173.6 172.2 173.3 174.7 175.9 178.8 180.8 182.1 181.6 177.9 190.7 194.2 195.4 197.2 200.6 202.9 204.6 207.2 208.6 210.4 214.3 214.8 214.4 212.4 210 206 200.7 192.9 182.7 170.6 169.3 174.5 190.1 195.3 200.2 205.3 206.8 208.5 210.5 211.9 210.9 209.2 207.3 202.6 198.5 195.2 191.7 189.5 189.3 178.1 188.3 194.2 198.4 202.9 212.9 223 224.7 228.2 231 232.3 234.9 236.7 238.2 238.6 237.6 238.3
150.8 147.4 145.4 146.4 151.2 152.7 154.7 158.4 161.3 164.4 169.4 173.9 175.2 176.6 177.6 178.6 180.1 182.4 184.8 186.7 188.3 187.8 184.7 194.3 197.2 200.8 202.6 204.1 205.5 208.8 211.2 213.2 215 217.1 217.4 214.9 211.7 208 203.7 197.7 189 176.3 164.5 172.7 188 192.8 198 205.3 207 208.7 210.3 211.7 211.9 211 209.4 205 201.2 198 195 192.8 192.6 189.6 182.2 194.1 199 203.6 213 223.4 229.6 231.9 233.8 235.8 238.7 240.7 242.3 243.3 244.3 245.6
148 149.1 145.9 146.8 151.3 153.1 155.2 158.5 161.5 166 170.4 174.7 177.4 179.3 181.2 182.5 184.5 186.3 188.4 190.9 193.4 194 193.5 190.7 198 201.1 203.1 205.2 207.3 210.4 212.8 215.4 216.9 218.7 219 216.9 213.7 210.3 206.4 201.4 197.6 181.8 167.9 175.3 185.6 190.2 197.4 202.1 206.1 207.5 208.6 212.1 212.2 212.2 212.3 209.4 205.4 201.8 198.8 195.8 195.1 194.9 185.7 196.9 200.3 204 211 221 231.8 234 235 236.7 240 242.8 244.7 245.7 248.2 250.6
150.2 151 149.7 151.5 152.5 154.4 157.3 159.9 163 166.9 170.8 174.3 179.2 181.4 183.6 187.2 189.5 190.9 192.9 195.8 196.8 196.5 196 193.9 196.2 200 203 205.4 208 211.2 214.4 217.8 219.9 221.4 221.8 221 216.3 213.4 209.1 203.7 199.2 187.6 168.2 176.5 181.2 188.9 195.4 200.1 205.3 208.3 211.2 213.2 214.7 214.7 215 214 210.2 206.3 204 199.3 198.3 197.3 192.1 198.4 201.2 204.7 210.5 218.7 230 234.9 235 236.7 239.7 242.4 244.9 246.7 248.9 251.6
153.2 152 152.3 153.5 155.1 158.1 159.3 161.5 165.7 169.1 172.7 174.7 180 182.7 186.9 190.5 192.6 194.8 196.3 197.1 198.1 198.4 198 197.3 195.8 198.8 203.2 205.7 208.7 211.6 216.5 223.1 222.1 223.8 224.1 222.7 221.8 218 211.6 205.4 198.6 190.1 169.7 171.2 181.3 187.5 193.7 199.9 204.6 209 212 214.2 217.8 217.9 217.3 216.3 215.3 211.4 206.7 206 202.1 200.5 199.1 197.6 200.8 204.4 209.6 217.2 222.6 233.9 236 237.1 239.6 241.7 243.9 246.8 249.6 252.4
154.3 154.3 154.6 155.3 157.6 159.3 159.8 163.6 167.6 170.6 175.6 178.2 180 183.7 189 192.5 195.1 197 197.9 198.7 199.5 199.9 200 199.8 198.7 198.1 202.4 206.4 209.4 212.6 217.8 223.6 224 225.4 229.6 232.3 232.6 225.7 216.6 207 198.2 192.1 180.6 169.7 179.3 184.8 192.2 198.8 203.6 207.6 212.1 219.8 220.1 220.2 219.8 217.9 216.6 214.8 212.5 208.7 208.4 203.6 202.6 200.7 201.5 203.3 207.9 214.7 220.3 229.7 235.7 237.3 239.1 241.2 243.3 245.7 249.2 252.4
156.8 157.6 157.8 158.6 160.6 162.6 163.3 166.9 169.2 171.3 176.7 179.2 183.1 185.4 189.7 193.2 195.8 198.7 199.9 200.7 201.3 201.8 202 201.9 201.6 201.3 202.2 206.5 209.4 213.4 217.7 226.4 226.3 230.8 236.3 240.4 240.7 234.7 223.2 211.3 201.5 195 189.8 176 173.6 182.9 189.2 195.1 200.9 205.4 210.8 219.8 220.6 221 220.9 220.1 218.7 216.9 215.3 213.3 212.9 210.7 206 204.3 203.7 206.5 209.7 213.9 217.5 223.7 230.4 235 238.9 241 243.3 245 248.4 251.7
158.2 159.8 161.1 161.7 162.8 164.1 165.1 169 170.1 176.5 177.2 181 185.1 188.9 191.4 194.5 198.2 200.2 201.6 202.6 203.1 203.5 203.8 204.2 204.2 204.2 204.2 205.5 209.3 213 219.1 225.6 228.5 236.1 240.9 243.4 245.6 242.1 231.6 218.8 207.8 199.5 193.6 185 172.2 183.7 185.4 192.5 197.4 202.3 207.9 217.4 220.3 220.8 221.3 221.3 220.7 219.4 217.6 215.8 215.4 215.3 213.4 209.5 207.4 212.7 216 217.9 218.5 222 228.5 234.2 238.8 241.3 243 244.5 247.4 250.7
159.4 161.3 161.9 162.9 164.4 165.7 167.3 170.3 171.5 176.4 178.3 182.1 185.8 189.2 192.8 196.9 199.4 201.1 202.8 203.8 204.7 205.3 205.7 206.4 207 207.5 207.7 207.5 209.4 213.5 217.1 224.2 229.8 236.6 243.1 246.8 248.5 246.9 239.3 228.8 214.9 205.6 198.8 191.5 174.5 174.9 183.8 188.6 194.2 198.8 205.1 213.3 219.6 220.7 221.9 222.6 222.1 221.2 219.5 218.1 217.5 216.9 215.4 213.6 216 216.5 219.4 221.7 221.5 221.4 226.7 234 239.1 240.3 241.7 243.4 246.7 249.2
158.1 161 163.1 164.2 165.3 168 168.9 171.3 174.1 177.5 180.4 184.2 187.4 190.3 193.5 198.6 201.2 202.5 203.7 205 205.8 206.8 207.8 208.5 209.1 209.7 210.3 210.1 211.6 214.1 217.4 222.7 229.6 235.9 243.3 246.9 249.3 248.9 244.5 236.6 223.1 212 204.4 199.3 190.5 173.7 176.8 184.7 188.6 195.7 202 208.1 215.3 220.5 222.6 222.4 222.2 221.7 221 220.3 219.8 219.2 218.4 215.9 216.9 220.5 221.6 227.4 229.6 224.1 222.1 230.4 230.2 230.8 236.9 241 246.6 249.7
158.5 161.6 164 165.6 166.8 168.6 170.9 173.6 176.3 179.1 182.8 186.3 189.7 192.9 195.9 199.9 202.9 204.7 205.6 206.4 207.3 208.7 209.8 210.6 211.3 211.9 212.7 213.7 214.5 214.6 217 222.2 226.7 232.3 239.5 246.8 249.7 250 246.8 240.6 231.2 219.4 209.9 204.3 198.6 188.8 174.7 175.4 185.4 190.5 199.3 205.1 211.6 217.2 221.1 221.6 221.6 221.3 221.3 220.4 219.8 219.4 220.2 220 216 220.8 222.5 227 229.6 230.2 226.9 230.6 235.5 241 244.5 245.1 247.3 250.7
158.5 162 164.8 166.7 168.8 171.3 173.5 175.9 178.7 182.2 186.5 189.8 192.7 195.5 199 202.5 204.5 206.4 207.5 208.4 209.6 210.6 211.8 212.7 213.5 214.2 215 216.1 216.8 217.9 217.8 221.9 225.6 230 239.6 246.6 250.2 251.2 249.6 244.5 236.6 225.9 214.9 208.2 202.5 199.5 190 183 176.8 186.4 195.9 202.2 207.7 214.3 218.2 219.1 219.4 218.8 219.7 220.1 219.4 219.3 221.2 222 220.6 219.9 221.9 225.4 228.4 231.5 232.8 229.2 236.3 241.5 245.8 247.2 249.5 252
158.7 162.8 166.5 168.7 171 173.5 176 178.3 181.1 185.2 189.4 192.7 195.2 197.7 201.4 203.9 205.8 207.9 209.7 210.9 212.1 213 213.6 214.4 215.3 216.4 217.3 218.8 220 220.5 222.3 222.1 225.5 229.4 238.1 246 251.3 254.3 253.1 248.7 240.7 229 218.9 211.7 206.3 201.8 197.5 198.4 193.4 178 188.1 197.9 204.5 210.2 214.3 216.2 214.9 215.5 216.5 216.9 217 216.7 219.9 222.9 222.5 221.5 221.9 224.6 228.4 234 235.7 237.1 234.1 240.4 245.5 247.9 250.4 253.3
159.9 161.5 168 170.8 173.3 175.7 178.2 180.7 183.7 187.4 191.1 194.2 197.3 200.3 203.3 205.4 207.2 209.1 211 212.9 214.5 215.1 215.7 216.3 216.9 218.2 220.7 222.7 223.7 224.5 224.1 225.6 227.7 231.5 237.1 244 251.3 256.1 256.8 254.5 248 236.7 223.5 216 210.3 201.7 204.9 206.1 205.2 194.6 179.7 189.7 199.3 205.5 209.9 209.5 210.4 211.7 211.7 211.8 213.6 214.1 218.4 222.9 223.2 222.7 223.5 225.3 228 233.9 238.3 240.4 240.6 241.4 246.1 248.1 251.2 254.3
160 161 165.6 171.4 173.8 176.3 178.8 181.2 185.3 189 193.1 196.2 198.4 201.5 204.3 206.5 208.2 209.8 212.1 213.7 216.6 217.8 218.1 218.6 219.4 220.6 225.8 226.6 227.8 228.8 229.3 230.2 232 236 238.9 241.3 248.1 257.1 259.6 259.9 252.5 243.3 231.5 219.8 214.1 209.6 211.1 222 224.8 211.4 198.3 181.5 187.3 198.1 204.9 203.4 196.7 198.5 206.8 208.5 210.6 211.8 215.6 220.5 223.7 224.2 225.3 226.8 229.3 232.9 240.7 244 244.3 243.7 246.5 250.1 252.2 254.5
168.1 162.3 162.2 170.5 173.9 176.5 179.1 182.4 186.9 191.3 195.1 198 199.4 202.3 204.8 207.3 209.2 210.7 212 213 218.7 220.7 223 224 224.1 228 230.8 232 233.1 233.5 233.3 236.5 236.5 240.3 241 246.5 246.9 253.8 257.3 260.2 256.4 248 240.4 228.6 221.1 214.6 217.2 225.4 232.2 229.4 213.4 197.2 186.6 186 188.9 186 186.6 191.4 198.2 205.4 207.4 210.4 213.4 219 223.6 226.6 227.3 229.5 230.1 234 238.9 243.8 245.8 246.3 247.1 250.4 254 256.1
170.7 167.8 162.1 166.4 174.6 177.2 180 183.5 188.9 193.6 197 198.9 200.3 202.2 205 207.8 210 210.9 212.4 213.3 219.7 224.5 226.8 229.5 235.8 241.1 242.7 244.5 244.8 243.8 241.1 241.1 239.1 242.9 251.2 255.6 257.5 257.8 254.8 254.1 254.9 249.9 245 235.8 228.8 219.9 231.3 234 234 231.8 221.4 209.5 203.5 193 194.4 200.8 200.8 194.9 191 206.8 210.3 211.3 213 217.7 224.7 229.4 230.3 234.1 236.6 233.6 237.5 242.2 246.6 248.3 248.2 251.4 255.7 257.5
171.9 169.5 164.1 164.4 173.8 177.9 181.2 185.7 190.9 194.8 198.3 201.4 201.2 202.1 204.6 207.6 210.7 211.8 214.3 217 222.5 228.2 232.7 237.2 245.7 249.2 251.5 252.8 252.8 251 249.4 248.3 241.9 251.9 257.4 260.4 262.4 263.4 262.9 260.3 252.7 242.6 238.9 236.7 228.8 231.5 235.5 237.5 235.1 227.6 220 214.9 211.3 208.2 207.3 206.7 207.7 208.4 203.4 194.7 209.3 211.5 212.9 216.8 222.3 227.8 230.8 232.8 238 238.1 237.8 242.5 247.2 250.5 251.3 251.3 254.6 257.6
