app/static/ascii/SD73.asc
ncols 200
nrows 200
xllcorner 370000
yllcorner 430000
cellsize 50
[rows 108 to 143 of 200, columns 0 to 80 of 200]
79.5 79 78.8 78.1 77.5 78.8 79.6 80.8 83.8 86.6 87.4 87.8 87.4 86.4 86.3 84.7 86 86.8 87.8 89.2 87.4 88 91.8 93.4 95.8 98.3 101 103.9 105.4 107.2 108.4 109.3 113.4 113.3 119.9 123.9 127.6 135.9 147.1 161.6 168.1 173.6 179.1 182 185.2 194.9 194.8 194.2 196.1 193.5 185.7 178.1 171.7 167.2 167.3 168.8 166.6 165.5 165.7 162.5 157.3 152.3 146.8 139.2 130.2 122.9 115.2 108.8 104 99.6 92.9 85.3 76.4 68.7 62.5 58.5 56.1 49.6 72.2 77.6 80.7
79.9 80 80.1 80.1 79.5 81.8 83.2 84.6 85.4 87.2 89 89.3 89.5 88.1 87.4 87.2 88.1 90.1 91.2 91.9 90.6 91.4 95.3 98.7 99.8 102.2 105.1 106.7 109.8 113.4 115 115.8 118 119.9 125.9 131.5 136.5 143.2 154.6 164.5 172.8 178.5 183.1 190 196.8 197.4 196.1 195.3 194.1 190.5 181.7 174 167.7 162.8 163.8 165.3 166.8 166.5 163.7 159.3 154.8 150.5 145.1 137.6 129.2 122 115.3 110 106 100.5 98 90.4 85 74.5 66.5 60.4 58.3 51.3 61.9 80.3 80.4
81.2 81.5 82.1 82.7 82.1 85.1 86.5 87.7 88.7 89.6 90.6 90.6 90.8 89.8 88.1 91.3 90.3 92 93.3 94.2 94.9 95.1 100.2 102.3 105.2 107.1 109.1 111.8 114.9 118 120.7 123.8 129.1 134.2 139.7 143.2 148.7 153.9 158.2 166.4 172.6 179.3 192.3 196.6 197.9 197.6 196.6 194.9 192.3 183.2 175.9 168.7 163.6 159.6 160 162.3 164.8 165.6 162.4 157.9 154.1 149.7 143.3 135.4 128.5 119.1 113.3 110.2 107.2 104.4 101.7 94.7 87.1 79.2 70.7 62 58.6 53.8 61.3 78.1 78.4
83.2 84 84.5 85 84.3 88.4 89.3 90.2 91.2 92.1 92.2 92.2 91.9 94.1 92.1 92.3 93.8 94 95.4 96.4 98 98.6 103.1 105.9 108.6 111.3 113.3 118.3 121.2 124 128.7 133.9 140.6 145.6 148.4 150.9 157.9 164 165.6 170.5 177.6 182.4 190.5 195.2 198.3 197.6 196.7 195.8 187.7 178.6 171.6 167.2 162.1 157 156.1 158.8 161.9 162.5 159.4 156.6 152.9 148.8 141.5 133.6 126.6 117.8 106.2 108.5 108.1 105.9 102.7 98.4 89.2 82.8 73 63.4 56.1 52.5 64.4 74.4 75.5
86.2 87 87.6 88.3 89.3 91.3 92.6 93.5 94 94.5 93.9 96.4 95 94.6 95.8 96.5 97.2 97.3 97.8 98.7 101.2 102.3 105.5 108.4 110.6 113.8 117.3 123.5 127.7 132.1 138.7 143.1 148.2 153.7 156.5 159.8 165.8 170.2 173.7 176.6 181.9 187.4 195 197 199.3 199.2 198.7 195.1 184.4 176.6 170.9 166.7 162.2 156.3 153.7 155.2 157.9 158.8 157 155.1 151.2 145.6 138.6 132 121.5 113.7 109 99.4 106.6 106.4 102.7 96.9 90 80 67.1 58 54.3 52.8 64 73.5 75.2
89.1 89.9 90.6 91.8 92.7 91.8 95.8 96.3 97 97.6 97.9 98.1 100 99.6 99.3 100.4 101.5 101.7 101.7 103.4 105.5 106.3 106.1 111 113.1 117 123.3 128.4 132.3 136.9 142.1 147.2 154.2 160.9 163.4 166.7 166.8 174.8 179.5 186.1 192.5 194.9 196.6 198.1 199.1 199.6 199.3 190.2 183.5 177.4 171.9 167.3 162.5 157.5 152.2 151.7 153.8 155.2 153.5 151.3 147.5 139.9 131.3 123.8 116.4 109.7 106.1 101.6 94 91.8 83.5 77.2 67.4 62.5 61 63 52.3 56.3 63 69.3 73.6
92.4 93.2 94.5 95.8 96.4 95.1 98.1 100 101 100.9 100.6 100.2 101.8 102.8 102.7 103.9 105.1 106 106.2 108.2 109.4 110.2 111 112.6 116.8 120.2 127.2 133.6 138 142 146.9 152.9 158.6 162 170.8 177.5 179.3 181.7 190 192.5 194.1 195.8 197.2 198.5 199.6 199.4 194.1 186.4 182.5 178.7 173.1 167.3 161.9 156.3 152.4 149.5 151.2 151.5 149.6 147.5 139.9 130.9 123 115.4 112.2 107 103.7 97.8 91.4 79.5 69.3 70.1 70.5 75.8 79.3 73.6 52.3 57 59.9 65 69.9
95.4 97.3 99 100.1 100 99.6 100.2 101.8 102.7 103.2 103.1 103.8 104.1 106.1 106.6 107.3 108.5 109.3 110.6 110.7 112.9 114.1 116.9 116 120.5 125.1 132.6 139.1 144.2 148.7 155 160.5 165.2 179.6 188.2 187 190.4 189.8 190.9 192.5 195.5 197.2 197.4 199 199.6 195.2 190.2 187.6 182.6 178.6 172.8 166.9 160.4 155.2 151.5 148.4 149.6 149.6 144.2 137.6 130.9 125.5 120.5 115.2 112.1 107.6 99.4 94.7 85.6 73.8 78.8 92.1 92.6 89.2 83.6 76.2 52.4 57 58.7 59.5 64.7
98.3 100.9 101.3 104 103.3 102.2 102.4 103.6 104.9 105.6 104.5 106.2 105.5 108.3 109.5 110.6 111.8 113.4 114.8 116.2 117.6 118.4 119.6 121.9 125.7 131.6 138.7 145.6 152 157.4 163.2 173.6 185.8 191.9 191.8 193.2 191.6 193 193.2 193 196.4 199.4 199.9 201.6 200.3 194.8 191.9 188.5 182.7 178.6 173 166.4 159.7 155.5 152 149.3 144.8 140.9 137.1 131.3 125.3 124 118.8 113.7 110.2 103.6 96 89.2 80.8 83.9 91.7 93.1 92 89 84.6 80.3 59.9 53.8 56.9 57.9 55.5
103.4 102.2 104.9 105.9 105.9 105.4 105.8 105.5 107.4 107.3 107.3 107.5 108.5 110 111.5 112.4 113.7 116.2 118.6 119.7 121.4 124 124.8 128.5 131.3 135.5 145.3 152.1 157.5 163.8 175 186.9 191.4 193.2 190.4 192.5 201.4 198.7 195.1 194.8 198.7 205 206.2 206.3 201.6 200.9 197.4 191.3 183.9 178.3 172.4 165.3 160.5 157.4 154.7 146.1 136.1 133.6 131.5 126.5 120.3 117.9 114.9 109.7 105.1 96.9 88.3 88.2 94.2 98.6 94.9 91.2 88.9 86.1 83.5 82.9 79.4 70 66.6 56 56.5
105.7 105.8 106.6 107.5 108.4 108.6 108.7 109.2 109.6 109.5 109.5 110 111 111.9 114.2 115.5 117.1 120.2 123.3 126.4 129.4 130.8 131.4 135.2 140.6 145 151.3 157.2 162 173.3 183.5 185 187.3 188.3 189.7 194.8 196.4 194.1 194.2 197.1 202.8 209.1 209.2 207.4 206 209.5 203.7 195.2 182.5 173.2 167.2 163.4 158.4 153.8 147.5 139.7 134.9 129.1 125 120.4 113.5 109.8 108.3 103.4 96.6 93.4 97.5 101.6 100.1 102.1 98.2 93.2 89.3 85 85.6 84.5 80.2 75.6 71.4 67.5 63.3
109.3 109.4 109.7 110.9 111.4 112 112.4 111.9 112.1 112.7 113.1 113.8 115.4 115.7 119.2 122.5 126.1 129.6 133.2 134.9 136.8 137.6 138.3 143.5 148.3 153.1 155.8 161.9 171.1 180.1 181.4 182.9 185.8 188 186.7 188.2 190.3 192.7 196 201.7 206.7 210.8 210.6 209.4 206.9 198.9 187.1 176.2 166.4 160.8 156.1 153.7 151 145.6 137.2 134.1 132.7 126.8 117.9 113.1 107.9 101.5 99.2 94.4 100 104.2 107.6 107.6 104.4 103.2 102.6 97.2 92.7 88.5 82.4 79.4 75.7 71.8 66.7 72.8 71.1
111.6 112 112.4 112.2 114 115 115.1 114.9 115.3 115.9 117.1 120.8 119.7 122.9 127.8 133.2 135.8 139.6 140.4 141.1 144 145.5 147.9 150.1 156 162.1 166.8 170.2 177.9 179.5 181.2 184.5 189.1 186.2 187.9 190 191.7 195.3 199.3 204.4 208.6 212 212.9 209 198.5 181.6 170.1 158.4 155.4 152.6 148.2 143 140.5 139.9 133 129.4 127.6 122.7 115.1 108.8 103.7 101.3 101.2 105 108.8 112.8 113.6 111.3 107.1 105.4 104.2 101.5 98.6 93.3 86.3 79.2 78.7 78.2 68.1 73.2 74
114.6 114.8 115 115 116 117.1 117.6 118 117.6 117.6 121.5 125.6 126.9 128.7 136.1 142.4 146 146.9 147 149.2 150.7 153.5 155.2 155.1 162.7 168.1 174.3 179.3 177.6 180.4 184 185.7 185.4 187 191.2 193.3 195.5 198.5 201.4 204.5 207.4 208.4 204.2 196.4 182.8 168 156.6 151.2 147.6 144.8 142.8 136.2 132 130.4 126.7 121.2 121.7 117.8 111.9 107.8 108.9 108.8 109.8 114.3 117.9 120.2 118.5 115.2 113 112.3 109.7 106.9 103 99.5 95.6 86.1 80.7 78.4 72.4 74.5 76.4
118.3 119.1 118.7 118.1 119.2 119.1 119.8 120.6 120.2 122.5 125.7 130.5 133.6 135.1 140.7 146.6 150 153.1 154.9 156.6 157.9 160.1 162.3 165 167 171.2 178.7 179.9 180.3 189.3 190.6 187 184.8 188.2 193.1 195.2 197.1 198.2 198.9 200.9 202 199.6 192.2 179.6 167.4 154.9 148.1 144.3 141.1 138.1 133.7 130.8 126.6 120.5 123.1 119.3 118.6 117.9 118.2 117.6 118.1 115.6 117.8 124.4 128.4 126.3 124.3 122.5 120.6 118.7 116.2 112.6 108.3 104.2 100 90.4 82 77.4 73.4 75.4 77.9
121.1 122.1 121.3 121.6 121.3 121.8 122.6 123.7 124 126.9 129.5 133.2 137.3 137.9 143.8 149 154.1 158 161 162.7 165.3 166.2 169 170.7 173.6 172.7 179.2 182.3 187.3 187.8 187.8 185.3 186 188.8 195.1 198 198.1 196.7 194.5 193.1 193 186.2 175.4 163.7 152 146.3 142.4 138.9 134.8 131.4 129.1 130.2 126.9 124.7 132.3 128.6 129.3 128.7 128.8 128.3 126.1 123.3 125.4 133.9 133.3 131.2 129.4 128.2 127.1 125 122.2 117.8 112.7 108 102 95.2 85 78.5 75.8 77.1 79.2
123.5 124.8 124.5 124.7 123.6 125.2 125.6 127.5 129.2 130.2 134.1 137.4 141.7 145.7 145.9 153.5 158.1 161 163.7 167.7 172.4 172.7 173.4 181.4 182.7 183.9 184.6 192.7 193.5 189.3 186.7 183.4 185.9 189.6 194.7 197.9 197.6 194.4 189.8 186.1 181.1 174.3 162.2 151.7 146.8 140.7 137.1 133.6 128.1 133.7 137.8 138.4 134.1 134.3 138.3 138.1 138 138 137.1 136.1 134.2 136.9 140.9 139.6 137.3 136.2 134.8 134.2 133 131 126.4 121.3 116.1 111.9 103.5 95.8 88.4 81.9 78.5 79.3 81.1
122.2 124.5 126.1 126 127.6 129.9 130.8 131.6 134.1 137.9 141.4 142.5 147.2 150.5 151.7 156.4 160.9 164.4 169.3 172.5 175.5 179.1 183.5 186.1 191 196 194 193.6 196.7 191.1 185 182.1 183.7 188.6 193 195.1 195.2 191.8 185.5 180.7 174.5 166.6 155.9 147.8 140.6 136.8 133.8 130.2 131.3 140.7 145.5 147.3 144.7 144.5 146.8 150.8 150.3 146.5 144.2 146.1 147.3 146.2 145.4 143.4 142 141.1 140.3 140.7 139.7 135 129.1 124.1 118.3 109.5 102.7 96.8 90 83.6 80.7 81.1 82.9
124.2 123.6 126.9 129.2 131.3 134.2 137.5 142.3 146.7 148.5 149.9 152.7 154.9 156.2 157.3 158.3 162.6 169.7 174 177 179.7 183.9 188 192.7 196.6 198.7 204.7 201.1 197.6 192.4 191.2 185 179.4 185.4 189.3 191 191.3 187.7 180.8 175.4 167.9 160.2 151.4 144.9 136.8 133.2 130.7 130.7 135.7 143.3 150.4 154.3 153.1 153.1 154.4 158.4 159.1 155.7 152.3 151.1 151.3 150.4 148.9 147.4 146.7 145.8 145.8 145.2 142.6 138.9 133.4 124.7 114.2 108.6 101.7 96.6 90.5 85.9 84.4 83.6 84.6
127.2 126.3 128.5 131.7 135.7 140.8 145.2 152.1 157.2 157.9 161.6 161.7 162.7 163.4 161.4 163.1 165.2 171 176 180.8 184.5 188.4 193.3 197.5 201.9 206.6 204.2 200.7 200 194.4 190 185.9 180.1 182.2 186.1 186.2 183.9 179.3 175.3 170 162.4 153.6 147 140.6 135.4 130.6 130.6 133.1 137 145 153.1 158.2 160.4 161.3 162.1 162.8 162.6 159.6 155.8 154.4 153.7 153.4 157.9 152.6 151.4 150.5 150.1 147.2 141.9 136.8 127.8 118.2 112.3 107.6 102.4 95.9 89.9 90 88.8 87.6 86.3
128.7 124.5 131 135.5 141.9 146.9 153.5 158.6 162.5 163.8 169.1 169.3 168.5 167 167.8 168.2 170.4 172.9 179.1 183.3 187.5 194.8 196.5 204.5 204.9 203.4 201.8 202.8 200.7 195.4 189.8 184.8 179 174.2 180.3 180.8 176.5 170.7 167.7 163.3 155.7 148 143.9 138.1 132.7 130.9 131.8 134.1 137.9 146 153.9 160.5 163.8 163.7 163.4 161.7 159.9 159.8 159.7 159.3 159.4 163.7 163.6 157.8 156.2 155.1 153.3 148.9 141.9 129.7 123.4 116.8 110.6 106.5 102.3 96.9 92.5 92.6 92.1 90.5 89
129.2 130.7 135.3 142.6 149.1 155.8 162 165.6 168.3 170.7 174.6 175.4 173.3 172.1 172.4 176.5 181.9 183.1 185.3 188.3 191.6 197.8 202.7 203.5 202.3 202.1 201.6 201.5 198.7 195.4 191.1 184.9 179 169.8 173.3 175.6 171.4 164.4 159.1 155.3 148.2 143.5 139.4 135.5 132.2 133.2 133.7 135.4 137.6 145.6 154.1 161.8 161.7 160.7 160.2 160.6 164 171 176.4 170.7 169.2 167.2 164.9 162.5 161.3 161.6 157.9 150.7 137.4 127.8 122.9 117.9 112.8 108.3 103.5 97.4 94.8 94.8 94.3 92.8 91.2
130.9 133.2 140.9 149.5 155 164.3 168.4 171.7 174.7 176.7 177.5 179.2 177.8 176.3 180 182.4 186.2 191.3 192.1 194.2 200.4 203.3 202.7 201.2 201.1 201.7 201.9 201.4 198.6 196 191.5 184.4 179 173.1 162.8 167.5 164.6 158.3 151.8 149 143.3 138.1 135 134.7 135.2 136 136.3 137.7 141.7 144.8 154.4 159.6 159.1 159.3 161.9 169 177.7 183.5 180.7 177.1 173.4 171.2 168.4 167.1 167.6 165.3 156.6 143.3 135.3 128.2 123.2 118.1 113.2 108.8 104.1 99 96.6 96 95.7 95.2 93.4
131.7 138.1 145.9 153.3 163.2 169.5 174.3 177.2 179.6 181.5 181.2 181.6 181.5 182.9 184.5 191.9 197 196.1 198 202.7 204.5 201.7 200.3 200.4 201.1 201.7 201.5 199.6 197.2 194.4 188.6 183.3 178.4 172.4 163.3 156.9 156.7 150.7 147.5 143.4 140 140 140.6 139.7 140.6 141.6 141.3 141 147 154.1 158.5 158.6 158.4 164.1 175.2 180.1 188.3 187.3 183 180 177.4 175.8 174.2 173.5 169.7 159.8 150.2 143.5 136.4 128.9 123.4 118.3 113.3 108.3 103.6 100.9 98.2 97.2 97 96.9 95.6
131.9 140 147.4 157.2 167.5 173.5 178.3 181 183 184.2 183.5 183.7 186.5 189.4 195.9 199.5 200.8 200.1 200.9 200.5 201 199.9 199.3 200 200.6 200 199.2 197 194.4 190 185.6 180.6 175.5 169.8 161.6 151.7 149.4 145.2 140.9 142.4 149.8 152.2 149.6 147.6 148.5 149.9 150.3 149.8 148.8 159.3 164.6 163.2 160.7 175 179.3 193.6 197.7 190.6 186.3 184 181.5 179.1 176.8 174 160.6 154.6 149.1 143.9 137.3 130.3 124.8 117.6 113.7 109.5 106.5 103.7 100.9 98.4 98.7 98.8 97.1
134.5 141.8 149.2 160.1 169.2 175.8 180.7 183.8 185.4 186.1 185.5 187.4 190.8 196.5 200.8 208.8 206.6 202.4 200.7 199.8 200.1 200.1 198.5 199.6 198.3 196.6 195.8 193.9 190.1 185.6 179.6 175.4 170.6 164.7 158.2 149.9 145.3 143.3 143.5 153.3 158.9 160.7 159.7 158.7 157.6 158.7 159.7 159.9 154.8 159.6 164.3 165.2 163.7 170.2 185.8 188.1 189.2 188.9 187.9 187 184.5 181.6 175.7 164.4 157.4 153.2 149.5 144.7 138.6 132.3 127.4 121.3 116.3 111.4 108 105 102.3 100.4 100.1 99.6 98
138.3 142.3 149.7 159.5 168 173.5 179.5 184.9 187 188.4 187.7 189.1 196 199.3 208.4 210.2 208.9 205.4 203.6 202.9 202.8 201.8 199.2 196.4 196.4 194.6 191.8 188.6 184.3 178.2 173.6 168.1 164.1 164.1 161.9 148.8 143.7 144.2 154.2 159.3 163.1 165.6 166.2 166.7 166 165.9 165.7 163.9 161.8 156.9 161.1 163.6 164 173.6 179.6 181.9 184.1 186.8 187.7 188.4 185.2 177.6 170 163.6 157.8 154.8 150.2 145.2 140.2 134.6 128.5 122.6 118 114.3 110.7 107.1 104.5 102 101.5 100.1 98.5
139.5 140.3 147.9 154 160.2 170.2 178.4 183.8 190 192 193.6 199.4 201 207.2 209.9 209.8 209.9 210.2 209.1 207.1 206.2 203 199.9 195.7 192.2 190.9 187 182.3 177 170.7 166.3 164.1 164.1 164.1 164.1 157.5 145.1 151.1 157.5 161.8 165.6 168.6 169.3 169.3 170.3 168.5 165.9 164 162.5 159 159.2 161.2 163.5 170.2 174.9 178.2 182.6 184.8 185.4 180.8 177.3 176 172.4 167.8 161.3 156.4 151 146 141.3 136.5 129.8 122.9 118.4 115.2 112 109.2 105.6 103.2 102.3 100.6 99
143.4 143.9 148.3 156.3 167.2 173.2 176.2 185.5 191.1 194.6 198 202.5 207.8 212.9 211.2 212.8 213.7 214.7 214.1 211.7 208.3 203.9 198.7 193.1 188.5 183.4 179.6 175.2 169.8 164.1 164.1 164.1 164.1 164.1 164.1 164.6 154.1 153.8 159.6 163.6 167.4 170 169.5 167.7 167.3 166.8 165 162.7 161.5 161.8 161.3 163.4 166.2 170.7 175.7 180.4 183.3 179.1 179.7 178.2 176.9 176.2 173.5 167.6 161.1 157.2 151.7 146.8 141.7 136.8 131.1 123.8 119.3 116.1 112.9 109.7 106.8 104.5 102.8 101.1 100
144.7 147.5 151.9 161.9 172.7 178.4 181.2 184.6 189.4 193.6 198.6 203.7 207.9 211 212.3 215.4 217.4 217 215.1 211.8 208.1 202.7 196 190 182.4 175.9 171.6 168.2 164.1 164.1 164.1 164.1 164.1 164.1 164.1 164.1 162.8 157.6 159.8 164 166.9 168.1 167.8 165.9 164.2 163.9 163 162.1 162.4 163.5 165.6 168.7 172 176.3 179.6 182.6 182.2 177.8 176.7 175.9 174.7 175.6 172.1 167.3 161.3 157 152.1 147 140.3 134.9 128.9 122.8 119.8 116.7 113.5 110.4 107.3 105 104 103 101.9
155 159.9 164.3 171 176.4 181.5 184.6 183.2 187.7 192.9 198.6 206.9 209.2 210.2 212.9 217.4 218.9 217.5 214.3 211 206 199.6 192.2 185.2 176.1 169.9 164.4 164.1 164.1 164.1 164.1 164.1 164.1 164.1 164.1 164.1 164.1 161.3 163.1 164 165.5 165.9 165.6 165 164.1 163.1 163.2 164.2 167 170.2 172 174.7 177.8 179.7 181.4 180.8 177.7 175.3 174.9 173.6 172.6 172.9 170.5 166.4 161.3 156.3 151.2 145 138.4 132.9 128.2 124 120 116.9 113.7 111.1 108.5 106.8 105.8 104.8 103.6
172 173.1 175.2 178.5 181.7 185.8 187.3 188.3 189.1 193 200.8 206.4 208 209.9 213.7 217.6 218.3 217.1 213.6 209 202.9 195.5 187.2 178.2 168.9 164.1 164.1 164.1 164.1 164.1 164.1 164.1 164.1 164.1 164.1 164.1 165.9 167.2 167.6 168.7 168.5 166 165.5 164.7 164.8 165.8 166.8 169.6 173.7 176.9 178.6 178.9 180.5 179.9 179.8 176.1 172.7 173.6 173.3 171.8 169.8 169 169.3 166.2 163.4 154.6 148 141.4 135.2 131.3 127.2 123.5 120.2 117.6 115.1 112.4 110 108.7 107.6 106.6 105.3
182.4 183.4 183.4 186 188.5 190.1 190.6 191.3 191 193.8 201 204.9 207.3 209.8 214 215.7 216 214.6 211.8 206 197.3 186.8 176 168.6 164.1 164.1 164.1 164.1 164.1 164.1 164.1 164.1 164.1 164.1 164.1 167.7 170.6 172.9 170.7 173.1 173.1 170.6 167.6 167.8 170.4 171.2 175.6 179 180.7 182.9 183.2 181.4 180.6 177.1 175.8 173.4 171.2 170.2 169.5 168.9 167.7 165.6 168.2 166.1 161.5 150.1 144.4 139 134.6 130.5 127.9 124.5 121.8 119.1 116.4 113.6 111.8 110.6 109.4 107.9 106.2
188.1 189.6 190.2 191.8 193.6 194.3 195.4 195 193.3 194.5 200 204 206.5 210.2 212.9 213.6 211.8 209.9 204.7 196.6 186 177.1 171.5 165.3 164.1 164.1 164.1 164.1 165.1 167.8 167.9 168.5 168.4 167.7 168.6 174.7 178.2 178.5 176.2 177.1 177.3 176 172.9 175.2 177.6 181 184.9 185.2 185.6 185.7 184.3 182.1 180.4 175.9 175 172.4 169.5 166.4 165.4 164.8 163.7 163.1 163.1 160.5 153.2 147.9 142.5 137.9 134.1 130.6 130.8 127.8 123.7 120.5 117.9 115.2 112.9 111.5 110.3 108.3 106.6
193.5 194.3 194.9 196.7 197.9 198.9 201.8 199.8 196.8 196.9 200.2 204.6 208.9 210.6 211.5 210.6 208.1 203.4 195.9 186.6 178.2 173.4 168.2 166.4 165.6 164.1 164.1 169.3 174.4 175.5 176.4 176.8 176.1 178.9 177.8 182.5 184 182.5 181.8 181.7 182.1 181.6 183.6 185.4 188.5 190.2 190.9 190.8 188.9 186.8 184.1 181.6 179.7 177 173.6 171.2 166.3 162.3 160.8 159.7 158.8 157.2 156.3 156.3 150.7 146.5 141.1 137.4 134.1 131.2 130.6 129.4 124 121.6 119.2 116.8 114.1 112.4 110.7 108.7 107.2
198.5 199.1 200.7 200.9 202.3 204.3 204.7 205 202 200.4 202.9 205 207.2 208.5 208.8 207.9 203.9 195.7 186.9 179.8 173.9 169.3 166.4 166.4 166.4 166 168.2 176 180.6 182.7 184.5 184.8 184.8 182.9 187 190.4 192.3 190.7 188.5 187.7 188.3 189.4 192.5 195.4 196.6 195.8 194.9 193.1 189.9 186.8 183.8 181.4 179.1 175.1 171.3 168 163.6 159 153.9 153.7 152 151 151.3 149.6 147.4 145 140.5 137.8 136.2 133.6 130.5 128.1 124.9 122.5 120.2 117.9 115.5 113.3 111.2 109.1 107.7
