app/static/ascii/SD74.asc
ncols 200
nrows 200
xllcorner 370000
yllcorner 440000
cellsize 50
[rows 72 to 107 of 200, columns 0 to 80 of 200]
251.4 246 240.3 232.5 228.3 237.1 243.7 248 251.9 255.9 256.1 255.6 254.5 255.4 256 251 257.7 260.6 264.8 267 272.4 274.5 275.9 278.5 281.5 282.6 282.4 279.4 274.8 270.4 264.8 257.3 251.9 248.9 246.6 244.3 241.9 239.7 238.3 236.9 235.7 234.6 234.7 234.6 233 223.5 230.7 231.4 233.5 236.7 236.5 238.6 240.1 241.3 239.7 237.9 235 232.8 230 228.7 226.5 219.1 211.7 208.8 205.7 202.6 197.6 197.7 196.8 193.4 188.2 200.5 202.5 199.5 192.4 185.7 182.7 183.5 188.5 194.4 195.1
247.2 243.2 237.4 229.3 225.3 235.3 241.1 245.4 248.7 251.2 251.2 250.5 249.3 249 250.1 246.2 251 253.8 256.2 258.6 262.9 267.4 269.5 271.8 274.8 276.8 277 273.7 269.2 264.5 259.2 253.1 249.2 246.7 244.4 242.1 239.8 237.7 236.1 234.4 233 231.7 231.8 231.4 229.8 225.1 222.3 227.8 229.9 231.9 232.8 234.2 232.9 231.1 230.6 230.6 228.8 227.6 226.1 224.8 220.2 216.1 210.1 206.5 203.7 200.4 197.6 192.8 194.7 187.6 188.9 197.2 199.4 194.8 188.2 182.4 179.4 179.2 183.1 186.2 187.4
242.9 239.8 235.3 227.3 223.6 234.6 239.3 242.7 245.5 246.1 246.2 245.2 243.5 243.9 244.5 242.5 245.9 248.9 251.8 253.8 256.6 261.4 263.8 266.3 268.7 270.9 271.3 268.8 265.2 262.4 255.8 250.8 247 244.5 242 239.5 237 234.9 233.6 231.9 230.1 229.4 228.1 226.7 225.5 222.6 215.9 225.3 225.4 227.1 227.2 226.8 224.5 225.6 227.1 225.2 223.3 221.7 221.1 219.4 217.1 213 207.6 203.4 200.8 198.1 195.4 192.8 190.4 186.1 184.8 193.3 194.7 191.5 185.2 179.7 177.2 176.1 178.1 180.9 181.8
238.7 236.9 233.5 228.3 222.4 231.9 237.1 240 241.6 241.8 241.5 240 239.4 238.2 239.2 238.8 240.9 244.8 247.5 248 251.4 254.6 257.5 260.9 263.6 265.6 265.4 262.9 259.2 256.3 253.2 248.8 245.1 242.3 240 237.6 235.1 232.8 231 229.2 227.4 226.4 224.2 224 222.9 220.1 213.4 221.4 219.9 220 221.8 222.5 221.7 221.8 222.1 220.4 218.6 217 216.3 215.8 213.3 209.1 202.8 198.9 196.1 193.7 191.7 189.9 181.2 184.4 182.4 191.5 191.6 188.2 182.7 178 175 174.5 176.1 177.7 178.3
235.6 234.3 232.2 230.5 216.6 228.5 234.1 237.1 237.8 237.7 236.2 235.2 234.7 234.1 234.8 234.4 236.9 240.7 243.2 242.9 244.4 248.8 253 256.4 258.5 260.3 259.7 256.8 254.1 252.5 250.1 246.4 243.3 239.8 237.5 235.1 232.7 230.1 228.9 227.1 225.3 222.1 220.6 221.1 221.3 219.2 212.3 216.7 217.1 218 218.3 218.2 217.5 217.8 217.1 215.7 214.1 212.7 212.2 211.4 207.6 203.6 198.7 195.3 193.1 191 189 187.2 183.5 172.9 183.4 189.6 188 184.7 180.8 176.9 174.4 172.8 173.6 175.1 175.6
231.5 230.7 231.3 231 217.3 224.7 230 232.2 232.6 232.1 230.7 230.7 230.8 230.7 231.1 231 233.5 236.9 238.7 239.3 238.5 242.5 247.9 251.2 253.1 254.5 253.8 251.1 248.8 248 246.1 243.6 240.6 237.6 234.6 231.4 229 227.6 226.6 224.9 223.2 220 216.9 220.5 220.3 218.5 213.7 211.5 213.6 215 214.1 213.8 212.9 212.6 211.8 210.2 209.2 208.8 208.3 206.3 203.4 198.8 195.3 192.6 190.5 188.5 186.7 185.1 184 171.2 181.9 184.8 182.5 181.1 179.4 176.3 174.2 172.6 171.2 172.6 173.5
226.1 225.9 228 230 219.1 219.6 224 225.9 226 224.9 225.1 225.8 227.3 228.3 227.6 228.2 230.8 232.3 234.6 235.2 234.5 238.1 243.3 246 247.4 248.6 247.7 244.8 243.5 242.9 242.2 240.1 237.2 234.3 231.3 228.2 226.8 225.4 224.2 223 220.4 218.4 215 216.5 217.4 216.5 213.1 205.2 208.6 211.1 210.3 209.1 208 206.8 205.5 204 202.8 202.2 202.2 201.2 198.2 193.9 192.1 190.5 188.9 187.1 185.2 183.5 182.3 176.1 175.5 179 177.7 177.9 178 176.2 174.2 171.8 169.6 168.7 169.2
219.2 220.2 224.2 225.5 218.4 213 218.5 218.1 218.4 219.8 220.6 221.6 223.5 224.8 226.1 226.1 228.4 229.6 230.8 230.9 230.3 234.2 238.4 240.9 242 242.5 241.8 239.9 239.2 239.2 237.9 235.5 232.6 230 227.6 224.9 223.8 222.3 220.8 219.7 217.6 216.3 213.6 211.9 215 214.2 212.4 209.8 199.9 207.5 206.7 205.4 204.1 202.2 200.3 199.1 198.3 198.4 198.3 196.1 194.4 191.9 190.3 188.8 187.2 185.8 184 182.2 180.8 177.9 163.8 161.6 170.6 176 176.4 174 171.5 169.5 167.7 164.9 163.8
215.6 214.1 218.4 220.3 216.1 208.2 212.6 212.7 212 212.6 215.1 218.8 221.7 223.9 225.1 224.3 225.9 227.1 228 228 227.7 230 233.7 236.2 237.5 236.6 235.9 235.9 235.7 235.2 232.1 229.8 227.4 224.9 222.8 222.2 220.1 218.6 218.7 217.7 215.6 213.8 213 208.8 210.7 210.6 209.1 207.6 200.4 200.5 203.3 202.4 201.3 199.1 197 196.3 195.6 195.6 196 193.8 191.7 190 188.4 186.8 185.6 184.2 182.6 180.9 179.3 178.1 177.1 174.6 159.6 174.1 173 170.8 168.5 166.7 165 162.2 158.9
213.6 210 213.6 213.5 212.3 203.8 207.5 208.2 208.3 209.7 212 215.5 218.4 221.5 223.7 221.1 223.4 224 225 225.4 224.7 225.4 229.2 232.3 233.2 232.2 231.6 231.8 232.1 230.5 228 225.8 223.4 221 219.8 218.9 218.4 216.8 217.5 216.2 214.2 212.9 212.9 210.7 204 207.2 205.8 204.4 200.5 195.5 199.7 200.1 198.3 195.9 194.1 193.4 192.8 192.8 192.8 191.5 189.9 188 186.5 185.1 184 182.6 181 179.5 178.8 177.7 176.4 170 156.1 170.1 169.3 167.3 165.6 164.4 162.1 160 157.9
211.3 206.9 209.3 208.7 208.1 200.5 204.8 206.7 207.3 208.1 209.7 212.2 215.6 219 221.4 220.1 219.6 221.7 222.6 222.3 221.4 221.7 224.8 228.1 229.5 229.3 228.7 228.1 228.6 226.9 224.4 222 219.9 219 216.3 216.5 216.2 215.4 214.3 212.4 212.2 211.2 210 208.1 204.3 201.1 202.4 201.1 198.3 192.3 198.1 197.1 195.3 192.8 191.2 190.6 190.3 190.7 190.7 190.1 188 186.1 184.7 183.6 182.5 181.1 179.5 178.2 177.7 176.8 175.1 171.3 158.1 161 165.5 164.4 162.9 163.3 161.3 159.1 157
210.7 207.3 204.2 205.8 205 203 202.4 206 206.2 207.4 208.8 208.8 211.9 214.9 217.6 216.4 215.5 218.5 219.2 218.8 218.2 220.3 223.2 224.7 225.9 226.3 225.8 224.9 224.7 222.9 221.3 218.6 217.3 214.7 215.4 214.8 213.4 213.1 212.1 210.4 209.2 208.9 207.6 205.6 203.3 199.1 197.4 197.9 195 187.4 195 194.4 192.2 189.8 189.1 188.7 189.2 189.4 189 187.7 186 184.2 183.1 182.1 181 179.5 178.3 176.5 175.2 173.7 172 169.4 165.2 152.5 160.8 160.3 161.5 161.6 160.4 158.2 155.9
209.6 205.9 202.5 203.3 203.9 199.3 202.8 206.5 205.7 206.4 206.5 206.5 208.3 210.9 213.1 213.4 212.8 215.1 215.5 215.7 216.3 218.8 220 221.1 222.4 222.4 221.9 221.3 220.6 218.6 217.4 216.4 215.9 213.4 213.2 212 210.9 210.6 209.8 208.1 206.8 205.8 204.3 202.6 200.7 198.5 193.9 192.8 188.6 188.5 192 191.5 190.2 188.5 188.1 187.9 188 188.1 188.2 186.4 184.1 183 182 180.3 179.2 178.4 176.8 174 171.8 170.5 168.7 166.3 164.2 160.9 149.1 154.4 158.2 159.5 159.2 157.3 154.8
207.5 204.3 200.6 200.1 196.7 197.5 206.1 208.3 206.9 204.9 204.8 204.7 204.5 207 208.3 208.9 209.6 211.5 211.3 212.1 213.6 215.5 216.3 216.8 217.7 218.1 217.9 217.5 217 216.3 214.9 213.5 212.3 210.6 210.7 209.5 209 208.1 207.4 205.8 204.9 202.6 200.8 200.2 198.3 196 191.7 188.8 185.4 187.8 190.8 190.6 188.7 188.1 187.4 187.2 186.9 186.9 187 185.9 183.7 181.6 180.7 179.1 177.1 176.1 173.8 170 168.6 167.9 166.5 164.3 161.8 160.3 158.2 146.8 154.7 157.3 156.6 155.3 153
204.2 201.7 196.7 193.6 191.2 201.7 207.8 209.5 207.9 205 203.8 203 202.4 203.1 204.5 205.5 206.2 207.9 208.8 210.6 211.7 212.7 212.7 212.7 214.2 215.5 215.6 215.5 214.7 213.8 211.8 209.5 209.2 208.8 208.5 208.2 207.8 206.4 204.9 203.1 201.7 199.7 198.3 197.9 196 193.1 191 187.3 181.7 183.3 188.4 188.9 188.2 187.8 186.9 186.4 185.9 185.7 185.6 184.4 182.3 180.2 178.6 177 174.5 171.7 170.2 167.6 166.5 165.7 163.8 160.3 158.2 157.2 156.5 153.6 145.6 153.8 153.2 152 150.5
200.7 199.9 195.1 186.8 194.8 203.8 207.6 209.3 207.8 204.9 202.7 202.5 201 201 202.2 203.4 204 205.3 206.8 209 210.1 209.9 209.5 210.7 212.2 212.5 211.3 212.8 212.2 211.2 210.6 208.5 208.5 208.7 207.9 205.9 204.9 203.8 202.4 200.8 198.9 196.9 195.7 195.4 194.9 193.1 191.3 188.6 187.5 178.3 176.1 185.2 187 187.3 186.3 184.9 184 183.5 182.8 182.1 180.4 178.5 176.2 173.8 170.9 169.4 167.1 166 164.6 163.3 159.9 157.1 155.4 154.7 154.4 153.7 146.7 145 149.8 149.1 147.7
198.2 196.3 183.5 192.4 201.3 204.1 206.6 207.3 206.2 203.7 201.4 201.5 200.3 200.2 200.7 201.1 202.5 204.2 206.8 208.4 209.1 208.5 207.3 208.6 208.8 208.6 209.3 209.3 208 207.9 207.8 206.6 206.5 206.2 205.4 203.7 202 200.9 199.7 198.4 196.7 194.9 193.9 193.3 193.1 192.6 191.5 189.8 188.6 187.3 176.5 178.4 185.5 186.3 185.3 183.1 181 180.9 180.4 179.5 177.7 174.7 172.2 169.4 167.6 166.2 165.4 164.3 162.9 160.6 156.7 154.4 153.1 152.3 152.5 152.4 150.2 136.6 145.7 146.9 145.6
193.9 185.2 186.8 198.1 202.3 203.9 203.9 203 203 201.1 199.5 199.8 199.9 200 200.4 201.1 202 203.2 205.3 206.9 207.1 207.1 206.2 206.1 205.8 206.1 206.4 206.7 205.7 205.4 205.1 204.4 204.2 203.6 203 201.3 199.4 198.6 197.8 196.7 195.4 193.4 192.7 192 191.3 190.8 190.3 189.2 188.7 187.5 183.8 173.5 184.5 185 182.9 180.5 178 178.2 178.2 176.3 174.3 171.5 168.5 166.7 164.7 162.9 161.9 161.8 160.4 157.6 154.9 152.2 150.4 149.8 149.7 149.3 148 141.2 137.5 144.3 144.5
192.9 182 196.5 198.9 201.5 202.4 202 200.1 199.7 198.4 196.1 197.9 200.7 201 201.5 201.6 202.2 203.1 203.4 203.7 203.9 204.9 204.7 204.1 203.5 203.2 203.5 203.7 203.4 203 202.6 202.2 201.7 201.2 200.3 198.2 197.5 197.4 196.3 195.2 193.9 192.3 191.6 190.9 190.2 189.5 188.8 188.2 187.7 187.1 184.6 170.8 179.7 181.4 180.2 178.1 176.4 174.4 174.5 172.9 170.8 168.4 165.5 163.7 162.3 159.6 158.7 158.8 157.5 154.8 152.3 150.6 148.6 147.1 146.7 146.2 145.4 141 129.4 142.1 143.2
185.5 195 197 198.1 200.2 201.5 200.1 196.3 195.5 191.1 197.5 199.5 202.3 201.1 201.9 201.9 200.9 201 200 200.5 200.7 202.3 202.3 201.7 201.1 200.8 200.7 200.8 199.8 199.4 199.2 199.8 199.8 199.2 198.2 196.7 195.5 195.3 194.6 193.7 192.5 191.2 190.5 189.8 189.1 188 186.8 186.3 185.5 184.9 181.7 173.5 175.6 178.1 177.3 176.3 174.8 170.9 169.5 169.2 167.5 165.6 162.7 161 159.6 158.4 156.5 156.5 155.1 152.7 149.9 148 146.2 144.7 144.3 143.9 143.3 139.4 121 139.3 140.9
177.3 192.8 193.9 194.4 196.8 198.7 194.8 189.9 193.5 197.3 199.2 201 203.6 203.1 200.2 200.1 199.4 198.3 197.5 197.3 198.8 199.4 199.1 199.4 198.5 198.4 198.2 197.3 196.2 196.4 197.1 197.4 197.5 197.4 196.3 194.9 193.5 193.2 192.5 191.9 191 190.1 189.1 187.9 186.7 185.5 184.6 184.5 183.5 182.2 179.2 169.6 170.9 175.7 174.9 174 171.8 168.4 165.7 165.2 164.2 162.7 160.4 159 157.6 156 154.8 154.6 152.6 150.2 148.2 146.3 143.8 142.6 142.1 141.6 140.7 134.3 124.4 138 139
176.4 180.7 183.7 184.1 185.9 192.2 197 197.4 199.5 200.2 200.9 201.5 201.3 200.6 198.7 198.3 197.8 195.5 194.3 195.3 196.5 196.6 196.2 196.2 196.1 195.4 194.7 193.5 193.3 194.1 194.9 195.1 195.1 195.2 194.6 193.3 191.9 191.2 190.7 190.2 189.7 187.7 186.6 185.4 184.2 183 182.6 181.7 180.6 178.6 176 159.9 170 172.9 172.1 170.4 168.4 166.3 163.5 161.1 160.1 159.4 158 156.6 155.1 153.5 152 151.4 149.9 148.2 146.6 144.7 141.7 140.6 140.2 139.8 136.4 122.5 127.6 136.2 137.8
173.4 186.3 194.4 199.8 200.2 199.1 198.3 198.3 198.6 200 200.1 199.7 199.3 199.1 198.7 198.7 196.8 193.9 192.8 192.3 193.2 193.2 192.8 192.5 192.4 191.5 191 190.2 190.9 192 192.6 192.8 192.8 192.7 192 191.3 190.1 189 188.6 188.1 187.1 185.4 183.9 182.8 181.6 180.6 179.7 178.8 177.6 175.8 171 157.9 169.4 169.9 168.1 166.4 164.6 163.3 160.7 157.1 155.3 155.2 154.1 152.8 151.3 150.1 149.4 148 147.9 146.4 143.8 142.8 140.1 138.5 138.1 137.7 134.6 122.1 124.6 133.9 135.9
186.4 195.6 201 199.5 199.5 198.1 196.8 196.8 196.7 197.3 197.9 198 196.5 197.3 196.9 195.6 193.9 192 189.2 189.1 190.2 190.1 189.3 189 188.7 188.4 187 188.5 189.2 189.8 190.3 190.4 190.5 190 189.3 188.6 187.8 186.9 186.1 185.2 184.2 182.7 181.2 179.8 178.5 177.7 176.6 175.8 173.3 173.4 171.6 149.3 161.9 166.1 164.4 162.8 162.1 160.3 158.2 155.4 150.6 150.7 150 149 148 147.3 146.6 145.8 145.5 144.6 141.8 140.1 139.3 136.7 136.5 136.6 133.7 127 116.3 131.6 133.3
190.9 195.9 198.8 196.8 195.3 193.7 194.1 194.2 196.6 198.5 198.1 195.7 194 193.7 192.4 191.1 189.9 188 185.9 186.6 187.3 187 185.9 185.4 185.1 184.8 185.3 186 186.7 187.5 188 188.1 187.7 187.2 186.6 185.9 184.9 184 183.2 182.3 181.2 179.6 177.7 176.2 175.1 173.2 173 172.7 171.3 170.8 169.8 164.5 149.1 161.9 160.7 159.7 159.2 158.2 156.2 153.5 149.3 146.5 145.2 146 145.6 144.7 144.1 143.1 143.2 142.6 140.4 139 137.7 135.8 134.3 133.4 132.2 127.2 110.4 124.1 128.8
189.9 195 194.9 193.2 191.7 191.6 192.5 196 197 196.4 194.1 192.1 190 189.1 188.3 187.1 185.6 184.1 184 184.5 184.4 183.1 182.1 182.1 182.1 182 182.6 183.1 183.7 184.5 185.3 185.5 184.8 183.9 183 182.3 181.4 180.5 180 179.3 178 176.2 174.3 172.5 171.4 170.2 169.8 169.2 168.2 166.8 165 162.7 149.5 152.7 157.2 156.8 156.5 156 153.6 151.1 147.9 144.4 143.4 144.3 143.8 142.7 142.1 141.5 140.5 140.1 139.1 137.8 136.4 134.8 132.1 129 129.4 127 115.6 119.5 124.9
191 191.3 191.1 190.1 190.2 190.9 191.8 194.1 194.3 192.4 190.4 188.5 186.6 185.5 184.6 183.7 182.2 181.1 181.4 181.1 180.9 179.9 178.6 178.7 178.9 179.7 180.4 181 181.9 182.4 182.8 182.5 181.8 180.7 179.5 178.5 177.6 176.9 176.3 174.9 172.9 171.5 170 168.7 167.8 166.7 166.3 165.1 163.9 162.1 160.1 159 155.6 140.7 151.3 152.6 153 152.5 150.7 148.2 145.9 143.1 139.2 140.9 141.5 141.3 140.3 139.6 138.1 137.9 136.8 135.9 134.5 132.8 130.7 128.1 125.9 123.9 115.9 106.8 112.7
188.7 188.9 188.7 188.4 188.3 188.5 188.9 190.2 189.8 188.3 186.9 185.2 183.3 183 182 180.5 179.2 178.3 178.3 178 177.8 177.4 176.2 175.9 176 176.3 177.5 179.2 180.1 180.2 179.7 179.2 178.6 177.4 176.2 174.8 173.9 172.7 171.4 170 168.2 167.1 166.4 165.6 164.6 163.5 162.3 160.9 159.6 158.1 156.2 155.2 154.3 141.2 145.9 149.3 149.8 148.9 147.3 145.3 143.2 140.7 137 138.7 139.3 139.3 138.7 137.8 137.2 136.9 135.8 133.7 132.7 130.8 128.2 125.7 122.2 119.6 111.1 101.8 120.5
187.1 186.8 186.5 186.2 186.1 186.1 186.1 185.3 185.2 184.3 182.8 181.4 180.2 180.2 180 178.7 177.2 175.8 175.6 175.4 175.6 174.9 174 173.4 173.5 173.2 174.2 175.8 176.2 176.5 176 175.3 174.7 174.2 173 170.8 169.3 167.9 166.6 165.2 165 163.8 163.1 162.3 161 160 158.6 156.9 155.9 154.5 153.1 152.7 150.9 145.2 139.4 146.1 146.8 146.6 145.9 143.2 141.2 139.5 137.9 134 136.9 137.1 136.6 136.4 136.2 135.7 134.7 132.4 129.8 128.9 125.6 122.9 118.6 114.4 102.8 105.4 118.9
185.6 185.1 184.7 184.2 183.9 183.8 183.8 182.8 181.7 181.1 179.6 178 177.9 178.1 177.8 176.9 175.4 174 173.1 173 173.3 172.4 171.6 171.2 171.5 170.7 171 172 172.3 172.8 172.3 171.3 170.8 170.4 169.2 166.6 164.5 163.3 161.9 160.9 160.8 160.3 159.5 158.4 157 155.7 154.4 152.9 152 150.6 149.4 149.6 148.2 145 132.5 139.9 144.2 144.4 143.7 141.5 139.6 137.9 136.1 128.8 134.7 134.9 134.5 134.4 134.4 134 133.2 130.6 127 126 122.9 120.5 118.2 113.5 100.7 107 116.5
184 182.8 182.3 181.8 181.2 181.5 181.5 180.3 179.2 178 176.2 175.2 175.6 175.8 175.4 174.6 173.4 171.6 170.7 171 170.8 170.2 169.2 168.2 169 168.2 167.7 168.3 168.6 168.8 168.4 167.4 166.7 165.7 164 161.1 160.2 158.9 157.2 156.3 156.5 156.7 155.8 154.5 153.4 152.2 150.7 148.4 147.7 146.8 147.4 146.8 145.5 143.9 131.5 134.6 140.9 141.8 141 139.8 138 136.5 134.9 126.3 131.6 132.4 132.5 132.5 132.5 131.8 130.2 127.1 125 122.7 120.2 118.6 116.6 114.2 106.3 98.3 113.2
182.4 181 179.9 179.4 178.3 178 178.7 178.5 178 175.6 173.2 172 172.4 172.6 172.6 171.6 170.2 167.4 168.1 168.7 167.6 166.7 165.7 164.7 164.9 165.5 164.4 164.1 164.2 164.5 163.6 162.6 160.9 160.3 159.3 157.5 157.1 155.7 153.7 151.9 152.1 152.4 152.1 151.1 150 148.8 147.6 145.3 145.4 143.8 144.9 144 142.5 140.4 134.1 129.3 138.7 139.4 138.6 137.7 136.7 135.1 133.3 129.4 127.7 129.5 130.4 130.7 130.1 128.8 126.4 123.4 121.2 119 116.9 115.7 114.7 112.1 107.6 87 110.4
180.6 179.3 178 176.8 175.6 175.3 175.6 175.7 174 172 170.6 169.5 168.4 169.1 169.5 168.2 166.4 165.1 165.9 165.1 164 163 162.1 161.1 161.3 161.5 160.8 160.4 160.2 160 158.2 157.3 156.2 155.8 155.3 153.9 153.7 152.3 150.4 147.5 147.8 148.4 148.4 147.3 146.3 145.2 144.3 142.7 142.4 141.4 140.7 141.1 139.6 137.4 134.3 123.7 135.2 137.2 136.5 135.5 135.1 133.6 131.4 128.3 119.8 126.2 127.8 128.7 127.3 125.3 123 119.4 117.3 115.7 114 113.1 112.3 109.4 106.5 97.9 105.8
178.4 177.3 176 174.4 172.9 173 173.3 172.7 170.7 168.7 167.7 166.6 165.6 166.1 166.5 165.5 164.2 161.7 162.1 161.2 159.8 158.2 157.4 157.4 157.4 157 156.1 156.1 155.5 154.7 152.5 152.6 152.5 152.4 151.9 150.8 149.1 148 146.8 143.9 143.8 144.4 144.7 143.6 142.7 142 141.3 139.5 138.4 136.8 137.8 138.2 136.6 135.1 132.6 118.2 132.7 134.5 134.4 134 133.3 131.1 128.4 124.6 119.2 122.6 125.1 125 123.4 121.5 119.4 116.4 114.4 112.8 111.1 110.2 108.6 105.8 102.6 94.9 102.6
175.1 174.3 173.6 171.7 169.7 170.4 170.4 168.8 167.1 165.1 164.6 163.5 162.5 162.3 163.4 164.1 158.3 158.4 156.7 157 155.3 153.7 153.8 153.8 153.8 153.5 151.6 150.7 149.7 148.4 148.3 148.2 148.2 148 147.5 146.8 145 144 143.2 140.4 139.6 140.3 141 140.4 139.7 139 138.1 136.5 133.9 134.1 135.1 135.3 134.6 133.3 129.7 114.3 127.3 131.3 131.9 131.8 130.9 128.7 125.8 120.5 114.9 120.3 120.7 120.9 119.2 117.5 115.6 112.7 111.1 110 109 107.5 105.3 102.6 98.9 91.3 95.4
172.5 172.1 170.3 168.4 166 167.1 166.8 165 163.2 161.2 161.7 161.3 159.6 157.6 158.1 156 152.1 152.8 151.4 150.9 150.4 149.7 150.5 150.2 149.8 148.7 146.7 145.2 144.6 144.4 144 144.1 143.5 143.2 142.6 141.8 141.5 141 139.9 137.4 135.8 136.7 137.6 137.1 136.5 135.9 135.1 133.7 131.9 130.8 132.3 132.8 132.1 131.5 127.7 110.4 122.1 129.3 129.9 129.4 128.3 126.4 123.3 115.3 114.8 117.5 117.6 116.7 115.1 113.4 111.7 110 107.5 106.6 105.9 104.1 101.9 100.1 97 91.5 81.2
