app/static/ascii/SD76.asc
ncols 200
nrows 200
xllcorner 370000
yllcorner 460000
cellsize 50
[rows 105 to 139 of 200, columns 78 to 155 of 200]
212.3 213.1 213.7 214.2 213.2 210.5 208.4 206.7 204 200.6 199 197.5 196 192.9 189.1 189.7 188.3 185.7 182.2 177.3 178 170.7 169.5 169.7 174.4 170.9 165.1 166.1 167.1 167.9 170.3 174.6 177.1 176.5 176.5 177.9 175.2 174.4 174.6 174.8 176.4 178.1 179.3 178.1 174.1 167.2 162 160.1 164.4 171.4 175 176.7 174.7 168.6 166.4 170 173.5 176.2 178.1 178.8 175.9 172.5 172.2 170.4 172.8 178.5 183.6 187.7 190.3 189.1 190.7 192.6 192.3 190.1 186.4 182.7 180.4 185.2
212 213.7 215.6 217.5 216 213.1 211.2 209.5 207.5 205 203 201.4 198.5 195.6 194.4 193.5 191 188 185 181.7 179.7 171.2 171.8 175 179.9 176.9 170.9 168.3 168.4 168.5 168.7 172.7 176.3 178.3 178.4 176.6 175.9 175.4 175.9 177.4 176.6 177.7 178.8 178.9 176.2 173.2 167.6 165 163.6 172.1 177.1 179.8 178.7 177.2 172.3 172 176.1 179.3 181.7 182.1 179.5 180.8 180.1 179.5 172.7 172.1 175.7 181.6 188.5 187.1 190.3 192.4 191.6 189.1 186.4 181.6 179.9 184
217 213.7 215.9 217.6 216 212.9 212.1 210.4 210.1 209.4 207.4 203.8 200.9 198.9 197.9 196.9 194.1 191.3 188.3 185.1 182.7 171.9 173.9 185.5 186.8 184.2 180.3 174.3 172.2 170.6 170 173 178 179.8 180.1 177.4 176.2 176.2 179.1 180.4 180.4 179.6 179.1 179.7 178.6 176.5 172.9 170.9 164.7 174.5 178.5 181.4 183.4 182 179.8 180.8 181.3 182.8 183.7 185 182.6 188.4 186.8 185.2 177 176.5 173.6 176.9 184.5 185.1 186.7 188.6 188.5 187.2 184.9 180.6 176.8 179
222.5 218.5 216.4 217 214.8 211.7 210.9 212 213.1 212.8 209.9 206.3 203.5 202.3 201.1 198.2 196.2 193.8 191.2 188.7 187.5 179.9 174.7 187.6 191 190.7 189.1 181.7 177.9 173.4 172 175.6 180.6 181.1 180.7 178.2 178.1 179.8 182.5 183.6 183.8 184.1 182.1 181.8 180.7 178.9 175.6 175.7 167 177.7 179.9 183.1 185.6 184.4 182.5 185 185.4 185.1 187 188 186.7 193 192.3 187.2 183.8 182.9 177 176.5 178.4 179.8 182.6 184.8 185.2 185.3 183.3 180 175.9 175.4
225.4 220.2 218.2 217.6 215 212.4 211.7 213.2 214.1 213.1 210.1 207.5 205.6 204.4 202.2 199.4 197.5 195.5 193.2 191 189.1 187.8 176.4 188.2 194.3 194.6 193.1 189 184.5 179 174.5 177.7 182.1 182.6 182 181.2 182.7 184 185.2 185.9 186.7 187.3 185.3 183.6 181.8 179.5 178.4 178 169.9 179.2 181.6 184.9 185.2 184.4 184 186.6 186.3 186.4 187.4 188.5 190.1 200.5 193.1 189.2 185.9 186 183.6 180.8 184.8 182.7 179.3 181.7 182.6 182.9 179.4 178.2 178.7 177.7
227.2 223.6 221.4 220.8 218.4 216 213.4 213.8 214.1 211.8 208.6 207.3 206.7 204.8 202.6 200.7 198.8 197 195.3 194.1 192.4 190.6 180.6 192.5 198 198.5 196 193.1 189.2 182.4 176.1 181 183.3 184.1 184 183.4 185.4 186.4 187.3 188.2 188.9 189 187.6 184.5 182.4 180.7 180.7 178.7 176.3 179.3 181.6 183.7 184.2 184.4 184.8 188.2 188.2 187.3 187.3 188.3 191.6 197.9 193.4 189.8 188.1 188.8 184.4 183.8 185.9 185.9 182.2 180.6 179.5 179.2 182.7 184.7 182.9 178.8
230.2 228 226 224 221.4 218.9 216 214.4 212.6 209.2 205.8 205.2 205.2 203.9 202.5 201.7 200.5 198.6 197.1 196 194.9 193.7 184.7 196.7 199.8 200 198 194.9 190.6 184.5 178.1 183.1 184.6 185 185.4 185.4 187.4 188.2 189.1 190 191 190.7 188.3 185.6 183.3 182.6 182.9 179.7 174.9 176.5 180 181.9 182.8 183.5 185.4 188 188.2 187.5 188.1 188 189.9 194.1 193.2 189.8 188.5 189.6 187.2 187.2 188.4 186.4 183.3 179.4 179.9 180.8 185.2 185.4 184 184.9
233.4 231.6 229.5 226.9 223.5 220.7 218.7 217 214.2 210.5 204.9 202.7 202.1 202 202.5 202.2 201.5 200.3 198.9 197.8 196.7 195.5 187 197.9 201.3 201.1 199.1 195.7 191.1 185.6 180.6 183.3 185.2 185.4 186.2 186.5 188 189.9 190.9 191.8 192.1 190.6 189 186.5 185.2 184.5 183.5 180.4 176.9 173 176.9 180.3 182.3 183.7 185.7 187.8 188.5 187.8 187.4 186.6 187.4 192.2 191.7 189.4 190.4 190.5 185.7 187.8 189.7 188.3 185.4 181 180.7 181 183.9 184.6 188.8 191.1
236.7 235.1 232.5 229.9 226.5 223 220.5 218.9 215.9 212.7 207.8 206.1 201.5 200 200.4 200.6 200.6 200.8 200.4 198.5 195.5 187.3 187.2 197.5 200.3 201.3 199.7 195.2 190.3 184.9 182.1 180.9 185.3 186.4 187.7 188.7 189.8 191.1 192.1 193.3 192.6 191.6 190.2 188.8 187.1 186.8 183.3 179.8 179.7 178.5 174.2 177.8 182 183.8 185.4 186.4 183.8 181.2 182 182.4 185.7 190.3 191 190.1 190.5 191 190.9 187.1 191 191 188.7 185.1 184.5 185 187.3 186.8 192.7 195.2
240.6 239.1 236 232.9 229.1 225.3 222 220.1 217.2 213.8 212.1 208.7 205 200 198.9 198.8 199.4 199.8 199.5 199.9 185.5 192.3 192.3 195.2 198.7 200.5 198.8 194.1 188.4 184.4 186.4 183.9 189.4 191.6 193.4 192.9 191 192.6 193.9 193.6 193.2 192.8 193.1 191.9 190.2 186.5 184.7 181.4 182.8 181.6 175.8 175.9 176 178.9 179.5 178.5 183.7 186.9 187.6 185.8 184.1 188.4 190.7 189.9 190 192.2 194 190.9 194.1 193.8 192.3 190.7 190 189.7 192.4 190.9 196.2 197.9
245.7 242.6 239.4 235.6 231.5 227.5 223.9 221.7 218.5 216.9 215.4 212.4 209.5 204.8 200.6 198.8 199.1 198.6 197.8 195.2 187.6 196.4 196.1 195.5 197.7 198.8 198.3 193.8 188.7 191.2 192.4 186.2 190.7 193.8 195.4 194.6 194 194.7 194.9 194.7 195.4 197.1 197.1 197.5 191.4 190 189.2 186.8 186.5 180.6 182.8 181.2 179.6 181.5 182.5 185.1 186.9 188.1 189 187.6 184 186.9 190.2 192.9 190.7 194.2 197.8 195.6 196.2 197.6 197.1 196.6 195.3 193.5 196.7 196.5 199.1 201.8
248.5 245.1 241.8 238.2 234 229.9 227.3 225.4 221.4 220.8 219.8 217.8 214.6 211.6 206.3 202.5 199.5 198.9 197.9 195 192.6 199.6 199.2 198.1 197.1 197.3 197.1 195.3 195 196 194.7 189.3 192.6 195 196.1 196 196.5 195.3 197.1 197.5 198.9 201.1 200.6 199 192.5 194.7 192.5 190.4 184 186.8 186.1 183.5 181.2 184.8 185.5 187.1 188.9 189.9 190.1 189 184.9 186.6 190.4 194 194 197.5 200.9 196.6 197.1 199.5 199.7 200.5 200.1 199 198.8 199 201.1 204.6
251 247.5 243.8 240.2 236.6 233.2 230.6 228.3 225.9 226.3 225.3 222.7 220 216.8 212 205.5 202.4 201.8 201 195.3 200.8 204.9 202.5 201 199.2 197.3 196 196.2 197 197 194.5 189.6 193.9 196.6 198 199 199.4 198.1 199.2 201.4 203.2 203.5 202.2 198.5 197.9 197.2 195.7 193.2 191.3 191.6 190.4 186.7 185 186.6 188.3 190.1 191 191.4 191.3 190.7 187 186.6 187.7 191 192.2 195.7 200.2 198.1 198.1 198.8 201.1 203.6 203.7 203.1 200 198.5 201 205.6
251.9 248.6 245.1 241.3 238.1 235.3 232.9 230.3 229 229.3 228.6 225.5 223 220 215 209.1 205.9 205.4 196.1 201.7 207.6 210.6 208.4 206.1 204.1 201.5 197.4 195.6 195.4 195.6 191.5 192.9 196.9 199.7 200.7 202 202.5 201.6 203 204.9 205.8 204.9 202.8 201.3 201.1 200 198.3 195.9 195.5 195 193 190.9 189.9 186.4 188.5 190.1 191.8 191.6 192.1 192.1 190.4 188.5 188.5 189.4 189.4 192.1 197.7 198.1 196.1 197.2 199.8 203.3 204.6 205 203.1 197.4 198 203.2
254.9 249.3 244.9 241 238.2 236.2 233 230.8 231.2 231.8 230.2 227.8 224.9 221.3 216.7 213.8 210.5 207.3 199 208.6 211.4 212.9 213.6 213.2 210.5 208 204.6 198.8 196.4 195.2 194.8 196.3 199.1 202.3 202.8 203.8 204.4 204.1 205.9 207.8 206.8 205.7 203.2 203 202.5 201.8 200.8 197.8 198.3 197.8 195.4 195.2 194.2 191.6 187.5 188.9 191.4 192.1 192.4 194.5 193.9 192.9 192.7 190.4 189.9 191.1 195.9 197.6 195.5 194.9 197 199.6 200.9 202 203.9 200.9 197.4 200
259.1 255 247.1 241.7 239.2 237.1 233 232.3 231.8 232.6 231 227.6 224.6 221.4 218.7 216.9 214.5 204.6 200.5 213.1 214.8 215.9 217 217.1 216 213.7 210.4 205.9 200.1 196.7 199.2 199 201 204.9 204.9 205.5 206 206 207.9 208.5 207.5 205.9 204.8 204.1 203.8 203.2 202.5 199.9 200.8 199.7 198.2 198.5 198.6 197.5 193.5 188.7 191.3 193 192.7 195.4 196.5 196.3 195.1 190.8 196.6 199.3 196.2 197.3 197.3 195.5 194.7 196.6 197.5 199 200.7 200.8 198 197.5
263 259.2 253.2 247.1 243.2 239.4 234.1 232.6 232.4 232.9 231.3 228.7 224.7 221.3 219.6 217.4 213.6 203.6 210 215.3 216.7 218 218.9 219.1 218.2 216.6 213.6 209.7 201.9 199.6 205.2 205.3 206.6 207.7 208 209.2 207.8 207.9 209.1 209 208.2 207.2 206.3 205.4 205 204.4 203.6 202.2 203.3 202.2 201.1 201.9 202.4 202.2 199.3 191.6 192.2 196.5 197.3 194.5 197.1 197.9 197.5 191.7 198.9 202.1 200.7 200.7 200.7 196.6 195.5 194.9 195.4 196 197.2 197.7 197.4 197.5
265.8 261.6 258.5 254.5 250.8 245.5 238.2 233.7 233.5 233.3 231.6 229.8 226 222.5 219.8 215.6 207.3 202.3 213.6 214.6 216.6 218 218.9 219.3 217.9 216.4 213.9 208 204 211.1 213.9 212.6 214.8 214.5 215 215.4 213 211.2 210.9 211.8 212.8 211.1 208.4 207.2 206.3 205.7 205.1 205.1 205.7 205.7 205 206.1 205 203.9 201.9 196.2 193.6 198.3 201.1 197.2 196.1 197.6 197.4 193 197.8 201.9 204.1 203.5 203.2 199.4 195.8 195.5 195.7 196.4 196.6 197.1 198.2 198.4
268 264.6 261.5 257.8 254.8 251 244.9 240 236.6 234.4 233 231.5 227.9 224.3 220.9 207.8 207.9 213 213.5 213.9 215.9 217 218.2 219.3 217.7 216.1 213.2 207.7 212.8 217.4 219.7 221.6 223.6 224.1 223.7 223.9 218.8 218.3 214.4 218.3 221.1 217.8 214.5 212.3 209.8 208 207.7 208.3 209.5 208.5 208.8 209.8 209 205.5 203.5 200.4 202.2 203.4 205.6 202.2 196.9 196.5 195.8 195.3 196.4 200.8 204.2 204.2 204.1 202 196.8 195.6 196 196.6 196.8 197.2 197.8 199.5
270.1 268.1 265.1 261.9 258.6 254.4 249 244.6 240.4 236.5 234.4 233 229.2 224 212.2 206.7 216.6 216.1 217.6 217.7 217.7 217.9 218.9 220 219.5 218.9 214.1 217 216.1 221.7 225.3 226.6 228.2 229.1 229.5 229.2 227.1 222.7 221.5 224.3 226.3 224.9 221.8 218.2 216.2 213.3 210.7 211.2 212.4 212 213.8 214.9 214.9 208.6 205.1 204.2 206.6 209.9 210.8 207.7 202.6 197.5 196 196.1 195.8 197.8 202.4 202.7 202.8 203.1 202 198.5 196.8 196.9 197 197.2 197.5 200.6
269.8 270.2 268.6 265.5 261.4 256.7 251.6 246.8 241.7 237.4 236.4 233.8 228.9 211.4 210.1 221.3 222.4 222 223.1 224.8 226.3 225.8 225.4 224.4 223.1 220.8 219.7 222.2 222.7 224.6 228.1 230.3 231.3 232.1 231.6 231.9 229.9 228 221.4 228.4 230.2 229.9 227 223.6 220.4 216.8 213.3 213.9 215.1 215.7 217.3 219.3 216.9 212.8 207.1 206.3 208.3 213.4 215.5 212.1 207.3 197.6 196.9 198 196.4 197.1 201.6 203.1 203.9 204.1 203.3 203.3 200.4 199.5 197.4 196.9 198 202.1
268.6 268.4 266.4 263 260.4 256.1 251.2 245.7 241.7 238.9 236.9 232.7 219.2 211.9 226.5 228.6 227.5 226.9 227.5 231.5 233.5 233.7 233 229.6 227.1 223.4 223.1 227.2 228.8 225.3 230.6 232.2 233.4 233.7 233.5 232.9 231 228.8 227.8 230.6 232.3 233.4 231.4 228 224.2 219.8 216 216.5 217.7 218.6 219.3 220.9 220.1 217.1 211.3 208.9 209.9 216.3 218.3 214.8 210 197.4 202.1 199.9 198.3 197.4 200.8 202.9 202.7 203.9 205 206.7 204.7 204.3 202.5 198.2 199.6 203.4
264.6 259.6 257.6 251.8 251.5 251 246.3 242.1 238 234.9 231.8 228.6 218.5 221.5 230 232.2 232.1 232.4 233.3 237.6 240.2 240.6 239.6 234.4 232.4 228.3 225.8 230.9 232.7 231.5 230.5 234.3 235.3 235.2 235.7 233.8 232.1 231.3 228.9 231.5 233.6 235.6 235.1 232.5 227.5 221.8 219.8 219.8 220.8 220.7 219.6 221.6 221.1 218.6 213.7 210.2 211.3 217 219.3 216 211 203.5 207.8 204 201.8 200.4 200.3 202.4 202.9 203.5 205.1 207.5 205.8 206.3 204.7 200 201.3 204.5
269.8 267.4 265.4 262.1 254.2 250.1 244.9 240 233.9 228.7 225.4 223.4 217.6 224.1 232.4 235.3 236.2 237.1 239.7 243.8 246.1 246.3 245.2 240.7 238.4 237.1 228.6 232.9 234.5 233.8 235.9 236.7 237.6 238.2 238.7 236 234.5 233.2 231.9 231.7 233.8 237.2 238.6 234.9 229.3 224.2 225.3 224.9 223.9 221.9 220 221.4 220 218.5 214.4 211.4 211.4 214.7 216.2 215.3 200.8 211.3 212.2 209 206.6 206.5 204.5 203.2 202.9 202.9 204.3 206.6 204.4 204.9 205.6 202.5 203 205.5
271.6 268.7 266.1 262.7 259 254.2 249.9 245.5 245.6 243.6 239.1 233.3 219 227 234.9 237.5 239.5 241.4 244.2 248.1 251.4 251.2 249.2 246 244.2 240.7 232.7 235.3 236.3 235.9 236.7 238.4 241.2 243.1 242.6 242.3 239 238.3 235.6 234.8 237 241.3 240.3 235.8 231.2 228.8 229 228 225.6 223.5 221.9 221.6 219.2 217.6 214.7 212 211.3 212.1 213.5 214.2 201.9 212.7 215.9 213.3 210.5 210.2 209.6 207.3 204.9 203.5 203.8 205.4 203.8 203.9 204 202.6 204.2 206.4
273 271.1 268.3 265 259.7 254.4 250.7 250 249.8 247.8 244.2 239 229.8 221.2 232 237.4 240.1 242.8 247 251.7 255.6 254.4 251.7 248.2 244.7 238.1 235.7 238 238 238.6 240.3 241.4 245.2 248.1 246.5 246.5 245.7 242.4 242.8 243.8 244.8 246.2 245.3 240.6 235.7 232 232.3 230.3 227.8 225 223.9 223.1 220.4 216.4 213.4 211.8 211.6 211.6 212.9 214.4 206.1 213.1 217.9 216.2 214.6 213.8 213.7 212.8 211.4 209.2 205.6 206.1 207.5 208.4 204.8 204.1 204.8 206.4
276.1 273.7 270.6 265.1 259.5 254.9 254.3 252.6 251.3 249.5 245.7 240.8 234.9 220.6 230.8 238.5 242 244.7 249.2 253.9 257.4 256.8 254.1 250.9 246.8 241.6 244.6 243 242.5 242.1 244.4 245.9 248.7 251.3 251.1 252.1 249.7 250.4 250 249.9 250.7 250.9 249.4 245.6 242.7 237.6 234 231.8 229.7 227.8 227 226.4 223.8 218.8 215 213.3 212.8 213.8 216.4 217.1 215.6 206.7 209.3 215 216.2 215.6 216.3 216.3 215.1 213.6 209.3 208.2 211.9 214.3 211 210.6 212.2 210.2
279.2 275.8 270.5 264.9 259.3 257.1 255.4 253.6 252.5 250.5 247 243 237.1 225.3 227.9 242 244.4 246.5 250.6 255.2 257.8 257.2 254.9 252.1 243.2 247.8 248.3 247.7 246.7 245.4 247.6 250.6 253.1 254.5 255.2 255.5 255.3 256.1 254.9 254.7 254.5 254.4 253.5 251.3 248.9 244.5 237.9 234.9 232.9 231.6 231.7 232.1 231.9 228.4 224.1 221.4 218.4 218.7 220.6 220.6 218.9 217.2 211.8 206.9 208.1 211.1 214.7 217.4 217.4 215.4 211.4 211.5 216.9 220.3 217.3 216.5 217.8 214.9
279.2 275.2 270.2 264.8 260.2 258 256.4 254.8 253.4 251.9 248.9 242.1 234.5 233.6 225.3 239.8 245.1 248.2 252.1 256.4 257.5 257.3 255.1 252.8 247.5 252.7 252.3 250.9 249.2 247.8 251.8 254.9 256.6 257.2 257.5 258.6 258.8 258.5 258.1 259.7 259.8 259.6 258.2 255.8 253.3 250.9 243.9 239 236.7 235.9 235.6 236.3 238.3 236.7 233.8 230.4 226.3 225.3 225.6 225.2 222.7 221.6 219.3 216.3 210.6 205.8 208.5 214.1 217.3 215.5 215.2 215.8 219.9 223.1 220.7 219.4 221 218.1
277.9 275.1 270.4 265.8 261.1 259 257.2 254.7 253.6 252.8 247 239.7 244.9 239.3 226.8 237.1 246.7 251.4 256.7 257.6 257.6 256.6 255.1 252.5 253 253.4 254.3 253 251.6 250.1 255.7 257.6 259.6 260 260.2 261.4 261.5 261.1 261.6 263.3 265.2 264.7 263.1 260.8 260.1 257.7 251.6 244.5 240.6 239.2 238.8 239.9 242.4 243.1 240.8 236.8 234.1 232.2 230 227.5 225.8 223.9 221.3 218 214 208.2 206.1 209.4 212.8 213.6 214.3 215.7 218.5 221.2 220.8 220.4 221.2 219.5
277 274.6 269.5 265.4 262.1 259.1 256.6 252.9 249.9 248.1 248.4 249.9 249.7 247.7 231.6 240.3 249.6 253.4 257.3 258.4 257.5 256.3 255.8 255 254.6 254.9 255.8 256.3 255.6 255.2 257.7 259.5 261.2 262.2 263.4 264.6 264.7 264.6 264.8 266.4 268.7 269.8 268.1 267 266.8 265.5 261 253.2 247.2 244.2 242.7 243.3 246.4 247 244.1 241.1 238.6 236.9 233.9 226.5 224.1 223 220 218 216.8 210.1 207.9 206.7 207.8 209.6 210.3 210.8 211.9 214.2 215.6 218 220.3 220.3
275.8 272.7 270.3 267.1 263.9 260.7 257.7 255.3 255.6 255.7 254.6 254.1 254.1 250.6 232.3 248.4 253.3 256.1 259.2 259.9 259.2 258.4 257.3 256.3 256.3 256.3 258.2 259.1 258.7 258.5 259.5 261.7 263.2 264.5 265.8 267.6 269.4 269.7 269.3 270.5 272.1 273.9 274.3 273.2 273.2 272.9 269.6 263.6 256.4 250.2 247.8 245.6 246.5 247.3 245.2 244 242.2 240.6 234.9 226.7 225.5 223 220.4 217.7 215.9 211.5 209.5 208 207.2 206.8 207 207.2 208.2 208.9 209.8 214.7 218.2 219.1
276.6 274 271.7 268.9 265.7 262.5 259.4 259.1 259.4 259.7 259.9 259.4 258.6 246.3 245.3 253.4 259 261.5 262.5 262.2 261.5 260.7 259.6 258.7 257.9 258.2 260.2 261.7 261.6 261.3 261.1 261.9 263.6 265.4 268.5 271 271.9 273.8 274.1 274.6 275.9 277.6 278.7 278.6 278.7 278.6 276 271.1 263.9 255.9 253.2 251 250 251.1 249.5 247.7 245.2 239.8 235.9 230.7 229.2 226.2 223.1 219.9 217.4 215.1 213 210.9 208.9 207.3 207.4 207.5 210.4 210.2 208 211.1 215.4 216.8
277.6 275.4 273.1 270.6 267.4 264.2 262.5 262.7 262.7 262.8 262.4 262.1 257.7 241.4 257.8 263.4 264.9 266.3 267.2 267.6 264.9 263 262 261 260.2 261 263.6 265.7 265.5 264.1 263.9 263 264.8 266.8 267.9 270.3 273.5 276.4 278 278.7 279.8 281 281.4 281.4 283.7 283.3 281 275.8 270.1 262.3 258.5 256.3 255.4 255.4 253.3 249.2 245.6 241.2 237.8 234.9 232.5 229.4 226.2 223.2 220.6 218.6 216.3 214.8 212.8 210.7 209.2 209.5 212.8 212.6 208.4 209.5 212.5 214.1
278.4 276.2 274.1 271.7 268.6 266 265.8 266.3 266.6 265.9 264.5 249.1 244.8 258.3 265.9 267.6 268.9 271 271.9 271.5 269.6 266.7 264.9 263.8 264.4 265.6 268.5 269.6 269.6 269.3 266.7 268 270.6 270.5 270.3 272 275.1 278.5 280.1 280.8 282.4 282.6 283.1 284 285.9 286.7 284.8 279.9 274.7 269.2 263 260.4 258.3 257.3 254.6 250.9 247.7 244.3 240.7 236.5 234.2 231.4 228.4 225.3 222.2 220 219 218.3 216.7 214.6 212.7 212.2 215.6 214.3 209.8 208.9 209.5 211
