app/static/ascii/SD79.asc
ncols 200
nrows 200
xllcorner 370000
yllcorner 490000
cellsize 50
[rows 35 to 69 of 200, columns 78 to 155 of 200]
480.9 486.2 494.6 502.1 508.9 514.9 518.6 523 529 538 546.9 553.8 559.5 566.6 572.5 583.7 594.5 606 615.2 621.6 624.8 630.7 639.4 653.9 671.4 683.8 686.5 687.4 686.8 685.6 684.8 682.3 680.2 675.8 668.2 659.9 658 658.5 661.8 671.2 685.2 687.8 689 688.2 670.8 637.1 625.8 607.5 596.8 576.5 563 542 533.2 519.5 499.6 484.9 473.5 463.9 451.7 445.7 438.4 433.1 426.1 421.1 415.2 405.1 398.8 387.4 368.7 361.5 348.1 335.6 318.3 311.7 302.3 298 297.3 296.9
480.3 487.2 497.8 502.3 509.6 514.3 517 524 533.2 540.7 548.1 554.4 561 567.8 575.7 588.5 598.8 609 616.3 621.2 625.4 632.2 641.6 655.2 676.4 683.6 685.4 686.5 685.3 683.5 679.7 675.5 664.7 654.7 651.3 646.4 644.8 646.8 650.4 658 672.9 682.4 684.3 681.6 653.3 638.3 614.7 603.3 581.8 571.9 559.5 547.4 533.8 520.3 499.7 483.8 473.7 462.8 450.5 442.4 436.5 430.6 422.6 413.6 407.6 403.7 394.6 381.9 370.2 355.3 338.3 329.9 319.1 311.2 299.3 297.9 298.4 299.2
480.2 489.9 497 502.9 508.8 511.7 517.8 526.8 534 540.8 548.3 555.2 562.3 568.7 578.5 590.1 600.2 609.3 615.9 621.5 625.4 632.2 642.9 657.1 677.8 682.4 683.7 684.5 683.4 679.7 674 660.7 649.8 641.7 636.3 631.7 631.2 634 639.6 647.3 656 672.2 679.7 654.9 642.7 630.8 612.6 592.4 586.5 564.2 553.8 544.9 531 510.8 496.6 481.7 471.8 459.8 449.5 441.8 434.5 426.7 419.5 416.1 410.4 401 382.9 375.1 362.2 349.4 336.7 325.9 314.4 308.9 300.5 299.2 298.6 301.3
481.1 490.8 493.3 500.7 506.3 509.3 515.4 524.5 532.7 539.6 547.3 555 561.8 568 577.7 592 602.1 609.5 615.7 620 625.5 631.8 643 656.4 676.2 680.4 681.2 681.6 680.5 675.3 664.7 651.6 641.1 630.1 625.1 622.2 622.6 626.3 629.1 637.5 645 654 660.9 640.4 632 623.4 609.9 584.1 572.5 559.3 541.1 536 524.3 509.6 491.3 478.8 467.7 456.8 447.1 439.9 434.1 427.8 420.7 414.1 408.2 396.7 387 370.4 354.7 330.2 327.2 314 307.8 303.7 300.8 299.9 298.6 302.6
481.2 488.4 489 498.6 501.6 505.7 510.4 519.5 529.6 537.8 545.5 551.8 559.6 567.4 578.2 591.2 601.4 609.6 614.3 620.4 624.8 631.4 642.5 656.2 675.1 678.4 679.4 679 675.2 668.8 654.7 642.8 629.4 621.7 616.5 614 610.3 617.5 622 628.2 637 641.5 643.4 634.1 628.2 612.5 593 575.6 561.6 547.9 532.3 527 515.6 502.9 488.2 479 465.9 453.3 444.5 438.4 432.4 427.4 419.7 412.4 404.7 387 381.2 367.3 349.8 339.2 329.1 321.7 314 305.3 301.4 299.6 304 304.2
482.1 484.7 489.4 494.6 498 501.9 506.1 514 525.5 533.8 544 551 558.2 570 580 590 601 608.8 615.6 620.1 624.4 630.6 641.5 655.5 670.9 676.9 676.8 672.3 665.7 654.1 645.4 635 624.3 614.8 603.6 594.5 601.3 612 616.6 619.9 626.6 631.1 632.7 636.6 620.6 590.4 584.1 574.2 557.6 533.8 532.2 523.4 512.9 500.2 486 476.3 464.4 452.6 441.7 435.8 431.2 425.9 419.6 412.2 402 389.6 373.4 362.3 346.3 337.4 328.3 319.7 311 303.4 302.3 303.6 304.8 306.3
478.8 480.9 485.5 489.1 493.9 495.8 503 512.9 525.4 534.6 544.1 551.6 557.4 568.7 581.8 590.4 599 606.7 614 619.7 623 628.8 639.6 652.1 662.9 667.4 663.8 658.2 651.9 645.1 637.7 626.7 618.4 610.2 588.6 576.7 601.7 608.4 612.9 614.8 619 622.7 624.7 626.4 611.7 575.6 574.6 566.2 548.2 535.4 528.6 522.7 512.2 493.8 483.4 471.7 461.7 450.1 439.9 434.5 428.8 424.1 417.4 410.1 401.4 388.7 374.4 356.9 347.3 335.3 321.5 313.1 308.2 303.9 303.6 303 306.8 307.2
475 477 481.5 483.3 488.9 493.3 499.9 511.3 523.7 534.4 543.9 550.6 556.8 566.7 578.5 589.7 599.3 606.3 613.5 618.8 622.6 627.9 637.4 647.1 652.9 654.4 652.6 648.8 644.3 639 631.3 622.8 614.2 606.3 579.4 568.3 594 603.3 609.5 611.9 616.5 616.6 616 616.2 599.7 563.6 566.1 560.6 543.7 537.2 520.7 513.1 507.1 491.7 479.1 464.8 456.2 446.5 439.3 434.3 428 421.1 414.4 408.4 398.3 385.6 370.9 353.2 341 334.2 325.9 314.8 306.4 304.9 304.8 304.5 306.8 309
470.1 473 477.2 478.3 483.5 489.5 496.9 509.3 522.3 533.5 542.5 548.2 556.3 564.4 575.5 587.1 597.6 606.1 612.8 617.9 621.5 625.5 633.2 641.2 644.5 645 644.2 640.5 636.9 632.7 624.1 617.7 612.8 602.9 579 560.3 577.3 593.7 603 608.2 612.1 614.1 612.3 611.9 582.9 560.5 558.7 542.5 534.4 523.4 510.3 510.3 497.5 484.1 470.8 459.5 451.1 443.8 438.9 433.9 427.7 419.1 412.9 406.4 395.9 383.5 364.1 349.7 339.9 332.9 323.9 314 307.3 305.7 303.7 305.3 307.5 311.3
465.4 469.9 470.9 475.4 479.4 486.7 494.6 508.2 520.8 531.6 539.6 547.4 554.3 561.8 570.8 583.5 593.7 605.2 611.2 616.4 619.1 622.6 629.4 634.9 637 637.2 635.2 631.1 625.9 623.7 619.3 613.9 609.6 597.1 576.3 552.1 563.5 580.1 589.8 601.8 606 607.5 605.2 589.3 565.8 557.7 550.9 538.3 526.2 514.5 508.1 497.9 493.4 480.2 466.4 456.5 447 441 437.7 433.7 427.3 419 410.7 401.1 389.1 378.7 359.6 348.8 342.7 331.4 321.9 312.9 308.7 307.3 304.9 306.8 311.6 316.2
462.4 465.1 466.3 470.8 476.5 483.8 493.6 505.2 518.8 529.3 537.1 546.8 554.5 559.4 567.8 577.7 591.7 602.9 611.5 615.7 617.4 618.8 622.7 626.8 627.6 627.5 625.1 622.5 619.7 617.1 614.6 610.6 605 590.1 571.7 554.6 551.2 560.8 574.6 582.3 589.6 593.8 590.9 563.7 555.4 549.5 546.6 531.8 518.8 514.6 502.7 494.8 488.4 479.2 467.3 453.2 445.4 441.4 439 435.4 428.5 417.9 409.5 401.6 390.6 377.1 357 347.2 338.6 328.4 319.6 313.1 310 308.2 305.6 313 318 321.9
456 455.2 462.5 468.1 473.5 482.4 492.2 505.1 517 526.7 533.6 545.5 555.7 558.6 562.6 571.5 584.8 598.8 609.6 614.8 615.3 615.5 618.4 619.6 619 618.9 617.5 616.9 615.6 613.7 611.5 608.2 597.1 581.4 563.6 552.9 544.2 547.1 559 567.5 571.5 570.1 562.7 550.5 548.8 545 537.5 526.7 517 509.1 499.4 488.7 483.1 474.8 464.2 451.8 446.2 441.2 438.6 435.2 427.4 416.8 406.8 400.6 389 375.2 356 346 336.5 326.1 317.9 313.2 311.2 308.6 309.5 318.6 323.3 326.7
441.4 453.7 460.2 466.1 471.5 479.4 489.2 503.1 514.3 523.6 530.9 540.5 551.3 557 560.5 565.7 574 592.6 603.7 612.6 613.8 613.8 614.7 614.5 613.8 614 613.8 613.9 613 611.5 609.2 603.2 591.2 569.6 555.4 544.4 536.3 533.7 541.8 546.2 556 555.4 547.2 545.5 540 537.1 531.8 523 518.3 508.3 495.9 487.4 481.9 477.2 463.6 452.5 445.3 440.8 437 432.9 424.4 414.3 407.8 400.4 389.9 375 354.7 345.5 333.8 319.6 315.5 313 311.1 309.5 318.2 322.4 326.5 331.6
443.1 449.8 457.4 463.5 469.4 477.9 486.4 500.2 510.9 520.8 527.3 533.8 541.6 552.2 559.8 563.9 568.4 584.3 597.5 609 611.8 610.4 610.8 610.3 611.6 612.3 611.5 611 611 609.1 606.3 598.8 587.1 565 548.8 538.5 531.6 521.1 528.4 531.4 535 537.8 540.2 536.5 536.2 529.4 524.7 520.6 517.2 505.8 489.5 481.3 478.8 467.5 459 452.3 446.2 440 433.8 421.7 415 409 386.8 387.6 388 371.6 357 341.4 320.9 321 318.4 315.5 308.7 317 320.5 323.8 327.1 333.6
437.7 447.5 455.2 461.5 466.4 474.1 482.6 495.4 507.4 517.7 523.1 528.5 537.9 548.5 555 558 561 573.5 591.5 601.6 608.1 608 608.9 609.3 608.5 608.7 609.5 608.7 608.2 606.2 603.1 597.4 583.1 564.7 549.5 537 526.9 514.9 518.6 519.9 521.2 521.4 526.7 527.9 525.4 523.4 518.6 517.8 508.8 495.6 482.2 476.3 466.7 461.5 456.7 451.5 445.2 433.2 424 410.8 407.2 412 405.5 379 380.3 365.6 346.7 329.6 331.2 323.5 317.7 314.9 309.7 314.9 320.3 323.8 327.3 331.8
431.9 443.4 451.9 458.4 463.7 470.7 478.4 489.3 501.6 510.8 519.3 523.6 531.3 541.6 548.2 552.6 554.1 558.9 573 593.9 599.4 601.9 602.7 602.7 603.8 605.1 606 605.9 605.4 603.5 600.8 597.6 585.9 571.4 552.6 541.8 532 522.7 505.5 502.6 508.1 509.9 510.8 515.4 517.2 514.8 510.4 505.8 496.6 488.3 478.1 471.6 464.5 459.5 453.9 447.4 439 422.4 416.5 409.5 425.2 420.6 409.8 391.7 374.2 353 358.2 348 330.7 321 317.3 314.6 313.3 312.2 320 324 327.4 333.3
427.1 437.1 447.3 454.7 459.8 466.4 473.3 482.3 496.6 507.1 513.4 518.5 526.6 535.1 540.6 542.6 548.2 549 553.7 571.9 585.9 591.8 593.2 594.3 596 598.6 601.2 602.6 602.3 600.7 599.4 597.9 592.7 575.5 563.2 548.5 537.1 527.8 521.8 513.5 500.8 491.5 494.4 499.4 500.2 500.3 498.5 493.7 487.4 483 477.2 470 462.5 453.2 450.5 443.9 430 417.7 414.6 431.6 427.4 421.3 413.4 403.2 390.9 377.5 361.3 349 335.3 322.6 317.5 316 315.2 312.5 323.2 327 328.4 335.4
422.4 430.9 441.6 450 454.6 459.8 467.2 475 488.1 499.6 507.1 513.3 521.7 528.9 529.5 529.1 536.4 542.1 546.9 551 560.6 567.1 573.1 577.9 583.4 589.7 596.8 600.9 600.5 600.3 600.1 598.6 595.7 582.9 566.8 552.1 539.7 531.2 524.1 517.3 511.7 505.5 491.7 481.8 486.3 487.7 483.4 475.5 477.2 476.8 475.5 468.8 460.7 453 448.8 439.4 423 420.7 435.3 432.1 425.5 420.4 413.1 403.6 390.9 377.9 362.8 352.5 339.9 326.1 320.5 318.2 315.3 315.1 325.6 330 332 340.9
418.9 426.4 435.1 442.7 447.5 454.1 461 466.6 475.2 489.9 499.4 506.2 514.4 519.4 519 523.3 528.4 536.8 539.5 542.5 545.4 548.8 553.8 559.9 571.6 587.9 599 600.7 600.2 600.5 601.7 601.7 598.9 585.2 571.1 556.1 543.8 534.3 526.1 520.7 515.8 509.7 502.5 495.5 481.6 473.2 470.2 462.4 459.9 468.8 469.5 464.3 459.5 455.2 449.4 433 426.7 442.4 439.2 431.8 426.4 421 412.9 403.6 393 379.9 367 355.3 343.7 330 323.6 320.6 319 315 326.1 331.7 337 345.6
391.8 405.7 422.6 427.2 440.4 446.6 454.4 460.6 467.2 474.4 488.1 496.5 504.5 510.1 508 514.5 522.1 528 531.9 528.9 538 548.6 557.8 569.6 584.4 593.9 600.7 600.9 601.7 604.3 605.4 605.2 601.3 590.9 575.7 561.4 549.3 539.8 532.9 525.5 518.8 512.8 505 498.1 492.7 488.5 483 472.4 466.9 452.3 448 445.6 453 454 431.7 430.8 443.3 447.3 440.8 433.7 428.9 422.3 413.9 404.9 393.8 383.1 368.8 356.3 346 335.2 328 324.5 324.1 319.5 317 329.7 341.1 350.3
405.2 407.2 417.4 427.5 428.6 434.2 438.2 450.5 461.3 466.9 476.9 484.2 487.7 496.5 501.4 509.4 509.3 518.6 528.4 538 547.9 560.4 572.9 582.6 591.9 598.7 601.6 602.3 604.2 607.2 613.9 610.1 602.8 596.3 582.2 569.4 557.1 546.6 538.5 532.8 524.8 517.7 509.7 502.4 494.2 488 480.6 472.8 465.3 470.4 470.9 458.6 446.7 436 435.2 448 452.9 449.7 442.5 436.3 429 421.7 412.9 405.7 399.1 388.4 371.4 355.3 347.4 339 332.3 331.1 328.8 319.2 318.9 334.4 343.4 351.2
422.4 429.8 435.9 440.6 445.9 451.4 454.1 451.4 455.2 462.3 465.5 471.5 481.1 490.8 503 515.8 525.6 529 535.5 545 558.1 568.9 578.1 587.8 595 599.2 602.3 603.1 606.3 612.3 615.2 612.2 606.1 598.8 592.3 582.9 568 552.6 542.9 537.5 531.7 524.4 515.4 507.7 499.5 490.5 480.5 474.7 473 476 476.2 466.1 458.4 443 454.7 459.6 456.4 450.8 444.3 436.7 429.5 421.1 415.6 410.1 400.8 388.1 374.9 356.2 349.2 344.9 338.6 334.9 332.3 320.9 323.8 333.8 348 350.4
425.5 433.1 438.3 444.6 451.3 458.5 465.7 472 477.7 483.1 491.1 495.1 502.7 512.5 520.5 526.4 532 537.3 544.3 553 565.1 575 584.8 592 596.6 600.6 603 604.9 609.6 615.9 615.2 612.9 609.5 603.7 594.3 585.8 574.4 559.8 549.2 542.4 536.1 528.2 519.9 512.1 504.7 496.9 488.7 481.6 480.3 480.8 477.8 469.6 456.6 452.5 465.3 463.6 459.3 452.6 444.1 435.7 429.6 426.6 422.1 411.9 402.5 391.4 377.2 360.9 354.1 347.4 341.1 338.9 332 321.3 326 337.5 349.1 352.4
428.5 434.7 440.5 447.8 454.9 462.7 470.2 478.6 488.1 494 500.4 504.4 509.6 515.2 522.6 529.3 535.8 543.5 552.5 563.1 572.6 581 588.7 594.4 597.3 600.3 603.8 607.7 615.6 618.5 617.5 616.9 615.2 611.4 597.9 586 574.8 561.9 555.3 547.7 539.1 532.6 523.9 517 511.1 505.7 499.8 491.9 487.3 484.2 478.4 469.7 459.3 464.7 469 464.8 459.6 452.5 443.4 436 430 429.8 421 412.1 402.9 390.7 375.9 365 357.9 350.9 347.5 342.7 335.1 324.6 329.7 342 348.3 353.8
429.6 435.3 441.6 449.4 457.4 465.6 474.2 483.9 493.6 498.4 500.7 502.6 507.9 515.4 523.9 530.4 539.8 549.2 561.1 572.7 578.7 585.5 591.4 595.7 598.4 601.1 606.2 613.3 621.2 623 624.7 624.5 622.5 616.8 605.3 588.2 577.1 568.2 562.5 557.9 547.9 536.4 528.9 521.4 516 510.7 504.4 499.5 494.8 489.4 480.7 471.2 462.4 469.7 472.1 467.7 459.4 452.5 444.1 436.5 432.3 431.4 423.2 412 399.6 389.1 379.5 368.4 361.1 355.7 351.8 346.5 343.5 333.8 329 342.2 350.8 357.7
429.8 437 443.6 450.9 459.5 467.6 477.3 483.4 493.4 497.8 499.4 501.7 506.9 515.3 523.8 532.8 544 556.1 570.4 577.4 583.8 588.5 592.4 594 598.8 603.6 611 620.9 625.8 630.5 634.9 636.3 634.6 622.3 611.2 593.8 583.9 576.1 575 566.2 558.4 546.2 533.9 526.4 520.8 515.4 509.7 505.1 499.1 492.7 485.1 473.8 471.9 474.7 475.6 469.8 464 454.6 446.8 442.8 434.4 429.8 421.1 411.7 402.5 392.3 383.6 376.3 365.7 358.7 352.4 347.8 340.6 334.6 334.2 338.6 352 361.5
430.7 437.9 448.5 457.5 465.3 467.9 475.7 484.9 492.1 496.2 498.7 503.1 509.5 516.6 525.1 536.4 549.8 564.4 574.3 580.7 585.3 589 592.5 597.2 605.1 609.8 618.6 628 636.9 642.7 647.1 651.2 641.3 624.8 613.5 599.2 588.4 578.2 574.6 572.1 565 554.5 539.1 533 526.5 519.7 514.1 507.3 501.4 497 489 480.4 478.6 480.7 478.2 472.3 466 458.6 452 447.3 440.4 430.8 423.1 418.2 412 401.5 391.7 382.2 371.9 361.2 347 346.1 343.8 340.6 343.1 344.7 349.2 361.5
430.7 439.5 451.6 460.3 466.8 469.9 476.2 483.8 490.2 495.9 499.9 504.4 510.8 517.9 525.8 540.6 553.8 569 578.2 583 586.8 590.2 596.1 603.7 610.7 618.9 630.4 641.9 649.6 655.9 661.9 666.4 658.4 625.1 611.7 601.6 586.1 575.8 572.4 574.6 569.2 558.6 553.2 537.7 530.9 521.6 515.6 510.5 507.3 501.8 495.6 487 486.9 488.3 482.8 475.4 467 459.5 454 449.7 442.7 433.9 427.6 422.1 415.9 405.8 396.1 376.2 366.9 357.1 354.9 350 346.5 345.7 349 353.5 339.9 358.7
429.1 439.1 450.8 453.4 460.7 463.8 473.3 479.8 487.9 494.2 499.1 503.3 510.3 516.5 527.7 542.5 558.3 573.1 581 585 588.8 594.2 600.4 606.3 613.9 626.9 642.2 657.2 659.7 666.7 670.5 670 668.6 636.4 621.5 609.9 588.4 578.2 570.9 568.1 564.6 558.1 548.7 539.6 535.9 531.6 519.6 517.4 511.6 502.3 499.2 494.3 494.4 493.6 486.3 478 470.3 460.7 456 451.3 443.8 433.7 422.5 416.4 410.9 398.9 395.1 386 380.4 369.9 357.7 354 350.7 351.9 353.6 354.5 334.4 358.8
427.6 432 440.4 447 450 458.2 469.3 476.1 484.4 492 496.4 500.3 507.4 513.2 526.1 542.4 558.2 573.2 582 586.2 591 596 600.4 606.4 615.6 632.8 654.6 659.5 665.6 670.7 670.8 670.8 671 664.7 634.7 617.1 599.8 584.7 571.9 559.9 555.5 552.8 546.3 540.6 537.3 534.9 527.8 522 515.4 510.8 505.4 499.9 497.8 494.1 487.7 479.5 472.6 465.7 459.6 450.8 442.7 432.6 432.7 426.3 416.6 407.2 399.3 389.7 387.2 375.7 364.4 357.4 356.3 354.6 354.9 349.1 344.6 359
422.4 427.1 435.4 443.4 447.4 452.9 463.4 474.5 481 488.6 492.4 497.8 503.5 510.5 519.9 533.4 549.2 564.7 577.6 584.4 588.5 592.6 597 605.4 618.2 639.7 656 661.3 666.6 670.8 671.3 671.6 673.5 674.3 656.3 625.5 612.4 596.5 578.1 565.9 555.7 551 547.9 543.4 538.6 535.3 530.2 528.8 520.5 514.1 508.5 503.1 499.2 494.6 489 481.3 473.2 466.2 457.7 449.5 440.1 436 435.7 425.7 416.1 407.8 396.5 399 392.2 380 368.8 360.8 358.7 356.2 354.8 336.7 348.3 358.2
417.2 420.8 429.7 438.5 444.2 449 458.7 471.5 478.4 485 489.8 494.8 500.4 506.1 514.8 526.3 540.5 559.9 572.3 579.2 584.4 586.4 592.4 601.3 616.5 636.4 654.7 660.4 664.4 670.3 672.6 675.2 679.2 680.2 676.9 659.6 630.2 607.6 590.4 575 560.8 551.9 547.5 545.4 540.5 536.3 531.4 532.4 524 517.4 510.1 503.3 499.2 494.8 489.6 481.4 474.3 467.2 461.6 450.1 441.8 441.5 436.7 425.3 416.7 404.1 408.5 404.2 394.9 382.7 373.2 365.2 359.5 357 354.9 341.6 348.6 356.6
411.6 419.2 428.3 437.1 441.2 446.8 455.5 467.3 474.5 480.9 487.1 492 496 502.2 510.9 522.5 536.2 554.7 565.5 572.5 577.4 582.1 588.6 598.9 613.1 632.3 651.9 659 662.3 670.1 673.7 678.1 680 679.1 678.6 676.8 650.8 618.8 596.8 580.3 564.9 554 547.6 544.4 544 540.3 538.2 540.1 526.5 519.2 511.8 504.7 499.1 494 489.2 482.7 477 474.3 464.6 451 444.3 444.5 439.1 426.4 416.1 414.9 414.7 408.8 399.9 389.4 380.1 371.1 362.1 357.3 353.4 353.4 345.5 356
410 414.6 423.8 430.8 438.6 445.4 452 461.6 470 477.8 483.6 489.7 494.8 500.1 507.8 517.8 532 548.8 560.1 567.6 574 579 585.3 593.8 607.4 627.7 648 656.2 661.7 668.7 674.3 677.8 678.1 677.1 676.7 675.7 670.1 632.6 601.8 588 572.4 559.5 549.6 544.7 543 543 540.8 543.1 527.4 520.4 513.4 506.1 500.5 495.6 491.3 486.3 482.5 479.6 468.9 457.1 451.3 444 435.8 422.5 420 420.6 418.4 412.4 403.5 393.8 385.3 375.8 367.7 360.3 355.3 350.5 350 351
403.8 413.3 419.4 427.3 437.6 442.4 449.4 456.2 467.5 474.3 479 486.9 493.4 498.8 505.1 512.1 524.1 542 556.3 564.6 570.9 576.3 583.1 591.4 602.4 622.3 641.9 651.6 659.4 666 672.6 676 675.9 674.7 671.9 671 669.8 655.1 617.1 595.8 577.6 564.1 553.7 546.4 542.9 542.4 542.2 544.3 530 521.6 515.6 508 502.3 497.6 493.8 490.1 488.3 485.1 475.4 465.3 454.7 435.9 437.9 431.8 427.1 426.2 422.5 413.4 402.9 393 384.4 376.8 370 361.2 360.1 355.3 354.1 355.2
