app/static/ascii/SD80.asc
ncols 200
nrows 200
xllcorner 380000
yllcorner 400000
cellsize 50
[rows 108 to 143 of 200, columns 82 to 163 of 200]
70.9 66 63.3 63.9 64.2 64.2 64.4 66.1 69.6 72.2 75 77.8 78.9 77.4 82.1 85.5 86.5 88.9 90.8 93.9 97.9 100.6 102.5 103.4 102.6 102.7 102.8 103.5 103.9 104.2 103.5 103.9 103.9 103.6 103.9 102.7 100.3 98.3 98.6 100.2 92.7 96.3 88.8 93.2 93.6 89.9 79.2 88.1 91.1 92.4 92.3 93.4 93.8 94.9 96.8 98 98.9 100.8 102.1 102.4 102.6 104.7 106.1 107.2 108.4 108.6 106.1 105.5 106.5 106.1 105.9 106.2 106.6 106.7 106.6 106 105.2 103.6 102.1 100.8 101 101.2
66.1 61.3 64.1 64.4 64.6 64.6 65.7 69 71.6 73.9 76.8 76.4 79.8 83 78.3 83.6 87.8 91.5 95.2 98.4 100.3 101.9 103.6 104.2 103.7 103.2 103 103.2 102.8 103.1 101.9 101.2 100.7 101 102.4 103.5 101.8 98.8 97.9 97.2 91.4 91.5 92.4 93.8 91.2 91.4 89.7 81.9 88.8 90.7 91.7 92.2 92.6 93.7 95.5 97.3 99.1 100.9 102.1 103 104 105 106.2 107.8 109.5 108.9 107.9 107.5 106.4 106.1 106.2 106.4 106.6 106.7 106.7 106 105.3 104 102.4 102.8 102.6 102.8
63.7 62.8 64.9 65.5 65.8 66.1 68.8 70.9 73.6 76.9 79.9 81 81.3 82.4 83.6 80 84.2 92.2 97.5 100.7 102.2 102.9 103.4 103.8 102.8 103.1 103.6 102.7 101.5 102.8 101.6 99.8 99.9 99.8 102.3 100.6 98.2 98.2 98.4 96.9 95 89.6 91.9 91.9 88.5 87.7 88.5 81.7 89 93.1 94.9 94.2 94.2 94.7 97 99 101.3 102.5 103.8 104.5 105.5 107.3 107.5 107.5 109.8 108.8 106.2 106.4 106.2 106.3 106.4 106.5 106.7 106.8 106.7 106 105.4 102.7 103.6 103.7 104.4 103.8
59.9 65.1 66.6 67.7 68.1 69.3 70.1 72.1 75.4 77.6 80.5 83.1 85.3 85.3 85.3 88.5 83 87.4 94.6 99.7 102.1 101.9 102.5 101.8 100.9 100.1 100.1 99.8 101.8 102.7 101.7 101.5 102 101.2 99.7 99 98.9 98.6 96.9 95.1 93.7 88.7 88.4 92.6 86.7 86.8 84.7 85 89.8 92.4 95.6 96.3 95.8 96.1 97.6 99.4 101.2 102.8 103.8 104.7 105.8 107 107.8 107.8 109.5 109.2 107.4 105.7 105.8 106.2 106.3 106.7 106.8 106.8 106.5 106.3 105.4 103.9 105.8 104.9 104.5 104.8
62.4 66.4 67.3 68.2 68.3 70.4 71.5 72.6 75.2 78.5 80.5 84.7 86.2 87.4 86.9 91.3 94 87.3 83 86.9 91.2 95.2 90.5 96.4 98.2 99.9 102 102.8 103.6 103.9 103 102.6 103.4 102.3 100.4 98.7 97.8 96.1 94.9 93.1 92.2 93.4 87.6 86 84.5 85 84.8 87.4 92.4 94.6 95.2 96.6 98 98 99.4 100.7 102 103.1 104.1 105.1 106.1 107.2 107.9 108.1 107.7 106.9 106 105.4 105.6 106.1 106.6 106.8 106.6 106.4 105.9 105.5 105.4 105.1 104.9 104.7 104.6 104.6
64.1 65.7 66.9 68.3 68.5 69.9 71.4 74.3 75.7 78.2 81.1 86.2 87.3 88.1 94.7 98.2 100.8 99.6 98.2 95.1 92.5 91.2 98.2 102.4 101.2 101.4 102.1 103.3 103 102.6 102.7 102.3 103.3 103.9 101.8 97.8 97.2 94 92.4 91.7 91.7 92.4 87.4 86.2 89.1 84.7 87.3 90.9 94.8 95.2 95.7 97.8 98.6 99.4 100.8 102.1 103.4 104.5 105.2 105.8 106.5 107.3 107.9 108.2 107.6 106.8 106 106.1 106.3 106.5 106.8 106.6 106.2 106.1 106.1 106.2 106.1 105.2 105.1 104.9 104.9 105.2
64.6 66.1 67.5 68.2 68.6 69.6 73.2 77.2 78.5 80.8 83.7 87.5 89 96.6 100.2 101.8 103.3 103.4 102 101.7 101.8 102.3 104.1 102.1 101.9 102.1 101.5 103.2 102.4 99.1 99.3 99.9 99 100.3 99.5 97.6 96.4 95 93.1 93.2 92.9 91.9 91.9 86 87.9 88 90 93.9 97 96.9 96.7 98.9 99.9 100.9 102.2 103.5 104.8 105.6 106.1 106.6 106.6 107.2 107.4 107.8 107.7 107.4 106.3 105.7 106 106.3 106.5 106.5 106.8 106.7 106.9 107 106.5 105.4 105.3 105.2 105.2 105.8
64.5 65.5 66.5 67.3 68.5 71.2 75.5 79.1 80.9 82.9 86.8 91.1 96.9 99.9 101.3 100.3 101.4 102.7 103.9 103.8 104.2 104.9 105.6 103.3 103.4 101.5 101.1 102 101.2 101.6 98.9 97.8 98.9 99.3 98.5 96.3 96 96.7 96.5 95.6 93.9 93.8 91.3 87.7 85.2 89.3 91.4 94.6 97.1 99.1 97.1 98.3 100.8 102.3 103.4 104.2 105 105.8 106.2 106.4 106.5 106.7 106.9 107.3 107.3 107.1 106.6 106 105.5 105.9 106.5 107.1 107.6 108 107.5 107.3 106.5 105.6 105.6 105.5 105.5 106.4
64.3 65.4 66.7 68.5 71.3 74.2 76.9 80.8 83.2 85.3 86.4 89.5 94.8 96.8 96.3 96.3 99.4 101.5 104 104.5 104.6 105.2 105.8 103.8 103.2 101.2 100.6 100.5 100.8 101.6 101.1 101 100.3 99.8 98.5 97.8 98.2 98 98.6 97.2 95.6 95 93.3 90.7 86.3 85.2 91.7 93.8 96.5 99.8 98.8 97.4 100.8 102.2 103.2 104.2 104.9 105.5 105.5 105.4 105.5 106 106.5 106.7 106.9 107.1 106.6 105.9 105.4 106.8 107.5 107.1 106.8 107.2 107.3 107.1 106.3 106.2 105.8 105.7 106.1 106.2
64.9 66 67.5 69.9 72.5 74.8 77 82 86.6 89.2 90.3 90.6 91.3 92.4 92.8 92.9 94.5 97.2 102.3 103.6 103.7 103.4 103.2 102.3 102.5 101 100.2 100.2 100.1 101.1 101 101.1 100.2 98.7 98.8 99.6 99.7 99.8 99.5 99.3 98.8 97 96 94.6 93.6 85.9 85.6 92.1 95.7 99 100.2 99.6 100.4 101.2 102.2 103 104 104.9 104.6 104.5 104.5 104.9 105.4 106.2 106.6 106.8 106.7 105.7 106 106.9 107.4 106.9 106.6 106.5 106.1 106.4 106.4 106 106.1 106 105.6 105.4
64.6 66.6 68.6 71.5 75.7 79 81.7 84.3 86.6 89.6 91.1 89.8 90 91 90.7 91 91.5 93.9 95.7 98.8 100.9 102.1 101.4 99.4 99.6 98.6 98.9 99 99.1 99.6 100.2 100 99.6 99.4 99.7 99.8 100 100.8 100.7 100.5 100.3 99.5 98 96.1 93.2 93 87.4 86.6 89.7 96.9 99 99.6 99.9 100.4 101.1 101.8 102.9 103.9 104.1 103.6 103.5 103.9 104.3 105.3 106.5 106.6 106.7 105.4 105.9 106.4 106.6 106.7 106.7 106.7 106.4 106.3 106.2 106.1 106.4 106.2 105.9 105.6
65.1 69.8 73.6 76.9 80.3 83.8 85 85.5 86.1 87.2 87.2 87.9 88.1 89.2 88.7 89.3 92.2 93.2 95.6 98.8 101.1 99.9 99.4 97.2 96.9 97.2 97.5 97.7 98.3 98.8 99.4 99.4 99.1 99.1 99.5 99.8 99.9 100.8 101.9 101.7 101.5 100.9 98.8 95.7 94.3 94.1 94.5 94.3 87.9 89.2 93.7 98.9 98.8 99.9 100.8 102.1 101.9 102.8 103.9 103.3 102.7 102.9 103.4 104.7 105.7 106.7 107.4 105 105.4 105.9 106.2 106.5 106.7 106.8 106.6 106.6 106.5 106.3 109.7 109.2 106.9 106
68.9 73.9 78.8 82.5 83.9 85.1 85.7 85.3 84.6 83.9 84.3 86.4 87.1 88.4 91.1 91.4 93.4 94.4 94.5 96.1 97 96.1 97.3 96.3 95.1 95.5 96.8 97.4 98 98.4 98.9 98.9 99 98.8 98.9 99.3 99.7 100.6 101.8 102.5 102.6 102.2 100.6 96.3 95.7 95.6 95.7 95.9 96.3 96.4 91.1 92 93.2 94.6 95.8 96.5 98.7 99.2 101.4 101.4 102 102 102.7 104.1 105.2 106 106.1 104.9 105.1 105.5 105.9 106.1 106.4 106.6 107 107.1 107.7 108.9 115.1 113.9 108.2 106.4
72.7 78.9 82.9 85.6 85.3 83.1 83.4 83.5 83 84.7 87.6 91.5 94 93.7 95.7 95 95.2 93.9 93.2 92.2 93.8 94.5 96.4 95.1 93.9 94.3 95.7 97.1 97.7 98 98.4 98.6 98.7 98.8 99 99.3 99.5 100.3 101.5 102.2 102.5 102.8 102.2 96.4 98.3 98.5 97 96.5 97.3 98.3 97.7 98.1 100.4 100.7 98.2 98.2 98.9 98.6 98.8 98.9 99.4 100.4 102.1 103.3 103.6 103.8 103.8 104.4 105.1 105.3 105.7 106.1 106.6 107 107.7 107.5 108.3 114.4 117.7 116.8 113.6 110.3
75.3 83 85.2 85.6 81.5 81.5 83.7 85.1 86.7 87.8 91.7 96.5 100.2 99.3 98.8 97.3 95.2 92.4 90.9 90.5 91.4 93 94 93.5 92.7 93.4 94.9 96.4 97.2 97.1 96.7 97 97.2 97.9 98.7 99.7 100.5 100.6 101.5 101.8 102 102.7 97.1 97.6 99.6 101.6 101.1 99 98.3 98.5 99.3 100.1 100.2 101.1 100.9 99.8 99.8 99.9 100.8 101.6 101.2 101.1 101 101.2 102 103.8 105 105 105.1 105.5 106 106.5 106.9 107.3 108.2 107.8 111.4 115.7 120.2 120.5 117.7 115.5
76.3 82.3 81.1 82.8 80.6 84.8 89.5 91.6 92.8 93.3 94.7 98.3 99.1 98.8 98.5 96.3 93.8 89.3 88.8 89.8 90.9 91.8 92.7 91.1 91.3 92.2 93.7 95.2 96.5 96.6 96 96.1 96.7 97.3 98 99.1 100.4 100.9 101.4 101.4 101.8 102.6 96 99.8 101.2 103.3 103.7 102.2 100.5 100.3 101.2 101.4 100.1 100.7 101.1 100.5 100.1 100.4 101.2 101.2 101.2 102.3 104 102.7 102.2 102.3 104.7 106.1 106.2 105.6 106 106.8 107.2 107.8 108.7 108.1 113.9 117.3 123.2 124 120.9 117.5
72.8 76.2 79.7 80.9 79.4 84.9 90.9 93 93.3 93.8 94.6 95.3 95.5 95.7 95 93.7 90.4 86.7 87.1 89.6 90.2 90.8 89.8 89 88.9 90.9 92.6 93.8 95.1 95.3 94.7 94.7 96.5 97.4 98 98.7 100.2 100.6 101 100.4 100.7 95.1 99.6 102.5 103.6 104.3 104.8 104.4 103.2 102.3 102.9 103.1 103 102.5 101.8 101.3 100.2 100.8 100.8 100.9 100.8 101.7 103.3 103.8 103.2 103 103.4 104.2 106.2 106.7 106.1 106.8 107.6 108 108.5 112.3 116.8 119.6 121.7 123.1 122.5 121.1
74.8 77.8 80.4 78 80 84.6 89.8 90.8 90.6 87.9 89.5 91.1 91.9 92.5 92.3 89.3 86.8 86.3 86.8 88.5 89.3 89.5 88.9 89.2 88.5 89.2 90.8 92.1 93.4 93.2 92 92.5 94.7 96.3 96.9 98 99.4 99.5 99.5 98.4 96.4 94.8 101.1 102.9 103.9 104.6 104.7 104.5 103.3 102.8 103.1 103.3 103.3 102.5 101.7 101 100.5 100.4 100.5 100.5 100.5 101 101.6 101.7 101.9 103.9 105.4 105.1 105.2 106 106.5 106 106.6 106.7 108.1 114.7 117.7 120 119.9 120.2 120.7 120.3
80.1 80.3 76.8 75.1 84 87.3 87.7 86.6 85.5 83.8 86.2 88.2 89.2 90.2 90.5 87.4 85.1 84.9 86.4 86.7 86.6 87 88.3 89 88.4 88.4 89.2 90.4 91.7 91.6 89.4 89.9 92.1 94.3 95.5 96.6 98 97.8 96.3 94.5 92.6 98.8 101.1 102.1 103.1 103.5 104.5 104 102.8 102.7 102.9 103 103.1 102.1 101.2 100.5 100.6 100.6 100.6 100.5 100.8 100.6 100.2 101 101.9 103.9 104.7 104.8 105.1 105.2 105.9 106.3 106.1 106.2 109.7 113.3 116 117.9 118.9 119.2 119.6 118.4
80.4 76.9 72.5 82.1 86.5 86.9 84 82.8 82.7 82.4 84.2 86.9 88.5 89.6 89.3 88.5 86 84.7 85 85.5 85.4 85.7 87.4 88.3 88 87.1 87.4 89.1 90.6 91.2 88.5 88.6 89.9 91.5 93.2 94.9 96.6 95.3 92.2 91.3 91.4 98.2 100.7 102.1 101.9 102.2 103.5 104 103.2 102.5 102.4 102.5 102.6 101.6 101.7 101 100.8 100.8 100.9 101.3 101.7 101 101 101.7 102.7 103.6 104.7 105 104.8 104 104.3 106.2 106.9 106.7 107.9 109.1 110.2 113.9 116.6 114.9 115.7 113.5
81.7 72.4 76.1 83.3 86.3 85.2 80.4 80.7 81.1 81.9 83.8 85.6 87.5 88.9 90.2 91 90.3 85.8 84.8 84.8 84.8 84.8 84.9 85.9 85.4 85.5 85.6 88.4 90.1 89.7 87 87.4 87.1 90.1 92 94.1 95.2 92.1 87.9 88.3 91.3 95.6 99.1 101 100.8 101 102.5 103.6 103.2 102.5 102.1 102.1 102.1 102.1 102.6 101.9 101.5 101.1 101.5 101.9 102.2 102.4 102.1 102.5 103.4 103.9 105 106 105.5 104.4 103.4 104.7 106 106.7 107.4 107.3 108.7 107.3 109.1 109.6 109.5 110.5
82.8 72.5 74.9 82.5 84 83.1 79.2 78.3 79.4 81.2 81.9 83.1 85.4 87.7 90 92.2 91.5 89.3 85.6 84.3 83.9 83.9 82.4 82.2 82.1 81.8 81.8 84.4 88.1 87.6 82.4 82.8 83.5 87.4 90.3 92.5 93.6 89.2 85.2 86.8 92.6 96 98.2 98.3 99.1 99.3 101.1 101.9 102.6 102.5 101.8 101.8 101.7 101.8 101.8 100.5 99.4 100 101.4 102.1 102.3 102.6 102.8 102.9 103 103.5 104.5 105.8 105.7 104.4 103.6 103.6 104.8 105.2 106.6 112.5 106.9 107.1 107.2 107.2 108.3 108.8
82.1 72.4 72.4 75.6 77.3 77.4 76.7 78.1 80.5 81.2 81.8 82.7 83.5 85.6 87.8 90.9 89.8 87.1 85.1 83.9 83 82.1 79.1 77.4 77.6 80.1 78.1 79.3 83 83 77.6 78.5 80 82.7 87.6 91.4 91 85.1 83.1 85.3 88.9 93.1 95.1 95.5 96.2 97.4 99.8 100.2 100.9 101.5 101.7 101.4 101.1 100.9 100.8 99.8 98.5 99.1 101.3 102.7 102.9 103.2 103 102.8 102.6 102.4 103.4 104.1 104.5 104.4 103.8 103.8 104.1 104.4 104.6 104.8 105.5 108.5 107.3 107 107.3 107.1
82.4 80 75.1 70.6 72.8 76.6 79 81 81.6 82.7 83 83.1 81.7 84.1 85.5 85.2 84.7 84 83.2 83 82.8 81.9 78.5 75.5 74.6 77 75.2 75.3 77.2 76.7 73 74.1 76.1 79 86.8 90.8 88.3 83.5 82.6 83.1 85.1 88.4 90.8 91.8 92.8 95.4 97.3 97.2 98.2 99.2 100.5 100.8 100.5 100.1 99.9 98.9 98.2 98.7 101.4 103.2 103.5 103.2 102.9 102.7 102.5 102.2 102 102.8 103.5 104.1 103.8 103.5 103.7 104 104.2 104.6 104.6 105.6 105.8 106.2 106.2 106.8
80.9 80.9 76.1 68.8 73.8 78.8 81.5 81.4 81.7 82.5 82.4 82.3 81 84.4 84.6 81 81.6 82.2 81 80.9 80.8 82.9 81.4 76.3 69.8 71.9 71.7 71.5 73.9 71.2 70.2 70.9 74.3 79.7 87.9 90.9 87.6 82.5 80.7 80.6 82.5 85.1 86.7 87.7 91.5 93.4 93.4 96.4 95.2 97.1 98.9 99.6 99.8 99.5 99.3 99.2 99.9 100.6 102.4 103.7 103.4 103.1 102.8 102.6 102.4 102.2 102 102.7 103.1 103.8 103.6 103.3 103.5 103.8 104.1 104.5 104.5 105.7 106.3 106.5 106.1 106.1
77.2 78.1 73.6 70.2 75.5 78.7 80.8 80.1 80.9 82.3 82.3 82.1 78.1 79.2 78.5 75.2 81.7 80.9 79.6 78.8 81.4 84 85.6 79.7 73.1 70.7 70.2 68.1 69.2 68.3 68.9 71.7 77.3 85.3 88 88.1 86 79.1 78.9 79.2 80 82.8 84.7 87.3 89 90 91.4 93.3 91.8 94.2 95.4 97.2 98.6 97.8 96.9 99.1 101.4 102.3 103.4 104 103.6 103.1 102.7 102.5 102.3 102.1 102 102.3 102.6 103.6 103.6 102.7 103.7 103.8 103.4 103.9 104.3 105.7 106.2 106.3 106.5 106.6
74.2 74.8 69.9 69.9 74.5 76.1 76.3 76.1 80.2 82.2 82 82 77.9 75 73.9 74 80.2 81.5 77.7 76.3 82.8 83.6 85.5 86 79.7 73.1 70.6 66.9 67.2 67.1 68.8 75.3 83.6 87.3 85.9 81.8 81.3 76.5 78 79.4 80.5 82.2 85.5 88.3 88 87.7 89 86.2 81.9 82.5 85.9 89.5 94.5 96.6 95.3 98.9 101.9 102.8 103.5 103.8 103.8 103.4 103 102.5 102.3 102.2 101.9 102.1 102.4 102.5 103.1 102.2 102.7 102.8 102.6 102.8 103.8 105 105.6 105.9 106.2 106.2
70.2 70.8 65.3 63.4 73.7 72.7 72.1 78.2 79.9 79.3 79.2 79.3 76.8 72.3 72.7 73.6 78.1 77.9 74.2 76.8 80.5 82.4 74.9 86 81.1 73.2 68.1 65.9 65.8 67 74.4 81.7 84.1 86.9 84.8 79.9 73.5 74.6 77.4 79.3 80.3 82.8 87.1 87.9 88.3 84.6 80.2 80.6 87.5 92.3 93.8 88.4 90.2 94.2 95 98.9 102.1 102.9 103.2 103.5 103.8 103.6 103.2 102.6 102.3 102.1 101.8 102.1 102.7 102.4 102.1 101.8 101.4 101.3 101.6 102.4 103.4 104.3 105.1 106 106.5 106.7
65.2 60.9 60.8 67.5 71.8 63.5 72.3 74.6 74.8 73.5 72.6 75 75 67.3 66.3 73.3 77.1 77.3 70 76 76.2 78.3 70.1 80.6 80.1 73.9 66.9 64.1 66.9 69 76.1 80.1 80 80.5 80.4 72 69.7 73.7 77.8 79 80.4 83.3 86.6 88.3 86 81 86.2 95.1 96.3 96.9 97.3 96.1 92.8 93.6 94.7 98.6 102 102.7 103 103.3 103.6 103.9 103.4 102.9 102.7 102.2 101.7 102.5 102.9 102.6 102.1 101.6 101.5 101.5 101 102 103 104.1 105 105.9 106.4 106.7
61.6 60.5 60.6 63.8 64.5 62.3 64.4 66.9 67.2 67.5 68 67.2 66.9 61.4 65.5 73.3 74.4 73.8 68.5 72.8 73.1 74.2 67.5 72.6 76.7 72 66.4 63 67.1 71.4 76 78.1 75.3 73.4 70 68.2 64.7 69.7 76.6 78.6 80.8 83.3 85.9 86.1 81 84.8 91.7 94.4 96.7 97.2 97.8 97.9 95.6 95 94.8 98.9 100.9 102.1 102.9 103.2 103.5 103.8 103.8 103.4 103.5 103 103.1 103.2 103 102.6 102.2 101.6 100.9 102.5 100.8 101.9 103 104 104.9 105.8 106.6 107
52.7 57 59.2 58.8 59.6 60.1 62.8 61.4 59.9 59.6 59.1 59.4 59.8 60 62.6 66.6 69.5 69.7 65 67.5 69.7 65 66.8 70.8 73.8 70.7 64.9 63.8 68.9 73 75.1 75 72 69.4 69.2 65.8 64.4 65.9 67.7 71.4 75.2 80.6 82.6 82.1 81.5 90.4 92.8 94.4 96 97.1 98 98.5 97.5 96.6 96.7 98.9 99.9 101.1 101.9 102.8 103.6 103.7 103.8 104 104.3 104.2 104.5 103.3 102.9 102.6 102.2 101.7 102 101 101 101.9 103 103.9 104.8 105.7 106.5 106.9
53.5 54.7 54.4 54.7 54 52.8 53.4 54.2 54.9 54.7 53.9 53 53.2 54.4 57.3 59.5 61.7 62.4 60.2 62.3 66.2 63.9 65.2 67.5 67.4 65.5 61.3 63.8 67.4 68.7 69.8 70.1 68.7 63.2 66.7 73.1 80.8 79 76.5 74.5 71.1 72.3 76.4 81.3 89.2 92 93.2 94.3 95.1 96.5 97.6 98.1 98.5 98 97.6 98.2 98.8 100 101.7 102.7 103.5 103.7 103.8 104 104.6 104.9 104.6 102.2 102.5 102.6 102.2 102.8 101.9 101 100.6 101.5 102.6 103.6 104.5 105.2 106.2 106.9
51.8 52.3 50.4 51.4 56.1 54.6 53.5 50.4 52.5 52.8 52.9 51.8 51.4 52 53.2 54.7 56 56.1 56.2 56.9 59.5 59.8 61.4 63.6 65.8 64.5 62.7 62.5 63 62.6 63.6 63.4 62.9 62.5 70.8 79.1 84.1 84.9 84.5 85 85 81.1 81.1 85.5 90.4 90.7 91 91.7 93.4 95 96.6 97 97.3 97.8 96.9 97.5 97.4 99.8 101.7 102.6 103.5 103.7 103.7 103.4 102.9 103 102.7 101.6 102 102.5 102.7 102.6 101.8 100.9 100.6 100.9 102 103.1 103.9 104.5 105.8 106.7
66.9 65.5 64.8 62.9 62 60.7 59.1 55.7 49.8 52.4 51.5 51 49.4 50.8 50.9 51.5 52.3 52.9 53.2 52.7 55.3 57.1 57.8 58 58.1 57.4 57.8 58.8 58.9 59.3 59.7 58.7 58.8 60.9 67.1 77.8 81.1 79.9 82 85.1 87.1 86.7 87.2 86.6 88.8 89 89.4 91.3 93.1 94.8 95.2 95.8 95.9 95.9 95.7 96.8 96.3 98.6 101.4 102.5 103.4 103.8 104.3 104 103.4 102.8 101.8 101.3 101 101.1 101.8 102.3 101.7 101 100.5 100.7 101.7 102.2 103.4 104.4 105.2 105.9
77 73.7 70.6 68.7 67.9 67.2 66.3 63.4 57.8 50.2 49.9 59.6 58.7 51.5 48.6 49.1 49.7 50.9 51.2 52.1 52.4 53.3 55.2 56 56.9 57 57.5 57.4 57.5 56.8 56.5 55.4 55.7 58.7 63.3 70.6 74 77.2 81 84.5 86.9 87.8 88.8 88.7 88 88 88.6 90.7 91.6 92.8 93.4 92.6 93 92.8 95.5 95.8 96.2 95.8 99.3 100.9 102.8 103.3 103.9 103.8 103.2 102.3 101.4 101 100.6 100.8 100.7 100.7 101.5 101.1 101.1 100.4 100.7 101.4 102.6 103.3 103.7 104.6
79.3 78 73.9 72.4 70.9 70.6 67.9 65.6 61.6 60 62.5 63.5 65.2 63.9 58.5 50.6 46.6 45.8 45.5 51.3 50.9 50.6 52.4 54.3 56.4 56.7 56.8 56.6 56.2 53.7 52.2 66.5 70.8 55 60.9 67.5 71.7 74.7 77.9 81.4 85.1 90 91.1 90 87.6 84.6 86.5 88.2 89.1 88.6 90 89.5 90 92.5 95.9 95.7 95.8 94.6 96 97.8 101.4 102.5 103.1 103.5 102.7 101.8 101.1 100.7 100.4 99.9 99.4 99.4 99.8 100.1 101.4 100.7 100.3 100.8 101.6 102 102.3 103.2
