app/static/ascii/SD81.asc
ncols 200
nrows 200
xllcorner 380000
yllcorner 410000
cellsize 50
[rows 105 to 139 of 200, columns 78 to 155 of 200]
246 231.5 236.2 233.6 231.3 227 224.7 223.7 223.1 224.4 225 224.5 222.7 220.2 219 217.8 217.1 211 209.2 207.2 205.2 205.8 207.6 208.8 207.2 205.8 204.6 203.8 202.8 201.2 199 198.1 192.3 188.3 167.9 163.9 163.1 162.6 168.6 181.3 186.7 186.8 185.7 184.8 181.6 180.1 178.1 175.3 173.5 172.2 171.5 169 167.1 169.6 172.9 176.9 179.2 180.1 180.6 183.8 184.4 184.6 182.8 182.2 182.3 182.3 181.7 179.4 178.3 178 174.9 173.1 173.6 172 171.7 170.3 166.1 163
246.2 233.7 229 225.9 227 226.2 224.3 222.2 221.9 222.9 223 222.4 220.4 216.8 218.4 216.3 214 211.4 208.9 206.8 204.7 205.8 207.1 208.2 209.2 207 205 205.6 202.1 199.9 196.4 195.1 191.3 189.8 181.4 166.7 164.5 165.2 161.5 175.5 182 183.7 182.7 182.3 179.8 176.4 172.8 171 168.3 166.8 166.5 166.9 165 165.6 169.3 171.2 174.8 175.9 179.1 180.6 181.4 181.5 180.7 180.1 179.4 179.1 178.5 176.2 175.2 175 172.5 171.4 170.2 169.4 168.8 168 165.5 162.9
248.8 236.3 234.3 229.2 221.3 226.2 223.6 222.2 221.1 219.2 219.6 217.3 216.2 214.1 214.9 215 214.4 212 209.8 206.7 205.4 205.1 207.1 206.3 205.1 205.5 206.6 205 202.3 200.5 197.6 195.4 188.5 185.1 183.4 180.9 178.1 169.7 161.9 162.2 176.4 179.8 179.9 178.7 177.6 172 169.4 169.6 167.3 166.3 165.5 163.9 163.9 163.3 164.4 166.3 169 174.1 177.1 178.6 179.7 178 178.5 177.9 177.7 176.5 175.3 172.4 172.3 171.8 167 168.2 167.7 166.1 165.2 165.5 164 156.7
243.8 235.5 230.6 227.3 219.3 226.9 223.9 220.8 219 217.3 216.1 214.5 213.6 212.6 212.4 213.1 213 212.6 211.1 208.8 206.3 203.2 205.9 204.6 203.7 203.9 205.1 204.3 202.4 200.2 194.8 188.6 184.9 178.8 179.4 178.3 176.8 173.9 165.7 163.1 165.8 174.1 174.3 173.1 168.4 168.2 168.5 169 168.7 167.8 166.4 164.4 162.8 161.6 162.3 164.6 167.6 169 174.5 175.7 177.3 175.8 174.3 174 173.8 172.6 173.1 169.7 168.4 167.3 165 166.1 165 163.8 164 158 156.6 155
240.2 240.7 233 227.3 222.5 219.1 218.2 220 213.5 208.1 205.4 207 209.8 209.9 210.8 211 212 211.6 210.2 208.3 205.4 200.7 204 202.7 201.4 201.6 200.7 195.2 196 194.4 187.9 185 179.4 176 174.2 174.4 173.7 170.8 165.4 158.1 166.8 168.4 168.5 169.4 168.3 168.6 169.2 169.6 168.6 167.8 166.7 165 163.2 162 161.2 162.2 164.9 167.3 168.2 171.9 173.6 172.3 170 170 170.6 173.6 172.7 168.1 165.6 162.4 162 163.5 165.6 162.9 157.7 157.1 155.8 154.3
249.5 247.7 239.8 226 225.8 224.2 218.8 212.7 210.4 217.8 215.9 211 204 209 212 212.2 211.6 210.7 210.3 207.8 204.3 196.3 200.9 199.8 198.8 195.8 194.1 190.9 191 187.7 184.9 180.5 175.2 171.5 169.3 168.9 165.7 161.5 155.1 157.9 167.1 168.2 168.8 168.4 168.1 168.5 168.9 169 168.2 167.1 167 165.7 163.7 162.5 159.9 159.8 160.5 162.4 165.7 169.1 169.3 169.4 167.8 169 171.1 172.1 169.2 165.1 161.2 159.3 159.1 157.7 164.4 162.3 157.6 156.5 155.5 152.4
245.7 244.2 239.2 231.1 224.8 221.7 222.6 220.6 218.6 219.2 214.7 207.6 198.6 208.4 209.6 210.6 210.5 210.2 207.5 202.4 198.5 190.3 194.7 193.9 191.4 190.3 189.4 188.2 184.9 181.9 178.8 175.8 170.5 167.9 165.7 164.8 160.7 155.4 155.1 158.2 167.5 168.8 169 168.6 168.4 169.3 169.9 173.7 174.9 175.5 168.8 167.4 164.9 162.6 160.5 159.6 158.9 160.5 160 160.6 163.9 165.1 166.1 168 170.3 169.5 166.2 161.9 158.4 157.2 154.2 154.1 153.5 152.6 152.5 155.3 154.4 149.9
232.2 231.3 232.5 226 221.7 224.9 225.6 223.3 221.8 218.2 211.4 203.6 200.5 205.5 204 204 205.8 205.7 204.6 198.6 194 182.9 188.4 187 187 185.9 186.4 185.4 181.7 178.6 176.3 172.9 168.8 165.2 162.7 158.9 154.6 154.1 156.9 169.4 170.1 170.5 171.1 174 179.2 185.6 185.7 191.1 185 180.8 183 181.1 168.7 164.6 160.3 159.5 158.6 157.7 157.5 158.2 160 159.9 161.3 164.1 166.1 164.6 163.3 159.7 157.6 155.8 156.1 163.5 163.2 164 165.4 164.9 164.9 162.7
233.1 227.9 228.6 230.5 229.2 221.3 216 217.6 216.3 212.8 208.7 199.9 195.3 201 199.8 198.9 198.3 199.2 197.9 193.4 189.2 183.5 183.3 182.9 182.6 181.6 180.3 178.2 177.7 175.8 174.4 171.9 169.3 163 153 152.3 152.8 153.6 171.4 175.5 178.8 181.5 180.8 184.6 187 184.1 183.9 191.5 191.1 189.7 183.2 179.6 173.4 169.3 163 161.3 159.1 157.1 156.7 155.9 156.5 157.3 157.9 160.6 161.9 160.9 159.4 158 156.5 154.5 158.9 162.3 164.2 165.5 167.4 166.3 165 162.6
227 226.5 225.5 225 226.9 223.9 220.9 216.7 211.5 205.9 203.7 201.2 193.2 197.2 198.5 196.6 195.1 194.8 192.9 190.3 187.6 185.3 179.4 178.8 177.4 176.1 174.8 173.6 172.5 171.9 171.9 171.8 167.9 159.8 152.1 152.7 158 175.6 184 186.3 187.3 187.5 186.7 186.3 188.2 188.9 190.3 191.5 190.8 189.9 187.4 184.5 181.5 178 171 164.3 161.2 158.8 157.3 155.5 155.8 155.5 157.4 157.5 157.6 157 156.7 156 154.7 157.5 158 160.3 164.2 166.7 166.6 164.7 162.9 155.2
237.6 234.6 231.1 225.9 218.8 219.3 218.9 214.5 211.8 206 202.2 199.5 193.2 190.6 195.2 195.2 193.8 192.3 190 188.6 186.7 184.6 181.5 178.4 175.4 173.8 165.5 161.8 163 167.7 165.6 162 164.2 158.1 149.7 169.8 179.7 185.6 187 189.1 189.5 188.1 187.1 186.3 187.6 188.5 189.6 191.4 192 192.6 191.9 191 189.2 184.4 175.6 171.8 165.2 161.6 159.3 157.6 156.3 155.2 156.3 157.2 156 155.4 155.1 155.6 156.3 156.7 157.9 160.8 165 165.1 164.2 162.9 156.7 154.8
236.7 234.2 230.1 226.7 220.7 216.3 214.6 212.5 209.9 206.9 200.8 202.2 202.1 195.5 189.6 186.2 182.3 180.9 180.6 181.7 181.5 180.5 179.7 179.3 178.1 176.5 174.4 172.7 169.8 164.1 154.8 149.4 149.2 149.2 162.7 179.8 185.1 188 190 191.2 190.9 189.6 188.1 187.7 187.5 188.2 189.7 192.1 194 197.1 198.6 198.9 196.6 193.6 187.8 178.8 171.5 165 162.4 161 158.3 156.7 155.9 155.5 156 155.9 155.6 156.2 156.8 157 158.9 162.3 163.7 164 162.7 157 155.3 154
235.4 233.2 231.1 227.5 223.2 218.5 212.9 211.2 209.1 203.2 203.2 209.9 209.1 207.8 204.9 203.4 200.8 198.7 193.4 186.8 176.9 172.1 168.7 167 168.5 171.5 170.2 159.8 157.5 160.5 168.1 173.1 168.5 147.2 170 181.4 184.9 187.6 190.1 191.4 190.7 189.4 188.3 188.6 188.2 188.4 190.3 193.3 196.9 200.7 202.9 202.9 200.9 197.8 193 186.3 177.8 168.7 165.7 163.9 161.1 158.9 158.9 156.4 156.6 156.7 156.3 156.9 157.4 158.2 159.9 162.8 161.9 161.6 157.8 155.9 154.3 152.6
234.9 231.9 228.6 225.9 222.7 220.5 218.7 213.5 204.8 201.1 208.7 214.1 214 212.4 210.7 208.1 206.2 202.9 199.6 197 189.3 187.2 186.3 183.2 183.1 182.6 182 177.9 175.9 174.5 173.9 171.7 167.3 148.4 175.7 182.7 184.4 185 189 190.3 190.2 189.1 188.4 189 188.2 188.3 190.6 194 198 201.5 202 201.1 199.3 197.9 194.4 189.8 183.9 174 168.5 166.2 163.7 161.8 160.7 157.1 157.2 157.4 157 158.1 159.3 160.8 161.7 161.1 160.5 158.7 155.8 154.5 153.1 151.8
232.1 229 225.2 221.8 219.6 217.6 214.7 210.4 199.8 201.8 213.2 217.1 218.3 217.2 214.8 212 209.1 206.1 203.5 200.5 198 197.2 194.6 192.8 189.4 185.5 184.8 183.7 179.4 177.3 175.3 172.4 163.2 153.1 178.6 181.5 182.9 183.1 185.1 186.3 187.1 185.9 187.3 187.6 188 188 190.5 193.5 196.5 198 197.6 196.8 195.5 193 191 188.9 185.1 180.1 173.7 168.9 166.4 164.4 162.3 159.9 161.6 161.1 161.9 162.2 162.2 161.8 161.7 160.9 160.1 155 154.2 153 151 149.6
228.6 224.9 221.3 217.2 216 213.5 210 201.7 199 205.2 214.9 219.2 221.5 219.4 217 214.5 212.4 210.2 207.5 204.7 202.8 201.4 199.4 198.7 198.6 194.8 190.9 187.2 182.1 178.7 176.5 170.7 160.1 153.5 176 179.3 181.3 182.5 183.8 183.9 184.6 185.7 184.9 185.6 186.6 187.2 189.3 191.9 194.3 193.7 193.4 192.2 190.8 190.1 189.1 187.2 184.9 181.5 177.1 171.3 167.8 165.8 165 164.6 164.7 164.2 164 164.5 162.7 161.6 160.7 158.7 157.4 155.2 154 152.4 149 147.5
225.1 221.5 217 214 211.4 208.7 206.2 197.9 201.2 208.9 215.9 220 219.7 218.7 217.4 216.1 214.7 213.3 211.3 209 207.7 205.9 204.5 204.5 203.1 199.6 195.2 190.3 183.3 181.8 178.3 172.1 159.4 155 171.8 177.4 180.4 181.8 182.9 183.9 185.2 183.6 183.9 184.3 185.1 186.2 187.7 190.4 191.9 191.1 189.7 188.9 187.9 187 185.6 184.1 181.2 178.7 175 171.6 169.6 169.3 167.3 166.6 165.6 165 164.8 165 160.6 159.2 157.7 155.8 154.4 153.3 151.5 150.6 147.9 145.9
221.5 219.9 216.5 212.7 209.1 203.4 200.8 200.5 206.4 209.7 216.6 219.7 220.3 219.6 218.7 216.9 215.6 214.4 213.6 212.1 209.4 207.6 206.1 204.2 201.8 199.2 195.7 191 183.5 180.8 180.2 172.2 157.9 157.9 170.6 176.2 180.3 181.1 182 183.4 182.3 182 182.5 182.9 183.6 185.2 187.3 188.3 188.3 187.7 186 184.6 183.9 183.4 181.8 179.6 178.1 175.9 174.2 171.4 170.3 169.4 167.9 166.2 164.3 163.7 161.8 161 157.2 155.3 154 154.1 153.4 152.1 150.5 149.3 147.4 145.5
219.3 217.9 215.9 209.7 205.6 201.4 197.1 205.3 207.4 210.5 216.7 219.4 220.2 219.7 218.2 215.9 215.1 213.5 212.1 211.2 208.8 205.7 202.6 199.8 197.3 195.6 191 187.3 182.8 181.8 178.3 171.2 154.9 157.6 171.2 176.4 178.9 180.7 181.3 183.9 181.3 181.2 181.2 181.1 181.2 182.9 184.5 185.2 184.9 183.6 182 180.8 180.3 179.7 179 177.9 175.5 174 172.8 170.5 169 167.9 166.3 164.1 162.4 160.9 158.4 155.4 154.3 152.9 152.5 152.6 153.5 152.6 150.9 150.8 148.7 146.7
215 216 215.5 208.8 203.5 197 198.4 206.3 208.6 211.3 216.3 219.8 219.6 217.1 215.2 214 212.2 210.2 208 205.6 203.3 200.9 198.5 195.4 192.2 189.4 186.5 184.3 184 180.9 175.2 166.2 151.5 160.8 171.1 176.7 178.8 180.6 182.5 183.6 181.1 179.9 178.9 178.7 179.1 179.6 180.6 181.1 181.1 180.3 179.3 178.2 177.9 177.4 176.7 176 175.3 173.9 171.8 169.7 167.9 166.1 164.3 162.5 160.4 158.7 155.9 154.3 153.6 153 152.3 151.9 152.3 153.5 151.9 150.8 148.5 146.6
217.5 217.1 212.8 204.9 202.9 195.6 195.6 205.7 208.6 211.4 216.9 218.4 216.2 213.8 211.9 209 206.6 203.9 202.1 198.9 196.5 195.8 195.1 192.2 189.4 187.2 186.5 186.3 183.1 178.9 171.3 161.9 143.3 161.5 172.1 176.5 179.1 180.5 181.9 180.1 178.8 175.3 176.2 176 175.6 175.9 176.5 176.8 176.6 176.4 176.1 175.9 175.9 176.3 176.1 175.2 174.3 174 171.4 169 166.6 164.5 163.1 161.1 158.6 157.1 154.7 154.2 153.7 152.8 151.8 151.5 151.5 153.4 152.7 150.4 148.4 145.3
209.7 211.3 206.6 202.5 200.4 194.1 190.8 202.7 207.6 211.6 215.5 214.1 210.9 208.5 205.4 203 200.4 197.1 194.7 192.2 190 191.9 191.8 188.9 187.3 186.1 185.8 184.9 181.5 174.1 164.6 149.8 157.9 168.2 170.8 174.9 177.8 179.5 179.8 177.4 174.6 173.2 173.1 172.6 172.5 172.5 172.7 172.8 172.7 173 172.8 173.9 174.3 175 175.2 174.1 173.2 170.9 169.2 168 166.6 164.6 162.1 159.4 157 155.1 154.2 153.6 152.8 152.3 151.5 151.2 151.7 152.5 151.6 148.1 147.9 144
197.6 206.7 203.1 199.5 196.9 193.9 182.6 197.5 205.7 209.9 211.4 208.8 205.5 202.4 199.1 196.1 192.9 189.3 187.4 185.3 182.5 184.8 184.5 183.5 182.1 180.6 178.8 176.1 171.4 165.6 159 146 164.4 169 171.4 173.2 174.7 177 175.9 174.2 172.3 171.2 170.1 170 169.9 169.6 169.7 169.9 170 171.1 171 172.8 172.8 173 171.9 170.4 170 169.6 168.4 166.6 165.7 163.5 161.1 158.7 154.8 153.8 153.2 153.4 153.3 152.5 151.4 148.2 149.7 150.3 149.7 148.1 147.2 145.2
190.4 191.3 194.2 194.2 191.9 186.4 178.4 194.6 200 205.5 206 203.5 200.5 197.5 193.2 190.7 188.4 184.5 181.7 180.3 180.2 179.8 178.8 177.1 174.8 172.3 170 167.7 165.4 160.2 139.6 163.3 167.8 168 168.8 170.7 172 172.2 172.3 169.7 168.6 167.5 166.9 167.5 167.4 167.2 167.3 167.4 167.6 168.7 169.3 170.8 171.6 171.1 170.9 169.5 169.2 168.4 165.1 163.1 162.5 161.5 158.7 155.1 155 154.1 153.8 153.6 153 152.3 151.7 151.2 148.2 146.1 147.3 145.9 144 142.1
181 176.5 175.3 175.5 177.2 175.8 171.9 183.4 193 196.1 198 196 194.5 192 189.2 188.4 184.6 180.7 180.5 179.9 179.3 174.9 172 170.1 168.5 167.4 166.9 165.7 165.1 160.6 137.8 148.7 167.6 168.3 169.5 167.9 165.5 167.5 167.6 166 163.8 164.4 165 165.2 165.7 164.3 164 163.7 164.2 165.7 166.7 167.9 168.4 169.1 170.4 169.3 167.9 164.9 163.1 159.2 157.8 156.3 155.7 155.4 155.6 154.8 154.5 154.2 153.4 152.6 152.5 151.1 148.4 144.4 144.2 144.4 143.7 142.5
172.1 171.7 171.2 169.5 166.5 164.3 161.9 160.6 174.1 180.3 186.2 184.3 180.7 182.1 181.5 180.3 177.6 174.6 175.2 173.5 171.4 169.2 168 166 164 164.1 164 157.2 154 150.5 139.5 140.2 164.1 167.7 164.3 162.3 160.5 160.5 161.8 161.5 161 160.6 162 164.6 165.3 164.9 163.3 161.9 161.6 162.3 162.9 164.1 165 164.3 163.4 164.8 165.3 163.5 159.9 158.6 158.9 156.8 159.3 159.5 157.7 155.4 155.1 154.6 153.8 153 147.4 146.1 145.4 144.8 144.4 144.1 143.8 143.5
196 191.2 183.5 176.6 173.2 167.9 160.8 161.8 160.6 160.3 168.3 173.2 176 176.9 183.6 181.3 177.3 172.7 170.9 169.3 168 167.5 166.6 166.3 166.7 166.1 163.5 144.5 141.3 139.2 137.2 137 163.3 165 162.7 162.2 159.9 159.5 159 158.6 158.6 158.7 159.9 161.2 163.2 159.7 160 160.9 160.5 160.1 160.9 161.6 162 161.6 161.9 161.7 161.2 160.8 162.5 164 159.4 159.3 160.3 159.6 158.5 157.6 156.3 154.6 153.1 151.6 146.2 145.5 145.5 144.3 144.1 143.8 143.3 144.1
211.4 205.4 196.9 186.6 182 180.4 177.7 173.5 176.8 170.8 156.8 159.5 164.7 171.9 182.1 179.3 172.8 169.7 168.5 168.1 167.5 167.3 167 166.7 167.2 166.7 149.2 140.6 136.4 132.5 130.5 139.7 169.2 165.6 162.5 163.5 163.8 163.3 159.5 157.4 156.9 157.3 157.2 158.4 159.6 158.5 158.2 158.2 158.2 158.2 159.1 160.3 161 160.7 160.8 160.2 160.4 161 161.4 161.5 159 160 159.7 159.5 158.3 157.4 155.7 153.5 152.7 151.8 148.8 145.4 144.9 143.5 142.9 143.4 144.2 144.5
213.1 206.3 200.3 193.7 186.1 184.5 179.1 172.3 171.8 174.6 171.3 156.5 147.8 155.6 169.2 171 168.5 167.7 167.5 167.6 167.7 167.4 167.1 166.4 166.4 165.1 145.3 135.2 125.6 120 131.6 171.5 174.8 173.6 171.8 169.6 167.7 166.8 164.5 161.5 158.4 156.3 157.5 156.6 157.4 157.6 157.3 156.9 156.7 156.8 157.6 159.4 160.3 160.1 159.8 159.4 159.5 159.7 159.5 158.2 157.9 159 158.9 158 157.2 155.9 154.1 153.1 152.5 152.2 149.3 143.7 142.5 139.6 139.9 140.3 143.8 144.2
211.4 204.1 196.3 191.3 189.4 183.5 177.2 173.8 172.8 171.1 169.8 169.3 165.2 145.1 151.7 167.7 171.4 169.1 167.1 167.4 167.6 166.4 166.4 165.7 163.3 151 143.1 127.6 119.4 132.3 159.9 176.4 175.5 174.1 172.6 170.6 168.5 166.7 165 162.4 159.7 157.8 157.1 156.7 156 156.4 156.3 156 155.5 155.5 156.1 158.1 158.3 159.6 158.5 158.9 159.4 159.6 159.6 157.9 156.3 156.6 155.6 154.5 154.4 154.2 153.9 153.3 152.8 153.3 149.5 145.3 143.1 141.7 140.2 139.7 140.5 138
205.5 200.6 193.2 190.8 190.3 183.9 172.1 174 171 169.5 169 168.8 166.9 152.2 146.7 170.5 180 177.3 169.4 168 166.2 165.7 160.2 153 151 145.4 133.6 116.1 125.5 144.2 176.1 176.6 175.1 173.3 171.3 168.9 167.3 165.2 163.3 161.2 160.3 157.9 157.5 157.2 156.1 155.3 155.1 155.1 154.6 154.2 154.4 154.3 154.7 155.2 156.8 157.8 158.6 159.7 159.6 158.1 155.7 154.8 156.1 155.9 155.9 155.3 154.1 153.4 153.5 152.8 151.4 150.2 145.5 143.3 142.5 143 145 145.6
198.9 194.1 187.4 187.4 185.9 181 176.2 172 172.1 170.7 166.5 161.3 154.4 146.9 148.3 185.2 186.1 180 174.9 168.9 162 158.9 160.7 146.4 143.1 136.4 122.6 119.9 136.6 162.8 176.5 175.2 173.1 171.2 168.5 166 164.2 162.6 160.4 160.3 160.1 158.8 157.6 157.7 156.4 155.5 155.2 154.4 153.6 153.3 153.2 152.9 152.6 152.4 154 155 156.4 157.6 158.7 157.3 155.7 154.5 155.2 156.4 155.7 154.7 153.8 152.6 152.2 151.5 151.5 149.6 147.5 145.2 143 144.1 146.3 147.5
194.2 189 185.8 183.3 180.3 178.4 175 167.1 172.4 173.3 163 150.3 144.5 140.1 152.8 187.5 184 179.1 174.4 170.4 163.3 160.7 161.8 144.7 136.6 132 113.2 127 149.8 175 174.5 172.6 170.6 169 166.1 164.6 162.1 159.8 158.2 159.6 159.4 159.5 158.2 155.6 156.1 155.3 155 154.3 153.2 152.7 152.5 152.2 151.9 151.8 152.5 153.4 154 155.3 156.3 155.7 154.5 154.2 154.6 154.9 154.2 153.1 152.4 151.6 150.9 150.6 150.5 148.7 147.1 144.3 141.4 139.8 140.6 145.3
200.6 197 187.8 182.4 177.5 171.8 171.9 168.5 165.8 160.8 148.3 141 139.6 149.3 179.7 180.9 178.9 176.2 172.8 169.4 167.5 165.6 160 144.3 135.1 127.2 114.5 142.7 175.3 174.7 173.1 171.6 170.4 168.4 165 163.3 160.8 158.3 156.9 158.8 159 158.7 157.7 155.2 154.4 154.6 154.5 154 153.3 152 151.6 151.4 151.4 151.4 151.6 152.2 152.7 153.5 153.8 153.5 152.8 152.5 152.7 152.6 151.5 150.8 150.5 150.3 150.1 149.5 148.7 146.9 144.6 141.8 139.7 137.8 138 139.8
197.6 192.4 182.6 176.9 174.3 169.4 164 160.2 158.4 153.3 143.3 136 145.4 165 172 173 173.4 173.7 170.6 170.2 168.7 166.3 159 142.1 127.7 114 147.5 171.9 173.3 173.4 171.9 171.4 169.5 166.4 164.4 161.9 159.8 157.9 155.1 155.3 154.5 153.5 151.7 150.7 149.9 150.7 152.1 151.7 151.1 150.2 150.8 151.3 151.4 151.4 151.8 152 151.7 152.2 152 151.5 151.5 151.1 150.8 150.6 150.4 150.2 150 150 149.7 148.5 146.4 144.5 142 140.1 138.2 136.6 136.5 138
