app/static/ascii/SD82.asc
ncols 200
nrows 200
xllcorner 380000
yllcorner 420000
cellsize 50
[rows 105 to 139 of 200, columns 0 to 77 of 200]
374.1 370.4 364.6 359.3 350.3 340.7 331 317.8 301.7 294.4 289.5 285.5 281.9 274.6 254.3 228.5 216.4 205.8 195.6 195.3 196.9 202.4 208.1 212.3 216 219.4 223.1 232.1 241.4 252.2 259.3 265.5 273.6 286.9 301.9 314.2 321.1 325.5 331.1 333.8 336.4 338.7 340.2 341.7 342.7 340.7 338.9 337.2 335.4 333.7 332 330.2 328.8 326.6 323.9 319 313.2 309.5 305 299.4 293.7 291.6 290.2 290.3 288.1 285.4 282.2 278.3 273.5 268.5 263.5 259.2 252.6 241.6 244.3 255.1 258.9 261.5
375.6 372.4 365.5 360.3 350.5 340 329.2 314.1 300.7 294.3 289.5 285.2 281.7 272.2 246.8 226 213 200.9 194.2 194.7 195.8 201.9 206.9 211.1 214.4 217.9 221.7 227.9 241.7 250.1 257.9 264.4 271.7 284.1 300.6 312 320 323.7 327 331.9 334.3 337.2 340.2 342.3 343.5 342 340 338 335.6 333.9 332.2 330.4 328.1 325.9 322.6 318.2 314.3 308.7 301.1 294 290.7 284.6 283.6 283.3 282.6 280.4 278.7 275.5 272.1 267.2 264.1 258.6 248.5 240.9 247.2 255.6 259.7 258.5
377.4 372.8 366.7 361.2 350.3 339.7 327.4 309.5 300 294.2 289.9 284.5 280.4 270.3 247.3 225 211.4 195 193.6 194.9 195.7 204.2 205.9 210.1 213.2 216.4 220.8 229.1 242 249.6 255 262.4 270 277.7 293.7 306.7 315.9 320.9 324.2 329.6 333.9 336.7 340 342.6 343.6 343.1 341.9 339.9 337 334.1 332.4 330.5 327.9 325.4 321.6 317.6 313 306.1 300.4 293.4 286.4 281.6 279.7 279.4 278.7 277.7 276.7 275.4 273.2 268 263.3 259 240.3 239.4 254.4 262.2 263.8 262.9
379.2 374.6 368 362 349 338 324.6 307.5 299.7 294 287 284.7 276.9 264 245.5 226.2 206.4 192.1 192.9 194.2 195.6 203.8 205.9 209.3 213.1 215.8 219.3 225.5 235.2 244.1 250.8 260.2 267 273.5 284.7 298.3 306.8 313.4 321.5 327 332.9 336.4 339.8 342.9 343.6 343.5 342.8 341.6 338.8 335.7 332.7 330.4 327.8 325.2 321.5 317.3 311.3 303.8 299.5 290.4 284.3 279.2 275.3 275 274.7 275.6 275.5 275.2 271.7 266.7 263.2 258.2 238.5 244.5 256.7 263.9 265.4 265.2
381.9 377.1 369.3 360.8 347.4 337.4 321.6 309.1 300 294.1 289.6 284.2 267.5 252.2 234.2 221.4 200.3 192.9 194.9 194.2 201.8 202.9 205.5 210.5 216.3 220.6 221.3 221.6 226 231.5 241.6 254.6 262.9 269.3 278.1 287.7 296 311.9 320.3 326 331.6 335.5 339.4 342.4 343 343.5 342.9 341.5 339.4 336.5 333.6 330.9 327.7 325.1 321.6 317.9 311.7 304.3 298 289.3 281.9 276.3 272.9 271.8 270.9 271.7 270.8 269.5 267.3 264.9 262.4 259.1 237.9 239.4 257.1 264.4 266.7 266.7
384.4 378.6 370.3 359.4 348 337.2 320.8 308.7 300.6 295 288.7 275.1 260.8 243.2 228.4 215.5 194.4 192.1 194.4 201.5 200.2 202 206.2 209.4 214.9 222.6 227.8 228.3 232.6 237 239.5 245.4 255.6 263.7 273.2 285.2 297.7 309.5 318.5 324.6 329.3 335.1 338.4 341 340.8 341.1 341.9 341.2 339.3 337.1 334.4 331.7 328.9 324.3 319.8 317.6 310.4 303.6 296.2 286.7 279.4 274.5 269.9 268 267.8 268.1 266.5 265.1 264.3 263 261.7 258.6 239.6 239.1 257.4 265.6 267.7 267.6
385.8 379.7 370.1 359 348.7 334.6 319.1 309.1 301.8 295.9 288.1 271.6 252.6 235 221.1 205.8 189.2 194.1 201.3 201.4 201.3 201.9 206.2 210.3 214.2 218.1 226.6 241.2 248.1 253.4 255.6 255.3 259.5 266.9 274.5 282.9 294.4 306.3 315.8 322.2 326.9 334.1 337 339.1 339.2 338.6 338.5 338.2 339 337.6 335 331.7 327.1 322.3 318.4 313.4 307.9 300.9 290.8 283.6 280.6 276.7 272.1 267 260.5 260 259.9 260.5 260.6 260.2 258.5 253.2 237.1 235.5 259.3 266.2 268.4 268.6
386.9 380.4 371.9 359.9 348.8 334.9 317.5 310.2 301.7 296.3 289.2 272.5 252.8 234.1 217.8 199.6 190.3 194.1 200.3 201.3 200.9 201.3 206 210.5 214.7 220.8 229.9 242.9 252 258.5 261.7 263.1 264 267.4 273.6 281.5 289.7 301.2 313 319.7 324.5 331 335.4 337.1 337.6 337 336.2 336.5 337.9 337.4 335 331.5 326.9 323.2 317.6 311.3 302.6 297.4 288.8 287.6 284.7 280.8 276.9 272.5 267.9 263 250.9 254.3 256.7 256.7 253.2 243.5 235.4 244.1 260.5 265.7 269.4 269.7
388.8 381.8 373 360.4 348.9 335.2 317.6 309.1 302.8 296.9 290.8 274.2 257.1 235.1 221.9 197.2 190.4 193.1 197.1 199.1 198.5 202.6 207.2 210.3 214.9 221.5 230.4 244 254.3 261.3 264.3 265.8 267.1 269.1 272.8 280.2 286.9 296.8 308.5 317.4 322.7 327.3 333.7 335.4 335.9 335 334.1 332.8 332.9 333.7 334.1 331.3 327.7 324 319.2 313.2 308.8 303.3 296.4 292.2 288.9 285.8 281.9 276 272.1 268 259.2 248.3 250.8 244.3 235.8 234.1 233.2 253.4 262.6 267.4 269.7 270.8
390.6 383.2 374.4 359.4 348.5 332.7 316.8 307.7 302.2 298 292.5 277 262.2 238.7 224.9 200.8 189.3 190.1 189.4 194.3 197.7 203.9 207.5 210.1 213 216.6 226.9 243.7 255.7 262.1 265.9 267.3 268.1 269.5 273.2 277.8 283 291.7 303.7 313.3 321.2 325.5 330.5 334.1 334.9 333.9 333.1 331.6 329.7 329 329.2 328.9 326.1 323.8 319.8 316.1 313.3 310.1 305.6 302.1 299 294.7 289.6 283.3 277.8 271.5 265.2 252.1 236.6 233.5 233.2 232.8 251.8 258.3 263.5 267.8 271.7 271.3
392.7 384.5 374.2 360 347.8 334.3 316.2 307.6 302.6 298.2 290.4 276.6 263.8 239.5 225.9 205.8 187.9 188 188 191.1 202.3 204.9 207.5 210.9 212.5 217.1 224 242 255.1 261 265.5 267.5 268.5 269.9 271.6 274 279.7 287.2 298 310.1 318.1 324.1 328.1 333.1 333.6 333 332 329.9 327.9 326.7 326.4 326.4 325.2 322.6 320.2 318.5 317.7 316.4 313.3 309.9 306.7 302.8 298.2 291.8 282.8 276.2 269 257.7 232.6 231.5 232.6 251.2 258.2 261 264.9 268 272.7 272.5
394.4 384.6 372.9 359.6 347.3 330.3 315.1 307 302 295.3 283.7 275.2 259.8 238.6 224.9 210.5 187.9 187.6 187.6 190.7 198.9 207.2 209.1 210.8 212.1 216.3 223.5 238.6 251.7 259 264.1 268.1 268.5 269.3 270.4 272.7 276.7 281.8 291.8 305.8 314.8 321.9 325.3 328.9 331.7 331.6 330.7 328.6 326.8 325.4 324.1 324 322.9 321.5 320.4 320.6 320 319.9 318.2 315.7 312.3 308.3 303.4 297.3 287.8 280.7 273 254.8 231.8 231.3 233.9 253 258.4 261.8 265.3 268.3 271.8 273.7
395.1 385.2 372.1 359.5 345.4 328.4 313.9 306.9 299 288.4 281.7 269.2 248.8 235.8 223.7 208.7 196.9 185.1 186.5 187.6 197.1 206.7 209.2 210.8 212.2 215 221.5 232.6 246.6 255.7 261.7 267.9 267.4 268.7 268.6 270.8 272.7 277.4 285.5 299.4 310.2 318.2 322.6 326.9 329.7 329.9 329.6 328.6 325.8 324.2 322.8 321.6 320.7 320.4 320.1 320.3 320.3 320.7 320.5 318.2 315.6 312.2 308 302.4 294.5 285.2 276.7 255.7 231.3 229.7 232.4 252.5 257 262.3 265.2 267.7 271.6 272.8
393.1 384.5 371.1 358.4 343.7 325.2 313.3 305.3 294 286.7 277.2 258.6 242.6 233.2 221.4 206.8 196.7 189.7 185.6 188.3 200.9 203.5 205.1 210.9 212.9 214.7 218.3 225.3 238.4 250 256.7 261.7 264 265.8 266 268.1 269.6 273.1 279.2 289.9 303.5 313.7 320.2 324.7 328.3 329.7 329.6 328.2 325.2 323.1 321.6 320.3 319.2 319 319 319 319.8 320 320.1 319.6 317.3 314.8 311.6 307.1 300.5 290.7 280.7 263 232 228.6 229.4 246.1 256.8 262.1 264.7 266.7 271.2 272.3
390.9 382.9 369.5 356.3 341 322.1 311.7 301.6 291.6 284.8 270.2 250.2 238 225.2 217.3 204.8 198 190.1 185 186.4 197.7 201.2 204.4 210.8 212.2 214.2 216.7 222 228.7 238.4 247.9 253.4 253.9 252.9 259.3 264.2 266.6 270 274.5 281 295.5 308.9 318.2 324.7 326.3 328.5 328.6 327.4 324.5 321.9 319.4 318.3 317.3 317.1 317.2 317.8 318.9 319.4 319.7 319.6 319.1 316.6 314.3 310.9 304.8 296 284.6 270 238 228.4 227.5 234.4 255.3 259.8 263 265.5 270.9 271.9
391 378.6 365.4 352 335.2 319 310.4 298.2 289.4 281.7 259.6 244.9 232.6 220.2 212 203 197.5 188.8 185 185.5 195.2 200 202.7 210 211.6 213.7 216.1 219.3 223.6 227.6 234 240.4 241.8 243.5 253.5 259.5 264.4 268 271.7 276.1 284.5 300.9 315.5 322.9 325.3 324.6 323.6 320.8 318.1 316.2 314.1 313.7 314.6 315.3 316.2 317 317.9 318.7 319.1 319.3 319.1 318.4 316.4 313.9 308.8 299.4 287.2 274.5 250.1 226.1 227.2 230.3 251 257.4 261.3 264.4 270.7 271.7
389.1 373.6 360.5 343.4 326.2 317.4 308.8 295.6 288.9 277.1 253.4 241 228.1 219.2 208.4 199 196 186.9 184.2 184.8 194.5 198.7 201.5 207.3 212.3 213.9 215.8 217.5 220 222.6 225.3 226.7 228.8 237.5 246.3 253.6 259.9 261.9 268.9 273.1 278.7 286.6 302.8 315.4 321 321 318.5 315.2 310.8 307.8 306.5 306.6 306.2 311.1 315.4 316.1 316.9 318.1 319 318.8 318.8 319.5 318.4 316.2 311.8 303.2 290.2 278.8 253.8 225.1 225.8 227.8 244.7 255.5 259.3 262.6 266.1 269.3
378.9 363.9 347.1 334.2 322.8 316 306.5 294.8 287.9 272.3 250.7 236.5 223.6 213.4 207.9 201.6 194.5 186.2 182.7 184 192.1 197.7 199.8 202.4 207.5 213.2 214.8 217.3 219.7 221 220.5 222.7 225.2 231.5 239 247.8 255.3 261.5 267.8 272.5 274.1 278.4 284.2 293.7 304.8 310.2 307.9 305.2 300.3 298.6 299.2 296.1 298 306.4 312.3 314.3 315.8 317.3 318.2 318.6 319.1 320.5 319.9 317.7 314 307.2 294.6 281.8 256.1 230 225 226.6 236.3 254 256.7 259.1 262.8 267.4
362.2 348.1 336.8 327.5 321.2 314.6 305.5 295.1 286.1 264.8 247.5 232.3 220.1 212.1 203.7 200.6 195.8 186.4 182.1 183.1 189.8 196.1 198.9 201.8 205.5 211.4 213.2 215.3 219.3 219.2 215.8 219.1 223.9 227.4 232.6 242.9 249.9 254 269.3 270.4 261.9 273.7 276.1 279.6 283.7 287.5 287.8 288.5 288 285.6 283.9 276.4 295.4 302.2 307.7 312.5 314.5 316.5 317.6 318.5 318.4 319.1 318.3 318.6 315.4 309.7 297.2 284.3 257.3 231 224.2 224.6 230.9 251.5 253.3 256.1 260.1 264
340.6 335.9 331.4 324.9 319.5 312.1 302.2 293.6 282.3 258.3 243.4 229.9 218.5 209.3 203 197 193.9 184.4 180.9 181.9 188.5 193.6 196 200.9 204 207.3 209.9 212 215.3 214.4 216 220.9 228.4 231.4 232.7 239.4 245.7 250.3 255.3 261.9 264.8 260.3 271.1 271.9 272.7 273.5 275.3 276.4 274.7 270.9 267.3 274.4 286.9 295.8 302.5 309.5 313.9 315.1 317.6 318.4 318.1 317.4 317 318 316 311 298.9 286.8 259.8 234.1 223.7 223.1 224.5 247.4 248.9 250.6 255.9 260.6
332.8 328.8 325.7 322.5 316.7 308.2 298.8 290.5 271 250.5 237.2 226 213.8 206.7 199.7 197.5 195.8 188.7 180.3 180.2 183.9 192.2 193.3 199 203.2 205.3 207.3 209.3 210.6 208.1 215 218.8 224.4 228.4 231.4 233.4 239.3 245.3 250.3 254.3 257.7 263.5 265.9 267.1 267 266.5 267.3 265.9 261.6 259.2 253.2 264.2 276.2 290.5 299.3 305.7 311.3 314.5 316.5 316.2 316.2 316.8 315.6 316.1 316.3 309.8 299.2 287 263 239.6 222.8 222.7 223.5 239.4 243.1 246 246.9 259.4
331.1 328.3 325 320.3 313.8 303.3 294.6 277.1 257.6 243.6 229.9 220 211.9 206.3 205.6 202.4 196.7 192.2 180.3 179.7 179.8 182.4 190.9 191.7 202.1 204.8 203.5 202.1 208.4 215.4 215.6 218.5 221.4 224.3 226.8 230.9 237.4 239.9 244.5 246 249.7 254.4 257.4 260.4 261.3 260.9 260.2 257.6 252.6 247.4 247.6 254.3 267.6 284 294.1 302.9 309.2 313.6 314.9 315.3 316.7 317.5 316.2 312.7 312.3 306.2 296.8 286.3 271.9 245.9 221.7 222.2 222.8 226.9 235.7 236.8 250.4 259
331.4 328.4 324 317.8 304.4 292.2 280.8 265.1 247 230.9 228.1 222.7 218.5 211.8 207.4 202.6 199.2 193.7 180.8 179.8 178.8 180.7 183.8 191.2 199.3 201.3 204.9 207.9 208.9 210.2 216 218 223.1 223.6 227.1 234.1 235.2 235.4 237 238.2 240.4 244.6 248.6 250.5 252.5 251.1 249 246.9 242.3 236.3 243.7 252.4 261.3 279.2 291.1 300.6 308.6 313.3 314.9 315.4 317.9 318.1 317.1 313.8 305.4 300 292.8 285.4 276.4 256.3 226.8 222.2 222.7 226.4 232.3 240.3 248.6 255.3
331.1 328.3 323.2 317.1 307.8 297.6 269.9 254.6 251.6 246.9 241.9 235.3 229.3 221.9 210.9 203.8 197.9 194 181 179.7 178.6 177.7 182.4 185.6 196.5 200 202 207.2 208.9 209.2 211 215.4 218.5 219 221.3 226.8 226.2 226.9 230.2 232.4 233.7 236 239.5 241.5 243.3 240.4 239.2 237.7 232.5 236.2 248.7 256.3 263.7 277.7 287.7 298.1 307.8 313.7 315 316.3 316.8 315.1 313.9 311.1 305.6 299.3 292.9 283.6 276.5 263.6 233.4 221.7 222.2 232.5 234.3 236.8 239.2 251.4
332.4 329.1 324 318.7 309.7 299.7 289.8 278.8 267.6 260.9 254.3 247 237.3 230.6 217 208 199.9 194.3 189 179.3 178.2 176.7 180.1 185.5 195 199.8 201 202.9 206.4 208.3 208.2 212.5 212.4 212 214.7 219.6 223.6 222.6 225.2 227.3 228.4 231.5 230.6 230.5 229.1 231 231.3 230.1 231 239.4 252.3 257.6 265.1 276.6 287.1 296.2 307.8 314.2 315.4 316.3 314.4 313.2 311.1 308.8 305.1 300 293 284 276.7 265.4 240.4 221.7 221.5 230.3 233.5 234.9 236.3 249.7
333.6 331.2 328.8 326.1 322 317.6 311.3 305.2 293.4 281.3 265.1 253.4 242.9 235.9 222.8 212.1 204.1 196.5 192.4 180.3 177.8 176.1 175.6 183.6 188.8 196.7 198.8 199.6 201.4 206 207.7 207.2 208.7 208.1 211.4 213.9 219 221.4 221.8 223.1 224.1 224.9 225.5 224.7 225.4 225.7 227.4 228.9 230.2 243 253.3 258.1 263.2 274.9 286 295.8 307.3 314.6 315.8 314.9 314 312.4 310.7 308.1 305.1 300.3 294.5 286 278.2 266.4 253.2 227.4 220.1 226 231.8 233.4 236.4 243.4
335.8 333.7 331.8 329.5 326.7 325.7 319.6 311.2 304.4 283.4 264.3 254.4 245.6 237.8 224.4 215.3 208.3 200 193.8 191.3 179.1 175.7 174.7 177.7 181.4 187.7 196.4 197.6 198.3 202 205.3 206.5 204.7 206.2 209 211.8 213.1 216.4 221.1 225 223.6 220.7 220.6 220.2 223.4 225.3 226.7 227.9 231.5 244 252.7 257.9 263.5 272.1 284.2 295.9 305.7 312.8 315.4 314.9 313.6 312.1 310.5 308 305.3 301.8 296.4 288.8 278.9 270.3 267.3 249.8 220 221.8 230 234.2 235.9 240
338.3 336.2 334.3 332.5 330.8 324 316.6 305.8 284.4 269.9 260.5 252.3 244.5 235 224.1 218.1 212.3 204.1 196 191.8 189.2 176.2 174.5 173.8 176.3 182.7 193.4 195.6 195.8 199.5 201.7 204.5 202.7 203.4 208.6 208.7 209 211.4 213.9 218.8 224.4 225.5 217.7 213.1 217.2 224.9 226.7 227.1 233.5 244.2 251.3 256.4 261.9 269.1 281.6 292.7 303.1 310.4 314.4 314.2 313.2 311.6 310.3 308.7 306.1 303.6 298.8 291.6 286.2 276.9 265.9 243.8 219.5 219.1 227.5 236.1 238.7 239
340.2 338.4 336.4 332.8 323.6 316.6 301 283.5 271.2 262.1 252.8 247.4 239.5 231.2 223.6 219.1 213.3 207.2 200 192.8 189.1 178.3 174.4 172.8 172.3 178.8 187 188.3 192.2 195.7 198.5 200.8 201.3 201.7 203.1 204.2 205.1 205.1 206.7 210.2 215.4 218.7 215.2 209.8 213.4 223.7 226.4 228.7 234.7 241.9 249.2 255.8 259.5 264.7 275.6 286.6 297.6 306 310.1 313.2 312.7 311.3 310.1 308.9 307 304.9 301 295.8 288.9 276.6 242.1 221.4 215.5 218.4 230.3 237.5 239.4 241.2
342.4 338 331.5 322.5 310.6 297.1 283.1 270.7 259.5 252.9 247.6 241 234.3 228.4 224.5 218.2 212.5 205.8 198.7 193.5 190.4 186 178 173.2 172.3 173.7 179.8 187.7 194.8 198.4 200.9 201.1 201.6 202.6 200.9 200.7 199.6 201.8 202.6 206 209 210.2 208.8 208.7 220.3 220.7 223.2 228.9 234.6 241.7 247.8 253.6 258 261.4 266.6 279.7 290.3 299 306.5 310 311.9 310.5 309.1 308.7 307.7 305.6 302.4 297.6 287.2 261 234.7 219.3 216.3 219.2 233.2 235.6 239 241.9
333.1 326.3 317.2 302.3 290 280 269.9 259.1 251.2 245.2 240.7 236.2 231 225.4 220.4 215.5 210.1 203.9 195.2 191.7 190.4 188.1 184.2 178 172.5 172.5 179.3 184.2 191.6 196 198.2 201.4 202.6 192.4 189.4 192.3 195 198.2 200.5 204.3 206.5 206.2 208.3 217.2 219.4 219.8 220.9 226.2 232.6 238.4 243.3 250.9 256.7 259.4 262.3 269 280.4 290.8 297.9 304.7 310 309.3 309.4 309.4 308.5 306.4 303.7 297.8 279.4 250.2 228 219.7 215.8 217.6 225.7 230.8 235.7 238
318.9 306.8 296 286.2 277.5 268.4 259.3 251.2 244.5 239.1 234.1 230.8 227.4 222.5 216.1 207.2 203.9 199.5 194.9 192 190 187.5 185.4 180.7 172.8 172.2 173.3 180.3 185.6 188.4 188.3 186.6 186.3 196.5 205.4 205.7 199.8 201.6 199.5 201 203.1 203.8 210.9 212.7 214.9 218.9 221.2 225.4 227.4 232 239.5 248.8 252.8 257.7 258.2 262.1 270.6 279.2 290.4 297.5 305 310.2 310.3 310 309.3 307.3 304.3 296.1 270.6 245.1 228 214.6 212.7 216.7 219 222.2 223.6 226.6
298 290.4 284.4 276.7 268.7 259.7 250.5 244.7 239.8 234.9 231 227.1 223 218.9 211.6 202.5 199.9 198.1 194.7 192.3 191.1 189.3 187.2 176.4 172.1 172.9 174 176.4 179.7 182.1 185.2 185.8 192 198.1 204.7 207.3 206.5 203.8 204.8 203.8 202.9 205.1 204.9 208.6 211 212 218.4 220.6 223.4 229.7 236 240 246.1 256.1 257.5 257.6 261.6 269.1 279.8 291.1 302.8 308.3 310.7 310.7 310.2 308.1 305 292.1 263.6 240 219.6 212.7 213.3 221.3 231.2 230.5 232.6 234
287.3 282.3 275.8 267.4 260.1 252.8 246 238.9 234.8 230.2 226.1 222.1 218.2 214.4 210.3 204.1 199.4 198 195.9 193 191 187.3 180.5 170 171.2 172.8 178 178.8 180.6 184.3 187.8 190.2 192.2 195.7 197.4 202.8 205 204 204.1 204 204.4 204.5 204.8 204.8 210.4 210.7 211.6 218.2 222.1 225.3 230.8 235.7 241 247.2 255.8 255.6 256.9 260.8 270.5 286.3 298.3 305.6 310.6 311.3 311 308.9 305.9 287.6 258.8 235.9 212.1 211.8 216.5 224.3 231.3 234.2 237 240.3
278.6 272.9 267.7 260.6 253.2 247.1 240.3 234.7 228.9 225.5 221.4 217.6 214.8 211.7 208.5 205.3 200.9 198.4 196.2 193.5 187.4 178.1 173.1 169.9 170.2 173.6 176.9 179.2 181.7 185.2 188.1 190.4 191.8 194.5 196 199.3 201.4 202.4 202.8 203.3 204.5 204.9 205.5 208.8 209.6 210.1 210.9 212.9 218.7 222.7 226.6 230.6 236.8 241.9 249.8 254.8 253.7 256 261 277.3 291.5 302.4 308.2 311.5 311.2 309.6 305.8 284.5 254.4 235 211.5 211.8 216.6 224 230.7 234.3 238.2 242.4
