app/static/ascii/SD84.asc
ncols 200
nrows 200
xllcorner 380000
yllcorner 440000
cellsize 50
[rows 0 to 34 of 200, columns 0 to 77 of 200]
141.4 142.3 143 143.8 144.2 144.2 144.3 143.9 143.4 143 142.4 141.7 141.1 140.2 139 137.9 136.7 135.3 135.7 133.1 132.2 136.2 137.6 138.5 137.8 136.4 134.8 133 131.1 128.6 126.3 124.1 120.2 118.8 117.6 116 112.9 113.9 112.9 116.8 114.1 112.5 112.4 112.9 112.6 112.4 112.2 112.4 113.3 105.2 93.5 93.2 104.9 116 118 117.3 118 120 120.8 118 115.4 114.8 115.4 116.7 118.4 117.8 116.8 118.3 120.9 123.3 125.1 126.6 127.8 128.3 129.4 130.7 130.2 128
140.2 141.3 142.1 142.9 143.1 143.2 143.2 142.9 142.6 142.3 141.7 141 140.4 139.2 138.1 136.9 136 133.8 132.8 130.6 135.1 137.6 139.4 139.2 137.7 135.8 134 132.3 130.4 127.9 125.5 123 120.2 117.4 114.7 115 111.8 108.3 109.7 113.9 112.8 111.9 111.6 112.2 112.5 111.6 110.7 112.3 113.3 111.6 93.9 92.4 108.6 114.3 115 114.1 116 118.6 120 117.1 113.6 112.8 112.8 114.7 116 116.2 116.5 118.8 123.4 129.6 128.9 126.5 124.7 125 126.3 127.8 126.6 123.6
139.7 140.7 141.4 142.1 142.3 142.5 142.7 142.3 141.9 141.6 141 140.3 139.6 138.9 137.7 136.6 135.5 132.9 130.3 130.3 135.5 138.3 138.9 138.5 136.8 135.1 133.4 131.6 129.7 127.1 124.4 121.9 119.2 116.3 114.1 111.4 108.8 106.8 111.5 113 112.3 111.4 111.8 113.1 113.2 111.5 107.9 111.1 110 103.8 93.3 92.3 108.6 112.6 113 114 116.8 119.5 119.6 115.8 112.4 111.6 111.8 113 115.1 115.1 116 119 128.2 137.1 134.6 128.2 124.3 121.8 123.6 125.9 124.3 119.3
139.4 140.1 140.9 141.7 141.9 142.1 142.1 141.8 141.4 140.9 140.2 139.5 138.9 138.2 137.3 136.3 135.2 133.2 129.3 131.1 136 137.1 137.9 137.2 135.9 134.5 132.7 131 129 126.5 123.7 120.6 118.4 116.6 115 113.5 109.5 110.7 113.7 112.9 111.9 112.1 113.2 114.1 113.5 111.3 105.5 105.4 100.8 94.5 91.6 92.8 101 111 113.7 115.4 121.4 121.3 119.5 115.6 111.8 110.9 114.1 114.9 115.5 115.4 116.7 122.3 133.3 139 135 128.4 122.1 117.8 119.1 119.7 113.8 108.4
138.9 139.7 140.5 141.3 141.6 141.7 141.6 141.2 140.7 140.1 139.4 138.8 138.1 137.4 136.7 135.7 134.4 132.3 127.4 133 136.1 136.6 136.7 135.9 134.6 133.3 131.9 130.3 127.9 125.3 121.9 118.9 116.4 114.6 113.9 113.9 104.6 113 113.4 112.9 112.4 112.4 113.6 114.5 113.4 110.1 100.6 91.7 92.5 92 109.4 93.4 94.1 94.3 108.1 116.2 122.3 124.5 119.6 116 111.9 114.6 118.7 119.4 119.6 119.6 120.7 126.3 133.6 134.6 131.2 125.3 119.1 113.7 107.5 105.7 105.8 105.5
139.3 139.6 140.1 140.9 141.2 141.3 141 140.6 140 139.3 138.7 138 137.3 136.6 135.9 135.1 133.6 130.7 126.6 134.3 136 136 135.6 134.6 133.1 131.7 130.3 128.3 126.4 123.8 119.8 117.4 114.5 112.8 112.9 112 105.9 112.5 113.3 112.3 111.9 113 113.3 113.6 112.1 100.2 90.2 92.3 99.7 111.5 112.3 106.6 95.6 95.6 95.3 105.7 115.9 125.5 121.6 116.3 109.5 117.1 124.5 127 130.3 129.7 129.5 129 129.6 128.8 126.5 121.9 117.8 103.8 109 114.9 118.4 121.2
140.2 140.6 141 141.1 140.8 140.8 140.5 140.1 139.4 138.5 137.9 137.2 136.5 135.8 135.3 134.3 132.7 128.8 127.6 133.9 135 135 134.2 132.8 131.4 130 128.4 126 124 121.3 118.1 115.5 112.6 109.7 106.6 102.6 109.5 114.3 114 112.5 111.4 113.5 111.3 108.7 94 90.3 93.4 104.4 111.2 112.5 113.7 113.8 110.8 98.6 94.3 96.6 108.5 119.9 121.4 115.6 111 117.2 125.2 130.7 136.4 135.2 131.5 127.5 124.8 123.5 120.7 110.6 104 110.3 117.7 122.4 125.5 127.8
141.2 141.5 141.3 141.1 140.7 140.2 139.9 139.5 139.1 138.3 137.4 136.8 136.3 135.7 134.9 133.2 130.8 127.5 126.2 133.1 133.7 133.7 132.4 131 129.6 128.2 126.1 123.7 121.6 118.7 116.2 112.9 109.8 106.3 101 100.9 112.3 114.1 113.7 110.4 112.3 109.1 100.7 90.3 92.2 94.4 105 110.3 111.9 113.5 113.7 113.9 114 105.2 98.3 94.9 105.6 116.1 118.4 113.9 110 116.4 123.5 129.9 134.7 129.7 126.9 124.5 121.9 108.8 102.4 102.4 115.5 118.4 122.9 128.4 134.4 139.1
141.5 141.5 141.3 141.1 140.1 139.2 139 138.8 138.5 138 137.2 136.7 136.3 135.4 134.4 132.9 129.9 125.8 124.7 132.7 132.5 132.1 130.7 129.2 127.8 126.3 123.9 121.4 119.1 115.5 112.8 107.5 103.2 98.7 96.5 98.5 107.5 105.3 102 97.8 98.3 94.4 90.4 92.4 95 101.9 107.9 111 113.3 113.8 114.4 114.5 113.6 113.7 105.7 95.2 107.1 113.3 106 97.1 99.7 110.8 120.4 125 126.6 119.2 117 116.4 101.5 101.7 102.1 106.3 121.8 122.7 126.1 132.1 139.5 144
140.6 141.2 141.3 140.1 139 138.3 138 137.8 137.6 137.4 137 137.6 137.2 135.7 134.7 133.7 129 120.8 130.4 131.8 131.4 130 128.5 127.1 125.4 123.6 122.1 119.8 116.4 110 103.7 99.6 94 91.3 92.3 92 91.7 91.1 91.9 91.4 89.9 91.6 97.1 96.4 111.3 113.3 113.3 114.2 115.5 116.1 116.1 118.8 119.1 117.3 114.4 102.9 96 97.1 98.6 98.7 98.9 99.1 103.1 110.7 108.9 103.7 101 101 103.8 111.3 119.6 109.8 124.2 125.5 128.3 131.9 137.5 141.8
140 140.6 140.6 139.5 138 137.4 137.1 136.8 136.6 137.2 138 138.9 137.5 135.1 133.9 131.9 120.8 130 130.8 130.6 129.9 128.1 126.4 124.6 122.7 121.6 120.7 118.6 116.5 102 93.3 89.5 90 91 91.3 92.7 94.8 95.8 97 99.5 101.6 107.7 113.8 107.7 114.4 117.1 116.2 117.3 118.5 119.9 123.6 123.3 122.4 119.6 116.1 104.8 105.2 112.4 115.7 114.2 112.8 110.4 101.9 100.8 100.3 105.8 114.3 122.6 122.8 123.4 122.4 119.8 116.1 128 128.9 130.6 134.3 138
138.7 138.9 138.8 137.4 136.2 136 135.8 136 136.8 137.7 138.8 139 136.7 134.5 131.9 129 118.3 130.9 130 128.8 127.7 126 125.5 122.9 121.3 120.2 119.4 118 109.7 89.7 91.3 91.6 93.8 101.7 110.1 115.3 117.9 117.5 118.5 120.4 120.6 120.2 120 118.1 116.5 120.7 119.8 121.1 122.7 125.2 127.4 125.1 124.8 121.6 116.6 105.4 114.4 118.7 120.1 119.6 118.9 121.6 125.3 128.4 123.7 125.2 126.2 127.8 130 130.6 128.7 127.4 120.5 125.7 130.7 132.2 133.4 135.6
137.1 136.7 136.3 135 134.9 134.8 134.8 135.5 136.6 137.6 138.7 137.9 135.6 133.4 131.3 128 116.7 128.5 127.8 126.5 125.6 125.4 125 123.4 121.7 119.3 117.5 115.9 106.9 89 91.1 92.8 98 106.6 113.7 119.1 121.4 122.2 124.2 125.9 125.6 125 124 118 113.8 123.9 124.4 124.9 125.9 127.1 129.1 126.8 125.7 120.5 110.5 112.6 120.2 124.2 126.4 124.9 124.2 126.2 128.4 129.3 130.9 132.3 132.4 134.1 137.1 138.2 136.3 134.1 133.1 123 133.5 134.8 137.1 138.4
135.2 134.7 133.9 132.4 133.8 133.9 134 135.1 136.1 136.5 137.8 136.8 134.6 132.3 129.9 127.4 113.7 124.9 124.7 124.4 124.4 124.2 123.9 123.4 120.7 118 116.3 114.2 105.7 88.7 90.8 94.1 101.2 110.6 117.2 121.2 124.2 126.2 130.4 131 130 129 127.2 118 125.3 126.3 126.7 127.2 128.1 129.2 130.1 128.9 125.8 120.3 111.4 120.5 125.4 130.4 131.2 128.6 129.3 130.8 128.5 135.5 136.8 137.8 137.7 139.1 142.7 144.7 142.1 139.8 138.4 130.6 131.7 139.5 142.3 144.3
133.1 132.3 130.9 129.8 131.7 132.9 133.6 134.7 135.3 135.1 136.4 135.6 133.5 131.3 128.7 126.3 121.4 112.6 120 123.1 122.9 122.6 122.3 120.6 118.4 116.2 114 112 104.5 88.4 90.6 96 105.6 114.2 120 123.5 126.2 131.4 136.1 135.5 133.1 131.3 129.5 122.7 128.1 128.3 128.4 128.7 129.6 130.4 131.2 130.3 127.2 122.4 114.1 125.3 129.6 134.7 135.8 132.3 132.1 134.2 137.2 141 142.2 143.2 142.9 142 144.5 145.5 142.4 139.2 138.5 138.1 127.9 139.9 143.8 146.3
130.2 129.5 128.6 128 129.4 132 133.3 134.2 134.5 134.2 134 133.6 132.2 130.2 128.3 125.5 122.8 114 118.1 121.8 121.5 121.3 118.8 116 112.8 110.5 109.8 108.2 103.4 88.4 92.2 102.1 111.6 118.6 123.4 126 130.1 135.9 140 138.5 135.2 131.9 129.9 122.9 128.8 129 129.1 129.2 131.5 132.6 133.3 132.9 129.3 125.6 115.6 127.8 131.8 136.5 138.4 135.7 134.2 135.5 142.4 146.5 148.4 148.3 145.3 142.6 141.5 140.4 137.5 136.1 135.8 135.5 132.6 135.8 139.2 142.4
126.8 127 123.8 127.8 131.8 133 134.1 134 132.7 132 131.6 131.2 130.8 129.1 126.9 123.1 120 103.6 118.8 119.6 120.3 117.6 113.8 107.8 104.2 102.5 100 97.3 93.3 89.4 92.7 109.2 118.3 123.9 127.2 129.8 134.2 138 141.8 140.1 135.7 132.2 129.8 124.6 128.6 129.1 129.2 129.6 131.9 134.2 136.4 136.7 132.5 129.2 125 127.5 132.4 136.8 137.9 135.7 130.8 143.8 148.4 151.9 152.9 151.7 148.6 143.2 138.3 136 135.5 134.4 132.6 132.6 134.1 136 138.4 138.6
125.3 121.6 124.6 128.1 131.3 132.9 133.4 132.3 130.5 129.3 129.2 129.7 130.7 128.3 125.2 121.2 115.9 101.6 116.5 118.2 118.4 116.3 110.2 101.8 96.4 91.9 90.6 90.8 90 87.6 100.1 119.8 125.3 129 131.1 133.2 136.1 138.9 141.2 140.1 135.8 131.9 128.8 126.4 125.8 128.6 129.4 130 132.3 136.9 140.5 139.7 135.1 131 127.7 124.6 131.4 135.5 136.5 129 140.1 148.6 152.7 154.4 154.8 152.9 148.6 143 137.9 138.8 136.7 134.2 135.3 137.4 139.1 139.6 139.7 141
122.1 116.6 125.3 127.9 129.2 130.1 129.8 128.8 128.5 128.3 129.6 131.1 131.1 128.5 124.4 119 113.7 99 108.2 116.1 116.1 114.3 105.3 92.4 89.1 86.7 86.5 90.4 91.5 98.4 114.6 123.5 127.9 130.3 131.7 133.1 134.9 137.3 139.3 137.8 133.4 130.2 128.5 126 125.8 127.2 128.6 130.4 134.2 139.7 142.5 141.1 137.5 133 128.6 125.5 129.8 133.5 131.7 136.8 142.1 150.7 154.6 154.3 152.1 149.8 145.7 141.3 138.7 140.4 140.5 137.7 139.7 140.9 142.3 143.5 143.9 143.4
117.1 117.7 121.6 125 127.7 127.9 127.9 126.9 128 128.6 129.8 131.3 131.1 127.9 124 120.9 118.2 112.5 100.7 109.1 113.8 112.4 89.3 87.2 89.2 97.1 105.4 108.2 108.3 105.5 115.2 125 127.7 128.5 129.5 130.4 132.5 135.8 137.8 135.4 131.4 129.5 128 125.6 126.1 127.4 128.7 131 134.8 139.4 141.3 140.6 138 133.9 130.2 130.9 133.2 133.2 135.5 137.8 142.2 149.9 153.4 151.4 147.4 144.4 142.4 140.1 139.1 140.3 141.8 142.5 141.6 143.8 144.8 147 146.9 146.8
112.9 120.5 124.8 127.7 127.8 127.4 126.9 126.1 127.7 128.9 130 131.1 128.9 126.2 122.8 120.8 118.6 116 112.3 98.9 110.3 110.8 87.2 89.7 100.8 106.3 107.5 109.7 112.8 118.2 113.1 110.1 123.2 126.8 127.3 127.6 129.8 133.8 135.9 133.6 129.6 128.2 126.8 127.4 128 127.4 129 131.4 135.7 139.6 138.3 137.5 136.4 133.7 133.9 133.8 130.9 133.2 135.3 137.3 139.9 146.5 150.3 147.5 143.2 140.8 140.4 140.3 139.8 139.9 141.9 143.2 143.8 144.3 148.1 150.8 152.1 153.5
112.3 122.1 125.5 127.2 127 125.8 124.3 125.9 127.7 129.8 131.3 130.7 127.1 124.5 121.1 118.5 116.4 114.5 111.6 105.7 101.9 108.5 86.6 90.4 100.8 106.4 108.8 112.2 117.4 122.3 124.4 123.1 112.7 118.8 124.1 124.8 128 132.2 133.7 132.7 128.4 126.5 126.8 129.6 130.6 129.1 129.4 132.3 136.6 137.9 135.1 134.7 131.6 133.7 136.1 136 132.2 133.2 134.7 136.7 138.6 143.1 145.6 143 140.7 140.2 139.9 139.7 139.8 140.8 142.2 143.8 145.4 147.2 150.7 154.4 156.8 159.3
115.4 121.3 124.3 124.8 123.9 122.9 121.6 125.1 127.4 129.6 130.6 129.8 127.6 123.2 119.4 116.3 113.8 112.2 110.3 106.5 93.3 104.4 86.9 88.7 109 109.7 110.6 116.2 122.8 126.7 127.8 127.5 124.1 122.1 118.2 124.8 127.4 131 132.6 131.7 128.9 126.3 127.8 130.2 131.4 129.9 129.8 133.4 136.3 136 128.9 129.8 131.3 135.2 137.4 136.1 134.5 134.9 135.6 136.5 137.2 140.2 139.1 140 140.4 140.6 140.4 140.4 141.5 142.6 143.9 146.7 150.6 152.5 154.4 158.1 160.4 162.9
115.3 119.4 121 120.9 120.5 119.3 121.2 123.9 126.2 127.6 127.8 127.1 125 121.4 117.7 114.8 112 109.3 107.8 105 96.2 88.6 88.4 88.6 110.6 111.3 112.2 123 129.2 130.7 129 128 127 125.8 118.5 124.6 127.1 129.8 131.3 129.6 128 126.9 128.1 130.2 131.8 130.4 129.7 132.9 129 132.1 131.6 133.3 134.2 136.4 138.3 137.5 135.6 135.3 136.5 137.5 138 139.5 141.9 142.3 141.7 141.5 141.8 141.4 142.9 144.9 147.4 152.9 157.3 159.5 160.2 162.1 164.1 164.8
114.4 116.8 117.1 116.9 116.2 115.5 119.3 122.8 124.7 125.5 125.1 123.9 122.2 119 114.6 113.3 111 108.1 104.3 103.6 92.4 87.4 87.2 95.8 110 111.5 118.3 128.9 132.9 132.4 129.7 127.7 126.4 124.7 123.8 123.1 126.6 129.7 130 128.7 127.8 127.5 128.5 130.5 131.8 129.1 129.1 130.6 134.9 134.7 134.5 135.1 136 137.5 138.7 138.9 136.6 139.8 142.6 144 145.1 143.5 146.6 147.3 147.5 146.1 144.7 142.5 146.7 149.9 149.4 157.1 160.9 164.7 166.7 169 167.7 163.5
108.8 112.6 113.4 112.5 114 118.1 120.5 121.7 122.6 123.1 122 121 118.3 113.8 111.5 111.1 108.7 101.2 93.2 87.7 86.6 85.6 94.9 108.2 111.6 115.3 125.7 132.1 134.6 133.4 130.5 127.8 125.8 127.3 127.8 127.8 127.8 129.9 130.3 129.5 128.8 128.9 129.2 131 132.3 130.2 132.3 135.4 136.4 135.9 135.6 136.4 137.4 139 141.5 142.9 140 143.2 146.3 148.5 149.6 147.6 151.3 153.2 153.7 151.9 149.8 146.1 150 155 157.3 156.9 163.1 168 172.7 174.8 173 167
100.9 106.9 105.3 110.9 114.9 120 121.5 120.6 119.9 118.3 104.9 96.6 90.8 89.6 87.1 87.2 87 84.8 84.4 86.1 89.8 100.5 105.1 110.2 114.3 121.9 129.7 133.2 135.1 128.5 131.5 129.6 127.6 127.2 126.9 125.2 127 130.1 130.5 130.4 130.4 130.3 131.4 133 134 135.1 135.7 136.3 136.9 137.3 137.1 138.9 140.8 142.2 144.4 146.1 142.9 148 150.1 151.7 151.9 150.7 155.5 157.9 159.3 158.6 154.6 150.2 151.7 158.7 161.8 162.3 163.9 170.1 175.5 179.5 176.8 171.7
85.2 95.3 105.1 110.3 115.2 119.7 119.9 114.1 98.5 83.7 83.1 84.8 88 91.6 88.4 86.5 88.9 91.2 95.6 102.5 106.7 112.1 116.1 117 121.7 128 131.7 130.6 134.5 133.7 132.7 131.1 128.8 126.3 125.5 126.5 128.5 131 130.9 131.1 131.7 132.7 133.8 134.7 135.7 136.6 137 136.3 138 139.3 140.8 143.9 145 147.3 149.1 149.5 146.9 151.6 154.9 155.7 155.4 154.1 157.2 159.4 161.5 162.6 160.7 155.3 157.6 163 166 166.3 162.3 167.8 172.9 175.7 175 171.9
82.2 85.5 103.2 109.3 114.6 113 99.1 82.9 83.6 86.9 93.9 96.8 100.9 105.3 109.1 108.2 108.4 101.2 107.4 110.8 112.4 115.6 122.2 125.6 128.5 130.3 134.2 134.7 134.5 133.5 132.3 131.2 129.4 126.9 126.5 127.8 129.9 131.8 132 131.9 133.2 134.6 135.7 136.6 137.5 138.3 138.9 140.1 143.2 144.6 147 149.3 149.9 151.5 153 153 151.3 157.2 159.9 160.1 159 157.9 159.2 160.8 163.2 163.9 164.3 161.1 160.9 167.2 169.7 168.9 166.5 165.5 168.5 171 170.9 169.3
85.2 83.1 86.5 100.6 100.2 82.9 84.4 86.6 94.8 99.1 104.7 107.6 109.8 109.8 110.4 111 111.6 106.9 111.6 114.4 116.5 120.1 126.2 130.4 133.3 134.4 135.2 135 134.2 133.3 132.2 131.1 130.8 126.9 127.4 129.2 131.2 133 132.5 133.2 134.6 136 137.5 139.2 140 141.2 143.2 145.4 147.9 150.8 153.4 155.2 155.3 155.9 158 156.9 156.9 160 162.8 163.1 161.6 161.3 163.5 165.2 165.7 166 165.3 162.3 163.8 168.6 172.4 171.3 168.5 166.8 166.4 167 167.1 166.8
104.9 82.7 82.4 82.4 82.3 85.1 87.1 100.3 108 110.2 111.8 111.7 112.6 114.2 114.8 115.1 113.5 108.5 112.9 116.1 119.8 123.9 129.9 135.9 136.9 136.9 135.1 134.5 133.8 133.1 132.3 131.2 130.6 127.7 128.8 130.7 134.3 136.7 134.6 135.3 137.7 139 141.5 143.3 143.3 145.3 147.4 150.2 152.8 157.3 160.1 161.8 162.2 161.6 161.5 160.5 160.6 162.4 162.7 163.5 163.4 164.4 167.7 171.3 173.2 170.5 167.3 164.5 165.8 168.6 171.9 172 170 171.2 172.8 169.6 167.1 166.7
126.1 109.3 92.2 90.6 98.3 107.8 103.5 110.1 118.2 118.9 119.7 118.5 116.4 116.4 117.4 115.8 113 111.8 114.2 118.7 124.2 130.5 136.6 141.1 140.1 137.7 135.3 133.7 133.6 133 132.2 131.5 130.7 129.7 130.7 132.4 137.2 139.2 137 137 141.2 143.8 145.9 146.6 146.7 148.5 151.2 155 158.6 163.8 165.8 169.7 168 165.4 164.3 163 162.4 163.9 163.9 164.2 164.3 166.1 171.1 175.3 176.2 174 171.2 166 167.7 168.6 170.5 172 171 172.2 177.3 176.8 172.1 170.8
129.3 127.8 119.2 117.6 123.9 125.1 124.8 116.3 125.7 125.3 124.7 122.6 120.5 119.7 118.6 116 115.8 114.7 117.3 129.7 130.5 134.7 143.1 144.2 140.7 138.1 135.5 133.8 133.3 133.1 132.9 132.2 131.7 131.4 131.4 134.5 136.1 142.3 141.4 140.9 144.3 146.5 147.7 148.9 149.7 151.7 154.8 159.7 164.1 167.3 168.6 169.7 168.6 166.6 166.1 165.6 165.1 165.6 165.6 164.6 164.6 166.9 172.7 174.1 173.9 170.4 169.3 166.7 169.9 172.1 172.7 174.3 174 174.7 176 176.7 176.2 176.4
131.8 129.4 121.4 127 128.7 129.2 127.4 125.9 129.5 129.8 128.5 128.3 125.1 121.9 120.7 118.4 117.5 117.6 130.5 130.2 131.1 139.4 148.5 146.3 140.6 137.5 135.3 134.1 133.7 133.4 133.1 133.3 133.3 133.1 135.3 134.3 141.3 144.7 144.6 143.9 146.6 148.4 149.9 151.5 153.1 155.1 157.8 162.3 166.4 168.6 167.8 167.6 167 167.4 168.3 168.1 167.6 167.6 167.4 166.1 166.5 169.2 173.8 174.2 172.5 169.5 168.1 168.3 171.9 176 180.9 182.8 181.9 178.8 176.1 176.3 176.9 179.5
133.8 131.1 129 132.1 133.4 132 125.4 130.3 132.3 134.1 135 135.2 126.3 123.3 122.7 121.2 119.7 130.3 131.2 129.5 134.6 145.2 151.8 146.6 139.9 136.1 136.3 135.7 135.1 134.4 134 134 134.9 136.1 138.7 141.5 139.4 145.9 146.6 146.4 148.5 150.6 152.3 153.8 155.4 157.4 160 164.3 167.4 168.4 167.9 167.7 167.5 168.6 170.1 170.3 169.3 169.3 170.1 169.9 170.1 173 175.9 174.1 171.8 170.2 169.9 171.1 174.1 177.7 182.2 181.2 180.4 180.1 178.7 176.4 177.8 179.5
