app/static/ascii/SD85.asc
ncols 200
nrows 200
xllcorner 380000
yllcorner 450000
cellsize 50
[rows 140 to 174 of 200, columns 78 to 155 of 200]
142.2 144 146.8 147.2 145.2 143.4 141.2 138.3 137 137.9 137.2 134.9 133.1 131.7 130 128.4 125.5 122.7 120.2 117.7 111.4 107.6 108.8 111 115.2 118.5 118.9 120.1 122.3 124.2 126.7 129.5 136.3 136.2 140.4 143.2 145.8 150.2 154.4 160 167.9 172.3 172.6 172 170.8 171.8 175 177.4 180.7 183.6 184.1 184.1 187.4 191 193.8 191.9 194.6 199.1 198.7 195.3 195.9 200.7 207.6 208.5 204.1 204.7 205.6 203.9 204 205.2 207.2 209.5 204.9 202 199.8 197.1 193.4 189.5
142.8 144.2 147.4 147.6 146 143.9 140.6 137.1 136.5 137.3 138.1 135.7 133.8 132.3 130.7 129.1 125.7 122.4 119.7 114.1 107.2 109 110.7 115.8 118.2 120.7 122.1 123.8 125.7 128.1 135.3 130.7 134.6 140.2 144.5 148 150.5 153.7 158.3 163.8 169.7 173.8 174.5 173.6 171.8 172.4 175.4 181.4 184 183.6 183.5 183.3 184.8 188.5 194.5 196.5 198.1 198.5 197.7 195.3 195.2 197.9 203.8 208.8 206.9 206.5 205.4 204.3 204.1 205.5 207 209.5 207.3 202.4 200.8 198.2 194.3 189.8
142.8 144.7 147.2 147.8 146.2 144.1 140.8 137.1 135.2 135.5 135.7 134.9 133.3 131.3 129.3 127.3 124.3 115.4 111.6 109 107.4 112.9 119.3 123.5 125.3 127 127.1 131.8 135.7 131.7 131.1 133.9 138.4 144.5 149.3 153.7 157 159.2 163.3 167.6 172.1 173.6 173.8 173.9 172.7 172.7 176.1 183.2 185.3 182.2 182.3 184.2 185.7 186.8 191.1 193.6 195 196.1 195.2 194.3 193.9 195.3 199 203.9 206.8 206.3 203.7 202 202.3 203.9 206.1 206.8 205.3 202.1 201.5 201.9 199.7 195.8
142.6 144.9 146.9 147.7 146.5 143.4 140.3 136.8 133.5 132.1 132.2 132.2 131.2 129.3 127.4 125.4 122.2 112.4 108 106.5 110.1 122.2 126.3 129.8 132.4 135.3 135 134.9 135.1 134.8 136.2 138.1 142 147.7 154 158.9 161.9 164 165.9 169.7 172.1 172.3 172.4 172.3 174.3 175.8 176.2 179.4 182.5 180.6 183.8 191 192 190 189.8 190.1 190.5 191.7 192.8 192.9 193.3 194.1 196.8 198.7 200.3 201.3 200.9 199.1 199.3 199.9 201.3 204.3 201.9 200 201.2 206.3 208.4 202.9
141.9 143.8 146.2 147.4 146.6 142.8 139.5 136.2 132.9 130 128.8 128.8 128.7 127.1 125.1 122.9 114.4 108.6 106.4 113.3 117.2 124.7 132.3 141.9 145.1 144.2 144.8 144.4 145.4 145.2 144.6 145.4 149 152 155.8 161.3 164.4 166.6 168.9 171 171.9 171.7 171.5 172.7 175.6 179.3 180.8 178.7 178.9 179.8 185.7 190.8 191.5 190.8 191.1 192.7 193.2 192.5 191.6 191.9 192.7 193.3 195.5 197.2 196.5 196.6 196.7 195.7 195.4 195.7 196.3 198.5 199.3 198.2 199.3 204.1 211.7 211.5
140.5 141.9 144.8 146.2 144.2 140.4 137.6 134.3 131.4 128.8 126.3 126.2 126.3 125.5 119.8 112.9 106.6 107.6 116.4 124.1 130.6 135.1 135.1 147.7 151.3 150.5 150.6 151.6 152.6 153.9 155.1 156.4 157 157.5 159.5 163.1 165.8 167.5 169.3 171 173.1 173.7 174.8 176.5 178.8 180.8 181.2 179.2 177.5 178.9 183.7 187.9 188.7 190.2 192.6 194.6 195.6 194.3 192.7 192.6 193 192.4 193.6 195.1 193.7 192.9 192.8 192.4 192.1 192 192 192.2 194.3 194.8 197.2 201.6 209.7 214
138.8 139.7 141.9 142.6 141 137.6 134.8 132.3 129.4 126.5 124 124.3 123.6 114.6 109.1 106.6 110.9 120.6 129.3 134.8 139.3 134.1 132 143.9 146.9 146.9 147.2 148.7 150.1 151.7 154.5 158.7 162 162.1 162.8 164 166 168 169.5 171.5 173.8 178.4 180.2 183.8 184.8 182.5 179.5 177.7 177.1 180 182.3 184.7 186.5 188.9 192.7 195.3 195.8 195.5 194.5 193.9 193.4 193 193.2 194.3 192.1 190.7 190.4 190.3 190.2 190 189.6 189.2 190 190.7 193.3 197.9 206 208.6
139 137.3 137.9 138.6 137.6 134.4 132 130.2 127.7 124.5 122.1 116.6 111.7 106.6 107.3 114.8 123.8 129.2 135.4 142.2 145 142.5 130.8 138.4 142.8 143.2 144.9 146.4 147.4 148.8 151.1 154.7 160 163.1 164.2 164.8 166.4 168.9 171.1 173.1 175.6 181.8 186 190.1 190.8 186.2 180.2 178.3 178.4 181.8 182 182.6 183.9 186.4 189.5 192.3 194.8 195.8 195.3 193.8 193.1 192.8 195.3 197 192 190.4 189 189 188.8 188.6 188.3 188.4 188.4 188.8 190.6 195.3 201.1 203.3
138.3 135.7 133.6 134.2 133.1 130.3 128.8 127.5 126 123.3 119.4 111.1 106 108.7 116.3 124.5 127.6 131.9 139.1 145.7 147.2 144.8 137.4 134.4 139.3 143.4 147.3 149 149.9 150.1 150.8 153.8 156.8 160.8 163 164.4 166.1 168.9 171.8 174.8 178.7 184.7 190.7 192.5 192.2 189.9 186.5 186.1 185 185 184.8 183.3 184.2 185.2 186.3 189.1 191.8 194.6 195 193.2 192.6 194.5 198.5 196.6 192.6 190.4 188.9 189.4 189.2 188.5 188.5 188.4 188.2 188.4 189.8 193.1 199.1 200.5
139.8 135 131.5 129.7 128.5 126.5 126.1 125.8 124.4 121.4 115.6 106.1 107.5 116.1 123 128.8 130.8 135.6 142 145.4 144.5 141.9 139.2 134.2 139.5 142.8 146.8 150.1 151.3 152.7 154.2 156.4 158.7 161 163.7 165.2 166.9 169.5 172.3 175.3 179.2 183.7 190.1 190.8 189.7 192.2 194.9 194.3 192.3 189.1 186.3 183.8 184.6 184.4 185 186.5 189.3 191.2 192 190.3 193.2 193.8 195.3 193.4 192 190.5 189.1 189.1 191.5 192.7 191.4 190.3 191.4 191 189.9 191.3 196 198.1
141 134.2 130.6 126.9 124.7 124.6 124.5 124.6 123 118.7 106.9 106.4 113.8 121.7 128.4 131.6 134.2 138 143.2 143.4 140.2 137 134.9 136.1 138.6 140.6 143.7 145.9 148.5 150.9 154.1 157.7 160.3 162.4 164.2 166 167.8 170.2 172.9 174.9 177.5 181.5 185.9 189 189.2 192.1 196.8 193.6 190.3 187.8 185.5 183.7 183.5 183.4 184.1 185.1 185.9 187.2 188.3 188.7 190.6 192 192.1 191.5 190.9 190.8 189.7 188.4 191.4 194.4 195.7 194.8 196.1 196.1 194.1 191.6 191.9 193.1
141.2 133.5 129.6 125.9 123.2 123 123.3 123.5 122.4 113.5 105.9 106.5 118.1 125.6 129.6 134.6 136.5 139.4 142.5 142.6 139.6 136.2 135.4 137 138.1 138.9 139.5 141.8 144.5 147.8 152 155.6 159.4 161.1 161.5 163.1 167 170.1 171.9 172.3 172.7 175.7 180.3 184.9 188.8 189.9 191.1 190.6 187.5 185.4 183.9 182.5 182.3 182.2 182.8 183.3 183.8 184 186 187.8 188.7 190.1 190 189.3 190 190.6 189.4 187.5 190 192.7 194.9 196.6 199.4 201.7 201.8 193.9 190.2 191.1
140.3 134.4 129.3 126 123.2 120.6 121 121.5 121.8 111.2 106 107.3 118 128.1 132.1 133.9 138.9 139 141.4 142.5 140.6 137.3 135.3 135.7 136.9 138.1 138.5 139.2 142.1 144.8 149.3 153.2 156.2 157.6 158.2 160.1 162.4 166.5 169.6 168.2 168.4 170.9 174.1 181.5 184.8 184.7 185.9 187.3 185.6 184.5 182.8 181.4 180.9 180 180.8 181.5 182.5 184.5 187.4 190 190.9 190.3 188.8 186 186.9 188.4 189.7 188.4 188.4 190.4 193.1 195.5 199.2 205.4 207.2 203.7 198.7 194.2
140 136.6 129.4 126 123.2 120.4 120.2 120.6 118.6 106.1 107 109 121.2 129.7 135.4 141 140.7 139.6 140.7 142.4 142 138.5 136.3 135.8 136.4 137.7 139 140.2 141.1 142.7 145.7 149.4 152.3 153.8 155.8 157.9 160.1 163.2 167.1 166.6 167.4 168.8 172.4 177.6 180.4 180 180 181.7 183.6 183.9 183.2 181.3 179.8 179.1 179.2 181 182.8 185.5 188.6 191.8 192.3 190.7 185.6 182.6 182.4 184.6 186.6 188.5 187.1 187.7 190.9 194.4 198 205.6 212.8 210.6 204.7 200.2
138.7 136.8 129.2 126 123.1 119.8 119.2 119.8 116.3 105.9 107.2 116.3 124.4 135 138.3 141 140.8 139.2 139.4 141.7 143.6 139.8 136.9 136.4 137.6 139.3 140.9 142.2 143.2 144.2 145.3 147.7 151.9 154.3 155.3 157.4 160.6 166 166.2 166.4 167.3 167.7 171.2 176.4 178.2 176.3 175.7 177.5 179.9 181.3 182.5 180.7 177.8 177.7 179 181 182.9 185.7 188.6 191.9 193.2 189.7 183.7 180.4 179.7 180.8 182.2 184.4 186.4 183.9 187.6 190.6 193.7 202.3 213 216.3 213 207.1
137.1 134.1 128.7 124.3 121.9 119.5 114.4 114 107 105.5 111.8 122.3 131.6 132.1 137.7 139.2 139.3 138.6 138.5 141.3 142.5 141.6 139.8 139.6 140.6 143.9 146.3 148 147 149 150.4 152.4 154 157.3 159.4 160.6 162.7 165.3 165.5 166.3 166.8 166.7 169.7 173.6 177.7 176 173.3 174.8 176.2 177.4 179 178.8 175.7 177.2 178.7 180.6 182.1 184 187.1 191 193 188.5 182 178.4 177.7 178.9 180 181.3 182.3 183.1 186.2 189.2 192.7 198.8 207.3 215.8 218 210.6
134.3 131.8 126.5 120.2 114.2 110 106.8 106.1 104.4 112.8 120.6 132.5 128.4 128.5 136 137.5 135.8 136.3 137.5 139.7 142.4 143.1 145.4 145 147.4 151.2 155.8 158.4 155.4 157 159.1 160.9 162.8 165.1 166.6 169.8 170.6 169.1 169.4 168.5 166.6 166.2 166.2 171.1 178.7 177.7 174 171.7 172.9 174 175 175.4 174 176.4 178.4 179.3 180.4 182.2 185 189.2 190.4 187.9 181.6 177.9 177.5 178.1 179.1 179.8 180.8 183.1 187.3 190.5 193.5 197.4 203.5 211.6 217.4 212.4
131.8 125.6 112.8 107.2 105.6 105.6 104.6 107.3 121.3 128.3 135.9 136.3 135.3 133 130.7 133.4 136.8 137.5 138.1 139.8 142 144.5 146.9 149.4 153 159 164.9 167.2 166.8 168.5 168.9 169.9 172.5 176.5 176.8 174.6 173.9 173.7 175.3 175.7 173.8 169.3 164.7 166.8 176.1 177 172 169.7 171.2 172.4 171.8 172 174.3 176.3 177.4 178 179.7 181.5 184.1 188.6 190.2 188 182.9 179.2 178 177.3 178.2 178.7 181.5 184.9 190 193.9 197.6 202.1 205.4 207.7 212.1 210.7
123.6 107.8 104.2 105 104.4 109.2 118.1 125.4 131.4 139.9 145.1 146.4 144.8 140.5 138.6 137.8 139.9 140.5 140.7 140.7 142.8 145.5 148.5 152.4 158.1 165.1 170.9 171.6 169.3 170.2 171.6 172.4 174.1 176.7 175.7 173.1 172.5 172.3 173.5 176.2 178 176.1 168.8 163.3 171 173.8 167.8 167.3 168.5 169.8 169.8 170 172.2 174.1 175.6 177.4 179.7 182 184.7 188.4 190.5 188.6 183.7 180.2 179 177.5 177.5 179.1 181.9 187.6 193.1 197.4 201.9 209.6 210.5 208.4 206.3 204.2
107.8 102.6 106.1 112.2 122.1 128.8 132.2 138 142.3 148.1 153.7 155.8 152.2 147.1 144 141.2 144.1 144.8 144.3 144.6 145.5 146.8 150.1 154.8 161.7 169.5 171.9 168.5 167.6 168.5 169.4 169.6 170.8 172.9 173.8 173.5 173.7 174.6 175.8 177.1 177.3 175.5 171.1 163.5 166.4 171 166.7 165.5 166.5 168 168.5 169.1 170.3 171.9 175.6 179.2 181.9 183.7 186.4 189.8 190.9 189.3 184.6 180.5 178.7 177.5 178 180.1 182.8 188 193.4 199.1 203.2 209.8 212.4 207 201.3 196.9
102.4 105.4 110.6 123 130.3 134.7 138.9 144.3 147.6 152.3 156.9 157.1 155.9 152.6 149.9 147.1 148.9 150.6 154.1 149.9 149.9 151.2 153.4 156.6 162.4 172.6 171.4 166.8 166.5 167.4 168.4 169.8 170.3 172.2 174.3 176.4 176.3 177.5 177.3 175.9 174 172 169.2 163.3 159.8 165.2 165 165.7 167.1 167.1 167.7 168.7 170.4 173.1 177.4 181.5 185.7 187.1 188.4 189.2 189.8 188.8 185.7 181.7 179.2 177.1 179.3 181.3 183.6 187.5 192.4 198.9 203.7 208 209.5 205.2 199.3 192.7
103.8 106.2 114.5 127.7 132.7 137.4 142 147.3 150.8 154.1 155.4 155.9 156.7 155.5 153.2 150.9 153.7 157.2 161.3 160.7 158.2 159.5 158.5 158.8 162.4 170.1 171.1 168.7 168 169.6 170.7 170.9 171.6 173.4 172.9 171.8 172 172.3 172.6 172 170.1 168.2 165.3 161 158.7 158.8 161 163.7 165.2 166.2 166.9 168 170.8 174.2 178.9 184.5 189.7 190 188.3 187.1 185.5 184.7 183.7 181.4 179.9 176.8 179.9 181.9 184 187.5 192 200.4 206.7 206.7 205.8 203.3 198.1 192.1
103.3 106.8 112.8 129 134 139.3 145 149.5 151.8 153.3 154.8 155.3 156.1 155.5 154.5 153.3 155 157.9 161.9 164.4 165.7 166.9 165.4 162.9 162.3 166.3 173.3 174.8 173.1 173.1 173.8 172.2 171.9 171.5 170.2 168.4 166.9 166.8 167 167.4 166.2 164.4 162 157.9 158.1 161.1 165.9 164.8 163.4 164.7 166.1 167.1 169.3 173.6 178.3 184.2 187.5 187.9 184.6 181.5 180.2 179.2 179.2 179.4 179.3 176.7 179.8 181.9 184.2 186.3 189.9 199.7 207.5 205.3 202.4 199.3 195.8 190.9
103.1 107.9 124.8 130.9 135.2 141.1 146.6 150.4 151.8 152.2 153.7 154.6 156.7 156.7 155.3 153.6 153.9 156.6 160.6 164.9 167.3 167.1 165.7 164.1 163.6 164.2 169.8 175.8 176.7 174 172.2 171.2 170.2 169 167.1 165.2 163.5 162.5 163 163.3 162.8 162 160 157 160.6 168.4 178.7 175.1 170 167.6 166.4 166.4 168.4 172 176.4 182.4 184.8 182.5 178.4 176.4 175.3 174.4 174.4 175 175.8 174.2 179 180.9 182.7 184.2 186.6 191.3 199.3 201.6 199.6 196.7 192.8 189
102.9 113.3 128.9 139 137.3 142.2 146.4 149.5 151.3 151.7 154.6 158.7 158.7 157.8 156.1 154.5 154.8 154.4 158.3 163.2 168 167.4 164.9 163.6 163.4 163.8 167.8 173.1 175.5 172.5 170.5 169.8 170 170.4 169.5 167 164.4 162.9 161 160.1 159.5 159.8 158.2 157.8 162.6 167.9 179 178.5 176.6 174.5 170.6 168.4 169.5 172.8 176.7 180.5 182.8 178.6 173.8 172.1 171.4 170.6 170.5 171 172 173.3 176.4 178 179.1 180.9 182.8 185.1 190.6 193.7 195.5 193.8 191 187.5
103.8 118.2 133.3 138.3 141.4 142.1 145.7 148.5 150.5 151.9 154.2 158.8 158.7 157.4 156.8 155.5 156 156.6 158.7 162.8 167.9 171 168.5 165.6 165 165.1 168.3 171.9 173 170.5 169 169.2 170.9 171.7 171.3 170.6 169.3 166.9 164.1 161.4 159.7 157.9 156.5 156.6 161.2 166.7 177.3 179.9 180.1 181.1 178.6 175.1 174.4 180 180.9 177.2 176.7 173.7 171 168.8 168.3 168.1 168.3 168.8 170.2 170.8 173 174.3 175.7 177.6 179.6 181.5 184.2 186.5 189.9 190.7 189.1 185.8
104.4 125.4 139.8 139.9 143.2 144.8 145.5 148.6 149.6 150.4 153.4 156 156.5 155.8 155.4 155.3 157.4 158.1 160.2 163.5 167.6 173.9 175 171.8 170.6 169.4 171.3 172.5 172.4 169.7 167.4 168.5 171 174 175.3 175.2 173.7 173.8 170.4 166 161.8 159.3 157 154.7 158.6 164.5 172.6 179.4 179.9 179.6 179.6 179.5 179.8 183.2 185.7 181.2 174.2 170.3 167.5 166.3 166.4 166.8 167.5 168.1 168.6 168.9 169.7 170.9 172.6 174.6 176.6 178.1 180 181.8 184 187 187.5 184.8
116.8 127.6 135.8 141.8 145.6 146.9 147.4 148 149 149.9 150.5 152.5 154 153.7 154.3 154.3 156.4 158.7 161.4 163.8 166.3 170.4 173.5 175.5 175.5 173.2 172.8 173 172.3 169.3 166.1 167.1 171.3 175.1 177.9 176.8 174 173.5 173.4 173.6 168.5 163.3 159.5 156.8 155.5 161 166 173.3 175.1 176.2 179.7 180 180.7 182.3 181.5 177.3 172.1 165.3 166.1 167.1 166.8 166.5 166.2 166.3 167.5 168.1 169 170 171 172.5 173.6 175.2 176.5 178.8 182.3 183.9 185.5 183.9
123.4 138.9 137.3 142.1 145.9 147.6 147.9 147.9 148.9 149.5 149.5 150.2 150.8 151.6 152.6 153.4 155.5 158.9 161.6 162.5 164 166.8 169.2 172.2 172.7 171.9 171.5 170.6 169.7 168.1 165.6 165.4 169.2 176.1 178.3 174.3 171.4 170.9 171.5 173 173.7 168.9 163.3 160.4 155.3 155.9 160.6 166.8 168.5 172.6 176.5 176.9 177.4 177.7 176.3 173.7 165.4 169.5 173.6 172.4 170.3 169.1 168.8 168.7 168.9 169.7 170 170.3 171.5 172.6 174.7 177.7 178.8 177.4 179.6 182.1 183.1 183.6
134.2 139 137.3 144.3 146.5 148.3 148.4 148.8 148.5 148.9 149.5 149.4 149.9 150.4 151.4 153.1 155.5 159.5 160.4 161.2 162.7 163.2 165.1 168.1 169.9 169.6 168.4 167.5 166.3 165 164.2 163.4 167.2 175.3 177.3 172.5 169.9 169.7 170.6 170 169.7 168.7 166 161.5 156.7 153.5 156.4 160.3 162.2 166 169.3 171.5 172.4 172.2 171 167.5 166.5 177.8 186.1 185 182.4 177.9 173.9 172.5 171.8 171.5 172.3 172.8 173 175 178.5 182.5 183.7 180.7 179.6 179.8 180.9 181.7
140.3 138.5 138.5 143.2 145.5 148.4 149.7 150.4 150.7 150.5 149.6 149.2 149.2 150.3 152.1 154 156.6 159.2 159.8 159.6 159.5 159.9 161.4 163.4 165.5 166.1 165.3 164.2 163 161.8 160.8 162.6 166.2 172.5 176.5 173.4 170.5 169.3 168.1 167 165.7 164.8 162.8 161.3 157.7 154.2 152.9 156.4 157.7 159.9 163.8 166.9 168.7 169 167.4 163 170 181.7 191.6 190.2 188.9 189.6 185.4 180 177 175.3 175.3 175.6 176.7 179.4 182.7 186.4 188.5 186.8 183 181.2 182 182.2
140.8 145.7 144 142.6 145.1 148 150.1 152.4 153.9 154.9 152.4 150.5 149.5 150.1 152 153.9 155.8 157.7 158 157.8 156.7 156.9 156.9 157.9 159.2 160.2 160.4 160.7 159.5 159.4 158.9 160.7 163.5 167.2 170.9 172.1 169 166.6 164.8 163.5 162.2 161 159.6 158.3 157.8 155.4 153.4 154.1 155.7 157.3 160.6 163.3 164.7 165.3 164.5 162.3 167.8 179.7 191.1 192.5 192 192.5 192.7 191.1 184.8 180.8 179.1 179.9 181.3 184.8 187.7 190.4 191.3 187.7 185.4 183.7 184.4 189.1
140.9 146.9 144.5 143.9 145.6 149.2 152.2 154.7 158 159.2 157.4 153.1 150.9 150.6 151.6 153.5 155.4 155.8 156.4 156.8 155.6 153.5 153.3 153.2 154.1 154.6 155.8 157.1 156.5 156.3 156.2 158.2 160.4 164 166.4 167.2 165.1 163 160.5 159.8 158.5 157.2 155.7 154.2 153.7 152.7 152.6 157.6 166.9 168.6 165.4 163.3 163.5 162.6 161.9 161.7 165 173.6 186.2 188.2 188.8 188.6 188.8 188.9 190.5 187.8 183.8 183.5 185.5 189.8 194.2 193.7 190.7 186.4 184.5 183.9 184.3 189.2
144.6 146 144.4 144.9 146.7 150.9 154.5 157.5 160.9 162.8 160.4 156.3 152.6 151.7 151.2 153.1 154.6 155.1 154.2 154.8 154.8 152.3 150.4 149.9 149.7 150.4 151.9 152.9 153.5 153.6 154.1 155.5 157.6 160.9 163.3 163.2 161 159.2 156.4 155.8 154.6 152.8 151.4 150.1 149.2 152.5 155.3 165.8 176.8 181.1 177.2 172.8 168.1 164.4 162.8 160.8 162.8 167.5 177.5 181.8 182.2 182.1 182.5 185.2 188.5 190.4 186.7 184.2 185.2 189.5 196 196.9 192.5 186.8 183 181.8 183 186.4
145 143.1 142.5 144.1 146.4 152.1 156.1 159.8 161 160.5 160.8 157.3 154.2 152.8 152.3 152.7 153.6 154.7 153 152.5 152.4 151.6 149.6 148.3 147.3 148.1 148.7 149 149.9 151.3 152.6 153.2 155.9 159.3 161.3 161 157.7 155.9 153.7 151.9 150.4 149.6 148.6 149 152.3 155.2 160.5 172.7 179.7 180.8 179.5 177.9 175.1 170.2 164.4 162 160.8 164.6 169.2 175.4 176.2 176.5 178.4 180.8 184 185.6 185.7 183.8 182 185.4 191.3 194.7 193.5 188.7 183.7 180.8 180.9 183.5
