app/static/ascii/SD86.asc
ncols 200
nrows 200
xllcorner 380000
yllcorner 460000
cellsize 50
[rows 140 to 174 of 200, columns 0 to 77 of 200]
140.8 139.9 138.7 138.9 141.5 139.4 142.3 142.9 140 136.6 133.8 132.9 133 133.2 133.6 133.9 133.7 133 133 133.3 133.6 133.6 133.6 131.5 132.8 145.4 156.4 165.2 167 159.4 152 146.6 146.5 147.4 145.6 143.5 143.2 144 146.3 147.9 148.5 147.2 147.7 153 159.3 164.7 169.8 179.7 190.1 209.6 220 230.4 240.2 251.6 263.6 265.1 272.7 270.4 271.5 272.4 272.7 273.7 275.7 276.7 277 280.4 282.9 281.2 286.2 288.7 290.1 294.1 296.1 293.8 296.6 304 308.8 311.5
140.9 139.8 139 138.2 136.9 140.9 137.4 138 137.5 135.6 133.5 132.6 132.8 132.8 132.5 132.7 132.9 132.2 132.4 132.7 133.1 133.4 132.4 130.9 135.1 150.9 160.5 169.6 167.4 154.3 148.8 145 144.9 144.4 143 141.8 142.1 142.8 143.9 145 146 146.4 150.1 156.8 165.3 169.4 179.1 189.6 204.8 212.7 223.2 231.6 241.7 251.5 262.5 267 279.2 283.4 276 276.3 273.8 271.7 271.1 274 274.4 278.5 280.8 279.5 280.1 285.6 287.8 288.5 292.2 292.7 293.4 298 305.4 310.5
141.2 140.2 139.8 138.5 137.6 135.8 140.2 136.7 133.8 134.6 132.8 132.5 132.7 132.5 132.2 131.9 131.9 131.7 132 132.3 132.6 132.6 131.6 133 140.3 154.4 164.9 168.2 162.9 153 144.9 143.5 142.2 141.6 140.9 141 141.4 142.2 143.1 144.2 145 147 153.8 162 171.2 182.7 194.5 201.8 211.2 218 225.4 234.8 243 251.2 259.8 266.4 276.9 289 287.4 282.6 283.5 278.6 271.5 272.3 270.8 276.5 276.7 277.5 277.2 281.2 286.2 290.5 291 290.1 289.8 292.9 301.4 306.6
141.1 140.3 141.2 141.1 139.8 136.3 134.1 133.4 133.6 133.6 132.3 132.4 132.5 132.2 131.9 131.7 131.5 131.5 131.7 132 132.3 131 132.1 132.6 142.7 155.7 164.4 162.3 154.5 146.4 142.1 140.6 140.6 140.5 140.5 140.7 141.1 141.6 142.5 143.8 145.5 148.7 157.8 166.7 175.6 190.9 207.2 214.6 221.7 227.1 232.1 240.7 247.8 254.7 259.9 265.3 273.6 286.5 295.8 292.3 287.2 285.6 281.5 275.9 271.5 272.4 273.6 274.2 274.9 277.7 281.1 285.7 290.8 289.4 289.1 289.7 297.5 303.8
140.1 138.9 139.7 142.8 142.1 139.1 134.5 135.4 133.9 132.8 132.2 132.3 132.2 131.9 131.7 131.7 131.4 131.4 131.7 131.8 130.9 132.5 132.5 134.2 146.7 157.4 158.9 153.8 144 140.7 140.1 140.2 140.2 140.2 140.3 140.7 141.1 141.5 142.2 143.8 146.4 151.7 163 172.7 182 197.1 213.5 226.9 237.5 242.5 242.6 245.3 253.5 260.5 264.9 269.2 274.7 280.7 289.4 297.4 289.3 284 285.2 282.6 277.8 274.2 271 272.5 274.2 276.4 277.8 281.7 289.7 288.9 288.1 288.6 293.9 300.8
139.1 137.4 138.7 141.3 142.3 140.2 137.2 133.5 138.5 133.5 132.1 132.2 131.9 131.8 131.9 131.6 131.3 131.2 131.7 130.9 131.8 132.3 132 141.9 153.9 155 152.6 147 141.9 139.4 139.4 139.6 139.8 140 140.6 140.8 141.1 141.5 142.1 145.5 150.4 159.1 170.2 177.6 187 202.2 219.4 239 247.9 253.3 255.7 256.7 258.8 264 268.9 271.5 276.1 281 284.6 297.1 291.6 281.9 278 277.6 278.7 277 271.2 271.6 273 274.1 275.5 277.9 285.5 288.4 287.7 287.9 290.8 296.2
136.9 136.8 139.6 138.9 139.6 138.6 134.4 132.5 132.1 138.2 132.8 131.9 132 132.1 131.8 131.5 131.2 131 130.8 130.9 131.4 131.4 136.2 146.1 151.6 151.6 145.6 140.2 148.5 139.7 139.4 139.6 139.8 140.4 141.2 141.4 141.6 141.8 142.4 145.9 157.5 165.8 176.5 182.4 192.5 207.7 227.2 251 253.5 259.7 264.5 267.1 266.1 268.8 271.4 273.2 277.2 282.1 284.8 288.4 292.4 284.4 274.8 272.3 273.6 274.3 270.5 269.8 270 271.2 272.3 274.9 280.4 290 288.5 287.9 290.9 293.9
136.4 135.3 139.8 140.2 138.3 135.1 132.4 131.7 131.8 131.9 135.3 132.2 132.2 131.9 131.6 131.3 131 130.8 129.9 131 130.5 130.4 140.4 146 148.5 146.1 141.3 140 146.9 140.2 139.8 139.6 139.8 140.9 141.8 142 142.2 142.6 143 149.8 160.8 172.6 181.1 189 196.9 213.6 231.7 251.2 260.2 271.1 272.6 275.7 276.1 273.9 274.4 275 277.2 281.9 285.5 286.9 286.3 283.2 273.8 268 267.9 269.5 266.8 267.1 268.2 269 269.8 272.8 278.5 286.7 288.4 289.6 292.3 296
138.2 134.5 137.4 139.9 133.8 131.4 131.5 131.6 131.7 131.8 131.9 131.7 132.3 132.1 131.8 131.4 130.8 129.8 130.6 131 130.3 136.7 140.9 144.8 144.7 141.8 137.6 140.8 142.6 140.6 140.3 140 139.8 141.4 142.4 142.7 143.2 143.6 145.4 154 164.7 177.7 188.1 192.6 200.7 216.8 233.4 253.5 265 273.3 279 278.5 281.8 281 278.8 277.9 277.7 280.1 283.5 285.2 282.6 279 272.6 266.5 261.9 262.2 264.2 265.5 266.7 267.4 268.7 271.2 275.9 280.2 288.3 290.9 291.5 297.1
137.8 136.1 133.7 135.8 131.1 131.5 131.3 131.4 131.5 131.6 131.8 131.9 132 132.3 131.8 131.2 130.4 128.8 129.4 130.5 130.8 136 140.2 144 142.9 139.5 138.6 141.7 143.3 140.3 140.3 140.1 140.3 142.5 143.7 143.4 143.5 143.8 146.5 156.5 167.1 180 197.7 201 206.6 218.4 236.7 253.9 269.4 275.5 277.1 276.7 276.3 279.4 281.8 280.3 277.8 277.1 279.6 281.3 281.5 277.2 272.1 266.9 260.8 257.7 258.6 263.7 265.2 266.5 267.7 269.9 274 278.4 285.1 291.3 289.6 296.2
135.8 136.5 133.4 132.3 131.3 131.3 131.1 131.2 131.3 131.5 131.6 131.6 133.1 132.4 131.9 131.3 129.6 130.7 130.5 129.6 131.7 136.1 139.2 141.3 141 138.5 140.6 142.5 144.4 140.8 140 140 142.2 144.5 146.3 145.8 144.9 145.3 147.9 158.4 170.5 181.3 192.6 200.4 214.6 220.9 235.8 246.8 266.2 273.6 275.2 273.3 273.4 275 281 282.5 280.1 276.2 275.7 277.6 278.2 277.1 273.5 268 262.1 256.4 255.8 260.9 263.9 266.3 266.4 268.3 271.6 274.7 280.4 284.8 287.2 295.6
134.6 135 132.7 131.7 131.4 131.1 130.9 131 131.2 131.2 131.3 131.4 131.5 136.2 132.9 132.1 129.3 129.2 129.9 130 132.2 136 138.4 139.9 139.1 140.3 142.1 144 145.9 142.6 140.9 141.6 144.7 147.4 148.9 148.4 147.1 148.7 151.3 159.5 169.5 179.5 188.1 196.9 214.7 224.2 234.1 243.2 253.7 269.8 276.6 271.7 271 271.9 279 281.7 281.3 276.7 274 273.5 274.9 276.2 274.8 269.5 264 256.1 255.3 256.9 264.9 265.3 265.1 268.3 270.1 272.2 277.2 283.8 285.3 292.2
134 134.2 133.2 131.8 131.5 130.9 130.7 130.8 130.9 131 131.1 131.2 131.3 131.3 135.6 133.2 128.9 128.6 129.2 130.1 133.4 136.1 138 137.4 138.8 141.5 143.5 146.5 147.6 144.4 141.9 144.6 148.4 151.1 153.6 151.1 149 150.4 153.6 160.4 168.9 178 185.4 193.2 207.8 220.1 230.7 239 247.6 256.9 273.7 271.8 269.5 269.1 272.6 277.2 281.7 281.6 275.6 272 271.3 272.7 273.6 269.5 265.3 257.6 255.7 256 260.9 263.8 264.5 264.9 268.8 270.9 276.9 281.7 283.2 278.6
133.4 133.5 132.3 130.2 130.2 130.3 130.5 130.6 130.7 130.8 130.9 131 131.1 130.9 130.5 133.2 132 129.7 129.5 130.4 133.2 134.6 135.1 136.1 138.8 141.5 144.3 148.3 147.9 146.4 144.4 146.6 151.5 156.2 159.1 155.1 152.6 152.2 155.8 158.9 166.9 175.3 184 191.6 202.9 216.1 224.8 235.4 246.4 249.9 262.5 272.5 270.7 269.2 271 276.2 283 288.3 282.9 274.4 270.6 269.9 270.4 273.3 269.9 263.1 257 255.6 258.6 259.8 262.6 263.2 266.7 270.4 274.4 279.4 280.2 264.4
132.6 132.3 132.8 129.6 129.9 130 130.2 130.4 130.5 130.6 130.7 130.8 130.9 130.5 130.3 130.2 129.9 129.4 129.1 130 133.1 133 133.1 135.8 138.8 141.5 144.1 147.8 148.6 148.2 148 150.3 156 161.5 164.4 159.8 155.1 155.2 159.4 164.7 168.4 172.5 179.1 187.2 199.6 214.5 224.2 231.6 241.5 247.4 253.1 270.4 271 268.1 270.2 277 284.7 290.1 290.3 284.5 274.1 270.8 269.2 271.6 271.1 266.6 260.5 256.1 256 257.4 259.9 261.6 265.4 269.8 272.4 277.1 272.5 271.3
132.5 130.9 133.6 129.4 129.6 129.7 130 130.1 130.2 130.3 130.4 130.5 130.6 130.2 130.1 130 130 131.2 128.5 129.3 129.9 130.1 131 134 137.9 141.3 144.2 147.2 150 152.1 153.1 155.5 159.9 164.7 167.5 162.4 157.3 159 163.2 167.7 172.7 177.7 182.8 189.1 196.4 210.6 221.1 230 238.5 245.8 251.1 260.2 271.3 266.7 268.8 273 282.9 290.9 293.2 291.7 287.1 274.5 269.3 269.3 270.3 270 266.2 258.2 255 255.1 254.5 258.9 264.4 269 272.4 272.8 261 280.8
130.9 129.2 132.2 130.9 129.1 129.4 129.7 129.8 129.9 130.1 130.2 130.3 130.3 130 129.9 129.8 129.6 131.2 128.9 129.7 129.7 129.7 129.6 132.8 136.6 140.1 143.2 147 150.8 155 157.7 160.6 162.9 166 169.1 164.8 159.8 162.6 167.4 171.7 176.6 180.9 186.2 194.6 202 211.9 223.1 232.3 237.4 244.2 251.8 256.4 270 267.3 267.7 270.6 277.4 289 294.8 294.7 292.2 283.9 273.9 271.4 272.2 272.7 270.6 265.6 258.9 254.4 252.5 256.5 261.7 268.1 268.7 257.4 271.4 280.6
128.8 128.8 128.8 132.4 128.9 129.1 129.4 129.5 129.7 129.8 129.9 130 130 129.7 129.7 129.6 129.6 128.3 128.8 133.2 129.4 129.2 129.3 129.8 135 138.4 142.5 147 153.2 157.9 161.5 163.5 164.6 166.2 168.8 166.7 162 164.4 172.9 176 180.4 184.7 191.4 200.2 207.9 214.4 223.5 233.2 240.7 246 250.1 255.9 262.3 269.4 267.1 271.5 273.9 279.2 290.9 294.3 293.8 288.3 278.9 275.7 273.5 273.3 272.3 270.5 265.1 258.5 252.6 255.1 259.9 266.1 264.8 257.5 267 277.8
129.1 129 129 128.9 128.8 128.9 129 129 129.4 129.5 129.6 129.8 129.7 129.6 129.5 129.4 129.3 128.6 128.4 132.9 132.5 128.6 128.5 128.8 132.7 136.4 142.2 146.7 157 161.2 164.5 165.8 165.6 166.6 167.5 166.2 165.2 167.4 175.8 180.1 184.1 189.1 195.1 205.3 213.2 216.1 222.7 233 244 252 256 260.2 263.9 263.7 267.6 272.6 274.5 276.4 281.5 289 290.7 289 281.9 278 275.4 273.7 272.3 271.1 268.9 263.5 256.3 251.8 258.6 262.4 254 266.6 270.3 263.4
128.7 128.7 128.7 128.8 128.5 128.5 128.6 128.6 128.8 128.6 128.8 129.1 128.4 128.4 128.8 128.5 128.9 128.4 128.8 128.9 130.1 129.3 128 128.5 133.1 135.5 142.2 145.8 157.3 165.1 166.8 166.1 165.5 165.9 166.8 166.3 165.8 168.5 174.1 182.7 187.8 192.5 197.6 207.3 215.5 219.3 223 232.2 243.6 252.1 261 266.2 269.3 270.9 272.1 275.3 275.6 277.2 279.6 283.5 288.1 288.2 284.7 281.1 278.4 276.4 274.1 271.8 269.7 265.5 260.8 252.4 251.6 248.6 258.5 271.7 276.3 280.6
128.4 128.4 128.8 128.6 128.4 128.1 128.2 128 128.3 128.6 127.2 127 126.8 127.3 127.8 128.1 127.2 128.3 128.4 128.4 128.4 128.6 127.8 128.2 133 135.1 140.6 143.8 158.2 165.9 166.8 166.3 164.6 166.2 166.4 166.5 167.3 169 175 184.6 190.6 196 200.1 206.8 212.8 219.8 225.1 231.7 242.7 251.3 260.4 270.5 275.1 277 277.8 277.8 279.1 282.4 283.6 285 287.8 287.7 286.6 285 282.6 277.2 273.8 271.3 268.5 266.8 262.1 255.4 247.5 252.4 264.4 270.9 276.9 284.6
128.1 128 128.7 128.5 128.2 128 127.8 127.8 127.7 128 128.1 127.2 127.1 126.9 126.9 127 127.9 127.9 127.9 127.9 128 128 130.4 127.5 132.4 134.9 138.4 142.1 157.8 162 165 164.3 165.1 168.5 169.5 168.9 169.3 171 178.1 186.3 193.2 199 203.6 207.1 216.8 223.8 227.6 233.7 242.5 250.8 259.4 269 278.3 281.8 282.9 283.4 284.4 286.7 288.1 288.6 287.8 287.9 287.5 286.8 285.6 281.3 276.7 271.2 266 264.1 261 252.1 245.2 256.7 263.9 268.9 275.3 286.5
127.9 128.4 128.6 128.3 128.1 127.9 127.6 127.5 127.1 127.3 127.6 127.3 127.3 125.7 127.9 127.6 127.7 127.5 127.5 127.6 127.6 127.6 128 131.7 130.5 135.7 137.6 141 154.7 158.3 161.3 163 164.3 167.4 167.7 170.4 172.5 173.3 182.1 188.6 194.3 201.1 205.2 208.8 215.1 222.4 229.2 235.4 244.1 251.3 258.4 266.5 275.9 280.2 284.7 288.7 290 291.4 292.1 290.4 288.4 287.6 287.2 287.5 287.4 285.3 279.7 272.5 263.8 261.2 258 249.5 245.8 255.5 263.6 267.5 271.3 286.4
128.2 128.3 128.4 128.4 128.2 127.9 127.6 127.3 127.8 127 127.1 127.3 125.8 127.5 127.6 127.5 127.4 127.2 127.2 127.2 127.2 127.2 127.3 130 131.6 132.5 136.1 140.5 150.7 154.9 157.9 160.4 158.8 162 166.6 172.6 177.3 177.9 184.4 189.6 194.4 200.3 207.6 211 218 224.3 232.1 240.5 246.8 251.6 257.7 264.5 272 278.3 283.1 288.6 294.2 296.2 295.7 292.8 290.2 287 286.9 286.9 288.1 287 282 274.6 266.6 257.3 254.5 242.5 244.4 255.2 261 265.8 271 282.6
127.8 128.1 128.1 128.1 128.1 128.1 127.9 127.6 127.2 127.3 127 126.6 127.2 127.4 127.4 127.3 127.1 126.9 126.8 126.9 126.9 126.9 126.8 126.6 127.6 132 134.9 139.6 148.1 151.4 154.3 155.4 156.8 163.4 167.9 175.8 181.7 182.6 186.4 191.5 195.9 201.8 209.1 215.8 221.1 225.6 232.7 241.5 251.1 257 258.1 263.4 269.8 274.4 278.9 285.2 291.6 296.7 298.4 295.6 291.2 287.8 286.1 286 287.2 286.3 282.1 277.2 269.5 257.6 247 238 246.8 252.1 257.9 263.1 266.8 277.1
127.8 127.8 127.8 127.8 127.8 127.8 127.8 127.6 126.8 126.8 126.8 126.4 126.6 126.9 127.2 127.1 126.9 126.7 126.5 126.5 126.5 126.6 126.4 126.4 127.8 130 133 139.2 144.6 148 149.8 151 155.7 166.6 171.6 179.5 186.6 188.9 190.9 194.1 198.2 203.2 209.9 216.6 222.4 225.8 233.1 242 254.7 261.7 262.8 263.5 268.4 272.2 276.2 282.7 289 295 298.3 297.9 293.4 289 286.5 285.4 285.3 284 281.2 276.3 264 252.7 242.2 238.3 246.6 249.8 254.4 259.2 264 273.9
127.5 127.6 127.6 127.7 127.7 127.7 127.7 127.7 126.7 126.7 126.9 127 125.7 126.3 127 126.9 126.6 126.4 126.2 126.1 126.2 126.1 126.1 126.2 126.3 129.6 131 138.6 140.4 145.7 147.2 149.5 157.6 168.5 177.6 178.8 189.1 198.7 200 201.1 203.4 204.7 211.5 218 223.3 227.8 234.2 243 257.8 266.1 267.5 268.7 270.8 271.3 274.4 280.5 287.3 293 296.9 299.6 296.1 290.1 287.1 285.4 284.4 282.3 279.8 274.7 265.7 254.8 239.9 235.5 243.5 246.6 252.2 257.5 265.8 273
127.2 127.3 127.4 127.4 127.5 127.6 127.6 127.6 126.8 126.6 127 127.1 125.9 127 126.9 126.8 126.5 126.2 126 125.8 125.8 125.7 125.8 126 126.2 129 129.7 138 134.8 141.9 146.7 152.4 157.6 169.2 179.7 179.2 188.7 204.4 208.5 209.4 210.9 212 214.8 220.1 225.8 230.3 234.9 241.6 258.4 271 272.3 272.5 272.2 272.3 273.6 278.1 284.9 290.1 294.7 299.4 298.2 292.4 287.8 285.6 284.6 282.6 276.7 271 263.4 255.4 242 233.6 238.9 244.8 251.9 259.8 266.1 271.9
127 127 127.1 127.2 127.2 127.3 127.4 127.4 126.8 126.6 126.8 127 127.2 126.4 126.7 126.7 126.4 126.1 125.8 125.5 125.4 125.6 125.7 125.7 125.8 127.2 128.5 137.7 131.9 138.1 144.3 153.3 156.4 155.5 171.3 176.4 188.7 203.7 213.6 217.8 218 218.7 220.7 223.6 228.7 233.1 237.3 242.3 253.3 268.7 278.1 275.6 273.9 273.8 274.9 277.4 282.1 287.3 292.3 297.4 297.4 294.2 287.9 285.7 284.2 282.2 275.3 265 258.7 252.5 243.9 232.7 235.9 243 251.7 260.1 266.9 271.8
126.7 126.8 127 127.3 127.4 127.2 127.2 127.2 126.7 126.3 126.5 126.7 126.9 127.1 125.2 126.5 126.3 126 125.6 125.4 125.2 125.3 125.3 125.4 125.4 126.7 127.7 137.2 130.5 136.3 143.9 147.3 150.9 156.2 166.7 176.4 190.1 204.8 213.1 223.9 228.1 228.4 228.3 229.3 233.5 237.5 240.7 245.5 252.9 266.8 275.8 278.3 276.7 275.4 277.2 279.1 282.1 285.4 290.3 295.4 298.9 296.1 289.7 285.3 283 278.9 271 260.7 253.6 247.9 241.7 232.2 232.6 242.5 247.2 260.4 267.9 272.5
127.3 127.5 127.2 126.9 126.9 126.9 126.9 126.9 126.5 126.2 126.2 126.4 126.6 126.8 126.9 125 126 125.7 125.4 125.2 125.1 125 125.1 125.2 125.9 126.3 127.4 136.4 129.4 133.8 142.6 146.8 151 157.6 167.9 179.5 196.3 207.3 212.9 225.9 236.9 238.8 237.8 238.1 240.5 244.4 247.2 248.8 254.9 261.5 277.3 280.8 279.5 278.8 280.1 281.2 282.3 284.2 288.2 293.1 297.7 299 294.5 286.7 283.7 280 272 259.8 249.7 244.9 239.9 230.6 232.4 240.4 246.3 258.8 265 270.6
126.9 126.6 126.6 126.7 126.7 126.7 126.6 126.6 126.4 126.4 125.9 126.1 126.4 126.5 126.7 124.7 125.6 125.4 125.3 125.1 124.9 124.8 124.9 125.1 125.7 125.9 126.4 135.1 129 133.9 143.3 147.2 152.5 162 173.8 184.5 194.7 210.7 221.2 227.8 238.5 245.6 245.4 247.1 250.1 252.6 255.2 256.9 258.8 262.4 270.3 285.9 286.2 290.5 287.8 286 285.5 287.2 290 293.5 297.2 298.2 296.2 290.9 282.2 278.1 271.3 262.5 250.5 242.8 237.3 229 231.6 240.4 252.3 259.3 266.2 273.8
128.3 126.4 126.4 126.4 126.4 126.4 126.4 126.4 126.3 126.4 125.6 125.8 126 125.8 126.2 126.2 124.8 124.8 124.9 124.9 124.8 124.6 124.7 125.1 125.1 125 128.1 133.7 129.3 133 141.1 148.3 157.7 171.2 180.9 189.8 195.7 217.1 232.2 240.3 244.2 248.2 249.6 252 256.5 261.8 263.6 263.9 265.5 266.3 267.2 277.2 289.8 294.7 300.8 299.8 293.9 293.4 294.8 295.9 297.7 297.6 296.6 292.8 283.4 275.7 268.6 260.5 251.8 242.1 236.1 227.4 230.6 238.3 249.5 258.8 266.4 275.3
131.4 126.2 126.2 126.2 126.2 126.2 126.2 126.3 126.9 126.7 126.4 125.3 125 125.6 126.2 125.4 124.9 124.8 124.7 124.5 124.4 124.4 124.4 124.6 124.7 124.8 129 128.8 129 130.7 135.5 150.5 163.9 175.1 181 183.9 194.1 216.2 241.4 252.6 255.5 254.5 252.8 254.3 258.5 264.5 268.4 272.7 273.7 273.9 272.2 274.4 283.4 292.3 306.1 310.4 307.1 303.8 304.8 301.2 301.4 299.9 296.7 292.8 284.2 274.7 266.8 258.5 252 242.9 235.6 228.3 228.3 237.8 250.1 258 266.1 275.9
133.3 127.5 126.1 126.1 126.1 126.2 126.2 126.7 126.6 126.4 126.6 125.9 124.8 125.2 126 126.2 125.9 125.6 125.4 125.1 124.8 124.5 124.5 124.7 124.8 126.6 128.8 131.2 128.6 129.6 133.3 146.7 159.3 170.5 176.3 181.5 190.2 208.2 235.9 252.2 257.9 259.5 262 262.3 261.3 264.3 268.9 275.6 280.3 282.3 282.5 282 281.8 284.9 294.6 308.1 312.7 316.8 316.4 312.7 306.8 302.1 297.9 293.3 284.1 274.3 267.9 258.4 251.3 242.7 236.1 226.6 226.5 235.5 249.9 253.9 266 276
