app/static/ascii/SD89.asc
ncols 200
nrows 200
xllcorner 380000
yllcorner 490000
cellsize 50
[rows 35 to 69 of 200, columns 78 to 155 of 200]
535.1 520.4 509.8 499.9 510.5 524.8 539.1 548 557.2 566.6 574.2 579.2 581.6 585.1 590.4 589.7 592.6 595 598.3 600.8 601 599.6 594.1 599.5 600.6 603.4 606 606.8 608 610.9 611.8 611.6 609.1 605.3 602.7 600.7 598.5 595.5 590.4 580.3 572.5 566.1 557.1 550.4 543.2 536.8 530.5 521.2 518 513.3 507.5 503.3 497.9 493 488.3 482.2 477.3 476.4 473.1 467.7 461.9 459.8 455.8 453.5 452.7 452.5 451.5 449.4 446 443.5 440.7 436.9 432.8 428.2 422.5 411.1 414.1 413.9
540.6 522.9 509.1 510.8 510.4 523.9 545.6 556.5 565.8 575.8 584.5 589.4 593.5 597.9 601.3 603.8 606.8 608.5 609.1 609.6 608.7 608.3 605.3 608.8 610 613.5 615.3 617.3 617.5 619.2 619.3 618.1 614 608.2 604.1 601.4 599.1 596.2 590.1 578 570.2 560.9 551.9 545.9 539.7 532.8 526.4 517.6 501 502.9 498.2 493.6 488.5 483.3 479.2 474.7 463.4 466.7 461.6 458 453.7 450.9 444.5 444.3 443.6 442 440.1 437.4 436.5 433.9 430.9 427.7 424.4 419.5 415.8 411 400.9 404.4
544.6 528 522.8 530.9 519.9 529.5 547.7 562 575.1 584.9 592.1 599 604.4 609.1 610.7 613.4 614.3 615.8 617 617.5 617.2 618.5 615.3 621.1 622.5 624.9 626.9 626.7 625.9 623.8 623.6 620.3 614.5 607.9 604.2 601.3 597.7 594.1 586.3 573.8 564.3 554.7 547.4 542.3 535.6 528.6 520.9 512.6 504.1 496 485.1 482.5 478 473.7 470.8 465.9 462.3 458.2 454.6 447 445.8 442.3 437.6 431.8 433.4 432.5 429.1 426.5 423.8 421.5 419.7 417.3 414.2 411.2 406.9 402.5 398.3 395
552.2 526.7 536.8 544.8 536.5 537.9 545.4 559.9 576.3 592.5 599 605.7 613.2 615.5 617.1 620.9 624.3 625.9 626.4 626.7 627.8 630.2 630.3 635.3 639.3 640.3 640.1 639 636.3 632.8 628.8 623.1 614.5 608.5 602.8 600.3 596.2 592.8 582.5 570.2 559.1 550.4 543.8 539.1 532.4 524.5 515 506 498.1 488.5 482.4 466.3 468.9 465.9 463.3 457.8 451.8 445.8 444.4 438.8 435.6 432.8 426.6 413.3 421 416.6 417.1 413.5 411.1 408.7 405.7 407.1 403.7 401.7 398.6 395.3 389.5 381.7
555.9 541.4 551.4 556.7 553.5 539.7 552.8 564.9 585 595.4 603.7 610.8 615.7 619.1 626.3 632.4 636.6 637.8 639.2 640 640.5 642.1 644.9 648.5 652.2 654.1 653.1 652.6 646.3 639.1 632.4 624 615.8 605.6 600.5 596.8 593.6 589.6 579.3 565 555.2 546.1 539.6 535.1 527.9 519.3 509.5 501.9 492.6 482.1 475.8 467.5 457 456.2 445.3 440.2 432.4 427 421.4 418.3 413.8 410.8 404.3 399.5 395.5 396.8 393.6 389.2 389.8 386.5 387.9 389.6 387.8 386.5 384 378.9 376.5 367.1
555.8 559.2 569.4 570.5 562.7 553.4 566.4 582.4 590.6 599.7 606.5 614 622.2 631.4 639.7 645.6 648.5 649.7 650.7 651.5 652.1 654.6 654.6 652.4 654.3 654.5 654.5 654.5 653.6 645 634.8 624.8 615.1 603.5 597.1 591.5 589.8 585.4 572 559.1 549.5 541.4 535.5 530.4 521.8 512.7 504.3 494.8 487.5 476.4 468.6 452.5 443 442.5 442 444.4 442.6 439.9 435.2 433 426.9 423.1 423.8 418.9 414 409.2 404.9 401.8 396.7 389.4 382.1 370 366.5 361.8 358.6 358.3 352.3 352.3
574.9 580.9 584.7 586.9 581.8 560.1 580.2 590.7 596.8 602.3 612.4 620.8 634 646.5 651.6 654.2 654.6 655 657.5 656.9 658.1 658.9 658.3 656.1 655.4 655.6 656.1 654.2 653.5 649.5 636.7 623.7 610 600.5 593 589.6 586.2 579.8 567 556.1 545 537.8 531.4 521.3 513 505.2 496.4 485.8 476.2 461 452.6 460 459.7 461 460.2 459.4 458.2 456.9 455.4 450.6 445.9 442.4 438 433.8 428.3 423.4 417.3 411.8 406.6 402 397.3 392.8 387.1 383.7 373.6 366.1 361.3 360.4
587 590.8 594.4 596.2 593.1 580 588.9 600.2 604.9 610.9 618.1 631.9 646.4 652.2 655.4 657.6 659 662.7 663.8 664.1 664.5 665 664.3 658.5 656 656.5 658.8 655.5 652.6 648.8 634.9 618.7 607.9 597.1 589.9 586 582.6 574.7 560.7 550.9 542.8 534 525.4 513.3 506.2 493.9 484.6 467 467 470.3 473.5 475.1 477.8 478.3 476.9 475 473 469.6 466.4 463.4 461.8 457.2 452.4 446.3 440.5 434.7 428.9 422.6 416 410.3 404.3 399.4 394.1 390.1 385.2 380.2 376.1 369.8
595 600.5 604.4 608.2 604.8 593.8 597 604.7 610.8 616.1 632.1 646.8 651.5 655.6 658.6 660.7 663.2 664.3 665.7 666.7 667.8 668 666.9 662 660.1 659 657.8 656.9 653.2 647.1 624.6 615.6 605.6 595 589.4 583 575.8 566.7 556.3 546.5 536.5 528.9 514.2 501.7 492.5 479 479.7 483.7 485 485.9 487.7 488.6 491.4 491.9 492.3 491 490.2 486.9 482.6 474.6 472.7 469.8 465.6 459.8 454.2 447.4 440.1 431.6 425 418.1 411.7 406.6 402.7 397 391.7 384.1 377.7 375.4
608.9 613.6 615.7 618.3 619.4 610.6 603.6 618.1 625.5 640 646.3 652 656.4 657.9 661.4 662.7 664.9 666.5 667.3 667.8 669.1 669.3 668.4 666.8 666.9 662.9 658.2 657.5 654.3 645.9 621.8 612.3 601.3 594.5 588.1 581.4 572.3 561.8 549.5 540.7 529.2 515 504.6 488.6 492.8 496.8 496.4 498.4 499.4 499.9 500.4 501.7 501.4 501.3 500 498.4 498.4 498.2 496 493 486.9 479.2 475.2 470.5 466.2 459.2 452.1 444.8 437.3 427.8 419.7 413.1 407.7 403.3 397.1 388.2 384.9 380.5
619 621.5 623.3 626.3 628.5 628.5 626.1 637.1 643 648.1 652 656.2 659.6 663 666.2 668.5 670 671.9 673.2 671.2 671.5 670.9 671.9 670.1 668.4 666.2 661.3 658.6 656.6 647.3 625.1 606.3 598.2 591.2 584.4 578.1 569.2 557.8 545.1 539.1 522.9 505.1 501.7 505.5 503.9 505.7 510 512.2 511.5 512 511.5 510.7 510.8 510.7 510.1 508.9 508.7 506.5 504.9 499.6 498.5 493.8 489.5 483.2 474.8 471.9 465.2 456 447.8 438.7 429.7 420.8 413.8 407.3 399.2 393.5 388.7 381.9
623 625.7 627.6 630.3 634.7 638.5 641.2 644.4 648.5 652.1 655.3 658.9 661.9 664.7 668.4 669.6 671.2 671.6 674.7 675.3 676.3 675 674.5 673.2 670.2 667.4 663.6 659.6 657.6 650.6 624 607 596 589.8 583.4 578.1 563.7 551.5 541.7 535 521.3 514.9 515.2 515.8 518.6 523 524.5 526.2 524.9 523.3 522.4 522.3 521.4 521.4 520.1 519.4 518 514.9 513.4 510.4 506.6 500.6 498.9 493.6 487.1 480.4 474.1 466.9 457.6 449.1 439.9 427.8 418.3 412.7 405.1 400.1 393.6 384
629.8 630.2 631.7 634.4 639.6 643.3 646.7 648.9 649.8 653.8 658.3 661.9 664.6 666.6 670.1 670.1 670.4 671.4 673.6 675.6 678.7 678.7 677.6 675.9 673.4 667.9 665.7 660.9 658.6 652.5 631.2 609.6 595.3 588.1 583.6 578.7 564.5 551.3 542.8 537.1 525 527.7 529.7 532.2 534.9 538.1 538.3 537.9 536.2 534.9 533.1 533.7 533 532.2 532.3 531.1 529.1 525.3 520.7 517.9 514.3 510.4 505 500.3 493 485.9 481.3 475.6 466.1 458.1 447.3 428.7 429.4 418.8 411.1 404.4 397.7 382.1
631.8 632.3 633.2 635.4 639.8 645.3 649 651 654.4 657 660.6 663.4 665.5 667.6 669.5 670.3 672 673.3 674.9 677.3 678.6 679.7 679.9 678.9 675.9 670.3 667.7 663.6 659.1 654.7 639.7 612.7 596.8 588.8 584.8 581.1 563.1 546.6 539.9 545 547.9 549.2 549.9 551.4 551 552.5 551.5 550.9 548 546.5 546.1 545.6 543.8 543.6 542.3 541.3 538.5 534.3 530 525.5 521.7 517 512.9 505.5 498.9 494.2 487.6 480.8 472.1 463 445.7 438.4 433.7 420.5 414.3 399.4 388.4 399.4
632.8 634 634.3 636.5 640.7 644.1 648.3 652.9 655.4 657.8 660.5 663.2 665.6 667.1 669.5 670.7 672.4 673.2 674.6 676.4 679 680 680.6 680.6 679.2 674.9 666.7 664.5 660.5 654.1 644.1 617.8 600.1 590.8 585.3 579.9 557.4 556.7 562.4 565.5 564.7 563.7 562.7 563.3 561.9 562.3 562.2 561.3 559.5 559.9 561.7 560.7 558.1 554 550.1 547.9 546 542.9 538.1 533.3 528.2 522.8 517.4 511 506 498.5 491.1 485.1 475.7 461.4 449 441.8 433.3 424.7 412.1 398.5 409.9 411.1
630.2 632.6 636.4 638.5 641.4 644.1 648.6 648.6 655 658.5 662.2 664.7 665.7 669.3 670.3 673.7 676.8 679.4 682.2 683.6 685 684.4 684.1 683.8 681 677.8 668.9 664 660.2 654 643.6 622.9 603.7 592 586.9 578.6 574 578.3 578.9 579.2 576.9 573.3 573 575.5 578.4 577.3 575.3 572.9 570.5 569.4 569.1 569.2 570.2 567.7 561.2 554.1 550.6 546.9 542.9 537.7 530.2 525.4 518.6 512.5 506.7 497.8 491.8 484.8 474.3 462.5 452.6 441.8 434.7 423.9 407.6 418.2 421.4 421.9
632.4 634.9 636 637.5 640 642.4 645.1 649.2 655.8 658.8 662.1 664.7 668.1 670.5 673.3 676.7 681.5 685.6 690.6 693.6 696.3 694 692.2 686 682.4 679.5 672.5 661.9 659.4 653.6 642.7 628.7 611.6 598.6 591.2 584.1 585.7 584.9 585.7 584.8 580.7 580.2 581 583.7 584 585.2 586.1 586.1 585.7 584.9 580.8 577.4 574.5 573.3 571.1 567.1 560 552.3 545.7 539.1 531.9 524 517 513.7 507.5 499.4 492.5 483 469.8 461.7 448.1 439.2 430.6 415.4 429.6 431 431.6 431.2
633.8 636.6 637.7 639.3 641.1 643.7 645.6 652.1 656.4 660 663.7 667.1 671.9 674.6 679.3 685.2 690.8 697.2 701.9 706.2 708 707.3 702.1 690.5 682.8 678.6 672.4 660.8 658.5 654.2 646.1 637.8 628.2 611.6 594.3 596.4 597.9 597.5 594.5 591.5 589.6 589.3 588.5 588.9 590.6 590.3 590.9 590.4 592.2 591.8 593.3 589.3 583.2 577.4 572.7 570.1 565.7 558.2 546.9 538.3 530.9 523.9 519.1 512.2 506.4 499.8 490 480.4 469.3 457.8 441.6 425.7 432.9 438.9 439.8 440.7 440 439.7
633.5 637.6 637.5 641.3 642.7 645.7 647.8 652.7 658.4 661.4 665.4 670.4 677 683.1 688.8 695.5 701.3 706.8 710.5 712.4 712.1 711.6 708.1 697.6 686.8 678.4 672.2 663.2 658.4 650.4 643.3 641.7 633.5 620.5 614.7 617.2 616.8 608 605.4 603.8 601.8 600.1 598.3 597.5 598.9 599.4 598.4 598.6 598 595.3 596 594 589.8 581.3 575.3 570.8 567.9 562.4 551.8 540.9 532.7 525.6 519.6 512.2 505.4 494.4 485.5 475.8 461.1 447.2 439 446.4 447.8 448.4 448.5 449.1 449 448.9
634.7 635.5 637 641.4 645.1 647.5 651.5 655.1 658.9 664.2 670.3 677.2 685.5 691.8 698.3 702.3 706.6 710.2 714.1 714.4 710.5 710.3 708.8 699.4 687.4 678.5 672.2 666.2 660.7 649.1 643.1 641.8 637.5 632.8 634.5 634 629.6 624.1 623.5 621 616 611.5 610.8 610.1 610.9 610.3 605.7 604.5 602.8 600.4 599.2 595.2 590 582.6 578 572.1 566.6 561.8 551.8 540.4 533.1 526 518.2 510.3 501.4 491.6 482.4 471.2 456.5 439.5 455.4 457.2 458.9 458.9 459.3 459.2 457.6 457.7
633.3 635 638.1 641.8 644.9 647.7 652.5 656.9 662.6 667.7 675.5 684.5 694.1 700.1 704.7 706.4 709.5 712.1 710.7 708.7 707.1 706.8 706.2 696.4 685.2 677.3 672.5 667.4 662.5 654.7 649.6 643.1 640.5 639.8 642.4 643.2 642.7 638.6 634.9 630.8 629.8 627.9 625.5 624.2 623 619.8 615.9 613.2 610.1 605.7 602.5 595.8 590.7 585.7 578.4 571.6 566.8 560 548 539.5 532.8 524.1 516.4 507.3 498 488.9 478.4 461.5 453.5 460.5 466.7 471.9 473.9 475.2 476.3 476.6 475.5 473.2
632.7 634.9 637.3 641.5 644.7 648.3 652.6 658.4 664.5 672.7 680.5 693.8 701.6 705.8 707 707.8 708.1 705.9 704.4 704.5 703.4 703.7 700.2 691.4 680.6 674.9 672.1 668.4 664.3 656.2 650.3 644.5 642.6 643.1 645.2 645.7 646.1 644.2 642.1 642.7 644.3 642.8 640.1 638 634.5 627.8 624.6 620.9 616.3 612 604.5 598.1 592.3 586.3 578.5 571.6 563.3 554.8 544.5 536.2 528.5 519.8 511.4 502.2 491.3 477.9 462.8 464.6 471 476.8 480.4 485.7 490.8 493 489.8 490.1 490 485.6
632.9 634.8 637.6 640.8 644.2 648.2 653.2 659.6 666.6 678.6 690.7 698.4 704.4 706.9 707.3 706.6 704.1 702.5 700.4 697.4 690.1 691 688.7 680.3 676.6 672.6 671.1 668.3 664.5 657.3 649.5 645.9 644.2 644.5 646.2 644.8 644.1 645.9 646.2 648.4 650.4 649.8 648.9 647.6 645.1 638.9 629.9 624.8 620.7 613.1 605.6 596.8 591 586 580.4 570.6 559.3 550.1 542 533.1 524.7 515.8 505.6 490.3 476.5 466.1 476.7 484.9 489.6 492.6 496.1 499.5 504.7 506 505.6 502.8 503.9 498
633.3 635.2 637.5 640.7 644.9 649.3 654.8 661.3 670.2 680.9 694.2 697.7 701.9 705.4 705.6 703.4 701.7 702.4 695.5 687.9 680.5 679 676.5 674.3 672.3 670.5 669.9 666.7 664.1 660.3 652.3 650.3 648.1 646 646 645.5 646.2 648.6 649.5 651.2 652.1 651.7 650.7 650.1 649.4 647 637.9 628.1 621.4 614.3 605.4 597.8 590.9 586.2 578 569.5 559.1 549.7 541.1 530.6 516.3 501.8 487.7 482.4 483.9 491.1 494.9 500.2 502.8 507.7 510.3 511.8 511.8 509.8 511.4 509.2 507.9 504.5
633.4 635 637.4 640.8 645.6 649.4 655.8 663 672.4 683.6 692.5 695 698.4 699 699 699.7 701.2 694.7 688.3 676.4 673.2 672.1 670.9 670 668.7 668.2 666.6 666.5 664.7 661.8 656.6 651.4 649.6 646.5 646.8 646.3 646.5 648 648.4 650.3 651.8 651.5 650.6 650.2 649.5 648 637.8 628.7 621.6 614.1 603.9 596.4 591.9 587.3 576.6 565.8 557.2 549.9 539.5 531.9 518.4 506.6 498.1 498 502.9 505.8 509.8 514 519 521.6 523.1 523.7 524.1 523.6 521 519 513 509.1
631.6 634.5 636.9 640.6 645 649.8 656.3 665.6 677.3 689.4 693.3 694.5 693.8 694.7 695.6 695.4 693.2 685.9 678 669.9 667.2 667.5 665.8 667.1 667.5 665.8 665.7 665.4 664.8 662.3 658.2 652.2 648.9 648 647.8 646.7 646.3 646.2 645.9 648 649.8 650 649.7 649 648.5 642.6 631.3 624.7 619.9 612.9 604.2 595.3 591.8 587.5 576.3 567.1 558.3 550.8 541.1 534.4 528.1 522.1 504.8 510.9 518.2 522.5 526.7 530 531.4 533.9 534.6 535.2 535.8 535.5 532 525.3 518 510.3
632.6 635.1 637.2 641 644.7 649.8 657.2 667.1 681.6 690.2 691.9 693.3 692.6 692.2 691.2 688.3 682.2 675 668.9 664.9 664.6 663.7 664.3 663.7 664.2 664.5 665.5 664.5 663.4 661.8 659 652.9 650 649.3 648.6 647.3 646.5 647.8 645.7 646.8 648 648.1 648.2 647.6 646.4 636.8 626.7 623.3 617.2 611.8 601.8 594.1 589.9 586.4 579.8 568.2 560.5 554 547.9 539.9 534.3 521.5 522.2 529.3 531.7 535 537.8 540.8 542.6 543.6 545 545.7 547.1 546.8 541.9 531.4 518.9 511.3
631.4 634.4 638 641.5 645 649.7 655.6 667.7 681.5 689.2 691.1 690.7 690.3 690 681.9 676.4 671.4 667.8 663.5 661.3 662.4 661.4 662.3 662.3 661.3 663.6 664 663.5 663 662 661.4 654.1 651.7 651.7 648.3 647 646.4 647.5 645.6 645.8 646.3 646.5 646.2 645.5 644.4 635.3 625.5 620.3 616.3 609.2 597.8 592 588.3 585 581.4 573.3 566.1 560.9 554.2 543 538.9 535.7 537.5 541.1 544.2 547.1 549.4 550.2 550.5 551 552.3 551.9 556.7 557.4 546.7 534.7 521.2 512.4
632.2 634.5 641.1 643.3 646.4 650.2 656.3 666.2 681.1 686.5 685.2 687.1 676 677.7 670.3 667.3 664.4 662.1 660.8 659.7 660.6 659.5 659 659.8 660.5 662.6 663.1 663.1 661.5 660.9 659.2 653 650.2 649.1 648.4 647.4 645.6 646.3 643.2 643.5 644.1 644.5 644.1 643.2 640.5 630.9 622.2 618.9 612.4 606.7 598.9 593 588.1 585.1 582.5 575.1 568.6 563 557.3 552.4 549.2 544.6 549.5 552.1 555.3 557.4 560.3 561.9 561.3 563.3 562.4 559.5 558.1 557.4 547.9 535.6 523.2 511.6
633.9 636.9 639.8 643.8 647 651.1 655.9 664.3 675.6 678.2 673.4 674.5 667.5 666.6 664.7 662.5 660.4 659.3 657.5 658.5 656.6 658 657.7 658.7 660.1 661.5 661.9 662.5 660.9 660.7 659.4 653.6 649.9 649.3 648.4 647.8 645.2 643.9 642.4 643.7 642.7 642.1 642.1 639.8 633.7 625.3 621.1 618.3 614.1 605.1 598.1 592.7 587.1 585 581.9 576 567.6 561.1 561.6 560 558.6 557.4 559.8 561.9 563.5 565.8 567.3 569.2 570.4 569.6 570.1 564.8 558.6 554.9 544 533.5 522.2 508.7
632.9 637.2 640.7 643.2 646.6 650.4 653.9 658.8 664.2 666.5 663.6 664 662.3 660.8 659.9 658.2 656.8 656.3 654.6 655.1 656 656.5 656.8 657.8 658.2 659.6 661.3 661.8 660.5 660.5 659.1 654.3 649.7 646.8 646.4 645.9 643 642 641 640.2 639.9 637.1 635.3 630.7 625.8 622.9 618.3 613.7 607.7 602.7 596.6 591.6 586.8 584.2 581.2 579 574.4 569.4 565.8 564.5 562.2 563.5 563.5 567.1 569.2 571.1 572.8 573 572.5 572 571.1 564.8 557.8 551.6 539.7 529.1 517 504.7
632.4 636.7 640 639.9 644.9 649.6 651.7 653.6 655.6 656.9 657.2 657.9 656.4 655.8 655.7 655.2 654.5 653.8 652.3 655.5 656.1 656.4 657.2 657 658.2 658.6 660.5 660.3 659.2 659.6 658 655.1 648.9 644.6 644.2 643.1 640 637.4 634.8 632.1 630.7 627.6 625.9 624.5 621.8 619.6 614.3 608.6 602.5 599 595.5 590.8 587.7 585 583.1 581.3 576.3 573.6 569.4 568.1 566.2 567.3 572 575.9 579.9 582.6 582.6 577.9 574.6 573.2 571.8 565 555.4 548.2 535.6 523.6 508.1 495.4
631.4 633.1 638.8 639.6 643.7 647.3 649.1 650.4 651.5 652.8 653.4 653.7 654 653 653.6 651.5 653 650.8 649.5 653.2 653.5 653.9 655.1 656.6 657.5 660.7 659.1 657.1 655.1 657.1 654.4 652.8 649.2 643.1 642.9 640 635.8 630.5 627 618 616.3 613.1 612.7 615.2 614.9 611.5 607.3 602.1 598.6 596.5 593.7 590.8 588.6 586.2 585.6 583.7 580.6 578.2 574.6 572.5 569.5 573.1 581.1 584.6 586.6 586.9 587.6 585.8 579.1 573.3 570.1 561.7 552.9 544.9 531.6 515.4 500.6 484.5
629.6 635.5 638 639.3 642.3 643.6 646.2 648 648.9 648.5 650.7 650.7 651.6 651.3 650.8 650.8 650.2 648.5 641.4 648.9 650 650.7 650.5 654 656.8 658 659.1 653 651.7 657.7 654.4 652.1 647.2 642.7 641.6 639.6 636.1 626.9 620.5 613.1 599.6 601.2 600.9 602.4 604.9 602.2 598.8 596 594.2 593.5 591.8 589.9 589.2 588.6 587.7 585.7 582.6 578.8 578 577.4 576.6 580.4 583.5 585.9 587.5 588.1 588.6 589.4 582 573.5 568 558.1 550.8 541.8 523.2 507.1 493.3 467.9
631.3 634.9 638.2 637.9 640.4 641.7 643.4 645.8 646.2 646.7 650.1 650.5 650.2 649.7 649.7 651.4 650.7 645.9 636.5 647 647.5 648.6 649 650.3 651.5 651.3 650.7 650.7 649.7 650.5 649.7 648 644.5 642.8 641.4 639.8 638.1 636 634.4 630.4 614.9 601.6 590.1 593.1 596.3 595.2 592.5 590.1 590 590.9 589.6 588.5 587.5 587.2 586.5 585.5 582.3 580.3 578.1 575.2 581.2 584.3 584.2 586.9 587.3 588.5 588.5 589 581.1 572.3 563.7 555.3 548.4 530.1 512.7 496.9 482.3 453.8
