app/static/ascii/SD90.asc
ncols 200
nrows 200
xllcorner 390000
yllcorner 400000
cellsize 50
[rows 0 to 34 of 200, columns 0 to 77 of 200]
178.6 181.2 183.3 184.1 185.8 190.9 194.7 192.2 195.8 199.4 194.9 186.8 184.5 184.4 183.6 180.2 182.9 184.4 186.7 189.1 192.4 193.4 194.4 194.2 193.2 192.5 192.8 192.5 192 193 191.9 192.2 190.8 189.5 192.4 188.4 193.8 195.8 198.4 198.6 198.8 199.8 202.1 202.3 202.5 203.3 203.5 204.2 207 208.5 209.4 208.7 207.8 206.2 205.2 206.2 206 208.1 210.3 212 209.3 205.9 204 201.6 199.9 198.5 196.8 193.6 189.9 187.4 185.3 183.8 183.5 183.9 183.8 182.9 181.5 179.3
177.2 181.8 188.6 189.2 191.3 195.9 201.7 202.4 204.2 206.7 201.6 194.3 187.9 187 185.5 182.3 183.9 185.8 187.1 189.7 192.7 194.5 196.3 196.4 195.9 195.2 194.6 194.2 193.9 193.3 192.5 192.2 191.6 191.6 195.8 196.3 195.6 198.6 200.5 201.6 201.7 202.1 202 203.1 203.9 203.3 204.4 205.1 207 208.5 210.1 207.4 207 206.4 205.8 206.5 208.9 211.3 213.4 213.9 212.1 208.8 204.9 201 198.7 196.7 194.3 191.3 187.6 185.4 183.6 182.3 181.4 179.9 180.1 178.8 177.3 176.4
176.2 180.9 185 190.2 195.2 199.5 206.1 208.8 212.1 212.9 206 196.5 190.2 188.6 187.4 184.4 183.7 186.6 186.6 189.3 193.1 194.9 197 198.8 198.8 198.3 197.8 197.2 196.2 195.3 194.5 192.6 192.7 196.1 197.9 198.5 198 199.7 201.9 202.6 202.8 203.4 203.9 205 204.9 204 205 207.3 208.5 210.3 210.3 208.9 209.2 208.2 208.2 208 210.3 213.5 215.5 215.3 213.7 211.6 207.4 201.3 197.2 193.9 191.5 188.7 185.5 185.3 183.1 181.2 180.2 179.2 177.7 177 175.8 174.8
176.7 184.1 189.7 195.9 200 203.4 206.3 213.7 213.5 211 206.1 199.3 194.4 191.1 187.5 186.4 184.4 184.1 186.2 189.3 193 196.4 198.3 200.2 201.3 200.9 199.9 199.2 198.3 196.7 194.2 193.5 195.9 199.8 200.9 200.9 200.2 199.7 202.3 202.5 202.5 203.5 205.4 205.5 206.1 205.5 205.8 210.6 211.2 212.5 211.8 211.2 210 209.2 208.8 209.4 211.6 214.2 214.5 214.3 213.3 212.1 207.3 201.3 197.4 193.1 189.1 188.3 187.9 184.3 183.1 181.4 179.2 178.5 177.8 177.3 176.3 175.4
178.1 185.5 190.9 197.1 202.8 205.9 208.9 214 214.4 212.3 209.1 202.8 197.7 194.6 189.2 187.1 186 185.7 186.9 190.1 192.7 193.8 195.6 198.3 200.9 202.7 201.4 200.5 198.7 197.7 196.6 197 200.5 201.8 202 202.6 202.3 201.3 202.3 202.3 202.4 204.6 207.4 208.4 208.6 207.3 206.4 211.2 214.3 214.6 214.3 213.7 213.2 211.5 210.6 210.1 211.9 212.9 212.5 211.7 210 207.6 203.9 201.4 197.2 192.9 189.3 188.6 185.9 183.8 182.3 180.6 179.3 178.6 178.1 177.5 176.5 175.5
181.1 184.4 186.3 190.6 194.4 200.8 209.7 216.9 219.5 214.3 210.2 206.5 202.5 198.6 191.8 188.1 187.9 187.6 186.9 189.6 191.4 192.7 194.9 197.8 200.3 201.9 202.2 201.9 200.1 198.9 199.7 201.6 202.1 203.6 204 204 202.6 203.5 203.6 203.4 205.5 207.9 208.7 209 209.6 210.1 212 213.4 215 214.5 214.5 213.9 212.8 212.5 212.4 211.9 211.9 211.2 211.5 208.2 204.2 201.9 200.4 198.5 196.9 194.1 191.2 189.7 185.7 184.2 183 180.7 179.5 179 178.9 178.7 177.6 176.5
186 184.5 188.4 190.7 195.7 203.1 209.9 214.1 212.9 211.3 210.4 206.6 204.2 199.3 193.7 189.7 187.6 186.6 187.4 188.6 191 192.5 194.9 197.6 200 202.2 203.1 203.7 203 202.4 201.7 202.5 202.7 204.6 205.9 204.6 204.8 205 204.3 204.5 207.1 208.4 209.1 209.6 210.4 212 213.1 213.9 214.2 214.6 214 213.2 212.9 212.6 212.4 212.4 212.3 210.8 207.2 200.6 198.1 196 195.6 194.6 194.9 195.4 193.1 190.5 186.4 182.8 180.3 185.3 184.6 180.2 180 179.8 179.1 178
185.3 184.4 188.9 192.9 197.8 201.4 207.7 211.4 207.6 208.4 209.3 206.5 204 200.4 193.2 190.6 189.4 188.1 189.1 190.2 191.9 192.5 195.2 198 200.5 203 204.1 205 204.2 202.4 202.3 202.9 203.6 205.5 205.7 205.3 206.5 207.1 206.8 204.5 207.7 208.5 209.4 210.1 211.2 212.5 213.8 213.9 214.2 214.4 213.7 213.7 213.3 212.8 212.5 212.9 211.6 207.4 203.1 200.8 202.2 200.4 197.2 194.8 193.6 193.3 193.6 190.7 187.6 187.1 187 185.8 184.4 183 181.1 180.9 180.6 179.5
185.2 185.3 188.4 191.8 195.7 198.6 200.3 202.7 202.9 206.2 208 206.2 204.2 198.8 193.9 192.2 191.4 191.3 190.9 191.4 191.6 192.9 195.6 198.3 200.9 203.4 205.1 205.8 204.9 203.6 202.9 204.3 204.6 206.1 206.3 206 206.8 207.7 209.3 207.1 205.7 208.8 209.7 210.6 213.3 214.1 213.3 212.4 212.2 213.4 214.2 214.2 213.8 213 212.7 212.6 207.9 205.9 203.6 202.7 202.6 200.4 195.6 193.9 194 194.5 193.8 189.2 189.9 188.2 188.6 188 186.3 184.8 182.9 182.1 181.6 180
182.4 185 186.7 188.6 192.5 193.8 196.1 200.6 201.1 204.4 208 206.3 206.5 200.6 195.1 194.8 195 193.4 193.5 192 192.2 193.4 195.9 198.5 201 203.4 204.6 205.5 206.2 206.7 207.9 206.8 207.3 207.7 208.1 207.4 207.7 209.3 208.8 207 205.2 207.6 208.6 209.6 209.5 208.1 207.2 208.4 209.1 210.4 212.2 214.1 214.4 214 213.4 212.5 211.3 210.5 207.5 207.8 202.7 200.1 194.4 194.5 194.7 193.8 193.4 192.6 192.7 194 193.7 190.2 188.3 186.5 184.6 182.9 181.5 180
183 184.5 188 192.3 194.1 197.9 202.1 203.3 202.1 204 209.9 209.5 204 198.6 197.7 196.7 196.2 192.8 192.8 193.1 194.2 195.4 196.6 198.9 201.1 203.2 203.9 206 208.2 209 210.2 212 210.5 206.7 208.3 209.2 208.1 207.2 206.9 205.2 203 204.4 204.3 203.8 202.1 201.5 202.9 204 206.3 208.4 209.8 212.8 214.2 213.8 212.9 212.1 211.6 211.2 211.5 210.3 206.3 201.5 198.1 195.7 195.3 195.7 194 195.4 197.1 196.4 194.5 191.8 189.1 186.9 184.7 182.5 181.1 179.7
183.4 188.1 192.5 194.4 197.8 198.4 204.7 205.1 207.5 209 210.8 210.3 202.6 202 200.3 201 200.2 198.4 196.6 195.7 197.5 198.9 198.9 200.6 203.5 205.4 206.6 206.5 209.1 211 211.2 212.7 211.1 209.5 209.9 209.8 206.6 204 203.6 202.1 199.6 201.2 200.7 198.8 197.6 198.2 199.3 204.5 205.6 206.9 211.9 213.9 213.6 211.8 211.2 210.4 211.1 211.1 211.5 211 208.5 202.8 201.9 202.2 201.5 200.2 198.1 199.3 199.3 197.4 194.2 191 188.6 186.3 183.7 181.4 179.6 178.4
186.5 190.1 190.6 192.7 197.6 200.9 203 208.2 211.3 212.3 209.7 207.7 206.5 206.5 205.5 204.3 204.9 205.3 202.6 201.7 201.2 202.3 202 202.6 206.3 205.4 205.6 209.6 211.8 212.3 211 210.8 210.6 209.8 208.4 206.2 202.6 198.8 199.5 198.2 196.3 196.6 196.7 195.5 195.5 197.1 197.4 202.5 206.2 210.8 211 211.2 211.8 209.9 209.4 208.5 209.1 210.1 211.6 211.3 210.6 209.8 207.2 206.3 205.9 203.5 203.1 202 200 197.7 194.1 191 187.9 185.4 183.2 181.1 179.9 178.8
191.8 196.2 197.9 192.3 199.7 203 204.6 208.5 213.5 217 209.1 206.8 206.4 206 205.8 207.6 206.8 207.4 209.3 208.5 207.1 203.8 205.5 202.1 207.1 205.7 205.2 211.8 212.6 212.7 210.4 209.8 209.9 207.2 205.1 202.7 199.9 195.5 194.6 193.6 192.5 191.9 189.5 192.7 196.3 196.4 197.4 199.4 202.4 205.9 206.1 206.1 206.6 205.4 206.8 206.3 207.1 208.8 211.5 211.3 209.4 211.6 211.8 211.3 209.5 207.8 205.9 203.9 200.7 197.9 194.1 191.1 188.2 185.8 183.6 182 181.5 180.2
194.4 198.8 202.9 196.4 196.8 201.1 204.2 213.9 219.9 220.1 214.6 209.5 206.6 204.9 204.8 206.8 209.2 209.4 211.3 211.3 211.4 210.4 206.6 197.7 210.5 212.6 211.9 211.8 211.7 211.4 209.5 203.4 203.7 201.8 200.9 199 196.4 192.2 188.8 188.4 188.5 189.2 188.5 191.8 194.2 196 196.3 196.3 197.1 199.9 200.7 202.1 203.1 201.2 203.5 204 202.4 206 208.5 209.3 208.6 212.5 212.5 211.6 210.4 209.7 208.5 204.8 202.2 198.8 195.4 191.7 188.8 187 185.1 183.3 182.7 181.4
193.4 198.1 202.6 198.4 198.1 201.1 207.3 218.3 218.2 217.4 216.6 213.3 205.9 204 201.6 202.9 204.8 205.6 206.5 207.4 208.4 214.1 200.8 198.3 196.3 207 203.9 210.3 210.1 209.6 209.9 203.4 196.7 196.7 196.2 193.8 191.9 189 185.6 183.7 184.8 186.7 188.9 189.8 190.9 192.1 192.9 191.6 192 192.9 198.2 196.9 199.2 198.1 200.4 199 200.1 203.9 206.2 206.9 205.9 209.2 209.7 209.3 208.2 207.8 206.8 204.7 202.9 200.2 196.8 192.4 189.9 188.2 186.3 184.3 183 181.6
190.4 191.9 191.5 196.3 198.9 203.5 214.9 219.3 216.7 214.3 213.8 213.3 210.6 199.6 201.6 199 200.7 202.3 203.9 204.9 206.6 207.1 197.6 197.1 193.4 192.8 198.8 206 203.7 200 202.2 200.1 195 192.3 192 188.1 186.5 185.2 183.5 182.8 182.6 184.8 186.2 187 188.4 189.2 189.7 190.8 188.1 190.5 192.4 193.2 193.3 193.5 194.9 195.5 196.8 200.7 202.4 203 203.3 205 205.2 204.4 203.9 204.3 203.9 204.9 203.8 201 197.3 192.6 188.9 186.9 185.9 184.5 183.1 181.1
197 194.6 194.5 195.9 202.5 210.2 215.8 214 213.4 211.7 211.4 213.3 207 199.3 195.9 195.2 196.1 200 202.3 206 198.1 198.4 191 191.1 191.8 189.7 191.2 198.4 200.1 193.1 196.4 196.7 191.4 188.8 184 183.2 182 182.2 180.8 180.2 181.2 182.6 183.8 183.3 183.3 184.6 186.4 188.2 184.9 188.8 188.4 189.7 190.5 190.2 191.3 192.1 192.9 195.7 197.6 198.9 200.1 201.3 200.6 200.2 200.6 200.7 201.3 202.1 203 201.7 197.7 191.8 188.2 186.7 185.7 184.5 182.9 180.8
203.5 200.2 202.7 197.7 204.9 212.4 217.9 216.3 211.5 208.4 206.5 207.6 204.7 198 194.8 192.6 191.3 193.3 195.7 197.7 194.9 191.5 187.6 191 196.7 197.1 185.4 187.6 195 190.7 192.3 193.9 187.6 185.8 180.6 179.7 178.6 178.8 178.7 178.3 178.9 179.6 180.5 179.7 179.7 180.5 182.7 182.6 182.2 183 185.2 186.6 186.8 186.1 188.6 189.3 190.3 191.7 195.2 196.7 198.6 199.5 199 198.8 199 198.9 199 201.4 202.1 201.8 199.4 195.1 188.8 186.4 185.6 183.9 182.1 180.8
197.5 201.6 204.9 203.4 208.8 215.3 218.9 218.5 212.4 209.5 204.6 202 199.8 197.6 194.1 193.1 191.2 189 188.9 189 188.7 186.5 187.8 190 195.4 198.1 185.9 182.4 190.3 188 187.7 186.9 185.7 179.7 178.5 177.6 177 177.5 177.6 177.1 175.3 176.3 176.7 176.8 176.3 177.3 178.6 179.1 180.7 181.2 182.8 184.7 184.9 184.5 186.2 186.6 188 190.6 195 196.8 198.7 198.6 198.1 197.8 197.2 197.1 197.3 200 201.7 202 200.6 196 191 186.5 184.9 183.1 181.4 180.3
197 198.2 205.4 205.3 211.4 216.1 220.6 217.7 211.5 206.8 202.9 201.1 197.7 195.6 190.9 192 190.8 188.5 187.1 186.7 186.3 185.8 186.2 186.1 190.1 194.4 191 180.1 181.9 181.9 182.2 182 179.9 178.2 176.7 175.7 176.1 176.6 176.5 175.7 172.3 173.4 173.1 173.7 172.9 173.9 175.4 176.8 178 181 181.2 183.4 184.2 182.4 183 183.7 186 188.9 193.4 195.3 196.3 196.6 196.5 195.4 195.3 195.5 195.7 198.4 199.1 200.3 199.2 195.4 191.2 185.9 184 182.2 180.7 179.9
201.8 200.3 202.5 207.9 209.4 205.9 208.6 214.7 213 208.6 202.9 192.9 192.3 192.2 187.4 193.1 190.1 189 186.3 182.7 185 184.8 183.8 182.3 180.9 188.2 186.4 179.1 177.7 178.4 177.5 176.9 176.6 175.5 174.3 174.5 175 176.3 175.7 175 172 169.2 169.8 169.6 170.1 171.1 171.9 173.3 175.4 178.7 178.9 180.2 181.4 180 180.1 182.8 184 187.1 190.3 192.3 192.7 192.7 192.7 192.3 192.4 193.3 195.1 196.6 197.1 198 196.3 194.3 190.9 186.7 183.9 181.6 180.3 179.8
207 210.9 213.1 213.5 205 199.6 199.2 203 208.2 208.8 206.9 203.5 201.1 197.5 185.7 189.7 189.5 186.5 187.2 186.9 184.9 178.2 181.9 179.2 175.7 178 181.3 178.7 175.5 174.9 174.4 173.3 173.2 172.2 171.8 171.9 172.9 175.5 174 171.8 170.2 166.1 166.2 167.2 168.5 169.8 171.1 172.6 174.1 175.1 176.9 178 175.8 176.8 179.1 181.4 183.3 184 186 187.1 189.3 189.2 189.3 189.8 189.9 192.6 194.7 195.9 197.1 197.1 195.9 193.7 189 186.9 184.3 181 179.9 179.5
209.7 219.8 216.8 210.5 201.1 193.7 192.1 194.3 199 202.9 204.7 207.1 204.8 197.7 187.1 182.5 186.7 188 188.5 188.4 187.7 186.7 179.4 178.5 175.2 173 178.2 173.3 171.9 171.6 170.8 170 169.8 169 168.9 168.8 169.1 170.6 169.6 170.2 168.7 165.3 163.5 164.6 167.7 169.1 172.6 174.9 175.3 172.7 173 174.8 173 175.9 179 181.9 182.2 180.8 181.5 183.1 185.7 186.4 186.5 187.4 188 192.9 195.7 195.5 197.5 197 196.4 194.2 188.5 187.1 183 180.9 179.9 179.3
205.7 218 208.1 205.3 199.5 192.7 189.4 187.8 190 192.4 193.5 196.7 201.5 198.9 188.5 185.4 180.1 185.4 187.8 188.4 187.9 184.2 182.6 177.8 172.5 170 169.5 169.1 167 169 167.8 166.9 166.5 166.2 166.1 166 165.8 164.5 164.8 166.7 165.9 165.4 160.9 164.3 166.8 169.4 173.9 176.5 175.4 172 172.1 170.3 172.9 173.3 176.2 178.5 179.3 177.8 180.9 181.4 182.5 183.9 184.4 186.1 188.1 193.8 196.4 195.9 193.2 195.2 195.5 194.2 189.3 186.6 182.8 181 180.3 179.8
203.8 212.1 200.6 203.1 203 200 193.2 184.8 182.4 184 183.5 187.9 194.1 190.8 187.4 173.9 169 177.4 183.5 185.8 184.4 179.1 175.8 173.9 170.1 166.9 163.5 164.3 164.6 167.4 165.7 164.1 164 163.2 163 163.2 162.9 160.4 160.9 162 161.2 159.1 162.3 164.2 165.7 168.3 173.3 174.7 172.7 170.1 168.6 170.9 170.5 170.8 172.4 174.8 176 177 179.7 181.3 180.8 183.4 182.2 183.7 187.1 189.8 192.3 190.1 190.1 191.4 193 192.6 189 185.3 183.2 181.9 180.9 180.2
196.4 200.2 195.5 198.2 205.4 206.2 197.6 184.4 178.7 179.8 180.4 185.4 191 186.3 186.7 181.2 167.9 169.7 179.2 181.3 181.2 176.7 172.3 168.3 165.4 162.8 162.3 162 162 163.6 164.1 162.3 161.7 160.9 160.7 160.4 159.1 158.1 158.1 155.9 161.5 160.8 162 165.6 169.3 165.6 164 164 165.4 165.3 167 167.5 167.6 170.1 172.1 174.1 176.2 178.1 181 180.3 180.4 181.5 181.7 182.7 183.7 185.1 186.8 187.4 187.7 189.1 191.1 190.8 188 185.6 184.4 183 181.7 180.2
189.2 188.5 190.4 191.7 196.3 203.3 196.9 185.7 176.8 176 182.4 184.9 192.2 187.1 179.4 176.9 172.5 163.9 175.3 177 176.7 173.4 170.4 166.5 163.3 162.4 161.5 160.3 160.7 161.4 163 161.5 160.1 159.1 159.2 158.4 156.5 156.1 156.3 164 165.6 164.5 167.3 172.2 174.9 174 173.4 172.5 172.4 172.5 171.6 171 170.8 170.7 171.9 173.2 175.2 177.5 178.6 177.9 180.2 180.5 180.9 182.1 183 183.8 184.4 185.2 186.2 187.2 188 188.1 187.3 186 185.1 184.1 183.4 180.7
185.3 181.3 181.7 183.4 189 191.7 199.7 189.5 177 172.7 176.9 180.5 190.9 187 178.7 176.5 175.7 166.7 164.2 171.9 173.2 168.2 166.8 164 162.4 161.2 160.7 160.3 160.7 161.3 161.3 160.5 159.5 159.5 158 155.9 154.1 157.3 159.3 165.2 169.5 169.3 172 174.8 177.5 177.1 176.9 178.2 178.1 177.3 174.9 174.1 175.1 174.3 173.1 173.2 174.2 176.5 176.3 178.3 180.1 179.6 180.3 181.4 182.2 182.9 183.5 183.8 185 186.1 186.9 187.7 187.4 186.5 185.9 185.4 182.6 181.6
178.6 176.9 175.3 180.3 189.3 197.6 204.2 195 180.2 172.2 172.1 177.7 179.8 181.8 176.3 174.1 173.8 170.2 159.1 167 168.7 164.7 161 160.3 158.7 157.5 158.8 160.3 160.9 160.8 160.3 159.7 157.4 157.3 156.4 155.4 154.7 159.1 163.3 167.6 170.9 170.7 172.7 174.8 176.8 177.3 179 180.7 182.5 181.7 180.7 182 180.6 179.3 176.4 174 173.6 173.6 174.6 178.3 178.9 178.7 179.6 180.4 181.2 181.9 181.9 182.4 183.7 184.9 185.8 186.8 187.2 187.3 186.8 186.5 183 181.6
174 177.5 176.1 184.4 191.4 194.6 200.3 196.3 188.1 178.9 173.9 167.7 173.3 179.5 175.5 171 168.9 170.1 160.1 160.5 163.1 160.6 157 156 154.9 155 157.2 160.4 161.8 160.8 159.9 159.2 158.1 156.7 155.5 156.1 156.7 166.5 167.8 169.8 169.6 170.5 173.2 174.2 174.5 175.1 180.8 183.5 184.7 185.2 185.7 184.8 183.6 182.6 181.4 175.5 173.7 172.9 173.2 175.4 177.1 177.5 178.2 179 179.8 180.3 180.3 181.1 182.4 183.8 185.1 186.4 187.7 187.9 187.5 187 184.7 183
169.9 172 173.3 178 182.8 190 193.1 193.5 195.2 184.4 180.4 172.3 167.8 177.1 174.2 170.3 168.7 163.4 159.6 156.4 157.1 156.9 153.5 153.5 155.1 159 158.8 161.6 161.4 160.5 159.6 158.1 158.2 156.8 156.5 158.4 163.1 163.6 167.2 170.3 169.9 172.6 173 173.3 174.1 177.1 178.1 182.3 186.2 186.4 185.3 186.1 187.2 186.1 184.6 178.4 174 173.3 172.4 173.4 176.3 176.5 176.7 177.7 178.5 178.7 178.8 180.3 182 183.9 185.2 186.1 187.5 188.6 189 189.4 188.2 184.3
164.8 166.8 168.9 171.5 176.4 183.2 186.5 189.8 190.3 186 175 172.7 164.7 174.2 169.7 165.9 165 160.2 158.4 154.1 153.4 152.1 150.9 156.2 158.4 160.2 161.5 162.9 160.5 159.8 158.1 157.9 158.4 157.2 156.7 157 161.7 161.8 164.9 168.8 174.6 174 172.7 173.7 176.1 179.9 181.1 183.1 185.4 184.1 183.6 185.2 184.6 184.2 182.8 180.7 175.8 172.8 171.4 172.5 174.6 176.2 175.3 176.3 177.1 178 179.8 181.3 182.8 184.8 186.7 187.8 187.6 190.4 193.4 194.9 196.1 195.4
161.9 163 164.4 165.5 168.8 174.3 179.5 181.6 182.4 178.5 168.6 167 163.3 167.9 164.9 161.6 160.6 156.9 154.4 151.7 151.2 149.2 151.6 156 158.8 160.4 162.7 160.5 158.6 154.7 154 156 158 158.2 156.6 155.7 159.3 161 164 167.8 171.4 172.1 172.6 174.3 176.4 178.5 180.2 181.5 183.2 183.7 181.6 183.9 184.6 184.4 180.1 175.4 173.2 172.2 171.3 172.8 174.9 174.3 174.6 175.3 177.3 179.2 180.8 182.8 184.3 185.8 187.6 189.7 191.3 194.7 201.4 201.7 204.4 206.5
159.5 160.6 162.1 162.7 163.3 165 172.4 173.7 172.6 171.1 164.8 162.8 161.7 161.7 159 157.7 156.7 154.3 153.2 150.8 148.7 148.1 151.6 156 158.3 159.5 160.6 159.4 155.6 156.7 156.1 154.3 152.8 155 156.5 156.3 158.7 160.5 162.7 166.1 167.6 169 170.9 174.1 176 177.4 179 180.2 180.4 180.8 178.9 182.9 185.6 184.2 176.6 173.5 172.2 171.2 172.7 173.9 173.2 172.3 174.6 176.2 178 180.1 182.1 183.7 185.1 186.6 189.6 191 192 194.3 202.5 206.2 210.3 214.2
