app/static/ascii/SD92.asc
ncols 200
nrows 200
xllcorner 390000
yllcorner 420000
cellsize 50
[rows 35 to 69 of 200, columns 0 to 77 of 200]
366.7 370.3 371.3 372.6 372.4 374 376.2 376.4 372.5 366.3 363.5 363.4 363.5 363.8 363 360 356.6 353.5 356.4 360 364 369.9 377.5 386.5 395.6 402 406.9 412.1 415.4 421.5 427.7 433.5 436.5 440.2 443.5 446.9 449 450.1 450.6 450.7 450.2 449.3 448.4 447.1 446.6 445.9 445.2 444.2 442.8 442.2 440.9 439.1 437.2 436.8 435.4 434.1 432.3 430.1 427.5 426.3 425.4 423.6 421.9 420.4 420.4 419.3 418.3 417.5 417.5 417.3 418 419.2 420.3 420.1 418.9 416.7 414.3 411.1
365.3 369 368.9 369.3 368.6 369.4 371.1 373.3 371.5 365 356.5 358.5 359.4 359.2 359.6 356.8 353.6 350.1 351.9 355.8 358.2 365 372.4 381.5 390.7 396.3 400.7 410.1 416.1 421 427.2 433.2 437.8 441.3 441.5 446 447.5 449.7 450.8 450.8 450.6 450 448.8 447 445.2 445 443.9 442.4 442.2 441.1 440 438.1 436.1 434.5 434.2 432.9 431.5 429.8 428.5 427.6 426.7 425.6 424.1 422.8 422.1 421 419.6 419.4 419.5 419.6 420.4 420.6 420.8 419.1 415.8 414.2 411.4 407.6
364.5 365.8 366.1 364.1 363.7 364.1 365.1 367.9 369.6 363.9 352.6 352.2 353.7 353.7 355.4 354.7 352 344.4 344.6 351.4 354.8 360.2 367.3 375.8 384.1 388.3 400.1 407.8 414.3 421.7 428 432.9 438.2 441.7 444.4 446.1 448.2 449.7 450.8 450.7 450.6 450.5 449.1 447.3 444.2 443.3 441.4 440.8 441.2 440.1 438.8 437.3 435.4 433.1 432.5 430.9 429.3 428.5 428.6 428.6 428 427.1 426.4 425.1 423.8 422.9 421.6 421.9 422.2 421.9 421.2 420.3 419.5 417.1 413.7 411.3 408.1 405
361.1 362.5 361 359.5 359 359.2 360.5 362.5 365.1 362.3 353.9 341.9 349.2 349.6 348.3 351.2 349.2 342.8 342.8 347.4 350.4 355.8 361.9 368.7 373.8 386.8 398.3 406.9 414.8 422.7 428.7 434.2 438.9 441.4 444.3 446.2 448 449.4 450.8 450.7 450.6 450.6 450 448.3 445.6 444 442.4 439.5 438.6 438.7 437.4 436 433.5 431.5 429.2 428.2 427.2 427.9 427.9 427.9 428.1 427.4 427.5 426.8 426.1 425.3 424.7 424.2 423.5 422.5 420.7 419.8 417.7 415.3 411.4 408.2 405.3 402.5
356.2 354.6 356.7 356.1 354.7 354 355.6 358.8 361.2 363.2 353.6 338.3 344.2 344.9 344.5 346.3 346.1 341.3 333.5 343 346.6 351.4 353.8 364.4 373.8 383.9 396 405.4 414.1 422 429.3 434.7 438.3 440.4 444 445.9 447.9 449.8 449.9 450.8 450.7 450.7 450.4 449.2 447.2 444.8 442.3 440.7 438.8 435.2 435.9 434 431.4 429.5 427.2 427.1 426 425.7 426.8 427.2 427.8 427.8 427.9 427.8 427.1 426.6 426.1 425.3 424.3 422.6 420.6 418.1 415 413.3 409.8 406.4 403.5 401.1
350.5 349.1 352 352.6 352.7 349.2 351.4 354.9 356.7 358 352.8 337.7 338.6 341.3 340.6 341.1 341.8 338.9 329.7 339.1 342.9 346.4 356.4 363.6 371.9 382.2 393.9 403.8 412.8 421 428.3 434 438.4 441.4 443.9 445.7 448.2 448.5 448.6 449.8 450.9 450.8 450.6 449.9 448 445.9 442.7 440.4 438.8 436.1 434.3 432.3 429.6 427.8 426 424.6 422.4 424.2 424.5 425.7 426.7 427.4 427.7 427.3 427.5 427.1 426.6 425.5 424.1 422.5 420.4 417.2 416 412.3 409 404.8 402.4 400.1
345.7 345.8 347.4 349.8 349.8 346.5 345 349.2 351.2 353.7 350.9 336.9 329.3 337.2 335.3 336.7 337.6 336.4 329.3 331.1 342.3 349.3 357 363.8 371 381.4 392.4 401.6 410.8 418.5 425.9 432.6 438 441.2 443.9 444.4 446.4 447.4 448 448.2 450.1 451.1 451.1 451 449.9 447.9 444 441.6 439.4 436.5 434.9 432.9 430.6 428 425.7 423.6 420.9 422.1 423 424.4 425.8 426.4 427 427.4 427.2 426.7 426.2 425.1 423.7 421.8 419.7 415.7 414.8 411.4 408.7 404.7 402 399.3
341.6 342.4 344.3 346.1 346.7 343.2 340.6 345.8 347.4 349.4 348.2 338.1 323.7 328.6 330.7 332 332.2 331.2 326.9 338.4 341.4 350.8 356.7 364.6 370.8 380.8 391 399.5 409 417.4 425 431.3 437 440.9 442.6 443.3 444.6 445.9 444.7 447 449.1 450.5 451.4 451.4 450.5 449.2 445.6 442.8 440.4 437.8 436 432.8 429.9 427.2 425.1 422.7 420.2 420.9 421.9 423.4 424.8 425.5 426.2 426.7 426.7 426.4 425.9 424.7 422.9 421.1 418.7 415.2 413.6 409.7 407.1 403.9 401 397.6
338.1 339.1 340.9 342.6 343.8 340 336.5 340.7 343.4 346.8 347.2 338.6 325 323.4 326.2 325.2 324 322.8 338 346.2 349.5 353 356.3 363.5 370.5 378.4 387.8 396.6 406.6 415.4 422.7 429.1 435.9 438.7 440.3 440.7 442 443.9 442.6 445.1 448.3 450.1 451.5 451.4 450.5 449.5 446.9 443.8 441.3 438.8 436 432.7 429.1 426.4 424.2 421 419.9 419.3 419.4 422.2 423.5 424.5 425.4 425.8 425.7 425.6 425.5 424 422.3 420.6 417.4 416.1 413.4 409.9 406.6 402.3 399.1 395.7
334.4 335.9 337.6 339.2 339.7 337.3 329.7 336.7 340.3 344.2 345.2 340.1 327.4 315.6 321.1 319.3 312.7 328.3 338.2 347.4 352.1 356.2 360.2 363.2 370.9 377.4 385.7 394.6 403.6 412.3 420 426.4 433.6 435.4 436.1 436.9 437.3 438.4 441 444.6 447.4 450.4 451.6 451.4 450.6 449.6 447.5 444.6 441.7 439.1 436 432.6 428.9 425.7 423.4 420.4 419 418.8 418.7 419.2 421.7 422.8 424 425.3 425.8 425.6 425.5 424.5 422.8 420.2 416.8 415.9 413.2 409.7 406.3 401.5 397.9 394
331.2 330.6 334.2 335.6 335.8 334.1 328 330.4 336.1 340.1 345.6 341.3 328.9 321.3 311.2 304.4 317.4 324.4 331.5 341.9 351.7 359.2 362.3 364.8 367.8 374.9 382.5 390.7 399.6 407.4 414.3 420.6 426.3 428.9 430.5 431.3 431.6 432.5 437.7 445.1 448.2 450.7 451.5 451.2 450.2 449 446.7 444.2 441 438.7 435.7 432.4 428.7 425.1 422.4 419.5 418.6 418.3 418.3 418.5 418.8 419.5 422.5 424.5 425.4 425.7 425.6 425 423.1 420.8 418.2 415.8 413 409.4 405.5 401.4 397.3 392.8
325.7 329 331.6 332.1 332.3 331.1 325.6 325 331.9 334.3 342.5 341.3 334.1 320.2 312.5 299.6 315 320.2 326.3 334.6 346.2 356.3 360.5 362.4 367 372.1 378.8 388.1 394.6 401.7 407.7 413.7 418.6 421.4 422.7 424.1 425.6 428.5 433.5 444.7 448.9 449.3 449.6 450.3 449.3 447.8 445.8 443 439.7 437.5 434.7 431.4 428.1 424.8 422 419.3 418.4 417.9 418 418.1 418.5 419.4 423 424.4 425.3 425.8 426.3 424.9 423.1 421 418.1 415.9 413.2 409.8 405.9 402 398 393.7
319.2 326.6 327.3 328.1 328.3 327.8 322.9 319 326.1 327.2 336.1 338.1 336.6 323.7 306.9 301 311.3 316.1 321 330.2 339.9 351.4 357.2 359.6 363.5 369.1 377.2 384.4 390.8 396.6 400.6 405.1 408.3 411 413.2 416.5 416.4 423 426.9 431.9 438.8 445.1 447.2 448.6 447.5 445.1 443.4 441.4 437.8 434.8 433.2 431.2 427.9 424.6 422.4 419.2 418.3 417.6 417.6 417.8 418.6 419.7 423.3 424.3 425.2 425.9 426.7 425 423.5 420.5 419.5 416.8 413.4 410 406.5 402.1 398.3 394.5
312.3 320.2 322.6 322.3 323.9 323.8 321.2 306.7 319.7 322.2 329.2 333.4 332 327.4 302 295.7 306.4 311.9 317.3 327 335.1 344.2 352.3 356.1 360.8 366 374.1 382.5 387.6 392.3 394.2 395.9 397.7 400.9 402.5 404.6 411.5 414.8 419.7 424.5 429 435 440.9 445.6 444.8 442.4 440.7 439.2 436.2 432.7 430.8 429.7 427.4 424.6 420 420.1 418.5 420.6 419.6 420.1 421.4 420.5 423.2 424.4 425.4 427.9 426.9 425.4 424 421.8 420.5 417.1 413.5 410 406.5 403.2 400.3 397.3
301 306.7 311.1 316.1 320 320 317.8 299.6 312.1 317.4 321.4 327.6 327.9 325.8 295.7 293.6 302.5 307.1 314 323.5 331.2 338.7 347.4 354.2 359.8 364.7 371.7 379.9 384.8 388 386.7 386.9 389.6 392.9 395.9 400.2 405.4 407.7 412.1 415.4 420.5 426.4 432.1 441 441.6 439.8 437.6 436.1 434.5 431.4 428.9 427.4 426.1 424 420.8 419.6 418.8 418 415.8 414.3 418.7 422.4 423.6 427.3 428 429.4 428.6 427.3 425.7 422.9 421.1 418.1 414.6 411 407.5 404.7 402.5 396.9
285.3 296 300.5 309.3 314.8 314.9 314.6 312.4 298.3 311 316.2 320.9 324.2 321.7 300.4 284.2 297.1 305.1 312.3 320.2 327.1 334.5 344.2 352.8 359.4 364.3 369.1 375.4 379.2 380.6 378.6 380 383.7 386.1 390.7 394.2 398.6 401.2 405.5 408.1 410 417.1 421.8 430.1 438 436.7 435.1 432.6 430.9 429.4 427 425.1 423.7 422.1 420.9 419.3 417.8 416.6 413.3 415.1 417.8 421 425.6 428.5 430 430.7 430.3 429.2 427 424 421.7 418.7 415.6 411.9 408.5 405.7 403.3 400.2
285 285.7 293.7 304.1 308.4 310.4 310.2 308.5 291.7 307.5 312.5 315.5 319.9 318.4 311.9 283.7 291.7 303.2 311.8 318.5 325 331.2 339.7 349.8 358.7 362.9 367.7 370.4 373.6 374.4 373.4 375.9 377.9 382.9 387.5 391.1 393.4 396.5 398.7 400.6 403.3 404.5 410 415.4 432.5 433.3 431.3 428.2 427.4 426.1 423.9 421.7 420.2 419.5 418.2 416.3 415.6 413.6 412.2 415.5 417.8 420 425.5 429 430.8 431.3 430.7 429.4 426.6 424.6 422.1 419.2 414.1 411 408.6 405.1 400.5 394.9
307.3 289.5 284.3 293.3 296.9 305.3 306.3 303.9 287.7 300.8 307.8 308.7 315.6 314.9 313.2 282.4 287.2 302.2 309.8 316.6 323.5 329.7 336.5 346.1 355.5 360.8 364.7 367.6 369.7 369.2 369.3 371.6 373 379.9 383.6 387.1 388.3 392 393.8 395.6 394.6 397.1 399.9 404.5 410.1 426.4 425.2 421.4 422.4 421.4 419.3 418.3 417 415.3 414.8 412.1 410.9 409.4 413 416 418.2 420.3 424.7 428.5 431 431.3 430.8 429 427.6 424.9 421.3 418.1 412.9 408.9 405 401 397.3 394.1
319.6 295.8 274.8 284.3 289.3 297.4 302 299.4 283.3 291.7 301.2 302.6 309.7 311.1 308.2 288.3 283.6 299.8 307.2 314.7 321.1 328.1 334.5 340.8 350.9 358.4 362 365.1 366.2 367.5 365.8 366.3 372.2 376.5 377.5 380.1 383.4 385.7 387.7 389.2 390.4 391.5 391.6 394.2 399.1 404 411.7 410.1 411.6 415.5 415.5 414.5 413.7 412.6 411.1 408.7 407.2 407.8 413.5 416.5 419.3 421.3 423.6 426.5 428.9 429.5 429.1 427.1 425.1 421.3 418.7 414.3 410.3 406 404 400.9 397 393.8
328.8 309.1 282.9 276.3 282.4 291.2 297.5 292.1 279.4 287.8 295 297.9 302.8 307 302.1 289.3 282.1 300.7 306.1 312.7 319.5 326.1 332.2 337.8 345.4 354.9 359.3 361.4 361.3 365.6 359.9 362.2 368.1 370.4 372.3 375 376.9 379.2 380.6 381.5 382.4 382.9 384.1 387.4 388.6 391.2 394.5 396.1 398.6 400.7 403.2 405.1 407.5 406 403.9 403.2 405.3 408.3 413.3 417.6 420.6 422.5 423.9 424 425.5 425.5 424.4 422 419 417.4 413.5 411.1 408.5 405.1 402.4 400 396.8 393.5
337.5 325.6 304.1 278 268 278.8 279.7 280.8 273.8 282.1 289.9 293.2 297.1 301.3 292.1 269.9 292.1 302 305.2 310.9 317.5 323 329.5 334.8 340.4 350.7 355.9 357.1 356.1 358.7 352 358.3 361.9 365.8 367.7 369.5 371.1 373.2 375.2 375.6 377.2 378.2 378.6 379.6 381.5 382.9 385.1 388.2 390.2 392.8 394.9 396.8 398 399.2 397.8 402.8 407 411.1 415.9 419.3 421.9 423.4 424.2 424.7 424.5 422.6 420.5 419.3 416.5 414.5 411.6 409.4 407.1 404.2 401.7 398.8 396.4 393.1
340.2 336.5 320.7 302.1 287.9 264.4 271.2 271.4 269 274.3 284.6 288.5 293.4 296.8 281.1 276.3 295.4 305.3 303.9 306.5 314.4 319.6 325.2 330.6 335.9 344.7 353.4 353.8 351.7 351.1 349.7 353.5 358.1 361.2 363.6 365.5 367 368.7 370.2 371.1 372.9 373.3 373.7 373.5 374.6 375.6 377.2 380.1 384.8 388.9 391 392.6 393.6 394.3 401.4 404.9 408.9 412.6 416.5 419.8 422.5 423.9 424.4 424.8 423.6 422.1 419.9 418.2 415.9 413.2 410.3 408.2 405.6 403.3 400.9 398.2 395.2 392.3
342.1 340.5 329.2 318 305.2 285.6 267.3 259.1 262.5 264.9 269.6 279.2 289.3 283.5 262.2 288.1 299.9 306.4 304.8 299 305.5 314.8 319.7 325.5 330.4 340.9 347.9 349.9 347.8 343.4 345.6 349.6 353.5 354.6 359.7 363.3 363.8 364.4 365 366.8 368.1 369 369.2 366.8 367.6 369.8 371.6 373.4 377.2 383.6 384.8 385 391.2 396.5 402.1 407 411.1 414.9 417.1 420.1 422.9 424.2 424.4 424.1 422.8 421.6 419.7 417.8 414.9 413.2 410.2 407.1 404.7 402.4 400 397.5 395 393.6
342.9 343.8 334.7 324.9 316.4 304.9 286.7 263.6 258.9 263.1 258.4 273.2 285.9 264.7 269.1 284 296 304.8 307.2 300.9 296.1 306.6 313.8 319.7 324.7 334.1 343.5 345.9 343.9 338.6 342.4 345.7 348.2 350.4 355.6 359.9 359.5 359.4 361.7 362.8 362.6 363.4 363.8 363.4 361.9 363.7 366 367.5 371.1 374 380.4 390.3 395.4 398.4 402.8 407.7 412.5 415.3 417.6 420.6 422.6 423.6 424.1 423.5 422.2 420.8 419.4 417.4 415.3 411.7 409.7 406.8 404.5 402.4 400.1 397.7 395.5 394.2
330.7 344.8 339.1 329.5 322.4 314.3 303.9 277.6 251.3 261.6 259.1 261.1 280 252.7 267.3 284.2 297.6 305.6 309 301.1 289.8 298.2 308 313.3 318.7 325.4 337.3 343.6 340.5 336.2 338.5 341.5 343.4 346.5 353 355.2 353.9 353.6 355.3 357.2 356.9 357.4 357.4 356.9 356.8 357.7 359.9 361.9 360.2 364.1 376 383.6 390.3 398.4 405.2 409.7 413.3 415.7 418.1 420.2 422 423.2 423.7 423.4 422.1 420.8 419.1 417.3 415.1 411.3 407.7 406.7 405 402.7 400.4 398.2 396.6 395
316.3 330.7 334.1 334 327.5 319.8 312.4 288.7 261 251.5 243.4 248.2 255.7 251.9 270.5 286.8 297 304.9 299.2 283.7 286.5 290.6 300.2 307.6 313 318.3 331.2 339 335.6 332.2 333.8 335.9 335.7 339.7 347.3 348.2 348.4 349.8 351.9 351.6 351.4 351.4 351.6 351.4 351.8 352.6 353.5 353.2 353.8 362.7 370.1 375.1 384 390.5 404.8 410.2 413.7 415.4 417.9 419.9 421.3 422.6 423.4 423.9 422.1 420.6 419 417.3 414.2 410.9 408.1 404.8 404.9 403.3 401 398.8 396.9 395
290.8 298.6 313.4 322.1 331.4 324.8 317.7 302.7 281 279.3 268 242.9 242.5 256.3 274.7 286.8 296 282.1 266.7 271.6 278.6 278 283.4 295.2 307.6 313.2 322.2 335.1 333.2 327.5 328.6 330.4 334.1 337.4 342.5 343.1 344.3 346 346.9 346.3 346.8 346.5 346.5 346.1 347 347.3 348.1 344.4 353.8 360 367.3 373.5 379.4 385.6 395.1 408.3 413.7 415.5 417.3 418.9 420.3 422.4 424.1 424.4 423.5 421.2 418.8 417.1 415.3 412 409.4 407 404.9 403.1 400.8 398.6 396.4 394.5
293.8 294.8 306 315.9 331.6 329.5 323.7 317.6 306.8 297.1 284.5 268.7 236.9 246.8 258.1 269.6 265 250.1 252.6 265 260.5 267.5 276.6 285.6 300.6 306.4 312.3 327.5 331.7 322.7 323.7 325.5 329.1 334 338.3 339.2 340.1 341.1 342.2 342.2 342.3 342.3 342.2 340.6 342.2 342.7 341.4 347.1 352.1 357.5 363.6 370.3 376 383.4 390.3 400.1 411 413.4 416 417.2 419.6 422.4 425.4 426.5 426.8 423.4 420.9 418.8 416 413.4 411.8 408.4 405.8 402.7 400.8 398.4 396.2 394.1
286.8 296.5 302.5 312.3 324.9 333 328 322.5 314.4 305.8 295 285.7 255.2 233.7 233.4 247.3 241.5 242.7 250.4 248.1 257 262.4 275 285.2 293.1 301.3 309.4 319 323.2 314.6 319.4 322.5 326.1 330.9 335.2 336.4 337.3 338.3 338.6 338.3 338.3 338.4 337.3 335.9 337 338.2 340.5 347.9 351.8 356.7 361.4 366.7 372.4 379.4 387.5 392.6 400.1 408.9 412.2 413.2 417.2 424.2 430 432.7 431.5 427.3 423.7 422 419.4 417.2 414.9 411.7 406.8 403 400.5 398.6 396.3 394.1
277.1 286.7 298.7 311.7 325.9 333.2 331.3 327.1 321.9 311.3 299.5 292.8 283.8 258.2 230.9 224.2 230.1 232.3 238 240.9 248.5 260.4 273.8 282.9 291.9 299.5 305 312.5 315.9 308.1 313.8 317.5 321.6 326.5 330.8 333.1 335.5 334.6 334.8 334.1 334.4 333.6 332.3 331.5 332.6 330.3 342.5 347.9 352 355.5 359.9 365.1 369.5 373.5 381.1 387.3 391.4 400.5 406.6 411.1 415.1 421 432.1 435.1 435.4 431.3 428.3 424.7 420.9 418.7 415.7 412.6 408.7 404.9 402.3 399.4 397.6 395.8
271.3 277.4 287.7 304.2 312 328.9 331 327.4 322.8 313.1 298.2 292.9 289.5 281.2 262.7 215.1 226.8 225.8 230.3 233.2 243.3 257.4 270.8 284.2 290.5 294.5 299.3 303.7 309.9 301 310.4 312.8 317.2 323.2 326.9 329.5 333.6 331.5 331.3 329.9 330.3 328.7 326.8 326.9 324.4 335.8 342.7 348 352.2 355.8 360 363.3 366 369.3 373.9 380.2 386.1 392.2 401.1 410.9 412.8 417.6 427.4 429 432.2 430.9 425.7 423 420.3 417.5 416 413.5 410.5 407.3 404.5 401.5 399.9 398.1
266.1 274.8 288 304 308.9 314.1 325.3 324 318.4 310.5 296.1 289.9 287.5 282.3 275.5 224.4 212.4 222.1 226.3 229 241.1 257.2 271.2 282.9 287.4 291 296.3 300.6 304.8 290.1 304.3 307.7 311.1 316 323.4 327.3 329.6 327.5 326.3 324.4 324.1 324 323.2 321.1 329.2 336.4 342.4 347.8 352.1 355.4 357.8 358.9 361.8 365.1 369.1 374.6 381.2 387 394.3 400 405 414.3 416.6 417.8 418.7 418.6 417.9 418.6 417.7 416.9 414.8 413 411.7 408.8 406.4 403.9 401.4 400.9
263.6 276.9 291.4 301.1 303.9 314.5 320.9 308.6 304 303.5 296.6 287 284.1 280.9 274.3 254 214.3 217.9 225.8 228.9 242.7 256.9 271.2 280.6 284.2 288.9 293.8 296.4 298.4 281.7 296.2 302.6 306.3 314.8 321.9 324.2 324.6 322.4 320.9 317.8 315.8 316.8 317.7 325.9 332.1 337.8 342.2 346.6 349.7 351.6 353.4 355.3 358.1 361.3 365.5 370.9 376.5 382.6 388.4 394.1 398.7 403.6 408.9 410.6 412.2 411.9 411.7 413.1 414.4 413.5 413.2 413.5 412.1 410 407.6 405.2 403.8 402
247.7 267.8 283.3 288.5 302.6 313.7 301.4 281.6 282.5 275.6 277.4 281 277.5 273.1 268 224.3 206.6 217.8 224 230.2 243.1 254.1 267.1 276.6 281.8 286.9 290.5 292.3 294.4 269 287.9 297.4 294.5 311.3 318.2 320.3 321.3 320.1 314 307.6 298.2 313 320.3 327.8 334.1 338.5 341 344.4 346.1 347.9 349.3 351.6 355.2 358.5 363.4 369 374.6 380.4 387.5 391.6 394.5 399.5 404.4 405.3 406.9 408 408.8 409.6 410.6 410.6 411.4 412.2 411.3 409.4 407.4 405.8 404.2 403
246.8 258.3 268.5 268.7 288.4 293.7 288.4 266.1 263 260.5 258.5 264.4 267.7 262 234 210 203.3 215.1 221.6 231.8 239.3 253 263.6 274 279 280.1 284.3 287.9 286.1 258.9 273.5 278.6 297.1 292.7 308 316.7 319 315.8 304.7 289.4 305.2 314.7 321.8 328.8 333.8 338.2 340.5 341.5 341.9 343.2 344.2 346.7 350.8 354 360.7 366.8 372.7 378.4 387.2 391.1 393.2 396.6 401 402.3 404.1 405.4 406.2 407 408 409 409.9 410.6 411 410.4 408.4 406.4 404.3 403
