app/static/ascii/SD93.asc
ncols 200
nrows 200
xllcorner 390000
yllcorner 430000
cellsize 50
[rows 0 to 34 of 200, columns 78 to 155 of 200]
283.7 287.2 292.7 298 303.4 305.1 307.8 311 314.5 319.7 322.8 325.3 324.8 325.4 327.1 327.9 329.7 332.6 335.8 337.6 341.6 344.1 345.5 346.5 347.3 347.3 349.4 349.1 351.9 353.7 355.8 356.8 355.7 356 357.2 357 356.1 354.1 356 357.3 358.5 360.5 362.7 363.5 366.9 369.7 372.4 375.2 376.4 375.9 379.1 383.1 384.6 387.3 389.5 391.9 393.8 397.3 400.6 403.1 404.1 408.4 410.1 414.9 417.2 418.8 421.9 424.2 425.5 428.9 431.8 433.5 435.4 437.7 439.1 440.2 441.1 440.5
287.4 290.8 295.6 301.3 305.6 307.6 310.6 313.5 317.3 321.7 326.1 328 328 329.1 332.7 334.7 337.7 336.7 338.2 339.2 342.5 344.3 346.5 348.5 349.4 350.6 352 353.1 352.7 356.6 358.8 360.1 359.7 361.7 362.1 363.3 363.1 361.9 361.9 362.2 364.5 366 366.6 367.7 370.5 373.3 375.8 377.6 378.9 379.8 381.3 385.9 388.7 391 393.3 395.3 396.5 399 402.1 403.6 406.9 410.1 413 415.9 417.7 420.3 422.9 425.8 428.7 430.8 432.9 434.7 437.1 438.5 439.2 439.6 438.7 437.7
289.9 293.3 298.5 303.2 307.1 310.3 313.6 316.8 320.4 324.8 327.9 329.9 330.6 332.7 336.5 337.2 339.4 341.5 341.3 342.9 343.2 346.6 348.4 350 351.2 352.7 353.6 355.2 354.9 358.8 361.1 362.8 364.8 364.3 366.9 368.4 368.8 368.9 368.6 369.5 370.7 371.7 372.3 373.1 374.4 376.1 377.7 380.3 382.5 384.3 384.8 387 390.6 393.7 396.4 399.1 401 403 403.9 407.1 409.3 412.3 414.3 417.2 420.1 422.7 425.5 428.1 430.3 432.3 434.3 435.9 437.5 438.5 439.1 439.3 437.9 435
290.7 295.4 300.4 304.4 309.2 312.2 314.8 319.8 323.1 326.3 328.8 331.3 332.6 334.4 338.6 339.8 341.4 342.2 344.5 346.3 347.5 349 351 352 353.1 354.8 356.2 359 360.8 361.2 363 364.7 366.9 368.4 371.6 371.9 373.2 374 374.2 374.5 376.2 377.5 378.4 378.8 378.8 380.7 382.8 383.3 385.4 386.9 387.5 390 391.8 395.6 398.4 401.3 403.7 405.1 407.7 409.8 411.4 414.8 416.7 419.9 421.7 424.3 427.8 430.3 432.2 433.6 435.5 437 438.1 438.5 438.6 438.1 435.8 432.8
291.2 297 302.1 306.4 310.4 313.3 316 318.8 323.3 326.4 328.9 332.1 335.2 337.1 340.1 341.8 343.4 344 345.6 347.9 350.5 351.4 353.7 354.4 356.1 357.4 360.1 361.6 364.9 364.5 367 368.5 370 371.9 374.4 376.1 376.4 378.4 379.5 378.8 381.9 383 384 384.9 384.4 385.4 386.4 387.1 388.1 388.7 389.8 392 394.3 396.3 399.4 402.7 406 407.3 410.2 411.6 414.9 418.5 420.9 423.3 425.9 428.1 430.1 432.6 434.4 435.7 436.8 437.5 438.3 437.8 436.3 434.9 432.6 430.1
291.1 295.2 300.8 306 308.5 311.1 313.3 318 322.3 325.8 329.1 332.8 336.3 339.2 341.8 343.8 346 348 349.4 351.7 353.4 354.1 356.7 357.9 360.7 361.5 364.1 365.8 367.3 368.1 370.8 372.2 373.6 373.3 375.9 379 381.1 382.4 384.2 384.8 386.1 387.2 388.9 390.1 389 388.3 389.6 391 390.8 392.2 392.4 395 396.9 399.2 400.6 404 407.2 409.6 413.1 416.1 418.2 421.8 423.8 426.2 429 430 432.4 434.5 436.5 437.5 437.8 438.3 437.7 434.9 433.2 431.8 430.3 428.2
291.6 291 296 297.1 305.1 309.2 313.8 316.2 322 326.8 328.8 333.1 337 340.3 341.9 345.9 348.9 350.9 352.5 353.1 355.1 356.4 358.7 362.2 364.5 366.4 367.9 369.2 371 372.5 373.4 374.9 376.1 376.3 378.1 380.9 384 385.3 387.9 389.8 390.5 391.6 392.8 393.5 393.3 392.5 393.5 394.9 395.1 395.4 396.9 398 400.2 402.6 404.8 406 409.1 412.6 417.2 419.5 423 425.4 427.9 429.6 432 433.6 434.3 436.8 438.3 438.1 437.8 437.6 435.7 433.7 431.3 429.4 427.9 425.3
290.8 294.4 300.6 305.4 308.8 313.5 317.5 320.5 321.2 326 329.7 334.3 338.4 341.7 343.5 346.6 349.8 352.3 354.7 356.6 358.2 360.5 363.4 365 367.6 369.7 370.9 371.7 375 376.7 378.2 378.4 378.3 379.3 380.2 383.2 386.1 389 390.8 392.6 393.8 394.1 395.6 397.2 398.1 397.5 397.6 398.6 398.6 398.6 400.2 402.3 404.8 406.7 408.7 409 412.1 415.5 419.7 423.9 426.4 428.9 430.5 433.3 435.2 436.6 437.6 438.5 438.7 437.4 435 435.2 433.7 431.5 428.9 428.1 424.7 421.5
290.6 293.4 300.2 306.1 311.7 316.1 320.4 323.1 325.3 327.6 330.3 335.4 339.9 343 345.1 347.5 350.4 353.4 356.2 359 361.1 362.9 364.8 367.4 369.8 372.4 374.8 375.9 377.8 379.8 380.9 381.8 381.8 382.2 383.3 385.3 387.5 390.6 393.4 395.1 396.6 397.2 398.5 400.1 401.6 402.3 401.9 402.1 402 402.5 404.9 407.5 409 410.7 412.4 413.9 414.8 418.4 422.1 425.4 429.3 432 434.2 436.3 437.7 439.1 439.7 439.7 438.1 436.1 433.8 432.3 431.5 429.3 426.8 425 422.4 419.5
291.6 293.8 300.8 307.5 313.7 319.7 323.1 326 328.4 331 334.6 335.8 338.6 343 346.6 348.8 350.8 353.8 356.9 360.3 362.2 365 366.7 369.9 372.1 374.7 377.1 379.2 380.6 382 382.8 384.3 386.1 387.7 388 389.6 390.7 393 395.6 397.2 398.9 399.9 400.5 401.5 403.5 405.9 405.3 404.5 404.8 405.7 408.3 410.4 412.7 415 417 419 419.6 421.1 423.6 427.6 431.5 434.5 436.7 438.8 439.7 440.3 440.5 438.9 436.4 434 432.8 432 429.5 427.6 424.4 422.3 419.5 417.3
292.8 296.5 302.4 309.5 315.8 321.5 326.4 329.2 332 334.6 337.2 340.3 342.1 344.1 344 348.9 351.4 354.9 357.6 361 363.7 366.2 368.6 371.2 374.1 376.3 378.4 380.7 382.6 384 385.8 386.5 389.4 391.6 392.7 393.7 394.2 395.4 397.2 399.4 401 402 402.5 403.2 406.4 409 409.5 408.9 409.1 409.7 412.3 415.2 417.6 419.7 421.5 423.5 424.2 425.1 426.4 428.3 431.3 435.8 438.6 440.7 441 441.4 439.6 436.9 434.2 432.2 431.2 430.1 427.4 426 422.5 420.6 417.2 416
294.8 299 306.9 313 319.2 325.2 330.1 333.1 336.4 339.3 340.1 342.2 345.2 346.7 348.6 349 354.3 356.7 359.2 360.9 364 367 369.7 372.4 375.1 377.5 379.7 382 384.4 386 387.8 389.7 391.9 393 395.1 396.5 396.9 398 399.3 401.2 403.2 403.7 404.1 403.8 408.6 411.6 413.3 414.3 415.1 415.8 417.7 420.4 421.8 423.9 425.2 425.2 425 425.5 426.8 429.5 433.2 436.9 439.8 442.1 442.5 440.2 436.7 433.7 432 430.9 430 428.2 426.2 424.2 421.8 419.5 416 415.6
297.6 305 313.9 317.9 323.4 327.6 332.3 337.7 341 342.6 343.6 346.5 349.9 351.3 352.9 354.2 351 356.8 359.5 361.9 364.5 367.2 370 372.7 375.4 378.1 381 383.2 385.6 387.9 389.8 391.7 393.7 394.9 397.3 398.8 399.6 400.6 401.8 403.3 405.2 406 406 405.7 406.3 413.3 416.7 418.8 420.7 421.7 421.1 422 423.3 423.7 423 423.7 424.1 424.8 426.9 430 432.5 436.1 438.8 440.7 438.3 435.4 433 432 430.8 429.6 428.5 426.2 424.5 421.8 420 420 417.7 416.4
301.8 308.6 312.2 317.9 323.7 329 333.7 339.8 341.9 343.9 347.5 350 352.3 353.1 354.2 355.3 356.5 356.1 360.8 362.8 365 367.1 370 372.5 375.5 378.3 381.2 384.2 386.4 388.8 391.5 393.6 395.5 397.2 399.2 400.9 402.1 403.1 404.3 405.5 407.2 408.9 409.2 410.6 404.9 408.5 416.8 418.8 420.8 420.5 418 419.7 419.6 419.6 420.2 421.5 421.9 424.1 426.6 428.9 429.8 434.6 437.2 435.8 432.8 431.1 430.3 429.6 428.6 427.6 426.6 425.9 424.5 422.7 421.1 419.6 418.5 416.2
298.5 301.9 306.9 310.4 315.3 327.2 334.5 340.4 343.3 345.6 347.2 349.2 351.4 353.2 354.2 355.8 357.3 358.3 359.9 362.1 365 366.6 369.4 371.8 374.8 377.9 381.1 384.8 388.1 389.7 391.9 394.7 397.4 399.3 401.2 403.2 404.7 406 407.2 408.4 409.3 410.9 412.1 412.9 412.1 396.6 408.4 412.7 414.6 414.4 412.6 414.3 415.2 416.5 418.2 418.6 420.2 422.2 424.1 425.4 424 426.3 428.2 428.3 426.8 426.3 426.9 427 426.1 425.1 425.5 426.3 425.3 423.5 422 420.5 419.4 417.6
293.7 296.4 302.1 306.7 315.2 326.9 334.1 340 342.7 345.3 347.4 349.3 351.7 353.6 355 356.5 358 358.1 359.9 361.7 363.7 367 369.1 371.3 375.2 379 382.5 385.6 389.5 391.4 393.5 395.9 399.3 401.1 402.9 404.9 407.2 409 410.4 411.5 411.8 411.7 412.7 412.5 412.3 407 391.5 400.5 407 408.1 407.7 409.4 411.4 413.9 414.3 415.1 414.9 414.9 417.5 417.9 416.3 416.7 419 421.3 420.5 421.6 422.3 423 423.7 424.9 425.7 426.5 425.8 424.5 423.3 421.6 420.1 418.6
277.3 284.9 288.7 299.1 310.4 322.5 332.3 338.5 342 344.5 347.2 349.3 351.7 354.6 355.7 357.1 358.1 358 359.4 361.7 364.1 366.3 368.7 371.3 375.7 379.1 382.6 386.3 390.4 393.2 395.7 397.9 400.7 402.6 404.4 406.6 408.7 409.8 412.3 413 412.7 411.7 406.8 407.2 408.2 407.1 390.8 388.7 398.1 400.7 403.1 405.9 407.1 408.6 407.2 406.6 405.8 406.1 408.1 409.3 410 410.8 413.2 415 415.6 416.1 418.4 420.3 422 423.8 425.1 425.9 426.6 425.8 424.6 422.7 420.8 419.3
265 271.1 274 282.9 294.8 309.8 329.5 337 341.2 344.5 346.5 349.2 351.7 354.7 355.8 357 357.6 357.9 358 360.7 363.2 365.8 368.4 371.7 374 378.1 382.1 385.7 390.8 394.2 396.7 399 401.2 403.1 405.2 407.3 407.9 409.8 411.3 411.8 411.3 409.3 403.4 394.4 396.7 396.2 386.6 381.2 388.4 393.9 397 398.2 399.2 399.9 399.1 398 396.9 397.5 399.4 402 403.9 405.6 406 407.9 409.5 411.6 414.8 417.7 420.8 422.5 424.2 425 425.8 426.4 425.9 423.8 421.7 419.4
257.1 261.7 267.5 271.2 277.7 295.8 316 332.2 338.2 342.5 345.5 348.2 351.8 353 354.2 355.2 355.2 354.1 356.4 358.8 361.8 364.8 367.2 369.7 372.4 375.9 379.3 383.9 389.3 393 396.1 398.2 400.5 402.8 405.2 405.7 407.2 408.8 408.5 403.6 397.5 393.6 387.7 382.5 383.2 381 378.6 374.9 379.4 385.4 389.8 389.8 389.5 389.8 390.2 390.5 391 391.5 393.2 394.9 396.9 399.5 401.1 402.9 405.3 408.1 411.2 414.3 417.8 420.7 422.2 423.4 424.9 425.9 426.7 425 423 420.1
253.1 257.5 259.8 259.3 269.6 286.2 296.8 309.5 320.6 330.1 334.8 346.6 348.6 348.7 349.6 346.8 348.6 351.3 353.2 356.1 358.1 361 362.3 366.3 369.9 373.3 376.7 382 386.6 390.7 393.7 396.8 399.6 400.9 401.9 403.1 404.2 403.5 396.9 390.9 385.2 378.8 377.8 375.3 375.5 375.3 374.2 371.1 375 376.3 379.2 381.8 382.9 383.9 384.6 385.3 386.2 387.3 388.8 391.1 393.1 395.3 397.5 399.7 401.9 404 406.4 409.5 413 416.4 419.6 421.2 423.1 425.9 427 425.9 423.6 420.8
248.3 251.3 248.6 252.9 263.5 274.9 282.4 291.9 294 300.4 316 325.5 333.4 335.7 337 340.6 344.8 347.5 348.6 349.1 348.2 346.5 349.2 358.6 363.1 369.1 373.8 379.5 383.8 388.4 391.5 394.6 397 398.8 399.2 399.8 398.6 393.5 385 379.4 375.6 371.9 369.7 370.6 371.3 370.8 370.1 368.9 370.2 371.5 373.4 375.6 377.9 379.1 379.8 381 382.6 384 386 388.1 390.4 392.9 395.3 396.7 398.4 400.4 402.8 404.8 407.4 410.6 414.7 418.3 422.1 425.5 427.4 426 424 421
240.6 241.1 245.3 251.8 256.9 262.6 270.1 276.9 287 293.4 296.3 300.8 305.7 315.8 314.6 320 324.2 329.3 331.1 334.5 331.5 331.7 334.5 339.9 343.5 354.3 357.6 360.7 380.8 385.3 389 392.3 394.5 396.3 396.7 394.5 387 379.4 376 371.8 367.7 366.9 366.5 367.2 368.3 368.7 368.2 367.1 368.1 369.5 370.9 372.1 373.1 374.7 376.4 378.1 379.8 382.3 384.3 386.1 388 389.7 391.6 393.2 395 396.9 398.7 400.7 402.6 405.5 409.4 413.3 418.5 423.2 425.4 425.3 423.8 421.1
233.5 239 243.7 249 252.4 255.7 261.9 267.1 274.8 280.1 283.3 288.6 291.2 293.6 299 309.8 312.3 316.6 317.6 318.9 319.4 319.8 321.2 328.2 334.8 341 349.2 354.4 356.7 376.6 386.3 389.3 391.4 393 393.1 386.3 377.6 372.8 369.4 365.9 363.6 363.8 364.1 364.4 366.4 366 366.1 365.6 365.8 367.2 368.2 369.2 369.4 372.4 374.2 375.9 377.9 380.5 382.4 384.3 386.2 387.5 389 389.9 391.6 393.7 395.3 397 398.5 400 402.9 406.9 411.6 416.5 419.4 421.2 422.8 420.7
229.5 234.6 238.9 243.8 246.6 250.7 257.1 260.9 267.1 271.6 274.4 277.3 280.5 282 286.2 293 296.5 302.9 305.5 306.7 307.6 308.3 311.3 319.2 325.4 331.4 340.2 347.2 351.1 356.7 376.4 385.4 388.1 389.7 388.3 376.9 369.2 366 363.7 361.1 360.5 360.6 361.5 362.7 364.4 364.4 364.5 363.6 363 364.8 365 366 366.8 370.1 371.9 373.7 375.5 378 380.4 381.9 383.5 383.9 385.8 387.7 389.3 391 392.5 394.2 394.6 396 397.3 398.7 403.9 408.8 412.2 415.9 416.1 416.6
234.7 233.7 235.2 236.9 241.1 245.9 249.9 252.6 259 265 268.8 269.3 272 276.6 279.9 285.5 288 292.7 295.3 298.2 300.4 299.6 305.2 313.4 323 327.7 333.2 339.5 344.5 352 356.9 375.8 381.4 382.9 378.1 369.5 363.4 361.5 359.7 358.5 358.3 358.2 359.5 360.7 362.5 362.3 362 361.2 361.6 361.1 362.1 362.7 366.5 367.8 369.5 371.4 373.8 376.1 377.7 379.3 380.3 381.7 383.2 384.3 386.4 388.4 389.9 390.6 390.9 392 392.8 393.5 396 399.5 404.3 409.4 411.3 412.9
239.1 239.3 240.6 242.5 241.7 246.2 243.2 248.3 252.8 255.1 258 257.9 264.5 270.9 274.1 277.5 285.3 289.8 292.6 292.7 295 298.3 300.5 304.4 313.4 319.5 328.7 331.3 335.8 343.5 349.3 363.4 371.3 375.3 369.9 362.2 358.5 356.7 355.6 356.6 356.9 356.7 356.2 359.1 360.4 360 360.4 357.9 357.8 361.4 362.8 364.1 366.2 367.3 367.9 369.4 371.8 373.6 374.8 376.1 377.5 378.4 380.3 381.6 383.4 385.3 386.7 387.5 387.6 387.5 387.6 388.5 389.4 390.8 394.8 401.6 405.4 409
242 242.7 242.4 244.8 246.3 244.2 249.1 251.6 254.1 258.5 258.3 260 259 260.5 263.4 267.3 275.4 284.4 289.2 294.1 294.3 296.5 299.5 303.5 307.3 312.9 320.5 325.8 330.7 336.4 344.2 355.6 363.4 368.5 363.9 357.3 354.1 353.3 352.8 353.2 354.9 353.5 354.1 357.7 359 358.3 358.8 358.1 357.9 361.5 362.9 364.2 365.1 366.3 365 366.9 369.5 370.2 370.9 372.4 374.6 375.2 376.7 377.9 379.6 381.5 383.2 382.9 382.9 382.9 382.2 381.8 382.4 384.5 388.4 392.8 396 400.3
242.5 244.7 243.6 246.7 249.1 250.2 249.3 249.4 253 258.1 261.6 264.5 264.9 266.4 271.1 272.9 271 269.9 282.5 287.4 288.7 288.3 297.1 302.3 303.7 307.6 309 316.3 323.3 328 338.1 348.5 355.6 363.7 360 352.9 350.5 350.5 350 350.3 352.3 352 353.1 356.2 357.1 356.7 357.3 354.5 357.6 359.7 362.1 363.4 363.8 363.2 361.5 364.6 367.1 368.1 368.7 370 371.4 372.6 373.5 375 377.3 378.4 379.6 379.1 378.3 376.4 375.3 375 374.8 377.3 380.6 385.4 388 389.8
238.3 241.5 243 246.5 248.9 253.9 254.5 255.5 255.7 255.8 258.2 261.7 264.7 269.6 272.1 279.1 281.7 284.1 278.8 280.6 286.9 287.5 283.6 290 301.3 303.4 307.7 311.5 317.5 323.2 331.4 341.9 349.9 358 356.6 350.3 347.6 346 344.9 347.7 349.6 349.7 351.8 354.3 355.3 355.4 356.7 354.9 355.7 357.7 359.9 360.8 360.8 360.1 359.1 361.3 364.5 366.1 366.4 367.4 369.4 370.7 371.4 373.1 374.9 376.1 375.5 374.1 373.2 370.9 368.7 368.9 368.1 373.2 375.5 378 379.8 382.1
239.2 242.4 245.3 247.8 251.3 251.7 254.7 256.9 259 260 261.5 267.1 274.3 279.7 282 280.2 284.5 288 290.2 293 296.4 293.3 290.4 289.9 289.4 293.7 305.2 311.4 315.1 320.2 327.4 335.2 346.3 351.1 349.9 347.5 345.3 342.5 344.5 345 346.5 348 350.2 352.7 353.8 353.5 355 354.7 352.4 356.1 357.2 357.9 357.9 357.5 356.2 357.7 360.4 362.8 363.7 365.2 366.7 367.8 369.7 371.9 373.4 373.1 372.5 370 368.2 364.3 361.9 362 361.5 365.4 370 370.7 373.3 375.6
230.7 245.5 249.8 253.1 255.2 255.4 256.8 257.7 261.5 263.5 265.7 271.2 279.2 283.7 286.1 286.9 285.7 289.5 293.8 299.3 300.2 300.8 297.6 297.2 295 294 293.1 305.1 314.6 321 326.6 333.4 343 346.6 346.6 342.9 341.1 338.4 341.9 344.6 346.7 348.4 349.7 351 351.9 351.5 352.6 351.7 349.6 354.5 354.6 354.9 354.9 353.9 352.7 354.2 357.1 359 361 362.6 364.9 366.4 368.1 369.9 371.6 372.2 370.2 367.7 364.1 359 353.8 355 358.9 363.1 363.6 366.8 368.9 370.5
244 235.1 250.3 255.3 258.6 264.1 265.9 265.2 268 268.6 271 272.1 281.5 286 288.1 289.1 290.2 290.4 292 297.2 302 306.7 306.6 306.3 305.3 299.5 298.5 299.5 311.3 318.5 325.6 333 340 343.1 342.2 340.2 338.9 336.2 340.2 343.2 344.9 346.2 347.2 348.8 350.1 349.1 349.1 348.8 347 351.7 352.3 351.3 350.8 349.8 349.9 351.6 354 356.3 358.2 359.6 361.7 364 365.9 367.5 368.6 369.1 367.8 363.9 360.3 355.7 348.1 348 356.8 352.2 358.7 361.8 365.1 366.5
250.3 237.1 247.2 257.4 262.9 270.5 272.7 271.8 270.3 271.6 276.6 283 285.2 282.7 286.6 288.5 291.2 294 295.8 298.3 301.1 304.6 307.7 311.1 310.7 304.5 306.9 300 311.1 320.4 326.5 332.9 336.9 339.4 339.8 338 335.7 336.5 339.1 341.3 342.7 343.8 344.7 346.3 349.6 345.6 344.3 347.2 345.7 349.7 350.3 347.3 346.8 345.4 344.2 348.1 350.5 352.9 355.2 356.6 359.3 361.5 362.7 364.2 365.2 365.3 364.5 360.8 357.9 353.8 347.3 346.4 352.1 348.5 352.1 356.9 361.9 362.3
250.4 237.8 254 260.5 265.7 271.6 275.9 275.1 272.2 277 282.6 287.4 286.2 287.7 289.5 291.8 294.1 296.9 303.1 308.7 311.3 314.2 314.9 315.6 315.7 311.6 311.4 306.4 305.8 319.7 325.8 331.1 336.2 338 336.1 331.7 330.1 332.8 336.5 339.6 340.6 342.3 343 343.5 345.8 342.1 342.5 342 343.3 346.6 346.8 344.7 342 339.3 340.6 344.6 347.1 349.5 351.5 353.9 356.4 357.6 358.6 360.2 360.9 361.1 360.1 358.3 355.3 352.2 345.8 338.6 346.6 342.6 350.1 353.1 356.5 355.7
256.2 243.6 256.3 262.4 267.1 272.2 277.7 279.9 277 283.3 288.6 289.8 290.1 292.1 294.7 296.7 300 303.1 310.1 315.1 320.9 324.2 326.7 324.7 321 321.8 321.2 311.9 308.3 308 318 323.2 325.2 327 325.3 330.4 335.4 337.2 338.3 339.7 340.4 341.9 342.2 341.8 341.2 339.9 338.1 339.5 338.4 342.4 340.7 338.9 333.8 335.3 337.9 340.5 343 344.5 347.5 349.7 351.8 353.7 353.9 354.4 355.6 356.5 355.6 354.6 352.6 349.7 345.1 338.3 340.5 340.5 345 347.4 350 348.4
