app/static/ascii/SD94.asc
ncols 200
nrows 200
xllcorner 390000
yllcorner 440000
cellsize 50
[rows 140 to 174 of 200, columns 78 to 155 of 200]
295.6 291.4 288.2 286.5 287.6 286.7 284.4 283.7 285.5 285.5 284.8 285 285.4 284.9 284.1 282.9 282.4 283.6 283.3 282.7 282.2 281.5 278 276.1 275.6 272.6 263.6 261.3 252.3 250 250.4 251.3 252.4 246.3 240.5 235 229.9 224.8 228.3 229 231.1 232.1 230.2 225.4 221.4 216.5 210.6 204.9 212 219.5 216.4 217 217 214.5 209.2 201.5 198.2 195.1 195 190.9 206.9 214 218.2 219.8 218.6 218.2 212.5 209.3 208.7 211.9 217.1 217 218.7 222.8 227.1 230.6 233.6 236.5
292.4 292.3 292 291.5 290.4 289 287 286.4 286.8 288.4 288.6 290.6 292.7 296.2 295 291.8 290.7 292.8 293.1 291.9 290.5 287.5 284.7 283.2 280.2 273.4 267.5 260.9 256.9 253.7 252.4 253.1 252 243 240.9 239.6 234.1 227.5 235.2 236.7 237.1 238.6 238.2 236.4 232.2 227.9 223.7 219.7 204.3 204.2 205.1 203.7 202.6 201.9 199.3 197.2 195.3 199.1 198.4 199.3 209.1 219.5 222.2 224.1 224.2 220.4 213.5 211.8 213.8 217.8 220.5 224.9 226.3 228.9 231.4 233.9 237.5 239.7
302.4 299.9 298.3 295.4 293.6 291.3 289.5 289.2 289.3 290.3 292.4 294.4 297.8 299 296.1 293.6 293.4 294.1 294.3 293.5 291.5 288.4 286.8 286 279.8 276.5 268.6 262.7 258.8 256.1 253.6 255.3 252.3 245.1 244.2 244.3 232.7 234.1 243.5 243.9 245.9 244.3 242.6 241.5 240 237.6 233.3 225.7 220 213.8 210.6 207.8 205.3 200.3 207.7 206.2 204.9 205.7 204.7 194.2 214.2 222.6 225 227.5 230 224.8 225.9 223.3 221.6 223.8 227.9 231.7 232.9 234.3 236.6 237.9 241.2 245.4
309.3 304.8 301.4 298.5 295.4 293.3 293.1 293.1 293 293.7 295.7 298.4 299.2 298.7 296.4 294.8 294.8 295.5 295.4 294.7 292.4 289.7 289 286.1 280.7 276.6 270.3 266.1 261 258.4 256 255.8 254 249.3 247.4 244.4 234.9 247 248.8 249.1 248.7 247.8 246.3 245.3 243.6 241.5 240.5 238.9 233.8 227.8 222.2 221 217.3 209 215.9 215.3 215.3 213.8 211.7 196.2 213.1 223.3 227.4 230.8 234 232.3 236.3 234.7 231.7 232.3 235.9 233.5 237.3 239.7 244.7 246.4 248.3 254.2
309.9 306.2 301.9 298.8 297.7 297 296.8 296.7 296.7 297.1 297.8 300.2 300.2 299 298.1 296.6 296.4 297.2 296.4 295.2 293.3 291.5 288.5 283.5 279 275.2 271.7 268.6 263.8 260.4 259 255.5 253.6 250.5 247.8 245.6 235.4 247.5 249.1 250.3 249.9 249.6 248.6 248.2 247 245.5 245 242.7 240.8 238.9 236.6 231.2 227.2 218.7 226.4 230 227.2 227 221.8 205.7 207.2 222.2 228 231.9 234.3 237.8 238.8 239.9 237.9 237.9 243.2 238.5 241.5 247.1 254.5 260 265.2 275
309.4 306.7 303.4 301.1 299.8 298.9 299.3 299 299.1 299.9 299.7 300.9 300.6 300.2 299.6 298.9 298.3 298.7 297 295.4 293.8 292 288.5 284.2 277.6 272.5 269.8 266.3 263.9 260.3 258.7 252.9 249.3 247.2 244.7 237.4 243.2 248.8 252 252.4 253.2 253.2 253.5 253.5 252.5 250.7 249.6 247.1 245.3 244.6 241.3 238.3 235.2 232.7 232.8 235.6 235.2 234.4 231.5 220 203.7 218.2 225.9 229.2 231.6 238.9 242.4 242.8 242.7 243 247.9 245.9 256.9 269 276.6 280.2 286.6 290.2
309 306.2 303.8 301.7 301 300.2 299.7 299.4 298.9 298.6 299.9 301.3 301 299.3 298.4 296.6 297.1 297.1 296.6 295 292 288.3 283.7 277.7 272.7 269.2 267.3 265.3 262.6 257.1 254.8 254.2 249.8 249 240.5 243.8 248.9 252.1 255.4 257.4 259.4 260.8 262.7 264.6 263.2 260.8 258.3 254.9 252.2 249.5 245.9 243.5 241.3 239.4 239.7 241.5 241.2 237.4 231.7 224.1 217.1 205.4 219 226.2 231.6 237.6 245.8 247.2 248.3 248.1 253.4 251.3 261.9 276.3 283.3 285.6 289.6 291.2
307.4 304.7 303.2 302.2 301.4 300.6 300.5 299 297.5 297.7 299 300.2 298.6 296.5 295.5 294.2 294.5 293.9 291.7 289.2 285.4 279.8 275.5 271.7 269.4 267.2 266.4 264.8 261.7 255 253.7 256.6 251.7 246.7 246.6 249 253.3 256.5 257.8 260.8 267.3 268.5 268.6 269.3 267.9 267.3 267.1 264.6 261.7 258.1 255.4 252.9 249.2 246.8 248 248.2 247 242.2 233.5 225.6 218.9 214.6 211.6 224.3 231.4 236.9 247.1 252.6 256.2 256 258 264.7 263 272.1 281 279.8 285.7 287.3
305 303.5 302.1 300.8 299.9 298.9 298 297 296.5 295.7 295.6 295.3 295.4 294.3 293.2 290.5 289.1 287.1 284.6 281.2 278.1 274.5 272.1 270.5 268.8 267.4 264.5 261.9 257.8 252.8 256.5 256.3 252.5 241.2 253.3 254.2 256.1 259.5 264.2 268.4 270.2 272.2 273.5 273.2 272.4 271.9 271.1 268.1 263.4 261.7 260.2 259.5 254.1 250.5 250.4 253.2 252.4 246.3 240.4 236 223.5 219.7 208.7 225.4 233.9 239.9 244.5 247.6 254.6 261.7 262.8 266.6 271.7 277.7 283.9 287.5 293 294.2
304.1 301.9 300.4 298.8 297.3 296.3 295.5 294.7 293.5 292.4 291.7 292.3 292.7 291.6 289.2 284.2 281.4 279.3 278.9 277.6 275 273 271.8 270.6 269 264.1 260.9 257.1 256.2 257.4 255.4 252.7 251.8 246.1 254.1 257 257.6 261 264.4 268.6 271.3 273.5 275.2 276.2 276.1 276.7 274.6 271.4 267.6 267.1 265 263.6 261.1 255.5 253 254.5 255.6 250.2 244.5 240.2 228.6 223.2 210.7 223.2 235.5 241.1 243.1 248.1 254 264.8 268.1 271.5 276.3 281.9 287.5 291.7 295.1 297.5
303.1 300.4 298.6 297.1 296 294.3 293.2 290.7 289.2 289 288.7 289 288.6 282.7 282.5 278.1 277.8 277.4 277.4 276.6 274.1 272.5 270.6 267.7 265.9 262.3 258.5 257.2 258.2 257.4 255.8 251.7 249.7 245.5 254.9 257.8 258.5 260.7 263.9 267.1 272.9 275.8 277.3 278.2 279.6 279.7 278.1 275.7 273.8 272.3 270.9 268.7 267.2 262.5 258.1 256.4 258 254.3 248.4 244.3 236.7 226.5 216.7 221.1 234 240.5 243.6 249.3 256 269.6 276.5 280.7 285.4 291 292.2 292.7 294.7 297.7
300.9 297.8 297.1 296.4 295.1 293.4 290.8 287.3 285.5 284.5 284.6 283.4 281.6 276 275.3 274.8 274.9 275.5 276 274.4 273.4 272 268.4 264.7 263.8 260.7 260 258.8 259.1 258.3 255.2 250.5 247.4 250.8 253.1 257.2 258.7 260 262.7 265.2 269.3 273.7 275 275.4 278.1 281.5 281.3 281.8 280.5 278 277.7 274 272.7 268.9 266.3 263.1 260.3 256.8 250.7 247.3 242.5 229.5 219 220.4 231.5 240 244.9 253.3 263.5 274.7 279.4 281.5 284 286.1 287.1 287.7 289 291.3
298.7 296.1 295.8 295.3 294.2 292.5 289.8 286.2 282.4 280.7 278.1 275.1 274.6 276 275.9 272.1 272.8 273.7 273.4 272.7 271.2 268.5 267.9 269 267.4 262 261.9 260.4 261.4 260.4 257.4 250 249.1 251.9 253.8 256.2 257.6 258.7 260.3 264 267.2 269.7 271.4 274.9 276.4 278.2 281.2 283.4 284.2 283.7 283.6 283 277.9 274.2 273.9 268.7 263.4 262 258.5 252.2 245.2 229.9 219.7 220.8 235.1 241 247.8 258.3 266.4 270 272.9 276.6 278.4 281.4 283.4 284.8 286.3 288.4
297.4 296.3 294.4 292.8 291.8 290.9 288.4 284.8 281.2 277 274.3 273 272.2 272.1 273.7 270.7 272.1 272.5 271.7 270.7 269.7 270.9 270.8 269 267.1 264.5 263.2 263.7 263.7 263.1 260.7 252.8 250.2 250.1 253.5 256.7 258.4 259.3 261.9 265.6 267.2 270.5 273 273.7 275.4 277.3 279.5 281 284.2 285.5 285 285.4 281.2 280 278.6 269.1 267.5 266.9 263.6 256.3 246 228.8 215.5 227.9 237.2 242.8 252.1 260.2 265.2 267.6 270.5 272.8 274.1 278.1 281 281.5 282.7 286
298 296.6 294.1 291.9 290.1 288.1 286.8 283.3 278.6 274.5 271.8 272.2 271.5 270.8 270.3 269.2 270.7 269 269.2 270.9 269.4 270.8 270.3 268.7 266.2 264.9 264.5 264.3 265.4 265.8 265 259.7 253.4 250.1 254.7 258 260.1 260.8 263.6 267.2 270.2 274.3 276.2 277.4 277.1 277.4 279.6 280.9 283.5 285.3 285.7 284.5 284.8 283.7 281.5 272.6 270 267.6 262.2 257.5 246.6 228.8 218.2 231.1 239.3 246.4 255.8 261.1 264.2 265.7 267.2 269.1 271.8 274 275.5 284.6 286 288.6
297.4 294.7 293.1 291.3 288.8 286.6 282.8 280.2 277.2 274.8 271.8 269.7 269.8 269.8 269.7 267.8 268.2 269.3 271 271.1 268.7 268.6 268.7 266.2 265.6 265.8 265.3 265.2 265.5 269.3 266.5 263 257.4 251.4 254.2 259.2 261.6 262 265.5 268.9 272.2 275.2 277.4 279.3 279.6 279 279.1 280.8 282.3 282.6 283.9 284.4 284.7 284.6 282.7 275 270.9 265.9 257.3 251.9 242.4 222.2 224 233.9 244.5 253.4 258.7 262.2 263.2 263.3 264 269.2 274.5 279.3 283.4 285.6 288 290.5
296.6 292.1 291 290.6 288.4 285.1 283.2 280.8 278.4 275.9 272.7 270.7 268.3 266.1 268.7 266.3 264.3 269.4 269.7 269.8 268.6 266.1 266.6 266.9 266.9 266.7 267.8 268.6 268.5 270.7 266.2 262.8 260.8 257.3 253.4 258.2 261.1 263.1 266.8 270.2 273 275.8 278.1 280 281.7 281.8 281.3 281.7 281.9 281.1 281.4 282.4 281.1 280.7 277.7 272.8 267.8 259.8 251 243.1 234.2 220.1 225.7 236 249 255.6 259.1 260.8 260.5 259.1 265.3 269.8 273.9 277.4 281.6 286.3 289.6 293
295.2 291.8 290.3 289.9 288.6 285.3 283 280.7 279 276.9 273.7 271.6 269.4 266.2 264.6 266.1 263.3 266.1 267.8 267.4 266.6 266.5 266.6 266.9 267.1 267.1 267.4 269.6 271 271 265.2 262.6 260.8 259 253.5 256.8 260.8 263.8 267 270.2 273.2 276.4 278.7 280.2 281.8 282.8 282 282.3 281.9 280.8 280.2 280.3 278.5 277.7 272.2 268.2 259.8 250.5 243.8 231.4 224.4 221.4 225.8 235.5 246.9 254.3 256.3 256.6 254 258.3 261.6 265.1 271.4 278.1 284.3 289.8 294.5 298.9
292.6 291.9 291 291 288.3 285.2 282.6 281.1 279.7 277.5 275.4 273.4 271.2 268.7 264.2 263.1 263.3 263.7 265.3 265.9 266.3 266.5 266.6 266.9 267.1 267.4 267.4 268.9 269.9 269.6 264.7 262.6 262.1 261 258.4 254 259.6 263.8 266.9 270.1 272.8 275.8 278.4 279.9 281.5 282.4 282.7 282.4 281.6 280.5 279.4 277.7 275.9 270.6 265.5 254.2 246.4 241.5 232.4 229.1 226.3 228.6 223.4 230.6 237.7 245.9 249.6 250.5 246.1 251.6 258 265.2 273 281.3 289.1 295.4 301.2 305.6
289 289.8 291.5 291.2 289.7 286.3 282.3 280.4 279 278.6 278.2 274.8 270.5 267.6 263.3 262.3 262.8 264.7 265 265.6 266.3 266.5 266.6 266.9 267.1 267.4 267.6 268 268.7 267.1 264.1 262.5 262.8 263.6 261.1 255.8 257.9 262.5 267.1 270 272.2 274.9 277.8 279.6 281.1 281.7 281.6 281.6 281.6 280.6 279.7 275.9 259.3 260.3 255.4 249.8 245.1 242.7 240.4 239.5 242.3 241.2 225.5 227.8 230.5 234.5 236.4 236.3 238.9 242.9 251 260.3 271.1 282.7 290.8 298.3 303.9 308.8
287.5 287.7 286.6 289.1 287.9 285.7 283.2 280.8 280.9 281.5 281.6 276.6 270 265.6 261.6 261.8 263.5 263.5 264.2 265.3 266.1 266.5 266.6 266.9 267.1 267.4 267.6 267.8 266.2 264.5 264 262.3 262.3 262.7 260.2 256.3 256.4 262.7 268.5 271.5 274.5 276.7 278.7 280 281.3 281.6 282 282.3 282.2 281.2 278.6 275.7 278.3 279.6 272.3 258.5 257.3 251.5 250.6 254.6 250.4 240.7 237.3 238 239.8 238.5 243.6 246.9 254.2 253.3 252.2 249.2 261.9 278.3 289.1 297.9 304.8 313.3
285.5 281.9 281.5 283.7 281.9 284.1 284.7 284.9 285.5 286.4 285.1 279.1 269.5 265.3 260.7 261.7 262.9 263.6 264.3 264.9 265.8 266.4 266.6 266.9 267.1 267.3 267.5 267.7 265.9 264.3 263.2 262.6 261.9 260.6 259 256.5 259.1 265.5 270.1 272.7 275.7 278.7 280.9 281.9 282.5 282.4 282.9 282.8 282.7 282 279.5 280.3 281 282 281.8 278.9 271.6 269.3 269.4 265 253.4 247.6 244.4 248.2 254.1 255.4 257.7 258 261.4 263.9 265.6 265.6 257 265.2 285.8 295.3 306.4 319
278.8 278.7 279.1 279.9 282.9 284.9 288.2 289 290.6 288 283.3 276.2 268.8 264 259 262.3 262.9 263.7 264.4 265 265.7 266.3 266.6 266.8 267 267.1 267.3 267.3 265.6 264.3 263.1 261.9 260.6 259.4 259.6 260.2 263.9 267.3 271.8 275.1 277.9 281.1 285.8 283.9 283.7 283.3 283.4 283.3 283.2 282.6 282.3 282.1 283.6 284.4 284.7 284.7 284.3 283.6 280 275 260.2 253 250.3 256.2 261.1 263.3 266.5 266.6 267.8 276.7 281.8 284.2 276.7 269 266.9 285.6 297.6 312
276.5 276.7 279.9 282.8 289.1 293.3 292.4 290.1 288.8 283.9 277.3 270.4 263.9 259 261.7 262.5 263.1 263.8 264.4 265 265.5 266.1 266.7 266.9 267.1 267.3 267.6 267.9 266.4 264.7 263.3 263.4 269 266.7 262.9 262.1 266.1 270.5 273.7 277.1 280.1 284.3 286.6 285.7 285.2 284.7 284.7 284.7 284.7 284 284.5 283.8 285.6 286.8 287.3 288 288.7 288.3 284.8 280.7 265.3 257.6 253.6 262.6 269 274.8 278.2 279.9 283.6 288.4 292.3 295.3 296.1 286.9 287.1 293.8 295.6 310.8
274.9 278 281.3 289.3 295.7 295.5 290.8 286.6 281.4 275.6 269.1 263.4 258 259 260.6 261.2 262.6 263.7 264.1 264.6 265.2 266 266.9 267.1 267.3 267.7 268 268.4 267.7 265.7 264.7 268.2 273.4 274.7 273.8 267.6 267.4 272 274.7 278.2 281.3 285.2 287.8 288.5 288.9 287.5 286.8 286.2 286.7 285.4 286.4 287.1 287.4 289.2 290.2 291 291.5 292.1 291.1 288.6 281.1 268.3 264.6 268.6 282.3 286.9 288 288.2 294.4 297.8 300.7 303.2 305.7 307 303.5 309.7 308.9 319.7
275.9 279.1 288.8 294 293 290.3 284.1 277.2 270.4 266.3 261.3 257 255.2 258.1 260.4 261.4 262.9 263.5 263.7 264.3 265.1 265.8 266.9 267.4 267.8 268.1 268.5 268.9 268.5 267.4 265.4 268.5 272.4 274.6 278 273.4 270.2 274.4 277.9 281.2 284 286.6 289.5 289.8 291.8 292.3 290.1 288.9 288.7 287.6 289.2 289 287.6 291 292.8 293.9 294.5 295.7 296.2 294.5 290.7 285.9 273.9 280.8 290 295.1 297.5 299.8 301.3 304.2 307 309.4 311.6 314.2 316.7 320.5 323.7 327.4
276.3 284.5 292.2 291.3 287.8 282.2 275.5 267.8 261.2 256.5 254 254.6 259.6 260.5 261.1 261.7 263 263.3 262.8 264.3 265.4 266.2 267.3 268.1 268.5 268.8 269.2 269.5 269.4 268.7 266.5 269.2 273.5 275.2 278.8 277 273.1 276.9 282.4 284.4 285.9 288.5 290.1 291.2 293 294.8 293.5 291.3 290.7 290.6 291.7 291.9 291.9 293.8 295.3 297.2 298.2 299.2 299.9 299.4 297.3 295.7 291.8 293 299 301.8 304.1 306.3 308.3 309.9 312.9 314.6 316.9 319.6 321.7 324.6 327.5 330.6
280.2 289.4 289 285.3 281.1 274.8 267.8 260.1 255.7 251.4 255.5 261 261.2 261.2 261.2 262.4 262.4 261.7 262 263.6 265.2 266.7 267.9 268.8 269.2 269.6 269.9 270.1 270.2 270 269.1 270.1 274.2 277.6 280.4 279.3 277.1 281.1 283.3 284 286.8 290 292 293.3 295.2 296.7 295.6 293.8 293.8 293.4 293.7 294.7 293.4 296.7 298 300 301.4 302.5 303.7 303.9 302.7 302.4 300.8 303.1 305.6 307.4 309.5 311.7 313.9 315.4 317.8 319.8 322 324.6 326.3 328.6 331.5 334.1
283.2 285.7 282.7 279.3 273.9 267.4 262.1 254.3 248.8 254.7 256.2 261.4 261.2 261.2 261.2 261.2 261.2 261.2 262.6 264.7 265.7 266.4 268.5 269.6 270 270.3 270.5 270.7 270.8 270.8 271.7 271.7 274.8 277 279.6 282.1 278 279.8 281.8 284.4 287.1 290.1 292.8 295 296.7 297.8 297.3 296.1 295.6 295.9 296.2 297.8 297.3 299.6 300.7 301.8 303.3 305.4 306.9 307.7 307.2 307.7 308.5 309.1 311.3 313.1 315 317 318.7 320.4 322.4 325 326.5 329.4 332.1 333.4 335.5 338.2
280.3 279.4 276 272 265.1 260.9 256.7 248.6 251.7 253.8 251.5 253.5 261.2 261.2 261.2 261.2 261.2 261.2 261.2 264.8 265.2 266 268.3 270.2 270.7 270.9 271.2 271.5 271.6 271.7 272.9 273.5 274.9 276.9 280.7 284.7 282.5 281.4 282.8 285.7 288.5 291.6 293.9 295.5 296.9 298.2 298.7 299.1 302.2 299.6 298.9 300.8 301.1 302.3 303.3 304.6 306.3 308.3 309.6 311 311.6 313 312.7 313.7 316.1 317.6 319.7 321.7 324 325.9 327.5 329.3 331.3 334 337.3 338.6 341 344.9
274.1 271.7 268.7 264 260.2 255.5 251.9 245.5 252.3 246.3 242.8 253.7 261.2 261.2 261.2 262.2 262.2 261.2 261.2 262.7 264.7 265.5 267.9 270.2 271.6 271.9 272.2 272.6 272.9 272.5 273.8 275.3 276.7 278.3 281.3 285.5 286.8 284.3 286.2 290 292 294.4 296.6 299.1 299.6 301.3 302.2 302.1 303.3 303.8 303.3 303.4 303.9 305.2 306.4 307.9 309.7 311 312.7 314.2 315.7 317.1 318.3 319.2 321.1 322.2 324.3 326.4 328.4 330.4 332.4 334.3 335.8 337.8 341.5 343.3 344.9 347.4
263.6 263.3 260.2 257.2 253.9 249.8 243.8 248.9 241.9 244.1 251.8 256.4 257 259.4 261.2 265.5 264.8 262.6 261.2 261.2 263.2 265.1 267.9 271 273.4 273.7 274 274.1 274.4 274.3 274.7 276.8 278.4 280.6 282.3 284.3 286.6 285.5 289.4 293.8 295.2 297.9 299.7 302.5 304.6 304.6 305.4 305.6 306.7 306.9 309.2 308.7 305.7 308.7 310 311.3 312.3 313.3 316 317.7 319.4 320 321.1 322.9 324.7 326.5 328.9 330.5 332.6 334.6 336.4 338.1 339.6 341.5 345.7 346.7 348.5 349.6
252.8 253 253 251.1 248.8 243.6 240.6 238 240.5 250.4 250.2 254 257.8 261.1 263.5 265.5 267.3 266 262 261.2 261.2 265 268.7 271.6 274 275.4 275.2 275.2 276.3 276.9 276.7 277.1 279.8 281.7 283.2 284.6 286.3 288.7 291.1 297 299.1 301.6 304.2 305.8 308.4 310.4 311.2 313.2 312.9 312.2 313 313.7 306.9 313.7 315.2 316.3 316 316.5 319.4 321 322.1 324 324.8 326.2 328 330.3 332.5 334.4 336.8 338.7 340.4 341.9 343.5 345.9 348.7 349.6 350.9 354.8
249 250.4 245.7 245 241.3 236.7 237 244.3 249.7 252.8 254.2 255.5 257.7 262 264.9 267.1 268.4 268.2 264.9 262.9 261.2 263.7 268.5 273 276.1 276.3 276 277 278 278.7 277.7 278.5 280.5 282.7 284.3 286.1 288.6 290.3 293.5 299.3 302.2 304.5 307.7 310.4 312.2 313.8 315.9 317.9 318 318 317.3 317.3 308.6 319.2 323.7 321.7 321.6 322.6 322.6 324 325.1 326.5 328.3 329.7 332 334.3 336.4 337.9 340.2 343.3 344.9 346.3 348.3 349.6 351.3 354.6 357.8 358.3
247.4 242 238.2 234.2 234.5 243.4 245.4 248.2 252.5 254.9 257.2 259.5 261.8 263.4 265.9 267.6 269.5 269.3 268.3 266 264.3 263.1 269.4 273.9 276.7 277.3 277.5 278.2 279.1 279.7 279.6 279.9 281.7 282.5 285.1 288 291.9 293.8 296.3 300.5 303.6 307.7 310.3 312.5 315.3 316.6 319.1 321.9 324 324.4 323.7 321.5 318.5 322.7 325.9 327.9 330.2 332.4 327.5 326.8 328.6 329.8 331.5 333.1 335.7 337.5 339.1 342 346.6 347.5 349.7 350.5 351.9 353 355.3 359.1 359.6 359.7
