app/static/ascii/SD96.asc
ncols 200
nrows 200
xllcorner 390000
yllcorner 460000
cellsize 50
[rows 0 to 34 of 200, columns 0 to 77 of 200]
346.9 347.9 344.5 340.7 337.8 334.3 328.1 322.7 319.3 320.1 319.7 320 318.1 313.3 314.4 311.5 306.5 312.3 321.7 328.1 332.5 334.5 335.3 337.8 333.1 320.9 335.2 367.6 382.3 396 406.1 414.9 417.7 426.9 432.8 436.3 433.6 439.2 444.4 447.7 450.7 452.8 452 441.6 449.4 454.8 458.5 458.2 458.5 461.7 468 467.7 464 462.9 461.1 456.3 451.7 446 443.3 440.7 437.1 431.3 423.2 419 415.7 410.9 406.2 399.4 393.9 389.9 383.2 375.4 370.5 367 363.9 356.6 354 350.7
355.2 358.7 359.5 356.8 352.3 348.6 346 340.1 340.2 338.3 336.7 335.8 332.1 327.5 325.9 321.1 312.6 319.2 331.3 339.3 346.3 350.1 353 355.8 358.6 355.1 339.3 363.9 388.3 404.4 414.6 421 427.6 430.1 436.7 439.6 441.2 443.4 451.4 455 455.4 459.3 460.1 456.7 449.7 451.7 455.8 458.5 459.2 460.5 467 467.7 464.7 461.3 458.9 454.6 451.8 448.1 444.6 442.5 440 436.1 428.1 421.4 419.9 413.8 404 398.9 395.5 392.1 383 377.1 373.4 368.4 364 362.2 361.5 358
363.1 368.8 370.6 368.9 365.4 362.4 358.5 354.7 352.7 351.9 349.4 347.5 345.2 340.6 339.1 335.9 322.9 329.3 344.6 355.2 365.7 369.8 370.5 373.1 375.3 381.1 377.4 356.9 391.1 407.7 420.2 429 432.4 439 440.5 442.9 448.1 451 454.6 456.6 461.1 463.3 468.6 467.9 458.6 453.1 452.5 454.4 458.1 459.8 461.3 463.7 463.3 459.9 459.7 454.9 451.8 450.3 447.6 444.8 441.3 437.8 432.3 424 420.7 412.3 404.4 398.5 392.4 388.3 381.4 376.5 373.8 369.5 367.4 367.4 364.1 358
373 382.4 381.5 380.8 377.5 377 374.5 368.5 367.5 365.1 363.7 360.5 358 354.1 351.2 349.1 332.1 340.8 356 373 377.5 379 381.5 382.8 387.2 388.5 389.5 379.9 385.7 406.7 419.8 429.9 438.4 441.3 443.7 450 455.6 457 455.6 459.9 467.6 469.3 474.6 473.1 470.6 458 452.4 452.4 453.6 455.5 457.5 458.6 459.6 459.1 457.4 455.2 453.2 452.7 449.3 445.4 441.8 438.2 433 426.1 421 414.3 405.4 398 389 382 377.3 374.9 373.4 372.3 371.8 368.4 361.5 354.7
384.8 390.8 392.4 391.3 389.5 387.2 386.3 385 382.8 379.5 379.3 376.5 373.7 370.2 365.5 366.2 343.5 352.9 362.1 381.4 385.9 388 390.8 391.8 397.1 396.4 396 396.6 403.3 400.1 418.5 431 442.7 446.8 454.2 456.9 458.9 461.5 460.8 462.2 471.3 470.9 476.7 476 472.1 463.7 456.4 451.5 451.3 451.7 453 454.9 457.2 458 456.9 455.9 454.9 452.9 448 445.2 441.5 438.1 432.8 427.4 423.4 416.5 407.1 396.6 385.9 377.2 376.4 375.4 374.1 374.7 371.7 364.6 357.5 350.2
389.2 397.4 398.6 399.1 398.1 397.1 396.3 394.8 395.6 393.7 388.7 386.8 384.3 381.3 377.7 378 360 358 381.9 387.2 391.9 397.8 401.1 404 405 410.4 408.1 410.8 415.2 417.9 417.4 430.4 445 453.8 457.4 459.3 464 466.5 467.9 467.1 468.4 471.7 477.1 474 469.2 466.6 461.3 454.9 450.9 449.5 450.8 454.5 460 459.3 456.2 456.5 456.7 453.2 447.2 444.9 439.9 436.1 431.5 426.9 420.7 413.2 404.2 396.4 385.9 376.2 374.6 374.5 374.2 373.2 366.1 358.3 350.8 335.5
398 400.1 402 405 407.1 406.4 405 404 405.6 405.4 400.5 396.5 394.9 391.5 387.7 387.5 377.8 364.1 392 395.2 398.7 407.9 412.1 412.6 417.5 419 418 418.1 425.7 432.8 429.2 432.5 443.4 454.7 459.8 463.4 469.7 476.9 479.7 478.6 472.6 475.3 477.1 476.7 471.9 469.9 465.1 458.4 452 449 449.3 450.7 455.5 455.9 454 454.6 456.7 451.9 446.4 443 438.4 433.3 428.1 423.2 418.1 407.5 400 391.4 380.6 378.6 380.2 377.4 373.9 367.5 357.7 349.4 335.4 321.3
403.1 405.6 411.4 413 416.6 417.4 416.2 414.3 416.9 416.1 415 408.3 403.5 399.8 396.5 395.1 393 381.8 399 403.7 406.7 416.5 421.3 418.2 422.7 428.4 427.2 422.4 432.4 433.6 436.2 439.5 441.8 448.2 460.7 463.9 474.5 482.1 483.5 483.8 480.4 477.3 481.1 480.7 474.7 472.4 467 460.3 458.2 449.8 449.9 447.4 452.6 459.1 457.5 452.4 453.7 449.2 445 440.8 435.8 429.6 424.2 420.4 414.9 405.8 397.7 388.4 381.4 381.3 377.4 374.6 365.7 358.8 347.8 332.4 314.8 320.9
409.4 413.9 421.1 421.7 421.8 423.1 422.6 422.2 424.6 425.1 425.2 423.2 417.3 409.9 406.9 403 398.8 397.3 407.7 413.9 416.7 420.1 427 426.1 429 437.5 437.3 434.7 434.5 436.6 443.6 447.6 445.3 445 455.1 466.8 478.7 484.2 485.7 485.9 484.5 482.2 484.2 479.9 474 469.8 466.1 463.6 463.3 456.9 453.9 448.5 446.7 453.3 457.8 452.6 449.9 447.2 443.3 439.3 434 427.5 422.3 418.4 411.9 404.6 396 387.6 383.7 379.7 374.4 365.2 352 339.9 325.7 326 339.3 347.7
414.7 420.4 426.5 428.1 428.7 429.2 429.9 428.6 430.7 432.7 433.2 431.5 426 421 418.1 415.1 405.8 404 416 423.7 426 423.4 429.7 433 433.1 439.6 440.2 436.1 435.4 438.3 449.9 449.2 449.2 445.4 451.2 467.7 478.9 480 486.6 487.2 488 487.4 482.6 478.8 471.6 469.2 468.8 466.6 464.7 462.4 456.8 451.2 446.8 447.7 451.9 448.4 446.3 445.7 442.2 437.6 431.3 425.2 420.7 416.4 409.8 401.7 392.9 385.9 382.8 376.9 363.6 346.1 331.1 330.1 345.8 356.4 364.4 366.5
420.3 427 434 436.3 437.4 435.3 435.5 433.8 436.6 440.3 440.7 440.1 437.6 430.4 426 420.3 416.7 409 424.4 429.2 433.8 430.8 430.7 438.3 439.1 440.5 441.9 441.6 440.1 441.1 449.1 449.6 450.3 450.2 451.3 469 481.5 480.9 482.1 489.8 490.1 487.4 481.8 477 471 475.5 474.6 472.6 467.6 467.8 461.8 455.4 449.9 446.6 447.2 447.1 444 441.7 439.7 434 427.9 423.9 420.6 415.5 408.7 399.6 389.5 382.1 377.8 366 347.4 334 349 364.7 372.7 374.8 376.7 378.4
425.5 430.9 437.3 443.7 444.7 443.5 442.2 438.8 442.1 442.8 444.7 448.3 445.4 441.2 438.5 431.4 427.3 414.9 429 436.2 440.5 437.7 435.4 439.6 445.6 448.8 453.1 454 451 444.9 447.6 454.1 458.9 454.7 455.9 467.5 481.6 482.2 480.5 486.8 494.7 488.4 482.5 474.2 472.5 477.7 480.1 479.1 475 475 468.5 456.5 451 446.5 442.8 444.8 440.2 436.1 434.9 431.4 425.7 422.6 419.3 412.9 404.5 396.3 385.6 378 366.6 350 339.9 361 374.9 380.4 383.6 384.9 386.1 387.6
431.3 432.5 438.3 447.5 448.3 448.6 447.1 444.2 445.6 447.8 450.3 456.2 453.1 452.8 451.9 445.5 435.4 428.6 433.1 441 447.7 450.3 444.4 444.5 450.8 463.1 463.2 463.7 458.8 452.3 449.8 457.6 466.6 468.6 460.6 472.8 480.9 482.4 479.2 481.8 486.2 487.3 484.4 479.6 478.6 480.6 483.3 487.2 480.9 475.8 473.1 462.2 452.2 449.1 439.8 438.6 435.3 431.3 430 427.2 423.6 419.6 415.3 407.7 399.8 390.2 380.8 373.7 357.9 345.7 367.5 378.2 383.2 387.6 391.9 394.6 397.3 399.2
433.9 433 439 446.7 451 452.8 451.4 449 448.6 451.8 455.5 456.6 460.8 461.2 460.4 455.7 443.6 436.1 436.3 442.9 454.6 453.1 455.4 451.6 457.5 465.2 467.1 466.1 464.2 459.1 457.4 463.4 473.3 469.5 466.9 474.6 482.3 481.3 478.1 477.9 480.9 486.3 490.4 493.4 491 488.3 489.9 491.9 484.4 477.1 474.4 467 454.2 449 442.5 436.1 430.8 427.1 425.5 422.8 418.4 414.2 408.5 400.1 391.3 383.8 379.6 366.5 350 375.3 381.5 384.9 389.4 395.6 401.7 405.1 408.4 409.5
438.6 438.2 436.8 444.1 455 457.9 455.8 453.7 452.2 454.6 462.1 460.3 461.8 466.2 467.4 463 450.9 442.1 438.6 443.8 453.7 459.8 462.3 456.9 455.8 465.1 472.3 473.6 469.2 468.5 470.6 474.7 482.8 483.7 475.5 476.8 483.6 480.6 477.6 476.4 480.9 491.9 501.1 502.9 496 494 495 494.5 486.7 478.9 476.5 464.2 457.2 449.6 444.8 439.9 431.8 426.2 418.8 416.4 412.5 407.6 400.8 393.6 386.6 382.5 363.3 355.8 379.6 384.7 388.4 391.7 397.1 403.4 408.1 411.2 412.8 417.5
442.2 441.7 440.4 443.5 453.9 464.1 464.4 458.3 456 455.8 459.9 473.1 472 478.2 473.1 470 466.6 452.4 442.3 448.8 453.9 458.7 464.8 464.5 459 462.1 474 473.7 475.9 486.8 489.8 490.5 495 498 494.8 480.2 482.3 479.9 478.7 479.6 487.5 501.4 504.9 505.3 501.2 495.8 496.5 494.9 485 480.6 476.2 466.4 457 451.2 449.5 443.2 433.8 427.3 420 411.8 404.3 400.8 395.4 390 384.9 377.6 380.5 383.5 388.4 392.3 396.5 401.3 406.4 410.6 414.6 415.9 426.2 426.3
446.1 444.4 443.6 445.5 451.9 460.3 465.5 462.1 459.7 459.1 460.7 475.3 477.6 479.7 473.2 473.2 472.1 458.2 447.5 449 457.5 468.1 466.9 466.5 466 462.6 469.7 471.5 481 492.6 492 492.1 501.8 505.3 501.2 485.8 483.3 479.7 480.8 483.4 491.6 501.5 506.2 506 501.5 497.3 496.9 492.5 484 482.2 480.4 467.4 458 450.6 448.3 442.7 434.2 427.2 419.2 411.5 404.5 399 393.6 388.4 384.4 383.6 389 391.7 396 402.7 407 410.6 413.7 421 419.5 427.5 435.6 437.6
449.8 448 446.7 449.4 455.9 462.1 465.4 463.6 461.3 462.5 466.6 473.5 480.7 478.9 478.1 469.8 472.2 469.9 456.9 449.9 458.2 467.4 469.1 468.8 468.2 466.8 469.6 473.5 478.9 488.3 492.3 494 501.4 504 508.3 500.1 489.8 481.3 483.6 485.7 492.3 498.7 506.7 503.4 500.7 498.8 497.3 492.2 487.9 483.7 481.3 467.3 457.8 449.7 446.6 440.6 432.9 425.3 418.5 411.5 404.2 395.9 392.2 389.3 385.8 393 398 400.6 403.4 408.4 414.5 420.2 423.8 428.3 431 442 443.3 444.1
453.5 452.3 449.7 452.6 462.8 462.9 464.8 462.9 461.9 463.4 470.7 469.6 475.5 481.2 481.7 471 466.8 467.2 460.8 455.2 455.1 460 462.3 467.8 468.6 470 469.9 476.5 482.1 488.6 493.6 495.1 501.5 512.3 512.9 508.7 496.2 486.5 491 491.1 492.8 498.2 500.6 499.4 501.2 502.5 498.5 497.7 490.4 486.8 481.6 468.2 457.4 448.1 443.1 437.6 430.6 422.9 416.3 409.7 402.8 396 390.9 388.3 393.8 401.9 406.9 407.9 413.7 417.1 426.1 433.6 438.3 441.3 445.2 448.8 450 451.1
458.6 455.3 452.3 457.9 465.5 465.9 465 463.7 463.3 463.1 467.8 468.9 470.8 476.7 478 467.5 461.8 463.8 460.7 458.9 457 457 459.7 462.3 465.1 471.9 472.9 480.6 487.2 492.1 491.5 494.8 506 516.2 515.3 510.2 504.4 498.3 502 503.8 501.6 497.9 499.7 497.7 500.5 505.7 503 499.6 493 486.8 481.5 470 460.4 449.7 443.1 436.7 429.3 421.7 414.8 408.6 402.9 397 391.8 392.2 400 409.2 411.1 417.8 424 424.4 438.7 443.6 447.2 453.4 453.7 454 454.2 454
460.9 462 457.8 466.6 472 469.9 465.9 465.4 465.1 463.9 468.1 470.3 469.3 469.2 469.5 463.7 461.4 461.5 462.4 462.9 462.4 459.4 460.1 463.6 467 470.2 476.7 481.6 486.6 490 493.3 497.1 501.8 515.4 515.2 513.9 517.6 507.7 506.5 512.7 511.4 498.6 494.8 495 497.3 501.3 502.9 498.3 493.9 487.4 478.6 471.8 466.8 451.1 442.1 436.1 428.7 421.1 414.4 408.6 403 396.7 394.4 397.7 404.7 411.2 422.3 424.9 430.5 436.4 448.7 451.5 455 455.7 456.1 458.2 458 458.8
462.6 462.9 463.1 468.9 476.7 478.1 471.9 468.4 468.5 465.4 467.6 471.8 471.7 469.5 466.9 463.9 462.4 463.8 464.2 466.5 469.5 463.8 462.8 467.1 472.2 476.7 482.7 488.6 489.3 489.8 495.2 495.9 499.1 507.1 514.3 522.3 523 515.8 505.4 515.3 514.6 503.1 490.6 488.5 488.6 495.7 498.7 497.4 495.3 487.3 481 474.9 468.6 453.9 441.8 435.8 429.3 421.4 414.7 407.2 401.6 399 396.8 403.2 410.8 417.2 428.3 429.7 438.3 451.2 455.4 457.9 458.4 460.5 463.4 465.5 464 465.1
465.4 465.6 464.8 469.1 476.9 478.5 474.4 477.1 473.1 469.7 469.2 473.6 473.3 470.5 466.8 464.2 465.2 468.1 469.7 474 475.2 471.4 467.9 469.2 476.8 483.6 488.9 491.8 495.8 494.2 495 497.1 498.3 511.3 523.7 527.5 526.6 520.5 507.5 519.5 515 505.3 495.3 486 484.5 487 493.4 495.3 493.6 485.9 482.6 477.1 469.2 456.5 443.8 435.3 429.3 422.5 415.7 407.3 405.3 402.4 401.6 411.1 418.5 425.6 431.6 437.7 453.9 458.3 459.5 464.6 465.8 465.9 466.8 467.1 467 469.7
475.1 466.9 466.1 470.8 476.9 479.1 477.7 478.6 478.3 474.4 472.7 472.4 473.4 470.5 467.6 464.9 468 471 478.4 480.4 481.4 478.6 479.6 477.3 476 484.1 494.3 497 498.4 502 498 499.7 500.7 516.3 529.3 529.8 530.3 525.7 510 521.1 521.6 509.3 504.2 488.8 484.2 483.1 485.4 490.9 488.7 485.3 481.8 478.1 469.9 456.8 445.5 436 430.3 421 417.7 412.6 408.3 403.7 410.3 424.1 429.2 437 437.4 445.3 459.4 464.5 467.3 468.7 470 472.9 475.7 478.6 478.6 480.5
482.7 473.3 467.4 470.2 473.2 476.5 479.4 478.8 477.5 477 471.6 471.8 472.1 470.4 467.8 466.2 468.3 475.7 485.2 488.2 483.9 494.6 500.6 495.3 487.1 486.5 494.8 499.6 499.1 504.8 499.9 500.7 500.8 516.5 525.4 531.9 535.1 528.6 513.7 521.4 523.7 514.4 509.9 497.3 484.6 482.6 482.5 487.3 487.9 483.1 478.5 474.8 467.7 457.2 447.3 437.7 429.6 428.1 428.2 419.4 410.3 411.4 423.4 432.9 438.7 450.1 443 458.7 466.2 469.9 474.1 479.1 481.2 481.4 485.7 485.1 487.7 487.2
483.3 481.2 472.6 474.1 475.5 476.6 479.7 479 475.5 466.3 465.6 468.8 470.4 471.2 471.6 470.5 474.8 484.4 486.8 489.4 494.9 501.2 503.5 497.4 496.7 497.1 494.3 497.5 498.9 507.9 499.7 500.8 503 511.6 521.3 529.9 535.3 530.3 517.1 516.1 517.6 515.6 512.2 506.5 486.8 482.8 481.5 482.4 488.8 483.5 477.7 472.7 465.9 457 447.3 438.6 439.6 436.3 435.7 425.1 414.1 420.4 429 444.2 453.9 456.7 452.6 466.3 471.7 477.4 480.1 482.2 487.1 489 490.1 492.5 493.5 493.2
483.3 482.2 478.3 478.5 471.9 477.1 479 479.1 472.1 463 462.6 466.1 471.6 472.5 471.9 468.3 473.2 482.8 485.6 497.5 500 503.2 505.2 501.2 499.5 497.7 501 494.6 496.3 504.2 498.7 505.8 504.5 505 521.2 522.3 531.1 531.5 519.8 515.2 518.5 517.6 514.7 511.9 501.3 488.9 482.9 481.2 485.8 482.2 475.8 470.8 463.2 455.4 449 446.1 445.1 441.7 437.8 428.1 418.4 424.1 436.1 455 457.9 460.6 465.3 473 477.8 482.3 483.9 488 491.6 494.9 494.5 494.8 494.6 494
482.2 480.9 481.5 478.3 469.1 469.4 474.5 475.6 463.9 462.4 463.2 466 471.3 473.3 469.4 466.6 468.8 477.6 492.2 499.3 505.6 504 504.3 503.7 500.5 500.2 503 497.8 495.2 496.4 497.2 504.8 504.9 501.1 511.5 524.2 526 527.2 522 518.9 519.5 521.1 517 513.8 511.7 503.1 489.8 481.1 481.9 479.9 472.9 467.1 460.7 458 456.4 455.1 453.1 447.1 439.8 432.5 423.5 426.3 438.9 455.9 455.2 460.9 474.3 479.8 484.6 486.1 491.2 492.1 495.1 495.2 495.8 495.6 496.1 495.7
481.1 481.7 481.5 477.4 468.2 465 464.7 464.5 462.1 461.4 461.7 464.6 475.2 471.3 468 464.6 464.6 481.7 501.2 501 507.4 505.2 502.5 506.5 501.5 506.1 502.6 503.9 496.2 493.9 494.2 500 504.9 501.2 506.8 526.6 526.8 525.2 522.4 520.3 520.3 525.1 520.7 516 514.8 509.6 501.1 485.2 480.9 478.6 470.8 465.6 464.2 465.6 467.2 466.2 462.9 451.7 447.1 436.8 429.1 426.6 436.1 449.3 454.4 468.3 481.8 483.4 485.6 485.6 495.4 497 497 497.3 500.4 500.3 499.5 500.2
481.5 481.8 479.6 478.4 467.1 464.1 464 463.8 462.8 462.1 463.3 463.1 475.6 472.5 464.4 462.2 464.4 490.6 502.6 506.4 508.7 507.6 501.2 517.5 502.8 510.5 503.1 506 504.6 494.1 492.2 496.2 503 502.7 503.7 525.8 526.5 524.1 523.9 522.8 522.6 525.8 523.5 519.1 518.6 512.9 508.2 495 482.5 478.5 470.1 474.2 472.8 479.3 479.4 479 476.5 461.1 456.6 445.1 437.3 429 435 450.7 471.1 479.6 488.2 488.8 488.4 490.8 498.8 500 501 502.2 503.7 503.7 502.5 501.3
482.2 482.3 479.4 472.2 465.2 464.2 463.7 463.8 464 461 462.7 463.6 466.2 466.5 463.5 462.3 465.1 494.6 505.3 509 509.5 508.7 504.6 520.2 512.3 510.5 510.5 509.3 507.1 498 492.1 493 498 500.2 496.2 519.2 524.8 523.7 525.7 526.3 525.7 525.8 523.7 520.7 520.3 515.3 512.5 505.6 489.9 479.8 480 484.1 485.2 490 490.1 488.6 480.7 473.5 472.2 465 444.2 432.4 438.8 452.4 477.4 484.8 491.3 493.1 494.1 498.5 502.2 504.5 506.2 508 507.1 506.3 504.6 502.7
481.1 474.9 468.7 464 464.7 464.6 464.2 464.3 467.5 464.1 462.6 467.7 464.9 463 463.3 464.6 465.2 486 506.6 510.2 510 510.6 508.8 521.4 519.9 515.7 516.1 510.5 509.8 504.3 493.8 488.8 490.3 492.2 490.4 506.3 520.5 522.5 526.4 528.7 526.5 522.3 522.3 520.5 519.7 516.7 515.1 513.1 502.3 491.7 493.8 492.8 494.5 497 494.8 490.6 481 478.2 482.8 481.3 454.6 437.4 442.1 452.9 479.8 488.5 495.4 497.2 500.2 505.9 506.6 509 510.4 511 511.9 509.6 508.8 504.6
468.9 459.7 458.6 457.1 455.6 458.7 464.7 465.1 469.9 470.6 473 470 464.4 462.3 467.8 466.7 465.9 477.3 508.3 510.3 512.4 513.3 511.8 522.4 526.1 525.2 520.7 514 510.7 505.4 497.7 487.2 486.6 487.5 487.6 502.2 516.6 520.6 526.4 526.3 525.2 522 519.9 520.4 518.8 518.1 516.7 514.5 510.5 505.7 504.1 502.1 501.2 500.6 495.7 492.1 482 486.5 487 486.2 464.4 443.5 446.9 459.7 484.5 490.6 498.6 502.5 507.1 509.9 510.5 511.6 512.7 513.7 512.8 511.3 511.5 504.2
458 458.6 456.9 456.5 455.8 456 456.4 465.4 478.3 480.2 478.2 469.9 466.3 461.9 462.9 463.5 466.3 476.1 507.4 509.9 513.9 518.4 513.5 515.6 526.5 526.6 523.3 521.7 513.6 505.1 502.5 492.4 488.6 488.1 488.3 497.5 513.4 518.9 523.9 524.7 523.4 521.3 518 518.5 514.7 516.4 515.4 514.7 512.5 511.1 508.2 504.4 502.6 500.8 495.6 493.3 485.6 488.3 488.6 487.8 472 455.4 454.9 465 485.7 489.6 496 506 512.2 512.9 510.5 510.9 513.3 513.5 512.6 511.8 510.3 502.8
459.5 459.6 458.5 457.4 457.1 456.7 455.8 459.2 478.6 479.5 473 473.3 471.7 462.4 459.8 460.7 466.1 475.7 502 508.5 514.3 522 515.3 513.8 522.2 526.1 524.4 523.7 511.3 507.3 507 499 493.5 493.4 495.5 494 512.7 516.2 520.5 523 522.3 520.7 515.8 511.9 512.2 511.3 511.1 513.3 513 511.1 508.9 506 503.3 500.9 495.3 493.1 489.9 488.3 490.2 489.5 486 467.5 460.2 463.9 476.7 488.9 494.4 507.1 511.1 511.6 510.7 510.3 512.8 512.6 512.3 505.1 504.7 502.5
