app/static/ascii/SD99.asc
ncols 200
nrows 200
xllcorner 390000
yllcorner 490000
cellsize 50
[rows 35 to 69 of 200, columns 0 to 77 of 200]
298 306.9 303.7 313.9 320.3 330.3 322.3 321.5 318.8 316.4 317.5 315.8 313.1 311.1 307.7 301.4 288.5 280.6 265.7 247.7 241.6 242.7 242.1 238.1 241.2 240.4 244.5 258.2 267.9 280.7 291.4 298.4 306.6 314.7 324.9 330.7 336.4 347.6 355.9 359.7 365.5 369.5 373.6 377 382.9 376.8 376.7 370.5 377.2 377.7 377.9 376.1 374.1 372.8 368.5 365 359.5 355 349.4 344.4 338.9 334.3 330.1 328.5 322.7 317.9 315 310.5 305.4 301.1 294 285.3 263.2 280.8 281.3 281.5 283.6 283.1
279.6 289.9 294.8 306.9 304.7 301.6 302.4 300.1 300.2 299.4 297.6 297.6 296.1 294.4 292 289.1 281.9 276.9 267 257.5 244.5 242 241.7 241.2 237.5 240.7 239.9 240.4 252.7 264.9 276.5 285.2 291.2 305.3 309 312.8 316 327.6 335.5 340.2 345.4 347.3 348.8 351.6 353 353.3 348.3 354.7 356 363.1 361.7 360.7 359.2 358.5 355 353 349.8 345.5 339.2 336.2 330.3 323.6 319.1 315.7 310.3 306.1 302.5 298.2 294.6 289.1 284 280.5 256.8 271.1 274.2 270 265.4 265.3
276.1 280.4 289.7 285 283.1 277.6 279.3 280.3 282.5 282.5 281.7 281 280.6 280.6 276.5 275.1 269.7 267.5 261.6 254.7 247.3 242.9 241.3 240.8 239.5 238.7 239.8 239 238.4 248.5 261.8 268.7 278 284.3 295.7 298.2 306.3 314.3 319.4 325.4 330.4 333.3 333.3 332.2 331.1 328.9 331.8 331.4 338.4 340 339.7 337.8 335.1 335.3 336.5 332.5 329.5 326.9 323.4 320.5 316.7 310.7 307.3 302.8 300.1 297 289.9 285.9 283 276.4 272.9 269.8 256.9 252.6 260.4 255.4 251.9 251.8
273.5 275.8 278.9 277.4 274.7 263.6 264.1 262.8 263.2 266.1 267.8 266.4 269.9 269.4 268.1 266.5 264.7 261.6 257.3 252.9 246.8 244.1 241.4 241.1 239.7 236.9 240 239.3 238.7 238 240 254.3 262.8 271.3 278.4 284.2 288.7 294.6 300.3 305.5 311 316.1 318.2 316.7 315.4 314.5 312.8 318.5 320.5 312.6 312.7 315.1 315.7 314.7 316.5 316.9 315.4 310.3 308.1 306 301.9 300 293.6 291.9 287 281.9 278.8 275.7 268.6 265.5 263.2 260.6 255.6 237.7 248.8 245 242.7 240.3
262 270.3 273.2 270.2 260 258.6 258.2 257.5 256.6 257.6 259.3 258.8 259.9 258.8 258.3 258 257.2 257.6 256.5 254 249.1 245.4 241.3 240.6 239.6 239 237.6 238.6 238.6 238.4 237.7 237.9 247.5 253.6 259.9 266.3 272.6 277.7 281.1 285.4 288.9 293.2 293.9 294.9 299.3 297.5 296.5 296.6 294.6 296.8 298.4 298.2 298.1 297.7 297.5 298.2 297.6 294.8 293 292.2 289 285.4 279.1 277.4 274.1 271.9 268 262.3 256.9 253.3 252 249.6 245.6 242.4 242.6 239.8 237.7 235
261.2 261.1 260.2 259.8 258.7 258 257.2 256.7 255.5 255 254.4 254.1 255.7 256.6 256.2 256 255.3 254 252 252.3 251 246.3 244.4 240.2 240.2 239.4 236.9 237.9 237.6 237.6 237.5 237 236.4 244.8 248.2 251.8 257 259.9 264 268.1 268.9 274.1 277.1 281.2 281.5 287.3 287.1 286 286.9 291 292.3 291.9 292.1 291.1 290 290 289.9 284.9 281.3 279.5 276.9 272.9 269.2 267.1 263.8 262 258.6 252.3 248.6 246.9 245.7 242.7 240.9 228 239.1 237 234.4 231.8
261.5 258 259.4 258 257.7 257.5 256.5 255.8 254.9 254.6 253.8 253.5 252.5 251.6 251.7 253.6 255.9 255.3 254.5 253.4 252.5 249.7 245 242.9 240.4 240.1 239.1 236.8 236.4 236.2 235.3 234.1 233.7 233.5 235.1 239.6 242.1 246.9 252.2 255.2 259 264.1 266.1 269 272.2 275.5 278 279 279.6 282.6 285.8 286.4 286 284.3 283.3 280.1 276.1 275.6 273.9 268.4 266.7 264 261 257.9 252.4 251.2 249.7 246.4 242.2 233.8 230.8 231.4 227.3 227.7 225.6 223.9 223.8 223.6
271.2 266.1 265.4 260.4 257.5 254 254.7 252 254.5 254.2 253.6 252.4 251.9 250.7 249.9 248.9 248.7 247.7 246.6 246.5 249.1 251.3 246.1 243.6 241.3 241.2 236.5 236.8 235.8 235.6 236.1 237.5 237.1 236.7 234.8 232.5 235.1 237.7 239.4 245 250 253.9 256.6 258.4 262.3 267.4 271 271.1 273.1 275 275.9 277 276.6 276 274.5 272.1 269.6 267 265 257.5 255.9 253.7 251.9 245.8 242.2 241.8 239.8 233.2 224.4 223.1 225.3 224.8 223.2 221.9 222.3 221.9 224.1 223.4
277.9 275.7 272.8 274 270.8 262.6 261.7 259.4 256.1 252.5 253 252 250.7 247.6 247.6 245 244 244.5 248.1 248.6 243.4 241.3 239.3 242.4 241.3 239.5 242.2 239.7 240.1 238.1 237.5 236.6 237.2 236.9 236.2 235.5 235.1 231.2 234.2 233.2 234.7 235.4 240 244.1 248.2 252.6 255.4 255.8 259.7 260.9 261.8 261.9 262.1 261.5 260.9 259 254.6 252 250 243 242 234.5 231.4 230.4 228.6 226.2 226.4 223.4 228.2 228.8 231 236.8 237.7 237.8 234.1 225.6 224 223.9
297.5 290.8 282.6 279.8 277.3 274.6 270.4 266.7 262.9 261 257.3 257.7 255.4 255.2 254.6 254.8 254 252.5 253.2 254.2 256.5 256.1 254 251.3 247.6 243.4 242.8 242.1 241.3 240.5 238.5 236.5 236.1 236.7 236.1 235.4 234.8 234.4 233.5 233.1 233.2 232.8 232.8 232 231.1 228.9 230.6 234.2 234.9 236.3 237 242 243.7 243.4 242.5 240.4 238.8 235.6 232.6 231.3 229.7 228.1 225 224 226.2 226.4 226.9 232.6 234.5 233.3 233.8 234.6 237.4 236.8 235.7 236.1 228 225
311.4 308.2 303 296.3 293 285.2 281.7 276.4 275 270.5 265.4 262.4 260.4 259.1 257 255.1 254.2 254.5 256.4 259.1 260.4 258.9 257.4 254.9 251.6 247.1 243.1 242.1 241.5 240.8 240.2 236.8 235.3 236.2 235.9 235.2 234.3 234.2 233.7 232.2 231 231.6 230.7 230.3 231.2 231.2 231.6 231.3 229.1 228 227.5 227 226.9 227.4 227.7 227.4 227.6 229 229 227.9 226.9 225.1 230.6 232.6 235.3 228.7 227.3 235.6 236.6 235.6 235.9 235.1 235.2 236.6 235.4 236.3 237.2 235.4
320.8 320.1 317.1 307.8 308.7 301.4 296.4 295 289.3 285.5 278.1 277.1 273.1 270 265.9 264.3 265.6 261.4 267 266.6 264.5 262.9 261.3 258.5 255.8 251.6 249.8 247 242.8 243.8 246.4 244.3 240.6 235.6 235.1 234.4 235.1 237.1 236.5 236.7 236.1 235.7 233.7 233.1 233.5 232.6 232.6 231.6 231.1 231 230.8 230.4 230.1 229.8 228.8 229.6 229.7 228.6 228.3 231.3 239.2 238.9 238.7 239.2 239.2 239 230 238 239 240.2 239.7 240.5 240.5 240.8 239.5 238.5 238.6 238.6
327 327.4 322 321.2 318.3 316.7 312.1 307.8 303.4 297.8 290.6 287.6 285.1 280.7 277 274 269.6 267.2 262.7 262.2 267.2 270 268.6 264.9 263.2 257.2 249.8 246.9 247 249.7 247.9 249.7 249.4 247.7 244.8 242.6 238.2 236.9 236.5 236.6 237.5 237.9 236.8 234.7 233.9 232.8 232.2 231.1 230.8 231 231.3 231.2 235.4 241.8 243.3 240.2 241.7 242 243 244.7 243.7 242.7 241.4 243.1 242.1 241.1 237.7 244 245.3 245.1 244.4 244.1 243.9 244.1 244.6 246 246.6 249.2
339.2 332.1 335.3 332.6 327.6 329.4 327 321.9 319.6 312.9 306.7 301.7 297.1 292.5 290.3 284.8 283.3 282.2 279.3 275.5 271.5 267.7 263.1 261.2 259 259.5 260.3 259.8 261 255.4 256.1 255.1 253.9 250.6 248.8 248 245.5 242.1 238 237.1 238.8 240.8 240.3 238.7 236.5 233 232.8 236.1 238.8 241 245.3 247.3 248.3 247.1 245.1 247.3 246.7 248.6 248.8 249.1 247.8 247 245.9 244.7 244.4 245.1 239.2 246.4 247.1 247.6 248.7 251.8 251.2 250.8 254.8 257.2 260.7 264.1
347.5 344.4 345 343 340.7 339.5 337.8 335.5 333.7 330.1 324.8 315.7 314.5 313.5 307.3 302.4 303.3 300.1 298.1 294.7 291.8 285.4 285.5 284.3 281.6 281.6 281.4 276.6 275.4 271.6 269.1 265.3 260.2 257.5 252.3 252.8 248.9 248.5 248.5 247.8 246.9 245.9 247.7 244.5 245 248.7 249.6 253.4 254.5 254.2 253.3 250.5 249.2 251.1 252.5 253 252.2 252.9 252.7 252.3 253.8 255.5 254.8 253.4 255.5 251.4 242.1 249 250 254.8 254.7 257.9 260.5 269.8 272.6 274.8 275.1 277.1
355 353.8 352.3 350.7 349.7 347.9 346.7 345.5 344 341.4 340.3 337.3 336.3 333.8 331.6 328.7 329.4 324.4 324.9 322.7 321.3 316 312.2 308.8 308 302.9 298.9 300.3 290.1 291.1 291.2 286.6 279.9 276.4 272.7 265.2 259.1 260.7 260.5 259.5 259.8 260.7 255.5 261.5 260.5 255.9 258.3 264.2 258.2 255.6 256.7 256.3 260.8 261.1 260.9 261.2 259.6 263.7 263.5 256.4 263.1 263.1 262 263.4 264.2 251.2 249.9 252.9 260.8 264.4 271 277.1 277.7 285.8 285.3 286.9 289 293.5
358.5 358 357.1 356.2 356.6 356 355.4 355.1 354.4 348.3 351.3 351.8 350.6 350 348.1 347.3 345.2 342.9 340.9 340.1 333.2 333.7 330.6 327.7 324.1 322.8 318.6 316.8 312.8 308.6 305.5 302.2 302.1 296.8 290.7 284.4 282 275.9 272.9 266.2 267.6 270 262.9 273.1 264.4 269.4 264.2 262.3 265.8 269.5 273.6 273.4 272 271.5 273.9 268 270.9 271.1 270.8 262.3 268.6 270.2 268.9 269.9 265.9 251 259.4 268 271.3 277.9 283.6 290.4 289.6 295.6 300.6 300.5 305.3 308.6
365.2 363.9 361.4 359.3 358.3 358.5 358.2 358.3 356.8 355.7 360.1 360.9 360.5 360.3 359.4 359.4 356.5 354.2 354.1 351.3 343.5 346.3 345.7 344.1 339.9 330.2 325.8 323.3 320.4 317.1 317.9 312.8 315.7 317.6 313.5 306.8 304.9 300.2 295.1 292.7 291.2 285 271.2 276.7 277.9 283.8 284.5 287 286.4 285.7 284.6 281.4 283.1 283.2 281.4 276.6 275.1 278.4 275.7 276.2 280.6 276.8 272.8 271.6 262 261 274 278.7 284.5 292.6 294.9 297.4 300.1 306.7 310.4 311.7 316.2 319.3
373.6 372.1 368 365.5 362.6 361.8 360.8 360.3 361.8 363.7 364.8 366.1 367.2 366.3 365.6 365.8 364.5 368.3 367.8 363.3 362.6 363.5 360.7 357.8 355.1 349.8 348.1 345.5 342 337.1 332.9 333.4 329.5 332.1 327.7 324 318.5 306.5 300.5 297.3 293.2 286.7 284.5 294.8 295 298.9 296.8 296.2 298.2 297 294.3 294.3 292.7 293.3 292.6 295 295 293.4 292.8 293.6 294.7 291 278.3 260.4 257.7 272 286.1 293.4 298.3 304 306.4 308.6 311.4 312.8 317.3 319.6 321.8 324.8
384.3 383.3 380 375 372.3 373 371.9 371.9 371.3 371.4 371.1 369.8 372.3 371.9 372.6 372.9 374.2 376.4 374.9 369.6 373.8 373.7 370.5 369.4 366.4 364.7 362.6 361.2 359.8 356.3 343.8 343.9 344.5 343 340.6 339.5 333.8 325.2 316.1 317.1 317.4 302.2 303.5 313.7 310.6 303.6 304.7 307.3 306.1 302.6 303.6 303.7 304.6 305 305.5 307.3 305.8 305.5 306 305.1 303.5 297.9 272.2 260.5 270.9 287.8 296.9 304.5 310.4 313.3 316.1 317.3 316.2 320.4 325.7 328.5 328.7 332.2
392.6 391.5 388.7 386.6 382.9 379.7 379.8 382.4 382.8 383.2 382.6 380.5 380.7 380.9 381.1 382 381.5 382.6 382 382 381.8 379.7 378.1 376.3 375.4 374.6 373 371.7 369.2 367.2 361.9 355.3 351.6 352 350.6 348.5 345.3 340.3 337.6 335.5 328.6 303.8 322.2 326.6 326.9 319.8 320.3 319.8 316.4 315.7 315.3 315.7 317 318.1 317.2 318.7 314.5 315.7 314.4 310.4 304.4 293.8 268.2 267.3 283.8 299.1 310.4 315.2 319.7 324.1 326.6 329.5 332.1 334 336.8 339.1 342.2 346.3
398.4 397.5 395.6 393.5 391.7 389.4 388.5 389.3 390.4 391.1 391.2 390.8 393.4 394.6 394.9 393.9 392 392.4 390.4 388.8 388.3 387.2 384.8 383.8 383.3 382.4 380.7 378.5 375.9 375.3 373.8 369.5 363.5 359.9 358.8 356.8 354.3 351.2 347.4 343.7 315.8 330.3 337.1 338.4 334.9 332.6 331.1 329.8 328.4 329.2 328.8 328.8 328.1 327.4 327.2 326.7 324.2 320.5 315.4 310 304.6 287.4 264.1 276.1 295.9 309.6 317.6 324 329.9 332.8 335.7 337 340.7 343.7 347.6 350.1 354.5 357
403.4 402.3 401.3 400.5 399 397.6 396.4 395.7 396.4 397.2 397.6 398 399.2 400.4 401.3 401.3 401.4 401.8 398.4 397.5 397 396.3 395 394 392.8 392.1 390.3 388.1 384.5 383.1 381.7 379.1 376.8 372.2 369.1 366.2 363.1 358.5 353.1 336.8 332.2 344.2 345.9 344.2 342.7 342.8 343.8 342.4 342.4 342.2 341.4 339.2 337.7 336.4 336.1 332.3 327.2 321.1 315.3 310.4 304.6 286.5 266.1 283.5 301.4 316.4 321.3 329.1 334.7 338.1 342 345.6 349.2 354.1 358.9 361.4 363.5 364.9
409.6 407.8 406.6 405.2 403.1 402.9 402.2 402 402.6 403.4 404.2 404 404.8 406.4 407 407.3 407.6 407.2 404.7 405.4 404.4 403.1 401.7 401.4 400.7 399.7 397.9 395.1 393.7 392 389.7 386.2 383.9 381.8 378.7 374.3 369.9 366.1 361.1 336.8 344.5 352.5 351.6 352.2 352.9 353.5 351.9 355.9 354.4 351.6 350.1 348.8 347 343.8 340.8 335.8 329.4 324 319.3 316 307.8 286.4 271.8 288.5 310.9 322.8 326 334.4 339.4 343.3 350.9 356 361.6 365.1 367.9 370.3 372.9 376.5
416.5 415 413.2 412 410.9 410.1 408 407.5 407.4 407.3 407.8 408 408.5 410 410.9 411.3 411.8 411.1 411.1 411 411.2 409.8 409 407.6 407.3 406 403.5 402 400.2 397.3 394.6 393.1 391.7 386.9 383.7 379.2 375.2 372.1 356.3 349.2 354.2 359.6 360.1 361.6 361.5 364.1 363.7 365.4 363.2 362.2 361.5 359 356.7 352.1 344.2 340.9 335.1 329 324.8 322.5 310.7 286.8 277.8 296.8 313.8 324.1 330.8 338 345.6 354.7 361 365.6 368.6 371.1 373.4 376.4 380.8 385.2
421.2 420.4 419.4 419.1 417.5 416.8 414.6 414.3 412.9 413.9 413.6 413 412.6 413.5 414.2 413.8 413.6 413.9 413.9 414.4 414.3 414.2 413 412.7 412.7 411.9 411.1 409.7 407.4 404 402 399.9 397.4 393.6 389.6 385.6 380.9 377.6 355.8 369.4 364.6 365.2 368.8 370.3 372.6 374.5 375.6 374.8 375 374.6 372.8 370.8 366 359.5 352.4 344.3 337.6 335.7 331.4 327.6 316.1 288.9 277.5 296.1 313.9 324.2 336 344.6 351.7 359.7 366.1 370 373 376.5 381.4 384.7 389.6 394.9
427 425 424.4 424 422.8 422 420.5 420.3 417.4 419 419.9 419.2 418.4 418.5 418.4 418.4 418.4 416.9 416.7 416.8 416.7 416.8 416.7 416.8 416.5 415.9 415.2 414.1 413.1 411.1 408.6 405.3 402.1 399.8 396.1 389.3 387.5 382.7 379.9 380 381.2 379.7 379.3 380.3 382.2 383.8 384.3 384.5 386 384.3 382.6 377.2 370.9 363.7 356.7 349.8 343.5 338.9 334 331.4 321.5 296.2 274.2 294.3 315.9 329.1 340.3 348.2 356.3 363.8 368.8 372.8 378.1 384.6 389.7 394.7 400.8 407
432.9 431.8 430.9 429.4 428.3 427.2 425.9 425.2 424.4 425.7 426.5 425.5 425.8 425.3 425.5 425.1 424.2 423.6 422.9 422.7 422.4 421.5 421.2 420.5 420.1 419.7 419 418.1 417.1 416.1 414.8 412.7 410.4 406.8 402.1 398.1 389.5 388.5 389.4 390.5 391.9 393.1 393.6 394.4 394.1 394.9 395.3 396.5 395.3 392.3 387.6 381.7 375.9 369.4 362.9 356.3 349 341.7 335.5 328.1 314 293 277.8 295.3 317.9 336.8 344.4 351.4 359.2 367.7 373.4 379.1 383.8 393.2 402 411.7 419.5 425.5
438.4 437.5 438.5 435.8 435.6 434.1 433.2 432.9 432.1 432.7 432.3 431.9 431.9 432.3 432.1 431.4 430.4 430.2 430.1 429.6 429 428.1 427.2 425.6 424.9 424.1 423.4 422 420.7 419.5 417.6 415.2 411.5 407.7 403.5 398.4 396.7 398.4 399 400 400.8 403.2 404.6 406 406.3 405.9 405.5 404.6 402.1 398.6 394.3 388.9 382.6 374.5 366.6 358 348.2 338.5 329.4 317.4 314.5 301.5 281.2 294.5 316.1 331.4 345.9 353.6 363 374.1 380.2 385 393.5 406.1 422.6 431.1 439.3 449.2
446 446.5 446.6 446.7 446.5 445.7 445.1 444.1 442.5 442.3 440.8 440.3 438.5 439.6 438.4 437.2 435.8 436.3 437.2 436.3 435.6 434.7 433.7 432 431.3 430.2 429.2 428.1 426.9 424.1 422 419.2 416.2 412.8 407.9 403.1 404.8 404.9 406.4 408 409.6 411.1 412.5 413.9 414.5 413.6 412.5 410.5 408.3 404.9 400.5 393.2 386.4 376.7 366.7 354.8 349.3 342.5 335.9 330.9 327.1 312.1 290.2 290.3 307.8 323.6 346.3 360.1 371.4 381 384.9 390.9 399.6 407.2 420 429.9 444.9 455.9
457.2 457.9 457.1 457.8 457.3 457.6 456.4 455.3 454.8 455 455.1 454.7 453.9 451.9 450.9 452.9 451.5 450.5 450 447.5 445.5 443.6 441 438.7 436.8 435.8 434.6 433 430.8 427.5 423.8 420.3 417.4 413.9 401.7 410.5 412.3 413.7 414.5 414.9 414.8 417.2 419.1 419.1 418.5 417.6 415.9 413.2 411.3 406.5 402.7 394.9 387.5 380.7 373.6 364.8 356.5 349.1 342.5 337.7 332.2 325.8 306.2 286.4 300.5 320.5 344.7 359.7 372.4 376.8 383.8 391.3 399 408.9 417.8 425.8 435.4 449.4
471.1 471.3 470.4 470.8 471.9 471.8 470.1 469.8 469.2 469.6 470.9 471.3 470.4 469.8 469.6 470.1 470 467.8 465.6 462.5 458.6 454 449.5 445.3 442.6 440.3 438.6 436.2 433.6 429.7 425.8 422.1 419.8 411.6 416.1 415.5 418.6 419.9 420.8 421.4 421.4 422.9 423.6 424.1 421.1 417.3 415.5 411.9 407.6 405.3 401.2 401.1 395.4 389.3 383.5 373.2 359.7 351.1 343.9 338.1 333.3 328.9 307.3 292.6 297 313.7 339.9 353.1 363.8 371.6 380 389.2 401.4 412.1 415.9 420.7 427.6 439
482.7 482.5 482.8 483.8 483 484.6 483.4 483.9 484.5 485.8 486.7 489.2 488.4 488 488.2 491.2 492.1 489.9 483.8 475 469.3 463.8 458.3 452.9 448.4 445.4 443.2 439.6 436.1 431.7 427.1 422.8 414.9 420.4 422.2 422.5 424.6 425.8 426.3 426.9 427.5 427.9 428.1 427.4 424.4 420.5 414.1 411.8 406.9 406.2 406.1 403.7 399.6 394 388.1 376.1 361.3 353.4 346.7 339.9 333.7 327.5 307.8 318.7 305.6 300 325.5 349.2 357.9 369.1 380.9 383.7 400.8 407 413.3 416.1 427.6 437.4
489.5 490.2 493.1 492.8 493 493.2 497.2 499.1 500.3 500.9 503.9 505.9 504.8 504 503.1 503.9 508 506.1 500.8 494.7 487.7 476.5 467.2 459.6 454 448.8 445.4 441.3 437.1 430.9 427.9 424.6 424.5 425.8 427.7 428 430 430.7 430.9 430.9 431 431.2 431.8 431.4 429.5 426.1 421.6 413 412 406.8 404.9 406.1 402.6 398.4 390.4 377.1 364.5 355.9 346.3 337.9 333.7 329 317.8 330.1 321.2 304.7 330.8 341.2 350.3 362.7 372.1 382.6 393.7 401.2 406.7 412.3 424 433.6
515.4 513.4 515.2 510.6 507.5 514.2 517.4 519.2 521.8 524 524.3 522.9 519.1 517.7 518.3 523 525.1 524.1 518.9 508.3 496.7 485.2 474.7 465.2 456.9 451.8 447.5 442.1 438.7 434.6 427.8 429.4 429 430.5 432.2 432.8 435.1 435.9 436.1 435.6 433.8 433 432 431.1 431 429.7 427 422.6 414.9 409.6 404.4 404 402.1 396.5 389.1 379.4 366.6 360.2 350.8 342.8 335.2 331.7 328 330.6 332.4 315.2 332.7 342.7 351 345.3 363.5 373.3 382.7 397.1 400 411.2 421.7 431.5
