app/static/ascii/SE00.asc
ncols 200
nrows 200
xllcorner 400000
yllcorner 400000
cellsize 50
[rows 35 to 69 of 200, columns 78 to 155 of 200]
436.3 434.8 432.8 431.1 430.4 428.9 426.5 424.1 421.8 420.5 416 411 407.9 403.4 397.3 389.5 380.8 364.8 355.6 365.8 368.5 356 367.6 372.4 375.5 379.9 382.5 384.8 385.1 385.5 386.3 386.4 386.9 386.7 386.4 385.8 386.5 387.1 387.4 386.8 385.7 382.4 372.9 355.7 335.4 325.4 321.9 316.8 308.6 317.1 319.7 324.2 332.7 348.9 363.2 377.4 384.6 390 389.7 391.5 391.8 389.8 386.3 400 415.4 432.3 446.1 448.9 450.4 451.4 454.1 457.9 461.4 464.3 466.8 468.6 470.3 471.2
437.9 436.3 434.4 432.2 431.2 429.2 426.9 424.5 422.2 419 414 409 404.5 395.6 386.3 379.9 363.6 373.5 380.3 378.9 372.5 368.9 374.7 379.1 383 386.4 388.5 389.7 390.4 391.2 392.1 393 393.5 393.5 393.2 392.6 392.6 392.9 393.3 393.7 393 391.3 385.9 359.5 340.3 331.6 328.6 326.9 317.1 312.3 319.7 328.9 330.1 332.2 347.2 359.8 374.7 376.4 374.3 375.4 374.1 385.3 397.5 410.1 426.9 439.2 443.4 444.8 447.3 450.9 452.3 455.4 459.2 461.9 465.4 469 471 471.9
439 437.3 435.4 433.2 431.1 429.3 427 424.7 421.4 416.6 411.8 407.1 400.3 387.4 374.7 381.3 385.4 389.8 391.6 388.4 380.8 372.8 381.4 386.3 390 391 394 395.4 396.1 396.9 397.8 398.7 399.5 399.2 398.5 397.9 397.4 397.8 398.3 399.1 398.6 398.2 394.8 375.4 346.7 338.7 336.7 335 331.1 323.1 317.2 329.5 336.7 341.6 340 342.1 357.2 356.7 360.8 370.3 382.6 397.9 404.5 414.5 426.6 433.6 437.6 440.8 442.7 444.9 445.7 450.2 452 459.4 463 467.1 470.4 473.4
440.1 438.3 435.6 432.9 431.4 429.3 427.2 423.9 420.3 416.2 410.6 401.9 387.9 385 392.6 394.8 399.7 398.3 397.2 396.1 385 382.2 389.2 392.2 395.1 397.4 399.2 401 401.8 402.6 403.5 404.4 404.9 405.4 404 403.2 402.5 402.9 404.3 404.5 404 403.5 402.6 392.6 371.9 351.2 345.4 340.8 338.3 336 318.8 324.8 338.3 341.6 347 343.3 349.6 362.2 380.2 389.9 397.8 405.1 409.2 412.7 420.9 425.8 428.5 432 435.5 438 440.1 445.8 452.1 458 463.6 468.3 472 474.4
440.4 438 435.4 432.7 431.1 429.6 426.8 423.3 419.8 414.2 407.1 392.6 395.9 403.1 405 404 406.3 405.4 404.6 403.8 394.8 392.3 395.6 398.6 400.7 402.3 404.3 406.1 407.5 408.3 409.2 409.8 410.3 410.8 410.1 408.7 408.2 408.8 410.2 409.9 409.4 408.9 408.2 404.9 396.3 377.3 361.6 356 353.5 349.5 328.3 322 322.5 331.3 339.4 348.2 351.3 367.1 384.5 395.4 403 408.3 412.7 415.1 415.7 418.8 422.9 426.5 428.8 430.7 437.3 447.1 453.3 459.6 465.7 470.2 473.4 476.2
440 438.4 435.2 432.4 430.7 429.9 425.6 420.5 417.3 410.6 397.5 398.8 408.8 410.7 410.3 411.1 410.6 409.9 409.1 407.4 402.5 395.6 402.1 404.1 405.6 407.1 409.1 411.2 413.1 414 414.7 415.2 415.7 416.2 416.3 415 414.6 415.8 415.8 415.3 414.8 414 413.1 412.2 408.9 405.1 389.9 373.2 363.9 360.8 345.9 337.4 328.8 326.9 327.6 348.2 353 362.5 381.7 395.4 403.3 408.9 412.4 412.3 412.1 412.8 419.5 421.8 425.7 430.9 436.3 443.7 452.9 460.7 465.6 469.1 472.5 474.6
439.7 438.4 435.1 432.1 430.3 429.1 424.2 419.7 411.5 400.4 403.8 410.4 415.7 415.7 415.2 414.6 414.5 414.1 412.4 411.3 410.2 404.8 405.6 408.5 410.5 411.9 414 416 418.1 419.6 420.1 420.5 420.9 421.4 422.4 421.7 421.7 421.6 421.2 420.7 419.8 418.9 418 417.1 416.2 414.3 408.1 394.8 382 376.2 368.9 357.5 350.8 341.4 335.7 336.8 352.8 358.8 372.6 389.9 399.7 403.3 406.9 408.4 407 412.2 419.4 421.8 424.6 429.1 434.4 440.7 448.8 456.1 461.5 464.8 469.6 473.1
439.6 437.7 433.3 429.8 429.8 424.8 420.5 412.7 408.4 415.3 414.5 418.8 419.3 419.8 420.3 420.2 419.5 418.6 417.2 416.1 414.9 412 410.2 412.5 414.9 416.8 418.8 420.8 423.7 424.5 424.9 425.3 426.3 427.5 428.4 428.6 428 427.3 426.6 425.6 424.7 423.8 422.9 422 421 420 417.6 413.4 409.4 399.7 386.3 379 373.7 365.3 338.9 335.8 353.4 361.1 365.6 377.7 387.1 389.7 394.3 394.7 405.1 415.4 421.4 423.8 425.7 429.2 433.2 437.1 443 450.3 454.4 458.3 463.8 468.9
439 438 433.4 429.5 428.6 421.2 415.1 417 420.4 422.2 423.1 423.6 424 424.5 425 425.3 424.3 423.6 422.4 421.1 419.7 412.6 416.1 418.7 420.4 422 424.5 427.5 428.6 429.3 430.2 431.3 432.4 433.6 434.4 434.6 434.1 433.4 432.6 430.6 429.1 428.3 427.4 426.2 425.6 424.7 422.6 421.5 420.4 415.1 403.9 391.7 385.1 372.2 342.9 348.7 343.4 362.1 367.3 365.6 371.3 384.1 390.9 399.1 408.9 414.1 420.4 424.2 427 428.4 428.3 431.8 436.4 440.8 445.8 451.6 459 463.9
439.7 439.4 436.1 434.2 430.9 429 428.3 427.1 427.8 428.7 428.8 428.4 428.8 429.3 429.7 430.2 428.4 428.4 427.5 426 424.5 420.1 422 425.6 427.7 429.2 431.1 432.3 433.2 435.3 436.3 437.4 438.6 439.7 440.5 440.9 440.7 440.1 438.5 436.5 434.5 432.5 431.7 429.1 429.4 429.3 427.8 426.9 424.8 422.5 416.2 407.5 392.4 357.3 355.1 366.1 354.3 351.4 355.4 369.9 376 383.8 396.6 404.6 408.2 413.3 417.1 419.2 422.5 422.6 423.8 427.6 430.7 435.1 443.6 450.7 457.1 461.2
442.4 441.2 440.1 437.9 434.8 433.9 434 431.4 431.2 431.3 432.2 433.1 433.6 432.8 432.6 432.6 433.4 433.5 432.6 430.9 429.4 424.2 426.8 430.4 432.1 434.3 435.7 436.9 438.8 441.1 442.6 443.7 444.7 445.8 446.5 447.2 446.1 446.8 446.2 443.5 440.8 438.1 435.3 432.3 431.9 432.1 432.5 430.3 428.2 426.7 421.9 412.2 394.8 363.5 361.1 375.1 367 354.6 362.6 375.2 376.1 385.2 392.7 403 406.2 409.4 411.9 413.6 416.1 419.6 423.6 428.4 432.4 438.8 446.3 452.4 458.1 462.2
446.3 445.4 442 440.4 438.2 438.8 437.8 435.4 436.7 436 435.7 437.5 437.9 438.2 438.5 438.6 438.7 438 437.3 436.5 434.5 427.8 432.1 435.4 436.8 438.8 440.3 442.4 444.6 446.9 448.9 450 451.1 452.3 452.8 453.2 451.8 453.4 451.7 448.1 445.3 442.5 439.3 436.7 435.5 436.1 435.7 434.3 432.2 428.8 422.3 410.3 383.2 358.8 379.9 390.8 390.2 373.4 361.9 373.9 381.7 386.4 386.4 397.9 400 402.5 405.4 408.1 414.1 420.5 425.2 429.8 434.2 441.7 448.2 454.6 459.5 463.5
450.6 449.7 448.4 444.8 443 441.4 440.4 440.4 441.4 441.8 440.2 441.4 442 442.3 442.6 443 443.7 443.3 442.2 441.2 440.3 436.1 437.6 439.2 441.9 444.1 446.1 447.5 449.8 452.1 454.5 456.4 457.7 458.8 459.3 459.7 460.3 458.9 457.1 454.4 450.3 446.7 443.4 440.8 439.1 439.7 438.4 436.9 434.9 429.7 423.3 401.4 369.7 384.9 396.6 403 402.6 389.1 377.6 385.5 386.4 386.4 386.4 388.4 390.1 397.2 404.5 410.3 415.4 421.3 426.1 430.2 436.3 442.2 447.8 454.1 459.6 464.9
454.2 453.5 452.7 449.4 449.3 447.7 446.1 447.3 445.6 444.4 444.4 445 446 446.5 446.8 447.9 448.6 448.2 447.8 447.2 445.5 440.2 441.7 444.8 447.7 450.2 451.6 452.5 454.9 457.2 459.9 461.7 463.6 465.4 465.8 466.1 465.7 463.8 462.1 458.9 454.9 450.4 447.5 445.3 444.1 441.7 440.5 439 436.5 431.9 421.6 393.5 385.7 404.9 410.2 409.6 407.4 401.8 389.1 386.4 386.4 386.4 386.4 386.4 388.6 396.7 404.3 408.5 413.1 418.6 423.4 429 434.4 440.7 446.9 453.1 458.2 463.7
457.6 456.8 455.9 454 453.8 452.7 451.4 450.9 449.5 448.4 449.5 449 449.5 451 451.8 452.9 453.6 453.2 452.8 452.3 450.4 445 448.2 450.7 453.6 456.3 457.1 457.9 459.9 460.1 463.7 466.8 468.6 469.2 470.6 470.5 470 468.8 466.6 462 458.1 453.9 451.2 449.1 446.5 443.6 441.4 440.5 435.6 431 419.9 388.1 403.8 416.6 414.7 414.4 411.4 405.8 391.7 386.4 386.4 386.4 386.4 386.4 386.4 390.1 397.1 403.7 411.6 418.2 424.4 428.5 432.6 438.4 443.4 449.7 455 458.5
460.7 459.9 459.1 458.6 458.4 457.4 457.3 457 455.4 454.2 454.6 454.2 455.9 457.1 457.7 458.2 458.5 457.9 457.3 456.1 454.3 447.9 451.1 456.3 459.1 460.2 461.5 462.7 464.9 466 467.8 470.8 472 472.5 473.5 472.8 472.4 471.8 469.8 465.2 460.2 456.4 453.5 451 447.3 443.3 440.2 438.6 434.4 427.2 412.3 399.8 419.4 421 420.5 419 416 411.5 398.9 391.2 386.4 386.4 386.4 386.4 391.3 398.9 403.5 408.9 414.6 420 426.5 430.1 433.7 438.4 440.6 446.9 452.3 455.4
461.9 460.4 460.5 461 459.6 460.6 460.6 460.1 459.3 458.9 459.9 459.9 461.6 462.1 462.6 463.2 463.5 462.9 461.2 459 457.3 456.1 453.6 458 460.7 462.9 464.7 466.2 468.9 471 471.3 471.6 473.5 475.2 475.7 474.9 473.3 470.9 469 465.4 461.7 457.7 453.8 449.9 445.2 441.1 438.3 436.1 433.1 423.5 398.4 418.7 425.2 425.6 425.4 424.2 421.7 417.5 413.7 405.8 386.4 386.4 386.4 386.4 398.5 404 409 414.6 420 424.2 427.1 431.9 436.7 441.3 444 448.5 452.7 453
465.5 463.2 460.8 462.7 463.2 462.9 462.7 462.1 462.6 463.7 465.2 466.1 466.6 467.1 467.6 468 468.3 467.9 465.7 462.7 460.4 460.9 459.8 460 463.1 465.9 467.8 469.6 471.2 471.2 471.6 472 473.1 474 474.5 473.3 471.5 469.4 466.5 462.3 457.9 454 450 445.9 441.2 437 435.1 433.3 428.8 415 409.9 425.1 429 429.2 429.9 429.5 427.5 424.3 420.9 411.9 388.9 390.2 392.6 386.4 396.2 406.2 412.8 418.4 425.7 431.3 435.9 440.4 446.4 449 450.7 451.4 453.8 451.4
469.2 467.2 465.7 466.3 465.9 465.7 465.5 466.1 468.1 469.2 470.5 471.1 471.7 472.2 472.6 472.9 473.2 472.4 470.9 469.3 467.8 466.1 464.7 465.5 467.3 469.4 470.4 472 472.3 471 471.5 471.6 471.5 472.4 472.2 470.7 468.1 465.5 462.7 458.7 454.3 450.2 446.3 442 436.9 432.1 427.9 421.9 416.3 405.6 414.3 428.8 433.4 434.6 434.5 434.2 433.5 430.7 425.2 416 398.2 400.9 405.4 393.9 398.9 407 413.4 422.2 430.2 437.3 442.7 448.1 451.6 452.2 452.8 453.2 451.6 450
470.2 469.6 469.9 469.8 469.2 469 469 469.2 470.1 471.4 474 476.6 476.9 477.3 477.9 477.9 477.5 476.6 474.9 473.4 472.1 470.8 469.5 469.6 471.4 470.7 472.6 474.7 472.4 470.9 471.2 471.2 471.1 470.6 468.5 467.5 463.4 461.3 458.9 455.1 450.8 446.4 442.4 438 433 425.6 417.7 412.4 409 410.4 425.4 433.7 438 439.5 439.7 440.2 439.2 435.9 432 423.1 406.3 411 416 411.1 405.3 410.6 419.7 425.8 433.3 440 446.6 451.2 451.4 452.1 452.3 451.4 447.2 441.8
469.4 470.2 471 471.9 472.5 472.4 472.5 472.7 473.7 476.9 479.9 481.1 481.3 481.5 480.7 480.2 480 479.7 478.8 477.5 476.3 475 473.3 471.9 474.3 474.4 476.1 476.6 473.1 470.7 470.8 469.7 467.6 465.9 461.6 461.3 459.2 457.1 455.1 451.5 447.2 442.6 438.4 433.3 421.7 414.3 421.6 429 428 415.8 426.8 437.9 442.6 445 445.5 445.9 445.3 442.6 437.7 430.1 415.8 417.3 424.5 423.4 416.2 417 426.8 431.5 435.7 442.3 448.8 451.4 451.8 451.8 449.8 445.3 440.9 436.3
470.5 471.3 472.2 473.1 474.4 475.8 476.1 476.4 478.7 479.8 481.6 483.4 484.4 484.6 484.6 484 483.6 483.1 482.7 481.8 480.6 479.3 477.4 475.7 477.2 478 477.8 477.5 475.4 471.8 469.8 466.2 462.6 461.2 459.6 457.7 456.3 454.1 451.5 447.5 443.4 437.7 426.4 427.6 423.1 426.1 434.9 437.5 433.1 419.7 429 440.2 445.9 449 451 450.9 450.9 446.9 442.7 435.5 416.6 426.3 432.3 432.4 426.2 425.3 435.1 438.9 440 445.1 451 451.6 451.8 447.2 442.8 440.1 435.8 432
471 472.4 473.3 474.6 475.6 476.9 478.7 479.6 480.6 481.5 483.6 485.3 486.8 487.6 487.5 487.3 487.2 486.7 486.3 486.1 484.9 483.2 481.5 479.9 479.9 479.2 478.9 479.9 476.9 473.3 469.8 466 460.3 459.5 457.5 454.9 453.1 451.2 447.5 440.2 433.6 432.8 437.8 435.7 427.9 434.5 441.2 442 436.7 422 431.5 440.8 448.4 451.8 455.2 456.5 456 452.4 445.7 432.9 428.1 437.3 440.7 441.5 439.5 437 443.4 446 446.6 449.5 451.8 448.5 444.7 440.8 438.1 435.6 433.3 429.8
469.4 470.7 472.7 475.2 476.2 477.7 479.5 481 482.1 483.3 485.6 487.3 489.2 490.7 489.6 489.1 489.8 490.2 489.9 489.7 489.1 487.3 485.4 483.4 481.6 479.8 480.2 480.9 478.5 474.7 470.3 465.7 460.4 457.8 455.8 453.5 451 446.3 439.5 437.8 440.9 441 440.9 437.9 434.5 443.1 447 445.7 437.2 427.5 431.6 439.2 448.9 454.9 458.5 460.7 460.1 455.5 450.2 434.2 440.4 445.5 448.6 450.7 448.8 448.8 450.2 451.4 452.6 450.2 444.2 441 439.6 436.9 434 431.4 430.1 427.9
465.7 467.9 469.9 472.6 475.5 478.2 479.8 480.6 481.8 482.4 484.8 488 490.3 491 491 491.3 491.6 491.6 491.3 490.7 490.5 490.5 488.6 486.6 484.7 482.8 480.3 480.6 480 475 470.2 467.8 461.2 457.2 451.9 446.3 446.7 448.3 450.6 445.6 445 445.1 445 438.5 443.7 450.9 451.4 448.1 435.5 430.4 438.5 439.6 451.4 458.6 461.5 463.3 462 458.8 453.1 440.5 451 453 455.9 455.7 454.5 454.6 455.3 455.5 452.6 447.5 440.3 437.5 435.7 433.2 430.2 427.4 426.1 424.9
465 467.5 469.3 470.5 473.5 476.9 479.3 480.3 480.9 481.3 483.2 486.4 489.8 491.4 491.7 492.2 492.8 492.2 491.2 490.7 490.7 490.7 490.7 489.8 487.9 485.7 483.3 480.8 481 476.4 471 465.9 459.4 455.5 457.7 458.2 458.5 459.4 454.5 451.7 450.4 449.5 450.6 443.7 451.8 455.5 452.5 444.7 439.8 434.7 440.4 445 452.1 460.9 464.5 466.1 464.7 463.5 454.5 453.3 458.9 460.1 460.7 460.1 459.5 460.1 458.2 454.6 451.7 443.4 439 435.6 431.6 429.2 425.8 423 421.3 419.8
468.8 468.6 470.2 470.3 471.5 474.3 478.4 479.4 479.8 480.2 481.6 485.1 488.8 490.1 491.5 492.8 493.3 491.6 490.8 490.8 490.8 490.8 490.8 490.9 491.1 488.6 486 483.4 480.9 477.8 473.1 469.8 459.3 460.6 462.6 461.7 461.1 460.9 459 456.7 453.3 462.4 459.2 445.8 457.4 460.6 453.7 449.3 447.8 440.5 446.4 450.9 453.4 460.8 467.2 468.7 469.1 467.7 460.2 463.4 465.9 465 464.7 464.3 463.4 461.4 458.8 454.5 450.2 442.7 439.2 433.2 429.3 425.4 419.5 414.7 412.4 406.9
471.6 470.1 470.1 469.5 470.6 472.6 476 478.5 478.7 479.1 480 481.6 486.8 488.6 490.2 492.1 491.9 490.9 490.8 490.9 491 491 491 491 491 489.7 487.2 484.8 481.4 478.9 474.2 468.6 462.8 465.8 467 466 465.6 463.5 461.2 459.1 462.9 468.8 462.9 447.5 465.5 463 453.5 454.5 451.9 446.8 450.9 454.6 459 463.5 469 471.8 472 469.8 470.2 468.9 469.2 468.6 468 465.4 464 463.3 457.3 452.6 448.4 444.3 438.7 432.5 428.6 424.5 420.9 418.9 419.3 415.4
475.1 473.6 471.4 468.9 469.8 471.2 474.6 478 478.2 478.9 480.4 482.2 485.9 488.1 490 491.9 491.1 490.9 490.8 490.5 490.3 490.5 490.6 490.7 490.2 488.5 486 482.9 482 478.4 473.3 467.6 468 470.9 471 469.9 469.2 466.8 466 461 471 471.8 464.8 454.5 469.3 465.8 460.5 460.3 455 450.1 451.9 457.1 462.9 467.1 470.8 474.9 473.2 472.2 473.1 473.2 472.5 471 469.2 466.2 463.1 460.1 455.6 451.1 447.6 443 437.4 433.2 430.3 429.7 427.4 424.6 421.9 418.1
478.6 477.2 474.8 472.1 471.4 473.2 475.5 478.1 478.7 479.4 480.8 482.4 485.2 487.5 489.7 491.6 490.9 490.9 490.9 490.6 490.3 490 489.9 490 488.6 486.7 484.8 481.7 479.5 476.7 471.5 466.1 469.8 472 472.7 472.2 471.1 469.2 469 468.8 471.5 471.7 466.7 458.3 472.7 471.4 469.2 465.8 462.5 457.6 454.5 460.4 466.3 470.7 474.5 477.7 476.6 475.8 475.9 475.4 473.6 471.6 470.4 467.7 464.5 461 456.4 451.3 447 442.6 438.8 437.4 435.5 432.7 431 427.7 422.5 417.4
481.9 480.7 478.6 476.1 474 475.4 477 478.7 479.3 480.1 481 482.1 484.5 486.9 489.2 490.9 490.9 490.9 490.9 490.7 490.4 490.1 489.8 489.1 486.9 485 483.1 480.1 478.4 474.5 469 468.6 472.4 473.3 473.9 474.4 472.5 470.9 469.9 470 472.4 473 467.6 462.7 476.2 476.1 474.9 471.5 468.2 464.3 457.5 462.3 468.8 473.9 477.6 480.3 480.2 479.8 479.9 478.3 475.3 472.3 471 469.1 465.3 461.4 456.6 451.9 448.3 444.6 440.8 440.1 439.1 437.5 433.8 427.6 421.6 416.2
484.3 481.3 479.6 478.5 477.7 478.4 479 479.4 480 480.8 482 483.2 484.3 485.3 487.4 489.8 490.3 490.7 490.9 490.8 489.9 489.1 489.3 488.1 485.6 483.2 481.1 479.7 478.7 474.1 470.9 473.2 475.3 476.1 477.1 477 475.7 474.1 473.1 473 473.9 473.8 467.4 472.7 480.1 480.6 479.8 477.2 473.7 469.8 466 464 468.7 476.9 479.8 482.4 483.3 483.2 483.5 481.1 478.2 475.2 472.1 469.6 465.8 461.6 457 453 449.7 445.9 443.4 442.2 440.7 438.4 431.3 427 420.9 415.2
484.4 482.4 481.4 479.7 479.5 481.2 479.2 479.7 480.8 482.1 483.4 484.5 485.6 486.6 487.7 488.7 489.2 489.8 490.4 490.3 488.9 489.1 489.2 487.1 484.6 482.2 480.7 479.4 478.2 475.7 476.5 477.9 478.7 479.6 479.7 479.5 478.8 477.4 476.2 475.5 476.5 477.2 472.2 467.8 478.9 480.2 481.1 481.3 481.1 476.3 471.5 470.4 470.9 480.4 483.1 485.4 486.3 486.7 487 484 480.9 477.7 472.7 470.2 466.4 461.7 457.5 454.2 450.9 447.3 445.6 443.5 440.5 435.9 428.8 424.8 420.2 414.2
486.1 484.5 483.5 482.5 481.6 480.8 479.9 480.7 482.3 483.4 484.7 485.8 486.9 487.9 488.9 488.9 489.1 489.7 490.2 490.8 489.8 489.4 488.6 486.3 484.1 481.9 481.2 480.6 479.4 478.4 479.2 480.9 482 482.5 482.3 482 481.8 480.5 479.2 478 480 480.2 480.3 478.2 477.2 479.7 480.8 481.9 482.2 481 478.9 479 480.7 483.9 486.1 488.4 489.8 490.5 489.8 486.5 483.3 478.9 473.2 469.3 466.3 460.6 459 455.6 452.2 448.2 444.6 441.7 436.9 431.3 425.5 421.3 414 403.4
487.8 486.6 485.2 483.6 483.2 482.7 481.9 481.4 483.5 484.8 486.1 487.2 488.2 489 489 489 488.9 489.5 490.1 490.7 490 489 489.2 487.2 484.9 483.2 482.5 482.2 480.6 479.3 480.5 483.6 485.6 485.9 485.5 485.1 484.8 483.5 482 483.2 484.3 484.4 484.3 483.4 483.4 483 483.4 486.2 487.4 487.8 487.8 487.8 487.4 487.4 488.6 490.8 493.1 493.6 493.5 489.3 485.3 479.3 475.3 472 469.7 464.4 460.4 456.9 452.5 448 445 441 434 429 421.8 409.4 404.9 408.5
