app/static/ascii/SE01.asc
ncols 200
nrows 200
xllcorner 400000
yllcorner 410000
cellsize 50
[rows 35 to 69 of 200, columns 78 to 155 of 200]
231.4 244.3 252.6 267.3 271.9 279.8 289.3 304.8 309.1 310.4 310.3 309.4 308.1 306.7 305.1 303.1 301.9 301.9 301.9 301.9 301.9 301.9 301.9 301.9 304.8 305.7 307.3 307.7 305.6 303.2 300.8 296.2 290.4 280.3 269.1 260.5 248.8 237.4 227.5 220 215.6 211.3 208.3 207.3 203.4 193.3 177.1 165.8 153.7 158.1 173 185.6 193.9 202.8 210.3 216.8 225.3 233 241.4 246.3 252.7 265.3 273.5 277.5 279.2 279.4 276.8 271.7 279.5 283.5 284.2 283.6 283.3 282.7 278.7 274 271.3 265.6
224.6 236.1 245.6 261.5 267.8 274.8 282 298.9 306.1 308.1 308.1 308 307.4 306 303.9 303.6 301.9 301.9 301.9 301.9 301.9 301.9 301.9 301.9 301.9 303.2 304.5 305.1 303.3 301.5 299.9 296.8 292.9 285.2 274.1 264.7 254 240.9 229.8 222.1 216.5 218.3 218.8 217.8 212.7 194.1 182.6 164.3 153.4 160.3 186.1 194.6 198.9 204.9 213.2 221.9 231.5 241.7 248.4 253.4 262.9 275.2 279.8 284 286.9 287.7 284.6 278 284.2 287.7 287.8 286.8 288.1 287.8 286.5 286.6 283.3 276.4
219.3 229.2 240 248.9 261.8 268.4 275.5 286.1 301.5 305.3 305 304.4 304.1 302.3 301.6 300.8 303.3 301.9 301.9 301.9 301.9 301.9 301.9 301.9 301.9 301.9 303.4 302.3 299.9 298.1 296.3 294 292.7 288.9 279.7 269.7 258.6 245.5 234.7 226.4 224.4 226.2 224 220.4 214.6 210.1 199.4 175.9 158.4 153.6 169.3 187.9 193.9 204.4 215.4 227.5 238.6 247.7 254.3 262.7 272.9 279.8 284.6 289.4 293.5 292.1 287.5 284.4 288.5 291.6 291.2 291.8 293.4 294.2 296.9 296.3 290.3 281.9
208.1 218.2 228.5 239.7 251 262.6 268.9 277 288.4 300.3 301.6 300.4 299.3 298.3 298.1 298.3 299.8 301.9 301.9 301.9 301.9 301.9 301.9 301.9 301.9 301.9 300.8 298.5 296.6 294.7 292.7 291 289.9 288.1 282.8 270.5 258.7 246.2 237.7 232.6 230.8 225.5 223.2 221.1 216.7 210.6 202.4 188 165.4 154.9 167.6 184.9 195.6 206.8 219.5 232.9 245.2 255.6 263.1 275 280.7 284.2 289.4 295.4 296.8 294.7 288.7 290.7 292.7 293.6 294.6 296.9 300.3 301.2 305.3 304.4 296.2 282.3
199.5 207.8 217.1 228.3 240.2 253.5 265.3 270.2 276.8 288.1 295.3 294.6 292.8 292.5 295 296.4 295.8 303 301.9 301.9 301.9 301.9 301.9 301.9 301.9 304.7 298.1 297.5 293.9 291.6 289.3 287.1 284.7 283.4 282.7 273.6 258.5 245.7 235.9 229.3 225.4 220.4 218.6 215.9 211.2 206.3 199.6 184.9 165.8 157.5 172.8 188.3 198.3 210.8 225.1 239 250.9 265.1 276.4 282.8 286 290.5 294.2 300.6 298.5 296.3 295.8 295.5 297.5 298.4 299.9 302.1 306.9 315.1 314.3 309.4 300.2 288.1
191.7 199.5 208.4 216.8 228.2 239.6 249.2 259.9 267 269.9 272.2 274.2 273.6 277.9 286.6 292.4 293.5 295.6 302.1 301.9 301.9 301.9 301.9 301.9 301.9 301.6 301 295.2 291.2 288.5 285.3 281.9 280.3 278.6 277.2 267.6 254.7 242.3 231.6 222.1 218.3 214.1 211.4 208.6 204.2 200.6 194.6 177.4 160.2 163.3 179.9 192.3 201.8 215.1 231.1 246 259 272.5 285.5 288.8 291.6 297.2 301.6 304.1 301.8 299.3 299.1 300 301.5 303.1 306.1 312.6 318.4 320 317.2 311.4 303.6 292.4
180.2 191.3 199.4 205.5 213.2 222 235.4 246 257.2 256.9 259.4 257.1 256.9 260.7 269.1 281.7 287.1 288.3 299.1 301.9 301.9 301.9 301.9 301.9 304.2 304.1 302.2 297.7 292.5 287.6 282.2 278.8 275.6 269.5 264.7 258.2 249.3 237.7 225.2 216.1 211.1 208.5 205.6 202.9 197.8 193.3 181.6 165.6 160.9 174.9 187.5 197 208.4 223.1 239 253.1 268.6 283.7 290 294.4 299.3 304.9 308.2 307.4 305 303.2 302.9 304.7 306.4 308.9 314.7 322.4 324 320.8 317.5 313.2 307.2 297.3
197.2 200.6 203.9 205.1 207 207.6 222.6 232.4 242.8 248 247.4 245.1 254.1 265.4 267.2 266.8 274.8 282 291.2 304.2 301.9 301.9 301.9 307.6 307.2 305.6 305.2 300.6 293.7 288.2 283.3 279.5 275.2 264.2 252.4 245.3 239.2 226.9 218.1 211.1 206.2 203 200.3 196.8 188.9 178.1 164.6 163.1 175.6 185 194.6 205.2 216.4 231.9 247.3 264.6 278.2 289.6 294.8 300.2 306.4 311.1 311.5 310.4 308.5 307.9 308.1 311.2 314.7 318.3 325.5 324.1 324.6 321.1 317.5 313.9 308.9 302.9
212.5 218.9 224.4 228.4 226.7 223.2 215.7 220.4 227 231.8 236.8 250 263.1 280.3 286.1 285.3 287.5 291.1 291.5 298.8 301.9 304.1 309.1 313.1 315.4 311.4 307.8 302.3 294.7 289.1 285.9 281.3 281.1 272.9 258.3 240.3 220.6 218.5 212.3 205.4 201.6 198.3 194.5 187.3 177.1 167.3 167.3 177.5 186.1 193.2 202.1 213.4 228.1 242.5 256.5 274.9 278.3 292.2 299.2 306.5 312.6 314.8 313.2 312.4 312.8 313.3 315.4 319.1 324.4 327.9 328.9 328 325 321.2 317.6 314.1 310.2 305.7
222.1 226.3 234.8 245.3 251.4 248.2 240 234.7 233.6 237.9 245.9 258.7 271.3 281.4 287.8 289.2 291.9 295.3 298.9 302.5 306.9 311.6 315.4 315.9 314.6 311.1 305.8 301.3 295.1 287.2 278 277.7 276.1 260.7 245.9 236.6 224.1 210.5 205.9 201.5 197.2 191.6 185.7 173.4 167.6 168.9 181.1 187.4 192.8 201.4 211.5 224.2 239.2 251.5 268.7 278.6 280.3 295.3 304.4 312.8 316.6 316.4 316.6 316.7 318.9 322.8 326.4 328.8 333.4 332.5 330.2 328.2 324.5 320.9 317.9 314.7 310.4 306
225.2 233.4 242.6 258.8 260.6 262.7 261.4 256.2 256.4 259.6 264.7 275.4 283.1 286.7 289.5 293.4 296.3 299.5 303.7 309.2 314.4 317.9 317.3 315.2 313.6 308.3 304.6 296.5 290.4 277.7 269.3 264.7 260.9 249.5 238.9 229.6 219.2 203.4 199.9 196.6 193.3 185.7 172.3 166.6 172.1 181.9 188.8 194.3 200.8 209.8 221.5 234.8 247.8 261.5 278.8 283.6 283.1 301 310.2 316.7 318.9 319.2 322.1 325.6 328.3 332.2 336.9 337.4 336.3 333.8 330.6 328 323.9 319.8 316.4 313.5 310.2 306
229.6 239.5 253.8 261.5 265.3 268.2 268.3 267.9 269.4 274.1 280.8 286.5 292.9 296 298.9 301.5 302.6 306.6 311.9 317.7 320.3 319.8 317.2 312.7 308.1 301.7 296.7 287.7 278.1 268.9 260.9 253.6 247.4 239.2 230 221.6 211.5 201.4 195.6 191.2 187.6 176.4 168 173.9 181.1 188.4 194.3 200.4 209.8 219.3 231.8 242.1 253.4 271.2 288 293.6 298.1 306.6 315.2 319.6 321.3 324.8 328.7 333.1 338.4 341.2 342.2 340.6 337.9 334.4 330.9 327.4 323.3 319.2 315.2 312.1 309.8 305.9
234.6 246.5 260 264.1 269 270.9 271.4 273.8 278.7 284.5 291.1 296.2 301.9 307.3 311.2 313.3 313.6 315.1 320.4 321.4 320.9 317.8 312.3 307 300.3 291.9 283.6 276.1 268.9 261.1 252.4 243.1 234.8 226.5 218.5 210.1 202 197 190.6 185 175.2 169.3 169.2 181.6 187.2 192.8 198.8 208 217.5 228.5 240.2 249.2 260.3 279.4 290.5 295 301.4 311.1 318.4 320.7 324.1 328.9 335.8 342.1 346.1 345.3 343.5 341.2 337.5 333.7 330.3 326.8 322.6 318.4 314.3 310.9 308.8 304.3
238 253.8 260.5 265.6 270.6 272.5 274.9 278.3 283.2 290.8 297.2 303.8 313.2 319.3 323.7 323.9 324.7 322.4 322.5 321.1 318.7 314.6 308.5 300.7 293 284.7 275.9 268.2 260.9 253.8 244.2 234.6 224.6 214.7 207.2 199.6 194.4 189.3 184.6 177.7 171.8 180.9 174.9 181.3 189.5 195.1 204.3 215.6 225.8 237 244.5 254.6 268.8 284.9 291.2 297.6 304.8 313.7 318.2 319.6 326 332.2 341.3 347.3 348.6 346.1 344.1 340.8 337 333.3 329.6 326.1 321.9 317.8 313.6 310 306.6 302
237.8 254.2 259.2 265.5 270.2 273.1 277.7 282.1 289 296.2 304 313.8 324.8 328 328.4 327.6 326.8 325.1 322.1 319 315.6 310.1 303.9 295.5 285.2 276.7 269.2 261 254.3 245.6 236 226.4 216.3 205.1 197.2 192.3 186.2 180.2 174.8 176.9 180.6 185 183 177.7 183.4 193 205.8 219.8 233.5 241.2 247.2 257.1 276.1 286.5 290 295.5 303.4 312.2 317 320.5 326.6 334.8 346.2 348.8 348.4 346.1 343.7 340.3 336.6 332.8 329 325.4 321.3 317 312.7 308.9 305.6 303.6
235.2 249.1 258.8 265.1 270.2 274 278.3 285.4 293.1 301.1 311.5 325.1 330.7 330.4 329.4 328.7 326 324 319.4 316.3 311.8 301.2 299.3 287.2 275.2 268.7 262.2 255 246.5 237.3 227.9 218 208.4 198.5 190.5 182.7 179.3 174.7 180.1 184.6 188.1 189.9 187.8 183.9 179 186.8 200 219.4 235 241.6 248.4 258.4 278.9 283.8 288.3 292.6 299.3 308.6 314.5 318.7 325.8 335.7 348.4 348.6 348.1 345.7 343.1 339.7 336 332.3 328.5 324.7 319.7 314.9 312.2 309.8 309.3 307.1
232.7 248.4 258 265.4 270.2 274.8 280.4 287 296 308.9 324.7 330.8 330.6 330.3 332.6 329.4 325.5 322 315.6 313.4 309.9 303.7 293.3 280.6 269.2 263 256 247.8 238.4 229.2 220.2 210.7 201.6 191.8 181 177.2 179.3 185.6 190.1 193.4 195.4 198 195.2 189.9 180 185.1 196.7 213.8 232.1 240.7 247.7 257.2 275.2 281.9 286.5 290.5 296.5 306.3 313.2 317.3 324.1 333.5 344.7 348.3 346.8 345.2 342.6 339.2 335.3 331.6 327.8 323.8 318.9 315 313.8 312.5 309.8 307
229.9 247.8 257 263.2 269.8 274.9 281 288.6 298.8 317.3 327.4 332.9 335.5 335.9 331.1 327.3 322.5 313.8 311.3 310.5 305.8 298.4 288 275 263.1 258.7 249.3 239.1 230.1 221.5 213 204.3 195.8 185.1 178.7 180.4 189.4 197.2 202 207.2 210.4 209.9 203.3 195.4 186.1 184 192.1 206.3 224.1 237.4 244.4 253.9 271.8 279.5 282.8 289.2 295.2 303.8 311.8 315.6 321.4 330.6 343.5 346.6 345 343.9 341.9 338.9 335 331.1 327.1 323 319.2 317.3 316 312.6 309 305.9
221.8 247.2 256.7 264.2 269.6 275 280.4 290.7 303.9 324.3 328.1 334.8 335.9 332.5 328.2 318.8 309 309.9 310.3 306.8 300.2 292 281.8 270.1 259.3 252.6 243.8 234.8 224.3 214 204.6 197.5 189.4 180.7 184.6 196.3 205 209.6 213.5 219.5 221.9 219.7 214 203 194.6 188 188.9 201.9 218.2 234.5 241 247.3 259.3 273.4 280.2 285.5 291.5 298.7 307.8 312.6 316.9 326.1 339.2 344.7 343.5 343.1 340.9 338.2 334.6 330.7 327.3 324.9 321.6 318.9 315.3 311.8 308.2 304.9
218 247 255.3 262.8 268.9 274.8 279.6 289.4 306.8 326.5 329.4 335 333.6 330.3 315 300.1 303.8 310.1 308.7 302.9 295 286.4 275.8 265 255.9 247.6 239.5 230.7 221 212.2 205.5 196.6 185 183.8 198.4 209.6 216.1 221.8 227.1 230.8 230.6 228.2 223.7 213.2 203.6 195.3 190.1 198.8 212.7 228.5 236 242.2 251.6 268.1 277.7 282.7 287.4 293.2 301.7 309.4 313 320 332.2 342.6 343 342 339.8 337.7 334.3 331.7 329.2 326.5 322.3 318.3 314.6 310.9 307.4 303.9
218 247.4 254.9 262.3 268.9 274.5 280.7 289.9 306.8 326.5 327.8 330.5 328.3 315.6 301.7 300.7 307.2 309.2 305.9 298.1 285.6 278.3 271.7 260.6 252.3 243.9 235.9 227.6 218.4 210.8 204.5 194.4 183.8 195.4 206.3 214.9 222.4 229.5 234.3 237.5 239.3 238.8 234.4 226.6 212.3 204.1 190.6 193.6 205.2 219.3 229.4 235.3 244.2 254.8 272.8 279.2 283.2 288.1 294.4 304.3 307.9 312.6 323.6 337.8 341.8 340.9 339.2 337 334.8 332.3 329.6 326.2 321.8 317.8 314.1 310.4 306.7 302.8
218.5 246.7 255.5 262.5 268.8 274.1 280.4 290.3 308.6 326 326.2 324.6 317 304.9 299.2 302.2 307.4 309.5 303.7 297 289.4 277.4 264.6 255 248.7 240.3 232 223.4 215 208.5 201.4 187.8 186.8 201.3 213.4 224.7 232.5 237.2 241.2 246.1 250.1 252.2 246.6 234 220.5 209.2 195.2 198.2 200.2 204.4 215.9 224.8 235.6 246 262.5 274.7 278.5 282.1 286.2 294.8 304.2 308.2 315.7 332.2 339 339.4 337.8 336.8 335 332.7 329.3 325.8 321.5 317.2 313.6 309.9 306.3 299.4
223.2 246.1 256.1 263.5 269.1 273.2 279.7 289.3 306.7 321.8 323.8 322.9 306.8 303.1 299.6 299.5 307 307.7 301.7 294.8 286.8 274.9 262.8 252.7 242.7 236.6 226.6 216.2 211.4 205.3 196.9 186.7 197.4 207.4 220.4 230.6 237.2 242 247.3 256.3 262.2 261.7 257.4 241.6 229 214.1 201.1 207.7 210.8 210.2 209.1 214.7 225.8 239.1 251.8 267.8 272.5 277.3 281.5 287.5 296.6 302.9 308.7 319 336.7 337.8 336.5 335.9 334.8 331.7 328.2 325 321.1 316.7 312.8 309.4 301.5 300.5
233.9 247.8 256.8 264.6 268.7 273.7 280.1 288.9 304.5 317.9 320.5 321.8 313.8 306.5 305.3 302.8 311.5 305.5 299.6 292.5 283.5 272.6 257.4 249.4 237 234.2 224.9 214.8 207.3 201.5 189.7 194.2 204.8 216.4 226.6 232.5 238.8 245.2 252.2 264.6 269.8 267.3 262.5 253.2 229.2 216.8 209.9 218.9 227.9 227.2 222.5 220 219.4 229.8 244.8 259.1 266.9 271.6 276.4 281.7 290.2 297.7 303.2 310.7 323.8 334.5 335.3 334.7 333.5 330.6 327.2 324.4 320.3 316 312.3 303.9 301.9 306.5
240.9 249.5 257.1 263.3 268.1 274.4 281 288.5 302.1 314.2 321.4 324 321.7 318.2 315.7 310.6 309.5 303.2 297.2 289.4 281.2 266.9 256.3 247.6 238.7 232 223.6 213.3 205 196.3 187.8 201.5 208.4 222.5 229.7 235.7 241.1 248 254.6 268.3 273.8 270.7 265.7 259.7 229.3 216.9 219 226.8 240 246.9 245.2 239.6 228.8 222.3 236.7 246.4 258.8 264.4 269.8 276.8 285.9 292.6 298.3 304.5 316.4 330.9 332.4 333.2 331.7 329.4 326.8 323.6 319.4 316.1 306.3 304.6 310.6 311
245.5 252.4 257.4 263.6 268.9 274.5 281 289.3 299.9 316.3 323.5 325.7 322.1 318.6 315.7 312.7 308.2 302 295.5 288.2 273.3 261.3 251.8 244.9 238.1 230.6 219.7 210.7 201.5 193.1 199.8 215.3 224.1 227.7 235.1 241.7 246.7 251.5 258.4 268.9 273.6 271.8 267 260.9 234.3 217.9 222.7 235.4 249.8 252.6 253.9 253.8 250.5 240.5 234.2 240 248 255.3 265.9 274.3 282.2 290.1 296.6 300.8 311.5 326.7 330.7 331.9 331 329.4 326.4 322.9 319.7 308.2 307.1 314.6 317.1 317.1
250.7 257.1 259.7 264.4 269.8 275.4 282.3 290.5 300 315.5 323.6 323.7 321.6 319.5 316.3 312.4 306.9 301 294.9 286.9 262.7 250.7 243.4 239.4 234.8 225.2 214.6 205.1 195.2 192.9 205.1 216.8 229.2 238.5 242.7 248 253.2 257.6 263.7 269.5 271.9 269.8 267 256.8 235.7 221.3 227.3 242.7 252.6 255.7 259.2 259.5 259.9 259.3 250.5 243.6 250.7 257.5 266.2 274 280.9 289.8 296.5 300.7 311.8 324.3 329.4 330.3 330.1 328 325.6 322.5 309.8 309.1 315.9 319.5 325.4 328.7
256.9 261.1 264.7 267 272.2 278.8 286.3 294.4 303.2 315.2 321.8 321.2 318.9 316.2 313.3 309.9 304.9 299.8 294.5 285 271.9 255 239 237.2 229.8 220 209.2 199.3 193.4 199.8 210.9 222.7 240.1 248.6 248 253.6 260.1 266.1 273.4 275.9 271.2 265.8 260.7 246.8 227.4 234.2 236.4 242.4 252.7 258.7 262.6 265 265.6 266.3 259.4 244.1 253.2 259 264.6 271.9 279.7 288.7 296.5 306 319.8 327.6 329.2 329.5 329.3 327 324.4 311.8 310.5 318.4 322.8 329 335.6 344.9
261 264.8 268.4 271.6 275.6 282.8 290.3 296.1 308.2 306.7 303.4 301.5 296.8 292.9 289.8 287 284.7 283.3 281.7 279.4 272.9 256.7 248.3 238.8 233.2 225.8 219.7 214.8 207.5 206 217.7 231.7 246.5 253.7 255.5 261.7 269.2 276.9 284.3 280.8 273.3 264.4 256.8 241.2 242.6 249.1 247.1 246 255.1 261.9 266 271.7 272.7 272.3 267.5 261.4 250.4 259.6 265.9 270.6 279.8 290.8 303.7 314.1 325.8 328 329.2 329.8 328.5 326.8 315.1 311.6 318.9 323.8 329.4 336.9 347.9 362.3
264 268.2 272.1 275.8 280.9 287.2 293.4 298.8 292.9 287.3 282.5 281.2 279.5 278.3 278.3 277 276 274.8 273.5 271.6 270.6 269.3 268.2 265.6 259 252.4 246.1 240.4 234.2 228.8 223.1 237.6 250.8 256.8 261 270.6 278.5 287.2 288.2 283.4 272.1 263.8 256.7 243.7 252.8 255.8 251.4 251.9 259.8 265.6 271.2 276.9 278.8 278 275.9 272.3 256.4 259.2 269.8 278.3 284.9 295.6 312.3 321.5 325.7 328.6 328.1 328.4 328.6 318.2 313 318.2 323.5 328.1 335.6 346.1 359.7 374.3
268.1 271.5 275.6 279.9 284.6 290.2 285.3 283.9 283.3 284 289 292.3 294.2 295.6 297.4 297.4 296.2 293 289.3 282.1 271.1 259.2 261.8 266.5 267.7 266 265.7 264.7 260.9 255.5 250 245 256.2 260.5 267.1 276.5 282.5 287.7 288 282.2 270.2 263.1 255.8 251.7 257.4 258.5 255.1 254.8 264.3 270.6 278.1 282.2 284.6 284.3 285.6 282.3 270.3 259.6 274.9 285.3 296.9 310.7 313.9 319.5 327.2 323.5 325.5 325.9 320.1 313.6 317.9 326.3 328.8 333.8 342 353.7 370 378.5
272.5 274.7 279.3 284.2 285.7 284.8 288.4 296 302.8 308.5 314.3 316.4 318.5 320.1 317.7 312 306.2 301 296.7 285.3 268.3 253.5 247.4 247.4 247.4 247.4 252.3 260.2 264.2 265.2 266 266.8 266.5 267.1 273 276.1 282.5 287 287.5 281.1 268.5 259.5 257.4 261.5 266 264.5 260.7 261.3 267.8 275.5 281.9 286.9 289.9 294.5 298.8 297.9 280.8 261.1 278.7 289.7 304.1 321.3 322.2 323.2 323.8 322.7 324.8 318.5 314.3 316.7 329.4 332.7 336.1 338.6 348.3 364.5 378.8 378.4
275.8 282.6 286.3 285.7 291.9 300 307.4 316.7 324.7 331.7 334.3 331.6 325.2 321.1 318.1 314.2 309.6 304.8 297.5 285.5 267.3 251.9 247.4 247.4 247.4 247.4 247.4 247.4 247.4 247.4 248.5 258.7 266.2 269.6 270.9 272.3 274.3 276.1 280.1 279.8 270 264.8 265.6 271.2 274.4 271.3 265.5 266.1 273.2 279.2 285.8 291.9 298.1 307.3 317.8 311.7 291 272 281.4 291.6 310.2 322.5 323.5 324.6 325.1 324.4 313.7 314.1 318 332.5 336.3 339.3 342.9 346.1 356.4 372.4 379.4 378.9
287 286.5 284 289.3 296.7 308 322.6 335.1 337.9 339.3 340.2 336.4 328.1 323.5 319.9 316.2 312.2 306.3 298.4 290.5 273.2 252.8 247.4 247.4 247.4 247.4 247.4 247.4 247.4 247.4 247.4 250.8 264.8 280.8 287.6 282.9 277.3 274.2 277 278.3 279.8 274.3 277.4 280.9 279.4 276.7 273.1 274.6 279.5 285 290.3 298.7 310.4 320.5 323.4 320.7 311.1 282.7 282.1 294.7 313.3 322.2 323.6 324.2 322.7 313.1 314.4 319.7 335 340.7 343.7 346.2 348.2 357 366.6 377.3 379.2 378.2
283.6 288.2 290.7 293.6 304.3 315.9 332 340.2 341.8 341.9 342 338.2 329.8 325.2 321.4 317.6 313.7 307.7 298.7 283.5 270.8 254.9 247.4 247.4 247.4 247.4 247.4 247.4 247.4 247.4 247.4 254.5 266.1 281 293.6 293.8 293 291 288.8 283 280.6 276.3 283.2 284.5 285.7 287.5 287.3 284.8 285.4 290 298.6 309.1 320.3 324.6 325.7 325.2 321.5 300.8 280.3 298.7 318.6 322.5 321.2 312 313.3 313.8 324 334.4 337.8 343 349.4 352.3 362 371.2 377 378.6 378.1 377.1
