app/static/ascii/SE02.asc
ncols 200
nrows 200
xllcorner 400000
yllcorner 420000
cellsize 50
[rows 35 to 69 of 200, columns 0 to 77 of 200]
265.4 266.2 266.7 267 267.5 268.9 269.6 271.3 273.5 274.7 276.5 280 284.8 288.6 293.4 297.9 301.3 308 313.3 321.8 332.3 340.3 345.7 350.7 357.5 366.9 375.3 382.6 388.1 396.9 406.8 409 408.7 408.2 406.3 404.3 402.4 399.8 397.9 396.4 394.9 393.4 390.6 386.8 382.3 373.9 364.8 356.8 347 336.6 327.9 307.7 298 291.7 280.1 270.5 258.5 249.8 237.1 223.7 209.3 201.4 193.2 184.7 174.2 173.1 185.1 194.1 204.2 214.7 229.1 236.5 239.3 238.9 237.2 235 231.7 229.9
260.1 260.7 261.8 261.4 262 263.8 264.7 267.5 268.2 270.6 273.2 275.4 281.6 286.8 291 295.5 298.2 304.2 312.4 321.7 332.4 340.9 345.8 350.8 357.6 367.3 376.5 383.5 387.6 397.6 407.3 408.6 408.2 407.5 405.7 403.6 401.9 400.4 396.8 395 393.3 391.8 390.9 386.6 382.2 378.1 371 363.1 352.9 343.1 332.1 318.3 300.9 296.4 290.4 280.7 271.3 260 249 234.5 215.2 207.7 196.5 187.1 178.2 173 169 183.6 192.5 199.9 206 215.6 229.5 232.7 231.8 228.1 225.3 222.3
252.7 254.7 255.1 256.3 258.1 258.7 259.1 261.8 263.7 266.5 269.2 272.2 279.6 284.4 288.8 293.4 298.5 304.6 312.6 322.5 332.4 340.6 345.6 350.3 359.5 368.7 377.1 383.8 388.9 398.2 407.5 407.9 407.4 406.7 405.3 404.1 402.6 399.6 396.3 393.6 391.3 389.5 386.9 384.6 380.5 376.7 372.4 365.2 355.4 346.6 335.2 325.8 315.2 304.2 297.1 288.7 278.7 269 256.4 239.7 216.5 205.2 193.8 192.7 185.3 176.3 170.8 167.2 181.5 186.4 191.7 198.5 207.2 223.8 227.7 224.6 218.8 216.8
247.6 249.6 250.2 252.3 253.4 254 254.1 256.6 259.5 262.8 261.9 270.6 277.5 284.9 289.3 292.6 296.7 305.1 313.6 324.5 334.5 341.1 345.6 351.6 360.8 369.3 377.5 383 390.1 399.7 406.5 406.1 405.8 405.5 404 402.5 399.9 397.1 395.2 392.1 389 386.8 384.2 382.2 379.5 376.4 371.3 366 357.1 348.7 338.4 330.4 322.6 314.1 307 294.1 283.7 271.5 258.2 233.5 218.6 216.2 210.7 202 193.1 185.3 179.3 168 167.4 177.2 181.6 186.4 192.1 204.3 219.7 220.3 211.1 200.9
242.2 244 245.2 246.7 246.9 248.2 250.2 251.1 253.4 254.4 264.3 270.4 277.4 282.3 286.7 292.2 299.4 307.6 316 326.1 334.3 338.7 344.4 352.7 362.4 370.2 377.5 384.1 392.1 402 405.4 404.3 403.9 402.6 400.9 399.2 397.2 395.5 393.6 390.9 388.1 384.6 381.7 380.7 379.8 377.9 373.1 367.8 359.9 351.6 342.7 335.7 326.4 319 311.3 301 284.7 272.5 250.6 245.8 241.7 235.3 228.3 217.1 203.2 194.2 186.2 177.8 164.2 164.5 170.9 175.4 180 186.2 198.8 208.4 196.6 182.1
236.7 237.1 238.8 241 238.9 238.8 239.8 244.1 250.6 258.2 264.6 271.2 278 282.8 288.4 291.8 301.8 310.2 318.8 329.1 334.9 339.9 347 356 364.4 372.9 379.1 385.8 394.5 403.6 404.5 403.7 401.7 399.7 398.3 396.7 395.2 393.2 391.3 389.2 386.2 383.2 380.4 379.5 378.6 377.9 374.6 369.4 362.5 353.7 347.1 339.3 328 320.5 310.6 294.9 280.7 267 264.6 263.3 254.8 248.5 239.8 230 217.4 206.1 196.9 186.5 178.1 170.7 161.2 162.6 169 173.9 180.5 188.5 181.3 168.9
226.9 227.1 227.5 224 223 228.5 240 247.4 253.3 259.3 265.6 272.6 279.1 283.5 287.4 294.7 304.8 313.1 321.8 329.7 335.2 341.5 349.3 359.4 367.8 375.4 381.6 389.4 398 403.3 403.5 402.4 400.6 398.3 396 394.3 392.8 390.6 388.4 386.5 384.4 381.8 379 378.1 377.4 376.6 374.9 370.6 364.4 356.9 349.3 341.2 333.1 323.6 303.9 291.3 286.4 282.7 277.9 272.1 263.8 256.1 248.7 240.2 230.2 220.2 210.9 199.7 188.9 181.1 173.2 165.2 156.3 156.2 163.1 169.8 167.6 163.3
214.4 213.6 205.6 215.9 229.2 238.1 244.7 249.7 254.6 260.9 266.9 273.9 279.3 283.4 289.4 298.1 307.6 317.4 326.5 331.8 336.8 344.6 353.1 362.2 372.5 378.1 384.9 392.9 399.2 402.3 402 400.4 398.1 396.3 393.9 391.8 390.4 388.4 386.2 383.7 381.2 379.3 377.7 376.8 376 375.3 374 371.1 365 359.3 352.5 345.4 338.4 327.6 309.8 310.5 304.7 301.9 297 287.8 280.9 268.9 260.2 250.5 241.1 234.4 226.2 216.7 204.7 194.9 185.5 178 169.3 160.3 155.1 153.3 160.4 159.4
197.2 193.1 211.8 226.4 235.9 241.6 246.7 251.1 256.2 261.5 268.4 273.9 279.3 284.2 292.7 302.7 313.8 323.3 328.8 333.9 340 348.4 357.3 365.7 373.8 379.5 386.5 394.6 399.3 401.2 400.1 398.3 395.5 394 392 389 387.7 386 383.5 381 378.7 377.2 376.6 375.9 375.2 374.2 372 368 363.3 359.3 355.1 349.6 343.7 335.5 327.7 322.7 313.1 308.2 304.7 304.5 295.3 282.9 274.3 263.1 250.2 244.2 236.9 228.5 221.2 210.3 200.7 190.4 180.4 171.5 162.8 154.6 150.8 154.8
191 207.3 222.4 232.8 240 244.1 248 252.5 258.2 263.7 270.1 275.3 281 288.2 298.3 309.1 319.4 326.1 330.8 336 343.7 351.9 360.6 369.8 375 380.8 388.5 395.9 398.2 398 397.2 395.9 393.1 391.2 389.8 386 384.4 383.1 380.9 378.5 376.3 374.8 374.3 375.8 376 374.5 370.3 365.7 362.7 359 355.1 351.2 347 342.3 339.3 332.9 322.8 314.6 304 304.4 298.4 292.2 286.1 276.3 266.3 253.4 245.1 238.2 228.9 223 215 204.4 192.7 182.4 172.1 161.5 149.3 149.9
205.5 218.4 230.5 237 241.6 244.9 249.2 253.9 259.5 266 271.4 277 284.5 293.8 304.2 317.1 323.8 328.7 333.7 339.8 347.6 356.6 366.3 370.4 373.7 380.4 388.2 393.7 393.9 394 392.6 391.1 388.2 386.3 384.7 381.3 379.7 378.8 377.8 376.2 374.3 372.5 374.1 376.9 379.8 377.4 372 364.7 361.4 358 354.3 351.5 348.2 345 341.3 337.2 330.5 322 312.9 308.4 308.1 297.3 291.8 285.6 279.2 268.2 251.4 244.3 238.3 231.5 223.4 216.3 206.5 196.7 185.4 171.6 150.2 148.4
215.3 225 232.8 237.8 242.3 245.3 249.5 254.6 260.1 267.1 273.3 279.4 289.1 302.6 311.5 321.3 325.1 329.6 336.1 344 352.6 364 369.1 369.7 369.6 375.9 379.7 381.3 380.8 381.7 381.2 383.4 382.2 379.4 378 375 373.7 373.7 373.2 372.2 370.5 369.8 371.8 376.1 381.1 379.1 373.3 363.5 359.9 356.3 353.2 351 348.8 345.5 342.3 339 334.9 326.3 319.3 312.8 308.2 308.2 297.8 290.9 286.2 278.6 265.9 251 243.7 238.1 231.9 225.9 218.3 209.7 198.5 185.6 168.3 145.3
219.2 227.6 233.4 238.5 241.6 244.4 248.9 254.9 261.1 267.4 274.6 282.4 293.5 306.1 316.4 323.3 327.1 332 338.8 348.9 358.9 365.8 367.8 366.8 366.5 369.2 371.4 372 372.8 373.1 371.4 370.9 369.2 368.4 366.9 364.4 363.1 363.8 364.5 364 364.7 366.6 369.2 371.6 375.6 374.9 369.6 362.9 359.2 355.6 353.2 351.1 349 346 342.7 339.5 336.3 330.3 323.5 318.7 313.5 309.3 305 300 295 288.5 278.4 269.2 256.8 248.4 241.4 235.1 227.9 220.8 212.1 200.9 186.6 176
219.3 228.3 233.6 238 241 243.5 248.3 254.1 261.6 268.4 276.1 286.6 300.8 310.1 320.8 325.8 329 335.2 343.8 359.1 366.4 366.6 365.3 364.1 364.1 364.4 365.2 365.6 366.5 365.8 364.1 362.6 361.9 360.8 358.4 356.4 354.9 355 355.5 357.6 361.2 364.8 367.3 368.2 369.4 367.5 364.7 361.7 358.6 355.1 353.2 351.1 348.4 345.8 342.9 340 337.1 332.7 329.6 324.9 323.1 318.2 315.1 311.8 305.6 295.4 287.5 278.8 271 263.4 256.3 249.8 243.3 235.2 224.2 213.8 204.1 195.1
218.1 227.3 232.8 236.6 239.4 242.5 247.1 253.2 262.1 269.1 277.2 290.6 306.1 311.9 321.8 326.5 330 337.1 348.7 360.8 365 364.6 363.3 362.5 362.2 362 362.3 362.1 362.1 360.2 358.6 357.1 356.7 353.9 351.6 349.9 347.9 347.5 348.7 350.4 355.1 361 363.1 365.6 366.1 364.4 362.3 359.2 356.2 353.9 352.5 350.4 347.8 345.2 342.6 339.9 337.5 334.5 332.6 330.7 329.7 327.5 322.8 319.1 313.4 303.9 295.4 286.8 277 269.2 265.5 260.3 254.8 246.7 238.6 229.3 218 206.9
217.9 226.6 231.6 234.9 238 240.8 246 252.4 261.7 268.6 278.3 293.8 305.7 312.1 322.1 324.9 329 336.2 352.4 362.5 361.4 361 360.3 360 359.9 359.7 360 359.7 359.5 357.8 355.3 353.5 352.2 349.4 345.9 343.3 341.2 340.4 341.9 343.6 346.3 350.3 358 362.2 363.3 361.6 360.1 356.8 354.3 352.6 350.9 349.3 346.8 344.2 341.7 339.6 337.2 335.1 333.1 331.7 330.6 328.4 325.9 321.9 316.6 309.6 302 294.2 284.8 273.6 266.1 263.1 258.6 252.4 246.3 236.4 227.2 216.9
215.5 225.4 230.1 233.2 236.4 239.7 245.4 251.9 259.9 268 280.1 296.3 306.5 314.8 322.1 323.9 325.7 331.8 340.3 351 351.7 351.7 351.7 352.7 355.9 357.2 357.6 357.1 356.6 354.6 352 350 347.8 344.9 341.2 337.7 335.9 335 334 336.8 340 341.3 348.8 356.5 359.5 359.7 358 355.1 352.7 351 349.4 347.9 345.7 343.2 340.8 339 336.8 335.1 333.5 332 330.4 328 325.3 321.6 317.6 311.6 307.3 299.2 289.5 279.5 270.3 262.7 258.1 253.4 248.6 239.7 229.8 220.5
215.5 224 228.5 231.9 235 238.1 243.5 250.5 258.1 266.3 276.8 295.7 305.8 314 320.9 321.1 322.3 325.3 329.9 334.1 338.4 341 341.3 345.6 348.7 353.2 353.9 353.5 353 351.2 348.8 345.4 342.5 340.1 336.7 332.9 329.3 328 326.1 329.3 334.2 334.8 338.7 347 354.2 355.5 354.7 352.4 350.5 349.4 347.9 346.4 344.6 342.2 340 338.2 336.4 334.6 333.6 332 330.2 327.4 324.7 321.1 317 311.9 307.7 302.9 293.4 283.4 273.1 262.6 257 253.3 247.8 241 230.8 221
215.6 222.3 227.1 230.4 233.1 235.8 240.9 248.2 255.2 264.1 275.1 293.7 302.6 312.9 318.8 318.4 318.2 320.3 322.6 324.5 326 326.1 324.7 331.9 341.5 347.8 347.6 347.4 346.6 345.7 343.3 340.1 336.1 332.4 330.9 325 318.3 316.3 312.9 321.8 327.4 316.8 333.4 336.9 345.8 350.6 351.3 350.2 348.2 347 346.1 344.8 343.6 341.4 339.4 337.5 335.6 334.5 333.5 332 329.8 327 324.1 320.6 316.8 311.6 306.5 302.6 296 283.7 274.3 262.7 257 252.2 245.8 237.3 228.2 218.4
213.1 220.8 224.1 226.6 229.8 233.4 239.7 246.6 254.4 262.6 274 291.1 299.8 307.6 314.6 315.7 313.9 316.3 317.1 317.6 317.3 316 315.4 320 329.3 330.7 333.7 335 336.3 339.2 337.5 332.7 323.1 320.9 317.6 311.7 304 302.7 300.6 313.1 323.8 324.1 328.5 330.5 334.9 340.5 347.2 347.1 346 344.5 344.5 343.4 342.3 340.8 338.8 336.8 335.3 334 333.1 331.6 329.4 326.5 323.5 320 316.2 311.6 306.5 301.3 296 285.8 273.1 263.8 256.1 247.2 242.8 232.7 224.7 214.3
215.3 218.2 220.2 222.7 225.6 230.8 238.2 244.7 252.3 259.6 270.5 285 292.4 300.3 306.2 307.4 310.3 311.5 311.4 311.2 309.7 309.1 304 310 314.1 316.7 318.2 317.7 321.3 330.2 326.2 314.6 308.1 304.3 302 299.8 294.3 292.7 295.9 303.9 317.7 321.2 323.4 325.9 327.7 331.2 337.4 340.5 342.4 341.9 341.8 342.1 340.9 339.7 338 336.4 334.9 333.5 332.3 330.7 328.6 325.4 322.4 319.1 315.6 310.6 305.1 299.9 291.1 280.1 269.4 262.1 255 247.5 239.5 229.8 219.2 209.1
217.4 217.9 216.8 218.1 222.1 228.2 234.8 241.9 245.9 252.6 261.3 271.5 278.7 286.4 293.9 295.9 293.2 298 304.1 304.5 303.4 297.8 288.4 301.3 306.8 308.1 308.2 307.9 309.3 313.2 307.7 302.8 299.2 294.2 292.4 290.7 285.6 284.5 289.2 293.9 302.4 314.9 318.5 317.1 322.9 324.6 327.1 332.7 336.2 338.3 338.4 339.4 339.5 338.3 337 335.5 334 332.7 331.5 329.9 327.7 324.5 321.2 318.1 314.9 309.6 303.6 297.2 284.1 274.7 265.3 258.5 252.3 245.1 236.3 225.9 215.5 208
213.8 212.1 209.4 211.5 218.2 221 231.1 237 239.4 244.7 249.6 256.6 261 266.5 271.7 274.5 275.5 280.7 286.2 287 286.3 278.5 275.4 293.3 299 300.1 300.1 297.6 296 297.4 296.8 293.8 291.5 287.8 284.9 284.2 278.7 273.4 280.6 286.1 293.4 306.1 303.1 316.5 311.6 317.8 319.5 320.2 326.8 332.7 334.4 336.5 337.2 336.4 334.9 333.5 332.3 331.1 330.1 328.8 326.7 323.8 320.7 317.6 313.8 308.5 301.6 288.4 278.8 269.7 260.9 254.5 247.9 241.5 231.6 221.7 212.8 203.5
207.4 203.3 202.4 205.5 210.1 215.6 220.9 223.8 229 238.4 240.8 243.7 247 250 252.8 252.6 253.1 257.6 262.6 262.7 263.6 254.7 260.2 276.8 283.1 284.7 288.9 287.3 287.2 290 289.9 287.9 283.4 278.3 274.7 271.7 265.3 249.3 270.9 279.6 286.2 302.8 308.8 306.2 313.7 308.4 312.4 313.5 315.8 320.1 328.2 332.3 333 333.3 332.4 331.6 330.6 329.5 328.2 326.5 324.8 322.2 319.2 315.9 312.1 307.2 297.8 285.9 276.4 265.6 258.6 251.5 244 235.4 224.8 215.3 208 198.2
200.7 196.7 194.6 198 205 210.6 216.5 220.5 223.6 219.2 220.7 233 234.4 236.5 236.3 235.6 234.9 237 238.2 236.3 231.6 227.5 241.4 257.1 261.5 268.3 275.2 272.9 279.4 282.5 281.7 278.2 271.9 263.7 259.3 257.2 250.4 229.5 252.8 271.5 279.8 286.5 293.9 300.3 300.1 307.2 307.1 308.8 308 309.3 312.7 320.5 326.8 328.8 329.1 327.8 326.8 326.2 325.1 323.7 321.7 318.2 315.2 312.9 309.7 306 296.7 285.3 273.1 263.8 257.1 248.7 241.4 225.4 216.6 208.1 200.9 193.4
194.7 189.5 187.3 189.7 194.5 200.7 210.8 212.4 211.4 217.6 215.9 214.8 226.1 224.2 221.8 218 219.6 221 220.7 217.2 219.2 209.1 220.4 231 235.1 250.7 258 256.9 269.8 271.1 269.3 263.8 258.4 248.3 242.4 240.4 229.6 218.9 237.8 257.2 273.3 277.6 281 289 294.2 296.4 298.3 300.5 301.3 303.6 305 307.2 310.6 319.6 321.9 319.1 317.1 316.3 317 316.5 313 309.6 306.5 304.3 303.2 302.9 296.6 281.1 270 261.4 255.2 247.1 239.6 228.4 215.7 204.7 192.9 187
187.5 182.4 179.9 181.1 182.2 189 198.8 205.6 210.2 211.6 211.1 208.2 204.6 204 207.2 204.2 197.2 199 204.2 199.7 189.8 191.7 209.1 216 217.1 230.5 234.5 245.7 257.5 257.2 256.6 248.7 241.2 233.7 219.8 222.1 209.5 209.3 224 237.2 256.2 268.4 273 276.9 281.5 281.6 287.1 288.9 291.9 297 299.1 300.5 302.4 304.6 307.6 305.8 304.2 301.8 301 300.6 300 297.9 295.3 293 291.9 292.7 285.8 275.8 268.8 259.6 254 247.7 240.2 230.6 219.8 210.1 198.4 190.2
180.1 176.6 172.6 170.8 175.9 181.6 189.4 195 200.7 204.2 205.3 204 201.2 195.2 192.8 188.6 180.1 187.3 186.6 185.6 178.5 181.1 195 200.5 207 217.6 222.2 233.5 241.4 242.4 238.3 232 225.2 218.6 208.7 204.9 197.1 199.1 211.4 220.3 234.1 255.7 267.6 269.5 271.5 273.4 275.3 277.3 281.3 286.3 290.9 293.9 294.6 296.8 298.6 299.2 298.6 296 293 293.7 291.3 290.3 287.8 285.9 282 280.4 275.9 272.2 264.9 258.3 252.7 246.8 240.8 233 223.3 211.8 202.3 190.9
168.5 167.2 165.1 163.2 160.6 167.9 175.7 176.2 176 186.9 195.4 197.8 197.7 191.7 185.5 183.1 174.4 174.6 177.2 173.7 165.6 170.1 177.3 189.6 205.3 209.2 213.6 218.2 226.8 225.6 221.6 216.5 209.3 205.6 198.5 193 185 191.4 200.1 208.2 220.4 240.7 258.6 264.9 267.4 268.4 268.8 268.9 273.1 276.3 279.3 283 286.6 289.3 290.6 291.5 291 289.3 287.5 286.7 285.5 282.7 281.7 279.2 276.6 272.4 269.1 265.2 261.5 256.3 251.4 245.8 239.7 233.4 225.3 213.8 203.6 189.8
156.2 158.3 155.7 153.4 150.3 154.4 164.4 167.2 169.3 170.8 168.9 182.5 186.4 185.3 177.2 174 164 163.6 169.3 164.9 153.1 166.7 180.6 196.4 203 199.4 204.8 208.3 209.8 210.1 206.8 203.6 200.4 196.5 189.2 179.2 175.1 180.8 190.4 200.3 209.6 221.5 243.4 258.8 262.7 263.6 263.1 263.7 265.2 267.8 270.6 273.4 274.6 277.3 279.3 281.4 282.7 281.6 280 281.8 279.5 277.2 275.5 273.4 268.8 267.1 263.5 259.9 257.7 255.3 250.6 245.6 237.9 232.4 225.7 214 202.8 188.7
141.3 147.4 146.6 142.5 142.6 141.2 146.6 158.7 163.1 162.1 159.1 154.5 158 167.6 165.4 163.4 157.5 154.9 155.3 148.2 151.5 177.2 191.7 196.9 194.6 193.9 201.5 204.4 201.9 200.7 198.9 195.4 192.2 187.9 181.2 170.4 165.4 170.1 184.4 192.8 200.9 210.4 221.3 242 254.6 258 258.5 257.8 259.3 260 261.6 264.7 267.2 267.6 268.2 268.4 268.5 268.1 270 270.5 270.2 268 266.9 266.1 263.6 262 259.2 256.3 254.6 252.5 248.6 244.1 237 230.2 224.4 211.9 199.8 186.9
115 134.2 136.6 135 133 131.8 133.7 138.4 147.2 149.4 154.6 149.8 145.4 140.6 149.1 154 150.1 146.6 134.2 138.8 167.9 180.3 190.8 191.5 181.9 185.3 190.9 195 197.4 193.3 189.8 186.9 184.1 177.7 170.7 160.8 156.7 164.8 177.5 185.9 193.2 201.2 207.9 217.2 237.1 250 251.1 252.2 253.7 254.1 254.8 252.2 257.2 259.3 259.7 258.6 259 258.9 259.7 260.5 260.4 259.4 259.4 258.9 258.8 256.9 257.3 253.9 251 247.8 244.1 237.8 233.3 227.5 221.4 207.1 194.5 183.9
97.9 109.8 119.7 123 122.7 121.4 122.5 126.1 127.9 131 137 141.7 136.1 131 133.2 134.2 142 137.5 127.4 152.4 169.2 172.9 179.4 180.1 169.2 173.8 179.2 180.6 181 181.5 178.9 175.4 172.9 167.1 157.5 152.2 147.7 160.4 169.7 179.9 185.9 192.5 199.6 204.8 215.7 235.5 239.7 246.8 247.9 248.6 249.3 249.4 247.9 248.9 250 249.3 248.2 247.9 248.8 250.8 251.5 250.5 249.2 249.5 253.1 252.7 249.9 244.3 242.1 240.5 237.6 233.8 229.7 224.2 214.6 200.8 189.5 181.2
96.8 97 101.9 107.3 111.1 107.6 107.6 111.7 114.3 116.1 119.4 123.6 123.3 124.2 118.3 124.5 123.5 115 136.9 155.3 162.7 162.7 165.4 166.3 155.3 163.2 166.3 168.4 169.3 169.2 166.2 163.8 160.8 157 149 145.1 147.2 155.8 162.2 173.1 179.6 185.2 190.8 194.8 202 208.2 221.8 236.9 241.5 242.4 243.6 244.2 244 243.3 243 242 240.4 239.5 238.2 240 240.3 239.1 236.3 239.7 240.1 244.6 243.2 239 236.8 235.4 233.2 229.9 225.2 219.7 205.6 194.7 184.5 177
101.4 97.5 92.5 97.3 99.1 96.5 96.1 97.2 101.5 103.3 105.6 106.9 108.1 112 110.6 111.8 113.4 112.8 129 139.9 151.4 151.9 154.6 154 148.9 152.7 155.7 157.6 159.7 159.8 155.8 152.9 149.6 148.1 141.3 139.5 144.2 150.1 156.2 165.1 172.7 178.3 182.4 185 187.9 189.7 201.1 219.7 225 231.4 237.9 238.8 239.5 238.1 237.4 234.6 234.1 232.7 231.5 231.1 231.2 228.9 226.5 227.4 227.1 230.4 232.2 230.4 228.6 227.9 226.6 225 220.1 209.8 198.6 186.8 180.2 173.3
