app/static/ascii/SE04.asc
ncols 200
nrows 200
xllcorner 400000
yllcorner 440000
cellsize 50
[rows 0 to 35 of 200, columns 81 to 161 of 200]
260.7 263.8 270.5 285.8 294.3 296.8 296.1 291.4 286.6 283 280.6 276.4 273.8 272.4 273 272.8 272 274.2 274.7 276.9 281.8 282.4 277.5 271.7 268.5 263.9 259.6 255.4 251.8 247.3 243.4 239.4 236.6 234.1 232.1 230 225.5 220.6 216 212.2 208.5 204.3 199.9 194.9 188.5 184.6 179.4 176 172 168.7 165.3 162.4 158.4 155.8 153.3 150.6 147.9 145.2 141.7 137.7 134 129.6 128.8 127.6 125.5 123.1 122.4 119.9 116 111.8 109.1 109.4 108.4 106.5 101.5 99.6 98.6 97.9 97.1 96.6 96.8
258 258 266.7 286.7 293.5 293.4 291.6 289.7 286.9 284 279.7 276.4 272.4 271 269.4 265.6 266.4 269.2 269.7 269.4 271.8 273.3 270.4 266.2 262.2 259.3 254.9 250 246.9 243.9 240.5 236.6 233.8 231.6 229.3 226.1 222 217.3 211.9 208.3 204.8 200.9 196.4 191 186.6 183.2 180.3 176 171.4 166.8 163 160 157.1 154.2 150.4 147.3 145 142.6 138 133.8 131.5 125.5 122.7 120.5 121.3 120.2 120.7 119.4 117 113.6 110.9 109.8 108.3 106.6 102.5 99.4 98.1 96.4 95.2 94.9 93.5
254.5 254 262.8 285.1 293.2 291.6 289.8 287.1 284.9 281.8 278.6 277.9 273.9 273.5 272.2 268 264.3 264.2 264.1 264.1 264.6 264 264.2 263.2 260 256.3 251.2 246.5 242.2 239.3 235.8 232.5 230.4 228.8 226.3 222.4 218.3 214 208.6 205.2 201.1 197.5 193 188.7 184.5 180.9 177.6 171.2 172.5 168.4 164.6 159.6 155.8 151.9 149.3 146.2 143.3 140.8 136.6 132.8 123.9 125.5 122.1 119.6 117.6 116.2 116 116.6 116.3 113.8 111.3 109.9 108.9 106 101.6 99.8 97.7 96.6 93.4 93.1 93.1
252 252.2 258.3 278.6 291.3 290.7 288.4 286 284.2 282.5 281.3 277.7 273.3 271.2 269.3 266.4 262.1 258 258.7 258.6 258.8 257.3 257.4 256.8 255.5 252.7 248.4 244.2 239.7 235.9 232.9 229.1 225.8 224.6 223.3 219.1 214.8 210.7 205.6 202.7 198.4 197.9 190.1 185.9 182.5 179 176.1 169.1 169.6 166.9 163 159 155.6 152.1 149.4 146.8 144.1 140.3 135.2 130.3 135.7 133.9 130.1 124.7 121.1 115.5 112.7 110.7 110.2 107.7 106.1 105.3 104.4 102.5 101.4 99.1 98.2 96.9 96.1 94 93.2
250.2 250.2 254.2 270.5 288.1 289.5 287.6 285.3 284.1 284.2 281.4 277 272 268 265.4 262.7 261.8 258.5 256.2 250.2 253.1 251.3 250.6 249.6 248.5 247 244.5 241.2 238.1 234.4 231.4 227.5 223 220.7 218.6 215.5 211.4 207.2 203 199.5 195.9 192.7 187.5 183.4 180.1 176.7 174 167.7 167.6 164.3 161.6 158 155.1 153 149.6 146.9 140.8 134.9 137.6 139.9 137.6 134.6 131.9 126.2 123.2 121.4 119.8 114.3 111.5 109.1 107.6 105.9 105.1 103.8 100.6 99.3 98.6 97.4 95.6 94.1 93.1
248.4 249.1 250.7 259.5 278.3 286.9 286.6 285.3 285.1 282.4 279.3 274.8 269 265.4 261.4 258.2 257.3 255.6 253.5 249.6 244.7 245.9 245.3 243.8 242.6 240.2 237.7 235.3 233.4 232.6 229 224.7 220.2 216.6 215.1 212.3 208.3 204.7 201.4 197.4 193.2 189.3 185.3 181.1 177.5 174.6 170.5 166.7 165.2 162 159.7 156.3 152.2 150.6 140.4 137.5 144.4 145.8 142.7 140.9 139 136.1 129.4 130.8 128.4 125.3 123.5 121.1 118.7 116.4 113.9 113.6 112.4 109.6 105.7 101.6 98 97.2 95.7 94.1 93.1
246.5 247.4 248.6 253 266.6 282 285.4 285.1 282.9 278.5 273.2 269.4 264.8 261.5 257.6 254 252 250 246.9 243.6 238.3 239.7 240.4 239 237.2 234.9 232.8 230.6 228.3 225.3 224.5 221.3 218.3 213.8 211.6 209.8 206.5 202.9 199.9 194.6 190.3 187.6 182.1 178.3 174.6 172.2 170 165.1 164.4 161.1 152.4 155 154.2 151 150 150.2 150.3 147.7 144.8 143.1 139.2 136.8 137.2 134.9 132.7 130.4 127.8 125.5 122.3 119.4 118.1 116.5 114.7 112.5 111.3 106.5 101.2 99.1 96.4 94.1 92.9
244.5 245.1 246.6 248.6 256.3 270.2 281.3 280.2 277 274 270.4 264.8 260.1 256.6 254.6 252 247.8 244.9 242.4 239.5 236.2 234.4 235.9 234.3 233.4 231 229 226.9 224.6 221.3 219.2 216.1 212.4 209.8 207.3 205.6 203.7 201.3 198.3 195.1 190.2 186 182.2 178.7 175.1 172.1 168.5 163.3 164.6 161.3 160.6 159.3 157.5 153.9 153.5 152.9 151.2 149 146.3 143.5 143.2 143.2 141.5 138.9 136.7 134.6 132.4 129.8 126.7 124 121 119.4 117.5 115 111 110.2 106.9 104.5 99.5 95.7 92.5
241.7 244.6 245.7 246.9 248.9 256.8 270.4 277.3 274.5 271.3 267.9 263.3 257.6 252.6 251.1 249.3 246.6 242.4 236.5 234.1 232.3 229.8 228.6 229.9 229 227 224.8 222.4 219.3 217 214.9 212.3 209.1 206.2 203.8 202 200.6 199 196.7 193.7 191.1 188.2 185 180.2 176.7 169.9 167 167.7 169.5 165.7 163.6 161.9 160.8 157.7 156.2 154.6 151.5 150.3 148.8 147.4 147 146.1 145.2 142.9 140.8 138.5 136.2 133.3 131.3 127.7 124.5 122.9 119.7 117.3 114.8 109.8 109.2 106.7 101.7 97.5 94.2
239 243.1 244.9 245.3 244.7 247.7 257.1 270 271.1 268.3 265.6 261.6 257.2 251.9 246.8 246 244.1 240.9 236.2 231.1 228.7 227 225.3 224.7 223.8 222 219.9 217.2 214.4 212.5 210.3 207.7 205.2 202.5 200.3 198.5 197.4 196.5 194.7 192.4 190.4 188.4 185.7 181.6 170.8 167.4 168.5 174.6 173.9 172.5 169.9 167 163.7 162.4 159.9 158.2 154.3 151.7 151 150.5 149.5 148.6 147.8 146.5 144.2 141.8 139.5 136.3 133.5 131.1 128 125.3 122 119.1 117 113.5 110.4 108.9 105.3 101 95.8
239.7 241.1 242.1 242.9 242.3 243.2 246.3 257.1 266.8 265.9 262.7 259.7 255.5 251.8 246.7 243.5 241.2 238.7 234.6 229.2 225.8 223.8 222.2 219.7 218.7 217.3 214 211.9 209.1 207.3 205.5 203 200.1 199.6 197.1 195.3 194.6 193.7 192.9 191.2 189.5 188.3 185 176.9 175.4 178.8 179.6 178.7 177.4 176.1 173.2 171.6 170.2 168.5 164.9 161.8 159.5 158.4 154.7 154.8 151.7 151 150.3 149.8 147.5 145.2 142.8 139.3 136 133.3 130.7 128.3 125.1 121.8 119 116.7 112.8 110.7 107.4 104 99.8
238.7 237.9 238.6 239.8 240.3 241.2 242 246.4 259 263.6 261.1 257.6 253.1 249.4 245.7 241.6 239.4 236.1 231.9 226.8 224.1 223 221.6 221.9 220.1 216.7 214.1 211 208.9 205.5 203 200.9 196.7 194.8 193.4 192.1 190.7 187.8 187 182.2 183.9 181.6 176.5 178.6 183.6 183.9 183.3 182.5 181.1 179.7 176.7 177 177.3 176.4 172.2 168.2 166.6 164.5 162.5 160.9 158.3 157.4 153.3 152.4 150.8 148.5 145.7 142.3 139.6 136 132.8 130.6 128.2 124.7 121.3 119.2 115.3 113.5 110.1 106.9 103.8
237.7 235.7 235.2 236.1 237.8 239.3 240.1 241.3 249.8 259.6 259.2 255.6 250.8 247 243.3 240.1 237.2 233.4 228.8 224.6 221.5 221.4 221.8 221.8 220.5 218.1 215.5 213 210.4 208 205.2 202.1 196.7 191.9 192.3 190.8 189.6 189.7 188.5 189.1 187.6 187.4 186.4 186 187.9 187.4 186.6 186 185.9 184.4 183.1 183.6 182.7 182.7 179.3 174.8 172.7 170.3 168.1 166.2 163.2 160.4 155.7 152.5 152 149.7 147.3 146.7 145.7 140.5 137.1 134.5 132.4 128.3 124.9 122.5 119 116.3 113.1 110 107.3
233.6 232.2 231.6 231.9 233.2 236.9 238.8 239.8 245.3 254 255.8 253.5 248.8 244.7 241.1 238.4 235.9 232 226.9 222.3 218.8 218.3 220.1 221.2 219.8 218.1 215.5 213.4 210.5 206.9 202.3 196.9 196.9 197.5 197.8 197.4 196.5 195.3 194.9 193.7 192.5 193.1 192.1 190.9 191.7 190.8 189.9 189.3 189.2 188.6 187.7 186.1 185.7 186 183.9 180.9 178.7 176.2 173.6 171.3 168.3 164.9 162 158.5 151.4 150.7 154.5 151.5 147.8 144 140.3 135.1 132.6 129.9 128.7 126 123.5 120.2 116.2 113.2 110.8
227.5 227 226.3 226.6 228.8 234.3 236.8 239.1 243.2 249.6 252 250.4 245.9 242.4 238.5 236.3 233.9 230.6 225.1 220.4 216.1 215.5 216.7 219 218.1 216.2 213.7 210 206.4 199.4 197.7 203.3 203 203.1 203.4 203.4 202.9 200.9 199.6 199 198 197.7 197.1 196.5 196.1 195.6 195 194 192.3 189.6 188.6 188.5 187.3 187.8 187.5 185.8 183.7 181.1 178.6 176.2 172.7 169.4 166.5 164.7 156.7 148.6 149 153.4 153.7 150.1 146 142.5 138.3 135.3 132.3 128.4 127.3 124.2 120.6 116.3 112.6
219.2 216.6 221.8 223.4 229.4 233.2 235.1 237.4 240.3 246 248.5 247.4 243.9 239.7 237 235.8 233.6 230 224.6 220.3 216.7 212.2 212.7 214 212.5 211.2 208.8 205.1 202.2 202.6 207.1 207.8 208.5 208.5 208 208 208.1 207 205.5 204.4 203.4 202.6 201.8 201.5 201.1 200.6 198.1 194 190.8 189.3 190.5 191.1 191.4 192.7 191.1 189.7 187.9 184.3 180.4 178.3 176.2 174.3 171.6 168.7 165.1 158.2 151.5 147.1 150.2 154 151.4 147.8 142.9 139.5 136.4 133.5 131.1 127.7 124.3 120.9 117.8
225.1 218.1 220 220 227.6 230.4 233.3 235.6 237.9 243.8 245.4 245.6 245.3 243.9 241.4 239.1 234.9 230.5 225.9 221.4 217.3 212.9 209.9 209.5 209.8 208.3 205.2 204.8 206.2 209.3 211.7 212.5 214 213.8 214.4 213.2 213.3 212.2 213.2 212.3 211 208.7 208 206.9 204.8 203.2 198.6 193.3 191.4 192 194.6 195.9 197.2 198.3 196.8 194.9 192.6 189.4 185.7 184.1 179.5 178.5 173.5 170.4 168.7 166.5 161.3 155.8 147 145.7 153.2 151.7 148 144.2 140.6 137.8 134.8 131.4 128 124.6 121.3
223 214.3 219.6 222.2 222.6 228.5 231 234.3 236.9 241.9 245.6 246.6 246.9 246.3 244.1 239.4 234.7 230.4 225.8 221.4 216.7 212.8 209.4 207.9 208 207.6 209.9 212.1 214.9 212 215.5 217.2 219.9 220.7 221.2 221.6 220.9 220.3 218.5 217.7 217.2 214.7 213.4 212 208.6 202.9 198.5 195.1 198.3 198 199.9 202.9 204.4 204.1 202.3 200.6 197.5 194.7 192 188.8 186.1 181.3 178.8 175 168.3 164.2 162.4 152.6 153.2 146.6 143.1 154.3 151.8 148.3 144.4 141.5 137.8 134.5 131.4 128.3 124.8
225.6 217.2 215.4 221.3 219.4 227.4 230.6 234.3 239 242.9 245.2 246.9 247.9 247.5 244.3 239.5 233.8 229.3 225.5 220.8 216.9 213.1 210.2 208.9 210.6 213.6 216.7 219.5 220.3 216.8 221.5 224 225.5 226 227.2 227.6 227.1 226.7 226.4 224.4 223.6 221.6 219.3 216.8 212.4 203.7 200.2 204.4 204.4 210.2 210.6 211.4 212.3 213.1 210.9 208.1 204 201 198.7 195 192.1 189 185.2 181.4 177.6 173.3 167.2 164.4 164.1 159.9 144.9 143.2 150.4 149.1 146.9 143.7 140.5 137.3 134.2 131 127.8
223.2 216.8 210.5 216.7 219.4 227.7 231.4 235 239.1 242.2 244.6 246.2 246.3 246.2 242.8 238.5 234.2 227.3 223.7 220 216.4 213.2 211.4 211.6 215.2 219.5 223.9 226 226 223.2 228.2 229.2 230.4 231.4 232.2 232.9 233.7 233.7 234.8 232.4 230.4 227.6 224.4 220.9 217.5 211.5 208.5 217.4 218.9 219.5 220.2 220 221.9 223.1 222.8 218.1 213.6 208.7 205.4 202.6 198.8 194.7 190.5 186.4 181.9 177.3 172.3 166.4 165.4 160.9 155.2 146 137.4 136.9 142.4 142.9 141.7 138.6 135.8 133.2 129.5
218.5 209 209.8 215.1 220.7 227.2 232.1 236.6 240.3 242.4 244 244.4 244.2 243.9 241.6 237.7 233.2 227.9 225.2 222.1 218.2 215.4 215.5 216.5 221 226.1 229 229.5 226.7 230.5 230.8 233.9 234.7 237.9 238.5 240.7 241 242 241.5 239.4 235.7 232 229.1 225 219.3 212.9 216 222.4 222 222.8 223.5 223 224.6 225 221.4 218 214.2 209.7 207.4 204.9 202.7 199.6 195.7 190.5 185.5 181.2 175.8 169.6 164.8 163 161 157.8 153 139.8 134.5 132.5 132.8 135.8 136.1 133.2 131
215.7 210.5 203 202.1 215.5 228.2 233.5 237.7 240.9 241.7 242.5 241.6 241.6 241.7 240.5 236.6 232.9 229.7 226.6 223.7 221.5 222.5 224.8 227.2 221 230.4 231.3 231.6 230.2 232.4 233.7 237.8 239.9 242.9 246.2 246.8 246.2 246.5 244.5 241.9 238.7 235.2 232.8 229.2 226.8 218.4 221.8 224.7 224.3 223 220.7 218.3 216.7 214.6 213.7 209.9 208.4 206.5 204.5 204.3 202.7 200.4 197.2 193.6 189.6 184.9 179.7 173.9 167.8 161.8 159.7 157.9 155.3 149.5 147.7 141.9 133.3 128.8 126.5 127.7 129.5
210.9 213.5 218 209 212.2 227.5 233.2 237.2 239 239.7 240.1 239 238.7 239.2 238.8 236.9 233.5 230.7 228.6 228.9 230.2 229.9 231 232 228.4 231.6 233.5 233.5 233.6 236.3 240.4 246.8 250.1 251.7 252.1 250.8 248.8 246.8 244.2 241.6 238.9 236.5 234.4 231.7 228.1 223.5 225.9 227.7 226.6 224.5 222.4 219.8 217 212.6 209.1 206.7 204.9 202.3 201.6 201.1 199.7 198.4 196.6 194.5 191.1 187.6 183.1 177.9 172 165.9 157.5 153.5 146.2 145.7 145 139.7 137.3 133.5 132.1 126.6 122
212.3 215.6 218.8 208.7 211.5 225.5 232.6 236 237.6 238 237.3 236.4 235.5 235.9 236.4 237.3 234.1 232 231.8 232.7 234.8 233.5 234.3 232.9 232.6 233.6 235.9 236.2 238.9 247.1 254.8 258 257.1 256.4 254.2 251.4 249.1 246.5 244 241.7 239.8 237.8 235.6 234 233 231.8 230.8 230.1 229.5 228 226.3 224.3 222.3 219.4 215.2 211.2 207.9 205.1 202.7 199.9 195.7 193 192.1 191.7 187.6 184.1 178.4 169.8 163.2 165.8 163.6 157.7 154.3 152.4 150.5 147.6 143.9 140.8 137.2 132.6 126.7
218 220.1 219.3 205.1 213 227.5 233.4 234.4 235.7 235.7 234.4 233.1 231.8 234 234.4 235.2 233.9 233.8 234.2 236.5 235.9 235 235.4 234.4 235.1 236.6 238.7 240.9 251.1 259.2 262.3 261.4 260.3 259.1 257 255.2 252.4 250.3 248.9 245.8 243.4 240.9 239 236.6 238 238.6 238.8 236.2 234.6 232.2 231.2 228.8 226.6 224.1 219.2 215.6 212.5 209.2 205.5 202.5 199.2 196.7 191.6 183.5 183.5 184.4 181.9 180.1 176.2 173.4 168.7 163.7 160 155.7 151 148.8 146.3 142.8 139.5 135.2 132.4
219.7 219.3 209.8 200.5 218.5 228.2 231.5 232.9 233.4 232.8 231.4 230 229.4 229.9 234.4 236.5 236.2 235.4 235.7 236.7 236.6 236.7 236.9 236.3 237.9 240.4 243.7 245.2 258.1 263.3 263.9 264.1 263.3 261.9 261.7 261 258 254.7 253.3 249.4 246.9 244.5 243 242.2 243.7 244.4 244.5 242.3 239.6 237.5 237.3 235.2 233.1 230 226.7 222.3 218 215.4 209.4 205.1 202.2 199.4 196.5 194.1 191.7 189.3 187.4 184.3 181.1 177.2 173.3 169.4 165 159.5 154.6 150.6 147.1 144.6 141.4 138.4 134.9
217.3 216 210.4 194.7 218.7 226 228.4 229.3 229.9 229.1 227.7 227.5 226.8 228.7 235.7 238.6 238.5 237.4 237.6 237.3 238 238.3 239 239.5 243 246.1 248 252.8 256.8 263.3 264 265 267.4 266.8 263.4 261.7 259.7 257.9 254.9 251.5 249.9 247.7 247.2 247.3 247.9 247.9 247.6 244.9 245 245.7 245.4 241.9 240.7 238.2 234.8 229.7 227.8 220.4 215.4 208.3 205.3 202.3 199.9 197.9 195.4 192.3 189.2 186.1 183.2 179.2 177.1 172.7 168.7 163.6 157.1 153.6 149.7 145.9 141.6 138.6 135.2
215.4 212.8 200.7 199.4 216.7 222.3 224.5 225.8 226.1 225.4 225.2 224.9 224.5 227.2 234 238.1 238.4 238.9 238.7 238.2 238.4 239.3 240.2 244 248.2 253.2 257.7 261.1 262.2 263.7 265 267.6 270.9 268.1 264.6 262.5 260.7 259.7 256.6 254 253 252.1 251 250.6 251.1 251.1 250.2 250.2 251.1 251.6 251.1 249.7 249.4 249.6 246.3 241 232.5 228.6 218.9 213.6 208.2 204.9 202.4 200.6 198.1 195.2 191.7 187.8 184.2 180.2 176.3 172.7 169.6 166.1 162.5 156.3 151.5 147 142.4 135.2 127.6
215 208.7 203 196 214 219 220.6 222 222.2 221.9 222.4 222.1 223.2 225.7 230.3 235.1 236.9 238.8 239.4 238.5 237.3 238.5 241.3 248.4 255.7 259.9 262.4 263.7 267.8 264.4 265.9 268.1 267.5 268.6 266.9 265.7 266 265.6 261.8 261 258.8 256.1 253.1 253.6 254.8 255 255.1 255.1 255.3 255.7 256.2 257.5 256.1 256.1 254 249.1 241.2 230.2 226.8 221.7 212.4 206.6 202.4 200 199 196.6 193 189.8 186 180.9 176.6 170.8 164.6 162.4 160.6 156.5 151 146.4 140.3 135.6 137.8
214.1 209.7 195.8 198 210.6 215.9 217.2 218.1 218.3 218.3 219.1 219.1 221.2 224.3 228.5 232.6 235.8 239.6 240.8 237.6 235.5 237.4 241.7 251.8 258.5 261.6 262.6 262.9 262.4 263.4 266.8 269.3 270.8 272.4 271.7 270.5 270.3 268.6 265.3 261.7 259.8 258 255.7 257.5 258.3 258.4 259.7 260.2 260.4 261.6 263.4 261.2 257.6 257.1 256.9 254.9 250.1 238.7 232.7 226.2 217.2 211.5 205.5 200.5 197.1 195.7 193.6 191.5 189.4 182.6 176 170.1 166 162.1 158.7 154.4 151.2 144.6 147.5 146.3 145.8
200.5 205.6 197.6 189 207.1 212.9 214.5 214.8 214.7 214.5 215.1 216.3 219.2 222.3 226.3 231.2 235.3 241.9 242.8 237.7 235.5 237.5 243.2 255.2 259.1 257.2 256.4 256.4 258 262.5 268.1 271.9 275.6 277.7 277 274.5 273.3 269.8 265.8 262.4 260.5 258.9 258.9 259.4 260.8 261.4 263 264.4 265 267.4 267.8 264.7 260.4 257.4 257 256.4 253.7 249.6 243.7 238.6 234.4 221.3 212.7 206.7 200.8 195.5 192.2 190.3 189.4 183.9 175.4 171.9 167.5 163.8 160.8 158.5 150 153.3 152.6 150.9 150
213.5 202.8 194 186.4 199.2 206.5 211.1 211.2 211.1 211.1 211.1 213.1 216.1 219.4 224 229.5 234.6 238.2 241.9 238.8 234.8 236.4 241.5 255 255.2 255.6 253.2 254.1 257 262.9 269.5 272.2 275.1 276.8 276.9 275.9 274.3 272.2 268.2 263.7 261.9 260.9 262.1 261.7 262 264.3 266.2 267.8 268.3 269.6 269.2 266.7 264 259.9 258.5 257.5 256.6 254.7 248.2 244.4 238.4 230.5 221.8 217.6 210.6 200.3 195.1 188.2 183 180.6 172.4 168.4 167.1 165.8 161.9 158.7 156.1 152.8 153.6 151.2 150.2
216.1 211.9 205.6 193.3 188.7 199.6 207 208 207.5 207.9 207.6 210.1 212.5 216.1 220.3 226.8 231.9 237.2 236.8 234.6 232.6 234.2 239.3 251.9 251.4 255.6 252.4 253.3 256.7 262.7 266.3 269.3 272.2 273 273.5 272.9 271.5 269.4 266.7 264.9 263.3 263.6 263.9 263.8 264.3 267 270.6 274.8 276.7 274.9 270.8 266.2 263.8 261.5 260 257.9 257.4 256.1 251.4 245.8 240.5 235.4 227.5 220.5 213.8 203.2 195.3 191.7 186.6 182.7 180.4 177.3 175 173.2 170.2 167.3 162.1 160.1 155.7 151.5 149.3
218.1 214.8 210.4 204.8 184 190.8 201.4 205.1 204.5 202.6 203.3 206.9 209.1 213.1 217.2 222.7 228.4 233.5 233.2 232.1 230.1 231.3 236.2 244.5 252.2 253.7 252.4 253 256.4 260.9 262.7 265.4 268.8 270.1 270.1 269.3 267.7 265.7 264.8 264.6 264.4 265.7 268.2 268 267.8 270.9 275 280.9 279.6 275.9 272.2 268.2 263.9 262.7 260.5 259.5 259.3 256.3 253.1 247.2 243.5 238.9 232.8 223.5 212.5 208.6 204 198.1 193.4 188.9 184.8 181 179.2 177.6 173.5 169.8 164 165.6 163.4 157.4 153.3
219.7 216.7 212.4 208 190.9 184.4 192.1 200.9 202.7 203 201.8 202.9 206.2 210.5 214.5 219.3 224.3 232.9 231.1 229.5 227.6 228 233.9 240.7 250.4 251.6 251.6 250.6 252.8 255.5 257.7 260.9 265.8 269.5 269.1 266.3 263.4 262.7 262.8 263 263.3 265.6 269.2 269.9 271.1 274.2 277.5 282.1 281.6 278.1 275.7 273.4 268.4 263 261 260.6 259.5 256.8 253 250 246.2 241.7 234.9 225.5 226 214.1 208.2 203.4 197.9 192.3 188.6 186.3 184.2 180.5 177.9 176.8 169.3 170.6 166.1 160.1 159.6
219.4 217.6 213.8 209.4 205.1 195.5 182.2 194.8 201.2 202 202.1 196.4 202.6 207.3 212 216.2 220.2 229 231.4 228 224 224.8 230.6 240.5 251.9 253.1 249.5 249.6 250.5 252.8 255 259.5 266.6 271.2 268.6 263.5 262.2 262.4 262.6 262.8 263.1 265 267.8 270.7 271.6 273.9 277.2 280.5 282.3 280.6 277.5 275.1 270.1 266 262.7 261.4 259.4 257 254.7 252.1 248.1 243.4 236.1 236.1 229.5 222.1 216.7 209.7 201.1 198.8 191.6 189.5 187.1 184.4 181.6 177.9 176.2 172.8 168.6 167.2 163.5
