app/static/ascii/SE05.asc
ncols 200
nrows 200
xllcorner 400000
yllcorner 450000
cellsize 50
[rows 140 to 174 of 200, columns 0 to 77 of 200]
134 136.5 135 137.9 137.8 142.5 147.4 151.4 153.9 154.2 156.1 166.2 169.2 172.4 174 173 172.2 171.5 177.7 179.5 180.9 184.4 189.9 205.2 215.8 220.9 224.4 232.6 239.8 241.3 209 214.4 218.2 224.1 222.1 218.1 212 207.3 205.4 205.4 204.1 200.6 197 191.7 188.2 187 186.4 187.3 188.7 188.9 188 184.5 180.3 178.1 173.5 169 163.6 158.6 152.3 151.2 153.9 153.1 150.4 151.9 153.7 150.8 150.3 148.7 147.4 146.4 145.1 145.1 144.6 144 143.9 144.5 143.9 142.7
137.6 137.9 136.7 137.8 139.9 145.3 151.5 156 157.8 158.9 168.9 176.1 178.3 176.3 173.5 175.9 177.5 175.2 175.3 176.4 185.5 189.8 197.2 207.5 212.9 219.5 221.2 238.8 238.7 228.1 206.7 215.9 218.9 216.4 214 211.4 205.7 207.3 205.3 204.6 201.1 197.1 192.9 189.9 189 188.9 189.6 191.5 193.2 194.1 192.5 188 185.2 182 178.9 172.2 166 154.7 153 157.3 162.3 159.6 157 156.9 155.7 157.4 159.2 155.5 154 153.4 152.4 149 145.8 146.5 146.4 145.2 144.8 143.9
141.7 139.6 139.9 139.8 145.3 151.5 158.1 162.6 165.8 167.4 175.6 176.7 176.8 172.5 173.4 178.7 197 198.2 197.6 197.3 195.5 195.2 198.3 204 213.6 215.9 214.9 211.1 209.5 209.1 210.7 218.6 212.2 209.9 207 204.2 203.5 204.5 203.9 201.7 201 197.9 195.1 192.3 190.6 191.1 192.3 194.2 195.3 194 191 187.5 184.4 179.8 173 167.5 159.3 156.5 163.3 166.4 169.3 167.6 164.4 162.9 164.4 165 166.2 165 163.1 163.1 163 161.5 157.5 151.4 149.1 149.2 149.5 150.2
144.6 137.3 146.2 144.2 151.1 160.8 169 175 180.1 178.2 176.3 175.3 171.9 175.8 206.2 206.7 206.5 206.1 203.8 205.1 207.3 208.4 213.7 208.6 208 215.2 215.6 217.3 219.2 219.5 216.3 212.6 204.5 195.2 197 196.4 198.6 199.7 197.7 195.5 196.6 194.2 192.4 190.8 190.6 190.8 190.6 191.2 190.1 188.1 185.4 182.8 179 172.9 165.4 160.9 161.7 168.1 173.2 175.1 174.4 173.7 173.3 173.6 173.9 174.2 173.5 173.3 171.8 171.9 171.5 169.9 167.6 151.9 160.2 160.2 161.5 170.6
147.7 141.1 149.6 153.3 161.1 169.6 177.6 183.9 191 177.6 176.7 171.8 174.2 213 215.4 218.8 223.4 219.2 211.5 209.7 215.1 210.7 205.2 202.5 200.3 204.8 208 210.5 212.2 213.5 210.5 207.6 194 191.1 192 191.5 191.6 192.2 188.4 187.8 187.6 186.6 186.2 188 187.5 187.3 186.4 185.7 184.5 183 180.9 177.7 173.9 167.8 171.9 174 176 178.7 180.8 182.2 183 183.4 183.9 185.3 186 185.1 182.4 180.5 177.7 177.2 177.3 175.1 156.4 160.6 174.4 177.1 174.8 178.5
147.1 147.4 153.1 161 171 179.1 189.8 191.4 194 174.3 172 175.7 203.3 218.6 216.6 212.7 213.7 208.3 202.3 199.8 202.1 200.9 196.8 192.8 193 192.7 188.4 196.3 203.8 207 200.2 188.4 185.4 188.7 189.4 187.9 184.3 180.4 182 182.9 183.1 184 185.4 182.7 182.1 181.7 180.6 179.8 178.9 177.8 176.6 173.1 170.1 177.4 182.3 182.8 184.3 186.2 187.6 188.9 189.6 190.1 190.7 191.3 191.1 190.1 188.2 184.6 180.5 178.3 177 164 173.6 177 179.5 181.2 183.8 183.6
140.9 149.7 154.3 163 172.3 181.7 180.3 176.2 173.8 172.8 174.7 193.9 218.7 214.7 199.6 198.1 201 203.3 195.5 193.4 189.6 189.7 187.2 186.6 184.7 184.5 187.2 188.4 189.6 188.7 182 179.8 183.9 184.6 183.1 178.8 176 176.7 177.6 178.3 177.8 177.8 177.1 176.1 175.2 174.7 174.4 174 173.4 173.2 172.9 172.3 180.6 183.5 185.6 186.8 188.4 189.4 190.6 191.3 191 190.8 190.8 190.4 189.5 188.4 186.7 183.8 181 176.2 173.5 176.9 180.8 182.9 185.1 185.7 188 188.4
151.2 150.4 154.4 156.1 159.7 164.7 170.1 175.3 175.5 190.3 210.9 207.9 203.1 194.9 186.7 186.6 185.4 185.3 184.2 184.7 180 177.9 178.2 176 176.5 176.9 178.5 179 179.6 178.2 179.2 179.8 181.5 179.9 178.1 174.1 172.6 172.5 173.2 173.7 173.3 172.6 172.3 172.3 171.5 170.7 171.7 171.5 171.5 172.7 175.5 179.5 184 187.2 189.2 189.6 189.3 189.9 190.1 190.1 189.6 188.4 188 186.7 185.7 185 182.1 178.8 180.3 183.6 185.6 186.1 186.4 188.3 188.6 188.6 190.1 190.2
136 153.2 154.8 161.2 170.1 177.5 181.9 186.7 189.2 192 192.5 190.8 188.2 182.3 176.9 175.2 174.1 174.2 171.7 173 173 172.6 173.3 176.4 177.7 178.7 177.6 176.9 176.3 181 181.4 181 179.9 180.4 176.4 173.3 171.5 170.2 168.8 169.3 169 168.8 168.9 168.8 168.5 168.6 168.8 169.7 170.8 173.7 177.1 182.5 187.1 190.8 191.8 191.7 190.8 191.5 191.5 192 190.7 190.1 187.3 185.8 187.4 186.4 179.8 185.6 191.1 192.9 193.5 192.4 189.7 190.7 190.3 190.1 190.2 189.8
142.1 155.9 159.3 160.6 158.4 159.4 160.3 161 164.8 167.1 168.3 167.5 166.7 167.4 167.8 167.5 165.4 165.4 165.6 166.2 168.6 170.2 172.3 175.1 178.6 180 177.6 174.5 175.1 181.1 179.9 176.2 176.7 176.2 173.5 171.8 170.5 167.3 165.4 165.3 165.4 165.9 166.8 168.8 169.9 169.7 169.8 170.3 171.6 174.4 178.3 183.3 187.5 190 191.5 191.4 192.3 193.8 195 195 193.6 191.8 189.5 187 185.9 184.9 186.5 191.3 194.6 196.3 197 196.8 195.4 193.9 192.1 191.4 191.3 189.5
155.9 158.2 158.9 158.5 159.9 160.4 161 162.4 163.7 164.6 165.5 166.7 168.3 167.1 166.6 166.1 165.2 164.7 163.3 165.4 168.1 170.6 171.8 172.6 176.3 177.8 175.1 173 171.2 171.7 170.9 169.7 172.1 172.3 171.2 169.5 167 163.6 163.2 163.7 164.4 167.2 170.1 172.4 172.7 170.4 171.2 171.3 172.4 174.6 177.5 181.4 185.5 188.8 190.4 191.5 192.8 195 197.3 198.1 198 196.7 195.8 193.3 190.3 189.8 184.3 192.9 195.9 197.8 198.4 198.7 196.9 195.1 193.4 193.3 192.6 189.6
156.6 156.3 154.9 153.4 154.6 158.7 157.7 155.8 155.5 157.5 162.3 166.9 169.9 169.1 167.9 166.3 165 163.1 162.1 162.9 164.9 166.7 166.2 165.3 166.7 166.9 166.2 165 169.4 162.8 165 168.1 170.1 170.1 169 167.9 163.9 161.9 163.3 164.4 167.2 170.6 174.2 176.6 176 173.4 172.3 172.9 173.7 174.9 178.4 182.8 186.5 188.6 189.2 189.7 191.3 195.2 199.7 204 206.4 205.7 203.6 200.3 196.3 194.3 187.6 192.5 195.5 197.9 199.6 199.9 198.4 197.1 195.9 195.2 192.7 188.4
155.1 154.7 151.2 149.1 149.5 150.4 149.6 149.4 149.8 150 153.5 158.6 161.9 161.6 159.9 158.6 156 157.5 159.1 158.5 158 157 156.8 157.1 157.3 158.4 158.1 156.8 160.8 166.4 162 167.4 169.1 168 166.9 165.9 161.6 161.5 164 167.2 171.1 176.3 178.8 179.9 178.7 175.2 173.4 173.5 174.5 175.7 177.6 181.7 184.5 185.6 186.9 188.9 191.8 196.7 202.2 207 209.5 208.7 205.1 200.7 196 191.6 190.5 192.8 197 199.7 201.2 201.7 201.4 200.1 198.8 197.2 193.8 192.5
145.2 149.3 147.9 146.5 145 144.8 144.3 144.1 144.1 145.1 147 149.7 154.5 154.6 153 150.2 147.9 150.6 148.7 147.5 147.4 148.2 149.4 150.2 151 151.1 151.3 152.5 153.5 159.8 161.8 164.3 164.5 161.4 158.9 161.5 161.1 163 166.7 170.2 174.7 179.1 180.8 182.4 180.5 179.1 177.7 176.7 175 178.9 181.1 182.9 183.8 185.6 188.5 191.3 194 198.4 203 205.8 207.6 205 200 197.3 194.5 197.1 200.5 200.4 200.5 204.1 206.4 206.9 205.4 208.6 208.2 206.6 204.1 201
137 137.6 138.2 137.9 137.9 138 137.9 138 139 141.4 143.7 146.1 147.7 145.2 141.7 141.3 145.3 144.4 145.2 145.4 148.7 150 151.3 152.1 154.9 157.7 157.3 154 154.3 153.7 161.6 164.1 161.9 160 165.9 165.5 162.7 165.6 169.7 174.3 179.1 183.8 186.9 187.7 186.9 185 183 181.4 178.1 180.9 182.5 183.7 184.2 186.3 189.7 193.7 197.8 202.1 203.5 203.6 204.1 204.8 205.2 205.4 206.4 207.7 209.1 209.5 209.6 208.4 208.9 209.3 212.2 211.7 210.1 207.8 205.7 205
129.3 127.9 129.1 130 130.6 130.9 131.4 132.5 133.8 135.7 140.8 137.4 144.2 148.5 150.7 151.4 153.3 153.8 153.8 152.8 154.4 155.2 157.1 158.9 159.9 160.2 157.4 158.7 159.3 160.7 162.7 164 164.8 165.2 166 166.2 165.5 168.1 175.3 180 184.3 187.4 188.1 187.4 185.3 183.5 182.2 181 179.1 179.1 182 184.1 186.5 191.3 194.5 198.2 203.4 210.5 215.9 216.7 211.5 201.9 208.9 210.3 211.3 212.5 209.9 217.9 222 220.4 219.4 217.7 217 211.2 212.3 212.2 210.2 209.1
128.7 125.6 126.8 128.9 128.9 129.8 131.1 137.3 139 138 139.6 144.6 148.8 155.1 156.9 156.6 157.2 157.6 158 157.8 157.6 158.7 159.7 160.6 161 160.7 162.7 165.6 166.9 165.8 167.1 167.8 168.5 167.7 168.8 169.7 169.9 171.1 175 178.5 181.3 182.3 182.3 180.5 180.2 180.7 181.7 181.8 181.6 180.1 182.7 186.7 190.7 195.1 200.6 205.9 210.9 216.1 217.7 214.2 205.4 212.4 214.1 214.3 220.3 223.8 226 226.5 225.6 225.3 224.6 223.7 221.6 219.4 216.9 214.5 215 214.6
126.2 130.5 135.3 136.5 136.8 137.9 140.5 144.1 146.3 148 149.4 151.4 154.6 155.5 157.7 158.9 159.6 161.8 162.3 162.5 162.3 161.6 162.5 163.1 162.8 162.6 166.8 169.7 170.7 170.7 171.3 171.8 172.8 174.2 174.6 175.8 177.4 176.3 176.6 176.5 178.1 179.3 180.1 180.7 181.1 182.4 182.3 182.6 182.8 183 186.6 191 196.4 202.7 208.4 214.5 218.1 219 216.9 212.5 207.1 213 213.6 220.6 225.9 225.9 226.3 228.2 227.2 226.9 227.7 228.2 228.1 225.5 223.4 221.5 220.6 219.7
133.1 141.5 147.8 146.3 146.1 146.9 147.4 149 149.8 150.5 152 155.3 156.8 158.6 160.2 161.2 163.1 165.1 166.4 166.4 166 165.5 165.6 166.2 166 165.8 167.1 171.8 173 174.2 175.3 176.4 177.3 180.4 182.2 183.1 183 180.1 181 180.1 180.4 182 182.9 183.4 184.8 185.8 186.1 184.7 184.2 185.4 191.2 198.2 206.3 212 217.9 221.5 222.9 221.2 218 212.6 210.8 213.8 220 223.2 225.9 228.7 230.1 230.9 230.5 230.9 231.5 231.2 230.4 230.3 228 227.2 225.8 225.1
132 138.7 144.3 145.6 144.6 144.6 145.4 146.8 148.6 150.7 154.9 158.9 161.2 164.2 165 164.7 164.1 165.7 166.8 168.7 170.3 171 171.3 171.1 170.7 170 167.7 172.4 175.5 177.5 180.2 181.5 183.3 186.9 189.5 187.1 182.8 183 182.5 182.5 184.1 185.9 187.9 189.2 191.7 193.2 193 190.5 186.5 190.7 197.2 207.1 213.7 219.4 223.6 225.4 224 219.9 214.3 215.6 218.2 221.5 225.2 229.1 231.8 233.9 234.8 234.1 233 233.5 233.2 232.7 231.9 232.4 232.1 232.1 232.5 231.5
127.6 130.5 134.2 136.5 138.5 141.1 144.7 146.8 149.5 152.7 158.4 162.8 166 166.7 166.7 165.9 165.7 169.1 172.3 175 178 179.3 178.8 176.9 174.7 169.5 171.4 175.4 179.9 182.9 185.3 186.9 189.2 191.6 192.7 190.3 183.6 186.9 185.6 187.1 189.8 192.8 194.3 196.1 198.5 199.5 198.3 194.5 194.1 196.9 202.6 209.2 216.1 222.3 226.2 226.3 223.6 221 219.4 222.4 225.9 227.2 230.3 231.8 233.4 235.1 237.1 236.5 234.7 233.3 231.6 229.9 228.9 229.4 229.1 228 228.1 228
125.6 133.8 140 144.2 143.6 141.7 144.7 147.2 150.2 155.3 161 164 166.3 166.8 166.9 166.7 169.4 173.7 178.2 181.7 182.5 181.4 179.1 176.2 173.5 174.5 177 181.4 185.2 188.7 191 194.5 198.2 198.6 197 194.8 190.5 191.6 189.9 194.8 196.7 199.8 201.1 201.7 202.5 202.1 199.8 193.7 201.2 206.8 211 217.5 223.8 229.2 231.6 231.3 227.8 225.8 222.9 221.4 222.2 226.2 228.7 231.2 234.4 237.8 239.1 238.7 236.5 233.8 232 230 229.8 228.7 227.9 227.3 227.5 225.6
129.7 138.6 144.2 146.4 144.5 143.7 146.5 148.9 153.9 159 164.1 166.2 167.2 168 168.2 170.3 174.4 178.7 182.1 182.3 180.9 179.5 178.5 177.7 178.6 179.8 183.7 188.9 192.6 195.3 198.8 202.1 204.5 203.6 202.4 197 198.6 197.5 197.5 200.8 202.9 205.1 205.8 205.4 207.2 207.1 207.4 200.6 199.8 214.8 218.2 223.3 228.8 233.1 235.1 234.1 232.8 229.8 228.4 227.1 227.2 230 230 234.7 238.1 240.7 241 239.3 237 234.5 232.2 232.8 231.1 230.5 231.1 231.5 231.1 231.4
135.5 142.4 146.6 146.1 145 145.2 148.9 153.3 156.9 160.8 162.8 164.5 166 167.8 170.6 173.9 177.3 179.9 180.7 179.8 180.1 180.5 181.8 185.3 187 186.1 191.7 196 200.6 203.9 206.5 207.8 208 207.5 205 203.9 204 203.6 204.6 206.6 208.8 211 212.6 212.8 213.5 213.9 214.5 213.6 199 215.9 219.9 223.5 228 231.4 234.8 236.2 236 234.8 234.5 233.1 233 235.9 237.5 237.9 239.3 240.9 240 237.5 236.5 236.3 236.1 234.5 234.9 236.2 236.3 236.4 236.8 238.9
143.2 147.5 148.2 147.2 146.4 147.5 148.4 152.3 154.9 157.2 160 161.6 165.1 168.6 173.1 175.6 176.7 177.7 178.6 180.6 181.9 187 188.5 191.3 193.7 196.6 202.7 203.7 204.2 207.8 209.3 210.4 210.7 210.3 209.4 207.8 209.4 209.5 211.5 211.2 218.2 220.4 221.8 222 221.5 220.1 218.7 212.4 201.9 208.9 211.4 218.6 221.8 228 233.6 236.3 238.3 238.8 238 233 233 237.4 239.8 241 241.4 243.4 243.5 243.3 243.4 242.6 242.7 236.1 242.3 244.6 245 245.9 247.5 251.2
149.5 149.4 148.4 148.1 149.2 150.8 152.9 156.1 159.1 161.7 164.3 166.5 170.1 172.4 173.6 174 175.7 177.5 179.9 182.6 187.8 191.3 195.3 196 200.6 204.3 203.9 207.9 208.8 210.8 212.6 213.5 214.4 214.9 214.4 214.2 215.9 218.2 220.9 222.2 226.2 230.1 230.1 229.2 227.1 222.4 212.5 208 221.6 222.1 225.4 228.1 229.5 232.2 235.4 238.9 240.9 241.6 240.7 239.8 241.9 242.7 245 245.7 247.7 248.4 250.2 251.4 251.6 251.1 250.2 240.4 250.6 252.6 252.4 255.1 258.3 261.6
147.9 147.5 146.8 148.2 150.4 153.2 155.5 158.3 161.2 165.6 168.8 172 175.5 177.1 176.9 176.7 178 180.2 183.9 194.9 199.8 200.7 203.2 199.4 207.2 210.7 207 212.7 213.6 215.8 217.5 218.8 220.2 220.6 222.7 222.4 224.1 227.1 229.5 231.9 233.2 236.7 236 233.6 231.4 223.9 223.1 217.5 228 228.9 232.5 234.7 237.7 239 242.1 244.8 245.8 246.9 247 247.2 249.3 250.9 251.7 252.5 252.6 255.7 256.3 257.6 259.8 259.3 257.8 245.3 260.1 262.8 263.4 266.9 270.7 272.7
145.4 145 145.6 147.1 148.8 151.7 155.8 160.6 166.1 171.1 174.7 177.9 179.1 178.8 178.2 179.3 183.4 189.6 196.1 201.2 203.7 206 208.8 209.9 206.8 210.6 212.9 217.7 221.6 224.9 226.6 227.9 228.3 227.6 229.6 228.8 232 232.6 235.6 239.4 240.1 241.3 240.1 238.3 235.9 233.1 229.4 224.5 234.5 237.9 240 240.4 243.8 245.7 248.6 251.6 252.5 254.4 254.1 253.3 255.7 257.6 258.9 260.3 261 262.1 263.4 265.2 266.9 267 249.2 255.9 271 275.1 276.1 279.3 282.7 285.6
143 141.5 143.6 145 147.2 150.9 156.2 163.8 171.1 176.5 178.9 179.4 178.3 177.9 180.5 182.9 188 194.3 202 205.6 206.8 208.7 210.6 210.7 211.5 216.8 221.5 224.9 230.4 232.4 233.3 234.1 234.4 233.5 236 235.1 239.5 239.8 242.6 244.9 246.1 246.3 245.5 243.8 240.2 240.2 236.8 234.5 239.8 243.4 245.2 248.1 250.3 253.3 257.3 259.1 260.8 262.8 263.2 262.3 263.1 266.2 267.5 269.4 271.8 272.4 273.2 276.4 279.2 275.5 263.8 277.6 284.3 285.8 286.6 288 290.3 292.1
137.5 139.8 141.6 144 148 153.9 161.6 168.5 173.6 177.5 177.1 175.9 176.3 178.9 181.1 184.9 195.9 199.8 201.6 203.8 207.4 210.2 213.7 216.8 220.7 226.6 221.4 231 229.8 235.6 237.3 238.1 238.8 240 240.9 242.7 245.9 246.4 249.4 251 252.1 252.9 251.7 249.9 241.9 247.1 245 244.4 243.1 249.3 252.7 255.7 258.4 261.9 264.7 267.8 270 271.5 272.3 273.5 274.3 276.1 280.3 284.1 286.1 286 285.7 288.7 288.5 283.7 281.7 282.4 282.3 282.7 283.3 284.2 285.4 286.6
146 147.2 146.7 147.6 152.6 159.3 165.9 171 174.2 173.9 170.8 174.6 176.6 180.7 185.7 194.3 197.1 200.6 205.2 207.4 211 215.3 222.4 224.3 228.9 228.2 232.5 233.5 234.4 237 241.8 244 245.4 247.8 249.4 253.1 250.6 254.1 257.2 261.1 262.3 261.2 260.3 258.9 252.7 257.8 255.3 255.7 249.6 258.4 262.2 266.8 270.9 274.2 276.7 278.8 280.7 283.1 285.6 286.9 287.8 291.1 294.3 297 299.6 298.8 295.9 294.3 290.2 287.3 287.9 286.7 284.3 283.2 282.7 282.8 283.8 284.5
151.5 151.7 149.4 150.5 155.9 163.3 165.6 167.1 169.3 172.4 175.5 177.6 182 185.9 187.5 192.9 201.4 205.1 209.4 213.3 215.2 222.7 227.9 232.1 234.4 236 241.7 235 243.6 245.3 249.7 254.1 258.2 260.6 262.6 263.4 261.9 264.9 268.4 272.3 271.6 273.2 271.3 269.8 262.9 270.7 266.6 269.3 254.9 273.3 279.1 284.3 288.6 291.4 293.4 294.7 295.3 296.8 299.1 299.9 301.1 301.4 299.2 295.5 293.4 291.8 290.8 290 288.9 289.5 290.9 290.9 291.2 291.2 289.3 288 288 288.5
151.3 152.5 152.6 153.5 157.9 167.8 171.7 174.7 178 177.6 179.8 182.4 187.9 192.4 197.4 202.4 206.1 213.3 217.5 220.9 226.5 231.8 237.2 243.1 243.4 247.7 252.5 239.9 248.4 254.2 261.2 268.6 271.6 272.3 274.2 276.5 276.3 279.5 283.4 286.9 288.2 286.5 287.2 283.4 283.6 286.1 282.5 286.8 277.6 286.9 302.5 305.1 307.3 308.2 309.2 308.9 308.6 307.9 307 305.4 303.6 302.3 300 297.1 295.2 294 292.9 292.6 293.1 293.6 299.6 301.6 302.8 303.8 304.2 302.6 300.5 298.5
152.1 152.9 153.8 153.7 158.7 167.5 172.2 177.9 181.7 182.5 185 189.1 190.8 198.6 205.6 211.6 216.9 223.4 228.4 236.3 242.3 248.2 256.7 261.7 263.2 263.6 257.7 262.3 260.8 271.7 280 285.4 287.2 289.7 291.2 292.5 293.8 294.9 297.2 299 300.2 299.9 299.5 295.8 299.4 300.3 300.2 304.3 304.8 292.1 309.4 314.2 315.1 316.9 317.3 317 317.2 316.1 314.9 313.7 311.3 309.1 308.3 307 305.4 302.4 299.5 296.9 296 297.1 299.9 306 312.1 311.8 310.8 312.6 310.7 308.5
150.7 152.8 155.6 158 158.7 164.7 172.1 180.3 184.9 186.5 190.8 195.3 197.1 204 210.7 218.5 227.6 235.1 245.2 254 260.9 266.1 274.5 279.1 279.3 280.5 275.8 278.3 282.9 286 289.5 291.6 294.3 299.3 301.5 302.3 301.9 301 301.7 306.8 308.8 308.3 307.1 307 310.5 312.2 312.3 311.2 310.6 311.7 312.1 312.7 314.3 316.8 316.7 317.2 316.7 316.6 316.8 316.8 317.3 316.6 315.1 313 310.6 308.4 305.9 303.6 305.1 306.5 309 312.4 316.2 317.6 316.3 313.1 309.7 305.2
