app/static/ascii/SE12.asc
ncols 200
nrows 200
xllcorner 410000
yllcorner 420000
cellsize 50
[rows 140 to 174 of 200, columns 80 to 159 of 200]
88.8 88.8 85.6 82.3 78.1 79.5 76.1 73.6 70.2 67.7 65.5 63.3 58.8 58 57.9 57.8 57.7 57.3 57.2 58.3 74.9 77.7 73.2 70.5 75 79.1 83.2 88.2 94.3 95.3 95.6 96.1 99.5 106.2 108.6 112.3 117.1 123 132.1 131.5 130.2 128.7 127.1 125.5 124.2 120.9 116.7 113.3 111.2 109.8 108.8 103.7 101.3 99.8 98.6 99.5 104.3 105.4 106.1 106.4 104.8 109.8 114.5 117.4 119.5 122.8 127 130.9 134.9 137 137.1 137.2 137.3 137.9 138.7 140 139.8 139.6 139.4 138.7
70.9 71.1 74.2 75.1 73.8 71.1 69.8 66.6 63.8 61.6 60 58.9 57.9 57.2 57.2 57.3 56.9 56.8 57 58 69.4 74.8 68.4 68.5 73.4 77.7 81 84 87.8 92.3 92.4 92.3 94.6 98.9 104.4 106.7 111.3 115.5 121.8 129.8 129.8 128.2 125.9 123.9 123.3 122.3 120.3 115.2 111.8 109.2 105.6 102.1 100.7 99.5 98.4 98 100.8 102.2 103.7 105 103.6 110 111.1 113.7 116.5 118.8 122.5 126.7 130.7 133.3 134.8 135 136.4 136 137.1 138.6 138 137.1 134.1 133.1
54.8 60.1 63 63.2 62.7 64.9 67.3 61.7 59.4 58.2 57.9 57.4 57.1 57.1 57.2 56.9 56.6 56.6 56.7 57.1 57.6 62.3 63.7 68.2 72.6 77.2 79.3 81.1 82.5 86.7 89.5 89.3 90 93.8 100.3 103.4 106.3 110.4 115.7 121 127.3 128.6 125.9 122.7 120.9 120.4 119.3 116.1 112.2 108.9 106.1 103.1 100.2 99.3 98.4 97.3 98.3 101.1 103.9 104.5 102.6 111.5 110.7 109.9 111.4 114.9 118.2 121 124.5 127.5 130 131 129.3 131.4 133.7 134.4 132 129.2 128.2 127.6
60.2 60.9 58.7 57.5 58.8 58.5 58.2 61.7 58 57.7 57.4 56.9 56.7 56.9 57.3 56.6 56.2 56.1 56.5 57 57.4 57.6 58.7 68.5 75 73.4 76.2 78.4 79.3 80.1 83.1 86.1 87 89.7 93.6 99.8 102.8 107.1 111.2 115.3 120.3 124.6 126.2 123.8 120.8 118.7 117.9 115.7 112.3 109.1 107.2 106.4 101.6 99.3 98.3 97.2 95.9 102 107.3 104.2 101.7 107.2 105.9 107 108 110.8 114.7 117.1 119.2 121.3 124.1 124.9 121.8 125.3 126.9 127.3 126.2 124.2 122.9 121.8
56.3 60.6 60.8 60.3 56 56.7 57.6 57.8 57.5 57.3 56.9 56.5 56.6 56.4 57.2 56.7 56.1 56.2 56.5 56.7 57 57 57.4 56.2 60.2 67.3 72.8 73.9 74.9 75.5 76.7 82.4 84.6 86.6 89.5 94.4 99.8 103.1 106 109.8 114 116.2 123.3 123.8 121.8 117.9 116.3 115 112.2 109.3 106.5 105.6 104.6 100 98.3 97.3 101.6 103 101.5 98.8 104.2 104 103.4 104 105.5 108.3 111.2 112.4 113.7 115.7 117.8 117.7 115.8 120 122.4 122.8 120.9 119.3 118.1 116.9
54.8 60.4 59.5 56.6 56.4 54.8 57.1 57.2 57.3 56.9 56.7 56.6 56.4 58.2 56.2 56.2 55.5 55.8 55.9 56.2 56.4 56.5 56.8 55.8 55.5 55.6 55.6 61.7 68.1 71.5 74.9 79.2 81.9 83.1 85.7 89 93.9 98.6 101.7 104.6 108.1 110.7 113.2 120.4 121.1 119.1 116.2 113.9 112 109.4 106.6 104.8 104.5 102 99.1 99.3 102.5 97.4 97.4 98.1 101.6 101.2 100.8 101 102.5 103.8 106.1 106.9 108.1 110.1 112.4 112.2 110.8 112.9 115.8 117 115.7 114.4 113 112.3
55 56.3 59.5 56.6 56.4 55.9 55.7 55.8 56.2 55.8 55.8 56.4 56.9 58.6 56.4 56.6 54.8 55.4 55.5 55.6 55.9 56 55.9 55.4 55.3 55.7 55.9 56 56.3 63.5 72.8 70.9 76.9 80.2 81 85.1 88.6 92.9 96.8 99.3 102.2 104.5 107.8 112.8 118.7 119 116.4 113.5 110.9 108.5 106.5 104.6 103.6 102.2 101.6 103.7 98.8 94.4 95.4 97 98.2 97.7 97.3 98.1 99.8 101.1 102.2 102.3 102.6 104.4 106.7 106.6 105.8 108 112.3 113.3 111.7 109.2 107.7 108.2
65.7 60 54.8 54.8 56.4 55.5 55.7 55.8 55.8 55.4 55.2 55.6 56.6 59.3 55.9 55.5 56.1 53.7 55.7 55.5 55.4 55.5 55.5 55.4 55.2 55.4 55.3 54.7 54.8 54.8 61.4 68.8 70.2 75.4 77.4 80.3 84.5 86.9 90.6 93.9 97 99 102.2 105.2 109.2 114.3 116.3 114.6 110.5 108.2 106.4 104.4 103 102 101.4 101.1 97.1 93.9 95.1 92.3 94.3 94.4 94.5 96.1 97.2 98.3 99.2 99.4 99.2 99.8 100.8 101.1 101.8 104.3 108 109.2 107.4 105.2 103.5 105.2
71.2 70.9 69.1 67.6 65.5 54.7 54.6 54.5 54.5 54.5 52.8 52.8 52.8 52.6 52.2 52.1 52.1 52.1 52.1 55.4 55.2 55.2 55.3 55.2 55 54.8 54.6 54.5 54.7 54.7 54.9 58 65.6 69.2 73.2 75.4 77.7 78.7 83.5 87.6 90.5 93.7 96.7 99.8 103.2 109.8 115 115 111.9 109.1 106.2 104.2 103.1 102.1 102.7 98 93.4 93 91.8 90.1 90 91 92.8 94.2 95 95.7 95.1 94.3 94.6 94.8 95.2 95.9 98.1 102.6 104.8 105.2 103.7 101.8 100 103
78.3 77.3 75.4 73.9 73.9 71.8 65.2 59 57.6 66.8 68.9 66.4 64.5 63.4 58.1 59.5 60.2 59.6 58.6 58.4 52.1 52.1 55.1 54.9 54.6 54.6 54.3 53.9 54.3 54.6 54.6 54.6 58.7 64.4 67.6 70.7 73.8 76.4 77.5 78.7 85 88.3 91.4 94.8 98.2 102.9 109.8 114.1 112.5 109.3 106.2 104.2 103.7 103 100.3 93.2 90.6 93.9 93.2 89.5 87.2 88.8 90.6 92.2 93 93.9 91.6 89.5 89.5 89.8 90.2 91.8 94.8 100.2 101.8 102 100.2 98.2 96.7 100.1
83.2 83.5 82.3 80.9 77.2 72.6 65.8 57.6 61 69.7 64 66.2 65.5 65.3 64 63.3 62.2 59.6 59 58.5 56.3 55.5 52.7 52.4 54.4 54.5 54.3 53.8 53.4 53.5 53.5 53.6 52.7 56.9 61.6 66.6 69.7 71.8 75.6 75.6 78.5 81.9 86 89.3 92.5 96.1 100.8 104.1 106.4 101.2 103.6 103 102.7 99.2 91.3 88.7 90.7 94.1 91.9 89 86.9 87.4 88.1 90.1 91.3 92.4 90.9 85.1 84.5 84.9 85.9 88.1 92 97 98.5 98.9 96.9 94.5 93.5 96.5
90.5 88.4 86.2 81.9 77 70.1 60.7 59.9 67.7 70.1 69.8 68.3 68.5 65.2 63.8 63.8 63.7 63 61.1 58.1 57.7 56.7 55.8 54.9 52.1 54.9 54.4 54.1 53.4 53.3 53.2 53.4 52.8 54.9 58.9 61.7 64.4 67 71.1 71.4 72.9 76.3 80.5 83.8 86.6 89.9 92.9 95.4 96.2 97.1 97.1 100.1 94.9 87.4 86.5 87.5 95.5 92 89.6 87.7 85.7 84.1 84.8 87.4 89.8 91.2 90.2 85.7 80.5 81 82.2 84.8 88.6 92.7 94.4 94.1 93.5 91.1 89.7 92.5
95.2 91.7 85.7 81 73.5 63.3 61.9 64.8 70.1 71.3 69.7 69.3 69.4 72.6 72.6 69.7 64.3 63.5 62.3 60.8 58.3 58 56.9 56 55 53.8 52.1 54.7 53.7 53.3 53.4 53.7 54 54.4 54.4 57.8 61.3 62.8 63.9 66.6 68.7 71.2 74.9 77.8 80.6 83.1 84.4 86 86.6 87.7 88.6 87.9 82.8 84.7 83.8 97.8 96 93.4 90.3 89.2 88 85.4 82.7 83.3 85.6 88 88.3 84 80 77.2 78.3 80.6 83.9 87 88.6 89.1 88.6 86.3 85.4 88.5
96.3 91.3 85.7 78.1 66.2 64.7 69.6 70.1 74.2 73.2 73.2 72.8 84.4 84.6 80 76 69.1 66.2 63.8 62.5 60.9 59.4 58.2 57.1 56.1 55.2 54.6 52.1 52.1 53.7 53.8 54.2 54.4 54.2 54.2 54.5 56.4 61.6 63 63.7 64.9 67 69.1 70 72.3 73.9 75.6 76.7 77.1 78.3 78.9 80.7 82.8 80.6 96 97.9 96.9 94.4 92.4 91.2 90.9 89 84.5 80.9 81.3 83.2 83.3 82.3 79.2 75.2 74.7 76.9 78.8 81.3 82.8 83.8 82.6 81.4 83.2 86
94.8 88.8 82.6 72.4 68.4 72.6 74.3 76.3 77.1 77.2 75.2 87.2 93.3 93.1 81.6 75.1 69.7 72 75.5 70.8 62.7 60.2 59 58.1 56.9 55.9 55.2 54.8 54.5 52.1 53.3 54.8 54.4 54.3 54.3 54.4 54.2 55.3 56.1 58.5 58.9 61.6 66 67.1 65.5 64.5 66.4 68.4 68.1 73 79.5 80.2 76.6 80.8 87.6 91.2 94.6 93.9 93.2 93 93.1 92.2 89.3 84.3 78.1 77.6 79.9 79.5 78.4 74.5 73.3 73.2 74.6 75.7 77.6 79 79 78.2 80.9 83.9
92.1 86.2 78.9 71.2 70.8 78.2 79.8 77.5 77.6 77.9 85.8 102.7 98.6 93.2 83.1 78.2 79.4 84 89.2 91.4 79.3 63.1 61.6 59 58.6 57.5 56 55.1 55.2 54.8 54.4 52.1 53.5 54.8 54.6 54.5 54.3 55.2 57.7 58.1 58.6 58.7 58.8 58.9 67.8 68.8 69.7 69.7 70.4 77.2 75.1 71.3 69.1 71.7 75.9 78.8 82.6 88.1 92.7 93.7 93.6 93.2 91.7 89.1 83.3 77.5 75 76.6 75.8 72.7 71.4 70 70.8 71.6 73.8 75.3 75.7 75.9 78.7 82.3
91.2 85.3 74.6 73.2 79.5 82.4 82.3 77.7 77.8 78.4 108 106.6 101.7 94.2 84.5 82.1 88.6 93.7 94.9 94.4 92.5 85.6 66.4 61.6 61 59.7 58.6 54.6 55.7 55.5 54.8 54.4 54.1 54.6 52.1 52.1 54.9 56.7 57.5 58 58.3 58.3 58.3 58.5 58.7 68.3 70 71.2 73.6 68.5 67.6 59.3 57.7 60.4 63.8 69 74.6 80.4 87.3 92 92.6 92.5 91.2 89.2 85.8 81.4 75.5 73.4 72.4 70.7 69.6 68.8 68.2 68.7 69.9 71.1 72.2 73.2 76.4 79.7
89.9 84.9 76.4 76 84 85.5 84.7 83.9 78.4 100.5 112.1 109.7 104.2 94.8 84.2 86.1 96.7 96.7 96 94.8 93.2 91 88.8 74.9 62 61 60.3 61.3 55.4 55.5 55.1 54.6 53.9 53.9 53.8 54 52.1 57.2 57.6 57.9 58 57.9 57.9 58.1 58.4 67.1 70 73.2 69.3 67 66 59.8 54.9 55.5 55.5 60.5 66.5 73.9 80.6 90.4 90.9 90.2 89 88.1 86.2 83.1 79 72.8 70.9 69.7 68.8 67.8 66.9 66.7 68 69.4 70.7 72 74 76.2
90.8 84.8 78.6 77 85.6 86.2 85.7 85.1 88 115.5 115.3 111.2 105 95.8 88 97.2 99.4 99.2 97.8 95.7 93.5 91.4 88.7 86.4 83.8 69.6 61.5 60.7 55.8 55.3 55 54.9 54.6 53.7 53.6 53.6 52.1 55.4 55.7 55.8 55.8 57.1 57.5 57.6 58 66.9 65.4 67.6 66.1 65.7 65.4 62.7 58.7 54.8 53.7 53.3 56.6 63.7 70.5 83.2 89.1 88.4 87.9 87.4 86.2 83.9 80.8 77.7 74 69.2 67.9 66.9 65.5 65.2 66.3 67.6 68.9 70.2 71.1 72.4
89.6 83.9 75.7 76.9 87.5 88.8 86.7 85.9 115.9 120.1 117 111.8 105.2 98.3 97.8 101.5 102.8 102.1 99.9 97.6 95.1 92.6 89.7 86.4 81.6 75.9 70.3 69.5 61.5 59 55.1 55.1 55.4 53.7 53.8 53.9 54.1 55.2 55.4 55.5 55.6 56.1 56.8 57.3 62.5 72.8 69 64.5 64.5 57.7 56.5 55.8 54.4 53.4 50 50.9 50.8 50 63.8 71.5 80.4 86.3 86.7 87.1 85.9 84.2 82.8 79.8 76.6 73 69.2 66.8 64.6 63.8 64.9 65.9 67.2 67.9 68.3 68.9
86.9 77.5 77 84.1 90 90.8 92.9 96 120.1 121.6 118.4 113.3 106 100.7 100.5 103.8 104 103.7 101.9 99 96.7 93.3 90.1 83.4 77.2 73.7 75.3 72.4 72.2 63.9 61.8 55.3 55.2 53.9 53.7 53.7 54 55.1 55.2 55.3 55.4 55.6 55.6 56.3 71.3 71.8 62.5 52.5 53.4 54.1 54.4 54 53.1 50 52.2 52.4 52.3 47.7 55.3 61 68 77.5 86.7 86.8 85.7 84.1 82.6 80.1 77.6 74.7 71 67.4 64.8 62.8 63.1 64.2 64.7 64.8 65 65.5
86.6 80.5 78.3 88.9 92 92.7 95.1 112.1 119.2 121.5 119.2 113.5 106.9 103.2 104.7 107.2 106.9 105.3 102.5 100 97.4 92.8 89.4 82.8 79.7 81.9 78.5 75.1 72.9 68.5 69.2 66.7 61.2 58.7 54.7 53.5 54.2 55.1 55.4 55.5 55.6 55.4 55.3 63.8 72.4 70.5 54.3 50.5 50.5 50.5 53.5 51.3 50.1 52.1 51.7 51.3 50.9 48 50.5 54.2 56.5 65.2 77.3 87.7 87 85 82.4 80.6 79.4 76.4 72.7 68.7 65.1 62.4 60.9 61.7 62.2 62.3 62.4 62.2
89.1 81.4 84.1 91.9 93.2 94 98.2 107.8 117.3 120.7 119.8 114.4 109.6 106 108.2 109.1 108.4 106.8 103.8 99.5 94.8 91.9 90 88.1 86.2 84.2 79.5 78.2 75.5 74 72.5 69.8 66.1 62.9 61 58.3 55.6 52.9 55.2 55.7 53.4 52.1 55.2 55 55.1 55 53 52.6 52.2 50.2 50.2 51.7 52 51.7 51.2 50.7 50.3 49.6 47.7 50.8 52.2 55 65.8 78.4 88.6 88.2 85.3 82.6 81.2 78.1 74.1 70 65.9 63.1 60 59.3 59.6 59.7 59.8 60.5
90.6 82.9 92.9 93.9 94.7 96 99.1 105.1 117.3 119.3 119.6 116.1 112.5 111.2 110.6 111.2 109.6 107.8 104.2 100.3 96.2 95.6 93.7 90.8 89.4 84.5 84.3 82 79.6 77.2 75.1 71.9 68 66.6 67.1 61.3 58 54.4 51.9 50.9 51.8 55 53.4 50.8 50.2 50.6 52 52.7 52.7 52.6 52.4 52.1 51.6 51.1 50.7 50.7 50.8 50.7 50 47.7 51.6 51.6 55.5 68.4 83.2 89.6 88.5 85.9 83.1 79.6 75.6 71.7 67.8 63.3 60.5 58.4 58.3 58.2 59.2 60.5
90.5 88.7 96.6 96.1 96.3 98 100.4 105.3 118.5 120.5 121.2 119.7 116.1 114.8 113 112.9 111.4 108.4 104.2 100.6 100.4 97.8 95.2 93.8 90.7 88.9 86.4 84.3 81.9 79.5 77 73.8 70.5 72.3 69.5 66.2 59.7 60.9 57.4 56.5 56.5 55.8 55 53.8 52.5 51.3 51.3 51.4 52.8 52.8 52.5 51.8 51.2 51.1 52.5 52.5 52.2 51.9 50.4 50.7 47.7 51.3 51.6 59.7 71.2 90.4 91.8 89.5 85.2 81.5 77.6 73.9 69.8 65.4 61.2 58.7 57.4 56.5 57.8 59.3
93.4 91.6 97.7 97.2 98.1 100.7 103 109.3 121.2 124.7 124.6 121.8 119 117.3 115.8 114.9 112.5 108.9 106.3 105 102.8 100.3 97.9 96 93.7 91.3 88.5 86.3 84 81.5 78.7 77.5 77.5 75.2 71.5 68 63.2 59.2 57.2 59.7 60.7 60.3 59.6 60 60.2 57.9 56.6 55.7 54.6 53.6 53.6 54.1 54.4 54.8 54.8 54.4 53.8 52.4 52 50.9 50.1 49.7 47.7 52.5 65.3 84.1 93.2 91.4 87 83.5 80 76 72.6 68.8 62.7 59.3 57.5 56.1 56.4 58.2
96.6 96.6 98.6 99 100.8 103.9 109.6 117.9 124.5 127.4 125.8 123.5 121.1 119.6 117.9 116.3 113.5 110.6 109.4 107.8 105.2 102.6 100 97.6 95.5 93.4 90.8 89.6 88.5 86.5 85.2 82.8 80.8 77.5 74.1 70.5 65.9 60.8 67.5 66.6 67.4 73.9 71.6 66.3 64.4 62.3 60.2 59.4 59.3 58.1 57.2 57.3 57.2 57.2 57.3 56.7 56 54.8 53.3 51.5 50.4 50.4 50.8 47.7 58 77.6 93.9 94 88 84.5 81.6 78.7 75.8 72.7 65.9 59.9 57.7 56.1 55 56.1
96.7 97.8 100.6 102.4 107.4 116.1 123.1 126.8 129.8 129.3 127.4 124.6 122.9 121 119.3 117.3 114.9 113.5 111.7 109.6 107.3 104.7 102.1 99.5 99.4 98 95.6 93.7 92.6 91.3 88.9 86.2 83.1 79.7 76.4 72.6 67.3 61.8 70.3 72.9 72.3 81.4 76.9 79.5 78.4 76.8 73.8 70.1 66.4 63.1 59.3 59.1 59.1 59.4 59.5 59.2 58.6 57.4 55.4 53 51.1 50.3 50.1 47.7 51.8 69.8 90.3 93.5 89.1 84.9 82 79.1 76.5 74 68.7 62.2 57.5 56.1 54.8 54.9
98.4 101.6 102.3 107.7 120.6 131.8 131.4 132.5 133.3 130.7 128.2 126.3 123.9 122.5 120.9 119.3 117.1 115.3 113.5 111.5 109.3 106.9 105.6 105.2 104 102.7 100.5 98.1 96.4 93.8 90.6 88 84.8 81.4 77.8 73.7 67.7 63.1 74.6 76.4 83 83.3 80.9 83.5 88 91.5 89.3 84.4 77.2 70.5 65.4 63.4 62.3 61.2 58.6 58.7 60.3 58.8 56.7 54.5 52.3 50.4 50.1 50.6 51.1 63.7 81.1 93.5 91.5 85.6 82 79 76.4 73.6 70.1 64 59.2 56.2 54.9 54.2
99.2 102.3 104.3 119.9 135.2 135.9 137.8 137.2 134.2 131.7 129.7 128.3 125.7 124.5 123 121.1 119 117 115.1 113.3 111.3 109.4 110.5 110.3 107.9 105.7 103.9 101.3 99.4 96.6 93.1 89.7 86.3 82.9 78 73.5 66.1 68.6 79.7 80.3 86.2 82.4 85.7 91.6 97.3 100.8 100.5 96.4 91.4 87.4 83.9 77.4 70.4 64.7 63.1 60.5 60.3 58.3 58.4 56.2 53.8 51.3 49.6 49.8 48.7 58.8 73.4 89.1 93.8 87.7 82.5 78.8 75.7 72.7 69.6 66.4 61.4 57.4 54.8 53.7
103.2 105.2 106 129.3 138.6 142.8 141 138.5 135.9 133.4 131.1 130.2 127.8 126.5 125 123 121 119 117.1 115.2 113.1 111 111.4 111.4 109.9 107.4 104.8 102.1 99.5 96.8 93.4 89.5 84.7 78.5 73.7 67.9 68.4 81.6 81.8 87.7 87.6 88 93.2 98.6 104.6 107.9 108 106.1 103.6 101.6 98.4 94.3 88.2 81.7 75.8 68.9 61.6 59.5 59.7 57.8 55.4 53 50.3 49.4 47.7 55 66.6 79.8 89.8 85.5 81 77.6 74.9 71.9 68.8 65.6 62.3 58.4 54.8 53.2
107 109.5 115.6 135 145.1 144.4 142.3 139.8 137.3 134.9 133.4 132.2 130.5 128.7 126.9 124.9 122.9 120.9 119 117 114.9 112.7 110.4 107.8 105.4 102.3 99.1 96.1 93.3 90.7 85.7 81.4 76.7 72.3 70.2 72.1 74.7 83.1 87.4 90.9 88.4 94.5 100.6 105.5 109.5 112.2 114.8 111.9 107.1 106.5 105.6 102.2 101.6 96.4 90 80.3 70.3 61.7 59.6 58.6 56.8 57.3 51.3 49.4 47.7 53.2 60 69.8 77.3 79.9 78.7 75.8 73.5 70.6 67.9 65.3 61.8 58.2 55.7 53.7
110.1 112.8 117.3 130.6 142.4 145.2 143 140.7 138.7 136.7 135.7 134.4 132.7 131 128.8 126.8 124.9 122.9 120.8 118.7 116.6 114.7 112.8 109.6 106 102.6 99.3 94.7 91.1 84.4 78.5 75.6 77.9 79.4 80.8 81.8 83.2 88.4 93.2 92.6 93.3 96.8 102 106.9 110.1 114.7 119.4 112.1 111.5 109.6 108.2 106.2 102.3 100.4 99.8 91.6 80.9 69 62.4 59.2 57.3 54.7 52.9 57 47.7 52.5 55.1 61.2 69.3 73.4 73.9 73.2 71 68.3 65.7 63.9 61.3 57.7 55.6 53.7
113.7 112.2 117.2 126.7 142.1 146.3 144.4 142.4 140.6 139.2 138 136.4 134.7 133.1 130.6 128.6 126.7 124.8 122.7 120.5 118.2 116 113.8 110.9 107 100.7 94 87.8 84.5 86 82.1 79.9 85.2 86.6 88 90.4 92 94.4 95.5 95.8 94.5 96.6 100.5 104 106.9 112.3 117.2 112.9 112.6 111.3 110.2 107.3 92.2 89.5 94.3 97.4 90.9 78.9 66.8 60.3 58.1 56.1 54.3 52 47.7 55.2 55.6 57.6 63.6 68.1 69.3 68.6 67.7 65.4 63.1 62.5 60.5 57.1 55.4 53.9
114.8 111.6 115.2 124.3 141.8 147.7 146.2 144.3 142.9 141.5 140.4 138.4 136.5 134.6 132.4 130.4 128.6 126.7 124.6 122.4 119.6 116.7 114.5 111.3 106.2 97.6 91.2 93.9 96.6 94.5 89.5 85.8 92.4 93.8 95.3 98.4 100.5 98.1 98.9 97.9 97.8 100.2 102.6 103.3 101.8 103.4 112 112.6 113.5 114.5 112.9 106.8 97.5 87.1 85.5 86.1 90.5 86.2 74.1 63.6 59.5 56.9 54.8 51.7 47.7 53.1 57 57.1 60.2 63.2 64.4 64.7 63.8 61.7 60.5 60.6 59.2 56.6 54.9 53.1
