app/static/ascii/SE14.asc
ncols 200
nrows 200
xllcorner 410000
yllcorner 440000
cellsize 50
[rows 105 to 139 of 200, columns 0 to 79 of 200]
345.3 347.3 345.5 343.9 345.3 352.4 361.8 361.4 360.4 361.1 361 360.5 360.5 360.9 362 362.8 363.1 363.8 364 364.6 364.8 365.7 366.1 366.6 368.2 369.7 371 373.2 374.1 375.2 375.2 375 375 376.2 376.8 377.1 377.1 376.9 377.3 376.7 376.4 376 376.2 376 376.4 375 373.7 372.6 371.6 369.9 369.3 369.5 369.6 369.1 368.8 369.4 369.2 368.7 367.6 363.3 359.6 357 356.9 357.2 357.2 357.1 357.2 357 356.6 354.7 353.5 353.4 353.9 354.1 354 353.2 351 347.4 343.5 337.7
340.3 341.5 340.8 342.2 341.8 346.9 359.2 359.6 358.4 358.4 358.4 358.1 358.3 358.5 358.8 359.8 359.9 360.1 360.8 361.6 362 362.5 363 363.7 364.6 366.2 368.1 370.8 371.7 371.8 372.2 372.6 372.8 373.5 374.2 374.1 374.8 375 374.7 374.1 373.4 372.9 372.1 371.9 370.7 369.9 369.6 368.3 367.6 366.8 366.4 367 367.3 367.2 367.1 367.5 367.6 366.9 365.8 363.4 358.5 356.4 355.1 354.9 354.4 354 353.6 353.4 353.2 352.5 351.1 350.1 350.8 350.9 350.8 350.9 350.9 349.5 345.9 342.5
336.8 337.1 337 339.3 338.1 342.9 354.1 358.7 355.7 355.4 356 356.6 356.5 356.3 356.3 356.2 356.8 357.4 357.9 358.6 359.6 359.6 360.1 360.5 362.1 363.8 365.5 368.7 370 370.1 370 370 370.4 370.9 371 371.4 372 372.2 371.9 371.2 370.3 369.6 368.8 367.8 367.2 366.2 365.9 364.9 364.1 363.8 364.2 364.1 364.5 365 365.3 365.4 365.4 364.8 364.1 363.6 360.6 356.6 354.5 353.3 352.2 351.8 351.7 351.7 351.8 350.3 348.6 348 347.6 348.2 348.2 347.8 348.5 349.1 348.3 345.7
332.5 332.4 333 334.3 334.9 338.9 346.7 351 350.7 352.7 354.6 355.5 355.1 354.5 354.1 353.4 353.8 354.4 355.2 355.4 356.1 356.3 357.7 358.2 359.4 360.8 363.9 366.3 367.2 367.6 367.6 367.7 367.9 368.5 368.7 369.1 369.7 370.1 369.9 369.4 368.2 367.2 366.2 364.7 364.2 363 362.3 361.6 361 361.4 361.3 361.7 362.3 363 362.7 362.6 362.9 362.9 362.7 361.9 360.5 357.6 354.6 352.5 350.4 349.9 350 349.9 349.8 348.9 346.3 344.9 344.7 345.1 345.7 345.2 346.7 347.6 347.5 346.4
328.1 329.2 329.6 330.8 331.7 335.1 342.5 345.3 346.3 348.1 348.4 349.3 350.5 352.2 352.1 351.2 351.1 351.9 351.8 352.2 352.7 354.1 354.7 355.6 356.5 358 361.2 363.2 364.1 364.3 364.7 365.3 365 365.1 366.4 366.6 367.4 368.1 368 367.5 366 365 363.4 362.5 361.1 360 359.1 358.8 358.4 358.6 359 359.3 360.1 360.2 360.2 360.3 360.5 360.7 360.4 359.8 359 357.4 353.6 351.1 349.4 348.1 348.1 347.4 346.7 346.5 344.5 343 341.6 341.3 342.4 343 344.8 345.1 345.4 344.8
324.1 325.5 326.3 326.7 328.5 331.4 337.4 340.8 342.1 344.4 344.6 345.4 346 346.3 346.2 346.4 347.9 349.3 349.9 349.9 350.1 351.2 351.5 353.1 354.3 355.7 358.3 359.9 360.7 361 361.4 362.2 362.8 363 363.8 364.9 365.5 365.9 365.9 365.2 364.5 363.3 361.3 359.4 358.2 357.3 356.8 356.6 356.3 356.1 356.3 357 357.6 357.9 358 358.1 358.1 358.4 358.1 357.5 356.7 355.6 353 349.5 347.6 346.9 346.3 345.8 345.2 344.1 342.8 341.5 340.4 339.3 340 341.7 342.1 341.7 341.5 341
318.2 321.6 323.2 323.6 324.2 327.1 328.5 336 337.8 340.7 341 341.9 342.2 342.3 342.7 342.4 344.2 345.3 347.2 347.9 347.9 348.6 349.4 350.2 351.4 353.5 354.9 356 357.2 357.8 358 358.8 359.6 360.2 361.1 362.3 363.4 363.7 363.5 362.9 362.2 361 359.1 356.9 356 355.1 354.5 354.3 354.6 354.6 354.4 355.1 355.1 355.6 355.7 355.5 355.6 355.8 355 354.9 354.7 353.5 351.8 348.4 346.3 345.5 344.9 344.2 343.4 342.5 341.4 340.2 338.8 337.5 338.1 338.5 338.7 338.3 337.8 337
312.6 318.6 320.1 321.3 321.1 321.8 323.7 330.2 333.4 337.1 338 337.8 337.5 338.3 338.1 339 340.7 342.2 343 344.6 345 346.3 347.1 348 349.2 350.4 351.4 352.3 353.5 354.5 354.8 354.9 356.1 357.4 358.4 359.5 360.7 361.1 361.1 360.6 359.8 358.6 356.7 354.9 353.3 352.8 352.5 352.5 352.8 352.9 352.6 352.7 352.8 353.3 353.1 352.9 353.2 353 352.7 352.4 351.8 350.8 349 347.6 345.4 344.5 343.9 343.1 342.3 341.2 340 338.6 337.1 335.4 334.7 334.9 334.6 334.2 333.1 332.6
310.7 315.1 317.4 318.9 319 320 322.6 327 329.7 332.9 334.1 333.3 333.3 333.8 334.3 335.5 336.6 337.4 339 341.5 343 344.4 345.8 346.1 346.2 347.4 348.2 349.2 349.6 350.3 350.2 351 352.5 354.1 355.6 356.7 357.6 358.1 358.4 357.9 356.7 355.6 354.2 352.5 351.5 351 350.7 350.9 351.1 351.2 350.8 351 351.1 351.5 351 350.5 350.7 350.2 349.8 349.8 349.3 348.6 347.5 345.7 344.1 343.1 342.3 341.5 340.7 339.3 338.1 336.4 335.1 333.2 331.8 331.9 330.8 330.1 328.8 328.6
309.4 313.8 313.9 316.7 316 318.1 320.6 322.5 327 328.6 330.5 329.9 329.8 330.2 330.7 331.6 332.9 334.2 336.2 338.7 340.1 342.2 341.7 344.3 345 344.6 344.7 344.7 345.3 345.2 346.3 347.2 349.2 350.8 352.3 354 354.7 355.2 355.6 355.1 354.2 353.2 352 350.5 349.8 349.2 349.4 349.6 349.7 349.6 349.6 349.6 349.7 350 349.5 348.9 348.5 347.8 347.1 346.8 346.8 346 345.4 343.8 342.6 342.1 341 340.1 339 337.8 336.3 334.8 333.3 331.5 329.6 328.3 327.4 326.7 326.8 325.7
307.4 310.2 310.7 312.7 313 316.7 317.5 318.6 321.7 323.4 326.8 326.2 325.6 326.4 327.2 328.5 329.7 330.9 332.4 334.4 335.2 336.2 336.7 337.9 340.6 342.4 343.1 341.9 342.3 342.2 343.1 344.3 345.8 347.3 348.7 350.2 351.6 352.4 352 352 351.5 350.4 349.4 348.9 348.2 347.8 348 348.3 348.1 348 348.2 348.2 348.3 348.5 348.1 347.6 347.1 346.7 344.9 344 343.3 343.7 343.7 343.1 342.1 340.7 339.6 338.6 337.4 336.1 334.8 333.1 331.4 329.5 327.5 325.5 325 324.5 323.7 322.5
304.1 306.3 306.8 306.7 310 312.6 312.9 314.5 316.1 321.6 323 321.6 322 322.5 323.3 324.2 324.7 326.4 328 329.7 330.8 331.9 332.7 333.1 334.3 334.7 337.4 338.5 339.8 340.2 340.9 341.1 342.2 344.4 345.8 347.2 348.2 348.3 348.7 349.2 349 348.1 347.4 347.2 346.8 346.7 346.6 346.7 346.5 346.6 347.1 347 347 346.9 347.1 347.2 346.6 346.2 345.1 343.9 342.7 342.5 342.4 342.1 341 339.7 338 336.2 335 333.7 332.4 330.9 329.4 327.6 325.6 324 321.9 321.3 320.5 319.3
302.6 302 301 303.5 307.3 307.3 308.1 311.1 314.9 315.4 318.2 318.2 318.2 318.5 319.5 319.8 320.8 321.9 322.9 325.6 326.6 327.8 328.3 328.7 329.6 330.2 330.8 333.8 336.3 337.7 338.5 339.7 340.7 341.5 342.6 343.3 344.3 345.1 345.7 346.2 346.5 345.8 345.7 345.4 345 345.1 345 344.6 345 345.2 345.7 346 346.1 346.1 346.3 346.5 346 345.6 344.2 343.7 342.9 341.7 340.5 340.4 339.2 337.5 336.2 334 332.6 331.1 330 328.7 327.2 325.6 323.8 322.3 319.9 318.3 317.6 316.1
298.3 298.5 298.1 301.3 302.5 302.3 306.9 310 312.9 312.8 315.3 314.1 314.3 315.5 315 316 317.3 317.2 318.9 320.4 321.6 322.9 323.1 324.5 325.4 325.4 326.1 327.5 332.1 334 335.2 336.7 338.6 338.9 339.6 341 341.5 342.1 342.7 343.2 343.6 343.6 343.2 343.4 343.4 343.8 343.6 343.7 343.9 343.8 344.1 344.3 344.4 344.7 344.9 345.4 345.3 345 344 343.3 342.5 341.7 339.8 338.1 336.8 335.6 334.1 332 330.6 328.9 327.3 325.8 324.8 323.3 321.9 320 317.6 315.4 314.7 314.1
295.9 296.1 292.8 296 298.3 302.4 304.1 304.7 305.8 310 311.2 309.8 311.8 312.5 311.9 312.5 313 313.7 315.5 317.1 317.6 318.6 318.7 319.7 320.4 320.3 321.3 323.3 326.1 329.7 331.2 333.9 336.4 338.1 337.4 337.9 338.5 339.2 339.7 340.3 340.6 340.6 340.8 341.3 342.1 342.2 342.2 342.7 342.4 342.3 342.4 342.6 342.8 343.2 343.7 343.8 343.8 343.8 343.4 342.6 341.7 340.6 339 337.4 335.7 333.6 332 330.2 328.5 327.2 325.2 323.6 321.5 320.2 318.7 317.1 315.4 313.8 310.8 310.6
291.9 291 287.3 291.9 295.4 299 300.2 299.5 301.8 306.7 306.8 306.9 309 308.9 309.4 309.5 309.4 310.2 311.5 313.5 313.8 314.4 314.8 315.6 316.2 316.6 318.4 320.5 322.2 324.8 327.9 330.1 332.7 334.7 335.8 335.8 336.3 336.8 337 337.3 337.7 338.5 339.6 340 340.8 341.1 341.3 341.2 340.9 341 341.2 341.6 342.3 342.5 342.7 342.5 342.8 342.7 342.2 341.5 340.7 339.5 338.2 336.6 335 333.1 330.7 327.9 326.3 324.7 322.8 320.7 319.3 317.1 315.6 314.7 313.2 311.7 309 307.3
289.4 287.5 281.4 287.3 288.6 292.5 294.3 293.5 295.9 302.4 303.9 303.4 304.8 305.7 305.9 306.3 306.9 307.1 307.6 308.4 309.9 311 311.3 312.1 312.9 313.7 315.7 317.6 319.3 322.1 325.9 327.3 329.3 331.1 332.6 333.8 334.2 334.9 335.4 335.8 336.4 336.5 337.8 338.6 339.5 340 340 339.6 339.6 339.8 340 340.6 341.1 341.5 341.5 341.2 341.7 341.5 341 340.3 339.6 338.4 337.1 335.5 334 331.9 329.8 327.9 325.5 322.6 320.8 319 317 314.9 313.4 311.8 310.3 308.9 307.4 304.4
283.6 283.2 278.8 280.3 282.6 284.4 287.2 288.6 292.8 299.8 301.2 299.4 300.9 301.1 301.4 302.4 303.3 303.7 304.2 305.2 306.7 307.6 307.9 309 310.2 312.1 313.2 314.7 318 320.4 323.1 324.7 327.4 328.4 329.7 330.9 331.8 332.7 333.2 333.9 334.8 336.2 337.4 338.2 338.7 338.8 338.6 338.7 338.4 338.4 338.9 339.5 340 340.5 340.1 339.9 340.2 340.2 339.8 339.1 338.5 337.4 335.9 334.3 332.7 330.8 328.8 326.7 324.4 322 319.8 317.5 314.9 312.8 311.6 309.5 307.8 306.2 305 302.8
277.5 276.5 273.8 275.4 277 278.7 282 284.5 288 297.1 296.5 297.2 298.1 297.2 297.3 299.2 300.2 300.7 301.1 302.3 303.3 303.9 305 305.8 307 308.3 309.6 312.2 315.5 317.8 320.2 322.5 325.6 326.6 327.6 328.6 329.2 330 330.2 332.4 333.9 335.1 336 336.8 337.1 337.4 337.3 337.2 337 337.2 337.8 338.5 339 339.1 338.8 338.7 338.8 338.8 338.4 337.8 337.2 336.1 334.7 333.1 331.5 329.8 327.7 325.5 323.2 320.9 318.6 316.3 313.9 310.8 309.2 307.4 306 303.9 302.4 300.7
273.1 271.8 268.7 270.4 272.7 274.5 276.7 279.2 283.5 292.6 290.4 295 294.8 293.8 294.6 295.3 296.2 298 298.1 298.7 300.3 301.1 302 302.8 303.6 305.3 307.7 310.2 313.3 315.6 318.3 320.6 323.1 324.7 325.1 326.5 327.3 328.2 329.2 331.7 332.5 333.4 334.2 334.6 334.9 335.3 335.3 335.6 335.6 336.1 336.7 337.4 338 337.8 337.8 337.5 337.4 337.3 336.8 336.5 335.7 334.7 333.4 331.9 330.3 328.5 326.4 324.3 321.9 319.5 316.8 314.5 312.3 310 307.7 305.8 304.2 302.2 300.2 297.8
270.5 267.8 265 266.5 268.3 269.2 270.5 272.4 278.7 287.3 286.7 291.6 291.7 291.2 291.8 291.9 292.7 293 294 295.2 296.3 298.3 299.3 299.5 300.6 302.5 306.3 309.2 311.3 313.6 316 318.6 320.2 322.4 322.8 324 325 325.7 328.3 329.8 331.2 331.4 332.4 332.4 332.9 333.2 333.8 334.1 334.3 334.8 335.7 336.4 337.1 337.2 337 336.8 336.6 336.2 335.8 335.5 334.4 333.4 332 330.5 328.5 326.5 324.6 322.4 320.2 317.5 314.8 312.6 310.4 308.1 305.8 302.8 301.1 299.4 297.6 296
265.7 262.8 259.8 262.4 264.7 266 266.8 268.2 276.7 281.4 281.3 287.6 285.8 288.1 288.3 288.9 290.5 290.2 290.4 290.9 292.1 294.1 295.6 295.9 296.3 301.2 304.9 307.4 310.5 312.6 314.7 318 318.3 320.3 320.8 321.5 323.2 324.1 326.6 327.9 330 330.3 330.5 330.6 331.4 331.3 332.2 332.6 333.1 333.8 334.9 335.7 336.2 336.6 336.5 336.4 336.4 335.9 335.2 334.7 333.4 331.8 330.3 328.7 326.6 324.7 322.8 320.4 317.9 315.2 313.1 311 308.4 305.8 303.9 301.4 299.1 297.7 296.2 294
261.3 258.4 258.4 259.5 260.8 262.2 265.3 266.9 273.4 275.7 276.7 285.1 282.7 284.6 283.9 285.3 286.8 287.7 287.2 288.2 288.1 289.2 289.1 291.1 295.7 300.6 303.4 306.1 310.1 312.6 314.3 316.5 317.2 318.4 318.4 319.7 321.1 322.9 324.2 325.9 327.8 328.7 328.7 329.1 329.4 329.7 330.6 331.5 332.2 332.8 334 334.8 335.1 335.6 336.2 336.1 336 335.8 334.9 334 332.5 330.3 328.2 326.5 324.6 322.6 320.7 318 315.8 313.6 311.4 308.9 306.5 303.8 301.2 299.5 297.4 294.9 293.2 290.9
259.4 254.1 253.4 255.3 257.2 260.1 263.9 265.8 269.6 270.2 273.6 281.8 280.6 279.2 276.7 277.1 280.5 282 284.1 285.4 284.9 284.1 286.5 290.6 295.4 299.8 303.7 307.5 310.1 311.9 313.3 315.1 316.2 315.1 316.4 317.5 319 320.7 322.1 323.6 325.6 326.4 327.2 328 327.6 328.2 329 329.9 331 332.2 333.2 333.7 334 334.5 335.4 335.7 335.9 335.9 335.1 334.2 331.8 329.3 326.8 324.4 322 320.1 318.2 316 313.5 312 309.3 306.1 304.4 301.8 299.4 296.9 294.4 292.4 290.6 288.6
251.2 247.7 248.6 251.5 254.5 260.1 261.5 264 266.1 266.7 269.5 276.9 276 272.8 271.4 270.6 271.4 275.3 278 280.3 279.4 281.4 286 290 296.1 300.7 304.1 307.7 309.3 310.4 311.6 312.6 313.3 314.3 313.8 314.8 317.3 318.5 320 321.4 324.5 325.2 325.9 326.7 326.7 326.9 327.7 328.9 330.3 331.5 332.1 332.6 333.1 333.3 334.2 335.3 335.8 336.1 335.2 334.5 332.7 330.2 327.5 323.8 316.6 315.3 314.7 311.9 309.7 308.1 306 303.6 301 299.2 297.1 294.2 291.7 289.9 287 285.7
239.3 238.2 244 250 254 256.8 258.5 260.2 261.7 263.1 265.2 269.3 271.1 267.4 265.1 264.1 264.8 266.7 266.8 277.5 281.2 283 285.7 289.6 294.2 297.4 303.1 306.3 307.8 308.9 309.6 310.3 311.4 312.8 312.1 312.9 315.4 317.1 318.4 319.4 321.5 323.1 324.3 325.4 325.8 326.1 326.5 327.9 329.3 330.4 331.1 331.5 332 332.2 333.2 334.7 336.2 336.9 336.7 335.8 333.8 332 329 324 319.4 312.9 309.2 308 306.5 304.7 303.1 301.1 298.7 296.4 294.6 292.4 289.8 287.7 286 283.1
234.8 232.6 239.4 248.2 252.3 254.4 256.5 258.5 258.4 260.4 262.1 262.2 262 261 259 254.7 264 271.6 279.4 281.3 283 283.9 285.2 287.7 290.9 295.2 302 304.4 306.4 307 307.2 308 309.6 311.2 310.9 311.1 313 315.1 316.5 317.5 319.8 320.9 322.1 323.7 324.6 324.7 325.6 326.9 328.1 329.2 329.8 330.1 330.5 330.9 332 334.1 335.9 337.7 337.9 337.5 335.6 333 329.6 324 317.8 313.2 309.6 304.7 303.9 302.7 301.1 299.3 297.7 294.3 292.8 290.9 288.8 286.5 284.3 281.9
239 223.3 237.4 247.4 251.7 253.6 254.7 256.1 255 256.9 255 255.6 256.3 256.2 250.9 260.6 270.3 275.7 283.7 286.9 285.1 284.7 285.8 287.3 290.2 296.4 300.1 302.3 304.1 304.9 304.9 306.7 308.5 308.6 309 309.3 311.2 312.6 314.7 315.9 317.8 319.4 320.5 322.5 323.5 323.7 324.5 325.7 326.3 327.4 328.8 328.7 329.4 330.2 331.1 331.8 331.4 334.7 334.6 332.8 332.7 333 328.3 324.4 318.1 312.5 308.5 305 302.7 300.3 298.6 296.1 294.6 293.3 290.4 288.7 287.3 285.2 283.6 281.3
239.9 223.3 233.4 245.1 250.7 250.2 252.6 253.6 252.3 252.9 252.7 254.1 253.8 248.5 252.4 262 269.9 273.9 278.9 284.8 288.3 287.1 286.7 287.8 290.6 294.8 297.9 300.3 301.6 302.4 302.8 304.4 307.2 306.2 307 307.5 309.3 310.7 311.8 313.8 315.6 317.3 318.9 320.4 321.9 321.4 322.6 323.7 325 325.8 326.8 327.5 328.8 329.9 329.9 328.1 325.6 324.9 326.7 327.6 328.1 328.1 324.4 320.2 314.5 310.7 307.8 304.9 303.1 300.8 297.7 295.3 293.8 292.3 289.1 287.2 285.8 283.8 282.1 280.6
236.3 223.3 231.8 241.4 245.5 249.7 251.3 249.4 249.4 250.1 251.1 253.5 241.1 248 257.1 261.3 269.5 272.6 276.2 281.2 287.8 289.7 289.7 290 291.1 293.6 296 298.2 299.1 299.8 301.3 303 304.7 304.1 304.2 305.9 307.5 308.3 308.6 311.5 312.8 314.4 316.4 318.5 319.4 319.6 321.1 322.4 323.3 323.4 324.4 327.3 329.6 328.6 326.8 321.7 317.3 317.3 317.3 319.2 319.9 319 315.8 312.3 310 308.6 306.8 307.1 305.7 303.5 300.3 296.4 295 294.2 291.4 286.9 284.3 282.9 280.6 278.8
236.5 223.3 223.3 233.4 242.6 246.6 244.5 246.2 245.2 245.6 242.9 240.7 234.2 251 258 261.4 269.3 273.3 273.3 277.2 284.6 290.1 292.8 292.8 293.4 294.6 296.3 296.4 296.8 297.5 299 301.9 302.3 302.3 302.2 304.3 305.2 306.2 306.8 307.8 310.4 312 313.6 315.8 316.7 317.7 320.1 322.1 321.4 320.7 320.8 325.2 326.6 322.8 320.3 315.2 309.6 309.6 309.9 309.8 310.8 311 310.5 308.4 306.7 307.3 308.5 308.8 307.3 304.7 301.9 298.6 295.3 293.4 289.4 285.6 282 280.6 278.7 276.8
240.9 224.5 216.5 222.5 232.1 236.1 235.3 235.9 234.2 240.5 233.2 228.1 244.2 255.7 259.5 263.6 267.5 270.3 271.9 276 281.2 287.8 291.7 294.7 294.9 293.8 294.7 294.1 294.3 295.7 297.3 299.9 300.6 300.8 300.9 302.7 304 304.7 305.4 305.8 308.2 309.9 310.6 312.7 313.4 316.7 319 321.1 319.8 317.3 316.4 316.4 314.9 311.2 309 307.3 306.5 306 306.2 305.4 305.8 306 306 306 304.7 307.1 309 307.9 305.5 302.8 300.3 297.2 293.5 290.1 288.4 283.5 280.2 278.3 276.5 275.4
241.3 229.1 217.8 217.3 219.3 221.7 221.2 223.3 223.7 225 219.9 229.8 246.1 255.6 259.6 262.7 263.8 266.2 270.1 274.9 279.3 284.3 288.9 291.4 292.7 292 292.5 292.2 292.1 294 295.1 297 299.1 299.4 299.7 301.4 302.5 303.2 303.9 304.7 305.5 307.7 308.6 309.3 311.9 315 317.6 318.1 317.5 316.3 310.3 310.9 310.7 309.7 308.9 305.9 305.3 304.3 303.5 303.1 302.3 302.5 304.2 303.8 302.5 304.5 305.9 304.9 302.5 300 297.1 294.4 291.1 288 285.9 282.8 279.2 276.3 275.1 273.5
240.1 235 225.3 216.1 213.6 211.4 210.2 211.5 212 211.9 223.3 235.1 247 253.6 256.7 258.4 260.8 264.5 268 272.9 276.5 280.8 283.8 287.6 288.3 288.8 289.2 290 291 291.7 293.3 295.4 297.3 297.5 298.2 300 300.8 301.7 302.8 303.7 303 304.6 305.5 306.9 310 313.3 314 314.4 313.6 314.3 313.3 307.6 306.9 308 307.2 305.2 303 302.4 301.5 300.7 300.2 300.2 301.4 300.5 300 300.9 301.5 300.8 298.5 296.8 293.9 291.7 289.2 287.1 283.8 280.6 277.5 275.3 273.4 271.8
237.6 234.5 231.4 225.1 216.7 205.8 201.8 202.3 203.8 219 231.5 237 245.4 251.4 253.7 254.6 259.9 265.5 268 272.2 276.3 280 282.7 284.7 285.6 287.6 287.6 288.3 289.6 290.7 291.5 294.8 296.3 296.4 296.6 297.7 299.7 301.2 302.5 302.7 302.3 302.6 303.2 304.8 307.5 311.6 311.1 308.5 309.4 310 310.2 308 305.2 304.2 303.6 302.4 301.2 300.9 300.4 299.6 298.9 298.5 298.3 298.3 298.4 298.6 300.1 298.3 296.1 294.5 292.1 289.4 286.5 283.6 281.3 278.5 276.2 274.3 272.5 270.9
