app/static/ascii/SE16.asc
ncols 200
nrows 200
xllcorner 410000
yllcorner 460000
cellsize 50
[rows 0 to 34 of 200, columns 0 to 77 of 200]
379.2 376.5 373.9 371.5 368.4 366.1 364.1 360.4 352.6 345 340.2 338.1 332.4 329 326.1 323.5 318.2 315.7 310.3 302.1 297.9 292.9 290.4 288 284.6 281.4 278.7 276 274 270.8 268.3 268.2 268.6 269 268 265.4 262.4 258.3 251.6 243.8 231 222.1 211.8 199.1 182.9 170.1 158.4 148 137.7 134.3 134.3 134.3 134.3 134.3 134.3 138.2 140.5 141 143.2 150.1 156.5 162.7 171 182.6 194.3 207.5 214.2 217.8 225.3 233.6 245.9 256.8 277.4 289 296.3 302.3 306.1 310.4
384.9 383.6 380.8 378.1 375.7 372.7 371.3 368.8 365.3 357.5 354 351 345.5 340.4 336.7 330.8 322.5 316.8 312.4 308.2 304.4 300.3 297.6 294.5 286.9 283.3 281.4 279.4 278.2 276.4 274.1 271 270.8 270.7 269.3 266.7 262.6 255.6 245.1 232.5 227 215.5 207.4 196.1 180.8 170.2 159.3 149.7 139.2 134.3 134.3 134.3 134.3 134.3 134.3 134.3 139 141.5 140 147.9 154.7 162.1 172.7 185.9 198.6 209 214.7 218.5 224.8 236.6 247.4 263.4 279.2 289.2 295.7 301.3 305.6 310
391.7 388.9 386.7 384.9 382.9 381.8 379.8 377.4 374.5 370.7 367.5 362.9 358.7 352.7 344.2 335.3 327 318.8 312.4 309.8 307 304.5 302.1 298.5 288.8 286 283.9 282.4 280.1 278.7 277.1 273.4 271.2 269 266.3 261.5 251.6 242.8 233.1 224.1 216.9 207.6 201 191.8 178.3 167.3 158.2 150.5 143.3 137.6 134.3 134.3 134.3 134.3 134.3 134.3 134.3 134.3 139.8 145.5 151.9 161.9 172.2 185.7 198.5 209.3 213.9 218.6 226.7 236.8 251 268.5 282.7 291.3 297.7 302.6 306.2 309.6
395.5 393.2 390.9 388.6 386.5 384.6 382.5 380.4 377.7 374.2 371.2 368.5 364 357.8 350 339.7 330.3 320.5 313.6 310 307.9 305.7 303.5 295.5 292.1 288.3 286.1 284.7 282.6 280.6 278.8 275.7 270.7 258.5 256.6 248.1 238.4 230.6 223 215.6 208.8 199.7 193.9 185.2 175.5 165.2 156.7 150.2 142.8 136 134.3 134.3 134.3 134.3 134.3 134.3 134.3 134.3 139.3 139.9 150.6 160.1 171.7 186.3 199.9 208.3 213.9 220 228.6 238.7 254.3 273 285.1 293.8 298.5 302.3 305.8 307.6
396.3 394.4 392.5 390.4 387.5 385 382.5 380 377.4 373.8 368.9 366.7 362.9 357.7 350.6 336.2 324.8 319.9 313.8 310.1 307.9 306.4 303.4 300.6 299.1 295.9 290.2 286.2 284.1 281.2 278.6 275.3 269.5 260.2 243.5 236 228.1 220.5 213.9 208.1 201.2 193.3 186.4 179.1 168.6 159 152.3 146.1 140.4 141.1 139 134.3 134.3 134.3 134.3 134.3 134.3 134.3 134.3 139.4 148.8 157.7 169.5 186.8 200.2 209.6 214.7 221.7 229.7 240.3 256.5 276.2 286.4 294.2 298.3 301.2 303.7 306.1
397.2 395.2 393.2 391.3 387.8 384.3 381.5 378.3 372.4 368.4 359.6 356.3 354.3 349.5 340.7 329.2 319.4 315.4 312.1 309.5 306.6 305.1 303.6 301.8 300.3 297.5 291.5 286.6 284 281.1 278.3 274.6 268.8 252 241.1 232 233.5 224.8 212.2 204.1 188.3 184.5 177.3 171.3 165.1 155.4 149.9 148.3 145.1 143.3 141.5 134.3 134.3 134.3 134.3 134.3 134.3 134.3 134.3 137.5 146.8 156.3 167.8 185.2 199.4 210.2 215.7 222 230.8 242.5 260.9 278.8 287.8 294 297.6 300 302 304.4
398.7 396.6 394.6 392.2 390.3 386.4 383.6 380.7 375.9 369.6 360.8 349.5 339.3 335.2 329 322.2 321 319.2 315.1 311.1 307.1 304.1 303.3 300.4 299.2 297.7 297 291.8 284.7 281.8 278.8 275 257.1 266.1 256.3 250 243.4 234.7 227.7 219.9 211.6 195.3 186.1 175.8 173.4 164.3 157 149.9 146.1 142.3 138.8 134.3 134.3 134.3 134.3 134.3 134.3 134.3 134.3 134.3 143.3 153.6 164.4 180.6 196.4 210.4 215.8 220.6 231.1 244.5 263.4 279.1 287.1 295.6 297.7 299.5 300.9 302.5
401.7 398.9 396.5 394 392.6 389.1 386 382.3 378.2 372.8 363.7 357.2 351.8 341.3 337.8 333.8 326.8 322.3 316.1 314 310.5 308 305.2 303.1 301 298.8 298 297.2 295.5 287.1 281.7 276 275.4 271.9 268.9 265.4 257.9 250.2 242.3 233.6 224.1 216.1 204.3 191.3 182.2 169.7 159.1 152.7 148.3 143.4 138 134.3 134.3 134.3 134.3 134.3 134.3 134.3 134.3 134.3 138.9 146.7 158.8 174.2 190.7 207.3 215.3 221 231.4 245.6 262.5 277.1 283.7 291.5 296.8 297.9 299.1 300.7
404.1 402 399.2 396.4 394.6 391.9 389.1 384.8 381.5 378.5 372.3 362.3 358.7 346.5 338.1 334.4 326.9 322.6 320 315.8 312.3 309.8 305.6 303.2 301.3 299.6 297.9 296.7 296 294.1 283 279.7 282.2 280.9 277.6 273.4 268.2 261.9 251.2 241.6 232.6 223.3 213 197.8 187.1 175.5 161.9 155.3 151.2 145.7 139.3 134.3 134.3 134.3 134.3 134.3 134.3 134.3 134.3 134.3 134.3 142.1 154.1 167.1 185.3 200 213.9 219.3 230 243.3 260 274.8 279.1 285.8 294.6 296.1 297 298.7
407.5 403.8 401 398.8 396.7 394.3 390.6 387.4 384.3 382 379 373.6 365.2 358.7 346.9 337.9 338.7 330.5 320.7 315 311.2 307.9 304.9 303.1 301.2 299.7 298.6 296.4 294.2 291.7 285.1 283.4 285.2 285.4 282.3 278.1 274 268.5 259.8 246.4 236.8 225.6 215.5 201.9 185.2 176.8 168.2 159.2 154.5 148.1 142.6 134.3 134.3 134.3 134.3 134.3 134.3 134.3 134.3 134.3 134.3 137.7 149.3 161 177 193.3 207.7 216.3 223.9 236.4 251.6 267.3 274.5 279 286.9 293.8 293.8 296.4
412.7 406.3 402.7 401 398.6 396.8 393.9 389.7 387.5 385.3 382.1 378.2 374.7 367.5 363.6 354.2 342 340.6 333.2 322.8 315.4 311.8 310 306.4 303.3 300.9 299.1 296.8 293.5 293.9 291.2 286.7 285.1 285.9 284.4 281.2 276.4 271 263.3 249.8 236.2 225.2 213.4 202.8 182.7 175.7 168.6 160.3 153.5 147.4 141.6 138.3 134.3 134.3 134.3 134.3 134.3 134.3 134.3 134.3 134.3 138.2 145.3 156 167.2 185.8 198 212.9 219.7 228.4 241.7 254.5 270.7 272.1 277.4 285.6 291.7 293.3
416 412.6 407.8 404.6 401.3 398.9 396.9 393.4 390.3 387.3 384.3 381.3 378.5 375.1 370.3 364.1 354.3 344.9 337.8 326.9 326 318.4 314.9 309.4 306.5 303.6 300 297.4 296 293.2 290.2 287.9 284.1 283 283.9 281.5 276.8 270.4 258.2 245.4 221.4 217.8 207.8 195.7 185.2 172.3 160.8 152.5 152.3 148.4 143 138.3 134.3 134.3 134.3 134.3 134.3 134.3 134.3 134.3 134.3 134.3 140.5 150.6 161.3 176.2 189.9 204 214.6 224.5 232.9 241.5 256.6 264.4 268.7 275.8 284.7 287.9
420.2 416.7 413 409.8 405.3 401.9 399.1 396 393 390.5 387 384.3 381 377.1 372.9 368.1 363.1 357.6 346.2 338.2 336.3 327.2 318.4 311.9 308.5 305.4 301.6 298.1 297.2 293.2 289.7 285.9 284.8 277.9 280.4 279.6 274.3 262.7 243.6 225.9 213.7 204 191.8 181.3 172.5 165 164.6 164.1 161.6 156.9 152.5 144.5 137 134.3 134.3 134.3 134.3 134.3 134.3 134.3 134.3 134.3 134.3 142.8 154.2 165.8 181.6 194 207.4 215.9 221 228.4 239.9 251.2 258.9 267.8 274.2 278.4
421.7 419.9 416.5 413.3 410.7 404.4 402.5 399.7 396.9 393.9 390.5 387.2 383 379.2 374.8 370.3 365.5 360.3 353.8 344.1 338.9 334.4 325.9 318.1 309.2 306.3 303.1 300.2 298 293.8 288.6 285 275.9 279.6 268 272.1 258.3 250.5 229.7 212.4 211.2 201.4 190 190.2 187.4 181.6 176.4 170.8 166.3 160.6 155.5 149.9 144.5 140.8 134.3 134.3 134.3 134.3 134.3 134.3 134.3 134.3 134.3 134.3 145.3 157.2 169.7 184.5 195.8 208.5 214.3 219.8 228.6 236.8 246.8 259.3 266.4 270.5
423.6 421.6 418.8 416.2 414.6 410.2 405.5 402.9 399.9 396.3 392.6 388.6 385.2 380.8 377 372.6 367.5 362.8 357.1 351.3 343.8 332.5 329 320.6 311.3 306.6 303.5 300.3 296.8 294.1 293.1 289.1 284.8 280.2 273.2 254.3 249.6 234.1 229.7 245.7 235.1 219.9 201.6 203.5 199.8 193.9 185.8 176.3 170.7 164.6 159 154.6 149.7 145.7 134.3 134.3 134.3 134.3 134.3 134.3 134.3 134.3 134.3 134.3 138.4 149.3 160.1 174.2 184.2 193.9 206.1 212.8 220.1 226.5 235.3 247.2 254.6 262.7
423.2 421.2 420.2 418.4 415.7 412.5 408.3 405.2 401.8 398.2 394.5 391 387 383.2 378.7 374.2 369 364.4 359 352.6 342.7 332.8 317.8 312.6 308.8 306.4 303.5 302.1 301.8 300.2 295.1 291.7 287.9 284.7 282 277.2 275.8 268.6 260.5 251.5 243.1 224.1 220.8 218.9 212.4 204.5 195.8 184 178.4 169.9 163.1 158.3 154.9 146.9 137.9 134.3 134.3 134.3 134.3 134.3 134.3 134.3 134.3 134.3 134.3 137.7 150.3 160.3 172.2 181.3 191.8 206.3 214.6 221 227.2 233.6 239.8 253.9
422.4 419.8 419.8 418.4 416.3 413.4 409.5 406.6 403.2 399.7 396.4 392.3 388.3 384.2 379.9 375.4 370.3 365.7 360.1 351.9 341.1 330.7 316 321.1 315.9 312.6 310 308.3 309.2 305.1 298.4 292.6 289.4 286.8 284.9 283.7 278.3 273.3 264.9 255.2 243.7 236.5 232.5 228.3 221.9 214 204.7 189.7 183.8 175.5 167.5 160.7 153.6 151.9 144.3 135.2 134.3 134.3 134.3 134.3 134.3 134.3 134.3 134.3 134.3 134.3 140.3 151 160.2 171.9 182.5 196.5 210.2 215.6 220.5 226.2 232.2 244.2
422.5 419.6 417.6 415.6 414.6 413.5 409.7 407 404.4 400.9 396.9 393.2 389.2 384.9 379.4 375.6 370.6 364.6 357.8 341 331.2 323.1 328.3 328.9 327.2 333.1 326 312.9 309.8 306.5 300.1 295.1 290.8 288 285.9 284 280.4 276.4 271 263.7 259.7 252.8 244.7 238.4 230.1 220.9 211.6 200.1 189 180.8 173.8 164.4 156 156.4 149.5 145.4 134.3 134.3 134.3 134.3 134.3 134.3 134.3 134.3 134.3 134.3 134.3 140.8 149.7 159.8 175.4 186.2 199.1 209.5 214.1 219.4 224.5 235.3
422.8 421.4 419.6 417.2 414.5 411.3 408.8 406.1 404.2 400.2 396.7 392.6 389.3 384.7 379.7 375.1 368.8 358.7 344.7 331.3 333.2 331.8 340.6 345.6 343.9 340.5 335 323.2 310.5 304.8 301.8 299.9 290.8 287.7 285.7 283.6 281.8 280.6 278.9 273.4 270.4 264.9 256.7 245.9 236.2 227.1 218.2 208.7 198.3 186.3 177.3 166.6 163.8 161.5 157 150.9 141.1 134.3 134.3 134.3 134.3 134.3 134.3 134.3 134.3 134.3 134.3 134.3 139 149.4 165.8 176.3 187 197.2 207.5 213.9 218 226.8
421.6 419.1 417.3 415.6 413.6 410.1 408.4 404.7 402 399.4 395.9 391.4 387.4 383.1 377.9 370.5 353.8 339.1 337.6 336.2 345 350.8 353.5 351 349.9 345.4 338.2 330.6 318.5 308 304.6 303.3 293.1 288.5 286.3 283.9 282.1 281.1 280.4 277.5 273.2 270 266 253 242.2 233 222.7 212.8 198.3 188.6 179.4 175.6 170 164.9 160.2 155.8 145.9 134.8 134.3 134.3 134.3 134.3 134.3 134.3 134.3 134.3 134.3 134.3 134.3 141.3 154 164.3 173.2 180.6 197.6 208.3 213.5 222.2
418.7 415.9 413.6 412 411.5 409.4 407.9 404.8 399.9 397 393.7 390.1 385.6 380.7 371.8 350 352.9 355.2 357.4 356.2 360.6 359.9 356.7 354 351.4 348.8 341.8 333.1 324.9 313.4 306.9 301.3 297.6 292.2 287.9 285 282.8 281.5 280.8 279.6 273.9 269.4 265.9 255.3 244.4 235.4 223.9 211.1 198.6 192.4 188.4 180.7 175.6 169 164 160.1 153.9 143.3 134.3 134.3 134.3 134.3 134.3 134.3 134.3 134.3 134.3 134.3 134.3 134.3 145.1 154.7 155.7 174.2 186.5 199.9 209.2 216.4
415.9 412.4 410.9 408.4 408.2 407.2 404.4 402.6 398.9 395 391.1 385.5 383.3 368 354.1 367.9 371.5 370 367.6 366.7 366.3 364.4 360.8 356.4 352.8 349.9 346.3 337.8 325.4 319 311.3 304.3 301.2 297.4 291.9 287.2 284.4 281.7 280.4 278.8 273.3 268.2 263.5 255.2 243.9 235.7 227.6 216.3 210.9 205.1 198 189.3 179.3 174.4 168.7 163.5 159.2 148.9 138.1 134.3 134.3 134.3 134.3 134.3 134.3 134.3 134.3 134.3 134.3 134.3 134.3 141.7 154.5 164.6 175.4 187.5 202.4 209.8
414.9 412.1 406.8 405.6 404.3 402.8 401.1 398.7 395.7 391.2 386.2 373.7 364.7 379 381.2 380.2 377.6 374.8 372.4 370.9 368.9 367.4 363.1 358.9 355.2 351.2 347.6 340.8 330.9 318.9 315.5 308.7 304.3 300.4 295.5 290.1 286.7 283.1 280 277.7 273.4 268 263.1 257.5 250 240.8 231.7 228.7 222.5 213.8 206.8 197.5 185.5 178.4 173.6 168 161.8 154.5 144.7 134.3 134.3 134.3 134.3 134.3 134.3 134.3 134.3 134.3 134.3 134.3 134.3 134.7 147.9 156.4 167.2 178.1 192.7 204.2
413.2 409.5 406.7 403.1 400.6 397.9 394.2 388.4 383.3 377.5 382.4 385.9 387.7 387.7 385.4 383.1 380.7 377.6 374.9 372.9 371 368.7 365.6 361.2 357.5 353.2 348.6 343 334.9 327.8 320.8 314.3 308.9 303 298.2 293.1 288.7 284.5 281.4 277.9 273.6 269.2 265.2 260.1 254.1 246.5 241.1 235.3 229.1 222.5 212.6 205.1 197.5 181.5 176.9 171.8 164.2 159.2 150.6 142.7 136.8 134.3 134.3 134.3 134.3 134.3 134.3 134.3 134.3 134.3 134.3 134.3 138.9 149 159.1 169.7 180.5 194.5
410 407.7 403.2 399.3 392.6 389.2 394.8 394.9 397.2 396.4 394.8 393.2 392.7 390.8 388.9 386 382.8 379.5 376.4 373.9 371.9 369.8 367.3 363.6 359.5 354.5 348.9 342.9 337.9 331.1 324.5 317.7 311.7 306.3 299.6 294.2 289.9 286.1 283.1 279.9 275.7 271.5 267.7 263.6 258.5 253 246.6 238.8 232.3 227.7 219.5 211.8 203.1 193.3 184.6 174.4 169.6 162.7 156.9 147.5 140 134.3 134.3 134.3 134.3 134.3 134.3 134.3 134.3 134.3 134.3 134.3 134.3 138.8 150.9 160.9 170.3 182
404 403.8 397.9 398.3 402.2 401.2 400.9 401.9 401.4 399.9 397.4 396.2 395.1 393.2 390.7 386.9 384.2 380.7 377.3 373.7 371.4 369.5 367 364.9 360.4 356.1 351 342.4 338.8 334 328.1 320.2 311.9 305.5 300.1 295.4 291.1 287.7 285.2 282.1 278.8 274 269 265.8 264.4 260.5 252.7 245.7 238.8 228.6 224.4 216.1 207.5 198.3 189.9 181.5 170.9 165.1 158 154.4 146.3 139 134.3 134.3 134.3 134.3 134.3 134.3 134.3 134.3 134.3 134.3 134.3 134.3 143.3 150.5 159.9 171.3
413.7 412.4 410.6 407.9 405.5 403.9 403 402.5 402.3 401.1 398.8 396.2 395 394.1 392 389 385.4 382 378.2 374.2 370.9 368.6 366.6 364.4 362.2 358.7 353.9 347.5 341.1 335.3 328.5 321.8 314.1 306.9 300.9 296.1 292.3 289 286.3 283.8 280.9 277.7 271.8 268.4 267.2 265.1 257.6 250.8 242.4 233.9 223.3 219.8 210 201.9 192.8 184.7 175.5 167.2 162.9 158 149.8 141.5 136.4 134.3 134.3 134.3 134.3 134.3 134.3 134.3 134.3 134.3 134.3 134.3 134.3 141.8 150.7 160.5
417.4 414.7 412.5 409.7 407 404.6 402.8 401.4 400.3 398.8 397.6 395.4 392.7 392.1 391.2 389.2 386.3 381.5 377.5 373.8 370.2 367.2 365.1 362.9 360.7 358.1 354.6 348.7 343.7 337.7 330.5 324.1 315.6 308.3 303.2 297.9 293.7 290.2 287.8 285.4 282.7 280.1 275.9 271.2 269.4 267.8 261.8 253.8 244.8 237.4 229.1 220.3 211.4 200.7 191.3 186.1 179.2 172.9 165.5 159.7 155.9 147.7 138.5 134.3 134.3 134.3 134.3 134.3 134.3 134.3 134.3 134.3 134.3 134.3 134.3 134.3 139.2 150.7
418.9 416.1 414 411.6 408.7 405.5 403 400.9 398.1 395.4 393.6 392.3 390.7 389 388 386.6 383.8 380.1 376.7 372.4 368.5 365.9 363 360.4 358.9 356.8 352.4 346.5 342.5 337.6 331.4 325.1 317.8 309.2 304.2 300.2 296.1 292.6 289.1 286.9 284.3 281.6 278.4 274.3 272.5 271.2 262.2 254.3 246.8 239 231.4 223.5 213.4 203.1 196.8 188.8 182.1 175.8 169.4 163.7 158.7 152.1 144.2 134.3 134.3 134.3 134.3 134.3 134.3 134.3 134.3 134.3 134.3 134.3 134.3 134.3 134.3 140.1
420 417.4 415 412.6 409.5 406.5 403.5 399.7 396.7 393.7 390 388.2 385.8 385 382.9 382.2 380.1 377 374.9 371.4 367.3 363.9 360.1 357.1 355.1 354.3 349.8 342.9 339.3 334.5 330.8 322.6 318.7 310.1 305.1 300.8 297.5 294.3 290.5 288.2 285.6 284.1 279.6 277.5 276.7 274.8 270 255.6 247.4 238.3 231.8 224 215.8 207.5 194.2 187.3 181.2 176.6 171.6 166.4 160.5 156.3 148.2 136.3 135.3 134.3 134.3 134.3 134.3 134.3 134.3 134.3 134.3 134.3 134.3 134.3 134.3 134.3
418 416.5 414.6 412.6 409.9 406.8 403.5 400 396.2 392.2 388.5 385 382 380.3 378.2 377.1 375.8 374.4 372.3 369.8 365.8 361.6 357 353.4 351.3 348.8 345.6 340.7 336.6 332.8 329.7 324.1 317.6 311.9 306.4 301.2 298.3 294.9 290.7 286.5 285.4 283.5 282.3 281.5 280 277.2 269.6 252.9 247.3 239 230.7 223.5 215.8 202.8 199.4 187.2 182.2 178.1 173.1 167.5 162.1 157.9 154.2 140.1 138.6 134.3 134.3 134.3 134.3 134.3 134.3 134.3 134.3 134.3 134.3 134.3 134.3 134.3
415.1 413.5 412.2 410.2 407.9 405.7 403 399.9 396.5 392.7 388.7 384.4 379.6 376.9 374.4 373 372 371.3 369.5 367 363.9 359.6 355.1 352 349.6 346.9 342.5 338.3 334.3 331.5 329.1 325.3 318.7 313 308.8 302.8 299.1 295.2 290.6 285.6 282.1 283 284 283.9 281.7 276.3 265.1 255 242.4 237.9 229.7 221.5 211.6 200.2 197.1 189.2 179.8 178.3 173.8 169.1 163.9 157.8 147 142.2 147.1 147.1 134.3 134.3 134.3 134.3 134.3 134.3 134.3 134.3 134.3 134.3 134.3 134.3
410.5 409.6 408.2 406.9 405.2 402.9 400.5 397.9 394.9 391.7 388.3 384.1 379.1 374 369.1 369.1 368.7 368.3 367.5 365 362 358.4 354.1 350.6 347.5 345.5 342.4 336.3 332.6 329.6 326.1 325.2 320.1 315.3 309.3 304.3 299.3 295.1 290 284.4 279.6 275.9 276.8 279.9 271.5 264.4 257.5 250.3 239.6 234.7 227.3 221.1 208 198.3 192.4 187.4 177.7 177.6 174.5 170 164.7 154.9 143.7 153.5 151.4 145.9 138.4 134.3 134.3 134.3 134.3 134.3 134.3 134.3 134.3 134.3 134.3 134.3
406.2 404.2 403.1 401.8 400.4 398.5 396.2 393.9 391.4 388.1 384.8 381.3 377.2 372.7 369 365.3 365.2 365.5 364.9 362.9 360.4 357.6 353.6 349.1 345.5 342.3 340.6 338.6 333.6 327.3 323.6 322.1 320.3 315.3 309.5 304.2 298.7 293.5 288.1 282.6 276.4 272.8 268.7 266.2 264.5 256.3 252.4 247.2 238.4 231.8 225.8 219.3 208.6 201.7 193.3 184.2 178.7 174 172.4 169.8 161.3 147.1 155.7 158.2 155.6 152 146.1 142.4 135.7 134.3 134.3 134.3 134.3 134.3 134.3 134.3 134.3 134.3
404.5 401.1 398.7 396.5 394.6 392.4 390.7 388.3 385.8 382.9 379.7 376.4 373.1 370 366.5 363.2 361.3 360.7 359.7 358.4 356.3 353.5 350.1 345.6 341.8 338.6 334.4 332.4 329.9 324.8 320.8 317.2 316.6 312 306.3 303.2 296.7 290.5 285.1 279.7 273.7 270.4 267.1 261.4 258.6 251.3 248 243.2 235.7 232 226 219.1 211.3 203.8 195.6 188.1 181.4 177.5 168 161 153.3 159.1 160.9 159.9 157.9 153.4 149.1 149.1 141.3 135.6 134.3 134.3 134.3 134.3 134.3 134.3 134.3 134.3
