app/static/ascii/SE19.asc
ncols 200
nrows 200
xllcorner 410000
yllcorner 490000
cellsize 50
[rows 140 to 174 of 200, columns 78 to 155 of 200]
173.4 173 172.1 173 171.5 170.6 169.9 169.3 169.3 168.3 167.5 166.6 167.2 166.5 165.9 165.7 164.8 164.2 163.4 163.2 162.7 162.2 161.8 161.6 160.7 160 159.6 156.9 154.8 153.7 151.3 160.7 162.5 164.5 163.5 163.9 164.2 164.5 165.2 164.1 165.3 164 161.7 160.7 159.9 159 158 156.5 155.1 153.5 152.3 150.8 148.5 147.3 145.5 144.3 142.4 146.8 146.9 147.2 147.1 147.1 147.5 147.4 148.2 147.7 145.2 142.4 140.9 139.6 137.7 137.1 135.9 135.7 135.4 134.8 133.6 132
173.7 172.4 173 173.2 173.1 173.6 172.6 172 171.2 170.1 168.7 168.3 167.3 167.1 166.7 166 165.1 164.7 163.7 163.7 162.9 162.7 161.8 161.4 162.2 161.8 160 159.1 161.8 159.6 155.2 148.3 154 160.8 162.5 161.4 161.1 160.3 159.4 155.6 149.8 144.6 143.2 144.1 147.2 145.7 145.7 148 150 148.1 146.1 145.5 144 142.4 141 140.1 137 142.8 143.9 144.9 146.5 146.4 145.8 145.5 144.7 145.8 144.9 142.5 141.8 140.4 139.2 137.1 135.4 136.3 135.4 134.5 133 132.1
173.4 172.8 173.9 173.9 174.2 173.9 173.1 172.3 171.5 170.9 170 169.5 168.7 169.2 169 168.2 167.4 166.8 167 165.8 164.9 164.5 164.1 163.7 163.9 163.4 163.5 163.4 163.4 163.3 163 160.3 152.1 152 150.1 150.5 151.7 152.6 151.5 152 150.5 144.9 143.9 144.8 150.4 149.6 145.2 144.3 142.1 142.4 140.9 138.7 137.5 136.2 138.4 136.2 135.2 135.7 135.8 139.5 142.3 144.1 144.6 144.7 144.2 143 142.8 143 142.3 141.4 140.5 139.1 137.9 137 136.1 135.2 134.6 133.6
172.4 172.5 173.4 173.9 173.9 172.9 171.7 170.6 170.6 169.2 168.1 168 168.9 169.8 169.9 168.6 167.2 166.4 165.8 165.7 164.9 164.6 164.7 164.4 165 165 165.1 165.3 164.9 164.8 164.1 163.4 162.6 161.8 160.8 159 158.3 157 158.9 158.7 158 152.1 147.8 155.8 158.3 157.7 156.8 155.3 154 152.1 150.6 149.2 147.5 145.8 144.2 142.1 141.4 139.2 137 131.9 131.3 138.4 140.7 141.4 142.1 141.2 140 140 140 140.4 140.3 139.7 138.8 137.6 136.7 135.9 135.1 134
171.7 172.1 172.3 172.3 173.2 171 169.9 169 168.9 168.9 168 166.8 167 167.2 167.3 166.5 165.7 165.1 164.7 164.7 164.8 164.8 165 165.1 165.9 166.6 167.3 167 166.4 165.8 165.2 164.5 163.4 162.4 161.7 161.2 160.5 160 159.5 159.1 159.6 159.1 159.1 159.6 159.7 159.1 158.6 157.9 156.7 155.3 153.9 152.4 150.9 148.9 147.1 144 143.2 142.3 140.9 139.4 135.9 131.1 133.1 136.1 138.6 138.5 138.7 138.2 137.8 137.3 137.1 137.5 137.4 136.7 135.7 135.1 134.5 133.2
170.9 170.3 170 169 169.1 169 168.4 167.7 167.4 167.8 167.1 165.8 165.1 165.3 165 164.1 163.1 163 162.8 163.3 163.5 163.4 165.1 165.8 166.8 167.3 167.6 167.4 166.9 166 165.6 165.1 164.1 163.3 162.6 161.5 160.7 160.3 160 159.2 158.7 158 158.7 159.4 159.7 159.8 159.8 159.6 158.6 157.7 156.3 155 152.8 151.1 148.7 145.8 144.8 143.3 141.7 140.3 139.2 137.8 132.6 129.2 131.7 134.1 135.4 136 135.8 135.1 133.7 133.4 133.9 134 133.4 132.9 131.8 130.7
170.4 169.9 169.5 169.2 168.3 168.5 168.5 167.8 167 166.6 165.5 164.6 164.1 164 163.7 162.4 161.3 161 160.7 160.9 161.3 162.2 164.2 166.2 167 167.3 167.5 167.2 166.7 166.4 165.8 165.3 164.4 163.6 162.8 161.9 161.6 160.7 160.4 159.4 159.1 158.3 157.3 157.9 158.8 159.2 159.2 159.2 158.8 158.2 156.9 155.3 153.5 151.3 149.1 146.9 145.2 143.3 141.7 140.6 139.3 137.6 136.5 133.4 128.5 128.5 130 132 132.8 132.6 131.8 131.3 130.2 130.1 129.4 129.4 129 127.8
171.6 171 170.9 170.7 170 169.2 168.5 167.1 165.8 164.8 164.4 163.7 162.6 161.9 161.6 160.7 159.9 159.7 159.6 159.5 160 160.7 162.1 164 164.8 165.4 165.9 165.8 165.3 164.6 164.7 164.8 164.4 163.9 163.1 162.7 162.3 161.5 160.7 159.9 159 158.4 157.2 156.2 156.5 157 157.3 157.6 157.3 157 156.1 154.7 153.2 151.1 149.1 147.2 145.3 143.3 141.6 140.3 138.9 137.9 137 136.2 135.1 132.2 126.9 127.2 127 127.2 126.5 125.9 126 125.6 125.3 125.8 125.7 124.8
171.3 171.6 170.9 170.5 170.8 169.9 168.4 166.9 165.4 164 163.4 163.2 162.2 162 161.7 160.9 160.1 159.9 159.3 158.9 158.8 159.3 160 161.4 161.9 162.4 162.7 163.1 163.6 163.5 163.6 163.9 164.3 163.9 163.4 162.8 162 161.2 160.3 158.9 157.9 157 156.4 155.6 154.7 154.7 155 155.2 155.4 155.2 155 154 153 151 148.5 146.7 144.5 142.3 140.4 139 137.9 137 136 135.4 135.1 134.4 133.1 129.6 125.7 124.3 126.1 125.9 123.9 122.2 122.2 121.5 122.5 122
170.5 169.9 169.7 169.7 169.2 167.9 166.6 165.5 164.8 163.6 162.8 162 161.1 160.9 160.6 159.8 159.8 159.8 159 158.5 158.4 158.6 158.4 159.2 159.7 159.9 160.2 160.7 161.4 161.7 161.9 162.1 162.1 162.8 162.2 161.4 160.8 159.8 158.6 157.7 156.7 155.7 155 154.2 153.7 153.5 153.1 153.4 153.8 153.9 153.8 152.4 151.5 149.9 147.6 145.4 142.9 141.2 139.2 137.9 137 136 135.2 134.7 134.4 134.1 133.7 133.3 132.4 131.2 130 129.2 128.3 127 125.4 121.1 120.5 120.2
168.5 168.1 167.8 167.4 166.8 165.8 164.8 164.5 164.2 163.2 162.4 162.8 162.2 162 161.6 161.2 159.3 158.7 159.1 158.7 158 158.1 158.3 158.1 158 157.8 157.8 158.5 159 159.5 160 160.2 160.3 160.4 159.9 159.2 158.8 157.9 156.7 156 154.3 154 153.6 152.9 152.7 152.5 152.5 152.4 152.4 152.6 152 151 149.8 148.2 146.4 144.4 142.1 140.2 138.9 137.5 136.5 135.7 134.9 134.3 133.5 133.2 132.9 132.6 132.2 131.2 129.8 129 128.1 127.1 126 124.5 122.4 120.6
166.5 165.5 165.3 165.2 164.7 164.2 164.4 163.9 163.8 163.4 162.8 162.6 162.2 162.1 162 161.5 159.7 158.2 158 157.8 157.5 157.6 157.5 157.4 157.4 157.2 157.8 157.4 157 157.2 157.5 157.8 157.9 157.7 157.1 156.7 156.4 155.7 155.3 154.6 154 152.8 152.3 152.1 151.9 152 152.1 152 151.9 151.7 151 149.9 149.2 147.4 145.8 144.1 142.2 140.6 139 137.5 136.2 135.4 134.7 134.2 133.3 132.5 131.6 131.3 131.1 130.3 129.3 128.2 126.9 125.9 123.9 122.3 124.4 124.6
164.8 164.7 163.1 163.2 163.4 163.3 163.9 164.1 164.6 164.3 163.6 162.8 161.8 160.8 160.1 159.8 159.1 158.1 156.7 156.5 156.8 157.2 156.9 156.7 156.8 157.1 158.1 158.1 157.1 156 156.2 156.6 156.9 156.9 155.9 155.3 154.5 154.3 154.1 154.2 153.7 153.1 152.7 152.3 151.6 151.6 151.6 151.6 151.6 151.3 150.4 149.9 149.5 147.8 146 145.3 143.2 141.7 140.1 138.5 136.8 135.6 134.5 133.9 133 132.4 131.5 130.7 130.1 129.3 128.4 128.4 125.8 126.1 126.1 125.4 124.9 125.1
161.7 160.8 159.5 161.5 161.2 162.3 162.7 162.9 163.5 164.3 164 163 162 161.4 159.4 158.8 158.1 157.3 155.9 157.4 157.6 157.5 157.1 157.1 157 157.1 157.7 158 158.4 156.7 155.6 155.3 155.5 155.6 155.4 154.5 153.3 153.2 153.5 153.7 153.6 153.6 153.2 152.9 152.4 152.2 151.9 151.8 151.6 151.5 150.8 150.3 149.8 148.5 147.1 146.1 144.5 143 141.4 139.9 138.5 137.2 135.9 134.9 134 133.1 132.1 131.1 130.8 129.7 129 128.1 126.2 127.8 127.5 126.5 125.6 125
161.7 161.6 160.6 158.1 157.4 159.7 160.6 161.1 161.7 162.5 162.5 161.9 161.1 159.9 158.8 158.3 157.3 155.5 154.4 156.5 157.7 158.3 158 157.6 157 156.1 156.4 156.5 156.8 155.9 155.7 154.9 154.4 153.9 153.6 152.8 151.9 152.5 152.9 153.1 153.2 153.7 153.7 153.3 152.9 152.6 152.4 152.1 152.1 151.6 151 150.3 149.6 148.3 147.3 146.4 145.4 144.3 142.8 141.3 139.9 138.6 137 135.7 134.9 134.1 133.3 131.9 130.7 130 128.9 127.9 127.8 127.8 126.9 126 125 124.1
165.7 164.6 163 161 159 155.9 157.1 158.2 159.3 159.6 159.6 159.2 158.2 157 155.8 154.8 154 152.8 152.1 153.6 155.3 155.9 156 155.4 154.6 154.3 153.8 153.9 153.9 153.7 153.5 152.5 152 152 151 150.7 150.3 150.9 151.7 152.1 152.4 152.8 152.9 152.5 152.4 152.2 151.9 151.6 151.8 151.2 150.5 149.9 149.2 148.3 147.1 145.9 144.9 144.1 143.4 141.7 140.3 138.9 137.5 136.7 136.1 135.3 134.1 132.7 131.5 130.7 130.1 129.5 128.8 128 127.1 126.2 125.2 124.4
165.6 164.4 163.2 161.8 160.2 158.2 156.2 155 155.9 156.1 156.5 156.3 155.4 154.6 153.3 152.1 151.3 150.1 149.6 150.5 152.1 152.1 152.9 152.7 151.9 151.4 150.8 150.8 151.1 151.1 151.1 150.3 150.1 150 150 149.1 148.4 149 149.9 150.4 150.6 151 151.4 151.2 151 150.8 150.6 150.6 150.4 150 149.3 148.7 148.4 147.6 146.5 145.3 144.1 143.6 142.9 141.7 140 138.3 136.6 136.2 136.1 135.6 134.6 133.4 132.4 131.5 130.8 130.2 129.5 128.9 128 127 126.2 125.5
166.5 164.8 164.2 163 162.1 160.4 158.9 157.2 155.3 152.8 153.2 153.4 152.9 152.4 151.4 150 148.3 148.1 147.6 148.3 148.8 150.2 150.1 150.2 148.5 149.1 148.9 149.3 149 149.5 149.4 148.6 148.2 148.3 148.3 146.9 146.4 146.4 147.3 148.1 148.7 149.1 149.3 149.8 149.6 149.4 149.4 149.5 149.1 148.8 148.4 148.1 147.6 146.9 146 145 144 143 142.2 141.2 140.2 138 137 136.7 136.8 136.4 135.6 134.4 133.3 132.2 131.5 130.9 130.2 129.7 129.2 128 127.3 125.7
168.4 166.3 165 164.1 163 161.5 160.6 159.5 157.7 155.2 152.7 151.9 151.5 150.9 150.1 149.2 148 147.7 147.4 147.3 146.8 146 148.2 147.7 146.1 146.8 147.3 146.3 147.4 148 147.9 147.7 147.1 147.2 147.3 146.1 144.8 144.9 145.5 146.4 147 147.4 148.5 148.7 148.4 148.7 148.8 148.8 148.7 148.6 148.3 148.2 147.6 146.8 146 145 143.8 143.5 142.2 141.8 140.4 139.8 139.5 138.7 138.3 137.9 137.1 135.9 134.8 133.7 132.4 131.6 131 130.5 130 128.9 127.1 124.8
167.9 166.3 165.4 164.9 164.1 163.2 162.3 160.6 158.7 156.7 155 152.3 151.4 150.7 149.8 148.9 148 147.4 146.9 146.6 145.6 145 145.1 146.6 144.3 145.3 145.8 145.3 146.9 147 146.8 146.4 146 146.3 146.3 146 144.7 144.2 145.5 145.7 145.4 145.1 145.8 146.7 146.9 147.2 147.9 148.4 148.1 147.8 147.5 147.4 146.9 146.1 145.3 144.6 143.7 143.7 142.9 142 141.8 142.2 141.8 141.1 140.3 139.6 138.7 137.6 136.6 135.6 134.3 133 131.8 131.1 130.3 129.1 127.2 124.6
166.9 165.5 165 164.9 164.6 164.1 162.8 161 159 157.3 154.1 152.4 151.5 150.4 149.7 149.3 148.4 147.6 147.3 146.3 145.6 144.6 142.7 144.3 144.1 143.8 143.6 142 141.1 143.9 145.2 145 144.9 144.3 144.1 143.7 144 143.9 144.8 144.9 145.1 144.7 144.9 145.4 146 146.1 146.5 146.7 146.8 146.3 146 145.5 145.1 144.6 144.2 143.7 143.3 143.2 142.5 142.5 143.2 143.9 143.5 142.9 141.5 140.6 140 139 137.9 136.8 135.7 134.9 133.4 132.2 131.4 130.2 129.1 125.7
164.7 162.9 163 163.6 163.1 162.5 161.6 160.4 158.6 157 154.8 153.6 154.5 153.6 152.2 151.3 150.4 149.5 149.1 147.5 146.8 146.5 146 145.4 144.4 142.9 141.2 140.4 141.6 138.8 138 137.4 136.1 136.2 138.4 142.4 142.5 142.6 143.3 144.1 145 144.8 144.7 145.5 145.8 145.9 145.7 144.9 144.8 144.8 144.6 144.2 144.2 143.9 143.9 143.3 143.9 143.3 143.4 143.4 143.5 143.7 143.5 142.5 142 141.2 140.3 139.4 138.5 137.3 137.1 136.1 134.9 133.6 132.5 131.7 130 128.3
162.1 161.3 161.3 161.7 161.2 160.8 160.7 159.7 158.6 157.1 154 158.4 158.5 157 155.7 155.2 153.9 152.7 151.3 149.8 149.2 148.1 147.2 146.3 145.7 144.6 143.9 143.7 144.3 144.1 143.3 144.7 143.1 138.9 132.7 133.8 135.9 137.3 139 141.5 142.7 144.4 143.5 143.6 143.9 144 144.3 143.5 143.7 143.7 143.7 143.5 143.4 144 144.2 144.3 144.1 143.8 143.7 143.1 142.5 142.4 141.7 140.8 139.9 138.7 137.7 136.9 136 135.5 135 134.6 134 133.4 132.3 131.9 131 130
161.5 161.1 160.6 160.6 160.2 159.8 160.4 158.5 156.2 156 158.5 161.2 161.2 160.1 158.9 158 156.8 155.5 153.4 151.9 150.6 149.7 148.3 147.4 146.8 146.6 146.4 146.2 146.1 146 145.6 145.4 144.2 143.5 142.4 140.4 135.9 129.9 129.9 132.7 137.4 142.3 143 143 142.5 142.5 142.6 143 143.6 143.3 143.4 143.2 143.6 144.2 144.4 144.5 144.2 143.6 143.2 142.7 141.3 140.4 139.4 138.6 137.4 136.3 135.2 134.2 132.9 132.3 131.8 132.3 132.1 131.8 131.4 131.6 130.8 130.2
161.5 161.2 160.7 160.2 159.7 159.2 157.8 158 158.7 159.3 160.2 161 161.3 160.3 159.3 158 157.5 157 155.1 154.6 153.5 152.4 151 150.2 149.5 149.5 148.9 149 148.4 147.8 147.8 146.9 146.1 144.6 143.5 143.9 143.2 138.1 129.3 127.6 129.9 139.9 141.4 141.6 141.2 141.2 141.4 141.9 143 143.4 142.9 143.1 143.6 143.6 143.7 143.7 143.4 142.7 142.3 141.9 140.6 139.2 138.1 137.6 135.6 134.4 133.4 132.1 130.5 129.6 129.5 129.9 130.1 130.1 130.3 130.5 130.6 130.2
161.5 161.7 161.8 160.9 160.5 160.2 160.2 160.2 160.5 159.6 159.4 158.6 158.9 158.9 158.6 158.3 158 157.8 157.5 156.4 155.6 154.7 153.7 152.7 151.3 151.7 151.1 151.6 151.6 150.3 149.8 148.5 146.6 145 143.5 142.4 141.5 141.5 141.5 133.8 126 130.5 139.9 141.9 140.6 140.4 140.3 140.5 141.1 141.4 141.9 141.9 142.3 142.9 142.9 142.6 141.6 141.5 141.2 140.7 140.2 139.1 138.4 136.6 135.4 134 132.5 131.1 129.8 128.9 128.4 128.5 128.5 128.8 129.1 129.4 129.9 129.7
163.5 163.4 163.4 163.7 162.4 161.9 162 161.6 159.8 158.8 158.1 156.7 157 157.3 157.6 157.5 158.5 158.8 158.6 158.2 157.2 156.3 155.5 154.9 153 152.1 151.3 151.3 151.2 151.7 151.6 149.7 147.2 145.7 143.7 142.9 141.1 140 141.1 139.6 130.9 127.8 139.5 140.9 140.6 139.7 139.4 139 138.9 139.3 139.9 139.6 140.5 141 141.2 141.3 139.7 140.2 139.6 139 138.8 138.3 137.7 136.9 135.8 134.2 132.6 131.3 130.2 129.2 128.4 127.9 127.5 127.4 127.9 128.2 128.7 129.2
167.3 168.1 168.2 167.9 167.2 165.9 165.5 163.2 160.7 158.2 156.3 155.7 155.2 155.7 156.5 156.6 157.5 158.4 158.4 157.9 157.2 156.3 155.2 154.1 152.3 151 150.4 150.3 150.2 150.7 151.5 150.4 148.7 147 145.6 144.1 141.9 139.5 139.2 139.8 133.5 124.4 136.4 139.2 139.8 139.2 137.2 137.3 137 136.9 137 137.3 138.5 138.7 138.5 138.5 138.2 138.5 137.8 137 136.8 136.5 136.2 135.8 135.6 134.4 132.8 131.6 130.6 129.7 128.8 127.9 127.1 126.7 126.5 126.4 126.7 127
172.2 172.5 173.2 172.6 170.8 168.7 166.7 163.6 160.8 158 155.6 155.1 156 156.1 156.2 156.2 156.4 157 157.4 156.8 155.9 155.2 153.7 152.4 150.5 149.7 148.7 148.4 149.2 150.2 151.3 151.1 150.3 148.2 146.3 144.1 142.1 140 138 137 134.8 124 128.7 137.1 137.9 137.4 135.3 134.9 134.6 134.1 134.3 134.5 135.6 135.6 135.2 135.5 135.5 135.6 135.5 134.6 134.4 134.3 134.3 134.1 134.2 133.7 132.6 132 131 130.1 129.1 128.2 127.4 126.6 125.9 125.4 125.1 124.7
177.4 177.4 177 175.3 173.3 170.8 168.2 164.7 161.2 158.3 156.8 156.2 156 156.1 155.2 155.4 155.7 156.3 157 156.3 155 154.1 152.3 149.8 150 149 148.2 148.1 148.8 149 151 150.7 149.9 148 145.6 143.2 141.2 139.3 137.8 134.4 129.6 126.2 120.9 128.8 134.9 134.1 133.4 132.6 132.2 131.8 131.9 132 132.4 132.3 132.1 132.3 132 130.6 132.2 132.3 132.1 131.8 132.1 132.1 132.8 132.7 132.1 131.6 130.9 130.1 129.4 128.6 127.9 127.2 126.3 125.5 124.6 124
179.2 179 178.4 176.7 174.6 172.9 170.4 166.9 162.7 159.8 158.2 157 155.9 156 156.3 156.4 156.3 156.9 157.3 157.2 156.3 154.2 153.3 150.9 149 148.6 148.6 148.8 149.1 149.8 149.6 149 148.2 146.6 144.3 142.2 139.8 138.8 137.5 138 136.8 130.4 125 120 120.7 127.9 131.3 130.5 130.1 129.8 129.7 129.9 129.6 129 128.7 128.5 128.4 128.4 129 129.4 129.8 129.8 130 130 130.9 131.1 131.1 131.1 130.5 129.6 129.2 128.6 127.9 127.2 126.5 125.5 124.5 123
179.6 179.6 178.8 177.7 175.4 174.8 172.5 169.6 166.3 163.5 161.3 159.3 158.8 158.7 159 159.2 159.8 160.2 160.2 159.8 158.3 156.3 154.6 152.8 151.7 149.5 148.9 149.3 149.6 149.7 149.2 148 146.6 145.4 143.9 142.6 141.4 140.3 140.1 140.1 139.9 138.5 135.6 132.2 127.4 115.9 118.3 123.4 122 124.1 127.7 128 127.6 126.8 126.7 125.9 125.1 125.2 125.3 126.9 127.7 127.9 127.8 127.3 128.1 128.6 128.9 129.1 128.9 129.4 128.5 127.5 127.1 126.7 125.8 125 124.3 123.4
181 181 180.3 177.5 176.7 175.8 174.1 171.3 169.4 167.3 165.3 163.6 163.3 163.2 163.5 163.4 163.6 164 163.7 162.1 160.2 158.1 156.5 155.1 153.3 152.1 151.1 150.7 150.5 150.9 150.2 149.4 148.2 146.6 144.4 143.5 142.5 142 141.5 141.1 140.4 140.2 134.3 133.5 132.1 121.8 118.6 114.9 113.7 113.7 115.3 124.9 126.3 125.5 124.7 124 123.1 122.9 122.4 121.8 125.4 125.5 125.3 124.8 125.3 125.1 125.1 126 126.3 127 126.5 126.4 126.4 126.3 125.7 124.7 124.5 123.7
181.4 180.2 179.3 176.3 174.6 174.9 174.3 172.8 171 169.7 168.8 168.3 168 167.6 167.2 167 166.7 166.4 165.6 163.8 162.5 160.7 158.5 157.1 156.4 155.6 154.9 154.1 153.3 152.3 151.4 150.5 148.9 147.2 145.1 143.9 142.7 141.7 141.1 141.8 141.2 140.1 138.2 136.2 128.7 128.2 129.1 127 120.2 110.5 111.5 115.4 126.3 125.2 124.2 123.2 122 121.6 120.8 118.6 117.2 117.5 119.6 120.9 120.7 120.9 120.6 120.9 121.7 124 124.4 124.7 124.9 124.7 124.1 124.6 125 124.3
179.4 177.7 177.8 175.4 173.8 173.5 173.3 172.9 171.8 171 170.4 169.8 169.4 168.3 168.8 168.3 167.4 166.6 165.7 164.1 162.8 161.3 160.8 158.9 158.2 157.5 156.6 155.4 154.4 153.1 151.6 150 148.2 146.4 144.6 142.9 141.6 140.9 140.3 140.4 140.6 139.7 138.1 135.9 129.9 125.4 127.6 128.1 126 120.3 108.6 110.5 125.9 125.9 124.5 123.7 122.6 121.3 119.7 118.1 116.4 114.5 113.9 113.7 113.5 113.9 115.1 116.1 116.6 119.8 120.9 121.9 122.5 122.8 121.7 123.3 124.4 124.4
