app/static/ascii/SE27.asc
ncols 200
nrows 200
xllcorner 420000
yllcorner 470000
cellsize 50
[rows 0 to 35 of 200, columns 0 to 80 of 200]
142.6 144 145.1 143.1 146 146.8 145.2 146.3 146.8 146.3 144.4 141.1 135.6 133.6 136.7 138.7 135.3 129.6 122.6 116.9 115.6 114.4 113.5 115 117.6 114.9 111.3 104.2 96.3 92.2 90.6 89.9 91.2 91.5 90.5 87.3 83.4 81.2 80.8 80.2 79.5 78.6 77.9 77.5 77 76 76.3 76.2 75.5 75.3 75.8 76.5 75.1 73.3 72.5 73.6 74.7 78.2 79.6 78.4 76.2 73.5 71.2 71 70.1 77.9 84.7 89.6 93.9 96.4 96.6 96.6 97 97.6 98.3 98.8 94.7 94.4 94.7 94.7 94.5
144.1 146 147 148.9 153 154.6 152 151.5 149.7 148.3 147.3 143.6 140.1 139.5 143 143.2 139.4 132.1 126.5 121.9 119.6 118.3 116.8 116.7 117.4 117.1 114.2 104.1 99.6 93.4 91.8 91.4 91.7 92 96 94.7 88.9 83.2 80.7 80.1 79.5 78.7 77.9 77.4 76.9 75.9 76.1 75.6 74.7 74.8 74.4 74.6 74.3 73.2 72.6 71.9 71.9 72 79.5 77.6 75.5 72.7 70.8 70.1 72.2 81.5 85.8 90.4 95 97 96.9 96.9 96.8 97.1 96.6 97.4 95.5 94.6 94.4 94.3 94.1
147.3 148.6 150.2 152.5 156 157.3 157 156.7 155.3 153.1 151.4 147 140.7 140.9 143.5 145.4 141.9 134.7 129.4 124.5 124.2 122.4 120.2 118.6 117.6 118 116.1 106.7 101.4 95.1 92.6 91.4 91.3 91.5 95.1 95.4 91.5 86.5 79.9 79.6 79.2 80.5 79.8 78 76.8 75.9 75.7 74.9 73.9 74.3 74.4 73.2 73.7 73.4 72.6 72 71.4 71 77.1 75.8 73.8 72 70.7 69.6 73.6 77.3 80.9 88.3 92.9 96.2 96.8 96.5 96.1 96.7 97.2 97.4 96.8 97.4 95.5 94.5 93.7
150.8 151.3 152.9 155.6 158.5 159.3 159.5 158.8 157.3 155.1 153.3 149.9 144.3 140.7 142.4 145.3 141.4 135.3 130.8 127.1 126.5 125 122 119.3 117.5 116.3 115.2 108.6 102.4 98.8 93.7 92.4 91.4 91.5 92.4 94.1 91.4 88.8 87.2 84 83.6 82.7 81.8 81 78.9 77 75.2 74.5 74.9 74.3 74.2 73.2 73.2 73.6 73.1 72.4 71.2 70.6 72.8 73.1 71.7 71.6 71.1 70.5 73.6 74.9 76.4 83 90.8 93.6 96.3 96 95.7 95.8 95.5 94.9 98.9 100.5 98.8 97.1 94.8
155.5 155.3 155.3 157 160.4 161.7 160.8 159.7 159 157.2 155.4 150.6 146 140.7 140.7 143.3 141.6 135.9 132.3 128.6 127.2 125.8 123 119.9 117.6 115.7 114.1 108.4 103.5 99.7 95.1 93.4 92.4 91.5 92 94.6 92.6 89.2 86.9 86 84.7 83.9 83.4 82.4 81.5 80 79.6 78.6 78.1 76.5 74.9 73.7 73.6 73.3 72.7 72.2 71.9 70.5 70 70.1 70.1 69.8 70.7 70.6 72.3 74.1 75.3 78.4 86.4 90.8 93.9 95.6 95.2 94.5 93 93 98.4 102.3 103.5 99.1 95
155.3 155.3 155.3 155.3 160.9 163.2 162.2 161.1 160 160.4 156.6 151.1 147.1 143.6 139.3 137.3 139.3 136.2 132.4 129.6 128.2 126.3 124.8 120.1 117.3 114.8 112.4 107.9 103.8 100.4 96 94.3 92.8 92.5 93.3 95.4 92.9 89.3 87.5 86.6 85.6 84.9 83.9 83.1 82.3 81.5 80.3 79.4 78.4 77.7 76.1 74.8 73.4 72.8 72.2 71.7 71.7 71.3 70.5 70.6 71 71.4 71.1 70.7 70.9 73.3 74.5 76 81.6 88.2 92.8 93.8 93.3 92.6 91.5 91.7 95.5 101.2 101.5 97.2 92.7
155.3 155.3 155.3 155.3 155.3 161.6 162.6 162.8 164 162.8 158.1 152.2 148.6 145.2 141.9 137.4 133.6 133.6 132.1 129.4 127.8 126.2 123.2 119.3 116.9 114.6 112.1 108 104.1 102 96.7 94.3 92.7 92.4 93.5 93.9 93 89.8 88.9 87.8 86.5 85.5 84.4 83.4 82.7 81.9 80.8 79.8 79 78.3 77.1 76.7 76.4 74.7 72.1 71.5 71.6 71 70.8 71 71.3 71.3 69.9 70 70.3 72.8 73.7 74.9 78.1 85.6 92.6 91.4 89.8 90.1 91 91.7 93.7 95.4 97.4 97.7 93.4
160 160.8 162 161.8 155.3 155.3 155.3 162.1 164.5 162.8 159.7 154.8 150.5 146.8 143.3 139.9 136.5 131.4 127.4 124.3 123.1 121.3 120.1 117.7 116.7 115 111.2 106.8 104.6 102.4 96.4 93.9 93 92.4 92.4 92.5 92.8 90.8 89.7 88.2 87 86 84.9 83.8 83.1 82.2 81.3 80.3 79.5 78.8 78.8 78.5 78.1 77.5 76.9 74.9 71.4 71.1 71.2 70.8 71.3 70.1 68.9 69.8 70.5 72 73.4 74.3 78.4 87.3 91.1 88.9 87.8 90.2 92 93.5 92.4 93.3 99.8 100.8 98.2
166.1 166.1 167.4 167.2 165.3 164 160.1 155.3 160.7 162.3 160.1 157.1 153 149.3 145.9 141.5 138.2 134.6 131.3 127.5 124.5 121.2 117.1 117.5 117.1 116 110.5 107.4 106.5 101.9 96.9 94.1 93.5 92.9 92.2 91.7 91.5 91.4 90.1 88.6 87.1 86.1 85.3 84.3 83.4 82.5 81.6 80.7 80.1 80.1 79.6 79.2 78.8 78.6 78 77.1 76.2 75.1 73 71.6 70.3 68.7 69.3 70.2 70.2 70.9 72.7 74.6 83.2 89.2 88 86.7 90.1 90.1 92.1 93.5 92.9 94.1 98.8 102.5 103
172.2 172.2 172.1 172.6 172.4 170.3 168 163.4 156.7 160.5 160.3 157.7 154.9 151.6 147.7 143.4 140 137.2 135.2 132.5 128.1 123.5 122.7 121.6 118.8 116.9 111.8 108.9 108.2 102.8 98.5 95.8 94.7 94.3 93.6 92.8 92.6 92 90.4 88.8 87.4 86.3 85.4 84.6 83.8 82.9 82 81.3 80.6 80.1 79.6 79.3 79 78.7 78.1 77.2 76.6 76.2 75.3 75.3 72.4 69.6 68.5 70.1 70 70.2 72.5 78.8 85.2 85.4 85.3 88.6 90.6 89.2 89.8 91.7 93.6 97.2 98.8 101.7 101.7
178.2 177.4 176.7 176.9 177.4 176.7 175.1 171.8 166.4 159.7 155.6 156.1 155.5 151.6 148.2 145.4 142.3 140.2 138.9 136.6 131.5 125.6 124.7 123.2 120.6 117.7 114.1 113.3 110.4 103.9 100.3 97.4 95.9 95.8 95.5 94.4 93.6 92.9 91.1 89.6 87.9 86.4 85.6 84.7 84 83.4 82.5 81.7 81.7 80.6 79.9 79.3 79 78.5 78 77.2 76.9 77.3 76.7 76 75.3 73.3 67.2 69.7 69.7 69.7 72.5 81 82 82.8 84.8 90.3 93.7 92.8 91.2 92.4 97 102.7 108.5 108.4 106.8
183.6 183.2 181.6 181.6 181.9 181.1 178 175.7 172.5 168.7 162.2 152.8 150.1 150.2 146.2 144.9 143.7 141.6 140.2 138.1 134 127.9 124.8 123.5 122 118.9 115.6 116.7 115.1 104.9 101 98.6 97.4 97.3 97.2 95.4 101.6 98.5 92.5 90.1 88.3 86.8 85.7 85 84.3 83.5 82.9 82.2 81.4 82 82.3 80.5 78.9 78.4 77.9 77.2 77.2 77.4 76.7 76.2 75.6 74.9 67.1 68.5 69.6 69.5 70.5 77.4 79 83.6 86.2 91.1 94.3 93.4 92.1 95.1 101.3 106.8 108.3 105 106.8
189.4 187.6 185.9 185.4 184.4 182.3 179 176.5 174.1 173.5 168 159.8 147.4 144.3 143.2 144.7 144.4 142.2 140.1 137.5 134.3 130 125.7 123.4 122 120 117.4 116.3 113 105.2 101.3 100.1 98.9 98.7 98.4 97.7 98.9 97 93 90.9 88.8 87.2 86.1 84.7 83.8 83.2 82.9 82.3 81.7 81.1 82.3 81.8 79.4 78.5 77.8 77.2 77.2 77.3 76.8 76.4 75.8 75.4 73.1 67.1 68.8 69.5 70.5 74.7 77.7 81.7 85.1 88 90.7 91.7 92.1 99 105.1 107.9 107.7 105 107.5
192.3 191.2 189.2 187.6 186.6 184.4 181.8 178.2 174.8 172.4 170.2 165.8 158.3 145.9 143.1 144.7 143.5 139.5 137.6 134.9 132.6 131.2 127.2 123.1 122.3 119.2 116.6 115.8 112.8 107.3 101.9 100.9 100.4 100.2 99.7 98.8 102.7 96.7 93.8 91.6 89.2 89.6 88.9 85 83.4 83.2 82.9 82.4 81.8 81.3 81.3 80.6 79.8 79.4 78.7 77.6 77.4 77.1 76.4 76.3 76.1 75.1 74.1 68.6 67.3 69 69.7 73.8 75.6 77.6 80.9 81.6 84.3 89.8 91.4 97.9 104.4 107.5 107.9 106.4 106.1
194.1 194.1 192.2 191.5 190.1 187.6 184.5 178.5 173.8 172.5 170.2 166.8 162.4 153.5 143.1 144.2 144 139.4 136.3 134.3 133.1 131.5 128.1 125 122.3 118.7 117.1 114.3 111.4 106.3 103.3 102.6 101.9 101.4 101.4 107.7 109 99.1 94.1 91.8 90 92.6 93.2 89.6 85 83.3 82.9 82.5 82.1 82.2 82.4 81.7 80.6 80 78.8 78 77.6 76.9 76.2 75.7 75.3 74.5 73.8 71.9 67.1 68.5 70.3 73.1 75.1 75.9 77.2 78 81 88.1 88.9 93.5 99.7 104.5 104.5 103.7 104.2
195.4 196.4 195.7 193.7 191.5 188.8 185.3 180.8 175.5 173.1 170.8 168.2 163.8 157.2 147.6 143.1 143 139.8 136.9 135 132.7 130 128.9 126.6 122.9 118.2 116.1 114.8 111 107.9 105 104.5 103.7 102.9 102.7 105.5 103.4 98.5 94 92.1 91.2 95.2 95.6 94.8 95.3 93 89 87.2 85.3 84.1 84 83 81.8 80.8 79.8 78.9 78.2 77.4 76.7 75.7 74.7 73.8 72.9 71.6 69.8 67.1 70.6 73.4 74.5 75.1 77.3 79.5 81.6 85.6 87.1 90.2 95.5 101.4 105.7 103.7 104
197.1 198.7 197.9 196 193.1 189.7 185.7 182.1 178.2 174.2 171 168.5 165.7 161.5 153.3 144.3 143.1 140 137.3 133 129.9 128 127.3 124.5 122.7 119 119 118.1 116.5 111.2 107.8 106.5 105.7 105.3 104.2 103.4 101.1 98.6 97.3 95.4 93.5 95.9 97.8 98.9 100.1 97.5 96.6 95.9 91.8 87.7 86.9 85.6 85.1 84.5 84.1 82.8 80.3 79.1 78 76.6 75.9 74.8 73.6 72.7 69.7 69.1 66.1 73.5 75.1 75.6 77.8 79.9 81.4 84.5 87.4 91 95.5 103.1 107.8 105.5 104.3
197.9 200.3 200 197.2 194.4 190.6 186.3 182.5 179.7 176.8 172.2 170 168 163.2 156.5 149.4 146.6 145.3 141.3 136.2 131.8 128.2 127.1 124.6 124.3 121.6 120.3 120.1 117.6 113 109.2 109.9 108.7 107.5 105.8 103.6 103.4 107.2 105.9 101.6 97 96.5 100.7 105.8 106.6 103.2 101.8 105.2 99.5 92.4 92.5 91.5 90.5 90.5 90.2 88.5 85.1 83.3 81.6 79.3 77.4 73.9 73.4 72.6 70.5 69 68.4 68.6 75.8 76 78.1 79.6 82.1 85.9 89.4 90.8 95 101.9 106.7 107.7 106.6
197.1 199.6 200.9 198.2 194.9 189.9 186.3 184.7 183.2 180 174 171 168.4 162 157.1 150.8 151.2 147.6 143 138.2 132.7 129 128.6 126.9 124.3 121.6 117.6 114.4 112 116.6 117.7 116.6 112.3 110.3 111 111 107.2 105.8 103 100.8 99.1 99.1 100.7 107.1 111.5 111.6 109.8 106.5 102.3 98 100.7 99.2 95 96.6 95.8 92.4 90.2 87.9 86.5 86.4 88.6 79 73.8 72.3 70.5 68.9 68.7 65.9 75.5 76.6 77.8 78 79.5 81.6 85.3 90.7 94.7 99.6 104.1 107.3 107.3
191.6 195.1 198.8 198.5 194.8 191.4 189.6 189.1 187.2 183 178.6 174.3 168.7 164.6 158.2 156.5 150.5 144.6 136.1 137 139.3 137.4 133.7 130.2 126.9 125.6 123.4 123.3 124.3 122.8 123.2 122.4 120.9 116.8 115.6 113.3 108.8 106.5 103.9 106 105.7 101.5 101.7 107.9 111.5 112.7 110.7 103.4 100.3 100.3 101.5 101.4 98.9 96.9 94.7 93 92.9 92 90.6 90.3 89.1 83.2 76.7 72.5 70.6 69 68.7 65.9 74.7 76.2 77.4 77.7 80.1 83.1 87.4 86.2 94.4 98.9 101.8 105.7 107.1
189.7 195.5 197.4 197.5 196.1 192.8 193.5 191.8 190 186.2 181.1 174.5 170.1 167.4 163.6 157.5 146.2 143.9 149.7 147.6 146.3 143.3 138.4 133.1 130.8 130.9 130.1 129.5 129.8 128.5 125.8 124.6 124.1 121.4 119.6 117 112.6 110.4 108.1 115 111.1 103.6 104.2 113.6 112.9 112.1 109.7 105.3 102.5 101.8 101 99.1 98 99.2 97.7 94.8 95.2 94.6 95.5 98.4 93.4 88.7 78.5 74.3 71.5 68.7 68.3 65.9 74.5 76.4 78.5 81 84 85.5 92.4 92.3 90.3 96.4 100.7 104.9 107.2
189.4 194.5 199.4 201.4 199.5 199.4 197 193.4 190 184.9 179.9 178.5 175.4 170.7 166.1 157.1 146.7 156.6 154.9 153.7 153.1 150.2 146.4 140.1 136 135.4 136.1 136.2 135.4 132.2 129.1 127.6 125.8 123.7 122.7 120.5 117.8 114.5 113.2 115 112.1 107.3 107.3 112.6 111.6 110.8 108.6 110.1 109.8 109.2 106.8 102.1 101 101.9 101.4 100.9 100.4 101.5 103.8 104 97.8 88.2 81.8 74.7 70.8 68.4 67.1 72.3 74.3 77.3 82.5 87.1 92.4 90.9 95.9 99.2 95.4 91.5 96.8 104.4 107.2
191.8 193.5 197.3 197.3 195.3 193.1 192.9 193.2 189.4 186.4 185.6 183.3 181.7 176.1 169.1 156.8 152.3 162.1 160.2 159.8 160.4 158.5 154.7 150.6 147 143.8 141.4 142.1 138.7 135.5 135.1 131 127.8 126.8 125.3 123.5 120.7 117.1 115.6 113.9 111.7 109.9 107.8 111.3 113.1 114.2 114.9 113.8 113.5 114.5 113.4 111 108.2 107.4 107.8 106.4 105.3 104.8 104.3 105.2 101.4 89.5 84.6 76.6 71.4 68.1 65.9 70.6 75.7 79.5 86 93.4 99.2 96.7 94.6 100.3 102.5 97.6 93.2 104.4 107.5
193.2 194.3 195.5 197.6 197.9 195.6 194.3 193.3 190.5 190 189.4 187 185 180.7 173.8 158.1 157.9 166.8 166.8 167 166.6 165 161.9 156.7 153.6 150.4 148 145.8 143.2 141.9 139.3 135.6 131.8 130.6 129.2 125.7 122.8 120.4 118.2 116.5 112.8 110.7 109.2 113.2 116 116.7 117.1 115.6 114.9 116.2 115.6 114.6 113.5 111.9 111.4 109.9 107 104.2 102.8 102.6 102.2 93.9 90.6 78.1 70.5 67.7 66.3 69.3 76.4 83.7 91.5 99.5 101.9 100.3 96.7 99.9 104 100.1 96.1 104.3 107
195.6 194.9 199 200.7 200 197.4 195 192.8 192.1 192.6 192.4 189.7 187 183.9 177 158.2 164.3 172 171.8 170.8 170.8 170.3 167.5 163.3 159.4 155.8 152.4 149.1 148 147 143.8 141.3 138.2 136.4 133.4 130.4 127.7 123.5 120.4 118.1 115.3 113.3 114.2 116.7 119.2 120.4 118.8 117.9 116.9 118 117.1 116 114.7 113.5 112.3 110.1 107.4 104.9 102.1 99.7 96.5 94.7 91.3 79.2 71.9 65.9 67 69.1 74.9 84.8 94.8 104.5 104.3 102.7 99.7 98.1 102 102.9 95.8 100.3 103.3
198.3 197.9 201.8 203.5 202 199.3 196.8 194.8 194.2 193.4 192.6 190.6 187.7 184 176.9 160.7 171.5 177.2 175.5 174.3 174.5 174.1 171 166.8 163.3 159.8 156 152.7 151.2 149.2 145.9 144.1 143.1 141.6 138.6 135.8 132.4 128.4 123.3 120.6 119.6 117.3 118.5 121.3 123.9 124.5 124.5 121.7 120.4 119.9 118.6 117.6 116.1 114 111.8 110.1 108.4 106.4 104.2 101 97.6 95 91.9 77 71.8 65.9 68.2 68.7 72 85 97 104.4 104.7 104.7 101.7 98.2 102.9 104.3 101.1 96.7 97.8
199.1 199.4 202.6 204.5 204.3 201.6 198.4 197.1 195.6 194.3 193 191.7 189.4 185.9 182.5 165.4 170.6 181.1 180.8 178.6 179.2 177.4 174.1 170.5 166.6 162.7 159.5 157.3 154.8 151.5 148 146.2 145.9 144 141.9 139.5 135.8 131.8 128.2 126.3 124.3 122.2 122.2 125.9 128.6 128.8 129.6 126.8 125.4 124.6 122.5 120.6 117.4 115.2 112.9 110.7 108.9 106.4 104.7 102.4 98.5 96.1 90.7 77.1 72.6 65.9 68.5 68.3 71.1 81.9 95.7 104.4 105.7 105.2 103.4 100.3 102.1 104.5 105 101.2 95.6
200.1 202.7 203.9 205.5 205.5 204.7 201.1 198.7 197.3 196.3 195.4 193.7 191.4 188.2 183.4 167.6 171.9 184.7 186.5 182.4 184.3 181.7 177.2 173.4 169.5 165.7 163.4 161.3 159.1 156.5 151.9 148.6 147.3 145.1 144.5 141.4 138.6 135 131.1 130.3 128.7 127.5 126.3 129.4 130.5 130.8 131 128.8 128.2 127.8 126.1 123.4 120.2 117.7 115.5 113.2 110.2 106.4 104.7 102.4 99.7 98.1 92.6 78.7 74.8 65.9 67.8 68.1 70.1 79.3 93.8 104.3 105.6 105.7 105.9 103 102.1 103.4 105.2 104.4 96.5
204.6 207.1 207.7 208 208 206.8 204.5 200.8 199.3 198.4 197.6 196.1 194.2 191 186.6 174.5 176.1 186.8 189.9 186.9 188.3 185.3 180.2 176.2 172.3 169.5 166.6 164.2 162.5 160.8 157 153.5 149.2 145.5 144.2 142.8 140.3 137.6 135.2 134.1 131.8 130.4 129.6 131.1 132.7 131.7 131.9 131.5 130.9 129.5 128.6 126 122.6 120.9 118.5 115.1 111.8 108.4 105.1 104.1 102.5 101 97.8 81.6 76.7 65.9 67.7 68 68.6 77.7 90.9 104.3 106.3 106.9 107.2 105.1 103.4 105 106.5 105.8 98.7
208.8 210.7 211.5 211.6 211 209.6 206.9 203 201.9 200.8 199.8 198.9 196.7 194.8 190 178.8 175.7 184.9 190.5 190.3 190 188 183.6 179 175.5 173.7 171.1 168.5 163.8 164.1 163.6 159.3 154 148 143.6 142.8 140.5 138.8 138.5 137.1 134.7 133.6 133 133 133.8 133.6 133.3 134.3 134.4 132.9 130.9 127.8 124.7 122.7 120.5 116.6 113 110 107.2 106.1 105.1 103.6 99.3 86.5 79.7 65.9 67.9 67.8 67.9 73.8 89 103.9 106.8 107.4 107.3 105.9 104.3 105.5 106.2 105.2 99.4
211.9 213.3 214.5 215.2 214.8 219.1 214.5 206 204.4 204.1 203.6 202.8 201.2 197.8 192.9 180.1 179.6 186 188.7 187.8 190.2 190.3 186.7 182.1 179.7 177.6 176.7 175.3 167 167 165.7 162.2 157.2 151.9 145.4 142.8 141.2 140.4 140.3 139.3 137.4 136.4 135.7 134.8 134.7 134.8 134.8 139.2 139.3 136.6 132.8 130 126.9 124.2 120.9 117.5 114.8 111.9 109 106.8 105.6 105 101.5 90.9 79.5 67 68.1 67.8 67.7 70.3 84.2 101.5 106.1 107.3 107.4 106.1 105.3 105.5 106.3 104.8 97.2
214 215.1 216.2 217.2 221.1 225.6 220.5 209 207.8 208.2 209.1 207 205.1 201.6 197.5 185.1 179.1 188.4 188 187.4 188.8 191.9 188.1 185.9 185.8 181.4 178.5 178.1 170.3 169.9 165.9 161.2 157.3 153.2 149.2 144.1 142.6 142.4 141.4 140.3 139.3 137.7 136.3 135.3 135.4 135.8 135.9 138.7 138.7 136.9 133.9 132 129 125.6 120.2 117.3 115 112.3 109.3 107.4 106.5 104.7 102.5 98.6 83.9 76.2 65.9 67.8 67.7 68.8 77.9 93.2 104.5 107.2 107.4 106.7 106 106.2 106.2 104.2 94.3
215.8 216.9 218.3 219.4 221.6 227.3 224.6 215.1 211.7 212.1 212.7 211.9 209.6 205.5 200.5 188.7 180.3 186.7 188.3 188.9 187.5 189.1 191.4 192.8 192.8 190.7 188.7 185.1 180.5 173.5 169 163.1 158.4 154.2 150.7 147.6 145.3 143.4 142.4 141 139.5 137.4 136.6 135.6 135.8 136.1 135.7 137 138.1 137.2 134.5 132.8 130.9 127.7 125.2 121.1 116.6 113.9 112.6 111.3 110.2 107.8 104.9 102.4 96.5 83.7 65.9 67.7 67.7 67.9 73.4 86.3 99.5 106 107.7 107.4 106.7 106.9 106 101.3 91.7
219 219.6 220.4 220.6 220.7 225.7 228.9 220.4 215.2 213.8 215.1 214.4 212.9 208.9 202.8 190.2 182.8 186.7 190.1 191.1 192 194.3 195.6 197.2 196.5 193.7 191.6 189.2 188 175.4 172.3 168.6 163.5 157.9 154.6 151.5 148.6 146.5 144.4 142 139.6 138.5 137.1 136.1 135.8 135.4 133.7 134.6 134 133.6 134 133.3 131.3 129.7 128.9 126 122 118.8 117.5 115.9 115 113.1 110.3 108.2 106.6 97.8 79.7 65.9 68.1 68.9 70 79.8 92.7 100.7 106.7 107.8 107.4 107.6 106.2 99 89.5
224.3 223.7 222.8 222.7 222.4 223.2 226.7 221.4 217.1 215.4 216.1 215.9 214.5 211 204.2 191.4 183.8 190.1 193.1 195.6 197.6 199.5 200.4 201.3 199.5 195.7 193.6 191.2 191.1 182.7 175.1 170.3 165.9 162 158.9 155.9 152.7 150 146.9 144.6 142.2 140.5 138.8 137.4 136.2 134.8 133.6 132.3 131 130.7 132 131.4 128.9 130.3 129.9 129.1 127.3 123.2 121.3 119.4 117.4 116.1 115.1 114.2 111.6 107.4 95.7 75.1 65.9 69.1 70.1 74.8 86.9 95.4 100.9 102.6 107 108.1 105.8 98.3 91.2
229.9 230.6 226.4 226 225.6 224.5 223.6 221.3 219 217.1 216.9 217.6 215 210.8 204.6 191.8 191.2 194.6 197.8 200.5 202 203.1 203.7 204.1 203 200.6 199.4 197 195.7 190.9 182.4 174.1 170.2 166.4 163.5 160.7 157.1 155 152.5 150.4 147.6 144.9 143.3 142.2 140.3 138.3 135.7 133.5 132.1 130.1 130.2 129.3 128 128.2 127.4 127.8 127.6 124.9 124.1 120.8 119 119.8 120.1 119.2 116.2 111.4 103.7 88.6 70.5 65.7 70.6 73.5 83.7 92 96.7 99.1 104.8 108.6 104 97.2 90.9
