app/static/ascii/SE48.asc
ncols 200
nrows 200
xllcorner 440000
yllcorner 480000
cellsize 50
[rows 74 to 110 of 200, columns 0 to 82 of 200]
58.5 58.1 57.9 57.8 58 60 61.8 63.1 64.4 65 64 61.8 59.3 58.1 57.5 57.5 58.4 58.5 58 56.5 54.6 52.3 50.3 49 48.1 47 45.6 44.3 43.5 42.6 41.6 41.9 41.5 42.1 42.2 42.4 42.3 42.1 42 42.1 42.2 43.6 46.1 47.6 48.5 47.9 45.6 44.7 44.4 44.9 45.2 45.7 45.8 46.1 46.4 47.4 48.4 49 49.2 48.9 47.5 46.7 46.6 47.7 48.5 48.9 48.3 48.7 48.9 49.4 52 55.3 58.9 62.6 65.4 67.6 68 66.4 64.2 61.7 59.8 59 59.1
60 59.2 58.2 58.2 58.3 60.1 62.4 64.7 66.6 67 65.9 64.2 61.8 59.2 57.5 57.1 57.5 57.9 57.7 56.7 55.2 53.2 51.5 50.2 49 47.6 46.1 45.4 44.6 43.5 43.1 41.7 41.2 41 41.7 42.2 42.1 42 41.9 41.8 41.8 42.7 45.5 46.9 48.8 49.4 47.4 45.3 44.3 44.5 45.1 45.5 45.7 45.8 46.4 47.6 48.8 49.2 49.7 49.1 47.8 46.6 46.2 46.8 47.5 48.4 47.6 48.2 48.7 49.9 52.8 56.7 61.7 66 69.2 71.8 72 70.9 68 64.6 62.1 60.4 59.4
61.9 61.1 59.7 59.5 59.7 61 63.1 65.4 67.4 67.3 65.9 64.3 62.1 60 58.8 57.3 56.8 57.5 57.5 57.3 56 54.6 53 51.5 50.1 49.2 46.7 45.4 44.4 44 43.6 42.8 41.4 41.3 41 41.9 42 41.9 42 41.8 41.7 42.5 44.6 46.6 48.6 49.9 49.7 46.8 44.7 44 44.8 45.7 45.8 45.6 45.9 47.8 48.9 49.7 49.7 49.3 47.9 46.7 45.7 46.3 47.3 47.1 47.5 48.2 48.9 50.4 53.2 57.9 63.2 66.6 70.3 72.7 73.9 73.2 70.5 67.3 64.3 62.1 59.8
64.3 64 63 61.7 62.3 63.1 63.8 65.9 66.8 66.3 64.3 62.8 61.6 61.3 59.8 58.1 57.1 57 57.6 57.8 56.6 55.3 53.9 52.8 50.9 50 47.8 45.6 44.3 44.1 43.7 43.6 43.3 41.5 41.4 41.4 41.9 41.5 41.7 41.9 41.7 41.6 43.5 46.1 48.1 49.6 50.3 48.8 45.5 44 44.1 45.5 46 45.7 46.3 47.1 49 49.3 49.2 49.4 48 46.7 45.5 46.2 46.5 46.7 47.5 48.1 48.8 50.6 53.1 59.3 63.3 65.4 67.9 71.5 72.9 73.6 72.6 69.8 66 63.1 60.5
67.1 67.5 67.1 66.2 65.2 65.5 65.8 66.4 65.1 63.4 62.5 62.4 59.7 60.4 60.4 59.2 57.7 56.5 57.3 58.1 57.1 56 54.7 54.3 52.3 50.9 49 46.1 44.8 44 43.3 43.3 42.4 41.6 41.5 41 40.7 41.4 41.3 41.7 41.6 41.7 43.7 45.9 47.3 48.6 49.5 49.2 46.3 44.2 43.9 44.5 45.4 45.4 45.5 46.7 48.4 48.8 48.7 48.5 47.6 46.2 45.5 45.8 46 46.5 47.2 47.9 48.5 50.3 52.7 57.7 62.6 64.1 66.1 69.9 71.3 72 72.1 70.5 67.5 64 61.4
67.8 68.7 68 66.5 66.9 66.7 66 64.7 63.4 61.8 60.1 59.8 59.6 59.3 59.4 60 58.4 56.8 56.7 57.4 57.5 56.4 55.3 54.9 53.9 52 50.1 47.4 44.9 44.2 43.4 42.6 42.4 42.9 42.1 41.3 40.9 40.2 41 41.1 40.4 40.3 42.6 45.2 46.9 47.3 48 48.1 47 44.5 43.6 44.1 44.3 44.1 45 46.3 47.4 48.2 48.5 47.9 47.3 45.9 45.3 45.5 45.9 46.3 46.9 47.6 48.3 49.8 52.3 56.5 59.9 62.9 64.7 67.7 69.2 68.2 68.8 68.9 67.7 64.9 61
65.4 65.6 65 65.2 65.9 65.7 64.3 62.9 61.5 60.6 59.6 59.7 59.1 58 58.2 59.1 59.1 57.8 56.1 56.7 57.3 56.5 55.7 55.2 54.6 53 51.2 49.1 46.2 44 43.8 43.3 43.2 43.4 43.3 42.1 41.4 40.7 40.2 40.5 40.6 40.7 41.4 44.7 46.4 46.8 46.7 46.5 46.3 44.9 44 43.3 43.2 44.1 44.5 45.3 46.8 47.7 48.2 47.7 47 45.7 45.1 45.3 45.6 46.5 47.4 47.9 48.6 50 52 54.9 58.5 61 63.4 65.4 66.1 64.6 64.5 66 66.8 64.3 61
61.9 61.6 61.6 62.2 63 63.6 62.5 60.8 59.9 59.6 60.6 60.8 58.4 57.7 57.6 58.4 59.4 58.9 57 55.8 56.7 57 55.8 55.1 54.7 53.8 52 50 46.8 44.4 43.8 43.2 43 43.3 43.5 43.4 42 40.8 40.6 40.2 39.8 39.7 40.3 44.1 45.9 46.2 45.5 45.1 45 44.5 43.8 43.1 42.7 43.6 43.9 45.2 46.5 47.4 47.7 47.7 46.9 46 45.3 45.1 45.6 46.7 47.8 48.5 49 50.9 52.9 55.7 59.3 61.5 62.5 63.5 63.5 62.3 62 62.9 64.6 63.3 60.4
59.1 58.6 59.1 59 59.8 60.7 60.4 59.6 59.6 59.9 60.2 59.1 58.4 58 57.7 57.9 59.5 60.1 58.5 56.3 55.7 55.6 55.2 54.6 53.8 53.6 52.6 50.6 48.2 45 43.8 43.5 43 43 43.5 44 41.8 41.2 40.4 40.3 39.7 39.6 39.4 43.6 45.6 45.7 45.4 44.7 44 44.1 43.4 43 42.4 43.2 43 44.6 46.1 46.9 47.2 47.4 46.6 45.7 45.4 44.8 45.6 47 48.2 49.5 50.7 52.1 54 56.7 59.6 61.3 62.1 63.2 61.8 60.4 59.9 60.2 61.6 61.7 58.3
56.3 56.7 55.8 56 56.7 57.5 58.2 60 60.3 58.1 58.1 58.7 59.2 58.7 58.2 58.1 59.1 60.7 60.1 58.4 56.8 55.5 54.2 53.1 52.2 52.3 52.1 50.7 48.6 45 44.1 44.3 43.2 43 43 43.5 43.6 41.8 41 40.5 40.2 39.7 39.5 42.6 45.4 45.2 45 43.9 43.6 43.5 43.1 42.9 42.3 43.1 43 43.6 45.2 46.5 47 46.9 46.3 45.6 44.7 45 45.6 47.1 49.1 50.6 52 53.5 55.1 56.9 58.8 60.4 61.1 62.9 62.4 59.6 58.6 58.7 59.3 57.9 52.8
52.6 54.1 53.7 53.4 53.2 54.4 55.8 58.6 59.5 57.1 57.4 58.7 59.3 59.7 59 58.5 59 60.4 61.2 60 58.3 56.7 55 53.2 52 50.8 50.6 50.1 46.7 45.2 44 44.1 43.4 42.8 42.6 43.1 43.2 42.1 39.8 40.2 39.9 39.7 39.4 41 44.6 44.6 44.6 44.1 43.7 43.4 43.4 43.4 43.1 43.1 43 43.1 44.2 46 47.5 47.2 46.4 45.7 44.8 44.6 45.6 47.2 49.1 50.8 52.5 54.2 55.2 56.1 56.8 58.3 60.3 63 63.1 61.1 58.5 58.2 57.4 52.5 52
49.5 51.6 52.5 52.3 52.2 52.5 54 55.8 57.1 58.3 58.5 58.9 59.6 60.2 60.2 59.7 59.5 60.3 61.6 61.3 59.6 57.9 56.1 53.8 51.9 50.5 49.1 47.6 49 48.4 44.4 43.4 43.7 42.8 42.2 42.4 42.6 42.3 41.3 40.2 39.8 39.6 39.2 39.2 44.2 44.4 44.4 44.3 44.1 44.1 44.2 43.2 43.3 43.1 43 42.8 43.2 44.7 46.6 47 46.4 45.5 44.3 44.5 45.5 47.2 48.8 50.5 52.3 53.8 54.2 53.6 53.8 55.4 58.6 62.5 64.2 62.8 60.2 56.3 54.8 51.2 53.1
46.8 49.5 50.3 50.6 50.6 50.8 51.7 53 55.7 58.2 59.5 60.1 60 60.6 61 61.4 60.8 60.3 61.1 62.2 60.9 59 56.7 54.4 52.7 51.2 49.7 50 51.3 50.4 45.8 43.7 43.4 43.2 43.1 42.4 42.5 42 41.6 41 39 39.9 39.6 39.1 43.3 44.3 44.4 44.3 44.2 44.3 44.2 42.8 44.1 43.8 43.3 42.9 43.2 43.8 45.8 45.5 45.3 44.7 44.2 44.5 45 46.5 48.2 50 51.3 52.1 51.8 51.2 51.1 53.1 56.9 61.8 64.3 64.2 61.6 56.6 51 51.7 57.9
45.7 47 48.2 48.4 48.6 48.9 49.6 52.3 55 57.4 59.5 60.8 60.6 61 61.6 62.7 62.5 61.7 60.9 61.9 61.7 59.8 57.5 55.9 54.3 52.5 51.9 52.1 52.5 52.7 48.9 45.2 43.3 43.5 43.2 41.9 42.4 41.8 41.3 40.9 39.5 38.4 38.8 38.7 40.1 44.3 44.4 44.3 44.4 44.3 44 44.7 44.6 45 44.6 43.4 42.8 43.2 45.7 46.5 45.4 44.3 43.7 44.2 44.9 46.1 47.5 48.6 49.4 50.2 50.2 49 48.7 50.9 53.8 58.7 61.6 62.2 61.1 54.4 49.9 52.9 58.1
43 44.9 46.1 46.2 47.5 48.1 49.8 51.5 53.7 56.1 58.8 61.1 61.8 62.2 62.4 63.6 64 63.4 61.6 62 61.6 60.6 59.2 57.8 56.5 55.4 54.7 54.1 54.4 54.3 52.7 48.9 44.9 43.9 42.7 42.5 42.3 41.7 41.1 40.8 39.6 39.7 39.4 39.8 39.9 44.3 44.2 44.5 44.8 44.3 44.5 44.4 46 45.4 45.8 45.1 43.1 42.9 44.5 45.4 44.7 43.8 43.8 44.1 44.7 45.5 46.4 47.1 47.9 48.7 48.9 47.9 48.7 48.3 51.2 55.1 57.9 57.5 56.4 51.3 49.9 55.8 59.7
40.3 42.5 44.3 47.4 48.8 49.6 49.6 50.2 52 54 57 60.5 63.1 63.9 63.9 64.6 65.1 64.5 62.8 61.3 60.9 60.8 60 59 58.6 57.9 57.3 56.9 56.1 55.8 55 53.2 49.9 45.7 43.4 42 42.1 41.4 41.2 41.5 41.4 40.9 39.5 39.3 39.2 43.4 44.1 44.1 44.1 44.3 44.3 45.1 46.5 45.6 46 46.2 44.3 42.2 43.5 43.2 43.7 43.8 43.9 44.2 44.2 44.5 45.1 45.9 46.7 47.2 47.3 46.9 47 47.5 48.8 51.5 53.6 53.6 50.6 49.8 53.2 56.6 58.3
40.3 42.5 45.4 47.8 48.6 48.4 49.1 50.2 51.3 53.3 55.2 59.5 63.4 65.2 65.3 65.5 65.9 65.9 64 61.8 59.8 59.6 59.3 59.1 58.8 59 59 58.5 57.8 57.2 56.1 54.7 53 49.6 44.9 42.7 41.5 41.8 41.7 41.7 41.6 41 40.1 40.1 39 42.2 43.8 44.2 44.5 44.3 43.1 45 45.9 45.4 45.7 45.8 44.5 42.2 43.3 43.1 43.5 43.6 44.3 44.5 44.7 44.2 45.3 45.6 45.9 45.9 46.3 46.7 46.9 47.6 47.9 48.5 49.2 48.7 49.4 50.8 54 55.4 56.4
39 41.5 44.1 46 46.4 47.8 48.8 50.7 50.6 52.4 54.1 57.3 61.8 65.5 66.1 65.8 65.8 65.9 65.2 62.5 59.8 58.2 58.1 57.9 57.8 58.2 59.1 58.9 58.3 57.5 56.6 55.6 54.5 52.3 48.2 44.3 42.4 42 41.7 41.4 41.3 41.1 40.7 40 39.3 40.4 43.3 43.9 44.5 43.4 44.3 43.7 44.9 45.2 45 45.2 44 42.4 43.3 43.2 42.8 43.6 44.7 45.7 46.4 46.1 45 45.1 45.7 45.7 46.1 46.5 46.7 47.6 47.7 47.9 48.3 49.7 51.1 53.3 53.8 54 54.9
37.6 38.7 40.8 43.3 45.1 47.6 48.8 50.1 50.8 51.1 52.9 56.3 59.8 63.8 65.8 65.1 64.9 65.1 64.9 63.4 60.6 58.3 57.2 57.8 57.2 56.6 57.4 58 58 57.1 56.6 56 55.2 53.5 50.7 47.3 44 42 41.7 41.4 41.1 40.8 41.1 39.8 39.7 39.2 42.9 43.6 44.1 43.3 43.8 43.4 44 44.3 44.3 44.7 43.8 42.4 42.8 42.1 43 44.1 45.6 46.7 47.4 47.7 47 45.2 45.4 45.6 45.9 46.3 46.6 47.2 47.4 47.5 49 50.7 52.7 52.9 52.7 52.7 53.3
36.6 37.8 39.7 42.1 44.8 47.3 48.4 49.3 49.9 50.1 51.6 54.9 58.9 61 62.8 63.4 63.5 63.5 63.9 63.2 61.5 58.7 56.5 55.9 56.2 56.1 56.3 56.6 56.6 56.3 56.1 55.6 55.2 53.9 52.3 49.4 45.7 42.8 41.7 41 40.8 41.4 40.9 39.8 38.7 38.9 42.1 43.3 43.8 43.1 43.4 43.4 43.3 43.9 44.1 44.3 43.2 42.1 42.8 43.6 44.3 45.3 46.2 47.6 48.1 48.5 47.7 46.6 45.1 45.4 45.8 46.1 46.5 46.9 47.2 47.8 48.9 49.9 50.7 51.6 52.1 52.1 53.2
36.2 37.8 39.5 41.4 44.1 46.2 47.8 48 48.7 49.1 50.7 53.3 57.2 60.4 62.3 62.7 61.3 61.2 62 62.3 61.6 59.1 57.7 56.9 56.4 56.1 56 56 55.8 55.7 55.5 55 54.4 54 53.2 50.5 48.3 44.3 41.9 41.1 40.5 40.8 41 39.2 38.7 39 41.1 43.4 43.4 42.9 42.8 42.8 42.8 43.1 43.4 43.1 41.2 41.5 42.4 44.6 46.2 46.8 47.1 48 48.8 48.8 48.3 47.3 46 45.2 45.6 45.9 46.3 46.7 47.1 47.6 48.7 49.6 50.1 51 51.4 52 53
36.3 37.1 38.8 40.4 42.6 44.9 46.8 47.4 47.8 48.1 49 51.2 55.8 59.4 60.7 61.2 59.2 59.9 59.7 60.4 60.7 60.6 59.8 58.8 58.2 57.5 56.1 55.3 55.1 55.1 54.9 54.3 53.5 53 52.6 51.1 49.4 46.8 42.9 41.4 40.2 40.7 39 38.5 38.5 39.1 41.4 42.9 43.1 42.5 42.7 42.1 42.2 42.5 42.5 41.3 40.9 41.6 43.3 45.6 46.9 47.9 47.8 48.1 48.7 49.3 49 47.8 46.6 45.6 45.3 45.8 46.1 46.2 46.4 47 48 48.9 49.8 50.9 51.7 52.4 53.2
35.9 36.4 38.2 39.3 40.9 43.1 45.1 46.3 47.1 47.4 47.6 48.7 52.1 54.3 57.3 58.6 59.2 60.1 59.3 58.2 59.2 60.2 60.7 60.8 60.3 59.2 57.3 55.3 54.3 53.8 53.5 53.2 52.2 51.6 50.9 50.6 49.2 47.7 45.1 42.3 40.4 40.1 37.6 38.1 38.8 39.3 41.5 43.6 43.6 42.6 41.7 41.9 41.6 41.5 40.6 40.8 41 42.1 44.2 46.4 46.8 47.8 47.8 47.8 48.4 49.5 49.2 48.4 47.1 46.1 45.3 45.8 45.9 45.9 46.2 46.9 47.9 49.3 51 51.9 53.1 53.7 54.6
35.8 36.2 37.9 38.7 39.3 40.8 42.5 44.8 46.1 46.6 46.9 47.4 48.2 49.6 51.8 55.5 57.6 57.9 57.1 57 57.6 59.3 61.1 62.6 62.1 60.7 58.9 56.4 54.7 53.3 51.4 51.4 50.8 49 48.8 48.7 48.4 47.4 45.9 43.4 40.8 39.5 39.4 37.4 39.1 40.9 41.2 42.1 42.6 42 41.2 41 40.2 40.3 40.9 41.7 42.8 44.1 44.3 45 46.3 46.8 47.3 47.7 48.6 49.5 49.3 48.8 47.3 46.2 45.6 45.7 45.8 45.9 46 46.6 47.8 49.8 51.3 53.2 55 55.9 56.9
34.9 35.8 37.3 37.7 37.8 38.7 40.3 42.6 44.3 45.2 45.4 45.8 46.2 47.2 49.1 53.3 55.3 55.8 56.4 57.3 57.5 59.3 62.4 63.4 62.9 61.4 60.3 57.7 55.3 53.5 51.8 49.6 49 47.4 46.4 46.4 46.3 46.2 45.8 44.6 41.3 39 38.6 37.5 39 40.6 40.9 41 41.1 41 40.1 39.6 39.4 40.9 42.3 44.7 45.7 45.5 45.5 45.8 45.9 46.5 47.2 47.5 48.5 49.2 49.4 49 47.5 46.2 45.7 45.6 45.7 45.8 46.1 47.1 48.2 50.5 52.1 54.4 57.5 59.6 60.7
34.6 35.5 37.7 38 37 37 38.3 40.2 41.9 42.6 43.7 46 48.2 48.6 49.3 51.4 52.7 54.4 57.5 59.6 58.5 59.2 61.4 62.5 62.5 61.9 60.5 59 56.4 54.4 52.9 51.1 49 46.1 44.6 44.5 44.4 44.9 44.5 44.5 41.8 39.1 38.7 37.5 39.2 40.6 40.1 39.4 39.1 38.7 39.2 40.2 41.2 42.1 45.2 47.3 47.8 47.4 46.7 46.5 45.7 46.8 47.8 48.2 48.1 48.8 48.9 49.3 47.9 46.5 45.8 45.8 45.9 46 46.9 46.7 48.4 51.1 53.3 55.4 59.3 62.7 64.6
34.4 36 37.3 37.2 37.3 35.9 36.8 38.2 39.5 41 45.1 47 48.4 49.9 49.5 52.2 53.6 53.8 56.5 58.4 59.5 60.6 61 61.6 61.6 60.3 59.6 59.7 57.8 56 54.3 51.8 50 47.9 44.9 43.1 42.9 43.1 43.4 43.7 41.7 38.1 38.2 38 37.7 38.1 38.1 38.3 39 39.5 39.8 40.7 41.7 43.3 46.3 49.1 50.4 49.3 48 47 47.8 47.7 49.4 49.9 49.6 49.9 50 49.7 48.6 47.1 47.5 46.6 46.4 46.7 46.8 47.3 49.1 51.7 54.4 56.6 60.5 64.4 67.2
33.7 34.6 34.9 36.8 37.5 36.2 35.8 37 38.4 41.2 43.9 45.7 47.9 49.7 49.9 52.8 53.7 54.2 55.1 57.5 59 60.4 60.9 60.7 60.1 58.3 58 58.8 58.6 56.8 55 52.9 50.8 48.2 45.3 43 41.9 41.9 42.2 43 42.7 38.5 37.9 38.2 36.8 38.6 38.8 39.6 39.5 40.5 40.7 40.7 41.5 43.2 47 50.3 52.6 51 50 49.3 48.9 49.7 51 52.1 51.3 51.1 51.2 50.5 49.7 49.1 48.7 48.6 48.4 48.5 48.6 48.7 50.4 52.7 54.8 57.8 61.1 64.1 67.4
33.5 33.9 34.6 34.9 35.1 35 35.6 36.7 37.6 39.6 42.3 44.6 46.6 48.6 51.2 52.8 54.5 54.8 55.4 56.5 58.6 60.3 61 59.9 57.8 55.5 55 57.8 58.9 57.7 55.3 53.2 50.8 47.6 44.8 43.7 42.7 41.5 41.1 41.5 41.9 39.6 37.6 37.7 38.6 38.4 39.8 40.5 40.7 40.4 40.7 40.4 41.1 41.7 44.8 48.8 53.6 53.1 51.5 50.9 50.4 50.4 51.8 52.9 52.9 51.7 51.7 51.4 51 50.9 51.1 51 50.9 51.1 51.2 51.3 51.7 53.9 55.7 57.8 60.5 63.5 66.8
33.6 33.1 34.3 34.1 34.1 35.1 35.4 35.9 36.6 38.5 40.5 43 45.1 47.4 49.8 52.7 54.9 54.9 55.2 56.2 57.6 59.2 59.8 57.9 56 53.6 54.3 56.9 58.5 58.1 55.5 53.2 50.5 49.4 48.1 46.4 44.2 42.4 41.4 40 39 39.5 37.4 37.2 38.1 39.1 40.2 41 41.2 40.3 41.5 46.4 45.9 40.2 43.8 48.1 51.9 52.7 52 51.1 50 51.1 51.9 52.5 52.8 52.2 51.5 51.6 51.8 52.5 52.7 52.8 53.2 53.3 53.5 53.3 53.6 54.3 55.9 57.7 59.5 62.4 65.3
33.4 33.6 33.8 33.5 34.4 34.7 34.4 34.9 35.3 36.7 38.8 41.2 43.2 45 47.4 51 53.5 54.6 54.2 54.9 55.1 56.7 57 56.1 54.2 52.4 55 57 58.2 57.8 53.9 52 51.3 50.8 49.7 46.8 45.3 43.3 42.7 41.8 42.3 40.2 37.6 37.7 37.8 39 40.7 40.8 41.2 40 41.7 40.9 40.3 41 42.4 46.9 50.3 51.2 50.6 49.2 49 50.4 50.9 51.9 52.1 51.8 52 51.9 52.2 52.8 53.6 53.5 53.2 53.5 54 54.6 54.6 54.3 54.7 56.9 58.2 60.5 63.4
33.3 32.7 32.7 32.7 33.7 34.2 34.3 34.3 34.9 35.8 37.6 39.2 41.2 42.7 45.4 48.1 51 52.7 53.1 52.7 53 53.2 53.7 53.3 51.5 52.3 56 57.7 58.2 56.8 54.8 53.5 52.1 51.3 50.7 48.9 47.2 45.1 43.8 43.4 43.1 40.6 38.3 37.1 37.6 37 40 40 40.3 39.7 40.5 41.4 40.2 40.6 41.5 45.7 49.4 49.9 48.8 48.2 48.2 49.1 50.3 51.5 51.9 52.3 52.7 52.4 52.3 52.4 53.3 53 52.6 52.8 53.3 54.2 55.2 55 54.2 55.5 56.3 58.2 60.6
32.9 33 32.8 32.9 33.1 33.4 33.9 33.9 34.3 35 36.5 38 39.5 41 42.4 45 47.6 50 51.5 50.3 51 50.4 50.2 49.5 48.8 51.7 55.7 57.8 58 57.1 56.2 54.4 52.6 51.6 50.9 50.1 50 47.6 45 44.5 44.1 42.2 38.8 37.4 37.1 37 37.9 39.7 39.4 39.4 39.9 41.5 41.1 40.2 41.8 43.5 48.4 49 48 47.6 48.2 49.4 50.9 52.4 53.4 54.1 53.9 53.6 52.7 52.8 52.9 52.7 51.9 52.2 53 53.8 55 54.9 53.5 53.7 54.3 55 58.1
32.7 32.9 32.7 32.5 32.6 32.7 32.7 33.4 34.5 35.1 35.8 37.7 38.5 39.4 40.3 41.9 43.8 46.2 48.4 48.3 47.5 47.2 47.2 47.4 48.4 50.8 54.5 56.8 57.4 57.4 56.8 54.7 53.2 52.1 51.4 50.6 49.8 48 46 45.3 44.8 43.3 39.6 39 37.6 37.3 37 38.8 38.7 39.4 39.3 38.4 42.5 38.6 39.4 41.4 46.7 48.4 47 48.3 49.3 50.8 52.2 53.7 54.9 55.1 54.6 53.8 52.9 52.6 52.4 52.3 52.1 52.4 53.2 54 54.9 54.6 52.8 50.6 51.4 52 55.5
32.5 32.7 32.9 32.5 32.9 33.2 33 33.2 33.9 34.6 35.4 36 37.3 38.3 39 39.6 41.1 43 44.7 45.6 45.5 44.7 45 47.4 48.6 49.7 53.1 55.2 56.7 56.9 56.1 54.9 53.7 52.7 52.1 51.1 50.3 48.4 46.1 45.9 44.7 43.1 40 37.8 37.8 37.1 36.4 37.6 37.2 37.4 38.6 37.9 43.1 42.5 42.1 38.5 42.3 44.5 44.3 48 50.6 51.8 53.3 54.3 54.2 53.7 53.4 52.5 52.3 52.2 52.2 52.7 52.7 52.9 53.3 54 54.3 54.2 52.9 51.3 49.4 49.5 52.7
32.7 32.5 32.4 32.7 33.2 32.9 32.9 33.2 34.1 34.4 34.4 35.8 36.2 37.3 38.1 37.9 38.6 40.3 41.4 42.9 43.2 45.2 49.2 51.2 49.3 49.7 51.9 53.9 55.9 56.3 55.7 55.4 54.2 53.7 52.5 51.5 50.6 49.2 46.7 45.1 44.5 43.1 39.6 37.2 36.8 37.4 36.8 38 37.6 37.6 38.6 37.2 42 41.9 39.1 40.9 39.9 40.4 41.5 45.5 50.8 52.2 53.2 53.2 52.8 52.2 51.3 51.3 51.8 52.1 52.8 53.7 54.7 54.2 54 54.1 54 53.7 52.8 51.8 49.3 48.7 50.4
32.8 32.7 32.7 32.7 33.3 33.2 33.9 33.3 34 34 34.4 34.6 36.4 36.5 37.2 37 37.6 38.4 39.3 41 45.2 49.7 53.2 53.5 50.3 48.8 50.7 52.8 54.8 56 55.5 55.7 55.1 54.2 53 52 51 49.6 47.7 45.5 44.1 43.1 40.7 37.9 37.1 37.2 37.7 39.1 38.6 38.2 38.9 37.4 37.1 44.8 38.4 37.1 39 40 41 42.3 49.5 50.9 51.6 51.7 51.3 50.7 51 52.1 53.3 54.3 55.2 55.5 55.8 55.1 54.2 54.1 53.8 53.2 52.9 51.9 50 48.4 48.7
