app/static/ascii/SE49.asc
ncols 200
nrows 200
xllcorner 440000
yllcorner 490000
cellsize 50
[rows 108 to 143 of 200, columns 0 to 79 of 200]
100.9 99.1 99.4 100.3 99.3 97.6 95.9 93.6 91.4 89.2 88.1 86.7 86.6 86.2 83.5 81.6 80.1 79.4 78.7 78.2 77.3 76.4 75.7 75.4 73.7 71.9 69.9 68.1 65.8 64.2 64.8 67.2 70.5 73.2 72.9 64 63.7 63.6 63.8 64 64.9 72 78.4 84.8 88 89.8 92.3 95.7 99 102.3 105.7 108.1 110.3 111.1 109 107.2 105.2 105.1 104.8 102.4 101.5 100.4 100.1 100.3 101.4 102.8 104.4 105 105.3 105.6 106 106.2 105.6 105.7 105.8 106.2 106.8 109.4 109.3 109.7
100.6 98.8 98.4 99.1 99.1 97.3 95.8 93.7 90.4 88.7 87.8 87.4 87.3 87 84.9 82.9 80.9 79.1 77.6 76.4 75.7 75.1 74.8 74.8 73.7 72.2 69.7 67.7 65.9 64.7 65.1 68.4 71.8 74.3 76 73.2 63.6 63.4 63.6 63.8 64.5 69.8 75.8 80.8 87.5 89.5 91.6 94.8 98.1 101.9 105.5 107.3 108.7 109.7 108.2 107.8 107.1 107 106.1 103.7 101.4 100.5 100.6 101.3 102.6 104.2 105.4 105.5 105.6 106 106.1 106.3 105.2 105.7 105.7 105.6 107.3 108.8 109.5 109.5
100.5 98.9 97.8 98.4 99.1 97.6 95.9 93.8 90.4 88 87 86.5 86.4 86.9 84.5 82.4 80.3 78.7 77.1 76.2 74.9 74.2 73.6 74.2 73.7 72.4 69.5 67.4 66.4 64.5 65.8 69.2 72.6 75.9 77.6 77.7 72.5 63.8 63.8 63.9 63.8 64.7 68.9 74.2 83.9 89.7 92 94.8 98.2 102.1 105.4 107.3 109.8 108 107.4 107.4 107.3 106.6 105.7 104.2 101.5 101.3 101.1 101.8 103.1 104.1 105 105.5 105.8 106.4 106.1 106.1 106.1 105.2 105.8 107.1 108.4 109.7 110.2 110.2
100.4 99.1 97.8 97.8 98.3 97.3 95.6 92.8 89.8 87.6 86.2 85.5 85.9 86.7 85.1 82 80 78.3 76.8 76 74.6 73.4 72.6 73.1 73.6 72.3 69.9 67.8 66 65.3 66.7 70 73.4 76.6 78.4 78.3 77.1 69.7 64 63.9 63.7 64.8 71.3 83.5 84.4 88.2 92.8 95.7 98.6 102.4 105.2 107.6 110.3 108 106.5 106.4 106.3 105.9 104.8 103.9 102 101.7 101.6 102.2 103.3 103.7 104.4 105.3 105.6 106.1 106.7 106.1 105.8 105.6 107 109.4 111.4 112.9 112.3 111.7
100.1 99.6 98.2 97.1 96.6 95.9 92.9 91.5 88.9 86.8 84.8 83.7 84.2 85.6 85.3 82.2 79.3 77.4 76.3 74.7 73.7 72.8 71.9 72 72.6 71.7 69.5 67.4 65.5 65.1 67.4 70.5 73.7 76.9 78.7 78.4 77.3 75.1 65.6 63.5 63.4 63.9 68.5 81.7 91.8 93.4 95.7 98.7 101.3 103.6 106.5 109.3 109.5 107.9 105.9 105.2 104.5 103.8 103.1 102.5 103.4 103.6 103.3 103.4 103.4 103.5 103.7 104.6 105.2 105.9 106.9 106.8 106.1 105.9 107.3 110.2 112.5 114.3 114.2 113.1
101 100.5 99 97.9 97.6 97.1 95 93 89.6 86.8 84.6 83.1 82.4 83.9 84.4 81.9 78.7 77.1 75.2 74 73.1 72.2 71.6 70.8 71.6 71.3 69.1 67 64.9 65.6 68.5 71.2 74.3 76.8 78.1 77.8 76.6 75.1 69.3 63.8 63.1 63.5 64.6 75.1 90.2 98.2 102.3 105.6 106.5 106.2 108.5 109.2 108.7 107.8 106.1 105.4 104.7 104 103.5 102.9 103.2 104.2 105.4 105.4 104.4 104.1 104.2 104.1 104.8 105.7 107.1 107 106.6 106.6 106.7 108.8 112.2 114.6 114.4 113.2
101.3 99.9 99.4 99 98.8 97.6 96.2 93.1 90.2 87.3 85.2 83.3 81.9 83.2 84.2 81.7 78.6 76.4 74.7 73 72.2 71.8 70.9 70 70.4 70.6 68.7 66.5 65.2 66.6 68.7 71.6 74.6 76.9 77.7 76.9 75.7 74.4 73.1 63.8 63.1 62.9 64 71.3 83.9 95.1 102.3 109.5 113 111.1 110.7 109.8 108.9 107.4 106.3 105.6 104.9 104.2 103.9 103.7 105 104.3 105.6 106.9 105.5 105 105 105.2 105.3 106.4 107.1 107.3 107.3 107.7 109.2 108.8 111.1 112.8 114.3 113.8
101.3 100.9 100.4 100.1 99.4 98.1 96.7 93.9 90.9 88.4 86.5 84.2 81.8 80.3 82.6 81.7 78.4 75.9 74.2 72.4 71.2 70.8 69.9 69 69.4 70 68.4 66.1 66.4 67.8 69.6 72.2 75 77.1 77.1 75.8 74.9 75.1 76.1 65.7 63 62.8 63.3 67.5 78.7 88.1 101.3 114.3 119.4 116.4 113.4 111.4 110.1 108.4 106.4 105.7 105.1 104.6 104.7 104.8 106.1 104.9 104.8 105.6 106 106.6 105.8 105.2 105.8 106.4 107.3 108.2 110.2 114.8 118.2 115.6 112.1 112.9 112.9 113.3
102.3 101.9 101.4 101.1 99.8 98.5 97.1 95.1 92.4 89.6 87 84.6 82.4 80.1 80.5 81 78.3 75.5 73.6 71.9 70.3 69.7 68.8 68.1 68.6 69.1 67.9 66.2 67.1 68.3 70.3 72.9 75.3 76.9 76.5 75.2 74 75.3 77.3 69 63.1 63 63.1 65.9 75.8 89.5 105.1 121.3 123.8 122.3 118.9 114 111.4 109.6 107.4 106.6 105.6 105 105 105.7 105.9 104.9 104.7 104.9 105.4 105.9 105.3 105.2 105.5 107.4 108.9 110.2 114.2 119.7 125.2 121.6 113 111.8 112.2 112.5
102.9 102.8 102.4 101.5 100.2 98.9 97.6 95.9 93 90.7 88.3 85.4 83.7 81.1 78.2 78.8 77.7 75.2 73.1 71.3 69.7 68.6 68 67.6 67.9 67.7 66.4 66.5 67.4 68.9 70.9 73.6 75.2 76.5 76.1 74.9 73.9 75.7 78.8 73.9 64.2 63.3 63.1 65.9 74.8 87.4 103.5 115.7 125.4 126.4 124.4 119.2 114.3 110.8 108.2 107.1 106.1 105.4 105.2 106.5 108 106.3 104.6 104.9 105.3 105.3 105.1 105.1 105.4 107.9 107.6 110.8 115.5 120.9 126.6 125.4 116 112.4 112.7 112.9
103.5 103.4 103.2 102 100.7 99.3 98 96.2 94.4 91.9 89.5 86.5 85 83 80.6 78.2 76.5 75 72.6 70.1 69.2 68.3 67.5 66.9 66.7 66.5 66.1 67.6 68.3 69.4 71.4 74.3 75.1 76.1 75.6 74.5 74.3 76.3 80.5 77.9 63.4 62.8 63.1 66.1 75.1 82.7 100.7 113.8 125 133.6 130.8 124 118.2 113.1 109.4 108 106.8 106.1 105.8 106.6 109.5 109.4 105.9 105.8 105.3 104.8 105.1 105.3 105.6 107.9 107.7 111.1 116.4 123.1 128.8 126.6 116.9 112.3 113.1 113.5
104 103.6 103.8 103.8 102 100.3 98.5 97.1 94.4 92.3 90.1 87.9 85.6 84.1 82.5 80.7 78.3 75.6 73 71 69.1 68.4 67.7 67.2 66.7 66.2 66.4 68.1 69.1 70 72.5 74.3 75.1 75.9 75.3 74.7 74.8 77.5 82.5 80.8 65.6 63 64 67.4 74.8 84 98 114 127.2 137.5 137.3 129.1 121.3 114.5 111.2 108.7 107.3 107 106.8 107.1 110 110.7 107.2 106.7 106.2 105.7 105.3 105.9 106 107.6 108.1 112.4 119.3 125.9 127.7 124.1 115 113.3 114.8 113.5
105.1 104.9 104.9 105.1 103.9 101.8 99.3 97 95.4 93.3 90.8 88.6 86.3 84.5 82.7 80.9 79.1 76.2 73.2 71.2 69.3 68.5 67.7 67.2 66.7 66.1 66.1 67.7 69.4 71.2 73.3 75.1 75.8 75.7 75.4 75 75.9 79.1 84 84.2 68 63 64.1 70.9 75.6 86.2 102.4 117.1 128.2 140.6 143.2 134.1 124.3 117.3 112.7 109.7 109 108.7 108.5 107.9 109.5 111.9 108.9 107.8 107.3 106.7 106.3 105.9 107.5 108.4 109.5 112 119 125 119.6 116.6 115.7 115.9 114.4 113.2
106.5 105.9 105.9 105.8 105.2 102.6 99.8 96.7 95.1 93.3 91.4 88.9 86.5 84.7 83 81.2 79.1 76.4 73.3 71.3 69.5 68.7 67.8 67 66.7 67.1 66.8 68.1 70.1 72.1 74.1 75.3 75.5 75.2 74.8 74.8 76.1 80.1 84.4 86.2 70.3 63.3 63.5 69.5 77.4 88.2 104.7 118 130.8 144.1 148.6 139.4 130.6 120.3 115.1 111.1 110.6 110.5 109.5 108.9 110.4 111.4 110.1 108.6 107.9 107.2 107.2 106.9 108.2 110.1 112.9 116.1 119 119.9 118.2 117.6 116.5 117.5 114.5 113.1
107.3 107.1 106.6 105.7 104.7 103 99.6 96.9 94.7 92.8 90.9 89.4 87 85 83.2 81 78.8 76.5 73.6 71.5 69.7 68.8 68 67.1 66.8 66.7 66.8 67.8 69.6 71.6 73.7 74.8 75 74.6 74.2 74.6 76.1 80.2 84.3 86.8 72.8 63 63 68.5 78.6 87.6 102.6 117.5 130.9 144.7 152.6 146.5 136 125.8 116.6 112.7 111.4 112.2 110.3 109.4 110.2 108.8 108.3 108.4 107.7 107 107 107.2 108.5 112.9 114.6 116.5 117.8 119.2 121.1 122.7 121.5 118.1 114.3 113.2
107 106.6 105.8 104.5 103.5 102.1 99 95.4 93.3 91.5 90.1 89 87.1 85.2 82.9 80.6 78.6 76.6 73.8 71.7 69.8 68.9 68 67.2 67.6 66.8 66.8 67.6 69.1 71.1 73.4 74.3 74.2 74 73.6 74.3 75.8 80 84 86.1 73 63.2 62.5 69.5 78.3 85.8 97.2 114 128.5 142.8 151.8 151 141.3 129.6 120.2 114.6 112.3 114.3 112.4 110.4 107.3 105.7 106.7 107.7 107.2 106.7 107.1 107.4 107.9 113.2 116.5 116.4 117.9 118.7 119.7 122.2 123.2 122.2 118.7 115.5
106.6 105.7 104.9 104.1 102.4 101 97.6 94.5 92.1 90.4 89.5 88.6 86.7 84.6 82.5 80.2 78.3 76.5 74 71.7 70.1 68.9 68.1 67.3 68.7 66.9 66.8 67.5 68.9 70.5 72.7 73.6 73.3 73.1 72.9 73.8 75.6 79.5 82.9 85.4 74 63.4 62.6 69.9 77.1 84.9 99.5 114.3 127 142.6 150.2 152.1 148 134.6 123.8 116.3 113.5 113.7 113.9 111.1 106.7 104.5 105.3 106.9 106.4 106.7 107.2 107.7 108 112.1 114.8 117.2 117.9 118.4 119.2 120.8 122.4 123.7 122.8 121.6
106.9 106.5 106.1 104.3 102.1 99.8 96.9 94 91.3 89.7 88.8 88 86.1 84 81.9 79.8 78 76.2 74.1 71.7 70.4 69.1 67.8 67.6 69.3 69.1 68.6 67.7 68.4 70.1 71.9 72.9 72.4 72.1 72.3 73.4 74.8 78.3 81.8 81.7 71.4 62.9 62.5 67.7 76.3 84.5 99.4 114.3 126.6 140.5 148.3 150.6 149.3 138.8 126.6 118.6 114.7 113.8 114.8 111.8 107 104.7 104.4 106.2 106.4 106.7 107.1 107.6 108 109.6 111.7 114.8 117.2 118.2 119.1 120.5 121.3 122.9 122.9 124.8
107.8 107.6 106.8 104.5 102.1 98.8 96.1 93.3 91.2 89.8 88.4 86.3 85 82.6 80.2 78.7 77 75.3 73.5 71.9 70.6 68.7 67.6 67.8 68 70 69 67.4 67.5 69.3 71 72.3 71.7 71.4 71.8 72.7 74.7 77.1 79.7 79.6 68.9 62.5 63.2 69.5 76.7 85.3 99.4 113.9 124 137.6 146.8 149.4 148.6 141.8 129.8 121.4 117.6 116.5 115.4 110.6 105.9 104.5 104.2 105.1 106 106.6 107.1 107.1 107.8 108.7 107.9 110 112.6 116.3 118.7 119.4 120.2 122.1 124.1 126.3
108.2 108.6 106.7 104.2 101 97.8 95.3 92.9 91.3 89.9 88.5 86.5 85.1 82.6 79.7 77.7 76.1 74.6 73.1 71.9 69.9 59.9 66.3 68 68.1 69.5 69.1 67.1 67.3 68.4 70.1 71.5 71.3 71.3 71.5 72.2 74.1 76.3 78.4 76.1 65 62.9 66.6 71.8 77.3 84.5 101.5 114.6 122.6 137 146.6 148 148.3 143 131.7 124.3 118.5 117 113.3 109.2 105.7 104.4 103.9 104.1 105.1 105.9 106.5 107.6 108.4 107.6 106.1 106.9 107.5 109.3 112.9 117.3 120.3 122.4 124 124
107.9 108.4 106.4 103.3 99.9 96.8 94.5 93.1 91.5 90 88.5 86.9 85.7 84.2 81.4 79 76.6 75 73.3 71.7 70.4 68.6 69 68.2 68.7 69.4 68.4 67 67.2 67.8 69.3 70.8 71 71.1 71.3 71.9 73.6 75.5 77.3 71.9 62.6 65.9 68.8 73.5 78.5 89.4 103.5 114.4 121.4 135.5 145.4 147.3 148.7 146.7 134 124.6 118.7 114.3 111.1 107.9 105.7 104.2 103.6 103 104 105.1 105.9 106.3 107.8 107 105.1 104 104.7 104.6 105 112 118.1 122.5 120.9 115.5
106.3 107.7 105.7 102.5 99 96.4 95.1 93.7 91.8 90.4 88.8 87.6 86.4 85.2 82.6 79.6 77 75.1 73.4 71.7 70.7 69.4 68.7 68.2 68.7 68.4 67.5 66.8 67.2 67.7 68.9 70.1 70.8 71 71.2 71.9 73.4 75.2 76.5 68.3 62.3 67.8 70.7 73.7 80 91.8 105.1 115.2 122.2 132 144.8 146.2 147.1 144.6 135.4 125.5 119.7 115.5 113.1 108.3 106 104.3 103.8 102.8 102.9 103.7 104.4 105.6 106.3 104.6 103.8 102.7 102.1 102.1 102.5 108 114.6 119.3 114.6 109.4
105 106 105 101.8 99 96.2 94.8 94.4 93.7 92.3 90.1 88.7 87.4 86.1 83.1 80.5 77.9 75.6 73.3 71.4 70.2 69.3 68.7 68.1 68 67.1 66.9 66.8 67.2 67.9 69.4 70.7 71.3 71.4 71.4 72.3 73.8 75.4 75.5 65.1 66 70.1 73.3 75.1 81.8 92.6 104.1 114.1 121.4 130.6 144 145.8 147.3 144.2 137.3 128.3 122.6 120.2 115 109.8 106.4 104.8 103.7 102.7 102.4 101.8 103.6 102.8 102.2 101.6 101.5 101.3 100.8 100.5 100.7 104.7 109.7 113.7 108.6 105.8
104 104.5 104.1 101.7 98.9 96.2 95.2 94.8 94.3 93.3 91.4 90 88.5 86.6 84 81.4 78.9 76.5 74.2 71.9 69.8 69.2 68.7 68.1 67.1 67 67 67 67.3 68.1 69.9 71.3 71.9 71.9 72 73.1 74.4 75.1 72.5 62.3 66.9 71.2 75 77.5 83.2 94.8 102.3 109.8 119 131.4 143.1 145.3 146.8 145.5 138.9 129.8 125.3 123.8 116.9 111.3 107.3 105.1 103.3 102.3 101.8 101.5 103.2 100.7 99.5 99.4 99.5 99.3 99.4 99.5 99.8 101.1 103.6 105.5 104.5 103.5
102.8 103.1 103.1 101.4 98.5 96.8 95.8 95.2 94.8 94 92.7 91.1 89.2 87.3 84.9 82.3 79.8 77.5 74.7 71.6 69.8 68.8 68.3 67.7 67.4 66.9 66.8 67 67.4 68.5 70.1 71.9 72.4 72.5 72.6 73.9 75.5 76.8 70.2 61.7 67.2 71.1 73.6 79.5 83.8 93.9 102.6 112.6 120.2 135.5 141.6 144.4 145.2 146.7 139.5 130.3 127 123.7 118.3 112.1 107.6 104.9 103.1 102 101.5 101.4 102.9 100.2 99.5 99.4 99.2 99.1 99 98.9 99 99.9 100.5 101.4 101.5 103.1
102.7 102.4 101.8 100.9 98.9 97.5 96.4 95.6 95.2 94.5 93.5 91.6 89.7 87.9 85.5 83.1 80.5 77.3 74.2 71.1 70 68.8 67.9 67.3 67.1 67 66.7 67 68 69 70.4 72.2 73 73.1 73.4 74.9 76.6 75.6 66.4 61.9 64.5 68.3 74 80.8 87.1 95.1 106.7 116.5 125.1 136.8 141.1 144 144.6 142.9 136.6 128.7 126.5 121.9 115.9 111.7 107.4 104.5 103.4 102.5 102.2 102.6 102.4 100.2 99 99.1 99 98.8 98.6 98.7 98.9 99.1 100 100.5 101.5 102.2
102.7 102.6 102.1 101 99.3 98.1 97.1 96 96.2 94.8 93.5 91.5 89.7 88 86 83.6 80.5 76.9 73.6 71.2 70.1 68.9 67.8 66.9 66.8 66.7 66.5 67.5 68.6 69.6 70.7 72.5 73.3 73.5 74.1 75.6 77 73.3 62.6 61.5 64.1 67.6 74.8 80.5 91.4 101.2 112.2 123 130.5 135.7 140.1 143.5 143.7 142.3 135.2 129.2 126.5 122.6 117.2 112.2 107.6 104.1 103.7 103.2 102.7 102.5 101.5 99.3 99.1 98.4 98.6 98.4 98.4 98.5 98.7 99 99.3 100.3 101.4 102.4
103.3 102.8 102.2 101.4 99.9 98.5 97.4 96.8 95.9 95 93.4 91.6 89 87.1 85.2 83.4 80.8 77.2 73.7 70.6 69.5 68.3 67.2 66.8 66.9 66.8 66.7 67.6 68.7 69.8 71 72.8 73.5 73.7 74 75.6 77.4 69.9 61.4 61.3 61.6 67.1 73.3 82.7 96.6 110.7 120.8 126.1 132.2 136.2 140.8 143.9 142.7 141.1 134.7 129.3 126.2 124.2 119.6 114.6 109 105.4 103.5 102.9 102.4 102.2 100.6 99 99.2 98.7 98.2 98.1 98.2 98.4 98.6 99 99.7 100.8 101.7 102.7
103.1 102.7 101.8 100.8 99.8 98.6 97.4 96.5 95.6 94.7 93.4 91.7 89.1 86.3 84.3 82.4 79.8 77.1 74 70.6 68.3 67.7 67.1 66.8 66.8 66.9 66.9 67.5 68.6 69.8 71.4 73.1 73.6 73.9 74.2 75.3 77 66.8 61.5 60.6 64.2 71.6 77.4 86.8 100.6 116.7 123.3 129.7 134.3 138.1 141.8 142.9 141.2 139.5 134.2 129.1 127.1 126.1 123 118.9 116.3 112.1 105.2 102.7 101.8 101.7 100.5 99.1 99.1 98.7 98 97.9 98 98.3 98.8 99.2 100.2 101.4 102.4 103.1
102.5 102 100.7 99.9 99.1 98.1 97 95.9 94.9 93.9 92.8 91.7 88.7 85.7 83.6 81.7 79.6 76.9 74.2 70.8 68.9 67.5 67.1 66.7 66.6 66.7 66.9 67.4 68.6 70.3 72 73.6 73.8 74.2 74.5 75.4 74.4 63.2 61.1 60.7 68.1 76.9 83.3 88.5 103.5 117.7 122.8 131.2 135.8 139.5 142.1 142.9 141.3 137.7 133.6 129.5 129.2 127.4 123.5 119.4 117 115.4 109.1 103.3 101.7 100.7 100 99.3 98.9 98.4 98.5 98.3 97.9 98.5 99 99.4 100.6 101.9 103 103.2
101.1 100.8 99.3 98.3 97.7 97 96.5 95.4 94.3 93.2 92 90.8 89.3 85.5 82.8 80.9 79.2 76.9 74.3 70.9 68.6 67.8 67.2 66.7 66.4 66.6 66.9 67.6 69.3 71.2 73 73.8 73.9 74.3 74.6 75.8 75.4 61.4 60.8 61.6 71.3 80.2 87.5 96.2 111 125 131.3 135.3 137.2 139.3 141.7 142.3 140.6 136.4 131.6 129.1 127.7 124.7 121.3 118.1 116.1 115.6 111 103.4 101.5 101.2 100.6 99.7 98.8 98.5 98.3 98.7 97.9 98.1 99.3 99.7 100.5 101.5 102.5 103.4
98.6 99.4 97.7 95.9 95.7 95.6 95.5 94.4 93.3 91.8 90.7 89.9 88.8 85.6 81.9 80.1 78.4 76.7 74.2 71.1 69.1 67.9 67.4 66.9 66.3 66.6 67.1 67.9 70.1 72.1 73.7 74.1 74 74.4 74.6 75.7 72.2 60.7 61 62.9 71.1 80.6 88.9 99.2 112.4 126.3 136.1 139.8 138.8 139.9 141.5 141.3 139 135.7 131 128.6 124.7 121.6 118.5 116.7 114.7 115 111.5 104.2 101.6 101.2 100.7 100.2 99.1 98.6 98.2 98 98.1 99.6 101.6 101.1 100.7 101.5 102.3 103.8
94.9 97.1 96.6 95.2 94.3 94.2 94.1 93.5 92.1 90.4 89.4 88.7 88.4 85.8 81.9 79.3 77.6 76 74.6 72.7 70.1 68.1 67.1 66.6 66.4 66.5 67.3 68.5 70.8 73.1 74.1 74.3 74.2 74.4 74.8 75.9 69.4 60 60.3 62.1 70.8 78.5 87 96.7 113.4 126.7 137.4 142 141.1 141.8 142.7 141.3 138.8 135.4 131 125.5 121.3 118.8 117 115.5 113.9 113.6 110.5 103.6 102.3 102 101.3 100.5 99.4 98.8 98.4 98.3 98.4 99.1 101.9 101.5 100.8 101.3 101.8 104
92.9 94.2 93.6 93.1 93.1 92.8 92.7 92.7 91 89.2 88.4 87.7 87 84.9 81.8 79.2 77.2 75.9 75.3 73.9 71.4 68.9 67.3 66.6 66.5 66.5 67.3 69.3 71.7 73.8 74.4 74.5 74.4 74 74.8 75.8 66.5 60.4 60.1 64 74.4 82.3 90.7 103.7 116.1 127.1 136.9 141.8 142.4 144.4 145.6 142.7 139.3 136.3 132.9 126.8 120.8 118.2 116.9 115.6 113.6 110.9 108.4 103.4 103.1 103.1 101.7 100.8 99.6 99.1 98.7 98.3 98.1 98.7 101.8 101.6 100.5 100.6 101.2 103.3
90.9 91.2 91.6 92.1 92.5 91.8 92.4 91.9 91.2 88.8 87.5 86.6 86 85.3 82.1 79.2 76.9 76.2 75.7 74.6 72.2 70 67.8 66.7 66.5 66.6 67.6 69.8 72.7 74.3 74.6 74.4 74.3 74.4 74.9 75.5 64.1 59.8 59.7 65.7 76.6 87.6 95.5 107.8 118.4 128.5 137.4 142.8 144.4 147.4 148.7 144.9 140.1 136.9 134.8 132.1 124.7 119.9 116.7 115.1 112.3 108.6 105.6 103.8 103.6 102.7 101.5 100.8 100.1 99.7 99.2 98.8 98.2 98.4 100.9 101.3 100.9 100.1 101 102.3
90.4 90 90.8 91.7 92 91.3 90.5 89.8 89.1 88.9 87.3 85.8 85 84.5 82.2 79.3 77.2 75.6 75.1 74.6 72.4 70.2 67.9 66.7 66.7 67 67.8 70.1 73.1 74.9 74.5 74.3 74.3 74.2 75.5 76.8 63.4 59.9 59.6 65.9 77.1 89.2 99.9 110.5 120.5 131.6 138.9 144.7 147.3 150.2 150.1 145.7 141.4 138.5 137.3 134.8 128.4 121.9 118.5 116.2 113.7 111.4 106.7 104.4 103.7 102.3 101.9 101.2 100.6 100.2 99.8 99.4 99.4 100 102.2 101.4 101.2 99.8 100.3 101.1
