app/static/ascii/SE58.asc
ncols 200
nrows 200
xllcorner 450000
yllcorner 480000
cellsize 50
[rows 140 to 174 of 200, columns 79 to 157 of 200]
246.6 246.2 245.8 245.8 245.3 244.6 243.8 242.8 241.3 238.6 226.4 237.8 240 238.7 237.3 235.8 234.8 235.5 234.6 233.3 231.5 228.9 224.4 212.1 222 225.3 223.6 222 220.5 218.9 217.4 215.9 213.1 206.8 210 212.4 211.7 210.6 209.2 207.3 205.1 201.1 190.7 192.7 192 202 203.8 202.3 197.1 187.9 197.4 202.1 202.8 201.4 201.5 202.1 202.8 202.5 201.2 199.2 194.6 186.2 188.7 195.6 198.3 199 197.6 195.5 192.4 191.4 193.9 195.5 195.9 195 194 191.9 189.2 185.8 182.6
249.2 248 248.2 247.9 247.3 246.3 245.5 244.1 242.5 237.9 231.5 241 241.5 239.9 238.3 237.3 236.6 236.2 235.1 233.6 231.3 228.6 223.7 212.8 222.9 225.6 224.6 222.7 220.8 219.7 217.5 216 212.7 207.2 212.4 213.7 212.5 211.2 210.2 208.2 204.4 196.4 197.2 200.7 195.7 204.4 205.3 202.3 194.2 195.7 201.3 204.6 205.1 204.1 204.6 205 205.3 204.1 202.2 200.1 193.9 185.8 194.3 199.8 201.4 201.6 199.8 196.9 193.3 194.5 197 198.4 198.4 197.4 195.8 193.9 191.1 187.9 184.8
251.2 250.4 250.2 249.5 248.7 247.8 246.4 245 242.6 235.7 237.7 242.2 242 241.1 239.5 237.6 237.1 236.4 234.7 233.3 230.9 227.9 223.8 215.7 223.6 225.7 225.4 224.1 223 221.4 219.4 216.5 211.8 212.1 214.5 214.4 213.6 212.9 211.1 208.3 201.6 198.4 205.4 203.7 198.7 206.6 206.7 202.2 193.1 202.2 205.6 207.2 207.4 207.1 207.4 207.6 206.9 205.5 203.3 200.1 192.8 192 199 202.9 203.7 203.1 201.3 198.2 196.7 198.1 199.3 199.6 200 198.7 197.1 194.7 192.2 189 186.3
253.2 252 251.5 250.9 249.9 248.6 247.2 245.4 241.6 233.8 241 242.8 242 240.7 239.5 237.6 237.1 236.6 234.7 232.8 230.5 228.1 222 218.7 224.5 226 225 223.8 222.6 220.8 218.4 215.8 212 215.2 216.6 216.1 215.2 214.4 211.4 206.4 199.8 207.4 208.7 204.5 204 208.4 207.9 202.6 198.5 206.4 209.1 210.1 210.2 210.2 210 209.6 208.1 206 203.6 199.3 194.4 198.8 203.4 205.7 205.8 205.3 202.6 199.8 200 200.8 201.6 201.6 201.1 199.4 197.8 195.3 192.7 190 187.5
254.6 253.8 253 252 250.7 249.4 247.4 244.9 239.6 238 242.8 243.2 242.2 241 239.9 238.3 237.4 236.8 234.9 231 230.2 229.3 223 221.7 226 226.4 225.1 223.5 221 219 217.1 213.9 215.6 217.7 218.2 217.7 216.8 215 210.3 203.3 209.4 211.7 210.1 203.2 208.2 210.2 209.4 204.3 203.1 210.3 212.9 213.8 213.5 213.2 212.3 211 208.7 206 201.6 195.8 197.3 203.8 207 208.9 208.1 206.9 204 203.4 203.4 203.5 203.7 202.9 202.1 200.4 198.4 195.8 193.2 190.9 188.4
255.9 254.8 253.6 252.4 250.6 249 247.3 244.2 238.5 241.1 243.9 243.4 242.4 241.4 240.2 238.6 237.7 235.5 234 232.5 230.4 227.1 222.2 224.3 227.3 226.5 225 222.3 220.5 217.5 216.3 216.6 218.8 220.2 219.6 218.9 218.4 215.7 209.5 209.5 214.1 214.2 209.4 207.7 211.2 213.1 212 206.5 206.7 214.2 216.2 216.7 216.1 215.2 213.9 210.7 207.8 204.2 203.8 197.2 203.1 207.9 210.5 211.7 210.7 208.4 207.1 206.8 206.6 206.5 205.6 205 203.2 201.5 198.9 196.6 194.1 191.9 189.3
256.3 255.1 253.9 252.3 250.1 248.1 246.1 243.3 239.2 243.1 243.7 243.3 242.4 241.2 239.5 238.2 237.8 236.1 234.2 231.9 229 224.5 224.1 227.8 228.7 227.6 225.7 223 220.2 218.6 218.8 219.4 221.3 222.4 221.7 221.1 219.8 214.8 209.1 215.5 217.7 215 208.7 213.1 215 216.1 214.9 208.9 210.6 217.3 218.9 219.3 218.3 217.2 215.4 211.3 210.2 210 207.5 197.3 207.1 211.6 214.3 214.7 213.2 211.5 210.3 209.4 209.8 209 207.7 206.5 204.3 202.1 199.9 197.7 195.2 192.6 189.8
255.9 254.7 252.9 251.3 249.7 247.5 244 241.4 240 244.3 244.1 243.3 242.2 240.9 239.6 237.8 236.4 234.2 232.2 229.9 226.7 225 228.1 231.1 231.3 229.8 227.2 223.5 221.4 223 222.6 222.6 223.7 224.8 224.5 223.7 221.5 216 214.1 219.8 220.1 215 213.7 217.2 218.7 219.1 217.5 211.6 213.2 220 221.6 221.4 220.4 218.8 216 212.6 214 212.9 209 202.8 211.8 215.8 217.4 217.3 216 214.7 213.4 212.9 212 210.6 209.2 207 204.6 202.3 200.1 197.9 195.3 192 188.6
255 253.7 251.8 249.7 247.9 246.4 245.7 243.7 241.6 244.8 243.9 242.5 241.3 239.8 238.4 236.6 234 231.4 228.8 226.7 225.2 228.4 231.7 233.3 233.3 231.7 228.6 225.1 226.7 226.7 226 225.8 226.9 227.5 227.4 226.2 223.1 215.1 220.7 223.4 220.7 214.5 217.9 220.9 222 222.1 220.9 214.4 215.4 222.5 223.5 223.3 222 220.2 215.8 217 217 215.2 209.9 209.1 216.4 219.5 220.4 219.5 218.5 217.4 216 214.9 213.6 211.7 209.8 207 204.6 202.2 199.5 196.9 193.1 188.8 183.7
254.6 253.7 252.5 251.1 250.2 249.3 247.2 243.2 244.4 244.9 243.3 240.6 239.6 238.6 236.8 235.4 234.2 233.6 232.9 230.5 229.1 231.9 234.9 236.3 237 234.8 230.9 230.6 230.1 230 230 230.3 229.7 230.2 229.9 228.6 223.5 217.1 225.4 225.7 220.1 219.6 222.8 224.3 225.1 225 223.8 217.7 217.6 224.4 225.5 224.6 223.1 221.1 218 219.7 219.2 217.3 210.9 213.7 220.2 222.4 222.9 221.4 220.8 219.6 217.9 216.5 214.8 212.5 209.5 206.3 202.7 199.6 195.2 191.3 186.5 180.3 181.7
257.4 256 254.6 252.9 251.1 250.1 247.2 243.7 245.9 244.7 244 243.6 242.6 241.8 242.2 240.1 238.3 237.8 236.5 230.8 234.2 234.8 237.3 239.6 240 237.5 233.8 233.1 233.9 234.6 236 234.7 233.1 232.7 232 230 223.4 223.7 228.8 226.8 221 224.9 226 227.2 228 227.5 225.9 219.9 220.2 226.4 227.4 226.5 224.2 221.6 221.9 222.1 221.1 219.1 210.3 218.2 222.4 225.2 225.7 225 223.6 221.5 220 218 215.8 212.5 209 204.2 198.5 193.4 191.5 191.3 191.3 191.6 190.7
258.1 256.5 254.7 253.2 251.7 250 245.4 246.4 246.3 246.5 246.2 245.6 244.6 245.7 245.6 244.3 241.7 240.7 237.4 235.4 237.7 237.8 240.4 242.3 241.9 240.4 236.9 237.1 239.2 240.7 240.8 239.4 236.9 235.7 234.3 230.5 223 225.8 231 226.4 227.2 229.3 230.2 230.1 230.8 230.2 228.3 221.9 223.6 229.3 229.8 228.5 226 224.3 225.4 225.2 223.7 220.6 212.7 221.7 226.3 228.7 228.9 228.1 226 224.3 222 219.7 216.9 213.2 208.2 200.3 200 201.5 201.3 200.7 198.6 195.7 194.1
258 256.4 254.7 253.1 251.6 248.8 246.4 248.4 248 248.3 247.8 247.6 246.7 248.1 248 246.7 244 242.6 236.9 239.9 241.8 242.8 244 245.4 245.2 244.1 241.4 242 243 243.1 243.1 242.3 240.6 239 236.7 231.1 224.2 229.9 231.9 228.3 233.4 235.3 235.4 234.3 233.7 233 230.7 222.6 228 232.3 232.7 231.5 228.7 228.4 229.1 228.4 226.2 220 219.2 225 230 231.9 231.7 230.4 229 227.2 224.8 221.4 217.8 213.3 205.5 204.6 207.7 207.1 206.4 205 202.2 199.2 196.2
258 256 254.3 252.8 250.6 247.6 249.3 249.7 249.6 249.9 250.5 250.2 249.3 248.7 248.5 248.1 246.4 243.6 238.5 243.6 245.7 246.9 247.5 248.9 248.6 247 245.7 246.1 246.4 246 245.2 244.5 242.6 240.8 237.5 230.7 228.9 233.8 234.7 231.6 237.7 239.4 238.5 236.8 235.3 234.3 232.7 223 231.7 235.3 235.5 234.4 232.1 232.6 231.1 230.2 227.1 218.5 224.7 228.6 232.7 234.7 233.6 231.6 230 228.4 225.7 222.1 217.8 210.6 208.2 212.3 212.3 209.7 209.1 206.7 204.9 202.4 198.2
257.6 255.7 253.9 252 249.4 249.6 251.2 251.1 251.8 252.5 252.6 252.5 252.1 252.2 252.2 250.8 248.6 245.3 241.1 246.4 249 249.2 249.9 251 251 250 249.5 249.1 249.3 248.5 247.6 246.3 244.5 242.2 237.5 230.2 234.5 237.9 236 234.5 240.7 242.5 240.7 238.8 237.7 236.4 234.1 227.1 235.4 238.2 237.7 236.2 235.4 235.5 234.4 231.5 226.5 222.5 228.6 232.7 235.2 236 235.2 233.3 231.5 229.1 225.5 221.6 215 211.7 215.7 214.3 212.6 210.4 209.1 208.5 207.3 203.7 197.2
257.2 255.1 252.6 250.7 250.8 252.1 253.1 252.8 253.7 254.9 255.2 254.5 255.3 255.4 255.2 253.2 250.9 247.7 243.9 249.3 251.8 251.2 251.6 252.6 252.4 252.2 251.7 251.3 250.8 250.1 248.8 247.2 245.4 242.5 236.7 233.9 238.8 240.7 239.4 237.3 241.5 243.1 241.6 240.4 239.5 237.5 234.4 229.7 237.5 239.6 238.8 237.6 236.7 236.9 235.8 232.1 225.3 227.9 231.8 235.4 236.7 236.3 235.3 233.6 231.4 227.9 224.3 218.8 213.1 217.6 217.5 216 215 212.5 210.9 209.6 207.8 202.2 194.8
256.6 254.1 252.7 253.8 254.2 254.7 255.5 254.9 255.6 257.3 257.4 257.5 257.3 256.9 256.2 255 253.2 250.2 246.7 252.4 253.7 253.1 253.4 253.6 253.5 253.3 252.8 252.4 252 251 249.5 247.8 245.7 242.1 236.3 238.8 242.9 243.2 241 240.1 242.6 243 242.1 241.9 240.5 237.7 233.8 232.1 237.9 239.4 239.6 238.2 237.4 236.9 235.8 230.7 226.8 231.8 234.3 236.2 237.2 236.2 235 233.2 229.7 225.8 219.8 216.9 220.3 219.6 220.4 220.3 219.2 216 213.4 211.1 205.9 201.2 203.1
256.8 254.1 256.1 257.2 256.6 256.7 257.2 257.4 257.2 258.6 258.9 258.7 258.4 258.2 257.2 255.9 254.3 251.2 248.8 254.2 255 254.4 254.5 254.6 254.5 254.3 253.7 253 252.3 250.9 248.9 246.3 244.9 240.8 236.3 243.1 244.7 244 241.9 241.8 242.8 244.1 244.1 242.6 239.9 235.7 232.2 234.4 237.9 239.6 240 239.1 238.1 237.1 234.3 229.7 232.3 234.4 236.2 237.5 237.4 236.7 235.1 233 228.2 221.5 222.5 224.8 225.6 226.5 226 222.2 220.3 216.6 213.9 209.7 203.9 203.1 209
256.7 258.1 259.4 259.6 258.6 258.5 259.2 259.2 258.2 259.5 259.9 259.7 259.4 259.3 257.9 256.6 254.9 251.3 250.5 255.1 255.7 255.1 255.3 255.2 254.9 254.4 253.7 253.1 252.1 250.7 249 246 243 239.1 242 245.4 245.8 244.9 241.8 243.8 244.2 244 243 240.8 237.6 234 235.7 237.9 237.7 239.6 241 240.4 239.6 238.3 235 232.7 235.8 236.2 238.1 238.8 238.5 237.5 235.7 232.9 226.6 225.8 228.8 229.4 230.1 229.8 227.9 225 221.9 219.1 215.2 209.4 205.3 209.1 214.1
258.1 260.1 259.6 260.2 259.9 260.2 259.9 259.7 259.3 259.5 260.6 260.4 260.4 259.9 258.4 256.9 254.2 252 251.3 256 256.3 255.7 255.1 255.2 255.1 254.4 253.8 253 251.9 250.4 247.8 244.5 240.4 240.3 245.7 247.4 247 245.7 244.1 245.3 245.1 244.7 243 240.2 236.7 236.2 239.7 240.1 240.2 241.3 242.3 242.1 241.3 239.6 235.7 236.6 239.3 240.5 240.9 240.8 240.3 238.9 236.7 232.6 226 231.4 233.5 233.4 234.1 232.8 229.9 227 224.4 220.6 215.9 209.5 212.3 216.2 218.9
259.6 261.5 262.1 260.9 260 259.9 260.3 260.6 260.6 260 260.3 260.6 259.3 259 257.7 256.5 255.8 255.4 253.6 255.2 256.6 256.1 255.4 255.6 255.2 254.5 253.4 252.3 251 248.6 245 242.1 244.1 244.7 247.8 248.3 247.9 246.7 245.2 246.9 246.6 245.9 243.7 241.1 237.2 239.8 242.4 243.1 242.4 242.8 243.4 243.8 242.5 240.7 236.3 239.9 242.3 243.3 243.4 243 241.9 240.1 237.2 231.5 232.5 235.2 237.8 238.1 237.6 235.5 232.7 230.2 226.2 221.3 217.6 212.9 218.5 222.4 224.7
260.5 261.7 263.2 262.3 261.2 261.2 261.3 260.8 260.5 260.9 260 258.3 260.3 259.9 258.8 257.1 257.2 256.3 254.7 254.3 256.4 256.2 255.8 255.5 254.7 253.6 252 250.4 247.9 245.3 244.4 245.6 247.7 248.1 249.8 249.7 249.4 248.6 248.4 248.5 247.7 246.5 244.2 240.1 239.1 241.6 244.7 245 244.1 244.5 245.3 245.6 244.2 241.5 238.5 242.5 245.5 247 247 245.8 244 240.5 236.4 232.3 236.2 239.8 242 242.6 241.3 239.3 237.2 233.2 227.1 222 222.2 219.6 225.2 228.6 229.4
260.5 261.8 263 262.8 262.5 262.5 262.5 262.2 261.8 261.9 261.6 261.7 260.9 260 258.9 258.4 258.1 256.8 256 255.1 255.5 255.4 255.2 252.3 253.3 251.7 250 248.2 247.8 247 247 248.7 249.7 251.2 253.3 252.5 251.3 250.5 250.5 250.7 249.6 247.8 245.6 243.9 241.8 241.5 245.7 246.3 246.4 246.6 247.7 247 245.2 241.7 241.4 245.2 248.6 250.2 249.9 247.8 244.6 239.7 235.2 237.7 239.8 243.2 244.8 244.8 244.7 243 239.3 232.8 226.6 226.2 228.2 226.6 231.1 232.4 232.6
260.3 261.4 262.4 262.5 263.2 263.3 263.5 263 262.9 262.7 262.3 261.8 261 260 259.5 259.1 258 256.7 255.8 256.1 256.1 255.4 254.7 253.6 252.5 250.1 250.5 251.6 251.3 250.1 250.6 251.8 253.8 255.3 256.5 256.8 254.5 254.3 254.1 253.3 252.4 250.2 248.5 246.9 245 243.4 245.8 249 249.1 249.5 250.3 248.6 245.5 242.7 242.7 247.6 251.2 251.9 251.4 248.8 242.7 240 239.8 242.2 244.9 246.2 246.7 247.1 246.7 244.1 238.1 230.7 226.5 231.2 235.3 234.5 235.5 235.6 234.8
259.9 260.7 261.9 262.3 262.8 263.3 263.3 262.9 262.5 262.2 261.8 261.3 260.7 259.8 259.4 259.3 259.2 257.6 257.5 257.2 256.5 256.4 256.5 255.9 255 252.5 253.6 254.9 254 252 253.4 255.8 256.8 257.8 259.4 259.6 258.6 258.5 258.4 257.7 255.9 254.1 253.3 251.2 249.1 247 247.1 251.3 252.6 252.8 252.6 251 247.7 246.3 244.9 249.7 252.2 252.8 252.5 250.3 247.2 244.9 245.8 247.2 248.2 248.9 250 248 247.5 242.8 235.9 236.7 238.1 239.8 240.8 239 238.6 237.3 235.7
259.2 260.4 261.1 261.4 261.6 262 261.9 261.6 261.6 261.4 261 260.5 260.3 259.9 259.3 259.9 259.5 259.6 259.5 259.5 258.7 258.8 258.9 258.9 258.5 256.8 257.1 257.8 257 254.5 257.2 260.6 261.4 261.7 262.6 261.5 260.6 260.8 260.2 260 259.2 257.3 255.7 254.5 253.7 251.1 252.6 253.9 255.2 255.1 254.9 253.3 252.8 251.7 251.5 249.3 253.3 253.9 253.9 252.5 251.6 250.4 250.7 251.1 251.5 253 253.2 250.3 246.3 241.6 239.6 241.8 244.7 245.8 244.3 242.3 241 239.1 237
257.9 259.6 259.8 260 260.2 260.4 260.4 260.4 260.5 261.1 260.4 260.7 260.9 260.7 260.5 261.4 262.3 262.2 261.9 261.8 261.3 261.9 262.5 261.8 261.2 259.5 260.6 260.8 259.8 257.3 260 262.3 263 263.1 262.4 262.3 262.2 262.3 261.5 261.2 260.4 259.7 258.4 257 255.8 255.9 255.1 256 256.6 256.6 256.7 256 255.6 255.4 254.5 253.5 254.3 256 256.2 256 255.5 254.5 254.6 255.1 255.4 254 253.5 249.7 245.1 244.6 244.6 243.5 248.6 250.8 248.7 245.2 243.2 241.4 238.2
256.1 257.3 257.8 258.5 259 259.4 258.9 258.9 259.6 260.5 261.6 262.1 262.3 262.2 262.2 263.4 264 264.7 264.4 263.9 263.8 264.1 264 263.7 262.6 262.1 262.9 262.7 261.9 260.2 261.9 263.1 263.4 263.1 263.2 262.5 262.8 263.3 263.1 262.6 262.2 260.4 259.6 258.9 258 257.6 257.6 257.7 257.9 258 258.6 258.8 258.7 258.7 257.8 256.7 256.9 259 259.2 259 258.8 258.5 258.3 259.1 257.8 254.7 252 247.3 245.6 247.7 245.6 247.8 253 254.8 252.9 247.6 244.9 242.3 238.2
240.9 254.1 255.6 256.5 257.9 258.7 259.4 259.4 259.5 261.2 262.5 263.5 263.8 264.5 264.3 265.4 265.4 265.1 264.6 264 263.9 264.2 264.4 264.1 263.3 263 263.4 262.7 262.4 261.6 262.4 263.1 263.2 263.7 263.3 262.3 265.2 264.9 265.1 265 264 262.5 262.1 261.1 260.2 259.9 260 259 260.4 261.4 261.7 261.7 261.9 261.5 260.9 260.5 259.8 260.7 260.9 260.5 260.2 260.8 261.8 261.6 258.8 254.4 249.8 251.6 251.3 251 249.3 251.6 255.1 256.6 254.8 249.3 245.9 241.6 235.9
226.8 238.2 251.8 255.6 257 258.5 258.8 258.7 260 261.6 263.7 265 265.9 266 266 265.6 265.1 264.9 264.3 263.8 263.7 264 264.3 264 263.1 263.4 263.3 263 262.8 262.5 262.2 262.8 262.7 263.4 262.5 262.5 266.2 266.9 266.3 266.6 266 264.6 264.6 263.7 262.8 262.6 262.4 262.1 263 263.5 263.9 263.7 262.9 262.8 262.6 262 261.9 261.7 261.6 261.5 262 263.6 263.8 262.2 258.5 254.3 254 255.6 255.2 252.4 254.3 255.5 254.1 255.4 255.2 250.6 246.3 239.3 240
215.4 225.5 243.9 254.9 256.5 257.6 257.6 258.1 259.5 262.1 264.3 266.1 265.9 266 265.6 265.3 264.9 264.2 263.5 263.2 263.3 263.3 263.9 263.4 262.7 263.4 263.5 262.8 262.8 262 262.2 261.6 262.8 262.6 261.4 262.5 266 267.3 266.7 267 267.3 267.4 266.9 266.2 265.7 265.3 265.1 265 265 265 264.8 264.1 263.8 262.9 262.7 262.5 262.3 262 261.8 261.9 263.2 264 262.6 260 258.2 255.6 255.3 255.7 257.2 255.9 257.8 258.3 256.9 254.7 254.7 251.4 247.1 244.6 244.6
216.5 220.2 233.9 251.7 255.1 256 256.6 258.4 259.3 261.9 264.6 265.8 265.6 265.4 265.1 264.7 263.9 263.2 262.2 262.3 262.7 262.5 263.2 262.8 262.6 263.1 264.3 264.3 264.7 263.3 262.2 260.9 261.2 261.5 260.4 262.7 265.7 266.9 267.3 267.8 267.9 268.3 268.1 267.3 267 267 266.4 266.2 265.7 265.6 265.7 265.3 264.7 263.7 263.7 262.9 262.8 262.6 262.1 262.5 263.5 263.6 261.3 260.1 258.6 258.1 256.7 257 257.5 257.3 257.7 258.6 257.3 256 253.8 251.9 249.5 248.1 246.7
225.2 232.1 239.7 246.7 254.3 256.3 257.8 259.5 261.7 263.4 265.6 265.7 265.5 265.3 264.7 263.8 263 261.9 261.1 261.1 261.6 261.5 262.2 262 262.2 264.4 265.9 266.6 266.7 265.8 264.2 260.8 258.7 258.4 259 261.6 264.9 266.6 267.5 267.9 268.2 268.4 268.9 267.9 267.9 267.8 267.6 266.6 267 266.8 266.4 265.8 265.3 264.8 264.1 261.9 262.2 262.7 261.9 262.1 261.9 261.7 260.7 260.6 259.8 259.3 259 258.6 258.3 258.7 258.6 258.2 256.7 256 254.5 252.5 251.1 249.6 247.9
234.5 255 256.6 256.9 257.6 256.8 258.2 260.7 263.7 265.6 266.1 266 265.6 264.9 264 263 262.2 260.7 259.8 259.6 260.2 260 260.1 260.2 260.9 264.4 266.9 267.4 267.4 266.6 265 261.8 257.4 255.2 255.3 259.2 263.2 266 267.6 268.6 269.2 269.2 269 268.6 268.5 268 267.4 267.8 267.4 267.6 267 265.7 265.4 264.7 263.8 263.3 261.6 260.4 259.5 259.7 260.6 261 260.5 260.6 260.6 260.2 260.1 260 259.8 259.2 258.6 258.2 257.3 255.5 253.9 251.6 250.2 249.2 247.2
255.8 258.3 258.3 258.4 258.6 258.5 260.5 262.9 265 266.4 266.2 265.9 265.2 264.3 263.5 262.6 261.5 259.6 256 256 257.8 257.1 256.9 258.5 259.8 264.1 267.1 268.1 267.9 267.2 264.9 262.1 257.4 251.5 252.6 255.8 260.2 264.7 267 268.8 269.3 269.4 269.5 268.9 268.3 267.5 267.9 267.4 267 266.8 266.3 266.1 265.4 265.1 263.4 262.9 262.3 260.5 258.1 258.7 260.1 260.7 260.8 260.8 261.1 261 261.2 261.2 260.9 260.8 260.3 259.4 258.1 256.3 254.2 250.3 248 247 245.9
