app/static/ascii/SE59.asc
ncols 200
nrows 200
xllcorner 450000
yllcorner 490000
cellsize 50
[rows 105 to 139 of 200, columns 0 to 77 of 200]
218.3 215.5 210 206.6 201 199.2 193.6 192 188.9 187.7 192 198.4 201.6 202 201.9 202.3 203.3 207.4 213 215.6 215.9 213.4 207.4 200.3 190.2 178 178 186.5 194.8 202.7 215 223.7 230.9 238.7 248.3 256.2 259.6 263.5 267 270.2 273.5 275.9 278.6 280.5 282.4 285.8 288.1 290.2 291.4 293.1 293.9 294.1 295.7 296.7 296.3 295.9 293.3 288.4 284.7 281.4 280 278.7 275.9 274.7 274.5 272.2 269 261.6 252.2 255.7 270.8 281.5 287.4 292.4 299 303.6 306.9 309.8
222.4 219.3 215.8 212.3 208.3 206.3 202.9 200.2 196.9 192.8 186.1 185.6 190 192.5 192.5 193.6 194.2 197.7 203.9 207.7 208.9 205.9 200.4 195.6 186.3 177.3 180.6 188 195.8 206.3 219 226.4 235.1 244.5 253.3 257.9 262 265.4 270.1 274.2 277.5 279.3 280.9 281.9 283.6 285.7 288 289.9 290.7 290.9 291.9 292.4 292.9 293.7 293.2 293 288.8 284.6 281.2 278.6 276.2 274.8 272.5 271.9 269.7 267.6 261.6 250.3 247.2 260 273.9 280.8 286.7 294.1 299.7 302.9 305.8 308.5
227 224 221.6 217.6 215.5 212.7 207.3 204.2 201.1 198.2 194.9 189.2 183.8 182.9 183.2 184.3 186.8 188.4 192 194.2 196.1 196.5 193.8 191.3 182.4 176.4 182 189.5 199.2 210.9 221 229.3 239.6 249 254 258.9 262.9 267.3 271.8 274.9 277.3 279.3 281.1 282.6 283.9 285.5 286.7 288.6 289 288.7 289.1 290.2 290.1 290.8 289.9 289.7 284.7 280.9 277.1 275.1 272 270.5 268.8 267.5 264.7 260.4 252.3 240.8 250.6 263.6 274.2 280.4 286.9 294.8 299.3 301.7 304.4 307.1
232.7 229.6 226.3 223.7 220.8 217.4 213.3 210.3 207.4 204.2 201.4 201 199.1 193.1 185.5 181.5 179.9 179.2 181 182.4 184.4 186.8 187.2 186 179.6 176.2 183.1 192.6 204.4 214.6 223.4 232 244.9 250.1 254.6 259 262 266.8 270.4 274.4 276.3 277.7 279.4 281.2 282.8 284 285.1 286.6 286.1 285.7 286.2 287.6 286.8 287.4 286.7 285.6 280.1 276.4 273.4 271.2 268.6 264.8 264.4 261 258.1 254 242.9 239.8 255 267.7 274.4 280.5 289.1 294.4 298.4 301.1 304.1 307.1
237.7 234.8 231.7 229.4 225.8 223 219.8 216.6 212.9 210.8 210.1 209.9 209.1 207.5 202.5 197.2 191.2 187.1 182.2 177.8 175.8 178.8 181.4 181.3 175.2 177.5 185.7 198.2 209.2 217.3 226.1 234.9 246.2 249.7 254.4 257.5 261.9 265.6 269.4 272.6 274.8 276.2 277.5 279.3 281.1 282.1 283.3 283.8 283.4 283.2 282.8 283.6 283.6 283.3 283.9 281.4 276.3 272.1 269.4 266.9 264.5 261.5 257.6 254.4 250.4 243.5 233.6 245.8 261.1 270.7 276.6 283.8 290.7 294.5 297.9 300.8 303.6 307
246 244.1 237.7 234.3 232.2 228.3 224.9 221.9 219.2 217 216.5 216.2 216.6 215.8 212.8 208.3 203.7 200.1 196.3 187.7 177.8 174.5 175.5 174.4 176.6 181.2 194.8 206.9 213.6 220.2 228.3 240 245.1 248.7 253.1 257.4 261.7 264.6 268 270.4 272.5 273.9 275.5 277.3 279.1 280.7 281.5 282.7 281.4 280.5 278.3 280.5 280.1 279.7 280.3 276.9 272.4 268.3 265.2 263 260.2 256.9 250.9 246.2 241.2 234.1 238.4 252.8 265.5 272 277.1 285.4 290.6 294 297 300.2 303.6 307
252.8 249.2 245.5 243.2 240.4 236 230.5 227.3 225.2 223.2 222.8 222.5 223.4 222.8 220.1 215.6 210.8 206.3 203.3 195.6 181 172.3 173.5 173.4 181.4 190.5 203.9 211.4 216.3 223.1 234.2 242.1 245 249.6 255 258.5 261.3 263.8 266.2 268.2 269.7 271.5 272.8 274.3 276.1 277.7 279.2 280.5 280.8 278.3 276.5 277.1 276.6 276.2 276.4 272.8 268.5 265 262.1 259.9 256.5 250.9 245.4 239.2 230.7 231.4 245.3 258.9 268 273.3 281 286.2 289.8 293.2 295.9 299.2 303.5 307.9
258.2 254.6 253.4 249.9 246.4 243.3 240.7 237.8 235.3 232.6 231.8 231.7 232 228.3 225.9 221.3 215.6 210.7 206.5 197.9 180.6 172.3 175.5 180.2 186.2 193.9 208 214 219.6 226.7 237.5 240.7 244.1 248.8 254.4 257.8 259.6 261.9 263.8 265.7 267.1 268.8 270.4 271.7 273.5 275 276.6 277.7 278.2 277 274.5 273.8 273 272.9 273 269.1 264.8 260.4 258.1 254.5 252 244.9 239.1 231.7 223.9 237.2 249.9 261.9 269.2 273.6 280.2 284.5 288.3 291.6 295.1 299.7 304.7 309.6
261.9 259.5 258.4 255.7 253.5 251.1 248.4 245.6 243.9 240.4 240.7 239.6 238.6 237.4 234.7 226.6 220.5 214.4 209.5 200.8 180 172.7 176.3 182 187.1 197.8 210.1 215.8 221.8 228.8 236.6 239.3 242.8 247 252.5 255.5 257.1 259.6 261.4 263.1 264.7 266.3 267.9 269.3 270.7 271.8 273.5 274.8 274.8 272.6 271.7 270.3 269.5 269.6 269.9 264.4 259.7 254.8 252.6 250 246.8 239.5 234.7 225.6 228.6 240.1 253.2 261.2 268.5 272.9 278 281.6 285.3 291.3 295.2 299.8 305.1 310.9
265.2 263.7 262.4 260.7 257.9 255.8 253.6 251 249.8 249 248.9 248.1 245.7 241.2 236.4 233.3 223 217.2 209.8 203.2 184.6 170.8 174 182.4 189.3 199.5 209.6 215.6 221.4 230.1 234.8 237 240.7 244.6 249.4 252.6 254.9 257 258.4 259.8 262.2 263.6 265.2 266.6 267.7 269.1 270.7 271.8 270.2 268.2 267.6 267.7 266.5 266.5 266.2 259.8 254.2 250.5 247.6 245.2 237.8 233.2 229.1 222.2 226.3 239.8 250.3 258.2 265.2 270.2 275.8 280.9 286.1 290.3 294.8 300 305.4 311.2
268.9 268.6 266.5 264.6 262.1 259.9 257.7 255.1 253.1 252.6 252 251 248.8 245.4 239.1 233.8 224.7 217.2 209.5 202.4 189 173 169.8 181.2 192.6 204.5 209.5 215.7 220.6 226.6 232.7 234.3 237.1 240.2 243.9 248.2 250.8 252 254 256.3 258.2 260 262.3 263.7 265 266.4 268 268.1 266.6 263.6 263.9 264 263 263.9 262.3 254.9 249.9 245.4 242.7 238.9 232.8 227.2 223.3 218.1 228.4 238.2 249.2 258.2 264.5 272.5 276.5 280.8 285.4 289.9 294.5 300.5 305.8 310.3
274.3 273.1 270.8 268.9 266.4 263.7 260.7 258.7 255.9 255.3 253.6 251.7 249.4 246.2 240.9 233.5 226.4 217.2 208.6 201.6 190.1 175.6 174.7 180.5 194.8 204.3 209.4 214.7 218 221.7 227.8 230.6 231.7 233.9 236.1 238.5 242.3 245.3 248.3 251.6 253.4 255.2 258.4 260.4 262 263.8 264.3 264 262.3 259.8 259.3 258.2 259.7 261.1 258.5 250.9 245.4 240.9 238.6 233.4 228.3 222.3 214.9 219.9 229.7 237.6 248.2 257.3 264.7 271.1 275.2 279.9 284.5 289.5 295.1 300.9 306.2 309.8
281.6 279.6 275.8 272.3 269.7 266.8 264.4 262.4 259.8 257.1 254.8 252.4 249.5 246.5 242.1 234.4 227.8 216.6 209.2 201.8 191.2 179.1 171.9 177.3 191.1 202 206.5 210.3 212.5 216.5 221.8 223.9 223.8 225.1 227.6 230.4 231.8 233.4 236.2 243.2 245.6 249.9 253.7 255.7 258.1 260.6 260.3 259.4 257.5 255.6 253.4 254.5 255.9 257.5 254.8 246.8 241.4 236.5 233.2 228.6 223.9 217.7 208.9 220 229.7 237.5 249.4 257.8 265.3 270.6 275.3 279.8 284.1 289.5 295.9 302.6 305.7 308.5
291.6 288 282.2 278.9 275.2 270.5 267.1 264.7 262 258.7 254.8 252.1 249.9 246.7 243 237.1 228.7 218.4 210 202.3 193.2 182.9 173.5 171.6 187.2 198.8 202.6 205.1 207.4 211.9 214.9 215.4 214.2 213.3 215 219.1 222.4 224.8 227.9 230.9 236.8 243 249.3 251.8 253.1 255.1 254.6 253.8 253.4 251.4 249.8 251.7 253.1 254.6 250.6 242.7 236.6 232.3 228.1 223.2 218.6 211.3 209.9 221.3 229.8 239.6 252.4 259.2 265.1 269.4 275 279.4 284.4 289.2 295.5 301.2 303.1 305.9
305.1 298.4 293.7 286.7 281.4 276.6 270 267.3 263.7 259.8 255.8 251.4 249.4 246.6 243 238.4 229.8 221.7 211.7 203.7 193.9 183.4 172.7 168.9 183 192.5 197.9 200.7 203.6 206.1 208.4 207.9 206.3 204.8 204.3 204.2 208 214.5 222.1 227.4 231.1 235.6 242.1 245 246.9 247.6 247.7 248.9 249.2 246.9 246.4 247.9 249.7 250.9 246.3 238.8 232.4 228.1 224 219 213.4 206.4 211.9 221.1 229.8 240.4 251.7 258.3 263.5 268.4 274 278.3 283.1 289.4 295.3 298.7 300.8 302.9
313.8 310.2 304.4 297.2 289.7 282.3 274.9 269.1 265 260.9 255.1 251 248.3 245.7 242.5 237.7 228.9 221.3 211.9 203.7 194.8 184.6 172.1 168.9 179.1 185.7 192.8 195.8 199.1 201.6 202.4 200.7 199.5 197.6 196.5 196.4 197.8 200.5 212.9 221.4 226 230.8 235.8 236.7 238.7 240.7 240.7 243.9 243.5 242.4 242.6 243.9 246.4 248.5 241.8 234.5 228.5 223.7 219.1 214.2 207.3 203.3 213 222.7 235.5 244.6 251.1 257.8 262.1 268 273.2 278.5 283.4 288.8 293.1 295.8 298.2 300.6
320 316 313.4 307.3 298.5 287.8 278.7 270.1 265.5 260.7 256.5 251.5 247.3 244.6 241.3 237.3 229.8 220.9 211.1 203.8 195 186.1 173.1 167.6 174.6 179.1 183.2 186.9 192.1 196.1 195.4 194.1 192.7 191.1 190.5 189.4 189.5 194.3 203.4 212.1 219 225.1 229.2 230.7 233.2 234.7 235.8 237.4 238.3 237 235 238.7 242.8 244.1 236.6 231.1 224.1 219.4 214.2 207.5 202.9 209.4 218.7 231.6 241.6 247.7 251.9 257.6 262.5 267.7 273 278.5 284.6 288.2 290.6 292.9 295 297
325.7 321.8 317.8 313.9 306.8 292.9 280.6 270.6 265.5 260.6 256 251.4 246.4 242.7 240 235.9 230.4 220 211.3 204.3 194.9 188.2 175.2 166.4 169.1 173.4 176.4 180.1 183.3 187.1 188.5 187.8 186.8 185.2 184.2 183.2 182.3 184 189.9 199.9 209 216.7 221.1 222.8 225.6 227.3 229.8 231.8 232.6 228.8 230.2 234.8 240.1 237.4 232.5 226.6 219.8 215 209.9 201.3 206.8 216.5 228.8 238.8 243.8 248.2 252.3 257 262.5 267.7 273.3 278.6 283.3 285.8 287.6 290 292.1 294
330.9 327.1 320.9 316.4 312.1 299.1 284 272.1 264.8 260.2 255.3 250 245.1 240.6 237.1 233.8 228.8 219.4 211.7 204.9 196.3 190.4 180.3 167.7 166.1 168.3 171 174.2 176.1 178.3 181.6 181.6 181.1 180.1 178.5 177.1 176 177.9 180 185.5 195.5 206.4 211.3 212.3 213.4 215.7 217.9 218.7 219.8 220.2 221.5 232 237.5 234.3 228.9 223.1 215.4 210 204 200.6 211.4 224.2 233.9 239.3 243.1 247.9 252.2 257.1 262 268 272.7 278.2 281.4 283.3 285.3 287 289.3 291.1
340.4 329 325.4 321.3 314.7 303.3 285.9 276.8 268 260.3 254.7 248.3 242.9 238.4 234.1 230.1 225.4 217.9 209.1 204.5 197.6 190.8 184.3 174.7 167.6 165.5 166.2 167.2 168.6 171.1 176.2 177.1 176.9 175.7 173.1 171.7 170 171.7 174.4 179.5 185.8 195.7 200.4 203.6 205.9 208.2 208.8 209.5 210.5 213.7 217.9 227.4 233.6 232 226.8 220 211.6 205.3 198.2 204.3 214.4 226.9 233.7 238 242.6 247 251.4 256.1 262.8 268.3 273.8 276.6 278.7 280.8 282.9 284.6 286.5 288.3
351.3 336.1 330 324.3 316.2 306.6 287.7 278.4 268.8 262 254 248.1 241.5 235.6 229.6 224.6 218.7 212.6 203.6 198.8 192.4 187.7 181.4 170.5 177.4 175.7 173.8 168.4 164.4 163.4 166.6 169.5 171 169.9 168.6 166.8 165 165.8 169 172.4 178.6 187.1 193.6 195.2 195.3 196.3 196.4 199.7 201.4 206.8 214.1 220.7 226.2 227.6 223.8 217.8 207.7 199.9 197.6 206.5 217.4 227 232.3 235.9 240.1 245.4 250.3 256.2 262.6 268.5 272.8 274.9 276.7 278.8 280 281.8 283.7 285.1
365 346.6 335.4 322.4 312.9 307.3 294.8 281.9 270.1 262.3 255.4 248.9 242.3 235 227.5 218.8 212.3 205.5 199.5 194.3 188.2 184.5 183.2 186.4 188.1 186.4 183.4 179.1 174.5 169.7 164.7 162 162.4 162 161.8 161.1 159.6 159.8 161.4 167.9 174.8 183.9 187.2 187.3 186.9 188.3 188 190.7 194.3 201.7 208.8 215.3 218.3 221.2 219.7 215.6 206.4 194.5 196.5 207.3 217.1 225.2 230.1 233.6 238.8 243.6 249.6 255.7 261.8 268.5 270.9 272.6 274.5 276.2 277.7 279.2 280.9 282.5
372.7 361.3 343.4 329.9 317.3 311.4 301.4 286.3 274 263.8 256.1 248.8 241.9 234.7 227.1 218.6 211.5 204.8 200.4 194 191.3 192 193.7 199.3 197.9 193.4 190.1 186.1 183 179.1 176.8 174.2 172.3 168.8 167 165.3 164.4 160.9 159.8 163 176.1 183.8 179.9 178.9 177.5 178.2 178.9 182.5 189.9 197.6 203.7 209.5 212.9 214.9 214.6 211.3 204.6 190.6 195.6 205.8 215.5 223.4 228.2 233.4 238.7 242.1 248.3 254.4 260.2 266.1 267.9 270 272.2 274.1 275.3 276.5 278.7 281
378.5 371.3 357.8 340.8 324.5 312.1 302.4 289.6 275.4 266.3 258.1 249.5 242.9 235.8 228.9 221.5 213.2 207.5 204.5 209.8 210.2 203.7 210.9 213 209.7 204.1 198.7 194.1 191.2 187.3 186.6 186.8 185.3 179.8 174.2 169.7 166.5 163.2 159.6 164.6 176.4 180.6 177.3 171.8 169.7 170.3 170.3 178.7 186.6 191.6 197.6 202.1 205 207.5 209.2 208.2 201.7 194 199.4 209.2 217.7 224.2 229.7 235.2 239.7 242.1 246.4 251.9 257 263.1 265.1 267.5 269.8 271.5 272.9 274.2 276.8 279.6
382.4 377.6 369.7 355.5 334.2 316.5 307.1 293.6 278.1 268.5 260.4 252.3 244 237.3 230.6 223.5 214.4 210.8 218.4 222.4 221.6 218.2 222.1 222.1 218.7 215.9 210.4 207.7 203.8 198.8 196 195 193 187.9 180.3 174.6 168.8 164.1 158 161.2 169.4 172 170.8 167 163.1 163 165.6 173.1 180.7 186.3 191 196.5 199.5 202.4 203.8 204.1 198.3 193.5 200.6 209.8 217.1 221 226.4 232.3 238.5 240.7 244.4 249.7 254.9 260.1 262.5 264.7 266.9 268.7 270.3 272.2 274.3 278.8
384.5 381.4 376.4 367.1 348.9 326.5 310.8 297 281.3 272.4 264 254.1 245.3 236.6 229.6 222.2 215.5 219.8 227.2 230.9 230.3 227 229.1 229.5 227.7 226.2 222.5 220 218.4 213.9 208.9 203.7 198.3 193.4 188 180.1 173.7 165.1 157.2 156.3 162.5 165.2 165.6 161.3 155.5 153.8 152.6 162.9 170.8 177.9 182.7 187.1 193.5 196.3 198.8 200.3 195.7 194.2 201.2 208.8 213.9 216.6 223.1 230 235.4 238 242 247.3 252.6 256.8 259.3 261.8 263.3 265.6 267.6 270.4 272.4 276.5
386.2 383.6 380 373.3 360.8 335.3 315.4 296.1 282.1 272.2 262.5 254.3 247.7 237.1 228.5 224.6 226.4 230.6 238.5 240.2 238.3 234.8 236.8 235.7 234.6 231.9 230.5 229.1 227.7 224.1 218.7 212.5 208.6 202.2 193.7 185.6 176.5 168.6 158.2 156.1 155.3 157.9 156.7 154.4 156.2 155.9 152.8 151.9 158.1 166.8 172 179.1 185.8 191.5 194.9 197.1 192.8 190.5 198.6 207.3 211.1 214.3 222.3 227.7 231.6 234.8 240.1 244.7 249 251.5 255.3 258 260.5 262.7 265.4 267.3 270.4 274.7
386.8 384.5 382.1 377.5 366.6 344.5 318.9 299.2 284.8 268.9 262.1 254.2 248.4 240.4 234.2 232.4 235.7 237.6 244.9 250.9 249.9 246.1 247.4 245.2 240.8 237.3 236.8 236.1 233.8 230.5 226.2 222.8 220.1 212.8 203 191.2 181 171.7 165.7 159.8 157.1 157.3 162 165.8 167.8 164.8 159.5 154.3 151.5 157.6 165.6 172.1 179.3 185 190.5 193.3 190.9 186.6 195.5 206 211.8 214 220.8 225.5 229.6 233 236.8 241 244.6 246.5 249.5 252.6 257.2 261 263.3 265.6 268.7 273.6
386.7 384.5 382.9 379.3 369.1 353.5 327.2 304.5 284.8 270.2 262.4 255.4 249.4 242.6 238.8 241.2 244.5 245.3 251 254.8 256.5 255.4 253.9 254.4 250.9 245.7 242.7 241.1 238.2 236.3 232.7 231.4 228.6 222 213 198 185.2 180.2 175.4 171.9 169.4 171.7 174.9 175.8 173.2 169.7 163.8 157.3 151.8 151.6 160 166.9 172.6 179 183.1 187 186.5 184.9 191.2 204.5 211.8 214.7 219.1 223.8 226.7 229.6 233.1 236.2 238.8 241.1 245.1 250.3 253.9 259.2 262.5 264.9 269.6 273.7
385.8 384.6 382.7 378.9 371 354.8 329.1 308.1 290.7 275.4 264.5 255.7 249.1 245.6 246.8 249.6 252.6 253.9 258.2 263 264 264.6 263.3 259.3 259.8 256 252.7 250.4 247.7 245.6 241.1 240.1 237.9 230.5 220.8 204.6 195.9 193.9 190.2 185.6 185.6 186.1 187.1 185.7 181.7 176.1 169.2 161.1 155.1 150.3 154.8 162.7 167.9 174.2 179.1 182.2 179.9 179.3 190.7 202.6 210.9 215.3 218.8 221.1 225.2 226.3 229.5 231.8 234.3 236.9 241.8 247.5 254.1 257.7 260.7 264.4 270.7 274.8
385.2 384 381.1 377.6 369.8 349.5 327.3 309.3 292.4 277.4 265.4 258.7 255 254.5 257.9 259.1 260 263.4 267.4 272.8 274.5 274.1 273.6 271.3 265.2 262.5 266 263.2 255.9 253.3 249.6 247.5 243 234.5 223.9 217.9 218 216.4 211.5 207.5 203.2 199.5 196 194 190 184.8 176.2 166.2 157.4 150.9 150.8 159.9 164.6 170.6 175.7 178.3 175.7 179 189 199.4 207.8 213.6 217.9 219.5 222.1 223.1 224.6 226.6 229 232.9 239.1 245.3 252.6 256.3 259.4 264.7 270.9 273.8
384.3 382.7 380.5 376.4 364 344 322.4 303.4 288.4 278.9 279.4 276.2 274.3 269 270.3 275 269.4 272.3 275.9 279.1 282.1 281.1 281.8 280.4 276.9 275.8 269.6 268.8 267.4 261.9 260.4 252.3 243.4 236.4 231.5 228.7 228 226.1 223.9 220.1 216.1 213.4 208.4 203.9 194.8 188.4 182.1 171.5 161.9 154.5 149.9 156.3 161.9 168.3 173 175 172.4 174.9 185 194.3 202 209 213.3 215.4 219.2 221 220.7 221.7 225.8 231.8 237.4 244.9 250.6 254.7 260.1 266.4 270.5 273.1
383.2 382.2 379.9 375.8 364.4 333.7 312.4 302.6 302.2 301.2 297.4 295.5 293.6 288.1 282.5 283.4 286.9 290.2 286.5 289 289.9 291.4 291.9 292.1 290 284.9 276.4 272.5 269.5 267.4 262.2 257.7 250 242 237.9 236.3 235.5 233 229 226.1 223.4 221 216.5 208.6 199.5 190.7 184.2 176.3 166.5 157.6 149.2 153.5 159.9 166.8 171.6 172.8 171.4 175.7 184.7 195.2 201.6 205.1 207.8 210.4 214.8 217 216.6 217.3 223.7 229.5 235.9 244.4 249.5 255.1 262.3 265.8 269.8 272.1
382.2 381.1 379.6 376.4 370.4 349.5 329.5 325.7 319.7 317.5 315 313 312.2 310.4 306.9 308.4 307.7 310.2 312 310.6 308.9 305.6 304.4 302.5 300.8 298 290.7 282 273.6 270.6 265.3 261.6 256.3 248.2 243.2 241.4 240.3 238.2 235 230.9 227.3 224.4 221.2 213.6 203.7 191.7 184.3 176.8 168.7 160.2 151.2 151.1 158.3 167 171 169.7 169.8 174.6 185.6 195 199.9 202.7 204.9 207.1 209.2 210.8 211.3 215.8 222.1 228.4 235.5 242.6 248.5 256.5 262.1 265.6 268.8 271.2
381.6 380.4 379.7 376.8 373.8 367.6 359 351.8 345.4 344.9 343 340.8 339.1 333.9 332.7 335.3 334.4 337.9 340.3 341.3 337.1 332.7 328.7 324.1 319.8 312.9 304.2 294.8 286.2 279.9 276.2 271.1 265.8 258 252.8 246.8 244.9 242 238.5 234.7 230.9 226.4 223.3 217.3 205.5 191.2 182.1 175.5 168.3 160.9 154.8 147.5 157.4 165.7 168.9 166.7 166.6 174.9 187.2 193.1 197 198.9 199.9 202 203.8 205.1 208.4 215.5 221.2 227.5 236.3 242.7 252.1 257.7 261.9 264.7 267 269.1
