app/static/ascii/SE68.asc
ncols 200
nrows 200
xllcorner 460000
yllcorner 480000
cellsize 50
[rows 0 to 37 of 200, columns 0 to 84 of 200]
285.5 284.7 276.9 251.9 228 213.2 203.3 192 179.4 172.2 164.2 158 152.7 148.9 144.8 140.6 137.5 132.5 127.9 126.1 128.5 130.9 135.6 137.4 135.9 132.7 129.6 127.8 126 124.6 132.4 138.7 145.1 153.8 161.7 174.5 182.5 188.8 194.6 200.9 208 219.9 239.6 245.1 248.6 249.8 250 249 249 247.5 246 245.4 245.4 241.9 234 239.1 242.4 243.9 244.3 243.5 242.3 242.6 248.4 252.3 254.9 257.2 257.7 258.3 258.5 257.7 257 255.9 254.8 253.3 250.7 248.5 247.5 247.9 247.1 245.3 243.2 242.2 241.6 241.8 242.2
283.3 283.2 281.2 268.9 247 226.3 210.7 197.5 187.4 177.2 169.3 161.4 155.8 151.4 147.3 143.4 138.8 134 129.4 124.8 127.2 130.8 133.8 135.5 133.1 129 126.6 125.1 123 127.5 134.4 140.2 147.7 155.8 165.5 177.1 185 193.3 200.2 209.3 223.3 240.4 247.2 244.4 245.1 245.7 245.8 245.9 245.9 245.1 244.3 243.4 243 242.7 237.4 233.7 238.6 240.7 240.4 239.8 238.4 241.4 246.5 249.6 252.1 254.2 255 255.4 255.7 255.4 254.9 253.6 252.5 251 248.7 245.8 244.6 244.9 245.1 243.6 242 239.9 238.1 238.7 239.4
279.9 280.5 280.2 278.5 263.9 246.1 221.9 205.7 194.4 186.7 178 166.7 160.5 155.1 150.2 144.4 139.5 134.8 129.6 123.9 124 129 130.9 132.4 129.3 126.4 122.9 120.8 124.2 131.7 137 143.1 150 159.1 172.1 180.3 188.1 196.5 206.8 226.2 249.5 250.3 247.3 241.8 241.1 241.7 242 242.6 243.2 242.8 242 241.9 241.4 242.5 238.9 229.8 233.6 236.7 236.2 237.9 235.4 239.7 244.1 246.9 249.3 251 251.8 252.3 252.9 252.7 252.1 250.8 249.6 248.3 246.2 243.5 242.1 242.1 242.2 241.9 240.4 238.9 236.2 235.8 237.2
276.6 277.2 277.5 276.7 275 268.4 245.8 223.7 206.4 195.5 185.4 174 165.3 159.2 152.5 147.7 143 137.1 132.6 123.4 122.4 124.2 128.3 128.3 125.3 123.2 119.2 120.9 129.2 134.1 138.6 145.7 154.1 167 175.2 182.3 191.7 199.1 217.1 244.2 250.5 249.4 246.3 241.6 238.6 238.1 238.8 239.5 240.3 240.2 239.7 240.5 240.3 241.7 239 232.1 228.4 231.8 234.1 235.5 232.2 237.7 241.4 244.1 246.4 248.1 249.1 249.8 250 249.7 249.4 248.3 246.5 245.3 243.5 240.9 239.8 239.3 239.2 239.3 238.5 236.9 234.4 234.6 236.8
273.1 273.8 274.2 274.2 273.5 272.2 267.3 246.7 226.1 205 190.9 180.2 169.7 163.4 159.3 153.7 146.1 139.6 134.5 126.9 121.2 121 124.8 124.9 123.1 121.7 118.8 124.6 131.4 137.6 143.2 150.8 162.2 171.1 177.2 183.3 191.6 203.2 225.4 249 248.6 247.5 245.2 240.4 235.9 235.9 236.6 237.1 237.7 237.8 237.8 239.2 239.9 239.4 238 233 224.4 228 231.7 232 229.2 235.3 238.7 241.2 243.4 245.1 246.4 247.2 247 246.9 246.9 245.4 242.6 241.8 240.5 238.2 237.4 236.8 236.7 236.8 236 234.5 231.5 235 236.7
269.2 270.4 271.1 271 271.4 270.6 269.4 265.6 245.1 224.5 202.8 188.5 177.8 171.3 163.3 158.5 151.7 144.3 137.6 131.5 126 120.4 119.4 123.4 121.3 117.8 117.5 125.9 132.6 140.4 147.3 157.1 166.9 171.5 176.8 183.5 191.3 203.6 227.5 246.1 246.3 245.3 243.9 239.8 234.7 232.9 234.5 235.9 235.8 235.5 236.2 237.8 238.2 237.6 235.1 232.6 225.7 225.3 228.6 227.8 228.1 232.8 235.5 238.2 240.5 242.6 243.7 244.5 244.4 244.4 244.3 242.6 239.8 238.6 237.2 235.4 234.6 234.8 234.9 234.6 233.5 231.9 229.7 235.2 235.9
265.2 267.3 267.9 268.8 269.1 268.7 268.5 267.1 263.1 243.6 223.8 204.4 188.7 178.4 170.1 161.7 154.3 147.9 142.1 135.4 129.8 124 118.5 120.2 120.3 116.2 121.5 127 134.2 142.5 151.3 162.3 167.2 171.1 175.8 182.2 190.3 202.5 225.7 244.1 243.7 242.8 241.8 238.7 235 229.2 232.3 233.7 233.9 232.9 234.5 235.7 236.7 237.1 234.3 231.9 226.6 221.8 224.7 223.2 225.8 230 231.2 234.6 237.5 239.5 240.7 241.8 242.1 241.9 241.5 239.9 237.3 234.4 233.9 232.9 232.4 232.6 232.6 232.6 231.4 228.7 229 233.9 234.6
261.8 264.7 266.7 265.7 267.3 267.3 267.4 266.2 264.5 256.3 240.1 223.1 203.9 189.9 178 166.1 157.2 151.6 146.5 138.8 133.9 128.1 118.8 117.6 117.1 115.4 121.5 127.1 134.5 143.2 155 163.2 166.8 170.1 174.9 180.8 189 201.1 223.7 240.6 241.3 239.9 239 237.1 234.9 229 227.4 230.6 230.6 229.6 232.6 233.3 234.5 234.5 232.9 230.3 226.8 217.4 220 220.9 223.9 226.9 228 231.2 234 236.4 237.8 239 239.4 239.7 239.3 238 235.5 231.9 230.9 230.5 230.3 230.6 230.3 231.1 229.9 227 227.4 231.8 232.5
260.7 262 264.2 262.7 265.3 266.4 266.8 265.6 264.1 261.3 250.8 237.4 222.9 206.8 187.8 172.9 161.2 154.8 148.3 144.7 136.7 131.1 124.2 117.6 115.1 114.2 120.8 127.1 133.7 142.5 151.4 159.7 164.2 169 173.9 179.8 186.8 199.3 223 238.1 238.8 237 235.5 235 233.6 230.4 221.7 225.6 225.4 228.4 230.3 231.6 231.8 231.7 231.1 229.5 226.3 221.1 215.2 214.8 220 222.1 224.1 227.4 230.5 233.1 234.9 236.2 236.5 237.2 236.9 236.2 234.5 230.9 227.3 227 227.9 228.8 228.1 229 228.2 225.2 225.6 229.9 230.6
259.6 257.9 261.1 260.1 261.5 263.4 264 263.8 261.7 261.1 257.6 248.4 236.7 222.7 204.5 183 166.2 159 152.1 146.5 142.3 139.1 133.1 126.1 118.8 115 114.4 125.9 132 140.8 150.1 158.5 164.5 168.8 172.5 177.5 183.9 195.2 217.8 234.8 235.6 234.4 231.8 231.9 231.9 230 223.2 218.5 221 227.5 229 229.4 229.2 229.3 228.8 228.1 225.9 221.8 214.2 212.7 217.1 217.3 220 223.4 226.8 229.8 231.7 233.5 234.3 235.1 234.5 233.9 232.6 230.3 226.9 223.9 225.7 226.3 224.9 226.5 225.7 222 223.9 228.5 228.8
260.2 253.3 257 258 258 259.5 259.2 259.3 261.2 260.7 259.2 254.3 246.3 235.3 220 200.6 179.3 164 155.2 149.7 144.2 139.4 137.2 132.5 123.9 116.5 112.2 122.2 130.2 138.8 150 157.6 163.3 166 169.6 173.8 179 187.6 208.4 227 231 231 228.4 230.1 230.3 228.6 222.9 211.2 222.5 226 227.2 227.4 227.1 226.8 226.4 226 224.9 221.5 215.3 212 212.7 212.7 215.8 219.5 223.4 226.8 228.8 230.5 232 232.3 232.6 232.1 231.2 230 227.3 224.5 221.3 223.7 221.8 223.9 222.5 218.6 223.2 227 227.1
264.1 256.1 252.2 255.1 255 257.6 257.7 258.5 258.8 258.1 258.4 257.8 252.4 244.2 231.7 214.9 195.3 175.7 160.9 152.8 146.7 138.8 136.9 136.4 126.2 117 114.2 120.6 127.7 136.8 148.4 156.2 161.7 163.8 166.4 169.1 173.5 177.5 188.1 197.9 204.7 210 209.7 226.1 227.5 226.2 219.9 209.2 220.8 224.1 225.3 225.3 225.1 224.8 224.4 223.9 223.2 221.2 216.6 210.3 207 208.5 212.9 216.4 220.1 223.3 226 227.8 229.5 230.5 230.8 230.3 229.8 228.8 227 224.2 220.7 218.8 218.5 220.5 218.8 215.8 222.3 225.1 225.7
267.6 262.4 256.1 252 253.4 254.1 253.6 254.5 255.2 256 256.5 257.4 255.3 250.1 241.6 227.2 208.5 189.8 169.6 156.5 150.2 142.5 135.3 133.2 128.5 119.1 110.8 117.3 126 136.3 149.3 156.3 159.8 161.5 162.6 164.3 166.5 169.8 170.4 176.4 180.8 183.3 201.6 219.8 224.8 223.5 216.2 203.3 217.5 221.2 222.9 223.4 223.1 222.8 222.4 221.8 221.2 220.1 217.5 212.3 205.7 205.3 210.4 214.7 218 221.3 223.8 225.5 227 228 228.6 228.6 228.1 227.7 226 223.5 221.1 216.8 214.4 216.7 213.9 214.6 221 223.3 224.9
267.1 262.4 256.1 249.7 249.6 249.9 251.6 252.5 253.6 254.8 255.7 256.4 255.5 254.2 249.1 236.8 221.1 202.2 182.1 163.4 153.4 145.6 138.2 131.4 129.7 120.5 111.1 113 123.5 132 147.1 154.1 157.7 158.7 159.6 160 160.2 160 158.9 163.2 166.8 177.3 196 213.3 220.9 220.5 208 193.8 212.8 218.4 220.3 221.1 221.1 220.7 220.5 219.9 219.2 218.2 217.1 213.7 207 203 208.5 213.4 216.7 219.1 221.5 223.1 224.4 225.4 226.2 226.6 226.4 225.5 224.4 222.1 220.1 218 212 211.8 209.5 213.6 218.3 220.8 222.2
261.4 257.8 251.8 245.9 245.5 246.4 248.7 250.2 251.8 252.6 254 254.7 255.5 253.6 250.8 243.1 231 213.9 194.5 175.1 157.2 148.4 141.2 133.6 123.9 121.6 112.2 109.1 120.8 128.6 143.7 150.8 154.3 155.8 155.8 156.4 155.8 154.1 152.8 154.9 160.4 171.8 189.1 207.5 217.4 216.5 198 181.4 205.7 215.9 218 218.8 218.7 218.6 218.5 218.2 217.4 216.7 215.9 213.9 209.5 202.4 204.9 210.9 214.9 217.1 219.3 220.2 221.5 222.2 223.3 224.2 224.5 223.8 222.9 221 219.1 217 213.9 207.1 206.8 212.2 216.1 218.6 219.3
251.4 249.4 245.3 239.6 241.3 244 247.2 249.5 252.3 250.8 252 253.2 254.4 253.5 251.5 246.9 238.5 225.5 207.6 188.1 164.7 153.5 144.1 136.5 127 120.9 112.2 109.1 118.2 126.2 137.1 146.7 149.9 151.9 152.2 152.5 152.2 149.1 146.9 147.7 156.7 167 183.1 200.6 213.7 207.2 188.4 167.2 192 209.6 215.4 216.5 216 215.9 216.1 215.9 215.9 215.2 214.4 213.4 210.4 204.8 199.4 207 212.4 214.6 217.3 218.3 219.4 219.8 220.8 222 222.4 222 221.3 219.4 218.2 216 213.7 209.1 204.1 210.1 214.2 215.7 217.1
245.3 242.4 240.6 237.6 236.8 241.4 245.2 250.8 253.1 249.8 252.6 253.7 252.3 251.2 249.9 247.8 244.1 234.2 218.8 199.7 176.3 159.9 149.5 139.9 130.5 120.3 112.4 108.2 114.1 122.2 129.8 140.2 144.2 146.4 146.4 147.9 147.8 144.8 138 142.6 153.6 163.6 177.6 194 206.9 197.6 179.7 160.5 177.2 198 212.1 213.6 213.7 213.6 213.7 213.7 213.7 213.5 212.9 212 210.5 206 198.4 203.7 210.1 213.2 215.4 215.1 216.6 218.6 219.2 219.8 220.4 220.1 219.1 217.6 216.2 214.6 212.5 209.3 202.1 207.7 212.2 213.5 214.1
244.1 241.6 237.6 235.7 232.9 239.1 244.1 250.6 252.8 249.1 251.9 255.2 255.5 253.5 249.5 248.1 246.2 239.7 226.9 210 189.5 169 156 141.8 131.6 123.2 113.2 107.2 108.8 119 125.9 131.3 136.6 139.3 138.4 141.4 140.4 135.8 131.8 140.8 151.2 160.3 171.6 185.7 192.1 187.7 173.2 153 161.9 182.6 202.3 210.8 211.4 211.4 211.6 211.6 211.6 211.6 211.6 210.7 209.7 206.6 199.4 199.9 207.3 211.4 213.2 213.4 215.4 216.3 217.2 217.6 217.6 217.9 217 216 214.7 213.1 211.1 208.4 199.9 205.2 210.2 211.4 212.7
242.4 240.4 238.3 234.7 230.5 237.5 242.2 249 251.4 248.3 250 254.8 255.4 254 249.3 246.4 246.3 242.1 232.5 219.5 202.7 182.9 165.8 149.4 133.6 124.4 112.7 107 109.2 116.2 121.9 126.2 128.6 129.6 128.7 133.2 128.8 125.4 127.5 138.9 147.8 155.9 166 178.9 183.8 179.6 167.1 148.3 147 167 188.3 206 209.1 209.4 209.7 210 210 209.7 209.3 209.1 208.5 206.2 200.9 196.3 204 209.5 211.3 212.2 213.3 214 214.8 215.4 215.6 215.7 215.2 214.1 213 211.6 209.6 207 198.4 202.3 207.1 208.9 210
240.5 238.7 237.4 234.8 228.5 235.9 238.8 246.6 249.5 247 247.5 252.7 254.5 252.6 247.7 244.3 244.3 241.9 236.4 227.2 214.2 197.1 177.5 159.8 141.8 127.1 114.6 107.3 106.5 114.8 119.3 121.3 122.3 121.5 121.7 123 121.2 119.9 123.2 136.2 144.6 153.1 162.1 172.9 176.4 173.3 161.7 142.8 137.1 153.6 174.9 193.9 206.2 207.4 207.7 208 208.4 208.4 208.2 207.8 207.3 206.1 202 194.8 199.1 205 208.8 210.1 211.4 212.3 213 213.4 213.6 213.8 213.4 212.5 211.4 210.2 208.1 205.5 197.6 199.3 204.8 207 208.2
238.6 237.1 235.9 233.4 226.9 234 236.9 242.9 246.2 244.9 244.7 250.4 252.2 250.7 245.4 241 241.3 240.1 237.8 232.9 223.2 209.6 191.7 172.9 151.3 133.1 119.1 109.3 105.4 110.9 115.7 117.1 117.3 116.1 116.3 116.3 115.2 116.5 120.4 131.2 140.9 148.6 156.9 167.1 169.7 166 157.1 140.4 131.3 144.4 161.9 182.7 199.7 205.2 205.7 206.2 206.9 207.1 207 206.6 206 205.3 203.4 197.6 194 200.9 205.8 208.1 209.4 210.5 211.2 211.4 211.6 211.8 211.5 211 209.8 208.5 206.7 204.1 198 197 203.4 205.4 206.8
236.9 235.6 233.9 231.9 225.7 231.6 235.3 239.5 242.7 242.3 241.7 247.2 249.6 247.9 243 241.2 242.2 240 237.3 235.6 231.1 218.8 204.1 186.4 164.2 143.3 129.1 112.9 104.3 106.5 111.1 113.1 112.9 112.2 112.1 111.9 111.7 112.7 116.8 125.8 135.4 143.4 151.3 160 162.3 159.6 151.9 137.4 126.5 135 150 170.7 190.1 202.1 204 204.7 205.4 205.7 205.6 205.4 204.7 204 203.4 200.8 193.5 194.4 203.1 206.2 207.5 208.5 209.2 209.4 209.6 209.9 209.5 209.1 208.2 206.8 204.9 202.3 196.6 195.3 201.7 204.3 205.5
235.1 233.7 232 230.5 225 229.4 233.3 236 237.6 238.6 239.2 244.3 246.5 244.7 239.5 240.5 242 239.6 236.8 236.7 233.1 225.4 214.5 199.5 179.9 159.1 141.9 123.5 108.3 103.6 104.3 107.4 108.8 107.9 107.4 108.5 108.5 109.3 113.1 120.4 130.2 137.2 144.1 149.5 153.7 150.8 145 132.5 122.5 127.2 141.1 160.3 181.8 199.1 202.4 203.2 203.8 204 204.1 204 203.4 202.8 202.3 202.1 198.1 189.6 197.3 204.3 205.2 206.4 207.4 207.7 208.2 208.3 207.8 207.4 206.4 205.1 203.3 200.5 193.9 194.8 200.8 203.8 205.1
232.5 230.9 229.7 228.3 223.2 226.9 231.6 233.4 234.1 235 236.2 239.8 241.5 240.3 235.9 238.1 239.5 236.7 235.4 236.6 234.1 229.2 221.9 210.9 195.3 177.3 160.7 144.9 124.9 114 105.9 102.3 102.4 102.3 103.5 105.1 104.1 105.9 108.8 114.5 125.3 131.7 136.7 140.5 143.7 137.9 132.4 125.3 118.9 121.7 135.8 153.9 176.4 195.1 200.9 201.7 202.2 202.6 202.8 202.7 202.1 201.8 201.3 201.4 200.3 194.1 189.8 197 200.6 203.4 205.5 206.4 206.8 206.7 206 205.6 204.7 203.4 201.6 198.7 190.9 193.8 200.2 203.5 204.4
230.8 228.8 227.4 225.4 220.2 224.7 229.6 231.6 232.1 233.2 233.2 234 234.7 234.4 233.3 234 234.4 232.8 233.4 233.6 232 230.2 226.8 219.3 208.4 194.5 180.1 165.4 151.7 132.4 123.2 115.5 109.9 100.4 99.6 100.5 101.5 101.2 102.2 107.3 116.8 126.2 129.2 132.3 131.3 126.6 124 119.6 115.7 119.6 133.7 152.6 174.2 190.6 199.5 200.3 200.7 201.5 201.5 201.4 200.8 200.8 200.7 200.8 200.7 198.3 189.6 188.6 194.4 200.8 203.5 204.8 205.2 205.1 204.5 203.8 203 201.7 199.8 196.8 188.9 192.7 198.7 201.7 203.2
229.5 227 224.3 221.7 218.1 223 227.3 229.7 230.3 231.3 231.1 232.6 232.8 232.5 230.9 231.1 230 229.8 232.6 234.8 232.4 230.8 229.2 225.3 217.5 208.8 198.5 188 175.3 161.2 151.7 139.9 126.5 116.4 109.3 103.4 99.3 100.3 99.6 100.6 108.4 117.7 122 125.1 125.4 119.1 118.1 114.7 112.6 119.8 133.1 151.2 172.8 188.9 197.7 198.5 199.2 200.2 200.5 200.3 199.6 199.1 199.5 200.2 200.3 199.9 195.9 186.5 187.3 196.2 201.8 203.1 203.8 203.6 203.2 202.1 201.2 199.5 197.6 194.6 186.3 190.7 197.6 200.9 201.5
228.1 225.7 223.7 219.5 215.6 221.4 226.2 228 228.8 229.1 229.3 230.9 232.6 231.3 230.8 229.8 229 228.3 233.1 234.7 232 228.3 228.6 226.7 223 218.1 213.9 205.6 196.2 186.8 176.7 165.5 152.5 137.9 123 113.3 102.2 99.2 99.5 98.8 99.5 107.3 112.7 117.3 120.5 118 112.7 110.8 109.8 120.1 131 150.9 171 187.7 195.1 196.6 197.4 198.7 199.6 199.2 198.7 197.5 197.8 198.7 199.8 200.2 199.3 193.6 183.5 190.8 200 201.8 202.2 202.2 201.6 200.6 199.2 197.5 195.6 192.3 184.2 189.7 196.5 199.5 199.9
227.4 224.9 222.7 219.8 214.5 219.2 224.1 226.1 226.4 227 227.6 228.1 228.6 228.6 227.4 227.1 225.9 227.2 230.3 232.7 229.8 227.3 226.4 225.2 223.9 223 221.6 218.1 210.1 203.3 195.5 185.6 173.5 157.3 136.4 126.2 117.8 107.4 98.5 98.9 97.6 99.5 105.8 108.9 112.7 113.9 111.3 107.9 108.4 117.9 130.2 149.4 169 188.3 193.8 194.1 195.6 197.2 198.4 198.6 197.8 195.7 196 197.9 198.8 199.3 199.3 195.7 184 187.5 198.5 200.4 200.8 200.4 200.1 198.7 197.2 195.5 192.9 189.1 180.3 189.1 195.4 198.3 199.1
225.9 223.8 221.9 219.5 214.4 216.2 221.9 223.4 224.2 225.6 225.7 225.3 226.7 226.3 225.5 224.5 223.3 224.4 227 229 229.8 228.8 225.7 223.1 223.6 222.7 221.4 219.9 218.8 213.6 207.2 199.5 189.3 175.4 158.4 139.6 130.1 120.4 112.8 104.8 98.4 97 98.3 103.6 105.4 106 109.4 105 107.9 117.4 129 145.2 163.2 179.8 188.4 192.2 194.6 196.1 197.2 197.5 196.7 194.5 194.1 196.1 197.1 197.5 197.5 192.4 181.3 186 197.7 199.5 199.8 198.7 198.3 196.8 195.2 193.2 190.7 185.5 177.8 188.4 194.5 196.2 197.1
224.9 222.8 220.7 218.8 213.6 213.6 218.8 220.9 221.8 223.2 223.6 223.6 224.5 224.3 223.9 222.9 221.9 222.1 224.2 224 225.3 226 222.6 222.7 222.4 220.5 220.6 218.9 218.1 216.9 214.1 208.5 200.9 190.7 177.3 161.3 144.3 131.3 121.6 112 104.9 98.3 96.3 96.5 100.3 101.3 104.3 102.1 106.7 115.4 124.1 137.5 152.3 166.4 179.5 191.4 193.7 195.2 196.1 196.3 195.5 193.3 192.1 194.4 195.3 195.6 194.7 187.4 176.9 187.1 197.7 198.9 198.4 197.5 195.7 194.5 193 190.8 188 181.6 176.6 188.8 193.3 195 196
223.1 221.2 219.3 217.6 213.8 209.3 215.5 218.1 218.8 220.2 221 221.4 222.2 221.7 221.4 221.3 220.3 218.8 219.6 220.2 221.7 221.2 220.1 222.9 221.2 219.6 220.2 217.8 217.4 216.7 215.4 213.5 208.2 201.4 191.1 177.5 160.5 144.8 129.3 122.2 114.9 106.2 97.8 94.6 95.4 95.7 99.6 99.4 105.7 112.1 119.5 126.4 137.8 155.8 177.5 191 193 194.1 194.8 195 194.3 192.3 190 192.5 193.3 193.5 190.7 180.1 175.6 189 198 198.1 197.6 196.2 193.8 191.9 190.6 188.7 185.3 177.6 179.3 188.4 192.2 194.2 194.5
221.8 219.4 217.7 216 213.2 206.8 211.2 214.4 217.2 217.8 219 219.2 220.2 219.7 219.6 219.4 218.9 217.3 216.3 219 220.8 220 218.8 221.2 219.9 217.5 217.5 216.3 215.7 215.5 214.8 213.5 212.6 208.9 201.1 190.7 178.6 162.2 146.8 133.5 125.2 118.1 107 97.6 94.2 94.1 94.6 97.5 104.1 108.4 112.6 119.8 132.4 152.1 174 189.4 192.1 193.1 193.8 193.7 193.2 191.5 187.4 190.3 191.2 191.1 185.4 172.3 180.5 191.6 197 197.2 196.3 194.6 192.2 189.7 187.9 186.3 183 173.2 180.2 187.6 191.3 193 192.8
220.4 218.3 216.7 215.1 212.9 208.4 206.5 212.5 215.1 215.6 216.4 217.2 217.4 217.7 217.6 217.5 216.9 215.9 213.5 216.2 217.7 216.6 217.1 219.8 215.8 215.6 215.5 214.7 214.3 213.9 213.5 212.9 212.1 211.2 207.6 200.7 193.4 183.7 164.2 150.9 137.1 127.5 120 110.3 99.6 95.4 93.2 93.4 97.6 103.4 108.8 119.7 133 151.6 171.7 186.1 190.8 192.1 192.8 192.3 191.7 190.5 186.2 187.8 189 188.8 180.3 169.6 182.8 194 195.7 195.7 195 193.4 190.6 187.7 185.1 183.6 180.7 170.2 179.2 185.8 189.5 190.9 190.9
218.8 217.2 215.7 214.2 212.7 209 203.5 209.4 212.1 213.4 214.3 214.9 215.2 215.4 215.3 215 214.6 214 212.2 210.8 214.9 214 215.4 217.4 214.2 213.7 213.4 212.8 212.8 212.4 212 211.6 211.2 210.7 209.2 206.3 201.1 193.9 181.4 168.8 154.7 140.3 130.5 121.6 111.5 99.1 94.4 93.6 92.6 99.2 107.4 117.7 130.9 150.6 169.6 183.6 189.5 191.6 191.9 191.3 190.7 189.8 185.6 184.6 186.1 186 175.5 170.4 184.2 192.9 194.1 194.2 193.6 192 189.1 185.5 182.6 180.6 177.9 168.1 177.4 184.2 187.1 188.4 189.1
217.4 215.6 214.2 213.1 211.6 209.6 203.6 204.7 209.4 210.8 211.9 212.8 213 213.3 213.1 212.7 212.3 211.9 210.7 206.8 210.8 211 213.1 214.2 211 211.4 211 210.8 210.8 210.9 210.5 210.3 209.9 209.4 209 207.5 205.2 199.8 192.3 182.1 171.2 159.7 147.1 130.8 118.4 107.2 94.4 93.6 91.8 94.3 103.9 116.5 128.9 147.7 167.5 182.8 189.1 190.7 191.1 190.5 189.9 189.2 185.4 180.4 183.6 183.1 171.8 171.8 185 191.4 192.6 192.6 191.7 190.3 187.2 183.6 180.3 177.6 175 166.4 174.7 181.7 184.9 186.8 187.2
215.3 213.8 213 211.9 210.6 209.4 205.1 200.4 206.2 208.4 209.6 210.9 211.2 211.3 211 210.5 210.1 209.8 209 206.4 206.2 207.3 210.6 210.2 207.8 208.2 207.8 208.4 208.8 208.8 208.9 208.9 208.6 208.2 207.8 207 205.5 203.1 198.1 191.9 183.6 173.6 161 144.8 126 113.4 101.8 92.9 91.3 92.2 97.9 111.8 125.4 144.1 165.4 181.9 188.8 189.9 190.2 189.8 189.2 188.5 185.5 179.4 179 177.4 169.5 172.2 184.6 189 190.1 190.9 189.7 188.5 185.4 181.9 178.3 175 171.6 164.6 171.9 178.9 182.4 184.5 185.3
212.7 211.7 211 210.1 209.7 209 205.3 198.5 203.9 207.9 208.8 209.5 209.5 209.2 208.8 208.4 208 207.8 207.3 205.2 202.4 204.7 206 206.1 205.1 205.5 205.4 205.8 206.5 206.8 206.8 207.1 207.1 207 206.6 205.8 204.6 203.2 201.2 196.9 191.1 183.3 171.9 156.6 138.1 120.4 109.8 98.8 91.8 90.4 91.8 105.9 121.2 141.2 163.3 181.1 188 189.2 189.3 189.1 188.4 187.4 185.7 183.2 173.9 172.6 166.8 170.8 182.7 186.9 187.8 188.8 188.3 186.7 183.7 180.1 176.4 172.8 168.2 161.6 169.3 175.9 180 181.9 183.3
211.1 209.4 209.1 208.4 208.2 207.8 204.7 197.7 201.9 206.7 207.8 208.1 207.8 207.5 207 206.6 206.3 205.9 205.4 204.3 200.1 200.8 201.7 202.3 202.2 202.5 203 203.5 204.2 204.8 205 205.2 205.2 205.2 205.1 204.2 203.3 202.1 200.4 198.6 194.4 189.1 180.4 166.5 148 129.4 111.5 102.1 93.7 90.2 90.6 98.7 115.9 138.5 161.5 179 187.4 188 188.3 188.1 187.3 186.3 185.3 183.3 178.3 168.6 163.5 168.6 179.5 184 185.2 186.4 186.6 184.8 182.2 178.4 174.6 171.1 167.3 159.5 166 173.1 176.9 179.4 181
