app/static/ascii/SE69.asc
ncols 200
nrows 200
xllcorner 460000
yllcorner 490000
cellsize 50
[rows 70 to 104 of 200, columns 0 to 77 of 200]
336.7 340.3 344.2 349.3 354.6 359.9 364.3 366.9 369 371.4 373.5 375.3 376.8 379.3 379.4 379.2 378 375.6 372.6 368.6 361.8 354.6 342.5 329.3 311.6 293.1 277.3 262.8 250 238.2 230.1 221.4 216.4 210.7 205.3 200.1 195.6 191.9 187.3 192.7 205 213.7 217.5 223.8 232.5 236.9 246.9 257.9 272.3 284.7 292.7 297.9 297.3 296 296.4 296.7 298.5 300.5 303.8 308 312.9 315.6 318.2 320.2 322.2 325 329.7 333.8 340.6 344.7 343.2 338.8 330.6 322.9 316.7 312.4 309.9 308.6
334.7 338.5 342.3 347.8 354.1 358.4 361.4 363.9 365.4 366.4 368.3 371.6 373.4 374.3 375.8 376.1 376 373.8 371.2 367.2 360.8 353.3 341.5 329.3 314.2 293.2 275.1 257.9 245.1 236 228.6 221.2 215.6 210.5 205 200.3 194.8 190.5 186.3 195.9 206.5 212.3 217.3 224.4 231.5 239.1 248.4 260.3 276.1 288.6 296.2 298.3 296.4 294.7 294.3 294.6 296.3 298.3 301.9 306.3 311.7 314.6 317.1 318.9 320.9 324.3 329.5 335.7 342.6 344.9 344.4 340.1 332.9 323.2 315.1 309.9 307.4 306
332.9 336.6 340.6 346.3 351.9 355.3 356.8 360 361.6 361.9 363 366.4 368.9 370.6 370.5 370.7 371.7 371.5 369.7 366.4 360.4 353 341.5 330.5 315.6 298.1 277.1 258 246.8 238 227.6 219.9 214.6 209.5 204 198.2 193.1 189.4 185.5 197.6 204.2 210.8 214.9 222.1 229.8 238.7 249.2 260.7 278.3 291.2 298 297.9 294.5 292.9 292.3 292.8 293.5 296.1 299.5 304 309.7 313.3 315.3 317.5 319.5 323.2 328.8 337.9 343.1 344.9 345.1 342.2 334.2 324.8 313.5 308.1 305.6 303.8
332 335.5 340.5 347.3 350.5 352.5 354.2 355.9 357.4 358.3 358.7 361.4 364.8 365.2 366.4 366.3 368.3 369.2 368.4 366 361 353 342.6 332.6 319.1 299.4 280 262.5 248.8 238.7 230 222.7 215.1 209 203.5 198.6 193.6 187.1 187 197 201.7 205.5 210.4 220.1 229.4 239.4 248.7 260.8 280 292.5 297.8 297 293.3 291.6 290 290.1 291.1 293.5 297.2 302.7 307.1 312 314.2 316.1 318.2 321.5 328.6 340.4 343.3 344.7 344.8 342.9 336.6 325.1 314 306.6 303.2 301.8
330.7 335.3 340.8 346.9 348 349.1 351.1 352.9 354 353.9 355.2 355.3 357.6 360.3 362.4 364.2 365.8 367.2 367.9 365.8 362.7 354.9 348.3 337.3 324.5 306.8 290.2 271.5 255.4 241.8 232.5 225.8 217.3 210.2 203.6 197.7 193 187.2 182.3 193.5 199.9 202.4 207.4 218.2 228.3 239 248.7 262.3 281.8 293.5 297.9 296.3 292 289.2 287.8 287.5 288.7 291.2 295.8 300.5 306.2 311.2 313.3 315 317 320.2 327.6 340.3 343.1 344.3 344.7 342.7 337.7 326.2 314.8 306.1 301.9 299.3
329.9 335 341.2 344.6 344.2 344.6 346.7 348.6 349.2 349.1 349.9 351.1 352.6 354.7 359.4 362 363.3 364.6 366.1 365.1 362.6 357.8 351.5 340.1 327.5 313 297.8 281.9 265.7 249.6 239.6 227.6 219.3 211.7 204.5 197.9 193.5 188.5 184.4 193.3 195.5 202.3 210.7 218.5 228.7 239 249.4 264.2 283.4 294 297.3 295.5 290.6 287.3 285.6 285.4 286.2 288.6 293.1 300.6 305.3 309.6 311.6 313 315.3 319.4 327.2 339.5 342.2 343.3 343.5 341.8 337 327.7 315.1 305.3 300.9 296
328.8 332.8 336.8 339.6 339.6 341.2 342.3 344.5 344.8 344.1 344.5 345.2 347.4 350.4 354.9 359.2 360.8 362 363.8 363.8 362.6 359.7 353.2 344.4 330.5 316.9 303.9 292.2 274.9 259.8 244.7 230.9 221.2 212.8 206.4 199.3 193.7 189.2 186.1 189.8 197.2 203 211 218.4 225.8 239 252.5 270.6 285.9 295.8 298.3 296 289.3 285.5 283.2 282.4 283.2 286.6 293.1 299.3 302.6 307.3 309.1 310.7 313.3 317.5 328.5 338.3 340.9 342.1 342.4 340.9 337.1 329.6 316.2 305.3 299.3 291.7
327.8 331.5 333 334.5 335.1 336.2 337.4 338.7 339.7 339.6 340.2 340.8 341.9 346.2 351.5 355.5 358.6 360.5 362 362.2 361.4 359.4 354.6 345.9 332.9 321.6 308.1 295.7 279 262.1 247.1 232.4 224.6 214.5 207.7 201.6 194.1 188.6 180.6 189.2 196.1 202.5 210.1 218 227.4 239.8 251.8 273.4 288.6 297.5 299 295.1 287.4 283.3 280.9 279.5 281 284.6 290.2 297.5 300.8 304.7 306.6 308.4 311 316.1 327 336.3 339.3 340.2 340.9 339.7 335.7 329.1 316.5 304 298.2 288.6
325.8 328.6 330.9 331.4 332.1 332.3 332.8 334 334.6 335.5 336.4 336.9 338 341.4 345.6 352.2 356.2 359.4 360.1 360.4 360.5 359.1 355.8 349.4 339.1 328.6 315.5 298.9 285.2 268.3 253.5 237.7 223.3 215.8 209 201.9 194.9 189.6 183.9 189.3 195.6 203.1 208 215.6 227.9 239.3 254.3 274.9 290.3 299 300 294.1 286.2 281 278.1 277.1 277.2 280.8 287.5 295.1 298.8 302.6 304.3 306.4 308.9 314.2 325.9 334.6 337.1 338.2 339.1 337.4 331.3 326.6 315.7 303.7 295.7 289.2
324.3 326.7 327.7 327.9 328.7 328.9 329.1 330.2 331.3 332.3 333 333.2 334.6 338.5 341.6 348.7 353.6 356.8 358.6 359.3 359.1 358.5 356.3 350.8 342.4 334.6 322.3 305 290.4 273.5 258 239.3 228.7 218.1 210.1 202.6 196.1 189.9 184.6 188.8 194 199.5 206.9 216 228.2 240.3 251.7 275.7 291.9 300.3 301.1 296.4 285.4 278.6 275.6 273.5 274.9 275.8 282 290.7 295.4 300.5 302 303.7 306.4 312.5 322.3 332.3 334.9 336.1 336.7 334.7 328.8 324.2 313.9 301.6 294.6 289
321.7 324.5 325.7 325.7 325.5 325.7 326 327.3 328.5 329.2 329.8 329.4 331.9 334.9 340.3 345 350.3 354.5 356.7 357.8 357.9 358 355.8 351.3 344.4 337.5 326.6 312 295.3 279 262.1 246.2 232 219.3 212.3 203.8 196.7 189.8 181.2 186.9 192.4 200.5 206.7 214.8 226.6 239.9 252.5 277.8 293.3 300.6 301.3 297.2 286.9 275.7 272 271.2 270.9 273.2 277.4 285.4 291.4 296.9 298.5 300.4 302.9 307.8 317.3 329.4 331.8 333.4 333.9 332.1 327.3 322.7 313.5 300.7 294.4 288.1
317.9 322 323.5 323.5 322.8 323.3 323.2 324.1 325.5 326.2 326.4 326.4 330 333.8 338 341.6 347.2 351.3 354.7 356.1 356.9 357.3 355.8 351.8 346.1 338.8 331.8 317.8 301.4 287.2 266.2 252.8 237.9 223.4 215.3 205.2 197.2 190.4 180.2 183.2 189.8 196.9 204.2 215.9 232.9 248.6 264.4 281 293.7 300.8 301.2 297.1 288.1 274.5 269.5 268 267.4 269.6 273.8 278.6 288.5 293.1 295.1 297 298.3 302.9 311.9 325.4 328.7 330.1 331.1 329.6 324.6 320.5 310.9 300.4 292.3 286.6
314.1 319.4 321.2 321.2 320.5 320.3 319.9 321 322.5 323.4 323 325.5 328.5 331.1 334.3 338.3 342.5 348.6 352.9 354.7 355.9 355.7 355 352 347 341 333.9 320.7 306.7 289.9 271.6 257.5 236 220.9 214.9 206.2 197.3 190.6 181.9 179.3 190.3 197.4 204.1 217.6 237.6 253.9 267.5 282.5 293.2 299.7 301.2 296.5 287.6 274.9 267.1 264.6 263.6 265.5 269.7 275.3 284.4 289.5 292.3 293.2 295.3 298.7 307.2 319.6 325.4 327.2 328.3 325.7 320.7 316.7 309.9 299.3 289.7 285.3
306.6 316.2 318.3 319.2 317.8 317.2 316.7 317.9 319.3 320.6 321.4 323.7 325.4 328.1 330.9 334.9 340.6 345.6 350.1 353.4 354.5 354.4 353.7 351.6 347.1 342.3 334 324.6 310.7 292.6 277.1 259 244 228.8 216.8 208.5 198.4 191.2 185.2 178.9 188.9 198.4 203.9 218.7 239.4 255.8 267.6 281.9 292.1 298.8 300.6 295.9 287.4 275.4 265.8 262.1 260 261.8 263.4 269.2 279.1 285.2 288.2 290.6 292.4 295.3 304.5 314 322.7 324.7 325.5 322.2 318.2 314.2 308.4 298.4 288.4 282.9
301.9 312.4 314.5 314.7 313.7 313.5 313.7 315 316.5 318.5 319.5 321.4 323.2 324.6 327 332.6 338 343.6 347.6 351.6 353.2 353 352.3 350.2 346.9 342 334.8 328.8 314.4 297.2 280.5 262.3 245.9 231.5 217.5 206.6 198.2 191.5 184.6 179.2 183.3 195.9 200.5 218.2 238.8 255.4 268.2 280.1 290.4 297.5 299.2 295.2 286.9 277.5 264.6 259.7 256.4 258 260.6 265.4 274.3 281.7 284.8 287 288.6 292.4 299 310.4 320.2 322.6 323.2 320.8 316.7 312.5 307.2 298.6 288.3 280.9
303.8 304 309.2 309.1 309.7 309.5 310.3 311.6 313 315.3 318 319.6 320.5 322.2 325.1 328.6 333.8 338.8 343.8 348.2 351 351.5 350.8 349 345.5 341.8 334 327.7 316.3 302.2 286 266.7 249.2 234.5 220.1 208.6 200.1 192 185.6 178.4 182 193.1 198.9 216 235.9 252.3 264.8 277.7 287.7 295 297 293.1 285.5 276.6 264.5 258.1 254.1 255 257.8 263.3 270.8 277.9 281.6 283.6 285.7 289.8 296.3 308.1 318.4 320.1 321.3 320.3 315.3 311.7 306.5 298.9 288.7 279.5
306.2 297 300.3 303.4 304.2 304.6 305.9 306.9 310 313.4 315.9 316 317.1 319.3 321.6 325.1 329.3 334.6 339.9 344.5 350.1 349.8 349.2 347.4 343.9 340.1 333.7 327.3 317.1 303.8 287.9 272.1 254 237.6 222.9 211 201.3 192.6 186 180.2 178 190.5 197.2 212 231.8 247.8 260.6 273.6 283.4 291.6 293.2 289.3 283.2 276.6 264.8 256.5 252.3 251.7 255.5 260 267.4 275.6 277.7 279.8 283.6 287.8 295.5 305.9 316.4 318.6 319.7 318.8 314.8 310.9 305.7 298.9 289.1 278.8
309.9 300.7 291.4 298.3 299.1 299.3 301.5 302.9 306.6 311 312.4 313 314.7 316.9 318.7 321.6 325.7 330.9 335 340.7 346.7 348.6 348.1 345.5 341.9 338.5 331.1 326 313.7 304.4 290.7 277.6 261.5 245.6 228.3 213.9 204.5 194.7 188.9 181.3 178.6 187.1 194.3 204.1 226.4 243.1 256.1 268.8 279.6 286 287.2 283.9 279.7 274.9 264.6 255.5 248.5 247.3 252.5 256.9 264.5 272.6 274.7 276.6 282.2 286.4 293.1 302.4 313.8 317.2 318.6 318.2 314.4 310.6 305.4 300.9 291.4 280.9
312.7 305.3 297.5 290.7 293.7 294.8 296.8 299.4 303.3 308.3 309.9 310.5 312 314.2 316.6 319 322.7 326.9 332.1 337.2 342.5 346.7 346.3 342.9 338.9 335.2 330.2 325.3 315 306.7 293.6 284.4 273.7 250.6 233.6 219 205.8 197.3 190.1 182.7 174.8 186.1 191.8 200.6 219.7 236.1 249.1 261.4 272.9 278.6 278.7 276.4 275 271 262.7 251.6 247.2 244.2 249.1 253.7 261.1 268.8 273.4 277.2 280.6 284.7 292.8 303.4 312.5 315.8 317 317.1 314.5 310.8 305.6 301.6 293.4 282.4
316.4 308.5 301.4 294.2 286.6 289 290.8 296.7 299.6 304.5 307 307.8 309.4 311.8 314.9 317.4 320.9 325.1 330.8 335.3 339.8 345.3 345.3 340.6 336.2 332.8 328.6 324.3 315.4 307.7 297.9 289.1 278.7 255.2 237.8 225.3 210.5 199.3 190.7 184 175 182.8 190.3 198.7 210.8 225 238.7 253.1 264.5 270.8 270.7 270.4 269.1 267.7 261.7 249 243.3 240 245.9 251.2 258.2 268.3 272.1 275.5 280.7 285.3 292.9 304.3 310.8 314 315.7 316.2 315.2 310.5 306.1 301.6 293.2 282.4
320.7 313.4 305.2 297.1 291.2 284.3 288.2 292.5 295.1 297.6 301 301.6 306.2 310.7 313.5 316.6 319.8 323.8 328.8 333.6 338.2 341.4 342.8 339.4 335.1 330.5 327.1 323.6 315.4 307.5 299.5 292.6 282.4 260.6 239.8 230.8 214.9 200.4 192.4 184.4 174.1 180 188.2 193.4 201.3 209.4 222.7 242.4 256.5 265.4 265.6 265.1 263.8 261.7 258.1 247.7 238.7 238.5 243.2 249.7 257.9 267.2 270.5 272.9 278.2 284.1 293.5 303 309 312.5 314.2 314.7 314.5 310.3 305.6 301 293.3 283.7
325.7 317.1 309.6 301.1 293.5 286.1 283.6 287 289.2 289.8 290.8 296.3 304.3 310.4 313.9 316.8 319 321.5 326.4 332 335.1 338.3 341.1 338.3 335.3 330.3 326 321.9 314.3 306.4 299.7 293.4 284.2 265.8 241.7 236 219.4 202.2 194.2 185.8 176.3 178.3 185.4 189 196.2 204.1 212.5 229.2 247.6 258.7 261.7 261.6 260.1 257.6 253.2 244.4 236.1 235.9 241.1 248 256.2 266 268.5 271.1 275.8 281.5 291.6 301.3 306.8 310.6 312.2 313.3 313.5 309.5 304.6 298.5 292.9 285.2
328.1 320.6 313.2 304.2 296.8 289.8 281.6 282 283.9 284.8 289.8 296.3 305.3 310.3 313.6 315.4 317.2 319.2 323.9 329.6 333.1 335.9 339 338.3 334.8 329.8 324.9 321.1 313.1 306.1 299.2 292.5 282.5 272.2 244.3 234.2 219.7 203.9 194.8 184.9 175.9 174.3 182.5 186.8 193.4 201.1 207.9 218.9 239.8 250.8 256.5 257.4 256.9 254.7 249.1 240.6 231.8 233.4 238.9 245.2 255.8 263.5 266.6 269.2 273.3 279.3 290.7 299.9 304.9 308.5 310.3 311.2 311.7 308.7 302.7 296.2 292 284.7
330.1 323.9 315.9 307.9 299.9 291.7 286.6 279.7 278.4 284.4 290.2 296.1 304.6 309.1 311.1 312.9 314.2 316.3 320.6 327.3 330.3 333.7 336.5 338.3 334.7 330.4 324.7 320.1 312.9 305.5 297.9 291 281.3 272.9 245.8 232.8 219.4 206.6 195.9 184.3 176.8 171.8 179.6 184.6 190.7 197.4 205.3 215.3 234.5 247.8 253.2 254.5 254.9 253.4 248.9 238.5 226.5 231.4 237.3 243.2 255.7 261.2 264.4 266.7 270.4 278.9 291 298.1 302.5 305.7 307.9 309 308.9 306.9 300.5 294.2 290.2 284
330.8 325.2 317.2 308.4 301.9 293.7 287.9 282.3 276.4 283 289.1 295 302.8 306.9 307.8 309.6 311 312.8 316.9 323.3 328 331.3 334.6 336.5 334.1 331.1 325.3 320.4 311.4 305.1 297.9 291.3 280.7 271 251 232.2 223.3 209.7 197.9 186.3 180.9 172.6 172.8 183.3 188.1 194.7 203 212.6 233 245.9 251.5 254.2 254.9 253.2 250 236.4 225.1 229.1 235.7 243.6 253.2 258.9 261.9 264.8 269.8 279.1 290.9 295.4 299.5 302.7 305.4 306.4 306.5 304.8 299.1 291.8 287.9 282.6
330.5 325.5 318 309.2 301.3 294 287.7 282.4 275.1 281.3 287.3 292.7 299.8 303.7 305.4 306.2 307.8 310.3 312.9 317.7 324.6 328.7 331.5 334.2 332.8 330.7 326.4 321.6 313.1 305 297.7 289.1 278.4 268 258.8 235.6 226.9 212.8 200.4 191.5 182.9 174.3 173.2 181.9 188 193.4 201.8 216.8 233.2 244.8 251.9 253.8 253.3 251.5 248.2 235.4 226.2 226.6 233.7 242.1 250.4 256 259 263.1 267.2 278.3 289.2 293.5 296.7 299.4 302.7 304.4 303.5 301.8 297.4 290.9 286.2 281.6
330.8 325.4 319.3 311 301.5 293.9 287.3 282.6 275.8 279.5 285.6 290.5 296.1 300.4 302.5 303.7 305.3 307.4 310.7 315.2 321.1 325.2 328.3 331.2 331 330 327.4 321.6 315.9 305.6 297.3 287.4 279.5 268.4 260.1 242.8 225.8 217.4 204.1 192.7 184 174.2 171.1 182.3 187 192.9 200.3 215.4 231.9 243.9 250.7 251.4 250.3 248.3 245 234.7 221.7 224.9 232.7 240.4 248.4 254.8 258.4 262.2 268.6 278.3 287.1 290.9 294.4 296.8 300.2 301.8 301.1 299.9 295.7 290.4 284.4 280.6
331 325.6 321 314 304.1 296.4 288.4 282.7 276.4 276.1 283 288.1 291.5 296.2 299.9 301.1 302.1 304.4 308.1 312.3 316.9 322.6 325.2 328.2 329.9 329.4 327.9 322.4 317.8 307.7 298 288.1 277.9 266.4 259.3 249.5 235 222.4 208.3 197.3 185.9 172 167.8 180.4 185.8 190.7 197.2 213.6 229.1 241.4 247.5 247.9 246.6 243.8 240.6 235.5 218.4 221.6 229.6 239.4 247.6 253.9 257.6 261.1 268.8 280.6 286.8 290.6 293.5 295.9 298.2 299.6 299.4 298.2 295.4 288.2 282.6 278.1
331.1 327.4 322.1 316.5 307.6 299.3 292.3 284.7 278.5 271.6 280.1 285.4 288.7 292.7 296 297.5 299.5 302.2 306.5 310.7 313.9 319.7 322.5 324.6 328 328.8 326.4 323.2 318 311.2 302.1 291 279.5 267.5 261.1 254.1 242.3 225.9 212 199.3 187.7 171.3 168.3 178.5 184.8 189.4 194.9 211 225.6 237.2 242.6 242.8 241.2 238.5 235.2 231.4 219.8 217.8 228.3 238.7 247.2 253.1 257.8 263.1 270.7 280.1 285.8 289.2 291.4 294 296.2 297.5 297.4 296.2 293.9 287.2 279.2 274.9
330.9 327.7 323.5 317.9 311.2 304.4 297.3 288.9 279.3 269.6 276.5 282.3 285.1 287.8 292.3 294.9 297.2 300.6 304.1 308.4 311.5 316.7 319.2 321.9 325.6 326.9 326.2 322.9 317.7 312.7 305.1 292.9 282.1 269 261.7 255.2 246.9 230.6 213.7 201 190.6 176.4 167 175.6 182.6 187.6 191.9 207 221.5 232.9 238.2 237.5 236.4 234.1 230.7 227 221.1 218 226.2 236.6 245.4 251.6 257.3 262.6 268.9 278 282.1 286.1 288.5 290.1 292.3 293.9 294.3 293.9 292 285 276.7 272.3
330.8 328 324.7 319.6 314.7 309.5 301 292.7 283.8 273.9 269.8 277.9 281 283.9 287.7 292 294.7 297.7 302 305.1 308.6 313.2 315.9 319.4 322.2 324.9 325.2 323.4 319.4 313.8 308.3 297.3 284.8 273.4 261.8 255.6 246.9 233.5 219.1 207.1 194.8 182 171.2 176.2 180.7 183.5 191 201.4 215 228.8 232.7 232.6 232.2 231.1 228.2 223.9 218.5 215.1 223.2 235.7 243.4 248.5 253.7 259.9 266.4 275.4 279.8 282.8 285.5 287.1 289.2 290.2 291.4 292.2 289.3 283.4 274.8 269.5
330.7 328 324.8 321.2 315.8 310.4 308.5 302.5 292.8 279.2 265.7 270.6 275.9 278.5 283.4 288.6 291.5 294.8 298.6 301.1 304.4 310.2 313.3 316 319.3 322.5 324.1 323.3 319.8 314.9 309.3 301.7 289.9 276.3 263 254.7 247.4 234.7 222.4 210.2 197.4 185.9 171.4 171 178.7 184.7 190.1 197.2 210.7 223.6 227.9 228.8 228.5 227.5 225.9 222 216 212.7 221.1 232.4 239.8 244.7 250.3 257.1 264.9 271.9 277.1 280.3 282.3 285 286.9 286.8 289.8 290 287.2 280.3 273.2 268
330.3 327.1 324.3 320.6 317 314.9 312.1 309.3 301.7 290.1 277.4 265.6 269.7 274.3 279.4 284.5 288.4 291.6 294.8 297 300.1 306.4 310.6 313.2 316.3 319.2 322.1 322.6 320.7 316.1 310.7 304.2 294.9 281.7 267.7 254.5 247.3 236.5 225 211.6 201 189.9 179.4 168.8 173.8 182.2 186.8 193.8 205.7 218.3 223.2 224.1 225.1 224.8 223.3 217.6 209.9 210.3 218.7 227.9 234.7 240.8 247.7 254.9 262 269.6 274.8 279.4 281.5 283.9 284.2 285.7 288.2 287.9 283.8 276.6 270.2 265
329 326.2 323.6 322.5 320.9 317.8 314.7 311 305.6 297.2 287.8 273.2 264 269.5 275 280.3 284.3 288.1 290.8 292.6 296.5 302.4 307.1 309.8 313 315.7 319.7 321.8 321.3 318.3 313.1 306.5 299.4 289.1 274.1 259.1 247.8 237.9 227.5 220.1 207.6 196.9 186.3 176.2 171.2 175.5 183.2 190.1 199.5 212.4 217.9 219.8 221.1 222.4 220.6 213.2 199.8 207.7 215.9 224 231.2 238.2 246.3 255.5 261.8 268.7 273.6 278.8 281 281.9 280.1 283.7 286 284.7 281.2 273.3 266.3 261.1
327.5 326.2 325.2 324.4 322.2 319.5 315.7 311.6 307.6 301.1 292.3 282.5 268 263.5 269.5 275.5 280.9 284.2 286.8 288.6 293.1 299.5 303.2 306.1 309.1 312.7 317.3 320.1 320.7 319.7 315.7 309.7 302.7 293.1 279.9 266 253 243.3 233.8 225.5 217 207 196.8 186 177.1 169 176.3 184.7 193.6 203.6 212 215.7 217.1 218.7 216.2 206.3 198.7 204.6 214.8 222.1 230.3 238.1 245.5 253.3 259.9 265.9 270.1 275.8 279.2 278.9 278.7 281.7 282.1 281.5 278.2 272.1 264.1 257.5
