app/static/ascii/SE78.asc
ncols 200
nrows 200
xllcorner 470000
yllcorner 480000
cellsize 50
[rows 152 to 189 of 200, columns 0 to 85 of 200]
30.3 29.6 30.2 29.9 29.8 29.7 29.5 29.4 29.3 29.2 29.5 30.2 30.7 30.7 30.8 30.9 31.1 31.2 31.5 31.8 32 32.2 32.2 32.2 32.1 31.9 31.4 31.2 29 27.4 27.2 27 27 27 26.8 27.2 27.3 27.5 29 30.8 33.6 36.7 38.7 39.2 38.5 37.6 35 33.3 32.9 33 34.4 34.5 34.5 34.6 35.9 37.2 38.4 40 42.2 44.8 47.6 50.7 53 52.5 50.2 46.6 41 37.4 35.1 33.1 31.5 29.4 28 29 29.6 29.4 29.8 29.5 29.2 28.9 28.7 28.7 28.8 29.5 30.1 31.3
28.3 28 30.1 29.6 29.8 29.9 29.6 29.4 29.2 29.3 29.5 30.1 30.2 30 30.1 30.2 30.6 31 31.3 31.6 31.9 32.1 32.2 32.1 31.9 31.8 31.2 30.2 28.3 27 27 27.3 27.3 27.2 26.7 27.1 27.4 27.7 29.3 31.7 33.4 35.3 36.8 37.7 37.4 36.7 34.3 33.1 32.5 32.8 33.4 34.3 34.4 34.8 35.8 37.2 38.9 41.1 43.4 46.5 50 54 57.2 58.2 57.9 53.5 46.2 39.9 36.8 34.2 32 28.9 28.4 28.4 29.8 29.5 29.3 29.1 28.8 28.6 28.7 28.8 28.7 29.3 29.9 30.6
29.8 29.7 29.6 29.8 29.8 29.8 29.6 29.4 29.2 29.4 29.6 29.5 29.3 28.9 29.3 30 30.7 30.9 31.2 31.5 31.6 31.9 32.1 31.8 31.6 31.5 30.9 30.1 27.7 27.4 26.9 27.3 27.3 26.8 26.6 26.9 27.2 27.5 29.3 31.5 33.3 34.1 34.9 36.4 36.5 35.6 33.8 32.8 32.5 32.9 33.3 33.6 34.1 35.1 36.1 37.4 39 41.3 43.8 47.6 52.2 56.9 59.7 60.9 60.9 58 50.9 43.1 38.3 35.1 32.3 28.7 28.5 28.4 29.7 29.4 29.1 28.8 28.5 28.7 28.8 28.9 28.7 29.1 29.6 30.2
27.1 28.7 29.7 29.4 29.5 29.7 29.5 29.3 29.2 29.4 29.5 29.2 29 29.3 29.4 30.1 30.6 30.7 31 31.1 31.2 31.6 31.4 31.2 31.1 31 30.7 29 27.3 27 26.9 27 27 26.8 26.6 26.7 27 27.3 28.7 31.4 32.4 33.8 34 34.7 35 34.5 33.2 32.6 32.6 33 33.4 33.8 34.2 35.3 36.7 37.7 39.2 41.4 44.6 48.5 53.9 59.2 61.6 62.2 62.1 60.5 56 47.1 39.4 35.1 32.1 29.2 27.2 29.5 29.5 29.4 29.1 28.9 28.8 28.5 28.7 28.9 28.4 29.2 29.3 30
27.5 28.1 28.6 29.3 29.5 29.7 29.4 29.2 29.2 29.3 29.3 29.1 29.4 30 30.2 30.3 30.4 30.5 30.7 30.8 30.9 31.1 30.9 30.9 30.8 30.6 30.4 28.2 27 26.9 26.9 27.1 27.1 26.8 26.7 26.6 26.8 27.1 28.3 30.3 31.8 32.5 32.8 33.3 33.4 33.1 32.6 32.5 32.3 32.7 33.2 33.7 34.5 36 37.3 38.4 39.9 42.1 45.8 50.8 56.9 60.3 62 62.6 62.8 62.1 59.2 49.3 40.2 35.4 31.9 28.6 27.7 28.9 29 29.1 29 28.5 28.2 28.2 28.4 28.7 28.2 28.5 28.7 29.8
30 29.4 27.8 29.6 29.6 29.5 29.4 29.2 29.1 29.2 29.3 29.4 30.2 30.5 30.4 30.3 30.3 30.4 30.4 30.5 30.5 30.5 30.7 30.6 30.6 30.2 28.9 27.2 27.4 26.8 26.9 27.1 27.2 26.9 26.7 26.6 26.7 27.3 28.5 29.1 30.2 31 31.8 31.8 31.8 32 32.1 32.1 32.2 32.4 32.9 33.8 34.8 36.7 37.8 39.5 40.9 43.1 46.7 51.7 58 60.5 62.1 62.7 63.1 62.6 60.5 52 42.2 35.8 32 25.9 28.7 28.7 28.8 28.9 28.8 28.4 28.2 28.1 28.1 28.4 28.3 28.4 28.3 29.1
29.8 29.8 27.1 30 29.7 29.6 29.5 29.2 29.1 29.2 29.2 29.5 29.9 30.1 30.2 30.2 30.2 30.7 30.5 30.4 30.3 30.4 30.5 30.4 30.4 29.4 28 27.4 27.8 26.6 26.8 27.1 27.2 26.9 26.7 26.7 26.6 27.2 27.9 29.5 30 30.5 31.2 31.8 32.1 32.2 32.3 32 32.1 32.2 32.9 34 35.1 37.2 38.5 40.4 42.4 44.1 47.5 52.2 57.1 59.8 61.9 62.3 62.8 62.4 60.2 51.6 41.7 35.1 31 27.4 28.7 28.5 28.6 28.8 28.7 28.3 28.1 28 28.1 28.1 28.2 28 27.8 28.4
30.1 29.8 30.2 27.6 29.1 29.8 29.8 29.5 29.1 29.1 29.1 29.4 29.6 29.8 29.8 29.9 30.1 30 30.2 30 30.1 30.3 30.2 29.6 29.6 28.4 27.7 27.7 27.6 26.8 26.6 26.7 26.7 27.1 27 26.9 26.7 26.8 27.4 28.2 29.6 31.7 32.3 32.6 32.7 32.8 32.9 32.6 32.3 32.7 33.2 34.1 35.6 37.5 39.1 41.1 43.3 45.9 48.5 52.3 56.7 59.3 61 61.6 61.6 61.2 59.2 49.5 39 34 29.8 28 28.3 28.4 28.4 28.6 28.5 28.3 28 28 28 28 28 27.9 27.7 27.9
30.1 30 29.8 29.4 28.8 29.2 30.1 29.3 29.2 29.2 29 29 29.2 29.5 29.6 29.8 29.9 29.8 29.7 30 30.4 30.5 30 29.4 28.6 28 27.5 27.4 27.3 26.9 26.6 26.5 26.4 27 27.2 27 26.8 26.6 27.1 26.9 27.4 28.3 30.3 31.4 32 32.7 33.3 33.1 32.5 32.7 32.9 33.8 35.3 36.9 38.6 40.6 44.3 47.9 51 54.5 57.1 60.2 61.3 61.3 60 58.2 55.2 45.1 37.1 32.2 29.3 27.5 28.3 28.2 28.3 28.5 28.4 28.2 27.9 27.9 27.9 27.8 27.8 27.8 27.6 27.4
30 29.8 29.7 29.2 28.7 29.9 29 29.2 29.1 29 28.8 28.5 29.1 29.5 29.6 29.7 29.7 29.5 29.3 29.6 30 30 29.9 29 28.1 27.6 27.4 27.3 27.2 27.3 27 26.5 26.5 26.4 27 27.1 26.8 26.6 26.6 26.5 26.5 26.5 27.5 29.1 30.8 31.9 32.7 33.1 32.2 32.2 32.9 33.7 34.6 36.3 38.1 40.1 43.8 49.2 53.6 56.9 59.2 60.7 61.7 61.4 60.9 58.5 48.1 40.8 34.9 31.1 29 25.3 28.2 28.1 28.2 28.4 28.3 28.1 27.8 27.8 27.7 27.5 27.6 27.6 27.6 27.3
29.9 29.7 29.5 29.4 29.9 27.4 29.2 29 28.9 28.8 28.5 28.5 29.1 29.7 29.7 29.5 29.2 29 28.7 28.8 29.6 29.7 29.4 29.2 28.4 27.6 27.4 27.4 27.5 27.6 27.3 27 26.6 26.4 26.4 27.1 26.9 26.9 26.6 26.4 26.5 26.5 26.7 27.4 29.1 30.7 32.1 32.6 32 31.8 32.6 33.3 34.4 36.1 37.9 39.8 44.4 51.4 55.9 58.5 60.3 60.7 60.5 60.1 59.7 56.3 46.4 37.8 33.6 31.2 29 26.3 28.2 28 28 27.9 27.9 27.8 27.8 27.6 27.4 27.3 27.4 27.4 27.5 27.5
29.8 29.7 29.5 29.4 29.8 28.1 29.5 28.9 28.8 28.7 28.5 28.4 28.8 29.3 29.5 29.2 28.9 28.5 28.2 28.2 29.3 29.2 29 28.9 28.1 27.4 27.3 27.4 27.5 27.6 27.5 27.2 27.1 26.6 26.2 26.2 27.3 27.4 27.1 26.4 26.4 26.4 26.5 27.1 28.2 30.1 31.9 32.1 31.5 31.6 32.1 32.9 34.2 35.9 37.6 39.4 44.1 52.4 55.6 58.5 59.8 58.8 57.2 55.9 55.4 49.4 40.5 34.6 32 30.5 28.9 25.9 28.3 27.8 27.8 27.7 27.6 27.5 27.6 27.8 27.2 27.3 27.3 27.3 27.4 27.6
29.9 29.7 29.6 29.6 29.5 27.5 29 29 28.9 28.6 28.6 28.4 28.4 29 29.1 29 28.8 28.4 27.9 28.1 29 29 28.9 28.2 27.5 27.3 27.3 27.4 27.3 27.4 27 26.8 26.8 26.4 26.1 26 25.9 27 27.5 26.2 26.3 26.6 26.8 26.7 27.8 30 32.1 31.6 30.8 31.3 31.7 32.6 34.4 35.9 37.3 39.3 43.4 51.6 55.5 57.9 57.7 55 51.6 47.1 44.2 40.3 34.9 32.8 30 29.2 28 26.5 28.3 27.7 27.6 27.5 27.4 27.4 27.4 27.6 27.2 27.2 27.2 27.3 27.3 27.5
29.7 29.7 29.6 29.4 29.1 28.8 28.7 29.1 29 28.6 28.6 28.5 28.3 28.7 28.8 28.8 28.7 28.3 27.9 28 28.6 28.7 28.4 27.5 27.3 27.3 27.3 27.4 27 26.9 26.8 26.8 26.8 26.8 26.2 26.1 26 25.8 26.4 26.1 26.6 26.8 26.5 26.4 27.5 29.9 31.4 31.2 30.4 30.9 31.4 32.6 34.5 36 37.6 39.4 43.1 49.6 54.1 55.2 53.7 49.8 45.1 40.8 38.1 34.4 32.1 30.7 29.7 29 27.7 28.1 25.9 27.6 27.4 27.4 27.3 27.3 27.2 27.4 27.1 27.1 27.2 27.2 27.2 27.3
29.5 29.6 29.7 29.4 29.2 29.5 30 26.8 28.8 28.7 28.6 28.4 28.3 28.5 28.6 28.5 28.5 28.2 27.8 27.9 28.5 28.4 27.8 27.3 27.3 27.4 27.5 27 27 26.9 26.8 26.8 26.8 26.8 26.9 26.3 26.1 25.9 25.7 25.9 26.7 26.6 26.3 26.4 27.6 29.9 31.2 30.7 29.8 29.9 30.5 31.6 33.8 35.4 37.3 38.9 42.9 47.6 53 51.3 47.2 41.2 40.7 36.8 35.2 33.1 31.1 30.4 29.2 29.3 28 26.5 27.3 27.6 27.3 27.3 27.2 27.2 27.1 27.2 27 27.1 27.1 27.1 27.2 27.2
29.4 29.4 29.6 29.5 29.5 29.2 28.8 28.8 28.3 28.8 28.5 28.4 28.2 28 27.9 28.3 28.3 28.2 27.8 28.1 28.3 28.3 27.6 27.5 27.5 27.3 27.2 27.1 27 26.9 26.9 26.9 26.9 26.9 26.9 26.6 26.3 25.9 25.7 25.8 26.6 26.8 26.3 26.6 28.3 30.3 31.1 30.4 29.1 29 29.5 30.2 31.7 33.4 35.7 36.9 40.6 45.3 49.3 48.4 42.2 39.2 35.9 34.8 32.8 31.4 29.8 28.7 27.5 27.6 27.9 26.6 27.6 27.5 27.3 27.2 27.1 27.1 27 27 27 27 27 27 27 27
29.3 29.3 29.5 29.6 29.4 29.2 29 28.2 27 28.8 29 27.6 29.1 28.3 28.2 28.1 27.9 28 28.2 28.3 28.2 28.1 27.6 27.6 27.5 27.4 27.2 27.1 27 26.9 26.9 26.9 27 27 26.9 26.6 26.4 25.8 25.7 25.7 26.3 26.7 26.9 27.2 29.8 30.9 31 30.2 28.9 28.3 28.7 29.5 30.4 31.3 32.8 34.8 38.3 42.8 45.8 44 38.7 35.5 33 31.1 29.2 27.8 27.1 27.1 27.2 27.2 27.5 28.1 27.1 27.4 27.3 27.2 27.1 27 26.8 26.8 26.8 26.8 26.7 26.7 26.7 26.9
29.2 29.2 29.4 29.6 29.4 29.3 29.1 29.2 28.6 28.1 26.3 28.3 26 28.4 28.2 28.1 28 28 27.8 28.6 28.6 27.6 27.6 27.5 27.5 27.4 27.3 27.2 27 27 27 27 27 27 26.9 26.6 26.6 26.1 25.6 25.7 25.8 26.4 26.9 29.7 31.1 31.4 30.7 30 28.7 27.8 27.9 28.7 29.7 30.5 30.6 31.1 33.5 36.6 37.7 35.1 31.5 29.2 28.2 27.5 27.3 27.6 27.1 27.4 27.3 27.1 27.3 27.7 25.7 27.4 27.3 27.2 27.1 27 26.5 26.6 26.8 26.7 26.6 26.6 26.5 26.9
29 29.1 29.1 29.3 29.2 29 28.7 28.6 29.5 28.9 26.8 28 27.3 28.4 28.2 28.1 28.1 28.1 27.9 27.7 28.3 27.5 27.5 27.4 27.4 27.4 27.3 27.2 27.1 27.1 27.1 27.1 27.1 27 26.9 26.8 26.8 26.8 26.2 25.8 25.8 26 28.1 31.3 31.7 31.4 30.5 29.6 28.5 27.2 27.6 27.9 28.3 27.9 27.7 28.4 28.1 28.1 27.2 26.8 26.6 26.6 26.8 26.8 27 27.3 27.3 27.1 27 26.9 27.3 27.5 25.4 27.2 27.2 27.1 27 27 26.4 26.5 26.7 26.6 26.6 26.5 26.5 26.6
28.9 29 29 29 28.9 28.7 28.6 28.5 28.6 28.5 28.8 29.2 27.4 28.7 28.2 28.2 28.3 28.3 28.1 27.9 27.6 27.5 27.5 27.4 27.4 27.3 27.3 27.2 27.1 27.1 27 27.1 27 27 26.9 26.9 26.9 26.8 26.6 26 25.7 25.6 28.3 31 31.2 30.7 29.8 28.9 27.9 27.3 27.5 26.8 26.3 26.1 26.1 25.9 26.4 26 25.9 26.1 26.1 26.3 26.4 26.5 26.7 26.9 27.1 27.1 27 26.9 27.3 24.9 28.3 26.4 27.1 27 26.9 26.7 26.4 26.5 26.6 26.6 26.5 26.4 26.4 26.4
28.8 28.9 28.9 28.9 28.8 28.6 28.5 28.4 28.3 28.4 28.4 28.4 28.6 26.6 27.9 28.3 28.5 28.5 28.2 27.9 27.5 27.6 27.5 27.4 27.4 27.3 27.3 27.2 27.3 27.1 27 27 26.9 26.9 26.7 26.8 26.8 26.8 26.8 26 25.5 25.5 29.9 31.5 30.5 30 29.2 28.3 27.3 27.3 26.8 26.1 25.6 25.4 25.4 25.5 25.5 25.6 25.7 25.8 25.9 26 26.1 26.5 26.7 26.7 26.7 26.9 27 26.9 27.1 28.2 25.9 27.9 25.4 26.7 26.6 26.5 26.4 26.4 26.6 26.5 26.4 26.4 26.3 26.3
28.7 28.8 28.8 28.8 28.8 28.7 28.4 28.3 28.1 28.1 28.2 28.2 28.3 27.4 28.1 27.4 28.2 28.1 28 27.7 27.3 27.6 27.5 27.5 27.4 27.3 27.2 27.1 27.3 27.2 27.1 27 26.4 26.6 26.4 26.6 26.7 26.7 26.7 26.3 25.8 26.5 30.2 30.3 29.9 29.4 28.6 27.6 26.9 26.5 25.8 25.7 25.5 25.3 25.3 25.4 25.6 25.7 25.7 25.7 25.8 25.8 26 26.5 26.8 26.7 26.8 26.8 26.9 27.1 26.9 27.4 27.5 28 25.7 26.8 26.6 26.6 26.5 26.5 26.5 26.5 26.6 26.6 26.7 26.5
28.7 28.7 28.7 28.8 28.8 28.8 28.5 28.2 28.1 28 28.1 28.1 28.2 28.2 26.8 27.4 27.7 27.9 27.8 27.4 27.1 27.2 27.5 27.4 27.3 27.2 27.1 27 27.1 27.4 27.1 26.9 27 26.7 26.4 26.4 26.5 26.6 26.5 26 26 28.4 30.2 30.1 29.3 28.8 27.7 26.6 26.1 25.9 25.7 25.5 25.4 25.2 25.3 25.5 25.6 25.7 25.6 25.6 25.6 25.8 26 26.6 26.9 26.8 26.8 26.7 26.7 26.6 26.7 27.6 27.4 27.2 27.7 27.2 26.7 26.6 26.5 26.4 26.4 26.4 26.5 26.5 26.6 26.3
28.6 28.7 28.7 28.7 28.7 28.7 28.6 28.3 28.1 28 28 28.1 28.3 28.1 28.6 27.4 27.9 27.8 27.7 27.6 27.5 27.6 27.5 27.4 27.3 27.2 27.1 27 26.9 27.5 27.1 26.8 26.6 26.5 26.4 25.6 25.9 25.9 26.1 25.8 27 29.6 29.6 29.1 28.6 28.1 26.8 26 25.9 25.8 25.5 25.4 25.3 25.3 25.4 25.5 25.7 25.8 25.5 25.5 25.6 25.8 26 26.6 26.8 26.6 26.5 26.5 26.5 26.4 26.4 26.8 27.2 25.2 27.6 27.1 26.8 26.6 26.2 26.2 26.3 26.3 26.3 26.4 26.3 26.1
28.5 28.6 28.7 28.7 28.7 28.7 28.6 28.5 28.3 28 28 28.1 28.3 28.1 28.5 26.7 27.9 27.7 27.5 27.4 27.6 27.5 27.4 27.3 27.3 27.2 27 26.9 26.8 27.2 27.1 26.7 25.9 25.8 25.7 25.2 25.4 25.6 25.7 26.8 28.3 29.5 29 28.5 27.9 27 25.9 25.8 25.7 25.5 25.4 25.2 25.2 25.2 25.3 25.4 25.6 25.6 25.4 25.8 26.1 26.5 26.2 26.6 26.5 26.4 26.3 26.2 26.2 26.3 26.4 26.3 26.3 26.6 27.3 26.9 26.5 26.3 26 26 26.1 26.2 26.2 26.2 26.1 26
28.3 28.5 28.7 28.7 28.7 28.7 28.5 28.4 28.2 28 28.1 28.2 28.2 28.1 27.5 28 27.6 27.9 28 27.8 27.5 27.4 27.3 27.3 27.2 27.1 27 26.9 26.9 26.8 27.1 26.6 26.3 26.2 25.5 25.7 25.4 25.7 26 26.9 28.1 28.9 28.4 27.9 26.9 26 25.7 25.6 25.4 25.3 25.2 25.1 25.2 25.2 25.2 25.4 25.4 25.5 25.7 26 26.3 26.5 26.4 26.3 26.1 26.1 26 26 26.1 26.2 26.3 26.3 25.8 27.3 27.7 26.8 26.4 26.2 26 25.8 25.9 26.1 26.1 26 26 25.9
28.2 28.4 28.6 28.7 28.7 28.6 28.4 28.3 28.3 28.3 28.4 28.5 28.5 28.3 28 28.6 27.8 27.7 27.4 27.3 27.1 27 27.2 27.2 27.1 27 27 27 26.9 26.8 26.7 26.6 26.4 25.5 25.6 25.7 25.3 26.1 26.7 27.4 27.6 28 27.8 27.5 26.6 25.9 25.5 25.4 25.3 25.2 25.1 25 25.1 25.1 25.2 25.4 25.9 26 25.9 25.9 26.2 26.3 26.1 25.9 25.8 25.8 25.8 25.9 26 26.1 26.2 26.3 26.3 27.3 27.6 26.8 26.3 26.1 26 25.8 25.8 26.1 26.1 25.9 25.8 25.8
28.1 28.3 28.5 28.7 28.6 28.6 28.5 28.5 28.5 28.5 29.1 29.4 28.9 25.6 28.1 28 27.6 27.5 27.3 27.2 27.1 27.1 27 27 26.9 26.9 26.9 27 27 26.9 26.8 26.7 26.4 25.8 25.8 26.3 26.5 26.3 26.5 26.6 26.8 27.1 27.1 26.9 26.4 26 25.5 25.3 25.2 25.1 25 25 25 25.1 25.3 25.6 25.8 25.9 25.7 25.7 26 26.1 25.9 25.7 25.6 25.6 25.7 25.8 25.9 26 26.1 26 26.9 26.2 24.4 27.4 26.4 26.2 26 25.8 25.7 26.1 26 25.8 25.7 25.7
27.9 28.2 28.4 28.5 28.8 28.8 28.7 28.7 28.7 29 29.8 30.2 29.6 28.9 27.5 27.9 27.6 27.3 27.1 27.1 27 26.9 26.9 26.9 26.8 26.8 26.9 26.9 26.9 26.9 26.9 26.8 26.1 25.8 25.9 27.2 27.1 26.8 26.8 27.1 27.5 27.2 26.8 26.7 26.2 25.9 25.5 25.2 25.1 25 25 24.9 25 25.2 25.4 25.4 25.7 25.8 25.6 25.6 25.9 25.9 25.9 25.7 25.5 25.6 25.7 25.7 25.7 25.8 25.9 25.8 26.8 27.9 27.5 26.8 26.6 26.3 26 25.8 25.6 25.9 25.9 25.8 25.6 25.6
27.4 28 28.2 28.4 28.7 29 29 28.9 28.9 29.6 30.4 31 31.3 30.4 28.1 27.9 27.5 27.3 27.2 27 26.9 26.8 26.8 26.8 26.7 26.7 26.8 26.9 27 27 27 26 25.7 26.2 26.9 27.2 27.2 27.5 28.1 28.4 28.1 27.8 27.3 26.4 25.8 25.7 25.5 25.2 25.2 25.1 25.1 25 25 25.2 24.7 24.8 25.6 25.7 25.5 25.6 25.7 25.7 25.7 25.7 25.5 25.6 25.6 25.6 25.6 25.7 25.7 25.6 25.7 26.1 25 27.6 26.4 26.2 25.9 25.8 25.6 25.7 25.7 25.7 25.6 25.5
26.7 27.5 27.9 28.2 28.6 28.9 29.2 29.2 29.4 30.3 31 31.8 32.1 30.3 25.5 28.1 27.4 27.3 27.2 27.1 26.9 26.8 26.7 26.7 26.6 26.7 26.7 26.8 26.9 27 26.5 26 26 26.9 27.6 28 28.4 28.9 29 28.6 28.1 27.6 26.9 26.3 25.7 25.7 25.5 25.3 25.3 25.2 25.1 25.1 25 25 25.1 25.3 25.5 25.6 25.4 25.4 25.5 25.5 25.5 25.5 25.4 25.5 25.6 25.6 25.6 25.5 25.6 25.7 25.8 27 26.3 27.3 26.6 26.1 25.9 25.8 25.6 25.5 25.5 25.5 25.5 25.7
26.2 27 27.4 27.9 28.5 28.5 28.7 29.6 29.9 30.8 31.6 32.3 31.7 27.6 27.5 27.7 27.8 27.2 27.1 27 26.9 26.7 26.6 26.6 26.6 26.6 26.6 26.7 26.5 26.4 26 25.8 26.7 27.5 27.8 27.9 28 28 28 27.9 27.7 27.4 26.8 26.2 25.6 25.6 25.6 25.4 25.4 25.3 25.2 25.2 25.1 25 25.1 25.1 25.1 25.1 25.2 25.3 25.3 25.3 25.3 25.3 25.3 25.3 25.5 25.6 25.6 25.5 25.6 25.7 25.7 26.2 26.2 23.9 26.5 25.9 26.1 25.9 25.7 25.5 25.5 25.5 25.4 25.7
25.8 26.4 26.9 27.5 27.8 27.9 27.9 29 30.4 31.7 32.5 31.8 30.7 28.7 26.8 27.7 28.1 27.1 27 26.9 26.8 26.7 26.6 26.5 26.5 26.4 26.4 26.3 26.7 26.5 25.3 26.9 27 27.2 27.2 27.3 27.5 27.7 27.7 27.6 27.5 27.1 26.5 26.1 25.5 25.5 25.4 25.4 25.4 25.3 25.3 25.2 25.1 25 25 25 25.1 25.1 25.1 25.2 25.3 25.3 25.2 25.2 25.2 25.5 25.7 25.7 25.6 25.5 25.6 25.6 25.7 25.7 27.3 27.3 24.3 26.3 26.2 26 25.7 25.5 25.4 25.4 25.3 25.8
25.9 26.1 26 26.2 26.6 27.1 27 27.3 28.5 30.1 31.9 31.1 29.8 28.8 28.5 25.5 25.9 27.1 27 26.8 26.7 26.6 26.5 26.7 26.3 26.2 26.1 26.1 26.1 26 25.8 27.1 27.2 26.8 26.7 26.9 27.2 27.3 27.3 27.3 27.4 26.5 26.2 25.9 25.3 25.3 25.3 25.3 25.1 25.3 25.3 25.2 25.1 25.1 25 25 25 25 25 25.1 25.2 25.2 25.2 25.2 25.3 25.7 25.7 25.6 25.5 25.5 25.6 25.6 25.7 25.6 26.8 27.1 26.1 26.7 26.1 26 25.8 25.6 25.4 25.4 25.3 25.7
25.4 26.1 26 26 25.5 26.3 26.3 26.5 26.9 27.4 28.5 28.5 27.8 27.7 27.6 27.5 27.5 27 26.9 26.8 26.6 26.5 26.7 26.9 26.7 26.2 26.2 26.1 26.1 26.1 25.5 27.3 27.1 26.9 26.7 26.7 26.9 26.9 26.9 27.1 27.1 26.2 25.9 25.6 25.2 25.2 25.1 25.1 25.1 25.3 25.3 25.2 25.2 25.1 25 25 25 25 25 25 25.1 25.1 25.1 25.2 25.4 25.5 25.6 25.6 25.5 25.5 25.6 25.6 25.7 25.6 26.4 24 26.7 26.9 26 25.8 25.7 25.6 25.4 25.3 25.2 25.5
25.4 25.9 25.9 25.8 25.6 25.7 25.8 26.1 26.4 26.7 27 27.1 27.2 27.2 27.1 27.6 28 27.6 26.8 26.7 26.6 26.6 26.7 26.9 26.8 26.6 26.3 26.2 26.4 26.4 26.2 27.2 27.1 27 26.9 26.8 26.5 26.5 26.5 26.6 26.4 26 25.6 25.4 25.1 25.2 24.9 24.8 24.9 25.4 25.3 25.2 25.1 25.1 25 24.9 24.9 24.9 25 25 25 25.1 25.1 25.1 25.2 25.3 25.5 25.5 25.5 25.5 25.5 25.6 25.6 25.7 25.6 25 27 26.7 25.9 25.6 25.6 25.5 25.4 25.5 25.4 25.9
25.7 25.7 25.7 25.8 25.6 25.6 25.7 25.9 26.2 26.7 26.5 26.5 26.5 26.8 26.9 27.1 27.8 27.8 26.9 26.8 26.8 26.6 26.7 26.8 26.7 26.5 26.4 26.4 26.5 26.5 25.8 26.8 27.2 27.3 27.5 27.4 27.2 26.7 26.4 26.1 26 25.8 25.6 25.3 25.1 25.1 25.1 24.8 25.2 25.4 25.3 25.2 25.1 25 24.9 24.9 24.9 24.9 24.9 25 25 25 25.1 25.1 25.1 24.9 25 25.4 25.4 25.4 25.4 25.5 25.5 25.7 25.8 26.9 26.8 26.5 25.7 25.6 25.5 25.4 25.4 25.4 25.9 27.6
25.6 25.8 25.4 25.7 25.5 25.8 26 26 26.1 26.6 26.8 26.5 26.4 26.5 26.6 26.7 27.1 24.8 26.5 26.9 26.9 26.7 26.7 26.7 26.6 26.4 26.4 26.5 26.5 26.4 26.3 26.5 27.3 27.9 28 28.2 27.7 26.9 26.5 26.3 26.1 25.7 25.5 25.3 25 24.9 24.8 24.9 25.3 25.4 25.2 25.1 25 24.9 24.9 24.9 24.9 24.9 24.9 24.9 25 25 25 25.1 25.1 25 25.3 25.3 25.3 25.3 25.3 25.4 25.4 25.6 25.7 26 24.3 26.7 25.7 25.5 25.4 25.3 25.1 25.6 26.6 27.8
