app/static/ascii/SE79.asc
ncols 200
nrows 200
xllcorner 470000
yllcorner 490000
cellsize 50
[rows 70 to 104 of 200, columns 0 to 77 of 200]
296.4 294.6 293.5 294.3 296.7 298 293.7 286.7 280.9 275.4 265.4 245.5 232 214.3 199 189.3 182.7 175 172.3 174 173.9 171.2 169.1 165.9 162.8 160.5 157.9 154.7 152.3 149.6 148.3 145.8 153.4 161.5 165.7 170 174.7 179 183.1 186.9 190.6 195.9 199.4 195.5 179.8 165.4 153.3 146.6 144.1 149.8 154.1 157.8 161.5 165.3 168.9 172.5 176.1 180.5 188.3 199.7 208.7 215.7 224.3 231.7 237.9 244.7 250.3 253.2 256.1 260.3 265.7 270.6 278.2 284.4 289.2 292.8 295.7 296.6
302.7 301.2 299.4 299.7 301.1 300.7 293.5 285.4 279.2 273.5 262.9 244.5 229.3 213.7 199.5 189.7 182.3 175.2 177.9 179.7 178.7 175.5 172.3 169.1 165.9 163 160.3 157.2 154.4 151.9 150.7 146.9 145.1 155.4 159.6 167.5 174.2 178.7 184.7 189.6 194.6 199.5 204.4 200.7 184.9 166.6 153.8 142.4 144.3 149.1 152.8 156.4 160 162.7 166.1 169.8 173.4 177.3 183.7 191.8 200.8 204.9 211.5 219.3 228.3 234.9 242.5 245.8 248.5 253.5 258.9 263.7 271.9 280.7 286.2 290.3 293.7 295.3
307.8 305.1 303.6 303.2 303.1 300.6 292 283.7 276.7 269.9 257.7 236.1 222.3 209.9 198.7 189.5 182.4 184 186.1 185.8 184.6 180.5 177 173.7 170.5 167.2 163.7 161.4 157.3 154.1 150.9 146.7 144.3 144.7 155.6 162.2 172.2 177.4 182.8 189.1 195.6 197.6 196 191.3 182.1 168.2 155.3 142.9 142.9 147.8 151.4 154.8 157.5 160.2 163.4 167.2 171.1 175.1 180.8 186.5 192.3 196.9 203.7 210.5 216.3 223.5 230.9 234.5 240.2 246 252.5 258.9 266.2 276.1 283 287.8 291.5 293
312.6 308.7 306.7 305.3 303.2 298.7 289.7 280.8 273.5 265 249.1 229.4 220.3 207.3 196.2 194.7 192.9 191 196.5 194.2 192.3 188.9 184.3 179.2 175.8 172.9 169 165.1 161.7 158.4 153.9 149.9 142.6 142.9 145.1 156.8 166.2 174 179.1 185.3 191.2 190.4 187.7 183.1 176.3 169.2 154.3 141.2 141 145.9 149.8 152.6 155.3 158.1 161.1 164.8 168.7 172.9 178.4 182.7 188.9 190.9 194.5 200.6 206.8 214.9 220.5 227.3 234.9 241.5 248.5 255.1 261 270 279.4 285 288.7 290.4
314.9 311.8 309.6 306.1 302.4 296.8 287.6 278.4 269.7 259.7 240.9 226.9 218.4 207 203.7 202.5 203.3 204.2 204.9 205.6 204 199.6 194.1 189 184.2 182.9 180.1 175 167.6 163.4 158.8 154.4 149.6 142.9 142.4 143.5 157.2 166.8 174.3 178 180.9 180.4 178.9 176.4 172.9 168.7 156.7 141.5 140.3 144.8 148.3 151.1 153.8 156.5 159.3 162.9 166.7 170.3 176.4 179.7 178.3 177.8 183 191.2 199.6 206.2 211.9 219.4 230 240.7 246.4 251.6 257.1 264.4 274.4 281.4 285.9 287.6
317 314 310.2 306.4 302 295.5 286.5 277 266.5 251.7 235.8 225.7 215.5 208.8 210.3 210.4 213.5 216.1 217.7 217.7 216.8 213.5 206.5 199.8 195.8 193.9 189.5 183.8 177.5 168.3 164.4 159.7 154.1 150.1 143.2 141.5 141.8 155.5 163.5 171.3 175.1 172.8 171.3 170.5 167.6 164.7 157.6 140 139.9 143.2 146.9 149.6 152.3 155.1 157.8 161.3 164 167.1 170.5 170.9 169 167.8 169.7 181.1 187.9 197.4 204.3 210.3 222.7 237 244 249 253.9 260.2 268.3 276.8 282.7 285.7
318.1 314.2 310.4 306.5 302.2 295.2 285.6 274.6 263.3 244 233.7 226 220.5 220.4 219 222.4 226.1 230.5 232.6 234.6 235.5 230.6 221.4 214.9 209.3 203 198 192.8 188.2 178.1 170.5 164.2 158.2 151.9 148.5 145.1 139.5 143.5 151 158.8 162.5 162.7 162.4 162.4 161.8 160.5 151 139.3 138.9 142.2 145.4 148.1 150.8 153.6 156.3 158.7 160.9 162.5 164.1 165.2 162.4 161.5 164.1 173.4 181.4 191.8 197 205.1 215.6 226.9 236.2 242.4 248.7 255.5 262.8 271.5 279.3 282.9
318.8 314.5 310.6 306.1 301.2 293.6 284.2 273.1 261.1 243.2 233.7 227.1 227.2 228.9 231.3 235 239.8 246.4 251.5 257.7 262.5 257.3 242.6 235 227.1 215.1 206.6 200.4 196.4 187 179.4 170.4 160.9 156.8 153 147.8 141.7 138.7 143.2 146.3 151.8 153.9 154.2 154.5 154 154.6 147.7 140.5 137.6 140.4 143.4 145.9 148.5 151.2 154 156.5 158.6 159.8 159.9 160.4 158.2 157.1 160.4 168.9 178.1 185.5 190.1 198.8 207.2 220.2 230.7 236.9 243.2 250.4 257.7 266.2 275 280.8
319.4 314.8 310.2 305.4 299.8 291.4 282.1 271.2 258.5 244.6 233.8 236.7 235.9 239.2 244.5 249.4 261.1 270.9 276.4 279.3 283.3 279.9 269.2 247.8 237.2 232.5 219.5 211 206.3 197.3 184.6 173.7 167.2 160.7 155 150.8 147.3 138 137.1 139.2 141.7 144.9 146.2 146.6 146.7 146.5 144.1 140 137 139 141.4 144.2 147.1 150.1 154.1 157.7 160.6 161.3 162.3 160.4 158.1 154.7 159.6 167.8 175.2 178.9 184.4 192.2 201 212.1 223.4 230 237.9 246.5 254.2 261 270.7 278.2
318.1 313.8 309.1 304.3 297.6 288.9 278.4 267.9 256.7 244.4 244.2 245.9 249.5 257 264.3 272.3 275.6 279.6 282.9 286.3 287.6 285.3 277.9 259.4 246.6 240 232.4 223.3 213.2 200.7 189.6 179.8 174.1 165.4 157.9 153.8 150 147.1 145.4 140 137.2 137.6 139.8 141 141.2 142.1 140.2 138.5 137.1 137.1 139.1 141.2 145.6 151.4 156.5 159.9 163.6 167 164.4 161.5 158.4 152.4 158.9 167.3 171.2 174.4 178.4 185.3 193.9 205.6 215.5 223.5 232.9 242 250.7 258 267.1 274.8
316.1 311.9 307.7 302 293.3 282.9 273.2 263.4 253.9 252.8 257.5 262.8 269.5 272.8 276.8 279.8 282.7 287.1 289.7 290.4 291.3 288.1 283.6 279.2 268.8 253.8 241.8 229.2 214.6 203.8 192.6 182.3 174.8 167.7 160.8 156.6 153.5 150.4 146.2 144.4 142.6 137.8 135.2 135.8 138.3 139.3 138.8 137.6 136.5 136.1 138.4 141.4 146.3 151.5 156.1 159.9 163 164.9 163.2 162.1 159.1 152 156.2 162.5 166.3 170 173.6 179.3 187.5 198.3 207.5 217.6 230.9 240.6 250.2 256.7 264.5 272.2
314.7 310 304 297.1 287.6 277.6 268.7 268.5 267.4 268.8 271.6 274.9 279.2 283.2 286.8 289.8 292.3 295.8 297.1 298 298.3 294.8 291.1 285.5 281.1 264.5 254.9 240 224.9 211 199.4 187.1 178 171.8 165.4 160.3 156.5 152.4 150.2 147.3 144.6 143.4 134 134.4 136.7 137.9 137.4 136.6 135.6 135.1 137.9 141 145.1 149.9 153.6 156.1 158.8 160 159.9 159.6 158.9 152.1 153.5 159 162.6 166.3 169.8 175.5 182.8 193.8 205.9 222.8 237.2 244.4 250.2 256.1 262.9 270.4
313.1 306.8 298.3 289.9 280.1 283 284.7 284.8 284 283.9 285.4 288.4 291.5 294.9 298.4 301.2 303.5 305.1 305.3 305.9 305.2 301.7 298.2 293.6 287.8 279.8 264.8 247 234.8 221.8 206.5 195.1 183.8 175.4 169.1 163.6 159.1 155.6 153.1 151.7 150.2 147.8 144.4 138.9 135.3 136.1 136 135.1 134.1 134.5 136.4 139.1 141.4 145.1 148.6 151.9 154.4 155.1 155.5 155.4 154.2 147.7 151.1 155.8 159.2 161.6 167.6 174 182.1 192.2 201.9 220.3 237.2 246.3 250.9 254.6 261.1 268.5
313.2 306.8 299.2 295.9 294 295.6 296.4 297.8 298.1 297.9 298.6 300.5 302.9 305.1 307.7 310.2 312.7 314.1 314 313.5 311.9 309.3 305.7 300.7 293.7 284.8 276.7 261.3 243.5 230.5 214.1 199.4 187.3 178 170.4 168.3 165.7 161.7 158.2 156.9 155.5 152.8 148.7 144.4 141.9 136.1 133.8 133.7 133.8 133.8 134.7 135.9 138 140 143.3 146.7 149.2 150.4 150.8 150.9 150.5 145.3 150 152.7 155.2 159.5 166.1 173.4 181.5 190.5 199.6 217.5 236.5 245.6 248.3 252.7 259.3 267.6
312.9 307.7 304.6 303.7 302.5 302.9 304.1 306.4 308.4 309.5 310.7 312 312 314.6 316.1 317.9 319.9 321.4 321.2 320 318 315.5 312.3 306.7 299.2 290.3 281.7 271.4 251.6 234.8 219.3 202.9 188.7 185.6 181.7 177.9 175.1 170.8 166.4 163.1 161.6 158.8 152.3 146.3 146.2 143.9 141.3 134.2 132.9 133.3 133.6 134.5 134.5 136.4 138.3 140.5 143.3 145.7 146.2 146.9 147.6 143.3 147.3 149 151.6 156.3 161.8 171.6 180.2 188.7 197.1 212.8 230.8 239.7 241.8 247 255.2 265.7
315.4 311 310.1 309.6 309.2 309.7 311.8 313.6 314.8 316.5 318.3 319.8 321.1 322.1 323.6 325 327 328.4 327.8 326.3 323.8 321.2 318.5 312.7 304.7 295.8 285.1 275.1 260.8 241.2 226 203.6 197.8 196.2 190.5 186.1 182.2 179.1 175.9 171.3 168.4 160.5 156.4 155.8 151.8 148.1 144.3 141.1 138.8 134.4 132.9 133.9 133.2 133 134.9 137 139.3 141.5 142.7 143 143.3 140.4 143.4 146.5 149.7 155.3 162.8 170.8 177.4 185.8 193.8 204.2 221.3 228.8 234 241.1 250.9 261.6
318.4 317.1 316.4 315.8 315 314.3 315.9 317.5 319.3 322.2 324.6 325.7 326.6 327.6 329.1 330.5 332 332.8 332.5 330.9 328.8 326.3 323.3 318.3 310.2 300.7 290.1 276.9 260.4 239.1 227.5 220.9 212.1 201.7 198.6 194.6 191.3 188.4 183.3 178.2 173.8 167.8 165.1 162.2 159.6 155.1 149.3 146.6 144.4 140.8 134.8 132 132.3 131.8 132.3 134.1 136.1 137.5 139.1 139.9 139.5 137.2 139.9 143.4 148.7 153.7 160.7 167.5 174.1 182.5 189.8 196.9 208.3 217.7 224.7 233.6 244.2 255.8
323.8 323.3 322.6 321.5 320.2 319.8 320.1 321.4 324 327.1 329 330.1 331.1 332 333.1 334.1 335.2 335.5 335.5 334 332.3 329.1 326 321.4 314.7 305.8 295.2 279.9 263.3 244.6 239.8 228.6 224.3 210.1 205.8 202.6 199.1 195.5 190.1 185.2 181.2 176.7 172 169 166.5 161.2 156.1 152.4 149.2 145.6 139.8 135.2 129.6 130.6 131.2 131.9 133.8 135.1 136 137 135.7 144.9 143.8 143.9 146.6 150.2 156.8 164.7 171.5 179.4 185.1 193.4 200.5 209.3 218.3 227.5 237.6 249
329.8 329.3 328.1 326.8 325.6 325.3 324.9 326.5 328.8 330.7 332.5 333.3 334.1 334.7 335.7 336.8 337.5 337.5 336.9 335.8 334.1 331.2 328 324.5 318.7 311.3 301.8 287.4 272.1 250.9 245.4 232.7 228.3 226.1 213.7 209.3 205.5 202.1 199 193 189.8 185.8 179.7 175.9 171.9 167.5 162.5 158.6 155.7 149.9 146.7 142 130.9 130.4 130.6 131.1 131.6 132.9 133.5 133.2 145.7 144.5 144.3 145.7 148.1 151.5 156.2 162.3 169.2 175.8 182.4 190.6 195.2 202 211.2 220.4 231.2 242.3
335.3 333.9 332.5 331.4 330.2 329.9 329.3 331.1 332.4 334.1 335.2 336.2 337 337.7 338.4 339.2 339.3 338.9 338.2 337.5 335.8 333.1 329.8 326.4 322.6 316.5 310.6 295.4 275.6 266.3 250.7 251.1 235.1 234.9 226.1 215.5 214.2 212.7 207.2 203.9 199 195.2 189 183.2 178.9 174.4 168.7 163.3 160.5 158.5 155.1 150.7 140.2 132.8 129.4 129.2 130.3 131.3 129.9 132.2 139.7 141.8 145 147.8 150.4 152.7 157 161.2 167.4 172.2 178.8 184.2 189.8 196.6 204.2 214.8 224 233.9
338.6 337.6 336.6 335.7 334.4 333.5 333.6 334.9 336.1 336.9 338 338.9 339.8 340.7 341 340.6 340.1 339.6 338.8 338 336.9 334.7 331.5 328.1 324.7 321.1 316.2 302.7 288.8 271.8 255.6 252.4 247.9 241.5 237.2 231.2 231 232.7 229.4 221.9 212 205 198.9 191.5 185.4 180.3 174.2 169.8 167.1 164.3 160.8 156.1 150.4 143.3 135.3 128 128.2 128.9 127.9 130.9 135.4 139.5 143.6 147.6 149.8 152.6 156.9 160.5 164.5 169.1 174.3 179.9 187.1 192.5 196.6 208 217.3 227.3
340.6 339.3 338.5 338 337.8 337.5 337.6 338 338.3 339 340.3 340.4 340.9 341.4 341.4 341.2 340.7 340.2 339.2 338.3 337.4 336.1 333.1 329.7 327 324.6 319.9 316.2 308.6 288.1 264.4 255.1 253.1 247.7 240.8 236.2 233.3 232.7 231.3 224.4 219.6 215 209.1 201.8 195.3 187.3 180.8 177 172 168.4 163.7 159.1 152.9 146.2 139.2 133.9 130.4 128.8 127.6 128.6 131.9 136.2 141 146 149.2 152.5 155.4 158.4 162.8 166.5 169.7 176.8 182.3 187.2 192.4 201.6 211.3 221.5
342 341.1 340.5 339.9 339.7 339.5 339.7 340.1 340.4 340.6 340.7 340.1 340.6 341 341.1 341.1 341 340.6 339.7 338.7 337.8 336.7 334.9 332.3 329.9 327.4 323.8 319.3 314.5 305.2 283.6 272.4 265.5 258.1 252.1 246.6 236.5 235.1 235 236.6 233.7 231.2 227.5 221 213.5 202.3 191.7 183.4 177.1 172.2 166.1 160.1 154 148 142.3 136.8 131.3 128.9 127.4 126.4 128.1 132.7 138.5 143.3 147 150.2 153.1 156.6 160.5 163.3 166.7 171.2 177.1 182.6 188.6 196.5 206.2 216.3
343.6 343.1 342.5 341.9 341.6 341.5 341.7 341.6 341.3 341 341 340.2 340.2 340.6 340.7 340.7 340.7 340.5 339.8 339.1 338.2 336.9 335.3 333.5 331.5 328.7 326 321.5 317.1 312.8 308 301.3 290.7 289.4 281.9 274 267.2 263.1 261.3 262.9 262.6 261.7 255.1 247.3 236.9 219.2 203.1 191.2 183.4 175.3 169.4 161 155 149.1 143.3 138.3 133 129.5 127.7 126.9 125.7 130.8 136 140.5 144 147.1 150.5 153.8 157.2 160.4 163.8 168.4 173.4 179.2 184.7 191.9 201.1 211.3
343.6 343.6 343.6 343.6 343.4 342.8 342.4 342.2 341.9 341.6 341.3 340.4 339.9 340.2 340.3 340.4 340.3 340.1 339.4 338.8 337.7 336.8 335.2 333.6 332 329.6 327.1 323.6 320.1 316.8 315.6 313.2 310.3 308 304.6 301.7 297.8 292 290.9 285.6 281.8 279 270.1 263.5 252.1 237.1 218.3 202.9 191 180.1 172.5 163.2 155.8 149.8 144.7 139.6 134 129.3 128.1 127 125.7 129.9 134.1 137.6 141.1 144.3 147.4 151 154.1 157.2 160.6 165.2 169.4 175.2 180.8 187.2 196.2 206.2
343.5 343.5 343.6 343.8 343.7 343 342.6 342.5 342.3 342.1 341.6 340.7 339.8 339.9 339.9 340 339.9 339.7 339 337.9 336.9 335.9 335 333.6 332 330.3 327.9 326.1 323.4 321.4 320.4 318.9 317.3 314.9 313.4 312 308.5 304.3 300 296.1 290.8 284.6 277.6 268.7 259.9 246.1 231.4 212.7 197.8 188.5 175.8 164.7 156.6 150.9 145.1 139.9 134.7 129.4 125.9 124.7 126.8 128.5 131.8 135.2 138.6 141 144.6 148.1 151 153.9 157 161.2 165.8 170.2 173 182 191.3 202.4
343.7 344 344 343.9 343.7 343.2 342.8 342.6 342.5 342.1 341.3 340.6 339.8 339.7 339.9 339 338.2 338.7 338.2 337.1 335.9 334.7 333.9 333.3 332.1 330.5 329 327.8 326.8 325.6 324.4 323.1 322.7 320.8 319.2 317.8 315 311.2 306.8 301 294.3 287.3 279.6 270.6 261.1 248 231.6 213 198.4 191.6 178 165.2 157.3 150.7 145 140 135.7 130.7 124 125.8 126.7 127.5 129.6 133.1 135.8 138.5 142 144.7 147.5 150.3 153.1 156.2 159.7 161.7 169 178.1 188.7 199.7
344.3 344.3 344.1 344 343.8 343.4 343 342.8 342.7 341.7 340.9 340.2 339.6 339.7 338.5 337.4 336.4 336.5 336.2 335.5 334.8 333.6 332.9 332.2 331.6 331.4 330.3 329.3 328.7 328.2 327.4 326.2 325.5 324.4 323.2 321.1 318 314.3 310.3 304.5 297.6 290.4 280.8 270.7 260.5 249.1 238.4 219.4 200.2 191 178.2 166.4 157.7 150.7 145.3 141.7 137 129.4 123.2 125.2 126 126.9 128.4 130.8 133.6 136.3 139.6 141.5 143.5 146 148.7 151.5 157.8 162.5 168.8 176.7 186 196.4
344.5 344.4 344.2 344 343.8 343.6 343.2 343 342.3 341.3 340.6 339.9 339.1 337.9 336.8 335.8 334.7 334.2 334.2 333.5 333 332.6 332.1 331.7 331.4 331.7 331.9 331.2 330.6 330 329.7 329.2 328.1 326.8 325.5 324 320.9 317.4 313.5 307.9 300.5 293.2 282.8 272.9 262.6 251.6 240.8 223.2 204.1 192.9 180.6 168.8 159.2 151.9 146.2 139 139.5 130.7 123.4 124.6 125.5 126.2 128.1 128.9 131.5 134.2 136.5 138.4 140.4 142.4 146 149.7 153.6 158.2 164 172.4 181.1 192
344.6 344.5 344.3 344.1 343.9 343.7 343.4 342.8 341.9 340.9 340.2 338.7 337.4 336.2 335.2 334.1 333.1 332 332.1 331.5 331 331.6 331.7 331.2 331.4 331.7 332.2 332.7 332.5 331.9 331.5 331 329.2 327.7 326.4 324.7 322 318.8 315 310.6 304.2 296.2 287.3 276.8 266.6 254.3 240.9 225.9 207.6 193.6 182.7 172.4 162.8 153.3 148.2 144.7 142.1 138.4 123.9 124.4 124.9 126 127.5 127.2 129.6 131.5 133.2 135.5 137.7 139.9 141.8 145.5 149.4 153.6 159.2 167.7 176.7 186.9
345.2 344.5 344.3 344.2 344 343.8 343.4 342.4 341.4 340.1 338.5 337 335.7 334.6 333.6 332.5 331.5 330.4 330 329.5 329.5 330.3 331.1 330.9 331.4 331.8 332.3 332.9 333.4 333.8 333.3 331.9 330.2 328.6 327.2 325.3 323.1 319.8 316.3 311.8 307.5 300.8 291.4 280.8 269 256.6 241.7 223.5 205.1 194.2 187.2 177.5 168 157.4 152.5 148.5 145.5 140.9 137.4 126.7 122.1 125.3 126.2 125.9 126.9 128.2 130 132 134.3 136.5 139 141.3 145.1 149.3 154.5 163 172.2 183.5
343.9 343.7 343.5 343.3 343.1 343 342.6 341.5 340.3 338.3 336.7 335 334.2 333.1 332 330.9 329.8 328.8 327.8 327.8 327.9 328.9 329.7 330.4 330.9 331.7 332.5 333 333.6 334.2 334.3 332.5 330.9 329.5 327.7 325.8 323.9 320.8 317.5 312.7 309.2 306.4 296.6 285.9 273.3 256.8 239.5 220.8 208.4 201.3 189.8 182.7 170.5 162.1 157 152.6 148.6 145 140.1 135.7 132.4 122.7 122.8 122.7 124.1 124.7 126.6 128.8 131 133.1 135.4 137.9 140.9 145.2 150.5 157.2 168 180.1
341.6 342.5 342.3 342.1 342 341.9 341.6 340.3 338.3 336.3 334.4 332.7 332 331.8 330.7 329.6 328.5 327.3 325.7 326.2 326.4 327 328.2 329 329.7 330.4 331.4 332.6 333.8 334.4 333.7 332 330.7 328.9 327 325.1 323.2 320.8 317.4 312.8 309.7 310 301.4 291.1 278.9 261.7 243.3 224.9 216.1 205.4 192.6 188.1 176.3 168.9 161.4 156.7 155.6 154.3 143.4 138.1 134.3 132.2 121.7 122.8 122.5 121.6 122.6 124.9 127.2 129.8 131.8 134.3 136.9 141.3 145.8 151.9 163.9 174.8
338.2 339.1 339.9 340.7 340.8 340.3 339.5 338.3 336.3 334.4 332.4 330.4 329.7 330 329.4 328.3 326.9 325.5 323.8 323.8 324.4 324.9 325.7 326.8 328 329.2 330 331.2 332.2 332.8 332.1 331.3 329.7 328.3 326.3 324.4 322.5 320.4 317.2 313.4 310 310.1 303.7 294 285.8 270.8 250 236.1 223.6 210.1 196.9 191.1 188.2 178.9 168.9 163.3 159.9 152.2 145 140.5 137.3 132.4 130.2 120.3 120.9 119.6 119.7 120.5 122 124.2 127.5 130.5 133.4 136.9 141.2 147.4 158 169.6
335.3 336 336.8 337.7 338.5 337.4 336.5 335.7 334.3 332.3 330.3 328.3 327.3 327.7 327.8 326.5 325.1 323.5 321.9 321.5 322.1 322.3 323.1 324.1 325.3 326.6 327.9 329.2 330.2 330.7 330.5 329.8 328.7 327.2 325.7 323.8 321.8 319.8 317.5 314.2 310.7 310.5 307.5 298.2 291.2 279.7 262.7 247 237.6 222.8 208.3 198.6 194.3 187.8 179 170.7 159.7 153.3 149.1 144.4 139.9 134.9 130.6 120 120.2 118.5 117 117.8 118.1 119.1 122.6 125.6 129.1 132.3 136.3 142.6 150 162.5
