app/static/ascii/SE86.asc
ncols 200
nrows 200
xllcorner 480000
yllcorner 460000
cellsize 50
[rows 35 to 69 of 200, columns 0 to 78 of 200]
58.7 59.3 60.8 62.4 64.8 67.8 71 73.4 77 81 84.5 84.5 87.2 86.8 85.9 88.1 88.9 88.8 88.8 88.2 87.4 86.4 85.7 84.7 83.8 82.7 81.7 80.7 79.4 78.1 76.2 74 72.9 74.9 75.5 75.5 75.4 74.9 74.1 73.1 71.8 69.4 69.3 71.1 71.3 71.6 72 72.1 72.2 72.4 72.7 73.1 73.6 73.7 74 74 74.6 75.9 76.4 76.8 76.5 76.2 75.8 74.9 73.3 72.5 71.2 69.8 68.4 64.8 59.5 59.6 58.1 55 55.4 54 53.8 54 54
54.5 55.1 55.7 57.6 58.9 61.1 62.1 63 65 68 71.4 73.5 76 76.9 77.6 80.4 82.8 85.4 86.2 86.3 85.7 84.7 84.3 83.7 82.8 81.5 80.8 79.6 78.7 77.7 76.3 76.3 75.8 76.1 77.1 77.4 77.4 76.9 76.5 75.5 74.1 71.3 72.6 74.2 74.5 74.9 75.2 75.5 75.8 76.1 75.8 76.5 76.9 77 77 76.9 77.3 78.1 78.5 78.6 78.2 77.7 76.5 76.2 74.4 73.1 71.4 69.5 67.2 64.9 63.8 64.3 60.9 59.2 59.1 57.2 56.3 56.3 55.7
51.7 52 52.4 53.9 55.6 56.8 57.6 58.4 59.2 60.7 62.6 63.5 64.6 66.2 67.8 69.4 72.1 74.7 78.1 81.1 82.6 81.4 82.3 82 81.7 80.4 79.8 79.2 79 78.8 78.7 78.7 78 78.1 78.7 79 79.2 79 78.5 77.8 76.7 73.1 75.4 76.6 76.8 77.2 77.7 78.2 78.5 78.8 79.1 79.3 79.5 79.8 79.7 79.5 79.7 80.4 80.6 80.3 79.9 79.2 77.9 76.7 75.4 74.2 72.5 70.8 68.9 67.7 66.5 65.6 63.5 62.8 61.6 60.2 60.2 59.1 58.5
49.7 49.8 50.6 51.9 52.8 53.8 54.4 55.3 55.6 56.3 57.4 58.6 59.1 59.8 60.4 61.3 62.8 64 66 68.6 71 73.3 76 78.7 79.5 79.5 79.3 78.9 79.2 80.5 80.5 80.4 80 79.9 80.1 80.5 81 80.6 80.3 79.7 78.6 75.8 78.1 78.7 79 79.4 80 80.4 80.8 81.1 81.4 81.6 81.9 82.1 82 82.2 82.4 82.6 82.5 82.1 81.6 80.6 79.4 78.3 77.2 75.5 73.7 72.4 70.9 69.7 68.5 67.2 66.2 64.9 63.2 62.1 61.7 60.8 59.9
47.1 47.6 48.7 49.7 50.7 51.8 52.3 53 52.7 53.1 54.2 55.3 55.6 55.9 56.7 57 57.6 58.4 59.1 60.2 62.6 65.1 68 70.8 72.8 74.4 76.5 77.3 78.2 80.8 81.2 81.4 81.6 81.4 81.6 81.9 82.4 82.2 81.8 81.4 80.2 77.9 80.1 80.7 81.1 81.6 82.2 82.4 82.7 82.9 83.2 83.7 84 84.5 84.5 84.6 84.6 84.5 84.3 83.7 83.1 82 80.7 79.4 78.2 77 75.5 73.9 72.8 71.4 70.1 69.3 68.2 66.5 65.2 64.5 64 63 62
45.4 46.1 46.8 47.1 48.7 49.8 50 50.1 50.9 50.9 51.9 52.1 53 53.3 54 54.6 54.7 55.2 56.5 57.6 59.4 60.4 61.6 64.9 67 68.5 70.9 73.3 75.9 78 78.9 79.6 80.4 82 82.6 82.9 83.3 83.7 83.3 82.9 81.5 80.2 81.2 82 82.7 83.5 84.1 84.4 84.6 84.8 85 85.8 86.1 86.3 86.6 86.6 86.5 86.3 85.9 85.3 84.7 83.5 82.1 80.8 79.5 78.3 76.8 75.4 74.6 73.2 72 71.6 69.8 68.4 67.7 66.9 66.2 65.2 64.2
45.7 46.1 46.5 46.5 47 47.4 47.7 48.5 48.6 49.2 49.8 50.3 50.8 51.4 51.7 52.4 53.1 53.8 54.8 56.1 56.5 57.1 58.3 60.3 61.4 63.1 65.4 68.7 71.7 74.5 75.7 76.3 76.7 78.2 80 81.8 83.4 83.2 83.1 83.9 82.5 81.5 81.7 83.2 84.3 84.7 85.4 85.9 86.2 86.6 86.8 87.6 88 88.5 88.5 88.4 88.2 88 87.5 86.9 86.2 84.9 83.6 82.2 80.9 79.8 78.7 77.1 76.3 75.7 74.8 73.3 71.6 70.8 70.1 69.4 68.4 67.4 66.4
46.8 47.1 47.6 47.3 47.3 47.2 48.8 49.1 49.7 49.8 49.7 49.9 50 50.3 50.9 51.4 51.9 52.4 53 54 54.5 55.4 56.4 57.5 58.7 59.7 61.1 64.1 66.9 70 71.6 72.6 72.9 73.5 74.7 76 77.8 79.7 81 82.2 82.8 82.7 82.4 83.5 85 86.1 86.4 86.8 87.1 87.6 88.2 89 89.5 89.8 89.9 90 89.9 89.6 88.9 88.1 87.3 86.5 85.4 84.2 82.9 81.9 80.2 78.9 78 77.3 76 75 74.3 73.9 72.5 71.4 70.5 69.7 68.9
48.9 48.2 48.6 48.4 48.2 48.5 49.1 50.1 50.7 50.7 50.6 50.3 50.5 50.8 51.2 51.6 51.9 52.2 52.6 53.4 53.9 54.2 55.1 55.6 56.6 57.2 58.8 60.6 62.8 64.5 66.4 67.8 68.1 68.7 69.6 70.6 72.2 74.2 76.1 77.4 78.4 79.2 80.3 81.4 83.2 85.5 86.6 86.5 88 88.4 89.4 89.8 90.4 90.7 91 91.2 90.9 90.7 90.3 89.3 88.5 87.9 86.8 85.7 84.6 83.5 81.7 80.8 79.9 79.3 77.7 76.3 76.3 75.8 74.3 73.1 72.2 71.4 70.5
50.6 49.7 49.6 49.9 49.5 49.4 49.9 50.9 52.1 52.5 52.2 52 52.1 52.1 52.3 52.6 52.8 53.2 53.5 53.9 54.1 54.4 54.6 55.4 56 56.6 57.4 58.9 60.9 62.1 63.4 64.5 65.6 65.7 66.2 66.8 67.5 68.9 70.4 71.9 73.4 74.5 75 76.5 77.6 79.2 81.4 81.7 83.6 85.9 89.2 90 90.9 91.5 92 92.4 92.3 91.8 91.6 90.7 89.9 89.2 88.2 87 85.8 84.6 83.3 82.2 81.2 80.2 78.8 78.4 78.1 77.2 75.8 74.9 73.7 72.7 71.9
51.4 51 50.9 51.4 51.3 51.3 51.2 52.4 53.6 54 54.2 54.2 54.1 54.1 54.3 53.7 54.1 54.4 54.8 55 55.2 55.4 55.7 56.1 56.6 57 57.6 58.9 60 60.7 61.8 63.3 64.4 65 65.2 65 65 65.7 66.6 67.3 68.1 69.1 69.8 69.4 70.3 71.7 73.3 75.2 77.7 80 83.3 86 88.2 89.5 90.9 91.8 92.5 92.8 92.8 92.3 91.7 90.9 89.7 88.9 87.6 86.5 85 83.7 82.6 81.1 80.2 79.8 79.2 78.3 77.4 76.4 75.4 73.8 72.7
52.4 52.5 52.6 53 53.1 52.7 53.2 54.2 55.2 55 55.3 55.5 55.9 56.3 56.4 56.2 56.3 56.7 56.9 56.9 56.8 56.9 57.2 57.5 57.9 58.3 58.8 59.7 60 61.1 61.9 62.8 62.8 63.5 63.2 63.4 63.5 63.7 63.9 63.8 64.1 64.5 65 65.1 65.7 66 67.6 69.3 71.5 72.8 74.9 77.4 79.8 83.4 86.7 89 90.6 90.8 91.3 91.3 91.3 90.6 90.3 89.2 85.7 87.8 86.4 84.9 83.4 82.1 81.5 80.8 80.2 79.1 78 76.5 75.3 73.8 70.5
52.9 53.5 53.9 54.5 54.6 54.6 54.4 55.1 55.6 56.1 56.7 56.6 57.6 58.2 58.2 58.6 58.8 59 59.1 59.1 59.1 59.1 59.4 59.3 59.5 59.7 60.1 60.7 60.9 61.3 61.9 62.9 63.3 63.1 62.8 62.7 63.1 63.1 62.7 62.3 62.2 62 62.3 62.7 63.3 63.8 64.7 65.6 66.9 67.9 69.9 71.2 73.7 78.8 84.4 88.4 90.2 90.8 91.1 90.7 90.1 89.5 89.2 88.5 86.6 86.9 85.8 84.7 83.3 82.7 82.6 81.7 80.5 79.2 77.9 76.8 75.5 73.3 71.5
53.3 53.7 54.9 55.1 55.7 56.2 56.3 56.8 57.6 57.8 57.8 58.4 59.6 60.1 60.1 60.4 60.5 60.5 60.8 61.2 61.3 61.5 61.6 61.4 61.3 61.1 61.1 61.9 61.9 62.1 62.6 63.2 63.3 63.1 62.3 62.7 62.8 62.5 62.1 61.5 60.9 60.9 61.1 61.4 62 62.5 62.9 63.7 64.7 65.7 67 68.6 70 74.6 82.3 87.7 89.6 90.8 91.6 91.1 90.5 89.5 88.1 86.8 85.6 84.8 83.9 83.5 82.2 81.7 80.9 80.4 79.7 78.8 77.6 76 74.5 72.6 70.4
53.6 54.3 55.2 55.6 56.2 56.9 58.1 59 59.7 60.7 61.5 62.1 62 62.5 62.8 62.9 62.8 62.9 62.4 62.6 62.8 62.7 62.4 62.6 62.4 61.8 61.7 62.4 62.7 63.2 62.9 63.5 63.2 62.9 61.5 61.2 61.8 60.6 59.9 60 59.8 60.1 60.2 60.4 60.9 61.2 62.1 62.9 63.7 64.5 65.4 66.7 67.6 70.6 76.8 84.3 88 89.7 90.3 90.5 89.9 89 87.5 86.2 84.9 83.5 82.1 81 80.3 79.2 78.6 77.7 76.7 75.8 74.9 73.3 71.3 70.1 69.2
54.1 54.8 55.2 55.6 56.3 57.1 58.4 59.2 60.4 61.4 62.6 63.2 63.7 63.8 63.9 64.2 64.5 64.5 63.9 63.4 63.3 63.2 62.5 62 61.7 61.3 61.7 62 62.8 63.1 63.3 63.2 62.9 61.5 60.1 60.7 60.5 59.3 59.7 60.4 60.6 60.9 60.4 60.5 60.9 61.2 61.5 62.3 63 63.7 64.3 65.1 65.9 67.6 70.2 74.7 79.9 85.1 87.2 87.7 88.1 87.3 87 85.9 84.3 83 82 80.9 79.7 78.8 77.8 76.6 75.6 74.2 72.9 71.8 71.9 71.4 70.3
53.3 54.3 55 54.9 55.8 56.6 58 59.1 60 61.4 61.9 62.8 64 64.5 64.9 65 65.2 65 64.5 64.1 63.2 62.4 61.6 60.9 60.1 59.5 59.4 60.1 61.1 61.7 62.4 61.9 59.5 58.1 58.7 59.8 59 60 61.8 62.5 62.4 62.6 61.7 61.1 60.8 61.4 61.4 61.9 62.5 63.1 63.5 64.1 64.8 65.9 66.7 68.6 71.6 74.2 77.5 80.3 81.8 83.3 84.4 84.3 84.3 83.3 82 81.3 80.4 79.5 78.6 77.9 76.8 75 73.4 72.5 74.1 73.4 72.5
52 53.2 54.3 55.4 56.2 57.3 58.5 58.3 58.6 57.6 57.8 58.2 58.8 60.2 61.8 62.4 62.5 62.7 62.4 61.7 60.5 58.9 58.3 58 57.3 56.9 56.8 58.8 60 61 60.2 58.6 57.4 57.9 58.9 58.5 59.7 61.9 63.6 64.3 64.2 63.7 62.9 62 61.2 61.7 61.4 61.8 62.2 62.9 63.3 63.4 63.8 64.5 65.2 66.3 67.2 69.2 70.7 72.4 74.7 77 80.2 82.7 83.4 83.3 82.8 82.4 81.6 80.8 80.3 79 77.1 75.7 74 73.5 73.8 74.1 74.7
46.8 49 51.5 53 54.4 54.5 54.6 53.7 52 49.8 48.6 48.7 49.5 50.7 52.2 53.5 54.5 55.1 55.3 54.6 54.5 53.5 53.5 53.8 53.4 53.3 54.2 56.1 57 57 56.1 56.3 59.3 60.9 61.5 61.2 61.7 62.6 63.8 64.7 64.7 64.2 63.4 62.9 62 61.7 61.8 62.1 62.5 63 63.7 64.1 64.6 65.2 65.7 65.6 66.2 67.3 68.4 69.6 70.6 72.9 76.3 80.6 82.9 82.9 82.5 82.3 82.2 81.4 80.5 78.9 76.8 75.1 75.5 75.6 75.3 75.3 76.3
44 44.9 46.2 47.2 48.7 47.7 46.6 45.1 43.9 42.5 42.6 42.8 43.3 44.3 45 46.1 47.1 47.8 48.1 48.6 48.8 49.3 49.5 50.1 50.5 50.9 52.4 52.5 53.3 53.9 56 58 60.3 61.7 62.4 63.4 64 64.3 65.2 65.9 66.2 65.3 64.3 63.4 63 62.3 62 62.4 62.9 63.5 64 64.8 65.3 65.7 66.1 66.1 66.4 67.1 67.8 68.9 69.7 71.6 74 78.4 81.8 82.5 82.1 81.8 81.5 80.4 79.8 77.6 76.3 76.2 78.2 78.5 78 77.8 77.7
44.2 43.3 42.3 43.2 42 41.6 41.3 41 40.4 40.5 40.3 40.8 41.9 42.4 42.7 43.4 44 44.4 45.5 46.6 47.2 47.8 48.7 49.5 50.4 51.4 52.5 54 55.2 57.1 58.4 59.3 60.4 61.6 62.7 64 65.3 65.9 66.1 66.7 66.9 66.4 65.6 64.7 63.9 64.1 63.5 63.4 63.4 63.7 64.1 65 65.6 65.9 66.3 66.6 66.8 67.5 68.3 69.1 70.4 71.9 74.2 78.1 80.8 81.7 81.4 81.1 80.3 79.4 78.6 77.5 76.7 77 78.8 79.6 79.4 79.1 78.9
45.6 43.7 41.7 39.4 38.6 38.7 39.5 39.5 39.1 40.8 42.3 42.7 42.4 42.6 43.1 43.7 43.7 43.7 44.1 45.1 46.5 47.9 49 50 50.7 52 53.4 55.2 56.4 58.3 59.6 60.4 61.1 62.1 63.3 64.6 65.9 67.3 67.7 67.5 67.1 66.9 66.8 65.9 65.6 65 64.5 64.6 64.7 64.8 64.8 65.1 65.5 65.9 66.2 66.6 67 67.8 68.8 69.8 71.1 73.9 76.6 78.7 80.5 80.7 80.4 80.2 79.7 79 78.3 78.2 77.5 77.1 77.7 77.8 78.2 78.2 77.8
42.4 39.6 38.3 37.9 38 38.2 38.4 38.8 39.4 41.7 43.3 43.7 44.1 44.1 45.1 46.8 46 45.2 45.1 45.4 46.5 47.6 48.7 49.3 49.9 51.6 53.3 54.3 55.8 58.3 59.6 60.2 61.2 62.4 63.4 64.7 65.9 67.1 67.6 67.9 67.5 67.4 67.1 66.7 66.9 66.6 66.4 66.3 66.1 66.1 66.1 66.3 66.1 66 66.2 66.6 67.7 68.8 70 71.6 73.2 75.9 79.4 80.4 80 79.8 79.5 79.3 79.1 79.3 79.1 78.8 77.8 77.2 76.6 76.2 76 75.5 75.1
37 37 37.5 37.6 37.8 38.1 38.5 38.3 39.3 40.4 42.3 43.5 44 44.7 46.2 47.8 46.8 46.7 46.4 46.5 46.9 47.6 47.7 48.4 49.1 51.4 53.4 54.3 55.7 58 59.1 59.8 61.2 62.2 63.3 64.8 65.9 66.8 67.1 67.5 67.8 68.2 68.3 68.1 67.9 68.3 68.4 68.4 68.1 68.2 68 68 67.5 67.2 67.2 68 69.2 70.6 72.2 73.8 75.9 77.9 79.5 79.8 79.1 78.8 78.6 78.4 78.5 79.4 79.4 78.8 77.6 77 76.5 76.2 75 74.1 73.1
36.9 37.1 37.3 38.6 38.7 39 39.1 40.1 40.2 39.6 40.6 42.2 43.8 44.8 46 47.1 46.8 47.2 47.2 47.3 46.8 46.6 46.5 47.3 48.3 50.4 53.2 54.5 55.1 56.6 57.8 58.2 58.6 60.3 61.7 63.4 65 67 67.7 68 68 69 69.5 69.6 70 71.1 71.5 71.1 70.8 70.9 71.1 70.5 69.4 69.1 69.6 70.7 72.2 74.1 75.3 77.4 79.3 79 79.1 78.3 78 77.5 77.8 78.3 78.8 79.7 79.5 79 77.5 77.1 76.8 75.9 74.8 73.8 73.6
36.4 37.1 37.7 39.7 39.9 40.1 41.6 42.3 40.2 40 40.1 40.4 41.1 42.7 43 44.8 46.6 47.2 47.4 46.7 45.8 45.5 45.7 46.8 47.7 49.8 52.4 54.6 54.4 55.5 55.6 56 55.9 56.4 57.2 58.4 60.4 63.2 66.1 67.4 69.1 69.8 70.4 70.6 72 72.4 72.9 72.8 72.6 73.3 73.1 72.4 71.9 72.1 73 74.3 76 78.1 79.5 80.8 80.5 79.5 77.9 76.9 76.6 77.4 78.2 78.6 79.3 80 80 79.2 78.3 77.7 77.2 76.4 75.6 75.1 75.3
37.2 37.8 38.4 40 41.7 42.6 43.2 43.9 41.5 40.6 40.6 40.8 41 41.3 41.6 42 43.9 46.4 46.5 45.2 44.9 45.3 45.9 47.1 49.1 51.1 52.9 54.6 54.1 54.7 54.7 54.2 53.9 53.9 54.2 55.4 56.6 59 60.9 63.9 65.7 67.7 68.4 68.3 69 69.1 69.4 70.4 71.1 71 70.9 71.3 73.1 75.2 77.6 79 80.7 81.1 81.1 80.2 78.6 77.8 76 76.3 77 78.4 79.4 80.1 81 80.7 81.1 80.8 80.2 79.1 78.3 77.3 77.9 77.8 77.4
38.4 38.8 39.4 40.5 42.1 42.9 42.9 43.3 43 41.5 41.5 41.5 41.5 41.7 41.9 42.4 43 43.3 44.4 44.4 45 45.9 47 48.7 50.4 52 53.2 54 54.4 53.8 54 53.5 52.9 53 53.3 53.9 54.8 55.8 56.9 58.2 59.3 60.2 61 62.4 63.5 64.1 64.7 65 64.7 64.6 65.1 67 69.4 73.2 76.9 79.3 80.4 79.9 76.6 74.7 73.8 73.4 75.8 77.9 79.2 82.1 83.2 82 82.9 82.6 82.6 82.9 82.7 81.4 81 80.4 81.1 80.7 80.9
38.3 39 39.5 41.1 42.5 43.3 43.4 43.7 44 43.5 41.8 41.8 42.1 42 42.3 42.9 43.4 43 43.4 44.2 45.9 47.2 48.2 49.6 51.1 51.9 52.5 53.1 53.3 52.8 52.7 52.5 52.3 52.3 52.3 52.5 53.3 54.1 55.1 55.3 55.9 55.9 57.3 59.3 61.9 61.5 61.7 61.4 61 61.4 62 63.7 65.6 69.2 71.7 71.8 71.6 71.3 69.8 69.5 71.4 74.3 76.5 80.4 82 83.9 85.6 84.7 85.3 85.1 85.4 86 85.2 84.1 83.6 83.8 84.3 84 83.5
37.1 38.5 39.5 41.2 42.5 43.5 43.8 44.1 44.3 44.5 44.9 44.4 43.2 43.2 42.9 43.3 43.6 43.1 43.5 44.5 45.5 47.1 48.4 49.2 50.8 52.5 53.1 53.5 53 52.8 52.8 52.6 52.6 52.3 51.8 50.9 51.5 52.2 52.8 53.3 54.5 55.2 57.1 58.2 58.5 59 58.9 58.6 58.4 59 59.8 61 61.9 63.4 65.9 66.6 65.9 67.3 68.5 72.9 75.4 78 80.9 82.5 84.8 86.2 87.2 87.4 88.2 88.4 88.6 88.5 87.5 86.5 86.2 86.3 86.5 86.2 85.4
37.1 37.4 39.3 41 42.4 43.5 44.1 44.5 44.8 45.2 45.5 45.8 45.9 46.1 45.8 44.1 43.6 44.1 43.6 44 45.2 46.8 47.9 48.7 50.1 52.3 53.7 54.2 53.8 54.1 54.1 54.6 54.3 54.2 53.1 50.7 50.5 50.8 51.2 51.7 52.8 54.2 54.8 55.5 55.6 56.4 57.5 57.4 58.2 60.7 62 63.2 63.8 64 63.7 65.2 68 71.2 73 75.4 78.6 82.2 85.8 86.5 88.5 90 90 90.2 90.3 90.5 90.7 90.3 89.5 88.8 89.2 89.3 89.3 88.2 87.6
37.2 37.4 38.1 39.9 41.9 43.3 44 44.6 45.2 45.6 45.7 45.8 46 46.5 47.7 48.2 48.3 47.6 44.9 44.5 44.6 46.4 46.7 47.7 48.5 50 51.1 51.7 51.1 51.9 52 52.2 51.8 50.8 50.1 50.4 51.3 51.4 51.3 51.6 52.1 52.6 53.2 54.2 54 54.7 55.6 57.7 59.3 60.8 63.1 64.7 66.1 67.8 68.2 67.5 70.3 72.9 76 80 83.1 86.8 90.4 91.8 94 93.9 93.8 93.6 93.1 93.5 94.1 93.6 94.5 96 96.2 95.1 93.2 91.9 90.2
37.6 37.6 37.6 38.7 40.6 41.9 43 44 44.3 45 44.4 43.6 43.6 44.4 47.1 49.7 50.1 49.9 49.1 47.3 45.5 45.6 45.4 46.1 46.8 47.7 48.2 47.6 48.4 48.7 48.6 49.1 49.9 49.2 50 51.2 52 52.8 52.8 53.2 52.6 52.4 52.8 53.9 53.7 54.4 55.1 57.2 59.1 61.5 63.8 65.9 67.8 68.8 69.8 70.9 73.7 76.6 79.7 85.3 89.1 92.7 97 97.6 100.1 99.8 98.3 97.8 97.7 98.4 99.2 98 100.6 102 102.7 101.9 100.2 97.3 95.1
39 38 37.9 38.1 38.7 40.1 40.4 41.6 43 43.6 42.7 41.9 42.2 43.5 46.6 49.2 51 51.6 51.2 50.4 49.1 45 45.8 46.1 46.4 46.6 47 47.6 47.6 48.1 49 48.4 50.4 51.3 52 52.8 53.5 54.1 54.5 54.8 55.1 54.1 54.1 53.8 53.9 53.6 54.7 56.7 60 62.5 64.6 67 68.5 69.8 72.2 74.3 77.8 82.4 86 89.6 94.6 98.7 103 103.6 106.3 105.4 103.6 102.9 103.5 105.1 105.8 104.6 105.1 107.9 108.1 108 105.9 103.5 103
40.4 38.5 38.3 39.2 40.2 40.5 40.9 40.5 41.1 41.8 41.7 41.9 42.2 43.6 45.5 47.1 49.5 51.7 52.2 52.4 51.4 50 47.8 46.5 46.7 46.8 47.4 47.8 48.3 49.6 49.8 50.6 50.5 52.5 53.4 54.3 55 55.3 55.6 55.9 56.2 56.5 56.7 56.6 56 55.9 54.3 55.4 59.3 62.5 65.7 67.5 68.5 70.7 74.1 77.1 82.2 87 90 94.7 99.4 102.2 107.8 109.4 112.1 110.3 109.6 109 109.7 110.9 111.7 110.9 111.2 114.1 115.2 113.3 111.8 109.8 109.2
