app/static/ascii/SE88.asc
ncols 200
nrows 200
xllcorner 480000
yllcorner 480000
cellsize 50
[rows 0 to 35 of 200, columns 0 to 80 of 200]
165.4 165.4 165.7 165.1 164.4 163.6 162.6 161.5 160.4 159.7 159.1 158.6 157 156.5 155.6 155.5 151.8 147.9 149 154.6 157.6 158.2 157.3 155.1 154.2 156.2 158.4 160.6 163.1 163.6 164.5 165.3 165.6 165.3 164.8 164.2 163.5 157.4 131.5 104.4 82.2 66.5 61.5 61.2 61.4 72.7 88.6 113.7 145.2 157.7 161.3 163.8 167 168 168 167 165.9 163.7 160.3 139.4 111.2 91.5 82.7 74.6 71.8 71.2 81.2 87.4 95.6 108.5 120.9 130 142.1 150.1 157.7 166.7 167.1 167.8 166.8 165.6 164.8
163.4 164.2 164.7 164.3 163.5 162.6 161.3 160.1 159.1 158.5 158 157.7 157.9 158 158.2 158 155.5 148.6 146.8 155.5 158.9 159.1 158 154.6 153.2 156.3 158.6 160.8 162.9 163.4 164.4 164.9 164.8 164.4 164 164 162.6 160 145 118.2 92.2 70.8 62.7 60.6 60.3 68.6 80.8 103.8 131.9 152.6 157.6 161.5 164.8 166.5 165.9 164.9 164 162.4 149.6 119.9 100.8 83.2 77.7 69.9 71.2 79.7 87.2 97.9 117.2 134 150.9 163.1 165.4 168.1 169.3 169.3 169 168.7 167.8 167.8 165.9
162.2 163.3 163.7 163.4 162.6 161.3 160 158.7 158 157.5 157.3 157.9 158.6 159.3 159.7 159.2 157.5 151.9 145.4 155.3 159.6 160 158.4 154 152.2 155.7 158.1 160.5 162.5 163.3 164.2 164.1 163.7 163.4 163.1 163.4 161.8 159.8 156.9 132.2 105.1 79.7 61.6 60.8 60 64.3 75.9 92.7 117.9 144.1 154.5 159.5 162.6 163.9 163.8 163 162.2 160 136.8 106.4 90.1 79 70.5 70.2 80.2 86.1 96.3 113.9 137 161.1 168.4 169 169.9 170.4 170.6 170.5 170.1 169.5 168.5 168.1 166.6
161 162 162.6 162.4 161.4 160.2 158.9 157.9 157 156.5 157.4 158.4 159.3 160.1 160.5 159.9 158 153.1 143.5 153.9 159.3 160.3 158.3 152.9 151.1 155.2 157.6 159.8 162 163.2 163.3 163.1 162.9 162.6 162.4 161.9 161.1 159.3 157.5 148.3 116.8 91.7 68.4 60.8 60.5 60.9 70.6 82.2 105.2 136.5 152.4 157.2 160 161.6 161.9 161.6 160.7 157.4 127.2 97.4 84.8 74.3 68.6 74.4 83.5 90 102.5 129.7 155.3 169.2 170.1 170.7 171.5 171.7 171.7 171.3 170.9 170.4 169.4 168.3 167.3
159.6 160.6 161 161.4 160.3 159.1 158 157.1 156.1 156 157.7 158.6 159.5 160.4 160.6 159.9 157.5 154.4 143.8 149.9 157.4 158.6 156.5 150.9 150.8 154.5 156.7 159 161.2 162.7 163 162.8 162.6 162.3 162 161.4 160.9 158.7 157 152.6 128.8 98.3 74.4 60.3 60.5 60.6 66.5 75.6 94.8 125.8 150.5 154.2 157.3 159.2 159.8 159.5 158.7 151.7 113.3 93.5 81.3 70.6 67.8 77.8 86.7 96.1 115.6 143.7 167.3 170.1 171.3 171.8 172.3 172.4 172.2 171.8 171.3 170.7 169.7 169 168.3
158.2 159 159.5 159.9 159.4 158.5 157.3 156.3 155.3 156 157.9 158.8 159.5 159.9 159.8 159 157.6 154.5 147.2 143.1 152.4 156.1 154.1 147 150.2 153.6 155.9 158.2 160.3 162.2 162.5 162.5 162.3 161.9 161.5 161.2 159.6 158 156.4 151.4 142.8 112.7 84.8 63.7 57.8 59.8 63.1 73 88.6 114.4 142.4 150.6 154.5 156.7 157.7 157.4 156.3 149.1 112 88.5 76.9 65.8 71.3 80.5 89.3 98.5 124.4 153.9 169.2 170.9 172 172.5 172.8 172.8 172.7 172.2 171.8 171.1 170.4 169.8 169.1
157.1 157.4 158.2 158.4 157.9 157.3 156.8 155.9 154.8 156.1 157.6 158.5 158.7 158.9 158.8 158.1 156.6 154.8 150.6 140.9 144.5 152.9 151 145.2 149.8 152.9 155.1 157.5 159.8 161.7 162.1 162.1 161.8 161.4 161 160.4 159.1 157.5 155.9 154.5 151.8 127.3 96.8 69.6 59.9 59.3 60.2 68.9 80.6 103.4 132.9 148.6 152 154 154.9 155.6 154.4 143.2 109.9 85.8 73.8 66 71.2 82.3 89.5 103.5 130.8 159 169.6 171.2 172.2 172.8 172.9 172.9 172.8 172.4 171.9 171.6 171 170.3 169.7
156.5 155.7 156.5 157.3 156.9 156.3 156.2 155.6 154 155.7 156.9 157.5 157.7 157.8 157.6 157.1 155.6 153.8 151.6 146.4 139.1 147.2 146.6 143.1 148.9 152.1 154.4 157.3 159.7 161.1 161.7 161.5 161.2 160.9 160.5 159.9 158.7 157 155.5 153.8 150.8 137.2 108.4 79.2 60.4 59.8 59 64.1 74.3 96.3 117.8 139.6 148.8 151.7 152.8 153.9 152.9 143.4 108.3 84.4 71.9 65.5 72.8 82.8 90.5 108 133.3 159.6 169.6 171.2 172.4 173 173 172.9 172.8 172.4 172.2 171.9 171.3 170.7 170.7
156 154.4 154.9 155.7 155.9 155.7 155.7 155.3 153.2 154.4 156.2 156.5 156.7 156.6 156.4 155.7 154.8 153.2 150.6 146.6 138 139.2 140.5 144.1 147.9 151.4 154.2 157.1 159.3 160.5 161.2 160.9 160.6 160.3 159.8 159.3 158.2 156.5 154.7 152.7 151.6 149.8 119.1 90.3 65.9 59.2 57.2 60 66.8 81.7 112.5 125.1 145.6 149.1 151.1 152.3 151 145.8 106.4 83.9 71.1 64.7 73.4 83.7 94.1 110.6 134.6 160.8 169.4 170.9 172.3 172.9 173 172.9 172.8 172.6 172.5 172.3 171.7 171.6 171.6
155.4 153.1 152.5 153.8 154.8 155.1 155.1 154.7 152.5 152.3 154 155 154.9 154.8 154.6 154 153.5 152 149.4 145.7 138.2 134.8 137.9 144.4 148.5 151.3 154 156.6 158.5 160 160.8 160.4 160 159.7 159.2 158.7 157.7 156 154 152.1 150.7 150.2 132 97.8 74.8 59.2 58.2 58.7 60.4 72.2 89.5 108.8 130.9 144.7 148.7 150.2 149.6 143 112 83.3 72.5 64.3 73.2 83.5 95 111.5 133.3 161.3 169 170.5 171.7 172.4 172.7 172.7 172.7 172.8 172.7 172.6 172.5 172.5 172.8
154.4 152.2 150.7 152.2 153 153.6 154.2 153.8 151.3 150 152.2 152.9 153 152.9 152.7 152.2 151.7 150.7 148.4 144.8 138.5 134.2 140.1 144.9 148.7 151.5 154 156.5 158.5 159.2 159.9 159.9 159.5 159.1 158.7 158.2 157.1 155.8 153.3 151.6 150 148.6 146.5 111.9 81.5 62.3 58.5 58.3 59.4 62.9 74.4 91.8 109.4 132.9 145.9 148.1 147.8 144.7 118.7 87.5 72.9 63.5 71.7 84.1 94.4 109.1 131.4 156.2 168.1 170 171 171.9 172.4 172.4 172.4 172.6 172.9 173.3 173.3 173.4 174.4
153.1 151.9 149.1 150.2 151.2 151.8 152.3 152.2 150 147.7 150.2 150.5 151.1 151 150.8 150.4 149.8 149 146.9 144 137.4 132.2 141.2 146.2 148.9 151.4 154 156.3 157.6 158.4 159.1 159.5 159.1 158.9 158.5 157.8 156.8 155.6 152.8 150.9 149.3 147.6 148.3 128.5 96.4 71.6 59.3 58.1 57.9 59.1 66.8 75.2 92.4 116.3 143.7 146 145.9 143.9 126 90.9 74.6 63.3 70.4 82.2 92.8 105.4 127.1 153.9 166.5 169.2 170.1 171 171.6 172.1 172 172.4 173.3 174 174 174.8 175.7
152.1 151.1 149.7 148.2 149.4 150 150.5 150.1 148.6 145.7 148.5 148.7 149 148.9 148.7 148.5 148 147.2 145.3 142.7 136.6 132.2 142.1 146.6 149.1 151.5 153.2 155.1 156.5 157.5 158.3 159 158.8 158.8 158.7 157.7 156.6 155.4 153.4 151.3 149.2 147.2 146.5 146.2 119.1 87.8 65.7 57.4 57.9 58.7 60.1 69.5 81.9 105.6 130.9 143.7 144.2 142.9 129.7 97.7 75.5 63.3 67.9 77.7 90 102.2 123.5 148.2 164.8 167.7 168.9 170 170.5 171 171.5 172.7 173.7 174.7 175.2 176.1 177.1
152.7 152 150.3 148.1 145.9 147.1 147.8 147.8 146.6 143.7 146.5 146.9 146.9 146.8 146.6 146.3 146 145.3 143.8 141.4 135.7 131.6 142.5 146.5 149 151.5 152 153.8 155.2 156.6 157.5 158.3 158.6 158.6 158.7 157.6 156.4 155.2 153.8 151.8 149.7 147.2 144.8 146.8 138.9 110.5 77.7 60.6 57.4 59 58.7 62 74.9 94.1 118.6 140.9 141.7 141.5 135 106.5 80.4 65.1 62 75.6 88.9 103.5 118.8 145.5 162.4 167 167.9 168.9 169.4 169.8 170.8 172.2 173.3 174.9 176.2 177.1 178
152.4 152.1 150.4 148.9 146.2 142.8 144.4 145.3 144.3 141.9 144.4 144.9 144.8 144.6 144.4 144.2 144 143.3 142.3 140 135.5 130.4 141.5 146 148.6 150.3 151.2 152.4 153.9 155.4 156.8 157.6 158 158.3 158.4 157.5 156.2 155 153.9 152 149.8 147.5 142.3 145.9 145.5 125.4 88.3 69.7 57.5 55.2 57.7 58.5 65.8 84.6 107.4 137.3 141 140.8 138.8 113.8 86.6 68.5 61.5 73.3 85.5 97.3 115.2 142.3 161.6 165.4 166.6 167.1 168.1 168.6 170 171.6 173.5 175.3 176.6 177.9 178.9
152.1 152.7 150.4 148.6 146.6 143.3 141.1 141.3 141.1 140.2 143.3 143.2 143 142.6 142.4 142.2 141.9 141.1 140.3 138.9 133.7 129.4 140.2 143.9 146.9 148.9 149.8 151 152.6 154.2 155.9 156.9 157.7 158.2 158 157.6 156.1 154.9 154 152.2 150.1 147.1 142.3 143.7 145 141.3 113.8 76.4 60.4 57.1 57.7 57.4 60 75.8 96.9 131.7 139.4 140.4 140.5 123.3 93.6 70.7 62 69.1 77.7 88.3 110.5 138.1 159.1 163.3 164.7 165.1 166.1 168.1 169.8 171.5 174.2 175.7 177 178.2 179.6
151.4 151.2 150.1 148.7 146.3 143.4 140.1 138.4 137.9 139.5 141.9 141.5 141.1 140.7 140.4 140.3 139.7 139 138.3 136.4 130.8 130.5 139.4 142.1 145.2 147.2 148.5 149.7 151.1 153 155 156.2 157.5 157.8 157.6 157.5 156.2 155 154.1 152.2 150.3 147.4 144.1 129.4 139.4 141.6 130.5 94.7 68.8 58 57 55.4 57.2 66.5 89.4 122.9 137.4 139.1 139.8 129.9 100.1 73.5 62.3 63.5 72.9 82.7 104.4 134.8 157.5 161.5 162.6 162.6 164.8 167.8 169.6 171.7 174.7 176.5 177.9 179.1 180.3
150.8 150.7 151.6 150.6 147.9 144.6 140.8 137.2 135.6 139.3 140.4 139.7 139.1 138.7 138.5 138.3 137.6 136.9 136.2 134.6 127.6 131.5 138.2 140.9 143.5 145.3 146.9 148.2 149.6 151.8 153.8 155.4 156.6 157.6 157.4 157.2 156.6 155.7 154.3 152.4 150.5 147.5 143.4 135.2 119.4 109.7 106 91.5 70.9 63 57.5 54.8 54.1 57.4 76.8 105.2 134.1 137.6 138.4 134.2 104.9 78.1 62.4 58.9 69.9 79.8 100.2 131.7 156 159.6 159.1 161.2 165 167.1 169.5 171.9 174.8 177.2 178.7 180 181.2
149.9 150.5 151.7 151.1 149.1 145.5 141.9 137.6 135.7 138.4 138.9 138.9 138.3 137.5 136.2 135.9 135.6 134.9 134.1 132.2 123.2 132.8 135.6 138.8 141.1 142.7 144.3 146 148.5 150.7 152.6 154.2 155.7 157.1 157.2 157 156.8 156.4 154.5 152.6 150.6 148.2 146.3 145.2 143.7 113.3 91 81.7 71.8 63.7 58.1 57.4 55.1 57 69.6 91.5 124.4 135.6 136.7 136 109 83.1 62.5 60 66.4 77 96.8 122.2 143.4 149.9 158.9 162.1 164.9 167.2 169.3 172.1 175 177.7 179.4 180.7 181.1
148.6 150.6 151.4 151.1 149.3 146.1 141.9 137.8 134.5 137.3 137.3 137.4 137.4 136.5 135.3 133.3 133.1 132.9 131.7 126.9 123.3 132.6 134.8 137 138.6 140.1 141.5 144.2 147.4 149.5 152 153.2 154.7 156.2 156.5 157.7 157.5 157.1 155.5 153.6 151.6 150.1 149 147.8 145.5 140.6 117.4 97.3 78.3 67.2 59.3 57.2 53 56.2 60.5 83.1 118.4 133.7 134.6 133.9 113.9 83.4 66.2 59.9 63.1 71.7 84.1 101.6 127.9 152.3 158.6 161.5 163.8 166.5 169 172 174.8 177.4 179.3 180.5 181.2
148.1 149.7 150.2 149.7 148.2 146.2 142.6 138.2 131.9 135.6 135.8 135.8 135.7 134.6 133.4 132.1 130.3 130.3 129.4 121.5 127.5 131.6 132.8 135 136.2 137.6 139.9 143.3 146.6 149 151.2 152.2 153.6 155.1 156.6 158.1 158.3 157.9 156.7 154.7 153.4 151.7 150.6 149.1 146.7 143.3 139.2 126.6 103.7 85 64 57 55.3 55.3 56.8 71.5 105.1 131.6 131.7 129.5 110.5 81.8 64.4 59.6 58.9 75.4 91.9 113 147.6 155.4 158.3 160.7 162.9 165.3 168 170.5 173.2 176.4 178.2 179.7 180.5
147.7 147.9 148.7 148.2 147.1 145.3 142.7 138.2 131.7 133.6 134.6 134 133.8 132.8 131.4 130.1 128.9 127.7 126.1 118.4 128.9 131.4 131 132.7 133.8 136.1 138.7 141.7 145.5 147.8 150.3 151.2 152.6 154.1 156.8 158.4 159.2 158.7 157.8 156.4 155 153.2 151.6 149.6 147.4 144.2 140.6 138.1 126.9 95.8 70.6 59.3 54.8 54.4 54.3 64 94.8 128.7 128.8 120.1 97.7 72.1 60.6 58.4 65.6 81.8 104.7 131.6 154.3 156 157.9 160.1 162.1 163.9 166.3 168.9 171.9 175.2 177.1 178.6 179.9
146.9 146.8 146.9 146.5 145.9 144.2 142 137.7 130.5 131.6 133.7 133.3 132 131 129.6 128.7 128.2 126.4 121.4 117.2 127.9 129.6 129.4 129.6 132.6 135 137.5 140.3 143.4 147.5 149.6 149.9 151.4 153.6 156.4 158.5 159.7 159.8 158.9 158 156.4 154.3 151.9 149.3 147 143.6 140.3 137.8 130.3 105.1 74.4 62.6 55.9 53.8 53.3 61 86.1 119.7 125.9 104.6 85.7 67.3 58.6 57 68.2 91.9 120.1 145.3 153.9 156 157.6 158.8 161.1 163 164.9 167.4 170.7 173.9 176 177.4 179.3
146.3 145.3 145.1 144.8 144.3 142.8 140.9 137.8 131.3 129.3 132.9 132.7 130.7 129.3 128.4 127.4 127.5 126.1 123.2 119.5 126 127.5 126 128.7 131.7 134.7 137.1 139.6 142.4 146.1 147.7 148 150.5 153.3 156 158.9 160.9 161.2 160 158.7 157 155.2 153 150.4 147.6 144.1 140.6 137.3 133.5 107.4 83.2 69 59.3 55.6 53.8 55.6 78.1 115.4 119.6 92.3 74.5 61.2 56.9 57.1 77.2 107.3 131.4 151.2 153.4 154.7 155.2 157.2 159.7 162 163.9 166.3 169.4 172.7 174.8 176.8 178.5
145.5 144.1 143.2 143.1 142.5 141.3 139.6 137.2 132.3 126.9 131.2 132.4 130.7 128 126.7 126.4 126.1 124.9 119.8 119.7 125.3 123.4 126 129.3 132.3 134.4 136.7 139.2 141.7 144.5 145.4 146.2 149.3 152.5 156.5 159.6 161.9 162.5 161.3 159.8 158.3 156.3 154 151.4 148.4 145.4 141.5 138.3 136.3 122.4 95.8 74 60.8 54.8 52.5 54.4 73.1 107.5 111.8 85.4 67.8 55.6 56.3 68.4 94 119.9 146.8 150.8 152.2 151.7 152.6 155.5 158.1 160.6 162.7 165.3 168.3 171.3 173.8 176.3 177.8
144.3 142.9 141.8 141.6 141.1 139.8 138 136.1 132.2 125.3 129.4 131.1 130.5 127.9 125.5 125.2 124.7 123.2 117.2 120.2 122 123.2 127.7 129.7 132 134 135.7 137.7 140.1 142 143.6 145.5 148.9 153.1 156.8 160.1 162.2 162.9 162.5 160.7 159 157.3 155.1 152.2 149.2 146.2 142.9 141 137.6 129.5 107.1 80.5 63.6 54.8 53.6 50.9 68.2 101.8 107.9 81.4 62.2 55.8 63.1 84.4 113.4 135.9 144.3 146.2 148 146.8 152.6 155.8 158.2 160.4 162.1 164.2 166.8 169.9 173.1 175.5 177.3
143.2 141.7 140.4 140 139.7 138.6 136.7 134.8 131.5 124.4 128 130.7 129.5 127.2 124.5 123.8 123.3 121.4 115.3 118.6 117.7 124.1 128 129.5 131.7 133.6 135.3 136.8 137.9 140.3 143.3 146.2 149.3 153.1 156.6 160.1 161.6 162.5 161.8 161 159.4 157.9 156.1 153.1 150.2 147 143.6 141.2 138.5 134.9 113.1 83.7 64.3 55.2 54.4 52.1 65.6 93.4 104.6 77.2 56.3 55.1 79.7 108.2 129.6 133.2 131.5 134.6 141.9 149.4 153.1 155.7 157.9 159.7 161 163 165.6 169.4 172.4 174.8 176.7
142.2 140.7 139.1 138.9 138.3 137.1 135.5 132.7 130.5 121.9 127.8 129.3 128.4 126.7 123.5 122.3 121.9 119.2 112.8 113.5 121.6 125.7 128.3 129.8 131.4 132.9 134.1 135.3 135.9 139.6 142.5 145.1 148.9 152.9 156.4 159.9 161 161.9 161.7 161.5 160.1 158.7 156.9 154.3 150.8 147.3 143.7 139.8 136.7 134.4 109.5 86 67.4 56.5 53 51.4 60.8 87.9 101.1 73 55.1 60.1 93.2 117 121.6 114.1 125.9 138.9 144.2 150 153.1 155.1 156.7 158.3 159.7 162 164.5 167.9 171.2 174 176
141.3 139.9 138 137.1 136.9 135.7 134.5 131.7 129 122.2 125.8 127.4 127.6 126.7 125 122.3 119.4 116.8 110.2 118.2 123.6 126.1 127.9 129.2 130.5 131.8 132.6 133 135.2 138.7 141.9 144.3 148.4 152.3 155.9 159.4 160.7 161.3 161.3 161.2 160.9 159.5 157.6 155.4 152.5 149.6 145.1 140.4 136.1 131.5 121.1 92.9 78.3 59.9 51.4 54.3 55 83 99.5 71.4 54.3 64.5 94.6 112 108.2 115.3 131.8 140 144.9 148.8 152 153.6 155.2 156.8 158.2 160.9 163.5 166.9 170.2 172.9 174.8
139.6 138.5 136.9 135.1 134.9 134.3 133.1 130.8 128.7 123.5 120.2 124.1 126.3 125.7 125.3 123.2 119.3 113.7 106.3 117.5 124 125.3 127 128.1 129.3 130.6 129.9 131.6 134.3 137.8 141.3 144 147.9 151.7 155.2 158 159.6 160.3 160.9 160.8 160.7 160.3 158.6 156.4 154.1 151.9 147.2 145.6 144.1 143.3 135.7 113.5 83.2 67.6 50.7 52.3 53.1 68.4 92.4 65.6 54.1 64.2 86.3 94.8 94.2 116 134 140.3 143.9 147 150.6 152.2 153.8 155 156.6 159.8 162.8 166 169.2 171.6 173.2
138 137.2 135.8 133.8 133.1 132.6 131.9 131 129.6 127.1 119.4 117.6 123 124.2 124.9 123.4 120.8 114.9 108.4 120.1 123.7 125 126.1 127.2 128.3 128.4 129 131.7 134.6 137.4 140.4 143.7 147.4 150.9 153.7 156.5 158.2 159.3 160.1 160.7 160.5 160.3 159.1 157.8 155.9 154.2 151.3 151.6 151.7 152.3 148.3 126.2 98.6 75.6 61.7 50.9 53.9 57.7 69.7 56.8 53.3 62.2 72.5 80.9 107.5 125.7 135.2 139.4 143 145.5 148.1 150.9 152.5 152.3 155 158.4 161.9 165.1 167.9 170.4 171.7
136.6 135.8 134.4 132.8 131.3 131.3 131.1 130.6 129.9 128.3 125.3 117.1 118.7 122.9 124.4 123.1 120.8 114.5 110.3 120.8 123.4 124.3 125.3 125.6 124.9 125.6 129.9 132.4 134.4 137.2 140 143.1 146.5 149.3 152.1 154.9 156.9 158.4 159.3 159.9 160.4 160.3 159.4 158.4 156.8 155.4 155.3 155.8 156.3 157.1 156.5 141.8 111.7 87.1 69.9 56.2 52.2 51.9 52.6 52.2 52.8 63.4 79.5 101.1 118.4 126.9 133.2 138 140.9 143.5 146.2 148.8 149.6 150.1 153.4 157 160.6 164.2 166.8 169.1 170
135.2 134.3 132.7 131.3 129.3 129.8 130.4 130 129 127.9 125.9 122.7 111 120.5 123.1 122.5 120.1 111.8 111.7 120.9 122.3 122.7 123.6 123 125 128.2 130.6 132.5 133.8 136.6 139.4 142.4 144.7 147.6 150.6 153 155.1 157.1 158.2 159.2 159.8 160.1 159.7 158.8 157.6 157.2 157 157.7 158.6 159 159 150.6 123.7 104.1 83.5 62.3 53 51.7 52.3 52.6 53 64.6 77.3 95.2 116.3 124.2 130.5 134.6 138.5 141.8 144.3 146 145.3 148.8 152.6 156.1 159.7 162.8 165.1 167.5 167.8
133.9 132.7 131.2 128.7 127.9 128.7 129.4 129.2 128.2 127.3 125.8 123.4 115.2 117.1 121.4 121.7 119 109 113.1 121 120.3 119.2 121.5 124.8 127.8 128.9 130.9 132.3 133.6 135.5 137.6 140.7 143.1 146.1 149.1 151.7 154 155.6 157 158.2 159.1 159.3 159.4 158.8 158.1 157.8 157.5 158.1 158.7 159.3 159.2 157 145.9 121.6 99.5 79.5 53.3 51.3 52.5 52.2 52 55 66 84.3 107.3 120 125.3 129.8 136.1 139.8 142 141.9 141.1 148.3 152 155.4 158.8 160.9 163.1 163.7 163.7
131.7 130.8 129.1 126.1 127.5 128.7 129 129.1 127.9 126.6 125.1 123.5 118 111.4 119.3 119.9 115.9 100.5 103.3 113.8 117.2 121.4 124.6 126.2 127.7 129.1 130.5 131.9 133.2 134.8 136.9 139.1 141.8 143.9 146.9 149.9 151.8 153.7 155.6 157 158.2 158.5 158.6 158.2 157.6 157.2 156.8 157.4 158.3 158.6 158.6 157.5 156.3 150.1 121.9 105.1 76.5 63.3 52.5 51.4 52 50.8 54.4 70.3 94.8 109.2 119.2 127.9 130.6 126 127.3 128 137.2 146.2 150.9 153.8 156.8 158.4 155.1 156.6 162.9
130.2 128.6 125.7 123.4 127.4 128.1 128.5 128.8 127.7 125.4 123.9 122.5 120 101.5 114.2 115.6 107.3 97 117.3 117.5 118.5 122.6 124.8 126 127.3 128.7 130.2 131.5 132.5 134.1 136.2 138.2 140.5 142.8 145.5 147.8 149.5 151.5 153.8 155.4 156.8 157.4 157.5 157.3 157 156.6 156.2 156.8 157.6 158 158.1 158.1 157.5 155.3 145.4 131.1 110.9 85.9 71.4 52.4 51.8 51 50.7 55.8 71.3 92.4 114.9 113.5 100.5 93.8 95.8 98.5 114.4 125.4 136.9 148.2 147.9 150 159.9 164.8 167.9
