app/static/ascii/SE98.asc
ncols 200
nrows 200
xllcorner 490000
yllcorner 480000
cellsize 50
[rows 36 to 71 of 200, columns 0 to 81 of 200]
185.6 203.5 210.8 219.4 223.4 223.1 215 206.3 188.4 168.4 158.8 166.7 185.2 210.9 219.3 224.8 225.8 224.4 223.6 222.7 222.4 222 220.8 220.2 220.3 220.3 220.8 220.9 219.6 197.2 177.8 167.2 159.1 153 147.6 139 132.1 125.2 129.7 134.1 136.9 137.5 132.6 124.7 116.2 110.9 106.8 103.2 97.4 93.1 98.3 103.3 109.4 117.8 126.6 139 148.3 166.4 190.3 211.7 217.6 218.4 218.5 217.5 216.5 215.5 214.3 213.2 212 210.8 209.3 208.3 207.4 206.6 205.8 205.1 204.4 203.1 202.1 201.6 201.1 200.1
195.7 206.6 215.1 220 220.2 217.6 207.3 193 172.3 159.4 159.5 176.6 200.7 215.6 219.9 223.1 221.4 219.9 219 219.5 219.7 219.8 219.6 219.1 219.1 219.3 220 220.6 218.4 200.6 182.2 170.2 160.3 153.4 148.7 146.9 137.1 124.4 121.4 125.4 127.6 127.8 125.6 115.8 111.2 106.9 103.9 98.3 93.5 97.9 104.6 110.3 117.8 127.5 138.2 146.1 159.9 182.4 205.8 216.8 218.4 218.2 217.7 216.7 215.7 214.8 213.5 212.2 210.9 209.7 208.5 207.6 206.7 205.8 205 204.3 203.7 202.5 201.2 200.6 199.8 198.2
201.2 211.4 216.3 216.4 211.3 207.6 199.5 177 158.6 156.4 167.9 185.6 207.8 216.1 218.8 219 218.6 218 218.6 218.4 218.8 219.1 218.8 218.4 217.9 218.1 218.8 220.1 219 209.1 187.3 173.7 162.7 156 151 148.5 140.5 126.4 116 116 118.3 118.4 115.8 111.3 104.6 102.8 96.9 95.5 100.2 105.1 112.2 119.1 129.1 137.3 146.5 159.3 176.7 200 215.6 219.4 219.2 217.7 216.8 215.9 215 214.1 213 211.7 210.4 209.1 208.3 207 206.1 205.1 204.2 203.5 203 202.1 200.6 199.2 198.4 196.7
208 211.1 212.9 211.3 206.8 201.6 188.1 162.5 154.9 157.8 175.2 199.1 213.2 215.9 216.9 216.9 216.9 216.8 217.1 217.2 217.2 218 218.2 217.7 217.2 217 218.4 219.7 218.4 211.9 188.8 176.1 165.1 158.9 153 149.5 145.2 130.1 119 111.3 111.2 110.6 109.3 106.1 101.8 95.8 98.9 103.4 108.4 113.8 119.1 127.8 137.2 149.6 160.8 175.6 196.1 213.3 219.9 220.4 219.8 218.7 216.7 215.4 214.4 213.5 212.5 211.1 209.9 209.2 208.3 207.2 205.6 204.7 203.7 202.9 202.4 201.7 200.2 198.6 197.2 195.4
207 210.4 210.3 208.5 204.2 191.2 175 154.8 151.5 164.6 186 209.6 215.7 216.5 215.7 215.5 215.3 215.2 213.8 203.9 215.2 217.3 217.9 217.4 216.9 214.3 217.8 218.8 218.1 215.9 195.9 176.8 167.2 159.7 154 149.9 146.1 139 126 112.4 106.9 103.6 102.8 101 97.6 101.3 104.5 109 115.4 121.7 127.5 137.4 145.4 160.2 172.9 192.2 209.5 217.9 220.4 220.4 220.9 218.8 217.2 215.9 214.5 212.9 211.9 210.6 209.9 208.9 208.8 208 205.8 204.3 203.1 202.3 201.8 201.2 199.9 198.3 196.8 194.6
206.4 209.9 209 206.4 199.2 180.8 164.2 153.7 151.4 172.6 195.8 212.4 216.1 216.1 214.6 214.4 214.6 212.9 206.4 189.1 208.4 216.3 217.3 217.1 216.5 207.3 216.1 217.9 218.3 217.3 203.5 181.2 167.3 159.3 154.8 150.6 147.8 145.7 136.6 123.9 113.9 105.9 102.6 98.3 102.5 108.5 112.2 117.4 122.5 129.6 138.4 144.8 155.5 172.4 192 207.7 218 219.3 219.9 219.9 219.6 217.7 216.7 215.8 214.4 212.8 211.1 209.6 208.4 208.1 208.5 208.8 206 204.1 202.5 201.7 201.2 200.7 199.8 198.3 196.7 195.2
206 209.5 208.1 205 192.9 171 157.8 148.5 158.2 183.2 203.8 211.1 214.2 213.5 213.2 213.3 212.9 204.8 185.1 178 192.3 210.1 216.1 216.4 214.7 197.4 198.2 211.1 215.9 215.7 208.3 184 165.8 158.4 154.9 150.9 147.7 145.3 140.3 127.1 115.1 107.3 101.4 101.8 109.1 114.3 120.1 125.5 131.5 138.6 145.4 153.2 170.4 190.4 207.7 217.5 219.4 218.7 219.8 218.9 217.8 217 216 215.2 213.9 212.3 210.5 208.5 207.3 207.2 207.7 207.5 206 204.2 202.4 201.4 200.9 200.2 199.5 198.2 196.7 195.5
206.3 207.8 206.6 202.9 182.3 164 153.1 145.1 157 186.2 204.7 211.5 212.2 211.2 211.7 212.8 211 194.1 176.5 169 172.7 191.8 210.5 214.7 211.3 191.6 176 183.8 193.2 198.7 197.5 180.7 161 155.4 152.4 149.4 146.8 143.8 133.8 120.2 111 104.7 100.9 107.5 113.6 121.8 127.4 132.8 141.4 146.6 153.1 169.5 190.1 207.2 216.1 219.6 219.7 218.4 219.6 217.9 217.1 216.3 215.5 214.7 213.3 211.6 209.8 208.1 206.4 206.1 205.9 205.7 204.9 203.3 201.7 200.8 200.1 199.3 198.5 197.5 196.3 195.1
199.7 204.2 205.1 194.3 176.3 161.4 150 146.1 155 182.6 201.2 206.3 207.8 203.1 201.9 200.6 193.8 179.9 165.8 161.3 163.3 171.4 190.5 199.3 192.7 175.8 164.9 166.3 172.6 175.3 174.5 162.9 156.5 151.3 148.3 147.4 145.1 139.4 126.2 115.6 106.8 101.2 106.2 112.6 119.6 129.6 136 142 149.3 158.4 174.5 189.7 208.7 214.9 218.5 219.4 219 218.5 217.4 217.7 216.4 215.5 214.8 214.1 212.7 210.9 209.1 207.2 205.6 204.9 204.9 204.5 203.2 202.2 200.9 199.9 199.1 198.3 197.5 196.7 195.5 194.2
181.9 184.4 181.2 175.4 162.9 154.6 146.3 145.4 152.1 162.7 176.5 181 182.3 180.7 178.6 177 171 163.7 158.6 154.2 156.6 162.9 167.7 170.2 169.1 162.7 156.3 156.8 159.3 161.9 162.8 159.5 153.3 149.4 145.1 143.6 143.4 135.3 121.5 111.1 104.3 103.8 110.2 118.4 126.7 139.6 145.7 152.7 165.7 182.7 196.3 209.8 214.3 216.9 219.2 218.8 218.1 217.5 217.4 216 215.1 214.4 213.7 213.1 211.7 209.9 207.9 205.9 204.9 203.9 203.6 203 202 201 199.9 199 198.1 197.3 196.5 195.8 194.7 193.4
164.1 166.5 165.4 157.4 154.4 150.1 143.3 142.7 148.9 153.9 159.2 161.6 163.4 161.1 161 159.6 157.7 155.1 151.8 148.7 151.3 155.2 159.3 161.2 160.1 155.2 149 149.2 151.6 153.3 153.4 152.2 150 147.3 145 141.3 140.6 134 119.1 109.4 103.5 108 115.4 123.8 136.7 146.9 154.4 171.1 189.9 202.6 212.7 214.6 216.1 218 218.6 218.2 217.8 218 217.4 215 214.1 213.4 212.7 211.9 210.5 208.7 206.6 205.1 204 202.9 201.9 201.3 200.3 199.5 198.8 198 197.1 196.3 195.5 194.8 193.9 192.5
153.7 154.7 153.2 151.4 149.2 146.3 141.3 139.9 145.2 147.4 150.6 152 150.9 152 150.8 150.1 150.1 149.1 146.9 144.7 147.6 150.7 152.9 154.2 153.1 151.4 146.1 143.3 147.5 148.6 148.7 147.3 146 144.7 144.3 141.6 130.6 123.1 114.2 107.5 102.5 111.9 120.6 130.9 141.7 151.3 166 188.7 205.4 213.9 215.5 216.6 217.2 218.3 217.9 217.6 217.1 216.5 214.9 214.2 213.4 212.5 211.6 210.8 209.2 207.5 205.5 204 202.9 201.8 200.7 199.9 199.2 198.4 197.7 196.9 196.1 195.3 194.7 194.1 193.1 191.8
145.4 146.3 147.8 146.2 143.8 141.7 139.8 137.7 140.2 141.7 143 144.9 145.2 144.4 142.5 142.9 144.6 144.3 142.7 143.1 144.6 148.2 148.6 149.3 149.3 148.3 144.4 136.1 143.3 144.1 144.5 144 142.9 143 142.8 141.5 136.6 125.5 115.7 106.8 105.2 115.8 123.3 136.9 147 155.4 182 201.4 214.8 216.5 217.7 218 218 217.5 217.1 216.7 216.3 215.4 213.8 213 212.5 211.5 210.2 209.7 208 206.3 204.5 202.9 201.8 200.6 199.9 199 198.2 197.4 196.7 195.9 195.4 194.9 194.2 193.2 192.2 191.2
150 147.9 145.5 143.1 141.8 142.2 142 139.4 136.5 135.8 138.1 138.2 137.7 136.3 135.8 136.1 137.8 140.9 135.5 141.6 144.1 145.6 145.7 145.6 145.3 144.9 143 131.4 131.6 131.6 132.2 134.1 137.4 141.2 141 139.5 131.6 126.5 118 107.6 106 119.1 129.2 142.1 151.5 165.1 194.2 210.2 218.4 218.4 218 217.5 217 216.6 216.2 215.8 215.4 214.4 212.8 211.1 211 209.6 208.5 207.7 206 204.7 203.4 202 200.6 199.9 199.1 198.2 197.4 196.6 195.8 195.3 194.8 194.3 193.4 192.4 191.4 190.4
157.7 153.5 152.4 152.2 152.1 150.6 149.7 148.1 143.9 140.7 135.9 135 134.7 132.5 133.6 130.9 130.6 130.7 137.3 140.2 138.7 142.1 142.2 142.3 140.3 135.6 131.5 125.9 121.1 122.3 121.3 122.2 124.2 128.5 130.1 125.1 120.9 115.8 112.8 105.2 108.9 124.1 135.4 148.3 158.1 180.5 202.5 216.9 218.5 217.8 217.1 216.5 216.1 215.7 215.3 214.9 214.5 213.2 211.5 209.7 208.4 207.5 206.4 205.2 203.9 203 201.7 200.7 199.9 199.1 198.3 197.5 196.6 195.8 195 194.8 194.3 193.8 192.6 191.6 190.6 189.7
184.9 176.1 173.3 168.9 167.5 164.4 163.6 160 156.6 150 146 143 143.3 142.5 142.8 142.1 135.6 128.6 127.7 129.1 128.5 128.4 129.2 129.5 128.4 125.8 123.4 118.2 113.9 112 111.9 111.6 112.7 113.7 117.1 115.3 112.9 108.2 107.6 108 118.6 130.8 142.2 157.2 167.7 192.4 213.9 217.9 217.9 217.1 216.4 215.7 215.1 214.8 214.4 214.1 213.3 211.2 209.5 207.5 206.4 205.7 204.7 203.4 202.4 201.5 200.6 199.7 199 198.3 197.5 196.7 195.8 195 194.2 194 193.7 193.2 191.9 190.9 189.9 188.9
202.3 201.7 201.8 198 193.2 194.2 192 185.1 176.6 166.4 157.6 152.7 150.9 149.9 148.7 146.2 142.7 136.5 132.5 130.9 127.5 124 123.7 121.5 120.4 120.8 119.4 123.6 126.9 122.7 124.5 120.1 117.6 111.2 110.3 109.6 109.3 110.6 111.7 116 126.2 140 150.4 166.3 181 206.1 217.9 218.8 217.8 216.9 216.1 215.2 214.2 214.1 213.7 212.5 211.9 210.2 207.6 205.7 204.3 203.7 203.2 202.6 201.3 200.3 199.5 198.8 198.2 197.5 196.7 195.9 195.1 194.3 193.5 193.2 193 192.6 191.3 190.1 189.2 188.2
207.5 207.8 207.9 208.3 208.3 206.2 205.8 205.4 202.8 189.3 175.6 168.2 161.2 159.3 156.4 152.4 148.5 145.8 144.7 144.9 143.5 139.5 136.1 137 136.5 137.2 137.6 140.9 142.7 142.2 138.8 132.8 121.8 114.7 118.1 118 119.2 119.5 123 129.5 137.3 148 163.3 174.6 195.4 217.3 219.2 218.3 217.3 216.5 215.6 214.6 213.7 213.2 211.8 211 210.4 209.3 206.6 204.4 202.8 202.4 202 201.5 200.4 199.2 198.6 198 197.4 196.7 195.9 195.1 194.3 193.5 192.7 192.3 192.2 192.1 190.7 189.4 188.4 187.5
213.2 214 213.7 214.3 213.4 212.7 211.8 209.6 208.3 204.7 201.1 191.8 185.8 176.7 170.3 164.4 158 154.9 154.1 153.2 152.4 150.3 150.3 149.4 149.4 149.1 148.3 148.9 147.4 144.8 141.4 131.6 126.5 119.4 124.7 129.4 130.9 132 133.7 140.4 148.5 158.1 175.7 189.3 213.7 218.8 218.3 217.8 216.9 216 215.1 214.1 213.1 212.2 210.3 209.6 209 207.9 205.4 203.3 201.8 201.3 200.9 200.3 199.6 198.2 197.6 197 196.4 195.7 195.1 194.2 193.4 192.6 191.8 191.6 191.5 191.4 190 188 187 186
221.1 221.4 220.6 219.5 217.8 217.9 219.6 217.5 213.5 209.8 206.5 206.6 206.7 202.9 196.3 188.4 178.7 166.2 169.2 167.2 163.1 161.4 158.3 159.3 160.7 160.2 156.7 156 152 145.8 140.6 138.2 127.3 130.4 135.6 139 142.2 143.3 144.5 148.7 159.5 178.2 193.7 209.7 218.3 217.9 217.4 217 216.4 215.5 214.5 213.5 212.3 211.2 209.2 208.1 207.5 206.7 204.1 202.6 201.3 200.2 199.8 199 198.2 197.4 196.3 195.6 194.9 194.3 193.9 193.1 192.3 191.5 190.7 190.7 190.8 190.3 188.8 187.1 185.4 184.8
223.3 223.2 223.7 223.1 222.3 220 220.4 219.6 218.9 215.7 211.7 210.5 210.1 210.8 209.8 209.3 204.5 196.2 189.7 185.9 186 183 179.7 179 175.9 174.1 172.1 169.9 159.3 147.8 142.4 137.8 132.9 138 144 145.4 148.5 151.1 156.2 171.4 188.8 201.3 208.6 217.8 217.8 217.3 216.8 216.4 215.8 214.6 213.5 212.4 211.3 209.9 207.6 206.7 206 205.4 203.4 202 200.5 199.3 198.9 198.5 197.7 196.9 196.1 194.9 193.5 192.8 192.7 191.9 191.2 190.4 189.8 189.9 189.7 189.4 187.8 186.1 184.6 183.7
224.5 224.3 224.1 223.8 223.4 225 220 219.3 220.2 220 217.6 215.2 214.4 216.2 214.2 213.4 210.6 210.3 210.2 205.7 204.6 202.9 201.1 201.3 199.3 198.6 194.3 187.7 177.2 155.4 146.9 139.5 143.5 146.8 150.4 154.6 159.6 166.8 181.9 194.6 206.5 216 217.4 217.5 217.5 217 216.5 215.9 215 213.8 212.6 211.5 210.4 208.7 206.3 205.5 204.7 203.8 202.6 201.2 199.7 198.6 198.1 197.6 197.1 196.5 195.7 194.9 193.5 191.5 190.4 189.4 188.6 187.8 188.7 189.1 188.9 188.6 187 185.5 184.2 183.2
224.5 224.4 224.2 223.9 223.3 221.8 221 220.7 220.7 220.6 221.5 220.7 220.1 220.4 217.9 216.2 212.9 211.1 210.5 209.5 208.9 208.7 207.9 207.2 207.1 205.5 204.1 200.3 189.5 168.2 154 149.3 152.9 156.6 163.7 173.4 182.5 193.3 203.7 211.9 216.4 217.6 217.2 217.1 217.1 216.6 215.9 215.3 214.1 212.9 211.9 210.8 209.5 207.1 204.2 203.4 202.8 202.4 201.2 200 199 197.9 197.2 196.7 196.2 195.8 195.2 194.4 193.7 192.4 191.5 190.7 189 187.1 186.2 188.2 188.2 187.8 186.4 185.2 183.9 182.9
223.9 223.7 223.5 223.3 222.7 222 221.1 220.4 220.2 220.2 221.5 221.8 221.4 220.5 219.3 217.5 214.5 212.3 210.3 209.5 208.9 208.7 208.1 208.5 208.3 207.4 206.8 205.2 199.6 183.7 166.3 164.9 169.7 180.4 187.4 195.5 201.6 211.7 215.6 217.2 217.2 217.5 217 216.9 216.4 215.9 215.3 214.5 213.3 212.2 211.4 210.7 208.5 205.5 203.4 202.3 201.3 200.9 199.8 198.8 198.2 197.2 196.3 195.8 195.4 194.9 194.4 194.6 194.3 193.3 192.2 191.1 189.6 187.7 185.1 184.3 187 187.2 186.3 185.2 183.9 183
223.2 223 222.8 222.6 222.1 221.4 220.4 220 219.7 220.1 220.9 221.3 221.7 221.5 221.5 219.9 216.1 213.5 211 209.5 208.9 207.9 206.9 207 207.3 207.3 207 206 202.9 191.7 179.4 185.7 192.3 202.4 206.2 208.6 215 217.2 217.4 217.2 217.1 216.9 216.6 216.1 215.6 215.2 214.7 213.7 212.6 211.4 210.5 209 206.2 203.7 202.4 200.8 200.6 200.1 198.9 198.2 197.5 196.4 195.5 195 194.5 194 194.1 194.4 193.7 192.5 191.8 191.1 190.4 189.3 187.3 183.4 183.8 186.2 185.5 184.8 184 183.1
222 222.2 222.1 221.8 221.4 220.3 219.4 219.1 218.8 219.9 220.4 220.9 221.4 221.3 221.5 221.1 218.6 215.3 211.8 209.8 208.5 207.4 206.1 205.4 204.7 204.9 205 205 202.7 198.7 197.1 202 204.5 207.4 208.6 216 216.8 217.2 216.9 216.7 216.5 216.2 215.5 215 214.6 214.2 213.8 212.8 211.7 210.6 209.5 207.2 203.8 200.5 199.8 199.4 199.4 198.6 197.4 196.9 196.6 195.8 194.9 194.2 193.6 193.4 193.5 193.6 192.8 191.7 190.7 190.1 189.8 188.8 187.4 185.2 181.4 184.3 184.1 183.7 183.2 182.4
220.9 221.1 221.2 220.5 219.9 218.5 217.5 217.3 218.6 219.4 220 220.5 221 221.1 221.3 221.3 220 217.9 215.6 212.4 208.8 207 205.9 205 204.2 204.1 203.8 203.5 204 204.3 204.2 205.3 207.8 211.3 215.2 216.6 216.7 216.6 216.3 216 215.8 215.5 214.6 213.8 213.4 213 212.6 211.7 210.6 209.6 208.1 204.9 201.1 198 196.8 197.7 197.6 196.9 195.9 195.6 195.4 194.8 194 193.1 192.4 192.4 192.5 192.2 191.3 190.5 189.6 189.3 189 188.4 187.2 185.3 181.4 182.2 183.3 183.1 182.6 181.8
219.6 219.9 219.7 219.2 218.5 217 214.9 214.1 216.8 218.9 219.5 220.1 220.6 220.9 220.9 220.6 219.8 219.6 217.8 214.7 210.4 207.5 205.8 204.7 203.7 203.3 203.1 203 204.1 205.3 207.5 208.4 213.7 215.4 216 216.2 216.2 216 215.7 215.4 215.1 214.6 213.7 212.8 212.3 211.9 211.5 210.6 209.6 208.5 206.8 203.3 198.9 195.9 195.5 196.1 195.8 195.1 194.6 194.5 194.3 193.8 192.8 191.9 191.4 191.5 191.5 190.9 190.2 189.4 188.6 188 187.6 187 186.4 184.7 181.8 177.6 181.7 181.9 181.8 181
218.1 218.2 217.9 217.5 216.9 213.7 210.5 212.6 216.6 218.1 218.9 219.6 220.1 220.7 220.4 220 219.9 218.3 217.3 216.5 212 208.6 206.6 204.7 202.5 202.1 202.3 202.5 204.6 207.6 208.8 213.2 214.6 215.2 215.7 215.7 215.7 215.4 215.1 214.7 214.4 213.7 212.8 211.9 211.1 210.7 210.3 209.4 208.5 207.1 205.5 201.6 197.1 193.9 194.1 194.8 194.9 194.5 193.8 193.1 192.9 192.6 191.6 190.6 190.5 190.4 190.3 190 189.3 188.4 187.6 186.8 186.2 185.6 185.1 183.8 181.9 176.2 179.3 180.9 181 179.8
215.8 216.4 216.6 216.2 214.7 209.5 207.7 214.4 215.8 217.2 218.2 219 219.7 220.1 219.9 219.7 219.7 218 217.9 217 214.8 210.6 207.7 204.8 201.8 200.4 201 203.2 206 210.4 212.8 213.8 214.2 214.8 215.1 215.2 215.1 214.8 214.5 214.1 213.8 212.9 212 210.9 209.9 209.4 208.9 208.1 207.1 205.9 204.5 200.7 196.6 192.8 191.3 192.9 193.8 193.2 192.6 191.8 191.9 191.4 190.4 189.3 189.3 189.2 189.1 188.8 187.9 187 186.1 186 185.5 184.6 183.7 183.1 181.1 176.2 175.8 179.4 179.2 178.6
212.6 214.2 215.6 214.8 211.2 205.8 209.8 213.6 215 216.4 217.5 218.3 219.1 219.5 219 218.6 218.5 220 218.4 216.9 215.4 213.3 210.5 206.8 202.7 199.6 200.7 203.6 208.9 211.2 213.2 213.5 213.7 214.2 214.5 214.6 214.6 214.2 213.9 213.5 212.8 211.7 210.5 209.4 208.6 208.1 207.6 206.7 205.6 204.6 203.1 200.2 196.4 193 189.5 192 192.2 191.9 191.3 190.6 190.5 190 189.2 188.1 187.9 187.8 187.8 187.7 186.6 185.5 185.7 185 183.8 182.8 182.6 182.5 180.4 175.6 169.9 177.8 178.1 177.3
204.5 209.9 212.8 212.9 207.4 202.4 208.9 212.9 214.2 215.6 216.8 217.6 218.5 218.3 218 217.7 217.7 217.2 216.8 216.4 214.9 213.3 211.8 207.3 202.5 198.2 199.5 203.5 210.4 212.1 212.5 213 213.4 213.7 213.9 213.8 213.7 213.2 212.7 212.1 211.4 210.1 209 207.9 207.3 206.8 206.3 205.3 204.2 203.1 201.3 198.6 195.1 191.6 188.2 189.6 190.5 190.3 190 189.5 189 188.5 188 186.8 186 186.4 185.9 185.5 185 184.4 185.1 183.9 182 181.5 181.1 180.6 179.1 174 160.8 175.9 176.9 176.1
202.9 201.6 205.6 207 203.5 200.3 209.2 211.7 213.3 214.6 216 216.8 217.5 217.4 217.1 216.9 216.9 216.3 215.7 215.1 214.4 212.8 211.2 208.1 202.6 197.2 197.9 204.2 210.2 211.1 211.8 212.2 212.6 213 212.9 212.7 212.5 212 211.3 210.7 210 208.7 207.5 206.4 206 205.4 204.8 203.8 202.6 201.5 199.5 196.5 193.7 190.2 186.8 187.7 188.9 188.6 188.4 188.1 187.6 187.1 186.4 185.2 184.5 184.9 184.5 184.1 183.6 183.2 183.2 181.8 180.3 179.4 179 178.3 178.2 172.1 160.8 172.9 175.4 174.7
206.7 199.9 198.6 200.6 199.7 199.1 208 209.9 211.8 212.9 214.5 215.7 216.2 216.6 216.3 216.1 216 215.4 214.6 213.6 212.6 211.6 210.3 207.9 201.2 195.4 196.5 204.4 209.2 210.1 211 211.4 211.7 212 211.8 211.6 211.3 210.6 209.9 209.1 208.1 207 206 205.1 204.4 203.7 203 202.2 201.1 199.8 197.6 194.9 191.9 188.8 186.1 186.2 187.3 187.1 187 186.7 186.2 185.8 184.5 183.2 183.2 183.6 183.2 182.7 182.3 181.4 180.5 179.7 178.8 177.4 177.2 177.2 177 171.7 156 169.9 173.9 173.1
209 202.6 196.8 195.1 195.6 197.7 205.9 207.2 209.5 211.2 213 214.5 214.8 215.2 215.3 215 214.9 214 213.1 212.1 211.2 210.3 207.9 206.3 199.4 193.8 196.4 206.2 208.2 209 209.8 210.4 210.7 211 210.8 210.5 209.9 209.2 208.2 207.2 206.1 204.9 203.9 203.2 202.6 202 201.3 200.6 199.4 198 195.8 193.1 190.2 188.1 185.5 183.5 185.9 185.7 185.6 185.3 184.8 184 182.5 181.1 182 182.1 181.8 181.4 180.6 179.7 178.8 177.8 177.4 176.2 175.3 175.8 175.7 171 153.1 169.2 172.3 171.7
210.1 207.1 200.2 194.8 192.2 194.1 200.4 201.7 207 209.5 211.3 213.2 212.5 213.7 213.5 213.5 213.5 212.7 211.8 210.9 209.9 209 205.3 202.4 197 191.2 196.4 205.9 207.1 207.7 208.5 209.1 209.5 209.8 209.6 209.3 208.5 207.3 206.2 205.2 204.2 203 201.9 201.2 200.5 199.9 199.3 198.8 197.8 196.3 194.3 191.6 189 187.2 185.4 181.9 183.2 184.5 184.3 184.1 183.6 182.7 180.8 179.3 180.8 180.8 180.4 179.9 179 178.1 177.2 176 175.8 174.8 173.1 173.7 173.1 169.1 141.6 168.1 171 170.3
