app/static/ascii/SH12.asc
ncols 200
nrows 200
xllcorner 210000
yllcorner 320000
cellsize 50
[rows 0 to 36 of 200, columns 85 to 169 of 200]
-1.2 -1.2 -1.2 -1.2 -1.2 -1.2 -1.2 -1.2 -1.2 -1.2 -1.2 -1.2 -1.2 -1.2 -1.2 -1.2 -1.2 -1.2 -1.2 -1.2 -1.2 -1.2 -1.2 -1.2 -1.2 -1.2 -1.2 -1.2 -1.2 -1.2 -1.2 -1.2 -1.2 -1.2 -1.2 -1.2 -1.2 -1.2 -1.2 -1.2 -1.2 -1.2 -1.2 -1.2 -1.2 -1.2 -1.2 -0.4 0.9 2.2 26.9 19.5 16 17.4 20.4 24.7 29.3 34.6 36.3 38.7 41 41.4 40.1 38 36 35.6 37.7 39.6 40.6 41.9 43.3 45.2 46.4 47.4 49.5 50.3 48.7 46.3 47 48.9 49.7 51.7 52.5 53.5 54
-1.2 -1.2 -1.2 -1.2 -1.2 -1.2 -1.2 -1.2 -1.2 -1.2 -1.2 -1.2 -1.2 -1.2 -1.2 -1.2 -1.2 -1.2 -1.2 -1.2 -1.2 -1.2 -1.2 -1.2 -1.2 -1.2 -1.2 -1.2 -1.2 -1.2 -1.2 -1.2 -1.2 -1.2 -1.2 -1.2 -1.2 -1.2 -1.2 -1.2 -1.2 -1.2 -1.2 -1.2 -1.2 -1.2 -1.2 0.5 1.8 12.3 23.8 20.9 20.2 19.6 18.5 22.8 27.5 30.9 34.2 37 39.2 39.5 37.6 35.2 34.3 37.1 38.7 40.2 41.2 42.4 43.5 44.7 45.4 46.7 48.4 49.7 48.3 45.3 46.7 50.1 52.3 53.3 53.5 53.9 55.1
-1.2 -1.2 -1.2 -1.2 -1.2 -1.2 -1.2 -1.2 -1.2 -1.2 -1.2 -1.2 -1.2 -1.2 -1.2 -1.2 -1.2 -1.2 -1.2 -1.2 -1.2 -1.2 -1.2 -1.2 -1.2 -1.2 -1.2 -1.2 -1.2 -1.2 -1.2 -1.2 -1.2 -1.2 -1.2 -1.2 -1.2 -1.2 -1.2 -1.2 -1.2 -1.2 -1.2 2.3 1.9 0 0.6 1.5 4.1 27.1 24.8 24.9 23.8 23.2 21.4 19.4 23.9 27.4 31 34.7 37 36.5 34.6 32.4 34.6 37.4 39.3 40.9 41.8 42.9 43.9 44.2 44.5 46.6 48.1 49.2 47.5 46.5 45 49.7 52.7 54.4 54 55.1 57.2
-1.2 -1.2 -1.2 -1.2 -1.2 -1.2 -1.2 -1.2 -1.2 -1.2 -1.2 -1.2 -1.2 -1.2 -1.2 -1.2 -1.2 -1.2 -1.2 -1.2 -1.2 -1.2 -1.2 -1.2 -1.2 -1.2 -1.2 -1.2 -1.2 -1.2 -1.2 -1.2 -1.2 -1.2 -1.2 -1.2 -1.2 -1.2 -1.2 -1.2 -1.2 -1.2 6.1 20.8 18.8 1.7 2.1 9.2 20.7 28.7 27.4 27.7 26.9 26.2 25.6 23.8 22.2 24.7 28.5 31.8 34.6 33.6 31.3 32.8 35.5 37.5 39.6 41 42.2 43 43.2 43.3 43.5 45.6 47.4 48.7 47.3 48 45.3 47.1 51.4 53.2 56 57.7 60.1
-1.2 -1.2 -1.2 -1.2 -1.2 -1.2 -1.2 -1.2 -1.2 -1.2 -1.2 -1.2 -1.2 -1.2 -1.2 -1.2 -1.2 -1.2 -1.2 -1.2 -1.2 -1.2 -1.2 -1.2 -1.2 -1.2 -1.2 -1.2 -1.2 -1.2 -1.2 -1.2 -1.2 -1.2 -1.2 -1.2 -1.2 -1.2 -1.2 -1.2 -1.2 -1.2 14.7 30.7 28.5 11.8 19 31.4 31.4 30 29.7 30.4 30.4 29.4 28 26.9 26 23.7 25.4 28.9 31.4 30.1 30.4 33.4 34.9 36.4 37.7 39.5 41.5 42.1 42.4 42.7 43.1 44.5 46.3 47.4 48.4 49.3 46.2 45.3 50.3 53.8 57.5 60.5 61.8
-1.2 -1.2 -1.2 -1.2 -1.2 -1.2 -1.2 -1.2 -1.2 -1.2 -1.2 -1.2 -1.2 -1.2 -1.2 -1.2 -1.2 -1.2 -1.2 -1.2 -1.2 -1.2 -1.2 -1.2 -1.2 -1.2 -1.2 -1.2 -1.2 -1.2 -1.2 -1.2 -1.2 -1.2 -1.2 -1.2 -1.2 -1.2 -1.2 -1.2 -1.2 12 21.9 32.9 31.5 29.8 16.2 30.6 32.1 32 32.2 33.4 33.1 32.6 30.9 29.3 28.2 26.8 24.1 26.1 27.6 27 28.5 30.8 32.4 33.5 34.3 36.7 38.4 39.4 40.9 41.8 42.6 44.3 46.2 46.7 48.4 50.1 47.4 44.7 47.5 51.6 58.3 61.6 61.8
-1.2 -1.2 -1.2 -1.2 -1.2 -1.2 -1.2 -1.2 -1.2 -1.2 -1.2 -1.2 -1.2 -1.2 -1.2 -1.2 -1.2 -1.2 -1.2 -1.2 -1.2 -1.2 -1.2 -1.2 -1.2 -1.2 -1.2 -1.2 -1.2 -1.2 -1.2 -1.2 -1.2 -1.2 -1.2 -1.2 -1.2 -1.2 -1.2 -1.2 14.6 21.4 37.9 36.4 34.6 33 31.4 31.3 33.2 33.9 33.9 35.5 35.8 35.5 34.1 32.4 30.7 29.4 26.9 25.4 27.4 28.7 29.7 29.8 31.4 34.1 36.3 37.8 38.1 38.8 39.9 41.5 43 44.5 45.3 45.8 48.2 49.5 47.8 44.1 45.3 52.4 57.6 60.5 60.3
-1.2 -1.2 -1.2 -1.2 -1.2 -1.2 -1.2 -1.2 -1.2 -1.2 -1.2 -1.2 -1.2 -1.2 -1.2 -1.2 -1.2 -1.2 -1.2 -1.2 -1.2 -1.2 -1.2 -1.2 -1.2 -1.2 -1.2 -1.2 -1.2 -1.2 -1.2 -1.2 -1.2 -1.2 -1.2 -1.2 -1.2 -1.2 0.9 15.5 30.7 41 39.6 39.5 37.6 35.5 33.7 31.8 34.9 35.5 35.6 37.4 37.9 37.4 36.2 34.4 32.4 30.4 28.3 26.8 29 30.3 31.3 31.7 32.3 33.2 36.6 39 39.7 40.1 40.9 41.7 42.9 44.4 45.3 46.7 49 50.1 48.5 44.6 44.4 50.4 54.7 57.4 56
-1.2 -1.2 -1.2 -1.2 -1.2 -1.2 -1.2 -1.2 -1.2 -1.2 -1.2 -1.2 -1.2 -1.2 -1.2 -1.2 -1.2 -1.2 -1.2 -1.2 -1.2 -1.2 -1.2 -1.2 -1.2 -1.2 -1.2 -1.2 -1.2 -1.2 -1.2 -1.2 -1.2 -1.2 -1.2 -1.2 -1.2 0.8 5 25.3 44.4 45.2 43.6 42 40.7 38.5 35.4 31.8 35.8 36.9 37.5 39 39.3 39 37.6 35.4 32.7 30.6 30.2 29 28.1 32 33.3 33.8 34.2 34.7 34 37.7 39.8 40.6 41.4 42.9 43.3 44.1 45.2 47.6 49.9 50.7 49.4 44.7 43.2 47.5 49.6 48.8 52.6
-1.2 -1.2 -1.2 -1.2 -1.2 -1.2 -1.2 -1.2 -1.2 -1.2 -1.2 -1.2 -1.2 -1.2 -1.2 -1.2 -1.2 -1.2 -1.2 -1.2 -1.2 -1.2 -1.2 -1.2 -1.2 -1.2 -1.2 -1.2 -1.2 -1.2 -1.2 -1.2 -1.2 -1.2 9.9 17.5 13.2 14 20.5 36.6 48.1 47.8 46.7 45.4 43.8 41 37.5 36.6 37.4 39 39.5 40.1 40.7 40.2 38.6 36.4 34.7 32.8 32.7 31.9 29.5 32.4 34.8 35.4 36.1 36.3 36.4 36.8 38.2 39.9 41.1 42.7 44.1 44.8 45.7 48.2 50.3 51.7 50.1 43.4 44.3 45.7 48 51.1 53.6
-1.2 -1.2 -1.2 -1.2 -1.2 -1.2 -1.2 -1.2 -1.2 -1.2 -1.2 -1.2 -1.2 -1.2 -1.2 -1.2 -1.2 -1.2 -1.2 -1.2 -1.2 -1.2 -1.2 -1.2 -1.2 -1.2 -1.2 -1.2 -1.2 -1.2 -1.2 -1.2 -1.2 -1.2 25.7 33.3 38 37.5 34.4 48.9 51.1 52.1 51.2 48.7 46.2 42.7 40.1 39.1 39.2 41 41.6 41.9 42.2 41.6 39.9 38.3 36.3 34.9 34.8 33 31.1 32.4 35.3 36.1 37.3 37.6 37.9 37.6 37.5 39.1 40.7 42.7 44.1 45.1 46.9 49.1 51.1 51.6 49.8 43.7 44.8 48.3 49.8 51 55.2
-1.2 -1.2 -1.2 -1.2 -1.2 -1.2 -1.2 -1.2 -1.2 -1.2 -1.2 -1.2 -1.2 -1.2 -1.2 -1.2 -1.2 -1.2 -1.2 -1.2 -1.2 -1.2 -1.2 -1.2 -1.2 -1.2 -1.2 -1.2 -1.2 -1.2 -1.2 -1.2 1.1 16.2 24.8 34.9 39.5 42.8 46.2 49.3 52.4 55 55.4 52.3 48 45.7 43.5 41.6 40.4 41.9 43 43.5 43.9 42.9 41.6 39.2 37 37.2 36.1 34.6 33.1 31.2 34.5 36.7 37.4 37.2 39.1 39 38.4 39.1 40.3 42.1 43.9 45.5 47.1 49.5 51 51.1 48.6 42.5 45.8 49.6 51.7 52.3 56.1
-1.2 -1.2 -1.2 -1.2 -1.2 -1.2 -1.2 -1.2 -1.2 -1.2 -1.2 -1.2 -1.2 -1.2 -1.2 -1.2 -1.2 -1.2 -1.2 -1.2 -1.2 -1.2 -1.2 -1.2 -1.2 -1.2 -1.2 -1.2 -1.2 -1.2 10.7 5.9 16.2 31.9 34.9 36.1 37.4 40.1 44.4 47.7 51.1 53.8 56.1 55 51.4 49.1 47.1 44.8 43 44.4 44.9 45.3 44.7 43.8 42.3 39.6 38.9 39 37.5 35.7 35 33.6 34.9 36.5 37.4 38.4 39.8 40 39.9 39.8 40.6 42.5 44.4 45.9 47.3 49.6 50 49.5 45.7 40.9 45.5 48.9 51.7 53.4 57.5
-1.2 -1.2 -1.2 -1.2 -1.2 -1.2 -1.2 -1.2 -1.2 -1.2 -1.2 -1.2 -1.2 -1.2 -1.2 -1.2 -1.2 -1.2 -1.2 -1.2 -1.2 -1.2 -1.2 -1.2 -1.2 -1.2 -1.2 -1.2 -1.2 -1.2 -1.2 -1.2 16.7 34.9 37.6 39.2 40.7 42 44.2 47.5 51.1 54.4 57.5 57.7 55.5 52.8 50.6 48 46.1 46.9 46.9 47 45.8 44.4 42.5 41 41.1 40.4 38.5 36.5 36.4 35.3 35.4 37.9 39.2 39.1 40 40.9 41 40.9 41.2 43 44.9 46.3 47.7 48.5 48.2 47.3 45.4 41.7 44.6 47.3 50 53.4 58.3
-1.2 -1.2 -1.2 -1.2 -1.2 -1.2 -1.2 -1.2 -1.2 -1.2 -1.2 -1.2 -1.2 -1.2 -1.2 -1.2 -1.2 -1.2 -1.2 -1.2 -1.2 -1.2 -1.2 -1.2 -1.2 -1.2 -1.2 -1.2 -1.2 -1.2 -1.2 -1.2 1 35.4 39.6 41.6 43.5 46.1 48.9 51.8 57.8 59.8 66.8 64.4 61.5 58.3 54.1 51.3 49.4 49 48.5 48.2 47.4 46.1 44.6 43.4 42.6 41.4 39.8 38.6 37.4 36.1 36.6 38.4 39.8 40.1 40.7 41.5 41.9 42.1 42.2 43.9 45.3 46.4 47.2 47.3 46.8 46.2 43.5 42.1 44.9 46.7 49.4 52.5 57.1
-1.2 -1.2 -1.2 -1.2 -1.2 -1.2 -1.2 -1.2 -1.2 -1.2 -1.2 -1.2 -1.2 -1.2 -1.2 -1.2 -1.2 -1.2 -1.2 -1.2 -1.2 -1.2 -1.2 -1.2 -1.2 -1.2 -1.2 -1.2 -1.2 -1.2 -1.2 -1.2 21.3 39.9 41.5 43.4 46.5 49.6 54.1 55.7 61.4 78.3 80.8 77.5 74.6 64.7 57.8 53.9 52.2 51.3 50.9 50 48.7 47.8 46.6 45.2 43.6 42.4 41.4 40.2 39.1 37.9 36.9 39 40.1 41 41.7 42.4 42.7 43.7 44.2 45.4 45.5 45.8 46.1 45.6 45.1 42.7 42 45 47.5 48.5 50.2 53.7 56
-1.2 -1.2 -1.2 -1.2 -1.2 -1.2 -1.2 -1.2 -1.2 -1.2 -1.2 -1.2 -1.2 -1.2 -1.2 -1.2 -1.2 -1.2 -1.2 -1.2 -1.2 -1.2 -1.2 -1.2 -1.2 -1.2 -1.2 -1.2 -1.2 -1.2 -1.2 7.8 28.9 39.7 42.7 45.8 50.6 56.4 62.7 70.6 79.2 90.5 97.1 88.9 81.1 70.3 62.9 57.1 54.6 53.9 53.1 51.9 50.5 49.2 48.1 46.6 45.1 43.8 42.8 41.7 40.7 39.3 37.5 38.7 39.9 41 41.8 42.3 42.8 44.3 45.3 45.6 45.8 45.6 45 43.7 42.9 40.1 43 46.7 48.8 49.3 52.3 56.8 59.4
-1.2 -1.2 -1.2 -1.2 -1.2 -1.2 -1.2 -1.2 -1.2 -1.2 -1.2 -1.2 -1.2 -1.2 -1.2 -1.2 -1.2 -1.2 -1.2 -1.2 -1.2 -1.2 -1.2 -1.2 -1.2 -1.2 -1.2 -1.2 -1.2 -1.2 16.8 30.6 37.4 40.7 43.7 48.2 57.1 64.3 71.2 76.5 81.4 89.1 92.3 93.6 81.8 69.4 62.6 59.2 56.8 55.9 55 53.8 51.8 50.6 48.9 47.4 46.2 45.2 44 42.8 41.5 40.2 39.1 38.8 39 40.8 42.1 42.5 42.8 44.1 45.2 45 46 45.6 44.7 41.8 40.1 40.4 43.7 47.2 49.5 49.9 53.5 59.8 62.7
-1.2 -1.2 -1.2 -1.2 -1.2 -1.2 -1.2 -1.2 -1.2 -1.2 -1.2 -1.2 -1.2 -1.2 -1.2 -1.2 -1.2 -1.2 -1.2 -1.2 -1.2 -1.2 -1.2 -1.2 -1.2 4.9 -1.2 -1.2 10.9 22.9 29.2 35.9 38.5 41.6 46.3 55.6 63.4 70.4 75 78.6 81.1 83.2 82.7 82.1 77.9 69.2 62 60.1 59 57.8 56.9 55.4 53.4 51.2 49.4 47.8 46.7 46.1 44.7 43.5 42.2 40.8 39.9 39.7 39.7 41 42.5 42.8 43.5 44.5 44.2 43.4 44.3 44 42.6 39.7 40.3 41.9 44.2 47.4 49.6 51.6 55.6 59.7 64.5
-1.2 -1.2 -1.2 -1.2 -1.2 -1.2 -1.2 -1.2 -1.2 -1.2 -1.2 -1.2 -1.2 -1.2 -1.2 -1.2 -1.2 -1.2 -1.2 -1.2 -1.2 -1.2 -1.2 -1.2 -1.2 2.7 -1.2 -1.2 14.3 33.1 34.6 37.3 40.3 43.1 49.4 60 67 73.4 76.1 79.7 80.5 74.1 70.5 68.4 66.7 63.6 60.7 59.4 58.6 58.7 60.2 60.4 53.7 51.6 49.8 48.1 46.6 45.7 44.9 43.5 42.2 40.8 39.9 39.9 40.4 41.2 42.6 43.6 44.6 43.8 43 42.2 42.4 41.9 40.5 39.4 40.7 42.2 44 45.7 47.7 49.7 51.2 53.5 57.6
-1.2 -1.2 -1.2 -1.2 -1.2 -1.2 -1.2 -1.2 -1.2 -1.2 -1.2 -1.2 -1.2 -1.2 -1.2 -1.2 -1.2 -1.2 -1.2 -1.2 -1.2 -1.2 -1.2 -1.2 -1.2 -1.2 -1.2 -1.2 10.4 33.2 36.4 39 42 44.9 50.4 60.3 68.3 74.2 75.4 73.5 71.2 68.4 66.1 63.1 62.4 61.2 60.3 58.4 57.2 56.8 58.4 56.2 53.3 51.1 49.4 47.6 46.1 44.7 43.9 42.9 41.8 40.8 40.1 40.3 40.8 41.6 42.9 44 44.4 43.5 42.3 41.2 40.6 39.7 38.7 39.5 41.5 43.4 45.1 46.5 48.8 51.3 53.7 54.9 56.1
-1.2 -1.2 -1.2 -1.2 -1.2 -1.2 -1.2 -1.2 -1.2 -1.2 -1.2 -1.2 -1.2 -1.2 -1.2 -1.2 -1.2 -1.2 -1.2 -1.2 -1.2 -1.2 -1.2 -1.2 -1.2 -1.2 -1.2 -1.2 18 24.7 36.1 40.2 43.6 46.8 50.8 59.2 67.9 74.4 73.1 69.9 67.2 64.7 63 61.6 60.3 58.9 57.7 57.1 55.4 54.4 54.5 53.3 51.6 50.1 48.7 47.1 45.7 44.4 42.7 41.5 40.6 39.8 41 41.6 41.4 42.1 43.5 44.1 43.9 42.7 41.2 40.2 37.9 39 40 41.6 42.4 44 46.9 48.1 50.3 53.6 57.1 59.5 60.6
-1.2 -1.2 -1.2 -1.2 -1.2 -1.2 -1.2 -1.2 -1.2 -1.2 -1.2 -1.2 -1.2 -1.2 -1.2 -1.2 -1.2 -1.2 -1.2 -1.2 -1.2 -1.2 -1.2 -1.2 -1.2 -1.2 -1.2 -1.2 22.2 35.4 34.6 39.8 43.8 47.5 51.4 57.4 67.7 73.5 69.8 66.3 64.4 62.6 61.6 61 58.8 57.4 55.9 54.7 53.3 52.1 51.8 51.8 50.5 49.1 47.6 46.2 45.2 44.1 42.8 40.7 39.8 40 40.8 41.8 42.1 41.6 41.5 43.5 43.3 41.9 41 39.8 38.1 38.8 40.4 42.1 43.6 45.2 47 47.8 51.2 54.4 59.2 62.6 64.8
-1.2 -1.2 -1.2 -1.2 -1.2 -1.2 -1.2 -1.2 -1.2 -1.2 -1.2 -1.2 -1.2 -1.2 -1.2 -1.2 -1.2 -1.2 -1.2 -1.2 -1.2 -1.2 -1.2 -1.2 -1.2 -1.2 -1.2 -1.2 20 37.3 39.1 40.2 43.5 47 50.5 55.3 63 69 65.3 63.5 61.9 60.9 60.1 59.1 57.9 56.6 55.3 53.2 51.8 51 49.6 49.8 49.7 48.1 46.5 44.8 44.4 43.6 42.6 40.6 39.3 40.3 40.9 41.3 41.7 41.8 42.5 42.6 42.3 41.4 41 39 38.1 39.8 41.3 42.2 43.4 43.9 45.4 48 51.6 55.7 59.2 63.1 67
-1.2 -1.2 -1.2 -1.2 -1.2 -1.2 -1.2 -1.2 -1.2 -1.2 -1.2 -1.2 -1.2 -1.2 -1.2 -1.2 -1.2 -1.2 -1.2 -1.2 -1.2 -1.2 -1.2 -1.2 -1.2 -1.2 -1.2 -1.2 14.3 27.7 40.5 41.7 44.2 46.5 49.8 54 59.8 64.4 63.2 61.6 60.3 59.3 58.8 58 57.5 56.1 54.7 53.3 51.9 51.3 49.2 47.5 47.9 47.1 45.4 43.6 42.7 42.5 41.8 39.7 39.4 40.2 40.7 41.2 41.1 41 41.5 41.5 41.5 42 41.2 36.6 38.2 40.9 42.5 43.3 43.3 44.2 46.2 48.4 51.6 55.8 59 63.1 67.5
-1.2 -1.2 -1.2 -1.2 -1.2 -1.2 -1.2 -1.2 -1.2 -1.2 -1.2 -1.2 -1.2 -1.2 -1.2 -1.2 -1.2 -1.2 -1.2 -1.2 -1.2 -1.2 -1.2 -1.2 -1.2 -1.2 -1.2 -1.2 4.1 23.8 41.2 43.1 45.3 47.4 49.8 53.5 56.7 61.2 61.3 60 59 58.1 57.7 57.8 57.3 55.7 54.2 53 51.6 50.3 49.2 47.2 44.9 44.6 43.4 41.8 39.6 39.3 39.6 38.1 38.9 39.3 39.9 39.8 40.5 40.6 40.9 41.9 42.6 42.2 40.5 37.8 38.1 41.4 43.2 43.5 43.7 44.9 46.8 49.4 52.8 56.5 59.4 64.1 69
-1.2 -1.2 -1.2 -1.2 -1.2 -1.2 -1.2 -1.2 -1.2 -1.2 -1.2 -1.2 -1.2 -1.2 -1.2 -1.2 -1.2 -1.2 -1.2 -1.2 -1.2 -1.2 -1.2 -1.2 -1.2 17.3 23.8 28.8 23.7 28.1 40.6 43.3 46 48.3 50.4 53 56.1 58.7 59.5 59 58 57.1 57 57.3 56.3 55.2 53.9 52.6 51.3 50.4 49.4 47.4 44.7 41.9 40.6 39.9 39.6 38.3 36.6 36.4 37.4 38.1 38.3 38.2 39.1 40.8 41.2 42.1 42.4 42.2 40.4 36.5 38.4 41 43 43.7 44.1 45.1 47.2 51 54.6 58.4 62.7 67.8 75.4
-1.2 -1.2 -1.2 -1.2 -1.2 -1.2 -1.2 -1.2 -1.2 -1.2 -1.2 -1.2 -1.2 -1.2 -1.2 -1.2 -1.2 -1.2 -1.2 -1.2 -1.2 -1.2 -1.2 -1.2 -1.2 -1.2 -1.2 37.5 39.1 29.6 36.9 41.4 44.9 48.5 50.8 52.4 55.3 57.6 58.8 58.6 57.5 56.6 56.5 56.5 56.2 55 53.4 52.2 50.7 49.1 48.1 46.6 43.8 41.8 41.9 41.9 40.7 39 37 34 35.5 36.5 36.9 37.1 38.3 40.2 41.8 41.8 41.1 41 38.9 36.5 38.1 40.4 42.3 43.3 44.3 45.3 47.8 52.3 57.8 63.2 69.4 76.5 85.8
-1.2 -1.2 -1.2 -1.2 -1.2 -1.2 -1.2 -1.2 -1.2 -1.2 -1.2 -1.2 -1.2 -1.2 -1.2 -1.2 -1.2 -1.2 -1.2 -1.2 -1.2 -1.2 -1.2 -1.2 -1.2 -1.2 -1.2 42.4 43 42.4 37.2 40.1 45.6 47.6 50.5 52 54.2 57.4 58.6 58.5 57.4 56.3 55.8 55.8 55.7 55.6 53.8 51.7 49.7 47.6 45.7 44.2 43.4 43.5 43.4 42.6 41.5 39.7 37.8 36 34.6 35 35.6 37.3 40.3 41.6 42.6 42 40.2 37.6 36.2 36.1 37.7 39 41.8 43.5 44.5 45.7 50 55 61 70.1 77.6 84.9 92.6
-1.2 -1.2 -1.2 -1.2 -1.2 -1.2 -1.2 -1.2 -1.2 -1.2 -1.2 -1.2 -1.2 -1.2 -1.2 -1.2 -1.2 -1.2 -1.2 -1.2 -1.2 -1.2 -1.2 -1.2 -1.2 29.2 37.4 45.3 46.1 45.5 40.3 45.2 47.5 50 52.3 53.9 55.2 58 59.3 58.9 58.2 56.4 55.3 54.8 54.7 54.6 52.9 50.8 48.7 47 46.4 45.5 45.1 45.3 44.9 43.9 42.4 40.3 38.3 36 33.9 33.5 34.9 37.6 40.1 42.3 42.4 40.8 38.3 35.4 37.3 38 38.3 39.4 41.2 42.9 44.4 46.7 53.1 57.6 63.7 73.7 83.4 90 96.7
-1.2 -1.2 -1.2 -1.2 -1.2 -1.2 -1.2 -1.2 -1.2 -1.2 -1.2 -1.2 -1.2 -1.2 -1.2 -1.2 -1.2 -1.2 -1.2 -1.2 -1.2 -1.2 -1.2 -1.2 27.4 43.1 47.2 48.9 49.7 48.4 43.1 47.1 49.2 51.7 53.9 55.4 57.3 58.8 59.5 60.1 59.4 58.2 56.7 54.9 53.8 53.1 51.5 49.8 48.9 48.3 48 47.5 48.2 47.3 47.3 45.7 43 40.8 38.8 36.4 33.5 31.9 35.2 37.5 40 41.8 41.1 39.2 35.9 35.9 38.9 40 40.1 40.2 41.5 43 44.4 50.5 55.2 59.5 65.1 75.8 84.9 91.7 98
-1.2 -1.2 -1.2 -1.2 -1.2 -1.2 -1.2 -1.2 -1.2 -1.2 -1.2 -1.2 -1.2 -1.2 -1.2 -1.2 -1.2 -1.2 -1.2 -1.2 -1.2 -1.2 -1.2 -1.2 32.3 51.2 60 60.8 54.6 51.3 47.1 48.3 51 52.5 54.8 56.6 58.4 59.4 60.1 60.9 60.9 60.1 58.6 56.1 54.5 53.3 52 51.2 50.7 50 49.6 48.6 48.6 48.7 48.5 46.9 44.1 41.6 39.3 36.8 33.8 30.6 34.3 36.2 38.9 39.7 38.7 36.6 34.4 36.4 39.3 41 41.6 41.6 42.6 44.2 46.9 51 55.4 59.4 64.7 74.3 84.6 90.7 98.2
-1.2 -1.2 -1.2 -1.2 -1.2 -1.2 -1.2 -1.2 -1.2 -1.2 -1.2 -1.2 -1.2 -1.2 -1.2 -1.2 -1.2 -1.2 -1.2 -1.2 -1.2 -1.2 -1.2 3.6 48.5 64.5 68.6 66.4 61.9 54.4 50.2 46.2 51 52.8 54.8 57.1 58 58.9 59.8 60.7 61.8 61.5 60.6 58.7 57.1 54.9 54 53.6 52.9 51.1 49.9 49 48.6 48.3 48.2 47.7 45.2 42.5 39.7 37.2 33 28 30.8 32.7 35.6 34.2 35.1 34.1 34.1 36.9 38.8 41.1 42.3 44.2 45.2 46.9 49.4 52.6 55.8 59.5 64.1 71.3 81.3 88.3 97.7
-1.2 -1.2 -1.2 -1.2 -1.2 -1.2 -1.2 -1.2 -1.2 -1.2 -1.2 -1.2 -1.2 -1.2 -1.2 -1.2 -1.2 -1.2 -1.2 -1.2 26.7 42.2 41.3 43.3 59.8 71.9 70.9 65.7 60.7 54.9 51.8 45.9 50.6 53 54.8 56.1 56.8 57.4 58.3 60.2 61.8 63.2 62.8 61.1 59.4 57.3 57 56 54.4 52 50.4 49.1 48 47.1 46.7 46.9 45.4 42.8 40 36.7 32.9 27.5 30.6 30.4 37.1 37.8 37.1 35.2 36 38.6 40.6 42.6 43.9 46.7 48.1 49.1 51.6 55 57.6 60.9 64.2 70 77.8 85.9 95.9
-1.2 -1.2 -1.2 -1.2 -1.2 -1.2 -1.2 -1.2 -1.2 -1.2 -1.2 -1.2 -1.2 -1.2 -1.2 -1.2 -1.2 -1.2 -1.2 21.6 44.2 72.7 75.4 70.7 73.7 76.6 73.6 63.1 59 54 51.6 48.3 50.4 51.9 52.7 54.1 55.7 55.8 57.2 58.7 60.3 63.2 63.7 62.3 60.6 59.9 58.8 57.4 55.2 53.1 51.1 49.6 48.2 46.4 45.1 45.1 44.7 43.1 40.4 36.5 30.3 29.2 34.1 36.8 38.9 39.3 38.8 38.1 37.4 41.7 43.8 45.4 46.6 48.7 50.8 51.3 53.1 56.9 59.8 63 65.5 69.4 75 84.2 94.4
-1.2 -1.2 -1.2 -1.2 -1.2 -1.2 -1.2 -1.2 -1.2 -1.2 -1.2 -1.2 -1.2 -1.2 -1.2 -1.2 -1.2 -1.2 -1.2 30.4 58.7 84.9 93 89.5 86.4 82.6 75 64.4 57.3 53.3 51 48.3 50.6 51.6 51.8 52.6 53.5 54.5 56.1 57.2 58.6 60.2 62.7 62.4 61.3 60.6 59.4 58.1 55.2 53.3 51.2 50.1 48.3 46.2 44.2 43.2 43.1 42.2 39.9 35.4 29.5 31.9 34.9 37.7 38.9 38.9 39.4 40 39.9 41.9 45.2 47.6 49.7 51.7 53.2 54.8 55.5 58.5 61.5 64.9 67 69.9 75.5 86.2 94.5
-1.2 -1.2 -1.2 -1.2 -1.2 -1.2 -1.2 -1.2 -1.2 -1.2 -1.2 -1.2 -1.2 -1.2 -1.2 -1.2 -1.2 30.6 40.9 49.2 74.4 99.9 97.5 95.5 87.1 79.9 78.8 63.2 56 53.1 51.1 49.8 50.3 51.4 51.3 51.7 53 54.5 55.5 55.7 56.5 57.3 58.5 59.5 60.3 60 59 57.4 55.5 52.9 51.3 50.7 49.1 46.6 43.4 41 40.8 40.8 38.5 33.5 25.4 31.3 33.6 35.5 37.6 38.9 40 40.7 41.6 43.5 44.1 46 51 52.9 54.6 56.6 59 61.3 64.9 68 70.8 73.4 78.5 87.2 92.7
