app/static/ascii/SH22.asc
ncols 200
nrows 200
xllcorner 220000
yllcorner 320000
cellsize 50
[rows 38 to 75 of 200, columns 0 to 83 of 200]
72 72.7 72.7 72.8 73.5 75.2 76.7 79 79.9 80.1 81.8 84.6 85.4 87.8 90.2 92.6 94.5 95.6 94.8 94.9 96.1 97 97.6 98.4 100.2 103 104.6 107.3 109.3 111.6 113.5 115.3 117 120.6 124.5 127.6 131.6 135.3 138.5 141.8 147.6 152 157.2 163.7 178.5 184.2 191 193.2 192.8 191.4 192.5 193.1 194.5 194 191 187.8 184.8 182 179.4 169.7 156.5 147.8 141.5 134.4 128 120.6 112.9 104.7 96.1 87.3 78 68.7 57.4 54.8 55.1 48.8 24.8 1 -0.2 -1.2 -1.2 -1.2 -1.2 -1.2
74.3 74.6 75.7 76.3 76.9 76.6 77.9 80.1 82.8 85.2 84.9 85.6 87.8 89.6 91.4 93.5 94.3 94.4 93.6 94.1 94.9 95.9 96.7 97.9 100.2 101.7 103.1 105.9 108.7 111.3 113.4 115.2 117.2 120.3 122.7 127 129.5 133.2 136 138.4 143.9 148.6 152.7 153 168 177.6 184.3 185.7 186 187.1 188.4 190.8 192.9 192.3 189.9 187.3 184.4 184.6 178.8 166.7 155.7 148 140.5 134.2 127 118.2 107.3 96.8 85.2 72.9 64.4 55.2 50.3 52.7 54.7 44.6 22.1 0.8 -1.2 -1.2 -1.2 -1.2 -1.2 -1.2
74.7 76.2 76.7 78 79.2 79.8 80 80.8 84.2 86.8 87.6 86.9 88.6 90.6 92.6 94.1 94.4 93.8 93.1 93.9 94.8 96.8 98.2 99.1 99.9 101.4 102.9 106.5 109.3 110.8 112.5 113.9 116.1 118.6 121.8 124.6 127.1 131 133.3 135.2 139.7 144.2 148.8 154.8 161.1 170.3 176.4 179.8 181.7 183.1 185.4 189.2 191.4 190.7 188.8 185.6 186.5 186.9 174.3 165.1 156.9 149.9 140 132.8 125.5 116.5 105.1 90.1 75.6 62.2 55 48.5 47.2 48.4 46.6 31.1 12.9 1.5 -0.3 -1.2 -1.2 -1.2 -1.2 -1.2
75.5 76.2 77.1 78.1 80.1 82 82.3 82.3 84.4 86.8 88 88 89.3 91.4 93.7 95.2 94.4 93.2 93.2 93.7 94.6 96.9 97.4 98.3 100.1 101.5 104 107.4 109.7 110.8 111.6 112.4 114.2 116.6 120.7 122.7 124.7 128.5 130.4 132.7 136.4 140.7 147.1 152.9 157.8 165.9 172 175.9 177.2 179.1 184.1 188.7 189.9 188 186.6 186.6 186.6 182.9 170.5 163.9 157.5 150.4 140.8 132 123.7 113.7 101.1 87.4 72.3 59.1 51.2 48 45.1 41.4 27.3 15.8 4.5 0.6 -1.2 -1.2 -1.2 -1.2 -1.2 -1.2
76.8 77.8 78.9 79.9 80.5 81.3 83.9 84.8 85.2 86.3 87.7 88.3 89.3 90.8 93.4 95.1 94.2 92.9 93.4 93.9 95.5 96.1 96.4 97.5 99 100.6 104.8 107.3 109.1 110.9 110.8 111.4 112.5 115.7 119 121.5 123.1 126.1 127.3 130.2 134.2 138.6 144 149.7 156.2 163.5 168.4 170.9 173.3 178 182.2 187.4 188.4 184.1 184.4 187.7 187.5 179.2 172 164.2 157.7 149.4 141.2 132.3 122.6 111.9 98.9 84.3 69 55.3 49.8 47.3 45.3 36.4 18.8 4.7 0.8 -1.2 -1.2 -1.2 -1.2 -1.2 -1.2 -1.2
79.1 80.1 80.9 82 82.7 83.4 85.2 86.2 86.9 87.2 88 88.9 89.5 90.7 93.5 94.8 93.4 93.3 93.1 93.5 94.8 95.9 96.4 97.8 100.2 100.7 104.3 106.6 108.4 109.9 110.2 111 111.2 113.9 117 119.7 121.3 123 124.2 127.4 130.9 134.5 140.1 146.9 152.6 158.3 164.1 168.5 172.6 176.9 180.3 184.2 184.6 182.5 185.7 187.3 185.1 178.7 172.4 165.6 157.9 149.7 142.4 133.3 124.7 114.1 101.1 84.6 65.5 52.6 47.7 45.6 43.7 22.1 5 0.9 -1.2 -1.2 -1.2 -1.2 -1.2 -1.2 -1.2 -1.2
80.5 82 83.5 84.4 85.4 85.6 86.8 87.4 88.2 88.3 88.3 89.5 90.1 90.3 92.4 93.1 92.7 93.2 93.6 94 95.5 95.4 97.6 98.6 99.8 101 102.6 104.9 107.3 108.8 109.9 110.6 110.5 111.9 114.2 116.2 118.6 120.2 121.8 124.8 128.1 130.8 135.9 142.2 148.9 156.4 163.7 168.2 171.7 174 175.8 178.7 181.5 184.8 187 187.5 185.7 180.8 175 167.7 159.6 152.1 144.6 135.4 124.8 115.6 101.7 82.8 61.1 52.1 46.7 37.5 27.9 11.6 1.5 -1.2 -1.2 -1.2 -1.2 -1.2 -1.2 -1.2 -1.2 -1.2
83 85.1 86.7 87.7 88 88 88.2 89 89.6 89.5 89.4 90 89.6 91.2 91.7 92.9 92.5 92.1 94.4 95.6 96 97 96.8 98.6 99.8 100.7 102 103.7 105.5 107.6 108.8 109.1 109.8 111.7 113.4 115.3 117.6 119.9 120.9 123.3 126.5 129.8 134.5 141.2 149.3 156.7 163.3 167.2 167.7 171.4 176.5 181.3 184.3 187.9 190 189.7 187.8 183.8 178.6 171.4 162.4 154 146.9 137.9 126.7 114.3 99 80.8 63.8 51.6 44.3 30 21.8 3.3 0.5 -1.2 -1.2 -1.2 -1.2 -1.2 -1.2 -1.2 -1.2 -1.2
85.3 87.4 89.2 90.4 90.7 90.6 90.8 91.1 91.6 91.2 90.8 90.2 90.5 91.6 91.4 92.4 92.5 92.9 95.2 96.9 97 97 98.1 98.5 98.5 99.6 101.2 103.1 105.2 107 107.9 108.4 109.5 111.7 112.7 115.1 117.9 121.3 122.2 123.4 126.2 129.9 134.5 141.3 149.5 155.9 158.7 163.4 166.8 173.1 178.4 183.3 188.2 191.9 193.8 193.9 192.3 189.6 182.6 175.8 167.6 159 149.8 140.8 131.1 113.7 97.8 79.4 62.5 51.5 41.7 26.2 17.5 1.1 -1.2 -1.2 -1.2 -1.2 -1.2 -1.2 -1.2 -1.2 -1.2 -1.2
87.6 89.5 91.5 92.8 93.3 93.1 93.4 93.5 93.2 92 91.2 90.3 90.4 90.5 91 91.2 91.8 93.4 95.6 97.1 97.7 97.4 98.6 99.2 99 99.6 101.1 102.8 104.7 106.5 107.1 107.7 109.7 111.1 112.4 112.9 118.7 122 123 124 125.9 129.2 132.7 137.8 145.3 151.3 158.9 163.5 169.1 175.5 180.2 185.9 191.2 197.7 201.1 204.1 201.5 196.4 190.1 181.7 173.6 164.3 156.3 139.1 129 113.3 98.3 79.9 60.5 49.9 30.4 24.2 11.8 0.4 -1.2 -1.2 -1.2 -1.2 -1.2 -1.2 -1.2 -1.2 -1.2 -1.2
89.3 91.4 93.4 94.7 95.1 95.1 95.2 95.1 94.7 93.4 91.9 90.6 89.9 89.8 89.8 90.3 92.2 94.2 95.7 95.2 95.5 97.5 98.7 99.4 99.5 99.4 101.6 103.4 104.6 105.4 105.9 107.4 109.9 111.5 111.3 115.7 118.9 121.8 123.1 124.3 126.3 128.9 133.4 137.6 145.2 152.8 158.3 164.5 170.2 176.3 182.6 189.7 199.3 205.3 208.4 211 211.9 208.6 197.7 188.9 188.3 170.3 155.2 140.2 129.1 117.3 101.8 82.3 58.3 41.4 25 20.5 1.5 -1.2 -1.2 -1.2 -1.2 -1.2 -1.2 -1.2 -1.2 -1.2 -1.2 -1.2
91.2 93.3 95.2 96.4 96.8 97 96.5 95.9 95.4 94.3 92.8 91.2 89.9 89.6 89.4 90.2 91.6 93.8 95.2 94 94.6 96.2 97.8 98.7 98.9 99.6 101.7 103.2 103.8 104.9 105 107.1 109.3 109.5 113 115.1 118.9 121.4 122.6 124.3 127.6 131 135 140.2 146.2 151.5 157.6 164.1 171.2 177.1 185.8 195.6 204.9 209.6 214.1 220 221.8 220.5 210.5 198.8 179.2 165.2 151.4 140.8 134 122.5 102.2 76.2 55.9 31.6 18.7 12.6 0.8 -1.2 -1.2 -1.2 -1.2 -1.2 -1.2 -1.2 -1.2 -1.2 -1.2 -1.2
92.8 95 96.6 97.8 98.2 97.9 97 96.1 95.2 94.6 93.5 91.9 90.1 88.8 88.8 90.4 90.3 91.9 92.9 93.9 93 94.6 98.6 99.2 99.1 100.2 101.7 102.5 104.3 104.2 104 105.6 107.6 109.4 111.8 115.7 118.7 120.7 122.6 124.4 128.9 133.3 137.5 140.7 145.4 150.4 156.6 162.9 171 179 189 199.7 205.9 212.1 219.4 228.8 237.6 225.1 203.4 186.4 171.8 158.6 147.7 140.8 135 118.3 95.9 72.8 52.1 26.9 13 1.3 -0.1 -1.2 -1.2 -1.2 -1.2 -1.2 -1.2 -1.2 -1.2 -1.2 -1.2 -1.2
94.6 96.1 97.3 98.5 98.8 98 96.9 95.7 94.7 93.8 92.7 92 90.5 88.6 89 90 90.3 92.4 92.5 92.3 92.8 96.3 98.3 99.2 99 99.2 100 101.4 102.9 103.1 102.9 105 107.7 109.4 110.8 116.1 117.8 120.3 123.4 126.1 129.7 134.8 139.1 141.3 144.5 148.8 154.9 162.1 171.1 179.8 193.6 200.7 206.6 213.1 224.5 238.1 230.1 215.8 198.1 178.2 167 152.5 146.6 135.7 123.1 103.2 84.2 66.1 46.4 19.8 2.8 0.3 -1.2 -1.2 -1.2 -1.2 -1.2 -1.2 -1.2 -1.2 -1.2 -1.2 -1.2 -1.2
95.3 96.7 97.8 98.8 98.8 97.3 96 94.9 93.7 92.7 92.1 91.4 91.1 89.5 87.9 89.2 90.5 91.7 91.5 92.7 94.4 96.8 97.9 98.6 97.6 97.3 98.9 100.2 101.1 101.2 102.2 104.7 107 108.4 111.6 115.9 117.2 120.7 123.2 126.8 129.4 133.9 139.3 141.1 143.5 147.4 152.6 161.5 170 181 195.7 199.9 204.9 214.1 225.7 230 220.5 207.2 190.5 171.3 158.7 148.2 141.7 124.8 105.7 89 73.2 59.8 40.4 19.3 0.7 -1.2 -1.2 -1.2 -1.2 -1.2 -1.2 -1.2 -1.2 -1.2 -1.2 -1.2 -1.2 -1.2
95.3 97 98.1 98.4 98.2 97 95.4 93.9 92.5 91.6 91 90.8 90.4 89.5 87.6 89.1 90.6 91.6 92.5 93.4 95.1 97.3 97.6 97.3 96.6 96.1 97.5 98.7 100.1 101.3 103.2 105.9 107.7 107.4 111.5 115.8 118.1 120.6 123.4 126.1 129.5 132.5 139 140.8 142.6 145.9 151 159.8 168.2 182.2 191.8 197.4 202.7 211.6 222.1 219.1 208.7 192.9 175.3 162.8 150.6 143.5 134.6 112.4 94.4 78.5 64.7 53.6 43.9 28 -1.2 -1.2 -1.2 -1.2 -1.2 -1.2 -1.2 -1.2 -1.2 -1.2 -1.2 -1.2 -1.2 -1.2
95.9 97 97.6 98 98.3 97.1 95 93.2 91.5 90.2 89.7 89.8 89.4 88.7 87.3 89.1 90.6 92.2 93.1 94.2 96 97.2 97 96 95.2 96.8 98.9 100.4 102 102.7 104.5 106.7 108.2 110.8 114.6 116.5 117.8 120 121.8 125.1 130 132.5 136.8 139.6 141.5 144.8 150.9 158.5 167.1 176.8 186.2 193.1 201.8 213.3 216.4 211.5 197.3 180 168.4 155.5 143 136.6 124.5 99.1 84 68.2 56.6 47.7 40.6 12.3 -1.2 -1.2 -1.2 -1.2 -1.2 -1.2 -1.2 -1.2 -1.2 -1.2 -1.2 -1.2 -1.2 -1.2
96 97.3 98.1 99.3 99.5 98.5 95.3 92.8 90.9 89.4 88.8 88.6 88.3 87.6 87.1 88.5 90.7 92.6 93.7 95 96 96.1 95.2 93.9 96.2 98.4 100.6 102.4 103.3 103.2 103.9 105.4 107.5 112.2 114.7 115.5 117.6 120.1 122.1 125.9 129.2 131.9 136.1 137.7 140 145.2 150.6 157.3 165.4 173.5 181.5 192.5 202 212.8 211.6 200.3 187.2 172.1 159.3 148.1 136.4 125.2 108.5 87.2 72.2 58.4 50.8 32.5 16.9 -1.2 -1.2 -1.2 -1.2 -1.2 -1.2 -1.2 -1.2 -1.2 -1.2 -1.2 -1.2 -1.2 -1.2 -1.2
96.5 98.7 100.1 100.6 100.9 99.5 96.3 93.1 90.5 88.8 88.1 87.3 86.6 86.2 85.1 88.8 91.2 92.3 93.2 94.7 95.2 95.1 93.6 94.4 97.1 99.9 101.7 103.1 103.5 103.2 103.9 105 108.1 112 113.9 115.1 117.7 119.9 121.3 124.4 128.9 131.7 133.8 135.7 139.6 143.2 149.7 156 162.9 170 182 195.3 207.3 211.8 205.2 192.9 179.4 163.9 151.9 140.4 125.8 110.6 94.4 77.4 62.7 51.8 34.8 4.6 0.4 -1.2 -1.2 -1.2 -1.2 -1.2 -1.2 -1.2 -1.2 -1.2 -1.2 -1.2 -1.2 -1.2 -1.2 -1.2
97.9 99.5 100.8 101.4 101.2 99.3 96 93 90.1 88.4 86.8 85.7 84.9 85.1 86.2 89 91.2 91.7 92.2 93.4 94.7 93.9 92 93.2 96.3 99.1 101.2 102.5 103.5 103.7 104 105.4 108.6 111.6 112.7 115.4 118 120.1 121.2 122.8 126.9 129.5 130.4 134.6 138.3 143.6 149.3 155.7 161.2 168.5 181.3 199 209.4 209.3 198.8 187.4 170.3 156.7 145.2 133 112.6 97.8 85.1 65.5 54.4 39.8 22.3 1.1 -1.2 -1.2 -1.2 -1.2 -1.2 -1.2 -1.2 -1.2 -1.2 -1.2 -1.2 -1.2 -1.2 -1.2 -1.2 -1.2
98.1 99.8 101.1 101.7 101.4 98.5 95.2 92.3 90 88.3 86.7 85.2 83.8 83.2 85.6 88.3 90.7 90.7 92.1 93.4 94.8 94.1 92.6 92.1 94.9 97.9 100.6 102 103.3 103.6 103.9 106.2 108.1 110.2 112.8 115.5 117.8 120 120.9 121.9 125 126 130 135.6 139.6 143.4 149.4 155.3 161 168 179.8 197.3 205.8 198.8 189.8 173.3 156.3 145.4 132.9 118.5 103.5 89.1 73.9 56.7 49.6 26.3 2.2 -1.2 -1.2 -1.2 -1.2 -1.2 -1.2 -1.2 -1.2 -1.2 -1.2 -1.2 -1.2 -1.2 -1.2 -1.2 -1.2 -1.2
98 99.7 101.1 101.3 99.9 96.8 94.2 92.2 90.3 88.6 87 85 83 82.6 84.8 87.5 89.5 90.6 92.1 93.6 95.1 94.9 93.6 88.4 93.8 96.9 99.5 101.6 102.9 103.4 103.8 106 107.3 109 112.5 114.4 116.2 117.9 119.4 120.6 121.5 124.5 130.7 135.3 139.5 144 148.9 154.4 160.2 167.4 179.4 195.4 197.7 190.1 174.6 157.5 146.3 135.5 121.7 109.4 94.2 79.9 64.1 52.1 35.1 11.1 0.7 -1.2 -1.2 -1.2 -1.2 -1.2 -1.2 -1.2 -1.2 -1.2 -1.2 -1.2 -1.2 -1.2 -1.2 -1.2 -1.2 -1.2
97.2 98.6 99.8 99.5 97.8 94.3 92.5 91.1 90.2 89 87.2 85.1 82.9 81.6 83.9 86 88.1 90.3 91.9 93.6 95.4 95.7 94.7 91.9 91.1 95.5 98.2 100.3 101.6 102.3 103.2 104.6 105.3 107.1 112 112.7 113.1 113.5 114.8 116.2 118.5 126.4 131.1 134.6 140.7 144.2 148.3 153.2 158.6 166 179 193.3 185.1 176 161.2 147.2 136.5 124.5 110.8 101.2 85.8 69.6 53.6 48.3 27.9 2.1 -0.2 -1.2 -1.2 -1.2 -1.2 -1.2 -1.2 -1.2 -1.2 -1.2 -1.2 -1.2 -1.2 -1.2 -1.2 -1.2 -1.2 -1.2
95.9 97.2 97.8 97.1 94.7 92.4 90.9 89.9 89.6 88.9 87.7 85.2 83 81.2 82.6 85.7 87.8 89.7 91 93.2 95.3 95.5 94.8 93.1 83.8 94.5 97.2 98.9 99.9 100.4 101.3 102.2 103.1 107.2 109.4 109 108.5 109.2 110.9 114.2 119.4 125.3 130.6 134.6 139.1 142.8 146.9 151.3 157.2 163.6 172.7 179.3 177.8 166.2 155.1 139.4 127.3 114 102.7 91.9 74.2 57.3 48.9 42.6 18.6 0.9 -1.2 -1.2 -1.2 -1.2 -1.2 -1.2 -1.2 -1.2 -1.2 -1.2 -1.2 -1.2 -1.2 -1.2 -1.2 -1.2 -1.2 -1.2
95.2 95.8 95.7 94.2 92.6 90.8 89.1 89 88.9 88.6 87.7 85.4 83.7 81.7 81.7 84.2 86.6 89 91.4 93.3 93.9 94.4 93.8 92.2 80.9 93.5 96.4 98.4 99.2 98.8 98.7 98.7 103.5 105.8 106.1 104.7 105 108.8 113.1 116.2 120.5 124.8 128.7 133.4 137.7 141.4 145.5 149.9 155.9 160.6 171.5 178.8 171.6 159 149.4 134.1 117.5 105.2 93.5 78.4 59.7 49.4 44.1 35.2 3.7 0 -1.2 -1.2 -1.2 -1.2 -1.2 -1.2 -1.2 -1.2 -1.2 -1.2 -1.2 -1.2 -1.2 -1.2 -1.2 -1.2 -1.2 -1.2
94.5 94.8 94.2 93 91.1 89.4 87.7 86.8 86.9 87 85.7 84.8 83.8 81.8 80.6 83.2 86.1 89.1 91.6 93.2 92.6 92.5 91.9 75.5 90.4 94.3 97.6 98.5 98.2 96.1 93.7 98.9 101.9 102.3 101.5 100.4 106.6 111.9 116 119.6 122.9 126.4 129.3 133.2 137.1 140.6 144.1 148.3 153.6 157.1 175.8 174 162.4 153.5 143.4 126.5 106.1 93.7 81.3 65.1 51.9 35 36.1 26.3 1.1 -1.2 -1.2 -1.2 -1.2 -1.2 -1.2 -1.2 -1.2 -1.2 -1.2 -1.2 -1.2 -1.2 -1.2 -1.2 -1.2 -1.2 -1.2 -1.2
93.9 94 93.7 92.4 90.7 88.8 86.6 84.2 83.7 83.9 83.6 83.5 84.1 83.2 81.2 82.1 85.6 88.6 90.6 91.8 91.5 89.9 89.1 74.8 91.5 94.9 97.1 96.3 94.5 92.8 89.6 96.8 96 94.4 94.7 99.8 107.6 113.5 117.6 121.8 125.3 128.5 131.7 134.8 137.7 140.4 142.6 146.2 149.5 152.2 156.9 160.1 149.8 141.9 127.7 111.6 94.4 81.9 67 52.8 40 34.2 27.4 3.2 -1.2 -1.2 -1.2 -1.2 -1.2 -1.2 -1.2 -1.2 -1.2 -1.2 -1.2 -1.2 -1.2 -1.2 -1.2 -1.2 -1.2 -1.2 -1.2 -1.2
91 92.3 91.7 91.2 90.1 88.5 86.4 83.8 80.6 79.9 80.6 82.8 83.2 83 82.5 79.6 82.6 87 88.9 89.4 89.9 89 83.7 79.1 91.4 93.7 94.1 92.1 90.5 89.4 85.6 88.2 85.4 91.4 99.2 105 110.2 114.3 118.6 123 127.4 130.6 134.4 138.6 140.9 142 142.5 144.1 146 148.3 147.7 147.5 136.1 126.6 111.8 94 80.3 66.9 52 45.9 36.8 8.9 1.8 -1.2 -1.2 -1.2 -1.2 -1.2 -1.2 -1.2 -1.2 -1.2 -1.2 -1.2 -1.2 -1.2 -1.2 -1.2 -1.2 -1.2 -1.2 -1.2 -1.2 -1.2
84.7 86.3 85 84.3 86.4 88.1 86.1 83.2 79.3 75.6 78.5 82.9 80.1 80.5 82.3 82.7 70.8 81.1 86.2 86.7 86.3 87.4 69.5 85.4 89.3 90.3 88.5 87 86.6 85.7 76.2 73.9 85.9 95.7 102.8 108.6 113.2 117 121.2 125.6 131.2 136.2 140.5 144.6 146.6 147.4 143.6 136.5 138 139.2 134 129.3 120.1 104.5 89.8 74.7 64.3 51.7 44.7 28.8 6.5 -1.2 -1.2 -1.2 -1.2 -1.2 -1.2 -1.2 -1.2 -1.2 -1.2 -1.2 -1.2 -1.2 -1.2 -1.2 -1.2 -1.2 -1.2 -1.2 -1.2 -1.2 -1.2 -1.2
77.5 79.1 78.1 77.5 81.5 86.5 84.2 82.2 78.7 73.6 74.9 76.5 74.5 75.7 77.8 77.5 70.9 72.6 81.4 80.7 78.5 58.5 75.1 82.1 84 82.8 82.5 82.7 82.2 74.8 67.5 77.9 91.6 98.2 103.9 110.1 116.5 125.9 137.4 151.6 160.8 162.5 163.4 164 156.4 144.8 139.7 128.4 120.8 127.3 123.4 117.3 102.5 86.2 73.2 59.8 51 45.2 18.8 1.2 -1.2 -1.2 -1.2 -1.2 -1.2 -1.2 -1.2 -1.2 -1.2 -1.2 -1.2 -1.2 -1.2 -1.2 -1.2 -1.2 -1.2 -1.2 -1.2 -1.2 -1.2 -1.2 -1.2 -1.2
70.2 72.4 72.7 73.1 74.1 80.4 79.1 77.9 77.2 72.6 66 68.2 66.7 61.6 59.8 55.4 52 65.9 73.5 64.2 55.3 67 81.4 81.2 77.9 72.8 73.1 77.4 71.2 61.1 66 81.8 90.7 97.2 102.1 110.4 123.1 138.7 157.8 173.6 175 167 159.9 150.1 138.9 136.8 135.2 125.9 109.6 115.8 111.6 100.6 85.6 70.7 58.5 38.9 15 5.4 2.1 -1.2 -1.2 -1.2 -1.2 -1.2 -1.2 -1.2 -1.2 -1.2 -1.2 -1.2 -1.2 -1.2 -1.2 -1.2 -1.2 -1.2 -1.2 -1.2 -1.2 -1.2 -1.2 -1.2 -1.2 -1.2
62.3 65.2 67.2 65.1 62.2 69.1 73.7 73.1 65.2 62.8 62.3 51.8 44.3 36.4 37.4 32.9 10.5 49.2 56.9 44.6 54.9 75.2 78.3 76.4 68.8 65.7 66.6 70.1 58.2 56.2 68 79.2 86.7 92 98.8 114.7 136.4 153.7 163.6 172.9 171 154.8 143.1 134.9 128.8 126.6 117.4 110 98.6 94.9 93.6 86.2 73.4 58.6 49.6 33.9 0.8 -1.2 -1.2 -1.2 -1.2 -1.2 -1.2 -1.2 -1.2 -1.2 -1.2 -1.2 -1.2 -1.2 -1.2 -1.2 -1.2 -1.2 -1.2 -1.2 -1.2 -1.2 -1.2 -1.2 -1.2 -1.2 -1.2 -1.2
61.6 58.4 61 59.8 54.3 59.7 64.1 54.9 50.3 43 37.3 27.3 12.5 1.4 0.9 1.3 4 40.4 40.1 43.3 51.7 69.6 71.9 67.3 61.9 58.7 58.6 53.7 44.8 56.6 65 71.5 78 86.2 97.9 122 147.2 157.8 168.8 173.5 166.4 144.5 131.3 123.4 115.7 108.5 100.3 93 89.1 87.3 79.1 74.1 60.8 50.3 34 -1.2 -1.2 -1.2 -1.2 -1.2 -1.2 -1.2 -1.2 -1.2 -1.2 -1.2 -1.2 -1.2 -1.2 -1.2 -1.2 -1.2 -1.2 -1.2 -1.2 -1.2 -1.2 -1.2 -1.2 -1.2 -1.2 -1.2 -1.2 -1.2
66.2 60.1 54.6 50.4 45.9 55 46.2 36.3 25.5 13.4 -1.2 -1.2 -1.2 -0.2 -0.3 0 0.8 23.9 25.5 33.3 43.4 59.1 58.4 56.7 54.5 45.7 43.1 35.2 46.6 55.7 61.5 67.3 73.4 79.8 102.7 131.5 150 159.9 170.9 171.5 158.7 135.9 120.9 110.8 101.8 94.1 85.8 78.5 76.1 75.7 69.7 62.1 51.7 33.5 -1.2 -1.2 -1.2 -1.2 -1.2 -1.2 -1.2 -1.2 -1.2 -1.2 -1.2 -1.2 -1.2 -1.2 -1.2 -1.2 -1.2 -1.2 -1.2 -1.2 -1.2 -1.2 -1.2 -1.2 -1.2 -1.2 -1.2 -1.2 -1.2 -1.2
68.7 62.5 54 51.1 34.3 45.1 24.8 -1.2 -1.2 -1.2 -1.2 -1.2 -1.2 -1.2 -1.2 -1.2 -1.2 2 1.5 19.7 37.6 44.5 49 50.6 47.2 37.1 24.6 35.9 49.5 54 58.7 63.5 69.3 78.5 104.4 136.1 151.7 165.9 170.1 169.8 159.2 130.4 112.3 98.5 88.4 81 73.7 67.9 64 62.2 61.3 55.2 34.9 -1.2 -1.2 -1.2 -1.2 -1.2 -1.2 -1.2 -1.2 -1.2 -1.2 -1.2 -1.2 -1.2 -1.2 -1.2 -1.2 -1.2 -1.2 -1.2 -1.2 -1.2 -1.2 -1.2 -1.2 -1.2 -1.2 -1.2 -1.2 -1.2 -1.2 -1.2
67.8 60.2 48.7 30.8 18.1 -1.2 -1.2 -1.2 -1.2 -1.2 -1.2 -1.2 -1.2 -1.2 -1.2 -1.2 -1.2 -1.2 -1.2 1 15.5 24.7 34.6 35.5 25.7 21.9 16.6 25.3 40.3 48.4 55.5 61.1 68.2 80.8 104.6 134.6 152.3 165.1 167.3 162.4 142.4 121.1 99.9 86.3 76.9 65.5 61 58 54.1 49.6 34.2 30.4 -1.2 -1.2 -1.2 -1.2 -1.2 -1.2 -1.2 -1.2 -1.2 -1.2 -1.2 -1.2 -1.2 -1.2 -1.2 -1.2 -1.2 -1.2 -1.2 -1.2 -1.2 -1.2 -1.2 -1.2 -1.2 -1.2 -1.2 -1.2 -1.2 -1.2 -1.2 -1.2
61.6 43.6 -1.2 -1.2 -1.2 -1.2 -1.2 -1.2 -1.2 -1.2 -1.2 -1.2 -1.2 -1.2 -1.2 -1.2 -1.2 -1.2 -1.2 -1.2 -1.2 -1.2 6.2 1.5 1.4 1.1 0.9 4.3 19.9 43.3 53.7 59.8 68 81.5 108.5 134.3 153.8 161.9 162.3 147.5 128.8 112 90.8 76.2 65.9 51.8 48.7 26 39.6 18.8 3.2 -1.2 -1.2 -1.2 -1.2 -1.2 -1.2 -1.2 -1.2 -1.2 -1.2 -1.2 -1.2 -1.2 -1.2 -1.2 -1.2 -1.2 -1.2 -1.2 -1.2 -1.2 -1.2 -1.2 -1.2 -1.2 -1.2 -1.2 -1.2 -1.2 -1.2 -1.2 -1.2 -1.2
37.7 18.5 -1.2 -1.2 -1.2 -1.2 -1.2 -1.2 -1.2 -1.2 -1.2 -1.2 -1.2 -1.2 -1.2 -1.2 -1.2 -1.2 -1.2 -1.2 -1.2 -1.2 -1.2 -1.2 -0.2 -1.2 -1.2 0.7 16 29.6 50.2 58.7 67.3 84 111.9 140.9 152.1 155.2 150.2 130.2 118.7 101 82.7 67.4 55 22 -1.2 -1.2 -1.2 -1.2 -1.2 -1.2 -1.2 -1.2 -1.2 -1.2 -1.2 -1.2 -1.2 -1.2 -1.2 -1.2 -1.2 -1.2 -1.2 -1.2 -1.2 -1.2 -1.2 -1.2 -1.2 -1.2 -1.2 -1.2 -1.2 -1.2 -1.2 -1.2 -1.2 -1.2 -1.2 -1.2 -1.2 -1.2
