app/static/ascii/SH28.asc
ncols 200
nrows 200
xllcorner 220000
yllcorner 380000
cellsize 50
[rows 152 to 189 of 200, columns 0 to 85 of 200]
-1.7 -1.7 -1.7 -1.7 -1.7 -1.3 -1.7 -1.7 -1.7 -1.7 76.6 112 131.6 133.3 132.1 124.8 127.5 125.1 123.4 131.1 130.2 128.7 124 124.9 128 131.2 132 127.4 113.2 108.9 104.7 104.8 99.8 90.7 84.6 82.8 80 86.3 89.4 86 92.8 92.7 91.9 85.3 82.2 75.5 59.6 52.5 40.1 38.1 35.7 34.4 33.5 33.2 32.5 32.4 32.6 32 33.4 33.2 34.5 29.3 33.9 35.9 35.3 31.9 30.9 27.9 27.8 29.5 31.8 35 35.9 36.7 34.3 31.1 30.5 28.6 28.6 29.1 29.1 29.8 32.5 34.1 35.8 36.9
-1.7 -1.7 -1.7 -1.7 -1.7 29.3 -1.7 -1.7 -1.7 58.9 94 117.2 123.6 127.8 124.9 127.2 121.9 122.3 124.3 125.9 127.5 121.8 120.7 122.8 127.3 134.2 133.9 126.6 111.8 104.4 100.4 93 88.2 85.6 78.5 75.7 75.7 83.7 92.4 76 77.7 84.7 86.7 80.3 75.2 63.9 50.4 38.4 36.2 34.3 32.9 32.4 32.3 32.2 32.2 32.3 32.2 31.8 32.2 32.9 31 33.7 36.5 36.6 35.2 37.9 37.9 36.9 34.9 28.1 32.8 38.4 41 39.7 37 37.6 36.9 28.8 28.2 29 28.8 31.8 33.1 35.1 35.6 37.3
-1.7 -1.7 -1.7 -1.7 37.9 38.1 -1.7 20.6 -1.7 59.4 93.1 103.6 114.8 122.1 117.8 117.4 122.8 121.5 121.4 124 120.3 117.7 119 123.3 129.7 130.1 128.9 123.2 107.8 101.9 94.2 89.4 85.1 80.8 74.2 71.1 71.5 79.2 100.2 88.8 85.2 78.3 76.1 76.3 67 51.4 39.1 36.1 33.9 33 31.9 31.7 32.1 32.3 32.6 32.6 33 32.4 31.5 31.4 34.1 32.8 34.9 34.1 36.1 41.8 42.4 40.5 40.3 38.9 33.4 45.7 44.5 42.8 40.2 37.9 28.5 28.1 27.6 27.9 31.9 32.4 34 35 35.9 36.8
-1.7 -1.7 -1.7 -1.7 31.8 -1.7 -1.7 -1.7 -1.7 -1.7 -1.7 91.6 100.5 111.2 117.5 118.7 118.5 115 116.1 117.8 114.9 116 119.9 124.1 125.3 126.1 117.9 109.3 103.5 93.7 90.2 86.1 84.2 79.2 70.5 67.5 68 75.9 94.8 98.4 81.4 79.8 75.2 65.1 61.9 42.5 36.9 34.7 33.2 32.4 31.7 31.8 32.1 32.3 32.7 33.4 34.1 33.2 32.2 35.2 33 33.2 33.8 37.6 43 47.2 40.6 42 42.8 45.2 37.2 44.6 47.5 40.6 33.4 28.6 27.4 27.9 27.3 32.2 31.9 33.1 34.9 34.9 36.9 36.4
-1.7 -1.7 -1.7 -1.7 -1.5 -1.7 -1.7 -1.7 -1.7 -1.7 -1.7 82.1 100.5 108.6 115.4 114.7 110.5 108.9 111.2 110.2 112.4 117 120.5 121.9 119.1 112.1 107.5 102.4 94.8 89.2 86.3 83.9 82.1 79.2 71 66.4 68.6 65.1 68.7 80.1 83.7 83 66.7 55.8 44.3 39.8 37 34.5 33.2 32.4 32.1 32.3 32.5 33.3 34 35.7 35.3 32.7 37.3 38 38.2 38 36.4 37.7 39.2 40.3 42.2 42.9 51.8 48.6 49.2 36.4 36.1 28.9 29.9 27.6 27.4 27.6 30.9 31.6 32 33.1 36.1 36.6 34.5 31.9
-1.7 -1.7 -1.7 -1.7 -1.7 -1.7 -1.7 -1.7 -1.7 -1.7 -1.7 -1.7 93.3 100.8 105.8 102 102.8 103.2 102.1 104.9 112.9 116.9 115.6 110.1 106.1 104.2 95.8 90.8 91 88.4 83.7 82 81.4 78.5 71.1 66.7 62 58.7 58.3 61.7 68.9 65.1 56.6 48.6 43.8 39.7 36.7 34 33 32.7 32.7 33 33 34.7 35.2 35.8 34.5 34.2 39 39.7 43.9 39.8 44.1 43.7 38.6 38.6 39 42.8 52.4 52.8 45.8 30.2 27.8 27.3 28.7 27.1 27.6 30.5 31 30.7 33.8 34.9 34.7 34.4 32.8 32.9
-1.7 -1.7 -1.7 -1.7 -1.7 -1.7 -1.7 -1.7 -1.7 -1.7 -1.7 -1.7 9.1 87.4 92.3 95.9 98 96.3 97.5 103.3 107.9 105.5 103 101.5 100 96.4 89.3 85.7 87.3 85 82.4 83.6 80.7 72.6 68.9 64.4 59.4 54.5 52.3 51.4 56.2 61.1 56.7 45.6 41.6 39 36.1 33.3 35.3 35.8 38.7 33.8 35.1 36.9 35.5 36.1 36.8 36.4 40.3 46.1 46.1 44.4 44.1 43.9 44.3 43 39.4 40.5 47.7 41 33.5 28.6 27.9 27.3 27.1 28.2 29.2 30.6 30.2 31 32.6 33.6 33.1 33.5 32 32.6
-1.7 -1.7 -1.7 -1.7 -1.7 -1.7 -1.7 -1.7 -1.7 -1.7 -1.7 -1.7 56 79.3 83.5 94.4 96.8 92.2 94.7 97.4 98.1 97.2 97.5 94.6 93.3 88 84.4 83.2 83.4 80.6 78.9 79.5 75.9 70.1 64.4 59.6 55.3 50.9 47.3 44.6 46.5 67 50.8 42.9 38.1 34.7 35.7 34 37.2 40.2 36.2 35.4 37.7 38.6 36.4 37.4 40.2 41.2 49.6 46.7 42.9 46.1 44.7 51.1 54.2 52.1 41.8 45.9 37.4 33 30.7 28.7 28.4 28.2 28.2 29.2 30.2 30.7 31.1 32.3 33.7 32.2 29.9 30.4 30.9 26.4
-1.7 -1.7 -1.7 -1.7 -1.7 -1.7 -1.7 -1.7 -1.7 -1.7 -1.7 -1.7 -1.7 75.4 79.9 84.4 84.1 86.6 88.8 90.3 90.2 90.4 88.3 90.4 86.4 85.2 81.7 80.3 78.9 77.1 76.2 74.4 72.4 67 60.1 56.2 52.1 47.9 43.9 42.6 44.1 55.4 48.7 39.8 34.7 34.7 34.2 34.3 35.8 34.7 35.7 38.9 38.6 37.4 37.1 43.1 46.2 48.5 44.5 43.7 44.3 47.7 47.8 58.3 56.5 49.7 42.8 45.5 37.9 31 29.8 35.1 37.1 32.1 29 29.4 30.6 31.6 32.8 34.4 36.8 35.7 29.4 27.3 26.1 24.3
-1.7 -1.7 -1.7 -1.7 -1.7 -1.7 -1.7 -1.7 -1.7 -1.7 -1.7 -1.7 -1.7 -1.7 73.4 77.2 78.9 81.3 83.6 84.3 84.5 83.4 84.1 82.6 80.7 80 78.8 74.8 72 71.4 72.8 71.1 67.7 63.3 56.8 53.2 48.6 45.1 42.4 40.6 40.6 42.7 41.6 34.7 34.7 35.9 38.9 36.6 36 35.8 37.4 40.5 40.3 39.7 40.1 50.1 49.6 46.5 48.1 49.9 47.8 51.6 57.1 58.3 53.3 43.1 40.6 35.3 31.9 31.6 37.5 34.5 35.8 38.9 29 29.1 31.3 32.6 33.5 36 34.6 32.2 28.3 26.9 25.2 21.2
-1.7 -1.7 -1.7 -1.7 -1.7 -1.7 -1.7 -1.7 -1.7 -1.7 -1.7 -1.7 -1.7 -1.7 50.3 71.8 74.6 77.3 79.3 79.5 79.1 79.9 80.3 79.3 76.5 73 68.8 67.6 68.1 67.1 69.1 65.9 64.2 56.4 53 48.7 45.8 42.3 40.1 39 37.5 36.4 34.8 34.8 34.7 35.2 35.6 36 36 35.5 39 44.5 43.8 43.4 46 46.1 46.3 49.5 53.3 54.6 59 61.8 59.4 58.3 51.2 39.7 36.3 33.2 33.9 33 33.5 38.4 39.5 34.6 30 29.8 32.2 33.2 35.5 34.2 32.9 28.6 28.7 28.3 23.7 21.3
-1.7 -1.7 -1.7 -1.7 -1.7 -1.7 -1.7 -1.7 -1.7 -1.7 -1.7 -1.7 -1.7 -1.7 -1.7 -1.7 39.1 73.5 74.8 75.5 76.3 77.9 78 75 72.3 68.2 63.7 64.5 63.3 61.3 60.3 58.9 55.5 52.9 49 45.6 41.9 39.7 38.1 37.5 37.4 35.9 34.6 35 34.8 34.5 35.3 35.2 35.4 35.3 36.8 44.9 45.8 43.1 46.7 50.9 63.8 59.8 60.5 62 62.5 60.6 58.7 51.3 43.9 35.4 34.6 41.9 35.8 33.8 41.8 40.6 36.6 31.6 29.4 28.7 31.9 34 33.1 31.4 29.6 31 27.6 25.6 21.4 22.5
-1.7 -1.7 -1.7 -1.7 -1.7 -1.7 -1.7 -1.7 -1.7 -1.7 -1.7 -1.7 -1.7 -1.7 -1.7 -1.7 2.1 57.1 71.2 71.9 73.9 76.4 74.3 71.2 67.6 61.8 58.6 58.4 57.5 56.3 55 53.2 50.5 47.5 44.9 42.1 39.9 37.9 37.2 39 40.1 38 35 34.3 34.5 34.8 35 34.9 35.4 36 36.3 38.1 39.9 43.6 62.3 65.9 66.3 63.1 61.5 65.2 61.8 55.6 45.1 39.1 37.2 38.3 43.9 40.7 39.2 45.2 44.9 40.6 36.7 36.4 32 29.2 30.1 30.3 30.9 32.2 33.2 30.4 26.4 21.8 22.5 23.8
-1.7 -1.7 -1.7 -1.7 -1.7 -1.7 -1.7 -1.7 -1.7 -1.7 -1.7 -1.7 -1.7 -1.7 -1.7 -1.7 -1.7 45.3 68 69.8 71.2 71.9 69.4 66.9 63.4 56.2 55.3 53.9 51.7 51.5 50.2 48 45.4 43 40.8 39.9 38.8 37.2 38.8 41.8 42.7 39.1 35.7 34.6 34.2 34.3 34.8 35 35 36.4 36.6 39.1 42.2 52 66.8 68.1 65.8 59.8 63.3 57.3 57.4 43 39.9 40.9 40.5 42 42.2 44.4 42.3 45.6 41.6 38.9 38.6 38 34 29.9 28.4 29.5 31.7 30.9 32 26.9 23.1 23 23.2 21.5
-1.7 -1.7 -1.7 -1.7 -1.7 -1.7 -1.7 -1.7 -1.7 -1.7 -1.7 -1.7 -1.7 -1.7 -1.7 -1.7 1.9 48.8 65 67.7 68.2 67.2 64.8 61.8 56 53.1 52.7 51.2 49.2 46.8 45.2 42.7 41.3 38.9 38.8 37.4 34.7 38.5 40.8 43 42.7 40.3 36.9 35.2 34.2 34.4 34.6 34.9 35.1 35.8 40 41.1 48.7 50.7 64.8 73.5 68.7 60.1 58.6 54.5 47.6 43.3 45.7 43.3 44.5 47.3 47.5 44.9 48.1 43.5 42.3 41 39.2 38.1 35.6 34 27.4 26.5 29.5 28.7 26 22.5 23.3 25.2 23.2 21.2
-1.7 -1.7 -1.7 -1.7 -1.7 -1.7 -1.7 -1.7 -1.7 -1.7 -1.7 -1.7 -1.7 -1.7 -1.7 -1.7 37.9 59.5 62.9 64.7 64.2 61.8 60.9 56.1 53.1 50.7 49.7 48.9 46.2 43.2 40.1 37.9 36.9 36 36.6 32.8 37.1 39.9 41.8 43.5 42.9 40.7 38.6 36.1 34.3 34.7 34.6 34.8 35.1 35.7 40.3 42.6 50.4 57 67.5 71 64.4 65.7 64.6 48.2 47 53.3 45.9 46.6 50 50 49.3 49 47.9 44.8 43.6 41.7 39.6 38.6 38.6 34 29 26.3 28.8 24.6 23.3 22.7 25.1 24.9 22.1 20.9
-1.7 -1.7 -1.7 -1.7 -1.7 -1.7 -1.7 -1.7 -1.7 -1.7 -1.7 -1.7 -1.7 -1.7 -1.7 -1.7 -1.7 2.1 59.9 60.3 59 56.6 53.1 51.1 49.1 48.3 47.8 45 37.1 37.4 34.8 33.2 33.2 34 29.7 33.1 38.6 41 43.9 42.5 42.1 41.3 38.9 35.8 34.3 34.8 34.6 35.1 35.5 35.8 40.6 50.6 62.9 60.8 70 65.2 63.2 58.6 52.1 48.6 48.5 48.9 51.6 52 52.1 51.4 47.1 48.5 47.8 48.4 47.4 42.3 41.3 44.1 42.3 42.8 37.2 28.4 25.2 23.4 23.1 24.4 27.6 24.4 22 20.6
-1.7 -1.7 -1.7 -1.7 -1.7 -1.7 -1.7 -1.7 -1.7 -1.7 -1.7 -1.7 -1.7 -1.7 -1.7 -1.7 -1.7 -1.7 55.7 54.7 38.7 50.9 46.2 46.7 46.4 45 34.1 32.3 1.7 2.7 29 27.8 28.6 26.9 31.1 36.8 39.7 41.9 42.5 40 40.9 40.6 38.2 34.7 34.5 34.6 34.9 35.5 35.9 37.6 38.8 43.8 53.4 60.6 71.7 70.5 60 51.2 50.9 53.3 53.4 54.1 53.6 54 52.8 50.2 50.8 52.7 51.8 52.3 48.4 46.3 47.9 46.1 44.5 44.2 37.8 30.9 26.4 24.2 24.4 27.5 27.4 22.9 20.3 19.5
-1.7 -1.7 -1.7 -1.7 -1.7 -1.7 -1.7 -1.7 -1.7 -1.7 -1.7 -1.7 -1.7 -1.7 -1.7 -1.7 -1.7 -1.7 -1.7 48.1 14.7 42.9 -1.7 -1.7 -1.7 -1.7 -1.7 -1.7 -1.7 1.4 24.2 19.9 24.4 33.1 38.2 37.6 38.6 40.2 39.2 41.1 41.7 39.8 36.1 34.5 34.3 34.3 35.1 35.8 38.9 41.9 42.2 55.9 60.5 69.5 70.4 62.7 55.8 52.6 55.7 50.7 55 55.4 54.4 54.2 49.2 53.2 52.9 53.4 53.4 53.8 51.4 50.6 50.8 49.1 45.7 42.6 37.9 33.1 27.6 27.2 25.7 27.1 25.1 21.5 19.7 19.6
-1.7 -1.7 -1.7 -1.7 -1.7 -1.7 -1.7 -1.7 -1.7 -1.7 -1.7 -1.7 -1.7 -1.7 -1.7 -1.7 -1.7 -1.7 -1.7 13.5 2.5 0.5 -1.7 -1.7 -1.7 -1.7 -1.7 -1.7 -1.7 -1.7 1.9 30 32.8 36.5 36.7 35.8 36.1 37.9 41.1 42.8 42.9 40.5 35.5 34.4 34.3 34.4 35.1 36.6 40.4 45.4 56.1 60.8 56.7 55.2 55.7 54.2 61.2 56.9 51.5 51.8 53.8 55 51.9 50.5 51.7 53.1 53.6 54.1 54.5 54.5 53.3 52.5 51.6 48.8 45 41.8 38.9 37.2 31.4 27 28.6 27.5 22.8 20.8 20 19
-1.7 -1.7 -1.7 -1.7 -1.7 -1.7 -1.7 -1.7 -1.7 -1.7 -1.7 -1.7 -1.7 -1.7 -1.7 -1.7 -1.7 -1.7 -1.7 -1.7 -1.7 -1.7 -1.7 -1.7 -1.7 -1.7 -1.7 -1.7 -1.7 -1.7 26.9 31.8 32.4 33.2 33.5 34.8 36.4 40.2 43 43.9 44.3 41.5 34.7 34.4 34.9 35.6 39.1 38.8 40.4 45.8 58.9 62.8 60.9 58.2 54.4 61.4 54.9 52.8 55.3 51.4 50.5 49.7 49.7 52.9 53.7 51.8 52.8 53.3 53.2 52.3 53 52.2 51.8 50.2 43.7 39.4 36.9 33.7 28.1 28.3 31.1 27.5 22.1 20.3 19.2 18.1
-1.7 -1.7 -1.7 -1.7 -1.7 -1.7 -1.7 -1.7 -1.7 -1.7 -1.7 -1.7 -1.7 -1.7 -1.7 -1.7 -1.7 -1.7 -1.7 -1.7 -1.7 -1.7 -1.7 -1.7 -1.7 -1.7 -1.7 -1.7 -1.7 -1.7 -1.7 24.7 2.1 30.4 33.1 36.6 42 45.9 43.7 45 37.2 34.8 34.6 34.7 35.6 42.2 43.4 40.7 42.8 50.5 63.3 67 67.3 58.2 57.6 58.4 55.6 55.7 55.1 52 50.9 49.8 51 53.1 53 53.4 51.7 50.6 48.6 47.1 52.8 53.6 52.1 49.9 45.6 40.9 35.3 33.6 28.2 29.9 29.3 26.2 21.1 18.9 18.3 17.8
-1.7 -1.7 -1.7 -1.7 -1.7 -1.7 -1.7 -1.7 -1.7 -1.7 -1.7 -1.7 -1.7 -1.7 -1.7 -1.7 -1.7 -1.7 -1.7 -1.7 -1.7 -1.7 -1.7 -1.7 -1.7 -1.7 -1.7 -1.7 -1.7 -1.7 -1.7 -1.7 0.9 29.9 35.5 42.7 44 41.3 39.8 35.8 35 34.9 35.1 37 43.6 46 44.3 42.6 44 48.1 53.5 66.8 59.6 62.2 58.9 62.9 60 57.2 55.9 51.8 48.1 48.2 50.5 51.4 51 52.3 47.5 47.2 46.4 48.6 53.4 53 51.7 47.1 42.6 38.6 36.4 33.2 28.5 26.7 25.7 23.6 18.6 18.6 17.7 17.1
-1.7 -1.7 -1.7 -1.7 -1.7 -1.7 -1.7 -1.7 -1.7 -1.7 -1.7 -1.7 -1.7 -1.7 -1.7 -1.7 -1.7 -1.7 -1.7 -1.7 -1.7 -1.7 -1.7 -1.7 -1.7 -1.7 -1.7 -1.7 -1.7 -1.7 -1.7 -1.7 2.6 32.1 40.3 40.3 39.1 38.6 35.7 35.1 34.9 36.4 42.7 45.7 47.1 46.9 45.7 44.4 44.2 46 49.4 59 65.1 66.6 67.8 68.4 64.7 57.5 55.6 50.7 50.3 48.4 47.1 47.9 49.4 47.2 46 45.4 45.1 51.2 52.7 54.3 49.4 42.9 42.1 33.7 33 30.4 28.4 27.1 21.7 19 18.4 18.1 17.8 17.2
-1.7 -1.7 -1.7 -1.7 -1.7 -1.7 -1.7 -1.7 -1.7 -1.7 -1.7 -1.7 -1.7 -1.7 -1.7 -1.7 -1.7 -1.7 -1.7 -1.7 -1.7 -1.7 -1.7 -1.7 -1.7 -1.7 -1.7 -1.7 -1.7 -1.7 -1.7 -1.7 33.2 41.6 40.2 39.7 39.4 36 35.3 36.1 41.7 47.4 48.9 49.4 49.3 49.6 48.3 46.9 46 46.3 51.8 64.9 72.1 71.4 69.8 69.5 63.4 56.4 54.5 52.2 50.8 47 49 47 47 45.1 44.4 47.3 49.4 50.7 51.8 47.8 40 36.8 34.7 35.6 33.9 28.2 24.5 22.4 20.2 19 18.5 18.7 18.4 17.1
-1.7 -1.7 -1.7 -1.7 -1.7 -1.7 -1.7 -1.7 -1.7 -1.7 -1.7 -1.7 -1.7 -1.7 -1.7 -1.7 -1.7 -1.7 -1.7 -1.7 -1.7 -1.7 -1.7 -1.7 -1.7 -1.7 -1.7 -1.7 -1.7 -1.7 -1.7 33.3 37.5 38.2 39.1 39.5 38.2 36.8 38 44.1 46.9 49.6 50.4 50.8 52.5 52.9 52.5 49.3 47.4 49.8 52 55.9 72.7 71.3 68.9 66.1 62.6 57.9 56.4 54.3 51.3 45.9 41.5 42.8 47.5 42.3 42.5 43.7 47.5 50.5 46.4 39.4 35.8 38.1 36.6 40 33.4 24.9 22.5 21 20.2 19.3 19.2 21.4 19 17
-1.7 -1.7 -1.7 -1.7 -1.7 -1.7 -1.7 -1.7 -1.7 -1.7 -1.7 -1.7 -1.7 -1.7 -1.7 -1.7 -1.7 -1.7 -1.7 -1.7 -1.7 -1.7 -1.7 -1.7 -1.7 -1.7 -1.7 -1.7 -1.7 -1.7 -1.7 2.2 36.5 39.6 39.4 40.5 39.3 42.1 45.5 49.3 50.2 51.3 51.1 51.5 54.7 55.2 52.3 50.3 49 48.5 49.5 52.4 61.7 71.1 65.8 65.5 62.2 59.7 56.9 53.4 50.4 44.1 46 43.1 38.5 38.7 39.3 46.1 42.9 41 41.4 40.3 38.1 40 39 37.3 26.6 24.3 22.4 21.2 20.8 20.3 20.9 22.4 20.8 20.1
-1.7 -1.7 -1.7 -1.7 -1.7 -1.7 -1.7 -1.7 -1.7 -1.7 -1.7 -1.7 -1.7 -1.7 -1.7 -1.7 -1.7 -1.7 -1.7 -1.7 -1.7 -1.7 -1.7 -1.7 -1.7 -1.7 -1.7 -1.7 -1.7 -1.7 -1.7 2 36.6 40.8 39.7 41.8 43.9 48.8 53.1 54.1 51.8 50.6 50.3 49.6 48.6 50 51.2 50.9 49 50.6 52.7 55.7 59.2 61.5 61.9 63.4 61.1 60.4 57 54.1 50.8 43.5 45.5 46.9 38.3 36 37.4 38.6 40.8 39.9 37.6 37.8 41.2 36.1 36.7 33.1 24.6 23.6 23 21.6 20.8 21.2 21.8 22.8 21.8 21.9
-1.7 -1.7 -1.7 -1.7 -1.7 -1.7 -1.7 -1.7 -1.7 -1.7 -1.7 -1.7 -1.7 -1.7 -1.7 -1.7 -1.7 -1.7 -1.7 -1.7 -1.7 -1.7 -1.7 -1.7 -1.7 -1.7 -1.7 -1.7 -1.7 -1.7 -1.7 -1.7 1.9 37.4 40.4 43.2 47 53.2 55.2 51.9 49.6 48.8 47.3 46.6 47.1 52.1 47.3 47.4 50.7 55.2 63.9 67.1 60.2 61.1 62.6 61.8 59.8 58.8 57.4 54.7 51.1 43.9 47.8 40.8 43 40.2 35 37.2 38.5 42.2 35.5 35.8 34.1 32.9 30.6 26.2 24.9 24 23.5 20.8 21.8 22.1 22.7 23.2 22.9 23.7
-1.7 -1.7 -1.7 -1.7 -1.7 -1.7 -1.7 -1.7 -1.7 -1.7 -1.7 -1.7 -1.7 -1.7 -1.7 -1.7 -1.7 -1.7 -1.7 -1.7 -1.7 -1.7 -1.7 -1.7 -1.7 -1.7 -1.7 -1.7 -1.7 -1.7 -1.7 -1.7 0.4 36.2 40.9 44.3 48 50.5 50 47.8 47.7 45.8 44.4 43 43 43 44.7 51.2 60.2 65.5 70.5 68 62.6 62.2 61.5 60.8 60.1 58.3 57.4 52.2 47.5 42.2 38.8 41 39.3 37.5 36.2 32.8 37.2 35.8 33.9 34.5 33.9 31.5 26.4 24.6 25.7 25.7 22.3 21.2 22.1 24.4 24.9 26.7 26.6 28.5
-1.7 -1.7 -1.7 -1.7 -1.7 -1.7 -1.7 -1.7 -1.7 -1.7 -1.7 -1.7 -1.7 -1.7 -1.7 -1.7 -1.7 -1.7 -1.7 -1.7 -1.7 -1.7 -1.7 -1.7 -1.7 -1.7 -1.7 -1.7 -1.7 -1.7 -1.7 -1.7 1.9 36.9 41.2 46.2 46.5 45.9 45.2 46.6 44.6 42.8 42 41.3 40.7 42.7 52.8 62.7 65.6 68.4 70.8 67.8 66.8 65.6 61.4 59 59.1 57.3 56.4 53 47.9 38.1 38.7 45.7 44.8 42.3 33.7 32.1 31.8 32.3 33.4 32.9 32 28.8 25 26.6 26.7 22.8 19.2 21.1 22.2 25 30.1 29.5 31.9 28.8
-1.7 -1.7 -1.7 -1.7 -1.7 -1.7 -1.7 -1.7 -1.7 -1.7 -1.7 -1.7 -1.7 -1.7 -1.7 -1.7 -1.7 -1.7 -1.7 -1.7 -1.7 -1.7 -1.7 -1.7 -1.7 -1.7 -1.7 -1.7 -1.7 -1.7 -1.7 -1.7 31 37.5 41 43.7 44.2 44.4 43.3 42.5 41.2 40.7 40.4 40.8 42.2 50 59.9 65.3 66.8 66.8 67.2 68.7 70.1 67.2 59.7 56.6 55.4 51.6 47.8 42.2 38 37.7 45.7 44.7 44.4 40 34.5 32.3 31.5 31.8 32.3 31.2 30 28.1 23.1 29 26.1 18 18 19.9 21.6 26.3 25.9 25.4 23.9 22.3
-1.7 -1.7 -1.7 -1.7 -1.7 -1.7 -1.7 -1.7 -1.7 -1.7 -1.7 -1.7 -1.7 -1.7 -1.7 -1.7 -1.7 -1.7 -1.7 -1.7 -1.7 -1.7 -1.7 -1.7 -1.7 -1.7 -1.7 -1.7 -1.7 -1.7 -1.7 -1.7 34.5 37.7 40 41.5 41.9 42.2 41.4 40.4 40.2 40.1 40.4 42.4 46 54 59.7 61.2 62.8 64.9 68.7 67.5 65.7 61.8 58.7 53.8 50.6 44.6 39.5 36.4 38.5 35 34.8 34 34.9 37 35.4 31.1 31.6 31.1 30.3 29.2 28 27.3 22.9 22.8 19.9 18.5 17.4 18.9 21.3 26.5 25.9 24.6 21 19.6
-1.7 -1.7 -1.7 -1.7 -1.7 -1.7 -1.7 -1.7 -1.7 -1.7 -1.7 -1.7 -1.7 -1.7 -1.7 -1.7 -1.7 -1.7 -1.7 -1.7 -1.7 -1.7 -1.7 -1.7 -1.7 -1.7 -1.7 -1.7 -1.7 -1.7 -1.7 32.4 35 37.8 39.4 40.7 41.4 41.5 41 40.1 40.1 40.4 41.8 44.2 52.4 51.9 55.4 61 62.8 64.2 64.5 63.8 62.4 62 56.5 50.3 47.5 41.7 37.7 35.4 34.3 33.9 32.7 32.2 36.5 31.7 30.4 30.7 29.9 29.1 28.5 26.7 26.5 25.1 16.8 18.6 23.3 18.1 18.2 17.9 21.6 29.4 27.2 22.2 20.8 18.6
-1.7 -1.7 -1.7 -1.7 -1.7 -1.7 -1.7 -1.7 -1.7 -1.7 -1.7 -1.7 -1.7 -1.7 -1.7 -1.7 -1.7 -1.7 -1.7 -1.7 -1.7 -1.7 -1.7 -1.7 -1.7 -1.7 -1.7 -1.7 18.6 12.4 8.7 33.8 36.4 38.1 39.3 40.6 41.6 41 40.2 40.1 40.2 40.7 42.1 46 47.5 50.2 58.6 59.9 59.6 59.5 60.8 60.3 60.6 55.4 53.6 47.9 45.1 40.5 37.7 35.3 34.1 34.1 33 33.3 34.8 33.8 31.5 29.9 29.1 30.4 26.6 22.1 25 22.9 16 27.4 21.2 18.2 23.6 17.6 17.5 24 18.3 18.2 17.4 16.3
-1.7 -1.7 -1.7 -1.7 -1.7 -1.7 -1.7 -1.7 -1.7 -1.7 -1.7 -1.7 -1.7 -1.7 -1.7 -1.7 -1.7 -1.7 -1.7 -1.7 -1.7 -1.7 -1.7 -1.7 -1.7 -1.7 -1.7 19.6 22.9 27.4 31.5 34.6 36.6 38.3 39.9 41.4 41.4 40.8 40.6 40.7 40.6 40.6 40.9 43.1 45.1 54.4 57 57.8 58.9 57.6 54.2 53.2 54.7 54.8 51.3 49.8 48.9 38.6 37.3 36.5 34.5 33.8 32 34.4 36.1 35.3 30.3 30.3 32.9 31.5 27.2 22.4 20.2 15.8 21.9 18.7 17.6 21.9 21.2 16.3 16.7 17.5 17.3 17.5 16.7 17.7
-1.7 -1.7 -1.7 -1.7 -1.7 -1.7 -1.7 -1.7 -1.7 -1.7 -1.7 -1.7 -1.7 -1.7 -1.7 -1.7 -1.7 -1.7 -1.7 -1.7 -1.7 -1.7 -1.7 -1.7 -1.7 -1.7 25.9 30.2 32.5 31.3 33.2 34.8 36.5 38.5 40.1 41.5 41.9 41.4 41.5 41.6 41.5 40.3 40.3 40.6 43.6 54.5 56.4 59.7 57.1 49.4 49.9 49.8 53.4 53 53.5 50.2 41.6 40.8 39.2 39.3 35.1 31.1 33.7 36.2 35.7 30.2 30.7 38.3 38.8 33.8 26.3 21.3 16.7 15 20.3 16.5 19.8 21.4 17 15.9 16.3 16.6 17.5 18 17.6 21.2
-1.7 -1.7 -1.7 -1.7 -1.7 -1.7 -1.7 -1.7 -1.7 -1.7 -1.7 -1.7 -1.7 -1.7 -1.7 -1.7 -1.7 -1.7 -1.7 -1.7 -1.7 -1.7 -1.7 -1.7 -1.7 28 34.9 40.1 37.9 34.8 35.5 35.2 36.3 38.3 40.3 41.5 41.9 42.1 42.2 42.3 41.9 40.5 39.1 40.4 40.9 52.1 56.8 56 46.2 48 48.2 47.2 45.8 50.7 49.7 43.1 41.9 41.2 41.3 34.6 33.7 31.1 31 32.3 30.3 36.1 39.8 39.6 38.7 33.6 26.4 22.4 24.4 14.8 27.7 25.7 16.7 16.8 17 16.5 17.7 17 17.1 17.1 18.8 25.2
