app/static/ascii/SH32.asc
ncols 200
nrows 200
xllcorner 230000
yllcorner 320000
cellsize 50
[rows 76 to 113 of 200, columns 0 to 84 of 200]
18.9 19.1 20 21.9 25.1 27.3 32.4 36 37.1 36.5 36.5 39.2 42.9 48.9 62.3 65.2 65.1 63.1 64.1 66.1 65.7 62.2 60.2 56.9 55.9 55.8 54.4 53.9 54.5 53.3 52.4 48 47.4 49.2 50.3 52.9 53.5 53.1 50.9 44.6 40.6 36.9 33.6 32.2 31.3 32.3 34 35.5 42 45.2 38.5 26.8 -1.3 -1.3 -1.3 -1.3 -1.3 -1.3 -1.3 -1.3 -1.3 -1.3 -1.3 -1.3 -1.3 -1.3 -1.3 -1.3 -1.3 -1.3 -1.3 -1.3 -1.3 -1.3 -1.3 -1.3 -1.3 -1.3 -1.3 -1.3 -1.3 -1.3 -1.3 -1.3 -1.3
28 22.9 22.8 24.4 25.2 29.1 32.9 35.6 38 39 38.2 39.7 42.4 47.1 52.1 59.5 67 65.7 67.8 71.5 68.9 64.6 60.9 57.5 56.3 58 60.4 60.4 58.9 55.9 55.5 52.8 52.2 53.9 54 55.3 55.9 55 49.9 44.3 40 36.8 34.7 34.7 35.1 37 38.3 39.9 44.3 48.8 42.9 34.3 -1.3 -1.3 -1.3 -1.3 -1.3 -1.3 -1.3 -1.3 -1.3 -1.3 -1.3 -1.3 -1.3 -1.3 -1.3 -1.3 -1.3 -1.3 -1.3 -1.3 -1.3 -1.3 -1.3 -1.3 -1.3 -1.3 -1.3 -1.3 -1.3 17.7 15.9 -1.3 -1.3
34.8 32.8 28.6 28 26.7 30.4 34.2 36.7 39 41 42.7 42.8 42 45.6 50.5 55.8 59.8 61.3 61.6 62.6 67.8 65.5 61.9 59.5 58.6 59.4 61.1 63.4 62.9 58.8 56.9 54.9 56.2 58.5 59 58.8 58.2 55.8 51.3 43.7 41.4 38.6 37.9 37.7 38.3 41.7 42.3 44.8 45.8 49.7 45 38.1 14.9 -1.3 -1.3 -1.3 -1.3 -1.3 -1.3 -1.3 -1.3 -1.3 -1.3 -1.3 -1.3 -1.3 -1.3 -1.3 -1.3 -1.3 -1.3 -1.3 -1.3 -1.3 -1.3 -1.3 -1.3 -1.3 -1.3 -1.3 25.8 25.9 21.5 -1.3 -1.3
38.4 36.2 32.9 30.4 27.6 32.6 36.3 38.5 40.1 42.6 44.8 46.6 47.3 46.7 48.7 53.1 56.8 57.9 58.7 59.7 60.4 61.9 62 63 63 61.8 64.5 66.8 66 61.8 58.4 57.4 59.9 63 63 61.8 59.7 57.6 50.9 46.6 43.4 43.5 45.2 43.4 43.2 44.2 45.1 46.9 46.9 45.9 44.8 41.6 30.8 -1.3 -1.3 -1.3 -1.3 -1.3 -1.3 -1.3 -1.3 -1.3 -1.3 -1.3 -1.3 -1.3 -1.3 -1.3 -1.3 -1.3 -1.3 -1.3 -1.3 -1.3 -1.3 -1.3 -1.3 -1.3 -1.3 8.2 30.4 32.2 26 16.6 -1.3
41.2 38.5 36.4 34.5 29.8 34.1 38.2 40.4 42 44.8 47.7 49.9 51.5 51.9 52.6 53.5 53.1 54 55.2 57.6 59.8 60.2 60.7 62 63 65.8 66.6 69.2 68 64.4 60.9 60 62.2 66.5 67.3 64 61.5 57.7 54 49.5 48.1 49.6 49.9 47.9 46.7 46.8 47.9 49 48.5 45.9 45.2 44.2 37.8 18.6 -1.3 -1.3 -1.3 -1.3 -1.3 -1.3 -1.3 -1.3 -1.3 -1.3 -1.3 -1.3 -1.3 -1.3 -1.3 -1.3 -1.3 -1.3 -1.3 -1.3 -1.3 -1.3 -1.3 -1.3 -1.3 25.8 35.3 32.7 28.9 22.2 -1.3
45.1 42.2 40.2 37.7 33.3 33.9 38.8 41.9 44 47.5 51.3 54.5 56.7 58.1 59.4 60.5 59.2 57.3 57.2 58.7 60.5 61.3 61 60.8 62 62.6 65 70.3 69.2 65.3 62.6 63.3 64 67.3 68.7 65.4 61.4 58 55.5 53.6 52.3 53.2 53.2 51.4 49.8 49.2 50 52.4 54.3 51.5 46.8 45 41.2 25.2 -1.3 -1.3 -1.3 -1.3 -1.3 -1.3 -1.3 -1.3 -1.3 -1.3 -1.3 -1.3 -1.3 -1.3 -1.3 -1.3 -1.3 -1.3 -1.3 -1.3 -1.3 -1.3 -1.3 -1.3 -1.3 -1.3 28.4 30.3 28.7 26.3 21.6
49.7 46.2 43.4 40.7 37.2 37.6 39.1 43.1 46.2 50 56 59.9 61.8 63.7 64.7 64.7 64.6 63.6 62.5 62.1 62.6 63.7 62.9 61.9 61.7 62.3 63.5 65.4 69 64.5 63.9 65.5 67.6 67 66.4 64.6 62.5 60.1 58.1 56.4 55.4 55.5 55.7 55 53.7 52.9 52.6 55.2 56.7 56 50.2 45.7 41.3 27 -1.3 -1.3 -1.3 -1.3 -1.3 -1.3 -1.3 -1.3 -1.3 -1.3 -1.3 -1.3 -1.3 -1.3 -1.3 -1.3 -1.3 -1.3 -1.3 -1.3 -1.3 -1.3 -1.3 -1.3 -1.3 -1.3 -1.3 25.6 26.9 26.9 26.9
54.2 50.1 46.5 43.1 39.8 39.5 41.9 45.1 48.3 52.9 59.1 63.9 66.7 68.5 68.7 68.4 67.7 67 66.1 65.2 65.2 66 65.7 64.7 63.5 62.5 62.3 63.7 65.1 64.7 65.4 67.7 69.6 69 67.8 66.6 63.8 62.1 60.7 58.8 56.8 56.4 56.5 56.4 56.3 56.4 55.6 56.1 57 56 52.9 48.8 42.9 29.9 -1.3 -1.3 -1.3 -1.3 -1.3 -1.3 -1.3 -1.3 -1.3 -1.3 -1.3 -1.3 -1.3 -1.3 -1.3 -1.3 -1.3 -1.3 -1.3 -1.3 -1.3 -1.3 -1.3 -1.3 -1.3 -1.3 -1.3 -1.3 22.7 26.2 29.9
57.7 54.2 50 45.7 42.4 42.5 44.7 48.2 50.1 53.3 61.6 66.8 70.8 72 72.6 72.5 71.6 70.4 68.3 67 66.6 67.2 67.2 66.5 65.4 63.7 62.7 63.4 64.9 66.8 68.7 71.5 71.9 69.8 69.8 69 66 63.6 62.2 59.3 57.5 56.9 57 58.1 58.8 59.7 58.7 57.8 57.1 55.2 54.8 51.5 44.8 28.8 -1.3 -1.3 -1.3 -1.3 -1.3 -1.3 -1.3 -1.3 -1.3 -1.3 -1.3 -1.3 -1.3 -1.3 -1.3 -1.3 -1.3 -1.3 -1.3 -1.3 -1.3 -1.3 -1.3 -1.3 -1.3 -1.3 -1.3 -1.3 -1.3 25.9 28.6
61.5 56.9 52.9 49.1 45.3 46.3 47.5 50.3 52.6 54.6 62.9 70.3 74.5 76.5 76.9 76.8 76.1 75 72.6 70.2 68.7 68 68 67.2 65.9 64.9 63.8 63.4 65.9 68.9 70.9 72.8 72.6 71.5 71.4 71.4 69.1 66.3 63.7 60.5 58.3 58 58.6 62.3 64.7 64.4 62.3 60.4 58 55 54.9 52.1 43.8 20.9 -1.3 -1.3 -1.3 -1.3 -1.3 -1.3 -1.3 -1.3 -1.3 -1.3 -1.3 -1.3 -1.3 -1.3 -1.3 -1.3 -1.3 -1.3 -1.3 -1.3 -1.3 -1.3 -1.3 -1.3 -1.3 -1.3 -1.3 -1.3 -1.3 -1.3 1.2
64.3 59.6 54.8 52.3 50.2 50.8 50.5 53 55.9 57.9 61 66.5 69.2 73.8 78.2 79.4 79.6 77.9 75.7 74.1 72 69.9 68.8 67.9 66.5 65.3 64.4 64.9 66.8 69.4 72.3 73.9 74.4 74.1 73.7 74.4 71.5 69.8 66.1 62 60.3 60 61.1 65.7 67.3 65.9 63.6 60.3 57.3 54.6 53.1 51 40.8 -1.3 -1.3 -1.3 -1.3 -1.3 -1.3 -1.3 -1.3 -1.3 -1.3 -1.3 -1.3 -1.3 -1.3 -1.3 -1.3 -1.3 -1.3 -1.3 -1.3 -1.3 -1.3 -1.3 -1.3 -1.3 -1.3 -1.3 -1.3 -1.3 -1.3 -1.3 -1.3
66.4 62.3 58.8 55 54.8 54.6 54.1 55.7 58.5 60.9 63.4 66.2 68 69.3 71.7 77.6 79.8 80.3 79.4 77.4 74.3 72.2 70.1 68.9 67.5 66.2 65.2 65 66.6 68.9 72.9 74.6 76 75.3 76.3 77.9 78.7 74.6 67.8 63.2 61.7 61.5 63.5 67.7 68.1 67 65.4 62 57.8 53.6 50.7 47.6 33.6 -1.3 -1.3 -1.3 -1.3 -1.3 -1.3 -1.3 -1.3 -1.3 -1.3 -1.3 -1.3 -1.3 -1.3 -1.3 -1.3 -1.3 -1.3 -1.3 -1.3 -1.3 -1.3 -1.3 -1.3 -1.3 -1.3 -1.3 -1.3 -1.3 -1.3 -1.3 -1.3
68.7 63.6 60.6 58.3 58.8 59.5 58.9 57.8 60 62.7 65.3 68.6 69.6 68.9 68.8 71.5 78 81.8 82.5 81.7 78.5 75.3 72.2 69.7 68.3 67.6 66.7 66 66.7 69 71.8 73.9 75.3 76.4 77.6 79.9 81 76.6 69.7 64 62.7 62.9 64.5 68.1 70.7 70.1 66.7 62 57.5 51.9 43.7 32.9 22.6 -1.3 -1.3 -1.3 -1.3 -1.3 -1.3 -1.3 -1.3 -1.3 -1.3 -1.3 -1.3 -1.3 -1.3 -1.3 -1.3 -1.3 -1.3 -1.3 -1.3 -1.3 -1.3 -1.3 -1.3 -1.3 -1.3 -1.3 -1.3 -1.3 -1.3 -1.3 -1.3
70.4 66.9 63 61.2 61.3 61.9 61.4 60.1 61.4 64.5 67 70 72 70.7 69.9 69.6 75.1 81.5 84.8 84.7 81.6 78.4 74.2 71.5 68.9 68.4 68.6 68.4 68.3 69.4 71.3 73.4 75.8 77.7 79.1 81.4 83.1 79.2 73.3 65 64 64.7 67.2 73.1 74.3 73.1 70.3 64.2 57.5 50.8 36 -1.3 -1.3 -1.3 -1.3 -1.3 -1.3 -1.3 -1.3 -1.3 -1.3 -1.3 -1.3 -1.3 -1.3 -1.3 -1.3 -1.3 -1.3 11.6 -1.3 -1.3 -1.3 -1.3 -1.3 -1.3 -1.3 -1.3 -1.3 -1.3 -1.3 -1.3 -1.3 -1.3 -1.3
71.2 68.9 66.7 65.3 65 64.2 63.5 62.8 62.3 65.7 68.7 70.1 72.2 72.7 72 70.5 71.3 78.4 85.4 86.2 85.2 80.7 75.8 73.4 69.2 69 69.6 70 69.7 70.1 71.8 74 77 80.3 80.8 81.7 86.6 80.4 75.4 64.8 64.2 66.8 70.8 74.8 76.3 75.6 71.9 64.3 58.9 48.1 -1.3 -1.3 -1.3 -1.3 -1.3 -1.3 -1.3 -1.3 -1.3 -1.3 -1.3 -1.3 -1.3 -1.3 -1.3 -1.3 -1.3 -1.3 -1.3 19.6 -1.3 -1.3 -1.3 -1.3 -1.3 -1.3 -1.3 -1.3 -1.3 -1.3 -1.3 -1.3 -1.3 -1.3 -1.3
72.7 70.5 69.3 69.1 68.5 68.2 67.7 66.8 65.8 64.9 67.1 70.3 71.9 72.8 72.5 71.6 71.5 74 82.8 85.2 85.5 82.7 79.1 75 70.2 69 70.1 71.2 70.5 70.9 72.5 75.1 77.4 79.9 80.5 80.5 82.5 80.9 75.8 65 64.6 67.8 71 75.2 77.3 76.4 73.1 65.4 59 44.6 -1.3 -1.3 -1.3 -1.3 -1.3 -1.3 -1.3 -1.3 -1.3 -1.3 -1.3 -1.3 -1.3 -1.3 -1.3 -1.3 -1.3 -1.3 -1.3 26.9 -1.3 -1.3 -1.3 -1.3 -1.3 -1.3 -1.3 -1.3 -1.3 -1.3 -1.3 -1.3 -1.3 -1.3 -1.3
74 72.4 72.2 72.2 72.8 72.9 71.2 70.6 69.2 67.9 66.6 68.1 70.9 72 71.7 71.6 71.6 72 78 83.5 84.6 83.5 81.7 78.1 71.4 68.8 71.7 72.6 72 71.6 73.6 75.5 77.1 79.3 78.6 78.4 78.4 77.8 74.5 65.5 64.6 65.7 70.4 75.2 76.7 75.2 72.6 66.6 58.2 44.1 -1.3 -1.3 -1.3 -1.3 -1.3 -1.3 -1.3 -1.3 -1.3 -1.3 -1.3 -1.3 -1.3 -1.3 -1.3 -1.3 -1.3 -1.3 17 34 19.5 -1.3 -1.3 -1.3 -1.3 -1.3 -1.3 -1.3 -1.3 -1.3 -1.3 -1.3 -1.3 -1.3 -1.3
75.6 75 75.7 76 76.5 77.3 76.4 74.7 72.7 71.3 69.5 68 68.6 69.8 71.5 71.5 71.4 71.4 72.1 77.4 81.9 84.9 83.5 79.3 73.1 68.4 72.1 73.1 73.4 72.8 73.7 75.2 77.4 79.1 78.5 77.5 76.2 74 71.8 64.2 64.2 66.5 70.6 73.6 73.2 71.7 70.3 65.2 56.2 44 -1.3 -1.3 -1.3 -1.3 -1.3 -1.3 -1.3 -1.3 -1.3 -1.3 -1.3 -1.3 -1.3 -1.3 -1.3 -1.3 -1.3 -1.3 26.3 36.7 25.7 -1.3 -1.3 -1.3 -1.3 -1.3 -1.3 -1.3 -1.3 -1.3 -1.3 -1.3 -1.3 -1.3 -1.3
77.9 78.2 79.5 81 80.8 80.8 80.6 79.6 77.6 75.9 74.2 73.1 73.5 70 69.9 71.4 71.4 71.3 70.9 71.8 79.8 84.7 84.7 81.3 75 68 71.4 73.6 74.6 74.4 74.4 75.9 78.2 78.9 78.3 77 74.6 72.1 67 63.3 64.8 66.9 69.6 70.1 69.2 69 66.4 61.4 53.2 37.6 -1.3 -1.3 -1.3 -1.3 -1.3 -1.3 -1.3 -1.3 -1.3 -1.3 -1.3 -1.3 -1.3 -1.3 -1.3 -1.3 -1.3 -1.3 30.9 38.4 27.4 -1.3 -1.3 -1.3 -1.3 -1.3 -1.3 -1.3 -1.3 -1.3 -1.3 -1.3 -1.3 -1.3 -1.3
80.6 81.9 83.3 84.8 84.4 85.1 84.9 84.1 82.6 80.8 79 78 77.8 76.4 70.1 70.8 71.1 70.2 70.7 70.8 74.7 82.1 83.8 82.5 77.6 68.3 66.3 71.4 75.6 76.2 76.4 77.3 78.3 78.3 78.3 77.7 75.4 72.5 66.4 62.4 62.4 65.7 67.6 67.6 67.4 67.4 62.9 57.8 47.2 22.3 -1.3 -1.3 -1.3 -1.3 -1.3 -1.3 -1.3 -1.3 -1.3 -1.3 -1.3 -1.3 -1.3 -1.3 -1.3 -1.3 -1.3 -1.3 29.9 39.4 27.3 -1.3 -1.3 -1.3 -1.3 -1.3 -1.3 -1.3 -1.3 -1.3 -1.3 -1.3 -1.3 -1.3 -1.3
82.7 84.3 85.2 87 88 89.5 90.1 89.3 87.9 85.7 83.7 82.7 81.9 82.2 77.7 69.6 70.3 70.2 69.7 70.7 69.8 79.5 81.1 79.9 76.8 73.9 63.9 68.6 72.7 76.1 76.8 77.4 77.7 79 77.8 77.7 75.6 72.3 66.4 62.4 61.3 62.2 64.8 66.4 67.7 67.8 63 56.7 39.6 -1.3 -1.3 -1.3 -1.3 -1.3 -1.3 -1.3 -1.3 -1.3 -1.3 -1.3 -1.3 -1.3 -1.3 -1.3 -1.3 -1.3 -1.3 -1.3 29.7 41.1 23.9 -1.3 -1.3 -1.3 -1.3 -1.3 -1.3 -1.3 -1.3 -1.3 -1.3 -1.3 -1.3 -1.3 -1.3
84.2 86.4 87.2 87.5 89.1 90.4 91.2 91.7 91.1 90.2 88.8 87.4 87.2 85.7 83.6 70.2 68.2 70 64.9 68.2 64.8 79.7 79.4 76.5 72.9 70.1 63.9 58.3 70.9 74.3 75.2 75.6 76.2 77.7 76.8 76.9 75.3 71.6 67.8 62.3 60.2 59.6 61.7 65.9 67.1 67.1 64 57.6 35.5 -1.3 -1.3 -1.3 -1.3 -1.3 -1.3 -1.3 -1.3 -1.3 -1.3 -1.3 -1.3 -1.3 -1.3 -1.3 -1.3 -1.3 -1.3 -1.3 27.8 36.5 21.5 -1.3 -1.3 -1.3 -1.3 -1.3 -1.3 -1.3 -1.3 -1.3 -1.3 -1.3 -1.3 -1.3 -1.3
89.7 90.3 90.8 90.9 90.9 91 91.8 92.2 92.1 91.4 90.6 88.9 87 85.5 83.2 76.1 70.5 67.6 58.3 57.9 58.3 76 79.7 73.3 67.5 65.1 59.5 56.9 68.6 70.9 72.9 74 72.9 72 73.7 75.3 73.4 69.9 66.4 61.1 58.2 57.7 60.7 65.3 66.5 66.4 64.9 57.5 36.7 -1.3 -1.3 -1.3 -1.3 -1.3 -1.3 -1.3 -1.3 -1.3 -1.3 -1.3 -1.3 -1.3 -1.3 -1.3 -1.3 -1.3 -1.3 -1.3 -1.3 30.2 24.4 -1.3 -1.3 -1.3 -1.3 -1.3 -1.3 -1.3 -1.3 -1.3 -1.3 -1.3 -1.3 -1.3 -1.3
93.2 94 94.3 94.4 93.9 93.2 92.3 92.5 93.1 92.6 91 89.1 87.3 85.8 84.6 82.4 78.1 77.2 72.7 60 51 63.4 66.7 63.5 58.9 51.6 39.8 46.6 61.3 65.2 68.5 66.1 63.5 64.4 68.8 72.4 70.9 66.5 63.3 58.3 56.8 57.2 59.9 64.5 66.2 65.8 62.9 53.9 29.9 -1.3 -1.3 -1.3 -1.3 -1.3 -1.3 -1.3 -1.3 -1.3 -1.3 -1.3 -1.3 -1.3 -1.3 -1.3 -1.3 -1.3 -1.3 -1.3 -1.3 16 28.7 -1.3 -1.3 -1.3 -1.3 -1.3 -1.3 -1.3 -1.3 -1.3 -1.3 -1.3 -1.3 -1.3 -1.3
95 95.6 96.1 96.2 96.2 95.6 94.4 93.8 94.1 93.9 93 91.5 89.5 87.7 86.4 84 79.1 78.1 75.4 69.5 50.1 45.5 46.2 44.4 42.5 39.2 28.1 29.2 36.3 40.3 40.3 41.6 42.6 48.2 56.9 66 69.2 65.4 60.6 56.6 55 54.7 58.3 62 63.9 63.2 59 48.7 21.6 -1.3 -1.3 -1.3 -1.3 -1.3 -1.3 -1.3 -1.3 -1.3 -1.3 -1.3 -1.3 -1.3 -1.3 -1.3 -1.3 -1.3 -1.3 -1.3 -1.3 -1.3 28.8 -1.3 -1.3 -1.3 -1.3 -1.3 -1.3 -1.3 -1.3 -1.3 -1.3 -1.3 -1.3 -1.3 -1.3
95.3 96.1 96.1 96 96.2 96.2 95.2 95.6 96.1 96.1 95.8 94 92.1 90 88.6 86.7 79.4 77 74.8 66.6 51.7 43.1 34.8 30.6 28.6 25.4 23.7 24.2 26.8 29.8 29.5 28.8 19.4 23.4 40.8 58.7 67.2 65.5 60.5 56.1 53.2 52.1 54.7 57.9 59.8 59.8 56.7 46.7 18.8 -1.3 -1.3 -1.3 -1.3 -1.3 -1.3 -1.3 -1.3 -1.3 -1.3 -1.3 -1.3 -1.3 -1.3 -1.3 -1.3 -1.3 -1.3 -1.3 -1.3 -1.3 20.2 -1.3 -1.3 -1.3 -1.3 -1.3 -1.3 -1.3 -1.3 -1.3 -1.3 -1.3 -1.3 -1.3 -1.3
96.2 96.8 96.3 96 96 96 96.3 96.6 97.6 99.1 98.8 97 94.8 92.5 90.3 87.3 80.9 73.9 70.6 58 46.9 33.9 17.5 4 4.7 4.6 3.8 3.7 3.2 2.8 2.7 2.6 2.4 2.4 3.3 50.3 66.7 64.4 60.3 56.3 52.7 49.7 50.5 53.2 55.7 54.6 52 42.6 19.6 -1.3 -1.3 -1.3 -1.3 -1.3 -1.3 -1.3 -1.3 -1.3 -1.3 -1.3 -1.3 -1.3 -1.3 -1.3 -1.3 -1.3 -1.3 -1.3 -1.3 -1.3 -1.3 -1.3 -1.3 -1.3 -1.3 -1.3 -1.3 -1.3 -1.3 -1.3 -1.3 -1.3 -1.3 -1.3 -1.3
97.7 98.4 98 97.5 96.5 95.6 95.9 96.5 98.5 100.7 101.8 99.8 97.7 95.9 93 81.2 56.4 47.6 7.6 4.1 1.9 8.3 1.6 0.9 1.4 1.1 1.3 1.5 1.3 1.5 1.6 1.5 1.1 1.2 1.6 43 65.2 65.4 62.2 59.1 52.9 47.2 44.8 45.2 42 40.7 36.1 34.3 10.7 -1.3 -1.3 -1.3 -1.3 -1.3 -1.3 -1.3 -1.3 -1.3 -1.3 -1.3 -1.3 -1.3 -1.3 -1.3 -1.3 -1.3 -1.3 -1.3 -1.3 -1.3 -1.3 -1.3 -1.3 -1.3 -1.3 -1.3 -1.3 -1.3 -1.3 -1.3 -1.3 -1.3 -1.3 -1.3 -1.3
99.7 100 100 99.1 97 95.9 95.6 95.8 97.7 101.1 102.8 98.1 62.2 61.3 38 27.2 20.6 6 0.5 0.2 -1.3 -1.3 -1.3 -1.3 -1.3 -1.3 -1.3 -0.2 -0.1 0 0.1 0.2 0.1 0.2 0.8 12.1 49.4 66.1 64.5 61.8 56.2 47.1 42.1 35.7 27.9 -1.3 -1.3 -1.3 -1.3 -1.3 -1.3 -1.3 -1.3 -1.3 -1.3 -1.3 -1.3 -1.3 -1.3 -1.3 -1.3 -1.3 -1.3 -1.3 -1.3 -1.3 -1.3 -1.3 -1.3 -1.3 -1.3 -1.3 -1.3 -1.3 -1.3 -1.3 -1.3 -1.3 -1.3 -1.3 -1.3 -1.3 -1.3 -1.3 -1.3
100.9 101 100.7 99.5 97.5 95.9 95.7 96.4 80.5 72.7 57 41 19.1 3.1 1.4 1.7 -1.3 -1.3 -1.3 -1.3 -1.3 -1.3 -1.3 -1.3 -1.3 -1.3 -1.3 -1.3 -1.3 -1.3 -1.3 -1.3 -1.3 -1.3 -0.1 0.9 34.1 63.5 65.2 62.7 59.1 50.9 44.7 37.9 26.4 -1.3 -1.3 -1.3 -1.3 -1.3 -1.3 -1.3 -1.3 -1.3 -1.3 -1.3 -1.3 -1.3 -1.3 -1.3 -1.3 -1.3 -1.3 -1.3 -1.3 -1.3 -1.3 -1.3 -1.3 -1.3 -1.3 -1.3 -1.3 -1.3 -1.3 -1.3 -1.3 -1.3 -1.3 -1.3 -1.3 -1.3 -1.3 -1.3 -1.3
101.7 101.4 100.3 99 97.4 95.6 94.9 99.1 75.1 48.9 2 1 0.4 -1.3 -1.3 -1.3 -1.3 -1.3 -1.3 -1.3 -1.3 -1.3 -1.3 -1.3 -1.3 -1.3 -1.3 -1.3 -1.3 -1.3 -1.3 -1.3 -1.3 -1.3 -1.3 -1.3 -1.3 15 64.5 63.1 60 53.9 47.6 35.8 22.6 -1.3 -1.3 -1.3 -1.3 -1.3 -1.3 -1.3 -1.3 -1.3 -1.3 -1.3 -1.3 -1.3 -1.3 -1.3 -1.3 -1.3 -1.3 -1.3 -1.3 -1.3 -1.3 -1.3 -1.3 -1.3 -1.3 -1.3 -1.3 -1.3 -1.3 -1.3 -1.3 -1.3 -1.3 -1.3 -1.3 -1.3 -1.3 -1.3 -1.3
101.7 101.3 99.8 98.3 96.9 95.4 93.1 89.6 64.6 1.7 0.1 -1.3 -1.3 -1.3 -1.3 -1.3 -1.3 -1.3 -1.3 -1.3 -1.3 -1.3 -1.3 -1.3 -1.3 -1.3 -1.3 -1.3 -1.3 -1.3 -1.3 -1.3 -1.3 -1.3 -1.3 -1.3 -1.3 -1.3 -1.3 61.1 62 57.7 44.3 33.2 20.3 -1.3 -1.3 -1.3 -1.3 -1.3 -1.3 -1.3 -1.3 -1.3 -1.3 -1.3 -1.3 -1.3 -1.3 -1.3 -1.3 -1.3 -1.3 -1.3 -1.3 -1.3 -1.3 -1.3 -1.3 -1.3 -1.3 -1.3 -1.3 -1.3 -1.3 -1.3 -1.3 -1.3 -1.3 -1.3 -1.3 -1.3 -1.3 -1.3 -1.3
100.3 100.2 99 97.7 96.3 95.2 84.8 64.1 41.8 -1.3 -1.3 -1.3 -1.3 -1.3 -1.3 -1.3 -1.3 -1.3 -1.3 -1.3 -1.3 -1.3 -1.3 -1.3 -1.3 -1.3 -1.3 -1.3 -1.3 -1.3 -1.3 -1.3 -1.3 -1.3 -1.3 -1.3 -1.3 -1.3 -1.3 -1.3 61 59 35.6 -1.3 -1.3 -1.3 -1.3 -1.3 -1.3 -1.3 -1.3 -1.3 -1.3 -1.3 -1.3 -1.3 -1.3 -1.3 -1.3 -1.3 -1.3 -1.3 -1.3 -1.3 -1.3 -1.3 -1.3 -1.3 -1.3 -1.3 -1.3 -1.3 -1.3 -1.3 -1.3 -1.3 -1.3 -1.3 -1.3 -1.3 -1.3 -1.3 -1.3 -1.3 -1.3
97.8 97.9 97.3 96.6 93.7 72.9 54.1 33 1 -1.3 -1.3 -1.3 -1.3 -1.3 -1.3 -1.3 -1.3 -1.3 -1.3 -1.3 -1.3 -1.3 -1.3 -1.3 -1.3 -1.3 -1.3 -1.3 -1.3 -1.3 -1.3 -1.3 -1.3 -1.3 -1.3 -1.3 -1.3 -1.3 -1.3 -1.3 44.2 48.4 24.5 -1.3 -1.3 -1.3 -1.3 -1.3 -1.3 -1.3 -1.3 -1.3 -1.3 -1.3 -1.3 -1.3 -1.3 -1.3 -1.3 -1.3 -1.3 -1.3 -1.3 -1.3 -1.3 -1.3 -1.3 -1.3 -1.3 -1.3 -1.3 -1.3 -1.3 -1.3 -1.3 -1.3 -1.3 -1.3 -1.3 -1.3 -1.3 -1.3 -1.3 -1.3 -1.3
95.9 96 95 93.4 74.9 53.6 46.2 0.7 -1.3 -1.3 -1.3 -1.3 -1.3 -1.3 -1.3 -1.3 -1.3 -1.3 -1.3 -1.3 -1.3 -1.3 -1.3 -1.3 -1.3 -1.3 -1.3 -1.3 -1.3 -1.3 -1.3 -1.3 -1.3 -1.3 -1.3 -1.3 -1.3 -1.3 -1.3 -1.3 -1.3 39.3 13.8 -1.3 -1.3 -1.3 -1.3 -1.3 -1.3 -1.3 -1.3 -1.3 -1.3 -1.3 -1.3 -1.3 -1.3 -1.3 -1.3 -1.3 -1.3 -1.3 -1.3 -1.3 -1.3 -1.3 -1.3 -1.3 -1.3 -1.3 -1.3 -1.3 -1.3 -1.3 -1.3 -1.3 -1.3 -1.3 -1.3 -1.3 -1.3 -1.3 -1.3 -1.3 -1.3
94 93.9 92.5 84.3 60.7 56.3 45.4 -1.3 -1.3 -1.3 -1.3 -1.3 -1.3 -1.3 -1.3 -1.3 -1.3 -1.3 -1.3 -1.3 -1.3 -1.3 -1.3 -1.3 -1.3 -1.3 -1.3 -1.3 -1.3 -1.3 -1.3 -1.3 -1.3 -1.3 -1.3 -1.3 -1.3 -1.3 -1.3 -1.3 -1.3 -1.3 -1.3 -1.3 -1.3 -1.3 -1.3 -1.3 -1.3 -1.3 -1.3 -1.3 -1.3 -1.3 -1.3 -1.3 -1.3 -1.3 -1.3 -1.3 -1.3 -1.3 -1.3 -1.3 -1.3 -1.3 -1.3 -1.3 -1.3 -1.3 -1.3 -1.3 -1.3 -1.3 -1.3 -1.3 -1.3 -1.3 -1.3 -1.3 -1.3 -1.3 -1.3 -1.3 -1.3
90.8 90.9 90.1 83.9 66.6 59.7 41.3 -1.3 -1.3 -1.3 -1.3 -1.3 -1.3 -1.3 -1.3 -1.3 -1.3 -1.3 -1.3 -1.3 -1.3 -1.3 -1.3 -1.3 -1.3 -1.3 -1.3 -1.3 -1.3 -1.3 -1.3 -1.3 -1.3 -1.3 -1.3 -1.3 -1.3 -1.3 -1.3 -1.3 -1.3 -1.3 -1.3 -1.3 -1.3 -1.3 -1.3 -1.3 -1.3 -1.3 -1.3 -1.3 -1.3 -1.3 -1.3 -1.3 -1.3 -1.3 -1.3 -1.3 -1.3 -1.3 -1.3 -1.3 -1.3 -1.3 -1.3 -1.3 -1.3 -1.3 -1.3 -1.3 -1.3 -1.3 -1.3 -1.3 -1.3 -1.3 -1.3 -1.3 -1.3 -1.3 -1.3 -1.3 -1.3
88.3 88.9 89.2 84.6 64.7 59.8 43 -1.3 -1.3 -1.3 -1.3 -1.3 -1.3 -1.3 -1.3 -1.3 -1.3 -1.3 -1.3 -1.3 -1.3 -1.3 -1.3 -1.3 -1.3 -1.3 -1.3 -1.3 -1.3 -1.3 -1.3 -1.3 -1.3 -1.3 -1.3 -1.3 -1.3 -1.3 -1.3 -1.3 -1.3 -1.3 -1.3 -1.3 -1.3 -1.3 -1.3 -1.3 -1.3 -1.3 -1.3 -1.3 -1.3 -1.3 -1.3 -1.3 -1.3 -1.3 -1.3 -1.3 -1.3 -1.3 -1.3 -1.3 -1.3 -1.3 -1.3 -1.3 -1.3 -1.3 -1.3 -1.3 -1.3 -1.3 -1.3 -1.3 -1.3 -1.3 -1.3 -1.3 -1.3 -1.3 -1.3 -1.3 -1.3
