app/static/ascii/SH34.asc
ncols 200
nrows 200
xllcorner 230000
yllcorner 340000
cellsize 50
[rows 108 to 143 of 200, columns 81 to 161 of 200]
-1.3 -1.3 -1.3 -1.3 -1.3 -1.3 -1.3 -1.3 -1.3 1.5 11.5 17.6 30.4 45.5 68.8 70.3 80.5 128.7 148 183 214.2 232.6 233.9 231.7 211.8 182.6 156.2 140.6 135.6 149.6 205.8 244.6 267.4 282.9 300.1 315 334.7 352.4 364.9 387.7 407.6 422.2 440.7 457 469.7 488.6 506.4 506.5 501.4 491 484.8 471.1 458.1 448.8 437.8 429.9 416.2 410.9 402.6 402.9 406.4 413.4 424 448.5 450.7 449.2 440.6 428.3 413.1 404.3 383.6 361.5 338.5 319.1 293.4 274.8 260.9 246.7 233.1 218.6 209.1
-1.3 -1.3 -1.3 -1.3 -1.3 -1.3 -1.3 -1.3 -1.3 5.1 18.1 33.1 43.7 67.5 69.3 76.4 114.3 157.6 172.2 195 233 240.4 240.9 241.2 233.1 204.3 171.1 158.2 144.9 178.2 216.8 254.4 272.3 286.7 301.7 316.1 332.3 349.6 365.6 385.7 404.1 420 436.8 453 459.2 480.4 484.1 483.5 479.5 472.3 458.8 452.7 449.7 436.3 426.9 416.4 401.1 396.9 394.7 396.9 400.9 408.4 421.2 429.9 430.1 423.7 414.7 402.7 394.3 381.1 366.1 341.8 323.9 309.5 286 266.2 254.3 241.3 227.3 214.4 204.8
-1.3 -1.3 -1.3 -1.3 -1.3 -1.3 -1.3 -1.3 1.5 11.4 22.3 39.7 63.4 92.3 96.9 105.8 158.6 196.7 204.5 225.1 244.2 249.6 247.9 247.8 243.2 225.8 198.3 177.4 169.7 194.6 242.1 264.6 277.6 291 300.9 314 331.7 345.9 365.5 384.8 398.6 414.7 432.3 440.8 447.6 461.8 464.4 463.1 460.2 448.6 437.2 431 428.9 423 415.9 403 389.5 386.6 387.6 389.4 393.1 400.2 408.5 408.7 405.4 400.5 391.3 379.9 372.5 358.9 341.9 322.1 307.4 293.6 274.7 255.2 246.2 234 222 212.2 202.9
-1.3 -1.3 -1.3 -1.3 -1.3 -1.3 -1.3 -1.3 5.4 18.4 27.6 52.5 87.2 103.8 107.6 134.9 185 235.9 242.9 262.3 267.8 261 255.8 252.9 247.5 235.5 218.2 199.3 196.1 223.5 257.3 271.2 282.5 292.8 303.2 317.3 331.8 348.3 365.3 380.5 393 411.1 422.6 429.9 435.7 440.9 439.4 442.9 439.5 427 417.1 419.7 422 416.6 402.8 387 382 380.6 381.5 382.6 383.5 387.9 388.4 385 385.5 378.2 368.5 360.5 352.5 334.7 321.4 306.3 293.2 278.8 262.8 249.4 237.7 226.2 216.6 208.5 199.6
-1.3 -1.3 -1.3 -1.3 -1.3 -1.3 -1.3 2 13.8 24.9 42.6 66.4 101.4 124.4 150.6 173.2 207 249.8 262 272.2 280.8 284.3 266.5 260.7 252.7 244.3 234.2 219.5 219.8 250.8 267 276.7 284.6 294.4 305.3 320.1 328.7 345.8 362.2 374.9 390.1 402.2 410 415.5 416.2 420.4 425.4 427.7 422.8 410 403.2 410.6 417 407.8 392.2 380.6 376 374.6 375.6 376.7 378.2 374.8 370.1 366.3 364 356 349.1 339.3 327 309.3 300.2 288.6 275.6 262.5 249.4 241.6 230.3 219.4 209.9 204.3 196.5
-1.3 -1.3 -1.3 -1.3 -1.3 -1.3 -1.3 6.1 20.1 39.5 55.7 78.7 115.4 139.1 171.8 203.7 221.4 242 259.5 271.6 293 292.7 280.5 270.4 257.8 251.2 246.5 238.1 243.2 259.3 272.8 278.6 283.2 295.3 308.9 322.8 332.3 346.6 358.2 371.2 383.5 391 393.8 397.3 401.5 404.7 407.5 410.5 401.1 391.7 394.4 400.3 406.6 392.1 378.8 373 370.8 368.6 369 370.5 368.7 365.5 359.6 352.2 344.3 336.2 328.7 316.3 305 293.4 284.3 273.9 260.2 252.1 243.8 233.7 222.2 213.9 205.9 199 190.5
-1.3 -1.3 -1.3 -1.3 -1.3 -1.3 1.9 13.3 25.4 45.4 64.8 83.3 110 145.5 169.4 205 223.2 241.1 259.4 273 283.5 290.6 288.5 282.1 265.4 258.3 253.1 250.4 253.5 264.8 274.7 279.4 285.7 297.1 309.3 325.8 334.7 345.6 351.1 361.5 371.9 376.2 378.1 379.2 382.9 385 389.2 390.7 383.6 384.5 386.6 387.5 386 379.1 372.2 369.1 366.4 363.3 362.7 361 360.2 355.8 348.3 338.9 330.7 321.8 308.8 300.9 289.9 280.8 271.7 260.7 251.8 245.3 236.5 226.9 216.9 208.8 199.9 192.4 185.7
-1.3 -1.3 -1.3 -1.3 -1.3 -1.3 5.9 17.9 35.2 51.1 69.9 95 119.1 150.4 180 204.7 222 243.6 262.9 273.3 283.6 297.2 294.8 286.4 269.1 263.3 260.3 258.9 263.4 269.4 276.3 280.8 287.2 298.2 315.1 331 337.1 341.5 346.7 351 359.2 363.9 363.7 364.8 364.9 369 373.2 374.5 375.7 376.1 377.1 376.9 375.7 373.7 370.5 366.3 362.5 358.9 355.1 352.1 348.5 343.2 334.2 325.6 315.4 306.3 294.9 285.3 273.6 266.2 258 249.9 244.3 239.1 230.5 221.5 212.8 204.8 196.6 188.1 180.7
-1.3 -1.3 -1.3 -1.3 -1.3 2.4 15.4 32.4 48.1 66.5 85.2 110.6 141.9 176.3 197.4 208.5 222.9 241.1 261.7 279.2 287.2 294.2 295.3 282.7 271.8 267.5 265.3 266.6 270.6 278.7 283.6 291 296.7 299.3 316.7 327.9 334.2 337 341.2 343.3 345.5 347.2 348.7 349.4 352.7 355.2 358.4 360.8 365.4 368.1 370.2 372 373.2 373.2 369.9 364.5 359.3 354.5 348.2 341.6 334.5 327.5 319.4 308.7 296.8 290.8 280.8 270.6 261 254.5 248.5 242.9 238.2 232.5 224.3 215.7 206.5 198.7 192.1 182.9 176.8
-1.3 -1.3 -1.3 -1.3 1.6 6.5 34.8 53.3 67.6 76.4 99.7 125.7 157.8 189.3 202.2 213 225.7 242.7 263.4 280.3 289.1 293.7 295 278.2 273.5 271 270.1 272.2 278.2 284.2 289.2 296 302.1 306.9 315.6 324.2 330.6 333.4 335.1 335.9 335.9 336.1 335.4 336.6 339.4 342.8 345.3 349.8 356.3 362.5 365.2 368 373.8 378.1 373.4 363.6 357.7 352.2 343 332.1 321.9 313.1 304.3 292 286.2 276.9 268.4 257.7 250.2 246.2 241.5 236.6 231.3 223.9 216.5 208.3 200.3 193.6 186.1 178.4 172.5
-1.3 -1.3 -1.3 0.4 5 34.7 55.7 64.9 80 87.2 112.4 144.7 176 196.2 205.1 216.8 231.9 247.1 264.1 276 286.6 293.6 287.2 277.4 273.7 273.4 274.4 277.1 285.5 291 295.8 300.2 305 308.2 314.5 322.2 327.4 330.7 330.2 327.2 325.1 324 324.3 324.4 325.7 328.1 333.7 339.9 347.8 354.2 359.8 365.4 372.3 375.7 375.6 363.8 355.5 346.9 335.6 323.2 310.5 299.2 288.7 280.7 272.7 264.6 258.4 248.6 244 239.9 235.4 230.3 223.4 216.2 208.1 200.9 193.7 187.5 181 174.7 168.6
-1.3 -1.3 -1.3 1.8 21.9 52.1 76.4 87.8 99.5 114.1 132.6 150.6 181.1 197.5 211.7 222.1 240.9 252.9 264.8 281 285.7 291.5 279.7 275.5 273.6 275.6 278.6 282.6 291 295.3 299.5 303.4 307.2 311.1 314.3 321.1 324 324.8 322.6 318.8 315.8 313.7 312.5 312.3 316.6 320 325 333.7 340.8 348.4 354.7 362.1 369 374.1 370.3 359.3 349.8 338.4 327 313.5 297.1 287.5 277.1 269 261.1 255.7 249.5 242.5 237.6 232.8 227.8 221.1 214.6 207 200.9 195.3 189 182.8 176.5 170.9 164.7
-1.3 -1.3 0.8 9.3 47.8 68.9 91.6 117.9 131.8 144.3 164.2 174.1 182.8 200.7 214.9 223.8 248.9 260.9 266.4 284 288 284.6 277.1 273.6 273.1 277.1 282 286.7 293.2 298.5 302.7 305.9 308.1 310.7 311.2 316 317.7 316.7 313.1 309.1 306 301.9 300 300.9 306.1 313.1 319.7 328.1 335.1 343.3 350.9 358.6 368.7 375.2 361.6 352.4 340.8 328.9 318 302.5 287 277 265.6 258.1 251.4 247.4 241.6 234.9 229.1 224.1 218.2 211.4 205.5 200.3 195.2 190.4 184.4 179.3 172.9 167 163.4
-1.3 1.3 6.3 39.5 58.1 80.6 111.6 143.6 170.9 174.9 176.7 181.5 192.7 200.7 215.3 228.6 248.5 263.5 269 280.9 285.8 277.9 274.6 271.5 272.4 277.7 283.5 288.8 294.9 300.7 304.1 306.6 307.8 308.2 307.4 309.1 309.4 307.8 303.6 300.2 295.9 292.7 292.4 293.6 297.9 305.7 313.2 322.5 330.8 339 346.7 354.8 361.1 358.2 349.9 340.7 332.2 320.6 310.6 293.9 279.7 270.4 255.9 246.7 242.4 238.8 233.6 226.9 219.8 214.8 209.3 202.7 198 193.6 189.8 186.3 180.1 174.3 168.9 163.9 161.3
1.2 5.2 30.3 50.5 73.5 98.4 127.2 156 174.2 180.1 183.7 192.4 204.8 213.5 219 227.8 241.8 255.2 267.8 283.3 278.3 273.6 271 269.5 271.8 277.9 283.7 289.6 296.8 302.8 305.6 306.4 305.8 305 303.7 303.1 301.9 299 294.5 289.9 286.7 285.5 285.1 288.1 293.7 299.2 308.4 317.3 326.1 334 340.8 349.2 352.7 350.6 344.5 335.3 325.3 313.2 302.3 286.5 276.1 266 251.7 241.2 230.8 229.7 226 219.2 213.1 206.1 202.5 198 193.5 189.3 185.4 181.5 176.9 171.6 165.1 161.6 158.6
18.6 32 50.8 70.8 93.5 117.5 141.8 164.8 176.3 183.3 194 205.1 216.9 223.7 230.7 233.7 239.3 247.8 258.9 273.7 270.3 269.5 267.9 267.6 270.5 277.2 283.1 289.6 296.6 302.8 306.2 305.1 303 301 298.8 296.6 293.5 289.9 285.8 280.9 277.8 277.6 277.7 282.6 288.3 294.6 303.4 313.3 322.4 328.3 333.3 338.7 341.7 340.6 335.6 326.8 316.4 304.3 295 281.6 271.8 263.1 248.7 237.7 230.1 217.4 211.5 209.5 205.5 201.3 198.2 193.6 189.5 185.5 182.4 178.4 173.4 168.4 164.1 159.7 156.8
47 64.8 81.1 84.8 109.9 133.2 151.1 168.3 178.6 186.8 201.2 214.7 227.3 234.7 240.6 242 243.5 246.8 252.6 260.7 263.9 264.5 264.4 266.1 268.6 276.1 281.7 288.2 294.2 299.7 301.9 301.5 299.3 295.4 291.9 288.5 285.8 282.3 276.7 273.9 270.3 269.2 271.7 278.1 284.6 289.4 297.9 309.3 319.2 323.1 325.7 329.1 329.8 328 323.9 315.6 305.6 296.6 288.4 277.4 269.3 259.5 246.1 236.9 229.2 220.2 209.4 202.5 199.1 196.6 193.7 190.5 186.8 184.3 180.4 176.5 173.3 168.3 164 160.8 156.5
83.8 91.5 106 115 117.2 137.6 154.4 166.7 180 190.3 206.5 219.8 233 241.1 245.6 249.4 250.5 250.6 252.3 255.7 259.9 261.1 262.2 265.1 269.4 274.9 279 285.4 289.4 294.1 294.5 293.8 291.2 286.4 284.5 280.6 277.5 273.9 268.5 265.3 262.5 262.4 266.6 274 278.8 284.1 291 303 310.8 314.7 316.5 318.3 318.4 316.6 311.1 304.1 297.1 290.1 281.9 273.3 264 255.8 243.3 234 228.8 221.2 211.7 203.5 199 194.9 190.6 188.6 185.7 183.8 181.6 179.7 175.5 170.5 165.1 162.5 158.7
114.1 133.9 136.2 139.6 142.5 149.1 158.4 168.8 184.4 197.8 213.2 224.2 235 242.6 247.8 253.7 257.2 255.8 255.2 256.6 258.6 260.5 263.3 266.9 270.6 274 276.4 280.5 282.9 285.5 285.4 283.6 280.6 279 277 273.1 270.3 265.6 262.5 257.7 252.7 257.2 262.5 268 273.1 277.7 284.4 293.6 300.9 304.4 305.5 305.3 304.9 303.2 299.9 295.1 289.7 282.7 276.2 268.9 260.6 250.3 239.9 232.7 227.2 220.2 212.4 205.3 200.7 196.7 194.2 190.8 187.5 185 182.8 180.1 175.9 170.7 166.3 162.7 159.2
129.4 141.7 143.4 147 150.8 162.6 169.3 180.6 195.8 210 222.5 232 239.4 246.9 251.6 254.5 256.1 256.5 256 256.8 258.2 260 263.9 268.8 272.9 273.3 273.2 274.9 275.8 278 276.6 275.2 273.7 272.5 269.6 266.5 262.6 258.9 251.9 244 245.3 255.7 260.2 264.7 268.9 271 277.4 284.7 290.7 294.4 295.5 295.3 294.5 293 290.2 287.4 282.7 277.4 270.5 261.3 251.8 243.1 234.9 230.8 225.7 218.4 212.4 206.6 203.6 199.8 196.8 193.2 189.4 186.3 182.6 179.9 175.9 170.4 165.6 161.9 158.2
136.9 145 148.3 152.3 161.9 174.6 181.1 194.8 212.4 226.8 239.2 245.8 250.9 254.3 254.8 254.7 254.3 254.7 253.8 254.4 257 258.6 263.3 270.3 275.9 273.3 269.6 268.4 269 270.5 270.4 268.3 267.3 265 262.4 258.8 254.8 250.3 242.1 231.6 244.9 252.6 257.4 260.8 263.5 265.9 270.3 275.2 279.9 283.3 284.5 284.6 284.5 283.8 282.2 279.7 275.1 265.6 256.6 246.2 240.2 239.4 233.5 229.3 226 222 216 212.4 208.7 204.7 199.7 194.8 191 186.7 183.1 179.5 175.9 171 164.8 161 157.1
143.3 149.5 154.6 162.4 173.2 183.5 194.7 209.9 225.3 242.6 254.9 255.7 257.9 257.9 256.9 254.7 251.5 251 249.5 251.1 253.3 255.2 262.2 270.5 278.6 272.6 266.5 261.9 261.9 262.5 261.6 261 259.1 256.4 253.5 250.5 247.2 242.7 230.1 228 241.4 248.5 252.9 255.8 258.2 260.2 262.1 266.7 270.3 273.3 274.5 275 274.7 274.8 274.4 272.5 256.2 252.4 254.8 254 253.2 248.8 241.6 233.6 228.7 224.6 221 217.2 213 208.6 203.9 197.7 191.7 187.8 184.1 179.9 176.2 171.1 164.1 159.8 155.9
148.1 155.1 162.2 169.5 179.6 193.3 205.3 217.9 233.8 246.6 255.8 259.6 257.8 255 255.9 250 246.7 246 242.7 244.8 247.1 249.8 258.2 266.4 272.4 269.9 264.8 256.9 252.8 253.5 254.1 252.5 251.2 248.3 245.2 242.8 239.1 234.9 222.8 222.1 234.7 243 247.6 250.7 252.3 253.8 256 258.7 260.7 262.4 263.8 265.1 265.7 266.2 266.1 260.6 263.9 270.2 269.8 265 260.1 253.9 246.8 239.9 235 231.1 229 227 223.9 220 214.2 203.7 195.8 189.6 185.8 181.2 175.4 170.7 164.5 158.5 154.6
152.4 162 168.7 174.7 185.6 197.5 209.9 224.9 236.5 244.8 248 245.4 241.5 239 236.7 234.5 232.6 236.3 234.8 235.2 238.8 243.9 250 258.8 266.2 266.5 261.9 253.1 245.1 243.6 244.7 244.1 242.4 240.4 238.1 234.6 231.1 226.6 214.7 216.9 228 236.6 241.6 244.8 246 247 249.2 249.9 251.9 252.7 253.7 255 256.2 257.1 254.8 257 272.2 277.4 281.4 277.6 268.2 260.6 254.8 247.8 243.1 240.1 238.8 237.2 237.2 234.3 229.5 217.6 206.7 197.3 189.8 183.4 175.9 171 164.1 157.8 153.5
158.7 167.3 173.4 180.1 190.6 203 216.2 229.8 239.7 243.8 242.5 239.8 237.1 234.2 231.4 229.9 227.5 224.2 222 225.8 232 237 241 250.3 258.7 262.6 259.5 250.9 241.1 235.3 235.4 236.2 233.3 233.2 230.2 227 223.8 217.9 208.4 212.1 222.3 228.7 234.5 238 239.4 240.3 241.8 241.4 243 243.2 244.2 244.5 245.6 246.8 256.6 269.7 278.8 286.4 290.3 287.6 283.4 273.9 267.5 259.9 255.9 251.6 252.7 252.1 252 251.5 245.6 234.1 217.8 206.1 194 187.1 179.8 172.3 165.4 158.6 153.1
165.6 173.3 178 184.6 196.2 210.5 219.9 230.6 239 239.2 237.1 234.5 232.1 228.8 226.4 225.2 220.8 216.7 216.5 217.3 219 223.6 231.9 241.4 252.3 260.5 256.8 247.5 237 229.4 229.7 228.9 228.7 226 224.1 220.7 216.3 210.4 204 205.8 215.4 221.3 227 231.3 232.9 233.1 232.5 231.9 232.4 233.6 235.3 238.6 244.2 251.6 262.9 273.2 278.7 286.2 291.7 295.8 288.7 280.9 276.5 273.2 270.4 267.1 268.8 268.9 269.2 268.6 262.3 250.2 230.2 218.9 205.6 193.8 183.6 174.9 166.3 160 153.2
169.9 176.3 181.5 186.2 197.2 211 220.6 230.2 233.9 233.4 232.1 229.8 226.6 223 222.1 217.3 215.2 211.1 210.7 212.3 214.1 215.1 219.3 231.5 242.9 252 240.6 239 233.3 224.6 221.8 222.3 221.8 220.6 218 214.6 209.2 203.3 197.9 201.8 208.6 214.7 219.7 224.3 226.2 225.2 225.6 224.1 225.4 227.9 234.4 239.8 248.9 257.8 263.5 268.7 274.5 280.6 288 289.4 282.5 280.8 280.2 280.5 281.2 283.2 285 286.7 287.6 285.2 278.1 266.2 248.3 227.9 215.6 201.2 189.2 178.9 169.4 160.5 153.3
173.1 177.4 182.9 188.9 198 213.4 218.9 226.7 228.5 228 226.5 223.6 218.8 216.8 212.6 211.2 209 206.2 206.2 207.9 209.2 210.3 211.4 215.2 224.7 231.4 232.2 231.7 229.8 222.1 215.8 212.9 214.1 212.6 211.3 207.3 201.6 196.6 193.1 195.7 201.8 208 211.7 217.2 218.5 219.2 217.3 218 219.4 226.6 232.5 248.4 250.9 252.8 255.4 259.5 265.2 270.8 275.3 278 279.2 280.5 283.4 286.2 289.1 293.2 297.3 300.8 301.4 297.1 289 275.3 256.7 232.5 219.5 206.2 193.3 182.8 173.1 162.3 152.6
173 178.7 184.2 188.8 197 212.3 217.2 221.1 222.4 222.2 220.1 216.2 211.6 208.4 206.6 204.7 203 201.7 203 203.9 205.2 205.5 206.8 210 214 218.9 223.7 225.5 226 221.1 212.4 209.5 204.4 203.4 203.1 200.9 196.9 192.2 187.8 192.5 196.2 200.3 204.4 210 211.3 211.4 211.6 213.2 218.8 224 230.7 237.2 242.1 245 247.7 251.3 257.4 262.8 268.2 272.6 276.5 281.7 286.2 290.2 295.5 301.2 308.7 311.2 310.3 306 295.8 281.2 262.4 236.2 223 210.1 196.7 183 174.8 161.5 152.2
176.4 180.4 185 188.9 192.7 206.5 214.8 216 216.8 216.2 212.5 207.5 204.2 202.9 202.1 200.7 198.5 198.5 200.3 201.2 201.8 202.2 202.8 204.5 209 213.8 217.9 218.8 220 218.5 210.9 204.6 201.1 198.2 196.5 194.2 191.2 186.4 183.3 187.3 190.3 194.1 198.3 203.3 204.5 204.5 205.8 210.8 215.7 219.6 224.1 227.8 230.6 235 239.5 243.9 249.4 256.6 262 269.9 276.2 281.9 287.8 293.3 300.2 310.2 318.3 320.2 319 312.6 302.9 286.1 267.3 238.2 225.5 211.2 198.4 185.4 176.1 163.7 154.3
178.3 182.1 185.1 188.2 191.6 198.2 206.6 211.2 212.4 210.2 205.7 201.6 199.4 198.4 198.1 197.4 195.4 196.1 197 198.3 198.6 198.7 198.8 200.8 204.1 209.3 212.8 214.2 216 214.1 208.4 202.6 197.5 193.7 191.6 189.4 187.3 181.2 181.9 182.8 184.7 188.1 191.7 195.5 197.6 198.1 201.1 207.8 211.7 214 217.2 220.3 223.7 227 231 235.8 241.9 250 259.9 268.5 275.7 282.1 288.9 295.1 302.7 318 326.9 330.5 327.6 318.7 307.4 292.9 271.9 247.1 225.3 211.5 198.3 186.7 177.3 165.6 154.9
178.3 182.1 185.2 187.6 190.5 193.4 199 203.5 204.9 204.3 200 197.6 195.8 195.5 195.4 194.3 191.6 190.4 192.4 194.5 195.3 195.4 195.6 197.4 200.2 204.9 209.5 211.7 212.5 209.3 205.5 201.7 195.2 190.6 187.3 184.9 182.4 178.1 177.8 178.5 180.3 183.3 186.7 189.7 191.1 193.2 197.4 202.8 205.9 208.3 211.3 213.9 216.8 219.9 221.5 229.9 238.4 247.2 258.7 267.5 274.8 281.7 289.1 296.2 309.5 325.1 334.9 340.4 338.8 328.4 312.8 294.8 272.4 248.3 226.1 211.7 198.1 188.1 177.3 167.6 157.2
178.6 182.1 185.4 188.9 190.9 192.1 194.3 198.8 198 199.8 198.4 195.1 193.7 192.8 192.4 191.2 189.5 187.2 188.4 190.5 192 192.7 193 195.2 198.5 203.3 207.2 209.5 208.4 204.8 202.3 198.8 192.2 187.8 183.8 181.4 179.1 175.6 174 174.5 176.8 179.5 182.2 184.3 186.7 188.6 193.3 197.2 199.9 202.8 204.8 207.3 210.3 213.6 219.9 227.4 234.3 244.1 255.4 264.9 272.3 279.9 287.5 296.4 310.6 325.6 337.9 346.8 347.1 336.4 317.1 296.2 271.7 244.6 225.3 211 197 187 178.4 168.6 158.7
179 182.5 186.3 189.8 192.2 193.6 192.6 194.1 195.9 195.7 198.6 195.2 192.6 191 190.9 190.1 187.9 185 185.1 186.3 187.9 189.3 191.2 193.8 197.2 201.8 205 204.6 201.5 198.8 196 193.4 189.6 184.4 180.8 178.5 176.6 173.1 170.6 171.3 173.4 176 178.6 180 181.5 184.1 187.8 191.5 193.6 195.4 198.5 201.4 204.7 210.2 216.2 223.5 230.8 239.9 252.2 261.7 270.1 278 285.6 295 307.7 324.2 338.4 350.1 351.8 335.6 314.1 294.2 269.6 242.3 223.4 209 196.7 185.4 175.7 167.6 159.3
179.7 183.1 188 191.8 194.6 194.7 192 189.9 191.6 191.4 194.1 194.5 192.6 190.8 190 189 187 184.5 182.2 183 184.1 185.4 188.5 192.3 195.7 199.5 201.4 198.5 195.1 192.5 190.9 187.6 184.2 180.3 177.3 175.5 173.8 171.2 167.9 168.1 170 172.2 175.1 175.8 178.3 179.7 183.3 185.2 187.2 189.8 192.9 195.6 200.7 206 211.9 219.1 226 234.7 246.2 258.2 266.6 274.4 282 290.5 305.9 320.6 334.5 345.1 343.2 329.1 310 288.5 263.3 239 221 206.7 194.3 183.8 173.9 166.2 158.4
179.9 184.3 189.2 194.7 197.9 196.3 192.1 187.5 186 187.7 190 191.5 191.7 190.5 189.5 188.3 186.4 183.1 180.1 179.1 180.2 182 184.6 189.5 192.9 195.6 194.5 191 188 185.8 184.1 181.5 179.2 175.5 173.6 171.8 170.2 168.4 166.6 164.8 166.7 168.5 170 171.2 173.8 175.3 176.8 179.2 182.3 184.6 187.8 191.5 196.8 201.4 207.2 213.7 220.3 228.1 241 251.7 259.9 268.2 277.2 286.1 302.4 316.9 329.5 337.4 333.5 318 299.4 279.4 257.9 232.8 216.9 202.6 190.7 180.7 170.8 163.9 154.5
