app/static/ascii/SH44.asc
ncols 200
nrows 200
xllcorner 240000
yllcorner 340000
cellsize 50
[rows 0 to 34 of 200, columns 79 to 157 of 200]
82.9 82.4 81.8 78.7 77.2 76.1 75.7 74.5 74.3 74.7 77.5 81.2 86.2 94.6 105.1 112.5 122.2 131.2 140 147.4 150.1 154.8 158 157.9 158.3 158 157.4 155.6 151.7 145.2 140.4 136.2 130.9 125 120.8 117.7 124.6 129.9 128.9 130.9 132 129.8 127.8 126.6 127.3 129.5 133.7 138.5 147 154.2 155.1 155.7 158.2 160.3 161.6 162.2 162.6 164.7 168.7 172 174.5 177.8 179.5 180 184.6 187.4 188.1 190.8 192.9 195.8 200.8 202.5 206.1 211.4 216.7 222.3 230 239.3 247.4
88 84.9 83 82.2 81.1 81 80.8 77.1 76.6 75.2 75.4 78.2 81.7 88.2 95 102.4 111.9 119.8 126 135.8 139.6 145.5 152.6 154.3 155.4 155.4 154.6 153.1 149.6 144.8 140.3 134.3 127 123.3 118.6 120.8 130.4 132.6 132.5 133.8 133.9 131.8 131.1 129 128.3 130.4 134.9 142.6 151 156.5 156.9 158.5 160.8 161.1 161.4 162.2 163.1 165.7 170.1 173.7 176.8 178.7 180.1 180.6 182.6 184.1 189.7 196.8 202.2 205.3 207.6 209.6 210.4 215.1 219.5 226 233.7 241.1 248.4
89.7 87.8 85.7 88.1 87 85.6 86 84 79.2 78.6 78.1 78.1 80.5 84.3 89.8 97.3 103.5 111.2 118.7 127.4 132.7 138.1 144.6 148.9 151.6 152.4 150.9 149.8 147.9 145.5 141.6 135.2 125.6 117.7 115.8 129.7 134.8 134.7 135.9 137.7 135.2 131 134.2 131.2 129.9 132 138 147.4 153.5 157.2 158.6 162 162.4 162.9 163.5 164.4 164.2 168.1 172.7 175.2 177.4 178.5 179.6 182.2 185 189.6 200.2 204.9 207.8 209 212.6 215.8 215.1 220.2 223.9 230.6 236.6 243.8 250.4
97.1 92.7 98.2 98.8 95.9 91.3 90.7 87.5 84.1 82.2 81.2 79.9 81 82.8 85.2 90.3 94.8 101.1 108.6 119.6 128.1 135.9 140.9 143.1 146 147.4 147.4 144 139.1 128.8 129.5 120.6 108.6 108.3 121.1 141 142.1 136.3 137.4 139.6 144.1 131 131.2 134.2 132.9 136.7 141.9 149.2 154.2 157.8 161.3 163.9 163.7 164.1 163.9 164.6 166 170 173.3 176.2 177.8 178.6 180.2 185.9 194.6 201.2 206.8 211.6 213.2 215.8 219.1 222.2 222.9 224.4 231.4 235.3 237.6 245.4 252.1
105.5 102.9 104.8 105.8 102.9 101.7 99.2 92.3 87.8 86.1 88.3 86.7 85.7 86 85.1 87.8 91 95.1 99 108.6 118.9 127.2 128.8 131 135.5 129.3 126.3 120.7 111.8 107.6 105.8 106 112.1 127.7 140.6 144.1 139.3 139.4 133.6 133.2 133.4 134.3 132 138.5 137 140.3 145.2 150.8 154.2 158.5 161.2 164.9 163.9 164.3 163.1 164.3 166.7 170.7 174.2 176.6 177.5 178.8 183.9 190.5 198.8 204.9 209.8 214.7 220.8 224.3 226.9 228.5 231.1 232.4 236.5 242.8 246.1 251.4 260.8
110.5 108.7 109.8 111 109.4 108.8 107.2 101 92.3 92.1 97.8 96.2 94.8 92.8 91.5 86.8 89.5 91.8 93.5 97.9 104.3 107.8 106 109.3 110.8 107.5 105.2 104 104.1 111.3 117.2 123.1 134.4 141.2 142.6 142.2 139 137.3 136.5 134.8 132.5 134.4 131.7 141.1 140.7 143.9 149 153.5 156.9 159.3 160.3 158.6 161.3 163.7 162.3 163.1 169.2 170.7 174.6 177.8 179.5 180.1 187.2 194 201.7 209 217 222.4 228.1 231.2 234.7 238.4 241.2 243 247.6 251 256.1 261.3 265.3
113.6 112.8 113.4 114.5 114.4 114.6 113.7 107.2 98.5 95.5 105.9 106.7 103.9 101.2 100.1 95.7 92.8 91.5 92.1 94 96.5 96.8 98.1 98.4 98.9 98.1 104.3 113.5 124.4 130.7 136.7 139.8 140.8 142.1 143 141 139.1 138.8 138.2 136.5 133.8 141.4 137.1 145.2 144.8 146.4 150.5 154.5 158.7 161.2 160.4 155 158.2 159.4 160.3 164.1 170.2 172.7 176.8 180.1 183.5 186.3 192 196.3 206.7 214.8 221.8 229.9 234.6 239.4 243.9 247.8 250.1 254.1 258.8 261.7 264.9 268.7 270.5
116.3 116.2 117.1 117.7 117.3 117.3 116.7 112.2 103.8 100.1 106.7 113.5 111.2 106.1 106 103.8 94 96 94.4 95.2 95.4 98 99.4 107.3 106.2 114.1 125.9 130.1 133.8 136.6 140.3 140.7 141.7 142.3 142.4 140.4 139.4 139.2 139.5 140.7 140.1 141 146.8 147.1 147.7 147.7 151.8 157.6 160.2 163.2 158.3 155.6 157.2 158.6 160.5 167.2 170.9 174 174.9 180.8 186.6 191.3 197.4 202.3 204.1 219.6 227.9 235.6 241.4 246.5 252.1 257 261.1 265.2 267.8 271.9 274.4 277.7 279.3
119.2 119 120.3 120.7 120.3 121.3 120.4 116.7 111.3 103.8 104.7 116 118.4 117.3 114.3 110.4 97.4 97.6 101.4 102.6 100.9 100.1 102.5 104.1 115.9 121.7 126.9 131.5 134.1 137.2 139.6 140.6 141.9 142.4 141.9 140 139.8 140 140.4 140.5 143.8 143.3 148.1 147.6 147.8 148.9 152.4 157.2 159.2 157 153.7 154.6 157.7 160.8 164 168.7 171.1 174.2 175.1 183.3 188.9 195.4 202 204.3 206 224.8 233.3 239.6 246.6 252.5 259.3 265.5 270.5 274.4 278.6 282.5 284.3 285.9 286.7
122.3 122.6 123.2 124.6 125.2 126.4 125.1 124 119.2 108.8 108.2 117 121.5 124 120.2 117.3 115.2 106.5 104.5 107.4 106.8 105.2 107.8 106.2 108 118.6 124.3 129.9 135.4 137.6 138.9 140 141.4 142 142.3 140.9 142.1 141.6 141.6 144 145.5 144.8 148 146.8 146.3 147.5 150.1 149.9 151 151.6 151.8 154.3 159.9 163.3 165.5 168.4 170.6 171.7 176.4 184.5 190.1 196.6 196.1 201.8 220.8 228.9 236.4 243.9 251.4 258.5 266.5 273.8 279.8 286 290.6 291.2 291.9 291.9 293
126.4 127.1 127.5 127.3 127.9 129 129 128.8 124.8 113.7 113.1 117.3 122.4 125.9 123 125.4 124.1 120.8 115.8 111.2 114.1 112.1 110.7 109.2 109.7 113.5 121 128 134.8 136.5 138.3 138.3 139 139.9 141.5 142.5 144.8 144.9 143.2 143.5 144.2 145.6 146.3 145.6 145.1 146.1 147.7 150.6 153.3 153.7 153.9 158.6 162 164.8 166.3 166.8 169.6 170 177.9 183.9 189.8 197.5 206.3 216.1 225.6 232.1 240 247.3 254.2 263.1 271.5 279.7 287.8 295.1 297.3 297.4 296.8 296.5 296.5
129.1 129.8 129.7 129.5 129.7 130.6 130.9 129.4 122.8 117.6 116.7 119.5 123.5 127 130 129.9 127.9 125.6 118.2 118.1 118.7 118 113.9 111.5 112 113 115.7 125.3 132.4 134.9 135.7 136.6 137.3 138 140.6 141.2 143.5 145.8 144.7 143.3 143.8 143.5 144.1 144.4 144.4 145.6 148.8 155.3 157.1 158.3 158.7 159.6 163.1 165.2 165.5 165.2 166.8 168 175 181.4 187.6 201.3 210.4 220.1 228.8 235.8 242.4 250.3 257.4 266.2 274.8 284.4 292.9 298.3 300.8 301 300.4 299.7 298.6
132.9 133 132.8 132.2 132 132 130 124.2 123.9 120.7 120.4 122.3 124.5 128.3 130.4 133.2 129.4 131.1 125.5 121.5 120.6 122.3 118.4 117.2 115.7 116.2 117.9 124.4 127.4 129.6 132.4 134.9 135.4 137 138.7 139.6 141.7 145.8 145.6 144.7 143.9 142.9 142.5 143.2 143.5 145.5 149.3 155.6 157.1 158.1 157.5 158.9 163.2 165.7 165.3 163.2 162.5 168.2 174.2 180.5 190.1 201.1 211.8 222.3 232.9 238.7 244.8 251 259.1 268.5 277.5 286.4 293.6 299.3 302 302.9 302.4 301.1 299.3
136.2 136.1 136.1 135 133.5 132.8 131.1 129.6 129.1 129 130.2 128.2 129.7 130.7 132.3 133.1 134.5 134.8 128.9 123.4 122.4 122.5 119.4 119.3 119.2 122.3 130.8 131.7 128.1 128.1 129 134.1 135.1 135.9 136.6 138.4 140.9 148.6 146.6 145.8 144.2 142.9 141.8 142.1 143.2 146 152.6 157.1 157.5 157.5 158 159.9 163 165.1 164.8 160.7 161.3 166.7 173.8 180.1 190.1 201.6 212.1 224.1 234.9 240.6 245.2 252.3 260 268.9 277.9 285.8 291.9 299.1 302.5 303.4 303.1 301.3 298.6
141 138.8 138.1 136.7 135.8 135.4 134.8 133.2 134.6 134.2 135.4 133.7 133.2 133 133.8 134.6 135.3 136.6 135.9 128.5 124.3 124.8 122.6 121.5 120.9 127.7 133.2 127.6 127.2 128.6 132.5 137.4 136.1 135.3 135.6 136.6 139.4 145.4 146.9 145.7 143.5 141.8 140.1 140.8 143.1 147 155.4 157.7 157.1 156.8 157.9 160.8 163.2 164 162.2 159.2 160.1 165.2 171.8 179.3 189.7 199.4 211.3 223.7 232.9 240 244.7 251.3 259.5 268.7 277.2 283.4 291.5 298.7 301.9 303.2 302.5 299.3 294.4
145.7 142.9 140.4 138.3 138.3 138.4 139.6 139.9 141.1 141.1 142.7 142 137.8 135.8 136.1 137.1 137.6 137.3 137.2 134.3 125.7 127 125.4 122.3 124.8 126.3 128.9 127 127.4 128.7 134.3 138.8 136.6 136.1 135.9 136.4 138.6 142 145.1 144.1 141.5 140 138.6 140 140.8 148.5 156.8 157.2 156.3 156.7 157.2 161.6 163.3 163.3 159.3 156.8 157.5 161.6 170.3 176.8 186.2 197.6 211.1 222.1 231.5 236.6 242.7 249.5 257.7 266 274.6 283 291.5 298.2 300.7 301.3 299.1 293.8 288.1
151.4 149.2 146.4 143.3 141.2 141.7 144.8 145.5 146.8 145.7 147.3 147.1 145.6 142 140.9 141.3 139.8 139.2 138 136.6 131.8 124.7 122.3 122.4 125.5 125.5 126.2 127 128.1 129.1 135.5 138.8 137.8 137.3 137.2 137.7 138.2 140 142.3 141.5 139.8 138.8 137.8 137.8 140.2 148 154.6 155.5 157 157.4 159.5 163 163.1 161.1 155.9 154.3 154.9 160.6 168.8 175.4 185.6 197.2 209.9 220.1 230.7 235.2 240.6 248.1 256.1 264.7 272.9 283.5 291.2 297.7 298.2 297.5 294.8 289.1 282.6
156.5 154.5 151.3 149.3 147.8 145.2 148.4 150.2 150.2 151.5 152 151.7 150.9 149.9 147.6 144.4 142.7 140.7 139.2 138.8 137.5 130.3 126.3 126.7 128 126.1 126.7 127.6 128.7 129.6 135.2 138.2 138.7 139.9 140 139.3 139.2 138.4 139.1 140 139.6 139.1 137.2 137.1 138.5 144.5 152.8 154.6 158.2 158.2 161.2 163 162 156.8 153.3 152.3 154 159.4 167.7 173.9 183.3 195.7 207 218.1 225.9 231.8 238.9 245.9 254.4 263.8 273.3 283.1 291.8 295.5 294.9 292.7 287.5 282 277.5
161.5 160.6 158.7 155.9 153.8 150.4 153.7 154.9 154.6 154.1 156.9 157.5 156.5 154.7 152.2 149.7 146.5 142.5 140.9 138.7 136.8 133.6 130.4 128.8 127.9 127.2 127.1 128 128.7 129.8 132.1 134.8 137.6 140.5 141.9 143.9 143.1 138.9 137.7 138.1 138.1 139.9 137.3 135.8 136.8 140.9 147.7 154.2 157.9 159 160.9 161.8 158.1 153.5 151.6 151.3 153.6 159.1 165.1 172.6 182.2 193.6 201.2 213 220.7 227.9 236 244.6 253.1 264.2 273.7 284.2 290.5 292.7 290.5 285.2 280.7 277.6 271.9
167.1 167.7 165.3 162.3 159.7 157 158.9 158.7 157.7 156.7 158.7 160.9 160.9 159.6 157.8 156.4 155 147.5 141.9 138.6 135.7 133.3 131.6 129.7 126.1 126.6 127.1 127.9 128.9 130.1 132.1 134.3 138.4 140.7 141.8 143.9 143.9 142.1 137.9 137.4 137.6 138.2 135.9 133.8 133.7 138.1 144.7 150.4 154.4 157.5 159.1 159.5 154.7 152.2 150.4 151.2 153.3 158.8 164.7 170.7 178.2 185.3 198.9 208.5 218.6 225 233.9 243.8 254.5 264.7 273.5 283.5 288.9 288.3 282.3 278.6 276.3 270.4 265.5
172.9 172.6 170 165.9 163.1 161 162.5 161.7 160.3 159 157.9 159.2 160.6 161.4 162.3 161 157.4 150.6 143.2 139 135.8 134.1 132.2 131.7 127.4 127.2 127.1 128.1 129.1 130.9 132.6 134.4 137.3 140.5 141 143.9 143.9 144.8 141.5 139.1 137.6 136.9 135.2 132.9 132.5 135.5 141.2 144.3 149.6 152.4 154.9 155.2 152.8 150.7 149.1 150.5 153 158 163.3 169.5 176.5 188.3 195.4 206.7 214.7 223.1 233.3 243.8 254.5 264.6 274.8 282.1 284.8 278.5 274 272.5 267.5 260.5 258.2
175.5 173.2 170.9 166.8 165.3 163.9 165.1 166 164 161.2 159.8 158.6 159.1 159 159.8 158.2 155 149.7 144 139.3 139.9 136.5 130.8 136.3 127.8 127.5 127.3 128.1 129.2 131 132.7 134.5 136.8 139 140.5 142.7 144.6 142.8 142.2 144.6 140.7 139.9 135.5 132.2 131.7 132.9 136.9 140.7 144.5 147.6 149.7 151.3 150.8 148.5 147.8 149.2 152.6 156.7 162 169 176.6 185.9 194.1 205.1 213.7 222.6 233.7 244.4 255.3 265.6 272.4 278.2 276.3 271.8 267.8 263 255.4 249.2 251.1
176.6 173.6 170.3 168.9 166.7 166.2 168.8 170.6 169 166.2 163.4 162.6 161.7 158.3 156.8 154.9 151.8 148.8 143.1 145 143 139.3 131.7 130.9 132.3 128.4 127.8 128.6 129.5 131.1 132.8 134.7 136.3 138.9 140.1 140.1 141.2 142.1 142.8 140.5 140.8 139.4 135.5 131.9 131.8 132.4 133.7 135.7 140.4 143.9 146 147.8 148.5 147.5 146.4 148.3 151.2 155 162.2 167.4 176 183.6 191.7 204.6 213 223.9 235.9 245.5 254.8 262.2 269.9 270.6 267.9 264.4 260.9 252.9 244.6 240.7 244.6
179.5 177.8 172.1 170.1 169.6 169.9 172 174.1 173.2 171 168.9 166.6 163.5 159.5 155.8 153.4 150.8 147.7 144.5 146.6 143.3 141.5 138.9 138 137.8 131.6 128.7 128.9 129.8 131.1 132.8 134.4 135.8 138 139.2 140.4 142 139 140.5 141.6 141.5 140.1 137.6 132.6 132.7 131.9 131.5 133.5 137 139.9 143 144.8 145.6 145.1 145 147.1 149.6 153.2 160.4 166.8 174.7 182.3 191.9 202.1 213.6 224.3 235.7 244.8 253 258.4 262.2 261.7 260.4 255.8 248.6 241.5 234.7 235 238.5
186 183.6 181.1 177.8 177.3 177.4 176.2 176.1 175 173 170.5 167.4 163.5 158.9 155.7 153.3 150.3 148 146.9 148.8 146.4 143.3 139.7 140.3 142.1 133.6 131.2 129.7 130 131.2 131.5 132.8 134.4 136.2 137.8 138.8 140.3 142.5 143.8 143.2 142 140.5 136.9 133.5 133.2 132.6 132.2 131 134.3 137.5 141.1 142.6 143.4 143.1 143.7 145.4 148.3 152.9 158.5 164.8 172.7 180.8 191.3 203 213.6 223.9 234.7 243.3 248.2 252.5 256.8 254.4 250.8 243.7 236.4 231.5 227.6 228.8 231.7
189.7 187.9 186.7 184.9 182.9 180.6 178.4 176.1 174.7 172.3 169.3 165.6 161.4 160 156.4 153.6 151.3 149.9 149.5 149.1 147.5 145.1 139.7 143.9 138.6 135.2 133.3 129.1 129.7 130.4 131 132.3 133.7 135.3 137 138.5 140.1 141.1 141.7 142.4 141.1 138.8 136.8 133.7 132.1 132.2 131.7 130.6 133 136.5 139.2 140.8 141.5 141.7 142.4 144.4 147.7 151.3 155.7 162.4 172.2 179.2 190.9 201.2 210.8 222.9 233.7 240.6 243.5 246.1 250.4 247.4 240.3 232.4 227 222.9 222.1 223.1 225.1
191.9 191 189.2 187.4 184.2 181.7 178.6 176.1 173.6 171 168.1 165.1 162.2 160.4 157.2 154.2 152.8 151.2 149.2 147.1 143.9 141.9 145.7 140.4 139.5 134.8 135.1 131.9 129.7 130.1 130.4 131.8 133.2 135.1 138.3 139 139.7 141.7 141.6 141.2 139.9 137.6 137 133.9 132.5 132 131.6 130.2 132 135.5 137.3 138.7 140.2 140.9 141.8 143.7 146.6 149.2 153.5 161.5 169.4 177.1 188.6 198.4 208.3 220.1 229.7 235.2 239.6 243.5 243.7 237.6 230.2 222.5 218.5 216.8 217.4 217.5 219.3
194 192.6 189.9 186.7 183.6 181.1 178.5 175.7 172.7 169.5 167.6 165 163 160.7 157.3 156.3 156.4 151.7 149.4 147.1 145.3 142.6 144.5 140.9 136.2 133.3 134.9 132.5 129.5 129.9 130.3 131.3 132.4 137.3 138.7 139.8 140.4 140.8 141.4 140.8 139.6 137.6 136.7 134.3 132.8 131.6 131.6 130.2 132.4 134.1 137 139.1 140.8 141.6 142 143.9 146.3 150 153.7 159.1 166.7 174.7 185.4 196.4 205.8 218.2 226.1 231.3 236.1 240.5 236.1 229.4 221 215 213.2 212.6 212.8 214.7 219
194.7 192.6 189.5 186.3 183.5 180.6 177.5 176 172.3 170 168.1 165.3 163.6 162.8 161.9 160.7 159.2 153 149.2 147.6 145.1 141.7 138.8 137.7 134.1 132.6 134.1 132.3 129.5 129.8 130 130.1 132 135.8 138.7 140.6 141.1 140.5 139.7 139.1 137.9 136.8 135.8 134.1 132 130.7 131.5 128.7 130.4 132.7 135.7 139 142.8 143 143.2 144.5 146.5 149.5 152.6 157.8 164.6 171 183.4 193.8 202.3 214.7 222.8 227.8 233 237.5 230.2 221.3 214 210.6 209.5 209 209.7 212.5 218.3
195.9 192.5 189.3 186.5 183.7 181.3 178.9 176 173.5 170.7 167.9 165.8 165 165.2 164 161.3 159.1 156.8 153.3 149.2 145.4 142.7 139.6 136 134.6 132.2 131.3 131 129.9 129.5 128.7 128.7 129.2 132 135.2 137.8 139.8 139.5 137.9 137.6 136.7 135.8 134.6 133.1 131 129.7 128.7 129.2 129.2 131.7 135.5 138.6 141.1 143.3 144.4 145.4 147.1 150.1 152.2 156 162.2 169.7 180.2 191.3 200.1 210.1 218.8 224.6 229.1 232.1 224.2 215.6 210.4 207.2 205.6 205.6 208.4 212 217
197.7 194.1 190.6 188 185.7 182.2 180.4 178.1 174.2 171.1 168.9 167.2 166.4 165.9 164.3 161.6 159.2 156.3 153.1 149.8 145.5 142.3 139.6 136 133.9 132.6 131.2 129.9 129.9 128.9 128.4 128.2 128.2 129.8 130.9 133.7 135.7 137.1 134.9 136.4 136.2 135.9 132.6 132 130.1 129.4 130 128.1 128.7 131.3 134.4 137.4 140 142.9 144.8 145.6 147.6 149.2 151.6 155.7 161.2 167.5 178 186.4 197.2 207.8 214.6 219.9 223.5 225.7 218.2 208.9 205.2 203 203.1 204.6 207.2 210.9 216.4
199.7 196 192.9 190.3 188 186.9 183.5 180.6 177.1 173.1 170.8 168.9 167.8 166.5 164 161.8 159.9 157.4 154.6 150.6 147.3 143.2 140.3 137 135.1 134.4 134 129.7 129.4 128.4 128.3 127.9 127.9 128.1 129.2 130.4 132.6 133.2 132 131.6 131.7 131.4 131.2 130.2 130.5 128.7 127.9 127.1 128.8 131.3 133.9 137.1 139.6 141.7 143.9 145.4 147.2 148.8 151.5 155.2 160.4 166.9 177.2 186 192.9 199.5 209.8 215 219.4 219.7 211.6 204.3 202.2 200.9 201.8 203.4 206.3 211.6 215.7
203 199.5 196.4 194.1 191.9 189.5 186.5 183.9 181 175.8 173.7 171.8 170.7 168.8 166.3 163.4 161.1 159.1 157.4 153.9 149 144.1 141.2 137.9 136.3 137.4 138.8 133.7 129.7 128.6 128.4 127.8 127.6 127.8 127.9 127.8 128.9 129.8 130.2 131 131.1 131 130.7 131.3 127.9 127.3 127.2 127.1 128.3 131.4 134.3 137.2 139.9 141.8 143.1 144.8 146.5 148.6 152 155.1 160.4 166.4 175.8 183.2 188.1 198.2 204.4 209.4 210.3 213.5 204.8 200.2 198.9 198.5 200.4 202.2 206 210.5 214.3
207.6 204.1 201 198 195.7 192.7 190.2 187.3 183.8 179.2 175.7 173.4 171.9 171.3 169.4 165.6 163 161.2 159.5 157.2 151.3 147.5 143.6 140.3 139.5 140.6 141 139 130.4 128.6 127.9 127.6 127.5 127.6 127.5 127.5 127.3 127.4 128 129 130.4 130.6 130.3 131 127.4 127.1 127.1 127.2 128.4 131.8 134.5 137.4 140.4 142.5 143.6 145.1 146.6 149.1 152.9 153.9 160.6 166 173.6 179.7 187.3 194.5 197.2 202 202.4 201.3 199.7 196.6 196.4 196.9 198.7 201 206.9 209.6 213.1
212.3 208.7 205.1 202.1 199.4 196.8 193.7 190.4 186.9 182 176.8 174.4 172.9 172 170.3 167.1 164.3 162.2 160.6 159.1 154.2 150.3 146.4 143.4 142.6 143.3 142.8 140.9 137.3 129.5 127.7 127.5 127.3 127.4 127.2 127.1 127.3 127.4 127.3 127.1 126.9 127.4 130.7 130.8 126.9 127 127 127.1 129.2 132.2 134.5 137.3 140.1 141.6 144.4 147.1 149.4 150.9 152.5 154.6 160.6 165.4 171.3 177.9 183.5 189.4 192 197.9 195.3 196.7 196.1 195.7 195.3 195.8 197.6 199.4 205.8 208.3 211.7
