app/static/ascii/SH49.asc
ncols 200
nrows 200
xllcorner 240000
yllcorner 390000
cellsize 50
[rows 148 to 184 of 200, columns 0 to 84 of 200]
58.1 59.6 60.1 59.5 58.9 57 55 52.9 50.5 47.5 41.9 37.4 44.5 47 50.1 53.8 56.9 59 61.9 63 63.6 63.7 63.4 62.6 61 59 55.3 56 57.6 56.8 55.6 53 49.1 45.7 43.1 40.7 39.8 39.4 37.5 36.9 37.2 37 36.4 36.3 37.9 40 39.4 36.9 37.3 37 37.2 38 40.3 36.7 37.2 33.7 33.8 33.1 32.1 32.3 32.4 32.4 33.2 32.9 33.7 33.6 37.8 33.8 31 30.6 30.2 29.4 30 29.6 29.2 29 28.9 29.1 29.7 28.9 27.5 28.2 27.9 30 32.9
60.6 62.4 62.8 62.3 61.6 59.3 56.7 54 51.6 47.5 41.6 38.2 44.8 47.7 51.6 55.9 60 61.6 62.7 63.8 64.2 65.6 66.8 64.8 62.3 59.6 56.1 56 56.3 54.6 52.7 49.5 46.4 43.7 41.8 40.9 38.6 37.6 37.4 37.7 37.2 37 36.8 36.6 36 37.5 36.9 35.1 35.4 34.5 35.1 34.9 33.8 33.9 33 33.1 33.4 33.6 33 32.3 32.2 32.8 32.6 33.9 36.5 38.3 37.3 35.8 34 32 32.5 31.1 30.3 30.3 29.1 30.1 29.1 28.9 29.4 28.8 28.7 28.6 28.9 31.9 33
59.2 61.1 62.7 63.2 64.9 62.9 58.4 55 50.6 46.4 41.6 38.1 44.8 48.3 53.6 56.7 57.4 57.4 58.4 60 60.7 62.4 63.4 64 60.9 58.9 56.2 54.7 54.4 52.6 50.5 47.2 44.5 42.6 41.7 40.5 37.8 38.5 39.8 40.6 40.8 40.8 40.2 38.6 38.9 37.3 36.9 37.6 35.2 33.9 34.6 33.9 33.2 33 33.1 33.1 33.1 33 33 32.7 32.7 33 34.9 35.4 37.1 36.7 37 37.9 37.7 34.8 33.4 32.9 32.2 32 32.3 33.6 35.4 30.6 31.3 29.8 30.1 29.1 31.3 33.3 34.1
55.6 57.6 59.5 61.8 64.5 62 57.7 53.9 49.5 45.8 38 42.2 44.9 48.9 51.6 52.5 53.2 54.1 55.1 56 57.1 58.3 59.6 59.1 58.6 57.3 55.7 53.2 52.7 50.9 49 46.3 43.4 42.2 41.3 38.8 38.6 40.7 42.4 43.6 44 44.5 44 41.1 40.9 40.8 39.8 37.3 34.8 33.7 33.6 33.4 33.5 33.2 33.4 34.4 33.6 33.3 33.2 32.8 32.9 32.9 33.3 36.9 38.4 37.7 39.8 38.4 39.5 39.9 38.6 36.8 36.5 35.3 35.9 37.3 35.5 34.8 36.7 34.2 32.9 29.5 35.2 37.4 35.3
52.4 54.7 56 58.5 60.4 58.9 55.2 51.2 47.3 43.9 35.3 41 44.3 47.3 48.7 49 50.3 51.7 52.8 53.5 54.3 55.8 56.6 56.3 55.9 54.8 53.4 51.9 52 49.7 47.6 44.8 42.6 40.8 39.4 38.4 39.6 42.1 44.5 46 47.2 47.5 46.5 43.2 42.1 42.7 40.6 37.1 34.3 34.9 35.1 35.1 35.1 34.8 34.1 36.2 36.4 37.8 34.9 34 33.3 33.4 37.5 40.2 42.7 40.7 39.4 40.1 40.7 40.7 39.9 41.7 42.6 39 37.7 40.4 39.5 39 38.1 37.4 36.6 31.2 31.7 37.4 40
49.1 50.8 51.8 53.9 55.4 55.2 51.5 46.8 44.5 40.1 34.4 40.3 42 43.9 45.2 46.5 47.6 48.7 50.1 51.3 52.3 53.3 53.6 53.3 53.1 51.5 50.1 50.5 49.6 48.2 46.3 44.1 41.9 39.8 38.6 39.3 41.5 43.8 46.2 48 49.1 49.3 47.8 44.5 43.1 42.7 40.8 37.1 35.5 36.9 37.9 38.4 38.4 37.2 34.9 34.4 35.2 35.5 35.6 34.1 33.7 35.8 40.1 43.2 43.9 46.2 44.6 45.4 45.2 44.2 43.2 45.8 47 44.2 41.4 41 41.2 40.3 39.5 38.9 38.2 32.9 33.2 34.8 35.6
46.4 46.8 48.6 50.1 50.6 50.3 46.6 43.5 41.2 38.8 34.9 37.9 39.5 39.2 39.9 42 43.5 45.2 46.5 47.5 48.2 49 49.7 50 49.9 47.9 46.8 48 48.1 48.3 45.8 43.3 40.7 39.2 39.7 42 43.3 45.7 47.6 49.1 50 50.2 48.1 45.5 44.3 42.5 39.4 35.7 36.3 38.9 41.2 41.4 41.5 39.4 37.1 35.3 34.9 35.2 35 34.5 37.3 40.3 43.6 46.4 48.4 50.3 49 51.3 50.2 49.1 49.3 49.5 50 48.9 45.1 45.3 43.1 41.6 40.8 40.3 39.4 33.6 34.3 36.4 35.6
45.8 44.9 46.9 47.1 46.9 45.4 42.5 40.6 38.1 34.5 33.5 34.6 35.7 35.4 36.2 37.4 38.6 40.4 42.2 43.4 43.7 44.7 45.6 45 45.1 45.1 45.9 46.7 47.7 48.9 45.6 43.1 40.8 42.5 44.6 46 46.5 47.1 48.6 50.1 50.6 49.8 47.4 44.5 41 38.4 36.9 37.5 38.7 41.5 44.2 44.2 42.6 40.6 38.4 37.9 35.2 35.2 35.4 38.2 40.7 44.1 45.8 50.9 51.8 50.5 50.1 52.2 53.2 53.3 53.4 52.9 53.2 52 51.1 48.9 45.6 45.1 45.6 46 44 36.9 37 38.8 38.9
43.1 43.7 43.8 43.6 43.2 40.6 39.1 37.5 32.3 32.9 35.7 37.3 38.4 39.6 37.3 38.5 40.6 39.4 38.1 40 40 40.6 42.1 43 44.8 46.4 47.4 48.3 48.7 49.1 46.6 42.9 44.5 46.6 48.2 48.8 48.9 48.6 49.8 50.3 50.3 49 45.2 40.8 38.3 39.4 40.2 40.3 41.3 44.3 47.5 48 44.6 41 38.8 37.6 36.4 36.4 38.9 40.8 43.2 47.6 49.8 53 54.6 53.2 53.2 56.1 57.3 57.9 56.9 56 56.5 55.4 54.7 52.7 49.6 48.6 48.2 47.9 43.8 38.7 40.5 40.6 40.2
39.1 40.1 39.6 39.6 38.7 36.4 34.3 31.9 35.1 38.4 40.1 41.4 42.8 43.1 42 41.3 41.5 40.8 39.1 38.9 39.2 40.9 42.1 44.5 47 48.2 49.3 50.1 51 50.9 48.6 46.9 48.7 50.7 51 51.9 51.5 49.9 50 50 49.8 46.4 42.4 39 41.5 43.5 43.9 43.5 44 47.7 50.1 49.9 45.2 41.2 40.3 38.5 41.2 40.3 40 41.8 44.9 49.8 53.5 54.2 54.2 54.7 57.3 59.3 60.5 61.1 62.4 62.3 62.2 60.1 56.2 54.9 51.1 50.6 49.8 48.3 46.1 43.6 43.2 46 41.8
35.6 35.7 35.1 35.2 34.2 31 31.7 35.1 39.5 42.2 43.5 45.2 46.5 46.6 46.6 46.2 45.9 43.3 40.4 39 40.7 42.2 43.4 46 48.4 49.8 50.9 52.2 53 50.3 47.3 49.4 52 53.3 54.5 55.4 53.8 51.3 50.2 49.7 48.2 44.1 39.9 44.3 46.8 47.6 48.5 48.7 48.3 49.7 51.7 49.9 45.8 41.9 42.2 42.7 43.9 45.3 45.3 43.1 45 49.8 55.4 54.9 53.9 56.5 59.3 62.8 65.1 65.8 67.2 70.3 69 65.4 59.7 55.5 53.1 52.7 50.5 50.7 51.4 51.6 45.8 46.9 46.6
31.6 31.2 30.7 31 30 30.7 35.8 39 42 44 45.7 47.5 49.6 50 50.5 49.7 48.5 45.9 42.6 40.7 41.5 43.1 45 47.6 49.5 50.9 52.1 52.8 51.5 49.5 48.6 51.4 54.4 57 59 58.1 55.7 53 50.4 48.7 45 40.5 44.8 48.1 50 51.2 52.2 52.5 50.4 50.5 52 49.4 45.7 43.1 45 46.8 48.2 50.1 47.7 46.4 45.8 46.9 51.9 54 53.3 57.9 61 65.1 68.3 68.9 69.5 72.8 71.9 66.8 61.8 58 54.3 53.1 50.9 51 53.5 53.8 47.4 50.7 51.4
27.4 26.9 26.7 27.7 30.6 35.2 39 41.3 43.8 45.8 47.8 50.3 52.8 52.8 53.1 52.3 51 48.2 44.4 41.6 41.7 44.1 46.7 49.2 50.6 51.6 52.5 52.1 49.7 47.1 50.3 53.6 56.9 60.1 62.2 59.6 55.9 53.5 50.5 46 42.5 42.8 47.8 50.2 52.1 54 56.1 54.6 51.7 51.5 51.2 49.9 46.1 47.1 49.8 51 52.9 53.2 52.3 51.2 49.7 49.8 48.3 50.3 52.3 57.1 61.8 66.2 66.2 66.9 68.4 70.3 69.4 65 61.4 58.2 55.1 53 50.8 51.5 52.8 52 53.9 53.8 53.7
26.1 27.3 28.6 31.1 33.7 37.1 40.3 43.1 45.6 48.6 51.4 53.5 55.9 55.7 55.7 54.1 52.2 50 46.5 42.1 42.8 45.3 48.1 49.3 50.1 51.4 51.3 49.6 46.8 48.2 51.5 54.6 57.8 61.7 63 59 54.4 52.5 49.3 44.1 42 45.4 49.6 51.7 53.5 58 59.5 56.3 53 51.4 50.8 49.3 48.5 50.5 51.8 54.1 56.7 55.3 55.9 56.4 55 52.6 49.4 48.2 51.1 56.2 59.8 63 63.6 64.9 65 65.5 65.7 62.7 59.9 57.6 54.9 53 51.2 50.6 53.1 55.1 57 57.2 57.3
25.2 25.8 28.5 33 35.9 38.8 41.7 43.6 46.9 50.3 54.2 58 61.4 60.7 58.4 55.4 53.3 50.9 47.8 43.2 44.5 46.4 47.9 49 50.8 51.4 49.6 47.3 45.4 47.7 50.8 54.2 58.4 64 60.9 56.2 53.2 51.9 47.6 43.1 44.2 47.6 50.1 52.6 56.4 61.2 58.4 55.6 52.8 51.9 50.7 47.9 51 53.3 55.5 57.5 59.5 58.3 58.7 60.4 58.5 55.3 50.6 48.8 50.1 54.6 57.5 60.7 61.7 60.8 60.7 61.5 60.2 58.1 57.8 56.4 54.9 53.2 50.4 53.2 54.5 56.9 59 61.8 61.7
27.6 25.7 29 33.4 36.9 40 42.5 46.5 48.8 52.6 56 59.8 63 64.1 60.4 57.2 54.1 51.4 48 44.9 46.4 47.7 48.6 49.4 51.2 50.2 47.4 44.8 44 46.4 49.4 52.8 58.7 59.3 56.4 53.4 51 48.7 46 42.2 44.9 48.3 51.2 54.7 58.3 59.3 56.8 54.4 51.9 51.5 50.2 49.2 52.7 55.1 57.5 61.2 61.8 61.2 61.4 62.9 59.8 56.6 52.5 49 49.8 52.1 55.3 60.2 56.6 56 55.7 56.4 55.9 56.3 55.9 55.6 54.7 53.1 50.3 51.1 55.9 59.3 61.2 65.1 64.7
30.4 25.8 28.7 33.8 37.8 41.6 45.6 48 51.6 52 53.4 56.3 59.4 60 58.6 56.4 53.7 51.4 48.9 46.5 47.6 46.8 47.5 50.2 49.6 47.2 44.7 41.6 41.2 44.5 47.3 50.7 52.7 52.6 51.4 49.2 48.2 46.7 44.8 41.7 45.4 49.9 54.9 58.8 61 57.3 55.2 52.7 50.6 51 49.7 50.5 54.7 57 60.5 62.5 61.5 63 64.8 63.9 60.3 57.2 53.6 49.7 51.2 52.5 56.1 58.4 52.5 52 52.6 53.2 53.7 54.8 55.3 54.9 54.1 52.7 50.1 51.4 56.2 60.3 62.7 66.8 65.1
34 27.4 28.1 33.6 38.7 42.2 43.5 45.5 48.1 48.2 49.5 52.6 55 54.4 53.5 53.8 53.4 51.3 49.2 47.7 47.3 46.2 45.5 46.9 46.2 44.1 42.4 41.1 40.3 41.7 44.4 45.7 46.3 46.6 46.6 45.8 44.6 43.1 41.7 43.7 48.6 53.4 58.1 61.6 59.8 55.9 52.4 50.5 50 50.9 48 52.2 56.4 59.7 63 62.3 61 64.7 68.7 64.8 60.1 56.4 53.5 51 50.9 53.3 54.8 54.1 51.7 52 53 54.7 54.7 54 54.7 54.1 53 51.4 51.3 53.1 57.2 60.9 63.6 66.1 64
34.8 28.7 27.4 32.8 37.5 40 41.3 43 44.8 45.6 46.8 48.6 49.6 50.9 50.2 50.8 51.1 50 48.3 47 46 44.6 43.3 44.5 43.5 41.6 41.1 39.9 40.5 39.4 39.1 39.8 40.2 41 42.5 41.7 40.7 38.9 42 45.7 49.7 54.6 58.5 58.9 57.2 54.6 50.6 48.2 49.1 50.1 50.6 53.7 57.4 61.3 62.9 60.4 60.6 64.2 66.8 63.3 59.9 56.2 54 52.4 52 51.9 51.7 51.8 51.5 51.8 53.7 56.9 55.7 55.3 54.7 53.3 52.3 51.5 51.7 53.3 57.9 61.4 65.2 63.7 61.5
35.5 29.9 26.8 31.6 34.9 38 39.5 41.1 42.2 43.5 43.9 44.6 45.4 46.2 47.2 48.3 48.7 47.6 46.6 45.3 44 42.9 41.5 42.2 41.6 39.8 39 37.4 37 37.6 36 34.4 34.8 36.4 39.6 38.8 38.1 38.6 43.6 47.4 50.9 54.7 56.3 56.3 53.4 51.1 49.2 47.5 48.3 48.8 50 53.4 56.9 60.6 60 58.1 58.7 61.6 62.3 60.8 58.8 57.1 56.1 55.3 52.6 51.9 52 53.2 53.2 54 58.1 59.2 57.2 55.9 56 54.2 52.7 51.3 53.5 53.6 58 61 62.6 61.4 60.1
35.9 29.7 26.1 28.6 31.8 35.7 37.4 39 39.5 39.3 40.4 40.2 41.3 42.1 43.1 44.8 46.4 45.8 44.2 43 41.8 40.8 39.8 39.9 40 37.5 34.9 35.4 37.9 37.4 34.4 34 34.3 36.4 37.2 38.4 38.6 41.8 44.2 47.3 50.1 53 53.9 53.5 51.7 48.2 47 47.7 47.7 48.2 49 52.1 54.9 57.1 56.8 56 56.7 59.2 59.8 63 60.7 58.4 55.3 53.4 53.3 52.7 51.9 54.1 59.5 57.9 59.3 62.5 61.7 58.9 56.4 54.7 52.3 52 53.6 54.2 57.7 60.3 60.2 60.1 60.1
34.8 30.5 26.3 26.1 28.8 32.1 34.6 36 36 35.7 37 36.7 36.7 37.7 39.5 40.7 43.1 42.9 42 40.7 39.6 38.6 37.8 37 35.7 34.2 34 34.1 35.2 34.7 33.7 34.4 35.7 38.5 37.2 38.6 40.7 43.1 42.8 46 48.9 50.9 50.9 50.3 49.9 47.3 49 48.7 48.4 48.3 48.2 49.7 52.8 54.3 56.4 55.8 56.1 62.3 62 63.3 60.3 58 55.3 55.1 55.1 53.2 51.9 54.9 58 58.6 63.4 63.9 61.6 59.9 55.8 52.6 51.9 52.6 53.3 55.1 59.2 59.7 58.7 60.1 60.1
32.8 29.9 26.7 26.7 26.8 27.7 30.3 31 31.6 30.5 32.9 33.4 32.3 34.7 38.6 40 41.6 43 43.4 40.6 38.3 37.5 37.8 37.1 35.7 33.7 33.2 33 33.1 32.9 33.8 35.9 37.8 37 38.5 39.9 41.2 41.7 41.7 44.7 47.7 48 49.1 49.9 45.8 49.1 48.9 48.5 48.3 48.3 48.2 49.2 51 57 58.2 57.7 60.8 63.9 63.5 60.8 61.9 57.8 56.7 56.5 54.6 53.7 53.5 54.9 56.2 57.3 62.5 60.9 58.6 57.6 53.4 51.5 52.1 52.7 52.7 58.2 57.4 59.2 60.3 60.1 60.1
30.2 26.8 25.4 25.9 26.8 27.1 27.9 27.8 28.2 29.3 30.7 31.4 35.5 39.1 42.3 44.2 46.2 46.7 46.6 45.3 41 39.1 39 37.2 35.3 33.9 33.5 33 33.1 33.6 44.3 41.7 42.5 41 39.3 38.5 38.9 39.3 40.7 43.6 45.7 46.3 47.9 47.3 47.6 49.7 49.1 48.5 48.4 48.4 48.3 49.5 53.3 57.7 58.5 59.6 63.4 62.9 63.1 60.1 58.9 57.8 59.6 58 53.6 53.6 55.5 56.8 58.1 59.9 59 57 55.7 54.5 52.7 51.3 52.9 53.2 53.4 54.8 55.7 57.2 59.6 60.5 61.1
27.7 26.2 25.4 26.9 26.8 26.8 27.4 27.4 27.8 28.7 30.1 34 38.3 41.7 44 46 48.5 49.3 49.3 47.7 45.3 43.5 41.1 38.3 34.6 33.6 33.7 33.1 33.6 35.4 42.2 43.1 43.4 41.6 40.1 37.9 38.6 39.3 40 42.2 43.6 44.6 45.9 43.6 49.1 50.3 49.7 48.9 48.9 48.4 48.7 49.6 50.9 52.8 55.8 57.5 59.2 61.9 62.5 61.9 57.8 61.6 61.2 58.5 55 55.4 57.6 58.5 60 60.4 57.6 55.2 55.4 55 52.9 51.8 53.7 53.7 53.9 55.3 59.5 60.3 58.1 60.9 62.2
26.5 26.2 26.2 26.9 26.9 26.8 26.9 27 27.1 28.1 31.4 36.2 39.7 42.9 45.4 48.3 50.6 52.5 52.1 50.6 48.8 47.1 44 40.4 35.8 33.2 32.5 33.5 33.9 35.8 39 39.1 39.5 39 38.5 37.4 38.1 38.8 38.7 39.4 40.6 41.5 42.1 45.6 49.6 49.7 50 50.8 49.5 48.5 49.1 50.3 53.4 55 54.8 56.3 63.6 65.8 62.4 59.7 57.7 59.3 58.2 56 55.8 57.2 59.3 60.7 59.6 58.2 57 55.9 57.2 55.9 54.1 52.7 55.8 55 55.4 56.3 59.1 62.1 61.9 62.2 61.3
26.5 26.3 26 26.5 26.7 27.5 27.5 27.1 27.3 28.8 32.7 36.3 39.6 42.4 46 50.3 53.8 56.1 55.5 54.4 52.4 49.9 45.2 40.1 35.3 32.4 33.2 34.8 34.2 35 36.3 35.3 35.8 36.9 36.4 36.9 37.5 38.4 41.1 42.6 41.4 41 43.6 48 50.8 51.2 50.6 49.8 49.6 49.3 49.9 53.2 55 55.5 51.9 53.5 58.5 60.2 59.8 56.7 56.3 56.8 55.7 55.8 57.4 59.2 60.9 61.7 59 57.1 57.1 59.1 57.1 56.8 56.1 53.3 54.7 56.2 58.2 58.3 59.4 62.5 63.4 63.9 63.5
26.5 26.3 26.3 26.4 26.9 28.8 28.9 27.9 27.5 27.8 32.5 36.4 39.4 42.6 46.5 51 55.3 58.3 59.6 58 55 51.2 45.5 39.1 35.1 32.9 33.7 35.7 37 36.8 35.6 34.7 35.3 39.8 37.1 37.9 39.2 39.9 42.8 43.4 43.9 43.4 47.8 50.4 52.1 52.6 51.7 51.1 50.9 51.5 53.1 54.4 55.7 55.6 54.4 51 56.9 56.5 54.3 54.6 54.7 54.6 55.1 56.4 58.9 60.1 61.4 60.5 57.3 54.8 54.8 55.3 53.9 54.2 53.1 53.5 54.9 59.8 63.6 63.7 62.8 62.4 62.9 64.5 65.3
26.6 26.5 26.6 26.9 29.2 31 32.2 32.7 29.8 28.2 28.5 33.8 38.2 43.1 46.4 49.2 51.2 53 56 55.3 52.2 48.7 43.1 37.3 33.2 33 34.5 37 38.6 39.5 38.4 36 38.7 36.4 38.1 39.8 41 42 44.5 46.2 47.2 50.1 51.3 53.2 54.8 53.7 52.5 52.5 52.5 53.8 56.4 57.4 57.4 56.3 55.3 51.8 54.1 53.5 54.1 55 54 54.4 55.3 57.4 59.8 60.9 59.6 57.4 54.4 53.9 53.9 53.9 54.1 54.4 54.3 55.7 57.9 62.1 64.7 65.5 65.9 65.6 65.1 65.3 69.7
26.5 26.7 27.3 28.7 32.1 33.9 35.3 36.3 34.6 31.5 28.5 29.1 35.4 39.8 43.3 45.4 46.7 49 50.2 49.2 47.2 44.9 40.9 34.3 32.1 35.3 36.5 37.8 38.8 40.2 40.4 37.9 36.9 37.3 37.5 39.7 40.5 42.1 44.3 46.2 48.5 51 52.6 54.2 54.7 54 53.9 53.7 55.5 57.8 59.1 59.1 59 57.8 55.7 51.3 55.7 55.4 55.5 54.4 53.6 54.4 55.7 58.3 59.2 58.1 56.3 54.3 54 54.1 54.5 54.7 55.7 56.7 58 58.5 59.9 61.9 65.3 67 67.5 69.1 67.4 68.2 70.6
27.8 27.8 28.6 32.7 35.8 36.8 39.3 39.7 38.2 35.3 32.7 28.5 32.2 36.1 39.7 42.3 44.2 44.8 45 44.3 43.3 41.6 38.2 31.3 34.1 38.2 39 37.9 38.8 41.4 40.4 40 38.8 38.4 39.2 41.3 43 43.4 45 47.3 49.1 51.2 53.3 54.9 55.2 54.6 55 56.6 58.9 60.7 61.7 62.2 60.2 57.1 54.3 52.5 53.9 55.7 54.4 53.8 53.3 54.1 54.7 58.6 58.7 57.3 54.3 55.3 54.6 54.7 55.6 56.4 57.8 59.4 59.8 60.5 62.4 65.2 68.2 69.5 69.9 72.1 70.1 70.7 73
30.3 29.2 31.3 35.4 37.9 40.3 42.6 45 43.2 40.3 35.4 30 28.2 33.5 36.7 39 40.5 41.1 40.3 40.3 39.4 37.9 35.1 34.6 37.5 40.4 40.6 39.7 42.8 41.8 42 43.1 41.6 40.8 41.6 44.9 47.4 47.9 46.4 49.2 51 52.8 55 55.7 55.9 55.8 57.9 60.4 62 62.8 63.7 64.6 61.8 56.8 53.6 51.3 51.6 52 53.3 53.4 53.2 53.8 54.5 54.9 56.5 56.2 57.2 58.1 55.8 58.4 59.1 59.1 59.8 61.8 63.7 65.2 67.1 71.3 72.8 74.4 74.2 75.6 75.4 74.7 77.5
31.4 30.7 32.2 35.9 39.2 42.6 45.8 48.5 48.3 45.8 40.5 34.1 29.2 28.8 33.4 35.1 36.3 37.2 37.3 36.2 35.2 32.1 36.5 36.6 41.1 42.9 42.7 42.6 43.5 44.4 44.9 45.5 44.3 41.5 44.8 48.7 50.5 50.5 49.8 50.2 52.8 54.6 56.4 57.3 57.2 57.6 60.8 62.3 63.8 65.2 67.3 65.5 63.1 58 53.1 51.5 51.9 51.9 52 52.5 53.6 54.2 54.7 57.2 60.3 60.5 60.5 60.4 58.8 62.5 62.7 62.8 64.2 66.4 68.2 70 72.6 77.1 77.4 78.7 80.3 79.9 79.7 78.9 81.2
32.4 32 32.7 34.9 39.3 43.6 47.7 48.3 49.4 48.5 43 36.1 31.4 30 30 30.2 30.8 31.7 31.8 30.1 32.1 36.9 36.5 38.4 39.4 44.4 44.2 44.2 44.8 47.7 47.6 50.6 50.7 46.4 45 49.3 51.6 51.8 52.5 52.7 54.3 56.3 57.7 59.1 59.2 59.4 62.1 63.9 66 68.2 70.6 66.1 63 56.9 52.9 51.8 51.9 52 52.1 52.9 54.7 56.3 57 60.4 62.8 62.4 62.9 62.8 63.9 66 66.2 66.9 67.7 69.6 71.5 73.5 76.5 78.7 80.9 82.8 84 84 83.6 88.9 93
39.6 34.8 35.2 38.6 41.7 44.2 45.3 46.1 47.2 46.3 42.8 38 32.4 30.5 30.5 36.5 40.2 39.5 36.8 36.6 37.1 37.4 41.3 40.6 43.7 44.8 45.6 45.9 48.2 50.9 53.3 59.1 61.5 57.4 49.4 53.1 54.3 53.1 53.6 55.8 54.9 57.8 59.8 60.8 60 60.9 63.5 66.2 69.1 71.3 72 68.2 62.5 55.9 53.7 52.9 52.2 52.4 52.9 53.4 55.3 57.3 59.1 60.3 62.3 66.3 66.3 66.9 69 70.9 71.6 71.6 72.3 73.2 75.4 77.8 80.9 82.8 85.4 88.1 89.2 92.7 96.4 99.5 103.9
41.5 38.3 38.7 42.4 45.7 45.5 43.5 44 44.9 43.6 41.1 39.1 32.8 31.4 30.9 39.5 33.5 34.8 40.7 37.7 37.3 37.3 42.1 43.2 43.7 48.4 46.9 47.9 50.9 54.8 58.9 64.2 66 62.4 50.9 54.7 56.6 54.4 54.7 56.1 55.7 58 60 60.1 60.4 60.6 64.6 67.7 70.9 73 71.1 65.9 61.7 55.9 55.2 54.2 53.3 53.7 53.4 54 55.8 58 59.8 60.9 63.5 66.5 68.3 69.4 71.4 73.5 74.4 75.1 75.8 77.7 80 82.6 85.9 90.1 92.3 94.6 97 99.8 103.5 109.6 113.5
42 41.3 44.5 46.3 47 45.3 42.7 42.1 42 41.3 40.2 38.6 33.9 39.5 38.7 35.8 34.9 41.9 38.6 37.4 37.6 44.1 44 44.1 46.7 48.2 48.9 54.1 57.7 58.5 58.9 61.2 63.6 59 52.1 58 56.2 56.3 56.8 57.7 57.3 57.4 58.3 57.8 58.1 60.8 64.2 67 68.7 69.7 67.3 63.1 60 54.5 54.9 55.4 54.6 54.9 54 55.5 57.7 58.7 60.5 63.1 65.7 69.2 70.9 71.7 73.4 75.4 77 78.8 80.5 83.1 86.7 90 93.1 95.5 98.3 102.1 105.8 110.3 113.2 117.9 122
