app/static/ascii/SH50.asc
ncols 200
nrows 200
xllcorner 250000
yllcorner 300000
cellsize 50
[rows 111 to 147 of 200, columns 85 to 169 of 200]
-1.1 -1.1 -1.1 -1.1 -1.1 -1.1 -1.1 -1.1 -1.1 -1.1 -1.1 -1.1 -1.1 -1.1 -1.1 -1.1 -1.1 -1.1 -1.1 -1.1 -1.1 -1.1 -1.1 -1.1 -1.1 -1.1 -1.1 -1.1 -1.1 -1.1 -1.1 -1.1 -1.1 -1.1 -1.1 -1.1 0.1 1 2.7 15.9 16.6 16.9 17.5 16.9 16.4 16.1 17.7 18 18.7 19.8 20.9 23.1 25.5 28.3 31.9 35 38.2 41.7 46.4 51.1 57.3 66 88.8 111.6 126.9 131.6 135.7 141.2 143.4 142.1 151.1 149.3 141.6 138.9 145.2 150.6 152.4 148.5 142.8 132.6 121.3 107.5 96.2 88.9 84
-1.1 -1.1 -1.1 -1.1 -1.1 -1.1 -1.1 -1.1 -1.1 -1.1 -1.1 -1.1 -1.1 -1.1 -1.1 -1.1 -1.1 -1.1 -1.1 -1.1 -1.1 -1.1 -1.1 -1.1 -1.1 -1.1 -1.1 -1.1 -1.1 -1.1 -1.1 -1.1 -1.1 -1.1 -1.1 -1.1 0.3 1.3 7.1 13.6 14.3 15.3 16.2 16.9 16.3 15.7 17.8 16.8 17.9 19 20.1 22.3 25.1 28.1 32 35.7 38.9 42.3 46.6 50.5 55.8 64.6 81 117.5 136.5 146.8 145.3 144.8 144.9 158.4 164.5 157 145.3 143.9 151.5 160.4 161.2 155.4 146.2 135.6 121.3 105.5 94.3 87 82.6
-1.1 -1.1 -1.1 -1.1 -1.1 -1.1 -1.1 -1.1 -1.1 -1.1 -1.1 -1.1 -1.1 -1.1 -1.1 -1.1 -1.1 -1.1 -1.1 -1.1 -1.1 -1.1 -1.1 -1.1 -1.1 -1.1 -1.1 -1.1 -1.1 -1.1 -1.1 -1.1 -1.1 -1.1 -1.1 -0.3 0.6 1.6 10.9 12.3 12.7 14.2 16.5 17 16.4 16 16.8 15.9 17 18.1 19.2 21.4 24.6 27.7 31.8 35.9 39.6 41.9 45.9 51.1 56.5 70 93.8 129.8 148.2 151.6 150.6 149.1 158.7 170.7 172.3 155.3 149.4 148.9 161.1 170.4 165.6 160.6 148.6 138.4 120.7 105.2 94.4 84.8 79.4
-1.1 -1.1 -1.1 -1.1 -1.1 -1.1 -1.1 -1.1 -1.1 -1.1 -1.1 -1.1 -1.1 -1.1 -1.1 -1.1 -1.1 -1.1 -1.1 -1.1 -1.1 -1.1 -1.1 -1.1 -1.1 -1.1 -1.1 -1.1 -1.1 -1.1 -1.1 -1.1 -1.1 -1.1 -1.1 -0.1 0.9 2.2 9.9 11.5 12.9 14.9 16.7 17.1 15.9 16 15.7 15.5 16.2 17.3 18.4 20.6 23.9 27.1 30.9 35.1 39 41.1 44.4 51 60 88.3 109.1 139.4 153.5 158.2 154.2 156.3 172.4 179 171.5 160 158.9 166 171.7 176.9 170.5 163.6 152.4 138.2 120.8 104.6 94 83.3 73.3
-1.1 -1.1 -1.1 -1.1 -1.1 -1.1 -1.1 -1.1 -1.1 -1.1 -1.1 -1.1 -1.1 -1.1 -1.1 -1.1 -1.1 -1.1 -1.1 -1.1 -1.1 -1.1 -1.1 -1.1 -1.1 -1.1 -1.1 -1.1 -1.1 -1.1 -1.1 -1.1 -1.1 -1.1 -1.1 0.3 1.3 9.9 10.1 11.3 12.3 15.1 15.8 16 15.3 15 15.1 15.2 15.9 16.6 18.3 20.3 23.3 26.4 30.1 33.3 35.9 40.2 44.7 54.3 77.4 101.5 137 150.5 156 158 155 163.9 178.4 179.3 169.4 166.9 170.9 175.9 178.2 181.3 176.7 166.7 154.4 136.4 120.3 105.7 93.1 80.7 69.7
-1.1 -1.1 -1.1 -1.1 -1.1 -1.1 -1.1 -1.1 -1.1 -1.1 -1.1 -1.1 -1.1 -1.1 -1.1 -1.1 -1.1 -1.1 -1.1 -1.1 -1.1 -1.1 -1.1 -1.1 -1.1 -1.1 -1.1 -1.1 -1.1 -1.1 -1.1 -1.1 -1.1 -1.1 -0.5 0.6 1.7 10 10.8 11.7 12.2 12.7 12.8 13.3 13.9 14.4 14.7 14.9 15.8 17.1 18.3 20.3 23.4 26.5 30.3 34.2 37.4 42.8 49.6 56.4 86.6 116.3 139.7 151.9 153.9 154.9 157.4 169.6 179.6 177.9 172.6 172.9 179.2 180.9 183.9 184 178.6 168.8 152.5 134.8 116.6 103.9 91.2 76.3 64.1
-1.1 -1.1 -1.1 -1.1 -1.1 -1.1 -1.1 -1.1 -1.1 -1.1 -1.1 -1.1 -1.1 -1.1 -1.1 -1.1 -1.1 -1.1 -1.1 -1.1 -1.1 -1.1 -1.1 -1.1 -1.1 -1.1 -1.1 -1.1 -1.1 -1.1 -1.1 -1.1 -1.1 -1.1 -0.2 1 2.6 10.8 11.5 11.6 11.7 11.7 11.9 12.2 12.7 13.2 13.8 15.1 16.5 17.7 19.4 21.9 24.5 27.5 30.8 35.1 39.6 45.8 54 68 96.6 126.4 143.4 149.8 153.7 156.7 165 174.8 177.2 178.9 175.5 179.8 182 181.7 187.9 186.2 177.7 163.3 146.6 133.3 113.5 95.1 81.2 70.3 58.2
-1.1 -1.1 -1.1 -1.1 -1.1 -1.1 -1.1 -1.1 -1.1 -1.1 -1.1 -1.1 -1.1 -1.1 -1.1 -1.1 -1.1 -1.1 -1.1 -1.1 -1.1 -1.1 -1.1 -1.1 -1.1 -1.1 -1.1 -1.1 -1.1 -1.1 -1.1 -1.1 -1.1 -1.1 0.2 1.4 10.5 11.7 12.3 11.6 11.2 11.4 11.5 11.6 11.6 12.1 12.9 15.1 17.6 19 20.9 23.1 26 29.3 33 38.3 44 51.1 60.6 82.4 105 123.2 137.4 148.5 157.4 160.6 166 170.7 172.5 174 176.1 180.8 180.5 179.6 182.2 179.4 169.7 154.3 141.9 126.1 107.9 85.5 73.6 63.5 55.5
-1.1 -1.1 -1.1 -1.1 -1.1 -1.1 -1.1 -1.1 -1.1 -1.1 -1.1 -1.1 -1.1 -1.1 -1.1 -1.1 -1.1 -1.1 -1.1 -1.1 -1.1 -1.1 -1.1 -1.1 -1.1 -1.1 -1.1 -1.1 -1.1 -1.1 -1.1 -1.1 -1.1 -1.1 0.4 1.7 11.3 12.1 12.3 11.4 10.9 11 11.2 11.4 11.2 11.3 12.2 15 17.8 20 22.4 24.7 28.7 32.1 35.1 42.1 50.9 58.9 75.1 98.5 115.8 129 136.6 146.4 153.3 160.8 166.1 168.5 173.6 178.7 180.1 178.7 176.5 172 169.3 166 154.4 146.1 128.8 113.1 95.2 75 66.2 57.5 49.6
-1.1 -1.1 -1.1 -1.1 -1.1 -1.1 -1.1 -1.1 -1.1 -1.1 -1.1 -1.1 -1.1 -1.1 -1.1 -1.1 -1.1 -1.1 -1.1 -1.1 -1.1 -1.1 -1.1 -1.1 -1.1 -1.1 -1.1 -1.1 -1.1 -1.1 -1.1 -1.1 -1.1 -0.3 0.8 1.7 10.9 13.6 11.6 10.8 10.5 10.7 11 11.1 11.1 11.3 11.9 14.4 18.3 20.9 23.6 26.4 31.3 35.5 41 47.4 58.4 74.9 89.2 109 128.9 138.6 138.8 145.9 154.1 160.2 163.1 169.2 180.4 182.5 179.5 171.8 164.3 156.9 154.2 150.5 142.1 134.3 120.1 101.3 80.9 64.9 57.6 51.1 45.8
-1.1 -1.1 -1.1 -1.1 -1.1 -1.1 -1.1 -1.1 -1.1 -1.1 -1.1 -1.1 -1.1 -1.1 -1.1 -1.1 -1.1 -1.1 -1.1 -1.1 -1.1 -1.1 -1.1 -1.1 -1.1 -1.1 -1.1 -1.1 -1.1 -1.1 -1.1 -1.1 -1.1 0.1 1.1 3 10.4 14.8 11.7 10.6 10.2 9.8 9.9 10.8 11.2 11.4 11.6 13.3 18.2 21.9 24.5 30.9 35.2 42.9 54.3 67.7 80.1 93.6 102.5 116.7 132.4 136.5 138.9 143.3 152.3 155.5 164.6 171.9 179.7 179.9 172.1 164 148.9 141.5 139.4 133.8 131.1 124.6 111.2 88.5 69.5 56.9 50.3 44.9 44.1
-1.1 -1.1 -1.1 -1.1 -1.1 -1.1 -1.1 -1.1 -1.1 -1.1 -1.1 -1.1 -1.1 -1.1 -1.1 -1.1 -1.1 -1.1 -1.1 -1.1 -1.1 -1.1 -1.1 -1.1 -1.1 -1.1 -1.1 -1.1 -1.1 -1.1 -1.1 -1.1 -1.1 0.4 1.5 8.6 10 12.2 12.1 10.4 9.9 9.4 9 9.6 10.9 11.4 11.7 13.9 18.2 22.8 27.8 34.6 41.1 49.9 61 75.2 84.5 103.3 110 123.5 128.1 131.8 136.9 143.3 151.7 154 167.8 171.6 168.6 161.1 149.5 141.7 132.1 126.6 120.2 115.7 121.1 110.8 95.9 73.2 59 49.1 44.7 41.5 43.2
-1.1 -1.1 -1.1 -1.1 -1.1 -1.1 -1.1 -1.1 -1.1 -1.1 -1.1 -1.1 -1.1 -1.1 -1.1 -1.1 -1.1 -1.1 -1.1 -1.1 -1.1 -1.1 -1.1 -1.1 -1.1 -1.1 -1.1 -1.1 -1.1 -1.1 -1.1 -1.1 -0.4 0.6 1.7 8 9.1 11.1 11.8 10.3 9.5 9.1 9 10.9 11.2 11.3 13.4 16 19.6 24.2 30.5 38 45.6 53.1 62.5 77.2 90 101.5 108.7 118.3 125.3 133.9 142.5 152.2 151.1 158.7 161.4 165.2 159 140 129.9 123.4 114.8 106 99.3 99.4 102.4 92.5 77.5 61.6 47.8 42.7 39.9 38.5 43.1
-1.1 -1.1 -1.1 -1.1 -1.1 -1.1 -1.1 -1.1 -1.1 -1.1 -1.1 -1.1 -1.1 -1.1 -1.1 -1.1 -1.1 -1.1 -1.1 -1.1 -1.1 -1.1 -1.1 -1.1 -1.1 -1.1 -1.1 -1.1 -1.1 -1.1 -1.1 -1.1 -0.3 0.8 2 7.5 9 10.8 12 11.6 10.5 8.6 9.1 10.8 10.6 12.7 15 18.2 21.5 27.1 33.7 42 49.9 57.9 67.8 82.8 92.2 98.1 105 115 127.7 144.8 156.5 156.8 155 155.4 159.9 147.2 134 120.4 109.7 101.5 93.9 84.8 81.4 79.2 78.1 71.6 58.8 47.1 41.3 38.4 36.1 37 44.4
-1.1 -1.1 -1.1 -1.1 -1.1 -1.1 -1.1 -1.1 -1.1 -1.1 -1.1 -1.1 -1.1 -1.1 -1.1 -1.1 -1.1 -1.1 -1.1 -1.1 -1.1 -1.1 -1.1 -1.1 -1.1 -1.1 -1.1 -1.1 -1.1 -1.1 -1.1 -1.1 -0.1 0.9 2.2 7.8 9.4 10.9 11.6 11.1 10.2 8.2 8.1 10.9 11.3 13.4 15.8 19.4 24.1 29.7 35.5 43.6 51.4 60.1 68 81.7 88.5 97.2 107.3 123.1 144.8 159 162.7 161 160 159.2 146.6 126.9 110.7 102.2 88.9 80.1 72.7 67.9 63.3 61.2 59.2 54.4 46.3 38.1 35.8 35.1 33.2 38.2 44.8
-1.1 -1.1 -1.1 -1.1 -1.1 -1.1 -1.1 -1.1 -1.1 -1.1 -1.1 -1.1 -1.1 -1.1 -1.1 -1.1 -1.1 -1.1 -1.1 -1.1 -1.1 -1.1 -1.1 -1.1 -1.1 -1.1 -1.1 -1.1 -1.1 -1.1 -1.1 -1.1 0 0.9 1.9 8.9 10.1 11 11.1 10 9 7.3 7.6 8.9 10.1 12.2 16 19.9 24.4 30.4 35 42.4 50 57.2 62.6 71.5 80.4 95 109.4 130.3 153.3 163.8 161.2 171.3 169.2 156.7 133.2 112.8 93.4 78.6 67.6 61.3 56.7 53.8 49.4 47.3 45.6 40.1 34.5 32.1 31.2 30.4 33.7 39.1 45.4
-1.1 -1.1 -1.1 -1.1 -1.1 -1.1 -1.1 -1.1 -1.1 -1.1 -1.1 -1.1 -1.1 -1.1 -1.1 -1.1 -1.1 -1.1 -1.1 -1.1 -1.1 -1.1 -1.1 -1.1 -1.1 -1.1 -1.1 -1.1 -1.1 -1.1 -1.1 -1.1 -0.1 0.7 1.6 9.5 9.5 10.8 11.3 10.5 8.8 7.2 6.3 7.9 8.6 11.8 16 19.5 23.5 27.8 33.5 40.9 47.4 53.1 57.7 63.2 76.2 93.4 116.3 140.3 164.3 147.9 131 170.1 167.7 141.4 119.6 101.7 78 60.5 51.9 48.2 46.2 43.9 42.5 40.3 36.5 32.3 29.5 28.1 27.6 29.5 34.3 40.8 44.6
-1.1 -1.1 -1.1 -1.1 -1.1 -1.1 -1.1 -1.1 -1.1 -1.1 -1.1 -1.1 -1.1 -1.1 -1.1 -1.1 -1.1 -1.1 -1.1 -1.1 -1.1 -1.1 -1.1 -1.1 -1.1 -1.1 -1.1 -1.1 -1.1 -1.1 -1.1 -1.1 -0.4 0.4 1.3 6.8 8.8 9.7 9.8 8.2 6 4.9 5.3 7 8.6 11.5 14.7 17.7 21.7 26.1 31.9 37.9 43.3 48 52.7 54.7 69.1 90.7 116.3 134.4 146.9 131 169.6 174.6 155.9 123.4 99.1 77.5 59.9 47.5 42.9 39.2 38.1 38.1 36.4 34.2 30.6 27.5 26 24.9 27 30 34.4 37.5 42.4
-1.1 -1.1 -1.1 -1.1 -1.1 -1.1 -1.1 -1.1 -1.1 -1.1 -1.1 -1.1 -1.1 -1.1 -1.1 -1.1 -1.1 -1.1 -1.1 -1.1 -1.1 -1.1 -1.1 -1.1 -1.1 -1.1 -1.1 -1.1 -1.1 -1.1 -1.1 -1.1 -1.1 0 1 2.1 7 8 7.5 6 4 3.5 4.4 6.3 7.7 10.5 13.3 15.9 20 24.4 29.2 34.8 37.9 43 44.9 47.8 61.4 76.6 106.7 128.8 127 105.8 166.3 164.3 139.9 106.1 78.8 58.6 46.5 38.7 35.3 32.8 31 30.9 30.2 29.4 26.7 23.6 23.3 22.4 24.7 27.5 30.2 33.3 37.9
-1.1 -1.1 -1.1 -1.1 -1.1 -1.1 -1.1 -1.1 -1.1 -1.1 -1.1 -1.1 -1.1 -1.1 -1.1 -1.1 -1.1 -1.1 -1.1 -1.1 -1.1 -1.1 -1.1 -1.1 -1.1 -1.1 -1.1 -1.1 -1.1 -1.1 -1.1 -1.1 -1.1 -0.3 0.6 1.5 4.3 5.5 4.1 3.4 3.2 2.9 3.7 5.4 6.9 8.8 11.8 15 18.6 22.7 27 31.4 33.9 36.7 39.4 42.5 53.6 73.4 97.9 109.6 99.6 111 162.8 160.1 131.3 97 64.4 49.4 39.6 32.8 28.7 27 25.4 25 24.6 23.8 22.7 19.7 20.6 19.7 20.5 23.3 26.7 29.2 33.5
-1.1 -1.1 -1.1 -1.1 -1.1 -1.1 -1.1 -1.1 -1.1 -1.1 -1.1 -1.1 -1.1 -1.1 -1.1 -1.1 -1.1 -1.1 -1.1 -1.1 -1.1 -1.1 -1.1 -1.1 -1.1 -1.1 -1.1 -1.1 -1.1 -1.1 -1.1 -1.1 -1.1 -1.1 0.3 1.2 2.5 3.8 3.3 3.3 3 2.9 3.1 4.6 6 7.9 10.6 14.1 17.8 20.7 24 27.3 29 31.3 34 36.8 46.9 50.8 85.8 94 104.5 143.5 154.9 143.3 118.1 81.3 52.6 38.6 32.5 27.3 24.2 22.4 20.7 19.9 19.2 18.7 17.5 17.6 16.6 15.6 15.7 20.6 21.5 24.5 28.1
-1.1 -1.1 -1.1 -1.1 -1.1 -1.1 -1.1 -1.1 -1.1 -1.1 -1.1 -1.1 -1.1 -1.1 -1.1 -1.1 -1.1 -1.1 -1.1 -1.1 -1.1 -1.1 -1.1 -1.1 -1.1 -1.1 -1.1 -1.1 -1.1 -1.1 -1.1 -1.1 -1.1 -1.1 0 0.8 1.5 2.8 4.1 3.6 3.2 2.9 2.9 4.1 5.3 7.4 11 13.9 15.9 19.3 21.8 23.6 24.8 27.1 29.6 36.5 38.2 54.4 58 74.1 101.2 131.2 136.9 114.7 89 61.3 38.4 30.4 25.8 21.6 19.8 18 16.3 15.7 14.9 14.2 14.9 14.3 13.3 12.5 13.7 15.1 16.5 19.6 23.8
-1.1 -1.1 -1.1 -1.1 -1.1 -1.1 -1.1 -1.1 -1.1 -1.1 -1.1 -1.1 -1.1 -1.1 -1.1 -1.1 -1.1 -1.1 -1.1 -1.1 -1.1 -1.1 -1.1 -1.1 -1.1 -1.1 -1.1 -1.1 -1.1 -1.1 -1.1 -1.1 -1.1 -1.1 -0.3 0.4 0.6 -1.1 -1.1 -1.1 3.7 2 2.9 3.8 4.8 6.9 10.5 11.6 13.8 16.6 19.4 19.5 21.2 23.2 25.3 28.7 33.8 49.9 61.4 70.4 78.7 113.9 104.2 87.3 64.8 40.4 30 24.2 20.4 17.3 15.5 13.7 12.6 11.7 11.3 10.9 12.3 11.1 10 10.1 9.2 10 12.4 15 19.2
-1.1 -1.1 -1.1 -1.1 -1.1 -1.1 -1.1 -1.1 -1.1 -1.1 -1.1 -1.1 -1.1 -1.1 -1.1 -1.1 -1.1 -1.1 -1.1 -1.1 -1.1 -1.1 -1.1 -1.1 -1.1 -1.1 -1.1 -1.1 -1.1 -1.1 -1.1 -1.1 -1.1 -1.1 -1.1 -1.1 -1.1 -1.1 1.4 -1.1 -1.1 3.2 2.8 3.3 4.2 5.4 7.9 8.8 11.2 13.5 15.3 17.2 18.7 19.7 21.3 23 24.2 42.5 66.4 73.8 91.3 97.4 78.9 61.6 39.8 30.9 24.2 19.6 15.7 13.2 11.5 9.6 10.2 9.1 8.4 7.8 8.1 7.8 7.3 7.1 6.3 7.2 8.6 10.8 12.6
-1.1 -1.1 -1.1 -1.1 -1.1 -1.1 -1.1 -1.1 -1.1 -1.1 -1.1 -1.1 -1.1 -1.1 -1.1 -1.1 -1.1 -1.1 -1.1 -1.1 -1.1 -1.1 -1.1 -1.1 -1.1 -1.1 -1.1 -1.1 -1.1 -1.1 -1.1 -1.1 -1.1 -1.1 -1.1 -1.1 -1.1 -1.1 5.1 5.7 -1.1 -1.1 3.6 2.8 3.2 4.3 4.3 5.8 7.9 10.2 12.1 13.9 15 20 20.8 21.6 22.5 31.2 50.4 71.4 89.6 79.8 56.5 37.7 29 23.1 18.5 15.1 12.5 9.6 8.9 8.1 7.4 6.6 6 5.3 4.5 5.4 5 4.6 4.3 5 5.6 6.1 7.1
-1.1 -1.1 -1.1 -1.1 -1.1 -1.1 -1.1 -1.1 -1.1 -1.1 -1.1 -1.1 -1.1 -1.1 -1.1 -1.1 -1.1 -1.1 -1.1 -1.1 -1.1 -1.1 -1.1 -1.1 -1.1 -1.1 -1.1 -1.1 -1.1 -1.1 -1.1 -1.1 -1.1 -1.1 -1.1 -1.1 -1.1 -1.1 4.7 4 3.1 -1.1 -1.1 -1.1 3.3 4.3 2.7 3.3 5 7.8 9.5 11.4 12.6 13.8 15.1 16 19.6 25.3 48.9 77.1 76.8 51.1 35.9 25.8 21.4 17.5 13.8 12.3 10 7.8 6.4 5.8 5.1 4.4 3.5 2.9 2.7 2.6 2.8 2.2 2.8 3.8 4.2 4.2 4.8
-1.1 -1.1 -1.1 -1.1 -1.1 -1.1 -1.1 -1.1 -1.1 -1.1 -1.1 -1.1 -1.1 -1.1 -1.1 -1.1 -1.1 -1.1 -1.1 -1.1 -1.1 -1.1 -1.1 -1.1 -1.1 -1.1 -1.1 -1.1 -1.1 -1.1 -1.1 -1.1 -1.1 -1.1 -1.1 -1.1 -1.1 0.6 2.4 4.7 3.1 2.4 -1.1 -1.1 -1.1 3.5 3.3 2.4 3.4 6.2 7.4 8.7 11.1 11.2 12.1 13.4 16 20.7 42 72.2 51.7 31.6 23.4 19.2 15.6 12.9 11.2 9.6 7.4 5.2 3.8 3.4 2.9 -1.1 -1.1 -1.1 -1.1 0.9 1.5 2.1 2.1 2.6 2.5 2.5 2.6
-1.1 -1.1 -1.1 -1.1 -1.1 -1.1 -1.1 -1.1 -1.1 -1.1 -1.1 -1.1 -1.1 -1.1 -1.1 -1.1 -1.1 -1.1 -1.1 -1.1 -1.1 -1.1 -1.1 -1.1 -1.1 -1.1 -1.1 -1.1 -1.1 -1.1 -1.1 -1.1 -1.1 -1.1 -1.1 -1.1 -1.1 0.2 1 2.2 4.7 2.9 1.8 5 -1.1 -1.1 4.8 3 2.5 4.6 4.2 5.1 6.4 8 9.5 11 12.7 16.4 27 43.6 26.2 18.2 15.1 13.5 11.5 10.4 9.7 6.5 4.7 -1.1 -1.1 -1.1 -1.1 -1.1 -1.1 -1.1 -1.1 -1.1 -1.1 1.4 2.2 2.4 1.7 1.5 2
-1.1 -1.1 -1.1 -1.1 -1.1 -1.1 -1.1 -1.1 -1.1 -1.1 -1.1 -1.1 -1.1 -1.1 -1.1 -1.1 -1.1 -1.1 -1.1 -1.1 -1.1 -1.1 -1.1 -1.1 -1.1 -1.1 -1.1 -1.1 -1.1 -1.1 -1.1 -1.1 -1.1 -1.1 -1.1 -1.1 -1.1 -1.1 0.1 1 2.4 4.5 1.6 1.5 4.1 -1.1 -1.1 2.8 2.1 2.1 1.4 1.3 2.4 4.2 6.2 8.3 9.6 10.8 13.1 14.7 11.6 11.3 9.9 8.9 8.2 6 3.7 -1.1 -1.1 -1.1 -1.1 -1.1 -1.1 -1.1 -1.1 -1.1 -1.1 -1.1 -1.1 -1.1 -1.1 2.1 1.5 1.2 2
-1.1 -1.1 -1.1 -1.1 -1.1 -1.1 -1.1 -1.1 -1.1 -1.1 -1.1 -1.1 -1.1 -1.1 -1.1 -1.1 -1.1 -1.1 -1.1 -1.1 -1.1 -1.1 -1.1 -1.1 -1.1 -1.1 -1.1 -1.1 -1.1 -1.1 -1.1 -1.1 -1.1 -1.1 -1.1 -1.1 -1.1 -1.1 -1.1 0 1 2.7 4.3 2.4 1.7 3.7 -1.1 -1.1 -1.1 2.1 1.6 1.5 0.6 2.2 4 5.3 6 6.4 6.2 2.8 5.2 6.5 5.1 4.7 5 -1.1 -1.1 -1.1 -1.1 -1 -1 -1 -1.1 -1.1 -1.1 -1.1 -1.1 -1.1 -1.1 -1.1 -1.1 -1.1 -1.1 -1.1 2.2
-1.1 -1.1 -1.1 -1.1 -1.1 -1.1 -1.1 -1.1 -1.1 -1.1 -1.1 -1.1 -1.1 -1.1 -1.1 -1.1 -1.1 -1.1 -1.1 -1.1 -1.1 -1.1 -1.1 -1.1 -1.1 -1.1 -1.1 -1.1 -1.1 -1.1 -1.1 -1.1 -1.1 -1.1 -1.1 -1.1 -1.1 -1.1 -1.1 -1.1 0 1 3.2 4.6 4.5 5 4.3 -1.1 -1.1 -1.1 1.9 1.8 1.8 1.8 1.8 1.8 2.3 3 2.7 1.7 1.1 3 -1.1 -1.1 -1.1 -1.1 -1.1 -1 -0.9 -0.8 -0.8 -0.8 -0.8 -0.8 -0.8 -0.9 -0.9 -1 -1.1 -1.1 -1.1 -1.1 -1.1 -1.1 1.9
-1.1 -1.1 -1.1 -1.1 -1.1 -1.1 -1.1 -1.1 -1.1 -1.1 -1.1 -1.1 -1.1 -1.1 -1.1 -1.1 -1.1 -1.1 -1.1 -1.1 -1.1 -1.1 -1.1 -1.1 -1.1 -1.1 -1.1 -1.1 -1.1 -1.1 -1.1 -1.1 -1.1 -1.1 -1.1 -1.1 -1.1 -1.1 -1.1 -1.1 -1.1 0.1 1.1 3.9 5.8 4.7 3.4 4.5 -1.1 -1.1 -1.1 -1.1 -1.1 -1.1 -1.1 -1.1 1.7 2.3 -1.1 -1.1 -1.1 -1.1 -1.1 -1.1 -1.1 -1.1 -1.1 -0.9 -0.7 -0.6 -0.6 -0.6 -0.6 -0.6 -0.6 -0.6 -0.6 -0.8 -1.1 -1.1 -1.1 -1.1 -1.1 -1.1 -1.1
-1.1 -1.1 -1.1 -1.1 -1.1 -1.1 -1.1 -1.1 -1.1 -1.1 -1.1 -1.1 -1.1 -1.1 -1.1 -1.1 -1.1 -1.1 -1.1 -1.1 -1.1 -1.1 -1.1 -1.1 -1.1 -1.1 -1.1 -1.1 -1.1 -1.1 -1.1 -1.1 -1.1 -1.1 -1.1 -1.1 -1.1 -1.1 -1.1 -1.1 -1.1 -1.1 0.2 1.2 4.6 4.7 3.4 4 3.4 -1.1 -1.1 -1.1 -1.1 -1.1 -1.1 -1.1 -1.1 -1.1 -1.1 -1.1 -1.1 -0.2 -0.2 -0.6 -0.6 -0.7 -0.8 -0.7 -0.5 -0.4 -0.3 -0.3 -0.3 -0.4 -0.4 -0.4 -0.4 -0.6 -0.9 -1.1 -1.1 -1.1 -1.1 -1.1 -1.1
-1.1 -1.1 -1.1 -1.1 -1.1 -1.1 -1.1 -1.1 -1.1 -1.1 -1.1 -1.1 -1.1 -1.1 -1.1 -1.1 -1.1 -1.1 -1.1 -1.1 -1.1 -1.1 -1.1 -1.1 -1.1 -1.1 -1.1 -1.1 -1.1 -1.1 -1.1 -1.1 -1.1 -1.1 -1.1 -1.1 -1.1 -1.1 -1.1 -1.1 -1.1 -1.1 -1.1 0.3 1.2 5.5 4.2 4.8 4.5 3.2 2.3 2.6 2.4 2.3 -1.1 -1.1 -1.1 -1.1 -1.1 0.3 0.6 0.8 0.3 -0.1 -0.2 -0.3 -0.5 -0.5 -0.4 -0.2 -0.1 -0.1 -0.1 -0.1 -0.1 -0.1 -0.1 -0.4 -0.7 -1.1 -0.9 -1.1 -1.1 -1.1 -1.1
-1.1 -1.1 -1.1 -1.1 -1.1 -1.1 -1.1 -1.1 -1.1 -1.1 -1.1 -1.1 -1.1 -1.1 -1.1 -1.1 -1.1 -1.1 -1.1 -1.1 -1.1 -1.1 -1.1 -1.1 -1.1 -1.1 -1.1 -1.1 -1.1 -1.1 -1.1 -1.1 -1.1 -1.1 -1.1 -1.1 -1.1 -1.1 -1.1 -1.1 -1.1 -1.1 -1.1 -1.1 0.4 1.3 6 5.5 3.4 2.8 3.3 3.4 3.3 3.1 2.5 -1.1 -1.1 0.9 1.8 1.8 1.8 1.3 0.6 0.4 0 0 -0.2 -0.2 -0.2 -0.1 0.1 0.1 0.1 0.1 0.1 0.1 0.1 -0.2 -0.5 -0.6 -0.4 -0.1 -0.8 -1.1 -1.1
-1.1 -1.1 -1.1 -1.1 -1.1 -1.1 -1.1 -1.1 -1.1 -1.1 -1.1 -1.1 -1.1 -1.1 -1.1 -1.1 -1.1 -1.1 -1.1 -1.1 -1.1 -1.1 -1.1 -1.1 -1.1 -1.1 -1.1 -1.1 -1.1 -1.1 -1.1 -1.1 -1.1 -1.1 -1.1 -1.1 -1.1 -1.1 -1.1 -1.1 -1.1 -1.1 -1.1 -1.1 -0.4 0.5 1.5 6.5 5.1 4.5 4.2 4.2 4.2 3.8 3.4 2.6 2 1.8 1.8 1.8 1.8 1.5 1 0.7 0.4 0.3 0.1 0 0 0.1 0.3 0.4 0.4 0.3 0.3 0.3 0.3 0 -0.2 -0.2 0 0.3 0.6 0.1 -1.1
-1.1 -1.1 -1.1 -1.1 -1.1 -1.1 -1.1 -1.1 -1.1 -1.1 -1.1 -1.1 -1.1 -1.1 -1.1 -1.1 -1.1 -1.1 -1.1 -1.1 -1.1 -1.1 -1.1 -1.1 -1.1 -1.1 -1.1 -1.1 -1.1 -1.1 -1.1 -1.1 -1.1 -1.1 -1.1 -1.1 -1.1 -1.1 -1.1 -1.1 -1.1 -1.1 -1.1 -1.1 -1.1 -0.3 0.7 1.7 6 4.7 4.4 4.2 4 3.3 2.4 2.2 2.1 1.8 1.8 1.8 1.8 1.7 1.3 1 0.7 0.5 0.4 0.3 0.3 0.3 0.4 0.6 0.6 0.6 0.6 0.6 0.5 0.2 0.1 0.2 0.4 0.7 0.9 1.2 -1.1
