app/static/ascii/SH52.asc
ncols 200
nrows 200
xllcorner 250000
yllcorner 320000
cellsize 50
[rows 104 to 155 of 200, columns 96 to 191 of 200]
0 0 0 0 0 0 0 0 0 0.2 0.5 0.8 1.1 1.5 1.8 8.7 8.3 3.1 4.4 5.6 5.2 21.9 8.6 7.1 8 7.9 5.7 6.2 6.3 7.6 8.8 13.2 11.3 9 8 8.1 7.9 7.8 7.8 7.8 7.8 7.7 7.7 7.6 7.3 7 6.6 6 5.1 2.9 2.8 2.4 1.7 1.7 2.4 2.6 4 4.8 5.2 6.4 7.4 9.1 10.9 13.2 16.7 19.1 21.3 22.9 24.6 25.3 28 29.9 32.4 35.2 37.8 40.4 46.5 55.5 64.2 69.1 72.5 75.5 79.1 83.6 87.8 91.8 96.6 101.7 105.8 110 116.5 123.9 132.5 136.6 138.9 142
0 0 0 0 0 0 0 0 0 0 0.3 0.7 1 1.3 1.6 2.4 14.5 4.4 4.6 5.1 14.7 19 17.8 18.2 14.8 13 8 8.9 9.7 7.6 14.6 9.2 12.2 8.8 8.1 8.6 8.5 8 7.8 7.8 7.8 7.8 7.8 7.6 7.3 7 6.5 6 5.2 2.6 2.6 2.3 1.9 1.9 2.3 1.9 3.3 4 5.2 6.4 8 10.1 13.5 16.5 19.3 21.5 24.3 24.4 28.6 31.6 35.6 36.1 36.5 37.8 39.6 47.3 53.9 60.2 66.6 71.9 75.3 78.3 81.4 85.6 89.8 93.9 98.3 103.8 109.2 115.6 121.7 128.1 137.5 140.3 143.5 145.1
0 0 0 0 0 0 0 0 0 0 0 0.5 0.8 1.1 1.5 1.8 3.8 12.4 7.2 8.1 6.5 13.6 23.7 10.5 5.4 10.2 9.9 8.7 8.7 7.2 11.6 16.7 10.5 8.7 8.2 8.1 8.4 7.9 7.9 7.9 7.9 7.9 7.8 7.6 7.3 6.9 6.4 6 5 2.4 2.6 2.3 2 1.9 2.3 3.1 3.6 4.3 5.6 7.2 9.5 13.2 15.8 19 21.3 24.2 25.5 27.4 30.2 33.3 37.8 41.9 43.4 45.2 47.2 50.5 55.9 61.5 67.3 71.9 75.3 78.5 82.3 86.6 92.9 96.7 102.5 110.7 117.1 122.9 129.2 136.6 142 145.5 146.9 148
0 0 0 0 0 0 0 0 0 0 0 0.3 0.6 0.9 1.3 1.6 2.1 8.1 9.4 5.9 12.3 6.2 9.2 4.7 7.9 14.3 6.8 9.5 7.5 7.4 14.8 20.7 14.1 9.1 8.3 8.4 8.4 8 8 8 8 8 7.8 7.7 7.3 6.8 6.5 6.2 5.2 3 2.5 2.2 2 2 2.7 3.7 4.8 5.3 6.7 8.8 11.6 13.7 17.8 20.3 22.6 24.3 25.5 27.2 30 33.4 37.7 41.2 44.8 48.5 50.5 53.7 58.3 62.4 67.2 71.2 76 79.8 85.8 91.3 96 101.1 108.5 114 122.4 128.2 135.7 140.8 144.8 148.9 150.2 150.8
0 0 0 0 0 0 0 0 0 0 0 0 0.4 0.8 1.1 1.4 1.7 3.1 11.9 7.7 7.9 4.7 4.6 7.7 11.8 20.7 10.6 12.5 8.4 9.7 15.9 7.9 19.9 16.2 8.8 9.4 8.2 8 8.1 8.1 8 8 7.9 7.7 7.3 7 6.7 6.4 5.2 2.3 2.3 2.4 2.1 2.4 3.3 4.1 5.6 6.6 8 10.4 13.4 17.1 18.2 19 20.9 21.7 23.7 25.3 28.6 32.1 36.3 41.2 45.1 48.4 51.6 54.8 58.4 62.2 65.7 70.6 76.7 81.9 88 95.7 101.1 106.6 111.7 118.7 124.5 130.4 135.3 140.5 144.9 148.2 151 152.8
0 0 0 0 0 0 0 0 0 0 0 0 0.3 0.6 0.9 1.2 1.6 2.1 7.7 10.3 5.4 4.8 5.1 5.4 4.3 20.5 18.6 16.7 14 12.8 10.2 8 9.4 10 9.4 8.2 8.1 8.1 8.2 8.2 8.2 8.1 7.9 7.7 7.5 7.2 7 6.3 5 3 2.6 2.6 2.7 3.2 3.8 5.1 6.4 8.3 10.1 11.8 13.9 16 16.2 16.2 17.5 19.2 20.8 24.1 27.3 30.8 36 39.8 44 47.1 50.2 54 57.1 58.7 62.5 67.5 76 83.8 89.8 96.2 102.8 107.3 112.6 118.9 124.4 129.9 133.6 138.2 142.3 145.6 148.4 149.7
0 0 0 0 0 0 0 0 0 0 0 0 0 0.4 0.7 1.1 1.4 1.7 2.9 14.8 7.5 4.9 8.2 4.3 4.3 17.4 8.7 12.4 20.5 22.4 15.8 7.4 8.8 10.3 9.2 8.3 8.1 8.1 8.1 8.1 8.1 8.2 8 7.8 7.6 7.4 7.1 6.5 5.2 3.4 2.6 3 3.5 4.3 5.5 6.1 7 9.1 10.5 11.4 13.8 14 13.6 15.2 15.3 17.6 20.6 22.6 25.3 28.7 33.2 37.9 41.6 44.8 46.9 50.7 51.7 55.9 65.7 70.7 77.2 83.2 89.9 96.6 103.3 107.9 112 116.1 121.1 125.6 130.5 134.3 138.6 141.9 144.4 145.1
0 0 0 0 0 0 0 0 0 0 0 0 0 0.2 0.5 0.9 1.2 1.5 1.8 4 13.8 7.3 8.4 8.2 4.3 8.5 7.3 7.6 11.1 22.4 15.8 19 13.9 23 9.3 8.1 8.2 8.2 8 8 8.5 8.3 8.1 8 7.7 7.4 7.2 6.4 5.4 3.8 3 3.7 3.7 4.4 5.7 6.3 6.9 7.9 8.4 9.5 11.1 12.5 13.1 14.6 16.6 18.3 20.6 22.1 23.6 26.5 30.6 33.8 37.3 40.7 45.3 48.1 53.6 60.5 65.9 71.1 76.4 82.9 88.6 94.2 99.9 103.4 107.2 111.9 116.7 121.8 126 130.5 133.8 136.9 139.2 138.7
0 0 0 0 0 0 0 0 0 0 0 0 0 0 0.3 0.7 1 1.3 1.6 2.3 13.9 10.5 6.9 12.9 4.6 4.8 6.6 7.6 6.5 7.1 6.4 16.8 12.1 21.8 9 9.5 8.7 8.4 8.1 8.2 8.6 8.4 8.2 8.1 7.8 7.5 7.2 6.4 5.4 4.2 3.3 3.4 3.4 3.5 3.5 4.2 5.1 5.6 7.1 9.3 11.2 12.3 14.8 15.5 17.3 19.1 20.7 22.4 24 26.7 29.8 32.2 36.1 41.5 46.8 52.3 58 62.2 66.1 70.7 75.6 80.5 85.9 90.7 95.2 98.4 103.3 107.5 112.7 118.1 122.7 126.6 129.9 132.7 134.5 133.6
0 0 0 0 0 0 0 0 0 0 0 0 0 0 0 0.5 0.8 1.1 1.4 1.7 3 18.3 8.9 6.2 4.8 6.7 4.7 5.9 5.6 5.6 6.2 15 7.8 13.5 12.9 7.7 7.8 8.3 8 8.1 8.5 8.5 8.4 8.2 7.9 7.6 7.2 6.4 5.5 4.6 3.3 3.2 2.8 2.6 3 3 4.5 6.9 9.4 10.8 12.5 13.6 18.2 17.4 18.1 19.5 21.1 22.7 24.3 26.6 29.1 31.7 36.6 43.4 50.3 54.1 59.8 63.2 66.1 69.1 72.6 77 81.9 86.5 90.6 94.7 99 104.3 109.4 114.8 119.2 123.5 126.5 129.8 129.8 127.2
0 0 0 0 0 0 0 0 0 0 0 0 0 0 0 0.3 0.6 0.9 1.2 1.5 1.8 7.6 14.6 7.4 5.8 5.6 5.8 5.2 6.3 5.7 6.6 13.8 12.8 11.9 13.8 10.1 9.5 7.5 7.6 8 8.4 8.5 8.4 8.3 7.9 7.6 7.2 6.6 5.7 4.8 3.2 3.5 3.3 3.3 3.9 5.8 8.1 10.9 12.6 13.6 14.4 15.4 15.9 17.1 18.5 19.6 20.9 22.8 23.9 25.5 27.8 31.3 37.6 43.1 49.3 54.3 58.6 62.3 64.3 66.6 70 74.3 78.9 83.8 88.2 92.3 95.9 101.9 106.6 111.9 116.5 120 123.1 125.9 125.1 120
0 0 0 0 0 0 0 0 0 0 0 0 0 0 0 0 0.4 0.7 1 1.3 1.6 2.4 7.6 13.1 4.6 6.1 4.6 7.4 5.6 6.3 6.5 19.7 20.4 12.4 16.8 9.4 9.5 9.3 8.2 8.5 8.4 8.4 8.4 8.3 7.9 7.6 7.2 6.7 5.9 5 1.8 3.6 3.4 3.8 5.5 8.2 10.8 13 14.3 15 15.3 15.7 15.9 16.6 17.7 19.1 20.4 22.4 23.3 24.7 26.5 31.7 36.4 40.1 45.9 52 56.5 60 61.7 64 67.2 71.5 76.8 82.1 86.4 90.8 94.3 98.4 103.3 108.9 113.4 117.4 120.7 123.4 122.3 110
0 0 0 0 0 0 0 0 0 0 0 0 0 0 0 0 0.2 0.5 0.8 1.1 1.4 1.7 4.1 11 7.4 7 4.4 6.4 5.5 5.9 5.6 6.5 19.9 13.9 9.2 10.3 9.6 9.3 9.7 8.1 8.4 8.4 8.4 8.4 8 7.6 7.1 6.6 5.9 5.1 3.4 2.4 3.8 4.1 5.6 8.6 9.8 11.6 12.7 13.5 13.6 13.7 14.4 15.4 16.6 18.4 20.2 21.4 22 22.9 25.6 30.2 34.2 37.7 43 50.9 55.2 58.5 59.8 61.5 65.1 69.9 75.2 80.1 85 89.3 92.5 94.9 100.6 105.9 110.9 115.5 118.3 119.8 112.7 106.7
0 0 0 0 0 0 0 0 0 0 0 0 0 0 0 0 0 0.3 0.6 0.9 1.2 1.5 1.8 11.9 11.2 6 5.8 5.5 5.3 8.7 6.4 5.4 19.7 23.1 20.3 20.3 8.7 9 9.6 8.9 8.5 8.5 8.4 8.4 8.2 7.7 7.1 6.6 6 5.2 4.4 3.6 3.1 2.8 4.4 5.6 7 8.2 9.3 9.7 9.9 10.6 12.1 13.7 15 16.4 17.7 18.5 19.7 20.8 22.5 28.4 33.5 37.2 41.1 48.2 55.3 57.9 59 60.6 64.4 69.1 73.8 78.3 83.2 87 89.4 90.5 96.3 101.3 105.7 111.4 113.8 113.3 99.3 115.6
0 0 0 0 0 0 0 0 0 0 0 0 0 0 0 0 0 0 0.4 0.7 1 1.3 1.6 2.8 17.4 7 6.5 5.4 5.2 6.9 7.1 5.6 7.9 11.3 10.7 15.6 9.1 9 9 9.3 8.6 8.5 8.5 8.4 8.3 7.8 7.3 6.7 6.1 5.4 4.6 3.7 3.2 3.1 2.8 4.5 4.5 4.7 5 6.3 7.6 8.3 9.9 11.3 12.3 13.9 15.1 15.9 17.2 19.4 21.1 26.3 31.5 36.2 40.6 47.8 54.1 57.7 59.1 61.6 65.2 69.4 73.5 76.2 79.6 82.7 84.7 84.3 87.9 95.8 99.8 104.6 105.6 100.3 99.8 115.2
0 0 0 0 0 0 0 0 0 0 0 0 0 0 0 0 0 0 0.2 0.5 0.8 1.1 1.4 1.7 4 15.2 7.1 5.7 4.9 6.2 7.4 5.7 6 7.9 19.1 14.5 16.2 8.5 8.6 8.9 9 8.5 8.5 8.4 8.3 7.9 7.4 6.8 6.3 5.5 4.7 3.9 3.4 3.2 3.4 3.8 4.6 3.5 4.1 4.9 5.6 6.3 7.8 9 10.5 12.2 13.6 14.3 16.3 18.9 21.5 25.7 29.5 35.1 40.3 46.6 53.7 58.2 61.1 63.9 67.4 71.4 72 71.5 72.9 75 75.2 73.7 78.1 87.1 92.6 95.7 95.1 94 94.4 105
0 0 0 0 0 0 0 0 0 0 0 0 0 0 0 0 0 0 0 0.3 0.6 0.9 1.2 1.5 2.3 5.7 15.7 12.9 5 5.5 5.5 6.2 5.8 6.7 6.9 17.1 15.4 10.2 8.2 8.8 8.7 8.6 8.4 8.2 8.1 8 7.5 6.9 6.4 5.7 4.9 4.1 3.6 3.5 3.6 3.6 4.2 3.6 3.9 3.8 4.7 5.4 6.8 8 9.3 11.2 12.2 14.2 16.5 19.3 21.8 24.7 27.9 33.6 39.2 44.9 51.6 58.4 62.3 65.6 70.3 73.5 67.5 63.5 64.8 66.5 67.2 72.8 78.8 81.3 84.4 86.7 89.3 89.9 100.9 112.6
0 0 0 0 0 0 0 0 0 0 0 0 0 0 0 0 0 0 0 0 0.4 0.7 1 1.4 1.7 3.5 16.8 6.2 5.3 5.3 6.4 5.2 5.7 5.7 6.3 15.2 10.8 10 9.2 8.3 8.7 8.3 8.2 8 7.9 7.7 7.6 7.1 6.5 5.9 5 4.4 3.7 3.5 3.6 3.7 3.5 3.5 3.6 4.4 5.1 5.8 6.9 7.9 11.7 12.1 12.8 15.1 17.3 19.5 21.7 24.3 27.3 31.4 36.6 43.4 51 57.4 62.7 67.5 72.4 70.3 59.2 61.1 63.1 66.3 72.7 85 91.6 91.3 91.6 94.7 98.7 104.3 112.9 118.5
0 0 0 0 0 0 0 0 0 0 0 0 0 0 0 0 0 0 0 0 0.2 0.5 0.8 1.2 1.5 2 10.6 10.9 13.3 5.7 6.6 6.6 7.8 9.2 18 18.3 10.3 11.5 11.7 9.1 8.5 8.1 7.9 7.8 7.6 7.5 7.4 7.1 6.6 6.2 5.2 4.4 3.7 3.5 3.6 3.7 3.3 3.3 3.8 4.7 5.8 6.5 7.3 8.3 9.4 11.6 13 15.1 17.2 19.2 20.5 23.6 26.1 29.7 34.8 40.3 47.9 55.1 61.6 67.8 71.1 61.9 57.3 62.1 72.4 78.2 84.9 90.7 96.1 100 102.4 105.2 112.5 118.4 122.1 124.9
0 0 0 0 0 0 0 0 0 0 0 0 0 0 0 0 0 0 0 0 0 0.3 0.6 1 1.3 1.6 2.6 10.4 9.9 5.1 5.2 7.1 6.2 12.3 5.1 18.8 13.4 11.4 6.3 10.9 9 7.6 7.6 7.5 7.6 7.5 7.4 7.2 6.8 6.3 5.5 4.5 3.7 3.5 3.6 3.7 3.8 3.3 3.9 5.1 6.3 7.1 7.8 8.8 9.9 11.6 13.2 15.3 17.1 18.3 19.7 22.2 24.7 28 32.8 39.3 45.5 51.7 58.4 66.8 63.9 55.6 55.5 73 81.7 88.1 92.2 95.5 99.6 104.1 107.3 112.8 117.7 122.2 125.6 129.3
0 0 0 0 0 0 0 0 0 0 0 0 0 0 0 0 0 0 0 0 0 0 0.4 0.8 1.1 1.4 1.8 2.5 15 5.1 5.2 4.4 5.4 8.4 5.2 5.4 10.9 9.1 6.4 8.7 9 7.2 7.3 7.4 7.5 7.5 7.6 7.3 6.9 6.5 5.9 4.9 3.7 3.6 3.5 3.7 3.6 4.4 4.5 5.6 6.5 7.3 8.4 9.4 10.5 11.9 13.4 15 16.6 18.1 19.7 21.4 23.2 25.8 30.7 37.7 43.7 49.2 56.1 61.2 55.8 53.5 66.4 78.2 87.2 91 94.7 98.1 102 106.1 110.4 115.9 119.8 124.3 128 131.3
0 0 0 0 0 0 0 0 0 0 0 0 0 0 0 0 0 0 0 0 0 0 0.2 0.5 0.9 1.2 1.6 1.8 6.4 14.5 7.2 7.6 5.6 5.2 7.7 6.1 6.2 7 9.1 10 7.4 7.6 7.6 7.5 7.7 7.5 7.7 7.3 7 6.6 6.2 5.3 4 3.5 4 3.8 3.9 4.3 5 5.5 6.3 7.2 8.1 9.5 11 12.2 13.8 15.3 16.7 18.2 19.8 21.2 22.5 23.5 26.9 33.2 40.5 47.2 52.9 54.8 55.5 54.6 70 83 87.9 91.6 95.3 98.5 102.6 107.3 111.2 116.4 122.3 126.3 130.3 133.4
0 0 0 0 0 0 0 0 0 0 0 0 0 0 0 0 0 0 0 0 0 0 0 0.3 0.7 1 1.3 1.7 2.4 5.6 18.6 8.5 8.8 5.1 5.3 5.5 14.9 10.3 9.7 6.2 7.5 7.2 7 7.3 6.9 7.3 7.7 7.4 7 6.7 6.3 5.6 4.3 4.8 4.4 3.9 4.5 4.8 4.2 5.7 6.8 7.5 8.6 9.9 11.4 12.8 14.2 15.7 17.1 18.5 19.9 21.4 21.9 23.8 26.9 30.6 38 45.8 50.7 50.1 51.8 58.2 71 81.5 87 91.3 94.7 98.5 103 107.1 111.3 117 122.8 127.8 132 135
0 0 0 0 0 0 0 0 0 0 0 0 0 0 0 0 0 0 0 0 0 0 0 0 0.5 0.8 1.1 1.5 1.8 2.7 11.1 10 14 8.3 6 5.6 11.7 9.4 6.4 7.5 7.4 7 7.2 6.8 7 7.2 7.2 7.5 7.2 6.8 6.4 5.7 5 5 4.6 4.1 4.6 4.5 5.6 6.7 7 7.9 9 10.2 11.7 13 14.4 16.2 17.6 19 20.4 21.9 23.2 25.3 26.5 30.8 39.2 47.5 47.2 48.5 51.6 57.8 72.4 82.4 86.9 91.2 94.8 98.3 102.4 106.7 112.6 118.3 123.2 128.7 133.6 135.9
0 0 0 0 0 0 0 0 0 0 0 0 0 0 0 0 0 0 0 0 0 0 0 0 0.3 0.6 0.9 1.3 1.6 2 3.2 5.4 9.5 13.1 10.4 7.5 6.3 11.8 7.1 6.9 7.2 6.8 7 7.1 7.1 7.1 7.1 7.2 7.3 7 6.6 6.1 5.6 5 4.3 3.9 4.5 4.8 5.4 6.8 7.3 8.3 9.5 10.7 12 13.4 14.9 16.5 18.1 19.7 21.3 22.9 24.3 25.9 27.7 34.3 43.8 45.4 44.5 46.4 57.9 67.8 75.6 81.9 86.6 89.5 92.8 96.9 101.1 106.4 115.8 120.8 126.3 131.6 134.5 136.7
0 0 0 0 0 0 0 0 0 0 0 0 0 0 0 0 0 0 0 0 0 0 0 0 0 0.4 0.7 1.1 1.4 1.7 2.2 3.5 6.4 8.8 11.3 15.8 12 12.5 7.4 6.7 6.7 6.6 6.7 6.5 6.8 7 7.1 7.3 7.2 6.9 6.5 6 5.6 5.1 4.4 4.2 4.4 5 5.9 6.4 7.6 8.7 10.1 11.5 12.9 14.5 15.7 16.6 18.2 20.1 21.7 23.6 25.1 26.7 28.6 34 41.8 40 41.5 49 65.8 71.9 77.5 81.9 85.5 86.9 90.8 95 100.3 110.2 116.7 122 126.9 131.6 134.3 136.7
0 0 0 0 0 0 0 0 0 0 0 0 0 0 0 0 0 0 0 0 0 0 0 0 0 0.2 0.5 0.8 1.1 1.4 1.7 2.9 12.6 5.6 5.8 4.4 15.2 20.6 13.4 6.5 6.7 6.4 6.4 6.6 6.9 7.3 7.5 7.2 7.1 6.7 6.4 6 5.5 5 4.5 4.2 4.4 4.8 5.5 6.8 8 8.9 10.4 11.8 13.2 14.7 16 17.2 18.9 20.4 22.1 24 25.9 27.6 29.7 33.3 36.6 37.4 43.7 53.4 61.9 72.2 78.7 80.1 81.1 84.8 90.5 97.6 103.3 110.7 116.9 122.2 126.1 130.4 134 136.6
0 0 0 0 0 0 0 0 0 0 0 0 0 0 0 0 0 0 0 0 0 0 0 0 0 0 0.3 0.6 0.9 1.2 1.5 1.7 2.8 9.2 7.8 13.2 8.8 10.6 21.8 9.7 6.5 6.5 6.3 6.6 7 7.3 7.7 7.7 7.1 7.2 6.8 6.7 6.1 5.4 4.9 4.2 4.4 4.8 5.2 6.1 7.3 8.7 10.2 11.7 13 14.8 16.3 17.8 19.6 21.2 22.7 24.1 25.9 27.6 29.7 32.2 34 37.2 45.1 53.2 60.8 72.9 77.3 76.1 79.7 86.2 91.4 97.9 102.7 109.8 117.1 121.3 125.5 130.1 133.9 136.6
0 0 0 0 0 0 0 0 0 0 0 0 0 0 0 0 0 0 0 0 0 0 0 0 0 0 0 0.4 0.7 1 1.2 1.5 1.8 3.8 9.1 3.8 3.7 5.1 13.9 15.3 13.3 6.3 6.2 6.4 6.6 6.9 7.1 7.4 7.2 7.4 7 6.7 6.3 5.8 5.5 5 5 5.1 5.1 5.8 7.1 8.6 10 11.5 12.8 14.6 16 17.4 19.2 20.8 22.3 23.9 25.6 27.3 29.1 30.8 33.4 35.6 43.3 53.8 60.5 66.9 72.7 73.1 80.2 84.9 89.6 96.6 101.4 109.3 116.6 120.9 125.2 130.1 133.5 136.5
0 0 0 0 0 0 0 0 0 0 0 0 0 0 0 0 0 0 0 0 0 0 0 0 0 0 0 0.2 0.4 0.7 1 1.3 1.6 2.1 9.1 7.4 3.4 4.1 4.4 9.3 14.3 6.3 6 6.1 6.1 6.2 6.5 6.7 7.4 7.6 7.1 6.8 6.5 6.6 6.2 5.7 5.3 4.9 5.1 5.4 6.9 8.4 9.9 11.4 12.9 14.3 15.7 17.1 18.1 20.1 21.7 23.4 25 26.7 28.3 29.7 31.7 34.7 42.1 50.6 57.1 60 64.2 73.5 79 83.6 88.3 94.1 100.5 109 115.3 119.9 124.1 128.5 132.5 135.9
0 0 0 0 0 0 0 0 0 0 0 0 0 0 0 0 0 0 0 0 0 0 0 0 0 0 0 0 0.2 0.5 0.8 1.1 1.3 1.6 2.7 9.5 3.4 3.6 4.3 8.5 8.8 6.2 5.7 5.9 6 6.1 6.3 7.1 7.1 7.2 7 6.8 6.4 6 5.8 5.7 5.4 5 5 5.9 7.1 8.2 9.7 11.2 12.3 13.7 15.2 16.6 17.3 19.4 21.1 22.7 24.2 25.4 26.5 28.4 30.5 34.8 39.4 45.3 52.6 58.6 65.6 73 78 81.4 86.2 92.6 100.1 109.3 114.4 118.5 123.5 127.5 131.6 135.4
0 0 0 0 0 0 0 0 0 0 0 0 0 0 0 0 0 0 0 0 0 0 0 0 0 0 0 0 0 0.3 0.6 0.8 1.1 1.4 1.7 3.3 6.7 5.1 4.7 5.7 11.4 6.7 5.7 5.7 5.9 6.2 6.5 6.8 7 7 6.9 6.8 6.3 6.1 6 5.8 5.6 5.4 5.1 6.1 7.3 8.1 9.4 10.8 11.9 13 14.5 15.8 17.2 18.5 20.1 21.6 23.1 24.5 26 27.8 30.7 32.4 37.3 43 50.9 59 66.3 71.6 75.6 78.8 82.7 93.4 100.4 108.4 114.5 119 123.3 126.9 130.9 134.7
0 0 0 0 0 0 0 0 0 0 0 0 0 0 0 0 0 0 0 0 0 0 0 0 0 0 0 0 0 0 0.3 0.6 0.9 1.2 1.5 2 3.2 12.6 11.6 6.8 6.8 5.8 6 5.1 5.1 6 6.2 6.4 6.8 6.6 6.9 6.8 6.6 6.4 6.3 6.1 5.8 5.8 5.6 4.3 6.9 8 9.1 10.3 11.3 12.3 13.6 15 16.3 17.4 19 20.5 21.9 23 24.6 26.7 29 32.1 35.3 42.3 49.8 58.7 64.5 70.3 73.7 78.5 84.7 93.7 100.3 107.1 113.9 118.5 123.1 126.5 130.5 134
0 0 0 0 0 0 0 0 0 0 0 0 0 0 0 0 0 0 0 0 0 0 0 0 0 0 0 0 0 0 0 0.4 0.7 1 1.3 1.6 2 6.3 6.1 12.8 10.3 8.2 10.7 6.1 5.7 6 6.1 6.2 7.2 6.8 6.9 6.7 6.8 6.7 6.5 6.4 6.2 5.9 5.6 5.3 6.6 7.2 8.3 9.3 10.3 11.4 12.4 13.7 15.8 16.4 17.9 19.4 20.7 21.5 23 25 26.9 30.7 34.2 41.1 46.8 56.8 62.4 67.2 71.5 79.1 84.5 92.1 98.7 105.8 112.6 117.7 122.3 126.5 129.9 133.4
0 0 0 0 0 0 0 0 0 0 0 0 0 0 0 0 0 0 0 0 0 0 0 0 0 0 0 0 0 0 0 0 0.5 0.8 1.1 1.4 1.8 2.8 4.5 16.8 10.5 9.6 15.2 6.8 5.5 5.8 6 6.3 6 6.8 6.8 6.6 6.9 6.8 6.6 6.7 6.5 6.1 5.7 4.8 6.1 7 7.5 8.4 9.3 10.4 11.5 13.4 14.8 15.6 17 18.3 19.4 20.3 21.8 23.7 25.8 28.8 33.3 38 43.8 50 60.7 64.7 70.8 77.7 82.5 91.3 96.9 103.6 111.1 116.5 121.2 126.1 129.6 132.9
0 0 0 0 0 0 0 0 0 0 0 0 0 0 0 0 0 0 0 0 0 0 0 0 0 0 0 0 0 0 0 0 0.3 0.6 0.9 1.2 1.5 1.9 2.5 11.2 8.6 7.9 7.8 10.6 5.5 5.7 6.1 6.6 6.6 6.7 6.7 6.7 7 6.9 6.7 6.5 6.7 6.6 5.9 5.3 5.8 6.4 7.1 7.9 8.6 9.5 11.1 12.7 14 15 15.9 16.7 17.9 19.6 21.8 23.6 25.2 28.1 32 37.4 42.3 51 57.2 62.9 69.9 75.9 81.6 89.7 96.9 101.9 108.8 115.6 120.8 125.2 128.1 131.1
0 0 0 0 0 0 0 0 0 0 0 0 0 0 0 0 0 0 0 0 0 0 0 0 0 0 0 0 0 0 0 0 0 0.3 0.7 1 1.3 1.6 1.9 4.9 5.9 3.8 4.7 9 6.7 5.8 6.2 6.4 6.5 6.6 6.6 6.8 7.2 7.1 6.9 6.7 6.5 6.6 5.8 5.2 5.3 6 6.6 7.6 8.3 9.3 10.6 11.7 12.9 13.9 14.6 15.4 16.4 17.9 20.4 21.9 23.9 26.5 29.1 36.2 41.4 48.5 54.2 61.6 72 75.8 83.6 90 96.4 101.9 107.8 114.2 119.8 123 125.9 128.9
0 0 0 0 0 0 0 0 0 0 0 0 0 0 0 0 0 0 0 0 0 0 0 0 0 0 0 0 0 0 0 0 0 0 0.5 0.8 1.1 1.4 1.7 3 10.6 7.4 4.7 10.4 5.7 5.5 5.7 6 6.2 6.5 6.5 6.9 7.3 7.3 7.1 6.9 6.7 6.4 5.7 5.2 5.3 6.2 6.4 6.6 7.6 8.3 9.4 10.4 11.7 12.7 13.7 14.5 15.6 17.8 19.5 20.8 23.3 26.1 28.6 34 43.4 49 53.6 62.2 71 74.5 83.3 88.3 93.9 102.4 105.8 110.2 116 120.4 123.8 129.8
0 0 0 0 0 0 0 0 0 0 0 0 0 0 0 0 0 0 0 0 0 0 0 0 0 0 0 0 0 0 0 0 0 0 0 0.5 0.9 1.2 1.5 1.7 3.9 7.5 13.4 9.1 11 5.3 5.5 5.7 5.9 6.7 6.6 7 7.4 7.4 7.3 7.1 6.9 6.5 5.8 5.3 5.2 5.4 5.8 6.3 6.6 7.5 8.6 9.1 10.6 11.3 12.8 13.9 15.4 17.4 19.5 20.8 22.8 25.9 29.1 33.2 41.1 46.9 51 59.1 68.6 73.5 80.3 85.8 90.4 97 100.5 106 111.3 118.3 123.2 128.6
0 0 0 0 0 0 0 0 0 0 0 0 0 0 0 0 0 0 0 0 0 0 0 0 0 0 0 0 0 0 0 0 0 0 0 0.3 0.6 0.9 1.3 1.6 0.6 5.8 10.7 11.3 12.4 5.6 5.5 5.6 5.8 5.9 6.6 7.1 7.5 7.5 7.5 7.4 7 6.6 5.9 5.4 5.2 5.6 6.1 6.4 6.9 7.2 8.2 9 9.6 10.8 12 13.4 15.3 17.5 20.4 21.8 24.8 27.8 30.7 32.8 39.8 44.1 48.9 56.9 64.1 69.6 76.4 83.8 87.9 91.4 95.5 102.3 110.4 116.6 121.9 126.4
0 0 0 0 0 0 0 0 0 0 0 0 0 0 0 0 0 0 0 0 0 0 0 0 0 0 0 0 0 0 0 0 0 0 0 0 0.4 0.7 1 1.3 1.7 1.9 7.3 5.3 9.7 11.3 8.2 5.8 5.9 5.7 6.5 7.2 7.8 7.9 8.3 8.3 7.7 7.1 6.4 5.7 5.6 5.8 6.1 6.4 6.8 7.5 8.8 8.9 9.2 9.5 11.7 13.1 15.3 17.8 21.7 24 25.6 28 31.9 34.6 38.3 41.2 45.2 52.1 60.2 65 71.1 78.5 84 87.8 95.5 103.3 109.3 114.6 119.8 125.4
0 0 0 0 0 0 0 0 0 0 0 0 0 0 0 0 0 0 0 0 0 0 0 0 0 0 0 0 0 0 0 0 0 0 0 0 0 0.4 0.8 1.1 1.4 1.7 5 4.3 8 10.5 7.6 6.3 6.1 6.2 6.6 7.2 7.9 8.5 9.4 9.4 9.2 8.1 7 6.1 5.7 5.5 6.2 6.5 6.9 7.3 7.9 8.9 9.5 9.8 11.8 13.2 15.1 17.4 19 24 26.3 29.8 33.9 35.7 38.3 41.3 44.4 50.5 60.4 65.2 71 77.2 83 87.6 95.9 102.6 108.9 113.4 118.7 123.1
0 0 0 0 0 0 0 0 0 0 0 0 0 0 0 0 0 0 0 0 0 0 0 0 0 0 0 0 0 0 0 0 0 0 0 0 0 0 0.5 0.8 1.1 1.5 1.9 5 12.2 4.2 3.9 5.7 6 6.2 6.3 6.8 7.4 8.3 9.5 9.8 10.2 9.7 9.1 8.1 7.2 6.8 6.9 6.9 7.2 7.6 8.2 9 9.8 10.2 12.3 13.4 15.2 17.1 18.5 23.7 26.8 30.1 35 35.9 38.1 42.6 47.3 54.2 59.9 65.9 72.1 78.4 83.4 89.3 96.2 101.6 107 112 116.5 121
0 0 0 0 0 0 0 0 0 0 0 0 0 0 0 0 0 0 0 0 0 0 0 0 0 0 0 0 0 0 0 0 0 0 0 0 0 0 0.2 0.5 0.8 1.2 1.6 2.8 4.4 5.5 10.9 7.6 6.1 6.3 6.4 6.7 7.1 7.5 8.9 9.7 10.4 10.6 10.3 10.1 9.5 8.7 7.9 7.5 7.6 7.9 8.6 9.4 10.1 10.7 13.1 14.2 15.9 17.2 18.3 23.4 26 29.4 32.5 34.5 39.4 47.4 52 54.9 60.1 66.1 73.4 78.7 83.8 89.2 95.3 100.4 106 110.4 115.6 120.7
0 0 0 0 0 0 0 0 0 0 0 0 0 0 0 0 0 0 0 0 0 0 0 0 0 0 0 0 0 0 0 0 0 0 0 0 0 0 0 0 0.5 0.9 1.3 1.7 5.9 11.4 4.8 4.9 8.6 6.3 6.4 6.6 6.8 7.2 7.6 8.9 10.3 10.8 11.1 11.1 10.9 10.8 10.3 9.3 8.5 8.6 9.2 10 10.7 11.4 13.2 16.9 16.5 16.9 18.8 21.3 24.7 27.5 30.3 33.2 37.8 44.6 49.8 53.5 58.1 66 71.6 77.6 82.8 87.7 93.6 98.5 103.8 109.2 114.9 120.7
0 0 0 0 0 0 0 0 0 0 0 0 0 0 0 0 0 0 0 0 0 0 0 0 0 0 0 0 0 0 0 0 0 0 0 0 0 0 0 0 0.3 0.6 1 1.4 1.8 5.6 8.8 8.6 9 6.3 6.5 6.7 6.8 7 7.3 8 9.4 10.3 11.4 12.2 11.9 11.5 11.5 11.4 10.4 10.3 10.4 10.8 11.4 12.1 13.1 14.6 15.4 16.7 18.7 21 23.3 25.9 28.9 32 36.7 41 46.2 51.3 56.8 64.5 69.5 73.2 80.9 86.1 91.9 100.7 102.6 109.3 114.1 119.3
0 0 0 0 0 0 0 0 0 0 0 0 0 0 0 0 0 0 0 0 0 0 0 0 0 0 0 0 0 0 0 0 0 0 0 0 0 0 0 0 0 0.3 0.7 1.1 1.5 2.2 5.5 4.6 7.6 7.7 6.9 6.9 7.3 6.9 7.1 7.4 8.2 9.4 10.9 11.4 11.1 10.6 10.8 11.1 11.7 12.4 12.6 13.1 12.8 13.2 14 15.3 15.3 15.9 18 20.4 22.9 25 27.7 31.2 34.1 37.7 43.9 50.6 58.1 63.4 68.1 74.5 79.5 85.5 91 97 103.9 109.1 113.8 117.6
0 0 0 0 0 0 0 0 0 0 0 0 0 0 0 0 0 0 0 0 0 0 0 0 0 0 0 0 0 0 0 0 0 0 0 0 0 0 0 0 0 0 0.4 0.8 1.2 1.6 3.5 6.9 8 7.9 8.7 7.3 6.7 6.8 7 7.3 7.6 9.2 10 10.3 10.1 9.8 10.3 10.7 11.9 13 13.9 15.4 15.2 14.9 14.7 15.7 16.3 17.3 18.8 20.2 22.4 24.9 27.6 31.3 33.2 38.1 46.2 52.5 57.7 63.3 69.6 74.4 79.4 85.1 90.6 99 104.5 109 112.7 116.6
0 0 0 0 0 0 0 0 0 0 0 0 0 0 0 0 0 0 0 0 0 0 0 0 0 0 0 0 0 0 0 0 0 0 0 0 0 0 0 0 0 0 0 0.5 0.9 1.3 1.7 5.3 5.8 9.2 12.6 7.5 6.6 6.7 6.9 7.2 7.5 8.1 8.8 9.3 9.6 9.8 10 10.4 11.7 12.5 13.4 14.4 15.7 17.4 16.8 16.2 17.4 18.2 19 20.3 22.6 27.1 29.1 30.9 34.7 40.2 45.1 50.9 57.8 62.9 68.7 73.3 77.1 83.7 89.8 98.1 103.1 106.9 111.8 114.9
0 0 0 0 0 0 0 0 0 0 0 0 0 0 0 0 0 0 0 0 0 0 0 0 0 0 0 0 0 0 0 0 0 0 0 0 0 0 0 0 0 0 0 0 0.6 1 1.4 1.8 10 5.1 5.9 8.6 6.3 6.5 6.8 6.7 6.9 6.8 6.7 8.5 9.5 9.8 10.1 10.4 11.1 11.9 13 14.3 15.3 16.2 17 17.1 17.5 18.6 19.4 20.8 27 27.9 29.5 31.8 35.8 40.6 44.7 48.8 54.1 61.2 67.3 71.6 77.2 84.2 90.9 97.1 101.5 106 109.9 113
0 0 0 0 0 0 0 0 0 0 0 0 0 0 0 0 0 0 0 0 0 0 0 0 0 0 0 0 0 0 0 0 0 0 0 0 0 0 0 0 0 0 0 0 0.4 0.8 1.2 1.5 2.9 4.6 11.3 6.1 6.2 5.9 6.3 6.4 6.2 5.7 5.4 7.2 9 9.7 10 10.4 11 11.8 12.7 13.6 14.4 15.2 15.9 17 19.4 19.9 20.1 21.2 25.1 27.5 29.7 32.2 35.2 40.3 44.8 47.8 52.4 61.7 66.2 71.2 77.6 82.5 88.6 93.7 99 104 108.4 111.3
0 0 0 0 0 0 0 0 0 0 0 0 0 0 0 0 0 0 0 0 0 0 0 0 0 0 0 0 0 0 0 0 0 0 0 0 0 0 0 0 0 0 0 0 0 0.5 0.9 1.3 1.6 4.8 4 8.4 6.7 5.2 6.2 6.1 6.2 5.8 4.4 6.2 8 9.3 10.1 10.7 11.1 11.9 12.2 13.4 14.2 14.8 15.4 16.6 19 22.7 21.6 21.6 23.8 26.5 28.8 31.8 35.7 40.1 43.8 47.2 55.2 60.6 65.4 70.6 74.9 80.5 87.2 92.1 97.7 102.8 106.5 107.7
