app/static/ascii/SH53.asc
ncols 200
nrows 200
xllcorner 250000
yllcorner 330000
cellsize 50
[rows 126 to 167 of 200, columns 94 to 187 of 200]
0.6 0.6 0.6 0.6 0.6 0.6 0.6 0.6 0.6 0.6 0.6 0.6 0.6 0.6 0.6 0.8 0.9 1.1 1.2 1.4 1.5 1.7 2.5 13.1 4.8 6.7 6.4 9.6 9.2 6.1 5.8 5.7 4.7 4.6 4.8 4.3 3.8 4 4.2 4.1 4.4 4.8 4.5 4.5 4.6 4.5 4.5 4.5 5.7 3.5 4.3 4.5 4.7 4.9 5.1 5.3 5.7 6 8.8 11.1 13 14.5 15.7 15.7 13.2 7.7 7.5 7.4 7.3 7.3 7.3 7.1 7.1 7 7 6.9 7.1 7.1 6.8 6.5 5.6 4.7 4.1 3.4 3 3.1 2.9 2.7 2.5 2.6 2.7 2.8 2.9 2.9
0.6 0.6 0.6 0.6 0.6 0.6 0.6 0.6 0.6 0.6 0.6 0.6 0.6 0.6 0.6 0.6 0.9 1 1.2 1.3 1.5 1.6 1.8 6.6 6.5 5.2 5.3 7.4 9.6 8.2 5.4 9.1 6.6 4.4 5.5 4.4 4 4 4 4.1 4.6 4.9 5 4.2 4.6 4.5 4.5 4.6 3.7 4.5 4.7 4.7 4.8 5 5.1 5.3 5.4 5.6 5.5 5.6 10.2 12 13.6 14.1 11.2 7.4 7.2 7.1 7.4 7.5 7.4 7 6.9 6.9 6.8 6.8 6.9 6.9 6.8 6.3 5.4 4.4 3.7 3.3 3 2.9 2.8 2.7 2.5 2.6 2.7 2.8 2.8 2.5
0.6 0.6 0.6 0.6 0.6 0.6 0.6 0.6 0.6 0.6 0.6 0.6 0.6 0.6 0.6 0.6 0.8 0.9 1.1 1.2 1.4 1.5 1.7 2.9 10 4 6.1 5.1 9.5 9.7 10.9 5 6.7 5 4.1 4.5 4.1 4.1 4.1 4.4 4.6 4.7 4.9 4.1 4.5 4.6 4.7 4.5 3.8 4.6 4.6 4.8 5 5.4 5.3 5.2 5.3 5.3 5.6 5.5 5.5 5.9 9.8 12.2 9 7.6 7.4 7.5 7.7 7.6 7.5 7.4 7.2 6.9 6.7 6.7 6.7 6.7 6.5 6 5 4.2 3.7 3.3 2.9 2.8 2.7 2.6 2.6 2.5 2.6 2.7 2.8 2.4
0.6 0.6 0.6 0.6 0.6 0.6 0.6 0.6 0.6 0.6 0.6 0.6 0.6 0.6 0.6 0.6 0.6 0.9 1 1.2 1.3 1.5 1.6 1.8 6.8 5.9 6.1 5 10.4 11 14 10.1 4.7 6.2 5 4.8 4.2 4.1 4.2 4.5 4.6 4.7 6.8 4.1 4.7 4.8 4.7 6.4 3.9 4.4 4.7 4.9 5.1 5.5 5.6 5.4 6 5.9 5.9 5.9 6 6.1 6.5 6.9 7.7 7.5 7.5 7.6 7.5 7.3 7.2 7.1 6.9 6.8 6.6 6.5 6.8 6.7 6.4 5.8 5.1 4.3 3.7 3.3 2.9 2.8 2.8 2.7 2.5 2.6 2.7 2.8 2.9 3.3
0.6 0.6 0.6 0.6 0.6 0.6 0.6 0.6 0.6 0.6 0.6 0.6 0.6 0.6 0.6 0.6 0.6 0.8 1 1.1 1.3 1.4 1.6 1.7 3.3 7.5 5.7 5.5 7.4 10.8 13.1 14.8 9.6 8.2 4.3 4.2 4.2 4.2 4.4 4.6 4.6 4.8 5 3.8 4.2 4.7 4.8 4.3 4.1 4.4 4.6 4.9 5.2 5.3 5.4 5.4 5.7 5.7 5.9 6.1 6.2 6.2 6.3 7.2 7.3 7.5 7.4 7.3 7.1 7 6.9 6.7 6.6 6.6 6.6 6.5 6.8 6.6 6.2 5.8 5.2 4.4 3.7 3.3 3 2.8 2.8 2.7 2.6 3 2.9 3 3 2.9
0.6 0.6 0.6 0.6 0.6 0.6 0.6 0.6 0.6 0.6 0.6 0.6 0.6 0.6 0.6 0.6 0.6 0.7 0.9 1 1.2 1.3 1.5 1.6 1.8 8.9 5.7 6.4 7 12.5 10.8 6 4.9 7.5 5.9 4.7 4.2 4.3 4.6 4.5 4.7 4.8 4.9 4 4.1 4.5 4.8 3.1 4.3 4.4 4.5 4.8 5.1 5.3 5.3 5.4 5.6 5.8 6 6.2 6.3 6.4 6.4 6.5 6.9 7.3 7.6 7.2 7 6.8 6.7 6.6 6.5 6.5 6.5 6.6 6.7 6.5 6 5.6 5.1 4.4 3.8 3.3 3 2.7 2.8 2.7 2.9 3.3 3.7 3.1 3.5 2.6
0.6 0.6 0.6 0.6 0.6 0.6 0.6 0.6 0.6 0.6 0.6 0.6 0.6 0.6 0.6 0.6 0.6 0.6 0.8 1 1.1 1.3 1.4 1.6 1.7 4.8 6.5 7 4 7.2 14.6 14.1 6.6 10 4.7 4.1 5.1 4.7 4.6 4.5 4.6 4.7 4.7 4.3 4.1 4.4 4.6 4.2 4.3 4.4 4.4 4.6 4.8 5.8 5.6 5.5 5.7 5.9 6.2 6.4 6.5 6.5 6.5 6.5 6.7 6.8 7.1 7.1 6.9 6.7 6.6 6.8 6.6 6.4 6.4 6.5 6.6 6.3 5.9 5.5 5 4.5 3.8 3.3 3 2.7 2.7 2.7 3.1 3.3 3.5 3.4 2.6 1.9
0.6 0.6 0.6 0.6 0.6 0.6 0.6 0.6 0.6 0.6 0.6 0.6 0.6 0.6 0.6 0.6 0.6 0.6 0.8 0.9 1.1 1.2 1.4 1.5 1.7 2.1 8.7 6.5 4.7 4.7 13.1 12.9 5.5 10.5 6 7.9 6.2 4.5 4.5 4.8 4.9 4.8 4.5 4.3 4 4.3 4.5 4.7 4.1 4.5 4.6 4.5 4.9 6 5.7 5.6 5.8 5.9 6.4 6.5 6.5 6.5 6.5 6.5 6.5 6.6 6.7 6.7 6.7 6.5 6.7 6.8 6.8 6.6 6.1 6.5 6.4 6.1 5.8 5.3 4.9 4.5 3.9 3.9 3.4 2.9 2.7 2.8 3.4 3.3 3 2.9 2 2.1
0.6 0.6 0.6 0.6 0.6 0.6 0.6 0.6 0.6 0.6 0.6 0.6 0.6 0.6 0.6 0.6 0.6 0.6 0.6 0.8 1 1.2 1.3 1.4 1.6 1.7 4.2 6.2 7.3 4.3 10.1 20.3 4.9 7.1 6.8 16 8.4 4.6 4.8 5.1 7.3 5.9 4.9 5.9 4.2 4.5 4.6 5.2 4.1 4.6 4.7 4.7 5.3 5.7 5.8 5.7 5.8 6.1 6.6 6.6 6.6 6.6 6.5 6.5 6.4 6.4 6.5 6.5 6.5 6.5 6.5 6.6 6.7 6.8 6.4 6.3 6.3 5.9 5.6 5.2 4.8 4.4 3.5 3.8 3.5 3.1 2.9 3.1 3.5 2.7 2.6 2.4 2.1 2.2
0.6 0.6 0.6 0.6 0.6 0.6 0.6 0.6 0.6 0.6 0.6 0.6 0.6 0.6 0.6 0.6 0.6 0.6 0.6 0.8 0.9 1.1 1.2 1.4 1.5 1.7 2.2 9.8 6.2 5.6 7.1 11.9 13.5 12.4 19.3 10 8.3 6.2 5.1 7.7 10.9 9.8 6.2 5.2 4 4.6 4.7 6.4 4.1 4.6 4.7 4.8 5 5.2 5.5 5.7 5.9 6.9 6.7 6.6 6.6 6.5 6.5 6.5 6.4 6.4 6.4 6.5 6.4 6.4 6.4 6.5 6.5 6.6 6.6 6.4 6.1 5.8 5.6 5 4.7 4.3 3 3.5 3.4 3.4 3.1 3.6 3.6 3 2.8 2.4 2.3 2.4
0.6 0.6 0.6 0.6 0.6 0.6 0.6 0.6 0.6 0.6 0.6 0.6 0.6 0.6 0.6 0.6 0.6 0.6 0.6 0.6 0.9 1 1.1 1.3 1.4 1.6 1.7 4 8 5.3 4.8 10.5 15.1 15.1 4.4 3.9 8.4 7.3 9.5 6.1 5.3 10 6.5 5.3 4.2 4.3 4.5 5.2 5.1 4.5 4.7 4.8 5 5.2 5.4 5.6 5.8 6.5 6.5 6.6 6.6 6.5 6.5 6.4 6.4 6.4 6.4 6.4 6.3 6.3 6.4 6.4 6.4 6.5 6.5 6.4 6.6 6.1 5.5 5 4.7 4.4 4 3.7 3 3 3.2 3.3 3.3 2.8 2.2 2.3 2.3 2.4
0.6 0.6 0.6 0.6 0.6 0.6 0.6 0.6 0.6 0.6 0.6 0.6 0.6 0.6 0.6 0.6 0.6 0.6 0.6 0.6 0.8 0.9 1 1.2 1.3 1.5 1.7 2.5 11.5 6.2 4.3 7.5 13.2 3.9 5 5.4 11.1 12 8.8 4.7 4.9 11.5 9.5 5.3 4.9 4.3 4.9 4.4 3.9 4 4.5 4.8 5 5.2 5.3 5.5 5.6 6.1 6.3 6.5 6.6 6.5 6.5 6.4 6.4 6.4 6.3 6.3 6.2 6.2 6.3 6.3 6.4 6.4 6.3 6 6 5.8 5.4 5.1 4.4 4 3.7 3.3 3 2.6 3 3 2.7 2.2 2.2 2.2 2.3 2.4
0.6 0.6 0.6 0.6 0.6 0.6 0.6 0.6 0.6 0.6 0.6 0.6 0.6 0.6 0.6 0.6 0.6 0.6 0.6 0.6 0.6 0.8 1 1.1 1.3 1.4 1.6 1.8 3.6 9.1 4.6 6.5 4.4 4.7 11.4 6.2 9.5 5.3 4.5 4.8 4.8 9.8 13.4 6.6 5 4.3 4.7 4.4 4 4.3 4.6 4.7 4.9 5.1 5.2 5.4 5.5 5.9 6.1 6.4 6.4 6.5 6.4 6.4 6.3 6.3 6.2 6.2 6.1 6.1 6.2 6.2 6.3 6.2 6 6 5.9 5.8 5.4 5 4.5 3.9 3.5 3.2 2.9 2.8 2.5 2.9 2.3 2.1 2.1 2.2 2.3 2.4
0.6 0.6 0.6 0.6 0.6 0.6 0.6 0.6 0.6 0.6 0.6 0.6 0.6 0.6 0.6 0.6 0.6 0.6 0.6 0.6 0.6 0.6 0.9 1 1.2 1.4 1.5 1.7 2.5 11.5 7.1 4.3 8.8 14.6 10.8 8.8 4.3 5 4.6 4.9 5.5 6.3 12.8 15 7.9 6.3 4.6 5.1 4.5 4.3 4.5 4.7 4.9 5 5.2 5.3 5.5 5.8 6.1 6.2 6 6.1 6.2 6.3 6.3 6.2 6.2 6.1 6.1 6.1 6.1 6.2 6.1 5.9 5.9 5.9 5.9 5.8 5.4 5 4.5 4.2 3.8 3.3 2.9 3.1 3.5 3.6 2.1 2.2 2.1 2.3 2.4 2.5
0.6 0.6 0.6 0.6 0.6 0.6 0.6 0.6 0.6 0.6 0.6 0.6 0.6 0.6 0.6 0.6 0.6 0.6 0.6 0.6 0.6 0.6 0.8 1 1.1 1.3 1.4 1.6 1.8 3.7 8.5 4 6.8 5 5.2 11.7 4.7 4.5 5 4.8 5.6 4.8 5.4 11.6 14.5 5.3 4 3.9 7 4.3 4.5 4.7 4.8 5 5.1 5.3 5.3 5.5 5.8 6.2 5.8 5.9 6.1 6.2 6.2 6.1 6.1 6 6 6 6 5.9 5.9 5.9 5.9 5.9 5.8 5.7 5.4 5 4.4 4.2 4.3 3.6 2.8 3.6 3.4 2.9 2.2 2.3 2.2 2.2 2.6 2.7
0.6 0.6 0.6 0.6 0.6 0.6 0.6 0.6 0.6 0.6 0.6 0.6 0.6 0.6 0.6 0.6 0.6 0.6 0.6 0.6 0.6 0.6 0.6 0.9 1 1.2 1.4 1.5 1.7 2.5 10.1 7.8 4.1 8.4 13.9 10.6 8.2 4.3 5.3 5.3 4.6 5.1 4.9 5.3 13.1 11.8 5.5 3.9 6.1 4.2 4.5 4.6 4.8 5 5 5 5.1 5.3 5.4 6.3 5.8 5.8 6 6.1 6.2 6.2 6 5.9 5.9 5.9 5.8 5.8 5.8 5.8 5.8 5.8 5.7 5.6 5.3 4.9 4.8 4.4 4.5 3.6 2.6 3.5 3.3 2.4 2.4 2.3 2.2 2.1 2.4 2.8
0.6 0.6 0.6 0.6 0.6 0.6 0.6 0.6 0.6 0.6 0.6 0.6 0.6 0.6 0.6 0.6 0.6 0.6 0.6 0.6 0.6 0.6 0.6 0.8 1 1.1 1.3 1.4 1.6 1.8 3.6 8.7 4.3 6.6 15.1 4.8 5.4 4.5 4.7 4.7 4.4 4.5 5.6 4.8 9.7 15 7 4.5 4.3 4.3 4.5 4.7 4.7 4.7 4.7 4.8 4.9 5 5.7 6 5.8 5.7 5.8 5.9 6.1 6.2 6.2 5.9 5.8 5.8 5.8 5.8 5.7 5.7 5.7 5.7 5.7 5.5 5.2 4.8 4.8 4.5 4.2 3.8 3.1 3.3 2.3 2.7 2.4 2.4 2.3 2.1 2.3 2.6
0.6 0.6 0.6 0.6 0.6 0.6 0.6 0.6 0.6 0.6 0.6 0.6 0.6 0.6 0.6 0.6 0.6 0.6 0.6 0.6 0.6 0.6 0.6 0.6 0.9 1 1.2 1.4 1.5 1.7 2.3 10.9 7 4.2 6.7 5.2 9 4.4 4.2 5.4 7 4.5 5.4 5.5 5.3 9.5 10.8 4.9 4 5.3 3.9 4.1 4.6 4.5 4.5 4.6 4.6 5.1 5.5 5.7 5.6 5.5 5.7 5.8 5.9 6 6.2 6.1 5.8 5.8 5.6 5.7 5.7 5.7 5.7 5.6 5.7 5.4 5.1 4.7 4.1 4.1 3.9 3.6 3.6 1.9 2.4 2.3 2.5 2.4 2.3 2.2 2.1 2.4
0.6 0.6 0.6 0.6 0.6 0.6 0.6 0.6 0.6 0.6 0.6 0.6 0.6 0.6 0.6 0.6 0.6 0.6 0.6 0.6 0.6 0.6 0.6 0.6 0.8 0.9 1.1 1.3 1.4 1.6 1.8 3.1 11 4.3 5.6 12.3 8.4 6.4 4.5 4.8 5.1 4.2 4.5 5.7 4.7 8.7 11.6 8.1 4.3 4 4.2 5 4.5 4.3 4.1 4.1 4.6 5 5.3 5.5 5.4 5.4 5.6 5.7 5.9 6 6.1 6.2 5.8 5.8 5.9 5.8 5.4 5.4 4.8 5.1 5.5 4.9 4.8 4.7 4.3 4 3.6 3.3 3.5 2.6 2.6 2.5 2.4 2.4 2.2 2.1 2.2 2.5
0.6 0.6 0.6 0.6 0.6 0.6 0.6 0.6 0.6 0.6 0.6 0.6 0.6 0.6 0.6 0.6 0.6 0.6 0.6 0.6 0.6 0.6 0.6 0.6 0.6 0.9 1 1.2 1.4 1.5 1.7 2.4 8.1 8.4 4.3 6.6 4.6 12.6 4.6 4.6 4.6 4.7 5.4 4.6 4 8.2 8.6 8.3 4.7 3.6 4.3 4.4 4.3 5.3 7 4.4 4.6 5.1 5.5 5.8 5.3 5.3 5.4 5.6 5.7 5.9 6 6.1 5.7 5.6 5.8 6 6 5.5 5.4 5.3 5.2 5 4.8 3.9 3.8 4.1 3.7 3.5 2.2 2.5 2.5 2.5 2.4 2.2 2.1 2.3 2.4 2.5
0.6 0.6 0.6 0.6 0.6 0.6 0.6 0.6 0.6 0.6 0.6 0.6 0.6 0.6 0.6 0.6 0.6 0.6 0.6 0.6 0.6 0.6 0.6 0.6 0.6 0.8 0.9 1.1 1.3 1.4 1.6 1.8 2.8 11.4 5.5 5.1 8.5 8.5 4.2 4.2 5.5 5 5.7 5.1 4.9 6 6.7 8.8 6.6 3.7 4.3 4.3 4.3 4.2 4.7 4.6 5.4 5.2 5.5 5.7 5.1 5.2 5.3 5.5 5.6 5.6 5.7 5.8 5.5 5.4 5.4 5.5 5.7 5.7 5.5 5.5 5.4 5.2 4.9 5 4.5 4.2 4 3.7 2.3 2.4 2.4 2.4 2.2 2.1 2.1 2.3 2.4 2.5
0.6 0.6 0.6 0.6 0.6 0.6 0.6 0.6 0.6 0.6 0.6 0.6 0.6 0.6 0.6 0.6 0.6 0.6 0.6 0.6 0.6 0.6 0.6 0.6 0.6 0.6 0.8 1 1.2 1.3 1.5 1.7 2.3 6.6 6.8 4.3 7.7 6.5 7.4 4.9 4.5 5.2 4.2 6.6 4.6 5 6 11.3 4.6 4.2 3.9 4.2 4.3 4.5 4.8 4.9 5 4.9 5 5.1 5.1 5 5.1 5.2 5.3 5.4 5.4 5.5 5.4 5.3 5.2 5.1 5.2 5.5 5.5 5.4 5.3 5.1 4.7 4.3 4.2 4.1 3.8 2.5 2.5 2.3 2.3 2.2 2 2.1 2.1 2.2 2.4 2.5
0.6 0.6 0.6 0.6 0.6 0.6 0.6 0.6 0.6 0.6 0.6 0.6 0.6 0.6 0.6 0.6 0.6 0.6 0.6 0.6 0.6 0.6 0.6 0.6 0.6 0.6 0.7 0.9 1.1 1.2 1.4 1.6 1.8 3 13.4 6.8 6 5.3 12.6 5.2 6.2 4.7 4.6 5.4 4.5 4.6 7.4 11.9 7.6 5.6 4.4 4.5 4.4 4.6 5.2 5.3 4.9 4.7 4.8 4.9 4.9 5 5 5.1 5.2 5.3 5.3 5.3 5.3 5.2 5.1 5 5.1 5.4 5.4 5.3 5.1 5 4.2 4.2 4.1 4.1 3.7 2.8 2.3 2 2.1 2 2 2.1 2.1 2.2 2.4 2.5
0.6 0.6 0.6 0.6 0.6 0.6 0.6 0.6 0.6 0.6 0.6 0.6 0.6 0.6 0.6 0.6 0.6 0.6 0.6 0.6 0.6 0.6 0.6 0.6 0.6 0.6 0.6 0.8 1 1.2 1.3 1.5 1.7 2.1 4.6 6.3 5.2 5.4 12.7 5.3 5.5 4.4 4.4 4.4 5.6 4.4 3.9 10 9.4 4.3 4.5 4.5 4.5 4.5 5.1 5.3 4.8 4.6 4.6 4.7 4.8 5 4.9 5 5.1 5.1 5.2 5.2 5.2 5 5 5.1 5.3 5.3 5.2 5.1 5 4.8 4.2 4.1 4 4 3.3 2.6 2.1 2.1 2.4 2.4 2.4 2.2 2.2 2.2 2.4 2.7
0.6 0.6 0.6 0.6 0.6 0.6 0.6 0.6 0.6 0.6 0.6 0.6 0.6 0.6 0.6 0.6 0.6 0.6 0.6 0.6 0.6 0.6 0.6 0.6 0.6 0.6 0.6 0.6 0.9 1 1.2 1.4 1.6 1.8 2.8 12.5 7.9 5.6 15.4 5.8 6 4.4 4.3 5 4.8 4.7 4.6 6.9 4.8 5.4 4.6 5.1 4.7 4.7 4.6 5.1 5.2 4.5 4.4 4.6 4.8 4.9 4.8 4.9 5 5 5.1 5 5 5 5.1 5.2 5.2 5.2 5.2 5.2 4.9 4.7 4.1 4 4 3.9 2.5 2.4 2.1 2.2 1.4 2.2 2.2 2.2 2.2 2.3 2.6 3
0.6 0.6 0.6 0.6 0.6 0.6 0.6 0.6 0.6 0.6 0.6 0.6 0.6 0.6 0.6 0.6 0.6 0.6 0.6 0.6 0.6 0.6 0.6 0.6 0.6 0.6 0.6 0.6 0.8 0.9 1.1 1.3 1.5 1.7 2.1 4.2 6.4 5.8 9.6 19.1 6.1 4.6 4.1 5.8 4.8 4.9 4.9 4.6 4.4 8.9 5.4 4.2 4.6 4.4 4.2 4.8 5.4 4.7 4.6 4.5 4.8 4.9 4.7 4.8 4.9 4.9 4.9 4.9 4.9 4.9 5 5.1 5.1 5.1 5.1 5 5.1 4 4.4 3.9 3.9 3.6 2.5 2.3 2 2.2 2.2 2.2 2.1 2.2 2.3 2.3 2.6 2.9
0.6 0.6 0.6 0.6 0.6 0.6 0.6 0.6 0.6 0.6 0.6 0.6 0.6 0.6 0.6 0.6 0.6 0.6 0.6 0.6 0.6 0.6 0.6 0.6 0.6 0.6 0.6 0.6 0.6 0.8 1 1.2 1.4 1.6 1.7 2.6 13.1 8.4 5.8 5.1 13.4 4.1 5.1 4.3 4.3 4.2 5.5 5.3 4.9 5 5.4 5.3 5.4 4.8 4.4 4.8 4.9 4.9 4.8 4.6 4.9 4.7 4.7 4.7 4.8 4.8 4.8 4.9 4.7 4.6 4.9 5 5 5 4.9 4.9 4.9 4.6 4.7 4.4 3.8 3.2 2.5 2.3 2.1 2.1 2.1 2.1 2.2 2.3 2.3 2.4 2.5 3
0.6 0.6 0.6 0.6 0.6 0.6 0.6 0.6 0.6 0.6 0.6 0.6 0.6 0.6 0.6 0.6 0.6 0.6 0.6 0.6 0.6 0.6 0.6 0.6 0.6 0.6 0.6 0.6 0.6 0.6 0.9 1.1 1.3 1.5 1.6 2 3.2 10.4 6.3 7.3 12.8 6.1 3.8 4.8 4.6 4.1 4.4 4.4 12.7 7.6 6 5.4 5.4 5.1 4.7 4.5 4.7 4.9 4.6 4.7 4.9 4.5 4.1 4.5 4.6 4.7 4.8 4.8 4.6 4.5 4.3 4.8 4.9 4.9 4.8 4.7 4.6 4.7 4.4 4.1 3.7 2.8 2.5 2.3 2.1 1.9 2.1 2.1 2.2 2.3 2.4 2.5 2.6 3
0.6 0.6 0.6 0.6 0.6 0.6 0.6 0.6 0.6 0.6 0.6 0.6 0.6 0.6 0.6 0.6 0.6 0.6 0.6 0.6 0.6 0.6 0.6 0.6 0.6 0.6 0.6 0.6 0.6 0.6 0.8 1 1.2 1.3 1.5 1.7 2.4 11.1 6.1 6.1 18 6.2 4.3 5.8 3.9 5.3 4.2 4.3 7.3 11.1 5.3 5.4 5.4 5.2 4.9 4.6 4.5 4.6 4.6 4.8 4.7 4.3 4.3 4.2 4.3 4.3 5.2 4.2 4.8 4.6 4.5 4.7 5 4.7 4.6 4.5 4.3 4.6 4.3 3.9 3.5 2.6 2.4 2.2 2 2.5 2.2 2.1 2.1 2.2 2.3 2.4 2.6 2.8
0.6 0.6 0.6 0.6 0.6 0.6 0.6 0.6 0.6 0.6 0.6 0.6 0.6 0.6 0.6 0.6 0.6 0.6 0.6 0.6 0.6 0.6 0.6 0.6 0.6 0.6 0.6 0.6 0.6 0.6 0.6 0.9 1.1 1.2 1.4 1.6 1.9 3.4 11.2 6.1 10.7 12.1 10.5 5.3 5.5 4.2 4.2 4.3 4.4 6.5 4.8 4.7 4.9 5.5 5.2 4.9 4.5 4.6 5.1 5.3 4.7 4.4 4.5 4.3 4.2 5 4.5 4.5 4.9 4.8 4.8 5 4.9 4.8 4.5 4.5 5.4 4.6 4.2 4 3.3 2.5 2.3 2.1 2 2 2.3 2.3 2.1 2.1 2.2 2.4 2.7 2.6
0.6 0.6 0.6 0.6 0.6 0.6 0.6 0.6 0.6 0.6 0.6 0.6 0.6 0.6 0.6 0.6 0.6 0.6 0.6 0.6 0.6 0.6 0.6 0.6 0.6 0.6 0.6 0.6 0.6 0.6 0.6 0.6 1 1.1 1.3 1.5 1.7 2.5 8.5 5.9 7.4 12 5.2 4.8 5.1 3.9 4.6 4.3 4.9 6 5.1 4.7 4.7 4.7 4.8 4.9 4.8 4.8 5.1 5.3 5.1 4.7 4.6 5.3 4.7 5.3 5.6 4.9 5 5 5.1 5 4.8 4.6 4.5 4.4 4.6 4.7 4.3 3.9 3 2.4 2.2 2.1 2.2 2 2.4 2.4 2.3 2.2 2.2 2.4 2.7 3.2
0.6 0.6 0.6 0.6 0.6 0.6 0.6 0.6 0.6 0.6 0.6 0.6 0.6 0.6 0.6 0.6 0.6 0.6 0.6 0.6 0.6 0.6 0.6 0.6 0.6 0.6 0.6 0.6 0.6 0.6 0.6 0.6 0.8 1 1.2 1.4 1.6 1.8 3 12.7 9.7 3.9 10.4 7.9 5 3.9 4 4.6 5.9 4.8 4.8 4.8 4.7 4.6 4.9 5.1 5.1 5.1 5.2 5.3 5.3 5.1 4.8 6 5.1 5.4 5.6 5.7 5.4 5.4 5.3 4.8 4.6 4.4 4.2 4.2 4.7 4.5 4.3 3.7 2.3 2.2 2 2.1 1.8 1.9 2.3 2.5 2.3 2.3 2.4 2.6 2.6 4.6
0.6 0.6 0.6 0.6 0.6 0.6 0.6 0.6 0.6 0.6 0.6 0.6 0.6 0.6 0.6 0.6 0.6 0.6 0.6 0.6 0.6 0.6 0.6 0.6 0.6 0.6 0.6 0.6 0.6 0.6 0.6 0.6 0.6 0.9 1.1 1.3 1.5 1.7 2.1 6.6 7.1 5.9 13.2 8 6.7 5.5 5.2 4.8 4.8 4.7 4.7 4.6 4.8 4.5 4.8 4.4 5.2 4.8 5 5.2 5.3 5.3 5.7 5.5 5.2 5.3 5.4 5.6 5.4 5.7 5 4.9 5.1 4.7 4.5 4.6 4.5 3.8 3.7 2.6 2.3 2.1 1.9 2 2 2 2.2 2.3 2.5 2.5 2.7 2.8 11 27
0.6 0.6 0.6 0.6 0.6 0.6 0.6 0.6 0.6 0.6 0.6 0.6 0.6 0.6 0.6 0.6 0.6 0.6 0.6 0.6 0.6 0.6 0.6 0.6 0.6 0.6 0.6 0.6 0.6 0.6 0.6 0.6 0.6 0.8 1 1.2 1.4 1.6 1.8 2.7 13.5 9.3 10.4 12.6 9.1 5.5 4 5.8 4.4 4.5 4.6 4.6 4.7 5.2 4.1 4.7 5.9 5 5 5.2 5.2 5.2 5.5 5.6 5.5 5.3 5.4 5.5 5.6 5.6 5.1 5.5 5.4 5 4.7 4.8 4.4 3.9 3.1 2.5 2.3 2.1 2 2 2 2.1 2.1 2.5 2.7 2.8 3 3 25.8 42.8
0.6 0.6 0.6 0.6 0.6 0.6 0.6 0.6 0.6 0.6 0.6 0.6 0.6 0.6 0.6 0.6 0.6 0.6 0.6 0.6 0.6 0.6 0.6 0.6 0.6 0.6 0.6 0.6 0.6 0.6 0.6 0.6 0.6 0.6 0.9 1.1 1.3 1.5 1.7 2.2 5.6 7.9 6.2 11.2 13.6 6.1 5.7 4.6 4.1 4.1 4.6 4.6 4.7 4.7 4.6 4.8 4.9 5.3 5.5 5 4.9 5.2 5.5 5.6 5.6 5.5 5.4 5.5 5.6 5.6 5 5.3 5.2 5 4.8 4.2 4.1 3.8 2.6 2.4 2.2 2 2.1 2.2 2.2 2.2 2.4 2.8 2.6 3.4 3.5 19.3 42.3 62.4
0.6 0.6 0.6 0.6 0.6 0.6 0.6 0.6 0.6 0.6 0.6 0.6 0.6 0.6 0.6 0.6 0.6 0.6 0.6 0.6 0.6 0.6 0.6 0.6 0.6 0.6 0.6 0.6 0.6 0.6 0.6 0.6 0.6 0.6 0.8 0.9 1.1 1.4 1.6 1.8 2.9 13.3 9.2 7.6 11.4 7 6.4 4.7 4.3 4.2 4.6 4.6 4.8 4.7 4.7 4.9 5.1 5.7 5.6 4.9 5 5.3 5.5 5.6 5.6 5.6 5.6 5.5 5.6 5.6 5.1 5.6 5.3 5.2 4.7 4.2 3.8 3.6 2.8 2.4 2.1 2.6 1.7 2 2.8 2.3 2.9 2.8 2.7 5.5 25.6 41.7 66.7 83.5
0.6 0.6 0.6 0.6 0.6 0.6 0.6 0.6 0.6 0.6 0.6 0.6 0.6 0.6 0.6 0.6 0.6 0.6 0.6 0.6 0.6 0.6 0.6 0.6 0.6 0.6 0.6 0.6 0.6 0.6 0.6 0.6 0.6 0.6 0.6 0.8 1 1.2 1.4 1.7 2.2 4.8 10 6.6 11 17.4 8 4.8 4.1 4.2 5 4.2 4.8 4.7 5 5.5 5.2 5.1 4.9 4.8 5.1 5.3 5.5 5.6 5.6 5.6 5.6 5.6 5.6 5.6 5.3 5.5 5.1 5.5 4.9 4.3 4 3.2 2.7 2.7 2.5 1.7 2.1 2.2 2.7 2.6 2.9 2.5 8.5 26.8 45.3 71 96.5 108.1
0.6 0.6 0.6 0.6 0.6 0.6 0.6 0.6 0.6 0.6 0.6 0.6 0.6 0.6 0.6 0.6 0.6 0.6 0.6 0.6 0.6 0.6 0.6 0.6 0.6 0.6 0.6 0.6 0.6 0.6 0.6 0.6 0.6 0.6 0.6 0.6 0.9 1.1 1.3 1.5 1.8 2.7 13 11.1 3.9 19.4 9.5 4.8 5.1 4.7 4.3 5.4 4.7 4.8 5.1 5.3 5.1 5.2 5 5 5.1 5.4 5.5 5.5 5.6 5.6 5.6 5.6 5.6 5.6 5.4 5.4 5.9 5.6 5.2 4.6 3.7 2.4 2.5 2.5 2.6 2.2 2.5 3.5 2.7 2.7 2.3 8.4 29.5 48.6 74.1 96.1 112.2 126.7
0.6 0.6 0.6 0.6 0.6 0.6 0.6 0.6 0.6 0.6 0.6 0.6 0.6 0.6 0.6 0.6 0.6 0.6 0.6 0.6 0.6 0.6 0.6 0.6 0.6 0.6 0.6 0.6 0.6 0.6 0.6 0.6 0.6 0.6 0.6 0.6 0.6 1 1.2 1.4 1.6 2.1 4.3 13.3 8.3 15.2 20.8 13.2 4.9 4.6 4.5 4.3 4.7 4.8 4.9 5.1 5.2 5.1 5 5.1 5.2 5.4 5.5 5.5 5.5 5.6 5.6 5.6 5.7 5.6 5.4 5.9 5.5 5.3 5 4.7 2.8 3 2.5 2.5 2.4 2.1 2.9 3.5 2.7 2.1 10.1 33.5 53 73.5 99 117.1 128.7 137.8
0.6 0.6 0.6 0.6 0.6 0.6 0.6 0.6 0.6 0.6 0.6 0.6 0.6 0.6 0.6 0.6 0.6 0.6 0.6 0.6 0.6 0.6 0.6 0.6 0.6 0.6 0.6 0.6 0.6 0.6 0.6 0.6 0.6 0.6 0.6 0.6 0.6 0.8 1.1 1.3 1.5 1.8 3.1 11.8 8 17.7 11.4 13.6 9.7 5.9 6.3 4.8 4.8 4.9 5 5.1 5.2 5.2 5.2 5.3 5.4 5.5 5.5 5.6 5.6 5.6 5.7 5.7 5.5 5.5 5.7 5.7 5.5 5.3 3.7 3 3.1 2.8 2.4 3 2.6 2.6 3.5 3.5 3.6 15.2 37.4 58 79.8 100.6 123.9 135.4 145.7 150.3
0.6 0.6 0.6 0.6 0.6 0.6 0.6 0.6 0.6 0.6 0.6 0.6 0.6 0.6 0.6 0.6 0.6 0.6 0.6 0.6 0.6 0.6 0.6 0.6 0.6 0.6 0.6 0.6 0.6 0.6 0.6 0.6 0.6 0.6 0.6 0.6 0.6 0.6 0.9 1.2 1.4 1.6 2 4.4 11.2 8.6 8.8 10.3 13.4 8.2 5.9 5.4 5 5 5.1 5.2 5.5 5.3 5.3 5.4 5.5 5.5 5.6 5.6 5.7 5.7 5.6 5.6 5.5 5.7 5.8 5.7 5.6 4.9 4.3 3.4 3.1 2.8 3.2 2.8 2.8 3.2 18 14.2 28.4 40.7 60.7 87.4 109.1 125.4 139.8 148.6 157.6 162.3
0.6 0.6 0.6 0.6 0.6 0.6 0.6 0.6 0.6 0.6 0.6 0.6 0.6 0.6 0.6 0.6 0.6 0.6 0.6 0.6 0.6 0.6 0.6 0.6 0.6 0.6 0.6 0.6 0.6 0.6 0.6 0.6 0.6 0.6 0.6 0.6 0.6 0.6 0.6 1 1.3 1.5 1.7 3.2 11.1 12.9 9.6 9.8 6 8.9 6.7 5.6 5.2 5.1 5.2 5.3 5.6 5.7 5.4 5.5 5.5 5.5 5.6 5.5 5.8 5.7 5.7 5.6 5.6 5.8 5.4 5.6 5.5 4.5 3.9 3.1 3 2.8 3.2 2.9 3.2 6.1 20.6 35.4 51.8 60.9 82 107.6 130.2 143.1 153.6 163.1 168.6 171.2
