app/static/ascii/SH54.asc
ncols 200
nrows 200
xllcorner 250000
yllcorner 340000
cellsize 50
[rows 35 to 69 of 200, columns 79 to 157 of 200]
211.2 216.7 227.4 238.7 250.2 259.1 265.7 274.4 275.8 287.1 293.5 309.2 319.3 334.4 358.7 367.6 395.4 420.4 442.9 461.7 476.9 494.7 517 533.7 541.1 551.6 560.2 570.3 576.4 579.6 564.4 547.1 517.2 487.7 467.7 447.5 431.5 415.1 400.9 389.5 380.5 370.9 365.2 360.8 357.4 356.4 354.6 352.3 353.7 355.9 356.8 356.9 363.2 369.7 362.9 369.5 389.1 399.4 395.8 393.7 388.5 376.3 342 319.8 290.6 268 252.5 238.1 226.6 215.6 205 198.6 192.7 180.6 171.6 162.8 151 134 123.9
213 221.3 233.8 246 256.1 261.6 269.1 274.4 275.3 286.1 290.5 304.5 319.6 342.9 358.9 378.2 396.8 431.5 444.2 456.2 474.9 491.2 513.2 528.5 538.5 543.4 554.6 562.3 568.8 579.1 569.9 551.2 527.6 500.1 478.8 461.8 441.8 421 404.5 393.3 384.1 373.6 367.2 364.4 361.7 360.5 358.7 358.3 360.3 361.1 361.4 363.9 385 381.6 382.4 396.5 410.2 426.2 410.6 405.3 396 366.7 347.2 321.4 295.1 279.9 260.7 244.6 233.6 223.5 222.5 211.2 200.6 187.4 175.8 164.6 147.1 135.4 121.7
218.9 227.6 238.8 252.6 261.6 265.9 268.9 272.4 278.3 286.4 299.3 312.4 328.2 352.9 362.6 372.3 392.5 422.6 440.9 453.2 468.6 486.3 504.1 517 531.2 540.1 544.4 554.5 563.3 575.6 571.8 560.4 545.7 524 497 479.8 460.9 442.1 424.2 405.6 391.8 380.5 372.8 368.9 367.6 366 364.5 365.5 367 367.2 369.4 377.1 390.6 401.6 413.5 430.7 430.4 432 423.4 412.6 385.6 362.6 338.9 325.8 307.7 287.6 263.7 250.2 239.6 237.2 228.8 218.8 208.2 189.9 181 163.3 147.8 130.8 118.7
227.1 234.4 248.2 262.9 267 270.3 269.9 272.2 277.5 287.7 305.8 317.4 335.2 354.7 361.9 370.9 401 414.3 432.9 446.1 462.1 478.1 494.6 505.5 515.1 526.6 537.2 553.8 563.6 578 575.9 568.5 558.7 551.7 532 520.9 503.8 487.3 462.2 425.2 401.1 391.9 381.3 375.1 372.9 371.9 371.9 373.1 374.1 375.9 380.2 391.4 402.6 427.4 440.3 447.7 442.7 441.5 434.4 408.1 378 348.4 330 325.5 313.7 296.7 272.4 257.7 251.5 247.3 238.5 227.2 205.9 192 184 161.1 148.7 128.4 117.4
232 240.6 256 265.1 268.9 269.9 270.5 273.8 282 287.4 300.6 314.6 345.7 354.2 360.6 372 391.1 406 426.3 444.7 453.5 464.9 479.5 494.2 503.4 516 532.8 551.2 565.6 580.9 583.8 580.1 577.5 574.8 568.5 567.6 548.1 521.9 497.7 446.1 417.4 400.4 392.4 384.7 380.4 377.8 379.7 381.4 384.6 388.9 392.9 401.7 427.1 445.4 452.3 458.1 456.4 445.9 423.1 389.2 366.1 344.1 329.7 322.7 314.8 301.9 282.3 272.8 269 259.2 239.8 219.8 204.3 190.7 173.4 158.9 143.3 127.5 117.3
235.8 245.3 256.9 260.3 264.4 269.6 272.9 277.1 278.9 290 303.6 321.8 346.7 353 365.7 374.8 393.4 403.5 418.4 434.8 445.9 454.7 468.1 481.6 490.3 508.6 522.7 545 561.8 578.6 589.3 592.6 593.8 596.8 598.1 594.9 574.5 546.1 503.6 475.6 434.3 411.1 401.8 393 385.9 385.1 388.8 391.8 395.7 400.5 403 412.7 434.3 455.5 467 468.5 459.3 435.7 403 379.4 364 348.2 334.9 328.5 322.3 306.7 294.1 288 279.6 267.5 247.4 224.9 213.8 191.4 171.6 154.9 138.9 126.6 118.1
235.8 245.5 253.5 258.5 267.7 273.3 276.4 273.6 272 290.2 304.4 328 347.7 352 363.9 375.1 385.9 395 406.8 426.8 436.7 446.1 458.7 471.6 484.6 499 515.6 539.9 562.2 577.3 596 609.9 613.6 614.2 616.1 612.5 595.3 563.9 544.3 494.2 454.7 425.5 412.5 402.2 397.3 394 396.8 400.7 405.6 410.6 414.2 424.1 443 470.7 473.5 474.6 446 413.1 385.2 364.3 348.7 339.8 331.2 333 331.7 321.8 311.2 304.3 296.1 283.4 260.4 238.5 215 190.4 171.5 153.2 138.3 126.9 121.1
233.6 245.3 251.9 259.6 267.2 271.6 273.6 265.3 269.2 287.2 310.1 334.9 344.2 350 360 375.9 381.3 385 399.8 418.3 427 441.9 453 467.1 482.1 493.6 510.1 533.8 557.9 574.9 604.1 621.5 634.5 641.8 638.8 627.8 612.3 591.3 573.5 547.3 474.6 445.6 432.1 424.8 407.9 404.4 408.7 412.4 416.4 421 428.2 433.7 454.1 477.2 483.1 468.7 431.4 404.1 378.2 358.1 347.8 341.2 337.2 343 343.3 332 327.6 320.4 313.1 298.9 279.9 246.6 217.7 193.4 170.9 155.4 139.6 129.8 123.5
230.7 243.3 250.3 255.2 259.6 259 259.4 260.3 269 283.6 311 335.8 340.2 348.3 357.4 368.3 372.6 384.2 402.5 417.4 429 443.8 455.7 467.9 482.1 491.5 506.8 527.4 551.4 572.9 594.4 615 634 647.4 648.1 641.2 624.4 605 584.7 565.6 541.8 475.2 452.8 444.8 425.8 420.6 422 425.8 429.5 434.9 441.8 447.9 467.8 494.9 487.2 456.1 425.4 395.3 385 366.6 357.6 347.8 347.5 352.7 357.6 346.2 338.9 333.4 326.1 305.8 270.5 245.2 223.4 197.9 177.1 158.3 144.4 131.4 122
229.8 243.7 247.2 248.5 244.9 246.2 253.2 258.7 265.9 281.8 306.1 329.8 333.6 343.6 352.1 362.4 371.6 383.6 403.6 419.4 431.5 445.3 456.4 469.4 482.9 487.4 504 526.4 543.8 567.9 583.2 597.7 617.3 627.4 637.5 637.5 631.4 613.1 591.9 570.3 545.5 495.5 470.2 453.2 439.5 434.6 437.9 439.8 440 450.2 458.4 473.3 485.5 512.8 485.2 457.1 424.5 406.9 396.3 382.4 369.4 361.8 364.4 366.6 370.8 361.1 357.9 345.3 335.4 311.4 279.7 250.6 226.7 204.3 184.7 162.8 146.9 134 122.9
220.5 234.7 233.5 235.6 232.5 238.3 247.8 254 267.6 284.2 299.2 312.4 327.4 340.3 351.2 363.1 369.8 384.8 404.7 419.6 432.9 447 458.2 468.6 482.6 487.8 503.6 526.8 545.1 558.4 565.4 580.5 594.2 604.5 610.1 619.9 625.2 610.6 591.3 572.7 553.9 519.7 492.3 475.3 464.8 453.5 453 452.9 451.7 458.7 479.5 499.1 516.1 513.5 477.1 448.8 422.3 411 405.9 398.7 391.6 392 390.2 387.5 387.5 382.1 375.3 357.5 341.6 313.9 287.2 256.3 230.8 206.2 188.5 169 150.1 135.9 125.6
207.4 222.3 227.2 226.4 225.5 233.3 241 251.1 264.9 283.5 303.3 317.5 328.7 339.6 353.1 364.5 376.2 388.2 406.3 420.7 436.6 450.2 461.6 468.9 479.9 488.4 499.2 525.4 544.3 548.2 552.3 559.9 576.7 579.8 585.7 580.7 585.5 590.2 582.4 563.5 559.5 530.9 509 491.8 478 469.8 468.5 467.8 468 476.3 501.9 534.4 541.3 500.9 474.2 453.1 426.2 418.6 419.1 421.1 414.8 411.9 404.9 401.9 405.8 400.3 383.9 363.8 335.6 312.9 290.9 259.7 235 212.1 191.6 172.8 158 144.5 131.8
198.2 211.4 217 217 220.4 234.6 241.7 253.1 267.7 289.4 305.8 317.8 329.6 341.4 352.8 367.2 381.8 393.6 407.1 424.1 440.9 451.8 461.8 466.5 476.3 484.1 492.2 509.2 530 533.4 530.1 530.4 547.9 565.2 564.1 569 569 571.6 567.3 560.4 564.1 541.5 522.9 508.5 498.1 485.6 481.3 484.1 497.5 502.2 526 549.2 556.9 520.2 487.1 464 433.9 426.4 429.9 432.4 426.2 431.6 422.3 420.7 419.9 401.4 378.6 355.9 328.8 306.8 288.9 263.4 244.5 220.8 202.4 184.3 167.8 154 139.9
191.8 199.8 206.4 212.7 222.1 237.9 246.1 255.7 273.1 290.6 307.1 317.7 329 339.8 352.8 370 383.4 394.5 406.6 428.4 445.1 453.8 458.4 462 469 476 483 491 505 504 503.1 512.2 516.2 534.4 549.6 557.2 557.4 563 560 560.7 571.3 548.9 534.7 525.2 530.6 512.9 508.2 505.7 518 529.1 553.5 566.9 573.1 552.8 498.1 481.4 455.4 439 436 441.5 437.7 453.3 450.8 445.3 425.2 394.1 369.5 342.2 327.3 308.2 289.4 272.2 252 233.9 212.1 195 180.7 167.1 147.1
189.8 194.5 204.3 213.4 227.6 239.8 249.7 258.8 275.5 293.2 306.7 315.9 325.3 339.4 353.6 370.1 382.9 392.7 409.4 431.3 448.4 454.5 452.4 455.5 459.1 466.8 473.9 477.9 481.9 483.7 485.1 480.4 482.4 491.8 521.5 539.4 548.8 547.9 561.9 571 553.6 536.8 536.1 542.6 545.1 543.2 543.2 543 544 559.4 575.6 584.8 591.5 576.7 516.6 489.9 468.8 450.1 449.1 447.5 449 473.6 473.6 457.9 429.1 389.9 365.5 345.7 327.8 312.3 295.2 278.9 262.3 242.2 222 210.5 192.7 176.2 160.1
185.8 194.1 206.9 217.3 232.6 243 256 260.8 277.9 294.5 305.2 315.2 326.3 337 353.8 370 381.9 391.6 412.8 433 446.5 448.4 446.8 448.1 448.7 452.3 460 463.8 469.1 471.5 468.7 472.2 470.4 468.3 479.7 494.9 522.2 545.9 545.3 540.7 535.4 540.3 545.3 563.9 565.6 566.4 565.3 568.4 570.2 577.2 589.5 602.2 611.7 605.2 540.4 502.6 487.9 467.6 468.1 466.3 472.6 495.4 489.6 455.8 421 390.1 369.2 350.3 334.1 322.2 307.3 290.1 277.7 248.7 232.2 221.3 208.1 196.1 181
185.1 195.9 210 222.1 234.5 244 255.5 264.9 280.9 292.3 301.1 313 325.4 338.1 356.8 368.6 379.8 392 412.8 428.8 436.1 437.2 432.8 432.9 437.9 440.9 447.3 452.1 457.8 453.8 448.6 451.3 454.2 462.5 468.7 483.1 495.2 504.6 511.2 518.4 525.4 534 545.7 565.7 576.7 581.3 578.9 578 585.1 589.1 613.5 624.1 629.7 640.1 591.7 526.3 505.4 487.6 488.6 490.9 507.5 511.4 491 455.9 419.1 394.6 372.6 359.4 344.8 340.1 323.7 308.3 283.8 255 244.3 233.9 225.2 216.3 200.9
186.4 198.8 212.4 228.4 233.2 246.4 256.3 266.3 278.8 289.1 299.4 311.5 326.6 340.6 356.7 367.7 376.3 385.5 406 419.3 423.4 418 415.9 422.4 425.8 429.4 433.3 434.3 440.3 441.2 433.1 436.8 451.8 454.2 456.2 476.8 482 485.2 501.3 514.8 520.1 542.8 555.1 570.3 584.5 590.7 589 589 595.7 603.1 623.9 642.8 646.5 657.5 627.4 554.8 534 517.4 514.9 524.6 529.9 517.5 496.9 464.3 421.6 398.1 380.7 367.1 357.2 352.4 337.5 324.5 292.3 267.3 254 245.5 239.6 231.8 196.1
186.6 202.9 223.9 229.1 233.9 244.4 254.6 265.9 277.3 286.7 297.9 313 327.4 343.5 354.1 363.7 369.6 374.7 397.3 407.9 408.5 404.4 401.7 400.3 399 410 414.3 418.2 428.5 428 428 428.7 433.1 448.8 452.2 464.8 476.5 484.2 491.6 505.4 528.1 544.4 560.5 578.7 595.6 597.6 597 601.9 612.3 623.3 635.1 654.3 660.9 673.6 664 590.1 567.4 558.2 548.1 557.6 544.5 528.1 502.9 458.4 430.1 404.9 387.2 375.5 368.8 365.4 355.3 338.6 299.4 278.3 265.5 257.8 249.7 221.3 199.4
187.2 208.2 224.5 229.1 234.7 242.1 257.2 265.5 275.1 284.9 298.7 313.8 327.1 340.4 350.3 358.3 363.4 366.6 383.6 396.6 397.3 392.5 383.7 379.7 381.5 393.2 398.9 403 413 415.1 423.3 427.3 432.8 445.1 449.5 457.4 466.6 477.3 486.8 508.6 528.6 548.1 566.2 582.2 605.6 611.8 614.5 623.4 634.6 647.1 654.4 670.6 685.8 696.2 699.2 640.4 599.3 590.8 578.5 570.5 553.5 537 508.8 468 441.6 417.6 397.6 385.5 377.3 371.7 360 338.7 311.1 289.2 281.7 271.9 256.9 238.2 205.6
189 208.2 219.6 231.8 235.2 243.5 257.9 264.7 272.6 284.4 299.4 311.9 323.8 336 346.9 353.4 356 359.5 371.7 381.4 384.7 378.3 374.6 374.3 374.4 379.2 383.2 385.8 388.9 406.3 422 429.4 430.6 445.9 449.2 455.1 466.5 473.4 486.7 495.6 516 539.3 562 588.2 616.4 628.2 634.5 646.9 661.9 672 685.4 697.5 709.1 717.7 720.9 694.9 650.8 614.7 583.1 570.3 552.4 539.8 516.3 491.9 458.1 433 413.3 401.3 387.4 375.1 365.4 343.2 321.9 305.9 291.9 283.3 261.2 236.5 211.5
187.4 202.5 214.6 228.4 234.1 242.7 257.2 264.8 272.5 286.8 299.9 310.7 320.7 330.1 340 347.2 348.3 351.8 360.2 366.8 370.7 365.6 364.2 369 369.9 376.1 378.5 380.7 386.3 399.1 410.7 421.6 429 438.5 453.7 471.1 475.2 481.1 489.9 496.1 517.4 532.6 556.9 594 612.9 641.3 654.6 669.7 686.7 704.9 716.6 728 737.7 736.4 709.2 683.1 651.7 617.4 588.3 564.9 549.4 537.4 520.1 505.5 481.4 458.2 438.7 417.8 401.5 385.6 377.2 359.7 334.2 316.4 303.1 279.6 255.7 239.5 221.4
186 199.5 214.3 228.2 233.5 239.9 253.3 262.3 271.3 286.5 298.4 307.8 316.3 325.9 333 337.6 339.9 343.1 353 355.1 353.2 351.8 352.5 360.2 363 365.1 372.3 381.8 388.8 407.9 414.8 420.7 427.3 443.8 464.5 474.6 485.7 488.1 493.4 502.1 521.6 534.2 562.5 589.2 610 640 665.1 683.7 704.1 722.5 738.7 751.1 762.6 737.6 704.9 677.3 644.2 612.5 580 562.3 548.7 539 524.4 508.5 485.3 470.5 454.2 440.4 418.8 399.2 382.2 359.4 343.3 326.7 306.9 286.3 259.9 245.1 228
196 202.5 213.9 226.8 234.1 239.6 248.2 261 271.7 283.5 293.6 301.4 311.6 320.3 325.9 329.7 330.3 332.2 338.6 338.3 341.5 340.6 341.8 348.6 355.3 361.5 367.9 377 392.4 412.4 421.3 426.4 437.2 451.2 459 476.6 483.2 490.1 496.4 511 528.3 548.9 565.8 589.6 610.8 645.3 676.7 698.4 718.4 736.7 751.8 763.6 768.3 729.6 695.2 668.8 638.8 602.1 573.3 558 540.7 534.3 528.5 514.3 494.3 468.4 456.8 446.9 436.3 416 381.4 364.4 352.8 333.3 308.5 284.9 267.3 248.5 230.2
193.9 200.7 211.7 223.1 231.2 237.2 247.7 259.2 270.1 281 287.6 297.4 305.7 314.2 320.1 322.9 322.8 322.6 326.7 328.7 332.5 333.6 337 346.4 355.4 365.9 372.4 385.9 404.5 419.9 428.9 430.5 446 463.1 470.3 473.5 481.8 487.5 497.2 515.8 536.2 558.4 575.2 605.3 628.4 661.8 684.7 710.1 729.1 748 762.6 772.8 764.1 718.7 683.1 655.7 628.3 592 558.3 544.1 527.7 528.1 522.9 513.5 492.4 469.2 454.4 445.5 439.5 411.8 391.1 372 356.1 327.5 307.8 291.7 278.4 253.3 234.8
194.6 203.2 214.3 220.4 228.3 237.5 246.8 258 268 277.9 287.1 295 302.6 309.5 315.4 317.1 317.1 317.5 319.2 320.6 325.1 331.2 335.7 351.2 359.4 368.5 375.6 389 410.1 416.7 437.9 435.9 451.8 469.8 483 486.5 489.7 491.7 496.5 520.5 546.5 569.3 584.7 615.4 640.9 669.5 692.8 714 738.1 759.3 774 781.8 758.3 711.2 673.7 645.4 619 579.1 546.8 529.8 522.4 518.3 514.3 507.1 491.5 471 456.6 448 428 414.3 388.6 372.7 361.4 335.1 317.1 298.6 275.1 254.9 251.9
197.9 205.4 211.4 218.5 226.6 236 247.3 257.9 266.9 275.2 283.3 291.4 299.1 305.6 311.3 311.7 311.7 311 313.1 318.6 325.4 329.7 335.3 351.9 361.8 371.6 382.1 394.5 410.3 416.8 435.4 435.5 457.6 476.6 483.6 488.1 498.3 501.5 511.1 530.5 556.7 576.9 605.3 631.4 653.4 674.8 695.3 718.8 739 763.5 778 777.7 756.2 704.4 669.3 636.3 606.7 569.6 540.7 525.1 521 507.9 503.7 494.3 478.6 469.9 457.7 441.7 426.2 415.4 394.3 378.7 370.6 344.6 320.9 293.6 278.1 274.9 267.8
198.2 203.4 209.3 216.5 226 237.1 249.4 257.1 265.2 272.9 279.5 287.5 296.4 303.5 307.3 307.7 304.8 308.4 311.7 319.7 327.8 331.8 335.4 353.8 364.9 378.3 384.9 398.6 406.7 416.5 426.9 435 460.3 472.5 482.1 493.3 504.8 512.4 537.5 557 576.1 597.5 618.1 640.1 658.6 677.8 701.2 720 740.2 758.6 769.8 769.6 756.1 703.3 661.6 615.5 584.1 555.3 538.5 528 510.4 500.5 491.7 487 476 462.7 456.3 440.4 432.4 416.7 401.5 389.3 364.9 339.5 312.2 301.7 296.2 300.5 290.6
194.4 200.3 207 215.2 224.6 236.5 250.1 256.9 264.5 271.5 277.5 285.3 294.1 300.5 303.8 303 299.9 307.1 313 318.2 326.3 330.2 336 353.9 362.1 379.7 382.1 393.6 404.3 416.3 426.1 438.9 472.3 485.1 494.8 503.6 514.4 526.2 545.9 566.7 588.9 608.2 625.4 643.5 662.9 682.1 702.4 722.9 738.4 751 761.6 762.2 743.1 699.1 644.9 601.1 576.9 550.8 535.7 526.2 506.8 491.7 485.9 478.5 467.3 457.8 444.1 438.3 424.6 410.7 398.9 383.4 363.8 337 327.9 332.5 326.2 323.9 318.8
191.8 197.6 205 213.3 223.6 236.7 248.9 255.5 262.4 269.1 274.2 282.9 290.7 296 298.8 292 299.1 306.4 314.4 323.4 328 331 337.8 358.5 363.3 381.5 384.9 394.2 403.9 419.2 429.1 449.7 473.3 492.3 500.9 511.8 527.9 541.9 555.9 574.9 593.7 612.3 630.4 648.6 665.5 684.6 704.7 721.1 739.5 751.9 758.4 755.8 731.8 679.4 636.5 602.8 579 548.5 522.9 508.5 497.7 486.9 479.3 466.6 458.5 446.8 436.8 433.8 418.8 401.4 394.2 377.4 362.7 357 355 358.7 362.4 375.9 365
188.2 197.8 203 212.5 223.6 238 248.4 254.9 261.1 267.3 274.4 280.9 286.5 290.8 291.1 289.9 300 307.8 321.2 329.6 331.7 336.3 338.2 356.8 364.6 379.9 386.6 392.7 405.3 422.5 440.2 455.5 477.3 493.9 504.9 513.3 533.4 546.8 564.5 581.5 598.3 616.3 634.2 652.9 669.7 687.9 704.9 721.4 740.2 752.5 757.2 750.8 742.4 679.9 635.1 601.1 577 541.6 527.8 507 493.7 480.6 474.8 468 458.9 448.8 436.5 425.8 416.1 404.7 396 384.1 378.9 385.8 408.2 411.6 402.8 386.6 376.6
193.1 199.7 205.4 213 223.8 238.3 246.7 252.4 258.7 265.1 271.7 277.4 281.6 283.6 283.2 291.9 302.9 314 324.3 336.5 341.1 346.6 349.1 356 365.4 378.4 386.9 394.4 408.5 422.3 447.7 463.1 482.9 495.3 507 518.4 537.4 555.8 571.1 587.4 601.8 619.7 637.6 656.7 672.3 687.8 705.2 723.6 737.5 746.7 748.9 744.4 736.7 701.8 652.4 596.4 570.5 535.5 518.8 510.6 497.8 486.1 483.5 475.2 464.5 451.1 439.9 435.1 419.3 412.7 408.2 404.2 407.8 421.7 430.2 415.7 395 381.2 364.1
198.5 202.2 206.9 214.1 223.9 237.1 243.3 250 256.7 262.2 267.6 270.3 270.3 282.2 287 297.9 307.5 316 327.6 341 349.5 356.7 359.2 363.6 370.2 380 387.4 394.3 404.4 420.3 449.9 466.1 483.7 497 508.9 522 539.6 558.7 574.9 592.6 608.1 624.4 641.1 658.6 675 692 705.6 723.4 734.6 742.6 745.8 737.5 727.6 704.5 665.4 610.3 581.2 539.5 527.7 515.5 506 499.7 490.8 484.6 465.9 445.8 445.9 433.3 425.2 421.2 414.9 417.2 423.7 433 418.6 403.1 385.5 371.5 341.8
201.1 203.3 207 214.8 222.8 233.6 239.6 245.7 244 252.6 264.3 271.6 277.2 282.9 289.7 299.4 307.7 317 330.2 340.5 352.5 359.5 362.6 369.5 375.7 383.8 390.4 396.3 405.3 420.6 442.7 465.2 483.7 496.7 513.3 529.4 545.1 563 581.3 596.8 613.1 627.6 644.3 660.7 677.2 694.1 708 722 731.5 737.8 736.2 730 718.8 694.7 656 612.1 577.6 549.8 531.8 521.5 510.6 504.4 495.8 486.2 471.5 459.8 444.7 440.9 427.6 426.7 422.1 427.7 428 420 402.7 391.9 378 365.8 329.3
202.2 202.7 205.3 211.5 219.1 225.9 231.4 238 250 259.1 265.7 272.1 277.1 283.6 291.2 299.9 308.6 317.9 330.4 340.9 352.4 361.2 366.8 373.5 379.1 385.5 391.4 395.5 406 422.6 442.9 461.2 481.8 502.5 518 533.8 550.5 568.3 585.1 600.5 615.4 631.3 647.1 663.4 678.7 694.2 708.5 719 727.9 732.4 729.2 724.6 712.5 684.1 653.1 604.7 571.8 549.7 530.3 519.4 508.2 501.4 493.2 480.6 474.8 464.8 455.6 444.2 436 427 428.1 429.2 425.5 407.9 389.1 378.4 363.3 355 328.2
