app/static/ascii/SH55.asc
ncols 200
nrows 200
xllcorner 250000
yllcorner 350000
cellsize 50
[rows 105 to 139 of 200, columns 0 to 77 of 200]
301.1 298.4 295.5 294.6 294.7 293.9 292 288.6 285.9 281.6 278.4 277.2 275.7 273.7 273.1 273.4 273.7 274.8 275.9 277.4 278.9 282.1 284.4 285.9 289.1 291.9 290 290.8 299.6 302.1 300.7 274.3 271.7 278.8 269.9 262.2 250.4 249.2 249.7 251.5 258.8 266.9 268.6 268.9 271.4 274.1 277.9 283.1 286.8 290 293.9 298.4 301.9 309.1 318.4 326.2 335.4 344.5 357.7 370.5 391.5 412.6 435.6 459.6 482.8 506 528 549.3 565.3 578.1 592.5 607.8 621.7 635.3 648.2 661 670.3 678.1
304.4 299.8 297.3 295 293.4 291.4 289.3 286.2 281.7 278.2 275.6 273.7 273 269.7 268.9 268.5 269 270.2 271.6 273.2 275.2 277.5 279.7 282.5 286.5 287.2 285.4 284.5 282.8 278.6 281.3 268.6 266.7 267.5 254 245.2 243.3 237.8 239.2 246.1 255.2 263.3 265.8 266.7 268.5 271.4 275.4 280.8 284.9 287.1 290.7 294.7 299 304 312 324.4 333.9 341.6 355.7 372.1 389.3 409.7 432 456.5 475.7 497.9 518.9 536.7 552.7 565.9 578.7 593.2 607.3 621.6 635.3 649.1 661.4 673.8
308.7 302.8 298.3 295.1 292.4 288.1 286.1 282.7 277.9 275 271.7 269.9 271.4 266.4 265 264.9 264.5 265.6 267.2 269.3 271 273.2 275.6 278.9 280.6 281 280 279.4 276.1 272.3 268.3 261.3 255.6 265.4 242.4 239.8 238.8 231.1 239.2 242.5 249.2 257.1 262.3 264.2 265.6 267.6 270.4 274.3 280.1 283.5 287.3 292.6 297.5 303.1 309.6 318.4 327.1 341.3 351.5 370.9 387 406 426.6 448.7 469.9 487.5 502.5 519 533.8 547.3 561.5 575 588.9 604.2 618.7 633.3 646.3 659.9
311.1 305.7 300.4 295.9 290.8 286.1 283 278.6 280.6 273 269.4 268.1 264.9 262.8 260.2 260.1 260 261.2 262.5 265 266.5 268.5 270.8 272.5 274.8 275.6 274.9 272.2 269 265.5 260.3 252 245.5 241 238 235.5 233.7 225.5 234.3 239.2 248.6 258 262.2 261.5 261.6 264 266 269.5 274.3 278.9 283.7 289.7 295.9 302.9 309.7 316.3 323.6 334 347.1 363.6 384.2 400.4 418.9 437.3 455.2 471.1 485.4 497.9 513 526.3 541.5 557.1 570.4 585.4 600.6 615.3 631.2 643.2
312.6 307 300 294.1 289.1 284.6 280.5 279.1 272.6 270.1 269.9 263.3 261.1 259.5 256.9 254.8 255 255.2 256.3 259.2 261 262.7 264.6 267.6 269.9 270.3 268.8 265.5 262.6 258.4 252.7 243.3 240.1 235.9 231.5 230.8 226.2 224.7 230.3 236.2 246.6 256.1 260.7 260.1 259 260.9 262.8 265.5 269.6 274.7 279.3 286.8 294 302 309.2 316.7 322.4 331.8 340.6 355.8 371.1 390.2 407.9 422.3 435.1 448.6 463.2 476.4 490.4 505.2 520.3 536 551.5 566.5 582 597.9 613.2 627.5
312.5 305.8 298.7 292.4 287.1 284.7 285.2 272.9 269.1 265.6 263 259.6 256.5 254.6 252.6 250 249.3 250.1 251.7 253.4 255.2 257.5 259.6 262.6 265.5 265.4 263.5 260.3 256.7 251.2 241.4 232.2 230.8 229.1 226.4 223.9 212.6 217.7 227.8 233.4 244.5 253.8 257.7 256.3 256 257.9 259.7 261.7 265.1 269.1 274.9 283.7 292 299.6 307.2 315.6 322.4 328.3 335.5 345.3 358.3 373 388.3 403.1 413.2 425.7 438.9 452.8 468.3 483.7 498.4 514.6 530.4 547.3 562.7 579.1 594.7 610.6
311.6 303.1 295.3 290.9 283.7 279.7 275.3 269.1 267.1 262.9 258.1 255.4 251.1 249.3 247 244.9 230.2 233.6 246.5 247.9 248.9 250.5 252.5 255.5 258.4 258.1 255.4 253.7 250.1 242.5 231.8 225.4 223.4 221.8 219.2 209.2 208.8 216.5 226 232.1 241.3 249.8 254 253.8 252.4 254.3 255.9 257.7 260.9 265.6 270.2 278.4 289.8 296.8 304.5 312.8 318.9 324.2 329 334.5 343 355.2 367.4 381.8 391.7 401.5 414.8 429.2 445.2 459.9 476.3 493.2 509.7 527.1 543.8 559.9 575.8 592.1
309.5 301.7 293.9 286.4 280.6 276 272.9 267.8 266.4 259.7 254.3 250.7 247.3 243.1 240.3 216.1 193 205.2 235.8 242.5 243.7 244.5 248.2 251.3 252.2 251.6 248 246.3 242 232.1 222.9 219 217.2 216 214.4 200.1 206.7 215.7 224.9 230.7 238.7 247.7 251.6 251.8 250.1 250.4 251.8 253.9 257.4 262.3 266.8 273.7 285.6 292.9 298.5 308.2 313.2 316.8 320 323.5 327.1 334.8 345.3 357 368.5 377.7 390.3 404.6 421.1 438 454.3 471.3 488.1 506.3 524.1 540.7 557.3 574.2
306.9 298.5 289.8 282.8 277.4 274.1 268.6 265.8 261.2 255.7 250.4 245 240.8 239.8 233.4 197.7 152 130 201.9 227.3 237.7 240.2 242.6 234.2 247.9 242 241.5 237.8 231.3 222.6 214.3 212.4 211 210.2 202.3 197 205 216.4 224.4 231 240.9 244.1 247.7 249 247.1 245.7 247.7 249.8 253.5 258 264.6 269.9 275.8 287.3 298.1 304.6 308 308.4 306 309.5 313.1 316.9 323 331 341.2 351.7 364.3 379.6 396.4 413.3 430.1 448.6 467.1 485.3 504 521.9 538.7 556.1
302 292.6 287.5 280.4 276.3 266.6 260.6 264.6 258.5 252.1 245.7 239.6 235.1 232.6 218.2 178.9 138.4 128.3 156.7 212.6 229.8 235.4 211 235.3 239.3 235.2 233.2 224.9 219.7 211.5 205 204.1 205.2 198.4 189 196 205.4 217.5 223.7 231.1 239.3 242.3 245.1 244.9 242.7 242.9 244.4 246.9 250.6 255.5 263.1 268.1 273.7 279.6 286.1 294 299.6 300.8 301.5 302.8 303.9 306.3 311.4 319.2 324.4 328.7 340.7 356.1 369.1 385.5 404 424.5 444.6 464.1 484.1 504.4 521.8 540.7
296.9 289.6 284.3 278 264.3 221.6 229 262.5 256.6 246.4 240 235.1 231.6 226.8 174.5 158.7 141.8 131.7 176.7 219.3 225.1 228.3 226.5 232.1 229.6 223.3 218.3 212.8 207.7 201.7 198.1 197.7 197.1 187.9 184.9 195 206.7 215.8 221.4 230.2 236.2 238.5 239.7 240.4 238.2 239.6 241.9 244.9 248.4 254.7 260.6 266.7 272.2 278 282.8 287.5 290.7 293.9 296 297.5 300.2 304.3 308.4 313.1 316.6 323.7 337.4 347.1 353.2 364.1 381.5 401.4 422 442.4 463.5 484.3 503.9 523
292.3 288 274.2 222.9 224.4 229.8 241.6 260.3 248.7 241.6 236 230.6 224.1 209.1 157.2 153.7 142.5 174.5 200.8 213.9 220.4 230.4 230.4 223.3 224.8 212.6 205.4 203.4 196.8 193.6 192.3 191.1 183.4 178.1 185.4 196.8 205.4 212.2 218.8 225.9 231.3 232.5 234 235.7 234.2 236.4 239.5 243.1 247 251.2 258.6 266.5 271.9 277.1 280.4 283.9 287.1 289.4 290.4 293.7 297 301.7 306.5 311.6 316 323.1 340.2 356.3 372.4 381.7 389.5 397.9 406 420.8 443.6 466.7 486.9 507.3
280.2 265.9 258.9 208.5 223.8 258.6 260.8 247.5 242 235.5 228.6 220.9 182 188.5 154.7 148.5 166.3 199 205.7 205.5 214.3 224 227.1 224.2 205.3 208.1 195.2 191.2 185 186.2 184.4 180.8 175 177.1 186.4 197.1 203.3 209.2 215.1 221.3 226.2 227.7 228.6 230.5 227.7 234.2 238 241.3 244.5 248.8 252.8 259.8 265.9 271.7 277.9 281.4 283.1 285.8 290.4 295 299 302.9 307.9 313.3 318.8 327.4 337.9 355.6 371 396.6 413.9 421.6 428.2 440.4 451.4 468.5 484.2 503.9
257.4 269.2 263.9 228.3 231.3 255.9 252 240.9 235.4 218.2 205.8 167.1 153.8 156.5 161.5 152.9 192.3 202.9 202.2 202.5 213.8 218.4 224.9 219.8 203.8 186.1 182.1 174.3 170.9 176.2 172.1 166.6 171.1 174.6 187.9 196.1 203.4 212 216.1 218.7 220.3 220.8 222.6 224.9 225.9 232.3 235.5 238.8 242.1 245.3 249.3 254.6 260.1 266 271.1 276 280.9 285.2 289.5 294.5 299.1 303.5 308.9 314.4 321.9 329.6 340.2 359.5 373.9 396.6 416.7 432.6 449.2 462.4 470.6 480.8 500 516.4
264 269.6 265.2 256.6 259.8 244.3 239.5 233.3 227.5 199.4 167.6 153.2 157 155.8 168.3 175 198.1 202.2 202.1 200.9 201.4 212.3 201.5 193.6 192.5 191.7 182 190.9 196.8 193.6 167.3 164 167.3 178.1 186.3 193.5 203.3 213.6 217.4 217.1 209.9 210.1 212.8 221.7 227.5 230.4 232.9 236 238.9 241.3 245.2 249.6 256.7 262.7 268.8 275 279.6 284.7 289.4 294.4 300 306.2 312.8 320.3 326.9 335.2 342.5 356.8 374.3 392.1 412.1 432 447.8 453.6 461 458.1 460.9 453.3
263.3 265 262 258.2 253 232.1 226.2 222.7 219.6 183.9 171.7 158.5 156.3 185.7 205.4 183.8 190.8 202 201 201.6 202.5 198.9 191.2 200.9 201.5 200.1 198.7 195.3 198.5 191.4 158.8 158.7 169.3 175.7 181.9 187.1 195.7 206.9 214.2 205.4 197.7 197.2 214.8 222.3 226.1 228.9 230.7 232.4 234.1 235.1 241.8 250 257.2 264.7 270 275 279.9 285.1 289.8 295.9 302.2 309.1 315.1 321.7 328.2 336.2 344.4 355 371.2 388.1 403.8 413.2 417.5 421.3 421.6 415 407.1 397.8
259.2 260.8 252.7 257.2 228.5 223.5 216.4 188 211.5 203.7 172.8 174.1 179.3 186.4 183.8 182.9 180.9 181.5 180.4 179.5 176 174.9 167.1 173.7 194.8 200.8 199.9 198 195.5 182.9 156.5 157.9 165.9 171.1 174.7 182.3 187.2 192.7 196.8 181.9 187.9 204.6 211.3 218 222.8 225.8 225.5 226.9 227.1 232.3 242.5 253.8 261.8 266.6 270.9 275.4 279.7 284.4 289.9 295.8 301.9 307.4 313.4 320.3 328 336.2 345.4 358.8 372.3 386.4 387.8 387.2 389.4 389.8 388.4 379.8 369.5 358.8
255.7 256.2 256.7 239.5 215.3 211.3 210.2 167.2 134.7 163.5 191.4 184 174.4 164.8 171.6 177.3 171 160.3 160.5 159.9 162.7 177.3 177.8 163.9 179.9 195.5 201.3 193.2 169.4 148.2 152.9 158.3 161 163.2 165.9 167.9 173.1 178.4 176.6 181.7 191.8 201.3 207.3 212.2 214.6 217.7 218.3 216.7 220.6 230 245.8 256.4 265.7 268.4 271.8 275.4 279.2 283.7 288.6 294.1 299.4 304.8 311.8 321.2 330.7 341.8 352.1 362.3 371.1 369.2 376.1 380.4 378.6 372.6 365.9 354.9 346.9 332.3
251.1 252.8 247.5 220.9 202.7 204.5 203.8 187.2 173.4 185.7 185 182 171.4 163.5 161.7 159.2 160.8 160.8 160 160.5 160.9 170 162.5 161.1 180.6 180.7 183.3 182.5 149.1 148.1 152.5 156.5 154.1 153.2 156.3 159.9 164.6 168.7 169.6 181.9 191.7 197.5 201.5 205.2 208.2 209.3 207.9 207.2 214.9 222.8 237.7 256.8 265.5 269.2 269.1 272.5 277.6 281.9 286.2 291.4 296.9 303.1 311.2 319.5 330.2 340.6 350.2 359.7 357.8 352.7 359.1 367.1 368.3 361.4 359.7 344.8 330.6 324.7
251 240.4 217.9 194.7 194.7 197.4 190.3 186 185.5 183.3 176.4 183.4 174.4 180.8 153.7 151.6 155.2 144.2 146.7 159.6 160.4 160.3 159 158.3 175.6 169 161.1 150.2 144.9 150.4 155.4 154 147.5 146.2 148.7 153.3 156.8 157.5 164.7 176.3 183.3 186.2 188.7 191.2 194.1 195.8 192.5 194.5 207.2 217.5 230.6 247.2 257.7 262.8 266.1 269.3 274.3 277.9 283.1 288.4 294.2 302 309.4 318.9 327.3 337.2 351.7 352.1 326 324.2 324.2 324 327.1 323 316.8 317 296.1 290.5
219.2 209 189.3 184 189.9 186.7 179.6 163.8 168.1 163.2 162.3 176.3 159.7 148.5 127 137.2 142.4 141 151 158.8 159.4 158.4 157.1 154.9 167.7 136.3 128.7 137.8 145.4 156.2 155.7 142.1 140.8 140.3 141.2 145.4 149.1 152.8 159 167.1 173.9 174.5 175.7 181.8 180.6 177.8 169.6 188.2 199.6 213.5 227.3 242.2 252.3 254.1 257.4 260.7 267 272.7 278.1 283.9 291.2 299 306.2 314.3 327.1 327.1 322.4 309 295.2 295.2 298.4 297.2 294.1 285.9 278.7 273.1 263.1 256.6
188.5 174.8 171.6 177.6 180.2 178.5 168.6 163.6 162.2 156.7 161.7 166.1 170.5 138.5 120.7 132.4 135.6 140.2 152.6 138.7 158.4 157.8 156.8 136 131.2 122.4 129.5 141 148.8 153.6 140.9 134.6 132.3 131.6 133.8 137 143.7 149.2 154.8 162 158.4 155.1 158.8 161.3 160.6 157.1 156.8 175.3 189.7 204.8 214.7 222.1 227 237.3 248.5 255.9 260.5 266 273.8 281.6 286.6 297.7 309.3 311.7 296.9 283.4 281.1 283.5 264.3 266.4 271.7 273 263.6 255.3 248.4 239.8 231.4 223.2
167.1 159.4 160 169.6 173.3 162.7 157.7 159.4 154.4 146.7 143 159.1 169.8 139.7 125.9 126.4 123.2 138.3 140.1 142.4 157.5 154.2 148.3 140.2 120.2 126.8 138.3 144.9 148 137.3 127.5 126.4 124.6 125.4 129.3 136.2 136.9 141.4 148.4 144.4 140.1 135.7 137.1 140 142.4 142.3 152.3 163.4 182.6 195 207.5 217.1 223.3 232.2 244.8 253 254.6 259 266.9 274.7 287.3 279.1 266.7 259 251 245.6 242.9 238.3 233.3 234.5 237.5 238 233.3 227.3 220.5 211.7 202.9 194.6
151.3 152 161.2 143.1 156.6 153.1 145.9 141.8 142 137.2 132.4 130.4 131.1 116.2 121.6 118.1 120.6 138.2 139.7 137.2 151 152.9 151.2 117.9 128.5 134.4 142.9 146.2 135.3 125.2 120.8 119.5 118.7 122 125.3 129 129.1 132.1 131.3 128.6 123 122.9 122.8 125.5 126.5 132.3 149 169.1 185.6 194.1 205.3 221 223.6 226.2 238.6 244 242.9 247.7 267.4 262.4 249.1 239.5 231.8 223.3 218.7 217.5 213.1 207.5 204.6 207.5 211.5 211.9 207.1 200.4 195.7 187.9 178.5 169.7
143.8 152.3 152 142.5 112.1 109.7 138 135.6 132 112.6 96.5 111 116.8 123.8 123.5 117.8 118 137.2 138.2 136.8 138.5 138.8 136.4 122.8 131.7 138.6 142.2 136.5 124.6 115 113.9 113.7 113.7 118 125.9 121.3 120.9 121.8 121.3 113 112 114.6 114.9 116.6 119.6 126.4 150.4 166.7 182.8 190.8 199.1 208.1 210.6 216 221.4 227.2 231.1 234.7 225.1 221.4 219.1 209.9 205.5 208.3 206.9 197.1 192 193.1 192.8 193.2 192.9 192.1 185.2 176.9 171.1 163 153.5 146.1
142.5 142.9 142.8 142.3 129.9 127.8 132.8 129.5 128.8 96.5 96.5 96.5 119.2 122.3 122.8 110.7 109.3 116.2 130.6 127 124.6 118.8 110.6 121.8 128.6 127.2 122.6 118 110.2 107.3 107.2 109 110.4 110.2 109.6 113.5 117.1 118 114.2 110.2 108.5 110 112.1 114.4 114 122.7 145 156.8 165.9 174.5 182 191.5 197.1 200.6 207.2 208.7 204.5 197.3 192.2 190.7 187.7 183.3 184.1 180.6 176.2 172.3 172.9 178.5 179.7 178 177.1 171.7 165.1 158 147.9 142.1 135.5 135.2
112.5 134.3 133.8 131.2 127.1 129.7 128.1 118.5 119.8 96.5 96.5 96.5 121.8 110.4 105.5 105 105 104.6 107 107.1 107.2 107.4 107.7 113.1 113.9 110.8 109.5 104.2 101.9 101.6 103.9 106.3 105.8 105.2 106.1 109.5 113.7 107.8 106.7 106.5 107.5 108.7 110.4 110.8 113.6 117.1 122.6 131 145.2 157.4 166.2 174.3 181.5 184.1 178.9 181.5 180.6 173.4 167.2 161.9 156.3 155.4 155.9 159.9 158 161.1 164.8 169 171 159.7 157.2 153.4 146.9 137.2 135.2 134.7 134.5 134
114.4 108.1 115.9 127.4 126.9 128.1 122.8 98.6 98.1 105.1 101.8 117.3 107.1 101.3 101.6 101.9 102.6 103.6 104.9 105.4 105.4 105.5 105 104.2 103.4 101.1 99.2 98.8 97.9 99.3 101.6 103.1 102.8 102.5 102.8 102.2 101.5 103.1 103.5 104.4 106 107.1 108 107.3 111.2 118.1 122.1 125.3 127 137.1 144.5 150.8 153 153.3 157.7 160.3 155.7 147.1 141.3 135 131.8 135 143 146.4 152.5 153.5 159.8 149.5 143.4 142.2 139.1 135.3 134.9 134.3 134.2 133.9 134.2 134.4
96.4 96.4 101 121.1 122.5 125.5 105.1 98.6 98.3 102.5 116.7 118.1 106.4 99.4 100.1 100.5 101.2 102.2 102.7 103.7 104 103.9 103.4 103.6 102.3 100.6 98.8 97.1 97.1 97.6 99.3 100.5 99.7 100 100.2 100.4 100.8 100.7 102.4 105 108.3 104.4 106 107.5 115.6 118.1 121.6 123.5 123.3 123 124.9 128 131.7 135.4 138 136.9 129.8 122.6 118.8 119.8 122.9 127.2 131.8 138 136.2 132.8 126.9 122.5 122.6 129.6 134 133.5 134.7 136.2 135.4 135.1 137.1 147.8
96.4 96.4 114.4 126.7 127 115 109.8 110.5 113.7 111.8 112.4 118.3 107.2 98.6 99.1 99.4 100.1 100.9 101.8 102 102.4 102.1 101.9 101.9 101.3 99.8 97.4 97.1 97.1 97.1 97.4 98.3 98.5 98.5 98.5 99.8 99.7 100 100.6 100.2 100.8 102.1 104 104.7 113.3 115.8 119.5 120.4 118.8 117.1 116.6 119.5 119.7 121.5 120.6 114.5 109.3 109.8 110.9 114.8 114.7 115.3 118.7 113.2 115.5 120.4 122.3 129.4 132.8 136.8 139.2 141 148.3 153.4 158.4 167.5 177.6 182.8
96.4 96.9 128.2 128.7 123.3 117.7 114.3 114.1 112.9 115 115.7 117.1 106 98 98.5 98.6 99.1 100.1 100.6 101.1 101.5 100.3 100.3 100.3 99.4 97.7 97.1 97.1 97.1 97.1 97.1 97.1 97.5 98.4 102.2 100.6 98.5 99.3 99.6 99.3 100.1 101.3 102.1 102.4 102.9 108 111.7 112 109.9 109.1 109.4 109.3 111.1 107.9 104.1 104.7 105.2 105.7 106.7 107.2 109.3 109.3 112.1 117.7 121.3 125 128.8 132.8 139.6 148.2 154 172.1 179.9 193.2 196.1 196.1 195.6 200.9
96.4 96.4 120.7 122 125.3 117.6 112.9 115.8 113.6 111.1 116 114.5 97.2 97.5 97.7 98 98.6 99.3 99.4 99.7 99.4 99.1 98.2 97.4 97.2 97.1 97.1 97.1 97.1 97.1 97.1 97.1 97.1 99.8 98.5 97.1 97.4 98.3 98.8 98.9 99.4 100.1 100.7 100.8 100.8 100.8 103.6 101.2 102 102.9 102.9 102.3 103.3 103.6 104.2 104.7 105.7 106.7 107.8 108.9 109.9 110.1 114.8 118.3 120.8 124.6 129.8 137.2 148.2 165.2 178.9 188 185.5 189.1 198.8 205.1 208.7 211.1
96.4 111.8 124.6 128.2 124.7 124.5 126.2 125.5 110.1 114.8 116.1 100.2 97.1 96.8 96.9 97.2 97.8 98.3 98.5 98.4 98.6 98.2 97.1 97.1 97.1 97.1 97.1 97.1 97.1 97.1 97.1 97.1 97.1 97.1 97.1 97.1 97.1 97.2 98.1 98.6 99.2 98.7 99.5 99.4 99.4 99.7 101 101.4 101.7 102.2 102.5 102.6 103.8 104.4 104.7 105.3 106.1 106.8 107.8 109.1 110.3 111.6 114.4 117.3 120.9 122.4 126 139.9 154.1 162.6 163.6 165.9 179.3 183.1 189.8 191.8 195.6 204.8
112.8 113.3 120 120.4 122.8 125 123.7 117.8 113.7 114.7 115.3 112.1 96.9 96.6 96.6 96.2 96.7 97.2 98.8 98.7 98.3 97.1 97.1 97.1 97.1 97.1 97.1 97.1 97.1 97.1 97.1 97.1 97.1 97.1 97.1 97.1 97.1 97.1 98.3 98.9 99.1 99.5 99.5 99.7 99.9 100.5 101 101.5 102.1 102.4 103 103.2 102.9 105 105.3 106 106.7 107.4 108.3 109.1 110.3 111.7 113 114.8 116.7 121.7 125.7 132.2 137.1 145.5 153.3 159.5 175.5 185.9 187.3 191 199 205.1
113.5 113.8 119.9 118.5 115 126.5 112.2 112.3 108.2 98.4 103.4 98.8 96.6 96.3 96 95.7 95.7 96 98.3 97.5 97.2 97.1 97.1 97.1 97.1 97.1 97.1 97.1 97.1 97.1 97.1 97.1 97.1 97.1 97.1 97.1 97.1 97.1 97.9 98.6 97.6 99 99.4 99.7 100 100.5 101 101.6 102.3 102.4 103.3 103.7 104.4 104.8 105.4 105.7 107.4 108.2 108.9 109.7 110.2 112.1 119.5 124.2 131.6 134.5 139.8 142.1 142.5 145.1 148.9 154.3 160.6 166.8 175.1 176.7 183.1 193.5
