app/static/ascii/SH56.asc
ncols 200
nrows 200
xllcorner 250000
yllcorner 360000
cellsize 50
[rows 0 to 35 of 200, columns 81 to 161 of 200]
49.9 52.4 54.6 53.2 50.9 49.8 49.2 49.8 51.5 53.9 54 50.9 56.1 61.1 62.6 64 59.3 58.9 59.3 60.4 73.2 71.1 72.7 73 73.3 73.9 75.8 77.1 78.5 79.9 82 83.6 84.6 87.2 88.4 88.4 88.6 87.2 83.5 79.6 74.7 62.9 53 42 40.8 40.9 41.9 47.9 57.3 62.1 62.9 59.2 64 71.9 85.1 86.5 88.4 92.2 90.2 94.7 90.8 84.9 87.5 85.5 89.8 93 94.4 94.3 94.5 94.9 93.5 92.5 92.8 92.8 93.3 92.6 90.3 86.9 82.9 76.3 69.5
51.1 53.2 55 55.3 49.5 48.9 49 50.8 52.4 53.1 49.2 49 56.8 61.4 64.7 65.8 58.8 67.3 68.5 76.1 76.4 71.7 72.5 72.9 73.6 74.7 76.2 77.2 78.3 80.1 81.8 80.9 82.3 87.1 87.6 89.4 87.6 85.8 80.4 73.2 57.9 44.6 39.8 42.3 42.1 42 42.7 44.3 47.4 51.9 54.3 55 56.9 66.5 82.7 77.1 81.6 88.1 87.9 91.7 86.5 84.8 87.1 86.3 89.4 92.3 92.8 94 97.7 94.5 96.4 96.4 96.2 96.8 96.1 95.4 93.1 89.2 84.6 78.6 71
51.2 51.4 49.9 48.6 47.9 48.3 48.8 50.4 51.5 48.6 49.1 56.4 58.6 62.2 66.3 59.9 66.1 66.3 72.8 78.5 75.2 72.8 72.6 73.4 74.6 75.7 76.8 77.9 79.5 80.1 78.7 79.1 85.9 89 89.8 87.7 84.4 79.6 75.8 60.4 45.4 39.6 42.8 43.5 42.9 43.2 47.4 47.2 46.4 46.5 48.4 49.6 56.4 57.2 59.2 72.1 77.1 79.1 81 90.5 81.6 80.7 83.2 86.9 89.9 91.3 94.7 97.2 95.9 96.9 103.5 101.2 98.9 99.1 99.1 96.6 93.3 89.1 82.8 75.4 67.4
49.4 48.7 48.6 45.3 48.8 48.6 48.3 50.8 51.5 49.7 60 59.4 61.7 67.5 61.7 66.8 67.8 77.2 81.1 78.1 75 73.3 73.6 74.4 75.5 76.7 77.6 78.5 78.6 79.4 77.5 83.7 90.8 83.7 87.1 82.7 73 68.6 55.9 43.1 39.2 43.5 43.4 43.4 43.7 47.5 50 51.8 53 57.6 68.5 72.1 57.1 56.9 55.4 61 86 79.5 78.9 92.7 80.3 79.4 80.8 83.6 87.5 96.9 96.1 95.6 95.9 98.7 100.6 101.1 99.9 100.7 99.6 95.5 93.6 89.7 82.9 74.2 67.8
48.2 47.3 45.3 49.8 48.5 48.5 49.3 51.8 53.4 59.7 59.9 58.5 63.1 65.8 61.8 68 74.2 69.2 81.1 78.3 75.4 74.4 74.1 75.3 76.5 77.5 78 77.4 76.9 74.4 76.2 87.6 85.6 68.7 72.2 67 59.4 50.4 40.4 39.9 46.7 44 44.3 47.5 47.6 50.7 53.4 57 62 69.7 75.3 83.2 83.7 77.9 75.1 60.6 86.3 90.2 80.1 80.3 78.5 76.7 79.3 84.7 88.6 89.9 91.3 93.5 96.2 99.3 101.2 100.6 99.1 99 98.1 96.1 94.5 89.3 83.1 74.3 69.7
45.6 45.7 46.7 48.2 47.6 46.8 52.1 54.4 56.1 59.8 59.1 58.5 63.2 62.8 64.9 72 79.5 78 70.3 72.5 76.1 75 74.7 75.2 76.1 75.9 75.6 75.2 74.2 64.7 67.5 70.6 67.3 66.5 57.9 53.6 46 44.2 39.9 46.4 47.7 48.9 50.1 50.9 52.5 56.4 58.8 61.1 67.9 73.3 78.6 84 89.9 83.7 71.7 62.6 75.8 88.6 81.4 75.3 78.3 75.7 81.8 87.5 89.2 90.3 90.4 92.8 96.1 99 99.2 98.2 96.6 96.4 96.2 96.2 94.9 90.2 83.5 77.7 72.7
44.8 45.6 45.6 45.3 46.6 50 52.1 54.5 55.5 58.9 60.7 65.1 64.3 64 67.8 77.4 79.6 78.4 77.5 71.6 70.3 69.8 74.8 74.5 73.2 72.2 71.9 71.7 65.9 55.8 56.8 55.1 51.4 49.7 48.3 47 42.2 39.8 44.3 42.8 46 46.6 58.9 55.7 59.6 65.6 68.5 70.9 66.6 65 67.3 85.1 88.9 87.1 68.8 72.2 77.5 70.7 68.3 68.7 71.1 80.2 91.2 92.4 89.7 90 90.8 92.8 95.6 97.7 97.8 96.5 95.3 94.8 94.4 95.8 95.2 90.9 84.2 79.2 74.1
44.3 44.1 44.2 45.7 48.5 50.6 52.7 49.1 56.9 61.4 63.4 65.2 64.8 66.1 72.6 76.5 79.1 78.7 76.9 76.5 75.2 73.4 69.9 68.4 66.9 65.6 64.1 62.5 60.3 57.5 55 51.8 49.2 46.7 43 39.1 40.9 38.6 35.8 38.5 50.3 63.6 72.9 68.6 67.9 71 73 76.9 80.4 79.3 78.8 69.9 76 83.3 68.2 66.2 68.6 66.7 70 71.1 73.6 73.4 87.6 88 88.7 90.7 91.1 92.3 95 100.3 96.7 96.4 94.2 94.5 94.3 95.4 94.6 91.8 86 79.9 74.8
43.6 43.7 44.5 46.2 48.4 51.2 53.1 55.1 59.6 64.1 65.3 65.5 67.3 72.6 75.9 77.5 79.2 78.8 76.4 75.6 73.1 71.5 68.1 62.6 61.2 59.6 55.8 49.2 45.7 44.8 44.4 37.9 38.1 38.8 37.9 36.4 35.2 36.4 42.9 60.4 70 77.5 74.9 72.5 71.9 73.1 74.8 77.3 78.7 79.7 80.7 81.8 77.7 73.6 75.9 64.9 66.4 73.7 76.9 81.3 79.6 80 76.7 81.4 85.7 93 93.2 92.2 94.7 95.7 95.1 94.8 93.8 95 94.7 93.9 92.9 90.6 86.2 80.7 74.9
43.5 44 44.8 47.2 49.7 52 54.6 57 62.2 66.4 66.6 66.1 70.9 71.4 75.1 80.5 79.2 78.5 76.9 73.9 68 62.5 61 56.3 53.9 48.1 43.7 42.8 41.6 38 37.1 33.5 34.7 35.6 35.1 34.4 36.8 42 63.6 76.4 77.3 81.5 76.2 74.1 77 74.1 75.8 78.4 80.4 82.1 83.2 84.9 82.9 76.8 76.9 77 76 76.9 76.1 78.3 78.2 80.3 81.8 79.8 86.6 92.7 94.6 93 94.6 93.6 92.7 93.6 96 95.1 93.3 92.3 90.2 88 83.8 78.9 73.7
43.8 44.4 45.4 48.1 53.1 60.2 60.3 61.3 60.3 67.2 67.6 67.1 70.9 71.5 82.3 80.6 79.3 78.3 78.2 70.6 59.5 55.7 53.4 50.7 48.5 37.8 37.4 37 36.4 33.4 34.5 44.3 35.1 34.6 35.1 36.4 49.4 68.5 84.9 88.9 82.7 81.6 84.3 78 79.6 77.2 82.3 84.3 85.7 89.4 86.9 86.4 83.3 79.1 79.3 80.6 81.2 81.2 80.9 80.1 78.8 81.2 88 82 90.8 89.8 94.1 92.2 93.4 92.2 91.1 92.9 95.7 93.1 91.5 91.4 88.9 86.6 79.8 75.5 72.5
43.1 43.8 46.5 49.4 60.3 60.1 60.4 60.6 60.4 66.3 67.1 67.4 71 71.5 79.1 80.2 77.8 75.4 71.1 62 52.6 52.8 50.7 44.2 36.4 32.1 32.2 32.8 33.5 35.4 45.6 40.4 36.3 36.1 40.4 54.4 81.1 86 89.2 90.7 86.3 86.7 87.4 81.8 82.5 83.7 89.6 90.7 89.9 89.1 87.9 87.1 85.2 83.7 85.6 85.8 84.3 83.2 83.9 86.6 88.4 81.6 93.6 88.6 84.5 84.9 86.6 88.4 93 89.7 89.9 91 91.9 90 89.5 91.4 88.3 83.7 75.6 70.9 69.3
42.5 43.1 45.9 48.9 58.2 60 60.2 59.7 60.2 64.2 66.6 71.5 69.7 72.5 81.8 78.8 73.9 69.9 59.8 48.9 47.4 47.7 36.7 32.6 32.6 33.5 36.5 40.6 48.2 45.4 43.9 42.7 39.8 43.7 58.7 76.6 84.8 89.5 90.3 90.9 89.9 90 90.2 85.3 84.5 87.2 94.8 96.1 93.4 92.3 91.1 89.3 87.9 90 90 89.1 87.6 88.2 88.9 92.3 86.7 87.5 92.6 87.2 89.5 86.7 86.4 88.4 89.6 90.6 90.6 90.6 89.7 87.5 87.6 84.8 87.1 75.5 68.2 67.6 65.9
41.8 43.8 45.7 50.4 54.8 59.7 63.9 67.3 67.8 65 67.5 69 66.9 63.7 71.4 68.9 63.1 59.3 46.5 43.9 44.1 36.1 32.3 34.2 36 39.6 45.4 49.1 48.7 48.5 47 48.4 51.1 62.7 82.3 86.2 87.7 90.5 90.6 90.5 91.3 93 93.8 91.9 88.7 90.4 95.3 96 96.7 96.1 94.6 92.8 91.9 92.7 92.5 91.9 93.3 92.9 93.1 94.5 94.9 88.4 88.5 88.6 91.8 93.8 94.1 90.8 92.5 92.7 92.7 91.6 89.4 83.4 78.9 77.9 77.8 68.4 63.4 62.3 62.5
41.7 43.9 46 51.5 56.2 59.3 62 61.3 60.4 63.4 64.5 66.5 56.3 55.9 59.4 58 51.7 44.6 37.2 35.3 31.6 32.3 43.9 41.6 41.5 46.2 56.5 62.9 55.2 51.5 53 57.5 67.3 80.1 84.5 88 90.1 91.6 91.9 92.1 93 94.4 95.5 95.8 92.5 92.5 96.2 98.3 99.2 97.8 97.8 96.5 95.6 94.7 95.1 95.8 95.3 95.1 95.9 96.5 94.9 92.2 88.7 92.1 95 89.6 91.8 94.1 93.1 93.7 94 92.6 89.8 86.2 80.7 73.9 67.6 62 62 62.1 60.1
41.5 43.4 45.3 50.8 57.4 59.6 59.2 55.5 60.5 55.6 56 52.1 44.4 48.2 47.8 40.3 35.1 33.6 32.8 32.3 36.8 44.1 45.7 48.6 52.1 60.2 64.6 62.7 58.3 55.4 60.2 68.5 77.8 83.2 89.4 92.1 92.5 94.1 94.8 95.9 95.7 94.9 96.7 97 93.5 93.8 98.9 99.5 98.9 99.6 100 99.2 98.7 99.4 98.8 98 97.1 97.8 100.1 100.8 97.5 95 91.2 93.3 100.1 100.5 96.6 89.8 89.3 94.5 95.6 93.2 89.9 85.6 81.2 73.4 68.1 62.5 62.2 60.6 59.3
41.7 42.7 44.8 56.4 59.3 57.5 53.3 52.4 52.6 49 46.8 38.9 40.7 38.9 33 34.3 34.4 32.9 35.9 47.2 47.5 51 54.1 56.9 61.8 63.5 63.5 60.4 58.8 59.7 75.2 82.1 84 86.8 90.7 92.6 94.9 97.5 98.4 98.8 97.5 96.2 96.4 96.3 94.7 94.9 98.7 97.7 97.9 100.1 101.9 102.2 101.5 100.9 100.6 100.2 98.8 99.5 100.6 101.7 100.5 96.7 91.9 93.9 98.4 98.5 95.7 95.3 95.6 91.8 88.9 92.6 90.8 87.9 84.6 75.8 68.8 63.7 63.4 61.2 60.8
36.2 39.1 53.2 55 55.5 52.1 47.4 42.7 45.6 42 37.6 31.3 31 31.3 33.9 40.4 39.7 45.3 47.7 47.8 49.7 54.3 57 58.9 60.9 61.7 61.3 60.7 63.6 81.7 86.6 88.4 92.7 89.3 91.3 96 100 100.2 99.6 98.7 97.9 96.5 95.7 95 93.7 92.9 94.4 96.1 99.3 102 103.7 104 103.8 104.3 102.3 101.5 100 99.1 99.3 100.3 98.4 94.6 92.5 91.6 93.6 93.9 94.8 96.3 96.7 95.5 95.2 95 88.2 87 83.7 74.4 69.2 65.7 66 66.1 65.3
40.2 32.1 31.8 48.7 52.7 47.6 42.5 42.3 37.2 33.7 30.8 28.6 30.4 40.4 40.2 38.6 38.5 39.6 44 44.5 49.1 52.6 56.2 58.2 59 60.9 62.2 69.4 79.4 85.1 88.5 91 89.8 91.8 95.7 98.6 99.3 100.4 100 99 97.7 95.7 94.2 93.3 92.3 91.4 94.3 97.7 100.6 102.8 103.5 103.8 103.4 104.2 102.7 101.7 100.9 98.8 97.5 97.2 94.8 93.4 92 92.7 92.9 94.2 94.2 96 95.7 93.9 93 91.4 89.4 89 83.9 85 83.3 81.7 76.1 76.4 76.1
41.9 43.7 40.7 31.1 48.4 39.3 39.6 37.1 35 29.2 27.8 30.5 35 34.1 36.5 37.7 42.1 44.2 47.9 49.6 47.8 50.6 51.2 54.7 59.6 62.5 69 75.8 82.9 86.4 88.8 90.6 96.6 96.9 98.6 99.8 99.9 100.3 99.6 98.4 96.4 94.5 92.9 91.8 91.7 92 94.9 98.2 100.9 102.4 102.1 102.3 102.5 103.2 102.3 101.3 99.5 97.8 95.9 94.7 93.2 92.1 92.9 94.1 93.7 93.7 93.1 93.5 94.5 93.8 92.6 91.7 90.6 88.6 83.8 80.9 81.2 80.2 81.2 81.2 78
41.7 40.7 41.8 32.9 39 35 34.9 35 29.4 27.4 31 32.7 36.7 40.4 45.2 52.6 54.4 53.4 61.1 59.3 50.6 50.5 53.4 55.8 59.5 67.9 73.8 79 83.7 88.6 92.1 95.4 96 99.9 100.3 100.4 100.1 99.5 98.4 97.1 95.5 93.4 91.9 91.2 91.4 92 93.6 97.2 100.8 102.4 102.2 102 101.6 102 102 100.2 100 99.4 96.7 95.9 95 93.6 93 93.7 94.2 94.1 93.4 93.1 93.6 93.6 93.5 93.1 93.4 91.9 88.4 86.4 86 85.8 85.5 84.9 84.1
39.2 34.4 29.3 32.8 34.2 30.7 29.9 27.5 27.6 29.3 35.8 47.7 54.6 59.5 63.3 66.8 65 65 65 61.7 56.4 55.4 56.5 60.6 61.3 65.1 75.4 80.3 85.4 93.1 96.4 95.6 97.2 99.3 100.1 99.8 99.2 98.3 97.1 95.8 94.5 92.7 91.6 90.9 91.1 91.7 93.2 95.7 99.6 102 102.4 101.5 101.6 102.8 102.3 100.1 99.5 98.7 98.1 97.4 96.4 94.6 93.1 93.4 94.5 94.2 93.4 93.4 94.1 94.3 94.6 94.8 94.9 93.7 92.2 91.9 90.6 89.7 88.5 87.8 87.1
34.2 33.1 27.7 30.7 30.6 28.6 26.3 27.9 29.9 36.6 48.9 61.7 67.1 71 71.5 70.3 68.8 67.6 66.8 63.9 65.3 63.3 66.1 74 76 75.6 67.5 75.2 84.7 91 92.3 95 97 97.9 98.6 98.5 98.1 97 95.7 94.5 93.2 92.2 91 90.9 90.8 91.3 92.8 97.2 99.9 101.6 101.3 100.5 101.3 101.6 101.2 100.8 100.3 99.7 99.2 98.4 96.6 94.8 93.4 93.4 94 94.5 94.2 93.9 95.2 95.8 96.1 96.3 95.8 95.3 95.7 96.5 93 92 91.4 90.3 89.7
32.3 24.8 26 27.5 28 27 28.1 30.9 40.6 50.5 62.4 69.6 75.1 76.1 74.7 73.4 71.7 70.3 69.4 70.2 70.9 71.6 76.7 81.6 83.3 82.7 82.5 71.3 75.2 84.5 90.2 93.8 96.5 96.5 96.7 96.7 95.8 95.3 94.4 93.2 92.7 91.7 90.8 90.7 90.7 91.3 94.9 98.9 101.2 101.9 100.8 100.8 101 101.1 100.9 100.7 101 101 99.6 98.1 96.3 95 94.1 94 94.4 95.8 97.7 95.8 96.7 97.3 97.5 97.9 96.9 96.9 96.6 95.5 94.6 93.7 92.9 92.3 92.9
30 24.7 25.4 25.6 26.7 26.2 35.3 45.1 50.4 57.3 70.7 76.6 78.6 78.4 77.2 75.9 74.4 73.5 74.5 75.7 75.6 78.3 81.7 84.9 86 86.1 86.9 83.4 77.1 77.7 79.9 85.4 94 94.8 95 94.2 93.5 93.1 92.4 92.6 92.3 91.1 90.5 90.4 90.6 91.2 95.1 97.9 99.9 100.7 100.4 100.6 100.7 100.7 100.4 100.1 100.9 100.8 99 97.6 96.2 95.4 95.5 95.9 97.3 99.8 103.4 104 101.1 98.7 99 99 98.2 98.2 97.6 96.5 95.8 95.4 94.5 94.1 94.9
25.3 24.5 25 22.7 25.7 30.6 45 50.1 55.4 64.5 76.5 81.4 81.1 80.1 79.1 77.9 77.7 77 78.3 79.5 81.8 83.7 85.8 87.3 88 88.6 88.7 89.5 87.5 84.7 82.6 80 83.1 88 90.9 91.1 91 90.8 90.8 92.1 91.7 90.7 90.3 90.1 91 91.5 93.5 96.6 98.3 98.9 100 100.4 100.5 100.2 99.9 99.5 99.8 99 98.5 97.4 97.3 97.3 97.7 99.4 101.1 102.7 103.8 103.8 102.2 100.7 101.4 100.2 99.6 99.2 98.6 97.3 96.8 96.6 96.2 95.7 95.6
23.7 22.1 22.2 25.8 26.8 39.1 46.9 51.7 63.1 72.7 80.2 82.7 82.8 81.7 80.5 79.6 80 80.3 82 85.2 87.2 87.7 87.9 88.6 88.7 88.9 89.1 90.7 91.2 91 89.8 88 82.5 82.5 87.2 87.9 88 88.8 89.6 91.3 90.5 89.6 89.4 90 90.8 90.4 92.4 94.8 96.7 98 99.3 100.1 100 99.7 99.4 99.5 98.8 98.4 98.8 99.9 100.1 101.2 102.3 102.9 102.3 102.8 103.7 103.1 104.3 106.3 106.9 104.2 101.8 100.2 99.5 98.2 97.8 97.6 97.3 97.2 96.2
21.6 22.6 24.2 29.6 31.3 41.2 48.1 58.9 70.3 78.5 82.2 83.2 82.6 81.9 80.8 81.4 82.1 83.2 87 90.2 91.7 90 89.2 89.2 88.9 89 89.3 90.1 91 91.2 90.7 89.9 86.6 82.1 82 84 86.6 87.8 88.4 89.5 88.5 87.9 87.8 88 88.9 89.6 91.7 94.8 96.8 97.9 98.9 99.8 100 100 100 100.1 99.6 99.8 100.7 101.9 103 103.5 104.2 104.3 104.4 104.1 104.8 105.6 107.7 110.4 111.6 107.8 104.7 102.7 102.1 100.8 99.1 98.2 97.6 96.8 96.1
22.6 25.5 25 27.4 34.9 42.8 61.1 73.2 78.2 80.1 82.1 82.8 82.3 81.7 82.5 83.5 84.4 87.5 90.4 92.2 92.2 90.5 90 89.8 89.5 89.1 89.4 90 90.7 91.1 90.4 90 88.5 86 83.1 82.5 84.5 86.5 86.5 87.5 87.2 86.8 87.6 88.2 89.3 90.6 91.5 91.6 96.6 97.9 98.3 98.7 99.1 99.6 100.3 101.2 101 101.4 102.4 103.5 104.3 105.3 105.3 105.2 105.8 105.9 107.7 109.5 110.6 112.6 112.9 110.1 106.4 105.6 105 104.6 102.5 100.5 97.7 96.6 96.5
24 25.2 27.6 31.6 41.8 57.7 69.3 76.5 78.4 79.6 80.8 81.7 82 82.1 83 84.9 87.1 90 91.6 92.7 92 90.8 90.4 90.4 90.2 89.7 90.2 91.2 91.4 90.6 89.4 89 87.6 86.5 84.8 83.5 83.2 84.8 84.9 85.4 86.7 87.3 88.3 89.3 90.3 91.8 92.6 94.6 95.9 97.2 98.4 99.1 98.9 100.9 101.9 102.9 102.3 103 104 105 105.5 106.6 106.8 107.4 107.9 109.1 111 111.8 112.3 113.5 113 110.7 108.6 108.1 110.4 109.4 105 102 99.2 96.4 94.7
23.4 28 28.8 35.2 49.1 57.3 66.9 72.6 76.2 77.4 79 80.6 82.2 83.1 84.1 86.2 90.5 91.3 92.2 92.3 92.1 91.3 90.6 90 91.3 91.9 92.5 92.4 91.5 90 88.7 88.5 87.5 87.1 86 84.8 84.7 85.4 85.7 85.9 86.9 87.9 88.9 91.2 91.9 92.9 96.7 97.3 97.6 97.3 98.1 100 101.3 102.8 103.9 104.8 104.8 104.3 105.3 105.7 106.7 107.5 108.5 109.6 110.8 112 112.4 112.7 112.3 112.6 115.3 113 110.9 111.8 113.7 110.6 107.1 103 99.3 96.9 93.7
28.1 28.8 44 48.4 47.4 53 59.9 65.7 71 75 78.4 80.8 83.2 84.1 85.8 89.7 92.7 93 93.2 93.9 92.7 91.6 91.1 91.4 93.3 94.3 94.7 94.1 91.3 89.6 89.1 88.4 91.1 88.7 86.6 85.4 86.3 87 87.8 88.3 89.6 91.2 93 95.4 95.9 96.3 98.8 99.3 98.7 98.4 99.9 102 103.4 105 105.9 106.7 107.2 106.6 105.7 105.5 108.3 110 110 110.9 112.2 113 113.8 113.7 113 112.2 113.1 113.5 110.4 109.7 108 107.3 106 102.6 99.6 96.8 93.6
32.6 46.5 52.8 54.4 54.2 53 56.3 61.3 69.1 74.9 78.2 80.7 82.9 84.8 87.1 92.2 93.6 93.6 94.6 94.6 92.6 91.6 92 92.8 94.3 95.9 94.5 93 91.3 89.3 88.4 89.5 90.8 89.2 87.3 87.2 87.8 88.5 89.7 91.6 93.5 95.1 96.7 98.3 98.4 97.6 98.2 98.9 99.1 100.3 102.3 103.9 105.4 106.6 107.7 108.7 109.2 109.3 109.2 108.5 111.2 112.2 112 111.8 113.1 114.5 115.3 116.3 115.6 114.1 111.4 109 107.7 106.5 105.6 104.7 103.7 102.7 101 98.6 94.3
49.4 57.9 61.5 62.4 59.3 56.1 55.7 65.9 73.8 76.4 78.4 80.5 82.9 85.6 90.2 92.2 93.6 94.5 93.8 92.2 90.5 90.7 94.2 92.8 96.3 95.9 94.6 92.2 90.8 89 87.8 89 89.5 87.3 87.9 88.6 89.9 91.7 93.7 95.6 97.4 98.4 98.9 99.5 99.8 98.7 98.6 99 100.4 101.8 103.8 105.2 106.3 108 109.2 110.4 111.3 111.7 112.8 113.8 114.4 113.3 112.5 113.1 114.2 115.5 116.3 117.5 117.5 115.4 112.1 109 107.5 106.1 104.6 102.6 101.6 102 101.2 98.3 93.6
60.6 64.9 66.7 66.3 63.1 58.7 64.3 74.4 74.5 76.9 78.9 81.5 83.4 86.9 89.6 90.8 92.7 92.8 91 89.4 89.5 90.5 90.3 91.4 96.2 95.8 94 90.6 87.8 88.2 88.7 90.1 91.7 91.8 90.6 92.1 93.6 95.7 97.6 98.5 99.3 100 100.6 101 100.6 99.7 99.4 100.5 102 103.6 105 106 107.1 108.8 110.6 111.8 113.2 113.9 114.9 115.5 115.2 114.4 114.6 114.5 115.5 116.1 116.3 117.5 116.9 115.2 112.2 109.7 107.8 106.7 104.6 101.5 101.4 99.9 97.2 94 90.5
58.8 67.1 68.5 68.4 65.5 61.4 64.7 69.1 71.3 73.5 75.6 74.5 78.7 86.4 87.2 88.7 87 86.9 85.9 86.9 88.8 83.8 86.2 92 89.5 82.7 83.5 90.6 93.4 93.4 93.3 92.4 93.1 94.4 95 95.1 96.8 98.4 99 99.9 100.7 101.4 102 102.2 101.7 101.5 100.5 102.4 102.7 104.4 105.8 106.7 107.8 109.5 111.3 113 114.6 115.2 115.9 116.3 116.4 116.8 117.3 117.6 116.6 115.8 115.9 117 114.5 111.6 109.5 107.7 106.9 106.1 103.6 100.3 99.6 97.3 94.2 91.3 87.5
