app/static/ascii/SH58.asc
ncols 200
nrows 200
xllcorner 250000
yllcorner 380000
cellsize 50
[rows 152 to 189 of 200, columns 0 to 84 of 200]
101.3 91.7 91 95.9 95.7 95 94 91.7 86.6 84.2 83.9 82 80.3 80.3 81.5 92.8 94.7 93.8 89 87.5 84.2 81.8 72.7 75 87.5 84.2 80.5 76.2 72.3 67.3 63.3 55 57.2 55.1 53.8 50.5 47.6 45.4 43.6 40.9 35.8 33.1 29.9 26.6 21.3 18.3 12.7 17.2 4.6 3.3 2.3 1.8 1.5 1 0.4 -0.4 -1.2 -2.3 -2.3 -2.3 -2.3 -2.3 -2.3 -2.3 -2.3 -2.3 -2.3 -2.3 -2.3 -2.3 -2.3 -2.3 -2.3 -2.3 -2.3 -2.3 -2.3 -2.3 -2.3 -2.3 -2.3 -2.3 -2.3 -2.3 -2.3
96.8 90.1 90.6 95.6 95.5 94.7 91.8 88.6 85.8 82.5 81 79.9 78.9 78.9 87.4 93.8 91.8 90.1 83.1 83.7 83.2 73.7 72.4 74.7 82.4 79.8 77 74.5 71.3 67.9 62.3 54.4 58.1 59.8 57.2 54.8 51.4 49.3 45.9 42.5 36.9 34.8 30.2 25.3 19.3 15 16.3 19.7 19.3 19.9 16.9 2.9 2.4 1.9 1.1 0.3 -0.3 -0.9 -1.6 -2.3 -2.3 -2.3 -2.3 -2.3 -2.3 -2.3 -2.3 -2.3 -2.3 -2.3 -2.3 -2.3 -2.3 -2.3 -2.3 -2.3 -2.3 -2.3 -2.3 -2.3 -2.3 -2.3 -2.3 -2.3 -2.3
90.9 88.9 93.5 97.9 95.3 92.3 89.2 86.6 82.3 80.6 79.4 78.7 78.1 78.7 94.7 92.2 90.1 86.3 77.5 75.9 73.1 72.1 74.5 73 77.5 80.1 74.4 71.2 68.4 67.8 59.6 59.2 59.6 61.7 60.1 56.2 53.3 50.9 47.7 43.3 39.1 35.2 31.1 24.9 20.7 17.3 20.3 25.9 27.8 27.8 12.4 17.5 5.8 2.6 1.8 1.2 0.6 0 -0.6 -1.1 -2.3 -2.3 -2.3 -2.3 -2.3 -2.3 -2.3 -2.3 -2.3 -2.3 -2.3 -2.3 -2.3 -2.3 -2.3 -2.3 -2.3 -2.3 -2.3 -2.3 -2.3 -2.3 -2.3 -2.3 -2.3
89 88.5 90.3 95.6 92.9 89.9 87 84.1 81.5 80.4 80.1 79.5 78.3 76.7 93 91.9 88.8 76 71.3 71.2 72.2 75.7 73 70.6 69.4 72.4 71.6 68.1 66.4 65.1 68.1 63.1 61.1 61.8 58.4 55.3 53.6 50.1 46.6 43.2 39.1 36 33.1 32.4 26.6 20 26 29.7 32.7 32.9 29.7 9.2 10 6 2.7 2.2 1.6 1 0.4 -0.2 -0.9 -1.4 -2.3 -2.3 -2.3 -2.3 -2.3 -2.3 -2.3 -2.3 -2.3 -2.3 -2.3 -2.3 -2.3 -2.3 -2.3 -2.3 -2.3 -2.3 -2.3 -2.3 -2.3 -2.3 -2.3
87.8 88.4 88.4 92.3 90.2 87.8 85.2 82.4 79.7 79.8 80.2 80.4 79.3 74.5 78.4 76.5 71.9 71.4 70.2 70.4 73 73.2 71.2 68.5 68 67.6 68.1 67.9 67.2 67.2 67.4 66 61.8 60.7 56.3 53.2 51.1 47.8 45.9 43 39.4 36.3 34.6 33.3 29.5 25.5 29.4 40 47 45.2 43.2 40.5 25.5 11.9 15.6 9.4 2.6 2 1.4 0.7 0.1 -0.4 -0.5 -1 -2.3 -2.3 -2.3 -2.3 -2.3 -2.3 -2.3 -2.3 -2.3 -2.3 -2.3 -2.3 -2.3 -2.3 -2.3 -2.3 -2.3 -2.3 -2.3 -2.3 -2.3
86.8 85.1 86.1 89.5 88.1 84.7 83 79.9 78.9 82 81.6 82 78.4 76.3 72.4 73.2 71.8 71.6 71.5 72 72.5 68.4 68.3 68.6 67.8 67.4 69.8 70.1 69.5 69.2 70 69.7 60.9 58.9 54.2 52.1 49.5 47 44.8 42.2 39.9 37.2 35.5 33.3 27.4 28.1 36.2 45.9 47.3 45.2 43 40.3 37.6 35 29.9 31 26 5.1 2.3 1.6 1.1 0.7 0.7 0.4 -0.8 -2.3 -2.3 -2.3 -2.3 -2.3 -2.3 -2.3 -2.3 -2.3 -2.3 -2.3 -2.3 -2.3 -2.3 -2.3 -2.3 -2.3 -2.3 -2.3 -2.3
87.3 85 83.2 84.3 85.9 82.5 77.9 76.3 76.9 77.1 79.6 83 77.1 74.5 77.9 77.3 73.2 73.1 75.5 74.7 72.5 73.3 74.7 74.8 70.2 68.4 69.8 69.5 70.3 71.7 72.3 70.2 63.8 57.7 54.4 52 48.5 46.6 44.6 42.6 41 38.8 36 31.5 29.4 32.7 42.5 47.1 47.8 45.9 44.8 43.5 42.4 39.7 37.2 36 33.1 28 5.4 2.6 2.2 1.9 1.9 1.7 0.6 -0.5 -2.3 -2.3 -2.3 -2.3 -2.3 -2.3 -2.3 -2.3 -2.3 -2.3 -2.3 -2.3 -2.3 -2.3 -2.3 -2.3 -2.3 -2.3 -2.3
86.7 85.3 81.7 78.9 77.6 76.5 76.2 75.8 76.6 78.1 76.5 74.9 73.6 73.9 81.2 75.4 73.5 74.4 77.5 79.3 78.7 78.1 80.8 78.1 75.5 71.7 69.7 71.8 72.7 74 72.1 69.1 61.2 60 55.4 54 47.7 45.4 44.3 43.9 41.8 39.3 34.6 30.1 32.5 36.4 43.4 56.5 53.1 55.5 54.8 53.9 51.4 48 48.5 43.8 39.1 35.2 22.7 5.4 3.7 2.9 3.2 2.8 1.9 0.4 -0.9 -2.3 -2.3 -2.3 -2.3 -2.3 -2.3 -2.3 -2.3 -2.3 -2.3 -2.3 -2.3 -2.3 -2.3 -2.3 -2.3 -2.3 -2.3
84.9 82.2 77.9 77.6 76.9 75.6 77.2 77.9 79.8 78.7 79.2 76 75.6 77.5 79.7 79.7 78.9 79.1 79.5 79.1 79 79.4 79.7 78.4 75.2 73.6 71.7 73.2 76.1 74.2 72.2 67.9 63.4 58.7 56.3 53.4 47.2 44.5 43.1 42.6 40.4 34.2 33.1 31.4 35.9 39.1 49.4 60.1 64.8 69.2 69.6 69 65.1 63.2 60.7 60.5 59.3 46.2 35.7 14.8 8.9 9.4 10.1 7.4 2.5 1.1 -0.6 -2.3 -2.3 -2.3 -2.3 -2.3 -2.3 -2.3 -2.3 -2.3 -2.3 -2.3 -2.3 -2.3 -2.3 -2.3 -2.3 -2.3 -2.3
77.8 77.2 77.2 77.1 75.9 80.3 78.3 77.5 79.5 77.7 77.2 77 78.8 77.4 78.4 84.2 83.9 79.2 78.2 77.3 78.4 79.1 78.8 77.6 76.4 74.6 72.4 76.8 75.9 74 69.7 67.6 63.4 60.9 57.5 51.1 47.7 45.2 43.2 41.6 38.6 36.7 36 34.7 39 41.1 50.4 60.9 68.1 70.7 71.2 70.5 69 68.1 66.5 63.5 61.2 54 42.7 26.7 12.5 10.3 10.1 8.8 10.7 1.5 -0.2 -2.3 -2.3 -2.3 -2.3 -2.3 -2.3 -2.3 -2.3 -2.3 -2.3 -2.3 -2.3 -2.3 -2.3 -2.3 -2.3 -2.3 -2.3
76.5 77.2 78.7 82.3 80.9 78.4 77.9 79.9 80.8 80.4 80.2 78.3 77.6 76.7 79.6 79.7 78.7 76.3 76.4 77.6 77.4 78.3 78.3 78.6 80 80.3 78 76.9 74.6 72.7 71 68.1 63.4 58.7 54.7 52.5 50.4 47.8 45.2 43.9 41.8 40 38.3 36.1 39.2 42.3 56.7 61.7 69.6 71.8 72.3 71.5 71.2 71.3 68.7 66.1 62.2 54.6 49 29.1 13.8 11.7 11.3 10.8 10 1.6 -0.6 -2.3 -2.3 -2.3 -2.3 -2.3 -2.3 -2.3 -2.3 -2.3 -2.3 -2.3 -2.3 -2.3 -2.3 -2.3 -2.3 -2.3 -2.3
78.5 87.3 86 82.5 77.8 77.3 81.2 83.3 83.4 80.3 78.8 77.8 78 75.9 75.8 75.6 75.5 76.7 78 78.7 77.9 78.1 78.1 84.2 81.4 81.1 80.1 77.2 74.2 71.4 70.3 68.3 62.5 57.9 55.9 56.4 54 49.8 47.5 46.3 47.4 42.8 39.8 38.2 38.7 45.9 57.6 64.6 71.7 73.3 73.7 72.6 71.8 72.6 70.8 67.2 63.1 57.4 48.9 33.1 15.6 13.7 11.1 7.8 8.5 1.5 -1 -2.3 -2.3 -2.3 -2.3 -2.3 -2.3 -2.3 -2.3 -2.3 -2.3 -2.3 -2.3 -2.3 -2.3 -2.3 -2.3 -2.3 -2.3
85.9 85.4 83.1 79.2 77.9 78.4 79.9 79.6 79.3 78.5 79 79.4 76.6 76.3 76.2 76.6 77 77.9 79.5 79.3 80.7 80.6 79.3 80.8 81.4 80 77.9 76.3 72.8 70.8 69.9 68 61.4 57.3 57.6 61.4 61.9 57.7 56.2 54.8 51.2 44.7 41.4 39.3 39.5 50.4 59 66.9 73.6 75.2 74.8 73.5 75.2 72.8 70.2 67.4 63 56.3 46.8 32.2 16.7 14.6 9.1 7.1 3.5 1 -2.3 -2.3 -2.3 -2.3 -2.3 -2.3 -2.3 -2.3 -2.3 -2.3 -2.3 -2.3 -2.3 -2.3 -2.3 -2.3 -2.3 -2.3 -2.3
81.5 82.2 79.7 77.6 77.6 77.9 78.8 79 80.1 79.7 78.1 77.2 76.8 77 77.8 78.2 77.9 81 88.7 88.6 86.7 82.6 80.3 79.6 79.4 77.6 76 74.8 71.5 69.6 68 66.1 59.5 61.7 60.6 60 61.2 60.5 66.5 65.3 60.6 48.6 42.8 40.5 40.2 53 59.7 69.2 73.3 74.2 75.4 75.4 73.3 71.4 69.3 67.1 62.5 53.6 47.1 32.7 18 17.1 16.8 21.7 2.4 0.2 -2.3 -2.3 -2.3 -2.3 -2.3 -2.3 -2.3 -2.3 -2.3 -2.3 -2.3 -2.3 -2.3 -2.3 -2.3 -2.3 -2.3 -2.3 -2.3
79.4 78 77.4 77.4 77.4 77.5 77.9 80.6 86.8 81.6 77.4 76.8 77.5 78 78.4 78.4 83.5 79.1 88.9 86.6 83.6 81 80 78.9 78.8 75.5 74.8 72.5 70.1 64.3 65 62.7 57.7 62.9 60.1 60.3 62 67.7 64.9 60 58.6 50.8 50.9 42 41.5 48.6 60.2 70 70.4 72.2 74.9 72.9 71.5 69.2 66.7 64.3 60.1 52.1 45.8 29.2 19.3 18.4 20.7 22.1 2.3 -0.3 -2.3 -2.3 -2.3 -2.3 -2.3 -2.3 -2.3 -2.3 -2.3 -2.3 -2.3 -2.3 -2.3 -2.3 -2.3 -2.3 -2.3 -2.3 -2.3
78.5 78.1 77.5 77.3 77.3 77.3 78.3 86.8 84 79.6 76.9 77.2 80.2 78.6 79.5 86.6 79.1 79.1 86.7 84 80.9 79.8 79 79.7 77.2 74 71.1 68.7 66.3 62.5 61.5 59.6 55.7 60.4 58.9 58.9 64.2 66.3 61.2 58.1 52.8 51 50.6 44.9 41.4 47.1 61 66.8 68 72.1 71.8 70.3 69.6 67.2 64.8 62.3 57.9 50.5 45.4 22.5 21.5 24.7 24.4 20.4 1.9 -2.3 -2.3 -2.3 -2.3 -2.3 -2.3 -2.3 -2.3 -2.3 -2.3 -2.3 -2.3 -2.3 -2.3 -2.3 -2.3 -2.3 -2.3 -2.3 -2.3
79.4 78.8 78.2 77.5 77.7 77.9 82.2 82.4 79.4 78.2 77.4 79 80 78.7 80.7 79.1 79.1 86.2 83.5 80.5 79.7 79 78.9 78.2 73.8 70.7 68.2 66.1 63.9 60.8 59.4 58.4 53.2 57.8 58.6 60.3 60.5 62.5 60.5 55.6 51.7 49.3 48.8 48 41 52.2 63.4 65.7 66.4 71.3 69.5 68.4 68 65.9 63.2 60.5 57 48.8 41.8 23 23.2 24.7 21.6 17.2 1.4 -2.3 -2.3 -2.3 -2.3 -2.3 -2.3 -2.3 -2.3 -2.3 -2.3 -2.3 -2.3 -2.3 -2.3 -2.3 -2.3 -2.3 -2.3 -2.3 -2.3
78.5 78.6 78.1 77.4 77.7 91 88.8 83.4 79.8 80.5 78.4 77.9 78.3 79.1 79.1 79.1 79.1 84 81.9 81.3 80 80.5 78.3 73.8 70.5 68.1 65.8 64.3 60.5 58.4 56.5 57.5 52.6 59 58 60.9 58.6 60.2 57.8 54.1 50.5 47.1 44.9 45.3 41.3 55.5 63.1 63.7 64.3 68.7 67.3 67 66.4 64 61.4 58.7 53.4 46.5 40.1 24 24.3 20.7 41.9 9.2 0.4 -2.3 -2.3 -2.3 -2.3 -2.3 -2.3 -2.3 -2.3 -2.3 -2.3 -2.3 -2.3 -2.3 -2.3 -2.3 -2.3 -2.3 -2.3 -2.3 -2.3
77.4 77.5 77.7 77.3 87.7 88.8 86.9 84.1 81.6 79.2 78.4 78.7 79.7 82.3 79.8 79.1 79.1 85.4 80.3 81.7 81.4 79.3 76.8 72.3 68.8 66.6 64.2 60.9 58.7 56.9 55 56.7 48.8 53.8 57.3 60.8 57.7 58.9 55.5 51.8 48.2 44.3 43.6 43.1 41.5 53.3 60.4 61.8 62.2 65.8 65 65 64.5 62 59.4 56.4 50.9 43.3 36 24.1 25.7 15.6 14.8 2.6 -2.3 -2.3 -2.3 -2.3 -2.3 -2.3 -2.3 -2.3 -2.3 -2.3 -2.3 -2.3 -2.3 -2.3 -2.3 -2.3 -2.3 -2.3 -2.3 -2.3 -2.3
77.3 77.4 77.2 78.3 84.3 86.8 85.3 82.7 79.7 77.8 78.6 82.5 82.9 82.5 83.9 82.8 86.7 87.8 84.6 81.9 79.7 77.5 74.9 70.5 66.6 66 64.1 70 67.9 55.9 53.7 48.2 47.3 51.5 55.6 61 61.4 57.3 54 49.4 46 43.5 43.2 42.4 41.7 51.3 58.6 60.7 60.6 64.5 63.4 63.2 62.3 59.8 57.8 53 48.5 43.7 29.3 22.2 21.8 19.1 5.5 1.2 -2.3 -2.3 -2.3 -2.3 -2.3 -2.3 -2.3 -2.3 -2.3 -2.3 -2.3 -2.3 -2.3 -2.3 -2.3 -2.3 -2.3 -2.3 -2.3 -2.3 -2.3
77.4 77.6 77.5 78.4 81.2 85 84.2 78.3 77.1 77.4 79.5 83 82.7 83.8 85.7 85.2 86.3 84.3 82.6 80.4 78.1 75.9 72.4 67.9 66.9 66.5 71.7 70.4 70.3 59.4 52.4 47.1 46.1 48 54.1 60.2 61.1 53.7 51.7 46.9 43.6 41.7 41.7 40.7 45 52.2 58.7 58.6 58.8 63.1 62.1 61.5 59.4 56.8 53.7 50.4 46.4 42.1 25.3 20.1 15.6 10.3 3.3 0.2 -2.3 -2.3 -2.3 -2.3 -2.3 -2.3 -2.3 -2.3 -2.3 -2.3 -2.3 -2.3 -2.3 -2.3 -2.3 -2.3 -2.3 -2.3 -2.3 -2.3 -2.3
77.5 77.7 77.8 79 83.7 80.5 77.3 76.5 76.8 77.5 81.4 82.5 82.1 86.4 87.3 86.2 83.8 82.4 80.6 78.7 76.8 75.3 71.8 73.2 74.1 71.4 71.1 69.7 68.2 57.6 50.5 45.5 46.2 47.6 53.4 59.1 59.3 52.9 48.9 45 41.4 40.4 40.3 39.8 44.6 55.3 56.9 56.9 56.7 60.8 60.5 58.2 55.4 52.7 50.5 48.4 44.5 37.7 23.7 19.1 13.7 7.1 1.8 -0.6 -2.3 -2.3 -2.3 -2.3 -2.3 -2.3 -2.3 -2.3 -2.3 -2.3 -2.3 -2.3 -2.3 -2.3 -2.3 -2.3 -2.3 -2.3 -2.3 -2.3 -2.3
77.6 77.7 77.9 79.8 84.6 77.9 76.4 77.4 79.2 79.2 86.6 84.5 82.6 82.4 85 84.3 82.7 80.1 78.9 77.9 86.2 85.4 81.6 76.9 73.8 70.4 69.1 67.7 65.9 63.1 49.4 45.2 48.9 46.6 51.9 56.7 56.7 52.7 46.7 42.6 40 39 38.8 39.8 46.7 55.6 55.2 54.8 54.2 58.3 58.3 54.7 51.9 49.2 47.5 44.5 41 33.3 22 18.2 15.1 5.2 1.1 -0.8 -2.3 -2.3 -2.3 -2.3 -2.3 -2.3 -2.3 -2.3 -2.3 -2.3 -2.3 -2.3 -2.3 -2.3 -2.3 -2.3 -2.3 -2.3 -2.3 -2.3 -2.3
78.2 77.5 80.8 80.7 79 78.6 76.7 76.1 81.2 81 83.6 83.5 80.5 80.7 82.2 81.7 79.2 77.7 77.3 85.2 84 80.5 78 72 69.2 67.1 66.9 65.5 63.5 61 56.4 44.2 49.6 48.1 48.1 55.3 52.7 50.2 45.7 41 38.8 38 37.7 39.9 46.9 54 53.5 52.7 51.9 53.8 54.4 51.4 48.5 46.3 44.6 40.9 36.6 30.8 19.7 17.3 6.5 3.1 1.1 -0.7 -2.3 -2.3 -2.3 -2.3 -2.3 -2.3 -2.3 -2.3 -2.3 -2.3 -2.3 -2.3 -2.3 -2.3 -2.3 -2.3 -2.3 -2.3 -2.3 -2.3 -2.2
86.1 80.8 84.9 78.6 78 78.4 77.8 76.7 74.7 76.5 75.4 76.8 75.8 80.4 80.3 79.1 76.9 75.9 82.4 81.5 78.9 76 71.7 67.4 65.7 64.7 63.3 61 59.4 58.6 56.3 44.6 43.6 45.5 44 52.9 49.7 48 43.5 39.3 38.8 38.1 39 41.3 48.7 52.1 52 50.9 50.1 50.2 52 48.6 45.4 43.7 41.1 38.3 31.4 27 18.1 15.1 5.2 1.8 0.4 -1.1 -2.3 -2.3 -2.3 -2.3 -2.3 -2.3 -2.3 -2.3 -2.3 -2.3 -2.3 -2.3 -2.3 -2.3 -2.3 -2.3 -2.3 -2.3 -2.3 -2.2 -2
85.6 83.9 80.1 77.9 77.7 78.8 78.7 77.1 74.7 72.3 71.2 71.1 71.8 78.9 78.1 78.2 75.8 81.3 78.6 76.2 73.1 70.5 69.6 66.1 64.4 63.2 60.6 59.8 58 55.8 53.6 47.1 43.4 42.9 42.2 49.7 46.7 45.2 41 38.1 37 37.8 39.9 41.1 44 47.7 49 48.3 48.2 47.2 46 45.4 43.1 41 37.5 31.8 27.8 19.8 16 11 2.4 0.9 -0.6 -2.3 -2.3 -2.3 -2.3 -2.3 -2.3 -2.3 -2.3 -2.3 -2.3 -2.3 -2.3 -2.3 -2.3 -2.3 -2.3 -2.3 -2.3 -2.3 -2.2 -2 -1.8
81.3 81.1 78.4 77.2 77.8 79.1 78.8 77.5 74.8 72.1 69.6 69.7 70.1 76.8 74.4 73.1 73.6 75.7 73.8 70.8 67.7 64.4 64.2 64.1 64 62.1 60.5 58.7 56.5 54.2 51.7 50.4 44.4 43.7 40.6 41 43 41 39 36.8 36.4 38.7 40.9 41.1 43.5 44.3 45 45.3 45.4 44.5 43.3 41.4 38.2 36.2 31.9 28.7 22.2 17.9 14.7 5.8 2.1 0.4 -1.2 -2.3 -2.3 -2.3 -2.3 -2.3 -2.3 -2.3 -2.3 -2.3 -2.3 -2.3 -2.3 -2.3 -2.3 -2.3 -2.3 -2.3 -2.3 -2.2 -2 -1.8 -1.6
78 77.7 77.9 77.5 78.5 78.5 77.4 75.9 73.3 70 67.4 67.7 68.6 72 73.3 71.8 71.6 72.5 69 66 63.3 62.4 60.7 60.8 58.3 56.9 54.5 53.8 52.7 51.1 47.8 45 42.2 41.3 39.9 39 40.5 38.6 36.9 35.6 35.9 38.9 39.5 40 42.1 43.2 42.8 41.9 41.3 42.3 41.1 37 35.2 31.9 30 24.6 18.6 14.2 4.8 4.2 2.1 0.1 -2.3 -2.3 -2.3 -2.3 -2.3 -2.3 -2.3 -2.3 -2.3 -2.3 -2.3 -2.3 -2.3 -2.3 -2.3 -2.3 -2.3 -2.3 -2.2 -2 -1.8 -1.6 -1.5
77.4 77.1 77.6 78.6 80.3 79.2 76.7 73.6 70.6 67.1 65.7 66 66.4 70.5 70.4 71 70.6 68.4 65.7 64.8 63.8 61.5 59.6 58.7 55.7 54 51.9 51.6 50.5 48.9 44.4 43.2 40.8 39.4 39 37.8 37.2 36.6 37.2 37.6 37.8 39.5 37.7 34.2 39.1 41.6 40.3 39 37.8 37.8 37.3 34.6 31 28.9 26.7 22.5 17.4 4.9 3.2 2.7 2.1 -0.3 -2.3 -2.3 -2.3 -2.3 -2.3 -2.3 -2.3 -2.3 -2.3 -2.3 -2.3 -2.3 -2.3 -2.3 -2.3 -2.3 -2.3 -2.2 -2 -1.8 -1.6 -1.5 -1.3
77.4 79.7 83.8 81.8 80.7 79.4 76.7 73.2 68.9 65.7 64.5 64.5 65.2 65.9 71 68.6 67.5 67.2 65.5 65.5 65.4 61.4 62.9 62.7 61.8 58.9 57.9 55.2 54.4 51.8 48.6 42.8 39.7 38.8 38.7 37 37.4 37 37.6 38.1 39.4 39 37.1 34.7 32.6 39.2 38.4 36.9 35.2 34.2 34.2 32.6 28.3 26.2 23.7 20.6 8.2 0.9 2.7 2.9 1 -2.3 -2.3 -2.3 -2.3 -2.3 -2.3 -2.3 -2.3 -2.3 -2.3 -2.3 -2.3 -2.3 -2.3 -2.3 -2.3 -2.3 -2.1 -2 -1.8 -1.6 -1.4 -1.3 -1.1
85.5 85.7 84.1 81.2 79.4 77.4 75.2 72 68.3 64.8 63.2 63.3 65.1 65.2 65.6 66 68.8 68.9 66.9 66.1 64.9 62.5 62.7 61.5 60.2 58.5 56.5 53.7 51.9 50.9 48 42.9 40.1 39.4 39.2 38.8 38.9 39.3 39.8 40 40 38.1 35.3 32.3 30.4 35.8 35.7 35.6 32.8 30.5 30.8 29.2 24.7 22 20.4 13.6 -2.3 -2.3 -2.3 -2.3 -2.3 -2.3 -2.3 -2.3 -2.3 -2.3 -2.3 -2.3 -2.3 -2.3 -2.3 -2.3 -2.3 -2.3 -2.3 -2.3 -2.3 -2.1 -2 -1.8 -1.6 -1.4 -1.3 -1.1 -0.9
84 82.8 81 79.4 77.4 75.4 73.6 70.4 67 63.4 62.2 62.6 65.4 63.8 64.1 65.1 66.6 66.1 64.5 64.3 64.1 62.8 61.3 59.4 57.9 57.7 56.3 54 55.1 52.6 46.7 43.1 41.8 43.7 40.3 40.2 40 40.8 41.3 40.3 39.5 36.5 33.5 31.2 26.3 32.9 33 32.5 30.9 27.8 25.2 23.8 21 18.5 15.4 1.4 -2.3 -2.3 -2.3 -2.3 -2.3 -2.3 -2.3 -2.3 -2.3 -2.3 -2.3 -2.3 -2.3 -2.3 -2.3 -2.3 -2.3 -2.3 -2.3 -2.3 -2.1 -2 -1.8 -1.6 -1.4 -1.3 -1.1 -0.9 -0.7
79.4 79.8 78.6 77.2 76 74.5 72.6 69.9 66.2 62.2 60.8 63.2 63.8 63 64 65.5 64.9 64.4 62.2 62.9 62.5 61.5 58.5 58 60 64.4 64.8 67.3 64.8 63.5 56.6 45.9 44 42.5 40.7 41 41.4 42.1 41.9 41 38.8 35.5 31.6 28.6 25.2 26.2 28.7 28.8 27.1 24.7 21.9 19.9 17.9 15.7 3 -2.3 -2.3 -2.3 -2.3 -2.3 -2.3 -2.3 -2.3 -2.3 -2.3 -2.3 -2.3 -2.3 -2.3 -2.3 -2.3 -2.3 -2.3 -2.3 -2.3 -2.1 -1.9 -1.8 -1.6 -1.4 -1.2 -1.1 -0.9 -0.7 -0.5
78.1 76.9 75.7 74.9 73.4 71.5 69.5 67.4 64.3 61.7 62.2 64.1 63.5 62.4 63.8 64.8 63.4 62.4 60.4 60.4 61 58.9 58.8 58.5 63.6 64.9 65.6 66.7 67.2 67 61.5 56.3 42.8 41.4 40.7 40.7 42.2 43.3 43 41.7 39.3 34.7 30.4 27.8 26.3 22.7 21.9 20.3 24.5 23.2 20.6 16.6 14.6 4.9 1.3 -2.3 -2.3 -2.3 -2.3 -2.3 -2.3 -2.3 -2.3 -2.3 -2.3 -2.3 -2.3 -2.3 -2.3 -2.3 -2.3 -2.3 -2.3 -2.3 -2.1 -1.9 -1.8 -1.6 -1.4 -1.2 -1.1 -0.9 -0.7 -0.5 -0.4
74.8 74.1 73.4 72.1 69.8 68 66.7 63.8 61.7 59.3 59.6 64.7 64.5 61.5 62.8 60.6 59.4 59.2 59.2 59.2 58.4 58.3 61.1 63.7 63.6 65.8 65.5 65 64.5 63.8 62 56.2 43.2 41.2 40.7 40.6 42.5 44.2 43.6 41.1 38 34.3 30.1 29.7 29.9 26.5 23.6 19.8 18.1 19.9 18 13.7 8.5 2.2 0.5 -2.3 -2.3 -2.3 -2.3 -2.3 -2.3 -2.3 -2.3 -2.3 -2.3 -2.3 -2.3 -2.3 -2.3 -2.2 -2.1 -2 -2.1 -2 -1.9 -1.8 -1.6 -1.4 -1.2 -1.1 -0.9 -0.7 -0.5 -0.3 -0.2
72.8 72.1 70.9 69.5 67.5 65.5 63.8 61.5 60.8 61.9 56.6 62.2 60.7 57.3 59 57.3 55.7 55.8 57.8 57.8 59 60.6 64.4 63.9 63.2 63.7 63.4 62.1 61.4 60.7 58.8 53.8 44.5 41.4 40.7 40.6 42.4 44.6 44.2 41.3 37.3 33.9 30.4 30.6 32.1 30.9 26.7 21.8 16.1 13.7 12.2 9.9 2.6 1.5 0.4 -1 -2.3 -2.3 -2.3 -2.3 -2.3 -2.3 -2.3 -2.3 -2.3 -2.3 -2.3 -2.3 -1.9 -1.8 -1.7 -1.7 -1.7 -1.6 -1.6 -1.5 -1.4 -1.2 -1 -0.9 -0.7 -0.5 -0.3 -0.2 0
72.2 71.6 71.4 70.4 71.1 69.7 65.7 61.6 61.8 61 56.3 56.8 54.2 54 53.9 54.4 53 53.1 55.9 58.6 60.5 61.9 62.1 63.2 61.4 60 60.4 59.4 59.1 59.1 57.7 52.9 47.6 41.9 40.6 40.7 42.5 44.7 44.4 42.7 40 34.8 30.8 30.3 31.1 28.8 25.9 20.8 16.8 14.9 10.5 6.4 2.4 1.1 -0.3 -2.3 -2.3 -2.3 -2.3 -2.3 -2.3 -2.3 -2.3 -2.3 -2.3 -2.3 -2.3 -2 -1.5 -1.4 -1.3 -1.3 -1.3 -1.2 -1.1 -1.1 -1.1 -1 -0.8 -0.7 -0.5 -0.3 -0.2 0 0.2
75.8 80 78.5 76.4 73.1 72.3 71.2 62.7 62.5 60.2 57 54 53.4 52.3 52.3 53.1 52 52.1 55.2 59.9 60.6 61.2 60.1 59.4 58.6 59.2 57.6 57.3 56.8 56.7 55.8 51.3 48.4 42.1 40.4 40.7 43.5 47.1 46.1 44 40.6 36.9 32.9 28.4 29.2 26.5 22.9 19.9 17.4 16.5 13.9 11.7 2.4 0.9 -0.7 -2.3 -2.3 -2.3 -2.3 -2.3 -2.3 -2.3 -2.3 -2.3 -2.3 -2.3 -2.1 -1.7 -1.3 -1 -1 -0.9 -0.9 -0.9 -0.7 -0.7 -0.7 -0.6 -0.6 -0.4 -0.3 -0.1 0 0.2 0.4
