app/static/ascii/SH60.asc
ncols 200
nrows 200
xllcorner 260000
yllcorner 300000
cellsize 50
[rows 36 to 71 of 200, columns 82 to 163 of 200]
217.5 220 220.7 205.9 190.5 165.4 122.7 97.8 98.6 90.2 81.1 71.7 42 15 10.7 9.9 9.8 9.6 9.6 9.7 10.1 9.2 10.4 10.7 10.9 11 11.4 11.9 12.1 12.9 13.7 14.8 13.5 12.3 12.8 14.3 13.8 14.8 15.5 15.7 15.6 15.5 15.7 16.2 16.2 16.1 16.1 16 16.2 16.2 21.8 32.7 48.5 72.8 102.7 130.5 157.1 197.6 207.4 223.4 246.9 272.4 293.1 319.9 339.7 347 350.6 358.3 363.3 365.2 372.2 370.8 370.9 370.1 362.4 371.5 372.5 361.7 352.5 351.8 350.3 338.8
212 211.8 203.2 194.5 189.2 167 132.3 82.1 75.8 63.7 62.3 48 20.6 12.1 10.9 10.1 9.4 9.5 9.6 9.9 9.5 10.2 10.4 10.5 10.6 10.6 10.8 11.3 11.4 11.6 13.7 15 15.3 15.5 15.2 15.2 14.3 15.1 15.2 15.9 15.7 15.9 16.5 16.9 16.9 16.7 16.5 16.5 16.7 18.1 28.4 43.4 62.3 89 120.9 148.2 174.6 200.6 218.9 239.1 262.7 284.1 308.7 328.4 331.1 334.7 342.7 348.1 352.9 356.4 359.9 363.2 366.6 363.5 356.6 361.5 355.8 348.5 349.8 346.5 342.8 326.5
212.1 208.2 187.3 181.5 171.1 154 139.6 87.5 55.4 52.1 39.5 24.9 13.3 12 10.7 9.8 9.3 9.3 9.7 9.3 10 9.8 10 10.2 10.2 10.3 10.5 10.7 12.6 14.1 15.1 14.3 14.1 15.6 16 15.6 14.9 15.2 16 15.7 15.7 16.3 17 17.3 17.2 17.2 17 16.9 17.9 22.2 34.5 54.9 78.6 102.3 131 160.1 186.8 211.2 235.4 259 280 297.9 322.4 326.8 327.6 330.4 335.3 337.3 341 345.3 348.8 358.2 360.5 349.6 345.4 346.8 339.6 339.3 327 327 311.5 298.6
206.8 193.5 170.8 162.5 153.9 150.2 125.4 82.1 41.8 38.2 22.6 16.8 14 12.4 11.3 9.8 9.4 9.6 8.3 9.7 9.5 9.2 9.7 9.8 9.9 10 11.9 14.8 14.6 14.7 15.3 15 15.4 16.1 16.6 16.3 15.9 15.8 15.5 15.4 16.5 16.8 17.5 17.7 17.6 17.3 16.5 17.4 19 27.2 43.8 70.2 94.7 119.7 145.6 176.6 200.4 220.7 244.4 278.9 297.7 316.7 321 320.5 319.9 321.7 322.2 328.4 333.1 340.4 338.1 342.6 340.3 335.8 330.1 325.5 320.6 316.7 305 303.4 283.1 268.2
171.5 159.5 157.5 148.6 145.7 133.5 110.9 69.7 30.9 21.1 18.6 15.8 13.5 11.8 10.7 10.2 9.6 8.6 9.5 9.3 9.4 9.4 9.5 9.5 9.7 9.8 13.2 17.6 16.5 16 15.9 16 16.4 16.9 17.1 22.5 21.3 17.3 15.7 16.8 17.6 17.7 18 18 17.3 16.8 17.1 18.5 23.2 33.5 52 77.6 105.1 132.7 161.3 188 207.3 229.3 259.6 290.1 307.6 309.5 314 313.4 310.1 311.2 313.1 323 332.7 331 327.8 330.3 328.6 319.1 318 311.4 308 296.3 282.6 275.1 251.7 231.4
137.3 140.9 143.8 140.4 140.3 119.2 88.8 54.4 22.2 19.2 16.7 14.8 12.8 11 10.2 9.5 8.3 9.6 9.1 9.1 9.2 9.1 9.4 9.4 9.6 11.3 14.3 15.6 15.5 15.9 18.6 18.5 18.8 23.6 34.5 34.1 26.7 20.3 17.3 17.9 17.9 18.3 18.8 18.6 18.4 18 19.3 21.1 28.6 43.5 64.6 90.3 117.8 141.6 168.3 196.3 212.9 245.2 269.8 286.7 299.9 307.3 309.2 302.9 300.7 302.1 310.3 313.8 322.9 318.6 319 317.3 310 304.8 297.7 291.3 283.3 274.5 256.9 250.2 225.9 203.6
114.1 126.3 141.9 142.2 122.7 98.7 70 37.7 19.2 16.6 15 12.8 11.7 10.7 9.4 8.9 8.6 9.3 9 9.1 8.9 9.2 9.2 9.8 12 15.4 15.7 16.5 18 23.1 21.8 21.4 23.9 31.7 40.1 40.6 34.9 23.7 17 17.5 17.5 17.9 18.5 19.2 19.5 20.2 22.1 28.8 45.4 61.5 81.7 103.9 124.6 143.3 168 195.2 209.6 235.6 252.4 265.9 282.8 300 298.5 294.4 293.2 294.1 302.8 304.2 308.3 309.1 305 301.9 290.4 288.2 281.1 273.9 265.6 253.5 234.7 219.9 200.5 174.5
99.3 112.5 117.9 106.5 96.4 79 48.4 23.2 14.3 13.4 12.5 11.5 9.9 10.1 9.3 8.7 8.8 8.8 11.3 13.2 9.8 10.3 12.8 10.9 19.6 20.4 28 33.3 28.6 37.4 28.5 25.9 37.5 40.9 50.9 63.9 51.7 27.3 15.3 17.1 17.2 17.4 18.2 20.4 21.4 23 32.3 47.3 56.5 70.5 89.1 105.2 118.3 136.6 155.5 182 199.8 210.2 229.3 249.7 276.5 289.3 290 286 284.7 280.8 290.3 295.9 296.6 291.4 287.2 282.7 274.8 273.2 268.4 261.6 249.6 234.6 212 193.7 171.2 148.2
86.6 93.5 95.7 91.7 70.2 40.7 21.5 12 11.4 10.9 10.4 10.1 9.5 9.2 9 9.4 7.5 12.3 10.6 15.3 11.3 11.2 12.4 16.4 23.6 29 39.3 32.4 32.8 32.8 32 35.5 52.7 55.5 67.3 73.6 54 34 23.3 16 16.4 17.5 19.2 20.7 22.3 39.5 43.9 45.4 56.6 73.9 85.4 97.5 111.8 131.7 145.5 158.3 177.4 198.5 231.1 249.3 269.8 280.4 279.5 277.5 275 273.9 277 279.5 278.7 273.8 271.3 267.8 264.5 261.3 257.3 246.6 230.5 212.6 190.8 169.5 148.3 122.3
74 77.9 76.3 67.8 33.5 18.6 10.2 9.1 9 8.6 9.2 9.2 8.8 9.1 9.5 8.4 11.7 21.3 12.1 11.8 13.6 13.6 15.6 18.1 27.7 33.5 35.1 34.2 35.9 41.1 45.9 50.9 63.3 68.5 71 70.9 61.9 39.6 33.5 25.5 19.1 17.6 20.4 26.2 38.6 39.1 41.7 46.4 56 71.7 79.7 86 99.7 116.8 136 151.1 166.5 198.5 227 246.3 265 271.6 268.5 267.1 262.5 256 260.3 260.1 265.6 267.6 263.2 259.9 253.9 252.8 242.3 225 207.3 184.6 167.6 144.9 126.6 101
54 59.7 60.3 37 19.6 9.3 7.3 7.3 7.4 7.8 8 8.1 8.9 9.3 7.8 8.5 16.6 20.6 14.2 12.9 15.4 15.9 18.6 24.9 34 37.9 38.9 43.8 54.5 65.1 72.3 66 76.8 80.3 80.2 78.6 64.2 59.2 53.3 37.9 26.5 17.3 21.6 33.5 38.6 40.6 44 46.5 53.5 59 67 80.4 91.2 109.4 126.1 148.5 158.8 188.5 202.9 235.4 257.9 251.4 250.4 250.2 242.3 233.9 237.9 253.5 261.3 257.1 251.1 246.1 245.4 235.1 209.5 193.4 176.9 156.2 134.5 115.1 100.7 81
47.2 54.2 36.8 21.6 9.2 6.8 7.4 7.8 7.4 7.6 7.8 8.3 7.9 7.4 8.4 9 19.5 15.6 15.5 13.9 15.8 17.4 21.1 28.8 37.4 43.4 51.8 64.1 75.9 85.4 90 80.6 88.2 90.6 93 90.2 71.9 71.4 63.2 55.4 39.6 18.1 21.6 28.2 41.5 44.6 43 51.3 59.2 62.6 74.1 81.4 94.6 106.1 122.4 138.5 151.2 178.4 194.7 222.9 230.8 216.9 222.2 211.3 203.5 211 235.3 250 252.9 234.5 236.1 232.8 224.5 205.3 176.4 166.2 147.2 128.1 110.5 94.3 80.3 64.4
44.9 41.9 22.3 7.2 6.4 6.9 7.4 7.8 7.4 7.6 7.8 6.9 9.1 8 8.2 8.9 14.9 16.9 16.4 16.9 16.9 18.4 24.5 31.9 39.9 51.7 65.6 81.2 97.6 99.8 97.7 93.5 97.9 105.9 111.7 96.8 87.7 84.9 86.3 72.7 54 26.4 18.8 36.9 47.3 51.2 54.8 59.8 59.6 72.2 81.4 88.2 100.9 112.8 129.4 136.9 147.8 171 180.8 203.4 197.8 184.4 184.8 173.2 188.2 216.3 229.8 237.2 224.9 213.1 218 212.2 189 162.3 145.6 133.7 118.4 103.9 87.8 73.6 61.2 51.1
30.1 23.1 7 6.4 6.5 6.9 7.2 7.4 7.4 7 8 8 7.9 7.8 8.2 8.7 12.6 38.5 39.9 28.1 25.1 22.4 30.1 34.9 44 62.6 77.1 93.6 108.4 107.7 104.8 100.8 110 119.3 116.3 103.4 100.2 103.8 97.1 80.7 62.8 42.6 18.5 26.8 34.2 42.6 55 59 61.8 71.4 74.5 86.8 102.4 113.5 129.6 129.9 140.8 151 148.3 164.4 161.5 155.6 146.2 170.1 185.5 192 214.4 212.6 193.4 190.3 186.5 184 162 131.6 118.8 107 94 81.2 67.4 55.9 49.7 44.7
6.4 6.4 6.2 6.5 6.7 6.8 7.1 8.1 6.7 7.8 7.7 8 7.8 7.6 7.8 8.3 32.6 67.9 60.2 42 38.7 32.4 28.8 39.5 49.4 64.8 79.4 96.2 110 106.8 107 109.6 115.6 118.8 114.6 110.2 111.5 111.8 107.4 85.7 68.7 54.5 33.1 21.3 29.6 39.6 51.8 57.7 60.3 65.2 65.8 82.2 95.4 104.7 108.5 101.1 110.6 114.5 112.6 125.2 117.1 119.1 120.2 142 156.9 174.2 183.3 181.7 165.4 161.9 153.8 146.2 124 105.4 93.8 83.5 71.9 59 51.3 46.9 42 39
5.4 5.9 6.2 6.7 6.8 7.3 5.4 7.3 7.4 7.3 7.9 8.1 8.1 7.8 7.5 12.7 50.8 80.2 67.8 50.4 43.9 40.7 35.1 44.1 52.6 63.9 76.2 92.2 102 107.6 114.5 120.1 119.3 122.8 126.7 118.3 112.8 112.7 100.6 83.8 78.6 67.8 47.3 20 25.7 38.1 42.6 39 47.4 56.4 58.9 66.7 74.7 79.1 82.3 75.9 84.9 83.5 85.4 89.2 87.2 99.3 98.7 119.1 132.4 146.4 153.4 146.9 136.4 130.1 119 108.7 89.9 80.2 71 60 51.1 44.1 41.7 39.9 37.7 37.3
5.6 5.9 6.4 6.6 6.4 6.4 7.3 8 8 7.3 7.6 8.1 8.3 8.2 7.9 27.1 64.9 88.7 76 57.5 48.9 45.6 40.8 51.3 59.3 70.2 81.8 93.6 103.1 117.1 123 127.3 120.7 127.5 130.2 123.9 114.4 109 102 102.1 103.6 88.9 63.2 41.8 21.5 19.6 20.1 22.6 27 35.5 40.2 46.7 51.2 56.5 59 57.2 61 60.5 63.7 64.3 64.6 73.6 71.3 92.3 105.7 120.7 123.7 121.3 112.6 103.6 92.2 83 69.8 60.1 50.5 42.4 37.6 35.8 35.7 35.6 35.6 35.9
5.8 6.2 6.7 6.1 7.1 7 7.3 7.6 7.7 7.7 7.2 7.6 8.1 8.6 16.1 42.3 86.7 113.9 80.8 62.7 55.2 50.4 52.9 58.7 64.5 76.2 90.5 102 117.5 127.1 129.8 123.4 120.9 126 129.9 127.9 119.5 122.3 125.5 125.5 131.8 107.4 83.4 63.7 48.4 38.3 28.7 21.2 22.6 26.9 33.7 40.8 46.4 47.1 42.2 42.1 46 44.9 50.1 41 43.5 45.8 53.5 70.5 80.6 94.1 107.2 104.2 88.8 81.4 71.4 63.1 53.3 42.5 36.5 33.9 34 34.1 34.1 34.3 34.8 35
6.3 6.7 7 6.3 6.8 7.1 7.2 7.3 7.4 8 7.5 8.3 8.6 14.3 35.3 62.9 95.4 117.3 83.2 65.5 57.2 58.3 60.8 59.9 72.7 82.7 98.6 118.8 125.6 128.2 124.6 121.8 122.6 127.9 134.4 123.5 120.5 125.1 138.2 143.2 145 132.9 108.1 87.8 72.9 63.1 52.4 42.9 23.6 24.7 31.1 33.3 36.1 31.9 30.1 29.9 31.2 34.8 28.4 27.2 27.3 33.1 44.7 55.1 66 79.7 90.5 79.3 68.2 60.6 51.9 42.4 35.3 33 33.9 33.8 33.8 34.2 34.1 34.5 34.9 35.4
6.7 6.1 6.4 6.7 6.8 6.9 6.8 7 7.1 7.7 8.3 9.2 20.3 33 55.6 76.5 109.8 118.4 87.2 71.1 66.6 66.8 67.7 63.3 72.4 88.6 108.9 121.2 130.7 127.7 126.5 122 126.1 128.7 123.1 121.6 122.4 130.6 139.2 146.7 158 158.6 135.1 115.3 103.1 93.3 80.2 70.7 50.3 30.4 21.2 22.8 23.4 23.8 26.3 26.5 29.3 34.7 38 34.5 29.8 31 38.6 47.2 56.7 69.3 65.8 58.2 50.2 38.4 34.2 33.2 33.3 32.8 33 33.3 33.8 34.1 34.8 34.7 35 36.1
6.7 6.8 6.6 7 7 7.5 6.9 6.6 6.8 12.4 19.2 31.4 49 45.8 65.1 77 112.1 117.2 92.6 76.9 73.3 71.6 72.2 70.5 74 95.1 115.8 126 129.2 122.8 120.2 119.5 126.5 126.4 122.8 123.1 126.1 134.5 137.9 150.8 158.4 165.7 167.5 150.3 142.1 125.9 113.2 96.6 77.4 56.8 44.2 36.8 36.7 38.5 39 49.3 58 59.8 55.4 46.9 44.2 31.5 31.7 43.2 50.6 53.6 49.7 44.3 36.3 33.3 33.9 34.1 33.8 33.5 33.4 33.4 33.8 34.1 34.4 34.8 35.2 37.2
6.3 6.5 5.5 6.5 7.2 8 9.2 8.5 31.7 42.4 51.7 64.2 65 60.5 75.5 93.3 115.8 115.2 94.6 80.3 78 78 77.1 75.4 77.1 96.8 110.5 120.6 122.9 118.8 116.7 117.6 122.7 120.8 122.3 124 128.6 134 143.5 154.9 165.6 177 188.9 190.1 181.1 163.1 143.3 126.5 106 84.8 72.9 62.9 59 58.2 59.4 66.5 78.4 87.4 78.7 69.6 64.7 58.4 29.1 31.1 35.6 31.6 33.5 30.6 30 33.2 34 34.5 34.5 34.3 34.3 33.7 34 34.2 34.6 35.2 36.5 53.4
5.9 5.8 5.5 9.9 11.3 13.7 30.1 48.6 63.8 74.2 83.3 79.9 84.5 80 98 112.2 132 114.8 93.4 85.4 83.8 83 82.4 79.5 78.7 97.1 110.6 118.6 120.3 117.4 113.9 114.8 118.5 118.9 126.1 128.6 131.5 139.7 156.3 164.3 173 191.4 214.1 226.1 223.6 202.3 177 158.3 136.1 117.7 102.4 91.4 85.4 82.3 83.6 93.6 99.5 107.1 103.4 94.7 86.6 76.5 63.2 52.7 43 39.9 35.2 36.7 32.4 34.1 34.5 35 35.4 35.4 34.8 33.9 34.4 34.2 35 35.6 53.2 74.1
5.3 6 22.5 38 43.8 51.8 69.6 90.3 101.3 111.4 115.5 106.4 104.8 101.7 111.4 132.7 131 110.7 97.2 93.6 90.3 88.3 86.8 83.6 80.8 99.2 111.8 120.5 121 116.1 112.7 114 116.2 120.3 131.4 136.9 141.1 148.9 160.7 170.5 181.5 199.2 220.9 241.7 252.9 237.7 222.5 190.7 164.7 148.4 137.2 127.8 120 113.5 119.1 125.2 124.4 129.3 125.4 119 111 101 91 81.5 70.2 62 55.7 46 34.3 33.7 34.2 35.7 36.7 37.4 37.3 36 35.8 36.3 38.6 52.9 72.4 93.2
5.2 24.2 49.2 68.7 88.3 103 125.1 132.6 144.2 143.6 136.1 130.6 131.5 128.3 131.5 134.4 129 119.9 111.4 106 100.1 94.9 91.8 89.9 86.7 97.7 116.4 120.4 116.1 111.3 111.7 112.3 115 119.3 129.8 144.7 150.8 155.1 167.2 181.7 189.6 206.2 225 242.7 249.8 246.2 239 221.9 205 190.3 178 165 153.9 147.5 152.8 154.3 159.4 158.9 151 142.7 139.2 130.7 121.1 111.7 100.5 90.7 78.1 52.6 38.8 34.6 34.4 35.5 37.7 39.6 40.3 39.5 39.3 44.7 56.7 73.5 92.5 111.9
13.3 60.6 84.4 105.5 140.2 192.5 189.4 173.7 171.4 164.3 156.5 151.2 145.8 152.4 145.7 145.5 148.8 142.6 127.9 113.7 104.9 100.9 97.3 94 90.7 94.8 97.7 102.3 109.7 113.6 108.9 112.2 114.6 119.6 131.7 149.9 154.7 161.6 173.3 182.7 199.6 215 223.9 234.5 237.9 241.3 246.9 250.8 248.6 238.6 225.5 207.9 194.6 185.6 183.7 187.1 190.6 183.6 176.5 170.1 164.7 157.8 151.1 139.1 124.8 104.8 80.7 54.1 39.2 35.8 36.1 37.3 38.5 40.2 41.8 47.1 52.3 64.4 78.8 94.4 109.3 128
38.1 89.1 111.8 150.4 191.1 229.6 210.3 198.5 189.7 176.8 169 160.8 158.4 164.6 164.5 171.7 172.5 152.1 134.7 119.8 110.1 104.5 101.3 98.2 95.9 107.5 99.9 101.9 108.2 111.2 111.9 115.3 118.4 121.8 134.4 151 153.1 163.9 172.1 179.8 199.2 218.8 216.5 217.5 227.5 235 244 251.2 262.8 267.5 266 249.3 236.8 227.4 223 217.2 210.6 200.3 190.9 184.7 180.7 172.8 168.6 142.7 120.4 95.4 71.3 45.4 37.4 37 36.6 35.4 37 37.7 45.3 58.6 64.8 80.5 82 95.3 108.7 123.8
39.9 65.2 95.7 145.5 196.4 213.7 202.2 198.7 186.8 180.9 174.3 171 171 176.6 189.8 195.4 178.9 158.4 141.1 123.8 113.4 109 106.2 104.2 108 118 114.6 107.7 107.1 113.7 119.7 122.3 127 128.9 138.1 140.3 148.7 160.1 173.9 182.6 196.2 197.8 201.5 213 223.9 234.2 250.4 263.7 272.5 279.9 278.8 274.4 262.6 253.5 243.2 230.2 217.4 205.8 196.9 190.9 189.6 173.4 155.4 133.2 106.5 81 58.4 40.6 39.2 38.8 38.7 44.8 52.8 60.2 53.2 50.8 59.7 70.2 75.2 91.9 106.7 117.3
30.9 55.1 77 133.7 187.7 181 179.3 182.6 182.4 182.1 186.1 188 188.6 198.9 206 204.2 182.5 161 140.9 127.6 118.9 115.3 111.9 109.7 113.3 120.1 125.1 122.4 119.1 125.9 131.4 134 138.2 139.8 142.2 147.5 154.7 166.7 176.9 186.7 200.3 211.4 219.6 224.7 229.2 239.5 251.5 268.4 282.4 281.3 278.5 277 267.6 259.2 246.8 231 219.1 210.6 202.2 195.9 189.9 163.1 142 113 89.3 66.9 48.6 40.9 40.8 42.1 48.4 58.5 67.3 76.9 78.1 81 79.6 77.4 73.9 72.2 95.3 114.6
21.8 41.7 57.3 114.2 157.4 155.7 153.2 167.2 178.6 185.7 197 192.3 199.6 212.5 218 210.4 180.4 157.5 142 136 129.2 122.3 117.4 117.9 120.3 131 135.5 135.5 130.5 133.7 140.5 144.6 145.9 148.2 151.3 157.6 165.1 177.2 187.3 199.2 220 229.8 232.5 236.1 239.7 248 259.7 271.3 271.1 272.9 274.1 271.8 267.1 260.7 242.9 226.9 219.4 209.3 201.5 192.5 171.4 145.7 117.8 93.6 71.1 53.6 43.7 43.2 44.4 48.2 60.2 68.9 79.1 86.6 89.9 97.7 103 108.4 105.6 78.5 82.2 107.1
10.6 22 47.6 104.6 131 130.5 133.2 157 159.6 190 211.5 198.5 214.1 232.4 224.3 196.9 173.1 156.4 148 144.6 136 126.7 122.9 120.3 129 143.8 147.9 147.8 143.8 139.9 144.9 149.2 153.4 154.4 161.8 168.2 172.4 185.5 197.7 204.4 220.5 228.4 236.1 239 243 259.7 268.2 266 268.7 269.8 268.7 266.2 258.6 242.6 226.6 216.8 209.6 202 185.4 175.1 153.1 123 97.8 74.7 58.4 46.6 46.3 47.6 50.3 58 68.6 75.7 86.3 94.9 106.4 114.7 119.8 129.4 126.6 104.5 75.1 103.4
6.1 10.1 34.7 83.2 103.5 105.2 121.5 128 151.7 175 200.5 223.4 246.4 238.9 213.7 186.5 173.3 160.8 152.2 144.5 137.1 130.3 128.5 131.2 143.4 157 163.2 160.3 155.5 148.4 147.9 153.4 158.7 162.4 168.7 176.2 178.1 190.9 200.7 207.6 210.3 223.5 236.2 244.1 249.6 254.1 259.7 259.2 260.5 261.3 258.1 250.5 240.9 220 207.2 195.9 193 173.4 162.5 154.7 130.5 102.4 78.9 59.6 48.8 48.7 48.5 50.3 55.4 65.9 77.2 89.8 100.2 116.7 127.8 137.3 148 155 150.3 123.6 86.5 97.5
5.6 7.1 20.6 61.2 79.9 96 107.3 125.8 159.4 194.4 223.4 252.2 246.2 226.8 205.5 189.4 178.7 162.6 152.5 145.1 140.3 139.8 140.5 140.4 154.5 166.9 174.5 175.6 171.8 159 152.7 154.6 157.9 164 169.7 178.6 181.4 190.6 200.7 208.3 213.8 221.2 238.3 243.8 242.3 250 257 260.3 254.8 246.9 235.8 226.6 217.6 200.9 187 174.9 165.1 150.4 146.3 132.4 104 80.1 62.5 51.5 49.9 52.5 55 58 62.5 76.6 94.5 107.1 125.7 144.8 153.7 158.3 163.3 170 170.8 141 101.3 89.4
5.2 7 13.5 43.9 68.7 89.9 112.5 143.6 183.3 227.5 233 242.5 230.2 217.4 202.5 192.4 175.9 167.5 157.7 156.5 158.4 158.8 156.1 158.4 167.7 177 188.4 194.9 187.4 172.1 162 158.5 160.4 166 168.3 178.1 184.7 191.2 198 208.1 205.5 214.4 220.1 228.5 239.9 250.2 250.2 246.5 234.5 223.1 211.7 204.3 192.2 174.9 162 144.1 137.6 141.3 121.7 97.7 80.7 64.6 57.4 54.8 57.6 61.6 68.5 76.2 86.6 100.6 113.8 121.3 153.2 166.6 171.7 173.7 179.9 189.5 192.1 162.2 128 107
6.6 7.3 33.6 65.8 88.5 99.9 128.1 167 207.5 218.8 230.2 228.1 217.8 208.7 201.7 194.7 185.4 173.8 173.8 178.7 182.4 170.5 167.8 171.9 179.1 189.6 200.2 207.4 199.3 184.5 169.8 164.6 161.5 165.2 168.1 179.7 186.6 193.2 199.1 202.6 200.1 205.6 215.1 219.6 232.9 235.9 232.9 221.9 212.2 197 188.2 181.9 172.1 153.2 134.5 126.9 126.6 106.9 91.1 76.4 62.3 64.2 62.6 64.6 71.7 78.3 86.6 100.5 116.5 135.2 148.8 150.4 165.3 178.9 182.6 186.8 196 210.7 217.9 194.4 162.6 136.9
8.1 10.1 15.2 59.9 67.2 88.7 135.9 171.6 195.6 202.5 218.3 212.9 205.7 207.2 207.3 204.2 192.5 192.2 196.3 196.8 187.8 173 172 177.7 191.2 203.3 210.6 214.1 208.6 196.5 184.2 171.3 165.2 165.6 169.2 175.6 187.6 189.1 198.3 193.8 196.6 201.3 214 216.7 221.2 217.8 211 202.1 187.7 174.5 166.8 158.1 143.8 123.2 114.6 110.2 95.8 81.5 68.8 63.1 70.9 76.3 77.5 82 89.1 96.5 104.4 120.6 146.4 167.5 175.7 173.4 180.7 188.6 196.9 204.6 212.8 226.1 237.8 227.1 193.2 169
