app/static/ascii/SH61.asc
ncols 200
nrows 200
xllcorner 260000
yllcorner 310000
cellsize 50
[rows 111 to 147 of 200, columns 0 to 83 of 200]
-1.2 -1.2 -1.2 -1.2 -1.2 -1.2 -1.2 -1.2 -1.2 -1.2 -1.2 -1.2 -1.2 -1.2 -1.2 -1.2 -0.9 -0.3 0.1 0.5 0.9 1.3 1.7 6.3 3.6 2.4 2.5 1.4 0.1 -1.2 -1.2 -1.2 -1.2 -1.2 -1.2 -1.2 -1.2 -1.2 -1.2 -1.2 -1.2 -1.2 -1.2 -1.2 -1.2 -0.8 -0.4 -0.1 0.1 0.3 0.3 0.3 0.6 1 1.4 4.5 2.3 13.8 14.1 8.5 2 2.4 1.8 2 1.5 1.4 2.1 2.4 2.5 2.7 2.4 2.1 1.4 1.2 1.1 0.4 0.7 1.1 1.3 0.3 3.8 4.8 16.7 32.8
-1.2 -1.2 -1.2 -1.2 -1.2 -1.2 -1.2 -1.2 -1.2 -1.2 -1.2 -1.2 -1.2 -1.2 -1.2 -1.2 -0.7 -0.2 0.4 0.9 1.3 1.8 5.8 2.9 2.5 2.5 2.4 1.7 0.7 -1.2 -1.2 -1.2 -1.2 -1.2 -1.2 -1.2 -1.2 -1.2 -1.2 -1.2 -1.2 -1.2 -1.2 -1.2 -1.2 -0.9 -0.5 -0.3 -0.1 -0.1 -0.1 -0.1 0.3 0.6 1 1.7 -1.2 3.3 2.7 2.1 1.9 2.3 1.5 1.9 1.9 1.9 1 2.2 2.4 2.3 2.3 2.1 1.4 1.1 0.9 0.7 0.9 3.1 2.2 5.2 18 38.3 55.6 73.6
-1.2 -1.2 -1.2 -1.2 -1.2 -1.2 -1.2 -1.2 -1.2 -1.2 -1.2 -1.2 -1.2 -1.2 -1.2 -1.2 -0.6 0 0.6 1.2 1.7 5.4 2.6 2.7 2.6 2.4 2.4 -1.2 -1.2 -1.2 -1.2 -1.2 -1.2 -1.2 -1.2 -1.2 -1.2 -1.2 -1.2 -1.2 -1.2 -1.2 -1.2 -1.2 -1.2 -1.1 -0.7 -0.5 -0.5 -0.4 -0.4 -0.4 -0.1 0.1 0.7 1.2 -1.2 3.7 1.7 2.2 2 1.6 1.6 1.8 1.9 1.9 1.8 1.2 1.9 1.9 1.8 1.7 1.6 1.8 0.9 1.6 5.7 20.1 31.4 41.7 59.4 71.8 86.6 106.5
-1.2 -1.2 -1.2 -1.2 -1.2 -1.2 -1.2 -1.2 -1.2 -1.2 -1.2 -1.2 -1.2 -1.2 -1.2 -1.2 -0.5 0.1 0.7 1.3 3.3 4.1 3.1 2.6 2.6 2.4 -1.2 -1.2 -1.2 -1.2 -1.2 -1.2 -1.2 -1.2 -1.2 -1.2 -1.2 -1.2 -1.2 -1.2 -1.2 -1.2 -1.2 -1.2 -1.2 -1.2 -0.9 -0.8 -0.8 -0.8 -0.8 -0.8 -0.7 -0.3 -0.2 -1.2 4.8 2 1.7 1.8 1.5 1.3 1.7 1.9 1.8 1.8 1.8 1.2 1.2 1.1 1.6 1.5 2.1 0.4 1.5 5.7 24.6 56.4 70.6 77 85.7 98.7 104 104.9
-1.2 -1.2 -1.2 -1.2 -1.2 -1.2 -1.2 -1.2 -1.2 -1.2 -1.2 -1.2 -1.2 -1.2 -1.2 -0.7 -0.3 0.3 0.8 1.4 5.4 2.9 2.9 2.5 2.3 -1.2 -1.2 -0.7 -0.7 -0.8 -0.8 -1.2 -1.2 -1.2 -1.2 -1.2 -1.2 -1.2 -1.2 -1.2 -1.2 -1.2 -1.2 -1.2 -1.2 -1.2 -1.2 -1.2 -1.2 -1.2 -1.2 -1.2 -1.2 -1.2 -1.2 -1.2 1.8 2.1 1.9 1.8 1.9 1.3 1.8 1.8 1.7 1.6 1.1 1.1 1.4 1.2 1.4 1.3 0.4 1.1 2.2 12.6 33.6 45.5 59.6 79.7 89.5 102 114.3 122.2
-1.2 -1.2 -1.2 -1.2 -1.2 -1.2 -1.2 -1.2 -1.2 -1.2 -1.2 -1.2 -1.2 -1.2 -1.2 -0.4 0 0.4 0.9 1.5 5.4 2.7 2.8 2.5 -1.2 -1.2 -0.2 -0.2 -0.2 -0.3 -0.3 -0.6 -1.2 -1.2 -1.2 -1.2 -1.2 -1.2 -1.2 -1.2 -1.2 -1.2 -1.2 -1.2 -1.2 -1.2 -1.2 -1.2 -1.2 -1.2 -1.2 0.8 1.7 2.5 2.2 2.4 2.9 3.9 1.7 1.8 1.9 1.8 1.8 1.8 1.8 1.1 1.3 1.5 1.5 1.1 1.1 0.3 1.1 2.1 3.6 15.5 27 35.5 50.9 68.4 76.4 94.8 116.4 130
-1.2 -1.2 -1.2 -1.2 -1.2 -1.2 -1.2 -1.2 -1.2 -1.2 -1.2 -1.2 -1.2 -1.2 -0.8 -0.3 0.2 0.6 1 1.5 6.1 2.6 2.9 2.4 -1.2 -0.3 0.5 0.3 0.3 0.2 0 -0.3 -0.6 -1 -1.2 -1.2 -1.2 -1.2 -1.2 -1.2 -1.2 -1.2 -1.2 -1.2 -1.2 -1.2 -1.2 -1.2 -1.2 -1.2 2.7 2.1 2.1 2.1 2.1 2.3 4.1 3.9 1.7 1.8 1.9 1.3 1.4 1.7 1.3 1.3 1.5 1.6 1.6 1.4 0.8 0.7 2 3.1 9.2 19.3 27.6 36.8 47.8 68.7 84.1 97 113.5 128.1
-1.2 -1.2 -1.2 -1.2 -1.2 -1.2 -1.2 -1.2 -1.2 -1.2 -1.2 -1.2 -1.2 -1.2 -0.9 -0.4 0.1 0.6 1 1.5 5.9 3.4 -1.2 -1.2 -1.2 0.7 1.1 0.9 0.8 0.7 0.4 0.1 -0.4 -0.8 -1.2 -1.2 -1.2 -1.2 -1.2 -0.8 -0.6 -0.6 -1.2 -1.2 -1.2 -1.2 -1.2 -1.2 -1.2 4.9 2.4 2.7 2.1 2 2 1.7 3 1.9 2.7 1.8 1.9 1.5 1.4 1.2 1.1 1.4 1.6 1.8 1.9 1.9 1.2 2.7 7.7 14.7 18.9 40.8 46.8 54.2 77.7 101.4 122.7 136.7 141.9 140.8
-1.2 -1.2 -1.2 -1.2 -1.2 -1.2 -1.2 -1.2 -1.2 -1.2 -1.2 -1.2 -1.2 -1.2 -1 -0.5 0 0.4 0.9 1.5 5.3 2.3 -1.2 2.2 2.9 2 1.8 1.4 1.3 1.1 0.7 0.3 -0.1 -0.5 -1 -1.2 -1.2 -1.2 -0.3 0.1 0.3 0.3 -1.2 -1.2 -1.2 0.2 0.7 2.2 3.1 2.8 7.4 7 2.1 2 2.1 1.7 2 1.6 1.6 2.7 1.8 1.8 1.5 1.5 1.3 1.5 1.6 1.7 2.9 2.7 2.9 16.6 22 27.1 34 35.7 52.2 71 105.7 139.3 160 172.8 170.2 165.6
-1.2 -1.2 -1.2 -1.2 -1.2 -1.2 -1.2 -1.2 -1.2 -1.2 -1.2 -1.2 -1.2 -1.2 -1.1 -0.6 -0.2 0.4 0.9 1.5 5.5 2.8 -1.2 2 2.5 1.8 2.2 2.1 1.7 1.4 1 0.5 0.1 -0.3 -0.7 -1.2 -0.5 -0.1 0.3 0.8 1.2 1.2 -1.2 -1.2 -1.2 1.5 4.5 1.8 2.2 12 17.4 2.3 2.1 1.9 1.9 2.6 2.7 2.1 2.2 2.1 2.7 2.2 1.7 1.7 1.6 1.6 1.7 1.1 4.5 9 13 29.7 35.7 39.3 37.3 49.2 77.1 98 120.3 149.8 161.9 178.5 184.6 185.5
-1.2 -1.2 -1.2 -1.2 -1.2 -1.2 -1.2 -1.2 -1.2 -1.2 -1.2 -1.2 -1.2 -1.2 -1.2 -0.8 -0.3 0.3 0.8 1.4 6.3 2.3 -1.2 -1.2 0 -1 0.4 2.6 2.5 1.6 1.2 0.7 0.4 0.1 -0.2 0 0.3 0.7 1 1.4 3 2.1 -1.2 -1.2 -1.2 2.5 2.1 2.1 2.4 2.3 2.4 2.2 1.9 1.8 3 1.8 1.9 2.2 2.6 2.7 3.3 1.4 1.4 1.2 1.2 1.2 1.1 2.6 5.7 24.5 33.7 36 43.6 45.6 63.5 82.5 102.9 126.9 134 162.5 186.7 191.9 206.1 197.7
-1.2 -1.2 -1.2 -1.2 -1.2 -1.2 -1.2 -1.2 -1.2 -1.2 -1.2 -1.2 -1.2 -1.2 -1.2 -1.2 -0.5 0 0.7 1.3 6 2.5 2.3 2.8 2.4 2 4.3 1.6 1.7 1.8 1.6 1.3 0.9 0.6 0.6 0.9 1.2 1.4 1.7 5 2.2 2.9 1.9 2.3 1.6 2.3 1.7 1.7 1.7 1.7 2 2 1.9 2.6 1.5 1.9 2 2.3 5.1 16.7 3.6 1.5 1.6 1.5 1.4 1.3 1.8 2.7 15.3 33.3 38.6 50.9 61.3 79.1 91.2 96.3 112.3 129.8 144.5 164.4 185.1 196.2 198.2 215.5
-1.2 -1.2 -1.2 -1.2 -1.2 -1.2 -1.2 -1.2 -1.2 -1.2 -1.2 -1.2 -1.2 -1.2 -1.2 -1.2 -0.7 -0.1 0.6 1.3 6 2.5 2.6 2.6 2.4 1.9 0.3 3 1.6 1.8 1.8 1.8 1.5 1.4 1.5 1.8 4.5 3.7 2.7 2.4 2.6 2.3 2.4 2.4 1.7 2.4 1.5 1.6 1.7 1.9 1.8 1.8 1.8 2.3 2.5 2 2.1 2.7 13.4 8.4 3.3 1.9 1.7 1.6 1.6 1.6 2.3 3.3 35.2 44.8 48.1 67.7 95.3 101.9 108.4 107.2 115.7 131.5 150.7 168.9 174 184.5 199.7 212.3
-1.2 -1.2 -1.2 -1.2 -1.2 -1.2 -1.2 -1.2 -1.2 -1.2 -1.2 -1.2 -1.2 -1.2 -1.2 -1.2 -0.7 -0.1 0.6 1.3 5.6 2.6 2.1 2.5 2.3 1.6 0.5 2 3.8 1.8 1.8 2.1 4.7 4.3 3.1 2.4 2.6 2.5 2.5 2 2.5 2.4 2.4 2.4 2.4 2.6 1.6 2 2 2.2 2.5 2 2.2 2 2.3 2.3 2.1 2.6 10 2.6 2.8 2.4 2.4 2.3 2.4 2.5 2.6 23.6 44.1 53.3 66.9 86.7 101.6 112.1 115.4 124.1 141.5 156.1 175.2 177.9 194.7 206.9 213.6 219.8
-1.2 -1.2 -1.2 -1.2 -1.2 -1.2 -1.2 -1.2 -1.2 -1.2 -1.2 -1.2 -1.2 -1.2 -1.2 -1.2 -1.2 -0.1 0.5 1.2 4.4 2.6 2 1.6 2.3 1.7 2 2.4 2.3 1.9 2.6 2.3 2.4 2.3 2.4 2.4 2.3 2 2.3 2.4 2.4 2.4 2.4 2.4 2.3 1.7 2.6 2.4 2.2 3.4 1.1 1.8 2.2 2.2 2.3 1.7 2.5 2.3 2.5 2.4 2.2 2.4 2 2.8 3.3 3.4 4.2 34.7 38.7 57.7 98.5 99.1 105.1 122.5 130.3 158.7 159.4 161.8 182.8 187 199.4 209.7 224.5 230.9
-1.2 -1.2 -1.2 -1.2 -1.2 -1.2 -1.2 -1.2 -1.2 -1.2 -1.2 -1.2 -1.2 -1.2 -1.2 -1.2 -1.2 -0.2 0.5 1.2 3.4 3.1 2.5 1.5 1.3 1.7 2.2 2.1 2 2.2 1.3 1.3 2.4 2.1 2.4 2.3 2.3 2.3 2.3 2.3 2.4 2.4 2.1 2.4 2.4 2.3 2.2 1.6 3.1 1.5 2.1 2.4 1.9 2.3 2.3 2.2 1.4 2.4 2.3 2.3 2.3 2 2.7 2.9 2.9 5 7.6 39.7 37.2 66.8 101.1 121.7 127.6 124.4 146.5 146 153.3 166.8 192.1 198.5 208.6 219.5 228.1 236.4
-1.2 -1.2 -1.2 -1.2 -1.2 -1.2 -1.2 -1.2 -1.2 -1.2 -1.2 -1.2 -1.2 -1.2 -1.2 -1.2 -1.2 -0.3 0.4 1.1 2.8 3.2 2.7 1.8 1.9 2 2.1 2 1.9 2.4 2.3 2.2 1.1 2 1.7 2.1 2.3 2.3 2.3 2.3 2.3 2.3 2.3 2.1 1.7 1.9 2 1.7 1.3 1.3 1.9 2.3 2.3 2.3 2.4 2.3 2.4 2.5 2 2.7 2.4 2.5 2.6 3.7 4.9 5.7 13 27.5 52.7 86.3 125.8 130.3 120.3 127.9 143.4 167.2 178.4 182.2 190.4 197.7 203.1 210.7 217.7 225.7
-1.2 -1.2 -1.2 -1.2 -1.2 -1.2 -1.2 -1.2 -1.2 -1.2 -1.2 -1.2 -1.2 -1.2 -1.2 -1.2 -1.2 -0.5 0.3 1 1.8 3.5 2.8 2.3 1.4 2.3 2.1 2 2.2 2.3 2.4 2.5 2.5 2.5 1.8 2.3 1.9 2.3 2.3 2.3 2.3 2.3 2.2 2.1 1.8 2.1 1.5 1.6 1.8 1.6 2.6 2.9 3.5 2.9 3.1 3.1 3.4 2.9 2.8 3 2.5 2.3 3.2 4.6 5.9 8.4 21.7 32.3 57.8 81.6 101.1 108.7 126.5 153.9 177 185.2 189.4 192.1 194.9 197.8 202.3 207.4 211.5 221
-1.2 -1.2 -1.2 -1.2 -1.2 -1.2 -1.2 -1.2 -1.2 -1.2 -1.2 -1.2 -1.2 -1.2 -1.2 -1.2 -1.2 -0.7 0.1 0.9 1.7 3.5 2.8 2 1.2 2.5 2.5 2.2 2.2 2.3 2.4 2.4 2.4 2 1.8 1.7 2 1.9 2.3 2.3 2.3 2.3 2.2 2.1 2.3 2.2 1.4 1.8 1.9 4.5 21.2 17.2 15.1 10.7 7.1 8 14.7 13.6 9.3 10.5 9.9 3.5 3.5 5.1 8 12.8 23.8 38.7 55.7 77 95.5 117.7 148.6 176.8 188.5 196 200.6 201.4 201 201.9 203.4 206.4 212.6 226.1
-1.2 -1.2 -1.2 -1.2 -1.2 -1.2 -1.2 -1.2 -1.2 -1.2 -1.2 -1.2 -1.2 -1.2 -1.2 -1.2 -1.2 -1.2 0 0.8 1.7 3.9 2.4 2.6 2.4 2.3 1.4 2.4 2.4 2.3 2.3 2.4 2.4 2.2 2.1 2.5 2 2 2.3 2.3 2.1 2.1 2 2.6 2.5 2.4 1.3 1.7 16 27.5 37.8 26.4 21 17.3 18.2 30 37.6 36.2 31.4 28.5 13.9 10.7 8.2 8.4 16.6 23.5 34 56.8 75.8 99.4 111.9 134.4 166.5 187 194.6 202.9 209 207.3 203.9 206.1 204.7 206.2 210.6 223.7
-1.2 -1.2 -1.2 -1.2 -1.2 -1.2 -1.2 -1.2 -1.2 -1.2 -1.2 -1.2 -1.2 -1.2 -1.2 -1.2 -1.2 -1.2 -0.1 0.8 1.6 4.4 2.4 2.6 2.4 2.3 2 2.3 2.3 2.3 2.3 2.4 2.1 2.1 2 2.2 2.3 1.4 2.1 2.3 2 1.8 3.2 2.1 2.6 2.5 2.1 4.3 17.8 40.1 32.3 28.1 26.6 28.8 43.1 45.7 52 53.3 36.3 34.8 27.5 23.9 20.8 25.7 31.7 41.9 49.7 79.5 94.2 114.5 132.3 147.3 176 188 195.5 202.8 207 207 204.8 204.8 205.4 206.2 213.1 225.8
-1.2 -1.2 -1.2 -1.2 -1.2 -1.2 -1.2 -1.2 -1.2 -1.2 -1.2 -1.2 -1.2 -1.2 -1.2 -1.2 -1.2 -1.2 -0.2 0.7 1.5 5.8 2.5 2.7 2.5 2.3 1.6 1.3 2.3 2.3 2.3 2.3 1.6 2.1 2.4 1.7 2 2.3 2.1 2.1 1.9 2.8 2 2.4 2.8 2.1 2.7 9 20.9 24.2 31.1 30.5 36.9 50.1 52.2 64.4 64.5 58.1 56.3 44.2 38.3 37.1 38.6 43.7 46.9 65.1 82.9 83.3 103 121.4 139.6 151 169.9 181.9 190.3 200.2 210.4 209.3 207.4 206.2 210.3 211.1 219.7 230.1
-1.2 -1.2 -1.2 -1.2 -1.2 -1.2 -1.2 -1.2 -1.2 -1.2 -1.2 -1.2 -1.2 -1.2 -1.2 -1.2 -1.2 -1.2 -0.4 0.5 1.4 5.1 2.4 2.6 2.7 2.3 2.5 2.4 2.1 2.3 2.4 2.5 1.9 2 2.3 2.3 2.4 2.3 2.1 1.8 1.8 3.4 2.2 2.2 3.5 3.3 7.4 18.4 24.9 34.2 33.5 39.8 55.7 59.5 72.4 74.1 71.6 69.9 72.6 63.9 52.4 52 52.7 64.6 77.9 83.5 101.6 105.5 117.8 133.9 136.5 154.3 171.4 182 193.2 206.5 210.2 213.4 212.5 213.1 220.9 216.7 220.3 233.2
-1.2 -1.2 -1.2 -1.2 -1.2 -1.2 -1.2 -1.2 -1.2 -1.2 -1.2 -1.2 -1.2 -1.2 -1.2 -1.2 -1.2 -1.2 -0.5 0.4 1.3 5.8 2.5 2.6 2.6 2.6 2.5 2.4 2.5 1.9 2.3 2.5 2.3 2.3 1.8 2.3 2.7 2.1 2 2.4 2.3 2.5 2.6 3.5 3.7 3.5 16.4 30.2 39.9 40.8 42.9 59 64.2 73.2 84.9 85.9 89.8 90.7 85 76.3 68.7 68.3 76.1 84.4 101.8 108 113.6 132.3 126.9 155.6 162.2 153 167.2 187.2 193.7 201.2 206.8 211.3 213.6 218.1 216.1 220 225.1 222.2
-1.2 -1.2 -1.2 -1.2 -1.2 -1.2 -1.2 -1.2 -1.2 -1.2 -1.2 -1.2 -1.2 -1.2 -1.2 -1.2 -1.2 -1.2 -1.2 0.3 1.3 5.4 3.1 2.5 2.5 2.3 2.6 2 2 2.5 2.7 2.5 2.3 2.2 2.3 2.4 2.4 2.1 2.1 2.3 2.1 3.2 3.1 3.8 15.6 37.6 45.3 49.4 45.9 47.4 55.7 68.9 81.1 101.1 104.9 104.3 106.2 100.7 92.6 82.1 79 83.1 99.6 115.9 121.3 128.6 123.6 127.5 131.1 165.8 178.5 177.6 171.2 192.7 197.3 201.5 208.3 211.6 211.7 211.3 212.2 218.6 224.8 221.9
-1.2 -1.2 -1.2 -1.2 -1.2 -1.2 -1.2 -1.2 -1.2 -1.2 -1.2 -1.2 -1.2 -1.2 -1.2 -1.2 -1.2 -1.2 -1.2 0.2 1.2 5.9 3 2.7 2.6 2.6 2.5 2.5 2.6 2.6 2.3 2.3 2.3 2.2 2.3 2.4 2.2 2.2 2.4 2.7 13.5 27.7 42.1 38.1 42.5 50.6 58.4 56.2 56.7 64.3 77.2 90.2 102.8 102.3 118.7 122 114.9 106.4 92.8 88.8 93.6 107.5 127.1 138.7 142.8 143.7 142 158.3 148 170.3 188.2 191.9 179.9 195.4 200 206.3 210.4 207.2 208.2 209.8 220.2 221.9 223.1 221.1
-1.2 -1.2 -1.2 -1.2 -1.2 -1.2 -1.2 -1.2 -1.2 -1.2 -1.2 -1.2 -1.2 -1.2 -1.2 -1.2 -1.2 -1.2 -1.2 0.1 1.1 4.5 3 2.8 2.6 1.5 2.9 2.6 2.6 2.4 2.2 2.4 2.3 2.3 2.5 2.3 2.7 2.6 6.3 27.8 39.8 51.8 57.4 62.4 61.8 64.5 68.2 68.7 75.4 92.3 104.9 123.1 128.9 132.4 134.2 126.8 115.6 103.3 93.8 94.9 105.7 135.9 154.5 154.3 153.9 160.4 155.5 164.4 167.4 159.5 182.3 201.2 195.1 192.8 198.9 204.4 205.4 217.3 221.4 217.8 219.9 220.2 219.5 220.6
-1.2 -1.2 -1.2 -1.2 -1.2 -1.2 -1.2 -1.2 -1.2 -1.2 -1.2 -1.2 -1.2 -1.2 -1.2 -1.2 -1.2 -1.2 -1.2 0.1 1 3 3.5 2.7 2.5 1.8 2.7 2.8 2.3 2.1 2.4 2.6 2.5 2.4 2.8 2.4 2.5 2.6 16.5 41.8 50.2 57.9 64.8 73.9 70.7 75.1 79.8 85.7 98.6 111.2 133.4 141 143.1 143.4 135.8 120.8 110 106.6 92.3 108.9 128.3 150.2 165.9 167.8 174.5 162.4 173.2 172.5 177.5 183.1 194.1 205.5 207 203 207.4 205.6 206.3 216 219 218.3 217.1 218.2 224.4 219.5
-1.2 -1.2 -1.2 -1.2 -1.2 -1.2 -1.2 -1.2 -1.2 -1.2 -1.2 -1.2 -1.2 -1.2 -1.2 -1.2 -1.2 -1.2 -1.2 0 0.9 2.5 3.7 2.5 2.3 2.7 2.7 2.7 2.6 2.3 2.5 2.9 2.6 2.2 3.2 2.3 2.3 2.5 17.1 38.4 54.8 72 74.8 73.3 64.4 76.5 90.3 103.8 121.7 135.6 147.5 148.4 144.1 129 116.2 108 109 110.2 95.5 110.5 143.5 157.1 168.7 186.5 183.4 170.1 172.4 176.8 185 186.5 198.4 209 209.9 207.3 210.6 207.6 209.9 214.9 215.3 216.5 216.7 217.8 217.9 218.8
-1.2 -1.2 -1.2 -1.2 -1.2 -1.2 -1.2 -1.2 -1.2 -1.2 -1.2 -1.2 -1.2 -1.2 -1.2 -1.2 -1.2 -1.2 -1.2 -0.1 0.8 1.8 5.4 2.7 3 2.7 2.4 2.8 2.7 2.6 2.5 2.8 2.7 2.7 2.6 2.6 2.5 2.7 20.3 43.1 60.9 69.3 66.2 49.4 57.4 78.5 92.6 114.1 139.9 148.7 152.4 139.4 114.6 101.2 100.1 99.8 101.3 105.5 92.3 114 147.5 163.4 182.6 201.2 189.7 178.7 179.8 183.9 192.9 199.3 206.5 207.2 208.3 211.7 212.3 216.5 213.5 214.4 216.7 216.8 218.1 218.2 218.2 219.3
-1.2 -1.2 -1.2 -1.2 -1.2 -1.2 -1.2 -1.2 -1.2 -1.2 -1.2 -1.2 -1.2 -1.2 -1.2 -1.2 -1.2 -1.2 -1.2 -0.2 0.7 1.7 5.5 2.2 2.4 2.7 2 2.8 2.6 2.5 2.7 2.6 2.8 2.1 2.3 2.5 2.5 2.9 22.6 48.5 64.2 44.9 36.2 40.3 55.1 74 98.5 130.4 148.9 153.3 145.8 117.2 94.2 87.7 83.1 86.1 90.5 101.4 92.6 119.7 153 178 199.2 211.7 193.2 188.8 191.9 197.2 214.4 213 212.5 211.3 209.8 210.4 212 213.1 213.3 215.8 219.7 217.4 218.3 218.7 219 219.9
-1.2 -1.2 -1.2 -1.2 -1.2 -1.2 -1.2 -1.2 -1.2 -1.2 -1.2 -1.2 -1.2 -1.2 -1.2 -1.2 -1.2 -1.2 -1.2 -0.4 0.6 1.6 5.7 2.3 2.4 2.2 2.3 2.6 2.5 2.2 2.5 2.9 2.7 2.3 2.8 2.4 2.9 4.8 30.6 63.5 44.6 25.9 33 51.1 71.7 94.9 122.2 147.1 153.7 146.1 118.4 92.1 76.2 78.1 93.8 111.7 113.7 112.1 112.1 131.3 170.9 197.2 221.7 219.2 203.3 203.3 209 224.9 231.7 227 218.9 215.5 212.2 213.9 220 223.9 219 221.5 218.6 219.2 219 219.7 220.2 228.3
-1.2 -1.2 -1.2 -1.2 -1.2 -1.2 -1.2 -1.2 -1.2 -1.2 -1.2 -1.2 -1.2 -1.2 -1.2 -1.2 -1.2 -1.2 -1.2 -1.2 0.5 1.5 6.5 2.3 2.5 2 2.6 2.5 2.5 2.6 2.5 2.2 3.1 2.2 2.6 2.6 3.4 11.4 39.5 39.6 21.3 27.9 46.1 68.2 102.3 126.5 138.5 152 130.7 106.9 88.3 73.7 74.6 91.9 106.2 121.9 134.7 140.7 151.5 157.4 186.1 213.7 236.8 227.2 218.5 228.4 230.7 236.2 238.3 231.9 224.2 216.6 214.4 220.8 223.2 228.3 226.1 222.6 224.1 221.5 220.6 221 223.1 226.8
-1.2 -1.2 -1.2 -1.2 -1.2 -1.2 -1.2 -1.2 -1.2 -1.2 -1.2 -1.2 -1.2 -1.2 -1.2 -1.2 -1.2 -1.2 -1.2 -1.2 0.2 1.4 6.2 2.4 1.8 2.5 2.5 2.4 2.4 2.6 2.2 2.6 2.4 2.3 3.3 4.9 4 7.2 15.9 12.9 18.2 41.3 69.4 86.4 109.7 136.2 143.5 131.1 99.5 83 70 72.1 80.6 93.2 118.3 137.3 141.6 165.8 182.2 196.2 200.4 234.8 239.8 235.2 230.9 240.7 242.2 244.7 243.9 237.6 228.6 221.1 218.7 222.1 223.9 231.4 229.3 227.8 226.4 224.2 223.8 223.7 226 227.9
-1.2 -1.2 -1.2 -1.2 -1.2 -1.2 -1.2 -1.2 -1.2 -1.2 -1.2 -1.2 -1.2 -1.2 -1.2 -1.2 -1.2 -1.2 -1.2 -1.2 0 1.2 5.2 2.4 1.9 2.1 1.9 2.3 1.7 2 2.4 3.4 2.3 2.4 3.5 9.6 5.1 3.7 7.1 13.8 29.5 54.6 78.1 92.5 108.6 128.3 126.8 108.3 82.4 67.3 74 85.2 98.5 109.3 124.9 137.1 151.2 178.5 190 212.1 227.3 238.6 242.1 243.2 242.8 244.9 250.5 252.3 246.7 242.4 237.2 227.3 222.6 226.7 226.6 229.3 236.6 235.2 232.9 230.8 229.2 229.7 238.3 235.5
-1.2 -1.2 -1.2 -1.2 -1.2 -1.2 -1.2 -1.2 -1.2 -1.2 -1.2 -1.2 -1.2 -1.2 -1.2 -1.2 -1.2 -1.2 -1.2 -1.2 -0.3 1.1 4.4 3.1 2.2 2.1 2.1 2.3 2.4 2.5 2.5 2.4 2.6 4.6 12.3 17.2 3.5 3.9 6.6 24.5 41.5 58.2 75.6 96 106.1 111 106 88.9 69.3 70.7 93.3 108.4 115 120.2 135 144.9 167.2 200.8 217.3 239.3 245.7 238.8 240 242.1 244.9 256.1 257.9 255 248.8 244.3 240.1 229.9 225 229 234.9 236.9 240.1 239.7 242.7 239.1 241.7 239.3 246.1 246.7
-1.2 -1.2 -1.2 -1.2 -1.2 -1.2 -1.2 -1.2 -1.2 -1.2 -1.2 -1.2 -1.2 -1.2 -1.2 -1.2 -1.2 -1.2 -1.2 -1.2 -1.2 1 4.8 3.1 2.2 2.1 2 1.9 1.9 2.5 2.3 6.7 3.5 5.4 25.2 6.5 2.8 4.4 22.1 30.6 43.6 62.2 75.9 90.6 87.5 86.1 84.9 73.7 67.5 85.8 112.1 126.2 132.3 133.5 137.5 165.6 190.8 215 228 244.1 245 232.5 236.4 244.7 251.7 260.4 258.3 254 250.2 244.6 237.6 231.9 231.8 234 237.3 238.3 240.3 245 247.5 247.5 252.2 257.2 258.7 261.6
