app/static/ascii/SH63.asc
ncols 200
nrows 200
xllcorner 260000
yllcorner 330000
cellsize 50
[rows 108 to 143 of 200, columns 0 to 79 of 200]
2.7 2.3 2.2 2.4 2.2 2.4 2.6 2.6 2.5 2.5 2.3 2.1 2 1.9 2 2.2 2.4 3.8 11.5 13.8 16.5 5.6 4.5 19.4 38.8 57.1 63.7 69.5 81.4 74.9 74.9 70.7 70.9 78.7 84.9 96.4 109.4 122.9 131.7 139.6 144.7 155.6 161.6 167.9 174.4 180.4 184.4 187.2 190.1 192 195 197.5 211.1 216.4 222.4 227.3 239 253.6 264.7 270.9 277.9 275.1 274.7 284.2 292.2 297.9 310.5 330.6 350.8 361.1 377.4 386.3 384.9 373.5 381.2 391.3 385.9 386.3 382.8 377.7
2.4 1.7 1.9 2.5 2.3 2.2 2.6 2.5 2.5 2.6 2.3 2.1 2 2.1 2.2 2.3 2.4 2.4 5.3 5 4.7 4.8 5.7 21.9 43.9 58 63.1 69.8 71.7 64.2 66.5 65.5 71.3 80.7 90.9 100.2 110.2 123.4 129 142.4 148.2 158.3 163.3 169.6 177.9 181.7 181.9 184.9 190 192 199.4 201.5 209.5 216.4 223.1 232.2 242.2 253.6 262.3 269.1 275.6 273.4 275.3 286 292.4 298.2 308.4 327.8 341.3 355.3 365.4 364.4 363.2 363.7 379.5 385.3 383.7 384.8 379.4 376.5
2.8 2.7 2.6 2.5 2.5 2.8 1.9 2.5 2.5 2.7 2.2 2.1 2 2.1 2.2 2.3 2.3 3.3 3.3 3.5 4.1 6.2 8 25.9 41.9 55.7 63.5 68.6 58.8 59.7 65.5 69.1 71.9 78.8 93.8 104.2 114.1 122.3 130.9 140.8 150.1 155.2 160 168.3 164.3 178.1 182.5 190.3 193.1 196.6 201.2 205.9 212.3 218.1 230 238.9 249.3 254.6 263.3 272.1 275.5 273.5 281.4 286.3 295 304.7 312.1 326.7 337.1 348.6 354.4 355.2 353.9 354.6 376.4 379 381.5 376.4 374 371
2.5 2.4 2.4 2.4 2.4 2.7 2.4 2.2 2.6 2.8 2.7 2.3 2.3 2.1 2.2 2.3 2.4 3.6 6.8 4.5 4.1 11.7 18.6 17.7 24.4 34.8 40.6 41.2 58.6 61.7 70.4 75 78.4 88.3 93.9 105.2 108.5 116 121.3 130.8 141.8 149.4 157.7 170.3 177.9 181 184.8 189.4 194.8 200.2 204.9 210.5 213.3 222.6 236.6 244.8 255.2 255.5 262.7 270.9 272.9 273.6 281.3 290.8 300.8 308.1 314.5 324.2 339.2 347.9 350.1 350.3 349.7 352.2 370.3 374.4 369.8 369.9 370.9 368.7
2.4 2.4 2.4 2.3 2.4 2.1 2.7 2.6 2.3 2.5 2.4 2.4 2.4 2.3 2.5 2.7 3 8.1 7.5 5.4 10.4 23.8 32.7 30.6 36 40.4 44.3 57.2 64.9 64.4 75.8 83.2 86.4 95.9 105.1 113.6 120.3 131.5 140.8 149.2 152.5 160.8 160.5 172.6 175.4 179.9 186.6 187.6 194.4 200.8 206.9 216.2 218.8 229.5 239.2 247.3 258 257.5 259 268.5 272.5 275.9 282.5 294.1 302.8 307.6 315.3 326.9 339.2 342.4 345.8 346.1 349 350.1 365 368.1 366.7 367.6 367.3 366.3
2.3 2.4 2.4 2.2 2 1.9 2.5 2.5 2.3 2.4 2.9 2.7 2.9 4.5 6.8 9.8 6.2 8.6 9.1 13.4 19.1 30.2 38.4 41.6 47.3 52.1 58.6 64.5 69.9 77.3 84.1 91.2 94.2 102 111.6 122.4 128.6 136 145.7 152.2 154.8 163.5 165.8 170.8 180 182.3 190.2 190.8 195.6 201.1 210.2 218.5 224.1 232.1 240.2 247.5 259.7 261 264.9 271.4 274.2 278.4 285.4 296.9 301.5 305.9 316.5 327.6 331.8 334.7 337 346.3 349.5 348.2 353.6 365.1 363.9 364.6 363.7 364.9
2.4 2.4 2.3 2.1 2.2 2.2 2.5 2.4 2.4 2.5 3 8.5 17.1 15.6 13.3 15.3 15.1 14 12.1 20.5 30.4 36.6 43.1 49.8 52.8 58.7 67.1 72.3 80.3 84 88.5 96 101.4 107.7 121 127.6 132.4 141.5 148.3 154.4 159.7 165.4 169.3 178.2 183 186.9 191.9 195.4 199 202.7 212.4 220.2 226.4 234.2 240.9 247.6 259.1 265.8 272 271.9 274.4 277.8 282.6 291.1 297.4 302.2 315.1 325.5 329.4 332.1 334.2 343.3 346 346.8 351.4 357.8 360.1 362 360.6 361
2.6 2.5 2.4 2.2 2.3 2.3 2.4 2.1 2.3 2.4 7.3 13.3 16.7 18.4 19.4 18.7 15.8 12.6 18.4 30.3 38.2 43.8 48.9 57.2 61 68.3 72.6 80.3 85 89.4 94.2 102.5 109 111.5 125.2 129 134 145.7 150.7 157 161.6 167.8 172.9 182.3 188 193.1 196.3 200.7 203.5 206.8 215.4 222.8 228.1 234.7 242.6 249.7 259.1 262.8 267 273.1 278.6 278.9 282 291.9 306.3 317.8 327.9 335.6 339.3 335.7 337.1 345.1 345.6 349.8 355.1 355.8 358 359.9 358.3 363.9
2.8 2.7 2.4 2.2 2.3 2.4 2.4 2.5 2.8 8.7 16.3 18.1 18.6 20.5 23 21.8 8.9 17.7 34.4 33.4 45.3 51.9 58.4 65.1 70 75.7 79.2 84.7 90.8 96.9 94.6 105.9 109.4 115.9 125.2 132.2 139.1 145.8 153.9 159.9 165.5 171.2 179 187.7 193.7 199.1 204.8 209.3 213.4 216.4 222 227.8 231.9 238 244.7 249.2 259.5 268.5 272.7 280.8 289.9 289.3 284.8 305.5 316.7 322 335.3 340.4 347.6 347 348.7 349.3 352.6 347.9 347.7 348.4 355.7 356.1 356.5 364.2
2.8 2.7 2.3 2.1 2.3 2.4 2.9 7.7 14.1 18.6 23.4 27.2 27.2 25.3 26.4 10.5 12.1 32.6 46.3 54.8 54.1 60.2 67.8 75.8 80.3 82.5 86.6 88.7 95.6 102.4 102.3 106.1 115.4 121.9 131.5 136.4 142.5 149.1 156.3 163.7 170.7 175.8 185.9 192.9 197.3 205.3 212 217.5 221.5 224 225.9 232.3 236.9 241.6 250.7 253.4 262.1 270.8 280.5 291.2 294.7 296.4 292.2 309.3 322.9 327.8 335.6 346.1 349.6 342.9 346.1 347.3 344.5 344.7 345.1 348.2 351.2 352.6 354.2 360.9
2.5 2.3 1.5 2 2.5 3.6 10.8 14.5 18.4 24.4 29.4 33.9 36.1 33.4 13.1 9.4 15.6 42.1 55.4 63.1 68.2 67.7 71.7 80.8 87.8 90.3 93.5 98 97.9 102.6 106 110.3 119.5 126 132.3 138.3 145.4 152.3 158 167.5 175 181.8 190.9 195.9 203.6 211.6 218.1 223.2 226.3 224 224.8 235.8 244.7 248.9 259.5 264.1 268.3 274.3 284.3 293.7 301.3 301.7 296.9 311.8 325 326.4 335.4 345.9 339.8 337.7 344.3 344.6 343.9 344 345 349.4 349.7 352.5 351.6 359.1
2.3 2.2 2.3 2.2 4.7 15.2 21.2 25.1 28.5 34.1 38.3 44 42.8 26.9 9.2 11.6 28.3 50.4 64.9 71.5 78.9 82.5 82.4 78.3 90.6 94.7 98.4 101.5 104.6 104.8 106.8 114.1 123 128.1 137.2 141.4 148.4 155.6 162.4 171.1 180.4 186.9 193.1 199.8 207.6 214.3 220 223.7 223.3 222.4 229.3 238.2 248.7 258.4 265.4 274.2 274.6 280.6 287.8 300.1 306 305.1 304.2 319.8 326.3 325.4 336.5 338 334.1 334.7 337.4 341.7 343.1 345.3 346.4 351.7 352.7 351.7 352 359.5
2.3 2.3 2.8 6.7 19.6 26.4 31.6 33.9 38.1 42 47.1 50.5 41.3 12 10.9 30.7 48.1 61.9 69.5 81.5 88 92.9 92.1 94.9 96.6 95.6 101.2 103.9 108.7 110.9 111.3 116.8 125.1 130.6 137.9 143.2 152.2 161.2 168.3 175.8 184.3 191 197 203.4 210.5 215.8 219.1 220.4 219.1 221.9 232.9 240.1 254 260.8 270.1 278.9 279.9 290.3 297.5 306.3 311.2 310.8 307.6 323.7 325.2 325.6 332.7 331.5 333 334.2 337.4 344.4 345.8 346.7 348.5 356.4 355.8 352.8 355.7 352.8
2.3 2.5 7.9 20.9 30.5 35.9 38.3 41.3 45.3 49.7 54.2 48 16.4 10.4 26.4 41.9 61.3 73.8 78.4 84.5 99.1 100 99 103.6 105 105.7 107.3 110.8 110.4 113.9 114.7 120.8 126.5 134.2 142 149.3 158.5 166.3 172.2 180.2 187.8 194.6 201.3 207 212.5 215.3 217.1 217 218.6 226.4 232.6 247.5 256.3 267.5 276.6 285.8 283.8 297.2 304.9 313.8 321.4 317.9 314.5 325.6 324.7 325.2 326.4 331.9 333 334.7 336.4 347.4 350.3 349.5 352.1 359.7 354.9 361.8 357.1 358.2
2.3 3.5 21.6 31 39 43.9 45.5 46.1 48.4 53.6 34.1 15.3 12.9 30 46.7 57.9 73.2 79.7 87.4 96.9 107.4 105.7 106.9 107.9 109 111.5 113.4 117.1 117.6 118.2 122.1 125.1 129.6 140.6 146.8 153.7 161.6 169.8 176.9 183.6 189.3 195.4 204.9 209.8 213.6 214.9 214 214.7 222.5 226.5 236.3 249.5 259.6 272.1 283 293 294.7 300 311.6 319 320 321.7 321.7 324.4 324.7 325.5 327.9 331.3 335.7 334.7 337.4 353.6 355.6 356.9 356 363.5 362 361 356.3 355.1
2.4 9.9 28.2 39.5 46.1 50 51.2 48.3 33.8 17.7 10.1 11.6 33.9 48.4 55.8 70.3 79 89.5 98 104.8 109.5 107.7 111.6 113 112.7 115.3 114.1 117.7 121.8 122.6 125.8 132.8 140.3 146.7 151.8 159.1 165.2 175.1 180.8 185.2 190.2 201.1 208.5 211 213.4 212 210.1 210.7 214.6 217.3 231.6 253.3 265.9 273.8 285.5 295.7 302 302.9 316.3 323.6 325.4 333.2 327.9 326.3 333.7 329.2 330.2 337.6 336.7 334.9 338.9 356.3 360.5 364.2 362.9 359.9 360.6 356 357.6 348
1.9 23.2 37.7 48.8 51.3 50.1 46.8 24.5 10.2 18.4 22.7 25 47 61 65.3 72.7 85.9 99.1 108.4 112.6 111.6 112.1 115.3 115.4 117.6 116.7 116.7 119.3 123.8 127.9 133.2 139.8 145.3 151.5 157 163.2 168.5 176.3 182.4 186.9 192.6 201 204.8 209.8 209.1 208.7 208.7 211.8 226 237.3 249.7 269.4 279.2 289.3 299 303.3 313 314.7 322.7 335.7 342.1 342.4 333.5 332.6 336.2 331.1 331.8 337.7 337 335.6 349.1 356.1 363 365 363.3 357.3 356.5 353.8 344.6 341
3.3 28.7 46.2 53.5 53.7 39.8 15.2 8.2 19.4 23.4 23.1 36.5 54.6 64.3 70.1 79.5 92.7 108.9 120.3 125.6 118.2 117 116.1 115.9 116 116.7 119.1 122.1 127.7 134.2 137 144.3 148.9 154 158.6 166.1 172.3 175.6 183 187 193.6 198.5 200.7 203 205.8 215.9 222.7 230.2 243.4 255.2 260.3 281.9 286.9 295.4 307.1 314.4 322.1 329.2 335.6 342.9 349 340.4 333.7 332.2 331.5 331.4 340.8 340.4 336.1 335.9 351.3 360.5 359.3 359.3 357 356.6 356.8 349 340.7 343.2
3.9 34.9 52.3 57.6 45.9 21.8 4.4 17.7 21.6 25.8 20.6 45.3 60 67 76.5 88.2 101.8 118.1 129.4 131.7 118.2 118 117.7 117.6 116.8 119.1 123.5 128.2 132.9 136 139.3 146.3 151 155.8 159.5 170.7 172.5 175.5 181.7 186.8 193.8 197 198.1 201.4 214.6 223.9 231.7 240.5 253 263.5 271.7 288.7 293.9 302.2 317.1 324 333.4 336.7 342.9 345.8 350 341.9 335.3 332.2 331.5 331.9 333.9 339.8 335.7 336.1 352 352.7 356.1 357.1 356.4 355.4 355.2 347.4 340.2 349.4
6.9 44 54.5 55.6 36 7 12.2 23.7 28.8 26.8 35.4 54.8 64.8 72.3 83.5 98.2 112.9 123.5 135.6 127.1 118 117 117.8 119.8 121.4 124.8 129.1 132.4 135.4 139 141.7 148.4 154.5 159.3 165.6 171 173.7 176.5 180.8 188 194.5 197.6 200.5 213 223.4 232.1 238.2 248.7 262.7 274.1 284.4 291.7 299.8 308.6 325.5 330.6 340.7 346.5 350.1 355.5 359.3 348.7 343.3 334.3 332.3 332.1 333.3 335.4 335.8 337.2 348.8 353.9 360.9 360.6 356.2 356 348.8 340.7 340.2 346.5
3.3 45.2 52.2 37.6 17.2 4.1 18.8 32.9 21.9 19.3 46 57.1 70.3 78.5 90.1 107.8 123.1 129.9 129.8 120 115.7 117.4 121.1 123.8 124.9 127.5 131.8 135.5 140.8 143.5 145.4 155.1 158.7 164.6 170.7 173.2 175.2 179.1 188.3 198.3 202.9 205.2 210.2 224.8 232.1 237.3 243 254.4 270.8 282.6 292.5 295.1 307.2 318.3 329.1 339.2 351 351.4 355.9 364.9 360.6 363.3 350.9 342 334.8 332.4 344.6 341.2 339.1 351.1 354 359.8 361.8 362.4 356.5 355.4 343.9 342.3 339.3 343.7
3.2 45.6 37.9 10.9 3.4 10.1 27.4 24 4.5 30.4 48.2 57.9 72 82.4 97.9 116 125.8 133.5 122.8 114.7 115.3 118.3 123.9 125.4 126.6 128.8 136.2 143.3 146.4 149.2 153.3 157.7 163.9 172.4 175.9 179.8 186 193.3 206.5 211.2 217.1 222.5 223.3 229.5 238.4 245.7 253 263.6 276.7 288.3 301.3 306.2 316 325 336.9 346.8 358 361.5 368.6 365 363 363.9 359.3 353.6 338.3 332.8 346.4 346.1 346.3 356.7 360 362.3 362.3 361.8 356.4 356.5 342.9 346.3 336.9 344.9
4.5 32 18.8 3 2.3 15.7 20.5 3.2 21.2 35.4 50.3 61 73.2 87.2 104.4 117.5 123.4 126.7 116.4 112.3 116.4 121 124.9 127.2 129.2 134.5 138.5 143.4 148.8 152.6 160.6 164.1 171.9 184.7 192 196.5 203.6 211.8 219.3 222.6 226 229.2 232.2 237.6 242.2 249.7 257.2 267.8 280.9 293.7 308.1 314.8 322.9 331.2 342.3 354.8 359.2 368.5 367.3 363.5 365 364 365.3 353.2 342.5 344.9 348 348.4 352.7 359.5 357.2 361.7 360.9 360.4 356 343.5 338.9 338.6 334.3 340.7
4 3.3 2.4 2.6 3.7 2.5 2.5 3.8 24.2 37.1 49.9 62.9 77.1 90.6 104.6 114.9 117.4 117.2 105.9 110.2 113.3 118.7 121 127.5 131.6 136.7 142.6 151.8 157.8 167.2 175.4 179.1 186 197.2 205.6 210.3 216.2 222.1 228.1 230.3 231.3 235.7 241.4 245.4 254.6 255.1 261.3 275.2 285.9 296 309.4 318.7 327.9 336.8 346.2 359.4 361 370.1 362.9 363 367.1 371.1 366.6 356.1 352.5 362.6 360 355.3 356.8 357.8 359.5 361.4 359.4 358.7 353.7 337.4 335.6 330.9 331.9 336.6
3 2.6 2.4 2.4 2.3 2.3 2.8 4.1 23.5 37.3 47.6 63.8 76.7 92.4 104.3 105 105.3 103.4 98 107.9 112.3 114.5 122.8 131.3 138.2 146.7 155.4 167.2 172.4 176 183.9 188.6 197.4 208 213.8 217.2 224.3 231.7 235.4 236.4 237.6 240.6 247 249.7 260.2 264.1 272.7 285.3 298.1 307.7 312.7 321.4 332.4 342.6 353.4 364.7 370.8 369.3 362.8 364.9 370 372 364.8 358.1 356.5 366.3 363.1 366.5 364.4 358.5 358.9 358.7 356.8 355.4 346.1 336.3 331.3 327.4 330.2 333
2.6 2.3 2.3 2.2 2.1 2.5 2.8 3.4 23 34.3 44.8 59.4 70.3 80.8 89.9 89.6 90.5 92.3 103.9 109.8 113.7 118.2 129 138.6 155 162.8 171.1 178.6 180.8 183.3 192 197.3 207 216.4 221.8 227.6 233.9 238.7 243.9 249.3 250 247.9 254.3 253.9 263.7 277.2 285.7 293.6 302.1 313 318.9 322.2 333.2 342.7 351.9 364.8 371 365.4 362.6 363.6 370.4 368.5 361.4 356.7 353.4 360 364.7 368 363.8 360.2 358 356.3 354.4 350.5 340.9 335.7 327.7 326.6 327.1 327.9
2.2 2.1 2.1 2.1 2.1 2.5 2.8 5.1 21.5 33.3 37.6 45.3 56.3 69.5 73.9 76.4 84.9 91.6 99.7 108.2 121.4 130.2 141.9 155 162.7 169.2 178 185.9 189.8 195.9 199 208 215.3 222.7 228.8 233.7 242.1 247.3 252.4 255.2 254.9 254.3 256.5 262.5 273.8 283.5 288.4 296.8 305.5 313.5 321.5 324.4 334.8 343 348.4 359.2 361 361.2 360.5 361.3 367.8 364.8 358.6 352.6 349.9 355.4 365.3 366.5 360.4 359 354.9 352.8 350.4 344 334.1 331.4 325.7 326.7 327.3 321.6
2 2 2 2 2.2 2.6 3.1 8.9 13.8 26.1 33.7 43 45.1 56.1 68.3 78.1 86.6 98.1 108.7 122.7 137.3 147.5 151.6 163.7 169.6 174.9 190.7 193.5 198.9 204.6 209.3 214.5 220.2 226.7 233.3 239.5 247.2 253.3 256.2 260.3 261.2 262.2 263.5 273.2 283 288.1 292.5 303.2 310.3 315.4 321.6 328.1 334.5 339 342.9 348 353.1 354.6 355.2 356.4 354.2 356.3 352.1 347.1 346.3 353 356.9 362.7 356.3 356.1 352 345.9 345.6 333.7 328.6 324.6 329.8 325.4 320.9 324.2
2.1 2.1 2.2 2.2 2.4 2.7 3.9 8.4 17.3 30.4 34.8 44.3 49.3 61.3 73.2 84.1 96.5 113 126.4 139.9 148.4 152.3 161 168.9 178 184.3 197.6 203.6 209.7 212 215.5 218.7 228 234.2 243.6 248.4 253.2 257.6 260.9 265.1 268.5 270.9 273.2 277.1 286.6 292.9 297.1 303.9 313.8 317.7 322.1 327.2 328.5 334.5 336.6 340.2 348.6 351.7 351.8 350.6 349.2 348.5 345.4 343.3 344.5 348.1 350 354.8 352.4 349.5 349.5 345.5 334 327 323.9 322.8 328.7 319.3 318.8 326.3
2.3 2.2 2.2 2.3 2.4 2.9 11.4 17.3 22.3 34.5 42.4 52.5 61.3 71.1 83.3 98.5 111.4 124.9 133.4 144.2 153.8 158.6 166.5 179.8 192.3 200.7 205.5 211.4 216.9 219.2 223.7 230.8 237.5 242.6 249.9 252 257.1 262.9 265.5 270.4 274.1 276.1 278.1 285.4 293.2 301.1 301.7 307.5 317.3 319.6 322.9 324.9 326.5 328.3 331.4 339.9 345.3 347.1 349.5 348.3 346 348.1 342.4 342.1 346.6 345.7 345.8 350.8 349.3 346.9 346 336 326.4 323.1 322.5 324.8 322.4 316.9 319.4 323.9
2.5 2.3 2.3 2.4 2.6 8.7 17.3 24.4 29.3 41.3 49.5 64.1 75.6 86.2 98.6 112.4 123 131.9 141.6 153 161 167.8 181.4 197.7 210.5 218.8 227 227.7 229 230.3 236.8 243.1 252 253.8 258.4 260.1 262.7 267.7 269.8 273.4 278.6 281.8 283.3 288.5 294.9 305.6 307 312.9 319.7 321.9 327.1 325.6 325.6 328.5 335.6 346.3 347.9 351.8 352.1 347.7 344.8 346 341.9 341.8 346.3 344.8 343.9 349.1 346.8 345.1 340.4 329.4 320.9 317.6 320.7 322.8 323.6 316.3 318.1 321.8
2.7 2.5 2.4 3.3 4.5 17.3 23.3 33.7 42.6 48.5 63.1 79.5 91.2 104.3 114.4 123.2 131.1 136.6 151.8 157.7 166.3 183.2 202.2 219.5 233.3 238 240.1 241.5 241.2 243.1 245.9 251.6 261.3 260.9 262.8 266.7 269.5 271.2 275.4 279.4 280.6 284.7 286.7 288.9 298.3 311.5 315.7 319.1 322 323.6 327.4 323.3 323.3 326.1 340.7 351.4 352.6 356.1 356.1 350.3 344.2 342.7 341.6 342.7 346.5 344.1 344.1 345.1 343 341.9 335.9 322.8 316.4 315.6 315.1 314.2 322.8 316.1 320.9 323.1
2.7 2.5 5 5.1 14.2 28.2 34.7 43.8 52.4 57.5 82.5 94.1 104.4 115.6 125.2 136.4 141.5 150.1 163.2 170.8 184.1 208.4 229.7 241.7 249.1 252.6 251.7 251.4 249.8 250.2 254.5 259.3 265.9 268.4 272.8 274.9 279.3 286.1 285.8 284.8 285.5 287.3 289.7 291.6 300.6 313.8 316.7 321.9 323.1 323.3 323.3 323.3 323.3 329.5 340.9 352.5 357.1 359.5 358 350.1 344.9 343.2 340.6 342.9 345.2 343.7 343.4 341 340.3 333.8 327 317.3 313.2 312.8 311.8 313.2 321 313.9 323.8 325.9
3 3.3 9.2 17.8 30.9 41.6 51 57.9 66.4 77.2 94 106 115.7 127.5 134.1 148.3 156.9 165 175.5 182.4 205 228 247.1 258.6 263.2 261.7 258.4 257.7 259.2 257.5 259.8 266.3 273.5 275.2 279.1 282.1 285.4 291.2 291.2 292.9 290.2 289.9 291.3 302.1 304.8 312.2 318.5 326.1 323.3 323.3 323.3 323.3 324.1 334.3 344 355.4 364.5 366.2 359.1 350.9 346.1 342.1 339.8 340.8 344.4 342.2 340.6 336.7 333.7 325.6 317.1 311.2 308.3 310.4 311.2 314 317 313.6 317.4 325.7
3.3 3.6 18.9 22 36.7 54.4 62.4 71.1 75.9 92.3 106.8 116.1 128.8 141.6 150.4 160.6 170.5 182.2 191.1 205.1 223.7 241.5 257.5 269 276.9 278.8 274.6 270.8 270.9 267 266.7 273.9 284.8 283.8 286.7 290.2 289.8 298.4 297 299 298.8 296.8 298 307.7 310.9 316.7 325.6 329.1 326 323.3 323.3 323.3 331.9 345.9 356.4 362.7 372.7 368.3 364 358.4 348.9 342.8 340.2 339.9 342.9 339.7 336.5 331.1 327.7 318.6 309.3 305.1 303.7 308.6 308.5 311.6 312.6 313.1 314.1 327.7
5.2 12.7 25.7 29.1 43.7 65.8 69.8 84.1 95.2 104.2 118.6 129.9 142.5 156 167.2 174.7 185.4 198.3 202.1 226.4 242.9 260.4 273 284.3 292.8 295.1 289.1 284.7 281.5 280.3 277.1 280.9 290.1 291.8 294.8 297.5 296.2 303.8 305.3 306.3 308.4 306.8 308 312.4 315.7 321.9 328.4 330 331.6 330.5 324.9 336.4 343.7 354.3 361.2 369.3 380.1 369.7 360.3 357.3 348.4 343.8 342.3 335 337.3 335.1 327.7 324.6 318.9 309.9 303 299.8 298.8 301.9 304.6 307.4 310.7 316.1 314.7 332
