app/static/ascii/SH66.asc
ncols 200
nrows 200
xllcorner 260000
yllcorner 360000
cellsize 50
[rows 35 to 69 of 200, columns 78 to 155 of 200]
375.4 372 372.8 373.6 375.6 377 379.4 381.7 384 385.6 387.5 390.6 394.4 398.7 403.7 405.2 412.6 417.9 423.6 429 436.5 444.9 452.5 460.9 468.9 477.3 485.3 493.6 499.8 505.7 512.4 519.4 523.5 531.5 544.2 558 574.5 586.4 596.7 605.7 617.4 627 637.7 650 664.9 680.1 694 710.4 721.1 727.2 726.1 722.3 717.1 708.8 702 697.1 694 690 692.2 692 694.1 698.3 702.9 706.9 710.3 722.6 732.1 741.8 750.2 760 768.9 782.6 771.3 758.1 745.8 733.3 721.1 708.8
367 366.6 367 367.7 369.5 371.9 374.6 376.9 378.6 380.5 382.9 385.5 388.1 392.4 396.8 397.4 407.4 413.5 421.5 428.8 437.1 446.6 454.8 463.8 471.6 482.1 491.3 499.3 506.6 512.6 521.6 529.9 535.2 538.4 547.6 561.7 575.3 591.5 600.3 608.2 619.6 628.7 642.3 654.2 670.2 683.9 699.8 713.5 728.5 733.5 733.8 730.9 722.1 714.8 705 701.9 698.7 694.2 696.7 696.9 699.2 702.4 708.1 712.8 719 729.1 737 744.4 749.8 753.9 759.5 764.1 764.1 758.8 750.8 737.4 728 716.1
362.3 362.4 362.9 363.8 365 367.8 370.5 373.1 375.4 376.9 379 381.3 384.4 388.5 388.9 397.7 404.3 411.4 419.2 428.2 439 447.8 459.2 469.9 478.5 487.6 498.7 507.3 514.9 522 532.1 540.2 547.5 554.2 558 566.2 582.4 595.8 604.2 612 623 634.1 647 657.3 676.1 691.5 706.4 724.3 733.7 739.7 741.7 735.3 729 717.8 710.8 704.7 701.7 699.3 699.6 701.5 704.1 707.5 711.7 717.9 723.6 730.6 738.4 745 749.4 754.3 758.7 763.7 765 761.2 755.6 744 735.4 727.1
358.8 358.8 358.6 359.8 360.9 363.6 366.6 369.7 372.4 374 375.5 377.4 376.9 385.4 390.8 396.8 403 411.8 421.4 432.7 440.9 454 464.6 475.2 485.9 495.1 505 514.1 524.7 536.1 545.4 552.9 558.6 566.5 576 582.2 591.9 601.1 609.5 619 629 639.7 650.8 660.3 682.2 696.3 714.4 732.2 741.8 747.9 745.9 740.8 733.6 722.8 716.1 709.5 705.4 703.3 704.7 704.7 707.9 710.4 715.6 720.2 724.4 731.7 738.6 744.6 750 755.3 759.7 765.5 766.7 765.7 760 753.2 747.7 736.4
354.8 354 354.1 354.2 356.4 359.4 362.5 366 369 370.5 371.2 371.1 379.2 383.1 389.8 396.1 404.3 413.9 425.6 436 448.5 459.6 471.3 482 492.6 503.5 513.2 522.7 535.5 545.3 556.4 563.9 573.6 583.5 590.6 597.2 605 612.5 619.6 627.7 634 643.6 653.4 671.7 686 703.6 719.5 734.3 747.1 754.7 753.1 746.3 736.4 727.9 722.2 717.1 712.6 709.3 708.8 709.5 711.3 713.3 718.2 722.4 727.3 734.7 742.9 748.4 756.7 758.9 765.4 769.8 769.9 769.6 766.5 759.8 753.7 746.8
350.7 349.6 349.7 349.9 351.8 354.7 357.5 360.8 365.2 364.2 368.1 373.4 377.3 382.8 389.2 396.2 407 416.1 428.6 442.6 454.5 465.2 478.2 489.9 500.8 511.5 522.1 532.4 545.4 556.2 564 575.4 587.1 593.5 600 608.6 613.9 621.5 626.7 631.8 638.3 649.1 661 674.5 689.7 707.5 722.3 736.9 748.8 756.2 756.3 751.2 743.2 735 728.8 722.6 717.5 714 712.5 713.4 714.4 716.6 721.4 729.7 744.7 748.4 751.6 759.5 763.4 767.7 771 773.3 776.5 775.6 771.9 765.1 760.3 755.5
346.4 346.1 346.2 346.6 348.5 350.8 354 357.3 360.8 362.3 369.4 373.6 376.9 382.7 389.3 396.8 406.4 419.1 432.4 447 460.1 471.1 485.1 497 509.4 520.2 530.8 541.5 554.5 566.4 575.8 588.1 596.3 605.6 613.6 618.7 624.6 629.4 633.9 638.5 643.8 653.1 665.9 678.4 693.4 709.2 721.6 734.5 746.5 752.1 753.7 750.8 745.7 737.1 731.2 726 721.1 717.4 715.9 716 718.4 719.6 729.4 740.6 750.5 756.2 762.9 769 770.6 772.8 776.5 780.2 780.9 779.2 776.8 771.3 768.5 764.8
343 342.6 342.9 343.3 345.5 347.9 350.2 350.3 355.2 364.5 367.7 371.3 376.6 383.2 390.6 400.2 410 422.6 436.1 451.7 465.3 478.5 492.1 505 518.1 528.6 540 550.2 563.3 576.4 584.8 599 608.4 615.4 623.8 627.8 632.6 635.6 638.8 643.4 647.9 658.9 670 680.3 696.5 709.5 720.7 730.4 738.2 743 744.8 744.8 741.4 736 730.5 727.1 723.1 720 719.1 720 720.9 726.3 736.4 750.5 758.5 770.2 778.1 780.3 781.3 780.9 782.1 785.3 784.4 783 779.8 776.2 772.8 770
339.9 339.9 340.2 340.5 341.7 344.5 344.6 351.2 357.3 362.9 363.3 369.3 376.1 384.6 392.7 401.9 413.7 428.5 443.9 458.5 472.9 486.7 501 514.3 526.3 535.3 548.3 558.8 573 584.3 593.7 605.1 614.3 623.6 630.6 634.4 639.4 641.5 643.9 648 653.2 662.1 671.7 684.2 697.2 707.1 715.1 720.7 726.2 731.1 733.6 732.2 731.3 730.3 727.5 725.7 723 720.6 721.4 722.6 724.3 735.1 745.9 762 774 783.7 786.3 785.7 787.9 787.9 787.6 787.8 787 784.6 782.1 779 776.1 774
338.9 338.6 338.6 338.7 339.5 341.6 344.3 347.5 352.6 356.1 362.6 368.2 378.4 387.3 396.2 409.9 421.2 436.4 451.2 466.3 481.7 495.5 510.5 523.2 533.5 545.1 555.3 567.8 580.7 592.2 601.2 612.4 620.7 629.1 635.1 638.3 643.3 646.6 649.8 653.3 657.9 664.9 672.6 682.8 692.4 698.3 702.8 708.2 712.3 716.2 718.9 720.7 721.6 722.2 722.3 721.4 719.9 719.9 722.1 724.8 727.2 739.3 755.1 769 780.3 795.3 798.5 792.4 791.7 791.1 789.8 789.7 788.5 786.1 783.7 781.5 778.5 777.3
337.6 338.8 337.6 337.2 335.7 339.6 342.7 345.5 349.3 356 363.7 371 379.9 390.5 402.5 416.5 429.8 445.8 461.8 477 491.9 505.6 520.1 531.3 541.9 552.5 563.2 575.5 587.2 596.2 607.6 617.8 624.4 631 636.7 641.1 644.3 647.3 650.4 653.3 656.7 661.9 668.9 674.4 680.8 684.5 690.9 694.2 695.5 699.9 703.9 706.3 707.5 710.8 712.7 713.3 714.5 717.1 720 723.6 726.6 733.3 754.2 772.3 783 789.5 792.1 792.8 792.7 792.4 791.7 791 790 787.7 785.3 784 782.5 780.2
334.9 337.7 336.1 333.2 335.6 337.9 341.2 344.6 349.4 356.7 364.9 374 383.5 393.9 409.4 425 441.5 456.7 473.5 488.6 501.8 515.9 528.7 540 550.2 560.9 572.9 583.2 593.6 603 614.2 622 625.6 629.2 632.8 637.7 640.4 642.6 644.9 647.2 649.9 653.5 657.2 662.5 667.3 671 674.8 676.7 681.8 684.2 686.9 689 692 695.8 698.9 701.2 703.8 709.5 714.1 715.7 719.7 723.9 741 761 772.6 781.2 787 790.7 791.8 791 790.7 789.7 790 789.1 787.2 786.3 784.6 783.8
328.2 331.2 324.9 333.9 336.1 337.8 340.7 344.4 351 360.2 368.4 379.3 390.5 404.4 418.9 435.7 451.5 468 484.9 500.2 512.7 526.4 539.5 549.4 560.2 571.4 581 591.4 600.6 609.7 625.6 625.4 625.4 626.8 627.4 627.9 628.8 632 633 633.6 636 641 645.5 649.1 653.1 656.1 659.5 663.1 666.7 666.3 670.4 673.8 676.4 680.1 683 686.8 692 699.3 702.4 705.2 709.3 713.9 724.4 743.4 758.6 770.1 779.1 781.9 785.6 786.1 787 787.5 788.5 789.4 789.1 788.4 787.7 788.7
316.9 317.4 328.2 334.6 336.9 338.7 341.5 345.3 354.9 363.6 373.8 386 401.1 415.3 431.1 446.6 463.1 479.9 496.3 511.5 524 539.6 550.6 559.7 570.9 580.1 588.8 598 606.8 616.8 632.8 627.7 625.4 623.7 620.8 619.4 618.5 619.9 620.1 619.9 622.3 626.4 628.7 632.1 635.3 637.9 643.2 646.6 649.1 652.2 655.2 657.8 660.2 662.1 665.2 670.1 677.5 685.6 687.7 691 696.2 705.1 713.3 729.1 742.7 753 762.1 771.3 775 778.6 779.8 783.2 786.1 789.4 790.9 794.4 796.4 802.3
318.3 322 327.3 336 338.3 339.9 343 349.7 358.5 369.9 382.3 396.4 413.3 428 443.3 459.4 474.9 491.1 507.9 522.5 535.4 551.6 561.5 570.4 580.3 589.1 598 605.6 613.9 623.3 638.1 627.6 623.6 617.9 613.7 611.3 608.3 606.6 605.4 607.4 607.9 609.9 610 613.4 617.6 622.5 625.3 630.5 633 635.6 638.6 640.6 642.3 643.9 648.6 653.5 657.4 664.6 668.5 674.1 681.4 689.1 700.3 711.3 725.2 735.3 742.6 754.4 762.2 767.9 772.3 778.4 786.1 795.4 797.9 799.9 806.5 811.5
316.5 321 326 334.4 338 341.7 345.9 353.8 364.8 379.1 393.2 408.5 425 440.7 456.7 472.1 486 501.4 517.8 533.5 546.9 561.9 570.9 580.6 591.3 598.9 607.2 614.2 622.3 630.3 634.7 624.8 617.8 610.9 605.1 599.3 594.9 592.1 591.1 592.1 593.1 592.2 594.6 598.3 600.6 605.4 609.6 613.4 615.7 617.7 619.8 622 623.4 624.5 628.8 634.8 642.9 647.2 649.4 657.6 664.3 674.4 682.7 691.4 703 716.1 728.4 737.1 749.7 759.1 768.3 776.5 787 794.2 800.7 807.3 814.1 817.2
316.6 320.4 325.2 332 337.8 343 348.2 357.7 372.6 389.2 403.9 421 436.5 453.4 469.2 483.3 496.1 510.3 526.8 543.7 555.7 569.3 578.6 586.4 600 608.3 612.1 618.4 627.1 634 630.1 617.4 609.1 601.3 594 589.1 583.7 579.3 578.2 577.2 576.8 575.5 575.6 578.4 583.3 588.9 592.4 593.9 597 598.4 599.7 602.3 604.5 606.1 610.4 618.7 625.4 628.1 630.6 636.8 646.7 653.2 662.1 673.5 686.1 697.3 712.5 724.5 741.2 754.1 764.1 774 783.1 793.5 800.7 809.4 816.7 825.1
316.3 319.8 324.7 331.8 338.5 344.9 351.1 366.1 383.1 398.2 415.5 432.6 450.2 466.9 481.3 493.6 503.8 517.3 534.3 551.7 563.8 576.6 584.2 591.7 606.3 614.1 615.6 620.1 626 629.4 619.2 607.4 599.9 592.2 584 577.6 570.5 566 563 561.7 559.3 560.5 562 563.9 567.1 571.1 575 577.2 578.1 581.1 582.4 583.6 584.4 588.2 590.3 597.6 601.8 605.7 612.7 619 628.9 635.2 643.9 656.4 667 678.5 696 717.4 734.1 748.3 761 772.5 782 791.7 802 810.1 817 826.5
316.4 319.9 325 332.1 339.4 347.3 358.6 376.6 393.4 408.5 426.5 443.6 462.7 478.4 491.4 501 510.6 524 540.2 558.3 570.7 583.2 587.7 592.8 606.4 615.2 614 616 620.2 618.2 608 598.9 590.2 581.6 572.3 564.2 556.2 551.8 548.2 546 544.4 543.9 546.1 548.3 550.4 552.5 557.3 560.7 561.5 564 566.3 566.9 567 569.6 572.4 576.5 577.2 588.4 597.1 603.6 609.5 618.3 627.5 638.4 648.6 664.9 687.9 708.7 727.6 742.3 755.7 765.4 779.6 791.9 801 811.4 818.4 826.8
316 319.9 325.2 332.5 342.7 355.1 366.4 383.2 401.1 418.5 439.3 457.1 472.8 489.7 497.8 502.6 511.3 524.8 540.8 560.5 574.1 584.5 587.1 591.4 599.4 607 605.5 606.9 608.9 605.5 594.7 586.7 577.7 567.9 558.4 549.5 542.7 537.4 533.9 531.5 529 527.9 529.3 532.6 535.7 537 542.2 545.5 546.4 547.7 548 549.7 548.3 552.9 555.5 561.1 564.7 571.5 579.8 587.5 592.7 599.3 608.3 617.6 633.1 655.6 677.3 696.8 718.7 735.3 751.1 760.3 774.4 787.4 800 811.3 818.8 825.6
313.9 322.3 327.9 336.5 350.1 362.2 379 390.2 410.2 429.2 453 468.9 483 494 498.9 501.6 508.7 521.6 538.4 556.7 571.7 581.5 582.3 586.6 590.8 593.3 594 595.7 596.6 591.2 581.6 573.4 563.8 554.3 545.6 536.7 528.8 521.5 518.4 514.7 512.4 510.7 513.6 516.4 520.9 524.6 526.8 529.9 531.4 533.8 533 533.6 531 537.4 543.5 546.9 550.9 556.5 565.1 568.4 575 581.2 588.7 607.5 621.5 641.8 663.6 686.7 707.5 725.1 744.2 758.3 767.6 779.8 794.8 807.4 817.1 824.9
312.4 318.5 331.2 346.3 359.3 375.2 388.9 403.5 422.3 441 462.6 477.5 484.7 489.2 492.9 496.2 501.7 514.1 531 548.9 563.9 571.4 571.6 573.9 573.3 575.8 577.6 579.7 580.4 574.4 566.2 557.4 548.9 539.5 530.3 521.5 512.8 506.8 503.6 499.8 499.5 498.3 499 502.5 506.7 510.5 513.8 515.5 517.4 518.7 518.5 518.9 518.9 524.8 530.3 534.6 538.1 541.2 547 553.9 558.3 566 579.3 596.1 609.8 626.6 648.5 673.5 691.8 714.4 737.4 753.7 763.1 774.7 788.1 801.6 811.9 820.5
315.5 321.9 338.7 353.2 369.8 387.7 399.3 418.2 436.3 447.1 465.6 474.9 478.8 481.5 485.6 489.2 494.7 505.2 521.1 537.1 550.1 555.1 555.1 553.7 557 557.1 559.5 561.5 561 555.1 547.3 539.9 531.6 523 514.2 505.9 497.7 491.4 488 485.1 483.8 483 485.4 488.4 491.9 496.1 499.7 502.7 504.4 506.6 506.3 505.2 506.4 511 513.5 518.7 524.4 528.8 533.6 539.7 543.7 555 568.5 583.5 600.8 614.7 637 659.3 678.3 700.4 725.3 737 754 763.5 775.7 792.1 803.8 814
318.1 328.1 343.2 363.2 383.7 401.2 409.4 428.1 446.8 452.3 457.7 464.9 468.3 472.3 476.1 478.9 484.9 496.8 509.2 523.9 533.9 535.6 535.3 534.6 534.6 537.1 540.4 542.4 541.2 535.2 529.5 522 514 505.4 496.5 488.9 482.2 475.6 473.4 471 470.2 470.4 471.7 474.3 477.2 481.5 484.9 489.4 492 493.8 494.9 494 495.6 497.8 501 505.3 510.5 516.7 522.3 524.6 535.1 545.5 557.1 572 588.4 601.4 623 644.2 666.8 685.3 706.8 721.6 739.2 752 759.3 774.4 790.6 804.7
320.7 337.7 353.6 373.8 391.4 405.7 411.2 433.1 440.5 445.3 448.9 453.1 456.1 460.8 464.6 467.9 474.3 485.4 497.7 508 515.7 516.2 514.8 514.7 514.4 515.6 519 522.1 520.1 514.7 508.1 503.2 496 486.8 478.3 472.7 467 462.9 460.6 459.3 458.3 457.9 461.4 463.5 466 468.1 471.8 477.1 480.6 482.8 484.1 484.4 486.1 486 487.9 494.7 499.1 504.2 509.2 517.6 525 532 542.5 557.6 575.3 591.1 609.8 626.8 649 667 689.1 703.5 716.9 733.9 747.5 758 773.6 789.6
325.1 344 364.3 382.8 397.5 410.5 411.9 425.4 430.9 432.5 438.5 441.5 444.8 447.3 450.3 453.8 462.2 472.4 483.9 492.9 498.2 496 495.3 494.4 493.8 495 498.6 502.5 498 492.2 488.1 483 475.9 468.8 464 456.5 452.5 450.3 448.5 446.1 447 447.4 450.4 453.3 456.2 458.4 460.8 465.3 468.1 473.2 474.6 475.3 479.1 480.7 484.2 486.7 489.8 495.2 503.2 509.2 515.9 523.4 532.1 544.9 559.4 577.6 594.1 614.8 637.8 651 672.8 690.8 701.3 714.9 728.9 743.9 758.2 769.1
331.6 349.9 370.2 387.9 397.5 406 410.9 414.8 417.1 420.3 425.1 428.3 431.2 435.6 437.5 438.8 448.2 458.6 469.4 477 478.7 476.8 475 474.4 473.3 471.6 477.5 480.3 475.6 471.9 467 463.1 456.8 452.5 447.9 443.8 441 439.2 437.5 435.7 431.5 434.4 437.6 442.8 447.3 450.9 454.3 457.5 460.3 464.8 467.1 470.2 472.7 475.3 479.4 481.2 486.4 490.3 494.9 500.2 508.8 515.8 523.6 532.4 545.3 564 579.9 600 623.5 640.1 658 675.9 690.7 702.5 715 727.1 743.1 756.5
341 360.3 383.5 386.8 392.7 396 400.6 402.8 403.7 407.9 410.8 414.8 418.5 420.5 419.2 424.4 433.3 442.9 453.2 459.7 459.8 457.8 455.3 453.8 450 451.8 457.1 457.2 453.3 449.4 447.7 442.8 440.5 437.6 432.7 431.3 429.4 428.5 427.6 424.9 431.7 435.5 437.5 439.1 442.7 446.1 448.9 448.2 451.8 453.3 453.2 457.5 464.4 469.8 469.3 477 480.9 482.8 485.7 492.2 500.7 507.6 517.2 527.1 537.9 553.1 567.7 588.9 604.9 620.8 640.2 660.7 676 689.1 703.6 716.7 731 743.7
345.8 365.2 376.1 376 377.9 383 384.5 386.9 388.8 393.5 396.7 399.5 402.4 402.7 402.6 408 416.8 426.1 435.3 440 438.5 435.9 435.4 433.1 429.5 431 436.5 435.8 433.5 431.4 430.2 427.9 423.8 422 421.6 420.5 420.8 420.6 422 428.5 430.3 431.6 432.1 434 436.5 441.1 442.3 442.2 441.1 444.1 445.6 452.2 457.3 459.6 465.2 469 473.8 476 478.2 483 490.1 498.2 510 519.4 527 545.2 556.4 574.3 592.8 609.2 628.6 645.9 659.4 674.7 689.5 702.1 716.6 729.5
350.4 365.1 365.3 363.8 363.1 366.6 367.2 369.5 373.1 377.3 379.4 382.5 385 386 384.3 390.5 398.6 407.4 417.3 418.9 415.8 413.5 414.6 414.4 411.5 413.2 417.1 416.1 414.2 412.7 412.9 412.8 412 411.7 412.2 413.2 414.4 419.9 423.4 424.3 424.8 425.7 426.9 428.8 430.7 434.2 435.4 436.4 436.4 438 443.8 448.1 452.1 455.7 460.4 465.2 468.5 470 475 478.1 484.5 491.3 500 512.3 522.6 536.6 550 561.5 577.1 591.2 609.6 627.9 643.4 655.8 672.4 684.8 699.2 713.3
354.5 356.9 353.9 352.2 349.3 348.6 350 351.1 355.8 359 362.1 365.5 365.8 368.1 371.2 374.9 380.3 388.3 398.4 401.1 396.9 394.9 396.1 395.9 398.2 400.2 398.7 397.8 400.1 402.5 402.9 401.8 400.6 402.8 406.4 409.9 414.8 417.6 419 419.4 420.4 421.2 422.4 423.7 426.9 431.6 432.9 432.8 432.4 435.3 439.9 445.1 450.1 453.3 457 459.4 460.7 466.8 472.8 473.6 477.5 485.2 494.4 505.7 514.9 525.7 538.3 551.1 567.1 581.4 592.1 607.2 619.5 635.6 648.4 667.9 680.9 694.3
349.4 346.6 341.5 337.1 335.7 334.4 334.7 337.9 340.9 344.2 348.2 350.7 352.5 356.1 359.8 362.6 367.1 371.5 379.3 380.3 380.3 381.5 384.2 386.4 387.5 389 390.3 393.2 393.8 394 394.4 396.4 400.1 403.9 408.2 411.2 412.6 414 415.7 417 418.4 419.3 419.7 422.4 426.3 429.5 429.7 429.3 431.6 435.6 439.2 443.1 447.3 449.2 453.7 456.8 460.9 466.3 472.3 474.9 476.4 480.8 491.4 499.1 508.6 518.5 529.9 540.4 554.8 568.3 580.4 594.2 604.4 620.6 631.6 647.3 662.5 673.9
337.9 332.7 326.1 324.1 324 325.6 327.9 330.7 333.7 336.7 340.8 342.6 344.9 347.1 350.4 354.9 359.3 361.9 364.8 367.6 370.9 372.9 374.7 377.9 378.2 379.9 380.9 385.4 385.4 387.3 391.1 396.8 401.2 405.9 408.9 409.7 409.8 411.2 413.3 415.4 416.9 418 419 419 421.2 424.5 424.8 427.1 428.8 433.1 435.2 440.4 445 445.1 449.7 453.5 458.6 463.3 464.9 476.7 484.1 489.4 494.1 497.1 503.3 511.7 521.3 531.7 543.2 554.8 568.1 579.4 587.7 601.5 613.4 628.1 641.2 655.6
323.1 320 318.9 319 319.8 321.3 323.4 325.5 327.9 330.7 334.1 336.5 338.6 340.7 344.7 349 353.8 356.3 358.9 361.4 364.1 366.4 368.2 370.8 372.9 374.9 376.7 380.1 381.8 386.1 390.2 395.5 400.7 404.5 407.2 408.9 408.8 408.4 410.8 413.5 412.6 413.6 415.6 417.9 421.9 426.3 430.8 431.6 434.7 437.1 442.1 446.2 450.4 453.7 458.5 462.6 465.5 470.8 474.1 474.2 476.8 487.8 491.4 494.6 497.6 503.6 514 524.5 534.2 541.9 556.1 566.9 574.3 585.4 596.6 609 620.4 635.9
312.8 313.5 314.3 315.7 316.7 316.9 318.8 320.8 323 325.4 327.9 330.5 332.9 336.3 340 344 348.2 351 354.2 356.3 358.5 361 363.3 366.7 368.3 371.2 373.6 376.5 379.9 383.9 388 393.4 396.7 401 404.9 407.9 407.4 404.1 408.6 412.3 414.9 416.1 417.7 419 422.1 425.6 429 431.6 435.3 439.1 443.8 447.1 448.3 451.1 457.1 463.8 470 475.1 478.6 482.1 481.9 480.4 488 491.1 493.2 500.3 507.6 514.2 524.7 535.1 542.8 553.5 560.8 566.7 575.9 588.8 599.5 608.6
