app/static/ascii/SH67.asc
ncols 200
nrows 200
xllcorner 260000
yllcorner 370000
cellsize 50
[rows 152 to 189 of 200, columns 0 to 84 of 200]
42 42.4 43.7 48.2 48.7 47.9 46.8 37.2 34.3 31.2 28 24.7 20.3 15.5 12.5 12.9 13.8 7.1 2.1 1 -0.2 -2.3 -2.3 -2.3 -2.3 1.2 2.3 2.7 3.5 5.1 5.6 5.4 6.5 7.3 7.7 9.2 11.2 11.6 10.4 9.3 8.5 8.1 7.8 7.4 6.4 5.1 4.6 4.3 4.1 4.1 4.1 4.1 4.5 4.8 5.1 5.1 5.1 5.1 5 5 5.2 6.8 8.9 9.9 10.8 12.4 13.1 13.5 12.8 15.2 15.6 16.2 15.7 16.4 18.3 18.5 17.9 19.1 19.2 17.8 17.8 17.7 19.4 21.7 23.4
43.4 43.6 46 48.1 47.7 47.8 41.9 36.9 33.6 29.8 26.7 22.5 18.7 15 14.5 14.5 15 13.6 8.2 1.9 0.1 -2.3 -2.3 -2.3 0.5 3.1 8.3 7.5 4.8 3.5 3.5 4.2 5 5.6 6.6 8.8 9.9 9.6 8.6 8 8.1 7.9 7.8 7.4 6.6 5 5.2 4.8 4.4 4.5 4.8 5.2 5.9 6 5.9 6.1 6.4 6.4 6.4 6.3 7.3 9.3 11.1 11.7 12.3 13 14.3 15.6 16 18.8 20.1 20.2 18.9 19.3 20.8 20 19.5 19.4 19.3 19.7 19.9 21.4 23.2 25.2 26.8
43.5 45.3 46 47.2 47.3 47.2 40.1 36.4 33.3 29.7 26.1 21.8 18.4 15.5 16.3 16.4 15.9 15.1 13.1 8.4 2.1 -2.3 -1.9 -2.3 -2.3 4.7 7.2 5.8 3.6 3 3.2 3.7 4.1 4.7 5.7 7.4 7.4 7.8 7.9 7.6 7.7 7.8 7.7 7.4 6.3 5.4 5.8 5.6 5.4 5.6 5.8 6.6 7.5 8.4 7.8 7.8 7.8 7.8 7.8 8.5 10.6 12.7 13 13.5 14.5 16.3 15.4 16.1 18.3 21.3 21.7 22.2 21.2 20.9 21.1 21.3 21.2 21.2 21.2 22.2 23.7 25.6 28 29.3 30.6
42.8 45.8 46.8 47.6 46.3 43.8 38.5 35.6 32.4 29.2 26.6 23.3 19.1 18.3 18.9 18.8 18.1 16.9 15.7 10.9 5.7 -2.3 0.3 1.4 -2.3 1.1 1.2 2.2 3.3 4.1 3.9 3.5 3.9 4.2 5 6.2 6.5 6.8 7.1 7.2 7.4 7.5 7.6 7.4 7.1 6.9 6.5 6.5 6.4 6.3 6.3 8 9.7 10.2 8.4 8.6 8.6 8.6 9.6 11.3 13.2 16.1 17.8 16.1 16.5 17 17.5 17.1 18.5 20.7 22.4 23 22.5 22.5 22.8 22.9 23.2 23.2 23.3 24.6 26.1 28.7 31.1 32.5 33.9
42 45 47.5 48.9 47.8 42.2 38.1 34.7 31.3 28.3 25.3 22.2 20.3 20 19.4 17.9 18.4 17.4 14.9 11.5 7.9 -2.3 2.3 4.9 4.2 2.4 1.1 2.2 4.1 5 4.9 4.3 3.8 3.9 4.4 5.3 6.2 6.5 7.1 7.1 7.1 7.2 7.3 7.3 7.2 7.1 7 6.8 6.6 6.5 6.9 8.1 9.4 9.5 8.8 9.1 9.3 10.3 11.6 13.6 15.3 17.8 20.5 21.1 18.3 18.3 18.2 17.9 19.9 20.7 22 23.5 23.8 24.2 24.6 24.6 24.6 25 25.8 27.1 29.2 31.7 34 35.7 37.2
41.2 44.7 48.7 50.8 48.1 43.1 38.2 34.4 30.6 27.2 24.1 21.8 21.5 20.6 17.7 15.1 12.9 12.3 12 10.4 -2.3 -2.3 4.9 4.7 4.5 3 1.1 1.9 4.8 5.3 5.4 5.2 4.7 4.2 4.1 4.8 5.6 6.4 7.1 7 7 6.9 6.8 6.7 6.6 6.5 6.4 7 7.1 6.6 7 7.2 8 8.3 9.2 9.8 10.4 11.3 12.6 15.2 16.4 20 21.8 22 22.4 23 21.6 19.5 21.2 21.9 22.7 24.3 25.5 26.1 26.4 26.3 26.1 27.3 28.6 30.4 32.3 35 36.9 38.7 40.5
39.6 48.4 50.9 50.8 47.7 44.5 40 35.2 31.4 28.3 24.6 21.7 21 20.5 17.5 12.1 5.4 3.4 2.9 2.8 -2.3 -2.3 4.8 4.5 4.2 3 1.1 5.6 5.5 5.4 5.6 5.7 5.6 5.1 4.6 5.3 6 6.3 6.3 6.3 6.3 6.8 6.5 6 6 5.9 6.2 7.1 7.5 7.3 8 7.8 8.5 8.8 10.3 11 11.7 13 14 16 19.7 21.2 22.2 22.3 22.9 23.1 22.7 20.9 22.3 23.1 24 26 27 28 28.6 28.8 28.2 29.6 31.8 34.1 35.7 38.2 40.5 42.5 43.9
37.9 49.8 51.7 50.5 48.8 46.6 41.1 35.7 32.1 28.9 25.7 22.4 19.9 19 15.1 9 3.6 3.6 -2.3 -2.3 -2.3 2.8 3.2 4.3 4 3.2 4.8 5.6 5.6 5.5 5.6 5.8 5.9 5.9 5.5 5.8 5.4 5.5 5.5 5.5 5.5 6.3 6 5.6 5.5 5.9 6.5 7.4 7.8 8.4 9.6 10.3 11 10.9 11.5 12.3 13.1 16.8 16.1 17.3 18.6 20 21.9 22.6 22.8 23 23.4 23.3 23.5 24.3 25.5 27.2 28.1 29.1 30.3 30.3 30.3 32.6 35.1 37.2 38.7 40.7 43.3 45.8 47.6
35.8 45.3 52.1 50.7 49.3 47.5 40.7 36.6 32.3 29 25.9 21.5 17.8 13.1 9.4 3.9 3.8 -2.3 -2.3 3.9 3 3 2.6 3 4 4.2 5.4 6.2 6 5.8 5.7 5.7 5.8 5.8 5.9 5 4.7 4.7 4.7 4.7 4.8 4.9 5.2 5.1 5.6 6.2 6.9 7.8 9.4 10.7 11.8 12.8 13.1 13.4 13.3 13.8 15 16.8 18.1 18.9 18.3 18.7 21 21.9 22.9 24.1 24.4 25.2 24.8 25.8 27 28.2 29.4 30.7 32.1 32.5 33 35.1 37.6 40.1 41.6 42.8 45 48.1 50.6
32.2 38.3 49.5 51.3 51.4 48.6 40.7 37.6 33.3 29.2 25.8 20.1 16.6 12.8 7 4 3.7 -2.3 -2.3 3.7 3.2 3.2 2.8 3 4.6 5 5.6 6.4 6.5 6.3 6.1 6 6 6 5.5 4.9 4.8 4.7 4.7 4.7 4.7 4.9 5 5.3 5.9 6.5 7.3 8.4 10.2 12.7 13.4 13.7 14.5 15.5 15.4 15.7 16.9 18.4 20.7 21.1 20.4 20 21.9 23.3 24.5 25.1 25.4 26.3 26.7 27.5 28.6 30.2 31.6 33 34.3 35.3 35.8 37.5 39.5 41.5 42.9 44.9 47.6 50.3 53
28.8 35.3 42.4 48.9 50.6 50.4 39.3 36.5 33 29.2 24.9 18.7 15.5 12.5 4.3 4.1 4.5 -2.3 4.1 3.7 3.8 3.9 3.9 4.3 6 6.9 6.9 7 7.1 7 6.9 6.4 6.3 6.1 5.5 5.1 5 4.8 4.7 4.7 4.9 5.1 5.3 5.7 6.3 6.8 7.9 9.1 11.3 12.6 13.4 14.2 15.7 16.8 18 18 19.3 20.6 22 22.8 23.1 22.9 23.1 24.9 25.8 26.1 26.5 27.1 28.1 29.3 30.4 32.1 33.9 35.4 36.7 37.8 38.9 40.4 41.6 42.8 44.4 46.2 48.8 51.9 55.6
33.3 29.2 38.5 44.7 48.6 49.1 37.9 34.5 30.8 27.1 22 16.7 12.9 4.3 4.4 4.4 4.3 4.3 4.5 4.2 4.3 4.7 5.8 6.5 7.8 8.1 8.1 8.1 8.1 8 7.6 6.8 6.7 6.2 5.6 5.3 5.2 5 4.9 4.9 5.1 5.4 5.6 6 6.6 7.1 8.3 9.7 11.3 12.6 14 15.2 16.4 18.1 20.3 20.4 21.6 22.5 23.1 24 24.9 24.7 24.5 26.9 27.4 28 28.3 28.7 29.7 30.8 32.8 34.7 36.3 38 39.6 41 42.2 43.7 45.4 46.1 46.6 48.3 51.4 55 59.1
36.1 31.3 33.2 39.3 45.6 43.8 36.6 32.4 28.7 24.8 19.2 14.5 4.6 4.4 4.5 4.7 4.5 5 4.9 4.8 4.9 6.4 8 9.4 10 9.6 9.2 9.1 9 9 8.1 7.2 6.8 6.2 5.6 5.5 5.4 5.4 5.3 5.3 5.6 6 5.9 6.3 6.8 7.5 8.8 10.2 11.6 12.9 14.4 16.8 17.1 18.4 21.4 23.1 23.4 23.7 24.8 26 26.8 26.7 27.2 27.1 28.5 29.7 30 30.3 31.4 33.2 35.3 37.5 39.3 41 43 44.1 44.9 47.4 50.1 51.9 53.7 54.6 56.9 61.2 66.6
37.2 33.8 30.8 34.4 41.6 40.9 33.1 27.2 21.6 18.2 13 5.7 5.6 5.1 4.7 4 4.3 5.7 5.8 5.9 6.5 8.5 10.3 11.7 11.7 10.8 10.4 10.2 10 9.7 9 7.5 6.9 6.4 6.2 6 5.8 5.7 5.7 5.8 6.6 7.1 6.8 7.3 7.6 8.1 9.6 11.7 14.2 16.8 15.9 16.7 18.2 20.9 24.8 25 25.3 26.3 27.4 27.1 28.4 29.3 29.1 28.3 29 30 31 31.9 33.7 35.7 37.8 40 42.1 44 45.6 46.7 47.7 50.4 54.2 56.1 57.7 59.1 63.9 69.9 73.4
38.1 36.3 32.9 31.8 36.3 35.7 31.9 22.8 18.6 8.1 5.8 5.8 5.5 5.4 4.3 6.1 6.7 6 5.4 6.6 8 10.3 12.4 14.1 13.7 12.6 11.4 11.1 10.8 10.6 9.5 7.9 7.2 7.1 6.9 6.5 6.3 6.2 6 6.8 7.6 8.3 8.6 8.7 8.6 9 11.1 16 14.7 17.2 19 19.3 19.1 22 26.3 26.1 26.7 27.7 28.7 29 30.4 30.6 30.4 30.4 31 32.4 34 34.6 35.3 37.9 41.1 43.7 45.9 47 48.4 49.7 50.6 52.8 57 60 61.6 64.8 70.2 73.9 76.9
38.5 37.7 34.8 31.2 29.7 29.3 21.4 17.8 6.7 6.4 6.1 5.9 5.7 5.4 6 6.8 7 6.4 5.9 8.1 9.5 11.8 14.1 16.4 16 13.9 12.4 12.1 11.8 11.5 9.8 9.7 9.5 8.3 7.7 7.4 7.3 7.3 7.4 7.6 8.5 9.5 9.5 9.7 10.5 12.5 13 14 15.7 18 21.8 25.4 26.9 22.7 23.7 28 25.6 28 28.5 30.2 31.4 31.8 31.7 32.5 32.9 34.5 35.9 36.9 38.2 41.6 45.2 47.5 49.6 50.5 51.8 53 53.5 55.9 60.7 64.8 66.1 69.2 73.9 77.2 80.5
39 37.3 31.9 27.6 23.3 17.9 14.7 8.3 7 6.7 6.5 6.2 5.9 4.9 7.8 7.6 7.5 7 6.5 8.8 10.9 13.2 15.9 18.7 18.4 15.9 13.5 13.2 12.8 12 11.2 11.2 10.7 8.9 8.6 8.6 8.7 8.8 8.9 9.1 9.3 10.4 11.2 13.5 14.9 13.5 14.5 16 17.7 21.4 26.2 28.7 29.7 28.4 29.2 29.7 29 28.7 31.8 32 32.3 32.8 33 33.8 35.2 36.5 37.8 39.1 41.2 44.4 48.6 51.7 53.9 55.7 56.1 57.7 58.3 59.7 67.7 73.7 74.7 74.9 77.8 81.6 86.4
39.4 36.1 28.4 23.6 17.8 8.8 8.2 8 7.3 6.9 5.8 5.5 5.7 8.4 8.4 8.2 7.9 7.6 7 9.9 13.4 17.5 19 19.8 18.4 16 14.4 14 13.7 12.7 12.2 11.9 11 9.7 9.5 10 10.5 10.4 10.5 10.7 11.2 13.9 14.9 13.5 14.6 15.7 16.4 17.7 19 23.8 28.8 30.1 28.6 31.8 31.9 31.4 30.9 31.5 33 33.5 33.7 34 34.3 35.4 37.4 39.5 41.2 42.8 43.9 47.6 52 56.5 60.5 63.1 63 63 64 63.3 69.8 78.8 80.6 81.3 85.2 90.2 102.2
39.4 34 26.8 21.4 12.3 8 8.3 7.6 6.9 6.2 7.8 9.1 9.4 9.2 8.8 8.7 8.3 8.1 9.2 12.8 18.2 19.5 20.3 20.1 18.4 15.9 15 14.6 14.6 13.6 12.9 12.4 11.2 11.1 11.2 11.6 12.1 12.4 12.3 18.5 13.1 13.8 15.2 16.1 16.5 18.1 18.8 19.3 20.7 23.1 28.4 28.4 31.2 32 32.8 33 32.9 34.8 34.8 35.4 36.5 36.8 37.6 38.8 41.6 43.8 46.2 49 49.9 53.2 60.2 64.5 67.6 69.4 70.2 67.6 67.7 70.3 70.8 83.6 84.5 87.1 93.5 101.3 118.6
39.7 32.8 26.2 20.8 8.2 9 8.3 7.7 7 6.4 10.2 10.6 10.5 10.1 9.6 9.2 8.8 9 12.2 16.5 21.5 20.8 20.6 20.1 18.6 16.9 15.5 15.4 15.5 14.5 13.7 13.1 12.8 12.8 13 13.4 15.5 19.5 13.8 14.2 14.6 16 17.9 18.7 20 20.5 21.3 21.5 22.4 29.1 26.1 28.2 30.9 33.3 35.5 35.9 36.3 37.9 37.6 37.9 39.8 41.2 42.6 44 45.9 48.3 52 55.5 58.3 65.2 67.9 68.8 71.5 74.5 77.2 77 72.9 74.6 76.7 88.7 91.2 92.6 100.9 113.8 135
38.8 32 26.4 19.2 9.2 9.2 8.4 7.7 7 6.6 11.6 11.6 11.3 11 10.5 9.9 10 11.4 15.8 19.9 22 21.7 20.9 19.8 18.6 17.3 16.8 17.1 16.4 15.1 14.5 14.4 14.9 16.1 20.1 14.7 15.2 15.3 15.6 16.2 17.3 18.9 20.4 21.3 23.2 24.1 24.3 24.2 29.1 25.7 27.6 32.7 34.7 36.8 38.3 39.2 40.1 40.7 41.3 40.6 42.6 45.3 49.3 52.9 57.2 61.3 61.1 64.1 67.6 68.9 74.2 77.3 82.5 86.6 90.6 86.6 78.7 78.9 77.5 86.9 95.2 99.4 107.7 124.7 149
38.1 29.8 24.7 8.6 9.5 9.2 8.7 7.8 7.5 7.3 12.1 12 11.9 11.8 11.2 10.4 11 14.6 19.1 20.6 22.3 22.1 21.3 19.6 19 18.7 18.4 18.3 17.9 17.1 20.9 17.6 13.9 14.6 15.8 16.5 16.7 17 17.8 19.1 20.4 21.6 22.3 24.4 26.7 28.3 28.5 28.6 27.9 31 33.1 35.4 37.6 39.9 41.2 43 43.9 44.9 45.5 47.5 50 55.2 61.3 69.2 76.4 78.4 76.4 78.7 82.6 90.4 90.5 91.4 96.3 101 99.6 95.1 86.9 84.2 85 87 97.8 105.6 115.4 132.3 155.6
35.7 26.5 14.7 9.1 9.8 9.1 7.9 8.2 8 7.5 13.6 13.3 12.9 12.2 11.3 11.3 14.1 17.9 20.8 22.3 23.5 23 21.7 19.9 19.8 20 21.8 18.8 17.3 16.2 15.9 15.6 15.2 16.1 17.7 18.1 18.3 19.3 20.1 22.2 23.6 24.8 26.9 29 30.7 29.6 32.4 31 32.3 34.2 37 39.2 40.4 42.4 43.7 45.7 47.7 48.6 53 57.6 61.5 66.6 74.7 82.8 88.1 89.2 88.8 90.6 94.4 103.2 103.3 105.4 108.9 110.1 107.6 102.5 98.5 92.5 90.1 91.1 102.2 109.9 120 133 153.8
33.9 26.7 16.1 9.8 9.6 9.5 9.3 9.1 8.8 10 14.3 13.9 13.3 12.4 11.8 14.5 18 21.8 22.8 23.8 24.3 23.5 22.2 21.4 20.7 20.8 20.5 20.1 18.6 17.7 17.6 17.1 17.2 18.7 19.9 19.9 20.7 21.6 22.3 24.4 26.8 30.9 32.8 33.2 30.4 34.2 34.5 34.4 36.6 39.5 40.7 42.1 43.2 45.3 47.9 50.1 53.3 59.7 65.4 67.8 74.7 81.7 88 94.5 98.1 99.5 98.6 99.7 104.2 108.6 112.9 118.1 119.3 118.8 119.8 119.6 116.2 102.7 91.2 98.3 105.4 113.7 123.1 135.6 149.2
35.2 27.8 17.3 9.9 10.5 10.3 10.1 9.9 9 16.1 15.7 15.3 14.3 13.2 16.2 20.2 22.9 23.7 24.4 25.3 27.5 23.2 22.5 22 22 22.1 21.4 20.8 20.2 20.1 20 19.4 19.7 21.6 22.5 22.3 23 23.6 25.1 27.2 28.9 31.7 33.8 31.5 37.4 37.4 38.1 39.1 40.3 43 45 46.9 49.2 50.6 53 55.6 63.5 70.7 75.9 81.9 89.2 96.5 102.2 106 108.2 109 105.6 106.9 113.2 116.1 125.4 132 135.1 137.7 139.5 140.4 130.4 114.3 96.2 99.2 107 116.9 126.1 137.3 150.2
38 29.3 18.6 10.6 11.4 11.5 11 10.3 9.6 16.9 17 18.2 17.8 19.9 23.4 24.8 25.6 25.8 25.9 25.6 25.2 24.5 23.9 23.7 23.8 24.5 24 23.3 23 22.9 22.4 21.8 22.9 25.1 24.8 25.1 25.9 26.6 28.1 29.3 32.3 33.2 33.3 38.7 40.1 40.3 44.5 45.8 47.5 48.6 51.9 54.3 55.2 56 59.7 69.6 79.9 84.7 90.4 96.5 103 110 115.8 119.1 119.5 118.3 118 117.6 122.3 128.8 138.1 146.3 151.2 154.2 155.3 155.9 144.4 130 114.1 100.8 107.5 115.8 124.3 135.5 148.5
41.3 36.2 19.9 10.8 12.4 12 11.4 10.7 18.3 17.7 18.5 20.1 21.9 24.9 27.2 27.8 27.3 24.6 26.7 26.5 27.6 25.5 25.2 25.3 25.6 26.8 26.7 26.2 25.9 25.7 24.7 25.1 26.2 27.6 27.3 28.7 29.3 30.4 31.8 34.6 34.6 37.9 41.9 42 43.6 45.5 49 50.7 52.2 55.4 59.3 61.3 60.9 71 79 88.3 95.2 99.6 106 111.9 117.6 124.5 129.2 130 127.3 127.6 130.3 133 135.9 141.6 148.8 156.5 163.3 166.7 167.9 168.8 161.3 147.7 132 118.7 105.2 107 117.5 127.2 145.3
42.4 42.3 27.1 11.2 12.2 12.4 11.8 18.5 18.4 18.8 20.5 22.4 25.6 29.3 30 30.2 30.4 30.5 30 29.3 28.7 28.6 28.2 27.8 28 29.1 29.3 28.9 28.3 27.9 27.7 27.6 29.4 30.3 30.3 31.1 33.6 34.5 35.7 36.2 41.2 43.2 46.3 46.9 49.2 50.3 52.3 55.4 57 61.2 65.5 64.6 80.3 89.7 99.2 107.5 113.1 116.8 122.7 128.5 134.9 140.5 142.1 141.1 144.5 145.2 143.2 147.6 149.1 153.1 157.7 167.7 172.8 175.8 177 180.2 178.1 166.8 144.2 128.7 120.9 114.4 135 139.7 142.1
42 43.3 30.3 12.1 12.5 13 13 19.3 19.5 21.1 22.9 25.5 29.7 32.2 25 34.9 34.3 33.7 33.2 32.5 31.3 30.7 30.5 31.3 33.3 33.2 32.8 32.3 31.5 30.5 29.8 33.5 34.8 34.5 33.6 34.4 35.8 37.5 37.4 42.1 45.1 47.7 49.5 51.7 53.9 56.6 58.6 60.5 62.6 66 72.2 88.8 99.7 112.5 117 124.2 131 134.8 138.9 143.8 149.8 151.9 153.5 160.9 166.4 161 160.1 159.7 159.3 163.9 169.9 175.6 180.5 182.6 185.9 190.2 185.5 174.3 150.9 136.6 127.6 118.8 152.4 164.9 161
42.1 41.8 35.6 14.7 13.5 14 16.1 20 21.7 22.2 25.3 29.3 34 28 37.9 38.5 37.9 37.4 36.7 36.2 35 34 34 35 36.2 37.1 36.4 35.7 35 34.8 36.2 37.9 38.8 37.1 38 38.4 39.3 39.3 43 45.6 49 52 54.1 56.1 58.1 61 64.3 63.6 66.6 80.7 96.1 106.9 117 123.5 128.1 135.1 143.1 148.8 151.4 155.8 159.2 162.2 171.6 178.5 178.5 177.3 177.2 169.7 169.7 174.5 179.2 182.8 188.3 194.5 198.1 196.8 190.3 174.1 152.3 140.5 130.6 135.8 170 185.9 192.2
41.9 37.2 29.8 14.7 14.1 15.3 16.8 18.6 22.4 23.3 27.4 29.5 34 40.1 41.1 42 41.6 40.7 39.7 38.8 38.7 37.7 37.5 38.3 39.6 40.6 40.1 40 39.7 39 39.9 41.4 41.2 40.5 40.3 41.3 42.7 44.1 45.9 49.3 52.8 55.9 58.1 60.4 62.4 65.7 69.5 73.5 81.1 97.4 111 122.7 128.5 134.3 139.6 143.7 150.3 155.2 158.3 163.4 169.6 179 185.2 188.4 188 188.1 184.2 180.5 181.9 184.9 187.2 193.1 200.6 205.3 205 201.9 193.7 173.5 154.4 142.5 134.3 153.3 181.4 200.8 214.5
38 29.6 26.4 16.7 13.2 15.9 17.5 19.7 23.6 24.8 26.3 35.4 41.4 43.2 43.5 43.5 43.4 43.2 42.1 41.6 41.6 41.3 41 41.6 42.6 43.2 42.8 42.4 42.2 42 43.2 44 44.1 43.5 42.9 43.5 45.7 47.8 49.5 52.4 56 59.6 62.5 63.9 65.6 70.5 75.7 87.6 84.2 104.3 123.6 129.5 138 143.7 147.9 151.2 155.4 158.5 164.6 172 181.5 189.4 193.7 197.5 197 196 194.3 193.1 193.6 196.5 204.9 208.5 208.6 210.3 209 207.4 202.7 183.4 169.8 150.1 154.2 174.5 189.3 213.6 221.2
39.1 30.6 24.2 16.9 14.8 16.4 16.6 21.4 24.1 26.3 29.7 37.2 43.6 44.2 44 43.5 44.2 44.3 44.2 44.3 44.5 43.9 44 44.8 45.6 45.6 44.9 44.6 44.6 44.7 45.6 46.7 48.1 44.4 47.3 47.8 49.2 51.6 54.1 56.6 59.7 63.4 65.9 68.2 70.4 80 90.3 100.4 104.9 104 128.2 140.8 146.5 148.6 150.6 155.6 159.7 164.9 171.3 183.4 192.4 197.8 202.7 204.5 204.8 205 204.6 204.6 209.4 213.6 217.5 215.7 214.6 214.6 217.6 218.1 211.2 196.5 191.4 166.4 169.6 197 213.1 220.2 229.7
19.9 17.4 16.3 17 16 17.2 26.7 23.4 24.7 26.3 30.7 37.4 43.1 43.9 43.4 43.9 44.8 44.2 44.5 45 45.2 45.9 46.4 46.7 46.9 46.9 47 46.9 47 47.2 47.4 46.4 50.7 51.1 52 52.8 53.4 56.2 58.7 61.2 63.4 66.7 69.9 73.4 86.7 94.6 104 113 120.1 113.3 126.7 144.5 148.4 151.8 158.2 162.1 166.3 172.1 182.7 193.7 201.4 207.1 210.4 211.8 212.9 215.4 216 215.5 217.6 221.6 222.9 221.4 220.3 226.5 228.8 227.9 218.3 209.3 205.3 173.3 191.6 218.6 224.2 229.5 234.6
27.7 27.8 17 16.3 18.1 17.7 23.7 23.9 25.8 27.8 29.7 34.9 41 43.7 43.8 44.4 45.1 45 44 44.5 45.5 45.7 45.8 46.1 46.9 46.9 47.2 47.9 48.7 47.9 47.8 51.4 53.6 55.2 56.2 57 57.6 60 63.3 65.4 67.5 70.8 78.5 89 96.8 104.5 113.1 121.1 129.6 133.5 120.9 138.6 153.2 160.4 163.1 167.6 172 182.3 193.4 199.5 205.6 211.5 214 220.9 221.2 222.5 222.4 222.6 225 227.5 227.8 226.7 231.8 236.6 239.1 234.2 225.7 220.9 212 181 210.6 222.9 231.3 238.1 244.9
24.2 18.7 17.7 16.1 18.7 18.8 24.1 24.9 26.8 27.6 29 32.5 40.9 43.8 44.3 44.9 45.7 46 44.6 45.2 46.2 45.1 45.4 45.4 45.7 47.2 47.7 48.2 48.4 53.1 51 53.3 55.9 58.7 59.9 61 62.7 65.4 68 70.8 72.6 81.2 89.8 97.3 106.2 116.5 125 131.4 137.9 141.2 135.7 142 158.3 163.4 166.3 172.1 179.2 189.3 198.2 202.5 206.5 213.3 221 224.2 225.8 226.5 228 229 230.9 232.9 234.2 237.4 241.2 245.2 246.8 238.3 233.5 231.1 223.3 200.4 228 233.8 239.4 245.5 253.4
28 18.9 19.2 17.1 19.1 19.6 25 26.4 26.8 27.4 28.6 30.1 37.7 42.2 44.7 45.2 45.7 46 45.4 44.5 45.7 45.2 46 46.2 46.3 47.4 48.2 51.5 49.1 52 53.8 55.6 59 63.2 64.2 65.3 67.9 70.7 73.6 77.5 83 91.1 97.7 108.5 120.6 130.6 136.9 142.1 147.4 147.4 143.2 152.1 161.3 166.9 171.7 179.4 188 196.8 201.1 204.8 212.6 218.1 222.4 227 228.7 230.6 232.8 235.8 237.5 240.2 242 245.9 248.2 251.1 250.8 245.4 242.9 241 235.3 213.1 236.3 242.9 246.1 255.5 263.9
29.7 19.4 17.4 19.4 19.7 22.4 26.3 27.3 27 27.8 29.4 31.8 33.5 38.7 42.3 43.7 44.6 44.5 41.7 43.6 45.3 45.4 46 46.4 46.9 49.1 50.6 52.3 52.7 54.9 57 59.8 63.7 67.5 68.5 69.9 73 76.1 80.6 85.7 92 98.1 112 127.5 135.5 143.9 150.3 153.9 153.1 153.5 152 159 164.9 170.2 177 185.6 191.3 197.6 204.6 211.6 214.3 217.8 222.3 228.5 233.4 236.6 239.1 241.3 242.5 246.2 248.4 251.7 254.8 257 255.4 252.5 251.4 250.6 249.3 236.7 249.4 251.6 255.1 263.4 270.7
