app/static/ascii/SH68.asc
ncols 200
nrows 200
xllcorner 260000
yllcorner 380000
cellsize 50
[rows 152 to 189 of 200, columns 0 to 83 of 200]
-2.3 -2.3 -2.3 -2.3 -2.3 -2.3 -2.3 -2.3 -2.3 -2.3 -2.3 -2.3 -2.3 -2.3 -2.3 -2.3 -2.3 -2.3 -2.3 -2.3 -2.3 -2.3 -2.3 -2.3 -2.3 -2.3 -2.3 -2.3 -2.3 -2.3 -2.3 -2.3 -2.3 -2.3 -2.3 -2.3 -2.3 -2.3 -2.3 -2.3 -2.3 -2.3 -2.3 -2.3 -2.3 -2.3 -2.3 -2.3 -2.3 -2.3 -2.3 -2.3 -2.3 -2.3 -2.3 -2.3 -2.3 -2.3 -2.3 -2.3 -2.3 -2.3 -2.3 -2.3 -2.3 -2.3 -2.3 -2.3 -2.3 -2.3 -2.3 -2.3 -2.3 -2.3 -2.3 -2.3 -2.3 -2.3 -2.3 -2.3 -2.3 -2.3 -2.3 -2.3
-2.3 -2.3 -2.3 -2.3 -2.3 -2.3 -2.3 -2.3 -2.3 -2.3 -2.3 -2.3 -2.3 -2.3 -2.3 -2.3 -2.3 -2.3 -2.3 -2.3 -2.3 -2.3 -2.3 -2.3 -2.3 -2.3 -2.3 -2.3 -2.3 -2.3 -2.3 -2.3 -2.3 -2.3 -2.3 -2.3 -2.3 -2.3 -2.3 -2.3 -2.3 -2.3 -2.3 -2.3 -2.3 -2.3 -2.3 -2.3 -2.3 -2.3 -2.3 -2.3 -2.3 -2.3 -2.3 -2.3 -2.3 -2.3 -2.3 -2.3 -2.3 -2.3 -2.3 -2.3 -2.3 -2.3 -2.3 -2.3 -2.3 -2.3 -2.3 -2.3 -2.3 -2.3 -2.3 -2.3 -2.3 -2.3 -2.3 -2.3 -2.3 -2.3 -2.3 -2.3
-2.3 -2.3 -2.3 -2.3 -2.3 -2.3 -2.3 -2.3 -2.3 -2.3 -2.3 -2.3 -2.3 -2.3 -2.3 -2.3 -2.3 -2.3 -2.3 -2.3 -2.3 -2.3 -2.3 -2.3 -2.3 -2.3 -2.3 -2.3 -2.3 -2.3 -2.3 -2.3 -2.3 -2.3 -2.3 -2.3 -2.3 -2.3 -2.3 -2.3 -2.3 -2.3 -2.3 -2.3 -2.3 -2.3 -2.3 -2.3 -2.3 -2.3 -2.3 -2.3 -2.3 -2.3 -2.3 -2.3 -2.3 -2.3 -2.3 -2.3 -2.3 -2.3 -2.3 -2.3 -2.3 -2.3 -2.3 -2.3 -2.3 -2.3 -2.3 -2.3 -2.3 -2.3 -2.3 -2.3 -2.3 -2.3 -2.3 -2.3 -2.3 -2.3 -2.3 -2.3
-2.3 -2.3 -2.3 -2.3 -2.3 -2.3 -2.3 -2.3 -2.3 -2.3 -2.3 -2.3 -2.3 -2.3 -2.3 -2.3 -2.3 -2.3 -2.3 -2.3 -2.3 -2.3 -2.3 -2.3 -2.3 -2.3 -2.3 -2.3 -2.3 -2.3 -2.3 -2.3 -2.3 -2.3 -2.3 -2.3 -2.3 -2.3 -2.3 -2.3 -2.3 -2.3 -2.3 -2.3 -2.3 -2.3 -2.3 -2.3 -2.3 -2.3 -2.3 -2.3 -2.3 -2.3 -2.3 -2.3 -2.3 -2.3 -2.3 -2.3 -2.3 -2.3 -2.3 -2.3 -2.3 -2.3 -2.3 -2.3 -2.3 -2.3 -2.3 -2.3 -2.3 -2.3 -2.3 -2.3 -2.3 -2.3 -2.3 -2.3 -2.3 -2.3 -2.3 -2.3
22.1 14.2 8.7 7.7 2.2 -2.3 -2.3 -2.3 -2.3 -2.3 -2.3 -2.3 -2.3 -2.3 -2.3 -2.3 -2.3 -2.3 -2.3 -2.3 -2.3 -2.3 -2.3 -2.3 -2.3 -2.3 -2.3 -2.3 -2.3 -2.3 -2.3 -2.3 -2.3 -2.3 -2.3 -2.3 -2.3 -2.3 -2.3 -2.3 -2.3 -2.3 -2.3 -2.3 -2.3 -2.3 -2.3 -2.3 -2.3 -2.3 -2.3 -2.3 -2.3 -2.3 -2.3 -2.3 -2.3 -2.3 -2.3 -2.3 -2.3 -2.3 -2.3 -2.3 -2.3 -2.3 -2.3 -2.3 -2.3 -2.3 -2.3 -2.3 -2.3 -2.3 -2.3 -2.3 -2.3 -2.3 -2.3 -2.3 -2.3 -2.3 -2.3 -2.3
38.8 35.5 35.5 35.9 33.5 31.1 25.2 -2.3 -2.3 -2.3 -2.3 -2.3 -2.3 -2.3 -2.3 -2.3 -2.3 -2.3 -2.3 -2.3 -2.3 -2.3 -2.3 -2.3 -2.3 -2.3 -2.3 -2.3 -2.3 -2.3 -2.3 -2.3 -2.3 -2.3 -2.3 -2.3 -2.3 -2.3 -2.3 -2.3 -2.3 -2.3 -2.3 -2.3 -2.3 -2.3 -2.3 -2.3 -2.3 -2.3 -2.3 -2.3 -2.3 -2.3 -2.3 -2.3 -2.3 -2.3 -2.3 -2.3 -2.3 -2.3 -2.3 -2.3 -2.3 -2.3 -2.3 -2.3 -2.3 -2.3 -2.3 -2.3 -2.3 -2.3 -2.3 -2.3 -2.3 -2.3 -2.3 -2.3 -2.3 -2.3 -2.3 -2.3
45.5 41.5 39 39.4 37.1 35.2 31.3 26 -2.3 -2.3 -2.3 -2.3 -2.3 -2.3 -2.3 -2.3 -2.3 -2.3 -2.3 -2.3 -2.3 -2.3 -2.3 -2.3 -2.3 -2.3 -2.3 -2.3 -2.3 -2.3 -2.3 -2.3 -2.3 -2.3 -2.3 -2.3 -2.3 -2.3 -2.3 -2.3 -2.3 -2.3 -2.3 -2.3 -2.3 -2.3 -2.3 -2.3 -2.3 -2.3 -2.3 -2.3 -2.3 -2.3 -2.3 -2.3 -2.3 -2.3 -2.3 -2.3 -2.3 -2.3 -2.3 -2.3 -2.3 -2.3 -2.3 -2.3 -2.3 -2.3 -2.3 -2.3 -2.3 -2.3 -2.3 -2.3 -2.3 -2.3 -2.3 -2.3 -2.3 -2.3 -2.3 -2.3
47.2 47.9 45.1 44.4 41.5 37.8 33.3 30.3 13 -2.3 -2.3 -2.3 -2.3 -2.3 -2.3 -2.3 -2.3 -2.3 -2.3 -2.3 -2.3 -2.3 -2.3 -2.3 -2.3 -2.3 -2.3 -2.3 -2.3 -2.3 -2.3 -2.3 -2.3 -2.3 -2.3 -2.3 -2.3 -2.3 -2.3 -2.3 -2.3 -2.3 -2.3 -2.3 -2.3 -2.3 -2.3 -2.3 -2.3 -2.3 -2.3 -2.3 -2.3 -2.3 -2.3 -2.3 -2.3 -2.3 -2.3 -2.3 -2.3 -2.3 -2.3 -2.3 -2.3 -2.3 -2.3 -2.3 -2.3 -2.3 -2.3 -2.3 -2.3 -2.3 -2.3 -2.3 -2.3 -2.3 -2.3 -2.3 -2.3 -2.3 -2.3 -2.3
50.3 51.5 50 46.2 42 39.6 36.9 32.7 27.1 6.9 0.4 -2.3 -2.3 -2.3 -2.3 -2.3 -2.3 -2.3 -2.3 -2.3 -2.3 -2.3 -2.3 -2.3 -2.3 -2.3 -2.3 -2.3 -2.3 -2.3 -2.3 -2.3 -2.3 -2.3 -2.3 -2.3 -2.3 -2.3 -2.3 -2.3 -2.3 -2.3 -2.3 -2.3 -2.3 -2.3 -2.3 -2.3 -2.3 -2.3 -2.3 -2.3 -2.3 -2.3 -2.3 -2.3 -2.3 -2.3 -2.3 -2.3 -2.3 -2.3 -2.3 -2.3 -2.3 -2.3 -2.3 -2.3 -2.3 -2.3 -2.3 -2.3 -2.3 -2.3 -2.3 -2.3 -2.3 -2.3 -2.3 -2.3 -2.3 -2.3 -2.3 -2.3
54.7 54.2 52.9 49.9 45.5 44.7 43.2 39 33.5 21 9.4 3 4.4 1.7 -2.3 -2.3 -2.3 -2.3 -2.3 -2.3 -2.3 -2.3 -2.3 -2.3 -2.3 -2.3 -2.3 -2.3 -2.3 -2.3 -2.3 -2.3 -2.3 -2.3 -2.3 -2.3 -2.3 -2.3 -2.3 -2.3 -2.3 -2.3 -2.3 -2.3 -2.3 -2.3 -2.3 -2.3 -2.3 -2.3 -2.3 -2.3 -2.3 -2.3 -2.3 -2.3 -2.3 -2.3 -2.3 -2.3 -2.3 -2.3 -2.3 -2.3 -2.3 -2.3 -2.3 -2.3 -2.3 -2.3 -2.3 -2.3 -2.3 -2.3 -2.3 -2.3 -2.3 -2.3 -2.3 -2.3 -2.3 -2.3 -2.3 -2.3
59.6 57.7 57 53.6 50.9 50.7 47.5 46 42 36.9 34.4 30.8 25.4 2.6 -2.3 -2.3 -2.3 -2.3 -2.3 -2.3 -2.3 -2.3 -2.3 -2.3 -2.3 -2.3 -2.3 -2.3 -2.3 -2.3 -2.3 -2.3 -2.3 -2.3 -2.3 -2.3 -2.3 -2.3 -2.3 -2.3 -2.3 -2.3 -2.3 -2.3 -2.3 -2.3 -2.3 -2.3 -2.3 -2.3 -2.3 -2.3 -2.3 -2.3 -2.3 -2.3 -2.3 -2.3 -2.3 -2.3 -2.3 -2.3 -2.3 -2.3 -2.3 -2.3 -2.3 -2.3 -2.3 -2.3 -2.3 -2.3 -2.3 -2.3 -2.3 -2.3 -2.3 -2.3 -2.3 -2.3 -2.3 -2.3 -2.3 -2.3
64.5 62.2 62.7 58.4 59.3 58 56.5 52.1 47.4 40.7 42.1 40.3 31.3 22.8 1.9 1.9 6.8 29.5 21.9 11.5 22.9 -2.3 -2.3 -2.3 -2.3 -2.3 -2.3 -2.3 -2.3 -2.3 -2.3 -2.3 -2.3 -2.3 -2.3 -2.3 -2.3 -2.3 -2.3 -2.3 -2.3 -2.3 -2.3 -2.3 -2.3 -2.3 -2.3 -2.3 -2.3 -2.3 -2.3 -2.3 -2.3 -2.3 -2.3 -2.3 -2.3 -2.3 -2.3 -2.3 -2.3 -2.3 -2.3 -2.3 -2.3 -2.3 -2.3 -2.3 -2.3 -2.3 -2.3 -2.3 -2.3 -2.3 -2.3 -2.3 -2.3 -2.3 -2.3 -2.3 -2.3 -2.3 -2.3 -2.3
68.5 68.4 68.8 68 67.7 66.7 63.3 58.4 49.2 50.4 49.3 44.3 41.6 40.4 31.3 21.7 35.9 45 33.4 29.3 26.9 27.4 12.9 -2.3 -2.3 -2.3 -2.3 -2.3 -2.3 -2.3 -2.3 -2.3 -2.3 -2.3 -2.3 -2.3 -2.3 -2.3 -2.3 -2.3 -2.3 -2.3 -2.3 -2.3 -2.3 -2.3 -2.3 -2.3 -2.3 -2.3 -2.3 -2.3 -2.3 -2.3 -2.3 -2.3 -2.3 -2.3 -2.3 -2.3 -2.3 -2.3 -2.3 -2.3 -2.3 -2.3 -2.3 -2.3 -2.3 -2.3 -2.3 -2.3 -2.3 -2.3 -2.3 -2.3 -2.3 -2.3 -2.3 -2.3 -2.3 -2.3 -2.3 -2.3
74.3 75.4 76.9 76 74.8 72.2 67.6 61.8 51.9 54.6 51.6 47.9 46.8 44 44.2 45.3 48.8 52.9 42.1 32.4 32.2 30.8 25.6 18 -2.3 -2.3 -2.3 -2.3 -2.3 -2.3 -2.3 -2.3 -2.3 -2.3 -2.3 -2.3 -2.3 -2.3 -2.3 -2.3 -2.3 -2.3 -2.3 -2.3 -2.3 -2.3 -2.3 -2.3 -2.3 -2.3 -2.3 -2.3 -2.3 -2.3 -2.3 -2.3 -2.3 -2.3 -2.3 -2.3 -2.3 -2.3 -2.3 -2.3 -2.3 -2.3 -2.3 -2.3 -2.3 -2.3 -2.3 -2.3 -2.3 -2.3 -2.3 -2.3 -2.3 -2.3 -2.3 -2.3 -2.3 -2.3 -2.3 -2.3
79.1 81.6 82.8 81.3 80.3 73.1 67.2 58.9 57.3 56.2 55.1 53.4 52.7 48.1 51 54.8 58.2 55.8 46.5 37.4 36.9 33.6 28.3 27.3 23.3 2.9 -2.3 -2.3 -2.3 -2.3 -2.3 -2.3 -2.3 -2.3 -2.3 -2.3 -2.3 -2.3 -2.3 -2.3 -2.3 -2.3 -2.3 -2.3 -2.3 -2.3 -2.3 -2.3 -2.3 -2.3 -2.3 -2.3 -2.3 -2.3 -2.3 -2.3 -2.3 39.9 11.5 13.1 10.9 10.7 6.8 2.5 -2.3 -2.3 -2.3 -2.3 -2.3 -2.3 -2.3 -2.3 -2.3 -2.3 -2.3 -2.3 -2.3 -2.3 -2.3 -2.3 -2.3 -2.3 -2.3 -2.3
82.6 84.1 84.1 83.1 78.6 71.8 68.5 64.5 63.9 62.3 62.2 59.4 57 55.3 57.9 62.6 63.2 57.6 49.9 43.4 40.1 36.4 34.4 33.9 28.4 20.9 18.4 15.8 -2.3 -2.3 -2.3 -2.3 1.7 -2.3 -2.3 -2.3 -2.3 -2.3 -2.3 -2.3 -2.3 -2.3 -2.3 -2.3 -2.3 -2.3 -2.3 -2.3 -2.3 -2.3 -2.3 11.9 -2.3 -2.3 11.6 21.9 20.3 39.2 10.1 11.1 12 10.2 10.9 13.9 2.5 -2.3 -2.3 -2.3 -2.3 -2.3 -2.3 -2.3 -2.3 -2.3 -2.3 -2.3 -2.3 -2.3 -2.3 -2.3 -2.3 -2.3 -2.3 -2.3
84.3 84.2 84.1 82.5 77.9 81.9 79.2 76 70.7 68.7 66.5 64.4 62.6 62 64.7 67.6 66.9 59.4 53.8 47 43 44.1 40.9 36.9 30.8 29.5 29.5 29.7 22.4 32.2 29.9 23.9 17.2 4 4.3 2.6 1.4 0.5 -2.3 -2.3 -2.3 -2.3 -2.3 -2.3 -2.3 -2.3 -2.3 -2.3 -2.3 -2.3 2.8 8.4 18.8 14.2 25.9 28 26.8 36.9 13.5 10.5 10.7 11.2 11.3 11.2 9.5 2.8 -2.3 -2.3 -2.3 -2.3 -2.3 -2.3 -2.3 -2.3 -2.3 -2.3 -2.3 -2.3 -2.3 -2.3 -2.3 -2.3 -2.3 -2.3
91 88.5 86.8 84 85.3 84.9 81.8 79.9 75.2 72.1 70.4 68.8 66.2 67.7 69.8 71.2 70.8 64.9 58.1 49.4 47.9 47 44.2 39.5 33.6 32.9 31.8 33.9 45 34.9 32.8 30.1 26.5 22.7 15.6 19.9 15.3 11.5 2.7 2.4 0.5 -2.3 -2.3 -0.2 -2.3 -2.3 -2.3 1.5 4.7 24.4 35.3 28.7 29.9 30.3 36.3 34.7 30.5 32.6 38.2 17.1 12.2 12.2 15.2 13.6 25.6 9.1 8.5 3.4 3.6 -2.3 -2.3 -2.3 -2.3 -2.3 -2.3 -2.3 -2.3 -2.3 -2.3 -2.3 -2.3 -2.3 -2.3 -2.3
97.1 92.8 89.1 87.1 88 87.8 85.5 81.5 76.5 73.6 72.5 71.9 70.2 71.5 73.5 74.9 72.5 67.2 60.7 53.2 52.1 49.8 47.3 43.1 36.6 36.7 36.7 38.9 47.5 45.1 36.6 33.1 29.5 25.5 20.9 23 22.5 22.5 19.9 15.9 10.3 3.8 2.5 3.1 7.6 21.6 21.4 24 28.2 30.8 40.7 34.4 35.4 37.5 41.6 35.7 31.5 32.6 37 38.1 36.8 12.5 14.9 20.5 34.6 18.3 15.2 10 14.8 15.3 7.5 -2.3 -2.3 -2.3 -2.3 -2.3 -2.3 -2.3 -2.3 -2.3 -2.3 -2.3 -2.3 -2.3
100.2 95.5 91.4 90.6 91 91.2 89.1 85.1 79.4 74.4 73 72.2 72 73.9 75.7 77.9 73.9 68.8 64.6 59 56.4 52.9 49.1 43.8 38.7 41.8 45.7 43.6 50.6 48 39.9 36.1 32.6 27.1 26 26.1 26.1 25.6 23.7 22.3 20.1 22.8 23.9 23.4 23.6 25 26.9 29.4 33.9 35.4 40.1 42.9 46 43.6 43 36.9 32.3 33.7 36.9 38.9 30.4 14.1 25.5 32.5 35.7 23.1 13.5 19.7 12.2 11.4 12.7 4.6 6.6 3 -2.3 -2.3 -2.3 -2.3 -2.3 -2.3 -2.3 -2.3 -2.3 -2.3
103.4 100.3 94.3 93.1 93.4 93.1 91.7 88.2 82.5 76 72.4 71.9 72.4 73.7 76.6 81.1 78.7 70.7 66.2 63.3 61.8 56.8 51.5 47.4 43.4 48.5 51.6 49.8 53.2 50.6 45.4 38.8 34.1 30.6 30.4 30.5 30.7 28.3 26.5 25.2 21.7 25.4 26.1 27.2 28.1 30.2 31 34 38.8 41 42.2 44.7 47.8 48.8 44.8 35.6 34.2 35.7 37.5 41.9 42.1 15.2 27.1 33.9 29.6 24.3 16.4 12.4 10.6 10.5 10.6 16 18.6 14.5 16.3 2.8 -2.3 -2.3 -2.3 -2.3 -2.3 -2.3 -2.3 -2.3
106.5 102.8 99.6 96.6 95.6 95 94 90.3 85 79 72.5 70.9 71.7 73.3 78.2 87 84.6 74.6 70.1 69.4 65.8 61.9 58 53.4 48.7 52.7 55.2 55.5 56.1 54.3 48.9 40.2 37.5 36.6 35.5 36.4 35.3 32.5 30.4 28.6 25.4 28.1 29.3 30.8 32.6 34.6 35.8 37.1 42.5 44.7 45.9 47.2 49.5 50.4 45.8 38.7 37.1 38.7 40.1 42 51.2 21.2 38 37.2 34.1 26.4 23.3 24.5 11.1 11.1 9 7.7 21.9 17.1 18.9 12.9 3.9 4 2.6 2.5 3.3 6.1 1.8 -2.3
112.5 105.8 103.3 100.7 98.7 97.5 95.9 92.2 87.4 81.7 74.4 70.8 70.8 72.9 80.3 89.2 90.8 81 76 74.3 72.6 67.2 62.7 56.7 54.3 57.7 59.1 60.1 59.7 56.1 51.8 46.8 42.8 46.1 43.4 43.5 40.5 37.6 35.3 32.6 30.3 31.3 34.5 35.6 37.4 39.5 38.4 41.2 42.3 48.6 50.3 51.7 51.5 49.3 46.3 42.5 41 41.3 42.6 44.5 55 34.5 10.4 38.9 37.3 28.5 26.8 28.4 12 14.7 10.1 7.7 29.7 22.6 23 19.8 13.9 12.6 5.3 5.2 4.9 8.1 5.6 -2.3
113.1 111.1 106.7 104.8 105.6 99.9 96.7 94.4 89.2 84.5 77.4 71.1 70.7 72.1 78.5 90.1 93 85.7 80.2 78 75.6 70.8 68.2 61.1 63.3 64 62.9 64.9 63.5 63.2 60.1 52.4 48.5 55.9 51.9 48.9 45.9 42.8 38.8 37.9 34.3 35.8 39.9 41.1 41.7 44 40.7 46.3 44 50.4 54.3 54.5 53.5 50 45.9 45 45.2 44.6 45.3 46.5 59.1 48.1 29.2 41.3 41.5 28.8 29 34.9 34.9 37.3 36 7.7 13.3 24.2 24.5 23.6 20.4 17.3 13.7 12.7 13.2 10.6 8.7 1.5
115 112.7 109.9 112.1 111 109 107 94.8 91.2 88 82.2 74.3 70.4 72.2 77.9 91.5 94.6 90.7 84.4 79.3 76.2 72.9 71.1 66 67.2 69 68.1 69 67.9 65.8 63.5 59 55.7 59.5 57.1 53.3 50.9 46.9 43.9 43 35.8 38.2 44.3 46.1 46.8 47.5 44.1 49.2 49.1 51.5 56.7 57.5 55.3 52.6 49.9 49.6 49.4 48.1 47.1 47.6 50.2 46.9 45.2 42 39.1 31.9 35.5 37.4 41.8 44.6 39.7 35.8 22.5 26.1 25.5 27.6 24.1 22.5 18 17.8 15.3 11.5 9.2 0.3
116.3 113.8 112.1 117.3 116.3 112.8 110.3 101.9 93.8 91 85.4 75.9 69.7 71.3 76.6 87.3 94.9 93.6 89.5 81.6 79.3 77.5 72.3 70.4 70.3 72.8 73.1 72.9 71.7 68.4 65.1 62.6 62.5 64.6 61.6 58 54.6 51.5 48.9 44.8 41.1 44.8 46.4 49.9 49.8 49.7 49.3 52.5 53.3 52.9 58.7 59.9 58.2 55.3 54.2 54.5 52.7 51.3 49.4 48.6 48.4 46.8 45.4 43.4 41.5 35.3 39 42.8 42.6 44 39.4 37.8 30.8 28.8 29.8 33.1 28.5 27.4 22.3 23.8 18 10.3 2.1 -2.3
115.9 115.6 114.8 116.9 119.3 116.8 114.3 103.3 98.3 91.4 85.3 75.1 68.9 68.5 74.1 81.3 92.2 94.3 92.1 88.5 83.7 83 78.4 73.8 74.5 75.9 76.4 76.6 74.7 71.6 68.8 66.5 67.1 67.9 65.6 62.2 59 56.9 53.7 47.7 49.4 47 47.7 53.6 54.1 53 54.2 55.7 55.5 53.8 60.7 61.6 61.3 59.2 58.6 57.6 55.4 52.3 49.3 47.8 47.4 46.1 45.7 44.7 44 41.7 43.2 43.4 44.7 44.7 43.2 38.3 31.8 31.2 31.5 37.3 31.9 28.4 24.3 19.8 3.6 2.2 -2.3 -2.3
106.3 105.5 111.9 106.9 112.2 113.2 110.9 106.3 99.6 90.2 78.8 71.5 71.3 66.8 69.4 77.4 84.5 94.6 92.4 90.5 87.9 85.5 81 78.2 80.3 79.5 79.4 81 79.4 78.7 75.5 74.6 73.4 71.4 69.4 65.6 63.3 61.5 58.2 52.4 55.6 54.5 51.5 55.9 56.7 56 56.9 57.4 56.8 54.8 60.2 63.1 62.9 62.2 62 59.1 56 52.1 49.9 47.2 46 44.5 45.1 45.2 45 45.2 46.3 46.1 46.2 46.6 43.9 40.3 36.1 35.8 34.8 36 34.9 30 17.9 2.7 1.1 -0.5 -2.3 -2.3
94.3 96.2 97.2 95.7 97.9 102.8 99.6 98 90.2 80.6 71.5 64.8 65.2 63.5 66.7 73.9 80.7 87.2 89 90.9 92.5 83.1 81.6 82.5 85.6 87.1 88.2 89.5 86.3 83.9 81.1 81.7 77.1 74.4 72 69.3 68.1 66.5 62.9 58 59.4 57.9 54.6 58.5 58.8 58.5 58.2 58.5 58.4 55.3 59.3 67.9 66.6 64.2 62.7 60.1 57.5 54.5 51.6 47.3 43.3 40.5 41.7 43.1 45.8 47 47.9 48.2 50.5 49.7 45.2 42.3 37.9 35.6 36.9 36.3 36.5 30.9 5 1.5 -0.2 -2.3 -2.3 -2.3
87.7 85.1 85.1 87.2 83.9 87.5 85.9 83.9 70.3 71.1 62.8 59.5 59.3 56.6 62.1 69.4 76.9 81 81.8 89.7 91.4 78 80.2 85.4 88.5 91.5 91.3 92.4 91.8 89.7 83.6 82.1 79.9 76.1 73.5 71.3 70.3 68.8 66.8 63.6 61.4 58 52.9 61.3 61 60 58.5 58.8 58.9 56.7 58.4 63 66.7 66 65 63.3 60.2 57.3 53.6 48.8 44.2 42.4 35.3 42.6 45.7 47.3 49.3 50.7 57.6 54.4 48.2 42.9 40.8 35.3 37.7 39.3 31.4 9.5 2.5 0.6 -1 -2.3 -2.3 -2.3
81.6 80 79 77.1 74.6 72.4 69.5 66.4 63.1 59.9 58 55.8 54.3 55.9 60.9 64.9 69.3 72.4 74.1 83.6 88.7 75.7 77.5 88.8 92.1 93.1 94.4 94.5 94 90.5 86.8 83.4 81.3 77.4 74.9 72.3 69.8 68.2 66.9 65.3 62.6 56.2 58.1 62 61.2 60.2 59.3 58.7 58.3 58.3 59.4 59.9 61 64 67 65.9 62.7 58.1 54.2 49 43.3 35.5 33.5 40 45.1 45 46.7 55.6 59.1 53.9 46.8 26.3 38.8 33.2 32.9 41.1 26 3.3 1 -0.5 -2.3 -2.3 -2.3 -2.3
78.4 77.1 76.8 75.3 73.2 69.4 64.5 60.7 57 54.3 51.4 50.7 50.8 56.8 60.5 62.7 64.9 64.7 64.4 74.1 72.8 72.9 74.5 88.3 91.7 96 96.9 97.2 95.9 93.3 89.4 86.1 83.1 79.4 76.3 73.7 70.9 69.2 67.3 65.4 63.1 56.6 61.5 61.5 60.6 59.8 60.1 60.2 60.4 60.8 61.8 61 60.4 61.6 58.9 56.8 56.1 54.6 51.3 48.3 41.6 30.3 31.2 38.6 41.7 39.3 42.4 37.7 28.8 27.9 26.5 25 25.3 34.7 30.7 31.6 19.8 1.5 -0.6 -2.3 -2.3 -2.3 -2.3 -2.3
77 75.4 75 73.6 70.6 64.7 61.2 55.9 52 49.2 47.9 47.3 51.3 55.9 58.6 60 61.6 61.5 58.6 60.9 67.1 69.9 74.5 84 89.8 95.4 97.4 97.7 97.8 96.3 93.7 89.9 85.2 81.6 78.6 75.6 71.7 69.8 67.7 65.5 63.5 59.9 60.1 61.3 60.9 61 63.5 63.1 63.1 63.2 64.4 63.4 62.4 59.9 57.7 55.3 53.3 48.3 45.2 42.8 37.4 28.1 28.4 35.5 34.5 32.7 36.4 41.3 13.4 13.2 25.8 24 10.2 28.8 29 23.5 13.5 0.1 -2.3 -2.3 -2.3 -2.3 -2.3 -2.3
75.4 73.8 73.2 71.3 68.3 60.4 56.1 52.7 48.3 46 44.6 45.3 49.5 52.4 54.9 56.4 57.2 56.7 56.1 57.6 59.1 64.5 68.6 74.3 83.5 92 94.5 97.4 99.4 98.5 96 93.4 88.4 84 80.8 76.8 73.5 70.4 68.4 66 64.3 62.6 61.9 62 62.9 62.4 65.2 68.2 67.1 66.3 67 67 65.9 63.7 60.5 58.2 51.6 44.7 40.7 32 30.9 25.5 26.9 33.2 29.4 27 30.5 41 19.7 12 23.9 11.2 9.2 14.5 26.4 26.5 2.1 -2.3 -2.3 -2.3 -2.3 -2.3 -2.3 -2.3
73.9 71.4 70.8 67.7 65.4 59.7 54.7 49.5 45 43.7 42.6 44.2 46.4 48.9 50.4 50.8 51.6 53.2 54.3 56.7 56.1 56.3 60.9 69.2 76.2 81.2 89 91.7 99.3 99 97 94.8 91 85.5 82.3 78.3 74.6 72 68.7 66.9 65.2 63.8 62.3 62.5 67 64.4 67.6 70.9 71 70.6 68.4 69.7 69.9 66.7 62.1 56.5 49.8 41.9 39.1 27.3 23.8 21.4 25.1 27.2 22.9 22 22 26 31.2 12.2 17.5 24.8 18.5 26.5 27.2 27.5 -2.3 -2.3 -2.3 -2.3 -2.3 -2.3 -2.3 -2.3
72.2 69.7 68.1 66.3 64.4 58.9 53.9 52 43.7 41.2 41.3 43.4 45.3 46.3 45.9 46.1 47 48.9 51.7 53.5 53.3 53.3 57.4 64.9 68.7 75.3 79.2 84.8 95.8 98.9 96.8 94.4 91.5 87.1 82.9 78.8 75.2 72 69.5 67.9 66.3 64.5 62.8 62.5 67 68.2 69.1 72.6 74.1 73.3 72.6 71.5 70.7 66.9 62.8 57.5 44.2 39.4 38.3 26.3 21.3 18.7 20.4 21 19.3 18 16.9 16 17 23.3 15.6 20.3 18.7 21.2 9.5 -2.3 -2.3 -2.3 -2.3 -2.3 -2.3 -2.3 -2.3 -2.3
70.5 68.3 66.2 64 61.4 58.4 55.5 53.3 44.8 40.4 43 41.9 42.7 42.2 41.9 42 42.7 45.5 47.9 49.4 49.3 53 57.6 60.1 63.9 69 72.1 77.6 91.2 96.4 96.2 93.9 91.2 88.1 84.8 80.7 76.5 71.9 70.2 68.6 66.5 64.9 63.9 63.6 65.8 69.6 71.2 74.7 76.4 76.6 75.8 74.1 71.5 68 64.7 61.3 44.3 46.2 32.9 24 20.8 17.3 16.4 16.7 15.7 11.8 3.7 3.1 3.8 3.2 2.7 2.1 1.9 -2.3 -2.3 -2.3 -2.3 -2.3 -2.3 -2.3 -2.3 -2.3 -2.3 -2.3
68.4 67.4 65.5 63.9 63.3 61.2 58.3 54.7 45.8 40 42.2 42.1 39.5 38.8 37.9 38 38.5 41.1 43.7 45.3 46.2 51.9 55.8 58.7 60.1 64.3 67.9 73 81.3 87.1 93.2 93.2 91.5 88.3 86.1 82.6 78.5 71.2 70.2 69.7 68.1 66.2 65 65 66.4 69.6 74.3 77.1 80.1 77.9 77 75.4 72.5 69.8 66.6 64.6 52.9 44.4 27.3 20.4 18.2 15.3 14.9 12.6 3.3 2.3 1.7 1.4 1.2 0.5 -0.3 -2.3 -2.3 -2.3 -2.3 -2.3 -2.3 -2.3 -2.3 -2.3 -2.3 -2.3 -2.3 -2.3
