app/static/ascii/SH70.asc
ncols 200
nrows 200
xllcorner 270000
yllcorner 300000
cellsize 50
[rows 105 to 139 of 200, columns 79 to 157 of 200]
210.8 211.4 208.8 197.6 172.5 140.7 105.8 79 70.1 75.5 80.1 87.7 90.1 83 91.1 96.9 108.1 115.2 112 110.5 96.5 76.2 51.2 38.4 30.2 35.9 43 51.3 65.9 82.4 89.4 102.6 115.9 131.7 144.2 147.2 153.8 162.4 169.7 182.3 189.2 192.4 195.2 202.4 209.8 219.4 227.6 232.7 238 244.3 251.1 253.4 250.8 252.5 255 254.3 256.3 260.6 257.1 253.3 250 246.4 242.7 234.7 222 205.6 201.5 192.2 183.1 170.1 145.4 119.1 102.1 96.6 119.9 142.2 161.1 169.8 167.6
218.2 220.3 219.4 217.5 204.2 175 149.9 116.1 84.3 68 71.4 78.3 78.5 75.3 77.3 81.6 92.6 103.1 103.2 108 102.3 81.4 60 41.5 31.5 35.3 37.2 49.7 67.2 74.4 83.3 98.9 111.2 126.1 135.5 141.5 145.9 152 160.7 170.2 174.4 176.5 182.4 192.4 201.1 212.6 221.4 230.4 240.2 250.8 259.8 262.9 261.4 264.7 267.6 267.5 263.4 263.5 258.3 252.4 246.2 241.4 230.1 224.1 208.9 195.4 191.2 189.3 180.6 171.8 146.1 119 101.1 92.3 113.8 134.1 151.8 153.5 153.3
222.4 225.7 230.9 227.3 214.6 194.7 180.1 154.8 130.5 97.5 70.4 66.9 67 64.8 65.1 68.8 75.6 84.6 94.3 103.7 101.7 87.4 68.4 46.9 31.4 34.7 37.1 48.2 59.9 71 82 94.4 106.9 118 121.8 126.7 132.4 139.6 148 154.1 157.6 162.1 172.7 181.9 193.7 205.8 216.9 228.6 243.3 253 258.8 258.4 259 264.7 271.7 267.4 262.6 263.1 256.6 251.4 243.5 235.2 220.6 203.2 186.8 177.2 179.2 179.4 176.6 166.6 143.6 120 100.8 89.8 105.6 123.6 132.1 138.8 136
224.4 232.8 238.8 235.4 222.3 202.9 187.8 175.9 152.2 134.4 110.2 87.7 74.7 61.5 60.2 59.9 65.6 72.3 82 96.3 96.5 87.2 74.4 62.5 40.1 29.4 36.5 45 53.2 65.9 76.5 89 95.7 104.2 109.1 112.7 118.2 125.3 133.1 136.6 139.5 144.3 160.2 176.8 185.4 197.9 208.2 221.4 242 248.7 252.6 256.4 259.6 267.8 270.6 263.9 261.6 260 256.3 251.6 242.3 234.7 216.7 190.3 172.5 154.3 147.5 157 161.1 150.6 133 116.5 103.6 89.8 90.3 107.4 110.4 113.8 115.4
222.8 237.5 245.9 241.7 225.9 206.8 194.3 179.4 159.8 146.4 133.7 114.8 99.6 85.8 70.1 55.2 54.6 61.4 70.5 81 87.6 80.5 71.1 65.9 47.3 28.2 35.6 40.5 49.6 61.2 71.2 76.4 79.4 84.9 85.7 92.2 102.3 78.7 88.4 124.6 136.8 157.9 176.3 192 201.5 208.4 215 225.9 238 247.4 252.7 256.1 260.8 270.8 267.6 260 257.4 257.3 254.7 249.6 241 233.1 217.1 194 179.3 164.7 140.4 126.5 130.8 118.9 111.4 99.6 89.8 89.8 89.8 88.4 86.7 86.1 83.7
225.3 243.3 251.5 241.7 223.4 207.1 195.4 184.5 168.6 151.2 135.6 116.8 109.3 97.3 89.7 71.4 52.5 49.6 62.1 72.2 75.3 72.4 66 58.4 40.8 32.2 30 37.4 46.7 55.2 67.3 76.5 77.3 77.8 82.1 89.6 100.9 104.5 79.9 110.4 153.4 175.3 190.8 204.8 216.3 226.6 229.5 242.3 250.3 252.7 253.9 254.8 260.1 269 263 257.5 255.4 255.2 252.5 243.8 237.7 231 212.9 191.2 183 168 148.5 133.7 109.4 103.8 99.9 98.7 99.1 96.5 93.5 90.1 85.9 79.5 68.5
226.4 247.4 249.1 236.9 218.5 205.3 194.2 182.6 164.1 147.4 126.3 113.3 103 93.6 84.8 72.6 56.9 47.2 50.9 64.3 65.6 65.3 60.8 46.1 36.2 30.9 29.4 31.1 42.1 65.9 75.8 77 77.6 78.3 102.9 109.9 110.9 108.2 113.4 132 167.4 185.8 199.7 209 221.9 232.6 239.5 249.9 258.4 260.7 255.6 258.2 261.1 261.6 259 254.6 254.8 253 247.8 238.8 234.3 228 209.3 192 182 171.3 158.7 150.4 131.3 119 117.2 118.2 118.1 117.8 112.2 104.8 98.5 92.3 86.5
228.2 246.4 241.3 227.7 211.2 199 189.3 176.3 156.9 138.4 120.1 105.4 95.2 85.5 71.1 60.9 54 46.4 41.4 53.5 53.3 53.3 46.4 37.1 31.7 30.4 29.2 30.2 40.2 74 75.6 76.5 76.7 96 102.9 112.5 126 119.9 112.6 133.1 161 185.6 198.3 213.5 225.4 236.2 241.9 256.3 259.6 256.1 252.6 257.6 260.2 256.4 254.4 250.5 250.3 247.8 242.1 234.7 228.3 220.8 206 194.4 184.2 175.4 169.9 162.3 151.9 142.7 139 139 138.6 141.4 140 130.5 121.4 109.3 98.2
220 238.7 230.8 216.8 202.5 195 186 169.9 149.8 131.3 115.3 99.7 85.8 75.4 62.6 55.9 50.9 44.1 36.7 40.7 40.5 38.8 34.6 31.5 30.1 29.3 30.1 43.2 64.4 68.3 73.7 78.3 87 100.9 121.2 142.5 155.2 144.8 122.8 123.9 150.5 180.9 196.7 210.7 223.2 233.8 246 252.4 249.7 247.8 250 254.4 254.3 248.5 247.2 246.5 244.7 241.4 236.4 229.5 221.9 214.2 203.2 195 187.1 177.3 176.9 173.8 168.6 156.6 154.7 153.6 150.5 154.1 147 135.9 124 113.5 100.1
207.8 223.8 217.1 203.5 195 188.2 177.9 162.8 144.1 125.3 105.2 93.9 77.7 68.5 59.4 53.4 47.4 38.7 32.6 32.8 33.6 32.7 28.4 28 28 29.9 43.5 48.9 56 68.1 77.5 87.3 97.3 114.5 134.6 152.7 170.2 172 144.5 125.8 143.2 172.5 192.5 203.5 214.6 226.8 237.9 243 242.2 240.6 247.9 253.2 249 241.6 238.7 238.6 235.6 232.7 229.6 223.1 216.7 211.9 203.5 196.4 189.1 180.1 179.6 178.1 172.6 166.1 162.7 160.9 161.9 158.2 144.2 131.5 121.5 110.4 94
191.1 205.6 202.7 193.3 186.7 180.1 169.5 153.8 136.2 120.1 98.6 89 72.3 65.6 57.6 53.1 47.5 33.5 29 28.1 27.4 27.9 28.9 28.4 29.8 43 51.2 57.6 63.4 79.3 93.2 101.7 113.2 125.5 143.6 161 177.8 184.5 167.5 152.9 138.7 166.3 185.7 197.3 205.7 217.8 229.8 230.2 233.2 237.9 246.8 253.4 246.1 236 227.2 224.1 222.8 221.9 220.7 219.6 215.1 209.8 205.9 198.2 190.3 183.2 181.1 178.4 171.4 167.3 167.9 167.2 167.8 155.4 142 129 120 105.6 86.2
171.6 182.4 186.6 183 177.8 173.8 161.4 146.8 129.3 112.6 99.2 86.7 71.2 63.1 56.4 51.9 44.1 29.6 26.5 27.1 27.8 28.7 41.2 50.6 56.6 64.2 70.3 76.7 85.2 101.1 115.7 122.7 130.3 143 157.2 173 187 195.5 199.3 184.6 165.5 157.3 175.8 191.2 200.9 211.9 218.5 224.8 231.7 240.3 249 254.9 250.7 237.8 221.6 211.1 204.7 207.3 213.6 216.6 212 209.4 208.6 202.4 194.3 187.5 181.6 174.3 169.5 168.1 169.2 167.9 162.3 149.3 137.7 127.6 119 99.6 78.9
149.7 157.9 165 173 169.7 164.1 153.8 140.6 121.1 111.4 99.6 88.4 75.1 61.2 52.7 48.9 36.8 27.5 27 27.7 28.4 45.8 67 74.1 79.2 84.7 89.3 98 106.6 122.7 139.5 147 158.5 166.6 180.5 190.6 204.5 214.2 223.6 223.3 205.5 193.7 192.9 191.2 192.1 206.9 214.5 224.4 231.2 243.5 252.4 257.3 256.5 250.4 237.1 218.9 204.2 193.8 192.7 204.4 209.4 209.7 210.5 201.8 198.9 188.4 180.8 171.9 166.7 164.9 166.1 162.1 153 142.1 130.8 125.4 110.4 92.9 70.6
122.9 123.4 121.5 135.9 150.5 151.2 141.7 130.7 117 107.6 99.6 94.4 79.9 65.3 59.1 51.3 38.9 26.6 27.5 30 40 58.2 76.3 82.3 87.9 97.8 105 117.1 130.3 147.5 158.7 168 178.6 192.7 200.7 204.3 214.6 223.3 234.5 243.1 245.2 232.6 228.3 223.7 221.4 220.4 226.7 229.4 235.5 247.7 256.4 259.2 253.2 258.1 251.8 235.3 215.8 201.8 189.2 184.3 201.9 206.5 205.9 201 198 189.1 180.9 169.3 164.2 159.4 154 146.4 137 126.9 117.5 114.3 101.4 84.5 63
128.2 97.7 72.1 89.2 119.3 132.5 131.2 124.2 113.2 108.7 105.1 94.4 81.2 68.7 61.2 53.2 43.7 29.8 25.9 29.3 42.8 55.2 71.3 80.5 93.6 103.2 113.4 132.5 152.6 165.8 172.4 180.5 190.2 199.3 204.9 209.2 219.8 229.3 237.3 245.5 252.2 254 256.9 254.9 248.6 243.3 240.8 242.9 248.3 253.7 260.5 261.1 258.6 262.8 261.1 243.2 227.1 211.1 193.1 170.2 184.4 194.1 200.1 198.6 190.8 182.7 174.4 166.3 160.5 152.9 142 130.4 121.4 110 98.9 87.4 89.6 77.7 58
154.3 120.1 90.3 71.6 88.9 113.2 121.5 118.1 113.8 109.6 104.5 92.6 80.7 72.4 63.9 55.5 47.3 33.9 25.8 28.6 39.5 49.2 61.1 85.6 93.2 105.5 119.7 146.7 162.6 171.1 179 187.4 195.8 202 205.9 211.5 218.6 226.2 234.6 243.9 249.9 256 259.9 261.9 257.1 254.7 252.3 256.1 256.9 260.3 260.8 259.6 259.7 265.3 261.5 249 235.4 219.5 195.9 167 166.2 177.4 176.9 176.6 168.4 172.2 165.9 160.6 155.5 148.4 143.6 138.8 125.9 116.3 105.6 97.3 83.7 65.2 56.7
170.4 148.7 115 79.6 71.9 86 109.8 113.6 111 106 97.3 89.1 80.4 72.9 62.8 55.3 49.7 38.1 29.6 25.9 32.2 40.7 51.1 79.9 89.8 110.2 123.4 148 161.1 170 176.6 181.9 190.7 197.1 202.8 207.8 211.9 217.9 227.8 237.5 242.8 247.6 256.1 256.1 254.6 252.2 253.1 257.2 257.1 257.1 258.6 256.2 259.5 261.6 261 252.9 235.9 228.3 205.2 173.3 146.6 155.5 149.8 148.3 146.2 149.1 151.3 153.9 153.8 149.2 145 139.4 125.3 120.4 111.8 104.9 93.5 76.4 56.6
173.7 154.7 132.4 97.8 67.7 71 92 101.5 102 95.8 89.1 80.7 71.2 64.6 58 52.1 44.4 36.5 30.6 26.1 25.5 33.4 48.4 66.3 81.6 107.4 121.6 136.8 152.2 161.6 162.6 167.6 171.5 183.2 191.3 193 196.6 209.3 220.6 227.9 229.8 240.6 242.7 242 241.7 241.8 247.1 249.8 248.4 249.7 252.7 252.3 256.3 261.1 256.4 247.4 238.8 232.8 214.4 188.6 154.9 125.7 122.8 118.9 115.6 115.7 120.2 127.1 134.8 142.2 140.1 131.5 123.9 118.6 109.7 97.9 85.3 74 53.1
172.7 155.1 139.2 109.5 84.7 65 67.6 80.9 87.6 80 71.8 66.3 62.2 56.5 53.4 47.5 37.6 36.1 38.3 29.3 22.8 27.4 38.6 54.4 71.5 92.9 110.3 122.8 135.8 139.6 143.1 151.2 160.7 168.8 174.5 173.6 188.2 198.5 206.9 215.1 220.5 223.3 224.3 224.5 227.2 231.2 239.5 241.7 239.9 246.6 248.6 250.7 254.8 253.5 247.9 240.3 239.8 232.1 218.8 203.7 174.2 145.3 120.9 111.6 99.1 92.2 95.6 99 106.1 115.3 120.8 125 119 110.5 98.4 86.6 76.2 59.6 50.5
168.1 152.8 140.2 123.9 98 76.8 61.9 58.3 56.6 54.7 52.5 50.7 48.9 46.6 44 41.4 45.2 48.9 48.5 40.5 26.7 24.4 35 52.2 67.2 83 97.3 111.6 123 123.4 127.5 133.8 143.3 152.8 155.3 161.7 173.7 185.4 193.9 202.4 205.8 204.7 203.9 209.2 216.2 224.9 233.8 233.5 238.4 239.6 242.9 247.1 249.5 241 238.5 239.4 235.9 226.2 215.1 205.1 193.5 169.9 149.9 136.7 117 103.2 89.1 79 81.5 87.7 88.3 95.7 103.4 96.9 87.6 76.1 63.8 46.9 49
162.7 149 137.7 121.2 106.2 88.8 70 65.3 60.1 56.7 54.9 54.6 54.1 53.1 53.7 59 60.3 66.8 63.2 49.4 31 23.9 29.5 43.8 57.6 73 89.4 98.8 104.7 105.7 107.5 116.4 125.6 131.1 137 150 163.1 174.3 182.8 183.1 183.3 182.8 189.5 198.5 207.8 217.4 224.9 222.6 229 230.5 236.3 240.6 240.5 239.2 233.5 237.4 231.2 222.4 211.8 210.6 209.1 194.3 178.4 169.6 146.9 129.8 107.7 92.4 81.1 69.2 70.2 73.5 79.6 88.8 76.7 63.2 48.2 39.9 48.6
154.6 144.3 128.9 113.5 106.7 95.6 86.5 85.3 82.9 77.9 77.1 76.7 76.5 75.6 77.8 82.8 85.2 87 76.2 58 40.5 26.5 26.2 37.8 54.1 59 74.9 84.7 83.5 83.6 89.4 100.2 105.3 104.6 121.4 140.3 151.2 160.5 162.6 163 160.8 169.5 180.1 189.2 200.3 205.9 208.6 215.4 220.3 224.2 231.3 239.3 237.1 233.9 230.2 232.1 231.1 227.1 218.6 216.2 214.4 203.7 194 187.3 171.6 158.7 142.3 115 97.1 83.9 73 62.5 60.9 70.1 65.6 52.7 39.2 41.7 51
146.1 135.3 123.9 112.3 106.2 101.9 99.2 100.7 101.6 101.6 101.8 103 104.4 102.9 102.5 103.4 102.7 96 86.2 62.3 47.1 27.9 24.5 35.6 45.2 52.1 58.7 63.8 64.4 65.3 68.3 77.6 80.3 82.7 102 118.3 128.8 135.6 136.8 137.3 148.4 159.1 170.7 181 188.9 193.2 198.5 207 213.8 221.1 228.9 229.8 229.6 230.6 229.2 228.7 229.7 229.1 224.9 224.7 216.7 202.9 198.8 193.8 181.3 176.6 168.9 150.2 119.3 101.6 91.1 80.7 68.6 53.3 51.1 46.1 35.5 42.4 53.3
138.5 125.4 120 113.4 109.4 106.8 108.8 117.8 123.6 124.7 124.2 124.2 119.9 115.5 114.6 111.5 108.8 98.8 87.2 68.3 47.3 29.8 22.9 32.6 41.2 44.5 46.3 48 49 59.8 71.1 77.2 84.7 85.4 86.1 98 108 115 111.7 120.8 132.5 148.1 159.9 167.4 175.7 180.3 191 201.6 211.2 220.4 222.5 224.8 230.3 229.9 222.9 222 224.1 229.8 230.5 221.5 213.3 199.8 199.8 195.8 188.5 184.3 173.8 160.6 147.3 126.2 114 102.3 93.8 75.1 54.7 46.8 38.5 43.1 54.8
131.8 124 118.8 114.2 114.3 119 124 129.8 137 140 136.4 133.4 128 122.4 117 110.9 105.8 99.2 88.3 70.3 47.6 32.2 22.7 29.5 33.2 34.3 37.8 48.5 56.3 72.7 95 108 115.3 125.6 126.2 118.8 114.3 120.7 132.7 141.9 147.6 149.1 158.2 168.1 176.5 187.9 198.3 206.2 212.4 218.4 219.2 226.1 229.4 224.3 219 219.6 221.2 224.5 214.6 211.6 208 199.6 195.9 191.5 191.6 186.2 175.4 163 151.8 137.7 125 116.1 107.6 93.5 71.1 52.5 37.6 46.4 55.9
124.8 120.7 118.5 119.7 122.8 132.8 136.7 147.6 150.6 147.5 142.2 136.8 130.7 121.9 117.7 110.2 103.8 98.9 90.3 71.9 49.2 31.6 21.2 26.5 28.4 36.6 46.8 52.8 60.6 84.8 102.1 115.6 127.4 140.8 151.8 154.3 152.1 152.3 156.5 164.5 165.9 169.7 177.4 190.9 194.3 195.9 202.8 209.3 213 216.8 219.4 229.3 222.9 219.6 219.4 218.1 219.4 210 203.6 204.8 204.6 194.3 189.1 189.6 199.8 190.4 177.6 165.9 155.1 141.3 129.7 121.4 112.4 93.8 73.6 52.2 37.9 46.3 55.3
119.5 118.5 121.9 129.5 134.5 143.7 151.7 155.8 152.5 149.1 144.1 139.1 131.7 123.2 119.9 109.5 102.7 98.2 90.1 73.7 50.8 29.4 21.4 22.2 26.3 39.8 46.6 53.8 67.9 88 104.2 118.7 131.7 141.5 150 157.4 160 165.9 172.3 176.9 184.9 194 200.3 208.5 201.7 202.9 212.8 210.3 210.9 216.4 230 227.1 216.4 213.9 209.4 207 203 194.7 198.4 200.6 200.9 187 183.2 187.8 193.4 185.1 172.2 165.5 155.2 142.3 128.5 119.7 109.1 91 69.7 50.3 38.4 45.9 53.8
114 117 122.7 133 141.7 149.6 156.7 154.7 149.4 147.5 143.7 136 128.7 122.5 119.2 107.8 99.9 94.8 86 73.3 51.2 29.8 21.4 20.3 23.9 37.8 45.5 52 72.1 89 100.5 113.7 124.5 136.2 144.4 152.3 159.8 170.9 175.6 181.7 190.6 198.6 206.4 210 209.1 208.4 209.9 209.1 211 220.9 223.9 218.1 211.6 210.4 198.2 193.5 187.7 189.5 196 201.1 201.1 182.9 180.2 181.6 188.8 179.8 167.8 159.8 151.6 136.8 126.6 119.4 106.8 88.5 65.7 47.2 38.5 43.5 50.9
109.9 116.8 123.7 133.1 143.5 150.5 154.9 151.8 147.1 144.4 139.8 130.1 122.7 115.7 109.6 103.2 96.2 89.4 78.2 67.3 45.8 29.5 20.9 19.4 22.2 36.8 47.3 52.8 67.9 81.8 92.3 98.7 112.6 128.7 137.4 146.9 159.1 164.3 174 182.4 191 199.9 202.4 202.7 200.2 203.8 208.1 209.2 210.6 214.2 214.9 211.7 207 197.9 180.7 176.4 177 183.4 192.3 199 190.8 171.9 172.6 175.2 178.1 169.2 162.1 156.8 144.8 130.3 124.9 117.2 102.4 82.2 60.1 42.9 37.4 40.7 47.8
106.4 116.5 124.2 133.7 140.9 147.2 146.8 144.8 140.9 134.4 127.8 122 114.4 107.4 101.7 96.4 88.7 76.9 65 52.3 38.2 28.3 22.1 19.8 21.5 36.5 46.8 52.3 66.7 86.2 101.9 105.2 107.1 118.2 129.2 141.2 148.9 158.2 171.4 181.3 189.3 193.5 198.9 200.8 200.2 201.3 204.4 207.1 208.5 206.6 207.7 202.6 202.3 186.1 164.2 158.9 163.1 175.2 181.5 180.3 168.9 162.8 169.4 168.7 167 157.5 154.2 147.2 135.8 124.1 120.6 112 95.2 75.5 55.2 38 36 38.2 43.5
101 114.3 122.5 130.4 134.9 134.5 134.2 133.2 127.7 121.2 115.9 110.7 104.2 97.7 92.1 83.4 74.1 63.2 51.1 38.3 35.1 30.7 25.5 19.1 22.1 30.2 43.2 52.2 72.3 92.2 105.5 124.2 133.3 137.5 143.2 157.1 171.2 176.9 184.4 186.7 191.6 197.5 201.4 201.1 202.8 204 203 202.6 202.3 199.7 198.5 196 189 170.3 153 146.7 151.8 156.9 159.1 160 155.1 157.5 161 157.3 152.9 144.1 141.3 134 124.8 115.6 110.8 104.8 86 67.6 49.4 35.9 27.5 29.6 39.2
98.1 113.7 118.1 120 121.5 122.6 121.8 117.5 114.7 109.5 103.9 98.4 92.7 86.6 80.9 72.2 62 51.3 39.1 43.7 47.7 38.2 24.6 20.8 19.6 29.8 44.8 53.1 73.8 90.9 108.9 121.7 134.5 144.9 154 167.3 177.8 190.4 197 199.7 203.9 206.5 206.7 206 207.7 208.5 205.8 202.4 200.2 194.8 188.1 178.1 167.6 154.6 143.1 135 137.2 140.7 142.8 146.8 146.3 143.3 140.8 141.2 132.3 127.5 128.7 118.8 112.2 103.9 97.3 91.4 75.7 61.3 43.2 30.9 23.8 23.9 34.4
92.7 102.7 110.1 109.7 108 105.6 103.9 101.2 99.3 95.4 89.6 83 77.2 71.3 65.8 58.3 51.2 40.3 50.8 56.6 60.1 43.3 24.6 21.6 19.4 30.2 44.4 55.1 72 87.2 105.6 121 133.9 144.5 153.6 168.1 184.8 198 200.6 203.6 209.6 209.6 211.1 210.2 210 210.7 208.1 204.2 199.6 200.2 187.8 171.9 160 145.2 131.8 121.8 122.4 125.9 127 126.4 123.9 120.7 122.4 119.8 115.3 112.6 110.1 102.4 92.4 83.7 78 74.7 61.1 47.6 34.8 26.7 23.3 19.8 29.9
105 89.4 92 90 88.2 85.2 83.5 83.1 82 77.8 73.3 66.7 60.1 53.8 49.8 51.8 54.9 58.7 66.9 70.1 59.8 38.5 22.9 20.3 17 32.4 42.4 51.6 62.9 86.5 103.6 116.3 128 142 155.7 175.1 190.3 197.6 199.3 203.9 209 210.3 213.6 216.3 214.4 211 210.1 210.3 206.6 203.5 197.3 185.7 169.8 156.3 138.1 119.6 114.7 116.9 114.3 109.6 101.4 101.3 101 99 96.1 94.5 90.7 82.8 72.8 69.9 65.8 61.8 44.6 38.7 33.4 27.4 23.9 18.3 23.3
91.4 81.5 75.4 72.5 72.7 69.2 66.9 64.7 61.8 59.3 57.2 58.6 60.3 62.1 63.6 70.5 74 76.8 75.9 74.5 56.3 31.9 20.8 18.5 21.2 33.3 41.3 48.8 64.8 93.5 105.6 116.7 128 142 161.6 178.5 187.8 192.7 200.6 206.6 210.6 215.2 219.4 222.6 225.2 220.4 213.9 210.4 208.5 204.8 199 190.5 179 165.8 152.2 135.6 119.9 110.8 104.9 101.9 95.5 91.2 86.8 82.6 79.8 73 64.7 64 62.9 57.4 55.2 48.9 41.4 33.9 30.5 31.8 26.1 17.8 16.4
