app/static/ascii/SH71.asc
ncols 200
nrows 200
xllcorner 270000
yllcorner 310000
cellsize 50
[rows 0 to 34 of 200, columns 78 to 155 of 200]
180.1 174.6 175.8 174.2 164.3 156.7 154 150.5 148.7 161.1 174 178.4 186.1 181 177.9 174.5 173.2 172.7 169.4 167.7 163.5 171.6 173 171.4 167.4 159.9 149.2 139.6 125.9 115.7 105.8 97 87.8 71.6 69.4 72.1 65 64.3 63.2 56.3 57.1 59.6 59.3 66 64.1 60.2 75.6 71.8 66.8 66.9 61.6 61.3 54 51.5 44.7 42.5 41 42.6 42.7 44 46 46.7 48.1 53.1 58.5 58.3 58.3 61.6 62.5 65.4 67.3 70 73.9 80.4 90.6 92.8 92.9 94.3
175.3 167.8 164.7 163.9 157.3 152.1 152 149.8 146.4 158.6 177.5 176.9 179 170.4 168.2 172.2 169.2 166.2 164.5 164.7 158.9 154.4 159.9 163.2 159.4 149.3 136.2 128.4 112.6 99.8 93.9 93 81.4 65.3 64.9 58.1 50.3 53.4 51.1 44.6 45.9 51.5 57.6 56.7 53.7 68.5 75.9 67.8 60.2 54.3 51.9 50 45.5 41 41.7 41.2 42 42 42.8 44 47.7 53.7 57.1 58.1 59 60.1 61.8 64.1 66.8 70.8 77.6 86.3 93.9 98.7 109.6 113.7 107.5 106.8
167.3 159.4 155.2 154.7 151.5 151.5 152.7 152.6 145 154.4 170.1 174.7 171.5 164.7 167.1 167.6 164.3 160.7 156.6 155.3 153.7 148.9 156.8 155.5 152.4 145.2 122.7 112.8 102.1 91.1 87.2 83.3 74.1 64.6 47.8 42.9 41.5 42 44.4 39.7 43.6 47.8 47.7 47.6 52.2 61.3 65.5 59.3 52.1 49.2 43 39.5 40.3 40.9 41.5 39.4 41.9 41.4 41.9 50.9 52 55.1 58.2 60.9 60.5 62.8 65.2 70.7 81.5 87.3 92.3 100 98.2 111.8 114.3 116.2 117.2 117.9
161.8 151.1 148 146 145.7 154.4 151.8 149.7 141.2 149.2 163.7 163.8 162.1 162 162.5 165.1 162.5 156.7 153.5 149.2 147.7 148.3 148.5 146.4 146.2 132.7 119.3 105.9 95.2 89.8 82.8 68.9 59.7 50.4 37.7 38.5 37.5 36.6 36.8 37.8 40.1 41.8 44.3 47.2 49.3 49.6 50.5 49.3 43.7 37.3 38.5 39.4 40 40.3 40.4 40.9 40.9 40.8 46.3 55.9 58 53.5 59.8 60.5 65.1 69.7 74 80.8 85.8 93.7 98.4 97.3 99.5 110 127.5 128 131.9 140.9
153.8 142.9 141.3 141.1 143 148.2 148.5 147 138.6 146.4 155.3 162.1 162.1 161.2 162.5 161.3 156.2 148.3 145.1 141.5 140 141.8 141.4 141.5 130.2 118.5 105 94.5 91.8 82.6 74.5 57.1 51.5 37.8 32.6 34.7 34.9 33.8 34.6 36.2 37.8 39.9 42.8 47 50.5 51.8 45.6 34.7 36.3 38.5 38.8 36.6 39.3 39.3 39.4 51.1 51.7 53.2 54.8 55.6 58.1 59.8 59.5 67.2 73.5 77.6 87.9 103.4 101.3 101.7 104.7 108.7 115.3 119.5 131.1 143.4 153.8 152
144.2 138 137.6 137.1 138.9 142.4 145.5 144.5 136.3 141.6 149.1 159 159.8 157.6 156.2 155.7 151.7 144.8 137.7 137.2 134.1 136.6 132.7 126.1 116.5 106.9 94.2 89.1 84.8 77.4 60.7 44.3 40.7 35.4 31.9 31.2 31.9 33.1 34.3 35 36.6 39.3 45.2 52 48.3 42.4 33.5 36.2 36.7 38.3 39.1 38.8 41.4 45.5 51.6 53.7 56.4 57.2 58.7 60.6 62.5 68 66.8 72.6 79.4 92.6 98.4 110.2 111.8 112.2 113.9 118.1 126.8 133.6 140.6 142.9 145.3 155.9
141.3 136.2 133.8 133.9 136.7 142 142.4 143.4 134.7 137.9 143.3 147.4 151.5 153.5 154.9 152.7 148.5 135.4 123.5 123.8 124 125.6 122.6 116.6 111 99.9 86.5 80 75.4 66.3 49.5 39.3 31.9 30 30.4 31.2 31.6 32.5 33.2 34.4 40.3 45.4 52.2 41.9 38.7 34.4 35.2 36.5 36.5 41.4 43.4 46.8 47.3 50.1 56.1 62.3 66.2 68.4 71.3 66.6 70.7 75.2 75.3 82.3 97.5 103.6 113.7 115.5 116 118.4 120.3 133.1 142.1 141.5 140.7 154.1 160.6 170.1
138.7 133.7 131 132.6 135.7 137.1 138.8 140.7 133.2 132 134.6 137.3 141.5 143.1 146.5 145.1 139.3 124.6 113.2 110 109.7 111.3 112 105.7 100.2 90.3 77.6 72.1 66.6 53.7 42.9 36.7 28.7 29.6 30.1 31.1 31.8 32.3 32.9 39 45.1 52 41.4 35.3 32.6 35.1 34.7 36.6 44.6 47.6 49.3 50.8 57.2 62.1 66.4 74.9 76.4 72.4 78.9 74.6 80.3 85.4 88.8 92.4 111.2 114.9 117.1 119.7 120 129 134.8 140.7 137.3 138.6 144.7 148.9 154.7 165
132.3 130.1 129 130.5 133.3 133.1 134.7 132.8 127.3 129 136.5 133.8 131.3 131.4 131.7 132.1 125.1 114.4 105.2 100.2 100.6 96.6 95 92.8 88 79.4 72.5 67.9 61.1 51.8 38 31.7 28.8 29.5 29.5 29.9 31.9 32.5 33 38.2 40.2 38.8 34 34 34.3 34.1 43.4 51.9 51.6 56.2 59.3 62.8 73.1 83.1 82.8 86 85.8 86.5 87.8 82.8 90.1 97.2 103.6 104.2 107.7 114.4 123.1 122.3 128.7 133.5 136.2 135.4 136.5 139.6 146 144.8 144.9 160.3
128.6 128.1 128.4 126.1 123.1 125.3 128.4 124.3 122.2 127.6 133.8 125.4 120.9 117.8 117.7 114.2 112.6 108.1 100.3 90.5 86.6 88.2 92.2 88.1 77.6 74.1 68.8 66 54.7 44.3 29.9 26.4 26.7 28.9 30.2 30.3 31.2 31.8 32.8 33.6 33.9 32.9 33.4 33.1 41.9 49.3 53 56.3 60.3 70.8 74.8 79 88.6 94.1 93.8 94.7 103.9 103.5 101.6 98.1 100.2 106.3 110.5 111.1 110 113.5 119.3 121.8 125.7 130.6 132.1 129.6 131.5 134.7 144.1 148 156 165.9
128.8 131.8 132.3 128.8 120.8 118.7 120.8 116.1 121 120.8 118.8 113.7 109.3 111.4 111.2 101.5 94.2 92.8 89.1 84.7 83.8 83.4 84.6 81 74.9 70.5 67.4 57.5 42.5 31.2 26.2 28.3 29.1 28.5 29.6 30.3 30.9 31.8 32.4 32.5 31.2 33.2 42.4 47.8 51.2 55.5 61.6 71.9 81.6 84.9 87.4 90.3 92.6 98.6 98.1 99.1 102.8 107.6 109.5 107.4 107.6 112.5 115.4 115 114.1 114.3 117.4 123.6 127.6 128.4 127.1 130.7 135.1 144.3 149.4 153.1 159 172.9
135.4 135 132.3 124.8 120.6 116.3 114.9 111.6 107.6 102.2 105.5 106.3 104.2 105.7 104.1 94.2 92.6 88.9 88.4 85.7 82.2 81.6 80.2 77.9 79.4 72.6 64.2 51 32.9 26.2 27.3 28 29.5 27.8 29.6 30.2 31 31.5 30.3 31.7 38.3 43.7 48.9 49.2 51.9 61.6 74.1 87.4 97.2 86.9 94.5 96.7 97.9 99.3 99.4 99.8 103.7 111.1 112.3 110.1 110.6 113.8 116.9 116.4 114.2 115.5 117.1 121.5 124.5 124.3 129.6 136 143.2 149.6 155 155.1 160.3 169.4
130.8 128 122.6 116.7 114.2 112.4 111.4 105.6 102.2 100 103.1 103.1 103.2 100.8 98.1 101.6 103.7 94.2 88.2 83.1 81.9 81.5 80.7 79 72.2 67.6 57.5 42.8 25.8 26.9 28.4 29.1 29.7 30.3 28.4 28.8 29.5 35.9 39.8 41.9 45.1 47.9 48.1 50.4 59 71.4 81.4 91.7 97 96.5 93.5 95.3 99 99.5 100.4 101.1 105.5 113.1 112.5 111.5 112.9 114.8 115.9 116.7 117 118.6 120 122.1 123.4 127.8 133.4 138.5 144.6 149.7 153 157 162.9 168.7
122.1 117.3 111.1 107.7 109 109.3 106.9 103.4 100.8 99.6 98.5 98.6 99.5 99.8 102.1 100.7 95.9 91.2 86.1 82.8 81.7 82.6 78.1 77.5 69.7 62.3 50.7 29.8 26.1 27.4 28.4 29 29.4 30.3 31.8 34.4 39 41 43.2 46.9 52 53.5 55.3 57.6 61.3 64.7 83.6 92.9 95.8 98.6 100 102.9 101.9 101.7 102.9 104.8 106.9 109.3 110.9 113 113.9 115 115.9 116.6 118.4 120.8 123 124.8 124.8 127.9 131.4 138.1 143.3 147 149.9 156.5 161.4 167.1
111.5 108 102.7 104.1 106.9 108.4 102.6 101.7 99.1 98.5 98.2 97.7 97.4 97.1 95.8 92.8 89.1 87.5 83.7 80.8 80.3 80 73.8 71.2 62.1 48.8 37.8 24.9 26.3 27.5 28.1 27.6 28.3 30.8 31.6 37.8 42.9 51.7 51.2 51.1 54.1 57.4 62.1 62.6 74.6 86.5 92.1 97.5 99.6 105.3 106.4 105.4 107.7 104.2 105.5 106.8 109.2 112.3 113.2 114.4 115.6 117.2 119.1 118.2 120.9 123.2 125 126.3 127.6 131.6 139.3 143.5 148.1 149.2 151.2 153.9 157.8 164.5
103.4 100.1 99.2 100.1 102.8 103.3 99.7 99 98.2 97.9 97.8 97.8 100.3 99.7 98.7 93.9 86.6 85.2 81.9 77.2 78.3 78.1 69.5 60.2 48 33.2 27.8 23.5 26.2 27 27.7 27.9 31.4 30.2 34.3 38.3 41.5 48.8 51.2 57.1 62.9 71.4 75.9 81.7 94.4 99.9 99.9 102 103.5 106.9 107.2 108.7 109 107.5 110 111.4 113.1 113.8 115.4 116.3 118.1 118.8 119.5 119.4 121.2 123.4 126.7 127.9 128.5 136.7 143.7 148.6 153.8 154.9 155.5 157.2 159.2 161.1
99.3 98.9 98.8 99 103.6 103.5 98.5 98.2 97.9 97.4 99.1 103.1 102.8 99.3 94 89.5 86.6 85.4 79.4 75.4 67.7 70.7 60.6 48.5 36.3 25.2 25.3 25.5 26.1 27 27.4 29.6 32.2 35.2 40.1 43.7 48.2 56.9 65.8 73.2 80.7 87.8 100.8 106.7 109.1 105.2 103.6 104 107.8 112.5 113.4 110.5 111.8 113.1 114.6 114.5 116.2 118.8 119 120.1 120.5 120.8 121 121 122.7 125.6 131.1 129.8 130.8 136.7 142.9 154.8 163.3 161.1 159.8 161.2 165.1 168.4
98.7 98.4 98.3 98.6 99.3 98.3 98.2 98.5 99.1 101.7 104.5 104.2 100.3 95.6 89.2 84.5 84.3 84.3 78.4 67 46.7 56 44.1 37.6 25 24.6 24.8 25.5 26.3 26.3 32.5 31.2 33.6 36.2 40.9 46.4 56.8 68.9 82.1 86.3 94.9 111.4 114.4 116 116.9 118.2 113.2 117.7 116.6 117.1 118.2 119.1 118.3 118.4 118.2 120.1 121.2 122.1 123.5 125 125.8 125.1 125.5 126.5 128.4 131.2 135.1 136.6 137 145 151.4 160.8 167.8 166.9 166.9 166.5 169.1 172.2
102.1 102.6 98.5 98.7 98.7 98.3 102.1 103.8 106.2 107.3 105.6 101.2 97.1 93.2 88.1 83.8 80.7 78.6 65.7 53 51.2 38.3 33.7 25.6 24.1 24.2 22.6 25.4 27.8 32.6 32.5 31.1 38.5 41.8 52.4 61 73.4 84.2 84.5 92.3 112.3 113.3 119.3 121.8 120.9 122 123.1 124.8 125.2 124.8 124.7 126.3 124.1 123.6 124 123.3 125.4 125.9 126.6 127.8 129.8 130.8 130.1 131.5 135 139.7 142.2 144 147.1 151.5 156.4 171.1 172.5 172.5 170.7 169.8 172.9 175.6
103.6 101.5 98.6 99 99.1 101.3 103.8 111.8 114.1 108.1 104.5 100.3 95.7 93.6 83.8 78 69.5 65.8 50.9 42.5 37.7 35.9 24.6 20.2 21.5 22.9 27 30.4 32.7 31.6 31.3 37.5 44.4 52.1 64 77 81.8 84.1 91.7 103.7 117.8 112.8 126.9 125 124.3 124.2 125.2 127.2 126.6 125.3 127.3 129.7 130.7 130.2 129 126.2 126.5 127 129.2 131.7 133.3 134.8 136.4 137.5 142 148.2 150.8 154.3 156.4 161.7 166.5 171.8 174.1 173.3 172.7 173.7 175.6 177.2
101.4 101.3 101.1 100.2 104.5 108.9 112.7 115.5 114.3 109.3 105.8 102.6 96.2 89.3 79 67.8 59.7 47.1 37.9 33.3 25 19.4 24 26 27.6 28.4 28.7 30.5 32 34.4 38.6 46.3 55.3 65.5 73.7 84.9 91.9 97.9 109 115.2 110.7 121.9 124.7 125.8 127.1 129.2 132.1 131 130.9 130.6 130.7 135.4 136.4 133.8 134.1 133.5 132.6 133.8 134.8 135.7 136.6 141.7 143.1 146.6 149.9 152.7 155.8 157.6 161.1 165.8 168.8 171.7 173.9 174.1 174.3 175.1 178.2 180.1
101.6 101.7 104.9 107.4 113.9 116 114.4 114.4 113.7 111.5 109.2 100 91.5 83.3 71.5 55.5 44.8 35.4 23.4 21.9 21.9 23.1 24.6 26.2 28.5 30.2 30 31.9 34.5 38 49.2 58.3 70.4 75.9 85.7 93.6 101.2 101 101.8 106.2 116.8 126.6 126.3 129.8 131.1 133.2 132.9 131.3 132.8 134.6 132.6 135.4 136.9 137.7 139.1 137.7 138.1 141.1 142.5 142.9 144.3 149.3 151.3 153.4 157.7 161 163.4 164.7 165.3 169.1 171.7 174.1 175.3 176.2 176.7 178.6 180.9 182.3
103 106.3 111 114 121.8 125.8 122.8 114.3 113.1 112.7 107.3 97.4 83 72.3 56.7 40.4 31.2 20.8 20.9 20.6 21.7 23.7 25.1 27 28.8 29 32.6 33.6 39 49.8 57.9 67.4 78.6 82.9 93.7 99.8 98.4 98.4 101.6 110.2 121.3 129.4 127.2 129.4 132.6 136.4 134.6 132.8 134.2 135.4 135.1 139.1 139.9 140.6 141.6 142.6 143.4 145.9 146.8 149.2 150.2 152 154.8 158.3 162.8 167.5 168.9 168.3 169.4 171.7 173.4 175 176.1 177.6 179.2 182.3 185.1 187.3
108 110.6 116.1 119.1 121.8 117.1 115 113.7 114.4 105.6 97.8 86.8 71 55.9 40.6 22.9 19.9 19 20.1 20.7 19.6 23.1 24.9 26.6 28 31.5 31.3 39.9 49.2 57.1 66.6 77.2 83 88 97.4 100.8 100 99.3 106.6 108.7 125.9 128.9 129.9 131.5 133.7 133.2 133.4 138.4 138.4 137.8 142 143.8 143.7 145 147.6 149.5 149.6 154 155.6 155.7 155.5 156.1 158.6 160.2 163.3 166 167.4 168.5 170.5 171.5 173.6 177.6 179.7 179.8 181.7 186.5 191.1 190.5
109.6 110.6 119.6 121.1 117.4 113 112.6 109.1 100.1 91.2 81.8 64.5 54 41.7 22.4 17.2 19.3 20.3 21.1 22.3 23.3 23.2 24.6 28.6 38 40.5 36 36.1 50.3 60.7 71.6 83.8 92.3 96.5 94.2 103.5 98 95.8 102.9 115.1 128.8 130.6 129.6 128.9 131 135 138.5 141.5 143.4 145.6 148.4 150.3 151 151.8 152.8 154.8 156.8 158.9 160.1 160.7 161.3 160.8 159.8 160.5 161.9 164.4 167 169.8 173.3 174.2 179.4 182.9 183.7 183.3 190.7 193 193.7 194.8
108.4 113.4 117.5 118.6 110.9 105.2 101.4 97.6 86.5 75.6 62.2 48.9 39.1 22.2 18.6 19.2 19.3 20.1 21 21.9 25.8 24.8 34.4 35.8 38.2 41.5 43.8 44 40.2 42.1 55 73.8 86 89.4 90.9 92.6 92.5 94.9 99.8 104.5 114.1 124.1 129.8 133.2 137.3 140.3 141.9 146.2 148 150.3 152.3 153.6 154.8 155.2 156.5 158.5 160.5 161.8 162.6 163.6 163.6 161.7 160.1 161.1 162.6 165.5 170 173.9 178.2 181.3 183.7 188.3 190.2 192 193.7 195.6 197 199.8
107 112.7 109.9 107.7 102.9 95.9 91.4 82.6 71.9 59.9 48.2 37.6 21.5 16.5 18.7 18.8 19.5 20.1 21.2 28.7 32.6 35.9 37.4 40 42.5 47.1 47.8 47.6 47.8 50 48.8 53.8 71.6 82.3 86.6 88.8 97.8 105.4 113.6 117.6 126.2 132 135.9 139.1 143 145.5 148.3 150.2 151.6 153.9 155.5 156.8 158.2 157.5 157.8 159.8 160.4 161.4 162.2 165.2 164.8 162.1 162 165.7 166.9 168.5 171.7 176.2 182 183.4 185.7 190.5 193.7 196.1 198.6 199.9 202.5 208.6
103.4 104.2 102.1 99.4 92.4 90.2 82.4 68.8 55.3 42.6 34.8 18.2 15.6 18.3 18.4 18.7 19.5 19.6 29.5 35.3 37.9 43.8 43.5 48.1 53.9 60.9 68.4 66.2 64.7 64.7 64.9 53.3 60.1 74.3 88.1 97.6 117.3 120.4 121.3 123.5 127.9 134.5 138.3 141.8 144.7 147.3 150 151.9 153.9 155.7 157.1 158.5 158.5 157.2 158.6 159.3 160.1 160.7 162.2 165.5 167.1 164.6 167.3 168.1 169.7 170.8 171.2 181.7 183.5 186.6 189.8 196.8 198.8 201.4 202.8 204.6 209.5 214.6
96.4 93.5 88.5 84.5 81.6 76.4 68.2 49.6 37.5 28.4 18.2 16.9 17.7 18.1 18.4 18.8 20.1 30.1 35.8 36.6 46.7 54.5 58.1 61.4 67.3 76.6 80.7 80.1 80.6 83.8 78.6 67.9 55.3 69.6 82.9 93 103.2 112.1 119.2 128 131.6 136.5 140.2 142.9 145.7 148.9 149.8 152.3 154.5 155.8 156 156 155.7 157.4 161 161.5 161.9 162.5 163.4 166.2 169 168.3 169.3 171.5 174.5 177.9 179 185.5 188.2 192.3 198.4 200.6 204.2 206.8 208.5 211.9 215.1 219.3
85.2 81.9 76.3 73.2 66.2 59.9 46.8 32.2 23.9 16.5 16.8 14.8 17.5 17.7 18.2 24 28.1 33.1 33.7 40.2 54.8 58.8 67.1 77.4 82.9 87.4 89.8 91.1 99.1 96.9 90.3 73.4 64.1 62 63.2 75.6 96.5 108.2 117.8 128 130.1 137 140.3 142.6 145.4 146.8 147 150.1 151.9 153.1 152.6 154.1 156.5 159.6 163.9 164 165.9 167.9 167.5 169.7 173.5 174.5 175.6 179.2 182 183.2 186.1 189.5 195 202.2 206.7 211.9 211 213.9 217.5 221 223.3 227.6
74.1 68.7 62.2 56.3 46.8 34.7 27.6 15.8 15.8 16.5 14.7 17 17.2 17.7 17.9 30.1 27.9 29.7 31.1 39.6 53.7 69.1 86.6 86.2 86.9 98.4 103.6 99.4 100.5 99.8 95.6 89.4 76.1 68.5 71.1 67.2 72.2 93.5 109.9 120.6 127.2 132 134.7 139 142.5 143.3 144 144.3 147.7 148.3 151.9 154.9 157.5 160.3 161.7 164.1 167.2 171.4 175.8 176.2 176.5 180.7 182.7 185.2 187.4 188.8 194 197.8 203.8 215.1 214.6 218.7 222.2 226.1 230 235.8 237.5 238
57.3 52.9 46.2 37.2 30.4 15.5 15.3 15.7 16.3 14.1 16.4 16.7 17.1 17.5 18.3 30.5 38.3 40.9 40.9 44.3 58.7 72.2 78.4 85.5 104.5 107.4 113.5 114.2 107.2 107.4 104.6 102.6 96.6 92.1 91.9 93.5 83.8 75.1 79.7 100.2 122 126.9 131.9 134.5 137.9 141.2 143.2 143.6 143.8 147.9 149.5 154.8 159.8 162.4 164.7 164.8 169.1 175.7 181.1 182.1 183.4 185.6 187.1 191.1 197 203.2 208.4 213.2 226.1 228.3 229.7 231.4 236.3 239.9 245.9 247.8 250 249.6
46.4 38.2 28.8 19.1 14.4 14.6 15 15.6 13.8 16.1 16.3 16.6 17 17.9 25 35 39 40.4 41.7 46.2 56.9 64.7 84.6 100.4 112.6 119.6 121.6 118.2 114.6 114.6 110.5 105.2 107.5 112 113.3 114.8 109.1 101.2 104.6 86.5 103.8 115.6 123.7 129.5 135.9 139.4 141.3 142.6 146.4 150.2 153.2 157.9 160.8 164.6 169.6 170.9 173 177.8 183.8 185 187.6 192.7 196.4 203.3 213.3 218.4 224.8 232.7 242.3 245.8 247.4 247.8 249.8 255.2 256.8 259.2 263.7 265.5
26.4 27.2 15.1 14.6 14.4 14.9 15.3 13.9 15.9 15.9 16.2 16.6 16.9 18.5 27.2 34.9 39.5 43.9 49.1 50.1 60.8 75.5 110.2 110.5 121.4 121 120.3 118.2 114.6 110.8 110.5 110 111.7 116.6 120.1 121.5 120.3 118.6 116.9 115.6 92.8 117.3 125.9 132.7 133.9 139.1 142 145.2 147.4 151.1 155.4 161.3 164.1 167.4 169.5 173 179.7 181.6 184.2 190 194.7 200.4 207.9 216.5 225.5 231.5 237.6 249 255.8 258.9 262.5 265.2 267.5 272.5 275 275.2 278.3 282.8
21.4 17.8 13.3 13.7 14.4 15 14 15.3 15.6 15.7 15.9 16.7 17.1 31.2 30.5 37.1 45 52.9 56.2 61.2 72.4 92 120.9 117.4 123.6 126 125.3 120.5 117 114.6 116.2 118.2 121.5 123.8 124.9 125.4 126.9 126 124.9 121.7 100.1 121.2 131.9 136 137.5 141.7 147.8 150.1 151.6 154.8 160 163.7 165 168.6 169.9 174 180.3 182.4 187.6 198 207.3 216.5 222.3 229.3 234.8 244.1 254.3 262.9 267.6 274.2 276.7 279.5 284.4 287.6 289.8 291.7 291.9 289.6
