app/static/ascii/SH74.asc
ncols 200
nrows 200
xllcorner 270000
yllcorner 340000
cellsize 50
[rows 0 to 34 of 200, columns 78 to 155 of 200]
300.7 326.2 349.2 378.4 408 435.6 468.3 506.3 542.8 564 577 586.7 592.9 594.1 591.4 584.2 567.4 532.8 509.5 487 461.9 445.5 434.8 427.4 421.3 416 412.1 409.9 413.4 413.3 409.1 409.5 409.9 409.4 410 408.5 409.2 409.5 406.3 405.1 403 400.8 397.4 396.3 395.5 395.4 393.7 391.5 389.7 386.9 384 382.8 381.2 374.5 363.8 338 297.5 272.3 249.8 230.9 212.9 199.6 190.1 196.6 201.6 210.9 219.8 227.5 235.2 239 246.5 253 260 263.6 280.5 284.9 292.9 312.2
303.1 331.4 359.7 383.8 411.1 441.8 478.9 517.7 550.4 569 580.2 587.9 589.8 593.1 592.3 573.3 543.8 513.5 492 467.4 448.1 439.1 428.3 420 410.4 405.8 402.9 400.4 399.9 401.2 401 399.6 400.2 399.5 397.6 397.5 396.9 397.8 395.6 392 389.9 388.4 388.3 388.1 387.6 386 384.9 385.3 381.7 378.1 377.1 373.5 366.1 358.1 347.9 315.5 285.5 260.1 238.4 220.4 207.5 195.2 198.3 202.5 213.7 223.9 235.6 244.8 253.9 263.5 271.2 275.7 282.1 289.2 298.5 307.5 329.4 346.1
307.2 338.1 370.9 392.2 416.8 448.1 483.9 523.4 558.6 574 584.7 587.2 589.2 596.4 591.1 566.3 534.7 502 478.5 450.7 440 431.8 420.9 410.3 402 396 394.2 392.9 391.7 393.7 393.9 392.1 391.8 390.8 387.6 386.5 387.3 387.4 387 381 379.1 377.7 377 378.2 376.5 373.6 372.1 373.9 373.3 368.3 364.2 359.4 353.2 342.7 328.6 301.6 275.7 253.1 231 214.5 202.5 195.4 202.4 213.7 224.2 238.4 251.3 262.5 273.6 283.6 289.5 294.3 300.1 308.5 320.7 335 353.9 365.5
309.7 341.5 372.9 395.9 421.9 453.2 488.6 531.6 567.3 579.7 584.8 586.2 587.4 592.4 566.3 543 519.9 490.8 465.8 448.4 436.5 421.6 412.5 404.5 399.8 390.6 387.9 386.8 384.8 385.4 385.6 383 382.4 380.2 376.6 375 372.4 373.8 371.5 368.8 368.1 366 365.6 362.2 362.6 361.6 365.4 365.4 358.2 356.8 351.2 348.9 343.5 329.2 310.1 287.2 263.2 246 221.9 209.2 200.8 201.6 210.7 222.9 238.9 255.3 268.8 281.6 293.7 301.4 306.7 317.1 323.4 335.9 345.5 359.6 376.1 386.5
312.2 342.7 372.3 403 431.8 462.2 498.1 541 573.8 582.8 586.9 587.4 584.6 568.2 548.6 531.5 503.1 478.5 463.4 444.6 432.3 418.7 409.5 400.6 392.8 385.1 382.1 381.1 378.4 377.5 377.3 374.4 372.5 370.5 366 364.1 361.2 361.8 360 355.7 355.7 353.2 350.5 346.8 345.3 345.3 349.1 345.6 342.9 338.2 339.4 336.9 324.7 315.7 296.1 270.7 247.7 230.9 216 207.1 199.3 210.6 222 236 254.2 271.1 286.3 298.9 310.7 323.1 331.7 336.7 343.8 354.5 364.7 380.2 394.3 401.8
314.7 345.2 374.2 407 437.7 469.4 508.4 548.3 570.5 582.2 587.3 592.1 567.4 549.6 530 510.4 490.1 476.1 463.5 445.1 431.4 416.9 407.7 399 389.7 383.6 376.2 376.8 374.4 372.2 369.9 367.9 363.2 362.5 358.3 356.3 353.4 349.2 349.5 341.9 339.5 339.4 338.2 336.4 336.3 335.3 335 327.7 327.7 327.9 326 318 310.7 292.4 274.5 256.2 241 226.8 215.3 207.9 208.3 220.3 234.2 250.1 268.9 285.3 299.7 314.7 330.5 337.2 346.9 354.5 360.5 366.7 376.9 395.3 404.8 410.4
316.7 347.7 372.6 408.8 439.3 472.9 510.8 547.2 566.1 574.9 581.4 577.4 560.7 539.8 522 504.4 483.3 469.7 455.1 443.1 434.4 418.9 408.4 399.4 390.8 385.1 376.4 374.5 369.8 369.8 364.6 356.8 357.5 354.4 351.1 348.6 346.1 340.5 333.8 331.7 329.3 325.6 326.2 325.5 322.3 319.2 317.7 317.1 318.4 315.7 309.8 305.7 297.8 276.9 260.8 247.6 233.9 221.6 214 206.9 215.8 229.3 246.1 262.4 280.9 297.7 312.3 328.8 341.7 353.3 357.8 364.9 370 371.8 386.5 398.1 406.7 412.6
317.6 348.2 374.8 406.8 437.8 469.9 507.3 541 559.7 567.6 570.6 567.8 558 531.4 515.6 501.5 482.9 466.5 454.7 443.5 438 420.8 412.8 401.7 397 390.8 382.9 378.3 377.1 378.4 376.1 367.6 359.1 354.3 346.5 339.7 336.5 328.2 321.2 318.8 319.1 313.6 313 313.9 311 308.7 309.8 307.8 307.3 302.8 297.4 289.4 276.7 266.6 252.9 238.4 227.5 215 209.5 215.6 225.7 241.4 257.4 273.5 289.4 306.2 324.2 338.7 352.3 360.1 365.7 373.5 374 378.1 389.1 399.5 405.9 413.4
318.4 348 378.3 403.6 433.3 464.7 501.5 534.3 549.7 557.3 561.7 565.8 547.2 536.5 510.8 496.1 484.7 470.6 454.9 445.5 438.5 426.5 413.9 403.6 403.1 396.3 388.5 387.7 383.9 384.3 380.5 374.6 370.2 362.1 356 341 333.5 324.5 318.2 311 300.5 306.3 301.6 302.2 302.7 301 298.8 297.7 295.3 290.3 282.2 272.5 266.6 258.7 243.6 232 220.9 217.6 220.4 226.1 235.6 251.6 267.8 282.8 297 315.3 331.1 348 358.1 364.9 371.8 374.1 374.7 382.6 391.2 398.1 404 415.5
317.7 344.7 372.6 399.4 427.1 456.4 492.1 522.5 536.6 547.8 554.3 554.7 543 532.2 511.6 498.5 489.2 473.2 456.3 449 440.4 432.4 418.4 412.2 406.9 402.6 396.9 395.2 391.3 391.1 386.3 381.8 376.5 367.3 358 350.3 343.7 336.7 328.8 316.3 307.9 298.7 292.9 296 296.1 292.7 292.9 289 283.6 277.1 272.5 265.4 258.2 247.7 232.6 226.3 223 225.9 226.6 236.5 247.7 262.9 277.3 289.8 304.7 321 337.3 353.2 360.7 367.4 371.4 371.7 376.2 383.3 394.3 399.5 404.1 414.9
316.6 341.9 365.8 393.3 420.4 446 480 510.1 525.2 537.6 545.4 547.8 545 526.7 513 501.7 486.8 469.5 458.6 452.1 443.4 437.7 427.8 420.4 415.4 407.7 408.2 404.5 399.7 400.6 396.6 389.8 381.7 372.5 362.4 355.5 347.1 338.6 329 318.8 309.4 301.3 296.3 288.9 288.1 287.6 277.5 276.4 273.2 268.2 262.9 256.8 249.4 238.6 229.6 228.3 232 236.1 241.7 249.8 260.7 273.3 284.5 295.7 310.9 326.6 343.7 356.1 362.1 366.3 368.8 371 378.9 385.8 391.1 394.8 403 410.1
315.3 338.6 361.5 387.2 410.2 437.1 469 499.5 515.3 528.9 537.7 542.4 543 536.4 519.4 510.3 490.8 477.4 468.3 460.9 456 445.5 437 429.9 423.7 418 419.2 412.6 412.5 408.3 403.5 397.7 388.7 379 368.1 358.7 348.2 339.2 328.7 320.9 312.3 305 299.6 294.7 285.5 277.5 279.5 270.1 268 262.6 257.2 251.6 244.5 237.4 237.1 235.5 241.9 247.7 254.6 262.7 272.5 282.6 293.1 304.1 316.9 331.1 346.8 357.1 362.4 366 368.4 371.9 378.3 383.2 385.7 387.8 390.6 402.2
313.1 334.4 355.9 379 400 427.8 457.2 488.6 508.3 520.6 530.5 538.6 539.3 539 531.3 517.6 510.7 492.5 478 470 463 454.3 444.9 441.4 434.7 432 427.2 423.8 423.1 420.3 413.7 406.4 397.5 386.9 373.6 359 350 339.8 330.7 324.6 320.5 313.8 304.6 299 292.5 286 281.7 276.3 264.4 259 253 248.3 248.1 247.1 244.4 246.8 252.3 258.9 266.1 273.7 282.9 292.5 300.1 309.7 320.3 333.1 347.7 355.1 363.7 366.2 367.3 376.5 382.4 386 388 388 388.3 396.4
311.6 331.5 350.2 371.8 393 418.5 447 478.9 500.3 516.8 526.5 534.9 537 538.3 537.2 530.3 517.4 512.3 498 482.6 471.6 461.6 454.3 450.3 446.4 443.2 437.8 437.9 435.6 435.7 425.4 414.2 406.1 395.1 382.6 369 357.8 345.7 339.2 336.7 332 325.8 316.4 306.7 298.2 292.8 287.9 283.2 278.2 274.1 268.8 262.5 256.7 252.2 253.3 256.9 262.8 270 277.2 283.7 289.8 297.1 304.3 310.3 318.3 333.3 346.8 356.4 361.4 363.7 370.9 385.1 388.8 390.8 391.7 387.9 387.2 394.7
311.2 329.6 344.9 364.9 387.3 409.3 437.4 468.3 494.7 509.4 520.6 531.7 535.4 536 535.9 535.6 530 523.2 516.4 498.8 481.5 474.1 469.1 467.3 458.3 451.8 448.1 448.9 446.3 448.8 444.9 432 418.7 406.7 393.9 379.1 369 357.9 354.8 349.2 343.3 336.1 328.6 319.1 310.5 305.9 301.6 295.8 290.1 286.9 282 275.1 267.3 267.3 263.8 265.9 274.2 280.5 287.1 292.8 297 303.5 307.7 310.1 315.3 330.4 343.5 352.7 357.7 363.2 373.5 385.6 392 395.1 395.5 386.8 387.4 390.7
304.9 322.2 339.9 360.5 382.5 404.8 434.1 464.1 493.6 509.5 521.1 527.7 532.9 534.7 536.9 539.3 538.3 535.6 523.1 509.1 496.2 495.2 485.2 478.8 469.4 465.2 461.2 461.4 461.5 464.2 461.9 454.1 435.7 417.9 405.2 390.9 381.7 375.7 368.3 360.6 352.5 349.5 339 331.4 323.7 318.4 315.1 310.9 307 302.4 297.6 292 285.1 282.4 278.9 278.3 283.7 289.7 295.4 301.4 304.4 307.7 310.4 312.3 316.3 329.2 338.4 347.2 356.8 369.1 379.3 389.6 395.4 398.4 390.7 377.6 382.8 382.4
309.6 326.1 343.4 362.6 381.9 405 433.8 462.3 490.9 507.8 521.1 527.4 532.6 534.9 537.9 543 544.8 543.5 529.2 521 519.4 513.9 504 495.1 486.2 478.6 475.8 472.5 474 478.5 478.7 464.3 450.2 432 417.8 402.9 391.9 388.1 382.5 375.9 370.1 365.3 355.6 343.8 338.2 332.3 330.5 326.7 324 320.9 317.7 311.3 302.3 295.7 291.7 292.6 296.5 298.1 302.3 304.8 307.7 311 313.2 313.7 317.4 325.8 333.5 346.8 358.3 373.3 381.6 387.1 392.5 391.7 380.7 375.3 374.6 371
314 329.6 346.8 366.5 387.1 407.3 435.2 462.1 489 506.4 518.7 528.6 530.5 533.3 535.4 541.6 543.5 540.9 537.2 531.1 526.7 519.8 513.2 502.2 493.2 491 487.5 483.9 486.5 495.4 489.6 472.3 455.4 444 429.3 413.8 408.6 400.4 395.7 389.8 386.5 381.9 372 365.1 358.6 353.6 349.1 344.8 340.5 336.8 332.2 326 313.9 309.2 304.7 304.7 305.3 305 306.4 308.1 310.5 312.5 314.8 316.2 317.9 322.6 329 341.6 360.9 374.1 382.4 386.9 387.1 384 375.3 373.5 372 365.7
315.7 328.8 345.7 362.8 385.7 408.2 436.4 463.8 489 503.2 512.2 520.9 524 527.5 531.4 536.8 541 540.4 533.6 530.2 526.6 519.3 510.5 506.1 496.8 495.7 495.1 494.3 495.7 501.7 497.8 480 460.2 449 437 424.5 423.7 410 408.6 406.2 403.1 399 389.7 385 380.1 374.9 369.3 363.5 356 349.5 348.6 335.5 318.1 313.7 312 311.1 310.5 310.4 311 311.3 312.9 314 314.9 315.8 316.7 318.5 325.5 341.1 360.1 370.5 381.4 385.7 386.3 380.4 373.1 372.7 367.3 357.6
313.4 330.1 346.2 366.4 389.1 412.6 436.1 460.4 487.2 499.2 510.1 517.8 521.2 522.9 525 530.6 535.8 531.9 525.7 522.1 516.1 512.4 505.3 501.2 498.1 497.9 498.7 499 500.1 503.9 496 479.8 464.7 456.4 447.8 436 434.5 423.9 422.6 421.3 420.1 415.8 408.7 404.4 399.5 391.9 383.7 375.1 367.2 357.3 346.3 335.2 325.5 320.8 316.7 315.5 314.8 313.5 312.5 312.5 312.8 312.5 313.1 312.8 312.8 314.1 321.7 339.8 358.3 366.1 376.7 380.7 379.7 372.5 370.6 367.7 360.6 349.6
321.4 335.8 348.4 362.8 386.1 408.7 431.4 455.4 478.1 494.6 503.7 509.9 513.8 516.2 519.4 523 525 524.5 517.9 513.5 511.1 507.5 503.4 498.9 498 497.9 498.4 499.1 499.6 501.1 491.4 479.9 470 464.5 456.9 446.5 443.1 437.6 434.8 437.1 436.5 433.3 427.7 425.5 416.2 406.8 395.9 384 371.5 361.1 347.5 337.6 330.8 325.9 322.3 320.7 317.2 315.1 313.1 312.1 310.7 310.1 309.1 308.7 309.9 310.5 316.8 334.5 350.8 361.3 368.3 370 364.3 360.8 362.7 354.2 348.2 334.8
329.8 345 358.1 372.6 390.9 401.8 413.4 436.4 473.6 491.6 499.4 507.3 509.4 513.7 515.4 517.9 518.8 516.5 511.1 505.9 502.4 502.5 498.7 497.6 498 498.8 499 497.6 495.3 495 488.9 481.5 471.8 466.8 463.1 453.7 448.6 445.9 445.9 448.4 450.3 447.2 442.1 435.3 425.2 415.5 401.9 386.7 370.8 359.6 348.6 340.8 334.3 328.9 324.6 320.8 317.7 313.4 311.4 308.9 307.5 306.6 305.5 304.8 302.1 302.5 315.6 329.3 342.3 349.7 353.8 358 354.8 357.3 353.4 344.1 332.1 319.6
337.7 354.8 368.6 384.3 396.2 416.3 432 446.6 466.9 491.2 499.3 506.5 508.6 511.5 512.2 512.5 512.1 507.5 504.5 500 495.7 495.6 496 494.2 495.1 494.2 493.2 492.1 488.6 484.3 482.5 475.4 471 466.2 462.1 457.2 454.5 452.3 454.2 457.6 459.6 455.6 449 440.3 430.2 415.6 400.4 385.2 369.6 356.8 350.3 341.9 336.1 331.7 324.8 320.8 315 310.7 307.3 305 303 301.1 297.9 295.3 293.7 300.6 312.4 323.7 331.5 334.7 337.2 336.6 341.6 349.4 347.3 332.9 321.4 310.6
345 362.5 377.7 389 414.5 433.7 447.2 463.2 477.7 491.5 500.9 506 507.7 507.2 507.1 507.3 504.8 500.9 496.9 493.1 489.8 488.6 487 488.1 490.1 490.2 488.8 486.5 483.1 479 477.8 474.4 469.8 466.6 464.4 458.4 457.3 456.1 457.5 461.3 463.8 461.9 454.6 443.3 429.8 413.2 398.8 384.9 368.4 358.2 348.6 340.8 333.7 328.6 323.4 317.6 310 304.6 300.5 297.4 293.5 287.2 284.9 281.4 284.7 295.2 304.9 312.1 316.5 319 321 320.8 329.9 336.9 334 323.6 312 286
353.4 372.3 388.6 408.6 431.2 449.4 461.5 473.3 484.2 492.1 498.8 505.4 506 503.7 499.9 496.9 495.6 492.9 489.7 485.5 482.9 478.7 477.9 479.2 481 480 478.5 475.1 470.7 468.4 468.9 466.4 463.1 461.4 460.4 458.9 459.3 459 459.6 462.9 467.5 464.3 456.4 441.9 424.7 409 393.5 378.9 365.1 353.4 345.7 336.8 328.7 323 318.6 311.2 303 297.7 293.1 288.2 283.8 275.6 270.7 265.7 269.4 286.6 296.9 296.4 299.4 302.5 303.1 309.1 319.5 320.8 316.8 303 288.8 261.5
362.6 381.4 403.3 425.7 444.6 459.8 472.2 482.1 487.9 494.4 496.4 498.7 498.2 497.1 494 491.6 488.4 485.8 482.6 478.7 475.8 471.1 471.3 471.7 473.2 470.4 468 466.5 464.4 461.4 459.9 459.8 458.7 457.8 458.2 458.2 458.3 459.9 462.1 466.9 470.6 463.2 454.3 437.7 416.2 400.6 387.1 372.9 359.3 347.9 339.1 330.2 322.3 316.2 309.4 302.4 294.9 288.8 283.9 278.7 272.7 266.4 261.7 257.1 257.9 263 275.3 279.8 281.7 284.7 291.3 297.7 304.4 303.3 296.7 288 274.4 243.3
371.2 391.8 419.1 442.1 460.1 475.1 486.1 490 490.8 492.5 492.6 493.2 494.4 492 490.2 488.5 482.6 481.1 479 473.6 470.3 467.2 464.9 465.9 464.3 463.3 462.7 461.3 459.8 457.8 457 456.1 455 455.7 456.1 456.6 457.8 459 463 467.9 465.4 457.1 445.4 427.3 404.8 390.4 376.8 363.7 353.3 341.5 330.2 320.2 315.5 308.1 299.6 292.2 284.5 277.8 271.5 267.2 260.7 255.7 251.3 248.9 248 247.4 250.5 256.2 262.7 268.6 276.3 283.4 286.3 290.9 287.1 272.7 254.8 215.3
379.8 404.3 431.1 457.2 473.9 487.5 490.2 491.8 491.3 490.7 489.4 488.7 488.6 487.6 483.6 479.9 478.2 475.1 473.7 471.2 468.1 465.8 461 461.9 460.8 459.5 457.4 456.2 455 453.9 454.6 453.3 452.2 452.2 453 454.7 454.8 458 462.5 460.2 453.9 442.8 426.6 407 390.8 378.1 365.2 353.4 342.6 333.4 322.7 315.5 305.4 297 287.2 279.9 271.4 263.8 259.4 254.4 249.8 247 243.9 241.7 240.3 240.2 240.1 241.8 244.6 248.9 253.3 265.2 272.1 270 258.3 246.8 216.6 192.3
392.6 419.3 445.3 467.6 484.8 496.6 495.7 493.5 491.2 489.9 488.2 486.4 485.6 483.6 480.2 477.6 473.9 472.2 471.9 467.7 464.3 463.2 459.9 458.5 458.2 455.7 454.4 452.6 451.3 450.7 451.7 449.5 448.6 448.5 448.5 448.8 450.3 456.3 460.5 455.1 446.6 431.6 413.5 395.2 378.8 365 352.9 341 331.8 323.8 312.4 302.2 291.8 281.3 271.4 264.5 256.5 253.3 247.5 243 241.1 239.4 237.3 234 232 233.5 233 233.7 235.1 238.2 240.3 246.2 243.7 240.2 224.7 211.9 191.9 176.2
403.2 434.6 461.1 481.6 492.7 497 495.9 494.1 491.2 490 490.3 488.3 483.5 480.4 477.4 474 472.8 470 466.7 463.7 461.2 460.3 455.8 454.4 453.3 452.2 450 449.4 448.7 446.8 445.7 444.2 444.5 442.6 440.9 442.7 446.7 453.2 451.8 444.4 436.9 416 399 380.8 365.3 353 340.8 329.1 319.4 309 295.4 283.8 275.1 264.7 255.4 248.9 243.9 240.2 236 234.5 232.7 232.4 230.9 227.7 225.5 225 224 225.3 227.1 227.8 228 224.6 222.6 213.8 203 191.1 178.9 169.3
414 447.9 476.4 490.1 494 492.7 492.9 492.9 491.1 489.7 487.7 484.8 480.4 476.6 472.4 471.9 471 468.2 465 462.4 459.4 455.7 451.5 447.7 449.9 449.7 447.8 446.6 445.9 444.4 441.6 440.2 438.8 437.2 436.9 439.3 440.6 442.5 442 431.2 416.4 397.9 382.1 366.3 353.6 339.6 323.9 309.8 298.3 288.2 275.7 265 255.7 245.3 239 234 231.6 229.1 227.4 226.6 225.2 224.8 223.6 220.4 218.9 216.2 216.1 216.9 216 214.7 211.8 206.3 201.2 193.9 187.9 180.6 173.1 166
426.7 462.9 484.2 491.9 492.2 491.3 491.7 491.5 490 488.8 488.3 485.2 480.4 474.8 470.8 467 466.2 463.6 461.7 459.8 457.6 455.1 451.9 446 444.4 445.9 445.4 444.5 443.2 439.4 436.3 435.8 434.8 431.2 433 433.9 433.4 430.6 426 415.3 399.7 384.8 368.2 350.5 336 318 300.6 287.3 275.3 265.7 255.9 246 237.3 231.6 228 224.2 222.2 220.6 219.6 219 216.5 216.5 215.9 212.8 211.9 209.4 208.9 207.6 204 201.6 197.4 194.3 189.6 184 177.6 171.9 165.7 158
441.8 474.8 485.6 489.1 490.1 489.9 491.3 490.2 489.8 488.6 486.3 482.6 478.7 474.6 470.7 467.3 463.8 460.6 459.2 457.1 454.5 452.5 450.2 446.8 442 440.4 441.9 440.8 439.6 437.1 431 430.6 428.8 426.6 430.3 430.3 428.8 418 414.5 408.2 392.6 371.2 352.1 331.4 311.9 295.1 279.6 265.6 255.2 244 234.8 229.4 222.6 219.4 217.5 213.5 211.6 209.4 209.9 207.8 207.4 207.1 207.5 206.6 204.1 202.5 200.7 197.5 192.5 188.8 186 183.2 176.8 172.8 167.4 161.7 158.7 159.5
458.3 485.7 487.6 487.1 486 489.2 490 486.4 486.4 486 485 482.5 479.7 475.8 472.3 468.8 466 463.4 460.7 458.8 457.2 455.1 449.4 444.5 441.2 440.6 434.5 431.7 433.3 431.4 423.2 426.3 423.5 422.6 423.2 426.9 420.1 409.4 404.4 389.2 368.4 346.6 324.5 306.4 288.2 271.9 258.6 246.2 237.5 226.9 219.6 214.6 209.7 207.5 203.9 201.6 200.2 200.1 199.1 197.9 199.4 196.7 197.7 197.2 195.9 191 189.8 186.8 182.9 180.8 176.7 173.5 167.3 159.1 158.6 157.6 157.7 158.4
473.9 486.8 487.9 485.4 481.2 481.2 482.8 484.2 484.3 482.9 482.4 481 480.7 478.2 473.3 470.2 469.5 464.6 460 460.6 455.5 451.6 449 447.1 445.2 443.2 439.7 434.3 419.6 404.8 405 415.6 411.4 416.7 413.1 413.9 401.3 392.5 373.1 355.2 339.7 318.7 298.1 282 264 251 241 229.2 220.6 212.3 204.5 201.8 198.8 195.8 194.2 192 192.8 188.4 190.2 190.5 190 188.2 188.5 188.4 187.4 182.5 181.7 181.4 176.5 173 168.2 162.3 159.3 159.6 159.2 160 159.2 163.5
