app/static/ascii/SH75.asc
ncols 200
nrows 200
xllcorner 270000
yllcorner 350000
cellsize 50
[rows 140 to 174 of 200, columns 0 to 78 of 200]
367.9 368.2 370.4 371.4 373.1 374.3 374.9 375 373.8 371.2 365.1 360.7 358.9 346.6 333.1 321.8 308.6 295.1 291.6 286.6 282 273.6 270.7 272.1 272.2 273.5 274.4 274.3 274.2 272.9 272.7 269.8 267.3 265.1 261.1 259.9 258.5 257.3 255 251.7 251.5 251.6 253.5 255 256.2 258.2 259.9 259.6 259.3 259 258.1 254.9 252.4 246.7 242 239.4 235.9 230.9 228 222.3 222.1 215.4 210.9 208 199 211.7 217.1 223.1 225.5 216.5 213.7 214.2 218.4 221.5 220.4 219.8 213.6 205.6 210
360.9 362.7 362.4 363.6 365.9 367.4 365.8 368.6 367.2 365.3 357.1 345.9 340.1 336.7 326.3 317.4 309.9 292.1 278.2 277.5 271 267.1 267.6 266.8 266.6 269.1 269.6 267.2 266.6 265.8 265.2 265 264.7 263.3 260.2 254.9 253.6 251.3 249.6 248.1 246.7 247.4 250.2 252 254.1 256.7 254.5 253.9 252.1 250 247.2 244.7 242.3 238.3 235.3 233.1 226.3 223.8 220.9 218.1 215.7 212.8 210 196.4 204.9 211.3 215 215.3 212.8 213.1 213.6 216.3 218.3 214.7 215.6 215.7 214.1 206.5 202.6
355.6 356.9 356.4 357.4 357.8 355.9 353.8 353 354.8 348.4 342 335.7 332 324.3 318.3 300.7 292.1 289.9 271.2 267.7 265.8 262.7 262.9 262.6 261.3 262.3 262.4 262.4 261.6 261.5 263.6 264.9 263.9 255.5 251.3 250.1 246.7 245 243.9 244 240.9 244.9 247.5 249.3 251.6 249.3 248.7 248.1 243.1 240.8 238.9 238.1 235 228.1 225.1 222 220.3 219.1 218.1 220.6 220.1 221.4 206.1 196.8 204.6 207.5 209.6 213.3 221.6 220.3 220.8 215.2 210.1 210.4 215.2 215.1 225.5 196.8 204.4
339.3 347.1 345.2 346.5 346.3 347.8 344.5 344.4 341.2 338 333 323 316.2 303.2 295.8 282.8 274.9 271.2 266.9 265 262 260.2 258.7 258 255.4 257.3 256.3 255.9 256.6 258.4 258.2 257.5 250.9 248.2 246 243.5 240.1 240.6 239.8 239.8 238 241.1 241.9 243 243.1 242.5 240.1 238.8 237 232.7 232.2 228.3 223.3 223.8 220.6 218.1 223.7 221.7 213.9 211.6 211 205.7 191.2 200.6 201.3 204.2 208.3 213.8 222.4 224.5 215 210.7 208.9 210.9 215 217.1 210.8 193.4 207
332 329.5 328 326.8 326.9 326.2 328.8 326.2 324.5 319.2 318.5 309.7 301.6 297.7 288.7 276.2 271.3 268.1 263.3 258 257.3 256 255 254.1 253.2 251.9 251.2 249.7 253.4 252.6 250.9 246.3 244.2 242.5 240.1 237.6 236 235.4 234 231.8 233.9 237.2 237.9 237.1 236.6 236.1 231.9 230.1 224.4 224.4 224.4 220.6 217.7 218.1 218.9 211.2 209.2 208.5 207.3 204.3 204.3 195 189.6 197.5 201.8 203.1 204.1 207.4 212.1 209.3 205.6 207.3 208.8 201.8 200.5 203.6 192.4 190.2 192.5
325.8 323.2 315.8 313.3 317.5 310.4 308.9 309.5 310.3 308.5 305.2 301 294.4 287.8 277.3 271.2 268.5 265.1 259.3 256.3 254 252.8 252.2 249.2 247.2 245 246.4 246.7 246.5 244.6 242.8 240 238.1 235.6 234.5 232.9 232 230.8 230 229.6 230.4 232.3 232.5 232.3 226.5 224.5 223.8 221.9 218.6 216.7 216.3 217 212.5 213.8 210.6 209.3 206.9 204.3 201.3 196.6 192.3 181.6 192.8 195.1 200.7 196.9 201 204.7 204.4 200.2 192.2 191.9 192.8 194.4 193.5 190 181.3 178 180.6
310.6 306.8 300.9 299.4 291.6 289.6 287.1 291.1 293.1 295.1 295.3 291.9 286 285.5 276.6 269.2 263.8 260.4 257.4 254.2 250 248.6 247.8 245.7 244.3 243.2 243.1 242.4 241.3 239.1 238 235.8 234 232.6 231.5 230.7 229.6 228.5 227.4 226.8 229.2 228.4 226.8 223.1 221.6 221.8 221 215.5 213.4 212.9 212.4 209.1 206.9 211.1 209.8 209.8 213.2 214.4 203.1 195.9 188.6 181.5 189.6 191.6 191.8 193.3 197.4 198.7 199.7 191.9 186 185.8 184.9 185.7 188.7 188.4 179.6 170.3 173.9
298.8 291 283.6 279.4 276.1 277.7 280.8 282.4 283.9 283.3 282.3 281 278.8 272 267.3 264.5 262.2 258.4 255.3 252.4 250.3 248.2 244.7 243.7 242.7 241.2 241 240.2 238.2 236.8 235.3 233.6 232.1 230.7 229.8 229.6 227.9 226.8 224.1 221.6 218.2 220.5 217.9 221 217.5 215.1 211.2 209.8 206.4 203.3 204.1 199.1 198.6 202.4 203.1 206.8 208.4 204.2 199.8 194.8 186.1 179.2 188.4 192.3 187.9 185.5 188.2 186.8 181 178.8 175 177.8 180.2 178.9 179.3 182.5 164 163.1 166.8
272.9 271.1 272.2 266.1 268.9 271.2 273.8 275.4 276.8 277.1 276.8 275.5 273.7 271.6 267.5 260.2 256.5 254.8 252.6 253.1 247 244.9 242.4 242 241.1 239.8 238 237.8 236.9 235.5 234.7 233.3 231.8 230.9 229.3 227.4 226.9 228.5 230.2 228.9 220.9 213.3 215.8 218.8 220.4 216.2 206.3 207.4 203.2 201.1 191.6 188.4 189.6 192.8 195.8 197.7 200.1 201.3 200.9 189.7 183 177.5 183.8 185.2 182 179.1 174 170.5 167.2 167.8 168.4 167.3 166.6 165.7 167 160.6 155.5 155.7 158.1
272.3 258.8 258.2 262.1 264.4 266 268.2 269.3 270.5 272.4 273.7 273.4 274 269.3 260.6 255.7 254.3 252.4 249.3 246.9 244.4 243 240.7 240.4 239.5 238.9 237.4 236.5 235.6 234.6 233.9 232.9 233.5 234.5 227.7 226.5 226.2 226.4 225.3 221.1 216.2 216 208.1 212.5 202.9 198.9 200 193.4 191.5 192.2 180.9 180.1 183.1 187.1 188.2 187.3 188.1 187.6 184.3 180.2 165.2 172.3 180.8 176 174.9 172.6 171.3 171.6 157.2 160.8 162 158 156.5 154.2 148.9 144.6 141 143.2 144.8
259.8 253.3 253.4 256.3 257.7 260 262.2 263.4 263.4 264.3 266.1 263.4 262.8 257.4 256.2 255.3 254.5 252.4 252.3 249 246.1 242.3 239.9 239.3 238.3 237.8 236.4 235.2 234 233.4 232.5 231.7 229.4 228.4 227.7 227.8 227.7 232.7 235 227 223.4 209.1 202.4 198.7 198.1 192 184.8 177 173.4 172.2 172.2 172.6 176.5 177.7 179.6 178.6 177.3 175.6 174.1 171.8 164.4 177.6 179.8 177.4 175.5 174.9 169.2 158.5 151.3 148.9 146.1 145.3 143.1 141.3 138.7 135.9 134.4 135.1 134.1
252.6 245.3 246.2 247.9 250.3 252.4 252.5 255.5 258.3 263.5 274.1 266.3 265.5 264.2 268.4 268.2 270.8 262.3 259.6 253.2 246.4 242.3 238.5 236.9 236.8 236.7 236.2 235 232.8 232.1 232.2 229.7 229.3 231 241.8 246.2 237.1 233.7 231.8 226.6 216.1 209.7 203.9 204.8 202.4 196.3 183.3 169.9 166.5 168.1 167.8 165.8 167.7 168.1 166.3 165.5 165.3 165 164.2 164 162.2 174.1 175.1 178.3 166.2 158.4 151.9 147.4 142.8 140 139.2 138.3 136.7 136.2 134.5 134.2 136.4 136.2 135.7
244.4 239.7 241.3 242.6 244.4 245.7 247.1 251.1 253.6 256.7 262.6 263.1 262.7 267.7 271.7 278.9 275.2 272.7 265 259.7 250.7 240.6 237 235.3 235.5 236.2 237.1 237.8 232.5 231 231.5 241.6 249.5 259.2 253.3 250.4 246.8 256.2 255.8 243.3 216 204.1 203.7 211.1 209.8 191.6 177.9 170.3 160.9 160.1 162.1 163.4 162.5 162 161.6 160.2 160.7 160.8 160 154.9 164 165.5 166 160.6 156 151.9 148.7 145.5 143.6 139.3 138.1 137 136.6 136.5 135.1 136.6 136.3 136.3 135.9
238.5 235.9 235.3 236.2 237.9 239.8 245.1 249.6 251.2 255.8 261.4 268.9 264.7 262.7 266.6 272.2 268.1 266.8 272.4 265.7 256.8 244.6 237.7 234.3 234 235.4 235.4 233.6 234 236.5 247.6 252.8 262.4 268.7 273.1 264.7 262.8 268.6 257.7 241.5 216.2 203.1 205.1 216.2 189 177.5 172.2 166.3 160.3 156.6 155.6 157.9 155.9 154.7 153.7 154.3 156.7 156.9 153.8 159.4 158.2 161.7 163.5 163.7 166.1 165.7 166.2 150 141.4 138.4 137.5 137.7 136.8 136.8 134.6 136.7 137.2 137.1 136.3
235.8 235.4 234.3 232.8 234.2 238 243 253 252.5 258.7 260.3 254.6 254.2 258.5 259.4 262 261.2 261.4 259.4 259.5 251.8 243 241.2 236.5 233.2 233 233.4 237.4 238.3 244 256.3 262.6 277.3 278.8 271.1 270.1 265.9 255.1 238.6 226.5 209.5 199.8 187.7 181.5 173.8 169.4 165.8 163.4 156.6 154.7 154 153.2 152.5 151.6 151 150.3 153.8 151.8 152.6 156.1 160.9 171.9 177.4 180.7 168.7 167.9 166.2 153.4 141.4 138 138 137.5 138 136.7 135.5 137.8 137.1 136.6 137
233.7 233.8 233.8 233.4 232.1 234.9 239.5 245.4 252.1 252.4 254.8 248.2 249.5 252.6 254.2 255.8 256.7 256.8 256.8 256.2 267.6 264.9 250.3 249.7 234.8 232.9 232.6 241.9 265.3 267.9 268.9 270 274.1 270.4 264.8 260.3 254.9 243.5 229.3 222.8 220 195.5 177.5 171.6 168.2 165.9 163 159.7 155.8 154.8 153.1 152 151.4 150.9 148.7 149 150 151 150 149.2 156.4 165.6 173.5 171.1 167.2 166.1 166.5 156 142.5 138.8 138.2 137.6 138.2 138.2 139.3 138.5 137.8 137.1 137.3
231.8 232.2 233.6 233.9 231.5 228.6 229.2 231.4 237.7 243.4 241.4 242.8 244 246.3 249 252.8 254.8 256.8 259.5 271 256.6 256.2 249.4 239 234.9 229.5 238.2 246.8 253.6 257.2 258.1 258.7 259.4 258.4 255.7 247.9 245.4 239.2 237.2 239.8 216.7 193 177.1 171.7 171.9 165.2 161.8 162.3 160.9 168.3 155 152.2 150.7 149.8 149.7 149.8 148.2 148.4 154.3 150.3 149.5 144.6 145.6 145.1 149.1 151 154.8 149.6 139.8 138.6 138.4 138.5 137.9 135 140.6 139.7 140.2 139.5 139
230.8 231.8 233.3 232.1 230.5 225.7 222.8 224.4 228.4 231.5 234.8 239.7 237.3 240.4 244.7 252.5 261.3 272.5 257.9 253.6 250.7 254.8 241.2 236.2 229.8 231.9 238.3 241.5 244.2 248.3 248.9 246.7 247.2 251.9 244.8 242 237.4 234.5 229.8 219.3 207.2 197.6 176 178.3 169.8 164.8 156.4 155.3 155 154.1 151.3 150.6 149.1 149.8 150.8 150.8 152.7 155.9 158 161.8 167.2 164.2 156.1 147 147.7 139.4 137.6 140.5 139.1 138.4 135.8 136.7 137.6 138.9 139.9 143 155.5 150 152.2
232.1 232 233 229.2 218.6 215.9 215.2 219.1 222.2 224.3 225.7 229.2 233.2 240.9 246.1 243.5 251.7 247.7 242.1 237.3 233.6 230.8 231.2 231.9 221.4 228.9 233.7 235.6 239.8 242.3 240.5 239.8 241.2 247.8 238.1 237.4 227.8 224.3 219.4 214.1 210.6 210.4 210.1 181.9 168.5 158.7 152.7 151.9 150.3 150.2 149.3 149.4 150.4 152.7 159.7 163 156.6 158.2 166.1 173 186.8 177.9 189.9 167.7 154.3 145.3 140.5 137.1 136.5 140.2 139.7 140 140.9 139.3 143 142.3 149.1 154 159.8
228.2 227.6 227.7 224.1 216.9 211.1 210.3 212.1 210.5 211.1 216.5 220.1 221.7 226.5 240.6 230.4 227.9 226 226.9 232.1 224.1 220.2 219.2 218.8 215.2 224.4 228.1 229.1 229.7 232 234.7 238.7 239.4 237.7 229.4 226.4 221.7 217.6 215.7 214.6 212.2 207.2 205.8 186.8 164 153.5 151.5 149.6 150.2 151 150.9 151.9 154.3 161.3 172.8 170 166.4 169.2 173.9 182.6 190.4 180.3 169.8 160.1 151 147.6 145 142.4 142.4 142 146.1 141.3 142.5 139.6 145.7 148.7 153.2 158.3 166.7
231 224.5 219.2 215.8 214.3 221 210.1 206.1 198.8 198.8 207 210.3 210.8 211.5 214.5 217 219.3 217.3 216.2 215.6 211.1 210.7 212.2 210.1 214.2 214.5 220.8 219.2 221.1 225.9 229.4 227.5 227.7 224.8 221.9 220 215.7 215.3 214.1 205.6 201 197.9 196.6 177 155.9 150.3 150.2 150.9 151.4 151.5 158 156 160.7 165.6 174.2 182 182 173.6 174.1 177.4 174.8 171.4 166.4 159.5 157.7 154.5 151.5 147.8 146.3 147.9 146.1 145.1 144.4 141.5 147.7 151.2 157.5 163.9 171.8
243.6 241.1 236.7 240.6 225.3 214 212.6 200.2 196 194.5 200.3 200.7 201.6 200.1 202.2 204.3 206.8 208.2 206.6 204.8 203.7 203.7 203.4 201.9 206.5 210.6 217.4 212.4 215.3 219.3 218.4 218.7 219.9 218.3 216.2 215 214 215.1 213.5 210.2 197.3 190.5 185.4 164.4 152.4 152.6 152.9 153 156.3 163.5 187.3 176.3 170.1 172.8 174.7 179.1 177.8 175.8 177 177.6 179.9 180.8 170.7 164.6 167.2 169.7 162.9 154 152.3 154.4 157.5 154.2 147.7 144.9 149.9 155.4 163.5 170.2 179
239.2 235.3 222.7 217.6 205.7 199.8 193.8 190.4 189.5 187.8 188.9 188.3 190.6 193 190.9 192.5 193.4 195.1 199.8 200.6 200.5 200.1 199.1 191.9 196.1 200.8 206 208.9 209.7 211 212.3 213 214.1 215.7 212.4 211 210.1 211.9 216.6 209.5 193.8 193.3 191.9 162.6 152.4 153.7 155.3 160.6 164.2 176.1 177.7 177 177.4 181 178 181.2 188.7 180.1 181.7 188.3 194.9 193.2 179.7 178.5 185.5 187.9 172.4 160.7 159.8 164.2 161.9 162.4 154 147.4 150.6 158.9 172.1 178.6 187.3
233.4 221.3 208.2 200.3 195.7 190.3 186.3 185.8 186 184.4 185.5 184.6 181.5 180.8 180.8 180.5 179.3 180.7 182.9 186.2 187.8 193.8 191.7 185.2 190.7 195.5 199.9 203.9 205 208.3 211.5 213.1 215.1 210.4 207.2 206 205.1 207.9 211.5 210.3 201 185.8 171.9 157.4 153.3 161.9 177.2 166.8 172.3 182.3 182.4 186.3 195.9 184.2 184 183.7 184.8 189.3 188.8 198 195.2 187 187.2 190.4 191.9 193.6 201 190.6 173.4 170.9 170.7 166.3 163.4 158.3 154 163.6 175 186.5 196.5
207.2 208.9 199.4 183.9 182.6 183.2 183.5 183.8 184.4 183.5 180.2 178.9 177.8 177 176.6 175.9 175.2 174.8 173.9 173.7 174.5 176.7 178.2 180.7 185.4 190.6 193.1 196.4 203.8 212.1 207.5 208.4 208.5 207.5 205.6 203.2 200.2 202 208.5 209.8 201.9 182.7 161.6 157.5 153.1 163.9 178.2 178.9 181 190 192 193.3 193 197.1 200.4 200.5 196.5 195.7 198.2 204.7 196.9 194.7 199.8 210.5 214.9 215.9 228.3 229.9 199.6 179.2 175.3 176.1 169.4 164.9 162.5 169.1 181 193.5 205.9
197.5 190.7 180.8 179.6 179.7 180.3 180.7 181 181.6 180.3 178.7 177.1 176.8 175.9 175.2 174.9 174.2 174.1 174.1 174.6 173.5 175 176.1 178.7 184.1 182.4 186.8 190.7 195.1 197 197.9 198 199.8 201.7 204 205.6 202.3 195.9 197.3 199.1 196.2 181.1 159.8 157.2 158.4 167.4 177 181.1 195 195.2 203.2 211 204.1 204 203.4 198.9 196.6 197 202.9 210.3 216.4 216.4 214.2 218.6 227.2 234.6 248.9 254.8 253.4 215.5 199.6 191.9 183.4 171.1 168.6 173.6 186.6 199 210.7
185.1 180.1 177.9 177.9 178.5 179.4 180 180.8 179.5 178.8 177.2 176.2 175.9 175.4 175.1 174.8 173.6 175.1 174.9 175 174.3 174.5 174.9 175.4 176.5 177.5 179.2 183.2 187.7 189.1 190.1 192.4 193 197.7 204.3 203.1 196.7 186 187.7 190.4 186.3 168 158.5 160.2 165.1 175.6 183.7 196.3 204.5 209.3 221.3 211.5 207.7 208.7 205.9 209.8 203.7 206.4 221.4 222.2 224.5 229 235 240.9 248.5 259.1 266.6 269.9 269.1 236.8 218.7 203.9 184.9 170.9 175.3 179.3 190.7 203.9 215.3
178.8 177.1 176.2 175.7 176.3 180 180.8 179.8 177.7 177.3 176.3 175.2 174.3 174.1 175.3 175 175.1 175.5 175.7 175.4 173.4 173.4 174.6 174.5 175.2 176.4 177 176.6 181.9 182.6 183.3 182.8 184.7 191.8 198.7 197.7 185.2 181.3 174.6 175.1 176.4 157.6 160.3 167.1 179.6 191.5 197.5 215.4 214.4 215.8 217.8 224 221.4 222.2 220.3 218.2 222.7 225.1 233.3 237.5 242.5 246.6 251.1 257.6 265.5 273.1 279.1 281.6 278.3 264.6 237.4 237.7 193.8 179 174.4 183 194.5 209.5 220.6
176.8 176.7 176.3 176.1 175.4 178.4 182.9 177.6 176.2 175.5 174.4 174.3 174.4 176.1 176.8 176.5 177.2 177.3 176.7 176.7 175.8 175.3 174.1 172.5 173.7 175.7 175.3 174.7 175.8 176.7 177.5 178.4 181.7 190.7 201.3 186.8 181.9 173.2 169 166.4 165.3 167 167.1 174.5 188.9 198.5 205.4 225.5 227.1 230.3 230.4 232.5 238.5 237.3 228.1 229.7 239.6 233.4 240.4 245.9 251.9 256.4 261.4 269.2 274.7 280.3 286.9 289.5 288.4 284.7 254.1 230.5 212.7 190.1 182.2 181.4 195.4 211 222.5
177.5 177.7 177.2 176.6 175.9 175.6 176.3 176.2 175.6 174.2 175.9 176.8 176.7 178.1 179.1 179.2 178.9 179.2 178.7 178.3 177.2 176.8 185.5 174.3 173.5 174.9 172.6 173 174.5 175.1 175.5 178.4 178.8 188.9 198.4 178 169.7 167.2 168.2 171.7 173.3 170.9 175.3 185 198.1 207.3 218.4 232.5 233.8 241.8 246.1 245 243.9 236.6 238.3 237.1 245 246.8 249.1 252.4 259.1 266.1 270.6 276.1 281.4 287.3 292.1 294.5 294.9 288.9 265.2 239.3 209.6 195.5 190.2 187.6 197.5 212.5 223.4
180.5 188 183.3 176.5 175.7 175.2 175.5 175.8 174.6 176.8 188.7 187.3 180.7 184.4 184.5 185.4 184 184.8 184.4 185.9 191.8 203 201.9 189.9 173.7 173.9 174.2 173.8 173 173.6 182.9 178.7 178.4 178.2 170.7 174.4 173.9 172.2 172.2 176.4 175.8 174.9 181.6 193.1 204.8 212.3 225.8 236 238.2 245.7 251.9 241.6 242.4 236.5 239.5 247 251.8 254.9 258.5 263.1 270.9 275.7 279.1 285.6 288.6 294.5 297.4 299 299.3 289.9 288.9 248.5 222.7 206 193.3 192.6 199.1 215.8 222.6
180.2 180.1 177.4 176 175.6 175.1 175.1 174.6 174.4 178.5 185.8 188.1 187.3 191.5 196.2 198 195.7 191.4 189.3 195.9 212.9 233.6 238 195.4 178.2 175.7 173 173.7 173.4 173.7 172.6 172.5 172.3 177.4 182.2 186.2 174.8 172.5 173.2 172.8 177 184.2 195.4 204.5 210.7 219.5 234.5 239.7 242.2 246 244.6 249.5 241.7 242.1 249.3 255.3 259.3 263.1 267.4 272 281.3 283.5 288.2 294.6 298.1 302.2 303.7 302.9 303.8 300.8 289.7 270.5 233.6 216.6 199.8 194.4 204.2 220.3 227.4
183.8 180 176.5 175.2 175.5 175.7 176.1 176.3 176.1 178.9 186.3 191.7 196.1 204.2 211.9 220 199.1 193.3 201.4 222.8 246 261.5 248 218 193.1 179.9 175.6 175.4 174.6 175 174.9 175.6 174.6 180.7 195 197.5 187.3 184.6 180.3 181.5 194.8 202.8 207.5 221.5 221.4 236.3 247.1 242.7 246.9 246.8 246.4 244.7 247.1 253 259.2 263.5 267.9 272.5 277 282.3 284.8 289.8 294.8 300.6 305.9 309.3 311.4 309.5 308.6 306.5 298.8 288.2 246.1 222 206.8 197.2 208.8 228.3 238
176.8 177.3 181.2 177.1 176.8 176.7 177.5 178.1 178.8 187.1 195.1 204.2 215.2 222.1 214.9 210.9 202.4 209.5 220.6 252.5 263.8 260 245.9 216.7 195.6 185.4 177.3 176.3 175.9 175.7 176.5 175.4 174.7 181.2 197.1 206.5 194.7 191.3 182 192.9 210.4 218.3 216.2 224.4 229 242.3 245.8 251.5 250.3 258.2 254.3 254 258.6 263.8 268.1 275.4 279.6 282.8 287.3 289.7 290.9 295.2 304.2 308.4 312.6 315.2 316.1 314.1 313.5 315.2 308.4 295.8 259.8 229.6 209.1 199.2 212.5 233.5 247.5
189.2 185 177.6 176.9 176.9 178.2 179.2 184.9 188 193.3 210.4 226.6 235.2 218.7 214.9 216.2 213.2 223.4 242.9 259.3 252.5 253.5 230.7 207 197.5 185.8 180.9 181.2 178.4 178.2 178.7 178.1 177.7 177.8 191.6 203.9 199 195.5 190.3 200.3 212.5 220.1 221.7 228.1 236 247.5 248.6 251.4 256.8 261.4 268.3 266.4 272.7 273.4 279.8 285 289.5 292.8 297.9 301.3 302 306.3 310.7 313.3 316.1 319.9 321.2 319.9 319.9 317.5 313.7 303.5 257.8 236.6 219.6 202.4 216.5 236.4 250.8
