app/static/ascii/SH76.asc
ncols 200
nrows 200
xllcorner 270000
yllcorner 360000
cellsize 50
[rows 0 to 35 of 200, columns 81 to 161 of 200]
321.8 316.2 311.4 306.6 299.4 289.9 282.4 277.3 271.4 266.8 266.6 262.9 256.2 250.2 247.2 244 241.8 238 233.5 227.8 220.2 211.4 202.9 185.9 176.5 165.4 156.8 151.3 144.3 136.4 130.8 124.1 116.1 120.1 127.8 126.2 130.3 128.8 119.7 106.7 95.3 85 76.7 70.1 60.5 58.1 58 57 51.5 41.3 33.8 29.6 17.6 9.7 8.4 7.6 6.8 6.3 6.3 6.2 6 5.7 5.6 5.1 7.3 8.3 7.2 6.5 6 4.6 3.9 3.9 4.4 3.8 3.8 3.8 3.4 2.7 -2.3 -2.3 -2.3
321.2 313.4 308.4 303.2 297.3 289.6 282.9 279.2 276.1 274.3 270.2 265.2 258.3 251.7 249.6 246.1 243 240.4 236.2 231.1 223 214.2 204.7 192.5 182 170.2 162.1 157.1 146.6 139.8 131.2 124.1 119.9 122.7 126.3 127.2 130.8 127.9 117.6 105.3 92.4 83 73.9 68.1 59.5 57.7 55.9 53.3 47.7 38.3 34.8 30.4 17.1 8.2 8 7.5 7.1 6.2 6.1 6.2 6 5.5 5.1 4.9 4.7 5.1 4.9 4.7 4.4 4.1 3.7 3.8 -2.3 2.9 4.2 -2.3 -2.3 -2.3 -2.3 -2.3 -2.3
321 313.5 307.7 301.3 293.2 288.4 283.5 280.6 277.8 276.9 272.7 269.6 258.4 254.7 251.3 248.2 245.7 243.5 237.9 235.9 229.8 223.2 212 197 187.6 174.4 165.7 158.5 147.6 141.4 132.3 124.4 122.3 122.8 125.2 127.6 129.8 125.4 117.1 102.3 91.5 80.7 70.9 64.3 58 55.4 53.8 49.9 44.2 36.7 35.5 31.5 16.5 9.4 8.1 7.7 6.8 6 5.8 5.9 5.9 5.4 4.9 4.6 4.4 4.1 4.1 4.1 3.9 3.9 3.9 4 -2.3 3.7 3.4 3.4 -2.3 -2.3 -2.3 -2.3 3.6
325.6 316.8 312.1 305 297.9 289.9 284.4 278.7 274.7 272.6 270.2 264.9 263 258.5 254.7 251 248.7 245.7 243.9 239.9 234.3 227.8 214.5 202.1 193.5 181.1 164.7 159 150.1 138.5 133.8 128.5 125.7 122.8 126.2 127.3 127.6 119.1 114.4 101.4 88 78.7 68.3 62.7 56.8 54.7 52.3 47.2 41 36.3 36.6 32 18.2 10.6 8.7 10.7 6.2 5.7 5.4 5.6 5.7 5.2 4.9 4.6 4.3 3.6 4 4.3 4.1 4.2 4.3 -2.3 -2.3 3.3 3.5 -2.3 -2.3 -2.3 -2.3 -2.3 3.5
331.7 323.2 315.7 308.8 303.2 295.9 290.7 283.5 279 272.3 268.2 270.7 269.8 266 261.1 255.5 252.4 249.7 248.6 245.1 238.1 232.1 218.3 206.5 198.7 185.6 168.7 155.3 146.5 137.5 133.9 129.4 126.3 123.8 128.4 129.2 123.3 118.2 111.9 100.8 88.3 76.4 68.4 63.5 56.6 53.1 50.5 44.9 38.4 36.3 33.7 30.8 15.3 9.8 10.4 11.6 7.3 6.2 5.5 5.3 5.4 5.2 4.8 4.4 4 3.6 3.7 4.4 4.4 3.6 -2.3 -2.3 3.4 3.6 -2.3 -2.3 -2.3 -2.3 -2.3 -2.3 3.4
339 330.2 321.5 313.7 308.4 301.5 296.2 289.6 282.6 276.7 274.5 275.1 274.8 271.2 267.2 259.7 256.1 253.8 253.2 248.6 243.1 236.6 223.7 211.9 204.8 191.4 174.7 158 146.6 137.2 131.8 128 123.4 124.6 130.7 129.2 122.9 116.8 108.3 96.9 85.9 74.7 67.5 61.9 55.5 51.5 48.3 43.3 38.4 36.4 34.2 26 15.8 11.6 12.1 13.1 9.1 6.2 5.8 4.7 4.4 4.9 4.6 4.2 3.9 3.8 2.1 3.6 3.2 3.1 -2.3 3.4 3.7 3.6 -2.3 -2.3 -2.3 -2.3 -2.3 -2.3 3.5
347 339 330.6 322.1 314.5 308 302.6 295.6 286.7 282.3 280.6 279.4 278.8 275.8 272.5 267.8 259.7 257.5 257.3 252 246 240 226.4 216.5 207.8 192.7 175.2 162.3 148.5 139.2 129.7 125 121.2 119.6 129.9 130 121.9 115.7 104.6 93.1 82 73.4 66.3 60.3 55.5 51.8 48.6 45 39.1 37.9 32.9 25.3 16.1 12.7 12.9 14.2 11.3 6.8 5.7 5.1 4.9 4.4 4.4 4.1 4.3 3.4 4.1 3.4 3.1 3.3 3.5 3.7 3.7 3.4 -2.3 -2.3 -2.3 -2.3 -2.3 -2.3 3.6
357.8 352.1 345.1 335.9 326.3 318.6 310.9 302.6 291.7 287.6 284.5 283.3 283 281.9 278.9 273.5 267.6 261.5 259.4 255.4 250.7 244.1 231.1 216.9 204.3 201.2 182.4 163.8 146.7 135.7 128.2 121 115.2 115.4 118.5 124.7 118.4 114.1 102.5 88.6 78.3 71.5 63.9 58.5 54.8 51.9 49.4 45.9 40.3 39.3 36.7 26.6 16 13.3 13.7 14.6 11.7 6.1 5.8 5.6 5.4 4.6 4.3 4.4 4.5 3.8 3.8 3.4 3.3 3.4 3.6 3.7 3.7 3.1 -2.3 -2.3 -2.3 -2.3 -2.3 3.3 3.6
371.9 364.6 358.8 349.4 339.5 332.8 318.7 310.5 303.6 298.9 291.5 290.3 289.3 290.3 289.1 285.9 281.7 276.4 271.7 266.1 259.1 249.4 238.6 227.3 206.7 196.3 184.2 166.6 148.7 136.7 129.2 121.6 115.8 112.1 110.7 110.1 106.1 106.1 95.9 88 74.3 68.8 61.4 57.2 54.2 51.4 49.6 45.5 41.2 40.8 37.6 29.1 17.2 13.7 13.4 14.1 13 6.6 5.8 5 4.7 4.4 4.5 4.5 4.2 4 3.8 3.4 3.4 3.5 3.7 3.7 3.7 3.8 3.5 -2.3 -2.3 -2.3 -2.3 3.7 1.9
384.6 379.2 374.6 362 348.5 341.3 323.8 319.8 313.8 305.9 305.7 304.4 301.2 303.3 303.8 301.8 299.9 295.4 289.9 282.8 270.1 263.1 252.9 240.1 223.5 205.1 183.4 167.3 152.2 139.8 131.7 127 119 112.7 106.6 100.6 99.3 94 90.9 81.2 73.2 64.5 59.4 56 53.5 51 48.8 43.8 41.4 42.5 39.6 32.5 20.4 14.4 13.2 13.6 13.1 11.1 7.7 5 4.1 4.1 4.2 4.1 3.9 3.8 3.8 3.5 3.5 3.5 3.7 3.7 3.8 3.9 4 -2.3 -2.3 -2.3 -2.3 3.7 2.2
406.4 396.5 385.4 369.6 357.6 343.2 337.4 327.2 321.5 317.5 317.2 315.8 314.2 315.1 316.7 317.4 316.9 317.4 319.4 312.5 296.6 282.4 270.6 269.7 247.7 232 205.4 177 165.6 152.7 139.5 132.7 127.7 124.9 114.5 105 94.8 84.6 81.6 76 68.7 61.1 57.1 54.6 53.6 51.2 48.6 43.7 41.8 43.7 42 35.1 22.3 13.9 13.6 13.4 13.2 12 8.5 4.9 4 4 4 3.8 3.7 3.7 3.7 3.6 3.6 3.6 3.7 3.8 3.9 4 4 3.5 -2.3 -2.3 -2.3 -2.3 4.1
428.7 409.3 393.1 377.2 363.6 352.6 346.1 334.1 331.2 329.3 329 328.3 326.5 327.8 330.2 334.2 338.6 342 342.1 341.5 329.1 322.7 297.3 279.6 263.4 241 223.8 193.7 185.5 180.9 159.4 152.5 149.2 139.4 128.6 114.2 100.2 88.8 78.8 65.8 59.1 55.4 52.9 51.6 52.5 51 48 42.5 41.4 43.2 43.5 36.8 24.1 14.7 13.8 13.7 13 13.2 11.5 7.2 3.7 3.8 3.7 3.7 3.7 3.7 3.7 3.6 3.7 3.7 3.8 3.9 4 3.9 3.9 3.8 -2.3 -2.3 -2.3 -2.3 -2.3
436.4 410.5 396.3 384.6 370 358.7 348.9 343.4 341.9 342.2 341.3 339.3 338.7 341.6 346.3 354.7 358.1 360.9 366.7 372.2 370.2 354 333.3 303.9 286.8 257.2 232.7 208.3 197.3 187.8 173.9 171.1 153.4 142.1 135.4 126 113.1 99.6 86.8 73.1 60.4 54.2 49.1 46.6 49.7 50.7 46.5 41.9 39 42 44.4 39.5 26 17 13.7 13.6 13.7 15.3 14.8 11.5 7 3.7 3.7 3.7 3.6 3.7 3.7 3.6 3.6 3.7 3.8 3.8 3.9 3.9 3.9 3.9 3.8 -2.3 -2.3 -2.3 -2.3
429.3 413.3 398.8 384.8 371.4 359.8 352.6 350.1 349.1 350.9 347.5 346.3 345.4 349.1 354.3 362.4 368.7 378.1 383 382 380.4 371.2 349 314.3 285.9 263.5 240.2 220.4 215.5 204.2 194 180.9 165.9 148.4 141.8 130.7 122 111 92.1 76.6 64.5 55.2 48.1 43.6 44 46.2 46.1 41.1 37.7 40.2 44.5 41.8 26.6 17 14 13 12.6 16.3 17.1 14 9.6 4.5 3.6 3.6 3.6 3.8 3.8 3.6 3.6 3.7 3.7 3.8 3.8 3.9 3.9 3.9 3.8 3.5 -2.3 -2.3 -2.3
423.6 410.6 400.2 383.4 371.5 362.3 354.9 353.3 352.5 351.5 350.7 349.7 350 353.1 356.6 361.2 372.1 377 379.1 380.9 367.6 360.8 345.3 321.4 288.8 263.4 255.9 231.5 230.4 228.6 222.2 205.5 173.9 154.8 143.9 132.3 124.1 111.9 93.7 83.8 72.3 55.9 47.8 42.4 39.8 39.9 40.1 38.9 37.1 39.4 46 44.2 27.1 16.7 12.8 11.5 13.2 16.7 18.7 15.8 11.7 6.5 3.6 3.6 3.5 3.9 3.8 3.6 3.6 3.6 3.6 3.7 3.8 3.9 4 4 3.7 3.2 -2.3 -2.3 -2.3
417.4 406.9 394.1 382 368.4 361.8 354.6 354 353.1 351.5 350.3 349.3 349.6 350.7 351.4 352.9 359.2 364.4 366.5 368.9 358.4 348 337.3 314.7 286 264.8 254.1 241.2 244.8 241.5 231.9 211 184.4 164.8 152.6 136.7 126.4 112.4 94.3 86.1 75.5 63.6 48.1 42.5 39 36.1 35.9 35.7 36.9 39.8 46.2 42.7 28.9 18.7 12.6 11.2 13 16.1 18.5 16.3 11.5 7 3.9 3.5 3.5 3.9 3.7 3.5 3.6 3.6 3.6 3.7 3.8 3.9 4 4 3.6 -2.3 -2.3 -2.3 -2.3
411.7 399.3 388.8 377 366.4 356.8 354.1 352.7 351 348.9 347.1 346 344.9 345.3 345.8 347.1 350.8 353.6 355.2 351.4 344.7 334.2 327.7 309.1 283.6 268.6 265.6 254.5 250.3 256.9 244.6 214.5 186.2 171.2 158.7 137.3 125.6 114.9 98.9 90.8 78.4 71.7 57.1 45 38.5 34.5 33.3 33.4 36 38.4 43.9 41.4 28 19.3 13.1 11.6 12.2 14.9 16.7 14.9 10.3 5.7 3.7 3.5 3.5 3.8 3.6 3.5 3.6 3.6 3.6 3.7 3.8 3.9 4 3.7 3.2 -2.3 -2.3 -2.3 -2.3
402.8 391.4 381.4 370.6 359.6 352.6 351.5 349.4 346.5 344.2 342.4 341 339.2 339.4 340.1 340.6 341.5 341.5 341.8 337.5 329.9 321.4 317 299.1 284.8 280.3 268.5 258.1 253.6 260 245 221.6 187.9 175.5 156.1 139.8 128.5 118.8 100.3 89.2 81.4 72.9 60.8 47.9 39.9 35.1 33.3 32.1 35.5 36.2 39.7 40 28.4 18 13.5 12 11.6 12.8 14.6 12.4 8.1 3.7 3.9 3.8 3.6 3.4 3.5 3.5 3.5 3.6 3.6 3.7 3.8 3.9 4 -2.3 -2.3 -2.3 -2.3 -2.3 -2.3
395.1 388.1 376.7 364.1 353.8 348.2 346.3 343.9 340.5 338.8 337.2 335.6 333.1 332.8 332.8 333.5 334.8 334.9 335 331.2 324.5 315.7 308.5 297 290 283.3 274.3 261.6 261.2 253 242.6 222.4 196.8 174.8 158 145.1 133.1 121.8 104.8 91.4 83.4 71.5 63.6 51.7 41.3 37.5 34.8 32.2 31.6 32.2 34.4 36.1 27.8 16.7 14.6 12.2 10.8 10.5 10.8 10.1 6 5 4.4 4.1 3.9 3.6 3.6 3.6 3.6 3.6 3.6 3.8 3.9 4 -2.3 -2.3 -2.3 0.3 -2.3 -2.3 2.9
385.9 376 367.9 359.1 347.3 342.2 339.6 336.7 333.7 332.4 331.3 329.1 326.3 326 326.2 327.3 328.1 328.6 328.1 326.3 320.1 313.7 305.1 299 294.5 288.4 281.8 268.8 271.6 257.2 240.2 219.9 203.5 181.8 170.1 154.2 136.7 122.9 104.6 94.2 85 75.2 63.8 54.3 44.4 41.1 37.4 34.3 30.9 27.6 24.9 25.1 23.2 17.5 15.9 12.7 11.1 9.3 8.4 7.5 6.4 5.5 4.8 4.4 4.6 3.6 3.8 3.9 3.7 3.7 3.6 3.4 3.7 3.5 -2.3 -2.3 0.4 -2.3 -2.3 3.4 3.5
373.4 366.3 359.9 348.5 339.9 336.8 333.8 328 324.4 324.9 324.2 322.9 321.1 320.8 320.5 321.2 322.3 322.1 321.5 320 316.2 310.6 303.4 298.1 294.6 288.3 281.7 276.3 272.7 262.3 239.3 222.9 206.1 187.4 179 158.9 142 126.1 108.8 97.3 87.9 78.9 67.5 57.5 47.9 43.6 39.9 36.5 32.1 28.9 24.7 22 20.2 17.7 15.6 14 11.4 10 8.6 7.5 6.6 5.6 4.9 4.3 3.8 4 4.4 4.4 4 3.5 3.5 3.6 3.4 -2.3 -2.3 0 2.6 -2.3 -2.3 3.2 2.5
364.8 357.4 348.4 338.2 334.9 331.4 328.3 323.9 318.7 316.8 317.5 317.1 316.5 316.5 315.7 315.2 316.1 316.3 315.7 314.7 311.8 307.4 301.9 297.4 293.3 286.8 281.5 276.5 269.7 259.4 241.2 231 211.6 194.7 170.6 154 140.7 130.1 115.6 101 90 78.4 65.1 53.9 47.6 44.1 41 35.9 32.4 29.3 25.5 22.7 19.4 17.4 14.8 12.5 10.8 9.7 7.8 7.9 6.8 5.8 4.9 4.4 4.2 4.7 4.5 4 -2.3 -2.3 3.7 3.6 -2.3 -2.3 -2.3 -2.3 -2.3 -2.3 2.7 2.3 2.5
355.7 348.9 340.3 334.5 329.9 326.5 323.2 319.5 314.2 309.6 311.4 310.8 311.6 311.7 311.8 311.1 310.8 311.4 310.7 309.5 307.6 304.3 299.6 295.8 291.8 285.8 281.4 276.3 266.9 253.9 241.8 230.8 215.1 197.1 181.6 161.7 147.9 132.5 120.4 105 87.4 69.1 55.6 59 49.6 43.6 37 36.8 31.8 27.8 23.2 21.3 18 13.3 13.5 13 11.5 9.7 8.4 7.7 6.6 5.9 5.1 4.7 4.6 4.2 4.2 -2.3 -2.3 -2.3 3.7 3.7 -2.3 -2.3 -2.3 -2.3 3.7 2.5 2.3 2.4 2.5
348 340.8 334.7 329.1 325.5 322 318.2 314.6 310.5 306.4 305.7 305.5 304.1 305.9 306.6 307.3 306.7 307 306.4 305.6 303.8 301.2 297.7 295.1 291.9 285.5 279.9 273.5 263.3 253.1 240.7 227.8 215.8 199.8 182 165.6 154.7 139.6 123.6 102.4 71.5 71 77.9 73.4 65.9 56.3 44.6 29.8 24.6 21.2 22.8 20.3 18.5 16.6 13.9 12.4 11 9.3 8.6 7.6 6.8 5.6 5.5 4.3 3.4 3.6 3 -2.3 -2.3 -2.3 -2.3 3.6 -2.3 -2.3 -2.3 2.6 2.5 2.5 2.4 2.4 2.5
339.3 333.8 329.1 325.1 321.1 316.9 313.4 310.5 307.4 302.9 300.8 299.6 298.3 297.5 299.9 300 302 302.7 302.4 301.8 300.2 298.3 295.9 294.1 290 283.9 278.8 271.1 261.3 252 237.7 230.5 220.9 201.3 186.5 166.9 153.8 140.8 124 94.3 76.1 96.1 90.1 78.1 69.3 56 48.5 36.6 26.3 24.8 22.1 19.9 18 16 13.5 12 10.5 9.7 8.8 7.3 6.5 5.6 5.1 4.8 5.6 4.6 3.8 3.7 3.5 -2.3 -2.3 -2.3 -2.3 -2.3 2.9 2.6 2.6 2.5 2.4 2.4 2.4
333.9 326.5 323.2 320.6 316.8 312.2 309 306.6 302.2 298.1 297.8 298 295.5 293.6 294.3 295.5 298.1 298.8 298.3 297.4 296.8 294.7 292.9 291.6 287.4 281 274.2 268.3 258.8 246.3 237.9 227.9 216.9 197.6 180.9 164 153.4 131.1 102.1 90.4 91.2 109.9 103.2 89.3 70.6 57.8 48.4 42.2 28.5 23.8 21.8 19.5 17.3 15.2 13.5 11.7 10.5 9.5 8 7.2 6.3 5.4 4.7 4.7 4 3.8 3.7 3.7 3.5 3.4 -2.3 -2.3 -2.3 -2.3 2.7 2.5 2.5 2.5 2.4 2.3 2.4
328.8 320 316.5 314.5 312.1 308.3 305.4 303.2 296.9 295.1 295.9 294.4 291.7 290.5 289.8 290.8 293.2 294.7 294.5 294 293 291.8 291.1 288.8 283.7 277.7 270.5 262.6 255.2 243.1 233.4 223 205.4 191.2 175.1 163.2 136.6 113.1 104.5 107.2 120.3 122.7 116.5 102.2 83.5 61.3 50.9 42.9 31.5 23.8 21.4 19.9 17.1 17.1 14.9 12.2 10.5 9.2 8.2 7.2 6.2 5.3 4.4 4.1 3.9 3.8 3.8 3.7 3.6 3.5 -2.3 -2.3 3 2.7 2.5 2.5 2.4 2.4 2.3 2.4 2.3
325.8 316.3 311.1 309.1 306.9 304.1 301.6 298.9 293.3 292.2 294.6 290.2 289.1 287.4 286 286.7 288.8 289.8 290.6 290.6 290.3 289.5 288.3 286.1 280.9 275.9 266.8 257.2 248.7 239.2 230.3 215.9 199.4 189.6 172 160.4 120.5 129.2 132.5 138 137.5 133.4 126.2 112.1 90 65.9 54.4 46 35.6 24.6 21.1 19.5 20.6 19.6 17.5 15.8 9.9 8.6 7.6 6.6 5.7 5 4.2 3.8 3.7 3.7 3.7 3.7 3.5 -2.3 -2.3 -2.3 2.8 2.7 2.3 2.3 2.3 2.2 2 2.1 2.7
320.5 312.6 308.7 305.8 303.3 300.2 297.3 294.7 290.7 287.5 290.1 286.9 286.4 284.7 281.5 282.8 284.3 285.1 286.4 287.1 287.1 286 284.2 281.6 278.9 275.6 266.7 255.3 245.9 238.6 227.7 210.8 198.2 184.5 161.7 135.4 130.7 154.3 152.8 151.7 147.9 145.6 139.4 120.4 96.6 74.7 55.2 47.8 38.9 26.5 22.3 21.6 22.4 23.5 19.8 20.4 18.3 9.8 6.9 5.9 5 4.3 3.9 3.8 3.6 3.7 3.7 3.6 3.5 -2.3 -2.3 -2.3 -2.3 2.8 2 2.1 2.2 2 1.7 1.8 2.4
315.7 310.8 307 303.4 299.7 295.6 292.7 290 286.3 284 284 283.2 281.5 278.8 278 278.8 280.8 281.5 282.4 283 283.2 282.3 280.3 277.7 275.9 271.9 264.1 253 245.5 236.7 224.7 209.5 200.2 184.5 149 139 160.2 169.5 165.8 168 173 169.2 161.2 126.9 101.8 79.4 63.8 47.1 38.5 29 23.5 22.6 25.3 27.4 22.2 22.1 22.5 17.7 6.8 5 4.4 4.1 4 3.9 3.8 3.7 3.7 3.6 3.5 3.2 -2.3 -2.3 -2.3 2.7 2.1 2 2.1 2.1 2 2.3 2.6
313.6 309.7 305.7 301.3 297.2 293.2 288.9 285.9 282.6 280.6 279.5 279.2 277 275 273.6 274.1 275.9 277.7 278.5 278.5 278.5 277.5 275.2 273.2 270.4 267 259.8 250 243.1 233.6 219 210.9 206 185.1 149.5 159.6 182.2 183.9 181.8 192.5 193.2 189.8 164.5 136.4 115.2 83.9 61.2 50.7 42 32.5 25.9 23.7 26.8 30.6 27.5 23.7 24.4 20 8.5 4.4 4.1 4.2 4.1 3.9 3.8 3.8 3.8 3.6 3.2 -2.3 -2.3 -2.3 -2.3 -2.3 2.1 2.1 2 2 2 2.1 2.3
311.8 307.6 303.4 298.7 295 291.1 286.5 282.7 279.9 279 277.1 275.3 273.3 271.5 269 270 271.8 272.9 273.7 273.8 273.4 273 270.5 267.5 264.7 260.8 254.3 245.8 239.2 230 216.8 211.7 204.6 183.7 157.6 165.5 190 199.9 198.1 201.1 205.5 192.8 168.2 138.3 114.5 86.3 67.7 53.2 42.3 33.7 27.9 24.8 27.3 32.4 30.7 24.3 25.6 23.5 13.3 4.1 4.3 4.2 4.1 4 3.9 4 3.9 3.6 3.2 -2.3 2.8 -2.3 -2.3 -2.3 -2.3 2 2.3 2.2 2 2 2.1
309.1 304.4 300.2 296.5 292.9 288.2 283.9 280.6 278.4 276.7 274.9 272.2 269.8 267.4 266.4 266.6 267.5 267.9 268.3 268.7 268.8 268.4 266.2 263.2 258.3 253.6 247.6 240.8 233.7 224.6 215.9 209.7 190.1 172.1 162.9 185.1 197.1 208.9 209.8 214.4 208.3 191.1 166.7 143.9 118.7 89.2 71.2 57.2 46.7 37.6 30.5 26.3 27.8 33.5 33.1 27 26.5 26 16.5 3.7 4.4 4.3 4.2 4 4.1 4.1 3.9 3.5 3.2 -2.3 -2.3 -2.3 -2.3 -2.3 -2.3 2.2 2.5 2.4 2.3 2.4 2.1
306 301.7 297.6 293.7 289.2 285.2 282.2 279.3 276.6 274.9 272.9 269.5 267 265.6 263.4 263 262.6 261.9 262.4 263.1 263.9 264.2 261.9 257.6 252.4 245.9 239.8 233.8 212.6 212.9 213.2 190.5 173.5 173.3 185.3 197.5 209.1 213.4 211.8 209.9 206.4 192.5 173.3 151.7 125.8 97.2 76.5 64.6 52.6 41.9 33 28.8 28.6 34.2 35.6 28.8 26.9 27 18.7 4.3 4.2 4.2 4.1 4.1 3.9 3.9 3.7 3.7 3.8 3.6 -2.3 -2.3 -2.3 -2.3 -2.3 2.9 2.7 2.8 2.7 2.6 3.6
303.3 298.9 293.9 289.6 286 282.3 280.1 277.4 274.8 273 270.8 267.9 265 262.2 258.9 254.2 256.8 254.2 254.9 256.2 258.3 258.8 256.8 251.9 247.5 240.3 232.3 214.5 195.7 191.1 187.9 178.3 184.9 197.9 206 211.3 218.8 220.2 219.8 215.2 208.6 198.5 185.9 162.5 140.7 111.8 86.4 70.4 57.4 45.8 35.1 30.5 28.4 34.4 38.3 31.2 26.4 26.4 20 5.5 3.8 3.9 4 4.1 3.9 3.8 3.9 4.1 4.3 3.9 -2.3 -2.3 -2.3 -2.3 -2.3 -2.3 2.9 3.1 2.9 2.6 3.3
301.9 298.1 292.9 287.1 283.7 280.9 276.2 273 272.6 271.1 268.8 266.3 261.2 255.2 251.4 247.1 247.8 240.8 235.2 247.7 251.7 252.5 251.1 246.9 240.8 222.5 214.8 198.2 215 219.9 215.1 211.1 214.8 217.6 218.1 221.9 226 225.2 222.7 219.2 209.3 203.1 194 171.6 153.9 133.6 103.4 82.4 66.2 54.6 41.1 31.6 28.4 33.4 39.7 32.9 26.1 25.5 19.8 6 4 4 4.2 4.1 3.9 4 4 4.2 4.3 3.5 -2.3 -2.3 -2.3 -2.3 4 -2.3 2.3 2.2 2.2 2.1 3.2
