app/static/ascii/SH77.asc
ncols 200
nrows 200
xllcorner 270000
yllcorner 370000
cellsize 50
[rows 108 to 143 of 200, columns 81 to 161 of 200]
347.7 347.8 346.4 341.1 330.4 323.4 313 304.1 296.6 290.9 283.1 276.8 268.5 263.2 257.1 250.8 242 236 231.1 226.5 221.6 216.8 212.8 208.1 201.3 197.9 196.1 186.7 179.6 163.4 158.1 153.8 154.8 143.3 138.2 130.8 123.7 115.4 95.9 85.8 79 68.8 63.4 60.9 59.4 51.4 45.4 43 41 39.8 38.3 35.8 33.4 31.9 30.1 29.3 28.6 28.2 28 28 28.2 28.4 28.5 28.6 32.3 37.7 44.3 53.9 61.6 70.6 76.3 72.6 61.8 53.4 42.4 32.5 24.9 23.3 23 14.4 8.9
363.6 357.8 355.4 349 337.7 327.5 315.8 305.2 298.1 291 284.7 278.7 271.8 265.9 258.9 253.2 245.2 238.9 233.1 228.8 223.8 218.9 213.4 207.5 201.1 196.7 186.9 181.7 176.9 166.1 163.7 160.5 155.8 149.8 146.6 138.7 135.2 124.6 101.6 86 79.1 72.3 60.8 57.3 53.5 49.5 46.2 43.5 41.4 39.2 37.1 35.2 33.4 32 30.6 29.4 28.8 28.4 28.3 28.2 28.2 27.9 27.9 28 28.8 33.6 38.8 47 53.5 60 64.4 63.1 58.8 48.8 40.4 29.4 23.1 20.3 17.2 11.9 7.6
372.8 373 366.1 356.8 351.2 336.3 323.1 312.7 301.3 292.4 287 281.8 275.9 270.4 262.7 256 248.7 241.8 237.3 229.7 225.8 221.4 217.1 210.2 204.3 195.7 194.2 183.1 184.2 171.7 167.9 168.9 159.9 160.4 155.8 146.9 142.1 133.4 112 87 80.9 77.4 69.5 57.6 51.7 49.2 46.2 43.6 41.2 39.1 37.3 35.5 33.5 32 30.4 29.6 28.9 28.4 28.2 28.2 28.2 28.1 27.9 27.9 28 29.6 35.6 40.7 46.7 52.4 56.3 56.5 52.9 45.3 38 27.1 22 20.6 18 14.2 7
378 378 371.7 363.8 354.2 338.9 325.3 313.2 303.5 294.6 287.9 284 278.7 273.5 266.5 259.5 252.3 245.6 240.4 236.6 229.7 226.5 221.4 216.5 207.6 199.5 195.7 190.8 188.4 180.4 173.3 168.8 169.6 167.2 161.9 159.8 151.6 143.7 123.7 101.6 83.4 78 71.7 60.5 55.6 49 45.9 44 41.6 40.5 39.3 36.6 36.1 34.4 32.2 30.6 29.1 28.5 28.1 27.9 28 28 27.9 28 28.1 28 32.4 38.2 43.7 47.6 50.7 51.3 47.8 41.7 34.6 25 20.9 20.5 18.9 15 9.5
383.9 387.5 383.5 369.3 359.9 345.7 329.6 314.5 306.6 299.5 290.6 285.3 281.5 276.3 269.8 262.8 256.1 250 243 239.9 234.2 230 229.1 227.8 213.5 208.3 205.5 203.8 198.8 187 179.8 172.2 173.4 168 163 160.5 158 150 139.3 110 88.6 78.1 71.3 62.7 56.6 50.2 44.8 46.2 45.5 43.8 42.3 40.6 40.1 41.2 38.1 34.2 32.4 31.3 29 29.4 28.4 28.1 28 28.1 28.2 28.6 30.7 36.1 41.8 44.9 47.8 47.9 43.7 37.3 31.9 23.2 20.1 19.7 17.2 14.3 10.6
386.4 390.5 388 377.7 369.1 356.3 336.4 321.6 310.8 301.6 294.5 288.3 284.2 279.3 272.9 266.4 261.3 255 245.8 240.5 237.4 235 231.9 228.3 219.9 215.3 214.8 217.5 215.1 199.7 189.8 182.6 182.2 178.9 172.6 163.8 162 159.7 146.8 117.5 93.5 77.2 70.2 62.5 57.9 51.3 48.9 51.3 51 47.2 44.6 44.4 46.4 48.6 48.8 44.4 40.8 36.8 34.2 31.6 30.2 28.7 28.4 28.1 28.4 28.5 29.6 33.2 37.4 40.7 43.9 44.4 41 34.4 28.9 21.8 19.5 18.5 16.8 16.5 13.6
393 391.8 391 384.7 373.3 355.9 340.4 327.6 317.1 306.7 301.3 294.8 289.2 283 276.2 270.6 265.5 259.5 251.1 243.7 239.7 236.6 231.8 226.9 226.6 225.9 226.2 227.1 222.5 214.2 200 192.4 189.6 187.5 185.6 177.1 170.5 170.2 150.2 115.1 95 78.5 70.2 62.8 58.4 55 53 56.7 56.1 52.3 47.4 48.3 53.9 58.4 57.6 53.8 48.3 45.4 38.9 35.8 32.5 30 29.4 29.6 28.1 28.7 29.1 30.3 33.9 37 40.5 41.8 38.5 31.7 26.1 20.3 18.9 18.7 19.4 18.1 14.7
396.3 396.3 393.5 386.7 372.2 359 348.7 332.1 321.6 310.7 305.6 302.2 294.9 287.8 281 272.9 267.8 261.6 255.3 246.7 242.1 236.3 232.6 231.8 232.7 236.1 239.4 238.3 234.1 234 209.5 205.2 193.9 196.7 195 190.5 182.2 171.9 146.5 116.3 89.2 79.4 70.2 60.6 57.4 56.2 58 61.4 62.5 61.1 54.1 54.3 59.9 65.9 65.4 59.8 53.1 48.5 43 39.7 36.5 32.1 30.6 30.3 29.9 28.8 28.8 29.8 31.4 33.7 37.5 39.1 36.2 29.9 24.1 20.4 19.2 20.1 23 23.1 16.5
398.8 399.8 394.5 387.6 374.3 361.4 350.4 335.3 326.1 319.4 311.8 305.4 300 291.2 282.6 274.6 269.9 264.9 258.2 250.2 244.1 238.5 236.5 236.9 240.4 243.7 245.3 249.4 248.7 244.3 226.8 210.5 196.6 198.8 205.6 192.9 177.3 163.9 141.9 118.2 89.3 78.4 68.2 60.9 57.4 59.4 62.2 67 70.2 68.2 63.3 59.1 63.3 69.5 69.1 62.4 56.7 52 46 42.9 41.3 35 31.8 30.5 29.5 28.5 29.1 29.8 29.9 32.6 35.6 37 34.5 28.5 24.9 23.1 20.2 22.3 26.7 27.6 18.8
400.1 398.7 394.7 384.5 372.5 363.3 353.1 338.5 328.4 323.7 318.8 309.6 303.4 297.7 285.9 277.7 272.4 266.5 262.4 255.6 249 242.5 242.4 244 249.1 253.8 259.3 260.5 259.9 252.6 234.6 215.1 203.3 197.9 204.3 193.8 175 159.5 136.9 117.2 95.2 75.5 67.8 61.4 57.4 60.4 65.5 70.6 76.1 73.9 67.5 62 64.3 68.7 67.5 62.1 57.7 52.8 46.2 43.3 42.1 38.3 33.3 29.7 28.9 28.9 29.5 30.3 29.8 30.9 34.1 35.8 33.3 29 27.2 25.7 22.5 25.7 30.9 31.5 20.8
404.2 399.8 391.8 382.1 371.2 362.1 353 340.9 332.5 326 321.5 316.3 308.4 298.7 288.7 280.3 275.1 271.1 267.4 261.8 254.1 245.8 251.2 253.1 259.2 265.1 272.6 277.7 277.3 251.2 228.8 212.9 204.7 197.3 195.2 183.4 170.7 159.1 140.8 119.4 99.7 74.9 67.2 61.4 58.4 62.1 67.7 74.7 78.7 75.5 69.6 63.9 62.9 65.7 64.6 60.5 56.1 50.5 47.3 44.2 42.9 42.3 35.7 29.4 29 29.4 30 30.7 30.5 30.2 32.6 35 34.1 31.1 30.5 29.3 25.8 29.6 36.5 37.7 25.1
406.5 400.8 392.5 384.6 372.5 360.6 352.6 343.2 333.9 328 322.3 317.1 309.2 295.5 289.4 282.6 279.8 277.7 272.3 268.5 259.4 252.2 257.4 259.6 268 277.1 287.4 291.6 289.3 262.8 236.7 222.2 207.1 199.3 191 187.2 176.6 162.9 141.8 120.7 98.9 75 66.3 60.3 58.5 61.7 66.3 72.5 76.4 76.1 69.9 64.3 60.6 62 60.6 57.5 53.2 49.9 47.5 45.3 43.8 43.2 38 29.6 29.2 30.3 30.9 31 30.6 30.3 31.8 34.3 34.1 34 34.6 34.7 34.3 36.7 42.8 43.4 36.2
406.7 400.3 394.1 384.7 373.5 361.7 349.9 342.9 334.2 328.3 325.4 318 310.9 293.3 289.1 286.1 284 281.5 276.6 270.8 258.4 267.4 268.3 268.7 281.6 293.6 298.1 304.8 289.5 270.3 246.3 235.6 210.7 197.5 194.5 181.7 171.8 160.6 143 118.2 98.3 76.9 64 59.4 58.7 59.9 63.6 67.7 70.8 72.9 68.6 63.1 58.3 57.8 56.4 53.5 50 48 46.3 44.6 42.4 41.7 36.3 30.9 29.2 31.2 31.2 30.9 30.7 30.3 31.1 34.3 34.7 35.6 37.2 40.8 38.2 41.2 47.1 48.6 40.3
407.3 399.4 390.4 383.9 373.4 361.5 346.1 338.6 333 325.9 321.7 316.8 304.9 296.6 292 289.2 285.9 283.7 279.5 273.7 263.6 278.2 279.7 283.9 284.3 295.7 294.4 307 294.3 270.6 244.7 231.7 221.8 197 189.9 185.5 165.1 151.1 137 112.2 97 77.4 62 59.4 59 59.6 61.5 63.1 64.9 66.5 65.2 60.8 56.5 54.5 53.1 50.9 49.3 47.3 45.2 41.6 39.5 38.4 34.5 30 29.9 30.8 30.6 30.3 30.4 30.5 31.2 34 36.1 37 39.1 42.4 41.9 44.5 49.1 49.2 43.7
405.6 397.2 386.9 380.1 370.6 361.7 346 338 331.6 325.6 318 311.4 305.2 300.1 295.8 291.2 286.8 283.5 280.8 273.6 271.7 282.7 286.6 293.1 291.6 298.1 289.3 285.2 284.2 270.2 244.7 222.5 210.4 201.3 196.7 185.3 167.3 147 132.6 106.1 89.1 70.4 61.8 59.7 60.2 62.9 62.6 61.2 61 60.1 59.6 57.2 54 52 49.8 48.4 48.4 46.5 43.9 39.1 36 35 32.9 30.2 30 30.2 30.7 30.9 30.9 30.9 31.4 33.9 37 38.8 42.5 46.8 47.7 48.9 51.7 50.9 45.4
401.2 392.4 383.1 375 368 358.7 347.8 339.1 334.2 325.1 316.8 311 305.9 302 298.9 293.7 288.1 284.2 281.5 275.4 279.6 282.5 296.5 288.4 288.1 286 287.9 274.7 268.4 262.7 238.5 228.2 211.1 205.7 200.8 190.7 172.4 153.6 128.8 107.6 87.7 70.6 61.8 60.4 61.2 65.3 65.6 64.1 59.7 55.7 54.9 54 51.9 49.2 47.8 45.9 46.1 43.9 41 36.8 34.1 33.7 31.9 30.4 30.2 31 31.3 31.7 31.7 31.7 31.8 34.9 39.2 43.5 47.3 51.3 52.7 53.9 54.4 53.8 48.1
397.6 389.6 379.3 371.3 366.4 357.6 350.9 341.2 335 325.2 318.6 314 308.5 304 301.1 296.9 293.4 287.3 286 278.1 281.4 286.9 282.6 282.5 282.9 283 278.3 275.3 259.7 252.3 235.1 223.8 212.7 203.9 202 196 177.5 154.1 124.3 100.1 83.2 68 60.8 60.7 62 66.2 68.1 66.6 62.3 54.9 51.7 50.7 48.4 45.5 43.9 42.3 42.4 40.5 38.2 33.6 32.9 32.7 32.1 30.5 30.8 32.1 32.1 32.9 32.9 32.5 33.4 38.3 43.8 47.3 52.3 57 59.6 60 57.9 55.5 48.6
394 385.3 375.2 369.7 365.3 358.8 354.8 344.5 335.2 327.1 321.1 316.9 314.4 309.6 308.2 302.5 305.8 299.6 292.1 286.7 291.7 286.8 282.6 281.4 281.3 280.9 279 266.7 254.7 250.1 235 233.7 219.1 206.6 200.6 192.9 180.7 157.1 129 105 83.8 66.4 61.9 61.7 62.2 67.1 68.1 66.1 62.7 54.9 50.1 48.2 45.5 41.6 38.9 39.8 38.7 36.9 33.9 31.6 31.5 32.2 30.7 30.7 32 34.1 33.9 33.9 34.8 34.1 39 43 47.8 51 57.9 63.8 66.8 66.5 62.7 58.7 53.2
391.4 382.2 375.2 370 365.9 361.5 356 349.2 336.8 331.1 325.7 321.4 318.5 318.2 317.2 314.4 313.6 319.3 307.2 297.7 290.9 288.7 282.8 284.5 281.4 282.4 280.4 267.4 253.6 250.8 240 234 219.5 207.2 205.6 201.2 180.8 160.8 128.7 105.6 83.7 65.6 64.1 64.1 62.2 65.8 67.2 64.8 60.6 55 49 46.4 43.5 39.7 37.1 37.9 38.4 34.8 31.5 31.7 31.4 31.7 32.2 32.6 34 36.5 37 36.9 36.1 37.9 43.3 48.4 52.4 57.5 64.5 70.5 74.1 72.5 68.5 63.6 60
391.8 385 376.9 371.2 366.4 361.6 356.3 352 342.6 335.5 331.2 326.9 326.2 329.2 330.3 326.4 320.8 331.7 321.3 313.1 299.6 290.2 293 289 283.4 275 267.6 261.4 252.6 248.1 238.6 228.5 220.2 209.1 210.7 203.2 179.9 160.4 126 99.8 74 64.2 66.6 67.9 62.2 63.1 64.8 62.8 58.9 53.7 48.6 45.4 42.1 38.7 36.8 36.1 34.5 32.4 31.9 31.6 31.8 32.6 35.3 36.6 38.8 42.7 42 40.7 37.3 40.9 47.3 52.6 57 63.1 68.6 75.5 80 77.7 72.6 69.2 65.4
394.7 388.2 379.6 372.4 367.2 362.3 358.8 356.6 347.1 340.7 337 337.7 338.8 343.1 348.3 351.8 342.3 324.8 316.9 312.2 295.9 292.7 294.8 291.9 285 273.6 269 261.5 251 246.1 234.2 222.5 217.3 206.6 210.1 200.4 179.2 152.2 117.6 90.3 67.5 66.5 69.4 70.6 66.6 62.5 62.9 60.9 57.2 52.5 48 44.9 41.7 37.7 36.5 35.4 32.8 32.7 32.2 31.9 32.3 35.4 40 44.3 47.1 50.2 49.3 47.1 40.4 44.8 50.4 55.3 60.6 66.4 71.6 78 84.4 82.7 78.7 77.4 74
396.3 389.8 387.6 381.1 373.8 368.5 363.9 360.5 354.1 347.4 348.1 349.2 352.3 357.2 365.1 368.5 359.2 342.7 323.8 304.5 294.6 293.8 296.8 289.5 284.2 284 277.5 263.3 251.8 239.5 232.5 217 214.2 205.1 202.1 193.4 169.3 140.8 107.2 79 68 68.7 71.7 72.4 69.6 64.8 61.7 59.1 56 51.1 47.4 44.3 41.1 37.6 35.7 33.5 33 33.1 32.7 32.2 33.6 39.9 48.7 54.4 59.5 61.6 60 56.4 52.1 51.3 56 58.8 63.4 68.5 74.1 79.9 87 86.8 86 85.4 81.9
410.7 397.1 392 389.8 387.5 381.5 375.5 367.7 360.4 353.2 358.7 363.3 368.7 371.7 380.3 378.6 369.9 348.7 329.7 309.7 296.4 292.6 292.2 286.9 287.1 276.9 272.2 261.1 253.3 245.3 232.3 215.7 206.8 201.9 192.9 176.5 155.2 128.8 99 76.7 68.9 70.5 73 73.3 70.2 64.6 60.8 57.5 54.5 49.8 45.8 41.8 39.4 36.9 34.6 33.5 33.9 33.6 32.7 33 35.9 49.1 64.3 68.9 73.6 73.6 69.4 63.6 51.4 56.7 60 63.6 66.6 69.5 74.8 80.4 88.1 90.2 90.4 91.8 88.7
419.6 408.8 404.7 400.6 398.4 396.3 392.3 389.6 372.1 361 368.3 383.9 394.4 396.4 382.8 375.9 364.5 349.3 327.7 313.6 312.7 299.2 290.7 292.9 288 279.7 267.8 264.9 257.5 248.9 235.4 217.6 202.9 190.2 175.5 157.5 134.1 113.4 91.9 76.8 68.9 70.8 73.8 73 69.1 63.6 58.8 55.5 52.5 48.7 45.7 40.8 40.1 35.2 34.4 35 35.4 34.4 33.6 33.2 40.1 61.5 77.6 81.3 90.1 85 75.8 65.3 61.5 62.5 64.1 67.4 68.8 69.6 74.7 81.2 89.3 92.6 94.2 98.2 96.6
426.9 418.6 417.6 416.2 407.7 404 400.6 395.8 383.1 373.1 375.1 397.4 403.1 401.1 383.3 376.9 363.3 343.9 322 319.5 321.3 315 292.9 283.5 283.5 277.4 271.5 267.2 257.8 244 233 218.9 198.5 180.6 153.6 135.9 117.7 98.6 85.4 77.6 75.1 72.6 73.6 72.1 67.6 62.1 57.1 53.7 50.2 46.6 44.8 44.3 41 35.3 34.7 36.3 36 35.4 35 33.1 43 74.4 85.3 92.1 96.4 92 78.1 65.6 69.2 66.7 70.1 74 72.5 71.4 75.1 81.4 91.3 94.5 97.8 101.4 100.4
441 435.4 433.1 425.5 422.8 415.5 406 398.9 397.3 382.3 373.7 390.6 396 398 385.9 375 361.9 342.4 323.1 324.4 328.1 317.2 302.4 279.7 268.8 268.1 271.6 261.1 250.6 238.5 228.7 212.1 190.8 167.9 146.7 120.9 102.9 91.9 84.7 80 79.2 73.4 73.3 69.7 64.8 59.9 55.5 52.3 48.8 45.4 44.7 44.4 39.8 35.1 35.4 35.6 35.1 35.6 34.9 34 44.3 72.6 87.4 94.6 96.6 91.4 79.9 69.1 69.5 70.6 74.6 79.7 75.8 73.3 75.6 83.5 92.3 96.4 101.1 104.8 103.8
447.3 443.3 441.9 437.6 430 419.5 412.5 403.1 394.8 383.9 377.2 379.4 393.5 390.1 380 365.6 356.2 339.1 328.5 333.4 327.1 316.2 300 282.8 261.6 249.6 249.5 252.1 243.3 231.1 218.2 203.2 177.2 153.7 127.9 111.1 102.3 93.1 86.2 82.9 78.5 72 69.7 66.5 61.9 57.2 53.1 51.3 47.2 44.3 42.9 40.6 38 35.7 35.2 35.1 34.6 34.4 33.6 37.6 44.9 57.3 73.4 81.3 90.6 85.2 76.4 68.5 63.9 69.2 70.3 72.3 73.4 74 75.4 85 92.2 97.9 103.1 106.3 104.6
449.1 445.4 447.4 446.3 436.2 425.9 418.7 411.2 398.9 382.8 379.6 376.5 381.5 382.9 377.7 360.6 343.8 336.6 339 334.2 324.1 309.2 293.7 281.1 264.2 238.3 233.7 234.5 231.1 219.2 208.7 193.1 164.7 137.4 118.4 110.1 102.7 96.4 87.9 82.2 75.8 68 64.7 62 58.8 54 50.8 48.8 45.8 43.3 41.5 40.4 37.8 36.2 35.6 35.2 34.5 34.3 38 41.1 48.1 59.5 69.5 76 80.2 75.9 69.5 63.8 61.7 63.1 64.7 70 74.3 76.2 76.1 84.8 91.7 98.8 104 106.7 105.4
454.2 449.2 445.7 446.1 438.1 429.6 422.4 414.2 404.6 383.6 377 374.9 374.5 372 367.9 357 344.1 336.3 333.3 328.6 314.2 294 283.9 272.7 255.4 238.2 228.3 217.5 216.8 209.2 192.5 179.1 152.1 120.2 111.8 108.7 101 93.9 86.1 78.7 72 65.5 60 57.9 54.5 50.8 49.1 47.7 46 42.6 40.5 39 37.4 36.5 35.3 35.5 37.2 38.8 42.2 46.3 56.1 66.3 75.1 80.1 77.8 72.6 67.3 63.7 62.7 63.2 63.6 66.8 74.2 75.6 76.4 84.6 92.2 99.1 104.4 106.4 105
460.4 453.9 444.8 443 437.5 428.7 417.8 413.3 404.2 386.1 379.1 371.1 367.6 364.8 355.8 347.9 344 335.6 325.7 317.2 302.7 285.3 274.4 265.2 250.6 236.4 219.9 204.4 190.2 193.8 185.8 161.2 134.6 110.2 104 101.9 97.6 89.3 80.8 75 69.2 63.5 58.8 54.6 52.6 49.7 47.6 47.1 44.7 41.9 39.7 38.5 37.3 37.2 36 37 38.9 42.8 50.2 52.1 58 76.9 78.3 84.3 80.4 76.8 71.2 65.5 63.9 63.8 65.1 68.4 74.3 76.2 77.4 85.3 93.6 99.9 104.3 104.4 102.9
466.1 455.8 446.5 441.7 438.1 427.5 416.6 411.6 401 387.2 381.5 377.4 366.3 358.4 352.6 347.2 341.3 334.6 323.6 311.1 292.8 281.9 275.6 264.1 255.2 241.8 225.4 200.8 176 162.4 163.8 139.4 117.9 102 98.7 95.6 89.2 83 76.4 71.6 66.4 61.3 57.6 54.1 52.5 49.6 48.3 45.9 43.3 40.9 38.9 38.6 38.8 40.5 39 39.5 41 45.2 52.6 57 77.4 74 83.2 82.1 81.1 83.3 75.7 69 65.5 66.6 69.3 73.4 78.7 77.2 78.9 87 95.1 101.7 104.5 103.3 100.7
461.9 452.4 442.9 438.3 429 422.8 414.9 408.3 397.1 391.5 385 388.5 379.4 369.5 354.1 348.5 341 334.4 319.3 304.8 292.1 287.5 279.5 269.6 260.9 241.1 226.5 200.8 179.9 149.1 135.5 118.8 106.1 97 91 85.8 81.8 77.9 72.2 67 62.5 58.7 57.8 54.8 52.9 51.6 51.8 44.9 42.4 40.4 39.6 41 41.5 43 43.2 42.9 42.8 46.4 53.1 62.6 83.6 81.1 83.8 82.1 77.2 78.5 80.2 71.7 66.4 67.6 72.9 78 79.8 78.6 79.6 89.1 98 104.3 106.9 105.1 101.9
457.4 447.9 436.5 428.7 422.3 414.2 413.2 412.3 398.5 394.8 390.6 392.7 387.3 385.2 366.8 351.7 342.7 341 330.8 314.8 302.2 293.4 286.9 270.1 252.9 240.6 227.6 195.4 172.3 149.1 125.4 112.4 102.1 91.7 84.3 79.7 76.8 73.8 69.2 62.6 58.7 56.5 56.6 55.4 52.5 50.3 47.1 44.9 43.5 41.3 41.9 44.1 44.1 44.4 44.6 45.5 45.8 47.8 56.5 67.4 78.3 87.1 86.1 80.7 75.6 75.6 75.2 72.6 68 66 74.8 78.9 81.8 80.6 81.6 92.8 102.9 109.7 111.2 109.5 105.2
465.2 456.3 438.7 425.7 417.5 410.3 406.8 404.2 400 398.2 395.8 396.6 402 390 378.7 357.6 349.6 343.2 337.7 322.6 308.2 299.1 284.2 263.8 249 241 220.9 188.1 161.6 137.9 124.2 111.7 97.8 86.3 80.3 74.8 72.7 69.9 66.8 61.1 59.3 55.8 54.4 53.2 51.4 49.7 45.9 47.8 45.1 41.7 42.1 45.5 46.8 46.8 46.4 46.4 47.4 50.2 61.2 71.6 79.1 84.6 87 79.5 76.7 75 73.7 72.7 70.1 67.1 75.8 78.6 84.3 82.4 82.8 95.3 106.7 114.7 116.8 114.8 107.3
455.1 450.4 439.5 425.8 420.4 408.8 401.3 398.7 397 393.5 395.1 394.1 389.9 383.3 374.7 365.8 354.5 340.1 329.8 323.8 313.3 294.1 269.5 256.8 251.4 236 200.9 174.4 149.1 134.1 124.6 108.2 93.3 81.4 75.2 70.8 68.2 64.9 63.8 62.3 60.3 55 52.9 52.7 49.8 47 48.6 50.7 48 42.2 41.7 48.2 49.2 49 49 46.8 49.3 56 66.4 78.2 82.4 85.7 84.5 79.4 77.3 75 72.6 70.4 69.8 67.2 76.3 80.7 85.6 84.3 84.5 97.1 109.3 117.6 118.9 112.6 104.3
458.6 443.6 430.7 426.6 421.9 412.1 397.6 391.1 389.1 385.7 383.8 384.4 377.4 376.3 372.4 362.4 352.4 341.3 322.9 310.9 302.8 281.9 266.6 260.6 250.6 216.7 190.9 158.5 138.7 129 120.1 104.9 90.2 78.3 68.9 66.2 63.4 61.7 60.5 62.1 60.5 55.2 53.4 50.8 49.4 46.9 50.4 51.2 48.4 42.1 45.5 48.7 48.6 48 47.5 48.1 55.6 64.4 74.7 80.5 86.5 88.4 82.2 76.3 76.3 73.4 70.6 67.8 66.3 66.3 72.3 80.5 87.3 85.9 85.2 98.5 106.9 112.4 109.8 105.1 100
