app/static/ascii/SH78.asc
ncols 200
nrows 200
xllcorner 270000
yllcorner 380000
cellsize 50
[rows 114 to 151 of 200, columns 84 to 167 of 200]
-2.3 -2.3 -2.3 -2.3 -2.3 -2.3 -2.3 -2.3 -2.3 -2.3 -2.3 -2.3 -2.3 -2.3 -2.3 -2.3 -2.3 -2.3 -2.3 -2.3 -2.3 -2.3 29.4 46.4 95.8 97 85 124.3 144.3 147.9 146.4 141.7 148 145.7 130.2 112 101.3 92 65.7 55.5 49.1 -2.3 -2.3 -2.3 -2.3 -2.3 44.9 46.1 40 -2.3 -2.3 -2.3 -2.3 -2.3 -2.3 -2.3 -2.3 -2.3 -2.3 -2.3 -2.3 -2.3 -2.3 -2.3 -2.3 -2.3 -2.3 -2.3 -2.3 -2.3 -2.3 -2.3 -2.3 -2.3 -2.3 -2.3 -2.3 -2.3 -2.3 -2.3 -2.3 -2.3 -2.3 -2.3
-2.3 -2.3 -2.3 -2.3 -2.3 -2.3 -2.3 -2.3 -2.3 -2.3 -2.3 -2.3 -2.3 -2.3 -2.3 -2.3 -2.3 -2.3 -2.3 -2.3 -2.3 -2.3 50.4 104.6 110 114.4 105.4 122.4 148.9 151.5 154.5 155.3 153.3 150.1 147.3 142.7 133 114.6 95.4 87.7 84.4 65.9 47.1 47.6 48.1 52.8 58.1 60.4 59.6 46.3 28.1 -2.3 -2.3 -2.3 -2.3 -2.3 -2.3 -2.3 -2.3 -2.3 -2.3 -2.3 -2.3 -2.3 -2.3 -2.3 -2.3 -2.3 -2.3 -2.3 -2.3 -2.3 -2.3 -2.3 -2.3 -2.3 -2.3 -2.3 -2.3 -2.3 -2.3 -2.3 -2.3 -2.3
-2.3 -2.3 -2.3 -2.3 -2.3 -2.3 -2.3 -2.3 -2.3 -2.3 -2.3 -2.3 -2.3 -2.3 -2.3 -2.3 -2.3 -2.3 8 -2.3 -2.3 49.8 105.4 116.2 125.1 126.8 123.2 143.5 150.7 153.2 157.2 157.8 154.2 150.9 151.4 144.1 139.8 132.4 133.1 125.3 106.3 78.7 72.8 73.2 73.8 79.3 88.6 93.5 99.1 95.9 48.3 3.6 -2.3 -2.3 -2.3 -2.3 -2.3 -2.3 -2.3 -2.3 -2.3 -2.3 -2.3 -2.3 -2.3 -2.3 -2.3 -2.3 -2.3 -2.3 -2.3 -2.3 -2.3 -2.3 -2.3 -2.3 -2.3 -2.3 -2.3 -2.3 -2.3 -2.3 -2.3 -2.3
-2.3 -2.3 -2.3 -2.3 -2.3 -2.3 -2.3 -2.3 -2.3 -2.3 -2.3 -2.3 -2.3 -2.3 -2.3 -2.3 29.4 -2.3 40.6 -2.3 48.6 85.5 112.9 122.1 127.6 127.6 132.5 143.8 148.2 152.2 155.2 155.9 151.2 150.2 150.3 148.4 144.2 139 140.5 139.4 125.5 94.4 113.9 115.9 117.7 112 113.1 110.1 109.3 106.5 86.8 47.8 36.9 19.7 -2.3 -2.3 -2.3 -2.3 -2.3 -2.3 -2.3 -2.3 -2.3 -2.3 -2.3 -2.3 -2.3 -2.3 -2.3 -2.3 -2.3 -2.3 -2.3 -2.3 -2.3 -2.3 -2.3 -2.3 -2.3 -2.3 -2.3 -2.3 -2.3 -2.3
-2.3 -2.3 -2.3 -2.3 -2.3 -2.3 -2.3 -2.3 -2.3 -2.3 -2.3 -2.3 -2.3 -2.3 -2.3 16.2 46 56.1 69.2 71 102.6 110.9 118.2 126.8 132.3 140.9 141.1 144.9 149 153.9 156.6 157.2 153.9 153.2 151 147.5 145.1 144.1 144.7 143.1 130.8 116.4 130.2 130.8 127.1 123.5 118.6 114.3 113.8 111.1 104.5 80.4 59.1 48 36.4 17.3 -2.3 -2.3 -2.3 -2.3 -2.3 -2.3 -2.3 -2.3 -2.3 -2.3 -2.3 -2.3 -2.3 -2.3 -2.3 -2.3 -2.3 -2.3 -2.3 -2.3 -2.3 -2.3 -2.3 -2.3 -2.3 -2.3 -2.3 -2.3
-2.3 -2.3 -2.3 -2.3 -2.3 -2.3 -2.3 -2.3 -2.3 -2.3 -2.3 -2.3 -2.3 -2.3 -2.3 16.8 56.7 73.2 100.8 100.4 114.7 126.6 138.7 145.2 150.6 149.9 144.6 148.8 152.5 155.7 157.2 156.1 153.7 153.6 152.1 149.3 147.8 148.8 146.5 142 132.5 130.6 137.3 136.8 133.6 134 131.6 125.9 118.6 114.3 104.8 97.4 87.3 80.1 70.9 53.4 32.1 -2.3 -2.3 -2.3 -2.3 -2.3 -2.3 -2.3 -2.3 -2.3 -2.3 -2.3 -2.3 -2.3 -2.3 -2.3 -2.3 -2.3 -2.3 -2.3 -2.3 -2.3 -2.3 -2.3 -2.3 -2.3 -2.3 -2.3
-2.3 -2.3 -2.3 -2.3 -2.3 -2.3 -2.3 -2.3 -2.3 -2.3 -2.3 -2.3 -2.3 -2.3 -2.3 37.4 61.2 77.5 106.7 120.9 124.7 134.3 144.9 152.1 155.4 152.4 151.5 153.1 156.2 159.3 157.7 153.5 151.1 150.7 150.7 149.5 148.5 147.6 142.1 138.5 136.7 139 143.4 143.5 141.4 139.1 135.8 131.4 128.3 121.2 110 104.5 96.1 81.4 78.5 74.6 48.1 42.5 35.4 -2.3 -2.3 -2.3 -2.3 -2.3 -2.3 -2.3 -2.3 -2.3 -2.3 -2.3 -2.3 -2.3 -2.3 -2.3 -2.3 -2.3 -2.3 -2.3 -2.3 -2.3 -2.3 -2.3 -2.3 -2.3
-2.3 -2.3 -2.3 -2.3 -2.3 -2.3 -2.3 -2.3 -2.3 -2.3 -2.3 -2.3 -2.3 -2.3 -2.3 33.6 51.5 68.6 88.1 120 124.9 136 149.2 155.3 156.5 154.6 156 158 159.9 161.2 158.9 153.8 151.3 150.4 149.3 147.4 145.9 143.5 141 139.8 141.5 145.2 150.8 146.9 147.3 147.9 142.1 136.6 133.7 131.9 116.8 107.7 100.1 90.1 82.6 77.8 72.8 65.9 69.8 48.7 20.2 -2.3 -2.3 -2.3 -2.3 -2.3 -2.3 -2.3 -2.3 -2.3 -2.3 -2.3 -2.3 -2.3 2.7 5.2 -0.5 -2.3 -2.3 -2.3 -2.3 -2.3 -2.3 -2.3
-2.3 -2.3 -2.3 -2.3 -2.3 -2.3 -2.3 -2.3 -2.3 -2.3 -2.3 -2.3 -2.3 -2.3 -2.3 4.9 34.2 56.3 70.8 88.9 110.9 130.4 147.4 159.7 158.2 159 161.3 163.4 162.9 162.3 159.7 154.6 153.8 155.5 152.7 148.9 146.2 144.7 144.5 143.9 145.6 149.4 150.8 150.6 152.2 149.7 146 143.6 141.8 139.7 120.2 106.5 102.9 99.3 97.5 91.1 85.8 80.8 81.5 75.6 58.3 40.4 19.8 2.7 -2.3 -2.3 -2.3 -2.3 -2.3 -2.3 -2.3 -2.3 -2.3 -2.3 24.6 34.1 31.8 -2.3 -2.3 -2.3 -2.3 -2.3 -2.3 -2.3
-2.3 -2.3 -2.3 -2.3 -2.3 -2.3 -2.3 -2.3 -2.3 -2.3 -2.3 -2.3 -2.3 -2.3 -2.3 1.1 12.3 40.4 63.3 80.1 93.5 115 139.7 155.2 159.2 162.8 166.4 167.3 163.8 160.7 158 156 155.8 155.6 155.3 152.7 149.5 148.2 147.4 148.4 150.6 153.7 156.2 158.1 160.4 161.5 160 153.6 147.2 139 115.9 107.9 105.5 103.4 102.7 101.9 97.5 86.8 78.7 75.7 71 70.8 52.2 44.2 23.3 4.3 1.4 1 1.7 6.5 18.2 24.5 3.3 34 74.8 75.4 76.7 49.7 -2.3 -2.3 -2.3 -2.3 -2.3 -2.3
-2.3 -2.3 -2.3 -2.3 -2.3 -2.3 -2.3 -2.3 -2.3 -2.3 -2.3 -2.3 -2.3 -2.3 -2.3 0.3 4 42.8 53.9 67.9 81.8 106.7 130.7 144.6 157.1 164.3 169.1 170.5 166 162.3 160 161.1 156.5 154.7 153.8 152.4 152.2 150.8 150.6 153.2 155.6 159.4 162.3 163.6 165.6 166.2 165.2 163.4 154.5 142.3 119.6 111.5 110.8 110.4 110.3 108.6 105.6 92 78.4 75.5 74.7 82.3 77.8 78 54.3 43.2 34 34.6 73 74.9 79.4 82.4 81.9 81.3 81.5 83.5 85.4 84.1 47.5 -2.3 -2.3 -2.3 -2.3 -2.3
-2.3 -2.3 -2.3 -2.3 -2.3 -2.3 -2.3 -2.3 -2.3 -2.3 -2.3 -2.3 -2.3 -2.3 -2.3 0.1 3.6 31.8 47.2 58.3 69.7 83.3 108.4 126 145.3 166.3 171.4 173.9 168.1 164.7 164.9 164.6 159.1 156.6 155.6 154.6 152.8 152.5 154.4 157.2 160.3 164.6 167.6 168.6 170.5 170 172.9 171.3 160.8 143.8 131.5 123.3 118.9 120.7 125.7 124.9 115.6 100.1 82.1 78.4 79.7 84.7 84 83.6 80 70.9 64.6 85.1 87.6 89.1 90.4 90.4 89.5 87.7 85.7 88 90.4 81.5 24.3 -2.3 -2.3 -2.3 -2.3 -2.3
-2.3 -2.3 -2.3 -2.3 -2.3 -2.3 -2.3 -2.3 -2.3 -2.3 -2.3 -2.3 -2.3 -2.3 -2.3 0.1 3.8 33.9 39.7 47.5 58.3 72 87.4 111.5 142.9 167.8 176.9 177.7 173.1 169.1 169.5 167.6 163.5 159.1 155.5 154.1 153.4 153.6 156.1 159.8 164.3 166.3 169.7 171.4 171.5 171.2 172.5 171.3 161.8 148 138 131.8 129.6 128.7 131.6 136.4 124.9 114 96.9 88.6 89.3 91.9 89.8 89.4 88.2 89.4 91.6 95 96.7 98.6 100.1 99.4 98.8 97.1 94.2 94.9 93.4 48.8 2.5 -2.3 -2.3 -2.3 -2.3 -2.3
-2.3 -2.3 -2.3 -2.3 -2.3 -2.3 -2.3 -2.3 -2.3 -2.3 -2.3 -2.3 -2.3 -2.3 -2.3 0.2 3.1 29.1 33.7 39.4 49 61.4 76.3 92.8 115.9 148.2 173.5 180.4 176.1 173.2 173.8 173.4 168.2 159 154.9 153.3 153.1 153.5 155.8 159.6 163.2 163.7 166.1 167.7 168.1 168.9 168.9 171.1 164.3 154.1 146.5 141.1 137.9 135.8 135.9 138 138.2 123.6 113.1 104.4 100.9 101.1 101 100 99.4 98.4 99.6 101.1 103.2 105.6 106.1 105.2 105.4 106 112.6 107.9 90.4 32.6 0.7 -2.3 -2.3 -2.3 -2.3 -2.3
-2.3 -2.3 -2.3 -2.3 -2.3 -2.3 -2.3 -2.3 -2.3 -2.3 -2.3 -2.3 -2.3 -2.3 -2.3 0.2 3.7 24.9 29.1 34.5 41.3 50 63.4 80 97.3 122.6 153 178.2 179.8 175.8 175 172.9 166.9 158.1 154.9 153.1 153.2 153.3 155 157.2 162 164.3 164.9 167.3 167.3 167.9 167.8 168.8 170.1 161.4 153.9 148.2 144.7 142.4 140.9 140.5 140.3 135.8 121.3 114.1 109.7 109.5 110 108.7 108 108.9 110.8 111.2 114.7 117 115.9 115.4 112.5 112.4 118 115.2 56.1 2.5 0.3 -2.3 -2.3 -2.3 -2.3 -2.3
-2.3 -2.3 -2.3 -2.3 -2.3 -2.3 -2.3 -2.3 -2.3 -2.3 -2.3 -2.3 -2.3 -2.3 -2.3 0 2.8 21.4 25.3 29.8 31.2 36.3 50.9 66.6 82 101 127 146.3 175.6 178.2 177.1 173.4 166.2 158.5 155.3 153.8 154.1 154.3 155.1 161.2 168 171.1 170.2 170.9 173.3 168.7 169.1 169.5 169.8 165.9 160.5 155.9 151.2 147.6 145.6 144.6 143 141.5 129.4 123 119.4 118.4 116 114.9 115.8 118.5 120.4 122.2 124.5 135.9 138.3 138.7 120.3 118.2 120 112.2 48.4 3.7 0.6 -2.3 -2.3 -2.3 -2.3 -2.3
-2.3 -2.3 -2.3 -2.3 -2.3 -2.3 -2.3 -2.3 -2.3 -2.3 -2.3 -2.3 -2.3 -2.3 -2.3 -2.3 1.7 12.4 21.3 23.8 30.7 30.8 41.4 53.1 66.2 80.9 100.6 119.8 146.4 174.3 179.5 175.8 169 160.2 157.5 157.5 157.7 154.6 157.2 162.3 166.6 170 172.8 175.7 176.5 174.5 176.3 178.5 179.9 182.5 172.8 163 156.7 153.6 154.3 150.6 150.3 147.4 136.1 132.5 127.7 125.2 122.1 120.7 122.7 125.7 128.3 129.3 134.3 141.8 144 145.3 139.7 125.9 125.5 123.3 60.9 20.4 1.1 -2.3 -2.3 -2.3 -2.3 -2.3
-2.3 -2.3 -2.3 -2.3 -2.3 -2.3 -2.3 -2.3 -2.3 -2.3 -2.3 -2.3 -2.3 -2.3 -2.3 -2.3 0.5 3.1 19.2 20.7 24.5 27.7 33.4 45.3 56.9 68.6 82.5 103.3 126.1 154.6 171.6 174 170.8 165 160.7 159 159 156.5 157.6 160.6 167.9 174.8 176.5 179.7 182.8 183.5 183.8 187.9 193.7 191.7 188.8 172.7 164.5 161.1 161.8 160.5 158.9 154.7 142.4 137.8 135.2 132.2 128.4 126.3 128.4 131.7 134.6 137.8 143.7 147 150.1 149.8 137.3 134.8 135.4 137.1 83.9 33.4 1.8 -2.3 -2.3 -2.3 -2.3 -2.3
-2.3 -2.3 -2.3 -2.3 -2.3 -2.3 -2.3 -2.3 -2.3 -2.3 -2.3 -2.3 -2.3 -2.3 -2.3 -2.3 -2.3 1.2 2.4 4.7 19.6 23.5 27.5 36.1 48.1 57.5 67.7 87.7 103.8 128.8 151.7 164 165.6 164.2 163 161.1 162 160.7 161.8 163.1 166.8 173.4 179.7 186.8 193 195.2 190.7 192.4 198 199.3 195.7 189.4 178.5 170.4 166.4 166.5 167.4 164 153.5 143.8 140.2 136.6 132.8 131.5 133.5 137.6 141.7 145.2 150.5 153.6 150.1 143.4 139.2 136.7 137.9 141.2 127.4 67.2 2.8 0.3 -2.3 -2.3 -2.3 -2.3
-2.3 -2.3 -2.3 -2.3 -2.3 -2.3 -2.3 -2.3 -2.3 -2.3 -2.3 -2.3 -2.3 -2.3 -2.3 -2.3 -2.3 -2.3 -0.3 0.4 1.7 3.3 16.6 27.4 36.1 43.4 50.4 62.9 76.3 88.2 108.2 136.5 146.9 148.6 151.4 148.3 155.4 160.2 162.1 164 166.4 168.9 174.3 185.8 190.4 195.1 196.4 195.5 196.6 200.8 204.6 203.2 188.2 177.1 167.4 167 169.4 170 164.5 156.2 145.5 142.5 136.5 134.6 140 144.5 149 151 155.2 154.1 148.2 143.5 137.9 123.3 125.1 137.4 127.8 95 28.9 2.1 -2.3 -2.3 -2.3 -2.3
-2.3 -2.3 -2.3 -2.3 -2.3 -2.3 -2.3 -2.3 -2.3 -2.3 -2.3 -2.3 -2.3 -2.3 -2.3 -2.3 -2.3 -2.3 -2.3 -2.3 -2.3 -2.3 2 14.9 26 29 35.7 43.6 54.3 65.4 77.6 89.1 112 111.7 117.9 119.5 130.9 142.7 155.6 162.9 165.5 168.1 172.1 176.5 180.3 185.9 190.8 190.9 192.4 192.6 197 199.1 195.1 177.8 166.3 164.7 165.4 164.9 163.4 157 149.7 146.5 141.1 138.3 142.3 149.6 155.1 157.1 157.6 160 150 147.2 116.8 111.9 119 130.4 117.3 103 39.1 13.7 0.7 -2.3 -2.3 -2.3
-2.3 -2.3 -2.3 -2.3 -2.3 -2.3 -2.3 -2.3 -2.3 -2.3 -2.3 -2.3 -2.3 -2.3 -2.3 -2.3 -2.3 -2.3 -2.3 -2.3 -2.3 -2.3 -2.3 1.5 4.8 23.9 25.4 31.2 37.7 44.2 52.2 61.9 70.2 75.9 80.5 89.9 101.6 119.3 135.3 152.9 164 166.2 166.7 169.1 175 179.1 180.9 181.7 183.5 184.6 187 189.8 192.5 179.3 168 161.9 162.2 163.1 159.5 153.6 149.9 147 143.4 142.3 147.5 152.4 158.6 162.1 163.8 156 154 125.2 110.8 103.4 106.1 114.2 111.5 104.3 63.2 26.3 2.7 0.1 -2.3 -2.3
-2.3 -2.3 -2.3 -2.3 -2.3 -2.3 -2.3 -2.3 -2.3 -2.3 -2.3 -2.3 -2.3 -2.3 -2.3 -2.3 -2.3 -2.3 -2.3 -2.3 -2.3 -2.3 -2.3 -2.3 0.9 2.8 15 24.5 25.5 29.1 34.6 38.3 46.2 50.7 57.6 62.6 75.2 92.2 115.6 138.1 153.4 163 161.9 162.1 164.1 167.7 171 172.9 176 179.4 182.4 182.2 182.1 173.9 159 154.6 152.2 150.8 152.2 150.4 148.8 148.7 147.4 147.8 151.4 157.3 161.1 161.8 162.3 158.4 152.7 132 106.9 97.4 94.7 108.2 93.3 75.2 52.6 30.5 2.8 0.7 -0.8 -2.3
-2.3 -2.3 -2.3 -2.3 -2.3 -2.3 -2.3 -2.3 -2.3 -2.3 -2.3 -2.3 -2.3 -2.3 -2.3 -2.3 -2.3 -2.3 -2.3 -2.3 -2.3 -2.3 -2.3 -2.3 -2.3 0.1 1.6 3.1 18.8 22 24.1 27.7 30.4 33.6 36.2 40.5 54.2 71.4 92.8 117.1 139 150.4 158.7 158.2 158.9 162.8 167.9 172 176.6 179.7 181.8 177.5 172.1 163.6 154.6 148 145.3 137.2 149.3 149.7 151.1 149.6 151.8 149.5 149.8 155.8 159.1 164.9 161.4 158.4 148.8 120.3 104.6 96.5 89.5 82 71 58.6 49.5 32.7 14 1.4 -0.1 -2.3
-2.3 -2.3 -2.3 -2.3 -2.3 -2.3 -2.3 -2.3 -2.3 -2.3 -2.3 -2.3 -2.3 -2.3 -2.3 -2.3 -2.3 -2.3 -2.3 -2.3 -2.3 -2.3 -2.3 -2.3 -2.3 -2.3 -2.3 0.6 1.8 2.9 13 19.7 22.8 24.6 27.5 28 36.5 51.1 71.9 97.7 122.2 134.8 141.8 145 152.5 160.3 170.2 182.7 184 191.7 183 180.9 176 161.9 151.6 144.4 138.9 130.8 138.9 144.8 148.8 146.6 146.8 145.7 144.5 152.9 155.5 160.2 157.6 149.5 128.7 110.8 104.6 108.9 96.2 76.3 61.3 48.5 39.3 28.6 21.5 2.2 0.6 -1.3
-2.3 -2.3 -2.3 -2.3 -2.3 -2.3 -2.3 -2.3 -2.3 -2.3 -2.3 -2.3 -2.3 -2.3 -2.3 -2.3 -2.3 -2.3 -2.3 -2.3 -2.3 -2.3 -2.3 -2.3 -2.3 -2.3 -2.3 -2.3 0.1 1.1 2.4 3.3 15.1 19.4 22.4 24.8 26.8 33.8 48.6 71.4 95.8 114.3 124.8 134.2 144.8 157.9 171.2 181.4 192.1 195.8 187.6 187.5 182.9 175.3 160.5 149.4 140.9 134.2 135.4 135.2 138.2 140.1 147.4 146.3 136.8 145.6 157 160 148.9 135.6 106.3 101.1 109.8 118.8 118.3 79.4 64.3 51.5 39.3 31.2 26.3 5.6 1.2 -2.3
-2.3 -2.3 -2.3 -2.3 -2.3 -2.3 -2.3 -2.3 -2.3 -2.3 -2.3 -2.3 -2.3 -2.3 -2.3 -2.3 -2.3 -2.3 -2.3 -2.3 -2.3 -2.3 -2.3 -2.3 -2.3 -2.3 -2.3 -2.3 -2.3 -2.3 0.3 1.5 2.3 3 14.3 20.2 21.1 23.9 34 46.5 69.2 93.4 111 123.6 140.8 159.7 170 182.2 194.7 196.1 189.4 187.1 184.8 183.4 182.5 162.9 150.9 146.6 138.8 133.2 134.8 135.4 141.8 138.8 128.4 142.8 151 146 137.9 106.3 94.4 94.4 106.4 123.1 123.3 111.9 74.8 63.4 58.6 42.6 28.8 31.7 11.8 -2.3
-2.3 -2.3 -2.3 -2.3 -2.3 -2.3 -2.3 -2.3 -2.3 -2.3 -2.3 -2.3 -2.3 -2.3 -2.3 -2.3 -2.3 -2.3 -2.3 -2.3 -2.3 -2.3 -2.3 -2.3 -2.3 -2.3 -2.3 -2.3 -2.3 -2.3 -2.3 0.3 1 1.7 2.3 5.5 18 19.1 23.6 33.1 48.3 73.2 97.8 116.5 137.3 153.9 170 181.5 188.6 188.6 188.2 186 186 190.3 182.6 170.9 154.6 155.1 155.4 135.9 134.9 135.2 140.4 132.1 115 111.8 112.5 115.1 99.3 83.5 78.4 84 95.5 119.8 120.2 111.8 81.5 83.5 71.9 50.9 40.2 43.3 9.2 2
-2.3 -2.3 -2.3 -2.3 -2.3 -2.3 -2.3 -2.3 -2.3 -2.3 -2.3 -2.3 -2.3 -2.3 -2.3 -2.3 -2.3 -2.3 -2.3 -2.3 -2.3 -2.3 -2.3 -2.3 -2.3 -2.3 -2.3 -2.3 -2.3 -2.3 -2.3 -0.7 0.1 0.8 1.5 2.2 3.1 18.1 16.8 26.2 35 54.7 86.8 102.7 126.2 148.5 165.1 175.8 184.9 186 184.9 190.7 189.2 188.7 185.6 169.9 161.4 164.5 167.4 150.7 140.6 141.9 135.7 122 105.1 98.7 92.6 86.3 77.5 69.2 66.3 68.7 80.5 100 102.3 86.7 78.8 69.3 67.6 49.3 42.5 26.8 2.8 2.8
-2.3 -2.3 -2.3 -2.3 -2.3 -2.3 -2.3 -2.3 -2.3 -2.3 -2.3 -2.3 -2.3 -2.3 -2.3 -2.3 -2.3 -2.3 -2.3 -2.3 -2.3 -2.3 -2.3 -2.3 -2.3 -2.3 -2.3 -2.3 -2.3 -2.3 -2.3 -1.5 -0.7 0.1 0.8 1.6 2.4 2.7 4.3 17.5 23.8 36.3 58.3 91.4 107.6 125.3 153.5 171.1 183.8 186.9 188.1 188.2 188.5 187.1 180 165.8 159 159.8 156.2 151.9 151.4 148.3 127.4 109.2 99.4 95.2 90.4 85.5 78.4 66.3 58.3 54.6 54 55.1 48.8 54.7 45.3 42.8 31 32.3 24.9 13.5 2.8 2.8
-2.3 -2.3 -2.3 -2.3 -2.3 -2.3 -2.3 -2.3 -2.3 -2.3 -2.3 -2.3 -2.3 -2.3 -2.3 -2.3 -2.3 -2.3 -2.3 -2.3 -2.3 -2.3 -2.3 -2.3 -2.3 -2.3 -2.3 -2.3 -2.3 -2.3 -2.3 -1.7 -0.8 0 0.8 1.5 1.8 2.2 2.6 3.5 14.4 22 38.4 56.3 78.5 99.8 125.5 151.6 171.9 179.8 184.8 187.6 185.5 180.9 178 158 152.8 153.1 153.7 154.5 152.3 151.8 122.4 107.4 100.3 104.2 101.2 102.5 91.4 72 61.5 40.8 37.1 35.5 31.8 24.7 18.4 20 15.5 12.3 5.7 2.8 2.8 1.3
-2.3 -2.3 -2.3 -2.3 -2.3 -2.3 -2.3 -2.3 -2.3 -2.3 -2.3 -2.3 -2.3 -2.3 -2.3 -2.3 -2.3 -2.3 -2.3 -2.3 -2.3 -2.3 -2.3 -2.3 -2.3 -2.3 -2.3 -2.3 -2.3 -2.3 -2.3 -1.5 -0.8 0 0.6 0.9 1.3 1.8 2.2 2.6 3.5 13.6 24.3 42.3 58 76.1 99.3 123.9 154.5 169.1 176 177.7 176 168.1 163.1 155.7 147.3 152.4 150.3 149.3 153.3 137.8 108.2 102.9 103.9 101.7 99.8 110.4 108.2 83.3 63.8 33.9 30.3 25.3 22.2 18.8 15.8 13.2 10.5 8.5 2.8 2.8 2.8 0.9
-2.3 -2.3 -2.3 -2.3 -2.3 -2.3 -2.3 -2.3 -2.3 -2.3 -2.3 -2.3 -2.3 -2.3 -2.3 -2.3 -2.3 -2.3 -2.3 -2.3 -2.3 -2.3 -2.3 -2.3 -2.3 -2.3 -2.3 -2.3 -2.3 -2.3 -2.3 -1.6 -0.8 -0.3 0.1 0.6 1 1.4 1.9 2.3 2.7 11.1 14.1 28.8 48.3 66.8 83.4 104.3 123.4 146.6 160.7 162.4 161.5 157.1 157.1 150.6 143.6 144.8 144.8 144.7 146.9 111.6 104 103.8 108.6 107.5 90.6 86 79.9 79.5 44.4 28.6 22.4 20 16.9 14.7 12.1 9.2 8.1 7.5 2.8 2.8 2.6 1.3
-2.3 -2.3 -2.3 -2.3 -2.3 -2.3 -2.3 -2.3 -2.3 -2.3 -2.3 -2.3 -2.3 -2.3 -2.3 -2.3 -2.3 -2.3 -2.3 -2.3 -2.3 -2.3 -2.3 -2.3 -2.3 -2.3 -2.3 -2.3 -2.3 -2.3 -2.3 -1.6 -1.1 -0.6 -0.2 0.2 0.7 1.1 1.6 2 2.5 3.7 10.6 20.1 38.9 55.2 73.6 97.1 115.9 123.6 134.4 150.4 153.7 152.6 145.9 138.9 136 129.5 125.8 132.1 129.1 108 104.9 106.9 112 115.3 92 74.9 55.9 40.1 27.7 22.3 19.9 16 13.8 11.8 8.7 7.4 7 6.8 2.8 2.8 2.5 1.2
-2.3 -2.3 -2.3 -2.3 -2.3 -2.3 -2.3 -2.3 -2.3 -2.3 -2.3 -2.3 -2.3 -2.3 -2.3 -2.3 -2.3 -2.3 -2.3 -2.3 -2.3 -2.3 -2.3 -2.3 -2.3 -2.3 -2.3 -2.3 -2.3 -2.3 -2.3 -1.8 -1.4 -0.9 -0.4 0 0.5 1 1.5 1.9 2.3 2.7 6.9 17.1 33.3 47.1 63.2 86.7 103.7 121.9 123.4 124.3 126.9 133.8 118.4 114.8 114.2 112.1 112.9 119.2 122.4 106.6 106.9 113 119.1 108.5 75.7 59 39.7 27.7 22.2 18.2 14.3 12.2 10.9 8.9 6.2 6.6 6 6 5.8 2.8 2.4 1.1
-2.3 -2.3 -2.3 -2.3 -2.3 -2.3 -2.3 -2.3 -2.3 -2.3 -2.3 -2.3 -2.3 -2.3 -2.3 -2.3 -2.3 -2.3 -2.3 -2.3 -2.3 -2.3 -2.3 -2.3 -2.3 -2.3 -2.3 -2.3 -2.3 -2.3 -2.3 -1.9 -1.4 -0.9 -0.4 0 0.5 0.9 1.3 1.7 2.2 2.5 2.6 7.9 23.9 46.1 62.6 76.5 92.9 110.5 119.4 107 114.8 108.8 106.4 106.2 107.4 108.1 110.3 117.6 114.8 109.1 107.3 108.1 117.5 97.8 68.8 44.5 26.7 20.4 17.8 14.4 11.8 8.1 7.2 7.6 6.2 5.6 5.5 5.3 5.7 4.7 2.3 1.5
-2.3 -2.3 -2.3 -2.3 -2.3 -2.3 -2.3 -2.3 -2.3 -2.3 -2.3 -2.3 -2.3 -2.3 -2.3 -2.3 -2.3 -2.3 -2.3 -2.3 -2.3 -2.3 -2.3 -2.3 -2.3 -2.3 -2.3 -2.3 -2.3 -2.3 -2.3 -1.9 -1.4 -0.9 -0.5 -0.1 0.4 0.8 1.3 1.7 2 2.2 2.1 2.5 6.9 22.9 40.9 65 80.9 78.5 77.6 79.6 89.6 97.6 98 101.1 103.2 106.6 110.8 116.4 116.8 112 109.7 110.4 107.8 84.3 54.5 30 20.6 17.5 13.3 11.6 9.5 6.6 6 5.7 5.8 5.1 5.3 5.3 5.1 6 5 2.4
-2.3 -2.3 -2.3 -2.3 -2.3 -2.3 -2.3 -2.3 -2.3 -2.3 -2.3 -2.3 -2.3 -2.3 -2.3 -2.3 -2.3 -2.3 -2.3 -2.3 -2.3 -2.3 -2.3 -2.3 -2.3 -2.3 -2.3 -2.3 -2.3 -2.3 -2.3 -1.9 -1.4 -1 -0.5 -0.1 0.4 0.8 1.2 1.4 1.7 1.8 1.7 2 2.4 2.6 3.7 26.8 39.7 52.2 58.7 69.2 81.2 86.5 92.4 95.2 94 98.8 102.3 108.6 102.6 105 101.4 90 81.6 59.6 37.1 18.6 15.5 12.9 9.9 7.7 5.6 6.1 5.4 5.2 4.6 4.8 4.8 5.6 5.8 6 6.3 6.6
