app/static/ascii/SH81.asc
ncols 200
nrows 200
xllcorner 280000
yllcorner 310000
cellsize 50
[rows 70 to 104 of 200, columns 0 to 78 of 200]
566.6 567.8 575.7 582.3 568.7 531.8 499.2 473.2 448.9 431.5 419.4 394 373.2 348.5 324.6 307 291.1 276.8 265.6 256.5 248.5 241.7 245.9 251.4 258.7 265.5 271.3 275.2 277.8 279.2 270.5 258.7 246.8 236 223.5 211.5 202.4 185.3 181.6 183.8 181.2 182.3 184.2 180.4 177.3 173.3 167.2 160.9 161.2 159.4 152.1 153.3 151.1 149.7 148.9 149.3 148.6 147.2 145.7 145 144.1 143.1 144.9 144.7 140.5 132.4 130.2 129.2 127 125.1 126.1 126.5 124.5 123.8 123.7 122.2 121.3 121.6 122.2
574.4 583.4 593.7 590.7 583.5 549.7 520.3 491.5 463.6 445.2 429.6 412.8 386.7 360.6 337.2 315.3 302.3 288.8 276.4 267 259 250.8 239.5 235.3 239.4 248.5 254.1 257.1 257.6 254.8 248.4 239 228.3 219.4 208.9 199.1 190.3 175.7 172.6 170.2 175.2 171.6 172.5 171 168 165.7 163 159.4 156.4 152.9 151.6 150.6 149.9 149.5 148.8 147.9 147.4 145.4 145.6 150.1 150.8 150.5 148.6 147.9 145 141.2 137.9 137.1 137 137.2 134.2 125.6 123.2 121.7 121.5 120.5 119.8 120 120
588.7 599.5 604.4 593.1 596.4 580.6 546.8 514.2 481.5 456 436.5 421.4 399.4 373 349.7 337.3 322.1 308.3 295 282.9 273.7 263.4 251 239.2 228.5 228.9 232.9 233.5 234.5 232.3 226.7 218.6 209.4 199.9 192.3 183.2 177.6 173.2 170.8 169 166.2 162.5 162.4 164.1 165 163.8 162.2 160.2 157.4 155.7 154.7 153.5 151.8 151.1 152.6 153.3 156.1 157.1 158.2 159.5 163.9 164.4 164.3 164.5 161.4 156.6 154.7 154 155 153.5 149.4 142.2 135.2 132.1 128.7 125.1 119.8 119 117
602.2 610.9 592.8 595.4 584.1 581.3 564.8 535.4 508.6 468.9 446.9 428 410.3 392.3 378.2 363.7 345.3 331.3 322.5 301.4 289.7 280.8 260.5 243.8 228.4 214.3 213.6 213.6 214.6 211.4 207.3 199.4 192.2 185.1 179.5 172.5 167.2 165.1 165.2 163.1 162.4 160.9 160.4 159.4 159.1 158.5 157.5 156.9 160.8 164 168.5 163.8 158.3 160.5 164.9 175.5 180.1 182.5 185.8 184.6 187.6 188.2 187.6 187 183.6 179 177.3 175.2 163.6 172.3 168.4 162.6 157.2 152.7 149.3 142.9 134 123 118.6
607.7 597.7 591.4 583 579.7 571.5 561.6 545.3 516.6 485.6 459.7 438.4 419.7 405.6 391.4 376.3 364.7 349.9 335.2 315.5 301.2 281.8 262.4 244.3 225.2 199.9 201 199.7 199.9 193.1 188.6 184.1 180.6 174.6 170.1 167.6 165.6 165.2 165.7 165.3 163.7 163.4 161.3 159.9 159 158.6 158 157.2 167.3 174.4 179.6 182.4 180.7 183.5 190 200.5 208.7 214.7 218.1 217.1 217.8 217.2 213.6 213.5 208.8 205.1 202.4 197.9 183.5 195.5 191 187.9 183 175.2 170.9 165.5 155.7 140.1 124.8
595.5 594.2 576.6 576.3 564.2 561.8 550.3 536.3 516.1 494.4 467.3 448.3 431.1 414.7 398.8 382.4 368.9 351.7 330.5 308.7 292.4 274.3 255.1 236.5 219.4 200.3 188.2 185.9 184.8 182 176.9 174.2 170.5 169.2 168.4 167.5 167.3 168.5 168.1 167.1 166.1 167.2 168.9 166.8 166.4 167.8 166.4 167.1 175.4 188.8 195.7 199.6 203.5 209.2 219.7 232.1 238.4 255.3 256.1 255.7 253.3 252 248.7 240.7 236.4 233.6 231.9 220.7 220.2 221.5 219 215.5 210.3 201.7 203.1 197.7 183.7 165.3 148.5
582.3 576.5 554.5 548.6 531.8 535.7 528.3 519.8 505.2 493 478.4 459.3 441.2 423.6 405.6 389.3 368.9 343.7 318.9 297.1 280.1 263.8 245.2 224.2 208.7 193.8 184.3 177.1 176.5 174 173 171.8 171.7 175.4 176.2 176.5 174.2 171.6 170.3 170.6 171.4 175.3 178.5 179.8 181.3 181.7 180.5 185.5 190.5 203.1 210.6 215.4 228 239.1 251 265.3 277.1 295.4 304 301.9 295.1 291.2 280.3 271.3 270.6 267.2 264.4 265.2 254.2 249.9 249.5 247.1 240.8 236.5 237.4 230.9 212 190 168.3
569.1 555.8 533.1 518.8 504.5 495.2 490.2 489.4 482.4 472.1 462.7 454.7 440.3 424 409.4 382.8 357.1 326.3 301.8 282.5 264.9 247.2 228.2 209.5 196.8 187.1 180.9 176.9 181.7 187.6 182.4 180.3 174.8 179.7 181.3 180.3 176.6 174.4 175.2 177 179.6 183 178.1 194.6 194.9 197.5 201.5 208.4 214.9 228.4 233.1 244.3 255.5 271.2 283.9 303.2 317.5 320.8 338.1 342.3 333.5 322 312.3 311.1 306.5 304.1 296.5 292.8 285.6 285.2 285.3 283.4 274.6 267.8 263.8 248.1 231.4 210.2 186.1
548 526.9 511.9 499.6 485.1 472.8 465.1 461.4 456 449.2 443 435.1 428.8 413.8 391.6 362.2 333.9 308.7 285.7 266.7 249.1 230.4 212.2 196.4 188.1 181.3 188.7 194 194.9 193.3 190.8 184.3 181.7 183.6 185 184.4 179 181.8 184.8 188.8 192.1 196.3 199.5 209.3 214.7 216.1 220.8 233.2 241 254.5 269.1 280 303.1 305.2 312.7 331 353.9 359.4 358.3 371 371.3 363.3 350.3 349.1 343.2 334.5 330.3 320.6 316.5 312.4 311 309 298.6 287.4 273.4 260.5 241.3 225.8 199.7
533.7 509 497.9 483.5 468.5 453.4 443.2 436.7 430.3 424.4 417.2 410.4 406.1 390.9 368.3 340.8 314.9 290.2 268.7 251 232.5 213.5 196.9 190.2 190.6 194 200.3 203.5 204.2 201 199.1 183.2 190.2 190.1 190.6 190.4 189 196.9 204.7 207.1 209.3 214.6 220.4 220.6 236.9 238.2 247.8 257.7 273.5 289.5 303.1 326.6 341.2 355.4 378.9 379.7 381 389.4 392.5 391.7 394 393.9 385.7 380.1 368.5 359.8 348.6 332.6 339.2 333.5 328 319.2 309.3 296.4 281.4 264 249.2 233.1 213.8
522.7 500.2 490.1 474.1 455.6 439.4 422.1 414.2 406.2 397.5 391.1 384.7 374.2 362.1 343.4 318.5 293.9 272.5 253.4 236.7 223.1 202.6 203.5 205.5 207.6 208.8 212.3 214.5 215.5 209.4 205.8 195.5 197.3 198.2 200.3 203.9 208.7 211.5 213.9 219.4 225.9 233.2 240.1 248.3 255.6 268 284.9 306.5 323.1 344.8 356.7 366.2 381.9 403.1 404.7 416.1 422.5 422.5 416.3 415.1 415 411.5 399.7 388.8 374.8 364.4 355.8 350.3 348.9 345.6 339.4 329.2 323.3 314.4 300.7 282.2 261.9 241.6 221.6
506.8 491.1 488 471.2 446.6 434.2 415.7 386.9 383 375.5 367.2 358.3 349.2 334.9 318.8 294.3 273.7 254.4 237.3 222.5 207.6 197.4 205.7 212.4 218.3 219.1 225.1 228.4 225.6 224.2 213.9 213.6 215.6 217.9 220.9 225.1 228.9 233.1 236.5 241.7 250.2 257.2 264.7 272.9 276.2 293.6 316.3 336.9 356.6 374.6 391.5 403.3 421.9 439.9 447.8 459.5 465.7 460.1 449.1 439.1 432.4 427.9 419 415.7 400 384.1 375.7 369.2 363 356 352 352 346.6 335.4 321.6 300.3 278.2 256.5 234
505.8 485.7 484.4 463.6 441.4 416.8 405.9 385.7 362.9 356.7 343.6 335.7 323.2 309.5 292.7 272.9 254.3 237.2 221.4 205.3 199.5 209.3 215.4 224.5 231.9 231.9 239 240.6 239.3 239.2 231.9 237.1 237 241.1 243.9 248.2 248.8 257.6 263.9 270.1 276.7 283.3 292.6 301.9 309.3 298.4 332.9 362.6 386.5 405.7 424.6 442.3 458.6 472.2 483.7 492 493.6 482.6 469.8 459.1 451.8 445.5 439.1 433.3 425.8 418.2 412.2 403.1 395.8 396.2 392.6 380.9 370.1 360 344.3 323.2 299.6 275.2 249.5
508.5 483.3 474.1 468.3 434.8 399 376.8 369.1 358.2 338.5 322.5 312.3 301.6 286 270.1 254.4 238.6 222.4 206 208.7 216.1 224.7 230 237.9 249 251.7 254.9 257.3 258 257.1 248.5 260.7 269.2 267.4 272.2 275.3 278 284.5 292.3 298.2 308 317.6 329.7 338.6 343.8 323.4 337.1 367.2 394 419.7 444 465.4 484 496.6 505.4 494.7 489.3 478.5 467.1 459 449.6 439.9 431.5 423.8 418.9 412.8 407.4 403.5 400 398.8 397.8 394.7 386.8 377.6 365.6 352.5 330.9 303.5 276.7
524.4 483.6 474.8 466.5 441.2 413.8 392.5 363.4 330 311.4 297.7 283.2 267 267.4 252.5 236 223.1 205.9 216.5 219.9 227.8 237.1 245.5 254.7 262.3 270.3 277 279.9 277.5 276.4 270.9 270.4 298.4 309.6 305.9 308 308.6 315.5 324 335.3 346 361.8 367.1 374.9 378.5 358.9 347.8 378.5 406.6 432.6 458.9 483.1 503.9 507.9 497.4 486.3 477.5 468 455.3 446.3 436.9 427.4 419.5 415 408.8 400.4 391.8 385.7 382.6 383.3 384.9 383.6 379.8 373.5 365.7 352.8 339 324.7 304.2
529 499.2 480.4 464.4 444 420.9 399.3 377 352.7 330.7 314.5 297.5 280 253 239.5 233.9 211.7 223.2 227.1 227.6 239.7 249.4 258.9 267.9 279 288.2 295.6 300.7 301.3 298.9 288.5 286.9 292.2 330.1 348 344.5 349.4 356.8 363.1 375.2 386 392.9 398.8 403.6 405.9 388.2 363.7 397 424.7 451.6 476.8 490.3 500.5 494.6 481.4 469.8 458.6 449.5 438.9 430.1 422.1 415.4 408.7 402.3 394.8 385.9 375.6 367 363.2 364.3 365.1 365.7 362.4 357.2 349 341.3 330.8 318.5 304
523.6 496.5 474.4 454.4 434.7 414.3 393.4 370.7 347.7 332.3 314.2 293.1 273.7 258.7 244.1 219.8 226.2 232.8 236.3 245 252.4 263.9 275.1 288.8 301.2 311.1 321.9 329.8 331.9 321.3 311.4 307.6 308.2 326.8 355.3 375.2 383.8 398.4 406.1 411 417.1 422.8 426.3 429.7 432.3 418.1 380.4 414 442.4 467.4 484.8 493 489.5 476 463.1 450 439 429.9 421.8 412.5 406 399.8 393 386.1 378.5 368.8 357.1 347 343.1 342.6 344 344.9 342.2 337.5 332 327.2 318.2 306.6 294.3
517.6 490.9 469.6 449.2 429.1 403.4 377.9 359.3 341.2 325.3 307 288.6 268.4 254.3 241.7 213.3 228.7 237.9 245.5 257.4 265.8 279.9 295 312.8 326.3 336 349.1 359.2 358.5 345.3 334.4 325.3 324.6 323.5 345.5 369.8 394.7 417.1 432.5 442.6 451.8 455.5 458.9 463 461.5 439.7 410.3 432.5 459.2 481.8 490.5 487.7 473.1 458.8 445.1 431.4 419.1 408.5 399.8 392.5 387.2 380 372.5 365.6 358.6 349 337.5 322.1 321.1 320.8 322.5 322.4 319.7 316.9 314.3 308.7 301.4 291.9 279.2
508.7 483.5 461.7 444.9 420.2 390.6 372.3 351.4 332.6 311.5 293.3 280.2 261.7 249.9 238.4 226.3 225.8 246.4 257.8 268.2 283.9 302.4 318.4 334.5 352 365.1 378.1 387 386.1 370.7 358.8 348.5 340.4 342.2 342.7 364.3 386.3 413.1 438.1 462.9 490.1 493.8 497.3 496.8 485.7 464.3 435.9 453.6 477 494.4 490.1 474.5 456.5 442.5 427.3 413.3 399 386.5 377.7 369.8 363.1 355.7 349 342.2 334.3 325.8 318.2 306.9 298.6 298.5 299.1 298.6 296.2 295.3 295.2 290.4 283.7 274.3 263.1
505.3 479.8 459.7 432.5 404.6 382.5 361.6 343 322.5 304.1 287.4 271.9 258.6 245.2 233.4 225.2 239.8 256.1 269.7 284.4 304.5 324.2 342.6 360.2 376.4 390.8 405.7 410.9 411.8 398.7 385.3 375.9 368.1 361.3 358.7 362.3 382.2 408 436 468.4 512.6 535.4 538.5 533.2 513.6 488.1 471.8 479.4 496.9 499.5 479.8 459.1 439 420.8 404.8 392.5 381.2 367.9 356 346.6 338.9 331 324.5 317.4 309.7 303.9 295.8 288.9 276.1 276.9 276.4 275.9 274.2 274.3 274.2 271.2 264.8 255.4 244.7
507.8 479 457 433.3 406.6 380.4 356 331.2 316.9 299.5 281.1 260.7 251.8 244.3 237.7 229.1 251.9 266.9 283.3 303.4 325.1 345.8 368.4 387.4 400.2 418.4 433.3 438 436.9 431.5 423.8 405.5 396.3 380.5 378.6 380.7 383.6 410.1 437.8 468.1 507.3 547 568.3 560.8 542.3 516.8 504.9 509.3 515.1 499.9 473 447.2 423.6 404.7 380.7 366.4 354.5 343.8 333.4 323.3 311.6 306.4 300.2 294.1 288.6 282.1 275.1 268.9 256.8 253.6 253 251.2 252.5 253.5 253.3 251.3 245.9 236.2 225.4
501.3 480.8 454.4 433.6 409.6 383.2 359.2 336.9 313.9 291.4 284.6 273.7 260.4 248.1 240 241.7 263.2 280.2 299 321.5 343.8 365 386 406.8 422.6 440.8 456.9 469.5 468 463.7 456.6 443.6 429.7 414.6 410.3 410.8 409.7 417.6 445.7 473.4 508.5 552.6 587 583.2 567 547.3 540.6 538.6 522.7 496.4 468.7 441.8 411.9 384.1 362.3 338.5 320.5 311.3 301.1 293.3 282.7 279 274.4 271.5 266.6 259.7 251.4 244.5 235.6 227 223.9 224.1 228 231.4 231.7 228.9 225.2 216.8 206.4
483.3 476.1 460.5 439.8 413 383.8 351.4 335.4 326.6 310 292.5 277.4 261.9 249.6 244.3 254.3 273.6 293.7 315.3 339.4 365.4 384.9 406.3 426.8 444.8 463.2 483.9 498.2 500.4 494.3 491.2 487.7 482.2 454.3 457.9 455.6 438.1 439.6 457.2 483.1 514.2 557.9 602 606.1 591.5 581.2 571.2 550.7 526.4 498.5 468.3 439.7 408.2 376.1 344.1 317 296.2 284.2 274.3 269.9 262.2 257.3 248 243.2 244.3 235.3 227.4 218.4 207.7 203.8 199 195.6 198.7 205.3 204.8 193.8 199.2 194.7 184.9
489.1 475.3 461.5 447.2 423.7 403.7 381.2 360.5 340.7 319.8 299.8 282.2 263 255.6 248.2 265.8 284.4 307.5 330.7 356.3 380.2 402.8 426.5 446.9 467 489 509.2 527.8 533.6 529.4 524.7 524.6 520.7 513 495.1 481 475.9 473.5 477.6 500.4 528 570 616.9 627.8 620.8 612.1 594.7 561.1 533.3 506 475.7 448.7 417.8 384.8 357.4 337.5 328.2 316.1 304.6 300.2 293.8 283.8 275.5 263.8 255.7 252 245.7 239.5 232.8 227.9 223.5 213.2 204.6 189.9 179.3 179.6 171.1 173.3 165.4
498 481.8 468.1 453.5 442 421.3 397.5 373.9 349.7 328.5 307.9 289.5 272.8 262.3 252.7 274.2 294.3 320.7 343.8 367 395 416.1 442.6 466.7 489.6 514 532.7 554.1 566.5 565.7 562.5 559.5 555.7 552.6 533.2 507 501 501.1 506.5 520.2 550.7 592 629.2 647 648.4 639.8 606.2 570.9 542.5 516.7 493.1 466.2 434.8 413.9 392.6 382.4 364.6 347.7 339.3 331.9 318.9 308.6 298.3 286.9 279.9 272.3 265.6 259.6 254.9 247.6 242.4 236.2 226.4 211.9 197.5 184.9 173 160.4 147.1
529.9 508.6 495.3 479 461.5 437.4 416.2 385.4 360.7 339.5 317.2 297.8 279.4 263.3 264.8 282.3 301.4 328.6 352.3 375.2 402.4 430 458.2 483.6 512.2 536.5 560.4 580.3 598.3 603.4 603.9 601.3 597.1 591.4 572.1 544 528.3 529.5 536.2 550.8 579.7 617.4 642.6 659.7 664.2 661.2 617.8 580.4 552.2 527.1 504.1 479.9 461.4 441.3 424.8 414.2 398 383 370.4 357 342.6 330.3 319.4 310.2 302.4 294.4 287.3 281.3 276.3 270.7 263.7 255.5 238.5 223.4 204.1 186.9 171.5 163.1 151.5
593.5 570 543.2 512.3 494.2 464.6 449 422.9 375.9 350.7 330.3 305.3 286.5 268.3 270.4 287.9 306.7 331.2 355.8 382.6 411.1 441.9 471.3 502.6 530.8 557.5 583.8 604.1 621.2 630.2 638.6 641.6 637.6 634.3 616.5 585.4 572.9 563.7 572 589.5 613.3 641.7 658.8 668.1 674.2 673.5 639.2 596.8 567.6 542 519.3 499 481.5 466.5 456.7 441.6 425 410.8 395 382 367.6 354.1 343.7 334.1 326.5 320 314.7 307.6 301.9 295 286.8 271.6 246.4 225 206.7 186.2 171.1 159 145.7
614.5 615 594.5 579.1 546.2 518.2 474.3 433.8 392.4 361.6 337.1 313.5 292.2 271.3 276.2 290.7 310.5 333.8 357.6 384.8 415.5 449.2 480 513.2 541.7 572.8 596.9 614.2 631.7 642.9 651 657.7 658.1 662 648.8 633.3 616.1 615.1 619.3 638.2 657 663.6 670.3 671.1 673.3 671.6 663.9 626.6 594.6 570.2 544.3 521.7 508.8 499.2 488.5 474.1 455.6 439 425.4 410.1 395.8 382.1 371 361.8 353.5 346.3 340.4 335.6 329.5 316.9 296.3 274 244.4 222.9 202.8 181.9 165.1 151 140.3
613.1 615.8 614.4 611.4 564.5 511.7 473 437.9 400.8 369.1 342.9 317.8 295 272.2 284.1 296.9 312.5 328.9 357.6 388 420.9 452.7 486.1 519.5 551.3 580.8 602 619.9 637.6 649.9 660.7 666.1 667.4 672.5 673.3 673 666.2 660.6 661.1 667 670.5 668.7 669.4 667.9 666.3 665.4 664.1 656.5 632.6 606.3 578 558.5 545.4 533.3 522.6 506.2 490.2 474.3 457.9 442.5 426.2 412.9 401 392.3 382.5 376.9 369.8 360.2 340.9 317.1 294.4 269 239.9 217.1 195.7 174.2 158.2 144.5 147.5
611.6 611.9 611.4 602.9 558 508.4 469.9 434.5 401 371.9 345.4 320.3 297.2 276.7 289.4 305.2 321.7 339.6 349.5 389.9 428.7 460.6 493.1 525.7 559.6 587.3 611.7 631.1 643.1 654.1 663.8 670.3 675.5 676.8 678.2 677.8 675.7 672 667.2 667.9 665.8 665.1 663.9 661.1 657.2 655.5 653.1 652.8 651.3 649.2 625.5 608.1 589.6 577 562.4 547.6 528.6 512.1 494.2 477.8 462.1 450.9 438.5 427.1 417 402.9 382.3 358.5 332.3 308.5 283.5 258 231.8 209 187 167.5 151.4 143.5 156.5
602.2 603.9 603.8 597.1 547.1 500.3 465.7 432.4 400.3 371.5 345.9 320.9 297.1 281.1 297.3 317.6 335.7 356.3 373.2 395.6 430.1 463.9 497.6 529.7 565.4 597.2 621.3 638.2 647.2 655.3 662.4 668.3 673 677 678.3 676.1 672.4 668 662.5 660.3 658.3 656.1 655.3 652.2 648.5 644.6 642.9 642.7 643 645.6 645.6 644.8 639.2 627.3 600.4 566.5 543.4 524 506.2 486.9 473.4 460.1 452.5 438.5 422 398.3 372.8 345.8 321.3 293.9 269.4 245.7 222 199.9 177.9 160.9 146.1 151.1 164.2
584.2 590.2 592.2 582.4 533.7 495.5 459.1 426.6 396.3 368.8 343.9 319.9 297 285.2 307.1 329.3 350.4 374.6 400.6 400.1 447.6 477.6 507.7 543.3 579 610.3 629.2 638.7 645.5 652.7 658.9 665 670.6 673.2 673.1 671 667.4 661.3 653.2 649.1 648 646.4 644.5 639.8 633.9 630.9 629.6 630.3 633.3 637.5 639.7 641.1 640.1 609.4 570.3 536.5 512.3 491.6 475.1 465.3 455.2 443.1 435.6 423.9 409.5 385.5 357.6 329.3 305 279 255.2 232.7 211.4 190.2 170 154.8 147 158.9 172.9
558.9 565.7 576.6 561.7 525.7 483.7 449.8 419.5 389.8 363.7 338.6 315.8 292.5 295.2 317.6 339.1 363.9 390.4 422.3 442.3 472.4 497.6 521.9 552.5 586.9 610.4 623.3 633.7 641 647.9 654.5 660.2 663.4 664.1 665.8 663.4 660.4 654.3 638.9 634.1 634.6 633.6 631.3 626.8 617.1 610.7 612.8 617.1 624.8 630 634.4 634.6 633.7 590.4 550 521.5 494.8 471.4 451.2 435.3 426 418 410.5 401.9 389.7 367.6 343.8 315.2 289 264.6 242.4 221.3 201.1 181.1 163.3 151.5 149.2 166.4 182.7
582.3 550.1 561.7 544 511.7 479.8 441.5 410.3 383 357.4 333.2 310.4 290.5 308.4 329.9 352.8 379.4 408.3 440.3 473.2 484.5 506.3 535.9 564.1 582.4 592.8 607.9 625.6 633.7 641.5 648.2 652.7 655.9 657.4 657.8 656.9 654.5 648.4 635.9 614 617.7 619.1 617.3 613.5 604.4 587.9 591.8 609.7 619.4 625.3 629.3 629.5 623.3 579.5 537.1 509.3 482.6 459.7 436.5 415.8 403.9 393.5 385.2 378.3 370.3 349.7 322.2 296.9 272.7 250.9 229.8 210.1 189.9 172.8 156.5 151.3 160.8 174.8 192.7
579.5 549.5 552.2 522.2 489.4 460.5 429.3 401.5 371 348.4 326.5 301 308.1 326 345.7 368.5 397.4 427.2 457.2 488.7 484.3 514.5 540.4 556.7 561.3 569.8 584.4 604.2 621.6 633.8 641.3 647 651.1 652.5 654.6 653.8 651.4 645.8 632.4 616.3 593.1 601.7 602.3 600.2 593.4 575.4 589.9 604.6 613.9 620.1 623.8 604.8 585.3 568.4 528.4 498.3 472 449.5 427.3 406.5 387.4 373.1 361.4 352.5 344.6 326 300.1 278.1 256.5 236.3 217.1 197.6 179.6 163.1 153.2 153.2 167.1 182.9 202.8
