app/static/ascii/SH82.asc
ncols 200
nrows 200
xllcorner 280000
yllcorner 320000
cellsize 50
[rows 140 to 174 of 200, columns 78 to 155 of 200]
530.9 548.7 551.3 538.7 515.5 502 491.4 477.8 466.7 457.7 450.1 441.2 430.6 418.3 409.1 410.7 414 418.2 423.3 430.7 434.1 441.2 461.7 479 500.3 521.3 539 564.1 587 604 618.5 631.8 647.4 658.8 669.2 683 696.2 723 751.3 773.3 806.9 807.8 810.3 817.5 826.5 840.9 842.7 839.9 818.5 789.9 739.3 709 695.7 674.7 674.3 666.3 671.9 678.8 680.3 676.7 663.4 626.5 594 570.6 548.8 527.5 520.6 524.6 533.1 544.5 559.7 574.9 593.5 615.6 635 625.6 611.9 611.7
534.6 548.6 554.3 548.9 526.6 516.5 504.4 493.5 480.9 470.1 462.2 456.6 448.7 440.3 433.7 433.1 435.7 436.7 439.6 446.2 452.7 455.6 459.2 476.8 497.5 517.8 540.2 557.8 580.6 604 618.8 633.2 648.5 659.6 670.7 686 698.4 725.9 746.5 770.5 797 799.8 805.4 810.1 822.8 837.4 843.2 843.6 822 786.8 733.9 699.8 689.6 665.1 651.4 643.9 644.4 653.7 661.8 662.8 652 618.6 586.8 562.9 543.2 530.6 534.8 542 552.2 565 582.8 600 620.2 641.9 648 634.3 627.8 628.3
528.3 545.9 557.3 550.6 536.6 524.6 521.2 510.4 498.1 489.2 477 471 464.8 458.2 454.9 455.3 455.9 456.8 458.6 468.1 466.3 472.4 477.3 477.8 494 516.2 539 559.6 578.5 598.2 615.1 633.2 649.4 662.4 674.2 688.7 700.3 724 750.6 770.2 789.3 795.5 800.1 807.3 819.6 834.8 839.2 842.3 829.4 777.5 727.6 695.4 672.4 660.3 641.7 618.8 621.6 626.5 639 645.6 644.2 612.2 581.5 560.2 548 547.8 552.2 560.4 574.9 592.1 607.9 626.5 649.1 654.8 648.9 641.3 637.6 641.6
516.3 535.3 549 550.5 538 530 530.4 524.3 518.1 515.7 493.3 484.3 480.8 475.8 473.2 474.3 474.8 475.3 477.1 484.8 483.3 485.2 487.5 500.6 508 517.6 526.8 553.2 575.4 591.1 615.1 631.8 649.4 665 677.5 691.1 701.6 727.2 748 766.9 775.7 793.4 797.6 813.2 817.8 828.4 840.8 845.7 822.2 772.3 732.8 694.3 659.7 639.3 625.2 610.1 602.2 604.5 616.7 629.2 634 613.2 581.2 565.4 562 565.1 574.9 587.1 600.2 620 636.8 657.5 657.7 657.8 655.3 649 649.6 649.1
498.1 517.5 537.2 553.1 545.6 535.2 531.3 535.7 539.2 542.3 528.6 507.7 497.7 492.6 488.9 486.9 489 492.5 498.3 497.9 496.8 498.9 503.4 516.6 524.8 536.5 549.9 565.1 583 598.4 616.8 633.1 652.4 666.7 677.3 687.8 706.7 725.6 747.2 757.6 771.9 792.7 797.7 814.2 821.8 835.9 841.6 842.6 811.3 765.4 718.4 687.4 651.1 625.9 614 598.7 589.1 588.4 598.9 613.1 623 614.8 587.7 577.5 584.6 586.2 601.2 612.5 630.9 649.2 657.2 658 659.2 663.1 662 661.8 663.9 661.3
489.5 507.5 526.2 547.1 544.8 538 534.8 546.6 550.9 556.7 556.5 548.5 531.4 518.3 512 504.8 512.3 527.7 552.1 531.6 518.4 515.8 521 531.4 541.4 549.8 563.3 576.9 595.9 614.3 626.5 641.2 656.6 672 682 691.5 706.8 725.3 748.2 768.4 775.8 791.9 797.4 822.4 830.5 842.6 844.6 840.6 799.2 759 711 674.8 644.2 616 603.1 587.4 583.5 580.8 586.2 598.6 611.8 615.3 601 593.9 607.1 611.7 618.2 627.5 638.1 648.2 653.8 655.8 663.2 674.4 673.4 672 685 682.6
473.9 493.4 511.2 536.1 541.2 537.3 536.4 545 553.3 560.6 566.8 565.2 567.3 560.9 553.1 560 572 586.1 587.7 569.4 548.7 542.1 542.7 548.8 556.9 568.2 579.6 594.4 608.7 624.6 640.4 655.3 666.4 676.5 688.1 700.4 714.4 738 757.6 774.6 783.6 793.4 799.7 810.7 817.6 837.9 845.4 836.7 796.5 747.7 699.6 659.7 627.5 605 590.7 578.9 576.5 576.5 576.5 588.2 601.3 608.5 601.8 611.2 611.1 614 619.2 626.6 633.5 640.8 645.8 652.4 661.7 666.8 664.3 667.7 677.5 673
467.5 487.6 496.9 512.9 531.1 530 535.5 538.8 546.9 557.8 569.9 575.7 579.7 585.6 588.1 598.7 599.1 600.1 601.9 599.5 591.7 579.4 577.7 579 587.7 601.6 606.6 614.2 625.8 638.6 655.9 667 679.4 689.8 695.2 704 723.7 745 756.8 771.6 783.2 796.3 803.5 809.7 818.2 831.7 839.6 821.6 797.8 762.4 706.2 658.1 626.2 606.1 590.2 576.5 576.5 576.5 576.5 579.4 591.2 597.3 604 607.1 607.6 610.1 615.4 620.8 623.7 629.5 634.4 639.5 644 646.1 648.5 652 656.3 659.2
457.2 478 487.1 501.1 513.1 520.2 529.6 534.5 544.6 555.4 572.5 582.7 583.2 589.3 596.5 602.9 613.4 607.9 607.5 610.2 604.6 602 604.4 609 616.3 621.5 629.1 634 644.9 656.8 672.5 684.3 693.4 699.4 705 715.5 733.7 749.5 760.1 771.6 788 800.8 809.5 812.8 820.1 828.7 837.9 832.4 780.2 746.2 704.8 667.5 635.5 606.6 585.5 576.5 576.5 576.5 576.5 576.5 584.8 592.9 597.1 600.3 602.8 606 609.9 610.6 612.7 614.8 617 621.9 623.1 626.5 629.6 633.9 638.6 645.2
450.8 466.4 479.6 491.9 499.9 512.2 523.4 529.1 543.1 551.2 570.3 580.7 582.3 585.6 594.2 606.4 609.5 607.8 607.6 609.7 611.6 611.4 616.4 624 626.3 633.8 642.3 647.5 659.1 675.7 689.9 699.2 706.2 714.6 723.1 731.6 740.2 747.5 759 774.8 796.2 810.6 812.7 820.2 835.2 848.2 863.7 857.6 834.4 803.7 743.3 694.9 642.6 603.3 589.8 576.5 576.5 576.5 576.5 576.7 583 588.1 594.9 598 601.2 601.4 601.7 600.5 601.8 600.8 600.2 602.2 603.3 606.6 611.5 615.9 621.6 628.4
445.8 460.6 473.5 483.6 492.9 509.4 520.3 528.5 537.9 552.2 565.7 578.7 580.3 581.5 591 602.2 608.7 611.9 617.8 616.7 615.3 617.8 622.8 628.7 640.2 644.4 650.6 657.3 669.6 687.3 702.2 708.8 717.3 727.7 734.4 738 749.3 757.1 771.8 786.9 800.6 812.3 822 826.4 848.9 868 880.6 883.3 871.9 831.8 773.7 702.8 645.3 610.2 592.1 576.5 576.5 576.5 576.5 580.2 582.8 586.7 595.2 597.5 598.4 597.4 595 593.1 590.1 587.7 587.3 586.6 585.7 588.5 592.7 598.8 600.5 605.3
438.8 452.5 470.7 480.2 490.8 508.2 521.5 531.5 535.8 548 562 574.2 577.7 579.5 589.2 596.3 606.5 613.7 619.5 617.3 616 618.3 626.9 637.4 645.2 650.8 660.6 669 683 692.7 709.8 719.2 727.3 743.4 750.9 759.7 763 773.3 784.3 794.2 809.2 821.2 829.7 839.3 860.2 878.7 893.4 897.2 866.7 816.1 767.7 703.7 645.7 611.2 589.6 576.5 576.5 576.5 576.5 579.3 583.3 586.6 594 595.2 593.5 590.7 586.9 585 581 577.7 572 572.8 574.2 576.1 579.5 582.8 584.1 587.3
449.6 468.8 479.7 487.7 497.4 509.7 527.4 534.7 541.3 555.2 565.8 575.8 579.6 582.5 590.8 596.5 603.1 608.7 613 615.9 616.3 622.9 631.8 641.2 648.8 653.7 666.5 676.2 687.5 706.1 717.7 728.2 741.3 752.9 764.8 772.6 781.5 790.5 802.1 812.7 823.3 827.7 841.7 852.6 862 882.4 897.5 900.8 848.2 809.6 757.6 707.1 647.6 610.5 594.5 578.3 576.5 578.9 580.4 580 583.4 586.5 590.3 589.1 585.9 581.4 578.3 573.8 570.5 567.1 563.3 558.3 557.7 559.2 561.4 563.7 566 569.4
455.7 471.2 484.4 493.4 502.4 512.3 530.4 536.9 548.6 559.7 569.8 576.5 584.2 590.5 593.8 601.1 606.9 609.1 611.6 616 619 626.5 634.5 642.2 649.3 661.9 671.7 680.4 697.5 712.5 723.8 735.7 746.8 763.5 774.1 784.2 794.1 801.2 812.3 825 834.8 844.2 854.2 863.9 871.8 882.4 889.4 873.6 842.5 799.2 741.8 684.5 645.4 605.6 595 580.9 581.4 582.7 584.7 581.4 571.8 580.5 582 582.1 576 571.5 567 564.9 561 557.1 553.7 550.7 549.3 551.5 553.6 554.5 555.7 555.9
455.4 476.3 489.3 496.4 507.9 514 531.2 539.9 552.6 563.9 573.6 580.3 588.6 595.8 604.5 606.4 609.5 610.7 614 618.1 622.4 629 635.9 641.6 650.9 661.4 674.2 686.1 702.9 716.8 727.6 737.6 750.8 769.6 783 795.8 803.9 818.4 826.4 834.7 845.3 851 859.3 866.6 872.5 884.3 888.2 870.2 822.7 772 724.2 669 629.2 602.9 591.1 583.7 584.3 583.6 580.5 574.4 564.2 571.5 571.2 567.2 563.4 560.2 557.1 554 550.3 547.5 545 542.8 542.5 542 543.7 545 545.5 545.3
458.9 475.4 488.1 496.3 507.5 513.6 529.3 546.3 556.1 567 579.1 587 595.4 603.4 611 612.5 614.8 617.3 620.2 622.8 625.5 630 636.6 642 649.7 662.8 672.5 687.9 706.4 720 728.1 740.7 752.4 773.6 790.4 807.5 815.6 827.5 835.7 846.3 852.8 857.8 861.8 869.2 873.1 880 874.4 833.6 788.4 740.5 701 655.8 614.9 589.2 582.4 580.8 578.7 574.1 569.5 565.3 560 557.1 558 555.2 552.5 548.6 546.2 543.5 541.7 539 536.8 534.7 534.1 532.2 532.8 533.4 534.4 534.3
457.6 472.5 483.7 492.6 502.8 510.7 527.3 548.5 556.7 573.5 583.1 594.3 601.9 608.5 614 617.9 618.1 620.8 623.4 626.2 628.1 630.4 635.3 637.3 649.8 665 675.4 691.3 708.6 719 722.1 741.9 762.3 777.3 794.2 809.4 822.3 832 843.9 854.2 859.7 862.5 869.4 869.6 871.9 862.2 834.2 794.1 757.9 720.2 682.2 637.7 600.7 580.2 574.2 571.1 566 560.4 556.1 553.4 549.6 542.8 545.2 542.7 541.3 538 536 533.3 533.3 531.4 528.5 526.8 524.9 523 521.7 522.9 522.6 522.2
456.2 468.8 482.6 489.4 495.8 505.9 519.3 541.5 554.6 573 587.6 599.3 605.4 614.4 616.2 616.2 618.9 621.5 624.4 627.7 630.8 630.5 634.2 640.5 652.4 662.5 675.8 687.8 709.7 718 726.8 740.8 760.7 782.8 794.7 816.8 826.6 838 847.1 858.1 864.6 868 871.9 872 864.2 823.9 812 770.9 724.5 692.6 650.3 609.7 582.1 568.7 565.7 563.6 552.2 548.4 542.6 543.1 538.7 528.9 531.1 531.4 530 527.7 526.1 524.9 522.5 521.3 519 518.3 516.4 514.1 512.2 511.4 511.8 510.7
454 462.6 477.5 483.8 488.9 499.4 508.1 525.7 546.8 565.6 578.6 594.2 604.4 616.6 616.6 616.7 618.5 621 623.3 628 631.3 632.2 630.4 639.6 649.9 664 670 687.4 705.5 713.8 723.7 746.8 763.6 784.1 796.6 814.9 827.2 840.1 848.9 858.1 866.2 869.5 869.7 870.4 854.9 815.8 776.8 735.8 703.7 670.6 628.9 600.5 569.5 558.9 556.1 551 540.5 535.1 532.5 530.9 528.1 523 518.3 519.4 517.2 514.9 514.5 515.8 515.1 512.1 510.1 508.4 506.1 504.3 503.4 501.5 499.3 498.9
451.7 458.6 468.5 475.9 481.4 492.6 498.8 513.6 532.3 547.9 562.6 580.5 600.6 613.4 613.7 612.7 615 616.8 620.1 625.5 630 629.9 630.6 639.5 651.4 660.4 670.7 681.7 702.6 713 723.3 750.8 768.4 785.8 800.7 816.1 829.7 841.3 849.9 859.9 867.9 870.8 870 865.2 849.8 832.6 760.8 708.7 687 659.3 623.3 583.1 564.3 551.4 544.4 539.6 529.5 525.4 523.6 521.2 518.6 512.9 506.8 509.5 508.9 508.5 508 507.3 504.9 502.2 500.5 499.3 496.5 493.2 491.6 490.7 486.6 486.4
451.4 457 461.8 468.7 475.1 484.9 492.3 503.7 519.7 534.5 549.9 566.5 592.4 601.8 604.1 606.1 609.3 612.4 615.8 621.6 625.8 626.7 629.8 637.5 647.1 661.8 671.7 685.8 704 716.3 728 746.6 763.9 779.5 794 808.7 824 842.7 852.9 863.3 869.8 877.9 870.5 857 831.6 786.3 735.6 694.1 657.3 645 609.2 567.7 555.6 543 536.5 530.7 522 518.9 515.4 513.3 511 508.7 505.9 504.4 505.1 502.9 502.1 500.9 498.9 496 494 491.4 488.8 485.5 483.5 481.4 477.4 475.4
451.4 456.8 461.3 466.3 472.4 479.7 488.1 496.2 508.7 523.6 536.3 557.1 573.1 581.9 590.3 595 601.5 606.3 611.7 617.2 620.2 620.9 626.2 635.8 647.1 658.3 671.4 681.8 700.9 712.6 727.2 739.2 763.7 771.7 786.2 797.6 816.2 831.5 846.7 853.5 866.2 864.5 854.2 847.2 835.1 781.6 717.7 677.6 641.7 613 587.7 563.2 551.7 539.6 532.1 527.4 519.5 515.8 513 511.1 508.5 506.6 503.6 501.8 499.7 499.8 498.9 497.5 494.5 489.4 486 481.4 479.4 477.3 475.2 473.1 471.8 468.7
451.9 458 462.2 466.9 472.1 478.7 486.3 493.4 503.7 513.7 527.6 541.4 550.6 566.9 575.8 584.2 589.1 597.3 605.6 612.6 615.4 615.1 621.8 634.4 645 657.4 667.9 678.5 688.6 708 725.7 739.5 755.7 768.3 789.9 799.4 809.2 822.1 836.1 840 846.5 850.4 842.7 834.8 811.1 768 712 655.9 629.1 604.5 585.5 569 554.8 546.2 535.5 527.2 523.6 516.4 510.8 507.6 506.2 504.7 505.6 505.2 504.6 503.6 501.9 501.1 499.4 499.4 495 488.5 481.3 472.6 464.6 460.5 462.4 461.1
455.5 460.5 465.4 469.3 473.1 478.4 485.9 493 500.1 508.8 521.3 530.2 540.6 553.1 560.9 571 580.6 589.3 597.6 602.2 606 608 618.2 629.7 640.7 655.4 668.4 673.9 687.2 701.8 721.8 737.4 752.9 768.1 782.2 797.1 805.1 821.6 823.1 828.4 833.7 834.7 831.1 821.6 802.4 755 717.5 642.7 620.5 603.6 589.5 576.2 564.4 553.6 542.8 534.8 525.9 519.8 515.1 511.4 508.2 508.5 510.4 512.9 512.5 512.6 515 516 515.4 513.8 509.3 501.5 491.1 480.1 472.9 469.4 461.6 454.5
456 463.6 468.3 473.4 477.2 481.8 487.6 493.8 499.4 505.2 513.2 522.3 534 542.4 552.5 560.3 572.6 579.4 586.6 593.3 597.5 601.1 616 628.4 643.2 653 662 673 684.7 702.2 717.4 731.5 745 767.1 777.7 786.3 796.9 810.9 817.4 818.3 818.6 820.5 821.9 814.6 798.7 734.4 686.7 642.2 621.1 611.3 600 586 573.2 559.4 548.4 539 534.4 529.1 525.2 519.4 517.4 520.2 522.8 526.5 529.1 529.4 531.1 533.5 534.8 531.7 526.5 516.7 505.8 495.1 484.3 470.3 463.2 455.7
456.1 458.9 463.2 473.6 479.1 483.8 488.8 493.8 498.1 501.8 507 514.3 523 532.7 540.9 551.2 562.2 570.4 577.8 585.8 590.8 598 613.5 630.2 644.4 651.6 659.2 671.3 684 696.3 726.2 729 744.3 759.2 766.6 776.7 784.2 794.3 801.9 806.6 806.7 803.3 806.6 796.5 776.8 726.6 673.1 646.8 632.2 621.4 608.9 594 579.5 565.7 554.8 548.4 544.2 539 537.6 534.3 536.2 540 542.2 546.9 550.1 551.9 553.8 555.4 558.5 560.2 552.5 539.3 522.6 509.8 498.3 479.3 466.9 457.1
470.6 471 471.6 470 476.5 484.1 488.4 492.6 495.2 498.2 502.9 509.1 516.8 524.9 534 543.4 553.8 562.7 571.6 585 589.3 596.1 614.1 632.4 645.6 651.8 658.6 671 683.7 691.8 709.7 719.7 739.4 751.8 756.1 764.5 775.6 786.4 792.6 795 795 783.8 789 788.1 775.4 708.9 677.9 653.6 640.6 628.2 614.5 600.4 586.2 575.6 568.9 565.2 561.5 556.7 555.8 556.2 561 564.7 566.2 570.6 573.7 576 577.4 580.1 588 593.5 585.7 560.2 539.7 523.7 507.8 487.1 468.3 464.2
478.7 478.9 477.7 474.8 474.6 484 487.1 489.9 491.9 494.2 498.4 503.7 510.9 515.5 527.2 539.5 545.6 554.3 569 579.7 589.8 596.2 615 632.1 646 653.7 661.4 672 683.1 693.3 704.2 716.5 730.7 736.5 744.2 754.9 765 772.1 780.1 777.6 772.8 768 775.6 776 765.3 715.1 685 659.8 645.7 634 620.4 606.4 597.4 588 585.2 582.1 579.4 577.5 578.4 581.4 587.4 589.7 591.7 595.6 600 602.6 606.4 610.3 617.3 616.9 602.3 577.4 554.6 529 512.2 492.9 482.6 476.5
487.7 486.6 485.6 485.4 483.6 481.3 481.8 486.2 488.9 491.5 495.3 499.1 503.1 510.9 520.2 532.8 543.3 555.3 568.1 580.4 588.8 598.7 613 628.3 641.6 648.7 659.1 671.6 686 695.1 698 704.3 713.1 724.7 737.6 751.7 756.6 753.7 761.9 762.5 759.7 756.2 762.6 769.6 775.5 725.9 695.7 670 651.2 638.5 626.9 616.8 608.3 603.6 601.6 599.9 597.4 597.7 599.9 603.2 611 615.4 618.4 624 628.6 630.5 632.3 635.6 640.3 632.4 612.8 592.3 570 543.7 519.4 502.9 493.7 486.1
494.5 492.4 489.8 489.6 490.7 486.4 487 486.9 485.5 491.6 493.9 498.4 504 510.7 517.9 531.6 542.2 551.5 564 578.8 588.8 599.2 614.5 621.4 633.5 643.1 658.1 663.7 677.6 688.1 692.4 698.2 708.9 711.3 724.5 730.7 737.3 740.2 746.6 750.8 750.8 750.1 752.3 767.4 767.6 740.4 710.2 680.7 662.7 647.8 635.8 627 620 618.9 618.5 617.5 615.8 617.4 618.3 624.6 633.3 640.8 646.4 652 657.2 658.5 657.1 654.7 656.9 645 624.5 608.2 579.8 554.8 535.1 522.5 507.7 498.8
500.8 497.4 496.3 499.9 502.1 496.5 496 492.3 490.6 493.6 493.7 498.7 505.7 511.4 518.2 529.2 539.1 549 563.6 577.5 589.7 604.1 621.9 630 638.5 644.5 654 661.9 672.1 681.5 688.2 694.4 700 703.7 714.1 719.1 729.1 734.2 734.7 737.8 741.8 748.4 750.8 760.6 760.9 759.2 738.3 702.5 681.1 662.7 648.9 640.1 636.4 635.2 636 634.7 632.7 634.2 637.9 646.4 656.9 665.9 673.7 681 685.9 688 682.3 678.8 673 651.5 633.6 613.2 597.5 568.7 547 541.8 522 505.6
507.3 501.6 502.2 507.2 513.6 507.8 506 499.5 498.5 499 498.9 499.9 503.5 513.2 520.3 528.1 536.3 548.3 561.7 573.4 590.6 606.1 624.6 634.2 642.4 648.2 655.9 666.2 671.6 676.5 684.9 690.4 694.4 695.9 708.5 709.9 716.5 724.4 728 730.3 732.5 744.5 748.2 753.6 754.4 758.7 759.3 732.1 707.7 683.4 668.7 661.4 657.3 655.6 654.5 652 651.1 652.2 658.1 670.8 681.7 691.5 699.5 706.5 713.3 709.3 703.1 702.3 684.7 653.8 636.7 620 613.8 586 560.3 548.2 532.6 520.3
511.1 505.7 505 510 515.8 514.8 515.1 508.3 506.9 508.2 505.8 506.8 506 509.7 522.1 529.8 536.1 547 558.5 572.8 589.7 609.3 624.5 633.6 641.6 645.9 652.4 665.8 671.3 675.2 681.2 686.7 688.9 691.8 700.2 703.9 711.3 712.6 715.5 720.4 731.7 733.2 744.1 747.6 752.5 756 760.6 762.1 740.1 713.5 700.7 689.7 682.8 680.5 676.9 674.9 673.3 677.3 684.7 695.8 708.2 715 721.5 724.8 727.9 723.4 721.2 720.9 701.9 658.7 638.5 628.1 622.2 598.6 571.5 554.3 546.4 539.3
509.8 506.4 507.6 514.7 515.3 517.9 518.2 516.4 511.9 513 511.9 513.4 519.1 526.2 527.5 529.7 539.9 548.4 560.2 571.2 589.6 611.1 625.5 634.7 641 643 653.3 662.2 667 671.2 678.3 681.2 683.2 686.2 691.7 696.3 699.2 703.3 707.4 716.2 730.1 734.7 744.1 745.8 753 755.8 762.6 768.5 762.2 754.1 737.7 723.2 721 714.6 706.6 702.1 698.8 705.2 712.4 721.8 729.1 735.8 736.7 730.3 729.1 729.4 731.4 726.1 713.3 673 649.1 635.5 619.1 598.9 578 565.8 556.4 549.1
505.2 507.2 509 515 516.6 525.6 523.8 522.4 525 525.6 527.1 534.2 536.9 539.1 536.3 538.1 544.1 551.3 561.4 572 588.3 614 625.5 637.7 641 641.5 648.9 654.4 660.3 666.1 671.3 675.7 678.3 681.7 685.1 689.4 693.2 697.9 703.7 713.6 724.8 731.4 742.8 748.4 754 758.6 764.1 765.2 746.7 764.7 764.2 753.5 745.7 737.7 731.9 729.6 729.3 735.8 742 743.8 744.5 737 732.2 729.7 729.5 732.9 729.1 730 722.9 700.8 670.9 653.4 639.3 607.3 588.6 581.2 573.7 571.1
