app/static/ascii/SH85.asc
ncols 200
nrows 200
xllcorner 280000
yllcorner 350000
cellsize 50
[rows 70 to 104 of 200, columns 78 to 155 of 200]
313.4 318.6 325.1 331.6 334.7 338.8 341.4 343.5 347.5 352.8 356.2 359.4 364.2 367.7 371.3 373.4 374.6 375.5 377.6 378.8 380.1 380.9 381.3 382.5 384.6 386.9 389.3 392.7 396.1 397.7 398.3 399.2 398.9 398.7 400 398.8 394.6 388.6 381.4 376.6 373.4 369.3 365.4 365.7 368.4 367.4 370.1 370.2 368.6 370.4 372.9 373.7 376.9 377.3 377.4 380.2 383.8 388.1 392.6 397.4 401.6 406.4 411.5 417.4 421.9 425.1 426.6 424.2 424.4 421.5 417.8 416.3 417.5 416.2 415.6 413.7 416.7 418.7
313.4 319.4 324.9 329.6 335.1 339.3 343.3 346.1 348.5 353.5 357.8 361.7 366.7 371 373.9 376 377.6 378.9 379.9 380.9 381.6 382.6 383.4 384.6 387 389.3 391.8 394.2 398.1 399.2 400.9 402 400.9 399.1 398.1 395.6 391.5 383.8 377.4 374 371.3 367.1 363.5 362.6 363.7 363.3 365.6 366.1 364.8 367.6 370.7 370.1 371.7 372.7 376.1 379.9 383.8 388.2 394.4 401.1 406.2 411.2 416.7 422.5 428.6 434.3 436 437 435.4 433.5 431.3 428.9 424.9 422.8 422.8 422.1 422.6 424.7
316.4 321.1 326.6 332.1 337.8 340.8 344.5 346.9 350 355.1 359.5 363.6 368.2 374.5 377.4 378.6 379.7 380.5 381.9 384.3 385.4 384.9 387.1 387.6 389.7 391.5 393.5 397.2 400.3 401 402.3 401.7 400.3 400.1 396.7 393.6 389.2 379.9 374.6 371.3 368.9 364.2 361.8 360.5 360.1 360.1 360.1 361.2 362.5 362.7 366 370 372 374.3 377.3 381.1 384.5 388.8 395 401 409.4 417.7 421.6 428.2 432.1 440.6 445 442.9 441.8 438.5 436.3 433 430.2 427.6 427 426.4 427.2 428.2
320.8 325.3 330.5 334.6 340.5 344 346.8 349.7 353.4 358.8 361.7 366.4 372.4 378.2 380.9 382.2 383.5 385.2 386.7 387.8 388.4 387.6 389 390.8 392.9 394.7 396.3 400.7 402.3 402.9 403.4 400.9 399.2 398.9 396.7 391.8 384.7 377.1 372.9 369.7 366.9 364 361.8 359.9 358.9 358.5 358.5 359.3 360.1 362.5 366.7 371.3 373.2 375.6 378.4 382.7 385.7 389.6 395.2 400.9 407.4 414.3 421.6 428.2 434 439.8 442.8 442 439.8 437.7 435.8 431.9 430.8 429.8 429 429.7 430.5 430.5
330.2 330.5 334.1 339.4 343.6 346.8 349.6 353.1 355.2 360.9 364.3 369.2 377 382.4 384.9 386.2 387.1 388.7 390.1 391 391.7 391.4 391.6 393.4 395.4 397.3 398.8 401.7 404.4 402.7 400.7 398.9 399.1 398.8 397.3 392 382.2 375.5 372.5 368 365.4 364.4 364.3 361.7 360.2 357.7 358.1 359.2 361.1 365 369.2 372.9 376.2 378.8 381.6 383.9 387 390.4 395.2 400.4 408.1 414.3 420.7 427.7 433.7 437.4 440.2 440.8 439.8 437.9 433.9 430.7 431.1 431.8 431.6 431.6 433.7 436.4
335.1 334.3 336.3 342.3 344.8 348.2 349.9 352.8 356.7 362.2 367 372.8 380.9 386.4 388.3 389.3 390.8 392.1 393.2 394.1 394.7 394.4 394.5 396 397.6 399.3 400.5 401.6 401.4 398.5 397.2 397.7 399.5 399.7 396.9 390.6 378.7 375.5 372.4 366.9 363.4 364.2 365.5 364.3 362.2 358 357.8 359.4 364 368.3 371.7 374.8 378.3 381.8 384.6 386.3 388.3 391.5 395.9 401.8 405 408.4 413.4 420 426.2 432.1 435.5 435.8 435 433.2 430.4 426.4 428.5 429.5 430.2 432.5 436.7 437.7
338.7 337 336.8 341 344.5 347 351.1 355 359.4 364.3 369.4 376.4 385 390.2 390.4 391.2 392.9 395.2 396.3 396.8 396.6 396.5 397.5 399.4 401 401.6 401.5 399.7 397.9 395.7 394.9 397.8 398.1 396.2 392 381.3 377.4 375 371.1 364.2 361.7 362.6 364 364.7 362.8 358.6 357.4 359.6 363.6 367.5 372 376 379.8 384.4 387.2 388.5 390.5 394.9 399 402.1 403.8 407.3 411.9 418.7 419.8 422.5 422.2 422.7 424.2 423.3 420.8 420.6 419.5 419.6 425.2 428.9 429.5 432.4
340.6 340.5 339.2 343.9 346 347.7 352.9 358.1 363.2 367.2 372 377.1 382.7 387.1 391.1 390.7 392.5 395.1 395.8 397.3 397.4 397.7 399.2 401.5 403.5 402.8 400.2 397.9 394.8 393.2 393.4 393.4 393.6 390.1 384.2 376.2 375.6 372.4 368.7 364.5 360.2 359.3 360.7 362.3 360.9 357.2 357.8 359.8 364.6 368.8 374.8 378.8 382.6 386.9 390 393 395.1 400.4 405.4 407.6 409.2 409.4 413.1 418.2 419.2 419 418.3 418 416.4 416.5 415.2 413.7 412.5 412.1 414.7 417.3 423.5 425.3
341.1 341.8 340.7 345.6 346.8 348.7 355.5 360 365.7 369 372.3 376.5 382.5 386.3 387.7 391.6 391.1 393.5 395.5 397.2 397 396.9 398.7 401.3 403.6 401.7 398.7 394.3 391.4 390.7 391.5 391.4 387.8 383 376.6 374 373.2 369.1 365.8 362.3 358.1 356.9 357.4 358.6 358 355 359 362 368.6 373 378.1 383.5 387.7 391.6 394.5 395.7 399.3 404.7 408.3 410.7 412.4 412.5 414 415.4 416.5 417.8 418.4 416.6 409.2 404 408.4 408.6 408.9 410.3 410.9 416.8 423.6 422.8
341.6 341.7 339.9 340.8 345.3 348.8 355.2 359.4 365.7 368.3 371.1 378.6 381 381 381.1 381.9 381.8 388.9 388.9 391 392.7 394.3 395.7 397.6 400.6 398.7 395.7 391 388.1 387.7 387.7 386 383.3 379 374.5 371.6 368.9 365.6 363.4 359.4 355.1 354.5 354.9 354.5 354.2 352.6 359.5 364.6 369.3 377.1 382.5 387.1 391.1 393.2 395.1 396.5 402 408.4 411.1 413.1 413.6 412.8 413.2 413.3 413.4 414.8 416.7 416.1 408.7 402.6 401.1 403.2 407.6 410.8 411.7 414.9 420.2 422.6
341.2 339.8 337.3 338.9 342.2 347.2 352.1 355.7 359.7 364.9 371.4 375.6 377.6 378.5 379.2 379.9 380.8 383.4 384.9 387.8 389.7 391.8 392.7 395.4 397.7 395.4 392.7 388.3 385.9 385 384 382.9 381.4 378.6 373.9 368 365.1 362.2 361.2 354.7 352.6 351.6 350.8 350.8 350.2 353.8 356.4 363.9 369.6 376.2 382 386.4 392.9 394.8 396 397.1 403.6 411.4 413.8 415.2 414.6 411.9 410.9 410.6 410.6 411.9 414.2 415.1 411.5 403.2 401.1 401.6 404.1 404.3 410.6 416.7 417.2 419.6
339.2 337.9 335.1 338.2 343.1 350.1 352.4 357 360.4 367.3 370.9 374.6 377 378.2 379.2 379.8 380.4 381.7 382.8 384 385.3 387.9 389.6 393.2 394.6 392.5 389.8 386.4 384.3 383.6 382.2 381 379.5 377 373.4 367.3 362.3 359.4 356.3 353 351.4 350.5 349.3 348.4 348.9 349.9 351.3 357.1 365 371.9 376.2 381.2 390.9 394.4 395.5 399.9 406 408.4 413 417.7 415.2 410.7 408.5 407.7 407.3 409.1 411.8 414.4 411.1 405.3 400.9 400.2 401 401.6 403.8 415.6 420.5 422.2
336.1 334.2 332.6 338.5 346.7 349.1 352.4 358.5 360.7 366.1 370 373.2 376.2 378.6 379.2 379.7 380 379.6 379.5 380 382.1 383.7 385.3 389 390.7 389.4 387.2 384.2 383.5 382.6 381.3 380.1 377.4 374.9 371.3 367.4 360.6 357.7 355.4 353.2 351.1 349.9 349.1 347.7 348.1 349.1 351.2 354.9 362.2 369.4 373.9 379.6 384.9 387.5 391.2 401 403.7 406 409 411.4 412.5 407.2 404.9 404.5 403.7 405.3 407.9 411.2 409.5 404.7 399.9 400.1 401 402.8 404.8 411 417.8 424.7
331.5 330.9 330.8 337.3 342.7 344.1 348.4 356.5 360 363.5 366.4 369.5 374 378.6 378.5 379.2 379.1 377.1 376.3 376.3 378.3 380.4 382.3 385.4 387.1 385.8 383.6 383.5 382.9 382 380.8 379.1 375.6 373.3 369.8 366.1 361.5 359 356.4 354 351.9 349.8 348.7 347 347.4 348.5 350.5 354.1 361.4 368 372.1 377.1 381.7 384 386.4 398.1 397.8 400.8 403.8 402.9 403.2 402.2 400 400.8 400.3 401.5 403.9 406.9 408.1 404.1 399.1 399.5 400.3 402.5 405 408.4 412.4 420.9
328.4 328.4 328.4 337.5 340.1 343.4 343.4 347.8 352.8 355.6 363.8 366.7 366.7 367.6 371.7 373.3 374 371.8 372.6 372.9 374.6 377 379.3 382.4 384 383.3 382.6 382.9 382.5 381.6 380.3 378.6 375.6 372.4 368.9 365.1 361.9 359.6 357.8 355.6 353.3 352.3 349.3 346.8 346.2 346.9 350.3 353.7 359.8 365.6 370.7 375.9 379.6 381.5 382.9 387 388.3 393 396 399.1 398.7 396.9 396.7 397.5 397.2 398.2 399.8 403.3 406 403.8 398.7 399 399.6 402 405.7 411.3 415.7 420.3
325.3 327.4 327.4 332.2 335.6 339.6 342.2 343.8 347.3 351.9 355.3 358.6 358.7 358.7 361.5 361.6 364.3 367.5 368.8 367.5 371.2 373.7 375.9 379.3 380.9 381.5 381.9 382.3 382.6 381.2 380.1 377.9 375 371.4 367.1 363.7 361.7 360.6 359.2 357.9 356.1 355.6 351.1 347.8 346.1 344.7 347.4 352.2 359.1 365.1 370.9 376.6 378.5 380.5 382.1 384.6 382.9 383.6 389.5 393.4 392.8 392.4 392.6 393.1 393.7 395.3 397.7 401.8 405 403.4 398.7 398.2 399.3 402.3 408.3 411.7 418.5 423.2
321.8 325.8 324 325.5 330.5 336.3 333.6 342.7 347.3 349.8 352.6 354.3 352.8 352 352.8 356.3 362.5 364.6 364.8 363.7 367.2 370.1 372.4 375.7 379 380.5 381.3 382.4 382 380.5 379.6 377.3 374.6 370.3 365.7 362.6 361.5 360.4 359.5 358.7 358.1 356.1 351.1 348.3 346.4 344.3 346.3 351.2 356.8 364.4 371.5 375.6 377.7 379.7 380.7 379.3 379.1 379.5 382.2 385.9 385.9 387 388.3 389.9 390.9 392.8 396.2 400.5 403.6 403.1 398.2 397.9 400.4 405.1 410.1 418.1 423.7 424.7
321.4 322.6 321.2 320.4 323.7 326.1 332 338.9 344.2 347.4 350.1 350.9 350.5 350.1 349.5 351.7 354.8 359.2 359.4 357.7 362.4 366 368.8 372 375 379.1 380.6 382.6 381 380 379 376.3 373.4 369.8 364.6 361.9 360.5 359.4 358.3 357.9 357.6 355.2 350.4 348.2 345.9 342.9 346.5 349.7 354.1 363.7 371 374.8 377 378.7 378.5 378 378.2 378.2 380.3 381.7 382.9 383.8 385 386.7 388.1 391.4 394.9 399.2 403.3 401.8 398.1 397.4 400.3 408.9 412.3 424.5 427.7 424.4
320 323.1 322.8 318.4 325.2 321.4 332.1 336.4 341.2 343.8 346.7 349.1 348.4 347.6 343 345.9 346.5 349.8 348.5 354 358.7 362.7 366.2 368.8 373.4 376.6 378.8 380.7 378.6 378.8 377.2 374.7 371.4 367.2 363.1 360.9 359.4 358.1 357.3 356.4 355.6 352.9 349.5 347.9 345.6 342.2 346.2 349.3 354.7 361.8 369.2 374.2 377.2 377.7 378.7 378.3 377.5 377.4 378.8 379.5 380.1 381.2 382.3 384.2 387 390 393.7 398.6 400.9 399.3 394.9 400.3 401.9 408.3 415.6 416.7 422.6 422.6
319.6 323.5 321 319 322.5 320.6 329.2 334.6 338.4 341 342.4 343.3 339 336.7 335.8 338.2 338.5 339.6 344.4 349.7 354.2 359.5 364 367.8 372.7 375.3 377.1 376.3 375.7 375.2 373.5 371.5 368.6 364.7 361.6 360 358.6 357.4 355.8 354.3 352.6 350.7 348.7 346.8 344.6 340.3 343 346.1 356.6 364.8 370.7 375.6 378.4 379 379.1 378.4 376.9 375.9 377.5 376.6 377 379 380.6 382 384.1 387.7 391.6 397.2 398 396.7 395.3 399.9 401.8 407.6 409.8 414.7 417.8 416.5
317.6 318.2 317.3 316.9 312.1 319.9 326.4 329.8 333.5 336.5 334.8 333.1 329.5 329.8 333.4 334.2 332.9 337.4 342.5 348.5 353.8 357.8 362.8 366.8 372.1 374 374.2 373.1 372.7 371.8 371 368.7 366.1 362.7 361.2 360 358.7 357.4 355.7 352.7 350.7 348.7 347 345.1 342.1 339.4 342.3 348.4 356.5 364.6 369.3 374 378.7 379.6 379.8 379.3 375.9 372.5 371 371.1 373.1 375.1 378.4 380.3 382.2 385.5 389.5 394.8 394.9 394.1 391 393.9 396.7 400.5 407.2 409.2 409.7 408.7
311.6 312.3 311.8 312.6 315.4 317.2 322.2 324.4 326.6 326.8 326.6 325.7 323.7 324.4 328.1 329.5 329.8 335.6 340.5 346.8 350.6 353.5 359.4 365.1 367.3 368.1 370 369 369.9 370.9 369.4 367.4 365 362.6 361.4 360.2 358.7 357.3 355.2 352.9 349.9 347.7 344.8 341.7 338.9 338 343.8 349.5 353.9 360.5 365.6 372 376.7 378.4 380.3 377.4 372.5 369 368.7 369.8 371.7 373.8 375.7 378.1 380.4 383.6 387.8 392.2 391.3 389.6 379.9 387.1 391.5 400 401.1 403.8 403.4 402.3
307.5 306 307.9 308.6 312.7 313.6 316.3 319.6 323.1 323.9 323.5 321.4 318.9 320 321.6 322.6 328.1 333.9 338.9 345.4 349.1 352.7 356.6 360.4 362 363.7 365.2 367.2 369.8 371.6 370.5 368.8 366 364.1 362.6 361 359.3 356.9 354.9 352.4 349.9 347.1 343.8 339 335.5 338.9 344.2 348.1 352.4 357.5 363.4 369.7 374.5 377.4 378.2 373.9 368.9 366.2 367.5 368.7 370.6 372.3 373.5 375.5 378.4 382 386.7 388.8 387.9 383 377.1 377.1 380.2 390.9 394.7 393.9 394.3 396.8
307.3 305.4 303.4 308.4 309.6 311.9 313.4 318.3 320.8 322.1 319.5 316.3 314.9 315.5 319.3 322.5 327.4 333.4 338.4 344.6 347.8 350.6 353 356.5 359.6 361.8 364.9 368.5 371.7 372.9 372.1 370.3 367.1 366.1 364.7 363.1 361.2 358.2 354.8 352.5 350.1 347.9 343.4 338.6 335 338.1 341.9 346.5 350.6 355.2 360.4 366.8 372.8 376.2 374 370.1 366.1 364.9 366.7 367.5 369 370.6 372.4 374 377 381 384.2 385.5 384.7 380.1 375.8 375.5 376.7 382.4 389 390.4 392.9 397.3
309.2 306.9 301.5 302.4 306.4 307.5 311.1 315.3 316.8 318.9 315.9 313.4 309.5 315.4 319 322.3 326.2 330.1 337.7 342.7 344.5 346.3 352.5 356.6 360.4 363.5 367.3 370.3 372.8 373.1 372.6 370.5 368.6 368 366.3 364.3 362.1 358.9 355.2 353.2 351.2 349 345.7 337.5 333.9 336 339.3 344.2 349.5 353.8 358.4 365.2 371.6 373.6 370.3 366.8 364.1 365.3 366.6 367.7 368 369.3 371.4 373.4 375.9 378.2 380.6 382 382.5 381.4 377.5 374.5 374.9 376 378.1 384.7 388.4 392.8
308.6 309.8 302.6 298.2 301.4 303 307.6 310.2 310.4 309.6 310 307 313 315 317.4 320.7 324.6 328.5 334.2 339.2 341.9 348 354.7 358.5 362.4 365.9 369.4 371.4 372.8 374.4 374.1 371.8 370 369.7 367.1 365.2 362.7 360 357.1 353.9 351.7 349.6 346.5 340.3 333 334.5 338.4 343.8 347.9 351.7 357.4 364.9 369.6 368.7 366.2 363.7 364.2 365.6 367.6 369 369.4 369.5 370.9 372.6 374.7 376.9 378.5 380.9 383.4 383.2 381.4 375.3 373.2 374.6 375 377.2 381.4 386.7
307 306.7 303.4 298.9 297.5 299.8 302.4 304.8 305.7 304.2 302.2 307 309.6 313.8 317.1 320.5 324.3 328.5 332.8 340.5 344.6 351.4 356.3 360.4 364.3 368.1 371.1 372.6 374.4 375.4 374.5 372.7 372.3 371.8 369.6 367.5 364.5 361.3 358.4 354.8 351.9 348.8 344.4 339.3 334.1 333.4 338.5 341.8 345.7 349.9 355.2 361.1 365.4 363.4 361.7 359.8 363.7 366.1 368.9 370.2 369.3 369.4 371.1 372.8 374.5 377.2 380.4 383.5 386.7 387.3 385 380.9 373.7 372.2 372.9 373.9 375.3 383.6
304.5 303.4 301.8 298.8 296.4 294.6 297.6 299.3 300.8 305.3 307.2 309.3 311.7 315.9 318.2 321.8 326.7 331.3 336.1 342.1 347 351.1 356.5 360.8 364.6 368.5 371.7 372.9 373.9 374.5 373.7 372.9 375 373.6 371.5 369.4 365.9 362.7 359.8 356.4 353 349.1 343.6 339.5 334.5 333 336.7 339.2 343.2 348.5 352.2 355.6 358.6 357.7 355.8 357.9 361.4 364.3 368.6 369.4 368.5 369 370.4 372.5 375.9 379.4 382.3 385.5 388.9 391.4 390.3 383.5 377.8 374.1 372 372.1 375.1 380.8
306.4 302.4 300.1 298.6 295.6 294 295.1 295.6 298.5 306.2 307.1 308.9 311.3 314.4 318.3 322.5 327.9 332.6 339.4 344.6 349.8 354.2 359.1 364.1 367.2 369.6 371.7 373.9 375.3 374.6 373.1 371.6 371.2 369.4 367.9 367.1 365 362.9 360.4 357 352.9 347.6 342.1 338.7 335.3 330.4 335.1 336.8 340.7 346 347.5 349.2 351.7 351.8 349.1 354.7 358.2 362.3 366.9 367.5 367.6 368.4 370.7 373.5 376.8 380.1 383.5 387.3 391.4 395.1 392.3 387.2 380.5 377.3 373.7 370.4 375.8 379.7
304.4 304.4 299.9 298 295.8 293.7 293.7 292.7 298.4 303.1 307 308.9 310.8 312.7 316.7 321.4 326.8 332.7 338.5 345.8 352.7 357.4 363 367 369.5 371.8 374.4 376.7 377.1 376 374.2 371.4 369.6 368.2 366.4 365 363.9 361.2 358.9 355.4 350.3 343.4 338.2 336.2 333.6 330 330.7 331.4 337.2 341.4 342.7 343.7 345.4 343.2 348.7 351.9 354.9 360.3 365.2 365.8 366.5 369 372.1 374.9 377.7 381.2 384.9 388.7 393.1 395.5 392.4 388.7 383.2 379.3 372.8 369.3 373.7 377
306.2 304.4 302.1 297.3 295 293.1 291.8 292.2 293.3 299.1 304 308.4 308.3 312.1 316.6 321.3 327.3 334.7 341.9 348.6 355 360.8 366.5 369.8 371.4 373.9 376.4 378 377.6 376.8 374.2 371.7 369.4 367.5 365.4 365.1 364.1 361.4 358.6 354.4 347.8 341.7 337.5 335.4 333.4 332.4 331.2 327.7 332.4 336.4 338.7 339.2 338.9 341.3 346.6 349.5 353 358.8 362.9 364.4 367.2 370.5 374.4 377.2 379.7 382.8 386.1 389.5 391.9 391.9 390.8 387.7 383.2 378.8 371.5 367.8 371.7 375.3
309.4 305.8 303 303.3 295.6 292.7 291.1 291.1 291.5 292.4 295.3 304.4 304.4 310.5 315.5 321.2 328 334.3 342.4 351 357.8 363.9 368.7 371 371.8 374.2 374.1 376.5 377 376.7 373.6 370.3 367.8 366.2 366.6 367.1 366.1 363.7 361.1 356.3 347.3 341.1 336.7 335 332.8 334 332.6 328.2 328.8 333.3 335.3 335 334 341.3 345.1 347.9 352 358.1 360.9 363.3 368.2 373.5 377 379.1 381.6 383.9 386.3 388.7 389.7 388.4 387.5 384.9 380.6 376.8 372.9 365.1 367.7 372.8
308.3 306.1 303.6 302.1 298.8 294.6 291.2 290 290.2 292 293.8 297.4 304.7 310.7 315 321.7 330.4 337.3 346.4 353.5 359.7 362.9 365.7 369.4 370.3 371.4 372.6 374.2 374.2 372.7 372 369.8 367.2 363.3 361.4 360.2 358.5 359.2 354.9 349.5 345.5 340.5 335.5 332.6 329.5 325.7 325.5 326.2 328.2 331.4 332.5 329.5 332.1 337.5 342.8 346.9 351.4 356.1 359.1 364.1 372 376.6 378.8 380.6 382.8 385 386.7 387.3 387.6 386.3 384.8 381.4 376.5 373.2 370.5 364.6 364.9 368.5
308.5 305.8 304.9 303.8 302 300.7 293.2 288.8 288.2 290.2 293.2 298.4 305.4 311 316.3 322.8 330.4 339.6 349 354.7 358.4 362 364.6 366.3 368.9 369.9 370.8 370.5 370.2 369.4 368.6 365.5 363 359.5 358.5 355.9 350.8 346.4 342.5 343.1 339.6 331.5 327.4 324.3 322.3 322.7 328.7 328.5 326 325.7 326.1 327.1 328.7 333.2 338.3 344.9 349.4 353.9 358.5 365.7 374.9 379.1 381.2 382.7 384.1 385.6 386.1 385.8 385.3 383.8 381.2 377.3 373.1 370.3 368.1 362 361.8 365.5
307.2 306 306.5 304.7 302.1 300.2 300.2 290.7 287.5 287.4 293.8 298.7 303.4 310.4 316.4 323.7 329 334.4 345.4 354.9 356.2 360.8 361.8 361.6 362.3 362.8 362.8 363.3 362.4 363.6 361.5 356.9 353.6 351.4 345.6 341.4 338.2 336.6 335.2 332.5 329.6 326.7 323.8 321.6 322.5 328.4 328 324.6 322.2 322.1 323.4 324.5 326.6 331 337.3 345.8 350.8 354.8 359.4 368.9 375.8 380.1 382.1 386.6 386 386 385.2 383.8 382.7 380.2 377.5 373.3 370.2 367.6 366 359.9 359.4 362.8
