app/static/ascii/SH86.asc
ncols 200
nrows 200
xllcorner 280000
yllcorner 360000
cellsize 50
[rows 70 to 104 of 200, columns 78 to 155 of 200]
274.7 276.6 275 268.3 272.4 278.5 281.3 283.6 284 287 291.2 292.8 293.2 293.6 295.1 298.1 301.4 301 300.8 302.1 303.4 303.3 301.2 299.3 298.4 297.5 295.6 294.1 292.3 291.3 288.8 286.1 280.7 278.2 275 270.6 267.5 262 260.8 258.6 256 254.5 251.5 248.1 243.5 238.1 239.2 236.1 225.8 224.4 227.9 216.7 215.8 210.9 204.8 206 202.7 209.1 209.1 210.2 212.2 212.7 213.2 212.8 212.7 211.3 206.4 199.7 192.9 186.1 176.6 162.9 156.3 154 147.5 157.7 162.6 164.1
272.9 271.4 271.5 274.3 276.5 278.9 279.9 278.5 279.7 282.2 287 288.9 288.9 292.8 296.2 299.5 302.4 301.9 301.4 302.1 303.4 304.1 301 299.6 298.7 299.4 296.7 291 288 288.7 286.1 279.9 278.1 274.5 270.8 267.9 264.3 259.6 253.8 251.4 249.2 246.4 243.8 237.6 233.9 232 232.3 228.2 238.1 237.4 234.2 229.5 225.1 219 211.7 211.5 212.7 216.1 215.3 212.3 215.4 217 217.2 215.3 212 207.9 201.8 194 187.9 179.1 174.8 167.1 160.9 154.3 147.3 152.3 162.7 162.3
274.5 272.8 272.1 275 277.1 279 278.6 277.1 278.2 280.1 283.5 284.8 287.9 293.8 297.9 301.6 302.8 302.4 302.3 302.5 303.1 303.4 301.7 299.9 299.1 297 290.6 286.8 286.3 283.2 280.2 276.7 276.2 271.1 267.2 263.5 261.2 256.2 249.7 244.7 239.2 234.6 233.7 232.3 230.9 229.3 230.9 237.5 243 241.7 237.4 232.7 226.8 218 211.9 217.9 218.9 219.8 218.8 217.9 219.7 220.6 220.5 217.7 214 209.7 202.8 198.9 192.2 190.3 183.6 173.9 164.1 151.7 150.4 155.3 160.7 159
275.1 272.9 272.8 274 276.6 278.8 277.3 276.8 278.2 279.6 282 285.7 290 293.9 298.7 301.2 303.1 303.3 303.4 303.3 303.3 303.5 301.9 299.2 298.4 292.1 287.1 284.7 282.9 280.4 276.1 274.5 271.5 267.7 265.1 261.3 258.5 254.5 245.8 239.3 236.9 236 234.1 233.2 231.6 230.7 233.2 239.4 244.7 241.9 236.2 230.9 225.8 214.8 218.4 222.3 222.9 223.8 222.3 221.8 222.6 223.3 222.8 219.5 216 211 207.3 203.3 197.5 193.5 189.4 182 170.8 156.7 151.3 155.8 156.5 154.4
275 273.4 273.2 273.2 275 277.3 276.6 276.3 278.2 279.9 282.6 287 293 296.3 299.5 301.8 304.2 305 305 304 303.5 303 302.4 298.5 293.3 290.1 286.3 283.7 284.2 280.6 275.1 272.3 266.5 263.3 260.3 259.8 256.4 251.6 245.2 239.4 240.6 241.5 238 235.2 235.3 232.4 234.8 238.9 241.3 238.8 233.8 229.9 224.8 219.1 223.9 225.2 225.8 225.1 224.5 224.5 225.3 225.8 224.9 222.6 219.4 213.7 212.3 207 200.1 199.3 196.3 181.4 173 160 152.5 151.7 153.7 153.5
275.2 273.5 273.2 273.7 274.1 275.3 275.2 276.4 277.9 280.2 283.6 287 293.7 297.5 300.4 302.6 305.3 306.8 305.6 303.9 302.6 300.4 298.8 296.8 290.4 285.6 284.3 280.9 280.7 274.2 270.1 264.8 259.9 254.8 254.2 255.9 254.9 250.2 242.7 245.3 246 244.2 238.2 240.2 238.6 233.4 233.8 236.7 236.4 234.6 231.6 227.3 221.7 224.1 226.7 227.1 227.2 226.9 226.8 227.2 228 228.1 227.4 226.9 221.7 218.9 216.9 207.5 195 187.7 181.3 177.8 170 156.9 152.1 151.9 152.4 152.9
274.7 273.8 273.2 273.4 273.8 274.1 274.6 276.2 277.5 280.9 284.4 288.4 293.5 298.5 301 303 305.9 306.2 304 301.2 299.1 296.5 293.9 292.7 285.6 280.8 279.7 278 275.3 268.5 264.3 259 258.5 259.2 255.8 253.5 249 247.2 249.1 250 248.4 239.5 245.6 245.8 241.1 234.5 235.6 238.5 238.3 232.9 230.5 229.4 225 227.4 228.4 228.7 228.8 228.9 229.3 230.3 231.1 230.9 230.5 227.9 223.7 222.3 221.1 206.7 195.4 186.5 176.7 169 159.9 154.9 152.5 152.1 152.6 152.7
274.5 273.8 273.5 273.7 274 274 274.5 275.6 277.5 281.9 284.6 290 294.8 299 300.9 302.5 304.1 303.1 300.8 297.7 294.7 293.3 289.5 285.5 281 278.5 279 280.3 275.5 268 263.9 262.2 262.3 262.7 260.2 256.9 255 253.2 253.2 250.8 245.8 246.2 250.7 249.3 243.2 236.1 239.8 243.5 241.9 238.1 234 230.5 222.1 229.7 230.3 230.8 231.3 231.4 231.7 232.7 234 232.4 230.6 228.1 229 223.8 222.2 208.1 199.2 187.9 175.4 168 158.3 155.2 153.5 153.2 153 153
274.9 273.8 273.7 273.9 274.1 273.9 274.5 275.6 277.6 280.5 284.6 291.1 296.5 299.4 300.8 302 302.2 300.9 299.4 296.9 295.1 291.6 286.5 283 280.5 277.7 281.1 280.2 268.6 273 271.1 267.1 265.3 264.4 261.1 258.6 257.1 255.2 253.5 250.4 243.8 251.9 255.4 252.7 245.1 238.8 245.4 247.5 244.3 239.7 235.2 231.3 230.9 231.9 232.5 233.2 233.8 234 234.1 235 235.3 234 231.4 230.3 231 224.4 220.1 209.8 201.4 186.9 176.4 170.2 163.6 155.3 154 153.6 153.5 153.7
275.9 274.3 274.1 274.2 274.3 274.2 274.9 276.5 278.5 281.2 286.6 292.4 296.6 299.7 300.8 301.8 301.4 301.4 299.5 296.9 294.2 289.5 285.1 281 278.5 276.9 279.9 276 274.7 277.4 274.1 270.1 268.5 265.8 261.6 259.8 258.2 255.8 253 250.2 250.3 255.5 259.4 254.8 246.8 241.7 248.2 248 243.8 239.3 235.1 229.4 233.4 234.1 235.1 235.9 236.2 235.9 235.6 236.3 236 234.7 232.5 232.8 229.4 222.5 216.5 210.9 200.2 184.9 176.6 171.2 165.8 156.8 153.7 153.9 154 154.3
276.5 274.5 273.9 274.1 274.2 274.6 274.9 277 279.5 282.2 288.9 294 297.4 299.7 300.7 301.1 300.9 301.2 298.6 295.8 292.8 288.3 283.9 281.2 278.8 276.3 275.1 275.8 280.4 280.2 276.1 272.3 270.1 266.7 263 261.2 259.2 256.4 252.8 250.2 253 259.2 261.7 255.6 246.4 242.6 247.5 246.6 242.4 238.1 234.3 234.7 235.7 236.5 237.8 238.3 238.6 238 237.5 237.8 236.8 234.7 234 234.4 226.6 220.1 216.2 211.7 195.6 183.5 177.2 171.4 164.8 154.7 154.3 154.2 154.7 161.6
277.4 275.6 274.5 274.2 274.2 274.8 275.8 277.9 280.4 282.8 289 295.3 298.6 299.2 300.5 300.5 300.7 300 297.7 294.9 291.5 288 285.8 281.2 280 278.2 276.5 279.5 282.4 280.9 276.9 273.5 270.4 267.3 263.9 261.9 259.4 256.3 253.2 250.7 255.9 262.6 262 255.5 246.8 241.9 245 244.2 240.8 236.9 236.4 237.5 237.6 239.2 240.4 240.7 240.8 240.2 239.7 238.5 237.7 234.9 231.6 226.8 221.8 216.4 212.5 204.5 190.7 178.7 173.9 170.3 161.3 155 155 154.7 158 168.2
277.9 276.2 275.5 274.7 274.9 275.9 277 279.2 282 284.8 290.8 297.4 299.9 300.5 300.6 300.3 300.1 298.9 296.6 294.2 290.4 289.1 286.3 285.9 282.8 278.7 280.1 282.1 282.1 280.7 277.2 273.7 271.1 267.7 264.6 262 259.2 256 253.1 252.9 259.2 264.6 260.2 254.2 247.9 242 242.9 242.1 238.9 237.8 239.1 239.5 240.4 241.9 242.5 243.2 243.1 242.4 241.6 238.9 236.8 236.1 229.8 225.2 220 211.9 205.5 198.7 183.2 173.5 169.9 166.3 157.3 156.2 155.3 155.3 162.5 173.3
277.4 276.5 276.5 275.7 276.1 277.4 279 281.5 283.8 287.9 291.6 298.8 300.1 301 301.1 300.5 299.4 297.7 295.6 293.7 291.2 289.4 289.4 287.3 284.1 281.1 283.4 283.6 282 279.9 276.9 273.8 271 267.9 264.7 261.9 259.1 256.4 253.2 256.7 261.9 264.8 258.9 252.8 245.3 242.3 242.4 241.1 239.6 240.6 241.6 241.7 243 244.5 244.5 245.4 245 244.3 243 238.6 236.1 235.2 231.6 227.3 221.8 213.6 203.1 191.6 171.4 167.8 165.4 157.8 155.9 155.2 155.8 157.1 165.8 177.4
277.5 277.5 276.7 276.5 277.9 279.4 281.1 282.9 286.2 288.5 291.1 299.1 300.6 301.4 301.3 300.5 298.8 296.9 295 293.1 291.3 291 290.5 288.2 285.6 284.2 285.9 284.6 282.5 279.2 276.4 273.8 270.8 267.9 264.7 261.7 259.1 256 256.4 259.2 263.7 262.8 256.9 250.7 244.9 243.2 242.4 241.3 241.8 242.6 243.2 243.6 245.2 246.4 246.5 246.9 246.5 245.7 244 238.8 236.4 234 231.8 225.1 217.8 208.4 195.3 178 168.1 160.2 157.8 157.6 156.2 155.7 156.4 157.6 170.5 182.7
277.2 278.5 277.8 277.8 279.5 281.5 283.6 285 287.4 290.7 293 299.3 301.3 301.2 300.2 299.4 298.8 297.1 295.3 293.5 292.4 292 290.8 288.7 286.9 286.6 286 284.6 282.5 279.3 276.4 273.9 270.8 267.8 264.7 261.9 258.6 257.5 258.7 260.4 263.9 260.8 255.6 248.3 245.1 244.2 243.5 243.3 243.3 244.3 244.5 244.9 247.1 247.8 247.3 247.2 247.2 245.6 243.5 238.9 237.4 231.1 229.9 221.9 214.1 203.1 185.9 170.2 160.1 157 156.7 156.2 156.6 157.2 157.7 162.4 175.1 188.2
277.3 279.5 278.8 279.8 281.6 283.6 285.4 287 289.5 292.1 294.6 299.8 302.4 303.1 302.5 301.2 300.2 297.3 294.7 294.2 292.7 292.4 290.6 289 288.1 286.5 285.6 284.4 282.3 279.6 276.6 273.9 270.8 268 265 262.2 259.9 259.2 259.9 261.5 262.6 259 253.9 248.2 245.6 245.2 244.9 244.9 244.8 244.9 245.4 245.7 247.2 247.4 246.3 244.6 247.7 245.7 242.3 238.7 235.7 228.7 224.7 218.1 205.6 197.3 179.1 160.3 158.1 158 158.5 158 158.6 158.2 158.8 168.6 179.2 190.3
279 280.7 280.6 282.3 283.9 284.5 286.2 288 291.5 293.5 295.8 300.2 303.9 304.3 303.9 302.1 300.9 298.2 295.5 294.8 293.8 292.5 290.4 289 287.6 286.4 285.1 283.6 282.1 279.7 276.6 273.6 270.8 268 265.3 262.7 261.4 260.9 260 261.9 260.9 257 252.8 249 246.6 246.2 246 245.8 245.6 245.6 245.8 245.2 245.6 246.6 246.2 243.7 247.5 245.3 241.4 237.6 233.5 227.8 219.7 210.3 201.3 188.2 163.1 158.7 159.4 159.6 160 159.7 159.3 158.8 161.8 172.2 182.4 192.6
278.8 279.1 282 284 285.2 284.9 286.4 288.7 292.5 295 297.1 301.8 305.6 305.7 304.8 302.8 301 298.2 296.2 295.2 293.9 292 289.8 288 287.2 286.4 285.5 283.9 282.1 278.8 276.3 272.9 270.2 267.9 265.1 262.9 261.5 260.6 260.1 261.1 258.8 255.3 252 248.9 247.6 247.1 246.6 246.5 246 245.5 246 243.6 243.4 246.3 244.5 242.7 245.4 243.5 239.9 235.8 231.4 226.2 217.8 209.8 188 172.5 158.4 160.4 161 160.8 160.4 160.1 159.6 158.6 164.5 175.4 185.3 197.5
281.7 280.2 284.2 284 286.6 284.7 286.1 288.7 293.5 296.4 298.2 302.6 306.2 305.7 305.5 303.3 301.1 299 297 295.7 294.5 292.5 289.9 288.5 287.8 287.5 286.4 284.4 282.4 279.4 276.5 273.7 271 266.8 264.2 262.9 261.6 259.7 259.2 259.7 257.3 254.5 251.9 249.5 248.5 247.7 247.2 246.8 245.7 245.1 244.4 242.8 241.9 243.1 243.1 240.2 240.2 239.5 235.3 231.5 223.5 217.6 208.8 197.2 179.8 165.3 160.1 159.1 161.4 161.1 160.7 160.3 159.8 159.7 166.5 178.2 187.4 202.6
282.2 280.5 284 284.3 286.1 284.3 285.5 288.9 294.8 297.5 297.8 300.5 306.1 306 306.7 303.8 302 299.9 297.9 296.4 295.2 293 290.9 289.8 289 288.1 286.5 283.9 281.2 278.2 275.2 272 268.8 265.8 262.7 261.9 260.7 258.7 258.5 258.1 256.3 253.7 251.5 249.7 248.6 247.2 247.5 245.6 244.8 243.7 243.2 242.7 240.6 241.9 241.4 238.8 236.4 235 233.2 227.8 221 209.3 201.8 187 172.8 163.5 160.7 160.3 161 161.1 160.9 160.7 160.3 160.2 174.9 181.8 192.6 208.7
281.6 280.9 282.5 284.9 284.4 284.2 285.2 288.2 295.9 299.2 297.7 298.9 306.6 306.6 306.6 304.6 302.7 300.9 299 297.4 295.6 293.4 291.8 290.8 289.5 288.1 284.7 281.5 277.8 274.7 271.7 268.4 265.3 262.6 261.5 260.7 259.6 257.5 257.6 256.7 255.2 253 250.8 250 247.4 245.9 246.4 242.9 241 241.6 241.9 242.8 239.2 241.3 239.6 236.3 231.4 227.5 226.5 225 212.6 202.2 190.4 180.8 166.4 161.5 160.8 161 160.9 161.5 161.2 161.6 161.3 164.9 175.6 189 201.9 214.8
282.2 281.8 283.1 284.5 284 284.5 285.3 288.2 295.8 299.4 297.7 298.6 306.2 306.8 306.2 305.5 303.4 301.9 299.8 297.7 295.7 293.8 292.6 291.5 288.8 285.9 282.8 279.7 275.6 272 268.8 265.9 263.6 261.3 260.6 259.9 257.8 255.3 256.2 255.3 254 252.1 248.9 246.1 245.1 243.8 241.3 238.8 239.6 237.1 236.6 238.7 231.1 236.4 236.3 233.5 226.2 222.1 221.6 216.3 206.3 193.6 179.5 171.1 164.5 161.9 162.3 163.1 163.5 162.4 162.1 162.6 163.9 171.7 182.8 195.4 208.9 220
282.6 283.3 283.4 283.7 285.2 284.9 286.2 288.3 294.9 298.9 297.7 297.8 303.9 306.4 306.3 306.1 303.7 301.8 299.7 298 295.1 294.8 293.3 289.5 286.6 284.2 281.7 278.1 273.8 270.4 267 264.2 261.9 260.6 259.9 258.5 255.9 252.3 254.2 253.8 252 249.9 246.7 242.9 241.6 240.9 235.8 236.2 236.8 232.8 230.3 232.3 230 226.1 231.2 224 220.3 218.3 214.2 210.5 203.3 190.6 176.9 170.7 162.5 164.5 174.1 175.7 174.1 170.6 167.7 165.7 167.2 172.9 185.6 196.4 209.6 222.5
283.4 284 283.3 284.4 286 285.6 286.7 288.7 293.3 298.5 297.4 297.2 301.1 306.3 305.8 305.5 303.4 300.6 299.3 297.2 291.5 287.5 286.5 287.2 285.8 283 279.5 275.4 271.6 268.5 265.8 262.9 260.3 259.9 258.6 256.5 253.4 249.8 251.3 251.2 249.4 246.2 243.1 239.8 240.1 236.2 229.5 232.8 229.9 226.1 218.8 224.8 227.1 220.8 220.7 218.4 215 215.3 211.3 199 191.2 180.8 165.2 163.5 162.5 174.2 179.6 180.3 179.3 178.6 176.4 171.6 173.8 177.1 186.5 200.4 215.8 226.8
282.6 283.3 283.8 285.3 286.5 287.7 287.6 289.1 294.1 297.6 297 296.3 296.7 306.5 304.9 303.5 300.2 297.8 296.4 292.2 288.6 284.2 280.9 280.5 279.4 277.6 275.3 272.5 268.8 266.9 264.2 261.2 258.7 258.4 256.5 254 250.7 246.7 249.1 247.6 245 241.9 239.3 234.9 237.9 230 225.8 227.5 223 218.1 211 212.2 211.9 217.9 217 214.1 210.4 205 191.2 182.2 181.6 165.5 164.2 164 173.8 181.5 185.8 186.9 187 182.9 179.9 176.8 179.1 183.3 194.4 207.4 219.4 232
279.6 283.2 284.1 285.6 287.2 290.6 288.3 290 294.5 297.6 297.1 295.2 292.1 298.8 299.6 299.4 295.7 294.5 293.2 290.1 287.3 283.1 279.7 277.3 276 274.9 273.2 270.2 266.6 264.6 261.9 259 257.1 256.7 254.4 251.3 247.7 242.3 244.6 241.5 239.1 237.8 235.3 231.2 232.1 222.9 219.8 219.1 216.7 213.4 207.3 200 201.3 203.6 197.9 196.6 192.2 185.4 181.5 177 164.5 164.3 170.6 174.1 182.7 188.8 192.3 192.7 191.3 188.4 182.7 180.6 184.5 192.7 205.5 216.7 225.5 234.8
278.2 283.1 285.2 285 287.1 294.3 287.8 289.8 294.3 296.9 297 295.2 291.7 290.7 294.2 294.4 291.2 291.9 291.5 289.2 286.9 283.3 279.5 276.1 274.7 272.6 270.9 266.8 264.7 261.9 259.4 256.8 256.3 254.4 251.3 248.1 244.1 235 236.5 234.6 234.5 233.2 231.2 226.3 223.2 216.1 213.9 212.1 210.4 207.6 202.8 196.9 192 187.6 183 182.6 177.1 172.3 166.5 164.6 166 165.4 173.8 179.7 186.9 194.7 199.1 198.6 194.5 191.7 187.5 183.9 189.4 199.2 214.4 225.5 232.2 236.5
276.7 282.2 283.7 283 285.5 292.3 286.1 289.4 293 294.8 296.9 293.7 290.4 285.8 287.7 288.5 287.7 289.6 289.8 288.9 286.4 282.8 278.5 275.1 273.2 270.6 267.7 263.6 261.5 259.3 256.1 251.5 253.9 251.1 247.5 243.4 238.6 231.8 229 228 228.5 227.9 225.6 221.9 213.5 208.7 207.4 205.3 203.9 201.6 197.3 191.3 180.8 175 171.6 168 166.6 165.7 167 167.1 167.1 166.8 175.9 182.8 189.4 197.2 204.6 203.2 197.8 193.8 187.8 189.5 195.1 204.4 218.1 229.6 236.6 239.3
275 280.4 280.7 278.3 283 284.4 283 289.9 290.7 291.2 294.2 290.7 288 285 281 281.6 285.2 287.2 288.3 287.9 285.1 281 276.5 273.6 271.3 268.3 263.7 258.5 258.8 255.8 253.1 246.3 248.6 245.6 242.1 237.9 231.6 223.5 221.2 220.7 219.9 219.3 217.7 210.9 201.8 200.5 200.1 199.3 198 195.5 191.5 186.3 178.8 169.4 168.3 167.1 167.6 167.5 166.7 168.1 168.4 169.3 177.5 183.4 190.7 198.8 207.5 204.9 199.4 195.1 190.8 194.9 202.9 210.1 220.3 233.5 240.1 243.4
273.1 277.7 277 271.6 275.4 281 280.7 284 286.3 288.2 289.9 287.4 285.9 282.7 278.5 279.2 283 282.8 282.7 284.6 282.6 278.3 274 271.9 269.2 264.9 260.4 250.6 254.4 252.1 248.6 243.3 240.2 237.6 235.1 231 225.3 219.2 208.4 211.6 211.3 206.8 202.5 197.8 193.4 192.6 193.5 193 191.9 189.5 184.7 180.8 177.5 169.2 168.6 169.2 169 168.1 169 168.7 169.3 169.1 176.8 182.9 191.6 197.5 201.4 202.2 198.7 195.3 192.6 197.9 209.5 216.9 226.7 237.5 243.8 246.7
268.5 272.9 273 265.3 265.7 275.8 277.8 276.4 279.7 283 287.4 285 282.7 279.9 277.2 277.8 278.3 277.1 276.9 279.8 279.3 275 271 269.6 264.6 259.1 253.9 248.1 247.5 247.7 241.2 236.9 222.2 228.6 224.6 220.8 214.8 210.5 207 202 201.2 197.5 194.5 190.5 186 184.4 186.8 187 186 183.2 178.8 171.4 169.8 170.4 170.6 170.6 172.1 174.5 174.5 169 170.6 170.9 172.4 181.8 187.8 192.6 195.5 196.2 195.2 192.9 193.5 200.6 214.9 224.5 233.9 239.9 246.7 249.4
255.3 266.3 266.4 257.8 261.2 268.2 272.2 271.7 275.9 279.8 284.3 283 279.8 276.6 274.8 274.7 272.6 271.6 271.2 275.2 273.9 270.5 266.8 263.9 257.2 250.7 244.5 239.1 237.3 233.8 230.9 226.5 220.8 218.9 215 210.3 205.6 200.9 196.4 192.9 192.8 188.7 185 180.4 178.6 178.1 181.1 180.7 181.1 178.2 171.9 169.6 174.5 180.7 184.8 185.9 185 182.5 175.7 170.2 171.9 172.3 171.6 179.5 184.4 187.4 189.9 191.1 191.1 188.7 194.2 207.5 219.3 230 238.1 243.3 248.8 251.9
256.1 254.8 258.7 255.4 258.1 261.2 264.3 268.1 270.2 276.2 282.3 279 275.7 273.1 270.2 270.1 266.6 265.6 265.9 269.8 268 264.4 259.8 253.4 245 235.9 229.4 224.6 222.4 220.8 218.4 214 211.7 207.6 203.8 198.5 194 189.9 186.8 184.3 185.8 180.4 176.3 175.4 174.9 173 172.9 172.1 172.5 170.9 170.8 179.5 187 191 193.2 193.5 191.2 185.4 172.4 169.8 172.6 173.7 173.1 174.1 179.1 181.6 183.8 186 186.1 186.7 201 216.7 228.2 235.9 242.3 247.2 250.8 253.8
257.3 249.2 250.1 255.5 259.1 262.7 266.1 266.2 264.1 270.8 279.9 274.5 269.7 266.7 264.6 264.2 260.3 258.7 260 262.4 259.3 253.3 246.7 237.7 225.7 221.7 214 209.3 206.4 204.5 200.5 197.5 196.7 196.1 194.9 190.1 185.9 181.4 180.4 179.8 177.7 176.7 176.3 175.6 175.8 173.6 179.9 177.8 179 182.7 184.4 187.7 193.1 199.5 201 197.7 192.2 181.2 172.9 172.9 175.1 174.8 175.2 177.1 178.4 180 181.6 183.4 184.9 187.3 208.9 224.6 233.3 241.6 246.4 250.2 252.8 256.1
