app/static/ascii/SH87.asc
ncols 200
nrows 200
xllcorner 280000
yllcorner 370000
cellsize 50
[rows 72 to 107 of 200, columns 0 to 79 of 200]
-1.4 -2 -2.3 0.5 5.2 4.3 5.1 9 15 30.6 37.7 42.3 48.3 52.4 57.3 61.4 66.4 70.9 74.5 75.7 79.2 82.6 88.9 99.4 100.1 109.7 111.7 111.6 118.7 124.1 124.5 124.6 119.7 124.9 148.4 153.8 168.6 174.2 173.7 172.6 165.2 156.7 149 145.6 141.3 141.2 145.8 153.8 159.9 166.9 177.2 183.7 187.2 191.1 193.1 191.6 186.2 180.6 174.2 160.8 164.5 166.9 168.4 169.3 170.7 175.6 180 184.3 189.8 205.9 215.7 213.9 211.7 209.7 207.6 206.8 207.3 202.4 187 166.9
-1.7 -2.2 -2.3 1 4.6 4.4 4.5 8 11.9 19.9 25.1 41.6 43.5 48.9 56.3 62.1 66.6 69.5 65.6 76.5 89.6 86.2 93.1 104.2 102 110.4 111.2 113.2 119.9 124.3 124.6 127.3 125.1 122.1 135.7 148.2 160.6 167.4 167 168.2 165.3 158.2 145.8 141.4 140.6 141.5 146.9 158 167 171.8 182 190.1 196.4 196.1 196.6 195.9 189.7 182.2 174.7 165.8 169.4 172.1 172.8 173.6 176.1 180.1 182.8 188.4 194 203.2 213.7 213.6 212.6 209.8 207 204.4 201.8 197.9 187.6 166.1
-2.3 -2.3 -2.3 0.9 4 5.2 7.4 9.4 21.3 32.8 35.2 41.2 48.4 51.3 52.8 56.2 59.6 62.4 76.6 80 87.4 89.2 95.9 105.8 104.9 115.8 115 117.4 121.3 123.2 125.5 126.9 126.2 123.3 125.9 138.5 144.4 159.3 163.4 162.8 162.5 154.3 143 141.4 140.7 142.7 150.2 164.4 172 176.3 192.9 195.6 201.1 201.7 203.9 200.6 191.6 183.1 175.6 169.3 173.3 176.6 178.1 179.7 182.4 183.9 188.3 193.4 197.3 202.5 211.1 213.4 213.7 211.7 208.4 204.7 200.3 194.2 182.2 163.8
-2.3 -1.5 -0.2 1.5 3.4 5.2 9.3 17.7 28.9 34.4 37.8 41.9 45.9 51.6 59.1 60.2 61.4 64.6 77.3 82.5 89.1 92.7 98.8 107.5 107.7 114.4 113.7 120.6 123.1 124.1 125 127.4 126.7 123.9 132.2 132.1 138.8 152.8 162.1 161.7 161.8 156.2 144.6 142.7 141.9 146.8 159.2 172.1 176.3 183.4 198.6 200.9 204.1 207.6 206.5 199.4 191.2 184.1 176.2 172.4 175.8 179.2 182 184.3 186.2 187.5 190.8 196.5 201 204.7 209.5 212.3 213.7 213.7 212 206.9 201.8 193.6 180.7 162
-2.3 -0.7 0.7 2.2 5.8 4.9 16.4 26.6 28 34.1 30.3 34.3 48.7 54.4 63 66.5 66.4 68.2 77.1 85.7 90.6 96 100.4 110.3 110.9 112.3 112.1 122.1 124.6 125.1 125.8 127.6 127.5 126.1 134.1 132.2 138.2 151.2 157.8 160.3 164.2 154.5 146 144.3 144.8 149.5 167.4 176 180.6 194.2 202.4 208.8 212 215.5 207.1 201.3 195 186.5 177.8 173.8 177 180.1 183.4 185.2 186.5 189.1 192.8 198 203.6 207.6 210.7 213.4 215.2 215.5 214.4 212.2 206.9 195.7 177.3 157.6
-1.8 -0.3 1.2 2.7 4.7 9.4 17 18.4 19.8 19.6 23.3 33.1 48.4 55.9 64.7 67.9 68.6 68.7 77.8 88.1 92 96.8 102.1 111.4 112.4 116.5 116.1 121.5 124.1 125.6 130.5 130.3 128.9 128.5 133.8 133.4 137.5 152.6 159.3 161.1 160.8 152.2 148.1 147.2 148 153.7 166.6 177.9 191.6 204.3 211.3 222.4 225.1 215.5 211.3 207 199.3 187.8 178.7 175 176.8 180.1 182.8 184 186.5 189.4 195.1 201.1 206.2 209.4 211.8 214.4 216.2 215.9 215.2 213 208.7 194.4 172.6 151.6
-1.5 0.1 1.7 2.9 5.3 8 9.4 10.2 14.8 16 22.1 29.5 42.9 56.8 61.9 68 67.2 68.2 73.4 87.9 92.2 97.5 103.6 111.2 114 120.5 121.2 119.8 121.7 125.5 130.2 131.3 129.7 129.8 133 135.6 135.7 148.1 158.5 159.8 163 158 153 153.9 153.1 160.2 176.8 191.5 203.3 213.9 226.6 233.5 225 220.8 218.7 211.8 201.3 188.8 180.3 177.3 177.8 180.3 182.3 185 187.9 192.7 197.8 204.2 208.4 210.8 213.4 216.5 217.2 216.5 214.7 211.9 208.2 190.9 168.4 146.8
-1.5 0.1 1.7 2.9 6.2 10.2 11.5 14.8 21.3 19.1 18.6 30.5 40.9 60.4 59.1 67.4 66.2 67.6 71.1 86.1 94.4 95.8 103.7 110.3 114.6 119 120.9 120.5 122.2 127.1 130.5 129.5 128 130.5 132.3 138.1 140.5 142.8 153.1 161.2 161.4 158 161.8 159.9 160.4 180.5 187.6 200.2 211.4 221.3 236.5 234.1 230.4 228.8 223 215.3 204.6 191.3 182.9 180.7 180.9 182.8 185.6 189.5 192.7 194.9 200.2 206 210.1 212.6 213.6 217 217.2 216.7 214.6 211.6 208.6 187.6 161.9 137.9
-2.3 0.1 1.6 5.1 7 14.3 14.6 19.8 24.2 22.4 22 31 38.8 56.4 58.3 67.6 67.8 67.2 72 84.3 95 95.4 100.3 108.1 109.8 115.9 120.2 122.7 123.7 124.9 125.9 126.6 126.8 130.8 133.1 138.4 142.6 139.8 155.3 154.2 164.4 161.1 168.7 167.8 172.8 186.7 205.2 211.3 211.9 224.5 239.1 239.9 241.2 235.1 227.8 220.4 208.8 195.4 187.4 184.8 185.6 188.3 192.9 196.8 199.4 201 203.2 208.3 212.2 213.5 213.7 214.6 215.2 215.6 213.7 211.8 204.3 180.4 153.8 140.2
-2.3 0.3 1.9 3.8 6 15.1 17.4 24.5 28.2 27.3 27.5 29.4 28 33.5 42.5 48.5 58.1 72.4 74.3 80 91.4 96.6 97.9 103.6 111.4 116.1 120.7 117.8 123.1 122.7 124.3 125.9 125.9 129.6 132.3 137.8 139.3 138.6 145.5 159.4 166.7 168.3 165.9 172.3 179.1 195 213.1 222.5 216.1 224.4 246.4 252.6 245.7 239.5 231.8 224.1 213.8 203 194.1 192.5 195.6 197.9 200.7 203.8 207 206.7 207.6 212.9 215.2 215.2 214.8 215.4 214.6 214 213.3 209.9 197.7 171 142.2 144.2
-0.8 0.8 2.6 6.6 15.8 10.5 21.3 26.2 37.2 34.6 35.3 35.5 45.9 51.5 39.1 60.1 72.6 78.2 80.8 78.8 82 87 94.8 101.5 107.4 115.6 116.9 111.9 118.1 119.2 119.6 123.8 126.9 130.1 132.7 135.3 135.9 134.9 140.7 159.4 165.9 169.9 171.7 175.3 182.2 200.2 215 229.3 227.9 227.6 249 256.5 248.6 242 237.6 229.2 219.8 211.9 203.7 203.3 204.9 205.9 207.5 211.6 213 213.8 212.5 218 219.9 219.4 217.6 217.4 214.9 211.8 210.6 207.7 189 164 145 149.3
0.1 1.7 4.3 16.9 20.3 20 22.4 28 39.4 38 39.6 39.2 51.6 54.2 45.7 57.9 73 74.1 83.3 82 82.7 88.5 95.5 101.3 104.3 111.7 112.9 108.5 113.6 114.3 113.6 120.6 126.3 124.6 127.7 131.8 131.5 134.7 139.5 153.9 161.4 171.7 174 178.7 185.2 201.8 216 231.3 236.3 236.9 238 254.5 249.2 247.6 239.2 233.3 226.4 220.2 213.9 212.4 215.6 213 210.8 217.3 217.7 218.6 216.7 221.3 223.8 222.2 220.6 217.6 214.6 211.2 207.3 199.3 177.6 157.5 147.4 154.1
1.2 2.6 11.3 19.2 22.1 21.7 23.5 25.3 32.6 39.8 43.5 43.4 49.5 54.2 54.9 46.7 68.4 74.7 81.7 81.3 83.1 86.5 93.3 100.9 103.8 106.4 108.2 105.2 106.5 112.8 118.2 119.3 124.2 128.2 132.6 134.8 137.1 137.2 143.3 149.3 161.8 171.5 178 182.7 189.5 204.1 221.2 235 240.4 244.5 240.2 243 241.7 244.9 240.4 233.3 231 225.4 221.7 219.2 225.9 218.1 215.1 217.3 218.6 219.4 218.8 223.4 225.3 223.2 220.4 218.9 214.5 210.2 204.8 194.9 171 153.1 153.3 156.1
2.3 7.1 7.8 18 26.5 26.3 27.9 30.5 33.6 40.4 45.3 45.2 49.7 55.9 58.6 44.6 64.5 73.9 76.2 78.9 74.3 81.5 90.1 92 96.5 100.8 108.9 105.3 109 110.8 115.4 123.7 126.5 129.6 134.1 137.6 141.8 140.9 149.6 155.2 161.8 173.7 180.3 182.3 190 204.5 223.6 235.2 249.1 248.9 248.2 245.4 238.3 238.4 236 237.2 234.9 231.4 228.8 226.6 230.9 225.4 220.6 219.1 221 223 224 225.6 225.6 223.5 220 218.2 209.5 206.3 201.2 187.2 167.2 161.8 158.1 161
3.4 11.8 10.3 16.2 29 34.4 34 33.1 34.5 37.9 44.3 43.9 48.4 57.3 54.8 50.3 55 61 75.4 71.6 67.3 84.9 94.4 100.3 96.6 94.6 100 102.9 109.4 114.5 116.1 116.8 126.6 128 137.9 140.6 146 145.4 149.3 161.5 164.1 175 180.1 185.1 190.5 203.4 221.6 237.1 243.6 249.2 247.1 242.9 237.2 236.3 236.4 238.6 238.7 237.9 236.6 234.5 234.2 230.4 228 227.1 227.6 227.8 226.9 225 223.6 224.1 220.2 217.5 211.2 206.8 196.8 176.7 171.8 169.8 160.8 165.8
9 15.8 16.5 22.7 27.1 32.1 38 35.2 36.2 42.3 42.1 41.6 44.8 50.5 54 53.1 52.4 53.2 57.4 63.2 74.7 85.5 93.1 101 104.7 97.7 97.9 104.9 112.2 117.5 118.9 119.8 119.9 127.4 137.5 141.5 147.2 149.8 150.4 168 168.3 172.2 184.6 189.6 191.5 202.4 216.3 232.2 240.5 248.1 248 242.6 238.5 238.9 239.4 243.9 244.6 242.5 243.8 242.3 238.9 239.2 236.2 231.2 230.8 230.3 226.2 223.8 222.8 220.9 219.6 216.2 212.1 207.6 195.2 169 181.1 172.3 162 178.8
8.7 16.9 22.8 27.8 33.5 33.2 34.6 37.8 36.6 41.9 44 43.7 45.3 49.3 51.3 52.1 59.1 56.9 61.8 71.6 77.1 85.7 93 100.2 109.6 104.2 99.2 105 110.8 117.4 121.2 122.8 124.8 128.5 134 143.2 146.2 151.5 153.8 162.1 172.3 172.6 184.8 192.5 192.2 200.2 214.7 227.9 237.6 243 246.4 245.2 242.8 245.7 243 246.1 249.8 245.5 245.4 246.2 242.2 240.5 236 232 231.8 230.9 226.7 225.2 224.7 221.7 219.1 216.4 212.9 206.8 184.1 190.6 183.6 172 170.6 191.5
7.6 14.8 22.6 28.9 32.9 34.6 35.9 36.7 38.4 42.1 46.8 46.2 47.5 45.4 48.2 50.7 53.3 56.6 67.3 70.1 74.9 85.3 92 99.9 109.6 108.8 101.6 108 112.5 117.7 124.3 128 132.8 136.4 139 133.9 145.3 152.1 156 159.4 173.7 178.2 180.1 196.2 194.9 202.6 213.7 224 233.5 241.2 245.9 246.4 245.7 248 244.5 248.7 251.9 249.9 246.7 244.6 240.8 239.6 235.9 235.9 237 233.6 229.4 226.3 224.2 220.8 218.2 214.1 210.8 199.7 200.8 195.4 183.7 174.1 182.1 205.5
4.4 13.7 19.6 27.2 32 34.6 41.1 40.7 40.3 43.8 45.7 46.8 49.1 50.9 48.5 51 55.2 56.1 67.9 73 78.2 83.8 91.1 98.5 106.8 112.2 105.4 109.3 113.1 118.7 124.2 129.6 133.8 138 143.8 149.7 150.1 144.6 152.1 156.9 169.9 174.4 175.9 194.2 200.2 201.2 217.2 225 232.5 241.2 245.4 247.7 247.9 247.3 245.3 247.8 247 246.6 247.2 243.5 241.6 234.2 235.2 236.3 235.5 232.3 228.8 225.9 223 219.8 217.5 213.2 205.7 209.5 207.1 200.3 185.4 175.7 194.3 216.2
5 7.5 15.6 22.8 31.8 36.3 42.4 45.5 45.6 51.7 47.2 46.9 52.7 58.4 50.3 53.2 63.4 58.8 61.7 66.7 74 82.5 89.8 97.3 107.6 114 110.4 105.7 113.1 118.9 123.9 128.9 133.8 139.4 144.5 151.4 155.9 153.1 154.2 149 156.9 166.1 174.9 188.2 202.4 208.6 222.2 226.4 238.2 244 248 248.5 247.5 248.9 246.4 247.2 248.3 246.1 246.7 240.5 234.4 233.2 233.7 234.2 233 230.7 227.1 225.4 222.8 219.6 217 211.9 214.5 214.8 212.9 203.8 187.6 177.9 205.4 226.1
13.8 6.5 15.8 18.5 26.4 35 39.7 44.3 48.3 51.2 51.4 49.7 58.1 65 58.6 56.1 68.2 64.6 67.2 70.2 81.5 86.9 88.4 96.5 105.4 113.7 115.4 109.8 113.4 118.6 124.5 130.4 134.4 139.9 145.3 151.4 157.5 157.5 158.4 155.9 152.8 158.3 167.7 177.1 189.3 202.4 218.3 234.2 241.8 248 250.6 249.8 247.7 245.9 245.9 247.5 245.6 244.8 242.2 236.9 237.6 233.5 233.3 231.9 231.7 229.3 225.6 223.9 221.8 219.8 215.2 216.5 219.2 219.6 217.2 208.8 194.6 184.1 210.1 231
16.5 5.3 14.4 18.1 20.9 29.2 32.7 40.5 47.3 52.4 51.5 54.7 62.3 69.7 64.1 60.3 69.4 70.8 71.4 75.1 84.3 88.8 90.5 97.7 104.4 111.3 118.5 118.6 115.4 116.1 124.5 131 136.3 141.6 147.8 153.8 159.3 163.1 165.3 166.9 165.6 159.6 158.5 174.1 187.1 197.4 212.6 230.2 246.9 247.4 249.8 251.2 248.7 247.4 244.8 244.7 244.7 240.7 235.1 234.5 239.2 233.7 231.2 231.5 231.9 228.7 225.6 223 220.6 217.9 216.5 219.9 223.9 224.3 221.3 214.9 200.6 190.6 210.8 227
19.7 9.1 7.6 18.6 20.4 22.4 26.4 36.5 45.3 51.2 52.4 57.3 65.3 73.6 70.9 63.4 68.8 72.9 68.4 78.3 84 90.5 92.9 98.6 104.4 110.2 117.8 124.2 123 118.8 124.9 130.1 136.1 141.8 148.9 155.5 160.4 164.9 171.1 175.5 175.2 174.2 165.6 166.3 180.9 197.1 211.2 231.1 246.7 248.2 249.2 246.4 247.4 248.7 244.3 241.8 240.4 236.9 231.6 232 235 233.7 229.4 229.8 231 229.9 226.9 223.6 219.9 216.6 217 222.7 227 227.6 225.7 219.6 213 199.2 204.3 213.6
19.1 15.5 8.6 20.6 21 21.8 25.8 37.8 44.4 48 51.9 59.1 67 77.6 77.4 67.3 68.6 72.6 68.8 78.8 83.6 91.9 93.7 99.9 104.9 110.3 117 125.4 128.5 124 125.1 131.4 137.7 141.8 149.1 155.9 161.9 166.7 172.9 177.5 181.9 179.4 179.4 169 169.8 188.3 205.6 224.6 238.5 245.1 245.9 245.3 245.1 246.5 240.7 239.7 234.9 231.8 229.3 227 228.6 228.3 226 231.5 234.1 231.5 227.7 223.3 219 217.1 220.6 224.9 229.5 233 232.3 229.5 223.3 215.9 216.5 222.4
21.6 16.1 9 17.9 23.8 24.7 28.6 38.2 43 47.3 53.4 60.3 68 78.8 82.3 74.1 67.3 68.8 70.2 74.9 81.9 89.6 94.2 99.3 105 110.5 116.6 125.3 131.1 130.6 125.9 128.5 136.7 143.6 151.7 156.8 161.6 166.5 172.9 176.9 184.3 185.6 182 179.4 168.6 180.1 200.6 213.1 225.7 238.8 243.9 242.5 243.3 240.4 235.9 232.1 233.4 228 227.6 224.1 224.3 224.5 225.9 233.4 236 231.6 229.3 224.1 220.4 219 221.6 227 234.3 238.4 237.5 235.6 230.8 225.2 228 231.1
27.5 19.3 13.7 11.3 25.3 29.5 31.4 36.8 41 47.5 53.1 60 69.1 77 86.9 78.5 70.7 67.9 71.6 80.2 83.1 90 94.7 98.9 103.7 110.8 116.5 124 131.2 132.2 127.9 131.8 138 143.6 149.8 159.5 163.2 171.3 178 180.7 179.5 184.3 185.7 186.2 175.6 175.7 192.2 203.5 212.4 223.2 233.4 232.5 238.5 231.4 228.3 228.9 224.9 223.1 221.8 223.2 225.5 227.4 228.2 229.9 231.9 230 228 224.7 221 222.2 227.4 232.5 238.3 243.5 244.6 242.5 239.1 234.2 231.4 235.5
31.5 22.8 18.1 10.8 17.9 29.9 31.8 37.1 41.5 46.6 52.2 58.8 68.8 77.8 87.7 81.4 74.9 68.5 72.6 83.5 85.9 93.4 95.9 100.4 104.2 110.2 117.2 124.1 130.7 132.3 130.7 133.5 140.3 148.6 151.7 161.2 166.3 173.4 179.4 184.6 186.9 190.7 193.1 197 187 175.7 179.7 189.4 199.6 204.3 215.4 218.2 217.7 218.3 216.7 219.9 222.9 220.1 223 226.1 228.8 229.9 228.4 228 228.6 227.3 225.7 224.4 222.9 226.5 233.1 237.7 244.2 250 249.9 248.4 246.4 242.5 236 240.4
41.9 26 21.5 16.9 13.4 20.5 32.7 37.8 41.1 45.6 50 58.4 68.3 77.9 87 82.4 75.9 69.5 73.3 85.9 90.5 93.1 96.1 101.2 105.4 110.3 118.3 124.2 130.2 131.5 132.7 136.9 144.1 152.2 157.3 159.7 166.7 171 178.7 184.6 186.4 192.9 193.8 192.5 189.9 182.2 178.1 180.5 188.3 190.2 194.4 197.5 199.9 202 205 206.9 213.8 219.8 222.7 223.6 223.6 223.9 223.9 222.2 223.2 223.6 222.1 221.8 224 230.2 238.3 246.1 250.1 255.7 256.5 255.4 251.8 248.1 242.8 246.2
50.4 31.9 25.3 25.8 21.9 14.4 26.2 32.2 38.1 44.5 48.5 55.6 67.6 77.4 84.5 82.9 78.2 73.6 76.8 91.5 94.7 95.7 98 103.2 107.1 112.7 119.3 124.8 129.7 131.1 135 140.8 147.6 153.9 159.9 165.3 166.6 172.5 174.8 179.8 184.3 189.2 192.4 192.9 192.6 190.5 190.1 177.7 180.1 184.3 184.8 185.8 188.1 192.3 196.4 202.8 209.5 213.8 216.4 217.7 218 218.4 218.8 216.5 216.3 217.7 217.2 219.5 228.2 239.5 246 253.7 258.3 260.2 260.2 260.9 256.7 253.6 248.4 252.8
56.4 41.6 29.3 27.7 25.8 15.8 21.4 28.1 33.7 39.5 45.6 52.8 62.9 74.4 80.1 83.3 85.1 77.1 78.8 94.8 99 101.8 103.6 107.5 110.6 116.7 122.1 125.3 129.2 131.4 138.3 144.2 157.8 157.2 162.9 169.5 170.4 171 174.5 178.1 181.4 189 190.2 190.8 189.5 186.7 185 177.3 175.2 176.4 177.6 179.6 183 187 192.8 197.9 202.2 207 209.8 212.8 213.2 213.4 212.6 210.5 209.7 210.4 213.5 220.1 238.7 245.5 254.5 261.1 264.3 264.9 263.1 263.4 259.1 255.6 253 254.6
63.1 51 35.8 28 25.9 18.2 17.2 24.7 30.4 34.7 41 50.4 58.3 65.9 75.6 83.4 86.5 82.1 81.5 97 102.6 108.3 108.4 110.3 113.8 119.9 125.5 127.9 128.6 131.8 137.9 146.5 155.8 160.4 165.3 172.2 176.9 178.9 179.4 185.1 182.5 180.9 182.6 183.7 183.6 180.4 175.1 169.2 166.7 169.5 171.3 175.1 180.6 186.7 189.5 192.3 195.7 199.4 203.8 207.4 207.9 207.6 205.5 204.7 204.8 206.3 210.1 223.3 243.6 251.5 258.7 266 270.3 271.2 266.3 263.4 261 258.9 256.9 259.8
68.9 59.7 45.7 33.6 26.2 22.9 18 19.8 28 31.9 36.2 43.5 50.1 62.6 74.2 82.5 86.9 87.8 85.4 96.3 105.7 111.7 112.7 114.5 116.5 122.6 127.3 129.6 129.7 133.2 136.7 145.6 152.6 161 164.9 173.7 178.3 181.3 180.7 182.2 183.5 178.5 179.5 178.8 171.3 169.8 165.1 159.6 161.1 163.9 166.1 170.7 177.4 182.6 186.3 189.2 192.3 194.9 196.6 201.5 200.3 200.3 199.4 197.4 200.1 202.5 207.8 228.2 243.2 253.8 261.9 266.4 274.2 276.9 272.9 266.6 263.9 262 262.7 265.2
72.5 65.5 54.4 36.1 30.4 27.7 20.1 19.5 22.2 28.3 32.1 36.1 43.4 55.8 71.1 81.1 88.7 93.2 92.6 98.2 107.9 113.7 115.9 118.5 118.7 123.8 128.3 129.7 131.6 133 136.9 143.6 150.2 157.3 162.2 173.9 177.2 180.1 179.4 177.1 177.6 173.2 173.9 171.2 167.7 153.2 163.3 164 161.6 163.3 161.9 166.7 174.2 179.5 183.6 186.4 188.5 190.2 191.9 193.8 195.1 194.6 193.3 192.3 194.9 199.4 206.4 227.3 240.5 252.6 254.5 261.9 272.5 279 276.8 270.4 267.6 268.5 269.8 269.4
75.2 67.7 59.2 40.7 30.8 26.9 25.2 23.2 23.7 23.7 25 31.9 39.2 49.7 65.8 79.4 89.1 94 99 101.9 108.8 116.2 119.1 121.5 121.4 124.6 128.4 129.3 131.4 134.4 137.7 142.4 147.2 154.8 160.8 168 173 175.2 175 170.5 167.5 164.7 160 144.6 150.7 165.3 171.6 174.8 176.2 176 173.3 165.3 171.3 176.1 179.5 182.6 184.7 186.4 188.1 189.3 190 190.7 190.5 190.9 193.2 198 206.8 220.6 231.9 237.2 240.9 250.7 262.9 274.8 278 273.5 273.5 273.7 277.4 274.6
77.3 68.9 59.2 46.6 31.9 29.5 30.4 27.9 25.5 25.9 25 33.3 40.2 47.6 58.8 74.9 86.2 95.8 103.4 105.1 108.3 117.3 121.7 122.1 122 123.3 126 126.4 127.9 131.7 137.6 136.7 137.3 143.5 153.1 160.2 164.7 163.3 162.2 159.7 155.7 150.4 135.8 150.7 163.6 169.9 175.2 180.1 182.5 182.2 177.6 165.3 168.4 171.6 175 178.7 180.7 182.7 183.6 185.1 185.3 186.2 190.9 192.1 194.2 198.4 207.1 213.7 221.4 228 233 239.6 250.1 260.9 272.8 274.4 277.3 279.8 283.9 276.8
78.5 70.2 58.8 48.6 36.2 33.7 37.3 32.4 28.2 27.9 28.5 29.6 43.4 49.8 56.7 70.1 84.2 92.8 101.2 107.4 109.4 114.3 120.7 120.5 119.8 121 122.2 122.8 124.1 125.7 122.8 109.8 104.9 107.8 118.6 133.5 139.3 142.5 142.8 140.9 138.7 139.1 141 156.2 162.2 167.3 173.6 183.5 187.9 184.5 177.5 169.6 167.9 168.9 170.4 172.4 174.5 178.2 178.9 181.4 186.5 193.2 196.3 197.6 201.9 203.5 208 212.9 218 223.7 232.2 240 247.5 255.2 264.1 274.9 278.9 283 285.5 278
