app/static/ascii/SH90.asc
ncols 200
nrows 200
xllcorner 290000
yllcorner 300000
cellsize 50
[rows 140 to 174 of 200, columns 0 to 77 of 200]
107.1 118.6 120.6 127.4 128.4 128.5 131.6 132.4 132.9 133.8 135.6 138.6 144 152.4 159.5 166.2 172.3 177.6 183 190.1 200.8 214.5 236.9 259.7 278.6 300.7 323.3 333.5 320.2 290.9 262.3 249.8 244.9 241.9 242.6 242.4 243.9 251.4 276.9 294.5 301.1 307.6 312.2 312.4 309.5 304.6 302.8 302.5 305.4 313.5 317.3 320.6 323.3 324.3 325.9 328 331.8 335 338.4 341.9 343.7 344.7 346.3 348.7 351.1 353.8 355.4 355.3 354 353.5 352.8 352.5 352.2 351.3 351.2 350.8 351.7 353.3
116.4 123.7 125 126.2 126.4 124.9 129.8 131.2 131.6 132.3 133.8 136.5 142.3 148.8 156.5 162.2 167 173.1 180.3 190.5 201.9 221.5 242.8 262.9 280.4 304.7 328.6 330.1 317.4 290.5 261.2 247.8 241.5 238.7 239.2 239.9 240 247.1 271 292.9 298.2 301.4 302.5 304.5 301.6 291.8 291.9 292.3 295.2 301.5 307.9 312.5 314.4 316.9 319.5 322.3 327.1 331.9 335.9 340.9 343.9 345.8 348.8 351.3 353 354.5 355.4 355.3 354.7 354.5 354.6 354.5 355.6 352.4 350.9 351.2 351.8 352.7
120.6 123.5 124 124.4 124.6 126.5 128.6 128.5 129.8 130.9 132.3 135 139.9 145.1 152.9 154.7 162.7 170.7 182.5 194.3 205.2 222.5 248.3 265.9 288.5 310.6 322.6 323.5 314.8 295.7 270.8 243.4 239.3 235.8 237.1 236.7 236.2 241.4 261.3 278.1 283.8 282.8 279.1 278.3 279.4 281.4 282.7 286.4 293.5 298.2 304.3 307.4 309.1 311.8 314.5 318.9 325 329.8 333.4 336.1 339.6 343.8 348.9 351.5 352.5 352.8 353.1 352.8 352.4 352.5 354.2 354.6 354.3 351.9 350.7 350.9 351.8 351.3
120.5 122 122.4 122.8 123 125.3 127.7 127.7 128.4 128.9 129.8 133.2 137.8 142 145.1 154.6 161.7 171.1 183.3 193.6 207.4 225.9 247.3 266.2 287.4 310.5 317.8 314.4 306.2 289.3 272.4 248 237.7 233.7 234 234 234 236.5 254.4 270.4 272.6 267.8 263.1 261.7 267.1 278.5 287.5 298 306.7 310.2 312.6 313.8 314.7 316.7 319.6 323.3 326.1 328.3 330.2 333.7 340.3 343.3 344.9 346.7 346.4 347 346.9 346.4 348.1 350.4 352.7 354 353.1 351.6 351.1 350.3 349.8 348.8
120.8 120 120.7 121.5 121.1 124.2 126.4 126.7 125.2 126.6 128.9 131.7 134.7 139.2 144.2 153.6 161.1 173.1 183.5 197.6 210.8 231.7 246.9 266.6 286.3 304.1 312.9 304.3 293.6 279.3 264.4 246.5 235.7 233.2 231.3 231.2 231.4 232.3 248.1 263.4 262.1 253.2 245.3 257.7 275.4 294.3 306.7 316.7 322.2 324.5 324.4 324.2 323.7 324.3 325.2 326.2 328.6 331.3 331.8 333.4 335.7 337.9 339 338.3 339.2 340 341.9 344.1 345.4 347.5 350.5 351.1 350.6 351.5 351.5 350.7 349.3 346.7
116 114.9 116.2 118.7 118.9 120.5 123.9 125.8 123.9 124.3 127 129.9 132.7 136.8 142.6 151.5 163.8 175.3 184.9 198.5 213.2 229.2 248 266.3 282.3 294.6 295.3 289.2 278.4 264.9 250 238.1 232.6 230.8 229.2 228.1 229.7 228.6 232.7 243.2 244.3 238.8 244.6 264 290.6 307 321 327.1 330.6 333.9 334.3 333.5 332.6 331.4 331 329.7 329.3 329.2 329.2 330.6 330.7 331.6 333.4 333.8 335.4 337.9 340 341.9 344 346.7 348.3 348.1 347.5 349.8 351.2 350.6 350.1 347.2
110.4 110.8 111.5 113.8 115.3 116.1 118 123.3 120 122.1 125 128.1 130.5 135.1 140.9 152.9 166.9 176.7 189 199.4 212 230.6 251.7 271.8 280.3 280.5 277.1 268.8 259.1 251.6 240.8 233.1 231.2 229.2 227.9 226.9 227.9 226.9 227.5 232.1 232.1 235.1 241.9 257.4 286.3 311 329.4 333.5 335.6 338.2 337.6 336.5 333.6 331.8 330.7 330.1 328.5 326.2 326.1 326.5 327.5 329 330.8 333.2 335.3 338.2 339.8 341.5 343.6 344.8 344.8 344.6 346 348 348.9 349 349.4 345.5
107.8 109 110.1 111.3 112.3 112.2 113.4 115.8 118.6 120.7 123.6 125.1 128.6 132.3 140.3 156.1 169.9 180.8 190.1 202 217.8 238.9 258.9 271.6 267.9 263.1 259.9 252.6 247.8 242.1 233.5 229 228.8 227.8 226.7 224 225.7 224.3 225.9 227.5 227.9 233 242.1 261.3 287.2 314.1 332.4 337.6 339.6 341.2 340.5 335.6 333.5 331.1 327.9 325.2 323.8 323.2 324 325.7 327 328.6 330.5 332.9 335.9 337.8 339.6 340.4 341.5 341.7 341.3 343 344.9 346.1 346.7 345.8 344.2 340.8
107.1 108.4 109.2 110.2 111.1 112 112.6 113.3 117.3 119.9 120.6 123.3 126.5 129.8 138.7 153.8 167.1 179.7 189.8 204.5 220.4 230.5 238.7 245.4 247.6 248 247.5 242 238.7 233.6 226 224.9 225 226.5 225.6 223.2 223.8 222.3 223.6 222.6 227.1 231.3 248.2 271.9 297.5 320.1 330.4 331.3 330 329.5 328.6 327.1 325.2 323.6 322.2 320.4 323.7 325.2 326.3 327.4 328.3 328.7 330.2 332 333.5 335.9 338 337.9 338 338.5 338.9 341.4 343.5 343.1 342.6 341.2 337.4 335.2
106.5 107.8 109.3 110.1 110.8 111.1 111.4 112.4 114 115.8 117.2 121.2 123.8 126.6 132.2 142.9 156.6 168.7 182.2 192 201.5 207.7 216.6 223.3 228.8 231.8 232.6 232.9 230.7 223.6 221 219.7 221.3 224 223.5 222.2 218 218.8 218.9 222.6 227.7 235.2 255.6 275.5 295.8 307.4 309.6 313.8 315.8 316.9 316.5 315.9 314.6 320 323.6 326.5 328.4 329.4 329.4 329 328.3 328.4 328.9 330.6 332.9 333.7 333.8 334 334.4 335.3 337 339 340.4 339.1 337.2 336.2 332.8 331.4
102.6 106.6 107.7 109.2 109.5 109.9 110.9 112.4 113 113.9 115.3 118 121 123.2 127.3 133.6 141.1 149.2 160.2 173.9 180.8 187.8 198.7 212.1 220.6 225 226.9 228.2 224.5 218 216.5 215 217.2 220.2 220.2 220.1 219.9 213.5 216.7 222.8 227.2 237.2 253 271.5 282.7 284.1 287 295.2 301.2 302.8 290 289.5 316.6 326 330 331.6 331 331.1 329.5 327.1 325.9 325.9 327.6 329.5 331 330.3 329.8 329.6 330.3 331.8 333.5 335.9 336.3 335.2 331.8 330.6 328.1 328.5
114.3 104 104.6 106 107.5 108.6 110 109.9 111 112.6 114.8 116.2 117.5 119.8 124.8 128.7 133 139.8 149.1 158.5 167.6 181.1 194.3 202.3 209.1 213.8 217.7 221.4 219.9 212.1 210.9 211.4 213 214.9 216.2 216.2 214.3 207.8 209.3 215.3 221.8 228.5 239.6 253.4 257.1 259.1 265.3 272.8 283.2 281.6 275.4 294.2 319.1 327.9 329.1 328.2 331.2 328.5 324.5 322 321.9 323.4 325.6 326.9 326.5 326 325.6 325.3 327 328.5 330.2 332 331.7 330 328.6 325.2 325 325.4
119 116.4 114.3 105 107.2 108.7 109 107.6 110.7 111.9 112 115.4 117.6 118.1 122.3 125.8 129.4 136.1 140.7 152.6 165.5 176.4 187.2 193.6 199.4 203.3 206.5 210.1 208.8 206.1 206.8 207.9 209.2 210.5 212 213.4 205.2 214.6 218.3 221.9 226.6 230.6 231.3 232.7 241 246.1 252.3 257.9 264 262.3 280.8 305.7 317 320.6 322 325.2 324 320.5 317.9 318.7 320.3 321.8 322.9 322.7 322.4 322.4 322.7 324.4 325.1 328.9 329.5 328.6 326.5 322 320.3 322 321.2 321.7
124.8 120.5 117.6 113.7 107 106.4 109.3 111.5 111.9 112.8 112.5 112.4 113.3 112.1 118.9 120.9 126.4 130.1 138.9 149.3 161.8 171 180 186.1 191.8 194.9 200.7 202.4 199.3 201.9 203.2 204.4 206.2 208 209.9 204.8 203.6 211.8 216.8 223.4 230.2 234.9 237.8 240.9 239.4 243.1 246.3 250.9 258.7 276.7 297.3 309.8 315.3 317.9 321.2 318.7 317.5 315.6 315.6 316.2 318.2 319.4 319.4 319.4 319.5 319 322.7 327 329.9 331.1 328.3 325.2 321.3 319.2 317.1 318.2 319.6 320.5
126.9 124.8 121 118.6 114.7 114.2 115.1 116.9 116.2 118 118.9 114.9 114.3 115.2 114.3 119.4 123 126.8 131.8 140.7 154.3 166.5 176.5 184.1 187.1 193.3 197.2 195 193.8 197.8 200.1 201.2 202 204.1 201.6 197.2 208.2 214.4 224.7 236 243.7 247.9 251.8 253.2 251 250.6 253.6 259.8 277.6 293.5 303.9 310.9 314.1 318 317.5 314.7 314 314 314.5 315.7 317.3 317.3 316.1 315.7 314.5 322.8 326.3 330.1 331.6 328.5 323.9 319.7 316.3 315.2 314.7 313.9 316.4 316.2
128 126.8 123.4 120.5 119.1 119.3 118.4 119.1 117.9 117.4 118.9 120 118.9 117.3 114.2 117.5 122.7 125.2 130.2 135.8 144.4 157.6 169 177.5 185.5 189.8 191.3 189.7 190 192.9 197.2 197.5 198.9 193.5 188 203.4 210.9 222.6 239.6 254.6 264.9 270.8 271.8 268 273.2 270.8 268.2 276.3 291.2 302.2 309.6 313.2 316 314.9 313.2 311.9 311.5 312.5 313.9 315.2 316.3 315.5 314.2 313.6 320 325.6 329.7 331.5 327 321.5 317.1 313.4 312.7 313.4 313.7 313 313.6 313.1
129.9 128.8 126.4 123.6 121.3 121 119.4 120.2 120.3 119.4 119.8 120.7 120.7 120.6 118.7 117.7 120 121.7 129.4 133.2 137.8 146 155.1 166.3 176.1 184.1 186.3 184.4 185.2 186.5 194.4 194.4 188.2 183.5 197.7 205.5 218.8 240.2 256.7 271 280.9 290.1 295.9 296.4 296.6 296.1 294.6 295 301 307.5 314.9 316.6 314.8 313 311.6 310.2 310.7 312.4 313.9 314.2 314.6 314.3 312.6 314.6 322.7 328.5 329.7 325.2 319.1 314 310.7 309.8 310.8 311.1 311.6 311.4 309 308.5
132.3 131.2 129.9 129.6 127.6 124.9 122.8 121.4 123.8 123.3 123.5 121 121.3 121.7 121.7 118.7 119.3 121.9 128.3 132.5 136.3 140.8 148.7 159 168.4 175.6 179.1 179.5 180.7 181 183.5 186.6 174.9 187.9 199 209.9 227.7 247.9 268.8 286.9 304.8 313.4 317.5 321.1 323.2 321.5 318.5 314 315.9 320.9 318.6 315.6 313.7 312.1 310 309.8 311 312.8 314.2 314.7 314 313.6 311.6 316 323.3 325.9 323.7 319.2 312.3 308.2 307.1 307.9 309 309 309.1 308.6 305.8 308.1
136.3 135 135.8 134.5 134.4 131.3 126.4 124.2 127.5 130.3 132.2 130.3 125.1 123 122.4 119 120.1 121.5 129.1 132.8 135.1 138.2 145 152.7 159.5 166.6 171.2 171.2 174.5 177.3 180.1 169.2 184.7 192.5 201.1 217.1 238.2 261.5 285.6 309.6 321.7 326.7 331.1 335.5 335 332.3 328.3 324.6 323.8 323.9 321.3 315.4 314 312 310.6 310.6 312.5 313.5 314 313.7 313 312.1 307.6 316.6 324.6 323.6 319.8 312.2 306.2 305.5 305.9 306.7 306.9 307.1 306.6 305.7 304.3 308.1
141.4 140.5 145.3 144.6 141.1 137.1 129.7 129.1 133.4 135.3 139 136.4 127.8 125.1 124.3 120.1 118.2 121 125.7 132.4 136 138.3 141.2 147.9 154.3 159.9 163.2 168.3 171.3 174.8 174 167.2 181.9 199 212.4 221.3 248.1 278.1 302.4 320.2 328.9 333.9 337.5 339.4 338 334.8 331.4 328.7 331.3 330.2 323.3 317.8 315.5 314.7 313.8 314 303.8 313.1 311.9 308.4 308.6 309 306.5 315.9 322.3 319.5 312.8 305.8 303.5 304.3 304.5 304.5 304.7 304.8 304.2 302.6 306.9 312.9
146.8 149.3 150.8 149.2 146.8 141.2 138.8 135.4 138.7 145.7 152.2 143.8 134.1 133.4 129.7 126.5 124.1 121.2 124.2 131.7 136.2 138.9 141.2 146.5 150.3 155.7 160.6 163.3 165.1 167.1 163.3 167.7 193.8 205.9 221.6 240.8 262.7 289.9 311.9 328.5 337.7 340.7 341 342 341.7 338.6 334.9 336.2 341.1 336.3 327 319 318.3 317.7 317.3 316.8 312.2 296.8 303 302.1 303 301.6 304.7 312.4 313.1 309.6 305.7 302.3 302 300.9 301.6 301.7 300.9 301.3 297 301.8 304.4 313.8
155.4 158 158.5 154.2 149.7 145.2 144.8 147.1 148.9 159 164.6 155.3 148.8 146.1 141.3 135.6 129.3 126 120.5 127.1 136 138.7 142.2 151.1 147.7 150.5 157.6 158.2 161.2 153.8 165.6 190.7 200.7 213.2 229.8 251.9 281.3 302.1 320.3 341.3 348.6 352.1 349.9 349.9 347 343.4 340.5 346.3 347 341.2 328.9 325.5 323.7 321.5 318.8 312 302 288 293.9 297.4 298.9 298.1 302 303.6 304.7 303.1 301.8 300.5 298.7 298 298.1 298.6 297.7 297.4 296.1 297.5 301.6 312.1
162.9 165.1 162.3 160 158 161.2 160.4 166.5 171.2 174.3 174.4 173.2 167.8 159.6 150.4 143.8 144.4 138.7 125.5 125 133 137.7 141.3 144 145.8 147.4 151 147.6 154.1 167.2 182.4 193.6 205.2 219.3 237.7 265.7 286.1 305.7 321.5 341.6 353.6 358.7 357.4 353.5 348.6 347.7 351 353.3 353.9 346.7 334.3 328.5 325.7 315.8 302.8 294.6 281.2 286.8 290 292.2 293.2 296.4 298.3 298.8 298.9 298.4 298.1 297 294.5 294.8 294.3 295.1 294.5 293.8 292.1 293.1 296.4 304.2
167.9 168.6 168.8 170.8 173.2 176.5 177.4 186.9 193.9 182.7 178.2 197 185.2 174.9 167.1 158.8 155.6 142.2 129.6 127.7 129.4 138.9 140.5 141.2 143.2 140.9 148.6 151.2 157.1 167.5 180 193.3 204.5 219.3 241.8 260.4 278.6 294.1 312.1 328.8 346.6 354.3 356.1 350.5 353.3 354.3 355.4 354.5 349.7 342.7 337.7 331 307.3 296 289 283 280.8 284.3 286.5 287.1 289.6 291.8 290.8 290.2 289.4 292.6 293.6 292.5 290.2 288.7 290.6 290.5 290.8 289.1 288.5 289.9 291.7 295.6
171.8 173.8 178.1 181.9 185.6 194.8 200.7 208.7 213.8 197.7 199.2 212.1 209.6 201.2 188.2 173.5 164.3 148.9 135.5 131.8 129.5 130.4 133.4 137.1 135.2 136.6 143.6 142.6 147.4 154.9 171.8 182.9 193.5 205.7 222 237.7 254.3 272.3 289.4 305.2 320.2 333.9 341.9 350.4 351.3 344.4 340.8 338.9 338.9 337.4 326.2 304.5 291.6 282.4 277 269.8 280.8 282.4 279.8 284.5 286 285.4 282.7 282.6 284.1 287.3 289.6 288.1 284.7 286 287.6 288 288.4 284.4 285.6 287.2 289.6 291.8
176.2 181.9 187.2 193.4 202.5 214.3 217.7 226.1 231.1 220.6 233.5 241.5 235 222.9 206.2 194 180.6 167.4 151 139.4 144.2 137.7 132.6 131.5 130.7 134.3 135.5 137 140 148.3 156.7 168.3 175.4 186.8 200.5 214.9 233.7 254.8 271.5 281.3 292 308.1 322.2 326.4 324.2 324.7 326.8 329.3 323.2 309.1 296.1 283.9 276.6 268.3 266.2 269.4 280.7 281.3 276.7 280.6 282 279.1 277.3 278 280.4 283.4 285.1 283.5 281.2 284.4 284.8 285.5 285.3 279.6 283.7 285 286.7 289.7
183.1 190 197.3 206.1 218.5 220.6 226.9 242.3 249.5 253.6 257.4 258.5 253 238.4 223.4 209.7 199.4 184.9 161.8 146.6 151 143.2 141.6 142.4 139.8 130 131.5 136.2 137.6 142 149 153.9 159.2 171.6 183.9 197.5 220.5 241.7 251.6 258.5 266.4 280.8 294.5 303 306.6 307.7 306.1 301.4 294.2 284.9 275 267.4 261.5 257.8 255.9 270.4 282.7 282 267 273.8 275.7 273.9 273.5 275.3 278.5 281.4 280.8 278.8 276.5 279.9 282.3 282.5 276.5 281 281.9 283.4 286.2 289.1
191.3 198.5 208.7 225.4 221.9 222.2 240.5 262.3 269.4 273.8 279.4 280.7 277.1 253.7 241.6 226.7 212.8 187 166 160.2 149.8 151.3 150.2 146.6 142.2 139.1 133.8 131.6 136.9 138.5 140.7 147.5 153.8 161 171 186 205.7 222.8 228.4 237.9 244.4 258.7 275.2 285.5 286.3 280.2 278 272.1 268.6 264.3 257.4 253.8 249.5 249.6 251.3 274.8 280.4 276.8 264.4 267 269.6 270.9 270.5 272.4 276.1 278.3 275.6 274.6 273.3 274.9 279.5 278.2 273.9 279.5 280.7 282.1 285.4 288.2
197.5 204.3 218.7 234.5 228.4 234.5 254.9 278.7 285.7 294.5 298.4 304.7 298.7 283.4 270 243.3 214.1 187.6 166.4 166.8 166.9 163.1 155.5 151.3 146.2 144.2 140.4 136.1 136.5 137.1 138.2 142.9 149.1 154.7 162 172.2 187.7 204.3 208.5 217.6 227.2 240.5 252.1 255.2 255.9 257.5 254 250.2 246.7 245.8 245.3 241.4 240.5 233.3 256 280.3 276.2 269.9 265.8 260.6 265 267.1 267.8 270.5 274.1 273.1 270.9 270 268 269.7 276.1 268.1 276.4 278.3 279.5 280.7 282.5 286.7
204.4 214.4 232.6 230.5 240.6 254.1 266.8 291.6 301.2 310.4 317.5 319.6 320.5 309.9 280.9 246.3 215.6 190.1 177.3 171.9 173 167.1 160.3 157.7 150.3 148.4 148.3 147.6 145.8 144.3 142.7 140.5 143.1 147.7 151.9 162 173.4 186.4 193.9 200.8 212.2 222.3 229.9 231.6 234.9 238.7 234.6 229.1 231.6 235.1 235 232.7 228.4 230.3 265.4 276.3 268.6 262.3 257.1 256.6 260.7 262 264.2 268.7 270 267.7 266.8 266.4 265.1 257.7 262.5 267.1 274.6 275.8 278.3 280.2 282.5 285.5
215.6 226.8 244.1 257.2 255.6 261.9 284 309.5 320.2 322.4 329 338.8 333.2 316 278.3 244.4 215.1 193.6 186.4 181.4 178.9 174.2 165.8 166.4 158.9 155.4 156.4 156.8 152.1 151.1 151.4 139.3 139.2 139.6 146.6 152.1 163.9 174.5 178.3 188.7 197.4 205.5 214.2 216.8 221.5 222.1 215.6 218.2 221.9 227.9 226.1 220.3 218.9 252 273.8 267.1 258.3 253 247.9 252.1 255.5 257.5 260.3 263.2 263.5 262.2 261.9 261.4 259.8 264.9 267.7 270.3 272.1 275.1 277.2 280.1 283.9 288.7
224.9 236.9 254.5 272.8 280 296.4 313.9 329.6 333.5 340.6 346.2 345.4 334.8 316.5 279.9 245.8 217.7 200.3 194.9 189.4 183.9 177 173.3 173.7 173.9 169.4 168.9 168.3 168.9 161.6 160.7 158.3 153.1 142.7 140.5 147.1 155.8 166.6 171.5 180 186.1 192.2 198.7 207.8 210.4 208.3 204 209.2 215 221 217.5 208.1 239.1 259.3 269.3 256.7 249.8 241 246.2 248.7 249.8 252.9 256.6 257 257.7 257.3 257.3 257.6 251.6 259.6 266.2 268.8 271.4 273.7 276.6 280.9 286.1 291.7
237.5 251.2 269.4 290 311.8 332.1 338 345.8 350.2 352.9 353.6 345.9 331.3 309.7 277.7 247.5 222.8 206.8 195.3 197.1 192.1 186.4 190.7 192.9 191.3 189.1 186.9 182 179 172.4 169.8 167 165.3 159.9 158.8 141.2 145.8 148.8 158.3 166.5 177.2 181.4 189.8 199.1 200.2 197.9 199.5 205.2 208 205.3 192.6 226.5 243.5 263.5 256.5 250 242.7 227.5 242.9 244.5 247.4 249.1 251.1 252.2 252.7 252.1 253.2 253.3 246.5 255.4 260.6 267.1 270.1 270.7 277.6 281.3 286.4 291.6
253 270.8 293.2 314.8 337 343.6 351.7 355.2 359.7 360.2 356.7 343 325.8 302.9 271.8 247 222.1 205.5 209.5 206.6 202.1 207.8 212 212.4 213 215.6 210.8 203 194.3 186.3 181.3 178.4 175.4 170.9 167.5 165.5 159.4 143.9 146.6 148 153.9 162.8 172.4 179.1 184.7 180.4 196.8 199.8 203.2 207.5 187.3 229.1 252.9 257.5 247.3 240.4 213.7 231.6 240.3 243.2 244.7 245.9 246.2 247.6 247.5 247.9 244.1 240.4 246.5 254 259.2 264.4 266.7 272.3 279.3 283.6 285.7 288.7
266.5 291.7 311.8 332.1 351.1 358.8 363 363.4 364.8 361.5 351.8 337.5 319.6 292.4 262.5 233.5 222.5 217.8 214 213.9 218 223.2 230.5 237.5 243.6 243.6 231.4 224.6 215 204.5 197.6 193.3 189.4 184.2 181.5 174.8 173 170.4 162.2 154.5 151.4 151.4 151.3 153.5 160.4 176.5 185 192.5 182.4 179.3 196.5 229.9 240.4 245.5 241.6 216.1 218.4 234.3 238.5 241.4 242.4 242.1 242.3 241.6 231.1 235.1 244.5 249 251.5 254.1 258.4 263.1 269.1 272.7 279.6 283.5 285.1 283.5
