app/static/ascii/SH91.asc
ncols 200
nrows 200
xllcorner 290000
yllcorner 310000
cellsize 50
[rows 0 to 34 of 200, columns 0 to 77 of 200]
249.4 235.7 235.9 243.1 237.9 225.3 206.6 185.6 171.2 161.5 157.5 156.5 153.6 153.2 153.1 152.3 154.4 163.7 191.8 218.1 249 283 317.9 355.4 388.5 426.2 449.3 469.1 484.9 499.3 510.8 514.6 514.6 511.4 511.2 507.7 501.5 493.2 488.2 483.2 497.1 506.6 506.3 506.8 502.8 499.8 474.3 473 508.9 526.7 546.5 560.2 565.3 572.9 573 570.3 568.6 561.6 545.1 534.2 532.8 530.4 530.3 528.9 527.3 523.1 520.4 518.9 516.7 514.7 514.7 517.5 517.7 516.7 519.9 523.4 523.2 526.4
281.7 273.9 269.7 273.4 260.8 243.4 222.6 200.6 178.5 163.3 156.9 156.3 153.3 152.7 152.4 151.8 152.2 150.9 186.7 222 247 281.2 311.8 344.8 378 409.3 438.9 458.6 471.4 487.8 504.5 509.7 505.4 498.7 494.9 489.3 484.1 475.4 451.3 466.3 479.4 486.3 487.6 476.2 481.7 482.3 459.5 463.5 502.3 524.7 537.7 545.6 555.6 564.3 568.3 574.4 570.6 557.1 544.4 536.3 537.3 535.8 531.5 529.6 526.8 522.9 521 519.3 517.1 517.1 518 524 523.4 523.5 527.7 529.5 532 532.5
313.1 303.3 302.4 291.7 274.3 254.7 234.6 212.6 188.9 166.8 157.1 156.1 156 153.1 152.1 151.8 151.5 151.5 182.8 217.9 246.2 278.7 317.4 351.9 384.4 413.1 429.5 439.3 452.1 468 482.8 486.8 486.9 482.5 473.1 461 451.5 442 419.6 458.6 457.2 452.6 452 450.4 459.9 465.2 449.6 452.1 489 514.4 519.7 524.8 536.8 558.7 570.3 581.5 575.5 558.6 546.2 545 545.8 540.7 535.9 530.6 525.1 524.1 521.6 520.9 520.5 519.6 521.7 529.7 531.2 533.1 533.5 538.5 538 540.1
336.7 327.8 316.9 303.6 286.7 269.5 246.9 223.1 197.2 172 156.2 155.4 155.4 155.1 154.5 151.4 151.2 151.4 172.9 212.1 242.9 273.4 306.3 343.5 378.6 394 403.8 411.5 429.3 447.5 461.8 464.3 461.1 456.2 444.6 431.3 419.5 405.5 399.8 414.7 420.9 424.3 418.8 426.3 445.8 446.4 431 443.5 467.5 479.9 507.4 526 549.8 564.9 576.5 583.8 577.2 568.1 552.6 551.9 548.4 543.4 536.6 526.7 524.3 526.7 526.2 523.3 522.7 523.9 529.5 534.9 538.5 539.1 543.8 544.5 546.7 546.8
341.7 330.8 324.7 311 295.8 282.3 263.5 237.3 208.7 181.4 156 155.1 154.9 154.5 154.1 151.2 150.6 150.8 168.3 207 237.3 269 304.5 329.8 356.5 369.6 376.3 384 407.1 428.5 439.2 440 435.2 427.3 414.2 399.3 387.4 372.7 383.6 391 393.7 391.7 394.3 413.5 426.3 420.6 419.4 434.7 452.9 484.8 520.6 542.6 559.9 574.5 587.5 587.9 580.8 572.3 560.9 555.3 550.4 544.3 535 523.6 522.3 526.1 526.7 524.7 526 529.6 532.9 540.6 544.3 545.2 550.3 553.9 556.4 554.3
321.6 312.6 304.7 293.1 285.6 276.2 261.1 236 212.9 189.9 164.4 155.6 154.6 154.2 153.7 153.4 150.3 150.5 173 204.1 230.2 264.8 287.4 311.6 331.4 341.2 347.5 363 386.2 406 414.2 413.7 409.1 401.3 386.1 371.8 355.5 350.1 360.1 364.2 369.2 378.6 388.5 401.9 398.1 413.2 426.6 446.8 474.1 507.5 534.1 552.8 572.2 585.7 594 584.5 581.2 573.4 561.9 552.5 547.6 541.2 530.2 519.4 522 526.5 528.2 524.5 525.8 532.1 539.9 542.7 549.3 548.1 556.4 558.8 561.5 563.8
297.6 292.3 285.1 275.7 269.8 261.2 248.9 230.4 213.2 196.8 180.3 161.8 154.8 154 153.1 152.7 149.8 149.3 171.2 196.8 219.8 246.6 264.2 285.3 302.2 314 318.1 343.3 365.6 382.9 389.8 389.2 385.7 374 357.9 344.6 335.5 341.9 349.1 349.2 365.6 378.1 386.9 397.3 409.5 417.8 427.2 455 488.8 521.5 542.1 562.2 582.2 588.6 585.6 582.9 579.1 571.4 561.7 553 537.4 535 524.6 514 521.1 524.9 523.8 523.4 526.5 530.9 540.4 544.4 550.4 550.1 556.6 559.9 562.9 568.5
278.5 272.4 265.6 260 255.1 244.2 235.1 222.4 209.8 197.8 181.5 172 159.5 153.8 152.8 149.7 149.3 149.8 157.9 187.4 206.7 224.8 240.7 258.9 277 288.7 300 323.2 344.4 358.3 366.2 365.8 357.7 342.8 330.6 322.9 327.4 335.4 341.8 353.2 365.6 386.8 403.7 414.6 423.8 434.7 448.8 472.4 495.9 519.8 545.8 564.9 579.6 585.5 584.1 580.9 575.7 565.9 554.4 544.7 530.7 517.7 515.7 511 518.4 522.6 519 521.4 522.4 529 537.6 542.1 542.6 547.5 555.2 560.8 562.7 567.9
261.5 255.5 250.4 245.3 239.6 232.5 224.5 215.3 207.3 196.7 182.4 170.2 160 155.1 151.6 149.1 149.4 149.1 153.3 177.2 193.1 207.7 222.2 237.2 253.6 265.6 278.7 301.7 320.1 332.9 340.4 342.6 328.2 316 312.1 313.3 316.2 322.3 351.5 364.6 381.3 408 427.7 440.6 456 470 482.4 495.6 514.6 536.8 555.6 574.7 585.5 585.5 583.1 578.1 570.1 557.2 545.4 532.5 526 516 506.3 505.2 513.3 519.6 515.5 517.9 519.7 525.4 529.7 528.2 536.2 547.3 555.1 562 563.7 567.6
245.1 240 235.1 231.3 227 222.2 216.7 210.3 202.4 193.4 181.6 171.8 164.4 157 150.5 148.8 148.8 148.7 154.1 164.6 179.4 192.1 204.7 218.2 232.8 238.7 260.4 278.2 296 311.1 318 313.3 298.7 297.1 296.4 301.4 317.8 337.8 356.9 381.1 396.3 423.8 441.2 459.9 480 492.7 504.1 514.3 531.5 553.5 573.6 588.4 589.2 585.3 581.4 578.8 570.2 557.7 542.5 527.9 520.5 514.4 500.2 499.3 510.8 510 509.2 511.6 514.9 519 517.7 524.6 534.1 541.8 552.9 560.2 563 565.8
231.1 225.9 220 217.6 214.7 212.3 208.2 201.7 195 190.8 184.2 179.3 174.5 166.9 157.7 148.4 148.4 150.4 155 158 167.4 178.4 189.7 203 215.5 226.2 238.2 259.2 276.8 288.9 294.1 285.8 279.2 279.8 292.3 319.1 332.4 348 371.3 390.2 412.5 436.7 456.5 477.5 493.5 503.9 514.9 529.4 547.4 567.6 586.6 591.5 590.1 586.1 583.6 582.4 571.6 561 548.4 525.1 513.9 507.5 498 492.9 499.2 501.8 500.7 503 509.3 506.8 513.5 517.3 525.3 537.8 546.5 554.6 560.8 566.1
219 212.8 211.1 206.5 201.7 199.6 195.3 187.6 188.4 189.1 187.4 188.4 186.2 178.3 162.9 152 148.8 151.2 155 158.2 161.5 167.2 179.2 190.2 199 212.7 228.6 243.4 256.3 266 270.1 269.6 264.7 280.1 313.4 329.8 340.4 364 388.1 406.4 429 451.4 471.6 490.2 502.6 512.3 523.9 542.4 560.3 582 592.5 591.4 590.7 591.5 587.5 583.5 572.8 560.7 543.5 521 512.4 506.1 496.5 483.2 489.7 488.2 490 496.8 502.7 502.8 509.5 514.5 521.7 533 543.7 552.1 558.6 561.5
209.7 201.9 197.3 194.9 185.9 172.6 170.6 168.3 182.4 187.7 193 198.8 193.2 180.4 167.9 158.2 144.9 149.7 154.8 158.2 161.2 165.6 171 179.5 189.6 202.5 216.6 227.3 236.3 245.9 255.2 256.1 264.4 293.4 313.2 335.3 358.2 375.3 399.1 416.4 444.3 465.7 484.4 497.3 507.7 518.2 534.5 550.6 573.7 593.3 597.2 594.5 594 591.4 589.9 581 572 558.9 536.1 521 511.2 502.9 494 478.6 478.4 480 482.1 488 491.9 496.9 501.5 508.4 517.6 525.8 538.3 547.6 554.9 557.9
202 204.5 206.6 208.8 208.4 204.6 197.5 178.7 168.8 189.6 195.3 192.5 185.8 173.5 164.4 153.6 147.7 148.7 155.9 160.4 165.3 170.5 167.6 176.7 182.8 193.4 205.8 217 226.5 237.5 236.7 261.5 283.4 304.8 324.9 359.2 369.4 385.6 410.4 425.4 455 476.8 491.5 503.7 514.7 527.4 543.2 560.6 585.3 594.5 592.9 589.5 590.7 592.5 587.4 579.6 569.9 553.3 536 525.3 512.6 502.9 493 484.1 470.3 472.1 475.2 482.5 486.4 490.3 495.1 501.7 513.2 525.3 534.8 544.8 551.8 550.9
224.9 224.1 226 225.2 219.9 194.9 181.2 173.2 166.3 181.3 188.4 183.9 173.1 164.1 159.5 149.7 146.9 147.1 154.1 162.2 168 171.9 175.9 180.4 187.6 196 204.9 211 227.4 242.2 264.6 285.5 307.8 322.8 345.4 373 375.2 397.1 418 434.6 458.9 484.9 495.9 507.9 518.2 531.8 545.4 568.7 586.7 591.8 589 586 588.7 595.6 585.8 576.1 564.3 550.5 537.5 527.4 513.1 499.8 488.2 476.7 468.6 469.1 471.7 475.6 482.3 484.7 492.9 498.8 506.8 519.6 532 543.6 547.5 546.2
249.2 248.5 249 233 207.4 183.3 170.1 162.2 157.4 167.4 167.2 164.5 160.6 157.8 155.1 148.4 144.3 146.5 155.7 159 168.6 172.8 176.4 180.7 186 195.5 209.2 225.1 243 261.9 280.9 299.4 317.2 332.9 355.7 369.4 384.9 402.7 422.3 442.3 469.3 481.7 492.5 504.7 516.7 530.6 546.6 573.8 586.9 587.5 582.8 583 585.5 590.6 585.5 579.1 557.7 547.7 536.8 527 512.3 496.8 485.3 472.2 469.8 465.5 469.4 470 475.4 480 483.6 494.7 505.6 516 526.7 537.2 542.7 541.1
276.9 271.5 248.2 218.2 194.4 173 162.8 154 146.5 154.4 157.5 156.6 147.8 147.8 147.9 145.7 146.3 146.8 156.1 158.6 162.3 169.4 175.4 180.6 190.5 201.3 216.8 235.1 254.2 277.6 300.3 320.7 336.8 353.3 371.4 383.1 395.6 410.4 435.9 454.6 460.9 464.2 475.9 497.1 517.4 532.7 551.9 571.5 579.9 582.1 580.5 581.2 584.5 588 585.9 577.2 561.1 553.1 543 530.3 517.5 502.6 481.4 473.4 472.1 474.4 464.3 465.9 472.2 475.2 479.5 489.7 500.5 511.8 524.7 533.4 535.9 534.2
280.6 255.9 230.8 206.1 182.4 165.6 155.5 151.7 146.4 145.3 150.1 146.9 143.7 144.4 144.8 145.3 144.8 151.8 154.3 153.6 159.6 169.7 177.8 184.5 193 204.2 221.2 242.5 265.1 292.1 315.2 339.6 358 377.7 393.2 404.7 419.3 435.6 447.8 444.7 435.3 445 473.6 496.4 516.9 530.6 556 572.5 576.8 578.5 579 579.7 580.7 584.3 583.7 572.2 563.8 555.2 545.4 532.2 514.8 497.3 480.4 475.6 473.1 474.4 471 462.1 464.7 471.5 477.7 485.9 492.8 504.9 516.2 526.4 529.4 528.5
275 248.2 222.1 196.8 173.3 159.5 153 150.7 146.3 144.2 143.4 143.1 143.5 143.5 143.4 145.9 145.4 147.9 150.9 165.2 171.1 164.4 171.7 180.1 190.8 206.5 225.4 247.5 273.1 300.7 322.9 346.9 369.7 394.1 407.2 416.6 433.4 449 440.3 424.1 419.5 445 477.2 501.6 518.6 534.4 557 570.9 575.3 576.1 577.1 577.3 578.6 578.6 579.2 573.2 564.4 554.1 540.8 525.2 506.7 490.1 478.3 475.4 473.8 474.6 473 467.6 461 467.6 476.4 481.2 485.7 495.8 506.1 516.2 521.4 522.2
261 235.8 211.8 188.6 164.5 152.1 149.3 148 147.5 143.3 142.9 142.2 142.8 143.4 147.8 151 159.3 162 164.8 169.1 173.4 175.5 168.7 179.3 192.5 207.7 226.2 248 273.5 301.6 327.6 348.7 372.6 391.5 406.1 420.6 435.7 440.9 423.5 406.3 416.5 445.7 477.1 506.1 520.7 541.5 561.3 571.5 577.9 577 576 575.8 576.6 577.6 583 571 564.2 555.2 540.8 519.9 499.3 482.4 478 478.2 474.6 473.8 472.9 470.1 463.1 461.2 468.9 474.9 479.2 489 500.5 506.6 511.3 513.8
242.5 220.1 198.3 177.2 155 146.2 146 146.2 145.5 142.7 142.4 142.8 143.3 148 156.5 161 163.6 168.3 171.1 174.5 177.4 179.3 182 178.1 193.1 208.4 223.9 244.4 267.6 296.5 323.4 341.5 356.8 373.1 390.9 407.9 419.8 421.5 407 393.5 413.1 444.4 474.1 501.5 523.1 548.9 563.8 573.5 580.2 579.6 575.6 574.3 574.9 578.6 584.6 570.7 561.4 554.3 535.1 513.4 492.4 478.3 476.7 476.3 474.9 474.2 471.9 470 465.7 460.6 460.9 466.9 474.3 484 492.5 495.8 499.7 501.6
224.9 204.5 184.7 162.7 144.6 144.4 144.7 144.1 141.8 141.9 140.4 143.3 151.1 158.5 165.7 169.8 172.8 178.1 182.5 186.8 190.3 195.2 196.8 192.6 190.3 202.2 217.9 236.9 257.1 278.8 297.3 315.6 335.3 355.1 378 394.1 402.4 403.1 389.4 381.7 414.5 445.4 475.2 501.6 527.6 555.6 565.3 573.9 580.1 579.2 574.8 572.7 574.6 578.1 575.7 568.5 561.2 550.8 530.4 507.4 486.3 475.9 475.2 474.3 473.4 472.7 470.1 468.7 462.7 461.5 455.5 462.6 469.5 478 481.7 485.7 489.9 491.7
208 189.6 169.7 147.2 142.6 142.8 141.2 141 141.5 141.4 143 152.5 161.2 169.3 175.8 179.9 183.5 191.1 196.6 200.5 207.4 213.7 214 210.5 203.4 195.4 204.2 221.9 240.2 258.4 276.4 295.4 317.6 337.8 358.3 376.2 384 385.2 372.1 386.9 418.6 448 478.4 506.4 537.2 555.3 566.5 574 576.1 576 573.7 571.3 574.3 580.7 571.7 568.1 560.1 544.2 524.4 504.8 483 474.7 473.8 473.1 473 470.1 467.5 467.1 463.8 460.5 456 458.8 464.9 472.4 477.2 480.2 483.7 484.5
193.1 173.9 154.6 141.7 140.1 140 140.4 140.6 140.8 141.6 150.6 161.9 171.9 181.4 188.6 194.2 197.9 204.6 209.3 217.9 228.3 239.8 242.9 232 218.8 209.7 204.6 205.2 222.6 240.9 258.3 278.9 301.6 322.8 340.5 356.8 364 369.2 360 386.3 417.5 448.5 476.8 511 542.6 554.7 566.4 572.4 573.2 573.2 570.7 570.4 571 570.7 570 565.2 557.7 539.7 520.4 499.1 482.5 475 474 473.7 474.2 471.1 467.6 464.3 461.7 459.6 456.9 453.7 460.3 467.6 471.3 477.6 479.5 477.2
177.4 159.9 141.9 140.3 139.6 139.8 140.1 140.2 140.8 147.7 160.7 172.7 184.7 196.3 205 211.7 216.7 222.3 231.6 244.5 254 265.3 269.4 261.1 240.8 226.6 215.7 205.9 207.8 226.9 244.1 264 285.9 306.1 322.1 333.3 343.4 351.7 359.9 388.7 418.1 448.9 477.9 514.9 544.1 556 565.5 568.4 569.6 569 569.3 569.5 568.7 567.8 567.6 562.2 548.6 532.7 514.6 493.8 476.5 477.2 475.2 474.8 474.5 471.4 468.4 465.2 461.2 457 455 453.2 454.4 457.6 467 472.4 473.1 470.9
164.2 144.4 140.9 141.1 139.1 139.5 140 140 146.3 159.8 172.5 186 202.7 217.5 228.3 233.7 236.7 244.8 256.6 269.6 282.2 289.9 296.6 290.1 263.2 244.8 225.2 216.3 210.3 217.9 235.3 250.6 267.3 287.7 299.4 310.3 324.8 329.5 361.4 397.6 428.5 462.6 498.3 536.5 547.6 558.5 563.5 566.1 566.9 568.3 569.6 568.2 566.4 560.4 559.7 555.3 545.9 526.6 507.9 491.1 477.5 478 476.2 476.3 477.6 474.6 466.9 464 459.8 455.7 454 452.6 453.5 454.9 460.7 464.6 466.3 459.7
151.4 138.2 138.4 138.6 138.6 139.5 138.7 143.7 156 170.5 185 203.5 224 238.8 249.4 255.2 263.3 267.8 282.7 295 308.1 317.8 321.4 315.2 286.7 262.4 240.9 231.1 217.4 216.1 225.5 241.1 256.5 269.6 278.7 286 303.6 338.7 376.2 409.7 441.5 472 511 541.3 547.3 556.3 560.6 564 565 564.4 565.9 567.2 564.5 560.6 552.4 540 536.1 524.2 506.6 490.5 481.5 479 479.2 483 481.4 475.3 467.1 462.2 459.1 454.8 452.9 451.7 453.8 454.8 454 459.7 459.1 452.4
139.6 137.9 138.4 137.2 145 153.5 155.2 162.3 166.1 180.3 200.6 223.4 242.9 260 271.5 279.3 289.5 293.6 308.4 320.3 332.2 340.8 344.9 339.8 306.6 281.4 262.9 245.2 227.4 225.3 219.5 228.5 242.3 251.5 276 301.5 330.1 360.9 395.4 422.7 453.3 484 523.9 540.5 545.7 553.6 557 561.2 562.9 561.2 560.9 564.1 562.6 556.9 551.5 538.4 522.8 512.3 500.2 484.9 482.4 483.4 485.5 488.6 479.6 474.3 469.1 464.2 459.1 454.2 452.3 452.4 453.6 453 451.2 450.5 448.6 447.9
137.9 138.2 138 142.1 152.2 162.1 169.7 175.5 178.8 196.4 218.1 242.3 263.3 280.5 293.9 304 317.6 321.4 333 347 359.2 364.2 365.8 359.2 332.8 303.6 279.6 254.7 247.9 238.1 240.5 229 240.1 259.2 277.4 300 335.2 367.5 410.1 445.2 462.5 489.4 527.2 536.1 542.2 547.6 550.9 555 559.9 558.9 561.9 560 558.8 552.6 543.3 533 521.3 508.5 493.3 486.7 486.3 486.1 488.7 487.1 480.8 475.7 469.6 465.2 460 453.6 451.5 451.4 452.5 451.4 450.6 443.3 442.1 449.1
137.4 137.5 137.9 147.8 156.4 166.7 176.4 187.2 198.2 213.5 235.3 259.1 281.7 300.5 316.5 331.2 342.5 348.5 360.6 373.1 381.1 384.3 388.4 387.7 359 327.8 306.7 287.7 273.2 263 254.8 255.1 254.8 254.6 272.9 299.7 333.4 365 402.4 449.3 471.5 497.6 524.9 531.6 535.3 542.9 549 552.2 554.4 556.6 557.6 558.6 556.7 552.7 539.4 528.3 515.5 506.9 492.9 487.6 488 488.2 491 488.7 482.6 478.6 471.2 465.7 460.3 453.5 451.9 453.7 452.9 449.7 448.2 441.9 437.8 440.1
136.9 137.5 139.9 151 164.4 178.1 190.1 200.5 214.6 230 251.7 275.7 298.3 317.9 337.4 355.8 364 374.7 387.1 397.1 399.8 404 408.8 404 390.9 351.3 342.9 315.3 302.2 292.1 278.8 283 278.1 277.6 270.9 301.9 333.7 369.5 406.7 449.2 476.2 501.7 522.5 526.1 530.7 537.4 543.8 548.3 554.1 555.2 556.5 557.9 558.1 552.8 543.7 525.5 514.4 502.6 491.7 490.2 489.4 490.2 491.1 489.6 484 478.6 472.1 467.1 461.8 457.5 454.5 454.3 453.3 451.3 446.8 441.8 437.9 438
136.2 136.9 149.1 157.6 167.4 184.1 201.1 214.4 230.2 247.6 271.6 294.1 314.8 335.1 358 380 390.9 399.5 408.3 412.5 415.6 420.5 419 417.8 409.2 387.8 364.3 354.4 338 327.5 319.2 314.2 306.5 304.9 305.4 304.8 343.7 379.7 422.6 447.2 473 490.6 513.7 517.6 523.8 531.5 541.4 545.6 552.5 552.6 554 558.4 559.8 555.5 547.4 527.4 515 507.1 496 496.1 494.8 493.9 493.8 492 486.7 479.3 473.3 469.1 463.9 459 458.9 457.1 454.1 450.7 447.6 444.6 443.4 434.8
143.2 150.9 160.4 169.2 178.1 192.8 208.1 230.3 247.7 269.2 286.3 308 332.2 353.6 377.9 403.2 411.9 419 424.4 426.5 428.9 430.2 428.2 425.8 414 412.9 413.2 401.4 382.1 368.8 360.7 351.2 342.2 342.4 339.2 351.5 342.3 403.5 425.8 443.6 465.4 477.7 500.7 511.5 517.9 524 534.7 540.2 547 552.1 554.2 558.9 559.4 558.5 550.2 536.3 522.8 514.9 501.5 502.2 502.1 499.8 499.8 496.1 491.7 485.9 479.6 472.1 465.3 461.9 464.1 459 456 449.7 446.3 445.2 443.4 440.8
155 162.2 169.7 183.6 195.2 205.7 228 245.4 263.6 281.3 303.8 315.7 329.8 358.3 397.6 417.2 425.3 434 438 438.8 439.3 439 436.2 428.6 422.9 426 427.7 426.9 423.7 418 417.3 392.5 385.8 387.8 377.6 394.2 378 392.1 422.3 438 453.9 468.3 486.5 509.3 515.6 524.9 534.8 538.4 549.3 551.6 555.7 559.8 558.1 556.5 550.2 540.4 528.2 515.2 506.2 507.6 505.6 505.3 504.3 506.3 498.8 492.6 484.4 477.9 469.3 468.5 466.3 460.2 457.5 450.4 448.1 446.8 445.9 442.3
163.5 174.2 187 198.1 215.6 228.9 244.5 264.3 284.1 298.2 311.3 321.4 336.8 367.1 410.7 432.5 438 445 447.9 449.9 449.7 445.9 441.6 433.8 433.3 441.3 439.9 439.3 434.2 424.5 427.2 418.5 408.1 410.1 410.3 411.5 410.4 394.3 402.2 425 442.7 457.7 478.1 495.9 511.4 520.9 527.7 538.1 546.6 551.5 558.5 560.5 556.4 552.2 546.4 537.8 525.7 512.3 511.4 511.3 511.8 512 512.1 511.9 504.8 500.7 487.8 481.4 475 475.1 470.1 461.4 459 452.9 450.6 448.6 446 440.2
