app/static/ascii/SH92.asc
ncols 200
nrows 200
xllcorner 290000
yllcorner 320000
cellsize 50
[rows 35 to 69 of 200, columns 0 to 77 of 200]
346.3 367.2 383.8 391.3 393 393.5 394.6 396.5 396.7 394.8 391.9 399.8 409.6 418.3 425 431.6 432.5 433 434.1 444.2 461.2 471.2 480.7 487.3 489.4 494.8 502.1 514.9 524 530.5 540.3 541.3 533.1 528.3 521.3 513.5 510.3 507.8 504.1 497.2 488.8 484.5 477.7 472.4 466.6 464 464.6 473.2 485.4 496.9 505.7 512.8 517.8 518.5 515.5 510.9 502.2 494.6 483.4 472.2 461.9 451.4 443 434.7 426.9 430.9 440.9 451.8 462.1 465.8 469.3 468.9 463.4 451.4 450 466.4 491.5 516.1
331.2 350.7 365.2 372.1 375.1 375.3 375 378.1 380.2 380.4 387.5 395.7 403.8 410.9 417 418.8 417.5 428.5 436.9 450 463 472.4 478.7 485.4 488.2 492.7 498.1 508.2 514.4 519.6 523.7 522 517.2 513.5 508.9 505.5 506.1 505.6 504.3 500.4 493.3 486.1 481.1 478.7 477.2 470.3 472.8 480.4 490.7 501.4 511.1 518.6 519.9 518.4 514.7 507.3 500 491.6 479 467.3 457.9 449.5 442.1 435.8 432.3 432.9 444 456.6 469 473.9 477.9 477 470.6 457.2 454.8 473.3 498.2 524.9
317.5 335.8 349.9 356.7 360.3 360.3 357.8 362.5 369 373 383.5 391.3 398.5 402.9 406.9 413.3 421.2 429.1 437.7 450.3 462.5 471.9 480.8 484.8 487.8 489.7 492.5 497.9 502.6 504.4 508.1 507.1 503.9 500.4 498.2 499.2 500.7 501.2 499.8 497.4 493.4 487.3 483.3 481.7 478.2 474.4 479.5 487 496.4 506.9 515.3 521 519.8 517.4 513.3 506 497.5 486.6 474.2 462.8 454.8 447.4 440.4 435.1 436 435.7 448.3 462.5 475 483.5 485.6 486.3 477.7 464.5 460.7 479.7 505.7 533.8
313.3 322.8 334.6 340.3 343.5 349.7 362.9 370.1 379.1 383 385.4 390.1 396.5 405.8 412 416.9 422.9 430.2 441.5 450.6 466 476.5 481.6 482.9 485 482.8 484.4 487.2 490.7 495 496.7 495.8 492.2 486.7 490 491.8 496.2 497 496.3 494.1 491.2 487.5 484.1 480.9 479.2 480.1 486.5 492.9 502.8 512.9 518.5 521.9 520.8 517.7 511.5 502.9 493 481.5 469.5 460.4 451.4 448.6 443.6 442.5 439.9 441.4 453.6 469.2 482.9 491.5 497.6 496.8 486.6 473.2 466.8 487.8 513.4 541.5
313.7 321.9 332.1 343.3 352.9 360.9 370.5 379.1 387 392 398 403.5 406 410.2 414.5 420.4 426.5 437.3 447.3 458.8 470 473.2 477.5 477.8 477.4 476.8 474 474.7 480.7 483.6 482.4 478.6 474.1 475.6 480.5 485.8 489.3 491.5 490.6 487.9 485.9 484.2 482.2 480.7 481.3 483.5 489.6 499.2 509.3 516 520.2 521.9 520.5 515.7 510.1 500.9 489.8 478.6 467.5 458.7 453.1 452 447.4 448.5 443.8 444.4 459.7 477.7 491.2 501.7 510 509.2 496.2 481.7 481 491.2 519.6 549.4
317.1 323.1 337.2 347.1 357 366.1 374.8 383 389.5 396 402.7 406.8 408.5 412.5 416 426.2 435 443.3 451.6 462.1 468.1 471.8 471.2 468.9 467 467 459.3 460.7 464.9 465.3 463.4 461.5 459.9 463.7 471 479.9 483.4 484.5 482.9 482.5 481.1 480.4 481.2 482.6 483.2 488.1 496.8 505 513.2 518.4 520.6 521.8 521.6 518.2 509.3 498.4 488.3 476.1 465.9 457.8 462 459.7 462.1 451.8 449 449.3 465.1 485 500.6 513.6 524 520.3 506.4 496.3 497.4 512.2 528.4 553.7
318 323.8 336.8 348.3 359.3 369 377.5 386.4 392 402.5 408.7 412.6 419.3 426 429.9 433.6 439.6 446.3 453.3 461.6 463.8 463.6 461.6 460.9 458.9 453 449.8 448.5 448.1 448.4 449.2 447.9 448.6 454.6 466.7 472.4 475 476 475.8 476.3 477 478.6 484.5 486.2 487.2 494.2 506.5 512.6 516.7 521.2 523.2 523.8 521.1 517.3 508.2 497.4 486.5 475.7 470.3 466.1 469.3 472.7 474.6 467.8 459.3 456.2 473.1 492.4 512.9 526.9 534 529.9 514.7 513.4 519.6 531.5 548.7 568.9
323.7 326.1 338.3 350.1 360.6 370.9 380 389.3 398.8 407 413.4 423.4 429 431.6 434.6 436.6 442.3 448 453.7 458.2 459.2 457.9 457 451.3 445.2 442.8 437.7 436.3 436.9 438.2 437.6 437.5 441.1 452.5 459.5 463.7 465.5 467 468.1 471.5 473.8 476.9 483.2 488.4 492.3 500.1 511.6 515.4 519.2 523.8 524.9 523.4 520.9 516.3 507.8 496.1 480.8 480.4 473.4 474.5 477.4 483.1 485.1 479 470.8 464.2 476.4 501.9 523.7 536.8 544.1 538.8 537.5 537.3 543.2 555.7 571.7 583.2
325.5 326.9 337.9 350.8 360.6 371.2 381 390.8 401.6 407 416.7 427.6 433.4 436.3 438 442 442.8 447.3 450.9 451.8 451.1 448.7 445.2 437.8 433.9 428.3 425.3 423.7 424.6 425.6 427.2 426.2 435.9 444.3 450.1 453.4 456.5 459.5 462.6 467 470.4 476 482 488.9 494.8 504.6 514.8 520.5 523.3 526 526.8 527.2 524.1 516 506.8 497.8 489.9 483.1 477.1 483.7 490 494.9 497 486.4 481 476.4 488.1 512.9 536.1 548.4 555 555.5 558.3 563.5 570.1 582 589.9 593
329.1 327.5 337.4 350.7 361.1 371 383.9 394.6 405.8 414.6 424.4 432.1 436.3 438.9 439.8 441.5 441.1 442.9 443.3 440.7 438.7 434.9 428.5 426.2 419.5 416.7 414.9 412.5 414.6 415.8 417.1 421.1 428.8 434.4 440.7 447.9 451.8 454.7 457.5 461.9 467 475.6 481.5 488.8 495.8 506.7 515.5 521.4 525.5 527.1 528.1 526.8 524.5 517.9 507.6 504.6 493.1 489.1 485.9 493.6 501.7 505.8 508.9 500.5 497.8 492.8 504.1 524.9 548.9 558.9 564.7 569.9 574.9 584.8 593.8 599.8 602.2 602
336.8 325.4 338 349.3 361.9 372.9 384.3 397 407.3 417.9 427 433.5 439.7 440 438.5 434.9 432.2 430.6 429.8 426.1 421.3 417.5 414 409.8 407.2 403.2 403.2 402.6 405.3 408 409.1 415.4 422.8 430.5 436 441.1 445.2 448.4 452.5 458 463 470.4 477.7 486.5 494.8 505 514 521.3 525.7 528.3 528.9 528.2 525.3 519.8 511.1 510.3 503.2 493.5 500.1 507.2 514.8 520.4 519.8 515.8 510.7 511.3 520.9 542.6 563.2 569.3 574.5 580.1 589.2 598.4 607.2 611 610.6 607.8
343.4 327.3 335.2 347.1 358.2 371.6 383.2 396.2 408.7 418.9 426.1 432.7 436.5 433.7 430.6 425.5 420.4 417.6 414.6 410.3 405.9 400.4 398.6 394.5 393.6 389.9 391.6 395.3 399.7 401.4 401.3 410.2 418.3 423.6 425.9 433.2 439.9 441.3 446.5 452.5 460.1 467.6 475.4 483.7 493.1 501 510.7 519.5 526.9 529.6 530.1 531.9 530.3 526.9 522.7 516.7 514.2 504 513.1 520.1 527 532.1 534.5 532.8 525.9 528.5 537.4 561.6 575.1 580 584.1 590 601.2 610.8 617.1 619.1 617.5 607.9
353.9 336.7 331.9 344.6 352.5 367 379.1 390.8 404.1 414.7 422.4 427.1 428.7 426.2 419.9 413.2 407.2 404 400.2 396 389.7 383.9 379.3 381.6 382.1 390.1 393.6 392.1 393.8 393.3 397.6 404.1 410.2 414.8 416.9 421.6 428 432.7 440.1 448.3 457 465 474.2 482.8 492.2 499.5 508.9 518.1 526.3 531.2 533.5 536 537.4 535.2 533.7 527.6 525.5 516.9 525 535.3 540.8 544.5 546.6 547.9 544.2 547.5 560.8 577.6 584.1 588.8 592 600.9 610.1 618.4 622.7 622.8 618 609.3
362.3 352.9 344.7 337.1 350.7 360.5 372.4 383.6 396.5 408.5 416.1 420.7 420.1 414.7 406.9 400.3 395 391 387.9 379.4 375.2 379.1 387.3 392.5 396.8 400.1 401 402.2 407.3 405.8 397.7 397.8 401.4 404.3 411.2 411.8 418.8 424 430.6 435.8 446.5 457.2 468.2 480.8 489.9 500.6 509 517.5 526.9 534.2 537.5 541.5 543.9 542.9 544.7 542.2 535.1 536.4 539.6 547.8 552.9 556.3 560.7 561.6 564 568.3 581.8 586.4 591.8 594.4 599.9 607.8 616.4 622.5 623.5 620.3 613.2 603
365.6 364.3 358.9 344.7 345.2 353.9 363.1 373.5 384.5 395.9 402.8 406.7 406 401.3 393.7 388 381.7 377.4 372.7 375.8 381.3 385.2 390.9 395.9 399.7 404.4 408.4 411.8 410.6 411.7 408.3 406 409.1 413.5 416.9 418.3 418.1 423 431.8 443.1 449.7 456.6 467 476.6 489.1 498.3 508.7 519.4 530.7 537.7 542.1 547.4 551.5 555.5 553.4 552.6 545.9 546.8 553 559.2 563.7 567.9 572.3 577.2 579.9 587.3 594 595.4 597 598.9 604.1 612.5 620.6 625.2 624 615.4 607.3 594.9
376.3 371.4 364.6 360.1 340.1 348.7 354.8 362.6 371.4 380 386.7 390.8 391.6 388.9 383.2 377.9 370.9 372.3 379.4 384 387.4 389 395.4 401 404.4 408.1 412.5 414.3 413.6 416 415.8 413.4 415.2 421.2 426.3 428.7 429.2 424.7 434.6 447 454.3 463.3 468.6 476.6 488.5 500 512 525.2 534.3 542.9 548.1 552.4 555.7 561.2 561.4 560.2 556.2 559 564.7 567.8 571.1 576.2 581 585.4 590 595.8 597.3 598.9 598.2 601.9 605.3 612.4 620.1 622.2 618.3 607.7 598.6 586.6
381.9 376.8 371.5 368.7 362.3 342.6 348 352.5 358.5 365 371.6 375.5 376.4 375.6 370.3 363.8 372.3 377.1 381.2 385.8 390.4 394.4 399.4 405.8 410.2 413.5 417.2 419.4 421.2 422.1 422.1 419.4 420.1 428.3 435.2 439 439.6 429.7 434 445.8 453.7 464.1 473.9 482.9 496.2 508.1 520.4 532.1 541.7 547.8 552.8 557.9 562.4 564.6 566.6 567.1 566.5 565.5 570.3 572.6 576.7 582.2 586.8 592.8 596.3 599.6 600.2 599.8 599.9 601.1 603.3 606 612.5 611.3 606.8 596.5 586.9 576
386.8 381.9 379.6 376.1 370.7 363.4 357.9 348.1 347.8 354 355 359.3 360.3 360.8 364.9 368.2 374.2 379.2 382.8 388 392.5 397.3 402.6 408.9 414.7 418.9 422.5 426.1 430.3 429.5 428.7 424.8 432.1 437.1 443.6 450.7 450.3 443.4 435.5 444.8 458.9 472.1 483.2 492.1 501.9 515.7 527.7 538.4 546.9 554.2 559.1 563.6 566.7 570.6 570.9 572.2 572.2 572.2 572.5 574.2 579.3 585.2 591.1 597.1 601.3 601.6 600.8 600.1 600.1 599.5 597.1 598.8 599.7 597.8 590.5 580.8 572.8 562.9
390.8 386.4 385.3 382 377.1 370.8 369 362 361.9 362.3 363.6 364.5 366.2 369.1 371.7 373.4 376 379.8 383.9 389.3 394.2 401.1 408.5 414.4 419.8 424.3 429 433.5 438.2 437.5 437.4 436.6 444 450.4 453.9 458.5 459.9 454.4 451.4 450.6 462.7 475.1 487.4 500.8 511.9 521.9 534 543.6 553.7 559.5 564 567.5 569.9 572.4 571.6 572.3 572.9 572.3 573.3 576 581.2 585.6 590.6 596.5 600.8 602 600 597.8 596.4 593.4 590.9 589.8 589.2 583 576.3 568.5 561.5 551.2
394.5 392.4 393.9 388.6 381.7 379.8 376.9 371.1 371.1 370.8 369.1 372.1 373.6 375.6 377 378.2 379.1 381.4 385.3 391 399.4 405.9 413.8 421 426.6 431.6 437.6 441.4 445 447.7 449 441.9 451.5 458.4 463.9 468.2 468.4 466.3 462.7 452.8 462.5 477.6 491.1 504.9 518.8 528 537.9 547.9 555.9 562.2 567.4 569.6 570.3 571.1 571.1 571.9 571.9 571.6 572.1 573.6 578.6 583.3 588.2 592 596.5 598.4 595.8 591.7 590.3 586.6 583.6 581 577.5 572 563.8 558.8 549.1 538.5
396 398.3 399.4 396.6 391.8 388.4 385 382.4 381.4 380 376.8 379.5 379.2 381.1 381.6 382.2 383 385.1 389.9 393.7 401.2 410.7 418.7 426.7 432.8 438.4 445.1 450.5 456.8 457.5 458.6 453.5 461 467.8 473.1 475.6 475.8 475.7 469.3 474.3 463.1 477.8 493.4 511.3 523.8 534 544 552.3 558.6 564.1 567.8 569.8 570.3 570.6 569.5 569.4 569.4 569.4 569.3 570.8 573.9 577.8 582.8 587.3 590.8 593.5 588.4 586 582.6 579.5 577.8 573.9 571.2 562.1 556.5 549 539 527.3
398.7 404 405.9 402 398.3 395.9 394.2 392.7 391 390.1 388.7 388.5 387.2 385.3 385.1 386.4 388.2 391.1 394.3 398.9 407.1 415.7 423.3 430.6 440.4 448 453.2 460.7 465.4 467.4 468.7 468.3 470.4 477 483.4 486.1 484.5 484.6 478.3 481.4 472.6 475.1 491.4 512.6 528.5 541.2 550.5 557.3 562.2 567.2 570.2 571 571.7 568.8 568 567.8 565.9 564.2 564.6 565.3 567.6 571.9 576.6 580.3 583.9 586.1 581.8 579.5 577.4 574.7 573.5 572.3 568.2 562.3 546.3 536.1 527.8 516.2
399.3 409.6 413 406.8 405.4 402.8 402.6 402.5 401.1 400.1 398 398.4 397.3 394 392.1 394.3 397.6 400.1 402.5 406.5 414 421.9 428.3 437.7 448.1 457.8 464.6 470.4 474.9 477.6 478.4 482.7 479.9 487.1 492.5 493 493.3 493.8 489.5 491.3 491.4 476.3 489.9 508.1 527.8 542.3 554.4 562.6 566.3 567.5 569.3 570 569.1 566.4 566.6 564.5 562.8 562 559.8 558.6 561.9 564.7 568.4 571.7 574 577.1 574.9 572.7 570.6 569.6 570.6 569.5 566 559.7 549.3 538.9 524 513.9
396.5 411.4 414.7 410.1 408.4 409.2 411.5 412.6 411.6 410 409.1 407.6 405.5 401.5 398.7 403.6 406.9 411.5 416.1 419.5 423.4 429.6 438.4 447.3 459.6 467.8 474.4 480.9 485.4 488.4 489 490.7 494.5 495.5 499.5 500.3 500.7 501 500.1 501.4 502.8 492.4 490.8 506.2 523 537.2 552.4 564.6 565.8 564.6 567.3 567.1 565.6 563.3 563.4 560.3 558.1 557.7 555.9 553.7 554.3 558.4 561.1 565 565.7 567.8 566.2 566 565.5 566.2 568.1 568 565.3 558 549.8 537.3 522.6 516.4
387.6 400.9 413.5 411.2 410.5 414.7 417.6 420.6 419.5 418.6 418.7 416.7 414.2 409.4 409.9 412.5 414.8 421.5 425.4 432.3 436.2 442.3 451.5 459.3 469.5 478.6 483.6 489.5 494.1 497.6 497.5 500 501.9 503.3 504.7 505.4 505.9 507 508.5 510.9 514.6 513.5 514.5 514.2 520.6 536.1 545.2 551.7 559.1 562.8 564.2 564.3 563.1 561.3 559 555.9 554.8 552.8 551.5 549.9 546.8 549.6 553.8 555.4 557.4 559.4 557.9 558.2 554.3 562.6 566.1 565.9 561.4 552.9 545.1 534.5 523.7 516.1
372.3 385.3 397.5 406.6 409.1 415.4 422.3 426.6 427.5 425.9 426 425.6 422.7 419.5 419.5 418.4 424.2 429.3 438.1 444.8 451.5 459 465.3 473.8 481.3 487.8 494.5 498.7 501.9 503.4 504.3 504.2 506.2 507.9 508.7 508.4 509.7 512.2 514.1 520 524.5 526.8 531.2 535.6 542.3 550.1 557.3 562.5 564.6 562.3 563.4 561.9 559.9 559.4 557 554.2 551.1 549.4 547.7 546.1 543.2 541.2 544.2 546.4 548.8 548.9 547.5 545.4 546.9 558.1 564.6 561.8 555.1 547.4 537.8 530.4 522.4 518.8
356.1 369.1 381.3 393.7 405.2 415.3 425 430.8 432.8 432.9 433.9 434.1 432.1 429.2 427.3 429 430.9 437.4 448.9 457.6 464.6 471.4 480 488 494.8 501.5 506.5 506.9 507.7 507.3 506.6 507.1 508.5 509.7 510.8 511.3 514.2 516.7 521.3 527.8 533.1 539.4 545.5 551.8 556.1 561.5 564.9 567.9 569.4 563.6 561.4 557 556.1 557.5 554.4 551.6 550.2 547.3 544.4 542.2 539.1 534.8 535.3 537.1 539.6 540.8 541.5 538.9 544 553 559.6 556 547.4 540.3 533.4 525.5 520.5 518.4
339 350.4 366.1 380.2 396.4 411.1 425.6 432.5 436.9 437.5 440.9 439.8 436.9 434.4 434.2 437 440.7 447.9 459 467.4 472.6 482.1 490.6 498.9 505.7 508.7 512.4 511.6 510 509.8 508.2 507.6 507.8 510.2 511.5 514 515.4 519.8 529 534.5 541.3 550.1 557.7 563.7 567.8 569.7 572.6 570.8 570.2 565.7 560.8 555 553.2 551.3 549.7 548.5 544.7 543.5 540.2 537.8 534.6 531.7 524.8 529.6 531.7 532 533.9 533 536.7 544.4 546 540.7 538.3 532.6 526 520.3 518.1 516.6
318.1 331.3 348 364.7 385.6 404.1 423.7 433.4 439.9 442.1 443.8 443.5 441 439.5 439.8 442.4 447.4 454.5 463.4 472.4 480.3 489.1 498.4 506.9 509.2 511.4 512.6 511.2 508.4 506.1 506.2 505 505.5 507.4 508.5 512.8 517.7 523.6 532.8 540.5 549.1 559.9 566.4 574 578.9 578.2 575.5 573.9 570.3 568.4 563.3 553.9 549.7 545.1 542.2 540.1 538.7 535.7 534.7 533.6 531.1 528.5 527.2 517.1 524.5 524.2 526.1 524.3 532.8 537.2 536.1 530.3 528.2 525 520.7 516.5 514.6 514.3
298.9 311.5 328.2 347 370.6 392.3 415 431.1 439.2 443.7 448.1 444.4 443.3 442.8 443.7 449 451.8 457.4 466.1 474.3 483.3 492.9 501.5 505.5 508.3 510 508 504.9 502.8 502.2 501.5 501 501.6 503.6 507 511.3 517.4 526.4 536 545.7 555.8 565.3 574 582.9 585.9 585.7 580.4 579 576.7 571.6 566 558.9 550 545.6 541 537 533.9 532.7 531.3 529.9 527.6 525.2 518.9 518.9 510.6 514 519 520.4 522.4 526.2 528.2 522.3 520.3 515.7 512.8 511.8 511.7 511.7
284.9 294.8 307.5 328 350.2 375.5 401.5 420.4 433.9 442.1 444.7 442.5 441.8 441.8 445 449.4 453.6 458.6 466.1 475.8 484.2 493.9 500.6 500.7 499.8 496.7 493.8 491.6 489.3 490.8 489.8 492.3 492.5 494.9 499.8 508.9 519.5 529.2 539.5 548.8 559.7 569.8 577.4 584.2 589.7 590.8 589.9 583.3 579.6 576.3 571.1 565.4 558.6 551.9 547.7 544.8 542.2 537.7 534 535.5 532.4 518.7 520.6 516.3 516.2 498.2 501.4 503.7 512.6 515.1 516.9 513.3 512.8 510.4 508.4 506.6 507.2 508.1
275.1 282.1 294.3 307.1 324.8 352 382.6 405.3 425 435.3 438.5 437.7 440.5 441.4 445.2 445.2 451.5 457.3 463.5 470.5 477.2 484.6 486.4 486.9 483.2 479.5 477.1 477.2 477 476.3 475.7 478.2 478.7 480 493.3 506.6 520.5 530 540 550.3 561.7 570.2 578.7 586 590.8 592.1 592.1 588.7 582.7 578.9 572.3 567.1 563.8 558.9 556 554.6 552.1 549.2 545.8 541.5 537.2 530 529.9 528.7 525.5 516.5 505.1 491.6 495.7 505.2 506.9 505.8 505.7 503.9 502.9 502.1 501.4 502
271 276.2 283.6 294.4 308.9 329.9 354.9 384.5 411.8 425 425.9 429.8 433 436.5 440.8 440.6 448 451.5 456.2 463.5 465.8 469.4 468.7 467.1 464.5 462.1 463.4 458.2 456.7 452.5 451.2 452.2 455.7 464.6 485.9 504.4 518.9 530.2 541.1 551.5 561.7 570.2 578.3 586.7 590.5 591.7 592.3 590.8 583.8 580.8 576.1 572 565.6 562.6 562.1 560.3 556.9 554.4 551.9 547.6 541.6 539.6 537.6 533 527 521.4 516.7 509.7 496.1 486.7 492.1 495.2 497.2 497.9 496.6 496.3 497 497
273.8 273.3 278.7 284.6 297.5 314.5 336.3 362.8 389.9 405.9 411.5 416.2 422.7 424.9 433.5 435.1 439.3 442.8 446.8 448.6 449.6 447.7 446.6 445.2 445.4 442.2 440.8 436.3 432.2 429.9 428.9 429.6 434.7 453.7 475.2 498.2 514.5 530 541.6 550.8 560.9 568.3 577.5 585.2 588.3 588.6 588.7 585.6 581.5 578.5 576.6 574.8 571 567.4 565.1 561.6 559.2 557.2 555.1 552.3 548.4 545.1 541.7 537.5 531.6 526.4 522.3 516 507.7 497.4 487.9 482 478.5 482.4 485.5 487.8 491.3 486.6
290.3 276.1 275.9 280.4 289.4 304.1 320.7 340.7 366.6 382.3 394.3 400.9 408.7 411.7 419.1 422.3 423.5 424.6 427.4 428.8 426.5 424.7 424 420.9 418.9 416.9 416.6 415.1 407.5 409 412.1 419.4 429.3 449.1 467.4 487.5 508.4 526.1 538.4 547.2 556.9 565.6 575.4 581.5 581.4 581.8 581.6 582 578.4 575.9 574.3 572.6 568.4 567.5 564.5 559.9 559.1 559.7 556.1 553.5 550.2 546.5 542.9 537.4 533.4 530 526.3 521.9 508 507.5 499.7 493 484.1 474.6 474.4 481.7 484.3 480.8
