app/static/ascii/SH95.asc
ncols 200
nrows 200
xllcorner 290000
yllcorner 350000
cellsize 50
[rows 140 to 174 of 200, columns 0 to 77 of 200]
335.8 339.8 345.3 350.9 355.6 360.5 364.8 370.1 374.8 378.3 383.1 387.1 391.9 392 392.4 394.8 395.2 393.6 391.9 388.2 385.6 382.8 379.7 376.1 373.8 372.9 370.9 368.4 365.7 363.8 363.9 363.9 368.1 374.8 384.1 391 402 415.3 423.6 431.3 436.5 443.3 451.5 459 461.2 457.5 451.7 452.3 456 459.4 458.6 458.3 457.9 458.5 458.2 459.5 467.6 464.2 458.5 458.6 453.7 453.5 451.8 446.9 438.3 431.3 428.5 426.7 425.2 423.4 420.4 416.7 411.8 408.3 403.6 402.1 401.2 399.7
336.3 340 344.7 351.2 356.6 360.9 363.9 367.2 371.4 375.7 380.2 385.1 389.2 389.2 390.2 391.3 389.3 388.2 387 384.2 381.7 379.2 377 373.5 373 372.2 370.7 368.1 363.7 361.8 361.4 362.1 366.8 373.3 382.9 392.6 403.5 413.1 424.6 429.9 436.5 445.3 450.9 453.9 454.6 451.7 447.8 450.5 453.6 455.8 458.1 459.2 460.2 461.1 464.8 460.4 461.9 462.6 457.4 455.6 455.5 457.8 457.6 450.5 443.3 436.2 431.9 429.7 427.9 425.4 422.4 418.7 413.9 408.8 405.6 406.7 405.7 404
336.2 340.3 345.1 350.2 357.7 360.6 363.7 366.6 369 372.2 375.3 382.8 385.4 387.9 389.3 386.3 385.9 385.1 383 380.9 376.8 376 372.5 371.8 373.2 373 370.8 366 361 358.9 358.9 361.2 366.4 373 381.7 394.7 404.2 412.6 421.8 429.1 435.1 444.3 448.6 451.1 450.3 447 442.9 445.2 450.5 452.3 452.7 453.4 456.9 462 464 458.5 457.2 455.6 457.7 461.5 460.8 460.5 461.7 452.6 446.8 441.7 437.7 434.3 430.2 427.4 424.8 420.7 416 410.5 411 410.6 410 407
334.8 340.1 346.4 351.8 355.8 360.4 363.3 366.3 368.2 369.6 372.2 377.4 381.5 385.4 385.7 384.1 382.8 380.6 380.3 375.1 372.3 370.6 368.3 370.2 372 372 367.3 361.9 357.8 356.3 356.5 361.6 366.8 372.9 384.1 396.6 404.1 410.9 417.3 426.8 430.7 438.6 441.8 444 443.6 440.7 436.7 438.3 443.5 447.5 450.2 451.5 453.1 457.4 461 456.2 454.5 457 462.9 466.1 464.7 462.6 460.9 456.8 451.2 447.2 444 440 436.1 430.9 425.6 423 418.8 416 415.3 414.7 412.8 409.3
333.2 339.2 346.2 350.9 355 358.3 360.2 363.4 364.8 366.9 371 376 378.1 382.4 381.7 380.5 380 376.5 372.6 369.5 366.5 364.4 364.7 366.6 368.6 366.9 363.4 358.3 355.7 351.9 356.1 359.8 366.2 373.1 385.3 394.3 404.4 409.7 412.1 418.4 425.9 433 436.1 438.5 438.2 434.8 431.1 432.4 434.8 436.9 443.7 448.8 450.8 451.1 453.1 454.5 453.8 456.6 462.5 466.7 468.3 467.5 466.1 462.5 458.2 456.6 450.9 446.6 442.6 436.8 430.9 427.6 425.8 423.5 420.8 418.5 413.9 410.2
330.8 337.9 345.1 349.7 353.2 356.1 358.2 360.6 364 367.3 369.4 373.5 375.8 377.3 376.4 376.9 375.7 375.1 370 363.1 361.4 360.4 360.6 361.5 362.5 361.2 358 354.7 352.6 348 354.2 358.3 364.5 374.3 385.4 391 403.1 405.9 409.4 412.4 419.5 424.4 425.8 427.6 427.1 424.2 424.8 425.6 428.1 433.2 436.5 440.9 445.5 445.8 448.4 454.2 452.6 456.3 462.1 467.1 469.3 470.7 469.2 467.3 466.9 465.7 460.3 453.3 447.9 442.4 438.9 436.4 434.3 429.3 424.2 420.6 414.8 410.7
329.8 336.8 345 349 352.2 355.4 358 361.7 365.1 368.2 370.5 371.5 374.7 376.3 372.8 368.1 367.6 363.2 359.5 359.2 358.6 357.7 357.2 356.9 357.3 354.9 352.3 350.3 349.4 344.4 352.5 356.6 366.2 377.7 386.1 390.4 398.3 401.5 405 410.7 418.1 420.3 420.8 420.6 420.4 418.3 418.9 420.1 422.6 427 430.5 432.4 436.7 442.7 445.3 454.1 452.5 454 459.4 464.2 468 470.3 472.3 472.6 474.2 470.1 466.6 457.8 453 447.8 444.4 443.4 442.5 438.8 430.3 422.5 418.6 415.4
330.2 336.8 346.6 349.7 353.2 355.9 359.6 363.7 366.8 370.6 372.5 372.3 372.1 372.3 369.1 363 359.7 357.7 357.2 356.9 356.3 356.6 356.5 356.5 356.1 353.6 349.1 343.4 341.8 347.1 350.6 355.3 363.9 379.4 385.5 390.9 395.6 398.1 400.1 407 413.8 413.5 412.8 414.3 413.1 412 413 416 419.6 422.8 423.5 426.3 428.9 436.6 443.7 448.2 451.4 451.8 453.8 459.5 463.4 469.5 475.2 474.5 476.3 474 470 465 458.5 452.4 449.7 449 446.7 442.8 436.6 430.3 424.6 422.1
331.8 340.1 345.6 350.7 354.4 357.5 361.5 365.1 368.3 372.5 373.5 373.6 370.3 368 365.4 361.2 357.7 355.2 355.7 355.5 354.9 355.1 357.1 359.3 360.8 355.5 348.8 341.4 339.9 341.5 344.4 350.5 359.4 377.6 386.2 391.3 393.1 395 396.2 399.4 404.7 405.5 407.8 408.8 405.2 405.1 409.2 412.6 416.5 418.1 417.9 422.2 426.3 432 440.2 444.5 446.1 445.2 449.3 453.6 459.2 464.6 473.8 475.7 472.6 471.9 473.7 468.5 462.4 457.8 455.5 453.5 451.5 447.4 440.3 437.3 433.3 428.2
332.8 339.5 345.1 350.2 354.3 358.8 363.4 366.3 368.3 372.7 374.2 373.5 370.9 366.6 362 356 354.2 352.7 354.7 353.5 352.6 355.1 359.8 363.8 363.6 358.7 348.5 340.4 337.7 339.4 341.9 347.3 356 375.7 386.6 390.5 391.9 392.3 392.3 394.4 400.2 403.9 405.6 402.9 400.4 400.9 404.1 407.7 411.1 412.3 413.4 418.4 424 430.2 436.5 444.7 445.5 442.2 441.2 444.2 450.6 461 464.9 471.2 472 473.6 470.4 470.9 466.1 462.5 461.4 459.2 456.7 453.9 449.7 444.3 439.7 430.3
331.9 338.8 344.7 348.5 352.7 359.7 364 365.1 368.2 372.9 374.3 372.8 369.2 364.6 359.7 353 350.1 349.4 350.7 349.8 351.5 355.9 360.8 366.9 366 360.1 349.9 340.7 337.5 338.5 340.1 349.5 356.9 367 379.7 388.2 389 388.6 388.9 391.9 396.6 399.5 399 396.9 395.7 397.2 399.4 402.5 405.7 408.2 410.3 414.1 421.2 430.9 433.9 442.8 444.2 438.9 440.2 443 443.6 450.2 460.2 461.1 465.4 466.6 468.2 467.6 467.2 464.5 466.3 465.9 462.5 461.7 459.8 451.5 444.1 432.6
330.2 337.5 342.4 345.7 350.4 357.7 361.9 363.8 364.2 370.9 372.7 370.3 365.8 362.1 356.2 349.1 347 346.8 346.9 348.1 350.7 355.2 362.3 368.6 366.4 359.8 351.6 340.7 336.7 337.4 338.6 348.5 359 365.6 375.6 383.3 386 386 386.9 388.6 390.5 391 391.7 392.1 391.7 393.6 395.1 397.8 401.2 404.1 407.6 410.2 415.2 427.4 433.1 440.5 437.9 433.3 441.4 443.1 443.4 442.5 446 455 456.9 462.1 465.8 465.9 467.2 468.7 469.8 472.3 471.1 469.1 469.1 460.4 448 435.7
327.3 334.5 338.9 342.2 345.4 353.6 356.5 359.4 359 363.8 367.3 363.1 360.9 358.7 352.1 346.8 345.4 345.6 345.8 346.6 348.4 352.9 359.1 365.1 364.5 358.2 350.4 340.2 336.3 336.6 337.7 344.6 357 367.4 376.2 381.6 383.6 384.6 385.9 386.9 386.7 387.7 389.1 388.8 388.3 390.4 391 393.7 397.9 400.9 404.1 405.1 409.4 416.1 423.8 429.8 432.7 426.4 436.1 438.5 439.4 438.6 434.7 435.9 446.9 451.7 456.6 461.3 467.1 470.3 472.2 476.1 477.7 474.8 475.4 463.5 450.3 443.6
322.2 329.7 334.3 337.7 343.2 347.9 350.8 355.1 353.9 354.1 356.3 354 351.5 351 347 344.3 344.3 344.3 344.5 345 346.1 350.2 354.1 359.5 360.7 357.7 350.9 340.1 336 336.1 337.5 338.9 351.1 363.9 377.4 381.9 382.3 385 385.8 385.8 385.6 384.9 386.1 386.1 385.2 386.4 387.2 389.8 393.4 397.4 397.9 401 408.4 411.8 414.2 422.6 426.4 423.3 424.1 426.2 427.9 427.4 423.5 423.3 427.6 440.3 446.7 452 458.6 464.8 469.1 473.5 479 475.1 477.5 464.9 452 449.3
316.9 324.3 330.5 335.7 340.9 344.4 348.4 351.7 350.5 347.8 347.5 347.3 346.6 346.3 344.2 343.6 343.2 343.1 343.1 343 344 347.6 350.2 355.1 358.3 357.6 354 342.8 336.5 335.8 337.3 338.2 352.1 362.8 375.4 379.5 380.4 384.2 385.5 385 384.5 383.5 383.9 381.5 381 381.8 383.2 385.5 388.5 391.8 391.5 396.5 402.8 407.3 412 417.5 422.2 418.9 419.7 418.7 416.9 416.5 416.1 416.4 420 425.4 437.4 443.1 451 458.2 462.8 470 477.6 472.3 475 464.6 453.7 447.3
311.3 320.4 327.3 335.1 341.2 344.5 346.1 346.7 346.3 345.3 344.8 344.7 344.3 343.7 343.4 342.8 342.3 341.9 341.5 341 341.8 344.8 347.3 351.3 356.5 359.7 356.8 349.9 338.1 335.2 336.6 337 346.5 358.9 373.5 378 379.4 383 384.7 383.8 382.4 382.5 379.3 377.1 377.4 378.8 380.3 381.7 384.4 386.6 387.4 393.6 401.2 406.9 414.9 418.3 417.3 415.2 419.3 413.5 411.1 408.7 409.3 411 415.5 419 424.1 434.4 441 450.6 456.8 464.7 471.3 468.3 471.5 458.4 449.4 444
308 314.8 326 332.8 340.4 343.9 344.6 344.4 343.8 343.5 343.8 343.6 343.7 345.1 345.1 344.5 343.6 343 342.3 339.2 339.3 341.5 344.2 348.5 354.3 359.9 357.9 351.9 339.7 334.9 335.9 335.7 342 357.3 372 378 377.7 379.3 381.2 381 382.6 377 375.7 373.7 374.5 375.8 377.3 379.3 383.3 383.5 383.9 388 402.6 404 410.3 415.9 411.3 413.4 416.7 413.1 407.9 403 402.8 404 410.9 414.3 417.7 422.4 433 438 447.5 457.7 464.7 464.2 467.1 455.9 449.7 444.1
306.4 311.3 323.5 331.2 336.2 343.3 344.2 343.1 342.4 342.4 343 344.3 345.1 347.9 347.8 346.7 345.3 344.4 343.2 340.2 338.6 337 340.6 344.9 351 356.2 356.4 352 343.9 334.6 335.2 336.9 340.3 353.8 368.1 375.3 376.5 377.3 379.8 376.9 375.2 373.6 372 371.3 372.6 373.9 375 379.3 384.6 381.9 382.2 382.5 390.7 398.9 404 408.3 404.6 409.7 413 409.8 405.7 400.8 397.2 396.9 399.9 407 414.6 418 422.5 430.3 439.1 448.8 458.3 459.9 460.2 454.1 450.1 446.7
304.8 309.8 321.2 329.4 334.6 339.8 342.9 342.3 341.8 341.9 342.5 344.8 347.5 349.4 349.5 349.3 347.5 345 343.4 341.3 340.3 336.6 337.2 340.8 345.2 350.2 353.2 351.2 346.3 335.3 336.5 340.1 343.9 352.7 364.4 371.8 375.4 376.6 376.8 374.7 373.2 371.7 369.4 369.1 370.5 372.2 374.1 380.5 384.2 381.8 380.9 380.9 386.7 393.6 402 397.8 401.2 407.6 409.4 405.6 401.7 397.4 393 391.8 393.1 397.2 407.5 413.4 417.1 421.3 429.8 442.1 451.4 456.3 454.2 453.9 450.6 451.1
301.2 307.9 317.6 324.1 330.5 334.1 341.8 342 341.4 341.3 341 341.9 347.4 351.1 351.2 350.7 349.4 347.1 344.6 342.5 341 338.6 333.5 336.2 340.1 344.5 349 349.2 344.7 334.1 338 341 345.1 353.1 364.9 367.4 374.8 376.2 374.8 372.8 371.3 368.5 367.7 369.1 370.9 372 375.7 382.2 386.3 385.3 381.4 380 384.3 390.3 393.3 387.4 401.9 408.8 407.7 404 399.7 394.4 389.7 388.2 388.5 390.7 398.1 407.9 412.9 417.9 424.3 436.2 447.9 451.9 451.5 455.5 455.8 456.3
297 305.8 312.6 318.7 325.1 329.5 338.6 340.5 342.3 344.1 343.1 341.6 343.1 350 352.5 351.7 350.4 348.3 346.5 344.1 341.4 338.3 333.4 332.5 336.1 340.1 344.6 346 342.8 332.4 332.7 342.3 347.5 352.2 359.3 365.2 371.7 372.3 370.9 370.7 367.7 365.9 367 369.3 370.7 373 378 384.1 388 386.4 381.5 376.7 379.5 385.5 383.2 384.1 399 406.5 405.5 401.6 397.6 392.4 386.8 385.8 384.7 385.5 390.9 401.3 409.6 415.2 420.8 431.8 445.4 448.4 449.6 457.2 460.7 461.9
292.7 299.7 306.2 314 320 325.3 330.2 337.8 342.5 345.1 344.9 342.3 339.9 347.1 351.9 352.2 350.7 348.8 347 344.7 341.4 337.1 332.4 328.9 332.6 337.5 342 342.6 339.3 332 328.7 339 346.7 352.6 358.6 362.6 362.2 364.7 365.4 364.6 364.3 365.8 367.6 368.3 369.3 373.6 378.8 384.6 386.4 383.5 377.1 372 374.3 381 377.9 382 393.9 402.6 402.9 399.3 394.6 388.6 383.2 382.1 381.8 383.3 387.7 394.1 405.5 411.5 417.7 428.9 440.6 447.1 450.5 459.6 463.4 466.2
289.4 293.5 300.2 306.3 312.5 320.1 326.7 333.8 340.4 343.9 344.3 341.7 338.9 344.8 348.7 349.3 348.9 348 346.2 343.4 339 333.7 330.4 327.9 330.5 335 338.7 339.9 337.9 331.4 327.5 338.7 349.7 355 357.2 358.3 361.1 360.9 360.9 361.9 364 365.9 366.5 367.1 369.5 373.2 377.7 379.8 380 377.7 374.4 369.8 370.3 373.9 374.4 380.9 389.2 394.3 397.7 397 390.2 384.3 380 379.7 379.7 382.8 386 392.3 401.2 408.6 415 423.7 435.5 446.2 450.8 454.8 461.1 465.7
285.7 289.9 298.5 303.2 311 317 325 333 339.5 340.9 339.8 335.6 336 342.1 345.3 346.3 347.5 347.4 344.2 340.7 335.4 330.9 328.5 326.2 328.5 332.5 336.2 338.2 338.3 333.7 326.2 340.6 352.7 356.4 355.8 357.1 359.8 355.1 361.7 363.1 364.8 365.9 366.2 366.9 369.4 369.7 371.9 372.5 372.4 371.3 369.7 370.7 371.7 371.4 372 377.1 385 385.9 386.7 389.5 385.8 381 377.5 376.5 377 380.2 385 392.1 399.2 404.9 410.2 419 430.6 441.1 447.1 452.9 458.9 464.5
286.2 290.3 296.2 302.5 309.5 316 324.1 330.7 334.5 335 333.8 329.1 335.5 340.4 342.5 343.3 344.6 344.1 339.2 336.8 332.2 329.7 326.6 324.4 326.9 331 334.9 337 337.9 335.2 326.8 341.4 354.3 355.8 354.2 354.6 355.4 359 361.2 364.6 365.9 366 366.4 366.8 367.3 366.8 365.7 366 365.9 365.8 364.9 369.5 371.2 365.7 369 375 376.7 378.8 378 378.1 381.4 377.7 375.1 373.6 374.6 378.5 383.5 390.5 396.4 401.2 407 418.4 425.8 431.9 439.4 444.1 448.7 453.9
285.7 288.5 296.1 302.6 309.2 314.8 320.9 326.4 328.1 329 327.1 325.2 331.8 338.1 340.5 340.6 341 339.6 334.3 331.9 330 327.5 325.3 322.8 325.6 329.5 333.4 334.3 334.8 332.5 326 336.2 350.1 352.6 351.7 346.3 355.4 359.2 363.3 365.9 365.2 364.3 364.8 365.2 365.4 364.6 362.1 362.1 362.7 360.8 364.2 370.5 369.5 363 366.6 373.4 373.1 373 370.4 370.2 376.4 373.9 371 369.2 372.2 377.3 382.1 389.7 393.6 400.1 404.5 416.9 422.1 426.2 428 433.2 438.2 441.9
284.1 287.2 293.5 302.8 308.9 314.5 320.4 322.1 322.3 322 318.8 321.6 324.4 329.1 330.8 336.3 336.5 334.5 330.7 329 327.3 325.7 322.4 320.8 324 327.9 332.1 332.6 331.8 328.6 321.3 324.4 337.4 348.3 347.8 345.3 351.8 356.7 364.7 364.8 363.3 362.7 362.8 363.2 362.4 361.7 359.8 359.8 359.5 358.7 363.4 368.5 367.2 359.8 359.6 369.6 371.3 369.7 367.8 365.5 369.7 370.5 366.9 363.9 371.4 375.5 380.3 387.2 391.2 398.2 404.4 414.4 419.9 422 423.2 425.9 429.2 431.9
283.3 286.1 292.8 302.4 307.7 313.1 317.4 317.1 316.4 315.3 312.5 313.2 315.7 321.8 324.8 329 332.6 330.6 327.8 326.2 324.4 323 321.1 318.6 322.2 326.4 329.5 330.3 330.4 328.1 320.4 317.8 323.5 338.8 343.4 341 344.1 353.2 359.5 358.3 358.6 360.2 360.6 360.2 359.3 358 357.2 358.4 358 356.1 361.6 366.5 365 359.2 356.7 365.4 368.4 365.7 364.3 363.4 364.1 363.9 359.4 362.3 370.1 374.3 378.4 384.4 389.6 396 404.7 411.7 418.5 419.6 420.8 421.1 421.3 423.7
275.3 283.6 294.3 301.2 305.8 311.1 312.6 312.1 310.8 309.9 309.1 308.5 311.5 314.2 319 324.7 326.2 325 322.5 323.3 323.7 320.9 318.6 317.3 319.5 322.7 325.6 327.6 328.3 327.6 325.7 321.1 315.9 331.7 337.4 336.3 340.4 344.8 351.8 353.5 356.1 357.9 357.5 356.8 355.4 354.5 354.8 356.2 355.2 354.3 359.1 361.9 361.2 357.8 355.8 359.8 363.8 362.2 360.1 360 360 357.7 355.3 362.3 366.7 371.3 376 382.2 389.7 398.6 404.7 408.6 413.7 416.8 419.2 418.2 417.4 416.8
274.4 283.8 293 299.4 303.6 305.9 307.2 306.9 306.1 302 303.9 306.3 307 310.6 314.9 318 318.8 317.7 317.4 319.6 320.3 316.3 315.4 314.3 316.4 319 320.7 322.7 323.3 325.4 326.4 324.2 314.6 324.8 328.4 332.7 338 341.1 346.1 348.8 353.2 354.7 354.1 352.6 351.5 351.3 351.8 351.9 350 350.8 353.2 354.9 354.8 354 354.9 356.3 359.9 357.6 357 356.8 354.9 350.7 354.4 358.7 363.4 368 373.7 380.9 390.2 397.4 405.7 408.7 410.9 416.6 416.9 414 412.4 411
278 284.5 291.4 297.2 299.5 300.6 301.3 302.4 301.8 296.3 294.5 299.7 302.6 303 306.1 310.3 312.7 312.7 312.1 314.5 314.8 311.5 310.3 310.9 311.9 314.1 315.7 317 318.4 320 319.8 318.1 309.2 317.2 325.9 329.7 332.2 336 341 344.1 347.9 349.6 348.6 347.3 346.9 346.9 347.9 346.7 345.2 346.2 346 347.2 347.9 351.5 355.1 354.6 355.2 354 354.5 352.3 349.3 344.1 351.4 355.1 360.1 366.6 373.7 380.9 389.4 397.8 405.1 407.5 407.8 410.5 411.2 409 408.1 406.3
279.2 283.7 288.1 293 294.4 295.7 297.7 298.4 297.7 291.7 291.3 291.1 292.1 294.5 299.5 304.5 304.2 306.2 303.4 308.3 306.7 305.7 306 306.6 308.8 310 311.7 313.6 313.3 313.7 313.5 312 308.6 312.8 322.7 326.8 329.7 332.4 336.2 339.2 341.3 341.8 342.3 344.4 343.2 342.6 343.2 341.8 339.9 340.2 339.3 339.9 341.5 347.7 350.4 348.7 348.9 352.7 349.7 345.9 340.5 342.6 348.5 352.5 358.3 365.7 373.9 381 388.2 396.9 403.9 406.8 406.3 406.7 406.7 405.1 403 401.2
278.9 282 285.5 288.9 290.3 293.1 296.4 297.5 293.7 290.3 289.2 288.7 288.7 288.7 292.4 297.3 297 297.8 297.1 300.1 299.3 301.3 301.8 302.2 304.4 307.3 309.3 311.3 311.6 309.9 309 306.5 306.3 310.1 317.1 322 325.3 328.5 332.3 334.7 335.6 336.7 339.4 341.2 339.8 338.1 338.4 337.5 336.1 334.3 332.5 333.6 336.5 340.4 343.8 341.7 343.1 347.7 344 339.5 333.7 341.6 346.1 350.8 357.8 365.5 373.5 381.2 389.6 395.3 401.4 405.5 405.9 406.1 404.5 402.7 399.6 396.9
277.8 280.4 283.2 286 288.9 294.1 298.1 299.6 294 289.4 288.8 288.7 288.7 288.7 288.7 288.7 289.8 292 293 294.7 294.5 297.4 298.7 299.2 300.9 304.1 306.8 309.1 310.6 310.4 309.3 306 304.2 307.2 314.4 319.7 322.4 324.4 327.9 330.1 332.4 335.4 336.3 336.1 335.2 333.8 334.7 333.9 331.6 327.7 326.6 329.7 332.3 333 335.9 334.7 338.4 340.1 336.8 331.3 331.9 340 344.5 349.4 357.5 365.4 374.3 382.8 388.8 393.4 399.8 405.1 407.7 408.9 406.4 402.3 398.2 394.1
276.7 277.9 280.7 285.1 290.1 295.7 299.6 302 299.3 290 289.4 288.7 288.7 288.7 288.7 288.7 288.7 288.7 290.7 291.9 292.8 295 296 297.4 299.1 300.7 303.3 305.9 309.2 311.3 310.6 308.5 304.1 307 312 316.7 318.8 320.9 323.6 328.1 331.6 333.8 333.7 332.7 330.3 330.8 331.6 330.7 326.5 322.8 320.7 326.6 329.1 327.7 328.3 328.3 329.4 329.9 327.5 325.9 332.9 338 343.4 349.6 357.8 366.6 374.6 382.4 388.2 392.4 398.4 404.7 407.7 409.6 406.4 401.6 397 391.6
