app/static/ascii/SH96.asc
ncols 200
nrows 200
xllcorner 290000
yllcorner 360000
cellsize 50
[rows 140 to 174 of 200, columns 78 to 155 of 200]
266 271 275.6 277.3 279.8 283.3 288 283.6 274.4 263.2 255.5 249.8 244 232.1 241 253.3 262.1 277.2 283.2 290.9 299.1 302.5 301.2 299.2 297 295.4 294.1 292.5 290.7 288.3 284.1 278.5 273 267 260.4 252.1 253.8 262.1 268.2 275.4 283.4 286.9 290.5 295 298.6 303.1 306 305.7 305.7 300.5 308.4 304.6 303.1 303.8 304 302.5 301.4 297.6 298.7 301 301.5 300.3 299.3 295 297.8 297.7 298.3 301.7 307.4 311.3 319.6 326 330.8 330.4 329.2 326.1 321.5 312.6
271.7 274.7 278.7 280.7 283.9 285.7 287 279.8 270.9 259.8 251.5 245.7 238.6 232.8 243.5 253.3 264.8 277.4 282.4 291.8 300.6 302.9 301.2 300.2 298.8 297.3 296 293.6 291 287.8 281.5 275.5 270.6 266.3 260.3 260.9 249.5 263.2 271.1 279.3 285.3 289.3 295.8 301.3 308.5 311.3 310.6 310.1 318.4 318.5 317.1 315.6 314.2 311.6 310.2 306.1 302.1 301.9 302.4 303.3 302.3 299.6 300.4 298.2 298.4 299.7 303.4 308.2 313.1 321.4 321.6 322.4 328.6 333.1 329.6 329.8 326.6 320.7
277.5 280.3 282.5 285.5 287.3 289.1 284.8 276.8 264.4 255 247.9 241.2 235 236.8 247.7 257.6 270.6 277.5 284.8 293.1 302.4 303.5 303.7 302.6 301 299.4 297.3 294.6 291.3 286.7 279.1 272.1 267.5 264.1 264.3 265.3 254 265.2 273.9 283.8 289.9 296 301.5 309.7 313.5 315.3 316.3 323.7 324.4 325.2 324.6 324.2 320.7 316.5 312.8 309.6 307.2 305.8 304 303.9 302.7 299.5 299.2 300.1 300.3 303.4 309.9 316.8 321.9 326.7 326.8 327.6 328.1 331.9 330.4 329 328.9 327
282.8 284.2 286.6 289.4 290.2 288.6 282.8 274.2 258.5 249.5 242.4 236.1 233.8 239.1 248.2 261.6 272.3 278.6 285.7 297.6 303.9 305.1 305 304.5 303.1 301.4 298.9 295.7 292.5 284.9 277.3 271.1 265.8 264.4 266.6 265.2 252.3 269.5 277.8 288.6 295 304.2 312.6 318.4 319.1 324.6 329.4 330.3 331.5 332.2 331.9 329.7 325.9 319.9 316.4 314.6 311.2 308.3 306.3 305.4 302.7 300.5 301.2 301.9 305.6 310.2 318.8 324.1 328 331.3 332.9 337 334.6 333.2 332.8 329.9 331.2 328.5
288.2 287.8 289.1 291.5 292.5 288.6 282.9 271.8 255.8 246.7 236.8 235.6 236.9 242.1 248.7 262.8 273 279.7 287.8 300.8 304.6 306.9 307.2 306.4 305.2 303.1 300.5 296.7 290.6 283.4 275.1 270.8 264.2 263.9 264.5 261.6 263.3 272.5 283.1 292.9 304.5 315.9 322 324.9 327.3 330.6 333.1 336.7 338.8 339.2 338.9 335 331.5 326.6 324.5 319.6 314.5 311 308.4 305.9 303 301.1 307.3 313.9 317.5 322.6 326.4 331.6 332.8 337.9 340.2 341.9 340.7 341.7 340.3 335.5 334 334.6
293.7 291.7 293 295.6 294.2 289.4 283 269.7 253.4 243.2 237.5 237.2 237.9 243.4 260.6 267.6 274.3 282.3 293.9 303.3 306.8 309.3 309.2 308.5 306.9 304.9 302.1 297.5 289.8 283.6 277.5 270 263.1 260.9 259.4 260 265 278.9 290.9 300.8 315.8 322.4 327.4 330.3 331.4 336 339.1 343.8 346 346.3 343.2 341.1 337.1 335.2 330.3 325.4 319.5 315.1 309.8 306.4 303.1 304.8 320.2 328.1 329.7 331.6 337.4 339.9 346.9 349.3 347.3 348.3 350.2 348.4 346 341.7 336 333.8
296.9 296.7 297.5 298.1 295.8 291.1 282.5 267.6 254 243.6 238.6 239.3 240.4 248.6 262.3 271.7 277.6 286.3 299.3 305.3 309 311 311.1 310.3 308.5 306.5 303 298.2 291.2 284.2 277.9 267.8 263.7 261.1 259 258.3 266.9 285.7 298.4 316 320.1 328.7 332.7 334.7 340.9 347.7 354.6 355.7 354.7 351.9 351 351.7 349.2 344 337.6 331.2 324.6 318 312.4 308.8 303.2 307.3 325.2 334.7 337.7 339.2 342.5 347.7 354.9 356.8 358.6 359.9 358.3 356.2 354.3 349 342.2 337.5
302.6 302.8 302.5 301.1 298.1 290.1 281.2 266.5 254 244 238.4 240.4 242 250 264.5 274.3 281.7 292.7 302.9 307.8 311.1 312.6 313 312.2 310.7 308 303.4 298.1 291.4 285.3 273.5 267.8 263.2 261.7 259.9 260.6 272.6 296.1 306.3 320.6 325.8 334 336.2 345.5 359.7 364.1 364.7 363.8 360 357.6 357.8 359.8 356.8 350.7 342.6 335.3 327.7 320.3 314.9 309.7 303.4 308.4 324.7 339 343.7 344.7 354.6 356.2 361.2 365 364.1 363.5 363.8 362.9 359.7 355.8 348.7 346
306.9 307.5 304.5 303 297.1 288.6 278.3 265.2 254.5 243.6 240.3 242.1 244.5 256 268.3 275.1 285 297.5 304.4 310.1 312.6 314.2 314.4 314.2 312.4 308 304.4 300.1 294.2 290.6 283.7 269.9 263.1 262.4 260.9 262.1 282.3 299.3 317.5 321.3 333.1 335.6 349.4 367.2 369.7 370.4 371.2 369.3 366.7 364.7 370.1 368.7 363.6 359.3 349.6 338.1 330.5 322 317 311.8 305.5 307.9 318.8 338 346 356.9 362.3 363.7 366.6 371.6 372.2 377.7 375.2 367.9 363.2 357.4 354.1 351.8
310.8 310 306.9 301.4 294.3 285.9 274.8 264.8 255.9 247.7 241.8 244.2 251.5 262.6 270.2 278.6 288.5 300.6 306.8 311.6 314.2 315.6 316.3 315.8 313.2 309.2 305.7 300.5 298 294.2 286 272.8 265.1 263.1 262.5 264.2 280.6 300.8 321.5 331.8 336.9 345.8 366 374.7 375.2 376 375.7 374.1 373.3 371.8 369.8 370.2 366.6 360.1 353.9 341.9 333.8 324.7 318.9 313 306.1 306.6 317.8 334.6 350.3 359.8 362.1 364.1 374.1 373.8 382.3 378.7 374.6 370.6 365.2 361.1 358.1 354.5
313.1 310.8 304.7 297.7 290.3 282.7 272.7 263.6 255.8 247 243.3 246.4 254.8 263.5 271.4 280.5 294.5 303.7 310 313.5 316 317.2 318.1 316.8 314.1 312.2 306.4 305.8 302.2 297 288.9 277.9 267.7 264.1 264.2 267.4 284.7 306 325.9 334.9 340.8 360 378.5 379.1 380.3 379.2 377.5 377.2 377.2 375.7 374.7 371 368.4 364.2 355 346.6 337.6 327.4 321.4 314.8 307.6 305.8 315 324.4 342.2 359 360.6 372.7 371.6 375.2 376.6 374.3 370.1 366.3 364 361.7 357.7 354.8
315.4 311.5 305.5 297.3 288.8 279.5 270.9 262 258.9 244.1 244.3 250.5 258.2 266.8 275.7 288.2 300.3 307.3 311.8 315.3 317.6 318.8 319 317.2 316 313.4 313.4 309.8 305.7 299.3 291.8 282.3 272.5 266.5 265.4 275.2 290.7 311.6 331.2 338.9 347.3 375.6 381.7 382.5 382.7 380.6 380.6 379.7 379.4 377 375.7 375.2 370.5 367.1 360.2 349.3 340.9 333.7 325.6 318.7 311.5 306.9 310.7 320.3 329.1 346.4 361.5 368 370.7 370.6 369 367.9 365.6 366 366 364.3 362.1 359.3
315 311.1 303.9 295.8 285.3 275.6 267.1 259.3 255.4 245.2 247.4 255.7 263.6 272.8 280.9 295.9 303.5 309.6 313.7 317 319.3 320.4 318.5 317.1 317.6 318.1 315.8 312.5 307.7 300.2 293.6 287.2 277.8 269.5 268.8 278.3 294.9 317.2 332.8 340.1 353.9 375.2 382.9 384.4 384 381.2 381.8 383.1 381.5 378.3 378.7 375.9 370.1 364.3 359.7 355.6 348.6 339.9 329.9 321.4 314.7 308.3 307.8 315.2 321.6 331.6 344.2 357.5 362.5 363.8 363 361.5 363.8 363.7 363.7 363.1 363.5 362.1
316.6 309.8 302.3 294.9 285 272.8 264.1 257.2 252.5 247.5 248.7 252.5 266.7 278.3 286.5 297.6 306.2 311.8 315.7 318.9 320.6 320.3 319.3 318.5 321.4 321 319.6 314 308.9 301.6 295.8 289.4 284.6 271.1 270.6 280.6 292.1 309.1 327.2 343 354.8 371.9 380.6 384.5 383.3 383.1 384.8 384.8 382.3 379.6 378.6 376.2 372 368.2 363.1 357.7 351.4 343.9 333.9 325.8 317.8 309.9 307.9 312.5 318.3 324.7 329.1 337.2 348.1 351.7 354.5 358.5 360 362.2 364 365.1 365.3 363.6
316.1 309.2 303.1 293.1 283.2 271.6 261 260.7 257.7 250.8 249.8 256.3 275.6 280.5 290.6 300.3 309.6 314.8 317.7 321.1 322.1 321.7 320.6 323.3 324.5 322.9 321.4 317.5 309.9 303.3 297.6 291.9 286.1 271.6 274.8 284.1 299.8 313 323.5 335 349.6 366.1 376.3 380.1 381.8 382.5 386.5 384.1 382.6 382.4 381.3 377.6 375.7 373.4 367.2 359.8 353.8 346.5 336.9 329 318.9 310.9 310.9 312.6 315 319.8 324.1 329.7 337.5 343.4 346.2 351.6 357.2 362 364.5 367.3 367.1 365.1
316.4 309.7 302.5 291.8 280.2 273.2 270.4 267 262.7 250.5 252.3 268.7 277.4 285 295.2 305.4 312.7 317.4 320 323 326.8 326.2 325.7 326.3 326.4 325.4 323.1 319.4 313.2 305.1 299.2 292.8 285.6 270.2 277.6 288 300.3 313.2 326.7 338.1 347.7 358.9 365.6 371.8 379.7 378.4 383.4 383.2 384.2 385.4 383.2 381.7 382 378 372.8 364.7 355 347.5 337.7 328.9 318.5 312.3 312.5 314.5 317.4 320.8 324.3 332.3 336.8 339.9 344.5 352.4 359.1 363.4 366.2 367.7 367 365.2
315.5 308.8 301.1 289.5 281.7 279.5 276.8 274.3 269.7 252.9 254.5 275.4 279.9 289.9 300 309.9 315.3 319.1 321.2 326.2 330.1 329.9 328.9 328.6 329.8 327.6 323.8 320.4 315.1 308 300.2 291.2 282.5 271.8 279.5 289.5 303.4 314.5 328.6 338 347.6 355.9 361.8 367.9 371.2 375.4 378.9 381.5 384.5 386.5 385.4 386.1 384.5 381.2 375.6 368.5 356 347.1 338.7 328.8 317.3 311.1 314.1 317.2 320.7 328.8 335.3 339.5 341.7 343.6 348.5 355.7 360.2 363.8 368.4 369.2 367.9 367.6
312.9 303 298.5 292 290.4 288.1 286.3 280.9 271.3 254.8 261.4 277.4 283.6 291.4 303.7 311.2 316.9 320.1 324 330.3 332.7 331.1 330.7 333.6 333 330.4 326.6 322.4 316.6 310.8 302.1 290.7 281.3 273.2 281.1 289.8 302.6 314.7 326.9 335.4 349.3 357.1 364.9 369.6 373.4 376.5 378.5 380.8 384.2 386.5 386.7 387.8 385.5 381.9 375.6 368.5 357.7 345.7 336 327.8 318.8 314 318.6 323.1 330.9 345.4 346.7 347.6 349.2 353.6 355.8 359.1 362.9 366.6 367 368.2 369.4 369.6
313.9 307 304.2 301.1 299.6 296.4 293 287.7 270.5 255.9 269.5 279.7 287.8 296.9 306.1 313.5 317.7 321.1 328.4 332.6 333.4 333.3 337.7 336.7 334.9 332.8 329.8 324.6 319.5 314 306.9 297.4 284.6 275.5 284.7 295.7 307.9 317.1 325.5 337.3 352.9 358.4 363.9 369 373.9 378.9 380.3 382.3 384.6 385.2 384.8 384.8 383.1 379.8 373.7 366.8 357.2 340.7 333.2 326.5 317.1 317.4 324.6 329.4 347.6 351.1 352.6 355 358.3 362.4 362.3 364.8 366 366.4 367.8 370.3 372 370.2
316.6 313.4 314.2 313.2 309.1 304 297.5 288 272.5 258.2 273.4 282.5 292 302.5 310.1 316.8 319.8 324.6 331.7 335.2 336.4 339.3 340.2 339.1 338.6 334.7 330.4 326.8 321.7 317.9 310 299.8 287.5 278.9 285.9 302.9 309.9 318.6 328.9 348.6 354.3 359.3 364.5 369.7 374.3 378.5 381.4 384.4 385.7 384.1 381.7 379.3 376.1 372.6 367.9 361 347 337.8 331.3 325.8 318.5 324.3 330.5 338.1 350.5 353 357.6 361.2 364.3 368.4 367.6 366.6 366.6 367.7 369.8 372 371 371
321.2 322 322.7 321.2 317.3 310.8 302.1 287.3 273.8 260.9 279 287.1 297.4 306.5 313.7 319.6 326.6 328.8 335 336.7 341.2 342.2 342.3 339.6 337.5 335 330.9 328.1 325.4 321.6 313.3 302.4 289.4 279.5 285.3 301.7 311.6 322 330.6 351.3 355.2 360 365.1 369.8 377.5 379.9 382.7 384.8 384.4 381.7 379.4 376.4 372.1 366.4 360.2 353.6 344.6 336.5 330.3 326.1 318.8 326.9 333.3 341.4 350.3 356.8 361.7 363.8 366.2 367.1 367.5 368 368.9 370.5 371.5 371.4 371.6 373
326.9 329.7 330 327.5 322.9 316 306.1 290.7 276.2 261.2 283.6 295 302.6 310.1 317.1 322.8 328.6 331.7 335.5 338.8 342.2 342.8 343.5 339.7 339.6 336.1 332.2 330.5 327.7 324.4 315.6 302.5 291.2 279.5 292.9 303.6 314.5 325.1 335.6 352.4 355.9 360.5 365.5 372.1 379 381.1 383.4 383.7 383.1 381.1 378.4 374.4 369.5 363.8 357.8 351.4 346.4 336.6 330.1 324.2 321.1 328.4 336 345.2 353.2 359.1 364 366.6 368.1 368.6 369.8 371 371.7 371.6 371.6 372 373.8 375.1
333.5 336.5 335.8 332.9 327.5 320.1 306.9 283.6 278 265.3 286 297.2 305.4 311.4 321 327 331.3 335 337.4 340.9 343.1 343.3 342 341 339.7 336.8 334.5 331.4 326.6 322.2 314 300.2 287.4 286.6 296.8 307 319.7 329.5 341 352.8 356.6 361.1 366.4 374.3 379.5 382.5 384.1 384.5 383 380.1 375.7 372.1 366 359.6 354.2 350.6 343.7 335.9 329.2 326.3 322.9 329.4 337.9 347 354.8 361.3 366.2 369.6 370.1 371.5 372.6 371.8 371.9 371.8 372.1 373.5 374.6 374.6
339.7 341.3 339.4 336.3 329.4 309.6 302.6 297.4 286.3 265.1 286 298.5 305.7 310.3 314.1 322.8 333.1 337.3 339.6 341.7 344 343.4 342.5 342.3 341.1 339.2 337.2 334 327.5 322.6 313.9 298 286.6 287.1 301.9 313.1 323.9 332.6 339.6 352.2 356.7 361.3 368.5 375.8 380.3 384.9 386.6 386.7 383.2 379.6 377.1 372.9 366.1 359.7 353.7 347.9 342.8 336.8 332.8 328.4 327.6 329.1 338.1 346.5 355.6 362.7 368.6 371.4 372.3 372.8 372.1 371.8 372 372.4 374 374.8 373.5 372.2
344.1 343.4 341.5 337.9 327 321.6 321.7 305.9 291.4 273.9 279.2 297.1 303.9 308.2 312.4 317.9 335.7 339.8 342.5 343.2 344.7 344.9 344.3 343.2 341.9 339.7 338.3 334 327.4 321.2 307.2 292.2 288.2 294.3 307 316.7 326 334.9 339.9 350.9 355.3 360.1 369.3 375.7 383.3 386.6 387.7 385.8 382.5 380.1 376 373.6 367.9 364.5 358.2 351.5 344.8 340.1 335.2 330.8 329.7 329.9 336.7 345.9 356 363.9 369.4 372 372.5 372.3 372.1 372 373.2 374.7 375 373.8 372 370.6
346.4 344.8 342.8 338 325.9 332.2 327.1 317.1 298.2 285.8 274.8 295.3 301.9 306.7 311.4 323.7 339.2 341.4 344 343.8 344.1 344.7 344.5 344.1 342.5 341.7 338.4 332.5 325.4 317.9 301.3 297 294.8 291.9 305.1 315.8 325.7 334.1 338.7 349.2 352.4 360.4 368.4 374.6 382.2 386 385.9 383.3 381.8 379.5 375.9 372.1 370.1 367.5 362 355 349 343.9 338.5 334.1 330.7 334.2 337.8 345.4 355.4 364.8 371 373.7 372.7 372.4 372.2 372.7 373.5 373.9 373.6 372.4 371.1 368.9
346.9 345.2 342.5 331.1 338.3 336.2 330.9 324 307.9 290.5 271.4 295.7 301.4 306.1 313.1 337.4 338.9 339.3 341.5 343.4 345.5 344.9 344.6 344.5 344.2 342.5 338.8 332.1 320.3 311.3 297.2 304.1 305 294.5 296.4 312.9 322.7 328.5 330.8 341.7 348.8 358 366.3 372.6 377.5 380.1 381.1 378.6 378.8 380 376.1 373.7 371.6 369.3 367.1 359.4 353 349.4 342.4 336.9 332.4 331 339.6 345.6 354 363.7 371.3 376.1 374.9 373 372.9 373.8 374.2 374.1 373.8 372.1 370 367.2
347.4 345.3 338.3 341.8 341.6 339.2 334.8 328.5 315.8 300.3 293 283.6 299 303.4 318.1 335.9 337.6 339.4 340.1 341.4 344.1 345.5 345.6 344.5 343.2 342.6 338.2 328.8 317.9 311.1 303.9 307.8 310.3 311.2 296.1 305.1 315.9 320.7 322.7 328.7 346.1 355.6 363.5 365 367 372.8 375.4 376 378.7 378.9 376.4 374.1 373 370.1 367.3 363.5 358.7 354.5 346.6 342.1 334.7 338.3 336 347 354 362.5 371.4 378.8 377 375.7 375.4 375.9 375.7 374.7 373.1 371.7 369.6 365.8
347.9 344.5 345 344.5 343.8 341.7 337.7 332 320.9 309.5 303.3 294 298.7 304.5 318.7 332.2 340 340.6 340.9 342.1 344.1 346.8 347.7 345.7 343.6 341.3 337.8 330.8 323.6 316.7 309.8 310.8 313.7 315.7 313.6 298.5 304.9 310.4 312.9 314.5 316.2 333.2 354.7 357.5 357 366.1 371.5 377 379.7 379.1 377.3 377.1 376.3 373.6 371.2 367.7 362.1 356.8 352.6 349.3 341.6 345.6 342 347.3 355.6 363.8 370.9 379.2 378 377.9 378.2 377.5 375.9 374 372.1 371.3 368.8 362.8
349 347.5 347.6 346.9 346 343.7 339.7 334 325.6 312.7 304.7 296.3 298 309.9 325.6 336.7 341.2 341.4 342.2 345.1 346.8 347.7 347.9 347.3 345.4 342.4 338.2 334 329.1 323.8 315.3 314.2 315.9 318.5 319.8 317.7 308.4 306.4 313.2 326.5 338.8 344.6 342.7 348.9 350.4 357.5 367.1 374.6 376.1 375.3 376.5 378.9 378.8 378.8 375.8 369.9 363.6 361.8 359.3 356.7 349.7 349.5 349 344.4 355.1 364.9 373.1 376 377.8 379.3 379.4 378 376.2 374.7 373.4 368.6 364.2 358.5
350.1 350.1 349.7 348.9 347.9 345 340.9 334.7 327.2 313.4 303.1 296.4 290 309.9 321.5 301.6 310.7 338.4 343.8 346.8 346.9 348.5 349 349.6 346.6 342.6 339.4 336.2 331.8 327.7 326.4 322 320.5 321.7 326.1 324.8 316.6 307.3 315.8 328 339.6 346 347.2 344.5 347.7 355.4 367.3 372.9 374.1 376.6 376.6 375.8 376.7 375.8 375.3 370.6 370.2 367.6 365.3 362.1 358.9 355.6 352.6 343.4 353.5 361.3 365.9 371.5 376.4 378.9 379.9 379.4 379.2 377.7 373.5 366.9 361.5 354.7
352.4 352.4 351.9 351.1 349.1 346.2 341.5 334.9 326.3 310.9 299.6 292 294.6 299.8 298.4 322 339.3 327 344.5 346.8 348.2 349.6 350.4 351 351.4 347.7 346.5 340.9 334.4 331.9 332.9 333.7 331.1 330.8 333.9 328.9 319.9 309.1 317.9 328.2 338.6 348 351.5 345.6 351.1 359.9 369 372.9 379.2 375.5 373.6 371.6 371.9 371.6 371.8 372.3 371.1 368.3 366.2 364.8 364.5 360.8 354.4 351.4 349.5 354 358.6 367 373.7 378.5 381.2 381.8 379.8 376.4 371.3 365.2 359.8 351
354.8 354.7 354.2 352.7 350.3 346.6 341.5 333.9 323 309.8 299.7 293.4 298.2 304.7 313.6 325.8 338.7 340.8 342.1 346 349.1 350.3 351.9 353.5 354.6 352.5 349.1 345.1 335.8 336 340.1 340.5 340.4 343.4 344.5 331.9 322.9 312.2 321.1 331.8 342.4 354.2 354.8 350.5 354.7 360.7 368.8 372.9 377 373.9 373.2 372.7 371.7 374.5 377.5 376.8 377.7 371.9 368.4 366.6 364.9 361.6 360.2 358 350.7 352.8 355.7 364.3 372.4 378.9 383 382.8 379.2 374.9 369.8 363.5 360.8 359.2
357.1 356.9 356.1 354.1 350.6 346.3 340.4 333.9 322.9 312.2 301.4 300.8 301 306.7 317 328.8 340.1 342.1 334.4 346.3 350.5 352.3 354.9 356.9 356.9 355.3 351.1 345.8 345.1 342.3 343.9 347.5 349.8 347.5 344.8 334.6 322.8 321 326.4 336.5 346.9 358.3 358.4 350.1 356.4 365.4 368.9 372 375 374.3 379.7 379.2 381.7 382.4 376.3 375.2 375.2 375 373.9 367.9 365.1 363.5 360.9 359.5 356.4 354 357.6 363.6 371.7 379.1 382.4 382.1 378 373.4 366.9 368.3 367.1 364.6
359.1 358.6 357.4 354.6 350.8 345.4 339.5 332.3 323 310.8 300 305.2 308 309.7 320.7 331.3 342.4 343.8 335.8 343.7 350.9 353.5 356.9 359.2 358.7 355.6 353.3 351.4 351.6 351.3 353.5 357.5 356.8 349.7 341.8 334.4 329.7 328.2 330.8 341.4 352.8 359.8 358.4 352.4 365.5 363.8 365.8 370.8 373.6 377.3 379.5 383.7 382.4 379.7 375.5 373.3 373.6 372.6 371.4 370.9 372.8 369.2 363.8 362.7 358.9 354.4 359.1 364.3 369.8 377.2 382.6 381.1 377.4 373.1 373.4 372.9 372 369.3
