app/static/ascii/SJ00.asc
ncols 200
nrows 200
xllcorner 300000
yllcorner 300000
cellsize 50
[rows 35 to 69 of 200, columns 78 to 155 of 200]
374.1 369.6 361.6 349.2 335.9 320.1 300.6 295 294.2 295.5 296.8 296.8 296.9 297.2 297.3 295 289.7 284.4 279.2 274.6 270.4 266.6 261.9 256.1 251.9 245.7 239.7 235.4 231.2 228.2 225.2 221.7 219.1 216.4 210.5 207.3 202 201.7 197 195.9 192.8 185.4 180.6 171.7 166.3 164 164.1 163.5 163.5 162.7 162.4 167.7 171.1 173.5 175.3 176.5 176.4 174 171.4 165.9 162 164 167.4 168.7 168.5 167.2 166.5 163.2 159.8 155.1 150.6 146.9 144.5 144.3 144.1 140.7 135.2 135.1
375.1 369.3 360.1 346.3 330 315.4 305.4 299.9 298.9 300 300.6 300.5 300.5 300.9 299.7 295.8 291.5 286.6 282.2 276.7 272.4 268.5 264.1 259.1 254.1 248.1 240.4 234.6 228.6 226.7 223.5 216.3 215 212.4 209.7 207.9 207 206.6 203 199.5 193.3 184.8 180.8 178.3 175 165.1 164.7 165 164.6 163.8 164.9 170.4 173.6 176.7 178.7 180.9 180.9 177.7 175.7 171.8 168.4 171.2 173 173.2 172.6 172.1 172 171.8 170.6 165.4 157.5 150.1 146.6 144.7 144 143.2 138.9 134.5
376.2 367.7 354 340.9 322.3 315.4 309.1 305.7 304.1 304.6 304.7 304.5 304.6 302.2 298.6 294.6 291 287.6 284.1 279.8 275.8 271.9 267.1 262 255.6 245.9 237.6 232.6 223.4 222.6 220.2 212.6 211.2 209.1 207.6 209.2 210.5 210 206.8 199.8 194 188.8 184.2 181.5 178.5 165.9 165.4 166 165.6 165.4 167 172 176.4 179.8 183.1 184.8 185.4 184.9 182.8 180.9 178.9 177.6 178.5 179.7 179.9 180.8 181.8 181.7 180.8 176 166.3 157.6 151.2 147 144.8 143 141.9 140.7
375.2 363.1 348.2 326.2 319 313.1 312 310.4 308.5 309 308.2 307.5 305 300.9 297.2 293.8 290.7 287.6 284.6 280.6 275.1 269.2 264.1 258.3 253.1 243.7 236.8 228.6 222.4 219.5 216.2 215 214.8 213.2 215.6 217.4 214.6 212.9 209.1 202.2 198.2 190.6 186.2 183.4 180.1 166.7 166.9 167.5 166.5 166.2 169.1 173.1 177.5 182 184.6 187.2 189.4 187.8 185.3 184.1 184.4 185.6 186.5 188 187.2 186.7 186.2 187.2 187.2 181.7 175 166.1 154.5 149 147.8 144.1 142.8 138.8
371.9 352.6 332 322.3 318.8 315.7 315 313.7 313 313.2 310.8 307.8 303.8 301.2 297.7 294.6 290.1 285 281.3 276.5 271.1 265.7 261.3 257 252.2 243.5 237.5 231.7 225.1 221.8 219.4 218.6 219.2 219.8 223.5 223 219.4 214.8 210.8 204.9 200.9 195 189.1 185.1 181.6 168 168 168.1 168 168.5 173.3 176.4 178.9 181.8 182.6 185.9 187.7 186.8 187.9 188.6 190.2 191.8 193.9 194.4 194.9 196 199.4 196.5 192.1 183.8 175.4 165.2 155 153.8 153.2 151.5 148.7 142.3
354.1 335.1 323.9 320.4 317.6 317.3 317.2 316.6 316.7 315.1 311.3 307.9 303.8 301.1 298.1 294.2 288.7 282.6 277.8 273.4 268.2 263.3 259.9 256.8 253 249.3 243.8 236.9 230.9 225.4 223 222.3 223.8 226.1 229 225.2 219.5 215.1 211.2 207.6 202.7 195.4 189.8 185.4 178.3 168.8 169.4 168.9 169.4 175.4 181.1 185.4 184.8 182.7 182.3 183.6 186 188.2 192.2 195.4 197.2 198.5 199.2 197.7 195.7 194.8 194.6 190.1 185.4 178.9 168.9 159.8 159 157.6 155.7 154.6 151.6 145.5
341.2 322.4 319.4 318.6 320.1 320.4 319.1 318.2 314.4 312.3 309.5 307.3 305.5 302.6 298.4 293.2 287 280.8 275.5 271.2 265.6 262.6 259.1 256.5 253.9 250 245.9 240.5 233.6 229.5 227.1 226.3 228.2 228.5 229.7 226.6 222.2 215.3 211.7 208 203.8 197 191.3 185 174.1 169.8 171 171 175.2 180.3 186.4 189.7 187.5 184.9 184.9 186.1 190.6 194.9 199.2 202.2 203.6 201.9 201 198.4 194.3 191 187.1 183 178.9 173.4 168.9 164.9 161 158.7 155.8 151.6 146.3 145
324.8 317.9 317.7 318.2 320 318.6 316.2 313.6 310.5 309.1 306.4 304.3 302.1 299.8 295 290.2 285.7 280.9 272.8 268 263.1 260.7 258.4 255.7 253.1 249.8 244.9 238.5 234.6 231.3 229.7 229.6 229.3 226.8 226 224.8 222.2 215.3 211.8 208.2 203.2 197.9 192.2 187.3 176.6 170.8 171.8 179 182.9 184.2 189 189.3 186.8 186.6 188.3 194.5 201.1 206.5 209.2 209.1 207.3 203.9 200.4 196.1 191.9 186.7 181.6 178.4 177.1 172.5 168.7 164.7 162.1 160 159.6 156 154.3 150
316.9 315.9 316.4 315.6 313.6 313 311.4 308.5 306.5 305.7 303.8 302.1 299.9 297.6 293.7 287.7 282.6 278.5 272.3 267.4 262.3 259.5 257.1 254.9 252.5 250 245.3 234.9 231.6 229.3 227.1 226.5 225.3 223.7 222.5 221.1 219.9 215.2 210.6 206.7 200.7 195.7 191.9 186.7 173.8 172.9 174 185.1 187.7 187.7 188.7 189.8 192.7 199.2 204.3 210.3 212.6 213.9 214.6 213.6 211.5 206.3 200 196.7 194.1 187.5 181.9 178.5 176 171.8 167 164.8 163.5 162.9 161.6 159.3 156.6 152.7
311.5 313.2 313.9 311.4 308.9 307.2 305.5 304 303.6 302.5 301.2 299.4 297 294.6 291.5 285 279.8 275.7 273 267.6 263.1 259.3 256.5 254.1 251.6 248.7 243.4 236.2 233.5 231.8 228.2 223.6 223.3 221.1 219.9 218.8 218.1 214.2 207.9 203.6 200.5 195 190 182.8 174.2 173.8 180 187.5 188.1 189.5 193.1 197.2 201.8 206.8 210.4 213.7 216.4 217.5 218.6 217.9 214.3 209.8 202.9 199.3 196.7 191.4 184.7 180.8 179.2 176.6 171.8 168.9 167.8 166.9 165.6 163.3 160.9 155.7
292.4 309.3 310.2 307.7 305.4 302.9 300.9 300.1 299.6 298.6 297.4 295 293.3 290.8 287 282 276.9 274.6 272.3 268.2 263.7 259.4 256.5 253.8 250.9 248.6 244.3 241.5 239.3 236.7 233 226.9 220.8 218.5 217.6 215.3 213.4 209.9 203.8 199.9 196.8 193.4 185.8 180 175.7 178 185.1 187.3 188.4 189.5 194.1 199.9 203.7 207.5 211.2 214.8 216.9 217.3 217.1 217.1 212.4 208.8 205.7 202.2 198.3 193.2 188.4 184.3 182.6 180.9 177.5 176.4 175 170.3 168.5 166.7 163.1 159.2
281.2 285.3 303.5 305.9 303 300 297.6 295.9 295.4 295 289.9 290.3 289.2 285.7 282 279.3 273.6 271.7 269.9 266.7 263.1 258.2 254.2 251.6 248.5 246.5 246.7 246.2 243.7 240.5 235.7 229.9 221.4 215.3 214.5 213.3 211.5 208.5 201.3 198.4 195.1 189.2 180.4 177.6 176.9 182.2 187 189.7 192.2 194.3 199.8 201.9 204.2 207.8 210.8 212.5 213.5 213.8 213.8 212.9 209.6 206.7 204.8 202.6 199.3 195.6 191 187.3 186 184.7 183 180.7 178.4 174.7 171.4 169.7 165.6 162.4
289.1 283.6 275.5 287.2 299.1 298.4 294.7 293.1 290.8 288.7 285.3 285.3 284.7 281.3 277.5 274.6 271.3 268.9 266.9 264.2 261.2 256.9 251.2 248.4 246.8 247.3 249.4 249.8 245.7 240.8 235.7 228.7 220.1 213.6 211.4 210.2 208.5 206.9 200.5 196.9 192.3 183.1 179.7 178.8 178.2 185.9 189.4 193.1 194.5 199 202.2 204.2 204.6 206.2 208 209.3 209.9 210.3 210.7 209.2 207 206.6 206.1 204.7 201.6 196.7 193.9 190.4 189.3 188.1 186.6 184.1 181.8 179.3 177 175.3 173.1 168.9
302.7 300.6 285.6 274.8 270.4 276.9 286.5 286.9 286.3 282.7 280.5 280.6 279.1 273.4 271.7 270.5 267.9 265.7 263.3 261.2 258.3 255 249.5 247 244.7 246.8 249.5 248.7 243.1 238.7 234.2 227.4 219.4 214 209.4 207.3 204.9 203.3 197.5 194.9 188.8 183.3 180.4 178.3 180.6 188.7 192.4 197.3 200.2 202.7 204.8 206.6 206.9 206.4 206.1 206.5 208 208.9 209.1 208.9 208.7 208.8 208.8 208.3 204.5 199.9 196.6 193.7 192.8 191.4 190 188.3 187.9 187.5 188.8 188.7 185.5 180.5
307.2 306.7 305.3 301.4 294.8 281 267.4 272.6 279.4 275.9 274.7 274.7 271 268.2 266.4 265.1 263.5 261.1 258.8 257.2 254.5 251.2 246.7 244.4 242 244.9 246.3 244.4 240.9 236.3 232 226.3 221.6 216.8 211.4 208.8 209.5 208.7 206.5 202 196 185.3 180.7 178.9 186.2 191.4 195.1 199 202.6 205.6 207.7 209.5 211.3 210.8 208.7 208.6 210.4 210 209.7 210.4 210.8 211.1 211.3 210.5 206.9 203.8 201.9 201.3 200.2 198.3 198.3 199.1 201.1 202.5 199.1 194.3 190.1 185.1
310.5 310.5 309.6 306.4 296.7 289.1 283.3 269 259.9 264.8 268.9 268 265.3 263 261.5 260.6 258.8 255.8 253.3 253.1 251.3 247.8 244.4 242.4 238.8 242.4 242.7 240.7 236.6 232.6 229.2 224.9 221.4 217.5 213.3 211.8 212.7 211.2 208.2 203.2 194.4 185.1 181.8 181.6 189.4 194.4 197.6 200.7 205.5 208 210.2 211.8 214.2 214.3 212.3 213.7 214.1 213.2 212.9 213 214.8 214 213.7 211.9 209.5 209.6 209.1 210.2 209.4 209.7 212.3 211.1 210.7 205.2 200.6 195.5 192 186.6
314.2 315.1 314.6 309.6 302.1 295.4 286.1 280.9 272.1 256.7 256.6 259.8 254.9 253.9 253.1 253.6 250.7 245.2 245.4 247.1 246.7 244.1 241.1 238.3 235.1 239.3 239.7 237.3 233.7 230.2 227.1 223.6 220.3 215.5 212.8 211.4 211.6 207.6 202.9 199 188.7 184.2 184.2 182.5 192.3 195.7 199.4 203.2 206.8 209.4 212.1 214.1 217.2 216.7 216.3 217.1 217.7 218.2 219.2 220.9 221.3 220.9 220.2 220 219.8 222 222.6 222.6 219.4 216.9 216 215.5 214.2 207.8 204 200.1 196.3 190.5
311.8 314 314.4 311.2 305.3 298.3 289.1 284.2 278.1 272.1 261.5 256.3 253.5 249.7 245.3 241.7 242.3 242.1 234.8 233.5 230.1 230.4 232.2 232.1 230.8 235.8 236.5 234.1 231 227.8 225.1 220.6 218.2 211.9 209.5 207.7 204.6 196.3 191 189.3 187.1 186.8 185.9 184.4 192.3 196.3 199.9 203 207.5 210.4 213 217.2 218.7 218.5 220.4 223 224.5 225.9 231.2 235 236.5 234 232.8 233.1 232.7 232.9 230.6 226 221.2 218.9 216.3 214.4 213.2 211.2 208.3 204.5 199.8 193.6
311.5 312.1 312.2 312.1 308.3 301.3 293.4 287.4 283.2 277.7 276.9 270.2 266.8 264.2 262.6 263.4 261.9 260.5 255 246.7 238.8 233.4 227.7 222.6 220.9 225.8 230.3 230 226.9 224.3 221.2 217.6 215.8 210.9 202.2 197 199 202 200.1 195.5 191.1 188.5 187.2 185.3 191.6 195.9 201.1 207.4 211.8 212.7 213.6 216.6 218.2 221 223.5 227.1 231.2 237.6 242.4 245.7 245.9 242.4 241.6 240.2 237.4 231.1 225.7 223.2 220 217.4 214.3 211.3 209.2 208.3 206.9 203.2 198.8 194.4
311.5 311.3 310.7 310.1 307.1 301.8 296.9 291.8 286.6 283.2 280 276.4 273.3 271 270 269.7 267.9 263.8 259.4 254.6 248.4 241 235.1 230.8 223.8 218.9 217.8 221.2 221.3 220.3 217.6 214.8 212.1 201.1 202.3 207.5 207.2 207.5 206.3 202.5 194.8 191.3 187.2 186.8 190.4 199.2 207.7 211.9 212.2 213.4 214.6 216.4 220.2 223.1 229.5 233.6 237.9 241.8 248.3 247.3 245.8 243.1 238.8 230.3 223.8 222.3 221.4 220.6 216.8 214.2 211 208.2 206.4 204.1 202.7 199.1 195.5 193.9
312.1 312 311 307.4 303.2 297.8 293.4 288.4 284.3 281.1 277.3 273.4 271.2 268.7 269.2 269.9 268.6 264.2 258.5 254.6 249.2 243.6 236.2 230.4 227.1 224.2 218.2 215.5 212.8 215.3 213.7 210.4 205.7 207.4 210.8 211.1 210.8 210.9 209.8 207.1 199.1 193.2 189.9 188.3 198.1 215 217.9 217.7 217.2 217.3 218.8 228.6 230.3 237.1 240.4 242.6 241.4 244.9 245.1 244.2 243.5 235.2 224.9 219.2 219.3 215.8 217 215.7 213.7 209.5 207.2 205.1 202.9 199.1 196 192.7 188.8 186.6
316.8 313.9 311.7 307 301.9 294.2 289.4 284.8 281 277.7 274.1 270.4 268.4 267.8 268.1 269.1 266.3 262.3 256.1 252.7 248 240.9 232.1 227.9 225.8 223.6 220.9 216.3 214.5 211.6 208.9 207.3 210.1 213 214.4 214.8 214.2 214.4 214.2 212.5 204.4 197.1 191.6 189.5 215.3 220.7 221.6 226.4 226.2 228.5 239.1 249.2 249.3 248.9 250.1 249.3 245.3 241.4 236.9 236.5 224.9 214.5 210.9 210.8 209.9 210.9 209.7 209.8 207.4 203.5 203.9 202.3 198.3 195.7 191.4 184.7 182 178.2
319.4 315.4 311.5 306.4 299.4 292.1 285.8 281 277.8 274.4 271.5 269.7 268.3 267.8 267.3 265.8 261.3 258.5 252.9 250.8 246.1 239.9 231.3 227.3 225 222.2 220.3 218.2 215.7 211.3 210.7 209.8 213.2 216.1 218 218.6 218.4 219.7 219.8 215.1 208.8 199.8 192.1 192.4 220.9 227 230.4 232.8 238.7 245.8 254 254.6 250.8 247.1 246.3 241.1 232.7 226 220.2 214.2 207.6 203.2 201.7 200.3 200.2 199 198.4 197.9 196.4 196.1 195.9 191.4 187.5 183.4 179 173.9 166.1 167.5
319.7 315.8 310.6 305.1 297.5 290.5 281.7 277.7 274.9 273.1 271.6 271 270.9 270.8 270.1 268.4 264.4 259.1 255.6 251.3 243.7 236.6 237.2 228.3 227.6 225.6 222 216.9 212.5 211.2 210.3 211.7 215.3 217.6 219.6 222.9 223.8 224.8 223.8 218.8 210.2 197.6 191.7 206.9 228 234.7 239.9 245.2 246.4 247.8 247.6 245.2 239.5 236.9 234.4 227.7 220.6 216.8 212.1 207.1 202.5 199.5 197.9 196.9 193.9 191.8 190.3 186.7 186 184 183.2 184.2 186 186.5 180.7 176.1 170.4 164.8
319.2 313 308.2 303.4 298.8 290.1 282.6 276.2 273.7 272.6 271.7 273.1 274 274.2 273.5 270.2 265.7 259.4 255.7 252.3 246.1 241.4 239.5 233 232.9 230.5 225.5 218.6 213.5 211.5 210.4 212.6 215.9 218.9 222.2 225.2 225.9 225.1 222.3 216.3 206.3 195.6 208.8 225.2 233.7 237.8 240.9 243.8 245.9 248.6 244.9 242.1 239.5 236.5 230.6 226.3 220.6 215.3 210.1 204.9 202.1 199.2 197 194.8 192.1 189.7 190.6 193.5 192.9 191.1 190.4 190.2 190.2 190 187.1 182 175.3 167.8
318.3 311.4 307.1 301.3 296.5 290 285.1 278 273.7 272.9 273.9 275.3 276.5 276.7 274.8 271.7 266.6 261.8 257.2 254 246.3 242 238.3 238.3 237.4 233.6 228.7 225.5 220 218.4 211.4 212.5 215.9 218 220.4 222.7 222.1 220 217 207.1 197 199.1 224.8 230.4 234 237.6 240.6 243.6 246 247.9 244.2 241.5 239.1 236.5 229.6 225.3 218.7 215.2 212 208.8 201.9 198.8 196.1 194 191.3 193.8 196 197.1 197.5 195.4 195.3 195.2 195.2 193.3 190.3 186.7 175.4 167.7
316.5 309.7 304.6 298.6 293.1 289 285.2 279.1 274.4 275 276.7 277.9 279.1 277.2 274.9 272.7 269.8 264.4 259.1 252.2 246.9 242.1 241.7 242.6 240.1 234.9 230.6 227.7 225.1 222.2 216.5 212.7 215.1 216.8 217.9 216.5 214.2 208.3 202 199.5 204.8 207.3 227.9 233.2 236.4 239.2 241.3 243.3 245.4 247.4 245.1 242.4 240.1 235.3 230.4 223.4 216.7 213.4 211 208.3 202.4 199.8 196.1 193.5 193.1 195.9 198.6 200 200.8 202.1 202.1 201 198.8 196.3 193.5 188.8 178.1 166.3
315.7 308 301.7 296 291.4 287.7 283.8 280.9 277.1 276.6 278.7 280.5 278.4 275.7 273.1 270.9 267.6 262.1 257.5 253.4 249.8 243.6 243.4 243.1 240.8 236.8 232.9 229.8 227.5 225.4 222.2 218.4 215.4 215.5 211.6 207.6 205.1 203 206 214.7 224.2 221.9 224 234.8 237.4 239.5 241.3 242.4 243.8 244.3 244.4 241.9 238.8 234.1 228.4 221.7 217.8 215 212.7 208.7 206.2 203.8 200.2 196.1 194.8 196.8 199.9 203.5 204.9 206.5 207.3 205.7 202.9 200 196.8 190.7 177.4 169.8
315.9 307.1 301.3 294.1 289.6 285.7 282.6 279.8 278.1 277.6 278.5 278 276 273.5 271.3 269.3 267.3 260.2 256.8 253.5 250.2 250.2 248.7 246.2 243.6 239.9 235.1 231.8 229.4 227.4 224.5 221.6 217.1 213.5 208.8 206.8 212.3 211.8 217.3 225.8 229.7 230.4 230.5 232.8 237.2 238.4 238.7 239.3 240.5 239.7 240 237.6 236.3 233.7 229.8 225.4 222 219.3 215.8 211.8 209.2 204.7 202.1 198.6 195.7 197.8 203.1 207.7 208.6 209.4 211 210.1 206.9 203.7 199.2 192.3 174.9 175.1
317.6 307 301.7 296.2 288.5 283.5 280.1 277.1 275.4 274.4 275.8 275.1 273.4 271.1 269.4 267.4 265.3 259.4 255.9 253.5 252 253.2 252.6 250.6 245.8 242.6 240.2 237.9 233.4 230.2 228 223.6 218.6 211 214.4 220.8 222.4 224.6 224.9 230.3 233.3 235.2 234.4 231 234.7 235.3 235.6 236.5 235.8 235 235 234 233.6 232.5 230.2 226.7 222.6 219 212.7 208.3 206.7 203.6 201.6 199.3 200.6 204.3 212.3 211.7 211.5 212.3 214.6 214.4 210.2 205.3 197.5 182.7 179.5 185.6
315.8 309.4 303.1 301 290 287.2 285.1 281.7 278 273.8 271.3 271.7 271 269.2 267.5 265.5 263.4 260.1 255 253.1 254.2 256.5 256.7 253.1 249.5 245.1 242.2 241.5 237.6 233.1 228 221.6 217.4 213.2 222.5 225.3 227 229.6 231.2 233.6 236.3 238.2 237.5 234.8 237.2 237.1 236.6 235.9 235.9 235.5 231.8 231.5 230.9 229.5 227.9 222.6 218 214.6 217.9 218.1 217.6 215.1 208.6 204.5 206.4 211.9 216.3 214.8 215.1 217.9 216.9 212.4 208.7 202.8 188.1 181 189.4 194.9
317 312 308.4 301.3 294.4 291.7 288.7 287.2 284.2 278.6 271.7 268.4 268 267.3 265.6 263.6 261.9 256.9 253.4 253.8 256.2 258.6 258.6 256.4 254.5 251.5 247.7 245.7 243.6 237.4 230.8 221 216.7 221.1 228.2 231.7 232.7 232.8 235.4 236.5 238.4 239.3 238.6 239.3 239.3 239.1 238.2 237.3 237 236.8 234.7 232.9 228.5 225.7 222.1 217.4 222.7 223.6 224.5 225 224.4 222.9 219.1 214.1 216 218.5 219.8 220.9 221.2 219.2 214.8 209.2 202.2 190.7 181.7 192.9 198.1 203.2
317.6 313 308.3 300.2 296.3 294 291.6 288.8 284.8 280.1 270.2 267.2 264.7 264.6 263.6 260.9 258.6 255.9 251.9 253.7 255.4 257.3 256.8 255.4 255.4 253.3 251.7 250.6 245.4 242.2 233.1 221.6 219.5 229.1 231.5 235.1 237.3 238.3 239.1 241 240.9 240.8 241.1 240.9 241.4 241.2 240.9 240 239 239.3 236.1 234.2 232.3 225.7 220.1 219.8 225.4 226.5 228.2 228.3 228.4 226.5 222.4 218 222.9 224.7 223.9 220.4 217.7 213.8 209.2 193.1 188.6 188.8 192.3 200 205 210.6
319.3 314.2 308.8 302 298.2 295.1 292.4 289.7 284.9 279.3 269.6 265.5 263.1 262.3 260 257.3 256.9 252.6 250.6 251.6 253 254.3 253.7 253.1 252.3 250.6 248 247 243.4 239.2 226.8 219.5 230.6 232.9 235 237.9 239.7 240.7 242.4 245.1 245.4 244.6 244.6 244.4 244 244.7 244.9 243.9 242.3 241.3 238.1 236.7 234.5 231.8 221.9 219.5 221.4 223.5 225.1 226.9 227.8 225.4 223.4 222.8 228 223.3 222.9 222.7 215.3 202.7 200.4 202.7 192 203.6 206.3 208.4 212 216.3
323.5 315.9 310.5 305.2 300.7 297.4 294.2 289.2 281.9 275.8 269.8 266.7 264.5 262 260.6 258.5 254.7 252.7 250.1 248 251 251.8 251.4 250.4 249.3 246.5 244.8 242.5 239.6 234.2 222.7 231.8 233.8 236.2 237.9 240.1 241.4 243.4 245.4 247.9 246.9 245.7 246 246.5 247.4 247.8 247.2 246.2 244.7 243 241.4 239.9 236.3 232.8 225.9 220.8 221.4 222.5 223.9 226.8 229.1 227.4 224.5 223.1 220.1 220.4 221.6 212.4 203 208.3 209.8 206.6 206.3 210.2 213.4 216.9 221 225.7
