app/static/ascii/SJ01.asc
ncols 200
nrows 200
xllcorner 300000
yllcorner 310000
cellsize 50
[rows 70 to 104 of 200, columns 78 to 155 of 200]
268.6 267.4 267 266.3 264.6 264.4 263.3 264.2 261.4 255.3 253.4 251.2 248.7 248.9 248.3 247.8 245.7 238.4 235.9 240.2 233.7 225.3 223.6 223.1 208.6 214.5 228.9 225.5 221.2 211.8 210.9 218.3 219.3 224.7 227.7 229 233.3 230.8 237.9 241.1 239.4 241.7 240.8 242 239.9 239.3 237.9 237.7 237.7 237.7 241.3 245.2 249.8 253.7 256.2 256.4 252.5 247.9 246.4 239.4 235.9 232.5 235.3 237.5 239.1 241.2 240.2 243.7 242.1 239.8 246 256.6 269.4 276.8 281.8 285.7 288.2 289.7
270.9 271.3 271.2 271.2 271 270.5 270.7 269.1 265.6 260.3 258.1 257.9 254.5 253.9 252.8 251 246.5 238.3 226 227.6 217 212.8 212.8 216.6 207.2 213.6 226.4 225.7 213.8 208.9 207.5 210 216.2 222.3 223.6 222.4 225.1 230.5 232.8 238.7 237.9 237.8 239.8 240.1 240.1 237.7 237.7 237.7 237.7 242.9 247.3 250.8 255.3 259.5 260.4 262.9 262.7 259.5 258.1 255.3 244.5 239.7 237 231.7 227.1 230.9 232.6 230.2 225.1 229.6 238.2 245.6 255.5 266.4 274.3 278.8 281.5 283.3
269.9 270.1 269.8 270.4 271.3 272.1 272.4 271 270.1 265.9 266.4 263.6 261.1 259.9 256.4 249.6 241.8 234.6 227.4 220.6 215.1 208.1 207.8 208.3 204.1 208.3 219.5 213.2 206.9 205.8 204.8 205.4 208 212.9 214.6 220.4 225 227.3 233.1 239.9 242 238.9 241.3 241.6 238.9 235.9 241.7 240 245.1 250.2 254.9 259.4 262.3 265.9 266.4 268.3 272.2 270.6 269.9 267.5 258.9 249.3 242.7 234.5 222.1 220.6 224 220.5 217.4 221.7 232.8 239.5 245.5 254.4 265.8 270.4 273 274.2
266.3 266.7 266.9 267.9 268.5 269.3 270.8 272.2 274 274.2 273.2 271.5 267.5 261.6 253.5 246.1 238.3 233.8 227.2 221.1 216.9 207.4 205.9 206.1 202.9 203.8 209.3 205.2 204.2 202.7 203.8 205.6 206.2 208 209.6 217.2 223 226.7 231.1 235 235.3 234.1 234.7 233.9 235.8 239.8 245.1 248.2 250.7 255 259.9 267.3 270.4 272.6 275.4 276.8 280.6 278.7 279.2 274 266.7 258.5 249.9 241.4 231.3 218.5 215.3 214.2 213.7 216 229.7 237.3 241.3 246.9 254.4 260.5 265.5 269.4
262.6 262.8 263.3 264.6 265.4 266.5 268.5 269.7 273.5 279.1 276 270.7 265.1 258.1 247.8 243.3 236.9 230.9 228.6 220.5 215.5 208.4 205.5 204.7 202.4 202.6 203.4 203.5 202.8 202.2 203.9 205.8 206.6 209.8 213.6 219.1 225.1 229 229.4 230.6 236.8 240.1 241.1 244.5 243.6 245.6 248.4 253.2 255.5 259.3 266.4 271.2 277.1 280.8 283.5 287.8 290.6 288.8 284.8 278.5 270.2 261.7 255.7 248.7 238.8 227.3 218.3 212.2 211.1 213.7 223.9 232.9 240.8 247.1 254.7 260.9 265.2 266.2
258.4 258.7 259.9 260.7 262.1 263.6 265.7 267.2 270.5 272.3 270.6 264.7 261.1 254 248.6 239.1 233.9 229.3 223.5 221.3 214.4 211.5 208.2 205.1 201.9 201.9 202.1 202.4 202.3 202 203.8 205.8 212.4 219.4 223.3 228.1 232.5 234.6 238.4 238.6 244.8 246 243.4 245.9 248.2 249.1 251.3 253.8 256.7 259.9 264.8 269.9 274.9 279.7 284.1 287.2 287.5 285.3 281.6 275.7 267.3 260.6 255.5 250.4 242.6 233 229 222.8 210.2 211.1 220 229.5 238.9 247.7 255.9 263.2 267.8 263.3
252.7 253.4 256.3 256.9 258.8 260.7 261.8 263.2 265.3 266.5 264.5 260.3 256.5 247.4 241 235.7 232.1 221.6 219.1 217.5 213.5 212.4 211.7 208.7 199.9 200.6 200.9 201.2 201.5 202.3 203.7 208.8 219.2 228.7 227.9 231.1 237.2 242.6 242.2 243.4 247.5 248.4 248.3 250.4 252 253.8 255.7 258 258.2 260.2 264.2 266.3 271.2 277.2 280.9 283.9 284.3 282.8 279.6 275.2 269.7 262.9 254.9 247 240.7 235.1 230.9 225 212.2 209.1 219.8 227 236.1 244.6 253 258.6 260.7 256.6
246.6 252.3 252.6 252.3 255.4 256.5 257.4 258 259.2 259.9 257.8 255.9 253.9 243.9 238.1 233.2 225.3 219.1 216.7 215.1 212.5 211.5 211.4 210.9 208.8 199.5 199.8 200.1 200.3 202.2 204.6 211 219.9 228.5 229.4 232.4 238.2 243.5 243.8 247.8 252.8 250.8 252.3 255.7 257.5 258.7 260.8 261.6 262.9 261.1 265.5 269.4 273.5 276 278.8 280.6 281.8 281.9 279.3 275.7 274 269.2 260.2 248.2 237.7 228.5 220.6 217.7 213.6 208.9 217.2 222.9 231.6 238.5 244.3 248.5 260.1 264
247.1 249.7 249 238.4 250.4 251.3 251 251.1 251.3 251.4 250.5 250.8 249.7 241.3 235 227.4 220.2 216.4 214.3 212.1 208.3 208.3 209.8 211.1 209.6 206 199.3 199.4 199.8 202.5 204.3 206.5 205.8 209.5 213.5 218.5 225.5 233.2 235.9 237.8 240.8 245.9 254.8 258.1 260.7 262.6 263.8 263.8 265 265.7 267.2 267.8 270.6 274 276 278.7 281 282.1 282.1 280.8 277.9 272.6 261.7 249 238.3 231.1 224.1 216.7 208.3 207.7 212.5 216 226 235.9 252 263 270 272.1
238.3 241.1 240.9 235.1 239.7 244.9 244.4 245 245.1 245.5 245.7 245.7 243.5 238.6 232.6 224.7 217.3 213.2 210.5 206.3 201.8 204.8 207.8 210.2 210.8 209.2 199.6 198.8 200.7 205.6 209.9 214.5 216 219.4 223.3 226.5 229.1 232 237 241.4 243.9 246.8 248.8 255.9 259.7 262.4 264.1 267.5 270.5 270.4 271.9 272.1 273.4 273.8 275.9 278.5 280.5 281.4 283.6 286.4 280.4 272.5 262.4 253.4 244.7 234.2 225.3 217.9 208.5 206.4 210.1 217.1 227 247.1 262.9 270.5 274.7 275.3
224.1 225.5 226.4 225.4 227.3 231.8 236.6 239.5 241 241.5 241.7 240.7 238.1 234.3 227.9 220 213 209.2 207 200.3 196.1 200.5 203.8 205.4 204.5 202.1 197.9 203.7 210.5 216 220.9 225.5 228.7 230.8 234.4 237.9 242.7 248.2 253.4 256 259 258.2 260.4 257.8 266.3 269.1 270 271.6 271.2 271.1 271.3 271.1 270.5 271 272.1 273.4 274.2 275.7 278.8 282.9 280.1 272.7 263.3 254.4 245.9 236.4 227.4 218.1 211.1 204.7 208.6 216.3 230.7 255.5 268.7 273.7 274.5 273
216.3 214.7 215.4 217 220 223.7 228.2 233 235.6 236.1 236.1 235.2 232.6 228.8 220.7 214.4 208.4 205 204.6 196.2 193.2 193.7 196.2 196.7 196.3 203.3 209.3 218 227.4 236.2 245.7 250.3 248.8 247.6 248.8 250.3 253.9 258.5 264.5 265.8 267.2 268.2 269 268.7 267.6 267.2 271.7 272.4 273.1 271.7 272 266.8 265.8 265.7 266.4 268.3 269.7 272.1 274.7 276.1 276.2 272.1 264.3 257.7 247.2 238.2 225.3 218.7 212.9 203.8 206.3 215 235.4 260.4 270.7 271.5 271.1 267.7
216.3 214 210.8 212.1 216 219.5 220.8 224 228.8 231.1 230.3 229.8 228.3 223.5 217 208.5 204 201.4 199.6 192.5 192.8 194 194.6 197 205 214 225.3 234.2 245.9 255.1 261.2 262.4 262.3 261.7 264.1 267.7 268.2 267 268.8 271.7 272.3 273.1 273.3 273.9 274.4 271.1 272.9 274.9 275.4 276.2 275.8 269.3 265.1 263.1 260.2 263.1 266.1 268.2 270 271.4 271.5 268.1 263.3 257.5 249.8 240.8 228 219.8 210.8 205.4 203.4 211.2 236.9 258.5 261.6 262.6 259.2 252.9
216.4 211.5 207.8 209.3 213.3 217.1 218.9 220.7 223.2 226 226 225.3 221.7 218.4 213.4 202.3 197.5 192.2 191.6 192.6 194.1 194.8 195.4 203.9 218.2 232.4 246.2 255.2 262.6 269.8 273.9 274.8 276.5 277.2 278.9 279 277.3 274.8 274 275.1 276.7 275.9 275.8 276.2 275.1 273 277.8 280 280.2 280.4 280.2 280.1 274.4 267 261.7 260.6 262.4 264.5 265.3 266.3 266.3 263.6 259.5 253.6 244.5 239.3 233.4 222.4 210.9 203.2 201.8 204.8 225.2 238.5 243.2 243.3 238.9 233.5
216.4 209.4 205.9 207.6 209.7 213.7 216.5 217.8 219 219.4 220.6 220.4 215.9 212.1 200.5 191.9 190.6 190.8 195.5 196.1 195.9 197.4 201.5 213.4 230.5 244.3 254.6 262.3 269 277.3 283.4 286.8 288.9 289 287.6 284.9 281.7 277.3 277 279.7 280 278.6 277.7 276.5 273.8 276.4 281 285.4 286.9 287.2 287 286.1 281.9 273.6 267.4 264.1 261.9 259.6 260.8 260.8 259.1 256.9 253 246.6 241 234.8 228.9 221.3 212.6 205.1 201.4 200.7 205.3 214.1 220.4 221 221.5 225.8
219.5 211.6 205 205.6 208 210 212.3 213.3 214.8 213.5 214.1 214.6 208.4 198.9 188.6 196.6 198.6 201.5 202.5 200 198.7 200.9 213.4 222.1 235.4 248.5 259.3 267.5 276 282.9 286.6 288.6 287.5 289.5 288.4 283.9 280 275.5 274.8 277.5 279.3 275.8 276.4 273.6 275 279.3 285.3 290.2 292.5 293.7 292.6 291.2 288.6 279.8 272.7 268 264.1 258.8 250.1 248.3 249.9 247.4 243 237.1 233.7 227.4 222 215.6 209 204 201.3 200.1 200.6 204.2 208.2 213.2 221.6 231.6
221.4 214.4 208.3 203.9 203.6 207.2 208 208.3 209.1 208.9 208.5 206.2 202.2 192.3 192.7 199.1 201.5 205.8 208.1 206.9 203.3 207.4 221 234 244.7 256.6 264.9 273.8 279.7 281.4 281.6 286.1 284.8 284.5 280.2 274.5 275.1 272.1 270.5 273.4 271.5 272.5 273.1 271 274.2 280.6 285.8 289.7 295.3 298.7 300.6 300.1 294.5 284.3 274.5 268.7 264.6 259.3 255.4 244.9 241.9 237.1 228.2 225.5 223.6 217.9 214.5 210.3 206.7 203.6 201.4 199.7 199.1 201.7 204.2 213.4 225 230.7
225.4 220.9 211.5 205.2 199.8 203.7 204.7 204.3 204.7 205.1 205 202.5 194.2 186.7 195.8 199.9 204.7 209.4 212.9 212.5 208.1 211.4 219.5 237.2 249.8 259 269.3 276.8 279.1 279.5 281.3 282 277.1 275.7 267.8 266.7 266.3 263.8 265.3 269.5 267.9 267.6 270.2 268.6 271.4 277.7 282.1 285.4 290 292.7 295.1 297.2 293.9 284.4 277.7 270.1 264.5 260.4 257.9 254.4 249 242.6 237.3 234.6 227 220 216 210.5 205.5 203 201.2 199.1 198.1 199.5 201.1 212 220.1 226
227.6 223.4 216.8 208.9 204.4 199.7 197 198.6 200.3 200.6 197.2 189.6 185.3 189.1 197.4 203.9 209 214.9 217.9 215.9 213.4 216 224.4 242.2 255 260.3 265.9 272.5 273 270.2 267.2 266 262.1 258.1 255 255.7 256.5 256.5 258.2 261.5 258.9 260.5 263.2 262.5 269.6 273.7 277.5 280.5 284.2 287.1 289.1 290.2 287.4 282.3 275.3 271 267.6 265.9 264.3 260.8 256.1 248.1 245.7 240.9 232.9 228 225.8 220.1 211.5 204.9 202.3 200.4 197.5 198.1 201.3 208.6 218.4 222.6
227.5 225.5 221.1 213.3 208.8 205.2 200.7 197.6 188.1 190.8 181.9 181.9 184.6 195.7 201.1 206 210.5 217.1 222.7 224.9 226.6 232 228.6 238.6 250.4 258 265.8 268.5 266.4 262.2 259.4 256.3 252.8 249.6 250.3 254.1 254.6 254.7 253.8 250.5 249.3 251.2 254.2 256.1 261.6 267.9 271.1 274.3 277.5 279.4 280.9 279.6 278.7 275.8 274.2 273.2 271.4 269 266 262.9 258.3 254.2 251.9 247.9 242.1 238.3 234.6 228.2 221.6 213.3 207.9 203.5 198.9 197.2 200 205.8 212.4 207.4
222.8 221.3 218.3 213.7 207.5 202.3 196.4 190.9 185.4 180.7 182.1 183.9 187.7 197.1 200 207.5 213.5 219.7 227.4 233.9 239.7 246.9 252.9 253.6 248.4 253.3 260.2 259.8 258 255.5 254.2 252.9 250.1 245.8 246.5 252 252.2 250.2 245.5 252.7 253.2 256.9 259.4 261 263.4 265 267.5 272.1 274.4 275.4 274.7 274 271.5 272 272.1 271.3 270 267.8 265 261.4 257.6 254.6 253.1 250.8 246.7 244.6 241.2 236.3 230.5 222.6 214.1 208.8 204 195.8 197.8 200 201.3 215.5
218.4 215.6 212.4 204.3 197.3 194.5 188.7 177.6 179.7 180.8 184.7 188.7 188.1 189.1 196.3 207.4 218.5 223 226.8 231.3 234.9 241.4 247.5 252.3 252.1 253.9 255.8 252.5 250.7 248 247.3 246.6 244.6 241 238.9 244.9 243.8 245.9 240.1 246.9 250.4 255 257.1 260.2 263.5 264 265.3 267 270 272 271.8 271.5 269.7 270.3 270 269 267.2 265.4 262.6 257.9 255 253.7 252.3 250.6 248.1 246.8 244.5 240.1 234.9 226.7 218.9 213.4 207.4 198.8 195.2 201.2 206.8 216.8
215.1 211.6 206.7 198.7 190.1 185.6 177.5 185.1 190.8 196.3 198.8 197.3 192.2 189.6 194.1 202.2 208.7 220.5 224.9 231.3 234.9 243.4 255.7 256.7 254.3 259.6 256.5 251.6 249.4 245.3 242.9 233.8 235.8 235.6 235.4 236.3 231.8 234 237.6 242 241.2 248.1 250.8 253.2 257.7 262 265 267.3 269 270 270.2 269.6 269.1 267.7 265.7 263.1 262.5 260.1 256.7 252.7 249.6 247.6 246.3 245.4 243.5 241.6 240.2 234.5 229.8 225.4 221.2 216.6 209.7 202.4 193 196.5 205 214.5
209 206.9 202.9 195.2 185.9 178 174.4 189 193.4 199.8 204.7 202 197.7 195 192.7 202.6 215.8 224.4 226.9 230.2 232.9 242.9 249.8 249.1 250 251.9 248.2 242.8 239.3 237.2 238.4 231.4 230.3 235.8 225.7 222.7 239.9 242.8 243.8 245.9 248.3 249.5 252 256.9 261.7 264.4 267.4 269.8 271.9 272.3 272.8 272.2 272.2 271 270 267.5 263.5 258.2 255.2 254 251.2 247.3 243 233.5 234.5 234.1 231.9 226.7 223.9 220.6 217.8 215.3 211 205 200.5 191.4 197.7 208.1
212.6 205.5 200.9 194.3 180.8 174.7 178.5 190.4 193.7 200.4 205.7 203.6 200.9 200.9 197.7 199.2 210.5 219.2 225.1 228.1 230.4 233.8 235.1 235.4 235.9 235.8 232.2 229.9 230.1 232.2 233.9 230.6 223.5 232.8 223.2 232.9 237.6 243.3 247.8 251.2 254.2 255.1 256.7 258.7 262.2 264.6 265.9 268 268.6 269.9 269.9 270.9 271.4 271.5 271.3 269.9 264.5 258.7 253 250.9 249.8 248.1 245.7 241.5 235.8 227.5 218.5 219 217.6 214.2 210.6 207.7 205.7 201.6 200.6 195.1 189.3 205.2
213.7 206 200.3 193.9 184.9 172.8 181.4 189.5 192.7 198.6 201.3 199.9 199 199.8 198.4 195.6 201.9 205.5 204.1 203.4 205.4 209.9 214.3 214.4 215.6 217.8 219 217.7 221.3 224.2 225 223.3 222.7 227 218.3 228.2 237.8 245.7 252.7 256.5 259.5 260.8 262.4 263.4 264.9 267 267.8 268.6 268.3 268.5 267.9 267 266.9 268.5 270.1 268.7 263.5 255.8 249.2 244.6 243.5 242.3 241.6 238.9 234.3 227 220.7 211.1 210.2 208.4 204.5 201.3 199 196.3 196.3 194 188.6 204.7
209.1 201.4 198 193 181.5 172.5 177.4 187.6 192.4 195.3 195.5 193.6 195.2 198.5 198.2 196.3 196.6 197.1 198.1 197.2 193.4 198.6 204.2 205.9 209 210.9 210.3 212.5 214.1 209 209.7 211.5 213.8 219.8 232.7 236.9 244.4 250.5 255.2 259.3 261.8 263.8 265.2 266.6 268.3 269.8 271.4 272.6 272.4 272.7 270.3 268.6 265 263.9 266.4 265.2 261.7 255.9 247 241.5 237.8 237.5 240.2 238 233.8 228.2 222.9 216.2 204.1 201.8 199.2 195.5 192.2 191.1 190.6 187.5 192.8 203.5
200.7 197.3 191.6 188.9 182 170.5 172 185.6 190.2 190.5 189.8 189.6 194.3 198.9 201 201.1 202.3 202.8 201 196.6 191.5 193.3 195.6 198.5 202.1 199.2 201.6 202 207.9 216.6 217.6 217.1 219.7 228.7 237.9 247.6 253.7 258.8 263.7 266.4 267.4 268.8 270 272 273.8 276.8 278.5 279.9 279.3 278.4 276.4 273.5 272.1 266.2 260.8 258.1 254.3 243.6 240.3 237.5 232.5 229 230.6 228.8 227 223.7 219.6 211.3 203 197.6 195 190.7 190.9 186.4 185.7 191.3 197.9 206.6
193.4 190.1 184.9 183.3 175.7 169.5 171.1 184.7 184.5 185.6 189.7 192.2 196.4 200.1 201.7 201.5 201.3 200.1 193.7 189.5 190.5 191.8 192.9 194.6 196.4 203.3 206.1 213.2 218.5 223.4 224.8 225.6 223.9 230.2 237.5 247.5 255.5 262.1 266.9 269.6 271.3 272.2 272.8 275.1 276.8 279.1 280.6 281.4 280.1 281.4 280.1 278.5 275.8 270 264.8 261 255.7 250.5 244.8 240 235.5 231.1 224.7 216.2 214.6 211.7 206.8 201.8 198.1 196 195.3 196 196.8 190.3 184.7 193.9 204 211.7
183.9 182.2 179.1 179.2 173.5 171.6 176.7 178.8 179.2 185.5 190.1 193.9 199.6 204.3 206.8 203.5 201.1 198.1 190.2 188.4 190.1 194.4 198 203.8 204.9 206.3 209.2 213.9 220 226.2 229.6 229.8 228.9 230.5 234.6 241.2 244.5 249.7 256.4 262 266.2 269.4 272 273.9 275.2 276.7 278.3 280.7 282.5 284.7 284.9 282.9 280.9 276.1 271.4 265.4 261.8 257.6 249.9 244 236 230.2 228.9 224.6 209.9 207.2 205 209.5 211.6 206.3 203 201.2 198.6 188.4 183.7 199 205.6 210.6
168.1 170.1 173.5 172.8 168.4 175.8 176.7 177.2 178.5 184.7 190 195.5 201.3 207.1 207.7 203.1 200.5 196 188.8 188 199.2 204.1 209.2 216.9 217.5 218.3 218.7 219.3 222 226.2 229.4 228.9 232.7 241.5 250.3 253.8 257.5 262 266.2 269.1 269.8 270.2 270.7 271.1 270.5 274.1 277.1 280.9 284.7 287 287.5 284.8 281.7 277.6 273.4 267.9 263.6 257.4 249.6 246.8 245.6 244.6 239.8 233.2 222.4 212.8 210.7 211.7 212.6 209.2 203.7 200.5 192.3 187 189.8 197.4 197.2 197
166.7 166.6 167.9 168.2 173.1 175.8 175.4 175.6 178.7 183.7 189.4 194.7 201.6 206.4 204.5 199.4 195.7 187.3 185.4 186.9 194 200.3 201.1 208 211.5 214.3 217.6 221.2 226.6 229.8 228.9 230.7 237 250.7 257.3 261.7 265.9 268.3 270.7 271.9 272.4 271.8 271.2 269.7 270.7 272.1 274.3 277.3 282.9 281.9 282.2 282.3 279.8 276.3 272.4 268.4 265.2 260.3 259.6 260 261.7 261.4 259.9 249.4 232.9 220.9 214 212.6 209.5 205.4 200.4 196.2 193.4 185.5 180.3 180.3 181.4 183
172.2 168 163.6 166.2 173.7 178.1 177.3 176.2 178.9 184.4 190 195.7 200.9 202.7 200.1 191.7 183.2 188.9 193.8 195.4 193.2 194.6 197.6 203.1 214.1 219.3 220.9 222.1 226 231.7 231 228.2 236.9 245.2 253.2 261 266.2 267.2 269.1 270 269.9 269.2 268.1 264.8 267.6 267.9 269.5 272.3 276 276.7 276.8 278.8 278.3 275.9 272.6 267.4 262.9 263.1 266.8 268.4 270.5 270.4 266.9 262 248.3 233.4 223.6 217.6 213.8 207.1 201.7 202.4 202.3 199 199.6 199.6 177.8 186.8
172.9 169.8 167.7 162.5 175.3 181.3 181.6 180.5 182.4 186.1 190.4 195 199.4 199.7 197.2 186.7 181.3 183.3 189.1 194.6 195.6 195.7 195.8 203.8 218.5 222.7 223.8 227.6 225.9 225.1 226.6 224.6 229.2 240 248 254 258.9 260.9 261.3 262.9 264.3 263.6 262.5 259.4 261.6 264.1 265.5 267.9 268.5 270.2 271.2 274.7 276.1 274.1 271.1 268.9 268.9 270.6 273.4 272.2 270.4 271.7 275 260.5 243.7 238.9 234.9 224 216.9 208 201.5 197.8 194.6 192.1 193.4 183.1 175.8 200.5
171.4 169.6 168 166.8 162.7 180.2 185.4 184.2 186.1 189.4 192.1 194.9 197.6 197.5 194.7 187.1 180.5 182.8 188.5 192 195.9 198.4 198 200.3 209.2 213.2 215.3 216.4 216.9 218.5 220.1 221.2 228.1 238 243.5 249.2 252.3 255.8 258.4 259.9 259.9 258.2 256.9 254.5 257.2 259.2 261.4 262.3 262.4 262.5 263.6 266.2 268.3 269.3 269.7 272.3 274.3 276.1 274.7 273 271.7 268.2 262.9 257 251.5 249.1 242.9 230.9 218.2 206.9 199.7 195.4 189.7 185.6 181.6 173.7 197.5 205.4
